0.073509 0.0160425 -0.00115129 0.000260966 0.0102183 0.00400109 0.00448466 0.00397973 0.00262378 0.00271551 0.000149297 1.17113e-05 -0.00198699 -0.00175992 -0.00294666 -0.00180473 -0.00217961 -0.0056324 -0.00144463 -0.00386927 -0.000837693 -0.00601698 -0.00105092 0.00134662 -0.00571285 0.000508963 -0.0043234 -0.00542688 0.000868156 -0.00347742 -0.00286467 -0.00141882 -0.000161866 -0.00158562 -0.00122435 -0.00116148 5.16649e-06 -0.00150151 -0.000826237 -5.92042e-05 0.00445323 0.00500935 -4.74204e-05 -0.000412028 -4.00095e-05 6.81187e-05 0.00108837 -0.00438894 -0.00488307 0.0024772 -0.00320456 0.000316521 -0.00388114 -0.000610014 -0.00339193 0.000780899 -0.00274994 0.0031687 -0.000323667 -0.00230007 0.00191772 0.000953576 0.00194195 -0.00162831 -0.00322997 -0.00334459 -0.00302595 -0.00221143 -0.000574132 -0.00494616 -0.00133141 0.000879171 0.00236999 -0.00240107 0.00124406 -0.00160085 -0.00251415 -0.00247861 -0.00160966 -0.00300725 -0.00339466 0.007265 -0.00522463 -0.00526977 -0.00797288 -0.00218001 -0.00288707 -0.00171819 -0.00166804 0.0013806 0.00083681 0.000756699 0.000250973 -0.00321835 -0.00357464 -0.00181426 -0.000297678 -0.00432626 0.00112508 0.00509873 
0.0160425 0.186446 -0.00640387 -0.00153804 0.0150546 0.000285425 0.00427179 -0.00578801 0.00108626 0.0131013 -0.00308972 -0.0102706 0.00785402 0.00642442 -0.00824764 0.00420077 -0.00188514 0.000965064 -0.00181454 -0.0147885 -0.00311573 -0.00561487 -0.00196106 0.00360288 -0.000411743 -0.00800906 -0.00432185 -0.000999497 -0.00154708 -0.00643247 -0.0061516 -0.000363327 0.00327008 0.00185423 -0.00128278 -0.00310577 -0.00718473 0.000574167 -0.00689117 -0.00335832 -0.00613045 0.00139687 0.0206469 -0.0132613 0.00104234 -0.005935 -0.00889503 -0.00367568 0.00743509 -0.00439847 -0.00505786 -0.00269395 -0.00176448 0.00160066 -0.00174119 -0.00630427 -0.012173 0.0112147 0.00200735 -0.00348468 0.00558338 -9.36389e-05 0.0177025 -0.00640088 -0.0100831 -0.00891139 0.000974951 0.0126568 -0.000795794 -0.0029079 -0.000952453 0.000792751 -0.00226546 -0.00639034 -0.0103922 -0.00172682 -0.00761401 -0.00610072 -0.00841622 -0.00313501 0.00330329 -0.00575977 -0.0173506 -0.00865068 -0.0205342 -0.0104321 -0.0112659 -0.00529547 -0.00519938 -0.0011412 0.00140815 -0.000975601 0.00124243 -0.003967 -0.00292808 0.000252391 0.00389926 0.000103574 -0.00279501 0.00427679 
-0.00115129 -0.00640387 0.167539 -0.00137106 -0.00562052 0.00498034 -0.00362112 0.0041901 -0.00757082 -0.00847944 -0.00526833 0.00533641 -0.0075855 -0.00550506 -0.00424814 -0.0128597 0.0219947 -0.000481799 0.000323539 -0.00923461 -0.00636654 -0.0061692 -0.00480247 0.00492186 -0.0060881 -0.000824889 0.00501872 -0.0078336 0.00188234 -0.00202588 -0.00764452 -0.00703415 0.00136584 -0.00288234 -0.00908757 -0.000317442 -0.00232917 0.0133899 0.00311664 -0.00335876 0.00605284 -0.00621362 0.00767942 -0.0021068 -0.00941447 -0.00803585 -0.000246202 0.000532215 -0.0148176 -0.00738371 0.00286224 -0.00576335 -0.00593755 -0.00377443 -0.00517804 -0.0124115 -0.00371671 -0.00698028 -0.00137951 -0.00215328 0.00994151 -0.00247915 0.00730461 -0.00474733 0.00702259 0.00173538 -0.000187774 0.00287221 -0.0013581 -0.00345297 -0.00370896 0.000725355 -0.00633947 -0.0209679 -0.00677475 -0.000587396 -0.00101223 -0.00122598 -0.00492908 0.00136247 -0.0022223 0.00735671 0.00957487 -0.00284461 0.00641289 0.00600045 0.00537694 -0.00842204 0.00158393 -0.000106143 -0.00621445 -0.00298797 0.000632406 0.00610273 -0.00852967 -0.00255515 -0.000482638 0.00657445 -0.000723291 0.00277201 
0.000260966 -0.00153804 -0.00137106 0.0528461 -0.00331487 -0.00117093 0.0022716 -0.00202003 -0.000733305 -0.00222514 0.00384285 -0.00326509 0.000339705 -0.00154338 -0.000240649 2.23144e-05 0.00192445 -0.00232174 -0.000526175 0.00243204 -0.00260444 -0.00463799 0.00228179 -0.00409703 -0.00303257 -0.00122143 -0.000798435 -0.00327044 -0.000852854 -0.00030627 -0.000880449 -0.00282617 -0.000350095 -0.0002828 -0.00122625 -0.000166072 -0.00128147 -0.00278207 -0.00106027 -0.00251298 0.000221689 -0.00140482 -0.00180939 -0.000695309 -0.00163717 -0.00326826 0.00133562 -0.00248655 -0.00497239 -0.000464155 -0.00102273 0.00042084 -0.000713193 0.00177868 -0.000749985 -0.00126534 -0.00199108 -0.00338688 -0.00217132 0.00180331 -0.00212758 -0.00105357 -0.00270034 0.00151701 -0.000895317 -0.00338239 0.00205052 -0.00264847 -0.00160315 0.00300381 0.000155426 -0.000123591 0.000991144 -0.00387443 -0.000926167 0.00141877 0.000122187 0.0044573 -0.00298604 0.00126695 0.00670971 -4.38379e-05 0.00116035 -0.000504459 0.00235828 0.000917212 -0.00288769 0.00365967 0.000148657 0.000826481 0.000514354 0.000788693 0.000408209 0.00134944 0.00252847 -0.000237075 0.00243521 -0.00195619 0.000589155 -0.000709619 
0.0102183 0.0150546 -0.00562052 -0.00331487 0.17822 0.00617556 -0.000500074 0.00988315 0.0114166 0.00917732 0.00160491 -0.00408863 -0.00448231 0.00455579 -0.00414491 -0.00523137 -0.00848639 -0.00502773 0.00516915 -0.0068839 0.00331092 0.00344355 0.00142534 0.00377978 -0.00378154 -0.00404815 -0.00425563 -0.0133238 0.0014905 -0.0121409 0.000745808 0.00522614 0.000650385 -0.001014 -0.00578534 0.000539655 0.000832152 0.0038049 -0.00482161 -0.00203111 -0.00552304 0.000916144 -0.0184189 -0.00550602 -0.00488996 -0.0106663 -0.000295569 -0.0152197 -0.0153403 -0.00749662 -0.008467 0.00125815 0.00543133 -0.00278197 0.0130176 0.00048283 0.00414349 -0.00263048 0.00348615 -0.00376541 -0.0105244 0.00962931 -0.0088541 0.00287679 -0.0153278 0.00117591 -0.00214898 -0.00167249 0.00516281 -0.00674782 -0.00405022 0.00149354 0.00138011 -0.00924776 -0.00577314 -0.00727835 -0.010964 -0.00983783 -0.00849095 -0.00445957 -0.00852654 -0.00445376 -0.0136253 0.00500932 -0.0208786 -0.00586988 0.00544629 -0.00802451 -0.00556391 0.00335845 0.00950267 0.00452615 -0.00339521 -0.00248897 -0.00482098 -0.00762358 0.00560072 0.00878859 -0.000842765 0.0220644 
0.00400109 0.000285425 0.00498034 -0.00117093 0.00617556 0.102237 0.00429789 0.000244714 0.00303008 -5.41743e-05 0.000659201 0.00300155 -0.0044643 0.000798598 -0.00305806 -0.00323558 -0.00594312 -0.00777341 0.0023095 -0.00637193 -0.00112845 -0.0104436 -0.00130239 0.00527103 -0.00431069 0.000949256 0.000834959 0.0022773 -0.00306498 -0.000248893 -0.00575397 1.61789e-05 -0.000908955 -0.00413673 -0.00174612 0.00036308 -0.000275992 -0.00260921 -0.00192205 0.00173307 -0.0036783 -0.00193842 -0.00255 -0.00819954 -0.00480781 0.000489559 0.00112949 0.00436125 -0.00562015 -0.00301689 0.000110494 0.00172515 -0.00232827 -0.00426577 -0.00667234 -0.00143283 -0.00267877 -0.00290218 -0.0041115 -0.00474039 -0.00295392 0.002285 -0.000604982 -0.0023348 -0.00605955 0.00214769 -0.0018426 -0.000363722 0.00150562 0.000702761 -0.00232543 -0.00387132 0.000116017 -0.00381987 -0.00316435 -0.00439207 0.00140052 -0.00574345 0.00166249 -0.00341141 -0.00311443 0.00350388 0.000828013 0.0016482 0.000677994 -0.00231684 0.000707902 -0.00404593 -0.000206111 0.00232663 0.00129232 0.0039514 -0.00377668 -0.00217417 0.00377591 -0.00171245 0.000221983 -0.00313745 0.00166029 0.00854142 
0.00448466 0.00427179 -0.00362112 0.0022716 -0.000500074 0.00429789 0.0933512 -0.000391758 0.000913076 0.00319763 0.00470709 0.00542541 -0.00379105 -0.0018413 0.000554604 -0.00796412 -0.00671781 -0.010492 0.00233733 -0.000417446 0.00137126 -0.0152333 -0.00290383 -0.00350086 -0.00435148 5.21338e-05 -0.00188934 0.00261123 0.00136368 0.00679994 -0.000771441 0.00128632 -0.000772998 0.00494433 -0.00222867 0.000374542 0.000581704 -0.00127821 -0.00537551 -0.00379972 0.00321666 0.00122728 -0.00311036 -0.00157892 -0.00161366 0.00409211 -0.00630659 -0.00442588 -0.00419217 0.000221328 -0.000109358 0.00198775 -0.00157852 -0.00139111 -0.00152911 -0.00349777 -0.00470486 0.000378489 -0.0022622 -0.00193245 -0.00144584 0.000507935 -0.000534799 -0.00175344 -0.00747627 -0.00772306 -0.00425805 -0.000377376 0.00222689 -0.00417424 -0.00188249 -0.00180393 -0.000115982 -0.00568789 -0.00384837 0.00256727 -0.00298506 0.00382546 0.00345614 0.00155174 -0.00033556 -0.00194498 -0.0048894 0.00116568 -0.00333699 -0.000952616 -0.00216863 0.000907151 0.00288031 0.000881333 -0.0029595 0.000430934 0.00135087 -0.00360916 0.00148086 0.00206477 -0.00204264 -0.00264165 -0.00289635 0.00630084 
0.00397973 -0.00578801 0.0041901 -0.00202003 0.00988315 0.000244714 -0.000391758 0.133206 0.00484761 -0.000267817 -0.00168303 0.000847368 0.000582601 -0.0093936 0.00294993 -0.00177734 0.00791086 -0.00366874 -0.00311454 -0.0100237 0.00657094 -0.00372881 -0.00285256 -0.0119189 -0.00499233 -0.00183873 -0.000737629 -0.00578825 0.0042862 -0.0105306 -0.000473825 -0.00151013 -1.7123e-05 -0.00400076 0.0039978 -0.00278352 0.00540271 0.00516631 0.00997046 -0.000316245 0.00262103 0.00457242 -0.015362 0.00751348 -0.00648371 0.00178014 8.10118e-05 -0.00751007 -0.0058812 -0.00209828 0.000489477 -0.00286358 0.00360498 0.0024565 -0.000360299 -0.00374617 0.00217862 -0.00747377 0.00332079 -0.00282182 -0.00673446 -0.00196691 0.00376252 -0.00255094 0.00206768 0.0114421 0.00092586 -0.00434636 -0.00274302 -0.00222323 -0.00129211 -0.00312946 -0.00261829 -0.00778944 -0.000595897 -0.00185006 -0.00313676 0.00542003 -0.00193787 -0.00310339 -0.00335472 -0.00566607 -0.00513155 -0.00708448 -0.00972696 -0.00216808 -0.00275642 -0.00152062 -0.00321853 0.000594842 0.00654994 -0.00249448 0.00232136 -0.00620775 0.00191239 -0.00482632 -0.0068598 -0.0104562 -0.000138173 -0.00580446 
0.00262378 0.00108626 -0.00757082 -0.000733305 0.0114166 0.00303008 0.000913076 0.00484761 0.0882979 0.00272766 0.00156167 -0.00141365 0.000358975 0.00432914 0.000456942 -0.00146313 0.000880827 -0.000858904 0.000485538 -0.00149265 -0.00452986 -0.00710521 -0.00125358 -0.000963421 -0.00432281 -0.00122313 -0.00641249 -0.00658489 -0.000772026 -0.00415859 -0.00145262 0.000518378 -0.00135747 -0.00188126 -0.000586804 -0.00143622 0.00107606 0.00771816 0.00167714 0.00315867 -0.000169929 0.00648221 -0.0131287 -0.00340518 -0.00260325 -0.00211987 0.00398119 -0.0107787 -0.000777617 -0.0011024 -0.00309172 -0.00170065 -0.00285192 -0.000864684 0.00527307 0.000563114 0.00194175 0.000662432 0.00180614 -0.00183182 -0.00092048 -0.00323574 -0.000675153 0.00248338 -0.00320359 -0.00175119 -0.00293996 0.00332638 -0.00210627 0.00780383 -0.00181879 0.00200518 -0.00155488 -0.0059824 -0.000714756 -0.00775142 -0.00563761 -0.00487797 -0.00377622 -0.000841856 -0.00255843 -0.00677897 -0.0044437 0.00177202 -0.00180387 -0.00263223 -0.00347943 -0.00100122 -0.00162045 -0.00088731 0.00535414 -0.00206894 -0.00088059 -0.00321267 0.000734649 -0.00233985 0.00281946 -0.000470811 -0.00157802 0.0013707 
0.00271551 0.0131013 -0.00847944 -0.00222514 0.00917732 -5.41743e-05 0.00319763 -0.000267817 0.00272766 0.14422 -0.00337829 -0.00087591 0.00196429 0.00543766 -0.00213964 -0.026478 -0.0178722 -0.00601468 -0.00664428 -0.000833399 -0.0130883 0.013621 -0.00140619 -0.0113575 -0.0029014 -0.00214387 0.0151539 -0.00540884 0.00136631 -0.0076672 0.00199282 -0.00650662 0.000254897 -0.00271395 -0.00328672 3.55518e-05 0.00537031 0.00765817 -0.00767783 -0.00249773 0.00741596 -0.00341839 0.00571669 0.00696655 0.00101714 -0.00838142 -0.00486641 -0.00629331 -0.0101418 0.000306141 0.00229567 0.00163605 -0.0030805 0.00052039 -0.00321552 0.00898106 -0.00102742 -0.0128382 0.00223325 -0.0021929 0.00744871 -0.00339815 -0.00490855 -0.00414495 -0.00243916 -1.32393e-05 -0.01194 -0.000925753 0.00138899 -0.00598992 -0.00193804 -0.00274875 -0.00415747 0.00508007 -0.0053511 -0.0120621 -0.00368328 0.00192845 -0.0136856 -0.0063759 -0.00295582 -0.0103369 0.00104436 0.00174949 -0.00779404 -0.00351367 0.00778216 0.00208503 -0.00373863 -0.00214115 0.0024151 -0.00165036 0.00223734 0.0015343 -0.00323403 -0.00187296 0.00335469 0.00643571 0.001848 0.00695834 
0.000149297 -0.00308972 -0.00526833 0.00384285 0.00160491 0.000659201 0.00470709 -0.00168303 0.00156167 -0.00337829 0.0852312 0.000136277 -0.000787147 0.0016976 0.00256142 -0.00356071 -0.00482055 -0.00826947 0.00151932 0.000622278 -0.00567886 -0.00395202 -0.000310381 -0.00845106 -0.00128077 0.000385105 -0.00472156 -0.000419774 0.00227205 0.00359458 -0.000741714 -0.00164869 -0.000675361 -0.000599714 -0.000318733 -0.00138577 -0.000671636 -0.00201893 -0.00108456 -0.00137088 0.0011189 -0.00123993 -0.003401 0.00455836 -0.0047492 -0.0046759 -0.00163691 -0.00430039 -0.00157099 -0.00527701 -0.0037915 0.000403744 0.00218783 0.0025712 -0.00490509 -0.00208562 0.000208451 -0.000806535 0.00280287 0.000238064 -0.00212564 0.00404805 0.000530156 0.000118229 -0.00328133 -0.00059589 0.000952443 -0.00112266 -4.47304e-05 -0.00181504 -0.00201384 -0.00160154 -0.000490977 -0.0070291 0.000214041 -0.00355894 0.000945849 -0.00711242 0.000112892 -0.00135998 -0.000337416 -0.00300831 -0.002168 -0.00426282 0.00705305 1.49699e-05 -0.00270844 0.000512761 0.00189555 -0.000909231 0.00445273 0.00247958 -0.00194384 -0.0034508 0.00346595 4.04337e-05 -0.00125353 0.000754883 0.00137494 0.00322142 
1.17113e-05 -0.0102706 0.00533641 -0.00326509 -0.00408863 0.00300155 0.00542541 0.000847368 -0.00141365 -0.00087591 0.000136277 0.141868 -0.00108465 0.00298605 0.00233303 0.00669869 -0.00945372 -0.0138162 0.0043162 -0.00846099 0.00182101 -0.00768568 0.00198638 -0.00694571 -0.00603364 -0.00261232 -0.00543376 -0.00140438 -0.00629726 0.00650913 0.00283091 0.00138433 -0.000895705 0.00453139 -0.0024778 0.00114334 -0.00306333 0.0139965 -0.00329211 0.00349834 0.00231752 -0.0037698 0.00554024 0.00227695 -0.00183295 0.0158191 -0.00720246 -0.00795662 -0.0069634 0.00280612 -0.00365278 -0.00233713 0.000492654 0.000605251 -0.00805741 0.000349119 -0.00208996 -0.00230937 -0.00817579 0.00163829 -0.00179964 -0.00143633 -0.00823981 -0.00837812 0.00589753 -0.0082163 -0.00488012 -0.00319634 -0.000629508 -0.0117295 0.00122831 -0.0127306 -0.00447287 -0.0201707 0.0031866 -0.00709278 0.00713368 -0.00877468 -0.0035286 -0.00185698 -0.00887742 -0.00774537 0.000272741 -0.000216031 0.00328227 -0.000124689 0.0108001 -0.00192377 -0.0040362 0.00238413 0.00575346 -0.000938449 -0.000293626 0.000838757 0.00754887 -0.00243839 0.00171189 -0.0055341 -0.00021498 0.000149043 
-0.00198699 0.00785402 -0.0075855 0.000339705 -0.00448231 -0.0044643 -0.00379105 0.000582601 0.000358975 0.00196429 -0.000787147 -0.00108465 0.0912302 0.00732068 -0.00229024 -0.00454563 0.00421224 0.0027618 -0.00100643 -0.00203457 -0.00401161 0.000401927 -0.00118671 -0.00610424 0.000161738 -0.000929175 7.20031e-05 -0.00351782 -0.00362619 0.00264466 -0.000389069 0.002094 1.62797e-05 -0.00372112 0.00226272 -0.00146661 -0.00238448 -0.00309326 -0.00119017 -0.000733039 -0.000993451 0.00386719 -0.00997271 -0.0073497 -0.00315746 -0.00629142 -0.00465673 -0.00403412 0.0059557 -0.0012752 -0.00620951 0.000371944 -0.00122045 -0.00431966 -0.00512407 -0.00507501 -0.0052461 2.32792e-05 0.00152203 -0.000378645 -0.00151247 -0.00110151 0.00589815 -0.00424539 0.00454401 0.000716096 0.00359929 0.00675269 -0.00106989 0.000932955 -0.000354959 0.00296899 -0.00224228 0.00467672 -0.00187171 -0.00459717 -0.00228732 0.000117995 -0.00319854 0.000498202 0.00285579 -0.000602191 0.00386349 -0.0027465 -0.00321897 -0.00459674 -0.00714196 -0.00154125 -0.000103963 -0.00245754 0.00198895 -0.00223925 -0.00109161 0.00614329 0.00171117 5.684e-05 0.00216785 -4.73485e-05 -0.00151992 -0.00400548 
-0.00175992 0.00642442 -0.00550506 -0.00154338 0.00455579 0.000798598 -0.0018413 -0.0093936 0.00432914 0.00543766 0.0016976 0.00298605 0.00732068 0.120019 -0.00389719 0.000667492 0.00363821 -0.00403169 -0.000885225 -0.00468538 -0.00896854 0.00895461 -0.00565292 -0.0101329 -0.00109166 0.00793273 -0.00297434 -0.00490874 0.00104876 0.00234281 -0.00362501 0.00181748 -0.000226681 -0.00761152 -0.000248473 0.00032221 -0.00532955 -0.000630133 -0.00318091 0.00263991 -0.00779026 -0.00118887 -0.00184734 -0.0127583 -0.00840526 -0.0078108 -0.00647664 -0.00571181 -0.00113562 -0.00445779 -0.00511367 -0.000499849 0.00228558 -0.00442839 0.00260493 0.000576218 -0.0046015 0.00325443 -0.0011668 0.00317722 -0.00290937 0.0019581 -0.00140664 -0.000859374 0.00660552 -0.00453936 0.0033449 0.000624926 0.00233327 -0.00820772 -0.000394039 0.00738801 0.00239338 0.00528002 -0.00455733 -0.00657111 0.00141591 -0.00624122 -0.00421913 -0.000473468 0.000651494 -0.00622152 -0.0071052 0.005547 -0.0022303 -0.00392845 -0.0078431 -0.0043116 0.00031111 -0.00129317 -0.00596336 -0.00371793 -0.00365662 7.97703e-06 0.00110891 0.000351956 0.00139898 0.0111303 -0.00444868 0.00593244 
-0.00294666 -0.00824764 -0.00424814 -0.000240649 -0.00414491 -0.00305806 0.000554604 0.00294993 0.000456942 -0.00213964 0.00256142 0.00233303 -0.00229024 -0.00389719 0.0749883 0.00613906 -0.00331778 0.00203914 0.00185032 0.00488796 -0.0068368 0.00247534 0.00306283 0.00146872 -0.00179126 -0.00336411 -0.00200583 0.00485669 -0.00189995 0.000847005 0.00228742 -0.00236349 0.0026104 0.000583839 -0.0019657 -0.00112355 0.000929528 -0.00157216 -0.00271653 0.00170135 -0.000873556 -0.000388434 -0.00571932 -0.0016021 -0.00522386 -0.00118231 -0.00144299 0.00233236 -0.00235515 0.00191077 -0.000712202 -0.00192721 -0.000427316 0.00639844 0.00398428 -0.00123964 -0.00029371 -0.00626723 -0.00555278 -0.00116214 -0.0013994 0.000358123 -0.00302035 -0.00434481 -0.00437118 0.000849523 -0.0054514 -0.00148617 0.00175037 0.00280743 0.00177623 -0.00502406 -0.00158467 -0.00391225 0.0017307 -0.00391232 0.00144412 0.00376082 -0.00397857 -0.000464213 -0.00146058 -0.00299134 -0.00425331 -0.00119247 0.00329637 -0.00200948 0.000690461 0.000678462 -0.000317557 0.000249775 0.00108359 -0.0012784 0.00167911 -0.00168593 -0.000886573 -0.00197988 0.00150928 -0.00226218 -0.000588504 -0.00147824 
-0.00180473 0.00420077 -0.0128597 2.23144e-05 -0.00523137 -0.00323558 -0.00796412 -0.00177734 -0.00146313 -0.026478 -0.00356071 0.00669869 -0.00454563 0.000667492 0.00613906 0.220295 0.0169091 0.0115096 -0.00831253 -0.00218069 0.0136094 0.0144828 -0.00463068 -1.4378e-05 -0.0113554 -0.0120841 -0.0122887 -0.00852883 0.00155745 -0.00296225 0.00128352 -0.00326636 -0.00149068 -0.00464329 1.99825e-05 -0.00285325 -0.00970419 -0.0171741 -0.0019552 -0.00204706 -0.0171604 -0.00221997 0.00339209 -0.00728559 -0.000201178 0.00988928 -0.00761828 0.00560252 0.0071384 -0.00196146 -0.00425426 -0.00636731 0.00514144 0.00731748 0.00854734 0.00660524 -0.00424471 0.00824303 -0.00382796 -0.00866808 -0.00862105 -0.006765 -0.0099485 -0.011978 -0.01367 0.00697639 -0.00679737 -0.00647357 -0.00805162 -0.00254237 0.00308502 -0.0139263 0.000961135 0.0144218 0.00482876 0.00398158 0.000320394 0.00329919 0.00232565 -0.00202715 -0.00526386 -0.00136637 -0.00222577 -0.00607542 0.0131848 -0.00481197 -0.00288253 -0.000552293 -0.0042177 0.00429475 -0.00875295 -0.00199626 -0.00413816 -0.00840099 -0.000263488 -0.00125839 -0.00800068 -0.0166342 0.000638516 -0.0117269 
-0.00217961 -0.00188514 0.0219947 0.00192445 -0.00848639 -0.00594312 -0.00671781 0.00791086 0.000880827 -0.0178722 -0.00482055 -0.00945372 0.00421224 0.00363821 -0.00331778 0.0169091 0.213552 0.0389963 0.000832933 -0.00738752 0.00222582 0.00347921 -0.00749782 -0.0123502 -0.0147645 0.00221281 -0.00938627 -0.00427551 0.00680411 -0.0115187 -0.00476545 -0.011306 0.0013836 -0.0094785 -0.000132903 -0.0069303 -0.0111966 -0.00552703 0.0132527 0.00165991 0.00252795 0.0132984 -0.0165218 -0.00474535 0.0152383 -0.00436733 -0.0104381 -0.0209911 -0.00398207 -0.00157319 -0.00780146 -0.0122977 -0.00309203 -0.0136359 0.00302951 -0.0168772 -0.0191752 -0.000876556 -0.002196 -0.00812596 -0.00447334 -0.00133023 0.00475411 -0.00528953 -0.00249742 0.00496208 0.0102373 -0.00358659 -0.00891971 0.00379293 -0.00397564 0.0163243 -0.000812962 0.0118757 -0.00414389 -0.00926964 0.00330596 0.00542306 -0.00160885 0.00315515 0.00106812 -0.0020651 0.000216319 -0.000359423 -0.000564573 0.00556817 -0.0105861 -0.00792339 0.00153998 -0.00200861 0.00627769 -0.00251507 -0.00862302 -0.00866081 -0.00179641 -0.000502604 -0.0161699 -0.0117696 -0.00150367 -0.00961802 
-0.0056324 0.000965064 -0.000481799 -0.00232174 -0.00502773 -0.00777341 -0.010492 -0.00366874 -0.000858904 -0.00601468 -0.00826947 -0.0138162 0.0027618 -0.00403169 0.00203914 0.0115096 0.0389963 0.179628 0.00315959 0.00351511 -0.000200397 -0.000367401 -0.0068171 -0.00254126 -0.0051051 -0.00615015 -0.00488508 0.00984938 -0.000895181 0.0177864 -0.00750319 0.0010665 0.00216808 -0.0164509 -0.00553734 -0.00264419 -0.00522707 -0.0109676 0.00117592 0.00946764 -0.00481064 0.0105282 0.000899407 -0.000514119 0.0106515 -0.0111393 -0.00639868 -0.0176557 -0.00128332 -0.00551562 -0.00367162 -0.00011474 0.00256394 -0.00414138 0.019442 -0.00448234 -0.00512008 0.00128772 -0.00490335 -0.000516521 -0.000601233 0.00231757 -0.00946753 -0.00336094 -0.00757301 0.0077205 -0.00347467 -0.00455863 -0.00740408 -0.00559342 -0.00140607 -0.000837872 -0.00415511 0.00866461 -0.00102126 -0.0115708 -0.00163329 0.00750459 -0.00815927 -0.00509319 -0.00273195 -0.00301546 -0.0107093 -0.000214465 0.0105913 0.00245804 -0.00856795 0.00583581 -0.000148886 -0.00218539 -0.00242466 -0.00210958 -0.00490573 -0.011994 -0.0112293 -0.00350436 -0.00792767 -0.00272968 -0.0017202 -0.00857685 
-0.00144463 -0.00181454 0.000323539 -0.000526175 0.00516915 0.0023095 0.00233733 -0.00311454 0.000485538 -0.00664428 0.00151932 0.0043162 -0.00100643 -0.000885225 0.00185032 -0.00831253 0.000832933 0.00315959 0.113053 -0.00012657 -0.00218334 -0.00459669 0.00295973 0.00774866 -0.000845122 -0.00161766 -0.00800189 0.00766992 -0.00403436 -0.0013551 -0.00409522 -0.00534836 0.00134384 -0.00405647 -0.00179843 0.00132884 -0.00181214 -0.000946535 -0.00199983 -0.00448552 0.00077898 0.000260845 0.000433522 0.00391145 -0.00254175 0.0117946 -0.00423422 -0.00445665 -0.00721911 0.00122295 -0.00496967 -0.00221292 -0.00105812 -0.00118144 -0.00159441 0.000607978 4.09234e-05 -0.000291686 0.00150507 -0.00613936 -0.00524167 -0.00428521 -0.0051417 -0.00107669 -0.00570857 -0.00596418 -0.00906705 -0.000796541 -0.000838317 0.00895712 -0.00110603 -0.00425027 -0.00113945 -0.00298393 -0.00463223 -0.00097365 -0.00173104 -0.000115615 -0.00580029 -0.00252879 -0.00451664 -0.00151755 -0.00699408 -0.00611066 -0.00123796 0.00139765 0.00246499 -0.00152567 -0.00172744 -0.00161337 0.00445584 -0.00195606 -0.00232703 0.000133305 0.00327254 -0.00230395 0.0013374 0.0013958 0.000384872 0.00139951 
-0.00386927 -0.0147885 -0.00923461 0.00243204 -0.0068839 -0.00637193 -0.000417446 -0.0100237 -0.00149265 -0.000833399 0.000622278 -0.00846099 -0.00203457 -0.00468538 0.00488796 -0.00218069 -0.00738752 0.00351511 -0.00012657 0.110571 -0.00755739 0.00584285 0.00259836 0.00263994 0.00690048 -0.00358431 -0.00711146 0.000163189 0.00103392 0.00466825 0.00281726 -0.00127367 -0.00157086 -0.00616304 1.33169e-05 -0.000917167 0.00313963 -0.00270901 -0.003166 -0.00801109 0.00979628 -0.00107653 -0.00369365 -0.00269248 -0.00263194 -0.00184275 0.00345966 0.00424204 -0.00666084 0.0036377 -0.00127335 0.00112165 -0.000105864 -0.00306594 -0.00125485 -0.00375843 0.00375023 -0.00668479 -0.00528574 -0.00646719 -0.00325151 0.000669865 -0.00677158 -0.00106986 -0.00145844 -0.0108398 0.000474609 -0.00313158 -0.00599056 0.00365867 -0.000500457 -0.0105815 -0.00387524 -0.00216785 -0.00298411 -0.00103112 -0.00361157 0.00256784 0.000317866 -4.25863e-05 0.00312308 0.00326252 0.0112271 0.000881125 -0.000984777 0.00108072 0.00408833 0.00847589 0.000824154 -0.00044026 4.34466e-05 -0.00247006 0.0020827 0.000538217 -0.00642289 0.00112452 0.00596383 0.000472112 0.00362066 0.00262474 
-0.000837693 -0.00311573 -0.00636654 -0.00260444 0.00331092 -0.00112845 0.00137126 0.00657094 -0.00452986 -0.0130883 -0.00567886 0.00182101 -0.00401161 -0.00896854 -0.0068368 0.0136094 0.00222582 -0.000200397 -0.00218334 -0.00755739 0.167515 -0.0121826 0.00625198 -0.0110514 0.000235658 -0.00340023 -0.00480575 0.0043573 0.00548707 -0.00278313 0.00105477 0.00062618 -0.000633187 0.00501079 0.00118578 -2.96742e-05 -0.00735002 -0.00251529 0.000455484 -0.00273504 -0.00732623 -0.00438662 -0.00327053 0.00537538 0.00370844 0.0139907 -0.000955412 -0.00138875 -0.00862226 0.00718799 -0.0107603 -0.00457728 0.00640221 -0.00295016 -0.00143314 0.00203019 0.00308674 0.00419565 -0.00534416 -0.00342396 -0.00699214 -0.00514478 -0.000881721 -0.00572207 -0.00503438 -0.00257839 0.00523599 -0.00164893 0.00314559 0.00991361 -0.000125093 -0.00464144 0.00426145 0.00258946 -0.000290806 0.000330575 -0.00274 -0.00420814 0.0200605 0.00313692 -0.00823477 -0.00122093 -0.00473606 -0.0145507 -0.0140923 -0.00118231 0.00433931 -0.00917728 -0.00363088 -0.00266119 -0.00130245 0.00214602 -0.00506472 -0.00931116 0.00528796 -0.00716546 -0.00927947 -0.0163364 -0.00751554 -0.00301098 
-0.00601698 -0.00561487 -0.0061692 -0.00463799 0.00344355 -0.0104436 -0.0152333 -0.00372881 -0.00710521 0.013621 -0.00395202 -0.00768568 0.000401927 0.00895461 0.00247534 0.0144828 0.00347921 -0.000367401 -0.00459669 0.00584285 -0.0121826 0.221522 -0.00313963 0.0114407 -0.00615867 -0.00200261 0.00269352 -0.00596228 -0.00432786 -0.0060675 0.00697352 0.00187508 0.000731974 -0.000482332 -0.00538826 -0.00918159 -0.000995082 0.00176408 -0.0142413 -8.40369e-05 -0.0156267 -0.00771241 0.00681902 -0.0135243 -0.00616002 -0.00955849 -0.0135932 0.0180692 -0.0094507 -0.000113648 0.00545422 -0.00794676 0.00658758 0.00506673 -0.000745292 0.012074 0.00280222 -0.00681445 -0.00364189 -0.000928064 0.00628935 -0.00481478 -0.00790443 -0.00571124 -0.000541284 -0.00182187 -0.000996523 -0.00781516 -0.00799492 -0.00458002 0.000929254 0.00369562 -0.000427778 0.0350593 -0.00225176 -0.00685467 0.00121959 -0.000166799 -0.0160476 -0.0109662 -0.0124725 -0.00373401 -0.00332671 -0.00606983 -0.00371605 0.00624969 -0.00469342 0.000725135 -0.00923311 -0.00634466 -0.00509477 -0.001701 -0.00119059 0.00231873 -0.00479374 -0.000618557 -0.00600207 -0.00974777 -0.00427356 -0.00957237 
-0.00105092 -0.00196106 -0.00480247 0.00228179 0.00142534 -0.00130239 -0.00290383 -0.00285256 -0.00125358 -0.00140619 -0.000310381 0.00198638 -0.00118671 -0.00565292 0.00306283 -0.00463068 -0.00749782 -0.0068171 0.00295973 0.00259836 0.00625198 -0.00313963 0.0878094 0.00238203 -0.000156245 -0.000968868 0.00378567 -0.00587661 -0.00344694 -0.0104876 0.00357714 -0.00641331 0.000290255 0.00663198 -0.00278491 -0.00234949 -0.00200376 0.00129 -0.00305782 -0.00376173 -0.000228491 0.000633935 -0.00640934 0.00983219 -0.00234822 0.000814404 0.00322679 -0.00441878 -0.00349082 -0.000193226 0.0015219 -0.00187625 1.05057e-05 0.0022429 -0.00323145 -0.0055999 0.00331867 -0.0068244 -0.00120317 -0.000468974 0.0022796 -0.00265637 -0.00148802 -0.00232808 0.00443681 -0.00534265 -0.0011289 0.00132519 0.00226846 0.00322646 -0.000184682 0.00153267 -0.00369607 -0.00268845 0.000997247 -0.00274587 -0.00236543 0.00154741 -0.00017946 -0.0048098 0.00068911 -0.00123053 -0.00147646 -0.00513631 -0.00764763 -0.000632529 0.00631783 -0.00155637 -8.09526e-05 0.000528339 -0.00144714 -0.000230705 0.0018015 -0.00267623 0.00597217 -0.00211982 0.000653122 -0.00453731 0.0011243 0.000119873 
0.00134662 0.00360288 0.00492186 -0.00409703 0.00377978 0.00527103 -0.00350086 -0.0119189 -0.000963421 -0.0113575 -0.00845106 -0.00694571 -0.00610424 -0.0101329 0.00146872 -1.4378e-05 -0.0123502 -0.00254126 0.00774866 0.00263994 -0.0110514 0.0114407 0.00238203 0.232237 -0.00865783 0.000838314 0.000717865 0.00747161 -0.00151287 0.00694538 -0.0120473 -0.0215505 -0.0046449 0.00324803 0.00514396 0.000842284 -0.0063106 -0.00703087 -0.0140083 -0.00675688 -0.0119606 -0.00204758 -0.000493364 0.0040752 0.0022031 -0.0112946 0.00665047 0.0164614 0.00780656 -0.00957535 0.00478936 -0.00772884 -0.011848 -0.00150714 0.00280148 -0.00380686 -0.011214 -0.0101372 0.00156242 -0.00885236 0.00996938 0.00276292 -0.00878577 0.0145643 -0.00582173 -0.00101896 -0.00828222 -0.00802096 -0.00417003 -0.00240992 0.00133333 0.0122396 -0.00591619 0.00532102 -0.0107985 0.00304988 -0.000331545 0.00324476 0.000239021 -0.00158909 -0.0078535 0.0138693 0.000222501 -0.00726692 -0.00193524 -0.0119523 -0.00491747 -0.0100692 -0.000858881 -0.00568144 -0.00979547 -0.00488829 0.00156205 -0.0103651 -0.00280624 -0.00655201 -0.00133008 0.00118165 -0.00364111 -0.00848312 
-0.00571285 -0.000411743 -0.0060881 -0.00303257 -0.00378154 -0.00431069 -0.00435148 -0.00499233 -0.00432281 -0.0029014 -0.00128077 -0.00603364 0.000161738 -0.00109166 -0.00179126 -0.0113554 -0.0147645 -0.0051051 -0.000845122 0.00690048 0.000235658 -0.00615867 -0.000156245 -0.00865783 0.135408 -0.00280573 0.0087469 0.00319079 0.000964113 0.0116356 0.00160077 -0.001566 0.0016849 -0.00756338 0.00201663 0.000959496 0.00127921 -0.00018103 -0.00274021 -0.00701445 0.000506124 -0.00726571 0.00887553 -0.00686261 -0.0117497 -0.00322622 0.00181375 0.00534999 -0.0108842 0.000229564 -0.000519189 0.00224725 -0.0017411 -0.004001 -0.00333829 -0.00325304 0.000321241 -0.00834409 0.000559321 -0.00513246 0.00434713 -0.00200258 -0.00519684 0.00349354 0.000290201 -0.000207788 0.0014866 0.00784812 0.00124892 -0.00403459 -0.00117956 -0.00519797 0.000671989 -0.00449733 -0.00122673 0.00332966 -0.00681977 -0.00800307 -0.0031547 0.00443497 -0.000485772 -0.00122802 0.00213247 -0.00802595 -0.00835399 -0.00192988 -0.00378896 0.00254161 -0.000383212 0.000326169 -0.00187669 -0.00127152 0.00236039 0.00337335 0.000515187 -0.00127545 0.00240144 0.0155845 -0.00503246 0.00943337 
0.000508963 -0.00800906 -0.000824889 -0.00122143 -0.00404815 0.000949256 5.21338e-05 -0.00183873 -0.00122313 -0.00214387 0.000385105 -0.00261232 -0.000929175 0.00793273 -0.00336411 -0.0120841 0.00221281 -0.00615015 -0.00161766 -0.00358431 -0.00340023 -0.00200261 -0.000968868 0.000838314 -0.00280573 0.0898247 -0.00697095 0.000839109 0.000161406 -0.00453939 -0.000438977 -0.00315368 -0.000528779 0.00233215 0.00449063 0.00238492 -0.00229226 -0.00283436 0.00336504 0.00388252 -0.00172064 -0.000343033 -0.0141215 -0.00523529 0.000567372 -0.00199275 -0.000566566 -0.00278982 0.00693724 -0.00563775 -0.0016134 -0.0016833 -0.00577242 -0.00371769 -0.00406536 -0.00367987 -0.00569858 0.00127748 -0.00246692 0.00143939 -0.00576556 0.00332812 0.00622417 0.00193361 0.0115587 0.00862772 0.00645603 -0.00124192 0.00275343 -0.00100968 -0.00182129 0.00547331 -0.00194196 -0.00056353 0.0029079 -0.00437956 0.00291659 -0.00313825 1.1386e-05 0.0024903 -0.000615825 0.000170291 -0.00356569 -8.57441e-05 -0.0101729 -0.00336209 -0.00134764 -0.000599437 0.00113768 -0.000347622 -0.00219796 -0.00162121 -0.00259179 6.50229e-06 -0.000623316 0.00130194 -0.0045246 0.00743338 -0.0018999 -0.00100301 
-0.0043234 -0.00432185 0.00501872 -0.000798435 -0.00425563 0.000834959 -0.00188934 -0.000737629 -0.00641249 0.0151539 -0.00472156 -0.00543376 7.20031e-05 -0.00297434 -0.00200583 -0.0122887 -0.00938627 -0.00488508 -0.00800189 -0.00711146 -0.00480575 0.00269352 0.00378567 0.000717865 0.0087469 -0.00697095 0.173357 0.000819284 -0.00258347 0.00113941 0.00586773 -0.00663079 -0.000491896 0.00602963 -0.00308659 -0.00237831 -0.00159121 0.00423449 -0.00720857 -0.000743285 -0.0125632 -0.00481541 0.0228755 0.00951696 -0.00900029 -0.00872868 4.48023e-05 -0.01176 -0.024124 0.00109924 -0.0031022 -0.00386993 -0.00390948 -0.0103083 -0.0127798 0.00456624 -0.00467998 -0.00658638 -0.00804638 -0.00839589 0.0102688 -0.00122849 0.00180128 -0.0104405 0.00987011 0.00294682 -0.00516824 0.00847548 0.00267775 -0.00424947 -0.00334176 0.00240183 -0.0035303 0.00696954 -0.00010698 -0.0089391 -0.000948598 0.00122415 -0.00330308 -0.00363636 -0.00290344 0.000649395 0.00260686 0.00498703 -0.0120017 -0.00192548 -0.00444197 -0.00834952 0.000576606 -0.00120561 -0.00687064 -0.00318612 0.000708414 0.0053866 -0.00636839 0.00174852 0.00368804 0.0056841 0.000385712 0.00122281 
-0.00542688 -0.000999497 -0.0078336 -0.00327044 -0.0133238 0.0022773 0.00261123 -0.00578825 -0.00658489 -0.00540884 -0.000419774 -0.00140438 -0.00351782 -0.00490874 0.00485669 -0.00852883 -0.00427551 0.00984938 0.00766992 0.000163189 0.0043573 -0.00596228 -0.00587661 0.00747161 0.00319079 0.000839109 0.000819284 0.146693 -0.000781738 0.00969607 -0.000404574 0.00956414 0.00302576 0.00506029 -0.00220544 -0.00204885 0.00399406 -0.00739177 0.000694827 0.00934878 -0.00970929 -0.00503246 0.00166869 -0.0122745 0.00519212 -0.002529 -0.00220273 -0.00524034 0.00665924 0.00171688 -0.00379883 -0.00167397 0.00200778 -0.00656889 -0.00233107 -0.00255999 -0.0076073 -0.0065099 -0.00234311 -0.0126644 -0.00654458 0.00553425 -0.00453638 0.00240434 0.00147132 0.0030721 -0.0072119 -0.00638731 -0.0059723 0.00659693 0.00266156 -0.00908165 -0.00511357 0.00449294 -0.00749859 -0.00523889 -0.00182945 0.00334776 0.0139291 -0.00456651 -0.00318327 -0.00124967 -0.00535815 -0.00158041 -0.00520712 -0.00189008 -0.0151572 -0.00902667 0.00143451 -0.0012721 -0.00294405 0.00263198 -0.0010708 -0.00514821 -0.0075377 0.00449974 -0.0004509 0.010737 -0.00405951 -0.00371532 
0.000868156 -0.00154708 0.00188234 -0.000852854 0.0014905 -0.00306498 0.00136368 0.0042862 -0.000772026 0.00136631 0.00227205 -0.00629726 -0.00362619 0.00104876 -0.00189995 0.00155745 0.00680411 -0.000895181 -0.00403436 0.00103392 0.00548707 -0.00432786 -0.00344694 -0.00151287 0.000964113 0.000161406 -0.00258347 -0.000781738 0.0859507 0.000152139 0.00609452 -0.00297912 0.000243685 -0.00114076 -0.00114927 0.00026504 0.000832719 -0.0024974 0.00272958 0.00143851 0.00615301 0.00259367 0.00378268 -0.00281048 -0.00393896 -0.00381259 -0.00169391 -0.00273917 -0.00945383 -0.000557512 -0.00179865 -0.00141034 0.000536584 -0.00272055 0.00574291 0.000475906 -0.000981047 -0.0016212 0.00210838 0.0026536 -0.0028158 0.00212809 0.000397407 -0.00553781 -0.00691297 0.00557528 -0.00582413 -0.00115883 -0.00387046 -0.00251176 -0.00100284 -0.00428524 -0.00146483 -0.00348652 -0.00357084 -0.00347769 -0.00128931 -0.00112162 -0.00263619 0.00567886 -0.00234788 -0.00321086 -0.00231109 -0.000717607 -0.00648414 -0.00407054 0.000313589 -0.00436296 -0.00107039 -0.000755835 0.000140658 0.000192642 -0.000671216 -0.0020306 -0.00371762 0.000519905 -0.00492478 -0.00607893 0.00044083 0.00294186 
-0.00347742 -0.00643247 -0.00202588 -0.00030627 -0.0121409 -0.000248893 0.00679994 -0.0105306 -0.00415859 -0.0076672 0.00359458 0.00650913 0.00264466 0.00234281 0.000847005 -0.00296225 -0.0115187 0.0177864 -0.0013551 0.00466825 -0.00278313 -0.0060675 -0.0104876 0.00694538 0.0116356 -0.00453939 0.00113941 0.00969607 0.000152139 0.157504 -0.00510838 0.00112035 0.000156284 -0.00269253 -0.00300974 -0.00321197 -0.00302412 -0.00729016 -0.00100603 0.00141417 0.00153359 0.00296328 0.00875819 -0.0155059 -0.00799883 -0.000136885 1.55775e-05 -0.00607453 -0.00521343 -0.0026617 -0.00913723 0.00785113 -0.00674516 -0.00306613 -0.00214119 -0.00379158 -0.00336493 -0.00947374 -0.00554803 -0.00185083 -0.00580798 0.00525414 -0.0126334 -0.0041703 0.00307203 -0.000930989 -0.00300321 -0.00436115 -0.000628107 -0.00420777 0.000598689 -0.00699757 -0.00302321 4.91509e-07 -0.00326642 -0.00205013 0.00282594 2.40547e-05 -0.00368508 0.00327258 -0.0022698 0.00256637 -0.00312885 0.0029865 0.00638623 0.0019387 -0.00728051 0.00253706 -0.00354286 -0.000944577 -0.00376076 -0.00146024 -0.00316189 -0.00635978 -0.00501126 -0.00258408 0.00197952 0.00623576 -0.00404105 -0.00269008 
-0.00286467 -0.0061516 -0.00764452 -0.000880449 0.000745808 -0.00575397 -0.000771441 -0.000473825 -0.00145262 0.00199282 -0.000741714 0.00283091 -0.000389069 -0.00362501 0.00228742 0.00128352 -0.00476545 -0.00750319 -0.00409522 0.00281726 0.00105477 0.00697352 0.00357714 -0.0120473 0.00160077 -0.000438977 0.00586773 -0.000404574 0.00609452 -0.00510838 0.0927328 0.010985 0.000477456 0.00555603 0.00486073 0.000295838 0.000704804 -0.000342609 -0.00541787 -0.00218119 0.000641143 -0.00246757 -0.00399097 0.006586 -0.00521742 1.28578e-05 -0.00635256 -0.0121497 -0.00253235 0.00138653 -0.00123503 -0.00263374 -0.000318419 0.00102015 -0.00196918 -0.000299494 0.000718912 -0.00294754 -0.00191714 -0.00165635 0.000645645 -0.00114241 -0.000102287 -0.00639206 0.00061883 -0.00190579 -0.00201195 -0.00709467 -0.000753512 -0.00722824 0.000842109 -0.00489261 -0.00264568 0.00109408 -0.00135441 -0.00175589 -0.000851438 0.00124912 -0.00102826 -0.00102773 -0.004635 -0.00242327 0.00263346 -0.00121795 -0.00650946 -0.0021963 -0.00278669 -0.00324559 0.00143794 0.00161073 -0.00194443 0.000248945 0.001926 0.00246487 -0.00403947 0.000557339 0.00181909 0.00415036 0.00184437 0.0016788 
-0.00141882 -0.000363327 -0.00703415 -0.00282617 0.00522614 1.61789e-05 0.00128632 -0.00151013 0.000518378 -0.00650662 -0.00164869 0.00138433 0.002094 0.00181748 -0.00236349 -0.00326636 -0.011306 0.0010665 -0.00534836 -0.00127367 0.00062618 0.00187508 -0.00641331 -0.0215505 -0.001566 -0.00315368 -0.00663079 0.00956414 -0.00297912 0.00112035 0.010985 0.121538 -0.000724887 0.00336146 -0.00318756 0.00396068 0.00309066 -0.0057031 -0.00346563 0.00690579 -0.00610662 -0.000110667 -0.0096715 -0.0138089 0.00231998 0.000341435 -0.00994731 -0.00550385 0.0100333 0.00114864 -0.00265042 -0.000127589 0.00919028 -0.00565889 0.00150448 -0.00119787 0.000422346 0.00597502 -0.00324275 -0.00421373 -0.00518729 -0.0014648 -0.00277237 -0.00392604 -0.000358647 -0.0087824 -0.00207166 -0.00523144 -0.00374823 -0.00285144 0.00260035 -0.00695496 -0.00129397 0.00673098 -0.00338274 0.00191157 -0.00165233 -0.00389302 0.00481863 -4.47751e-05 -0.000230642 -0.00266381 -0.00331363 0.00571092 -0.00389008 0.00282016 -0.0075102 -0.00322688 -0.00178437 -0.00172339 0.00108705 0.000289888 -0.000548147 0.00391917 -0.00389839 0.0042911 0.00613498 -0.000182922 -0.00178487 -0.000833539 
-0.000161866 0.00327008 0.00136584 -0.000350095 0.000650385 -0.000908955 -0.000772998 -1.7123e-05 -0.00135747 0.000254897 -0.000675361 -0.000895705 1.62797e-05 -0.000226681 0.0026104 -0.00149068 0.0013836 0.00216808 0.00134384 -0.00157086 -0.000633187 0.000731974 0.000290255 -0.0046449 0.0016849 -0.000528779 -0.000491896 0.00302576 0.000243685 0.000156284 0.000477456 -0.000724887 0.0399835 0.00244208 -0.000369089 -0.000265077 0.000491106 -0.000723781 -0.00107393 0.000271465 -0.000817075 -0.00123142 -0.00235119 -0.00276877 0.000102363 0.000213332 -0.00099905 -0.00141908 -0.00406006 0.000609759 1.29938e-05 -0.000524786 -0.00029325 0.000493086 0.000270059 -0.00129961 -0.000852859 -0.00121045 0.00113468 0.00184872 -0.00141913 0.000900413 -0.00220844 -0.00174121 -0.00315432 -0.000815614 -0.00183539 -0.000511415 -0.000876792 0.000634618 -0.000284051 -0.00242026 -0.000331884 -0.00263192 -0.00141219 -0.00216486 -0.0004204 0.00239377 -0.00117987 0.000281017 0.000495511 -0.000616688 -0.00197933 -0.0022966 -0.00151867 -0.000567747 -0.000967344 -0.00155625 0.000921862 0.000210588 -0.00117226 0.000438353 0.000722461 0.000117032 -0.0020606 0.000105242 -0.000410184 -0.000706133 -0.000910673 -0.000886623 
-0.00158562 0.00185423 -0.00288234 -0.0002828 -0.001014 -0.00413673 0.00494433 -0.00400076 -0.00188126 -0.00271395 -0.000599714 0.00453139 -0.00372112 -0.00761152 0.000583839 -0.00464329 -0.0094785 -0.0164509 -0.00405647 -0.00616304 0.00501079 -0.000482332 0.00663198 0.00324803 -0.00756338 0.00233215 0.00602963 0.00506029 -0.00114076 -0.00269253 0.00555603 0.00336146 0.00244208 0.137988 0.00141148 0.00169432 -0.00124215 0.00784978 -0.00367701 -2.62753e-06 -0.00756376 -0.00341329 -0.0034802 -0.0058881 0.00750687 0.00286271 -0.00448474 -0.00539709 -0.00248294 -0.00325872 -0.00136368 0.0040793 0.00206338 -0.00283918 -0.00704217 -0.000426123 -0.000576318 -0.004182 -0.00939638 0.00422723 0.00331764 -0.00554718 -0.00200355 -0.00476875 -0.00131444 -0.0044523 -0.00718472 -0.00583631 0.000620121 0.0151614 -0.000940244 -0.0011498 0.00107643 -0.0068783 -0.00474134 -0.00294611 0.00192039 -0.00628953 0.00274496 -0.00283984 -0.00280683 -0.0066661 -0.006163 -0.00478514 -0.0106043 -0.00250426 -0.00412515 -0.00746475 0.00268657 0.000948813 -0.00535349 0.00115472 0.00255397 0.00417193 0.00162175 -0.00344761 0.00500492 -0.000288411 -0.000813998 -0.0025196 
