0.112079 0.00973001 -0.00416631 7.40896e-05 0.00312178 0.00544686 -0.00263126 0.0100588 -0.00883464 -0.00820734 -0.00609117 -0.000455686 0.00588975 -0.00389901 -0.000722267 -0.0115281 0.00610724 -0.0113178 -0.000313936 -0.00267947 8.84366e-05 0.00057106 -0.00448536 0.00106804 0.0030574 0.00190538 -0.0175417 -0.00329423 0.000637246 -0.00307703 -0.00294359 0.000451032 -0.00652255 -0.00494953 0.0101406 0.00173075 0.00441173 -0.00393036 6.43646e-05 -0.000730734 0.00351861 -0.00158269 0.00956171 -0.00336248 -0.00687722 0.0019088 -0.0044666 -0.00332904 0.00139757 -0.0059292 -0.00378414 -0.00971536 0.0015719 -0.00573166 -0.0034754 -0.00549088 -0.00119908 0.00320084 -0.0107422 -0.00592976 -0.00311078 -0.00173583 -0.00152521 0.00303957 -0.00403376 0.000966775 0.00476312 -8.72067e-05 -0.00223155 -0.00484107 -0.00322022 -0.00176061 -0.0040828 -0.00499993 -0.00456562 0.00266156 -0.000487213 -0.00594139 0.0120648 0.000726537 -0.000418033 0.0015367 0.00215723 -0.00121226 -0.000923435 -0.003765 -0.000517052 -0.00522955 -0.00221961 0.00145323 -0.00446918 -0.00302776 -5.76858e-05 -0.00392616 -0.00210141 -0.000782424 0.00849268 0.00554175 0.00960482 0.000408357 
0.00973001 0.0987591 0.0025383 0.00143266 0.00314413 0.00125751 -0.00189026 -0.00175579 0.0010167 -0.00350676 -0.000388423 -0.000456186 0.00344916 -0.00372528 -0.000846055 -0.00524751 0.00264025 -0.0119352 0.00195333 0.0027183 0.00141802 0.00725633 0.000977983 -0.000619496 0.0018726 0.00472413 -0.00363612 0.000939696 0.00189894 -0.00178849 0.00161627 -0.00035602 0.000983388 -0.00362915 0.00175865 0.00293548 0.000793208 -0.00472291 0.000365974 -0.00190689 -0.0044607 -0.000516597 0.00390435 -0.00497957 -0.0040342 -0.00505266 -0.00202952 -0.000509335 0.00259964 -0.00246262 -0.00544321 -0.00708752 -0.00549586 -0.00472714 -0.00467687 0.0013543 -0.00330286 -0.00239897 -0.004502 0.00384556 8.59171e-05 -0.000431058 0.00119802 0.00243665 -0.000219254 -0.00150321 -0.00126003 0.00274939 0.0019739 -0.00241735 -2.61009e-05 -0.00143913 0.00131581 -0.000832937 -0.00648093 0.00170917 0.000866512 -0.00441963 -0.00282074 -0.00483891 -0.000166742 -0.00760369 -0.006768 -0.000716093 -0.00957195 -0.00566198 -0.00556838 -0.0026058 -0.00236464 -0.00400305 -0.00339699 -0.00160836 -0.00129779 -0.00460055 0.00223057 0.000542346 -0.00227957 0.00668831 0.00704527 -0.00373286 
-0.00416631 0.0025383 0.0957108 0.000249031 0.00336321 -0.00352788 0.0131834 0.00232153 -0.00175437 -0.000430542 1.87773e-05 -0.000134423 0.000974388 -0.00427002 -0.000847359 -0.00312791 -0.00412946 -0.00288262 0.0029111 0.00685715 -0.0014201 -0.000837558 0.0037759 -0.00638428 0.00272817 -0.0039548 0.00418691 -0.00348673 0.000980538 -0.00102567 0.000805631 -0.00242243 -0.00103065 -0.00640724 0.000458567 -0.00482009 0.00137554 -0.00250594 -0.000469537 -0.000937086 -0.00369444 -0.00105725 -0.00193067 -0.00362561 0.00226071 -0.00696396 0.000860248 -0.00532404 -0.00016038 -0.00390139 -0.00369885 0.00521929 -0.0044635 0.00303886 0.00160318 0.013965 -0.00188227 0.000597765 -0.00601958 0.000613834 -0.00012938 -0.00619639 0.000145939 -0.00438087 0.00112771 0.00154603 -0.00695069 -0.00136349 -0.00162043 -0.00249097 0.000471763 0.00105778 -0.00161086 -0.00253933 -0.00306608 0.00133034 -0.00324723 0.00968709 -0.006835 -0.00334359 -0.00230528 -0.00355763 -0.00390539 -0.00510686 -0.00143707 -0.00394136 -0.0037249 -0.00224108 0.000141512 -0.0043493 -0.00507768 -0.0016634 -0.00105732 0.00397936 0.000141515 0.00218209 -0.00358059 -0.00343386 0.000379603 6.24507e-05 
7.40896e-05 0.00143266 0.000249031 0.0606913 0.000484184 0.00257739 -0.00118436 0.00194296 -0.00345052 -0.000195327 -0.00140633 -0.00136775 -0.00135784 0.00499877 -0.00145729 0.00254481 -0.000205182 -0.000908606 -0.00120407 -0.00189905 0.00108533 -0.00424284 -0.000876144 -0.00399814 -0.0056854 -0.00255067 -0.0031409 0.000277484 0.00279875 5.52257e-05 -0.00283925 -0.00098419 -0.00174187 -0.003791 -0.002226 -0.00171648 -0.00203891 -0.000746958 0.00361401 0.0026682 -0.00035671 0.00279823 0.0016692 -9.15564e-05 0.00366935 -0.0035534 -0.00311338 -0.00117629 -0.00176815 0.000529521 -0.00153287 -0.0078963 -0.00268572 -0.00294367 0.0010831 -0.00355382 0.00222708 -0.00508078 0.00360891 -0.00458754 0.000352785 0.00295402 0.00176045 -0.00185362 -0.0012829 -8.91138e-05 0.00384721 -0.00135461 -0.00131923 -0.000905122 0.00137213 -0.00150775 0.000440134 -0.00166864 0.000879068 -0.00376735 0.000232373 -0.00337147 -0.00225701 0.00278703 -0.000926091 -0.00117336 -0.00122251 0.000919577 -0.00415747 -0.00344506 0.00113845 -0.00183318 0.00328431 0.000981549 -0.00148644 -0.00300956 2.47092e-05 0.00397212 9.97646e-06 0.000487767 -0.000738711 0.000343316 -0.000215934 0.000273842 
0.00312178 0.00314413 0.00336321 0.000484184 0.147814 -0.00600501 0.00514417 -0.00354875 0.0100564 -0.00138684 -0.00342697 -0.000832264 -0.00131583 0.00671911 0.00110716 -0.00793849 -0.00134029 -0.00285932 -0.00885142 0.00391839 0.00215073 0.00130043 -0.00567887 -0.00574797 -0.00471408 -0.00636273 -0.0101307 -0.00118656 -0.00254986 0.00121091 0.000608138 -0.000141637 0.000764449 -0.0128409 -0.00905209 2.14712e-05 -0.0102331 -0.0074538 -0.00413253 0.00412351 -0.0053129 0.000145638 0.00229868 0.0128119 -0.0101403 0.00507419 -0.0052178 -0.00353864 -0.00153981 -0.0021884 -0.00346454 -0.00524968 -0.000671699 -0.00808051 -0.00119012 0.0149271 0.00648368 -0.00962425 0.00722399 -0.00619982 -0.00313816 -0.00520403 -0.00353256 -0.010486 -0.000934149 -0.00828471 -0.000775974 -0.00249764 0.00216522 -0.00617945 -0.00466221 -0.00183902 0.00125898 0.0038925 -0.00647588 -0.00361599 -0.00376967 -0.00341288 0.00621231 -0.00219183 0.0061272 -0.00722281 0.00359778 -0.00485915 -0.00101666 -0.00305565 -0.0075358 0.0030637 0.00229124 0.00978166 0.00103055 -0.00264394 -0.000180282 -0.00881273 0.000618009 -0.000265829 -0.00307254 0.00240738 -0.0041298 0.00347976 
0.00544686 0.00125751 -0.00352788 0.00257739 -0.00600501 0.126039 -0.00384218 0.0120111 -0.0128928 -0.00676259 0.0106682 0.00175293 -0.000980594 0.00774093 -0.000517197 -0.00364602 -0.00388132 -0.000206744 0.00772602 -0.00398252 -0.00601048 -0.00428743 -0.000424811 0.000366344 -0.00342865 0.0104845 -0.0049546 -0.00541861 0.00313852 0.00014487 -0.00425289 -0.00153458 -0.00539025 0.00011035 0.00660391 0.00451033 0.00191231 -0.00576891 0.00718739 -0.00432003 0.00477065 -0.00185429 0.00161683 -0.00627723 -0.00373396 -0.00217747 -0.00760051 -0.00473352 -0.00169378 -0.000444227 -0.00543213 -0.00410446 -0.0098243 -0.00891034 -0.00665874 -0.0102712 -0.00298853 0.00387654 -0.00970232 -0.0077804 -0.00229173 -0.00112481 0.00510019 -0.000422166 -0.0063585 0.00225153 -0.00540824 0.00019258 -0.00236876 -0.00318174 -0.00160152 0.00133059 0.000582806 -0.00280236 -0.00793244 -0.00214094 0.00196295 0.00301181 -0.00298749 -0.00563903 -0.000120857 0.00290486 0.0100562 0.0023458 -0.00951529 -0.00376617 -0.00283519 -0.00168037 -0.00308286 0.00269255 0.0101042 -0.00243219 -0.00346804 0.0131655 -0.0017145 -0.00400868 -0.00367287 -0.00476883 -0.000974174 -0.00312106 
-0.00263126 -0.00189026 0.0131834 -0.00118436 0.00514417 -0.00384218 0.163163 -0.00236298 0.00730966 -0.00895638 -0.0071548 -0.000447081 0.000106105 -0.00523344 -0.00770888 -0.00325518 -0.00225872 -0.00713166 -0.00514912 0.00229447 -0.00308795 -0.0163007 -0.00303286 -0.00337762 0.00917125 -0.00883218 0.0111596 -0.00126054 -0.00414936 -0.00194823 -0.000575688 -0.00109102 0.000289989 -0.00819217 -0.0114618 -0.0057613 -0.00640629 -0.00190014 -0.00930812 -0.00464251 -0.00884025 -0.00245959 -0.00652141 -0.00231458 0.00188257 0.00378939 -0.000207686 0.00796514 -0.000662072 -0.000807977 0.000201877 0.00993139 -0.00629302 0.00994668 0.00120514 0.00449158 -0.00134537 -0.00716838 0.00479406 0.0122418 -0.00050318 -0.00934907 0.00265877 -0.0127596 0.00428251 -0.00566844 0.00248151 -0.00320045 0.00284682 0.00651654 -0.00254322 -0.00824212 0.00337718 0.00307901 -0.00919783 0.00632277 -0.00170632 -0.00613666 -0.00333624 0.000176142 -0.00196527 -0.00515032 0.000882629 -0.00562267 -0.00154851 0.0179706 0.00181302 0.00166841 -0.00359665 -0.00996103 -0.00211515 -0.000207674 0.00106462 -0.0212718 -0.00825683 0.000757827 -0.00149155 -0.00333013 -0.00552533 -0.00432865 
0.0100588 -0.00175579 0.00232153 0.00194296 -0.00354875 0.0120111 -0.00236298 0.11536 -0.0187156 -0.00113648 -0.00425238 0.00102333 -0.0020539 0.00356068 0.00318274 -0.0117673 -0.00666732 -0.0102894 -0.0011473 -0.00109353 -0.00468716 -0.00808058 -0.00625331 -0.00529565 -0.00771294 0.00671087 -0.00526131 -0.0065168 0.00180428 -0.00362483 -0.00200942 -0.000402422 -0.00691264 -0.00267744 0.00279806 0.000766109 0.00427455 -0.00647416 0.00724415 -0.00820151 0.00476033 0.00111001 0.00914006 -0.00387551 -0.00235317 -0.00886127 -0.00775205 -0.000311938 0.00282288 -0.00129972 -0.000889549 -0.0115189 0.00165615 -0.00792197 -0.00534812 -0.00504232 0.000272343 0.0118167 -0.00887264 -0.0112723 0.00856884 0.00831927 0.00196162 -0.00556227 -0.0011038 0.0076693 -0.00158039 -0.000647225 -0.00198109 -0.000263831 -0.00321438 0.00422405 -0.0013855 -0.00377751 0.00279265 -0.000987829 0.00166701 -0.00681547 -0.00193118 0.00228671 -0.00196035 0.00698543 0.0061905 -0.000941742 -0.00731934 -0.00590752 0.00186907 -0.000614574 -0.00304341 0.00431114 0.00297656 -0.00107689 0.000267399 0.00422371 0.00176215 -0.0028318 -0.00122617 -0.00162191 -0.00157198 0.000873807 
-0.00883464 0.0010167 -0.00175437 -0.00345052 0.0100564 -0.0128928 0.00730966 -0.0187156 0.18489 -0.00176979 -0.00793643 -0.000156525 0.0110911 0.0093032 0.0037369 0.0212527 0.0227567 0.018722 -0.00175817 0.000192601 0.000982154 0.00206077 -0.00116088 0.00569684 0.00197004 0.00636888 0.00968025 -0.000732073 -0.00214454 -0.00558562 -0.00793218 -0.000508668 0.000613842 -0.00164539 -0.00142394 0.00130974 -0.00784126 -0.00296063 -0.0106364 0.00189821 -0.00720274 0.00442058 0.00601254 -0.00506352 0.0121415 0.0156381 -0.000929242 0.000386393 -0.0043382 -0.00155075 -0.00496242 -0.0119264 -0.00704755 -0.0158488 -0.0150467 -0.00156571 -0.00245334 -0.0210632 -0.000246329 -0.00682725 -0.00330909 -0.00799842 -0.00282606 0.00456775 -0.00582791 -0.00529251 -0.00123002 0.0015352 -0.00238731 0.00329454 -0.00652868 -0.0110794 5.64738e-05 0.00553545 -0.00878171 -0.0124655 -0.00184362 -0.00501934 -0.00673737 -0.00213627 -0.00184353 -0.0162925 -0.0106815 -0.00288424 0.0276574 -0.00205448 -0.00554397 -0.00151401 -0.00392936 -0.0119823 -0.0164644 -0.00952869 -0.0082737 -0.00194519 -0.0100753 0.000203531 -0.00321293 0.00223399 -0.00557709 -0.00341268 
-0.00820734 -0.00350676 -0.000430542 -0.000195327 -0.00138684 -0.00676259 -0.00895638 -0.00113648 -0.00176979 0.135265 0.00778167 0.000719533 -0.00233231 0.00552113 -0.00389576 0.0108726 -0.0027865 0.00388726 0.0034816 -0.00254343 -0.00598506 -0.00818684 0.00510751 -0.00550999 -0.00449726 -0.00846986 -0.0112881 -0.000300569 -0.000773986 -0.00186079 0.000134006 0.00119477 -0.000718239 -0.00534982 0.000193396 0.000931072 -0.00164933 -0.000291352 0.00623267 -0.00873406 -0.00639808 -0.00204256 -0.00699256 -0.00370387 -0.00620566 -0.0121015 -0.00444008 -0.00126491 -0.0046373 0.00131984 0.000470744 0.00107796 -0.0050346 0.00146801 0.000944365 -0.00725146 -0.00115715 0.000269199 0.00313643 0.0119726 0.00253244 -0.00811548 5.74577e-05 0.00310041 -0.00218015 -0.000241784 -0.00120359 -0.000680382 -0.00126999 -0.00187416 -0.00341401 0.00170498 -0.00517639 -0.000128886 0.00458847 0.0037077 -0.00313109 0.0101641 -0.00203328 0.000206143 -0.00217161 -0.0062948 -0.00680704 -0.000371385 0.00617267 -0.0165438 0.00385187 0.00500636 -0.00133098 -0.00703692 8.15981e-05 0.00420002 -0.000950563 0.00076123 -0.00205575 -0.00220313 -0.00195828 0.00422786 -0.00340011 -0.00301577 
-0.00609117 -0.000388423 1.87773e-05 -0.00140633 -0.00342697 0.0106682 -0.0071548 -0.00425238 -0.00793643 0.00778167 0.176611 0.00581882 -0.0036438 0.00778015 0.00159309 0.000209329 -0.00841011 -0.0043727 0.0101248 -0.00417006 -0.00849451 -0.00249211 0.00283479 -0.00431936 -0.00553607 0.0114391 -0.014869 0.00134727 0.000691938 -0.000951718 -0.00452094 -0.00246556 -0.00589968 -0.00268876 -0.00937788 0.000954758 -0.00432704 -0.00725216 -0.00743995 -0.0117469 -0.00518526 -0.00588835 -0.000837546 0.00113842 -0.00029211 0.00317754 -0.0066832 -0.00938295 -0.00153082 -0.00341855 -0.0164832 0.0139036 -0.00109174 -0.00437197 0.00223013 -0.0015774 -0.00564859 -0.00654052 0.000522784 0.00417908 -0.00621181 -0.00697889 -0.000250644 0.00530085 -0.00351052 -0.000648684 -0.00901766 0.000510734 -0.00246162 0.00467211 -0.00283624 -0.00982742 -0.00615548 -0.00234799 -0.00509776 -0.00111943 -0.00025034 0.00283732 -0.00529684 -0.0123245 -0.00302534 0.00917181 0.000197919 -0.00671829 0.00249317 0.000511683 -0.00526396 -0.000726103 -0.00576667 0.000955674 0.00352329 0.00646551 0.00561337 0.00737108 0.00662619 -0.00435642 -0.00774793 0.00950774 -0.00535818 -0.00291755 
-0.000455686 -0.000456186 -0.000134423 -0.00136775 -0.000832264 0.00175293 -0.000447081 0.00102333 -0.000156525 0.000719533 0.00581882 0.0737345 -0.00183236 -0.000358772 0.00174033 0.00414363 -0.00312775 -0.00327624 -0.00183221 -0.00134398 -0.0011879 -0.00124963 -0.00324299 -0.00239988 0.00178346 0.00497228 -0.00304614 -0.00380693 0.000471797 0.0010202 -0.00137324 -0.00178145 -0.00151456 -0.00206689 0.000255056 0.00059343 0.00170873 -0.00419257 0.00359001 -0.00510706 -0.00241899 -0.000854448 0.00111642 0.00327225 -0.000638564 -0.00321439 -0.00368758 -0.00127144 -0.00136257 -0.00344156 0.00106518 0.00169719 -0.00242702 -0.0026686 -0.00100157 -0.0058138 0.000185098 -0.00076357 -0.00338297 -0.00187166 -0.00109362 -0.00346016 -0.00118356 0.00517878 -0.00300021 0.00135102 -0.00248522 0.000726089 0.00120482 0.0047813 -0.00185325 0.00229288 -0.000418507 -0.000508377 -0.00299785 -0.00208416 -0.000767023 -0.0021401 -0.00634813 0.000892867 -0.000991661 -0.00260176 0.000784465 0.00123282 -0.0023453 -0.00314076 0.00218409 -0.00357107 -9.88347e-05 0.00364292 0.00202058 -0.000381841 -0.00306192 -0.00146518 -0.00213101 -0.000264508 -0.00323013 -0.00335406 -2.68357e-05 -0.0005426 
0.00588975 0.00344916 0.000974388 -0.00135784 -0.00131583 -0.000980594 0.000106105 -0.0020539 0.0110911 -0.00233231 -0.0036438 -0.00183236 0.117923 0.00383371 0.000281991 0.00446908 -0.00264448 -0.0147193 -0.00806027 0.00354177 0.000311556 0.00292725 -0.00417677 -0.00047891 0.00424263 0.00593084 0.00653602 -0.00407237 0.00401327 -0.00111597 0.000674323 -0.00140408 -0.00201245 0.00102114 -0.000805058 -0.000384782 -0.00169006 -0.00314166 0.000647535 -0.000877141 0.000787608 -0.00234131 -0.000838024 -0.00652105 -0.00499219 -0.00516401 -0.0049159 -0.000340805 -0.000423818 0.00222483 -0.00281957 -0.0163103 -0.0050345 -0.00658245 -0.00947536 -0.00205987 -0.000907858 0.00109247 -0.00841493 -0.00198033 0.00528853 -0.00316343 -0.00137363 0.00341554 -0.00277853 0.00551722 0.00419604 0.00275329 0.00296493 -0.00107248 -0.00336992 -0.00537878 0.00129389 0.000989954 -0.00421606 0.00200043 -0.00217241 -0.00157649 0.00208394 -0.00283868 -0.00187162 -0.00307739 -0.00109157 -0.00243571 -0.00552863 0.00031176 -0.00193734 -0.00576288 -0.00242151 -0.0036675 0.00697144 0.00238323 -0.00687011 -0.00334197 -0.0068689 -0.00129414 -0.00271995 -0.00549155 0.00184436 -0.00344097 
-0.00389901 -0.00372528 -0.00427002 0.00499877 0.00671911 0.00774093 -0.00523344 0.00356068 0.0093032 0.00552113 0.00778015 -0.000358772 0.00383371 0.143291 0.00930646 0.00759497 0.00728664 0.00192885 0.00850846 0.000618672 0.000288634 -0.000356947 -0.00161461 -0.0102289 -0.00812946 -0.00337869 -0.00481026 -0.00421644 -0.00175248 -0.00504458 -0.00408797 0.00167818 -0.000328173 -0.00800846 -0.00530181 0.00125343 -0.00395158 -0.00599578 -0.00294905 0.00439074 -0.0069098 0.00383305 0.00427448 -0.0057351 -0.00835347 0.0165461 -0.00482346 0.00973933 -0.00324528 0.00246055 -0.00323489 -0.0163364 -0.00351026 -0.00845405 -0.0090558 -0.00448859 -0.000322242 -0.00977301 0.00182536 -0.00345502 -0.00551881 -0.00366374 -0.00445515 -0.00176305 -0.00892461 0.00265349 -0.00516323 7.89782e-05 -0.003912 0.00202735 -0.00577717 -0.000601066 0.00509446 0.000331316 0.00404587 -0.00764573 -0.000514199 0.00229343 -0.00466428 -0.000876705 -0.00389296 -0.00406051 -0.00583798 -0.000144913 0.000572898 -0.00988661 -0.000250851 0.00118625 -0.00299344 -0.00576923 -0.00816549 -0.00118361 -0.00153021 -0.0049215 -0.00130534 -0.00392245 -0.00357301 0.00339588 -0.00740123 -0.00230453 
-0.000722267 -0.000846055 -0.000847359 -0.00145729 0.00110716 -0.000517197 -0.00770888 0.00318274 0.0037369 -0.00389576 0.00159309 0.00174033 0.000281991 0.00930646 0.104679 0.00129674 0.00517431 3.23348e-05 -0.00550696 0.00163684 0.00382296 -0.00533523 -0.00181532 8.93613e-05 0.00181372 0.00902134 0.00454854 -0.00120878 -0.00220828 -0.00342593 -0.00238801 0.00103022 -0.00197883 -0.00316509 0.004523 0.00246231 0.00176881 -0.0068504 -0.00645294 -0.00236752 -0.000870383 -0.000612811 -0.00245907 -0.00240426 -0.00484654 -0.00209746 0.00376157 6.64344e-05 -0.0010938 0.0015308 0.00112905 -0.00923979 -0.00773933 -0.00695331 -0.00355256 -0.00103744 -0.00158467 0.00394434 -0.00303752 -0.00315743 0.00185639 -0.0046153 -0.00202151 -0.00229237 -0.00449647 0.00644014 -0.00220927 -0.000195438 -0.00214516 0.00146233 0.00785161 0.00317753 0.00130983 0.000374605 0.00504429 -0.00445366 -0.000110084 0.000812567 -0.002355 -0.00224848 -0.00109852 -0.007225 -0.00148964 -0.0021416 -0.00727442 0.000691017 -0.00231675 -0.00650107 -0.00220793 -0.00552803 -0.00626928 -0.00302327 -0.00484158 -0.00528226 0.000316207 -0.00286731 -0.00328016 -0.00433195 0.00120609 -0.00161734 
-0.0115281 -0.00524751 -0.00312791 0.00254481 -0.00793849 -0.00364602 -0.00325518 -0.0117673 0.0212527 0.0108726 0.000209329 0.00414363 0.00446908 0.00759497 0.00129674 0.159079 0.00398476 0.00812142 0.00436087 0.00547347 -0.000582398 -0.0052183 0.00384122 -0.00349101 0.0152648 0.00462763 0.011995 0.00102843 -0.00282064 0.000830122 -0.00358683 -0.00398341 0.0123984 -0.00168924 -0.0155515 -0.00260821 -0.00302077 0.000687755 -0.0107923 0.00185643 -0.0138484 -0.00163554 -0.0088251 -0.00600044 0.00375519 0.00708497 0.0038288 -0.00343852 -0.00474782 0.00834236 0.000410676 0.00995677 -0.00498754 0.0109804 -0.00784691 -0.010196 -0.0039378 -0.0133345 0.0020853 0.00256826 -0.00552497 -0.0063194 -0.00206135 0.00899087 -0.00867165 -0.00396242 -0.0105925 -0.00239174 -0.000677191 -0.00247419 -0.00868456 0.00214932 0.00044712 -0.000482861 0.00664464 -0.00640828 -0.00638743 0.00416039 -0.0152425 0.00024977 -0.00353142 -0.0114138 -0.0126914 -0.00239199 0.0132948 -0.0071692 -0.00426828 0.000169881 -0.00175187 -0.00778082 -0.0207804 -0.000700581 -0.00477314 -0.00973592 -0.0052364 -0.00254125 -0.00338247 -0.00235528 -0.013625 0.0016113 
0.00610724 0.00264025 -0.00412946 -0.000205182 -0.00134029 -0.00388132 -0.00225872 -0.00666732 0.0227567 -0.0027865 -0.00841011 -0.00312775 -0.00264448 0.00728664 0.00517431 0.00398476 0.18426 0.00986164 0.015986 0.0117013 0.00986991 0.0168759 -0.000862527 -0.00733985 -0.00633209 -0.00798289 -0.00924188 -0.00537622 -0.00321997 -0.00541859 -0.00326105 0.00470278 -0.00319747 0.00313127 0.00700864 -0.00393228 -0.00707378 -0.0125172 -0.00904423 -0.00275775 -0.00309143 -0.000628963 -0.00246692 -0.00638724 -0.0113614 0.00826342 -0.000568156 -0.0064194 -0.00093863 -0.0129345 0.00720984 -0.0180552 -0.0152014 -0.00816403 0.000806668 -0.00778158 -0.000212929 0.00540486 -0.0137663 -0.00261975 -0.00408897 -0.00426918 -0.005977 0.00139383 -0.0092863 -0.00545198 -0.00443926 -0.000487564 -0.00823774 0.0069122 -0.00781662 0.00200406 -0.00311889 -0.000416741 -0.00917393 -0.011652 -0.00473457 0.00584709 -0.00277661 0.0111157 -0.00231328 -0.00440816 -0.00952372 0.00101005 0.00953679 -0.000934071 -4.4495e-05 -0.00520362 -0.005633 -0.00252751 -0.0146741 -0.00618856 0.00292896 0.00245217 -0.00944307 -0.00252566 0.00013182 0.00372489 0.00495657 -0.0060926 
-0.0113178 -0.0119352 -0.00288262 -0.000908606 -0.00285932 -0.000206744 -0.00713166 -0.0102894 0.018722 0.00388726 -0.0043727 -0.00327624 -0.0147193 0.00192885 3.23348e-05 0.00812142 0.00986164 0.212272 0.00220632 -0.00636661 0.00636742 0.0192594 -4.22638e-05 -0.000823084 -0.00542091 -0.00198005 -0.0075975 -0.00187763 -0.00367118 -0.00119892 -0.013426 -0.00613059 -0.0144452 -0.00185891 -0.00774518 0.00666575 -0.0177925 0.00159758 -0.00418787 -0.000288987 0.0015937 1.7653e-05 -0.00673428 -0.00401388 -0.00123522 0.0240127 0.00328761 -0.000131735 -0.00717899 -0.0101818 -0.00967268 0.00115043 -0.00922622 -0.00974819 -0.00386799 0.00210155 0.00397437 0.0101959 0.00246023 -0.00124165 -0.013043 0.00674411 1.86872e-05 -0.00384334 -0.00993785 -0.00515755 -0.00128508 -0.00514173 -0.00200279 -0.00478989 -0.00991168 0.000118294 -0.0047789 -0.000262878 0.00474221 -0.00832676 -0.00889304 -0.00258244 -0.00221276 0.00110178 -0.00318122 -0.0152225 0.00439584 0.0051358 0.0128431 0.000698286 0.00654658 -0.00303759 -0.00247347 -0.0167417 -0.0211693 -0.00889836 -0.00519228 0.0133441 -0.00251277 0.00342973 -0.001747 -0.0086559 9.89444e-05 5.42241e-05 
-0.000313936 0.00195333 0.0029111 -0.00120407 -0.00885142 0.00772602 -0.00514912 -0.0011473 -0.00175817 0.0034816 0.0101248 -0.00183221 -0.00806027 0.00850846 -0.00550696 0.00436087 0.015986 0.00220632 0.186748 0.00215564 0.00219596 0.00610856 0.00461425 -0.00574304 -0.00630811 -0.00466688 0.00641593 -0.00683678 0.00227327 -0.0061128 -0.0109448 -0.00345048 0.0161772 0.00908775 -0.00288699 -0.00693148 -0.00405926 -0.00512399 -0.0069377 0.00114014 -0.00432744 -0.00625935 -0.00161139 -0.00885488 1.07097e-05 0.00864941 -0.0016638 -0.00630146 -0.00102818 -0.00405009 -0.00321681 -0.00128883 -0.00811585 -0.00489979 -0.00793021 -0.0188705 -0.00578123 0.0139879 -0.0124707 -0.0129427 -0.00154903 0.00530525 -0.00361357 -0.00843067 -0.0090588 0.00780575 -0.0129202 -0.00256011 -0.00884296 -0.00409763 0.000978786 -0.00633748 0.00749752 -0.00567454 0.00291661 -0.0113006 -0.00242349 0.0141527 0.00143966 -0.00303583 -0.00405006 0.00268773 -0.00686568 0.00850552 -0.0169078 -0.0196042 -0.00776799 0.00855502 4.17269e-05 4.00162e-05 -0.00857491 -0.000229246 -0.00619176 0.00197151 -0.00963003 0.0016084 -0.00936517 0.0133664 -0.00507223 -0.00615317 
-0.00267947 0.0027183 0.00685715 -0.00189905 0.00391839 -0.00398252 0.00229447 -0.00109353 0.000192601 -0.00254343 -0.00417006 -0.00134398 0.00354177 0.000618672 0.00163684 0.00547347 0.0117013 -0.00636661 0.00215564 0.106899 0.0118851 0.00801816 0.00348897 -0.000986448 0.0108406 0.00177151 -0.0121843 0.00205831 -0.00199267 0.00157796 0.00094145 -0.00306754 -0.000948804 -0.00434303 -0.00280965 0.0029876 -0.00648759 -0.00945495 -0.00426927 -0.00281628 -0.00814411 -0.00292399 0.000140182 -0.000623536 -0.00455588 -0.00163998 -0.00169761 -0.00368675 0.00895983 -0.00577006 -0.00211513 -0.00805669 0.00215294 -0.00714348 -0.00390847 -0.000457054 -0.00341974 -0.00292602 -0.0102667 -0.000400861 0.00157665 0.000128802 -0.00232361 -0.0026258 -0.00346518 -0.00361044 -0.00350937 -0.00105219 -0.00268797 0.000329323 -0.00765356 9.89634e-05 -0.00360999 -0.0013115 -0.00556724 -0.00572019 0.000590535 0.00384628 0.000683153 0.0041069 0.00103109 -0.00332792 -0.00246794 -0.00099597 -0.0100122 -0.00193579 -0.00390599 -0.00148056 -0.00109342 0.000204239 -0.00112939 0.00112987 -0.000453214 -0.00133982 -0.000821907 0.00128788 -0.0014993 -0.00274043 -0.000361329 3.32171e-05 
8.84366e-05 0.00141802 -0.0014201 0.00108533 0.00215073 -0.00601048 -0.00308795 -0.00468716 0.000982154 -0.00598506 -0.00849451 -0.0011879 0.000311556 0.000288634 0.00382296 -0.000582398 0.00986991 0.00636742 0.00219596 0.0118851 0.135805 0.00997291 0.00244258 0.00477437 0.00646092 0.0125668 -0.0206935 -0.00258734 -0.000987494 -0.00190754 -0.00523229 -0.000230705 -0.0028177 -0.00366927 -0.000565719 -0.00271039 0.00603095 -0.00646249 -0.000673294 0.000431274 -0.00104415 0.000214199 -0.00158021 0.00846581 -0.0117212 0.00701431 -0.00201355 0.0060212 -0.000216262 -0.00838405 0.00656098 -0.0057255 -0.00360589 -0.0106013 -0.00730806 -0.00752123 -0.00568978 -0.00836637 -0.0116001 -0.00276006 -0.00271962 -0.00245732 0.00559016 -0.00448114 -0.00569717 -0.00100457 0.00801171 -0.00125266 -0.00132585 0.0057259 0.00987616 -0.00266152 -0.00175916 0.00279889 -0.00524398 -0.0135264 -0.000411806 -0.00554033 0.00176308 0.00180303 -0.000313295 -0.0111396 -0.00345159 -0.000746193 -0.00685472 -0.0212743 -0.00292821 -0.00197115 0.00121426 -0.00584469 -0.00379871 0.00266494 -0.00284337 -0.00533178 -0.00862696 0.00114783 0.00104402 0.00217952 0.00368476 -0.00339492 
0.00057106 0.00725633 -0.000837558 -0.00424284 0.00130043 -0.00428743 -0.0163007 -0.00808058 0.00206077 -0.00818684 -0.00249211 -0.00124963 0.00292725 -0.000356947 -0.00533523 -0.0052183 0.0168759 0.0192594 0.00610856 0.00801816 0.00997291 0.153042 0.00275541 0.00767301 -0.00180931 0.00718531 -0.0157393 -0.00313822 -0.00370529 -0.00230654 -0.000228703 0.000301702 -0.00661496 -0.00300382 0.00512595 -1.29744e-05 -0.00594556 -0.00349705 -0.00775693 -0.00165401 0.00310713 -0.00507196 0.0136252 -0.00481394 -0.00950738 0.014322 -0.0036378 0.0048702 -0.00225958 -0.0078883 -0.00246923 0.00379399 -0.00619668 -0.00959914 -0.000248091 -0.00330138 -0.00392677 0.00224357 -0.00941911 -0.000935086 -0.0088833 -0.00431811 -0.00522223 -0.0031838 -0.00702215 -0.00936616 -0.00591087 0.00355987 -0.00203181 0.0010503 -0.0105322 -0.000646502 -0.00211662 -0.00161584 -0.00280495 0.00307993 -0.00272814 -0.00476103 -0.00545887 -0.00455592 -0.00103198 -0.0153502 -0.00574539 0.00174859 0.00198053 -0.0101999 -0.00519198 -0.00624273 0.00133121 -0.00230925 -0.00905019 -0.00554917 0.00313672 0.00341985 0.00351957 -0.00207321 0.000696898 -0.00234444 0.0135994 -0.00199667 
-0.00448536 0.000977983 0.0037759 -0.000876144 -0.00567887 -0.000424811 -0.00303286 -0.00625331 -0.00116088 0.00510751 0.00283479 -0.00324299 -0.00417677 -0.00161461 -0.00181532 0.00384122 -0.000862527 -4.22638e-05 0.00461425 0.00348897 0.00244258 0.00275541 0.0968775 0.00406995 -0.00472803 0.00539356 0.00332244 0.00710385 -0.00263142 -0.00209318 -0.00440298 -0.00150047 -0.000969536 -0.00223897 -0.00274003 -0.00386653 -0.0065408 0.00373036 0.00110952 0.00232829 -0.00272412 -0.00101149 -0.00514309 -0.00234991 0.00672104 -0.00533851 7.23202e-05 -0.00239066 -0.00214448 -0.000675138 -0.00145618 0.00504895 0.00245014 0.0072953 0.00131952 -0.00801702 -0.0040122 -0.0112557 -0.000541605 -0.00239005 -0.00491905 -0.00594551 0.000250763 -0.00440746 0.00037073 -0.00342685 -0.0026595 -0.000316289 -0.000928613 -0.00216874 -0.000974357 0.00339119 -0.00202813 -0.0041224 -0.00297176 -0.00210188 -0.000700128 0.00354246 -0.00552096 -0.000515185 0.000332483 0.000771009 -0.00485645 -0.00372644 0.00509668 -0.00481765 -0.00314996 0.000118701 0.000110734 -0.00460899 -0.00646602 -0.00310711 0.00806124 -0.00304072 -0.00305814 -0.00350694 -0.00369553 0.0056929 -0.000381102 -0.00146964 
0.00106804 -0.000619496 -0.00638428 -0.00399814 -0.00574797 0.000366344 -0.00337762 -0.00529565 0.00569684 -0.00550999 -0.00431936 -0.00239988 -0.00047891 -0.0102289 8.93613e-05 -0.00349101 -0.00733985 -0.000823084 -0.00574304 -0.000986448 0.00477437 0.00767301 0.00406995 0.121779 -0.00670798 0.00658036 -0.00167345 0.00857509 -0.00160447 -0.00447421 -0.000331306 -0.000333433 -0.00602822 0.00224555 -0.00435897 0.000737268 -0.0093246 -0.0026438 -0.00482985 -0.00139349 -0.00437371 -0.00351837 -0.000717092 0.00233586 0.000483824 -0.00639372 -0.000186567 0.00139125 -0.000809839 -0.00973333 -0.0125104 -0.00308429 -0.00968408 -0.00443425 0.00127221 -0.00472072 -0.00259583 -0.00189482 0.00832245 -0.00659169 -0.0016924 -0.00713634 0.00129363 0.00192615 0.00263871 -0.00373172 0.00659697 0.00228545 -0.000662658 -0.00255772 -0.00224585 -0.00488173 -0.00365814 -0.000697292 -0.00794199 0.00233964 0.00411613 -0.00387533 -0.00357988 -0.00390552 0.00294412 -3.62785e-05 0.0013885 0.000446133 0.0126385 0.00235859 0.00296697 -0.0021775 0.000839689 -0.00127529 0.00366685 -0.00171779 0.000966544 0.00447362 -0.00249036 0.00308224 0.00163331 -0.00663909 0.0082108 -0.00167409 
0.0030574 0.0018726 0.00272817 -0.0056854 -0.00471408 -0.00342865 0.00917125 -0.00771294 0.00197004 -0.00449726 -0.00553607 0.00178346 0.00424263 -0.00812946 0.00181372 0.0152648 -0.00633209 -0.00542091 -0.00630811 0.0108406 0.00646092 -0.00180931 -0.00472803 -0.00670798 0.15157 0.00606368 0.00307925 0.00862394 -0.00321599 0.00223418 0.00577332 -0.00220469 -0.00201429 0.00516572 -0.0050751 0.00423284 0.000280815 -0.0011625 -0.00729163 -0.00879896 -0.00428077 0.00231284 -0.00489945 -0.00447944 -0.00359185 0.0048286 0.0071257 -0.00477109 0.00943091 0.00105215 -0.00231884 0.00701504 0.00238783 0.000482775 -0.00594348 0.00904243 -0.0055939 -0.00823309 -0.010602 0.00414903 -0.00251066 0.00285678 -0.000849409 0.0045817 -0.00492183 -0.00266131 -0.0056484 -0.00234071 0.0046965 -0.000323309 -0.00291965 0.000366577 -0.00213725 -0.00527164 -0.000812414 0.00236627 -0.00739859 -0.0107549 -0.00164649 -0.00335227 -0.0029975 -0.012198 -0.0105743 -0.00533812 -0.00793008 -0.00806995 -0.00174333 0.000892842 -0.00270631 -0.00200964 -0.00874086 0.0066024 -0.00704599 -0.0179326 -0.00586026 -0.00523947 0.0019067 -0.00828965 -0.00560827 0.00299366 
0.00190538 0.00472413 -0.0039548 -0.00255067 -0.00636273 0.0104845 -0.00883218 0.00671087 0.00636888 -0.00846986 0.0114391 0.00497228 0.00593084 -0.00337869 0.00902134 0.00462763 -0.00798289 -0.00198005 -0.00466688 0.00177151 0.0125668 0.00718531 0.00539356 0.00658036 0.00606368 0.155461 -0.00920014 0.00318586 0.00179742 -0.00113224 -0.000221345 -0.00248073 -0.00442458 -0.0035255 -0.00431707 0.00538668 -0.00401968 -0.00431331 0.0095852 -0.00364195 -0.00148422 0.000299693 -0.00347225 -0.00546773 0.00880303 -0.00719511 -0.00726014 0.00192243 -0.0018153 -0.0113333 -0.0113142 -0.00330881 -0.002563 -0.00820989 -0.000396957 -0.0105822 -0.00121406 -0.00606362 -0.0066437 0.00114483 -0.00561704 -0.00240513 0.0103463 -0.00543242 -0.00614346 0.00451656 -0.00798679 0.000739193 -0.00221853 -0.000722128 -0.00478307 0.00262057 -0.00584047 0.00398096 -0.00684147 -0.00375809 -0.000302184 -0.00265656 -0.00601476 -0.0114305 -0.000412602 -0.00863418 -0.000749915 -0.00329957 -0.0056653 -0.0100667 0.00255096 -0.00231351 0.00202928 -0.00428406 -0.0109696 -0.00922568 -0.0072334 -0.00553078 -0.00847226 -0.00496026 -0.00381391 0.00326244 0.011056 -0.0028706 
-0.0175417 -0.00363612 0.00418691 -0.0031409 -0.0101307 -0.0049546 0.0111596 -0.00526131 0.00968025 -0.0112881 -0.014869 -0.00304614 0.00653602 -0.00481026 0.00454854 0.011995 -0.00924188 -0.0075975 0.00641593 -0.0121843 -0.0206935 -0.0157393 0.00332244 -0.00167345 0.00307925 -0.00920014 0.209848 0.0067633 0.0021949 -0.00148802 0.0122684 0.00248268 0.0179513 0.0129339 -0.00296787 -0.00278347 -0.0100595 -0.000171899 -0.00316682 -0.000472698 -0.0129791 -0.00106959 -0.00155888 -0.0195808 -0.0077621 0.00230287 0.00305116 -0.00492435 -0.00500977 0.00407698 -0.0026309 0.00194309 -0.0138241 0.00270242 -0.00602616 0.0202246 -0.00203586 0.0108596 0.00540529 -0.000934951 0.00479421 -0.00600195 -0.00468547 -0.00407212 0.000292024 0.0101647 -0.00797972 -0.00464891 -2.87029e-06 -0.00762277 0.0180266 -6.2851e-05 0.0128988 -0.00457901 0.00920953 0.00475462 -0.00365503 -0.000902298 -0.0122554 -0.00443177 -0.00501998 -0.0132226 -0.0121878 -0.00170896 -0.00624976 0.00596 -0.0119043 0.00158937 -0.00232273 -0.00325512 -0.00995679 -0.00364005 -0.00158444 -0.0100504 -0.00528163 0.000401497 -0.00830603 -0.015243 -0.0160937 -0.00264042 
-0.00329423 0.000939696 -0.00348673 0.000277484 -0.00118656 -0.00541861 -0.00126054 -0.0065168 -0.000732073 -0.000300569 0.00134727 -0.00380693 -0.00407237 -0.00421644 -0.00120878 0.00102843 -0.00537622 -0.00187763 -0.00683678 0.00205831 -0.00258734 -0.00313822 0.00710385 0.00857509 0.00862394 0.00318586 0.0067633 0.0956137 -0.00125616 0.00424057 0.00226743 0.00163937 -0.00139859 1.46491e-06 -0.00809857 -0.000412965 -0.00515623 0.00330101 -0.00434747 -0.00316128 -0.00614381 -0.000154185 -0.00257728 0.00602071 -0.004286 0.0016635 0.00542622 -0.00291855 -0.000359287 -0.00395985 -0.00440367 -0.00169525 -0.00361884 -0.00158975 0.00268867 0.00444175 -0.000827338 -0.00421618 0.0123783 -0.000450988 -0.0016627 0.000615101 -0.000988881 -0.00262576 -6.29924e-05 -0.00232639 0.00087678 -5.54582e-05 0.000856093 -0.00343989 -0.00412411 -0.00133122 -0.00297357 0.00171176 -0.00723614 -0.00418789 -6.85267e-05 0.00262989 -0.00417787 -0.00332712 0.000337952 -0.00846157 -0.002125 -0.00497544 0.00309151 -0.0060945 -0.00369985 0.00202506 -0.000991573 -0.00296258 -0.00610386 1.38483e-06 -0.00212763 -0.00194572 -0.00029072 -0.00168975 0.002874 0.00214069 -0.00200088 0.00166051 
0.000637246 0.00189894 0.000980538 0.00279875 -0.00254986 0.00313852 -0.00414936 0.00180428 -0.00214454 -0.000773986 0.000691938 0.000471797 0.00401327 -0.00175248 -0.00220828 -0.00282064 -0.00321997 -0.00367118 0.00227327 -0.00199267 -0.000987494 -0.00370529 -0.00263142 -0.00160447 -0.00321599 0.00179742 0.0021949 -0.00125616 0.0597465 0.000879221 -0.000553414 -0.00121246 0.00317986 0.00269215 -0.00208066 -0.000423695 -0.000941139 -0.00182696 0.0034575 -0.00177031 0.000220174 -0.00125693 0.00293048 -0.000862435 0.00147672 -0.00288529 -0.00182074 -0.0012706 0.000912416 0.00433349 -0.00171141 -0.00240515 -0.000307248 -0.00342829 -0.00248529 -0.00782276 0.00077826 0.00241149 -0.00429453 -0.0027324 0.00114809 -0.00158925 -0.000856142 8.22211e-05 -0.000520795 0.00281826 0.00100015 -0.000363983 -0.00171027 -0.00294638 0.00158789 -0.000244505 0.000229079 -0.00138476 -0.00249393 -0.000322114 0.00100852 -0.00164872 -0.00535296 -0.00202213 -0.000108406 0.0011485 0.00010665 -0.00100955 -0.00252013 -0.00796565 -0.00144579 0.000106517 0.000479559 -0.000364453 0.00243499 -0.00194004 -0.0021124 0.00324622 0.000102902 0.00268158 -0.00161788 -0.00114524 0.000371674 -0.00181098 
-0.00307703 -0.00178849 -0.00102567 5.52257e-05 0.00121091 0.00014487 -0.00194823 -0.00362483 -0.00558562 -0.00186079 -0.000951718 0.0010202 -0.00111597 -0.00504458 -0.00342593 0.000830122 -0.00541859 -0.00119892 -0.0061128 0.00157796 -0.00190754 -0.00230654 -0.00209318 -0.00447421 0.00223418 -0.00113224 -0.00148802 0.00424057 0.000879221 0.0669708 0.00146573 9.34761e-05 -0.00101533 0.00159367 -0.00392142 -0.000664207 0.000557084 0.00157515 0.000957759 -0.0010289 -0.00475083 0.00090931 -0.00466908 -0.00231659 -0.00118389 -0.00375153 0.00126183 -0.0011186 -0.000267449 -0.00489037 -0.00305634 0.00333367 0.00311389 -0.00295401 0.00103327 -0.00154087 -0.000740506 0.000591503 -2.57326e-05 0.00270456 0.00185105 -6.90399e-05 0.00423398 0.000253075 -0.000256222 -0.00281649 0.00176249 -0.000387005 0.000595535 0.000620806 -0.00088186 0.000758269 5.16477e-06 0.0010448 -0.000963098 -0.00189475 -0.00119179 -0.000880618 -0.000601278 -0.00253542 7.2359e-05 -0.00320064 -0.00151163 -0.0014387 0.00264502 -0.00202094 -0.00174752 0.000399332 0.000157659 0.0052836 -0.00158594 0.00169546 -0.000929574 -0.00206165 0.00134817 -0.0019688 -0.00129135 0.000188484 0.00136931 0.00107134 
-0.00294359 0.00161627 0.000805631 -0.00283925 0.000608138 -0.00425289 -0.000575688 -0.00200942 -0.00793218 0.000134006 -0.00452094 -0.00137324 0.000674323 -0.00408797 -0.00238801 -0.00358683 -0.00326105 -0.013426 -0.0109448 0.00094145 -0.00523229 -0.000228703 -0.00440298 -0.000331306 0.00577332 -0.000221345 0.0122684 0.00226743 -0.000553414 0.00146573 0.121342 -0.000964718 -0.00314764 -0.00373606 -0.00474177 -0.00330592 -0.00685136 -0.00546522 0.000252158 -0.00401281 -0.00959067 -0.00363446 -0.00580153 -0.0029516 -0.00371263 -0.00532072 0.010529 -0.000785647 -0.00188434 -0.000208243 0.0109582 -0.0103413 -0.000102099 0.00377225 -0.00285838 0.0273397 -0.00117185 0.000128037 0.000827582 0.00878738 -0.00027236 -0.00945321 -0.00330832 -0.00130055 -0.0047079 -0.00272019 -0.000334302 -0.000486092 -0.000697732 -0.00143025 -0.0017954 0.00421174 -0.00016362 1.32536e-05 -0.00213633 0.00212808 -0.00269621 -0.00250891 0.0101342 -0.00380716 -0.000649352 0.000426476 0.00084323 -0.00430973 -0.00927984 0.00324279 -0.00104553 -0.00177378 0.000889635 0.000332717 -0.00305733 0.00068313 -0.00225016 -0.012778 0.00374921 -0.00289327 0.00114054 -0.00800918 0.000371902 0.000907157 
0.000451032 -0.00035602 -0.00242243 -0.00098419 -0.000141637 -0.00153458 -0.00109102 -0.000402422 -0.000508668 0.00119477 -0.00246556 -0.00178145 -0.00140408 0.00167818 0.00103022 -0.00398341 0.00470278 -0.00613059 -0.00345048 -0.00306754 -0.000230705 0.000301702 -0.00150047 -0.000333433 -0.00220469 -0.00248073 0.00248268 0.00163937 -0.00121246 9.34761e-05 -0.000964718 0.070973 0.00715442 -0.00204059 0.00190888 0.000269377 0.00349598 -0.00338379 -0.00394443 -0.00366375 -0.00172763 0.00300536 -0.000389724 -0.00169115 -0.00487125 -0.00178565 -0.00571672 0.000407213 -0.000202918 -0.0023919 -0.000130274 -0.00574937 -0.00424062 -0.00193845 0.00434197 -0.00466406 -0.00204726 0.00373086 0.00197908 -0.000276251 0.00642727 -0.00196392 -0.00243562 -0.00273428 -0.0024132 -0.00225279 0.000469841 -0.00107903 -0.00141156 -0.00101676 0.00421722 -0.0013392 0.000595337 0.00361283 -0.00378827 0.00120039 0.00113361 -0.00193188 -0.00352158 -0.000697071 -0.00051241 -0.00185827 -0.00159546 0.000529521 0.00290843 0.000367685 -0.000832681 0.00156795 -0.00105819 -0.00148726 0.000526988 0.00542153 -0.00176343 -0.00996633 -0.00339173 -0.00189049 0.00195267 0.00183453 -0.00327651 0.00011884 
-0.00652255 0.000983388 -0.00103065 -0.00174187 0.000764449 -0.00539025 0.000289989 -0.00691264 0.000613842 -0.000718239 -0.00589968 -0.00151456 -0.00201245 -0.000328173 -0.00197883 0.0123984 -0.00319747 -0.0144452 0.0161772 -0.000948804 -0.0028177 -0.00661496 -0.000969536 -0.00602822 -0.00201429 -0.00442458 0.0179513 -0.00139859 0.00317986 -0.00101533 -0.00314764 0.00715442 0.128681 -0.000573437 0.00576346 -0.000785779 0.00959094 0.000690236 -0.000704295 0.00562727 -0.0115444 -0.00165061 -0.00132766 -0.00538688 -0.00643471 -0.00421333 -0.00887276 0.000256977 -0.00121619 0.0126135 0.0133611 0.00958525 0.000744629 0.00331223 -0.00123671 -0.0195171 -0.00388934 -0.00559306 -0.0136547 -0.000757397 0.000944318 -0.0110231 -0.00359115 -0.00227899 0.00236856 0.00386421 -0.00688383 0.0013624 -0.0017801 -0.00552851 0.01162 -0.00157118 0.00611562 -0.000649095 0.00722339 0.000928371 0.00259961 0.00498005 -0.00932234 -0.00483968 -0.00174091 -0.00767247 -0.00901454 -0.00417782 -0.00118041 -0.0115022 -0.00968275 0.00134259 0.000681846 -0.00401902 -0.0026801 -0.00328267 -0.00169829 -0.0124269 -0.000885345 0.000911319 -0.0028875 0.00444921 -0.007149 -0.00323301 
-0.00494953 -0.00362915 -0.00640724 -0.003791 -0.0128409 0.00011035 -0.00819217 -0.00267744 -0.00164539 -0.00534982 -0.00268876 -0.00206689 0.00102114 -0.00800846 -0.00316509 -0.00168924 0.00313127 -0.00185891 0.00908775 -0.00434303 -0.00366927 -0.00300382 -0.00223897 0.00224555 0.00516572 -0.0035255 0.0129339 1.46491e-06 0.00269215 0.00159367 -0.00373606 -0.00204059 -0.000573437 0.121534 -0.00266289 0.00491068 -0.00224017 0.000236657 -0.00485151 -0.00179243 -0.00929427 -0.00382053 -0.00242768 -0.00574878 -0.00186627 0.00116579 0.00745382 -0.000642858 -0.00262349 0.00864843 -0.005291 -6.33408e-05 0.00109094 -0.0010638 -0.00410426 0.00257775 -0.00298747 0.0145512 -0.00569476 -0.00799508 0.00284812 0.0036434 -0.00401653 -0.00560505 -0.00461959 0.00461886 -0.00196222 4.22253e-05 0.00172324 -0.00547581 0.00348786 -0.000144105 0.00756835 -0.0018037 0.0107701 -0.000789783 -0.00299715 0.000574749 -0.00392981 -0.00737604 -0.00482762 0.00412011 -0.00670378 -0.0039088 -0.0046588 -0.00486641 -0.00496888 0.00203586 -0.00304617 0.00396445 -0.0133045 -0.00566216 -0.00199455 0.0122355 -0.00198187 -0.00330831 -0.00475943 0.00287359 0.000253453 -0.00094024 
