0.0812407 -6.42941e-05 0.000360675 0.00612869 -0.0015749 -0.00124789 -0.00298299 0.00324016 -0.000272954 0.000424406 -0.0025655 -6.01256e-05 -0.00578874 -0.00296983 -0.0045123 0.000541601 -0.00332803 -0.00123234 -0.00186291 -0.000790713 0.00545928 0.00987033 -0.0018783 -0.00203828 -0.00390126 -0.00268184 -0.0065138 -0.00399894 0.000715414 -0.0021866 -0.00162243 0.000562457 -0.000746322 -0.00154502 -0.00478672 -0.000883596 -0.00154295 -0.000769607 0.00100353 -0.00164339 -0.000702768 -0.00160069 0.000413192 -0.000736026 -0.00233604 -0.000127071 -0.000114886 -0.00639219 -0.000173822 0.00390768 -0.00103102 -0.00811491 5.94773e-05 -0.00293119 0.00178678 -0.00358581 -0.00312208 0.00114439 -0.00200171 -0.00393828 -0.00200609 -0.00341823 -0.00309882 -0.00261398 -0.000182915 -0.000671715 -0.00380442 -0.0032627 0.00126084 0.00266953 -0.000284301 0.00352775 -0.00171286 -0.000772344 -0.0016909 -0.000716605 -0.0023226 0.00385032 -0.00509572 -0.00494512 -0.00257877 -0.0011968 -0.00150589 0.00305464 0.00212456 0.00124677 0.00389609 -0.00221509 -0.000775032 -8.67728e-05 0.00205978 -0.0006129 -0.000701969 -0.00270458 -0.000202637 -0.000921021 0.00270082 0.00622854 0.0051998 -0.00167637 
-6.42941e-05 0.202152 0.000389596 0.00675862 0.0140333 0.00484895 -0.00807658 -0.00408542 -0.0166535 -0.0200402 0.000912711 0.00168487 -0.00209755 -0.0108432 -0.0117954 0.0069848 -0.0170586 -0.0182283 -0.00444669 0.00167261 0.0021406 -0.0129731 -0.00347852 -0.0143672 0.000493264 0.00520182 -0.00566009 0.00905421 -0.0092285 0.00580433 -0.0115488 -0.00630157 0.00108501 0.00068202 -0.00725209 -0.000257979 -0.00751859 -0.00372312 -0.00457995 0.00304679 0.00385273 -0.00167793 -0.003604 -0.00323058 0.0198728 -0.0119866 0.0102371 0.00135544 -0.0014958 -0.00531758 -0.000927572 0.0146773 -0.00297228 0.00190164 -0.00496732 0.00183283 -0.0123103 0.00477754 0.00119574 -0.00940892 0.0023959 -0.00525162 -0.000997979 -0.00627107 -0.00312779 -0.00607709 -0.0178592 -0.00172492 -0.00571924 -0.013725 0.00538362 0.000766444 -0.00498848 -0.00279642 -0.00111088 -0.000345149 0.00135028 -0.00603881 0.0195396 -0.00024204 -0.00108242 -0.00979661 -0.0019866 0.000112155 -0.00390457 -0.00805955 -0.00118874 0.00661674 -0.00208799 -0.00112573 -0.00291375 -0.0078417 -0.00899235 0.00127631 0.00447203 -0.0146886 -0.0132524 0.0149639 0.00413491 0.0237143 
0.000360675 0.000389596 0.103286 -0.00335858 -0.00314657 0.00107831 -0.00160653 0.00682332 0.00388041 -0.0016415 -0.00380114 -0.00620042 -0.00350637 -0.00449851 -0.00484105 -0.00017947 -0.000877517 8.4442e-06 -0.00275055 -0.000942207 -0.0151629 -0.00205931 -0.00586453 -0.00322753 -0.00527801 -0.00175944 -0.00551088 0.00304823 -0.00445762 0.0115348 -0.00682021 0.00181063 0.00128425 0.00045306 -0.00414241 -0.000747492 0.00488639 -0.00106113 -0.00015936 -0.00615352 0.0025727 0.00523814 -0.00038147 -0.00255912 0.00254096 -0.00563044 -0.000371932 -0.00651841 -0.00131665 0.00245247 -0.00300947 -0.00884607 -0.00468869 -0.00458789 0.00161946 0.00208874 -0.00166574 0.00319264 -0.00241839 0.0149131 0.0022445 -0.0018214 0.00482943 -0.00050341 -0.00334261 -0.00248854 0.00164925 -0.00489612 -0.00161327 -0.00267571 -0.0121419 -0.000516991 0.00404759 0.000319781 0.0017175 -0.000277933 0.000604936 -0.00179595 -0.00608288 -0.0058348 0.00498874 -0.00127948 -0.0038123 0.00279592 0.00141134 -0.00198552 -0.00141573 -0.00578998 -0.00398939 -0.00369078 -0.00458422 -0.00184244 0.000954122 0.00265252 0.00284779 -0.00150084 0.007905 -0.00360686 0.00552109 0.00128661 
0.00612869 0.00675862 -0.00335858 0.122611 0.00541219 3.18284e-05 -5.04784e-05 -0.0030311 -0.00463286 -0.00956294 -0.00393574 -0.000144569 -0.00809331 -0.00816679 -0.00380548 -0.00596344 -0.0035705 -0.00453959 0.00587749 -0.00863226 0.0104847 -0.0114343 0.000294455 0.00727996 0.00467779 0.00334842 -0.00593911 0.00570035 -0.00692595 -0.00722398 0.00529135 -0.00656458 -0.000328667 -0.00368298 -0.00169549 -0.00343849 0.00741805 -9.44053e-05 -0.0044366 0.00502454 0.00420792 -0.00163398 -0.00349761 -0.00101231 -0.00402135 -0.00259389 -0.00035254 -0.00671122 -0.00179425 -0.00201764 -0.00104323 0.00436019 -0.000438707 0.00481139 -0.00315296 -0.00532506 -0.00140695 -0.00291913 0.00465123 -0.00682453 -0.00386154 -0.00420842 0.00105004 -0.00179868 -0.00312144 0.00135917 -0.00856273 -0.00550558 0.00289695 -0.00192798 -0.00778891 -0.00410892 -0.00383157 -7.86781e-05 -0.00802198 0.00281428 -0.00358715 0.00284026 0.0194622 0.0109803 -0.000480879 -0.00223203 -0.0025344 -0.000407783 -0.00835787 -0.00483944 -0.00843075 -0.00744407 -0.00177559 -0.00549612 -0.000302499 -0.0041672 -0.00221312 -0.00387078 -9.30798e-05 -8.42119e-05 0.00387287 -0.00169008 0.00411081 0.0110636 
-0.0015749 0.0140333 -0.00314657 0.00541219 0.102793 -0.00099822 -0.00200925 0.00120459 0.00544959 0.000663097 -0.0046459 -0.00651265 -0.00329546 -0.00277049 0.000566951 -0.00534824 -0.00512436 -0.00512673 0.00098531 -0.000866518 -0.00809725 0.0031351 -0.00218998 -0.00111953 -0.00253182 -0.00763766 0.00782363 -0.00161675 -0.00326504 -0.00411124 0.000672285 -0.00436911 -0.00147279 -0.00164443 0.000533048 0.000380842 0.00245172 -0.00044162 -0.000660771 -0.00115512 -0.00161639 0.00224752 -0.00162654 -0.00584061 -0.00116558 -0.00450468 -0.00206049 -0.00819663 -0.00225319 -0.00258484 -0.0018321 0.00370952 -0.00201059 -0.00236399 -0.00232939 -0.00604125 0.000610134 -0.00327112 0.00103124 -0.00409022 0.00072213 0.000472593 0.00354201 -0.00140931 0.00149863 -0.0012945 -0.00427462 0.000368152 -0.000476009 -0.00476489 0.00254323 -0.00270041 -0.00305075 -1.40322e-05 -0.00491027 0.0022755 0.00428735 -0.00102043 0.00429453 0.00459349 -0.00100258 -0.00148429 -0.00246986 -0.00289574 0.00234981 -0.00597641 -0.00854442 0.00387094 0.001805 -0.00272882 0.000640118 -0.00284289 -0.00485396 -0.00249278 -0.00289721 -0.00180335 0.00552079 0.00392127 -0.00475449 0.00577351 
-0.00124789 0.00484895 0.00107831 3.18284e-05 -0.00099822 0.161939 -0.00113254 0.0111034 0.00629102 -0.00386805 -0.00744978 -0.00983925 -0.00359315 -0.00740615 0.000384226 -0.00400526 -0.0118003 0.00228643 0.0028045 -0.00722173 0.0066469 -0.00843933 -0.0117232 -0.00489612 -0.0030293 -0.0125549 0.0162478 -0.00908177 -0.0143367 -0.011742 0.00219554 0.00508384 0.00162892 0.00130252 0.00569631 -0.00103138 -0.0142254 1.325e-05 -0.00475877 -0.00134355 -0.00251085 -0.000223779 -0.00727306 -0.000852655 -3.25895e-05 -0.00644129 0.0060243 0.00507547 -0.00528638 0.00173154 0.00738285 -0.00503855 -0.000566014 -0.00598918 -0.00685918 -0.00091393 -0.0047732 -0.00258953 0.00210068 0.0110594 -0.00537043 -0.00972904 -0.00484213 -0.0051766 -0.00155357 -0.000329414 -0.00507767 0.00190598 0.0026674 -0.00420117 -0.00557788 -0.00618891 -0.00753018 -0.00220875 0.00692718 0.003443 -0.00547302 0.00308979 -0.00304645 0.010909 -0.00322911 -0.00573881 0.00111674 -0.000825459 -0.00964338 -0.000495447 0.00567238 0.0152049 0.00161777 0.00185261 -0.00996046 -0.00222819 -0.00429178 0.00359767 -0.00207332 -0.00795101 -0.00805606 -0.00196742 0.003262 0.00361733 
-0.00298299 -0.00807658 -0.00160653 -5.04784e-05 -0.00200925 -0.00113254 0.107429 0.00403259 0.00358556 0.0117288 0.000683202 0.00203848 0.0152557 -0.00135565 0.00591064 -0.00205616 -0.00018717 -0.00320355 -0.00285246 -0.00287888 -0.00447959 -0.00532159 -0.00188738 -0.00593703 -0.00868906 -0.00369056 -0.0102424 0.00113833 -0.00332337 -0.00217015 -0.00336111 0.00373333 -0.00249607 -0.0019208 0.00207322 -0.00191881 -5.96711e-05 0.0033866 -0.00380165 -0.00450657 -0.000347039 -0.00530519 -0.0051641 -0.00399442 0.000317808 0.000169355 -0.00382707 -0.00259055 -0.00381219 0.00374371 -0.00332461 0.0040121 -0.00169093 1.7645e-05 -0.000288382 0.00481033 -0.00291267 -0.00451552 -0.00429324 0.00665605 -0.0043685 0.00104912 0.00162458 -0.00520087 0.00108637 -0.00193935 0.00143047 -0.00925667 -0.00237591 0.00155258 0.0102993 0.00021386 0.00737549 0.00179042 0.00390099 -0.00166775 -0.00681941 5.57451e-05 -0.00604438 0.00592279 -0.00272867 -0.00119199 0.00111324 -0.00138245 -0.00222299 -0.00302487 0.00132296 -0.00614334 -0.00272861 -0.00208591 -0.00379015 0.00211536 -0.00178098 0.00169058 -0.0058767 -0.000727033 -0.00720796 -0.00485974 3.68522e-05 -0.00561481 
0.00324016 -0.00408542 0.00682332 -0.0030311 0.00120459 0.0111034 0.00403259 0.146157 0.00727318 0.00162594 -0.00715784 0.00270972 -0.0059497 -0.00286896 0.00892833 -0.00962796 -0.000136716 0.000269569 -0.00481501 -0.00734083 0.00132903 0.00173697 -0.00881356 -0.0083626 -0.00934104 -0.00430647 0.00344773 -0.000429581 -0.00218516 0.00044572 -0.000346351 0.000809867 -0.00200517 0.00521062 -0.00869234 -0.00260439 0.000633845 -0.00505737 -0.000677536 -0.00544719 6.23593e-05 0.00198103 -0.00570539 -0.00471242 -0.00055701 -0.00588328 0.00836101 -0.00233411 -0.00381784 0.00523188 -0.00367376 -0.0161082 0.00395291 -0.0110898 -0.000883985 -0.00543261 -0.0110514 0.000626468 -0.00293683 0.00152392 -0.00102175 -0.0108077 -0.00544756 -0.00402795 -0.00268129 -0.00477456 -0.00383223 -0.00480427 0.000925442 -0.00104047 0.00148266 0.00192975 0.0134045 -0.0010794 -0.00161167 -0.00117987 -0.000845005 -0.00655512 -0.0164834 0.00255942 -0.000612973 -0.000590542 -0.00544018 0.00758661 0.0141598 -0.00398799 0.00265122 -0.00316234 -0.00317866 -0.00228679 0.00589967 -0.000723353 -0.00766232 -0.00230577 -0.00363126 -0.00460436 -0.00256138 -0.000785751 0.011537 -0.00566212 
-0.000272954 -0.0166535 0.00388041 -0.00463286 0.00544959 0.00629102 0.00358556 0.00727318 0.121011 0.0177522 -0.00605379 -0.00290592 0.00264539 -0.0054376 -0.000969601 -0.00623898 0.0032401 0.00549345 -0.00263376 -0.0021532 -0.00545554 0.000253352 -0.00214241 0.00102263 -0.00447159 -0.0119509 0.00764725 -0.00653963 -0.00435242 -3.89104e-05 0.0063083 0.00683409 -0.000680143 0.00255027 -0.00284711 -0.000293451 -0.000232526 -0.000143372 0.00193956 0.00530654 -0.00291025 0.00390179 0.00144898 -0.00241625 -0.00316095 0.00678337 -0.00901083 -0.0047828 -0.00254846 0.00446727 -0.004487 -0.0143786 -0.00333173 -0.0056692 -0.00189911 -0.00829628 -0.0109847 -0.00501733 -0.00254726 0.0118091 -0.00521901 0.00732362 0.000405856 -0.00402255 -0.00415818 0.000201811 0.000485775 -0.00344719 0.00106494 -0.00438221 -0.00706656 -0.00504005 0.00334134 -0.00298057 -0.000966764 0.00133077 -0.0027139 0.000786523 -0.0103703 -0.00470477 0.00523167 -0.00172869 -0.00124216 0.0017708 0.00878641 -0.0101112 -0.00366046 -0.000764181 -0.00220167 -0.000672936 -0.000808779 -0.000882573 -0.00117168 -0.00411111 -0.00538713 0.00067516 -0.0014929 -0.00399953 0.00156399 -0.00801485 
0.000424406 -0.0200402 -0.0016415 -0.00956294 0.000663097 -0.00386805 0.0117288 0.00162594 0.0177522 0.208231 -0.00926245 0.00598497 0.0129077 -0.0038857 0.0110044 -0.00130876 0.00248699 0.00329224 -0.00759873 0.00340208 0.00648249 0.00216367 0.00875789 0.00282174 0.00091747 -0.00101292 -0.0103246 -0.000811135 -0.00322371 -0.00497184 0.0239885 0.00160104 -0.00471037 0.00227445 -0.002467 0.012621 0.00630403 0.00302877 0.00132221 -0.00133299 0.00123464 -0.0111226 -0.00608827 -0.00462724 -0.00420305 0.00428879 -0.0137392 -0.00174406 -0.00278857 -0.00753467 -0.0024334 -0.0212182 0.00547849 -0.00300712 0.00211798 -0.0083248 -0.00538069 -0.0018335 -0.0108464 0.000472785 -0.00330214 -0.00162205 -0.000883258 -0.00306069 -0.00979511 -0.00186352 0.00916424 -0.0123273 -0.00677693 -0.00665814 -0.0107705 -0.00489186 0.00847584 -0.00483595 -0.0104532 -0.0136066 0.0100965 -0.0142168 -0.00498884 -0.0123318 -0.013277 -0.00555429 -0.0054154 -0.00725852 0.00665188 -0.0188545 0.00362387 -0.00715185 -0.00280747 0.00182169 -0.0028355 0.0155668 0.007052 -0.0146267 -0.0120923 0.00385702 -0.00493648 -0.00183821 -0.00815534 -0.0135869 
-0.0025655 0.000912711 -0.00380114 -0.00393574 -0.0046459 -0.00744978 0.000683202 -0.00715784 -0.00605379 -0.00926245 0.143934 0.00349792 0.00403088 0.00487261 0.00456994 0.00708382 -0.00411169 -0.00643394 0.00182137 0.0105956 0.00180986 0.00152861 -0.00217758 -0.0100705 0.00151188 0.00134586 0.0118322 0.00168034 -0.00661998 0.00443127 -0.00198446 0.00461034 -0.000503331 -0.00237693 -0.00384591 0.00490993 -0.0129305 -0.00488535 -0.0022459 -0.0066071 -0.00567789 -0.000601729 0.000427482 0.0127661 -0.00265651 -0.005588 -0.0126769 0.00484275 -0.00167418 0.00267502 -0.00355669 -0.00799386 0.00346708 -0.00396928 -0.00330319 -0.000453708 -0.00743246 -0.00886126 -0.00341792 -0.00120503 -0.00869417 0.00497441 -0.00127957 -0.00365356 -0.00507876 -0.00598609 -0.0029453 0.0233302 0.000294201 -0.00214486 -0.00104089 -0.00263463 -0.00186357 -0.00163866 0.00105542 -0.0087957 -0.0100064 -0.00208651 -0.0171059 -0.00994002 -0.00338071 -0.00268871 0.00082109 -0.00422015 -0.00482218 0.0080647 0.00692724 -0.000354251 0.000930187 -7.36943e-05 -0.000837763 0.000953319 0.00065531 0.0047527 0.00173954 -0.000391989 -0.0043917 0.00280139 -0.00428474 -0.00806575 
-6.01256e-05 0.00168487 -0.00620042 -0.000144569 -0.00651265 -0.00983925 0.00203848 0.00270972 -0.00290592 0.00598497 0.00349792 0.135112 0.00995025 0.00317056 -0.00449087 0.000623617 -0.00106477 0.00585625 -0.00285823 -0.0047452 0.0116027 -0.00103967 0.00406598 -0.00188247 -0.0105909 -0.00116785 -0.0143007 0.0109689 0.0036174 -0.00621117 0.00229266 0.00228439 0.000461675 0.000797535 -0.00685823 0.00392558 -0.00159 0.00273089 -0.00100073 -0.00290109 0.0017286 -0.00245398 -0.00127508 -8.34814e-05 0.00163003 4.39106e-05 -0.00185973 0.00791068 0.00283169 -0.00441423 0.00368345 -0.00260121 -0.0010315 0.000394865 -0.00255574 0.00699105 -0.00974584 -0.0031031 -0.00307226 -0.0110634 0.000975378 -0.00796185 -0.00329852 -0.00363935 0.00564982 -0.00387083 -0.00255912 -0.0164349 0.000905773 -0.00417586 -0.0028986 0.00791727 0.00501912 -0.000222455 -0.00447931 -0.00424765 -0.00375934 -0.00511471 -0.00266193 -0.000652223 -0.00717182 -0.00368678 -0.0063606 -0.00362166 -0.00604706 -0.00447507 0.0017037 -0.00295403 -0.00446361 -0.00272805 -0.00575756 -0.000543942 0.00348285 -0.00480313 0.00190781 0.000873752 -0.0108066 0.00329016 -0.00850951 -0.00278545 
-0.00578874 -0.00209755 -0.00350637 -0.00809331 -0.00329546 -0.00359315 0.0152557 -0.0059497 0.00264539 0.0129077 0.00403088 0.00995025 0.182371 -0.00149387 0.0167865 -0.000407563 -0.00389294 -0.0100208 0.00236062 -0.00703229 -0.0055218 -0.0164331 -0.00425281 -0.0122129 -0.0059007 -0.0105434 -0.0100732 0.00606191 -0.00414487 -0.00301749 0.00568638 0.0024586 -0.0017805 -0.000998996 0.00251539 0.00642826 -0.0141343 0.00332481 0.00165608 -0.00491912 -0.00239539 0.000861995 -0.00540151 0.00344696 0.00683202 -0.00083899 -0.014451 0.0106213 -0.00635853 -0.00380848 -0.00658458 -0.00624902 0.00236928 -0.00807546 -0.0115675 0.00586444 -0.0091939 0.00389048 -0.00251908 0.0158367 0.000537979 0.00548521 0.00211743 -0.00488785 -0.012718 -0.00721903 0.000498908 -0.0100569 0.000142267 -0.00427072 0.00372925 0.0017457 0.0116329 -0.00218238 -0.00251054 -0.00616756 -0.00443688 -0.00598367 -0.0122905 0.00316645 -0.00653244 0.00205366 0.00441004 -0.00789287 -0.00201097 -0.00324675 0.0100856 0.0110437 -0.00345965 -0.000964343 0.00526981 -0.000255437 -0.00617879 0.000356645 0.001752 -0.000614596 -0.0155756 -0.0202636 -0.0126997 -0.00922298 
-0.00296983 -0.0108432 -0.00449851 -0.00816679 -0.00277049 -0.00740615 -0.00135565 -0.00286896 -0.0054376 -0.0038857 0.00487261 0.00317056 -0.00149387 0.106905 -0.00145593 0.00227468 0.00596565 0.00302782 0.00237347 0.00229321 0.000783779 0.00193004 0.00172708 0.00121913 -0.00646141 0.00686967 -0.00922426 0.00330318 -0.00311159 0.000954496 -0.000499231 -0.00300298 -0.00256096 0.00177423 6.78667e-05 -0.00305325 -0.000844963 -0.00135713 -0.00179952 -0.00392384 -0.0030951 -0.00145551 0.00130991 0.000655101 -0.00378527 -0.00207781 -0.00173282 -0.00204723 -0.00179357 0.00149785 -0.00358921 0.00852982 -0.0043703 0.0034184 -0.000860164 0.000425903 -0.000718242 -0.00271888 -0.0054904 -0.00576524 -0.00326671 0.00401689 0.000312034 0.00786504 -0.00282978 -0.00274344 -0.0019462 0.00502902 -0.000103266 -0.000152782 -3.58684e-05 0.00235347 0.000378987 -0.000820623 0.00378913 -0.002354 0.000298484 -0.00657607 -0.00782529 0.00348774 -0.00278694 0.00131894 -0.0011436 0.00702615 -0.00472563 -0.00300656 0.00286187 -0.00678888 -0.00266161 -0.00144537 -0.0046893 0.000427221 0.00379531 -0.00165903 -0.00509511 0.00357902 -0.00715562 -0.00184311 -0.00571543 -0.00602732 
-0.0045123 -0.0117954 -0.00484105 -0.00380548 0.000566951 0.000384226 0.00591064 0.00892833 -0.000969601 0.0110044 0.00456994 -0.00449087 0.0167865 -0.00145593 0.118477 -0.00517408 0.00899946 0.000629015 -0.000254586 0.00512069 -0.00482011 -0.00353228 -0.00525461 -0.00695417 -0.00779219 -0.00954245 0.00194466 -0.0021641 0.000990432 -0.00779573 -0.00117058 -0.00196621 -0.00105302 0.00303561 0.00643449 -0.00163966 -0.0162856 -0.00117605 0.00205986 0.00131081 -0.00413388 -0.00537117 0.00287676 -0.00450582 -0.00301354 -0.00231613 -0.00086344 -0.00559662 -0.00081413 -0.00239413 0.00055576 -0.00523219 0.00326168 0.000380138 0.000156396 0.00113892 -0.00178888 -0.00617068 0.00119231 0.000790235 -0.00156746 -0.00248873 0.00284265 -0.000921309 -0.00274767 0.0040928 -0.00132548 -0.0103775 0.000860291 0.000710559 -0.00579749 -0.00258224 -0.00232464 -0.00103052 0.00650035 -0.00179318 -0.00109311 -0.00561536 -0.00919884 0.00557809 -0.00649436 -0.000545347 -0.0032205 -0.0046353 -0.000374256 -0.00857237 0.00094492 -0.00109282 0.00270484 -0.000423284 0.00359181 -0.00111684 -0.00289279 -0.000749248 -0.000113055 0.00251999 0.00362844 -0.00543853 -0.000224387 -0.00607645 
0.000541601 0.0069848 -0.00017947 -0.00596344 -0.00534824 -0.00400526 -0.00205616 -0.00962796 -0.00623898 -0.00130876 0.00708382 0.000623617 -0.000407563 0.00227468 -0.00517408 0.129472 -0.00519653 0.00170806 -0.0023928 0.00425937 -0.0138144 0.0019158 0.00309077 -0.00451922 -0.00108552 0.00538981 0.00365624 0.00329711 -0.00270131 0.0061715 -0.00673164 0.000929467 0.00088097 0.00183148 -0.00652556 -0.00258377 -0.000390213 0.00968722 0.00105875 4.67373e-06 -0.00160864 -0.00360472 -0.00290363 0.00198884 0.0030563 -0.00695215 -0.0101734 0.0136053 -0.00247089 0.00279224 -0.00271665 0.0135164 -0.00545118 -0.00303512 -0.00376252 -0.000848333 -0.00834183 -0.00356417 -0.00305509 -0.00666256 0.00193656 0.00351816 0.00124905 0.00141872 -0.000803042 -0.00486994 -0.00389623 0.0129321 0.000198397 -0.00426292 -0.00220688 0.000272445 -0.00703437 -0.00114997 -0.00415046 -0.000406645 -0.00238208 -8.61296e-05 -0.00846888 -0.00591446 -0.00385402 -0.00292695 -0.00072394 -0.00487878 0.00263511 0.001513 -0.00619498 0.0011068 -0.00252058 -0.00166819 -0.00489166 -0.00412084 -0.00196786 0.000706316 0.000326624 -0.00244078 -0.0133357 0.00396013 -0.00578033 -0.00525553 
-0.00332803 -0.0170586 -0.000877517 -0.0035705 -0.00512436 -0.0118003 -0.00018717 -0.000136716 0.0032401 0.00248699 -0.00411169 -0.00106477 -0.00389294 0.00596565 0.00899946 -0.00519653 0.12157 0.00601865 0.000330093 0.0126909 -0.00163772 0.00263519 -0.00113639 0.00188863 -0.0018699 0.00355342 0.000314971 -0.0154254 -0.00155362 0.00131197 0.000567579 -0.00389224 -0.000773558 -0.00171704 0.000775611 0.00197128 -0.00791522 -0.00656465 0.00291404 0.0128216 -0.00225757 -0.00321928 0.004893 0.00062298 -0.00486683 0.00170502 -0.00685253 -0.0119155 0.00333859 0.000464426 -0.00390619 -0.0113032 0.00113034 0.00732592 0.00774253 -0.00034357 0.00223695 -0.00711419 -0.00300568 -0.00516928 -0.00226555 -0.00143237 -0.00451123 -0.00132826 0.000162854 0.00833206 -0.0029864 -0.0085269 -0.00328418 -0.000974344 -0.00629646 -0.00657135 0.00287342 0.00092841 0.00578846 -0.00420073 0.0031407 -0.00590789 0.000635575 -0.00965234 -0.00351198 -0.000207048 -2.02465e-05 -6.90401e-05 0.00217311 -0.0108525 -0.00365724 -0.000335036 0.00445061 -0.00117286 0.0018145 0.000223423 0.0106751 -0.00560572 -0.00358421 0.000905377 -0.00378148 -0.00293204 0.00439853 -0.0135619 
-0.00123234 -0.0182283 8.4442e-06 -0.00453959 -0.00512673 0.00228643 -0.00320355 0.000269569 0.00549345 0.00329224 -0.00643394 0.00585625 -0.0100208 0.00302782 0.000629015 0.00170806 0.00601865 0.109208 0.00180991 -0.000338875 0.000140593 0.00446541 0.00134693 0.010105 0.00168192 -0.00870005 -0.00507654 -0.0066303 -0.00344714 0.000326307 0.00205617 -2.71463e-05 0.000819249 0.00152824 -0.000657934 -0.00330383 -0.00819211 -0.00473455 0.0031741 -0.000226144 -0.00479599 0.00504848 -0.00258885 -0.00325934 -0.00390556 -0.00142498 -0.00617098 0.00353881 -0.00147708 0.00548148 0.00303802 0.00209818 0.000132933 -0.00255709 -0.00342767 0.000721437 -0.00304 -0.00395686 -0.00221039 -0.00518944 0.00153761 -0.00435366 -0.0036377 0.00199759 0.00237298 -0.000790255 -0.00226918 -0.00132055 -0.00116776 -6.12604e-05 -0.00998982 -0.0035769 -0.00726966 0.000839593 0.0028117 -8.47395e-07 0.000368366 -0.00489706 -0.00266496 -0.00552073 -0.00879993 -0.000177569 -0.00273704 -0.000369777 0.00501891 0.00151625 -0.000208498 0.00245748 -8.96049e-05 -0.000790182 0.00153885 0.000879913 0.0107748 -0.00720115 0.00146477 -0.00219289 -0.00173542 -0.00138452 -0.00460086 -0.0069584 
-0.00186291 -0.00444669 -0.00275055 0.00587749 0.00098531 0.0028045 -0.00285246 -0.00481501 -0.00263376 -0.00759873 0.00182137 -0.00285823 0.00236062 0.00237347 -0.000254586 -0.0023928 0.000330093 0.00180991 0.0810926 -0.000514043 0.00423826 -0.00441571 -0.00165802 0.00374145 0.000594355 -0.00328253 -0.00218652 -0.00374524 -0.00739056 -0.00185043 -0.00142326 -0.00216226 0.00054414 -0.000631679 0.00140074 -0.00264348 -0.00341831 -0.00289114 -0.000836112 0.000288178 -0.00133058 0.00134563 0.00377913 0.00140601 0.00122845 -0.00035747 -0.00405009 -0.00268783 -0.001411 0.00117301 0.000475104 -0.00731967 -0.00107958 -0.00146982 0.00252356 -0.000912464 -0.00166369 -0.00306461 0.00524567 -0.00143311 -9.31256e-05 0.000513978 0.000760181 -0.0028201 -0.00202126 -0.00255545 -8.61448e-05 -0.000807869 0.00230504 -0.00404023 -0.00629517 -0.00388062 -0.00490623 -0.00036398 0.00673797 0.00059445 0.00117904 -0.00167607 -0.00251959 -0.00026383 -0.000104404 -0.00266273 0.000852326 0.000840175 -0.00502835 -0.00392814 -0.00536938 0.00386945 -0.0002741 -0.00270167 0.00136548 -0.000842361 0.00272505 0.00098211 0.0073074 0.00127275 0.00265547 -0.00546912 -0.00450465 0.000109662 
-0.000790713 0.00167261 -0.000942207 -0.00863226 -0.000866518 -0.00722173 -0.00287888 -0.00734083 -0.0021532 0.00340208 0.0105956 -0.0047452 -0.00703229 0.00229321 0.00512069 0.00425937 0.0126909 -0.000338875 -0.000514043 0.106081 -0.00678494 0.00926202 -0.00307072 -0.00223544 0.00799287 3.89476e-06 0.00725688 0.000119039 -0.00232828 0.00185704 -0.00838611 -0.00435118 0.000632894 -0.0014805 -0.00306517 0.00144748 -0.00654379 -0.00627359 0.00254047 0.00234164 -0.00390205 -0.0021502 0.00330418 -0.000199647 -0.00264044 -6.75251e-05 -0.0129083 -0.00748641 0.000179 0.000757553 -0.00310049 -0.00826569 -0.000616364 -0.00415065 0.00702578 -0.00452314 -0.000734768 -0.00444948 -0.00190605 -0.00424254 -0.00202013 0.00151445 -0.000242348 -0.00239555 0.00137974 -0.00217231 -0.00804221 0.0151658 -0.000885444 -0.00248517 -0.00792703 -0.00423725 -0.00429165 -0.000591314 0.00989834 -0.00328883 0.00273162 -0.00273067 -0.000797832 -0.0146303 -0.00298253 -0.000182169 -0.00457923 -0.00329602 0.0098707 -0.00473619 -0.00381618 0.000119942 0.00141327 -0.00056291 -0.00471468 -0.00230434 -0.00206022 -0.00139401 -0.000407642 0.00357675 0.00021472 0.00981474 -0.000702355 -0.00873911 
0.00545928 0.0021406 -0.0151629 0.0104847 -0.00809725 0.0066469 -0.00447959 0.00132903 -0.00545554 0.00648249 0.00180986 0.0116027 -0.0055218 0.000783779 -0.00482011 -0.0138144 -0.00163772 0.000140593 0.00423826 -0.00678494 0.209579 0.010335 0.0111274 0.0170681 0.0150156 -0.00663414 0.0115297 -0.0148441 0.00404203 -0.0147574 0.0115364 -0.00384289 -0.00442659 0.00213758 -0.0117211 0.00234866 0.0149851 -0.00506667 -0.00698362 -0.00514432 -0.00350981 -0.00982666 -0.00176391 -0.00368632 -0.0135421 -0.00062144 0.029456 -0.00105015 -0.00770631 -0.00644036 -0.00230388 -0.0141596 0.00030073 -0.0132087 -0.00419262 0.00418422 0.000554712 0.000458414 -0.00311197 0.00425515 -0.0114402 -0.0113467 -0.00811396 0.00118327 -0.00944471 -0.00486723 -0.00211002 -0.0122193 -0.00109262 -0.000538012 -0.00782143 -0.00252181 0.00421572 0.000123318 0.00922869 -0.00648348 -0.0131511 -0.00661767 0.00676766 0.000676766 -0.00126358 0.000601871 -0.00819203 0.00300047 -0.0111492 -0.0033779 -0.00246479 -0.0198727 0.000400122 -0.000682727 -0.00291196 0.000474745 -0.0013826 -0.00772787 -0.00507913 -0.000115394 -0.015111 -0.000373084 -0.0110085 -0.0139054 
0.00987033 -0.0129731 -0.00205931 -0.0114343 0.0031351 -0.00843933 -0.00532159 0.00173697 0.000253352 0.00216367 0.00152861 -0.00103967 -0.0164331 0.00193004 -0.00353228 0.0019158 0.00263519 0.00446541 -0.00441571 0.00926202 0.010335 0.189708 0.000169647 -0.0107874 0.00293747 0.00282439 0.0187676 -0.00255111 -0.00306489 0.00697264 0.000145057 -0.000910927 -0.00322188 -0.00195309 -0.0113857 -0.00867959 0.000400549 -0.0106688 -0.00166297 -0.00383484 -0.0106062 0.00116183 0.00498016 -0.00565966 -0.0114689 -0.00178723 0.00566596 -0.0125266 -0.00270789 -0.00526583 0.0043076 -0.0205408 -0.0102089 -0.0177702 0.00763867 0.000457716 0.0131635 -0.00877952 -0.00241336 -0.0106329 -0.00485292 -0.00631811 -0.000146073 -0.00483565 0.0123543 -0.00393263 -0.0120254 0.018677 -0.00117042 0.000174507 -0.00391274 0.00529531 -0.00447307 0.000435038 0.0021057 -0.00647374 -0.00258214 0.00347994 0.000255939 -0.0133861 -0.00164285 0.000902425 -0.0122441 -0.00417159 0.000443434 -0.00054713 -0.0074425 -0.0107242 -0.000230874 0.000360166 -0.00010889 -0.00458387 -0.00692636 -0.00240763 -0.0038303 0.00183317 -0.00792599 0.0184324 -0.000667025 -0.000982125 
-0.0018783 -0.00347852 -0.00586453 0.000294455 -0.00218998 -0.0117232 -0.00188738 -0.00881356 -0.00214241 0.00875789 -0.00217758 0.00406598 -0.00425281 0.00172708 -0.00525461 0.00309077 -0.00113639 0.00134693 -0.00165802 -0.00307072 0.0111274 0.000169647 0.126679 0.00376946 0.0126278 -0.00375993 -0.000342694 -0.00630144 0.00146142 0.000795216 0.00356886 -0.00355252 -0.00191308 -0.00373353 -0.0002886 0.000550348 0.0134235 0.00146788 0.00365598 0.00058938 0.00588679 -0.00424765 -0.00265981 -0.00133156 -0.00536672 -0.00562228 -0.00760074 0.00337977 -0.0025003 0.00223953 -0.00508165 0.0128607 -0.00154798 0.00440924 -0.000301124 0.00234026 -0.00737166 -0.00500925 -0.00644356 -0.00292623 -0.00541656 -0.0057904 -0.0017653 0.00875139 -0.0103985 -0.00107801 -0.0014495 0.00116127 -0.00214812 0.00628546 0.00511073 -0.00485278 -0.00582297 -0.00218817 -0.00463397 -0.000465968 -0.00450583 0.003701 -0.00260998 -0.000732293 -0.00891757 -0.000140795 -0.00509616 0.00179461 -0.000449121 0.00510754 0.0016854 -0.00916312 -0.00392183 -0.000924697 0.000829123 0.00143721 -0.0011538 -0.00574635 -0.00247492 -0.00303359 -0.0118173 -0.0101133 -0.00479146 -0.0111169 
-0.00203828 -0.0143672 -0.00322753 0.00727996 -0.00111953 -0.00489612 -0.00593703 -0.0083626 0.00102263 0.00282174 -0.0100705 -0.00188247 -0.0122129 0.00121913 -0.00695417 -0.00451922 0.00188863 0.010105 0.00374145 -0.00223544 0.0170681 -0.0107874 0.00376946 0.128689 0.00647513 -0.00180252 -0.0110914 0.00286237 -0.0049239 -0.00760887 0.00426703 -0.00680521 -0.000800501 0.00155181 -0.0056686 0.000892524 0.0119738 -0.00663315 0.000140857 -0.00548027 1.5556e-05 0.00108121 0.00211466 -1.65727e-05 -0.00685487 0.00464935 0.00075648 0.00376337 -0.00213935 -0.000230699 0.00215743 0.00146826 0.00354828 -0.00262651 -0.00348351 -0.00205312 0.000294022 0.00191637 -0.00420984 -0.0024997 -0.0019379 -0.00948123 -0.000320715 0.00193594 -0.00647217 0.0020648 -0.00455946 -0.0147265 -0.00162622 -0.000543862 -0.00470706 -0.00143837 -0.00435548 0.00309012 -0.00294723 0.00167913 -0.00439961 -0.00398164 0.0143364 0.000143723 0.00507603 -0.000596807 -0.00135796 -0.00491863 -0.00405069 -0.00610542 0.00512491 -0.00293818 -0.00263457 -0.00490328 0.00310327 0.00229062 0.00715444 -0.00591271 -0.00326959 0.00146643 -0.00521374 -0.00178596 0.000130767 -0.00640586 
-0.00390126 0.000493264 -0.00527801 0.00467779 -0.00253182 -0.0030293 -0.00868906 -0.00934104 -0.00447159 0.00091747 0.00151188 -0.0105909 -0.0059007 -0.00646141 -0.00779219 -0.00108552 -0.0018699 0.00168192 0.000594355 0.00799287 0.0150156 0.00293747 0.0126278 0.00647513 0.158465 0.00967117 0.00751611 -0.00484646 -0.004926 0.00787928 0.0012434 -0.00391839 -0.00214011 -0.00247313 -0.00466563 0.0083004 0.00803343 -0.00530932 -0.00170768 0.000126739 -0.00504363 -0.00428073 0.00341147 -0.000168306 0.00577482 -0.00308356 -0.00162452 0.00222653 -0.00276601 -0.013853 0.000600358 -0.0114649 0.005621 -0.00565569 0.00282531 -0.0087336 0.0113928 -0.00201453 -0.0012483 -0.00791665 -0.000932009 -0.0154075 -0.00298511 -0.00163738 -0.00579572 -0.00069753 0.00192613 0.00576528 -0.00473793 -0.00396511 -0.0194515 -0.0105172 -0.010437 8.01796e-05 -0.00909622 -0.0081595 -0.00452897 0.00161645 0.0117027 -0.0189202 0.00689415 -0.00228761 -0.0124036 -0.00665482 -0.00424382 0.00138742 -0.0136607 0.00995917 0.00162766 0.000492105 0.00404062 -4.0595e-05 -0.000459935 -0.00273148 0.00699869 -0.000835317 0.00500778 -0.00579869 -0.0068345 -0.00350844 
-0.00268184 0.00520182 -0.00175944 0.00334842 -0.00763766 -0.0125549 -0.00369056 -0.00430647 -0.0119509 -0.00101292 0.00134586 -0.00116785 -0.0105434 0.00686967 -0.00954245 0.00538981 0.00355342 -0.00870005 -0.00328253 3.89476e-06 -0.00663414 0.00282439 -0.00375993 -0.00180252 0.00967117 0.164043 -0.0108285 0.00811731 -0.00557982 0.000959699 -0.00519905 -0.00762419 -0.00204224 -0.002028 -0.00537626 -0.00532654 0.000297514 -0.00321573 -0.000139914 0.00230797 -0.00625024 -0.00126071 0.0101966 -0.00308871 0.0105952 0.0026081 0.0122731 0.00314084 0.00246083 -0.012914 -0.00717677 -0.00175911 0.000722368 0.00547309 0.0119136 -0.000554119 0.00647985 0.000534136 -0.00569671 -0.00635005 -0.000211167 -4.3296e-05 -0.00477768 0.00623676 -0.00345083 -0.00385915 0.00582976 -0.000181956 -0.00577713 -0.00385347 -0.00734694 -0.00280201 -0.00242019 -0.000982367 -0.0083571 -0.00631845 -0.00578491 -0.00932931 0.00133844 -0.00726438 -0.00335451 -0.00302113 0.00299072 -0.00770446 -0.00766441 -0.00377996 -0.00997188 5.81091e-06 -0.00998296 0.00112318 0.000709108 -0.000382635 0.00550604 -0.00034924 -0.00431067 0.000489922 0.00253393 -0.0047549 0.00301359 0.00136623 
-0.0065138 -0.00566009 -0.00551088 -0.00593911 0.00782363 0.0162478 -0.0102424 0.00344773 0.00764725 -0.0103246 0.0118322 -0.0143007 -0.0100732 -0.00922426 0.00194466 0.00365624 0.000314971 -0.00507654 -0.00218652 0.00725688 0.0115297 0.0187676 -0.000342694 -0.0110914 0.00751611 -0.0108285 0.155234 -0.00736611 0.000177179 0.0021398 -0.000207189 0.0030932 0.000514317 -0.00199891 -0.00169472 -0.00397953 -0.0139293 -0.00147629 -0.00540298 0.00232622 -0.00590991 -0.00136275 -0.00380534 -0.006694 -0.0143752 -0.00406299 0.005377 -0.00963114 -0.000616481 -0.00544112 0.00235453 -0.00703667 -0.0018106 -0.00710824 -0.00189666 -0.00521022 0.00787159 -0.00734857 0.00532947 0.00309062 -0.00524169 0.00177872 -0.00372413 -0.00388838 0.0108993 0.0020007 -0.0104392 0.0296318 -0.000968274 -0.00579603 -0.00851356 -0.00640945 -0.00472752 -0.0003875 0.00382008 0.000156179 -0.00125713 -4.13718e-05 -0.0145918 -0.0132367 -0.00116791 -0.0034531 -0.00841313 -0.00156408 -0.00632852 0.00231438 -0.0104253 0.0078255 0.0104049 0.00874015 -0.00454797 -0.00402055 -0.00450387 0.00137761 -0.00175565 -0.00352553 -0.00445506 0.002284 -0.00334516 -0.0043175 
-0.00399894 0.00905421 0.00304823 0.00570035 -0.00161675 -0.00908177 0.00113833 -0.000429581 -0.00653963 -0.000811135 0.00168034 0.0109689 0.00606191 0.00330318 -0.0021641 0.00329711 -0.0154254 -0.0066303 -0.00374524 0.000119039 -0.0148441 -0.00255111 -0.00630144 0.00286237 -0.00484646 0.00811731 -0.00736611 0.181762 0.00307945 0.00319991 -0.00372962 0.00158107 -0.000472339 0.000821867 -0.00539386 -0.00189548 0.0132608 0.00113938 -0.00522454 -0.00489642 -0.00237536 -0.00744644 -9.19691e-05 -0.00734958 0.00600568 -0.00531936 -0.0171662 0.0102276 -0.00410031 -0.00443482 -0.00269581 0.00672801 -0.00211064 -0.000938734 -0.00455253 -0.0107812 -0.0114713 -0.00254182 -0.000346875 -0.0140017 -0.000614434 -0.00086223 0.00368857 -0.00431421 -2.76496e-05 -0.00445283 -0.00126761 0.000594637 -0.00152488 -0.0106362 0.0123923 -0.000377074 0.00659567 -0.000368149 -0.0105246 0.000957429 0.00169243 -0.0104972 0.000254028 0.00551667 -0.00383836 -0.00949316 0.00270859 0.00252706 0.00767808 0.00831274 -0.003036 -0.00602062 -3.33649e-05 -0.00721579 -0.0131047 -0.00796154 -0.0129247 -0.00920101 -0.0023306 0.00282728 -0.00915188 0.00354653 -0.00164518 -0.00533645 
0.000715414 -0.0092285 -0.00445762 -0.00692595 -0.00326504 -0.0143367 -0.00332337 -0.00218516 -0.00435242 -0.00322371 -0.00661998 0.0036174 -0.00414487 -0.00311159 0.000990432 -0.00270131 -0.00155362 -0.00344714 -0.00739056 -0.00232828 0.00404203 -0.00306489 0.00146142 -0.0049239 -0.004926 -0.00557982 0.000177179 0.00307945 0.140101 0.00759975 0.00106299 0.00140495 0.00154123 0.000886686 -0.00791408 -0.00152146 -0.00146183 -0.00251515 -0.00392809 -0.00194756 -0.00430366 -0.00822332 -0.000378483 -0.0111281 -0.00442132 -0.00810817 -0.00171772 -0.0133202 0.0032695 -0.00610504 -0.0037682 0.00566701 -0.00322909 0.00110301 -0.00412341 0.00342365 -0.00230157 0.00914002 -0.000454346 0.00302054 -0.00317811 0.000563543 -0.000567472 0.00610165 0.0128415 0.00148309 -0.00190852 -0.00877074 0.000999076 0.0122284 0.0138849 0.00613764 -0.00642019 -0.000396203 -0.00232507 -0.00226715 0.000199636 -0.00103687 -0.00863986 -0.00790211 0.00317353 -0.000548142 -0.00253624 -0.00298937 0.00970438 0.000981353 -0.00868209 -0.00827229 -0.00308609 -3.38849e-05 -0.00883033 -0.000417023 -0.00600207 0.00375239 -0.00422042 -0.000623468 0.0062503 -0.00207106 -0.00148884 0.0145698 
-0.0021866 0.00580433 0.0115348 -0.00722398 -0.00411124 -0.011742 -0.00217015 0.00044572 -3.89104e-05 -0.00497184 0.00443127 -0.00621117 -0.00301749 0.000954496 -0.00779573 0.0061715 0.00131197 0.000326307 -0.00185043 0.00185704 -0.0147574 0.00697264 0.000795216 -0.00760887 0.00787928 0.000959699 0.0021398 0.00319991 0.00759975 0.135239 -0.0102042 -0.00101794 0.00223565 0.00360822 -0.00476872 0.0115743 -0.00579328 -0.00601897 -0.00216509 -0.00717673 0.0012873 -0.00302685 0.00366506 -0.00230602 0.00144343 -0.00589245 -0.00292513 0.00215739 0.00601708 -0.00143429 -0.00154521 -0.00192891 -0.00526847 -0.00545706 0.00104277 -0.00542746 0.00756409 0.00131822 0.00124394 -0.00148759 0.00320268 -0.00115782 0.00556272 0.000981016 -2.1257e-05 -0.00776844 -0.0105717 -0.00301633 -0.00321554 -0.00173687 -0.0100818 0.00277231 -0.00193611 0.00209809 -0.00158952 -0.00306418 -0.00102911 -0.00273485 -0.013118 -0.00618222 0.000342959 0.00144738 -0.00526017 0.00141279 0.00287307 0.00352279 -0.000817697 0.00253667 -0.00161752 0.00248714 -0.0105395 -0.00176424 -0.00730091 -0.00249449 0.00192851 -0.0042057 -0.00205225 -0.00837069 -0.0036138 -0.00915763 
-0.00162243 -0.0115488 -0.00682021 0.00529135 0.000672285 0.00219554 -0.00336111 -0.000346351 0.0063083 0.0239885 -0.00198446 0.00229266 0.00568638 -0.000499231 -0.00117058 -0.00673164 0.000567579 0.00205617 -0.00142326 -0.00838611 0.0115364 0.000145057 0.00356886 0.00426703 0.0012434 -0.00519905 -0.000207189 -0.00372962 0.00106299 -0.0102042 0.146568 0.00557051 -0.00117068 0.00288101 0.00939124 0.00920792 -0.00874241 -0.00480031 -0.0012769 0.00487939 -0.00174045 0.00255014 -0.00983257 0.00492811 -0.00495632 0.00631627 -0.0104115 -0.00653576 -0.00469513 -0.00637585 -0.00295922 -0.0145299 0.00551382 0.00118625 -0.00455124 -0.00265596 -0.00137903 -0.0019352 -0.00442412 -0.00435985 -0.0037357 0.00209497 -0.00527365 -0.00332656 -0.0092584 0.00357722 -0.00238367 -0.000967245 0.0015316 -0.00225589 -0.00206237 -0.00629151 0.00366679 -0.00171393 -0.00824915 -0.00576003 -0.00119023 0.00132672 0.00600358 -0.00182526 -0.00949704 0.00307897 0.000351956 -0.00353802 -0.0111217 -0.00742402 0.00306144 -0.0100248 -0.00277544 0.00109501 0.00574868 0.0066773 -0.00168084 -0.00687004 -0.00307918 -0.00507369 -0.0138083 -0.00431393 -0.00630978 -0.00771264 
0.000562457 -0.00630157 0.00181063 -0.00656458 -0.00436911 0.00508384 0.00373333 0.000809867 0.00683409 0.00160104 0.00461034 0.00228439 0.0024586 -0.00300298 -0.00196621 0.000929467 -0.00389224 -2.71463e-05 -0.00216226 -0.00435118 -0.00384289 -0.000910927 -0.00355252 -0.00680521 -0.00391839 -0.00762419 0.0030932 0.00158107 0.00140495 -0.00101794 0.00557051 0.118308 0.00088027 0.00195179 0.00817157 0.00157018 -0.00405375 0.000915799 -0.00201711 -0.00354108 -0.00212017 0.00200986 -0.00665254 0.000465924 -0.000105797 -0.00383706 -0.0145883 0.00586489 -0.00244851 0.00417973 -0.00271322 -0.0107265 -0.00128414 -0.00394031 0.000731489 0.0024871 -0.00599496 0.00365821 0.000761257 0.00145637 -0.000663381 0.00493816 -0.000259434 -0.00580734 -0.000941481 -1.41873e-05 0.00616781 -0.00188547 0.000785721 -0.00715009 -0.00202822 -0.00175915 -0.00286305 -0.00220467 -0.00248935 -0.00392567 -0.00435927 -0.00577285 -0.0168134 -0.00720988 -0.00222521 -0.00371592 0.000510763 0.00116566 -0.0031169 -0.00524679 0.00525129 0.00344896 -7.79441e-05 0.00133578 -0.00819948 -0.00152751 -0.00380028 0.00219923 -0.000470987 0.00303855 -0.00771019 0.00283112 -0.00122432 0.000342366 
-0.000746322 0.00108501 0.00128425 -0.000328667 -0.00147279 0.00162892 -0.00249607 -0.00200517 -0.000680143 -0.00471037 -0.000503331 0.000461675 -0.0017805 -0.00256096 -0.00105302 0.00088097 -0.000773558 0.000819249 0.00054414 0.000632894 -0.00442659 -0.00322188 -0.00191308 -0.000800501 -0.00214011 -0.00204224 0.000514317 -0.000472339 0.00154123 0.00223565 -0.00117068 0.00088027 0.0450704 0.00180043 -0.000290263 0.00160053 -0.00299496 -0.000737146 -0.000343216 0.0017255 0.000760603 0.000100929 -0.00129884 0.00164959 -0.000921727 -0.000928883 -0.00559037 0.000131041 0.000137468 0.000533354 0.00068052 -0.00259205 -0.000836503 -0.00100251 0.00100153 -0.00193661 -0.00339277 0.00173552 0.00246858 0.00067373 0.000445964 -0.000301344 -0.000678731 -0.000559933 -0.00011915 -0.00114058 -0.000918912 0.00132827 0.000380853 -0.00171522 -0.0012478 -0.000469648 -0.00103456 -0.000371557 -0.00193903 0.00208235 -0.000694729 2.33227e-05 -0.00111026 0.00113917 0.00102867 -0.000956222 0.00247428 -0.000521489 -0.000678306 -0.00164946 -0.00123071 0.00268611 -0.0020202 5.41951e-05 5.13714e-05 -0.000194711 -0.000713008 0.00161679 -8.66216e-05 -0.00225806 -0.00161235 -0.00161391 -0.000460513 -0.00142845 
-0.00154502 0.00068202 0.00045306 -0.00368298 -0.00164443 0.00130252 -0.0019208 0.00521062 0.00255027 0.00227445 -0.00237693 0.000797535 -0.000998996 0.00177423 0.00303561 0.00183148 -0.00171704 0.00152824 -0.000631679 -0.0014805 0.00213758 -0.00195309 -0.00373353 0.00155181 -0.00247313 -0.002028 -0.00199891 0.000821867 0.000886686 0.00360822 0.00288101 0.00195179 0.00180043 0.0680991 -0.00215365 0.00207015 -0.00354827 -0.00209645 0.000508806 -0.00147963 -0.00221297 0.000481216 0.00212947 -0.0031717 0.00222338 -0.00175366 0.000736141 -0.00176675 -0.000629451 0.00056673 -0.00229452 -0.00323058 -0.00359338 -0.00160432 -0.00173375 0.000802769 -0.00478928 -0.00236155 -0.000475068 -0.00375854 -0.00121589 -0.0019619 -0.000596812 -0.000141644 -0.000802253 -0.00300102 0.00265755 -0.00722202 -0.00149852 -0.000944354 -0.00248323 0.00324223 0.00240651 0.000342082 -0.00324821 -0.000150916 -0.000323119 -0.00404975 -0.00557018 5.34256e-05 0.00116588 0.000119321 0.00106012 0.00305934 -0.001564 -0.00473073 0.00210768 -5.01116e-05 -0.00248519 -0.000947117 -0.000965869 0.00104554 -0.00212475 -0.000418543 -0.00138802 -0.00122513 -0.00387419 -0.00195384 -0.000857291 -0.00532373 
