0.0795596 -0.00150148 0.00323864 0.00221228 0.000576417 -0.0017861 -0.000906677 0.00278768 0.00307074 -0.00145888 0.00508487 0.000500637 -0.00152952 -0.000576496 0.00034846 -0.00392502 -0.00346724 0.000411272 -0.00445049 -0.00383342 -0.00841573 -0.00206825 0.00343012 -0.00631651 -0.00434081 -0.00887741 -0.00358965 -0.00523393 -0.00292828 0.00159079 0.00477374 0.00253433 -0.000843899 0.00542225 0.00550247 0.000311257 -0.00200802 0.000164537 0.00211151 0.000635889 -0.00176038 0.000245739 -0.00157922 -0.00147708 0.0010314 -0.00346416 -0.000442541 -0.000674213 0.00198989 0.000416465 -0.00172038 0.00219436 4.93501e-05 -0.000315376 -3.46515e-05 0.00124584 -0.00178951 0.00214383 -0.00222488 -0.00222958 0.0031365 -0.00131374 -0.00983263 -0.00447564 0.00207504 -0.00324324 -0.00551928 -0.0016041 0.00102572 -0.00303352 0.00472366 0.00180765 -0.00288519 0.00432903 -0.00524586 -0.00333974 -0.000723338 -0.00739701 0.000159004 -1.27554e-07 0.00282729 -0.00345625 -0.00077252 -0.00182507 -0.000497116 0.000413922 -0.00399718 -0.00226659 -0.00175219 0.000178045 -0.00191137 0.000625023 -0.00298018 -0.0054747 -4.739e-05 -0.00495578 -6.24353e-05 0.00262346 0.00398676 0.00288649 
-0.00150148 0.178999 -0.0154094 -0.00302647 0.00120953 -0.00109425 -0.00331964 -0.00520038 -0.0017226 -0.00976291 -0.00963021 -0.0129291 -0.00437601 -0.00104609 -0.00676218 -0.00329395 -0.00637095 0.0012347 -0.00261973 -0.0101091 -0.00321795 -0.000750826 -0.00781897 -0.00840529 -0.00909467 -0.00188914 -0.00369373 -0.00294358 0.00866433 -0.00169904 -0.0112495 -0.00447884 -0.00461581 -0.00058259 0.00107356 0.00124809 0.00377677 0.00353338 0.0177322 -0.00672316 -0.000829502 0.00213462 -0.00311026 -0.00413642 -0.00279733 -0.00300955 0.00607291 -0.0133793 -0.00123137 -0.00401876 -2.5082e-05 0.0014791 0.00134757 -0.00484849 -0.00700212 0.00229655 0.000710098 0.00573929 0.0121261 0.00955177 -0.00376844 -0.00360315 -0.00589093 -0.00211322 -0.000512553 -0.0071789 0.00336013 -0.00610484 0.00299814 -0.00299049 -0.0127892 0.00501332 -0.00460234 -0.000422463 -0.000132835 -0.00583859 8.62373e-05 -0.0050874 -0.006513 0.00526711 -0.00240316 -0.00873648 -0.00700525 0.00294571 -0.00683509 0.00680577 0.0121144 -0.000424671 0.00306676 -0.00246413 -0.0020678 -0.00379947 0.00066191 -0.00869476 -0.00233391 -0.00460013 0.00124324 -0.000897114 0.0118879 0.0131558 
0.00323864 -0.0154094 0.19502 0.00131607 -0.00900814 0.00473076 0.00574336 0.0063227 -0.0117132 -0.00765183 -0.000639014 -0.00636629 -0.00137487 -0.000496794 -0.00182125 -0.00938995 -0.00332189 -0.0109777 -0.00227064 -0.00933567 -0.0179546 -0.00630887 0.00322912 -0.0145709 -0.0069942 0.00186951 0.00775993 0.0061621 -0.0061367 0.00169009 0.00279154 0.00333064 -0.00863999 0.000596646 -0.0147303 0.00375188 -0.00795441 -0.00163006 0.0013128 -0.00301454 0.00418125 -0.0146906 -0.00464477 -0.00713785 -0.00922773 0.00923275 -0.0114708 0.00783692 -0.0065794 0.00501904 -0.00055642 0.00122322 -0.000484696 -0.00589529 0.0126477 0.0115355 0.00132959 -0.00971333 0.00701208 0.0107584 0.000573464 -0.0118254 -0.00717332 -0.00530735 0.0256606 0.00225616 -0.0145127 -0.00498953 -0.00300722 -0.00108322 0.0106868 -0.00764978 0.00513674 -0.0127185 -0.00554721 -0.0118015 0.0121835 -0.00663689 0.00275778 -0.00877591 -0.013413 -0.00657461 0.00667487 -0.00603312 -0.000536509 -0.00340354 -0.00738874 -0.00655807 0.00110602 -0.0021084 -0.00656777 -0.00828376 -0.00359915 -0.000206823 0.00802667 0.0120921 -0.00348968 0.00388487 -0.00155014 0.00817285 
0.00221228 -0.00302647 0.00131607 0.103413 0.000868541 -0.00340882 0.00385237 0.0028773 0.00160937 -0.000560112 0.00647402 -0.00415887 0.00247878 -0.00273106 -0.00228944 -0.0038027 0.00125127 -0.00210128 -0.00310205 0.00803042 0.00430693 -0.005245 -0.00226975 -0.0081579 0.000380579 -0.000909259 0.00191634 -0.00381719 -0.0026452 -0.00453944 -0.00140799 0.00298435 -0.00197252 -0.000221394 0.00159925 0.0100021 -0.00633763 -0.00318864 0.00369323 0.00101125 0.00122089 -0.00409991 -0.00287111 -0.00199296 -0.00357764 -0.00479965 0.000595785 0.00205927 0.00107936 4.22237e-05 0.00338717 -0.00313012 0.00180509 0.000527261 -0.00238616 -0.00094405 -0.00155245 -0.00270303 -0.00134701 0.00108011 0.0023446 -0.00255904 -0.00383531 -0.00525438 -0.00276503 0.00150946 0.00049923 -0.00310917 -0.003701 -0.00538242 -0.00283617 -0.00326078 -0.00215753 -0.00799381 -0.00656626 -0.00633718 -0.000648876 -0.00372272 0.00561985 0.00490596 -0.00342131 -0.00425427 -0.00500197 -0.00182144 0.0018277 -0.00450969 -0.00016154 -0.00329381 -0.00267532 -0.000316674 0.000571594 0.000137957 -0.0014849 -0.00783173 -0.00195114 -0.00400465 0.00158169 0.00457412 -0.000930715 0.00143912 
0.000576417 0.00120953 -0.00900814 0.000868541 0.161257 0.0037672 0.00859104 0.00159092 0.00728502 0.00065047 -0.00606785 0.00394893 -0.0122792 0.00102937 0.00165026 0.00925031 -0.00424012 0.00232326 0.00193634 -0.0020894 0.011656 -0.0138732 0.00264263 -0.00629106 -0.00277048 -0.0010558 -0.00959143 -0.00746972 -0.000485301 0.00523854 -0.00689456 0.00815973 0.0131443 0.0014479 0.00601503 0.0011809 0.00364358 -0.00164684 0.00378399 0.00256585 -0.0146731 0.000699356 -0.00546754 -0.00595777 0.000133888 0.00884379 -0.00168946 0.00965549 8.93169e-05 -0.00925503 -0.0065928 -0.0086047 -0.00869194 -0.000398064 -0.00442562 -0.0110428 -0.0118631 -0.00825933 -0.00781882 0.00649336 -0.0111271 -0.00150975 -0.00240143 0.00956406 -0.00607499 0.00832712 0.00585265 -0.00298122 0.00528853 0.00549689 -0.00475864 0.00350436 -0.00427676 -0.00407736 -0.0125067 -0.00866207 -0.00408384 -0.00820245 0.00406958 -0.00204712 0.00597705 -0.00602643 0.00228191 -0.00304669 0.00638626 -0.00665112 -0.00759123 -0.00290002 -0.00171457 -0.00256821 -0.00350385 -0.00177178 -0.00540378 -0.00445298 -0.00525985 -0.0112135 -0.00614435 -0.00771606 -0.00261267 -0.00828696 
-0.0017861 -0.00109425 0.00473076 -0.00340882 0.0037672 0.142551 0.00341101 0.00931073 0.0040118 -0.00617769 0.00235404 0.00538673 -0.00589487 0.00218887 -0.000107704 -0.00558394 0.000215592 0.000869634 0.00233367 -0.00293006 -0.0179831 -0.00491306 0.00198396 -0.00469961 -0.00113836 -0.00704727 0.0057851 0.000505661 -0.00313824 0.0128719 0.00559917 0.00576302 0.00674574 0.000997371 -0.00555653 -0.00625337 -0.00363956 0.00632499 -0.00169139 0.00331284 0.0046824 -0.0050694 -0.00494549 0.00344902 0.00079805 -0.00350559 -0.00164479 -0.00205075 -0.00136829 -0.00262484 -0.00286159 -0.000638589 -0.00404881 -0.00185552 -0.00350319 0.00519199 -0.00500867 0.00279945 -0.00346809 -0.00927682 -0.0118346 -0.00618847 -0.010067 -0.00141593 -0.0047037 7.19325e-06 -0.00885488 -0.00324091 -0.00755119 -0.0107448 -0.000178735 0.000246261 -0.00158664 0.0105095 0.00275869 -0.00460103 0.000197946 -0.00519028 -0.00091624 -0.00686202 -0.0134078 0.00118813 -0.00341598 1.72768e-05 0.00396998 0.0117727 -0.000800033 -0.00619169 -0.00482561 -0.00152863 -0.00464498 -0.0027661 -0.000111044 0.00196263 -0.00207076 -0.00284734 -0.00421725 -0.00629828 -0.00567916 -0.00291619 
-0.000906677 -0.00331964 0.00574336 0.00385237 0.00859104 0.00341101 0.170787 -0.00164129 0.0045236 -0.00951516 0.00932655 0.00451063 -0.00195775 -0.00397857 -0.00579824 -0.00918261 -0.00288956 -0.00129501 0.0124376 0.00525515 -0.00538365 0.00419827 -0.000509651 -0.000814451 -0.00705939 -0.00105034 0.00924281 -0.00534544 -0.00746323 0.000570765 0.00506579 0.0156177 0.00355852 -0.00283163 0.00561092 0.00850134 0.00180946 -0.00344838 -0.00286976 -0.00743488 -0.00719601 -0.00159742 -0.00831239 -0.00499804 -0.0089964 0.000294071 -0.00502676 0.0101353 0.0116217 -0.0123654 0.0101635 -0.00643442 0.00309499 0.00107623 -0.00968425 -0.0110105 -0.00888095 -0.016348 -0.00355034 -0.00165369 -0.00399732 -0.0021947 -0.0110933 0.00236586 -0.00537866 -0.00518769 -0.00171841 -0.000825422 -0.00145309 -0.00416095 -0.0120813 -0.000122975 0.000704474 -0.016979 -0.00518124 -0.0130559 -0.000553156 -0.00237506 -0.00587423 -0.00237269 0.00792444 0.00184709 -0.0112773 -0.00408763 -0.00354804 0.00858953 -0.00871162 -0.00363961 -0.00320975 -0.0034074 -0.00204888 -0.00508346 0.000165377 0.00616928 0.00357167 0.0021162 -0.0100139 0.00161579 9.36745e-05 -0.0137799 
0.00278768 -0.00520038 0.0063227 0.0028773 0.00159092 0.00931073 -0.00164129 0.126671 0.00229417 0.00311123 0.00689943 0.0108698 -0.00189909 -0.00386271 0.00872353 0.00221151 0.00373511 0.00667847 -0.0111222 -0.00402292 -0.00761326 -0.00651091 0.00812548 -0.0103856 0.00260642 0.00428309 -0.00586204 -0.0014995 -0.007277 -0.00520868 0.00148548 0.011442 0.0002053 0.00266551 -0.00664565 0.00485515 0.000878431 0.00782087 -0.00311663 0.0058838 -0.00399068 -0.00798264 -0.00159335 0.00458686 0.000703815 0.00617786 -0.000962319 0.00216933 0.00460342 -0.00246941 -0.00215569 0.00183053 -0.00384179 0.00190975 -0.00388659 0.00380754 -0.00295447 -0.00352526 -0.00841633 6.71691e-05 -0.0061922 -0.0117921 -0.00931909 -0.0124299 -0.0112224 -0.00622322 -0.00614776 -0.0062322 -0.000692481 -0.00258982 -0.00461336 0.00237062 -0.000631584 0.00959028 -0.00105897 -0.011397 -0.000646525 -0.00572905 0.00865628 0.00055969 -0.0073695 0.000104328 -0.00241208 0.00101844 0.0003401 -0.000677441 -0.00637973 -0.0047362 -0.00548053 -0.000819379 -0.00366858 -0.000435775 -0.00127838 -0.00713153 -0.00802965 -0.00910481 0.000476454 -0.002746 -0.00639536 -0.0060781 
0.00307074 -0.0017226 -0.0117132 0.00160937 0.00728502 0.0040118 0.0045236 0.00229417 0.10017 0.00407423 0.00398007 0.00236524 0.000567289 -0.000994472 -0.00118961 -0.00479544 -0.00048207 -0.0029041 -0.00119427 0.000140395 -0.00139638 -0.00369803 -0.00615503 -0.00302029 -0.00108145 -0.00683449 -0.00470459 -0.00292578 0.00211297 -0.00985262 -0.000153596 0.00103444 -0.000327835 -0.000684385 0.000464912 0.00467246 -0.0041612 5.69709e-06 0.00143471 0.0015401 -0.000413789 -0.00370192 -0.00389258 0.00392962 0.00206675 0.002168 0.00194022 -0.00311205 0.00140739 -0.00212356 -0.00222238 0.000541465 -0.00177174 -0.0014369 -0.00122423 -0.00667289 -0.00287134 -0.000558818 -0.00426302 0.00107077 -0.00706648 2.50986e-05 -0.00590272 -0.00385999 -0.00194991 -0.00560522 0.00441691 -0.00386794 0.000374701 -0.00211146 -0.00428574 0.0017244 -0.000282611 -0.00375825 -0.0068714 0.00221137 -0.00108949 -0.00231941 0.000535716 0.00183745 0.000619493 -0.00164987 -0.00429633 0.000564909 -0.000150337 0.00913644 -0.00216908 -0.00161426 -0.00121329 0.000751507 -0.00141627 -0.00304475 -0.00295196 -0.00702505 0.00124775 -0.00363586 0.00635321 0.000609524 -0.00454308 -0.00195238 
-0.00145888 -0.00976291 -0.00765183 -0.000560112 0.00065047 -0.00617769 -0.00951516 0.00311123 0.00407423 0.134084 0.00257318 0.00903877 0.00461743 -0.00218407 0.00132568 -0.00590191 -0.00390059 0.000139838 -0.00631382 -8.73057e-06 0.00606339 -0.00779147 -0.00339674 0.00862309 0.00437263 -0.0147739 -0.00646079 4.93843e-05 0.00159939 -0.00335981 -0.00478074 0.0022241 0.00513287 -0.000677023 0.00086013 0.00433513 -0.00464412 -7.01076e-05 -0.00856366 -0.00144218 -0.00656225 -0.00165304 0.00599136 -0.00922869 0.000566874 0.00080293 -0.000527049 -0.00515258 -0.0024826 -0.000796407 -0.00221368 -0.00156022 -0.00494883 0.000704796 -0.00828282 0.000674013 -0.00540806 0.00689775 -0.0071294 -0.011761 0.0127524 -0.00560915 0.00168348 -0.00123878 -0.00682787 -0.00033537 0.0136478 -0.00329758 -0.000664912 -0.00419797 -0.00223699 -0.000287924 0.0121217 -0.0116526 -0.00109583 -0.000198284 -0.00447538 0.00309557 -0.00806851 0.00249569 -0.00564771 0.00051137 0.00435739 -0.00236377 0.000238679 -0.00329158 -0.00256453 -0.00475993 -0.00253089 0.00309363 -0.00260871 -0.00251308 -0.00542663 0.00821505 -0.000729615 0.000495934 0.00149413 -0.00532107 -0.00218789 -0.00547966 
0.00508487 -0.00963021 -0.000639014 0.00647402 -0.00606785 0.00235404 0.00932655 0.00689943 0.00398007 0.00257318 0.115845 0.00446343 -0.000841602 -0.00261482 -0.00175684 -0.00622688 -0.000750635 -0.00300718 -0.0058181 -0.00166122 -0.0154096 0.00591823 0.00278056 -0.0103075 -0.00581363 0.00262024 0.00547825 -0.00449725 -0.00798502 -0.00452423 0.00318748 0.00145345 0.00506531 0.00182621 0.0031539 0.0180313 -0.00483726 0.00426319 0.00708396 -0.000699394 0.000948293 -0.00306255 -0.0011611 -0.000385032 -0.000725318 -0.00322834 -0.00451434 -0.000607396 -0.00054425 -0.00866872 -0.00106174 0.00458617 -0.00143085 -7.59399e-05 0.000652782 -0.00397346 -0.00639442 -0.00232678 -0.000801631 -0.00286239 0.00124993 -0.00365125 -0.0101955 -0.00352978 0.00682051 0.0017236 -0.00750848 -0.0041425 -0.00202713 -0.00205379 -0.00538378 0.00293019 -0.00524897 -0.00571198 0.00328451 -0.0038661 0.0012313 -0.00336312 -0.00474281 0.00489662 -0.000578916 -0.000563372 -0.00519876 -0.00278138 -0.00248064 -0.0025554 -0.0128229 6.64516e-05 -0.0036938 -0.00387663 -0.00295162 -0.0011827 0.000871832 -0.0051726 0.000283065 -0.000995426 0.00203424 0.00351987 -0.00669146 -0.00507831 
0.000500637 -0.0129291 -0.00636629 -0.00415887 0.00394893 0.00538673 0.00451063 0.0108698 0.00236524 0.00903877 0.00446343 0.120902 -0.000225322 0.00180195 0.000877882 0.00219892 0.00169748 0.00607992 -0.00834586 -0.0034219 -0.00958078 -0.00784537 0.00221917 0.00174004 -0.00283298 -0.0100279 -0.00844428 -0.0031083 -0.0113817 0.000676698 -0.00345162 0.00358571 0.00220606 0.00191499 -0.000690224 -0.00434833 -0.0040023 -0.00186634 -0.0044083 -0.00106632 -0.00356359 -0.00218691 0.00054507 -0.00169086 0.00359113 -0.00492546 -0.00116565 0.00329301 -0.000526152 0.00108825 -0.00475141 -0.000678639 0.00480016 -0.000542468 -0.00211411 -5.42667e-05 0.00230691 0.00144834 -0.00284546 -0.00598883 -0.00331277 -0.00347304 -0.00860178 -0.0053378 -0.000759639 -0.0053845 0.000132687 -0.00568088 5.83624e-05 -0.00248146 -0.00538337 0.000523834 -0.000599285 -0.000935621 -0.00492491 -0.00713803 -0.00270506 0.00124666 0.00290591 -0.00424926 -0.000744929 0.00171031 -0.000252566 -0.0010367 0.00857978 0.0126338 -0.00620804 -0.0020828 -0.0012877 0.00393918 0.000141235 0.00111336 0.000414344 -0.0033969 -0.00278189 -0.00578347 -0.00101432 -0.00372306 -0.000970196 -0.00767121 
-0.00152952 -0.00437601 -0.00137487 0.00247878 -0.0122792 -0.00589487 -0.00195775 -0.00189909 0.000567289 0.00461743 -0.000841602 -0.000225322 0.124122 0.00341522 0.00349815 -0.00337303 -0.001674 -0.0058388 -0.00380838 -0.00274718 0.0129635 -0.00665349 -0.00383396 -0.00702776 0.00908415 -0.000335617 -0.00633667 -0.00170157 -0.0096928 -0.00774055 -0.00254302 -0.00481636 -0.000242062 -0.000428308 -0.000978569 0.00613431 -0.000106806 -0.00320645 -0.000614872 -0.00482121 0.000854341 -0.000527636 -0.00165135 0.0074172 0.000288543 -0.00623068 2.74607e-05 -0.00769914 0.00418745 0.0127563 -0.00347542 -0.00472816 -0.00313789 0.000848249 -0.00364594 -0.000827665 0.000554868 0.0044161 0.00370589 0.000248705 0.00678791 -0.00434175 -0.00693232 0.00765231 -0.00145724 -0.00832003 0.000657026 -0.00127161 -0.0046126 -0.00549136 -0.00665346 -0.00485243 -0.000354633 0.00286558 -0.00999103 0.000800416 0.00418522 -0.00483828 -0.0015859 -0.00186327 -0.0032884 0.00115076 -0.00218981 -0.00208765 -0.000731101 0.00627982 -0.0056225 -0.00255144 -0.00332399 -0.00112511 -0.000708927 -0.00157867 0.00388914 -0.00901904 0.00710164 -0.00364673 0.00113855 0.000115485 -0.00392859 -0.00161828 
-0.000576496 -0.00104609 -0.000496794 -0.00273106 0.00102937 0.00218887 -0.00397857 -0.00386271 -0.000994472 -0.00218407 -0.00261482 0.00180195 0.00341522 0.0732985 -0.00406051 0.000804161 -0.00139332 0.000470358 0.0046783 0.000197534 -0.00406105 -0.00255445 0.00210414 0.0040048 -0.00114397 -0.00647084 -0.00437002 -0.000516422 -0.00328009 0.00591402 -0.00197635 -0.00688216 -0.00130904 0.00161497 -0.000647715 -0.0047265 0.000210498 -0.00149406 -0.00183924 -0.00199445 -0.00257322 -0.00224347 -0.00129496 -0.000974626 0.000964224 -0.000484867 -0.00112508 0.000198184 -0.00253776 0.00311153 -0.000205114 -0.00260901 0.00166235 0.000209119 0.000974205 -0.00411589 -0.00408147 0.00337422 0.000162928 -0.00462283 -0.00336824 -0.000537933 0.000284772 0.00112176 -0.00324189 0.00673962 0.000583663 0.00509432 0.00260151 -0.000995959 0.00239991 -0.00197509 -0.00508393 -0.00360247 -0.00310324 -0.000418003 -0.000953183 -0.00278845 -0.0015486 -0.000470808 -6.93491e-05 0.000802009 0.00210509 0.000289949 -0.000183218 0.0022302 -0.0029184 -0.0010316 -0.00246991 0.0016625 0.00318006 -0.00010127 -0.00174992 0.00304937 -0.00666834 3.67427e-05 0.00246961 -0.00234178 -0.00071822 -0.00662719 
0.00034846 -0.00676218 -0.00182125 -0.00228944 0.00165026 -0.000107704 -0.00579824 0.00872353 -0.00118961 0.00132568 -0.00175684 0.000877882 0.00349815 -0.00406051 0.0916347 0.000556133 0.00265363 -0.00179843 -0.00601974 -0.00178381 0.00134958 -0.00487743 -0.000610375 -0.00298806 0.00938202 0.000454716 -0.002701 -0.00114412 0.00225072 0.000506098 -0.00227826 -0.0023724 -0.00113236 -0.000755232 -0.00154949 -0.00303149 0.000770383 0.00218856 -0.00381261 0.00568699 -0.00565626 -0.000524785 0.00138873 0.00439817 0.00200623 0.000584026 -0.00170878 0.00232828 -0.00109822 0.00109371 -0.00418353 -0.000120826 -0.00107465 -0.0011663 0.00292842 -0.00277322 -0.000598822 -0.00450633 -0.0068273 -0.00460401 0.0032137 -0.00352039 0.00124207 -0.0025235 -0.00377062 -0.00452437 -0.00352933 -0.00463016 0.000227031 -0.0030642 -0.000498574 -0.00353462 -0.00161106 0.00713361 -0.00202273 -0.00263799 0.000983251 0.00165728 0.00376779 -0.00245386 -0.00418186 -0.000350603 -0.00696767 -0.00407394 0.0051252 -0.00393594 -0.00227097 0.000691645 -0.00319255 0.000788488 0.00064119 0.00362779 0.000627018 -0.0026185 0.00149542 -0.00314663 -0.00379791 -0.00476455 -0.00397221 -0.00272821 
-0.00392502 -0.00329395 -0.00938995 -0.0038027 0.00925031 -0.00558394 -0.00918261 0.00221151 -0.00479544 -0.00590191 -0.00622688 0.00219892 -0.00337303 0.000804161 0.000556133 0.150664 0.0044213 0.00517133 -0.0022911 0.00335058 -0.00166355 -0.000428546 -0.0059683 0.00721756 -0.00394083 -0.000693044 -0.0100405 -0.00454302 0.0067057 0.00151712 -0.00322183 -0.0126531 -0.00290577 -0.0049964 -0.00338979 -0.00796736 0.00404158 -0.00659024 -0.00110332 -0.00249034 -0.00375819 -0.00207739 0.00152399 -0.000857453 -0.00775339 0.000134126 0.000514578 0.000154438 -0.00752816 -0.000314125 0.000418256 -0.00341325 -0.00708296 -0.000730251 -0.00135526 -0.00304939 -0.000144626 0.00045311 -0.00540322 -0.001101 -0.00559249 0.0029077 -0.00486761 -0.00448086 -0.0166184 -0.00386498 0.00559258 0.00480118 0.000889123 0.00577186 0.00213625 -0.00644538 -0.00183525 0.0176545 0.00905386 0.00120112 -0.0061962 -0.000538808 0.00257894 2.98922e-05 -0.00108324 0.000500551 -0.00935653 0.00285633 0.00105775 -0.0014241 0.00547168 -0.003307 -0.000787367 -0.000565991 0.000373946 0.00393125 -0.00622113 0.00520349 -0.0127339 -0.00338731 -0.00204266 -0.00524396 -0.000917148 -0.00087916 
-0.00346724 -0.00637095 -0.00332189 0.00125127 -0.00424012 0.000215592 -0.00288956 0.00373511 -0.00048207 -0.00390059 -0.000750635 0.00169748 -0.001674 -0.00139332 0.00265363 0.0044213 0.0862613 -0.00326614 -0.0038985 0.00540653 -0.00221641 0.00392214 -0.00186557 -0.000383485 -0.00388249 0.0075976 -5.99203e-05 -0.003749 0.00310449 -0.00340563 -0.00127328 -0.00626028 -0.00442324 0.000250891 -0.00615761 -0.00519299 -0.00317555 -0.000142265 -0.00455185 -0.00147997 0.00313802 0.00491027 0.000630665 -0.000266715 0.00255841 0.00436241 -0.0024556 0.00657246 -0.00135417 0.00255536 -0.00148691 0.00190344 -0.000316672 -0.00225927 -9.89874e-05 0.00257252 0.00220977 -0.00102645 -0.000720078 0.00208823 -0.00407022 -0.00198422 0.00500305 -0.000124141 0.000896318 0.000308803 -0.000809643 -0.000845536 -0.00320037 -0.00185416 -0.00241251 -0.00142497 -0.00766727 -0.00257668 -0.00402263 -0.00596041 -0.00332728 -0.00336258 -0.00249284 0.000398136 -0.00304984 -0.00224227 -0.00330949 -0.000579485 -0.000812353 -0.00114963 -0.0032701 -0.000307291 -0.00120403 -0.00321808 -0.00232967 0.00146222 0.00140539 0.00106191 -0.000586357 -0.00118837 -0.000592076 -0.00342139 4.69276e-05 0.00265367 
0.000411272 0.0012347 -0.0109777 -0.00210128 0.00232326 0.000869634 -0.00129501 0.00667847 -0.0029041 0.000139838 -0.00300718 0.00607992 -0.0058388 0.000470358 -0.00179843 0.00517133 -0.00326614 0.0976331 0.00101292 -0.000704111 -0.00444414 -0.00794891 0.00387821 0.00366599 -0.00578587 -0.00583196 -0.00833744 0.0066994 0.00274152 0.00273829 -0.00400427 0.000852248 0.00150775 0.00012376 0.000636335 0.00144874 -0.000510652 0.00350127 -0.00432243 0.00253703 -0.000751678 -9.96678e-05 0.00576311 0.00169419 0.00208127 0.0011002 0.00223376 -0.00590274 -0.000129701 -0.0038058 0.00388141 -0.00169734 0.000313352 0.00279711 -0.00400375 -0.000863162 -0.00562479 0.00267817 -0.0052166 -0.00581841 -0.00287064 -0.00314329 -0.00871088 -0.0057083 -0.0134791 -0.0037071 0.00133445 0.000749189 0.000289526 -0.00527197 -0.00533578 0.00332653 -0.00039124 -0.00239015 0.00096583 -0.000802685 -0.00301481 0.00315063 -0.00544187 0.0010685 -0.0048574 0.0014716 -0.00572983 0.00100033 0.00393927 -0.00276072 0.00331179 -0.00171728 -0.00239907 0.000528301 0.00123199 -0.0013063 -0.00284596 0.000694745 -0.00442583 -0.00181394 0.00283657 -0.00468089 0.00377615 -0.00477614 
-0.00445049 -0.00261973 -0.00227064 -0.00310205 0.00193634 0.00233367 0.0124376 -0.0111222 -0.00119427 -0.00631382 -0.0058181 -0.00834586 -0.00380838 0.0046783 -0.00601974 -0.0022911 -0.0038985 0.00101292 0.117125 0.00328644 0.0136856 0.00897698 -0.0028185 0.00543798 -0.00446419 0.0001264 -0.00321012 0.000529518 -0.00233667 0.0013157 -0.00127576 -0.00194959 1.27811e-06 -0.0019366 0.000673411 -0.007659 0.00352712 -0.00653853 0.000668508 -0.00521214 -0.000755567 -0.00294391 -0.00217352 -0.00526193 -0.00619481 -0.00867398 -0.00498509 0.00354356 -0.00361882 -0.00772403 -0.00217588 -0.00403548 0.0059664 -0.00151699 -0.000903004 -0.00624743 -0.00788656 -0.00437339 0.00118434 -0.00928489 -0.00690398 0.00481732 0.00351277 0.00142498 0.0103653 0.000430003 0.00335168 0.00658375 -0.00249367 0.000784332 0.00245764 -0.00331892 -0.0078518 -0.00681702 -0.00703779 -0.0037749 -0.000964026 -0.00449165 -0.000719551 -0.00288659 0.00123774 0.0070228 0.00389069 0.000910792 -0.00351907 -0.00313742 -0.00378418 -0.000570549 0.00170373 -0.00130822 0.00627965 -0.00165624 -0.00228826 0.00904249 -0.00397067 0.00692725 -0.00774132 -0.00145588 -0.000587999 -0.00449889 
-0.00383342 -0.0101091 -0.00933567 0.00803042 -0.0020894 -0.00293006 0.00525515 -0.00402292 0.000140395 -8.73057e-06 -0.00166122 -0.0034219 -0.00274718 0.000197534 -0.00178381 0.00335058 0.00540653 -0.000704111 0.00328644 0.103069 0.00694297 -0.00142366 0.00311991 0.00677134 -0.00184731 -0.00127106 -0.00240568 -0.00381469 -0.0016245 0.00278996 0.00246447 -0.000520766 -0.00192671 -9.34922e-05 -0.00491131 0.00218859 -0.00230518 -0.000979281 -0.00436322 -0.00370544 -0.00380561 0.00388756 0.00196147 -0.000967014 0.000154124 -0.00367816 -0.00289383 0.00183103 0.0029775 -0.00269369 -0.00472863 -0.00957172 -0.00217022 0.000593701 -0.00161803 -0.00384024 -0.000785098 -0.00353025 0.00298027 -0.00504961 -0.00109811 -0.00289627 0.000484599 -0.00529343 -0.00597374 0.00424361 0.000546016 -0.00243263 -0.00497366 -0.00408436 -0.00339091 -0.00154466 -0.00319556 -0.00486043 -0.00463529 -0.00157012 -0.00273529 -0.000756495 -0.00209463 0.00178032 0.00390841 1.23855e-05 -0.00400573 -0.00171695 -0.00383996 -0.00422662 -0.00288984 0.000588044 -0.000522774 0.000722871 0.00247074 0.00183585 -0.0007609 0.00439882 -6.49177e-06 8.9043e-06 0.00324 -0.00341599 0.00152383 -0.0010707 
-0.00841573 -0.00321795 -0.0179546 0.00430693 0.011656 -0.0179831 -0.00538365 -0.00761326 -0.00139638 0.00606339 -0.0154096 -0.00958078 0.0129635 -0.00406105 0.00134958 -0.00166355 -0.00221641 -0.00444414 0.0136856 0.00694297 0.224688 -0.00886332 -0.0195181 0.0198809 0.0142984 0.0222935 0.00426806 0.00468766 0.00974495 -0.00744653 -0.0120437 0.000476708 -0.00886769 -0.00359592 -0.00365873 -0.00611586 0.0109127 -0.0136443 -0.0145224 -0.00226106 -0.00257235 0.00330352 -0.00571997 -0.00453953 -0.00256322 0.000381429 -0.00496861 -0.00188961 -0.00167509 -0.00105339 -0.0136041 -0.00684408 -0.00463052 -0.00187961 -0.00305986 -0.0059855 -0.00869818 0.00200492 -0.017775 -0.00243588 -0.00245042 0.00804353 0.0145198 0.00370869 0.0197463 0.00203519 0.0176883 -0.00155169 0.000504041 -0.00609254 -0.00658873 -0.0121891 -0.0116878 -0.0147521 -0.0139353 -0.00388161 -0.00637029 -0.004541 -0.00138796 -0.00663242 0.0111792 -0.0043274 0.00930129 -0.000205836 -0.00897116 -0.0072621 -0.00826225 -0.00926635 0.00942821 -0.00427935 -0.00348296 -0.000251342 -0.000422467 -0.00682895 0.00310141 -0.00301053 -0.0186737 -0.00513982 -0.00591611 -0.00503131 
-0.00206825 -0.000750826 -0.00630887 -0.005245 -0.0138732 -0.00491306 0.00419827 -0.00651091 -0.00369803 -0.00779147 0.00591823 -0.00784537 -0.00665349 -0.00255445 -0.00487743 -0.000428546 0.00392214 -0.00794891 0.00897698 -0.00142366 -0.00886332 0.150564 -0.0100829 0.00760184 0.000280551 0.00410531 0.0141212 -0.00516865 0.00121007 0.001386 -0.00178995 -0.00454313 0.00225972 -0.00424822 0.000300193 -0.0136291 -0.00613404 -0.00661383 0.000953316 -0.00281498 0.00537651 -0.00429433 0.00171054 -0.00394781 -0.0064952 -0.00399992 -0.00663012 -0.00112393 -0.00693005 -0.00105493 0.00509904 0.00809913 0.0070977 -0.00443409 -0.00128473 -0.00536805 -0.000555205 -0.00697298 -0.00794341 0.000905602 0.00394903 0.00573795 0.00542369 -0.00812416 0.00242619 -0.00428682 -0.00387692 0.0028103 -0.00249034 -0.00221599 0.00782011 -0.00670586 -0.00890257 0.00390638 0.00781852 0.00643422 0.000253105 -0.00568264 -0.00775845 -0.00185978 -0.00632246 -0.00121065 -0.000900698 -0.00192507 -0.00472211 0.00210917 -0.00562856 0.00495939 0.00128079 -0.00051272 0.00668624 -0.00174953 -0.00031418 -0.00324801 8.88966e-05 0.00831828 -0.00348928 -0.002034 -0.00772355 -0.00460979 
0.00343012 -0.00781897 0.00322912 -0.00226975 0.00264263 0.00198396 -0.000509651 0.00812548 -0.00615503 -0.00339674 0.00278056 0.00221917 -0.00383396 0.00210414 -0.000610375 -0.0059683 -0.00186557 0.00387821 -0.0028185 0.00311991 -0.0195181 -0.0100829 0.129376 -0.00671134 -0.0024613 -0.0065324 -0.00491542 -0.00240925 -0.00780066 0.00768553 0.0127475 -0.000100131 -0.000281533 0.0034419 -0.0022714 -0.00321819 -0.0010048 0.00508139 -0.000631362 -0.00153345 -0.00743031 -0.00488226 -0.00103991 -0.00360966 0.00374548 -0.00385541 0.00287763 0.00233039 0.00052484 0.00382791 -0.00199145 -0.00426066 -0.00495246 0.00451148 -0.00299808 -0.00267444 -0.00205052 -0.00832534 -0.00833702 -0.00358436 -0.00108019 -0.00693531 -0.0147124 0.00139392 0.00442878 0.00421142 -0.00288497 0.00125326 0.00673292 0.00576194 -0.0023093 0.0046717 -0.00478902 0.00978815 -0.0105584 -0.00598213 0.000137668 -0.00585335 0.00232548 -0.00360251 -0.00222956 0.00103483 0.000330575 -0.00570159 0.00145756 -0.00111258 -0.0122578 -0.00155309 -0.00405473 -0.00111377 -0.00314401 0.00535618 -0.0055467 0.000734678 -0.00343855 -0.00567601 0.00991605 -0.00337105 0.00433257 -0.000913289 
-0.00631651 -0.00840529 -0.0145709 -0.0081579 -0.00629106 -0.00469961 -0.000814451 -0.0103856 -0.00302029 0.00862309 -0.0103075 0.00174004 -0.00702776 0.0040048 -0.00298806 0.00721756 -0.000383485 0.00366599 0.00543798 0.00677134 0.0198809 0.00760184 -0.00671134 0.180969 0.0108344 -0.00802231 -0.014925 0.0211156 -0.00599688 0.00505761 -0.00766424 -0.0164216 -0.00339444 -0.000387105 0.00972208 -0.011065 -0.00326766 -0.00617685 -0.00750505 0.00312789 -0.00408254 0.00308032 0.00385119 0.00289054 -0.00483554 -0.0158446 -0.00365472 -0.00134425 -0.0123145 -0.00861089 -0.00605659 -0.00272325 0.00270192 0.000754145 -0.00121699 -0.00604373 -0.0112065 0.0101462 -0.00926432 -0.0192225 0.00153324 0.00503738 -0.0085598 -0.00231912 -0.00659975 -0.000347506 0.0122172 0.0090929 0.000415343 0.00343348 -0.00225615 -0.0037377 -0.00261784 -0.00895334 -0.0030654 0.0073076 -0.00584889 0.00102526 -0.00769454 -0.00424464 -0.00682172 0.00230972 0.00293611 0.00145672 -0.000426427 -0.00760686 -0.00138507 -0.000233867 -0.00551294 0.00264255 0.0163349 -0.00864302 -0.00533114 0.0219886 -0.00945402 0.00138205 -0.00873193 -0.0107794 0.00589046 -0.0117004 
-0.00434081 -0.00909467 -0.0069942 0.000380579 -0.00277048 -0.00113836 -0.00705939 0.00260642 -0.00108145 0.00437263 -0.00581363 -0.00283298 0.00908415 -0.00114397 0.00938202 -0.00394083 -0.00388249 -0.00578587 -0.00446419 -0.00184731 0.0142984 0.000280551 -0.0024613 0.0108344 0.148636 0.00870713 -0.0108631 -0.000889334 0.0019348 0.00901572 -0.00675451 -0.0123294 0.0040174 -0.000826684 -0.00163764 -0.00854771 -0.0010274 -0.00539454 -0.00571624 0.0105373 -0.00275929 -0.00437878 -0.00310767 0.0213797 0.000264048 -0.00945219 0.00133755 -0.00672859 -0.00130588 0.00450295 0.000374149 -0.00418205 -0.00285451 0.00134802 0.00487131 0.000941115 -0.0029556 0.00414662 -0.00834885 -0.0119886 0.00170218 -0.00377281 -0.0051616 0.00540718 -0.00659804 -0.0126838 -0.00392544 -0.00504169 -0.0078796 -0.00558912 -0.00187477 -0.00627657 -0.00231549 0.00853254 -0.00526357 -0.00491742 -0.0021482 0.00668642 -0.00798956 0.00014639 -0.00147968 -0.00157611 -0.000735036 -0.00314073 0.0033214 0.0102963 0.00160096 -0.00120261 0.000635256 0.00128564 -0.00105024 -0.00179207 -0.00347613 -0.00594096 -0.00251649 -0.00410053 -0.0118142 -0.00555081 -0.00727561 -0.00307835 
-0.00887741 -0.00188914 0.00186951 -0.000909259 -0.0010558 -0.00704727 -0.00105034 0.00428309 -0.00683449 -0.0147739 0.00262024 -0.0100279 -0.000335617 -0.00647084 0.000454716 -0.000693044 0.0075976 -0.00583196 0.0001264 -0.00127106 0.0222935 0.00410531 -0.0065324 -0.00802231 0.00870713 0.197092 0.00758187 -0.0021604 0.0084978 -0.00373415 -0.00530563 -0.0148348 1.13459e-06 -0.00257134 -0.00567685 0.00135623 0.00918052 -0.00358919 0.00314702 -0.00387553 0.00586749 0.00283552 -0.00361013 -0.000822503 -0.00209906 0.0170059 -0.00682528 0.00666415 -0.00504983 0.0039127 -0.00644261 0.0031348 -0.005922 -0.001252 0.00679682 -0.0108074 -0.00091389 -0.016803 -0.00070111 0.0128066 -0.00458599 -0.00230182 0.00128688 0.000308503 -0.0038806 -0.000884252 -0.0115271 -0.0108027 -4.40546e-05 -0.00373771 -0.00821017 -0.00904911 -0.0122402 -0.00623052 0.000731936 -0.00647982 -0.00588547 0.00946659 0.00393999 0.00394593 -0.00227801 -0.00587121 -0.00976439 -0.00449171 -0.0138924 0.00259638 -0.00522583 -0.0034281 -0.00406475 -0.00933261 -0.0143782 0.00421728 0.00650133 -0.00038692 -0.00307159 -0.00033607 -0.0058779 -0.000181809 -0.0163193 -0.00155275 
-0.00358965 -0.00369373 0.00775993 0.00191634 -0.00959143 0.0057851 0.00924281 -0.00586204 -0.00470459 -0.00646079 0.00547825 -0.00844428 -0.00633667 -0.00437002 -0.002701 -0.0100405 -5.99203e-05 -0.00833744 -0.00321012 -0.00240568 0.00426806 0.0141212 -0.00491542 -0.014925 -0.0108631 0.00758187 0.180046 -0.00026928 0.00432541 -0.0113075 0.00801333 0.0168615 0.0150996 -0.00270011 -0.00865448 -0.0037373 -0.00115502 -0.00356487 -0.00696984 0.000494165 -0.00557223 0.000346888 -0.00663015 -0.0162265 -0.00631996 0.00279548 -0.00818618 0.0109341 -0.000610516 0.00117832 0.0112785 -0.00462931 -0.00368521 -0.00340267 -0.00795729 0.00102855 0.00257021 -0.011759 -0.000180159 -0.00223999 0.00972292 -0.00746522 0.00269742 -0.00422744 0.00465291 0.00972555 0.00121742 -0.00532407 -0.00351037 -0.0130321 -0.00673686 -0.00248398 -0.0113972 -0.016848 -6.03873e-05 -0.00614223 0.000764324 0.00135476 -0.000656796 -0.0067547 -0.00178828 -0.00800511 -0.0075999 -0.00265617 -0.00522408 0.00207063 -0.0106293 0.00292072 0.0054893 -0.00340129 -0.0067464 0.00416219 0.00287845 0.00563893 -0.00503737 0.00623561 -0.000738466 -0.000795257 -0.00888013 0.0017534 
-0.00523393 -0.00294358 0.0061621 -0.00381719 -0.00746972 0.000505661 -0.00534544 -0.0014995 -0.00292578 4.93843e-05 -0.00449725 -0.0031083 -0.00170157 -0.000516422 -0.00114412 -0.00454302 -0.003749 0.0066994 0.000529518 -0.00381469 0.00468766 -0.00516865 -0.00240925 0.0211156 -0.000889334 -0.0021604 -0.00026928 0.126787 0.0081495 -0.00412692 0.00325494 -0.00467441 -0.000167723 -0.00145536 0.00568727 -0.0120974 -0.00269727 0.00135713 -0.00567186 -0.000666374 0.00544317 -0.00265774 -0.00227005 0.00165052 -0.00260443 -0.00170612 0.00392216 -0.00401301 -0.00465734 -0.0129806 -0.00406622 -0.00097741 -0.000919223 -0.00240947 -0.00417769 0.00494311 -0.000316114 -0.00230761 -0.00702101 -0.0114447 -0.00351565 -0.00439781 -0.00788109 -0.00910931 -0.00480361 0.00254834 0.0137255 -0.00262834 -0.00184395 -0.00193184 -0.00651529 0.00283822 0.00284603 -0.0111789 0.00501797 0.00321756 0.00116212 0.00381885 -0.00188123 -0.00394886 -0.0010718 -0.000892402 0.00252302 0.00621639 -0.000386719 -0.00206532 -0.00549068 -0.00324597 -0.00341044 -0.00327279 0.00696493 -0.00385923 -0.000111063 -0.00384609 0.00332088 -0.00654807 -0.00543918 -0.00110593 0.0046506 -0.000120949 
-0.00292828 0.00866433 -0.0061367 -0.0026452 -0.000485301 -0.00313824 -0.00746323 -0.007277 0.00211297 0.00159939 -0.00798502 -0.0113817 -0.0096928 -0.00328009 0.00225072 0.0067057 0.00310449 0.00274152 -0.00233667 -0.0016245 0.00974495 0.00121007 -0.00780066 -0.00599688 0.0019348 0.0084978 0.00432541 0.0081495 0.148866 -0.00536097 -0.00850204 -0.0110183 0.00302986 -0.000509536 -0.00361559 0.000274875 -0.00357893 -6.38543e-05 -0.000238238 0.00106125 0.00629872 0.00508554 -0.00406897 0.000541129 0.00381947 0.00916853 0.000618985 0.00605221 -0.0081652 -0.0105996 -0.00305945 0.0011422 0.0012762 -0.000718057 0.00259203 -0.00171256 -0.00119602 -0.00780913 -0.00238205 -0.00267853 -0.00591929 -0.00151313 0.0029606 -0.00682487 -0.00705756 -0.00598794 -0.000777937 -0.00166066 -0.00161094 -0.00771144 0.0028825 -0.00208436 -0.00224134 0.000973109 0.000616432 0.00989351 -0.00686255 0.00798654 -0.0060348 -0.00338948 -0.00517302 -0.00447351 -0.00896159 -0.00181227 -0.0084903 -0.00146184 0.0170625 -0.00454557 0.00339751 -0.00148931 -0.0069667 0.000387611 -0.00329683 -0.0128853 0.00669933 -0.010534 -0.00408402 -0.00902766 -0.00602542 0.000624279 
0.00159079 -0.00169904 0.00169009 -0.00453944 0.00523854 0.0128719 0.000570765 -0.00520868 -0.00985262 -0.00335981 -0.00452423 0.000676698 -0.00774055 0.00591402 0.000506098 0.00151712 -0.00340563 0.00273829 0.0013157 0.00278996 -0.00744653 0.001386 0.00768553 0.00505761 0.00901572 -0.00373415 -0.0113075 -0.00412692 -0.00536097 0.152912 -0.000270965 -0.00210557 0.00281816 0.00184999 -0.00150727 0.00918057 0.00137494 -0.00237517 -0.00726722 -0.00131352 -0.0088059 -0.0086704 0.00274333 -0.0117693 -0.00442056 -0.0142716 -0.00274386 -0.0147953 -0.00232764 0.0036413 -0.00300822 -0.0102602 -0.000324741 -0.000643045 -0.00147028 -0.00225122 -0.00574233 0.000336787 -0.00335985 -0.00610621 0.006321 -0.00315093 -0.00998509 -0.00309245 -0.00819811 -0.00111705 -0.00737182 0.00340782 -0.0025557 -0.00311819 0.00643279 -0.00398985 -0.00567375 -1.14467e-05 0.00144131 0.00176126 -0.0033665 -0.00523717 -0.00523041 -0.0049867 -0.0111605 0.00609218 -0.00265893 -0.0010444 0.000530711 -0.000446857 0.00699165 0.00123306 -0.000783384 -0.000323115 0.00741898 3.8383e-05 0.000999411 0.0170533 -0.00282669 -0.00418356 -0.00223399 -0.00445338 -0.00635369 -0.00347349 
0.00477374 -0.0112495 0.00279154 -0.00140799 -0.00689456 0.00559917 0.00506579 0.00148548 -0.000153596 -0.00478074 0.00318748 -0.00345162 -0.00254302 -0.00197635 -0.00227826 -0.00322183 -0.00127328 -0.00400427 -0.00127576 0.00246447 -0.0120437 -0.00178995 0.0127475 -0.00766424 -0.00675451 -0.00530563 0.00801333 0.00325494 -0.00850204 -0.000270965 0.116212 0.00751321 0.000727589 0.00102173 -0.000382576 -0.000739557 -0.00829536 0.000841128 -0.00241712 -0.000913827 -0.000574137 -0.00478906 -0.000830164 0.000526627 0.000276952 -0.00293288 -0.0001616 -0.00411064 0.004233 0.000368748 -0.00251629 -0.00188097 -0.00260455 0.00372124 0.00218359 -0.000566762 -0.00143832 0.000858201 -0.00607836 -0.00387221 -0.00170955 -0.00318238 -0.00833133 -0.0083337 0.00563614 0.00909203 -0.00118607 -0.00282068 -0.00237461 0.00364113 -0.00100851 0.001597 -0.000605794 0.00169713 -0.00582701 -0.00315712 0.00267612 -0.00977834 0.0057362 -0.00299348 0.00409824 -0.00020197 -0.00377385 -0.000624528 -0.00295229 -0.000713833 -0.00973623 -0.00299214 -0.00137753 0.00173399 0.00200253 0.00121236 -0.00142653 -0.0122181 -0.000327605 -0.00779116 0.00125877 0.00162037 -0.00157854 -0.000900679 
0.00253433 -0.00447884 0.00333064 0.00298435 0.00815973 0.00576302 0.0156177 0.011442 0.00103444 0.0022241 0.00145345 0.00358571 -0.00481636 -0.00688216 -0.0023724 -0.0126531 -0.00626028 0.000852248 -0.00194959 -0.000520766 0.000476708 -0.00454313 -0.000100131 -0.0164216 -0.0123294 -0.0148348 0.0168615 -0.00467441 -0.0110183 -0.00210557 0.00751321 0.144099 0.0049267 0.00298011 0.00665359 0.018786 -0.00562642 0.00872138 -0.00343927 0.000621993 -0.0111863 -0.00450566 -0.00119214 -0.0101889 -0.00169914 -0.0075973 -0.00104963 0.00468666 0.00622143 -0.0108775 0.000510399 -0.00524272 0.00113331 0.00078231 -0.00736939 -0.000748405 -0.00549246 -0.00866485 -0.00092972 0.00736952 0.000289557 -0.00857938 -0.00373618 -0.00679899 0.00612338 -0.00277955 0.0054018 -0.00337915 -0.000221938 -0.000200604 -0.00136801 0.00673548 0.0036278 -0.00278741 -0.00746711 0.00276811 0.00334708 -0.0028446 0.00171088 -0.00361515 -0.000117228 -0.00131878 -0.0104193 -0.00653161 -0.0011048 -0.0120101 -0.00811993 -0.00352295 0.0006719 9.39736e-05 -0.00827777 -0.00412006 -0.000758146 -0.0115529 0.00373454 -0.00944128 -0.00672289 0.00525782 -0.00891014 -0.00261102 
-0.000843899 -0.00461581 -0.00863999 -0.00197252 0.0131443 0.00674574 0.00355852 0.0002053 -0.000327835 0.00513287 0.00506531 0.00220606 -0.000242062 -0.00130904 -0.00113236 -0.00290577 -0.00442324 0.00150775 1.27811e-06 -0.00192671 -0.00886769 0.00225972 -0.000281533 -0.00339444 0.0040174 1.13459e-06 0.0150996 -0.000167723 0.00302986 0.00281816 0.000727589 0.0049267 0.132163 0.00304743 0.00366737 0.00889902 -0.00305388 0.000709363 -0.00144291 0.000937923 -0.00722837 -0.00222631 -0.000108194 -0.0018422 0.000668757 -0.00284411 -0.00301154 -0.00422916 -0.00275519 -0.00598253 0.0022573 -0.00768096 -0.008397 -0.00131221 -0.00612198 -0.00404881 -0.00602837 -0.00250918 -0.00718504 -0.00432462 0.00338127 -0.00646762 -0.0038826 0.00651657 -0.0171933 -0.00289355 0.0117952 -0.00203851 -0.000591275 0.000636347 -0.00149482 0.00511187 3.01769e-05 -0.00819176 -0.00495048 -0.00917674 -0.000768449 -0.000898572 -0.00467418 -0.00514509 -0.00177756 -0.00275794 -0.00465074 -0.00347969 0.00652127 0.00721312 -0.00567637 -0.0038415 -0.00303824 -0.00126821 -0.00253385 -0.00281527 0.00307752 -0.00242995 -0.0027665 -0.00987719 -0.0101522 0.00115158 -0.00779252 -0.0116241 
0.00542225 -0.00058259 0.000596646 -0.000221394 0.0014479 0.000997371 -0.00283163 0.00266551 -0.000684385 -0.000677023 0.00182621 0.00191499 -0.000428308 0.00161497 -0.000755232 -0.0049964 0.000250891 0.00012376 -0.0019366 -9.34922e-05 -0.00359592 -0.00424822 0.0034419 -0.000387105 -0.000826684 -0.00257134 -0.00270011 -0.00145536 -0.000509536 0.00184999 0.00102173 0.00298011 0.00304743 0.0717964 0.00385909 0.0041466 -0.000237694 0.00747953 0.0037063 -0.000964524 -0.00438122 -0.00160608 0.000296821 0.000166705 0.00258295 -0.00315607 0.00179074 -0.00362505 -0.0008955 -0.00421332 -0.003303 -0.00349286 -0.000833387 -0.00128866 -0.00204949 -0.004594 -0.00171486 -0.00352406 -0.000664249 -0.00577914 0.00109448 -0.00459835 -0.00148387 0.00173731 -0.00353107 -0.00195334 -0.00339569 -0.000478043 0.000133451 -0.00286428 -0.00240831 0.00262457 0.00197214 -0.000700692 -0.00441717 0.00469983 0.00223819 -0.00489837 -0.000142076 -0.00074497 0.00116244 -0.00113284 -5.67556e-05 -0.00200398 -0.000624323 -0.00444881 -0.00686736 -0.00233345 -0.00224649 -0.000550372 -0.000406645 -0.000639557 -0.00186318 -0.00293477 -0.0053718 -0.00581179 0.00206853 -0.000535076 0.00306776 -0.000557503 
