0.096666 0.00224928 0.00414171 0.00158746 -0.0071947 -2.8793e-05 0.00106291 -0.00105106 -0.000457198 -0.00071707 -0.00113022 0.00794609 0.00696803 0.00159325 0.000282285 -0.00576872 -0.00111212 0.00289823 -0.00452847 -0.0038533 -0.000434788 -0.00291889 -0.0086345 0.000527314 -0.00480004 0.000564492 -0.000945885 0.0030467 -0.00208653 -0.00306925 -0.00325889 -0.00198133 -0.00812903 -0.000979394 -0.0077573 -0.00216268 -0.00955158 -0.00054181 -0.0049984 -0.00453073 0.000816439 0.00288313 0.003949 -0.00365591 -0.00158175 -0.00296692 -0.000490627 -0.00427267 -0.00141677 -0.000517382 0.000203517 -0.000308704 0.000552584 -0.000706518 0.0033015 0.0135312 -0.00206869 -0.00142247 0.000151185 0.00904758 0.00113961 -0.00161011 0.00206569 -0.00269171 0.000294099 -6.84786e-05 -0.0057375 -0.00290768 -0.00222693 -0.00150715 -0.00249601 -0.000273011 0.000958022 0.00264436 -0.00371352 -0.00342289 -0.000772204 0.00210462 0.000798637 0.000527794 -0.00292867 -0.0019381 0.00238593 -0.00788278 -0.00213721 -0.00420998 -0.00154113 -0.00282951 -0.00159851 -0.00507184 -0.00349274 0.000711438 -0.00423361 -0.0012877 -0.00429888 -0.00455928 -0.00157241 0.00157175 0.000562128 0.00930673 
0.00224928 0.141947 0.00557551 0.00603553 0.00176892 0.000766533 -0.00213212 -0.00183632 -0.00138832 0.00670686 -0.00204001 -0.00791817 -0.00522323 -0.00420272 0.00279691 -0.0101408 -0.00525634 -0.000801924 -0.00490663 0.000385781 -0.00388897 -0.0108085 -0.00953469 0.00105449 0.00601851 -0.00536112 -0.00165153 -0.00973005 -0.000273094 -0.0127156 -0.00512761 -0.00909458 -0.0131712 -0.0035349 0.0173451 -0.00361766 0.00745231 0.00405498 -0.00716069 -0.00328682 -0.00136161 0.00129927 -0.00392318 0.00617213 -0.0069413 -0.00196888 0.00380196 0.00217421 -0.0039589 0.00273577 -0.0113927 0.00662326 0.00211797 0.000628833 0.00191694 -0.000894317 -0.00833797 0.00410248 -0.0055277 0.00223906 -0.00397421 0.00302413 0.00343173 0.00283858 -0.00107796 -0.00316991 0.00381871 -0.0070307 -0.00271513 -0.00388306 -0.00367156 -0.00686365 -0.00114607 -0.00802817 0.00120662 -0.00504533 -0.002081 -0.0103982 -0.00694413 -0.00038873 -0.002428 -0.00597492 0.00794132 0.00534787 -0.0121808 -0.00584647 -0.00170349 -0.00275943 -0.00162148 -0.00704776 0.000852793 -0.00132088 -0.000583091 -0.00326819 0.00606199 -0.00601927 0.00819051 0.00441186 0.0127387 0.00844787 
0.00414171 0.00557551 0.119305 -0.00417085 0.00248172 -0.00155944 -0.00323897 0.00183741 -0.000531945 0.000564113 -0.00237654 -0.00031676 0.00671924 -0.000920053 0.00381265 -0.0107738 0.00277772 0.00634211 -0.00377115 -0.00474913 -0.0120596 0.00252386 0.00670027 0.00716097 -0.00188163 0.00332123 0.00206753 0.00731981 -9.0032e-05 -0.00341218 0.00141981 0.00536611 -0.00389135 0.00114387 -0.00430258 0.000876769 -0.00314504 -0.0107539 -0.00517129 -0.00529845 0.0012331 -0.00142562 0.0031913 -0.00288507 0.00160478 0.0038069 0.00361776 0.00182472 -0.0022354 -0.00411862 -0.00268237 -0.00401602 -0.00195854 0.00299859 0.00158985 -0.00254662 -0.000958457 -0.00904678 -0.00444709 -0.00699972 0.000787672 0.000966281 0.0021108 -0.00443372 -0.00178206 -0.00137193 -0.005951 -0.00556515 0.000227433 -0.00577793 -0.00323443 -0.00763179 0.00159601 -0.00676717 -0.00305269 -0.00977059 0.00166362 -0.00344473 -0.008301 -0.000241958 -0.00726984 -0.00624683 0.00481927 -0.00457834 -0.00372482 -0.00166783 0.000230421 0.0072251 -0.000554738 0.00198916 -0.00329582 0.00137202 0.00278275 -0.0062351 -0.00247931 -0.00515779 -0.00185249 0.00254915 -0.00557574 0.00205605 
0.00158746 0.00603553 -0.00417085 0.119749 -0.0111782 -0.0010504 -0.00392959 0.00109264 0.00428129 -0.00677487 0.00214892 0.00185413 0.00110992 -0.00288875 -0.000800044 0.00785773 -0.000645582 -0.0127133 -0.00409663 0.0005946 -0.000765742 -0.0030877 -0.00268793 -0.00532736 -0.00158215 -0.00429995 0.00220343 -0.00619687 0.00831502 -0.0119984 -0.00177206 -0.000226753 -0.00370118 -0.00421399 -0.00273969 -0.00767854 0.00658454 0.00326714 0.000166664 0.000608149 -0.000721568 -0.00248203 -0.00159842 -0.00301956 0.00249745 -0.00496088 -0.00186725 0.00965595 -0.00202059 -0.00238463 0.00256277 0.00223416 -0.00148519 0.000546113 0.00275332 -0.00400327 -0.0087929 -0.00165077 0.00241911 0.00116821 -0.00196661 -0.00144408 0.00485968 -0.00662028 -0.00340704 -0.00259585 -0.00523571 -0.00168541 -0.00169055 -0.00390727 -0.00198217 -0.00484916 0.00116555 0.00400154 -0.00526088 0.00395817 0.00488471 -0.00315315 -0.000994403 0.00153207 0.0039117 0.00062577 0.0118782 0.00111383 0.00180147 -0.000480533 0.00129373 -0.01123 0.0045125 -0.00708664 -0.00524233 -0.00221146 -0.00537505 -0.00381177 -0.00274512 -0.00754726 -0.00483261 -0.00157392 -0.00454712 0.00415799 
-0.0071947 0.00176892 0.00248172 -0.0111782 0.157713 -0.000944839 -0.00163666 0.000159022 0.00445486 -0.00287531 -0.00281202 -0.00058122 -0.0065749 -0.00135708 0.00127826 -0.0110067 -0.00419616 0.00444379 0.00569786 0.00285222 -0.00674599 -0.00621336 -0.000820747 -0.0038433 -0.00783985 -0.00377604 0.00686773 0.000978683 0.00407438 0.000438664 -0.000247674 0.00146469 0.000925879 0.00252611 -0.000714484 0.00572571 -0.00589271 -0.00314399 -0.000457605 0.0017793 -0.0015037 0.00168516 0.000324168 0.00396829 -0.00402307 -0.00108296 0.0057821 -0.000237919 0.000381342 0.000929988 -0.000185034 -0.00128914 0.00107311 0.00177105 0.00904003 -0.0094379 -0.00689562 -0.00488312 -0.00641033 -0.00161032 -0.00437555 -0.00584774 -0.00344614 0.000951216 -0.0123464 -0.00272257 -0.00914465 0.00021445 -0.00671635 -0.00402163 -0.00581033 0.00880932 -0.00656441 -0.00914662 0.00726099 -0.00198462 -0.00894812 -0.00563469 -0.00164063 -0.00333002 -0.00308002 -0.00119424 -0.00732833 0.00744744 0.00940855 -0.00464034 -0.00337405 0.0101931 -0.00389322 -0.00500809 0.000436043 -0.00994061 0.00139759 -0.0019121 0.00165308 -0.00264076 -0.00160888 -0.00241347 -0.00329766 -0.00873264 
-2.8793e-05 0.000766533 -0.00155944 -0.0010504 -0.000944839 0.0721535 0.00112153 0.00264217 0.000286135 0.00420216 -0.00114195 0.00383701 -0.0027711 -4.05506e-05 0.00128921 0.00515747 -0.00233805 -0.004411 -0.00141835 -0.00164153 -0.0041375 -0.00250242 -0.00538072 -0.000703816 -0.00125782 0.00210498 -0.00272486 0.00241664 -0.00113867 0.0042047 0.00420895 -0.00380784 -0.00179871 0.00179859 -0.00146583 -0.00288614 -0.00295234 -0.00252922 -0.00363856 2.23327e-06 4.45942e-05 -0.00354862 -0.000225638 -0.000892364 -0.00327943 -0.00576318 -0.00159325 -0.00101848 -0.00219371 -0.00128036 0.000367285 -0.00209653 0.00118722 -0.00156285 0.00127954 0.00558174 -0.00652747 0.00124994 0.00113858 -0.00104355 0.00135236 0.000114619 0.00197266 -0.00696337 -0.000616706 -0.000517109 0.000229676 -0.00169311 -6.21211e-05 0.00404311 -0.00152086 -0.00109529 0.00279246 0.00645465 0.0027674 -0.000468597 -0.00138811 -0.00236855 -0.00553272 -0.000883828 -0.00332696 0.00280302 -0.00327352 0.00154073 -0.000170703 0.00115737 -0.00499931 -0.00183034 -0.000633205 -0.00172359 0.00518293 -0.00017385 -0.00494323 -0.000502233 -0.00132191 -0.00109083 -0.00231659 -0.000790137 -0.0119295 -1.95565e-05 
0.00106291 -0.00213212 -0.00323897 -0.00392959 -0.00163666 0.00112153 0.0633723 0.000103059 0.00193544 -0.00124221 -0.0017751 0.000657244 0.00235117 0.00217894 0.00133023 -0.00103898 -0.00130136 0.00168779 -0.00111914 0.000223986 -0.000581625 -0.00177931 -0.00044678 0.00126859 0.000689031 0.00088879 -0.00404641 -0.00116557 -0.00252776 0.000740307 0.000186697 -0.00454368 0.00342938 -0.000422214 -4.95981e-05 -0.00126958 -0.0009854 -0.000515972 -0.000204616 -0.000647726 -0.00114538 -0.00465273 -0.000385962 -0.00179657 -0.00195291 -0.00201832 0.00235363 -0.00333133 0.00203073 -0.000516157 -0.000471174 -0.00101441 0.000345723 0.000996421 -0.00172989 0.00461722 8.60553e-05 -0.00310275 0.00163952 0.00202834 -0.00336281 -0.000467481 0.00112802 -0.000973139 0.00235773 3.61664e-05 0.00368856 -0.00255326 0.0015091 -0.000262912 -0.00121993 0.0027305 -0.00184526 0.00142123 -0.000483279 -0.00302954 -0.00092012 -0.00498783 -0.00107354 0.000229328 -0.000832019 0.00117572 -0.0038297 -0.000536425 -0.00236625 -0.00133501 -0.00382123 0.000615045 -0.00118299 0.00140693 -0.00351929 -0.00212771 -0.00243625 0.000255092 0.000115735 -0.00384238 -0.00481636 0.000461532 -0.00338342 -0.00052961 
-0.00105106 -0.00183632 0.00183741 0.00109264 0.000159022 0.00264217 0.000103059 0.0562651 0.00181884 -0.000365839 -0.00315928 0.00561237 -0.000995923 0.000726861 -8.4844e-05 -0.000903073 0.00258425 -0.00584027 -0.000900269 -0.00136351 0.00260323 -0.00145752 -0.00194199 -0.000500271 -0.00131091 -0.00229024 0.000211831 -0.00127453 0.00183323 0.00125336 0.00128661 0.00367853 0.0017558 0.00309151 -0.00059012 -0.00124335 -0.00147308 -0.00011461 -0.00623246 -0.00329308 0.00114122 -0.00194608 -0.00115054 -0.000626591 -0.000757647 -0.00208975 -0.00147349 0.00209718 0.000188862 0.000991419 -0.000318351 -0.000280498 -0.000626074 -0.000357064 0.000653808 -0.00174453 -0.00375921 -0.00070198 -0.000614584 0.00227992 -9.03319e-06 -0.000208599 -0.00254557 -0.00188579 0.00200277 -0.000844751 0.000641777 0.000359169 0.000722052 1.14757e-06 -0.00186659 -0.00276761 0.00167184 0.0010337 -0.00373338 0.00348227 -0.000160223 -0.00563298 0.00166635 -0.000197407 -0.00381441 -0.00215348 -0.00355578 -0.000778689 -0.00205305 -0.00128758 -0.00325677 -0.000367443 0.000272794 -0.00208151 0.00224887 0.000286284 -0.000176907 -2.70473e-05 -0.000594197 -0.00481681 -0.0036879 -0.000350691 -0.00357795 -0.00319618 
-0.000457198 -0.00138832 -0.000531945 0.00428129 0.00445486 0.000286135 0.00193544 0.00181884 0.122624 -0.00112027 -0.00258261 -0.00322555 -0.00214029 -0.00300689 -0.00375471 -0.00165776 -0.001082 -0.0094639 -0.0020999 0.00353585 -0.00936858 0.000378196 0.00083886 -0.00504993 -0.00373605 -0.0129525 -0.0050976 0.00167516 0.0127568 -0.0071394 -0.00335202 -0.0127151 -0.00518412 0.00258353 0.00973164 -0.00544453 -0.00304911 0.00839662 -0.000797253 0.00689201 0.000379422 0.0036418 0.00184367 -0.00161266 -0.00466033 -0.00335795 0.00674803 -0.000151479 0.00244943 0.00128615 -0.00349142 -0.00537576 0.00107061 -0.00250098 -0.000281687 -0.00353094 0.0103932 0.00325561 -0.00273527 -0.00943429 -0.00148668 -0.0011728 0.00132538 -0.000612537 0.00141192 -0.00148032 -0.0004366 -0.000888135 0.000508942 -0.00403471 -0.000597952 0.00417486 -0.00434935 0.000304235 -0.00705628 0.00852126 -0.0024151 -0.00832727 -0.00709242 -0.00211732 -0.00635845 -0.00250192 0.00975985 0.00316388 -0.00261384 -0.0047451 0.00509802 -0.0115203 -0.000600685 -0.0085088 -0.00554485 -0.00765139 0.000506527 -0.00256799 0.00610849 -0.00687157 -0.00547105 -0.0012183 -0.00214852 -0.00022026 
-0.00071707 0.00670686 0.000564113 -0.00677487 -0.00287531 0.00420216 -0.00124221 -0.000365839 -0.00112027 0.179327 0.000905868 0.00272526 0.0180691 -0.000999536 -0.00173493 -0.00637807 0.00225357 0.00994457 0.0115159 0.00458299 -0.0106449 0.000420584 0.017178 0.00812152 -0.0141595 -0.00638617 -0.0115651 0.0164878 -0.011784 -0.00651902 0.000375706 0.0212764 -0.00267659 0.00734541 -0.00116204 0.00888985 -0.0180712 -0.0201685 -0.0107884 -0.00767458 -0.00143295 -0.00179479 -0.0106081 -0.00332655 -0.00236719 0.00301006 0.00179554 -0.00883726 -0.00139827 -0.00349669 -0.011182 0.00179081 -0.00254274 -0.0029755 -0.0127853 -0.000846271 -0.008465 0.00996002 0.00691944 0.000746442 0.00355275 0.000968819 -0.00535255 -0.00395812 -0.00977226 -0.0027317 0.00605111 -0.00375236 -0.000100839 -0.00139648 -0.00238351 -0.00146211 -0.00808262 0.0038504 0.00125287 -0.00622708 -0.00752932 -0.00591897 0.000623041 -0.000321323 0.00661438 -0.0111075 -0.00574527 -0.00151129 -0.00905752 -0.00674651 -0.00833939 -0.014074 -0.00467524 -0.00284435 0.0109616 -0.00777923 -0.0129435 -0.00396467 0.00861321 0.00444124 0.00321322 -0.00480341 -0.0130354 -0.0137739 
-0.00113022 -0.00204001 -0.00237654 0.00214892 -0.00281202 -0.00114195 -0.0017751 -0.00315928 -0.00258261 0.000905868 0.14045 0.0100355 -0.00598975 0.000703506 -0.0032437 0.0091831 0.00734186 0.00551137 -0.00109405 -0.00642818 -0.00291425 0.00157969 0.00689692 -0.00362376 0.00136723 -0.0105953 0.00481126 -0.00043811 0.00335178 -0.0137818 -0.00379255 -0.00998336 -0.00558639 -0.0147322 0.00888265 -0.00337684 0.00945087 0.0108443 -3.53828e-05 0.00626456 -0.00199951 -0.00696137 0.00406588 -0.00631792 -0.000934164 0.00578165 0.00244403 -0.00518679 0.00237694 -0.0025971 -0.00205246 -0.00235317 -0.000967365 -0.00339067 -0.00476522 0.0010519 0.000678841 -0.00879735 -0.00904489 0.00170678 -0.000984575 0.00148789 -0.00408231 -0.00248483 -0.000882134 -0.003427 -0.000154773 0.00810709 -0.00428196 0.00416286 -0.00533809 0.00302454 -0.0026783 0.00134218 0.005778 0.00505139 0.00216404 -0.00961069 0.000536311 0.00129423 -0.00945148 -0.00762392 -0.0159942 -0.00457453 -0.00114428 -0.00165374 -0.000571647 -0.00426943 0.000150932 -0.00361858 0.000733996 -0.000578985 -0.008409 -0.000794745 -0.00263799 -0.00465906 -0.00695621 -0.000152489 -0.0145311 -0.00212197 
0.00794609 -0.00791817 -0.00031676 0.00185413 -0.00058122 0.00383701 0.000657244 0.00561237 -0.00322555 0.00272526 0.0100355 0.169319 0.00733097 0.00525663 -0.000309915 0.00408942 0.00944368 0.000383408 -0.00819914 -0.0095924 -0.00183428 -0.0109131 -0.0102849 -0.00178818 -0.00642511 -0.0115048 0.00351878 0.00924825 0.00542841 0.00758009 0.000129443 0.00687413 0.00202698 0.0110318 -0.011057 0.00963421 0.00742892 -0.00298783 -0.00527791 0.0050386 0.00319726 0.00133365 0.0064834 8.01286e-06 0.00534558 -0.00584982 0.00808121 -0.00942242 -0.00459703 -0.00302558 -0.00687562 -0.00698636 -0.00157085 -0.00497256 0.00806313 0.00644834 -0.000613714 0.00775364 0.000842828 0.00646865 -0.00313185 0.00719206 -0.00520239 -0.011516 -0.0102788 -0.00372639 -0.00440771 -0.00240471 -0.00543675 -0.00311793 -0.00401771 0.00889272 0.00465139 0.00209862 -0.00272966 -0.005774 -0.00282904 -0.00594747 -0.0103031 -0.00301867 -0.00961657 -0.00277729 -0.00489645 -0.00969632 -0.00679169 0.000422252 -0.00989925 -0.0125826 -0.00953425 -0.00132916 0.00871431 -0.00780853 -0.0136306 -0.00785118 -0.000702246 -0.0162156 -0.00825828 -0.00414182 -0.0221614 -0.0145618 
0.00696803 -0.00522323 0.00671924 0.00110992 -0.0065749 -0.0027711 0.00235117 -0.000995923 -0.00214029 0.0180691 -0.00598975 0.00733097 0.134137 0.00401471 0.00723006 -0.00454888 0.00507088 0.000119958 -0.00254643 -0.00231211 -0.0100845 -0.00370454 0.00435366 -0.00130585 0.00198975 -0.00108216 -0.00412769 -0.00521244 -0.0098293 0.00231275 -0.00205571 0.0176334 0.00317678 -0.000406318 -0.0179945 0.0044662 -0.0154675 -0.00996139 -0.00354361 0.001907 0.000550409 -0.00891885 -0.00450663 -0.00160121 0.00551386 -0.00157132 -0.00774842 -0.00163522 0.000464344 -0.00350354 -0.00607095 -0.00234508 -0.00243171 -0.000744606 -0.00574751 -0.00216578 0.00463669 -0.000608728 0.00275696 -0.00240347 -0.00105937 0.00170508 -0.00450317 -0.00380361 0.000195655 -0.00233823 -0.000992212 0.0034537 0.000803164 -0.00148541 0.00225096 0.00705948 -0.00321349 -0.00494868 -0.00802881 0.00657657 0.00249013 0.00025797 0.00313724 -0.000955561 -0.00495044 -0.0050221 0.000555341 -0.011211 -0.00747907 -0.00386019 -0.0109453 -0.00393854 -0.000842948 0.00134269 0.00302736 0.00630807 -0.00553154 -0.00530382 0.00547205 0.000138934 -0.0116673 0.00404087 -0.00637723 -0.0133588 
0.00159325 -0.00420272 -0.000920053 -0.00288875 -0.00135708 -4.05506e-05 0.00217894 0.000726861 -0.00300689 -0.000999536 0.000703506 0.00525663 0.00401471 0.0811148 0.00147635 0.00209578 0.00312244 0.00412727 -0.00163918 -0.00231913 -0.000136521 -0.00307886 0.000436982 -0.00166049 0.00561878 0.00272869 0.000589317 -0.00402126 -0.00638659 0.00941262 0.000330603 0.00374292 -0.00205582 6.72287e-05 -0.00960319 -3.69592e-05 -0.00789456 -0.0032107 -0.00665549 -0.00536621 -0.00093335 -0.0069329 -0.0020351 -0.000249855 3.41847e-05 0.00122667 -0.0017152 0.00247647 -0.00111129 0.00190012 0.000818067 0.000140509 0.000680197 -0.00126875 -0.00158661 0.00287405 -0.00241772 -0.00185395 -0.00271718 -0.00141359 0.000662598 -0.000899053 -0.00141613 -0.00444489 -0.0016593 0.00113587 -0.00133983 2.67288e-06 -0.00243464 0.00226399 -0.0050031 -0.000442708 0.000454156 0.00149243 -0.00469788 0.00258966 -0.000145234 0.000293543 0.00415127 -0.00128936 0.000161717 0.0040862 -0.000226419 -0.0040104 -0.00183024 -0.00276762 -0.00538111 0.00543068 -0.000731752 0.00357281 -0.000869444 -0.000735914 -0.000175378 -0.000278184 -0.00389432 -0.00545043 -0.00699754 -0.00133053 -0.00833458 -0.00728345 
0.000282285 0.00279691 0.00381265 -0.000800044 0.00127826 0.00128921 0.00133023 -8.4844e-05 -0.00375471 -0.00173493 -0.0032437 -0.000309915 0.00723006 0.00147635 0.0688789 -0.00294747 -0.00235057 0.00326693 0.00112026 1.03286e-05 -0.00224713 -0.0011637 -0.00588282 -0.00040152 0.00116332 -0.0026651 -0.00138235 -0.000382216 -0.00510153 -0.00239185 -0.00256812 -0.00230378 -0.00468501 -0.00108116 -0.0029359 -0.00134851 -0.00442237 -0.00490701 -0.00207058 0.00185395 -0.000137695 -0.00552844 0.000782562 -0.00285695 -0.00226778 0.000114149 -0.00202268 -0.00185953 0.000458544 0.000334323 -0.00417256 6.49089e-06 0.000262847 -0.00126351 -0.00155749 0.00173804 -0.00346662 8.99582e-05 0.00112284 0.00611059 -0.000521241 0.000849299 -0.000169876 0.000319558 0.00280016 -0.00103696 0.000301072 -0.00321181 -0.000414332 -0.00398219 0.00141863 -0.00138589 0.000245231 0.00118425 0.000264988 -7.07415e-07 -0.0042215 -0.00204388 -0.00265413 0.000569394 -0.0013629 -0.00231516 -0.00336024 -0.00158438 -0.000952343 -0.000378266 -0.0081797 0.000164015 -0.000222081 0.0022159 0.00270643 0.00518535 0.000159042 -0.0022389 0.00113877 -0.00319389 -0.00318844 0.00460101 0.00168403 0.00230182 
-0.00576872 -0.0101408 -0.0107738 0.00785773 -0.0110067 0.00515747 -0.00103898 -0.000903073 -0.00165776 -0.00637807 0.0091831 0.00408942 -0.00454888 0.00209578 -0.00294747 0.140855 -0.000246778 -0.00235789 0.0123971 0.00216821 -0.000340537 -0.00840164 0.00137427 -0.0109258 0.00747815 -0.00140298 -0.00476792 -0.00745372 -0.00134673 0.00257184 0.00293574 -0.0105456 -0.00712595 -8.92474e-06 -0.000443327 -0.00416338 0.00126834 -0.00229113 -0.00443223 0.00329222 -0.000683154 -0.00238866 0.00404293 -0.00479683 -0.00915848 -0.0102638 0.0020951 -0.00380023 -0.00388905 -0.00527719 -0.00254304 -0.00136593 -0.00118792 -0.00482355 -0.0038883 -0.0039354 -0.00885576 -0.00291625 0.00839202 -0.00746119 0.00603039 4.16823e-05 0.00677579 -0.0112145 -0.00241548 -0.00426765 -0.00113034 -0.000960876 0.000749856 0.00727397 0.00516301 0.00301124 0.00246108 0.00358165 0.00221654 0.0125585 -0.00135983 -0.00182476 -0.00482794 -0.000196184 0.000764373 0.00804494 -0.00430324 -0.000201981 0.00288628 0.00634814 0.000669268 -0.00235426 0.00571648 -0.00795286 0.00703164 -0.000829069 -0.00508107 -0.000444715 -0.00856791 -0.00103047 -0.0164048 -0.000428397 -0.0143496 -0.00977982 
-0.00111212 -0.00525634 0.00277772 -0.000645582 -0.00419616 -0.00233805 -0.00130136 0.00258425 -0.001082 0.00225357 0.00734186 0.00944368 0.00507088 0.00312244 -0.00235057 -0.000246778 0.109438 0.000543046 0.00445524 -0.00350249 -0.00315058 -0.00198632 0.00272949 0.00209099 0.00495754 -0.00363672 0.00372458 0.00554578 -0.00110119 -0.000179571 0.00244313 -0.00289463 0.00443147 0.00409335 -0.00383861 -0.000299137 0.00907285 -0.0019473 0.00257006 -0.00319282 0.00017728 -0.000170416 0.00334136 -6.30957e-06 0.00810793 0.00103782 -0.00382539 -0.00397464 -0.00280825 -0.00190389 0.00297134 -0.000284256 -0.00031366 0.0043825 -1.06747e-05 -0.00411031 -0.001985 -0.00352317 0.000350699 -0.00271987 0.00427904 -0.00115855 -0.00849587 -0.00311907 -0.00527566 -0.00249778 -0.00899652 0.00668992 -0.00106083 -0.00171722 -0.00484339 -0.00314549 -0.000123371 -0.00711616 -0.0042072 0.00133485 0.0006299 -7.76661e-05 -0.00132838 -0.000535012 -0.0045471 -0.00407385 -0.00323862 -0.00521995 -0.006281 -0.00212753 -0.00769504 -0.00788972 -0.00109483 -0.000173732 0.0014077 -0.000593925 -0.0102961 -0.00109355 -0.00319048 -0.0089964 -0.0128299 -0.000277902 -0.00899216 -0.0111957 
0.00289823 -0.000801924 0.00634211 -0.0127133 0.00444379 -0.004411 0.00168779 -0.00584027 -0.0094639 0.00994457 0.00551137 0.000383408 0.000119958 0.00412727 0.00326693 -0.00235789 0.000543046 0.15902 0.00575028 -0.000804175 0.0188926 0.0022081 0.00258903 0.00635333 -0.00357845 -0.00258389 -0.00528451 0.00424255 -0.00899286 0.00455613 -0.00523257 -0.000514312 -0.0106787 -0.00515161 -0.0103975 -0.00553801 -0.0121761 -0.00607882 -0.00443279 -0.000117817 -0.00215765 -0.00928375 -0.000503645 0.0081818 0.00681934 0.0113161 0.000278606 -0.00541812 -0.00210015 0.0138358 -0.00354893 0.00540379 -0.000344831 -0.00142526 0.000838758 0.00300492 -0.00879404 -0.0130822 -0.00814692 -0.00269003 0.000838636 -0.00651773 0.000514498 -0.00282663 0.00420896 0.000620003 -0.0047562 -0.00985079 -0.00216294 -0.00137598 -0.00812502 0.000210814 -0.00272121 -0.00122905 -0.00996563 -0.00788638 -0.00739729 -0.00460531 0.0123871 -0.00399148 -0.00597665 -0.00586062 -0.0144295 -0.00894202 -0.00429355 -0.00053673 -0.00692293 0.0028246 -0.00346939 0.00666349 -0.00571104 -0.00342303 -0.0106438 0.000961967 0.00335782 0.0058059 -0.00212699 0.00481532 -0.008364 -0.00701087 
-0.00452847 -0.00490663 -0.00377115 -0.00409663 0.00569786 -0.00141835 -0.00111914 -0.000900269 -0.0020999 0.0115159 -0.00109405 -0.00819914 -0.00254643 -0.00163918 0.00112026 0.0123971 0.00445524 0.00575028 0.118582 0.013937 0.00175832 0.00431026 0.00193397 -0.00542019 0.00533933 0.000897935 -0.000608241 0.00829574 -0.00346809 0.0104251 -0.00128385 0.00496443 -0.0043631 -0.00537945 -0.00741463 0.000928791 -0.00273933 -0.000863893 -0.00164219 -0.00611837 -0.000331966 -0.00473636 -0.00223806 -0.00590252 -0.00424098 -0.00465498 -0.00347809 -0.000459189 -0.00333852 -0.00529968 -0.00764997 0.0011005 0.00340167 -0.000820806 -0.00221903 -0.00195546 -0.00566927 -0.00101894 0.00396762 -0.00103367 0.000676806 -0.00570286 -0.00300343 -0.00484022 -0.00834189 -0.00285471 -0.00333235 0.000644879 2.76913e-05 0.000589191 -0.00376349 -0.00737143 -0.00184959 -0.00630101 -0.00318487 -0.00399686 -0.00378222 -0.0050696 0.0018164 -0.000879096 -0.000706548 -0.00318711 -0.00560617 -0.00554751 -0.00118959 -0.00482109 -0.00514616 0.000480019 0.000947908 0.00663599 0.00374649 0.00131002 -0.00536348 -0.000722575 -0.00527914 0.00682193 0.000691018 -0.00149389 -0.0109716 -0.000190814 
-0.0038533 0.000385781 -0.00474913 0.0005946 0.00285222 -0.00164153 0.000223986 -0.00136351 0.00353585 0.00458299 -0.00642818 -0.0095924 -0.00231211 -0.00231913 1.03286e-05 0.00216821 -0.00350249 -0.000804175 0.013937 0.100506 0.00320139 2.97038e-06 0.0109992 -0.000583947 0.00653071 0.00128079 -0.001747 -0.000377015 -0.000326271 -0.00107263 -0.00279312 -0.00227036 -0.00547577 -0.00116863 -0.00481459 -0.00324031 -0.0128053 -0.0043647 -0.00542749 -0.00358013 -0.000433802 -0.00343203 0.00206957 -0.00398238 -0.0061887 -0.00352772 -0.00167637 -0.00537999 -0.00175268 -0.00361814 -0.00458183 0.00376328 -0.000457377 -0.00215464 -0.00370232 -0.00214602 0.00390459 0.00170871 0.00134776 -0.000367103 -0.000529647 -0.00421279 0.00125309 -0.000296463 0.000126943 0.0028884 0.00552889 -0.00268493 3.77657e-05 0.000557932 -0.0024102 0.000352012 -0.00421228 -0.00395127 -0.00208159 0.00483096 -0.00384955 -0.00570058 -0.00119158 -0.000168932 -0.00143127 -0.00201578 0.00827668 0.00072909 0.00308436 -0.000370492 0.00191135 0.00203379 -0.00242142 -0.000697076 -0.000626935 -0.000689644 -0.00529613 -0.00136742 -0.00297949 -0.00333226 -0.000692468 -0.00222522 -0.000794608 -0.00897344 
-0.000434788 -0.00388897 -0.0120596 -0.000765742 -0.00674599 -0.0041375 -0.000581625 0.00260323 -0.00936858 -0.0106449 -0.00291425 -0.00183428 -0.0100845 -0.000136521 -0.00224713 -0.000340537 -0.00315058 0.0188926 0.00175832 0.00320139 0.167981 0.00535245 -0.000123667 -0.00278974 -0.0019374 0.00494108 -0.00880373 -0.00627786 -0.0037135 0.00598353 -0.00382173 -0.00369868 0.00115877 -0.00347606 -0.00859675 -0.0104708 -0.00157781 0.00728579 -0.0107968 0.00184039 3.9508e-05 -0.00423602 -0.00620595 -0.00312626 0.00154657 -0.00452776 -0.00887772 -0.00190775 0.00280024 0.00572191 -0.00392033 0.00153811 -0.000590868 -0.00220994 0.00734613 -0.00352239 -0.00218127 -0.00105612 -0.00354525 -0.00251401 -0.00166874 -0.00549798 -0.00633139 -0.0063706 0.0045512 -0.00240645 -0.00847487 0.0056377 -0.00203023 0.000551252 0.00116344 -0.0211931 -0.00127573 0.00175589 -0.00683943 0.00112181 -0.00132435 0.000590391 0.0085241 0.000200984 0.000193137 -0.00287525 -0.00574139 -0.00949395 0.00718323 0.00731455 -0.00363674 -0.00107209 -0.000827959 0.0082754 -0.00365805 -0.00334903 -0.00412716 0.00497486 -0.00895483 0.00482405 -0.00267203 -0.00188522 0.0052499 -0.00655486 
-0.00291889 -0.0108085 0.00252386 -0.0030877 -0.00621336 -0.00250242 -0.00177931 -0.00145752 0.000378196 0.000420584 0.00157969 -0.0109131 -0.00370454 -0.00307886 -0.0011637 -0.00840164 -0.00198632 0.0022081 0.00431026 2.97038e-06 0.00535245 0.142999 0.0140445 0.00446567 0.00342363 0.00595989 0.000108505 -0.00407262 -0.00626538 0.00175293 0.00276954 0.0157256 0.00726804 -0.00432006 0.0051857 -0.00221095 -0.00703262 -0.0111815 -0.00265107 -0.0104629 -0.00130658 -0.00495107 0.00195472 -0.00805436 0.000366282 -0.00161252 -0.00769529 0.00403999 -0.00132055 -7.91303e-05 0.00196911 -0.00307751 0.000566309 -6.13615e-05 -0.00170228 0.00363871 0.00438586 -0.00129378 -0.00271183 -0.00842243 -0.00268258 -0.00384627 -0.00110911 -0.00646701 0.00161785 0.000808422 0.00676069 -0.00134235 0.000359893 -0.00487016 -0.00612105 -0.00643024 -0.00281826 -0.000347867 0.00106638 0.00731531 -0.000831676 0.00595901 -0.0070678 -0.00260884 -0.0118249 -0.00605378 -0.0117156 -0.005778 0.00134963 0.000196117 0.00398849 0.00401688 0.00092919 -0.00505577 -0.00683193 0.00149395 0.00630498 0.00156796 -0.00295746 -0.0153645 -0.00167154 -0.00314488 0.00224761 -0.0179394 
-0.0086345 -0.00953469 0.00670027 -0.00268793 -0.000820747 -0.00538072 -0.00044678 -0.00194199 0.00083886 0.017178 0.00689692 -0.0102849 0.00435366 0.000436982 -0.00588282 0.00137427 0.00272949 0.00258903 0.00193397 0.0109992 -0.000123667 0.0140445 0.151982 0.0045871 0.00588375 -0.00410765 -0.00331378 0.00784677 -6.1928e-05 -0.00742978 0.000997203 0.00057168 0.00274886 -0.00101516 0.00503442 0.00317963 -0.0120045 -0.0172968 -0.0037877 -0.00823351 -0.00427946 -0.00741285 -0.00302506 -0.00626131 0.00272845 -0.000296108 -0.00983634 -0.00162135 -0.00350202 -0.00650417 -0.00307184 -0.00491527 -0.00225509 -0.00115896 -0.00575563 -0.00826588 0.00551315 -0.0067841 0.00203667 -0.00864471 -0.00179327 -0.000241528 0.00236475 -0.00810218 -0.00556374 0.00400297 0.00615428 0.00107714 -0.00144634 -0.000906412 -0.00326136 0.00354999 -0.00580685 0.00485765 0.00530512 -0.000100946 4.37418e-05 0.00459121 -0.0025866 -0.00156206 -0.00185619 -0.0096187 -0.00166259 0.00280056 -0.00252542 -0.00574061 0.00251066 -0.00248862 0.00582719 -0.003228 0.00143012 -0.00431795 0.00369549 -0.00255921 -0.00619443 -0.0135578 -0.00951936 -0.00425709 -0.0065411 -0.0193774 
0.000527314 0.00105449 0.00716097 -0.00532736 -0.0038433 -0.000703816 0.00126859 -0.000500271 -0.00504993 0.00812152 -0.00362376 -0.00178818 -0.00130585 -0.00166049 -0.00040152 -0.0109258 0.00209099 0.00635333 -0.00542019 -0.000583947 -0.00278974 0.00446567 0.0045871 0.102534 -0.00350794 0.00683186 -6.80366e-05 0.00530254 -0.0033752 -0.00412819 0.00638378 0.0102413 -0.0013694 0.00599882 -0.00871202 0.00464576 -0.00219473 -0.0121238 -0.00595313 -0.00732475 -0.0025144 -0.00282333 -5.74807e-05 0.000507412 0.00633293 0.00167152 -0.00496291 9.68485e-05 -0.00458942 0.00321009 0.00145383 -0.00182574 -0.000417498 -0.00102373 0.00179007 0.0074374 -0.00801561 -0.0030369 -0.00187478 0.00120768 0.00195217 0.00241001 -3.02908e-05 -0.0106102 -0.0073658 0.00171348 0.0058694 -0.00288628 0.00193038 -0.0072723 -0.00526505 -0.00192064 -0.00350804 0.00329423 0.00203683 -0.00555421 -0.000678185 -0.00150745 0.00866635 0.00189825 -0.00296384 -0.00378575 -0.00743786 -0.00287592 -0.0022534 -0.00149139 -0.00705334 -0.00565188 -0.00289228 0.000569241 -0.00601953 0.000291437 -2.99008e-05 -0.00740616 -0.000482597 -0.00382036 -0.0016772 0.00012838 -0.00434323 -0.00142988 
-0.00480004 0.00601851 -0.00188163 -0.00158215 -0.00783985 -0.00125782 0.000689031 -0.00131091 -0.00373605 -0.0141595 0.00136723 -0.00642511 0.00198975 0.00561878 0.00116332 0.00747815 0.00495754 -0.00357845 0.00533933 0.00653071 -0.0019374 0.00342363 0.00588375 -0.00350794 0.163395 0.000949351 0.00255732 -0.00193725 -0.000215923 0.00789328 -0.00946739 -0.00575654 -0.00478049 -0.000876496 0.00100738 0.000130592 -0.000712282 -0.00125282 -0.00391171 -0.00193322 -0.00146109 -0.00348466 0.00240033 -0.000850386 -0.00379177 -0.00590849 -0.00412318 -0.00185394 -0.00279152 0.0026979 -0.00675328 0.00360474 -0.00119871 -0.00186097 -0.00992158 -0.00550486 0.00456451 -0.00232627 -0.000657724 -0.00588172 -0.00113444 -0.00290606 -0.00116478 -0.00231787 0.00125425 -0.00206793 -0.000243545 -0.00158797 -0.0054944 0.001358 -0.0023699 -0.00135734 -0.00566093 -0.0137975 -0.0052636 0.00414037 -0.000434164 -0.0121622 -0.00892739 0.000673115 -0.0112324 0.00597919 0.00274358 0.0139075 -0.00291922 -0.00637497 -0.000253386 0.00379783 0.00116815 -0.00840084 -0.00641715 0.00307019 -0.00349074 -0.000525068 -0.00349243 -0.00847712 -0.00824594 0.00357009 -0.00509424 -0.00827748 
0.000564492 -0.00536112 0.00332123 -0.00429995 -0.00377604 0.00210498 0.00088879 -0.00229024 -0.0129525 -0.00638617 -0.0105953 -0.0115048 -0.00108216 0.00272869 -0.0026651 -0.00140298 -0.00363672 -0.00258389 0.000897935 0.00128079 0.00494108 0.00595989 -0.00410765 0.00683186 0.000949351 0.147171 0.0115274 -0.00133076 0.00145423 0.0248154 0.00472495 0.00914302 -0.00507807 -0.00550277 -0.0121321 0.00590693 -0.0116848 0.000965425 -0.0127447 -0.0117766 -0.000467222 -0.00897637 0.00251058 -0.0040896 -0.00506838 -0.00650807 -0.00624302 0.00402051 0.00247926 -5.47123e-05 0.00315961 0.00234814 0.000395314 0.00159853 0.000119609 0.00508167 -0.00853032 -0.00512198 -0.00191642 -0.00124593 -0.00029069 -0.00879077 -0.00318426 -0.0105928 -0.00158241 -0.00113945 -0.00544611 -0.00550698 0.00112532 -0.00409548 -0.00613882 -0.0094152 -0.000579221 -0.00792892 0.00369329 0.00179961 -0.00257346 -0.00115137 0.00230134 -0.0033148 -0.00383371 0.00135203 -0.0123989 -0.00487632 -0.00213797 0.00182298 -0.00530601 0.0158126 -0.00289188 0.0091543 -0.00474153 -0.0028651 0.00736864 -0.00447197 -0.00744515 0.00482557 0.0070556 -0.00447153 -0.00326054 -0.00265411 
-0.000945885 -0.00165153 0.00206753 0.00220343 0.00686773 -0.00272486 -0.00404641 0.000211831 -0.0050976 -0.0115651 0.00481126 0.00351878 -0.00412769 0.000589317 -0.00138235 -0.00476792 0.00372458 -0.00528451 -0.000608241 -0.001747 -0.00880373 0.000108505 -0.00331378 -6.80366e-05 0.00255732 0.0115274 0.139942 0.00454325 0.0121987 0.0116731 0.0022106 0.00530255 0.00665562 -0.00436196 -0.00647919 0.00218034 0.00815468 0.0167438 0.000637834 -0.011099 -9.73787e-05 0.00189179 0.00141493 0.00203007 -0.00276494 -0.00574684 0.00370725 0.00273101 -0.00261945 -0.000784333 -0.00244412 0.0078166 -0.00127503 0.00171833 0.000985104 -0.00489434 -0.0014964 -0.00529576 -0.00668527 -0.00204639 0.000608064 -0.00441016 -0.00836931 -0.00875657 -0.0084797 -0.00371122 -0.0136774 0.00322788 -0.00327211 -0.000569791 -0.00474495 -0.0104876 0.00169611 -0.00867719 0.00316719 0.00252721 0.000347521 -0.00256609 -0.00568202 -0.00256745 -0.00732579 -0.000708664 0.00166087 0.00958833 -5.02935e-05 -0.00247163 -0.00865855 0.00302914 -0.00604149 -0.00815992 -0.0114686 -0.00702019 -0.0141069 -0.00706524 -0.00216469 0.00264517 -0.000479251 -0.00402829 -0.0143671 -0.00490993 
0.0030467 -0.00973005 0.00731981 -0.00619687 0.000978683 0.00241664 -0.00116557 -0.00127453 0.00167516 0.0164878 -0.00043811 0.00924825 -0.00521244 -0.00402126 -0.000382216 -0.00745372 0.00554578 0.00424255 0.00829574 -0.000377015 -0.00627786 -0.00407262 0.00784677 0.00530254 -0.00193725 -0.00133076 0.00454325 0.116047 0.00200892 -0.000698702 0.00492606 -0.00521726 -0.00310422 0.0068342 -0.00386761 0.00463704 -0.00877354 -0.00124551 -0.00578886 -0.00865089 0.000982027 -0.00327295 7.4199e-05 -0.00473582 -0.00247663 -0.00393523 -0.00336839 -0.00164482 -0.00297512 -0.000305645 -0.00928499 -0.00440946 -0.000910289 -0.00167346 -0.00405103 0.00254459 -0.00323373 -0.00289118 -0.00115692 -0.000369055 0.00531996 -0.00470151 -0.00362392 -0.00220206 -0.00725891 0.00112372 -0.00786314 0.000405663 -0.000454379 -0.00458036 -0.00341217 -0.00933406 -0.000713184 0.00667459 -0.0021381 -0.00938119 -0.00358556 -0.000916011 -0.00384177 0.000789153 -0.000292893 -0.000187402 -0.00672794 -0.00808317 -0.00303941 -0.00409577 -0.00322567 -0.0040993 -0.000503229 0.00415797 0.00298858 -8.30867e-05 -0.0054927 0.0014982 -0.00464447 0.00387968 0.00471237 -0.00155485 -0.0101586 0.00755292 
-0.00208653 -0.000273094 -9.0032e-05 0.00831502 0.00407438 -0.00113867 -0.00252776 0.00183323 0.0127568 -0.011784 0.00335178 0.00542841 -0.0098293 -0.00638659 -0.00510153 -0.00134673 -0.00110119 -0.00899286 -0.00346809 -0.000326271 -0.0037135 -0.00626538 -6.1928e-05 -0.0033752 -0.000215923 0.00145423 0.0121987 0.00200892 0.142914 0.000271852 -0.00255133 -0.00499691 0.00785549 0.00238433 0.00382948 0.00324803 0.00169574 0.0151085 7.71521e-05 -0.00658281 0.000769889 -0.000655126 -0.00326108 -0.00607744 -0.00745917 -0.00900213 -0.000633609 0.00147659 0.000168433 -0.00670522 -0.00361407 -0.0032629 -0.00129119 -0.00363644 -0.000955281 -0.00363906 -0.00737355 -0.00919645 -0.0053552 -0.00333068 -0.00251328 -0.00473586 0.00600398 -0.00492883 0.00052767 -0.00205739 -0.00787417 -0.000867273 -0.00386437 -0.00221209 -0.00291696 0.00647165 -0.000913928 0.00379654 -0.00519575 -0.000502215 -0.000176981 -0.00242089 -0.0133837 -0.00332831 -0.0083612 -0.00410002 0.00937657 0.0113536 0.00802123 0.00160953 -0.00590779 -0.00411225 0.000749868 -0.00318862 -0.00639796 -0.00668438 -0.00423259 0.00027279 0.00028902 -0.00290943 0.000937642 -0.00371401 -0.0137058 -0.00176081 
-0.00306925 -0.0127156 -0.00341218 -0.0119984 0.000438664 0.0042047 0.000740307 0.00125336 -0.0071394 -0.00651902 -0.0137818 0.00758009 0.00231275 0.00941262 -0.00239185 0.00257184 -0.000179571 0.00455613 0.0104251 -0.00107263 0.00598353 0.00175293 -0.00742978 -0.00412819 0.00789328 0.0248154 0.0116731 -0.000698702 0.000271852 0.143135 0.0120236 0.0324878 -8.67888e-05 0.00513345 -0.00918647 0.00689802 -0.00573925 -1.00004e-05 -0.00729696 -0.0130728 0.000532745 -0.0111242 -0.00199765 -0.0040513 -0.00401256 -0.01177 -0.00125334 -0.00383815 -0.0010282 0.00152011 0.00101006 -0.00361392 0.00138566 0.00146147 2.81562e-05 0.00238482 0.000688567 0.00337226 -0.0004016 -0.00266512 0.00461815 -0.00733931 -0.00679457 -0.0108747 -0.00549136 -0.000540957 -0.0133083 0.000105751 -0.0007943 0.00156696 -0.00733236 -0.00325402 0.000911299 -0.00625108 -0.00140922 -0.0105786 -0.00538225 -0.00966368 0.00675142 -0.00245022 -0.00546389 0.00983687 -0.0124211 -0.00783627 -0.00531992 -0.00203844 -0.0153115 0.00642875 -0.00165608 0.00667845 0.00163175 0.00272223 -0.000786553 -0.00472654 -0.00804579 -0.00401828 0.00353309 -0.00338192 -0.0201883 -0.0143883 
-0.00325889 -0.00512761 0.00141981 -0.00177206 -0.000247674 0.00420895 0.000186697 0.00128661 -0.00335202 0.000375706 -0.00379255 0.000129443 -0.00205571 0.000330603 -0.00256812 0.00293574 0.00244313 -0.00523257 -0.00128385 -0.00279312 -0.00382173 0.00276954 0.000997203 0.00638378 -0.00946739 0.00472495 0.0022106 0.00492606 -0.00255133 0.0120236 0.108846 0.0167966 -0.00363122 0.00461063 -0.0107211 0.00523228 -0.00802176 -0.00433444 0.00048056 -0.00493379 0.00191312 -0.00266674 -0.00377516 -0.00170073 -0.00283918 -0.0076704 -0.00132166 0.00236274 -0.00281185 -0.000746144 0.00438664 -0.00157603 0.00305766 -0.00120527 0.00306511 0.00267181 -0.00402333 0.00294708 -0.00380713 -0.00729964 0.00375275 -0.0074866 -0.00571352 -0.0121609 -0.0101308 -0.00110167 -0.00205123 0.00430167 -0.00366986 -0.00369834 -0.0015784 -0.0050721 0.000358297 -0.00296454 0.00613018 -0.00640601 0.0011686 -0.00516832 -0.000540381 -0.00123238 0.00221228 -0.00146259 -0.00476701 -0.0124958 -0.0038495 0.00555894 -0.00336915 0.00829153 -7.80874e-05 0.00308449 -0.000444499 -0.000274708 0.000135223 -0.0038066 -0.00208407 -0.00569821 0.00696255 -0.00392919 -0.00809165 -0.00594262 
-0.00198133 -0.00909458 0.00536611 -0.000226753 0.00146469 -0.00380784 -0.00454368 0.00367853 -0.0127151 0.0212764 -0.00998336 0.00687413 0.0176334 0.00374292 -0.00230378 -0.0105456 -0.00289463 -0.000514312 0.00496443 -0.00227036 -0.00369868 0.0157256 0.00057168 0.0102413 -0.00575654 0.00914302 0.00530255 -0.00521726 -0.00499691 0.0324878 0.0167966 0.185031 0.0109208 0.00832849 -0.0105089 0.0116834 -0.0196235 -0.0211361 -0.00907311 -0.015909 0.00331967 -0.015931 -0.0111378 -0.00997938 -0.007154 -0.0125308 0.00777725 -0.00306168 -0.00753908 -0.00379563 -0.00476723 0.00535034 -0.00124775 -0.00101831 0.00683165 0.00528959 -0.00736609 0.00302905 -0.00064318 0.00748386 0.000586599 -0.00978178 -0.00937493 -0.0161218 -0.0083655 0.00129714 0.00272818 -4.52254e-05 0.00103699 -0.00738436 -0.00804791 -0.0105446 -0.00208257 -0.00242144 0.00438191 0.006126 -0.00283306 -0.00980064 0.0060777 -0.00555149 -0.00673633 -0.0133298 -0.018528 -0.0128236 -0.000370905 -0.0036868 -0.0100773 0.0146998 0.000249451 -0.000433233 0.000509087 0.0109504 0.00889012 -0.00784435 -0.00188242 -0.0141287 0.00417504 -0.00604749 -0.0194596 -0.0213451 
-0.00812903 -0.0131712 -0.00389135 -0.00370118 0.000925879 -0.00179871 0.00342938 0.0017558 -0.00518412 -0.00267659 -0.00558639 0.00202698 0.00317678 -0.00205582 -0.00468501 -0.00712595 0.00443147 -0.0106787 -0.0043631 -0.00547577 0.00115877 0.00726804 0.00274886 -0.0013694 -0.00478049 -0.00507807 0.00665562 -0.00310422 0.00785549 -8.67888e-05 -0.00363122 0.0109208 0.13181 0.00921654 0.00246419 0.00393539 -0.00208921 0.00662426 0.00230124 -0.00813256 -0.000730069 0.00886196 -0.00436498 0.000175958 0.00106391 -0.00245353 -0.00469649 -0.00633309 -0.00415969 -0.00422054 0.000818538 -0.00126515 -0.00209132 0.000864482 -0.00271118 -0.00918523 0.00346435 -0.00154801 0.00252389 -0.00399806 -0.00433604 -0.00463273 -0.00725378 -0.00196532 0.00181703 0.00103301 -0.000908714 0.000287336 0.00346898 -0.00482025 -0.00315193 -0.00788478 -0.00114611 -0.00462796 -0.00662723 -0.00122071 0.00977902 0.0107262 0.00303495 -0.00319381 0.000607187 -0.00727327 -0.00432528 -0.00225473 0.00943509 -0.00115813 -0.0007088 -0.00460632 -0.00331119 0.00119039 -0.00469292 -0.000372493 0.00342418 -0.000318423 -0.00274195 -0.00487692 -0.0101385 -0.00362108 -0.00732699 -0.00723355 
-0.000979394 -0.0035349 0.00114387 -0.00421399 0.00252611 0.00179859 -0.000422214 0.00309151 0.00258353 0.00734541 -0.0147322 0.0110318 -0.000406318 6.72287e-05 -0.00108116 -8.92474e-06 0.00409335 -0.00515161 -0.00537945 -0.00116863 -0.00347606 -0.00432006 -0.00101516 0.00599882 -0.000876496 -0.00550277 -0.00436196 0.0068342 0.00238433 0.00513345 0.00461063 0.00832849 0.00921654 0.122673 -0.00448069 0.00721096 -0.00325106 -0.00490136 -0.00194377 0.00174849 -0.00119768 0.00800119 -0.00203291 0.00441781 0.000113589 -0.00553605 -0.0104761 0.000841227 -0.000247497 -0.0012326 0.00259618 -0.00243466 -0.000240494 -0.00140684 -0.0010176 -0.00275006 -0.00876028 0.000619866 0.00338992 0.00124775 0.00316649 -0.00474246 -0.00422685 -0.00850499 -0.00165189 -0.00315094 -0.00205649 -0.00140056 -0.00150152 -0.00481594 -0.00292499 0.00384932 -0.00239768 -0.0064029 -0.00527413 -0.00618928 -0.000670394 -0.00398584 -0.00860877 -0.000485002 0.00642912 0.00108229 0.000506432 -0.00176383 0.00154441 0.00293635 -0.00837119 -0.00944988 -0.00290881 -0.000346304 -0.00681502 -0.00342142 -0.00412362 -0.00651985 -0.00576913 -0.0083704 -0.0155489 -0.00264221 -0.00366487 0.00868507 
