0.16633 0.00374761 0.00967476 0.00362912 0.0031777 0.00292033 -0.00337645 0.0034964 -0.00491351 -0.00387311 -0.0031024 -0.00341397 -0.00535568 -0.0110027 0.00702854 0.0014137 -0.0103999 -0.0119767 0.0059043 -0.0171073 0.00618938 -0.00181147 -0.0105422 0.00560834 0.00519724 0.000544721 -0.00531183 0.0143903 -0.00492702 0.0066247 1.11254e-05 -0.0079087 -0.0119667 -0.0105457 -0.000883684 -0.00258095 -0.0125383 -0.00659204 0.00145026 -0.00858928 -0.0123979 -0.00843297 -0.00141903 -0.00026015 -0.0105931 -0.000246319 0.0060516 0.00198099 0.00209827 -0.00457487 0.0029048 -0.00458651 -0.00963917 -0.00190833 0.0084549 -0.00523613 -0.000638144 -0.00508832 -5.3075e-05 -0.00189199 0.00607836 0.00431932 -0.000311945 -0.00638084 0.0072535 -0.00557671 0.010815 0.00252907 -0.00382024 -0.0101419 -0.000313616 -0.00878262 0.000494991 -0.00569142 -0.000766918 -0.0116575 -0.00784111 0.00660485 -0.0015007 -0.00164297 -0.00152366 0.00284226 0.00596139 -0.00345863 0.0148658 -0.00872649 0.0015531 -0.00291608 -0.00188738 -0.00303013 0.00294519 -0.00831192 -0.00487283 -0.00570125 -0.0031602 -0.0125239 -0.00056333 0.00418453 0.0180979 -0.0105848 
0.00374761 0.136793 -0.00285287 2.52076e-05 -0.00172881 0.00375467 0.00779515 0.00294177 -0.00908455 -0.0008236 -0.00254656 0.00030539 -0.00862482 0.00321853 -0.00998453 -0.0058656 -0.00560924 0.0131082 0.00944599 -0.00264106 0.00973905 -0.00445263 -0.00497657 -0.00590532 -0.00114871 -0.0106882 -0.00443791 0.0040523 -0.0041048 -0.00801559 -0.00264945 -0.00217504 0.00651264 0.0101168 -0.000820595 -0.00282783 -0.000368205 0.0146772 -0.00993475 -0.00479534 0.00745809 0.00324973 0.00388223 -0.00271499 -0.0139893 -7.21286e-05 -0.00118687 -0.00268969 -0.00222837 0.00725533 0.00471088 0.00310725 -7.85765e-05 -0.00555708 0.00457208 2.31256e-05 -0.0117693 -0.00339892 -0.00061254 0.00091711 0.00433993 0.00651629 0.00301398 -0.00344482 -0.0190091 -0.0100395 0.00201298 0.00182101 -0.00635972 -0.00437294 0.00217827 0.00141654 -0.00755518 0.00132249 -6.98389e-05 -0.00474764 0.00180706 0.000270329 0.00907044 -0.00756146 -0.00892719 -0.0138675 -0.00741927 -0.00154363 -0.0180025 -0.00836765 -0.00092529 -0.00137094 -0.00409389 0.00105474 -0.00531544 -0.000799414 -0.00386255 -0.00200567 0.0015569 0.00150612 -0.000667827 0.000298654 0.0137355 -0.0116411 
0.00967476 -0.00285287 0.0917275 0.00454608 0.000404617 0.00497867 -0.000459913 0.00501016 -0.00562363 -0.000210731 -0.00271981 -0.00227095 0.00962765 -0.00511826 0.0103276 0.00180048 -0.00424026 -0.00166293 -0.00812443 -0.00485424 -0.00264633 0.000414538 -0.00416849 0.00319141 -0.010022 -0.00556088 -0.000253161 0.00496059 0.00320835 -0.000313949 -0.00257272 -0.00229714 -0.00121636 -0.00763285 0.00204083 -0.00453813 -0.000882442 -0.00767279 -0.00208745 -0.00386794 0.000961161 -0.00492414 -0.000682659 -0.000170162 -0.00133963 -0.00189412 -0.00113113 -0.000780307 -0.000351122 -0.00468923 -0.00341865 0.0012822 -0.00211271 -0.000767414 -0.00903454 -0.00243978 0.000138429 -0.00438436 0.00513456 -0.00161254 0.00539101 -0.00320435 -0.00215192 0.00305753 -0.00129433 -0.00227044 0.00132278 0.00522308 -0.00136665 -0.00381123 -0.00486375 -0.00293214 -0.0026569 -0.00108894 -0.000343878 -0.00186418 -0.00113095 -0.00231351 -0.000106549 -0.00471427 0.0015251 0.00257242 0.00183746 -0.00186872 0.0088143 0.000164031 0.00193227 -0.00188548 0.00122211 0.00286948 -0.00368007 -0.00140027 0.00354044 -0.00291089 -0.00259092 -0.00284396 0.00335852 -0.00397409 -0.00451883 -0.0068697 
0.00362912 2.52076e-05 0.00454608 0.0895969 0.00134032 0.00442379 0.00209763 0.00693375 -0.000855173 0.00113726 0.00807173 -0.00126836 0.00252211 0.00682031 -0.00709064 -0.00178641 0.00144267 -0.0012282 0.00192655 0.00528834 -0.000203359 -0.000948239 -0.00710199 -0.00254884 -0.00405795 -0.00489738 -0.00693055 -0.00329895 -0.00200363 0.000748352 -0.00323827 -0.000264499 -0.00736847 -0.0046298 0.000882122 -0.00168861 -0.00108383 -0.00746309 -0.00350387 -0.00793245 -0.00439247 -0.00253494 0.00224336 -0.00216166 0.0032504 -0.00217226 -0.00185241 0.00155475 0.000123052 -0.00309053 -0.00489522 -0.0015493 0.00124663 -0.00340864 -0.000334857 -0.00127922 0.00624099 0.000283468 -0.0054579 -0.000232507 -0.00676776 -0.00347728 -0.000699641 -0.00293337 -0.000167786 -0.00520604 -0.00430861 -0.00153835 0.00209623 -0.00284916 -0.00486055 -0.00106762 -6.70967e-05 0.00110625 -0.00314764 0.00260368 -0.00155515 -0.00820349 -0.0012715 -0.00943921 0.00058392 -0.00202976 -0.00559816 -0.00338386 -0.00301804 0.00468376 -0.00261023 -0.000853109 -0.000749472 -9.28414e-05 0.00835695 -0.000423383 -0.00447471 0.0087371 0.000820348 -0.00335623 0.000712307 0.00117346 -0.00062176 0.0122774 
0.0031777 -0.00172881 0.000404617 0.00134032 0.0428107 0.00139444 0.000641324 0.000534588 0.000604009 -7.68712e-05 0.000527464 2.88296e-05 0.00379724 -0.00109578 0.00061711 -0.00191483 0.000124435 -0.000712179 -0.000774884 0.00101804 -0.00248793 -0.00126374 -0.00038355 0.00301223 -0.00278422 -0.00373869 3.00042e-07 -0.0007084 -0.00202931 -0.00026019 -0.000182601 -4.03395e-05 0.000320785 -0.00246378 -4.87459e-05 -0.000668687 0.00441331 -0.00458252 -0.00193967 -0.00420981 9.18919e-05 -0.00130345 -0.000290581 -0.000124848 -0.00286112 0.000290232 -0.000199264 0.000345679 -0.00181801 -0.0008748 -6.30252e-05 -0.000254295 -9.79546e-05 0.000662354 -0.000399797 0.00208448 0.00208568 -0.00047022 3.2505e-05 -0.00215673 -0.00363231 -0.00166669 -0.00211037 -0.00198563 -5.26579e-05 -0.000405052 0.00024128 -0.00312288 -0.00223989 -0.000651081 -0.000564483 -0.000636542 0.00326793 -0.00110846 0.000378121 -0.000954125 0.00162603 0.00331578 -0.000934363 -0.00440223 0.000181131 0.00041851 -0.0031406 -0.00141311 -0.00458755 -0.000927453 0.000210837 0.000703623 0.00115173 -0.000501308 -0.00247678 0.00133881 -0.00231906 0.00182435 0.00080567 -0.00142522 0.00148442 -0.000943587 -0.00223815 0.0021407 
0.00292033 0.00375467 0.00497867 0.00442379 0.00139444 0.125616 0.00576318 -0.00352111 -0.00269609 -0.00106095 -0.00108925 -0.00194845 0.000738576 0.00103473 0.00937712 -1.04116e-05 -0.00331363 -0.011051 -0.00613564 -0.00707108 0.00388521 -0.00158018 -0.00574997 0.00276401 -0.00634396 -0.00242082 0.00231289 0.0068205 0.000295533 -0.00267945 -0.00469004 0.00145238 -0.0012616 -0.00128983 0.00381849 -0.00347849 0.000749677 -0.00310896 -0.00658155 -0.00991173 -0.00346528 0.00275778 0.000617922 -0.00245619 -0.00304719 -0.00472474 -0.00136178 0.00190486 -0.00178165 -0.00426032 -0.0051171 -0.00188022 0.00576214 -0.0114243 0.000266273 -0.00264561 -0.00682662 -0.00190158 0.0093473 -0.00437841 -0.000636925 -0.00414687 -0.00310444 -0.000417655 0.00901361 -0.00405398 -0.00283556 0.000791124 0.00529112 -0.00769116 -0.00251529 -0.0034798 -0.0065737 -0.00143649 -0.00883708 0.00336616 -0.00264526 0.00224255 0.00186793 -0.0124407 0.0072051 -0.00886104 -0.0116745 -0.00413276 0.00759653 -0.000406776 0.00172199 -0.00524691 0.00132088 0.00257642 -0.00309307 -0.000255052 -0.00861539 -0.000522142 0.00213282 0.00668668 0.000212439 -0.00928786 0.00174429 -0.00135037 
-0.00337645 0.00779515 -0.000459913 0.00209763 0.000641324 0.00576318 0.104092 -0.00309399 0.00608643 0.00238529 0.00449392 0.00350944 -0.00295745 0.00287604 0.000632384 0.00360341 -0.00402937 -0.0098289 0.00156457 0.00147756 9.8629e-05 0.000712682 -0.00185042 -0.0026075 -0.000823797 -0.00201118 0.000820976 -0.00186303 -0.00319551 -0.00453797 0.000134987 -0.00213425 -0.00677301 -0.00194435 0.0029669 -0.00142916 0.00908964 -0.00910011 -0.00463748 -0.00033231 0.00142304 -0.00497356 0.00471798 -0.00216393 -0.00279597 -0.000314421 0.00101654 -0.00362684 -0.00358026 0.00538702 -0.00844654 -0.00358476 -0.00336515 -0.00154224 -0.00724198 -0.00443341 -0.0062252 -0.00492638 -0.00121244 -0.00406945 0.000501583 0.00179145 0.00290473 -0.00364051 -0.00261531 0.00307927 -0.00228535 0.00191444 -0.00415763 -0.000650714 -0.00866767 -0.00311342 -0.00529271 0.00192838 -0.00037759 0.0026302 -0.00193703 -0.00211168 8.70876e-05 -0.00400457 -8.77255e-05 -0.0040778 -0.00412314 0.00282384 -0.00360573 -0.00732486 -0.000224403 0.000476187 -0.000495269 0.00800539 -0.00271769 0.00320202 -0.000846764 0.00132057 -0.00242437 -0.00511246 -0.000507511 0.00151015 -0.00538081 -0.000290673 
0.0034964 0.00294177 0.00501016 0.00693375 0.000534588 -0.00352111 -0.00309399 0.108348 0.00128023 0.00141574 0.000839855 -0.00454119 0.00527521 -0.00390944 -0.00278383 -0.00364649 -0.00395959 0.00194419 -0.00513025 0.0026032 -0.000383868 -0.00595832 -0.00517787 -0.00315279 -0.00485867 -0.00607047 -0.00434196 0.00176277 0.00115008 -0.00431622 -0.0034662 -0.000250488 -0.000519138 0.000499816 -0.00197703 -0.00376432 0.00131452 -0.00116613 -0.00325216 0.00274753 0.00917096 0.0032486 0.00174031 0.00180284 -0.0057298 0.00402189 -0.00442606 -0.00332764 0.00340839 -0.00512765 0.00311282 0.00496161 0.00062136 -0.00150188 -0.00213711 -0.00440464 0.00162911 -0.00293796 -0.00166259 0.000864259 -0.00365342 0.00766385 -0.00367924 -0.000533698 -0.00791189 -0.00511353 -0.00502989 -0.00237299 0.00134886 -0.00313568 -0.00307765 -0.00248771 -0.00215009 0.000825648 0.00271778 -0.0017485 0.00373561 0.00113058 -0.000529461 -0.00787633 0.00359694 -0.000760126 -0.000549287 -0.0024109 -0.00498816 -0.00190493 -0.00145909 -0.00234825 -0.00087288 -0.00624232 -0.00631276 -0.000432138 0.0021278 0.00317893 -0.00314823 -0.00779051 -0.00200342 0.00341959 0.000557597 -0.0119636 
-0.00491351 -0.00908455 -0.00562363 -0.000855173 0.000604009 -0.00269609 0.00608643 0.00128023 0.178744 -0.000238779 -0.00146906 -0.000955501 0.00491668 -0.00591428 0.00257611 -0.00269001 -0.00213852 -0.00642706 -0.0101897 0.00208553 -0.00590767 0.0104042 0.00342689 0.00664759 0.017878 -0.00951947 0.000555826 -0.0187106 -0.00288389 -0.000439239 -0.00143325 -0.00840536 0.00545987 0.00351354 -0.00440873 0.00459474 0.0034087 0.00548009 0.000809912 -0.00340381 -0.00669724 0.00852558 -0.00478879 -0.000440372 -0.00468015 0.00419686 -0.00724325 -0.0081262 -0.00838006 0.000686076 -0.00611601 -0.00390461 0.00315324 0.00865131 -0.00884569 -0.00703512 -0.00358039 -0.00275893 0.00064333 -0.000199744 0.00183904 -0.00455794 0.00162485 -0.00337477 0.000878723 -0.00342576 -0.00317546 -0.00949725 -0.0108082 -0.00061865 -0.0148233 -0.0127653 0.00758375 0.00115636 -0.000767396 -0.00676061 -0.00337164 -0.000188792 -0.0082374 -0.00380148 -0.00786832 -0.00843121 -0.00648881 0.00543086 -0.00943012 -0.00709029 -0.00244993 0.00439674 -0.0077236 0.000726333 0.0161172 0.00011992 -0.00770527 -0.00606696 -0.00409802 0.000939319 -0.000142991 -0.000814167 0.0028242 0.00762188 
-0.00387311 -0.0008236 -0.000210731 0.00113726 -7.68712e-05 -0.00106095 0.00238529 0.00141574 -0.000238779 0.0533309 0.000551117 0.00485945 0.000583204 -0.00185467 -0.00212294 0.000649256 0.00200409 -0.0059602 -0.00449369 0.00101678 0.00341495 -0.00153536 0.000720636 0.00136736 0.000590345 -0.0027234 5.70832e-05 -0.00502518 0.00241994 0.000967775 0.00188236 0.00194683 -0.00143074 -0.000180132 0.00403567 0.000263686 -0.00188028 -0.000922311 -0.00200072 0.000620115 0.00154558 0.00200347 0.00333625 -0.000199284 -0.00539417 0.00125684 0.000343155 -0.00151442 -0.00143352 -0.00251486 -0.00325645 -0.000299189 5.91903e-05 -0.00198696 -0.00122405 0.00181921 -0.00119799 0.000564981 2.62864e-05 0.00184265 -0.00157821 -0.00261412 0.00463839 -0.00250558 -0.00357728 -0.000256677 0.000516186 -0.00104706 -0.00346265 -0.000476889 -0.00274751 -0.0006373 0.000727839 0.00436807 -0.00115819 0.000752203 0.000787073 -0.00220081 -0.00113173 -0.00182519 0.000773605 -0.00377136 -0.00310287 -0.000595035 -0.00595672 -0.00144361 -0.0018984 0.000261916 -0.000475988 -0.000971969 -0.00353986 -0.00482996 0.0005048 0.00168134 -8.37479e-05 -0.00397422 0.00013936 0.00281802 -0.0037685 -0.00192025 
-0.0031024 -0.00254656 -0.00271981 0.00807173 0.000527464 -0.00108925 0.00449392 0.000839855 -0.00146906 0.000551117 0.0996298 -0.00107291 0.00208005 0.00206468 -0.00629051 0.00319125 -0.00040395 -0.000315961 0.00672575 0.00319777 0.00347363 0.000321946 -0.00373427 0.00559943 0.00144051 1.18457e-05 -0.00204683 -0.000380691 -0.00511332 -0.00208756 -0.00259205 -0.0014938 -0.00271697 -0.00597914 0.000146068 0.00110479 0.000218841 -0.00362071 -0.000324752 -0.00518641 -0.000654985 -0.00512374 0.0041162 0.00207125 0.00549913 0.00018479 -0.00105378 -0.00290762 -0.00545677 -0.00161821 -0.00284361 -0.00107535 -0.00253419 -0.00249109 0.00271745 -0.00233823 0.00436949 -0.000368603 -0.00411503 -0.00178388 0.00444784 -0.00642637 -0.00118208 -0.00209098 -0.00597232 -0.00548745 -0.005512 -0.00262343 0.00392145 -0.00390188 -0.00289386 -0.00377258 -0.00337826 -0.000756158 0.00519397 0.00661006 9.00288e-05 -0.00708969 -0.00264633 -0.0084213 -0.00070269 -0.00191957 -0.00198608 0.00283438 -0.00936366 8.6568e-05 -0.00416857 0.000215721 -0.000802354 0.000693414 -0.00207655 -0.000484318 -0.00385665 0.00511214 0.000790915 -0.00786607 -0.00324785 0.000686453 -0.00439892 -0.00165174 
-0.00341397 0.00030539 -0.00227095 -0.00126836 2.88296e-05 -0.00194845 0.00350944 -0.00454119 -0.000955501 0.00485945 -0.00107291 0.0622747 0.000422704 -0.000204476 -0.000311563 0.00154912 0.0028752 0.00131632 -0.000707703 0.000330526 -0.00270028 -0.000500149 0.000181584 -0.00429331 -0.00158953 -0.00139004 0.00157014 -0.00206179 0.00169378 0.000874298 0.00239151 -0.000797056 -0.0030349 -0.00467369 0.000917978 -0.000669114 -0.00219438 -0.00013089 -0.00416547 0.000244619 0.00211813 -8.16305e-05 0.00034338 -0.000139036 -3.7222e-05 0.000196397 -0.000246356 0.000136191 -0.00131574 9.04871e-05 0.00117474 -0.000488064 -0.00221118 -0.00294969 0.000529304 0.000778023 -0.0041135 -0.000508556 0.0061574 -0.000353197 -0.00195121 -0.00399429 0.000262817 -0.00182931 -0.00422643 -0.0033461 0.00214827 -0.00087433 -0.00502465 0.00102716 0.0039734 1.32394e-05 -0.000757587 0.00321237 -0.00212377 0.00325126 -0.00122008 -0.00554275 0.000338931 0.00126666 -0.00168385 0.00073593 0.00126559 0.00102514 -0.00169063 -0.001152 -0.00147626 0.00158664 -0.000428829 -0.000635862 -0.00325462 -0.00408272 -0.000260947 -0.00325577 0.00105842 -0.00594683 -0.000851163 0.000327721 -0.00361621 -0.00179719 
-0.00535568 -0.00862482 0.00962765 0.00252211 0.00379724 0.000738576 -0.00295745 0.00527521 0.00491668 0.000583204 0.00208005 0.000422704 0.111016 0.00280434 0.00393795 0.000787011 0.00175041 -0.00657118 -0.00977506 -0.00329037 -0.011904 0.00156769 -0.00459935 -0.00346802 -0.00450471 -0.000905581 0.00175372 -0.00714731 -0.000620617 0.00396654 -0.00323292 -0.00399826 -0.0018187 -0.00495189 0.00269294 -0.00179954 0.00304173 -0.00908996 -0.00101655 -0.0109403 -0.00715373 -0.00439436 -0.00261683 -0.000751385 0.00159303 0.00173735 -0.000824856 -0.00315197 0.000357116 -0.00637348 -0.00467388 -0.000217654 -0.00470173 0.00303249 -0.00656554 -0.000545342 0.00459346 0.00105008 0.00163697 6.55543e-05 -0.00694801 0.00118113 -0.00529368 -0.00224582 0.00144065 -0.00141201 0.0100541 0.0054133 -0.00619057 -0.00411404 -0.0022435 0.00341118 0.00230669 -0.00280148 -0.00596853 -0.00165784 -0.00190314 -0.0037339 -0.00362512 0.0058156 -0.000686337 0.0101005 -0.00805946 -0.00293509 -0.00194644 -0.00284681 -0.00172686 0.00170381 -0.00075836 0.00467206 0.00344016 -0.00213948 0.00561959 -0.00193751 0.000968268 0.00297496 6.36891e-05 -0.00240838 -0.0122643 -0.00212422 
-0.0110027 0.00321853 -0.00511826 0.00682031 -0.00109578 0.00103473 0.00287604 -0.00390944 -0.00591428 -0.00185467 0.00206468 -0.000204476 0.00280434 0.13963 -0.011016 0.00303173 0.00137523 0.0072383 0.016843 -0.00264769 -0.00533399 -0.0027235 -0.00920973 -0.00658675 0.000569579 -0.00537048 -0.00471823 0.0131449 -0.00677881 -0.00216588 -0.00582802 0.00589196 -0.00604367 -0.00892753 -0.000186468 -0.000521532 -0.00374136 -0.00521089 -0.00830314 0.000688549 -0.00313691 -0.00717892 0.00102683 0.00223711 0.00941754 -0.00669624 -0.000478268 0.000494923 -0.00473207 0.00573226 -0.0037683 -0.0012098 -0.00549974 -0.00503542 -0.00673017 -0.00123835 -0.000180865 -0.00441218 -0.00261912 0.0015867 -0.0146019 -0.00260125 0.00406963 -0.00302131 -0.00977404 0.0107892 -0.00580769 -0.00432837 -0.00401246 -0.00818648 -0.00139533 0.00782187 -8.39458e-05 -0.00101871 0.000670703 -0.00262964 0.00123197 0.00450161 0.00427153 -0.00143702 -0.00282237 -0.004902 0.000108243 -0.000555294 -0.0122948 -0.00541797 -0.00537949 -0.003763 -0.00311696 -0.00434056 0.0104343 -0.00245086 -0.00414547 -4.80047e-05 -0.00205157 -0.000466758 3.12128e-05 -0.00162137 0.0056416 0.0123048 
0.00702854 -0.00998453 0.0103276 -0.00709064 0.00061711 0.00937712 0.000632384 -0.00278383 0.00257611 -0.00212294 -0.00629051 -0.000311563 0.00393795 -0.011016 0.15907 -0.000623238 0.000319187 0.00474872 -0.00440451 -0.0143737 -0.00165611 -0.00672556 -0.00223087 0.00573252 -0.0209364 -0.00506894 0.00336552 0.00172357 -0.00448375 -0.0060907 8.85368e-05 -0.00535284 0.00232302 -0.000835446 0.00297864 -0.00187432 0.00750129 -0.00108998 -0.00265266 -0.011204 0.00445029 0.000899907 -0.0072274 -0.00164231 -0.00565406 -0.00394316 0.000598659 0.00150897 0.000165449 -0.00236323 0.00187489 -0.00616743 0.00116467 0.00725934 -0.0145915 -0.0053446 -0.00341459 -0.00285479 0.00144456 -0.00731649 -0.00555109 -0.00792355 -0.00272483 0.0027078 0.0292313 -0.00718059 0.00596924 0.0157949 -0.00228606 0.000932066 -0.0115962 -0.00692276 -0.00354896 -0.0102415 -0.00688149 -0.00648107 -0.00589474 0.011262 -0.0117049 -0.00117622 -0.000546852 0.00932582 -0.00387867 0.00100961 0.0051465 -0.008025 0.0130548 -0.00051118 0.00490335 0.011649 -0.014486 -0.00289755 -0.00422978 -0.00770648 0.00144052 -0.00327877 -0.000887473 -0.00806608 -0.0070385 -0.0127526 
0.0014137 -0.0058656 0.00180048 -0.00178641 -0.00191483 -1.04116e-05 0.00360341 -0.00364649 -0.00269001 0.000649256 0.00319125 0.00154912 0.000787011 0.00303173 -0.000623238 0.0768949 0.000292206 -0.0068108 0.00360865 0.00148674 -0.00190241 0.00736704 -0.00146041 -0.00366839 0.000275167 0.00262904 -0.004394 -0.00183727 0.000146709 -0.000853925 -0.00190409 0.000844092 -0.00414312 -0.00540435 0.000780606 0.00181063 -0.00301996 -0.00067291 -0.00553688 0.00356147 -0.0045413 -0.000360544 0.00181181 -0.000422156 -0.00219118 -0.00213893 0.003758 -0.000276433 -4.09807e-06 -0.00184701 -0.00733075 -0.00273719 -0.00407972 -0.000653539 -0.0068297 -0.00215112 -0.000211587 -0.00256176 0.00199824 0.00138278 0.000383236 -0.00413506 0.000608828 0.00100733 -0.00238667 0.00140353 0.000677233 -0.000390072 -0.00470553 -0.00190483 -0.00798891 -0.00306127 -0.00302728 0.00168516 -0.00305325 -0.00121872 -0.0026284 -0.00411399 -0.000324527 0.00408177 0.000661431 -0.00249855 0.0108491 -0.000845654 0.000600958 -0.00216641 -0.0031047 0.00142254 -0.00134448 0.000196312 -0.00350918 0.0046404 -0.000332118 -9.642e-05 -0.000186469 -0.00275945 0.000513163 -0.00159722 -0.000965305 0.00142193 
-0.0103999 -0.00560924 -0.00424026 0.00144267 0.000124435 -0.00331363 -0.00402937 -0.00395959 -0.00213852 0.00200409 -0.00040395 0.0028752 0.00175041 0.00137523 0.000319187 0.000292206 0.132388 -0.000635626 0.00100252 0.00576163 -0.00782033 -0.00109484 -0.000610893 0.00186445 -0.00430201 0.00259748 -0.00110419 0.00585233 0.00417197 0.00637063 -0.00492398 0.000286027 -0.00951594 -0.0024272 -0.000565648 -0.000216753 -0.00803665 0.00399896 -0.00943168 -0.000522578 0.00106623 -0.00232537 -0.00553117 -0.000962131 -0.00712519 0.000667187 -0.00258202 -0.00118122 0.0103932 -0.0065323 -0.000158745 -0.00173206 0.000339244 -0.00603667 -0.000504442 -0.000396065 -0.000422765 -0.000131186 -0.00425896 0.00848199 -0.00281761 -0.0150903 -0.000901364 -0.00617299 -0.00718017 0.00225111 0.0021544 -0.00540524 -0.00131983 0.00488131 -0.000202501 -0.00795325 0.000332867 0.00206701 -0.00855579 -0.00218361 -0.00629858 -0.00962049 -0.000111329 6.68567e-05 -0.000535872 -0.00690739 -0.00641309 -0.00643956 -0.00569672 0.0111346 -0.00483789 0.00599429 0.00321701 0.000535936 0.00647817 -0.00668008 0.00453166 -0.00133467 -0.000445968 0.00266985 -0.000789252 -0.00469618 -0.0090146 0.0110466 
-0.0119767 0.0131082 -0.00166293 -0.0012282 -0.000712179 -0.011051 -0.0098289 0.00194419 -0.00642706 -0.0059602 -0.000315961 0.00131632 -0.00657118 0.0072383 0.00474872 -0.0068108 -0.000635626 0.179206 0.0123278 -0.0121133 0.00506596 -0.00290995 -0.00208108 0.00725195 -0.00245842 -0.0115479 -0.0037543 9.46938e-05 -0.00623521 -0.0101849 9.78591e-05 -0.00527698 0.00476279 0.0119323 -0.0053607 -0.00506713 0.00243782 -0.000327765 -0.00020994 -0.00183772 0.00690997 -0.00418595 0.00401263 0.00276046 0.00357892 -0.00151314 -0.00918376 0.00396436 -0.00562502 0.00429253 0.0102813 -0.00231435 -0.00449447 -0.00504565 0.00661821 -0.00392749 -0.000169551 0.0024033 -0.00540731 -0.0075649 -0.0107394 0.00191625 -0.006663 -0.00222351 -0.0104972 -0.00647666 0.00109786 -0.00627157 0.00995741 0.00253198 -0.00296248 -0.00881381 -0.00506734 -0.00694796 -0.00535801 0.00444079 0.00306823 0.0184845 -0.00329052 -0.00385632 -0.00406798 0.018263 0.00396415 -0.000802749 -0.0155827 -0.00243295 -0.0031568 -0.0015802 -0.00206364 -0.0056925 -0.0109008 -0.0075596 -0.0146277 -0.00763991 0.00149517 -0.0110235 -0.00418312 -0.00399959 -0.00177818 -0.00333713 
0.0059043 0.00944599 -0.00812443 0.00192655 -0.000774884 -0.00613564 0.00156457 -0.00513025 -0.0101897 -0.00449369 0.00672575 -0.000707703 -0.00977506 0.016843 -0.00440451 0.00360865 0.00100252 0.0123278 0.182129 -0.00261296 0.010336 -0.000312448 -0.00136237 0.00359631 -0.00684947 0.0112718 -0.014991 0.0165138 -0.0122394 -0.00239748 -0.00481778 -0.000753805 -0.00411733 -0.0183252 -0.000939132 -0.00349947 -0.00496581 -0.0073984 0.00334945 0.00437116 -0.000106407 -0.0128699 -0.00399545 -0.00606613 0.0138067 -0.00313334 -0.00488414 0.00688886 -0.00204915 0.0144621 -0.000923225 -0.00535048 -0.00401262 -0.00591085 0.00807366 -0.00317407 0.00501711 -0.00815864 -0.00776201 -0.0106338 0.00622061 -0.00642591 -6.88619e-06 -0.00733417 -0.0036882 -0.00252576 0.00273114 -0.000805522 0.000620559 -0.000876916 -0.0017076 -0.000887172 -0.0021164 0.00419819 -0.000350183 -0.00126788 -0.0038932 -0.00347982 -0.00346116 0.00500601 -0.00893135 -0.00044721 0.0165436 -0.00208034 -0.0127687 -0.0107784 -0.00912254 -0.00365461 -0.00554161 -0.00492935 -0.0141529 0.00312791 -0.00150766 -0.00541161 -0.00559998 -0.0298354 -0.00551053 0.00766624 -0.00214364 -0.00968879 
-0.0171073 -0.00264106 -0.00485424 0.00528834 0.00101804 -0.00707108 0.00147756 0.0026032 0.00208553 0.00101678 0.00319777 0.000330526 -0.00329037 -0.00264769 -0.0143737 0.00148674 0.00576163 -0.0121133 -0.00261296 0.140501 -4.84521e-05 0.00496588 0.00728641 4.93086e-06 0.00266228 0.000810586 -0.00344124 -0.0153395 0.00381917 -0.00342192 -0.00379665 0.0109529 -0.00318701 -0.00768851 -0.00184742 0.00675699 -0.00328118 -0.00440354 -0.000285674 0.0021647 0.00314082 0.000514641 0.00574781 -0.00637142 1.0249e-05 -0.00244052 -0.00466618 0.00149174 -0.000929125 -2.46502e-05 -0.000714178 0.00159365 -0.00376725 0.00386673 3.55006e-05 -0.00263251 -0.000422189 -0.00515718 -0.00134899 -0.00510105 -0.000218175 -0.00180603 0.00401912 -0.00485505 -0.0121516 0.00483717 -0.00352117 -0.0140256 -0.0139996 -0.000485062 -0.00333809 -0.00168584 0.00551766 0.00888625 0.00227563 0.00210001 0.00336241 -0.0123692 -0.00282021 -0.0115904 -0.00444054 -0.00925973 -0.0145645 0.00312866 -0.00989859 0.00367535 -0.00720098 -0.000996958 0.00230398 -0.00309666 -0.00461196 0.00577336 0.00741079 0.00586735 -0.00316587 -0.00574351 0.0034995 0.00105985 0.00110195 0.00746236 
0.00618938 0.00973905 -0.00264633 -0.000203359 -0.00248793 0.00388521 9.8629e-05 -0.000383868 -0.00590767 0.00341495 0.00347363 -0.00270028 -0.011904 -0.00533399 -0.00165611 -0.00190241 -0.00782033 0.00506596 0.010336 -4.84521e-05 0.135093 0.00461933 0.00173763 0.00550027 0.00579731 -0.00538861 0.000782917 -0.000916376 0.000321428 -0.00816564 0.00897748 -0.00833722 0.0056549 0.0195927 0.00190391 -0.00333067 -0.0056129 0.014095 -0.00191689 0.00356268 -0.00379456 -0.00111827 0.00710747 -0.00481471 -0.0104591 -0.00505929 0.00131475 -0.00255323 -0.00473007 0.00206364 0.00856253 -0.000685547 -0.00649505 -0.0138573 0.00807152 -0.00357722 -0.000614854 -0.000246052 -0.00184139 0.00208067 0.00427892 -0.00310853 0.00122234 -0.00467036 -0.000349107 -0.00527581 -0.000405509 -0.00440466 -0.00267084 -0.00545959 -0.00385847 -0.00514323 -0.00703714 -0.0017339 -0.00612996 -0.0022913 -0.00111151 -0.00212433 -0.00689496 -0.00163963 -0.00676672 -0.0137042 0.011825 -0.00232046 -0.0175848 -0.00889521 0.00106686 -0.00323453 -0.0033458 -0.00622957 -0.0135937 -0.0152335 -0.00508207 0.00410098 0.00396078 -0.00650483 -0.00328132 -0.00189489 0.00559422 -0.00260129 
-0.00181147 -0.00445263 0.000414538 -0.000948239 -0.00126374 -0.00158018 0.000712682 -0.00595832 0.0104042 -0.00153536 0.000321946 -0.000500149 0.00156769 -0.0027235 -0.00672556 0.00736704 -0.00109484 -0.00290995 -0.000312448 0.00496588 0.00461933 0.139835 -0.00300712 -0.00408 0.00806815 0.00557916 -0.00337078 -0.00691078 -0.000541177 6.54413e-05 -0.00206741 -0.000779476 0.00214335 -0.00337162 -0.000554012 -0.00388855 0.00253918 0.000974215 -0.0103494 -0.00113603 -0.00472836 0.00443224 -0.000731699 -0.00618386 0.00121373 -0.00193085 -0.00249971 -0.000663182 -0.0071648 0.0034271 -0.00544845 -0.00164795 -0.000770832 -0.00070643 -0.00476689 -0.00807585 -0.00292416 -0.00665593 0.000449806 -0.0094394 -0.00827498 -0.0116023 -0.00851988 -0.00320684 0.00085225 -0.00202915 -0.00686729 -0.00605547 0.00591995 -0.00343126 0.00674186 -0.00423305 -0.00545717 -0.00817288 0.000153869 0.00177876 -0.00286949 -0.00261881 -0.0013768 -0.00307592 -0.00611672 -0.000916791 0.00760415 0.00339565 0.00541388 -0.00464441 -0.000245017 0.000869488 0.00380732 0.00703267 -0.00381533 -0.00780654 9.48789e-05 -0.00156525 -0.00162693 -0.00867619 0.00313298 -0.00216368 0.000944814 0.00473571 
-0.0105422 -0.00497657 -0.00416849 -0.00710199 -0.00038355 -0.00574997 -0.00185042 -0.00517787 0.00342689 0.000720636 -0.00373427 0.000181584 -0.00459935 -0.00920973 -0.00223087 -0.00146041 -0.000610893 -0.00208108 -0.00136237 0.00728641 0.00173763 -0.00300712 0.131849 -0.000975238 -0.0091408 -0.00194774 0.00148975 -0.00108568 0.00181479 0.00223827 0.00124033 -0.00303533 0.00721158 -0.00399977 -0.00269787 0.00316526 0.00805302 0.000384977 -0.0072768 -0.00323882 0.00155936 -0.0030074 0.00173258 -0.00154622 -0.00728406 -0.00167599 -0.0041132 0.00189313 0.00062538 0.00589205 0.00525372 0.00262695 0.0048088 0.00872284 0.0061001 -0.00145864 -0.00625545 -0.00298938 0.00271003 -0.00364993 -0.00272893 -0.000943932 0.00134315 0.00105082 -9.74838e-05 -0.00475059 -0.00463108 -0.00760297 -0.00916986 0.00303807 -0.00481025 -0.00311638 -0.00293387 0.00334008 -0.00209531 -0.00576196 0.00375767 -0.0151556 -0.000357504 0.000445751 -0.00351379 -0.00304375 0.000749033 -0.000404687 -0.00758225 0.00875144 -0.000796663 -0.00305221 -0.00130091 0.000495809 -0.0105832 -0.00075898 0.00529981 0.00123486 -0.00733846 -0.000690705 0.00483697 -0.00157466 -0.00303829 -0.00560852 
0.00560834 -0.00590532 0.00319141 -0.00254884 0.00301223 0.00276401 -0.0026075 -0.00315279 0.00664759 0.00136736 0.00559943 -0.00429331 -0.00346802 -0.00658675 0.00573252 -0.00366839 0.00186445 0.00725195 0.00359631 4.93086e-06 0.00550027 -0.00408 -0.000975238 0.146325 0.00847621 -0.00437024 0.00933389 0.0188432 -0.000402246 0.0110286 -0.00495541 -0.000419401 0.00146113 -0.00497266 -0.00408432 0.000286778 -0.00670523 -0.00914094 8.03048e-05 -0.0108936 0.000784724 -0.000819454 -0.000814457 -0.0021057 -0.0144167 -0.00327027 0.00222973 -0.00113453 -0.0116936 -0.00680501 -0.00558787 -0.00491773 -0.000305569 -0.00020091 -0.00409657 -0.00310495 0.00353113 -0.00144392 -0.00452686 -0.00473381 -0.00522809 -0.00386142 -0.00306307 -0.00450656 0.00897474 0.00625163 -0.00120943 -0.00711153 0.00528211 -0.00315396 -0.0107089 -0.00354787 0.00129154 0.00283989 0.00212732 -0.00510961 0.00132114 -0.00237716 -0.00378365 -0.0202107 -0.00299989 -0.00300346 -0.0057473 -0.000181977 -0.0124132 0.00144116 -0.0059755 -0.00171123 0.00118104 -0.00185132 -0.0135006 -0.00658987 -0.00454963 0.00687375 0.00225582 -0.00451704 -0.00312969 0.00045487 -0.00331981 0.00175377 
0.00519724 -0.00114871 -0.010022 -0.00405795 -0.00278422 -0.00634396 -0.000823797 -0.00485867 0.017878 0.000590345 0.00144051 -0.00158953 -0.00450471 0.000569579 -0.0209364 0.000275167 -0.00430201 -0.00245842 -0.00684947 0.00266228 0.00579731 0.00806815 -0.0091408 0.00847621 0.199791 -0.00841053 0.00220645 -0.00828702 -0.00417648 0.00539382 0.00304123 -0.00808959 -0.00859984 0.00955707 -0.00386727 0.00703485 -0.0105043 -0.00195994 0.00315148 -0.00222792 -0.00696785 0.00193377 -0.00243368 0.000262408 -8.04979e-05 0.0108123 -0.00326442 -0.0117531 -0.00627116 -0.0007503 -0.00494361 -0.00356259 -0.0094814 -0.000930178 -0.00996384 0.00129476 -0.00338643 0.00488386 0.00425158 -0.00628422 0.00801844 0.0028442 0.00247083 -0.0082114 0.000795212 -0.0022797 -0.0148238 -0.0175479 -0.00413451 -0.00492135 -0.00260032 0.000176213 0.00825218 -0.00488479 7.06033e-05 -0.00945361 -0.0124181 0.0050574 -0.00388853 0.00421329 -0.00810972 -0.0103591 0.00454771 0.00440119 -0.0101801 -0.00884489 -0.00528269 0.00194356 -0.00446553 -0.00682827 0.00296068 -0.00530722 -0.00124722 -0.00745832 -0.00442303 0.00206808 -0.00611605 0.00219894 0.00277881 0.012436 
0.000544721 -0.0106882 -0.00556088 -0.00489738 -0.00373869 -0.00242082 -0.00201118 -0.00607047 -0.00951947 -0.0027234 1.18457e-05 -0.00139004 -0.000905581 -0.00537048 -0.00506894 0.00262904 0.00259748 -0.0115479 0.0112718 0.000810586 -0.00538861 0.00557916 -0.00194774 -0.00437024 -0.00841053 0.160324 0.00751081 0.00741567 0.00146556 0.00545872 -0.00241834 -0.00237727 0.00466574 -0.00982063 0.00362744 -0.005752 -0.00958268 -0.00598161 0.00233514 0.00136401 0.00451027 -0.00583839 -0.00196273 -0.00401482 0.00436553 -0.00922301 0.000557732 -0.00426168 -0.00713962 -0.00110268 -0.00401996 0.000422999 -0.00506872 -0.00643326 -0.00359314 0.00256436 -0.00414645 -0.00283393 -0.00324286 -0.0015583 -0.000236189 -0.0100374 -0.00376034 -5.22954e-05 -0.00272056 -0.00885252 -0.000801786 0.00030273 0.000944523 0.00639293 0.0146155 0.00706834 -0.00614999 -0.00465915 -0.00592937 -0.00147082 -8.83356e-05 -0.00141477 -0.00215517 0.00730579 0.00865503 0.0096499 0.00836053 -0.00212382 0.0107605 0.00965464 -0.00302145 -0.00437808 0.00238713 -0.0107601 -0.013114 -0.000406099 0.00135689 -0.00280839 -0.00148716 -0.0150315 -0.00612689 -0.00514317 -0.00832637 -0.00402861 
-0.00531183 -0.00443791 -0.000253161 -0.00693055 3.00042e-07 0.00231289 0.000820976 -0.00434196 0.000555826 5.70832e-05 -0.00204683 0.00157014 0.00175372 -0.00471823 0.00336552 -0.004394 -0.00110419 -0.0037543 -0.014991 -0.00344124 0.000782917 -0.00337078 0.00148975 0.00933389 0.00220645 0.00751081 0.119461 -0.000354466 0.00270255 0.00230979 0.00189908 -0.00320401 0.0087463 0.00113777 -0.00282292 -0.000168056 -0.00342521 -0.00218286 0.00307524 -0.00629771 0.00197261 -0.00105459 -0.00101605 0.00149163 -0.00244843 -0.0080516 0.0014662 -0.00180801 -0.0018667 -0.00241826 0.00629144 9.30595e-05 0.004574 -0.00394182 -0.00224853 0.00390247 -0.00506558 0.00356451 0.000685346 -0.00435259 -0.00178387 -0.00338173 -0.00401333 0.00441264 -0.00741422 0.00257028 -0.000184265 0.00124258 -0.00556976 -0.0041017 0.000875688 -0.00015832 0.00225543 -0.00651344 0.000214284 -0.00313911 -0.002589 0.000486646 -0.00336388 -0.00624511 0.00590868 0.00772579 -0.0126951 0.00753787 -0.00313649 0.00588611 0.00144434 -0.00391308 -0.00123053 -0.0041247 -0.0150056 -0.0145958 -0.0023148 -0.000859691 0.002303 -0.000934985 0.0011296 -0.0054339 -0.0117429 -0.00285765 
0.0143903 0.0040523 0.00496059 -0.00329895 -0.0007084 0.0068205 -0.00186303 0.00176277 -0.0187106 -0.00502518 -0.000380691 -0.00206179 -0.00714731 0.0131449 0.00172357 -0.00183727 0.00585233 9.46938e-05 0.0165138 -0.0153395 -0.000916376 -0.00691078 -0.00108568 0.0188432 -0.00828702 0.00741567 -0.000354466 0.17769 0.000137652 0.0192478 0.000771915 -0.00116241 0.00722997 -0.0174228 -0.00176406 -0.00372912 -0.011564 -0.00777461 -0.0148183 -0.012426 -0.00394376 -0.0142758 -0.00192551 -0.000323436 -0.00336319 -0.0113234 -0.00588152 -0.00107829 0.00327962 -0.00245417 -0.00743693 0.00415015 -0.00277547 -0.00527459 0.00632114 -0.00712433 -0.00620594 -0.00208793 -0.00235345 -0.00964295 0.00275351 -0.0140784 -0.000925886 0.00153088 0.0112809 0.00615214 -0.0125349 0.0102569 0.013758 -0.00710185 0.002902 -0.00342272 -0.0128668 -0.00152858 1.28313e-05 -0.00997072 -0.00363586 0.00268298 0.000772047 -0.0170031 0.0102524 0.00761367 0.00130525 -0.000210482 -0.00176067 0.00731947 0.000914787 -0.00142309 -0.000348699 -0.00990118 -0.000790715 -0.00882191 -0.00809477 -0.00665656 0.000617929 -0.0116402 -0.00315135 -0.0106682 -0.000351851 -0.0155815 
-0.00492702 -0.0041048 0.00320835 -0.00200363 -0.00202931 0.000295533 -0.00319551 0.00115008 -0.00288389 0.00241994 -0.00511332 0.00169378 -0.000620617 -0.00677881 -0.00448375 0.000146709 0.00417197 -0.00623521 -0.0122394 0.00381917 0.000321428 -0.000541177 0.00181479 -0.000402246 -0.00417648 0.00146556 0.00270255 0.000137652 0.116599 0.000796779 -0.00101769 -0.00293986 -0.000541172 0.00135519 0.000778079 -0.00209398 -0.00434749 0.000243795 -0.00797837 -0.00282674 0.000150081 0.00542582 -8.10141e-05 1.47212e-05 -0.00786119 -7.83592e-05 0.00063584 -0.000501945 -0.00214557 -0.00575879 -0.00521454 0.000624791 -0.00310367 -6.07521e-05 -0.00839266 -0.00324405 -0.00277358 -0.00459756 -0.00386217 0.00890123 0.000474419 -0.00604101 0.000906246 0.00218192 -0.0044123 -0.00456217 -0.00100766 -0.00239091 -0.000584524 0.0012545 0.00439362 -0.00716873 -0.0012888 0.000262197 -0.0030767 -0.000962404 -0.00121309 -0.00244499 -0.00593407 -0.0102248 0.000587351 0.00176385 -0.00374193 -0.00392627 0.00808662 0.00856368 -0.000789132 3.43509e-05 0.00225683 0.00562858 -0.00175875 -0.00330491 0.00334772 -0.00141907 -0.000385179 -0.00681261 0.000175128 0.00668177 0.00209068 -0.00495548 
0.0066247 -0.00801559 -0.000313949 0.000748352 -0.00026019 -0.00267945 -0.00453797 -0.00431622 -0.000439239 0.000967775 -0.00208756 0.000874298 0.00396654 -0.00216588 -0.0060907 -0.000853925 0.00637063 -0.0101849 -0.00239748 -0.00342192 -0.00816564 6.54413e-05 0.00223827 0.0110286 0.00539382 0.00545872 0.00230979 0.0192478 0.000796779 0.100825 -0.000525425 -0.00306962 0.000742476 -0.0104712 -0.0025673 -0.00104555 -0.00680882 -0.0105888 -0.00359936 -0.00461962 -0.00104707 -0.000441136 -0.00394696 -0.00202087 -0.00462964 -0.00149823 -0.000523225 -0.00126997 0.00519109 -0.00452578 -0.00610688 -0.000169061 -0.00208145 -0.00119132 -0.00286482 -0.00419646 0.00410329 0.00180514 3.68618e-05 0.000215297 0.0096997 -0.00198346 -0.00318589 -0.00111855 0.0118523 0.00650812 -0.00108734 -0.00578461 -0.00143263 -0.00369804 0.000828064 -0.00137615 -0.00107078 -0.00161888 0.00264128 -0.00116979 -0.00281062 -0.00736558 -0.00439407 -0.00305055 0.000415169 -0.00420004 -0.00439738 -0.000658669 0.00318898 0.00795947 -0.00398384 0.000860959 -0.00196208 -0.00370985 -0.00206762 -0.00651297 -0.00097808 0.00133179 6.43516e-05 -0.0121451 -0.000365268 -0.00418442 -0.00162923 -0.000680145 
1.11254e-05 -0.00264945 -0.00257272 -0.00323827 -0.000182601 -0.00469004 0.000134987 -0.0034662 -0.00143325 0.00188236 -0.00259205 0.00239151 -0.00323292 -0.00582802 8.85368e-05 -0.00190409 -0.00492398 9.78591e-05 -0.00481778 -0.00379665 0.00897748 -0.00206741 0.00124033 -0.00495541 0.00304123 -0.00241834 0.00189908 0.000771915 -0.00101769 -0.000525425 0.0885773 0.000628442 0.00238819 0.00378083 -0.000410476 0.00426406 0.000814378 -0.00431969 0.00044581 -0.00421371 -0.00447094 0.00470219 0.000577679 -0.000332104 -0.00376676 -0.00537321 0.000664733 -0.00308262 0.00015026 0.00720091 0.00154463 0.00073779 -0.00378579 -0.00339475 -0.000108752 -0.00349798 0.00317901 0.00187432 0.00297313 -0.000475559 0.00332035 0.00518325 -0.00167965 0.00201468 0.00253151 0.00345041 0.000807095 0.00288462 0.00110322 0.00105478 -0.00167403 -0.00302966 -0.00439842 -0.00117663 0.00402738 -0.00154735 -0.00161629 -0.0014603 -0.0040169 -0.00281995 -0.00131932 0.0020723 -0.00324994 -0.000995889 -0.0003962 -0.00582674 -3.13919e-05 -0.0019668 -0.00250171 -0.00283498 -0.00613101 -0.00889566 -0.00538751 -0.00175386 0.000244565 -0.00737119 -0.000768352 -0.00180354 -0.00893335 0.00339702 
-0.0079087 -0.00217504 -0.00229714 -0.000264499 -4.03395e-05 0.00145238 -0.00213425 -0.000250488 -0.00840536 0.00194683 -0.0014938 -0.000797056 -0.00399826 0.00589196 -0.00535284 0.000844092 0.000286027 -0.00527698 -0.000753805 0.0109529 -0.00833722 -0.000779476 -0.00303533 -0.000419401 -0.00808959 -0.00237727 -0.00320401 -0.00116241 -0.00293986 -0.00306962 0.000628442 0.104474 -0.00149831 -0.00775987 0.00143179 0.00370151 0.00459614 -0.00192794 -0.00478297 -0.00131954 -0.00150619 -0.00138947 0.00518817 -0.00309929 -0.0060791 -0.00399168 -0.00218862 0.00344674 -0.000987517 0.00415411 -0.00358207 0.00120902 0.00871649 -0.0022217 -0.00105966 0.00203415 -0.00247986 -0.00720601 0.00289409 -0.000405881 0.00386456 -0.00637971 0.00330412 -0.00223842 -0.00408652 0.0027813 -0.00411552 -0.00424622 -0.00352078 0.0019733 -0.0054097 0.00415372 -0.00595861 0.00527047 0.00287273 0.00257179 -0.000717194 -0.00488735 0.0013928 -0.010457 0.00333144 -0.00622173 -0.00104399 -0.00275404 -0.00386055 0.00334118 -0.00355125 0.00297413 0.00104712 -0.00615848 0.00101547 -0.000528139 0.00046239 -0.00079381 -0.00162987 0.000193439 0.000924255 -0.000989482 -0.00234453 0.00461839 
-0.0119667 0.00651264 -0.00121636 -0.00736847 0.000320785 -0.0012616 -0.00677301 -0.000519138 0.00545987 -0.00143074 -0.00271697 -0.0030349 -0.0018187 -0.00604367 0.00232302 -0.00414312 -0.00951594 0.00476279 -0.00411733 -0.00318701 0.0056549 0.00214335 0.00721158 0.00146113 -0.00859984 0.00466574 0.0087463 0.00722997 -0.000541172 0.000742476 0.00238819 -0.00149831 0.130906 -8.39486e-05 -0.000373262 0.00691703 -0.0047212 0.00434917 -0.00350564 -0.011079 0.00546387 0.00142039 -0.000258499 -0.000396075 -0.00738319 -0.00117922 -0.00535269 -0.00290868 -0.000218501 -0.00250009 0.00342595 -1.7175e-05 0.00539757 -7.84974e-05 -0.00166129 0.00157615 -0.00418716 -0.00193817 -0.000711027 -0.00553839 0.00809274 -0.00332479 -4.69664e-05 0.00489613 -0.00305432 -0.00294305 -0.00110784 -0.00378942 -0.00142835 0.00162456 0.0105403 -0.00204044 -0.00679526 -0.00788784 -0.00288361 -0.00635705 -0.00194949 -0.00113937 -0.00498168 -0.0180873 -0.00220582 -0.00129098 0.00629334 0.00354763 -0.00886334 0.000287236 -0.00327482 -0.00485602 -0.000683845 -0.00530625 -0.0127324 -0.000430818 -0.00341946 -0.00115212 0.000865369 -0.00446012 0.00352362 -0.00395002 -0.00211749 -0.00634432 
-0.0105457 0.0101168 -0.00763285 -0.0046298 -0.00246378 -0.00128983 -0.00194435 0.000499816 0.00351354 -0.000180132 -0.00597914 -0.00467369 -0.00495189 -0.00892753 -0.000835446 -0.00540435 -0.0024272 0.0119323 -0.0183252 -0.00768851 0.0195927 -0.00337162 -0.00399977 -0.00497266 0.00955707 -0.00982063 0.00113777 -0.0174228 0.00135519 -0.0104712 0.00378083 -0.00775987 -8.39486e-05 0.158806 -0.00377534 -0.000687104 0.00454298 0.0182769 0.00521249 0.00927101 0.00754772 0.010008 -0.000812309 0.00690775 -0.0147319 -0.00486113 0.000769665 -0.00540767 -0.00584767 0.00360896 -0.000365395 -0.00554902 -0.00069802 -0.0141313 -0.00342139 -0.00448396 0.00167109 0.00511734 0.00188079 0.00463765 0.00062287 -0.00185616 -0.000664221 -0.0037708 -0.0126431 0.001291 -0.00556841 -0.00532293 -0.00697148 0.00598393 -0.00585082 -0.000908788 -0.00415637 -0.00723373 -0.00341989 -0.00265442 0.00270811 0.00903132 -0.00128092 0.00766653 -0.00634364 -0.00890726 -0.0150364 -0.00193891 -0.00833569 -0.00848364 0.0030739 0.00190264 -0.00315293 -0.000923882 -0.00396173 -0.00458826 -0.00468353 0.000881116 0.00783692 0.0155124 -0.0062891 -0.00245681 -0.00379401 -0.00448347 
