0.103927 -0.000582558 -0.000192562 -0.000576337 -0.00551498 0.00365582 0.00435381 0.00124404 0.0017122 -0.00384293 -0.00461921 -0.000186456 0.000855872 0.0021582 -0.0010296 0.00304579 -0.000441885 0.00384063 0.00429827 0.00145717 0.00221094 -0.00457086 -0.003484 -0.00167175 0.000634888 0.00314656 -0.00345568 0.00101671 -0.0039157 0.00188937 -0.00364052 -0.00110579 -0.00138584 -0.00232695 -0.000247179 0.00106069 -0.000750636 0.00393308 -0.00066158 -0.00157109 0.00187952 -0.00168356 -0.00365636 -0.00544085 -0.000715689 5.98353e-05 -0.00246225 -0.00305702 -0.00879369 -0.00865754 -0.00233511 -0.00843269 -3.61939e-05 0.00331578 -0.00337553 0.0052143 -0.000113632 -0.00200213 -0.00131456 -0.0025913 -0.00169061 0.00440572 0.00505215 -0.000314136 -0.00424096 0.00126804 -0.00425308 -0.00866692 -0.00319311 -0.00368117 1.77163e-05 -0.00149179 -0.0101844 -0.00377852 -0.00232159 -0.00175642 -0.000593662 0.0075026 -0.0014396 0.00127608 0.00333898 -0.00659843 -0.00264295 0.000847941 -0.00657062 -0.00340943 -0.00409986 -0.00211272 -0.00337292 -0.00382473 0.00389172 -0.00323573 -0.00143846 0.00474902 0.00249483 -6.25083e-05 0.00134257 0.0025364 -0.00311971 -0.0050984 
-0.000582558 0.0877725 0.0068197 0.00134182 -0.00110408 0.00107772 -0.00163532 -0.00510721 0.00216673 -0.00591925 0.00180084 -0.0024763 -0.00217704 -0.00554121 0.000236394 0.00227092 0.00626484 -0.0034747 -0.00398486 -0.00204516 -0.0069472 0.000976735 0.00185803 -0.000792846 -0.00255257 -0.00268299 0.00426446 0.000959015 0.00267016 -0.001912 6.06033e-05 -0.00227837 -0.00214873 0.000172086 0.00197377 -0.00237588 -0.00249604 0.0120964 -0.00110731 -0.00348684 -0.00210394 -0.00258313 -0.00147271 0.00368931 -0.00233115 0.000110076 0.0027167 0.00270317 -0.00369666 -0.00418796 -0.00632711 -0.000961871 -0.000976387 -0.00111232 -0.00381294 -0.0013993 -0.00115173 -0.000416866 -0.00141968 -0.00519232 -0.004174 0.00249006 -0.00433363 -0.00128176 -0.00205024 0.00218754 -0.00350486 -0.00443613 -0.00710472 0.00325755 -0.00488291 -0.00358184 -0.00168501 0.00343505 0.00110131 0.000858223 -0.00290737 -0.00367031 -0.00322095 -0.00228966 -0.000214432 0.00244955 -0.000547003 -0.00118242 0.00441987 -0.00168753 -0.00265217 -0.00130931 -0.00291352 0.00100133 -0.0040985 -0.00387229 0.00125885 -0.00292433 1.17603e-05 2.7765e-05 -0.000965287 -0.000577622 0.00766738 -0.000125889 
-0.000192562 0.0068197 0.112109 -0.000682404 0.00483421 0.0018086 0.0125494 -0.000272545 0.0016808 -0.00243307 0.00171958 0.00737686 -0.000678537 -0.00263248 0.00323341 -0.00576735 0.00332828 -0.00238526 0.00550119 -0.0104206 -0.00470266 0.000293517 -0.0042476 -0.000296024 -0.00656608 0.00382283 -0.000130426 -0.00402675 -0.00103466 -0.00417331 -0.000712902 3.84399e-05 -0.00251073 0.000288705 -0.00204211 -0.00322339 -0.0017184 0.00617863 0.00450419 0.00836784 -0.000940954 -0.000233933 -0.00257228 -0.0027457 0.000651121 -0.00334774 -0.00488673 -0.00209009 0.00764115 -0.000345465 -0.00344278 -0.00790364 0.00186492 -0.00304803 -0.00488735 0.00107536 -0.000662781 0.000970533 -0.00358159 -0.00543464 0.00131144 0.00629025 -0.000107552 -0.00100463 0.00214795 -0.00623428 0.000860681 -0.00883154 -0.00767648 0.000140572 -0.0087352 -0.00442384 -0.005147 -0.000483277 0.00169277 -0.0103216 -0.00333088 -0.000507169 -0.000205676 0.00211546 0.000157284 -0.00544906 -0.00333771 -0.00510912 -0.0022458 -0.00345837 0.00271482 -0.0024153 -0.00635009 -0.0018423 -0.00950223 -0.00473473 -0.000246094 -0.00457084 -0.0052019 -0.00103334 0.00226771 0.00109064 0.00284674 -0.000815018 
-0.000576337 0.00134182 -0.000682404 0.0864402 0.00424215 0.00698099 -0.00379523 -0.0040731 -0.0012802 -0.000320377 -0.00275423 0.00108286 -0.000361467 -0.000270378 -0.00197529 0.00485568 -0.00309377 0.00368971 0.00323638 -0.00390999 0.00431756 -0.00115163 -0.00410076 0.000152627 0.00129231 -0.000741871 -0.0055957 0.00100547 0.000615487 0.0020698 0.00075964 -0.00193778 -0.000370047 -0.00245736 -0.00396896 -0.00102495 0.00155414 0.00079837 0.00132632 0.00267798 -0.000179767 -0.000105169 -0.000472753 -3.09267e-05 -0.0045923 -0.00565176 -0.00418901 0.00248747 -0.00377501 -0.00442834 -0.00307171 0.000622811 0.000617853 -0.00157376 -0.00276822 -0.00376769 -0.00114324 -0.005259 0.00117051 -0.000822224 -0.00296282 -0.00148507 0.000258603 -0.00141992 0.00233399 -0.00117219 -0.00170122 -0.00634399 -0.00227288 0.000128169 0.000893536 -0.00289229 -0.00376319 -0.00505218 0.00226232 -0.00200826 -0.00741961 -0.00265864 -0.000463496 -0.00266713 -0.000462563 0.00264865 0.000614132 -0.00119401 -0.00374838 -0.00162086 0.000538087 0.00124741 -0.0052358 -0.00163444 0.000501961 0.00796666 -0.00353451 -0.00172127 0.000246529 -0.00159675 -0.00292682 0.00164621 -2.57357e-05 -0.000367685 
-0.00551498 -0.00110408 0.00483421 0.00424215 0.10216 0.00549502 -0.000960056 0.00858266 3.48606e-06 0.00601739 0.00144201 0.00116927 -0.00162751 0.00164807 -5.45698e-05 0.000637971 -0.00332904 -0.0067525 -0.000629636 0.000833099 0.00184679 0.000976463 0.00268692 -0.00294813 -0.00371006 0.0064158 -0.00377397 -0.00362374 0.00107568 0.0033505 -0.00126929 -0.00150005 -0.00409112 -5.43309e-05 -0.00537315 -0.00349667 -0.00242226 -0.0045894 -0.000342638 0.00640872 0.000458202 0.000144124 -9.67141e-05 -0.00327661 -0.00432077 0.00388072 -0.000400456 0.00325701 0.000476534 -0.00531406 -0.00399371 -0.00266218 -0.00066078 -0.00719631 -0.00588406 -0.00420088 -0.00275282 -0.00271733 -0.00155352 0.000868211 0.00784166 -0.00325177 -0.00757004 0.00119173 -0.0025655 -0.00265097 0.00416872 -0.00537123 -0.000243506 -0.00231445 0.0031446 -0.00902902 -0.0065158 0.000124825 -0.00269966 0.00259492 -0.00957379 -0.00608598 -0.00339436 -0.00460783 -0.00624831 -0.00501035 -0.006687 -0.00359249 -0.00245572 0.00293838 0.00887311 0.0020927 0.00214182 0.00449802 0.00623306 -0.00468551 0.000962951 -0.00435984 -0.00368417 -0.00383853 -0.00205469 0.000340823 -0.00204589 -0.00332489 
0.00365582 0.00107772 0.0018086 0.00698099 0.00549502 0.12528 0.0145304 0.0123213 -0.00471123 0.00340753 0.00102824 0.000609423 -0.00323599 -0.00282766 -0.000887776 0.00494455 -0.00918707 -0.00773797 -0.00389245 0.00453971 0.00212469 0.00336665 -0.0105225 -0.00736222 0.00593916 0.000459311 -0.00918869 -0.00578908 -0.00114643 -0.00024594 -0.00644574 -0.000131156 0.00218081 -0.000499468 0.002419 0.00135255 -0.0100623 -0.00791837 0.00668742 -0.00492286 0.00384163 -0.00646077 -0.0025065 0.000854527 -0.0045907 0.00835107 -0.00577151 -0.000830353 0.0119589 0.00567831 -0.000189736 -0.00236215 -0.00338116 0.00728468 -0.00415175 -0.000952446 -0.00410162 -0.00373255 0.000782953 -0.00433018 -0.00627796 -0.00205256 -0.0052707 -0.00184802 -0.00204604 -0.00570212 -0.0111698 -0.00714599 -0.00395444 -0.00360256 -0.00272378 -0.00331063 -0.00942201 -0.0097957 -0.00553429 -0.0065678 0.00541057 -0.000322033 -0.00296288 -0.00172622 0.00119863 -0.00213945 -0.00101143 0.000984137 -0.00816941 -0.00352935 0.013205 0.00271793 -0.00395026 -0.00280249 0.00947539 0.00382838 -0.00430932 0.00233991 -0.00179944 -0.00148645 -0.00418718 -0.00164566 -0.0175974 -0.00398141 
0.00435381 -0.00163532 0.0125494 -0.00379523 -0.000960056 0.0145304 0.165247 0.0216823 0.00488776 0.00575931 0.00876242 0.00399315 -0.00711664 0.00176425 -0.00277705 -0.0158906 -0.0109609 -0.00782508 0.00466343 -0.021013 -0.00985464 0.00292838 -0.00924712 -0.0121672 -0.00543147 0.00414085 0.00161206 -0.0124951 0.00607547 -0.00373822 0.00963805 0.00171178 -0.00422041 -0.00203144 -0.00532034 0.00634629 -0.0109246 -0.00809006 -0.00974919 -0.0112839 -0.00127314 -0.0117426 -0.00410744 -0.000142239 0.0015167 0.00486908 -0.00265472 -0.00341323 0.0194601 0.010692 0.0200695 0.00458595 0.000761454 0.00530007 0.000528828 -0.00346892 0.00920326 0.0103952 -0.00420051 -0.000392427 -0.0103131 -0.00330313 -0.000717301 -0.00206616 -0.00952064 -0.00559192 -0.00419407 -0.00853065 -0.00873727 -0.00325919 -0.0118034 -9.52235e-05 0.00737634 -0.00303856 -0.00610256 -0.00366188 -0.00868813 0.00562213 -0.00563127 -0.00419275 -0.00476972 -0.00925334 -0.00498079 0.00954818 0.00159116 -0.00336353 0.000662121 0.00362875 -0.0178548 0.00131902 -0.00639315 -0.00567553 0.00105886 0.00474917 -0.00968597 -0.00337732 -0.00501013 -0.0026421 -0.013807 -0.00940014 
0.00124404 -0.00510721 -0.000272545 -0.0040731 0.00858266 0.0123213 0.0216823 0.166374 -0.000682688 0.00141689 0.0125291 0.00614392 -0.00692416 0.0006615 -0.000972082 -0.00012498 -0.00748266 -0.00853357 0.00720402 -0.0160033 -0.00414865 0.00416389 -0.00560072 -0.0160079 -0.00304118 -0.00328914 -0.00206578 -0.00783402 0.000851967 -0.00235143 0.00564299 0.000169535 0.00675289 -0.0153992 -0.00848108 0.0043735 -0.0110445 -0.0196877 -0.000240212 -0.0139388 -0.00389465 -0.00984994 -0.00373202 -0.00539406 -0.00201991 0.0101399 -0.00625609 -0.00382859 -0.000593836 0.00137387 -0.00416204 -0.0200396 -0.00134471 0.00489124 0.00512145 0.00430906 0.00211972 0.0101077 -0.00135561 0.00079149 0.00491526 -0.00537937 -0.00215155 -0.00300052 -0.00181426 0.000728351 -0.00397151 -0.0165494 0.00560047 0.00153012 -0.000319754 0.00470005 -0.00222251 0.00285061 -0.0084888 -0.0108098 -0.00169129 -0.00439926 -0.00170884 -0.0030983 -0.00105369 -0.0072004 -0.00705517 0.00132192 0.00453653 0.00180829 0.000648552 -0.00154897 0.00524456 0.00117696 -0.00382403 0.00435172 -0.00539541 0.000952397 -0.00640723 -0.00550769 -0.000480026 0.00137455 -0.0146395 0.00378603 
0.0017122 0.00216673 0.0016808 -0.0012802 3.48606e-06 -0.00471123 0.00488776 -0.000682688 0.127325 -0.00533575 -0.000369098 -0.00181204 0.00314145 -0.0025802 -0.00256123 -0.00849031 -0.0128264 -0.00417616 0.00525654 -0.0132793 -0.00994564 -0.00457451 -0.00428689 -0.00132757 -0.00765493 0.00506584 0.00570682 -0.00535059 -0.00210212 -0.00515935 0.0050546 0.00163295 -0.00426441 -0.00591705 -0.0063355 -0.00509839 -0.00201275 0.00399318 -0.00838815 -0.00295457 0.000586728 -0.00539419 -0.000887003 -0.00232206 0.00404453 -0.00374968 0.00610652 0.00420254 -6.35944e-05 0.0038496 0.00030503 -0.00325218 -0.00107481 -0.00482139 5.51287e-05 0.00269271 -0.00722044 -0.00537153 0.000483356 -0.00522722 0.00593203 -0.00164866 -0.00764734 0.00275927 0.000849785 -0.0019916 0.00189105 -0.0002848 -0.00731678 -0.00122117 -0.00806258 0.00238314 0.00842517 -0.00527866 -6.40891e-06 0.00370272 -0.00427526 -0.00287175 -0.00350973 0.00216328 -0.000203932 -0.00411337 0.000823153 0.0070564 -0.00258709 0.00026626 8.44108e-05 -0.00517137 0.00120058 0.0077977 -0.0003595 -0.00781768 0.00340416 0.00328306 0.0060275 -0.00370306 -0.0029601 0.000236385 -0.002558 -0.00178931 
-0.00384293 -0.00591925 -0.00243307 -0.000320377 0.00601739 0.00340753 0.00575931 0.00141689 -0.00533575 0.115294 0.00789997 -0.00383605 -0.00431114 0.0103817 -0.00290839 -0.00562009 -0.00271298 -0.0124017 -0.00535944 -0.00743444 -0.0122453 -0.00047475 -0.00312246 0.000538253 -0.00337541 -0.00495166 -0.00247036 -0.00260521 -0.00027652 0.00476295 -0.00625271 0.00207955 -0.00775033 0.00285938 0.00468972 0.00553423 -0.00478263 -0.00738423 -0.000182161 0.0141697 -0.00256838 -0.00604585 -1.23553e-05 0.00361625 -0.00189413 0.00354543 -0.00363442 -0.00367347 -0.0052702 0.00793447 -0.00552931 0.00348967 0.000182784 0.00446661 0.00216808 -0.00322031 -0.00190453 0.00488669 -0.00137049 0.00478075 0.000616063 -0.00251393 -0.000532931 0.00251475 0.00633612 -0.00433447 -0.0032514 -0.012119 0.0017748 0.00344126 0.00532628 -0.00348314 -0.00327785 -0.00496871 -0.00348334 -0.00511931 0.004071 0.00112641 -0.00586549 -0.00607493 0.00155295 -0.00562083 -0.00464268 -0.000262155 0.0010731 0.00567896 0.0084991 0.00537675 -0.00830974 0.000569548 -0.00811518 1.66382e-05 -0.0071552 -0.0029838 -0.00536633 -0.00431581 -0.00251202 3.98021e-05 -0.0106279 0.000473696 
-0.00461921 0.00180084 0.00171958 -0.00275423 0.00144201 0.00102824 0.00876242 0.0125291 -0.000369098 0.00789997 0.112172 -0.00334034 0.00091114 0.00708591 0.00441779 -0.0113261 0.00850523 -0.0088331 0.000109373 -0.00541212 -0.00912008 0.00715807 0.00460808 -0.00364477 -0.00176245 -0.00319095 0.00148264 -0.00258231 -0.00368174 0.00172063 -0.00753825 -0.00157247 -0.00710002 -0.00119112 -0.00190296 0.00323195 -0.00102509 -0.00728051 0.00333911 -0.00701987 -0.00208735 -0.00376082 0.000936855 -3.2425e-05 0.0039248 -0.00215357 -0.00117088 -0.000391361 -0.0126945 0.0027832 -0.00416622 -0.0123429 0.000120239 0.00344364 0.00270315 -0.00236456 0.00656817 0.0106261 -0.000711977 0.00376517 -0.00564355 -0.00179556 -0.00239217 -0.00311473 -0.00359384 -0.00481952 0.00118467 -0.0159866 -0.00748377 0.00506913 -0.00135568 -0.00244546 -0.0011137 -0.00291549 -0.00310807 -0.008251 0.00535588 0.0014769 -0.00119094 -0.00461955 -0.000915339 -0.000413445 -0.000153557 0.00299131 0.00281817 -0.00285489 -0.00634128 -0.00188699 -0.0162062 -0.00286404 -0.00315708 0.000903092 0.00137997 -0.00145524 0.000519725 5.0997e-05 -0.00114689 0.00103974 -0.0057872 0.00256959 
-0.000186456 -0.0024763 0.00737686 0.00108286 0.00116927 0.000609423 0.00399315 0.00614392 -0.00181204 -0.00383605 -0.00334034 0.0971859 -0.00470381 0.000567898 0.000752214 0.00772564 -0.00712451 -0.00242196 0.0035005 -0.00234513 -0.00255196 -0.00103584 -0.00770306 -0.00414553 0.00442557 0.0017771 0.00242382 -0.000114429 -0.00249676 0.00170045 0.000227223 -0.000402195 -0.00285091 -0.00462786 -0.00776956 -0.00311612 -0.00382528 -0.00997196 0.00153478 -0.00540783 -0.00230084 0.00100025 0.000858898 -0.00247184 -0.00320644 -0.00193964 0.0110975 -0.00143499 0.00239298 0.00113203 -0.000742497 -0.00105225 0.000379876 -0.000136179 -0.00402208 -0.00207057 -0.00418635 -0.00186656 -0.00329576 -0.00714909 0.00109884 0.00272733 -0.00339645 0.00082369 0.000799593 0.00156372 0.000640886 -0.00530104 -0.00151503 -0.00246828 -0.00871539 0.00608337 -0.00388482 0.0008607 -0.000466259 0.00431284 -0.006344 -0.00533196 -0.00332292 0.00307318 0.00214443 0.00551317 -0.00490007 0.00220151 -0.00124078 -0.00340158 0.000425319 -0.00125373 0.00187473 -0.00150407 -0.0026847 -0.00513931 0.000237835 -0.00428727 -0.00328685 -0.000232543 -0.00114919 0.000127842 -0.0027961 -0.000803751 
0.000855872 -0.00217704 -0.000678537 -0.000361467 -0.00162751 -0.00323599 -0.00711664 -0.00692416 0.00314145 -0.00431114 0.00091114 -0.00470381 0.0837713 0.00130141 -0.00114004 -0.00392677 -0.00105709 -0.00119997 -0.0109186 -0.00146259 0.00266638 -0.00195037 0.00026567 0.00153344 -0.000615699 -0.0008606 -0.0081274 0.000627142 0.000182171 0.00138621 -0.0059412 -0.00145812 -0.00072427 -0.00517641 -0.00500295 -0.00157001 0.00947964 0.00793988 -0.000449451 -0.00203063 0.00309474 -0.00145489 0.000477539 -0.00471733 -0.00211232 0.00162567 -0.000486139 0.000988611 -0.00289689 0.000967886 0.00252862 -0.00423627 -0.000606943 0.000130813 -0.00242199 -0.000443239 0.0066364 0.00228519 0.00126037 -0.00031657 0.00142178 0.00752347 0.00912716 0.00217341 3.01318e-05 -0.00399992 -0.00142942 -0.000696443 -0.00601912 -0.000978423 0.00552044 -0.0039141 -0.00341429 -0.00601529 -0.00237421 -0.0021066 -0.00429797 0.00238778 0.000299884 7.08243e-05 -0.00519803 -0.00625484 0.00445416 -0.00246658 -0.00494234 -0.00187718 -0.000327176 -0.000993147 -0.00267566 -0.00252382 -0.0007405 0.000164697 0.00155244 -0.00681431 -0.00389728 0.00136108 0.00604946 0.00114412 -0.000126408 0.00118574 
0.0021582 -0.00554121 -0.00263248 -0.000270378 0.00164807 -0.00282766 0.00176425 0.0006615 -0.0025802 0.0103817 0.00708591 0.000567898 0.00130141 0.113631 0.00137929 0.00147892 0.00267785 0.00611942 -0.00176772 -0.00445354 -0.00636842 0.00289438 0.00232702 0.00233048 0.00233734 -0.00267522 0.000705788 0.0019065 -0.00130265 0.00429631 -0.00798919 -0.0031596 -0.00436906 -0.00192829 0.00102186 -0.0014421 0.00438864 0.000912317 0.0036992 0.0097252 -0.000698992 -0.00174506 0.00157633 -0.0042573 -0.00367614 -0.000455432 -0.00487258 -0.00556989 -0.0025659 -0.00197615 -0.00136738 -0.00849475 0.00140859 -0.00190413 -0.00234947 -0.00681478 -0.00332287 0.00675218 -0.00173865 -0.00395685 0.00126284 -0.000678802 -0.00840411 -0.000630592 0.0029622 -0.00143241 -0.0045817 -0.0133775 -0.00535102 -0.000930033 0.0109641 0.00385145 -0.00715926 0.00500317 -0.00313246 -0.00429787 -0.00377636 0.00120628 -0.00630718 -0.004606 0.000185496 -0.00871453 -0.00543898 -0.00235474 -0.00264739 -0.00523967 -0.0108196 -0.00158377 -0.010647 0.00334465 0.00176763 -0.00421841 0.00401248 -0.00144636 6.77704e-05 -0.00196476 -0.00232616 -0.00186357 -0.00541855 0.00265725 
-0.0010296 0.000236394 0.00323341 -0.00197529 -5.45698e-05 -0.000887776 -0.00277705 -0.000972082 -0.00256123 -0.00290839 0.00441779 0.000752214 -0.00114004 0.00137929 0.0741696 -0.000754018 0.00714816 0.000457904 0.00563922 0.00092084 -0.0028242 0.00201759 8.8841e-05 -0.00278159 -0.000771251 -0.00410137 -0.000577535 8.73671e-05 -0.000360055 -0.00115981 -0.00324899 -0.00231141 0.00155665 -0.00311909 0.00207492 0.000856345 -0.0013424 -0.00169757 0.000337006 0.00124893 -0.00021501 0.00165703 0.000336688 -0.00175592 0.000565511 -0.0015318 -0.000965195 -0.00412704 -0.00216931 -4.40751e-05 -0.00125898 -0.00592186 0.000120714 -0.00345525 -0.0010338 0.000922448 0.000201791 0.000120064 -0.00163088 -0.00246641 0.000479629 -0.00111621 0.00224886 0.000122248 0.00249309 -0.00199775 -0.000755717 -0.00769566 -0.00248592 -0.000765456 -0.000247746 0.000746015 -0.00282682 0.00100131 -0.000958553 -0.00247185 -0.00284433 -0.0025609 0.000943844 -0.00376626 0.000921184 -0.00331147 -0.00113469 -0.00152189 -0.0016086 -0.00259229 -0.00166888 0.00112632 -0.00415584 0.000923167 -0.00145684 -0.00316065 0.000267198 -0.00512871 -0.00179034 0.00016432 0.000834249 0.00138286 0.00610631 -0.0063531 
0.00304579 0.00227092 -0.00576735 0.00485568 0.000637971 0.00494455 -0.0158906 -0.00012498 -0.00849031 -0.00562009 -0.0113261 0.00772564 -0.00392677 0.00147892 -0.000754018 0.147163 -0.00311347 0.011844 -0.00883818 0.0057178 0.00780698 -0.00702638 -0.0126843 0.0113499 0.00944978 0.00770663 0.00374415 0.00447704 0.000183179 -0.00250647 -0.0163222 -0.00537258 0.00423461 -0.00117333 0.00568406 -0.00340851 -0.00123325 -0.003651 -0.00267435 0.00330648 -0.00361183 -0.00361354 -0.000596747 -0.00106447 -0.00351898 0.00236805 0.00316859 -0.00148972 -0.00244673 -0.0129537 -0.00664331 0.00781191 -0.00216318 -0.000858487 -0.00284629 -0.00117379 -0.00258096 -0.000111318 -0.000870685 -0.00419056 -0.000791942 -0.00393917 -0.00567374 0.00190046 -0.0045109 -0.00456833 -0.012755 -0.012267 0.00122016 -0.00658114 0.00150923 -0.00916145 -0.0100047 -0.00589601 0.00783287 -0.00438465 -0.00389684 -0.0105945 -0.000562552 0.00738199 8.44422e-05 -0.0057457 -0.00252622 -0.000497773 -0.00286563 0.00372203 -0.00121359 0.000633108 0.00291502 0.000586539 0.0108077 -0.0051228 -0.00422141 -0.00246454 0.00622796 0.00122032 0.000781263 -0.00143604 0.000118504 -0.0155975 
-0.000441885 0.00626484 0.00332828 -0.00309377 -0.00332904 -0.00918707 -0.0109609 -0.00748266 -0.0128264 -0.00271298 0.00850523 -0.00712451 -0.00105709 0.00267785 0.00714816 -0.00311347 0.16621 0.0124756 0.00803976 0.00943504 0.00639235 0.0042342 0.00565838 0.00291529 -0.0015909 -0.00685642 -0.000610835 0.00688243 -0.00349408 -0.00163104 -0.00273573 -0.00275621 -0.0176732 -0.00144087 -0.000715556 0.00214471 0.00742488 0.0131963 0.00521957 -0.0125591 -0.00310297 0.00274208 0.00347973 0.00230892 0.00407413 -0.00541426 -0.00576913 -0.00715157 -0.0099333 -0.0100951 -0.0164392 -0.00513414 0.00146729 0.0028188 -0.00172741 -0.00432408 -0.00395886 0.0095708 -0.00361458 -0.0120246 -0.00215818 -0.0015078 -0.000242925 -0.00417826 -0.0150732 -0.000134908 -0.0104895 -0.0021963 -0.00425402 -0.000892219 -0.00213178 -0.010066 -0.0122121 -0.000835922 0.00249278 -0.00971265 -0.0116467 0.00379638 -0.006191 -0.00569298 0.00835779 0.00855917 0.00397865 -0.00756578 0.012287 -0.00482189 -0.00295097 -0.00235249 -0.0209284 -0.000996532 -0.00146538 -0.0041022 -0.0022335 -0.00614354 -0.00164049 -0.0025395 0.00562331 -0.00302054 0.0161256 -0.00337434 
0.00384063 -0.0034747 -0.00238526 0.00368971 -0.0067525 -0.00773797 -0.00782508 -0.00853357 -0.00417616 -0.0124017 -0.0088331 -0.00242196 -0.00119997 0.00611942 0.000457904 0.011844 0.0124756 0.165133 0.00356939 0.00296253 0.0111514 -0.0021003 -0.00604253 0.00935172 -0.00293672 0.00673272 0.00424135 0.00136418 -0.00478017 -0.00231803 -0.00774417 -0.000473706 -0.00667502 0.0155657 -0.00619195 -0.00426492 0.00278338 0.00734299 0.00616122 -0.00162863 0.000333325 0.000439446 0.00275464 -0.00853248 -0.00313977 -0.00037009 0.00401454 -0.00942529 0.00261841 -0.0115529 -0.00212559 -0.00761013 -0.00253882 -0.00254542 -0.0028839 -0.00834824 0.00224456 0.00032232 -0.0020673 -0.0124826 0.000394777 0.00521974 0.00286661 -0.000173661 -0.00886316 -0.00682087 -0.00996728 -0.0072742 -0.0114335 -0.00664676 0.000484045 -0.011793 -0.00739634 0.00170079 -0.000792672 -0.00465187 -0.0105675 0.000906953 -0.00255947 0.00574502 -0.000949154 0.00241167 -8.20973e-05 0.00358467 0.000751542 5.5618e-05 -0.0039874 -0.00104343 -0.017845 -0.00478534 0.00649163 -0.00458927 -0.00113384 -0.011417 0.000577458 -0.00129675 -0.00245915 0.00163648 0.00866644 -0.00595812 
0.00429827 -0.00398486 0.00550119 0.00323638 -0.000629636 -0.00389245 0.00466343 0.00720402 0.00525654 -0.00535944 0.000109373 0.0035005 -0.0109186 -0.00176772 0.00563922 -0.00883818 0.00803976 0.00356939 0.201263 0.000620723 0.002342 0.00455345 -0.0044106 -0.0115253 -0.00548309 -0.00117614 0.0130183 -0.00738175 -0.0095537 -0.00648887 0.00234132 -0.000921434 -0.00505616 0.00268963 -0.0124692 7.78013e-05 -0.0142257 -0.00982122 -0.00286297 -0.00458949 -0.010113 -0.000609108 -0.0096893 -0.00597073 -0.000435587 -0.00977561 -0.00133246 -0.011928 0.0051738 0.00893299 -0.0106824 -0.00677813 -0.00258426 -0.00250121 -0.00247792 -0.000167499 -0.000524236 -9.31213e-05 -0.000232194 0.000792089 0.00228225 0.0025309 0.00171141 -0.000223316 0.00825548 -0.00229218 -0.00274901 -0.0162874 -0.0144181 0.00405841 -0.0181597 0.0100609 -0.008089 0.00361516 -8.37764e-05 -0.011351 -0.0033687 0.0113753 -0.00097818 0.00195966 0.00542063 0.00273586 -0.0101209 0.0256876 -0.0143757 0.00183807 -0.0092246 -0.000549376 0.00538283 0.00236592 0.000449954 -0.00553374 -0.00745358 -0.00138512 -0.0109922 -0.0013093 -0.00714374 0.000101267 -0.0136225 -0.015692 
0.00145717 -0.00204516 -0.0104206 -0.00390999 0.000833099 0.00453971 -0.021013 -0.0160033 -0.0132793 -0.00743444 -0.00541212 -0.00234513 -0.00146259 -0.00445354 0.00092084 0.0057178 0.00943504 0.00296253 0.000620723 0.203375 0.00825849 0.0001305 0.0277118 -0.00780387 0.0114828 -0.0284914 -0.00764189 -0.00506782 -0.00634393 -0.000175354 -0.0120235 -0.00968145 0.000103073 0.00156968 0.000517065 -0.00289845 -4.71552e-05 0.00200894 0.00433661 -0.0102714 0.00533348 -0.00658043 -0.00274861 -0.00680613 -0.00840919 -0.00304032 -0.011132 -0.0110742 -0.0037897 -0.00442093 0.00584543 0.00468918 -0.000357711 -0.0108876 -0.00397124 -0.00617483 0.000336746 0.00331741 0.0047249 0.000570288 -0.00683851 0.00675082 -0.000962655 -0.0052344 0.00459088 0.00253777 0.00720527 0.0213686 -0.00097725 0.00886638 -0.00889433 -0.00755754 -0.0032831 -0.00880128 -0.00932723 -0.000181783 0.0144611 -0.0210453 -0.00127537 -0.00070882 0.00960466 -0.0061582 0.00107766 -0.00734693 -0.0205112 -0.00250058 -0.00657727 -0.00656953 0.01204 -0.00628403 0.00739204 -0.0151173 -0.00252863 -0.00188003 0.000874074 0.002148 -0.0108836 -0.00149926 0.00632073 0.00452609 
0.00221094 -0.0069472 -0.00470266 0.00431756 0.00184679 0.00212469 -0.00985464 -0.00414865 -0.00994564 -0.0122453 -0.00912008 -0.00255196 0.00266638 -0.00636842 -0.0028242 0.00780698 0.00639235 0.0111514 0.002342 0.00825849 0.152449 -0.00171312 -0.000312597 -0.00316014 -0.00673967 0.0073305 0.00649414 0.00236147 -0.00414973 0.00224554 -0.000630901 -0.00302683 -0.00465511 0.000537159 -0.0136465 -0.00277711 0.00593466 -0.00526187 -0.00399059 -0.00207051 -0.00325969 0.00226593 0.000790181 0.0012104 -0.000878351 -6.30753e-05 -0.00616966 -0.00452155 0.00213297 -0.0167343 -0.00300886 -0.00613487 0.000710992 -0.00924671 -0.00996363 -0.00370929 -0.00422436 -0.0077488 -0.00857667 -0.0048533 -0.00441249 -0.00112606 0.0126871 -0.00178813 -0.012743 0.0021954 0.00247007 0.0063501 0.00656575 -0.00347368 0.000969475 -0.00161775 -0.00171156 0.00201436 0.000252257 -0.00251807 -0.0128867 -0.00600293 0.00562016 -0.00116237 -0.000769103 0.00206711 0.00150156 0.00122621 -0.0123017 -0.00650885 -0.00263166 0.00103944 -0.00307128 -0.00259899 0.0138418 0.00365113 -0.00444992 -0.00518341 -0.000540589 -0.00111754 0.00272352 0.0029898 -0.00604243 0.00284926 
-0.00457086 0.000976735 0.000293517 -0.00115163 0.000976463 0.00336665 0.00292838 0.00416389 -0.00457451 -0.00047475 0.00715807 -0.00103584 -0.00195037 0.00289438 0.00201759 -0.00702638 0.0042342 -0.0021003 0.00455345 0.0001305 -0.00171312 0.0863515 -0.00172101 -0.000117859 0.00404713 -0.00287294 -0.0037447 -0.00433935 -7.25305e-05 -0.000633636 -0.00702759 -0.000300157 -0.000918713 0.00212968 0.00330843 -0.000949806 -0.00534894 -0.0064699 0.00512767 -0.0033175 -0.000391554 -0.00528104 -0.000705632 0.00458503 0.00049091 -0.000764772 -0.00445705 0.000931728 -0.00188076 -0.00161228 -0.00291502 -0.00322618 0.000114438 -0.00195386 0.000938086 -0.00450157 -0.00090962 -0.00144305 -0.00269477 -0.00561451 -0.0063082 -0.00246057 -0.00693513 -0.00231003 2.182e-05 -0.000975782 -0.00247102 -0.00862375 -0.00720128 0.00444543 -0.00332508 -0.00454667 -0.000630796 0.00230154 -0.00207864 -0.00120448 0.00591309 0.00232958 0.000787069 0.00242908 0.0031605 0.00220275 0.000456415 0.00126304 0.00739335 0.000558451 -0.00436202 -0.000398041 -0.00511404 -0.000939088 -0.0047259 -0.00277923 0.00109163 0.00114175 -0.00354089 0.00281217 -0.00107095 0.0017562 -0.00546224 -0.00353437 
-0.003484 0.00185803 -0.0042476 -0.00410076 0.00268692 -0.0105225 -0.00924712 -0.00560072 -0.00428689 -0.00312246 0.00460808 -0.00770306 0.00026567 0.00232702 8.8841e-05 -0.0126843 0.00565838 -0.00604253 -0.0044106 0.0277118 -0.000312597 -0.00172101 0.143113 -0.000669028 -0.00272677 -0.0132256 0.0112688 -0.00406845 -0.000784932 -0.00112665 0.00155271 -0.00408078 0.000815395 -0.0105941 0.00206115 0.00141641 -0.00109595 -0.00317953 -0.00689371 -0.00946168 -6.79864e-05 -0.00515378 -0.00154454 -0.00670879 -0.00162841 -0.00261739 -0.0079276 -0.008444 -0.00142172 0.00587895 0.0117759 -0.00830554 -0.00146323 -0.012496 -0.00278148 0.00113895 0.00039742 0.0123792 -0.00361708 -0.00108888 -0.00420891 -0.00173356 -0.00251309 -0.0016497 0.00540855 -0.00389771 0.0117446 0.0157278 -0.00830244 0.00517026 -0.012436 0.00707469 0.00828279 0.000116795 -0.00399041 0.00533932 -0.00256745 -0.0065164 -0.000952885 -0.00339983 -0.000291474 -0.0114098 -0.00197663 -0.00944188 -0.0135347 -0.00229 -0.00593382 -0.00612434 0.0105676 0.000323986 0.00455297 -0.00657799 0.00794806 0.00123136 -0.00853427 -0.00115708 -0.00781008 0.00133998 -0.000149558 0.00622811 
-0.00167175 -0.000792846 -0.000296024 0.000152627 -0.00294813 -0.00736222 -0.0121672 -0.0160079 -0.00132757 0.000538253 -0.00364477 -0.00414553 0.00153344 0.00233048 -0.00278159 0.0113499 0.00291529 0.00935172 -0.0115253 -0.00780387 -0.00316014 -0.000117859 -0.000669028 0.148221 0.00989786 0.0188919 -0.000526053 0.00398647 0.000758767 -0.0020979 -0.00535422 -0.00081195 -0.00346558 -0.00561458 -0.00269318 0.00670771 -0.00384677 0.00437835 -0.00351819 0.0029498 -0.00321966 -0.00293718 0.000895375 0.000949217 -0.00107771 -0.00490907 -0.0062478 -0.00204201 -0.0136662 -0.0144309 -0.000382382 0.0101656 -0.00117567 0.00316962 0.00086446 -0.00180616 -0.00770898 0.00462974 0.00705448 -0.00735243 0.000874903 0.000419844 -0.00182102 -9.70593e-05 0.000337726 -0.00360469 -0.0108183 -0.0044942 6.48786e-05 -0.00841037 -0.00346611 -0.00890709 -0.000699155 -0.00694181 0.00229491 0.004867 -0.0045064 0.0100653 -0.00393753 0.00407402 -0.00107762 -0.000421973 -0.00411267 -0.00377113 -0.00279328 -0.00189117 -0.00602866 -0.00405578 -0.0170775 -0.0012089 0.000282425 -0.00538277 -0.00298395 0.00491664 0.00599634 0.000838116 0.00047314 -0.00574806 0.00924914 -0.0108825 
0.000634888 -0.00255257 -0.00656608 0.00129231 -0.00371006 0.00593916 -0.00543147 -0.00304118 -0.00765493 -0.00337541 -0.00176245 0.00442557 -0.000615699 0.00233734 -0.000771251 0.00944978 -0.0015909 -0.00293672 -0.00548309 0.0114828 -0.00673967 0.00404713 -0.00272677 0.00989786 0.13178 -0.0011852 0.000800739 -0.00190254 -0.00689384 0.00581332 -0.00972547 -0.00224319 0.00565924 -0.00531414 -0.0105172 0.0072266 -0.00446348 -0.00277365 0.00623405 -0.0045839 0.0026631 -0.00190672 -0.000401969 0.00124374 -0.001597 -0.000986277 -0.00456651 -0.00541446 0.00286212 -0.00455765 -0.00351101 0.00446904 0.00205408 -0.0023748 0.00146937 -0.00461987 -0.00149176 -0.00195434 0.00929583 -0.00150385 0.00151597 -0.000602389 -0.00922591 -0.00232091 -0.00170417 -0.00396402 -0.000963689 -0.0157425 -0.00255416 -0.00442003 0.0158049 -0.00482004 -0.00971072 -0.00742045 -0.000608025 -0.00959401 -0.000353377 -0.0036887 -0.0028328 0.00180714 0.00706268 0.00556092 -0.00412486 -0.00599966 -0.00658904 -0.00313179 -0.00246199 -0.00260021 -0.00841108 -0.00262963 -0.000604939 -0.00367004 0.000842361 0.00506809 0.001034 0.00144586 -0.0042941 -0.00291803 0.00269953 -0.00651082 
0.00314656 -0.00268299 0.00382283 -0.000741871 0.0064158 0.000459311 0.00414085 -0.00328914 0.00506584 -0.00495166 -0.00319095 0.0017771 -0.0008606 -0.00267522 -0.00410137 0.00770663 -0.00685642 0.00673272 -0.00117614 -0.0284914 0.0073305 -0.00287294 -0.0132256 0.0188919 -0.0011852 0.162765 -0.00335939 0.00220755 0.00604404 -0.000598124 0.00365317 0.003977 -0.00884692 -0.00202228 -0.000346708 -0.00465054 -0.000701926 0.0153903 -0.00326049 0.0120026 -0.00297773 -0.000955616 0.000725194 -0.00266605 -0.00566477 -0.00288423 -0.00119799 0.0100605 -0.00632715 -0.0151477 -0.00746246 -5.38627e-05 -0.00293176 -0.0112022 -0.00102895 -0.00327996 -0.00986699 -0.00271241 -0.0041126 -0.00824351 0.00440384 -0.001359 -0.0141828 0.0032541 -0.00601372 -0.000152146 -0.00762743 -0.0174578 -0.00110603 -0.00695323 -0.00737191 -0.00554787 -0.0120817 0.00702512 0.0125879 -0.00675796 -0.00802824 -0.00146297 -0.0052215 -0.00411062 -0.0103733 -0.00948193 -0.00227922 0.00512135 0.00560476 0.0105798 0.000389782 0.00224086 -0.0105946 0.00180654 0.0072418 -0.005375 0.000839665 -0.00270851 0.00332275 -0.00548988 0.0109954 -0.00548784 0.00336212 -0.0150618 
-0.00345568 0.00426446 -0.000130426 -0.0055957 -0.00377397 -0.00918869 0.00161206 -0.00206578 0.00570682 -0.00247036 0.00148264 0.00242382 -0.0081274 0.000705788 -0.000577535 0.00374415 -0.000610835 0.00424135 0.0130183 -0.00764189 0.00649414 -0.0037447 0.0112688 -0.000526053 0.000800739 -0.00335939 0.153124 -0.00613556 -0.00426091 -0.000560138 -0.00282484 -0.00129141 -0.000188524 -0.00296971 -0.00475901 -0.00571523 -0.00871381 -0.00419562 -0.00599013 -0.00159266 -0.00378042 0.00414159 -0.00647311 -0.000478039 -0.0018124 -0.00344278 0.0101907 -0.00273068 0.000439265 0.00274897 -0.00573298 0.00553072 -0.00548163 -0.00782413 -0.00714468 -0.00501168 -0.000228857 0.0113482 -0.00721711 -0.00774292 -0.00191863 -0.00435803 -0.0111084 -0.00085028 -0.0113533 -0.00717731 0.00636181 -0.00767129 -0.00484805 -0.0014194 -0.00495474 0.00423182 -5.16183e-05 0.0111442 -0.00386229 -0.00383705 -0.0100497 -0.0113247 -0.00661543 0.00369353 0.00438858 0.0142769 -0.001022 0.00144904 -0.00826381 -0.0016484 -0.00453298 -0.00242124 -0.00848893 0.00268082 0.00597708 -0.00501249 -0.00369591 0.00666036 0.0076675 -0.00404423 -0.00855229 0.00363923 -0.00387941 -0.00692816 
0.00101671 0.000959015 -0.00402675 0.00100547 -0.00362374 -0.00578908 -0.0124951 -0.00783402 -0.00535059 -0.00260521 -0.00258231 -0.000114429 0.000627142 0.0019065 8.73671e-05 0.00447704 0.00688243 0.00136418 -0.00738175 -0.00506782 0.00236147 -0.00433935 -0.00406845 0.00398647 -0.00190254 0.00220755 -0.00613556 0.117141 0.000350356 0.00115146 -0.000916668 -0.00174595 -0.00190021 -0.00301305 -0.0107799 -0.00236015 0.0182787 0.00103405 -0.00288594 0.00836591 -0.0021266 0.00374975 0.00354539 0.00121652 -0.00379554 -0.00421122 0.0068848 0.000345863 -0.00450665 -0.00591887 -0.0105085 -0.00315036 0.00103383 -0.00564087 -0.000789054 0.00522549 -0.00476721 -0.00705712 -0.00739864 -0.00413583 -0.000487773 -0.00221438 -0.00162215 -0.00158839 -0.00652666 0.00249723 -0.00214753 -0.00497619 0.000904844 -0.00105713 0.0102525 -0.00674195 -0.00206106 -0.00230375 0.001734 0.0005055 0.0031463 -0.00316167 -0.00303816 -0.00718823 0.00186108 -0.0107542 -0.0017165 0.000811413 0.00275402 -0.00107344 -0.00685036 -0.0047257 0.00539286 -0.00246688 -0.00372751 -0.00172028 0.000295025 -0.000900819 0.00280709 -0.00135521 0.00425139 -0.00554813 0.0109273 0.00353356 
-0.0039157 0.00267016 -0.00103466 0.000615487 0.00107568 -0.00114643 0.00607547 0.000851967 -0.00210212 -0.00027652 -0.00368174 -0.00249676 0.000182171 -0.00130265 -0.000360055 0.000183179 -0.00349408 -0.00478017 -0.0095537 -0.00634393 -0.00414973 -7.25305e-05 -0.000784932 0.000758767 -0.00689384 0.00604404 -0.00426091 0.000350356 0.0904379 -0.00277626 0.00354244 -0.00146333 0.00943481 -0.000214372 -0.000623454 0.0027376 -0.00330604 -0.0028042 -0.00363083 0.000670765 -1.98799e-05 -0.000834984 -0.00121764 -0.00356235 -0.00119911 0.00124024 -0.0031456 -0.00330988 -0.000783519 -0.00281993 0.00107938 -0.000465644 0.000299952 -0.00348213 0.00290357 -3.61402e-05 0.00323312 -0.00114023 -0.00232524 -0.003117 9.19986e-05 -0.00071123 -0.00710235 0.00261606 -0.00480866 0.00112926 0.00419057 -0.000117019 -0.0046503 0.00141212 0.00172756 -0.000410389 0.00668307 0.00162512 0.00482336 -0.000285698 -0.00190706 -0.00467044 -0.00355353 -0.00361318 -0.00764438 -0.000766678 -0.00216105 -0.00455938 0.00435303 0.000725659 -0.000549292 0.00293878 -0.00787977 0.000674278 -0.00614888 -0.000252628 0.00267678 -0.0048819 -0.00142488 -0.00208772 1.69533e-05 -0.00149834 0.00349845 -0.0029571 
0.00188937 -0.001912 -0.00417331 0.0020698 0.0033505 -0.00024594 -0.00373822 -0.00235143 -0.00515935 0.00476295 0.00172063 0.00170045 0.00138621 0.00429631 -0.00115981 -0.00250647 -0.00163104 -0.00231803 -0.00648887 -0.000175354 0.00224554 -0.000633636 -0.00112665 -0.0020979 0.00581332 -0.000598124 -0.000560138 0.00115146 -0.00277626 0.0753858 -0.00173866 0.00161516 0.00360482 -0.00356307 0.000470652 -0.000779502 0.00177321 0.000930686 0.00265887 0.00265726 -0.00132222 0.00658731 0.00116111 -0.00512882 -0.00401177 -0.000881551 -0.00141239 -0.0044491 -0.00251392 -0.00389722 -0.00178649 -0.0077101 -0.00261103 -0.00322601 -0.00127766 -0.00117864 -0.00142545 -0.00249729 -0.00216784 -0.00438512 -0.00080159 0.000114063 -0.000859156 -0.000414944 -0.00190466 8.42205e-05 0.00394354 -0.00510965 -0.0022863 -0.0021788 0.00146495 0.00467968 -0.0032147 -0.000307405 0.000193562 -0.000334684 -6.91656e-05 -0.00350791 -0.00286569 -0.00212368 -0.00101097 0.0028182 -0.00120633 -0.00258562 -0.00569284 0.0024776 0.000327199 -0.00095727 -0.00440652 0.00168079 0.000523828 -0.00148196 -0.00134946 -0.00226496 -0.00101518 0.000945293 -0.00197712 -0.000983737 -0.00200903 0.0040513 
-0.00364052 6.06033e-05 -0.000712902 0.00075964 -0.00126929 -0.00644574 0.00963805 0.00564299 0.0050546 -0.00625271 -0.00753825 0.000227223 -0.0059412 -0.00798919 -0.00324899 -0.0163222 -0.00273573 -0.00774417 0.00234132 -0.0120235 -0.000630901 -0.00702759 0.00155271 -0.00535422 -0.00972547 0.00365317 -0.00282484 -0.000916668 0.00354244 -0.00173866 0.165077 0.00322528 -0.00550856 -0.0030355 -0.00243941 0.000277494 -8.54979e-06 -0.0109499 -0.00320221 -0.00191288 -0.00169725 -0.00248229 -0.000490342 -0.00415791 -0.00300241 -0.00156703 -0.00589746 -0.00364089 -0.00161191 -0.00930518 0.00257597 -0.00456681 -0.00359237 0.0032366 -0.00581538 0.0049936 -0.00211731 -0.00215903 -0.00278133 0.00215806 0.00150178 -0.00400745 0.00934547 -0.0041836 -0.00406405 0.00157312 0.0104425 0.0121934 0.00361504 0.000603083 -0.0147657 0.0056781 0.011283 0.00144495 0.000515954 -0.00660405 0.0014849 0.00932318 -0.00686242 -0.0129453 -0.0124837 0.00281228 -0.0113818 -0.00697856 -0.00624453 -0.00422811 0.00410056 -0.000479707 -0.00316199 -0.00203909 0.00149841 0.00711679 0.00033276 -0.00528207 -0.00802738 -0.00243589 -0.0049936 0.000273802 0.00145186 0.0125862 
-0.00110579 -0.00227837 3.84399e-05 -0.00193778 -0.00150005 -0.000131156 0.00171178 0.000169535 0.00163295 0.00207955 -0.00157247 -0.000402195 -0.00145812 -0.0031596 -0.00231141 -0.00537258 -0.00275621 -0.000473706 -0.000921434 -0.00968145 -0.00302683 -0.000300157 -0.00408078 -0.00081195 -0.00224319 0.003977 -0.00129141 -0.00174595 -0.00146333 0.00161516 0.00322528 0.0804885 -0.000295525 0.000926346 0.00122304 -0.00207343 0.0019246 -0.00253922 0.00707038 0.00134613 0.00075456 0.00625404 -0.00150395 0.00219062 -0.00043247 -0.000280574 -0.00376041 -0.000182748 -0.00022301 -0.0051906 -0.000172627 -0.00115279 -0.000724405 -0.00246552 -9.04762e-05 0.00115087 -0.00270998 -0.00133928 -0.00157238 0.00187803 0.00227162 -0.0032764 -0.00125632 0.00216537 0.000234078 -0.000579741 -0.00126167 -0.00791954 0.0014415 -0.0029553 -0.0110898 -0.00389143 -0.00167066 0.000279924 -0.00289706 -0.00068502 -0.0022341 0.00412979 0.00192154 0.0012798 0.000787137 0.000942353 0.000558043 -0.00517937 0.00190828 0.00411487 0.00439062 -0.00169087 -0.000785863 -0.00194817 0.0016286 -0.000141838 -0.00169615 0.0018413 -0.00357758 -8.98688e-05 -0.000908841 -0.00283125 -0.00708128 -0.00716815 
-0.00138584 -0.00214873 -0.00251073 -0.000370047 -0.00409112 0.00218081 -0.00422041 0.00675289 -0.00426441 -0.00775033 -0.00710002 -0.00285091 -0.00072427 -0.00436906 0.00155665 0.00423461 -0.0176732 -0.00667502 -0.00505616 0.000103073 -0.00465511 -0.000918713 0.000815395 -0.00346558 0.00565924 -0.00884692 -0.000188524 -0.00190021 0.00943481 0.00360482 -0.00550856 -0.000295525 0.129593 -0.0066671 -0.00467975 0.00166406 -0.00162469 -0.000600648 -0.00456295 -0.000280506 0.00136528 0.00941626 -0.00394276 -0.00811683 -0.00486341 0.00148002 -0.00157795 -0.0021468 -0.000821302 0.00682976 0.00266163 0.0039136 -0.00311193 -0.0035271 -0.00258638 0.00161273 -0.000564405 -0.00371271 0.0014177 -0.00269651 -0.00543695 -0.000780187 -0.00514557 0.00107951 0.00342281 -0.00338462 -0.00187785 -0.00974029 -0.00156198 -0.0033566 -0.00340378 0.0088415 -0.00483758 -0.00355412 -0.0042035 0.000512976 0.00530395 -0.00226787 0.00406993 0.00235159 -0.00167393 0.00194945 -0.00372466 -0.00921327 -0.00353701 -0.0047172 0.000702558 2.97011e-05 0.0028787 0.00231353 -0.00798517 0.00703551 0.00138175 0.000690244 0.00534195 0.0021785 -0.00378064 -0.00082578 -0.00430234 -0.00201672 
-0.00232695 0.000172086 0.000288705 -0.00245736 -5.43309e-05 -0.000499468 -0.00203144 -0.0153992 -0.00591705 0.00285938 -0.00119112 -0.00462786 -0.00517641 -0.00192829 -0.00311909 -0.00117333 -0.00144087 0.0155657 0.00268963 0.00156968 0.000537159 0.00212968 -0.0105941 -0.00561458 -0.00531414 -0.00202228 -0.00296971 -0.00301305 -0.000214372 -0.00356307 -0.0030355 0.000926346 -0.0066671 0.153278 0.0136341 4.3008e-05 -0.000457833 0.0083872 0.00477124 0.0104929 -0.0034219 -0.00251868 -3.06892e-06 0.00618776 -0.00303784 -0.000986182 -0.00387978 0.0111278 -4.53548e-05 0.0105299 -0.0116144 0.00195797 -0.00148457 0.00346726 -0.00688268 0.0042548 -0.000292539 -0.0121631 -0.00323745 -0.00962216 -0.00722288 0.00704994 -0.00435763 -0.000492894 -0.00443035 -0.0020962 -0.00604248 0.00214041 -0.0116213 -0.00571548 -0.00574287 -0.0053841 -0.00395863 -0.00277736 -0.00332111 -0.010253 0.00217121 0.00825285 0.000156187 4.16727e-05 -0.00441378 -0.000285553 -0.00164259 0.00864841 0.00655345 -0.00515798 -0.00165733 0.00272655 -0.017183 -0.00683987 -0.00670343 0.00111346 -0.00413721 -0.00825641 0.00519962 -0.00360981 -0.00416941 0.000306296 -0.00598458 -0.00577477 
