0.114454 0.00146259 -0.00115128 0.00288078 0.00639505 0.00169827 -0.00626226 0.00159227 -0.00523232 -0.00195833 -0.00470174 0.00219407 0.00362463 -0.00266679 -0.0134332 -0.00530097 0.00202124 -0.00316949 0.0021762 0.0118808 -0.00571102 -0.000979431 -0.0102439 -0.00027668 -0.00782947 -0.00543121 0.00585328 -0.00306361 -0.00491829 -0.00382604 -0.00244943 -0.000879922 0.00109349 0.000630672 -0.00355518 0.000433769 -0.00458236 2.19773e-05 -0.00145968 0.00376682 0.000620466 -0.00379301 -0.00344452 -0.00124475 -0.00167899 -0.00466716 4.42578e-05 -0.00470302 0.000633217 0.00189175 -0.0117781 -0.00159226 -0.00657806 0.000403768 -0.00479013 0.00436005 -0.00571952 -0.00137403 0.00193839 0.00150511 0.000901384 0.000201554 0.00249022 0.002757 0.00495856 0.00903171 -0.00125808 0.00110592 -0.00175241 0.00312461 0.00200626 0.00409928 -0.00483322 0.000768612 0.000840573 -0.00764139 -0.00211938 -0.00337067 0.000364889 0.00166739 -0.00309434 -0.00161659 -0.00193353 -0.000341051 0.00635306 -0.00278007 -0.00405926 0.000517081 -0.00112146 -0.00179623 -0.0111159 -0.00943493 0.00283539 -0.00424686 -0.00359383 -0.00400049 0.00295692 0.0106038 -0.00771352 -0.00289192 
0.00146259 0.0922886 -0.00156945 0.0028852 -0.000998158 0.0111111 -0.00190069 0.0038652 0.00186498 -0.00188567 0.0060784 -0.0018338 0.00855831 -0.00646695 0.00480683 -0.00086076 -1.65918e-05 -0.00663068 -0.00272557 -0.00202969 0.00280411 -0.00251861 -0.00569504 0.000183983 -0.00339655 -0.00494883 -0.00630834 -0.000811215 -0.000896569 0.000462628 0.000786766 -0.00175829 -0.0019406 -0.00322641 -0.000140921 -0.00385364 0.00108222 0.00221251 -0.00147033 0.00067127 -0.00330425 -0.00277758 0.000749896 -0.000807674 -0.00157702 0.00398314 -0.00320119 -0.00627416 -0.00104163 0.00446851 -0.00294893 -0.00497692 -0.0011866 -0.00134649 -0.0012152 -0.00621948 -0.00940151 -0.00122001 0.000848416 -0.000939893 -0.00987784 0.00217584 0.00159543 0.0071707 0.000343639 0.00219414 -0.000389308 0.00850838 -0.00595288 -5.90674e-05 -0.00552974 -0.00777915 -0.00602317 -0.00320255 0.00378021 -0.00161986 -0.00261443 0.00209547 0.000183511 0.00036672 -0.00515761 -0.00301032 -0.00430584 0.000941824 -0.00804011 -0.00365292 -0.00229308 0.0063585 -0.00199708 -0.0038285 0.00165807 0.00101483 0.00701243 -0.000682806 -9.87587e-06 -0.000149599 -0.00329767 0.000280471 -0.00165209 -0.00340751 
-0.00115128 -0.00156945 0.0710828 3.64727e-05 -0.00113222 -0.000771946 -0.00450941 0.00135485 0.000370786 -0.00268884 0.00133749 -0.000202495 -0.00437351 0.00102053 -0.00545311 0.000128107 -0.000813563 0.00523158 -0.000595156 -0.00879649 0.000326473 -0.00230021 -0.00263083 -0.00119865 0.0043818 -0.00249471 0.00778802 0.000866088 0.000272571 -0.00164932 -0.00357104 -0.00148906 -0.00228105 0.00210841 -7.56878e-05 -0.000851856 -0.00187969 -0.00168795 -0.0017727 -0.00248512 -0.0024591 0.00365982 -0.00425671 -0.00196746 -0.00397449 -0.000122455 -0.00276034 -0.00423468 0.00317069 -0.00386088 0.000586581 -0.000585276 -0.00178359 -0.00131399 -0.00335083 0.000775959 0.00100163 -0.000107482 -0.00153229 9.47848e-05 0.00926517 -0.000259079 0.0010543 -0.00169992 0.000625463 -0.00305267 -0.00118618 0.00754437 -0.00230263 0.00142813 -0.00461758 0.00186066 -0.00274105 -0.000550688 -0.00128897 0.00241372 -0.00224907 -0.000539391 0.000529827 -0.00110504 -0.00134998 0.00321936 -0.000822338 -0.00203015 -0.00325153 -0.00170821 0.00140375 -0.00155932 -0.00419021 0.00244222 -0.00347284 -0.00367813 -0.0030787 0.00590882 -0.00130072 -0.000822756 0.00275002 -0.0045581 -0.000448194 -0.00144294 
0.00288078 0.0028852 3.64727e-05 0.0938518 -0.00329376 0.00613325 0.00035782 0.000835148 -0.00021833 -0.00766944 -0.00526357 0.000309793 0.00330392 -0.0113879 -0.00844158 -0.00236874 -0.00481258 -0.00389037 -0.00768785 0.00308353 0.0101651 -0.00219887 0.0006403 -0.00132667 -0.0024916 0.00316039 -0.00417331 -0.00244652 -0.00558046 0.00104815 0.00342474 -0.00297801 -0.00168445 -0.00211376 -7.709e-05 -0.000119034 0.00017875 -0.000755108 -0.00290314 0.0037625 -0.00175069 -0.000845454 -0.00265818 0.00179278 0.00259363 -0.00535953 0.00116236 0.00825189 0.00286938 0.010602 -0.00112098 0.00100555 -0.000454009 -0.0010808 -0.00929592 -0.00735777 -0.00284155 -0.00154119 0.000193784 0.000228723 0.00112358 -0.00462277 -0.000283378 0.00417708 -0.00540052 -0.00774968 -0.000121522 0.00332362 -0.000431343 -0.00300763 -0.000882959 -0.00164064 -0.00397168 -0.0039435 0.00226978 0.00228441 0.00381289 -0.000309286 -0.00089547 -0.00498669 -0.00493133 0.000543221 -0.00179616 -0.00178343 -0.00127558 0.00349183 -0.00365806 -0.00644784 -0.00110404 -0.0032958 -0.0021065 -0.000748076 0.00595319 -0.00265943 -0.00360213 -0.00454324 -0.00137788 0.00263782 -0.000919947 0.00230958 
0.00639505 -0.000998158 -0.00113222 -0.00329376 0.148549 0.00290965 -0.00859486 0.00326724 0.00252571 -0.00331309 -0.0049706 -0.00409795 -0.0025538 0.00561504 -0.00817002 -0.00703767 -0.00071938 -2.04617e-05 0.00270051 0.0045442 0.00356412 -0.00304647 -0.00221567 -0.000417793 -0.00252938 -0.000678715 -0.0110064 -0.00619065 -0.013827 -0.00447572 -0.0114143 -0.00596357 -0.00061407 -0.00359523 -0.00394555 -0.00712935 0.00241126 0.000454623 0.0050256 -0.00205677 0.00370024 -0.00586797 0.00277443 -0.00335103 -0.00392783 -0.00080403 0.00220965 -0.00542968 -0.00185039 -0.00301655 0.0144129 -0.00222293 -0.00453089 0.00532797 0.00396623 0.00328827 -0.00664256 -0.000774389 -0.00310503 7.04033e-05 0.00754015 0.0094889 -0.00175193 -0.00806214 0.001506 -0.000667734 -0.00361116 -0.00805681 -0.00320922 0.00280194 0.00086542 -0.00237654 0.000305881 -0.00712559 -0.00571449 0.000621363 -0.000510724 0.000630031 -0.00429896 0.00106308 0.00592166 -0.00147209 -0.00410454 -0.00123629 -0.00280838 -0.00301961 0.00219289 -0.00637118 -0.00709353 -0.00491632 0.00310474 -0.00475102 -0.00298068 0.000683932 -0.00457992 0.00581644 0.00121466 0.00635872 -0.0131516 -0.00642591 
0.00169827 0.0111111 -0.000771946 0.00613325 0.00290965 0.128917 0.00159558 0.0103085 -0.00172486 0.00155695 -0.00433778 0.00799787 0.0163456 -0.0127412 0.00331083 -0.00914881 -0.00343441 -0.0097069 -0.00570587 0.00307972 -0.012525 -0.00431794 -0.00807925 0.00365214 -0.00894744 -0.00236194 -0.00913467 0.000409532 -0.0103127 -0.0105896 -0.00811402 -0.00385716 -0.00649132 -0.00218889 -0.000706321 0.00262652 -0.00320827 -0.000497251 -0.00293299 -0.00366868 -0.0040827 0.00810988 -0.00141151 0.000350063 0.00025396 0.00174595 -0.00283482 -0.0118389 0.00863618 0.000824317 -0.00212559 -0.000260155 0.00462242 0.00216327 0.00410077 -0.0109216 -0.00773583 -0.00274561 -0.00329517 -0.000661699 -0.00744211 0.00558359 -0.0100027 -0.00382415 0.00319552 -0.00400679 -0.00433227 0.000945931 -0.0065343 -0.000956849 -0.006813 -0.00432534 -0.00795861 -0.00494437 0.0287186 -0.00847065 -0.0014718 0.00566272 -0.00210961 0.000786129 0.0027318 0.00135196 -0.00693936 -0.000536455 -0.00687451 -0.00231401 -0.00127438 0.0122761 -0.00475304 -0.00151303 0.00480374 0.00165002 0.00676144 -0.00235428 -0.00178747 -6.54169e-05 -0.00214105 -1.5773e-05 -0.00456326 -0.00518337 
-0.00626226 -0.00190069 -0.00450941 0.00035782 -0.00859486 0.00159558 0.110049 0.0055444 0.00110265 0.00233975 0.00267408 0.00721765 -0.00225259 0.00266329 0.00850185 -0.00374781 -0.00137805 0.00109003 -0.00209853 -0.0068671 -8.47647e-05 0.00258902 -0.00142764 -0.00331253 0.000780945 0.00307939 0.0143585 0.00119679 0.0111234 0.00904543 0.00901006 0.000940005 -0.00325779 -0.000367165 -0.00665188 -0.000408577 -0.00714651 -0.00452569 -0.00367338 0.00125332 -0.00472494 -0.00318498 0.0038646 -0.000435187 -0.00368576 -0.0037996 5.81707e-06 -0.0056429 -0.00334504 0.00125298 -0.00436923 -0.000332717 -0.000295881 -0.00285625 0.00419761 -0.00231409 -0.00486163 -0.00234697 -0.00236607 -0.00351667 0.00117925 -0.00128943 0.000126644 -0.00733346 -0.00204013 -0.00364409 -0.00370322 0.0017176 0.00161441 0.0021952 -0.00138659 -0.00855182 0.00176275 0.00404072 -0.00813981 -0.00379078 0.00152527 0.00207037 -0.00242448 -0.0053392 -0.000991049 -0.00210275 -0.00269142 -0.00231854 -0.000333065 -0.000602363 -0.00455764 -0.00773588 -0.00122088 -0.000305802 -0.00907004 -0.00523613 -0.00328179 -0.00398331 -0.00200666 -0.00392797 -0.00331139 0.00213181 -0.00707631 0.000742624 
0.00159227 0.0038652 0.00135485 0.000835148 0.00326724 0.0103085 0.0055444 0.161665 -0.00340118 0.00983684 -0.00279818 0.0144455 0.00983866 -0.0138725 -0.00139597 -0.0127501 -0.00275195 -0.00329085 -0.00308923 -0.00349306 0.000837966 -0.0060307 -0.00611757 0.00356974 -0.000237813 -0.00323722 -0.0138927 -0.00478464 -0.00160616 0.00796934 -0.0113573 -0.00697712 0.000947673 -0.00436784 -0.00388627 -0.000989434 -0.00529388 0.00224041 -0.00504615 -0.0048943 -0.00192936 -0.0141271 0.0038233 -0.00384235 -0.00191431 -0.00167308 -0.00451411 -0.00880124 0.00696036 0.0097372 0.00380298 -0.00263981 0.00345976 -0.00252051 0.00440949 0.00500347 -0.00855204 0.00432234 -0.00235292 0.00149646 -0.00567737 -0.0076795 -0.00644428 -0.00302558 -0.00239934 -0.00711208 -0.00423836 -0.00228686 -0.00983451 -0.00152423 -0.00170113 -0.00762789 -0.00527207 -0.0103147 0.00447493 -0.00708137 -0.00479516 0.00338523 -0.00413551 0.0045232 -0.00347336 0.00150673 -0.00486619 -0.00336635 -0.0135148 -0.00639726 0.0066862 0.00333536 -0.00865688 0.00553712 0.00426004 -0.00411116 0.00743416 0.00466497 -0.00569429 0.00348171 -0.00551367 0.00539179 -0.00815385 -0.00248915 
-0.00523232 0.00186498 0.000370786 -0.00021833 0.00252571 -0.00172486 0.00110265 -0.00340118 0.0963811 -0.000300829 -0.0029467 -0.000682099 -0.00354024 0.00833772 -0.000235947 -0.00234373 0.000416231 -0.00639709 -0.00594269 -0.0108207 -0.0121478 0.000413137 -0.000376652 -0.00247906 -0.00474764 -0.000327132 -0.00457581 0.00168402 0.00538308 -0.00669317 -0.000705824 0.00321133 0.00153037 0.0018532 0.00261909 0.00928724 0.00158147 0.0071987 0.000142382 0.00194049 -0.0053475 -0.00269389 -0.00695011 0.000276357 -9.389e-05 0.00196529 0.00083206 0.000593274 0.000553373 0.00221145 -0.00261243 -0.00413188 -0.00405348 -0.000523774 -0.00325606 -0.00411611 -0.00475972 -0.00315167 -0.00119288 -0.00089737 -0.00301316 -0.00141958 -0.00258623 -0.000528976 0.00171775 0.00142431 -0.000178684 0.00854021 -0.00104173 -0.00101314 0.00234121 -0.00193931 -0.00444316 -0.00197932 -0.00554469 0.00318327 -0.00276928 0.000994496 0.000773718 -0.00126079 -5.77921e-05 -0.0023002 -0.000977003 0.00232248 -0.00555009 0.000623531 -0.00621822 -0.00744598 -0.000965383 0.00143115 -0.00492545 -0.00595829 0.00115327 -7.0592e-05 0.000221906 -0.00344734 0.000100662 -0.00294259 0.00146378 0.00763042 
-0.00195833 -0.00188567 -0.00268884 -0.00766944 -0.00331309 0.00155695 0.00233975 0.00983684 -0.000300829 0.141725 0.0122185 0.00258404 0.00581602 0.0111941 0.0148754 0.00164982 0.0027694 0.00516239 0.00436716 -0.00376942 -0.00612763 0.00126571 0.00378755 0.00111893 0.0134558 -0.00518222 0.00364087 3.53714e-05 -0.00539558 -0.00376931 -0.011745 -0.000955155 -0.0136674 -0.00834241 -0.00338548 -0.00774437 -0.00634974 0.00328038 0.0024341 -0.0053013 0.00215472 -0.00699029 -0.00600583 -0.00314985 -0.00647347 0.0095829 -0.00122395 -0.0123946 -5.16189e-05 -0.00750914 -0.00553723 -0.00105925 0.0100831 5.70447e-05 -0.00179308 0.0107315 -0.0017658 -0.00322697 -0.00530222 0.00154319 0.000177222 -0.00383182 -0.00645785 -0.00597349 -0.00201981 -0.00342011 -0.00252177 -0.00591568 -0.000432648 -0.00420862 -0.0070505 -0.00824487 -0.0090913 -0.00683106 -0.00645423 0.00498416 -0.00773413 -0.00908845 0.00169584 0.00363318 0.0030463 0.00167718 -0.00313884 -0.00541655 -0.0118061 -0.00308497 0.000674709 0.00267582 -0.0077904 -0.00672345 -0.00731103 -0.00308847 0.00829959 0.00184902 -0.00261546 -0.0011536 -0.00317873 0.00452312 -0.00633365 0.000449521 
-0.00470174 0.0060784 0.00133749 -0.00526357 -0.0049706 -0.00433778 0.00267408 -0.00279818 -0.0029467 0.0122185 0.149767 0.00212949 0.00307903 0.00915166 0.02357 0.000723744 0.000956936 -0.00778843 -0.0131555 -0.0176064 0.00920923 0.00289448 -0.000251184 0.00213439 -0.00138606 -0.00706414 0.00797758 -0.00721836 -0.00782949 0.00130054 0.00336596 -0.0061603 0.00206597 -0.0103132 0.00494338 -0.00942079 -0.00134808 -0.000143904 -0.0055497 -0.00373857 -0.00269585 -0.00649674 0.000726809 -0.000948826 -0.00386535 0.00555732 0.00207459 0.00320289 -0.00785276 -0.00595073 -0.0034988 -0.00744087 0.00153234 -0.00379445 -0.00547326 -0.00716217 -0.00104201 0.000233009 -0.000927924 -0.000458182 0.00126537 -0.0100897 -0.00909833 -0.0073123 0.00261709 0.01056 -0.00242104 -0.00158926 -0.0109031 -0.000833838 -0.0069737 -0.0121742 -0.00430463 -0.00640378 -0.00272671 0.00572539 -0.01136 -0.000295668 -0.000576667 -6.83575e-05 -0.00910603 -0.00229984 -0.00330535 -0.00528058 -0.0090874 -0.003701 0.00735111 0.00462439 -0.000343598 0.00408718 0.00351002 0.00418653 -0.000362289 0.0175474 0.000304383 0.00543027 -0.00273871 -0.00876223 -0.0127359 0.000341412 
0.00219407 -0.0018338 -0.000202495 0.000309793 -0.00409795 0.00799787 0.00721765 0.0144455 -0.000682099 0.00258404 0.00212949 0.133376 0.00684031 -0.00694378 0.00595845 -0.00588505 -0.00355823 -0.00394951 -0.0129877 -0.0016405 -0.00919458 -0.00350583 -0.00911238 -0.00245919 -0.00565556 -0.000839423 -0.00671337 -0.00108208 -0.0137044 8.41232e-05 -0.00292529 -0.00448259 -0.00119256 -0.00770373 0.00821894 -0.00584444 0.00277405 -0.00679812 -0.00481521 -0.00411784 -0.00488669 -0.00588997 -0.00411008 -0.000446663 4.3853e-05 -0.000548805 -0.00296142 -0.00535159 -0.00673113 0.00582821 -0.00159542 0.000693075 0.00318349 0.00740887 0.000982073 -0.0033301 -0.000616248 0.000797134 0.000221882 -0.0012785 -0.00432486 -0.00179475 -0.00833036 0.000591987 0.000796492 -0.00385155 0.000153343 -0.00900603 0.00481846 0.00271699 -0.00912013 -0.00750517 -0.0022083 -0.00562688 0.00353953 3.60587e-05 0.000788247 -0.00431918 -0.00272449 0.00101136 0.0075208 -0.00266323 -0.00180842 -0.00179737 -0.00731789 0.00215261 -0.00135916 0.00441969 -0.00563878 -7.19322e-05 0.00193694 0.00611353 0.00557949 0.00544988 -0.00496402 0.00443104 -0.00287278 -0.005889 -0.00175841 -0.000718394 
0.00362463 0.00855831 -0.00437351 0.00330392 -0.0025538 0.0163456 -0.00225259 0.00983866 -0.00354024 0.00581602 0.00307903 0.00684031 0.190173 -0.00784642 0.00485092 -0.00776533 -0.00173688 -0.0116994 -0.0156263 0.0247355 -0.011872 -0.0088202 -0.0156219 0.0132427 -0.0139288 -0.000645775 -0.0173307 0.000991535 -0.0107794 0.000980224 -0.00445378 0.00436551 -0.0091019 -0.00741869 -0.00316364 -0.00645161 -0.0166705 -0.00266232 -0.00464583 -0.00688834 -0.011198 0.00458128 0.00195031 -0.00364492 -0.00821314 0.00729838 -0.00388725 -0.0195832 0.00418804 0.00487428 -0.0165139 -0.00445519 0.00300818 0.00580047 -0.001895 0.000249839 0.0050269 -0.00358794 0.000901971 0.00353145 -0.0136501 -0.00766363 0.000428673 0.00642343 -0.0106898 -0.000110477 -0.00201439 0.000555406 -0.0176711 -0.00239088 -0.0104049 -0.0103366 -0.013551 -0.0107564 0.00645072 -0.00686464 -0.0112229 -0.00382305 -0.000936315 0.00114379 -0.00124578 -0.00357522 -0.0103779 -0.0026023 -0.00579892 -0.00269199 0.00943665 0.0203539 0.00522829 0.000817552 0.00804678 0.0140013 0.0123711 0.0139525 0.00168224 -0.000996429 -0.00367229 -0.00285484 -0.0104501 -0.0018693 
-0.00266679 -0.00646695 0.00102053 -0.0113879 0.00561504 -0.0127412 0.00266329 -0.0138725 0.00833772 0.0111941 0.00915166 -0.00694378 -0.00784642 0.170564 0.0071718 0.0075074 0.00406483 0.00274652 -0.00303818 -0.021956 -0.00769767 0.00250248 0.00363648 -0.00262788 -0.00128266 -0.00702513 0.00195128 -0.0055537 0.0227887 -0.00749221 -0.00707277 -0.0003613 0.000622445 0.0049771 -5.498e-05 0.00265597 -0.01251 -0.00733159 0.0112767 0.00542281 0.00378291 -0.00131674 -0.00259397 -0.00387559 0.000524956 -0.0035852 0.0005986 -0.0205104 -0.0044657 -0.0170534 -0.0141125 -0.0072474 -0.00146209 0.00103202 -0.00808887 0.00207034 -0.00929695 -0.0117797 -0.00227033 -0.00517049 0.00095697 0.00956698 0.00890521 -0.00894786 0.00770798 0.00705321 -0.00151393 -0.00501502 0.00325632 -0.00485697 0.00349439 0.00866391 -0.0100109 -0.0051559 -0.0197344 0.00954231 -0.00774096 0.000728526 -0.000419361 -0.00520184 0.00199864 -0.00303972 0.000556387 -0.00318138 0.0119276 0.000677211 -0.00418061 -0.0162619 0.0130884 0.00665731 -0.0101524 -0.00518791 -0.0106963 -0.00310764 -0.000844626 -0.00830147 0.000950901 0.00524002 -0.00357791 0.00103578 
-0.0134332 0.00480683 -0.00545311 -0.00844158 -0.00817002 0.00331083 0.00850185 -0.00139597 -0.000235947 0.0148754 0.02357 0.00595845 0.00485092 0.0071718 0.166704 -0.00373381 0.00194667 -0.0113147 -0.000136453 -0.0133794 -0.00266457 0.00564932 -0.00395781 -0.00374656 0.00360165 -0.01021 -0.00302996 -0.000922551 0.003779 -0.0062712 0.000441101 -0.00628873 -0.000669814 -0.0103533 0.012314 -0.0011909 0.00189686 -0.00342617 0.00176884 -0.00792077 0.00127512 -0.00722562 0.00263207 0.00235316 0.00149977 0.0069232 0.00118345 -0.0144342 -0.00988283 -0.00235048 0.00310931 -0.0111769 0.0134587 -0.00199407 -0.00218626 -0.0117374 -0.00395519 -0.00245066 -0.000590442 0.00311358 -0.00977019 0.00533695 0.00733793 -0.00611409 -0.00508928 -0.00886281 -0.00134403 0.000218317 -0.017671 0.00061995 -0.000661748 -0.0122567 -0.000576207 -0.00749323 0.000972248 -0.00192073 -0.00539839 0.0029436 -0.000902743 -0.00907571 0.00279596 -0.00654188 -0.00793007 -0.00508495 -0.015011 -0.0036168 -0.0100839 -0.000310542 0.004486 0.00226309 0.0152373 0.00885577 -0.00174099 0.000826358 -0.00208587 -0.00367076 -0.00631786 -0.0106518 -0.0011935 -0.00288209 
-0.00530097 -0.00086076 0.000128107 -0.00236874 -0.00703767 -0.00914881 -0.00374781 -0.0127501 -0.00234373 0.00164982 0.000723744 -0.00588505 -0.00776533 0.0075074 -0.00373381 0.125415 0.00176897 0.00188016 0.000522227 -0.0113935 -0.00166091 0.00191112 0.00406505 -0.00573583 0.00263465 0.00737074 0.00042439 -0.00195003 -0.000751465 0.000344728 0.00996764 0.00130518 0.00450839 0.00067567 -0.00235087 -0.00225808 -0.00511526 -0.00145719 0.000930495 0.00197429 0.00591535 -0.000952495 -0.00728034 0.000668994 0.0047394 -0.00590492 0.00254716 0.00278646 -0.0074446 -0.0052106 -0.00606778 -0.000955384 -0.00216401 -0.00352819 -0.00354248 0.000871454 0.0106318 -0.00363852 0.00360322 -0.00189769 0.0041577 -0.00118912 -0.00862984 -0.00251969 -0.00546479 -0.00377904 0.00250905 -0.0005083 0.00980296 0.000384049 -0.00418039 -0.00356746 -0.00233899 0.00120702 -0.00905646 0.00245519 -0.00340021 0.00108386 -0.00071524 0.00185286 -0.00634058 -0.00543312 0.00174066 -0.000218566 0.00720336 0.00122834 -0.00331747 0.00454901 -0.00410425 -0.00260144 -0.00621285 -0.00696169 -0.00300916 -0.00659799 -0.000317573 -0.0052594 -0.00022168 -0.00300373 -0.0020549 -0.00243866 
0.00202124 -1.65918e-05 -0.000813563 -0.00481258 -0.00071938 -0.00343441 -0.00137805 -0.00275195 0.000416231 0.0027694 0.000956936 -0.00355823 -0.00173688 0.00406483 0.00194667 0.00176897 0.101485 -0.00091267 0.00837678 0.00947269 0.00231335 0.0067422 -0.00501815 0.00307328 0.00103893 -0.00337132 -0.00577472 -0.00780656 0.00306559 -0.0123488 -0.0039533 -0.000356965 -0.00196784 -0.00387132 0.00303599 0.00245191 0.0065259 -0.00325988 -6.26805e-05 0.00264843 0.000437864 -0.00214591 -0.0050885 -0.00281716 -0.00230788 0.0111011 0.00352524 0.00191738 -0.00478314 -0.00417026 -0.000103108 -0.00359048 -0.00298679 -0.00298824 -0.00110808 -0.00387564 -0.000513775 0.000712985 -0.001367 -0.00113302 0.0011742 -0.00700732 -0.00351014 -0.00211644 0.00387251 -0.00128232 -0.000514972 -0.00200467 -0.00358654 0.00137239 0.00383244 -0.00302453 0.000573516 -0.00185274 -0.00226102 0.0023692 -0.00567446 -0.00446624 -0.00027443 -0.00218253 -0.00140485 -0.00242508 -0.000403603 0.000379503 -0.00258745 0.000688323 -0.00668127 -0.00458631 -0.00717824 -0.0037717 -0.00987403 0.00265825 -0.00703015 -0.00214732 0.000439416 -0.00134139 -0.0022468 -0.000203185 -0.000108137 -0.000575795 
-0.00316949 -0.00663068 0.00523158 -0.00389037 -2.04617e-05 -0.0097069 0.00109003 -0.00329085 -0.00639709 0.00516239 -0.00778843 -0.00394951 -0.0116994 0.00274652 -0.0113147 0.00188016 -0.00091267 0.126829 0.0175334 -0.00108597 0.0045849 0.00483397 -0.00121078 -0.00323764 0.00982248 -0.00381037 0.00877483 -0.00102841 0.00287937 0.00448143 0.00442687 -0.00102939 -0.0068178 -0.00117618 -0.00379702 -0.00178721 -0.0118369 0.0050848 0.00123702 -0.00867287 -0.0013769 -0.00614535 -0.00377616 -0.00146432 -0.00686557 -0.00349102 -0.00211432 0.00300797 0.00674102 -0.000185222 -0.00291292 0.00541923 -0.00404797 -0.00544756 -0.00374733 0.00561577 0.00458316 -0.00478866 -0.00545005 -0.00142935 0.0125862 -0.00456333 -0.00549013 -0.00286119 -0.00138271 -0.00449112 -0.00040837 -0.00164349 0.00052389 0.00145389 -0.00808022 0.00267035 0.00257397 0.00383785 -0.00293824 -0.000255145 -0.00166807 -0.00675116 0.000884424 -0.00056649 -0.00480774 0.0039925 -0.0017442 0.00034506 -0.000182021 -0.00369221 -0.000110248 -0.00500334 -0.0124617 -0.00509383 -0.00639183 -0.0114102 -0.0115284 0.00488424 -0.00279009 0.0042238 -0.000454748 0.00548821 -0.00185398 0.000698054 
0.0021762 -0.00272557 -0.000595156 -0.00768785 0.00270051 -0.00570587 -0.00209853 -0.00308923 -0.00594269 0.00436716 -0.0131555 -0.0129877 -0.0156263 -0.00303818 -0.000136453 0.000522227 0.00837678 0.0175334 0.168493 0.0126394 0.00944414 0.00725004 -0.00733153 -0.0065914 0.0106952 -0.00388851 -0.00176273 0.00456812 0.000835529 0.00126937 1.65388e-05 0.000980752 -0.00374866 0.00481829 -0.00120563 0.00528004 -0.000308873 0.000346917 0.00226215 -0.00876132 0.00576121 -0.00647715 -0.010532 -0.00555675 -0.00215981 0.00308141 -0.0055202 -0.00537899 -0.00322447 -0.00257435 -0.0104002 0.00548557 -0.00618742 -0.00786658 0.000350392 0.00524376 -0.00154293 -0.000540845 -0.00462267 -0.00562733 0.00288347 0.00683487 -0.00508133 -0.00283505 -0.010802 -0.000559236 0.0057423 0.0014225 0.00649444 0.00153246 -0.00166882 0.00489652 0.000526267 -9.52539e-05 0.00465901 -0.0107216 0.0136333 -0.00964326 0.000679692 -0.0114629 -0.000305449 -0.00223283 0.000432309 -0.00331114 -0.00548839 -0.00574554 -0.00131866 -0.00349493 -0.0137548 0.000686602 -0.0144395 -0.0127005 -0.00829054 -0.0162024 -0.00116268 -0.00471656 -0.00144006 0.00550469 -0.00197262 -0.00638147 
0.0118808 -0.00202969 -0.00879649 0.00308353 0.0045442 0.00307972 -0.0068671 -0.00349306 -0.0108207 -0.00376942 -0.0176064 -0.0016405 0.0247355 -0.021956 -0.0133794 -0.0113935 0.00947269 -0.00108597 0.0126394 0.223492 0.0309688 -0.00222616 -0.0109799 0.014458 -0.00221209 -0.00354265 -0.0124697 -0.00901272 -0.00017862 -0.00843438 -0.0185464 5.51314e-05 -0.00716252 -0.0147526 -0.0123884 -0.00891098 -0.0167179 -0.00019816 -0.00785009 -0.00273336 -0.00461325 -0.00429285 -0.00501654 -0.00398227 -0.00328731 0.00460819 -0.0029419 -0.0148145 -0.00378167 -0.0213169 -0.0162792 0.00784042 -0.00928505 -0.00815552 0.000148406 -0.00400577 0.0184578 -0.000530984 -0.00136803 -0.00303687 0.00258663 0.000614536 -0.00102171 0.00702682 0.0029968 0.00233982 -0.00511437 -0.0119017 -0.00448877 0.00386579 -0.000718561 0.0101156 -0.00286496 -0.00244413 0.00529554 -0.00254502 0.0050048 -0.0123288 -0.00112251 -0.00289651 0.00489867 -0.0106767 0.00119659 -0.00557431 -0.00527497 0.00380009 -0.00641146 0.0117243 0.00398423 -0.000160274 -0.016025 0.00670639 0.00391879 -0.00449366 -0.00363354 0.000751549 -0.00250609 0.00748493 0.000829043 -0.00453918 
-0.00571102 0.00280411 0.000326473 0.0101651 0.00356412 -0.012525 -8.47647e-05 0.000837966 -0.0121478 -0.00612763 0.00920923 -0.00919458 -0.011872 -0.00769767 -0.00266457 -0.00166091 0.00231335 0.0045849 0.00944414 0.0309688 0.213624 0.00579928 0.0102731 0.00616135 0.0199393 -0.00545975 -0.00571926 -0.0123617 0.00454355 -0.00193586 -0.00785287 -0.0124099 -0.0140375 -0.0130089 -0.0116305 -0.011935 -0.00566717 -0.00105317 -0.00767202 -0.00260042 -0.0140242 -0.00839793 -0.00790714 -0.00508024 -0.00712685 0.00333919 -0.00225721 0.0157209 -0.00959609 -0.0190276 -0.00699645 -0.0075614 -0.00859411 -0.0129846 -0.014635 -0.00416811 0.00771861 -0.00120125 0.00106374 -0.00564407 0.0163805 0.000780585 0.00817641 -0.0145484 -0.00612004 0.00654155 -0.000685782 -0.00510211 0.00656857 -0.00159213 0.00519108 -0.00106465 0.000496155 -0.00926919 -0.0183034 -0.00554399 0.00333566 -0.01278 -0.00339157 0.0044842 -0.00258995 -0.0105358 -0.00267735 -0.00150549 -0.0107971 -0.00029318 0.00305754 0.00345745 -0.00117028 -0.00106994 -0.00229295 0.0036547 -0.00181697 0.00764447 -0.00478804 -0.00261025 0.000558245 0.00407707 0.003377 -0.00140161 
-0.000979431 -0.00251861 -0.00230021 -0.00219887 -0.00304647 -0.00431794 0.00258902 -0.0060307 0.000413137 0.00126571 0.00289448 -0.00350583 -0.0088202 0.00250248 0.00564932 0.00191112 0.0067422 0.00483397 0.00725004 -0.00222616 0.00579928 0.0828884 0.00680843 -0.00118492 -0.000564385 -0.00258882 0.000290503 -0.00190434 0.00357288 0.00108909 0.00293934 0.000560244 -0.00491086 -0.00187601 -0.00126056 -0.00228363 0.0011267 -7.96913e-05 -0.00129815 -0.000898817 -0.000819719 -0.00411128 -0.00487185 -0.0014424 -0.00137995 -0.00113203 -0.00101301 -0.00674772 -0.00620972 -0.00358168 -0.00165339 -0.00404278 -0.00184365 -0.00324906 -0.000237945 -0.00154093 0.00094742 0.00259776 -0.000765217 -0.00092946 0.000652641 -0.00641025 -0.00469195 -0.000800076 -0.00229185 -0.000281372 0.000776276 -0.000294664 -0.000199333 0.000516962 -0.00252665 -0.00528133 0.00322518 0.00561606 -0.00638414 -0.00188748 0.00036969 -0.00302464 -0.000998107 -0.000104523 0.000473507 -0.00204793 0.00235428 0.00030199 0.00172199 -0.00238287 -0.00142842 -0.00344568 0.00216825 -0.00084297 0.00320939 -0.00761974 -0.00213012 -0.00554264 -0.00160777 -0.00324067 0.000577071 0.000595825 0.00248845 -0.00388753 
-0.0102439 -0.00569504 -0.00263083 0.0006403 -0.00221567 -0.00807925 -0.00142764 -0.00611757 -0.000376652 0.00378755 -0.000251184 -0.00911238 -0.0156219 0.00363648 -0.00395781 0.00406505 -0.00501815 -0.00121078 -0.00733153 -0.0109799 0.0102731 0.00680843 0.122811 -0.00262546 0.0179211 -0.000540733 0.00278337 -0.00583285 -0.00101141 -0.0092368 -0.00761652 -0.00367253 -4.71154e-06 -0.0020699 -0.0060661 -0.00401512 0.0018928 -0.000705994 0.00541639 -0.00389679 -0.00269008 0.000717781 -0.00654739 -0.00144445 -0.00335865 -0.00356702 -0.000102031 0.00278627 -0.00477996 -0.00918848 -0.00210271 -0.00172026 -0.00110686 -0.000908434 -0.00740618 -0.00300591 -0.00309272 -0.0029262 -0.00497169 -0.000643749 0.00141662 -0.00484616 -0.00335956 -0.00496397 0.001126 -0.00756055 0.00246989 -0.00192016 0.00466986 -0.00222401 0.0103844 0.00371336 0.00581932 0.0103609 0.000759599 0.00787897 -0.00470733 -0.00244455 0.00264824 -0.00280637 -0.00443372 0.00186646 -0.00267875 0.00254609 -0.000845795 -0.00339912 -0.000502392 -0.00646413 0.0066105 -0.00134682 -0.00321411 -0.00828192 0.00330491 0.00163342 0.00622997 0.00212889 0.00210944 -0.00557242 0.00413519 0.00334786 
-0.00027668 0.000183983 -0.00119865 -0.00132667 -0.000417793 0.00365214 -0.00331253 0.00356974 -0.00247906 0.00111893 0.00213439 -0.00245919 0.0132427 -0.00262788 -0.00374656 -0.00573583 0.00307328 -0.00323764 -0.0065914 0.014458 0.00616135 -0.00118492 -0.00262546 0.0834984 -0.00126028 -0.00136661 -0.00554858 0.00242281 -0.00417426 -0.00468669 -0.00392103 -0.00224882 -0.00380379 -0.00283026 -0.0052182 -0.00346014 -0.00292103 -0.00113037 0.000215629 0.00163845 -0.00595941 -0.00107619 0.00536026 0.000174039 0.000907207 0.00830726 0.00117302 -0.000400962 0.00638468 -0.00724382 1.85152e-05 -0.00137744 -0.00416874 -0.0016722 -0.00291443 -0.000249601 -0.00113532 -0.000899287 0.00101569 -0.000386593 0.000241654 0.00138575 -0.00163736 -0.00283385 -0.000986136 -0.0028989 -0.00381478 -0.00609492 -0.0018908 -9.63207e-05 -0.00140849 -0.00483328 -0.00302467 -0.00462924 -0.00353108 -0.00623468 -0.00535368 -0.00242581 -0.00235411 -0.00088742 0.00120563 -0.000332048 -0.00105339 5.72638e-06 -0.00361513 -0.000768611 0.00204097 0.00583143 0.00104167 -0.00214797 -0.00132699 0.000343451 0.00318885 0.00166014 0.00111361 0.00114073 -0.000137829 -0.00116423 -0.00181582 -0.00333819 
-0.00782947 -0.00339655 0.0043818 -0.0024916 -0.00252938 -0.00894744 0.000780945 -0.000237813 -0.00474764 0.0134558 -0.00138606 -0.00565556 -0.0139288 -0.00128266 0.00360165 0.00263465 0.00103893 0.00982248 0.0106952 -0.00221209 0.0199393 -0.000564385 0.0179211 -0.00126028 0.124156 -0.00302067 0.00641423 0.00107002 0.000334311 0.0089196 -0.0118441 -0.00407425 -0.00312767 0.000440434 0.00047067 0.000129831 -0.0041403 -0.00100432 -0.00131048 0.000326403 0.00317832 -0.00640886 -0.00546675 -0.00269661 -0.00626563 0.00527666 -0.000647506 -0.00323467 -0.00300466 -0.00870738 0.00986745 -0.00245033 0.000356137 8.55646e-05 -0.00397495 -0.000744563 -0.00361867 -0.00522613 -0.000733131 -0.00416093 0.00168539 -0.00409862 -0.0084245 -0.00484814 -0.00727028 -0.00109529 -0.000898313 -0.0069749 0.00605363 -0.0040327 0.00321004 0.0014664 0.00114591 -0.000614835 -0.012059 -0.000742995 -0.00566765 -0.0109108 0.0019643 -4.8492e-05 -0.00223391 -0.00123445 0.00180067 -0.00339287 -0.0110284 -0.00410359 0.00642416 -0.00733129 -0.0110252 -0.00210517 -0.00495125 -0.00778035 1.83852e-05 0.0066246 -0.00363889 -0.000128873 -0.00275125 0.000315207 -0.00249817 -0.00178323 
-0.00543121 -0.00494883 -0.00249471 0.00316039 -0.000678715 -0.00236194 0.00307939 -0.00323722 -0.000327132 -0.00518222 -0.00706414 -0.000839423 -0.000645775 -0.00702513 -0.01021 0.00737074 -0.00337132 -0.00381037 -0.00388851 -0.00354265 -0.00545975 -0.00258882 -0.000540733 -0.00136661 -0.00302067 0.117479 0.000742653 0.00452101 5.53185e-05 0.00374991 0.0033391 -0.00363306 -0.000317764 0.00149346 0.00208344 0.000544249 0.00415141 -0.000560968 0.00476364 0.000351772 0.00268296 -0.00269149 -0.00491374 -0.000789058 0.00162118 -0.00135851 0.00129562 0.00410508 -0.00377121 0.00342547 -0.00122809 0.00697654 -0.00495816 -0.00348782 -0.00260818 0.000714559 0.00553814 -0.00609283 0.00146613 -0.00384923 -0.0058625 -0.0025343 -0.00375507 -0.00565354 -0.000698088 -0.00115993 -0.00450591 -0.00365875 -0.00232379 -0.000692872 -0.00171868 0.00333729 -0.00153398 -0.000905083 -0.0053048 0.00144585 0.00586716 -0.000658008 0.00115914 0.000531985 -0.00315074 -0.00133654 0.00189689 -0.00372731 0.0029433 -0.001157 0.00145927 -0.00395379 -0.00712636 0.00120231 0.000951901 0.00283734 -0.00870729 -0.00778445 -0.00317728 2.7053e-05 0.00198362 -0.00249722 -0.00875823 0.000283006 
0.00585328 -0.00630834 0.00778802 -0.00417331 -0.0110064 -0.00913467 0.0143585 -0.0138927 -0.00457581 0.00364087 0.00797758 -0.00671337 -0.0173307 0.00195128 -0.00302996 0.00042439 -0.00577472 0.00877483 -0.00176273 -0.0124697 -0.00571926 0.000290503 0.00278337 -0.00554858 0.00641423 0.000742653 0.165651 0.000404313 0.0118729 -0.00269426 0.00950214 0.00885077 -0.00176493 0.00200901 -0.0128524 -0.00172866 -0.0115403 -0.00234953 -0.00468209 0.000728169 0.00574643 0.000127683 -0.00167298 -0.00220423 -0.00474241 -0.00539679 -0.00167519 0.000878397 -0.00270573 -0.0073365 -0.0137991 0.00163908 -0.00669593 -0.00909882 -0.00348185 -0.00237331 0.00237347 -0.00496174 -0.0042733 0.000115342 0.0160549 -0.0134109 -0.00109115 0.00761933 0.00189578 0.00512247 0.00508213 0.00556038 0.00285902 -0.00433087 -0.00272118 -0.000224347 0.00138039 0.00952297 -0.0103993 -0.00423655 -0.00172365 0.00358882 -0.00129887 -0.00971551 0.00776832 0.00220243 -0.00408509 -0.0021639 0.01296 -0.00224533 -0.000825644 -0.0104934 -0.00368339 -0.00844714 -0.00545806 -0.0126197 -0.00935533 -0.00388391 0.000428179 -0.00400286 -0.000531119 -0.00673502 -0.00982099 -0.00397008 
-0.00306361 -0.000811215 0.000866088 -0.00244652 -0.00619065 0.000409532 0.00119679 -0.00478464 0.00168402 3.53714e-05 -0.00721836 -0.00108208 0.000991535 -0.0055537 -0.000922551 -0.00195003 -0.00780656 -0.00102841 0.00456812 -0.00901272 -0.0123617 -0.00190434 -0.00583285 0.00242281 0.00107002 0.00452101 0.000404313 0.122129 0.00577069 0.00830133 0.0122615 -0.000575492 0.000266343 0.0054987 -0.00279134 0.000837382 -0.00288426 0.00505467 -0.0015875 -4.64802e-05 -0.00342374 -0.00553954 0.000410086 -0.000596711 -0.0043454 -0.00140185 -0.00403336 -0.00685883 0.00928162 0.000227614 0.0021325 0.00351704 -0.00171209 -0.0016982 0.00352558 0.00533206 -0.00198891 -0.00262864 0.00259509 -0.0014818 -0.00653782 -0.00301534 -0.000838246 0.00161859 -0.00600943 -0.000735311 0.000533408 0.00265127 -0.0059411 -0.00311851 -0.00032025 -0.00904545 0.0042688 -0.00384355 -0.00837807 -0.00548444 -0.00692697 -0.00231266 -0.0018521 -0.00204181 -0.000308678 0.00811386 -8.34552e-05 0.00155482 -0.00570008 -0.00565944 -0.00376951 -0.00893977 -0.000216258 -0.000157985 0.00182417 0.000846874 -0.00311615 -0.00245645 0.00191958 -0.0033572 -0.00321956 0.000594998 -0.000920937 -0.0093661 
-0.00491829 -0.000896569 0.000272571 -0.00558046 -0.013827 -0.0103127 0.0111234 -0.00160616 0.00538308 -0.00539558 -0.00782949 -0.0137044 -0.0107794 0.0227887 0.003779 -0.000751465 0.00306559 0.00287937 0.000835529 -0.00017862 0.00454355 0.00357288 -0.00101141 -0.00417426 0.000334311 5.53185e-05 0.0118729 0.00577069 0.166 -0.0114778 -0.000186144 0.00537701 -0.00211034 0.00922757 -0.00532653 0.00453696 -0.0079025 -0.00241512 -0.00241537 0.00066105 0.00999429 0.00370145 -0.00553209 -0.0025554 0.00613878 -0.00188262 -0.00633502 -0.0103581 -0.00219717 -0.008416 -0.0182987 0.00354937 -0.0116931 -0.00524531 0.000879944 -0.0108139 -0.00930691 -0.00910927 -0.00441969 -0.00334242 -0.00312353 0.0066636 0.0172905 0.00376274 0.00434661 0.00302631 -0.00420203 0.00861008 -7.23342e-05 5.46387e-05 0.014893 0.00289119 -0.00184665 -0.0107659 -0.0261053 0.000350259 0.00226577 -0.00458555 -0.000950896 -0.00245273 -0.000180923 -0.00299038 0.00815451 0.0026907 0.00587793 -0.0015068 -0.00839843 -0.0208954 -0.000216639 -0.00342462 -0.0121677 -0.00647322 -0.0157808 -0.0133052 0.00235025 -0.0102929 -0.00174959 0.0042566 0.00247691 -0.00251241 
-0.00382604 0.000462628 -0.00164932 0.00104815 -0.00447572 -0.0105896 0.00904543 0.00796934 -0.00669317 -0.00376931 0.00130054 8.41232e-05 0.000980224 -0.00749221 -0.0062712 0.000344728 -0.0123488 0.00448143 0.00126937 -0.00843438 -0.00193586 0.00108909 -0.0092368 -0.00468669 0.0089196 0.00374991 -0.00269426 0.00830133 -0.0114778 0.176418 0.0133327 0.00196228 0.00555197 0.0115427 -0.00447298 0.00239915 -0.00161022 -0.00233319 -0.00409238 -0.000363237 -0.00284402 -0.012921 -0.00358075 0.00281592 -0.0104894 -0.00425468 -0.00270902 -0.00635854 6.35686e-05 -0.000589032 -0.00248206 -0.00108818 -0.000653909 0.00635331 0.00526719 -0.00056262 0.00101946 0.00693423 -0.00234208 -0.0054662 -0.0157188 -0.00681658 -0.00705426 -0.00568283 -0.00295271 -0.00656728 -0.00320106 -0.00697322 0.000750652 -0.00458865 -0.00883571 -0.00815222 0.00990788 0.0105319 -0.011556 -0.0105729 0.00659844 0.00286532 -0.0041524 -0.00728952 -0.0093814 -0.00329019 0.00240517 -0.00644924 0.00228421 -0.000353686 0.00267721 -0.00151838 -0.00464862 0.00187163 0.00935609 -0.0013125 -0.00539912 -0.00548938 -0.00260372 0.000198196 -0.00567772 -0.0075135 -0.0043405 0.000733158 
-0.00244943 0.000786766 -0.00357104 0.00342474 -0.0114143 -0.00811402 0.00901006 -0.0113573 -0.000705824 -0.011745 0.00336596 -0.00292529 -0.00445378 -0.00707277 0.000441101 0.00996764 -0.0039533 0.00442687 1.65388e-05 -0.0185464 -0.00785287 0.00293934 -0.00761652 -0.00392103 -0.0118441 0.0033391 0.00950214 0.0122615 -0.000186144 0.0133327 0.159081 0.00369115 0.00671051 0.00453243 0.00233744 0.00454208 -0.00610691 0.00799175 -0.00332333 -0.00319117 0.00318367 -0.0123289 0.000151269 0.00567278 -0.00218624 -0.00630796 7.18901e-05 0.0221923 0.00333183 0.00945235 -0.00384921 0.00338102 -0.00753204 -0.011926 -0.0048075 -0.00331841 0.00197353 -0.00430344 0.00245504 -0.000818594 -0.00564215 -0.00675338 0.00401617 0.000635004 -0.00396564 -0.00171615 -0.00375914 -0.00164121 -0.0049753 -0.00156125 -0.00746267 -0.0179254 -0.00144119 0.00606776 -0.00354964 -0.0110899 0.000253497 0.0110455 0.00131434 -0.0116865 -0.00483788 -0.00162851 0.00502039 8.68831e-05 0.00173044 -0.000855196 -0.00750023 -0.00490261 0.00477726 -0.00930787 0.00598949 0.00064205 -0.0116306 -0.0175807 -0.00595761 -0.00218186 -0.00434293 -0.00176286 -0.0082197 -0.00353826 
-0.000879922 -0.00175829 -0.00148906 -0.00297801 -0.00596357 -0.00385716 0.000940005 -0.00697712 0.00321133 -0.000955155 -0.0061603 -0.00448259 0.00436551 -0.0003613 -0.00628873 0.00130518 -0.000356965 -0.00102939 0.000980752 5.51314e-05 -0.0124099 0.000560244 -0.00367253 -0.00224882 -0.00407425 -0.00363306 0.00885077 -0.000575492 0.00537701 0.00196228 0.00369115 0.0909181 -0.00185337 0.00502365 -0.00265913 0.00726283 0.000273382 -0.000922786 7.37657e-05 -0.00349431 -0.000363614 -0.00240773 0.00066046 0.000288459 -5.57797e-05 -0.000340298 8.62263e-05 0.000504621 -0.000792851 0.00597355 -0.00450933 -0.00362815 0.00102638 -0.00148806 0.00411845 0.000178997 0.0115164 2.81597e-05 -0.00125059 0.000629968 -0.00680131 0.00116445 -0.00139655 0.00272813 -0.00495728 -0.00221983 0.00616135 0.00445787 0.0017839 -0.00147425 -0.00453469 0.000518928 -0.00242792 0.00296555 -0.00911059 -0.00151894 0.00276451 -0.000580782 -0.00163245 -0.00365138 -0.00243702 -0.00116207 -0.000344596 -0.000396229 0.00354833 0.00347242 -0.000796071 0.00414862 -0.00623021 -0.00252219 -0.0041833 -0.00726759 -0.00700721 -0.00810797 -0.000173649 -0.00595421 -0.00373553 0.000362868 -0.00635814 -0.0030402 
0.00109349 -0.0019406 -0.00228105 -0.00168445 -0.00061407 -0.00649132 -0.00325779 0.000947673 0.00153037 -0.0136674 0.00206597 -0.00119256 -0.0091019 0.000622445 -0.000669814 0.00450839 -0.00196784 -0.0068178 -0.00374866 -0.00716252 -0.0140375 -0.00491086 -4.71154e-06 -0.00380379 -0.00312767 -0.000317764 -0.00176493 0.000266343 -0.00211034 0.00555197 0.00671051 -0.00185337 0.12412 -0.00294927 -0.00130129 -0.00130109 0.00734428 -0.00159509 1.57374e-05 -0.000494753 -0.00143028 -0.00383743 -0.00631994 -0.000987017 0.00255292 -0.00608736 -0.00374609 0.00223884 -0.000250942 0.00179344 -0.00492911 0.00413034 -0.00924938 -0.00182437 0.00180445 -6.85642e-05 -0.00159878 -0.00125258 0.00157559 -0.00122125 -0.0063821 -0.000434843 -0.00143964 -0.00423285 0.0043004 0.00352977 -0.00331167 -0.00399175 0.00980677 -0.00146798 -0.00436502 0.00491495 0.00401004 0.00641676 0.0034848 0.00157376 -0.00195924 0.0086642 -0.000627264 -0.00585753 -0.00965553 -0.00478765 0.000661927 -0.00324064 -0.000974891 -0.0015814 -0.00166854 -0.00506368 0.00689101 0.00311219 -0.000207657 -0.0039298 -0.00491351 -0.00199059 0.00418534 3.83413e-05 -0.000239596 -0.00450729 -0.00675846 -0.00390065 
0.000630672 -0.00322641 0.00210841 -0.00211376 -0.00359523 -0.00218889 -0.000367165 -0.00436784 0.0018532 -0.00834241 -0.0103132 -0.00770373 -0.00741869 0.0049771 -0.0103533 0.00067567 -0.00387132 -0.00117618 0.00481829 -0.0147526 -0.0130089 -0.00187601 -0.0020699 -0.00283026 0.000440434 0.00149346 0.00200901 0.0054987 0.00922757 0.0115427 0.00453243 0.00502365 -0.00294927 0.105871 -0.00373556 0.0129487 -0.00275361 0.00374283 0.00319487 -0.00104506 0.00643522 0.0046581 -0.00353753 1.6706e-05 0.00376181 -0.000227915 -0.00303168 -0.00187475 0.00446602 -0.00397558 0.0011867 -0.00363649 -0.00414648 -0.00140661 -0.00317378 -0.0043391 0.000466982 0.00334439 -0.00340967 -0.0035186 -0.00676789 -0.000235209 -0.00106138 -0.0044562 -0.00262046 -0.00052039 -0.000888942 -0.00300303 -3.64907e-05 -0.00300035 -0.00399388 0.00127845 -0.00166486 0.00425139 -0.00324073 -0.00432743 -0.000921784 0.00511409 0.000318428 -0.00305192 0.000650708 0.000750969 0.00257423 0.00181916 0.00139775 -0.00143356 -0.00116835 -0.00413605 -0.00288032 0.00763218 -8.75577e-07 -0.00996985 -0.00271234 -0.00571423 -0.00329837 -0.002838 -0.000969703 -0.00197807 -0.00693093 -0.000552527 
