0.153855 -2.12074e-05 -0.00339581 0.00378882 0.00860632 0.00368862 -0.00521738 0.00708892 -0.00188146 0.000399404 0.000484178 0.000412444 0.000627794 -0.00642916 -0.00610106 -0.00647963 -0.00135127 0.0035456 0.00254399 -0.0067761 -0.00628093 0.00928706 -0.0149941 -0.00424193 -0.00389344 0.00241957 -0.00255107 0.0101647 -0.00139815 -0.0135931 -0.00385879 -0.0107887 -0.00380548 0.00256192 -0.00290098 -0.00807024 -0.00107172 0.00096012 -0.00522702 0.000265132 0.0033311 0.00489685 -0.00448864 -0.00645788 -0.00950546 -0.00693346 -0.00419467 0.00142176 0.00204173 0.00328002 0.00722734 -0.00104157 -0.0054907 0.000929591 0.000981396 -0.00634885 1.0984e-05 0.000416563 -0.0106586 -0.00397602 -0.00590153 0.0072611 -0.00438441 0.000354293 0.000106166 0.0140642 0.00615995 0.00431763 0.00554584 0.00275549 0.000440824 -0.00416353 -0.0102392 -0.00898936 -0.00223288 -0.00554658 -0.00299463 -0.00148483 -0.0117298 -0.00293749 -0.00887874 0.000752694 -0.00142996 0.00176634 -0.00665386 -0.00420025 0.0027378 -0.00559217 -0.0128023 0.00200599 -0.00256524 0.00403647 -5.15086e-06 -0.0145637 -0.00436227 -0.00831 0.00806458 -0.00184828 0.0043719 0.0112624 
-2.12074e-05 0.0939049 0.00302785 0.00674714 -0.00134599 -0.0065964 -0.00387345 0.00344472 -0.00652469 0.00222831 -0.00158839 0.0118783 -0.00144258 -0.00435746 -0.00160445 -0.00277527 -0.000825345 -0.00270091 0.00225458 0.000243082 0.00232262 -0.000927831 -0.00658629 -0.00547692 -0.000925327 0.000881425 0.000392527 0.0016679 -0.00192907 -0.00458619 0.00222821 0.00456753 0.00137171 0.00177179 -0.00224623 -0.00153977 -0.00523726 0.00163921 -0.000555143 -0.00368911 -0.000342533 -0.00686995 -0.000202786 -0.00955814 0.00559655 -0.00334616 -0.002518 -2.01253e-06 -0.00124045 0.00213746 -0.00260529 -0.00178658 -0.00255129 -0.00407882 -0.00403063 0.00224467 -0.0012689 -0.00296579 0.00110504 0.00107169 -0.00299764 -0.000745334 -0.00855844 0.00025627 -0.000682619 -0.0066107 0.00134146 -0.00176535 -0.00227971 -0.0064292 0.00190786 0.000330408 -0.00159353 -0.00498363 -0.00383124 0.0029802 0.00247656 0.00325091 -0.00627986 -0.000374928 -0.000777946 -0.00301886 -0.00339075 -0.00145564 3.20518e-05 0.00669028 0.000259298 -0.00152898 -0.00418085 0.00396302 0.00150477 -0.0020243 -0.000979726 -0.00813484 0.000377945 0.00273454 -0.0049126 0.00312124 0.00107818 0.00322699 
-0.00339581 0.00302785 0.0717511 -0.000306967 -0.00248512 -0.000443137 -0.00482614 -0.000411506 -0.00462405 -0.0026474 -0.000155924 -0.00323841 0.0011279 -0.00408639 -0.0033043 -0.00439389 -0.00129065 -0.0035473 -0.00311206 0.00265739 0.00453763 0.00407349 -1.44587e-05 0.00534886 0.00510967 -0.000634104 -0.00152932 -0.0020673 -0.00580522 -0.00879129 -0.000448666 0.00248614 -0.00110256 -0.00770753 -0.000229218 0.0004537 0.0019218 -0.001568 0.00141919 -3.11562e-05 -1.32123e-05 -0.000806046 -0.00180408 0.000713353 0.00221174 -0.0014086 -0.00130676 0.000971392 0.00154716 -0.00221456 0.00156233 -0.00290082 -0.00161847 -0.0045201 0.00229061 -0.00297546 5.79532e-05 0.000106786 -0.0024094 0.000879306 0.00379303 -0.00117454 -0.00357279 3.62264e-05 -0.00103996 -0.00322163 -0.00222449 0.00167219 -3.07299e-05 0.00374195 -0.00411841 -0.00224049 0.00034223 -0.00192228 -0.000350793 -7.44118e-05 0.00155791 -0.000732725 -0.0026387 -0.00193931 -0.000876862 -0.00370361 -0.00259072 -0.00396967 -0.000690086 1.08219e-05 0.000378402 -0.00135308 0.0059353 -0.000138135 0.0018118 -5.89635e-05 0.000585566 -0.00206158 -5.56941e-05 0.000575573 2.03721e-05 0.00394105 -0.0034776 -0.000225122 
0.00378882 0.00674714 -0.000306967 0.110895 0.00105391 0.000758005 -0.00113947 0.0047446 0.00745947 0.00352987 0.00607418 0.00689802 -0.0030505 -0.00185502 0.00191828 0.00727893 -0.0039515 -0.00100591 -0.00207439 -0.00292486 -0.00690951 0.00274638 -0.00966935 -0.00467948 0.00189029 -0.00346085 0.0058217 0.00357485 -0.00563439 -0.00761848 -0.00275797 0.00197954 -0.000501786 0.00438976 -0.00555047 -0.00866202 -0.00761953 0.00169717 0.000789163 -0.00302013 -0.00741339 -0.0052263 -0.00372105 -0.00704849 -0.000265524 -0.00256125 -0.00325517 -0.00100442 0.00129615 -0.00295278 -0.0058434 0.00451084 0.00468174 0.00183896 0.00295663 0.00475485 -0.000123577 0.000209869 -0.00628241 -0.00123535 -0.00340578 -0.00793565 -0.0142474 0.000219214 -0.000155654 -0.00143612 -0.00598707 -0.00614584 0.00238981 -0.00476674 -0.00370684 -0.00126963 -0.00683393 0.00147315 -0.000650524 -0.00102665 -0.00463223 -0.00302797 -0.00103689 0.000310273 -0.00168667 0.00345217 0.000764561 -0.000227619 -0.00117873 -0.00582943 -0.00307149 -0.00266376 0.00323574 -0.00116049 -0.00263832 -0.0027648 0.00208307 -0.0083979 0.00327416 0.00468337 -0.00713352 0.0017153 0.000235136 0.00422296 
0.00860632 -0.00134599 -0.00248512 0.00105391 0.114576 0.00322382 0.00282944 0.0054765 0.00467392 0.0021106 -0.000206793 0.00606662 -0.00100332 -0.00487508 -0.000796786 0.00539396 -0.00429597 -0.00458235 0.00164183 0.000708463 -0.00575109 -0.00274392 -0.00949545 -0.00303332 -0.00334705 0.00213633 0.0116601 -0.00588497 -0.00642572 -0.00243235 -0.00203022 -0.00576658 0.00143877 -0.00535232 -0.00302431 -0.00251585 -0.00278321 -0.00500007 0.0048933 -0.00152888 0.00563975 -0.00135989 -0.00374153 0.00493203 -0.00569652 0.00161681 -0.00164697 0.00045154 -0.00420688 -0.00287486 0.00316995 -0.00690333 -0.00972118 -0.000106153 0.00929605 -0.000324933 -0.00286616 -0.00415089 0.00259252 -0.00320415 -0.00290425 0.00109787 -0.00789066 -0.00125527 -0.00183009 0.00110751 -0.00402484 -0.000688556 -0.00244372 -0.00551279 -0.00478059 -0.00511344 0.00363392 -0.00480306 0.00502351 -0.00740211 -0.00328552 -0.000246898 -0.00309046 -0.00128002 -0.00986435 -0.00772873 0.00180331 0.000167169 -0.0039794 0.00158689 0.00027921 -0.00277741 0.00504447 -0.000583658 0.00161568 -0.00490453 -0.00321197 0.0050967 -0.00441574 0.010122 -0.00237412 -0.00239726 -0.00308696 -0.00538044 
0.00368862 -0.0065964 -0.000443137 0.000758005 0.00322382 0.134477 -0.00218384 -0.00261728 0.00553555 -0.0100142 0.00272011 -0.00968733 -0.00570088 0.00443893 -0.00765644 0.00404781 0.000433676 0.00234282 0.00379576 -0.00447512 -0.00690835 -0.00358753 -0.00829394 -0.0074173 -0.00795175 0.000800385 0.00423121 0.00129633 0.00849999 0.00183091 -0.00293956 -0.00250752 0.00040383 -0.0159542 0.00243593 0.00380633 0.000469861 -0.0018291 -0.00428784 -0.00988465 0.00627375 -0.0109561 0.00369366 -0.00329589 -0.00581732 -0.00535846 -0.00306004 -0.00145966 0.0131988 -0.00102325 -0.00511276 -0.000748075 0.00745059 -0.00304429 0.00157386 -0.00700058 -0.00248663 0.00323627 -0.00667104 -0.00342419 -0.00792861 -0.00615017 -0.00213201 0.00180178 0.00230311 0.0124866 -0.00516177 -0.00611309 0.00421639 0.0067074 -0.00711444 0.00229524 0.00699989 0.000602608 -0.00200376 0.00595345 -0.00639915 -0.00481645 0.00151184 -0.00263287 -0.00828387 0.0162247 0.00633762 -0.000310833 0.00136161 -0.0122371 -0.00273709 -0.00319049 -0.012474 0.00104564 -0.00194761 -0.00551036 -0.00351368 0.000923556 -0.00518406 -0.00895902 0.00455086 0.00291152 -0.000515522 -0.00718674 
-0.00521738 -0.00387345 -0.00482614 -0.00113947 0.00282944 -0.00218384 0.129074 0.00187267 0.0154667 0.0122697 0.00116704 -0.00192956 -0.00483756 0.000837307 -0.00519977 0.00181628 -0.00026525 -0.0055134 -0.00702817 -0.00021874 -0.0144334 -0.00255968 0.00742102 -0.00570576 0.00428463 0.00112232 0.010998 0.00469563 -0.00350535 0.00527649 0.00517273 -0.00119113 -0.000646392 0.00348014 -0.00655164 -0.00157744 -0.00132107 -0.00158166 -0.000920603 -0.00267955 -0.0103045 -0.00165057 0.00360847 0.0111693 -0.00199441 -0.00563161 -9.75939e-05 0.000250071 -0.00266409 0.000860941 -0.00123407 -0.00104086 -0.00727935 -0.000730178 -0.00293483 0.00365827 -0.00233697 -0.00270453 -0.00028727 -0.00198258 -0.00515231 -0.00199928 -0.00713162 0.00110971 -0.00117517 0.00809508 4.33592e-06 -0.000860658 -0.00190169 0.00380821 0.00682358 0.00244178 -0.00490356 -0.00194334 0.00258736 -0.00530775 -0.00628444 0.00230259 -0.00128323 -0.00782237 -0.00582093 -0.00301893 0.00624122 -0.00235064 0.000164683 -0.00160917 -0.00536263 -0.00372996 -0.00440993 -0.0059712 -0.00599755 -0.00853582 -0.00149209 -0.00492325 -0.00735558 -0.00793281 -0.00314072 -0.00164697 -0.00611955 -0.00794691 
0.00708892 0.00344472 -0.000411506 0.0047446 0.0054765 -0.00261728 0.00187267 0.116199 0.00518283 0.00100971 0.00382382 0.00565307 -0.000128006 -0.00284327 -0.00419645 0.00120007 -0.00713487 -0.00822741 -0.00544612 -0.00637118 0.000357356 0.00128186 -0.00245621 0.000975104 0.00471142 0.00874306 0.00351137 -0.000185622 -0.00984516 -0.00904665 0.000659395 -0.00274782 -0.00235355 -0.00488389 -0.00274431 -0.00369432 -0.00220355 0.000802104 0.00195267 0.00901061 -0.00109158 -0.00820303 -0.00509354 -0.00674799 -0.00298652 -0.00322316 -0.00366014 -0.00129768 -0.00301507 -0.00028596 0.00384997 -0.00369556 -0.00556793 0.000967263 -0.00187546 0.00269793 0.000721122 -0.00225755 -0.00608594 -0.00244905 0.000419116 -0.00210109 -0.00198548 0.000318486 -0.00136206 -0.00738552 -0.00473479 0.000284733 -0.00405379 -0.00476308 -0.00614865 -0.00257862 -0.00860065 -0.0009817 0.00187071 -0.00159028 -0.00101931 -0.00124949 -0.00308219 -0.00224972 -0.00207455 -0.000675872 -0.00208504 -0.00407582 -0.00433566 0.0057972 0.00491113 -0.00503427 0.00755512 -0.00115756 0.00249273 -0.00228458 -0.00226557 -0.0081455 0.00578037 -0.00167021 0.000670844 -0.00287341 -0.0031375 0.0027381 
-0.00188146 -0.00652469 -0.00462405 0.00745947 0.00467392 0.00553555 0.0154667 0.00518283 0.130138 -0.000706092 0.00103134 -0.00326683 -0.000176644 0.00348888 -0.00676417 0.00412361 -0.00247951 -0.00622926 0.00102236 -0.00524873 -0.00465829 9.90134e-05 0.00112506 -0.00385018 -0.0112251 -0.00558215 -0.0022608 -0.000952659 -0.00972306 -0.00152235 -0.00179765 -0.0057974 -0.00138202 0.00889156 -0.00468765 -5.39373e-05 -0.0101414 -0.00696336 -0.00450504 0.00566307 -0.0101797 0.00113942 -0.000255339 -0.00720383 -0.000321287 -0.00207798 -0.0022427 -0.00131524 -0.000661677 -0.00378924 -0.00218536 -0.00010074 -0.000427052 0.00870727 0.00752715 -0.00665469 -0.00245011 -0.000800842 0.00580851 -0.00413095 0.000767288 -0.00552935 0.00124804 -0.000131726 -0.00112142 0.00449687 -0.0036537 -0.00552346 -0.00192951 0.00312009 -0.00467168 -0.00498324 0.00518939 0.00823996 -0.00455562 -0.00274881 -0.00699886 -0.00212079 -0.00447281 -0.00415923 -0.0101096 -0.00225301 0.00236362 0.00235896 -0.00260617 -0.00156187 -0.00188463 0.000303449 -0.000228241 -0.00584613 0.00366979 -0.00315785 -0.00452626 -0.00370977 -0.00326201 0.00273722 -0.00206382 -0.00361211 0.00203848 0.00160544 
0.000399404 0.00222831 -0.0026474 0.00352987 0.0021106 -0.0100142 0.0122697 0.00100971 -0.000706092 0.147788 0.00320135 0.00227288 -0.00505115 -0.00388398 -0.0041847 -0.0149234 -0.00312843 -0.00665617 -0.000253409 0.000442446 -0.0148561 -0.00336724 0.00181914 -0.0061799 -0.00622612 -0.0141315 -0.00554103 -0.00464337 -0.00264699 -0.00510116 0.00193893 -0.0030808 -0.00347035 0.00464088 -0.00507759 -0.00512776 -0.00127224 0.000288715 -0.00328018 -0.00713401 0.00193625 0.00851433 0.0107711 0.00780774 -0.00272464 0.00429853 -0.00403672 0.00100319 -0.00681651 0.00124308 -0.00603795 0.000613494 -0.0039207 0.00486866 0.00531197 0.00540399 -0.000723546 -0.00548696 0.000515148 0.00198181 -0.00637449 -0.00047656 -0.0154998 -0.00235068 -0.00199467 0.00103019 -0.00216228 0.00163267 -0.00136903 -0.00849946 -0.000997237 0.00895946 -0.00548278 -0.0073251 -0.00561084 -0.00164217 0.00354684 -0.00244711 0.00237093 0.00043526 -0.00368851 -0.00666798 0.0101564 0.0145466 -0.00292678 0.00301225 -0.00215273 -0.00042827 0.000796787 -0.00187975 0.00117204 -0.0056189 -0.00297199 -0.00283375 -0.00414841 0.00212862 -0.00677583 -0.00360144 -0.00444768 -0.00529071 
0.000484178 -0.00158839 -0.000155924 0.00607418 -0.000206793 0.00272011 0.00116704 0.00382382 0.00103134 0.00320135 0.100093 0.00719003 0.00167969 0.00646427 0.0042663 0.00896373 -0.00225476 -0.00223882 -6.51377e-05 -0.00893675 -0.00335389 -0.0010106 0.000749344 0.00141007 0.0070488 0.00277832 0.00530594 -0.00636303 -0.00382367 -0.00550645 0.00476352 0.000491848 -0.00161553 -0.00523681 -0.00567052 -0.00126671 -0.00302093 -0.000514024 -0.0011876 -0.00304264 0.00575923 -0.00195803 -0.00332184 -0.00370742 -0.00086397 0.00738223 0.00041186 -0.00140972 -0.00198945 -0.000377393 -0.00359761 -0.00495183 -0.00570927 -0.00402688 -0.00203156 0.00227571 -0.00165158 -0.00576561 -0.00118258 -0.000270305 -0.00169024 0.00260349 -0.00674773 -0.000139368 -0.000707198 0.00102818 -0.0035123 -0.00560192 -0.00155781 0.00699238 0.000217948 -0.00290586 -0.0108338 -0.00569138 -0.0030968 5.09857e-05 -0.00502617 0.00146211 0.000654458 9.77704e-06 -0.00355356 -0.00364963 -0.00171169 -0.00636938 -0.00558576 0.00950541 -0.00026176 -0.00712969 -0.00756438 -0.00113554 -0.00533171 -0.000642077 -0.00082512 -0.00414428 -0.00149434 -0.000690112 -0.00141949 -0.00325073 -0.000623655 -0.00529316 
0.000412444 0.0118783 -0.00323841 0.00689802 0.00606662 -0.00968733 -0.00192956 0.00565307 -0.00326683 0.00227288 0.00719003 0.153206 0.00121006 0.00417343 0.00499527 0.0152412 -0.00323512 -0.00163034 -0.00063218 -0.00422157 -0.0114068 -0.000909918 -0.0133729 0.00357632 -0.00552447 -0.0035299 0.0105887 0.000490181 -0.00878775 -0.0111348 -0.00664954 -0.0152132 -0.00024732 2.21939e-05 0.0012187 -0.000588413 -0.00493574 0.00679177 -0.00418055 -0.00184344 0.00355267 -0.0088194 -0.00517482 -0.00543813 0.00358285 -0.00308584 -0.00199875 -0.00297164 -0.00923003 -0.00194639 -0.00370328 -0.00608586 -0.0142041 -0.00779016 -0.00464402 0.00262315 0.000807672 -0.00891607 -0.00471816 -0.00151128 -0.00423721 -0.000930946 -0.0022113 -0.000901193 -0.00241824 -0.00908329 0.00432866 -0.00415115 -0.00460253 0.00116962 -0.00033346 0.00453181 -0.0118472 0.00253975 0.00444158 -0.000310514 0.002645 0.00154928 -0.00815378 0.00747065 -0.0118012 -0.00177585 -0.00916322 -0.00529638 -0.00162816 0.00255283 -0.00698812 0.000609429 0.00505395 0.00229093 0.00181918 -0.00243885 0.0055821 -0.00890144 -0.0119273 0.00623631 -0.000554854 -0.00564254 0.00317976 0.0132502 
0.000627794 -0.00144258 0.0011279 -0.0030505 -0.00100332 -0.00570088 -0.00483756 -0.000128006 -0.000176644 -0.00505115 0.00167969 0.00121006 0.113111 0.00125278 0.00218043 -0.0061517 -0.0060142 -0.00587167 -0.009884 -0.00865794 -0.00518302 -0.00115983 0.0109147 -0.00466184 0.000903397 -0.0046581 -0.00105943 -0.00593664 -0.00600325 0.000184506 -0.000400345 -0.00475925 -0.00109021 0.00248511 0.00409511 -0.00215768 0.00189541 -0.00249529 -0.00383185 0.00914409 -0.00538816 -0.000361368 -0.005375 -0.00280794 -0.000889448 0.00410723 0.000407392 -0.00128722 0.000844831 -0.00247806 0.00753174 -0.000934998 -0.00412582 -2.48492e-05 -0.00203622 0.00423939 -0.00292398 0.00279841 -0.00575024 -0.00205485 -0.00351979 -0.00359045 -0.000892284 0.0013704 -0.000249693 -0.00390767 -0.00160775 0.000696412 -0.00371816 -0.00664484 -0.00368493 -0.00407785 -0.00387939 -0.00308015 -0.00502424 0.000205238 -0.000800199 -0.00174058 0.00414448 -0.00126981 -0.00633171 -0.00654646 0.00392375 -0.000390981 -0.000814646 0.00180414 0.0075282 0.0058548 0.00226634 0.000488139 0.00120461 0.00553257 -0.00220744 0.00400141 0.000335082 -0.000654842 0.000225108 0.000454566 -0.00328279 -0.00505445 
-0.00642916 -0.00435746 -0.00408639 -0.00185502 -0.00487508 0.00443893 0.000837307 -0.00284327 0.00348888 -0.00388398 0.00646427 0.00417343 0.00125278 0.107049 0.0106082 0.0104667 0.00363118 0.00499963 0.00544233 0.000632382 -0.00816603 -0.00268163 -0.00694843 -0.0038147 -0.00427427 0.0013565 0.000730554 0.00447174 0.00152499 -0.00053206 -0.00207598 -0.00834094 -0.00335814 -0.00858505 0.00254721 0.00281092 -0.00108655 -0.00282026 -0.00258427 -0.0026367 0.00239107 -0.00724832 -0.00558468 -0.0037371 -0.00264235 -0.00080777 0.00114338 0.000512848 -0.000464211 0.00160796 -0.00454554 -0.00161988 0.00147598 -0.0013934 -0.00777332 -0.00639919 -0.00264171 -0.000616542 -0.00374744 0.00394263 -0.00132143 -0.00394827 0.00445788 -7.37786e-05 0.00099239 -0.0018146 -0.00146276 0.000758293 -0.000676712 0.0043059 -0.00371394 -0.00266469 -0.0043038 0.00375736 -0.000297007 -0.00618841 -0.00524089 0.00161899 -0.00406279 -0.00160182 -0.00557094 0.00991748 -0.000801487 -0.00503323 -0.00177268 0.00240515 -0.0024183 -0.0020675 -0.00340217 -0.00241627 -0.00187096 -0.00153689 -0.000463613 0.00443566 -0.00222479 -0.00800423 -0.000824753 -0.00355167 0.000428455 -0.00629157 
-0.00610106 -0.00160445 -0.0033043 0.00191828 -0.000796786 -0.00765644 -0.00519977 -0.00419645 -0.00676417 -0.0041847 0.0042663 0.00499527 0.00218043 0.0106082 0.120957 0.00273518 0.0020049 0.00250787 -0.00303557 0.0110273 -0.00302392 -0.00123577 -0.00496191 0.0157919 0.00730825 -0.00277167 0.0100293 -0.00610167 -0.00180875 -0.00424929 -0.00164183 -0.00730222 -0.00485332 0.00448592 0.000847904 -0.00667644 0.000644436 -0.00194243 -0.00219779 -0.00532722 0.0159596 0.00476057 -0.00774911 -0.010712 -0.00562942 0.00779902 0.00699258 0.00253387 -0.000460384 -0.0045433 -0.00112555 -0.00468408 -0.000376469 -0.00196206 -0.00139557 0.00641325 0.000280883 -0.00218863 -0.0043518 0.00538473 -0.00103033 -0.00212032 -0.00406935 -0.00128358 -0.000920896 -0.0110509 0.000665082 -0.00541814 -0.000843365 -0.000712109 0.0036655 -0.00710589 -0.0109059 0.0171361 0.00480251 0.000776014 0.00590825 -0.00337973 -0.00886756 0.000280433 -0.00301477 0.00351281 -0.00929521 -0.00715454 -0.000261891 -0.00557529 -0.00396074 -0.00630629 0.000766373 -0.00592011 -0.00309606 -0.000824 -0.00263077 -0.0054798 -0.0127075 -0.00894087 -8.46796e-05 -0.00216773 -0.00284001 -0.00986114 
-0.00647963 -0.00277527 -0.00439389 0.00727893 0.00539396 0.00404781 0.00181628 0.00120007 0.00412361 -0.0149234 0.00896373 0.0152412 -0.0061517 0.0104667 0.00273518 0.155567 0.00479041 0.00910086 0.00413851 -0.00449211 -0.00386804 -0.00107378 -0.00978403 -0.00129388 -0.004011 -0.0110391 0.0073536 0.00116926 -0.00496216 -0.00161151 -0.00371645 0.00252986 -0.00262519 -0.00534626 -0.00439481 -0.00510398 -0.00875955 -0.0018332 0.000252092 -0.00256652 0.000907566 -0.00507919 -0.00109489 -0.00792628 -0.00196013 -0.00915523 0.00360705 -0.00274184 0.00288052 -0.000787033 -0.00871075 -0.0105193 -0.00385925 -0.0122656 0.00354453 -0.00453168 -0.00343488 -0.00199954 0.000504169 -0.00329115 -0.00153655 -0.00378337 0.00106987 -0.00111733 -0.00159238 0.00543588 -0.00593255 -0.00789353 -0.00379805 -0.00447305 -0.00155147 0.000405906 0.000441239 0.0119037 0.00337952 -0.000929411 -0.00731128 0.00290077 -0.0122341 -0.00273478 -0.0103243 0.00142045 0.00583786 -0.004289 -0.00487905 -0.0127045 -0.00524256 -0.00758529 -0.0124141 -0.00192753 0.00450604 -0.00380302 -0.00492323 0.00618351 0.00659661 0.00250664 -0.00152035 -0.00561395 -0.000229575 0.00870614 
-0.00135127 -0.000825345 -0.00129065 -0.0039515 -0.00429597 0.000433676 -0.00026525 -0.00713487 -0.00247951 -0.00312843 -0.00225476 -0.00323512 -0.0060142 0.00363118 0.0020049 0.00479041 0.110674 0.0122662 0.0160495 0.00493905 0.00681673 -0.00163675 -0.0127781 -0.000743343 -0.010473 -0.00466121 -0.00177907 -0.004539 0.00596298 -0.00525541 0.000922407 0.00299461 -0.00176244 -0.00795905 0.00560754 0.000570331 0.00152616 -0.0023839 -0.0018862 -0.00339471 -0.00399157 0.000166863 0.00460154 -0.00168298 0.00423849 -0.00471371 -0.000166695 -0.00127778 -0.00294173 -0.00074282 -0.00476207 -0.00177498 -0.0026311 -0.0042567 -0.00572006 -0.00819228 -0.00214042 -0.00294735 -0.00119571 -0.000761564 -0.00387602 -0.00496797 0.00632771 0.00109327 -0.000515076 0.00578299 -0.00427879 0.000225093 -0.00379677 0.00928729 -0.00220413 -0.000685133 -0.00339531 -0.00515746 -0.000446751 0.0027743 0.00124077 0.00510807 -0.00741285 -0.00608743 0.00329817 -0.00140611 0.00186748 0.00225742 -0.00299627 -0.00145641 -0.00385944 -0.00365327 -0.0179557 -0.00134668 -0.000705095 -0.00436547 -0.00116433 -0.00297684 -0.0109866 0.00362571 0.0102357 -0.00376575 0.00200999 0.00150943 
0.0035456 -0.00270091 -0.0035473 -0.00100591 -0.00458235 0.00234282 -0.0055134 -0.00822741 -0.00622926 -0.00665617 -0.00223882 -0.00163034 -0.00587167 0.00499963 0.00250787 0.00910086 0.0122662 0.142734 0.00319173 0.00703501 0.00773533 0.000307264 -0.0139968 -0.00459266 0.00163459 -0.0050628 -0.00081158 -0.0040114 0.00244706 -0.0118231 -0.00348602 0.00316429 -0.00236122 0.000565188 0.000835352 0.00107118 0.00516815 -0.0035758 -0.00399355 -0.00191291 -1.4644e-05 -0.0023333 -0.00277366 -0.0030539 0.000642409 -0.00643843 0.000190894 -1.56966e-06 -0.001676 -4.64215e-05 -0.00262297 0.00124035 -0.0067401 -0.00776983 -0.00444315 -0.00689611 -0.00306332 0.00244558 0.00510097 -0.00152649 -0.00217548 -0.00164379 -0.000356746 0.00161118 -0.000638762 0.00864565 -0.001227 -0.00042389 -0.00222819 0.00254846 -0.00413413 0.000626541 -0.00949382 -0.00755627 -0.00212072 -0.00404333 -0.00946909 -0.00154263 -0.0102879 -0.00416098 0.00122067 0.00218109 -0.00293267 -0.00334806 0.00118082 -0.00687389 -0.00530336 -0.00246282 0.000192414 -0.00177448 -0.0046673 -0.00525362 -0.00222964 0.000484121 -0.000849027 -0.00131082 0.00956605 -0.0034567 0.00598124 0.000685387 
0.00254399 0.00225458 -0.00311206 -0.00207439 0.00164183 0.00379576 -0.00702817 -0.00544612 0.00102236 -0.000253409 -6.51377e-05 -0.00063218 -0.009884 0.00544233 -0.00303557 0.00413851 0.0160495 0.00319173 0.167315 -0.00277592 0.00520415 0.00205303 -0.000374953 -0.00960642 -0.00431798 -0.00431374 -0.00579933 0.0103741 0.0120203 -0.00642259 -2.78643e-05 0.00327288 -6.58766e-05 -0.0147917 -0.00122297 -0.00147656 -0.00470113 -0.00127469 -0.00848336 -0.00974978 0.00802745 0.00615656 0.0106848 -0.00738196 -0.00209242 -0.00567913 -0.00255483 -0.00443489 -0.0064611 -0.00245051 -0.00815225 -0.00999275 -0.00712507 -0.0077432 -0.00693745 0.00100109 0.00773375 -0.0136945 -0.000633239 -0.00142612 -0.00753816 -0.00248455 -0.00455931 -0.000922689 -0.00186901 0.00258749 -0.00615054 -0.00106171 -0.00650876 -0.00388695 -0.00446606 0.00167666 0.005384 -0.012229 -0.00648407 0.00331289 0.0099132 0.00432583 -0.0155899 -0.00502293 0.0130078 -0.00344458 0.0040692 -0.00495743 -0.00907024 0.000757877 -0.0034131 -0.00538365 -0.020243 0.00313292 -0.00371449 -9.66085e-05 0.000531651 -0.00179158 -0.00866763 0.00459471 -0.00162847 0.00511163 -0.000184867 0.00273559 
-0.0067761 0.000243082 0.00265739 -0.00292486 0.000708463 -0.00447512 -0.00021874 -0.00637118 -0.00524873 0.000442446 -0.00893675 -0.00422157 -0.00865794 0.000632382 0.0110273 -0.00449211 0.00493905 0.00703501 -0.00277592 0.19651 0.0165724 0.00120287 0.000811531 0.0171142 0.0155748 -0.00209516 -0.0093258 -0.0124353 -0.00163948 -0.00491261 -0.0102461 -0.0148034 -0.00269327 -0.000441334 0.00238444 -0.0067066 0.00374207 -0.00249363 -0.00124201 2.37158e-05 -0.00348308 0.00528411 -0.000275663 -0.0142331 -0.00696036 -0.00173716 -0.000813796 -0.00250769 -0.00879133 -0.00458877 -0.00609163 -0.00865512 -0.018436 -0.00634845 -0.00317205 -0.00425657 0.00279007 -0.00593192 -0.00491312 0.00655725 -0.00523225 -0.00899563 0.0118141 -0.00324824 -0.00576903 -0.0161632 0.00328898 0.00899052 -0.0046416 -0.00112973 -0.00856539 -0.00459897 0.00829392 0.00745735 -0.0046553 -0.0109902 0.00467486 -0.00345969 -0.00769692 -0.0050749 0.00908648 -0.013379 -0.00843347 -0.00404557 0.00584694 0.0218174 -0.00465851 -0.00974982 0.014487 -0.000253887 0.0017117 -0.00680147 0.00462431 -0.00584562 -0.00714642 -0.00469184 -0.00540226 0.00333653 -0.0094463 -0.0062779 
-0.00628093 0.00232262 0.00453763 -0.00690951 -0.00575109 -0.00690835 -0.0144334 0.000357356 -0.00465829 -0.0148561 -0.00335389 -0.0114068 -0.00518302 -0.00816603 -0.00302392 -0.00386804 0.00681673 0.00773533 0.00520415 0.0165724 0.158203 0.0132846 0.00521458 0.0121525 3.58703e-05 0.0265003 -0.00726463 -0.0125306 0.00780389 -0.00644613 -1.95868e-05 0.00996333 0.00354634 -0.00532516 -0.00290706 0.00728199 0.00122826 -0.00540469 0.0011322 -0.00712761 -0.000606425 0.00161931 -0.00603304 -0.018304 0.002486 -0.00388947 0.000246448 -0.00585392 -0.00891371 -0.00196334 -0.00270639 -0.00138944 -0.00846107 0.00352702 -0.016894 -0.00253009 0.00148375 -0.00827513 0.000867862 0.00228167 0.00549813 -0.00560641 0.0121693 -0.00076997 -0.00114874 -0.00744146 0.00303116 0.00103013 -0.00164379 0.00320165 -0.00664156 -0.00856469 0.00160824 0.00731927 -0.00153412 -0.00597534 0.00257374 0.00136377 -0.0230808 -0.00323792 0.0104 -0.01366 -0.0150349 -0.010167 -0.00324937 0.0114968 -3.47369e-06 -0.0066277 -0.00797049 -0.000322855 0.004619 2.89252e-06 -0.000879297 -0.00328875 -0.00288918 0.00344908 -0.000964127 -0.000480577 -0.0045973 -0.00674405 
0.00928706 -0.000927831 0.00407349 0.00274638 -0.00274392 -0.00358753 -0.00255968 0.00128186 9.90134e-05 -0.00336724 -0.0010106 -0.000909918 -0.00115983 -0.00268163 -0.00123577 -0.00107378 -0.00163675 0.000307264 0.00205303 0.00120287 0.0132846 0.0964375 0.0054868 -0.00134625 -0.0020607 0.00286578 -0.00551407 -7.34092e-06 0.00168972 -0.00554142 0.00342414 -0.00275582 -0.00189843 -0.00561695 -0.00406918 -0.000520954 0.000851637 -0.0023591 -0.00403676 -0.00364484 -0.00413217 -0.00287651 -0.00305367 -0.00480116 0.000487888 -0.000190152 0.000800533 -0.00180289 -0.000148228 0.00149938 -0.000332428 -0.00109458 -0.00617277 0.00293906 -0.00698414 -0.00255328 0.00199859 -0.00329444 -0.000973889 -0.000648854 0.000448424 0.000718897 -0.000189108 -0.00155207 0.000992144 0.00326943 0.0050036 0.00191457 0.0026459 0.0123061 -0.000662882 -0.00374219 -0.00133892 -0.000299215 0.00150888 -0.00778135 0.00185608 -0.00150951 -0.00336957 -0.000497193 -0.000443449 -0.00901509 -0.00857037 -0.000651323 -0.0049572 0.00136092 -5.59129e-06 -0.00338746 -0.0166594 -0.00255333 -0.000921789 0.000704373 0.00247661 -0.0023005 0.00123592 -0.00437699 -0.00110609 -0.00555592 -0.0007678 -0.00571876 
-0.0149941 -0.00658629 -1.44587e-05 -0.00966935 -0.00949545 -0.00829394 0.00742102 -0.00245621 0.00112506 0.00181914 0.000749344 -0.0133729 0.0109147 -0.00694843 -0.00496191 -0.00978403 -0.0127781 -0.0139968 -0.000374953 0.000811531 0.00521458 0.0054868 0.192924 -0.0150588 0.0133632 0.00876535 -0.0196904 0.00634328 -0.00177204 0.00879539 0.00379512 0.00940642 0.000805059 -0.00928963 -0.00918564 -0.00498864 -0.00954634 0.0031638 -0.0052894 -0.0157702 -0.0309695 0.00404532 -0.0047174 0.00543897 -0.00187844 0.00496865 0.000600679 -0.00584669 -0.00342642 0.00465013 0.00203228 -0.00298331 -0.0134499 0.00179148 -0.0164543 0.0125492 -0.00261765 0.00230693 -0.00801939 9.22848e-05 0.00394072 0.00238434 0.00919628 -0.00386381 -0.00357902 -0.00829411 0.00387257 -0.00201852 -0.0017214 -0.0110395 0.0140254 0.00399487 0.0168096 -0.00730122 -0.00588713 -0.00692754 0.0002844 -0.00380682 -0.00193181 -0.00207992 0.000827891 -0.027955 0.00572203 -0.00448543 0.00764802 0.00839033 -0.000252641 -0.00607854 0.0010108 -0.00360288 -0.00367824 -0.00406551 -0.00106666 0.0107153 0.0157409 0.000699497 -0.003626 0.00138762 -0.00845 -0.00963742 
-0.00424193 -0.00547692 0.00534886 -0.00467948 -0.00303332 -0.0074173 -0.00570576 0.000975104 -0.00385018 -0.0061799 0.00141007 0.00357632 -0.00466184 -0.0038147 0.0157919 -0.00129388 -0.000743343 -0.00459266 -0.00960642 0.0171142 0.0121525 -0.00134625 -0.0150588 0.151526 0.0271304 0.00188577 0.00653659 -0.0111901 -0.00701751 -0.00388444 0.000675002 -0.00740423 -0.00147423 0.00718805 0.00400013 -0.00836753 0.00342348 -0.00158068 -0.000367458 -0.00300796 0.00356874 0.000805663 -0.00758139 -0.0138327 0.00162394 0.00313576 0.00644241 -0.00234268 -0.00317088 -0.00380188 0.00455442 -0.00718472 -0.00351958 -0.000476629 0.015517 5.17172e-05 0.00487418 -0.00618666 -0.00494731 0.00135309 -0.00424725 -0.00800506 -0.00623664 0.00060715 -0.00234023 -0.0131121 -0.00156119 -0.00512677 -0.00735886 -0.00425262 -0.00162233 -0.00397411 -0.0128475 0.00876443 -0.00112704 0.00333864 0.00701221 -0.00208333 -0.0176769 -7.5864e-05 0.00889151 -0.0123663 -0.0148181 -0.00769275 -0.000998452 0.00444891 -0.00607689 -0.00233185 0.00674769 -0.00557522 -0.00312016 0.00555696 -0.0018718 -1.15405e-06 -0.00154208 0.00211487 -0.00360592 -0.00235158 -0.00424399 -0.0108583 
-0.00389344 -0.000925327 0.00510967 0.00189029 -0.00334705 -0.00795175 0.00428463 0.00471142 -0.0112251 -0.00622612 0.0070488 -0.00552447 0.000903397 -0.00427427 0.00730825 -0.004011 -0.010473 0.00163459 -0.00431798 0.0155748 3.58703e-05 -0.0020607 0.0133632 0.0271304 0.18869 0.00202586 0.00772632 0.000240774 -0.00698442 -0.00350347 0.00689216 -0.00471403 0.00320715 -0.00038256 -0.00749676 -0.0139325 -0.00327148 -0.00513844 0.00129751 -0.0101512 -0.00776528 0.00553625 -0.0113568 -0.0109716 -0.00328942 0.00187408 -0.00101765 0.000523282 -0.00929921 -0.00443428 0.00436765 -0.011799 -0.016826 -0.00934614 0.00498353 0.00568941 0.00130134 0.00258573 -0.0149706 -0.0012367 -0.006817 0.00010723 -0.0104239 -0.00417453 -0.00289124 -0.0121518 -0.00547412 -0.00487017 -0.00320879 -0.0155796 0.00637512 -0.00201777 -0.0107567 -0.010269 0.00191996 -0.0104882 0.00189991 -0.00624472 -0.00271437 -0.00270224 0.00758806 0.00136829 -0.00627662 -0.00656519 -0.00909895 0.0101142 -0.00645029 -0.011841 0.0268773 -0.00274907 0.0029002 0.00719845 -0.00219164 0.00362192 0.00296375 0.00192412 -0.00522959 0.00568514 -0.0107746 -0.0124013 
0.00241957 0.000881425 -0.000634104 -0.00346085 0.00213633 0.000800385 0.00112232 0.00874306 -0.00558215 -0.0141315 0.00277832 -0.0035299 -0.0046581 0.0013565 -0.00277167 -0.0110391 -0.00466121 -0.0050628 -0.00431374 -0.00209516 0.0265003 0.00286578 0.00876535 0.00188577 0.00202586 0.145479 -0.00521046 0.00290972 -0.00394035 -0.0010404 0.00556334 -0.00749108 0.00317078 -0.0128083 -0.00112219 0.000875739 -0.00183696 -0.00585767 0.00672889 -0.0094867 0.00788472 -0.00739118 -0.00421696 0.000582113 0.00234893 -0.00259302 -0.00383373 -0.00267666 -0.00267278 0.000471344 -0.00708371 -0.00440052 -0.00787957 -0.000192432 -0.00755732 0.00260232 -0.00153097 -0.00229138 0.00629151 0.00497333 -0.00115154 0.00600675 0.00575842 -0.00143621 0.0010759 -0.00981067 0.00510397 -0.00731993 -0.00231767 0.00796602 -0.00243355 -0.0039149 -0.00778915 0.0030344 0.00522225 0.00279469 -0.0157469 -0.00218324 -0.0142533 -0.00445946 0.0155045 -0.00622003 -0.00231241 -0.00861811 -0.00181292 0.000449117 -0.00188775 -0.00331947 -0.000988465 0.00189034 -0.00610189 0.00171066 -5.47031e-05 -0.014989 0.00862458 -0.0122725 -4.81564e-06 -0.00141927 -0.00637817 -0.0130539 
-0.00255107 0.000392527 -0.00152932 0.0058217 0.0116601 0.00423121 0.010998 0.00351137 -0.0022608 -0.00554103 0.00530594 0.0105887 -0.00105943 0.000730554 0.0100293 0.0073536 -0.00177907 -0.00081158 -0.00579933 -0.0093258 -0.00726463 -0.00551407 -0.0196904 0.00653659 0.00772632 -0.00521046 0.155446 -0.00521568 -0.00703692 0.00087635 0.00209862 -0.0071841 -0.00522858 0.0117444 0.00395501 -0.0116932 -0.00655602 -0.00125973 0.00526055 -0.00827688 0.00982998 -0.00121149 -0.00667416 -0.000665374 -0.00592118 -0.000594069 -0.00229777 -0.00160152 -0.00847546 -0.00652219 -0.00234012 -0.00527132 -0.00448098 -0.00124886 0.0111026 0.00332538 -0.0027156 -0.00201392 -0.00540311 -2.95223e-05 -0.00714352 -0.000807602 -0.0167086 0.000371 -0.00149427 -0.00524558 -0.00138025 -0.00773942 -0.00210742 -0.0122778 0.00152559 -0.00149408 -0.00154229 0.00453252 0.00117003 0.00172911 -0.00304609 -0.00360054 0.00607196 0.0051574 -0.00426278 -0.00835925 0.00238787 -0.00847394 -0.00335094 -0.00676256 -0.00400269 -0.0063432 0.0083785 -0.0011784 -0.00650077 0.00030729 0.000967143 -0.00541351 -0.0199161 0.00346393 0.00146797 0.00497993 -0.00288189 -0.0107464 
0.0101647 0.0016679 -0.0020673 0.00357485 -0.00588497 0.00129633 0.00469563 -0.000185622 -0.000952659 -0.00464337 -0.00636303 0.000490181 -0.00593664 0.00447174 -0.00610167 0.00116926 -0.004539 -0.0040114 0.0103741 -0.0124353 -0.0125306 -7.34092e-06 0.00634328 -0.0111901 0.000240774 0.00290972 -0.00521568 0.138963 -0.00215548 -0.00689084 -0.00200709 0.0156729 0.00473708 -0.000397052 -0.00689082 -0.00392152 -0.00532025 -0.000176103 -0.0046794 0.0014845 -0.0072137 -0.00790855 -0.00103009 0.00481348 -0.000611792 -0.00722918 -0.00200323 -0.00152693 -0.00363206 -0.00288687 -0.00340891 -0.00088674 -0.00623679 0.00249299 -0.0106578 0.00304025 0.00177848 -0.00386447 -0.00403426 1.10586e-06 -0.000670851 0.00693808 -0.009305 -0.000733427 0.0004361 0.00314554 2.17637e-05 -0.00308869 0.0010666 -0.000357559 0.00526934 0.0101682 -0.00236528 -0.00902125 -0.00326259 0.0117745 -0.00870441 -0.0040415 -0.00903253 -0.00372956 -0.0026703 0.000509592 0.0141997 0.000968572 -0.00644127 -0.0147707 0.0028731 -0.00727134 -0.00807803 0.0029531 -0.00399738 0.00385861 -0.00218962 -0.00906275 -0.00494116 -0.0040009 -0.00138416 0.00146725 -0.00384879 0.0145712 
-0.00139815 -0.00192907 -0.00580522 -0.00563439 -0.00642572 0.00849999 -0.00350535 -0.00984516 -0.00972306 -0.00264699 -0.00382367 -0.00878775 -0.00600325 0.00152499 -0.00180875 -0.00496216 0.00596298 0.00244706 0.0120203 -0.00163948 0.00780389 0.00168972 -0.00177204 -0.00701751 -0.00698442 -0.00394035 -0.00703692 -0.00215548 0.134584 0.013224 0.00376139 0.00561143 0.0011304 0.00343296 0.000587116 0.0119317 0.00477817 0.00159228 -0.00528647 -0.0146591 -0.00462395 -0.00719343 0.00728636 0.00346722 -0.00922135 -0.00658203 -0.00217345 -0.00302637 -0.00173052 -0.00157493 -0.00502991 0.00268617 0.00536175 -0.00546438 -0.0145853 -0.00459894 0.000309106 0.000114722 -0.00487442 -0.0025125 -0.00095758 -0.00305174 0.00370365 -0.000649361 0.00165723 -0.00801581 -0.00312567 -0.00230224 0.00229494 -0.0019256 -0.00350194 0.00108021 0.0114193 -0.00128129 -0.00209662 -0.00654995 0.00333946 0.000531263 0.00466045 -0.0031723 0.00654129 0.00418715 -0.00189246 -0.00538582 0.0022659 -0.00304224 0.00256241 -0.000426778 -0.0141814 -0.00253822 -0.00235795 -0.00667097 -0.000670606 0.00976335 -0.00288797 -0.00677245 -0.00510254 -0.0015781 -0.000918292 -0.00677671 
-0.0135931 -0.00458619 -0.00879129 -0.00761848 -0.00243235 0.00183091 0.00527649 -0.00904665 -0.00152235 -0.00510116 -0.00550645 -0.0111348 0.000184506 -0.00053206 -0.00424929 -0.00161151 -0.00525541 -0.0118231 -0.00642259 -0.00491261 -0.00644613 -0.00554142 0.00879539 -0.00388444 -0.00350347 -0.0010404 0.00087635 -0.00689084 0.013224 0.166375 0.00621214 0.000366068 0.00296274 0.0069427 -0.00265687 0.0034629 -0.0081642 0.00402879 -0.00333777 -0.0098786 -0.00292835 -0.00687325 -0.00183404 0.00482697 -0.00142715 -0.003617 0.00164054 0.000500846 0.00354509 -0.00317435 -0.00200479 -0.00901573 0.00601285 -0.00522131 -0.00818657 -0.000487922 -0.0040619 -0.0016518 0.00118334 -0.00325206 -0.00781077 -0.00693577 0.00281995 -0.00299293 -0.00240436 0.000726603 -0.00175288 -0.00338593 -0.000971089 -0.00886388 0.00291423 -0.00377946 0.00489819 0.0013532 -0.000132335 -0.00731299 -0.00697814 0.00330296 0.00627127 -0.00403468 -0.00525742 -0.00801578 0.00766296 0.00506822 0.00395795 0.00792134 0.00125314 0.00601162 -0.00852557 -0.00136036 -0.000181246 -0.00661649 -0.00338691 0.021327 0.0098294 -8.99986e-05 -0.00567154 -0.00311611 -0.00343081 -0.0113387 
-0.00385879 0.00222821 -0.000448666 -0.00275797 -0.00203022 -0.00293956 0.00517273 0.000659395 -0.00179765 0.00193893 0.00476352 -0.00664954 -0.000400345 -0.00207598 -0.00164183 -0.00371645 0.000922407 -0.00348602 -2.78643e-05 -0.0102461 -1.95868e-05 0.00342414 0.00379512 0.000675002 0.00689216 0.00556334 0.00209862 -0.00200709 0.00376139 0.00621214 0.0802201 -0.00218425 0.00179364 -0.000218164 0.00252409 -0.00156115 -0.00166216 -0.00151449 -0.00109275 -0.00694597 -0.00309062 0.00108136 0.00080181 0.000280698 0.00154589 -0.00175821 0.00252424 -0.000977703 -0.00361709 2.47581e-05 -0.00294141 -0.00180212 -0.00472764 -0.00730948 -0.00187149 -0.00461379 -0.00106939 -0.00102196 -0.00306448 -0.000461824 -0.00244606 0.00141592 -0.00252513 -0.000320155 -0.00117215 0.000452721 0.000329226 -0.00411023 -0.00396361 -0.00412851 0.00277217 -0.000828494 -0.00425668 -0.00472101 0.000527455 9.59769e-05 -0.000883084 0.000260223 0.00364195 0.00195741 0.0055931 -0.0024151 -0.00224458 -0.00375117 0.000592432 0.00400319 -0.0018376 -0.00212606 -0.00593427 -0.001096 -0.00119254 0.000908236 -0.000953153 -0.00266224 0.00682569 -0.002525 -0.00265045 -0.00139668 -0.00448528 -0.00604432 
-0.0107887 0.00456753 0.00248614 0.00197954 -0.00576658 -0.00250752 -0.00119113 -0.00274782 -0.0057974 -0.0030808 0.000491848 -0.0152132 -0.00475925 -0.00834094 -0.00730222 0.00252986 0.00299461 0.00316429 0.00327288 -0.0148034 0.00996333 -0.00275582 0.00940642 -0.00740423 -0.00471403 -0.00749108 -0.0071841 0.0156729 0.00561143 0.000366068 -0.00218425 0.15646 0.00671212 -0.00448376 0.000147919 0.0124423 0.0051319 0.00306302 0.000607737 0.0014743 -0.0085196 -0.00329815 -0.00594491 -0.00886797 -0.00119429 -0.00831285 -0.00375326 -0.00466194 -0.00688315 -0.00391929 -0.00604034 -0.00272264 0.00774715 -0.000517201 -0.00797799 0.00615088 -0.00423292 -0.00982799 -0.0109188 -0.00124204 0.00610238 -0.00117197 -0.00858488 0.00360061 -0.0013708 -0.000600179 -0.0077473 -0.00390605 0.000762008 -0.00156526 -0.00336668 0.00268587 0.000418205 -0.0087878 -0.00845493 0.00627051 0.00279819 0.00315938 -0.0064287 -0.00850472 -0.00542451 -0.00754028 0.00812948 -0.00717933 0.00243448 -0.0028279 0.00274393 -0.00481042 0.00191823 0.00302615 0.0017427 -0.00181124 -0.00446724 -0.00824321 0.00250349 0.00782952 -0.00355652 -0.00263377 -0.00392858 0.0116947 
-0.00380548 0.00137171 -0.00110256 -0.000501786 0.00143877 0.00040383 -0.000646392 -0.00235355 -0.00138202 -0.00347035 -0.00161553 -0.00024732 -0.00109021 -0.00335814 -0.00485332 -0.00262519 -0.00176244 -0.00236122 -6.58766e-05 -0.00269327 0.00354634 -0.00189843 0.000805059 -0.00147423 0.00320715 0.00317078 -0.00522858 0.00473708 0.0011304 0.00296274 0.00179364 0.00671212 0.0728253 -0.00208451 8.0252e-05 0.00139854 0.00756377 0.000145817 -0.00262398 0.00503821 -0.00462669 -0.00279314 -0.00310855 -0.000156992 0.00204424 -0.0043768 0.000554834 -0.000563605 -0.00130536 -0.00092834 -0.00268642 -0.000390648 -0.00156345 -0.00101361 -0.00464276 0.000413851 -0.00151322 -0.00220323 -0.00305983 8.13045e-06 -0.000847262 -0.00247103 -0.00230064 0.000265694 -0.000734405 0.00125287 -0.00359654 0.000670056 -0.00160996 0.000690729 -0.000411715 -0.00109883 -0.00274823 -0.00145234 0.00339982 -0.00284046 -0.00572965 -0.00166114 -0.001361 -0.00427641 -0.000790667 -0.00262735 0.00104099 -0.00262711 -0.00312299 -0.000435938 0.00193117 0.00183605 0.000928716 -0.0021088 -0.000690927 0.00164005 -5.46568e-05 -0.00292084 -0.0028214 0.00190927 -0.00302906 -0.000318951 -0.000517561 0.000464878 
0.00256192 0.00177179 -0.00770753 0.00438976 -0.00535232 -0.0159542 0.00348014 -0.00488389 0.00889156 0.00464088 -0.00523681 2.21939e-05 0.00248511 -0.00858505 0.00448592 -0.00534626 -0.00795905 0.000565188 -0.0147917 -0.000441334 -0.00532516 -0.00561695 -0.00928963 0.00718805 -0.00038256 -0.0128083 0.0117444 -0.000397052 0.00343296 0.0069427 -0.000218164 -0.00448376 -0.00208451 0.172993 -0.00760928 -0.00141243 -0.0040404 0.00355816 -0.00679781 -0.00139009 -0.00898748 -0.0036621 -0.00547157 -0.00549626 -0.00313865 -0.00448094 -9.25933e-05 0.00203699 -0.0034748 -0.00683778 0.000369513 -0.00466618 0.00703723 0.00115083 0.00631421 0.00113458 -0.00299211 0.00232667 0.00587071 -0.000792538 -0.00902362 0.00394118 -0.0113879 -0.000799233 -0.00138971 -0.00697724 -0.00493159 0.000599851 -0.000145596 -0.0190918 0.00556717 0.00372262 0.00120118 0.0110138 -0.00656337 -0.00328529 0.00747401 -0.00122406 -0.00202677 0.00458381 -0.0103497 -0.00354534 0.000271965 -0.00331564 0.0022014 -0.0129349 -0.00407868 0.000908593 0.00693088 -0.00776076 0.00461739 -0.0045747 -0.0021313 0.0101092 -0.0148235 0.00189158 -0.0103709 -0.00594438 -0.0026845 0.00713884 
