0.0845627 0.000838993 0.0063154 -0.00391836 0.000524624 -0.000180449 -0.00217142 -0.000498942 -0.00416834 -0.0056811 -0.00274511 -0.00254747 -0.00269033 -0.000708588 -0.00099222 -0.00371174 -0.00326468 0.00336097 0.00244163 -0.00377796 -0.000649801 -0.00437255 -0.00098018 -0.00309129 -0.000829446 -0.00596228 -0.000250955 0.00103221 -0.00174827 -0.00249362 -0.00188852 -0.00171943 -0.00276765 0.00613429 0.000801726 0.00326648 0.000139316 0.000705279 -0.00200662 -0.00149369 -0.00405842 0.00220861 -0.00424018 -0.000362381 -0.00113494 0.000632513 0.000459836 -0.00333714 -0.00118212 -0.00421148 -0.00380622 -0.00158521 -0.00349693 -0.000943758 -0.00690269 -0.00221282 -0.00426834 0.00244712 -0.0017742 -0.00318704 -0.00438971 -5.49325e-05 -0.00217466 -0.00581077 -0.00129937 -0.00124483 9.68423e-05 -0.00383364 0.00632445 0.000156126 -0.00118893 -0.00316699 -0.00241913 -0.000333833 -0.000813367 0.00314096 0.00082082 0.00147511 -0.000608047 0.00313918 -0.0011658 -0.0012086 0.00401506 0.00507586 -0.00410852 0.00575139 -0.00591066 -0.000750789 0.0110509 -0.00306786 -0.00197588 -0.00722429 0.00239895 -0.00109573 0.00267872 0.00522699 0.000654957 0.000350649 0.00169004 -0.00205745 
0.000838993 0.125354 0.00149076 -0.00337262 0.000538165 0.00444075 0.00447957 -4.65783e-05 -0.00270053 -0.00471251 -0.000808199 0.00451146 0.00134951 -0.000377588 0.00211273 0.0105102 -0.00620242 -0.000397543 0.00195823 -0.00859486 0.00388143 -0.0117178 -0.000852898 0.00231731 0.00238724 0.00264951 -0.000664095 -0.00383936 -0.000228648 -0.00646581 -0.000339057 -0.00588263 -0.00668622 -0.00404552 0.00548445 -0.00466717 -0.0035717 -0.00661751 -0.00194855 -0.00382069 -0.00561482 0.00348668 -0.00577349 0.000365186 0.000373744 0.00441697 -0.00300536 0.0013333 -0.0048873 0.00375581 -0.00629696 -0.000482878 0.000637644 -0.00658748 0.0106134 -0.0110214 -0.00715158 -0.0068115 -0.00430588 -0.00295718 -0.0021005 0.00409252 -0.00116647 -0.00211706 0.000481679 -0.00268033 -0.00303279 -0.00946075 0.00642297 -0.0127137 0.00584485 -0.00111642 0.0030189 0.00224791 -0.00090591 -0.00821167 -0.00395255 -0.00011251 -0.00534861 -0.00559011 -0.00448907 -0.00110747 -0.00109214 -0.00100892 0.00519703 -0.0041055 0.00190811 0.00394192 -0.00547851 -0.00467492 -0.000505016 -0.00618678 0.000307165 -0.00216363 -0.00323551 0.0028965 -0.0019092 0.0035736 0.000187415 0.00851455 
0.0063154 0.00149076 0.0987092 -0.000643484 0.00427464 0.00459648 0.00356615 0.0016199 -0.00442082 0.00478747 0.00256505 0.00725644 0.00151257 -0.0029155 0.00435879 -0.0102846 -0.00420092 -0.00447269 0.000117777 0.000583923 -0.00625196 -0.00471573 -0.000130653 -0.00500745 0.000134025 -0.0091676 0.000306193 0.00157706 -0.00226716 -0.0117333 0.00466994 0.00446905 0.00263944 -0.000960121 -0.00252906 -0.0037915 -0.00739305 0.00599841 0.00150438 0.000325461 -0.00220165 0.00561646 -0.00275316 -0.00324449 -0.0037285 0.000889316 -0.00172318 -0.00596267 -0.0015299 -0.00701385 -0.00520605 -0.00495988 -0.002808 0.00154454 -0.00516156 0.00147797 -0.00277624 -0.00182018 -0.00960736 -0.00375101 0.00011338 -0.00630363 -0.00278627 -0.00618161 -0.000742982 -0.00211472 -0.00404124 0.00287993 0.0025051 0.00901114 -0.00283047 0.00235072 0.00262235 -0.00138852 -0.00248004 0.0147528 0.00362643 -0.00200502 0.00243796 -0.00456197 -0.00462503 -9.27212e-05 -0.00829287 -0.000635141 -0.0115315 0.00213783 -0.00439402 -0.00538093 0.00335545 -0.00260041 -5.83325e-05 -0.0055448 -0.00368357 -0.000259236 -0.00115481 0.00775293 0.00164356 0.00182136 0.000637344 -0.001732 
-0.00391836 -0.00337262 -0.000643484 0.153964 -0.00434889 0.00265148 1.68922e-05 0.00241581 0.00512951 -0.00682296 -0.00499049 0.00199736 -0.00840697 -0.0100239 -0.00440008 4.47955e-05 0.00114117 0.00214976 -0.00328088 -0.00644605 0.00294972 -0.00414256 -0.000675841 -0.00160337 -0.0118488 -0.0111612 -0.00654185 -0.00763808 -0.00315696 -0.00616842 0.00174431 0.00055981 -0.00915482 0.0013675 -0.00110454 0.00207547 0.0044779 0.000133444 -0.00161684 0.0123012 -0.00405621 0.000233211 0.01638 -0.0036927 0.00150246 -0.00301103 -0.00531341 0.00324857 -0.00440843 0.00189528 -0.00360504 -0.00163708 0.0004584 0.00869961 0.0102299 -0.00119199 -0.00535876 -0.00409768 -0.00243088 -0.00093728 -0.00383851 -0.0029849 -0.00129243 0.00758199 0.00023811 -0.0035731 -0.00029141 -0.00780098 -0.00205432 -0.00682052 -0.00196286 0.000128364 -0.00891734 -0.00292122 -0.00959407 0.0125862 0.000631631 0.000596144 -0.00410643 0.0017906 -0.00560846 -0.000402194 -0.00553715 -0.00656619 0.00234145 -0.000164902 -0.00469657 -0.00536892 -0.00398981 -0.0107092 -0.00364998 -0.00762951 0.000137238 0.000130643 -0.00093459 -0.00994789 -0.000341687 -0.000890078 0.0184133 0.00146072 
0.000524624 0.000538165 0.00427464 -0.00434889 0.147182 0.00711321 0.00399811 0.000630547 -0.00155138 0.00711241 -0.00412421 0.00418167 0.00124044 -0.00243837 0.00356503 0.0142053 0.00407573 -0.00473271 -0.00501115 -0.0048506 -0.00299422 -0.00524212 -0.00305845 -0.00419057 -0.00490358 -0.00619188 -0.00398029 -0.00225021 -0.00702905 0.000547333 -0.00575386 -0.00424389 -0.00409972 0.00119109 0.0103892 -0.00395578 -0.00995419 0.0144688 -0.0052727 -0.00206122 -0.00189027 -0.00225571 -0.0027047 0.00490166 -0.00111731 -0.001819 -4.42258e-05 -0.00707316 -0.00335866 -0.0113431 -0.00700632 -0.00611753 -0.00421465 -0.0018767 -0.00964528 0.000696473 -0.00761808 -0.0143317 0.00350357 -0.0110085 0.00785473 -0.00746667 -0.00068524 -0.0116141 -0.00121218 0.00136406 -0.00933818 -0.00113217 1.35459e-06 -0.00655044 -0.00221811 -0.00384511 -0.002886 -0.000345378 -0.00710552 0.000569345 0.0022145 -0.00445697 -0.00153321 0.00403258 0.00899287 -0.00277893 0.00623616 0.000410551 -0.0034901 -0.000887273 -0.0012232 0.00598586 0.0180883 9.30338e-05 -0.00323409 0.000509536 -0.00430183 -0.00321665 -0.00124404 0.00104336 -0.0029922 -0.00606929 -0.00537076 -0.000874768 
-0.000180449 0.00444075 0.00459648 0.00265148 0.00711321 0.11901 0.00588986 0.00129019 0.00298673 0.00616404 0.0135745 0.00786861 0.00265566 -0.0077308 0.00294127 -0.00525818 0.00347201 0.00132273 -0.00372378 -0.00325644 0.00457339 0.000813234 -0.00306244 -0.00643484 0.00164054 -0.00519189 0.00175791 -0.00144246 -0.00618328 -0.000397817 -0.00366659 0.00116849 0.0060467 0.00549507 0.00774525 -0.00463763 0.00119856 -0.00216448 -0.0037017 -0.0059257 -0.00260379 -0.00287104 -0.000656857 -0.000135027 -0.0101567 -0.00522302 -0.0056784 -0.000475635 -0.00138426 -0.00112477 -0.00506383 -0.00621783 -0.00874714 -0.00792096 -0.0007058 -0.00377939 -0.00330231 -0.00512681 -0.00134878 -0.00206432 -0.00202949 -0.00695915 -0.00229631 0.000663209 -0.00196827 -0.00129066 -0.00220113 0.00212823 0.000213016 -0.00439402 -0.00372485 0.00509633 -0.00571003 0.00036301 0.0069086 0.00476606 -0.00136748 -0.00141985 -0.000613534 -0.00366653 0.00115393 -0.000218815 -0.00337908 -0.00675687 -0.00933596 -0.00153202 -0.00747253 -0.00217619 -0.00804591 -0.00748972 -0.00143824 -0.00353253 -0.00515884 -0.00125168 -0.00663892 0.0017262 -0.00165974 -0.00294074 0.000364933 0.0044138 
-0.00217142 0.00447957 0.00356615 1.68922e-05 0.00399811 0.00588986 0.145313 -0.0074037 0.00735598 0.0149323 0.0111914 0.000863393 0.00486326 -0.00314813 0.00879774 -0.0135902 -0.000810089 -0.00487315 -0.0056595 -0.00533473 0.00697067 -0.00701616 0.00297017 -0.00377705 -0.0094246 0.00801335 0.000116549 -0.00640315 -0.00514216 -0.00756999 -0.0051283 0.00437851 -0.00752664 -0.00334513 0.00359336 -0.00513692 0.00162199 0.00263623 0.000437939 -0.000454936 -0.00293032 0.0023363 -0.000469587 -0.00345701 -0.00947245 0.000941439 -0.00819528 0.00460599 -0.00742717 -0.00584009 0.0078935 0.00253278 -0.00691828 -0.000452338 0.00137357 -0.0074997 -0.00520688 -0.00202404 -0.00365508 0.00585272 -0.0110123 0.00678373 -6.3147e-05 -0.00736105 -0.000782865 -0.00791034 -0.000400572 -0.00287397 0.00247608 -0.0038796 0.00253396 0.00199753 0.000383478 -0.00145578 0.00198802 0.0018216 0.00131096 -0.00448947 0.00252752 -0.00559876 -0.000806121 -0.00295765 -0.00921851 -0.00235833 -0.00540042 -0.00174384 -0.00221084 -0.0056362 -0.0107671 -0.00796196 0.00245204 0.000821676 -0.00819086 0.00107506 -0.00700757 0.0013941 -0.00826414 -0.00394361 0.00164044 -0.00698956 
-0.000498942 -4.65783e-05 0.0016199 0.00241581 0.000630547 0.00129019 -0.0074037 0.160853 3.79518e-06 -0.00589949 -0.00532424 0.00653757 0.000366146 0.00457067 -0.00315071 0.00303591 0.00466989 -0.000739479 0.0062039 -0.0162271 -0.00295711 0.00617418 -0.00561638 -0.00260568 0.00243093 -0.00542321 -0.00193774 -0.00050937 0.00158356 0.00138599 -0.00137804 -0.00136407 0.00698342 0.00240883 0.00824456 9.05528e-05 -0.0129597 -0.00394762 -0.000673917 -0.00989745 -0.0153745 -0.00396451 -0.00703913 -0.00120351 0.00243765 -0.00415355 -0.00586181 -0.000221151 -0.000667463 0.0253595 -0.00563981 -0.00908983 -0.00726789 -0.00732108 0.00619301 -0.00683765 -0.00869093 -0.00744411 -0.0125554 -0.00293238 0.00894826 -0.00933519 -0.00374722 0.0142064 0.00159133 -0.00580867 -0.00308039 -0.00881421 -0.0017562 -0.00849056 -0.00645826 0.00247834 -0.00281519 -0.00349419 -0.00645756 0.000672046 0.00271931 -0.00613507 0.00432186 -0.00112128 -0.00496797 -0.000337745 -0.0129436 0.00955375 0.00208275 -0.00579655 -0.00863891 0.00233144 -0.00465596 -0.00819229 -0.00325946 0.00170329 0.00990786 0.000247363 -0.00230758 0.000404579 0.00489405 -0.00107019 -0.00773829 0.000696047 
-0.00416834 -0.00270053 -0.00442082 0.00512951 -0.00155138 0.00298673 0.00735598 3.79518e-06 0.113275 0.0011218 -0.00597362 0.00044481 0.00335728 0.00336819 0.00064952 -0.00180885 -0.00483649 -0.00369992 -0.00155318 -0.00378414 0.00845011 -0.000730828 -0.000994824 -0.00365458 -0.000771539 -0.00557427 -0.00138355 -0.00572092 -0.00304315 0.00320265 0.00394647 -0.00262124 -0.00257854 -0.00302081 0.000655234 -0.00708914 -0.00276276 -0.00860629 -0.00282704 -0.00306269 -0.00451647 0.00055331 0.00262015 9.46628e-05 -0.00464873 0.00199203 -0.00462658 0.0140405 -0.00502065 0.00552338 -0.00296422 -0.00372092 -0.00460537 0.00140125 0.00167132 -0.00480244 0.000432516 -0.00185772 -0.00573558 0.0067458 -0.00695712 -0.000534923 0.000544412 -0.00384297 -0.00327952 -0.000852997 -0.00128836 0.000540477 0.00442952 -0.00784022 -0.0019414 7.29706e-05 0.000177037 -0.00213804 0.00359057 -0.00107498 -0.00344218 -0.00459492 0.00179062 -0.00413804 0.0029112 -0.00118438 -0.00247726 -0.00244593 -0.000432277 -0.00595669 -0.00665914 -0.00551359 -0.00723357 -0.00597731 9.8841e-05 0.0085525 0.000924513 0.000194791 0.00203405 0.000849136 -0.00340109 0.000580067 0.000548262 -0.002216 
-0.0056811 -0.00471251 0.00478747 -0.00682296 0.00711241 0.00616404 0.0149323 -0.00589949 0.0011218 0.131217 0.00135336 0.00248108 9.39004e-05 -0.00209982 0.00649061 -0.00407413 0.00640303 -0.00308153 0.00187106 0.00170485 0.00109189 -0.00622532 -0.00845461 0.00136438 -0.00249298 -0.00228409 0.0104329 0.00455576 -0.00713303 0.0133248 -0.000271903 0.00170332 -0.0063298 -0.005089 -0.00311477 -0.00598267 -0.00363445 0.000563358 -0.000263377 0.00669821 -0.000860559 0.0027107 0.000751547 0.00325058 -0.00174402 -0.00133318 0.0032447 -0.0033616 -0.00447744 -0.013658 0.0044232 -0.00617049 -0.0075236 6.40142e-05 -0.00566352 0.0145997 -0.00325431 -0.00768439 0.00812868 0.00561922 -0.00512669 0.0011836 -8.70897e-05 -0.0115832 0.00194524 0.00512053 -0.00575757 0.00203474 -0.00211378 0.002155 -0.00410303 -0.0011987 -0.00616653 -0.00130387 -0.00498859 0.00405442 -0.000122507 -0.00399642 -0.00329294 -0.00104039 0.0013565 -0.00163329 -0.0108387 -0.0111096 -0.00982737 0.000835598 -0.000131147 -0.00374571 0.000390829 -0.00722711 -0.00136091 -0.00532662 -0.012607 -0.00300376 -0.0130822 -0.000335474 -0.00140629 -0.00046618 -0.00955066 -0.00542437 
-0.00274511 -0.000808199 0.00256505 -0.00499049 -0.00412421 0.0135745 0.0111914 -0.00532424 -0.00597362 0.00135336 0.164351 0.0128356 0.0038839 0.00989887 0.00101789 0.00417136 -0.0161573 -0.0102558 0.00301703 0.0018646 0.00056603 0.00864827 0.00796305 -0.00562024 0.00199391 0.00646679 -0.00243111 0.000244088 -0.000303758 -0.0014647 -0.00163224 0.00593389 0.00274756 0.000870473 -0.00420151 -0.00501365 0.00398448 -0.00856435 0.000627585 0.0119677 -0.0075357 -0.0101069 -0.0100679 -0.00477139 -0.00779942 -0.00624922 -0.00402 -0.0110795 -0.00120799 -0.0133411 0.000753048 -0.0125153 -0.000895449 -0.00200024 -0.00425255 -0.00106366 0.00135223 -0.000214794 -0.00361442 0.00278908 -0.00434731 -0.00403386 -0.00514052 0.0171586 -0.00100644 -0.00237916 -0.00410281 0.00677584 -0.00365343 0.0116471 -0.000273129 -0.0035213 -0.00736892 -0.00109412 0.0055728 -0.00177191 0.00439217 -0.00250488 -0.0041162 -0.00691588 -0.00249975 0.000126635 -0.00580283 0.000646875 -0.00956772 -0.00652058 -0.0111363 -0.00156265 -0.0128704 -0.00911181 -0.00315281 -0.0113395 -0.00525637 -0.00469209 -0.0131385 -0.00313256 0.00126844 -0.000704408 0.00159436 -0.00275127 
-0.00254747 0.00451146 0.00725644 0.00199736 0.00418167 0.00786861 0.000863393 0.00653757 0.00044481 0.00248108 0.0128356 0.13942 -0.00112195 -0.00206683 -0.000876671 0.0214333 0.00530374 -0.00140728 -0.000506049 -0.00360867 0.000801128 -0.00236351 0.00367063 -0.00634492 0.00151944 -0.0108433 0.000776021 -0.0044505 -0.0058451 -0.00165697 -0.00508677 -0.00296292 0.0136084 -0.00260257 0.0042763 -0.00796467 -0.0109009 0.000812405 -0.00625635 -0.0149648 0.00278823 -0.00708884 -0.00954347 -0.00254735 -0.0108745 -0.00608711 -0.00250734 -0.00138078 -0.00725865 -0.00270992 -0.00601612 0.00215155 -0.00567663 0.00159662 0.00633747 -0.00176136 5.56787e-05 -0.0175548 0.00279366 -0.00165358 0.00388579 -0.00888525 -0.00402008 -0.00371012 -0.00320721 -0.00372713 -0.00941086 0.00247281 0.00105887 0.00664595 -0.00191784 0.00413943 -0.00359033 -0.00100001 -0.00465424 0.00572329 0.0045585 -0.00523266 0.00291093 -0.00478928 -0.000144443 0.000340458 -0.0118074 -0.00633708 -0.0122422 -0.00412386 -0.0062596 -0.00667614 -0.00343783 -0.00686797 -0.00713269 -0.0116913 0.00362789 -0.00174346 0.00654572 -0.0047575 0.00388617 -0.00159103 0.00490215 0.00897579 
-0.00269033 0.00134951 0.00151257 -0.00840697 0.00124044 0.00265566 0.00486326 0.000366146 0.00335728 9.39004e-05 0.0038839 -0.00112195 0.103889 0.00138356 -0.000949748 -0.0042062 -0.00625 -0.00617639 -0.000658231 -0.00502315 -0.00675609 -0.00382803 -0.00341348 0.00225002 -0.00402417 0.00206057 0.00556215 0.00314587 -0.00428344 0.000882759 5.80297e-06 7.10405e-05 -0.000938947 -0.00155266 0.00758486 0.00622073 -0.00423586 -0.00434209 -0.0040946 -0.00320856 -0.0081315 -0.0030352 -0.00674008 0.00184027 0.000211536 0.00358186 -0.00228734 0.00122018 -0.00248338 -0.00175665 -0.000497067 -0.00840991 -0.00467491 -0.000217673 -0.00484924 0.00237462 -0.00379224 -6.79194e-05 -0.00267984 -0.00268243 -0.00793703 -0.00536235 -0.00183109 0.00171984 -2.76176e-05 -0.000537735 -0.00333203 0.00771466 -0.00238411 0.000789204 -0.00438288 -0.00246604 0.0069321 -0.00258487 0.0041939 -0.00253897 -0.000265618 -0.00706694 -0.00211318 -0.00213416 -0.00310292 -0.00030366 0.00388621 0.00434147 -0.00181311 -0.00360705 8.96582e-05 0.00591768 -0.00710294 -0.00244666 0.00460606 0.000196039 0.00100441 -0.000874173 9.86442e-05 0.00312883 -0.00445749 -0.00127466 -0.0047186 -0.00309393 
-0.000708588 -0.000377588 -0.0029155 -0.0100239 -0.00243837 -0.0077308 -0.00314813 0.00457067 0.00336819 -0.00209982 0.00989887 -0.00206683 0.00138356 0.141761 0.0116075 0.00689608 -0.00276638 0.00599931 0.0107969 -0.00645203 -0.00153637 0.00726157 -0.0025785 -0.00327312 0.00161026 0.00528002 -0.00966914 0.00137446 0.00498138 0.00149969 -0.000256711 6.97452e-05 -0.00712517 -0.00033006 -0.0109332 -0.00385066 -0.00298073 -0.00833051 0.000483772 -0.00723272 0.0108461 -0.00208851 -0.00396635 0.00152961 0.00165701 0.00580019 0.00650023 -0.000698749 -0.00117454 -0.00443977 0.00559701 -0.0120194 -0.0074332 -0.0144706 -0.00757147 -0.00761487 -0.00282715 -0.0047727 0.00258314 0.00137694 -0.00291387 -0.00580223 -0.00273259 -0.00522547 -0.000583278 -0.00267206 0.00037435 -0.00345334 -0.00149401 0.00229641 -0.00387575 -0.00223695 -0.00493077 -0.00398329 0.00284207 -0.0109576 -0.00115902 -0.00328635 -0.00109518 0.00122993 -0.00164756 0.0014102 0.00714642 0.00608586 -0.00416761 -0.00702901 -0.00423422 -0.00806133 0.0042632 0.00248199 -0.0020541 -0.014616 -0.00309717 -0.00273505 0.00225174 -0.00208238 -0.00669515 -0.00133439 -0.00672606 0.00366838 
-0.00099222 0.00211273 0.00435879 -0.00440008 0.00356503 0.00294127 0.00879774 -0.00315071 0.00064952 0.00649061 0.00101789 -0.000876671 -0.000949748 0.0116075 0.0823613 0.00480324 -7.53665e-05 -0.00216424 -0.00165371 0.00079922 0.000669232 -0.00759415 0.000295892 -0.000862488 -0.0017623 -0.000718513 0.00353372 -0.00310174 -4.03985e-05 -0.000843978 -0.00152653 -0.00169421 -0.00461152 -0.00278373 0.0018082 -0.00584482 -0.000897078 0.000244463 0.00182328 -0.00179973 0.00203571 0.000307014 -0.000922649 4.92284e-05 -0.00351443 0.00206358 0.00399122 0.000306475 -0.00446244 -0.00855677 -0.00152367 -0.00744291 -0.00126256 -0.00164994 -0.00539046 0.000328612 0.000356645 -0.00618874 -0.000243423 -0.00116348 -0.004846 0.000105111 -0.000903397 -0.00942596 -0.00244159 -0.000208299 0.00483054 -0.000909435 -0.000245613 0.00133102 -0.00126658 -0.000114906 -0.000634103 -0.000378557 0.000310731 0.00101245 -0.00295558 -0.00200735 -0.000729617 -0.000473162 -0.00140884 -0.00091516 0.000397736 -0.0039951 -0.00603751 6.889e-05 -0.000545671 -0.00586472 0.00134651 0.00237305 0.00296985 -0.00592554 -0.00790731 -0.00090152 -0.00197351 0.00202677 -0.00387003 -0.000648678 -0.00495402 -0.000937539 
-0.00371174 0.0105102 -0.0102846 4.47955e-05 0.0142053 -0.00525818 -0.0135902 0.00303591 -0.00180885 -0.00407413 0.00417136 0.0214333 -0.0042062 0.00689608 0.00480324 0.198715 0.00755731 -0.00484862 -0.0109422 -0.0143513 -0.014233 -0.00445245 -0.00824868 0.0130708 0.000686105 -0.00679904 -0.00461434 -0.00162965 -0.00752187 -0.000182214 -0.00887111 -0.0061895 0.00800415 -0.00335939 0.000781473 -0.00468355 -0.00365299 0.000737822 0.00769494 -0.0260577 0.00157726 -0.0106181 -0.0165774 0.00128423 0.00499867 0.0072326 0.0040546 0.00206583 -0.0108945 0.0026224 -0.00923356 -0.0104307 -0.00724551 -0.00741695 0.00232481 0.0126185 -0.00027795 -0.0212201 0.00170613 0.00252184 0.0114961 -0.00709152 -0.00528593 -0.00852944 -0.00154064 0.00173051 -0.00382233 -0.0142933 -0.00502793 -3.15509e-05 0.00823572 0.000130302 -0.00274054 -0.00453929 -0.00411475 -0.0158816 -0.00761796 -0.00273038 -0.00723216 0.00086025 -0.00240915 0.00340342 0.00166628 0.00783055 0.00117075 -0.00753091 0.00304429 0.00746257 0.00555775 0.000961713 -0.00845007 -0.0129197 -0.0106487 -0.00563038 -0.00167237 -0.00767306 0.00329876 -0.00126067 0.00965431 0.00430223 
-0.00326468 -0.00620242 -0.00420092 0.00114117 0.00407573 0.00347201 -0.000810089 0.00466989 -0.00483649 0.00640303 -0.0161573 0.00530374 -0.00625 -0.00276638 -7.53665e-05 0.00755731 0.145904 0.00506662 0.0111579 0.000173013 -0.000123123 -0.00303958 -0.00533409 -0.00271027 -0.00882555 -0.0148608 -0.00423153 -0.0012566 -0.00115362 0.00211346 -0.00283214 -0.00566969 -0.0101112 0.00245955 0.00437972 -0.00246729 0.000725961 0.00747425 -0.000498895 -0.0114535 -0.00468333 -0.00352522 0.00212291 0.000781785 0.0028024 -0.00897372 -0.00738857 0.00558688 -0.00361037 0.0137023 -0.00835703 -0.0128472 -0.0108365 -0.0035197 -0.00134176 0.00525559 0.000590388 -0.0163616 0.00732013 0.00197416 0.0150828 -0.0070521 -0.00022842 -0.00301103 0.00155149 -0.00144498 -0.00240629 -0.00734557 0.00057549 -0.00137867 -0.00240457 -0.000767565 -0.00132101 -0.00471644 -0.00490412 -0.000794587 -0.00344266 0.000266702 0.00796845 0.000440963 0.00713108 -0.00292861 -0.0115771 -0.000104104 -0.00947026 -0.0022253 -0.00551704 0.00391418 -0.000894504 -0.00571809 0.000771529 -0.0037879 -0.00680424 0.004714 -0.000560032 -0.00318352 -0.000693195 -0.00119742 0.0020544 -0.000229643 
0.00336097 -0.000397543 -0.00447269 0.00214976 -0.00473271 0.00132273 -0.00487315 -0.000739479 -0.00369992 -0.00308153 -0.0102558 -0.00140728 -0.00617639 0.00599931 -0.00216424 -0.00484862 0.00506662 0.105934 0.0022027 0.00555474 0.01043 0.00525091 6.15572e-05 -0.00244798 -0.00316991 -0.00679745 0.00196001 -0.00214111 -0.00620268 0.00144594 -0.0010295 -6.76351e-05 0.000461098 0.00608285 -0.000917712 -0.00152202 0.000385578 -0.00401633 -0.00105153 0.00291833 0.0125778 0.0066709 9.69099e-05 0.00168987 0.00355007 0.00111744 -0.00119433 -0.00546126 -0.00395175 -0.00487919 -0.00249388 0.00456893 -0.00652838 7.58515e-05 -0.00602655 -0.00620885 -0.00121223 -0.00545068 -0.00149655 -0.0043053 -0.00613713 0.00167089 -0.00198966 -0.00203364 -0.000919508 0.00173525 -0.00310704 -0.00201444 0.000320423 -0.00290256 -0.00530011 -0.00228959 -0.00458695 -0.0011075 0.00296725 -0.00598936 -0.00415324 0.00588511 -0.0013421 0.00141586 0.00175922 -0.00250212 0.00174017 -0.00581099 -0.000513006 -0.00213942 -0.00166904 -0.00583249 -0.00529572 -0.00150291 0.000383054 -0.0129569 -0.000589891 0.000384507 -0.00485828 0.00479328 -0.00219201 -0.00114758 -0.00637884 0.00869447 
0.00244163 0.00195823 0.000117777 -0.00328088 -0.00501115 -0.00372378 -0.0056595 0.0062039 -0.00155318 0.00187106 0.00301703 -0.000506049 -0.000658231 0.0107969 -0.00165371 -0.0109422 0.0111579 0.0022027 0.122091 0.00106883 0.021203 0.00683277 0.010452 -0.00256029 -0.00779314 0.000521316 0.00840707 -0.00154703 0.00483535 0.000447298 0.00283515 -0.00045193 -0.00781198 0.0075941 2.95033e-05 0.00343958 -0.00145408 -0.00891911 -0.00131992 -0.0031168 -0.0137874 -0.00530716 -0.00451522 -0.00501309 0.00135039 -0.0062582 -0.00602362 -0.00256788 -0.00389501 0.00150685 0.00141319 -0.00942023 -0.00156643 -0.00738913 -0.00374921 -0.00127064 -0.00247921 0.000618744 -0.00297059 -0.00235578 -0.00114365 0.00603005 -0.00293409 0.0109291 -0.000984945 -0.00380494 -0.00483507 0.000698098 -0.00048856 -0.00340565 -0.00370164 -0.00211462 0.00543257 -0.00237892 -0.00154818 -0.00439847 0.000819887 -0.00308943 0.00305337 0.00606251 -0.00143816 -0.00223995 -0.00188415 0.00243927 -0.00964987 -0.00448948 -0.0062456 -0.00621554 -0.00794999 -0.00951127 -0.00154163 -0.0130029 -0.00777248 -0.00165927 0.000394894 -0.00525106 -0.00257677 -0.000465105 -0.00388674 -0.00313301 
-0.00377796 -0.00859486 0.000583923 -0.00644605 -0.0048506 -0.00325644 -0.00533473 -0.0162271 -0.00378414 0.00170485 0.0018646 -0.00360867 -0.00502315 -0.00645203 0.00079922 -0.0143513 0.000173013 0.00555474 0.00106883 0.112338 0.000961897 0.0143837 0.0155672 -0.00260892 0.00333331 -0.000669354 0.00396938 -0.00519874 -0.00223347 -0.00248592 0.000788017 0.000160519 -0.00417722 0.000486491 -2.3069e-05 -0.00138268 0.000226592 -0.00492731 -0.00456591 -0.00314628 0.00933672 0.000167136 -0.0059091 -0.00438537 0.00271231 -0.00608033 -0.00368081 -0.0134936 -0.000971116 -0.0101773 -0.00276985 0.00150514 0.00554343 -0.00158961 -0.0104537 2.83126e-05 0.00364702 0.00660058 0.00369345 0.000524582 0.000678369 0.00566201 -0.00131844 0.00475491 -0.00228587 -4.8876e-05 0.00132723 0.00430103 -0.00291925 0.000826556 0.00101218 0.000245069 0.0039379 -0.000201064 0.000237763 -0.00785629 0.00223835 0.00105753 0.00256031 0.00050679 0.00705232 -0.000678688 -0.00354336 -0.00451961 -0.008273 -0.00111335 0.0072158 0.000479272 -0.00119779 -0.00378669 -7.33465e-05 -0.0140699 -0.00390397 -0.00407735 -0.00537398 0.00278068 -0.000811484 -0.000782083 -0.00381913 -0.00130647 
-0.000649801 0.00388143 -0.00625196 0.00294972 -0.00299422 0.00457339 0.00697067 -0.00295711 0.00845011 0.00109189 0.00056603 0.000801128 -0.00675609 -0.00153637 0.000669232 -0.014233 -0.000123123 0.01043 0.021203 0.000961897 0.176297 0.011144 0.00523579 -0.00666237 0.00470873 -0.00104471 0.00240609 -0.0111019 -0.00156766 0.00779626 0.00480646 -0.00291724 0.00521026 -0.00156343 -0.00653451 -0.00833904 0.00423984 -0.01666 -0.00801438 0.00623756 -0.00575363 -0.00660276 -0.00295261 -0.00148606 -0.0098292 0.00117042 -0.0143202 0.00780994 -0.0077967 -0.0128065 0.00205149 0.00804024 -0.0024279 0.000437975 -0.00591342 -0.018007 -0.00071658 -0.00369127 -0.00273659 -0.000371629 -0.0146442 0.0155656 -0.00545344 0.0036028 -0.00834918 -0.00306309 -0.0104218 -0.00440203 -0.0012198 -0.0152646 -0.0112382 0.00160909 0.00391571 0.000178843 0.0026848 -0.000187499 0.00262958 0.00550215 -0.000592986 -0.00138744 0.00772844 -0.000878853 -0.00509061 -0.00691629 -0.00684915 -0.0106162 -0.0120768 -0.00615674 -0.0130296 -0.0103029 0.00215585 0.00383248 0.00208292 -0.000910728 -0.00748688 0.000203996 -0.000741082 -0.00428922 -0.00605919 0.00111518 
-0.00437255 -0.0117178 -0.00471573 -0.00414256 -0.00524212 0.000813234 -0.00701616 0.00617418 -0.000730828 -0.00622532 0.00864827 -0.00236351 -0.00382803 0.00726157 -0.00759415 -0.00445245 -0.00303958 0.00525091 0.00683277 0.0143837 0.011144 0.165691 0.0154767 0.00233575 0.00128183 0.0130766 -0.0167396 -0.0069849 -0.00441936 -0.00668228 0.00381001 -0.00521262 0.0107915 -0.0028753 -0.012879 -0.0135261 -0.000622885 -0.00782667 -0.00782276 -0.0109915 -0.00904805 -0.0012455 -0.00469666 -0.00898181 -0.00281483 -0.00935113 0.00057412 -0.00703523 0.00160587 0.00279436 -0.00685179 -0.00714418 -0.00107933 0.000676026 -0.00567378 -0.00580606 -0.00013707 0.00447866 -0.00572342 -0.00080351 0.000810976 0.00616905 -0.00271277 0.0147721 -0.00635193 -0.00550255 -0.00229127 0.0119014 -0.009199 -0.00144195 -0.00460741 -0.00420562 -0.00324845 -0.00115206 0.00126718 0.000488451 0.00581632 -0.00212412 -0.000471722 0.00711362 0.0112423 0.000332211 0.000707203 -0.00501797 -0.00726696 -0.00184459 -0.00793834 -0.00129665 -0.0049693 -0.0082865 -0.00424056 -0.00316752 -0.00909401 -0.000408745 -0.00727597 0.000907847 0.00660302 -0.0045878 -0.00159773 -0.00251463 
-0.00098018 -0.000852898 -0.000130653 -0.000675841 -0.00305845 -0.00306244 0.00297017 -0.00561638 -0.000994824 -0.00845461 0.00796305 0.00367063 -0.00341348 -0.0025785 0.000295892 -0.00824868 -0.00533409 6.15572e-05 0.010452 0.0155672 0.00523579 0.0154767 0.157904 -0.00138374 -0.0103393 0.018511 0.00130027 -0.0107397 0.00371743 -0.00679757 -0.00172173 -0.00795407 -0.00594451 0.000771833 0.00526103 -0.00798147 -0.00810275 -0.00472896 -0.012267 -0.0072186 -0.00987337 0.00399257 0.00354353 -0.0060882 -0.00298682 -0.0012537 0.00172102 -0.0129838 -0.00617577 -0.0210259 -0.00281096 -0.00525237 -0.00303393 0.00632888 -0.00192713 -0.00631447 0.000866887 -0.00560334 0.00157727 0.00473881 -0.00379067 0.00432996 -0.00433747 -0.00486567 -0.000155642 -0.00381219 -0.00510311 -0.00234919 -0.00467532 0.00462405 -0.000268999 -0.00811759 -0.00201117 -0.00025348 -0.0063183 0.000129384 0.00223516 0.00372532 0.0018964 -0.00170462 -0.000622818 -0.00346514 -0.00418241 0.00991393 -0.00778868 -0.00545672 -0.00543047 0.00493981 -0.0013628 0.00127731 -0.00123257 -0.0145202 -0.00868118 -0.00163764 0.00486541 0.00403891 -0.00216918 0.00149601 0.00743825 -0.00461367 
-0.00309129 0.00231731 -0.00500745 -0.00160337 -0.00419057 -0.00643484 -0.00377705 -0.00260568 -0.00365458 0.00136438 -0.00562024 -0.00634492 0.00225002 -0.00327312 -0.000862488 0.0130708 -0.00271027 -0.00244798 -0.00256029 -0.00260892 -0.00666237 0.00233575 -0.00138374 0.104513 0.00191317 0.0140996 0.00113067 0.00467066 -2.71325e-05 -0.000699036 -0.00226801 -0.0028933 -0.000514393 -0.00269729 -0.00430183 0.00590264 -0.00328842 0.000628488 0.00601082 -0.00944603 -0.0062906 0.00129858 -0.000673629 -0.000837146 0.00249552 0.00264212 -0.00377521 -0.00894659 0.000766744 -0.00430505 -0.00320086 0.000702617 -0.00600043 -0.00487986 0.00724257 0.0019032 -0.0041209 0.000832878 0.000856754 0.00452989 -0.00127495 -0.00493396 0.000839549 0.00301467 -0.00074516 -0.000695271 0.00461025 -0.0048003 0.00128724 -0.00541107 0.00710609 -0.0029339 -0.000234496 3.06528e-05 -0.00179807 -0.00858406 -0.00564358 -3.0317e-05 -0.00351705 0.00190981 -0.00797671 -0.000370116 0.000887005 0.000340948 -0.00116006 0.00116633 0.00281947 0.00372536 -0.00235699 -0.00367602 -0.00121696 -0.00308832 -0.00499383 -2.95431e-05 -0.00537417 -0.00388223 -0.00179256 0.000493362 -0.00210192 0.000918036 
-0.000829446 0.00238724 0.000134025 -0.0118488 -0.00490358 0.00164054 -0.0094246 0.00243093 -0.000771539 -0.00249298 0.00199391 0.00151944 -0.00402417 0.00161026 -0.0017623 0.000686105 -0.00882555 -0.00316991 -0.00779314 0.00333331 0.00470873 0.00128183 -0.0103393 0.00191317 0.125212 0.00538245 0.00339107 -0.000855067 -0.00493275 -0.00124322 -0.000216269 -0.00178521 0.00148932 -0.00794307 -0.00742839 0.000110855 -0.00774371 -0.00771178 0.00301613 -0.0028871 -0.000434847 -0.0033521 -0.00697062 -0.00126931 -0.00565824 -0.00602969 0.000280408 -0.0110148 0.000420763 -0.00276368 0.00279266 0.00200018 0.00465946 -0.00638821 -0.00898133 0.00202987 0.00115078 0.00680299 -0.00350339 0.000518292 0.00368817 -0.0044022 -0.00167846 0.00161408 0.00309293 -0.0013408 0.00138042 -0.00651091 0.00392743 -0.00702047 0.00360871 0.00456875 -0.0010399 0.000133733 0.00496771 -0.00026395 -0.00308826 0.00122382 -0.00251957 -0.00254193 0.00147051 0.00432951 -0.0028441 0.000766142 -0.00265591 0.00144265 -0.00348595 -0.00882085 -0.00838819 0.0031058 -1.13232e-05 0.00531986 -0.000284793 -0.00149445 0.000612763 -0.00478583 -0.00211878 0.00155112 -0.00197757 0.00287122 
-0.00596228 0.00264951 -0.0091676 -0.0111612 -0.00619188 -0.00519189 0.00801335 -0.00542321 -0.00557427 -0.00228409 0.00646679 -0.0108433 0.00206057 0.00528002 -0.000718513 -0.00679904 -0.0148608 -0.00679745 0.000521316 -0.000669354 -0.00104471 0.0130766 0.018511 0.0140996 0.00538245 0.226612 0.0106209 0.00228827 0.0153966 0.0344948 0.000778325 -0.012889 -0.00119322 -0.00477551 -0.0145261 -0.00614341 0.00643676 -0.0103466 -0.0113668 -0.0053827 -0.0141329 -0.00539972 0.00342958 -0.00416052 -0.000182741 -0.00629671 0.000436314 -0.00605587 -0.0024403 -0.000887854 -0.000120532 -0.0122739 -0.0132044 -0.0111612 -0.000216849 -0.00923656 0.00315096 0.0136454 0.00861253 0.00286262 -0.0151248 0.0110844 -0.00283879 -0.000473926 -0.00473339 -0.00990363 0.00305841 -0.0154607 -0.00625312 -0.0124058 0.00309366 -0.0101225 -0.0157199 0.00543719 -0.00135276 -0.00123979 -0.00832216 -0.0114216 -0.00898406 -0.00658467 -0.0083052 -0.00375506 0.0116905 0.00305786 -0.00688581 0.00439132 -0.00412085 0.000717666 -0.0217794 -0.00965776 -0.00542991 0.0127445 -0.00985076 -0.00574251 0.0168601 -0.0038735 -0.0099843 0.000649533 -0.00220988 -0.00999221 
-0.000250955 -0.000664095 0.000306193 -0.00654185 -0.00398029 0.00175791 0.000116549 -0.00193774 -0.00138355 0.0104329 -0.00243111 0.000776021 0.00556215 -0.00966914 0.00353372 -0.00461434 -0.00423153 0.00196001 0.00840707 0.00396938 0.00240609 -0.0167396 0.00130027 0.00113067 0.00339107 0.0106209 0.140742 0.00931288 0.00107474 0.023398 -0.00249881 0.00415716 -0.000194753 -0.00742841 -0.00215821 0.00697436 -0.0127532 -0.00817251 -0.00441934 -0.00356205 -0.00455193 0.000465835 -0.00458666 0.00293516 0.00145003 0.00671254 0.00847481 -0.0136403 -0.00211646 -0.00447489 0.00569017 0.00151233 -0.00226875 -0.0064823 -0.00205306 0.00711198 -0.00350237 -0.00556862 0.00580769 -0.00721848 -0.00927739 -0.000451087 -0.00343118 -0.0124018 0.00133469 0.0054331 -0.00193884 -0.00569495 -0.000783499 -0.0035102 -0.00237424 -0.00223032 -0.00615698 0.000433769 0.00201986 -0.00522618 -0.00659379 -0.00409934 -0.00214998 -0.00690055 -0.0102894 -0.00194172 -0.0076242 -0.00827039 -0.0133571 -0.00163979 -0.00685121 -0.00501228 -0.000967172 -0.00831884 -0.000351401 0.00702953 0.00421514 -0.00125985 0.000633517 0.00310331 -0.00205783 -0.00194406 -0.009959 -0.00253379 
0.00103221 -0.00383936 0.00157706 -0.00763808 -0.00225021 -0.00144246 -0.00640315 -0.00050937 -0.00572092 0.00455576 0.000244088 -0.0044505 0.00314587 0.00137446 -0.00310174 -0.00162965 -0.0012566 -0.00214111 -0.00154703 -0.00519874 -0.0111019 -0.0069849 -0.0107397 0.00467066 -0.000855067 0.00228827 0.00931288 0.107091 -0.0011045 0.00964884 -0.000441467 -0.000617127 0.00302508 -0.00596975 -0.00743657 0.000424072 -0.00240401 -0.00220027 -0.000588523 0.000459567 0.0032197 -0.000629045 -0.00101466 0.00568611 0.00650976 0.00108812 0.00889503 -0.0115069 0.000725315 -0.00449733 -0.00238313 -0.00709302 -0.00277625 -0.00346435 -0.00819924 0.0115155 -0.00487929 -0.000814562 0.00246945 -0.000777106 -0.00255838 -0.0056315 -0.000680749 -0.00615963 0.000379559 0.00283456 -0.00204717 -0.00254675 0.000905682 0.0103383 -1.64524e-06 -0.00237241 -0.00524961 0.000709435 -0.000252558 -0.00323478 -0.00409154 -0.00539087 -0.000367761 -0.00505361 -0.00625283 0.00223547 0.00245415 -0.000241708 -0.00500636 0.00236315 -0.00418926 -0.00178636 0.000619601 0.00033038 0.00110404 0.00223134 -0.00373669 -0.000474755 -0.00276456 0.00065548 -0.00168495 0.000786457 -0.000414088 0.000891982 
-0.00174827 -0.000228648 -0.00226716 -0.00315696 -0.00702905 -0.00618328 -0.00514216 0.00158356 -0.00304315 -0.00713303 -0.000303758 -0.0058451 -0.00428344 0.00498138 -4.03985e-05 -0.00752187 -0.00115362 -0.00620268 0.00483535 -0.00223347 -0.00156766 -0.00441936 0.00371743 -2.71325e-05 -0.00493275 0.0153966 0.00107474 -0.0011045 0.132561 0.0199548 0.00624774 0.00608351 -0.0106068 -0.00474599 -0.00430642 0.00669107 -0.00134235 -0.000527168 -0.00733778 -0.00769883 -0.0122177 -0.00322548 -0.000261681 -0.00479699 -0.00240204 -0.00579737 -0.00896508 0.00447909 -0.000124506 0.00476741 -0.00106124 -0.00263053 0.00799161 -0.000934138 -0.00129293 -0.00556747 0.00249656 -0.011925 -0.0046411 -0.000351663 -0.00638794 -0.00429201 -0.00243444 0.0114313 -0.000952533 -0.0056947 0.0024902 -0.00453596 0.00429706 0.00358742 -0.00539263 -0.0046739 -0.00405487 -0.000304099 -0.00352204 0.00035979 -0.00211151 0.00308449 0.00253462 -0.00343526 -0.0032551 -0.00146822 0.000973233 0.0036343 -0.00433962 -0.0044905 -0.00243522 -0.0059955 -0.00571701 0.00148019 -0.00126998 -0.00257721 0.000543696 -0.000432895 0.00679014 -0.00292799 -8.50087e-05 0.00215418 -0.00231446 -0.00279424 
-0.00249362 -0.00646581 -0.0117333 -0.00616842 0.000547333 -0.000397817 -0.00756999 0.00138599 0.00320265 0.0133248 -0.0014647 -0.00165697 0.000882759 0.00149969 -0.000843978 -0.000182214 0.00211346 0.00144594 0.000447298 -0.00248592 0.00779626 -0.00668228 -0.00679757 -0.000699036 -0.00124322 0.0344948 0.023398 0.00964884 0.0199548 0.1795 0.00185367 -0.00175474 -0.00585138 0.000980208 -0.00313372 2.40375e-05 -0.00279051 -0.00461628 -0.00695093 -0.00592335 -0.0107397 -0.00965143 -0.00075493 -0.00480252 -0.00853636 0.00696243 0.0147022 0.00949176 0.00770814 -0.0129514 -0.00108552 -0.00347841 -0.0149426 -0.00965869 -0.0183236 -0.00779472 -0.00252827 -0.0128208 0.0117315 -0.00526564 -0.0145236 -0.00401948 -0.00396927 -0.0109063 -0.0046002 -0.00329692 -0.00389529 -0.0188875 0.00266945 -0.00954985 -0.00338605 -0.00505691 -0.00193859 0.000491944 -0.0124266 0.00428593 -0.00821514 -0.00380172 -0.00530983 0.00290579 -0.00713078 -0.000886309 -0.00678273 -0.00423561 -0.0100596 -0.00382905 -0.00249776 -0.00256746 -0.00140258 -0.0110519 -0.00588199 0.00608392 -0.00208785 0.00113742 0.0159527 0.000882024 0.00137316 0.00198922 -0.0114069 0.00397589 
-0.00188852 -0.000339057 0.00466994 0.00174431 -0.00575386 -0.00366659 -0.0051283 -0.00137804 0.00394647 -0.000271903 -0.00163224 -0.00508677 5.80297e-06 -0.000256711 -0.00152653 -0.00887111 -0.00283214 -0.0010295 0.00283515 0.000788017 0.00480646 0.00381001 -0.00172173 -0.00226801 -0.000216269 0.000778325 -0.00249881 -0.000441467 0.00624774 0.00185367 0.0811901 0.00223539 0.00119829 -0.000765236 -0.00295061 -0.00052835 -0.00171262 -0.00196429 0.00132579 -0.00235146 -0.00696866 0.00187913 0.00199545 -0.00405726 -0.00130605 -0.00276056 -0.00560605 -0.00236276 -0.00200368 -0.00211428 -0.00337443 -0.00207897 -0.000681171 0.000952824 -0.0030535 -0.004082 -5.34195e-05 -0.00355146 -0.00201645 -0.00479902 0.00225713 0.00282914 -0.00163719 -0.00139953 -7.00924e-05 -0.00179342 0.000398631 0.00243664 0.000114409 -0.00475404 0.00013035 -0.000651937 0.0011794 0.000613558 -0.00123122 0.00244034 0.00145839 0.00358382 0.000411976 -0.00160468 0.00614013 -0.0012846 -0.0040462 -0.00296093 -0.00355875 0.00227972 -0.00380524 -0.00254737 -0.00309899 -0.00219782 -0.00228555 0.00432372 -0.00280625 0.000943992 0.00258205 0.00235819 -0.00157697 0.000128323 -0.00453292 -0.00307923 
-0.00171943 -0.00588263 0.00446905 0.00055981 -0.00424389 0.00116849 0.00437851 -0.00136407 -0.00262124 0.00170332 0.00593389 -0.00296292 7.10405e-05 6.97452e-05 -0.00169421 -0.0061895 -0.00566969 -6.76351e-05 -0.00045193 0.000160519 -0.00291724 -0.00521262 -0.00795407 -0.0028933 -0.00178521 -0.012889 0.00415716 -0.000617127 0.00608351 -0.00175474 0.00223539 0.0890738 0.00203508 -0.000601166 -0.00175528 0.00731861 -0.00475556 -0.00606797 0.00155892 0.00228022 0.000198204 0.00315183 -0.00646314 0.000628068 -0.0037437 -0.00386882 -0.00252678 -0.00137734 0.00291947 0.00167404 -0.000233656 0.00254336 0.0110204 -0.000503465 -0.000875778 0.00630944 0.00136806 -0.0022145 -0.00273011 0.00207877 -0.00521899 -0.000965273 -0.00107524 -0.000223016 -0.000477326 -0.00141327 0.000811798 0.00569636 0.00114409 -0.00048261 -0.00365495 -0.00278484 0.00167117 -0.00201755 0.00171969 -0.00274677 -0.00305153 -0.000268956 -0.00134765 -0.00570099 -0.00327073 0.000251794 -0.00654997 -0.00350391 -0.00102832 -0.00132577 -0.000960538 -0.00463087 -0.00591663 -0.00342951 -0.00101037 -0.00750068 0.0048734 -1.0474e-05 -0.00228086 -0.000310613 -0.00179887 -0.00178759 -0.000861552 0.00289695 
-0.00276765 -0.00668622 0.00263944 -0.00915482 -0.00409972 0.0060467 -0.00752664 0.00698342 -0.00257854 -0.0063298 0.00274756 0.0136084 -0.000938947 -0.00712517 -0.00461152 0.00800415 -0.0101112 0.000461098 -0.00781198 -0.00417722 0.00521026 0.0107915 -0.00594451 -0.000514393 0.00148932 -0.00119322 -0.000194753 0.00302508 -0.0106068 -0.00585138 0.00119829 0.00203508 0.137309 -0.000395225 -0.00461812 -0.00590894 -0.00329356 -0.00783771 -0.00530241 -0.0085877 0.0034447 -0.000162343 -0.00442564 0.00632787 -0.00503032 -0.00254708 0.000165093 -0.00935382 -0.00342722 0.00757535 -0.00343672 -0.0029968 -0.00896359 -0.00555678 -0.00378311 -0.000708304 0.00333131 -0.0123406 -0.00212211 -0.00336284 -0.00687742 -0.00332471 -0.00251891 0.0101613 -0.00339283 -0.000482645 -0.00512557 0.0109222 -0.00625662 -0.00136126 -0.00596883 0.00126793 0.00231576 -0.00138606 0.00399689 -0.00757043 0.00299718 -0.00192191 0.00224525 -0.00269198 0.000719133 -0.00126539 0.00232795 -0.00376415 1.35968e-05 0.00206558 -0.00680956 -0.00120043 -0.00832536 -7.61842e-05 -0.00203439 0.00465817 0.00552179 -0.00171822 -0.00318509 0.00150026 0.00763572 -0.00400488 0.0029548 -4.87505e-05 
0.00613429 -0.00404552 -0.000960121 0.0013675 0.00119109 0.00549507 -0.00334513 0.00240883 -0.00302081 -0.005089 0.000870473 -0.00260257 -0.00155266 -0.00033006 -0.00278373 -0.00335939 0.00245955 0.00608285 0.0075941 0.000486491 -0.00156343 -0.0028753 0.000771833 -0.00269729 -0.00794307 -0.00477551 -0.00742841 -0.00596975 -0.00474599 0.000980208 -0.000765236 -0.000601166 -0.000395225 0.114884 0.00700039 0.00441872 0.00941244 0.00281312 -0.000250671 -0.00239897 0.00126379 0.00245338 -0.00113434 -0.00116508 -0.00614683 -0.00501871 -0.0102004 0.00949988 -0.00533496 0.00210923 -0.00239911 -0.0017333 -0.00872195 -0.00288018 0.00152082 -0.00639529 -0.00315781 0.000238804 -0.00333126 -0.00246275 0.00516576 -0.000653253 -0.000839437 0.00153378 -0.00029379 -0.000907629 -0.000353434 0.00594096 -0.00315204 -0.00214213 -0.000431585 -0.0054388 0.000471472 -0.00153036 -0.00313249 -0.00297595 -0.00368185 -0.00130163 -0.00378228 -0.000430999 -0.00187855 -0.0028719 0.00248052 0.0029945 -0.00772693 -0.00113389 -0.0016007 0.0018461 -0.0036128 -0.00696288 -0.00238989 -0.0166802 -0.00123266 -0.00168351 0.00120764 -0.000575606 -0.000703899 0.000854512 -0.00125202 -0.00301834 
