0.152669 0.00316759 0.00981598 -0.0101201 -0.000321777 0.00367673 0.00367663 -0.00681248 0.00438059 0.002559 0.00368326 0.00246114 0.00441871 -0.00552163 0.00311732 -0.000947832 0.00185354 -0.00388918 0.000587161 0.00164321 -0.0150127 0.00465045 0.0098745 0.00783473 0.00632665 0.00629607 -0.00750823 -0.0123432 0.013247 0.00187578 -0.0108064 -0.00430074 0.00788093 -0.00219619 -0.00209498 0.000964192 -0.00021862 -0.00550713 -0.00648682 -0.00643301 0.0020824 -0.0138869 -0.000697368 0.000755363 0.0218882 -0.000307232 -0.00628243 0.00144915 -0.000108748 -0.00302529 -0.00799676 0.00776103 -0.00385876 0.00579977 0.00742003 0.00518524 0.00144353 -0.00311429 -0.00965875 -0.00507231 -0.00208568 0.000152637 -0.00231204 -0.00968351 0.00949349 -0.00692735 0.00159652 -0.00431179 -0.00128406 -0.00349368 -0.00290153 0.00501102 -0.0080789 -0.00593553 -0.00408065 -0.00509301 -0.0156569 -0.0126676 0.00291766 0.00555584 -0.00767864 0.00104547 -0.0108086 0.000463046 -0.0104622 -0.0101375 -0.00350717 -0.00777462 -0.0057894 -0.00154592 -0.0026516 -0.00236441 -0.00567605 -0.00352456 -0.000907117 -0.000151173 -0.0063209 -0.0028272 -0.00223779 -0.0132733 
0.00316759 0.139219 0.00672936 -0.00166656 0.00329301 -0.00533806 -0.00640655 -0.00267307 -0.00315512 -0.00332812 0.00950032 0.0126619 -0.00801521 -0.00281063 -0.0034615 0.00206263 -0.01021 -0.000911031 -0.00368084 0.00376063 -0.00351764 0.00747566 -0.0150525 -0.00496584 -0.0097513 -0.00544863 -0.0078783 -0.00992642 -0.00343972 0.00220388 -0.00145258 -0.00567752 -0.000372421 -0.000825277 0.00190211 -0.0105587 -7.59372e-05 -0.00296697 0.00210755 0.00223773 -0.00220264 -0.00564384 0.00113118 -0.00429004 -0.00464944 0.00142009 0.00383216 -0.00279219 -0.00310122 -0.00300065 -0.00156707 -0.00449565 -0.00559166 -0.00166157 -0.00716791 0.00222744 0.00378537 -0.00402552 -0.00538413 0.0114836 0.00465151 0.00375462 -0.00597511 -0.000544875 -0.0100733 -0.00782647 -0.000135561 -0.00470845 0.000766102 -0.00514272 0.0110682 -0.0096716 -0.000379997 0.00465602 -0.00434586 0.00483498 0.00804592 -0.00135047 0.00153933 0.00196457 -0.00271357 -0.00271915 -0.00720174 0.000490904 -0.000786003 -0.00875057 0.00119647 0.00130617 -0.00196459 0.00142184 -0.00121329 -0.00177644 -0.0068385 -0.000248416 0.00300516 -0.00050414 -0.00343588 0.00796215 0.00365177 -0.00306994 
0.00981598 0.00672936 0.123862 0.00365393 0.000536814 0.00261868 0.00705489 0.00806353 -0.00103238 -0.00337557 -0.00431567 -0.0103741 -0.00336752 -0.000667789 -0.00560887 0.000797793 -0.00663824 -0.00016872 0.00148671 0.00285159 -0.00672917 0.00226104 -0.00284978 -0.00536785 -0.00423844 -0.00117221 -0.00866863 0.00454534 0.00433908 0.00603805 0.00164672 0.00848534 0.00362544 -0.00448254 -0.00595114 -0.00207365 -0.00571241 -0.00635308 0.00067314 -0.00691032 -0.00407785 -0.00662341 -0.000691551 -0.0015961 0.00721069 0.00412624 -0.000750648 0.00229841 -0.00297142 -0.00340972 -0.00808473 -0.00778285 -0.00629068 3.77769e-05 -0.00266848 -0.000774445 0.00233842 0.00606156 -0.00331693 -0.000950738 0.00128875 -0.00655678 0.00193082 -0.000606969 -0.00389616 -0.0116588 0.000195936 -0.006452 -0.00249566 -0.00124333 0.00354194 -0.00722006 -0.00617093 0.00725151 -0.00185912 0.00256131 0.00169753 0.00451583 -0.00684976 -0.00708939 -0.00683037 -0.00253253 -0.000949944 -0.00439759 -0.00611108 -0.00988625 0.000658841 -0.0034961 -0.00762071 -0.000151946 -0.00145286 -0.00086195 0.00384397 0.00300484 0.00190456 0.00213414 -0.00321407 0.0021929 -0.000740598 -0.0014891 
-0.0101201 -0.00166656 0.00365393 0.123336 -0.000201405 9.20915e-05 0.0022857 0.00157144 -0.00312534 -0.00487455 -0.00626205 -0.00761148 -0.00309913 0.000820442 0.0129242 -0.00636376 -0.00465861 4.79974e-05 -0.00391721 -0.00748471 -0.0016328 0.00346394 -0.00184615 -0.0041902 -0.00182927 -0.0018993 -0.00391882 0.0175298 0.000241388 -0.00626585 0.00593957 0.000835976 -0.000107989 0.00359911 0.00340288 -0.00755573 -0.00213505 -0.00212954 0.00208827 0.000800208 -0.00507519 0.00100837 -0.00125831 -0.00766509 -0.00966746 -0.00898281 -0.000394151 -0.00959937 -0.000161357 0.00351073 -0.00281736 -0.00087348 -0.000493524 0.00414576 -0.0104918 -0.0015185 -0.000347176 -0.00671583 0.00430718 -0.00522348 -0.00015889 0.00305491 0.00118559 0.00357358 0.000662021 -0.00682611 0.00221771 0.000336964 -0.0021081 0.00158625 -0.0103441 0.0001052 -0.000868954 -0.00885478 -0.00259243 0.00250925 -0.0013272 0.000725065 -0.00219537 -0.00108681 -0.0043169 -0.00209583 -0.00187345 -0.00127988 0.00123037 -0.00977242 0.00395323 0.00314694 -0.000953979 0.00139351 -0.00306772 -0.00278551 0.00804859 -0.00295297 -0.000114769 -0.00460993 -0.00595954 0.00385814 0.00456885 0.00256537 
-0.000321777 0.00329301 0.000536814 -0.000201405 0.0888485 0.00731021 -0.00207805 -0.00120444 0.00129016 0.00482839 -0.000931247 0.00247116 0.00202301 0.00176049 -0.00143011 -0.000664657 -0.00358848 -6.55657e-05 -0.00235228 -0.00294056 0.00875236 0.00436545 -0.00560023 0.000615511 -0.00240935 0.00189294 0.00155456 -0.00589537 -0.0110126 0.00157783 0.00211106 -0.0053468 -0.00759927 -0.00277098 -0.00272065 -0.00080643 -0.00486427 -0.00313426 -0.00117377 -0.000195836 0.00496605 -0.0021418 -0.00433959 -0.00160119 -0.00275442 -0.00112017 -0.00133236 0.00209569 0.00289812 0.000578695 -0.00206979 -0.000696613 0.000345198 0.000913934 0.00103381 -0.00169131 0.00844301 0.00186413 -0.00552423 0.00520152 -0.000292023 0.00108143 -0.00443 -0.00472189 -0.00138769 0.00291946 -0.00133451 0.00119067 -0.00177435 0.00249754 -0.0010978 -0.00440415 0.00206471 -0.000944642 0.000471632 -0.00195842 -0.00797392 0.00235134 -0.00045718 -0.0038098 -0.0052561 0.000586828 0.0006182 -0.00221297 0.000643328 -0.00505234 -0.00205664 -0.003767 -0.00164143 -0.00216447 -0.00745344 -0.00288031 -0.00417032 -0.00212261 -0.00189907 0.000352272 -0.00736266 0.00219068 -0.00238498 -0.000949088 
0.00367673 -0.00533806 0.00261868 9.20915e-05 0.00731021 0.107284 0.00336884 0.00504586 0.00219841 0.00828863 0.00237933 0.00434004 -0.000469806 0.00275173 -0.00359021 -0.00322782 -0.0110548 -0.00275565 -0.00201545 -0.00529824 -0.00390412 -0.0028564 0.00904107 -0.00151393 0.0053701 -0.00257584 0.00354452 -0.00525789 -0.00499514 0.00307364 -0.00439169 -0.00149511 -0.00250269 -0.0054381 0.00130673 -0.0055863 -0.000548026 -0.00122214 -0.00315141 -0.00108793 0.00428522 -0.000176666 -0.00200895 -0.00194771 -0.00957857 -0.0041955 -0.00453225 -0.00250125 0.00530497 -0.000632299 -0.00142691 -0.00547822 -0.00229869 -0.00151594 -0.00601726 -0.00636829 -0.00233242 0.000648162 -0.00572028 -0.000987838 -0.000544096 0.00228809 -0.00177903 -0.000171267 -0.00347508 0.00194727 0.00166249 5.80574e-05 -0.000266322 0.00205446 0.00930888 0.00327948 -0.00101249 -0.00215203 -0.00326798 -0.00746264 -0.00737039 0.00153673 -0.000952193 -0.00590966 0.00689417 -0.000189138 -0.000625452 -0.00211943 -0.000626826 0.0014357 -0.0033387 -0.00499208 -0.00348827 -0.00647 0.00471779 -0.00268532 -0.00196784 -0.00458651 0.00097768 -0.0022469 -0.00336141 -0.00668348 -0.00234789 -1.80073e-06 
0.00367663 -0.00640655 0.00705489 0.0022857 -0.00207805 0.00336884 0.131771 -0.0010869 0.00821989 -0.000500757 0.0112672 -0.0118382 0.000367386 -0.00246027 -0.000494031 -0.00357397 0.00342197 0.00479552 -0.00558322 -0.0058059 -0.00676579 -0.00418258 -0.00566784 0.00446178 -0.00511775 0.00026779 -0.00640261 0.00741354 0.00295871 -0.000706662 -0.00538252 0.000656392 -0.0070477 0.00103611 0.00205155 -0.00258157 -0.000523554 -0.00334246 -0.00441678 -0.0100903 -0.00308912 -0.0063155 0.00436605 -0.00593963 0.00293372 -0.0127029 -1.25745e-05 -0.0144453 -0.00793709 -0.000962565 0.00281833 -0.000871536 -0.0014933 -0.0039852 0.000196922 -0.00243287 0.00235674 -0.00112218 -0.00367333 -0.00792391 -0.00325415 -0.00455848 0.000362181 -0.00499009 -0.00117142 -0.00267159 0.01163 0.00543338 -0.00405015 -0.00869031 0.00397117 -0.0065091 -0.00591413 0.00862456 -0.00979346 0.0155197 0.0059348 -0.00263067 -0.00474174 -0.011938 -0.00160503 -0.00600203 0.00877491 0.00256323 -0.000607017 0.000594321 0.000762344 -0.00552594 -0.00344089 -0.00684098 -0.00557297 0.0016965 -0.000354515 -0.000767899 0.00910654 0.00301547 0.00215212 -0.004423 -4.49892e-05 -0.00682608 
-0.00681248 -0.00267307 0.00806353 0.00157144 -0.00120444 0.00504586 -0.0010869 0.1229 -0.00184156 -0.00262019 -0.00594448 -0.00461723 -0.00167541 0.00330732 -0.00551151 0.00177317 -0.00865696 -0.00124645 0.00443787 0.00339317 0.00407969 -0.00476725 0.00174151 -0.00370724 -0.00280389 -0.00460315 -0.00151597 -0.00129439 0.0109693 -0.00402677 -0.00343999 0.00236964 -0.00435024 -0.000784144 -0.00650752 -0.0115894 -0.00302005 0.00217857 0.00063614 -0.000124176 -0.00206585 0.00445665 -0.00206211 0.00320182 -0.0037977 0.00745471 -0.00458214 -0.00895081 0.0103268 -0.00539334 0.00228768 0.00208262 -0.00355224 0.00221902 -0.00806588 -0.00298055 -0.0036584 -0.00122262 -0.00442915 -0.00687797 0.0015162 -0.0111942 0.00177806 -0.00132798 -0.000332007 -0.0011312 -0.0064791 -0.00762984 -0.000181065 -0.00168394 0.0011788 -6.31511e-05 0.00513257 0.00987987 0.000705457 -0.00166221 -0.00110533 -0.000670201 -0.00351285 -0.00390842 -0.00476394 -0.00496029 -0.00221336 -0.00363215 -0.00546078 -0.00729373 -0.00185716 -0.00418488 -0.00341396 0.00641768 -0.00295671 -0.0028911 0.00728097 0.00234762 0.00474585 0.000324417 0.00115841 -0.00454794 -0.00419605 0.00035462 
0.00438059 -0.00315512 -0.00103238 -0.00312534 0.00129016 0.00219841 0.00821989 -0.00184156 0.0786813 -0.000779084 0.00311199 -0.00340486 0.00141707 -0.000546273 0.00345486 -0.000499973 -0.00480091 -0.00236708 -0.00291467 0.000674756 -0.00683763 -0.000950714 0.000931443 0.00784249 -0.000256718 -0.00383735 -0.00330906 -0.000489736 -0.00537706 -0.000569098 0.000666207 -0.000826343 -0.00187683 -0.00380826 0.00322807 -0.00329857 -0.000176602 -0.00294871 -0.00212495 0.00193769 0.000310351 -0.00217734 -0.00282631 -3.9363e-05 0.00227034 -0.00462835 -0.00115818 0.000144602 -0.00369314 0.000897296 -0.00210352 -0.00045672 0.00267639 -0.00430081 -0.00284201 -0.00175111 -0.00189019 -0.0036338 0.000885997 -0.00159461 -0.00305396 0.00103177 -0.000597628 -0.00187857 0.00217582 -0.00209118 -0.00195988 0.00100596 -0.00127235 -0.00145275 -0.00626649 0.000276225 -4.34065e-05 -0.00172105 -0.00386615 0.00212 0.00332369 -0.0015913 0.00581417 0.00154278 0.00237572 0.000110361 -0.000324852 0.00505783 -0.00139956 0.00398566 -5.85464e-05 -0.00623335 -0.00299298 -0.004603 -0.00258644 -0.000184298 -0.0043653 -0.00174212 0.000568595 -0.00352876 0.00219709 -0.00429781 -0.00171813 -0.00272536 
0.002559 -0.00332812 -0.00337557 -0.00487455 0.00482839 0.00828863 -0.000500757 -0.00262019 -0.000779084 0.119451 0.0100476 0.0101809 0.00901621 0.00265403 -0.0107326 -0.00180547 -0.0100235 -0.000148148 0.000513495 -0.0083771 -0.0146915 -0.00643735 0.00336687 -0.00159594 -0.00319689 -0.0039316 0.00741657 0.00275593 -0.00852719 -0.00368298 -0.00130787 -0.00445561 0.00457055 -0.00258437 -0.00372157 0.00565567 0.001337 0.00273782 -0.00078826 -0.00190255 -0.000375277 0.00409918 -0.00147802 -0.00259657 0.00561525 0.002374 -0.0036458 0.0117105 0.00523696 -0.00481141 0.00101435 -0.00149032 -0.00355868 0.00119805 0.00659914 -0.00682153 -0.00504015 -0.000416169 -0.0101641 -0.0131626 -0.00206173 -0.00536625 -0.00291992 -0.00207953 6.77456e-05 0.00340913 -0.000709196 -0.00277607 0.000653099 -0.00302932 0.00586064 0.00230295 0.00142198 0.00794577 -0.0035199 -0.00486435 -0.00196972 0.00595477 -0.010334 -0.0115765 -0.00332394 -0.00438123 -0.00419743 0.00358726 -0.00671901 -3.27838e-05 -0.00086651 -0.00470621 0.000971224 -0.00669986 0.00120945 -0.00451272 0.00105545 -0.000164752 -0.00172461 -0.00692789 -0.00595885 -0.00501814 -0.00484916 0.000572415 
0.00368326 0.00950032 -0.00431567 -0.00626205 -0.000931247 0.00237933 0.0112672 -0.00594448 0.00311199 0.0100476 0.150329 -0.00395935 -0.00057772 -0.000247554 0.00456783 0.00499365 0.00294718 0.00685062 0.000602657 0.00373976 -0.00461805 -0.00411451 -0.00955212 -0.00673219 -0.0076118 0.00217336 -0.00192088 -0.00339886 -0.0151023 0.00327455 -0.0072151 0.00295221 0.00769229 0.00838886 0.00067131 -0.00393346 0.00402592 -0.0064186 -0.00256061 -0.00218665 -0.00173227 -0.00939285 0.000617397 -0.013869 -0.00972969 -0.0108195 -0.00136601 -0.0105871 -0.00834356 -0.00478451 -0.000754542 -0.00168446 0.00273594 -0.00932009 -0.00183178 -0.00451541 -0.00712542 -0.00599314 -0.00660698 0.0125848 -0.00458875 -0.0067333 -0.00695328 -0.00346488 0.00161758 0.00351127 -0.00467991 -0.00484105 0.00221659 -0.00696854 -0.00867182 -0.00269603 -0.00208324 -0.00484597 -0.0022797 0.00167724 0.00680116 -0.00722094 -0.00375662 -0.00457463 -0.00407669 -0.00188849 0.00928487 0.00334587 -0.00621628 0.017419 -0.000680902 -0.00242118 0.00230783 -0.00622554 -0.0078588 0.000725352 -4.40765e-05 0.00204275 0.000581853 -0.00185016 -0.000587806 0.00578755 0.00201464 -0.00620191 
0.00246114 0.0126619 -0.0103741 -0.00761148 0.00247116 0.00434004 -0.0118382 -0.00461723 -0.00340486 0.0101809 -0.00395935 0.142909 0.000743078 -0.0010959 0.0010474 -0.00258479 -0.00614022 -0.00406803 0.00324839 -0.00388962 -0.00572304 -0.00941474 0.00120952 -0.0048921 0.00376211 -0.0032518 0.0109608 -0.00995672 0.00492801 -0.00371586 0.00700177 -0.00319294 0.00409255 -0.000305814 -0.00573904 -0.00155457 -0.00485424 0.000722053 0.00221329 0.00482793 -0.00325426 0.000137588 -0.00497053 -0.00464717 -0.00219332 -0.00027692 -0.000636693 0.0123983 -0.00243159 -0.000623376 -0.00526504 -0.0104531 0.00204231 -0.00140534 0.00453427 -0.00945564 -0.000622043 -0.00375913 -0.00359355 0.000918404 0.00377772 0.00285705 -0.00512214 -0.00565726 -0.00116423 0.00316809 -0.00715297 0.00688187 0.000188064 0.00960486 0.011517 0.000704874 0.00969333 0.00693046 0.00508113 -0.00400276 0.0018697 0.00153802 -0.00567262 -0.00643778 -0.00989429 -0.00305961 -0.00343441 -0.00493174 -0.0035783 -0.0130839 0.00149205 -0.00449024 -0.00284139 -0.014923 -0.00568271 -0.00283226 -0.0089943 -0.00344047 -0.00567671 0.00455117 -0.0140399 -0.00199087 -0.000752302 -0.00503896 
0.00441871 -0.00801521 -0.00336752 -0.00309913 0.00202301 -0.000469806 0.000367386 -0.00167541 0.00141707 0.00901621 -0.00057772 0.000743078 0.106352 0.00184551 -0.00149936 0.00301223 -0.00598028 -0.000806157 -0.00413308 -0.000301566 -0.0120118 3.24678e-05 -0.00540496 -0.00727411 -0.000339429 -0.00259925 -0.00373605 -0.00666896 0.000965168 -0.000261095 -0.00081221 -0.00560966 -0.00787313 -0.00371897 -0.00300956 0.00477861 -0.00286464 -0.00645746 0.00320642 -0.000705402 0.00135999 0.00187649 -0.00102081 0.000768436 0.0109795 0.00937184 0.000920167 0.00458187 -0.00468428 -0.000254048 0.00513295 0.00676464 -7.13792e-05 0.00183739 0.00501866 9.51498e-05 0.00218586 -0.00165532 -0.00777066 -0.00351625 0.00133589 0.00406894 -0.00585317 -0.004846 0.00102084 -0.00848725 -5.34745e-06 -0.00266155 -0.00128481 -0.00486134 -0.00673983 0.001888 0.00067378 -0.00307694 -0.00366061 4.86926e-05 -0.00552115 -0.00125049 -0.0010231 8.85485e-05 -0.0033416 -0.000928844 0.00287393 0.0010754 0.000141031 0.0025302 -0.00328724 0.00392225 -0.00860484 -0.00403608 -0.00462893 -0.00217687 0.00779955 -0.000585861 -0.00492649 -0.00339018 -0.00320472 -0.00244272 -0.00261066 -0.00485683 
-0.00552163 -0.00281063 -0.000667789 0.000820442 0.00176049 0.00275173 -0.00246027 0.00330732 -0.000546273 0.00265403 -0.000247554 -0.0010959 0.00184551 0.0674062 0.000704451 -0.000718191 -0.00266499 0.000338268 1.29952e-05 -0.00340046 -0.00171203 -0.00149137 0.00215521 -0.00508219 0.00177523 0.000161676 -0.000697131 -0.00218726 -0.00272904 -0.00116379 -0.00119515 -0.000711446 -0.00240452 -0.000373527 -0.0015782 0.000596825 -0.00182003 -0.00179912 0.00193846 -0.00172181 0.000120377 0.00224857 -0.0034495 -0.000535661 -0.00196264 0.00139726 -0.00137447 -0.00610234 -0.00462679 -0.00325416 0.000635689 0.00111271 -0.00100512 -0.00189497 -0.00327401 -0.00317878 -0.00266032 -0.00174777 -0.00506911 0.00308106 4.16477e-05 -0.000685588 0.00298739 -0.00054786 0.000737441 -0.00440146 0.0021737 4.39456e-07 -0.000400809 0.00476485 0.000558454 -0.00693243 -0.000920474 -0.0017726 -0.000240998 -0.00291275 0.000184894 0.00200054 -0.000148896 0.000451049 -0.000183229 0.00124935 -0.00137459 -0.000300146 0.00029193 -0.00102751 -0.00176877 -0.00227733 -0.00165615 -0.00109524 0.00108447 0.000842148 0.00484596 -0.000752695 -0.000707701 0.00086552 -0.00309943 -0.00428341 -0.00124063 0.00576235 
0.00311732 -0.0034615 -0.00560887 0.0129242 -0.00143011 -0.00359021 -0.000494031 -0.00551151 0.00345486 -0.0107326 0.00456783 0.0010474 -0.00149936 0.000704451 0.147057 -0.000951201 -0.00280799 0.00343147 0.00230877 -0.00225251 0.006476 -0.00462026 9.43233e-05 0.00180049 0.00126126 -0.00116453 -0.00475154 0.000400826 0.00318277 -0.00675164 -0.00661899 -0.00582463 0.0045077 -0.000280204 0.00300924 -0.00585145 -0.00432304 0.000845402 0.00783423 -0.00190153 0.003491 -0.00676782 -0.000275421 -0.00580781 -0.00504464 -0.00526657 -0.00330474 -0.00332482 -0.00371848 0.000465663 -0.0069942 -0.00273143 0.00497296 -0.00508676 -0.00731965 -0.00486827 -0.00553362 -0.00524439 0.0053441 -0.00845985 0.00170538 -0.00156622 -0.00497354 0.00114846 0.00354967 -0.00780636 -0.0049373 -0.0054463 -0.00186048 -0.00855148 -0.0102153 0.000166761 0.00520068 -0.0101464 -0.0007342 0.000469973 0.000220026 -0.00586667 0.0101614 0.00461519 -0.00457177 -0.00234131 -0.00150992 0.000300694 -0.00422123 0.00531837 -0.000917991 0.00266063 0.00284654 -0.0074917 -0.0071842 0.00366758 0.00228001 -0.00107319 -0.00536416 0.000525828 -0.00031693 -0.00704773 0.00117116 -0.00398666 
-0.000947832 0.00206263 0.000797793 -0.00636376 -0.000664657 -0.00322782 -0.00357397 0.00177317 -0.000499973 -0.00180547 0.00499365 -0.00258479 0.00301223 -0.000718191 -0.000951201 0.100072 -0.00674838 0.000383803 0.00152761 0.00434432 0.00326832 0.0035877 0.00321092 -0.00643807 -0.00294097 0.00260066 -0.00553851 -0.00252161 0.00435527 0.00492951 -0.00275132 6.89299e-05 0.0029595 -0.00489869 -0.00250091 -1.47065e-05 0.0020951 -0.00271794 0.00062965 -0.00184361 -0.00242034 -0.00328874 -0.00330318 0.00273815 0.00187863 0.00640657 0.000895528 0.00110309 -0.00277595 -0.000851937 0.00288076 0.00505528 0.000577276 0.0022305 0.00160838 -0.00359439 -0.00133362 -0.000109021 -0.00504058 0.000248953 -0.000697566 -0.00415219 0.00408937 -0.0029233 -0.000308083 -0.00410733 -0.00626774 -0.0052097 0.00143514 -0.00397239 -0.00754813 -0.00239384 -0.0025871 -0.0016711 -0.00126069 -0.00538808 0.00282134 -0.000414038 -0.000525138 -0.00172615 -0.00540899 -0.00314253 0.00588856 -0.00526828 -0.00642159 -0.00482772 -0.00108901 0.000462572 -0.00195867 0.001904 -0.00873903 -0.000462675 -0.00345545 -0.000614971 -0.000281454 -0.0036887 -0.00711947 -0.00361995 -0.00278722 0.00411177 
0.00185354 -0.01021 -0.00663824 -0.00465861 -0.00358848 -0.0110548 0.00342197 -0.00865696 -0.00480091 -0.0100235 0.00294718 -0.00614022 -0.00598028 -0.00266499 -0.00280799 -0.00674838 0.184796 0.00204772 0.00197163 -0.00385942 0.0146778 -0.000901162 -0.011715 -0.00678905 -0.00168302 0.0101602 0.00187842 -0.00301857 -0.0218841 -0.00322281 -0.0142578 -0.000226211 -0.00805067 0.00799712 -0.00376575 0.0117053 0.00152549 0.00429363 -0.00656948 -0.00190058 0.00400247 0.00208493 0.0167087 0.00402872 -0.00563006 -0.000766452 -0.00741133 -0.0109101 0.00862575 0.00255879 -0.00795092 -0.00727096 -0.000395923 -9.5657e-05 0.00229936 0.0107575 -0.00933018 -0.00478664 -0.00461019 -0.00675353 -0.0010421 -0.0166487 -0.00570579 0.00344952 0.00212218 -0.00688979 -0.00134609 -0.0100383 -0.00775713 0.000234275 0.00632201 -0.0105082 0.00375401 -0.0103324 -0.0073443 -0.00734261 0.0124606 -0.00864731 0.0100771 0.00613853 -0.0018566 5.25603e-05 0.00201005 -0.00578717 -0.0022604 0.00596714 -0.000611775 -0.00830113 0.00316513 0.00677694 -0.0038171 -0.00556995 -0.00671378 -0.000699258 0.000458731 0.00205898 0.00951964 0.00256798 -0.00315411 -0.00737444 
-0.00388918 -0.000911031 -0.00016872 4.79974e-05 -6.55657e-05 -0.00275565 0.00479552 -0.00124645 -0.00236708 -0.000148148 0.00685062 -0.00406803 -0.000806157 0.000338268 0.00343147 0.000383803 0.00204772 0.0758923 0.00185385 -0.000994145 -0.000598027 -0.00138831 -0.00305364 -0.00297536 -0.00315272 0.00117676 0.000583665 0.00256807 -0.0096872 -0.00260841 0.00123623 0.00207253 0.000996284 0.00250125 -0.000991203 -0.00643398 0.00113085 0.00210026 -0.000331003 0.00066131 -0.00120276 -0.00294638 0.00311049 -0.00495447 -0.00557008 -0.00650357 -0.00329319 -0.00401906 -0.00416135 -0.000537779 0.00027707 -0.00429048 -0.00320836 -0.00345945 -0.00488712 0.00114455 -0.00388268 -0.00381678 0.000728015 0.00187494 -0.000394653 -0.00329551 -0.00269448 0.00453278 0.000524085 -0.000298683 -0.0027469 0.000163465 3.55241e-05 -0.00256843 0.00139662 -0.00548822 0.00153555 0.00260039 -0.00204046 0.00269922 0.0022998 0.0017373 -0.00444024 0.000162489 -0.000570234 0.000268631 0.00139393 0.000101927 -0.00196888 -0.00165231 -0.00236492 -3.47188e-05 0.00350232 -0.00202301 -0.00496789 0.00153499 0.00164682 0.00563019 0.00277733 -0.00193388 -0.00511524 -0.000170596 -0.00121488 -0.000989557 
0.000587161 -0.00368084 0.00148671 -0.00391721 -0.00235228 -0.00201545 -0.00558322 0.00443787 -0.00291467 0.000513495 0.000602657 0.00324839 -0.00413308 1.29952e-05 0.00230877 0.00152761 0.00197163 0.00185385 0.0968667 0.00399961 -0.000981847 -0.000347652 0.000463319 -0.00501712 -0.00154221 3.57136e-05 -0.0023726 0.0013127 -0.000198999 0.00173762 -0.0049485 -0.00173983 -0.00298912 0.00102566 -0.00495892 -0.00253957 -0.000373152 -0.00209658 -0.000770036 -0.00538039 -0.00249652 -0.00413422 -0.0045081 -0.00262269 -0.0069392 -0.000177658 -0.00224174 0.00472595 0.00507652 -0.004237 -0.00417339 -0.00401834 -0.000527762 0.00350185 -0.0015487 -0.00122716 -0.00446449 0.00463965 0.00056872 -0.00688331 -0.0011245 -0.00699163 0.00543531 0.00329201 -0.000772782 0.00844153 -0.000511538 -0.00445417 -0.00148063 0.00151191 0.000293259 0.00498439 0.00461085 0.00869717 0.00503557 -0.00509385 0.00135242 -0.00191699 0.000206859 -0.00489874 -0.000676606 -0.00218551 -0.00421115 -0.000988032 -0.0043725 -0.0012303 0.000165369 -0.00569926 -0.000575244 0.00353427 -0.00346835 -0.00260968 -0.00106266 -0.0012234 -0.00273128 0.00116978 -0.00719739 -0.00327534 -0.00445463 -0.00697613 
0.00164321 0.00376063 0.00285159 -0.00748471 -0.00294056 -0.00529824 -0.0058059 0.00339317 0.000674756 -0.0083771 0.00373976 -0.00388962 -0.000301566 -0.00340046 -0.00225251 0.00434432 -0.00385942 -0.000994145 0.00399961 0.125032 0.00232004 0.00197183 -0.017625 0.0156976 0.000173823 -0.00591752 -0.000500991 -0.00713079 -0.00463315 0.00344325 -0.00506829 0.00445571 0.00129175 -0.00580519 -0.00158737 -0.00363931 0.00117321 -0.000207383 0.00514832 0.00302802 -0.0056478 -0.000520596 -0.0042972 -0.00477964 -0.00414271 -0.00086733 -0.00230325 -0.0102352 -0.00180767 0.0044812 -0.0046845 -0.00223043 -0.00306375 -0.0113698 -0.00599355 -0.00091667 -0.00539324 0.000961836 0.00240564 0.00980494 0.000933911 0.00436027 0.00300334 -0.00218896 -0.00404792 0.00319785 -0.00352978 -0.00309253 -0.000218324 -0.00227766 -0.00767119 0.00482044 -0.00404317 -0.00353657 -0.00117225 0.000611795 0.0041962 -0.00454509 0.00270948 -0.000352223 -0.00138365 -0.000218775 -0.00768953 0.000119577 -0.000723407 -0.00851528 0.00438487 -0.000956402 -0.00205395 -0.000748874 0.00232274 -0.00375799 -0.00149092 -0.00567696 -0.00364565 -0.00119752 0.00206464 9.37021e-06 0.00239372 -0.00121704 
-0.0150127 -0.00351764 -0.00672917 -0.0016328 0.00875236 -0.00390412 -0.00676579 0.00407969 -0.00683763 -0.0146915 -0.00461805 -0.00572304 -0.0120118 -0.00171203 0.006476 0.00326832 0.0146778 -0.000598027 -0.000981847 0.00232004 0.167632 0.0126697 0.00564908 0.00111304 -0.00240838 0.00391045 0.00114626 -0.000212008 0.00236305 -0.00328785 0.000828351 -0.0060638 -0.00920084 -0.00658734 0.00018133 -0.00331733 -0.00342502 -0.011415 -0.00357745 -0.00356357 0.00634544 -0.0029844 0.00421805 -0.0107122 -0.0113235 0.00119443 -0.00747931 -0.00803375 0.00678207 0.00284658 -0.00397721 -0.0030957 0.00611643 -0.00885543 -0.0167369 -0.00490719 -0.00610971 -0.00851663 -0.00118254 0.0127412 0.00442711 -0.00717041 0.00463398 -0.00116213 -0.0189821 -0.00795142 -0.00342396 0.00483141 0.000920143 0.0026294 -0.00750491 -0.0108273 -6.73048e-05 -0.0129946 0.00475529 -0.00367486 -0.00427425 -0.00491036 0.000348217 0.00871209 -0.00271515 0.00396094 0.00562458 -0.00244466 0.00453368 -0.00124912 -0.00117884 -0.00472685 -0.000282003 0.00648642 0.000866605 -0.000664665 -0.000951632 -0.00466513 -0.00547728 0.0049168 0.0088385 0.000421676 0.00141636 -0.00462715 
0.00465045 0.00747566 0.00226104 0.00346394 0.00436545 -0.0028564 -0.00418258 -0.00476725 -0.000950714 -0.00643735 -0.00411451 -0.00941474 3.24678e-05 -0.00149137 -0.00462026 0.0035877 -0.000901162 -0.00138831 -0.000347652 0.00197183 0.0126697 0.136472 0.0101508 -3.6443e-05 0.00863323 0.00226631 -0.00681628 -0.0021257 0.00721553 0.00421918 0.00306762 -0.00398294 -0.00118289 -0.00555273 -0.0054989 0.00507923 -0.00194981 -0.00593641 -0.00974985 -0.00389685 0.00702803 -0.00452826 -0.000942126 -0.00185647 -0.00364591 -0.00104211 -0.00278052 -0.00581145 -0.00327642 -0.00206063 -0.000316406 0.00689045 -0.000812114 -0.00243805 -0.00565049 0.00249561 0.0135281 -0.00875733 -0.0044012 -0.0010805 -0.000850258 0.00227666 -0.00454753 -0.00875467 -0.00450341 -0.0031981 -0.00179834 -0.00372339 0.00265015 -0.00214185 -0.00622846 -0.00615499 -0.00479604 -0.00533385 -0.00335 -0.0103764 -0.0137707 -0.00522597 0.012645 0.00492969 -0.000833736 -0.000983524 -0.00292166 -0.00131797 -0.00210809 -0.00993873 -0.00647985 -0.00372194 -0.00256691 0.00153796 -0.00512753 -0.00275944 0.00355445 -0.00302699 -0.00174212 0.00226184 -0.0083955 -0.00800573 0.00284564 0.0020593 
0.0098745 -0.0150525 -0.00284978 -0.00184615 -0.00560023 0.00904107 -0.00566784 0.00174151 0.000931443 0.00336687 -0.00955212 0.00120952 -0.00540496 0.00215521 9.43233e-05 0.00321092 -0.011715 -0.00305364 0.000463319 -0.017625 0.00564908 0.0101508 0.190201 0.00401702 0.0117623 0.00219667 0.00285598 -0.00459683 0.0273377 0.00294483 -0.00286285 -0.00314169 0.00196352 -0.00155401 -0.00892801 0.00177252 -0.00246521 -0.00516052 -0.0104192 -0.0115415 -0.0033325 -0.0148067 -0.00498136 0.00164839 0.0114486 -0.00298606 -0.010293 0.00347573 -0.00607768 -0.00265224 -0.000613014 0.0138137 -0.00549536 0.00109989 0.00451369 -0.00818487 0.00869755 -0.0112847 -0.00604091 -0.00727224 0.00488875 0.00247242 -0.000779179 -0.00368192 0.00969058 -0.000554835 -0.00892363 0.0116489 0.00635479 -0.0040926 -0.000671596 0.00414451 -0.00653653 0.00645821 -0.00589438 -0.0166691 -0.0320327 -0.00786369 0.000259848 -0.00692993 -0.00961132 -0.000343311 -0.00510714 -0.00422029 -0.00306735 -0.00955348 -0.00926676 -0.00793634 -0.00833798 0.00505497 -0.00313941 0.00126766 -0.00561082 0.00396876 -0.00649473 -0.00188142 -0.00426656 -0.0130886 0.00177244 0.00399407 
0.00783473 -0.00496584 -0.00536785 -0.0041902 0.000615511 -0.00151393 0.00446178 -0.00370724 0.00784249 -0.00159594 -0.00673219 -0.0048921 -0.00727411 -0.00508219 0.00180049 -0.00643807 -0.00678905 -0.00297536 -0.00501712 0.0156976 0.00111304 -3.6443e-05 0.00401702 0.155247 -0.000686821 0.00427392 0.000408638 0.00289655 -0.00750964 0.00337414 -0.00512072 -0.00437222 0.00510747 0.00345736 0.000800517 -0.0120797 0.000440953 0.000731717 -0.00060781 0.000596806 3.642e-05 0.0021018 -0.001116 0.00165911 0.0060032 -0.0124797 -0.00440871 0.000704223 -0.00651605 0.011362 0.00312997 -0.00357422 -0.00328697 -0.0152033 -0.000771092 -0.00328044 -0.00110911 -0.00654801 0.000475688 -0.00454864 -0.00219629 0.00034358 -0.00908326 -0.00296844 0.00153683 0.000731052 -0.0034271 -0.000832519 -0.00158068 -0.00447557 -0.010433 -0.00458077 -0.00439796 -0.00742214 -0.000388737 0.0023906 -0.00753991 -0.00240672 0.00688507 -0.00186856 -0.00515415 0.00248883 -0.00696301 -0.00338178 0.00496474 -0.00540091 0.000869375 -0.0072843 0.00448635 -0.0100208 -0.00348987 0.00748805 -0.00868659 -0.00422271 -0.00558634 -0.0046274 0.00950287 -0.00312221 -0.000343009 0.00380443 
0.00632665 -0.0097513 -0.00423844 -0.00182927 -0.00240935 0.0053701 -0.00511775 -0.00280389 -0.000256718 -0.00319689 -0.0076118 0.00376211 -0.000339429 0.00177523 0.00126126 -0.00294097 -0.00168302 -0.00315272 -0.00154221 0.000173823 -0.00240838 0.00863323 0.0117623 -0.000686821 0.102071 0.00188778 0.0061218 0.000902869 0.00155192 0.0081279 -0.0020205 0.00343872 0.00253735 0.00238244 -0.00419349 0.00738944 -0.00140165 0.000334582 -0.00222817 -0.00355004 0.00230297 -0.0030504 -0.00410682 -0.00411104 -0.00174835 0.00502809 -0.00581273 -0.0018429 -0.00386388 -0.00227339 -0.00539114 -0.00461054 -0.00179473 -0.00134711 -0.000800319 -0.00435124 -0.00486068 -0.00618137 -0.00155962 -0.013111 -0.000988415 -0.00357428 -0.00313848 -0.00408607 0.00837561 -0.00075791 -0.000889312 -5.17524e-05 0.00230226 0.00174094 -0.000126923 0.00140778 -0.00190314 -0.00704667 0.00131286 -0.0106114 -0.0105774 -0.0042382 0.0035348 -0.0051533 -0.00173672 0.00170029 0.0025902 -0.0045181 0.00379061 0.00600417 -0.00200684 0.000505608 -0.00146033 -0.00363874 0.00115708 0.000495614 0.000384135 -0.00237058 -0.000614111 0.000991573 -0.00865678 -0.00988283 0.000248944 0.00252458 
0.00629607 -0.00544863 -0.00117221 -0.0018993 0.00189294 -0.00257584 0.00026779 -0.00460315 -0.00383735 -0.0039316 0.00217336 -0.0032518 -0.00259925 0.000161676 -0.00116453 0.00260066 0.0101602 0.00117676 3.57136e-05 -0.00591752 0.00391045 0.00226631 0.00219667 0.00427392 0.00188778 0.100975 -0.00917331 0.00465151 -0.00567864 0.000893774 -0.00537105 0.00564845 0.00352509 0.000799486 -0.00309334 -0.00249656 -0.00370992 -0.00283128 -0.000147827 -0.00594699 -0.00423236 -0.000729354 -0.000783243 0.00166173 0.000877943 -0.00642001 -0.00113387 0.0026682 -0.0038553 0.000748226 -0.00337082 -0.00161596 -0.00285683 -0.00607718 -0.000651409 0.00190041 0.00474637 -0.000549962 -0.00134299 -0.00657708 -0.00221291 0.00166945 -0.00853606 -0.00200769 -0.0019384 -0.00556489 0.00492102 0.000253924 0.0034031 0.00572943 -0.00436367 -0.00847366 -0.00416332 0.000320465 -0.00537245 0.000734863 -0.00409632 -0.00341248 -0.0031771 0.0016645 0.00105521 -0.00181932 -0.00368642 -0.000631347 -0.0017706 -0.00463374 0.00099815 -0.00447055 -0.000225736 0.00766494 -0.00270546 0.000770312 -0.00264202 -0.00236923 -0.00264645 0.000968151 -0.00594216 0.00255842 -0.000591646 0.00139189 
-0.00750823 -0.0078783 -0.00866863 -0.00391882 0.00155456 0.00354452 -0.00640261 -0.00151597 -0.00330906 0.00741657 -0.00192088 0.0109608 -0.00373605 -0.000697131 -0.00475154 -0.00553851 0.00187842 0.000583665 -0.0023726 -0.000500991 0.00114626 -0.00681628 0.00285598 0.000408638 0.0061218 -0.00917331 0.147223 -0.0057523 -0.00477151 0.00973538 0.00224846 0.00616 -0.00977468 0.00226451 -0.0050913 -0.00511988 0.00126 0.00531788 -0.00317856 0.00279975 -0.00603076 0.00738688 -0.00224983 -0.00674832 -0.0147064 -0.000368736 -0.00609369 -0.00095702 0.00159572 -0.00336793 -0.00120489 -0.00999321 -0.00374693 0.00357734 -0.00400756 -0.0106988 -0.00698805 -0.00554612 -0.00112754 -0.007357 0.0013408 0.00197696 -0.0065281 4.04246e-05 0.00783164 0.00750114 -0.00874314 0.00860273 0.00147633 -0.00332555 -0.00395531 0.0124769 0.00957226 -0.00157672 0.00199913 -0.00286381 -0.00340559 0.00393354 0.000894023 -0.0155297 -0.00448732 -0.00394489 0.00640815 0.00165048 -0.00387693 0.00471911 -0.000218397 0.00931338 0.00180372 -0.0160923 -0.00784738 -0.00306317 -0.00426698 -0.00371349 -0.000989846 -0.00980985 0.00273487 -0.0042484 -0.000283632 -0.00195563 
-0.0123432 -0.00992642 0.00454534 0.0175298 -0.00589537 -0.00525789 0.00741354 -0.00129439 -0.000489736 0.00275593 -0.00339886 -0.00995672 -0.00666896 -0.00218726 0.000400826 -0.00252161 -0.00301857 0.00256807 0.0013127 -0.00713079 -0.000212008 -0.0021257 -0.00459683 0.00289655 0.000902869 0.00465151 -0.0057523 0.144754 -0.000156687 -0.00472482 0.00818656 0.00759526 0.0114681 -0.000193575 -0.00470588 -0.0106005 0.00335022 -0.000558133 0.00195848 -0.00767343 -0.0076001 -0.000786955 -0.00186116 -0.01153 0.0014233 -0.0131111 -0.00184151 -0.00433909 -0.00447564 0.00377229 -0.00797828 -0.00533755 0.001098 -0.00320421 -0.00990268 -0.00329919 0.000579198 -0.00208743 0.0122197 -0.0129614 -0.00774423 -0.00222743 0.00433836 0.00570046 -0.00576373 -0.00126745 0.00010093 -0.000700929 -0.00261869 -0.00716523 -0.013133 0.00556975 -0.00544952 -0.00167052 -0.000407282 0.0134192 0.00751099 -9.23232e-05 -0.00867813 -0.00122445 -0.00428778 -0.00371669 -0.00161168 -0.00122863 6.74686e-05 0.00423495 0.00322526 -0.00473414 0.00413613 -0.00777667 0.00244112 0.00130527 0.000361732 0.0022179 -0.00356481 -0.00826889 -0.00209179 0.00494318 -0.00370802 -0.000117454 
0.013247 -0.00343972 0.00433908 0.000241388 -0.0110126 -0.00499514 0.00295871 0.0109693 -0.00537706 -0.00852719 -0.0151023 0.00492801 0.000965168 -0.00272904 0.00318277 0.00435527 -0.0218841 -0.0096872 -0.000198999 -0.00463315 0.00236305 0.00721553 0.0273377 -0.00750964 0.00155192 -0.00567864 -0.00477151 -0.000156687 0.204286 0.0018586 -0.00109876 -0.00396382 0.00105673 -0.0182025 -0.00513606 -0.00771537 -0.00423525 -0.00308341 0.000129292 -0.00229938 -0.00436043 0.0035094 -0.00966462 -0.00747896 0.0117402 0.00128068 -0.00211733 -0.011992 0.010443 -0.00269178 0.00771936 0.00744864 -0.00151098 0.00201252 -0.00534423 -0.00195399 0.00667332 -0.000384936 -0.00465965 0.00969618 -0.00305514 0.00698434 -0.0019325 0.00539068 -0.00829234 -0.00901394 -0.00589826 -0.00086704 -0.000852871 -0.00819865 -0.00393616 0.0238254 -0.00270652 0.00252485 0.00598556 -0.00971299 -0.0180717 0.00201763 -0.0103751 -0.0115655 -0.0176109 -0.0101538 -0.00860968 -0.0059016 -0.00767799 -0.0174589 -0.00292214 -0.00239821 -0.0077054 -0.0117874 -0.00555097 -0.00228757 -0.00113968 0.00187632 -0.00802513 0.00840662 -0.00497688 0.00078337 0.00104892 0.00192902 
0.00187578 0.00220388 0.00603805 -0.00626585 0.00157783 0.00307364 -0.000706662 -0.00402677 -0.000569098 -0.00368298 0.00327455 -0.00371586 -0.000261095 -0.00116379 -0.00675164 0.00492951 -0.00322281 -0.00260841 0.00173762 0.00344325 -0.00328785 0.00421918 0.00294483 0.00337414 0.0081279 0.000893774 0.00973538 -0.00472482 0.0018586 0.127259 -0.000546136 -0.00299107 -0.00122502 -0.000570738 -0.00435404 0.000989656 7.69454e-05 -0.00178843 -0.0051458 -0.000725447 0.00244677 -0.00726481 -0.00417161 -0.000564902 -0.000770262 0.00136783 -0.00153034 -0.00548335 -0.00408079 -0.000331242 -0.00383143 -0.00164432 0.000237091 0.00389359 -0.00297842 -0.00984866 0.00365029 -0.00679223 -0.00737514 -0.00861575 0.00113841 0.000615541 -0.00705637 -0.00364199 -0.00193669 0.00026856 -0.00699457 -0.00308268 0.000844536 -0.00200244 -0.00784399 -0.000658773 -0.00112806 -0.000351648 -0.0019221 -0.00272485 -0.00383279 -0.00219643 0.00371542 -0.00737252 -0.00647645 -0.00301113 0.00204619 0.00323299 -0.00224526 0.00570304 -0.00342057 0.00223722 0.00515203 -0.00322512 0.00192066 0.00427363 -0.00656403 -0.00374165 -0.00404347 -0.00238278 -0.000663814 -0.0114604 -0.00310007 -0.00367952 
-0.0108064 -0.00145258 0.00164672 0.00593957 0.00211106 -0.00439169 -0.00538252 -0.00343999 0.000666207 -0.00130787 -0.0072151 0.00700177 -0.00081221 -0.00119515 -0.00661899 -0.00275132 -0.0142578 0.00123623 -0.0049485 -0.00506829 0.000828351 0.00306762 -0.00286285 -0.00512072 -0.0020205 -0.00537105 0.00224846 0.00818656 -0.00109876 -0.000546136 0.125799 -0.00470344 0.00171403 -0.00377399 -0.00501428 0.00148786 -0.00274987 -0.00477149 0.0048122 -0.00179885 0.000296736 -0.00253515 -0.00398647 -0.00500381 -0.00845032 -0.00436267 0.000701487 0.00765089 -0.00119878 -0.00227675 -0.0025612 -0.00605936 0.00234104 0.000880526 -0.00518307 -0.00619258 0.00485925 -0.00942019 0.00541278 0.00337552 -0.00401739 -0.00635562 -0.00236405 0.00632066 -0.00639922 0.000139214 -0.0122832 0.00441907 -0.00153812 0.0010045 -0.0081011 -0.00885152 -7.3738e-05 0.00355341 0.00475123 0.00382868 0.00589269 0.00103555 0.00150975 -0.00376985 0.00180291 -0.000521865 -0.000963585 0.00987878 -0.000129572 -0.00654075 -0.0018868 0.00361887 0.0044864 0.00101087 -0.00331031 -0.00256311 -0.00497159 -0.00306539 -3.69849e-05 -0.00175139 -0.00197688 0.0108465 -0.00398807 -0.00419254 
-0.00430074 -0.00567752 0.00848534 0.000835976 -0.0053468 -0.00149511 0.000656392 0.00236964 -0.000826343 -0.00445561 0.00295221 -0.00319294 -0.00560966 -0.000711446 -0.00582463 6.89299e-05 -0.000226211 0.00207253 -0.00173983 0.00445571 -0.0060638 -0.00398294 -0.00314169 -0.00437222 0.00343872 0.00564845 0.00616 0.00759526 -0.00396382 -0.00299107 -0.00470344 0.12144 0.00570964 0.00624992 -0.00435155 -0.00151011 0.0053531 0.00289488 -0.00805727 -0.000718716 -0.00661857 -0.00277738 -0.00308871 -0.00203598 -0.00639736 -0.00161917 -0.00194596 -0.00772814 -0.00852993 -0.000774564 -0.00699015 -0.00764923 -0.00123281 0.00500972 0.0013927 -0.00363396 -0.00402561 0.00134582 -0.000439807 -0.00406309 -0.00319932 -0.00166636 -0.00229405 0.00357657 0.000247106 0.000349496 0.00364544 0.00486839 -3.44426e-05 -0.00160428 -0.00192231 0.000122709 -0.00190322 -0.00683243 -0.00358841 -0.0022681 -0.000144987 -0.00379078 -0.00632813 -0.00511631 0.00110454 -0.00159799 -0.00437761 0.000116434 -2.78163e-05 -0.00170091 0.0012311 -0.00445577 -0.00163704 -3.30103e-05 -0.00165607 -0.00177097 -0.00267443 -0.00151793 0.00330762 0.00238978 -0.00170273 0.00123727 -0.00321896 0.00354724 
0.00788093 -0.000372421 0.00362544 -0.000107989 -0.00759927 -0.00250269 -0.0070477 -0.00435024 -0.00187683 0.00457055 0.00769229 0.00409255 -0.00787313 -0.00240452 0.0045077 0.0029595 -0.00805067 0.000996284 -0.00298912 0.00129175 -0.00920084 -0.00118289 0.00196352 0.00510747 0.00253735 0.00352509 -0.00977468 0.0114681 0.00105673 -0.00122502 0.00171403 0.00570964 0.127017 0.00648199 -0.00315614 0.00816662 0.00686798 0.0021686 -2.92757e-05 -0.00475133 -0.00542438 -0.00979985 -0.00212738 -0.00509551 -0.000663069 -0.00906242 -0.000747936 0.0036149 -0.00167324 -0.00330714 -0.00471451 0.00360705 -0.00226939 -0.0037015 0.00487852 -0.00578864 0.00332721 0.00192572 -0.000709055 0.00455448 -0.00340596 -0.00177521 -0.00742598 -0.00306967 0.000639567 -0.00326191 -0.00424732 -0.00245138 0.00197831 -0.00226212 0.00297348 -0.0077474 -0.00557064 -0.00576067 -0.00127532 -0.002982 0.000686888 -0.00168734 -0.00816365 -0.00502767 -0.00784719 -0.00231863 -0.00343619 -0.000784882 -0.00712628 -0.0106556 0.00106342 -0.00583321 0.00365508 -0.000847667 0.00230572 -0.00136172 -0.000319862 -0.00255128 -0.00400139 -0.00378772 -0.0125723 -0.00407809 -0.00117145 0.00777505 
-0.00219619 -0.000825277 -0.00448254 0.00359911 -0.00277098 -0.0054381 0.00103611 -0.000784144 -0.00380826 -0.00258437 0.00838886 -0.000305814 -0.00371897 -0.000373527 -0.000280204 -0.00489869 0.00799712 0.00250125 0.00102566 -0.00580519 -0.00658734 -0.00555273 -0.00155401 0.00345736 0.00238244 0.000799486 0.00226451 -0.000193575 -0.0182025 -0.000570738 -0.00377399 0.00624992 0.00648199 0.118826 -0.00254659 0.00796206 -0.000145466 0.00458437 0.000653805 -0.00438082 0.00151053 -0.00222303 0.00388411 -0.00313821 -0.00339104 0.00134847 -0.00800059 -0.000712405 -0.00565762 -0.00361832 -0.00526775 -0.000109776 -0.00281746 -0.00769963 0.00114378 -0.00330091 -0.00766975 -0.00482155 -0.000709118 -0.00519558 -0.00382545 -0.00559721 0.00121944 0.000247218 0.00911965 0.00590952 0.00101236 0.00390588 -0.000540898 -0.000172384 -0.00199059 -0.0122845 0.000403042 -0.00793563 -0.00591342 -0.00417892 -0.00566483 -0.00476318 0.00298419 -0.00243793 -0.00298042 0.000199934 -0.00037776 -0.00451754 -0.00121048 0.00759971 -0.00040691 -0.00590534 -0.000391805 0.000487157 -0.00127881 0.000170763 0.00148762 -0.00162509 -0.00301227 0.000630419 0.00553514 -0.00428812 -0.00080964 0.00121302 
