0.133939 0.00308335 -0.00171752 0.00153215 -0.00122032 0.00481438 -0.00764741 -0.00064018 0.0036285 -0.00183262 0.000225029 -0.00559633 -0.0030576 0.00165246 -0.00228133 4.76759e-05 0.00301898 -0.0020423 0.00673696 -0.00906276 -0.0028905 -0.00558369 -0.00986332 -0.00796206 0.00860136 0.000364275 -0.00414789 -0.00656668 -0.00858521 0.00433082 -0.00627019 -0.0106815 -0.00327509 0.00395796 -0.00298132 -0.000930319 0.00338202 -0.000632589 -0.00211036 0.00147726 -0.00555698 -0.000775154 -0.00754834 0.00192287 0.0101843 -0.00724546 -0.00140674 -0.00191416 -0.00687884 -0.00906528 0.00182463 -0.00591222 7.81143e-05 -0.0134949 0.00193317 -0.00131533 0.000780556 -0.00707228 -0.000365502 -0.00120196 0.0062709 -0.0053606 -0.00191383 -0.00145766 0.0017533 -0.00238751 -0.000409406 0.00411675 -0.0017401 -0.00257566 0.0021487 -0.00188535 -0.00479559 -0.000386116 -0.00280289 -3.20656e-06 0.0120187 -0.00129962 -0.0061074 -0.00552479 -0.00417608 -0.00363315 -0.00376715 -0.00614714 -0.00600969 0.00328634 -0.00613662 0.00439536 -0.00206268 0.000205895 -0.00324744 0.00171813 -0.00328436 -0.00284747 0.000732649 0.00479393 0.00921941 -0.00278902 8.18979e-05 0.0118254 
0.00308335 0.0931494 -2.06018e-05 0.00093888 0.00145364 0.00112475 -0.00137216 -0.000673269 7.95837e-05 -0.000240768 -0.000886172 0.00514978 -0.00479532 0.00246025 0.000771474 0.000739893 0.00423005 -0.00262674 -0.00232681 -0.00596711 -0.00405266 -0.000912645 0.00497512 -0.00212651 0.00287208 0.000234403 -0.00120482 0.00667842 -0.0067744 -0.00671091 -0.00579415 -0.00492677 0.000104633 -0.00338309 -0.00100005 0.000999941 -0.00392431 -0.00413754 0.000957757 -0.000880604 -0.00262882 0.000924565 0.00504276 -0.00266182 -0.00758886 -0.00493444 -0.000123815 -0.00646365 -0.00678064 -0.0113891 -0.00534024 -0.00574432 0.000690252 0.00115463 0.00338006 -0.00403763 -0.00175368 -0.00346742 -0.00144196 -0.000258771 -0.00585321 -0.00230261 0.00419639 0.00186786 -0.00823779 0.00386863 -0.00112005 -0.00583807 0.00334628 -0.00171614 -0.00470768 -0.00451946 0.000708723 0.000297458 -0.00517722 0.00311038 0.00459674 -0.00157475 -0.00777138 -0.00330021 -0.00332362 -0.000660277 -0.00390177 0.000639381 -0.000619984 0.00372178 0.00278499 0.00495272 0.00300906 -0.0030983 -0.000113864 -0.00294484 0.00194802 -0.000764044 0.000285442 0.0124051 0.00196098 0.000922313 -0.000297851 0.00137782 
-0.00171752 -2.06018e-05 0.0925004 0.00745552 0.00217508 -0.000321058 0.00565484 0.000428927 -0.00626525 -0.000339052 0.00080107 -0.0028582 0.00630882 -0.00448315 0.00218565 -0.000533141 0.000261596 -0.00264341 -0.00651144 -0.00229509 -0.00087168 0.000889404 -0.00746027 -0.00396863 -0.00251155 0.0017898 0.00185886 -0.00748843 -0.00536519 -0.00136198 -0.0069324 0.00180553 -0.00152598 -0.00154247 0.0023562 -0.000820047 0.000711677 -0.000273299 0.00195193 -0.00984321 -0.0010797 0.00116024 0.00117167 -0.000102983 -0.00337421 0.007123 0.00116509 -0.000776434 0.00083232 0.00288597 -0.00216597 -0.00626308 0.00123755 3.29575e-05 0.00570199 -0.00248305 -0.00158226 0.0103652 -0.00110064 0.000416907 0.000875917 -0.00365818 -0.00243376 -0.00118601 -0.00864356 -0.00538362 0.000810564 -0.00257051 -0.000501979 -0.00276027 -0.00314857 0.00369491 -0.000645182 0.000810989 0.00104471 -0.00237065 -0.00106323 -0.000665175 -0.00114901 0.000102233 -0.00612643 -0.006164 -0.00748994 -0.0133656 -0.00311949 -0.000138241 -0.00758894 0.00467994 -0.00100201 0.00261529 -0.00133922 0.0016182 -0.00254506 0.00376999 -0.00657861 -0.00340682 7.00785e-05 0.00144581 0.000910719 0.00824793 
0.00153215 0.00093888 0.00745552 0.124924 -0.00171066 0.0015116 0.00350552 -0.0014954 0.00239712 0.00194677 -0.00173855 -0.00718014 -0.00501798 0.00474392 -0.00252748 -0.00731895 -0.00950393 -0.00157321 -0.00832878 0.00103582 -0.000409456 0.00359649 0.00565764 0.00317907 0.000418672 0.00963208 -0.00901926 -0.0047741 -0.00560919 -0.013097 -0.00248601 -0.00148703 0.000632285 -0.00389569 9.79898e-05 0.00143233 -0.000613936 -0.00314657 0.00312901 -0.00795318 0.000569376 -0.000860573 -0.000653911 -0.0031005 -0.00773529 -0.00129372 0.000901287 0.00151855 -0.00360876 -0.0126565 -0.00595091 -0.0146438 -0.00150797 -0.00862147 0.00572723 -0.0097325 -0.00185326 -0.000924693 -0.00210009 -0.000495475 -0.0102655 -0.00337695 0.00122867 0.00139427 0.00119258 -0.00435588 -0.000945161 -0.000776932 -0.00376765 -0.00214198 -0.000161676 0.00119956 -0.00117164 -0.000165415 -0.00277387 -0.00383812 0.0014312 -0.0072877 -0.00659383 -4.9446e-05 0.00406949 -0.00103743 -0.00533982 -0.00275995 0.00436631 0.000581496 -0.00355366 0.0111991 0.00554205 -0.00449189 -0.000408445 -6.46797e-05 0.00313613 5.25452e-05 0.000310709 0.0107753 0.000694785 0.00356614 0.00146196 0.00126811 
-0.00122032 0.00145364 0.00217508 -0.00171066 0.0837626 0.00100711 0.00191374 -2.68035e-05 9.78378e-05 0.000185458 -0.00180651 -0.00283064 -6.2175e-05 -0.00379807 0.00216318 0.00290212 0.00130533 0.00916892 -0.00265602 0.0047591 -0.00466268 0.000738345 0.00337877 -0.000999461 -0.00186985 -0.0041616 -0.0014369 0.00108214 0.000451204 -0.00268664 -0.00298532 0.00289471 0.00244966 -0.00773339 0.00235395 -0.00276087 -0.00221046 0.00173201 -0.000548753 -0.0115838 9.82976e-05 -0.00124317 -0.00360458 3.11514e-05 -0.00238679 -0.00150202 -0.00257858 -0.00383507 -0.00754633 0.00588475 -0.000873118 -0.00788207 -0.001446 -0.0024005 -0.00664482 -0.00785608 -0.00314164 -0.00266967 -0.000921673 -0.00140437 0.0027925 0.0016778 0.00119659 -0.00100396 -9.85441e-05 -0.000564608 -0.000807577 -0.000271849 -0.00178303 0.00174051 -0.00142373 -0.0028415 0.00833123 -0.000366783 0.000857412 0.000299306 0.000540283 -0.000311599 -0.00660794 -0.0014892 -0.00509212 0.00482472 -0.00260751 -0.00208838 -0.00124265 -0.00328663 0.00930027 -0.000426981 -0.000466465 -0.000725194 0.000216806 -0.00207468 -0.00194836 0.00286665 -0.00474025 -0.00455354 0.00165112 -0.00270871 0.00015247 -0.00321751 
0.00481438 0.00112475 -0.000321058 0.0015116 0.00100711 0.0642773 0.00183544 0.00139654 0.0016899 -0.000730784 0.00385246 -0.000685572 -0.00130232 -0.00242977 -0.00159071 0.00436483 -0.00223303 0.00104933 -0.000915549 -0.00348639 0.000427746 0.00154488 0.00214745 -0.000794083 0.00263118 -0.00413006 0.0035085 0.00131516 0.000735033 -0.00233989 -0.00117821 0.00183513 -0.00196537 -0.000733966 -0.000852525 -0.00236932 -0.000781237 -9.05237e-05 0.000837452 0.00110941 -0.00101167 0.000723087 -0.00147154 -0.00113428 -0.000788323 -0.00316191 0.00128586 -0.00317054 -0.000605069 -0.00641219 0.00332949 -0.00417614 -0.00141436 -0.00269822 -0.0054453 -0.00257976 0.000297392 -0.00011097 -0.00197643 0.000318125 -0.00252357 -0.000851496 -0.000133174 -0.00250849 -0.00326773 -0.00168064 -1.91536e-05 0.0034455 0.00266752 -0.000343248 -0.00237486 -0.000207159 -0.000604314 0.0022931 -0.00172795 -0.000474368 0.00328038 -0.0033623 -0.00540435 -0.00270873 -0.00144312 -0.0040558 0.000945102 -0.00578568 -0.00104604 -0.0022342 0.00284979 -0.00606408 -0.000205289 -0.00147805 -0.000826758 -0.00357052 -0.000628682 0.000827222 -0.00150124 -0.00259819 -0.00141749 -0.00032218 0.000383459 0.000794291 
-0.00764741 -0.00137216 0.00565484 0.00350552 0.00191374 0.00183544 0.0976468 0.000928493 -0.00208081 0.000524575 0.00142878 0.00401312 -0.00101164 -0.00500986 0.000572229 -2.67407e-05 -0.00181844 -0.00259727 -0.00840082 -0.00406212 -0.00108605 0.0037824 0.00644022 0.00414673 -0.00565793 -0.0113976 -0.00351769 -0.00985161 -0.00306355 -0.00218718 -0.000395361 0.00776637 0.000896832 -0.00330539 0.000320649 -0.00265793 -0.00697097 -0.00043497 0.00124649 -0.00969056 0.00223148 -0.000431095 -0.00226417 0.00135453 0.00120863 0.00103451 -0.00435474 -0.00295419 -0.00235208 -0.00464865 0.00447459 0.000175007 -0.00133768 -0.00806439 0.00371763 -0.00607698 -0.00404897 5.49067e-05 -0.000807647 0.00146195 0.0036847 0.00279036 0.00606257 -0.000857761 0.00130954 0.00780429 -0.000220318 4.88909e-05 0.00428717 7.96271e-05 -0.000230945 0.000648284 -0.00463719 -0.000713825 0.000716678 -0.00940053 -0.00352992 0.000454887 -0.000436486 -0.00465975 -0.00517638 -0.000764762 -0.00597829 -0.020931 -0.000891841 0.00421326 0.00413299 0.00238306 0.00114702 -0.00265844 0.00104881 -0.000166993 0.00151833 0.00150788 -0.00622643 -0.00138862 0.000418153 -0.00238538 -0.00144671 0.00169329 
-0.00064018 -0.000673269 0.000428927 -0.0014954 -2.68035e-05 0.00139654 0.000928493 0.0383343 0.0011069 0.000776672 0.000589933 0.00349106 -0.00142657 -0.000927335 0.000354417 0.00193251 -0.000111005 -0.00139713 -0.00105133 -0.00398127 -0.00180015 0.000163049 -0.00181286 -0.00127919 0.0011265 -0.00115826 -0.00231371 0.00130437 0.00236174 -0.000687658 -0.00125067 -0.000975676 -0.000444248 0.000998154 -0.000635502 0.000786662 0.00141297 0.00038728 -0.000524491 -0.00135849 -0.000601117 -0.000951114 -0.000857218 0.00125867 -0.000450223 -0.000702453 0.00216957 -0.000388341 -0.000302473 -0.00154591 -0.00183898 0.000113201 -0.000336528 -0.000600484 -0.00529803 -0.00038421 -0.000571196 -0.00257752 -0.000789586 -0.00113422 -0.00195157 -0.00285856 0.00281248 -0.000451027 -0.00199971 -0.000382981 -0.000644714 0.00156623 0.000421157 0.000526788 -0.000335328 -0.00114374 -0.000794635 -0.000161415 -0.00101557 0.000511328 -0.000780041 -0.00228641 0.00373986 -0.000877072 0.00131275 0.00212876 -0.00172045 -0.001465 0.000972837 -0.00298092 -0.00288084 -0.000734215 -0.00212409 0.000349721 -0.00143097 -0.00051693 -0.00142262 -0.00154325 0.00584796 -0.00137711 -0.000920868 -0.000484607 -0.000116854 -0.000909548 
0.0036285 7.95837e-05 -0.00626525 0.00239712 9.78378e-05 0.0016899 -0.00208081 0.0011069 0.126826 -0.000232826 0.000878508 0.00139528 -0.00633415 0.0158379 -0.00506533 -0.0022033 -0.00134532 0.00264137 -0.00649706 -0.0128328 -0.00400991 -0.0035291 0.00225228 -0.000144998 -0.00482333 0.0014793 0.00533875 0.0129678 0.00683125 0.00225582 0.000514059 -0.0108023 -0.00456979 -0.00350556 -0.00797499 0.00448262 -0.0067873 -0.00191162 -0.00198704 -0.00233646 -0.00433178 -2.03784e-05 0.00105773 -0.00325341 -0.00558997 -0.00362163 0.00135393 -0.00968678 -0.00266341 -0.0117783 -0.0106742 -0.0121351 -0.00257746 -0.00375811 -0.00650038 -0.00753631 -0.000342681 -0.00870963 0.0001414 -0.000890898 0.00361557 0.0036833 -0.00454276 -0.00272437 -0.00813627 0.00873592 -0.00241662 -0.00905466 -0.00326247 0.00175238 0.00381884 -0.00646516 -0.0111209 -0.00288117 -0.00384587 0.000621167 0.000735431 0.00874888 -4.23012e-06 -0.00528608 0.00107252 -0.00435771 0.00540484 0.0155943 -0.00283458 0.00567194 0.00112976 -0.0106217 0.0073323 -0.00595676 -0.00533848 -0.00287891 -0.00374873 0.002537 0.0155286 0.00354214 0.000925516 -0.00073834 0.00028385 -0.000462962 
-0.00183262 -0.000240768 -0.000339052 0.00194677 0.000185458 -0.000730784 0.000524575 0.000776672 -0.000232826 0.0387555 0.00145812 -0.000364937 -0.000194443 0.00183297 0.00152372 -0.000453952 0.00119881 -0.00136613 -0.00245755 -0.00242427 -0.00042255 -0.00053025 -0.00138688 0.000129663 0.000617268 -0.00150465 -0.00354914 -0.00200573 -0.0041118 -0.00172205 -0.000428536 -0.0011104 -0.00020533 -0.00162096 -0.000219342 -0.00108142 -0.000453962 0.000485803 -0.000894937 -0.00320374 -0.000472965 -9.24426e-05 -0.000311097 -0.000473439 -0.000321799 -0.00126262 -0.000751388 -0.00185765 0.000459175 -0.000437573 -0.00146781 -0.00287485 0.000566316 -0.00258535 0.00159594 -0.00198435 0.000330177 -0.00149507 -0.000402421 0.00144862 -0.000304632 -0.000921693 0.0038937 0.00103964 0.00011288 -0.00132664 0.000198576 -0.000474889 0.000442896 0.000686552 -0.000119326 -0.000573674 -0.00117925 0.000281565 5.45066e-05 -0.00316472 -0.00141762 0.000192796 -0.00250633 0.00018635 0.00381593 -0.000823454 -0.000445576 -0.00038919 0.00221134 -0.00155634 -0.000857712 0.00106437 -0.000550889 0.000444686 0.00172433 0.000429845 0.000184636 -0.000489776 -0.00346148 -0.000310617 0.000821096 0.000583361 -0.0001147 0.000663697 
0.000225029 -0.000886172 0.00080107 -0.00173855 -0.00180651 0.00385246 0.00142878 0.000589933 0.000878508 0.00145812 0.0625075 0.00634547 0.000377861 0.00115257 0.00343126 0.00122282 -0.00185647 -0.00156209 -0.000951466 -0.00441198 -0.00251631 -0.00101516 -0.00389121 -0.0028262 -0.00275735 -0.00256439 -0.00357135 -0.00487659 -0.00169243 -0.00057563 0.00213571 -0.00235899 -0.00261549 0.000506696 -0.00198475 3.52581e-05 -0.00226036 -0.00120294 -0.00153446 -0.00542748 -0.00283843 0.000761974 -0.00563661 0.000200893 0.000817968 0.00082252 -0.00166213 -0.000783931 -0.000451689 -0.000239749 0.00116744 -0.00172388 -3.70131e-05 -1.96763e-05 -0.0032811 0.00225381 0.0037215 0.00368947 0.000816543 0.00295154 0.00360599 0.000695155 0.000124656 -0.00156505 -0.00232036 -0.00105317 -0.000443644 0.00256865 -0.000885444 0.00107579 -0.000420931 0.000527902 -0.000592689 0.00141976 -0.000667845 -0.00105731 0.00228322 -0.00432369 0.00249719 -0.00211164 -0.00464294 -0.00475773 0.00226958 -0.00375433 -0.00133828 -0.0014424 -0.0018908 0.00186446 0.00179511 0.00197057 0.000961563 -0.00335739 -0.00135283 -0.000547565 -0.00405619 -0.00732776 -0.00090311 -0.00269748 -0.00108075 0.000337635 
-0.00559633 0.00514978 -0.0028582 -0.00718014 -0.00283064 -0.000685572 0.00401312 0.00349106 0.00139528 -0.000364937 0.00634547 0.131998 -0.00970789 -0.00680096 0.00595558 0.00514984 0.00571096 -0.00942219 0.00245663 -0.0184917 -0.00621105 -0.00492777 -0.00620914 -0.00753099 -0.00124745 -0.00643162 -0.0175118 -0.0100254 0.0059074 -0.000417894 -0.00412853 -0.000840023 -0.00395073 0.00274913 -0.00304264 0.000114644 0.0048141 -0.0026701 -0.0032862 0.00366037 -0.00321834 6.39982e-05 0.00298698 0.00260351 -0.000395178 -0.00574947 -0.00267908 -0.0059951 -0.00259271 0.000147564 -0.00559414 0.0072994 0.000511947 0.00515558 0.000983136 0.0162521 0.000702114 -0.002522 -0.00452711 -0.00536108 0.00339478 -0.00545429 0.00285327 -0.00162419 0.0019202 -0.00556236 -0.00460345 0.000897412 -0.00332325 -0.0028612 -0.00432632 -0.00908706 0.00276916 -0.00143109 -0.00187175 -0.00277728 0.00816606 -0.0111662 0.00809736 -0.00731298 -0.00333554 0.00439185 -0.00792016 0.00843386 -0.00764115 0.00210189 -0.00238839 -0.00552625 -0.00631165 0.00321337 -0.00451757 -0.00302176 -0.00143964 -0.00386552 0.00803736 0.00244135 0.00726552 -0.00395222 -0.00157916 0.00430311 
-0.0030576 -0.00479532 0.00630882 -0.00501798 -6.2175e-05 -0.00130232 -0.00101164 -0.00142657 -0.00633415 -0.000194443 0.000377861 -0.00970789 0.116022 7.00999e-05 0.000987812 0.00434382 0.0020824 -0.00117859 -0.0052369 0.020546 -0.000595816 0.00334731 -0.0137646 0.00223396 -0.00925637 -0.00416521 0.00246438 -0.00846105 -0.00432423 0.000102917 -0.00109617 0.000848315 -0.00336371 -0.00302938 -0.00164297 -0.00430508 -0.00843505 0.00266151 -0.000416203 -0.00580905 -0.000985613 -0.00402681 -0.00864727 -0.00155647 0.00477507 0.0119606 -0.000620724 -0.000455369 0.0093349 0.015216 -0.000694227 0.00408731 0.0033591 0.00293954 0.000424548 0.00459933 -0.000157322 0.00953469 0.00769313 -0.000126911 0.0074473 0.00303873 -0.0058148 -0.00300364 -0.00701515 -0.00289499 0.00144064 -0.0102175 -0.00215682 -0.00434744 0.00291621 0.00198543 0.00364724 -0.000641743 -0.000889933 -0.00299224 -0.0104338 0.00557096 0.00358919 0.00271304 -0.00740544 -0.0132251 -0.00943257 -0.011692 -0.00640244 -0.00810088 -0.00575688 0.00140853 -0.00476582 0.00226679 -0.00307458 0.0048856 -0.0052364 -0.00643606 -0.0131994 -0.00280768 -0.00262244 -0.00239657 0.00257647 -0.0015846 
0.00165246 0.00246025 -0.00448315 0.00474392 -0.00379807 -0.00242977 -0.00500986 -0.000927335 0.0158379 0.00183297 0.00115257 -0.00680096 7.00999e-05 0.139169 -0.0043684 -0.00106391 0.00219254 0.00504488 0.00484579 -0.00653848 -0.000212723 -0.000568143 0.0014005 -0.00428207 -0.00404593 -0.00246054 0.00564272 0.00472942 0.00443797 -0.00826813 -0.00637327 -0.00259205 -0.00151139 -0.00528879 -0.00510077 0.0036104 -0.00945396 -0.00341219 0.000676788 0.00621132 -0.00186641 -0.000628539 -0.00313556 -0.00380491 -0.0127418 -0.00403426 -0.00147518 0.00176636 -0.0115838 -0.0121395 -0.0128925 -0.0082262 -0.00205482 -0.00627506 0.00563812 -0.00761074 -0.00427005 -0.0110919 -0.00154773 0.000910361 -0.0103612 0.00135394 -0.00969736 0.00318102 -0.00107114 0.00475932 -0.0036871 -0.00509428 -0.00377723 -0.00251306 -0.00263936 0.00642202 -0.0101113 0.00444204 -0.00234096 -0.00140686 -0.00149591 -0.00743396 -0.00742741 7.38596e-05 0.00195863 -0.00830155 -0.00563797 0.00205765 0.00295433 0.00718068 0.00307551 -0.00206746 -0.000741348 -0.00258074 -0.00178956 -0.00315213 0.00445106 0.00302505 0.000904177 0.0244584 0.00364416 0.00233445 0.00147745 -0.00408376 
-0.00228133 0.000771474 0.00218565 -0.00252748 0.00216318 -0.00159071 0.000572229 0.000354417 -0.00506533 0.00152372 0.00343126 0.00595558 0.000987812 -0.0043684 0.106946 0.00525958 0.0100515 -0.00266842 -0.00364386 0.00498808 -0.000474237 0.00324459 0.000698207 -0.00129377 -0.00567281 0.00264317 -0.0104785 -0.00949667 -0.0143106 -0.00276867 -0.00163981 -0.00530752 -0.00478009 0.00230089 -0.0038902 -0.00268767 -0.00228853 -0.00204263 0.00150669 -0.00141977 -0.00494029 0.000462042 -0.00159096 -0.00269334 0.00103232 0.000930768 -0.000585445 0.00488714 0.0115076 0.00029036 -0.00191412 0.00612971 0.00286137 -0.00143977 -0.000935667 0.0109024 -0.00439352 0.00133641 -0.00346277 0.0035658 0.0039612 -0.00570851 -0.00300746 0.00179344 -0.00125485 -0.00491813 0.000655707 -0.00210889 -0.00384974 0.00162516 0.0011609 -0.00529012 0.000931451 -0.00233467 0.000861954 -0.00400748 -0.00789646 0.00090595 -0.00363024 0.000602349 -0.00478915 -0.0137453 -0.00296731 -0.0162384 -0.00325305 -0.00631881 -0.00147309 0.00201836 -0.0051031 0.00237696 0.00367559 -0.00231239 -0.00353827 -0.000292071 -0.00402716 0.00151122 -0.00134969 -0.000657977 -0.00157916 0.00273449 
4.76759e-05 0.000739893 -0.000533141 -0.00731895 0.00290212 0.00436483 -2.67407e-05 0.00193251 -0.0022033 -0.000453952 0.00122282 0.00514984 0.00434382 -0.00106391 0.00525958 0.0937208 0.00389218 -0.000648491 -0.000437824 -0.00325617 -0.00202626 -0.00112913 -0.000604636 0.000498037 -0.000294121 -0.00577755 -0.00293196 -0.00250258 -0.000447206 0.00790858 -0.00594329 -0.00530809 -0.00443967 -0.00230689 -0.000561465 -0.00214139 0.00127127 -0.000460638 0.000287542 -0.00410539 -0.00348195 -0.000394501 -0.0051917 0.00230932 -0.00232587 0.00345929 -0.000160207 -0.00233813 -0.00111961 -0.000328033 -0.00215633 -0.00412245 -0.00289821 -0.00507465 -0.000590651 0.00176468 0.00595776 0.00192462 0.000248239 0.000258715 -0.00144062 -0.00259672 0.000969047 -0.00186595 -0.0092966 -0.00454751 -0.00121406 0.00719123 -0.000942774 0.0034895 -0.00576074 -0.0035695 0.00197065 -0.000793125 -0.00324621 -0.00175511 -0.00306831 -0.000775905 -0.00415836 -0.00249389 -0.00168848 -0.009767 -0.00973166 -0.0103131 -0.000118315 -0.000162478 0.00703636 -0.00557207 0.00184726 0.00143372 -0.00136594 -0.00225158 -0.00123378 0.00112121 0.00161042 0.000488567 0.00158406 0.000386686 -0.00155678 -0.000201237 
0.00301898 0.00423005 0.000261596 -0.00950393 0.00130533 -0.00223303 -0.00181844 -0.000111005 -0.00134532 0.00119881 -0.00185647 0.00571096 0.0020824 0.00219254 0.0100515 0.00389218 0.116596 -0.00452092 0.00420944 -0.00191207 -0.00271504 0.0036859 -0.00854583 -0.00280237 -0.00584843 -0.00187791 -3.69927e-05 -0.00923965 -0.00560657 -0.00218039 -0.00104419 0.00322804 -0.00366977 -0.0061613 0.000995962 -0.00523047 -0.0066199 -0.00197058 -0.00158274 -0.00602047 -0.00824035 -0.000995882 -0.00170004 -0.00144824 -0.00197493 -0.00353265 -0.00745471 -0.000703417 0.00123727 -0.00111051 -0.00212246 0.000590699 0.00141733 -0.00581812 0.00636573 0.00990198 -0.00296821 0.00299682 -0.00262692 -0.00213193 0.0112782 -0.000233744 -0.00586353 0.0018746 -0.00715111 0.00364908 -0.000801572 -0.00524626 -0.00448512 -0.00118168 -0.00395756 -0.00688479 -0.00651498 4.29345e-05 0.00750831 0.00351212 -0.00393076 0.00490057 -0.00529496 -0.000221613 -0.00405248 -0.00808265 -0.00967708 0.00227074 -0.00395111 -0.00362276 -0.00062538 -0.00651268 -0.00706793 0.000199909 -0.000618572 -0.000546374 -0.000922805 -0.00250184 0.00448934 0.00677141 0.0090367 -0.00237198 -0.000875157 -0.000225289 
-0.0020423 -0.00262674 -0.00264341 -0.00157321 0.00916892 0.00104933 -0.00259727 -0.00139713 0.00264137 -0.00136613 -0.00156209 -0.00942219 -0.00117859 0.00504488 -0.00266842 -0.000648491 -0.00452092 0.112533 -0.00388758 -0.00496714 0.00164624 0.00503774 0.00298625 0.00662723 -0.00410472 -9.90655e-05 0.0102129 0.00827574 -0.00190473 -0.00888301 0.00291937 -0.00263804 0.00109984 -0.00475204 -0.00444708 0.0032849 -0.00413007 -0.000740466 -0.00331321 -0.0149441 -0.00402684 -0.00338246 -0.0011387 -0.0038388 -0.00712919 -0.0017395 -0.00238318 -0.00563366 -0.0044603 0.00615092 0.0059325 -0.00779386 -0.00200482 -0.00342946 -0.00769217 -0.00736482 -0.00554155 -0.0072154 -0.00257801 0.00234237 -0.0026336 0.0035499 -0.00780457 0.000737644 -0.00344217 0.00424377 0.00282922 -0.0062697 0.000464095 0.00226218 -0.000753632 -0.000159551 0.00380695 0.0010036 0.00223961 0.00572194 0.00280501 -0.000690724 -0.00980179 0.00155682 0.0040718 -0.0105852 -0.00118069 6.97503e-05 -0.00821277 0.00238862 -0.00599785 0.00828088 0.00049917 -0.000311208 0.00337695 0.00163339 -0.00191068 0.00417676 -0.0106093 -0.00151901 -0.000687105 0.00182396 -0.00244518 0.000929864 
0.00673696 -0.00232681 -0.00651144 -0.00832878 -0.00265602 -0.000915549 -0.00840082 -0.00105133 -0.00649706 -0.00245755 -0.000951466 0.00245663 -0.0052369 0.00484579 -0.00364386 -0.000437824 0.00420944 -0.00388758 0.168735 0.0078301 0.00742785 -0.00709811 0.00377914 0.00516436 0.00847566 -0.00325112 -0.0172015 -0.0207778 0.000564272 0.00345554 0.000309184 -0.00875951 -0.00199996 0.00157105 -0.00739954 -0.0028617 -0.00115513 -0.00454035 0.00164867 0.0140431 0.00853869 -0.00289692 -0.0017082 0.00452666 -0.000367772 -0.00645666 -0.00421975 0.00246302 0.00690949 -0.00377668 -0.00310754 -0.00415989 -0.00295475 -0.000153406 -0.00537755 0.0111434 -0.000806055 -0.0046656 -0.00160419 -0.00268044 -0.0105055 0.00303719 -0.00325883 -0.00109218 0.00332066 -0.0146565 -0.00219915 -0.00935107 -0.000959044 -0.00360257 0.00229319 -0.0053454 -0.00573583 0.00296214 -0.000379006 -0.00741406 0.00249965 -0.0100194 -0.00612075 0.00152127 -0.0106253 0.00839608 -0.0170366 0.00370736 -0.00676727 0.00805142 -0.00467366 -0.00809655 -0.0120501 0.00525903 -0.00322632 -0.00286929 0.000236928 -0.00400396 0.00447379 9.60675e-05 0.00228934 0.00119998 0.00081159 -0.00171791 
-0.00906276 -0.00596711 -0.00229509 0.00103582 0.0047591 -0.00348639 -0.00406212 -0.00398127 -0.0128328 -0.00242427 -0.00441198 -0.0184917 0.020546 -0.00653848 0.00498808 -0.00325617 -0.00191207 -0.00496714 0.0078301 0.220195 -0.00174585 -0.000270508 0.00641831 0.00199984 -0.00936633 0.00142926 0.0147662 -0.0140085 -0.0193583 -0.00811943 0.00542435 -0.000835116 -0.00559769 -0.00345735 0.00106546 -0.00938969 -0.00797071 -0.00714822 -0.00516501 2.24037e-06 -0.000333797 -0.00634508 0.0109052 -0.00317492 -0.00801118 -0.00372407 -0.00409573 0.0154833 0.00573897 0.00454363 0.00021617 0.00115449 -0.00272947 0.0134951 -0.0121317 0.00639712 -0.0091867 0.00177691 -0.00152287 -0.00504117 0.0075815 -0.00250517 0.00918076 -0.00517949 -0.00257158 -0.0235462 0.00135548 -0.0173081 0.00233034 -0.00174778 -0.00798562 0.0034169 0.00398661 -0.00316693 0.00445115 -0.00422046 -0.0164142 0.0206712 0.00353249 0.00516714 -0.013883 0.00345094 -0.0150511 0.0116494 -0.00102511 -0.0138499 0.00518937 -0.00648273 -0.00311599 0.0016283 0.0100361 -0.00861882 -0.0128996 -0.0108601 -0.0114543 -0.0106023 -0.00556804 -0.00998094 -0.00404444 0.000702302 
-0.0028905 -0.00405266 -0.00087168 -0.000409456 -0.00466268 0.000427746 -0.00108605 -0.00180015 -0.00400991 -0.00042255 -0.00251631 -0.00621105 -0.000595816 -0.000212723 -0.000474237 -0.00202626 -0.00271504 0.00164624 0.00742785 -0.00174585 0.125522 0.0068474 0.00543587 0.0117311 -0.00196963 0.00450346 -0.0108001 -0.0152669 -0.00219997 0.00808274 0.00877787 0.00465551 1.10846e-05 0.00335701 -0.00263422 -0.00772641 -0.00658775 0.000171615 0.00334035 -0.000414695 0.00132674 -0.00134915 0.00487641 0.00184389 -0.00154753 0.00143911 -0.00707539 0.0039989 0.00574186 0.0045499 0.000455094 -0.000644627 -0.000989805 -0.00826589 0.0074971 0.00598274 0.00583917 0.00382562 -0.00318317 0.000823649 -0.00416109 -0.0021714 -0.00509785 0.000900575 -0.000672936 -0.00233504 0.00053879 0.00255082 0.000515659 0.000478104 0.00060024 -0.00277039 -0.00446093 0.000197645 0.00466026 -0.00812768 -0.0071649 -0.000969707 -0.00423604 -0.0105893 -0.0102065 -0.0146448 -0.00994644 -0.0315766 0.00268004 0.00174221 -0.00667455 -0.00433879 -0.00613171 0.00411703 -0.00266844 0.00294296 -0.00337057 0.00242231 -0.01934 0.00255146 0.0037442 0.00241565 -0.00132112 -0.00286134 
-0.00558369 -0.000912645 0.000889404 0.00359649 0.000738345 0.00154488 0.0037824 0.000163049 -0.0035291 -0.00053025 -0.00101516 -0.00492777 0.00334731 -0.000568143 0.00324459 -0.00112913 0.0036859 0.00503774 -0.00709811 -0.000270508 0.0068474 0.0886407 0.00315209 0.00399984 0.00236052 0.00142362 0.00259143 -0.00190971 -0.00272932 -0.00471185 -0.00376704 -0.00238947 0.00139825 0.000551772 -0.00153523 -0.00166571 -0.00449508 -0.00273235 -0.000730612 -0.00488315 -0.000422771 -0.00119677 -0.00110682 -0.00335158 -0.00614276 -4.01258e-05 -0.0039358 -0.00227962 -0.00636963 -0.00632981 -0.00148552 -0.00529773 0.00205925 0.00189155 -0.0019168 -0.00359059 0.000789838 0.000419703 -0.00229102 -0.00130401 0.00240891 9.25001e-05 -0.00620674 0.000406789 0.00231983 -0.000302789 0.00342378 0.00206476 0.00092025 0.000658693 -0.00191855 0.00370951 0.00382151 0.000918888 -0.00214833 -0.00321942 -0.00927921 0.000413626 -0.00544089 0.000865573 -0.00307074 -0.0123078 -0.0026265 -0.00739536 0.00485008 -0.00299151 -0.00142364 0.00293744 -0.00144648 -0.00162359 -0.000514401 0.000180655 0.00157675 0.00332407 -0.00992922 -8.0529e-06 -0.00306947 0.00189508 -0.00117152 0.00132489 
-0.00986332 0.00497512 -0.00746027 0.00565764 0.00337877 0.00214745 0.00644022 -0.00181286 0.00225228 -0.00138688 -0.00389121 -0.00620914 -0.0137646 0.0014005 0.000698207 -0.000604636 -0.00854583 0.00298625 0.00377914 0.00641831 0.00543587 0.00315209 0.172061 0.0116705 0.0051667 -0.0110637 -0.00541445 0.0121086 -0.0010984 -0.00831575 -0.00514284 -0.0106526 0.00659437 -0.000197252 -0.00216408 0.00740694 -0.00353354 -0.00340913 0.000152938 0.00201844 0.000347548 0.00159846 0.00493875 0.00147042 -0.00742013 -0.0121521 -0.0077094 -0.000844289 0.00175374 -0.0252944 -0.00743497 -0.00505249 -0.00100223 0.00517735 -0.000264521 -0.0160088 -0.00561214 -0.0143495 -0.00748871 -0.00296188 -0.0129407 0.00247435 0.00555533 0.00411707 0.004192 0.00617277 -0.00218157 -0.00998346 -0.00478765 -0.00142976 -0.00974548 -0.00524145 -0.0111814 -0.00201545 -0.00878024 -0.0060468 -0.0118887 -0.00300427 -0.0228713 -0.00384436 -0.0104381 0.00448991 0.0152573 0.0119295 -0.00303557 0.00836736 0.0211314 0.00114065 0.00300099 -0.00673454 -0.00756698 -0.0142306 -0.00408949 0.0121347 -0.000582048 0.00548343 -0.00156639 -0.000468559 0.00322345 -0.0070772 
-0.00796206 -0.00212651 -0.00396863 0.00317907 -0.000999461 -0.000794083 0.00414673 -0.00127919 -0.000144998 0.000129663 -0.0028262 -0.00753099 0.00223396 -0.00428207 -0.00129377 0.000498037 -0.00280237 0.00662723 0.00516436 0.00199984 0.0117311 0.00399984 0.0116705 0.117483 0.0022968 0.000538078 0.0129315 -0.00161837 -0.00827019 0.00135832 0.00391214 -0.00187102 -0.000524113 -0.00735948 -0.00385678 0.00217223 -0.00325977 -0.00120342 0.00489414 -0.00596539 0.0103534 -0.00349941 -0.00565499 -0.00372211 0.00644716 0.000347751 -0.00507225 0.00219329 0.0123525 -0.00157637 0.00951442 -0.0060424 -0.00147269 -0.0105514 -0.00539124 -0.000600429 -0.000679462 0.0017837 -0.00153768 -0.000808815 -0.00919185 0.00683329 -0.00655283 -0.00227754 -0.00394507 0.0044974 0.00100223 -0.00714372 -0.00434026 0.00095986 0.00153722 -0.00239791 -0.0028635 -0.00138809 -0.00168487 -0.00563488 -0.00329854 -0.0015362 -0.0133772 0.00268792 -0.00702643 -0.00830397 -0.00123256 -0.0161549 -0.00993496 -0.00283457 0.000267708 0.000511192 -0.00283516 -0.000805577 -0.00298577 -0.00400644 -0.00121775 -0.00382951 -0.0107949 -0.00707979 -0.00436682 0.00760975 -0.00294577 0.00267062 
0.00860136 0.00287208 -0.00251155 0.000418672 -0.00186985 0.00263118 -0.00565793 0.0011265 -0.00482333 0.000617268 -0.00275735 -0.00124745 -0.00925637 -0.00404593 -0.00567281 -0.000294121 -0.00584843 -0.00410472 0.00847566 -0.00936633 -0.00196963 0.00236052 0.0051667 0.0022968 0.151248 0.00195642 0.00788617 -0.00673772 -0.00119725 0.00750404 -0.0127017 0.00145294 -0.00386912 -0.00252049 0.000492609 0.0079813 0.0129878 -0.00767377 -0.00163502 0.00232441 0.0119556 0.00443225 -0.00277005 0.00160249 -0.00210324 -0.0101661 -0.00806511 -0.00124186 -0.0134854 -0.00973624 0.00114703 -0.0150591 0.000378091 -0.00747656 0.00281613 -0.0146764 -0.00906292 -0.0118792 -0.00748448 -0.0029699 -0.0114819 -0.00147582 -0.001407 -0.000353279 -0.0010211 0.0020999 -0.000258368 0.00607505 0.00103179 0.00228879 -0.00114652 -0.00748217 -0.00528026 -0.00208834 0.00178398 -0.0048835 0.00157864 -0.00894076 -0.0164234 -0.00488211 0.0051327 0.00646163 -0.00991365 -0.00359548 0.018655 -0.00658403 9.55893e-05 0.00588395 -0.00136677 -0.00368614 -0.00164307 -0.00335574 0.00468243 0.00466165 0.00899753 -0.00537984 -0.00699398 0.0024827 0.00115294 -0.00221602 
0.000364275 0.000234403 0.0017898 0.00963208 -0.0041616 -0.00413006 -0.0113976 -0.00115826 0.0014793 -0.00150465 -0.00256439 -0.00643162 -0.00416521 -0.00246054 0.00264317 -0.00577755 -0.00187791 -9.90655e-05 -0.00325112 0.00142926 0.00450346 0.00142362 -0.0110637 0.000538078 0.00195642 0.152354 -0.00753118 -0.00115307 -0.00553201 -0.00186174 -0.00705173 -0.00386109 -0.000364824 0.00180849 0.00206065 -0.00632476 0.00127736 -0.0032766 -0.000704221 0.000840334 -0.00146594 -0.00148638 -0.00148619 -0.00368504 -0.00712977 0.00152959 -0.000284418 0.00394326 -0.00953001 -0.0174327 -0.00893481 -0.00610959 -0.00207641 -0.00772913 -0.00332431 -0.00287896 -0.0016627 0.0145759 -0.0006556 0.00150358 0.00187625 -0.00633107 0.00627552 -0.00230259 -0.00182826 -0.0048747 0.00135982 0.00642136 -0.00516373 0.000647708 0.00251476 0.00683762 -0.00191757 -0.00406664 0.000351544 0.00985836 0.00101955 0.000131487 0.0071331 0.00139749 -4.32609e-05 -0.00507509 -0.0106652 -0.0161823 0.00052394 -0.010081 -0.0156759 0.00640171 -0.00113383 0.00289586 0.00506136 0.00150392 0.000120685 -0.000923444 -0.00410591 -0.000213304 -0.00296066 -0.000392239 -0.00276318 0.00205725 
-0.00414789 -0.00120482 0.00185886 -0.00901926 -0.0014369 0.0035085 -0.00351769 -0.00231371 0.00533875 -0.00354914 -0.00357135 -0.0175118 0.00246438 0.00564272 -0.0104785 -0.00293196 -3.69927e-05 0.0102129 -0.0172015 0.0147662 -0.0108001 0.00259143 -0.00541445 0.0129315 0.00788617 -0.00753118 0.218934 0.0158464 0.00603739 -0.00421431 0.0090442 0.0085333 -0.012713 -0.016871 -0.00636865 0.0022631 -0.00459216 0.00310431 -0.00191061 -0.0151474 -0.00415679 -0.000918282 0.00185039 -0.00927073 -0.00300115 0.00558078 -0.0070674 0.00336794 -0.00472278 0.00558388 0.0170415 -0.00809639 -0.00543109 -0.0142178 -0.00406432 -0.019265 -0.00438774 0.0124037 -0.000273317 -0.00904424 0.00756476 0.00597906 -0.0112592 -0.0044506 -0.0235641 -0.00721837 0.00534933 0.00398132 0.0017526 0.00391641 -0.0151514 -0.00282655 -0.0013643 -0.00529584 -0.001105 0.00423291 9.12349e-05 0.00358143 -0.0157107 -0.00155242 0.000538307 -0.0109189 -0.0177909 0.00148479 -0.000849465 -0.0112916 -0.0251911 0.00926921 -0.00365474 -0.00461396 0.00510398 -0.000834774 -0.00851606 -0.0139607 0.00344862 0.00407667 -0.00122049 0.00191587 -0.00676893 0.0124327 
-0.00656668 0.00667842 -0.00748843 -0.0047741 0.00108214 0.00131516 -0.00985161 0.00130437 0.0129678 -0.00200573 -0.00487659 -0.0100254 -0.00846105 0.00472942 -0.00949667 -0.00250258 -0.00923965 0.00827574 -0.0207778 -0.0140085 -0.0152669 -0.00190971 0.0121086 -0.00161837 -0.00673772 -0.00115307 0.0158464 0.211204 -0.00156661 -0.00171577 0.00010055 -0.00452001 0.0126006 -0.00549692 -0.00213015 0.0032597 -0.00105338 -0.000137897 -0.0010809 0.0059222 -0.00524359 0.000221497 0.0101993 -0.00457732 -0.00448471 -0.00509172 0.00526063 -0.0151808 -0.0124657 -0.0184009 0.0144248 -0.00928054 -0.00538066 -0.00880645 -0.0044653 -0.0175832 -0.00286814 -0.0082097 -0.00116404 -0.00143954 -0.00950477 -0.00874488 -0.00552674 0.00371088 -0.0165799 0.0153452 -0.00458938 0.00899446 0.00385438 -0.00543091 -0.0107645 0.00619722 0.00337311 -0.00400891 -0.00448901 0.00647181 -0.00213013 -0.0073047 -0.0183275 0.000371044 -0.0024077 -0.00745678 0.0136002 0.0256906 0.0012569 0.000792569 0.0143355 -0.00842128 0.0120729 -0.00748444 -0.000959144 -0.012586 -0.00120369 0.00281067 0.00257376 -0.0059328 -0.0142149 0.00569414 -0.00369583 -0.0137778 
-0.00858521 -0.0067744 -0.00536519 -0.00560919 0.000451204 0.000735033 -0.00306355 0.00236174 0.00683125 -0.0041118 -0.00169243 0.0059074 -0.00432423 0.00443797 -0.0143106 -0.000447206 -0.00560657 -0.00190473 0.000564272 -0.0193583 -0.00219997 -0.00272932 -0.0010984 -0.00827019 -0.00119725 -0.00553201 0.00603739 -0.00156661 0.162762 -0.00300147 0.00497237 0.0113997 0.00588064 0.00101145 0.00047235 0.00062033 -0.00360132 0.00159596 -0.00211533 0.00234648 -0.00499211 -0.00232646 -0.00504844 -0.00338048 -0.012958 0.00259644 0.0017028 -0.00742383 -0.00508772 0.00503571 -0.003497 0.0020604 -0.00376249 0.00250982 -0.00301713 0.00329591 -0.00937898 -0.00668004 -0.00537408 -0.00796785 -0.00825755 -0.00243392 -0.0128552 -0.00315261 -0.0058748 0.00161046 -2.17516e-05 -0.000649857 -0.00469485 0.000942586 0.00209755 -0.00258504 0.00205562 0.00170763 -0.00191363 -0.000125795 0.00447293 -0.00462864 0.0198126 -0.00857006 -0.00221984 0.00100053 0.00398032 0.0071906 -0.00523048 -0.000591891 -0.00649726 -0.00531221 -0.00441794 -0.00569084 -0.00882016 0.00956501 -0.00455699 0.00221609 0.0115517 0.00351741 -0.00269099 -0.00322943 -0.00105377 -0.00787447 
0.00433082 -0.00671091 -0.00136198 -0.013097 -0.00268664 -0.00233989 -0.00218718 -0.000687658 0.00225582 -0.00172205 -0.00057563 -0.000417894 0.000102917 -0.00826813 -0.00276867 0.00790858 -0.00218039 -0.00888301 0.00345554 -0.00811943 0.00808274 -0.00471185 -0.00831575 0.00135832 0.00750404 -0.00186174 -0.00421431 -0.00171577 -0.00300147 0.141661 -0.000607175 0.000538327 -0.0046216 0.0103689 0.00175699 -0.00318495 -0.00851824 0.00328684 0.00146804 -0.00660944 0.00045067 -0.00226428 -0.00308751 0.00117649 0.0105905 0.00424005 0.00384664 -0.00466516 -0.00203482 0.00560575 0.00727229 -0.00107777 -8.88367e-05 -0.0127179 0.00571213 0.00110237 0.00576176 0.000561219 0.000257215 -0.00168158 -0.0051199 -0.00116838 -0.011653 -0.00226938 0.00406576 -0.0013054 0.000536776 0.00355621 0.00243218 0.00281802 -0.00276984 -0.00207726 -0.0045396 -0.000699724 5.50567e-05 -0.00496931 0.00720202 -0.00260594 -0.0133101 -0.00597343 -0.00541992 -0.00590039 -0.00522762 -0.00899805 -0.000635574 0.00695796 -0.000841758 -0.00300353 -0.00534895 0.00106267 -0.00779373 -0.00231919 -0.00565716 -0.0050848 -0.00277513 -0.0137156 0.0023487 -0.000272583 0.000482701 -0.00373179 
-0.00627019 -0.00579415 -0.0069324 -0.00248601 -0.00298532 -0.00117821 -0.000395361 -0.00125067 0.000514059 -0.000428536 0.00213571 -0.00412853 -0.00109617 -0.00637327 -0.00163981 -0.00594329 -0.00104419 0.00291937 0.000309184 0.00542435 0.00877787 -0.00376704 -0.00514284 0.00391214 -0.0127017 -0.00705173 0.0090442 0.00010055 0.00497237 -0.000607175 0.139007 0.0129462 0.00143381 8.54176e-06 0.00113125 -0.00255269 -0.0108291 -0.00263858 -0.000929511 -0.00893565 -0.00619611 -0.000325932 0.00442304 -0.00370561 0.00245048 0.00241163 -0.0024101 0.00164382 0.0176207 0.00306939 0.0177385 0.00775058 -0.00204034 -0.00772024 -0.00324143 0.00666868 0.00407725 0.00254857 -0.00215919 -8.70076e-05 -0.0066225 0.0067011 -0.0136969 -0.00118949 0.00585521 -0.0037684 0.00261592 -0.00492554 -0.00680953 -0.00491782 0.00068338 0.00226868 0.000174972 -0.00225086 0.00130069 -0.00681121 -0.00616351 -0.00462247 -0.00580905 -0.000206522 -0.00315765 -0.00867663 0.00114737 -0.013055 -0.00568222 -0.006291 -0.00550952 -0.002856 -0.00466785 0.00149212 -0.00236613 0.00122183 -0.00827745 -0.00656223 -0.00935853 -0.00752653 -0.00330529 -0.00127459 -0.000705869 0.00155363 
-0.0106815 -0.00492677 0.00180553 -0.00148703 0.00289471 0.00183513 0.00776637 -0.000975676 -0.0108023 -0.0011104 -0.00235899 -0.000840023 0.000848315 -0.00259205 -0.00530752 -0.00530809 0.00322804 -0.00263804 -0.00875951 -0.000835116 0.00465551 -0.00238947 -0.0106526 -0.00187102 0.00145294 -0.00386109 0.0085333 -0.00452001 0.0113997 0.000538327 0.0129462 0.134918 0.00443696 -0.00245853 0.00449585 -0.00177993 -0.00798633 0.00163101 -0.00369659 -0.00851737 -0.0022634 0.00229457 -0.000493917 -0.00209355 -0.00433534 -0.000830652 -0.00272604 0.00488977 -0.00209754 0.00321938 0.0237053 0.00496976 -0.00265915 -0.0110261 0.00580658 -0.00577104 -0.011057 0.00576661 0.00106914 0.000777502 -0.00453344 0.00691961 -0.00582447 -0.00165391 -0.0118372 0.00545215 -0.000502637 -0.0016439 0.00261029 -0.00392312 -0.00031753 0.000644783 0.00279957 0.00273071 0.0103959 -0.0145411 0.000368728 -0.00556677 4.77811e-05 -0.00427971 0.00288611 0.0033924 -0.0174295 -0.0202275 -0.00215068 -0.0108993 -0.00841206 -0.000240821 -0.00341965 -0.00443059 -0.00155393 -0.00316476 0.00458244 -0.00429429 -0.00259068 -0.00226276 -0.00134217 -0.00530684 -0.00168559 -0.00297026 
-0.00327509 0.000104633 -0.00152598 0.000632285 0.00244966 -0.00196537 0.000896832 -0.000444248 -0.00456979 -0.00020533 -0.00261549 -0.00395073 -0.00336371 -0.00151139 -0.00478009 -0.00443967 -0.00366977 0.00109984 -0.00199996 -0.00559769 1.10846e-05 0.00139825 0.00659437 -0.000524113 -0.00386912 -0.000364824 -0.012713 0.0126006 0.00588064 -0.0046216 0.00143381 0.00443696 0.093409 0.00143476 0.00427608 -0.000758243 0.00165074 0.00359687 -0.00197657 -0.0010342 0.000838894 -0.000620456 -0.00210034 0.00215512 -0.00331499 -0.00301644 -0.00391342 -0.00155386 -0.00603822 -0.00545736 0.00403457 0.00071777 -0.00030176 -0.00399964 -0.00105214 -0.0101968 -0.00250536 -0.00261556 -0.00307153 -0.00192246 -0.0039904 0.00310854 -0.00218153 0.00303033 0.00275165 0.00478028 -0.000501295 0.00160584 -0.000733267 -0.000830786 -0.0016264 0.00224087 0.00576839 0.000877701 0.00200038 -0.00528749 -0.00321885 -0.00415358 -0.00725077 -0.00301536 -0.00231698 -0.00612275 -0.000814872 -0.0073641 -0.00246966 -0.000680351 0.00320196 -0.00263906 -0.000825015 -0.00208992 0.00338518 0.00598453 0.00317177 0.000944642 -0.00635298 -0.00276868 -0.00282251 0.00316112 0.000809712 -0.00496276 
0.00395796 -0.00338309 -0.00154247 -0.00389569 -0.00773339 -0.000733966 -0.00330539 0.000998154 -0.00350556 -0.00162096 0.000506696 0.00274913 -0.00302938 -0.00528879 0.00230089 -0.00230689 -0.0061613 -0.00475204 0.00157105 -0.00345735 0.00335701 0.000551772 -0.000197252 -0.00735948 -0.00252049 0.00180849 -0.016871 -0.00549692 0.00101145 0.0103689 8.54176e-06 -0.00245853 0.00143476 0.109632 -0.00017178 0.00265903 0.00140428 -1.24651e-05 -0.00226328 0.00414692 -0.00290813 0.0013011 -0.00101889 -0.00272972 0.00396818 -0.002025 0.00381533 0.00315813 0.00095596 -0.0100171 0.00475243 0.00800479 0.00225646 0.00255808 -0.00330007 0.00754951 0.00738959 -0.00436787 -0.00287061 0.0031028 -0.00267066 -0.00436233 -0.00601316 -0.000725212 -0.00276559 -0.00531441 -0.0023401 0.0103605 -0.00164734 0.000129442 0.00126827 0.00300134 -0.00359149 -0.000522384 -0.000621803 0.00178936 0.00248609 -0.00894399 0.00348986 -0.00315436 -0.00145984 -0.00469221 -0.00227204 -0.00903764 -0.00704775 -0.00891638 -0.00429582 -0.0025502 -0.00837625 0.00370199 -0.000333328 0.00463034 -0.00629509 0.000622881 -0.00140192 -0.0106976 -5.74629e-05 -0.00175595 0.00385432 -0.00344687 
