0.206103 -0.00579216 -0.00149299 0.0123234 -0.00755819 -1.99006e-05 -0.00385988 0.00264922 -0.00201572 -0.00918802 -0.000666914 0.0138516 0.0051403 -0.0128402 -0.00979336 -0.00478391 0.0103526 -0.00781429 0.0111726 0.00449559 -0.00776281 0.00733963 -0.00544997 -0.00492023 -0.00126599 0.00258973 -0.0209361 -0.000242161 -0.00651009 -0.00491589 -0.00594958 -0.0101984 -0.0123007 -0.00999025 -0.021774 -0.0129577 -0.00448196 -0.00897747 -6.21928e-05 0.000810559 -0.00243057 -0.00588173 -0.0068721 -0.0107711 -0.00825807 -0.00204951 -0.0104267 -0.00305735 -0.00440813 -0.0109896 -0.0128051 0.002674 0.00197958 -0.00423065 0.0152302 0.0116997 -0.000576215 0.00238416 -0.00559895 0.0119823 -0.00404865 -6.14426e-05 -0.00188156 0.00576179 -0.003956 -0.0125587 -0.00514962 -0.0103387 0.00102341 -0.000650081 -0.0112315 0.000194276 0.00740129 -0.00238967 -0.00963378 -0.00896729 0.0147103 0.012086 0.00445002 -0.0036555 -0.00416159 -0.00920658 0.0009216 -0.00657996 0.0080765 0.00585061 -0.00237536 -0.00298613 -0.0126942 0.00506556 0.00599053 0.00995885 0.0031196 -0.00560535 -0.00156039 0.00206869 0.00758796 0.00279393 -0.00763186 0.000361744 
-0.00579216 0.101829 0.00569058 0.00263651 -0.00259599 0.00299822 -0.000843321 0.00385698 -0.00578494 -9.22159e-05 -0.00818182 -0.00317779 -0.00529039 0.000823963 -0.00380117 -0.00285116 -0.00518967 -0.00516746 -0.00512234 -0.00238178 -0.00134988 0.00039657 -0.00304771 -0.000263642 -0.00371306 -0.00315154 -0.00105523 -0.00633089 -0.00265465 -0.00172186 -0.000542718 -0.00124795 0.00288086 0.000717932 0.0057037 -0.00337693 0.00552251 -0.00255379 -0.00317407 -0.00331574 0.00184058 0.00413328 0.000791489 -0.00547979 0.00239155 0.00734829 8.73309e-05 -0.00500623 -0.00462487 0.00168287 0.00380084 0.00134214 -0.00228741 -0.00337987 -0.00227585 -0.000659975 -0.00115168 -0.00484795 0.00173215 -0.00199899 0.00125351 -0.0025927 -0.00403433 0.00156986 -0.00210064 0.00131839 0.00291967 0.000317476 -0.00276822 0.00153021 -0.000705475 -4.73241e-05 -0.00681687 0.00102193 0.00358604 0.00427004 -0.00961111 -0.00178143 -0.00384762 0.00103733 -0.00379444 -0.00155914 0.00619047 0.00163631 -0.00308659 -0.0031639 0.00100389 -0.00634747 -0.00624783 -0.0035892 -0.00242229 -0.00149089 -0.00231639 0.00458248 -0.00223074 -0.0012434 -0.00039651 0.00654544 0.000264565 0.000424177 
-0.00149299 0.00569058 0.196151 -0.00406455 0.0125219 0.0124534 0.0078799 0.0245446 0.00526649 0.00400614 0.00924066 0.00590344 -0.0094971 0.00353383 -0.00776051 -2.31155e-06 0.00109656 -0.00411928 -0.00976864 -0.0123274 -0.00376513 0.00641645 -0.016685 0.0160778 -0.00234733 -0.0092212 -0.00182686 -0.00239683 0.000976599 -0.00447083 -0.00294504 -0.00296384 0.00214081 0.00383485 -0.000336369 -0.00643035 -0.00322962 -0.00603388 -0.00409835 -0.00518755 -0.00506495 -0.00453604 0.00961197 -0.00549113 0.00219634 -0.00179987 -0.00825066 -0.000761751 -0.00309138 -0.00313908 0.00151006 -0.0118349 -0.00337811 0.00939952 -0.0185103 -0.0123654 0.0057685 -0.00433268 -0.00466842 -0.00943674 0.000127578 -0.00551316 0.00336285 0.00614588 -0.00700279 0.00247526 -0.00202327 -0.00513668 -0.00326428 0.00132273 0.00701935 0.00293496 -0.0106925 -0.00390465 -0.00338575 -0.00408392 -0.00786479 -0.001562 -0.0122071 0.0027985 -0.00695215 -0.000664837 -0.00444974 -0.0106191 0.0101155 -0.00788303 -0.00865856 -0.00283882 -0.00551484 -0.0194646 -0.0111691 -0.00562138 -0.00857979 0.00540061 0.00303048 -0.000958371 -0.00636758 -0.0100512 0.00800384 -0.00489248 
0.0123234 0.00263651 -0.00406455 0.127798 0.00333266 0.00439738 -0.00484686 0.00697475 0.00779605 -0.0068231 -0.00650867 0.00219651 -0.00292779 -0.0026526 -0.00373348 -0.000683175 -0.00104813 -0.000179896 -0.000909116 -0.0021935 -0.00499169 -0.00511727 -0.00181797 -0.0194762 -0.00157563 -0.00334487 -0.00904687 -0.00452832 -0.00381668 0.00190338 -0.00238464 -0.000705578 -0.00414869 0.000349272 0.00366715 -0.0038243 -0.00483546 -0.00186322 0.0018462 0.00114696 -0.00300469 -0.0020221 -0.00990324 -0.0013787 0.00397041 -0.00525294 -0.002996 -0.00106286 -0.00499143 -0.000588299 -0.00455961 -0.0029441 -4.0581e-05 -0.00955688 0.0141896 -0.00060861 -0.003712 0.00442109 -0.0016335 0.00108159 -0.00275156 0.00247117 -0.00699381 0.00224479 0.000202172 -0.00451128 -0.00470897 -0.000329556 -0.00528232 -0.002205 -0.00133368 -0.00115412 -0.00414487 -0.00828538 -0.00365477 -0.00221319 -0.00184896 -0.00471487 0.000789567 -0.00617219 0.00240435 -0.00187985 0.00180501 0.00334663 -0.000654644 0.00588955 -0.000760293 -0.00142648 -0.00706187 0.00366719 0.0105981 -0.00194008 -0.00268514 -0.00213306 -0.0016366 -0.000736556 0.00519821 0.00211263 -0.00205146 0.00481449 
-0.00755819 -0.00259599 0.0125219 0.00333266 0.142116 0.000961605 -0.00871778 -0.0023883 0.00357621 0.00716611 0.00714917 0.00114277 -0.00527772 -0.00322236 0.00347319 0.00279267 0.00283514 -0.00159392 0.00809997 -0.00409186 0.0109424 0.00204577 -0.00320658 -0.00596103 0.00240532 -0.00701293 -0.0049073 -0.00770221 -0.00142039 -0.0030047 0.0014157 -0.00166237 -0.00288451 0.011259 -0.000780978 -0.00690792 -0.00733674 0.000759199 -0.0055972 0.00243463 -0.00688786 -0.00669906 -0.0011684 -0.00183821 0.000102717 -0.00171732 -9.62284e-05 0.000349076 -0.0006302 -0.00357543 0.000667888 -0.00636942 -0.00108007 -0.00729232 0.00622316 -0.00310703 -0.000356793 -0.00362451 -0.00209561 -0.0022968 -0.00923641 -0.00126154 -0.00401881 -0.0064667 -0.00229827 -0.00540113 -0.00166717 0.00473176 0.0011178 -0.00141127 -0.00374762 -0.00484931 -0.00693389 -0.00901095 -0.00209785 0.00297727 0.00306542 -0.00115167 -0.00307796 -0.00136876 0.00345504 -0.00069737 0.000784621 -0.00472984 -0.00392381 -0.000884188 -0.0042055 0.00478367 8.58348e-05 -0.00372216 -0.00857555 -0.00289318 -0.00208504 0.00112732 -0.0012785 -0.00457958 -0.0034443 -0.00817442 -0.00109514 0.00105282 
-1.99006e-05 0.00299822 0.0124534 0.00439738 0.000961605 0.152985 0.0163816 0.0113804 0.0058232 0.0024335 -0.00625483 -0.0108466 -0.00827379 0.00222386 -0.00781178 -0.00180193 -0.0036895 -0.00299541 -0.014951 -0.012463 -0.0100555 -0.00527464 -0.00678308 -0.0042186 -0.00324626 -0.0103254 0.00537474 -0.00313614 0.000166602 -0.00260393 0.000160133 0.00370484 0.00853589 0.00648 -0.00193081 -0.00025057 -0.00243392 -0.00311206 0.00689515 -0.00469146 0.0052279 -0.00188698 -0.00748186 -0.00211702 -0.00299254 0.00417599 -0.013589 0.00109184 -0.00601521 -0.00341261 -0.00385647 -0.00889268 -0.00289099 0.0103026 0.0135486 0.00441575 0.00111558 -0.00330025 -0.0017948 -0.00461426 0.00873299 0.00158213 -0.00502764 -0.00354026 -0.00182256 0.00233215 -0.0065703 0.00562722 0.0038476 0.00632559 -0.00314563 -7.65308e-05 -0.0181828 -0.00353782 -0.00182083 0.00600833 -0.00925765 -0.0167629 -0.0042587 -0.0045763 -0.0105989 0.00116537 -0.00127578 -0.00130269 -0.00995222 6.55968e-05 0.00154218 -0.00382506 -0.00634323 -0.000771809 -0.00915392 -0.00374516 -0.00406796 0.00185323 -0.000380361 -0.000457747 0.000272461 0.000832762 0.00266254 -0.0056142 
-0.00385988 -0.000843321 0.0078799 -0.00484686 -0.00871778 0.0163816 0.165621 0.0099916 0.00357579 0.00103645 -0.00547169 -0.00155125 -0.00170995 -0.00897484 -0.00719431 0.00414704 -0.0167152 -0.00709894 -0.0213068 -0.00454644 -0.00736474 -0.0112309 -0.0163005 0.0126469 -0.00568096 0.00544262 0.00952559 0.000995991 -0.000443156 -0.000554218 0.000409137 0.00560402 0.00725145 0.00204879 0.00534045 0.00457152 0.00519751 0.00776568 -0.00281428 -0.00248938 -0.00782001 0.003299 0.00274983 -0.00354248 -0.0039666 0.00902204 -0.00451019 0.000111144 -0.0101361 -0.00392973 -0.000581485 4.88363e-05 -0.00222016 -0.00146434 -0.0132483 0.00520121 -0.00330434 -0.00132682 -0.000807522 -0.00750841 0.0165942 0.00738529 0.00283827 -0.00368657 -0.0031425 -0.00637334 0.00405766 -0.000281402 -0.0140429 0.00100205 0.00113461 0.0013949 -0.0147891 0.00155258 -0.000282383 0.00192067 -0.00136228 -0.0137229 -0.00058664 -0.00676648 -0.00648233 -0.00381096 -0.00095731 -0.00454684 -0.00829028 -0.00423715 0.00119669 -0.00799087 -0.0108308 0.00196043 -0.00779272 -0.00558738 -0.0040713 0.00357518 -0.00447147 -0.00025368 0.000703434 -0.00399941 0.00925061 -0.00799095 
0.00264922 0.00385698 0.0245446 0.00697475 -0.0023883 0.0113804 0.0099916 0.152391 0.00274019 -0.00193624 0.00532228 -2.30518e-05 0.001861 0.00634455 -0.000312228 0.00377605 -0.00997705 0.00124804 -0.00540265 -0.003717 -0.00596238 -0.00121145 0.00503813 0.01481 -0.000878236 -0.000138218 -0.0111137 0.00302192 0.00300381 0.00254819 -0.00794405 -0.00572631 -0.00370582 -0.00101428 -0.00129397 -0.0095183 -0.00677619 -0.00823665 -0.00206604 -0.00867 2.196e-05 0.00128227 -0.0015074 -0.000547863 0.00212269 -0.00478208 -0.00858597 -0.000467947 -0.00197591 -0.00330089 0.000938653 -0.00533881 -0.00423598 -0.000236697 -0.00745659 -0.00678285 0.00417208 -0.00622778 -0.00141864 -0.00441425 0.00245688 0.00295036 0.00674528 0.00153657 -0.000760886 -0.00476324 0.0031542 -0.00360063 -0.00303567 -0.000580427 -0.00984713 0.00391835 -0.0125976 -0.00408761 -0.000815919 -0.0020554 -0.00705624 -0.0112769 -0.0046569 -0.00410794 -0.00206566 -0.000609612 -0.0024119 0.0071316 0.0010355 -0.00244378 -0.000918889 -0.00732376 -0.00685338 -0.0133913 -0.00588398 -0.00729114 -0.00566149 -0.00584639 0.00573461 -0.00202688 -0.0059229 -0.00755227 -0.00180386 -0.00216203 
-0.00201572 -0.00578494 0.00526649 0.00779605 0.00357621 0.0058232 0.00357579 0.00274019 0.131732 0.00211727 0.00169491 0.00243882 0.00603575 0.00895912 0.0068275 -0.00469687 -0.00655087 -0.00989498 -0.00667146 -0.000652736 -0.00699337 -0.00343979 -0.00952573 -0.00301616 0.00668163 -0.00391483 -0.0069327 -0.0019844 0.00231479 -0.00159233 0.00162695 -0.00180502 -0.0050351 0.00148873 -0.00649202 -0.00670977 -0.00648757 -0.00378037 -0.00171739 -0.00145953 -0.00438215 -0.00333146 0.000870159 0.00396736 -0.0107758 -0.0135051 -0.00326479 -0.00346404 -0.00926061 -0.00202363 -0.00516056 -0.00264553 0.0016229 0.0062166 -0.00250988 -0.0079717 -0.00141133 -0.00495056 -0.003068 -0.00168453 0.00798512 0.00165268 -0.00312457 0.000807331 3.7433e-05 0.00160816 0.00111345 0.00656666 -0.00604774 -0.00115798 0.0006429 0.00248766 -0.0134052 -0.00702415 -0.00332076 -0.00480795 0.0119871 0.00102041 -0.000680145 -0.00477132 4.78141e-05 -0.00431966 0.00139052 0.00805485 -0.000861857 0.000962727 0.00612968 -0.00385248 -0.00560126 -3.80911e-05 -0.00780888 -0.000909351 -0.00468073 0.0014709 -0.0019264 -0.000921814 -0.000316345 -0.00349153 -0.000558477 -0.0011475 
-0.00918802 -9.22159e-05 0.00400614 -0.0068231 0.00716611 0.0024335 0.00103645 -0.00193624 0.00211727 0.139337 -4.29599e-05 0.00535811 -0.011331 0.00182391 -0.00353201 -0.00602067 -0.00964646 0.00502775 0.0221907 -0.0107229 -0.00366413 -0.00543171 -0.0107482 -0.0126937 -0.00279395 0.00372408 -0.00396759 0.00664592 0.00339669 8.81439e-06 -0.00186765 -0.00633648 0.000807907 0.00899852 0.00192353 -0.00939358 -0.00801246 -0.000333704 -0.00478918 -0.00131605 -0.00744315 -0.00392742 0.0116865 0.000201047 -0.000466784 -0.00994582 -0.0039168 0.00338764 -0.0126169 -0.00481391 0.00721689 -0.0045988 -0.0010056 0.00611454 -0.00282878 -0.00234578 -0.000185218 -0.00388838 -0.0025373 -0.00561399 0.00725403 -0.00515477 -0.00489286 -0.00344079 -0.00307608 -0.0107967 -0.00278081 -0.00617955 -0.0079367 -0.00232107 0.00106866 0.00360349 0.0043262 -0.00468284 -0.00805492 0.0126794 0.0161832 0.00208676 -0.0024616 -0.00250098 -0.00636534 -0.0048673 0.000293316 -0.00212372 -0.00665316 -0.00360945 -0.00552619 0.00141877 -0.00528802 -0.00209202 0.00444844 -0.000682867 -0.00080945 0.000966161 -0.00234069 -0.000617338 -0.000554415 -0.00753535 0.00487478 0.00635084 
-0.000666914 -0.00818182 0.00924066 -0.00650867 0.00714917 -0.00625483 -0.00547169 0.00532228 0.00169491 -4.29599e-05 0.149487 0.00483346 -0.0115979 0.00779473 0.023546 -0.0018669 -0.0105817 -0.00120038 -0.000438756 -0.0132704 0.00273206 0.00432756 -0.00307505 -0.0135117 0.000508151 -0.00599421 -0.00329261 0.00162216 0.00488695 -0.00135407 -0.00864778 -0.000822663 -0.00263233 0.00466969 -0.0074822 -0.00650386 -0.00591141 -0.000967169 -0.00223188 -0.00434397 -0.00112517 -0.00248616 -0.0023158 0.000159681 0.00596722 -0.0106924 -0.00227588 -0.00193918 -0.0167173 -0.00506684 -0.00657076 -0.00641464 -0.00564794 -0.0102896 -0.000250721 -0.00574478 0.00162257 0.00509801 -0.00251165 0.0196271 0.000649174 0.00107861 -0.00640107 -0.00299253 -0.00370232 0.0029652 0.0017284 -0.0146458 0.00217463 -0.000353778 -0.0121174 -0.00171762 -0.00166793 -0.00316681 -0.00519101 -0.00376956 0.00186247 -0.00535966 -0.00582314 0.00462022 0.00264072 -0.00396424 -0.00110398 0.0107947 0.0129815 0.00357846 -0.00460697 -0.00301628 0.01006 -0.000566857 -0.00347096 -0.00106885 0.00119335 -0.00254358 0.000294342 -0.00524503 -0.00419443 -0.00643634 -0.00164728 0.000765591 
0.0138516 -0.00317779 0.00590344 0.00219651 0.00114277 -0.0108466 -0.00155125 -2.30518e-05 0.00243882 0.00535811 0.00483346 0.198413 -0.00444935 -0.00445738 -0.00493962 -0.0017588 0.0124988 0.00743033 0.0277617 -0.00577468 0.0033292 0.00401829 -0.00364264 -0.0229927 -0.00916773 0.000663545 -0.00351733 -0.000843232 -0.00762837 -0.00885349 -0.00864604 -0.00582469 -0.00774191 0.00876366 -0.0127064 -0.00776174 -0.0110702 0.00262211 -0.00569264 0.00133005 0.00138713 -0.00654121 -0.000563259 -0.00225347 -0.0108826 -0.00946697 0.00343907 -0.00525578 -0.0179813 -0.00492722 -0.0159015 0.000232155 -0.00515999 -0.00772431 -0.00412972 -0.000556789 0.00614485 -0.000536576 -0.00828452 0.017426 -0.000553372 -0.00193334 0.00384995 -0.00456699 -0.00384763 -0.0197185 -0.0153033 -0.0117644 0.00146419 -0.00329746 -0.0189059 -0.00646353 0.00240506 -0.00507998 -0.0122109 -0.0143564 -0.00118257 0.0266279 0.0140998 -0.00112978 0.0088966 -0.00604623 0.00316138 0.00493415 0.0134785 -0.00593061 -0.00609502 0.0108189 0.00775219 0.005766 -0.00871733 -0.00409305 -0.00591688 -0.00833199 -0.00485715 0.000104151 0.00157932 -0.00458704 -0.0107327 0.00273174 
0.0051403 -0.00529039 -0.0094971 -0.00292779 -0.00527772 -0.00827379 -0.00170995 0.001861 0.00603575 -0.011331 -0.0115979 -0.00444935 0.139589 -0.0043181 0.000709659 0.00494881 0.00427377 -0.00879829 -0.0132696 0.00261138 -0.0112584 -0.00352176 -0.00742033 0.0278537 0.00137957 -0.00684369 0.000722119 -0.00127178 -0.000871839 -0.00139749 -0.001492 -0.00124929 -0.003238 -0.0103417 -0.00415861 0.000574909 0.00293519 -0.00699984 -0.00331962 -0.0016399 -0.00264943 0.00181076 -0.00232095 -0.00217792 -0.00311361 -0.00398878 0.00111215 -0.00347878 0.0169948 -0.00312325 -0.00138985 0.00570078 0.0027555 -0.000760688 -0.00419708 -0.000368017 -0.00271507 0.00478579 -0.00203082 -0.00202561 -0.00703118 -0.00607271 -0.000488705 -0.000672572 -0.00180245 -0.00161795 0.00540291 0.0122529 0.0029937 -0.0009638 6.11279e-05 0.000916723 0.00261771 0.00455885 -0.000965054 -0.010416 0.00830882 0.00358799 -0.00230791 0.000482343 0.000666344 -0.00473068 -0.00758425 -0.00734436 -0.00456398 -0.00802787 0.00172554 -0.00162789 -0.00327917 -0.001972 -0.000680266 0.00367867 0.00156945 -0.00407061 -0.00220519 -0.00128037 -0.00148987 -0.0027165 -0.00321926 -0.00738226 
-0.0128402 0.000823963 0.00353383 -0.0026526 -0.00322236 0.00222386 -0.00897484 0.00634455 0.00895912 0.00182391 0.00779473 -0.00445738 -0.0043181 0.15998 0.00538765 0.0013398 0.00599057 -0.00378153 0.0107881 0.00660739 -0.00738764 -0.00188451 -0.00250804 -0.0117079 -0.00107562 -0.00447168 -0.00206975 -0.00960776 0.000481463 0.000885956 0.000951872 -0.00147181 0.00157075 -0.00368837 -0.0074544 -0.00533585 -0.00460805 0.0106624 0.0126934 0.0010426 -0.00142577 0.00795541 -0.00658953 0.00983409 -0.000149056 0.00212075 0.0132927 -0.00493399 -0.0106749 -0.00348078 0.00989649 -0.00350633 -0.00308867 -0.00519692 -0.0024442 -0.00505883 0.00511273 -0.00858898 0.00280708 0.0100659 -0.00348497 0.00578831 0.000565069 -0.00759003 -0.00471643 -0.00088447 -0.00517072 -0.0113027 0.00465401 -0.00240068 -0.0160499 -0.00545332 -0.00868533 -0.0159502 -0.0106148 -0.00559661 -0.0134604 -0.00730617 -0.00296917 0.00160102 0.001589 0.00261201 -0.00452593 -0.000276039 0.00567245 -0.00199683 -0.00728806 -0.00370153 -0.00572747 -0.00170557 -0.00596768 -0.004609 0.00402522 -0.00350367 -0.00610645 -0.0049394 -0.00826685 -0.000820726 1.88254e-06 0.00224778 
-0.00979336 -0.00380117 -0.00776051 -0.00373348 0.00347319 -0.00781178 -0.00719431 -0.000312228 0.0068275 -0.00353201 0.023546 -0.00493962 0.000709659 0.00538765 0.130354 0.00261393 -0.00203321 0.00311891 0.00275516 -0.00762228 -0.00136847 0.000434894 -0.0027471 -0.0120082 0.00336373 -0.00753329 -0.0129034 0.00180478 -0.00115761 -0.00182015 -0.000305698 -0.00700578 -0.0039868 -0.00434393 -0.00281767 -0.0017546 -0.00442499 -0.000895805 -0.00616625 0.000810772 0.00183384 0.001448 -0.00844075 -0.00147217 0.0015646 -0.00889266 -0.00412099 -0.00125674 -0.00863793 0.0022138 0.00174009 -0.00518419 -0.000504272 -0.00659399 0.00340767 0.000822067 -0.0020108 0.000390283 -0.000607474 0.00752403 -0.000599743 0.00280137 -0.00430409 -0.00406966 0.00310055 -0.00106243 -0.00532376 -0.00528098 0.00560604 -3.60102e-05 -0.0140742 0.00301784 -0.00626782 0.00448665 -0.0050138 -0.00761644 0.00129767 -0.00903681 -0.000307526 -0.000889824 0.00802049 -0.00305563 0.00122115 0.00538272 -0.00154029 0.0118135 0.000668335 -0.00117914 0.00432416 0.00221955 -0.0035239 0.00490809 0.000396467 -0.00276373 -0.00494051 -0.00513276 -0.000597608 -0.00145559 -0.00284217 0.00300142 
-0.00478391 -0.00285116 -2.31155e-06 -0.000683175 0.00279267 -0.00180193 0.00414704 0.00377605 -0.00469687 -0.00602067 -0.0018669 -0.0017588 0.00494881 0.0013398 0.00261393 0.105912 0.00313316 -0.00164456 -0.00496935 0.00676524 -0.00221386 -0.000402985 -0.00444282 0.00618712 0.000391174 0.00310153 -0.000251429 -0.00445179 0.00252821 -0.000539023 -0.00373164 -0.00361306 -0.00223812 0.000896856 0.00336867 -0.00393042 0.000481153 -0.00163377 -0.00363556 -0.000922883 -0.00380553 -0.00281792 -0.00963362 -0.00290426 -0.00319623 0.00213921 0.00154559 0.00397511 -0.00518437 -0.00155566 -0.00625953 -0.000734288 0.00115862 0.000394545 -0.0113845 -0.00243685 0.001923 0.0012731 0.000380899 -0.000535434 0.00327549 -0.00191949 0.00342604 -0.00124095 -0.00314375 -0.00147328 -0.00503376 0.0020167 -0.00431969 0.00112161 0.00368349 0.00310158 -0.0025728 0.00204347 -0.00221778 -0.00074854 -0.00586663 -0.00348296 0.000847656 0.00609097 0.00116308 -0.00353292 -0.000793665 -0.00064893 0.00087025 -0.00214406 -0.00133879 -0.00125966 -0.00522612 -0.00527976 -0.00178585 -0.00104511 -0.00348904 -5.54495e-05 -0.00508891 -0.00277193 -0.0015545 -0.00563229 -0.00206912 -0.00354281 
0.0103526 -0.00518967 0.00109656 -0.00104813 0.00283514 -0.0036895 -0.0167152 -0.00997705 -0.00655087 -0.00964646 -0.0105817 0.0124988 0.00427377 0.00599057 -0.00203321 0.00313316 0.171252 -0.00602783 0.00283133 -0.00212267 0.00343592 -0.00361189 0.00261286 -0.00393582 -0.00278635 -0.00362826 0.00432846 -0.0126407 -0.00532933 -0.00469085 -0.00168359 0.00157768 -0.00267963 -0.00261554 -0.00334477 -0.0036264 -0.00875388 0.00682447 0.00793651 0.00291054 -0.00461759 0.00238464 -0.00812386 -0.00120366 0.00319085 -0.00395755 -0.00308433 -0.000805808 -0.00401031 -0.00382783 -0.00504689 -0.00706373 -0.00919417 -0.00610034 -0.000688865 -0.00145518 0.000268813 -0.001608 0.000380866 0.00100143 -0.00903773 -0.00718119 0.000158147 -0.00516492 -0.000762123 0.00377662 -0.0122368 -0.000319095 0.00168572 -0.000663659 -0.00476706 -0.00553356 -0.000668043 -0.00200216 0.0074771 -0.00592491 -0.00290861 -0.0032305 0.00093963 -0.0102088 0.006015 -0.00185007 -0.00616877 -0.00298363 0.00965531 0.000928019 0.00185993 0.00423826 0.00603215 0.00472494 0.00145845 -0.000908111 -0.00443672 -0.00292119 -0.012252 -0.0055371 -0.000304062 -6.87861e-05 -0.00167519 0.00334603 
-0.00781429 -0.00516746 -0.00411928 -0.000179896 -0.00159392 -0.00299541 -0.00709894 0.00124804 -0.00989498 0.00502775 -0.00120038 0.00743033 -0.00879829 -0.00378153 0.00311891 -0.00164456 -0.00602783 0.116104 0.010099 -0.00604731 0.00651058 0.00107962 0.0085869 -0.0117069 -0.00212326 -0.000670024 -0.0105141 0.00108492 0.00239923 0.00106019 -0.00590612 -0.00275915 -0.00549359 -0.00221891 -0.00464303 -0.00420033 -0.00405488 0.000605465 -0.0013343 0.00187462 0.00388316 -0.00358892 0.00463643 -0.00353567 -0.000631419 -0.0126868 -0.00722193 0.001448 -0.00859085 0.00117873 -0.00834799 -0.00202443 0.00156765 -0.00113055 0.00332687 -0.000404681 0.00377048 -0.000378106 -0.00138444 0.0133391 -0.00464562 0.00147648 0.0012928 -0.00733409 -0.00201247 -0.00398906 -0.00259354 -0.0100645 0.000660062 -0.0010535 -0.00188456 -0.00494778 0.00468766 -0.00476762 -0.00348757 0.00895284 0.00267608 -0.000502075 -0.0035827 -0.00340816 -0.00240143 0.00681191 -0.00101227 0.00665191 -0.00136305 -0.00196406 -0.00229099 -0.00290599 0.0104607 -0.00330921 -0.00199134 -0.00246346 -0.000672758 -0.0020254 -0.00150777 0.00262654 -0.00362878 0.000790443 0.000504708 0.00675201 
0.0111726 -0.00512234 -0.00976864 -0.000909116 0.00809997 -0.014951 -0.0213068 -0.00540265 -0.00667146 0.0221907 -0.000438756 0.0277617 -0.0132696 0.0107881 0.00275516 -0.00496935 0.00283133 0.010099 0.188774 0.0115529 0.0112928 -0.000697173 0.00850191 -0.0355045 -0.00366179 0.00261866 -0.0115209 -0.00559838 -0.00543033 -0.00579826 -0.00531997 -0.0108986 -0.00350556 0.00374887 -0.00211334 -0.0111901 -0.0140691 0.00341193 -0.00453876 0.000326501 -0.00323406 -0.00713077 -0.00540961 0.00280161 -0.00463577 -0.0139153 0.000513299 -0.00297056 -0.0212935 -0.00324853 0.00182501 -0.00417141 -0.00498173 -0.00255268 -0.00412382 0.00202642 0.000812971 -0.00494432 -0.00194873 0.00389149 -0.00449839 -0.00364624 -0.0114918 -0.00847484 -0.00364431 -0.0115319 -0.0100848 -0.0157816 0.0116735 -0.00283959 -0.0215703 -0.00361657 0.0036925 -0.00422209 -0.00571001 0.00302848 -0.000721859 0.0109082 0.00552174 -0.000170893 0.00340852 -0.00349512 0.000726106 -0.00522063 0.00714231 0.00726775 -0.00807781 0.0134769 0.0115069 -0.00673757 0.00924585 -0.00018409 0.000628274 -0.00148405 -0.0106314 0.00815189 -0.00211724 -0.00279016 -0.012488 0.014273 
0.00449559 -0.00238178 -0.0123274 -0.0021935 -0.00409186 -0.012463 -0.00454644 -0.003717 -0.000652736 -0.0107229 -0.0132704 -0.00577468 0.00261138 0.00660739 -0.00762228 0.00676524 -0.00212267 -0.00604731 0.0115529 0.188756 -0.0123937 0.00982446 -3.48014e-05 0.0124402 0.00603972 0.00497683 -0.0044971 0.000499886 -0.00195033 0.000184847 -0.00719637 -0.00757427 8.2823e-06 -0.00503594 -0.00935135 0.00382578 0.00277829 -0.00497248 -0.00170033 -0.00283998 -0.00430905 -0.00365177 -0.00995843 0.000204431 -0.00148653 -0.00388442 -0.00193993 -0.00050673 -0.0211062 -0.00817153 -0.00327023 0.00400882 -0.00259934 -0.00405174 -0.00556773 0.00482994 -0.00817496 -0.00677386 0.000665875 4.73145e-05 -0.0112835 -0.0113233 0.00468321 -0.00427722 -0.00208765 0.00415407 -0.00323654 0.00352966 -0.00547187 -0.00134875 -0.00398758 -0.00196818 -0.00246132 -0.00495153 -0.00891813 0.00290088 -0.000747961 0.0144303 0.00832928 0.00362372 0.00246985 -0.000176745 0.000696964 0.00598374 -0.00719494 -0.0114675 -0.00722657 -0.00580397 0.00429799 0.00894947 0.00585779 -0.00117256 -0.000491818 -0.00290489 0.0051452 0.000750444 -0.00194623 -0.000971938 -0.00418737 -0.0103851 
-0.00776281 -0.00134988 -0.00376513 -0.00499169 0.0109424 -0.0100555 -0.00736474 -0.00596238 -0.00699337 -0.00366413 0.00273206 0.0033292 -0.0112584 -0.00738764 -0.00136847 -0.00221386 0.00343592 0.00651058 0.0112928 -0.0123937 0.175129 -0.00688323 0.0272119 -0.0133136 -0.00171462 0.0145619 -0.00262863 -0.00916502 -0.00656547 -0.00370683 -0.00369702 -0.00322028 -0.00289656 0.00357298 -0.00590798 -0.00320883 -0.00935691 -0.00911966 -0.00346941 0.00219526 -0.00707172 -0.00201876 0.00394653 0.00106405 -0.00145506 0.00209455 -0.00745283 -1.68413e-05 -0.00143882 -0.00328737 -0.00478669 -0.00532729 -0.00849303 -0.00474811 -0.00616207 -0.00175059 -0.00243457 -0.00715507 0.000753139 0.00459916 -0.00203215 0.0103105 0.00113221 -0.00280189 0.00167025 0.00144377 0.00226662 -0.0127376 -0.00826091 -0.00369139 0.00902838 -0.00985218 -0.00887916 -0.0112854 0.0111696 -0.0027759 -0.000769524 0.00857202 8.08311e-05 -0.00281828 -0.00355084 -0.00805243 0.000697865 0.000248232 0.0152159 -0.00717751 -0.00260911 0.0158673 -0.00803415 -0.00224908 0.000881194 -0.00384385 0.00324554 -0.00835788 -0.00996096 -0.00168195 0.00117019 0.00112283 0.00157305 -0.00266144 
0.00733963 0.00039657 0.00641645 -0.00511727 0.00204577 -0.00527464 -0.0112309 -0.00121145 -0.00343979 -0.00543171 0.00432756 0.00401829 -0.00352176 -0.00188451 0.000434894 -0.000402985 -0.00361189 0.00107962 -0.000697173 0.00982446 -0.00688323 0.133168 0.000415644 0.0102225 0.00487442 -0.00236428 -0.00701943 -0.00162813 0.0019068 -0.0004437 -0.00694677 -0.00632637 -0.00371468 -0.00195521 -0.00566887 0.00060694 0.000349307 -0.00330995 -0.00297538 -0.00246982 -0.0029502 -0.00609746 -0.00164406 -0.0026111 -0.000680662 -0.0173272 3.64224e-05 -0.00133536 -0.00729989 -0.00271769 -0.000923148 -0.00204539 -0.00186642 0.00192619 -0.00822226 -0.00598631 -0.0014119 0.00736248 -0.000676843 0.0077391 -0.00819756 -0.00351634 0.00389403 -0.00502582 -0.00409496 0.00728175 0.00417763 -0.00148708 0.00277243 -0.000670682 0.00282578 -0.00289388 -0.00289853 -0.00863226 -0.00540038 -0.00228932 -0.00151371 0.00921473 -0.00226724 -0.003805 0.00279376 -0.00401383 0.00105126 0.00801175 -0.00148241 -0.00576626 0.000857009 -0.00179104 -0.00526129 -0.00425243 -0.00122888 4.57541e-05 -0.00111809 -0.00599529 0.00468546 -0.000479797 -0.00191409 -0.00735857 -0.00254491 0.00112328 
-0.00544997 -0.00304771 -0.016685 -0.00181797 -0.00320658 -0.00678308 -0.0163005 0.00503813 -0.00952573 -0.0107482 -0.00307505 -0.00364264 -0.00742033 -0.00250804 -0.0027471 -0.00444282 0.00261286 0.0085869 0.00850191 -3.48014e-05 0.0272119 0.000415644 0.175825 0.0057718 -0.00392442 0.00486897 -0.00130331 -0.0113436 0.00353927 -0.00296516 -0.00538386 -0.00815069 -0.00573221 -0.00912489 -0.00061483 -0.00310975 -0.00041321 -0.000849625 -0.00106173 0.00152458 0.00215231 -0.0049063 0.0123909 0.00146883 0.000598926 0.00833983 0.00190185 0.0058403 0.00472142 0.00227213 -0.0043759 -0.00825053 -0.00642114 0.00168485 -0.00791622 -0.00775957 2.25893e-05 -0.00524131 0.00251826 -0.0027632 -0.0113697 0.00362611 0.00980677 0.00538762 0.00419322 -0.0012452 -0.00354502 -0.00637066 -0.0104483 -0.00440755 -0.00541186 -0.00918605 -0.00632783 -0.00627096 0.0086952 0.00882504 -0.0247807 0.0128094 0.00452947 -0.00460788 -0.00573261 0.00494502 -0.00659782 -0.00106117 -0.00212909 -0.0047992 -0.00280403 0.00400698 0.000643529 -0.00711858 -0.00281698 0.00652841 -0.00227803 -0.0145254 -0.00652189 -0.00273267 -0.00302665 0.00453295 -0.00660168 -0.00457452 
-0.00492023 -0.000263642 0.0160778 -0.0194762 -0.00596103 -0.0042186 0.0126469 0.01481 -0.00301616 -0.0126937 -0.0135117 -0.0229927 0.0278537 -0.0117079 -0.0120082 0.00618712 -0.00393582 -0.0117069 -0.0355045 0.0124402 -0.0133136 0.0102225 0.0057718 0.203261 -0.00163172 0.00409033 0.0131939 0.00115543 -0.000654805 7.9746e-05 -0.00345816 -0.00429726 0.00136088 -0.0123316 -0.00367565 0.0137626 0.00175044 -0.00820603 -0.00505428 -0.012789 -0.00508719 -0.000406823 0.0155843 -0.00193671 0.00157774 0.01068 -0.0081634 -0.000308083 0.0183111 -0.00359115 0.00369485 0.000319665 -0.00249531 0.0137322 -0.0177789 -0.00284233 -0.00466661 -0.00176035 0.00165948 -0.0212725 -0.00824553 -0.0107412 0.0109787 -0.00570001 -0.000466908 0.00838549 0.0110865 0.0122022 -0.0097108 -0.00100847 0.00336619 0.00264247 -0.000933571 0.00900712 0.00945794 0.00187033 -0.0162221 -0.0142503 -0.00442211 0.000494377 -0.00130193 -0.0004077 -0.0110827 -0.00816634 -0.00923108 -0.00989647 0.00667205 -0.00849621 -0.0165419 -0.0163806 -0.00337793 0.00288339 -0.00179709 -0.00924721 0.00555424 -0.00533201 -0.00946387 -0.004072 3.01554e-05 -0.0107197 
-0.00126599 -0.00371306 -0.00234733 -0.00157563 0.00240532 -0.00324626 -0.00568096 -0.000878236 0.00668163 -0.00279395 0.000508151 -0.00916773 0.00137957 -0.00107562 0.00336373 0.000391174 -0.00278635 -0.00212326 -0.00366179 0.00603972 -0.00171462 0.00487442 -0.00392442 -0.00163172 0.0861644 0.00537437 -0.00397339 0.00199953 0.00312589 -0.000461306 -0.00399825 -0.00316564 -0.00213851 -0.0021162 -0.00413055 -0.00470151 -0.0022575 0.00677652 0.000510704 -0.00476487 -0.00121523 0.000366939 -0.00181507 -0.00121489 -0.00198407 -0.00433626 -0.00363172 -0.000540681 -0.00228363 -0.00214537 0.0031035 -0.001403 -0.000116817 0.00421215 -0.00200014 -0.000335855 -0.00105245 -0.0015738 0.000374915 -0.0003543 -0.0030621 -0.00259143 0.000213887 0.00250275 -0.000619685 0.00408249 0.00286728 -0.00257964 -0.00085289 -0.000562956 -0.00129395 -0.00162521 -0.00271873 0.000379567 0.000845677 -0.00762071 -0.00552583 -0.00189566 0.00304347 -0.00185215 0.000875349 -0.00327834 -0.000300135 -0.000449785 -0.000732602 0.00133087 -0.0015819 -0.00273497 -0.000785676 -0.00446365 0.00226036 -0.00124735 -0.000328462 0.00229604 -0.00102712 -0.000119036 -0.00106715 -0.00481213 0.00133951 0.00133735 
0.00258973 -0.00315154 -0.0092212 -0.00334487 -0.00701293 -0.0103254 0.00544262 -0.000138218 -0.00391483 0.00372408 -0.00599421 0.000663545 -0.00684369 -0.00447168 -0.00753329 0.00310153 -0.00362826 -0.000670024 0.00261866 0.00497683 0.0145619 -0.00236428 0.00486897 0.00409033 0.00537437 0.127073 0.000759119 -0.00237588 0.00281738 0.0154422 -0.00348974 0.00116105 -0.00394152 0.000370548 -0.00393045 -0.00729938 -0.00350263 -0.000155732 -0.00457453 0.00060855 -0.00287091 -0.0043708 0.00279152 0.00286335 -0.00741461 -0.00213268 -0.00480809 0.00319619 -0.00682381 -0.00163809 -0.00226688 0.00734149 -9.81696e-05 -0.00238509 -0.00364308 0.00204946 -0.00382676 -0.00397486 -0.000631834 -0.00216891 -0.000890728 -0.000231069 0.00450102 -0.00730178 -0.00102946 -0.00366251 0.00529682 -0.00531812 -0.004754 0.000505301 -0.00333128 -0.000921368 -0.00392849 -0.00541511 0.00653629 -0.00359749 -0.00658877 -0.00313009 0.00750897 -0.00701787 -0.00405935 -0.00202598 0.00743697 0.00493661 -0.00411483 -0.00471443 -0.00269949 -0.000794868 -0.0114824 -0.00394806 0.00272522 -0.0032746 -0.00284722 -0.00196051 -0.00530584 -0.00134887 -0.0025875 -0.000600738 -0.00237662 0.000264648 
-0.0209361 -0.00105523 -0.00182686 -0.00904687 -0.0049073 0.00537474 0.00952559 -0.0111137 -0.0069327 -0.00396759 -0.00329261 -0.00351733 0.000722119 -0.00206975 -0.0129034 -0.000251429 0.00432846 -0.0105141 -0.0115209 -0.0044971 -0.00262863 -0.00701943 -0.00130331 0.0131939 -0.00397339 0.000759119 0.171588 -0.0135666 0.00132128 -0.00512142 0.0166187 0.0122084 0.0091611 -0.00338567 0.00261588 0.0229199 0.00997389 -0.00446622 -0.00238973 -0.00698809 -0.0106484 -0.00178237 0.00183411 0.00430121 -0.00302726 0.00347686 0.00342325 -0.00687372 0.0168421 -0.00212275 -0.00547625 0.000297779 -0.00182672 -0.00228224 8.2244e-05 -0.00172314 -0.00378082 0.0043934 0.00256023 -0.0101933 0.00246999 -0.0128178 -0.00133998 -0.00923442 -0.000683993 0.00299603 -0.00854103 0.00615894 -0.00398407 -0.00275019 0.0047468 -0.00444064 -0.000567389 0.00977631 -0.000240349 0.00076332 -0.0071974 0.000404174 -0.00489326 0.00499159 -0.00669974 -0.00183421 -0.00114314 -0.00637718 -0.0119438 -0.00752986 -0.000354781 -0.00212029 -0.0049106 -0.000417807 -0.00959981 -0.00999071 -0.00749153 0.000292871 -0.00897112 -0.00247281 -0.00295222 -0.000651135 0.00418511 -0.00322363 
-0.000242161 -0.00633089 -0.00239683 -0.00452832 -0.00770221 -0.00313614 0.000995991 0.00302192 -0.0019844 0.00664592 0.00162216 -0.000843232 -0.00127178 -0.00960776 0.00180478 -0.00445179 -0.0126407 0.00108492 -0.00559838 0.000499886 -0.00916502 -0.00162813 -0.0113436 0.00115543 0.00199953 -0.00237588 -0.0135666 0.137203 0.000704692 0.00532632 -0.00365604 -0.00341415 -0.00180802 -0.00147619 -0.00186191 -0.00189018 -0.00403718 -0.00471899 -0.00492427 0.00198503 -0.00419368 -0.00193303 -0.0102717 -0.00640719 -0.00287878 -5.91931e-05 -0.00775686 0.00144506 -0.0112403 0.00229777 -0.00128759 1.97265e-05 0.00206987 -0.00790088 -0.00303177 -0.00569139 -0.000233876 0.00286635 -0.00286617 -0.00681097 0.00229132 0.000708318 -0.00154424 0.00254388 6.04397e-05 -0.0022131 0.00894423 0.0065531 -0.00372451 0.00221707 0.0111928 0.00625037 0.00647864 -0.00284229 0.00423661 0.00150323 0.0122104 -0.00840547 0.00381936 0.000728918 -0.000412242 0.00170866 -0.00399997 0.00260278 -0.00552845 -0.00125779 -0.00250675 -0.00290684 -0.00426165 -0.000926066 0.00261719 -0.00124648 0.000657516 -0.00254482 0.00541044 0.000938373 0.00133374 -0.00658438 -0.000302955 -0.00738332 
-0.00651009 -0.00265465 0.000976599 -0.00381668 -0.00142039 0.000166602 -0.000443156 0.00300381 0.00231479 0.00339669 0.00488695 -0.00762837 -0.000871839 0.000481463 -0.00115761 0.00252821 -0.00532933 0.00239923 -0.00543033 -0.00195033 -0.00656547 0.0019068 0.00353927 -0.000654805 0.00312589 0.00281738 0.00132128 0.000704692 0.0879253 -0.000242702 0.000199465 -0.00102116 0.00191447 0.00384951 -0.00176528 0.00236996 1.4761e-05 -0.00146262 0.00230549 0.000492643 -0.00353782 0.00216193 -0.00394698 0.00160889 -0.000954364 -0.00491887 -0.00360935 0.00157688 -0.0047511 -0.000232046 -0.00587186 0.00213087 0.000233927 -0.00692803 -0.0071639 -0.00523017 -0.00142845 0.0028535 -0.000377027 -0.00711505 0.00282454 -0.000243792 0.00291261 0.00105957 -0.00228096 0.000644061 0.00473952 0.0062671 -0.00428076 0.000500778 0.00209031 0.00210405 -0.00302747 -0.00440611 -0.002251 0.00227045 -0.00536962 -0.00372776 -4.41037e-05 0.000242835 -0.00134113 -0.00565431 -0.000869446 0.00230789 -0.00262826 -0.00759632 -0.000178225 -0.00376584 0.00273301 0.00014496 -0.00381048 -0.0026955 -0.00282079 -0.00258939 0.000392425 -0.000599107 -0.00175761 -0.00325588 -0.00274733 -0.00151034 
-0.00491589 -0.00172186 -0.00447083 0.00190338 -0.0030047 -0.00260393 -0.000554218 0.00254819 -0.00159233 8.81439e-06 -0.00135407 -0.00885349 -0.00139749 0.000885956 -0.00182015 -0.000539023 -0.00469085 0.00106019 -0.00579826 0.000184847 -0.00370683 -0.0004437 -0.00296516 7.9746e-05 -0.000461306 0.0154422 -0.00512142 0.00532632 -0.000242702 0.0783888 -0.00471252 0.00202958 -0.000194544 0.000842756 0.00476832 -0.00187259 -0.00445313 -0.00183068 -0.00308878 -0.000198357 0.00355786 0.00180492 0.000176098 0.000597845 0.00167677 -0.00362025 -0.00468345 -7.8564e-06 -0.00334073 0.00116796 -0.00116339 0.00342578 0.00284606 -0.00136365 0.00229267 -0.00502788 0.000388443 -0.00127809 -0.000583257 -0.00187355 -0.00246883 0.000453558 0.000534911 -0.00454742 -0.000786835 -0.000731725 0.000669551 0.000272671 0.000515822 -0.000859281 -0.00417481 -7.66809e-05 0.0020128 -0.0012939 0.000862113 0.00169528 -0.0027831 -0.0037259 -0.000469706 -0.00403301 -0.00257645 -0.00204454 -0.00260156 0.00486423 -0.00337879 -0.00319061 -0.00119547 -0.00164564 -0.00643487 -0.000562067 -0.000526677 0.000544965 0.00256715 -0.000264125 0.000266654 -0.00178012 -0.00113595 0.000855149 -0.00105728 0.00237788 
-0.00594958 -0.000542718 -0.00294504 -0.00238464 0.0014157 0.000160133 0.000409137 -0.00794405 0.00162695 -0.00186765 -0.00864778 -0.00864604 -0.001492 0.000951872 -0.000305698 -0.00373164 -0.00168359 -0.00590612 -0.00531997 -0.00719637 -0.00369702 -0.00694677 -0.00538386 -0.00345816 -0.00399825 -0.00348974 0.0166187 -0.00365604 0.000199465 -0.00471252 0.11161 0.00693555 0.00852312 0.00142277 0.00123786 0.00994229 0.0146698 0.00727871 -0.00318914 -0.00212402 -0.00284905 0.00167496 -0.00281177 0.00263486 -0.00062095 0.00520586 0.00318652 -0.00133454 0.00528127 0.000795636 0.0013931 -0.00336398 0.000562957 0.00246224 -0.00265059 -0.0029754 -0.00542012 0.000483671 -0.00103492 -0.00755977 -0.00310247 -0.00541106 -0.00680413 0.00141952 0.00321583 -0.00178669 -0.00438538 0.00520903 -0.000721762 0.000716082 0.000394704 -0.000443158 -0.00191987 0.00917346 0.00319299 -0.00698594 -0.00523439 -0.0141689 -0.00596372 0.00481402 -0.00398246 -0.00608996 -0.00254736 -0.00841568 -0.00815363 -0.00274725 -0.000280753 -0.00224732 -0.0010847 0.000618306 -0.00297741 -0.00250112 -0.00251775 0.00599564 0.00171076 0.000525703 -0.000915531 -0.000102083 -0.00416928 -0.00217007 
-0.0101984 -0.00124795 -0.00296384 -0.000705578 -0.00166237 0.00370484 0.00560402 -0.00572631 -0.00180502 -0.00633648 -0.000822663 -0.00582469 -0.00124929 -0.00147181 -0.00700578 -0.00361306 0.00157768 -0.00275915 -0.0108986 -0.00757427 -0.00322028 -0.00632637 -0.00815069 -0.00429726 -0.00316564 0.00116105 0.0122084 -0.00341415 -0.00102116 0.00202958 0.00693555 0.0981806 0.00436175 -0.00233543 0.00441829 0.00359994 0.0118164 0.00151479 0.000263424 0.000200795 0.00254566 -9.5092e-05 -0.00371771 -0.000166738 0.00388337 -0.0042106 0.00711589 -0.000659643 -0.00364218 -0.000385697 0.00104691 0.000791762 -0.00241221 -0.00448066 0.00149567 0.00259372 -0.00245938 -0.000411059 -0.000976578 -0.00207512 0.000716631 0.0031884 -0.00596688 -0.00289098 0.000278838 0.00288401 -0.000993392 0.0018086 0.0024657 -0.000318187 -0.00254051 -0.00281864 -0.00390176 -0.00169025 0.00344613 -0.00170114 -0.00507239 -0.00675547 -0.00671062 0.00223865 -0.00479886 -0.00205838 0.00369507 -0.0107379 -0.00301835 -0.00506115 -0.00162769 -0.00198716 -0.00297643 0.00482129 -0.00339907 -0.00355885 0.000923943 0.00672414 -0.00458951 0.00495679 0.000248204 -0.00106313 0.00399675 -0.00371769 
-0.0123007 0.00288086 0.00214081 -0.00414869 -0.00288451 0.00853589 0.00725145 -0.00370582 -0.0050351 0.000807907 -0.00263233 -0.00774191 -0.003238 0.00157075 -0.0039868 -0.00223812 -0.00267963 -0.00549359 -0.00350556 8.2823e-06 -0.00289656 -0.00371468 -0.00573221 0.00136088 -0.00213851 -0.00394152 0.0091611 -0.00180802 0.00191447 -0.000194544 0.00852312 0.00436175 0.0971744 -0.000396562 0.00652214 0.00811244 0.00927962 0.00623442 0.000721924 -0.00369281 -0.000391824 0.00361781 0.000172775 0.000681214 -0.00289248 -0.00106331 0.00422993 -0.00253763 -0.00439498 -0.00420294 0.00513224 -0.000295497 -0.00475865 -0.00684636 -0.00929088 -0.00145662 -0.00296931 0.000898937 -0.000343673 -0.00525307 0.00735276 0.0014698 -0.00598431 -0.00400585 -0.00180635 0.00112937 -0.00471694 -0.00244674 -0.00237265 -0.000958722 -0.00370883 4.63674e-05 -0.0033979 0.0056447 -0.00375627 0.00450036 -0.0106102 -0.0059653 -0.0034863 -0.00085919 -0.00201988 0.00234469 -0.00176678 -0.00352029 -0.00474991 -0.00561858 -0.00148692 -0.000892217 0.00437786 -0.00551504 -0.00227716 -0.00197882 0.00198856 0.00245675 0.00207731 -0.00145823 -0.000788874 -0.00197789 3.13806e-06 -0.00575721 
-0.00999025 0.000717932 0.00383485 0.000349272 0.011259 0.00648 0.00204879 -0.00101428 0.00148873 0.00899852 0.00466969 0.00876366 -0.0103417 -0.00368837 -0.00434393 0.000896856 -0.00261554 -0.00221891 0.00374887 -0.00503594 0.00357298 -0.00195521 -0.00912489 -0.0123316 -0.0021162 0.000370548 -0.00338567 -0.00147619 0.00384951 0.000842756 0.00142277 -0.00233543 -0.000396562 0.101103 0.00789294 -0.00258714 0.00202033 0.0075567 -0.00262864 -0.00178495 -0.00490192 -0.00400536 0.00280456 -0.00269398 -0.00485756 -0.00275016 -0.00491267 -0.00142508 -0.0113702 0.00197337 -0.00123555 -0.00480268 -0.00361586 -0.000854247 0.000206438 -6.73549e-05 -0.00323448 -0.00281409 0.00120825 0.00509812 0.0048824 -0.000919341 -0.00320333 -0.00323582 -0.00132991 -0.0067179 -0.00141859 -0.0020174 -0.00570953 0.000175376 0.00366457 0.00179944 -0.00872638 -0.00476915 -0.0022176 -0.000220975 -0.0065938 -0.00557968 0.00310708 -0.00491104 -0.00206743 -0.00383212 0.00304193 0.00372626 -0.00440391 0.000304332 -0.00180233 0.00376299 -0.000416283 -0.00347597 -0.00231345 -0.00276509 0.000481652 -0.000946582 -0.00728221 -0.000393981 0.00178227 0.00079572 -0.00169145 0.00117156 
