0.120007 -0.000755782 0.007485 0.000627618 0.000182057 -0.00163229 0.000389468 -0.00708635 -0.00134406 -0.00108781 -0.00077487 -0.00326009 -0.0112182 -0.00252126 0.00060525 -0.00288905 -0.000428186 -0.00552154 -0.00698089 -0.00829706 -0.00587929 -0.000789242 -0.00702174 -0.00221885 -0.00712061 -0.00356962 -0.00420103 -0.0041577 0.00487538 0.00198192 0.00012576 -0.00886579 0.00836261 0.00250441 -0.0101015 0.00268585 -0.00379051 -0.00346832 -0.00241814 -0.00150914 0.00697398 -0.00325557 0.00069548 -0.00830711 0.0140158 -0.00522924 -0.00386558 -0.000886177 -0.00269028 -0.00090596 -0.00125636 0.00424661 -0.00318962 -0.0104121 -0.000373273 -0.000910906 -0.00620329 -0.0105172 8.50003e-05 -0.00071581 -0.00271739 -0.00152283 0.0047596 0.000285388 0.00410944 -0.000645217 0.0136876 -0.00025871 0.0052233 -0.0018346 -0.00537085 -0.00370845 0.00163066 0.00706551 0.000339779 -0.00857773 0.00279768 -0.00293206 -0.00217434 -0.00555175 0.00373179 0.000443743 0.000925278 0.000531808 -0.00455696 -0.00353309 -0.00843448 0.00161742 -0.000545339 -0.00291849 0.00837359 0.0149396 -0.00181568 -0.00955566 0.000724026 0.00070182 -0.00302915 0.00137018 -0.000487235 -0.00130971 
-0.000755782 0.163568 0.00426858 0.00604607 0.00253475 0.00426737 -0.00175039 -0.000172133 0.00488482 0.00519436 -0.00405634 -0.00355382 0.00993796 -0.0120334 -0.00487132 -0.0066883 -0.00771656 0.00225894 -0.00397659 0.00238596 0.00395878 -0.00961548 -0.0054109 -0.013025 0.0013019 0.00455183 -0.000740344 -0.00126085 -0.00868587 0.0068279 -0.00275312 -0.00322258 -0.00296096 -0.00441587 -0.00384258 0.00620212 0.00530236 0.00560503 -0.00256 -0.0127732 -0.000398717 -0.00243008 -0.00244627 -0.00646632 -0.00349359 -0.0153937 0.00402973 0.00423559 -0.000871213 0.00596223 -0.00853183 -0.00177698 -0.0058246 -0.00548769 -0.000462792 -0.005018 -0.00166793 -0.0190912 -0.00605496 -0.0127093 -0.00165284 -0.000636111 0.000534715 0.000346367 0.000286585 0.006244 -0.00674626 0.00194403 0.00331901 0.0054033 0.00231074 -0.00216265 -0.00743668 -0.007827 -0.00260669 -0.00731717 -0.0137958 0.00344694 -0.00130659 0.000641464 0.00732723 -0.00489557 -0.00551021 -0.0019495 -0.0136882 -0.00362193 -0.00378168 0.000391028 -0.00366202 0.0106638 -0.0102568 0.00651069 0.0142467 0.0114196 -0.00116569 -0.00409037 -0.000352435 -0.00502356 -0.00405807 0.000150145 
0.007485 0.00426858 0.0801546 0.00388438 0.00107529 -0.000736747 0.00271768 0.00360936 -0.000134944 0.000918761 0.000678211 -0.00257642 -0.00435283 -0.00441037 -0.00407072 -0.00797583 -0.00397836 -0.000520951 -0.000686722 -0.00441117 -0.00298449 -9.84987e-05 -0.00350383 -0.00165137 -0.00121801 -0.00166228 -0.00290005 -0.00230842 -0.0032813 0.000963306 -0.00501136 0.000438346 -0.000714307 0.00117535 -0.00249704 0.00228474 -0.000783484 0.00198107 0.000498024 -0.00303887 -0.00173765 -0.00181169 0.000355357 -0.00320309 0.0109263 -0.00183081 -0.00305781 -0.000801204 -0.000337262 8.60046e-05 -0.0036808 -0.00122853 0.00315747 -0.00483268 0.00232126 0.00279578 -0.00473099 -0.00445888 -0.00138132 -0.00444266 0.00330451 -0.00097785 -0.00118181 -0.00222962 0.00113939 0.000273019 0.00116882 -0.00214657 0.00391731 -0.00113471 -0.00150256 0.000912231 -0.00137602 -0.00295101 -0.00174998 -0.00601806 -0.000564537 -0.00267273 -0.0020673 -0.00462358 0.00163313 -0.00228154 -0.00224986 -0.000301486 -0.00217046 -0.00409029 -0.00360159 0.00333934 0.00192308 -0.0011519 -0.00506011 0.00630929 -0.00528334 -0.00184 -0.00168364 0.000636375 -0.00366878 0.00567574 -0.000441093 0.00605706 
0.000627618 0.00604607 0.00388438 0.0863007 0.00246654 0.00681596 0.00832678 -0.00318435 0.000293295 0.00129506 0.000317087 0.000904729 0.00232178 -0.00394038 0.00479286 -0.00399585 -0.00618757 -0.00133315 -0.00434028 0.00168206 -0.000767399 2.65009e-05 -0.0020864 -0.000111688 -0.000947339 0.00260063 -0.00218761 -0.00480914 -0.00473953 0.0059928 -0.00327981 0.000576154 -0.00744365 0.00215075 0.00128035 0.000781505 0.000757958 0.000635918 0.00187831 -0.000499884 -0.00372276 0.00093823 -0.00431551 -0.00342937 0.0040645 -0.00966304 -0.00348063 -0.0012913 -0.000682034 0.00164969 -0.00280359 -0.00295402 -0.00223897 -0.00484466 0.000567314 -0.00339215 -0.00470108 -0.00579365 -0.0037522 -0.00692679 0.00214765 -0.0022672 -0.00663144 -0.000622167 0.00184637 -0.001179 -2.47091e-05 7.49404e-06 0.00209102 0.0001336 -0.00200265 -0.0041814 -0.004606 -0.00487856 -0.00233655 2.83805e-05 -0.00785806 0.00185291 -0.000663851 0.000474673 -0.00084171 0.00147492 5.1358e-05 -0.00148322 -0.00392512 -0.00371902 -0.000652443 -0.000708895 -0.00271739 0.0032168 -0.00244266 0.000259031 -0.00270916 -0.00117256 -0.000264238 -0.00252654 -0.00172103 0.00531404 -0.0023437 0.0094513 
0.000182057 0.00253475 0.00107529 0.00246654 0.0878072 -0.00165985 -0.00299515 0.000405144 0.00191304 0.00366942 0.000230209 -0.0023369 -0.00101002 -0.00206049 -0.00482371 -0.00146098 -0.00296321 -0.00453441 -0.00232126 0.000869932 0.00411278 -0.00955424 -0.00290177 0.000668299 0.000988332 -0.00309156 -0.00219903 0.00336694 -0.00104867 0.00485497 -0.000190037 0.00401052 -0.0037354 -0.00122801 -0.0018578 0.000961211 0.00131626 -0.000865674 -0.00114782 -0.000364762 0.00240422 -0.000760706 -0.00258409 -0.00194418 -0.00249782 0.00159244 -0.00957315 -0.00509584 -9.56831e-05 -0.00438446 -0.00234214 -0.00262755 -2.32113e-05 -0.00335847 0.0013423 -0.000394441 0.00312864 0.00338634 0.00495955 -0.00521453 -0.00318427 -0.00294539 0.000823833 -0.00259184 1.40273e-05 -0.00223761 -0.0111862 -0.00347837 0.00134739 -0.00249147 -0.00329835 -0.00104137 -0.00207189 -0.00637083 -0.00163411 0.00843384 -0.00155165 -0.000560545 0.00601577 0.00825152 0.00115316 -8.49877e-05 -0.00237635 0.00101674 -0.00119488 -0.00621152 -0.000713884 -0.00170323 -0.00451433 0.000363916 -0.00309831 -0.00600113 -0.00298419 0.0068623 -0.00125974 -0.00339722 0.00199754 0.00016773 0.00301556 -0.00427893 
-0.00163229 0.00426737 -0.000736747 0.00681596 -0.00165985 0.103131 0.00623248 -0.00120177 0.00337614 -4.99598e-05 0.00779912 0.00180733 -0.00486626 -0.00736598 -0.0038 -0.00387964 -0.00386761 -0.00179278 -0.00445599 -0.0053595 -0.000862438 -0.00855433 -0.00264432 -0.00157694 -0.001674 -0.000758862 -0.000227411 -0.000253301 0.0030851 -0.000790551 0.0035793 0.00315779 -0.00549942 -0.00412856 0.00350397 0.0029456 0.0109346 0.00173674 -0.00183507 0.00128705 -0.00151655 0.000891637 0.00185426 -0.00261595 -0.00364652 -0.00590825 -0.00600386 -0.00523423 -0.000755262 2.4649e-05 -0.00410372 -0.00464354 -0.00102089 -0.00596706 0.0019177 -1.13121e-05 -0.00414584 -0.00173026 -0.000577804 -0.00207373 0.00353095 0.0089113 -0.00154858 -0.00283196 0.00385199 -0.00462685 -0.00209012 -0.00149704 0.00278348 0.000249823 0.00130498 -0.00149003 -0.000972262 -0.0113399 -0.00154727 0.00119577 -0.0035988 -0.000899776 -0.0025078 -0.00228224 -0.000661832 0.000651446 5.1043e-05 -0.00123956 -0.00274249 -0.00149544 -0.00612854 -0.00140495 -0.00454241 -0.00273152 -0.00568852 -0.0030183 -0.00262866 0.00531784 -0.00262542 0.00317278 -0.00326815 -0.00537309 -0.000105028 0.000946054 
0.000389468 -0.00175039 0.00271768 0.00832678 -0.00299515 0.00623248 0.153247 0.00327967 0.00419438 0.000513564 0.010591 0.0176416 -0.00630095 -0.00160931 -0.00854178 -0.0129168 -0.000783282 -0.0010524 0.00506311 -0.0036737 -0.00355425 -0.00113915 0.00536318 0.00537888 -0.00348854 -0.00851133 -0.00218826 0.003415 -0.00953636 -0.00468108 0.00862214 -0.00327219 -0.00730505 0.00111307 -0.000738562 0.00633327 -0.00702429 -0.00386623 0.000737088 0.00175844 -0.00377456 0.00390646 -0.00320885 0.00667152 -0.00650692 -0.00655701 -0.00173836 -0.00436851 -0.00755621 -0.0052348 -0.00752207 0.00256241 -0.0048051 -0.00283256 -0.000312461 0.00154422 -0.00784016 -0.00608246 -0.00390916 -0.00707748 0.0034245 0.00193032 -0.00246275 -0.00107842 -0.00448521 0.00257662 -0.00708737 -0.000245729 -0.00319212 -0.00349409 0.00615469 -0.00358239 -0.0107164 -0.00303906 -0.00167969 0.00908425 -0.00313713 0.000360932 0.000383057 0.00846328 -0.00534744 -0.000707503 0.00128459 0.000243193 0.00294529 -0.0116556 -0.00583206 0.00031703 -0.00631769 -0.00480162 -0.00277288 -0.0116285 0.00236544 -0.0122018 -0.00210738 -0.0098587 -0.00477658 -0.00531427 0.00112393 0.00151895 
-0.00708635 -0.000172133 0.00360936 -0.00318435 0.000405144 -0.00120177 0.00327967 0.134764 -0.00394666 0.00396574 0.00139567 0.00116884 0.00749825 -0.00213416 -0.0162439 0.000205886 -0.0010591 -0.00586433 0.00284223 -0.00142265 -0.00144889 -0.00744411 -0.00452928 -0.00137369 0.000492729 -0.000236258 -0.00156525 -0.00419993 0.00278452 -0.000793123 0.00449288 -0.000743177 -0.00527613 -0.00251175 0.00929651 -0.000420772 -0.00325011 0.00245751 0.000970655 -0.00647308 0.00189889 0.00140869 -0.00281729 -0.00523413 -0.00861712 0.00350611 0.000280982 -0.0039919 -0.00444948 -0.00561804 -0.00410319 0.00427142 -0.00395432 0.00111307 -0.00222097 -0.00130802 -0.00357867 -0.00167302 0.00295645 -0.00882687 -0.000931693 0.00453858 -0.00149917 -0.00250912 -0.0053449 0.00767272 0.00253441 -0.00318363 0.00269992 -0.0028583 0.00141047 -0.000800881 -0.00375093 0.000916658 -0.00170852 -0.00379507 -0.0112434 0.000206277 -0.000262386 0.00269363 -0.00214315 -0.00603811 -0.00305721 0.002517 0.00250313 -0.00658129 -0.00522544 0.00125845 -0.00707148 -0.0081731 0.00430984 -0.00396649 0.0033068 -0.00310058 -0.000292295 -0.00834444 -0.00270629 0.00873045 -0.00117602 -0.00562571 
-0.00134406 0.00488482 -0.000134944 0.000293295 0.00191304 0.00337614 0.00419438 -0.00394666 0.136961 0.00999821 -0.00331189 0.00743092 -0.00147738 -0.00836596 -0.00282365 0.0126834 -0.00859635 -0.00790659 -0.000560715 0.00732177 -0.00224671 -0.0078273 -0.00282916 -0.0101775 -0.0104957 -0.00574993 -0.00266959 -0.00395531 -6.22898e-05 -0.00196273 -0.0108794 0.00130315 -0.0155693 -0.00430399 -0.00484399 0.0119 -0.00381574 -0.00551895 -0.00229121 0.00745899 -0.00964253 0.00075021 0.000840573 0.00928776 -0.00116776 -0.00268277 -0.00848352 0.000319061 -0.00263393 0.00661144 -0.00343361 -0.00549916 0.00773024 -0.00286443 -0.0049286 -0.00545464 0.00035776 -0.00594693 0.00247112 -0.00652382 0.00332025 -0.00457332 0.00516395 -0.00388283 -0.00157418 0.000129685 -0.00518519 -2.48836e-05 -0.00245325 0.00637792 -0.00344696 0.00482372 -0.00317438 0.00525528 -0.00775618 0.00550765 -0.00640781 -0.000584697 0.00106422 0.00530141 -0.00374933 0.00652765 0.00126585 0.00123808 -0.00667901 -0.00192456 0.00889877 -0.00641174 -0.00199604 -0.0010872 -0.0121767 0.000946793 -0.00884047 -0.000907947 -0.00187554 0.00146905 -0.00693711 -0.000273624 -0.0010488 -0.00947698 
-0.00108781 0.00519436 0.000918761 0.00129506 0.00366942 -4.99598e-05 0.000513564 0.00396574 0.00999821 0.105422 0.00630754 -0.000644534 -0.00286072 -0.00234029 -0.0019147 -0.00164975 -0.0038553 -0.00348174 5.76523e-05 0.00703392 -0.013804 -0.00927109 -0.00459802 -0.0106119 -0.000963053 -0.00200352 -0.00220209 -0.00541795 0.000812898 -0.000937281 -0.00766075 0.00341707 -0.00651679 0.00112097 -0.0058985 0.012789 0.00452902 -0.000756186 -0.000941217 0.000720466 -9.94926e-05 -0.000833025 -0.00196016 -0.00381419 0.00624707 -0.00129815 -0.0102264 -0.000916784 -0.00437352 0.00782118 -0.00302829 -0.000504965 -0.00150451 -0.00492698 -0.00505894 0.00120765 -0.00400224 -0.00409111 0.00145683 -0.00601413 -7.56788e-05 -0.00113857 -0.000177354 -0.00168671 -0.00111386 -0.00046701 -0.00206492 0.00262849 0.00291822 0.000999506 -0.0039479 0.00513766 -0.00143903 0.0106923 -0.00459685 -0.00276637 -0.00267665 0.0046274 -0.00168951 -0.00939804 -0.00726482 7.30837e-05 -0.00216038 0.00248728 -0.0051959 -0.00644582 -0.00770403 -0.00310714 -0.00177285 -0.00549651 0.00146149 -0.00360122 0.0011945 -0.00423448 0.000113837 0.00414243 -0.00639883 0.00357533 -0.000494375 0.00468479 
-0.00077487 -0.00405634 0.000678211 0.000317087 0.000230209 0.00779912 0.010591 0.00139567 -0.00331189 0.00630754 0.157947 0.00849281 -0.00434916 0.00223979 0.00242621 -0.0126511 -0.0102421 0.00441474 -0.00457 -0.00720259 0.000203834 -0.0145687 0.00960905 -0.00403152 0.0044333 -0.00266441 -0.000765917 -0.00163456 -0.00355829 0.00777098 0.0018738 0.00686843 -0.0121973 -0.00709696 -0.00885928 0.000703969 -0.00669691 0.0011288 -0.00910746 -0.0136327 0.0128616 -0.00346609 0.00381801 0.000353877 -0.00339839 -0.00473006 0.0115963 -0.00761085 -0.0074505 0.0025396 0.00115133 -0.00975388 -0.00439129 -0.0132922 0.00243679 0.00058493 -0.00858792 0.0115814 -0.00129141 -0.0159878 0.0033181 0.00173854 0.00207864 -0.00598703 -0.00282287 0.00492336 -0.00590002 -0.00280313 -8.57701e-05 -0.000863944 -0.00483694 0.00552278 -0.00647763 -0.0003383 0.00231011 -0.000387914 -0.000504826 0.00317137 -0.00209505 0.00347111 0.0116383 0.00393815 0.00627965 0.00103158 -0.00367756 -0.0110871 -0.0127962 -0.00437412 -0.00470923 -0.00744797 0.00268957 -0.0137409 -0.00811303 -0.00737943 -0.00315451 0.000773121 -0.00979035 -0.0105731 -0.00172594 0.00836582 
-0.00326009 -0.00355382 -0.00257642 0.000904729 -0.0023369 0.00180733 0.0176416 0.00116884 0.00743092 -0.000644534 0.00849281 0.127346 7.54798e-05 -0.00196975 -0.00064855 0.00266417 -0.00374864 -0.00349425 -0.00584175 -0.00201991 -0.00140968 -0.0108069 -0.00117472 -0.00895232 0.000225147 -0.00490235 -0.00186711 0.000465664 -0.00452425 0.00310427 -0.00489229 0.000615179 -0.00363155 0.00116383 -0.0061533 0.00525851 -0.00441109 0.000187142 -0.00461572 -0.00452473 0.00129072 4.15886e-05 -0.0020709 0.00627938 -0.00563167 0.00429072 -0.00574219 -0.00300763 -0.00846563 -0.00462044 -0.00281726 -0.00480828 0.0021913 -0.00144892 0.0061154 -0.00355553 -0.00391547 0.00197906 -0.000798074 -0.00761475 -0.000986723 -0.00446144 0.00177049 -0.00350863 -0.00166137 -0.0036911 -0.00937501 0.00106166 -0.00297906 0.00343618 -0.00704781 0.00360385 -0.00358565 -7.17759e-05 0.0007884 0.0148654 -0.00419567 -0.00278786 0.000194008 0.0043159 0.00508666 -0.00214534 -0.000147039 -0.00122157 0.00935391 -0.00214348 -0.00213071 -0.00231507 -0.010657 -0.00612438 0.00110268 -0.00644953 -0.000748001 -0.00199723 -0.00205869 -0.0123378 -0.00423267 -0.00549391 0.00464507 4.73266e-05 
-0.0112182 0.00993796 -0.00435283 0.00232178 -0.00101002 -0.00486626 -0.00630095 0.00749825 -0.00147738 -0.00286072 -0.00434916 7.54798e-05 0.160139 0.0178891 0.00197146 0.00291133 0.00565995 0.0074694 0.0070684 -0.00536962 0.0103246 -0.00159844 -0.00366766 -0.00100717 -0.00928625 0.0116282 0.00463044 -0.00471431 -0.0118131 -0.00633238 -0.000105481 -0.0129202 0.000732305 0.00240238 -0.00358497 -0.00959282 -0.00927961 -0.000979596 0.00017268 -0.00361423 -0.00538332 -0.000880431 -0.00418832 -0.000503425 -0.0138384 -0.00932044 -0.00568386 0.00205058 0.00563352 -0.00119505 0.00317038 -0.00325781 -0.00806011 0.00554855 -0.00554639 0.00156351 0.0127065 -0.010389 -0.00680643 0.00533893 -0.00983959 -0.000174083 0.0164991 0.0037888 0.000346019 -0.00164264 -0.0160595 0.000560657 -0.0115054 -0.00185908 -0.002763 -0.00550612 -0.00791714 -0.0121142 0.00571532 -0.000331589 0.00162536 0.0018471 -0.00290212 0.00779233 0.00320265 -0.00414214 -0.00491784 -0.00451196 -0.00583287 -0.00261105 0.0097925 -0.00502942 -0.00169885 -0.00665377 0.000627441 0.000748968 -0.00491626 0.00340902 -0.00360534 -0.0060011 0.00855666 -0.0160163 -0.00285639 -0.0165948 
-0.00252126 -0.0120334 -0.00441037 -0.00394038 -0.00206049 -0.00736598 -0.00160931 -0.00213416 -0.00836596 -0.00234029 0.00223979 -0.00196975 0.0178891 0.176022 0.0132421 0.0110666 0.0133955 0.00648161 0.0118373 6.49595e-05 -0.00769956 -0.00198309 0.00290446 -0.0124162 -0.00526334 -0.00480774 0.00117873 -0.000636054 -0.0114463 -0.0022316 -0.00790038 -0.0108293 0.00883596 0.00393273 0.000421441 -0.0050805 -0.0048855 0.000427263 0.000145965 0.00148802 0.000977668 0.000233592 -0.00821293 -0.000390612 -0.00914524 -0.00681499 -0.0216862 -0.00102012 0.00754252 -0.00692482 -0.00786292 1.30703e-05 -0.00440257 0.00125638 -8.29782e-05 -0.00282498 -0.00576228 -0.0117359 -0.00703227 0.00260547 -0.013334 0.00603951 0.00448792 -0.00319032 -0.00290168 0.00293365 -0.00346019 -0.00322261 -0.00679382 -0.00534769 -0.00146888 -0.00232807 -0.00151159 -0.00469992 -0.00156824 -0.00434309 0.00321583 -0.00228526 0.0013532 -0.00644876 0.00368018 -0.00337875 0.0058682 -0.00487331 -0.000140971 -0.0133682 -0.00326344 -0.00196985 0.011773 -0.00978588 0.0108734 -0.00140839 0.00371096 -0.0125948 0.0020394 -0.00247907 0.000454112 -0.0120016 -0.000431581 0.00579806 
0.00060525 -0.00487132 -0.00407072 0.00479286 -0.00482371 -0.0038 -0.00854178 -0.0162439 -0.00282365 -0.0019147 0.00242621 -0.00064855 0.00197146 0.0132421 0.178578 0.0213226 0.0179682 0.00626178 0.00234272 0.00825018 0.00025226 -0.00162285 -0.00606241 -0.00882189 -0.00569153 -0.00374131 -0.00201755 0.0032336 -0.00287497 0.00516912 -0.00413476 -0.00272555 -0.00109313 -0.0066169 -0.00874937 -0.0118278 0.00190121 -0.00183278 -0.00526793 -0.00572179 -0.00922032 -0.00758012 0.00620038 0.00310847 -0.015534 -0.0153315 -0.00246149 -0.000153945 -0.00637429 -0.00916627 -0.0039459 -0.00217109 -0.00215695 -0.00781131 -0.00633369 -0.0107149 -0.00107071 -0.0101663 -0.00483645 0.00355708 -0.0146308 -0.00328343 0.00382414 -0.00142934 0.0023397 0.00429334 0.012765 -0.00278925 -0.0112072 0.00661578 -0.0100665 -0.00440702 -0.00504144 -0.00721756 -0.00974494 0.00401876 0.0023403 0.000900343 0.00412586 -0.00494395 0.0114509 -0.00308166 -0.00143896 -0.00750889 -0.00851467 0.00605928 -0.000745006 -0.00732801 -0.00161386 0.00430389 -0.00581642 0.00626118 -0.00113329 -0.00408596 -0.000815899 0.0116617 -0.00297651 -0.0105615 -0.00231856 0.0121272 
-0.00288905 -0.0066883 -0.00797583 -0.00399585 -0.00146098 -0.00387964 -0.0129168 0.000205886 0.0126834 -0.00164975 -0.0126511 0.00266417 0.00291133 0.0110666 0.0213226 0.177327 0.00391138 -0.000853055 0.0101408 0.0163875 -0.00311507 -0.00182604 -0.000717104 -0.0143539 -0.0070657 -0.0100055 -0.0063082 0.00482619 -0.00831385 -0.0049693 -0.0185907 -0.00725112 -0.0124024 -0.000952681 -0.00744171 -0.00531557 -0.00436579 0.000796133 0.000450964 -0.00580405 0.000237083 0.000993371 0.00502057 0.00449041 -0.0125045 -0.00594987 -0.017899 0.0020153 0.00143424 -0.00257427 0.00300312 -0.00517302 0.00118259 0.00492113 0.00186251 -0.00409583 0.00560927 -0.0122214 -0.00295103 0.00708292 -0.021256 -0.012169 -0.00124078 -0.0050999 -0.00479306 -0.0127052 0.00434959 -0.00307102 -0.00507296 0.00320052 -0.00615395 0.000603587 -0.00362071 0.012784 -0.00652788 0.00576094 -0.00154533 -0.00139143 0.00712005 -0.0150695 -0.00104637 0.000226629 -0.00128866 -0.00375601 -0.00861674 0.00192524 0.01598 -0.00704867 0.0151527 -0.00174059 -0.00860512 0.00236567 -0.0047972 -0.00823533 -0.00592775 0.0111908 -0.00146275 0.0110046 -0.00448789 -0.000353039 
-0.000428186 -0.00771656 -0.00397836 -0.00618757 -0.00296321 -0.00386761 -0.000783282 -0.0010591 -0.00859635 -0.0038553 -0.0102421 -0.00374864 0.00565995 0.0133955 0.0179682 0.00391138 0.149059 0.0121944 0.00788126 0.00340795 0.00730725 0.00180708 -0.0137887 -0.0026136 -0.00324708 0.002601 -0.000961777 -0.000442636 -0.00195501 0.000320179 -0.00600246 -0.00170115 0.00850743 0.00165366 -0.0036612 0.00289936 0.00045749 6.90536e-05 -0.00464389 -0.0066531 -0.00166719 -0.00230637 -3.32754e-05 -0.00373478 -0.00626889 0.00933526 -0.0152172 -0.00342654 0.00146509 -0.0111224 0.00329635 -0.00248801 -0.0027156 0.00331967 -0.00115293 -0.0024151 -0.00772222 -0.0032341 -0.00418911 0.00563094 -0.0103378 -0.00335364 -0.008969 0.00169787 -0.000638032 -0.00308235 -0.00313401 -0.000491406 -0.00327858 -0.00580412 -0.00485751 -0.00252629 -0.0019357 -0.00395764 -0.00468421 0.00387675 -0.00578249 -0.00179167 -0.00312407 0.00194639 0.00313441 -0.00363348 -0.00532165 -0.00527881 0.000635566 -0.0108952 -0.00525619 0.00101938 0.00879154 -0.0107331 0.00200116 0.00328056 0.000695034 0.00547895 0.00100741 -0.00181348 0.00381135 -0.0134711 0.000449663 -0.00903167 
-0.00552154 0.00225894 -0.000520951 -0.00133315 -0.00453441 -0.00179278 -0.0010524 -0.00586433 -0.00790659 -0.00348174 0.00441474 -0.00349425 0.0074694 0.00648161 0.00626178 -0.000853055 0.0121944 0.110162 0.0113007 -0.00454578 0.00346261 0.00480873 0.00326491 0.000473886 -0.00182535 0.00136395 -0.00201806 0.00313014 -0.00582381 0.00224062 -0.00382546 -0.00022804 0.000792211 0.000416054 -0.00293814 -0.00699747 -0.00213065 0.00505395 -0.00439003 0.0016424 0.000548281 -0.00057615 -0.000211248 -0.00203836 -0.00510836 -0.0130922 -0.00511944 0.00427174 0.00267111 -0.00692738 -6.13029e-05 -0.00193925 -0.00304967 -0.00320591 0.00251866 0.000493529 -0.00673399 -0.00640918 -0.00416581 0.00485446 -0.0054417 -0.00248854 -0.000540652 0.00197166 -0.00208874 0.00193186 -0.00344666 -0.000184225 0.00340641 -0.00554915 -0.00475678 0.00140947 -0.00131102 -0.0101887 -0.00379375 -0.00771256 -0.00741499 0.00151079 -0.000940307 -0.00687757 0.00633177 -0.00287316 -0.00472541 -0.00336073 -0.00176268 0.00537694 -0.0050051 0.000322072 -0.00227736 0.00159144 -0.00325257 0.00136845 -0.00299129 -0.0050655 -0.0019214 -0.00108815 0.00299058 -0.011121 0.000102784 0.00703041 
-0.00698089 -0.00397659 -0.000686722 -0.00434028 -0.00232126 -0.00445599 0.00506311 0.00284223 -0.000560715 5.76523e-05 -0.00457 -0.00584175 0.0070684 0.0118373 0.00234272 0.0101408 0.00788126 0.0113007 0.1126 -0.00180287 -0.0082249 0.00990215 0.00582395 -0.00981089 -0.00163219 -0.00520098 0.00144919 0.00464562 0.000188573 0.000951825 -0.0030462 -0.00408939 -0.00125554 -0.00138172 0.000297355 0.00467835 -0.00743516 0.000946886 -0.00278304 -0.00540188 -0.00437358 -0.00101122 -0.000385326 0.00445978 -0.00727663 -0.00436699 -0.00415979 -0.00353638 -0.000115115 -0.00121917 -0.00423467 0.00415906 -0.00438698 -0.000852858 -0.00187839 0.00168435 -0.000597192 -0.00569658 -0.00317275 0.000604048 -0.00735163 -0.00289794 0.00161309 -0.0013715 -0.00222383 -0.00424329 -0.00572497 0.00665608 -0.00334706 0.00261682 0.00275961 0.0059733 -0.00296376 -0.00633944 -0.0027256 0.0022566 -0.00458597 -0.00296023 -0.00153429 -0.0117893 -0.00354467 -0.00665018 -0.00414808 -0.000124447 0.000833456 0.00429407 -0.000906929 -0.00137371 0.00127426 -0.00423473 -0.0045999 -0.0037584 0.000381545 -0.00595779 -0.00405497 0.00520609 0.00134625 -0.00600551 -0.00172643 -0.00592983 
-0.00829706 0.00238596 -0.00441117 0.00168206 0.000869932 -0.0053595 -0.0036737 -0.00142265 0.00732177 0.00703392 -0.00720259 -0.00201991 -0.00536962 6.49595e-05 0.00825018 0.0163875 0.00340795 -0.00454578 -0.00180287 0.148614 0.00824092 -0.00128827 -0.00934152 -0.0103021 -0.000732495 -0.00695343 -0.00459507 0.000622595 -0.00650593 0.000824058 -0.00598383 0.002582 -0.0105515 -0.00784267 -0.00330477 0.00112238 -0.00713969 -0.00083108 0.00781045 -0.00129409 -0.0108339 -0.0017832 -0.000213302 0.000561402 -0.00587674 0.00562097 -0.0064452 0.0045047 0.00228816 -0.00171917 0.00165395 -0.00320226 -0.00176356 0.000971521 0.006208 -0.00195251 0.000799529 -0.00767815 -0.00112326 0.000972725 -0.00489266 -0.00262927 -0.00243836 -0.0010321 -0.00286768 -0.00752303 -0.011806 0.00185978 -0.0107341 0.00251844 -0.00324678 -0.000149045 0.0022842 0.00143626 -0.00992261 0.00296974 -0.0126328 0.00169135 0.00312415 0.00120302 -0.00860032 0.00583223 -0.00284707 -0.00120273 -0.00878588 -0.00045948 0.00912624 -0.00355886 -0.00116712 0.00159491 -2.4352e-05 -0.000745376 -0.00180273 0.0017655 0.00246507 0.00592744 -0.00715719 -0.00334107 -0.000263258 -0.011407 
-0.00587929 0.00395878 -0.00298449 -0.000767399 0.00411278 -0.000862438 -0.00355425 -0.00144889 -0.00224671 -0.013804 0.000203834 -0.00140968 0.0103246 -0.00769956 0.00025226 -0.00311507 0.00730725 0.00346261 -0.0082249 0.00824092 0.162614 -0.00895995 -0.00488239 0.00503095 0.00423183 0.00517523 -0.00461749 -0.00332663 -0.0057988 5.53505e-05 -0.00553117 0.00110043 0.00921415 -0.0020616 0.00989486 -0.0134921 -0.00131895 0.00176458 -0.00330407 -0.00127213 -0.00977078 -0.00287058 -0.00213394 -0.00396189 -0.0163079 -0.00172759 -0.000701016 0.00132051 -0.00217258 -0.00591666 -0.00556189 -0.00753542 -0.00234519 0.00584654 -0.00158332 -0.00282909 0.00558687 -0.00505703 -0.00483043 -0.010908 -0.0123926 0.000126853 -0.00529931 -0.00495613 -0.00192717 0.00391472 -0.00300714 -0.00534418 -0.00858688 -0.00452791 -0.0103141 -0.000797136 0.00278381 -0.0142806 -0.00203561 0.0100832 -0.0148362 0.00111737 0.000201602 0.0265267 0.00156863 -0.000436031 -0.0083453 -0.00174127 0.00270886 -0.00706868 -0.00206795 0.000247399 -0.00257755 0.00722674 0.00617423 -0.0059504 -0.00301311 0.0184581 -0.0042194 0.00204224 0.00500506 -0.00189639 -0.00218867 -0.0172992 
-0.000789242 -0.00961548 -9.84987e-05 2.65009e-05 -0.00955424 -0.00855433 -0.00113915 -0.00744411 -0.0078273 -0.00927109 -0.0145687 -0.0108069 -0.00159844 -0.00198309 -0.00162285 -0.00182604 0.00180708 0.00480873 0.00990215 -0.00128827 -0.00895995 0.167608 0.0112672 0.0166513 -0.00336645 0.0116916 -0.000567629 -0.00460191 -0.007572 -0.0104712 -0.00977093 -0.00260152 0.00978545 0.000760061 -0.00154469 -0.0111991 -0.0116531 -0.000762723 0.000152236 -0.00927413 0.00409938 0.000966449 0.00219568 -0.00190872 0.0024628 -0.00297663 0.00852926 -0.00464687 -0.00238885 -0.00659616 -0.00510044 0.00374906 -0.00231796 0.00318309 -0.00684544 0.00365085 -0.00368273 0.00803359 -0.00763555 0.0108149 -0.00177909 0.000489442 -0.0128956 0.000389786 -0.00402024 0.00502302 0.00743544 0.00547225 -0.00708754 -0.00673194 0.00930401 -0.00707309 0.00253926 0.00493821 0.00413088 -0.00973696 0.00353149 -0.00853188 0.000211995 -0.0179227 -0.0157492 -0.00564275 -0.000435591 -0.0030336 0.0080269 0.0109368 -0.00312114 0.00645152 0.00911581 -0.00745313 -0.0121089 -0.0140568 0.000572149 -0.00374235 -0.00021613 -0.00447774 0.00710442 0.00897227 -0.0064116 -0.0101304 
-0.00702174 -0.0054109 -0.00350383 -0.0020864 -0.00290177 -0.00264432 0.00536318 -0.00452928 -0.00282916 -0.00459802 0.00960905 -0.00117472 -0.00366766 0.00290446 -0.00606241 -0.000717104 -0.0137887 0.00326491 0.00582395 -0.00934152 -0.00488239 0.0112672 0.134736 -0.00340672 0.0125356 0.00226391 0.00795032 -0.00287747 -0.00372007 0.00857456 0.00884215 0.000263699 -0.0046118 0.00234943 0.00953921 -0.00522506 -0.0109397 0.00137702 -0.00504107 -0.00593596 -0.00504421 0.000592318 0.00345506 -0.00272917 -0.00638636 -0.0168815 0.00409261 -0.00281236 -0.00424735 -0.00517711 -0.00437865 -0.00352361 -0.00578931 -5.76562e-05 -0.00592492 -0.000654321 -0.00304217 0.00584618 -0.00578438 -0.00496424 -0.000558553 -0.00374137 -0.00370942 -0.00460494 -0.00442809 -0.0010907 -0.00374019 0.00504543 -0.00463085 0.00132656 0.0113444 0.000287218 -0.000191539 0.00358487 0.00367962 -0.00905554 -0.000589184 0.000879232 -0.00381964 -0.00490098 -0.0122568 6.48518e-05 -0.00150682 -0.00189241 0.00938242 0.0132546 0.00922673 0.00333855 -0.00577658 -0.00237251 -0.00843777 -0.00727526 -0.0019064 -0.00136172 -0.00330886 -0.00300386 -0.00595667 -0.0051972 -0.00282412 0.000387611 
-0.00221885 -0.013025 -0.00165137 -0.000111688 0.000668299 -0.00157694 0.00537888 -0.00137369 -0.0101775 -0.0106119 -0.00403152 -0.00895232 -0.00100717 -0.0124162 -0.00882189 -0.0143539 -0.0026136 0.000473886 -0.00981089 -0.0103021 0.00503095 0.0166513 -0.00340672 0.167609 -0.0019589 0.00196423 -0.00407016 0.00521613 0.00486989 -0.00367019 0.00572106 0.00411941 -0.0044808 -0.00256393 0.0106478 -0.0146159 0.000932203 -0.0052909 -0.000535935 -0.00316505 0.00827199 -0.000548768 -0.00389195 0.00311619 -0.00261838 -0.00280769 0.0206739 -0.00789146 -0.00386007 -0.00997997 0.000590198 0.00301605 -0.00793282 -0.000455418 -0.00529626 0.00317452 -0.00520037 0.0243461 0.00332924 0.00936321 0.00466273 0.000701909 -0.00661621 -0.000304754 -0.00454876 -0.000443898 -0.0139259 -0.00774796 0.000269516 -0.00917511 0.00396363 -0.00858397 0.00318226 -0.00688727 0.00457834 -0.00943405 -0.000614242 -0.00621897 -0.00603352 -0.00596421 -0.0103959 -0.0088887 -0.00533769 -0.0014762 -0.00520673 0.000414647 -0.000898722 -0.00400543 -0.00489225 0.00191118 -0.00906082 -0.00290893 -0.00409485 0.0046252 0.00616942 -0.00262019 0.00746944 0.00890018 -0.00276027 0.00433094 
-0.00712061 0.0013019 -0.00121801 -0.000947339 0.000988332 -0.001674 -0.00348854 0.000492729 -0.0104957 -0.000963053 0.0044333 0.000225147 -0.00928625 -0.00526334 -0.00569153 -0.0070657 -0.00324708 -0.00182535 -0.00163219 -0.000732495 0.00423183 -0.00336645 0.0125356 -0.0019589 0.144756 -0.000257058 0.00702793 -0.000151992 -0.00226796 -0.00368391 -0.00174433 -0.0040999 -0.00088163 -0.000979364 -0.00520245 -0.00585215 -0.00382617 0.00120248 -0.00229953 -0.00616094 0.00521142 2.12003e-05 -0.000755161 -0.00203628 -0.00666674 0.000873387 -0.0104306 -0.0012329 -0.00982845 -0.0113806 0.00144274 -0.00374098 -0.00232297 0.00482706 -0.00130689 -0.0046696 -0.00347887 0.00771127 -0.00525474 -0.000548409 0.00235171 -0.00447564 -0.00316482 -0.00314386 -0.00415426 0.00812518 -0.000274131 0.000553493 0.00339687 0.00052444 0.00530058 -0.0031755 0.00566407 -0.00923253 0.000108391 0.000650115 -0.00114416 0.00494993 0.000882401 0.00784133 0.00149628 -0.00307343 0.000252293 0.00130368 0.00450374 0.00729588 -0.00870371 -0.00551715 -0.0127377 -0.000756493 -0.00366613 -0.0125101 0.000240216 0.002937 -0.00391815 -0.0177981 0.000943561 -0.00334897 0.00484887 0.0063793 
-0.00356962 0.00455183 -0.00166228 0.00260063 -0.00309156 -0.000758862 -0.00851133 -0.000236258 -0.00574993 -0.00200352 -0.00266441 -0.00490235 0.0116282 -0.00480774 -0.00374131 -0.0100055 0.002601 0.00136395 -0.00520098 -0.00695343 0.00517523 0.0116916 0.00226391 0.00196423 -0.000257058 0.116247 0.00467945 -0.00232407 0.00254584 0.00179782 -0.00701624 0.000955791 0.00576867 0.00148304 -0.000612134 -0.00646482 -0.00316791 0.00184422 -0.00241656 -0.00114063 -0.00539076 -0.00151202 0.000790483 -0.00779035 0.000514902 0.00486861 -0.0012166 0.00111763 -0.00339109 -0.00347641 -0.00338431 -0.00499617 -0.00607222 0.00185857 -0.00499019 -0.00120682 0.00396794 0.000296691 -0.0038996 -0.0072344 -0.00251613 0.00245692 0.0027631 -0.000664699 -0.00262421 0.00937021 -0.00573991 -0.00062374 -0.000414364 -0.000423493 -0.00253617 -0.00464027 0.0013221 -0.00281254 0.00206884 -0.00642402 -0.00753892 0.000521879 -0.00312226 0.00385176 -0.00625984 0.000927541 -0.00286977 -0.00349275 0.00147375 0.00490331 -0.00980799 -0.00232049 -0.00285843 1.00317e-05 -0.00543951 -0.00600181 -0.00183774 0.0105082 -0.0017924 -0.00258165 3.7749e-05 0.00283181 -0.00291196 -0.00554978 
-0.00420103 -0.000740344 -0.00290005 -0.00218761 -0.00219903 -0.000227411 -0.00218826 -0.00156525 -0.00266959 -0.00220209 -0.000765917 -0.00186711 0.00463044 0.00117873 -0.00201755 -0.0063082 -0.000961777 -0.00201806 0.00144919 -0.00459507 -0.00461749 -0.000567629 0.00795032 -0.00407016 0.00702793 0.00467945 0.0947619 0.00035502 0.000345054 0.00347951 0.0062007 0.000241717 -0.0022532 0.00246159 -0.00763674 -0.00200287 -0.00659034 0.000123212 -0.00143064 0.00104243 -0.00580153 0.000663588 0.00255218 -0.00217528 -0.00839011 -0.00726297 -0.00131226 0.000595452 -0.000584378 0.000131899 -0.00607268 0.000354586 -0.00143807 0.00191384 -0.00223182 -0.00203462 0.00440255 0.00145189 -0.000956115 -0.00486336 -0.00244918 -0.00205697 -0.00391199 -0.00289772 -0.00201172 -0.00402457 -0.000185553 0.00169908 -0.00305184 0.00347409 0.00456633 -0.00165162 -0.0035281 -0.00160766 -0.000857535 -0.00286094 0.000348427 3.73814e-05 -0.000915658 0.00163726 -0.00153355 0.00366625 0.00161314 -0.00172711 0.00128707 0.00440545 -0.00072439 -0.00245949 0.00152682 -0.00183022 -0.00273952 -0.00443991 -0.00139261 -0.00155514 -0.00186404 -0.00377003 0.000995537 -0.00130678 -0.00244495 -0.00154456 
-0.0041577 -0.00126085 -0.00230842 -0.00480914 0.00336694 -0.000253301 0.003415 -0.00419993 -0.00395531 -0.00541795 -0.00163456 0.000465664 -0.00471431 -0.000636054 0.0032336 0.00482619 -0.000442636 0.00313014 0.00464562 0.000622595 -0.00332663 -0.00460191 -0.00287747 0.00521613 -0.000151992 -0.00232407 0.00035502 0.101858 -0.000761188 0.0100391 0.00278845 -0.000153257 -0.00666182 -6.59705e-05 -0.00274744 -0.00276489 -0.00537341 -0.00271594 -0.00153669 -0.0069569 0.00363722 -0.000172507 -0.000971509 0.00370312 -0.00860985 -0.0121739 0.000577132 -0.00363913 -0.00260741 -0.00169 -0.00338887 -0.000554615 0.00204455 -0.00478985 0.000858113 -0.00310642 -0.00224558 -0.00343593 0.00541704 0.0046044 -0.00426745 -0.00273906 -0.00134128 -0.00153334 -0.00193227 0.000301101 -0.00886986 -0.000594771 -0.00227955 -0.00060938 -0.00455929 -0.00180526 -0.00615786 -0.001796 0.000787772 -0.00517876 -0.00225586 -0.00236395 0.00392157 -0.00190239 0.00522951 0.00223742 -0.00121482 0.000351489 0.000547944 -0.00216423 0.00105566 -0.00236025 -0.00286768 -0.00280886 -0.0065748 -0.00402114 -0.00117335 0.00127425 0.00364217 0.00544323 0.00194523 -0.00473837 0.00405911 0.00670487 
0.00487538 -0.00868587 -0.0032813 -0.00473953 -0.00104867 0.0030851 -0.00953636 0.00278452 -6.22898e-05 0.000812898 -0.00355829 -0.00452425 -0.0118131 -0.0114463 -0.00287497 -0.00831385 -0.00195501 -0.00582381 0.000188573 -0.00650593 -0.0057988 -0.007572 -0.00372007 0.00486989 -0.00226796 0.00254584 0.000345054 -0.000761188 0.136499 0.00597895 0.00156335 0.00651556 0.00111249 -5.30158e-05 0.000965752 -0.000812141 -0.00263117 -0.00395567 -0.000879777 0.00641455 -1.78836e-05 9.33477e-05 0.000309124 -0.00607055 0.000333587 0.0126052 -0.000490046 -0.00394193 -0.00205281 0.00428011 -0.00125525 -0.00443138 0.000956169 -0.000582689 -0.00102244 0.00214235 -0.00301155 0.00680487 0.00468227 -0.00237175 0.00580033 0.00491285 -0.0118493 -0.00429436 0.00160216 -0.0011911 -0.00444264 -0.000854876 0.00541979 -0.00323494 -0.00364796 -0.00360672 0.00398714 0.0125252 -0.00668332 -0.0014811 -0.0117471 0.000310254 -0.00271249 -0.0090615 -0.0106668 0.00325784 -0.000922709 -0.00101124 -0.00141863 0.0015918 -0.00839054 -0.00226468 0.000277184 0.00186146 -0.00519317 -0.0013867 -0.0067364 -0.00156113 -0.000672805 0.00170658 -0.00524761 -0.00561404 -0.000884634 0.000632003 
0.00198192 0.0068279 0.000963306 0.0059928 0.00485497 -0.000790551 -0.00468108 -0.000793123 -0.00196273 -0.000937281 0.00777098 0.00310427 -0.00633238 -0.0022316 0.00516912 -0.0049693 0.000320179 0.00224062 0.000951825 0.000824058 5.53505e-05 -0.0104712 0.00857456 -0.00367019 -0.00368391 0.00179782 0.00347951 0.0100391 0.00597895 0.130314 -0.00507221 0.00847688 0.00502873 -0.00098848 -0.00415035 -0.00628509 -0.00490618 -0.00233387 -0.00193518 -0.00299909 0.000170748 -0.00181002 -0.00055661 -0.009799 0.000738347 -0.01063 -0.0111126 0.00271731 -0.0015616 -0.00577957 -0.00569736 -0.00497655 -0.00196565 -0.0162271 0.00251982 0.000975001 -0.00226324 -0.00757227 0.00415726 -0.00634002 -0.0044977 0.00658053 0.0120564 -0.0031001 -0.000788349 0.00211059 -0.0132041 0.00159367 0.00856603 -0.00161521 -0.00201064 -0.00751048 -0.00483355 -0.00649483 0.00229903 -0.0124292 -0.01027 0.00473606 -0.00131339 -0.00967962 -0.00165106 -0.000876258 -0.00505869 -0.00182015 0.00423659 -0.00471029 -0.00333859 0.000870367 -0.0113772 -0.00791317 -0.00344115 0.000756962 0.00468586 -0.000104784 -0.00273125 0.00350162 -0.00372774 -0.00593254 0.00193101 0.00596586 
0.00012576 -0.00275312 -0.00501136 -0.00327981 -0.000190037 0.0035793 0.00862214 0.00449288 -0.0108794 -0.00766075 0.0018738 -0.00489229 -0.000105481 -0.00790038 -0.00413476 -0.0185907 -0.00600246 -0.00382546 -0.0030462 -0.00598383 -0.00553117 -0.00977093 0.00884215 0.00572106 -0.00174433 -0.00701624 0.0062007 0.00278845 0.00156335 -0.00507221 0.152918 0.00399728 0.00456933 -0.000759157 0.00623728 0.000194558 -0.00402576 -9.55638e-05 0.000470402 -0.000728335 0.00709848 -0.000826955 0.000293177 -0.00104469 -0.0110841 0.00522745 0.0202103 -0.0107192 -0.0055012 -0.00479677 -0.000212286 -0.00403502 -0.00351551 0.000701511 5.35494e-06 -0.00418227 -0.000740678 0.0172633 -0.00219995 -0.00280328 0.00773061 0.00741013 -0.00341799 0.00327618 -0.00142671 -0.00752543 0.00268823 -0.00735336 -0.000730909 -0.00732654 0.00173748 0.00661254 -0.00372584 0.000152821 -0.00409044 -0.00702994 0.00276169 -0.00261597 -0.00606846 0.00710336 -0.00121377 -0.00398277 0.000586033 -0.00148287 -0.00841136 -0.0085362 -0.00214688 -0.00226853 -0.0113531 0.00190796 0.00317805 -0.0108023 -0.00344581 -0.00139519 0.000240983 -0.0144705 0.000747153 -0.000703014 -0.00477162 -0.0121718 
-0.00886579 -0.00322258 0.000438346 0.000576154 0.00401052 0.00315779 -0.00327219 -0.000743177 0.00130315 0.00341707 0.00686843 0.000615179 -0.0129202 -0.0108293 -0.00272555 -0.00725112 -0.00170115 -0.00022804 -0.00408939 0.002582 0.00110043 -0.00260152 0.000263699 0.00411941 -0.0040999 0.000955791 0.000241717 -0.000153257 0.00651556 0.00847688 0.00399728 0.116536 0.000468551 -0.00351148 0.00257127 -0.00133588 0.00331352 -0.00144962 -0.00376946 -0.00329602 -0.00522619 -0.000487112 0.00595404 0.000580088 -0.00577927 0.000940651 -0.00447753 -4.20548e-05 -0.00262549 0.00220647 -0.00197859 -0.000360684 0.000936562 -0.00173008 -0.00387774 0.000323609 -0.00338824 0.0129406 0.0053944 -0.00428976 -0.00259803 0.000105486 -0.000489371 -0.00462385 -0.00340295 -0.00425067 -0.00739751 -0.00254728 0.00584427 -0.00282727 -0.00143426 0.0023222 -0.00108766 -0.00346799 -0.00120017 0.00409635 -0.00473742 -0.000833041 -0.00355487 0.00242985 -0.00126978 0.00260059 -0.0015751 -0.00415222 -0.00493917 -0.0033776 -0.00924892 -0.000568196 -0.006193 -0.00560087 -0.00544156 -0.00601198 -0.00501213 0.0105452 0.000671699 -0.00327588 -0.0028751 -0.00650153 -0.00216292 -0.0064345 
0.00836261 -0.00296096 -0.000714307 -0.00744365 -0.0037354 -0.00549942 -0.00730505 -0.00527613 -0.0155693 -0.00651679 -0.0121973 -0.00363155 0.000732305 0.00883596 -0.00109313 -0.0124024 0.00850743 0.000792211 -0.00125554 -0.0105515 0.00921415 0.00978545 -0.0046118 -0.0044808 -0.00088163 0.00576867 -0.0022532 -0.00666182 0.00111249 0.00502873 0.00456933 0.000468551 0.1517 0.00156997 -0.00548275 -0.00296816 -0.000546382 -0.00209109 0.00573521 -0.00250336 -0.00428685 0.00414855 0.00207675 -0.00909071 0.00241613 -3.41954e-06 -0.00818638 -0.00529579 -0.00561004 -0.00789725 -0.00617196 0.0066238 -0.00499607 -0.0118445 -0.00260625 -0.00521027 -0.00548557 -0.00851986 -0.00246573 -0.00359228 -0.0128495 0.00917889 3.32278e-05 -0.00359025 0.00676267 0.000752324 0.00878623 -0.0049321 0.00364239 -0.00476251 -0.00073985 -0.00316064 -0.00220761 -0.00928452 0.0150406 -0.00532464 0.00265192 -0.00327364 0.00236356 -0.000374054 -0.00964515 -0.00445401 -0.00438344 -0.00456763 0.00649816 -0.00229243 -0.0116374 0.0058213 -0.00943689 0.00649114 0.011421 0.00828306 0.00663291 0.00358652 0.00231711 -0.0121745 0.00851897 -0.00904048 0.00397015 -0.0121725 
0.00250441 -0.00441587 0.00117535 0.00215075 -0.00122801 -0.00412856 0.00111307 -0.00251175 -0.00430399 0.00112097 -0.00709696 0.00116383 0.00240238 0.00393273 -0.0066169 -0.000952681 0.00165366 0.000416054 -0.00138172 -0.00784267 -0.0020616 0.000760061 0.00234943 -0.00256393 -0.000979364 0.00148304 0.00246159 -6.59705e-05 -5.30158e-05 -0.00098848 -0.000759157 -0.00351148 0.00156997 0.0818342 -0.00373588 -0.00422456 -0.00164732 0.000667808 0.000633246 0.00366069 -0.00653412 -0.000595541 -0.00361943 -0.000210295 0.00256224 0.0018159 -0.00660952 -0.00151207 -0.00175041 -0.000611383 -0.00413874 0.0016467 -0.00162442 0.00495815 -0.00217416 -0.00213222 -0.00369636 -0.00153654 0.000958835 -0.0041444 0.00279482 0.000723026 0.00113726 0.00096934 -0.00145696 -0.00347659 0.00256603 -0.00313584 0.00545252 -0.00481438 -0.00387074 -0.00248696 -0.00100529 0.00132322 -0.00255834 -0.00238644 -0.00275328 -0.00178668 -0.0032923 -0.00149553 -0.00461604 -0.00145921 -0.00295419 -0.000245389 0.00317746 -0.00267302 -0.00100099 -0.00299986 -0.00103254 -0.00154649 0.00281548 -0.00252869 -0.000210058 -0.00475399 0.000880366 0.000186433 0.00256768 0.00406173 -5.36355e-05 0.00890247 
