0.0973466 0.00870927 0.0062387 -0.00188497 0.0118247 0.000435527 0.00771806 0.00145329 -0.000793626 -0.00945685 0.000289414 -0.00292499 -0.00083808 0.000313747 -0.00629316 0.000769635 -0.000422908 -0.00433609 -0.00621239 5.02475e-05 0.000824197 -0.00259393 -0.00654801 0.000529962 0.000708033 0.000198627 -0.00401061 -0.00106853 -0.00221309 0.003809 -0.00585409 -0.00183347 -0.0103482 0.00160531 -0.00191365 -0.00567625 0.0123494 0.0058122 -0.00610942 0.00381211 8.74462e-05 0.000838186 -0.00621487 -0.000264524 -0.00420632 0.00264806 -0.000647696 -0.00390973 1.76332e-05 -0.00200143 -0.00337636 -0.00615302 -0.00293934 2.65697e-05 -0.000650728 0.000636679 0.00254765 0.00297591 0.00105547 -0.0109616 -0.000618391 -0.00440464 -0.00334712 -0.00746952 -0.00272747 -0.000294587 -0.00384294 -0.0065713 -0.0075746 0.00164851 -0.000210702 -0.000431102 0.00195479 -0.00243706 0.00213757 -0.00298736 0.00218851 0.0069091 0.00250322 0.000959968 -0.00421308 -0.000608507 -0.00475143 -0.00260726 -0.00499021 -0.00142177 -0.00189375 -0.00255753 -0.00196542 -0.00347012 0.00014722 -0.00380038 -0.00189127 -0.00236649 0.000975365 -6.97366e-05 -0.00223369 -0.001073 0.00233182 0.00810064 
0.00870927 0.107966 0.00577739 -0.00199071 0.00635069 0.00411978 0.00420135 0.00277741 -0.00740143 -0.00639634 -0.00389112 0.00548392 -6.46649e-05 -0.000604842 -0.00608296 -0.00535392 -0.00388573 -0.00181867 -0.0076759 -0.00128601 -0.00183181 -0.00317099 -0.00266419 0.00675228 0.00290615 0.000653777 0.00135854 0.00347589 0.000711927 -0.0108763 0.00126127 0.005167 -0.00848818 -0.00177584 -0.000853742 -0.0083824 -0.00198173 -0.00151176 -0.00578736 -0.00113786 -0.00317231 -0.00324166 -0.00433939 -0.000910377 -0.00228231 -0.00654517 -0.00204416 -0.0071578 0.000262462 0.000449017 -0.00581285 0.00113861 -0.00561453 -0.00486871 -0.00867753 -0.00650618 0.00023711 -0.00642067 0.0111056 -0.00137756 5.21411e-05 -0.00100992 0.0029437 -0.00196911 -0.00116786 0.000783729 -0.00567085 -0.00435122 0.00182982 -0.00163547 -0.00893627 -0.000254285 0.00524428 0.000562856 -0.00340966 0.000402555 0.00281056 0.00219297 0.00700621 0.00680014 -0.00102091 -0.00170044 -0.00603632 0.00263168 -0.00166539 -0.000473382 0.00269312 -0.00197301 -0.00214167 -0.00508579 0.00278623 -0.000308834 -0.00101298 -0.000393653 -0.000256037 -0.000381973 -0.00346947 0.000911538 -0.000997509 -0.00130875 
0.0062387 0.00577739 0.126199 0.0272707 0.011495 0.012302 0.00188046 -0.00149821 0.0051881 -0.00142609 -0.00289507 0.00522761 -0.00827884 -0.00737636 -0.00504252 0.00423276 0.000925962 0.00208423 0.00240837 -0.00271283 -0.00772027 -0.00275298 -0.00492799 0.0101267 -0.0064709 -0.00191536 0.00150565 -0.00263519 -0.0014102 -0.00482288 0.000655175 -0.00478606 0.00221596 -0.00562456 -0.00897546 0.000177253 -0.0096718 -0.00509413 -0.00717188 -0.0103253 -0.00724994 -0.00421363 0.00150681 -0.00155446 -0.00859969 0.00174744 -0.00433073 -0.00174175 -0.00266731 -0.00655413 0.000981569 -0.00623786 -0.0051514 -0.00372268 0.00109967 -0.00250825 -0.00243425 0.00979208 0.00192374 0.000705214 0.0060738 -0.00234851 0.00686979 0.00205292 -0.00461516 -0.00447721 -0.00714949 -0.000358338 -0.00393208 -0.00498724 -0.00214744 -0.00204566 -0.00597345 0.00012217 0.000454833 -0.00601953 -0.00662152 0.000696668 0.000321117 -0.00235378 -0.0112591 -0.00783356 3.054e-05 -0.00924592 -0.00867396 -0.00473691 0.000375528 -0.000386691 -0.00179605 0.00608062 0.000886608 0.000710802 -0.000473209 -0.00619269 0.0103197 -0.00274821 0.0038016 -0.000599839 6.62717e-05 -0.00505441 
-0.00188497 -0.00199071 0.0272707 0.200083 0.00453034 0.0129055 0.00754336 -0.000450467 0.012736 -0.000877322 -0.00148211 -0.00773426 -0.013538 -0.00182764 -0.000547823 0.001897 -0.00319015 -0.00188373 0.0258193 -0.00212784 -0.0205919 -0.00108524 -0.0112312 -0.00517112 -0.00719905 -0.00659374 0.00125139 -0.0032498 0.00257978 -0.0100035 -0.00624602 -0.00810627 0.00264949 -0.007768 -0.00270274 -0.00680155 -0.0125094 -0.00289278 -0.00658218 -0.00789659 -0.00128934 -0.00607307 0.012864 -0.0112164 -0.0108525 -0.00416434 -0.00928903 0.00431658 0.00283425 0.00520517 0.00400537 -0.00677724 0.0159061 -0.0134423 -0.00205873 -0.00837337 -0.00677945 0.0146602 -0.00496503 -0.0056226 -0.00207961 -0.00680452 0.00721767 0.0138138 -0.0111839 -0.00607442 -0.00680031 0.00267857 -0.012044 -0.000100787 0.00703866 -0.00459259 -0.0154038 -0.000331161 -0.00392954 -0.00299468 -0.00646528 -0.0112359 -0.0101038 -0.0126844 -0.00350856 -0.0110561 0.00112866 -0.00502364 0.0039703 -0.00580217 0.00491661 -0.0053564 -0.00303736 0.0139337 -0.00103116 -0.000914185 -0.0054143 -0.00851155 -0.000662452 -0.00117859 0.00873855 -0.00750866 -0.00454694 0.00895648 
0.0118247 0.00635069 0.011495 0.00453034 0.144123 0.0179094 0.00402735 -0.00187383 0.00429111 -0.000320181 -0.00506433 -0.00213828 0.0030041 -0.00356825 -0.00719367 0.00254536 0.000318616 -0.00701637 -0.00310198 -0.0025881 -0.000981821 0.00287284 -0.00805366 -0.00376276 0.00515869 0.00041482 0.00564908 0.00494309 0.0035224 -0.00942187 -0.00423469 -0.00494634 0.00309121 -0.00621677 -0.00613478 -0.00888194 0.00141034 0.00645855 -0.0134338 -0.000940109 -0.00441028 -0.00587183 -0.00275298 -0.0040749 0.00376707 0.000458509 -0.00360122 -0.00643892 -0.00238244 -0.0114703 -0.00251208 -0.00677522 -0.00478881 0.000232401 -0.00128627 -0.00247653 -0.000576137 0.00742373 0.016767 0.00641388 0.00167257 -0.00177813 -0.00618977 0.00208577 -0.00134896 -0.00363541 -0.00939591 -0.00909812 -0.0044527 -0.00327105 -0.00490223 -0.00244794 -0.000746277 -0.00255518 0.00888312 -0.00385535 -0.00360297 -0.00122489 0.00638161 -0.00734608 -0.0158231 -0.00530066 -0.002898 -9.06832e-05 -0.00293755 -0.00495746 -0.00128175 -0.00608251 0.000537285 -0.00288661 0.00141111 -0.00182456 -0.00861328 -0.00885363 -0.00330921 0.000459051 -0.000754352 -0.00431347 -0.0024696 -0.00289491 
0.000435527 0.00411978 0.012302 0.0129055 0.0179094 0.166722 0.00917857 -0.0024437 0.00424016 0.00220205 0.0021294 -0.00484851 0.00484239 0.000185505 9.69366e-05 0.00224001 0.00773814 -0.00286156 0.00831426 0.000768678 -0.00396436 -0.000790292 -0.0143701 -0.00342837 0.000524142 0.00543161 0.00433095 -0.00362494 0.00142395 -0.0239825 -0.00183293 4.17596e-05 0.00299898 -0.00349757 0.000143368 -0.00932056 -0.00576947 -0.00327526 -0.00877528 -0.00485674 -0.00324847 -0.00045831 0.00490568 -0.0072248 -0.00260273 0.000542233 -0.00631949 0.00568078 -0.000789737 0.00101089 0.003339 -0.00696319 0.0163145 -0.00805498 -0.00717629 -0.00784366 -0.00538382 -0.000782967 0.0155175 -0.011832 -0.00332253 -0.0016682 -0.00283483 -0.00366587 -0.0051717 -0.00295752 0.000330449 0.00360932 -0.002465 -0.00221963 0.0126423 -0.0061567 -0.0132768 -0.00486257 -0.00647825 -0.00635863 -0.00510415 -0.00790687 -0.00326218 -0.00570383 -0.0133649 -0.00612318 -0.0114553 0.00227141 -0.00942486 -0.0149033 -0.00053724 -0.00136001 -0.00193251 0.00208254 -0.00144618 0.00517857 -0.000797728 -0.0064413 -0.00269087 0.00951944 -0.00573051 -0.00760057 -0.00619609 -0.0144278 
0.00771806 0.00420135 0.00188046 0.00754336 0.00402735 0.00917857 0.107286 -0.00322268 -0.00249766 0.00379333 -0.00619786 0.00118125 -0.00766713 -0.00189931 -0.010896 -0.0013695 0.000493189 -0.00932626 0.00242279 0.0039036 -0.00360523 -0.000175361 -0.00290311 -0.00227965 -0.00244012 -0.0005613 0.00402442 -0.00326201 -0.000548869 -0.000300618 0.00137966 0.00388788 -0.00692771 -0.000143392 -0.00337986 -0.00137553 0.00649321 0.000125727 -0.00422748 -0.00373813 -0.00324981 -0.000447763 -0.0049535 0.00265653 -0.00495244 -0.00439846 -0.00583647 -0.00466028 -0.00214517 -0.00137513 0.000926553 -0.00617339 0.00381532 -0.000320222 -0.00503968 -0.0036957 -0.00030444 0.0022387 0.00424258 -0.00686377 -0.00249141 -0.00359833 -0.00804581 0.00295601 -0.00299223 -0.00638949 -0.00444973 -0.00509568 -0.0104847 0.0030584 -0.00310822 0.00624866 -0.00366642 0.00349741 0.0087401 0.00233012 -0.0031929 -0.00238883 0.00405569 -0.00459641 0.00364604 -0.000335977 -0.000843175 -0.00264492 -0.00180816 -0.000643346 -0.00144864 0.00159547 0.000741683 -0.00410424 0.0043661 -0.00394517 0.00147047 -0.00583262 -0.00619436 -0.00204984 -0.00149049 -0.00495751 -0.00124636 0.00528018 
0.00145329 0.00277741 -0.00149821 -0.000450467 -0.00187383 -0.0024437 -0.00322268 0.112848 0.00534646 0.00330186 -0.00142954 0.00201073 0.00550119 -0.00421114 -0.00345758 -0.00181531 0.00280722 -0.000471848 -0.00303738 -0.00488535 -0.000976827 -0.00592601 -0.00317722 -0.00373953 -0.000952524 0.000522342 -0.00559693 -0.000592371 -0.00104699 0.00135589 -0.00557776 -0.00215446 -0.0101257 -0.00163743 -0.00525486 -0.00639401 0.0026208 -0.000790179 0.000391952 0.00813256 0.00433259 -0.000735695 -0.00316499 0.00473825 0.00136688 -0.0068136 -0.00542996 -0.00250219 -0.00288222 -0.00669423 -0.00461997 0.00991033 0.00134427 0.00202549 -0.0035607 -0.00804997 0.00522028 -0.00544186 -0.00531372 -0.00140688 -0.00250072 -0.00179753 -0.00827822 -0.00478872 -0.000452937 -0.00162812 -0.00279153 0.00279393 0.00482806 0.00196177 0.000782532 -0.00317337 -0.00430677 0.00198123 -0.000635704 -0.000996189 -0.00579642 -0.00111364 -0.00511116 -0.000298866 -0.00504854 -0.00123558 -0.000798618 0.0021847 0.000170885 0.000399588 -4.63302e-05 -0.00369488 0.00141792 -0.00198535 0.00226051 -0.00444253 0.0135266 -0.00254736 -0.00356943 -0.00201327 -0.00186167 0.00156484 -0.000851077 -0.000759529 
-0.000793626 -0.00740143 0.0051881 0.012736 0.00429111 0.00424016 -0.00249766 0.00534646 0.150659 -0.00742378 0.00115311 0.00579034 0.00230267 0.00827612 -0.00224138 -0.00632641 0.00167228 -0.0051048 -0.00781772 -0.00257271 -0.00927165 -0.0142644 0.00392638 -0.00328796 -0.00155696 0.00580278 -0.00251971 0.00956494 8.85481e-06 -0.00553134 -0.0115673 -0.00177168 -0.00255436 0.00083671 -0.00398548 0.00482749 -0.00174654 0.0102058 -0.00814366 0.00246363 -0.00433058 -0.000381331 -0.00172257 0.000171224 -0.0071815 -0.000129733 0.00359965 -0.00175697 -0.00327206 0.00926828 -0.00829119 -0.00375186 0.00317726 -0.000449448 -0.00322331 -0.000849614 0.00256315 -0.00678635 -0.0114588 -0.0033165 -0.00582029 -0.00246789 -0.000521954 -0.00635647 -0.00314905 0.00688693 0.00487804 -0.00722519 -0.00482476 -0.00545871 -0.000336207 0.00248466 0.000745303 -0.0028824 -0.00168272 -0.000156388 0.00022759 -0.00148134 -0.00562249 -0.00182694 -0.0120436 0.00366962 -0.00304484 -0.00587728 -0.00837245 -0.0112034 -0.000765913 -0.00462867 -0.00137591 -0.00239751 -0.0011455 9.52405e-05 -0.00504381 -0.00278626 -0.00489646 0.00696543 -0.00119095 -0.00495846 0.000166417 0.000635459 
-0.00945685 -0.00639634 -0.00142609 -0.000877322 -0.000320181 0.00220205 0.00379333 0.00330186 -0.00742378 0.148871 0.0092095 0.00219459 0.0141918 0.000887766 0.00407915 0.00168378 0.00379148 -0.00167616 -0.00279676 0.000609097 -0.00801482 0.0050924 -0.0183224 -0.00246233 -0.00269971 -0.00226742 0.00945527 -0.00427005 -0.00374998 0.00564113 -0.00568861 0.00110828 0.00983209 -0.00551869 -0.0036853 0.000255056 -0.0104682 -0.0126778 -0.00668842 -0.000717229 -0.000486837 -0.00169083 0.00149908 0.00483822 -0.000913861 -0.00864447 -0.00276781 -0.00114679 -0.00397771 -0.0154497 0.00433293 -0.00231168 -0.0125794 -0.00017171 0.00314731 0.00494234 -0.0058743 -0.00379466 -0.00515303 -0.0056606 0.00157145 0.00180261 0.00163544 0.00190877 -0.00287886 -0.0106473 0.00119558 0.00362955 0.000640801 -0.0030267 -0.0018007 0.00947441 -0.0031972 0.00500886 0.0045946 0.00387199 -0.00819949 -0.00389432 -0.00050652 -0.00749586 -0.0101377 -0.00482018 0.00490698 -0.000912021 0.00155199 -0.00261624 -0.00254072 -0.00214712 0.00343675 -0.00142073 -0.00182893 -0.00530832 -0.00417028 0.00289703 -0.0107135 -0.00202122 -0.00260578 -0.0018856 -0.00164653 -0.00843689 
0.000289414 -0.00389112 -0.00289507 -0.00148211 -0.00506433 0.0021294 -0.00619786 -0.00142954 0.00115311 0.0092095 0.0777323 0.000574352 0.00947564 0.00385017 0.00637441 0.0059299 -0.000964498 0.00650185 -0.000367278 0.000810059 -0.00390324 -0.00119678 -0.00588338 -0.0056077 -0.00313582 0.000249354 0.00195305 -0.00341139 -0.00233186 -0.00409575 -0.00334353 0.00210585 0.00256828 -0.00154027 -0.00428861 0.00350844 -0.00391431 -0.00511602 -0.00123108 0.000458104 -0.000362602 -0.00208382 0.000843169 -0.00113301 0.000952861 0.00906289 0.000461693 0.00102934 0.00040075 -0.00444517 -0.0024565 -0.00534307 0.000251842 -0.0026833 0.00268778 0.00167105 0.00123593 0.00322826 -0.000901936 -0.00662295 -0.00252641 0.00028534 -0.00237367 -0.00304123 -0.000754026 -0.000631567 -0.00268898 0.0049416 -0.00519371 -0.00207708 0.000188497 0.000305036 -0.00595568 -0.00437723 -0.00445629 -0.00120738 -0.00254384 0.000267878 -0.00316533 -0.00105579 -0.00522742 -0.00344433 -0.00526957 -0.00325142 -0.000890319 0.000640751 -0.00290364 2.7265e-05 0.0012292 0.000203784 -0.00369779 -0.000455556 0.00106866 0.000417283 -0.00260774 0.00261891 0.000161973 0.000631398 0.00122421 -0.00379068 
-0.00292499 0.00548392 0.00522761 -0.00773426 -0.00213828 -0.00484851 0.00118125 0.00201073 0.00579034 0.00219459 0.000574352 0.12638 0.00616813 -0.00299268 -0.00366509 -0.00628236 -0.0039795 -0.0041423 -0.000735436 0.0029906 -0.00813704 -0.00756268 -2.92485e-05 0.0105685 0.00493717 -0.000109727 0.00336714 -0.0042897 -0.000337553 -0.00199481 0.00166022 0.00133562 -0.0100589 -0.000892091 -0.00348276 0.000189704 -0.00112873 -0.000300713 -0.00254353 0.00641649 -0.00183289 0.00132405 -0.00408392 0.00359031 -0.00380869 -0.0121943 -0.0116116 -0.00846497 -0.00589781 -0.00190031 -0.00699388 -0.00578424 -0.0108149 0.00481146 -0.00903907 -0.0027761 -0.00228078 -0.00732368 -0.00435383 -0.00378135 -0.00348637 0.00113173 0.00436186 0.000269752 0.000679397 -0.00623091 0.00302762 -0.00304532 0.00695405 0.000565846 -0.00146765 0.00238927 0.0107932 0.00752325 0.004557 3.83302e-05 -0.00438109 0.000638979 -0.00124665 0.0027068 -0.00377795 -0.00620789 0.00395043 -0.00768421 -0.000681233 0.000278324 -0.00436846 0.0048133 -0.00421679 -0.0107712 0.00405108 -0.00172083 0.00271648 -0.00722631 -0.000621873 -0.00259793 -0.000370796 -0.00509393 0.000265619 0.000536099 
-0.00083808 -6.46649e-05 -0.00827884 -0.013538 0.0030041 0.00484239 -0.00766713 0.00550119 0.00230267 0.0141918 0.00947564 0.00616813 0.161862 0.00135621 0.0122132 0.00969138 0.00432088 0.00555862 -0.0206658 0.00293683 -0.00357397 0.00132845 -0.0163457 -0.0113564 0.00110916 -0.00714238 -6.68449e-05 0.0026211 0.00390279 -0.00246055 -0.00668419 -0.00296085 0.00291059 -0.00753367 0.00384135 0.000692588 -0.0077256 -0.00203722 -0.00681914 -0.00436449 -0.0024983 -0.00566568 0.00479461 -0.00375761 0.00118554 0.00274253 0.000427009 -0.00612946 -0.00912518 -0.00848853 -0.00226581 -0.00118911 -0.0114252 0.00238143 0.00279414 -0.00572911 -0.00186042 -0.0132278 0.00314231 -0.0178267 -0.00236831 0.00363355 0.00321955 -0.0064718 0.00138125 0.00256676 -0.0040189 0.00563059 0.00395635 -0.00650508 0.00639746 0.00203796 0.00682466 0.00291838 -0.00361543 -0.00650802 -0.00139049 -0.00633485 -0.00212841 0.0055865 -0.0121844 -0.00785905 -0.0107219 -0.000546112 -0.00184421 -0.00339529 -0.00281412 -0.0058069 0.00226501 -0.0063681 -0.00506388 -0.0038322 -0.00145467 0.00437611 -0.00376634 -0.00232295 -0.000845098 -0.00114141 0.00302284 -0.00249469 
0.000313747 -0.000604842 -0.00737636 -0.00182764 -0.00356825 0.000185505 -0.00189931 -0.00421114 0.00827612 0.000887766 0.00385017 -0.00299268 0.00135621 0.115577 0.00049192 0.00446906 0.000405913 -0.000263363 -0.0141211 -0.00115483 0.00484947 0.00229212 0.0015554 -0.0100136 0.00191395 8.1316e-05 -0.00622588 0.000858059 -0.00409752 0.000522682 -0.00909151 0.00201048 0.00572731 -0.00292477 0.00459903 -0.00486966 -0.00558378 -0.00518991 -0.00483082 -0.0031013 -0.00151655 -0.000528123 -0.00402739 -0.00130418 0.00184469 0.00157727 -0.000715228 -0.0013997 0.000750859 -0.00272564 -0.00306542 0.00628042 -0.00779999 -0.00152564 0.00325316 0.004619 -0.00740345 -0.00616022 0.00267312 -0.00678083 -0.00268853 -0.00380316 -0.00866281 -0.00494496 0.00131492 0.00362781 0.00188302 -0.00936188 -0.00366909 0.00020749 0.00902992 -0.00314784 0.00126216 -0.00544435 -0.00339857 0.00547849 -0.000618084 -0.00146375 -0.00204642 0.00544095 -0.00777584 -0.000997108 -0.00364404 -0.00193768 0.0029304 -0.0012147 0.00034953 -0.000711398 -0.00346383 0.0116922 -0.0024626 0.0030572 -0.00768941 -0.000258269 0.000734686 -0.00043429 -0.00230043 0.00312843 -0.00353374 -0.00678519 
-0.00629316 -0.00608296 -0.00504252 -0.000547823 -0.00719367 9.69366e-05 -0.010896 -0.00345758 -0.00224138 0.00407915 0.00637441 -0.00366509 0.0122132 0.00049192 0.156648 0.00736148 -0.00408079 0.00380114 -0.00217722 -0.00260801 0.00882053 0.0072705 -0.0089891 -0.00774119 0.00440051 -0.00356982 -0.00523436 0.000622669 -0.00200413 -0.0063218 -0.00493907 -0.00608341 -0.014011 -0.000935361 -0.00316807 -0.00106406 -0.00499248 -0.00462176 -0.00630254 0.00547832 0.00475246 0.00150972 0.000827858 -0.00215129 -0.00293868 -0.00904599 0.00168991 0.000589085 -0.00403287 0.00207711 0.00271391 -0.00347197 0.00416776 0.00252644 0.00742739 -0.00459572 0.00282371 0.00489061 0.00335275 -0.00406102 0.00196435 0.00394191 -0.00197121 -0.00608216 0.00194843 -0.00564458 -0.00880205 -0.00400302 0.00307207 -0.00147587 0.00910746 -0.00378781 -0.00141459 -0.00249569 -0.0166607 -0.000508825 -0.00424485 -0.00698559 -0.00485922 -0.00237441 3.79504e-05 0.000762986 0.00287538 0.000805888 -0.000100083 -0.00289512 -0.00139789 -0.00639535 -0.00497888 -0.00452984 -0.00243332 -0.00205936 -0.00688207 0.00032647 -0.00194595 0.00173995 -0.00174261 0.00189137 -0.00464508 -0.00960335 
0.000769635 -0.00535392 0.00423276 0.001897 0.00254536 0.00224001 -0.0013695 -0.00181531 -0.00632641 0.00168378 0.0059299 -0.00628236 0.00969138 0.00446906 0.00736148 0.118113 0.007249 0.0102022 -0.0021745 -0.000284346 -0.00186898 0.00240454 -0.0130039 -0.0021586 -0.00260035 -0.00642872 -0.00726156 -0.000548142 -0.00290433 -2.81715e-05 -0.0015495 -0.00256996 -0.00378423 -0.000378402 0.000485718 0.000825415 0.00392927 -0.00437639 -0.0072262 -0.00195807 -0.00225711 -0.00547309 -0.00915263 0.00167986 -0.00747912 0.00432864 -0.005638 -0.00716059 -0.00257094 -0.00621285 -0.000499054 -0.0099307 -0.0104937 -0.0104065 0.00662385 0.0102994 0.00239154 0.00593512 0.00317702 -0.00117777 0.00152618 0.00312194 -0.00190008 -0.000303254 0.000811624 -0.00016457 0.00575461 -0.00128969 -0.00159721 -0.00263901 -0.000661754 -0.0043453 0.000271159 -0.00389604 0.000942518 -0.00389212 -0.00246096 4.16815e-05 -0.00314197 -0.00426872 0.0028616 -0.0055418 -0.00115241 0.00123175 -0.00748192 -0.000512222 -0.00214425 -0.00199664 0.00257085 -0.00453246 -0.00403161 -0.00375733 0.000136579 -0.00495083 0.00449386 -0.0044054 -0.00214292 0.00108044 -1.03291e-05 -0.00938512 
-0.000422908 -0.00388573 0.000925962 -0.00319015 0.000318616 0.00773814 0.000493189 0.00280722 0.00167228 0.00379148 -0.000964498 -0.0039795 0.00432088 0.000405913 -0.00408079 0.007249 0.0963876 0.000715147 0.00504125 0.00265193 -0.00189519 0.00159267 -0.00555261 -0.00508629 -0.000684132 0.00557059 -0.000587875 -0.00201158 0.00128128 -0.0101206 0.00185216 -0.00407406 0.00324027 -0.00247153 -0.00414408 -0.000490547 -0.00743465 -0.00325726 -0.00793532 -0.00806967 -0.000945915 0.00126011 0.000202052 -0.000759492 -0.00142545 0.00212363 -0.00564014 0.0035186 -0.00491063 -0.00061264 0.00283511 0.00441806 0.00207761 0.00339141 0.00589937 -0.00145812 0.00315611 -0.00104788 -0.00536834 -0.00763127 -0.00467089 -0.000156557 -0.00401238 -0.00119276 -0.00109449 -0.00397529 0.00326853 0.0038174 0.00540881 -0.00197339 -0.00582479 0.000595995 -0.00525268 -0.00371212 -0.0072861 -0.00163733 -0.00185156 -0.00187472 -0.002887 0.000275124 -0.00196789 -0.00255405 0.000798933 -0.000847842 -0.00580958 -0.00743712 -0.00114627 -0.00260444 -0.00358754 -0.000700547 -0.00364262 -0.00253707 -0.00175555 0.00217198 0.00644798 0.000815336 -0.00234071 -0.000827791 -0.0011106 -0.00412721 
-0.00433609 -0.00181867 0.00208423 -0.00188373 -0.00701637 -0.00286156 -0.00932626 -0.000471848 -0.0051048 -0.00167616 0.00650185 -0.0041423 0.00555862 -0.000263363 0.00380114 0.0102022 0.000715147 0.118927 0.00788186 -0.00167479 0.0111558 0.00263156 -0.00157773 -0.00629633 -0.0107415 -0.00347393 -0.00414784 -0.00176667 -0.00236354 -0.00913684 -0.00157973 -0.00413768 0.00700664 -0.00478843 -0.000292639 -0.00513435 -0.00403595 -0.00677445 0.00130849 -0.00141736 0.00137947 -0.00361317 -0.00422702 -0.00497648 -0.0071218 0.00717804 0.0110789 0.000628943 0.000324966 0.00105683 0.00292157 0.00181568 0.00640499 -0.0114172 0.00480131 0.00268642 -0.00514307 -0.00193131 -0.00976895 -0.00676066 -0.00512353 0.000106412 0.00107746 -0.00365838 0.00141473 0.00371702 0.000755472 0.012484 9.44504e-05 -0.00459215 -0.00557355 -0.000447792 0.00193757 -0.00199611 -0.00207915 -0.00570769 0.00500048 -0.00284466 -0.00367654 0.00347292 -0.00093672 -0.00409491 -0.00697992 -0.00374791 -0.000324583 -0.00517621 -0.000154078 -0.00261712 -0.00137029 0.00124451 -0.00402501 -0.0025407 -0.00549795 0.00416146 -0.0051118 -0.000614726 -0.00250406 0.00451117 -0.00308003 -0.0103529 
-0.00621239 -0.0076759 0.00240837 0.0258193 -0.00310198 0.00831426 0.00242279 -0.00303738 -0.00781772 -0.00279676 -0.000367278 -0.000735436 -0.0206658 -0.0141211 -0.00217722 -0.0021745 0.00504125 0.00788186 0.210624 0.00420119 -0.0033938 0.0183005 0.02117 0.00572422 -0.00331979 -0.00841683 -0.0019252 -0.00797293 0.00082863 -0.00707418 0.0185475 -0.0104956 -0.0052249 -0.00658577 -0.00698805 -0.00405993 -0.0125302 -0.0107565 0.0144318 -0.00442174 -0.00457177 0.0055016 -0.00164701 -0.000765999 -0.00545592 -0.0172642 -0.0164151 -0.00493761 -0.000881477 0.000754175 -0.00402874 0.00111794 0.0187805 -0.00595094 -0.0120727 -0.000754698 -0.00251717 0.007305 -0.0116927 -0.00314199 -0.00164338 -0.000934757 -0.0102116 0.00097601 -0.00688101 -0.0167574 -0.00676263 0.0100883 0.00570382 0.00338738 -0.0130353 -0.00435195 -0.00670286 -0.00570081 -0.00509291 0.000455378 -0.0118442 -0.00566539 -0.0162375 -0.00578336 0.0147023 -0.00801157 -0.0147077 -0.000807087 0.0199458 -0.00226715 -0.00591687 0.00250686 -0.00493352 0.00561025 -0.00499982 -0.00578576 -0.00046234 -6.57148e-05 0.0029395 0.00216821 -0.00365521 -0.00431677 -0.00364872 -0.0143289 
5.02475e-05 -0.00128601 -0.00271283 -0.00212784 -0.0025881 0.000768678 0.0039036 -0.00488535 -0.00257271 0.000609097 0.000810059 0.0029906 0.00293683 -0.00115483 -0.00260801 -0.000284346 0.00265193 -0.00167479 0.00420119 0.082149 -0.00865143 0.00297204 0.000143627 -0.00252754 0.00587603 -0.000359966 0.00180958 -0.00333127 -0.00102219 -0.000692874 -0.00254709 -0.00143805 0.00266055 -0.000251543 -0.00367448 0.000590971 -0.000490648 -0.0025915 4.89955e-05 0.00442895 -0.00150106 0.000504978 -0.00303851 0.000739175 -0.00187535 -0.00207296 -0.00312153 -0.0026785 -0.000663129 -0.00143125 -0.00166069 -0.00170243 -0.00203499 0.00983832 -0.00091185 0.00309113 -0.00282463 -0.000977174 0.0014575 -0.0104796 -0.00238897 0.00127331 -2.40055e-05 -0.0012665 -0.000638102 -0.0030729 0.00270819 -0.00705876 -0.00198719 -0.000151622 -0.00139203 -0.000296521 -0.00114878 -0.00197744 0.0054431 -0.00203861 -0.00517674 0.000587174 -0.00235308 -0.0022944 -0.000717696 -0.003348 -0.00334452 -0.00435208 -0.00247897 -0.000448052 -0.00167798 0.00124893 -0.00169739 -0.00053228 -0.000752396 -0.0028153 0.000506148 0.00148532 0.00176342 -1.39926e-06 0.000896051 -0.00354194 -0.00153811 -0.00418587 
0.000824197 -0.00183181 -0.00772027 -0.0205919 -0.000981821 -0.00396436 -0.00360523 -0.000976827 -0.00927165 -0.00801482 -0.00390324 -0.00813704 -0.00357397 0.00484947 0.00882053 -0.00186898 -0.00189519 0.0111558 -0.0033938 -0.00865143 0.163573 -0.000287106 0.00714737 -0.00137862 -0.00812574 -0.00178287 -0.0043045 -0.00112652 -0.00540909 -0.0095768 0.00039836 -0.00423037 0.00358841 -0.00536309 0.0033222 -0.00089082 -0.000576571 0.00293632 0.00146208 0.00148646 -0.00197448 -0.00398497 -0.0103998 -8.30472e-05 -0.00671594 -0.00255423 0.00907358 -0.00132052 -0.00386796 -0.00620587 -0.00369115 0.00689191 0.00550493 -0.00689507 -0.00515255 -0.000807386 0.00131383 0.00397409 -0.00116528 0.00495182 -0.00212587 -0.00224587 -0.00853014 -0.0107123 0.00226493 0.00478354 -0.00256662 -0.00181673 0.0015126 -0.00384943 -0.00718961 -0.00213105 -0.0026163 -0.00496913 -0.00734115 -0.00446278 -0.00172143 -0.00477106 0.00446584 0.0015316 0.0109218 0.00669665 -0.00669317 0.00339471 0.00261637 0.00316889 -0.00373279 -0.000815505 -0.000363119 -0.00345729 0.00102903 0.00390883 -0.00736763 -0.00293124 -0.00810684 0.000722972 -0.00182772 0.00907239 -0.0048742 -0.00389249 
-0.00259393 -0.00317099 -0.00275298 -0.00108524 0.00287284 -0.000790292 -0.000175361 -0.00592601 -0.0142644 0.0050924 -0.00119678 -0.00756268 0.00132845 0.00229212 0.0072705 0.00240454 0.00159267 0.00263156 0.0183005 0.00297204 -0.000287106 0.169256 -0.000377504 -0.00117621 0.00883291 -0.00544835 -0.00314373 -0.00530168 0.0175044 0.00645885 -0.00238488 -0.00867356 0.000439792 -0.00775829 -0.00493804 0.000453644 -0.0206335 -0.0112892 -0.00759679 -0.00548316 0.00195297 -0.00192895 -0.00273464 -0.0011782 0.000161048 0.000416929 -0.00795679 -0.00947569 0.000633342 -0.000357687 -0.00200353 -0.0140473 -0.00115212 0.00900312 -0.000432465 -0.00261857 -0.0100125 -0.00485677 0.000886958 -0.0146674 0.00816087 0.000730462 -0.0114312 -0.00103396 -0.00682928 -0.00781804 0.00396572 0.00962721 0.00812808 0.00114477 -0.00520005 0.00486526 -0.00704641 -0.00300037 -0.00545286 -0.00186452 0.000563689 0.00103121 -0.000486668 -0.00371158 -0.00129312 -0.00360078 -0.00741986 0.00225323 0.00911433 -0.00230073 -0.00239877 -0.00186458 -0.00704563 0.00218755 -0.00657221 -0.000865789 0.000939156 0.00344655 -0.00574309 -0.00497344 -0.00187513 -0.010629 -0.00354446 -0.00748081 
-0.00654801 -0.00266419 -0.00492799 -0.0112312 -0.00805366 -0.0143701 -0.00290311 -0.00317722 0.00392638 -0.0183224 -0.00588338 -2.92485e-05 -0.0163457 0.0015554 -0.0089891 -0.0130039 -0.00555261 -0.00157773 0.02117 0.000143627 0.00714737 -0.000377504 0.182068 0.00862007 0.0040413 -0.000363619 0.00233446 -0.00406688 -0.000516795 -0.00295052 0.00719467 -0.00561223 0.0160168 0.00877803 0.000716914 -0.00229347 0.00707939 -0.00964005 0.00609056 -0.00484669 -0.00495241 0.00451059 0.00021435 0.00556483 0.00668787 -0.00814402 -0.00898441 -0.00575776 0.00295412 -0.000515396 -0.0106817 0.0134061 0.00875609 0.00400654 -0.0105585 -0.00550312 0.00168002 -0.00709983 -0.00879334 0.0173146 -0.00867596 -0.00495125 -0.0132697 0.00368978 -0.00365229 0.00276248 -0.0103083 -0.00264728 0.00218992 -0.00252535 -0.0177922 -0.00387643 -0.00936572 0.00091666 -0.00375935 -0.00216499 -0.0110649 -0.00410585 -0.00636505 0.00501321 -0.00650629 0.00322977 0.00949332 -0.00676713 0.0104063 -0.000273582 -0.00670138 0.00440183 -0.00562879 -0.00164138 0.000391785 0.000161738 -0.00422158 -0.000895315 -0.00289936 -0.00236559 0.00191132 -0.0030368 -0.00376411 -0.0120824 
0.000529962 0.00675228 0.0101267 -0.00517112 -0.00376276 -0.00342837 -0.00227965 -0.00373953 -0.00328796 -0.00246233 -0.0056077 0.0105685 -0.0113564 -0.0100136 -0.00774119 -0.0021586 -0.00508629 -0.00629633 0.00572422 -0.00252754 -0.00137862 -0.00117621 0.00862007 0.15768 0.0107237 -0.00197159 0.00144147 0.0097066 -0.00326738 -0.0115497 0.0124789 -0.000513232 -0.00503155 -0.00660192 0.00266819 0.00266305 0.00109207 -0.0110573 0.00999412 -0.00227931 0.00202576 -0.00323504 0.000951409 0.00925487 -0.00928361 -0.012175 -0.0128081 -0.00554438 -0.00448384 -0.00549083 -0.00635326 -0.00134545 -0.0122796 -0.00397058 -0.0061126 -0.0108378 0.0102319 -0.0124717 -0.00894384 0.0145357 0.00867365 -0.00108935 0.00856863 0.000827391 -0.00693144 -0.00516391 -0.00531079 -0.00231509 -0.00649638 -0.00883184 -0.0100745 0.00149204 -0.00792724 -0.00286218 0.0050492 0.0009423 -0.00596768 -0.00201426 0.00621871 -0.00214614 0.00281498 0.00480321 -0.0108176 0.00334389 -0.00664989 0.000626875 -0.000352927 0.00294954 -0.01016 0.0036186 -0.00437519 0.00177523 -0.000647935 -0.00639689 0.00230462 0.000648391 -0.00177438 -0.00193772 -0.000707967 0.00360599 
0.000708033 0.00290615 -0.0064709 -0.00719905 0.00515869 0.000524142 -0.00244012 -0.000952524 -0.00155696 -0.00269971 -0.00313582 0.00493717 0.00110916 0.00191395 0.00440051 -0.00260035 -0.000684132 -0.0107415 -0.00331979 0.00587603 -0.00812574 0.00883291 0.0040413 0.0107237 0.152536 0.00352815 -0.0073335 -0.00153041 0.00355719 -0.0152871 0.000211517 -0.00838789 -0.00485835 0.00119425 -0.00557532 -0.00495786 0.000378782 -0.0044409 -0.00162544 0.00604229 -0.00231624 0.00460434 0.00866165 0.0116012 0.00130096 0.00507764 -0.000882011 -0.00665547 -0.00647567 0.0011669 -0.00347293 0.000887519 -0.0106819 0.00752422 -0.00558297 -0.0121293 -0.00215873 -0.0127603 0.00445686 0.0168046 0.00615006 -0.00435348 -0.00197668 -0.00690471 0.00633616 -0.00334595 -0.00197127 -0.0109928 0.000767129 0.00352356 -0.00935845 0.000312409 0.0017777 -0.0034626 -0.0155822 0.00488203 -0.00446786 2.73445e-05 -0.00192297 -0.00567989 -0.0017427 -0.00824612 -0.00429267 -0.000472642 0.0024347 0.00499903 -0.00208389 -0.00255891 -0.00713081 0.00311313 -0.00804747 0.000159174 -0.00507285 -0.00311849 -0.00142069 -0.0018147 -0.00737028 -0.00523536 -0.00651574 -0.0129676 
0.000198627 0.000653777 -0.00191536 -0.00659374 0.00041482 0.00543161 -0.0005613 0.000522342 0.00580278 -0.00226742 0.000249354 -0.000109727 -0.00714238 8.1316e-05 -0.00356982 -0.00642872 0.00557059 -0.00347393 -0.00841683 -0.000359966 -0.00178287 -0.00544835 -0.000363619 -0.00197159 0.00352815 0.0924073 -0.000431915 0.000945413 -0.00227487 -0.0013142 -0.00264534 -0.000484624 -0.00416948 -0.000508339 -0.0012713 -0.00138507 0.00416434 0.00302256 0.00241208 0.000206874 0.0035323 0.00586147 0.00090288 -0.00138366 -0.0030305 0.00286181 -0.00100767 0.00717193 -0.00152426 0.00780571 -0.000466248 -0.00380634 0.00213546 -0.000694021 -0.00674298 -0.00633196 -0.00537591 -0.00260713 -0.00162356 -0.00511436 -0.00438548 -0.00155402 -0.00235774 -0.00116571 0.00377527 0.00258188 -0.000137262 -0.00840884 -0.00351843 0.00263305 0.00194082 -0.00150371 -0.00704515 0.00135085 -0.00752408 0.00106454 -0.00267297 -0.000189217 4.38884e-05 -0.0023948 -0.00914204 0.0067264 0.000585411 -0.00270289 -0.00241527 -0.00531553 -0.000279031 0.00113913 -0.00146618 0.00282493 -0.00190399 0.00206432 -0.000754201 -0.00175742 -0.0028281 0.000335629 -0.00253349 0.000276658 -0.00185675 -0.0028146 
-0.00401061 0.00135854 0.00150565 0.00125139 0.00564908 0.00433095 0.00402442 -0.00559693 -0.00251971 0.00945527 0.00195305 0.00336714 -6.68449e-05 -0.00622588 -0.00523436 -0.00726156 -0.000587875 -0.00414784 -0.0019252 0.00180958 -0.0043045 -0.00314373 0.00233446 0.00144147 -0.0073335 -0.000431915 0.136772 0.000559198 -8.22306e-05 -0.00976828 0.00190229 0.00713736 0.0107006 0.000839914 -0.00424381 0.00190758 0.00344342 -0.00296778 -0.0127926 -0.00330806 -0.00406885 -0.00432732 0.00557394 -0.00284765 0.00748063 -0.00451747 -0.0108534 -0.00189646 -0.00126718 -0.00529218 -0.000428846 -0.0033158 -0.00070223 -0.00218919 -0.00334516 -0.00871929 0.00388111 0.000326991 0.00509189 -0.00453621 -0.00698399 -0.00277938 -0.00353633 0.0126285 -0.00386158 -0.00326642 -0.00453452 0.00247826 0.00316529 -0.000900446 -0.00747082 0.00324542 -0.00440404 -0.000797057 0.00152459 0.000413348 -0.00446529 -0.00236583 -0.00514161 -0.00290406 0.000253177 -0.00212367 0.00496243 -0.00800483 -0.000326607 -0.00657358 -0.00184785 -0.00574169 -0.00456415 -0.00725242 0.000262274 -0.00116685 -0.0053475 0.00347808 -0.00153575 0.000326895 0.00916021 -0.00761091 -0.00473872 -0.0114901 
-0.00106853 0.00347589 -0.00263519 -0.0032498 0.00494309 -0.00362494 -0.00326201 -0.000592371 0.00956494 -0.00427005 -0.00341139 -0.0042897 0.0026211 0.000858059 0.000622669 -0.000548142 -0.00201158 -0.00176667 -0.00797293 -0.00333127 -0.00112652 -0.00530168 -0.00406688 0.0097066 -0.00153041 0.000945413 0.000559198 0.109885 0.00164814 0.00235622 0.0010509 -0.00145252 0.00864481 2.57782e-05 -0.00527866 -0.00168537 0.00225265 -0.00349145 -0.00138057 -0.00681666 0.00022326 -0.00393007 0.00297769 -0.00237626 -0.00206489 -0.00383266 -0.00223025 -0.00538091 -0.0033122 -0.00233309 -0.00349781 0.0091675 -0.00525423 -0.00390765 -0.00250773 -0.00561946 -0.00236831 -0.00342976 -0.00434343 -0.00454809 7.12092e-05 -0.00114817 0.00222952 0.000974122 -0.0058212 -0.00385391 0.0017107 -0.00868753 -0.00111384 -0.00405781 -0.00449945 0.00167048 -0.00800203 -0.00278935 0.000421574 0.000385435 0.000872817 0.00342133 -0.000809934 -0.000273683 0.000425525 0.002107 -8.83714e-05 0.00056881 0.000455484 -0.00553461 -8.97543e-05 -0.00059409 -0.00132228 -0.00325127 0.00168121 -0.000390485 -0.00269999 0.00342884 -0.00237431 0.00172063 0.00156673 0.00156976 -0.00135258 -0.00295372 
-0.00221309 0.000711927 -0.0014102 0.00257978 0.0035224 0.00142395 -0.000548869 -0.00104699 8.85481e-06 -0.00374998 -0.00233186 -0.000337553 0.00390279 -0.00409752 -0.00200413 -0.00290433 0.00128128 -0.00236354 0.00082863 -0.00102219 -0.00540909 0.0175044 -0.000516795 -0.00326738 0.00355719 -0.00227487 -8.22306e-05 0.00164814 0.0776441 -0.00139947 -0.00154415 -0.00178912 -0.000119027 -0.00134633 -0.0036703 -0.00291201 -0.00774448 -0.00104771 -0.00360134 -0.00954752 0.000369453 -0.00146871 -0.00107817 -0.00296057 0.00258552 0.00662599 0.000186782 -0.00247881 0.000558692 -0.00214923 0.00121041 0.000962448 0.000910892 0.00202242 -0.00111525 -0.00181702 -0.00218339 -0.00107006 0.00144804 -0.00643244 0.000985759 -0.00148971 -0.00321848 0.00317504 -0.00380813 -0.00154137 -0.00154457 0.00151373 -2.10812e-05 -0.00181286 -0.00547956 -0.00104781 -0.00149969 0.0034989 -0.00467416 -0.00095155 -0.00214719 -0.00147228 -0.000464417 -0.00113044 -0.00479316 -0.0012918 0.00277275 -0.000688689 0.00342012 -0.00313525 -0.00115414 -0.00259854 -0.00146665 -0.000785992 0.00289485 0.0026565 0.000372855 -0.00018773 -0.000387689 -0.00142357 -0.00191209 -0.00247341 -0.00202366 -0.0031032 
0.003809 -0.0108763 -0.00482288 -0.0100035 -0.00942187 -0.0239825 -0.000300618 0.00135589 -0.00553134 0.00564113 -0.00409575 -0.00199481 -0.00246055 0.000522682 -0.0063218 -2.81715e-05 -0.0101206 -0.00913684 -0.00707418 -0.000692874 -0.0095768 0.00645885 -0.00295052 -0.0115497 -0.0152871 -0.0013142 -0.00976828 0.00235622 -0.00139947 0.179339 0.00138054 0.00279036 -0.00628672 0.00106567 -0.00530655 -0.00878829 0.0011102 0.00499733 0.0141172 -0.00640104 -0.00189443 0.00100095 -0.00682425 -0.000832109 -0.0010415 -0.00682599 -0.0108897 -0.000592844 0.00515571 -0.0122749 -0.00568859 -0.00742891 -0.0179024 -0.00142431 -0.00255742 0.00441753 -0.0146144 0.00797584 -0.00460751 -0.00975707 0.00171533 0.000784509 0.000815655 -0.00877878 -0.00044788 -0.00537287 0.00853087 0.0012069 -0.00282812 -0.00326241 -0.00589736 -0.00687686 -0.00270692 0.0115339 0.0150861 0.000936646 0.0183664 0.00142138 -0.00227044 0.00249019 -0.0119684 0.00148171 0.00191248 -0.00947642 0.000291659 0.00593601 -0.00158656 0.00319897 0.0164416 -0.0096585 0.00328782 -0.00103196 -0.000752149 -0.00231004 -0.00327972 -0.00544491 -0.00153406 0.00415025 0.0191546 0.0138971 
-0.00585409 0.00126127 0.000655175 -0.00624602 -0.00423469 -0.00183293 0.00137966 -0.00557776 -0.0115673 -0.00568861 -0.00334353 0.00166022 -0.00668419 -0.00909151 -0.00493907 -0.0015495 0.00185216 -0.00157973 0.0185475 -0.00254709 0.00039836 -0.00238488 0.00719467 0.0124789 0.000211517 -0.00264534 0.00190229 0.0010509 -0.00154415 0.00138054 0.119575 0.00299936 -0.00802117 0.00238435 -0.000495786 0.0032352 -0.00689939 -0.0170913 0.00792619 -0.00509505 -0.00611186 0.00303723 -0.00244135 0.00160629 -0.00269436 -0.00465605 -0.0105715 -0.00279546 -0.00405413 -0.000487359 -0.002236 -0.000567749 -0.0031993 -0.00410372 -0.00763893 -0.00493765 -0.00272625 -0.00941768 0.00430178 0.0015019 0.000990353 0.00152714 0.0100958 0.00264909 -0.00154195 -0.000664647 0.00223443 0.00370061 0.00280994 -0.00127867 -0.00555922 0.00390692 -0.00901872 0.000874194 0.00397604 -0.000425852 -8.35545e-05 0.0017836 0.00429322 0.00101165 0.0160861 0.00162767 -0.0103631 0.000709529 -0.000800545 0.00278951 -0.00407852 -0.000991049 -0.00604205 -0.00653 -0.00224493 -0.00206997 0.00198841 -0.00251827 -0.00295212 -0.00418212 -0.00258131 0.000372211 -0.000608851 -0.0118787 
-0.00183347 0.005167 -0.00478606 -0.00810627 -0.00494634 4.17596e-05 0.00388788 -0.00215446 -0.00177168 0.00110828 0.00210585 0.00133562 -0.00296085 0.00201048 -0.00608341 -0.00256996 -0.00407406 -0.00413768 -0.0104956 -0.00143805 -0.00423037 -0.00867356 -0.00561223 -0.000513232 -0.00838789 -0.000484624 0.00713736 -0.00145252 -0.00178912 0.00279036 0.00299936 0.109336 -0.00497385 0.00671368 0.0110123 0.00326743 0.0127493 -0.00451545 -0.000725886 -0.00248004 -0.00306298 -0.00134718 -0.00236201 0.00105412 -0.00296141 -0.000949993 -0.00259985 -0.00557636 0.00181536 0.00423205 -0.00513424 -0.00163978 -0.000769822 -0.00659016 -0.00976125 -0.00694087 0.00316638 -0.00772784 0.00254429 0.00103564 0.00279736 -0.00129115 0.00742149 -0.00201504 0.000406344 -0.000211915 -0.00516492 -0.00623237 -0.00462169 -0.00074552 -0.00429732 5.24044e-05 0.00412815 5.50865e-05 -0.00111519 0.00251251 0.00322115 -0.00191352 0.00105888 -0.00281962 -0.00492494 -0.000442118 -0.00360963 -0.000898355 -0.00631043 -0.00220081 0.00278455 0.000512669 -0.00343477 -0.00449406 0.00303242 0.000897144 -0.0033085 -0.000414224 0.00617053 0.00721045 -0.00144547 -0.00482851 0.00161305 -0.00602473 
-0.0103482 -0.00848818 0.00221596 0.00264949 0.00309121 0.00299898 -0.00692771 -0.0101257 -0.00255436 0.00983209 0.00256828 -0.0100589 0.00291059 0.00572731 -0.014011 -0.00378423 0.00324027 0.00700664 -0.0052249 0.00266055 0.00358841 0.000439792 0.0160168 -0.00503155 -0.00485835 -0.00416948 0.0107006 0.00864481 -0.000119027 -0.00628672 -0.00802117 -0.00497385 0.185355 -0.00294394 -0.00161298 0.00185098 -0.00181399 0.00898979 -0.0153764 -0.0305905 0.00227211 -0.00370705 0.0120125 -0.0112352 0.0149702 0.0150446 -0.00244793 0.004525 0.00200774 -0.00965024 0.00301111 0.01309 0.0104377 -0.000928146 -0.000680352 -0.00863536 -0.000911861 -0.00838546 -0.00173339 0.00156786 -0.00690916 -0.00551857 -0.0129157 0.0070974 -0.00102821 -0.00276738 -0.00389446 0.0115178 0.00155423 -0.00613884 -0.00837895 -0.00231139 -0.0176279 -0.0070528 -0.0175093 -0.00541898 0.00409665 -0.00538452 -0.00404504 -0.00202641 -0.00789545 -0.0079256 -0.00483974 -0.00730409 0.00451906 -0.0111054 -0.000965198 -0.00303218 -0.00661889 0.0167282 -0.0021037 -0.00374693 -0.00936146 0.00495468 -0.00156021 -0.00428778 0.00769163 -0.006377 -0.00418545 -0.0217132 
0.00160531 -0.00177584 -0.00562456 -0.007768 -0.00621677 -0.00349757 -0.000143392 -0.00163743 0.00083671 -0.00551869 -0.00154027 -0.000892091 -0.00753367 -0.00292477 -0.000935361 -0.000378402 -0.00247153 -0.00478843 -0.00658577 -0.000251543 -0.00536309 -0.00775829 0.00877803 -0.00660192 0.00119425 -0.000508339 0.000839914 2.57782e-05 -0.00134633 0.00106567 0.00238435 0.00671368 -0.00294394 0.0889839 0.00291022 -0.000293107 0.0106358 -0.00020446 0.00587364 0.00361139 -0.00310246 -5.16039e-07 -0.000664783 0.00227954 -0.000775131 0.00418292 -0.00249982 -0.00472792 -0.000996008 0.000105456 -0.00220108 -0.00136356 -0.00101685 -0.00191054 -0.00578879 -0.001683 0.00389928 -0.0083012 -0.000891344 0.00423384 -0.00281549 -0.00125811 0.00536536 0.0016467 -0.000923006 0.00281025 0.0029306 -0.00818758 -0.00414792 -0.000172553 -0.00328885 -0.00393861 -0.00125678 -0.00314429 -0.00533662 -0.00294875 -0.00102913 0.00162019 -0.00413423 0.000187609 0.0046395 -0.000527343 0.00831386 -0.00305071 0.00154151 -0.00226709 -0.00218554 0.00197405 -0.001288 -0.00618003 0.00117942 -0.00151109 0.00118129 -0.00154145 -0.00329361 0.0047147 -0.00181032 -0.00116849 0.000868792 -0.000301401 
