0.102903 0.00611069 0.00484069 0.000368144 0.00253605 0.0140894 0.00130792 -0.00706281 0.00161596 -0.000883845 -0.00444262 -0.00581446 -0.00464069 0.000933351 -0.000481704 -0.00941096 -0.00321018 -0.00337959 -0.00840545 -0.00360431 -0.00517993 0.0010595 0.0108143 -0.00136652 0.00174428 -0.0037595 -0.00125074 0.00333626 -0.00297567 -0.0038873 -0.0012456 0.00331361 -0.00210842 -0.00345985 -0.00105679 0.000930555 -0.00214469 1.56194e-05 -0.00485929 -0.000221526 -0.00186511 -0.00661375 -0.00715648 -0.00501819 0.00257565 -0.00670034 0.00644192 0.00283882 -0.00312347 -0.00469676 -0.00113364 0.00434163 -0.0018958 0.00200243 -0.000474647 -0.00642278 -0.00474383 -0.000795021 0.000701063 -0.00300723 0.00189464 -0.0023575 0.000805536 -0.000370959 0.00222937 0.00465206 -0.00148335 0.000461983 -0.00296665 -0.00172654 0.0133233 0.000186429 0.00237804 0.00166309 -0.00540166 0.0014861 -0.00163656 0.000753096 -0.00195517 -0.000602087 -0.00243435 -0.00180265 -0.00165379 -0.0033728 0.00122907 -0.000752259 0.00249003 -0.00361798 -0.00796142 -0.00933083 -0.00286995 -0.0075113 -0.00195428 0.00138143 -0.00533749 -0.00723329 0.00359398 0.0051902 -0.00332561 -0.00238096 
0.00611069 0.142417 0.00598986 -0.000503729 -0.000992898 0.0164757 -0.00289457 -0.00729256 -0.0075433 -0.00300336 0.00430791 -0.00625189 -0.00321914 0.00212655 0.00119511 -0.0093097 -0.00572615 -0.00586447 -0.00840555 -0.00166024 -0.00233469 -0.00515646 -0.00434774 -0.0034759 -0.00387614 0.00284982 -0.00314277 0.000665731 0.00293843 -0.00474028 -0.002059 0.00483648 0.00227638 0.000643428 -0.00171456 0.00224721 0.00252509 -0.00766135 -0.0131484 -0.00126087 -0.00290269 -0.00517687 -0.00419818 0.0149612 0.00154699 -0.00578493 -0.00549956 0.00568843 -0.00538744 -0.0046102 -4.79136e-05 -0.0045753 0.00211568 -0.00266548 -0.00125491 0.00151337 -0.00874544 -0.00030708 0.00168723 -0.00266753 -0.00594767 0.00235899 -0.00538564 0.00066244 -0.00282538 -0.00330311 -0.00658125 0.0114667 -0.00807366 -0.00598027 0.00316117 -0.0041679 -0.00273954 0.00241709 0.000924718 -0.00102231 -0.00665126 -0.00968781 -0.0091836 0.000989996 -0.00138989 0.00184251 -0.00208351 0.0012119 -0.00124268 -0.00591161 0.00683757 0.00381934 -0.0023256 0.00568902 -0.000230984 -0.00580702 0.0021673 -0.00232061 -0.000411777 -0.00691293 -0.00542885 0.00220495 -0.00628373 0.0104356 
0.00484069 0.00598986 0.099278 0.00205875 -0.00141113 -0.000315175 -2.94126e-05 0.00469488 0.0102111 0.00188313 -0.000480123 0.00785214 0.0110298 0.00211802 -0.00154889 0.00296406 -0.00343813 -0.00206617 -0.00219999 -0.00420205 -0.00490918 0.0074406 -0.00469607 0.000609545 -0.00543624 0.000659498 -0.00358691 0.00133378 -0.00770275 -0.00310806 -0.00544194 0.00383726 -0.00133935 0.00537384 -0.000111436 0.000835563 -0.00409891 -0.0048651 -0.00849733 -0.00288424 -0.00289493 -0.00395031 -0.00517684 -0.00375143 0.000331707 -0.00450233 -0.00398377 -0.00171875 0.000810819 -0.00211609 -0.00170159 -0.0107756 -0.00133483 -0.00308109 0.00189397 -0.011151 -0.00478497 -0.00230807 -0.0020206 -0.00300309 0.000514858 0.00244303 -0.00365022 0.000279656 0.00120825 0.000916989 -0.00104088 -0.00376011 -0.00785378 0.00201005 0.00865024 -0.00173624 -0.00525348 -0.001669 -0.00323194 0.000207047 -0.00746298 0.00144781 -0.00222879 -0.00277219 -0.00628342 -0.00336832 -0.00526149 -0.00334629 0.00355094 0.00114344 0.00407845 0.00444187 0.00133096 0.0025867 0.000161363 -0.00254994 -0.00265173 -0.00167059 -0.000997956 -0.0018668 -0.00651653 0.00128838 0.00403193 -0.000542355 
0.000368144 -0.000503729 0.00205875 0.115437 0.0082378 -0.00380973 0.00471106 0.00300117 0.00970579 -0.00123334 -0.00162856 -0.00312274 -0.00701687 -0.000154375 -0.00332029 -0.0107796 -0.0034062 -0.00531851 -0.009824 0.00387842 0.00322003 -0.00265706 -0.00110634 0.00387415 0.00507342 0.00667911 -0.00157163 0.00571407 -0.000518323 -0.00015272 0.00356887 -0.00422763 -0.00288034 -0.00870198 0.00326585 0.0020513 0.000983619 0.00400547 -0.003988 -0.000854866 -0.000807737 -0.00656158 0.000746786 0.0011514 -0.00460712 -0.00620289 -0.00926236 -0.00363349 -0.00354072 -0.00154846 -0.000336951 -0.0038366 -0.0033622 0.00336728 0.00535166 -0.00880553 0.00388166 -0.00637771 -0.00156143 -0.0060808 -0.00205841 -0.00154126 -0.00592107 -0.000557417 0.0005247 -0.00392865 -0.00260322 0.000101954 -0.00282348 -0.00684706 0.00293145 0.00198786 -0.00265421 0.000479241 -0.00260538 -0.00262569 0.00144215 0.00267397 -0.00203197 0.00260873 -0.00359582 0.00353736 -0.00124785 -0.00288811 -0.00446141 -0.0131635 -0.00626554 -0.00451998 0.000631787 0.00591892 -0.00539836 0.00252296 0.00412813 -0.00560705 -0.0021817 -0.00210304 -0.000289896 0.00287716 -0.00367361 0.00219734 
0.00253605 -0.000992898 -0.00141113 0.0082378 0.126572 0.00886504 0.0116869 0.00803108 0.0128161 0.00143472 -0.0126029 0.000846407 -0.00999892 -0.00519796 -0.00183927 -0.00807969 -0.0111288 0.00300309 -0.0145151 0.00197502 -0.00803778 -0.0106779 -0.0111751 -0.00123516 -0.000216746 0.000306973 -0.00874204 0.00105781 0.00412027 -0.00185594 0.00843572 -0.00614708 -0.00409175 0.00980841 0.00484832 -0.00357743 -0.0086767 -0.00156752 -0.00861353 -0.00428656 0.00155833 -0.00271421 0.00566358 0.00371366 -0.00363449 -0.00320595 -0.00344118 -0.00424148 -0.00100835 0.00785422 -0.000693952 -0.00283977 -0.00348334 -0.00232906 -0.00450249 -0.00868977 -0.000890456 0.010124 -0.00528096 -0.00325358 -0.00375887 -0.000224364 -0.00199532 0.00192647 -0.00424686 0.00109042 -0.000276498 -0.00423786 -0.00204027 -0.00430102 0.00105973 0.0013488 -0.00738269 0.00120228 0.00722309 -0.0039852 -0.00322145 0.00111078 0.00244042 -0.00108192 -0.000856438 0.00181122 -0.0031651 -0.00126505 -0.0020505 -0.0133835 0.000273437 -0.00154461 -0.00565525 0.000466826 0.000899721 -0.00489932 -0.00293821 -0.00659664 0.00141759 0.00156733 0.00249966 0.00409228 -0.00506076 0.00511904 
0.0140894 0.0164757 -0.000315175 -0.00380973 0.00886504 0.167218 0.00466107 0.00925267 0.00755256 -0.0047406 -0.0058248 -0.00446701 -0.00418781 0.00104558 -0.00664738 -0.0115264 -0.0107521 0.00423826 -0.00678707 -0.0140367 -0.0100036 -0.000437816 0.00311711 -0.00348029 -0.00744426 -0.00887787 0.00174383 -0.00561224 -0.000473363 -0.00315266 -0.00145774 0.000299831 -0.00189297 0.00810987 9.93866e-05 -0.00316104 -0.00312613 -0.00866676 -0.00893305 -0.00474689 -0.00476259 -0.012464 -0.00892491 0.0110289 -0.00041755 -0.00907739 0.00551689 0.00894548 -0.00114038 -0.000698964 -0.00445695 -0.00592735 -0.00221005 -0.00244673 -0.00133176 -0.0024192 -0.0113316 0.014031 0.00352032 -0.00111436 0.0133447 -0.000776668 -0.00250551 -0.00403889 -0.0030975 0.000186061 -0.00176372 -0.0084444 0.00441597 -0.00972279 0.00316298 0.00178011 -0.0064036 0.00221654 -0.00427738 0.00277621 -0.00133726 -0.0111409 0.0013837 0.00132294 0.00417346 0.00171185 -0.010656 -0.00406495 0.00123419 0.000557315 0.00794841 -0.00189663 -0.00899641 -0.00733409 -0.00767619 0.00340956 0.00222258 -0.00207275 -0.00210606 -0.00792727 -0.00413276 -0.00086743 -0.00940782 -0.00772516 
0.00130792 -0.00289457 -2.94126e-05 0.00471106 0.0116869 0.00466107 0.108868 0.000605958 0.00748433 0.00529229 -9.13194e-05 0.00693966 -0.000407885 -0.00249202 0.0019597 -0.00348914 -0.00690598 0.000761305 -0.00776838 -0.00503498 0.000935669 -0.0062567 -0.00312809 -0.00271419 0.00714483 -0.00624441 -0.00139171 -0.00594298 -0.000671354 0.000696986 0.00751941 -0.00267599 -0.0044187 -0.00867442 -0.00394858 -0.00111011 -0.00474452 -0.000144145 -4.55925e-06 -0.000512972 0.000691145 -0.00443605 -0.00375848 0.00519188 -0.00649282 -0.00120994 0.00623545 -0.00564345 0.0045165 -0.00204095 0.00173025 -0.00348766 2.1425e-05 -0.00467563 3.31389e-05 -0.000995012 0.00107142 -0.00471914 -0.00205389 -0.0055428 0.00242319 -0.000632356 0.000938228 0.00111626 -0.00534598 -0.00145847 0.00343242 -0.000961155 -0.00370074 -0.00358521 -0.00280412 -0.00270961 -0.00475767 -0.00751479 -0.00284793 -0.00318943 -0.0012701 0.000706758 0.00195173 -0.00656868 -0.00536429 0.00252745 -0.00173379 0.000616633 -0.00193466 -0.00436332 -0.00399596 -0.00545634 -0.00277062 -0.00118663 0.00536511 -0.00303595 -0.0019318 -0.00424776 -0.000975203 -0.0042269 0.00429982 0.000579741 -0.00287851 0.00417729 
-0.00706281 -0.00729256 0.00469488 0.00300117 0.00803108 0.00925267 0.000605958 0.125205 0.00741983 -0.00121008 -0.00718463 0.00121943 0.00232922 -0.000123896 -0.000809203 0.000829188 -0.00270255 0.00644659 -0.00888785 -0.0011686 -0.0058117 0.00306166 -0.0116706 0.000439663 -0.00615995 -0.0027956 -0.00949571 -0.00346076 -0.00432176 0.00724653 -0.00148996 0.0039411 -0.00111412 0.00553874 -0.00788163 -0.00208425 -0.00826526 -0.00806545 -0.00234493 -0.00242786 0.00366498 0.000344432 -0.00351231 0.000293107 -0.00119594 -0.000350827 -0.00610802 -0.00101338 0.000891781 -0.00162084 -0.000793646 -0.00513138 -0.000585407 -0.00652398 -0.00327212 0.00585256 0.00257343 0.00493654 0.0012256 0.00827718 -0.00391432 0.00456372 -0.00526117 -0.0023339 -0.00443713 -0.00148064 0.00294908 -0.00600409 -0.00527385 0.000137105 -0.00456466 -0.000929833 -0.00298356 -0.00826017 -0.000325206 -0.00592945 -0.00644826 -0.00146042 -0.00234252 -0.00334124 -0.00528325 0.00311997 -0.00304882 -0.00102396 -0.00156675 -0.00220865 -0.00519925 0.00408059 -0.00166558 0.00495796 -0.00242283 -0.00111042 -0.00229329 -0.000254176 0.00367932 -0.00459092 0.00090623 -0.00115433 0.00248817 -0.00315226 
0.00161596 -0.0075433 0.0102111 0.00970579 0.0128161 0.00755256 0.00748433 0.00741983 0.166477 -0.002257 4.47431e-05 0.00660252 0.0102208 0.00460751 -0.00375755 -0.0101337 -0.00493668 0.00133193 -0.0198935 -0.00301022 -0.0101896 0.00307418 -0.0148477 -0.00228026 -0.00475962 -7.36756e-05 -0.0055422 -0.006926 -0.00257977 -0.00507541 0.00406198 -0.00575578 -0.000122508 0.00231555 0.0149077 -0.00451149 -0.00687092 0.00340358 -0.00859051 -0.00595121 -0.00292834 0.00194898 1.20923e-05 -0.00852556 -0.00388285 -0.00581452 -0.00642875 0.00110896 -0.0107939 -0.00153048 0.000292346 -0.0129512 -0.00520504 -0.00300602 -0.0029296 -0.0186326 -0.00108808 -0.00550364 0.0190709 -0.00767442 0.00775404 0.00771182 -0.00203323 0.00299848 -0.00608403 0.000206098 -0.00196406 -0.00969934 -0.00573692 -0.0133976 0.00169703 0.00408631 -0.00800052 -0.000852516 -0.00423317 -0.00269584 -0.00697057 0.00269724 -0.00131506 0.00373665 -0.0069361 0.00337252 0.000273364 0.00696985 -0.00885695 -0.00781139 0.00600237 -0.000372225 -0.00946299 -0.00712803 0.0067766 0.000880111 -0.00281974 -0.000320132 0.000576294 -0.00950508 -0.000341979 -0.00299611 0.000879134 -0.000866757 
-0.000883845 -0.00300336 0.00188313 -0.00123334 0.00143472 -0.0047406 0.00529229 -0.00121008 -0.002257 0.112551 0.000452426 0.0121015 0.00263823 -0.00423055 0.000916202 0.00871475 0.00755943 -0.00167829 0.00814691 -0.00219729 -0.000742021 0.00900677 -0.00800856 -0.00120074 -0.00427627 -0.000955468 -0.00555196 -0.00155709 -0.00626571 -0.000479446 -0.00194762 -0.0014461 -0.00442399 -0.00933628 0.00117453 -0.00476328 -0.00819069 -0.00272108 -0.00526197 -0.00120457 -0.00212731 0.00388808 -0.00666877 -0.00617813 9.82888e-05 -0.000828655 0.00233684 -0.00763684 -0.00123731 -0.0072964 -0.00209953 -0.00533677 -0.00193479 -0.00292227 0.00111958 -0.0103197 -0.000968297 -0.00258556 -0.0041324 -0.00541765 -0.0100796 0.00551424 -4.03123e-05 -0.00222354 -0.00134048 -0.00116922 -0.00437062 -0.00179922 0.00806921 0.0012827 -0.00207557 -0.00139429 0.00337793 0.00364212 0.0106127 -0.00339365 0.0042302 0.00184754 0.00366577 0.00125376 -0.00185778 -0.00130456 0.00122978 -0.00166362 -0.00353238 -0.00482741 0.00202247 -0.00235601 -0.00480372 0.00284922 0.000564403 -0.00430665 0.000972857 0.00125849 6.67291e-05 -0.00565908 -0.00901713 0.00134453 -0.00316475 -0.00528223 
-0.00444262 0.00430791 -0.000480123 -0.00162856 -0.0126029 -0.0058248 -9.13194e-05 -0.00718463 4.47431e-05 0.000452426 0.144544 0.00889467 0.00122824 0.00895861 0.00302546 0.00562449 0.0116179 0.000750926 0.0156109 -0.00610928 0.00896084 0.00179908 0.000676603 -0.00102992 0.00328914 -0.00215532 0.00204078 -0.00788379 -0.00214253 -0.00294705 -0.000582632 0.00480276 -0.00219275 -0.014237 -0.00311797 -0.00907383 -1.73448e-05 -0.00705319 -0.00245796 -0.000414357 -0.00134379 -0.00804395 0.00273455 -0.00915379 -0.000174347 0.00486508 0.0145209 0.000706331 -0.000924394 -0.00477183 -0.00205661 -0.00569147 0.00716593 -0.0065694 0.0017644 0.00694338 -0.00787524 -0.00594816 0.0032957 -0.00212877 -0.00457953 0.00202631 -0.00283708 -0.00143866 -0.0085029 0.00116341 -0.00467697 -0.00202137 -0.00582658 -0.00230561 -0.00228649 -0.00597346 0.00216442 -3.64071e-05 -0.00441241 -0.00471288 -0.00564409 0.000528747 0.00226431 -0.000939879 -0.00342621 -0.00376314 -0.00215021 0.00190434 0.000562448 0.00223656 -0.0152768 -0.00397663 -0.00962074 -0.00514223 -0.000837007 -0.00287454 0.00118619 0.00526607 -0.003365 0.00432283 -0.0154346 -0.00445985 -0.00718292 -0.0101956 
-0.00581446 -0.00625189 0.00785214 -0.00312274 0.000846407 -0.00446701 0.00693966 0.00121943 0.00660252 0.0121015 0.00889467 0.143813 0.00437718 0.00995831 -0.000464293 0.0227826 0.00581373 0.00251988 0.0130154 -0.00180824 0.0124135 0.00788324 -0.0083156 0.00146238 -0.00622821 -0.00567366 -0.0026736 -0.00975619 -0.0076008 0.000598315 -0.00226838 -0.00570327 -0.00793173 -0.00268514 0.000320247 0.00171241 -0.00766959 0.00214185 -0.00712378 0.00115098 -0.00290488 0.000223876 -0.00882016 -0.00853945 0.00443546 0.00404927 0.0054833 -0.000762011 -0.0063817 -0.00374285 0.000296406 -0.00994161 0.00093108 -0.00511352 -0.00282897 -0.0124309 -0.00636217 -0.00443393 0.000116298 -0.0113084 -0.00615134 -0.000402984 -0.00207417 0.00244575 -0.00852551 -0.00226568 0.00619876 -0.0121211 -0.00868288 -0.00223017 0.000368731 -0.00294652 -0.0103778 0.00518632 0.0070097 -0.00511506 -0.00593445 0.00500993 -0.00200007 -0.00538729 -0.00259224 -0.00466254 0.00744708 -0.00292813 -0.000577146 -0.0256691 -0.00145391 -0.00103553 -0.0126232 -0.0108197 0.00557875 0.0035423 -0.00133455 0.000447609 -0.0081601 0.00514658 0.00742429 -0.00117791 -0.00902528 -0.0103576 
-0.00464069 -0.00321914 0.0110298 -0.00701687 -0.00999892 -0.00418781 -0.000407885 0.00232922 0.0102208 0.00263823 0.00122824 0.00437718 0.143102 -0.00325944 0.00185168 0.0168991 0.000390218 -0.00303834 0.00073404 -0.00714416 -0.00217574 -0.00464606 0.00290728 -0.00167573 -0.0042454 -0.00118343 0.0106682 -0.00152533 0.0113129 -0.00220686 -0.00438746 0.00484769 -0.00197494 0.0171511 -0.00775282 0.00375243 0.000652595 0.00376026 -0.0051284 -0.0167276 0.000669902 5.89905e-05 -0.0121988 -0.00393863 -0.00206437 0.0013478 0.000128418 -0.00471697 0.00391219 -0.00339571 0.00105446 -0.0131285 -0.000830583 -0.00722242 -0.00432889 0.000371293 -0.0121433 -0.00855865 0.00359585 -0.00103625 -0.00616998 0.0118308 -0.00400178 -0.00355388 -0.00465906 -0.00335284 0.00334166 -0.0100942 -0.0102917 -0.00189599 -0.0068917 -0.00581713 -0.0060826 -0.0109706 -0.00546943 -0.00132536 -0.000676961 0.0102433 -0.00633895 -0.00340717 -0.0100311 -0.00363824 -0.0052358 -0.00458247 0.00606576 0.00632751 -0.00162228 0.00206332 0.00626011 -0.00044193 0.0035808 0.00231208 0.000371396 0.00240876 -0.0050224 -0.00977723 -0.00211821 -0.000381562 -0.00692094 -0.00491962 
0.000933351 0.00212655 0.00211802 -0.000154375 -0.00519796 0.00104558 -0.00249202 -0.000123896 0.00460751 -0.00423055 0.00895861 0.00995831 -0.00325944 0.119542 0.00125743 0.00438967 0.00705863 0.00821289 0.00683035 0.00602848 -0.00317124 -0.00555547 -0.0120419 -0.000801252 -0.0044821 -0.00673731 -0.00221842 -0.00983483 -0.00416214 -0.00109241 -0.00232184 0.00194381 -0.00347244 -0.00587116 -0.00279454 -0.00458831 0.000824075 -0.00171466 -0.0019653 0.00547038 0.000251339 -0.00198917 0.000680394 -0.00769141 -0.00357915 0.00276423 0.00491288 0.00226946 -0.00433914 -0.000320333 0.000137067 0.00186353 -0.000665452 -0.00305768 0.00333271 -0.00533964 -0.00244809 -0.00181601 0.00170712 -0.00292635 -0.00821041 0.00259712 -0.00445242 -0.00113247 -0.0037467 -0.00102955 -0.00316916 -0.00450568 -0.00147396 -0.00181965 -0.00258872 -0.00387512 -0.00278692 0.00362444 -0.000489802 -0.00350923 -0.00643991 -0.00884714 0.00580196 -0.00118744 -0.0013104 -0.00282641 0.00344116 -0.00145278 0.0105552 -0.00645408 -0.0124596 0.000940825 -0.00334889 -0.00394797 -0.00144419 -0.00709481 0.000245481 -0.00271067 0.000364213 -0.000292777 -0.00241146 -0.00063984 -0.00440041 -0.00428028 
-0.000481704 0.00119511 -0.00154889 -0.00332029 -0.00183927 -0.00664738 0.0019597 -0.000809203 -0.00375755 0.000916202 0.00302546 -0.000464293 0.00185168 0.00125743 0.0709309 -0.00387376 0.00189334 -0.00140507 -0.000807664 0.000875637 0.00495644 -0.00372536 -0.00212328 -0.00162907 -0.00135463 -0.00136142 -0.0010377 -0.00317779 -0.000119155 -0.000966231 -0.00362707 0.00038553 -0.00211287 -0.00383086 -0.00567725 -0.00349477 0.000584477 -0.00128486 -0.00173857 0.000806902 -0.000916157 0.000491213 -0.00484172 0.00388683 -0.00138675 0.00161478 0.00121472 -0.000857823 -0.00303753 -0.0014275 0.00387055 -0.00229082 0.000952386 0.000534219 -0.00104647 0.00152721 -0.002817 -0.0069346 -0.00344164 -0.00317409 -0.00185989 0.00156375 -0.0019371 0.00154979 -0.00211328 0.00287562 0.000540896 0.000845749 -0.00125841 0.00281046 0.000992766 0.000225065 -0.00233258 -0.0025159 -0.00199017 -0.00150994 -0.00423551 -0.00211778 0.000374602 -0.00266928 -0.00250201 0.000286243 -0.00112586 0.00353133 0.00350871 0.00454169 -0.00365251 -0.000221704 -0.00219309 -0.000552162 -0.000665273 -0.00188189 0.000176411 0.00338188 0.00316157 -0.00162716 0.00102182 -0.000647407 -0.00226326 0.000141152 
-0.00941096 -0.0093097 0.00296406 -0.0107796 -0.00807969 -0.0115264 -0.00348914 0.000829188 -0.0101337 0.00871475 0.00562449 0.0227826 0.0168991 0.00438967 -0.00387376 0.168389 0.0120422 0.00201724 0.0175931 -0.00510538 -0.00487319 -0.000643156 0.00874823 -0.00343407 -0.00735981 -0.00867966 0.00694888 -0.00500826 -0.0107731 -0.00156054 -0.0105118 0.000722525 -0.0046778 -0.000160893 -0.00411431 -0.00241403 0.0060299 -0.00441153 -0.00430643 -0.00113384 -0.000555653 -0.0067657 -0.00378368 0.0128382 0.00010974 0.000609423 0.00576763 -0.0145441 0.00614765 -0.00533388 -0.00384814 -0.0215495 -0.000454089 -0.00416977 -0.00693885 -0.00290063 -0.00675342 0.00522032 -0.00216081 -0.0113741 -0.00841719 0.00483028 -0.00231137 -0.00292043 -0.00975378 -0.00413488 0.000472152 -0.0141997 -0.00876197 0.00270409 -0.00310503 -0.0086067 -0.00384298 0.00358731 0.00135114 0.000223004 -0.00826764 0.0133335 -0.00213251 -0.0075159 -0.00818275 -0.00314419 0.00369845 0.00362765 0.00985162 -0.0142437 -0.00096301 -0.00406549 -0.00102841 -0.00711172 0.0101767 -0.00224529 -0.00231891 -0.00713998 -0.00181624 0.00112344 0.00141452 -0.000684522 0.00312705 -0.0010912 
-0.00321018 -0.00572615 -0.00343813 -0.0034062 -0.0111288 -0.0107521 -0.00690598 -0.00270255 -0.00493668 0.00755943 0.0116179 0.00581373 0.000390218 0.00705863 0.00189334 0.0120422 0.129782 0.0001617 0.015711 -0.00201214 0.0109316 1.37815e-05 -0.00383851 0.00406819 0.00322087 -0.00418222 0.00210017 0.000922924 -0.00560596 -0.00239148 -0.0101916 -0.00246084 -0.00719531 -0.00979197 -0.00218142 -0.00447463 -0.00088436 -0.00633794 -0.000323743 0.00363256 0.00076537 0.00282288 -0.00218179 -0.0060411 -0.000137133 0.00152736 0.00365287 -0.00320251 0.00191167 -0.00567534 -0.0038295 -0.00570491 0.00181455 0.00276727 0.00316793 0.00389922 0.00307766 -0.00955088 -0.00432423 -0.00812651 -0.0116917 -0.00073613 -0.0027313 -0.00231985 -0.00594179 0.000726143 -0.00142599 -0.00368154 -0.00320515 -0.00371336 -0.00400768 -0.0039903 -0.00357582 -0.00395103 -0.0025356 -0.00107241 -0.00388662 -0.00434208 0.0097155 0.00216935 0.000280326 -0.00209577 0.00426772 0.00067434 0.000778233 -0.00914109 -0.00320636 -0.00261377 -0.00834199 0.00719542 0.00467168 -0.00883901 0.00563445 -0.00170455 -0.00202107 0.00620032 -0.00525952 -0.000598079 -0.00529747 -0.00986067 
-0.00337959 -0.00586447 -0.00206617 -0.00531851 0.00300309 0.00423826 0.000761305 0.00644659 0.00133193 -0.00167829 0.000750926 0.00251988 -0.00303834 0.00821289 -0.00140507 0.00201724 0.0001617 0.111433 0.00504794 -0.00212964 -0.00306695 -0.00178229 -0.0147101 -0.00182346 -0.00794215 -0.00619035 -0.00546162 -0.000583623 -0.00577207 -0.00164939 0.00198298 -0.00519487 0.000630348 0.00797836 -0.00544926 -0.0034642 -0.00519843 -0.00767453 0.000893298 0.00173951 -0.00116776 -0.00541303 -0.00111569 -0.000443961 -0.00521229 -0.00142599 0.00233371 -0.00159793 0.00196428 1.84875e-05 -0.000763234 0.00269281 -0.000894243 -0.00100263 0.000815548 -0.00364578 0.00326086 0.00140205 0.00178421 -0.0075414 -0.00472133 0.00220229 -0.000558612 0.00110182 -0.00212396 -0.000914775 0.00104976 -0.00230344 -0.0140247 -0.00284932 0.006821 0.00113572 -0.002345 -0.0121608 0.00494377 -0.000641288 0.0111297 0.00295622 -0.000482195 0.000635957 0.000385013 -0.00226768 0.0104223 -0.00621554 -0.00191962 -0.00301664 -0.0115078 -0.000179317 -0.00292248 -0.00190931 -0.00487925 -0.00431598 -0.00485163 0.000571563 0.00333481 0.00168832 0.00177905 -0.00094707 -0.000584094 -0.00386942 
-0.00840545 -0.00840555 -0.00219999 -0.009824 -0.0145151 -0.00678707 -0.00776838 -0.00888785 -0.0198935 0.00814691 0.0156109 0.0130154 0.00073404 0.00683035 -0.000807664 0.0175931 0.015711 0.00504794 0.191845 -0.00939091 0.0124291 0.0226529 -0.00190501 4.78478e-05 -0.00526904 -0.00729185 -0.000477034 -0.00610016 -0.000421906 -0.00206965 -0.00230787 -0.0113363 -0.0085548 -0.00575478 -0.0125045 -0.00914037 0.00338552 -0.00380774 0.00431083 0.00540934 -0.00536965 -0.00418793 0.00181389 -0.0181866 -0.00586747 0.00707002 0.00200866 0.00081711 -0.00477546 -0.00710888 -0.00245582 -0.000619237 -0.000851008 -0.0131391 0.00132531 0.00372586 0.00458713 -0.00540412 -0.00677295 -0.0129669 -0.0136281 -0.00895066 0.000582244 -0.0037069 -0.00157644 -0.00689333 0.000805105 -0.00939987 -0.00687614 0.0123914 0.00111375 -0.00536667 0.00946682 -0.00622428 0.0107825 -0.00246072 0.0149891 0.00137796 0.014436 -0.00300037 -0.00147995 -0.00908552 0.00470685 -0.00628087 0.00608452 -4.30456e-06 -0.0220235 0.00500922 -0.0104348 0.00658249 0.000651318 -0.00210523 -0.0118991 0.000556475 -0.00940278 0.00749085 -0.00682795 -0.00471394 -0.0124355 -0.0148365 
-0.00360431 -0.00166024 -0.00420205 0.00387842 0.00197502 -0.0140367 -0.00503498 -0.0011686 -0.00301022 -0.00219729 -0.00610928 -0.00180824 -0.00714416 0.00602848 0.000875637 -0.00510538 -0.00201214 -0.00212964 -0.00939091 0.121661 0.00479044 -0.00203598 -0.00377486 0.000168157 -0.000959808 0.00609127 -0.00350876 -0.00219327 -0.00582386 0.00351192 -0.00497404 0.000384259 0.00211962 -0.00564805 0.00309176 -0.00233778 0.0044296 0.00448011 0.00211251 -0.00279317 0.00110508 0.00111775 0.000155872 -0.00303986 0.0031181 -0.00103545 -0.000152191 -0.00599569 -0.00694673 0.00158116 6.90573e-05 -0.0016091 -0.00461483 -0.000225545 -0.000539453 -0.00711841 0.0042169 -0.00923146 0.00217173 0.00182313 -0.0058509 -0.00377896 0.00209803 0.00118107 0.00225967 -0.00170284 -0.0048682 0.00255735 0.00908902 0.00584223 -0.00293882 0.00758655 0.00824454 0.00549478 0.00701526 -0.00360591 -0.0107156 -0.00917697 -0.00951966 0.00234296 -0.00138206 0.000204382 0.0050064 -0.00666334 0.00126492 -0.00342007 -0.00499679 -0.00214821 -0.00166157 -0.0021464 0.00175048 -0.00599874 -0.00145915 2.64246e-05 0.00744987 -0.00860826 -0.00855028 -0.00222159 -0.00345317 -0.00233092 
-0.00517993 -0.00233469 -0.00490918 0.00322003 -0.00803778 -0.0100036 0.000935669 -0.0058117 -0.0101896 -0.000742021 0.00896084 0.0124135 -0.00217574 -0.00317124 0.00495644 -0.00487319 0.0109316 -0.00306695 0.0124291 0.00479044 0.14886 0.00461113 0.0129617 0.00491755 0.00813953 0.00296899 -0.000255659 -0.0038491 -0.00310731 0.000658949 -0.00824126 -0.00159237 -0.00670943 -0.0112418 -0.00331529 -0.00151823 -0.00616959 0.0043265 -0.00233459 0.00477631 3.17111e-05 0.000912851 -0.000907006 -0.0120321 -0.00355379 0.0132403 -0.000157026 0.00320778 -0.00751404 -0.00127763 0.00201339 2.9919e-05 0.00307501 -0.00154324 -0.00124442 0.0117737 -0.00488047 -0.011424 0.00218549 -0.012202 -0.00507483 -0.0105645 -0.00552008 -0.00420876 -0.00342702 -0.00243622 0.00444348 -0.00564591 -0.00196241 0.00232351 -0.00175517 -0.00223813 -0.000703273 -0.00797209 -0.00802688 -0.00315238 -0.00627724 -0.00307523 -0.00603945 0.000339071 -0.0023733 -0.00315276 0.00113246 -0.00173962 -0.00352344 -0.00669582 -0.00387865 -0.0040618 -0.00622032 -0.00614662 -0.00193891 -0.00374522 0.00558024 0.0059606 -0.00630304 -0.000501201 0.00528808 -0.00547563 -0.00696854 -0.00602578 
0.0010595 -0.00515646 0.0074406 -0.00265706 -0.0106779 -0.000437816 -0.0062567 0.00306166 0.00307418 0.00900677 0.00179908 0.00788324 -0.00464606 -0.00555547 -0.00372536 -0.000643156 1.37815e-05 -0.00178229 0.0226529 -0.00203598 0.00461113 0.148582 -0.000904402 0.00443707 -0.00618847 0.00701079 -0.00400024 -0.0070013 -0.00720286 -0.00620637 -0.00188805 -0.00389123 -0.00177448 -0.00596332 -0.00249778 -0.00229168 -0.000109403 -0.00247291 -0.00736406 -0.00320891 -0.00140793 -0.00543939 -0.0092719 -0.00382928 0.00127591 -0.00169041 -0.00663595 0.00763409 -0.0075449 -0.000494237 -0.000989984 0.00916908 0.00140462 -0.00439221 -0.00354259 -0.0123693 -0.0121759 -0.00245309 -0.011978 -0.00175358 -0.000715814 0.00144091 -0.000743574 -0.00373784 0.00521398 -0.00155871 0.000703795 -0.00835177 0.00140866 0.00403217 0.000729483 -0.00708224 -0.000923878 0.0117525 0.00259463 -0.00264448 -0.00474836 0.00557694 0.00164646 0.00339252 -0.000635244 -0.00663227 0.00278107 -0.0007818 -0.00257985 -0.000556797 -0.00528616 -0.00101083 -0.00722634 -0.00440661 -0.00403013 0.000235785 -0.00384588 0.00208434 -0.00463595 -0.00249737 0.000442341 -0.00391332 -0.00458755 -0.00851045 
0.0108143 -0.00434774 -0.00469607 -0.00110634 -0.0111751 0.00311711 -0.00312809 -0.0116706 -0.0148477 -0.00800856 0.000676603 -0.0083156 0.00290728 -0.0120419 -0.00212328 0.00874823 -0.00383851 -0.0147101 -0.00190501 -0.00377486 0.0129617 -0.000904402 0.190584 -0.00281787 0.000917234 -0.00207903 0.0170098 0.00313477 -0.00160353 0.000179225 -0.0107044 0.00159784 -0.00689256 -0.00410101 -0.0104001 -0.00246233 -0.000936379 -0.00200873 -0.00840859 -0.0018133 -0.00413911 -0.00523062 -0.00885485 0.00549602 -0.00408303 -0.0101979 0.0181211 -0.00190429 -0.000358901 -0.00202726 -0.000304663 -0.000760303 -0.000155887 -0.00263026 -0.00448113 0.0172184 -0.0185606 -0.00569965 -0.00114695 -0.00810386 -0.00182109 -0.00747633 -0.00442143 -0.00606464 -0.00457595 0.000476061 -0.00498157 -0.00271643 0.00244356 0.0122989 -0.00488373 0.000469347 -0.0173118 0.000121193 -0.00173532 0.00134134 0.00598008 0.000882661 -0.0148729 0.000498974 -0.00613064 -0.00701854 -0.00998793 -0.00280721 0.00299423 0.0124897 0.0189088 -0.0018084 -0.00805416 -0.00547176 0.00382608 0.00952856 -0.00351552 0.00145229 -0.00338586 -0.00545615 0.00411823 -0.00186228 -0.0089579 0.00346475 
-0.00136652 -0.0034759 0.000609545 0.00387415 -0.00123516 -0.00348029 -0.00271419 0.000439663 -0.00228026 -0.00120074 -0.00102992 0.00146238 -0.00167573 -0.000801252 -0.00162907 -0.00343407 0.00406819 -0.00182346 4.78478e-05 0.000168157 0.00491755 0.00443707 -0.00281787 0.0645197 0.000927984 0.0030702 0.0034665 0.00374522 -0.000424134 -0.00104565 -0.000601677 0.00138633 -0.000295295 0.00125192 -0.000613988 -0.000769521 0.000924588 -0.000768857 -0.00176842 -0.00110251 0.000755972 0.000195709 3.40482e-05 -0.00484638 -0.000820866 0.000446411 -0.00564405 -0.00189779 -0.00192385 0.000749374 -0.00081019 0.00537855 -0.000960272 0.00185396 -0.00127186 -0.00334025 0.00402066 -0.00461093 -0.00318703 -0.00122636 -0.00343755 -0.0010113 0.000805412 -0.00170694 5.22261e-05 -0.000197894 0.00170672 -0.00130962 -0.00296682 -0.00263224 -0.00212364 0.000656245 -0.000326408 -0.00410057 -0.000237101 0.000390318 -0.0023806 -0.00524015 -0.00210424 -0.000341735 -0.00101098 0.00171622 0.00155103 -0.000848519 -1.09767e-06 -0.00275479 -0.000156122 -0.00166787 -0.00446464 -0.00332539 0.000461364 -0.000937418 0.00170635 -0.00352847 -0.000121196 0.00305483 -0.00247542 -0.0009782 -0.0016023 -0.00396892 
0.00174428 -0.00387614 -0.00543624 0.00507342 -0.000216746 -0.00744426 0.00714483 -0.00615995 -0.00475962 -0.00427627 0.00328914 -0.00622821 -0.0042454 -0.0044821 -0.00135463 -0.00735981 0.00322087 -0.00794215 -0.00526904 -0.000959808 0.00813953 -0.00618847 0.000917234 0.000927984 0.110903 0.00213548 0.00881142 0.000834068 0.00273508 -0.00215185 0.00418351 0.00169143 -0.0011899 -0.00551759 9.78537e-05 -0.00104174 -0.00139277 0.00111145 0.00161342 -0.00455587 0.000138591 -0.00059812 0.00014965 -0.00710313 -0.00205971 -0.00119197 -0.000537989 -0.0034112 0.00269445 -0.00185965 0.00114524 -0.00312385 -0.000350178 -0.00287047 -0.00210319 0.00377828 -0.00248778 -0.00478065 0.00160845 0.00205078 0.00243793 -0.00488318 -0.00171036 -0.000283178 -0.00371555 -0.0026365 -0.000893331 0.00428008 0.00924401 -0.00280862 -0.00859792 0.00258876 -0.000449902 -0.00304709 -0.00713443 -0.00326671 0.00219037 -0.00840097 0.0023886 0.00081546 0.0014083 -0.000892589 -0.00670657 0.00251408 -0.00431089 5.18268e-05 -0.0131011 -0.00465221 0.00960078 0.000881466 -0.00380768 -0.00268605 0.00234736 -0.00699018 -0.00254152 -0.000904027 0.00170533 0.000106989 0.000568487 -0.00032194 
-0.0037595 0.00284982 0.000659498 0.00667911 0.000306973 -0.00887787 -0.00624441 -0.0027956 -7.36756e-05 -0.000955468 -0.00215532 -0.00567366 -0.00118343 -0.00673731 -0.00136142 -0.00867966 -0.00418222 -0.00619035 -0.00729185 0.00609127 0.00296899 0.00701079 -0.00207903 0.0030702 0.00213548 0.121335 -0.0011407 0.00153696 -0.00311791 -0.00302962 -0.000689453 -0.00894936 0.00219536 -0.00136775 0.00704223 0.00157128 -0.00337628 -0.000469914 -0.0100488 -0.00613457 0.00212713 -0.000421255 0.00402962 -0.00569835 -0.0033251 0.000663339 -0.0165343 -0.00329949 -0.00492043 0.00198156 -0.00196372 -0.00838745 -0.00172009 0.00127407 0.000790702 -0.00432527 0.0114244 -0.0012756 0.00231117 0.00245448 0.00267492 -0.00281408 -0.00262324 -6.78901e-05 0.00677304 -0.00628214 -0.00463424 -0.000398806 0.000563179 -0.00467516 -0.00364671 -0.000199978 0.00169241 -0.00385164 0.00396569 0.00154097 -0.00193177 -0.00615821 -0.00289668 -0.000340819 0.00141206 0.00187895 -0.00400464 0.00321635 -0.00420793 -0.00256031 -0.0048866 0.00561676 0.00182953 0.00849918 -0.00616484 -0.00309828 0.00160767 -0.00423537 -0.00141292 0.000913509 -0.000846718 1.73529e-05 -0.00309193 -0.00124355 
-0.00125074 -0.00314277 -0.00358691 -0.00157163 -0.00874204 0.00174383 -0.00139171 -0.00949571 -0.0055422 -0.00555196 0.00204078 -0.0026736 0.0106682 -0.00221842 -0.0010377 0.00694888 0.00210017 -0.00546162 -0.000477034 -0.00350876 -0.000255659 -0.00400024 0.0170098 0.0034665 0.00881142 -0.0011407 0.125185 -0.000880359 0.00517508 0.000639693 -0.00713016 0.00540664 -0.00313917 0.00176205 -0.00809971 -0.00197568 0.00873487 -0.00718908 0.000495725 -0.000892117 -0.00259048 -0.00297388 -0.00635639 0.00895516 0.00666725 -0.00689806 -0.00329479 -0.00435576 0.00733881 -0.00141347 -0.000410359 -0.00622154 -0.000949 -0.0051239 -0.00559376 -0.00649344 -0.0134209 -0.0135757 0.00330873 -0.00546701 0.000179768 -0.0006199 -0.000742738 -0.00461846 0.00120168 -0.00216944 -0.0024421 -0.00210881 -0.00523483 -0.00215875 -0.00415133 -0.00236083 -0.00965251 0.00314008 -0.00484174 0.00385969 -0.00552671 -0.0056098 -0.0081753 0.00035632 0.00703743 -0.000323039 -0.00280875 -0.00363566 -0.000467633 0.00298314 -0.000447055 -0.000431578 0.00862363 -0.00821748 0.00392288 0.00226735 0.00877788 -0.00195553 -0.00219338 0.00251644 -0.00214856 -0.00381348 -0.00750226 -0.00147308 
0.00333626 0.000665731 0.00133378 0.00571407 0.00105781 -0.00561224 -0.00594298 -0.00346076 -0.006926 -0.00155709 -0.00788379 -0.00975619 -0.00152533 -0.00983483 -0.00317779 -0.00500826 0.000922924 -0.000583623 -0.00610016 -0.00219327 -0.0038491 -0.0070013 0.00313477 0.00374522 0.000834068 0.00153696 -0.000880359 0.114175 0.00666676 -0.00316309 -0.00124326 -0.000298837 0.000891049 0.00891046 0.000737759 0.00447317 -0.00194569 -0.000464312 0.00258968 0.00296293 -0.00176257 -0.00510811 -0.00175463 -0.00482658 0.00246751 -0.00521519 -0.00428093 -0.00643635 0.00397059 3.55095e-05 -0.00144488 -0.00286419 0.00140459 0.00217904 -0.00303505 -0.0044572 0.00215627 -0.000881699 -0.00813524 -0.00144638 -0.00641521 -0.00519341 0.00089976 -0.000471237 0.00423218 -0.00173836 -0.00430477 0.00800373 -0.0029573 -0.00245285 0.0108631 0.000745011 -0.0035655 -0.00867212 -0.00547621 0.00276546 0.0136932 0.00430909 -0.00160597 -0.00106733 -0.000659866 2.96645e-05 -0.00295342 -0.00530328 0.000829679 -0.0060767 0.00283759 -0.00241052 0.00561826 -0.00217301 -0.00458995 -0.00232257 0.000890549 -0.00155763 -0.00601066 0.00262909 -0.00616968 -0.00015596 -0.00769607 -0.00219187 
-0.00297567 0.00293843 -0.00770275 -0.000518323 0.00412027 -0.000473363 -0.000671354 -0.00432176 -0.00257977 -0.00626571 -0.00214253 -0.0076008 0.0113129 -0.00416214 -0.000119155 -0.0107731 -0.00560596 -0.00577207 -0.000421906 -0.00582386 -0.00310731 -0.00720286 -0.00160353 -0.000424134 0.00273508 -0.00311791 0.00517508 0.00666676 0.133855 0.00383971 -0.00058446 -0.0029482 -0.00440957 0.0116702 0.00121003 -0.000817795 -0.0105418 0.0057577 -0.00142014 -0.00924236 0.00203807 -0.00318379 -0.0059499 0.00117756 -0.00591892 -0.00375897 -0.0114032 -0.00356247 0.0031014 0.00137011 0.000939979 0.010821 -0.000332204 -0.00286701 -0.00447825 -0.00559383 -0.00353538 0.00141613 -0.0123997 -0.00636333 -0.00282672 -0.00654479 0.00387468 0.00113567 -0.00246681 -0.00418784 -0.00327102 -0.00344598 -0.00338978 -0.00298999 -0.000535305 0.00317967 -0.0117033 0.00714488 -0.00836283 0.00206656 0.0102702 -0.0039067 -0.00108435 0.00123785 -0.00129919 -0.00276718 -0.00662086 -0.0070645 -0.00262643 0.00134062 0.00283548 0.000689387 0.0115041 0.00474564 -0.000225012 0.00499204 0.00287841 0.00094945 -0.00457381 -0.00343991 0.00323841 -0.0011149 -0.00694422 0.00186053 
-0.0038873 -0.00474028 -0.00310806 -0.00015272 -0.00185594 -0.00315266 0.000696986 0.00724653 -0.00507541 -0.000479446 -0.00294705 0.000598315 -0.00220686 -0.00109241 -0.000966231 -0.00156054 -0.00239148 -0.00164939 -0.00206965 0.00351192 0.000658949 -0.00620637 0.000179225 -0.00104565 -0.00215185 -0.00302962 0.000639693 -0.00316309 0.00383971 0.102414 -0.00195195 -0.00196594 0.00318295 -0.000706614 0.00217044 -0.00238668 0.000785126 -0.00014157 0.0112369 0.000667246 0.00149737 0.00177043 -0.00207084 0.00519504 -0.00502934 0.000144344 -8.55879e-05 -0.00558307 -0.000595764 -0.000293232 -0.000604102 -0.00101864 -0.00210139 -0.00400135 -0.00400643 -0.00362698 -0.00638949 -0.00865089 -0.00306117 -0.00664885 -0.00448642 -0.0029974 0.000851888 -0.00270739 0.000657431 -0.00044468 0.00280516 0.00321701 -0.0077607 -0.00121043 -0.00604193 0.00468992 0.0021553 -0.00107101 0.00332435 0.000395272 0.00129117 -0.00415774 -0.00931325 -0.00259425 -0.000695677 -0.00220216 0.00624787 -0.00322195 0.000341104 -0.00383794 0.00479559 -0.00213842 -0.00448638 0.00812024 -0.00451288 -0.000593254 0.00145096 -2.83018e-05 -0.000411086 -0.00995733 -0.0020471 -0.000989631 -0.00178559 0.00676662 
-0.0012456 -0.002059 -0.00544194 0.00356887 0.00843572 -0.00145774 0.00751941 -0.00148996 0.00406198 -0.00194762 -0.000582632 -0.00226838 -0.00438746 -0.00232184 -0.00362707 -0.0105118 -0.0101916 0.00198298 -0.00230787 -0.00497404 -0.00824126 -0.00188805 -0.0107044 -0.000601677 0.00418351 -0.000689453 -0.00713016 -0.00124326 -0.00058446 -0.00195195 0.137369 -0.00184353 0.0030108 -0.00641052 0.0026322 0.00592274 -0.00675751 -0.00243605 -0.00059196 0.00804623 0.000932066 -0.0043558 0.00417998 -0.00720938 0.00268219 -0.00286983 0.000454095 0.00160084 -0.00731456 0.00838645 0.00268533 -0.00296669 -0.00248441 0.00164198 -0.00677207 -0.00138702 0.0032775 0.00336739 0.00113713 0.010876 -0.00670149 -0.00196861 -0.00165358 -0.000501663 -0.00346728 -0.000402291 -0.00476483 -0.000559582 0.00273005 -0.00751118 -0.00795618 -0.00118631 -0.00399005 -0.0115918 -0.00795339 -0.00016099 -0.00245499 0.00170268 0.00475964 -0.00414818 -0.00491876 -0.000510668 0.0075089 0.00180664 -0.00360601 -0.0004686 -0.000393627 -0.00352441 -0.00653136 -0.00233574 -0.00682032 -0.000968328 -0.00172736 -0.00185499 -0.00249785 -0.0117186 0.0109104 0.00177803 -0.00207095 -0.000982538 
0.00331361 0.00483648 0.00383726 -0.00422763 -0.00614708 0.000299831 -0.00267599 0.0039411 -0.00575578 -0.0014461 0.00480276 -0.00570327 0.00484769 0.00194381 0.00038553 0.000722525 -0.00246084 -0.00519487 -0.0113363 0.000384259 -0.00159237 -0.00389123 0.00159784 0.00138633 0.00169143 -0.00894936 0.00540664 -0.000298837 -0.0029482 -0.00196594 -0.00184353 0.136968 0.00252259 0.00653207 -0.0073222 0.00121594 0.00132397 0.00562501 -0.00763044 -0.00160247 -0.00252581 0.0024038 -0.00736315 -0.000492387 -0.00380356 -0.000627707 0.000673629 -0.00329049 -0.00400346 0.00585294 -0.00306825 -0.00969066 0.000148358 -0.00340366 -0.00229842 0.00537779 -0.0205917 -0.0102816 -0.00275204 -0.00475968 -0.0101898 0.00305191 -0.000523737 -0.00207292 0.000693751 0.00381966 -0.000602521 0.00541794 0.0022177 -0.00774286 -0.00222486 -0.00370683 -0.000758003 0.00139256 -0.00350641 -0.00263681 -0.0107734 -0.000362806 8.40276e-05 -0.00195865 -1.21878e-05 -0.00187193 -0.0045717 -0.00167254 0.00236502 -0.00172282 -0.00199456 0.00032346 -0.00254076 -0.000631037 0.011221 -0.00381421 0.00434845 -0.00286635 0.00756035 -0.00220057 -0.00324167 -0.00221487 -0.0048258 -0.00735192 
-0.00210842 0.00227638 -0.00133935 -0.00288034 -0.00409175 -0.00189297 -0.0044187 -0.00111412 -0.000122508 -0.00442399 -0.00219275 -0.00793173 -0.00197494 -0.00347244 -0.00211287 -0.0046778 -0.00719531 0.000630348 -0.0085548 0.00211962 -0.00670943 -0.00177448 -0.00689256 -0.000295295 -0.0011899 0.00219536 -0.00313917 0.000891049 -0.00440957 0.00318295 0.0030108 0.00252259 0.0961315 0.00519242 0.00552834 -0.00207455 0.00746379 -0.000135213 -0.00483031 -0.00220489 0.00251723 -0.00479059 -0.00135654 -0.00324405 0.000690178 -0.00404148 -0.00524497 -0.00149595 5.74357e-05 0.000408491 -0.000342463 0.00081912 6.5921e-06 9.90647e-05 -0.00135195 -0.0111756 0.00385585 -0.00199013 0.00187637 0.00953447 0.00600099 0.00377514 0.00336999 0.000280113 0.0074217 -0.00102358 -0.00357175 0.00370965 0.0101932 -0.000667651 -0.00216508 0.00635318 0.00880683 -0.000547604 0.000729836 -0.000164778 0.000802943 -0.00415103 -0.00029111 0.00223595 -0.00485095 -0.00110218 -0.00215539 -0.00249429 -0.00199408 0.00289367 -0.0069124 -0.00156713 0.000419827 -0.00149061 -0.00583776 -0.00429441 -0.00585082 -0.00356793 -0.00520122 -0.00571868 -0.00403296 -0.00244433 -0.00224371 -0.00446755 
-0.00345985 0.000643428 0.00537384 -0.00870198 0.00980841 0.00810987 -0.00867442 0.00553874 0.00231555 -0.00933628 -0.014237 -0.00268514 0.0171511 -0.00587116 -0.00383086 -0.000160893 -0.00979197 0.00797836 -0.00575478 -0.00564805 -0.0112418 -0.00596332 -0.00410101 0.00125192 -0.00551759 -0.00136775 0.00176205 0.00891046 0.0116702 -0.000706614 -0.00641052 0.00653207 0.00519242 0.172997 0.0102905 -0.00111172 0.0112596 0.000537163 -0.00252216 -0.0138062 -0.00169186 -0.00433607 -0.00158447 0.00711011 -0.00933654 -0.00183536 -0.0118508 -0.00556182 0.00233833 0.00674987 -0.00271679 0.00208178 -0.002917 -0.00941464 -0.0055695 -0.00884644 -0.00510423 0.00844203 -0.00700449 0.00181513 -0.00674733 -0.00263931 0.000105403 -0.00296317 0.00109091 -0.00052821 -0.000398742 -0.00917203 -0.0113626 0.000484237 0.000339091 -0.00187857 -0.00836296 -0.00733579 -0.00225088 0.00143534 -0.0029479 -0.000908477 -0.00526674 -0.00966932 0.00115394 -0.00269773 -0.00930037 -0.00381616 0.00237306 0.0143658 0.00748015 0.000450762 0.0014467 -0.00892835 -0.00668526 -0.00159335 -0.0021112 -0.00180961 -0.0102725 0.000714443 -0.000984782 -0.00579019 -0.0114359 -0.000770991 
