0.132886 0.00178686 0.00587192 0.00319296 0.0131095 0.00187335 -0.00149633 0.0111396 -0.00773007 0.00388203 0.0063821 0.00209633 -0.00248908 -0.00843152 5.58492e-05 0.0116958 -0.0032911 -0.000837026 -0.00922628 0.00504317 -0.000294025 -0.00612354 -0.00403619 -0.00104969 -0.00738055 -0.0049223 -0.0131641 -0.00464725 -0.0117301 -0.00229845 -0.00714831 -0.00336967 -0.00711651 0.00202914 0.00336704 -0.00151399 -0.00298695 -0.00262987 -0.00927558 0.00156339 -0.00361208 0.00514691 -0.000597889 -0.00469686 -0.000745289 0.000484991 -0.00256566 -0.00135921 -0.00121351 -0.00253605 -6.80557e-05 -0.0061601 0.00157911 -0.00408958 0.00286515 0.000515306 -0.00210901 -0.00598531 -0.00513637 -0.00839117 -0.00900035 -0.00153673 -0.00325981 -0.00302633 -0.00202833 -0.00393807 -0.00743905 -0.00355356 0.00141907 0.00247146 -0.00510678 -0.000523654 -0.000248938 0.00122917 -0.00241538 -0.00137377 0.0060464 -0.00226129 5.42557e-05 -0.00820209 0.00408737 0.00412097 0.00263994 -0.00474314 -0.00212248 -0.00185641 -0.00354402 -0.00301619 -0.00481598 -0.00109131 0.00082224 -0.00301522 -0.00245517 -0.00330357 -0.000921129 0.0194087 -0.00125612 -0.00416473 -0.00328979 0.00709829 
0.00178686 0.0984646 0.00534866 0.00451731 0.00733461 -0.000766317 0.00872166 0.0042003 -0.00234411 -0.00714292 -0.00202137 -0.00487415 0.000686094 0.00124493 -0.00431572 0.00460772 -0.00231514 -0.00379219 0.000460094 -0.0065437 -0.00648337 -0.00548211 -0.00463072 -0.00818993 -0.0057666 0.00214621 -0.00742931 -0.0058233 0.00302095 0.00227218 -0.00251884 0.00391417 -0.00260754 0.00913246 -5.86521e-05 -0.00140222 -0.00262257 -0.00259278 -0.00727845 0.00583325 -0.000612624 -0.00250698 -0.00357471 0.000727869 -0.00107093 -0.0032188 -0.00374633 0.00367696 -0.00689807 0.000453505 0.00266151 -0.000926867 0.00413583 0.000792851 -0.00232642 0.00119916 -0.00525711 -0.00147792 -0.00327918 -0.00569935 0.00140851 -0.00425283 0.000755762 -0.00528428 0.000687984 -0.00644693 -0.00311212 -0.0040459 -0.00312442 -0.0010947 -0.00578648 -0.00262547 -0.00218947 -0.00175186 -0.000491493 0.00648372 0.00289156 -0.000272447 0.0015818 -0.00108587 0.00370789 -0.00112743 -0.00143307 -0.00164346 -0.00222277 -0.00138731 -0.000344482 0.00409123 -0.000290203 -0.00642407 0.00104895 0.00154183 -0.00198254 0.000447561 0.000354131 -0.00200096 -0.0032176 0.00362322 -0.00569057 0.000962201 
0.00587192 0.00534866 0.0910742 0.00135195 0.0091172 -6.66268e-05 -0.000472039 0.00277515 -0.00313876 -0.00845913 -0.00154593 0.00226729 0.00252009 -0.00106248 0.00189671 -0.00322796 0.0006815 0.000879728 -0.00402552 -0.000883762 -0.00302847 -0.0032848 -0.000351099 -0.0040104 -0.0059238 -0.00541039 -0.00322615 0.00481649 0.00319299 -0.00202628 -0.00450699 -0.00062804 -0.00062335 -0.00983065 0.00141938 0.000142122 -0.00973392 -0.00301993 -0.0067509 0.009691 -0.00517293 -0.00204475 0.00317442 -0.0024603 0.000146161 -0.00371208 0.000478633 0.00130271 -0.00626527 0.00662016 0.00341231 -0.00359838 -0.00309542 7.82076e-05 -0.00119908 -0.000872176 -0.0045363 -0.00647099 -0.00651571 -0.00615737 0.000460197 -0.00203433 -0.00101525 -0.00246446 0.000435011 -0.00333534 -0.00240277 -0.00186698 -0.00469959 -0.00332332 -0.00226375 -0.00449506 0.00356639 -0.000779294 -0.00111694 0.00436019 0.00325995 -0.0020604 0.0020208 -0.00500477 0.00433553 -0.000367434 0.00134786 0.000726985 -0.00185996 0.001319 7.49673e-05 0.000258645 -0.000912494 0.00634744 -2.44809e-05 0.00288142 -0.00032839 -0.00592412 0.00228388 -0.00426778 0.00199742 -0.00560233 -0.0034066 0.00295935 
0.00319296 0.00451731 0.00135195 0.106264 0.00304092 0.00179109 0.00144278 0.00400901 -0.00506405 0.00418698 0.0059498 -0.00497888 -0.00116324 0.00589167 -0.0038999 0.00917553 -0.00112453 0.00207341 -0.002845 -0.00559921 -0.00413187 -0.00255647 -0.00202229 -0.00214625 -0.0076295 0.00411202 -0.00890849 -0.00916753 0.00102574 -0.00539824 0.00295947 0.00233287 0.00355502 -0.00495327 -0.00196446 -0.000279632 -0.00785088 -0.00472152 -0.00218284 0.00174798 -0.0077592 0.000771081 -0.00834765 0.00174483 -0.000488902 0.00421734 -0.00182905 -0.00111705 0.00469209 -0.00489829 0.00590922 0.00235181 -0.00190065 0.00411901 -0.00340246 -0.00764428 -0.00287417 -0.00239964 -0.00938857 -0.00747573 0.00697174 -0.00476466 0.00522937 0.000295522 -0.00205017 -0.00558545 0.00359318 -0.00267527 0.0034265 -0.00229846 -0.00184328 -0.00850435 -0.000448055 -0.00727481 0.00121627 -0.000181122 -0.00764933 -0.00135333 -0.00594796 0.00011308 0.000605314 -0.00363548 -0.00460813 -0.00500721 -0.00311757 -0.00122892 0.00106271 0.00270273 -0.00250956 0.00329149 0.00533775 0.00132896 -0.00414643 -0.00609814 0.00279913 0.000873419 0.00439779 -0.00296715 -0.00136596 -0.00229597 
0.0131095 0.00733461 0.0091172 0.00304092 0.130042 0.000901634 0.00299811 0.000141179 0.00107404 0.0107193 0.0111022 -0.00256809 0.00132615 0.00335532 -0.000885566 0.00121279 -0.00744153 0.00770707 0.00343857 0.0029966 0.00110193 0.00164909 -0.00263906 -0.00503598 -0.00295442 -0.00465829 -0.0119701 -0.00090571 -0.00423575 0.00527602 -0.00667838 -0.00105579 -0.00397886 -0.00390506 0.00249086 0.00632898 -0.00187335 0.000489559 -0.00627179 0.00843935 -0.010147 -0.01243 -0.00481642 -0.00370574 9.89422e-05 -0.0023893 -0.000989867 -0.00731708 0.00273669 -0.00538142 0.00708658 -0.00670779 -0.00268102 0.00246459 -0.00104559 -0.00045808 -0.0079607 -0.00264707 -0.00356835 -0.00799329 -0.00363991 0.0030812 -0.00114543 -0.000249225 -8.56362e-05 -0.00352666 -0.00841944 -0.00521482 -0.00524332 -0.00215196 -0.00633241 -0.00909184 -0.00589308 -0.00966009 -0.00385196 0.00186652 0.0037305 -0.00209831 -0.0032956 -0.00939802 0.00136793 -0.00103611 0.00555305 -0.00288412 -0.00111385 0.00173152 -0.00416646 0.00090175 -0.001864 -0.00405695 0.00336933 -0.00371096 -0.00150612 -0.00708933 -0.00681877 0.00451252 -0.0035412 -0.00108461 -0.00512982 -0.00329739 
0.00187335 -0.000766317 -6.66268e-05 0.00179109 0.000901634 0.0500788 0.00316309 0.00207496 -0.00367716 0.00053279 -0.000964293 -0.000997421 -7.63351e-05 0.000998436 0.00182306 -0.000460313 0.000463752 -0.00422124 -0.00410429 0.00173682 0.00446601 -0.00266205 -0.00105631 -0.000351078 -0.00551408 -0.00183534 -0.00527388 0.000331952 -0.000854377 -0.00168135 -0.000328027 -0.00232929 -0.00166708 -0.0017846 -5.78035e-05 0.00242621 -0.00158606 -0.00128848 -0.000439792 0.000158101 0.00399718 0.000160539 0.0015072 0.000163998 -0.000304354 -0.00157231 -0.000462126 -0.00101846 -0.00152133 -0.0011143 -0.00240563 -0.00261349 0.000850419 0.00164412 -0.000554002 -0.00352316 0.000424569 -0.00205029 -1.03731e-06 0.000680704 0.00348402 -0.00141122 -0.00123805 3.63307e-05 -0.00231883 0.00336897 -0.00163893 0.000137134 -0.00203673 -0.00120896 -0.00350077 -0.00263857 -0.000209497 -0.00194075 0.000706198 -0.000519457 0.000235977 0.000743039 -0.00362537 0.000594389 -0.00138529 0.00136008 -0.000446128 1.56393e-05 -0.000631831 -0.000218291 0.00110956 0.00076965 -0.000381948 -0.00250527 0.00150422 -0.000876918 -0.00137707 -0.0026216 -0.000885364 0.00445583 0.000122841 -0.00434666 0.00145926 -0.00320432 
-0.00149633 0.00872166 -0.000472039 0.00144278 0.00299811 0.00316309 0.100086 0.000844067 -0.000396194 -0.00145697 0.0156359 0.00168242 0.00030926 0.000257413 0.00289939 0.00789643 -0.00272213 -0.00330637 -0.00307573 -0.00473156 -0.00354295 -0.00657212 -0.00300118 -0.00821829 0.00416953 -0.00281433 -0.00867337 -0.00544816 -0.0106432 -0.00215123 -0.000786909 0.00298372 -0.00418882 0.00239404 -0.000235179 0.000757306 -0.0031494 -0.00330422 -0.00806862 -0.00441724 0.0039739 -0.000876931 -0.00178589 -0.00153177 0.000246238 0.00231945 -0.00107821 0.0010959 -0.00301485 0.00567686 -0.00221236 -0.000877143 0.0026559 -0.00272792 -0.00124662 0.000884539 0.000257851 -0.0029119 -0.00484776 -0.00351307 -0.00693604 0.000625972 0.00144135 -0.0003793 -0.00442586 -0.00443845 -0.00181383 -0.00227774 0.00117129 0.00183225 -0.00476162 0.000313777 -0.000909655 -4.10955e-05 -0.00370115 0.00316224 -0.00345566 -0.00299193 0.00238087 0.00203781 0.0045022 -0.00437432 -0.00319697 -0.00118017 0.00265003 0.000797936 -0.00423301 0.00186881 0.00113273 -0.00482792 0.000197541 -0.00140036 0.00107245 -0.00584689 -0.00290666 0.00032006 -0.0040257 -0.00568775 -0.00196928 -0.00358081 
0.0111396 0.0042003 0.00277515 0.00400901 0.000141179 0.00207496 0.000844067 0.190604 -0.00250975 -0.0038248 0.00248408 -0.00604794 0.00236365 -0.000805328 -0.00578496 0.0026728 0.00193383 -0.00486278 -0.0181447 -0.00930749 -0.00529627 -0.00304587 -0.00862928 -0.0120588 0.000325476 -0.0128754 -0.0188966 0.000657871 -0.00480825 -0.0104794 -0.00921004 -0.00598645 -0.00993905 -0.0101553 0.00874978 -0.00951783 -0.000213616 0.0016423 -0.00436116 0.000553645 -0.00748919 0.000574944 -0.000847378 -0.00109135 -0.000836305 0.002652 0.00119395 0.00406366 -0.0015487 0.00406626 0.0014537 0.00258223 -0.00072931 -0.00398806 0.00157294 0.00265407 -0.00305971 -0.00840238 -0.0061715 -0.00107094 -0.00404657 -0.00730339 -0.0017036 0.000409607 0.017555 0.00232252 -0.0102508 -0.000624807 0.0104171 -0.00911584 -0.0103509 -0.00495762 -0.00620446 0.00767061 -0.0154283 0.000813186 -0.0122432 -0.00339963 0.00441323 -0.011126 0.0202166 -0.0044739 0.00176915 -0.00170854 -0.00224449 -0.00501249 -0.00572163 0.00237248 -0.00835559 -0.0138493 0.00405817 -2.92954e-05 -0.00791598 0.00945373 -0.00969005 0.00280099 0.0072345 0.010679 0.000784078 0.00679669 
-0.00773007 -0.00234411 -0.00313876 -0.00506405 0.00107404 -0.00367716 -0.000396194 -0.00250975 0.155931 0.000212334 0.00694097 -0.00611637 0.00114153 0.00227983 -0.00556645 -0.0069283 0.0065041 0.0126588 0.00863097 -0.00735287 -0.00821704 -0.00414503 -0.00601544 -0.00570513 0.00251632 -0.00537431 0.0156334 0.000627483 -0.0065054 0.000155049 0.000680321 -0.00463247 -0.00365022 0.00450879 -0.00322769 0.000402018 -0.000562621 0.00701656 -0.000114001 -0.00830735 -0.0117786 -0.0105932 -0.00691487 -0.00123851 0.00140497 -0.00741335 -0.00170431 -0.00525803 0.00573276 -0.00320479 -0.00118524 0.00237965 -0.000873678 -0.00563898 -0.00069852 0.00156816 0.00659968 -9.52775e-05 -0.0093592 -0.00363046 -0.00850633 0.00190293 -0.00515067 -0.00174062 -0.00496483 -0.00144159 0.0103902 -0.00129543 -0.00215787 -0.0102158 -0.00587074 -0.00424239 -0.00296398 -0.00602696 -0.00293499 -0.000735136 0.00372077 0.00391522 -7.37185e-05 0.00327703 -0.00393271 0.00353986 0.00120781 -0.00051529 0.00152663 0.000745663 0.00308488 -0.00440838 0.00040692 -0.0081319 -0.00480671 -0.0051688 -0.00439565 -0.00457716 0.000467642 -0.00717694 -0.00137726 0.00583669 0.00156203 -0.00650288 
0.00388203 -0.00714292 -0.00845913 0.00418698 0.0107193 0.00053279 -0.00145697 -0.0038248 0.000212334 0.152352 -0.0117234 0.00553767 0.000165102 0.000134749 0.00516252 -0.00566292 -0.00605952 0.00710617 0.0118236 0.0189605 -0.00325725 -0.00228669 0.000993766 -0.0116892 -0.0135134 6.1303e-05 -0.0117743 0.00570154 -0.0150758 0.00373613 -0.00340483 -0.000379982 -0.00497361 -0.0131537 -0.00167578 -0.00140335 0.00716017 -0.00791209 0.0191694 -0.00464638 -0.000698662 -0.00845467 -0.00296336 -0.00345573 0.00134828 -0.00149334 -0.00239683 -0.00216751 0.00157212 -0.00875798 -0.00111459 -0.00222218 -0.00411989 0.00180717 0.00295563 -0.00727116 0.00438503 0.00183439 -0.00401579 0.0169495 -0.00741859 -0.00133211 0.00305481 0.00402827 -0.00169 0.00311382 0.00343057 -0.00446971 -0.00195022 -0.0025704 -0.0050213 0.00317448 -0.00250478 -0.005944 -0.00461605 -0.00621057 -0.000203011 -0.00324125 -0.00916596 0.00145721 -0.00867412 -0.00390153 -0.00604463 0.000696314 0.000897605 0.00276563 -0.00465723 5.25858e-05 -0.000515441 -0.0163847 0.00905083 -0.0123118 0.00619597 -0.0168239 0.00265851 0.00249393 -0.00641568 -0.00696699 0.00188713 -0.00576662 
0.0063821 -0.00202137 -0.00154593 0.0059498 0.0111022 -0.000964293 0.0156359 0.00248408 0.00694097 -0.0117234 0.205575 0.00396541 0.00190353 -0.00538813 -0.00392772 0.0161958 -0.00546709 -0.0153947 -0.00984322 -0.0169421 6.32034e-05 -0.0156768 -0.000660558 0.0138458 0.0243977 -0.00993148 0.00744183 -0.015774 0.000706206 -0.0103475 0.00268008 0.0148413 0.000682299 0.0073022 -0.00259787 -0.000767775 0.00428951 0.000254115 -0.0204244 -0.0104186 0.00665796 0.000721164 -0.0161745 -0.00292336 -0.00418073 -0.00146325 -0.000517225 -0.00769182 -0.00623594 -0.00110562 -0.000256831 -0.00607325 -0.00108931 -0.0161339 -0.0067312 0.0137478 -0.0150959 -0.00505508 -0.00621939 -0.0137669 -0.00810203 -0.00306292 4.71531e-05 -0.00774449 -0.0117906 -0.00900663 0.00291968 -0.00370431 0.00236048 -0.00990099 -0.00384719 -0.00602079 -0.0048389 -0.00146553 -0.0112001 0.00016209 0.00208834 0.000914955 0.000442108 0.00712709 0.00831212 0.00497503 -0.00420123 -0.00397639 0.000224394 -0.00605662 -0.0117188 0.00283208 0.000375343 -0.00453625 -0.00668115 0.00682256 -0.00878418 0.0167889 -0.0128515 -0.00950714 0.00322089 0.00848919 -0.0111319 -0.0112078 
0.00209633 -0.00487415 0.00226729 -0.00497888 -0.00256809 -0.000997421 0.00168242 -0.00604794 -0.00611637 0.00553767 0.00396541 0.15286 0.000360294 0.000111033 0.0122713 -0.00266924 -0.00192617 0.00616958 -0.00259461 -0.00180466 -0.00186139 -0.00566068 0.00339903 -0.00752205 0.0135702 -0.000601145 -0.00434082 -0.00378766 -0.00374632 0.00499345 -0.000207757 0.00588199 0.00431092 -0.0130815 -0.00313096 0.00371492 -0.00729926 -0.00343666 -0.0100713 -0.00451948 -0.00351375 -0.00614938 0.00249518 -0.00550167 0.00179948 -0.00756975 0.00602355 -0.00401275 -0.00450336 0.0026498 -9.00846e-05 -0.00400894 -0.00112159 -0.00146398 -0.00465851 0.00306384 0.000488844 -0.00245848 -0.0043503 -0.00705911 -0.00161437 -0.00271611 -0.00168297 0.00232557 -0.00438271 -0.000560953 -0.00190643 -0.00200008 0.00631837 -0.0026906 0.00308119 0.0101716 0.00469429 -0.00579689 -0.00706476 -0.00375964 -0.00269242 -0.00353642 -0.00520787 -0.00033108 -0.00499679 0.00677935 0.00109685 0.00541835 -0.000131587 0.0019456 -0.00400368 -0.00158144 -0.00250389 -0.00488037 -0.00438524 -0.0086416 0.00267269 -0.00964172 -0.000274953 -0.000913669 -0.00402693 -0.018064 -0.00812272 -0.00579811 
-0.00248908 0.000686094 0.00252009 -0.00116324 0.00132615 -7.63351e-05 0.00030926 0.00236365 0.00114153 0.000165102 0.00190353 0.000360294 0.0794052 0.00847645 0.00278762 0.000825976 0.00662055 0.00136169 0.0058555 0.000954593 -0.00511997 -0.00167616 -0.00352476 -0.00295228 -0.00586835 -0.00111353 -0.000715881 0.00314347 0.000315811 0.00540509 -0.00264804 0.00118682 0.00159104 -0.0116266 -0.00108765 -0.00344164 -0.00256206 -0.00251281 -0.0057362 0.00157229 -0.00690796 -0.00652517 -0.00461759 -0.00172637 0.000249613 0.00220088 0.00148492 0.00251212 -0.00863163 0.00039354 0.00242532 -0.00156188 -0.00324676 -0.00512919 -0.00102845 0.00121178 -0.000339265 0.00213912 -0.00569 -0.00521609 0.00196413 0.00384493 0.00154447 0.000151355 -0.00594438 -0.00102141 -0.00220412 -0.00158395 -0.000892351 -0.00291342 0.00188984 0.00405429 0.00044745 -0.00272494 -0.00399726 0.00359589 0.00174163 -0.000441589 -0.0030423 -0.00524511 -0.00330615 -0.00170822 -0.00226829 0.00120562 -0.000384378 -0.000961946 -0.0018493 -0.000272833 0.00323746 -0.00504918 -0.00289817 -0.00270153 -0.0010651 -0.00171757 -0.000500038 -0.00485589 -0.000438903 -0.0014702 -0.00110509 0.000926382 
-0.00843152 0.00124493 -0.00106248 0.00589167 0.00335532 0.000998436 0.000257413 -0.000805328 0.00227983 0.000134749 -0.00538813 0.000111033 0.00847645 0.113626 0.00798167 0.00195117 0.0035172 0.0105864 0.0053214 0.00293187 -0.00144856 0.00645471 0.00486666 -0.00105135 -0.00265189 0.00805225 -0.00252634 0.00130424 -0.0059232 -0.00507585 -0.00434856 -0.00284883 -0.00244252 -0.00805779 -0.00312118 0.00402588 0.00214125 -0.00103475 -0.00558719 0.00590937 -0.00570068 -0.00404323 -0.00707486 -3.29537e-05 -0.000942758 -2.76289e-05 -0.00260791 -0.00208748 -0.00900101 -0.0044757 -0.00180591 0.0004385 -0.00485043 0.00508498 -0.00311591 -0.00297171 -0.00184927 0.00392797 -0.00624712 -0.00373429 0.00563732 0.00354142 0.00376656 -0.00390804 -0.00283385 -0.0038731 -0.00498791 -0.00187071 0.00377616 0.00394209 -0.00183832 0.00153545 -0.00375683 0.000366307 -0.000818785 0.0042013 -0.00540235 -0.00281769 -0.00541714 -0.00238025 -0.00634808 -0.00889914 -0.00503893 -0.00110776 -0.00164726 -0.000900823 -0.00293346 -0.00217644 -0.00464741 -0.00858516 0.00376126 -0.00468189 -0.00588663 -0.0113485 -0.00596767 -0.00505805 0.00454193 -0.0100384 0.00505368 -0.00344962 
5.58492e-05 -0.00431572 0.00189671 -0.0038999 -0.000885566 0.00182306 0.00289939 -0.00578496 -0.00556645 0.00516252 -0.00392772 0.0122713 0.00278762 0.00798167 0.132409 -0.00642854 -0.00322667 0.0208839 0.0115119 0.0182082 0.00357507 0.00324319 0.00458355 -0.00495867 -0.0100279 0.00471283 -0.0116964 0.006246 -0.0149636 -0.00766813 -0.00275747 0.00469355 -0.00277519 -0.00403132 -0.000530758 0.0120559 -0.00702339 -0.00525713 0.00270794 0.0105769 0.000103431 -0.0122282 -0.00760018 0.000192004 -0.00231462 0.00307255 -0.00161972 -0.000293404 -0.0040722 -0.00119738 -0.00112703 -0.00454724 -0.00262721 0.00378937 -0.00475986 -0.0116034 -0.00473912 -0.0112374 0.00190452 -0.00240944 0.00390357 -0.00171868 -0.0025886 -0.00592775 -0.0047909 0.00622131 -0.00165011 -0.00260358 -0.003661 0.00174955 0.000404061 0.0029975 -0.00455687 -0.00277198 -0.00471123 -0.000781413 -0.00318065 -0.00501017 -0.00136972 -0.00990421 -0.00479954 -0.00361369 -0.000806961 0.00109304 -0.000742907 -0.00115212 -0.00115494 -0.0051355 -0.000411242 -0.00130495 0.000953269 -0.00751545 -0.00448486 -0.00923108 -0.00108361 -0.0022777 0.00184458 -0.0121517 -0.00273959 -0.00658023 
0.0116958 0.00460772 -0.00322796 0.00917553 0.00121279 -0.000460313 0.00789643 0.0026728 -0.0069283 -0.00566292 0.0161958 -0.00266924 0.000825976 0.00195117 -0.00642854 0.140967 -0.00152722 0.00500566 -0.0018987 0.000105064 0.00534063 -0.00776534 -0.00317681 -0.00828735 0.00356709 0.00730451 -0.007368 -0.00584094 -0.00310498 0.00113703 -0.00463902 0.00271578 -0.00138275 -0.00448606 0.00160294 -0.000692241 -0.00218432 0.00322924 -0.0170703 0.00132672 8.70167e-05 0.0132614 -0.0038157 0.0004531 -0.000260986 -0.00189196 -0.00454925 -0.00319538 -0.00483737 0.000606836 0.00148956 0.00476568 0.00244338 -0.0032582 -0.00168934 0.000251272 -0.00394083 5.87527e-05 -0.0110422 -0.0105875 -0.0029659 -0.00574329 -0.0010054 -0.00628406 -0.0106674 -0.00813855 -0.0106554 -0.00483681 -0.00515431 -0.00299592 0.00127033 -0.00310451 -0.00443808 -0.00356969 -0.00392097 2.6558e-05 -0.00570334 -0.0028419 -0.0101951 -0.00273584 -0.00841785 -0.00478097 -0.008067 -0.0106435 0.00124675 0.000215537 -0.00579033 0.000538561 0.0021255 -0.00735474 -0.00197636 0.00815071 0.00404131 0.0133369 -0.000892172 0.00373737 0.000227102 -0.00409549 0.0037703 0.000205312 
-0.0032911 -0.00231514 0.0006815 -0.00112453 -0.00744153 0.000463752 -0.00272213 0.00193383 0.0065041 -0.00605952 -0.00546709 -0.00192617 0.00662055 0.0035172 -0.00322667 -0.00152722 0.116906 0.00341862 0.00866185 0.0040504 -0.00413512 0.00285125 -0.00488207 -0.00196632 -0.0080566 -0.00418272 -0.0049498 -0.00660257 -0.00391271 0.00402855 -0.0061471 -0.000908639 0.00222631 -0.00395135 -0.00237626 -0.00684057 0.0026341 -0.00652482 -0.0060313 -0.00327469 -0.00874788 -0.0122889 -0.00233728 -0.00397155 0.0011166 -0.0047973 0.00206213 0.0021529 -0.0108658 -0.000232908 -0.00258581 0.00472984 0.00094885 0.00285491 0.00316123 0.005875 0.000372769 -0.000872132 -0.00669409 -2.49621e-05 0.00399393 0.0050523 -0.00276436 -0.00514939 -0.00385133 -0.00325985 -0.00720506 -0.00285587 0.000105537 0.00742545 -0.00499291 -0.00367094 0.00408031 -0.00238762 -0.00412349 -0.00111245 -0.00265152 -2.6633e-05 0.000428097 0.00178685 -0.00135374 -0.00578557 -0.00337175 0.00295757 0.000890063 0.00165863 -0.0030577 -0.0013903 -0.000218901 -0.00419461 0.00355284 -0.00805097 -0.0012054 -0.00177986 0.00843652 0.00153765 0.00344462 0.00369545 -0.000561647 0.0014662 
-0.000837026 -0.00379219 0.000879728 0.00207341 0.00770707 -0.00422124 -0.00330637 -0.00486278 0.0126588 0.00710617 -0.0153947 0.00616958 0.00136169 0.0105864 0.0208839 0.00500566 0.00341862 0.204069 0.0304992 0.0206435 0.0120196 0.0102303 -0.004001 -0.00688779 -0.0121488 0.00998495 -0.0066317 0.0161508 -0.0110685 -0.0033011 -0.00608036 0.0106 0.000187183 -0.00380674 0.00345602 0.00146287 0.00203529 0.0098316 -0.0026535 0.0147893 -0.02497 -0.0123291 -0.00331833 -0.000704126 0.00108037 -0.00553666 0.00189233 -0.00273398 -0.00647063 -0.00660116 -0.0024102 -0.000490386 -0.00589847 0.00873317 -0.00148798 -0.0078975 -0.00263588 0.00394154 -0.0026708 -0.0166115 0.00035784 0.00515985 -0.00284474 -0.0122146 -0.017461 -0.00958384 -0.00266617 -0.00534641 -0.012708 0.00745372 0.000861822 9.38113e-05 -0.00532628 -0.00944853 -0.0167597 -0.00166256 -0.0065167 -0.000511252 -0.0192245 -0.0140788 -0.00962834 -0.0126977 0.00664361 -0.0031526 0.00414568 -0.00310315 0.000610995 -0.0135154 -0.00931612 -0.024222 -0.00790496 -0.00880897 -0.00840654 -0.00645637 0.0014613 -0.00203776 -0.00615269 -0.0094913 -0.00755443 -0.00568487 
-0.00922628 0.000460094 -0.00402552 -0.002845 0.00343857 -0.00410429 -0.00307573 -0.0181447 0.00863097 0.0118236 -0.00984322 -0.00259461 0.0058555 0.0053214 0.0115119 -0.0018987 0.00866185 0.0304992 0.151817 0.015998 -7.27999e-05 0.0123333 0.0059283 -0.00664381 -0.00924498 -0.002822 -0.00268685 0.00577067 -0.00613729 0.00853462 0.00185115 0.00608618 0.00226661 -0.00242036 -0.00065449 -0.00318688 0.00234713 0.00224717 -0.00570556 -0.00247579 -0.0186719 -0.00178018 0.000418855 -0.0013897 0.000970438 -0.00844493 -0.00351581 -0.00331945 -0.0043099 -0.0104048 -0.00337487 -0.00233927 0.00151085 0.00183066 -0.00399038 -0.00847982 -0.00510246 0.000427908 0.00516969 0.00985935 0.00207911 0.00151339 -0.00129016 -0.00122684 -0.0107038 -0.0027579 -0.00255239 -0.00207764 -0.00755992 -0.00165212 -0.00142119 -0.000633407 0.00147178 -0.00970743 -0.000645887 0.00115623 -0.00341839 -0.00235103 -0.0118546 0.00461062 -0.00848645 -0.00983244 -0.00483034 0.00483688 -0.0021682 -0.00225127 -0.00280076 -0.00587424 -0.00272651 -0.014973 -0.00176401 -0.0103159 6.47143e-05 -0.0213494 -2.94188e-05 -0.00375345 -0.00552434 0.00239926 -0.0101599 -7.78181e-05 
0.00504317 -0.0065437 -0.000883762 -0.00559921 0.0029966 0.00173682 -0.00473156 -0.00930749 -0.00735287 0.0189605 -0.0169421 -0.00180466 0.000954593 0.00293187 0.0182082 0.000105064 0.0040504 0.0206435 0.015998 0.150579 0.0330732 0.00812734 0.0160525 0.00260857 -0.0161749 0.000974496 -0.0165865 -0.00379358 -0.0180249 -0.000418925 -0.00675998 0.00014703 -0.00593439 -0.0115925 0.00117569 -0.00493974 0.000375264 -3.20741e-06 0.0120584 0.00694008 -0.00573606 0.000237876 0.00531735 -0.00284497 0.00152665 -0.00864079 -0.00308543 0.00167079 -0.00816409 0.00385579 -0.0039527 -0.00193324 -0.00593267 0.00312301 -0.00144433 -0.0130356 0.00583439 0.00432686 0.00592025 -0.00112342 -0.000789584 0.00133714 0.00148735 -0.00674964 -0.00962636 -0.00409444 0.000473408 -0.00770445 -0.0104372 0.00248443 0.00110844 0.00655154 0.00179109 -0.00977906 -0.00218308 -0.000263503 -0.00533909 -0.00268184 -0.0150305 -0.0122899 -0.0107 -0.0104556 -0.00316124 6.77701e-05 -0.00306922 0.00272082 0.00130252 -0.00301463 0.00155958 -0.0204776 0.00503493 -0.00236442 -0.00376184 -0.0239039 -0.000512753 0.0109468 -0.00364291 -0.0152705 0.000126602 -0.0119553 
-0.000294025 -0.00648337 -0.00302847 -0.00413187 0.00110193 0.00446601 -0.00354295 -0.00529627 -0.00821704 -0.00325725 6.32034e-05 -0.00186139 -0.00511997 -0.00144856 0.00357507 0.00534063 -0.00413512 0.0120196 -7.27999e-05 0.0330732 0.129496 0.00884503 0.0164539 0.002703 0.000777579 0.00448002 -0.00974933 -0.000800068 -0.00917637 -0.00461314 -0.00505305 0.00317557 -0.00335459 -0.00560628 -0.00159856 -0.00696373 0.00733652 0.00627482 0.000565494 0.00605264 0.00320279 0.00574778 0.00302866 0.00115187 0.00126826 -0.00390783 -0.00461208 -0.0038239 -0.00497756 -0.00674987 -0.00287751 -0.00416796 -0.00330269 0.00942474 -0.00337001 -0.00584701 0.00591018 0.0135686 0.00925457 -0.00648271 0.000909734 -0.00464193 -0.000607969 -0.00839473 -0.0143257 -0.00791797 0.000743772 -0.00754519 -0.0074902 0.00323487 -0.00411171 -0.00503848 -0.0071146 -0.00554288 -0.00685997 -0.00344634 -0.00894912 0.00160195 -0.0127328 -0.0125872 -0.0109456 0.000908637 0.000889353 -0.0011411 -0.00149731 -0.00204183 0.00157457 -0.000663928 0.00183795 -0.0135838 -0.00262045 0.000853066 -0.00737361 -0.00500165 -0.00163894 0.00823749 0.00217514 -0.0067159 0.0036711 -0.0105411 
-0.00612354 -0.00548211 -0.0032848 -0.00255647 0.00164909 -0.00266205 -0.00657212 -0.00304587 -0.00414503 -0.00228669 -0.0156768 -0.00566068 -0.00167616 0.00645471 0.00324319 -0.00776534 0.00285125 0.0102303 0.0123333 0.00812734 0.00884503 0.124442 0.0110761 -0.000565759 -0.00876081 -0.00366093 -0.00467714 -0.00253364 -0.011813 0.00212456 -0.00623171 -0.000258305 0.00081784 -0.00316196 -0.0011259 8.48009e-05 0.0122405 -0.00690715 0.011481 -0.000992896 -0.00902243 -0.00728831 -0.00465684 0.002221 -8.30094e-05 0.00263928 -0.000950844 -0.00657388 -0.00318563 -0.00654764 -0.00475026 -0.00271131 -0.00424202 0.00380241 -0.00121532 -0.00111265 7.35979e-05 -0.000268061 0.0123732 0.00234721 9.70093e-05 0.0015219 0.000638815 -0.00331428 0.00221118 -0.00399511 0.00243646 -0.0030164 -0.0110103 0.00526128 -0.00940227 0.00263617 0.000532781 -0.00341753 0.000749946 -0.000725081 -0.00566875 -0.000394584 0.000246551 -0.00884373 -0.00899969 -0.00814535 0.000436214 -0.00429304 -0.00149832 -0.00268794 -0.00381022 -0.00323357 -0.00453925 0.00805152 -0.00163601 -0.000857368 -0.00177025 -0.00946573 0.0007717 0.00512562 0.0027336 0.00183132 -0.0029585 -0.000821428 
-0.00403619 -0.00463072 -0.000351099 -0.00202229 -0.00263906 -0.00105631 -0.00300118 -0.00862928 -0.00601544 0.000993766 -0.000660558 0.00339903 -0.00352476 0.00486666 0.00458355 -0.00317681 -0.00488207 -0.004001 0.0059283 0.0160525 0.0164539 0.0110761 0.131921 -0.00409942 -0.0123477 0.00971494 -0.0071558 -0.0019017 -0.0127508 -0.0109813 -0.000826457 -0.00265234 -0.00499902 -0.00713606 -0.00345576 -0.00364551 0.00330971 0.00614142 -0.000541873 -0.000827658 -0.00193718 0.00262077 -0.00138863 -0.00368201 -0.0016522 -0.00057885 0.00179597 -0.00466278 -0.00296028 -0.00320415 -0.00647942 0.000167305 -0.000787249 0.00729902 -0.00338806 -0.00855143 0.00477297 0.00239573 0.00377264 -0.00272374 0.00344839 0.00242272 0.00179323 -0.00250026 -0.00219871 0.00148062 0.00330273 -0.00351409 -0.00456227 0.00236921 0.000577615 0.00256475 0.00588641 -0.00571299 0.00794525 -0.00447891 -0.00654118 -0.00213475 -0.00274123 -0.0086098 -0.0095879 -0.00206147 -0.00468448 -0.00247755 0.000571484 0.000497866 0.00245646 -0.00467018 0.0069853 -0.00360585 0.00117196 -0.00261316 -0.00651964 -0.0147709 0.000549375 -0.00137019 0.00573034 -0.017597 -0.003188 -0.00693382 
-0.00104969 -0.00818993 -0.0040104 -0.00214625 -0.00503598 -0.000351078 -0.00821829 -0.0120588 -0.00570513 -0.0116892 0.0138458 -0.00752205 -0.00295228 -0.00105135 -0.00495867 -0.00828735 -0.00196632 -0.00688779 -0.00664381 0.00260857 0.002703 -0.000565759 -0.00409942 0.160471 0.0101141 -0.00761451 0.0143896 -0.00322505 -0.00595229 0.00367405 7.88543e-05 0.00468956 0.00287073 0.00119465 -0.00301042 0.00551706 -0.00213506 -0.0113705 0.008219 -0.00786913 0.00151144 0.0147067 -0.0038396 -0.00485098 -0.00348749 0.00487016 -0.00442906 -0.00151144 -0.00161078 -0.0040947 0.00352952 -0.00455368 -0.0013481 -0.00925016 -0.00596137 0.00411282 -0.00423474 0.00224866 0.00433061 -0.00319786 0.00234111 -0.00342041 0.000353175 0.00323223 -0.00152745 0.00297074 0.00146707 0.00475567 -0.0018143 -0.00527895 -0.000954637 -0.00316559 -0.0079108 0.0014977 -0.00106569 0.00111428 0.00223424 -0.00111302 -0.00896378 0.00188265 -0.00553356 -0.00471037 -0.00683169 -0.00892398 -0.00304672 0.000710147 -0.0011703 -0.00530943 -0.00211225 0.0025492 -0.0033327 0.000480299 -0.00582947 0.0135175 -0.0114774 -0.00297672 -0.00356215 -0.000676403 2.4671e-05 -0.00717182 
-0.00738055 -0.0057666 -0.0059238 -0.0076295 -0.00295442 -0.00551408 0.00416953 0.000325476 0.00251632 -0.0135134 0.0243977 0.0135702 -0.00586835 -0.00265189 -0.0100279 0.00356709 -0.0080566 -0.0121488 -0.00924498 -0.0161749 0.000777579 -0.00876081 -0.0123477 0.0101141 0.198073 -0.00360905 0.0145531 -0.00460626 0.000268589 -0.0024243 -0.000645463 0.000114104 -0.00644831 0.00760444 -0.00333953 -0.00298283 -0.0115727 -0.000710659 -0.00850767 -0.00643681 0.0088937 -0.000473761 -0.000814393 0.000286461 0.00105621 -0.00557209 0.00163518 -0.00102412 0.000729975 -0.00339669 -0.00214943 0.000828391 -0.000890059 -0.0126529 -0.0050557 0.0099257 -0.00197064 0.00671312 -0.00249757 -0.0202277 -0.00548732 0.0010269 -0.00408871 0.00154366 -0.0107321 -0.00560215 -0.00331959 -0.00349004 0.00840013 -0.00907042 0.00240284 -0.00867024 -0.0048417 0.0109029 0.000505589 -0.00524425 -0.00849877 0.00124082 0.00424753 0.00895774 0.00410563 0.000791576 -0.0015852 0.000728895 0.00198175 0.0011096 0.0029526 0.00296816 -0.00200653 -0.00521116 -0.00995535 0.00547669 -0.010597 0.0102497 -0.00694269 -0.00428933 -0.00803482 -0.00828916 -0.00314198 -0.00864165 
-0.0049223 0.00214621 -0.00541039 0.00411202 -0.00465829 -0.00183534 -0.00281433 -0.0128754 -0.00537431 6.1303e-05 -0.00993148 -0.000601145 -0.00111353 0.00805225 0.00471283 0.00730451 -0.00418272 0.00998495 -0.002822 0.000974496 0.00448002 -0.00366093 0.00971494 -0.00761451 -0.00360905 0.119357 -0.00651942 -0.00301284 -0.000803768 -0.00121019 0.000549121 -0.000801556 0.00160652 0.00181862 -0.00124393 -0.00116548 0.00691467 -0.00114796 -0.00319294 -0.000641091 -0.00667554 0.00385688 -0.00323319 0.000224239 0.000173104 -0.00192354 0.00105554 -0.00321104 0.000395496 -0.00213188 0.00423768 0.00282961 -0.00318959 0.0100971 -0.00234907 -0.0139454 0.00405363 0.00734936 0.00152454 -0.00339457 0.00477502 -0.00260438 0.000328255 -0.00117142 -0.00559755 -0.00161404 -0.00305416 -0.00651236 -0.00332367 0.00355942 0.00464155 0.00519429 -0.000734817 -0.00550049 -0.00130014 0.000686497 -0.00401776 -0.00336441 -0.00241647 -0.00213346 -0.0120026 -0.00278653 -0.000821935 0.00438485 0.00229131 -0.00125075 0.00379064 -0.0049479 0.00712957 -0.00346338 -0.0036032 -0.00473172 -0.00749007 -0.0066985 -0.00136393 -0.00539655 0.000248704 -0.0125061 -0.00211375 -0.0108762 
-0.0131641 -0.00742931 -0.00322615 -0.00890849 -0.0119701 -0.00527388 -0.00867337 -0.0188966 0.0156334 -0.0117743 0.00744183 -0.00434082 -0.000715881 -0.00252634 -0.0116964 -0.007368 -0.0049498 -0.0066317 -0.00268685 -0.0165865 -0.00974933 -0.00467714 -0.0071558 0.0143896 0.0145531 -0.00651942 0.186128 -0.00395412 0.0193905 0.00216533 0.00636147 0.000140092 0.0130092 -0.00146144 -0.00615221 -0.00325168 -0.00578262 0.0107404 0.00319533 -0.00592411 0.00391302 -0.0023456 -0.0033911 -0.00412152 -0.00394946 -0.00179106 -0.0152363 -0.00461535 -0.00638122 -0.00710701 -0.00496465 0.00517893 -0.00263137 -0.006532 0.00232315 0.0135786 -0.00291847 -0.0116336 0.00309435 -0.000785099 0.000160143 0.0014873 -0.00799123 -0.000418932 -0.00260927 -0.00154377 -0.0120922 0.00562524 0.00167597 -0.00508935 -0.00239126 -0.0109262 -0.00493607 -0.00874629 0.00241376 -0.00288418 0.0015963 0.00354191 -6.91184e-05 0.0110752 -0.00631309 0.00663927 -0.00125772 -0.000944606 -0.00196275 -0.00217561 -0.00172856 -0.00281562 0.00118865 0.0157173 -0.00375959 0.00605954 -0.000432725 0.00482792 -0.00148028 -0.0193487 -0.00588454 0.00736967 0.00151079 -0.00447357 
-0.00464725 -0.0058233 0.00481649 -0.00916753 -0.00090571 0.000331952 -0.00544816 0.000657871 0.000627483 0.00570154 -0.015774 -0.00378766 0.00314347 0.00130424 0.006246 -0.00584094 -0.00660257 0.0161508 0.00577067 -0.00379358 -0.000800068 -0.00253364 -0.0019017 -0.00322505 -0.00460626 -0.00301284 -0.00395412 0.146472 0.0018742 0.00401113 -0.00291467 0.0082235 -0.00762701 -0.00513339 -0.00249533 -0.0029789 -0.0092438 -0.00221064 0.0068142 0.0054327 -0.00541187 -0.00272139 0.0087082 0.000546994 0.000149801 0.000211041 -0.00428634 -0.00223045 0.00724973 -0.00845891 -0.00402009 0.00470926 -4.77055e-05 -0.000558686 0.00621637 -0.00282008 -0.000368812 -0.00148357 -0.0067712 0.00726062 -0.00280242 0.00127479 -0.00484889 0.000512091 -0.00389177 0.00140221 -0.00746265 0.00203795 -0.0120215 1.77652e-05 -0.000233655 0.00107666 -0.00589786 -0.00670655 -0.00675619 -0.00575007 -0.00573823 -0.000907405 0.012517 -0.00836386 -0.0135467 -0.0034931 0.0111353 -0.000574408 -0.00239435 -0.00149433 -0.000497608 -0.00386617 -0.0026314 -0.0082823 -0.00444266 -0.00868826 -0.0028289 -0.0140415 0.0028943 -0.000575209 -0.00489522 0.00504765 -0.00589336 0.0125874 
-0.0117301 0.00302095 0.00319299 0.00102574 -0.00423575 -0.000854377 -0.0106432 -0.00480825 -0.0065054 -0.0150758 0.000706206 -0.00374632 0.000315811 -0.0059232 -0.0149636 -0.00310498 -0.00391271 -0.0110685 -0.00613729 -0.0180249 -0.00917637 -0.011813 -0.0127508 -0.00595229 0.000268589 -0.000803768 0.0193905 0.0018742 0.169564 -0.000902348 0.0177174 0.000684586 0.00527029 0.0173545 -0.000796143 -0.00285264 -0.00766618 0.0154648 -0.00783443 -0.00270713 -0.0196277 -0.00180145 -0.00603566 0.00204281 -0.00220158 -0.00497761 -0.00398967 0.00278923 -0.0115283 0.00451903 0.00194743 -0.00431924 -0.00123285 -0.0173959 -0.00519183 0.0046697 -0.00469787 -0.00194281 -0.00954239 -0.00426883 0.0116446 -0.00438302 -0.00151988 -0.00646811 0.00579878 -0.000698765 0.0014257 0.00785778 -0.00295933 -0.0142558 -0.003856 -0.0162554 -0.00624526 -0.0103349 0.0160281 -0.0045043 -6.38588e-05 0.000343955 -0.00338965 0.00522519 0.00398345 0.00539341 0.000116401 0.0150932 -0.00495085 -0.00216878 0.00319848 -0.00334007 -0.00523094 -0.0179501 -0.00370654 0.01215 0.000416119 0.00501444 -0.00520674 -0.0135591 0.0230748 0.0185444 0.000141066 0.00652218 
-0.00229845 0.00227218 -0.00202628 -0.00539824 0.00527602 -0.00168135 -0.00215123 -0.0104794 0.000155049 0.00373613 -0.0103475 0.00499345 0.00540509 -0.00507585 -0.00766813 0.00113703 0.00402855 -0.0033011 0.00853462 -0.000418925 -0.00461314 0.00212456 -0.0109813 0.00367405 -0.0024243 -0.00121019 0.00216533 0.00401113 -0.000902348 0.138401 0.000452159 -0.000530782 -0.0017465 0.00602958 -0.00167612 -0.00217022 -0.00624096 -0.00112796 -0.000475754 -0.00517087 0.00155649 -0.0074441 0.000714514 -0.00635082 0.000237615 -0.0042835 -0.00197441 -0.00386979 0.00328092 -0.00800891 -0.00310214 0.000736801 -0.000813095 -0.00305821 -0.00032451 0.00352154 -0.00234483 -0.00362058 -0.00450261 -0.000935807 -0.0128035 0.00131111 -0.00249437 0.00146201 -0.0093285 -0.00118014 -0.00300144 -0.0015759 -0.00328203 -0.00823028 -0.000567355 0.013542 0.000659012 -0.00549656 -0.0031861 0.000264409 0.0048727 -0.000172412 0.000788864 -0.00184291 -0.00753707 -0.000747603 -0.00221432 -0.00670522 -0.00297329 0.000343829 -0.00149805 0.000356943 -0.000348618 -0.00444837 -0.00064212 -0.0046253 0.00525979 -0.0041686 0.000731015 -0.000672066 -0.00471979 0.00451394 -0.00829131 0.00695399 
-0.00714831 -0.00251884 -0.00450699 0.00295947 -0.00667838 -0.000328027 -0.000786909 -0.00921004 0.000680321 -0.00340483 0.00268008 -0.000207757 -0.00264804 -0.00434856 -0.00275747 -0.00463902 -0.0061471 -0.00608036 0.00185115 -0.00675998 -0.00505305 -0.00623171 -0.000826457 7.88543e-05 -0.000645463 0.000549121 0.00636147 -0.00291467 0.0177174 0.000452159 0.111023 -0.00170497 0.00454441 0.00990783 8.14153e-05 0.00480313 -0.00477806 0.00102646 0.00270045 -0.00823541 -0.000897513 -0.00827718 -0.00676278 0.000231576 -7.74917e-06 -0.00192877 -0.00258497 0.00395805 -0.00692991 0.00344164 -0.00401782 -0.00443005 0.00399455 -0.0081196 -0.00411009 0.0053041 -0.00143009 -0.00390864 -7.32967e-05 0.000712825 0.0105613 -0.00153424 0.00128479 -0.00129339 -0.00266127 0.00547712 0.00325445 0.00361777 0.00163729 -0.0010477 0.00099779 -0.00201012 -0.0049175 -0.00462563 0.00321534 -0.000395161 -0.00553522 0.000563521 -0.00172917 0.0144162 -0.00563156 0.00384475 -0.00239522 0.00357944 0.000674284 0.000759309 -0.0011911 -0.00148724 -0.000705085 -0.0125956 -0.0056913 0.000103364 -0.0043637 -0.00881187 -0.00637457 -0.00784285 0.00275459 -0.00101588 -0.000829371 -0.00507732 
-0.00336967 0.00391417 -0.00062804 0.00233287 -0.00105579 -0.00232929 0.00298372 -0.00598645 -0.00463247 -0.000379982 0.0148413 0.00588199 0.00118682 -0.00284883 0.00469355 0.00271578 -0.000908639 0.0106 0.00608618 0.00014703 0.00317557 -0.000258305 -0.00265234 0.00468956 0.000114104 -0.000801556 0.000140092 0.0082235 0.000684586 -0.000530782 -0.00170497 0.134477 0.000284656 -0.00989438 0.00247399 -0.00520708 0.00136893 -0.00646383 -0.00906293 0.00732352 -0.0103094 0.00353867 -0.00405996 -0.00213738 -0.00191971 -0.00270229 -0.00955461 0.00220454 -0.00597759 0.00515017 0.00528812 0.000557224 -0.000171964 0.0021304 -0.00465453 -0.00189504 -0.000336783 0.0072378 -0.000136694 -0.00626226 -0.00754474 -0.00244505 -0.00120985 -0.00747836 -0.00843958 -0.00745494 -0.00752055 -0.00481881 -0.00920634 0.00219198 0.00295764 -0.00408906 -0.00284859 -0.00671838 -0.00775069 -0.00503724 -0.0121255 -0.000380929 0.00690954 0.00707183 -0.00275691 -0.00871743 0.00625275 0.00269663 -7.14764e-05 -0.00307662 -0.00264638 -0.00430773 -0.00151897 -0.0141271 -0.00495529 -0.00159482 -0.00824374 -0.00297508 -0.00243998 -0.000410913 -0.00268252 0.00762056 -0.00760229 -0.0081177 
-0.00711651 -0.00260754 -0.00062335 0.00355502 -0.00397886 -0.00166708 -0.00418882 -0.00993905 -0.00365022 -0.00497361 0.000682299 0.00431092 0.00159104 -0.00244252 -0.00277519 -0.00138275 0.00222631 0.000187183 0.00226661 -0.00593439 -0.00335459 0.00081784 -0.00499902 0.00287073 -0.00644831 0.00160652 0.0130092 -0.00762701 0.00527029 -0.0017465 0.00454441 0.000284656 0.116076 -0.00052902 -0.000697043 0.00419746 0.00348803 0.00378397 0.00112562 -0.00830621 -0.00336019 -0.001088 -0.000951744 -0.00235408 3.69145e-05 0.00240804 0.00246847 -0.00209133 -0.0100993 0.00703997 -0.000508917 -0.00471913 -0.00106556 -0.00869727 0.00143744 0.00559032 -0.00113878 -0.00204243 -0.00638335 -0.00765823 0.00449412 -0.00521512 6.40343e-05 0.000670933 -0.00489217 -0.00333671 0.00643909 0.00240284 -0.00494571 -0.0045849 -0.00294794 -0.00476965 -0.000415008 -0.0057155 0.00423594 -0.00378371 0.00349045 -0.00306415 0.00074545 0.00186083 -0.00783469 -0.00223139 -0.00583053 -0.00616183 -0.00136404 -0.00340129 -0.00411125 -0.00431447 -0.00365754 -0.0015398 -0.00658153 -0.00167031 0.00453738 0.0022694 -0.00126057 -0.00192459 0.000776363 0.011634 -0.00449493 0.00269892 
0.00202914 0.00913246 -0.00983065 -0.00495327 -0.00390506 -0.0017846 0.00239404 -0.0101553 0.00450879 -0.0131537 0.0073022 -0.0130815 -0.0116266 -0.00805779 -0.00403132 -0.00448606 -0.00395135 -0.00380674 -0.00242036 -0.0115925 -0.00560628 -0.00316196 -0.00713606 0.00119465 0.00760444 0.00181862 -0.00146144 -0.00513339 0.0173545 0.00602958 0.00990783 -0.00989438 -0.00052902 0.18456 0.000508434 0.00617456 0.00669303 0.00332765 0.0141616 -0.00960302 0.0114829 0.00147816 -0.0132048 -0.0021689 -0.00233374 -0.0142156 -0.00200691 -0.00710653 -7.08709e-05 -0.000560149 -0.00294242 -0.00639146 0.00865388 -0.0177917 -0.00618101 -0.00142646 -0.00502963 0.00645932 0.00189584 -0.0137328 -0.00690651 -0.00643382 -0.000755749 -0.00724808 0.00488454 0.00106452 0.00565718 0.00481995 -0.00175657 -0.00830504 -0.00961914 0.00134343 -0.0093336 -0.00420826 0.00464569 -0.00248126 0.00886142 0.00055284 -0.0113218 0.000988176 0.00739947 0.00173893 -0.00220957 -0.00594292 -0.00619326 -4.81539e-05 0.00685165 -0.00486544 -0.00715239 -0.0112293 -0.0020407 0.00875637 -0.0125273 0.0103506 -0.00945334 0.00681801 -0.0046626 -0.000225082 -0.00734404 -0.00261488 
