0.137886 0.000715056 0.00104285 -0.00215059 0.00868336 -0.00151975 0.000740477 0.00284069 0.00335513 -0.00038146 -0.00280548 -0.00269012 0.00618556 0.00853873 -0.00256699 0.00838389 -0.00456907 -0.00384422 -0.00184481 -0.011023 -7.52161e-05 -0.00260615 -0.000590923 0.00607799 -0.00154382 -0.012332 -0.00475604 0.0014611 -0.00099191 -0.00934744 -0.00919974 -0.00177609 0.0140977 -0.00365991 -0.00591703 -0.00580913 0.00364179 -0.00174936 -0.00239688 -0.00736688 -0.00014604 0.000484932 0.000915875 -0.00328973 0.00385435 -0.00732426 0.0123176 -0.00338837 -0.00921132 -0.00350311 -0.00379122 -0.00867536 -0.00165607 -0.00566088 0.000781587 -0.00263502 -0.00582752 -0.00546131 0.00216358 0.00265903 -0.0107654 -0.00642446 -0.00375002 -0.00404194 -0.000740626 0.000682475 0.000351908 0.00551009 -0.00162109 -0.00488968 -0.00406648 -0.0104581 0.00166475 -0.000516811 -0.0045928 0.0035455 -0.000882517 0.00696446 0.00813522 -0.0014893 -0.00374167 0.00493382 -0.00720767 -0.012141 -0.00319475 -0.00477432 -0.00531364 -0.00768863 0.000371882 0.00579815 -0.00109035 -0.000657853 -0.000868774 -0.000862033 -0.00992109 -0.00134202 -0.000483586 0.00538946 0.00883322 -0.00139733 
0.000715056 0.121896 0.00764938 0.00951947 0.00155437 0.00164333 0.00127384 -0.000962836 -0.00252882 0.000337706 0.000831207 -0.00175514 -0.0042264 -0.00184996 -0.00132521 -0.00280647 -0.000451852 -0.00116381 -0.000448946 -0.00158729 -0.00674434 0.00866296 0.000596736 -0.00881806 -0.00509865 0.0025826 -0.00893947 -0.00482468 -0.00152224 -0.00686211 -0.0046575 -0.00319031 -0.00273489 -0.0084647 0.00515711 0.00239653 0.0150507 -0.00459861 -0.000470829 -0.00801004 -0.00157918 -0.00581774 0.00138777 -0.0102725 -0.00381846 -0.001222 -0.000805931 -0.00287865 -0.00779647 -0.00296393 -0.000110038 -0.00578087 0.00334776 -0.00683441 -0.0028627 -0.0056743 -0.0010603 -0.00144614 -0.00282145 -0.00305834 -0.00454988 -0.00367604 -0.00428365 0.00203684 0.00112891 -0.0040718 0.000775946 -0.00706726 0.00672371 0.000815076 -0.0045084 -0.00721437 -0.00511464 0.00155916 -0.00238285 -0.00419833 -0.00556406 0.00416494 0.00380008 -0.00197808 -0.000596239 0.000403454 -0.00338422 0.00147486 0.00296538 -0.00101066 -0.0132488 -0.00851024 0.00413859 0.00687954 0.000709693 0.00143112 0.00472275 -0.0010554 -0.00268098 0.000793303 0.00504075 -0.000555329 0.00675383 0.00557721 
0.00104285 0.00764938 0.138395 0.0126368 -0.00235644 0.00511671 0.00458389 0.000600698 -0.00690901 -0.00925799 8.25507e-05 -0.00105952 -0.0071962 0.000633106 -0.004384 -0.00263918 -0.00357822 -8.80622e-05 -0.00311296 -0.000746783 0.000645943 0.0040899 0.00104356 -0.00850573 -0.00692852 -0.0065184 -0.00134125 0.000705248 -0.00254677 -0.00377329 0.00254165 0.0042582 -0.00648589 -0.00371658 -0.004514 6.36625e-05 0.0133897 0.00469966 0.00838336 -0.00513532 -0.0037556 -0.00710421 -0.00371379 -0.00791929 -0.0035602 -0.00648725 -0.00613321 -0.000269102 -0.0083601 -0.00289513 -0.00570947 0.00406399 0.00196748 -0.00567802 -0.00228852 -0.00594889 -0.00260603 -0.00540812 0.00092391 -0.00223612 -0.00470823 0.00369162 -0.00762406 0.00537124 0.00194576 -0.000202211 -0.00694024 0.00132505 -0.00584388 0.00242617 -0.00392062 0.00165528 0.000855364 -0.00585438 -0.00181779 -0.00414773 -0.00831152 0.00818297 -0.0108983 -0.00282388 -0.00232204 -0.00127753 -0.00896784 -0.00836948 0.00182365 -0.00504114 -0.00718375 -0.0077691 0.00152357 0.00774269 0.000531787 -0.00384866 0.00362021 0.000339065 0.00407794 0.0052077 0.00289668 -0.0038173 0.00693112 0.00489211 
-0.00215059 0.00951947 0.0126368 0.143889 -0.00103854 -0.00311649 0.00874441 -0.00279261 -0.00180677 -0.0129672 -0.0042898 -0.000997523 -0.00330727 0.00118273 -0.00989105 -0.00428199 0.00190424 0.014211 0.00327217 0.0127531 -0.00309169 0.0137394 0.00479582 0.00196513 0.00297386 0.00803293 -0.0018057 0.00440946 -0.00662326 -0.0087735 0.00478967 -0.000558198 -0.0149238 0.00222918 0.00282561 0.00789122 -0.00555787 0.00273348 0.00148846 -0.000649308 -0.00294253 -0.016362 -0.00613304 -0.00873148 -0.0014699 -0.00606498 -0.0151099 -0.00335346 -0.0168039 -0.0102449 -0.00967283 0.0111237 0.00909682 -0.00225352 -0.0013983 0.0057482 0.00569868 0.00567395 0.00563244 -0.00626569 0.0160018 -0.00132921 -0.00987524 -0.00876832 -0.00547952 -0.00380466 -0.000981014 -0.0120976 -0.0117255 -0.00324549 -0.00797284 0.00464583 -0.00461401 -0.00220562 0.00975162 -0.00823085 -0.0100792 -0.00233286 -0.00165062 0.000869618 -0.0051868 -0.00427502 -0.00536082 -0.00358154 0.00798782 -0.00200059 -0.00330182 -0.00189645 -0.0024399 0.000296068 -0.00358936 0.00226054 -0.00608926 -0.00288055 -0.00371342 0.000637931 -0.0064511 -0.00874751 -0.00368089 0.00160539 
0.00868336 0.00155437 -0.00235644 -0.00103854 0.159282 0.00214676 0.00612263 -0.00252446 0.00435126 0.011737 -0.00645626 -0.00364833 0.00408585 0.00699842 3.62415e-05 0.00490467 -0.0128274 -0.0123818 0.00281091 -0.00358407 -0.00912741 -0.00860776 -0.00597396 0.00404321 -0.00846515 -0.00946323 -0.00618798 -0.010682 -0.00262176 -0.00895672 -0.000321064 -0.00195211 0.00801516 -0.00397003 -0.0074338 0.00302997 -0.00682377 0.0110392 0.00454733 -0.0108819 -0.00319083 -0.00607093 0.00102035 0.0060097 -0.00359085 0.00256439 -0.00375923 -0.00507725 0.01586 0.0102647 -0.00220934 -0.00914184 -0.00179981 -0.00141555 -0.00346364 -0.00507977 -0.00125579 -0.000867057 -0.000500437 -0.00560647 -0.0129415 -0.004367 0.00589288 -0.0180837 -0.0114118 0.00389096 -0.00107865 -0.0045155 -0.00483501 -0.00773632 -0.00866409 -0.00363415 0.00280269 -0.00703435 -0.000760209 -0.00503126 0.00128106 -0.00569504 0.00190636 -0.00308942 -0.00271369 -0.000157923 0.00135207 0.00243921 -0.00110652 -0.00537637 -0.00032869 0.00094426 0.0032218 -0.000906267 0.00359854 -0.00184111 0.00467211 -0.00361652 -0.00179106 -0.000735509 0.00183021 0.00269002 0.000439483 0.000696777 
-0.00151975 0.00164333 0.00511671 -0.00311649 0.00214676 0.161134 -0.00202827 0.00353848 0.00237598 0.00502814 -0.00667014 -0.00118843 0.00576737 -0.00200563 -0.00382508 -0.00150868 -0.0038592 -0.0023599 -0.00162532 -0.00997063 -0.00139497 -0.00990008 0.00572284 0.000104668 -0.00704753 -0.0104515 -0.0084092 -0.0044763 -0.00530067 -0.00724202 0.00397434 -0.00493824 -0.0172983 -0.0143 -0.00453559 -0.0072615 0.00568353 -0.00140394 -0.000529825 -0.00860117 -0.000232578 -0.00920902 0.00228133 -0.00806776 -0.0101716 -0.00479172 -0.0075619 1.26218e-05 0.000207658 -0.00456093 -0.000452585 -0.00211661 -0.00363481 0.0127044 -0.000295175 -0.00364888 -0.00572966 0.00656435 -0.000190376 -0.00593507 -0.00646587 -0.00763518 -0.00542024 -0.00126086 0.00638462 0.00128262 -0.00621923 0.0136098 -0.00214671 0.00213628 0.0114112 0.00993353 0.00153779 -0.00834141 -0.0104276 -0.00488438 -0.00831605 -0.00249832 -0.00591719 6.13445e-05 -0.00156863 -0.00196489 0.000543716 0.00120672 0.00696402 -0.00178587 -0.000979676 0.00981786 -0.00355074 -0.00113196 0.0106206 0.00127529 -0.00242208 0.00138393 0.00508316 -0.00214617 -0.00372026 -0.00125029 -0.00606307 0.00822443 
0.000740477 0.00127384 0.00458389 0.00874441 0.00612263 -0.00202827 0.157959 -0.00299073 0.00919325 -0.00109838 0.00589683 0.00238636 -0.00160378 -0.00114446 -0.00765545 -0.00022674 0.00467416 -0.0127999 0.000462545 -0.00630555 -0.00380817 -0.00589254 -0.000667758 0.00332975 -0.00763032 -0.00310099 -0.00512578 0.00116456 0.00117787 0.00021232 0.00998572 -0.00540223 -0.0106435 -0.00994709 0.0109572 -0.00985598 -0.00872687 -0.00818257 -0.00476848 0.00167178 -6.05819e-05 0.000731353 -0.00824887 -0.00376893 -0.00476754 0.000314316 -0.00296739 -0.00364845 -0.00529122 0.0110148 -0.0089983 0.00296178 -0.00424518 0.00500276 0.000418585 -0.011744 -0.00386917 -0.0030963 0.00126515 0.00194965 -0.0155955 0.00613221 -0.0114913 -0.0104085 -0.0093902 -0.000708577 -0.00146378 -0.00653439 -0.00763219 -0.00100169 -0.00567146 0.00254836 0.000568186 -0.00327036 -0.000673843 0.000349238 0.00128993 -0.00294203 0.00935615 0.00841461 0.00501225 -0.0168539 0.00790053 -0.00292359 -0.00685416 0.00162826 -0.00127215 0.00321205 -0.000477116 -0.00474585 0.00664819 -0.000158735 -0.00430203 -0.00127639 -0.00870902 0.00781674 -0.00658136 -0.00404891 -0.000625208 0.000851914 
0.00284069 -0.000962836 0.000600698 -0.00279261 -0.00252446 0.00353848 -0.00299073 0.0790504 0.00258939 0.00454936 0.00154568 0.000981913 -0.000880697 -0.00150415 -0.00209523 0.00114265 -0.00331156 -0.0030693 -0.00224727 -0.00233602 0.00529135 -0.00429049 -0.00214614 -0.00227464 0.00095728 -0.00244279 -0.00405738 0.00592621 -0.00250285 0.00218392 -0.00177146 0.000205874 0.0023007 -0.00169799 -0.00344738 0.000161293 0.00185704 -0.00130499 0.000179799 -0.00180211 -0.000405789 -0.00108265 -0.000895874 -0.00186732 -0.00177143 -0.00290529 -0.0059984 -0.00125542 -0.00455746 -0.00486962 0.000337742 -0.00353215 -0.00172137 -0.000544361 0.00410589 0.000847233 0.00133677 0.00180342 -0.00179379 -0.00153163 -0.0037185 -0.000876869 -0.00388269 -0.00177464 0.00169747 0.000929019 -0.00232166 -0.00334513 -0.00356647 0.000320909 -0.0057699 0.00291613 -0.00122081 -0.00736738 -0.000725241 -0.0012123 -0.000931406 0.00104441 0.000700693 0.0018264 -0.000706702 9.14838e-05 -0.00141345 -0.00225976 -0.00311632 -0.00387513 -0.00435941 0.00139224 -0.00166375 -0.00203481 0.000183795 -0.00141146 0.00575339 0.00232411 0.000780522 0.00170084 0.00126195 0.000860253 0.000200689 -0.00357862 
0.00335513 -0.00252882 -0.00690901 -0.00180677 0.00435126 0.00237598 0.00919325 0.00258939 0.115725 0.0125752 0.00537364 0.000119097 0.00212002 0.00179023 0.00363808 0.000970785 -0.00192375 -0.0077019 -0.00146643 -0.0145333 -0.00133778 -0.00409393 -0.00683234 0.00216149 -0.00547938 -0.00387259 -0.00583581 -0.00548002 0.00531181 -0.000688471 -0.00421788 0.000245437 0.00355662 -0.0154198 0.00191216 -0.00228681 -0.00320553 -0.0102347 -0.00352588 0.00346969 0.00029075 0.0117501 -0.00286923 6.10505e-05 0.00123062 -0.00112248 0.006806 0.000119193 -0.00636614 0.00897904 -0.00261299 -0.00392317 -0.00356865 0.00471854 -0.00123818 0.00157189 -0.00417014 0.00566116 -0.00440651 0.000512558 -0.0156614 -0.00520833 -0.00748121 -0.00635579 -0.00630254 0.00215952 -0.000942545 -0.00710922 0.000350373 -0.00105732 -0.00673386 -0.00387883 0.00144329 -0.00173953 -0.0013222 -0.000655924 0.000781251 -0.00541689 0.00250432 0.000184206 0.00479497 -0.00217968 0.00588391 -0.00390801 -0.000581392 0.0021279 -0.00059062 -0.00647961 0.000244884 -0.000395723 -0.00590494 0.00303062 -0.00419661 -0.00174612 -0.00409609 -0.00706218 -3.1001e-05 -0.0047399 -0.00369626 0.0090916 
-0.00038146 0.000337706 -0.00925799 -0.0129672 0.011737 0.00502814 -0.00109838 0.00454936 0.0125752 0.162108 0.0167482 -0.00446027 0.00640233 0.00722244 0.00477021 0.0100974 -0.00303756 -0.00863491 -0.00505227 -0.00957354 -0.0055409 -0.0063366 -0.00803913 -0.00131376 -0.00524823 -0.00283938 -0.00697986 -0.000822963 -0.00405253 0.0206948 -0.0169934 -0.00327797 0.00380963 0.0082752 -0.0117773 0.00153352 -0.0109248 -0.0188102 -0.00468876 -0.00486349 -0.00131217 -0.00787488 0.000687307 0.000269554 -0.00575686 -0.000779473 -0.00775041 -0.00414632 -0.0013727 0.00224711 -0.000520521 -0.0160183 -0.00515935 7.4398e-05 -0.00404686 0.00447771 -0.00465998 0.000715257 0.00186798 -0.00510648 -0.011285 -0.00962732 -0.000830549 -0.00456895 0.00298804 -0.00205448 -0.00264893 0.00615149 0.0112971 0.00735062 -0.00806778 0.00148339 -0.00546876 0.00246777 -0.000314502 0.00115816 -0.00304632 0.00121526 -0.00990283 -0.00810415 -0.00324207 -0.00755902 0.00870739 0.00126877 -0.00904314 0.000600444 0.0064025 -0.00370564 0.00743589 -0.00777633 -0.00798924 -0.00211516 -0.00700903 -0.0016566 -0.0015192 -0.00149416 1.01577e-05 0.00719034 -0.00791215 0.00646301 
-0.00280548 0.000831207 8.25507e-05 -0.0042898 -0.00645626 -0.00667014 0.00589683 0.00154568 0.00537364 0.0167482 0.133392 0.000925677 -0.00414039 0.00224013 0.00242528 -5.56907e-06 -0.00177134 -0.0109518 -0.00548389 -0.00569374 -0.00451446 -0.00359897 -0.0035044 -0.00353196 0.00168375 -0.00183526 -0.000442363 0.000771517 0.00205054 0.0113768 -0.00540601 -0.00360815 -0.00582141 -0.00443326 -0.00968158 0.00398545 -0.00689253 -0.00824618 -0.00197081 -0.000461877 0.000465521 -1.94529e-05 -0.00272678 0.00142215 0.00922164 -0.00143086 -0.0111284 -0.00337798 0.00476704 -0.00972597 0.00508734 -0.0122577 -0.00632355 -0.00261773 -0.00265013 -0.0043228 0.00459337 -0.00462269 -0.00112217 -0.0100914 -0.0014886 -0.0014095 -0.000615015 0.00801259 0.00125194 0.000106386 0.00271676 -0.00931113 0.000682085 0.012269 -0.00378843 -0.00533482 -0.00221854 -0.001609 -0.00161415 0.00138274 -0.000478069 -0.00471395 0.00141241 -0.00275169 -0.00347323 0.00542279 0.00629712 -0.00274135 -0.00831164 0.00541261 0.00149456 -0.000759396 0.001021 -0.00441319 -0.000865392 -0.0029128 -0.00586888 -0.00360453 -0.0036298 -0.00313832 -0.00550265 -0.00154189 -0.00284333 0.00720587 
-0.00269012 -0.00175514 -0.00105952 -0.000997523 -0.00364833 -0.00118843 0.00238636 0.000981913 0.000119097 -0.00446027 0.000925677 0.047349 1.80493e-05 -0.000809204 0.000926441 0.000302207 0.00232744 0.00254918 -0.000273 -0.000138051 0.000714924 0.00217478 0.00363867 -0.00162109 -0.00257749 0.00440025 0.0019412 0.00111806 -0.000253908 0.00155119 -0.000940558 -0.000937093 0.000419183 -0.00248742 0.000215831 -0.000536699 -0.00155559 -0.000531368 -0.000894692 0.0016893 0.000834518 0.00266194 -1.87952e-05 0.00211757 -0.00113106 -0.000835258 -0.00237931 -0.000647816 -0.00232306 -0.00327316 -0.000470899 -0.00198875 -0.000872286 -0.000881003 0.000398443 -0.00235055 -0.0018149 -0.000932434 -0.00285676 -0.00243602 -0.00481246 0.00142491 -0.00148574 -0.00159989 -6.19844e-05 -0.000298733 -0.000591298 -0.00168915 -0.00241365 -0.000634303 -0.000985304 -0.00179351 -0.000171391 0.000800884 0.00133044 0.00123962 0.000338738 -0.000507851 -0.00122633 -0.00150082 0.000138773 -6.83051e-05 -0.00121945 -0.00292107 -0.000465229 -0.00143075 -0.00297244 7.30149e-05 -0.00291416 -0.000603119 0.00223737 -0.000259814 0.00110026 0.000617696 -0.00222072 -0.000104958 -0.000786995 0.000670142 -5.22761e-05 -0.0013738 
0.00618556 -0.0042264 -0.0071962 -0.00330727 0.00408585 0.00576737 -0.00160378 -0.000880697 0.00212002 0.00640233 -0.00414039 1.80493e-05 0.138692 0.00400133 -0.000192643 3.9911e-06 0.00187163 -0.0102395 0.00215144 -0.00917356 0.00486713 -0.00995518 6.13407e-05 0.00370096 -0.00676721 0.00292979 -0.00550749 0.00822158 -0.00387711 -0.0155527 -0.0129093 -0.00264944 0.000492229 -0.00417115 -0.00936398 -0.00147345 0.0030087 -0.000513237 -0.00423803 0.00293701 0.00117658 -0.00543084 -0.000348643 -0.00332029 -0.00674539 0.00809099 0.002468 0.000353653 -0.00520117 -0.0089919 0.00305037 -0.00202403 -0.000200809 0.00423238 -0.00158923 -0.00672157 -0.00354675 0.0107806 -0.000205254 -0.00113611 -0.000800914 -0.000283262 -0.00203832 0.000431287 -0.00738873 0.00199075 -0.000336427 0.00558187 -0.00552535 -0.00634544 -0.00337417 -0.000658498 -0.00219014 -0.00473236 -0.00802405 0.0067691 -0.00749305 0.0128828 0.00220139 0.00445641 -0.00171684 -0.00259616 -0.00309703 -0.00653783 -0.00479658 0.00338982 -0.00960562 -0.00663455 -0.00922251 0.0133906 -0.00631729 0.000581121 -0.00433714 2.64352e-05 -0.00274669 -0.00223888 -0.00681373 0.00525327 -0.000573563 -0.00479988 
0.00853873 -0.00184996 0.000633106 0.00118273 0.00699842 -0.00200563 -0.00114446 -0.00150415 0.00179023 0.00722244 0.00224013 -0.000809204 0.00400133 0.0918533 0.00131122 0.0109695 0.00356865 -0.00549525 0.00394543 -0.00818776 -6.11342e-05 -0.00420051 0.00190319 0.00465501 -0.00196883 -0.00218901 -0.00452457 -0.00180633 -0.00713402 -0.00407024 -0.00672015 -0.00238709 -0.00703063 -0.00312557 -0.00393413 -0.00108476 -0.00334234 -0.00576076 0.000591615 -0.00228886 -0.00118313 -3.22257e-05 -0.00205548 -0.00589055 0.00162553 -0.00252744 0.00168642 -0.00234972 0.00240377 -0.0084747 -0.0026424 0.00172151 -0.000676241 -0.000219199 -0.00359275 -0.00444616 -0.00208671 0.000328513 0.00225696 0.00418045 3.11134e-05 -0.00474914 0.000920125 -0.00352626 -0.00376576 -0.000390627 0.00321947 -0.00741351 0.00205222 0.00406732 0.00180777 -0.00227244 0.00213867 -0.000523106 -0.00262593 -0.000103407 -0.000833906 -0.00262456 0.00102911 -0.000653021 0.00247932 -0.00275833 -0.00234291 -0.00112002 0.000616847 -0.00447072 -0.00466847 -0.0011512 0.00160154 0.00230865 0.00455237 -0.000609478 -0.00370396 -0.00234341 -0.00254785 -0.0035978 -0.00282135 -0.0041741 -0.0019447 -0.00589469 
-0.00256699 -0.00132521 -0.004384 -0.00989105 3.62415e-05 -0.00382508 -0.00765545 -0.00209523 0.00363808 0.00477021 0.00242528 0.000926441 -0.000192643 0.00131122 0.0963682 -0.000393741 -0.00312277 -0.00940149 -0.00890354 0.00385574 -0.00343818 -0.00737706 -0.00396128 -0.00184148 -0.00308007 0.00228949 -0.00252859 0.000856511 0.00890187 0.000828483 0.00117842 -0.000782796 0.0022348 0.00316502 -0.000801702 -0.00277712 -0.00743533 -0.00725056 -0.00144539 8.96504e-05 -0.00062684 0.0134682 0.000590104 -0.0011026 0.00112497 0.000409377 0.00706136 0.000144494 -0.0009707 0.00206794 0.00932009 -0.00320754 -0.000169725 -0.00694145 0.00196873 0.0023426 -0.00275638 0.00296316 -0.000186061 -0.00579086 -0.016254 -0.0042305 0.00767402 -0.0049975 -0.00452003 0.000407681 0.00284632 -0.00646375 0.00281559 0.00240687 -0.00318716 -0.00489301 -0.00417391 0.000590122 0.00146371 0.00205899 0.00618548 0.000253196 -0.000449163 7.91937e-05 0.000968265 -0.00255325 -0.0015423 -0.000584655 -0.0017518 0.000443349 -0.0132477 -0.00238706 0.000953088 -0.00567827 -0.0043542 0.000787954 0.00197068 -0.00282516 -0.00173629 -0.00166422 0.00505177 -0.00441824 0.00226346 -0.00341532 
0.00838389 -0.00280647 -0.00263918 -0.00428199 0.00490467 -0.00150868 -0.00022674 0.00114265 0.000970785 0.0100974 -5.56907e-06 0.000302207 3.9911e-06 0.0109695 -0.000393741 0.100946 0.00819284 0.00306221 0.00210447 0.002962 -0.00087035 -0.00277626 -0.00605242 0.00254851 -0.00338848 -0.00258461 -0.00314442 0.00525599 0.000240803 0.00116612 -0.00695633 0.00114585 0.00230292 -0.0025277 -0.00555046 -0.00391538 0.00388632 -0.0097576 -0.00319019 -0.000878817 -2.8908e-05 0.00563276 -0.000450847 -0.00484429 0.00489643 -0.00375755 -0.00372035 -0.00316785 -0.000212579 -0.00541286 -0.00382504 -0.0126364 -0.00191546 0.000892204 0.00193113 0.00155802 -0.00294664 -0.000517228 0.00199656 -0.00245246 -0.00735593 -0.0013858 -0.00916419 -0.0090111 -0.00368318 -0.000462623 0.00106876 -0.00635197 0.00252057 -0.00264196 0.00258277 -0.00404555 -0.000892253 -0.000497669 0.00664731 0.00147634 -0.00119224 0.000373292 -0.0042466 -0.00528775 -0.00228209 -0.0078053 -0.00221062 -0.00251366 -0.00260342 -0.00150475 -0.00484793 -0.000809497 0.00227236 0.000756973 -0.0045669 -0.00179829 0.000391169 0.000755115 -0.00396392 -0.00466205 -0.00166771 -0.00171215 0.0040127 -0.00184255 
-0.00456907 -0.000451852 -0.00357822 0.00190424 -0.0128274 -0.0038592 0.00467416 -0.00331156 -0.00192375 -0.00303756 -0.00177134 0.00232744 0.00187163 0.00356865 -0.00312277 0.00819284 0.14791 0.00354374 0.00460516 -0.000131721 0.00491692 0.00762387 -0.00241738 -0.00631485 -0.00943406 -0.00353799 -0.00938576 -0.0101515 -0.00264815 -0.00414419 0.00350368 -0.00639672 -0.00424786 -0.00396501 0.00376417 -0.00361553 -0.00321109 -0.00914146 -0.00880517 -0.00449165 0.00431676 -0.00360569 -0.0035408 -0.00898124 0.000130344 -0.00158204 -0.00153555 -0.00418066 -0.000268342 -0.00599177 -0.00736877 -0.00796157 -0.00250602 0.0052424 0.00152609 -0.00263261 -0.0111888 0.00762711 -0.00108975 -0.00198211 -0.00919739 -0.000818969 0.00315507 -0.00651891 -0.00320029 0.000781132 0.00349801 -0.0050081 -0.00483129 0.00127167 0.00390488 -0.00418573 -0.00106657 0.00675326 0.00695851 0.00343863 -0.00683627 0.0036001 0.000293732 0.00284682 -0.00218619 -0.0023887 0.00391864 -0.000732553 -0.000701349 -0.0050774 0.00355985 -0.00275099 -0.00679736 -0.000221223 0.00152343 0.00424823 -0.00259406 -2.19611e-05 0.00153708 -0.00312644 -0.00766188 0.00247421 0.0011048 -0.00128459 
-0.00384422 -0.00116381 -8.80622e-05 0.014211 -0.0123818 -0.0023599 -0.0127999 -0.0030693 -0.0077019 -0.00863491 -0.0109518 0.00254918 -0.0102395 -0.00549525 -0.00940149 0.00306221 0.00354374 0.169975 -0.00140045 0.0225472 0.00437529 0.0108006 -0.000239904 -0.00507519 0.00269189 -0.00452086 0.00445556 -0.00623414 -0.00546815 0.00921518 -0.00727972 0.00524698 -0.000946206 0.00164355 -7.39725e-05 0.0112316 0.00283173 0.00327754 -0.00244541 0.00633967 0.00142697 -0.0115045 -0.00220283 -0.0126486 0.00511104 -0.00441952 0.00190622 -0.00493621 -0.00593429 -0.0167419 -0.000306655 0.000374841 -0.00024625 -0.00265364 -0.00730737 0.00448346 0.00283057 -0.00861433 -0.00635826 0.00332004 0.00943418 0.00490958 -0.00952771 -0.00739393 0.00528338 -0.00270593 -1.20282e-05 0.0031881 -0.00795543 -0.00149886 -0.00337984 -0.000975042 -0.00117394 -0.00442414 0.0182414 -0.00369585 -0.00241201 -0.00316188 -0.0136784 0.00011197 -0.00749966 -0.00760166 -0.0111935 0.000730575 -0.000969487 0.00400872 -0.000898449 -0.00199375 -0.00395535 -0.00403452 -0.00458208 0.00101994 -0.00876033 0.0033445 -0.00122172 -0.00735589 0.00184437 -0.0136615 -0.00888854 0.000734178 
-0.00184481 -0.000448946 -0.00311296 0.00327217 0.00281091 -0.00162532 0.000462545 -0.00224727 -0.00146643 -0.00505227 -0.00548389 -0.000273 0.00215144 0.00394543 -0.00890354 0.00210447 0.00460516 -0.00140045 0.134709 -0.00205233 -0.00232931 0.0038493 0.00554564 -0.000481747 -0.00525676 -0.00480031 -0.00429331 -0.0102219 0.0067222 0.000706542 -0.00420407 -0.001891 0.00594189 -0.00467455 -0.00140019 -0.00562853 -0.00597448 -0.00106239 -0.00301384 -0.00390369 0.00132241 -0.0156648 -0.00190857 0.000248247 -0.00335875 -0.000128492 -0.0052402 -0.00161371 0.00999686 0.00731208 -0.00520307 -0.00822614 -0.0035885 -0.00269587 0.00124643 0.000804482 0.0030598 -0.000252514 -0.00377522 0.00855265 -0.00530892 -0.000918166 -0.00085052 -0.00594719 -0.00397687 0.000937005 -0.000344208 -0.000716074 0.00123951 -0.00570192 -0.0039151 0.00410963 -0.000232886 8.23696e-05 -0.00305247 -0.00133806 -0.0024904 -0.00193075 -0.00263756 0.00177231 0.00249281 -0.0142434 0.00482261 0.00447679 -0.00271005 -0.00227806 -0.00243328 -0.000825637 -0.00145748 -0.00239631 -0.00398755 0.00126493 0.00462492 0.000327587 0.00123703 -0.00428991 -0.00483197 0.000465482 -0.00370548 -0.00999963 
-0.011023 -0.00158729 -0.000746783 0.0127531 -0.00358407 -0.00997063 -0.00630555 -0.00233602 -0.0145333 -0.00957354 -0.00569374 -0.000138051 -0.00917356 -0.00818776 0.00385574 0.002962 -0.000131721 0.0225472 -0.00205233 0.201609 0.00167107 0.0265416 0.000743972 -0.00136693 0.00466131 0.00362591 0.00852283 0.00450397 0.0023659 -0.0119668 0.0043499 0.0068646 -0.0231724 0.00816754 -0.000128104 0.00766688 -0.0127971 -0.00291528 0.00175723 0.0112246 0.00243511 0.00178676 -0.0021969 -0.0136502 -0.00641597 -0.0150741 -0.0208521 -0.00427759 -0.0162737 -0.0276045 -0.00294947 0.00489797 0.000682787 -0.0130717 -0.00400799 0.0139821 0.0205083 -0.00594741 -0.00187803 0.00258861 0.0099233 0.0112914 -0.00480879 -0.00234439 -0.00263155 -0.00823279 -0.00530949 -0.0117427 -0.000633177 -0.00607875 -0.0136453 -0.00784802 0.00393001 -0.00915229 0.0329183 -0.00462567 -0.00505205 -0.00316705 -0.00182963 -0.00549952 -0.00344628 -0.0292491 0.00777582 0.00782759 -0.00943636 0.00504988 -0.0184175 -0.00588821 0.00483389 -0.00187933 -0.00263345 0.000784558 -0.0102743 -0.00773384 -0.00185732 -0.00437309 0.00824174 -0.0107818 -0.00872691 0.00302973 
-7.52161e-05 -0.00674434 0.000645943 -0.00309169 -0.00912741 -0.00139497 -0.00380817 0.00529135 -0.00133778 -0.0055409 -0.00451446 0.000714924 0.00486713 -6.11342e-05 -0.00343818 -0.00087035 0.00491692 0.00437529 -0.00232931 0.00167107 0.0950644 -0.00410645 0.000883695 0.00341333 0.000551267 -0.00322144 -7.95584e-05 -0.00194578 -0.00567813 -0.00287703 -0.00321039 0.000258439 0.00222302 -0.00166095 -0.00371425 -0.00369619 0.000555223 0.000330848 -0.00133122 0.00139434 0.0013768 -0.00360495 -0.000922957 0.00491122 -0.00656935 -0.00502617 -0.000541674 -0.000806598 -0.0052229 -0.00738348 0.000515908 0.00581969 -0.00353429 0.00342005 0.00544749 0.00416282 0.000676809 9.15249e-05 0.00136679 -2.68188e-05 -0.00241699 0.00292163 -0.0029872 0.0044216 -0.00303843 0.00156058 0.00437727 0.000429173 -0.00447412 -0.00517308 -0.0071138 0.000778795 -1.19736e-05 -0.000719352 -0.00171837 -0.00129657 -0.00173719 0.00347142 -0.00762054 0.0024754 -0.00048611 -0.00728316 -0.00481134 -0.0018887 -0.00108522 -0.00132749 0.00310306 0.00395704 -0.0020404 -0.00464346 -0.00564682 -0.00164431 0.000143757 -4.63368e-05 -0.000335254 0.00022874 -0.000324503 -0.000388088 -0.00129867 -0.00376271 
-0.00260615 0.00866296 0.0040899 0.0137394 -0.00860776 -0.00990008 -0.00589254 -0.00429049 -0.00409393 -0.0063366 -0.00359897 0.00217478 -0.00995518 -0.00420051 -0.00737706 -0.00277626 0.00762387 0.0108006 0.0038493 0.0265416 -0.00410645 0.151397 0.00359998 0.00649084 -0.0019128 0.0107392 0.00944865 -0.00528415 -0.00358325 0.00174029 0.00241796 0.00471773 -0.0122061 -0.00301932 0.00713238 0.00526667 -0.0026559 0.00408952 0.000786508 -2.90508e-05 0.00048283 0.00102471 -0.00276995 -0.00389519 0.00285446 -0.0087298 0.000690979 -0.00359295 -0.0111034 -0.0143688 -0.00632646 0.00224264 -0.00282984 -0.00141329 -0.00932779 0.00256132 0.011133 -0.00506401 -0.00318939 0.00508602 0.0168528 0.00068518 -0.00371269 -0.0058401 -0.00333708 -0.00208629 -0.00524249 -0.00923426 -0.00348533 -0.000901176 -0.005157 -0.0034903 -0.00610073 -0.00740311 -0.000434046 0.002381 -0.00805958 -0.0111151 -0.00353692 -0.0022389 0.000194419 -0.0021624 -0.00396155 0.00272523 -0.00560758 -0.00107247 -0.0100082 -0.00843366 -0.00864013 -0.00336901 0.00309069 5.58804e-05 -0.00772665 -0.00188461 -0.00562458 0.00212469 -0.00633442 -0.0104486 -0.00537507 -0.00242714 
-0.000590923 0.000596736 0.00104356 0.00479582 -0.00597396 0.00572284 -0.000667758 -0.00214614 -0.00683234 -0.00803913 -0.0035044 0.00363867 6.13407e-05 0.00190319 -0.00396128 -0.00605242 -0.00241738 -0.000239904 0.00554564 0.000743972 0.000883695 0.00359998 0.142758 0.0157745 0.00288595 0.0033497 -0.0042056 -0.00877088 -0.0138913 -0.0208725 -0.0032396 -0.00496751 -0.00384367 -0.00297156 0.000452153 -0.00713943 0.00225798 -0.00616275 -0.000881897 -0.00346976 0.00216276 -0.00655069 -0.00518568 0.00806275 -0.00385696 0.000604118 0.00154656 0.0042014 0.00565714 -0.00663332 -0.00761621 0.00979763 -0.00533258 -0.0038142 0.000965808 0.000451519 -0.00563258 -0.00259093 -0.00260791 0.00627234 -0.00316622 0.000495008 -0.00186391 -0.00266284 -0.00167074 -0.00165058 -0.00426936 -0.00174398 0.00190377 0.00165019 0.00115237 0.0113981 -0.000562408 0.00176387 -0.00534623 0.000974675 -0.00584648 -0.00758438 0.00233634 -0.00235095 -0.000945388 -0.00686089 -0.0040401 -0.00461509 0.00378597 -0.0029901 -0.00797048 0.00508021 7.75278e-05 -0.00109845 0.00540698 0.00285564 -0.0080802 -0.00321007 -0.00413664 0.00415794 -0.00922043 -0.00859547 -0.0015624 -0.00606704 
0.00607799 -0.00881806 -0.00850573 0.00196513 0.00404321 0.000104668 0.00332975 -0.00227464 0.00216149 -0.00131376 -0.00353196 -0.00162109 0.00370096 0.00465501 -0.00184148 0.00254851 -0.00631485 -0.00507519 -0.000481747 -0.00136693 0.00341333 0.00649084 0.0157745 0.138096 0.00419419 0.0058999 0.0039917 -0.00287411 -0.00821441 -0.0112893 -0.00999908 -0.00288955 -0.0118548 0.00620477 0.00556987 -0.00682004 -0.00716636 -0.00279165 0.00109773 -0.00779439 -5.65982e-05 -0.00268457 -0.00490478 -0.00170403 -0.0010266 -0.0036395 0.00744485 -0.00118839 -0.0026812 -0.00308494 -0.000999495 0.000181813 -0.000787535 0.00691347 -0.000982549 0.0137081 0.00159612 0.00290365 0.00314468 0.0105037 0.00896313 0.00172068 -0.00654507 -0.00467874 -0.00512365 -0.00384006 0.000555383 -0.00774865 0.00142488 -0.001362 -0.00558857 -0.000638657 -0.00144213 -0.0113552 -0.0046022 -0.00052127 -0.00168448 -0.00821661 -0.00724701 0.00105958 0.00235719 -0.00778513 -0.00278735 -0.00152429 -0.00635815 -0.000297834 -0.00494254 0.00264507 -0.00140802 -0.00414984 -0.00529562 -0.001907 -0.00152941 -0.00306863 -0.00341971 -0.00131526 -0.0118371 -0.014287 0.0031224 -0.00847764 
-0.00154382 -0.00509865 -0.00692852 0.00297386 -0.00846515 -0.00704753 -0.00763032 0.00095728 -0.00547938 -0.00524823 0.00168375 -0.00257749 -0.00676721 -0.00196883 -0.00308007 -0.00338848 -0.00943406 0.00269189 -0.00525676 0.00466131 0.000551267 -0.0019128 0.00288595 0.00419419 0.117095 -0.00622631 -0.00502213 -0.00468496 0.00406335 0.00705518 -0.00319521 -0.000368901 -0.0122121 -0.00752944 -0.00146733 0.00457623 -0.00264005 -0.0101678 0.001657 0.00396742 -0.000407236 -0.00473905 -0.00178178 -0.00269851 0.00287835 -0.00408325 -0.00422919 -0.00117985 -0.00466303 -0.00188206 0.00492082 -0.00273091 -0.00222106 0.00314718 -0.000922479 0.00759786 0.00465221 -0.00619389 0.0105075 -0.000713252 0.0110039 -0.000291354 0.00185622 0.00947822 -0.00226774 -0.00110583 -0.00120136 -0.00222931 -0.00602458 0.000442273 -0.00326633 0.00204652 0.0020399 -0.00464709 -0.000863995 -0.00285053 0.00182418 -0.00638604 -0.00350311 0.00057866 -0.0014218 -0.011277 0.000623688 0.00161484 -0.00104202 -0.00353974 -0.00490566 0.00590619 0.00259925 -0.00129277 -1.36751e-05 0.00140371 0.00229363 -0.00142696 0.00123247 -0.00063581 -0.000353963 -0.00125424 -0.00190932 -0.000163864 
-0.012332 0.0025826 -0.0065184 0.00803293 -0.00946323 -0.0104515 -0.00310099 -0.00244279 -0.00387259 -0.00283938 -0.00183526 0.00440025 0.00292979 -0.00218901 0.00228949 -0.00258461 -0.00353799 -0.00452086 -0.00480031 0.00362591 -0.00322144 0.0107392 0.0033497 0.0058999 -0.00622631 0.136192 0.00442688 0.010936 0.00299276 0.00147055 0.00492261 -0.00103811 -0.00600131 0.0108943 0.00687405 0.00320175 -0.00511196 0.0042417 0.000111249 0.001531 -0.00142143 0.00573423 -0.00147831 -0.00528967 -0.00279844 -0.00599988 -0.00675228 0.00267815 -0.0021592 -0.0113541 -6.14819e-05 -0.00362271 0.00285897 0.00313643 -0.00175989 0.00413176 0.00151865 0.00429803 -0.00941819 0.00606649 0.00604429 -1.50367e-05 -0.00304909 -0.00168958 -0.00434062 -0.00249393 -2.94298e-06 -0.0106863 -0.00983126 -0.00880479 -0.00241362 -0.00616654 -0.00655146 -0.00205713 0.00157577 -0.00310079 -0.000680314 -0.00652845 0.00689887 -0.00102341 -0.00139295 -0.00915152 0.0030707 0.00158278 -0.00463676 -0.00230303 -0.00623187 -0.00908037 -0.00754933 0.00362034 -0.00361632 0.000795896 -0.0032211 -0.000180473 -0.00321976 -0.00488829 -0.00673676 0.00849148 -0.00586311 -0.0124373 
-0.00475604 -0.00893947 -0.00134125 -0.0018057 -0.00618798 -0.0084092 -0.00512578 -0.00405738 -0.00583581 -0.00697986 -0.000442363 0.0019412 -0.00550749 -0.00452457 -0.00252859 -0.00314442 -0.00938576 0.00445556 -0.00429331 0.00852283 -7.95584e-05 0.00944865 -0.0042056 0.0039917 -0.00502213 0.00442688 0.132315 0.0111393 -0.0115194 0.00993241 0.0163268 -0.0014374 -0.00525865 0.00394885 0.0030257 -0.000932484 -0.00626598 0.016697 -0.0038822 -0.00195478 0.00287641 -0.00296277 -0.0020943 -0.0034365 0.00850728 -0.00789172 -0.0034522 -0.00476347 0.0065304 -0.00913681 -0.000409091 -0.00671217 -0.00192438 -0.000542962 -0.00283848 -0.00436295 0.00244377 0.0047774 -0.00576001 0.00397489 0.00607197 0.0063834 -0.00272006 0.00473264 -0.00118016 -0.00121079 -0.00117771 -0.00580846 -0.00684872 -0.00294154 -0.00157388 -0.00306583 -0.00341541 -0.00389065 -0.00173005 -0.00303725 0.00076589 -0.0054493 -0.00240172 -0.00415903 0.00364386 0.00675043 -0.00619607 -0.00175468 -0.00421915 0.00765488 0.000232862 -0.003427 -0.008924 -0.00205779 -0.00549532 -0.00223531 -0.00927331 -0.00410758 -0.00446099 0.00128433 0.00115402 -0.000511515 -0.00421869 -0.00635293 
0.0014611 -0.00482468 0.000705248 0.00440946 -0.010682 -0.0044763 0.00116456 0.00592621 -0.00548002 -0.000822963 0.000771517 0.00111806 0.00822158 -0.00180633 0.000856511 0.00525599 -0.0101515 -0.00623414 -0.0102219 0.00450397 -0.00194578 -0.00528415 -0.00877088 -0.00287411 -0.00468496 0.010936 0.0111393 0.139665 -0.0137114 -0.0024173 0.000623133 -0.00230853 0.00831071 0.0149188 -0.00457603 -0.000252137 0.00118878 -0.00448124 -0.00197616 0.00431116 -0.00106288 0.00682406 -0.00324616 0.00117396 -0.00357717 -0.00362578 -0.00746714 0.00115918 -0.0102086 -0.0145569 -0.00910947 -0.00116407 0.00253835 -0.00605179 -0.000729208 -0.00734011 -0.00319662 -0.00144649 -0.00681735 -0.0033664 0.015272 0.0013941 -0.00286562 0.00627203 -0.00272585 -0.00249967 -0.00210278 -0.00588686 -0.00617825 -0.00894525 0.00473199 -0.00910476 0.00319126 -0.00318774 -0.000841367 0.00461109 -0.00537503 -0.00416481 0.00433876 -0.00634475 -0.00233944 0.0124753 -0.00839438 -0.00633931 -0.00221073 0.00287933 0.00310732 -0.000606795 -0.00232899 0.002047 -0.00374162 -0.00311154 0.00110082 -6.92021e-05 0.000849348 -0.00185507 -0.00626131 -0.00857733 0.00291656 -0.00536183 
-0.00099191 -0.00152224 -0.00254677 -0.00662326 -0.00262176 -0.00530067 0.00117787 -0.00250285 0.00531181 -0.00405253 0.00205054 -0.000253908 -0.00387711 -0.00713402 0.00890187 0.000240803 -0.00264815 -0.00546815 0.0067222 0.0023659 -0.00567813 -0.00358325 -0.0138913 -0.00821441 0.00406335 0.00299276 -0.0115194 -0.0137114 0.148512 0.00997226 0.00296781 0.00623845 0.00344154 -0.00482506 0.00223421 -0.00437466 -0.00170607 -0.00131638 -0.00617423 0.0048085 -0.00326076 0.00761683 -2.96269e-06 -0.00711135 -0.00247677 0.000303253 -0.00214999 0.00416529 -0.00964892 -0.00439481 0.018563 -0.0128198 -0.00136242 -0.0044105 -0.00124525 0.00809141 -0.0012765 -0.00135433 0.00206342 0.00137559 -0.0182492 -0.00387441 -0.00636258 -0.00545272 -0.00534431 0.00176988 -0.00425746 -0.00312897 0.000219598 -0.00433431 -0.00400193 -0.0100461 -0.00737652 0.00216476 0.00237881 -0.00235783 -0.000612518 0.00774949 -0.00623423 0.0041191 0.000490268 -0.00247326 -0.00175192 0.00162067 -0.00293428 -0.00661535 -0.0145324 -0.00346228 0.00899771 -0.00630338 -0.0020387 0.000202995 0.0017833 0.00119377 -0.000841513 -0.00447822 0.00379022 0.0111738 0.00230907 -0.00502725 
-0.00934744 -0.00686211 -0.00377329 -0.0087735 -0.00895672 -0.00724202 0.00021232 0.00218392 -0.000688471 0.0206948 0.0113768 0.00155119 -0.0155527 -0.00407024 0.000828483 0.00116612 -0.00414419 0.00921518 0.000706542 -0.0119668 -0.00287703 0.00174029 -0.0208725 -0.0112893 0.00705518 0.00147055 0.00993241 -0.0024173 0.00997226 0.161811 0.00748171 0.00505924 0.00624951 -0.000659009 -0.00276566 0.000533999 -0.0121588 -0.00144214 -9.83239e-05 0.0087612 -0.000357546 -0.00142164 0.000615381 0.000189872 -0.000684374 -0.00167838 -0.0130462 -0.00143187 0.000560451 0.00590233 0.00274462 -0.00884377 -0.00542826 0.00385556 -0.00569187 -0.0102922 0.00395107 -0.00501828 -0.005409 -0.00974185 -0.00178024 -0.00696041 -0.0137092 0.0016264 0.010686 0.000950141 -0.0036139 0.00473362 0.00402045 -0.00073768 -0.00492746 -0.00627041 -0.00235056 -0.00835125 0.00444571 -0.0028723 0.00376412 -0.00276356 -0.00246618 0.00041594 -0.000166469 -0.00483488 -0.00363728 -0.00385747 -0.0119061 0.00206818 -0.00296893 -0.00353043 -0.00439686 -0.0101401 -0.0090341 -0.00596846 -0.00590954 0.0038643 -0.00230331 -0.00481394 0.00577678 0.00775534 -0.00675133 0.0060958 
-0.00919974 -0.0046575 0.00254165 0.00478967 -0.000321064 0.00397434 0.00998572 -0.00177146 -0.00421788 -0.0169934 -0.00540601 -0.000940558 -0.0129093 -0.00672015 0.00117842 -0.00695633 0.00350368 -0.00727972 -0.00420407 0.0043499 -0.00321039 0.00241796 -0.0032396 -0.00999908 -0.00319521 0.00492261 0.0163268 0.000623133 0.00296781 0.00748171 0.148356 -0.00202902 0.00357374 0.00709363 0.00860127 -0.00281762 -0.00889574 -0.00047232 0.0052812 0.00373576 -0.00163431 0.0146966 0.000526162 0.00333891 -0.00788379 -0.00844042 -0.00501545 -0.00167706 -0.00467727 0.0103782 -0.00648807 0.00130576 0.00302599 -0.00400542 -0.00351384 -0.0064794 -0.00325948 0.00195904 -0.00244502 -0.00632892 -0.00254859 -0.0071035 -0.00236441 -0.00389363 -0.00454818 -0.000207758 -0.00472997 -0.00920019 -0.00473158 -0.00373675 -0.000971064 -0.00171743 -0.000672869 -0.00533439 0.00267262 -0.00351877 0.000292906 -0.00880923 0.0106492 0.000194137 0.00244642 0.00246062 0.00332208 -0.000980121 -0.00391892 -0.00398532 -0.00674192 0.00155344 -0.00710557 -0.00935227 -0.00327816 0.00113691 -0.00263527 -0.00168964 0.00240409 -0.00205725 0.000353855 -0.00652423 -0.00518329 -0.00959731 
-0.00177609 -0.00319031 0.0042582 -0.000558198 -0.00195211 -0.00493824 -0.00540223 0.000205874 0.000245437 -0.00327797 -0.00360815 -0.000937093 -0.00264944 -0.00238709 -0.000782796 0.00114585 -0.00639672 0.00524698 -0.001891 0.0068646 0.000258439 0.00471773 -0.00496751 -0.00288955 -0.000368901 -0.00103811 -0.0014374 -0.00230853 0.00623845 0.00505924 -0.00202902 0.0783275 -0.000632039 0.00493314 -0.00222571 0.00280173 -0.000442197 0.00515692 0.00215257 0.00420063 -0.00149393 -0.00393603 0.000145491 -0.00227825 0.000442485 -0.0017849 -0.00366909 0.000740946 -0.00996239 -0.0036538 -0.00219821 -0.00748477 0.000909028 -0.00241674 -0.00202572 0.00189384 0.00422765 -0.00113545 -0.000699504 0.00247649 0.00409467 0.00160617 -0.00369337 -0.00244329 0.00061146 0.00185041 -0.00292286 0.00238556 -0.0023299 -0.00281491 -0.00713756 -0.00227789 -0.000514935 -0.00754413 0.00487195 -0.00202205 0.000663924 0.000300042 -0.00596753 0.00347691 -0.00215524 -0.00254408 -0.00181325 0.00171065 -0.00528348 -0.0016978 -0.00509776 -0.00536282 0.00068381 0.00418807 -0.00108908 -0.000323732 -0.00485242 0.00209537 -5.07194e-06 -0.00120177 0.00500489 -0.00272887 -0.00283286 0.0012888 
0.0140977 -0.00273489 -0.00648589 -0.0149238 0.00801516 -0.0172983 -0.0106435 0.0023007 0.00355662 0.00380963 -0.00582141 0.000419183 0.000492229 -0.00703063 0.0022348 0.00230292 -0.00424786 -0.000946206 0.00594189 -0.0231724 0.00222302 -0.0122061 -0.00384367 -0.0118548 -0.0122121 -0.00600131 -0.00525865 0.00831071 0.00344154 0.00624951 0.00357374 -0.000632039 0.1765 0.011984 -0.00604046 -0.00568927 0.0070879 0.00243292 0.00175956 -0.00589351 -0.00357721 0.0132201 0.000606822 0.0146411 0.00553692 0.000540523 0.0113874 0.0074346 0.00490703 0.00636235 -0.0033146 -0.0069017 -0.00857166 -0.00941326 -0.00201917 -0.0106024 -0.014203 -0.00769761 -0.0091156 -0.00746404 -0.0240336 -0.000719803 0.00225312 -0.0145455 -0.00837001 -0.00224704 -0.00400338 0.00190548 0.00652212 -0.0117625 -0.00503896 -0.00515831 -0.00258952 0.0141866 0.000481386 0.00653758 -0.00115072 0.0111695 0.0180885 -0.00766677 0.0015162 0.0194683 -0.00490364 -0.00779537 -0.00992288 -0.00421937 -0.00150004 -0.0133689 -0.00251542 -0.00927918 -0.00886431 -0.00420715 -0.00651219 0.0011395 -0.00837981 -0.00206831 -0.00161326 0.00546559 0.00448463 -0.00633563 
-0.00365991 -0.0084647 -0.00371658 0.00222918 -0.00397003 -0.0143 -0.00994709 -0.00169799 -0.0154198 0.0082752 -0.00443326 -0.00248742 -0.00417115 -0.00312557 0.00316502 -0.0025277 -0.00396501 0.00164355 -0.00467455 0.00816754 -0.00166095 -0.00301932 -0.00297156 0.00620477 -0.00752944 0.0108943 0.00394885 0.0149188 -0.00482506 -0.000659009 0.00709363 0.00493314 0.011984 0.175295 0.00220926 -0.00321234 -0.0140179 0.00584465 0.00467725 -0.00744666 -0.00159582 0.00324382 0.0039761 -0.00588871 -0.0129322 -0.00743088 -0.0107098 -0.000984075 -0.0136819 -0.00281582 -0.0074521 -0.0035808 -7.92277e-05 -0.00847906 0.00460964 0.00419272 -0.0023708 0.00250707 -0.0116985 -0.00244196 0.00201792 0.00285641 0.0142042 -0.00328019 0.00311248 -0.00812339 -0.00414137 -0.00846597 -0.000700824 -0.000997641 -0.0113668 -0.00548528 -0.00733901 -0.0146973 0.00572859 0.00245691 0.00555232 -0.00717906 -0.0032808 -0.00334465 -0.00334871 0.00742274 -0.00584108 0.000472389 -0.0140251 0.00265943 0.00123585 -0.0046107 -0.00237014 -0.00463046 -0.00439624 -0.00374093 -0.00166581 0.000596756 0.0116465 -0.00239717 0.00277424 -0.000976528 0.00385925 -0.00615985 
