0.104869 -0.00550253 0.00525886 0.00613216 -0.000105434 -0.00103618 -0.00193568 -0.00507102 -0.00339033 -0.00529 0.00133311 -0.0122106 -0.00412034 -0.00044302 0.000323753 0.000664256 0.00115782 -0.000112173 -0.0030537 0.00422906 -0.00411616 -0.00293531 -0.00179127 0.00260146 -0.00185974 0.00396428 0.00419518 -0.00027063 -0.00449983 -0.0011557 0.000180305 0.00218265 -0.00479738 0.0022197 0.00246734 -0.00010023 -0.00110521 -0.000547543 0.00622485 0.0016627 0.00587565 0.0104973 -7.6591e-05 -0.00185578 0.00122094 -0.00323679 -0.00531545 -0.00184782 -0.00261898 -0.00300089 -0.0030656 -0.000195944 -0.00335467 -0.000734234 -0.00137096 0.00100848 -0.00274973 -0.00378127 -0.00260697 0.000469569 -0.00205757 0.000344552 0.00273124 -0.00997688 0.000821808 -0.00452063 -0.00153025 0.00206516 1.98342e-07 -0.000963744 -0.000146001 -0.00215039 -0.00275657 -0.000239802 0.000170215 -0.00451243 -0.00297396 0.00346968 -0.0058103 0.000287551 -0.00433737 -0.00177016 -0.00443909 -0.00351477 -0.00193029 -0.00281846 -0.00517356 -0.00300276 0.00280248 0.00245268 -0.00368575 -0.00280194 -0.000745272 -0.00727758 0.000941668 -0.00483396 0.00186185 -0.0014888 -0.0035968 0.00362887 
-0.00550253 0.0935498 0.00375066 0.00180465 0.00117598 0.0022237 0.00224902 0.00647438 -0.00104146 0.00375484 -0.0010851 0.00179839 -0.000665359 0.00299509 0.00396422 0.000348231 3.29625e-05 -0.000462576 -0.000895472 -0.0042678 0.00066018 0.00165428 1.92723e-05 0.00136086 -0.00217707 0.00599213 -0.00191355 -0.00929433 -0.00375252 0.000812232 -0.0021286 0.000598961 0.00305349 -0.00200832 -0.0016638 -0.00366063 0.0028133 0.000359782 -0.0116582 -0.000404444 -0.00470965 -0.00326883 -0.000689606 -0.0010084 -0.00176633 -0.00892619 -0.00115432 0.000757807 0.00022971 -0.00818168 -0.00273985 -0.00560546 -0.00503892 -0.00567722 -0.00165419 -0.000102933 -0.00535736 -0.00529245 0.00237998 -0.00330679 -0.00401338 -0.0109011 -0.00614575 -0.00340124 -0.000598833 -0.00371446 0.00100411 -0.000304541 -0.00328865 -0.00294498 -0.000912561 -0.002095 -0.00194765 -0.0009042 -0.00272732 0.00395965 -0.000206786 -0.000551006 0.00454454 -0.00158081 -0.00167339 -0.000456148 -0.00324968 -0.00241102 -0.00323721 -0.00510254 -0.00317779 0.0060656 -0.00601916 -0.001876 -0.00291895 0.00308649 0.00213773 0.00243255 0.000852417 0.00469536 -0.00112755 0.00632392 0.0114318 0.00320158 
0.00525886 0.00375066 0.0716062 0.000387302 0.000129972 0.0036342 0.00119238 0.00523238 0.00982938 0.000857314 -0.00325603 -0.00213955 -0.000489044 -0.0061444 0.00279302 0.000598221 -0.000401399 -0.00238106 -0.00185982 -0.00339172 -0.00298478 -0.000645075 -0.00429179 0.00431897 0.00177892 0.00724908 0.00256541 -0.00419044 -0.00203202 0.0045152 -0.0020877 -0.00227176 -0.00193687 0.00138334 0.00538224 -0.000857912 0.000184282 -0.00377248 -0.0104213 -0.00299122 -0.00624008 0.000703863 0.0032953 5.64467e-05 3.60852e-05 -0.00197084 -0.00292973 -0.0018419 -0.000431159 -0.00278567 -0.00648959 -0.00334723 -0.00758598 0.00327433 -0.00562703 0.00417638 -0.00103545 -0.00365705 -0.00117875 0.000437776 0.0016992 -0.00461768 -0.00391414 -0.00267286 -0.00027015 -0.000668787 -0.00263389 -0.00140303 -0.000882034 -0.0010722 -0.000541273 -0.00353031 -0.00123438 -7.53743e-06 -0.00189368 -0.00242559 -0.00185919 -0.00218971 0.00249352 0.00214317 0.000508745 -0.000282858 -0.0041671 -0.0021529 -0.00199703 0.00196738 -0.00059848 -0.00117611 -0.00349623 0.00147883 -0.00383442 0.00308688 -0.00296846 -0.000130974 -0.00208444 -0.00281304 0.0010405 0.00108742 0.000842865 0.000209302 
0.00613216 0.00180465 0.000387302 0.0969629 0.00108873 0.0030702 -3.32995e-05 -0.00521829 -0.00165348 -0.0113763 -0.00224795 -0.00537219 -0.00268759 -0.0045527 0.00155965 0.000732794 -0.00253997 -0.00167762 0.00116764 -0.00265002 0.00570476 -0.00389817 -0.00289225 0.00691532 -0.00502639 0.00380954 -0.00183958 0.000282702 0.000543426 0.00134132 0.000276703 0.00214205 -0.0014082 -0.00164634 -0.00199351 -0.0040973 0.000401821 -9.82092e-05 0.00234119 0.00580848 0.00265979 0.000875919 -0.00660517 -0.000944941 0.0033139 -0.0065609 -0.0116159 -0.0016243 -0.00122038 -0.00825121 -0.00288872 -0.00642636 -0.00239093 0.00304515 0.0020203 0.00278937 0.00732434 -0.00468957 -0.000322514 -0.000359521 -0.00419806 -0.00371967 -0.00264977 -0.0016023 0.00209733 -0.00364617 0.00124098 0.006306 -0.00631011 -0.00613406 -0.00134566 -0.00263427 -0.00197547 -0.00135747 0.00161162 -0.00222609 -0.00340967 -0.0010856 -0.000922569 0.00465972 0.000433694 -0.00183235 0.00234956 -0.00426693 -0.00121556 2.06511e-05 -0.00102792 0.00136494 0.00264287 0.00286121 -0.00144384 -0.00150656 0.00126684 -0.0133803 -0.0010089 -0.0024048 -0.00396888 0.0019312 -0.00408538 0.00287954 
-0.000105434 0.00117598 0.000129972 0.00108873 0.0916458 0.00582275 0.00132888 0.000741496 -0.00235761 -0.0088485 -0.00585265 0.00952306 0.00530591 -0.0103124 -0.00369685 5.8496e-05 -0.00312652 -0.00246967 -0.000184709 -0.000357971 -0.0079574 -0.00182481 0.000400316 -0.00324445 0.00190031 0.000586895 0.000907576 -0.00396238 -0.000371658 -0.00652655 -0.00183849 -0.00483381 -0.00421043 0.000276831 0.00113862 -0.00465695 0.00291258 -0.00192409 -0.00738004 -0.00889352 -0.00708523 -0.000253415 -0.00354108 0.00244092 -0.00487777 -0.00510564 0.00791818 0.00114141 -0.00176687 -0.00304893 -0.00262856 0.00548865 -0.0055169 0.000184125 0.00116804 0.00524481 -0.0045557 0.00032453 0.00235935 0.000917459 -0.00303214 0.00666665 -0.00500952 0.00954984 -0.00222948 0.00664432 0.000163217 0.00241184 0.00327007 -0.00402884 -0.00227627 -0.00182605 -0.0013356 -0.000290262 0.00841935 -0.00332375 -0.000591265 -0.00597699 0.00111633 -0.0061753 0.00441927 0.00018711 -0.00784607 -0.00309103 -0.00563713 0.00250202 -0.00280087 0.00189233 -3.594e-05 0.000556873 -0.00705599 0.00741769 0.00177814 -0.00354342 0.000148836 0.00125083 -0.00149205 -0.00367177 -0.0037234 -0.00221624 
-0.00103618 0.0022237 0.0036342 0.0030702 0.00582275 0.0833698 -0.001219 -0.00212329 0.00265404 0.00171801 0.00242982 -0.00385917 0.00501668 -0.00707345 -0.0019838 -0.000603472 0.00334552 0.000894043 -0.00151779 -0.00293474 -0.002889 0.00138612 -0.00699059 0.000654671 0.00496852 -0.00292773 -0.000376335 -0.00661659 -0.00159374 -0.00129096 -0.00202975 -0.00599104 -0.00558665 0.00344756 0.00203094 -0.00581468 0.00254144 0.00186906 -0.00461995 -0.00145953 -0.00702649 -0.001473 -0.00169416 -0.00264129 0.00515207 -0.0088093 0.0024667 8.19608e-05 -0.00186315 0.000474767 -0.00467362 -0.00483264 -0.00805303 0.000449071 -0.0059739 0.00107386 -0.00275492 0.00256679 6.53857e-06 -0.00181378 0.00431191 0.00236437 -0.00345056 0.00332394 0.00117124 0.00293839 -0.000687515 -0.00171771 5.71364e-05 -0.000269364 -0.0015057 -0.000441645 -0.00115241 -0.00152153 0.00785244 -0.0029112 -0.000577137 -0.000951947 -0.00134157 0.000544341 0.00280285 -0.00136989 -0.00565178 -0.00189942 0.00229029 0.0001201 -0.0044947 -0.00367732 -0.00315256 -0.0015585 -0.000862688 0.000498695 -0.00222579 -0.00135649 -0.00169406 -0.00427461 0.00047107 0.00309892 -0.00382186 -0.000479842 
-0.00193568 0.00224902 0.00119238 -3.32995e-05 0.00132888 -0.001219 0.0831871 -0.00043062 -0.00126694 -0.00441816 -0.00450526 0.00442489 -0.00198159 0.00641258 0.00198263 0.00235738 0.000819369 0.000866995 -0.00173235 -0.00234582 0.00114091 -0.0027314 -0.0028856 -0.00231284 -0.00582179 -0.000135562 -0.00162689 -0.00587189 0.00013175 0.00208115 -0.00112952 -0.00289314 -0.00229986 -0.00213267 0.00743727 -0.00472951 0.000374922 0.0033107 -0.00702801 0.000437252 0.0125949 -0.00167488 0.000755114 -0.000740044 -0.000139582 0.00099185 0.00504612 -0.000971845 -0.000118014 0.00114336 3.18175e-05 -0.00115763 -0.00321657 -0.000753223 -0.00318461 -0.00232822 -0.0014126 -0.00773165 -0.00300755 -0.000857653 -0.00474234 -0.0043103 -0.002532 -0.000402223 -0.00183348 -0.00197357 -0.0023529 0.000653806 -0.00175622 -0.00144995 -0.0016768 -0.00525416 -0.00144756 -0.0016332 -0.00141306 -0.000314841 -0.000143562 -0.00374628 -0.000713218 0.00410999 -0.0014709 0.000800977 0.00111443 -0.00165102 0.00231513 -0.00732978 -0.00295355 -0.00356976 -0.00489368 -0.00223191 0.00118973 0.00334707 -0.00303218 -0.0059181 -0.00106049 0.00520301 -0.000621799 0.00441396 0.00199857 -0.00425469 
-0.00507102 0.00647438 0.00523238 -0.00521829 0.000741496 -0.00212329 -0.00043062 0.127512 0.0161732 0.0165825 0.00063174 0.00670805 0.00637306 0.00050926 -0.00434545 0.000853076 0.00580961 -0.00115176 -0.00560746 -0.00470246 0.00264964 -0.00251724 -0.00927685 0.00252214 -0.00149028 -0.00661071 -0.00109531 -0.00319582 0.000105722 -0.00252605 0.00396716 -0.0020227 0.0013705 -0.00186421 -0.0038082 -0.00427181 0.00148397 0.00036114 -0.00724813 -0.00770655 -0.00263863 -0.00818589 0.00112428 -0.002013 0.000295424 -0.00450942 0.0062725 3.20198e-05 -0.00125889 -0.00175794 -0.0115084 -0.00714929 -0.00391361 -0.00170808 -0.00141358 0.00125083 -0.00840015 -0.00133496 0.00218314 -8.90497e-05 -0.000225286 -0.00349268 0.000200776 -0.00246356 -0.00232635 -0.00683627 -0.00195369 -0.00218903 0.00474361 0.00575532 0.000424249 -0.00429971 0.00359724 -0.000234962 0.00288177 -0.00453375 -0.000519652 -0.00739357 -0.000990144 -0.00290568 -0.00614018 -0.00276299 -0.00846601 -0.00295333 -0.00283346 -0.0167799 -0.00804594 0.00221576 -0.00485741 -0.00487818 0.000787305 0.00937923 -0.00380453 0.00104926 -0.00411812 -0.00308835 0.000922793 0.00123828 -0.00158435 -0.00157274 
-0.00339033 -0.00104146 0.00982938 -0.00165348 -0.00235761 0.00265404 -0.00126694 0.0161732 0.149559 0.0161847 0.0112494 0.00772307 0.002415 -0.00433152 -0.00288757 0.00415509 0.000561298 -0.00201786 -0.00398428 -0.00899196 0.00506229 -0.00583212 0.00519048 -0.00682983 0.00359282 0.00674696 -0.00169118 -0.000265667 0.00390268 0.00879594 -0.0051475 0.0108606 -0.00874545 -0.00243849 -0.00973986 -0.0115323 -0.00431031 -0.00513107 -0.00588905 -0.0128864 -0.00626578 -0.00391027 0.000650911 -0.00129704 0.00312072 -0.00157985 -0.00099099 -0.00130232 0.000141511 0.000783986 -0.0104842 -0.00985851 0.00193233 -0.00177733 -0.0129883 0.00290473 -0.010263 -0.00905301 -0.00187153 0.00637576 0.00434204 0.00841957 -0.00340286 -0.00306649 -0.0053959 -0.00716509 -0.00145577 0.00114745 0.00192757 -0.00271393 0.00470455 -0.00943252 0.00307583 -7.63034e-05 -0.00223447 -0.00382159 -0.0022859 -0.00598115 -0.00150752 0.00263465 -0.0045809 0.00144763 -0.00480687 2.70656e-06 -0.00999539 -0.0126931 -0.0031912 0.0107902 -0.0153067 -0.00524616 0.0103523 -0.00211053 -0.00602506 -0.00769412 -0.000186442 -0.0154201 -0.00342338 0.00669175 -0.0107542 -0.00212374 
-0.00529 0.00375484 0.000857314 -0.0113763 -0.0088485 0.00171801 -0.00441816 0.0165825 0.0161847 0.212183 -0.00782244 -0.00173123 0.00639709 0.00824857 0.00316068 0.00160596 0.0127277 -0.00669216 -0.00738607 -0.00452609 0.0054097 0.00632464 -0.00401413 -0.0120615 0.000193716 -0.00918756 0.00414184 0.00519576 -0.00428642 -0.00547455 0.00228265 0.000791628 0.019488 -0.00501476 -0.00557143 -0.0138838 -0.00121894 0.00442963 0.00842466 0.000619576 -0.0103502 -0.0124734 -0.00244512 -0.00662483 0.00505981 -0.00750019 -0.0153065 -0.000864043 -0.00181458 -0.00811307 -0.00967263 -0.0186309 -0.00570189 -0.0122967 -0.00419799 -0.00344227 -0.0055134 0.0107625 -0.00054632 -0.00336287 -0.000750553 -0.0125155 0.00515913 -0.000683374 -0.00323842 -0.0104085 -0.00981742 -0.00552695 -0.00466011 0.00610982 -0.00797258 -0.000356722 0.00367233 -0.00463478 0.00471291 -0.0157235 -0.000361831 -0.00318608 0.00500976 -0.00738275 -0.00465905 -0.00363712 -0.00449867 0.00574202 -0.00307647 -0.0140903 -0.00633325 0.00979006 0.00410346 -0.00602827 0.00593973 -0.00886682 -0.00966344 0.000441515 -0.00131081 -0.00970252 -0.00379967 0.00383743 -0.00252452 0.00200839 
0.00133311 -0.0010851 -0.00325603 -0.00224795 -0.00585265 0.00242982 -0.00450526 0.00063174 0.0112494 -0.00782244 0.149019 -0.0128849 0.000164254 -0.00832749 -0.00472362 -0.000990333 -0.00673342 -0.000919018 -0.00136699 -0.00707826 -0.00147466 0.010051 0.0125946 -0.00601265 0.000154539 -0.00236921 -0.00023791 0.00780748 -0.00339038 0.00738027 -0.00279541 0.0150544 -0.0131001 -0.00242167 -0.00598247 -0.00520604 -0.00581938 0.000587884 0.0120805 -0.0206545 -0.00495347 -0.00149448 -0.00432886 -0.00163877 0.00584805 -0.000458863 -0.00138035 -0.00116958 -0.00336217 0.0081467 0.016402 0.00934236 0.00981098 -0.00487226 -0.00905229 -0.00199273 -0.00327379 0.000710971 -0.00388722 -0.00227227 -8.04617e-06 -0.0013649 -0.00584442 -0.00984278 -0.00092818 -0.0138693 0.00943048 0.00871415 -0.00121728 -0.00573039 -0.000240446 -0.00177854 -0.0053851 -0.000568816 -0.00542322 -0.0033724 -0.00244521 -0.00721063 -0.00513547 -0.00327742 -0.00854697 -0.00259433 -0.000967006 -0.00668261 0.00151711 0.00154494 0.00456331 0.0108328 -0.00664795 -0.00314 0.00236066 -0.00721112 -0.00153956 -0.00206154 -0.000301181 -0.00900101 -0.00355778 -0.00148689 -0.0118261 0.000838701 
-0.0122106 0.00179839 -0.00213955 -0.00537219 0.00952306 -0.00385917 0.00442489 0.00670805 0.00772307 -0.00173123 -0.0128849 0.191832 0.0124707 0.0154785 0.00203595 -0.000312934 0.000925658 -0.0045507 0.00165575 0.000500445 0.00479731 -0.00980943 -0.00711905 -0.0141967 6.7875e-05 -0.00472399 -0.0024105 -0.0243446 -0.0098707 -0.013366 0.00230622 -0.00935993 -0.00764387 -0.0104584 0.00264014 -0.0137298 -0.00130165 0.00037029 -0.00954016 -0.0210986 0.00283297 -0.00606581 0.0075824 0.00308167 -0.0113067 0.00297044 0.0236943 0.00451933 0.00186232 0.0113096 -0.00548444 -0.000721059 -0.0199783 -0.000983048 -0.00208629 -0.00152705 -0.0113363 -0.0110036 -0.00124024 -0.00445614 -0.00131345 -0.00475931 -0.0125586 0.00384778 -0.00381483 0.0241705 -0.00439906 -0.000803535 -0.00180876 0.00542953 0.000211144 -0.000607602 -0.00867224 -0.000865313 0.00556881 0.00736586 -0.000470741 -0.0172119 -0.00571725 -0.0076232 0.0135077 0.00293984 -0.00927148 -0.00455326 -0.00473332 0.00213641 -0.00885373 -0.00261499 -0.0039106 -0.00225843 -0.00397881 0.000664176 -0.0062524 0.00391499 -0.00399521 0.011385 -0.000267735 -0.00150389 0.00361378 -0.00682359 
-0.00412034 -0.000665359 -0.000489044 -0.00268759 0.00530591 0.00501668 -0.00198159 0.00637306 0.002415 0.00639709 0.000164254 0.0124707 0.132857 -0.00167262 -0.00293097 -0.00408093 0.00591661 -0.00468526 -0.00104874 0.00799201 -0.0048939 -0.000959483 -0.00855271 0.000335443 -0.00349169 -0.0074144 0.0016099 0.000812637 0.0024345 -0.00165155 -0.00308095 0.00228349 0.000853296 0.000868532 0.00622095 -0.00363267 -0.000876881 0.00654654 0.00527197 -0.0117397 -0.00948403 -0.00562187 -0.00584665 0.0015161 -0.00713832 -0.000269453 -0.00179926 -0.0032155 -0.000219607 0.00198529 -0.00744882 -0.00679655 -0.0052764 -0.000337818 -0.0115499 -0.00401985 -0.00737404 0.00628467 -0.00196799 -0.0052579 0.00862465 0.0166302 -0.00377427 -9.36841e-05 -0.00544833 0.00286143 -0.0040147 -0.00467068 0.0113438 -0.00816494 -0.00487083 -0.0016134 -0.00120499 -0.00244376 0.00888853 -0.000602809 -0.00148465 -0.0098663 -0.00429813 -0.00644973 -0.00150742 -0.004216 -0.0113104 0.00365003 -0.00935672 0.00391782 -0.00759091 -0.00959807 0.00707943 -0.000840536 -0.00925682 0.00174783 -0.00293451 -0.0057699 -0.00102178 0.00165117 0.00174647 -0.00126282 -0.00847984 -0.0036454 
-0.00044302 0.00299509 -0.0061444 -0.0045527 -0.0103124 -0.00707345 0.00641258 0.00050926 -0.00433152 0.00824857 -0.00832749 0.0154785 -0.00167262 0.180558 -0.00928822 0.00531673 -0.000660748 0.00128739 -0.000974518 0.000515803 0.00842904 -0.00709674 -0.0102964 -0.00549309 -0.00116791 0.0107728 0.000398527 -0.0164908 -0.00559034 -0.00705851 -0.000693922 0.000865441 -0.00654698 -0.00501577 -0.00989828 -0.0111267 -0.00567077 0.00541189 0.0174892 0.00390668 0.0178131 0.000477136 0.00890702 -0.00079579 -0.000141436 0.00977655 -0.0168683 0.000999666 -0.00399477 -0.00199717 0.0103991 -0.0108757 0.004207 0.00189016 -0.011933 -0.00627357 -0.00848926 -0.00998634 -0.00670716 -0.0045336 -0.0140527 0.00344214 0.00555664 -0.00472949 -0.0111563 0.000359915 -0.00577806 0.000722976 -0.00923816 -0.00256866 0.00107064 -0.0107983 -0.00203316 -0.00181937 -0.00992647 0.000899991 -0.00240483 -0.00034326 -0.00636786 0.000757878 -0.00318239 0.00149792 0.00296405 -0.00104999 -0.000543589 -0.00467702 -0.00338253 -0.00939546 0.00490592 -0.000133168 0.00302965 -0.00125804 -0.00484919 -0.00436041 0.00422998 8.08534e-05 -0.00430517 -0.00597682 0.00222637 -0.00195675 
0.000323753 0.00396422 0.00279302 0.00155965 -0.00369685 -0.0019838 0.00198263 -0.00434545 -0.00288757 0.00316068 -0.00472362 0.00203595 -0.00293097 -0.00928822 0.125934 0.00338998 0.00519285 0.00127915 0.00289706 -0.00119812 -0.00939592 0.000498148 -0.00355229 0.00165376 -0.00218288 -0.00233094 -0.00390339 -0.00375802 -0.00966941 0.0101695 0.00200111 -0.00852982 0.00318946 -0.000247181 0.00624349 0.00029535 0.00256768 -0.00555477 -0.012706 0.00690965 0.000462661 0.000646044 -0.00417408 -0.00394367 -0.00188454 -0.0140733 -0.00433109 -0.00444309 0.0024683 -0.0132141 -0.00745775 -0.00378233 0.000865145 -0.00265969 -0.00102275 -0.00193088 -0.000635985 0.00798647 -0.00537497 0.00181822 0.00394261 -0.00973192 -0.00268394 -0.00515213 0.00243403 -0.00390412 -0.00409785 0.000684662 8.08138e-06 0.0146462 -0.000537536 -0.000198769 -7.01674e-05 -0.00126452 -0.00385742 0.000593778 -0.00254017 -0.00209173 0.000469881 -0.00958372 0.000939424 -0.00221231 0.00162328 -0.00567963 -0.00010963 0.00157716 -0.00571903 0.00154611 -0.00262273 -0.00534292 0.00441756 0.00352985 -0.00275949 0.000163457 -0.00477827 -0.00952042 0.00221985 0.00423683 0.00307935 -0.00212844 
0.000664256 0.000348231 0.000598221 0.000732794 5.8496e-05 -0.000603472 0.00235738 0.000853076 0.00415509 0.00160596 -0.000990333 -0.000312934 -0.00408093 0.00531673 0.00338998 0.0746769 0.00131812 0.00100825 4.58918e-06 -0.00181568 -0.00249143 0.00141486 -0.00102452 -0.00180456 0.000506042 -0.000514089 0.00119532 0.000298942 -0.00413452 -0.000786221 -0.00263375 0.00340236 -0.00145935 -0.00295489 0.00240145 -0.00277135 -0.00142119 0.00510174 -0.00791883 -0.00322426 0.00159375 -0.0016423 -0.00289968 -0.00200482 -0.00267601 -0.00850046 -0.00587967 -0.000654159 -0.000631839 -7.2843e-06 -0.00185794 0.00114838 0.00366066 0.0014643 0.0014196 -0.00131621 0.00248263 -0.00265918 -0.000334799 -0.00138377 0.000270469 -0.00235624 -0.00162467 -0.00415893 -0.00552815 -0.00327284 -0.00183092 -0.00250972 -0.00241342 -0.00325403 -0.000953847 -0.00360291 0.000202521 -0.000471412 -0.00253479 0.00162492 -0.000992629 -0.00521228 -0.00253626 0.000525494 -0.0018486 0.000465199 -0.00436376 -0.00170675 0.00385148 -0.000909853 -0.00107377 -0.00243621 -0.000557856 -6.46627e-05 0.0035538 2.75738e-05 -0.00165176 -0.00583866 -0.00138234 0.000561564 0.00108801 0.00284977 0.00305217 -0.00277334 
0.00115782 3.29625e-05 -0.000401399 -0.00253997 -0.00312652 0.00334552 0.000819369 0.00580961 0.000561298 0.0127277 -0.00673342 0.000925658 0.00591661 -0.000660748 0.00519285 0.00131812 0.148902 0.00214139 -0.00383429 -0.00135375 -0.00234495 -0.00558844 -0.00431828 -0.00218664 -0.0111847 -0.0152997 0.00342413 -0.00379182 -0.00114701 -0.00221497 0.000146337 -0.00103351 -0.00474717 -0.00443599 -0.00188561 -0.00231155 -0.00251765 0.00926457 -0.00141388 -0.00703073 -0.00747887 -0.00822925 -0.00435574 -0.00392225 0.00741749 0.00257252 -0.00182392 -0.000835888 0.00195573 -0.0057488 -0.00818733 -0.00458427 -0.01127 0.00205436 0.00268646 -0.00339049 -0.00241334 0.00796927 -0.00312009 -0.00251984 0.0102079 -0.0186111 -0.0109133 -0.000328432 0.00195522 -0.00882193 -0.001174 -0.00327927 -0.00163416 -0.001739 -0.00230383 0.00704822 0.00619123 -0.00123894 0.00232531 -0.0120938 -0.00118859 -0.00484016 -0.00223001 -0.00481383 -0.00554632 -0.00332058 -0.00586923 -0.00582554 0.00878952 -0.00751022 -0.00317448 0.000445899 0.00241259 -0.000730518 -0.00655671 0.00331058 0.00466999 -0.009034 -0.00331683 -0.00350381 0.00505131 0.0108343 0.00236615 -0.00236856 
-0.000112173 -0.000462576 -0.00238106 -0.00167762 -0.00246967 0.000894043 0.000866995 -0.00115176 -0.00201786 -0.00669216 -0.000919018 -0.0045507 -0.00468526 0.00128739 0.00127915 0.00100825 0.00214139 0.0716409 -0.000211938 0.00165468 0.000178437 -0.00247121 0.0025047 -0.00175901 -0.00442133 -0.0009539 -0.000741158 -0.00291486 0.000325184 0.000881306 0.00149073 0.0024311 -0.00455045 -0.0027297 -0.00128166 -0.00040645 -0.000433132 -0.00317101 -0.00520845 0.00490062 -0.000536423 -0.0024912 -0.00230766 0.000536636 0.00472395 -0.00128723 4.76141e-05 0.00119216 -0.00131672 -0.0001345 0.000165754 -0.000204031 0.000172225 -0.000634646 0.00548575 -0.00114665 0.00399126 -0.00416532 -0.00508874 -0.0017531 -0.000333482 -0.00402344 -0.00103072 -0.000164984 0.001077 -0.00686016 0.00234749 0.00047104 -0.000245413 0.00579844 -0.0010615 0.000474901 0.00202766 -5.85515e-05 -0.00116019 0.00109934 0.00046353 0.00231413 -0.00265151 0.000278703 0.00144591 0.00194619 -0.00362492 -0.00452694 0.00065386 -0.0056296 -0.000883757 -0.00165258 -0.00107634 -0.00167384 -0.0028205 -0.00167359 0.000209821 -0.001756 0.00171608 -0.00389591 0.000565516 -0.00338192 -0.00200639 -0.0010572 
-0.0030537 -0.000895472 -0.00185982 0.00116764 -0.000184709 -0.00151779 -0.00173235 -0.00560746 -0.00398428 -0.00738607 -0.00136699 0.00165575 -0.00104874 -0.000974518 0.00289706 4.58918e-06 -0.00383429 -0.000211938 0.0842888 -0.00224905 0.00473949 0.00267743 -0.0043283 -0.00195408 -0.00247041 0.000338781 0.00107196 -0.00523553 -0.00485189 -0.00394781 -0.00211408 -0.00170823 0.00897326 -0.00121671 -0.00232424 0.00180084 0.00426977 -0.00536151 -0.00605871 -0.00244807 0.00346141 0.00175129 -0.00368221 0.00156547 -0.00291536 -0.0102995 -0.00303529 -0.000915131 -0.000489237 -0.00521032 -0.00173843 0.00276124 0.00265034 -0.00467479 -0.00159523 0.00299252 -0.00220823 -0.000459537 0.000251775 -0.00110372 -0.00237982 0.00303244 0.000730004 0.00494359 0.00151425 -0.00349611 -0.00119391 0.000316277 -0.0038988 0.00378588 -0.00102956 -0.00537305 -0.00235923 -0.00115026 -0.00326853 6.26893e-05 0.00220901 0.00196922 4.49288e-06 -0.00105689 -0.00058863 0.00140378 0.00108219 -0.00247657 -0.00266846 -0.00640751 0.00307545 0.00126384 -0.00563158 0.00220062 -0.00279563 -0.00172158 0.00112632 0.00354666 0.0015102 -0.00121065 0.000751112 0.00272585 0.00401913 -0.00363193 
0.00422906 -0.0042678 -0.00339172 -0.00265002 -0.000357971 -0.00293474 -0.00234582 -0.00470246 -0.00899196 -0.00452609 -0.00707826 0.000500445 0.00799201 0.000515803 -0.00119812 -0.00181568 -0.00135375 0.00165468 -0.00224905 0.119535 0.00576603 -0.000821686 0.000999331 0.00494583 -0.00107928 -0.00115664 -0.00207618 -0.00235038 -0.00461655 -0.00564122 -0.00380089 -0.00942298 -0.0027375 -0.00183184 -0.000942097 -0.0034196 0.0013202 0.00382395 0.00349336 -0.00144415 0.000270338 -0.00557544 -0.00147833 0.000563514 -0.00887257 -0.0103991 -0.00685602 0.00855985 -0.00174541 0.000719198 -0.00106605 0.00104863 0.0032401 -0.00752088 -0.00143399 -0.00433799 0.00455816 0.00200623 -0.00373109 0.0013831 -0.0081533 0.0144639 -0.00653075 -0.00430922 -0.00435275 0.000315483 -0.00269342 0.0033444 0.0115114 -0.00211023 -0.000840388 -0.0064998 0.000253089 -0.00215936 0.00203815 0.00169166 -0.00230059 -0.0043309 0.0049411 -0.0037852 0.000863356 -0.00147967 0.00612314 -0.0033895 -0.00367309 0.00152749 -0.000236308 -0.00551561 0.00939253 0.000114998 -0.0061994 -0.000666328 0.00152998 -0.00182722 -0.0023846 -0.00426803 -0.00074966 -0.00400019 -0.0111295 0.000570975 
-0.00411616 0.00066018 -0.00298478 0.00570476 -0.0079574 -0.002889 0.00114091 0.00264964 0.00506229 0.0054097 -0.00147466 0.00479731 -0.0048939 0.00842904 -0.00939592 -0.00249143 -0.00234495 0.000178437 0.00473949 0.00576603 0.138324 1.62349e-06 0.00621126 -0.00624416 -0.00652024 0.00319393 -0.00657064 -0.0162933 -0.00183797 -0.00355359 2.97026e-06 -0.00868058 -0.00571526 -0.000684858 -0.000526084 -0.010919 0.000301129 -0.00425637 0.00790158 -0.00147411 0.0144434 -0.00147152 -0.00119158 -0.00332806 0.00253504 0.00989368 -0.00302999 0.000866233 -0.000958471 -0.00276767 0.00787882 -0.00372916 0.00701555 -0.00349761 -7.74919e-05 0.000358632 -0.00233429 -0.0140212 -0.00660316 -0.00108112 -0.0141082 -0.00301289 -0.00358151 -0.00895467 -0.00307769 0.00324474 0.00224097 0.00273 -0.00723102 0.00250404 0.00812281 -0.00859805 -0.00387692 -0.00463243 -0.00328124 -0.00256484 -0.00340829 0.000373655 -0.0042511 -0.0057881 -0.00115946 0.000257887 0.00372775 -0.00550421 -0.00161897 -0.00580094 -0.00487959 -0.00675394 -0.00352463 0.000551275 0.00197026 -0.00828659 -0.00600805 0.00592047 0.003946 -0.000370075 -0.00144876 0.00194551 -0.00377491 0.00041205 
-0.00293531 0.00165428 -0.000645075 -0.00389817 -0.00182481 0.00138612 -0.0027314 -0.00251724 -0.00583212 0.00632464 0.010051 -0.00980943 -0.000959483 -0.00709674 0.000498148 0.00141486 -0.00558844 -0.00247121 0.00267743 -0.000821686 1.62349e-06 0.110762 -0.00233533 0.00325519 0.00208819 0.00404732 0.00102909 0.0126817 -0.00503291 -0.00154828 -0.00283835 -0.00624232 -0.000828906 -0.00482199 0.00191851 -0.00347941 -0.00124553 0.00313702 -0.00319965 -0.00229186 -0.00665184 -0.000443938 0.00167044 -0.00481 -0.000958454 -0.00710055 -0.00717512 -0.00071747 0.00102935 0.00808864 0.00557666 0.00948262 -0.00442404 -0.00078942 -0.00813774 0.000117632 0.00949522 0.00587214 0.00290582 0.000135713 0.00098979 -0.00775991 -0.00627334 0.00125781 -0.00597771 -0.00528025 -0.00263145 -0.0011952 -0.00477738 -0.010288 -0.00329609 -0.00102048 -0.00486054 0.000257936 0.00208271 0.000685137 -0.000511527 -0.00373636 0.00448884 -0.0044375 -0.00630626 -0.00030219 -0.00261125 -0.000430572 -0.00340978 0.00172203 0.00259456 -0.00305429 -0.0014623 -0.00369207 0.00196642 -0.00106547 -0.00311622 -0.00390593 0.00250629 0.00250435 -0.00212837 -0.00503709 -0.00687201 -0.00071376 
-0.00179127 1.92723e-05 -0.00429179 -0.00289225 0.000400316 -0.00699059 -0.0028856 -0.00927685 0.00519048 -0.00401413 0.0125946 -0.00711905 -0.00855271 -0.0102964 -0.00355229 -0.00102452 -0.00431828 0.0025047 -0.0043283 0.000999331 0.00621126 -0.00233533 0.170533 0.00295051 0.0100889 0.00904541 0.00144896 -0.000550916 0.00524259 -0.00222094 -0.0020392 0.000516017 -0.0144501 -0.00735757 -0.0104595 -0.00636144 -0.00397996 -0.0110172 0.00539617 -0.0151587 -0.00814241 -0.00666783 0.00366806 0.00039306 -0.011925 0.00416953 0.00174023 -0.00322719 -0.00135266 0.00535262 0.0136021 0.0128196 0.00844496 -0.00821873 -0.00211497 -0.0061666 -0.00995898 -0.0103461 -0.0024352 0.0170039 0.00261318 0.000902865 -0.00373455 -0.00671031 -0.00450534 -0.00237884 0.00494484 0.00400277 -0.0082737 -0.0138252 -0.000218371 0.000647558 0.000391782 -0.00064014 -0.00057703 0.00140262 -0.000974968 0.00224689 0.00265414 -0.00494148 -0.00535819 -0.00137834 0.00518139 -0.00470644 -0.00795253 -0.00606261 0.000111431 -0.00465087 -0.00121312 7.32706e-05 -0.00171358 -0.00391167 -0.00233309 0.00239371 0.00280449 -0.0133919 -0.00643407 -0.00296549 -0.0101309 0.00609725 
0.00260146 0.00136086 0.00431897 0.00691532 -0.00324445 0.000654671 -0.00231284 0.00252214 -0.00682983 -0.0120615 -0.00601265 -0.0141967 0.000335443 -0.00549309 0.00165376 -0.00180456 -0.00218664 -0.00175901 -0.00195408 0.00494583 -0.00624416 0.00325519 0.00295051 0.141382 0.00845225 0.00518303 0.00107163 0.00481338 0.00772586 0.0173746 -0.00316232 -0.00727167 -0.00529026 -0.0020496 -5.11576e-05 0.00479392 0.000817981 0.00759095 -0.0146312 0.00128431 -0.00568595 0.000242107 -0.00373163 -0.00232915 -0.00249667 -0.014561 -0.00595106 0.000636286 -0.00120183 -0.00956958 -0.0118973 -0.00591701 0.00370256 0.00479206 -0.000299713 0.00270986 0.000413867 -0.00728027 -0.00194392 0.00160979 -0.00129375 -0.00360974 0.00142706 -0.00641748 0.00550247 0.000875732 -0.00156138 -0.00273797 -0.00466077 -0.0023902 -0.00104005 -0.00475604 0.00193413 0.000838563 0.00406711 -0.00277967 -0.00401819 -0.00144938 0.0106023 0.00307206 -0.00684816 -0.00249806 -0.00847705 -0.00102002 -0.00111839 -0.00323193 0.00486688 -0.00501617 -0.002761 -0.00229289 -0.00651105 0.0034029 0.00239203 -0.00140365 -0.00698774 -0.0134354 -0.00312167 -0.00286829 -0.00671172 -0.0046528 
-0.00185974 -0.00217707 0.00177892 -0.00502639 0.00190031 0.00496852 -0.00582179 -0.00149028 0.00359282 0.000193716 0.000154539 6.7875e-05 -0.00349169 -0.00116791 -0.00218288 0.000506042 -0.0111847 -0.00442133 -0.00247041 -0.00107928 -0.00652024 0.00208819 0.0100889 0.00845225 0.116452 0.0111506 -0.00057581 0.00448315 -0.00210952 0.00227916 -0.00214951 0.00167833 -2.79826e-05 0.00384372 -0.00719901 -0.00585797 -0.00305783 -0.000140281 -0.00809465 -0.00219322 -0.0129715 0.00271347 0.00309933 0.000557091 -0.000784604 -0.0102388 -0.00158212 -0.000766797 -0.00176888 -0.00830441 -0.00482487 0.00150163 -0.00194849 0.0012021 -0.00775989 0.00102506 -0.00284352 0.00377836 0.00083282 0.00475816 0.00368221 0.00616953 -0.000448646 -0.000589043 -0.00300319 -0.00216856 -0.00473591 -0.00461837 -0.00238312 -0.00412694 -0.00199861 -0.00781205 -0.00120061 0.00328958 0.00457906 -0.00295518 0.00395578 0.000913856 0.00227753 -0.00304401 -0.000871207 -0.000684508 0.00213837 -0.00185367 -0.0054931 0.00239574 -0.00162286 -0.00341978 -0.0057476 -0.00529346 0.00435404 -0.0074062 -0.00323197 4.02855e-05 -0.00160996 -0.00978838 -0.00372761 0.00057084 -0.00377643 0.000190763 
0.00396428 0.00599213 0.00724908 0.00380954 0.000586895 -0.00292773 -0.000135562 -0.00661071 0.00674696 -0.00918756 -0.00236921 -0.00472399 -0.0074144 0.0107728 -0.00233094 -0.000514089 -0.0152997 -0.0009539 0.000338781 -0.00115664 0.00319393 0.00404732 0.00904541 0.00518303 0.0111506 0.135247 0.002853 -0.00111985 -0.00583603 0.00623951 -0.00467306 0.00495305 -0.00458393 -0.000652379 -0.00499303 -0.00601419 -0.003357 -0.000848066 -0.00384453 0.0017261 0.00175825 0.00434087 0.0108426 -0.00205308 -0.00539699 -0.00261804 -0.00953549 0.000777082 -0.00423941 -0.00283253 0.00156659 0.00294626 0.00407954 -0.00026069 -0.00756056 -0.00124176 0.0127043 -0.0134264 -0.00964 -0.000441293 -0.00217452 0.0064096 -0.0047676 -0.0034999 -0.00324647 -0.0105943 -0.00255726 -0.00506573 -0.0024655 -0.0103881 -0.000236019 -0.0135392 -0.00345188 -0.00107019 -0.0092611 -4.57174e-05 -0.00130734 0.000666516 0.000266685 0.002735 -0.0106478 0.000627201 -0.00499309 -0.00617959 -0.00902214 -0.00461282 -0.00342307 0.000337837 -0.00367505 -0.00257275 -0.00123913 -0.00261738 -0.00185319 -0.00417841 0.00376598 0.00523873 -0.00141672 -0.00854392 0.000627356 0.00464912 
0.00419518 -0.00191355 0.00256541 -0.00183958 0.000907576 -0.000376335 -0.00162689 -0.00109531 -0.00169118 0.00414184 -0.00023791 -0.0024105 0.0016099 0.000398527 -0.00390339 0.00119532 0.00342413 -0.000741158 0.00107196 -0.00207618 -0.00657064 0.00102909 0.00144896 0.00107163 -0.00057581 0.002853 0.0906551 0.00431417 -0.000582787 -0.00198871 0.000666185 -0.00486588 0.000932443 -0.00228205 0.00223556 0.00192958 -0.00147008 -0.00297686 -0.00601889 0.00116471 -0.00131708 0.00126282 -0.002989 0.000872633 -0.000899766 0.00552753 -0.00240992 -0.000230523 -0.000506074 -0.00380267 0.000818092 -0.0044312 -0.0064602 0.000582917 -0.000930425 -0.000940341 0.0036943 0.00144015 -0.00212928 -0.00434599 -0.00182698 -0.0040763 -0.00232914 -0.00307384 -0.000584929 -0.00734747 -0.00163589 -0.000545839 -0.00252825 -0.00590277 -0.0016888 -0.00119153 -0.000624734 0.00059379 -2.63782e-05 0.00268116 0.000951108 0.00226551 -0.00117285 0.000602692 -0.00110335 -0.000556824 -0.00862266 -0.00210797 2.71917e-05 0.0061378 0.000685914 -0.000480003 -0.00449329 -0.00268038 -0.00243456 -0.00375933 0.00243118 -0.00548809 -0.00269901 -0.00473021 -0.00128739 -0.00217033 -0.00204148 -0.0025383 
-0.00027063 -0.00929433 -0.00419044 0.000282702 -0.00396238 -0.00661659 -0.00587189 -0.00319582 -0.000265667 0.00519576 0.00780748 -0.0243446 0.000812637 -0.0164908 -0.00375802 0.000298942 -0.00379182 -0.00291486 -0.00523553 -0.00235038 -0.0162933 0.0126817 -0.000550916 0.00481338 0.00448315 -0.00111985 0.00431417 0.186139 0.00942521 0.0123734 -0.00202087 0.0117629 0.00746012 0.00404194 -0.00465677 0.0141682 -0.00494463 0.00817978 0.0134497 -0.00170283 -0.00855816 -0.00233706 -0.0112058 -0.00569926 0.00823454 -0.00870323 -0.0231409 -0.00308727 -2.16397e-05 -0.00211688 0.0021688 -0.00262261 -0.00601522 0.00477534 -0.00236114 -0.00147217 0.00964719 0.0221531 0.000751284 -0.0101678 0.0137416 -0.00916329 0.00202478 0.00317066 -0.00526924 -0.018342 -0.00188101 0.00317643 -0.00551378 -0.0211211 -0.00636384 0.010892 -0.00234484 0.00247515 0.0031291 -0.00852726 -0.00378395 -0.0126304 -0.00212538 0.0035926 -0.0167377 -0.00176362 -0.00982099 0.000919991 0.000715461 0.0173324 0.00614037 0.000984205 -0.00348231 0.000614418 0.00159054 -0.00415984 -0.000842632 -0.0209734 -0.00639251 -0.0180153 -0.00471052 -0.00486223 -0.0208234 -0.00491748 
-0.00449983 -0.00375252 -0.00203202 0.000543426 -0.000371658 -0.00159374 0.00013175 0.000105722 0.00390268 -0.00428642 -0.00339038 -0.0098707 0.0024345 -0.00559034 -0.00966941 -0.00413452 -0.00114701 0.000325184 -0.00485189 -0.00461655 -0.00183797 -0.00503291 0.00524259 0.00772586 -0.00210952 -0.00583603 -0.000582787 0.00942521 0.118392 -0.00311901 0.000322507 0.000422927 -0.00731295 -0.00461957 0.000860491 -0.00115416 0.00236647 -0.00224857 -0.00817212 -0.00772668 -0.0128969 -0.00224484 0.000365246 -0.0012632 -0.00285328 0.00228619 0.00394659 -0.00199731 0.00177155 -0.00249533 -0.00513218 0.00537855 -0.00165222 -0.00221259 0.00185451 0.00117289 -0.0019358 -0.007559 -0.00274668 -8.32438e-05 -0.00103919 -0.00281509 -0.00369326 0.00373355 -0.00215246 0.00295552 -0.00083331 0.00413938 0.0072549 -0.0112007 -0.00020477 0.00400379 0.00804311 -0.000158272 0.000627673 -0.00645484 -0.0017315 -0.00528985 0.00385872 -0.00581926 -0.00713532 -0.00173655 -0.00442348 0.0102112 -0.00196106 0.00259138 0.00903529 -0.00161364 0.00585469 0.0013268 -0.00655046 -0.00303623 0.000753957 -0.00200221 0.00114898 -0.00736654 0.000423754 0.00068726 -0.00253147 -0.00124564 
-0.0011557 0.000812232 0.0045152 0.00134132 -0.00652655 -0.00129096 0.00208115 -0.00252605 0.00879594 -0.00547455 0.00738027 -0.013366 -0.00165155 -0.00705851 0.0101695 -0.000786221 -0.00221497 0.000881306 -0.00394781 -0.00564122 -0.00355359 -0.00154828 -0.00222094 0.0173746 0.00227916 0.00623951 -0.00198871 0.0123734 -0.00311901 0.136719 -0.00512829 0.00558172 0.00301356 0.00353724 0.00170019 -0.00638543 0.000224306 0.00893006 -0.00361462 0.00374495 0.000959862 0.000853714 -0.00483026 0.000677621 0.00493406 -0.00236078 -0.0140932 -0.0033268 -0.000301833 -0.00272188 -0.00538624 -0.00981284 -0.00414642 0.00168419 -0.00797601 -0.00627233 0.00246951 -0.00154098 -0.00369701 -0.00547195 -0.001696 -0.00471529 -0.00395488 -0.00683906 0.000296854 -0.00365318 0.00059367 0.00354561 -0.00660412 -0.00174817 0.00342631 -0.00427506 -0.00180153 0.00144284 -0.00339625 0.00606192 0.00184042 -0.00597777 -0.000991267 0.00772824 -0.0117379 -0.000342964 0.00219496 -0.0085261 0.00187455 -0.00458978 -0.00637262 -0.00234429 -0.0122179 -0.00365946 0.00282981 0.00788661 -0.00339676 -0.0090658 -0.00641928 -0.0107658 -0.00297067 -0.00384933 -0.00102511 -0.00492176 
0.000180305 -0.0021286 -0.0020877 0.000276703 -0.00183849 -0.00202975 -0.00112952 0.00396716 -0.0051475 0.00228265 -0.00279541 0.00230622 -0.00308095 -0.000693922 0.00200111 -0.00263375 0.000146337 0.00149073 -0.00211408 -0.00380089 2.97026e-06 -0.00283835 -0.0020392 -0.00316232 -0.00214951 -0.00467306 0.000666185 -0.00202087 0.000322507 -0.00512829 0.0820798 -2.03614e-05 0.0037334 0.00133516 -0.00150854 0.00336778 -0.000340941 -0.00736627 -0.00592705 -0.00506455 -0.00447955 0.00108355 -0.000464643 -0.00329573 -0.00238575 0.00638646 0.000462137 0.000946309 0.000595463 -0.00625986 0.0034067 -0.00628475 0.00133036 0.00032394 -5.90993e-05 0.00230765 -0.00100508 -0.00234548 -0.00226166 -0.00404699 -0.000817836 -0.00896236 -0.000685808 -0.00363814 -6.50045e-05 0.00323017 -0.00208626 0.00297977 -0.00090924 -0.0027438 0.00241608 0.00196046 -0.000230104 -0.0013875 0.0012884 -0.000188959 -0.000536491 -0.00670124 -0.00148069 -0.00541072 0.00243478 -0.000187025 0.00365598 -0.00184091 0.0027891 0.00285831 0.00214695 -0.00121091 0.0016933 -0.000946341 -0.00935152 -0.0055948 -0.00362692 0.00642556 5.76849e-05 0.00528593 -0.00210511 0.00233966 0.00118323 0.00156921 
0.00218265 0.000598961 -0.00227176 0.00214205 -0.00483381 -0.00599104 -0.00289314 -0.0020227 0.0108606 0.000791628 0.0150544 -0.00935993 0.00228349 0.000865441 -0.00852982 0.00340236 -0.00103351 0.0024311 -0.00170823 -0.00942298 -0.00868058 -0.00624232 0.000516017 -0.00727167 0.00167833 0.00495305 -0.00486588 0.0117629 0.000422927 0.00558172 -2.03614e-05 0.161564 -0.00231163 -0.00207225 -0.0105645 -0.00109071 -0.0042121 -0.00700073 0.0058484 -0.00365585 -0.00807149 -0.00424876 -0.00950245 0.00572223 0.000122376 0.000300637 -0.00871595 -0.00649226 -0.00385439 0.0014497 0.00275738 -0.00174351 0.0187177 -0.00532539 -0.000776797 -0.00617556 -0.00506379 0.010097 -0.00777031 -0.00197405 0.0005597 0.00926036 -0.00466307 -0.00524757 0.00119363 -0.0163864 -0.000257077 -0.00303587 -0.00200246 -0.00746901 -0.00226469 -0.00114227 -0.00240529 -0.00418729 -0.0123052 0.00430061 -0.00531822 0.000585942 -0.00489122 -0.00176491 -0.0043377 0.00175039 -0.00626485 -0.010742 0.0016564 -0.00418513 -0.00428747 0.0142383 -0.00635763 -0.00596243 -0.00136047 -0.00390221 -0.00340595 -0.011694 0.00642497 0.00240925 -0.000726127 0.000583692 -0.00256838 -0.000165179 
-0.00479738 0.00305349 -0.00193687 -0.0014082 -0.00421043 -0.00558665 -0.00229986 0.0013705 -0.00874545 0.019488 -0.0131001 -0.00764387 0.000853296 -0.00654698 0.00318946 -0.00145935 -0.00474717 -0.00455045 0.00897326 -0.0027375 -0.00571526 -0.000828906 -0.0144501 -0.00529026 -2.79826e-05 -0.00458393 0.000932443 0.00746012 -0.00731295 0.00301356 0.0037334 -0.00231163 0.157656 0.000347794 0.00703878 0.00944181 0.00520231 0.00439013 -0.0207511 0.0028619 -0.00306907 -0.00564285 -0.00290615 -0.00108778 -0.0040146 -0.0099668 -0.012348 0.00275102 0.000939793 -0.0119208 -0.00887626 -0.00744525 -0.00484686 -0.00558444 -0.012052 -0.0054209 0.00590698 0.0202639 0.00475677 -0.00360339 0.000902617 0.00162748 0.00543388 -0.00122095 -0.00205228 -0.0117616 -0.00555466 -6.08648e-05 0.00900976 -0.00181167 -0.00207339 -0.00535084 0.000756253 -0.00256196 -0.00383576 0.00768329 0.00494553 0.00537257 0.00186918 -0.00538067 0.0011994 -0.0021476 0.0127667 -0.00187983 0.00650092 0.00256485 0.00240883 -0.00131971 -0.00306038 -0.000885306 -0.0115385 -0.0123506 -0.00585175 0.00265968 -0.00500433 -0.0155945 -0.00447653 -0.000956528 0.001839 -0.00460678 
0.0022197 -0.00200832 0.00138334 -0.00164634 0.000276831 0.00344756 -0.00213267 -0.00186421 -0.00243849 -0.00501476 -0.00242167 -0.0104584 0.000868532 -0.00501577 -0.000247181 -0.00295489 -0.00443599 -0.0027297 -0.00121671 -0.00183184 -0.000684858 -0.00482199 -0.00735757 -0.0020496 0.00384372 -0.000652379 -0.00228205 0.00404194 -0.00461957 0.00353724 0.00133516 -0.00207225 0.000347794 0.102607 0.00627213 0.00465661 0.000478487 0.00722994 0.00984373 -0.000762051 0.00368991 -0.00144971 0.000633454 0.000156398 -0.00343114 0.000888049 -0.00502144 0.000316022 -0.00239189 -0.00714535 0.00070786 -0.00216514 -0.00779804 0.000613075 0.00100694 0.00137919 -0.00117264 -0.00159752 -0.000448706 -0.00288939 -0.000858493 0.00851783 0.00851006 0.00147365 0.000327336 -0.00794655 -0.00175023 -0.00492793 -0.00331905 -0.00139969 -0.00119203 -0.00557346 -0.00212617 0.000216384 -0.00139087 -0.00284672 -0.00112102 -0.00118108 -0.00492726 0.00444873 -0.00662821 -0.00232897 -0.00354461 0.00120163 -0.00802626 -0.0118063 -0.00333321 -0.0016155 -0.00497311 -0.0013213 0.000953836 -0.00157375 -0.00180223 0.00605112 0.00246738 -0.00216768 0.00531403 -0.00307368 -0.00242018 0.00114264 
