0.101136 0.00235339 -0.00178239 2.79289e-05 0.00486988 0.00451053 -0.00557342 -0.00823519 -0.00178959 -0.00207564 -0.00472174 -0.000905165 -0.000310171 0.0045493 0.000312889 0.00197517 -0.00238645 -0.00276801 -0.00226484 -0.00395314 -0.00237349 0.00326908 -0.00556914 -0.00725631 0.00379032 -0.00330267 -0.00274043 -0.00216145 -0.00141064 0.00212133 3.43583e-05 -0.00574379 -0.00740109 0.00142347 -0.00232511 0.00130648 -0.00265458 0.000908578 -0.00191702 -0.000828355 -0.00488489 -0.00368 0.000621637 -0.00611817 0.00198065 -0.00482174 -0.00606455 0.00371174 0.000195451 -0.00366134 -0.00275149 -0.00422354 0.00231143 0.00138913 0.00187065 -0.00564196 0.00148652 -0.00145487 0.0032728 -3.29817e-05 -0.00525638 0.000510468 -0.00340135 0.000230212 -0.00243026 -0.00193929 -0.00381282 -0.00419333 0.000193545 0.00242961 0.00133954 -0.00337706 -0.00297294 -0.00175592 4.35533e-05 -0.00160813 0.00104779 0.00214354 -0.00397344 0.00234498 0.00526334 -0.0018745 -0.000290087 0.00268966 0.00166111 0.00336405 -0.00331268 -0.00221437 0.00279525 -0.00619284 0.000354055 -0.00313803 -0.000135516 -0.00118826 -0.00519552 0.00594683 -0.00353478 0.00256108 -0.000178122 0.00341359 
0.00235339 0.11482 0.00161438 -0.0011248 0.00459226 0.0064746 0.00475659 0.0038577 0.000296347 0.000986638 -0.00168365 0.00508895 -0.00298465 -0.00235318 -0.0110217 -0.00488321 -0.00330376 0.000129716 -0.000647088 -0.00119663 0.0129676 -0.00648952 -0.00197452 0.00342322 -0.010506 -0.00500192 -0.00689377 0.000981451 -0.00297179 0.00711268 0.00407396 0.00124722 -0.00351217 -0.00350673 0.00115541 -0.00206606 -0.00631996 -0.00943651 0.00395806 0.00258264 0.00685885 -0.00491445 0.00634856 -0.0181673 -0.00217121 0.00247998 0.0018983 -0.00422439 -0.00444629 -0.000381617 0.00700971 -0.004719 -0.000106236 -0.0063909 -0.00416325 -0.00311188 -0.00481986 -0.000653817 -0.00106972 0.0050318 -0.001971 -0.00132168 0.00249783 -0.00242375 -0.00684437 0.00336939 -0.00344332 -0.00291762 6.10458e-05 -0.00260997 -0.00168073 -0.00670853 0.000277306 0.0021729 -0.00194973 -0.00458797 0.00408513 -0.00205502 0.00204803 -0.00827946 0.000810657 -0.00320072 -0.0109416 0.00297754 0.00368608 0.000295845 -0.00791327 -0.00761844 0.000820505 0.00679433 0.00167835 -0.000219259 0.00287506 0.00454806 -0.0018404 -0.00220624 -0.00499826 -0.00687943 -0.00382412 -0.00744553 
-0.00178239 0.00161438 0.122963 -0.00367703 -0.000673353 0.00333135 0.0102651 0.00282175 0.00166525 0.000810129 0.0027163 0.00401246 -0.00240024 -0.00719266 0.000846887 -0.00448624 0.00251515 -0.00315702 -0.00376007 0.00399703 -0.00621906 0.00187994 -0.000879231 -0.00985725 -0.00106813 0.00158715 0.00334394 0.00299324 -0.00264032 -0.00513406 -0.00567709 -0.00265605 0.00959414 0.00268381 0.000237909 0.00332526 -0.000243433 -0.00667012 0.000822279 0.00073768 -0.00102489 -0.000387057 -0.000770919 0.00634214 -0.00288201 -0.0122794 -0.00379634 -0.003868 -0.00646845 -0.00152381 -0.00529283 -0.0046699 -0.00187109 -0.00362379 -0.00676127 -0.00262197 0.00795142 -0.00100063 -0.000922615 0.00183366 0.00446585 0.000658715 0.00519995 0.00651623 0.00718798 -0.00380394 0.012327 -0.00240198 -0.00415851 -0.00345523 -0.00537042 -0.0122348 -0.00134449 -0.000604303 -0.00707484 -0.00434787 -0.00250302 -0.000712348 0.000704983 -0.0114734 -0.0048528 -0.00403503 -0.00827946 0.00808884 -0.00143923 -0.00173152 -0.00637551 -0.00517083 -0.00717339 -0.00283994 -0.00232045 -0.00231995 -0.00111839 -0.00517164 8.91889e-05 -0.00674836 0.00114479 0.00169632 0.00136764 -0.00333878 
2.79289e-05 -0.0011248 -0.00367703 0.215253 0.00994187 0.0151402 -0.00603878 -0.00704327 -0.00609419 -0.000586628 -0.000210933 0.00161702 -0.000137523 0.000386692 -0.00465279 -0.011149 0.00365311 0.00134354 -0.00617019 -0.0286743 -0.0125826 -0.0176118 -0.00860837 -0.00771072 -0.00888419 -0.0202368 0.00309217 -0.00333168 -0.0024286 0.000778221 0.0044 -0.00179442 0.00777957 -0.00629098 0.00349511 -0.00898225 -0.00048695 -0.0196077 -0.00656849 -0.0073846 -0.00176677 -0.0106659 -0.0178281 0.0047625 -0.00373744 0.00483565 -0.00340955 -0.000801447 -0.00470592 -0.00418874 -0.0102788 -0.00054192 -0.0125631 -0.00375687 -0.00304415 0.00892705 -0.00201276 0.00081969 -0.00232234 0.00419808 0.00674485 -0.00141962 -0.0116878 0.00450783 -0.00230894 0.000917829 -0.00592969 -0.0104774 -0.00366501 -0.00619122 0.00225098 0.0124238 -0.0077367 -0.00139898 0.0177728 -0.00327541 -0.00836582 0.00285944 -0.00539094 0.00571008 -0.00888846 -0.00481037 -0.0111756 -0.00501745 -0.000649984 0.0152862 0.00325552 0.0119793 -0.00117962 -0.00117795 0.000151646 -0.00199767 -0.0011638 -0.00523206 0.00260145 0.0032532 0.00648105 0.00579611 -0.00204602 0.00843601 
0.00486988 0.00459226 -0.000673353 0.00994187 0.133994 0.00194914 -0.00684137 -0.00482489 0.00240386 -0.000838565 0.00519506 0.00460917 0.00215417 0.00147733 0.0152324 0.000920906 -0.00128345 0.00376991 0.000548651 -0.0030422 0.000229452 0.000528182 -0.00417977 -0.00535963 -0.00741374 0.000324247 -0.000204173 -0.00565038 0.00488263 -0.000734328 -0.000175657 0.00311781 -0.00421353 -0.00147146 -0.00367476 -0.00244038 -0.0066121 -0.0100572 0.000805002 -0.00461779 -0.00153347 -0.00434257 -0.0115374 -0.00720563 -0.00371865 -0.0118376 -0.00516838 -0.0110132 0.00142473 -0.00267732 -0.00316319 -0.00207101 -0.00171651 0.000522286 -0.00379523 -0.000186647 -0.00915223 0.00107225 -0.00324287 -0.00227776 -0.00800383 0.000238201 0.00830152 0.00260588 0.0028018 0.00359751 -0.0103051 -0.00141139 0.00917082 0.00140155 0.00276657 0.00481175 -0.00555932 -0.00101058 0.00659291 0.00420978 -0.00411444 -0.00341756 -0.00334214 -0.00190704 -0.00442733 -0.004121 -0.00326382 0.00272507 -0.00480152 -0.00451519 0.00623774 -0.00343884 0.000407861 -0.0102274 -0.000154097 -0.00498241 -0.00257332 -0.00309959 0.00345299 0.00363768 -0.00364716 -0.00439757 -0.00986581 -0.00598963 
0.00451053 0.0064746 0.00333135 0.0151402 0.00194914 0.105949 -0.00714846 -0.00354785 0.00637853 0.00535615 0.00141081 -0.000399544 -0.0021856 -0.00249887 -0.000186766 -0.00426857 0.00186205 -0.00342859 0.00188751 -0.0102192 -0.00412676 -0.00357398 0.000645521 0.0030416 -0.00489365 -0.00793994 -0.00275254 -0.00309178 -0.00121721 -0.00383482 -0.0063495 -0.00699884 0.00785377 -0.000558802 -0.00290164 -0.00148255 0.00246495 -0.00652001 0.00208125 -0.00222221 -0.00124553 -0.00472431 -0.00483585 -0.00898181 -0.00933656 -0.00377142 -0.0027121 -0.00603964 -0.00403328 -0.00389785 -0.00381337 -0.00388292 -0.00347168 -0.00385697 -0.0039909 -0.00315441 0.00447695 -0.000738778 -0.000230229 -0.00262308 -0.00101112 0.00238758 0.00568619 -0.00154032 0.00119017 -0.000803979 -0.00407918 -0.00165578 0.00612167 -0.000374146 -0.00479103 0.00895737 0.00240145 -0.000570892 0.0074466 -0.0025841 -0.000132163 -4.16134e-05 -0.00224651 -0.00711836 -0.00179352 -0.000705011 -0.00559257 0.000476429 0.000756261 0.0031658 -0.00659073 0.000279723 0.00351843 -0.00613469 -0.00185529 -0.00556757 -0.00046025 -0.000114959 -0.0024451 0.00176648 0.00192317 -0.007459 0.00432451 0.00814014 
-0.00557342 0.00475659 0.0102651 -0.00603878 -0.00684137 -0.00714846 0.140736 0.00991715 -0.00341048 0.0020418 0.00720504 -0.00343485 -0.00253109 0.00173163 -0.00871862 -0.00113102 -0.0106419 -0.00430981 0.000302673 -0.004113 0.00139719 0.011077 -0.00383474 -0.00128986 0.0053903 -0.000543682 -0.000849246 -0.0030055 -0.00394891 -0.00524026 -0.00107141 0.00470598 0.000238267 -0.00647522 -0.00100401 0.000723548 -0.00365667 0.00865088 0.00503476 -0.00255244 0.00149622 0.00387153 0.00146302 0.00544763 0.0176765 0.00121838 -0.00708065 -0.00271666 0.000136229 -0.00299586 -0.00228355 -0.00175621 -0.00165998 -0.00367027 -0.000825804 -0.0037794 0.00655292 0.00102033 -0.00366946 0.00114636 -0.00689212 -0.0115818 -0.00113874 -0.00715193 -0.00448145 0.000465587 0.00384805 0.00212874 -0.00803252 -0.00371206 -0.00377633 -0.0092859 -0.00740898 -0.00134216 -0.0124957 -0.00117465 0.000709139 -0.00267609 -0.000389382 -0.00338332 -0.00814516 0.00509218 -0.00111695 -0.00621529 -0.00276428 -0.0114684 -0.00575134 -0.00349089 -0.00223618 0.00687709 -0.00163141 0.000633521 -0.00073052 -0.00160618 -0.000971585 -0.00679041 0.00618255 0.00120231 -0.00573755 -0.00996052 
-0.00823519 0.0038577 0.00282175 -0.00704327 -0.00482489 -0.00354785 0.00991715 0.151003 0.0135932 0.00355742 0.00722097 0.00494266 0.00659943 0.0051215 -0.00710698 0.000144501 -0.00111377 -0.00244442 0.00297505 -0.0106398 -0.00273912 -0.00343275 -0.00260498 0.0024993 -0.00615653 0.00851793 -0.00152078 0.00391362 -0.00529915 0.0068609 -0.000702116 -0.000487489 -0.00424415 0.00321943 -0.00257503 0.00171075 0.0024259 -0.00861648 0.00167423 -0.00191531 0.00355442 0.000501591 -0.00395942 0.009728 -0.000497082 -0.00557913 -0.0044751 0.000315448 -0.00238552 0.00395405 -0.00895366 -0.00235754 -0.000815776 -0.00339687 -0.00863206 -0.00213065 -0.00400537 -0.00719636 -0.00125991 0.00376092 -0.00553203 -0.00569886 0.00526466 -0.000725368 -0.00686855 -0.00269119 0.00227174 -0.00337151 -0.00608672 0.00025094 -0.00880928 -0.0172769 -0.00303647 0.00341813 -0.00614851 -0.00331726 0.00242192 -0.00820598 -0.00174383 -0.0068803 -0.00386385 0.000804771 -0.00210823 -0.00444354 -0.00269627 -0.00962502 0.000986294 -0.00337426 0.000528363 -0.00445587 -0.00662663 0.000679255 0.00138138 0.00573026 -0.00163582 -0.0112087 0.00394658 -0.00736459 -0.00512622 -0.00225852 
-0.00178959 0.000296347 0.00166525 -0.00609419 0.00240386 0.00637853 -0.00341048 0.0135932 0.114336 0.000949477 0.00187534 0.00330829 0.000258985 -0.000459234 -0.00419193 0.00019806 -0.00057395 -0.00246648 0.000505882 -0.00631344 -0.00159813 -0.00576449 0.000822756 0.000187611 0.00543991 -0.000529642 -0.00498071 -0.00203831 -0.00365958 0.00316686 -0.00208056 0.00268767 -0.00638723 0.00166332 -0.00516853 0.00153157 0.00703459 -0.00166259 -0.00323726 0.000226631 0.00726771 -0.00716774 -0.00731897 -0.00775047 -0.00460956 -0.00628847 -0.00550917 -0.00424518 -0.00140153 0.00169323 -0.00617851 0.00346577 -0.0038032 -0.00362582 -0.00432615 8.05168e-06 -0.00407218 -0.0046648 0.00274166 0.00180081 -0.0028349 -0.00793943 0.0127889 0.00412691 -0.00622251 -0.0046293 -0.000577542 0.00233564 -0.000701066 0.00178498 -0.0110444 -0.00314496 -0.00332032 8.87543e-05 -0.00952614 0.00138184 0.000233976 -0.00597501 0.00154423 0.00905351 -0.0010558 -0.00365942 0.000286267 -0.000709947 -0.000736736 0.00190772 -0.00183258 0.00423297 -0.00359377 -0.00495891 -0.000657352 -0.00376657 0.000461893 -0.0038102 -0.00493474 -0.000539901 -0.00384837 -0.00448711 0.00367653 -0.00153654 
-0.00207564 0.000986638 0.000810129 -0.000586628 -0.000838565 0.00535615 0.0020418 0.00355742 0.000949477 0.0709084 0.00136559 0.00264711 0.000484821 -0.00282605 -0.00297422 -0.00185066 -0.000222806 -0.000503331 0.000185631 -0.00494501 -0.000972661 -0.00271252 -0.00217932 -0.0046134 -0.0117877 -0.00186186 -0.000614771 -0.00197476 -0.00391255 -0.00311984 -0.00410017 0.00367651 -0.00297962 0.000238317 -0.00117472 0.00160853 -0.00110511 -0.00609427 0.00429366 0.000119343 -0.00205803 0.00244887 -0.00224107 -0.00154726 -0.000943876 -0.00447377 -0.00119726 0.0019928 -0.00185687 0.00150716 -0.00120562 -0.00122349 -0.000312489 -0.00159697 -0.00160724 -0.00241949 0.00522739 0.00135811 -0.00118849 -0.000230853 0.000273897 0.00579394 0.00117651 -0.0015423 -0.000265228 0.000790459 0.00184205 -0.00138971 -0.00394865 -0.00149619 -0.000310106 -0.0055793 -0.00308997 0.00132471 0.00192539 -0.00280918 0.000549516 0.000800297 0.00254714 -0.006022 -3.74982e-05 -0.00183376 -0.00247394 -0.00267057 0.0042985 0.000586272 -0.000174747 -1.87825e-05 0.00107184 -0.00294279 0.000364322 0.00090916 0.000617644 -0.00154405 -0.0018777 -0.00377227 0.00352764 -0.000150633 -0.00166825 -0.00441652 
-0.00472174 -0.00168365 0.0027163 -0.000210933 0.00519506 0.00141081 0.00720504 0.00722097 0.00187534 0.00136559 0.108925 0.00376651 0.00360643 -0.00110732 -0.00174377 0.000210153 -0.00761978 -0.00795947 0.0137354 -0.00527951 -0.00222365 -0.00184327 -0.00531692 -0.00289416 -0.0100298 -0.00265275 -0.00728388 -0.00583075 -0.00572809 -0.00147454 -0.00196068 -0.0029148 -0.00605596 -0.00223069 0.00248456 0.000877867 -0.00411866 -0.00674017 0.00555027 -0.000771856 0.00379671 -1.17002e-05 -0.00250402 0.000658603 -0.00831082 -0.00433725 -0.00586666 -0.00240523 0.0049218 -0.00209079 -0.00605658 0.00300954 -0.00187908 -0.00257976 0.000432012 -0.000540121 0.00578943 -0.000804771 -0.0030146 0.00269393 0.00023516 -0.000933222 0.0102531 -0.00123672 -0.00360345 -0.00209841 0.0013435 -0.00599984 -0.00210259 -0.00207014 -0.00596446 -0.00516065 -0.00178723 0.00190451 -0.00311836 0.00171372 0.004415 -0.00227687 0.00061053 0.0030162 -0.00433025 0.000204729 0.00327807 -0.00829409 0.00330178 -0.00282715 -0.000819001 -0.00793643 -0.00639468 0.00137628 -0.00518057 0.00431932 -0.00280138 0.00103601 -0.00145521 -0.00104647 0.000145957 -0.00624255 0.00439673 -0.00452025 
-0.000905165 0.00508895 0.00401246 0.00161702 0.00460917 -0.000399544 -0.00343485 0.00494266 0.00330829 0.00264711 0.00376651 0.0975533 0.00357186 0.00245774 -0.00355812 -0.00283378 0.0032601 -0.00624266 -0.00228694 0.000572554 -0.00100972 -0.00531995 -0.00570436 0.00245616 0.00370317 -0.00545791 -0.00391449 0.00472509 0.00402161 -0.00531683 -0.00421223 0.00214189 0.00417386 -0.00116845 -0.004693 0.00243109 -0.00241492 -0.00808592 -0.00148787 -0.00497873 -0.000535104 -0.00348003 -0.00835454 0.00293638 -0.00121661 -0.0023119 0.000893412 -0.00220887 -0.00282656 -0.00131112 -0.00054949 0.00265192 -0.00397319 -0.00247846 -0.00499598 -0.00337786 -0.00168201 -0.00319367 -0.00483336 -0.000450563 0.00599559 0.000638056 0.00404793 -0.00105279 0.00423894 -0.000507063 0.00164413 -0.00555542 0.00377884 -0.000807877 0.00435524 -0.00703085 -0.00454576 -0.00311054 -0.000400364 -0.00347483 -0.0012368 -0.0013347 0.000656899 -0.00702701 -0.00307487 -0.00144568 0.000542231 -6.82088e-05 -0.0038972 -0.0075235 -0.00159509 0.00340414 -0.00170773 0.000687865 -0.00257884 0.00394628 -0.000429424 0.000567353 0.00156428 -0.00364098 -0.00247114 -0.00842346 -0.0050275 -0.00443764 
-0.000310171 -0.00298465 -0.00240024 -0.000137523 0.00215417 -0.0021856 -0.00253109 0.00659943 0.000258985 0.000484821 0.00360643 0.00357186 0.0695943 0.00156124 0.00197429 0.000969404 -0.00366225 -0.000968199 -0.000386957 -0.00398257 -0.00239568 -0.00478797 -0.00178694 -0.00186708 -0.00222332 0.00597561 -0.0001638 -0.00417187 -0.00108868 -0.00391372 -0.00307304 -0.000196354 7.30075e-06 0.00015036 -0.000509051 0.000365894 -0.0024835 -0.00289124 0.00182012 0.00287993 -0.000944724 8.90558e-05 -0.00383413 -0.0032184 -0.00280068 -0.00500128 0.000236888 -0.00109648 0.000575245 0.000426979 -0.000610308 0.0038832 -0.000837782 0.00190203 0.00109561 -1.56103e-05 0.00206967 -0.0018534 -0.000915268 0.000656044 -0.00221805 -0.0019041 0.00522814 -0.000798123 -0.000285482 0.000910046 0.00339815 -0.00301727 0.000341155 0.00136177 0.00642688 -0.00667348 -0.00217588 0.000359619 -0.000588872 -0.00130635 -0.0010595 -0.00236683 -0.000119567 -0.00687918 -0.000405306 -0.00101093 -0.00092327 -0.00257348 0.00180697 -0.00536686 0.00772327 -0.00503793 0.00439924 -0.00404065 -0.000965488 0.000859932 -0.00191294 0.00230639 0.00169273 -0.0013299 -0.00542958 -0.00538939 -0.00773772 -0.00597751 
0.0045493 -0.00235318 -0.00719266 0.000386692 0.00147733 -0.00249887 0.00173163 0.0051215 -0.000459234 -0.00282605 -0.00110732 0.00245774 0.00156124 0.13896 0.00375783 0.00487234 -0.00593796 0.0109983 -0.00175611 0.00221762 0.00180008 -0.00310533 0.000497118 0.0137614 0.00658494 -0.00557583 -0.00293766 0.00111022 -0.00527003 -0.00271268 -0.00764626 -0.00461753 -0.00627599 -0.00692449 0.00177669 -0.000531525 -0.0101823 -0.00115927 -0.00803519 0.000288668 0.00248459 0.00808039 -0.00330595 0.0024703 -0.00648656 0.0119781 0.00156487 0.000251876 0.00136654 -0.000118822 -0.0065706 0.00499368 -0.00495531 -0.0024546 -0.00504854 -0.0032951 -0.00665971 -0.00596915 0.00117478 -0.00566756 -0.00652309 -0.00591726 -0.0106617 -0.00206203 -0.00403156 -0.00556717 -0.00133705 -0.00663316 -0.00800727 -0.00424029 0.000282847 -0.00862353 0.00235751 -0.00103785 -0.00134011 0.00104508 -0.00593646 -0.00972899 -0.00175225 0.00402715 0.00464048 -0.000228933 0.000970132 -0.00357979 0.00207227 0.00861374 0.00636867 0.00834699 -0.00298124 -0.00721193 -0.000288284 -0.000202573 -0.00192842 -0.000861307 -0.00459181 -0.00893118 -0.00603862 -0.00809398 -0.00293111 -0.00609402 
0.000312889 -0.0110217 0.000846887 -0.00465279 0.0152324 -0.000186766 -0.00871862 -0.00710698 -0.00419193 -0.00297422 -0.00174377 -0.00355812 0.00197429 0.00375783 0.193742 0.00690729 -0.00619693 0.0199277 0.00294151 0.00493542 -0.00177013 0.00762957 0.00779969 -0.00956458 0.00377544 -0.0086391 -0.00359634 0.000834963 -0.000455593 0.00912569 0.000661518 0.00310534 0.0118681 -0.00739446 0.0106637 -0.000441203 -0.00971784 -0.00949886 0.000317015 -0.00152681 -0.00144486 -0.000925276 -0.025891 -0.0321209 -0.000432997 -0.0140624 -0.00964166 -0.00419117 -0.00543608 -0.00233061 -0.00276557 -0.00476156 -0.00328121 0.000421458 -0.0127378 0.00104148 -0.0065092 -0.00368493 0.00147589 0.00165003 -0.00616881 0.00557013 -0.000466177 0.000519375 0.0027846 -0.0015042 -0.00290155 -0.00226623 0.00446426 0.00575724 0.00860868 -0.00157774 0.00410592 -0.00416487 0.0138745 0.00265422 -0.00726376 -0.00605664 -0.00550542 -0.00725484 -0.00105391 -0.00722746 0.00264604 -0.000785002 -0.00662888 -0.00668485 -0.000640956 -0.00969606 -0.00481405 -0.0199568 0.000769092 -0.011717 -0.000970259 0.00324397 -0.000372343 -0.00188645 -0.0151636 0.0118663 -0.0104681 -0.00144265 
0.00197517 -0.00488321 -0.00448624 -0.011149 0.000920906 -0.00426857 -0.00113102 0.000144501 0.00019806 -0.00185066 0.000210153 -0.00283378 0.000969404 0.00487234 0.00690729 0.0921802 -0.000552542 0.00614006 0.00390512 -0.000807785 0.00359755 -0.0031956 -0.00454457 -0.00976262 -0.00995277 0.00326474 -0.000359001 -0.00311979 -0.00439129 0.00731036 -0.000223696 0.00245307 -0.00122572 0.00128406 0.00139325 0.00533341 0.00531123 0.00130915 -0.00414487 0.00103512 -0.00401523 -0.000261545 0.0059743 -0.00435389 0.00396187 -0.0039736 -0.00753743 -0.00270959 -0.00358991 -0.000328613 -0.00268356 -0.00437284 -0.00193758 0.000778552 -0.000418219 0.0034604 -0.0016088 0.00379553 0.000294441 0.000962361 -0.00745412 -0.00330772 -0.00198036 -0.0035448 -0.00266009 -0.00214881 -0.000157711 0.00188471 -0.00222849 -0.00128278 0.00211161 -0.00414283 -3.51561e-05 0.0011556 -0.00425561 -0.00251721 0.000220429 0.00342935 -0.00254465 -0.00535769 0.0013685 -0.00269043 0.00518944 0.00269512 -0.0010765 -0.00143907 0.00285617 0.000508425 -0.000344636 -0.00526661 -0.000312413 0.00118694 -0.000198862 -0.00213619 -0.00201956 -0.00297085 -0.00575932 -0.00472868 -0.00355139 -0.00576289 
-0.00238645 -0.00330376 0.00251515 0.00365311 -0.00128345 0.00186205 -0.0106419 -0.00111377 -0.00057395 -0.000222806 -0.00761978 0.0032601 -0.00366225 -0.00593796 -0.00619693 -0.000552542 0.137001 -0.00662467 0.00165316 -0.0120668 -0.00153261 -0.00206864 -0.0033103 -0.00187187 -0.0124939 -0.00811678 -0.00573151 0.00314092 -0.00387556 -0.00179688 -0.0047359 0.00293396 0.00788041 0.00136735 -0.00847973 -0.00297381 0.00267763 -0.00356165 -0.00509964 0.00207895 -0.0119725 -0.00493066 -0.00306109 0.0111654 0.00294683 -0.00810374 -0.00768006 -0.00363025 -0.00306101 -0.00195099 -0.000319659 -0.00209231 -0.00576638 0.00231178 -0.00680789 -0.00273552 -0.0111013 -0.002787 -0.00508786 -0.00241972 -0.00367088 0.0131392 -0.00404271 0.00191816 0.0106731 0.00242125 -0.0049186 0.00201817 0.00242353 0.00354411 -0.00156393 -0.000163192 -0.00336024 -0.00262064 -0.00283399 0.000121184 -0.00303369 -0.00318224 -0.00285598 0.00630815 -0.000636603 -0.0044852 0.00568496 -0.00213492 -0.00467701 0.00745745 -0.00241478 0.0140621 -0.00820757 0.00702373 -0.00354787 0.0037389 0.000603934 -0.00138419 -0.00434534 -0.00408559 -0.000202216 -0.000331642 0.00372814 0.00872935 
-0.00276801 0.000129716 -0.00315702 0.00134354 0.00376991 -0.00342859 -0.00430981 -0.00244442 -0.00246648 -0.000503331 -0.00795947 -0.00624266 -0.000968199 0.0109983 0.0199277 0.00614006 -0.00662467 0.136605 0.00579989 0.00329392 0.000948451 0.00168066 0.00257181 -0.00947504 -0.00651977 0.000366385 -0.00735083 -0.00751157 -0.00818443 0.0176851 0.00264929 -0.00233995 0.000367712 -0.00168655 0.00644023 0.00158342 -0.00340068 -0.00581199 -0.00619876 -0.00315454 0.00417219 0.00400651 -0.00680734 -0.0184153 -0.00591287 -0.00121344 0.00693938 -0.00662141 -8.87568e-06 -0.00170271 -0.0017574 -0.00074655 -0.00852037 -0.00440345 -0.00125186 0.000513105 -0.00655045 -0.00156297 0.00557644 -0.000990002 -0.0119225 0.00525154 -0.00456452 -0.000123432 -0.000370546 -0.00562293 -0.00459844 -0.00140034 0.000921665 -0.00569409 0.0115645 0.000322534 0.00959117 -0.00134794 0.00113611 -0.00592839 -0.00464735 0.00557388 0.000821298 -0.0147546 -0.00449012 -0.00276862 0.000321051 0.00796034 0.000557934 -0.00643251 -0.0016549 -0.0116603 0.0010971 -0.00744879 0.00410203 0.00174789 0.00377734 0.000279287 -0.0032137 -0.0128865 -0.000925756 -9.89456e-05 -0.00900249 -0.00800515 
-0.00226484 -0.000647088 -0.00376007 -0.00617019 0.000548651 0.00188751 0.000302673 0.00297505 0.000505882 0.000185631 0.0137354 -0.00228694 -0.000386957 -0.00175611 0.00294151 0.00390512 0.00165316 0.00579989 0.105096 -0.00627607 0.00715449 -0.0021569 -0.00648757 0.00301077 -0.0216446 -0.00244091 -0.0098872 0.00206466 0.00541311 0.0119327 -0.000347396 -0.00454139 -0.000314263 0.000992055 -0.00174888 0.0034037 -0.00254538 -0.00711987 -0.00113982 0.000134319 0.000934164 -0.000167286 0.00545765 0.00414131 -0.00459798 -0.0116945 -0.00747784 -0.00490659 -0.00179616 -0.000877903 -0.00559148 -0.00330976 -0.00194013 -0.00200961 0.0054073 0.00129329 -0.000494568 -0.00403037 -0.00025111 0.00720315 -0.00443711 0.00725087 0.00783119 -0.00207703 -0.00293375 -0.0017436 -0.00771908 -0.00283137 -0.00290643 -0.000768473 -0.00148557 0.00573307 -0.00427467 0.000380325 -0.00281938 0.000152874 -0.000513584 -0.00399242 -0.00340543 -0.00951263 0.00507091 -0.000438231 0.000582017 4.28227e-06 0.00280863 -0.00436561 0.00148214 -0.0113444 -0.00656402 0.00116854 -0.00182115 -0.00274061 0.000682212 -0.000188531 -0.00566228 -0.00663881 -0.00326256 0.00223835 -0.000433522 -0.00551652 
-0.00395314 -0.00119663 0.00399703 -0.0286743 -0.0030422 -0.0102192 -0.004113 -0.0106398 -0.00631344 -0.00494501 -0.00527951 0.000572554 -0.00398257 0.00221762 0.00493542 -0.000807785 -0.0120668 0.00329392 -0.00627607 0.154769 0.0118753 0.0179131 0.0124394 0.00935903 0.0277378 -0.00210618 0.00603993 0.00210278 -0.000807635 -0.00577048 -0.00679075 -0.0062013 -0.00571389 -0.00239901 -0.00977535 -0.000703586 -0.00452556 0.00509884 -0.00783211 0.00017656 0.0138372 0.00449908 -0.00901243 -0.0082668 -0.00692653 0.00347235 -0.00538306 -0.00653304 -0.00413438 -0.005166 0.0028311 -0.000414228 0.00233417 -0.00466782 -0.000233283 -0.0030037 0.00110114 -0.00311855 -0.0044172 -0.00733082 -0.00977776 -0.00742546 -0.00636441 -0.00318124 -0.00252394 -0.0101236 0.00535347 -0.000782894 -0.00163204 0.00114062 0.00349966 0.00150251 0.00639875 -0.0061391 0.00134463 -0.00413615 -0.00273972 -0.00122684 -0.000448477 0.00140764 -0.00459578 -0.00112693 -0.00502095 0.002538 -0.00840455 -0.0152843 -0.000696235 -0.00884254 0.00426912 0.000823139 -0.00323449 -0.00551869 -0.00163706 0.00138118 0.00359711 -0.000477527 0.00350795 0.00124985 0.00336471 0.00210246 
-0.00237349 0.0129676 -0.00621906 -0.0125826 0.000229452 -0.00412676 0.00139719 -0.00273912 -0.00159813 -0.000972661 -0.00222365 -0.00100972 -0.00239568 0.00180008 -0.00177013 0.00359755 -0.00153261 0.000948451 0.00715449 0.0118753 0.121714 0.0075659 -0.000247985 0.00177327 0.0130857 -0.0028615 -0.00551485 0.000444934 -0.00174061 0.00812382 0.00674802 0.00155445 -0.0103326 -0.00611789 -0.00480859 -0.00182669 -0.00345938 0.000518106 -0.00212872 0.00161573 -0.00265963 0.00485768 -0.00473731 -0.0181384 0.00157636 -0.001734 -0.00292693 -0.00603599 -0.00187923 0.00107983 0.00318073 -0.0068856 -0.00581068 -0.00144872 0.00151985 0.00696231 -0.00039744 -0.00040187 -0.00108836 -0.000703243 -0.0054292 0.00462424 0.00324089 -0.00802963 -0.00284557 -0.00100261 -0.00174092 -0.00326888 -0.00312203 -0.00105848 0.00475719 -0.00330312 -0.00722678 0.000178958 -0.000187177 -0.00238331 0.000478092 -0.00665346 -0.0035615 -0.000237007 0.00390319 -0.00183161 -0.00386657 -0.00246125 -0.00140116 -0.00644293 -0.00499376 -0.00703991 0.000592005 -0.00133355 0.000233437 0.00375791 -3.77692e-05 -0.00221311 -0.00652463 -0.0072375 0.00205748 -0.00317739 -0.00702505 -0.00704833 
0.00326908 -0.00648952 0.00187994 -0.0176118 0.000528182 -0.00357398 0.011077 -0.00343275 -0.00576449 -0.00271252 -0.00184327 -0.00531995 -0.00478797 -0.00310533 0.00762957 -0.0031956 -0.00206864 0.00168066 -0.0021569 0.0179131 0.0075659 0.149708 0.0131622 -0.00833075 -0.00307739 0.0127912 0.0185178 -0.00813184 -0.00256396 -0.00529832 -0.0012188 -0.00292722 -0.0077209 -0.00479779 -0.00449964 -0.00190957 -0.0112534 -0.00523374 -0.00828207 -0.0036953 -0.00581274 0.000304443 -0.012578 -0.0109398 -0.00743346 -0.00761973 -0.0152437 -0.00762832 0.00084896 0.000814857 -0.00597241 -0.0116147 -0.000179091 0.00121861 -0.00615619 -0.00040475 0.002092 0.00279543 0.000837751 -0.00299857 0.000506042 0.00279679 0.00118331 -0.00681443 0.0043398 -0.00575473 0.00733481 0.00673296 -0.00476519 -0.00279662 -0.0108536 -0.00478972 -0.00272351 -0.00240042 -0.00453778 -0.00874245 0.00204229 0.000639341 -0.00419247 -0.00433873 -0.00225873 -0.00120605 0.00069714 -0.0030441 -0.00496128 -0.0070288 -0.00963495 -0.00559798 0.00227877 0.00971454 -0.000787166 -0.00636538 0.0029034 0.00093658 0.000720227 0.00217328 0.0072994 0.0135163 0.00353428 0.0151946 
-0.00556914 -0.00197452 -0.000879231 -0.00860837 -0.00417977 0.000645521 -0.00383474 -0.00260498 0.000822756 -0.00217932 -0.00531692 -0.00570436 -0.00178694 0.000497118 0.00779969 -0.00454457 -0.0033103 0.00257181 -0.00648757 0.0124394 -0.000247985 0.0131622 0.106643 0.00456816 -0.00340591 -0.000235766 0.00428059 -0.00453301 -0.0067967 0.000896369 -0.00522253 0.000911175 0.00488254 -0.00186971 -0.00208772 0.000520268 -0.00240483 -0.00595699 2.22836e-05 0.000462091 0.000172615 -0.00112039 -0.00463495 -0.0137439 -0.00578673 -0.00196532 -0.000745181 0.000805108 -0.00265403 0.00148467 -0.00287531 -0.00378991 -0.00176906 -0.0045534 -0.00374502 0.00106326 -0.00568137 0.000456087 0.000207275 -0.00447224 -0.00521126 -0.00597585 -0.00414063 -0.00207779 -0.0029912 -0.00345247 0.00531037 0.00668957 -1.37928e-05 -0.00372774 -0.000855896 0.000753835 0.00118704 0.00162522 0.0118347 0.00578452 -0.000276751 -0.00248774 -0.00216791 -0.00610825 -0.00136369 -0.00399221 -0.00313953 0.00393402 -0.00479344 -0.00646345 -0.00441764 0.00373656 0.00708966 -0.00502516 -0.00205554 -0.00511049 0.00123861 0.000741928 0.00511692 -0.00155983 -0.00386419 0.0095575 4.88325e-05 -0.00141225 
-0.00725631 0.00342322 -0.00985725 -0.00771072 -0.00535963 0.0030416 -0.00128986 0.0024993 0.000187611 -0.0046134 -0.00289416 0.00245616 -0.00186708 0.0137614 -0.00956458 -0.00976262 -0.00187187 -0.00947504 0.00301077 0.00935903 0.00177327 -0.00833075 0.00456816 0.163849 0.00712981 0.00159553 0.0065072 0.0109635 0.00649062 -0.0175377 -0.0100592 -0.00509915 0.00210636 0.000573322 -0.00815707 -0.00724061 -0.00426404 0.010067 -0.00394607 0.0006186 0.00656811 -0.000306494 -0.010983 -0.00612712 -9.74121e-05 0.0179248 0.00253392 0.00624847 0.00103678 0.00108549 -0.00292801 -0.00271749 0.0042138 -0.00469467 -0.00123814 -0.00674453 -0.0107032 -0.00603032 -0.00159001 -0.00718045 -0.00402437 -0.000449125 -0.0073049 -0.00518368 0.00918435 -0.00472388 -0.00815147 -0.00138818 0.000515327 0.00763138 -0.00433003 -0.00393436 0.00950088 -0.00384393 -0.00329734 -0.00163418 -0.00512798 -0.00430267 -0.00535342 -0.00263746 -0.00195355 -0.00317385 -0.00464117 -0.0060769 -0.0071535 0.000574636 -0.00439698 -0.00175716 -0.00217753 0.00702394 -0.00097415 -0.00284975 0.00458209 0.0139681 -0.00319244 -0.0122418 -0.0049031 -0.018272 -0.00546611 -0.00415826 
0.00379032 -0.010506 -0.00106813 -0.00888419 -0.00741374 -0.00489365 0.0053903 -0.00615653 0.00543991 -0.0117877 -0.0100298 0.00370317 -0.00222332 0.00658494 0.00377544 -0.00995277 -0.0124939 -0.00651977 -0.0216446 0.0277378 0.0130857 -0.00307739 -0.00340591 0.00712981 0.244086 -0.00215833 0.00871754 0.017606 0.00707893 -0.0135388 0.00129041 -0.00323224 -0.00588988 -0.00842253 0.00291793 -0.00140712 -0.00504145 0.0157242 -0.00733823 -0.0113898 0.00323483 0.0129845 -0.0117365 0.0150135 -0.000422974 0.00241223 0.00448011 0.00912407 0.000296778 -0.00447271 -0.00886299 0.0117118 -0.00605694 -0.000730263 -0.00400059 -0.00871956 0.0111413 -0.00848523 -0.00565071 -0.00944116 -0.00278034 -0.0132067 0.00110826 0.00322002 0.00371949 -0.0110806 0.00364836 -0.0121424 -0.0141408 -0.00152568 -7.77251e-05 -0.00121857 3.05805e-05 -0.0120969 -0.0190443 -0.00243998 -0.0101131 -0.0196308 -0.00900658 0.0162398 -0.00586297 0.000387555 -0.00345367 0.00149867 -0.00769771 0.00101909 -0.010617 -0.0140744 0.000345696 -0.00354599 -0.00555909 -0.0102257 -0.00154598 -0.0191127 -0.00705395 0.00767531 0.00709289 -0.0136371 -0.00616788 -0.00632866 
-0.00330267 -0.00500192 0.00158715 -0.0202368 0.000324247 -0.00793994 -0.000543682 0.00851793 -0.000529642 -0.00186186 -0.00265275 -0.00545791 0.00597561 -0.00557583 -0.0086391 0.00326474 -0.00811678 0.000366385 -0.00244091 -0.00210618 -0.0028615 0.0127912 -0.000235766 0.00159553 -0.00215833 0.130572 0.013691 -0.000596474 0.00221961 -0.00749691 -0.00500354 0.00391022 -0.00494774 0.00188849 -0.00310646 0.00054764 -0.00374581 -0.0038341 -0.00188555 0.00155343 -0.00714648 -0.00190602 -0.000990045 0.000233979 0.00107939 -0.00683759 0.00389254 0.00391969 0.00414003 0.00068064 0.0013208 0.00524828 0.00160588 0.0070357 -0.003879 0.00113774 0.00673811 -0.00103018 0.00338065 -0.000777894 0.000607839 -0.00310988 0.00513865 -0.00548419 0.00149247 -0.00816037 0.00379488 0.00489833 -0.00423312 0.00228055 -0.00190727 -0.0128235 0.00187767 0.000374429 -0.0113209 -0.00334757 0.00497815 -0.00149526 -0.0023745 -0.00734095 0.00135973 0.00207155 -0.00414185 0.000125578 -0.00157447 -0.0115873 -0.000801915 -0.0147474 0.00243736 -0.00476738 -0.00369279 0.00384539 0.00100465 -0.00100747 -0.00348937 -0.00846908 -0.00429284 -0.0105912 -0.00186766 -3.20384e-05 
-0.00274043 -0.00689377 0.00334394 0.00309217 -0.000204173 -0.00275254 -0.000849246 -0.00152078 -0.00498071 -0.000614771 -0.00728388 -0.00391449 -0.0001638 -0.00293766 -0.00359634 -0.000359001 -0.00573151 -0.00735083 -0.0098872 0.00603993 -0.00551485 0.0185178 0.00428059 0.0065072 0.00871754 0.013691 0.132594 0.0052447 0.0189032 -0.0118006 -0.00397707 0.00216122 0.00919194 0.00191798 -0.00740036 -0.00324452 -0.000299179 0.00583288 -0.00118865 -0.00317135 -0.00322479 0.00108406 -0.0244181 0.000538489 -0.00223346 -0.00358477 -0.010069 -0.00125577 0.00347283 -0.0024457 -0.00943697 -0.00141506 -0.000839226 0.00899965 -0.00845888 0.000187937 0.00527679 0.000896292 0.00142544 -0.00241369 -0.00013509 -0.00141283 -0.00453331 -0.0057478 0.00302863 -0.00204043 0.00401623 -0.00489816 -0.00984154 8.54369e-05 -0.00815646 -0.0105388 0.0020129 0.00191271 -0.00792218 -0.00119255 0.00267535 -0.000637227 -0.0036523 -0.00340061 -0.00309017 -0.00325422 -0.00408458 -0.00833911 -0.00824925 -0.0143204 -0.00478166 -0.0108058 -0.00454334 2.72802e-05 0.00190085 -0.00291976 0.00202073 -0.000124416 0.00340805 -0.0118152 0.0172018 0.00318615 -4.85299e-05 0.00526506 
-0.00216145 0.000981451 0.00299324 -0.00333168 -0.00565038 -0.00309178 -0.0030055 0.00391362 -0.00203831 -0.00197476 -0.00583075 0.00472509 -0.00417187 0.00111022 0.000834963 -0.00311979 0.00314092 -0.00751157 0.00206466 0.00210278 0.000444934 -0.00813184 -0.00453301 0.0109635 0.017606 -0.000596474 0.0052447 0.119191 0.0105545 0.00060905 -0.00263857 0.000551673 0.00453467 0.000537299 -0.000232224 -0.00190647 -0.00116861 -0.00763623 -0.00293726 -0.00564491 -0.00242693 -0.00233938 -0.00145098 0.0116962 -0.0031888 0.00220712 -0.00366518 0.00866296 -0.00371345 3.89108e-05 -0.00235038 0.000813293 -0.00238843 0.00140219 -0.00740378 -0.00123432 -0.00443757 -0.00697932 -0.00217163 -0.00312235 0.00464377 0.008345 -0.00718245 -0.00189524 -0.000253793 -0.00360734 -0.0042728 -0.00509718 -0.00695312 -0.000543895 -0.00576582 -0.00421501 -0.00048439 -0.00223552 0.000816646 0.000296542 -0.0020691 -0.00872911 -0.00528084 -0.00478708 -0.00201278 -0.004707 -0.00092209 0.0080092 -0.00438703 -0.00347665 -0.00198865 -0.00933124 -0.0100555 -0.000226823 -0.0029289 0.000807945 0.00442783 -0.00444341 -0.00512604 -0.00425925 0.00246644 -0.00407966 0.000693699 -0.00192878 
-0.00141064 -0.00297179 -0.00264032 -0.0024286 0.00488263 -0.00121721 -0.00394891 -0.00529915 -0.00365958 -0.00391255 -0.00572809 0.00402161 -0.00108868 -0.00527003 -0.000455593 -0.00439129 -0.00387556 -0.00818443 0.00541311 -0.000807635 -0.00174061 -0.00256396 -0.0067967 0.00649062 0.00707893 0.00221961 0.0189032 0.0105545 0.139857 0.00463581 0.00187411 0.0041328 0.00154582 0.00172716 -0.00566785 -0.00510555 -0.000912051 -3.09292e-05 -0.00222013 -0.00485627 -0.0060805 -0.0060509 -0.00818342 0.00866314 0.00146031 -0.000481388 -0.00267947 0.00154941 -0.00128597 0.000972672 -0.00390981 0.00314725 -0.000900424 0.00748309 -0.00290915 0.00332775 0.00599976 -0.00331571 -0.00475273 0.00497674 -0.00155939 0.00194371 0.000336948 -0.00350123 0.00359679 -0.00121031 -0.00699356 -0.00367581 -1.63579e-05 0.00434928 -0.00964212 -0.00858758 -0.00484785 -0.00127257 -0.00500336 -0.00483399 -0.00151138 -0.00389397 -0.00160219 -0.00849621 -0.00431712 -0.000578307 -0.00716168 -0.0106356 -0.000318207 -0.00419482 -0.00399042 -0.000205097 -0.00712934 -0.00204261 -0.00374166 -0.00598338 0.000572908 -0.00165293 -0.00804288 -0.00498891 0.00309816 0.000575283 -0.00437221 -0.00165328 
0.00212133 0.00711268 -0.00513406 0.000778221 -0.000734328 -0.00383482 -0.00524026 0.0068609 0.00316686 -0.00311984 -0.00147454 -0.00531683 -0.00391372 -0.00271268 0.00912569 0.00731036 -0.00179688 0.0176851 0.0119327 -0.00577048 0.00812382 -0.00529832 0.000896369 -0.0175377 -0.0135388 -0.00749691 -0.0118006 0.00060905 0.00463581 0.176877 0.00587943 0.00189167 -0.0181857 -0.00342676 -0.00180529 0.00345866 0.000794187 -0.0114781 -0.00263275 -0.00145514 -0.00224115 -0.00332626 0.00941115 -0.00169074 0.000315758 0.012414 -0.00172989 0.00109758 0.00186836 -0.000332206 -0.00540253 -0.00592374 -0.00821214 -0.00282299 -0.00153892 0.00834582 -0.00508157 -0.00630026 -0.00156196 0.0036721 -0.0151567 -0.000136783 -0.00280555 -0.00863705 -0.0113995 0.00169013 -0.0111045 -0.00381069 0.0040536 -0.0104107 -9.19232e-05 -0.00631072 -0.00422584 -0.00158159 0.00557886 0.00437186 0.00545284 0.000339903 -0.00239702 -0.015602 -0.00218091 -0.00750545 -0.00681152 0.000350762 0.00294848 -0.00128094 -0.00714701 0.00253974 0.00370517 -0.00588172 -0.00404156 0.000447692 0.00389951 -0.00467567 -0.0108075 -0.00138087 -0.0130294 0.00134448 0.00144841 -0.00627374 
3.43583e-05 0.00407396 -0.00567709 0.0044 -0.000175657 -0.0063495 -0.00107141 -0.000702116 -0.00208056 -0.00410017 -0.00196068 -0.00421223 -0.00307304 -0.00764626 0.000661518 -0.000223696 -0.0047359 0.00264929 -0.000347396 -0.00679075 0.00674802 -0.0012188 -0.00522253 -0.0100592 0.00129041 -0.00500354 -0.00397707 -0.00263857 0.00187411 0.00587943 0.11641 0.00374943 -0.00702522 0.00039454 0.0102198 0.000651069 0.00310656 0.00423457 -0.00110421 -0.00332837 -0.0041841 -0.00525018 -0.0012274 -0.0122253 -0.00165343 -0.00697756 -6.22031e-05 0.00577593 -0.0033969 0.00151835 0.0017112 -0.00581518 -0.00473612 -0.00497538 0.000840922 0.00114502 0.000688443 0.000183486 0.00319318 -0.000206673 0.00439671 -0.00755481 -0.00326328 -0.00280573 -0.005062 -0.000738834 -0.00301988 -0.000468696 -0.00536975 -0.00324873 0.00239894 0.00925481 0.000793649 0.00232321 -0.000410337 -0.00231946 -0.0037367 -0.00404146 -0.000701093 0.00201982 0.000436039 -0.00170961 0.000267102 0.00172353 -0.00160564 -0.00629001 -0.00537956 -0.00598265 0.000669352 0.000416347 0.00161044 -0.00274717 0.00158638 -0.003914 -0.000417906 -0.00328499 -0.00241203 0.00481535 -0.000293819 0.00206686 
-0.00574379 0.00124722 -0.00265605 -0.00179442 0.00311781 -0.00699884 0.00470598 -0.000487489 0.00268767 0.00367651 -0.0029148 0.00214189 -0.000196354 -0.00461753 0.00310534 0.00245307 0.00293396 -0.00233995 -0.00454139 -0.0062013 0.00155445 -0.00292722 0.000911175 -0.00509915 -0.00323224 0.00391022 0.00216122 0.000551673 0.0041328 0.00189167 0.00374943 0.118196 0.00483241 0.00321873 -0.00129669 0.0053276 -0.00321094 -0.00168921 0.000547744 -0.00535544 0.00446941 -0.0066197 -0.00124376 -0.00958634 0.0057492 -0.00824842 -0.00212743 -0.000163604 -0.00370173 -0.0014308 0.00669173 0.00327766 -0.00568848 -0.00184252 -0.00259162 -0.00179369 -0.00384796 -0.00199056 -0.00230302 -0.000138102 0.00232216 -0.00167348 9.92766e-05 -0.000326466 0.00256058 0.00142676 -0.00107655 0.00186134 0.00175079 -0.00177792 -0.00367465 -0.0100739 -0.0012605 0.000656456 0.00143847 -0.00405413 0.00511733 -0.00250017 -0.00365912 -0.00553539 -0.00358594 -0.00302846 -0.00320141 0.00111556 -0.00554507 -0.00504468 -0.00608164 -0.0119749 -0.00202494 0.00183548 -0.00248186 -0.00466522 -6.48601e-05 -0.000120762 -0.00124219 -0.00449347 -0.00703174 0.00234938 0.000811297 -0.00976747 
-0.00740109 -0.00351217 0.00959414 0.00777957 -0.00421353 0.00785377 0.000238267 -0.00424415 -0.00638723 -0.00297962 -0.00605596 0.00417386 7.30075e-06 -0.00627599 0.0118681 -0.00122572 0.00788041 0.000367712 -0.000314263 -0.00571389 -0.0103326 -0.0077209 0.00488254 0.00210636 -0.00588988 -0.00494774 0.00919194 0.00453467 0.00154582 -0.0181857 -0.00702522 0.00483241 0.170343 0.00938838 -0.00173671 -0.000655514 0.00926203 -0.00860882 -0.00349963 -0.000588066 -0.00245077 -0.00335797 -0.0141088 0.00158603 -0.00933202 -0.00857022 -0.0126305 -0.0152748 -0.00885203 -0.00190043 -0.00936701 -0.000209752 -0.00457706 -0.000415236 -0.00668429 -0.00712854 -0.00377688 0.00181223 -0.00294971 0.00417786 -0.00568495 0.0111415 -0.00396303 -0.000845643 0.0155337 -0.00133908 0.00218635 -0.00277904 0.00291397 -0.00531365 -0.00491605 0.00984882 0.00174518 -0.000644388 -0.00469036 -0.00665597 -0.0101552 0.00705989 -0.00398303 -0.00609989 0.000186229 -0.00480436 0.000923151 0.00224801 -0.00256629 -0.0173643 -0.00557162 -0.00813374 -0.00887919 0.00286011 0.00044645 -0.00361944 -5.79862e-05 0.00150589 0.00930645 0.00476716 0.00363622 -0.00478856 -0.0087341 0.000955221 
0.00142347 -0.00350673 0.00268381 -0.00629098 -0.00147146 -0.000558802 -0.00647522 0.00321943 0.00166332 0.000238317 -0.00223069 -0.00116845 0.00015036 -0.00692449 -0.00739446 0.00128406 0.00136735 -0.00168655 0.000992055 -0.00239901 -0.00611789 -0.00479779 -0.00186971 0.000573322 -0.00842253 0.00188849 0.00191798 0.000537299 0.00172716 -0.00342676 0.00039454 0.00321873 0.00938838 0.0814027 -0.00223881 -0.0012417 0.0017997 -0.00200089 -0.000929442 -0.000407247 -0.000435509 -0.00148787 0.0031725 -0.00275718 -0.00489198 -0.00861782 -0.00573035 0.00257436 -0.00262612 0.000162538 0.000237182 0.00504737 -0.00346878 -0.00279215 -0.00152266 -0.0016788 -0.00201527 -0.000490268 0.00130246 0.00403893 0.00111298 -0.000189214 0.00444848 0.00365475 -0.000179258 -0.00028448 -0.00122233 0.00152568 0.000853015 0.000435862 -0.00358838 -0.0066997 -0.00414164 -0.0011041 -0.0018855 -0.00526902 -0.00268206 -0.0010973 -0.000429393 -0.00344323 -0.00150894 -0.000558803 -0.00187117 0.00220416 0.00205731 -0.00537176 0.00351432 -0.0100445 -0.00379593 7.9153e-06 0.00113723 -0.00276358 0.00321504 0.000594387 0.00738009 0.00515179 0.000750569 0.0022888 -0.00468218 0.000148574 
