0.126281 0.00124081 0.00253516 -0.000653524 -0.000467372 -0.00580895 -0.000962653 -0.00963672 0.00031415 -0.0201313 -0.00519262 -0.0165254 0.00355372 -0.00207077 -0.00626438 -0.00361784 -0.00514251 -0.00630141 -0.00324834 -5.12406e-05 -0.00670172 0.00353214 -0.00421543 -0.00444942 0.00347228 0.000272828 -3.24878e-05 -0.000427323 -0.00145984 -0.00674366 0.0109159 -0.00202067 -0.00894077 -0.0064149 0.00165653 0.0060266 -0.00414616 0.00741225 -0.00544647 0.00310263 -0.00140704 0.00240471 -0.00430406 -0.0016652 -0.000832414 0.00114402 0.0030217 0.000145151 -0.00146451 -0.00168084 -0.0147367 -0.00143992 -0.0022143 -0.00985295 -0.00440952 0.00238447 0.00434013 -0.00612087 -0.00318607 0.00858471 0.00149182 -0.00117229 0.00118004 -0.00650567 0.00192549 0.00569868 -0.0044794 0.000188451 0.00238904 0.00475086 -0.0092277 -0.00182597 0.00566547 -0.00574406 0.00589018 -0.0089292 -0.00424639 -0.00377104 -0.00752464 0.00155437 -0.00388119 -0.0175639 -0.000679562 -0.000636401 0.0104952 0.0106837 0.00043123 0.00510483 -0.00322248 0.00168223 -0.000180107 -0.0019599 0.0149549 -0.00310834 -0.00621555 -0.00374049 0.00213169 0.0067552 0.00270734 0.00698083 
0.00124081 0.0838612 -0.00200838 0.00460386 0.00941913 0.00031049 -6.54509e-05 -0.00112264 -0.00354077 0.00474164 0.00195169 -0.0045014 -0.00402896 0.00381255 -0.00234726 0.000545188 0.00516463 -0.00151785 -0.000346983 -0.00384573 -0.00489622 0.00207571 0.00234748 0.000197898 -0.00122633 -0.00254663 0.00233528 -0.00155759 -0.00229627 -0.00429125 0.00142439 -0.00103175 -0.00124439 -0.00810188 0.00114103 -0.000862303 0.00146884 0.00123998 -0.00149559 -0.0059879 0.00385106 0.00510724 -0.00135542 -0.00483121 0.000481903 -0.00310301 0.0022854 -0.000732041 -0.00102534 0.000393246 0.00439075 -7.40544e-06 -0.0016539 -0.0019952 -0.00157209 0.00224932 -0.00370633 -1.52854e-05 -0.00556614 -0.00143079 0.00335981 0.00152309 -0.00024897 0.00590125 -0.00174318 0.00236627 -0.00282804 -0.00167181 0.00118261 -0.00608097 0.00429733 -0.000647721 -0.00299823 -0.00536229 -0.00300659 -0.000122513 -0.0033707 -0.00577139 -0.00570629 -0.00351328 -0.00561856 -0.00323907 -0.0030013 -0.00438772 -0.000133103 -0.00104821 -0.00503209 0.00356729 -0.000420586 -0.00313348 -0.0024243 0.000724246 -0.00387795 -0.00205544 -0.00601251 -0.00473175 -0.000480812 -0.000426993 0.00159077 0.00380019 
0.00253516 -0.00200838 0.129553 0.0101961 0.00110232 0.00887154 0.00661791 -0.00448349 0.00109355 -0.0030044 -0.00241525 -0.00737705 -0.00710611 0.00808783 0.000569182 -0.00358314 0.00152312 0.00504429 0.000173486 -0.00715891 0.00713511 -0.00254872 0.00289137 -0.00476413 -0.00126187 -0.00803835 -0.00327 -0.00527118 -0.000851706 -0.00699578 -0.00964576 -0.00876297 0.00056846 0.00998871 0.0107261 0.0013859 -0.000175241 -0.00517245 -0.0021661 -0.00217471 -0.00438556 -0.00488559 -0.00231984 -0.00452405 0.000626778 -0.000196828 -0.00321617 -0.00474254 -0.000296743 0.0045246 -0.00552486 -0.00824213 0.00120268 -0.00918372 -0.000826966 -0.00642446 -0.00248043 0.00600923 -0.00173682 -0.00530355 -0.00290042 0.00159294 -0.00168262 -0.00266501 -0.00150374 0.00218617 -0.00595933 -0.000715246 -0.00415257 -0.00143881 0.0092284 0.000187027 0.00651931 0.00687965 -0.000248544 0.00476 -0.00482074 0.00366768 -0.0106472 0.000189836 -0.016157 0.00466907 -0.00879166 -0.0095692 -0.0021619 -0.00522239 -0.00726027 -0.00372663 -0.00249657 -0.00355803 0.0104403 -0.000252855 0.00234216 -0.00760635 -0.000847831 -0.00340009 -0.00184592 0.000260521 -0.00300278 0.00181059 
-0.000653524 0.00460386 0.0101961 0.0887716 0.00918087 0.00396925 0.0014451 0.00432139 0.00495817 -0.00725265 -0.00443833 -0.0096948 -0.010709 -0.0055001 -0.00277853 0.000802729 -0.00180736 0.000814562 0.00279065 0.00277394 -0.00246424 -0.00217278 -0.00313232 -0.00207477 -0.00301445 -0.00485233 -0.00123232 -0.000218632 -0.00127026 -0.000182461 -0.00270013 -0.00156793 0.00233315 -0.00428038 0.00339006 0.00246822 0.00141541 0.00300317 -0.00193804 0.000456794 -0.000981337 0.000169869 0.000561398 -0.000388864 -0.000660221 -0.00193503 -0.00262998 -0.000956455 -0.00184833 -0.00218497 -0.00460809 -0.00290207 -0.00219221 -0.00558637 0.000422414 4.90722e-05 -0.00347724 0.00151786 -0.000388256 -0.00217827 0.000411206 0.0011613 -0.000895079 -0.00454975 -0.00038081 -0.000314666 -0.0054501 -0.000829516 -0.000654558 0.00330876 0.00279802 -0.00196992 -0.000480722 -0.00331841 -0.00138159 -0.000667202 0.0032398 -0.0040039 1.59829e-05 -0.00217851 -0.00656675 -0.00254771 -0.00216845 -0.00263068 0.00292634 -0.00561218 -0.00058211 -0.00112494 0.000109957 -0.00216583 0.00486511 0.00251344 -0.00323636 -0.0029826 0.00160646 -0.00688557 -0.00316334 0.00185125 -0.0010397 -0.000589378 
-0.000467372 0.00941913 0.00110232 0.00918087 0.136879 0.00431594 -0.000659154 0.00110036 -0.000362416 0.0029969 0.00700671 -0.0242138 -0.0157514 -0.00096799 -0.00237922 -0.00432088 -0.00133963 -0.00298922 -0.000942726 -0.00199961 -0.00236687 -0.00332929 -0.00506617 0.00117877 0.00408617 -0.00306041 0.00701482 0.00173025 0.00465736 0.00629723 0.000829229 0.003436 -0.0032732 -0.00954602 0.00174423 -0.00214456 0.00532841 0.00207003 -0.00536771 -0.0113942 0.00183884 -0.00355738 -0.00172428 -0.00433024 -0.00129853 -0.00307658 -0.00880879 -0.0035493 -0.000676562 -0.000217622 -0.000230009 -0.00457878 -0.00067888 -0.000138173 -0.00509582 0.00101649 0.000589992 -0.00175467 -0.00316536 -0.00257681 0.00114072 8.8607e-05 -0.000799763 -0.00342357 -0.00219334 0.00295232 -0.000513703 -0.00149363 -0.00104331 0.00679283 0.00646807 -0.00201252 0.000952438 6.8021e-05 -0.00795277 -0.00769821 -0.000906165 -0.00851278 -0.00207065 -0.00390179 0.00190707 0.00131919 -0.00134462 -0.00227225 0.000797814 0.00145315 -0.0147995 -0.00496733 -0.00262556 -0.00329574 -0.00427912 0.00181938 -0.00272316 -0.00189384 -0.0109513 -0.00763694 0.0012512 -0.00230633 -0.00691414 0.0151021 
-0.00580895 0.00031049 0.00887154 0.00396925 0.00431594 0.0914754 0.00538898 0.00328033 0.00183931 0.00223687 0.00175234 -0.000873459 -0.0095051 -0.00233889 0.00122743 -0.00154594 -0.00549661 0.00221279 -0.00417962 -0.00140152 0.00145044 -0.00338959 0.000519197 -0.00571073 0.00366584 -0.0048197 -0.00123909 -0.00233997 -0.00311764 -0.00713835 -0.00511869 -0.00548703 -0.00261249 -0.00672273 0.00129742 -0.00278716 0.00301251 -0.00146605 -0.00095123 -0.0027127 0.00377949 -0.00184836 0.00264363 0.00161815 -0.0010549 -0.00113421 -0.000646776 -0.00466382 0.00349992 0.000135821 -0.00594084 -0.00396503 0.00130827 -0.00434392 -0.00329545 0.00117294 -0.0025331 0.00158478 -0.000151396 -0.00418641 -0.000857358 -0.000689075 -0.00280967 -0.00724229 -0.00282181 0.0018754 -0.000292592 -0.00166472 -0.00190214 -0.000151574 0.000402688 -0.00419752 0.00142147 0.0129951 -0.00249387 -0.000449598 -0.000710991 0.00073174 -0.000574654 0.000252392 -0.00271912 0.0093394 0.00179109 -0.00952911 -0.00282679 -0.00322559 -0.00563903 -0.00443363 -0.00250938 0.00118932 0.00322051 -0.00209432 -0.000716761 -0.00249693 0.00222369 0.000479843 -0.00109841 -0.00129646 -0.000677089 -0.0018438 
-0.000962653 -6.54509e-05 0.00661791 0.0014451 -0.000659154 0.00538898 0.139118 -0.00744924 -0.00122208 0.0274444 0.0156692 -0.00919773 -0.014329 -0.00874432 -0.000900569 0.00532211 -0.00394117 -0.00108539 9.46247e-05 -0.00708534 -0.00401303 -0.00120662 -0.00134874 -0.000117281 -0.00320941 0.00340543 -0.00139477 0.00302801 -0.00376357 -0.012174 -0.000143548 -0.00594922 -0.00128098 -0.0089537 -0.00663392 0.00310627 -0.00252762 -0.00225863 -0.00724675 -0.0016533 -0.0079144 -0.00598374 -0.00354027 -0.00849496 -0.0028118 0.00228903 -0.00226949 0.00683864 0.00111147 -0.00694244 -0.000584427 0.00198726 0.000610224 0.0100883 -0.000795548 0.0043173 0.00212391 -0.000789298 -0.00613277 0.000151183 0.00330083 -0.00206089 0.000473327 0.00699135 -0.00491594 0.00476358 -0.00882567 0.00337647 0.000826655 0.00944619 0.00843877 -0.000255494 0.0117572 -0.00467165 -0.00134006 -0.00865783 -0.000765208 0.00146157 -0.00938095 -0.00119641 0.000812504 -0.0114129 -0.00526248 -0.0202494 0.000935385 0.000379933 -0.0172156 -0.00432831 2.13587e-05 -0.00039303 0.00111465 -7.44831e-05 -0.00287725 -0.00840212 -0.00439066 0.00451143 -0.000154104 -0.00306999 -0.00474678 -0.00834465 
-0.00963672 -0.00112264 -0.00448349 0.00432139 0.00110036 0.00328033 -0.00744924 0.133835 -0.00723022 0.00800766 0.00214435 0.0116574 -0.00413287 -0.0090053 -0.00189458 -0.00286881 0.00400976 0.00467138 0.00199056 -0.00177353 0.00435153 -0.00296338 -0.00416579 -0.00674093 0.000919253 0.00072682 0.00037561 -0.00359716 -0.00166417 -0.00710095 -0.00312638 -0.00320861 0.00717485 -0.00618003 -0.00154317 -0.00223357 0.00489347 -0.00126506 0.00281444 -0.00468013 0.00444691 0.00110104 -0.00299879 -0.00179716 -0.00337656 -0.00138432 -0.00373792 5.9477e-05 -0.001156 7.58722e-05 -0.0109805 -0.00820321 0.000890207 -0.00652774 -0.00513587 -0.00565534 -0.00432915 -0.00227049 -0.00283363 -0.00462218 -0.000308696 -2.41703e-05 -0.000923502 -0.00857489 -0.00374402 -0.00183232 0.00232778 0.000400216 -0.000125901 -0.00726499 0.000368869 -0.000317681 0.0035336 0.00297478 -0.00784322 0.0014721 0.00653298 -0.00952047 -0.00472573 -0.0083838 0.0113215 0.012744 -0.00354893 0.000877775 -0.00536217 -0.0110921 -0.00401061 0.00354085 -0.00219861 -0.00519328 0.00543956 0.000745604 -0.0075213 -0.00133551 0.00892249 -0.00612429 -0.00188212 -0.00355156 -0.000823436 0.00525936 
0.00031415 -0.00354077 0.00109355 0.00495817 -0.000362416 0.00183931 -0.00122208 -0.00723022 0.139924 -0.00629947 -0.0061262 -0.0107992 0.000468231 0.00655821 -0.0028512 -0.000427071 -0.00939066 0.000117111 0.0022037 0.000580895 -0.00686411 -0.00198644 -0.0022008 0.000667766 0.00557305 -0.00394447 0.00134609 0.00506478 -0.00491663 -0.00207995 -0.00519537 0.00424661 -0.00897862 -0.00416756 0.00090717 -0.00431633 0.000321294 -0.00790631 -0.00297151 0.0105519 -0.00326945 -0.00715369 -0.00159834 -0.00296025 0.000173685 -0.00067502 -0.00112404 0.0034312 -0.00353392 -0.000323959 -0.000995794 -0.000408283 -0.00255348 -0.00813102 0.00167364 -0.00882782 -0.00322772 0.0018803 0.00272759 -0.00975317 -0.000189792 -0.000437004 -0.00263639 -0.000828247 0.00359456 -0.0119741 -0.00668735 0.00317535 -0.000931966 -0.00534706 -0.0109678 -0.00120226 0.00488658 -0.000171828 0.00287234 0.00266243 -0.00513511 0.00351727 -0.0088443 0.00748881 -0.00162704 -0.00923757 -0.000129465 -0.0101812 0.00476517 0.000291746 -0.000287785 0.000781195 -0.000321892 0.00503495 0.00199878 -0.00196277 0.0110741 0.00429911 -0.00393723 -0.00142419 -0.00188499 0.0025211 -0.000748965 -0.0101759 
-0.0201313 0.00474164 -0.0030044 -0.00725265 0.0029969 0.00223687 0.0274444 0.00800766 -0.00629947 0.223422 0.0202495 0.0220085 -0.014529 0.00942812 0.01001 0.00532327 0.0262689 0.00550805 -0.0130787 -0.00570573 0.00305691 -0.00821521 -0.00830266 -0.0163939 -0.00987143 0.0169607 -0.00690804 -7.3555e-05 -0.00029554 -0.0178153 -0.00599954 0.00197747 0.010681 -0.00685791 -0.0100017 -0.00794563 -0.000344473 0.00168029 0.00355648 -0.0070259 -0.00840556 -0.00688861 -0.00366053 -0.00715337 -0.000588895 0.00306958 -0.00806923 0.0106055 -0.00303072 -0.000804851 0.00415868 0.0110231 -0.00553611 0.0117751 -0.00205729 -0.00159364 -0.00609519 0.00858227 -0.0228119 0.00112689 -0.0037392 -9.2235e-05 -0.00058295 0.0373527 -0.00550983 -0.00879596 0.0101503 0.00165598 -0.00763915 0.00246288 0.0178552 0.00567169 -0.00293029 -0.00248532 0.000785983 -0.0128023 0.0016706 -0.00559678 -0.0152805 -0.0157253 -0.010967 -0.00950023 -0.0162607 -0.0194344 -0.0111761 -0.0102435 -0.0225581 -0.0161426 -0.00609281 -0.00311753 -0.00271406 5.44997e-05 -0.0180372 -0.0147368 -0.00979254 -0.000309956 -0.000284875 -0.00891338 -0.00848029 -0.0108705 
-0.00519262 0.00195169 -0.00241525 -0.00443833 0.00700671 0.00175234 0.0156692 0.00214435 -0.0061262 0.0202495 0.185122 -0.00620799 -0.0108153 6.91666e-05 0.00593648 0.000192054 0.00531324 -0.00116066 0.0147712 -0.00489881 0.000574654 -0.0048555 -0.00641042 -0.00177472 -0.00476602 -0.00104259 -0.00289013 -0.000559281 0.00642283 -0.0112822 0.0175889 -0.00581687 -0.00158891 -0.000434611 -0.00898718 -0.00363796 0.00420832 -0.0142052 -0.00122548 -0.0139326 -0.00495696 -0.00430845 -0.00940248 -0.0129454 -0.00326025 0.00362124 0.00309497 -0.00741645 0.00307023 0.00326187 -0.00374382 -0.00682539 0.00485971 0.00413711 -0.0062308 -0.00237555 -0.0059186 -0.00107513 -0.00656566 -0.000256598 0.00771765 -0.00322077 0.012291 0.0137484 -0.00382481 -0.00257582 -0.0127618 -0.0077156 -0.00636791 -0.00662789 -0.00051293 -0.00698818 0.00643328 -0.00975804 -0.000813902 -9.3728e-05 -0.00595233 -0.00640684 -0.0138923 0.005282 -0.00208016 0.0183266 0.00679782 -0.0073775 -0.00752445 0.00390064 -0.0184144 -0.0120774 0.00416425 -0.00586036 -0.00224677 -0.00417894 -0.00801057 -0.0118254 -0.0106971 0.00571193 -0.00721764 -0.00464429 -0.00794435 0.00216754 
-0.0165254 -0.0045014 -0.00737705 -0.0096948 -0.0242138 -0.000873459 -0.00919773 0.0116574 -0.0107992 0.0220085 -0.00620799 0.214892 -0.00982299 0.0148067 -0.00174884 0.00189051 0.00479861 0.00715617 -0.0104836 0.00240537 0.00961873 0.00234233 -0.00829662 0.00748048 -0.00748304 0.000507434 -0.0063114 -0.0101647 -0.00787113 0.00237187 -0.0075865 -0.00501177 -0.00661535 0.00643678 -0.00456221 -0.0127935 -0.00442074 -0.0074508 -0.00590878 -0.0111949 -0.00478151 -0.00950505 -0.0172942 -0.0083414 -0.00145374 -0.0107801 -0.00788639 -0.0185445 -0.00383669 -0.000856077 -0.00745671 -0.00673423 -0.00055462 -0.00279673 0.00242109 0.0046115 -0.0077687 0.0029077 -0.0096334 0.00353713 -0.00421542 -0.000791307 -0.00284371 0.0027273 -0.00257126 -0.0190334 -0.0012849 -0.00752308 -0.00158293 -0.0127687 0.00323176 0.0101467 -0.00142349 0.0215761 0.00970391 0.00876666 0.00122408 0.0140636 0.00513904 -0.0050371 -0.00605201 0.00994364 -0.00590277 0.00636411 -0.0117055 0.00258146 0.014582 0.000740729 -0.00624581 -0.00223699 0.000439603 -0.00140378 -0.0133792 -0.007125 0.00659622 0.0140211 -0.00361616 -0.00769826 0.00187807 0.00420625 
0.00355372 -0.00402896 -0.00710611 -0.010709 -0.0157514 -0.0095051 -0.014329 -0.00413287 0.000468231 -0.014529 -0.0108153 -0.00982299 0.19043 0.0056223 -0.000782853 -0.00240147 0.012749 -0.00260657 0.0101839 -0.00584135 0.00760386 0.00249815 0.00718063 0.000768535 -0.00312999 0.00278014 -0.00514205 0.00215085 -0.0137477 -0.00693256 -0.000973721 0.00364227 0.0107473 0.00818502 -0.00693578 -0.00158557 -0.00711372 -0.0113616 -0.00152918 0.00903149 -0.000250714 0.00820405 -0.00618143 -0.000331032 -0.00212223 -0.00214969 -0.00175129 0.00472168 -0.00631104 -0.00127631 -0.00511561 -0.000605129 -0.00880387 -0.000577023 -0.00544171 0.00121595 -0.006186 -0.00862365 0.0037483 -0.0169543 -0.00475691 -0.00477218 -0.00763722 -0.00131425 -0.006252 -0.0148833 -0.00124173 0.00211845 -0.00252703 -0.000795162 -0.00849184 -0.011325 -0.000563921 -0.00198226 0.000815934 -0.00153453 -0.000524316 -0.000714596 -0.00779876 -0.00627522 0.0187337 0.000365219 -0.0149592 0.00377978 0.00327346 0.00344082 0.0149389 -0.00178964 0.00331463 0.00100654 0.00541579 -0.00743939 0.00803221 -0.000378073 0.0068641 -0.0077281 0.00195556 -0.000813383 -0.00101882 -0.00852837 
-0.00207077 0.00381255 0.00808783 -0.0055001 -0.00096799 -0.00233889 -0.00874432 -0.0090053 0.00655821 0.00942812 6.91666e-05 0.0148067 0.0056223 0.200492 0.00345523 0.00575454 0.0091025 -0.00280268 0.013225 -0.00619861 -0.00387403 0.0119197 0.00684623 -0.00720059 -0.000410429 -0.00881088 -0.00263012 -0.00816389 -0.0111304 0.00264909 0.000125875 -0.0111086 -0.00993117 0.00230611 0.00131148 -0.00459879 -0.00564844 0.00272178 -0.00897878 -0.0141899 -0.00246268 -0.00763533 -0.00219797 -0.00394113 0.00224222 -0.0112606 -0.00859798 -0.000473516 -0.000539564 0.0157498 -0.00640997 0.00474951 0.000843862 -0.00293336 -0.00234438 -0.0129872 -0.00910033 0.00408126 -0.00917004 -0.0094776 -0.00943631 -0.00269294 -0.00184535 -0.00905202 -0.0052489 -0.0140206 0.00261341 -4.02373e-05 -0.000873968 -0.0184911 -0.0127937 0.00261209 0.000727965 0.00452039 0.00605405 0.00887775 -0.00742249 0.00264741 -0.00849463 0.000261456 -0.00603406 -0.0254851 -0.0170724 -0.0230856 -0.00531833 0.0109684 -0.0121181 -0.00393812 -0.00152821 0.00799323 -0.0118464 -0.000578368 0.0168179 0.00453834 -0.00285798 0.0119264 -0.00369695 0.000950311 -6.30842e-05 0.0104011 
-0.00626438 -0.00234726 0.000569182 -0.00277853 -0.00237922 0.00122743 -0.000900569 -0.00189458 -0.0028512 0.01001 0.00593648 -0.00174884 -0.000782853 0.00345523 0.124793 0.00114598 0.00514055 -0.00030144 0.000974232 -0.00158858 -0.00923595 -0.00603966 -0.000818064 -0.00953356 -0.00538958 0.00021216 -0.00628232 -0.00284518 -0.000519617 -0.00677531 -0.0040449 -0.00419617 0.00280123 0.00151144 -0.00054244 -0.00107745 -0.00104902 -0.00487652 -0.00391466 0.00163678 0.00700066 -0.00468397 0.000589331 -0.00090995 -0.00145658 -0.000199759 -0.00277526 0.0112277 -0.00148947 0.00416753 0.00529335 0.00475269 0.00336475 0.0158067 -0.000330286 -0.00176525 -0.00150234 -0.000201178 -0.00468103 0.000586116 0.000738791 -0.00211133 -0.00136855 0.0034313 0.000748629 0.00413173 0.00833882 -0.00684235 -0.00269118 -0.0070564 -0.00581781 -0.0100756 -0.00423902 -0.0079799 0.000342663 -0.00644161 -0.00413419 -0.00272938 -0.00973628 -0.00384342 -0.00599519 -0.00600693 -0.00431486 -0.00174211 -0.00201374 -0.0011532 -0.00589297 0.00461675 0.000314742 0.000592587 -0.0102157 0.000660637 -0.0024154 -0.00134656 -0.00730607 -0.00175796 -0.00105329 -0.00241349 0.00679282 -0.00324486 
-0.00361784 0.000545188 -0.00358314 0.000802729 -0.00432088 -0.00154594 0.00532211 -0.00286881 -0.000427071 0.00532327 0.000192054 0.00189051 -0.00240147 0.00575454 0.00114598 0.0886587 0.0083923 0.00137772 -0.00931276 0.000139515 -0.00220509 0.000947724 0.00385712 -0.00157117 -0.00199542 -0.000423104 0.000835501 0.000191588 -0.00514372 -0.00323781 0.00143585 -0.00253216 0.00115124 -0.0107607 0.0027631 -0.000295266 -0.000379593 -0.00290308 0.00324121 -0.00533835 0.000278901 -0.00349421 -0.000408754 -0.00131936 -0.00167018 -0.000625431 -0.00131255 -0.000570931 0.000533177 -0.00196134 -0.000918929 0.00121539 -0.00196026 0.00444829 -6.75462e-05 -0.00219602 -0.000820504 0.00126626 -0.000253682 -0.00269283 0.000568856 0.000131681 -0.000115881 0.00452984 -0.000153979 -0.00125555 -0.00291155 -0.00283154 0.00156409 -0.000789717 -0.000964926 0.00334643 0.000197733 -0.00748581 -0.0033871 0.00014812 -0.00455193 0.00141108 -0.00212083 -0.00335881 -0.01337 -0.000907257 -0.0030018 -0.00679415 -0.0016871 0.000302607 -0.00493254 -0.00285273 0.0013026 0.000255475 -0.00588326 -0.00018885 0.00271424 0.000995927 0.00257084 -0.000943568 -0.00143913 0.00180758 -0.000801086 -0.00569199 
-0.00514251 0.00516463 0.00152312 -0.00180736 -0.00133963 -0.00549661 -0.00394117 0.00400976 -0.00939066 0.0262689 0.00531324 0.00479861 0.012749 0.0091025 0.00514055 0.0083923 0.160127 0.00406585 0.00647849 -0.00838695 0.0177756 0.00275456 -0.000629722 -0.00457823 -0.00222468 -0.00305845 -0.00296831 0.00334913 0.000136671 -0.00641315 0.00103574 -0.00427705 0.00381386 -0.0110954 -0.0080282 -0.00569049 -0.00699246 -0.00353796 0.00731697 -0.0030257 0.00394519 0.0090803 -0.00490591 -0.00605495 -0.001691 -0.000748466 -0.0107921 -0.00323296 -0.0029348 -0.00275848 -0.00542291 -0.000734446 -0.000352627 0.00125672 0.00524709 -0.0122641 0.00531488 0.00250686 -0.00418276 -0.00221457 -0.00749595 0.00051115 -0.00296422 0.00313529 -0.0047513 -0.00247278 0.00512342 -0.00373541 -0.00707926 -0.00400471 0.00260617 -0.000830907 -0.00188705 -0.00212854 -2.62781e-07 -0.00361315 -0.000835472 -0.0084565 -0.0222108 -0.0132364 -0.0127989 -0.00295858 -0.00833234 -0.0161858 -0.0037145 -0.000192712 -0.00165984 -0.00419034 -0.000848981 -9.43261e-05 -0.00824961 0.00237261 0.000423218 -0.00788277 -0.00771199 -0.00372517 0.000605688 -1.04455e-05 -0.00371307 -0.00715814 
-0.00630141 -0.00151785 0.00504429 0.000814562 -0.00298922 0.00221279 -0.00108539 0.00467138 0.000117111 0.00550805 -0.00116066 0.00715617 -0.00260657 -0.00280268 -0.00030144 0.00137772 0.00406585 0.0713552 0.00103882 0.0019459 0.010369 -0.00251286 0.00219603 -0.00591448 -0.00422988 -0.00374037 -0.0039345 0.00121867 -0.000566291 -0.00323917 -0.00315488 -0.00155207 -0.00492042 -0.00115654 -0.00160522 -0.000184801 0.00133763 -0.0025749 -0.000896828 -0.000963896 -0.000937528 0.000293855 5.69831e-05 0.00168482 -0.000167554 -0.00230822 -0.00223373 -0.00605904 -0.00258653 -0.000466933 -0.00436841 -0.00174929 0.000797746 -0.00229429 0.00323432 -0.000440706 0.00200601 0.00172749 0.00147808 -0.00462215 -0.00188516 -0.000670555 -3.58749e-05 -0.0005606 -0.000354644 -0.00466495 -0.00328947 -0.000656555 -0.00236221 -0.000551113 0.000303935 -0.00307874 0.00033546 0.00775308 0.000234761 -0.00112973 -0.000638432 -0.000277634 -0.00184484 -0.00136542 -0.00564027 -0.000239177 -0.00445943 -0.000440593 -0.00163656 -0.00584447 0.00851159 -0.00436431 -0.00192373 -0.000661467 0.000428902 -0.00227855 -0.00322712 -0.0022614 0.000560505 -0.00192618 -0.00170472 -0.00229931 3.34211e-05 0.000549803 
-0.00324834 -0.000346983 0.000173486 0.00279065 -0.000942726 -0.00417962 9.46247e-05 0.00199056 0.0022037 -0.0130787 0.0147712 -0.0104836 0.0101839 0.013225 0.000974232 -0.00931276 0.00647849 0.00103882 0.191613 -0.00444647 -0.0104893 0.000552597 -0.0080972 -0.00569238 -0.00769999 -0.0124384 -0.000963316 -0.00186257 -0.00417756 -0.018174 0.0121648 -0.00228647 -0.0219059 0.0121024 -0.00377163 0.000431593 -0.0014642 -0.00758184 0.00214525 -0.00350887 -0.00021443 0.00574078 0.00126957 -0.00356006 -0.00472894 -0.00247591 0.0110725 -0.00623963 -0.00229833 -0.000595419 0.0120277 -0.00996172 -0.00199637 -0.000568855 -0.00899153 -0.00826095 0.000757565 -0.000743665 -0.00262006 -0.00194427 -0.00146869 -0.0038409 0.000296412 -0.0153494 -0.00151282 -0.00666291 -0.00486252 0.00232637 -0.00134143 -0.0169218 -0.00154039 -0.00779065 -0.00748933 -0.017337 0.0022577 -0.000733591 -0.00504568 -0.0132445 -0.00543586 -0.00226879 0.0175553 0.00650896 0.00381033 0.00709032 -0.00412948 -0.00356595 0.00640756 0.00123203 0.00488982 -0.000850777 0.00277081 0.0031339 -0.00324975 -0.00873526 -0.012301 -0.000342835 -0.0038999 3.56431e-05 -0.000819245 -2.36871e-05 
-5.12406e-05 -0.00384573 -0.00715891 0.00277394 -0.00199961 -0.00140152 -0.00708534 -0.00177353 0.000580895 -0.00570573 -0.00489881 0.00240537 -0.00584135 -0.00619861 -0.00158858 0.000139515 -0.00838695 0.0019459 -0.00444647 0.136877 -0.0101553 -0.00216783 -0.00788266 0.00146137 -0.00467153 -0.000346499 -0.00760631 -0.0014475 -0.00414681 0.00625115 0.00298563 -0.00365556 -0.00908717 -0.00497196 -0.00222896 -0.00161102 -0.00537876 0.00401856 -0.00794197 0.000500442 -0.00739248 -0.00356177 -0.0118021 -0.00550495 0.00174936 -0.00561457 -0.00453197 -0.00208399 -0.00260801 0.000414583 -0.0120928 0.00102165 -0.00535071 -0.00703516 0.00502992 0.000528587 -0.00150445 -0.000601084 -0.00130816 -0.00283965 -0.0013956 -0.000839783 -0.00325819 -0.0172023 0.00395479 -0.00707345 -0.0114434 0.00818196 0.00372696 0.00659245 0.000411264 0.00893719 0.000255421 0.00718721 0.000934674 -0.00375164 -0.00144225 -0.0082856 0.00195294 0.00763972 -0.00930502 -0.00785585 0.00232903 0.0110861 2.46854e-05 0.00451096 0.0126679 0.00506084 -0.00296849 0.00167059 -0.000925351 0.00110507 -0.00215023 0.000657479 0.014219 0.00907029 -0.00358138 -0.0026214 0.000731758 0.0100218 
-0.00670172 -0.00489622 0.00713511 -0.00246424 -0.00236687 0.00145044 -0.00401303 0.00435153 -0.00686411 0.00305691 0.000574654 0.00961873 0.00760386 -0.00387403 -0.00923595 -0.00220509 0.0177756 0.010369 -0.0104893 -0.0101553 0.173048 0.0015525 0.00405431 0.00981955 0.0100002 -0.00414572 -0.00115412 -0.000814472 -0.00872084 -0.0118268 -0.0147287 0.00516961 0.00395838 -0.00483727 -0.00890444 -0.0067336 -0.00253516 -0.0161176 0.00866315 -0.00522756 -0.00448992 0.000550331 -0.00486029 0.00312137 -0.00334366 -0.000650428 -0.00533391 -0.00798821 -0.00850165 -0.00285651 -0.0134458 -0.00544702 0.00644424 -0.0091237 -0.00328622 -0.00923101 -0.00307389 0.00378449 -0.000476813 -0.0105943 -0.00182947 0.000227982 0.00118883 0.00225057 -0.00552661 -0.00312474 0.00344801 -0.00424975 -0.00668753 0.00531521 0.0033546 0.00132571 0.00231608 0.00124923 -0.00713969 0.00349539 -0.00386147 0.00455701 -0.00511429 0.00073864 0.00328745 0.00451305 -0.00746468 -0.0107688 0.00176174 -0.00255888 -0.0013145 0.00359731 -0.00519348 -0.00514559 0.0112712 -0.00672839 0.00123123 -0.00663426 -0.000493184 -0.00598214 -0.00542458 -0.00326546 -0.00317044 -0.00383757 
0.00353214 0.00207571 -0.00254872 -0.00217278 -0.00332929 -0.00338959 -0.00120662 -0.00296338 -0.00198644 -0.00821521 -0.0048555 0.00234233 0.00249815 0.0119197 -0.00603966 0.000947724 0.00275456 -0.00251286 0.000552597 -0.00216783 0.0015525 0.103514 -0.000513234 0.00684827 -0.00229242 -0.00473654 -0.000271579 -0.00196181 -0.00469178 0.00156864 -0.00200247 -0.00243598 0.00181888 -0.00321578 -0.00161991 0.00639495 -0.00185004 0.00337847 0.0018477 -0.0010015 -0.00263914 -0.00282381 0.00158785 0.000993518 -0.000277456 -0.00162149 -0.0032632 0.000701383 -0.00125312 -0.00114602 0.00104519 0.00177737 -0.000162848 -0.00690546 0.000964592 -0.00511465 -0.00143362 -0.00110672 -0.00364276 -0.000982268 0.00124694 0.0016593 0.000557449 -0.00966577 -8.31342e-05 -0.000137566 -0.00239366 9.72262e-05 -0.00061829 -0.00270749 -0.00684158 0.00232124 -0.00172416 -0.00172512 -0.00181857 -0.00529995 -0.00371872 -0.00428573 -0.00382595 -0.00433848 0.00330059 -0.00441695 -0.00177199 -0.00183363 0.000733635 -0.00201571 -0.00226848 -0.000485757 0.00420857 0.000772469 -0.00414091 0.000278039 0.00523443 -0.00122886 -0.00794571 -0.000878094 -0.000249273 0.00186119 -0.00390508 -0.00220947 
-0.00421543 0.00234748 0.00289137 -0.00313232 -0.00506617 0.000519197 -0.00134874 -0.00416579 -0.0022008 -0.00830266 -0.00641042 -0.00829662 0.00718063 0.00684623 -0.000818064 0.00385712 -0.000629722 0.00219603 -0.0080972 -0.00788266 0.00405431 -0.000513234 0.101675 0.00233435 0.00365661 1.71907e-05 -0.00105791 0.00219868 -0.00394726 0.00133463 -0.00456354 -0.00280479 0.00315153 -0.0117223 0.000240943 -0.00304295 -0.00227503 -0.0118502 -0.00261972 -0.000300646 0.00127483 0.0010164 -0.0026055 0.000212766 0.00163284 0.00342993 0.000473248 0.00575405 -0.000987051 0.00153314 -0.00106262 -0.00592457 0.00115578 -0.000553851 -7.06924e-05 -0.000104843 -0.0032729 -0.00305414 0.00806905 -0.00799497 -0.000565676 -0.000435621 -0.00382837 0.000780264 -0.00145315 -0.00620699 -6.98034e-05 -0.00167354 -0.00312024 -0.00715758 -0.00530715 -0.000245614 -0.00488765 0.000927555 0.00693488 0.00639568 -0.00381587 0.00282407 -0.00399477 0.00159109 -0.00167159 -0.00506823 -0.00238208 -0.00798946 -0.00116407 0.0072253 -0.000839232 -0.000428543 -0.000868187 -0.00191162 -0.00624684 -0.000677325 -0.000353143 -0.00293372 0.00890461 -0.000641354 0.00427797 -0.00157057 0.00181433 -0.00232578 
-0.00444942 0.000197898 -0.00476413 -0.00207477 0.00117877 -0.00571073 -0.000117281 -0.00674093 0.000667766 -0.0163939 -0.00177472 0.00748048 0.000768535 -0.00720059 -0.00953356 -0.00157117 -0.00457823 -0.00591448 -0.00569238 0.00146137 0.00981955 0.00684827 0.00233435 0.161729 0.00423725 0.00655542 0.0079812 0.00545204 -0.00256575 0.0202411 0.00104345 -0.00203474 -0.00244693 0.00137282 -0.0100796 0.00029374 -0.00475014 -0.0134369 0.00181267 0.00270642 -0.00785332 0.00107743 -0.00669516 -0.00835313 -0.00270079 0.000413483 -0.00525485 -0.0106983 -0.000228521 -0.00544544 -0.0012952 -0.00614595 -0.000824058 -0.00311268 0.00234923 -0.00301774 -0.00371626 -0.000408517 0.000430395 -0.000899001 0.00227779 0.0023506 -0.00685834 0.00488152 -0.00635065 -0.000872681 -0.00907827 -0.00163834 0.00291617 0.00670086 -0.00623677 0.00858499 -0.00277042 -0.0042459 0.000592991 0.01169 0.00302402 -0.00531942 -0.00213362 0.00351649 -0.00217625 -0.000564539 -0.000188152 -0.00718526 -0.000622424 0.00117073 -0.00585786 -0.00663647 -0.004249 -0.00676561 -0.00760386 -0.00508214 -0.00694799 -0.0124969 -0.00195435 -0.0034476 0.00160988 -0.00581755 -0.00529335 0.00910459 
0.00347228 -0.00122633 -0.00126187 -0.00301445 0.00408617 0.00366584 -0.00320941 0.000919253 0.00557305 -0.00987143 -0.00476602 -0.00748304 -0.00312999 -0.000410429 -0.00538958 -0.00199542 -0.00222468 -0.00422988 -0.00769999 -0.00467153 0.0100002 -0.00229242 0.00365661 0.00423725 0.136331 0.00240405 0.00957383 0.00564364 -0.00357291 -0.00177715 -0.00995952 -0.00350994 -0.00784689 -0.00839403 0.00138304 -0.00396107 -0.000706856 -0.00126976 0.00324896 0.000912284 -0.000965651 -0.00806621 -0.00120226 -0.00397008 -0.00192277 0.00924389 -0.0030876 0.000518796 0.00186139 0.00440951 0.00202948 -0.00736754 -0.00175169 -0.0060171 0.00139371 -0.00712775 -0.00243178 -0.0013283 0.00577884 0.00509989 0.00284658 -0.00106156 0.000439549 -0.00709934 -0.00295939 0.00320415 -0.00295427 -0.00470558 0.000673902 0.00312915 -0.0149912 -0.00747933 0.00607859 -0.000315728 -0.00313334 0.000229529 0.000227601 -0.00607765 -0.00277273 -0.00179322 -0.0109898 0.0023617 -0.00206326 -0.0141039 -0.000750987 0.0104177 -0.00576772 0.00184501 -0.00237791 0.00124568 -0.00294703 -0.0030912 -0.00160918 -0.00133775 -0.00468056 -0.00296953 -0.00414375 0.000892535 -0.00070912 0.00296338 
0.000272828 -0.00254663 -0.00803835 -0.00485233 -0.00306041 -0.0048197 0.00340543 0.00072682 -0.00394447 0.0169607 -0.00104259 0.000507434 0.00278014 -0.00881088 0.00021216 -0.000423104 -0.00305845 -0.00374037 -0.0124384 -0.000346499 -0.00414572 -0.00473654 1.71907e-05 0.00655542 0.00240405 0.117834 -0.00164149 0.00717392 -0.0069941 0.00217749 0.00369055 0.00437996 -0.00528613 -0.0150029 -0.0080893 -0.00347593 -0.000774954 0.000732182 -0.00363197 0.00243923 -0.00615395 -0.00168184 -0.00126625 -0.00288017 -0.00087484 0.00200474 -0.000831074 -0.00238753 -0.00159391 -0.0021207 0.00824184 0.004418 -0.0031231 0.00256501 0.0019565 0.00103551 0.000657714 -0.00581241 0.00318288 0.00825507 0.00259939 -0.00272152 -0.00346351 0.00879904 0.000445529 -4.12486e-06 -0.00584195 0.00408725 0.00074818 0.0054141 -0.00408335 -0.00209631 -0.00485042 -0.0052613 -0.00118295 -0.00453522 0.0103525 0.00175394 -0.00356615 -0.000616075 0.0035619 -0.00730293 -0.0047568 -0.00929021 -0.00375337 0.0032885 -0.00254395 -0.00540786 -0.00595475 -0.00100404 -0.0105853 -0.000733068 0.000473118 -0.000213192 -0.00698957 0.000606364 -0.00257027 -0.00178815 -0.00190743 -0.00406536 
-3.24878e-05 0.00233528 -0.00327 -0.00123232 0.00701482 -0.00123909 -0.00139477 0.00037561 0.00134609 -0.00690804 -0.00289013 -0.0063114 -0.00514205 -0.00263012 -0.00628232 0.000835501 -0.00296831 -0.0039345 -0.000963316 -0.00760631 -0.00115412 -0.000271579 -0.00105791 0.0079812 0.00957383 -0.00164149 0.0906181 0.00302452 0.00180756 0.00342924 -0.00304442 0.00624433 -0.00337736 -0.00344296 0.0023487 0.000572404 -0.000636372 -0.00471048 -0.00274988 -0.00200274 -0.00176024 0.000478285 0.00290974 0.00122106 0.000378843 -0.000400384 0.00180502 -0.000984916 -0.00238381 -0.00023742 0.00225377 0.00136304 -0.001109 0.00174345 -0.000416048 0.000953467 -0.00262763 -0.0045634 0.00115293 -0.00558356 -0.000113474 -0.000236264 -0.00141758 -0.00248282 -0.00157018 -0.00190055 -0.00897119 -0.00247131 -0.000698142 -0.00359445 0.0027378 -0.00281258 -0.00125802 -0.00945233 -0.00109231 -0.00258061 -0.000443807 0.00131997 0.00152149 -0.000729045 0.00749318 -0.00127305 -0.000579485 -0.000877847 -0.001057 0.0024811 -0.000946457 -0.00069385 -0.0034816 -1.5902e-05 -0.00232735 -0.0015123 -0.00475758 -0.00433678 -0.00648956 -0.00425695 0.000271304 -0.000912221 0.00169251 0.00301938 
-0.000427323 -0.00155759 -0.00527118 -0.000218632 0.00173025 -0.00233997 0.00302801 -0.00359716 0.00506478 -7.3555e-05 -0.000559281 -0.0101647 0.00215085 -0.00816389 -0.00284518 0.000191588 0.00334913 0.00121867 -0.00186257 -0.0014475 -0.000814472 -0.00196181 0.00219868 0.00545204 0.00564364 0.00717392 0.00302452 0.101544 0.00071476 0.000867103 0.00321397 0.00390122 -0.00119116 -0.00886117 -0.00840588 -0.000840211 -0.00268498 -0.00857425 6.41242e-05 -7.89694e-05 -0.00313738 0.000325101 -0.00180297 -0.00340962 0.000267239 -0.000544658 -0.00301637 -0.000650313 0.00241584 -0.00172416 -0.00090197 0.00766275 0.000924963 -0.0055389 0.00900052 0.0098304 -0.00212086 -0.0061852 0.00570577 -0.00136346 0.00377818 -0.00243046 0.00155806 -0.000366665 -0.0011328 -0.00762064 -0.00560226 0.000121391 -0.00314116 -0.00293728 -0.0073774 -0.00726826 -0.00394872 -0.00447957 -0.000931653 -0.00383354 0.00148436 -0.00165669 0.00449084 0.000747075 0.0107165 -0.00782924 -0.000144862 -0.00211071 -0.0016377 -0.00558156 0.00202256 -0.00674624 -0.00172165 -0.00240583 -0.00810447 -0.00341792 -0.00345783 -0.00462127 -0.00251005 -0.00466838 -0.00403362 -0.00134147 -0.00170082 0.0055157 
-0.00145984 -0.00229627 -0.000851706 -0.00127026 0.00465736 -0.00311764 -0.00376357 -0.00166417 -0.00491663 -0.00029554 0.00642283 -0.00787113 -0.0137477 -0.0111304 -0.000519617 -0.00514372 0.000136671 -0.000566291 -0.00417756 -0.00414681 -0.00872084 -0.00469178 -0.00394726 -0.00256575 -0.00357291 -0.0069941 0.00180756 0.00071476 0.123081 0.0137346 0.00888778 0.00255877 0.00724951 0.0116698 0.00104286 0.00332253 -0.00164398 -0.00590722 0.00296682 -0.00609491 -9.99046e-05 0.00380814 0.00770159 0.000603883 3.39463e-06 -0.000762632 -0.00139274 -0.00512178 0.00115306 0.00151747 0.000509936 -0.00228058 0.00114522 0.00602952 0.00160646 0.000125221 2.2368e-07 -0.00552375 -0.00353235 -0.00296013 -0.0023066 -0.00200125 0.00163571 0.00324821 0.00279513 0.00331082 -0.00234816 -0.00785085 -0.00050391 -0.00542505 0.0011879 0.00395736 -0.00182431 -0.00654547 -0.000330873 -0.0055858 -0.00175855 -0.0102119 0.000710185 -0.00541813 -0.00429891 0.00960487 -0.00344062 0.00627158 0.00035587 -0.00615159 -0.00601536 -0.00467139 -0.00391132 -0.00309627 -0.000354865 -0.00164414 -0.00520335 -0.00746734 0.000645254 -0.000960838 -0.00378813 0.00104408 -0.00531072 -0.00604697 
-0.00674366 -0.00429125 -0.00699578 -0.000182461 0.00629723 -0.00713835 -0.012174 -0.00710095 -0.00207995 -0.0178153 -0.0112822 0.00237187 -0.00693256 0.00264909 -0.00677531 -0.00323781 -0.00641315 -0.00323917 -0.018174 0.00625115 -0.0118268 0.00156864 0.00133463 0.0202411 -0.00177715 0.00217749 0.00342924 0.000867103 0.0137346 0.136607 0.00659425 0.00369794 0.00258759 -0.00150106 0.000357417 -0.00145175 0.00222682 0.00504412 -0.00757815 -0.00514909 -0.00603775 -0.00347638 -0.00633716 -0.00474994 -0.00168609 -0.0102832 -0.00614036 -0.0110417 0.00316878 -0.00193909 -0.001434 0.00479401 0.00122913 0.00102486 0.00162445 -0.00364972 0.00214775 -0.00757891 0.00233904 -0.00570097 -0.00342548 0.00130833 -0.00120268 -0.00265058 -0.00428367 -0.000217957 -0.00642341 -0.00361276 0.0037939 -0.0116527 0.00548721 0.00703156 -0.0047189 0.00621024 0.00137936 -0.000240377 -0.00730679 -0.000353677 0.00891206 0.00181707 -0.00278565 0.00393421 -0.000210648 0.0152913 -0.00153881 -0.0032024 0.00796679 -0.00151068 -0.00185045 -0.00269133 -0.0106458 0.000625581 -0.00768885 -0.00136833 0.00523895 0.000706973 -0.00257087 -0.00351419 -0.00638519 0.00789818 
0.0109159 0.00142439 -0.00964576 -0.00270013 0.000829229 -0.00511869 -0.000143548 -0.00312638 -0.00519537 -0.00599954 0.0175889 -0.0075865 -0.000973721 0.000125875 -0.0040449 0.00143585 0.00103574 -0.00315488 0.0121648 0.00298563 -0.0147287 -0.00200247 -0.00456354 0.00104345 -0.00995952 0.00369055 -0.00304442 0.00321397 0.00888778 0.00659425 0.14356 -0.00399156 0.00124707 0.00594932 -0.00595089 0.00862148 -0.00268834 -0.00812536 -0.00146778 0.00662008 -0.00341459 0.0065596 -0.0051295 -0.00845349 -0.000718091 -0.00885215 0.00055405 -0.00382399 -0.000440249 -0.00535234 -0.00376514 -0.00480658 -0.00037592 0.00360372 -0.00795949 0.00307552 -0.00413611 -0.00573669 0.000746001 0.00247719 -0.00102446 -0.00340481 0.00490287 -0.00673479 -0.00268014 -0.00383215 -0.00749495 0.001846 0.0085414 -0.00109898 0.000745356 -0.00371204 -0.00342391 -0.00746992 0.0072546 -0.00683349 -0.00551513 -0.0103743 -0.00625562 -0.0033816 0.00471588 -0.00480171 -0.000179918 0.00538296 0.00294092 0.00267469 0.000298479 -0.00667549 -0.00656952 -0.00709418 -0.00458429 -0.00208678 -0.00532749 -0.00876047 -0.00277663 0.0021036 -0.0093823 -0.00203347 4.36389e-05 0.00428449 
-0.00202067 -0.00103175 -0.00876297 -0.00156793 0.003436 -0.00548703 -0.00594922 -0.00320861 0.00424661 0.00197747 -0.00581687 -0.00501177 0.00364227 -0.0111086 -0.00419617 -0.00253216 -0.00427705 -0.00155207 -0.00228647 -0.00365556 0.00516961 -0.00243598 -0.00280479 -0.00203474 -0.00350994 0.00437996 0.00624433 0.00390122 0.00255877 0.00369794 -0.00399156 0.0970274 -0.000514141 -0.00908383 -0.00491473 -0.00138834 0.00278237 -0.0030938 -0.000482019 -0.00117648 -0.00370961 -0.00149776 -0.00395911 0.00217457 -0.0019681 -0.00260752 0.000210561 -0.00303323 -0.00241153 -0.00351176 0.00392413 0.00235841 -0.00227789 0.0033352 0.000945284 0.00241043 0.000393843 0.000437322 -0.00308983 -0.000414107 -0.000704835 -0.00100063 -0.00464174 -0.00496653 -0.000542464 0.00193925 0.000250463 -0.00168437 -0.00214031 -0.00551019 0.00235123 0.00178415 -0.00427736 -0.00665473 -0.00466252 -0.00334436 -0.00328369 0.00105623 0.00737804 -0.00202372 0.00978036 -0.00211373 0.00140284 0.00764727 0.00105471 0.00205176 0.00233215 0.00190361 0.00100952 -0.00221458 -0.000754301 -0.000919203 -0.00629722 -0.000910791 -0.0060632 -0.000459428 0.00350962 -0.00348097 -0.00256415 0.00288587 
-0.00894077 -0.00124439 0.00056846 0.00233315 -0.0032732 -0.00261249 -0.00128098 0.00717485 -0.00897862 0.010681 -0.00158891 -0.00661535 0.0107473 -0.00993117 0.00280123 0.00115124 0.00381386 -0.00492042 -0.0219059 -0.00908717 0.00395838 0.00181888 0.00315153 -0.00244693 -0.00784689 -0.00528613 -0.00337736 -0.00119116 0.00724951 0.00258759 0.00124707 -0.000514141 0.177826 0.0142736 -0.000898769 0.00759938 0.00516986 0.0191732 -0.00281974 -0.000976963 0.00851573 -0.001733 -0.0084745 0.00221698 -0.00173398 -0.00695719 -0.00321403 0.00589175 -0.000586022 -0.00725542 -0.00572112 0.00336647 0.00430469 0.00928405 -0.0028878 -0.00902313 0.00207331 -0.00218276 0.000549729 -0.00886346 -0.0010077 0.00375541 -0.0079253 -0.0111358 -0.0057514 0.000142032 0.00519124 -0.00737752 0.000711655 -0.00535783 0.00635701 -0.0114359 -0.00157718 -0.0134029 -0.00843431 -0.0105671 0.00532766 -0.00748852 -0.00989849 -0.00530916 0.0173167 0.000172859 0.00127462 -0.00684811 -0.00632443 -0.013571 -0.00372353 -0.00280523 -0.0011904 -0.00417166 0.000916977 0.000332434 -0.0076985 -0.00573768 -0.00161731 -0.0123751 -0.0076933 0.00170211 -0.00488262 -0.0130521 
-0.0064149 -0.00810188 0.00998871 -0.00428038 -0.00954602 -0.00672273 -0.0089537 -0.00618003 -0.00416756 -0.00685791 -0.000434611 0.00643678 0.00818502 0.00230611 0.00151144 -0.0107607 -0.0110954 -0.00115654 0.0121024 -0.00497196 -0.00483727 -0.00321578 -0.0117223 0.00137282 -0.00839403 -0.0150029 -0.00344296 -0.00886117 0.0116698 -0.00150106 0.00594932 -0.00908383 0.0142736 0.188673 0.0047171 -0.00467443 -0.00607769 -0.00455639 0.00360776 0.010412 -0.00641439 0.00571434 -0.00401271 -0.000833108 -6.30718e-05 -0.00416347 0.00185045 -0.0128704 -0.00792232 0.00115847 0.00583158 -0.0102377 0.0018527 -0.00087937 -0.00916924 -0.00987385 -0.00820825 -0.00207365 0.00237904 -0.00110016 -0.00667665 0.0014493 0.000686214 -0.0155348 -0.0052417 -0.0011831 -0.0100785 0.000807579 -0.000907917 -0.00919846 0.000473051 -0.0125528 0.00766362 -0.0118494 -0.00614037 0.00118887 -0.00336998 -0.00164539 0.00957202 -0.000509791 0.0137287 0.00566185 -0.00156106 0.00999685 -0.00137101 -0.00689625 -0.0012973 0.00363528 9.80741e-05 -0.00370954 0.0136704 0.000515852 -0.00550622 -0.000255584 0.00155601 -0.0130197 -0.00310189 0.000156945 0.0076561 -0.00806544 
