0.0835922 -0.000132618 0.00707727 -0.00156912 0.00312039 0.000352381 0.000374544 -0.00510563 -6.94924e-05 -0.00428612 -0.00402586 -0.00128991 0.00157285 -0.000914866 -0.00216744 -0.00442816 -0.00109469 -0.00100737 -0.00282068 0.00060886 -0.00424806 0.0129327 -0.000945744 0.00517751 0.00622038 -0.00397355 -0.00410505 -0.00393333 -0.00171061 0.00080768 -0.00449687 -0.004225 0.00557372 -0.00122728 -0.0010181 -0.00251221 -0.00025796 -0.0013262 -0.00107381 -0.000205619 -0.00209306 -0.00678736 -0.0044053 -0.000281003 -0.00282076 -0.00253048 -0.00261255 -0.00408761 -0.00203247 -0.000343203 -0.00589869 -0.0036018 0.00361039 -0.00202425 -0.000595946 -0.000576123 0.00131905 -0.00196982 -0.00227586 -0.00126051 0.00731223 0.00252604 -0.00246103 -0.00314284 -0.00400389 -0.000204532 1.94819e-05 -0.000185166 -0.000657389 0.00176771 -0.00225726 -0.00166331 -0.00105753 -0.000438309 -0.00587344 0.00100997 -0.00204495 0.0045382 0.00117724 -0.000599876 -0.00836339 -0.00185973 -0.00283659 -1.03402e-05 0.00234061 -0.00207867 0.00203005 -0.00502807 0.000356934 -0.00166622 -0.00270578 -0.00699103 -0.00176397 -0.00486754 -0.00111082 -0.00415353 0.012331 0.00189166 0.00228138 0.00647089 
-0.000132618 0.119773 0.00173783 0.00532587 0.00207798 0.00132469 0.00734976 -0.000809689 -0.00332736 -0.00190024 0.000899637 -0.00276902 -0.00459402 -0.00309864 -0.00438568 0.00332086 -0.00886477 -0.00546327 -0.00529821 -0.00256524 0.00676898 -0.004584 -0.0167644 -0.00963836 -8.08536e-05 0.00102839 0.00563376 0.00064505 0.00777014 0.000785531 -0.00441647 -0.00713924 -0.00409339 0.000636906 -0.00214338 -0.00154965 -0.000950392 -0.00922411 -0.000611911 -0.00195349 -0.00191302 -0.00335652 -0.00426537 0.00180524 0.00271563 -0.0026959 0.00364117 -0.00438358 0.00123606 -0.00647331 -0.0106468 0.000770964 -0.00447446 -0.00107423 0.00140612 0.000681692 0.00165126 -0.00143076 -0.00492241 0.00803002 0.012109 0.00436313 -5.30752e-05 -0.00667247 0.00324441 0.00198226 0.00121289 -0.00371962 -0.00351356 0.00568268 -0.0027576 -0.002306 -0.00286751 -0.00508044 -0.005673 -0.00514975 -3.15836e-05 0.00240973 -0.00520807 0.00164785 -0.0024925 -0.00238957 0.00173058 0.00718002 -0.00422208 -0.00204845 0.000415185 0.00153715 -0.0025613 -0.000543403 -0.00530966 0.00734204 0.000354857 -0.00433669 -0.000801779 0.000146171 -0.0075952 -0.00256351 -0.00144845 -0.00703486 
0.00707727 0.00173783 0.189215 -0.00212861 0.0111128 0.0138625 0.00505443 0.00834777 -0.00381551 -0.00284423 -0.00742059 0.00730062 -0.00355595 -0.00570562 -0.00837797 -0.00409655 0.0181624 -0.0010101 0.00465474 -0.00628514 0.00657109 0.00011189 -0.00720917 -0.0101398 0.000802323 -0.00672413 -0.00243065 -0.00601393 -0.00339645 0.0105259 -0.00432807 -0.0143131 0.00486901 -0.00734583 -0.00409486 -0.00321051 3.66156e-05 -0.000614459 -0.00182846 -0.00217221 -0.00552204 -0.0058365 -0.00643484 0.00285385 -0.00402468 -0.00161158 -0.00284047 -0.0097265 -0.00148622 -0.00997218 0.00426838 -0.0141312 -0.00141284 -0.00615798 -0.00750008 -0.00461518 -1.09847e-05 0.00207143 0.00173431 -0.00567711 -0.0127631 0.0216739 -0.00224264 -0.0103434 -0.0158843 -0.00155077 0.00904898 -0.00335887 -0.000272697 0.0107767 -0.00714897 0.00210992 -0.00383036 -0.01199 -0.0143121 -0.00276682 -0.000999585 0.00414645 -0.00259027 -0.00124166 -0.0047047 0.00264492 0.0045031 -0.0011062 -0.00271099 -0.0113516 0.000822671 -0.00607591 0.00264446 0.00234816 -0.00252112 0.00424917 -0.0118867 -0.00829586 -0.000839812 -0.00493783 0.00122892 -0.00230631 0.000712885 -0.0132253 
-0.00156912 0.00532587 -0.00212861 0.143736 -0.000653319 -0.0103225 -0.00270328 -0.00115203 -0.00539905 -0.00267792 8.97862e-05 0.00347018 -0.000630994 -0.00267217 -0.00518674 -0.00355874 0.00247389 0.00325407 -0.00829685 -0.00554362 -0.00907906 -0.00806127 -0.00201162 -0.00624617 -0.00881328 -0.00650156 0.00285877 -0.000168716 0.000183351 0.00770568 -0.00126667 -0.00321066 0.00998687 0.00195336 -0.00103683 -0.00310945 -0.0012558 0.00485286 -0.00293472 -0.000450998 -0.0063544 0.00517995 0.00635549 -0.00551645 -0.000650806 -0.00321408 0.00242792 0.00230065 -0.00580021 -0.00421532 0.00701483 -0.000729775 -0.00658215 -0.00448915 -0.00108737 0.00435049 0.00220956 -0.00301093 -0.000583604 0.00274416 0.0065687 0.0159333 -0.00271771 -0.0104611 -0.00586202 -0.00190289 0.000833499 -0.000333623 -0.00791799 0.00339633 -0.00208788 -0.000313223 -0.00305986 0.000234821 -0.00855915 -0.00372425 0.00184143 -0.00285773 -0.0116768 -0.0116131 -0.00492966 -0.00330931 -0.00114801 -0.00513753 -0.0012003 -0.00251095 -0.00396503 -0.00458977 0.00285503 -0.00253838 0.0041238 -0.000937424 0.00994241 -0.00314836 -1.38663e-06 0.00796657 0.00292487 -0.00893796 -0.00205067 -0.00872686 
0.00312039 0.00207798 0.0111128 -0.000653319 0.107378 -0.00611299 0.00218451 0.00166384 0.00750098 0.00511275 -0.00268348 0.00131052 0.0047084 0.00163503 -0.00467178 -0.00441984 0.00541635 0.00420315 0.00170202 -0.00153075 -0.00245223 0.00927216 -0.00384523 -0.00447268 -0.00205956 -0.000602831 0.0065146 0.00164086 0.000183253 -0.00286983 -0.00027406 7.91473e-05 -0.000670592 -9.97729e-05 -0.00486452 -0.000766488 0.000980682 -0.00861116 -0.00299869 -0.001852 -0.00416013 -0.00675278 -0.00431298 0.00459174 0.000816745 0.000350774 0.00483577 -0.00444076 0.000583602 0.00279633 0.000778789 0.000814749 -0.00523394 -0.00385678 -0.00122437 -0.00143873 -0.00728468 -0.00514076 -0.000936871 0.00264044 -0.00479781 0.00314407 -0.0107598 -0.00432394 -0.00360827 -0.000809111 -0.00716538 -0.003976 -0.00582891 0.00168777 -0.000717037 0.000530015 0.00169709 -0.00440199 -0.00431927 -0.000606046 -0.00392475 -0.00279223 -0.000737655 -0.00923659 -0.0120842 -0.00518047 -0.00114327 -0.000946211 -0.00192026 -0.00082289 -0.000384103 -0.00169034 -0.00246504 -0.00167245 0.00285658 -0.0055737 0.00469178 -0.00519122 0.00440762 -0.00130259 -0.00337895 0.00184863 -0.00052116 -0.00329371 
0.000352381 0.00132469 0.0138625 -0.0103225 -0.00611299 0.138336 0.00173145 0.00560227 -0.00156734 0.00247594 0.00089484 -0.00572603 -0.003216 -0.00330497 -0.000435571 0.00557574 1.67342e-05 0.000882735 0.00205954 0.0045259 0.0165932 -0.0136658 -0.00353592 -0.000804309 0.000433857 -0.00205448 -0.00214003 -0.00424739 -0.0027811 -0.00283987 -0.00138827 -0.00700128 -0.00105881 -0.00321021 -0.00112775 0.00460854 -0.00223575 -0.00705062 -0.00499282 -0.00184045 0.00306142 -0.0121018 -0.00435757 -0.00521572 0.000941113 -0.000462105 -0.00344562 -0.00486347 -0.00158159 -0.00407364 0.0041615 -0.00778347 0.00339868 0.00136896 -0.00648847 -0.00154082 -0.000806219 -0.00313563 0.000705245 -0.00442889 -0.0030636 -0.00545192 0.00506596 -0.00136918 0.00398606 0.00299302 -4.46262e-05 -0.00450028 0.00403806 0.00069486 -0.00530918 0.00146082 -0.00391539 -0.000888991 -0.00762251 -0.00498343 0.000702443 -0.00279062 0.00458713 0.000445289 -0.00202194 -0.00568416 0.00724122 -0.0124442 0.00128817 -0.00819066 -0.0105407 0.00160819 -0.00165621 0.00822883 -0.0020381 0.00144129 0.00713003 -0.0080884 -0.00514364 -0.00139917 -0.00583636 -0.000563952 -0.00325382 -0.00407858 
0.000374544 0.00734976 0.00505443 -0.00270328 0.00218451 0.00173145 0.126556 0.00827236 0.00100498 0.00779768 0.0126819 0.000627847 -0.00810076 -0.00687112 -0.00903679 -0.000236338 -0.0119333 -0.00454489 -0.0134661 0.00134342 0.0149947 -0.00235016 -0.010739 -0.00735304 -0.00349738 0.000508522 0.00488088 0.00466113 0.00187402 -0.00356287 -0.00571967 0.000486273 0.00376359 0.000836287 0.000887764 -0.0021965 -0.00255477 -0.00918143 -0.00453614 -0.0028741 0.000300465 -0.00671683 -0.00909451 -0.0033968 -0.00194003 -0.00199062 0.000207893 -0.00746849 0.000691358 -0.00188987 -0.00265962 -0.0110268 -0.00420897 -0.007301 -0.00124385 -0.00067016 0.0101008 0.0035498 -0.00174993 -0.000277668 -0.000555208 0.0146367 -0.00515017 0.000934983 -0.00616013 0.00389594 0.00412711 0.00268971 -0.00608204 -0.00917949 -0.00420766 -0.00329498 0.00384778 -0.00457945 -0.00555862 0.000490771 -0.000897833 0.00740438 -0.00369834 0.00275666 -0.00792168 -0.00049685 -0.0014625 0.00157348 -0.00404847 -0.00337319 0.00216505 -0.00741338 -0.00494151 -0.00115466 0.00610073 0.00255201 0.0040465 -0.0124426 0.00728137 -0.00124119 -0.00960047 -0.00245898 -0.00284825 -0.00536532 
-0.00510563 -0.000809689 0.00834777 -0.00115203 0.00166384 0.00560227 0.00827236 0.10532 0.000498276 -0.000627797 0.0040324 0.00495647 0.000412487 -0.00400603 -0.00559729 -0.0046986 -0.00485023 0.00097197 -0.00936907 -0.00701977 0.0026598 -0.00551786 0.00396899 -0.00288388 -0.00532889 -0.00676175 -0.00155656 0.00176393 -0.0018969 -0.00140806 0.000880541 -0.00179084 -0.00531601 0.00110029 0.00205601 0.00163654 0.000510135 0.00309592 0.00949911 3.6986e-05 -0.00309316 0.00472678 0.00091382 0.00398069 -0.00430069 -0.00139494 0.00141843 -0.00317756 0.00190325 -0.0040369 -0.00374648 -0.00227589 -0.00562141 -0.00557908 -0.007496 -0.000111781 0.000698847 -0.00131111 -0.00325479 -5.03491e-05 -0.000677642 0.000666841 0.00159568 -0.00374312 -0.00213929 0.00150926 0.00140859 0.00454152 0.00377322 0.00266682 -0.00341009 -0.00223001 0.000137337 0.00177867 0.000710892 -0.00324792 -4.78453e-05 -0.00462751 0.00078409 -0.00796776 -0.00629419 -0.00210021 -7.35842e-05 -0.00766275 -0.00134791 -0.00351484 -0.00333757 -0.00126782 0.00247174 6.85676e-05 -0.00180115 7.73545e-05 0.000804179 -0.000169173 -0.00120354 -0.00382098 -0.00717552 -0.00557514 -0.00207544 -0.00726446 
-6.94924e-05 -0.00332736 -0.00381551 -0.00539905 0.00750098 -0.00156734 0.00100498 0.000498276 0.0956642 0.000482677 0.00468372 0.00247201 -0.00409568 -0.00501398 -0.00175134 -0.00564578 0.0030341 -0.0072519 -0.00362069 -0.000696814 -0.00380453 0.00535658 -0.00117834 0.000746778 0.00178247 0.000270384 0.00151982 0.00201229 0.00379106 -0.00261986 -0.00180268 0.00772861 -0.00108524 -0.00038042 -0.000565621 0.00208149 0.00190442 -0.00136786 -0.00348149 -0.000524671 0.000424326 -0.00552856 -0.00268154 0.00653604 -0.000998773 0.000982737 -0.00537969 0.00315026 0.00324338 0.00427198 -0.0100118 -0.00626704 -0.000257932 -0.00156962 -0.000377128 -0.00673793 -0.00190939 -0.00519844 -0.00420237 -0.000865472 -0.00419458 -0.00444032 -0.00394115 -0.00229806 -0.0055639 -0.000197333 -0.00183127 -0.00193089 -0.00242826 -1.95744e-05 8.31623e-05 0.01175 0.00209433 0.00431676 -0.000261352 -0.00187891 0.00159229 -0.00322342 0.00738789 -0.00578569 -0.00599505 0.000536567 -0.00383006 -0.0105462 -0.00353715 -0.00241548 -0.00217086 0.00350388 -0.00248593 -0.00199593 0.00463152 -0.00784343 0.0024733 0.00606379 -0.00129696 -0.00456608 -0.0065491 0.00213364 -0.00222035 -0.00321198 
-0.00428612 -0.00190024 -0.00284423 -0.00267792 0.00511275 0.00247594 0.00779768 -0.000627797 0.000482677 0.159575 0.00385074 0.0124076 -0.0107461 0.0200016 0.000366095 0.00509615 -0.00363465 0.0109629 -0.00623163 -0.00169669 -0.00380779 0.00796205 -0.00979437 0.00892705 0.000822814 -0.00389643 -0.00535624 0.00553273 -0.00519535 0.00381982 -0.0074663 0.00106756 -0.00762366 -0.00696647 -0.000465675 -0.00879944 -0.00358768 -0.00994191 0.00333107 0.00433673 -0.00210068 -0.013719 -0.000918428 0.00448942 -0.00483196 0.000775665 0.0033489 -0.0108468 -0.00367762 -0.000587777 0.00741869 0.0158272 -0.000734086 -0.014827 -0.00528089 -0.00558374 -0.00473307 0.000820833 -0.00312594 -0.000779988 -0.0052506 -0.00485508 -0.00761879 -0.00974879 -0.00437454 -0.00126693 -0.00312513 -0.00320812 -0.00612869 -0.00891863 -0.000666125 -0.00665798 -0.00123775 0.00337463 -0.0102049 -0.000881883 -0.00222657 0.000980536 -0.00334773 -0.0105457 0.0070948 -0.00457282 -0.00736565 -0.0139022 -0.00659486 -0.00351491 -0.00290995 -0.0013464 0.000695598 0.00447182 -0.00276031 -0.00651849 0.00888618 -0.0094127 0.0020054 -0.00270453 0.00891878 -0.000154305 -0.0032671 0.00154439 
-0.00402586 0.000899637 -0.00742059 8.97862e-05 -0.00268348 0.00089484 0.0126819 0.0040324 0.00468372 0.00385074 0.111336 -0.00558123 0.00208271 0.00520315 -0.00275321 0.00581259 -0.0118211 -0.00922172 -0.00684812 -0.0070327 0.00144855 -0.00401915 -0.011725 0.00283452 -0.0042477 0.00356112 -0.00295328 0.00353302 -0.000127069 0.00246165 -0.00115092 -0.000764036 0.00145179 0.00111256 0.00161197 0.00106022 0.00111017 -0.00267243 -0.00637707 0.000707079 0.00838842 -0.00568875 -0.00309837 -0.00480465 0.0041777 -0.00222458 -0.00431032 -0.00260662 -0.000842771 -0.00326439 -0.00245613 -0.0126679 -0.00385374 -0.00687339 -0.00371662 -0.00669416 0.0109526 0.00511165 -0.00554209 -0.00203349 -0.00208556 0.000923349 -0.00457656 0.00395535 -0.0102796 -0.000228108 -0.00238905 0.00232382 -0.0050006 -0.00217552 0.00453505 -3.51737e-05 0.000853587 0.00535842 0.00290496 -0.00167156 -0.00236677 0.000794234 -0.00514551 0.000840823 -0.00201012 0.00252697 -0.000879666 -0.00438988 -0.00458954 0.00543504 -0.00102844 0.00320473 -0.00134034 0.0013243 0.00206619 -0.000847226 -0.00717302 -0.00740947 -0.000555394 -0.00302167 -0.00418527 0.0014743 -0.002178 -0.00194685 
-0.00128991 -0.00276902 0.00730062 0.00347018 0.00131052 -0.00572603 0.000627847 0.00495647 0.00247201 0.0124076 -0.00558123 0.125233 0.00117325 0.00798327 0.00424434 -0.00604291 0.0102383 0.00460491 -0.0138191 -0.00720852 -0.0099394 0.00469618 -0.00514532 -0.00399178 -0.00241515 -0.00842989 -0.00144383 0.00153213 -0.000648979 0.00565919 0.0022685 0.00147438 0.00135321 -0.00478303 0.0008637 -0.0072048 -4.98058e-05 -0.00524607 -0.000724768 0.00340172 -0.0011228 -0.00126338 0.00220924 3.94277e-05 0.0032486 0.00112657 0.004406 0.00407908 0.0051201 0.00543768 0.00955481 -0.000193025 -0.00406166 -0.00580203 0.00148428 -0.00566623 -0.0103538 -0.00450476 -0.00280895 -0.00380674 -0.00582845 0.000990344 -0.00229045 -0.00589324 -0.0113086 -1.0688e-05 -0.00158044 -0.00260793 0.00118361 -0.000241976 -0.00148214 -0.00803116 -0.00191719 -0.0017373 -0.00382413 -0.00155069 0.0124945 -0.00839951 -0.000803476 -0.0174688 -0.0120834 0.00395064 -0.00660808 -0.0133666 -0.00203075 -0.00739415 0.00248649 0.000319045 0.006677 -0.00103425 -0.00576471 0.0103844 -0.00194308 -0.012187 -0.00331606 -0.00136957 -0.00241713 -0.00523352 0.00204911 -0.00274538 
0.00157285 -0.00459402 -0.00355595 -0.000630994 0.0047084 -0.003216 -0.00810076 0.000412487 -0.00409568 -0.0107461 0.00208271 0.00117325 0.123974 -0.00712123 -0.000415643 0.00233468 0.00474428 0.00360428 0.00722372 0.00401907 -0.00805371 0.00307568 0.00449047 -0.00243211 -0.00133918 0.000966314 -0.00150588 -0.00409961 -0.00269634 -0.00271299 -0.00223241 -0.0024785 0.000759858 -0.00204414 -0.003088 0.00545696 -0.000607008 0.000147838 -0.00200293 0.00036579 -0.00268596 0.0026019 -0.00417731 -0.00238479 0.00107391 -0.00118945 -0.00402388 -0.00162732 -0.00317174 -0.00648496 -0.0145679 -0.000256124 0.000873371 0.00357283 -0.00256254 0.00104921 -0.00517639 -0.00283263 0.00161671 -0.00369039 -0.00555543 -0.00499569 -0.000265058 -0.00171352 0.00685127 0.00198412 0.000518772 -0.000363553 0.000192568 -0.000811648 0.00320138 -0.00552063 -0.00102654 0.000471822 -0.0043217 -0.00109609 -0.00235937 -0.000362809 -0.00428534 -0.00323666 -0.000802251 -0.00483348 -0.00816389 0.00814515 -0.00163361 -0.00445419 -0.00489097 -0.000185629 0.00251476 -0.00192914 0.00107133 0.00140875 -0.000831828 0.0047798 -0.000310378 0.000560739 -0.000359178 -0.00750652 -0.00496218 -0.00422327 
-0.000914866 -0.00309864 -0.00570562 -0.00267217 0.00163503 -0.00330497 -0.00687112 -0.00400603 -0.00501398 0.0200016 0.00520315 0.00798327 -0.00712123 0.17989 0.00485203 0.00902811 -0.00545989 0.0145525 0.000906042 0.00629586 -0.0149504 0.00251922 -0.0122412 -0.00200556 -0.00838759 -0.00857321 -0.00246745 -0.00348622 -0.00528099 0.00154306 0.000898924 -0.00187823 0.00312863 -0.00459104 0.00245276 -0.00782792 -0.0030785 -0.00374904 -0.00595692 0.0043716 0.000697109 -0.0117478 -0.00515229 -0.00935306 -0.00479414 -0.00556257 0.00368153 -0.00662897 -0.00566949 0.000613123 0.0124246 -0.000780996 0.00482945 -0.0111969 -0.000726388 -0.00689438 -0.00753448 -0.00336394 -0.000990762 -0.00631906 -0.00208979 -0.000996426 -0.0112792 -0.0034651 0.00653719 0.000952786 -0.00988923 -0.00515078 -0.00422303 -0.00176116 0.00109408 -0.00985859 -0.00313102 9.09418e-05 0.00406291 0.00123232 -0.0060102 -0.00226288 -0.00474395 -0.00779068 -0.00844564 -0.00339799 -0.00565353 0.000106866 -0.0096536 0.00268652 -0.00278201 -0.00667203 0.00552413 0.00143165 0.0110608 -0.00942602 0.00514163 -0.00505494 0.00249066 -0.00894709 0.00583115 0.00155548 0.00875407 0.00198236 
-0.00216744 -0.00438568 -0.00837797 -0.00518674 -0.00467178 -0.000435571 -0.00903679 -0.00559729 -0.00175134 0.000366095 -0.00275321 0.00424434 -0.000415643 0.00485203 0.131728 0.0104524 -0.000229374 0.000639394 -0.00521514 -0.00656518 0.000412786 0.00398027 -0.00273902 0.00661392 0.00592056 -0.00402554 0.00755565 -0.0038885 0.00115693 -0.00760637 -0.000226601 0.00421472 0.00275461 0.000456681 -0.00124046 -0.00568394 -6.8387e-05 -0.00580225 0.00303492 -0.000745473 0.000423994 -0.00282263 0.000689066 -0.00625208 -0.00281278 0.000422157 -0.000472142 -0.00548401 -0.000520302 0.00807546 0.000412522 -0.00506812 0.00246433 -0.00737921 -0.00860531 -0.00316041 -0.00525974 -0.000138397 -0.00246723 -0.00611281 -0.0045602 -0.00800483 -0.00206579 -0.00527838 -0.00426253 -0.0030227 -0.00574391 -0.00514416 -0.005368 -0.0106439 0.00439812 0.00634328 -0.0021782 0.00313937 0.00289916 -0.00196999 0.0040798 0.00178933 -0.000166184 0.0076399 -0.0108696 -0.00211256 -0.00437058 -0.0122537 -0.000549337 -0.00813549 -0.0076118 -0.00125128 -0.000785765 0.00441824 -0.00398141 3.20914e-05 -0.00157921 0.00642103 0.000752482 -0.000349995 -0.00482669 -0.00618588 0.00109987 0.0247597 
-0.00442816 0.00332086 -0.00409655 -0.00355874 -0.00441984 0.00557574 -0.000236338 -0.0046986 -0.00564578 0.00509615 0.00581259 -0.00604291 0.00233468 0.00902811 0.0104524 0.152362 -0.00433545 0.000976752 0.00330519 -0.00247932 -0.00853544 -0.0106274 -0.00505912 0.000455461 -0.00952948 0.00275994 -0.00584149 -0.00126091 -0.00243014 -0.00717789 -0.000265138 -0.00317897 0.00450289 -0.00260576 -0.00236791 0.0012905 -0.0042779 -0.0120871 -0.00877523 -0.0061263 0.00463648 -0.00238669 0.00327498 -0.00500572 -0.00183908 0.00114524 -0.00235819 -0.0143561 -0.00883052 -0.00895952 -0.00637168 -0.00616552 0.00324494 0.00233265 -0.00572333 -0.00474215 -0.0049723 0.0117516 0.00753385 -0.0024964 -0.0102017 -0.013633 -0.00893803 -0.00502899 0.0119807 -0.00208514 -0.00930089 -0.0038068 -0.00190441 -0.00950909 0.0105621 -0.00235964 -0.00163838 0.000487001 0.00560318 -0.0016595 0.0011757 0.00693201 0.00441341 0.00925424 0.0134387 -0.00493568 0.00541505 0.00393699 -0.00780703 -0.00103071 -0.00324002 0.000151915 -0.00366416 0.000708338 -0.00680427 -0.00689596 -0.00276804 0.00245155 0.00297347 -0.00882905 -0.0147901 0.00576454 0.000113671 0.00856998 
-0.00109469 -0.00886477 0.0181624 0.00247389 0.00541635 1.67342e-05 -0.0119333 -0.00485023 0.0030341 -0.00363465 -0.0118211 0.0102383 0.00474428 -0.00545989 -0.000229374 -0.00433545 0.180739 0.00358898 0.00895328 0.00225079 -0.000322932 0.00968521 0.00424772 -0.00067391 0.0024379 -0.00805752 -0.00496582 -0.0105898 -0.00766585 0.0110539 0.000664548 -0.00985399 0.0134872 -0.00642604 0.0026487 -0.0033601 -0.000314915 -0.0109974 -0.00200857 -0.000621626 -0.00673384 -0.00519377 -0.00647067 -0.00028012 -0.00231879 0.00254182 0.0134462 0.0139831 0.00126257 0.002197 -0.000143058 0.00562448 0.00334843 0.00221046 0.00129493 -0.000122571 -0.00940441 -0.00344682 -0.00606421 -0.00728493 -0.00699555 0.00406438 -0.00054099 -0.0125601 -0.0166597 -0.00581076 -0.00221995 -0.00349288 -0.000917737 0.000809199 -0.0149433 -0.00788031 -0.00649189 -0.00205815 -0.00155026 -0.00110504 -0.0117529 -2.44074e-05 -0.00414274 -0.0148422 -0.0327651 -7.20499e-05 -0.0143579 -0.000903283 -0.000343781 -0.00940011 1.24113e-05 0.00265375 0.00190425 -0.00523592 -0.0036445 -0.000222206 0.0056518 -0.00171057 -0.0030516 0.0152701 0.00660703 -0.00529481 -0.00777581 -0.00241368 
-0.00100737 -0.00546327 -0.0010101 0.00325407 0.00420315 0.000882735 -0.00454489 0.00097197 -0.0072519 0.0109629 -0.00922172 0.00460491 0.00360428 0.0145525 0.000639394 0.000976752 0.00358898 0.143301 0.0029067 0.0045096 -0.00371502 0.00241762 -0.00510175 -0.00210903 -0.00235152 -0.00592982 0.00206104 0.00139873 -0.00954269 0.00265264 0.000760897 -0.00378745 -0.000238292 -0.00436824 0.000231454 -0.0012543 -0.00253444 -0.00537152 0.000471613 -0.00146459 -0.00434855 0.0012114 0.0022961 -0.00277595 -0.00566063 0.000893511 0.00941158 -0.0080296 -0.00368826 0.00313544 0.0106549 0.0131011 -0.0005085 -0.00857372 -0.00558044 -0.00450912 -0.00896091 -0.000143691 -0.00324639 -0.00810746 -0.00221764 -0.00148596 -0.00580517 -0.00963944 -0.0058112 0.00170043 -0.00482631 -0.00679965 -0.00368122 -0.00587107 -0.00370116 -0.00644203 -0.00198398 -0.00213996 -0.0109898 0.00474507 -0.00429634 -0.00498837 0.000166607 -0.0158153 -0.00950506 -0.00436599 0.000200166 -0.00566102 -0.0103099 -0.000649217 -0.00300508 -0.00291739 0.0104939 -0.00104654 0.00410281 -0.000769105 -0.00371272 -0.00349013 0.00263468 0.009478 0.00719795 -0.00602442 -0.000683513 -0.00134121 
-0.00282068 -0.00529821 0.00465474 -0.00829685 0.00170202 0.00205954 -0.0134661 -0.00936907 -0.00362069 -0.00623163 -0.00684812 -0.0138191 0.00722372 0.000906042 -0.00521514 0.00330519 0.00895328 0.0029067 0.183254 0.0110222 -0.00284954 -0.00255233 0.0158362 -0.00791033 0.000965348 -0.00107872 0.000228363 -0.00511571 -0.00702887 -0.0100673 -0.00781683 -0.00954956 -0.00076634 -0.00101892 -0.00645995 0.0113352 -0.00131083 -0.0170374 0.0069341 -0.00642476 -0.00637199 -0.00246176 -0.00952387 -0.00276166 -0.00883197 -0.000975186 -0.00147574 0.00564963 -0.00195964 -0.0113454 -0.00221513 0.00116889 0.0118241 0.00373006 -0.00041914 0.000274141 -0.00023911 -0.00286768 0.00564226 0.00624267 0.00420962 -0.00965609 -0.0126778 -0.011536 0.0183585 -0.0030319 -0.00675915 -0.00189741 0.000699745 0.00965833 0.00277678 -0.00577789 -0.00201122 -0.00666885 0.00550437 0.00559013 -0.0199159 0.00170813 -0.00385527 -0.00523106 -0.0102541 -0.00202607 -0.00402389 0.0121282 -0.0103606 -0.0052812 -0.00106247 0.000116991 -0.0068586 -0.0037116 0.00835185 -0.00627709 -0.00397355 0.00513228 -0.0026253 0.00469856 0.00208419 0.00419816 -0.00460325 -0.017537 
0.00060886 -0.00256524 -0.00628514 -0.00554362 -0.00153075 0.0045259 0.00134342 -0.00701977 -0.000696814 -0.00169669 -0.0070327 -0.00720852 0.00401907 0.00629586 -0.00656518 -0.00247932 0.00225079 0.0045096 0.0110222 0.112498 0.00133836 -0.00396229 0.00715671 0.00787886 0.00198087 0.00135608 -0.00139541 -0.00365494 -0.00161389 -0.00393412 -0.00681908 -0.00595183 -0.00148509 -0.00378212 -0.000304043 0.00392506 -0.000966675 -0.00690534 -0.00394556 -0.00185207 -0.00154333 -0.00754002 -0.00169591 -0.00023436 0.000440275 -0.0038195 -0.000226917 -0.00506445 -0.0020003 -0.00279051 -0.00167878 -0.00104509 0.00428648 0.0072476 -0.00029349 0.0065696 -0.00271363 0.00036724 -0.00255651 -0.00321385 -0.00260995 -0.00821838 0.00112252 -0.000365963 0.00673354 0.000490403 0.00829245 -0.00555424 -0.00596132 -0.0049159 -0.000557373 -0.00695372 -0.00114136 -0.00624943 -0.000228302 0.00269933 -0.00685536 -0.00373995 -0.00622117 0.00786492 -0.00432056 -0.00401346 -0.00539383 0.000428229 -0.00381673 -0.00132994 -0.00190002 -0.00626982 -0.0017059 -0.00124588 0.00218306 -0.00300913 0.00183304 0.00156613 0.00695066 0.00178429 -0.00104991 0.00098215 -0.00306738 -0.00424413 
-0.00424806 0.00676898 0.00657109 -0.00907906 -0.00245223 0.0165932 0.0149947 0.0026598 -0.00380453 -0.00380779 0.00144855 -0.0099394 -0.00805371 -0.0149504 0.000412786 -0.00853544 -0.000322932 -0.00371502 -0.00284954 0.00133836 0.143314 0.00345565 0.00235176 0.00885543 0.00507502 0.00971522 -0.0059789 -0.00501788 0.00123103 0.00155887 -0.00294624 -0.00803092 0.00148381 -0.00043962 -0.00274091 0.00386772 -0.00429881 -0.0040371 -0.00531084 0.000474454 0.000248454 -0.00651406 -0.00943787 0.0017964 -0.000257969 0.00252182 -0.00783242 -0.00290691 -0.000284945 -0.0015944 -0.00885197 -0.00548226 -0.0021822 0.000815614 -0.00684828 -0.0108772 0.0068624 -0.000328067 -0.00511342 -0.00373396 -0.00169815 0.0036959 0.013794 0.00200831 -0.014768 0.00152556 0.00738798 -0.00623587 -0.00435435 -0.00439078 -0.00663446 0.00103085 0.00174619 0.00118158 -0.00441321 0.0015604 0.0132578 -0.00444126 -0.00501953 0.0121992 0.00374767 -0.00424548 -0.00123311 -0.00826631 -0.0010755 -0.00600374 -0.00638065 -0.00486088 -0.00514104 0.00328605 -0.00285002 -0.000403787 0.000762513 -0.00728148 -0.00218858 -0.00207082 -0.0107748 -0.00104617 -0.00891681 -0.00409844 
0.0129327 -0.004584 0.00011189 -0.00806127 0.00927216 -0.0136658 -0.00235016 -0.00551786 0.00535658 0.00796205 -0.00401915 0.00469618 0.00307568 0.00251922 0.00398027 -0.0106274 0.00968521 0.00241762 -0.00255233 -0.00396229 0.00345565 0.162895 0.00251506 0.00988719 0.0173201 0.00401146 0.00107801 -0.0022393 -0.000779029 0.00253244 -0.0161024 -0.00989964 0.00366364 0.00237699 -0.00376905 -0.00878635 -0.000116381 -0.00622992 -0.00656397 -0.000621435 -0.000204668 -0.0088111 -0.00517182 0.00105035 -0.00124526 0.00464479 -0.0014581 -0.0035645 -0.00739604 0.00623875 0.00238322 -0.00629423 -0.00634368 -0.0035301 -0.00272448 -0.00634546 -0.00340176 -0.00142137 -0.0104829 -0.000552891 -0.00173682 -0.00939372 -0.00324122 -0.0102039 -0.0177999 -0.00179145 -0.00173891 0.00137953 -0.00216901 -0.0107383 -0.00426999 -0.000903211 0.0020921 0.0113373 -0.0047778 0.00688553 -0.000139107 0.00558751 -0.00117199 0.00250017 -0.012725 0.000744919 -0.00977346 0.000672264 -0.00978108 -0.0164563 -0.00615125 -0.00417589 -0.00266469 -0.00157932 0.00394828 -0.00440583 -0.00168719 -0.00132907 0.00142686 -0.00443916 0.00309894 0.00722879 -0.00283719 -0.00548756 
-0.000945744 -0.0167644 -0.00720917 -0.00201162 -0.00384523 -0.00353592 -0.010739 0.00396899 -0.00117834 -0.00979437 -0.011725 -0.00514532 0.00449047 -0.0122412 -0.00273902 -0.00505912 0.00424772 -0.00510175 0.0158362 0.00715671 0.00235176 0.00251506 0.168252 0.0145093 0.00102956 0.00327685 -0.000515922 -0.00676591 -0.0108356 -0.00736069 -0.00193657 -0.00424704 0.0128539 0.00239363 -0.00583405 0.00270124 -0.000884931 0.00880761 0.00623752 -0.00398094 -0.000542232 0.00415011 -0.00336512 -0.00538924 -0.00519889 -0.00424696 -0.00498754 -0.0080228 -0.0097848 0.00151217 -0.015031 -0.00714042 0.0068996 0.00632562 0.00466943 -0.00577508 -0.000817521 -0.00665343 0.00366918 -0.00612805 -0.00821096 -0.00075439 -0.0073442 0.0037932 -0.00240488 -0.00256395 -0.00240281 -0.00351103 0.00993531 0.00133143 0.00467409 -0.00247616 -0.00205424 -0.00232733 0.00746632 0.00354093 -0.00961359 -0.00238049 -0.00264835 0.00104991 -0.000430667 -0.00152775 -0.00445865 0.00619245 -0.00427688 -0.00683116 -0.00422955 -0.0024574 -0.00653786 -0.00671451 -0.00473701 -0.0135329 -0.00746786 0.00573695 -0.00239449 0.00470971 0.000160737 -0.0011286 0.0029247 -0.00047296 
0.00517751 -0.00963836 -0.0101398 -0.00624617 -0.00447268 -0.000804309 -0.00735304 -0.00288388 0.000746778 0.00892705 0.00283452 -0.00399178 -0.00243211 -0.00200556 0.00661392 0.000455461 -0.00067391 -0.00210903 -0.00791033 0.00787886 0.00885543 0.00988719 0.0145093 0.157253 0.00647459 0.00220644 -0.0120277 0.00131903 -0.00651379 0.000509501 -0.00311325 -0.00354627 0.00560806 -0.00253211 0.00132032 -0.0107209 -0.00235571 0.00920799 -0.00586074 0.000674107 -0.00187531 -0.000771078 -0.00524663 0.00311699 0.00231663 0.000843089 -0.00180378 -0.00355653 -0.00621336 0.00973009 -0.0109574 -0.00975869 -0.0010139 -0.010297 0.00182547 -0.00845586 -0.00714516 0.00120982 -0.00625658 -0.00152609 0.00721672 -0.00663044 -0.00618479 -0.00473009 -0.00861378 -0.000468094 0.00362632 -0.00096972 -0.00259528 -0.0120085 -0.00215928 -0.00115273 -0.00188057 -0.000136924 -0.000864476 0.00497688 0.0056355 0.000361476 -0.00710329 -0.00506436 -0.0119127 -0.0036183 -0.00669213 -0.0137742 -0.00457082 -0.00664205 -0.00224316 -0.00134643 -1.36038e-05 -0.00208484 -0.00954562 -0.0111196 0.00230848 0.0117295 0.000352913 0.00192351 0.000943834 0.00343509 -0.00196775 0.00629126 
0.00622038 -8.08536e-05 0.000802323 -0.00881328 -0.00205956 0.000433857 -0.00349738 -0.00532889 0.00178247 0.000822814 -0.0042477 -0.00241515 -0.00133918 -0.00838759 0.00592056 -0.00952948 0.0024379 -0.00235152 0.000965348 0.00198087 0.00507502 0.0173201 0.00102956 0.00647459 0.107946 0.0108387 0.00155764 0.00135587 0.00397561 0.0121436 -0.00666713 -0.00358089 -0.0052519 -0.00166813 -0.000736132 -0.00259604 -0.00171072 -0.00162916 -0.00160414 0.00128149 -0.000968065 -0.003855 -0.000757626 0.000686306 -0.00479982 0.0018355 -0.00335462 -0.00172465 -0.000888544 -0.000403477 -0.00843957 -0.00252147 -0.000614216 -0.00225122 0.00257024 0.00238955 -0.00015496 -0.00216152 -0.00563772 -0.000674738 9.31498e-06 -0.00678664 -0.00668254 -0.00575322 -0.0121832 -0.00261167 -0.00413113 -0.00296132 -0.000156144 -0.00253505 -0.00155997 -0.00428547 0.00200627 -0.00353597 -0.00665594 -0.0030422 0.00479962 -0.00230003 -0.00442704 0.00436882 0.0030832 0.00104764 -0.00368167 -0.00338962 -0.00950851 -0.000358568 0.00149787 0.00191621 -0.00261423 -0.00105337 0.00213072 0.000465016 -0.00416799 -0.00234818 -0.00392697 -0.000816663 0.00160472 -0.00144067 -0.00412664 -0.00103285 
-0.00397355 0.00102839 -0.00672413 -0.00650156 -0.000602831 -0.00205448 0.000508522 -0.00676175 0.000270384 -0.00389643 0.00356112 -0.00842989 0.000966314 -0.00857321 -0.00402554 0.00275994 -0.00805752 -0.00592982 -0.00107872 0.00135608 0.00971522 0.00401146 0.00327685 0.00220644 0.0108387 0.120866 -0.00019615 -0.00379227 0.00344576 0.00273316 -0.0019076 -0.00136127 -0.0106976 -0.00311834 -0.00436384 -0.0018112 0.000147733 -0.00175307 -0.00269896 -0.00160838 0.00410308 -0.00682342 -0.00182113 0.00351046 0.000129047 0.000333174 -0.00507492 -0.0028053 -0.0022037 -0.00931168 -0.0114483 -0.00522529 -0.00518664 0.00482899 -0.00776779 -0.00300089 0.00433882 0.000465825 0.0030952 -0.00101416 -0.00345583 -0.00818542 -0.00762468 0.00465061 -0.00973926 -0.00324477 -5.45917e-05 -0.00224489 0.00465719 -0.000322148 -0.000916549 -0.00221789 0.0030297 0.00373514 0.0046595 -0.00479189 0.00136064 0.00233045 -0.00177131 0.00298073 0.0105145 -0.00116512 -0.000800614 -0.000600849 -0.00119874 -0.00333114 -0.00522731 0.00622516 -0.00260215 -0.00136067 -0.000805902 0.0017606 -0.00432161 0.000444252 -0.00390055 -0.00742226 -0.00102224 0.00188183 -0.00146544 0.00466843 
-0.00410505 0.00563376 -0.00243065 0.00285877 0.0065146 -0.00214003 0.00488088 -0.00155656 0.00151982 -0.00535624 -0.00295328 -0.00144383 -0.00150588 -0.00246745 0.00755565 -0.00584149 -0.00496582 0.00206104 0.000228363 -0.00139541 -0.0059789 0.00107801 -0.000515922 -0.0120277 0.00155764 -0.00019615 0.139523 -0.00266679 0.00781165 0.000843497 -0.0010146 0.0067404 -0.000582992 -0.00156987 -0.00344772 -0.00593656 -0.0014525 -0.00470464 0.00522776 -0.0037684 -0.00171651 -0.00173908 0.00205386 -0.00180223 -0.00244586 -0.00295908 0.00144952 -0.00984258 -0.0052868 0.007969 -0.00970784 -0.000820229 -0.00198348 0.0023631 -0.000387644 0.00168026 0.00485314 -0.00748915 -0.0104793 -0.00174195 -0.00584849 0.00673065 -0.000677482 -0.0045252 -0.00399744 -0.00118657 -0.00656217 -0.00500869 -0.00472915 0.0022977 0.000356491 -0.00582797 -0.00268455 0.00587364 -0.00134108 -0.000155275 0.000151899 0.0113198 -0.00721668 0.010012 -0.0113344 0.000695905 -0.00353959 0.00576258 -0.0080492 -0.00523496 0.00608935 -0.00319085 -0.000615071 -0.000989521 0.00155614 -0.00503984 0.000361666 -0.00675611 0.0033588 -0.00802392 -0.0128531 -0.00347326 -0.00510347 -0.00658039 
-0.00393333 0.00064505 -0.00601393 -0.000168716 0.00164086 -0.00424739 0.00466113 0.00176393 0.00201229 0.00553273 0.00353302 0.00153213 -0.00409961 -0.00348622 -0.0038885 -0.00126091 -0.0105898 0.00139873 -0.00511571 -0.00365494 -0.00501788 -0.0022393 -0.00676591 0.00131903 0.00135587 -0.00379227 -0.00266679 0.125115 0.00500187 -0.000592615 0.00409892 0.0139657 0.00659869 0.00466127 -0.00121731 -0.00595855 0.000917937 0.00132921 -0.00513649 -0.00273281 -0.00328375 0.00295088 -0.00101513 0.00157096 0.000512551 -0.0020665 -0.00161339 0.000149196 -0.000500152 -0.00631114 -0.00100737 -0.00633142 -0.00580802 -0.0085019 0.000214361 -0.0012416 -0.00724266 0.00236186 -0.00228302 -0.00200465 -0.000226515 0.00291204 -0.00134813 -0.00475399 -0.00501309 0.00261664 0.000377855 -0.00175444 -0.00566905 -0.0123323 -0.000272883 0.00409933 0.00408715 -0.00436037 -0.00235284 -0.00511091 -0.00208463 -0.00120282 0.00249411 -0.0167428 -0.0109343 0.00412219 -0.00548548 -0.00867738 -0.0070192 0.00175195 0.000363706 -0.00341045 -0.00266544 0.00403718 -0.00158101 0.000685606 0.00608271 0.00757285 0.00143628 -0.000328308 -0.00333038 -0.00318302 0.00262542 0.0015215 
-0.00171061 0.00777014 -0.00339645 0.000183351 0.000183253 -0.0027811 0.00187402 -0.0018969 0.00379106 -0.00519535 -0.000127069 -0.000648979 -0.00269634 -0.00528099 0.00115693 -0.00243014 -0.00766585 -0.00954269 -0.00702887 -0.00161389 0.00123103 -0.000779029 -0.0108356 -0.00651379 0.00397561 0.00344576 0.00781165 0.00500187 0.102059 0.00870212 0.000350228 0.0126498 -0.00495202 0.00248979 -0.00139358 0.000286547 0.00207228 -0.00257085 -0.00172306 0.0011929 -0.0025342 0.0014262 0.00205361 0.00365477 0.00320346 -0.00312976 -0.00257911 0.00141496 -0.000888858 -0.00279083 -0.00105054 -0.00280474 -0.00515197 0.00521932 -0.006258 0.00087892 0.000677543 -0.00742571 -0.00401746 0.00101898 0.00600657 -0.0032715 0.00406539 -0.00142482 -0.0159924 0.000808448 5.52474e-05 0.000385885 -0.00167037 -0.00536136 0.00133751 0.00258212 0.00260034 -0.00633352 0.00103822 -0.00441614 0.000513015 -0.0023568 -0.00267203 -0.00696377 -0.00343245 0.00109175 -0.000430702 -0.00634753 -0.00993978 -0.00408922 -0.00426355 -0.000397088 -0.00160901 0.00222286 0.0123057 -0.00167097 -0.00284997 0.00668123 -0.00207352 -0.00564449 -0.00619761 -0.00459346 -0.00125326 -0.00279974 
0.00080768 0.000785531 0.0105259 0.00770568 -0.00286983 -0.00283987 -0.00356287 -0.00140806 -0.00261986 0.00381982 0.00246165 0.00565919 -0.00271299 0.00154306 -0.00760637 -0.00717789 0.0110539 0.00265264 -0.0100673 -0.00393412 0.00155887 0.00253244 -0.00736069 0.000509501 0.0121436 0.00273316 0.000843497 -0.000592615 0.00870212 0.13824 0.00259904 0.00533916 0.00555091 0.00204 0.00561744 -0.00533706 0.00157722 0.0022915 -0.00435525 0.00387459 -0.00621585 -0.000971731 0.00402407 0.00262121 -0.0016121 -0.00295816 -0.0031706 -0.00296324 -0.0050755 -0.00285405 -0.00838982 -0.00320278 -0.00614052 -0.000682417 4.16384e-06 0.00460601 -0.00542999 -0.00434725 -0.00591455 -0.00410685 -0.00784167 0.000946003 -0.00419997 -0.00539877 -0.0118568 -0.000211905 -0.0016557 -0.00203429 0.00127781 -0.00838717 -0.00622063 -0.00278595 -0.000738425 -0.00164881 -0.0088615 -0.00488336 0.0087323 -0.00713594 -0.0120359 -0.0108758 -0.00660873 -0.0023297 -0.00419487 -0.00176502 -0.00299784 0.00259976 -0.00143723 0.00128799 0.000954572 -0.00190818 0.00515643 -0.00426523 -0.00710263 -0.00562662 -0.00665428 0.0013149 0.00818852 -0.00645612 0.000611008 -0.0108933 
-0.00449687 -0.00441647 -0.00432807 -0.00126667 -0.00027406 -0.00138827 -0.00571967 0.000880541 -0.00180268 -0.0074663 -0.00115092 0.0022685 -0.00223241 0.000898924 -0.000226601 -0.000265138 0.000664548 0.000760897 -0.00781683 -0.00681908 -0.00294624 -0.0161024 -0.00193657 -0.00311325 -0.00666713 -0.0019076 -0.0010146 0.00409892 0.000350228 0.00259904 0.131251 0.0122365 -0.00064439 0.00228474 0.00216305 -0.00304797 -0.000377715 0.000917745 -0.000288538 -0.00144128 -0.00177088 -0.00220954 0.0100834 0.00491824 -0.00100504 -0.00183615 9.38052e-05 -0.00293263 -0.00239516 0.00647473 -0.00485042 0.00430408 -0.00159311 -0.00283024 -0.00405733 -0.00359969 -0.00240244 0.00198332 0.00304528 -0.00580976 -0.000697581 -0.000207621 1.5653e-05 0.00777297 -0.00339959 -0.00127262 -0.00655643 -0.00363041 -0.000385043 -0.00354815 -0.00384014 0.00124776 -0.00130224 -0.00239512 0.0077927 -0.00181994 0.000797402 -0.00673974 0.00227748 -0.00836675 -0.00873521 -0.00537536 -0.000178442 -0.00794284 -0.00508184 0.00478619 -0.0059283 0.00657292 0.00623186 0.00170592 -0.00378055 -0.00790028 -0.00352764 0.00410439 -0.00152304 -0.00241634 -0.0116652 -0.00552521 0.00209747 0.00251174 
-0.004225 -0.00713924 -0.0143131 -0.00321066 7.91473e-05 -0.00700128 0.000486273 -0.00179084 0.00772861 0.00106756 -0.000764036 0.00147438 -0.0024785 -0.00187823 0.00421472 -0.00317897 -0.00985399 -0.00378745 -0.00954956 -0.00595183 -0.00803092 -0.00989964 -0.00424704 -0.00354627 -0.00358089 -0.00136127 0.0067404 0.0139657 0.0126498 0.00533916 0.0122365 0.117336 0.0056181 0.00468311 0.00401985 0.00245006 0.0081441 0.00546899 -0.00681236 0.00151749 -0.00466107 0.00174119 0.00825638 0.00294799 -0.00387904 -0.000480731 0.00187245 0.000809537 0.00379648 0.00404504 0.00124071 -0.00155438 -0.00854431 -0.00246885 -0.00190056 0.00214654 -0.00977991 -0.00210905 -0.00368841 -0.00289857 -0.00651485 -0.0029457 -0.0030944 -0.00313678 -0.0127875 -0.000601725 -0.00730047 -0.00274729 -0.0100974 -0.00782256 0.00262421 0.00269327 0.00335026 -0.00240427 0.00539272 0.000338861 0.00340581 -0.0084488 -0.000505566 -0.0103022 -0.00686365 0.000396361 -0.000164097 -0.0142743 -0.0103948 0.00431623 -0.00163411 0.00310541 -0.000879077 0.00075099 0.0085235 0.0036376 -0.000854128 0.00247129 -0.00253944 -0.0061967 -0.00946805 -0.00290086 -0.000716175 0.0070782 
0.00557372 -0.00409339 0.00486901 0.00998687 -0.000670592 -0.00105881 0.00376359 -0.00531601 -0.00108524 -0.00762366 0.00145179 0.00135321 0.000759858 0.00312863 0.00275461 0.00450289 0.0134872 -0.000238292 -0.00076634 -0.00148509 0.00148381 0.00366364 0.0128539 0.00560806 -0.0052519 -0.0106976 -0.000582992 0.00659869 -0.00495202 0.00555091 -0.00064439 0.0056181 0.1292 0.00215304 0.00153744 -0.0026497 2.56051e-05 -0.00557796 -0.00637375 -0.00455653 -0.00683777 -0.005087 -0.00238893 -0.00732547 -0.00495913 0.000950489 0.00522293 -0.00532947 -0.00733442 -0.00286396 -0.00285952 -0.00893773 0.0038054 -0.00380746 0.00394474 -0.00300778 -0.00679498 0.00311757 -0.00705622 -0.00269244 0.00375858 0.0101801 -0.0081674 -0.00719506 -0.0134824 -0.00173074 -0.0014295 -0.00317666 -0.00314857 -0.00300861 0.00218504 -0.00301746 -0.0020965 -0.0024801 0.002264 0.00466048 -0.00829591 -0.0018647 -0.00765787 -0.00803288 -0.0235418 -0.00252646 -0.00673998 -0.00130932 0.00109101 -0.00648828 -0.00496817 -0.00181954 -0.00202813 -2.07855e-05 0.00529241 -0.00720399 -8.4393e-05 -0.00399372 0.00225313 0.00947866 -0.0120227 -0.00132904 0.00463101 0.00100692 
-0.00122728 0.000636906 -0.00734583 0.00195336 -9.97729e-05 -0.00321021 0.000836287 0.00110029 -0.00038042 -0.00696647 0.00111256 -0.00478303 -0.00204414 -0.00459104 0.000456681 -0.00260576 -0.00642604 -0.00436824 -0.00101892 -0.00378212 -0.00043962 0.00237699 0.00239363 -0.00253211 -0.00166813 -0.00311834 -0.00156987 0.00466127 0.00248979 0.00204 0.00228474 0.00468311 0.00215304 0.0747203 0.00125744 0.00589267 0.00107061 0.00183823 -0.0015324 0.00130783 -0.00161156 -0.00102437 -0.00296943 -0.00254187 -0.000255296 0.00203526 0.00115442 0.00122615 -0.00291747 -0.00185246 -0.00142697 -0.00348602 -0.00168716 0.00289717 -0.000147062 0.00339883 -0.00577884 0.000920707 -0.000123076 0.00160265 0.00181055 -0.00555297 0.00242778 -0.000538412 0.00373456 -0.00111732 -0.00128695 0.00274376 -0.00241333 0.000935472 7.32913e-05 -0.000675017 -0.000226182 0.00197651 -0.00123691 -0.00313315 -0.00302759 0.00181547 -0.00118658 -0.00039653 -0.00493226 -0.00179327 -0.00124399 -0.0037131 -0.00766215 -0.00291637 0.000166306 -0.00083316 -0.00258177 -0.000607901 -0.00200369 -0.00371254 -0.00191455 -0.00063414 -0.000981049 0.00112246 0.00146175 -0.00014843 -0.00170663 -0.00306156 
