0.0722853 0.00584002 4.72917e-05 0.000546114 -0.00155215 0.00313556 -0.00146604 0.00119628 -0.00519338 -0.00182344 0.000291861 -0.00321778 0.00225417 -0.00078873 -0.00295248 -0.00252069 -0.00160787 0.000400341 -0.00349591 -0.00271215 -0.00037538 -0.00103565 -0.00111899 0.0016608 0.00155079 -0.00275615 0.00099531 -0.000864415 -0.00232356 0.0011953 0.004447 -0.00227626 -0.0036832 -0.0023487 -0.00154625 -0.00411795 -0.00329204 -0.000165798 -0.00135432 0.00027767 -0.00317956 -0.00157064 0.00122765 0.00212336 -0.00111416 -0.00011908 0.00055301 -0.00359164 -0.00272903 -0.000115837 -0.0035769 -0.00330493 -0.00195647 -0.00506252 0.000300015 -0.0031191 -0.000679516 -0.000558969 -0.00194054 -0.00299721 0.00672732 0.00154947 -0.00155239 0.000977112 0.00213573 -0.000908658 0.00264876 -0.00316877 0.000136303 -5.20626e-05 -0.00175416 -0.00274881 -0.0018549 -0.00264187 -0.00380513 0.000648206 0.000357089 7.00947e-05 -0.00344799 -0.000474078 -0.000447636 -0.00058423 -7.13699e-05 -0.00295958 -0.000196763 0.00249205 -0.00222078 -0.00148745 -0.000247112 6.16829e-05 0.000259103 -0.000329984 -0.000853823 -0.000221181 -0.00090321 0.00138138 0.00231756 0.00324784 0.000338529 -0.00253877 
0.00584002 0.177043 -0.0064406 -0.00472041 -0.00708261 -0.00282947 0.00292253 0.00256674 -0.00412442 0.00163352 -0.00383179 0.00273276 -0.00578723 0.00988281 -0.00198003 -0.0116265 -0.0145324 0.00101415 -2.05063e-05 0.0049456 -0.00896452 -0.00415135 -0.00797283 0.00702082 -0.00947088 -0.0130521 -0.00491272 -0.000254906 -0.00799333 0.000439001 0.00504708 -0.00842863 0.0011863 0.00234518 -0.00335809 -0.00123413 -0.00272761 -0.00375505 0.00755382 -0.00613185 -0.00195658 -0.00829361 0.00348815 0.00642054 0.00727219 0.0154521 -0.0101994 -0.00328486 -0.00937747 0.00494819 -0.0130865 -0.00368839 0.00685737 -0.00978081 0.00528659 0.000542602 -0.00760419 0.00265296 0.00290786 -0.00626629 -0.00368828 0.0036045 0.00877894 -0.00486226 0.00545914 -0.00435405 -0.00750019 -0.00740311 -0.00353078 -0.00264114 -0.00450029 -0.00498547 -0.0205876 -0.0105448 -0.0145729 -0.00581432 0.0019475 -0.00230009 -0.00762105 0.00155116 -0.000442039 -0.00635737 0.00576849 -0.00343879 0.00272818 -0.00444454 0.00671265 -0.00405093 0.00974282 -0.00223611 -0.00603563 -0.00116917 -0.00340689 -0.00506031 0.00133023 0.00330951 0.00172886 0.00844839 0.00952426 0.00183379 
4.72917e-05 -0.0064406 0.148458 0.000717159 -0.000514357 -0.00624026 0.019718 -0.00876956 0.000258511 -0.00191251 -0.0197258 0.00234089 -0.00562662 -0.00151229 -0.00257339 -0.00680221 -0.0102295 -0.00405136 -0.00675807 -0.00358824 -0.00372535 -0.00438847 0.00713754 -0.0105781 -0.00818982 0.00344123 0.00361536 0.00244316 -0.00272639 0.00504696 -0.00892809 -0.00455437 -0.0165795 -0.00217181 -0.000382637 -0.0072428 -0.00273963 -0.00409188 0.00854331 -0.00526991 -0.00438915 -0.00461479 -0.00148077 -0.00207944 -0.00794594 -0.00598601 -0.00156425 -0.0045803 -0.00257131 0.00227378 -0.0207354 -6.46364e-05 -0.00339418 0.00142226 0.00140692 0.00670549 0.00145537 0.00244461 -0.00820681 -0.00962512 -0.00468839 0.00600023 -0.00631118 -0.00430566 -0.00346588 0.00141693 -0.00532382 0.00386275 0.000774975 -0.00212028 0.0122634 -0.012863 0.00540905 0.00709352 0.00972777 -0.000668253 -0.00108036 0.00171634 0.0042795 -0.00183689 -0.00967182 -0.00739979 -0.00757645 0.0175279 -0.00540377 0.00345314 0.0171935 0.00136335 0.00351776 0.000480128 0.0028704 0.00703492 -0.0017223 -0.00864242 -0.0010459 -0.00378696 0.00143609 -0.00160011 0.0013329 0.0068347 
0.000546114 -0.00472041 0.000717159 0.127723 0.00306736 0.00208891 0.00690634 0.00111322 -0.000767012 0.00194695 -0.00468182 -0.000256996 -0.00295734 -0.00825654 -0.00211878 -0.0045314 0.00841706 -0.00548582 0.00357334 -0.00156173 -0.00434934 -0.00172936 0.0152756 -0.00188589 0.00297186 -0.00882913 -0.00545074 -0.00199101 -0.0041826 -0.0117829 -0.00956617 -0.00212365 -0.00635563 -4.49092e-05 0.00194569 0.000387102 -0.00362438 -0.00737338 0.0128163 -0.00600287 -0.00374734 -0.00412328 -0.00173563 0.00426795 0.00711878 0.0029254 -0.00217065 -0.00242829 -0.000681531 -0.00076625 -0.00906802 0.00821588 -0.00728603 0.00599852 -0.00237886 -0.00603688 -0.00770713 -0.00400631 -0.00521544 -0.00511385 -0.000682718 0.00435767 0.000436236 0.00361607 0.00419331 0.00172143 -0.00349787 -0.00504265 -0.00355371 0.00342281 -0.00286969 -0.0139935 0.00129477 -0.000663174 -0.00711375 -0.00567486 -0.00510451 -0.00606966 -0.00148275 0.005202 -0.0066365 -0.00386441 -0.0056535 -0.00264968 -0.00560597 0.000101085 0.00624127 0.00522213 0.000790316 0.00450964 0.00317608 0.00318297 -0.00568676 0.000815845 8.53972e-05 0.000382954 0.00042593 -0.0085333 -0.00263995 0.00291377 
-0.00155215 -0.00708261 -0.000514357 0.00306736 0.123103 0.00212987 -0.00460915 0.00901671 -0.00103931 0.00224471 -0.00615755 -0.00259167 0.00367984 0.00251734 0.000630027 0.00446185 0.000275721 -0.00662458 -0.00274652 -0.0032275 0.00348426 -0.000102538 -0.0113367 -0.00584128 -0.00551464 -0.00293326 0.00276092 -0.00372271 -0.00265466 -0.00502816 -0.00115707 -0.00372009 0.00185928 -0.00946359 0.00125031 0.00476518 -0.00450088 0.00690565 -0.0133272 -0.00245372 -0.00946928 0.000306981 -0.00512782 -0.00038898 -0.00323106 -0.0102786 -0.00671975 -0.00471118 0.000674675 -0.00530852 -0.00967421 -4.28963e-05 -0.00305748 0.013591 0.00191065 0.00909993 0.00823357 0.00461366 -0.00184853 0.00203631 -0.000344312 -0.002385 0.00520542 -0.000786301 -0.00373422 -0.00109059 0.00472587 -0.00256325 0.00613433 -0.000852581 0.00907515 0.00418649 0.00687637 -0.00239172 0.00483864 -0.00469582 -0.000586463 -0.00118549 -0.00332686 -0.00384775 0.00150914 -0.0132119 0.00931161 0.00210059 -0.000699778 0.00133043 -0.0120746 -0.00297879 -0.00252385 -0.0012836 -0.00396008 -0.00310959 -0.00783796 -0.00770263 0.00222787 -0.00309732 0.00387504 -0.00105365 -0.015241 -0.00369064 
0.00313556 -0.00282947 -0.00624026 0.00208891 0.00212987 0.126293 -0.00692719 0.00602967 -0.00730948 0.000230447 0.00571605 -0.00708146 -0.000808191 -0.00360566 8.23666e-05 -0.00199757 0.00437799 -0.00277449 9.44851e-05 0.000146826 0.0144776 0.00231401 0.00286442 0.00281996 -0.0113842 -0.00645928 -0.00648365 -0.00395784 -0.00345509 -0.00239784 -0.00699215 -0.000943422 -0.000210582 -0.0110511 0.00731496 0.00317036 -0.00620353 -0.000778577 -0.00927816 -0.00124816 -0.0103463 -0.0046139 0.00347658 -0.0131663 0.00182498 -0.00416778 0.000665238 -0.00487386 -0.00109859 -0.00439335 0.0020682 -0.00328195 0.00136036 -0.000666631 -0.00689083 0.00501162 -0.00167804 0.000188476 0.0028398 0.00435421 0.00561482 5.57741e-05 -0.00776225 -0.000732954 0.0104333 -0.00290559 0.000356609 -0.00718621 0.00279685 -0.00405896 -0.00251302 -0.0065957 -0.00419684 -0.00180118 -0.0066834 -0.00141545 0.00156227 -0.00203757 -0.00144955 -0.00572589 0.00271021 0.0118723 0.00177386 -0.00783374 0.00227417 0.0011659 -0.004281 -0.000586732 -0.00138022 0.00302857 -0.000262173 -0.00403208 -0.00756421 0.0111241 -0.00126075 9.30772e-06 0.00589017 0.00098883 -0.0130015 -0.00587148 
-0.00146604 0.00292253 0.019718 0.00690634 -0.00460915 -0.00692719 0.193114 -0.0107502 0.00433486 0.0030573 -0.0110136 0.00843267 -0.00565536 -0.00210634 -0.00605044 -0.00779665 -0.00248987 -0.0217158 -0.00281937 -0.0121514 -0.00614681 -0.00433875 0.0248917 -0.010204 -0.00124212 -0.0106882 -0.00568273 0.00323603 -0.00408207 -0.0010112 -0.00817844 -0.00477713 -0.00383158 -0.000583784 -0.0105133 -0.00341353 -0.0114293 -0.00385333 0.00808864 0.00311754 0.00547563 0.00738896 0.00643372 0.00681309 -0.000678052 0.0195196 -0.0083115 0.0111096 -0.00774165 -0.00787804 -0.0155328 0.00589973 -0.00697072 -0.0138047 -0.00299967 -0.00414 -0.0212746 -0.000612773 -0.00911494 -0.0127979 -0.00598512 0.00210995 -0.00166911 -0.00395846 -1.55007e-05 0.00435723 -0.00607782 0.00647938 -0.00534262 -0.00166108 -0.0022001 -0.0153826 -0.00320288 0.0112502 -0.0027082 -0.003978 0.00169467 -0.00489373 -0.000509514 -0.00319127 -0.00487638 -0.00324243 -0.00352662 0.0181676 -0.0121599 -0.000558887 0.0124612 -0.00406166 0.00497243 -0.00118444 0.00225131 0.000160833 -0.0127747 -0.00215781 -0.00265098 -0.00685238 -0.00429817 -0.00536367 0.0080432 0.00946137 
0.00119628 0.00256674 -0.00876956 0.00111322 0.00901671 0.00602967 -0.0107502 0.154614 0.016283 -0.000971217 0.00910944 0.00581334 0.00861083 0.00360483 0.00493856 -0.00105979 -0.00990961 0.00852147 0.0040506 0.00350269 0.00132659 0.00107585 -0.0139286 -0.00190393 0.00316346 0.00870421 -0.00093304 -0.00430807 -0.00314409 -0.00407432 -0.00131233 -0.00961217 -0.0117731 -0.0162466 -0.0123867 0.00224574 -0.000911035 0.00315721 -0.00904996 -0.00466987 -0.00354222 -0.00358656 -0.0134481 -0.000935833 -0.00245808 -0.00733938 -0.00319497 -0.00505638 -0.00112081 -0.0013525 0.000154579 0.00429116 0.00224655 0.0133878 0.00141833 0.00154429 0.018373 -0.00158698 -0.00459283 0.00381998 -0.00424548 -0.00137934 0.00793134 -0.00189642 -0.00625955 -0.00426933 -0.00963046 -0.00752846 0.0118435 0.000256159 -0.00311377 0.0108208 -0.000120725 0.000474301 -0.00132776 -0.00724235 -0.00673309 0.00141261 -0.00359789 -0.00374508 -0.000656833 -0.0203387 0.00489273 -0.00853418 -0.00568605 -0.0027571 -0.0192389 0.00440221 -0.00328752 -0.000457576 -0.0030487 -0.00828889 -0.00841542 0.00592721 0.000308988 -0.00637413 7.46738e-05 -0.00333121 -0.00808193 -0.0187094 
-0.00519338 -0.00412442 0.000258511 -0.000767012 -0.00103931 -0.00730948 0.00433486 0.016283 0.154381 0.00331329 0.0141902 -0.000672619 0.00208351 0.0093507 0.00311468 -0.00952091 -0.0197185 0.00628678 -0.00494756 0.00801549 -0.00662999 9.77927e-05 -0.00984851 -0.00800823 0.0096187 0.00242528 -0.00490085 0.00109617 -0.00102057 0.00142433 -0.00270885 -0.013725 -0.00869485 -0.0104494 -0.0135462 -0.00481424 -0.00141808 0.00557681 -0.0194879 0.00765157 -0.00407642 -0.0027419 -0.010944 0.00714055 0.00173538 -0.00742353 0.00463854 0.00652334 0.00535416 -0.000476075 -0.00322557 0.00964177 -0.00570043 0.00938742 5.64745e-05 0.00470426 0.003021 -0.00633738 -0.00258363 -0.00406675 -0.00646425 -0.00122579 0.00871483 0.00300299 -0.0106238 -0.00241663 -0.00701393 0.00438738 0.00310679 0.00188144 -0.00657544 0.00913234 -0.00732007 -0.00427984 0.00220239 0.00250317 -0.000611129 0.00458241 -0.00731329 -0.00573982 -0.00181183 -0.0264613 -0.0055522 -0.00835939 -0.00859894 0.00150024 0.00282859 0.0131712 0.00299263 0.000915048 -0.000842111 -0.00403791 -0.00440614 -0.0059068 -0.000205731 -0.00706919 -0.00713257 -0.00503005 0.000807551 -0.0123152 
-0.00182344 0.00163352 -0.00191251 0.00194695 0.00224471 0.000230447 0.0030573 -0.000971217 0.00331329 0.079379 0.00367995 0.00218358 -0.000195422 0.00195067 -0.000196566 -0.00144725 -0.00364094 -0.00278544 -0.000366125 -0.00148627 -1.31381e-05 -0.00109648 -0.00348729 -0.000808665 -0.00518044 -0.00236144 -0.00305794 0.000486472 -0.000357144 -0.00428958 -0.00459293 -0.00125474 0.00264329 -0.000220825 -0.000464907 -0.00158258 0.0066893 0.000706585 -0.0043526 -0.00348883 -0.00130484 -0.00264348 0.000189081 0.00139864 0.00230533 -0.000294189 0.00102346 -0.000282591 -0.000123822 -0.000171563 0.00165204 -0.00253937 0.00232356 -0.00344377 -0.00154168 -0.00174613 -0.00272828 -0.00255233 -0.00204516 0.00371065 -0.00269612 0.0013468 0.00146101 0.00240319 -0.00265925 0.00322415 -0.00184418 -0.00127945 -0.00257228 -0.000552478 -0.00294259 -0.0030931 -0.00417791 -0.00585457 -0.00384988 -0.0032733 0.000246414 -0.000516101 -0.00361735 -0.00129059 -0.00216394 -0.00817446 0.00239204 0.000369976 -0.00145791 -0.00180449 0.000838039 0.00231389 0.000114158 -0.00019307 0.00066957 0.000681465 -0.000828212 -0.000507071 0.00106805 -7.51886e-05 -0.00252488 0.000858385 -0.00285872 -0.00707598 
0.000291861 -0.00383179 -0.0197258 -0.00468182 -0.00615755 0.00571605 -0.0110136 0.00910944 0.0141902 0.00367995 0.167806 -0.0014124 0.00741765 -0.00342163 -0.00427614 0.00652084 -0.00549957 -0.000677661 -0.00328565 -5.81488e-05 -0.00201057 -0.00305974 -0.00412571 0.00829847 0.010518 0.00393307 -0.00233207 -0.00132258 0.00268677 0.00493149 -0.00807531 -0.00115321 -0.0096124 -0.00911411 -0.0140113 -0.00767662 -0.0010683 -0.00555282 -0.00754386 0.00449743 0.00439643 0.00483228 0.000851212 -0.00723228 -1.21522e-06 -0.0025929 0.00276699 -0.00137473 0.00595656 -0.00368255 0.0104806 -0.00576097 -0.00713766 -0.0108926 0.00456728 -0.00819923 -0.00664531 -0.00602102 -0.000627598 0.0079012 -0.00382886 -0.00316426 0.00404699 -0.00298457 -0.00890948 -0.000781374 -0.0077198 0.00804356 -0.00486081 -0.00378332 0.000418225 0.0144286 -0.0134291 -0.00129077 0.00136885 0.00396986 -0.000152675 -0.000436072 -0.00855378 -0.00375831 0.000453227 -0.00235215 -0.0105251 -0.00205018 0.00560332 -0.00139976 -0.0102668 0.00031115 -0.00308591 -0.00530642 -0.00454349 -0.0102472 0.00332794 0.00367404 -0.00451591 0.0035722 -0.0079083 0.00387811 0.00021444 -0.0179372 
-0.00321778 0.00273276 0.00234089 -0.000256996 -0.00259167 -0.00708146 0.00843267 0.00581334 -0.000672619 0.00218358 -0.0014124 0.106331 -0.00404882 0.00481488 0.000546176 -0.00333114 -0.00860575 -0.0028486 -0.00133084 0.00868365 0.00271499 0.000896751 -0.00957503 0.000959441 -0.00701204 0.00325479 0.00102114 0.00115252 -0.0034646 0.00181546 -0.000262254 0.00285693 -0.00158636 0.0100433 -0.000361553 0.00158076 -0.00237926 -0.00404753 0.000706669 -0.0048439 -0.00186938 0.00596334 -0.00190558 -0.00704196 -0.00326579 0.00462865 -0.00181607 -0.0042041 -0.0022071 -0.00155726 -0.00780167 -0.00018071 -0.000304152 0.00263341 -0.00137978 0.00604786 -0.000442256 -0.00545612 -0.00235986 0.00221962 -0.000797228 -0.00286993 0.00288406 -0.00153616 -0.00727894 0.000932885 -0.00437282 -0.0028934 -0.00301428 -0.00128566 0.00611425 -0.00233417 -0.00536097 -0.00706313 -0.00962661 0.00402034 -0.000917106 -0.00308833 0.00225055 0.00275934 0.00129881 -0.0182597 -0.000397125 0.00368057 -0.000961056 -0.00451863 -0.00176656 0.00257537 -0.00260395 -0.000443138 0.00215331 -0.00579031 -0.00246089 -0.00985136 0.000563562 -0.000993666 2.87389e-05 -0.00236134 -6.19277e-06 -0.00606174 
0.00225417 -0.00578723 -0.00562662 -0.00295734 0.00367984 -0.000808191 -0.00565536 0.00861083 0.00208351 -0.000195422 0.00741765 -0.00404882 0.115021 0.000278674 0.00501667 0.00290493 0.00898779 -0.00359317 -0.00244666 -0.00379829 -0.00264657 -0.00103631 -0.0192275 -0.00297926 0.000233107 0.000809682 -0.000817839 0.00106563 0.00276074 -0.00529315 0.00654862 -0.0019011 -0.00406251 -0.000251717 -0.0045822 -0.0064108 0.00296111 0.00219244 -0.0144022 0.001892 -0.00439301 -0.00758577 0.00300975 -0.00859921 -0.0057158 -0.00837578 -0.00169439 -0.00687503 0.00384249 -0.00542664 0.00393093 -0.00255608 -0.000350457 -0.00647913 0.00598614 -0.0011961 0.00647819 -0.000223521 0.000141494 0.00898559 -0.00173822 -0.00124854 -0.00483807 0.000636421 -0.00362721 0.00135853 -0.00193378 -0.00422487 0.00426754 0.0062515 0.00244616 0.00719518 -0.0018184 -0.000551134 0.0109861 0.00144668 -0.00592635 -0.00221997 0.00818763 -0.0026639 -0.000900446 -0.00656394 -0.00286774 -0.00559142 -0.00395679 0.00574948 -0.00641512 -0.00409314 -0.00460387 -0.000376692 -0.00221169 -0.00547966 0.00303886 -0.000892356 -0.00326936 0.00184261 -0.00451617 -0.00573948 -0.00345878 -0.0107733 
-0.00078873 0.00988281 -0.00151229 -0.00825654 0.00251734 -0.00360566 -0.00210634 0.00360483 0.0093507 0.00195067 -0.00342163 0.00481488 0.000278674 0.0975357 0.00300716 -0.00217386 -0.00628577 0.0118507 -0.00186104 0.00446569 -0.0016175 0.00219223 -0.0118351 -0.00844764 0.0004787 -0.000240421 0.00111966 -0.000466081 -0.00214332 0.00562289 0.000433729 0.000508317 -0.000282937 -0.00547237 -0.00502463 -0.00391946 0.00333374 0.000731488 -0.00287212 -0.00140942 -0.00605059 -0.00259584 -0.00360291 -0.000555684 -0.00194933 -0.00573792 -0.00510587 -0.00051908 0.00195372 0.000787011 -0.00392791 0.000738392 0.00394084 0.00246432 0.000469552 -0.000694888 0.00159698 -0.00140516 -0.00304376 -0.00557577 -0.00330397 -0.00426877 0.00180694 0.000289407 -0.00325644 0.00086948 0.000992903 -0.00605903 0.0059793 -0.0018284 0.00623215 0.00383636 -0.00662907 -0.00388763 0.00176463 0.00631913 0.00512333 0.00836737 -0.00954712 -0.00343082 -0.00120648 -0.0188915 -0.00119767 -0.00334855 -0.000792062 -0.0019136 -0.00257931 -0.00588715 0.00207707 -0.00201566 -0.00481416 0.000350409 -0.00332234 -0.00523197 0.00200352 -0.00287927 0.000705099 -0.000545473 -0.00284661 -0.00815718 
-0.00295248 -0.00198003 -0.00257339 -0.00211878 0.000630027 8.23666e-05 -0.00605044 0.00493856 0.00311468 -0.000196566 -0.00427614 0.000546176 0.00501667 0.00300716 0.0773909 0.00556101 -0.00237538 0.0055447 0.00188744 0.00381696 0.00343168 0.00643493 -0.00555698 -0.00603965 0.000646618 -0.00255099 -0.000969633 -0.00102767 -0.00208225 0.00693404 -0.000102141 -0.00465956 -0.00761122 -0.00707509 -0.00163258 -0.00122734 0.000914588 0.00278513 -0.00698367 -0.00348099 0.000831744 -0.00212008 -0.00346885 -0.00471433 -0.00210844 -0.00269575 0.000483862 -0.00653049 0.00574621 -0.000122372 -0.0049021 -0.000101215 -0.0016148 0.00334012 -0.00101656 -0.000474315 0.0065094 -0.00212932 -0.00218882 0.00648953 0.00306257 -0.000564472 0.00160172 -0.00194623 -0.0057352 -0.00159327 0.00307157 -0.00137538 -0.00231091 0.00181077 -0.00151565 0.00360786 0.00292958 -0.00203343 0.00157051 0.0009593 -0.00167708 -0.000288647 -0.00269167 -0.00305195 -0.00274107 -0.0112634 0.00384329 -0.011192 -0.00181878 0.00140749 -0.0051863 -0.00419678 0.000467593 0.00246279 -0.000607434 0.00177414 0.00100285 0.000478796 0.00164782 0.00117174 -0.000365726 -0.00392447 -0.0064956 -0.00866899 
-0.00252069 -0.0116265 -0.00680221 -0.0045314 0.00446185 -0.00199757 -0.00779665 -0.00105979 -0.00952091 -0.00144725 0.00652084 -0.00333114 0.00290493 -0.00217386 0.00556101 0.106962 0.0124762 0.00503714 0.00340278 -0.00466385 0.00187132 0.00137954 0.00926863 -0.00812179 -0.000744853 0.000384082 -0.00520015 -0.00167882 -0.0007193 -0.00291275 -0.000974469 0.000683839 -0.00208563 -0.00986636 -0.000413811 0.0037137 0.00128658 0.00550119 0.00263437 -0.000359928 -0.00765192 -0.00513264 0.000750221 -0.00344555 -0.000813356 -0.00882393 -0.00340458 -0.00193241 0.00437085 -0.00511295 0.00406325 -0.00511499 -0.00493405 -0.00545246 -0.000560856 -0.00537441 -0.000899895 -0.00352876 -0.00553237 0.00546596 0.00298686 -0.00310795 0.00230019 -0.000439282 -0.00641428 0.00625288 0.0064215 0.00224667 -0.00358793 -0.00150743 -0.0068054 -0.00156802 0.00931537 -0.00270639 -0.00175415 -0.00363075 -0.00431837 -0.00232871 -0.00597671 0.00186746 0.000996125 0.00824691 0.00689343 -0.0048278 0.00372626 -0.000883122 -0.00847709 -0.00254159 -0.00391753 0.000324454 -0.000812666 0.00394169 -0.00559845 0.00679206 -0.00197762 -0.00403524 -0.00165988 -0.000257331 -0.0120463 -0.00156733 
-0.00160787 -0.0145324 -0.0102295 0.00841706 0.000275721 0.00437799 -0.00248987 -0.00990961 -0.0197185 -0.00364094 -0.00549957 -0.00860575 0.00898779 -0.00628577 -0.00237538 0.0124762 0.188519 -0.00601661 -0.00338471 -0.00913374 -0.00029027 0.00190033 0.0168876 -0.00690204 0.00271228 -0.0142578 -0.00873767 -0.00655832 -0.00173801 -0.00871798 0.00132323 -0.00702101 0.00429704 -0.00649898 -0.00721426 0.00298924 -0.00394783 -0.000893543 -0.011634 0.00209138 0.00153819 0.00651817 3.14622e-05 -0.0121533 -0.00493155 -0.00723022 3.44609e-05 0.0024605 0.00220007 -0.0122304 0.0175622 -0.00697254 -0.0122567 -0.00142519 -0.00661939 -0.0107142 -0.00375421 -0.00395029 -0.000148156 0.0108735 0.00295313 -0.00776857 -0.00510065 0.00176391 -0.00665163 0.000508421 0.00735507 -0.00345078 0.00066683 -0.00108362 -0.0113598 -0.00230905 0.00275632 1.59502e-05 -0.00282199 -0.00429658 -0.00300151 -0.00508598 0.00931306 0.00175865 -0.0055013 0.0302745 0.0106205 -0.00687475 -0.00265529 0.00139612 0.00402921 -0.00756832 3.55137e-05 -0.000905403 -0.00473223 0.00324138 -0.0103824 0.00330447 -0.00191838 -0.0065239 -0.00516484 -0.0103075 -0.00897147 0.0181977 
0.000400341 0.00101415 -0.00405136 -0.00548582 -0.00662458 -0.00277449 -0.0217158 0.00852147 0.00628678 -0.00278544 -0.000677661 -0.0028486 -0.00359317 0.0118507 0.0055447 0.00503714 -0.00601661 0.127965 -0.000618151 0.00820845 1.94073e-05 0.00274427 0.00621921 0.00473799 0.010152 0.000101796 -0.00268327 0.00586424 0.00656123 0.00608741 -0.00371227 -0.00273775 -0.00870275 -0.0103724 0.00761458 -0.00578744 -0.00620877 -0.00133582 -0.00522725 -0.00649827 -0.00489858 0.0023605 -0.0150604 -0.00712831 -0.00545362 -0.00896101 -0.00150992 -0.00600977 0.0042979 -0.00405151 0.0138066 -0.00707571 -0.00131892 -0.0025203 -0.000408051 -0.000544834 0.011623 -0.00574579 0.00708046 0.000384869 -0.00349218 0.00417335 0.00127671 0.00505603 0.00225186 -0.00020971 0.00205251 -0.00301661 0.00151031 -0.00456299 -0.00469118 0.00463301 -0.00562973 -0.00486733 -0.00244468 0.00139905 0.000642294 -0.000425241 -0.0101479 -0.00419496 -0.00285435 -0.0198344 -0.00294334 -0.0165211 0.00035369 -0.0081826 -0.00148774 -0.00228445 0.00432039 -0.00160503 -0.00257968 -0.00365499 -0.00465823 -0.000673797 0.00106911 -0.006714 -0.0039539 0.00270891 0.00369746 0.00314531 
-0.00349591 -2.05063e-05 -0.00675807 0.00357334 -0.00274652 9.44851e-05 -0.00281937 0.0040506 -0.00494756 -0.000366125 -0.00328565 -0.00133084 -0.00244666 -0.00186104 0.00188744 0.00340278 -0.00338471 -0.000618151 0.0920353 -0.00126073 -0.00188428 0.000997444 0.000872073 0.00143618 -0.00945256 -0.00163682 -0.00104563 -0.00184623 -0.00447514 -0.00191462 -0.00625196 0.00209304 -0.0039282 0.00535556 0.00424064 0.00668065 0.00215429 0.00750952 0.00202065 -0.00457187 -0.00014758 -0.00144737 0.00370988 -0.00280081 0.000827813 0.00511505 0.00231511 -0.00177186 -0.000421245 0.000384276 0.00225067 -0.00105456 0.00191609 0.00316094 -0.0022075 -0.00355135 -0.00164323 0.000126461 -0.00365462 -0.00480676 -0.00191948 0.000213975 -0.000910472 -0.000127951 0.00373897 -0.00372012 0.00241954 -0.00111239 -0.00377419 0.00106665 -0.00449473 -0.00337383 0.00124138 -0.00278623 -0.00422889 -0.00316055 -0.00290808 5.08611e-05 -0.0041832 0.00245284 8.00332e-05 0.00103599 0.00271862 -0.0112455 0.00193214 -0.00277413 -0.00624025 -0.00128242 -0.00180161 -0.000672688 0.00216424 0.00218885 -0.00310452 0.000237796 -0.00202709 0.000283762 -0.00592797 -0.000412973 -0.00655121 -0.00543941 
-0.00271215 0.0049456 -0.00358824 -0.00156173 -0.0032275 0.000146826 -0.0121514 0.00350269 0.00801549 -0.00148627 -5.81488e-05 0.00868365 -0.00379829 0.00446569 0.00381696 -0.00466385 -0.00913374 0.00820845 -0.00126073 0.127363 0.00854106 0.00279457 -0.0115529 -0.0033116 0.00246367 0.000902747 -8.40913e-06 -0.00253235 -0.00527344 0.000528833 -0.00278764 0.000345123 -0.00637749 -0.00210904 0.000396937 -0.00339899 -0.00277737 -0.00769805 0.00286642 -0.00361494 -0.00637792 0.00508236 -0.013234 -0.00683601 -0.00193068 0.000784646 0.00491137 -0.00408153 0.000871678 0.00312333 -0.0143995 0.00724769 0.00684605 0.00680804 -0.000744446 0.00519965 -0.00414855 -0.00292225 0.0031757 -0.00316262 0.00310751 0.000470825 0.00317652 9.33508e-05 -0.00421319 -0.0036813 -0.00251816 -0.00827407 -0.00192165 -0.00121767 -0.00314088 0.00289017 -0.00223742 -0.00291183 -0.0108984 4.98147e-05 0.00292332 -0.00248698 -0.00457674 0.000611594 0.00782711 -0.0162186 -0.00247833 -0.00716429 0.00272729 -0.00495575 -0.0114874 2.75398e-05 -0.00151146 -0.00123357 -0.00262192 -0.00063945 0.00572763 -0.00676543 -0.00127958 0.00427804 -0.00120284 -6.76662e-05 0.00405674 -0.0113791 
-0.00037538 -0.00896452 -0.00372535 -0.00434934 0.00348426 0.0144776 -0.00614681 0.00132659 -0.00662999 -1.31381e-05 -0.00201057 0.00271499 -0.00264657 -0.0016175 0.00343168 0.00187132 -0.00029027 1.94073e-05 -0.00188428 0.00854106 0.164085 0.00694917 0.00918119 0.0043796 0.00539912 0.0132442 0.00677326 -0.00218394 -0.00891765 -0.00188478 -0.002504 -0.00667243 -0.0105233 -0.0133998 0.00412942 0.0143948 0.0023505 -0.000490522 -0.0106096 -0.00507788 -0.01299 -0.0113095 -0.0163924 0.00167043 0.0023032 -0.0111179 0.00251807 0.00469094 -0.00308419 -0.00299221 -0.000749666 0.00106955 -0.00655372 -0.00932175 -0.00556234 0.00340904 -0.00827095 0.000958623 -0.00322799 0.00807985 -0.00106455 -0.00673253 0.00787722 -0.00346528 0.00470363 -0.0033747 0.00416709 -0.00451514 0.000464522 -0.00528816 -0.00190954 -0.00162776 0.00742812 0.00261205 -0.0148911 0.000873893 0.000926658 0.000760079 -0.00374981 -0.00768706 0.00381268 -0.00543436 0.000485314 -0.00617181 0.000759805 0.00916119 -0.0121986 -0.00395736 0.00172962 -0.00123859 -0.00166842 -0.00992889 -0.00861751 -0.00444427 0.000274335 -0.00763506 0.00117695 0.0021869 -0.0159834 -0.0167791 
-0.00103565 -0.00415135 -0.00438847 -0.00172936 -0.000102538 0.00231401 -0.00433875 0.00107585 9.77927e-05 -0.00109648 -0.00305974 0.000896751 -0.00103631 0.00219223 0.00643493 0.00137954 0.00190033 0.00274427 0.000997444 0.00279457 0.00694917 0.0658952 -0.00374897 0.00142147 -0.00220896 -0.00339955 -0.00130972 -0.00176587 0.000311537 -0.00176571 -0.000423131 -0.00443769 -0.000916278 -0.00192147 0.00048726 0.0023634 -7.89238e-05 0.000579979 -0.00559024 -0.000379744 -0.00269597 -0.00157542 -0.00486099 -0.00115976 0.000266445 -0.000260087 -0.00159074 -0.00116387 0.000489403 -0.00168119 0.000452185 -0.00372231 -0.00129905 0.00438758 0.000960464 0.000531386 0.00168237 -0.000101558 0.00360143 0.00101432 0.0019235 -0.00159182 0.000120872 -0.00104634 -0.00500578 -0.0009765 -0.00181551 -0.00165623 0.00114315 -0.00194203 -0.00275919 0.00112904 -0.000517764 -0.000937248 -0.00595763 -0.00177372 -7.33561e-05 0.00085238 0.00151125 -0.00254484 0.00316779 -0.00247481 0.0012409 -0.00702638 -0.000718382 0.000869632 -0.00503355 -0.000896142 0.002017 0.00156541 -0.00182281 -0.00285134 0.00241729 -0.000980964 0.000715187 -0.000572408 -0.00130849 -0.00300837 -0.00231799 -0.0062893 
-0.00111899 -0.00797283 0.00713754 0.0152756 -0.0113367 0.00286442 0.0248917 -0.0139286 -0.00984851 -0.00348729 -0.00412571 -0.00957503 -0.0192275 -0.0118351 -0.00555698 0.00926863 0.0168876 0.00621921 0.000872073 -0.0115529 0.00918119 -0.00374897 0.213775 0.00527073 0.00788887 -0.00391609 -0.00428091 -0.0016045 -0.00393188 -0.0011365 -0.0142348 -0.0131436 -0.0234459 -0.0148173 0.00474936 -0.00598027 -0.00953983 -0.00278507 0.025308 -0.00797152 0.00354597 -0.00308894 -0.00862711 -0.00821988 -0.00561032 -0.00109561 -0.00331299 0.00147592 -0.00607702 -0.0110895 -0.0105747 -0.00554302 -0.0171292 -0.0100821 -0.00917057 -0.0121675 -0.0175897 -0.00111883 -0.00546097 -0.00825162 -0.00883613 0.000412526 -0.00946703 -0.00267973 0.000479573 -0.000376669 0.00405106 0.00358375 -0.00619209 -0.00385472 -0.00417869 -0.0220746 0.0176566 0.00485256 -0.0177976 -0.00172301 -0.0102455 -0.0121711 0.00113372 -0.00133849 -0.00301603 0.0209233 -0.0100761 0.0102748 -0.0024941 -0.00593575 0.0317659 0.00268651 0.00364385 -0.0017216 0.00327928 0.00271574 -0.00931044 -0.00240856 -0.00189955 -0.00455608 0.00967161 0.00770129 0.000751904 0.0264711 
0.0016608 0.00702082 -0.0105781 -0.00188589 -0.00584128 0.00281996 -0.010204 -0.00190393 -0.00800823 -0.000808665 0.00829847 0.000959441 -0.00297926 -0.00844764 -0.00603965 -0.00812179 -0.00690204 0.00473799 0.00143618 -0.0033116 0.0043796 0.00142147 0.00527073 0.132417 -0.011471 -0.00338909 0.00250263 0.00115552 0.00136033 -0.000493972 -0.00688323 0.000893395 -1.20225e-05 0.00190224 -0.00800763 -0.000764569 -0.0017491 -0.00820941 0.0019616 0.000579972 0.00809439 -0.00335438 -0.00152725 0.000502227 -0.00185722 0.00247662 0.00174465 0.00117651 -0.00440068 -0.00535222 0.0130301 -0.00145267 0.00133788 -0.0118951 -0.00352428 -0.00668486 0.000229561 -0.00524774 0.00895527 0.00484448 -0.00413463 0.000709354 -0.00201013 -0.00103602 -0.000129915 -0.00493493 -0.00178524 -0.00349003 -0.00131646 0.00012617 -0.00797355 -0.00645118 -0.00455119 0.000938897 -0.00693982 -0.000695541 0.00343321 -0.00306148 -0.000828257 -0.00219204 -0.000760767 0.00218015 -0.00379968 -0.00837089 -0.00216835 0.000874036 0.00344101 -0.00465168 -0.00325854 -0.00185925 -0.00335049 -0.00558659 -0.00175481 -0.00852716 0.000916343 0.00150469 0.0034357 0.00158896 0.0128052 0.00180361 
0.00155079 -0.00947088 -0.00818982 0.00297186 -0.00551464 -0.0113842 -0.00124212 0.00316346 0.0096187 -0.00518044 0.010518 -0.00701204 0.000233107 0.0004787 0.000646618 -0.000744853 0.00271228 0.010152 -0.00945256 0.00246367 0.00539912 -0.00220896 0.00788887 -0.011471 0.202586 0.0232821 0.0101219 -0.000404235 0.0129734 0.00839234 0.00512335 -0.00317443 -0.0158073 -0.00250141 -0.00327947 -0.0114408 -0.00449316 0.00601902 -0.00946706 -0.00546478 -0.00495467 -0.00605354 -0.0172306 0.00143337 -0.00662747 -0.00228346 0.00211676 -0.000807575 -0.000128728 -0.00588923 0.00650206 -0.0115512 -0.017519 4.69035e-05 0.00210663 -0.00681256 0.00859463 -0.0111408 -0.0065352 -0.0053906 -0.00171504 -0.00839971 -0.00330557 0.00260267 -0.00909933 -0.00226134 -0.0060649 -0.00619483 -2.92666e-05 0.00483892 -0.00381619 0.00866906 -0.0090097 0.0127596 0.00225871 0.00228604 -0.00705863 -0.00393012 -0.00135008 -0.00350754 -0.00464318 -0.0109536 -0.00873781 0.00339975 -0.000455069 -0.00932891 -0.0213004 -0.00225374 0.00223999 -0.00340466 -0.00237847 -0.00935111 -0.0020406 0.0149881 -0.00367327 -0.00723871 -0.00737397 -0.00606249 -0.00502553 -0.000345705 
-0.00275615 -0.0130521 0.00344123 -0.00882913 -0.00293326 -0.00645928 -0.0106882 0.00870421 0.00242528 -0.00236144 0.00393307 0.00325479 0.000809682 -0.000240421 -0.00255099 0.000384082 -0.0142578 0.000101796 -0.00163682 0.000902747 0.0132442 -0.00339955 -0.00391609 -0.00338909 0.0232821 0.139135 0.00981373 0.00230014 0.00143118 0.00220004 0.0159863 -0.000545194 -0.0031834 -0.00196468 0.00422824 0.00427843 -0.0041244 0.00257333 -0.00728798 -0.00263121 -0.00921343 -0.000377414 -0.0108913 -0.008747 -0.00479021 -0.0113219 0.000829913 0.00104335 0.00137766 0.000520476 -0.000645885 -0.00240547 -0.00316611 0.00010456 -0.00198438 -0.00106061 0.00734919 -0.00214354 -0.00129302 0.000335071 -0.00621805 -0.004377 -0.00306956 0.000371316 -0.00532208 0.00146426 -0.00963724 -0.00257449 -0.000660667 0.000337326 -0.000758983 -0.000519877 0.00192853 -0.00713039 -0.00151969 -0.00278689 -0.00302383 -0.000966554 -0.00248866 -0.0052631 0.00125478 -0.0161882 -0.00562691 0.00602041 -0.0054722 -0.00280305 -0.00703215 0.00398244 -0.00501921 -0.00276452 -0.000927323 0.00238955 0.00383116 -0.00036363 -0.00143146 -0.00442552 0.000374357 0.00183591 -0.0109117 -0.00424935 
0.00099531 -0.00491272 0.00361536 -0.00545074 0.00276092 -0.00648365 -0.00568273 -0.00093304 -0.00490085 -0.00305794 -0.00233207 0.00102114 -0.000817839 0.00111966 -0.000969633 -0.00520015 -0.00873767 -0.00268327 -0.00104563 -8.40913e-06 0.00677326 -0.00130972 -0.00428091 0.00250263 0.0101219 0.00981373 0.111796 0.000424727 -0.00102129 -0.000637047 0.00333291 0.00876539 -0.00659419 0.0131743 0.00538306 -0.00135909 -0.00248315 0.00357678 -0.00182354 -0.000793541 -0.00484344 -0.00200967 0.0005765 -0.00442134 -0.00496107 -0.00397356 -0.00085582 -0.00615096 -0.00365584 0.0049343 -0.0129644 -0.00427573 0.000366164 -0.00304431 -0.00274231 0.00337447 -0.00276971 -0.000657704 -0.00134403 0.00305741 -0.00190438 -0.00307811 -0.00438557 -0.00258295 -0.000656957 -0.00245929 -0.00197177 0.00515468 0.00460905 0.00453955 -0.00562672 0.0062985 0.0028666 0.00152778 0.00451357 -0.00108131 -0.00104246 0.00494463 -0.00573506 -0.000646683 0.000950536 -0.0206454 -0.00538031 -0.00445717 -2.95032e-06 -0.00159593 -0.00651221 0.00164452 -0.00153773 -0.00135885 -0.000825775 -0.00381015 -0.000245923 -0.0108078 8.77077e-05 -0.00301286 -0.00376218 -0.00138801 -0.00548097 -0.000438726 
-0.000864415 -0.000254906 0.00244316 -0.00199101 -0.00372271 -0.00395784 0.00323603 -0.00430807 0.00109617 0.000486472 -0.00132258 0.00115252 0.00106563 -0.000466081 -0.00102767 -0.00167882 -0.00655832 0.00586424 -0.00184623 -0.00253235 -0.00218394 -0.00176587 -0.0016045 0.00115552 -0.000404235 0.00230014 0.000424727 0.0577394 0.00056601 0.00186174 -0.0024146 0.000842808 -0.00274444 0.0039817 0.000839988 -0.00100224 -1.19358e-05 -0.00102093 -0.00048297 -0.000724322 0.000900593 -0.00144544 -0.000226831 0.000495692 -0.00277341 -0.000736242 0.00135188 0.00242908 -0.000139008 -0.00105652 -0.00201614 -0.00266976 -0.00259857 -0.00526786 -0.00113033 0.00118425 -0.00254274 0.000711502 -0.000290198 -0.001268 -0.00033479 5.97036e-05 -0.00212792 0.00208086 -0.00136821 0.00201656 -0.00169936 8.00419e-05 0.000644472 0.00269835 -0.00210215 -0.00114066 -0.00188214 0.00134114 0.00410809 -0.00119621 0.00143548 -0.00159347 -0.00331509 0.000155698 -0.0009557 -0.00817379 -0.00479517 -0.00220718 -0.00183166 -0.00246045 0.00126115 9.33779e-05 0.000296761 -2.01856e-05 -0.00123286 -0.00107959 -0.00173739 -0.00186785 0.000555171 -0.00162799 -0.00120795 -1.64378e-07 0.000800743 0.00525313 
-0.00232356 -0.00799333 -0.00272639 -0.0041826 -0.00265466 -0.00345509 -0.00408207 -0.00314409 -0.00102057 -0.000357144 0.00268677 -0.0034646 0.00276074 -0.00214332 -0.00208225 -0.0007193 -0.00173801 0.00656123 -0.00447514 -0.00527344 -0.00891765 0.000311537 -0.00393188 0.00136033 0.0129734 0.00143118 -0.00102129 0.00056601 0.0894071 -0.000270116 0.000615045 0.00407778 0.00520689 0.00647998 -0.00180399 -0.0054609 -0.00218747 -0.00352613 -0.00495095 0.00345693 0.0025019 -0.00036948 -0.000707703 -0.00642485 -0.00247895 -0.00353225 0.00112559 -0.00595197 0.00231516 -0.00120703 0.00714142 -0.00627254 -0.00125066 -0.00174336 0.00143663 -0.00101331 0.00315467 -0.0042083 0.000574496 -0.000731493 -0.00310959 -0.00313665 -0.00475356 8.5976e-05 -0.00477028 -0.00261132 -0.000937332 0.00226408 -0.000405466 0.000463634 0.00412475 0.00233515 -0.00125812 -0.00427984 0.00513583 -0.000741238 0.0020787 -0.00144434 0.00286397 -0.000875301 -1.52884e-05 -0.00150879 -0.00311318 -0.00169168 -0.00281109 -0.00223293 -0.00234688 -0.00295578 -0.00186544 -0.00104177 -0.00250419 -0.00366841 0.00533089 0.00218493 -0.00135676 -0.00269286 -0.00185262 0.000168028 0.000861058 -0.00426327 
0.0011953 0.000439001 0.00504696 -0.0117829 -0.00502816 -0.00239784 -0.0010112 -0.00407432 0.00142433 -0.00428958 0.00493149 0.00181546 -0.00529315 0.00562289 0.00693404 -0.00291275 -0.00871798 0.00608741 -0.00191462 0.000528833 -0.00188478 -0.00176571 -0.0011365 -0.000493972 0.00839234 0.00220004 -0.000637047 0.00186174 -0.000270116 0.121729 -0.00440546 -0.00194234 -0.0190541 -0.00476814 -0.000195581 -0.00573546 -0.00515404 0.000302674 0.00481541 -0.00628344 0.00385438 5.19248e-05 0.00656218 -0.0031977 -0.00221334 -0.00212694 -0.00120202 -0.00341149 -0.00211772 0.00497317 -0.00285618 -0.00732473 -0.000672301 0.00040528 0.00141535 -0.00596817 0.0019043 -0.00704939 -0.0027966 0.00107941 -0.00263528 0.00421988 -0.00270774 -0.00180929 0.00272605 -0.000995049 0.00266295 -0.00731167 0.00359324 -0.00416773 -0.00366011 0.00658254 -0.00623358 0.00441688 -0.00252772 0.0147897 0.00165993 0.00253392 -0.00719354 -4.47372e-05 -0.00172321 -0.012565 -0.00298212 -0.00515662 -0.00263915 -0.00698744 -0.00688224 -0.00573901 0.00155338 -0.00244605 -0.00300998 0.00115372 0.00160996 -0.00540805 -0.00215782 0.00702058 -0.00146048 -0.00349035 0.00196296 -0.00603843 
0.004447 0.00504708 -0.00892809 -0.00956617 -0.00115707 -0.00699215 -0.00817844 -0.00131233 -0.00270885 -0.00459293 -0.00807531 -0.000262254 0.00654862 0.000433729 -0.000102141 -0.000974469 0.00132323 -0.00371227 -0.00625196 -0.00278764 -0.002504 -0.000423131 -0.0142348 -0.00688323 0.00512335 0.0159863 0.00333291 -0.0024146 0.000615045 -0.00440546 0.150928 0.00709101 0.00923255 -0.00202481 -0.00639848 0.0111302 0.000582796 0.0019056 -0.0105566 -0.0035587 -0.012557 -0.00256166 -0.0132647 -0.00231378 0.00130805 -0.0050951 0.00399554 -0.00785182 0.00796874 0.00255581 -0.00879573 0.00104906 -0.00313402 -0.000892946 0.00317827 -0.000966239 -0.000811346 -0.00215903 0.00225607 0.000679187 0.00591984 -0.00626372 -0.00017791 -0.000469857 -0.00981454 0.000924154 0.00395987 -0.00243455 -0.00138556 -0.0030288 -0.00188073 0.00350621 -0.00132898 -0.00899412 0.0193511 0.00356191 -0.00659555 0.0037368 0.00448286 -0.00554031 -0.00278171 -0.00835959 0.000715666 -0.00382105 -0.00423544 0.00496653 -0.0086805 -0.00935798 -0.008072 -0.00309719 -0.0011741 0.00193079 0.00147597 -0.00191115 -0.00177479 -0.00999683 -0.00697307 0.00491756 -0.005332 -0.00327634 
-0.00227626 -0.00842863 -0.00455437 -0.00212365 -0.00372009 -0.000943422 -0.00477713 -0.00961217 -0.013725 -0.00125474 -0.00115321 0.00285693 -0.0019011 0.000508317 -0.00465956 0.000683839 -0.00702101 -0.00273775 0.00209304 0.000345123 -0.00667243 -0.00443769 -0.0131436 0.000893395 -0.00317443 -0.000545194 0.00876539 0.000842808 0.00407778 -0.00194234 0.00709101 0.110801 0.0170925 0.00716631 -0.00163229 -0.00152745 -0.000231337 -0.0040139 0.0102782 0.00472198 -0.00729601 0.00143478 0.0060774 -0.00950857 -0.00240041 0.000318346 0.000676842 -0.00608652 -7.97318e-05 0.00217211 -0.0114854 -0.00205267 0.00585709 -0.00423619 -0.00364566 -0.00723559 -0.000204923 -0.00471425 -0.00123189 -0.00704114 0.00147156 -0.00285304 -0.00234366 0.00377117 0.00303498 0.00328242 0.000401227 0.000889769 -0.00140061 0.0015765 0.000796689 -0.00789865 0.000588706 -0.00532799 0.000385203 -0.00307031 0.00380677 -0.00139061 -0.00364411 0.00328392 -0.00420163 -0.00573458 -0.00746406 0.00609774 0.00280499 -0.00143558 -0.00896363 -0.00280601 -0.00320867 -8.52152e-05 0.00113102 0.000775412 -0.0016277 -0.00283474 -0.00164011 -0.000281163 0.00664126 0.00567756 -0.00214144 0.00261026 
-0.0036832 0.0011863 -0.0165795 -0.00635563 0.00185928 -0.000210582 -0.00383158 -0.0117731 -0.00869485 0.00264329 -0.0096124 -0.00158636 -0.00406251 -0.000282937 -0.00761122 -0.00208563 0.00429704 -0.00870275 -0.0039282 -0.00637749 -0.0105233 -0.000916278 -0.0234459 -1.20225e-05 -0.0158073 -0.0031834 -0.00659419 -0.00274444 0.00520689 -0.0190541 0.00923255 0.0170925 0.195402 0.00516968 0.00231459 0.0101724 -0.000669105 -0.00469518 0.00015949 0.0138744 0.00824466 -0.00111478 -0.00242532 -0.00625365 0.0106699 0.00278019 -0.00310359 -0.00319684 -0.00394579 0.000687365 0.00343885 -0.00641348 0.0157974 -0.00237931 -0.00623163 -0.00501689 -0.0058307 -0.00193432 0.00583503 -0.0053068 -0.00240867 -0.00866115 -0.00317964 -0.00454068 -0.00173943 -0.00372599 0.000306682 -0.00401894 -0.00165432 -0.00677392 -0.0106128 0.00114835 -0.00830451 -0.0159844 0.00158465 -0.00665787 0.00215795 -0.00361078 -0.00975221 -0.00598277 -0.00563701 0.0128238 0.00732486 0.0107437 0.0109753 0.000290875 -0.00298327 -0.00156896 -0.00869401 -0.000644189 -0.00261752 -0.00308073 -0.00458101 0.00789668 0.002393 -0.00919884 -0.00145628 0.00500369 -0.0107943 0.00632667 
-0.0023487 0.00234518 -0.00217181 -4.49092e-05 -0.00946359 -0.0110511 -0.000583784 -0.0162466 -0.0104494 -0.000220825 -0.00911411 0.0100433 -0.000251717 -0.00547237 -0.00707509 -0.00986636 -0.00649898 -0.0103724 0.00535556 -0.00210904 -0.0133998 -0.00192147 -0.0148173 0.00190224 -0.00250141 -0.00196468 0.0131743 0.0039817 0.00647998 -0.00476814 -0.00202481 0.00716631 0.00516968 0.16724 0.0136888 0.00267309 0.00604576 0.00434948 0.00542548 2.38567e-05 0.00730802 -0.00399343 0.00795225 -0.00474033 -0.00484699 0.0057583 0.0105508 -0.00345013 -0.00479341 0.00187903 -0.00847814 -0.0109773 0.00554783 -0.000232043 -0.00685644 0.00349337 -0.0074839 0.00315408 0.00175484 -0.00533826 0.000344796 -0.0022892 -0.0107955 -0.000153698 -0.000466231 -0.00283209 -0.00228152 0.00521963 -0.00746753 0.00473546 -0.0123747 -0.00174064 -0.00798903 -0.000815208 -0.00275031 -0.00384587 -0.00439931 -0.00449609 0.0106993 0.00701068 0.000142879 -0.0153322 -0.0117851 -0.0120953 0.00253128 -0.00351454 -0.00310051 -0.000850816 0.0050406 -0.00252224 0.00421136 -0.0047557 -0.000250044 -0.00616847 0.000258105 -0.00187659 -0.00426787 -0.00517205 0.00694783 -0.00728836 
