0.0847681 0.000794914 0.000511836 0.0031885 -0.00324782 0.00516566 -0.000502104 0.0105818 0.00875932 -0.00181188 -0.00459926 -0.0032094 0.00820434 -0.00425908 -0.00429681 -0.00430267 -0.00320374 -0.00151443 -0.00506334 -0.00152517 -0.00518852 -0.00239282 -0.00524166 -0.00267474 -0.00430242 -0.0105169 -0.00307444 -0.00594864 -0.00514328 -0.00130666 0.000286786 -0.00423013 -0.00244131 -0.00195197 0.0029604 -0.000455018 0.00269718 0.00378454 -0.00207163 -0.000213901 -0.00269053 -0.00202509 -0.00157378 -0.00398928 -0.000657983 -0.00435101 -0.00294491 -0.00129521 0.0035009 0.00099105 -0.00149272 0.00524144 0.0115358 0.00669207 0.000310417 0.0185758 -0.0022539 -0.00301101 -0.00248554 -0.000220014 -0.000339378 -0.00386938 -0.00451497 -0.00533179 -0.0059104 0.00115722 -0.00484475 -0.000677819 0.00122878 -0.00116856 0.000751065 0.00102703 -0.00337851 -6.43727e-05 -0.00191702 -0.00402462 -0.00190121 -0.000670706 0.00162706 6.10315e-05 -0.00426351 0.000274007 -0.000752988 0.000536273 0.00205147 -0.00486397 -0.00522321 -0.00473148 0.000190317 -0.0051529 0.00087238 0.000271156 0.00127708 0.00462616 -0.00333201 -0.00337523 0.000674121 0.00223738 0.000195607 -0.00361952 
0.000794914 0.0803365 0.000989352 0.000401246 -0.00253267 -0.00317048 -0.000577647 -0.00597212 -0.00406616 -0.00369564 -0.0089807 -0.00037717 -0.00147667 0.00287032 0.000548833 -0.00176847 0.000374751 0.00188562 -0.00158056 -0.0034504 -0.00125441 -0.00227736 -0.00161583 0.000917008 -0.00619612 0.00399164 -0.0018334 -0.000992768 -0.00533736 -0.000781517 -0.00415775 -0.00185811 0.00282055 0.0026538 0.00040553 -0.0048021 -0.0018177 0.00357299 0.00229392 -0.000679191 -0.00578796 -0.00683992 -0.00231959 -0.0020955 -0.000151608 -0.00376911 0.000602384 -0.00615089 0.00410795 -0.00321572 -0.00160479 -0.00259443 0.00650343 -0.000464946 -0.00328866 0.00219375 -0.000613491 -0.00246934 -0.00491738 0.000577868 0.000132525 0.00158705 -0.00445734 -0.00409918 -0.00161927 0.0058698 0.00122326 -0.00132317 0.000647686 0.00290966 0.00220675 0.00198014 0.00151447 0.00360652 -0.00129549 0.000180866 -0.000252968 0.00531602 -0.000441906 0.00599385 -0.00317535 -0.00599459 -0.00275453 0.000990698 -0.00582401 -0.00308439 0.00272255 -0.00247853 0.00357613 -0.0056107 -0.00280189 0.00166706 -0.00218938 0.0011913 0.00784754 -0.00176751 -0.00181057 -0.00203052 0.00044737 9.3348e-05 
0.000511836 0.000989352 0.130085 0.00797431 0.00266128 0.000856696 -0.00189497 -0.00273783 -0.00355493 -0.00308572 0.00225543 -0.00148247 0.00319021 -0.00124002 -0.00312898 0.00400537 -0.00391211 0.0067368 -0.00327517 -0.0103851 0.00567452 -0.0015857 -0.00295547 -0.00487219 -0.00628737 -0.0160552 0.0029968 -0.00692858 -0.0041344 -0.00130374 -0.00231114 -0.00103212 -0.0033907 0.00220651 0.00193362 -0.00663397 -0.000546439 0.00170122 -0.00281802 -0.00181121 -0.00269624 0.000155031 -0.00236947 -0.00796262 0.000469875 0.000963011 0.000977495 0.0051346 0.00268259 0.00656978 0.00481777 -9.29048e-05 -0.0015641 -0.00282541 -0.00105896 -0.00116295 0.0014482 -0.00275298 0.0059271 0.00235169 -0.00575714 -0.000414418 0.00396348 -0.0109237 -0.00212001 0.00521089 -0.00980015 -0.00288876 -0.00148829 0.00167273 0.000499301 -0.00328133 0.00383494 -0.00667198 0.00515408 0.000387144 0.00300874 -0.00226241 4.79269e-05 -0.0104904 -0.00113067 -0.00807612 -0.00175212 -0.00201971 -0.00470271 -0.00244479 -0.0136681 -0.00137939 0.00855292 -0.00328113 0.00321498 -0.00135389 -0.00367614 -0.00292627 -0.0049124 -0.00957735 -0.00257144 -3.99591e-05 -0.00027041 -0.0010929 
0.0031885 0.000401246 0.00797431 0.0913303 -0.00214197 -0.00247394 -0.000715407 0.0118934 0.000584317 -0.00358841 -0.00523237 -0.00367281 -0.00682814 -0.00526626 -0.00693676 -0.00442224 0.00447443 -0.00564814 -0.0020311 -0.00500236 -0.00178807 -0.00316212 -0.00635098 -0.00115005 -0.000131197 -0.0106351 -0.00488373 0.000294258 -0.00149622 0.000396152 -0.00299254 -0.0039201 0.00273641 -0.000853491 -0.00287466 -0.00352671 -0.00548116 0.00615818 -0.00129739 0.000104683 -0.00716481 0.00222082 0.00130011 -0.00430057 0.00378079 -0.00333843 -0.00142018 -0.00109336 -0.000426746 -0.00121883 0.000464523 0.00263267 0.00153563 0.00914438 -0.00318566 0.00769127 0.000185929 -0.00140158 -0.00373533 0.00253378 0.00371149 -0.00208796 -0.00265757 -0.000512094 -0.00880966 0.00201604 0.00252065 0.00130937 -0.00126043 -0.000130312 0.000558786 -0.00178072 -0.00430965 0.00270158 0.00300216 -0.00120935 -0.000416936 0.0006641 -0.000433947 0.00321106 -0.00497424 -0.00167358 -0.000144578 2.22009e-05 -0.00432859 -0.00329222 -0.00337432 -0.000830461 0.00320317 -0.00455021 0.000660493 0.000166984 4.52391e-05 0.00237211 -0.00247839 -0.00457547 -0.00104253 0.00207575 -0.00184987 -0.00075529 
-0.00324782 -0.00253267 0.00266128 -0.00214197 0.103097 0.00804957 0.00540391 0.00425188 -0.00348218 0.0038634 -0.00115221 0.00635493 0.0095311 -0.00342687 -0.00364197 -0.00398446 -0.00205632 -0.00417645 0.000540324 -0.00104636 0.00087545 -0.00300238 -0.00175792 -0.00172677 -0.0076901 -0.00895048 -0.00231062 -0.00050178 -0.00323751 0.000732558 -0.00622232 -0.00416051 -0.00241279 -0.00197471 -0.000310838 0.00181839 -0.00505144 -0.00522219 -0.00286325 -0.000743048 0.00150681 -0.00959833 -0.00566721 0.00173715 -0.00360636 -0.00262475 -0.000462273 -0.000251342 0.000273697 -0.00862821 -0.00317941 0.000509294 -0.00819757 -0.00196163 -0.00540289 0.00189117 -0.00579866 -0.00317945 0.00320014 -0.000459059 0.00142526 -0.00358052 0.00351589 -0.00956502 -0.000805726 -0.00676181 -0.00109517 -0.00447784 -0.00159402 -0.00181349 -0.00282434 0.00180536 -0.00673888 -0.00422714 -0.000753342 -0.00303952 -0.00501711 -0.00138922 0.00249449 0.00314564 -0.000450425 0.0056846 0.00173784 -6.16917e-05 0.0060467 0.00530235 0.00469397 0.00104833 -0.00285624 0.00926363 -0.00300508 0.00156382 0.00507281 -0.000683063 0.00498616 0.000439338 0.000301198 -0.0059661 0.00274208 -0.00281657 
0.00516566 -0.00317048 0.000856696 -0.00247394 0.00804957 0.110648 0.00629594 0.000676339 -0.00161214 0.00211935 -0.00454961 -0.00340768 0.00497042 -0.00736315 -0.0041179 -0.00289677 -0.00217011 -0.00823227 0.00258687 -0.00382673 -0.00508142 0.00128789 -0.00442765 -0.00413573 0.00389094 -0.0105889 -0.00440551 0.00322479 0.00395653 -0.000115461 -0.00320093 -0.00376932 -0.00355302 -0.00355212 0.000148777 -0.00106638 -0.0021958 -0.00552914 -0.00147388 0.000346468 0.000499919 -0.00523314 -0.00457126 -0.000650509 -0.0024522 -0.00574393 -0.00488346 -0.00156533 -0.00146776 -0.000581186 -0.00222013 0.00616054 -0.000900731 0.00268827 -0.00243424 0.0177261 -0.00444757 -0.0032408 0.00747501 0.00120586 -0.0041975 -0.00544601 -0.00634061 -0.00576166 -0.00110864 -0.00590686 -0.00295641 0.00056932 -0.00179953 -0.00261996 -0.00167066 -0.00357622 0.00659773 -0.00506939 -0.00159374 0.00158758 0.00154098 -0.00693472 0.00088285 -0.00812365 -0.000493229 -0.000453473 -0.000140286 -0.00185836 0.0107899 -0.000413647 -0.000259061 -0.00393322 -0.00731615 -0.00272461 0.0042289 0.00180325 0.00274528 -0.00062299 0.00734007 -0.00267908 -0.00198235 0.000701426 -0.00284058 -0.00263611 
-0.000502104 -0.000577647 -0.00189497 -0.000715407 0.00540391 0.00629594 0.119185 0.00760395 0.00604949 0.00268301 -0.0144312 -0.00470914 -0.00850753 0.00277134 0.00177378 -0.00656176 -0.00487161 0.002243 -0.00381634 -0.000735953 -0.00886443 0.00714412 -0.00288766 -0.000811495 -0.00478246 0.0018166 -0.00677101 -0.00224756 -0.00744148 -0.00261493 -0.0117264 -0.00158491 0.000826294 -0.00358192 -0.00163682 -0.000675328 0.00128769 0.00643951 0.0014106 -0.00129809 0.00298908 -0.00809177 -0.00785085 0.000589327 -0.00407734 -0.0052935 0.0029135 -0.00348441 -0.00237409 -0.00602024 0.00313095 0.000600501 0.00267184 -0.00844306 0.00361053 0.00119846 -0.000835983 -0.00872758 -0.00155851 0.000585236 0.00764375 1.00661e-05 0.00318089 -0.0067738 -0.00856179 0.00119781 0.00483479 -0.0032839 -0.00192582 -0.00660006 0.00638343 -0.00308718 -0.00473384 -0.000542596 0.00113487 0.000893251 -0.000689016 0.00295091 0.00125238 0.000381139 -0.00273476 -0.00115406 -0.0030658 -0.000969309 0.000245197 -0.00458673 0.00257177 -0.00131086 -0.00362973 -0.00741194 0.00678071 0.000598301 -0.00185107 0.000791284 0.000837367 -0.00648957 -8.69055e-05 0.00557461 -0.00350845 -0.00448358 
0.0105818 -0.00597212 -0.00273783 0.0118934 0.00425188 0.000676339 0.00760395 0.202175 0.000545421 -0.00373299 -0.0145847 -0.00310543 0.0177259 -0.00443876 -0.0176097 -0.0100765 0.00193117 -0.0112786 -0.0116941 -0.0122872 -0.00878153 -0.0133328 -0.0107979 -0.00883013 -0.000821657 -0.0172531 -0.00403339 -0.00493798 -0.00911415 -0.00603265 -0.00522885 -0.0129369 -0.00136368 0.00280572 -0.00488718 -0.00152382 -0.0105921 -0.000981843 -0.00907633 0.00239343 0.00154425 -0.00524457 -0.00502353 -0.0161617 0.00506775 -0.00849115 -0.00708052 -0.00347406 0.00167647 -0.0153962 -0.00080075 -0.00972918 0.0213253 0.0191666 -0.00589843 0.0334638 0.000537577 0.00886993 0.00575352 0.00656134 -0.00121812 -0.00435038 -0.00576358 -0.0111562 -0.0161686 0.0112946 -0.00426406 -0.00512083 -0.00550105 -0.00146271 0.00575973 -0.00306862 -0.00965597 0.00285175 -0.000182662 -0.00559158 -0.00798509 0.0095507 0.00151502 0.000467892 -0.00416639 -0.00121166 0.00685983 -0.00563316 -0.00121202 -0.00277088 0.0018006 -0.00806651 -0.0023308 0.00381931 -0.0022814 -0.00380169 0.000585505 0.00336474 0.0118677 0.00331217 -0.00625964 0.00134333 -0.000873902 -0.00550187 
0.00875932 -0.00406616 -0.00355493 0.000584317 -0.00348218 -0.00161214 0.00604949 0.000545421 0.0979282 0.00235239 0.000143985 -0.00352756 0.000459923 -0.00651891 -0.00333108 0.000827871 -0.00627719 -0.00269759 -0.00358436 -0.000156164 -0.00310512 -0.00398209 -0.00218903 -0.00414244 -0.00650336 -0.0147031 0.000960523 -0.00156685 0.00335546 0.000761221 -0.00366083 0.00203302 0.00414905 -0.00298802 -0.00203433 0.000148687 0.0137233 0.00432907 -0.00120295 0.00143818 0.00409732 0.00021623 -0.00470367 -0.00210636 -0.000813293 0.000117554 -0.0018734 0.000528305 -0.00243995 0.00309269 5.90413e-05 0.0134773 0.00576341 0.00170215 0.0024091 0.00486309 -0.00296271 -0.00423644 0.00153585 -0.000787723 0.00258045 -0.00686972 -0.00472469 -0.00437604 -0.00436742 -0.00344 -0.0045872 -0.00267301 0.00108241 -0.00303174 0.00411676 -0.0018235 -0.00717414 -0.00402513 -0.00208513 -0.00564742 -0.00338208 -0.00464265 -0.0012469 -0.00386784 -0.00530898 0.00467133 -0.00246275 0.000989626 0.00419911 0.00573412 -0.0047002 -0.000821503 -0.00810735 -0.00542203 -0.000860779 -0.000573244 -0.000753592 -0.00223548 -0.0046352 0.00390251 0.00460646 -0.00114296 -0.00620998 -0.00228562 
-0.00181188 -0.00369564 -0.00308572 -0.00358841 0.0038634 0.00211935 0.00268301 -0.00373299 0.00235239 0.13769 0.00933482 0.00493725 0.0136991 -0.00373848 -0.00754437 -0.0010814 0.00109307 -0.00469154 -0.00032031 -0.0079446 0.00287616 -0.0109307 -0.00342051 -0.00217691 -0.0153733 -0.00881342 -0.0154767 -0.00434982 -0.0090562 -0.00225682 -0.00986769 0.00100945 -0.00679866 0.00471686 0.000430088 0.00734534 -0.00392576 0.00458527 0.00535624 -0.00148676 -0.0048182 -0.0124876 -0.000159498 0.00397529 -0.00071831 -0.00531429 -0.00611997 0.000246294 0.000552317 -0.00157026 -0.00478864 -0.00512446 -0.00940821 -0.00256658 -0.00619756 -0.00760261 -0.000174332 -0.00096529 -0.00325656 0.00620932 0.0056064 -0.0082906 0.00329683 0.0120909 -0.00495987 -0.00383857 -0.00429887 -0.00243124 -0.00237959 -0.00635757 -0.00546014 -0.00260905 -0.0110975 -0.00791385 -0.00108331 -0.000302716 -0.00766522 -0.00455176 -0.000855334 0.00901531 0.00808902 0.0102509 -0.00205984 0.00081593 0.00766663 -0.000533599 0.00297725 0.00314314 0.00959625 0.015911 -0.0102874 0.000131524 -0.00221638 -0.00549084 0.000999092 0.00582139 0.000510841 -0.00755872 -0.00207964 -0.000235053 
-0.00459926 -0.0089807 0.00225543 -0.00523237 -0.00115221 -0.00454961 -0.0144312 -0.0145847 0.000143985 0.00933482 0.174593 0.0142286 0.0107897 -0.00286505 0.00643208 0.00777135 0.00740044 -0.00392681 0.00727587 0.00342462 0.00221731 -0.0142476 0.012576 -0.00137328 -0.0237225 -0.00997704 -0.00830361 -0.00926046 0.0068345 -0.000204041 -0.00846125 0.00893197 -0.00688169 0.0016774 0.0013874 -0.00101357 0.00310902 0.00110127 -0.00157429 -0.000634516 -0.00254882 0.00124438 0.0017289 -0.0125792 0.00106792 -0.00451134 -0.00278207 0.0277308 -0.0040804 -0.0025469 -0.00402159 -0.00783136 -0.0129166 0.00112845 -0.00577472 -0.0132737 0.00436807 0.00560868 0.013659 -0.00292467 -8.04759e-05 -0.00744897 0.0088705 0.016291 -0.00850251 -0.00546847 -0.00583025 -0.00698196 -0.00284335 -0.00249614 -0.0128862 -0.00367578 -0.0118591 -0.0106023 -0.00338456 0.00230376 -0.00330208 0.000959868 0.000965467 -0.00967383 -0.00546191 -0.00457037 -0.00820353 -0.00187382 -0.00512387 0.017301 -0.0137137 -0.00202098 -0.00667877 0.00369552 -0.0114817 -0.00198402 -0.00632633 -0.00414031 0.00290239 0.0173292 0.00534414 -0.0147472 -0.00693064 -0.00392415 
-0.0032094 -0.00037717 -0.00148247 -0.00367281 0.00635493 -0.00340768 -0.00470914 -0.00310543 -0.00352756 0.00493725 0.0142286 0.12121 0.0107213 0.00671306 0.00158045 0.0078773 0.00238356 -0.00640417 0.00405377 -0.000280659 0.000316183 -0.000183886 -0.00464095 -0.00745335 -0.00662881 -0.0147956 -0.0089862 -0.00129452 -0.00530897 0.00187853 -0.0046108 -0.00423271 -0.0133917 -0.00820005 0.00154318 -0.00185649 -0.000879106 -0.00219423 -0.00278688 -0.00285671 -0.00410317 -0.00391083 -0.000311631 0.00328687 0.000321932 -0.00313698 0.00174352 0.016969 -0.00296078 -0.00398094 -0.00306673 0.00015758 -0.00283904 -0.00859555 -0.00206563 -0.00290236 -0.00160989 -0.00249505 0.00223601 -0.000954118 0.000852213 -0.00337616 0.0036497 -0.00367193 0.00386108 -0.000999977 0.00104182 -0.00187657 -0.0031777 8.49539e-05 -0.00517629 -0.00082433 -0.008625 -0.00766311 0.000857205 -0.00788012 -0.00507152 -0.00445031 0.00427165 0.0138501 0.00123179 0.00522794 0.00266358 -0.000262822 -0.00439854 -0.000507851 0.00619177 -0.00462871 -0.00455277 -0.00170045 -0.0103605 -0.00148548 -0.00151863 -0.00201938 -0.00143943 0.00546982 -0.00354963 -0.00291284 -0.00331177 0.00108523 
0.00820434 -0.00147667 0.00319021 -0.00682814 0.0095311 0.00497042 -0.00850753 0.0177259 0.000459923 0.0136991 0.0107897 0.0107213 0.164555 -0.00140952 -0.000674728 0.00403318 0.00627751 -0.00570601 -0.00846071 -0.00370288 0.00117298 -0.0103629 -0.00423391 -0.00484098 -0.0170507 -0.0118943 -0.0116095 -0.00638683 -0.00495049 -0.00364789 -0.00557167 -0.012 7.40894e-05 0.0123979 0.00794778 0.0044015 -0.00690667 -0.00868106 0.000679373 -0.0015505 -0.0116212 -0.00628141 -0.00449022 -0.00611907 0.00798153 -0.0154631 -0.00202352 0.00709004 0.00175239 -0.00761569 -0.00147537 -0.00324361 -0.00507342 0.00643574 -0.00227802 0.000680176 -0.00670255 -0.00794782 0.00542512 0.00292351 -0.00229162 -0.00656505 -0.00471829 -0.0046183 0.000311428 -0.0118349 -0.00120782 -0.00515358 -0.00691079 -0.00724916 -0.00955073 -0.00750592 -0.0110602 -0.00262559 0.000575197 -0.00412366 -0.00470459 -0.00257105 0.00176166 -0.00186256 -0.00327121 0.014331 -0.000742067 -0.00203722 0.0016338 0.00217224 -0.00525913 -0.0149562 0.00776986 0.0233327 0.000807773 -0.000847467 0.00472302 -0.00463324 -0.00727452 0.000314696 -0.00245246 -0.00810885 -0.00134655 0.00141803 
-0.00425908 0.00287032 -0.00124002 -0.00526626 -0.00342687 -0.00736315 0.00277134 -0.00443876 -0.00651891 -0.00373848 -0.00286505 0.00671306 -0.00140952 0.14846 0.0036349 0.00209702 0.000610199 0.00781829 0.00169031 -0.00518492 0.00260743 0.00179691 0.00453913 0.000185854 0.0146121 0.0119303 -0.00299431 0.00424752 -0.010376 0.00346425 -0.00147307 0.000328393 -0.000369846 -0.00255347 0.00644807 -0.00901071 -0.00529441 0.000960431 -0.00171327 -0.00071969 -0.00721622 -0.00725997 0.00560033 -0.00672112 -0.0167134 -0.00774104 0.0038104 -0.0104776 0.0044464 0.000821053 0.00484173 -0.00568423 0.00115733 -0.0124841 -0.00123474 -0.00970547 0.00198552 -0.0108112 -0.00777705 -0.00301374 -6.46356e-05 0.011076 -0.0101427 0.00802823 0.0036873 -0.00642507 -0.00365726 -0.00017362 -0.000868487 -0.000957345 -0.000138024 0.00186864 0.000665155 -0.00294507 0.00120767 0.00215787 -0.00527871 -0.00174178 -0.00174788 0.00742194 -0.00223479 -0.0095329 -0.0067144 -0.00165012 0.00147847 -0.00306658 0.00446399 -0.00724696 -0.0132195 -0.00322693 -0.0135321 0.000847874 -0.000942341 -0.000417068 -0.0010511 -0.00713416 -0.00296603 -0.00119533 -0.00433648 0.00631146 
-0.00429681 0.000548833 -0.00312898 -0.00693676 -0.00364197 -0.0041179 0.00177378 -0.0176097 -0.00333108 -0.00754437 0.00643208 0.00158045 -0.000674728 0.0036349 0.118393 0.010826 -0.00197891 0.00380639 0.000463283 0.00699304 0.00636481 0.00290838 0.0122108 -0.00332197 -0.00101218 0.00523495 -0.00061975 -0.00789223 0.00781027 3.10765e-06 0.00418261 -0.00319229 0.00105824 -0.00573631 0.00159921 0.00212939 0.00433987 -0.00315103 -0.00430738 -0.00115637 -0.00416487 0.00202368 -0.00352969 0.00746906 -0.00618763 -0.0018464 -0.000172172 -0.00462024 -0.00721589 0.00664679 0.00390034 0.000653629 0.00126155 -0.00959915 0.00294678 -0.0242246 -0.000584394 0.00925038 -0.00680486 -0.00522206 -0.00141682 -0.00308791 -0.00167012 0.00221294 -0.0032674 -0.00167338 0.00210431 -0.00238818 -0.00283266 -0.00650513 -0.00859539 -0.0055487 0.00439611 -0.00248536 -0.000348566 0.00542306 0.00167135 -0.00528484 0.00152729 -0.00864121 -0.00199177 -0.00623045 -0.00527662 0.000869171 -0.000115325 -0.00147032 -0.00496843 0.00161511 -0.00452981 -0.00498052 -0.00508878 0.000677622 0.00196768 -0.00518141 -0.00702212 0.000226141 -0.00165756 0.00141931 -0.00749373 0.00701997 
-0.00430267 -0.00176847 0.00400537 -0.00442224 -0.00398446 -0.00289677 -0.00656176 -0.0100765 0.000827871 -0.0010814 0.00777135 0.0078773 0.00403318 0.00209702 0.010826 0.100882 0.000177709 -0.0022037 -9.32963e-05 -0.00223616 0.00392972 -0.00313885 0.00070907 -0.00358234 -0.014887 -0.00639974 -0.00366332 -0.00741375 0.00203418 -0.00116341 -0.00265449 -0.0039172 -0.00994432 -0.00699623 0.00236691 0.00304476 0.00357406 -0.00244445 -0.00524044 -9.1816e-05 -0.00114791 0.000344501 -0.00130758 -0.00497296 0.00138857 0.0089465 0.00164526 0.000466252 0.00340376 0.000271487 0.00346368 -0.000762584 0.00670164 -0.0101499 -0.00198145 -0.00776702 -0.00487526 0.000957044 -0.00272772 -0.0041441 -0.00115861 -0.00615037 0.000424453 -0.00393863 0.00656227 -0.00641193 -0.00157288 -0.00259046 -0.000917643 0.00260872 -0.00181438 -0.00265889 0.000696313 -0.00460017 0.00437919 -0.0048704 0.000895228 -0.00857375 0.00145573 -0.00874153 0.0143807 0.00682749 0.00490071 -0.00175127 -0.000385793 -0.00489105 -0.00735734 0.00387257 0.0013887 0.00771854 -0.0020725 0.00136235 -0.000401849 -0.00594598 -0.0033329 -0.00642504 -0.00140421 -0.00485357 0.002971 0.00163325 
-0.00320374 0.000374751 -0.00391211 0.00447443 -0.00205632 -0.00217011 -0.00487161 0.00193117 -0.00627719 0.00109307 0.00740044 0.00238356 0.00627751 0.000610199 -0.00197891 0.000177709 0.111122 -0.00348901 0.00482849 0.00167651 0.00405686 0.00338869 -0.00095611 0.0016804 -0.00669163 0.00295442 -0.00680677 -0.00376414 -0.00280267 -0.00116898 0.00180571 -0.00022138 0.00134789 -0.000667239 -0.0062907 -0.00397625 -0.00280025 -0.000432013 -0.00464302 -0.00239559 -0.01152 -0.0040985 0.000367628 -0.00840488 0.00604462 -0.00523957 -0.00557731 -0.00240382 -0.00258526 -0.00896282 -0.0010885 -0.00338454 -0.00190316 0.00307002 -0.00460294 0.00099812 0.00182945 -0.00298308 -0.00265344 -0.00280218 0.00630616 0.00154605 -0.00166951 0.00630856 -0.0062041 -0.00548214 0.00616172 -0.000736102 -0.00480282 -0.00273886 -0.00113764 -0.00235533 -0.00706672 -0.00505944 0.00118218 -0.00351077 -0.0016532 -0.000583581 -0.00317527 0.00801077 -0.00743355 0.00120945 0.000193859 -0.00171281 -0.00554072 0.00858988 -0.00277064 -0.00763842 -0.00329592 0.00202299 -0.00385182 0.000336795 0.00286302 0.00276231 0.00371301 0.00168561 -0.00114386 -0.000457925 -0.000788791 -0.00219013 
-0.00151443 0.00188562 0.0067368 -0.00564814 -0.00417645 -0.00823227 0.002243 -0.0112786 -0.00269759 -0.00469154 -0.00392681 -0.00640417 -0.00570601 0.00781829 0.00380639 -0.0022037 -0.00348901 0.109107 -0.00124613 -0.0032486 0.0113839 0.000413679 0.00677119 0.000362562 0.000565636 0.00049559 0.000294773 -0.00918579 -0.00327717 0.000145538 0.000787231 -0.00252638 -0.00435002 -0.00243486 -0.000880879 0.00681731 0.00499171 -0.000597755 0.00117885 -0.0025628 -0.00561984 -0.00392401 0.00145651 -0.0037666 -0.00463805 -0.000999488 0.00111847 -1.35736e-05 0.0052497 0.000245192 0.00152034 -0.00838368 0.00613926 -0.00686559 0.000718925 -0.0078539 -0.00509319 1.38732e-05 -0.00319728 4.24591e-05 -0.00489647 -0.00224977 0.000597861 0.00486823 -0.00062279 -0.00459899 -0.00619615 -0.00285529 -0.000291503 -0.0029829 0.00464392 -0.00569469 0.00648753 0.00208612 -0.0013039 0.0070125 -7.22849e-07 0.000696415 -0.00142132 -0.0017888 -0.00594115 -0.00486442 -0.00263728 -0.00193396 -0.00335633 -0.00250028 -0.00122095 -0.00411877 0.00350939 -0.000366755 -0.000420333 -0.00225853 1.63435e-05 -0.00015024 -0.00607337 -0.00470693 0.00251095 -0.00728926 0.00377926 0.00485818 
-0.00506334 -0.00158056 -0.00327517 -0.0020311 0.000540324 0.00258687 -0.00381634 -0.0116941 -0.00358436 -0.00032031 0.00727587 0.00405377 -0.00846071 0.00169031 0.000463283 -9.32963e-05 0.00482849 -0.00124613 0.103889 -0.000674947 0.00891335 -0.00041743 0.00521219 -0.00404346 -0.00012545 -0.000759709 -0.00746397 -0.000408913 0.00108898 0.00392094 -0.000881725 0.00276371 -0.00472014 0.000965601 9.9737e-06 -0.0012744 0.00113928 -0.00579891 -0.00359801 0.000452027 -0.0019371 -0.00259297 0.0019245 -0.00426885 -0.00800341 -0.00442624 0.0021629 -0.00487417 0.00334517 0.00174847 0.000796106 0.00144813 -0.00844391 0.00183523 -0.00435362 -0.00316154 0.000994455 -0.0114266 -0.0101143 -0.00540424 -0.0031026 0.00553389 -0.0011634 0.000704913 -0.00330649 -0.00423061 0.00318012 0.000662817 -0.00129816 0.00886083 -0.00109857 -0.00226456 0.000686693 -0.00123211 -0.00105364 -0.00227078 0.000726842 -0.00382213 -0.000971562 -0.00385622 0.00253522 -0.0060808 2.46835e-05 -0.00163447 -0.00259315 0.0113701 -0.00129355 -0.00244323 -0.00945761 -0.00107094 -0.00459853 0.00258738 0.00171949 0.00232595 -0.00148578 -0.000676302 0.000335531 -0.00169013 -0.00405358 0.00178434 
-0.00152517 -0.0034504 -0.0103851 -0.00500236 -0.00104636 -0.00382673 -0.000735953 -0.0122872 -0.000156164 -0.0079446 0.00342462 -0.000280659 -0.00370288 -0.00518492 0.00699304 -0.00223616 0.00167651 -0.0032486 -0.000674947 0.129176 -0.00255822 0.00459318 0.00247005 -0.00140001 0.00162921 -0.0050975 -0.0059015 -6.53902e-05 -0.000775946 -0.00323052 7.03257e-05 -0.00379374 -0.00863834 -0.00394212 0.00418089 0.0103187 -0.00367837 -0.00110504 -0.000503422 -0.000817803 0.0016441 0.00562483 -0.00088841 0.00516281 -0.00429673 -0.000608082 0.000541452 0.0040373 -0.0052484 -0.00816216 -0.00376751 -0.00220018 -0.00483003 -0.0070973 0.00398899 -0.00489518 -0.00157737 0.00383447 0.00125655 -0.00451711 -0.00110468 -0.00137571 0.00174701 -0.00337471 0.0010013 -0.000302074 -0.00290216 -0.000171464 -0.00154694 -0.00878359 -0.00620591 -0.000204651 -0.011552 0.00470023 -0.0014947 -0.00281533 -0.00239944 -0.00374681 -0.00216491 0.0100755 -0.00366619 -0.00468789 -0.00128803 0.00180807 -0.00637947 -0.00467149 0.0106257 0.00159682 -0.0125896 -0.00779388 -0.00306437 0.00178059 0.000610268 -0.00189454 0.0030397 0.0142188 0.00115377 0.00530226 0.000556021 -0.00137426 
-0.00518852 -0.00125441 0.00567452 -0.00178807 0.00087545 -0.00508142 -0.00886443 -0.00878153 -0.00310512 0.00287616 0.00221731 0.000316183 0.00117298 0.00260743 0.00636481 0.00392972 0.00405686 0.0113839 0.00891335 -0.00255822 0.128089 -0.00185913 -0.00100436 0.00685594 -0.00883488 -0.00206499 -0.00210317 -0.00396668 0.00575995 0.00136553 -0.00604408 -0.0107799 -0.00397357 0.00424274 -0.0059899 0.00301654 -0.00109413 -0.00606278 -9.76636e-06 -0.0016375 -0.00294357 -0.0068 -0.00580757 -0.000515968 -0.00599465 0.00160028 -0.00296163 -0.0040924 0.00302995 0.00145721 -0.00219595 -0.0010814 -0.0101126 -0.0054599 -0.00421552 -0.0130076 -0.000436683 0.00807831 -0.00336514 0.000386376 0.00225756 -0.0071331 0.00193336 0.0039329 0.00105026 -0.00982631 -0.00376491 0.000949884 -0.00420874 0.00252644 0.000265453 -0.00344514 -0.0004672 -0.001722 0.000690746 -0.00438882 0.00173082 -0.00542508 0.00376029 0.00134101 0.00906851 -0.00788674 0.00123034 -0.001558 -0.0031597 -0.00256557 -0.00346555 -0.00207005 -0.00420579 0.00428722 -0.00307291 -0.000738719 -0.00143535 -0.00136814 -0.00717563 -0.00339436 -0.00211552 -0.00442269 -0.00308413 0.00384199 
-0.00239282 -0.00227736 -0.0015857 -0.00316212 -0.00300238 0.00128789 0.00714412 -0.0133328 -0.00398209 -0.0109307 -0.0142476 -0.000183886 -0.0103629 0.00179691 0.00290838 -0.00313885 0.00338869 0.000413679 -0.00041743 0.00459318 -0.00185913 0.130528 -0.00241291 0.000890474 0.0218257 0.00746727 0.00259873 0.00446818 -0.00696744 -0.00188482 -0.00124227 -0.00487257 -0.00097803 -0.00574175 -0.00259955 -0.00603823 0.00257631 -0.00286279 -0.00618356 -0.00414097 0.00751849 -0.00110943 -0.00166624 0.000992443 0.00310222 -0.00177967 -0.00265513 -0.00973255 -0.00674174 0.00222004 -0.00191425 -0.00428098 0.00460901 -0.00623831 0.00306718 0.00338322 -0.00211736 -0.0117601 0.00355726 -0.00591862 -0.00242507 -0.00365506 -0.0102646 -0.0112112 0.00336897 0.000522235 0.0018664 -0.00106577 -0.00423358 0.00205242 0.00479347 -0.0086052 0.0114818 -0.00633609 -0.000564591 -0.0011426 0.00195695 -0.00487388 -0.000140856 0.00754372 -0.00127045 -0.000704409 -0.00171345 -0.00152761 -0.00248919 -0.00215822 0.00254452 -0.00368664 -0.00320989 -0.00369204 0.00462223 0.000659021 0.00289025 0.000399491 -0.00759356 -0.00573506 -0.00442455 0.00376797 -0.000595814 -0.00277281 
-0.00524166 -0.00161583 -0.00295547 -0.00635098 -0.00175792 -0.00442765 -0.00288766 -0.0107979 -0.00218903 -0.00342051 0.012576 -0.00464095 -0.00423391 0.00453913 0.0122108 0.00070907 -0.00095611 0.00677119 0.00521219 0.00247005 -0.00100436 -0.00241291 0.0962876 0.00021732 -0.00905482 0.0125149 -0.00507376 -0.00273796 0.00047439 0.000211785 -0.00223243 0.00331944 -0.000931314 -0.00203719 0.000236495 0.00330602 0.00580776 -0.0043076 -0.00211901 -0.000633519 -0.00504444 -0.00227703 -0.0033508 -0.00532807 -0.00612326 0.00236006 0.000867303 -0.000181912 -0.00187226 -0.00163524 0.0029005 0.00186445 -0.00910436 -0.00588596 0.00328499 -0.0167135 0.00296194 -0.00278318 -0.00333674 -0.00428965 0.000628909 0.00190801 -0.00062526 0.0112936 -0.0014042 -0.00564172 0.00298987 -0.000929516 -0.00166176 -0.00436789 -0.00484707 -0.00192112 -0.00271282 -0.00124534 -0.000899608 0.00707154 -0.0012141 0.00193989 -0.000881942 -0.00836331 -0.00295436 -0.00139383 -0.00367558 0.00167148 0.0026614 0.0060372 -0.00307286 0.00679044 -0.00913928 -0.00342845 -0.0023512 0.00164032 -0.00494684 -0.00249446 -0.000656479 0.00319721 -0.00177506 -0.00147595 -0.002191 -0.000715414 
-0.00267474 0.000917008 -0.00487219 -0.00115005 -0.00172677 -0.00413573 -0.000811495 -0.00883013 -0.00414244 -0.00217691 -0.00137328 -0.00745335 -0.00484098 0.000185854 -0.00332197 -0.00358234 0.0016804 0.000362562 -0.00404346 -0.00140001 0.00685594 0.000890474 0.00021732 0.0941787 -0.00320446 0.0107084 0.00470566 0.00866948 -0.00224037 -8.9296e-06 -0.00376822 -0.000221479 0.00314952 -0.00086021 -0.00347845 -0.00384607 0.000628823 -0.0032138 0.00410714 -0.000583389 -0.00395714 -0.00469507 0.00122663 0.00630145 -0.00390253 -0.00863457 -0.00113963 0.00126048 -0.000434094 -0.00223367 0.000716051 -0.00638887 -0.00855098 -0.00269115 0.000937632 -0.000185834 -0.000836545 0.00584304 -0.00105898 0.00197484 5.80322e-05 -0.00155436 0.000335886 0.00341561 -0.000481436 -0.00316277 -0.00305028 -0.00012253 -0.000860626 -0.00222605 -5.85672e-05 0.00250984 -0.0044239 -0.00078443 -0.00192497 -0.00092594 -0.00201277 -0.0047841 -0.00398373 -0.00120134 -0.00203582 -0.000390017 -0.00224305 0.00135304 -0.00491014 -0.000511144 -0.000415883 -0.00220904 -0.00599281 0.00524997 0.0010035 0.00184925 0.000361798 -0.000957836 0.00165844 -0.00110374 -0.000645633 -0.00243034 0.00242661 0.00233413 
-0.00430242 -0.00619612 -0.00628737 -0.000131197 -0.0076901 0.00389094 -0.00478246 -0.000821657 -0.00650336 -0.0153733 -0.0237225 -0.00662881 -0.0170507 0.0146121 -0.00101218 -0.014887 -0.00669163 0.000565636 -0.00012545 0.00162921 -0.00883488 0.0218257 -0.00905482 -0.00320446 0.217675 0.0103248 0.0230601 0.0155765 -0.0136158 0.00391063 0.0135964 0.0063178 0.0067667 -0.0115244 -0.00572608 -0.00335525 -0.00793149 -0.00141566 -0.0149496 -0.0054658 0.00619999 0.0115879 0.00745121 0.0163982 -0.00174158 -0.00412544 0.00165689 0.00112706 -0.00797521 0.00432191 -0.00236856 -0.000174428 0.0135498 -0.00585826 -0.00250176 0.00787699 -0.00897602 -0.0107425 -0.00093481 -0.00991952 -0.011179 0.00711911 -0.00555556 -0.00267309 0.00855635 -0.0026455 -0.00928777 -0.00561087 0.000539719 -0.00358937 -0.000884776 -0.0123191 0.00731224 -0.00127785 -0.00323256 0.0174115 -0.00580959 -0.00649064 -0.0123856 0.0103704 -0.0161814 -0.00971839 -1.69256e-05 -0.00349782 2.90893e-05 -0.0203033 0.00710816 -0.00707763 -0.00841636 -0.0115289 -0.0112723 -0.00657488 -0.0011826 -0.00324828 -0.028356 0.000731342 -0.00381782 0.00506393 0.000362118 0.00221143 
-0.0105169 0.00399164 -0.0160552 -0.0106351 -0.00895048 -0.0105889 0.0018166 -0.0172531 -0.0147031 -0.00881342 -0.00997704 -0.0147956 -0.0118943 0.0119303 0.00523495 -0.00639974 0.00295442 0.00049559 -0.000759709 -0.0050975 -0.00206499 0.00746727 0.0125149 0.0107084 0.0103248 0.204777 0.00324048 0.00988262 -0.00168315 -0.00118167 -0.00219405 0.00832991 0.008266 -0.00583618 -0.00786969 -0.000329674 -0.000477643 -0.00139322 0.00103239 -0.00282369 -0.0105633 -0.0068839 0.00356029 0.00225666 -0.0147292 0.00495201 -0.00108313 -0.0167135 -0.00225881 0.00494414 -0.00115954 -0.000540572 -0.00919095 -0.00842215 0.00768544 -0.0155275 0.00511565 -0.0053789 -0.0232822 -0.0117896 -0.000958702 0.00756247 -0.0102368 0.0227101 0.00230794 -0.00876826 0.0158703 0.00276895 0.000556038 0.00410761 0.00823484 0.00604934 0.00596953 -0.0015074 -0.00308804 0.00634733 -0.00865915 0.00385988 -0.0079871 -0.00619516 -0.01169 -0.0152177 -0.00633823 -0.000123312 -0.00406208 -0.00251304 -0.0043691 0.00667187 -0.0164337 0.00683401 -0.000689136 -0.00509257 -0.00899703 0.00496405 -0.00858104 -0.0118001 0.000966444 0.00229002 0.00153358 0.0020393 
-0.00307444 -0.0018334 0.0029968 -0.00488373 -0.00231062 -0.00440551 -0.00677101 -0.00403339 0.000960523 -0.0154767 -0.00830361 -0.0089862 -0.0116095 -0.00299431 -0.00061975 -0.00366332 -0.00680677 0.000294773 -0.00746397 -0.0059015 -0.00210317 0.00259873 -0.00507376 0.00470566 0.0230601 0.00324048 0.16789 0.0066203 0.0130135 0.00401136 0.00204682 0.00956302 -0.000823863 -0.00466933 -0.00467534 -0.00459224 -0.0012415 -0.00104328 -0.00775804 -0.00199515 0.0161292 -0.00457755 0.00120876 0.00494758 -0.00418106 0.00298368 -0.0070378 -0.00247333 -0.00221652 -0.0050762 0.00377498 0.000423072 -0.000779716 -0.0106887 -0.000842429 -0.00912381 -0.00375142 -0.00539711 -0.00714859 -0.00447996 -0.00439898 0.00893722 -0.0036915 -0.0119946 0.00847227 -0.000383939 -0.00622083 -0.000759 0.00106308 0.00200328 0.00106494 -0.00208773 -0.000175565 -0.00411662 -0.00291049 0.00651299 0.00217496 -0.00348129 -0.00458523 0.000525656 -0.00575421 0.0112802 0.00412017 -3.0874e-05 -0.000271968 -0.00959703 -0.00701265 -0.00427009 -0.0149697 -0.00667193 0.00552676 -0.00124456 -0.00243625 -0.00183015 -0.00139053 -0.0131767 -0.00229089 -0.000128149 -0.00219799 -0.00318372 
-0.00594864 -0.000992768 -0.00692858 0.000294258 -0.00050178 0.00322479 -0.00224756 -0.00493798 -0.00156685 -0.00434982 -0.00926046 -0.00129452 -0.00638683 0.00424752 -0.00789223 -0.00741375 -0.00376414 -0.00918579 -0.000408913 -6.53902e-05 -0.00396668 0.00446818 -0.00273796 0.00866948 0.0155765 0.00988262 0.0066203 0.131213 0.00762779 0.00103849 0.00398638 -0.00352316 0.0110454 0.00204849 -0.00475072 -0.0061277 -0.00500989 -0.00426323 -0.00118125 0.00174092 0.00329148 -0.0040128 -0.00111256 0.00187408 0.00231788 -0.00704568 -0.00713217 -0.0118803 -0.00260257 0.00195269 0.0011014 0.00324453 -0.011324 -0.00322667 0.00174212 -0.00414722 0.00141945 -0.00867374 0.00136466 -0.00103151 -0.00414366 -0.00142766 -0.00834989 -0.00394402 0.00844353 -0.00190992 -0.00234292 0.00608321 -0.00290626 -0.00210972 -6.38444e-05 0.00274933 0.00290856 -0.000822633 0.00050693 -0.00736627 -0.00499311 -0.00267083 0.000214673 -0.00940658 0.00350165 0.00451592 -0.00302924 3.31441e-05 0.00468233 -0.00618446 -0.00724969 0.00270093 -0.0121547 0.000400028 -0.00296079 -0.0020342 -0.00254716 -0.00442462 -0.00247729 -0.00605301 -0.00426206 0.00690903 -0.000285221 -0.000625733 
-0.00514328 -0.00533736 -0.0041344 -0.00149622 -0.00323751 0.00395653 -0.00744148 -0.00911415 0.00335546 -0.0090562 0.0068345 -0.00530897 -0.00495049 -0.010376 0.00781027 0.00203418 -0.00280267 -0.00327717 0.00108898 -0.000775946 0.00575995 -0.00696744 0.00047439 -0.00224037 -0.0136158 -0.00168315 0.0130135 0.00762779 0.142462 -0.000499235 0.0148329 0.00577878 0.0113261 -0.000384328 -0.0011981 0.00528437 -0.00565532 -0.00905657 0.000865005 0.0030316 -0.0069935 0.00397542 -0.00310053 -0.00323103 0.00235345 -0.00593487 -0.00322692 -0.00945201 -0.00480016 0.00798898 -0.00418714 0.00264369 -0.0132028 -0.00533853 0.00514631 -0.015881 0.000579067 -0.0087062 0.00310142 3.62297e-05 0.000425074 0.00454263 -0.00671022 -0.00726511 0.00308598 -0.00464581 -0.0091377 -0.000329231 -0.000263478 0.0010342 -0.00459571 0.00201243 0.0108688 -0.00540607 -0.00403583 -0.00573906 0.00213398 -0.0023365 -0.00136419 -0.0153014 0.00958099 0.00926994 0.000211682 -0.00288813 0.00563235 0.00131844 -0.0113408 0.00556625 -0.0130747 -0.00463756 0.00203308 -0.000478794 -0.00520325 -0.00545835 0.0103325 -0.00154487 -0.00158444 -0.00664492 -0.00636339 -0.0052527 
-0.00130666 -0.000781517 -0.00130374 0.000396152 0.000732558 -0.000115461 -0.00261493 -0.00603265 0.000761221 -0.00225682 -0.000204041 0.00187853 -0.00364789 0.00346425 3.10765e-06 -0.00116341 -0.00116898 0.000145538 0.00392094 -0.00323052 0.00136553 -0.00188482 0.000211785 -8.9296e-06 0.00391063 -0.00118167 0.00401136 0.00103849 -0.000499235 0.0492794 0.00220886 0.00133699 -0.000569469 -0.000287286 0.000264719 -0.00256475 -0.000400326 -0.00167935 -0.00132795 0.000233506 -0.00119263 -0.00135192 0.000718281 0.00460129 -0.00267735 -0.00118799 -0.000316632 -0.00107681 7.6649e-05 0.00027594 -0.000677565 0.00321507 -0.00624569 -0.000821202 -0.00268343 -0.00400508 0.000702623 -0.00495893 -0.00257707 -0.00152583 -0.000339424 -0.000859871 -0.00102298 0.00389541 -0.00183813 -0.0014123 -0.000184016 -0.00108803 0.000950297 0.000862939 -0.00221791 -0.00266721 -0.00122147 0.000771503 -0.000481265 0.00118919 0.00336236 -0.00147651 0.00028331 -0.00447652 -0.00220722 0.00124016 -0.00051977 0.00106621 -0.000449351 -0.0017306 -0.00208805 -0.00251163 -0.00260191 -0.0017016 -0.00242175 -4.16236e-05 -0.000281655 0.00377465 -0.00335065 -0.00275615 0.00150428 0.00090304 -0.000790091 0.00370943 
0.000286786 -0.00415775 -0.00231114 -0.00299254 -0.00622232 -0.00320093 -0.0117264 -0.00522885 -0.00366083 -0.00986769 -0.00846125 -0.0046108 -0.00557167 -0.00147307 0.00418261 -0.00265449 0.00180571 0.000787231 -0.000881725 7.03257e-05 -0.00604408 -0.00124227 -0.00223243 -0.00376822 0.0135964 -0.00219405 0.00204682 0.00398638 0.0148329 0.00220886 0.14327 0.011826 0.00269674 -0.000150319 0.00127717 0.00274244 -0.00588841 -0.00766841 -0.00093355 -0.00322332 -0.000329827 0.00512777 -0.00330326 -0.0069981 -0.000957172 -0.00413239 -0.00702744 -0.014996 -0.00564137 0.00453157 -0.00594086 -0.00393822 -0.00535247 -0.00786596 0.000770717 0.0029744 0.00663848 -0.00822003 -0.00574881 0.00099762 -0.0010965 0.00263786 0.000212398 -0.0034702 -0.00127754 -0.00125082 -0.000198114 -0.00166626 0.00254244 -0.00484236 -0.000481049 0.000292663 0.00431339 0.000604171 -6.34788e-05 0.00394734 -0.00232314 0.00573902 -0.000745262 0.000972411 -0.00663098 -0.00722759 0.00215844 -0.00266096 -0.00534671 -0.00375077 0.00731454 -0.0039212 0.00101595 0.000699538 -0.00223341 -0.00324124 0.00109495 -0.00118739 -0.00529259 -0.00335869 -0.00231563 -0.00248443 -0.0040768 -0.00224081 
-0.00423013 -0.00185811 -0.00103212 -0.0039201 -0.00416051 -0.00376932 -0.00158491 -0.0129369 0.00203302 0.00100945 0.00893197 -0.00423271 -0.012 0.000328393 -0.00319229 -0.0039172 -0.00022138 -0.00252638 0.00276371 -0.00379374 -0.0107799 -0.00487257 0.00331944 -0.000221479 0.0063178 0.00832991 0.00956302 -0.00352316 0.00577878 0.00133699 0.011826 0.135135 0.0109487 0.00698575 0.00559953 0.00213978 -0.00232434 -0.00301419 -0.00460216 -0.000344753 0.00652293 -0.00205031 0.0025438 -0.000769102 -0.00515366 0.00133287 0.00327075 8.71333e-06 -0.00558667 -0.00203062 -0.000141636 -0.00374292 -0.0142316 -0.00841197 -0.00285101 -0.0116059 0.00377712 -0.0114411 5.72386e-05 -0.00445276 -0.00396999 0.00843946 0.00262138 -0.00608576 0.00316155 -0.00400076 -0.00303002 -0.00173586 0.00266835 0.00489355 -0.00230114 -0.00145489 -0.00150591 -0.00117039 -0.00457547 -0.00269621 -0.000469832 -0.0048541 -0.00423053 -0.00896999 -0.00732921 -0.00386589 -0.00634167 -0.0016146 -0.00281611 0.00346521 -0.00604119 0.000732986 -0.00683271 0.000328967 -0.00280202 -0.00106875 -0.00426518 -0.00252076 0.00154687 0.00194311 0.00331635 -0.00340684 -0.00260369 -0.00489112 
-0.00244131 0.00282055 -0.0033907 0.00273641 -0.00241279 -0.00355302 0.000826294 -0.00136368 0.00414905 -0.00679866 -0.00688169 -0.0133917 7.40894e-05 -0.000369846 0.00105824 -0.00994432 0.00134789 -0.00435002 -0.00472014 -0.00863834 -0.00397357 -0.00097803 -0.000931314 0.00314952 0.0067667 0.008266 -0.000823863 0.0110454 0.0113261 -0.000569469 0.00269674 0.0109487 0.171374 0.0100061 -0.00608043 -0.0130175 0.00174238 -0.000314136 -0.00620733 0.000964182 -0.00692214 -0.0119487 -0.0096064 -0.00560239 -0.00498704 0.00135736 -0.00675458 -0.00940756 -9.41782e-05 0.00499847 -7.59974e-05 -0.00159772 -0.00881527 0.0109786 0.00264352 -0.0187444 -0.00211548 -0.00352921 -0.00818274 -0.00114813 -0.0037346 -0.00571944 -0.00471364 -0.00409896 -0.00941462 0.000500699 0.00692357 -0.00375247 0.00250655 0.000582081 0.00203226 0.00605391 -0.00396155 0.0033845 -0.00196839 -0.00776277 -0.00166004 0.00132056 -0.000838431 -0.00859433 -0.00759747 -0.00487666 -0.00441125 -0.00171837 -0.00325772 0.00721725 -0.00228639 -0.000970616 -0.00601978 0.0052448 -0.00720239 -0.00409667 -0.00938856 0.00420606 -0.0049003 0.00800515 -0.000298049 -0.00276717 -0.00548152 0.00292186 
-0.00195197 0.0026538 0.00220651 -0.000853491 -0.00197471 -0.00355212 -0.00358192 0.00280572 -0.00298802 0.00471686 0.0016774 -0.00820005 0.0123979 -0.00255347 -0.00573631 -0.00699623 -0.000667239 -0.00243486 0.000965601 -0.00394212 0.00424274 -0.00574175 -0.00203719 -0.00086021 -0.0115244 -0.00583618 -0.00466933 0.00204849 -0.000384328 -0.000287286 -0.000150319 0.00698575 0.0100061 0.101774 0.000845548 -0.00238095 -0.00364819 0.00238483 0.00392328 0.00539248 -0.00247091 -0.00337375 -0.00479959 -0.00877574 -0.00111117 -0.00406764 -0.00456691 -0.0012179 0.00622693 -0.00550041 -0.00253035 -0.00677324 -0.0160181 0.00667092 -0.00274623 -0.0113029 0.000545147 0.00240864 -0.00509532 -0.000362933 -0.00311723 0.0045644 -0.00255726 0.0025338 -0.00537203 0.00607115 0.000163263 0.00128262 -0.00032602 -0.00636649 -0.00256601 -0.0024789 -0.00423557 0.0144332 -0.00102589 -0.00766286 -0.00458807 0.00504163 0.00131382 -0.009998 -0.000794491 0.000211028 -0.0013336 -0.000381133 -0.00541382 0.00592651 -0.000414129 -0.000427738 0.000261668 0.00440754 -0.00170053 0.000570808 -0.00352044 0.00114363 0.00639236 0.00664752 -0.000567246 -0.0081466 -0.000285921 -0.00489758 
