0.137428 0.00767919 0.0065152 -0.00343719 0.0161205 0.0035931 0.000870176 0.00594483 0.00587751 -0.000834331 0.00268077 -0.00548991 0.0120679 -0.00727254 0.00416573 -0.00684026 -0.00572406 -0.0022079 -0.00839832 -0.0113828 0.00375548 -0.00221347 -0.0051116 -0.00371588 -0.001525 0.00273912 -0.00526417 0.00132609 -0.00571599 0.00943478 0.00336404 -0.00559449 -0.00252445 0.00121932 0.00104632 0.00695731 0.000697246 0.00366996 -0.0147275 -0.010178 -0.00312576 -0.0085158 -0.00495864 0.000413198 -0.00422057 -0.00609701 -0.0020392 -0.0021679 0.00264294 0.000402573 -0.000929686 0.00398616 0.00209599 -0.00973677 -0.000706009 0.000467755 -0.00202596 -0.00590496 0.00402598 0.00161345 -0.00561334 -0.00924755 -0.00915751 -0.00843975 -0.00552569 0.00113862 -0.00371154 -0.00229822 -0.00860901 -0.0063533 -0.00167993 0.0047162 -0.000585698 0.00328328 -0.0092415 -0.00384174 -0.0072606 -0.000875735 -0.00305714 -0.00177767 -0.00573322 -0.00129842 -0.000450818 0.0100948 -0.00338672 -0.00265365 -0.00408146 -0.000173062 0.000783109 0.000907697 0.00134803 -0.000825809 -0.000245184 -0.000207081 0.00709385 -0.0160341 -0.00181157 -0.00355449 0.00590426 -0.00175286 
0.00767919 0.115173 0.00420907 0.00567207 0.000598667 0.0060191 -0.0028014 0.00828799 0.00406232 0.00315717 -0.00663383 -0.005264 0.00559831 -0.00400729 -0.00330453 -0.00606895 -0.0038369 -0.00666083 -0.00245561 -0.00395606 -0.000948145 -0.00322146 -0.000874221 -6.8994e-05 -0.000399821 0.00353247 -0.0085074 -0.00478647 -0.00161189 -0.00312466 -0.00559822 -0.00257182 -0.00534826 0.000830175 -0.00181411 -0.00094794 0.00146972 0.00840228 -0.00538314 -0.00512564 0.00931077 -0.000448962 -0.00414324 0.0100858 0.00694274 -0.00121307 6.94277e-05 -0.00836589 0.00204662 -0.00112215 0.00281689 0.000139684 0.00188524 -0.013315 -0.00298743 0.000438499 0.00278016 -0.00550325 -0.0208187 0.00416869 -0.0050782 -0.00050705 -0.00299978 -0.00853764 -0.0055211 -0.000715157 0.000801922 -0.00309416 0.000503315 -0.00375364 -0.00481317 0.00263867 -0.00578272 0.000124622 0.0014267 0.00783971 -0.0034712 0.00334711 0.000605506 0.00125174 -0.00518621 0.00796759 -0.00428115 0.0014511 -0.000938969 -0.00498344 -0.000947626 -0.00493343 6.03422e-06 -0.00344785 0.00668765 -0.00429473 -0.000687656 -0.00703375 0.001367 -0.0059577 -0.00973557 0.000999162 -4.58141e-06 -0.0024478 
0.0065152 0.00420907 0.0982005 0.00728365 0.00427574 -0.000474745 0.0004284 0.00214228 0.00162045 0.000159199 -0.00183432 -0.00713871 -0.00140154 -0.0035078 0.00414444 -0.0028942 -0.00163213 -0.00583779 -0.00243531 -0.000802057 0.00104663 0.000519016 0.00347587 -0.000419534 -0.00412379 -0.00178452 -0.00333364 -0.000592611 -0.00155028 0.0102139 -0.00194611 0.000951795 -0.00608399 0.00723611 0.0043552 -0.00379252 -0.00432532 -0.00431021 0.00221249 -0.00405054 -0.0014276 0.00245097 -0.0163012 -0.00291391 -0.000416207 -0.00513113 -0.000232405 0.0012608 0.00395623 0.00152884 -0.000704709 0.000614036 -0.0011382 -0.00570388 -0.00031985 0.00272926 -0.000478295 -0.00623899 -0.018679 -0.00134674 -0.000191244 -0.00163162 -0.00459877 0.00532513 -0.00338771 -0.000474774 0.000208191 -0.00848595 0.00344934 -0.000623 -0.00251889 0.00119443 0.00396852 -0.000858674 -0.00302212 -0.000383439 0.000485423 0.00484225 0.00436357 0.00657118 -0.00305186 0.00103392 -0.00498546 -0.00509547 -0.00215326 -0.0028403 -0.00173266 -0.00157649 0.0013179 -0.00245277 -0.00280006 -0.000799545 -0.00126642 -0.000701785 -0.00322196 -0.0105098 -0.00597573 -0.00274612 0.00164462 -0.00254483 
-0.00343719 0.00567207 0.00728365 0.113151 0.00199388 -0.010364 0.0029898 0.00666957 0.00345387 -0.00441799 -0.00270414 -0.00478118 -0.00773471 -0.00144991 0.00368678 -0.00930116 -0.00491638 -0.00129565 -0.00409519 0.00250194 -0.00191211 0.00263028 -0.00237009 -0.0125195 -0.000563482 -0.00260389 -0.00597379 0.00380328 0.00224405 0.0055802 0.000571421 -0.00384236 0.000380601 0.00374148 0.00139259 -0.00313048 -0.00252952 0.00177957 0.00949731 0.000247955 -0.003302 0.00092137 -0.00609529 -0.00245605 -0.00400292 0.00525526 0.00545706 -0.00661405 0.00332462 -0.00259584 0.00544619 -0.00183392 -0.00296768 0.013071 -0.00115879 0.00234288 0.00745666 -0.000717598 -0.00706659 0.000366145 -0.00807314 -0.00267896 -0.0104394 -0.00392504 -0.000228943 -0.0102363 -0.0036796 0.000963694 -0.00181151 -0.00642337 0.000507403 -0.00117963 -0.00395431 -0.00012772 0.00637491 0.00509214 -0.00235856 -0.0022889 0.000247279 -0.000541175 0.000246008 -0.00766727 -0.00189663 0.0051673 -0.00068851 -0.00746642 -0.00257768 -0.00491925 0.0031835 -0.00173561 0.000470466 -0.00555294 0.00172098 -0.00946719 -0.00440631 -0.0157954 -0.00122621 0.00541756 -0.00661162 0.00440764 
0.0161205 0.000598667 0.00427574 0.00199388 0.129842 0.00574446 -0.000558569 0.00841528 0.00419515 0.0080984 0.00254709 -0.00459048 0.000778284 -0.00851647 0.00590531 -0.00362982 -0.00270891 -0.00330361 -0.00222041 -0.00970264 0.000107665 -0.00136231 0.00259257 0.00411972 0.000114725 -0.00182374 -0.00216826 0.00298405 -0.00547985 0.000253005 -0.00362102 -0.000952201 0.00120596 -0.00354001 0.00230965 0.00156163 -0.000390804 -0.00412758 0.00130937 0.00537674 -0.00796546 0.00477824 -0.0176522 -0.0019556 -0.00435574 0.00278035 -0.000320046 -0.00587553 0.000538593 0.0018269 0.00234579 -0.000176966 -0.00369902 -0.0104024 0.00209072 -0.000171447 -0.00482589 -0.00910346 0.00502838 0.00231778 -0.00201627 -0.00404574 -0.0100792 -0.0022961 -0.00379186 0.0103644 -0.00522909 -0.00061934 -0.0066853 0.00245667 -0.000640425 -0.00497195 -0.00666219 -0.00315311 -0.0099283 -0.00445581 -0.00827514 -7.33296e-05 -0.00242709 -0.00421685 -0.00774915 0.00346923 -0.00223986 0.00162272 0.000317059 -0.00401224 -0.00363951 -0.0103997 -0.000180667 6.32248e-05 0.00623107 0.00124557 -0.00113472 -0.00450595 0.000911782 -0.00671366 -0.00181758 -0.00281579 -0.00535485 -0.00350695 
0.0035931 0.0060191 -0.000474745 -0.010364 0.00574446 0.181551 -0.00335445 -0.00601281 0.00690688 0.0147654 0.0152391 0.0088004 0.0211864 -0.00921342 0.000400535 0.00235488 -0.00255386 -0.0102922 -0.00905279 -0.0150285 0.000955551 5.80444e-05 -0.011327 0.00773204 -0.00286552 -0.00882522 -0.00594529 0.00580595 -0.00850988 -0.00238641 0.00213313 -0.00905567 0.0101884 0.00125586 -0.000193092 -0.00402476 0.00755509 -0.00100487 -0.00648051 -0.0166413 -0.000895552 -0.0056612 0.00711256 -0.00901542 0.00172429 -0.0129384 -0.000203448 -0.0115428 -0.00795708 -0.00179001 -0.00416404 -0.00530657 0.00409703 -0.0117828 -0.0045447 -0.00142833 -0.00820429 -0.0014927 0.0127534 -0.00272964 0.00158916 -0.0122336 -0.00593209 -0.0118219 -0.0120074 0.00695782 -0.000942553 -0.00216882 -0.00923252 -0.00416446 -0.00630614 -0.0058541 -0.00513967 0.00326729 0.00298132 -0.00345725 -0.00240782 -0.00288328 -0.00105929 -0.00163513 -0.00537366 -5.21148e-05 0.00109896 0.0147938 -0.00570268 -0.00673719 0.00537281 -0.0198106 -0.00239389 -0.000548813 -0.00219587 -0.00230211 0.00115471 0.00470626 0.0016053 -0.00754202 -0.00579364 0.0120313 0.00315945 -0.00768901 
0.000870176 -0.0028014 0.0004284 0.0029898 -0.000558569 -0.00335445 0.12552 -0.0013699 -0.0049839 -0.00292175 0.00643115 0.00421852 -0.00835624 -0.00485793 -0.00409509 0.00091452 0.00243393 0.0080345 -0.0042061 -0.00453529 -0.00255083 -0.00447084 0.00688808 -0.000663 -0.00489496 -0.00358548 -0.0100774 -0.00317765 -0.00597457 -0.00501429 -0.0023149 -0.00331365 0.000907838 -0.00398755 0.000748671 0.00637421 -0.00362175 -0.00284148 -0.000465063 -0.00263161 -0.0109344 -0.00115068 -0.0174163 -0.00255962 -0.00674108 -0.00929025 -0.00388076 -0.00632539 -0.0054496 -0.00288816 -0.00397883 -0.000389476 0.00434939 0.00297997 -0.00127852 0.00326098 -0.000994453 0.0119632 -0.00279354 -0.00476515 0.00543189 0.00364845 -0.000444999 0.00135799 0.00703331 -0.00391659 -0.000135458 -0.00582866 0.000642732 0.0016612 -0.00526828 0.0021857 0.00114607 -0.00369986 -0.00225424 -0.00385103 0.00177191 -0.00323799 0.00122572 0.0110234 -0.00439079 -0.00236206 0.000920087 -0.0012086 -0.00328732 0.00138536 0.00585967 0.000393797 0.000924512 -0.000807542 0.00318158 0.000856349 -9.08989e-06 -0.000565735 0.00339338 -0.00919865 0.00465258 -0.00717177 -0.00762857 -0.000279909 
0.00594483 0.00828799 0.00214228 0.00666957 0.00841528 -0.00601281 -0.0013699 0.142239 -0.00233814 0.0122932 0.00133318 -0.0109318 0.0149459 -0.00340404 -0.00779174 -0.00361096 -0.0045243 -0.00318444 -0.00293347 -0.00616603 -0.00229786 -0.00198862 -0.00526021 -0.0049652 -0.000887243 -0.00381846 -0.00051101 -0.00120278 -0.00114519 -0.00368315 0.00398489 -0.00053745 0.000508441 -0.0077054 -0.00134982 -0.010701 0.00141926 0.00910057 -0.00711923 0.00207447 0.00734647 -0.00546018 0.00102506 0.00466111 -0.00122009 0.00158977 0.00523281 -0.00496441 0.00259635 -8.99281e-06 -0.0021749 -0.00274265 -0.00260344 -0.0107154 -0.00269584 -0.00192111 0.00276504 -0.00840963 -0.00581713 0.00166551 0.00263635 -0.0106001 -0.0050664 0.00125752 0.000993244 0.00393934 -0.000752107 -0.00153748 -0.00371938 -0.00560707 -0.00710447 0.00946179 -0.00661356 -0.0062712 0.00318459 -0.0015327 -0.00789562 -0.00146994 -0.00152187 -2.14634e-05 0.000235826 0.00492301 -0.000646054 0.00202819 -0.000117858 -0.00774135 -0.00268365 -0.00713405 0.00182506 -0.00661835 -0.00267121 -0.00517334 -0.00241709 -0.0140812 -0.00355458 -0.00771063 -0.00427327 0.00381113 -0.00252731 0.000700641 
0.00587751 0.00406232 0.00162045 0.00345387 0.00419515 0.00690688 -0.0049839 -0.00233814 0.109199 -0.00421275 -0.00129789 0.00914315 0.000105071 -0.00347683 -0.000219671 -0.0033329 0.00126477 -0.00439775 0.00265266 -0.00567462 -6.77327e-05 -0.00192088 0.000692572 -0.00740802 -0.00238819 0.000267012 -0.00263252 -0.001566 0.00689982 0.00105017 0.00269163 -0.00182517 0.00515836 0.000624468 0.00142144 -0.00587995 6.81783e-05 0.00165287 -0.00226608 -0.00585354 -0.000695272 -0.00464898 0.00891773 -0.00441386 0.0016933 0.00202995 0.00718725 -5.08762e-05 -0.000879602 0.00350701 -0.00296515 0.00486076 0.000398115 -0.00456125 0.00251178 0.00247619 -0.00462533 0.00231403 -0.00475556 0.00416187 -0.00387828 0.00129922 -0.000624626 -0.00589702 -0.00117797 -0.00910617 -0.00448508 -0.00483574 -0.000929045 -0.0087554 0.000284174 -0.0080256 -0.00515464 -0.0014047 -0.00345297 -0.000715554 -0.00593099 -0.0029484 -0.00327926 -0.00505753 -0.00284951 -0.00703544 -0.000549859 -0.00382907 -0.00109514 0.00190503 -0.00197358 -0.000163155 -0.000410266 0.00326005 -0.00214552 0.000774508 -0.00316935 -0.00052773 -0.00424917 -0.00953263 -0.00230932 0.000747753 -0.00858599 -0.00391273 
-0.000834331 0.00315717 0.000159199 -0.00441799 0.0080984 0.0147654 -0.00292175 0.0122932 -0.00421275 0.135773 0.00814508 -0.00464394 0.00918928 -0.00380334 -0.00332282 -0.0104775 -0.000314888 -0.00261881 -0.0040266 -0.00753947 -0.00188914 -0.0021824 -0.0063234 0.00143307 0.00019163 -0.000358582 0.00468845 -0.00055363 -0.00628974 -0.00217112 -1.25921e-05 0.000197644 -0.00132379 -0.0037908 -0.00176741 -0.0119427 -0.00336044 0.000376893 -0.017403 -0.00162071 0.00463118 -0.000935126 -0.00335727 -0.000823854 -0.00178037 -0.0049313 -0.00442778 0.000219788 -0.00712679 0.0015783 -0.00665089 -0.000815404 -0.00247565 -0.00945696 -0.0031505 -0.00244788 -0.00675879 -0.012476 -0.00434205 0.00293736 0.00095695 -0.00202771 -0.0101783 -0.00938077 0.00246163 0.00767615 -0.00394588 0.00830353 -0.00229227 0.000678465 -0.00937954 -0.0052733 0.00121923 0.00704674 0.00851288 -0.00403747 0.000776567 0.00680393 0.0018827 -0.00545694 -0.00343939 0.00171418 -0.00436899 0.00500269 -0.00124002 -0.00472849 -0.00170014 -0.0151223 -0.00021103 0.00169033 0.00703227 -0.00279193 0.000748219 -0.012529 0.00405619 0.0121596 -0.0113495 -0.00155935 0.0065584 -2.28735e-05 
0.00268077 -0.00663383 -0.00183432 -0.00270414 0.00254709 0.0152391 0.00643115 0.00133318 -0.00129789 0.00814508 0.10509 0.001772 0.00292853 -0.00180688 0.00145353 -0.00447313 -0.00171913 0.000998859 -0.00563868 -0.00316343 0.00188789 0.00062452 -0.00231354 -0.0125888 -0.00325273 -0.00199192 -0.00412933 -0.00143023 0.000868884 -0.00249788 -0.00569282 -0.000487305 0.00220943 -0.00355293 3.87129e-05 -0.00915131 4.1672e-05 -0.00676132 -0.00320927 -0.00116862 -0.00525299 -0.00311139 0.00328711 -0.00474914 -0.00526109 -0.00734488 -0.00177327 -0.000678711 -0.00338131 -0.00113434 -0.000809983 -0.00206931 -0.00228952 -0.00424099 0.00418142 1.73406e-05 -0.00348827 6.38451e-05 0.00385391 -0.00297472 0.00383238 -0.000514051 -0.00291162 0.00407873 -0.00270653 0.00304555 0.00476242 -0.000112982 -0.00471346 -0.00229977 -0.00292556 0.00307599 -0.000765992 -0.00234234 -0.00662439 -0.00465524 0.00276524 -0.0037469 0.00128182 -0.00317516 -0.000957743 -0.00269779 0.0025395 -0.00335727 -0.00283855 0.00174411 0.000973353 -0.000492446 -0.000127462 -0.000213028 -0.00327819 -0.00376141 0.00154078 -0.00283646 0.00356687 -0.00963158 0.00534734 -0.00634902 0.00386779 0.00197809 
-0.00548991 -0.005264 -0.00713871 -0.00478118 -0.00459048 0.0088004 0.00421852 -0.0109318 0.00914315 -0.00464394 0.001772 0.161254 0.00466147 0.00352464 0.00920808 0.0131323 0.00263277 0.00255992 -0.00325536 0.00625029 0.00111924 -0.000837682 -0.00206328 -0.00235602 -0.00714332 -0.00709737 0.00383526 -0.0107203 -0.00495679 -0.0124065 -0.00087698 -0.00678238 0.0072719 -0.00588273 0.00148023 -0.00649626 -0.00307234 -0.0114068 -0.000857234 -0.00384014 -0.00687612 0.00508329 -0.00985762 -0.0106162 -0.00662804 -0.000911193 -0.00639911 -0.00253511 -0.0017925 0.000510048 0.00595125 0.000706418 -0.00039281 -0.0113151 0.00327747 0.00129766 -0.0058447 0.0165558 -0.01502 0.00456745 -0.00489293 0.00707402 -0.00453051 -0.00902253 -0.00186373 0.00604915 -0.00503088 -0.00376354 0.00509838 -0.00521905 -0.000841105 -0.00752831 0.000912155 0.000293722 -0.00372953 0.00283069 -0.00147283 -0.00440273 0.000109322 -0.00905211 0.00807342 -0.00791392 -0.00445977 0.00298827 -0.00404341 -0.00240781 0.00290462 0.00448611 -0.0016595 -0.00339556 -0.00326771 -0.000943943 -0.00386099 0.0066611 -0.00484122 -0.00107231 0.00873372 -0.00904416 -0.00835657 -0.00733189 
0.0120679 0.00559831 -0.00140154 -0.00773471 0.000778284 0.0211864 -0.00835624 0.0149459 0.000105071 0.00918928 0.00292853 0.00466147 0.159552 0.000982838 0.0104676 -0.00644867 -0.00604446 -0.00369583 -0.00186135 -0.00686083 0.00177557 -0.000462429 -0.00874331 -0.0051223 0.00162305 -0.00273417 -0.00873896 0.005862 -0.0106638 -0.0119838 -0.00427002 -0.00417066 -0.00290331 -0.000717192 0.000783764 -0.00153056 -9.49937e-05 0.0112433 -0.0168181 -0.0102276 0.000999613 0.00791291 0.00676709 -0.000123038 0.00398053 0.00222786 -0.00863656 0.00212898 -0.00253089 0.0037766 -0.00550017 -0.00676895 0.000590457 -0.0116364 0.00116197 0.0010816 -0.00415674 -0.00932335 0.0129526 0.00292891 0.000632346 -0.00653199 -0.0147559 -0.0039028 -0.00524005 0.0127617 -0.0104381 -0.0119804 -0.00754157 -0.00843749 -0.00973351 0.000770643 -0.00659524 -0.00596223 -0.00271223 -0.00454932 -0.005844 -0.00491554 -0.00163156 -0.00693705 -0.00554441 0.00654721 -0.00123552 0.00397373 0.00336337 -0.00787586 0.002254 0.00260905 0.0013465 -0.00749531 -0.000359049 -0.00229966 -0.000805888 -0.00116691 0.00567404 -0.015812 -0.0118974 0.00105985 0.00445977 -0.00325121 
-0.00727254 -0.00400729 -0.0035078 -0.00144991 -0.00851647 -0.00921342 -0.00485793 -0.00340404 -0.00347683 -0.00380334 -0.00180688 0.00352464 0.000982838 0.103616 0.00572909 0.00014757 0.00355109 0.00451911 0.00249433 0.0156731 0.000169093 0.0029235 0.00533936 0.00325791 0.00335746 0.00317958 -0.0075796 -0.00272486 0.000919084 -0.00737497 -0.00582145 -0.00491594 0.00716139 0.00262099 0.000204371 -0.00381151 -0.00270001 -0.00120648 0.00215979 -0.000696102 -0.000591649 0.00465335 -0.000574083 -0.00441769 -0.0041548 -0.00079955 -0.00600192 -0.00416633 -0.00250785 0.00214363 -0.000792955 -0.00161591 -0.00296083 -0.00104933 -0.00203586 0.00437321 -0.00309676 -0.00151039 -0.00902187 -0.00321159 -0.00608468 -0.00306348 0.00551471 -2.71408e-06 -0.00024062 -0.00435492 -0.00265455 -0.00351221 0.00456656 -0.00360628 -0.000413374 -0.00209454 -0.00491152 9.98066e-05 -0.0065111 0.00100316 0.00256042 0.000422737 -0.00412222 -0.00345257 0.0030508 -0.0057826 -0.00488904 -0.00712733 -0.00206628 0.00205033 -0.00256763 0.0037959 -0.000787778 -0.00635073 0.00164992 -0.000931771 -0.00210224 0.00191278 -0.00253562 -0.00758754 0.00891739 0.00131515 0.00308571 0.00176461 
0.00416573 -0.00330453 0.00414444 0.00368678 0.00590531 0.000400535 -0.00409509 -0.00779174 -0.000219671 -0.00332282 0.00145353 0.00920808 0.0104676 0.00572909 0.188429 -0.00594876 0.00323944 -0.00203402 -0.00261925 0.000317663 0.000767077 -0.00200577 -0.000405509 -0.005686 -0.00673791 -0.00398078 -0.0100383 0.00446237 -0.00293228 -0.00692004 0.000100811 -0.00390601 -0.0021527 0.00326171 -0.00150096 -0.00936656 -1.65276e-05 0.0127277 0.00974071 -0.000699295 0.00383075 0.00281872 -0.0290834 -0.0103937 -0.00735584 -0.00795784 -0.00778096 -0.00251436 0.000962219 -0.000883822 -0.00237948 0.00247979 0.00291583 -0.00104388 -0.000740598 0.00810011 -0.00739701 -0.00316223 -0.0181653 -0.00136886 -0.0139253 -0.00965768 -0.0143796 -0.0172895 -0.000869385 -0.00352859 -0.00591892 -0.00169207 -0.00546879 -0.0028806 0.00358998 0.00414646 -0.0041881 -0.00213721 -0.00653024 0.00801747 -0.00426065 -0.00627478 0.000442927 0.000919381 -0.000741814 0.0231916 0.000457082 0.00153238 0.000355361 0.000355054 -0.000513639 -0.00292616 -0.000753166 -0.00500657 -0.00942633 -0.00524012 -0.0030471 -0.015031 0.00088025 -0.00142516 0.00905384 -0.00570871 -0.00314237 -0.00438184 
-0.00684026 -0.00606895 -0.0028942 -0.00930116 -0.00362982 0.00235488 0.00091452 -0.00361096 -0.0033329 -0.0104775 -0.00447313 0.0131323 -0.00644867 0.00014757 -0.00594876 0.13233 0.00281357 -0.00570516 0.0161428 0.000670413 0.00238604 -0.000744655 -0.000803192 0.0182061 0.00225543 -0.00403106 0.00650266 -0.00210702 -0.00286062 -0.000721234 -0.00473329 -0.00365033 -0.00145092 -0.00735815 0.000161234 0.00113832 -0.00046054 -0.00919773 0.00360991 0.00271761 -0.00265071 0.00184221 -0.00323981 -0.00957308 -0.0012809 0.00173945 -0.00440902 0.00368993 -0.00113175 0.00395256 -0.0035465 0.00107519 -0.00325333 0.005485 -0.000682004 -0.00311855 -0.00071814 -0.00516696 -0.00683285 -0.00352929 -0.00775125 0.00335602 -0.00269664 -0.00595689 -0.00667604 0.00564081 0.000155673 -0.00730692 -0.00195146 -0.00209127 0.00198876 -0.00644843 -0.00500981 0.0015806 -0.0112597 -0.00200404 -0.00392717 -0.00523867 -0.00242985 0.00113962 0.00325973 0.00170944 -0.00346303 -0.00658844 -0.00132947 -0.00204131 0.000423862 -0.00391482 -0.00197888 -0.00297543 -0.0087802 0.00528907 -0.00386589 0.0214327 -0.00394474 0.00882893 -0.00370653 -0.00494882 -0.00228561 -0.00151785 
-0.00572406 -0.0038369 -0.00163213 -0.00491638 -0.00270891 -0.00255386 0.00243393 -0.0045243 0.00126477 -0.000314888 -0.00171913 0.00263277 -0.00604446 0.00355109 0.00323944 0.00281357 0.0820274 0.00604196 0.00106468 0.00729155 0.00120659 -0.00249252 0.00383915 -0.00420411 -0.00178644 0.00783897 -0.00136064 -0.00329034 -0.00210567 -0.00640954 -0.0041401 -0.00341348 -5.78054e-05 -0.00233912 0.00273074 -0.00447462 -0.00306294 -0.00072957 -0.000278793 0.00554617 -0.00307787 -0.0031282 -0.0054258 -0.00446318 -0.00240174 -0.00424584 4.49259e-06 -0.00196053 0.00127067 0.000555618 -0.00113703 0.000856467 0.002114 0.00321593 -0.00189413 -0.000366406 -0.00222713 0.00510588 -0.00944178 -0.00229755 -0.00583278 0.00221405 0.00445499 -6.20323e-05 0.00146298 -0.00494497 -0.00354805 -0.00178706 0.000131167 -0.002308 -0.00100616 -0.00411172 0.00299602 -0.00326695 -0.00305685 0.00100753 0.000393844 -0.00269058 0.000984224 0.00382552 0.00223802 0.000655758 -0.00367579 -0.00531572 -0.000234039 -0.00237611 0.00433117 0.00197597 0.00128714 -0.000280939 -0.00293882 -0.000770012 -0.00295479 0.00167233 -0.00393656 -0.00022943 0.000965023 -0.00575452 -0.00078711 0.000815308 
-0.0022079 -0.00666083 -0.00583779 -0.00129565 -0.00330361 -0.0102922 0.0080345 -0.00318444 -0.00439775 -0.00261881 0.000998859 0.00255992 -0.00369583 0.00451911 -0.00203402 -0.00570516 0.00604196 0.127661 0.00643053 0.012094 -0.000375029 0.0034251 -0.000793319 -0.016086 -0.000952678 0.00166734 -0.00293244 0.00491012 -0.0032224 -0.00168804 0.000492747 -0.00213978 0.00146271 -0.00142194 0.00428803 -0.00835052 -0.00460915 -0.00636013 -5.03954e-05 -0.00144394 -0.00395073 -0.00546067 -0.00218618 -0.00712638 -0.0100946 -0.00499754 0.00301802 -0.00107167 -0.00285358 -0.00271031 0.0014222 -0.00360137 -0.000419048 -0.00269613 -0.00142637 0.00141006 -0.00745832 0.0100284 -0.011625 0.000792616 0.00353326 -0.00480331 0.00438506 0.000639924 0.0101344 -0.00751132 -0.00391797 0.00335534 -0.000816221 0.00385849 -0.00311248 -0.00017588 0.00151119 -0.00615157 -0.00440204 -0.00570783 0.00203403 -0.00310743 -0.00363949 -0.00397818 0.000784851 -0.00475246 -0.00858322 -0.00980618 -0.00166358 0.000899938 0.00132869 0.0141806 -0.00293492 0.00176071 -0.00183937 -0.00116999 -0.00291818 0.000455592 0.00275421 -0.00330119 0.00689527 -0.00624412 0.00199225 -0.00188598 
-0.00839832 -0.00245561 -0.00243531 -0.00409519 -0.00222041 -0.00905279 -0.0042061 -0.00293347 0.00265266 -0.0040266 -0.00563868 -0.00325536 -0.00186135 0.00249433 -0.00261925 0.0161428 0.00106468 0.00643053 0.132765 0.00168448 -0.000399057 -0.000777592 0.000170353 0.0120716 0.00142471 -0.00203898 0.00459234 -0.00283228 -0.0038745 0.00172624 0.00520727 0.000804125 -0.000544611 -0.0012507 -0.00210231 0.00688774 -0.0014882 -0.00548502 -0.00348688 0.00547361 -0.00571109 0.00636757 -0.00302975 -0.000119163 0.000739344 0.00873918 0.00507113 0.000351564 -0.00686844 0.0023543 -0.00299924 -0.00234531 -0.00478587 -0.000325471 0.00100708 9.0233e-06 0.00266218 -0.00823402 -0.0161504 -0.00648606 -0.00948462 -0.00452363 -0.0113699 -0.00478854 1.8782e-05 -0.0030018 -3.01918e-05 -0.00894789 0.000235139 -0.00281161 0.0020416 9.05042e-05 -0.00787463 -0.00262816 -0.00372027 -0.000694102 0.00113325 -0.00252737 -0.00402774 -0.00368914 -0.00264749 -0.00341047 -0.0044292 -0.00340617 0.00226169 0.00520669 -0.000565563 -0.0058144 -0.0012829 -0.00172432 -0.00504895 0.00204903 -0.00485955 0.00652654 -0.00444787 0.0150592 -0.0132276 0.00391658 -0.00552419 -0.00639146 
-0.0113828 -0.00395606 -0.000802057 0.00250194 -0.00970264 -0.0150285 -0.00453529 -0.00616603 -0.00567462 -0.00753947 -0.00316343 0.00625029 -0.00686083 0.0156731 0.000317663 0.000670413 0.00729155 0.012094 0.00168448 0.161433 -0.00125021 0.000760088 0.00921158 -0.0030829 -0.000249764 0.00284231 -0.0118947 -0.0038205 0.000369018 -0.00705747 -0.0103851 -0.00438825 0.00655107 -0.00148499 0.000564245 -0.0154866 -0.00764132 -0.000822987 -0.00195784 -0.00190211 -0.00781473 -0.00432551 0.00390083 -0.00888657 -0.0045804 -0.000435986 -0.00830712 -0.00335029 -0.00130912 0.000765108 -0.00618493 -0.00120724 -0.000621469 0.0159677 0.00204861 0.00210012 -0.00531008 0.0134695 0.00496945 0.00164993 -0.0082237 0.00967151 0.00381084 -0.00369966 0.00133682 -0.0132648 -0.00959009 -0.00649121 -0.00180464 -0.00558358 0.000151518 -0.00308752 -0.001406 -0.00524472 -0.00255703 0.00546417 0.00548467 0.00126246 -0.00166544 0.000843662 -0.00553346 -0.0138579 -0.00531052 -0.00600386 -0.000682242 -0.00417642 -0.00100835 0.0223569 0.000292968 -0.0061024 -0.00184912 0.00182214 -0.00256387 -0.000419393 -0.0028379 -0.0119916 0.00600054 -0.00531228 0.00200316 -0.00475031 
0.00375548 -0.000948145 0.00104663 -0.00191211 0.000107665 0.000955551 -0.00255083 -0.00229786 -6.77327e-05 -0.00188914 0.00188789 0.00111924 0.00177557 0.000169093 0.000767077 0.00238604 0.00120659 -0.000375029 -0.000399057 -0.00125021 0.0571707 0.000942521 0.000219947 0.00144852 0.00044342 -0.00220428 -0.00188933 4.43919e-05 -0.00308679 -0.00234874 -2.17073e-05 -0.000331809 0.00293042 0.00023886 0.000536336 -0.000940764 -0.00369069 -0.00469019 -0.0023869 -0.00163384 -0.000971835 -0.000150111 -0.00287421 -0.00154172 -0.000488305 0.00145642 -0.00332951 -0.00207658 -0.00151968 0.0014069 0.00206164 -0.000588206 -0.00101277 -0.00212609 -0.000653636 0.000619888 0.00141665 -0.00348687 -0.000623163 0.000479769 0.000778032 -0.00151021 -0.00143925 -0.0022067 -0.00122079 0.00320377 0.000653573 -0.000340056 -0.000116643 -0.00255281 -0.0011228 6.47787e-05 0.0022234 0.00132277 -0.00423577 -0.000406787 -0.001389 -0.000516973 -0.000870395 -0.00246265 -0.00220874 -0.0033547 -0.000950936 0.00280355 -0.00145634 0.000853438 -0.000203244 -0.00480272 0.000219379 -0.00187694 -0.00289625 -0.001676 -0.000807614 -0.000757505 0.0010955 -0.00522893 0.000478991 -0.000407409 0.00219089 0.000894687 
-0.00221347 -0.00322146 0.000519016 0.00263028 -0.00136231 5.80444e-05 -0.00447084 -0.00198862 -0.00192088 -0.0021824 0.00062452 -0.000837682 -0.000462429 0.0029235 -0.00200577 -0.000744655 -0.00249252 0.0034251 -0.000777592 0.000760088 0.000942521 0.0804123 -0.000155003 -0.00653535 0.0029104 0.00308576 0.00352629 0.00609195 -0.00234718 0.000931673 -0.00372509 -0.000808182 -0.00369958 0.000516523 0.000367757 -0.00369062 0.0003822 -0.000238309 0.00246968 -0.00311327 -0.0037853 -0.000648112 0.00922044 -0.00296759 -0.000972864 -0.000435639 -0.000412032 -0.00438793 -0.00246958 -0.00170521 0.00207421 -0.00198598 -0.00237308 -0.000924047 -0.00163393 -0.000212517 -0.00290733 -0.00359192 -0.00018642 0.000256118 -0.000415699 -0.00169709 -0.00113598 -0.00293422 -0.000978417 -0.00345518 -0.00116228 0.00133924 -0.000859969 -0.00579445 0.000986062 -0.000917973 -0.00218309 -0.0021878 0.00177828 -0.00223432 -0.00239403 0.000743837 0.00198686 -0.00373818 0.00289017 -0.00283001 -0.00251627 -0.00370829 -0.00159085 -0.0017518 0.00207012 0.000652599 -0.00145385 -0.00300984 -0.0035506 -0.00102535 -0.00156104 -0.00123079 0.000534345 -0.00376477 0.00133988 -0.0016901 -0.000487092 0.00440224 
-0.0051116 -0.000874221 0.00347587 -0.00237009 0.00259257 -0.011327 0.00688808 -0.00526021 0.000692572 -0.0063234 -0.00231354 -0.00206328 -0.00874331 0.00533936 -0.000405509 -0.000803192 0.00383915 -0.000793319 0.000170353 0.00921158 0.000219947 -0.000155003 0.121639 0.0176154 0.000282604 0.00450856 -0.00559298 -0.00434821 -0.00636105 0.0114376 -0.00180122 0.00285388 0.00131866 -0.00469234 0.000101553 -0.00639286 -0.00521458 -0.00427229 0.000566358 0.00446387 -0.00869105 0.000344385 -0.0174204 -0.0013855 -0.00115399 -0.00740456 -0.00443564 -0.00322487 0.00306442 0.00676794 -0.00215261 0.00294408 -0.00144017 -0.00929169 7.32534e-05 -0.000532289 -0.00889011 0.00540236 -0.013078 0.00122009 -0.00275367 0.0072727 -0.000808481 -0.00128196 0.000475784 -0.00458292 0.00207781 -0.00705936 0.00860179 -0.00128193 0.000445743 -0.00174634 -0.00162137 -0.00884233 -0.00633026 -0.00243476 0.00429196 -0.0016195 -0.00293284 0.00192102 0.00235653 -0.00307299 -0.0036628 -0.00209319 -0.00319856 -0.000482247 -0.00358149 -0.00459404 -0.00133157 -0.00325853 -0.000712103 -0.000795221 0.00106689 0.01154 -0.00194048 -0.0110562 0.00106149 -0.00466085 -0.00386877 -0.00222032 
-0.00371588 -6.8994e-05 -0.000419534 -0.0125195 0.00411972 0.00773204 -0.000663 -0.0049652 -0.00740802 0.00143307 -0.0125888 -0.00235602 -0.0051223 0.00325791 -0.005686 0.0182061 -0.00420411 -0.016086 0.0120716 -0.0030829 0.00144852 -0.00653535 0.0176154 0.204341 0.00606009 -0.00130575 0.000318669 -0.00331266 -0.00634043 0.0141218 -0.00370485 -0.00390752 0.00874404 -0.0127188 -0.00344647 0.0116749 3.16617e-05 -0.012302 -0.00462407 -0.00291564 -0.00284138 -0.00276513 -0.0220376 -0.0160129 -0.000707406 -0.0105255 -0.00632048 -0.0144689 0.00164846 -0.00134523 0.00288967 -0.00659351 -0.00795186 -0.0232124 -0.0102921 -0.00899326 -0.00477002 -0.0160148 -0.0139502 -0.0172557 -0.0091863 0.00781339 0.0147942 -0.014981 -0.00907187 0.0163088 0.00210216 0.00246255 -0.00324103 0.00877586 -0.000990151 -0.0103158 0.000924303 0.00867763 -0.00766632 -0.011808 0.00515248 -0.00269259 0.0102933 0.00296428 0.00966931 0.00136779 -0.00214237 -0.00352876 -0.0054199 0.00134917 -0.0057712 -0.023703 -0.00547904 -0.0040731 0.0068184 0.00208775 0.00569027 0.0132198 -0.00389538 0.0202215 -0.0131407 0.0134846 -0.00137931 -0.00534762 
-0.001525 -0.000399821 -0.00412379 -0.000563482 0.000114725 -0.00286552 -0.00489496 -0.000887243 -0.00238819 0.00019163 -0.00325273 -0.00714332 0.00162305 0.00335746 -0.00673791 0.00225543 -0.00178644 -0.000952678 0.00142471 -0.000249764 0.00044342 0.0029104 0.000282604 0.00606009 0.0688506 0.00293161 0.00484857 0.000167857 0.00478703 -0.000341502 -0.00354253 0.000184243 0.00040256 -0.00137566 -0.00115821 0.00187682 0.00374826 -0.0011395 -0.00349088 0.00267106 0.00143333 6.97297e-05 0.002657 -0.0032637 0.0013219 0.00185805 0.00234801 -0.00224797 -0.00252233 -0.00159149 -0.00181822 -0.00192989 -0.000575743 -0.00508381 -0.00252922 -0.00231844 -0.00179908 -0.00644553 0.000829488 -0.00071464 -0.00286319 0.00134181 -0.000623631 -0.00315835 -0.00322516 -0.00364312 -0.00233075 -0.00187948 -0.00317043 -0.00154981 -0.00196687 0.00058652 -0.00351096 -0.00113648 0.000659786 -0.00299634 0.000305266 -0.000357712 0.000846956 -0.00370872 0.000302882 -0.00117218 -0.0012745 -0.00353368 -0.00106313 -0.00230566 -0.00263877 -0.00738696 5.97891e-05 0.00268414 -0.00148068 0.000596497 0.00114583 0.00530568 -0.0001738 0.00138878 -0.00155851 0.00213023 0.00251678 0.000847446 
0.00273912 0.00353247 -0.00178452 -0.00260389 -0.00182374 -0.00882522 -0.00358548 -0.00381846 0.000267012 -0.000358582 -0.00199192 -0.00709737 -0.00273417 0.00317958 -0.00398078 -0.00403106 0.00783897 0.00166734 -0.00203898 0.00284231 -0.00220428 0.00308576 0.00450856 -0.00130575 0.00293161 0.13751 0.00333028 0.00257694 -0.00440015 -1.10721e-05 -0.0020928 0.000282497 -0.00638494 -0.00621947 0.00305737 -1.18174e-05 -0.00323755 -0.00689852 -3.7599e-05 0.00378626 -0.00386496 -0.00959361 -0.0023568 0.00184344 -0.0016865 -0.0049052 -0.00334011 -0.00155992 0.00141468 -0.00128186 0.00458011 -0.00228509 -0.00150574 0.00785882 -0.00485204 -0.00189266 -0.00427793 -0.00361444 -0.00858251 -0.000496466 -0.006088 0.0178732 0.00309507 -0.00406334 -0.0017992 -0.00846632 -0.00605683 0.000731756 -0.00546602 -0.00627372 -0.00335508 -0.00662282 -0.00135891 -0.00828335 -0.000323884 -0.000577582 -0.00565713 -0.00237325 -0.00325363 -0.00233563 0.00152653 -0.00535709 -0.004855 0.00234042 0.000221043 -0.00971211 -0.00102631 0.0042023 0.00168181 0.0017537 0.00646465 -0.00203824 -0.00215915 0.00498337 -0.000684637 0.00300881 0.00310697 -0.00823171 -0.00838873 -0.00144101 
-0.00526417 -0.0085074 -0.00333364 -0.00597379 -0.00216826 -0.00594529 -0.0100774 -0.00051101 -0.00263252 0.00468845 -0.00412933 0.00383526 -0.00873896 -0.0075796 -0.0100383 0.00650266 -0.00136064 -0.00293244 0.00459234 -0.0118947 -0.00188933 0.00352629 -0.00559298 0.000318669 0.00484857 0.00333028 0.129042 -0.00126013 0.00104614 -0.00662519 0.00106425 0.00213106 -0.00646276 -0.0121006 -0.00245474 -9.10135e-06 -0.00630334 -0.0105969 -0.000790777 -0.00173427 -0.00494437 -0.00742148 0.019797 -0.00527384 0.00360178 0.00528704 0.011697 -0.0062465 -0.00343126 0.00329834 0.000407299 0.000137163 -0.00448275 0.0021533 -0.0023537 -0.00422462 0.00296306 -0.00348897 -0.00539465 -0.00195504 0.00159765 0.00213893 0.00154605 -0.00244781 -0.00444382 -0.00202827 0.0015179 0.00261786 -0.00170202 -0.00354505 -0.00497348 -0.00497875 0.000861107 0.00348312 0.00536934 -0.00544483 -0.00135616 0.00307837 0.00202516 -0.00246697 0.0109836 -0.00175529 -0.00168956 -0.00914132 -0.00398646 -0.00756175 -0.000216132 -0.0122277 0.000207363 0.00837103 -0.00452778 0.00697457 -0.00299025 0.00378713 -0.000951395 0.0113775 -0.00619901 -0.00109632 0.00477498 -0.00312502 
0.00132609 -0.00478647 -0.000592611 0.00380328 0.00298405 0.00580595 -0.00317765 -0.00120278 -0.001566 -0.00055363 -0.00143023 -0.0107203 0.005862 -0.00272486 0.00446237 -0.00210702 -0.00329034 0.00491012 -0.00283228 -0.0038205 4.43919e-05 0.00609195 -0.00434821 -0.00331266 0.000167857 0.00257694 -0.00126013 0.0972278 -0.00418372 0.00728265 0.00438067 0.00103605 0.00122279 0.00112819 0.000827358 0.000731613 0.00116034 0.000381877 0.00161503 -0.0039145 -0.0072109 -0.000384727 -0.00680742 0.000224702 -0.0069757 -0.00224858 0.00243931 0.00290986 0.000675564 -0.00265344 0.0022402 -0.00414074 -0.00103818 0.0029569 -0.0016272 0.0026414 -0.000866984 -0.00709142 0.000591544 0.00105372 0.00189519 -0.00112331 -0.0105208 -0.00394311 -0.00168973 -0.00554791 -0.00463067 -0.0026865 -0.00344466 -0.00164062 0.000211451 -0.00585582 -0.00264903 -0.00134633 -0.00228696 -0.00482312 -0.00221315 -0.00320577 0.000451722 -0.00372302 -0.00465297 -0.00142401 -0.00179571 0.00217003 0.000386201 -0.00172646 -0.000828929 -0.00294448 0.000182103 -0.000949693 0.000522882 -0.00112833 -0.000981342 -0.00102315 -0.000722275 -0.000995998 0.00365927 -0.00177517 -0.000858673 -0.000234534 
-0.00571599 -0.00161189 -0.00155028 0.00224405 -0.00547985 -0.00850988 -0.00597457 -0.00114519 0.00689982 -0.00628974 0.000868884 -0.00495679 -0.0106638 0.000919084 -0.00293228 -0.00286062 -0.00210567 -0.0032224 -0.0038745 0.000369018 -0.00308679 -0.00234718 -0.00636105 -0.00634043 0.00478703 -0.00440015 0.00104614 -0.00418372 0.114559 0.000674723 0.00482364 -0.00232444 -0.00481952 -0.00391174 -0.00376038 -0.0086201 0.00191545 -0.00320811 0.00924188 0.00113034 -0.00459163 -0.00548957 0.0215819 -0.000421813 0.00463609 -0.00822043 0.005066 0.000650872 -0.00111185 0.000129841 -0.00655735 0.00328792 -0.00361263 0.00119515 0.00015261 0.000525798 0.0120095 -0.00167933 -0.00873879 -0.00485397 -0.00559703 -0.00554677 0.00133169 -0.00572944 -0.00263899 -0.0108312 -0.000448672 -0.0034657 0.00150472 -0.000988588 0.00878825 0.00355265 0.00177534 -0.00236048 0.0011142 0.00270129 0.000609147 0.00184362 0.00395444 -0.00474962 0.00343938 -0.00332134 -0.000143528 -0.00607179 0.00236757 0.00407792 -0.00277224 0.0153145 0.000291267 0.000752872 -0.0031887 -0.00122759 -0.000993518 -0.00248027 -0.00524189 -0.00328535 -0.00800152 -0.00265285 -0.00333389 -0.00152868 
0.00943478 -0.00312466 0.0102139 0.0055802 0.000253005 -0.00238641 -0.00501429 -0.00368315 0.00105017 -0.00217112 -0.00249788 -0.0124065 -0.0119838 -0.00737497 -0.00692004 -0.000721234 -0.00640954 -0.00168804 0.00172624 -0.00705747 -0.00234874 0.000931673 0.0114376 0.0141218 -0.000341502 -1.10721e-05 -0.00662519 0.00728265 0.000674723 0.16257 0.0117882 0.00615855 0.006153 0.004522 -0.00252996 -0.000227914 -0.00435608 0.00418259 -0.00509186 -0.00331472 -0.0153657 -0.0118259 -0.00839575 -0.00816106 -0.00785853 -0.0044944 -0.00490386 -0.00895621 0.00767933 -0.00785288 0.000257834 0.000545884 -0.00321667 -0.000846177 -0.00572282 -0.00247431 -0.00314573 -0.00924172 0.00599877 0.000208038 -0.00608424 -0.0115499 0.0192219 -0.00591256 -0.00371289 -0.00753181 -0.00154092 -0.00657675 -0.00560656 -0.00194356 -0.00100768 -0.00353677 0.000121402 -0.00299849 -0.00254213 -0.0122145 -0.000976337 0.00484746 -0.00231317 0.00682338 0.00258134 0.00149044 -0.00721188 0.0083279 -0.000679582 -0.00553946 -0.0050639 -0.00190656 0.000619234 -0.00283487 0.000292116 -0.00407551 0.000779572 -0.000238529 -0.00530171 -0.00907245 -0.000595373 0.000476335 0.00496332 -0.00399933 
0.00336404 -0.00559822 -0.00194611 0.000571421 -0.00362102 0.00213313 -0.0023149 0.00398489 0.00269163 -1.25921e-05 -0.00569282 -0.00087698 -0.00427002 -0.00582145 0.000100811 -0.00473329 -0.0041401 0.000492747 0.00520727 -0.0103851 -2.17073e-05 -0.00372509 -0.00180122 -0.00370485 -0.00354253 -0.0020928 0.00106425 0.00438067 0.00482364 0.0117882 0.13547 -0.00363232 0.00382189 -0.00289032 -0.000690132 0.000495304 -0.0043707 -0.00460391 0.000926487 -0.00471023 -0.00755316 -0.0103443 -0.00394583 -0.00105817 0.00576845 0.00113804 0.0101875 0.01368 0.00320234 -0.00285046 -0.00446645 0.00362344 -0.00285915 0.00361661 -0.00168796 -0.00345412 -0.00692651 -0.00650043 -0.00272543 -0.000492426 -0.0049658 -0.0111735 -0.00195088 -0.00558097 -0.00508243 -0.00305817 -0.0041445 -0.00534064 -0.00454036 -0.00107025 0.000467304 -0.00324104 -0.0019097 0.00216498 -0.0112637 -0.0093619 -0.00751416 -0.00395158 0.00137312 0.000181043 0.0057534 -0.000702093 -0.00499153 0.013028 0.00401998 2.71177e-05 -0.00148845 -0.00133456 -0.000306697 -0.00136392 -0.00515572 -0.00569029 0.000947339 0.00186953 -0.00361054 0.000158406 0.000330999 -0.00256047 -0.00155857 0.000121199 
-0.00559449 -0.00257182 0.000951795 -0.00384236 -0.000952201 -0.00905567 -0.00331365 -0.00053745 -0.00182517 0.000197644 -0.000487305 -0.00678238 -0.00417066 -0.00491594 -0.00390601 -0.00365033 -0.00341348 -0.00213978 0.000804125 -0.00438825 -0.000331809 -0.000808182 0.00285388 -0.00390752 0.000184243 0.000282497 0.00213106 0.00103605 -0.00232444 0.00615855 -0.00363232 0.09043 -0.00260738 -0.000732974 0.00224062 7.02846e-05 0.00282394 -0.00232633 -0.00551859 0.0107065 -0.00573974 0.00487459 -0.00475303 -0.00124713 0.00360915 -0.000418205 -0.00137862 -0.00106404 0.00264243 0.00266195 0.000506905 -0.00148416 3.5155e-05 -0.00829518 -0.000165118 -0.000228757 0.000344195 -0.00193352 0.0026682 -0.000905844 0.00162349 -0.000713738 -0.00812266 0.00543595 0.00386208 0.000613142 -0.00143002 0.00560669 -0.00186493 -0.00317868 -0.00226383 -0.00354607 0.00572928 -0.00103543 -0.00518246 -0.00371814 -0.00200149 -0.00119062 -0.0025174 -0.00284737 -0.0012618 0.00181137 0.00301737 -0.000688432 0.00241605 -0.00210133 -0.000826444 -0.00565803 -0.000466242 0.000561977 0.00254173 0.00118387 -0.00363187 -0.000631363 -0.000960942 0.00323852 0.00374397 -0.00321127 -0.00514355 -0.00405525 
-0.00252445 -0.00534826 -0.00608399 0.000380601 0.00120596 0.0101884 0.000907838 0.000508441 0.00515836 -0.00132379 0.00220943 0.0072719 -0.00290331 0.00716139 -0.0021527 -0.00145092 -5.78054e-05 0.00146271 -0.000544611 0.00655107 0.00293042 -0.00369958 0.00131866 0.00874404 0.00040256 -0.00638494 -0.00646276 0.00122279 -0.00481952 0.006153 0.00382189 -0.00260738 0.128487 -0.000794231 0.000253036 0.00198439 0.0011065 -0.00329967 -0.00715659 0.00385869 -0.00509616 -0.00849427 -0.00374588 -0.00505216 -0.0085925 -0.000289145 -0.00128753 -0.00730506 -0.00486061 0.00208263 -0.0033346 -0.00713889 -0.000676574 -0.00445753 -0.00123424 -0.000577758 -0.0141227 -0.0067763 -0.000124436 -0.00260762 -0.00258137 -0.00471191 0.00189354 -0.0104765 -0.00171079 -0.00217476 -0.00817633 0.0028578 -9.743e-06 0.00257187 -0.00320179 -0.00275282 0.00405181 0.00734584 -0.00238532 -0.00318651 0.00321926 -0.00124537 -0.0039582 -0.00251837 -0.0019962 -0.0105288 -0.0020057 -0.000453561 -0.00113639 -0.00572964 -0.00191235 -0.0033038 -0.000653513 -0.00767716 -0.0025616 -0.00378132 -0.000747519 0.0134873 -0.00402694 -0.00412152 0.0017482 -0.00121676 0.00578205 -0.00399881 
0.00121932 0.000830175 0.00723611 0.00374148 -0.00354001 0.00125586 -0.00398755 -0.0077054 0.000624468 -0.0037908 -0.00355293 -0.00588273 -0.000717192 0.00262099 0.00326171 -0.00735815 -0.00233912 -0.00142194 -0.0012507 -0.00148499 0.00023886 0.000516523 -0.00469234 -0.0127188 -0.00137566 -0.00621947 -0.0121006 0.00112819 -0.00391174 0.004522 -0.00289032 -0.000732974 -0.000794231 0.117424 0.00507343 0.00252937 -0.00326724 -0.000851546 -0.0033891 -0.00995538 0.000591316 -0.00342335 -0.00816345 -0.00734539 -0.00255682 -0.00862366 0.000451232 0.000322999 -0.00749329 -0.00448046 0.00262186 -0.00190462 -0.000758983 -0.00590242 0.000270803 0.00266217 0.00227403 0.000883954 -0.0113719 -0.00185119 -0.000341507 -0.00652915 0.00922423 0.0008399 -0.00420428 0.00880964 0.00252919 -0.0037793 0.00312832 -0.0011875 -0.00266729 -0.00132887 0.00849808 0.00415275 0.011037 -0.00197313 0.00239268 0.000786313 0.00143857 -0.00259465 -0.00879408 -0.00448053 -0.00411455 -0.00572457 0.000321835 -0.000172607 0.000169311 -0.000321656 -0.00175727 -0.00292707 0.00142068 -0.00418617 -0.00124611 0.00434527 0.00198067 -0.00827208 0.00443209 0.00745499 -0.0010148 0.00216069 
