0.101962 -0.000561667 0.0027224 -0.00335038 -0.000804039 0.00501068 -0.00677279 0.00342657 0.00291457 -0.00257601 0.00180505 0.00131885 0.00769431 0.00081885 5.0088e-05 -0.00336548 -0.00416348 0.00862152 0.000217564 -0.000397969 -0.00371825 -0.00709368 0.0007029 0.000797811 -0.000196019 -9.18361e-05 -0.00258613 -5.34348e-05 0.00708926 0.00638052 -0.00722041 -0.00239974 -0.00348743 -0.00204655 -0.00909693 -0.00432508 0.00114951 -0.00276391 0.00335702 4.36435e-05 0.00152841 -0.00763964 -0.000618191 -0.00017103 0.00331425 -0.00179084 -0.00149124 -0.000882236 -0.00269699 -0.00803743 -0.00579328 -0.00252528 -0.00159367 -0.00288103 -0.00441347 -0.00168419 0.00289259 -0.00121672 -0.00418519 -0.00427228 0.00369091 -0.00254464 -0.00317985 -0.00174541 -0.00169471 -0.00228422 -0.00331172 -0.00368673 0.00111446 -0.00927787 -0.00520946 -0.00138643 -0.00303203 -0.00126909 0.00147504 -0.00162879 -0.0087047 -0.00402584 0.00250029 0.000561042 0.00908114 -0.00335926 -0.00681625 -0.00013888 0.00111226 0.00148223 -0.0020993 -0.00169142 -0.00416737 0.000300879 -0.00122567 0.000107501 -0.00530022 5.09374e-05 0.0012111 -0.000110624 -7.35796e-05 0.00799999 0.00133769 0.00108446 
-0.000561667 0.112627 -0.00207406 0.00367278 0.00686516 0.00073687 0.00149783 -0.0142053 -0.00142139 -0.00307692 -0.00103231 -0.0011842 -0.00207951 -0.0027463 -0.00321826 0.00574887 0.00473464 -0.00282054 -0.00267441 -0.00233146 -0.00369028 0.014002 -0.00519488 -0.00168295 -0.0033341 -0.00283542 -0.00200628 -0.00509985 -0.00353182 -0.00543725 0.00362994 -0.00236458 -0.00849963 -0.00208932 0.00464874 -0.0108682 4.80743e-05 -0.000834368 -0.00347294 -0.00118498 -0.0027754 -0.00368425 0.00195572 -0.0047539 0.000319038 -0.0041937 0.00095761 0.00484984 0.00372786 -0.00363565 -0.00306098 0.00327018 0.000182847 -0.000113796 0.00708514 0.0088827 -0.000509939 -0.00196042 -0.00136024 -0.00430518 -0.00459606 0.00944838 -0.000438807 -0.00367818 -0.000793619 0.00264441 -0.00538797 -0.0126972 -0.000631781 0.00263572 -0.00318199 -0.00110087 -0.0100931 -0.00150721 0.001414 -0.00272012 0.00655014 0.00653661 0.00370423 0.00143172 -0.0079048 0.000834393 -0.00238082 -0.00879779 -0.00133746 -0.00356644 -0.00453722 -0.00165894 0.00366453 0.00134961 -0.0022153 -0.00330366 -0.00688267 0.000365095 -0.00115586 -0.00482213 0.00022568 -0.00687967 0.00145556 0.00247322 
0.0027224 -0.00207406 0.17581 -0.00716489 -0.00557871 -0.0051085 -0.00803876 -0.00398815 -0.00473128 0.00728563 0.00129432 0.00407136 0.00898826 0.00153449 -0.00624709 -5.32426e-05 -0.00425811 0.000184662 -0.00280664 -0.00249596 -0.00202035 -0.00567633 -0.00617723 -0.0113601 -0.0131945 -0.009529 0.00280918 0.00176691 -0.00633817 -0.0123422 -0.00240226 -0.00350056 0.00731091 -0.0113738 0.00957667 0.0253075 0.000229735 0.00916987 0.000464108 -0.00102811 -0.00767038 -0.00385305 0.00307727 -0.00712289 -0.010357 0.00600802 0.00912256 0.00335535 0.00115365 -0.00473864 -0.00522517 -0.00292016 -0.00356929 0.00464546 -0.0126174 0.00162132 -0.00370658 -0.00875468 0.000802072 -0.0026289 -0.00558516 -0.00544941 -0.00417973 -0.00733659 -0.00289363 -0.00912842 -0.000217352 -0.00119962 -0.00380948 -0.00312962 0.00461089 0.0066629 0.00781536 -0.00463033 -0.00458779 -0.00247551 -0.00835021 -0.00323011 -0.00485427 -0.00185805 -5.39832e-05 -0.0010125 0.00977748 -0.000854749 -0.00122663 0.0121924 -0.00864095 0.00176295 -0.00358566 -0.00242818 -0.00324942 -0.000327005 -0.00890894 -0.00593103 -0.0059811 -0.00320181 0.000576208 -0.00569483 0.00570653 -0.00275174 
-0.00335038 0.00367278 -0.00716489 0.110819 0.0040275 -0.00173762 -0.000944113 -0.000664083 0.00102707 -0.00104393 -5.69103e-05 -0.00630033 -0.0100994 -0.00162732 -0.00143853 0.0029935 0.000113821 0.00215703 0.00206541 -0.00129696 -0.00771622 0.00845826 -0.00637776 -0.00173584 0.00569148 0.00982232 0.00156684 -0.00201103 -0.00625074 0.00102907 0.000715417 -0.00583045 0.00109656 -0.0039602 -0.0108859 -0.00701172 -0.00888272 -0.00157888 -0.0106914 0.00100759 -0.00492156 -0.00353001 -0.00058973 -0.00556624 -0.00104963 -5.32213e-05 -0.000469535 -0.00464244 0.00372769 -0.00414398 -0.00816157 0.00296749 0.00161227 -0.00140396 -0.00268904 -0.00116428 0.000264929 -0.00183524 0.0040055 0.0016803 0.000987161 0.00850103 -0.000635913 0.0102147 0.00344623 0.000285943 -0.00206082 -0.012948 -0.00878287 -0.00857025 -0.00281659 -0.00198773 -0.00513897 0.000688071 -0.00320938 -0.00206685 0.000852586 0.00444504 0.00189138 0.00374121 -0.00154131 -0.00177042 0.00106757 -0.00062568 -0.00572105 -0.00120908 -0.00175415 -0.00514625 0.0016222 0.000786509 0.000784029 -0.00135 -0.00374253 0.00401474 0.0059877 -0.00091136 0.00237688 0.00229336 -0.00287389 -0.000767085 
-0.000804039 0.00686516 -0.00557871 0.0040275 0.12509 0.00823642 0.00502642 0.00016519 0.00354152 0.00239613 0.000989593 0.000106141 0.0011252 -0.00368987 -0.00113142 -0.00563011 -0.00303553 -0.000357746 -0.00528638 -0.000325626 0.00079454 -0.00561741 -0.00381064 -0.0068669 0.0041884 -0.0031267 0.00450646 0.00480335 -0.00149525 0.000130799 -0.00469875 -0.013346 -0.000497115 0.000878495 -0.0033267 -0.0154232 -0.0108172 -0.00584642 -0.00957279 -0.00371356 -0.00789458 -0.0199819 -0.00453962 -0.00760813 -0.00281627 -0.00596507 -0.00559857 0.00284232 -0.00427618 0.00205742 -0.00465473 0.000337473 -0.00149967 -0.00772646 -0.0073526 -0.0012042 -0.00134674 0.00630949 0.00228738 -0.000648381 -0.000257827 0.0041683 0.000484875 -0.00253643 0.000178367 -0.00485989 -0.00243934 0.00870576 0.00175522 -0.0131003 -0.00180795 0.000801727 -0.00194231 -0.00300239 0.0141623 -0.00444902 0.00447908 -0.00270744 -0.00883904 -0.000643789 -0.00714095 0.00208527 0.00137032 0.000129541 0.00758848 -0.00526714 -0.0015813 0.000702791 0.00607576 -2.49019e-05 -0.00123404 0.00919039 0.00432124 0.0037205 -0.000153457 -0.00147888 0.00126235 0.00149262 0.000927402 0.000269602 
0.00501068 0.00073687 -0.0051085 -0.00173762 0.00823642 0.183619 -0.00407903 0.0163851 0.0208385 -0.0106174 0.00235816 -0.00259848 -0.00344517 -0.00626327 1.61138e-05 0.00779398 -0.00187151 -0.00406416 -0.0177007 0.00015404 5.49694e-05 0.00238004 0.000641978 -0.010402 0.00338157 -0.00267806 -0.00753594 -0.016922 0.00187265 0.00851352 -0.00873602 -0.00413326 -0.0190603 0.00992817 -0.00239047 -0.00490024 0.0208662 -0.00500664 -0.00431045 0.00358233 0.00597274 0.00484877 -0.00597829 0.0033375 0.00804657 -0.0204276 -0.00521582 -0.0051761 -0.00767385 -0.0209664 -0.0249606 -0.00366486 0.000946492 -0.00188499 -0.00741292 0.00636402 -0.00540227 -0.000277785 -0.00314184 -0.0087663 -0.00823936 -0.00206103 -0.00278111 0.000419324 0.00264038 0.000253924 -0.00294427 0.00222947 -0.00181532 -0.00446654 0.000762297 -0.00223377 -0.0166493 0.00304594 -0.00582555 -0.0150245 -0.00334561 -0.00612454 -0.00252447 -0.00174757 0.00677323 -0.00134548 -0.00990373 0.00190337 0.000416772 0.00339805 0.0095868 -0.00345605 0.00158522 -0.005793 -0.00142996 0.00381042 -0.000102131 0.0106884 0.000162738 0.00144498 -0.00581633 -0.00394678 6.29636e-05 -0.00298354 
-0.00677279 0.00149783 -0.00803876 -0.000944113 0.00502642 -0.00407903 0.15391 0.0113107 0.00643137 -0.0036177 -0.00217648 -0.00181489 -0.0158835 -0.00453506 -0.00262475 -0.0088696 0.00145753 -0.00597359 0.0128259 1.92402e-05 -0.00215256 0.0190631 0.0111705 0.00802187 0.00627103 0.00292624 -0.00614283 -0.00712355 -0.00501417 0.0075652 -0.0130232 0.00363196 -0.00689776 -0.00692508 -0.0083065 -0.0293142 -0.00670113 -0.00342011 -0.0118234 0.0040971 0.00102168 0.0118989 -0.00303931 -0.00515154 -0.00714673 -0.00560533 -0.00787981 -0.000505714 -0.00617609 0.000383185 0.00747716 -0.00139394 -0.00146729 -0.00131161 -0.0125339 -0.00652258 -0.00895252 0.0031303 0.00163259 0.00365091 -0.00494071 0.00591658 0.001448 -0.00140574 -0.00975991 -2.43844e-05 0.000315126 0.0117347 -0.0064078 -0.00973509 0.00435927 -0.00150564 -0.0128143 -0.00113403 -0.00410711 0.00683593 -0.00615514 0.00565499 0.000614516 0.00649778 0.00642271 -0.00215329 0.00703414 0.00732186 0.00114034 -0.00773082 -0.00294978 -0.00686811 -0.0017941 -0.00482587 -0.00110486 -0.00260409 0.0013836 -0.00710217 -0.010714 -0.00160407 -0.00200472 0.00191612 -0.00327423 -0.000435516 
0.00342657 -0.0142053 -0.00398815 -0.000664083 0.00016519 0.0163851 0.0113107 0.176035 0.0048972 0.00316352 0.000562158 -3.49575e-05 0.00903993 0.00692631 -0.0041623 -0.0149299 -0.00697184 0.00741429 0.00985681 -0.00463727 0.0030167 0.0103141 0.000489148 -0.00899737 -0.00362674 -0.00118097 -0.00199737 -0.0069242 0.00743817 0.00079388 -0.00631766 -0.0027229 -0.00894978 -0.00159432 -0.0254367 -0.0235652 0.0163616 1.94424e-05 -0.00842585 -0.00160177 0.00342035 0.00543882 0.00350179 -0.00654598 -0.006505 -0.015675 -0.0036888 -0.00646161 -0.00641 -0.002051 -0.00226225 -0.00523375 0.000983876 0.00549163 -0.006262 -0.00108419 -0.00749309 0.00141266 -0.0083306 0.0056669 0.00328578 0.000827212 0.0035335 -0.00534371 0.0103995 -0.000574988 -0.00997928 0.00656391 -0.00413083 -0.013435 0.000398955 -0.00213282 -0.0167268 0.00715113 -0.014439 -0.0024467 -0.0169846 -0.00329371 -0.0160343 0.00169244 0.0135683 -0.00550333 -0.00161404 0.00423691 -0.00142335 -0.0105296 0.00892756 -0.00499528 -0.0135912 -0.000155353 -0.00104918 -0.00120193 0.00503419 0.00200351 -0.00010966 -0.000362267 -0.000498759 -0.00333879 -0.00101321 -0.00130877 
0.00291457 -0.00142139 -0.00473128 0.00102707 0.00354152 0.0208385 0.00643137 0.0048972 0.0997182 -0.001248 0.000498859 0.000919082 -0.00685267 0.0037881 -0.00252047 -0.000201901 -0.0025411 -0.00522717 -0.000874425 0.00212461 -0.00474952 -0.00103468 0.00132781 0.00277468 -0.00621212 -0.00454911 -0.00438652 -0.000240123 0.000266502 0.00454517 0.00376606 -0.000311719 -0.00197752 0.00353166 0.00715587 -0.000862672 0.00504586 0.000627977 -0.000191737 -0.00303086 -0.000173841 -0.00446771 -0.00207804 0.00339735 -0.00514538 -0.00879385 0.00180412 -7.10173e-06 -0.00327457 -0.00256868 -0.00466127 -0.000384822 -0.0023174 -0.00164855 -0.0116671 -0.00709884 -0.00170371 0.00316734 0.00154516 -0.00361183 -0.00475647 -0.00197635 -5.18995e-05 -0.00300117 0.00157329 -0.00204414 -0.00490518 -0.00491464 0.000228525 -0.00466003 -0.0010671 -0.00373717 -0.00310863 0.0056778 -0.000503611 -0.0022211 -0.00583347 -0.00508001 -0.00476588 -0.00218975 -0.00272451 0.00220125 -0.00638709 0.00439458 -0.00210463 -0.00443106 0.00142068 0.000485036 -0.00406126 -0.00287605 -7.86932e-05 -0.0039031 6.56773e-05 -0.00249932 -0.00203018 0.00182086 -0.00129385 0.000512727 -0.00121064 -0.00285033 
-0.00257601 -0.00307692 0.00728563 -0.00104393 0.00239613 -0.0106174 -0.0036177 0.00316352 -0.001248 0.0993729 -7.56818e-05 -0.000345617 0.0108862 0.00617923 0.00106412 -0.00245429 0.000463856 0.00371868 -0.00672885 0.00156714 -0.00128937 -0.00384691 -0.0036227 -0.000673014 -0.00612413 -0.00655293 -0.000466643 -0.0035943 0.00410761 -0.00581816 -0.00385838 -0.0064905 0.00806019 -0.00463653 -0.000364735 -0.000303104 -0.0101659 -0.00431434 -0.00690808 0.00297205 -0.00488846 0.00140146 0.00116252 -0.00580682 -0.00534195 0.000439839 0.00149128 -0.00271687 -0.000886164 0.00810301 -0.000418648 -0.00119562 -0.00207885 0.000561678 -0.00406264 -0.00752139 -0.00196189 -0.00139516 -0.00322912 -0.00236053 -0.00191192 -0.000161603 -0.000182167 -0.00181329 0.00506968 -0.0033349 0.00792528 -0.000990279 0.00679248 -0.00468276 0.00285224 0.00171648 0.00175618 -0.000749265 -0.00340204 0.00507071 -0.000439838 -0.000823134 -0.00636684 -0.00231608 -0.00621407 -0.00136998 -0.00809107 0.000658076 0.00347723 0.00495971 -0.00111485 -0.00357862 -0.000968815 -0.00143257 0.000255508 -0.000651139 -0.00404357 -0.00586577 -0.00175482 -0.00288396 0.00311397 -0.00181589 0.00157239 0.00202047 
0.00180505 -0.00103231 0.00129432 -5.69103e-05 0.000989593 0.00235816 -0.00217648 0.000562158 0.000498859 -7.56818e-05 0.0757695 0.000134574 0.011021 -0.00106308 0.000862991 -0.00486525 -0.000531067 -0.000814519 -0.00505455 0.000773674 -0.000606124 -0.00396724 -0.00598286 -0.00097716 0.0031987 -0.00368728 -0.00234282 -0.0057661 0.00324214 -0.00174476 -0.00513999 -0.0116008 -0.00296191 0.000102241 7.51649e-05 0.0042919 -0.00677224 0.00584154 0.000151054 -0.00393351 -0.00406451 -0.0049551 -0.000171055 0.00336387 -0.00372072 5.20667e-05 -0.00109305 0.00124652 -2.92337e-05 -0.00204401 -0.0045193 -0.000675996 0.00247726 -0.00261396 -0.00254591 -0.00394532 -0.000781101 0.00449826 -0.000740209 -0.00209576 -0.00147668 0.000739644 0.00366046 -0.000905369 -0.000139726 0.00491928 -0.00157212 -0.00967833 0.00473732 0.000372949 0.000112763 -0.00322997 0.00174101 0.00109512 -0.00210826 -0.00345199 0.00137664 0.00217551 -0.00188672 -0.00033941 -0.000253247 -0.00167479 -0.00771196 -0.00414333 0.00136215 0.000312827 -0.000639223 -0.00247717 -0.00258534 0.000332163 -0.000739636 -0.00172049 -0.0018868 -0.000485878 -0.000468049 0.00200243 0.00306543 0.000328894 -0.000223879 0.00200109 
0.00131885 -0.0011842 0.00407136 -0.00630033 0.000106141 -0.00259848 -0.00181489 -3.49575e-05 0.000919082 -0.000345617 0.000134574 0.123334 0.00989533 0.000255655 0.00353841 0.00376429 -0.000975272 -0.00196862 0.00302162 -0.00220442 0.00442072 -0.0133413 -0.00485294 0.000516904 -0.00858455 -0.00434427 -0.00202995 0.00193219 -0.00979504 -0.00537498 0.00497528 -0.001764 -0.00546568 -0.00237703 0.00606115 -0.00349739 -0.00462226 -0.0064503 -0.00147411 -0.00187271 -0.0031166 -0.00322072 -0.00271626 -0.00848022 0.00111614 -0.00435926 -0.00369152 -0.00131179 -0.0036885 -0.00579239 0.00151175 0.00503079 0.000177201 0.00131455 -0.00841125 -0.00569555 0.00174892 0.00626958 -0.00391405 -0.00782987 0.00176906 -0.000889987 -0.00106585 -0.00575348 0.00054395 -0.00281154 -0.00441792 0.00148663 0.00827319 0.0075477 1.31895e-05 -0.0056146 0.00137397 -0.00153067 0.00269785 -0.00478104 0.006758 0.00515795 0.00368644 -0.00556272 -0.00216533 -0.000619405 -0.00691532 -0.00287507 0.00479505 -0.00701326 -0.00542511 0.00389891 -0.00678231 0.000366566 -3.32638e-05 -0.00351947 -0.00236921 -0.00285825 0.000323698 -0.00328382 -0.000680407 -0.00472599 0.00240878 0.000659764 
0.00769431 -0.00207951 0.00898826 -0.0100994 0.0011252 -0.00344517 -0.0158835 0.00903993 -0.00685267 0.0108862 0.011021 0.00989533 0.149829 0.005444 0.00454725 -0.00463271 0.000939525 0.00411693 -0.010377 -0.000900763 0.00673767 -0.00508398 -0.0117451 -0.00830732 -0.0028469 -0.00947081 -0.00423712 0.00283381 0.000947342 -0.019066 -0.00652539 -0.0214432 -0.0133672 0.00416471 -0.007826 0.00659847 0.00124637 -0.00843194 -0.00227665 -0.00637302 -0.00195284 0.00596798 -0.000253164 -0.00491748 -0.00667086 -0.00296544 0.00950359 0.00227237 0.00122532 -0.000346342 -0.00747264 -0.000563136 0.00230755 0.00295677 0.00370757 0.00905198 0.0014299 0.00160019 -0.00070304 -0.00296867 0.00143199 -0.00323209 0.00220076 -0.00780954 4.09513e-05 -0.000785947 -0.00151313 -0.00619454 0.00679752 -0.00977828 -8.20079e-05 -0.00679784 0.00411122 0.00163433 -0.0120741 -0.00119391 -0.00220195 -0.00782157 -0.00959 -0.00219153 -0.00698457 -0.00169035 -0.0138839 -0.00303307 0.0034452 0.000550667 0.00362686 -0.00538373 -0.014924 -0.00148498 4.27992e-05 -0.000984616 0.000166663 0.00364904 0.008921 0.00439126 0.00213433 -0.00171004 0.00600719 -0.00379935 
0.00081885 -0.0027463 0.00153449 -0.00162732 -0.00368987 -0.00626327 -0.00453506 0.00692631 0.0037881 0.00617923 -0.00106308 0.000255655 0.005444 0.087281 0.00106454 -0.00402435 -0.00117307 0.00465796 -0.00229434 0.000773068 -0.00226569 -0.00828626 0.00490977 0.0030957 -0.0032861 -0.00370233 -0.00225324 0.00141275 -0.00138957 -0.000145178 -0.00636107 -0.00132708 -0.00299008 0.000868523 -0.00448643 -0.00477011 0.00247331 -0.0046839 -0.00177609 -0.00260954 0.00496011 -0.00138867 0.00232899 -0.00430148 -0.00416293 -0.00553993 0.000612832 -2.7996e-05 -0.000167892 -0.00205771 -0.000295236 -0.00189504 0.000491207 0.00171324 -0.00785071 -0.00298212 0.000692833 -0.00253763 -0.00319341 0.00233007 -0.00188178 -0.0032948 -0.00258216 -0.00229273 0.00504591 -0.00137227 0.000105852 0.002365 -0.00335758 -0.00337301 0.00283137 -0.00340847 -0.0022855 -0.00109759 -0.00462546 0.0091102 -0.00592331 -0.00396293 -0.00436526 -0.000466514 -0.00249645 -0.0014021 0.00872181 -0.00232761 -0.00281262 0.00291648 -0.000700538 -0.00551889 0.000204033 -0.000342806 0.00091884 -0.0048025 -0.00110987 0.000312196 0.00561162 0.000566148 0.00120885 0.000188284 -0.00222699 -0.00253934 
5.0088e-05 -0.00321826 -0.00624709 -0.00143853 -0.00113142 1.61138e-05 -0.00262475 -0.0041623 -0.00252047 0.00106412 0.000862991 0.00353841 0.00454725 0.00106454 0.0804493 0.00635203 0.00426333 0.00118133 0.00100101 0.000702311 -0.00161991 -0.0031661 -0.00290469 0.000896435 0.000249677 -0.00388805 -0.000481521 -0.00572946 -0.0063142 -0.000436975 -0.00133413 -0.00442143 0.00172961 0.00207444 0.00234402 0.00147697 -0.00846323 0.00240384 0.00492968 0.00465253 0.00190311 -0.00362418 -0.00157336 -0.00235669 -0.00331234 -0.00419243 -0.00162147 -0.00128941 -0.00116295 -0.00612268 -0.00316592 -0.00152212 -0.00197323 -0.00261816 -0.00431034 -0.00255926 0.00101449 0.00093 0.00129281 0.000729963 0.00366398 0.00157819 -0.00257531 0.000581909 0.000570118 0.00109437 -0.0026323 -0.00637547 -0.00027139 0.0051511 0.00287124 -0.00274028 -0.00268167 -0.00103338 -0.00985661 -0.00373199 0.00835834 -0.00244792 -0.00183674 -0.000460803 -0.00387093 -0.000378359 -0.00745507 0.0012351 0.00236412 0.00302493 0.00488079 -0.00388838 0.000644619 0.000217393 0.00172828 -0.00311092 -0.00397771 -0.00194105 -0.00139131 -0.000699232 -0.000294947 -0.0042781 -0.0024676 0.00221964 
-0.00336548 0.00574887 -5.32426e-05 0.0029935 -0.00563011 0.00779398 -0.0088696 -0.0149299 -0.000201901 -0.00245429 -0.00486525 0.00376429 -0.00463271 -0.00402435 0.00635203 0.147917 0.000599369 -0.0085492 -0.000810083 -0.00139559 -0.00437029 -0.00777419 -0.0117938 -0.00348334 -0.013824 0.00556915 -0.00368096 0.0065088 -0.00243891 -0.0120308 0.0213566 0.00101081 -0.00681972 -0.00142678 0.0114689 0.000367721 -0.0189303 0.00400058 -0.00228699 0.00195315 0.00275725 -0.00869371 -0.00524195 0.00373026 -0.00714634 -0.000483811 0.00117963 -0.00421704 0.00305906 -0.0080141 -0.00619923 -0.00145712 0.000350051 -9.10152e-05 0.0110775 0.00995953 0.00247387 0.000476729 0.0068759 -0.00500125 -0.00435938 -0.00263261 8.26212e-05 0.000722443 0.00107568 -0.0019789 -0.004549 -0.00114418 -0.0121903 0.0193661 0.00212092 0.00365457 -0.00828768 -0.00311682 -0.00514539 -0.00808726 0.00927411 -0.0059149 -0.0046975 -0.00132333 -0.00968795 -0.00184253 -0.00192733 -0.00437259 -0.00331762 -0.00778839 -0.00728188 0.000602183 -0.0062579 -0.00105118 -0.00390096 -0.00144682 -0.00442242 -0.00928032 0.0062274 -0.00288507 0.00288542 0.00166284 0.0032339 0.00382469 
-0.00416348 0.00473464 -0.00425811 0.000113821 -0.00303553 -0.00187151 0.00145753 -0.00697184 -0.0025411 0.000463856 -0.000531067 -0.000975272 0.000939525 -0.00117307 0.00426333 0.000599369 0.0833332 -0.00179428 0.0013981 0.00493392 -0.00690043 0.00736038 -0.000775056 0.000486822 0.00042047 0.000627043 -0.00177414 -0.00422101 -0.00763185 -0.00204579 -0.000150192 -0.00826211 -0.000856531 -0.00174048 0.000596709 0.000177037 -0.0110578 -0.0030656 -0.002472 -0.00545333 -0.00297497 -0.000491085 -0.000991692 -0.000328755 -0.00172468 0.00410113 0.00193164 0.00247951 0.00657587 -0.00238544 -0.00137669 0.00153866 -0.00224914 -0.00409985 0.0010577 -0.000180971 -0.00262469 -0.00260218 0.00273411 -0.00201689 0.00177031 0.002696 -0.000393283 -0.000431182 0.00459899 0.000462544 -0.00055926 -0.0117823 -0.000460184 0.00459788 0.00300604 -0.00230389 0.00315254 -0.00114962 -0.000826337 -0.00312231 0.00604615 -0.000215949 -0.00456414 0.000340526 -0.0033322 -0.00136477 -0.00868475 -0.000606364 0.00288882 -0.000636798 0.00074686 -0.000625777 4.25077e-05 -0.00125483 -0.000984966 -0.00345113 -0.00301816 -0.00175131 -0.00120363 -0.00239039 0.000410724 0.000529859 -0.00138433 0.0006523 
0.00862152 -0.00282054 0.000184662 0.00215703 -0.000357746 -0.00406416 -0.00597359 0.00741429 -0.00522717 0.00371868 -0.000814519 -0.00196862 0.00411693 0.00465796 0.00118133 -0.0085492 -0.00179428 0.106849 0.00399476 -0.000898408 -0.00182945 -0.000185388 0.00521248 0.00585681 -0.00456509 -0.00475313 0.00492274 -0.0087823 -0.0057653 0.00476672 -0.00550875 0.00171794 -0.000407596 -0.000265599 -0.00811417 -0.00624076 0.00296715 0.00178888 0.00119246 -0.0027148 -0.00212293 -0.00467925 0.00242166 -0.00205657 0.00321452 0.000673367 0.000768443 -0.000625929 -0.00349755 -0.00339913 -0.00884127 -0.0036496 -0.00227259 -0.00280021 0.00156653 -0.0110913 -0.0025349 -0.00448755 -0.00476824 -0.00245267 -0.002347 -0.00151786 -0.000995563 0.000729949 -0.00194625 -0.0024948 0.000673646 -0.00313817 -0.00304144 -0.0100843 -0.00150865 -0.00276695 -0.00799496 -0.000131468 0.0010474 0.00212213 -0.00971697 -0.000699445 -0.00136728 0.00370249 0.0135644 -0.00300667 -0.00335015 4.26355e-05 0.00103939 0.00273815 0.00209693 -0.00714154 -0.00229755 -0.0015587 0.00301391 -0.00443951 -0.00313475 0.000112298 -0.00222709 0.00517086 -0.00126366 0.00185798 0.00126293 -8.98194e-05 
0.000217564 -0.00267441 -0.00280664 0.00206541 -0.00528638 -0.0177007 0.0128259 0.00985681 -0.000874425 -0.00672885 -0.00505455 0.00302162 -0.010377 -0.00229434 0.00100101 -0.000810083 0.0013981 0.00399476 0.163405 -0.000658689 -0.00350335 -0.00110916 0.0197303 0.0137479 -0.0104147 -0.00121228 0.000233723 0.00348429 -0.00609385 -0.00736858 -0.00359356 -0.00647804 0.00312101 -0.00419826 -0.0131073 -0.0110938 -0.00471895 -0.0115453 0.00126359 -0.00314659 0.00012932 0.00250271 -0.00251448 -0.00336794 -0.00482228 -0.00536149 -0.00709389 -0.000863397 -0.000213946 -0.00426038 0.000111659 -0.000824728 -0.00239312 0.00825541 0.00356237 0.00236315 -0.00185933 0.00525313 0.00871455 -0.00143277 0.00528595 -0.000976287 -0.0016193 0.00267521 -7.15892e-05 0.00203553 -0.00598792 -0.00628513 -0.0163528 -0.00759642 -0.00196116 0.00329654 -0.00956242 -0.00339771 -0.0068112 0.00229674 -0.00495102 -6.15042e-05 -0.00175092 -0.00369612 -0.00209061 0.00104254 -0.00452193 0.0113736 -0.00562775 -0.009925 0.00247756 0.000652665 -0.00394641 -0.00296793 -0.0023981 -0.00274308 0.00816227 -0.00620788 -0.00759031 -0.00232354 -0.00350518 0.00117385 -0.00152783 -0.00641717 
-0.000397969 -0.00233146 -0.00249596 -0.00129696 -0.000325626 0.00015404 1.92402e-05 -0.00463727 0.00212461 0.00156714 0.000773674 -0.00220442 -0.000900763 0.000773068 0.000702311 -0.00139559 0.00493392 -0.000898408 -0.000658689 0.0770182 0.000981021 -0.00180366 0.00217248 0.00351495 -0.00209715 -0.0048928 -0.00259224 -0.00184665 -0.00503432 0.00853774 -0.00379314 -0.00556676 -0.00345863 -0.000625883 -9.54842e-05 0.0014646 -0.0012577 0.000435917 -0.000150826 -0.00102904 -0.00311038 0.00035981 -0.00177426 -0.00132472 -0.000394346 -0.00371671 -0.000874922 -0.000581238 0.000553816 0.00271598 -0.000479242 -0.00270658 -0.00253628 0.002812 0.00304539 -0.00134261 -0.000284595 -0.000323623 0.00181816 0.00108225 0.00144732 -0.00122517 -0.00220904 0.000564945 9.63556e-05 0.000900625 -0.00336225 -0.00454379 0.00139956 -0.00166052 0.000404914 -0.00385506 0.00185173 -0.000599294 -0.00409189 0.00150616 0.000364858 -0.00437605 -0.00386028 -0.00145621 -0.00783301 0.00135323 -0.00197127 -0.00226811 -0.000628205 0.00314736 0.000920405 0.00165273 0.000217365 -3.77795e-05 0.000448955 -0.00255186 -0.0019416 -0.00375817 -0.00510496 -0.00264069 -0.000175349 -0.000467117 -0.0013563 -0.000625912 
-0.00371825 -0.00369028 -0.00202035 -0.00771622 0.00079454 5.49694e-05 -0.00215256 0.0030167 -0.00474952 -0.00128937 -0.000606124 0.00442072 0.00673767 -0.00226569 -0.00161991 -0.00437029 -0.00690043 -0.00182945 -0.00350335 0.000981021 0.147574 -0.012204 -0.00516817 -0.00514504 0.00151357 0.00381255 0.00195539 0.0130782 -0.00257522 -0.0153222 -0.00592152 -0.0133404 -0.0102207 0.00492019 0.00804475 0.00475214 -0.011222 0.00419348 -0.00156598 -0.00346995 0.00146313 -0.0149382 -0.00325413 -0.00494288 -0.000462479 -0.00278455 0.00281748 0.000973779 -0.00580413 0.00504724 0.00111492 -0.00461848 -0.000813743 -0.00325164 0.00479311 -0.00309145 -0.00213605 0.000865764 -0.00722812 -0.00407634 -0.000298019 -0.00234267 -0.00422612 -0.0134455 -0.0011062 0.000372106 0.00293091 0.0245509 0.0140788 0.00462778 -0.00440667 -0.00396067 0.00473866 -0.00404659 -0.00546334 -0.00319462 0.000250124 -0.00308505 -0.00624662 -0.00150012 -0.00957359 -0.00280372 0.00632528 -0.00274805 -0.00134628 -0.00251226 -0.00490609 0.00135552 -0.000545831 0.000197013 6.97219e-05 -0.00186954 0.00688446 0.000543277 -0.00711011 -0.00613518 -0.00192849 -0.00475456 0.000565571 -0.00087018 
-0.00709368 0.014002 -0.00567633 0.00845826 -0.00561741 0.00238004 0.0190631 0.0103141 -0.00103468 -0.00384691 -0.00396724 -0.0133413 -0.00508398 -0.00828626 -0.0031661 -0.00777419 0.00736038 -0.000185388 -0.00110916 -0.00180366 -0.012204 0.180605 -0.00642043 0.00824424 -0.000982277 0.00778738 0.0108434 -0.0134115 0.0073561 -0.00858016 -0.00947036 -0.0114907 -0.00175049 -0.0096964 -0.0211566 -0.0188757 -0.00508153 -0.00760209 -0.0157947 0.0042246 0.00699561 0.0238878 0.00760244 0.00276409 -0.0102741 -0.0118341 -0.00697315 -0.00630504 -8.53629e-05 -0.0087291 -0.00498555 0.00108798 0.000670996 0.00616491 -0.00289251 -0.000471904 -0.0101826 -0.0119441 -0.00552251 0.00429793 -0.00959178 0.00996649 0.00527068 0.00781408 -0.00717779 0.00114445 -0.0071904 -0.0182924 -0.010959 -0.00609044 0.00147713 -0.0029057 -0.00789455 0.00624039 -0.00859572 0.00594239 -0.00886192 0.00563655 0.00109546 0.00906692 -0.00224508 0.000115808 -0.00233332 0.00402394 0.00370527 -0.0112808 -0.00226215 -0.00438012 -0.00342624 -0.00485999 0.00400882 0.00983944 -0.0057648 0.00148639 0.00555147 0.00739383 0.000793984 -0.0131479 -0.00352963 0.00680931 
0.0007029 -0.00519488 -0.00617723 -0.00637776 -0.00381064 0.000641978 0.0111705 0.000489148 0.00132781 -0.0036227 -0.00598286 -0.00485294 -0.0117451 0.00490977 -0.00290469 -0.0117938 -0.000775056 0.00521248 0.0197303 0.00217248 -0.00516817 -0.00642043 0.148915 0.0170698 -0.00913707 0.00518366 -0.00321938 -0.00701368 -0.00462875 0.00682579 -0.0110915 0.0132556 0.00163431 -0.00766932 -0.00682089 -0.0142835 0.00485343 -0.00955625 -0.0114538 0.00572958 0.00615919 -0.0128342 -0.00329302 -4.96629e-05 -0.00314139 -0.00549659 -0.00350355 0.00150644 -0.0064916 -0.00117598 -0.00508418 0.000468784 -0.00388965 0.00221426 -0.0126222 -0.00958079 -0.00194801 -0.00949398 -0.0059578 -0.00454209 0.0035133 -0.00430225 -0.00170549 0.0085318 -0.00592384 0.000991565 0.0057272 0.0101977 -0.0137439 -0.0103643 -0.00872138 0.000251228 -0.00684394 -0.00219685 0.00353001 0.000595474 -0.00355421 -0.00441783 0.000719938 0.00113757 0.00625134 0.00570383 0.00976015 0.00900914 -0.00865508 -0.000472005 0.00782122 0.00335223 0.00365726 -0.00245541 -0.00216795 -0.000434203 -1.53753e-05 -0.0031514 -0.00141708 -0.00332766 -0.00427256 0.00285674 -0.00434435 -0.00248882 
0.000797811 -0.00168295 -0.0113601 -0.00173584 -0.0068669 -0.010402 0.00802187 -0.00899737 0.00277468 -0.000673014 -0.00097716 0.000516904 -0.00830732 0.0030957 0.000896435 -0.00348334 0.000486822 0.00585681 0.0137479 0.00351495 -0.00514504 0.00824424 0.0170698 0.136597 -0.00390993 0.00752218 0.00156619 -0.00054567 -0.00219531 -0.000365129 -0.00674797 0.00435574 -0.000215857 -0.00454783 -0.00779522 -0.0156368 -0.00535338 -0.00820359 -0.00474849 0.00232392 0.00020092 -0.000412068 -0.00550623 0.00423723 0.00339968 -0.00700698 -0.00328686 -0.00307048 -0.00389742 -0.0106434 -0.00182443 -0.00554319 -0.00144727 0.000142001 -0.00031235 -0.00338453 -0.000252646 0.00488652 0.00207484 -0.00711774 -0.000274711 -0.00204297 -0.00143161 -0.00249094 -0.00293175 -0.000188592 0.00453142 -0.00681094 -0.00675356 -0.00873017 -0.00120611 0.00187092 -0.00946714 -0.00531726 0.000441251 0.005468 -0.00671228 -0.00501115 0.00231703 0.00188509 -0.00453195 0.00371049 0.00858549 0.00473295 -0.00549588 -0.00178079 -0.00439102 -0.00039629 -8.17807e-05 -0.00342638 -0.00439583 -0.00336873 0.000795529 -0.000554217 0.00050707 -0.00238351 -0.0018686 0.0072426 -0.00347823 -0.00529434 
-0.000196019 -0.0033341 -0.0131945 0.00569148 0.0041884 0.00338157 0.00627103 -0.00362674 -0.00621212 -0.00612413 0.0031987 -0.00858455 -0.0028469 -0.0032861 0.000249677 -0.013824 0.00042047 -0.00456509 -0.0104147 -0.00209715 0.00151357 -0.000982277 -0.00913707 -0.00390993 0.140059 0.00892229 -0.00425641 -0.00446614 0.00354111 0.0213989 -0.00955717 -0.00785199 -0.00621141 -0.0030633 -0.00577214 -0.00376642 -0.00944512 -0.00854212 0.00260676 -0.000282937 0.00315002 0.00346671 0.000654752 -0.001834 0.0104441 -0.00258373 -0.00569543 0.000929617 -0.00133797 -0.00298175 2.98832e-05 -0.0018796 -0.00210565 -0.00729747 -0.00892301 0.00214267 -0.00109822 -0.00109855 -0.00417843 0.00512612 -0.00282002 0.00128959 -0.00100545 -0.000575181 -0.00575786 0.00053554 -0.0129386 -0.00676899 0.00162132 0.00109673 -0.00251801 -0.00133302 0.00672553 -0.00389473 0.00522128 -0.000715638 -0.0074074 0.00199953 -0.000647101 0.0015175 0.000212768 0.00185882 0.000936368 -0.00768251 -0.00234244 0.00131278 -0.000921176 -0.00768993 -0.00327822 0.00137187 0.00338163 -0.00195333 -0.00110885 0.00991169 -0.00219251 0.00489446 -0.000172763 0.00300201 -0.00201261 -0.00197568 
-9.18361e-05 -0.00283542 -0.009529 0.00982232 -0.0031267 -0.00267806 0.00292624 -0.00118097 -0.00454911 -0.00655293 -0.00368728 -0.00434427 -0.00947081 -0.00370233 -0.00388805 0.00556915 0.000627043 -0.00475313 -0.00121228 -0.0048928 0.00381255 0.00778738 0.00518366 0.00752218 0.00892229 0.12305 -0.00178376 0.0102012 0.00148766 -0.00395504 0.00867657 0.00558505 -0.00664839 0.00190147 -0.00191641 -0.00617489 -0.00897739 -0.00381863 -0.00697213 -0.00534817 -0.000444049 -0.000560335 -0.00564905 -0.0094783 0.00538098 -0.00127285 -0.00379348 -0.00312471 0.00194818 0.00805968 0.0100938 0.00138724 0.00282088 0.00129056 -0.00590192 0.00610146 -0.00284803 -0.00304208 -0.00774032 -0.000813184 -0.00408578 -0.00161663 0.000169214 -0.00121783 0.00136727 -0.00277311 -0.00166076 -0.00775004 -0.00843196 0.00395152 -0.000979553 -0.00321894 -0.00532181 -0.00378267 -0.00292234 -0.00382417 -0.00366387 -0.00210935 -0.00395639 0.000993021 -0.0014571 0.00153794 -0.00095793 -0.00515662 -0.00525837 -0.00435391 -0.0057578 -0.000234968 -0.00209101 0.00189279 0.0010977 -0.00364956 -0.00330238 -0.00178116 -0.000776543 -0.00237494 -0.000251748 0.00502581 -0.00341328 -0.001302 
-0.00258613 -0.00200628 0.00280918 0.00156684 0.00450646 -0.00753594 -0.00614283 -0.00199737 -0.00438652 -0.000466643 -0.00234282 -0.00202995 -0.00423712 -0.00225324 -0.000481521 -0.00368096 -0.00177414 0.00492274 0.000233723 -0.00259224 0.00195539 0.0108434 -0.00321938 0.00156619 -0.00425641 -0.00178376 0.0970689 -0.0014885 0.00183573 -0.00363078 -0.000648944 0.00607967 0.00539625 -0.0052902 -0.00239546 -0.00266338 -0.00802697 0.00242841 -0.00568737 -0.00103093 -0.0041952 0.00196082 -0.00127502 -0.00251726 -0.00437123 -0.00126949 -0.000976731 -0.00312519 5.11978e-05 0.0010278 -0.00218077 -0.000772363 -0.00329132 -0.00191148 0.0052654 -0.00248358 -0.00222958 -0.00521506 -0.001055 -0.00301561 -0.00274524 -0.0030005 0.00296382 -0.000614939 -0.00193221 -0.000229082 -0.00109033 0.00161058 -0.000957921 -0.0100862 -0.00153785 -0.00421191 -0.00289888 -0.00117623 0.00319991 -0.00103047 -0.00234348 0.00409456 0.00075243 -0.000828475 0.000900057 -0.00119899 0.00565555 -0.00422684 -0.00452231 0.00131327 -0.00125258 -0.00374036 0.004915 0.00280109 0.000238674 0.0011238 -0.00151128 -0.00353923 0.00079501 -0.00106807 0.000430307 0.000421848 0.00105655 -0.00152652 
-5.34348e-05 -0.00509985 0.00176691 -0.00201103 0.00480335 -0.016922 -0.00712355 -0.0069242 -0.000240123 -0.0035943 -0.0057661 0.00193219 0.00283381 0.00141275 -0.00572946 0.0065088 -0.00422101 -0.0087823 0.00348429 -0.00184665 0.0130782 -0.0134115 -0.00701368 -0.00054567 -0.00446614 0.0102012 -0.0014885 0.166802 0.00523307 -0.01993 0.0145531 -0.00307823 -0.00303594 0.00165321 -0.00315895 0.00835423 -0.0124719 -0.00855847 -0.00305839 -0.00365874 0.00244891 0.00390275 -0.00372601 -0.0064056 -0.0056856 -0.0058714 -0.00447958 0.000308711 -0.000925898 0.0170993 0.0152293 0.00369493 0.000810316 0.00639453 -0.00722214 0.00757413 0.00184098 0.00546619 -0.003424 0.0117996 -0.00440784 -0.00606426 -0.00384116 -0.0125037 -0.00336601 -0.00386385 -0.00496843 0.00218999 -0.00281973 -0.0140583 -0.00228148 -0.00384446 -9.18474e-05 0.000746226 0.00892797 -0.00250507 -0.00392524 -0.0108984 -0.00104176 -0.00549267 -0.0105116 -0.00412026 0.000668527 -3.73858e-05 -0.00548657 -0.00975064 -0.0114054 0.00225154 -0.00142614 0.00316698 -0.00293307 -0.000158975 -9.41847e-05 -0.00242385 -0.00300367 -0.00630542 0.000601548 0.00342365 -0.000352713 -0.00724892 
0.00708926 -0.00353182 -0.00633817 -0.00625074 -0.00149525 0.00187265 -0.00501417 0.00743817 0.000266502 0.00410761 0.00324214 -0.00979504 0.000947342 -0.00138957 -0.0063142 -0.00243891 -0.00763185 -0.0057653 -0.00609385 -0.00503432 -0.00257522 0.0073561 -0.00462875 -0.00219531 0.00354111 0.00148766 0.00183573 0.00523307 0.183478 0.00492744 -0.013056 -0.0103742 0.00496907 0.000971785 -0.0108341 -0.0171061 0.0115242 0.00614198 -0.00275737 0.00261818 0.00559458 0.00556744 0.00476689 0.0063895 -0.00239669 0.00627811 -0.00538901 -0.00550068 -0.00590842 -0.000560948 -0.000159777 -0.00409575 -0.000807129 -0.00326446 0.00284075 0.0014779 -0.00993678 -0.00489888 -0.0127637 -0.00608084 -0.00900524 0.000553115 0.00381647 -0.008403 -0.00512128 -0.00313158 -0.00530597 -0.00296772 -0.000671922 -0.023352 -0.00589367 0.00398127 -0.0112608 -0.00803486 0.00484206 0.00813565 -0.00407396 -0.00424665 0.00250401 -0.00370089 0.00486673 -0.00442679 -0.0102301 0.00168659 0.00106042 0.00303959 -0.00381294 -0.0015204 -0.00515325 -0.00103014 -0.00281307 0.00802098 -0.00883133 -0.00202956 -0.000488122 -0.00162323 -0.000277678 -0.000742361 -0.00664289 0.00270522 
0.00638052 -0.00543725 -0.0123422 0.00102907 0.000130799 0.00851352 0.0075652 0.00079388 0.00454517 -0.00581816 -0.00174476 -0.00537498 -0.019066 -0.000145178 -0.000436975 -0.0120308 -0.00204579 0.00476672 -0.00736858 0.00853774 -0.0153222 -0.00858016 0.00682579 -0.000365129 0.0213989 -0.00395504 -0.00363078 -0.01993 0.00492744 0.184618 -0.0212257 0.00552224 -9.29913e-06 -0.00828232 -0.00762966 -0.00870932 0.0126086 -0.00120734 -0.0017327 0.00155636 0.00137764 -0.0090404 0.00157999 0.000444723 0.0101458 0.00445523 -0.00881812 -0.00301914 -0.0048792 -0.00322801 0.00556525 -0.00561655 -0.00293249 -0.0083978 -0.0125543 -0.0118999 -0.00230007 -0.00491411 -0.000615229 -0.00960329 0.00110609 -0.00192428 -0.0116404 -0.00633095 0.000472183 0.00342055 -0.00353295 -0.00759639 0.00307225 -0.0116869 -0.00452798 -0.00634198 -0.00580148 -0.00143907 0.000638298 0.00456864 -0.0109103 -0.00352033 0.00191948 0.00240463 0.0201368 -0.000949827 0.0112459 -0.00542375 0.00658061 0.00494676 -0.000689004 -0.011335 0.00523841 -0.00460675 -0.00603694 -0.00418153 -0.0107479 0.00265376 0.00548942 -0.00209981 -0.0048699 0.0105038 -0.00232135 0.00103711 
-0.00722041 0.00362994 -0.00240226 0.000715417 -0.00469875 -0.00873602 -0.0130232 -0.00631766 0.00376606 -0.00385838 -0.00513999 0.00497528 -0.00652539 -0.00636107 -0.00133413 0.0213566 -0.000150192 -0.00550875 -0.00359356 -0.00379314 -0.00592152 -0.00947036 -0.0110915 -0.00674797 -0.00955717 0.00867657 -0.000648944 0.0145531 -0.013056 -0.0212257 0.158076 0.018943 -0.0052628 0.014364 0.0161728 0.0178255 -0.00791765 0.00274947 0.00716424 -0.00549319 -0.00397604 0.0130124 -0.00599563 -0.00719044 -0.00811299 -0.00161372 -0.00455567 -0.000832864 0.00199717 0.00105164 0.00409144 -0.00146466 -0.00144724 -0.000587238 0.00775638 0.00461233 -0.00636364 0.0097444 0.0039797 -0.000496015 -0.0065962 -1.02508e-05 -0.00140823 0.00449802 0.00545058 0.00218894 -0.00656472 0.0017561 -0.00500862 0.0139085 -0.00557191 -0.00570845 -0.0151419 0.00191891 -0.00758341 -0.00901797 0.0117531 -0.00304435 0.00202463 -0.00489324 -0.0147701 -0.0030437 -0.0184531 -0.0124552 -0.00585777 -0.00972586 -0.00258354 0.00312034 -0.0128479 0.004207 0.00117377 -0.00787856 -0.0041486 -0.00342123 9.4324e-05 -0.00321626 0.00309936 -0.00496393 -0.000274683 -0.00252538 
-0.00239974 -0.00236458 -0.00350056 -0.00583045 -0.013346 -0.00413326 0.00363196 -0.0027229 -0.000311719 -0.0064905 -0.0116008 -0.001764 -0.0214432 -0.00132708 -0.00442143 0.00101081 -0.00826211 0.00171794 -0.00647804 -0.00556676 -0.0133404 -0.0114907 0.0132556 0.00435574 -0.00785199 0.00558505 0.00607967 -0.00307823 -0.0103742 0.00552224 0.018943 0.181703 0.0013029 -0.0019129 0.00753113 0.00678803 0.0201582 0.00126912 -0.00572838 0.0008721 -0.00894573 0.00868486 -0.00607627 -0.00397279 0.00267987 0.00107245 -0.00689447 -0.0039626 -0.00581372 0.00702398 0.00819882 -0.0059484 -0.00479877 -0.0043722 -0.00445524 -0.00844618 -0.000607698 -0.0121692 -0.0143024 -0.00310588 -0.00677384 -0.00934583 0.000869868 0.00244552 -0.00257801 -0.00389785 0.00109471 0.0139019 -0.0106089 0.0115838 0.000184134 -0.00670169 0.00246626 -0.00188999 0.00197636 -0.00530948 -0.00983094 -0.00747953 0.0135732 -0.0010568 0.0130547 0.0040627 -0.00569541 -0.00278837 -0.0109996 0.0014329 -0.00429544 0.00284513 -0.00982431 0.00428192 -0.00520844 -0.00154109 -0.000706462 -0.00913256 -0.0080654 0.00205589 -0.0012029 -0.00126282 -0.00267851 -0.00472948 
-0.00348743 -0.00849963 0.00731091 0.00109656 -0.000497115 -0.0190603 -0.00689776 -0.00894978 -0.00197752 0.00806019 -0.00296191 -0.00546568 -0.0133672 -0.00299008 0.00172961 -0.00681972 -0.000856531 -0.000407596 0.00312101 -0.00345863 -0.0102207 -0.00175049 0.00163431 -0.000215857 -0.00621141 -0.00664839 0.00539625 -0.00303594 0.00496907 -9.29913e-06 -0.0052628 0.0013029 0.137493 0.000437242 0.00283119 -0.000939997 -0.00281874 0.0024791 0.00111711 0.00834644 -0.000883014 -0.0157994 0.00199693 -0.00561882 -0.00241087 0.00259821 0.00293446 -0.00534082 0.000461054 -0.00193498 -0.0150539 0.000976389 -0.00344541 -0.00583592 -0.00999736 0.000750858 -0.00184782 -0.00653134 -0.00154261 0.000206936 -0.00144456 -0.00265289 0.00693112 -0.00223855 -0.006352 -0.00491537 0.00690104 -0.006825 -0.00289018 -0.0134151 -0.00424892 0.00324931 0.0113833 -0.00254287 0.000384369 0.0141908 -0.00219498 0.00208535 0.00949844 0.00511722 -0.000863891 0.00042778 0.00203775 0.00379616 0.000659841 0.00388257 -0.00306667 0.00121311 0.00473013 -0.00133747 -0.00365607 0.00793064 -0.00607267 -0.00516156 -0.0110225 -0.00156607 -0.000980424 0.00264822 -0.00253578 0.000719573 
-0.00204655 -0.00208932 -0.0113738 -0.0039602 0.000878495 0.00992817 -0.00692508 -0.00159432 0.00353166 -0.00463653 0.000102241 -0.00237703 0.00416471 0.000868523 0.00207444 -0.00142678 -0.00174048 -0.000265599 -0.00419826 -0.000625883 0.00492019 -0.0096964 -0.00766932 -0.00454783 -0.0030633 0.00190147 -0.0052902 0.00165321 0.000971785 -0.00828232 0.014364 -0.0019129 0.000437242 0.122686 0.011268 0.00809132 0.00210475 0.00190026 0.00635688 -0.0042674 -0.00314053 -0.00109743 -0.00438476 0.00774711 0.0024144 -0.0056494 -0.0017347 -0.00165753 -0.00129373 1.13605e-05 -0.00889223 -0.00307897 0.00387631 -0.00691755 0.00350333 0.000269611 -0.000297365 0.00272138 0.00106559 -0.00400845 -0.00825929 -0.000315079 -0.00658066 -0.00313926 -0.00391188 -1.89127e-05 -0.00234326 -0.00457785 0.00517402 -0.00299874 -0.00195293 -0.000250217 -0.00746358 -0.00273782 -0.0106896 -0.00264886 0.00598391 -0.00703862 -0.00376054 -0.0039908 -0.00631633 -0.000937103 -0.0115259 -0.00366173 0.00293577 -0.000509283 0.00295986 -0.00464071 -0.00396724 0.000690708 0.00157038 -0.00323924 0.00961587 0.000243554 0.00215804 -0.000567996 -0.00173101 -0.000661385 -0.00642421 -0.00414225 
