0.148519 -0.00208373 -0.00208692 0.000358087 0.00259698 -0.00130704 0.000521294 -0.00322295 -0.00181747 -0.00819144 -0.00594184 -0.00695128 -3.053e-05 -0.000386207 -0.017137 -0.00232339 -0.00176936 0.00463968 -0.0058214 -0.000259345 -0.00563309 -0.00273244 0.00238881 -0.00235328 0.00465597 0.00322159 -0.00435083 0.00339944 -0.00387588 -0.00212576 -0.0136603 -0.000541059 -0.00513447 0.0133199 -0.0101313 -0.0106726 0.000280233 0.00108919 -0.000418076 -0.00243192 0.00375326 -0.00192764 0.00412878 -0.00146198 -0.00612575 0.000378069 0.000167377 0.00245095 0.00125857 -0.00974143 -0.00305471 -0.0151322 -0.00378832 0.00491693 0.00989129 -0.0158833 -0.00199945 -0.00160391 -0.00310989 -0.000161102 0.00360661 0.00146153 -0.0158315 -0.0123071 -0.00861679 -0.00551265 -0.000385908 -0.00528352 -0.00172201 0.000147421 0.00113231 -0.00542743 0.00103991 0.00178352 -0.00184055 0.00359057 0.00992009 -0.00283878 0.00589711 -0.00649312 -0.0047332 -0.00647192 -0.00175827 0.0102407 0.00538209 0.001774 0.00355215 -0.00172049 -0.000969781 -0.00291193 0.0042775 -0.00845136 0.000691147 -0.0074392 0.00584143 -0.000991364 0.00786263 0.00347467 0.00769181 -0.00221477 
-0.00208373 0.0811654 0.0025532 -0.00149786 0.000795696 -0.00248457 0.0004848 0.000759099 -0.00646176 0.000383053 -0.00189368 -0.00349942 0.00170628 -0.00457542 0.00208471 -0.00643173 0.00510965 -0.00289847 -0.00378231 0.00113966 -0.00661118 -0.00126403 -0.00262977 -0.0019964 0.0047471 0.00163305 0.00827837 -0.000118714 -0.000852369 0.00121132 -0.000680613 -0.00394855 -0.000807573 -0.00538693 -0.00132455 -0.000329371 -0.00727369 -0.0029205 -0.00258705 -0.00430419 0.00236459 -0.00233903 -0.00125534 0.000435903 -0.000467485 0.00212241 8.73932e-05 -0.00160123 -0.00165583 -0.00109492 -0.00285907 -0.00951388 -0.00255603 0.00120729 -0.00161431 -0.00310051 -0.0020117 -0.00108278 -7.6588e-05 0.000254715 -4.44325e-05 -0.00440859 0.00156716 -0.00421263 0.00268414 -0.00390808 -0.00130162 -0.000172493 -0.00015848 -0.00135395 0.00199167 -0.000182188 0.00174622 0.00567601 0.00156756 -0.00200957 -0.00255819 -0.000710558 -0.00499621 0.00380105 -0.000569795 -0.00417679 -0.00295003 -0.00791275 -0.00272284 4.71096e-05 -0.00104362 0.00279739 0.00196767 0.00725182 -0.00245239 0.000874423 -0.00292775 -0.00294002 -0.000882127 0.00494713 -0.00132896 0.00418992 -0.000956627 0.00712087 
-0.00208692 0.0025532 0.0643019 0.000393331 0.00544932 0.0021705 0.00603857 0.00103837 -0.00382842 -0.00708111 -0.000424715 -0.000247419 -0.00233575 -0.00288673 0.000688654 -0.00394337 -0.0010195 -0.00470392 -0.00282588 -0.00407172 -0.00145851 -0.000216545 -0.00382779 -0.00125987 -0.00521067 0.0062365 -0.000297259 -0.000823204 -0.000867145 0.000519363 -0.00139869 -0.0028351 0.00221507 -0.000487182 -0.00331101 0.00138786 -0.00147077 -0.00144002 0.00214246 -0.000585697 -0.00219068 0.00077412 -0.00378036 0.000577062 -0.00324564 0.0106937 0.000140428 0.000933322 0.000209571 -0.000631637 0.00730961 -0.00231993 0.00459608 0.00288592 0.00206416 -0.00472788 0.000471267 0.000539563 0.0005238 0.00325859 -0.00040136 -0.00388524 0.00194591 -0.00251494 -0.000276502 -0.00257092 -0.00266326 -0.00327215 -0.00382054 -0.00165547 0.00257162 -0.00100913 -0.00105463 -0.00442051 0.00088086 -0.000895911 -0.00292163 -0.00093238 0.00290938 -0.00138089 0.0013069 -0.00267591 -0.000465946 -0.00277625 -0.000390485 0.00101327 -0.0024423 -0.00255673 -0.000373744 -0.0042804 6.85569e-05 -0.00554546 -0.00266707 -0.00221451 -0.00049005 0.00345178 -0.00163885 -0.00311273 0.000803397 -0.00191705 
0.000358087 -0.00149786 0.000393331 0.0701298 -0.000578642 0.0053414 0.00102449 0.00965132 -0.000127919 -0.0075099 0.00205776 -0.00100557 0.000424683 -0.000735688 -0.00349601 0.00287084 0.00237847 -0.00186081 9.17829e-05 -0.00366128 -0.00669168 -0.00144862 -0.00491583 -0.00144499 -0.000959364 -0.00336892 -0.000709857 -0.000770606 0.000415727 0.000226932 -0.00293355 -0.00141651 0.00180866 -0.00555746 -0.00126449 0.00161719 -0.00204089 0.000512092 0.00241503 -0.00588075 0.0028651 -0.00152544 -0.000356837 -0.00134587 -0.00080106 0.00205589 -0.00138801 -0.000399888 0.00130234 -0.00734931 -0.000312285 -0.00736376 -0.00127742 -0.00119054 0.00740846 -0.00557266 0.000107367 -0.000153633 0.000825999 0.000695341 0.000727956 -0.0054884 -0.00463159 0.00223448 -0.00148095 0.00241667 0.000949602 -0.0019093 -0.00239917 -0.00296429 -0.00134694 -0.00218629 0.000166914 -0.00297112 0.00439753 0.00260992 -0.000421047 0.000675689 0.00339315 -0.00175914 0.00310616 0.000700186 0.00190763 0.000571153 -0.00100426 -0.00181392 0.000798678 -0.00562244 -0.000411776 -0.00100567 -0.000361877 -0.00229629 -0.00176739 0.00138344 0.00254521 -0.0039033 -0.0019795 -0.00126846 -0.00322675 -0.00442867 
0.00259698 0.000795696 0.00544932 -0.000578642 0.0804837 0.00358368 0.00500147 0.000454519 -0.00083653 0.000107536 0.00766942 -0.000226013 -0.00413145 -0.00168988 -0.00507025 -0.00519616 -0.00409272 -0.000181141 -0.00412771 -0.000521998 -0.000878613 -0.00132515 -0.00504173 -0.000107816 -0.00829606 0.000773754 0.00812866 -5.78281e-05 0.000511285 -0.00483668 -0.00387793 -0.00240169 -0.00189126 -0.00244312 -0.00482359 7.60201e-05 -0.000943731 -7.44415e-05 -0.000741009 0.000401698 0.00571324 -0.00158125 -0.00225088 -0.00271768 -0.00503657 0.00151242 -0.00313917 -0.00277986 0.00059118 0.0088041 -0.00544453 -0.00562554 0.000180475 -0.00102161 0.00232426 -0.00164818 0.00718908 -0.000834226 -0.000772339 0.00120701 0.00134443 -0.00325404 -0.0022253 -0.00967893 0.00105777 -0.0046727 0.00246661 -0.00391866 -0.00214179 -0.00141418 0.000856584 -0.00194062 0.00233538 -0.00340265 0.00250579 -0.00140491 -5.39951e-05 0.000922068 0.00460486 0.00149638 -0.00298354 -0.0063308 0.00297676 0.00870609 7.32789e-06 -0.00347147 -0.00269043 -0.00514566 9.56129e-05 -0.0028874 -0.00333117 -0.00673526 -0.000566084 -0.00225669 0.00246052 0.000216553 -0.00156021 0.00315206 -0.0036655 -0.00578334 
-0.00130704 -0.00248457 0.0021705 0.0053414 0.00358368 0.150557 0.00711686 0.0118942 -0.000820397 0.0221968 0.00498845 0.00350749 -0.0107048 -0.00781308 -0.0133212 -0.0046578 -0.0037822 -0.00809483 -0.00198774 -0.00583684 -0.00364654 -0.00345179 -0.00665774 -0.00120473 -0.0135498 -0.00783945 0.00351829 -0.00122416 0.000980484 0.00665497 -0.00925918 -0.00369114 -0.00392266 0.00251209 -0.000449461 1.3763e-05 0.0110729 -0.0065512 -0.00384429 -0.0101777 -0.00405345 -0.000493524 -0.000501493 -0.00260907 -0.00354704 -0.00877831 -0.00436582 -0.00677652 0.00207278 -0.00333778 -0.000635013 -0.00837639 0.00576029 -0.00363579 -0.00584255 -0.021049 0.00561437 -0.000907479 -0.00188854 -0.00319509 0.00769928 -0.00343602 -0.00863009 0.00875481 0.00219312 0.00100748 0.00308395 0.00426625 0.00434128 0.000822183 -0.00167286 -0.00370925 -0.0034834 -0.00338137 -0.00220762 0.00281235 -0.0173011 0.00113588 0.00814382 -0.00527394 -0.00176819 -0.00817873 0.00433744 -0.00552284 -0.00291146 0.00185796 -0.0023679 -0.000300024 0.00190703 -0.00549738 -0.00293086 0.0162036 -0.00643009 0.00839592 -0.00259713 -0.00721592 0.00120066 -0.0034707 -0.00614312 -0.00701621 
0.000521294 0.0004848 0.00603857 0.00102449 0.00500147 0.00711686 0.158007 0.0256762 0.00307012 0.010161 0.00569148 0.00825463 -0.013342 0.00177283 -0.0121197 -0.0100354 0.00209293 0.000357252 0.0060682 -0.000653934 0.00634926 -0.00176255 -0.00261908 -0.000383014 -0.0104111 0.00742835 -0.00730594 0.000962123 -0.00658108 -0.0141162 -0.0112275 0.00128993 -0.000219973 -0.0120431 -0.00470373 0.00543778 0.00773202 -0.0090068 0.0012145 -0.0021614 0.00261239 0.00138631 -9.47575e-05 0.0105847 -0.0110582 0.014246 -0.00463917 -0.0014496 0.000996926 -0.00633363 -0.000185864 -0.0229021 0.00554436 -0.00556583 0.0060308 -0.00274337 0.00487114 0.00148647 -0.000155095 4.41538e-05 -0.00309313 -0.00552842 -0.0049424 -0.0156747 0.00017977 -0.0111107 0.00418091 -0.00337788 -0.0047644 -0.00267952 -0.00279246 -0.000439055 -0.00198022 -0.00551178 -0.0010363 -0.00460438 0.00843058 0.00248767 0.012107 0.00127135 -0.00331436 -0.00475491 -0.000865632 0.00626525 -0.00493177 -0.00562712 -0.00686911 -0.0142223 -0.00427086 -0.0130316 -0.00674165 -0.0152349 -0.000861854 -0.00738415 -0.00526272 0.00223797 -0.00471561 -0.0134651 0.00340412 -0.00721126 
-0.00322295 0.000759099 0.00103837 0.00965132 0.000454519 0.0118942 0.0256762 0.167577 0.00391338 -0.000418377 0.0120563 0.00161662 -0.0181472 -0.0062833 -0.0130552 -0.00711112 -0.00162786 -0.00450244 -0.0048738 -0.00432913 0.00130856 -0.00160344 -0.0121739 -0.00369137 0.00225285 0.00449839 5.1691e-06 -0.00354414 -0.00686265 -0.0063862 -0.00381248 0.00607196 0.000698593 -0.0209968 0.00773469 -0.00128116 -0.00520116 -0.0082052 0.00129766 -0.00353789 -0.00518338 -0.000422139 0.00324022 -0.00128872 -0.0164574 0.00100085 -0.00756113 -0.000734992 -0.0104865 -0.00469724 -0.0124386 -0.00803787 0.000583676 -0.00137343 0.0103104 -0.00405909 0.000447638 0.000831354 0.00330845 -0.00206058 0.0035783 -0.00383208 -0.00593254 -0.0156303 -0.00343646 -0.000381007 -0.0110036 -0.00585574 -0.00437612 -0.00223625 -0.00214535 0.00106004 -0.00380825 -0.00547581 -0.000137816 0.000249302 0.00310679 0.00140896 0.00289912 -0.00207338 0.00779147 0.00061789 -0.00175689 0.0156533 -0.00417975 -0.00122399 0.00328985 -0.0155032 -0.00220027 -0.0022299 -0.00761001 -0.00355344 0.00926599 0.00302734 -0.00124868 -0.0112172 -0.00408997 -0.0019667 0.0077459 0.00085247 
-0.00181747 -0.00646176 -0.00382842 -0.000127919 -0.00083653 -0.000820397 0.00307012 0.00391338 0.132833 0.00842318 0.00319912 0.00346243 0.00157666 0.000941157 0.00444114 -0.00522064 -0.000276801 0.00146066 -0.00594919 -0.00529465 0.00172933 -0.000454215 -0.00705577 -0.00360084 -0.00514834 -0.00531642 -0.00390162 -0.00181445 -0.00446824 -0.00264004 -0.00225927 0.00919464 0.00209564 -0.0193334 -0.0029788 -0.00510661 -0.00389682 -0.00385004 -0.000922172 -0.00798829 0.00265471 0.000139231 -0.00736667 -0.00322016 -0.00193902 -0.0109775 -8.33729e-05 0.00904872 -0.00667082 0.00265092 -0.00293291 0.0182389 -0.00252276 -0.00531459 -0.000366193 0.00156444 -0.00517594 -0.00332492 0.00146136 -0.000435646 -0.00284952 0.00210906 0.0161196 0.000447572 -0.000321261 0.00460236 0.00914153 0.00646655 -0.000845832 -0.00207737 -0.00305599 -0.00117293 -0.00181755 0.00531777 -0.00221828 -0.00556131 -0.00923596 -0.00351098 -0.00514101 0.000940801 -0.00709474 -0.00532172 0.00127362 0.0057461 -0.0025224 -0.000630907 -0.00844375 -0.0028617 -0.00148404 -0.00613734 -0.0078788 -0.0153998 0.00507429 -0.00741938 -0.00091615 -0.00185591 6.33381e-05 -0.0112645 0.00566078 0.0036762 
-0.00819144 0.000383053 -0.00708111 -0.0075099 0.000107536 0.0221968 0.010161 -0.000418377 0.00842318 0.172226 0.0164237 0.0130643 0.00198755 -0.00301312 -0.00407793 0.00290344 -0.000168312 -0.00767017 -0.00850472 -0.00895342 0.00447262 0.00058359 0.00808028 -0.00955975 -0.00951677 -0.00917563 0.000767947 -0.0048472 -0.00440855 -0.00130467 -0.013641 -0.0101494 -0.0128675 -0.00928765 -0.00753662 -0.000535728 0.0070468 -0.0110282 -0.0133387 -0.00020615 -0.00759186 -0.00533536 -0.000548948 -0.00239254 -0.00743922 -0.0121471 -0.00388896 -0.0132979 0.000106184 0.0084825 -0.00367907 0.00641854 0.00886168 -0.000774748 -0.0117512 -0.00800876 -0.00128047 -0.0046404 0.00166167 0.000826995 0.00145876 0.00431194 0.0108176 0.00130173 0.00195994 -0.0083091 0.00250311 0.000923382 0.00184826 0.00763507 -0.00354255 -0.00358593 0.000455258 0.00337951 -0.00116292 -0.00616675 -0.0111047 0.000723041 -0.00601377 -0.00855109 0.00718501 -0.00136291 -0.000746604 0.000929334 -0.00649336 0.0065694 -0.00347956 0.00609597 -0.000113853 -0.0017562 -0.00737099 0.0113467 -0.00701342 -0.00500933 -0.00439005 -0.00855868 -0.00359076 -0.00605776 -0.00484632 0.000366247 
-0.00594184 -0.00189368 -0.000424715 0.00205776 0.00766942 0.00498845 0.00569148 0.0120563 0.00319912 0.0164237 0.114014 0.00443522 -0.00637052 -0.00165937 -0.000792794 -0.00753146 -0.00282171 -0.00186656 -0.00938827 -0.00258469 0.00196054 0.00303209 -0.00256875 -0.00382865 0.000155786 -0.00349471 0.0101274 -0.0042047 -0.0022288 -0.00628838 -0.00707593 0.00107407 -0.000708775 -0.0111112 0.00486413 0.000488602 -0.00238506 -0.00232934 -0.00474005 -0.00587173 0.00642646 -0.00358891 -0.00073236 -0.0054535 -0.00944135 -0.00304062 -0.00325512 -0.00723313 -0.00294429 0.00439337 -0.015937 -0.000561017 -0.00134595 -0.00417687 0.00525714 -0.00456389 0.00108848 -0.00220129 0.000574896 -0.0051618 0.00153054 -0.00114964 -0.0041917 -0.00866871 -0.00386186 -0.00259514 -7.54312e-05 -0.00160071 0.00050265 0.00375814 -0.00417112 0.00204461 -0.000749415 -0.00731749 0.00390394 -0.00147923 -0.00523456 -0.00153245 -0.00461127 -0.0045653 -0.00142124 0.00455893 -0.00158812 0.00817701 -0.00378114 -0.00277693 0.0100479 -0.00634276 -0.000629092 0.00399282 -0.00137993 0.000529443 0.000644419 -0.00110123 0.00447429 -0.00247767 -0.0032504 0.000488908 -0.00680449 -0.00352634 
-0.00695128 -0.00349942 -0.000247419 -0.00100557 -0.000226013 0.00350749 0.00825463 0.00161662 0.00346243 0.0130643 0.00443522 0.108245 0.00890765 0.00315393 0.00483981 0.0045873 -0.00173224 0.00182617 -0.000144391 -0.00394253 0.00577831 -0.00246658 0.00291296 -0.00124969 0.000642158 -0.000495827 -0.000937265 -0.00180169 0.000813035 -0.00522574 -0.00496009 0.00341711 -0.00541801 -0.00495817 -0.00460974 -0.00116058 -0.000146419 -0.00612524 -0.00149928 0.00293291 -0.00294444 -0.000739834 -0.00240082 -0.00186923 -0.00549822 -0.00282207 -0.000500755 -0.00622814 0.00199908 -0.00386413 -0.00672138 -0.00713731 -0.00620078 -0.00309575 0.000115076 -0.0011946 -0.000194716 0.00162771 0.00183836 -0.00163071 0.000520957 -7.04942e-05 -0.00567966 -0.00839612 -0.00141726 -0.00766414 0.00906608 -0.00240129 -0.00160494 -0.00238826 -0.00641926 -0.00316543 1.10594e-05 -0.0015725 -0.00151868 0.000478227 -0.00734024 -0.00016647 -0.000750205 0.00144448 -0.002039 0.00420241 0.00180912 0.00487653 -0.00219938 -0.00425432 -0.000964491 -0.00310531 -0.00320783 -0.0034112 -0.00622399 -0.00274284 -0.00183162 -0.00828535 -0.000770368 -0.0027075 -0.00162425 -0.0055521 -0.00367837 0.00461297 
-3.053e-05 0.00170628 -0.00233575 0.000424683 -0.00413145 -0.0107048 -0.013342 -0.0181472 0.00157666 0.00198755 -0.00637052 0.00890765 0.210818 0.000465745 0.0278654 0.00616433 0.00836133 0.0034651 0.00220148 0.00724928 0.00134604 0.00566934 0.00765668 -0.0163964 -0.00287353 -0.00400595 -0.00574997 -0.00124259 0.00346208 -0.00414095 -0.0060716 0.00381352 -0.0151654 9.91866e-05 -0.00785203 -0.00655242 -0.00678272 -0.00834421 -0.00157377 -0.010818 0.0118832 -0.00681127 -0.00705058 -0.00922081 -0.0100812 -0.00242965 -0.0035692 -0.000973584 -0.002733 -0.0024862 0.0169404 0.00691516 -0.00368341 0.00152203 0.00258751 -0.00706102 -0.00561168 -0.00250473 -0.00773613 -0.000172484 0.000467854 -0.0124919 -0.00305568 -0.00186396 -0.00186983 -0.0125021 -0.0127538 -0.00457704 -0.0100729 -0.00782861 -0.00989333 -0.00925808 -0.00610069 0.00246706 0.00487596 -0.00051069 -0.011215 0.00238677 -0.00974392 -0.00533601 -0.0141448 0.0062383 -0.00168494 0.00867797 0.0050895 -0.00791458 0.00192614 0.00859696 0.000696113 0.000626954 -0.00142245 0.00277646 -8.72666e-06 -0.0139903 -0.00751944 -0.00332998 0.00448735 -0.00058173 -0.00565253 0.00767805 
-0.000386207 -0.00457542 -0.00288673 -0.000735688 -0.00168988 -0.00781308 0.00177283 -0.0062833 0.000941157 -0.00301312 -0.00165937 0.00315393 0.000465745 0.151528 0.00243231 0.0103005 0.000273382 0.0196115 0.0119471 0.0103984 -0.00328725 0.00397274 0.00607762 0.000506916 -0.00298961 0.000139787 -0.00673589 0.0030049 -0.00598025 -0.00268662 -0.00605041 0.00457564 0.00510123 -0.0129024 -0.000912896 -0.00579966 0.00988853 0.00985533 -0.00842737 -0.00457335 -0.00368638 -0.0107274 -0.00395478 -0.00850118 -0.0140678 -0.00855511 -0.0035737 -0.00216682 -0.00344977 0.00391377 0.00751424 0.00178867 -0.00777381 -0.00134562 0.00102097 -0.00103522 0.0006164 0.00372894 0.000396121 -0.000127798 -0.00360212 0.00348556 6.99032e-05 -0.00475847 0.000872919 0.000713248 -0.00947206 0.00354207 -0.00441159 -0.00391676 0.000146807 -0.00146791 -0.00166976 -0.00124572 -0.00208942 -0.000517427 0.000541559 -0.0024321 -0.00542716 -0.00689776 -0.00658572 -0.00652511 -0.0033764 0.00554616 -0.00154538 -0.00690424 -0.00447539 0.00446621 -5.13103e-05 -0.00802732 -0.00161593 -0.0101605 0.000138387 -0.0041847 -0.00804565 -0.00341825 -0.00227686 -0.00643559 -0.00892277 -0.00563618 
-0.017137 0.00208471 0.000688654 -0.00349601 -0.00507025 -0.0133212 -0.0121197 -0.0130552 0.00444114 -0.00407793 -0.000792794 0.00483981 0.0278654 0.00243231 0.194685 0.00835375 0.00230122 -0.0026504 -0.00738534 0.00696967 0.00709423 0.00156874 0.00706038 -0.0133068 -0.00948483 -0.00384391 0.00532178 -0.00380418 -0.00119294 -0.00719341 0.00107768 -0.00416214 -0.00793291 -0.00866914 -0.00587968 0.00163827 -0.0200442 -0.000111877 -0.000308159 0.0113166 -0.00753607 -0.00241797 -0.00538811 -0.000135631 0.0135307 -0.000241655 0.00132489 -0.0069971 -0.00908774 -0.00406042 0.01162 0.022637 -0.00663797 -0.000841419 -0.00421027 0.00856162 -0.00464163 -0.00215709 1.62581e-05 -0.0022363 -0.00687049 -0.00990547 0.00714999 -0.00256786 0.00584225 0.00256798 -0.00353464 -0.00294977 0.00272224 -0.00562335 -0.0105442 -0.00430312 0.00104888 -0.00207624 0.0086601 -0.00684931 -0.0113875 -0.00452772 -0.0100626 -0.00197676 -0.0071443 -0.00152195 -0.00376597 -0.00759046 -0.00212322 -0.010905 -0.00439771 -0.00185302 -0.00218821 -0.00499058 -0.0121071 0.0128359 -0.00874473 -0.00296514 0.000385673 0.00811516 -0.00629934 -0.0110116 -0.00957157 0.0052303 
-0.00232339 -0.00643173 -0.00394337 0.00287084 -0.00519616 -0.0046578 -0.0100354 -0.00711112 -0.00522064 0.00290344 -0.00753146 0.0045873 0.00616433 0.0103005 0.00835375 0.148358 0.00549166 -0.00505715 -0.0016989 -0.00570717 -0.0101239 -0.00335687 0.00371172 -0.00346117 0.00110772 -0.00337971 -0.00255018 -0.00149237 -0.00334347 0.00119392 0.00365281 0.00040991 -0.00674669 -0.00455988 -0.00412027 -0.00297961 0.00118365 -0.00448798 -0.00125015 0.00123282 -0.00042009 0.00700356 -0.00291181 -0.00105404 0.0110831 0.000377129 0.00404481 -0.00490485 -0.00367161 -0.0019111 0.00835285 -0.0128288 0.0034206 -0.000858273 -0.000435204 -0.00113618 -0.0022318 -0.00183542 0.000958386 -0.00416271 -0.00329798 -0.00536378 -0.00361023 -0.00425585 -0.000761155 0.00484225 -0.000678168 -0.00082692 -0.0040294 -0.00152004 -0.00233834 -0.00410749 -0.00311139 -0.0112792 -0.00213246 0.00133464 0.00508106 -0.00216975 -0.0085217 -0.00719271 0.00258079 -0.00257913 -0.00248397 -0.000567656 0.00239576 -0.00331658 -0.00589756 0.00101486 -0.00114566 -0.00355915 -0.00415672 0.0141126 -0.00599385 -0.0037899 0.00205286 -0.00480754 -0.00105525 0.00239767 -0.0113517 -0.00154518 
-0.00176936 0.00510965 -0.0010195 0.00237847 -0.00409272 -0.0037822 0.00209293 -0.00162786 -0.000276801 -0.000168312 -0.00282171 -0.00173224 0.00836133 0.000273382 0.00230122 0.00549166 0.101881 -0.00172952 0.00606245 0.00030392 -0.00637115 -9.94523e-05 -0.00225976 -0.00335071 0.0113004 -0.000675005 -0.00471135 0.00281104 -0.0027495 -0.00445541 -0.00425626 0.00621912 -0.00374988 -0.0123897 0.000843982 0.00107544 0.000186168 0.00401808 -0.00329012 -0.0011007 0.00289396 0.00157148 -0.000986069 0.00046569 -0.0035559 -0.00665612 -0.000752087 -0.00370842 -0.000815371 -0.00480252 0.00104067 -0.00813929 -0.00341765 0.00139895 -0.00303052 -0.00488227 8.25989e-05 6.21426e-05 0.00147778 -0.00109378 -0.00287597 0.00437075 -0.00319848 -0.00856305 -0.00122394 -0.00439766 -0.00258165 -0.0014188 -0.000240711 -0.00591326 -0.00252048 -0.00367928 6.30132e-05 0.00238115 0.00215668 -0.00323815 0.00252617 0.00240465 -0.00479093 -0.00388379 0.00338191 -0.00550525 -0.000543559 -0.0036212 -0.000649599 0.00113246 -0.00229092 0.000595614 0.00194147 0.00525319 -0.00612925 -0.00373899 0.000328611 -0.00395554 -0.00603912 0.00304648 -0.00203688 -0.00276804 -0.00201555 -0.00114622 
0.00463968 -0.00289847 -0.00470392 -0.00186081 -0.000181141 -0.00809483 0.000357252 -0.00450244 0.00146066 -0.00767017 -0.00186656 0.00182617 0.0034651 0.0196115 -0.0026504 -0.00505715 -0.00172952 0.125515 0.0086552 0.00219199 0.0039893 -0.00177078 0.00359473 0.00323408 -0.00197883 -0.000846278 -0.00281729 -0.00122306 -0.00348665 -0.00325644 0.000227659 0.000266569 -0.0032705 -0.00576888 -0.00365677 -0.00435768 -0.0019775 0.0128093 -0.00294039 0.00101365 0.00142719 -0.00250514 -0.00284642 -0.00522879 -0.00608234 -0.00827454 -0.0048481 0.00425284 -0.00363034 0.00111767 -0.00458911 -0.0135697 -0.0116272 -0.000162953 -0.00249343 -0.00390678 -0.005175 -0.000102137 -0.000282671 -0.00280511 0.000217021 -3.98763e-05 0.00475296 -0.00665077 0.00208018 0.00188504 -0.00558328 0.000799929 -0.00505747 -0.00239676 0.000387701 0.000618124 -0.00168533 -0.000424482 0.00160338 0.00358193 0.00834152 -0.00288669 -0.00403733 0.00560516 -0.0107377 0.00630821 -0.00291087 -0.00252238 1.1031e-06 -0.0041692 0.000195934 -0.0105999 -0.000426424 -0.00135809 -3.53822e-05 -0.00850818 0.000190695 0.00310429 -0.00776599 -0.000422049 0.00435224 -0.00372435 0.00309886 -0.00814088 
-0.0058214 -0.00378231 -0.00282588 9.17829e-05 -0.00412771 -0.00198774 0.0060682 -0.0048738 -0.00594919 -0.00850472 -0.00938827 -0.000144391 0.00220148 0.0119471 -0.00738534 -0.0016989 0.00606245 0.0086552 0.148166 0.00722548 0.0180174 -0.00355566 -0.000700055 -0.00252801 -0.0032615 -0.000115927 -0.0161392 0.00523664 -0.00298525 -0.000426305 -0.00188866 0.00809053 0.00478429 0.00505193 0.000299274 -0.00173198 0.00602998 0.010478 -0.00522362 -0.00656167 0.00766845 -6.52277e-05 0.000306065 -0.00542122 -0.0115503 -0.00226095 -0.00225684 -0.0123347 -0.00382598 -0.00607042 -0.00946332 -0.00575493 -0.00571237 0.00020001 -0.00603354 0.00741606 0.0116029 0.00654012 -0.00123087 -0.00159065 -0.00418826 0.00332315 -0.00441211 -0.00349861 0.0100151 -0.0113531 -0.0055687 -0.0046274 -0.00351486 -0.00502136 -0.00266168 0.00251881 -0.0053344 -0.00442683 0.00429873 -0.000382486 0.002375 -0.000696438 -0.00332557 -0.00111313 -0.00989266 0.00328564 -0.00317461 -0.00139898 -0.00174073 -0.00383194 -0.00240544 -0.00948526 0.0037848 -0.00563254 -0.000316579 -0.00452733 -0.000324436 -0.00614719 -0.0112035 -0.00931964 0.00178322 -0.00705082 0.000953281 -0.00272202 
-0.000259345 0.00113966 -0.00407172 -0.00366128 -0.000521998 -0.00583684 -0.000653934 -0.00432913 -0.00529465 -0.00895342 -0.00258469 -0.00394253 0.00724928 0.0103984 0.00696967 -0.00570717 0.00030392 0.00219199 0.00722548 0.157977 -8.4977e-05 0.00242558 0.0124163 -0.00357057 -0.00428293 -0.00455664 0.00757592 0.00193023 0.00216868 -0.00699145 0.00258056 0.0100774 -0.00209084 0.000162316 -0.00378083 -0.001938 0.00552465 0.00333701 -0.00347161 0.00115054 -0.00459369 -0.0102462 -0.00745358 -0.00609056 -0.0100718 -0.00826467 0.000154775 -0.00303656 -0.00329963 -0.00215928 0.00501148 4.37438e-05 -0.00646175 -0.00736974 -0.00550722 -0.00732135 -0.0067296 -0.00207998 -0.00246743 0.00268715 0.00182021 0.00138689 -0.00580629 -0.00679276 -0.00284275 -0.00271753 -0.00401059 -0.00504622 8.97945e-06 0.00611109 0.00689435 6.26266e-05 -0.00359795 0.00227655 0.00142363 -0.00514171 0.00101874 -0.00148866 -0.000318258 -0.00645538 -0.0136215 -0.00232227 -0.00724384 0.00542346 -0.00553157 -0.00599139 -0.00180692 0.00324133 -0.0018694 -0.00294094 0.000698766 -0.00295324 -0.00094143 -0.00324247 -0.00975379 -0.00967282 -0.000292495 -0.00613638 0.00365585 0.00355162 
-0.00563309 -0.00661118 -0.00145851 -0.00669168 -0.000878613 -0.00364654 0.00634926 0.00130856 0.00172933 0.00447262 0.00196054 0.00577831 0.00134604 -0.00328725 0.00709423 -0.0101239 -0.00637115 0.0039893 0.0180174 -8.4977e-05 0.183535 -0.00572067 0.00660477 -0.00817291 -0.00220237 -0.00328691 0.0140214 -0.00227143 0.00368165 -0.00882621 0.015117 -0.00747011 -0.0099518 0.0031124 0.0042788 -0.00294581 0.00620683 -0.0124514 -0.00163337 0.00816399 -0.00502579 -0.00516419 -0.00349857 -0.00452192 0.00102174 -0.0114234 -0.0021036 -0.0161669 -0.00829415 0.0201137 -0.0114482 0.0298944 0.0140158 -0.000894178 -0.00657351 0.0189765 -0.00566657 0.000572381 0.00323093 -0.0059902 -0.00606724 -0.00419073 0.00250867 -0.00249073 -0.00127387 -0.00268766 0.000166251 -0.00363297 -0.00970762 0.000279766 -0.00422997 -0.00264143 -0.00278773 -0.00349927 -0.00522063 -0.00821767 -0.00924962 -0.00220098 -0.00468314 -0.00498468 -0.0098133 0.00241365 -0.0036642 0.00244274 -0.00262194 -0.000974939 -0.00236655 -0.0108487 -0.006274 -0.00776332 -0.00976008 -0.00599949 -0.00732974 -0.00402207 -0.00618177 -0.0170437 -0.00981831 -0.0158519 -0.00169743 0.00388416 
-0.00273244 -0.00126403 -0.000216545 -0.00144862 -0.00132515 -0.00345179 -0.00176255 -0.00160344 -0.000454215 0.00058359 0.00303209 -0.00246658 0.00566934 0.00397274 0.00156874 -0.00335687 -9.94523e-05 -0.00177078 -0.00355566 0.00242558 -0.00572067 0.0786117 0.00221453 -0.000189006 0.000962635 0.00287237 -0.00277939 -0.00387542 -0.00239574 -0.00287585 -0.00386008 -0.00177717 -0.00153681 -0.00267772 0.00123956 -0.00159336 -0.00458166 -0.00211068 -0.000835834 -0.00775981 -0.00420897 -0.00200158 0.00165116 -0.000663048 -0.00425151 0.000530717 -0.00128162 -0.00217748 -0.00256149 -0.00903551 0.000422554 -0.00280875 -0.0010821 0.000916533 0.00448628 0.00125951 0.00189235 0.00176367 -0.000688674 0.00230944 -0.000981245 0.00188412 -0.00104907 0.000862538 -0.000572316 0.00153444 -0.00497839 0.000736999 0.000682828 0.00140343 -0.00145105 -0.000678502 0.000648602 0.00120207 -3.21399e-05 -0.00120248 -0.00492314 0.00115136 0.00159131 -0.00316369 -0.00649881 0.00278097 -0.00305452 -0.00262845 0.00224521 -0.00227216 -0.00650367 9.96582e-05 0.000120001 -2.2781e-05 -0.00250461 0.00557456 0.00205609 -0.00111926 0.000415111 0.0024888 0.00304695 0.000468272 -0.000143668 -0.0047604 
0.00238881 -0.00262977 -0.00382779 -0.00491583 -0.00504173 -0.00665774 -0.00261908 -0.0121739 -0.00705577 0.00808028 -0.00256875 0.00291296 0.00765668 0.00607762 0.00706038 0.00371172 -0.00225976 0.00359473 -0.000700055 0.0124163 0.00660477 0.00221453 0.129603 -6.76332e-05 0.00231282 0.000866972 -0.00722651 0.00457432 0.00245301 -0.00749641 0.00321504 -0.00104439 -0.000771351 -0.00109311 -0.00977576 -0.00408031 0.00309696 -0.0134356 -0.000589479 -0.00403641 -0.00718691 -0.0054725 -0.00359184 -0.00406119 -0.00414224 0.00205961 -0.00201962 0.00163542 0.0035814 -0.000513061 0.0078405 0.00409448 -0.00169578 -0.000652034 -0.00773564 -0.00810911 -0.00454678 -0.000432825 -0.00277973 0.000125171 -0.00170232 0.00493915 -0.00194011 -0.00234019 -3.20129e-05 -0.0042336 -0.000329628 -0.00716921 -0.00487961 0.00534513 0.0032452 -0.00340063 -0.000694412 0.0045988 -0.0024946 0.00264056 0.000900194 -0.00364081 0.00632264 -0.00646903 -0.00855085 0.00855029 -0.000884247 -0.000189756 0.00157945 -0.0048167 -0.0106352 0.00104679 -0.000873402 -0.00646819 0.00154559 0.00190187 -0.00627038 -0.00795888 -0.00605716 -0.00729027 -0.00732133 -0.00551024 -0.00317929 -0.00245418 
-0.00235328 -0.0019964 -0.00125987 -0.00144499 -0.000107816 -0.00120473 -0.000383014 -0.00369137 -0.00360084 -0.00955975 -0.00382865 -0.00124969 -0.0163964 0.000506916 -0.0133068 -0.00346117 -0.00335071 0.00323408 -0.00252801 -0.00357057 -0.00817291 -0.000189006 -6.76332e-05 0.100015 0.00496434 0.00234955 0.00610914 -9.9306e-05 -0.00321726 0.00116073 -0.00198937 -0.00183885 0.00504377 -0.00376954 0.00321294 0.00245407 -0.00602931 0.00339156 0.000345914 0.000238636 -0.0036999 0.00486176 0.00626077 -0.00133372 0.00219865 0.0106876 -0.00217547 0.00432651 0.000378049 -0.00617042 -0.00719832 -0.00893764 -0.00761605 -0.00353945 -0.00401918 -0.00102405 6.6889e-05 -0.00120562 -0.00136512 0.000845263 0.000166308 -0.00138981 -0.00397512 -0.00111738 0.000865153 -0.00308711 0.00384949 -0.00243653 0.000587048 -0.00415032 0.00203236 -0.00243025 0.000145349 -0.00248933 -0.000621151 0.0041822 0.000228282 0.00122765 0.00194492 0.00571503 0.00337954 -0.00576272 -7.28246e-05 -0.0112838 0.000311834 -0.00371024 -0.00834978 -0.00642205 -0.000996356 -0.00319607 -0.00408321 -0.00327818 0.00497586 0.00533366 0.000603758 0.01378 0.00131998 0.00174525 0.00765151 -0.00689275 
0.00465597 0.0047471 -0.00521067 -0.000959364 -0.00829606 -0.0135498 -0.0104111 0.00225285 -0.00514834 -0.00951677 0.000155786 0.000642158 -0.00287353 -0.00298961 -0.00948483 0.00110772 0.0113004 -0.00197883 -0.0032615 -0.00428293 -0.00220237 0.000962635 0.00231282 0.00496434 0.166993 0.00286879 -0.00762159 0.00180328 -0.000797198 -0.00453106 -0.00543454 0.0103132 -0.00299348 -0.00877232 -0.0048452 -0.000360592 -0.0130405 -0.00872241 0.00152623 -0.0083558 0.00584779 0.00216809 0.0104307 0.0018163 -0.00916298 0.00115989 -0.00333797 0.00453222 -0.00818025 -0.00879955 -0.0116368 -0.00799157 -0.00922116 -0.00131984 0.00935183 -0.00333998 -0.00187304 0.000272047 -0.0022911 -0.000412468 -0.00883504 0.00101559 -0.0147864 -0.0168645 -0.00552825 -0.010031 0.00710056 -0.00955504 -0.0010202 -0.00341456 -0.00355281 -0.000822189 -0.00107552 -0.00542745 0.00135017 0.00529146 0.00081595 -0.00106692 -0.010075 -0.0033856 -0.0060555 0.0143357 -0.00395646 -0.00252114 -0.00514943 -0.00285619 0.00169305 -3.27032e-05 -0.00213661 0.011058 0.000297868 0.00353886 -0.00427005 0.00198761 0.0108855 0.0093848 0.00403878 0.00197009 0.00818423 0.000492803 
0.00322159 0.00163305 0.0062365 -0.00336892 0.000773754 -0.00783945 0.00742835 0.00449839 -0.00531642 -0.00917563 -0.00349471 -0.000495827 -0.00400595 0.000139787 -0.00384391 -0.00337971 -0.000675005 -0.000846278 -0.000115927 -0.00455664 -0.00328691 0.00287237 0.000866972 0.00234955 0.00286879 0.0909111 -0.00130602 0.0039807 0.000219109 0.000696823 -0.00105569 0.00260316 -0.00102789 -0.000277067 -0.00680239 0.00254583 -0.00349945 -0.00278133 -0.000727405 0.00241864 -0.00302606 -0.000363513 -0.00327192 0.00229312 -0.00688726 0.00863659 -0.00373501 0.00262048 -0.00299284 -0.00828005 0.00703087 -0.0115875 -0.00615292 0.00102388 0.000574121 -0.003829 -0.00183939 0.00264565 -0.00311838 0.000545457 -0.00319706 -0.000254151 -0.00537535 -0.00466067 -0.000708815 -0.0061185 -0.00121906 -0.00319333 -0.00131182 -0.00426186 0.00199744 0.000681208 -0.000611168 0.00183105 0.000931827 0.00156347 0.0121931 -0.00210979 0.00515334 -0.00144707 -0.00711125 0.00382325 -0.00352023 0.000241995 -0.000459608 0.00178533 -0.00163735 -0.00138813 -0.000645862 -0.000871635 0.000119589 -0.00125812 0.000140588 -0.00545291 -0.0041945 0.0018942 -0.000845045 -0.000444593 -0.00400017 -0.00473051 
-0.00435083 0.00827837 -0.000297259 -0.000709857 0.00812866 0.00351829 -0.00730594 5.1691e-06 -0.00390162 0.000767947 0.0101274 -0.000937265 -0.00574997 -0.00673589 0.00532178 -0.00255018 -0.00471135 -0.00281729 -0.0161392 0.00757592 0.0140214 -0.00277939 -0.00722651 0.00610914 -0.00762159 -0.00130602 0.1524 -0.0029256 0.0054082 0.00513763 0.00457326 -0.0109858 -0.00717515 0.00436121 0.00121008 -0.00015746 0.000821443 -0.00958494 -0.00231426 0.0101377 -0.00413984 -0.00409673 -0.00215763 -0.00219925 0.00134426 -0.0023309 -0.00552855 -0.00962396 -0.00573547 0.00409986 -0.00767273 0.00207513 0.00444105 -0.00328891 0.000387446 0.0057577 0.000541678 -0.00284324 -0.00256337 -0.00305568 0.0034342 -0.00701716 -0.000370997 -0.00926815 -0.00526726 -0.00829277 -0.00106031 -0.00413137 -0.00200615 -0.00249981 -0.00139637 0.00123167 0.00732943 -0.00612881 -0.000342836 -0.00496981 -0.00361985 -0.00290611 -0.00782519 1.21454e-05 0.00458212 -0.010882 -0.00502722 -0.00443475 -0.00269471 -0.00176173 -0.00440448 -0.0012237 -0.00100862 -0.00180601 -0.0024883 0.00740314 -0.00684227 -0.00274705 0.00689722 -0.00281481 -0.00301791 -0.00366023 -0.00545712 -0.00654669 
0.00339944 -0.000118714 -0.000823204 -0.000770606 -5.78281e-05 -0.00122416 0.000962123 -0.00354414 -0.00181445 -0.0048472 -0.0042047 -0.00180169 -0.00124259 0.0030049 -0.00380418 -0.00149237 0.00281104 -0.00122306 0.00523664 0.00193023 -0.00227143 -0.00387542 0.00457432 -9.9306e-05 0.00180328 0.0039807 -0.0029256 0.0882578 0.00104137 0.00243415 -0.000939236 0.00145596 0.00203561 -0.0107852 -0.000364146 0.00340307 0.00456801 -0.00427561 0.0013655 -0.000691204 0.00338531 -0.00356419 -0.000153783 -0.00049622 -0.00311269 9.39593e-05 -0.00271632 -0.00708203 -4.33224e-05 -0.00645307 0.00230497 -0.00860648 -0.00610403 -0.000810384 -0.0049091 -0.00653587 0.00397043 0.0014188 -0.00389211 0.000513894 -0.00394206 -0.0039775 -0.00417102 -0.00388247 -0.000684751 0.001662 -0.00185038 -0.00107961 0.0042645 -0.000980012 0.00110646 0.00285129 0.00234628 -0.000773576 0.00269345 -0.00177866 -0.00152395 -0.00105353 0.00612441 0.00173977 -0.00271461 -0.00609979 0.00118739 0.000982683 -0.000722537 0.000128817 -0.00502777 -0.00374297 0.000224317 -0.00451441 -0.000392979 0.00184359 0.000220402 -0.00387185 -0.00373406 0.00478261 -0.0028804 -0.00230091 -0.00356617 -0.00316775 
-0.00387588 -0.000852369 -0.000867145 0.000415727 0.000511285 0.000980484 -0.00658108 -0.00686265 -0.00446824 -0.00440855 -0.0022288 0.000813035 0.00346208 -0.00598025 -0.00119294 -0.00334347 -0.0027495 -0.00348665 -0.00298525 0.00216868 0.00368165 -0.00239574 0.00245301 -0.00321726 -0.000797198 0.000219109 0.0054082 0.00104137 0.0835992 0.00449252 -0.00158329 0.0028718 -0.00338577 0.0117049 -0.00247289 -0.000304401 0.00193196 -0.00235084 -0.00166475 -0.00272313 -0.00182957 -0.00187594 -0.00228297 -0.00377746 -0.000619065 -0.00406517 -0.00155892 -0.00519915 -0.00122879 -0.00268635 0.00696288 0.00618948 -0.00101133 -0.00113013 -0.00441474 -0.00403351 -0.000771739 -0.000685376 0.000393302 -0.000694799 -0.000583879 -0.00121423 -0.00825572 0.00182603 -0.00200086 -0.00297752 -0.000255361 -0.0016185 -0.000951177 0.00350285 -0.00119236 0.000213519 0.00154645 0.00257696 -0.0024548 -0.00418713 -0.00333923 0.00103807 0.00209567 0.00109232 0.00102257 0.00203969 -0.00117533 0.00185361 -0.00276703 0.000732287 -0.00449484 0.00086262 0.000109183 0.00270305 -9.52408e-05 0.00530229 -0.00381644 -0.00149679 0.00016195 -0.00819845 -0.00298221 -0.000406177 -0.00497117 9.76978e-05 
-0.00212576 0.00121132 0.000519363 0.000226932 -0.00483668 0.00665497 -0.0141162 -0.0063862 -0.00264004 -0.00130467 -0.00628838 -0.00522574 -0.00414095 -0.00268662 -0.00719341 0.00119392 -0.00445541 -0.00325644 -0.000426305 -0.00699145 -0.00882621 -0.00287585 -0.00749641 0.00116073 -0.00453106 0.000696823 0.00513763 0.00243415 0.00449252 0.11826 0.000477125 -0.00569586 0.00340077 0.00383326 -0.0017772 0.0011317 -0.0018045 -0.00099168 -0.00482045 -0.00111902 0.00122735 -0.00270396 -0.00197809 -0.00251192 -0.00297399 -0.00657528 -0.00446654 8.09704e-05 -0.00313966 -0.00584052 0.00785684 -0.00370667 0.00111718 -0.000912501 -0.000445934 -0.00508179 -0.00160234 -0.00275185 -0.00386974 0.00210184 -0.00387731 -0.00619919 -0.00249249 0.00778546 -0.00220532 -0.00175983 0.000780712 0.000817503 0.000595152 -0.00484155 0.000109615 0.00487023 0.0045582 0.00394987 0.000316365 -0.00471801 -0.00476645 0.000208165 -0.00590222 0.00395053 -0.00170216 -0.00567429 -0.000269405 -0.00654208 -0.000339341 0.00379814 0.00103452 0.0104337 -0.00144708 0.00076572 0.00756543 0.0109857 -0.00296962 0.00535963 0.000585342 -0.0043504 9.7929e-05 0.00440975 -0.00945585 -0.00610672 
-0.0136603 -0.000680613 -0.00139869 -0.00293355 -0.00387793 -0.00925918 -0.0112275 -0.00381248 -0.00225927 -0.013641 -0.00707593 -0.00496009 -0.0060716 -0.00605041 0.00107768 0.00365281 -0.00425626 0.000227659 -0.00188866 0.00258056 0.015117 -0.00386008 0.00321504 -0.00198937 -0.00543454 -0.00105569 0.00457326 -0.000939236 -0.00158329 0.000477125 0.152041 -0.00984073 0.00200901 0.00745069 0.00758691 0.00208782 -0.00353066 -0.00785078 0.000760086 -0.000954313 -0.0143558 -0.00248532 -0.00326257 -0.00569876 0.00737395 -0.0105281 0.00551997 -0.00177343 -0.00551102 0.00525454 -0.00568244 0.00648616 -0.0115455 -0.00351585 -0.00286597 0.0245523 -0.00396557 -0.0028742 -0.00061877 -0.000685824 0.000194606 -0.00984511 0.0191195 0.00698917 -0.0082965 0.00522035 -0.01116 0.00193626 -0.00496803 -0.00474942 0.00461657 -0.000393668 -0.0018996 -0.00183439 -0.00535078 -0.00546235 -0.000593625 0.000138027 -0.00221409 0.00332843 -0.00236334 -0.00405554 -0.00025699 -0.00798844 0.000100187 0.00289783 -0.00140489 -0.00151454 -4.82791e-05 4.55247e-05 -0.00220175 -0.00823851 -0.00368918 0.0102597 -0.00170957 -0.00959535 -0.00267433 0.00164512 -0.00351424 0.0029494 
-0.000541059 -0.00394855 -0.0028351 -0.00141651 -0.00240169 -0.00369114 0.00128993 0.00607196 0.00919464 -0.0101494 0.00107407 0.00341711 0.00381352 0.00457564 -0.00416214 0.00040991 0.00621912 0.000266569 0.00809053 0.0100774 -0.00747011 -0.00177717 -0.00104439 -0.00183885 0.0103132 0.00260316 -0.0109858 0.00145596 0.0028718 -0.00569586 -0.00984073 0.152379 0.00603438 -0.0034384 -7.29146e-05 -0.00264265 0.00542401 0.00949163 -0.00423617 -0.00810298 -0.00308928 0.00283877 -0.00940572 -3.94695e-05 -0.00722905 -0.00540692 -0.00287841 -0.000874668 -0.0011709 -0.0130686 0.000288925 0.000370977 -0.00936091 -0.00113554 0.00718524 -0.0159717 0.00276767 0.00311783 -0.000656235 0.00158319 -0.00237335 0.0110214 -0.00357481 -0.00731225 -0.00592934 -0.00969557 -0.00420994 -0.00868173 0.00374723 0.00280999 -0.00232659 -0.000304871 -0.00657667 -0.0141412 -0.00378871 -0.00530899 -0.00619598 -0.00347237 0.00883776 -0.00611038 -0.0167224 0.00666486 -0.00225905 0.00658617 -0.00481407 -0.00665032 -0.00698296 -0.0058166 -0.000153106 -0.000925734 -0.00988041 0.00253879 0.00683214 0.00120595 -0.00641546 -0.00290467 -0.00095421 -0.00634494 0.00668556 -0.0027508 
-0.00513447 -0.000807573 0.00221507 0.00180866 -0.00189126 -0.00392266 -0.000219973 0.000698593 0.00209564 -0.0128675 -0.000708775 -0.00541801 -0.0151654 0.00510123 -0.00793291 -0.00674669 -0.00374988 -0.0032705 0.00478429 -0.00209084 -0.0099518 -0.00153681 -0.000771351 0.00504377 -0.00299348 -0.00102789 -0.00717515 0.00203561 -0.00338577 0.00340077 0.00200901 0.00603438 0.106604 -0.00642246 0.00546014 0.00586742 -0.00453811 0.00158615 0.00129475 -0.00133407 0.00497531 -0.001445 -0.00485471 -0.00112787 -0.00714469 0.00118994 -0.00502002 -0.0020566 0.000607545 -0.00150209 0.00274238 -0.00987939 -0.00519057 -0.00120248 0.0116774 -0.000743951 -0.00272434 0.00113845 0.00027529 -0.000687275 -0.00606783 -0.00297153 0.0052831 0.000677902 -0.001693 -0.00590112 -0.00462965 0.00495143 0.00108461 -0.00621826 -0.000976597 0.00473417 -0.00110807 -0.00402899 -0.00323152 0.00354303 -0.00338969 0.00444969 0.00965734 0.00382742 0.00378496 -0.00568506 0.00232133 -0.00562101 -0.00191233 -0.00135152 -0.00354318 -0.00140525 0.000620856 -0.00195931 0.00282438 -0.0101513 0.00319704 0.0109804 0.00175026 -0.00578456 -0.00314111 -0.005728 0.000499445 -0.00369171 
0.0133199 -0.00538693 -0.000487182 -0.00555746 -0.00244312 0.00251209 -0.0120431 -0.0209968 -0.0193334 -0.00928765 -0.0111112 -0.00495817 9.91866e-05 -0.0129024 -0.00866914 -0.00455988 -0.0123897 -0.00576888 0.00505193 0.000162316 0.0031124 -0.00267772 -0.00109311 -0.00376954 -0.00877232 -0.000277067 0.00436121 -0.0107852 0.0117049 0.00383326 0.00745069 -0.0034384 -0.00642246 0.196748 0.00562447 -0.00118596 0.00579122 -0.00165845 -0.0036473 0.00572296 -0.00690511 0.000928438 0.00458078 -0.00124148 0.010736 0.00244636 0.0012585 -0.00587709 0.0020533 -0.0143271 0.00314664 -0.00452206 0.00239807 -0.00157983 -0.00370697 0.00969094 -0.00433578 0.00183258 -0.00366461 -0.00493629 0.00182136 0.00255319 -0.0158129 0.00326553 -0.00603098 -0.00686741 -0.00624625 -0.000853806 -0.00501768 -0.000274049 0.00203864 -0.00171142 0.00107475 -0.00815868 -0.00284483 -0.00223728 0.0105938 -0.00289629 0.000229348 -0.00551847 -0.0114323 0.00468693 -0.00176884 -0.00308957 0.00393752 -0.00321483 -0.00285223 0.00776471 -0.00203489 -0.00283085 0.00924595 -0.00124875 -0.00429412 0.00475324 -4.38501e-05 -0.0173876 0.000185312 0.00453938 -0.0119124 -0.00395676 
