0.171018 0.00495954 0.00120475 -0.00109963 0.0152157 0.00233791 0.00178758 0.00159876 -0.00890815 0.00189722 -0.0102369 0.00106425 0.000302317 0.000836802 0.00704584 -0.000506074 0.000299437 0.00567223 -0.0137142 -0.0077536 0.000547618 0.000866042 0.00018154 -0.0149805 -0.00678541 -0.000440592 0.000479871 -0.0094744 0.0106035 -0.00895052 -0.00272804 -0.00810777 -0.00145802 -0.00720453 -0.00365134 -0.0073374 -0.00599268 -0.00349408 -0.00722631 -0.00506936 0.00223398 -0.00918559 -0.00304391 -0.00375829 -0.00479794 -0.000288186 -0.0129475 -0.00473784 -0.000725555 -0.0167495 0.00103208 -0.00425478 -0.00269839 -0.00448726 -0.00905568 0.00261174 -0.00393795 -0.00682335 0.000536403 -0.00157317 -0.00216127 -0.00160128 -0.00662851 0.00485658 -0.00207773 0.0115746 -0.00922721 -0.00269513 -0.000250035 0.0219414 0.00848517 -0.00459873 0.000408752 -0.00872343 -0.0172707 -0.00902448 0.00708507 0.00631127 0.0115614 -0.00211863 0.00991939 0.000993977 0.00444423 -0.00786183 -0.0070513 -0.00186745 -0.0002479 -0.00551731 -0.0013618 0.00224261 -0.00627061 0.000381455 -0.0116223 -0.000181477 0.00092186 0.00477315 -0.00617465 -0.00221864 -0.00449125 0.0151938 
0.00495954 0.0927224 0.00106573 2.43164e-05 -0.00169859 7.99303e-05 0.00256639 -0.00137909 -0.00311165 -0.00243132 0.00170004 -0.00591982 0.00225102 -0.00613607 -0.00446305 -0.00334642 0.000255686 0.000977844 0.00102906 -0.00183227 0.00232906 -0.0041766 -0.000540553 0.00299375 0.00812057 -0.00108176 0.00156613 -0.00084146 -0.00719907 -0.00909119 0.00454624 -0.00206835 7.4266e-05 -0.00232785 0.0078505 -0.000128156 -0.00232582 -0.0016828 0.00598455 0.000133651 0.00041416 5.12319e-05 0.00249157 -0.000111717 0.0024506 -0.00261934 -0.00615188 0.0014446 -0.000782886 -0.000722304 -0.00241113 3.09722e-05 -0.00160627 0.00315316 -0.00607066 0.00229966 -0.000839005 -0.00174471 -0.000119745 -0.00334994 -0.000403077 -0.00198683 0.00552757 0.00415987 -0.00276056 0.000801158 -0.00555614 -0.00677622 -0.000448173 -0.0038525 -0.000743643 -0.00241091 -0.00744548 -0.00482996 -0.00117118 -0.00577579 -0.0112449 0.00386927 0.00291991 -0.00545725 -0.00821686 -0.000991228 -0.0022056 -0.00173441 -0.00202909 -0.000713874 0.00120777 0.000273033 0.00307497 -0.000337792 -0.00199186 0.000847355 -0.00546653 -0.00072286 0.000593489 -0.00303345 0.0023345 -0.00177678 -0.000682924 -9.80915e-05 
0.00120475 0.00106573 0.0628356 0.000880218 0.00224308 0.00127128 0.0003737 0.00458227 0.00228116 -0.00564519 -0.00199378 -0.000297831 -0.00178667 6.25849e-05 -0.0021303 -0.00375711 -0.00242833 -0.000922807 -3.35441e-05 0.000738309 0.000955495 0.00086379 0.000762283 0.000571039 0.000156619 -0.000969842 0.000248413 -0.000524561 -0.0016817 0.00306284 -0.00116549 -0.000377779 0.00179221 -0.000853231 -0.00456777 -0.00301369 -0.00277861 0.000458061 -0.00321779 -0.0016048 -0.00615205 -0.00315968 0.00214826 -0.00388171 -0.001218 -0.00040201 -0.000269781 -0.00052592 -0.00147881 -0.000754792 -0.00185227 -0.0016744 -0.00139209 5.73369e-05 -0.00207939 -0.00217201 -0.00136182 -0.00488795 -0.0018986 0.00171333 -0.0007871 -0.00109676 0.00357993 -0.000219767 0.00143225 -0.00134716 -0.00488327 -0.000242302 0.000632982 -0.00235846 -0.00287775 -0.00581906 -0.00212447 -0.00625186 -0.00133716 -0.00127908 0.00502857 0.00323741 -0.00340581 0.00689669 -0.00361999 0.00133329 -0.0032494 -0.0017525 0.000174411 -0.00474052 -0.00151302 -0.000480065 0.00273797 0.00024658 0.00154672 0.00394019 -0.00609322 -0.000330363 -0.000559057 0.00173539 0.00184847 0.00187153 0.00378891 0.000920635 
-0.00109963 2.43164e-05 0.000880218 0.105057 0.00173935 0.00526573 -0.000898083 0.0126913 -0.000967001 0.00285482 0.00298385 0.000328214 -0.00254123 -0.00274853 -0.00406487 0.00102111 -0.00693995 -0.00151378 -0.00994356 -0.00689954 0.00281759 -0.00199369 0.000307506 -0.00601923 -0.00172743 -0.00291991 0.00480513 0.00173345 0.00137752 -0.0013582 -0.00332162 -0.00238543 -0.00203882 -0.00211524 0.00113577 0.00138106 -0.00424309 -0.00371367 -5.89242e-05 -0.00577774 -0.00760163 -0.00638105 -0.00102473 -0.00702195 -0.00251812 0.00257585 0.00211453 -0.00137962 0.00280184 0.000716092 0.00394009 -0.00298784 -0.0065011 -0.00137237 0.00640987 -0.000820251 0.000877716 0.00132969 -0.00213345 0.00331392 -0.00117113 0.00457743 -0.00459622 -0.00509348 6.2082e-05 -0.0122218 -0.00225724 0.00269186 -0.00100306 -0.00487317 0.00047442 0.000595233 -0.00111462 -0.0105727 0.000727732 0.00535299 -0.00883416 -0.00456199 0.00288341 -0.00375217 -0.00296579 0.000406233 -0.00246769 -0.0033572 0.00112948 4.54279e-06 -0.000776155 -0.00118997 -0.00412273 -0.000675573 -0.00286642 -0.00111078 -0.00593801 -0.00342559 0.000763178 0.0044041 0.00501948 0.00381353 -0.00124488 0.00183419 
0.0152157 -0.00169859 0.00224308 0.00173935 0.203557 -0.0011574 -0.00652135 0.0136638 -0.00245987 -0.000903292 0.00113735 -0.00208125 -0.00356813 0.00240747 0.0167871 -0.000454546 -7.75493e-05 -0.00716344 -0.00477808 -0.00410701 -0.00257513 0.00529948 -0.0114222 0.00209651 -0.00423031 -0.000898763 0.0123743 -0.00681647 -0.0071914 0.000364072 0.00083752 -0.0103444 -0.00285729 -0.00563831 -0.010871 -0.00495995 -0.0070043 0.00212796 -0.01298 -0.0141343 -0.0067608 0.00374701 -0.00598254 -0.00142394 -0.00619507 -0.00714386 -0.00981609 -0.00381795 0.000728308 0.000353057 -0.00394318 -0.000577983 -0.00262275 -0.00247106 -0.00865069 0.00304438 -0.00274116 2.96542e-06 0.0151897 -0.0054286 -0.000119423 -0.00664754 0.00448933 -0.00627201 -0.00188217 0.00575294 0.00048915 -0.0104313 0.000301837 -0.00791606 -0.00241493 -0.00899146 -0.00119056 -0.00162902 6.75877e-05 -0.00715463 -0.00948921 -0.00563182 -0.00783806 -0.0139156 -0.00363564 0.00579736 0.00448544 -0.0105059 -0.00447075 -0.0167615 -0.00168905 -0.00360236 -0.00048931 0.00126385 0.00172257 0.000585153 -0.008005 -0.00380628 0.00658386 0.000812597 -0.00773357 0.00345517 0.0138695 0.00410047 
0.00233791 7.99303e-05 0.00127128 0.00526573 -0.0011574 0.120838 0.00805308 0.00185956 0.000997277 0.00850799 0.00305202 0.000185862 0.00187092 -0.00624882 0.00129418 -0.00590568 -0.00796992 -0.004258 -0.00571268 -0.00499312 0.000364266 -0.00626355 0.00284441 -0.00219447 -0.00762786 0.00373085 0.00319629 -0.00112642 0.0042159 0.00296749 -0.00122815 -0.0030925 0.000355547 -0.0017627 0.00509352 0.00272085 -0.000787761 0.00677253 -0.00599771 0.00405441 -0.00587915 -0.00899033 -0.00399158 -0.00697285 -0.00236476 0.00452615 0.000392033 0.00278135 -0.00264336 0.00399256 -0.000389306 -0.00325038 0.00259288 -0.00554914 -0.00919973 -0.00980757 -0.00257228 -0.00456328 -0.00502921 -0.00135367 -0.000905284 -0.00242457 -0.00708731 -0.000485 -0.00210266 -0.00107517 -0.00787818 0.00811801 -0.000895001 0.000218262 -0.00580162 -0.0011636 -0.00305564 -0.008155 -0.00819617 -0.006692 -0.00604939 0.00391408 -6.02069e-05 0.00124092 0.00391026 0.00218617 -0.00082332 -0.00271731 -0.000723406 -0.00442844 -0.0037728 -0.000112556 -0.00114106 -0.00264272 0.00184094 -0.00495663 0.00732877 -0.00207044 -0.0066215 -0.00277553 0.00502264 0.0011681 -0.00275861 -0.00470853 
0.00178758 0.00256639 0.0003737 -0.000898083 -0.00652135 0.00805308 0.1526 0.00280782 0.00148281 0.00343585 0.000250784 -0.00789272 0.0110155 0.00207265 0.00223015 0.00505716 -0.00112821 -0.00395758 -0.00735765 -0.00782338 -0.004159 0.000771414 -0.00211381 -0.00202671 -0.00175402 -0.000665104 0.0035734 -0.00572096 0.000128139 0.0061321 -0.00441322 0.00614212 -0.00214198 -0.000931545 0.00230181 -0.00183343 -0.00293797 -0.000940791 -0.00547236 0.00656632 -0.00672474 -0.0180123 -0.00942038 0.00773229 0.00346791 -0.00166007 -0.00636982 -0.000409903 -0.00165592 0.00362146 -0.00186763 -0.00330295 -0.00785735 -0.00708242 -0.0129852 -0.0100694 -0.000377004 -0.0114375 -0.0082022 -0.00421247 -3.09009e-05 0.00256878 -0.00470818 0.0055782 0.000600026 0.00662172 -0.00775966 0.00304691 0.00797478 0.00269424 -0.0078646 0.00778304 -0.0109258 0.0115082 -0.00229352 0.006759 -1.89386e-05 0.00153444 -0.0146292 0.00740556 -0.0161706 0.00116166 -0.00830937 -0.00684845 -0.00662272 -0.000286068 -0.00435522 -0.00438439 0.000345347 -0.0089537 -0.00196037 -0.00636601 0.0102457 -0.00668895 0.0115964 -0.00642151 -0.000283329 0.00321728 -0.0109688 -0.00562426 
0.00159876 -0.00137909 0.00458227 0.0126913 0.0136638 0.00185956 0.00280782 0.12553 -0.00220254 0.00143999 -0.00661053 -9.46004e-05 -0.00140849 0.00165362 -0.0057399 -0.00657248 -0.00687124 -0.00083528 -0.00704774 -0.00293982 -0.00336602 -0.000852434 0.000855059 -0.00191159 -0.000874166 -0.00792066 0.00243672 0.000428125 0.00216602 -0.00260143 -0.0039659 -0.00577839 -0.00149695 0.00243565 -0.00399014 -0.00553959 -0.00155966 -0.00237925 -0.00428605 -0.0105723 -0.00873762 -0.0101648 -0.00326397 0.000604858 -0.00533456 -0.00105714 0.00697756 0.00109006 -0.00108883 -0.000433898 0.00183356 -0.00249622 -0.00184885 -0.00367505 -0.00387557 0.012583 0.00675937 -0.00594522 0.0106296 0.00451559 0.0094596 -0.00207463 0.00388045 -0.00595144 0.00144742 -0.0108568 -0.000406915 -0.00448018 0.00428309 -0.00199471 -0.00116662 -0.0022859 -0.00790219 -0.0130205 0.0087566 -0.00511715 0.00402961 -0.00640956 -0.00575182 -0.00917174 -0.0122337 0.00393072 3.36767e-05 -0.00537865 -0.0017878 -0.000179293 -0.000702096 -0.00149107 -0.00546128 -0.00465265 -0.0026471 0.00490997 0.0012583 -0.00499136 0.00225812 0.00341064 -0.00310956 0.00457491 -0.00218404 -0.00324871 
-0.00890815 -0.00311165 0.00228116 -0.000967001 -0.00245987 0.000997277 0.00148281 -0.00220254 0.11079 0.00149378 0.0117441 0.00465941 0.0152086 -9.40026e-05 -0.000586922 0.000408212 0.00329182 -0.0062386 -0.00445203 -0.00303916 -0.000957797 -0.0018373 -0.00523582 0.00724703 -0.00269657 0.000625934 -0.00243316 -0.00128651 0.00208601 0.00844539 -0.00354442 -0.000816289 -0.000201778 -0.00315031 -0.013027 -0.00152175 0.000772687 -0.000282199 -0.00700911 -0.00450175 -0.0106696 -0.00170772 -0.00421351 -0.00563609 0.00454714 -0.000576118 0.00176429 -0.00102787 -0.00331877 0.0010558 0.00117724 -0.0019749 -0.00366073 -0.00266205 -0.0037179 -0.00817682 -0.00120674 -0.00214625 -0.00544041 0.00305646 -0.00173276 0.00391114 -0.00689101 0.00226498 6.27482e-05 0.000709153 0.00369959 0.0025103 -0.000649151 0.000310741 0.00164233 -0.00748126 -0.00447525 0.0119558 -0.00604542 -0.00631911 -0.00159684 -0.00448516 -0.00729608 -0.00260054 -0.00687731 -0.00132329 -0.000398779 0.00664077 -0.00265137 -0.00835604 -0.00430569 -0.000867994 -0.0010433 0.00411214 -0.0021116 0.00328329 0.0014243 0.000447282 -0.00390318 -0.00221348 -0.00463048 0.00150823 -0.00160424 -0.00106105 
0.00189722 -0.00243132 -0.00564519 0.00285482 -0.000903292 0.00850799 0.00343585 0.00143999 0.00149378 0.117407 0.00194795 0.00122544 0.00705999 0.00517307 -0.00544357 0.000804367 -0.00489201 0.0031212 -0.00507534 -0.00320836 -1.5142e-05 -0.0014866 -0.00279738 -0.000578066 -0.00590154 -0.00124115 -0.00309858 -0.00204475 0.00452612 -0.00671684 -0.000858982 -0.00422456 -0.00142752 -0.002175 -0.002425 -0.00334081 -0.00261085 -0.000356518 -0.00715154 0.00188976 -0.000626068 -0.00570424 0.00374823 6.76657e-05 -0.0042248 0.00559489 -0.00335961 -0.000471669 0.000471411 -0.00070008 0.00334972 0.000241834 0.00268028 -0.00659378 0.00647157 0.00165299 -0.00224466 -0.00456378 -0.00182713 0.00352401 -0.000850963 -0.00567373 -0.00722748 -0.00413939 -0.00058742 -0.00411498 0.00216328 -0.00510207 0.000328256 0.00337271 -0.0031541 -0.00103894 -0.000854335 -0.00251507 -0.00498306 -0.00383929 -0.0039573 -0.00274854 0.00262085 -0.00136413 -0.00275024 -0.00554635 0.00184568 0.00468928 -0.00380059 0.00912057 -0.00238828 -0.00203663 9.44476e-06 -0.000863668 0.00180606 -0.00575327 -0.00592057 -0.00630779 -0.00378894 0.000651413 -0.00354026 -0.00311061 -0.00516725 -0.00770396 
-0.0102369 0.00170004 -0.00199378 0.00298385 0.00113735 0.00305202 0.000250784 -0.00661053 0.0117441 0.00194795 0.138042 0.00497277 0.000418177 -0.00512091 0.00141014 0.00531916 0.00242094 -0.00280483 -0.000280378 -0.00473495 0.00125403 -0.00615562 -0.00535973 0.00781284 -0.00653043 0.00347199 -0.00481264 -0.000442117 -0.000504203 -0.00319797 0.000534197 0.00562927 -0.00307336 -0.000851899 0.000880905 -0.00424583 0.00758022 -0.00306066 -0.00451719 -0.0120594 -0.00667257 0.00116759 -0.00185926 -0.0090509 0.00363376 -0.000516393 0.00231199 0.000549155 -0.00302515 -0.00711538 -0.00259375 -0.00355212 -0.000352665 -0.00443872 -0.00582134 -0.00823375 0.000382109 -0.00865937 -0.00953872 -8.49123e-05 0.000642644 -0.00393781 -0.00695709 0.000485499 -0.00300762 -0.00120948 0.000643824 -0.00374664 0.00158343 -0.00202879 0.0033137 -0.00355802 0.00842627 0.0156846 -0.000497137 -0.00661605 -0.00413178 -0.00722929 -0.00064357 -0.00431868 0.00219307 -0.00694227 0.00194779 -0.0077078 0.00223131 -0.00536109 -0.00346162 -0.000309642 0.00643807 0.000457606 -9.05162e-05 -7.81645e-05 -0.0146996 0.000905285 -0.00623806 -0.00376425 0.00225065 -0.00264611 0.00220111 -0.00272302 
0.00106425 -0.00591982 -0.000297831 0.000328214 -0.00208125 0.000185862 -0.00789272 -9.46004e-05 0.00465941 0.00122544 0.00497277 0.114043 0.00483132 0.0114997 0.00648191 -0.000404232 -0.00306025 0.00577369 -0.00421589 -0.00343819 0.00178339 -0.0067059 0.00192157 -0.00584736 -0.00279979 -0.0010001 -0.00222003 -0.00684515 0.011172 -0.00052166 -0.00498742 0.00186929 0.00250199 -0.00158485 -0.0052182 -0.00474714 -0.000948009 -0.00525131 -0.00453257 -0.0043206 -0.007768 -0.00843442 0.00271144 0.00412881 0.00188656 -0.00100495 0.00360145 -0.00279569 -0.00171847 -0.00678415 0.000295158 -0.00125825 0.00956758 -0.00481875 -0.000366182 0.000344222 -0.000771826 0.00139155 -0.00903141 0.00276498 -0.00381615 -0.001479 -0.00448345 0.00320883 -0.00326666 -0.00695627 -0.00491493 -0.00326833 -0.00492737 0.00566854 0.00219202 -0.00753468 -0.00223899 -0.00373997 -0.00589067 0.000815545 -0.00526874 -0.0073102 -0.00517237 -0.000944805 0.00200799 0.00204712 -0.000681242 0.00178592 0.00099564 0.0018404 0.00117677 0.00371486 -0.00071363 -0.00123508 0.00170553 -0.00314927 -0.00805464 0.00209177 -0.00534301 -0.00280365 0.00340816 -0.00521904 0.00116894 -0.00673473 
0.000302317 0.00225102 -0.00178667 -0.00254123 -0.00356813 0.00187092 0.0110155 -0.00140849 0.0152086 0.00705999 0.000418177 0.00483132 0.174396 0.00232924 -0.00209673 -0.0020217 0.00263965 -0.0118253 -0.0096352 0.00234672 0.000668809 0.00603341 -0.00713302 -0.00563323 0.00384353 0.00268451 0.00437851 -0.00342203 0.00940677 -0.00785504 0.00315324 -0.0060077 -0.00120601 -0.00865037 0.00303389 -0.00428048 0.00101724 -0.00228263 -0.00897352 -0.00217959 -0.0109161 -0.00279242 -0.0030823 -0.00522277 -0.00420249 -0.00453577 0.00321792 0.00344687 -0.00376289 0.00117254 0.00500013 -0.00731915 -0.0045911 -0.00631534 -0.00691604 -0.00863729 0.00390684 -0.00680186 -0.00922346 -0.00570052 -0.00214637 0.00704187 -0.00146479 0.00331511 -0.00123624 0.011658 -0.00961181 0.00137778 -0.00581697 -0.00522054 0.00168443 -0.0127246 -0.00751368 -0.00795238 -0.0144181 -0.0134319 -0.00339958 0.010801 -0.00762575 -0.00957736 -0.00279686 -0.000152769 -0.00654881 -0.000907404 -0.0070937 0.00178389 0.000814468 -0.00185867 0.000271977 -0.00756244 0.00468753 -0.00356363 0.0131999 -0.00256757 -0.00220862 -0.00138089 -0.0118248 -0.00234652 0.00489654 -0.00168667 
0.000836802 -0.00613607 6.25849e-05 -0.00274853 0.00240747 -0.00624882 0.00207265 0.00165362 -9.40026e-05 0.00517307 -0.00512091 0.0114997 0.00232924 0.113016 0.00405401 -0.00288643 0.0025335 0.00079693 -0.00816474 -0.00209622 -0.00314382 -0.00110047 -0.00804831 0.00203781 -0.00233986 -0.00508462 0.00367802 -0.00518078 0.00408542 0.00891015 0.000963943 -0.00296253 0.00523241 -0.00250399 -0.00241514 -0.0101785 -0.000644908 -0.00357883 0.000768233 0.00905118 -0.010463 -0.00404576 -0.00533213 0.0122134 0.000535164 -0.00420093 -0.0039348 0.000560204 0.00613002 -0.00158411 0.00121199 -0.00261766 0.00791166 -0.00447071 0.00219856 0.00217294 0.000461351 -0.00428314 -0.00222017 -0.00273313 -0.00171399 -0.00126459 0.00153684 -0.00441743 0.000687085 -0.00251187 -0.00624567 -0.0067025 -0.00141367 0.000499525 -0.00664448 6.74936e-05 -0.0125193 -0.011076 0.000842322 -0.00631779 0.000399232 -0.00331541 -0.0118252 -0.0048708 -0.00290363 0.00596298 -0.00891347 -0.00475508 0.00291993 -0.000224092 0.00141447 0.00157379 0.000807872 -0.00301442 0.00350494 0.00186951 -0.00466447 -0.00462724 9.73988e-05 0.00361903 -0.0054567 0.00523551 0.00269845 -0.00633313 
0.00704584 -0.00446305 -0.0021303 -0.00406487 0.0167871 0.00129418 0.00223015 -0.0057399 -0.000586922 -0.00544357 0.00141014 0.00648191 -0.00209673 0.00405401 0.135735 0.00539998 0.00654579 -0.00286901 0.00134503 0.00740582 -0.00173857 -0.00536872 -0.00855195 0.0010355 -0.00897518 0.00242453 -0.00163505 -0.00634313 -0.00136425 0.00108625 -0.0014822 0.00117659 0.00121574 -0.00254035 -0.00202719 -0.00413366 0.00342852 -0.00249373 -0.0088176 -0.0017235 -0.00309885 0.00275724 -0.00355915 -0.00872122 -0.00158493 -0.000545702 -0.0089502 0.000463018 -0.00191237 -0.00571151 0.000707937 0.00138574 0.00627991 -0.000369042 -0.00320474 -0.00716814 0.00542724 -0.00311315 -0.00496108 0.00473533 -0.00395606 -0.00122371 -0.00204366 0.00858546 0.000459832 0.00407331 -0.00175504 -0.00780881 0.00356282 0.00277287 0.000635629 -0.00459469 -0.00963329 -0.00190623 -0.00741598 -0.0105359 -0.00958204 -0.00435299 -0.00477134 -0.00827568 -0.00720544 -0.00291742 0.0119275 -0.00521378 -0.00324472 -0.00447847 -0.00105079 0.00131481 -0.00581689 0.00268589 -0.000817005 -0.000533606 0.000216962 0.00319688 -0.00252432 -0.00358872 -0.00468218 0.00234044 -0.00376448 -0.00844834 
-0.000506074 -0.00334642 -0.00375711 0.00102111 -0.000454546 -0.00590568 0.00505716 -0.00657248 0.000408212 0.000804367 0.00531916 -0.000404232 -0.0020217 -0.00288643 0.00539998 0.133916 0.00746189 -0.000984514 0.00192466 -0.00071682 -0.00098269 0.000807455 -0.00500865 -0.00451573 -0.00887986 0.00463226 -0.0120859 -0.00265623 0.00139819 0.00785008 -0.00355169 0.00528973 -0.00199479 -0.00621578 -0.00468816 -0.0031148 0.00731602 -0.00669804 -0.00489272 -0.00702663 -0.00599821 -0.00163206 -0.00339338 -0.000845915 -0.00148434 -0.00653105 -0.000504932 -0.000483213 -0.00047149 -0.00514708 0.0002154 -0.0043505 -0.00226528 -0.00200675 -0.00580837 -0.00501871 -0.00116231 0.00549555 -0.0016774 0.0014223 -0.00202829 -0.000289487 0.00274597 0.00144301 -0.0031179 0.000959384 -0.00523137 0.00357272 -0.000514758 -0.00754038 -0.00651062 0.00192832 -0.00577872 0.00394333 0.00243536 -0.003339 -0.0045976 0.00115062 -0.00207057 0.00569201 0.00610495 -0.000936822 0.000953217 -0.00326478 2.92155e-06 0.00182506 0.00610843 0.0035615 0.00178991 -0.00229461 -0.0049024 -0.0044024 -0.00679072 -0.00236683 -0.00463793 -0.00679137 -0.0033082 -0.00131849 -0.0053136 -0.00396057 
0.000299437 0.000255686 -0.00242833 -0.00693995 -7.75493e-05 -0.00796992 -0.00112821 -0.00687124 0.00329182 -0.00489201 0.00242094 -0.00306025 0.00263965 0.0025335 0.00654579 0.00746189 0.110055 -0.00282203 0.00252483 0.000855311 0.00209155 0.00123551 -0.000547593 0.00269954 0.000126868 -0.00328538 -0.00711009 -0.0022246 -0.00466219 -0.0025364 -0.000489979 -0.00377375 -0.00291672 -0.000377777 -0.00439988 0.00107053 0.00269556 -0.00296355 0.00206313 -0.0044437 0.00172929 0.0020084 0.000815014 0.000921182 -0.000856022 0.00154367 -0.00188954 -0.0046558 0.00309393 -0.00152861 -0.00289764 0.00418779 -0.00209959 -0.000709283 -0.00412134 -0.00415763 -0.0046701 -0.00825673 -0.00522014 -0.00179961 -0.00768657 0.00238744 -0.00419145 0.000889163 -0.000104074 0.00502336 0.00279418 0.00250285 0.00780778 -0.00474153 -0.00657485 -0.00125452 -0.00226632 -0.00397144 -0.00650164 -0.00832242 0.00317378 0.00712008 0.000968827 -0.000779498 0.00323046 -0.0069357 -0.000790038 -0.00506159 0.000309191 -0.0081218 0.00287957 -0.000452071 0.00320524 0.00251769 -0.00104923 0.0012335 -0.0074123 0.00144885 -0.00942577 -0.00383502 -0.00405646 0.00372326 -0.000118827 -0.00394453 
0.00567223 0.000977844 -0.000922807 -0.00151378 -0.00716344 -0.004258 -0.00395758 -0.00083528 -0.0062386 0.0031212 -0.00280483 0.00577369 -0.0118253 0.00079693 -0.00286901 -0.000984514 -0.00282203 0.134285 -0.000492802 0.000295997 0.000134889 -0.00227189 0.00500398 0.00273775 -0.000838791 -0.00408692 -0.00296517 0.00172995 -0.00620491 -0.00620604 -0.00590104 0.0060654 0.0011183 -0.0018545 -0.00169573 -0.0019288 -0.000687634 -0.00481131 -0.00443722 -0.0114986 0.0040257 -0.01127 -0.00131196 0.00274023 0.00168524 -0.00270687 -0.00702511 -0.000702671 -0.00533514 0.00038106 -0.0036457 -0.00514164 -0.00442451 -0.00467124 -0.00166648 0.00386894 -0.000469855 -0.00651724 -0.00825469 0.00516173 -0.00639147 -0.00311705 -0.00374887 0.00808375 -0.00360229 -0.0145636 0.00218496 0.0019658 -0.00461521 0.00279187 0.0054279 0.000563834 -0.00695142 -0.00495561 -0.000538839 0.0120865 -0.0044069 -0.00287524 -0.00830888 0.00103164 0.0227198 -6.77642e-05 0.00667679 -0.00467159 0.00174643 0.0113962 -0.00351074 0.00608198 -0.00428756 -0.00181121 -0.00154246 -0.00196818 -0.00846529 -0.00228307 -0.00232757 -0.00618218 0.00761547 -0.00601557 -0.00368732 0.0001665 
-0.0137142 0.00102906 -3.35441e-05 -0.00994356 -0.00477808 -0.00571268 -0.00735765 -0.00704774 -0.00445203 -0.00507534 -0.000280378 -0.00421589 -0.0096352 -0.00816474 0.00134503 0.00192466 0.00252483 -0.000492802 0.160906 0.000496793 0.000467772 -0.000818105 0.00339408 0.00780271 -0.0033261 -0.00254716 -0.00710473 -0.000283889 -0.0139987 -0.00358218 0.00186031 0.000597573 -0.00153717 0.000815082 0.000153125 -0.00428064 0.00581913 -0.000178262 0.00533243 -0.00689031 0.00479609 0.00484847 -0.00045315 -0.009034 0.00408916 0.0019724 0.00779051 -0.00992132 -0.00107781 -0.00322702 -0.00296816 -0.00140938 -0.00392636 0.000152702 0.00150317 -0.00983379 -0.000957217 0.00667354 -0.00498663 -0.00447298 0.00218513 0.00678462 0.00522826 0.0121036 -0.00239504 -0.00212751 0.00783058 -0.0100236 -0.000832987 -0.00592763 -0.00538389 -0.0015537 0.00270745 0.00858556 -0.000641015 0.00372445 -0.00855279 -0.00418514 -0.00632063 -0.00369878 0.00687853 -0.00783307 -0.00402801 0.00543311 -0.00648822 -0.000828995 -0.00223553 0.000763406 -0.00881784 0.00488304 0.00311853 -0.00641883 -0.00268374 0.000895139 -0.00546879 -0.00199222 -0.00764421 -0.00555822 -0.00510765 -0.00294908 
-0.0077536 -0.00183227 0.000738309 -0.00689954 -0.00410701 -0.00499312 -0.00782338 -0.00293982 -0.00303916 -0.00320836 -0.00473495 -0.00343819 0.00234672 -0.00209622 0.00740582 -0.00071682 0.000855311 0.000295997 0.000496793 0.107763 -0.00253329 0.00491891 -0.000821452 -0.00114364 -8.67111e-05 -0.00100828 -0.00102246 0.00136127 -0.00262652 -0.00715298 0.00074589 0.00534002 0.00125624 0.0018706 0.00196505 0.000285891 0.00131878 0.00629678 -0.00139731 -0.00369364 0.00714711 0.00507351 -0.00272898 -0.00765528 -0.00476498 0.000383595 -0.00440767 7.20337e-05 -0.000109906 0.000473411 -0.00186293 0.00310403 -0.00348739 -0.0041743 -0.00445736 -0.00341316 -0.00123272 -0.00778826 -0.00222605 0.00160558 -0.00219384 5.80619e-05 0.00264713 -0.00433407 0.00322043 0.00219054 0.00204527 7.35848e-05 -0.00316993 -0.00260776 0.00582418 -0.0021091 -0.00200059 -0.00855465 0.00122231 -0.00729698 0.00835008 -0.004529 0.00122301 0.0020343 -0.00961087 -0.00334397 0.00495794 -0.00427131 0.00108497 -0.00152905 0.000180073 0.00485972 -0.00315392 -0.00132619 0.000356761 0.00565937 -0.00343792 -0.0022441 -0.00621321 -0.00151785 -0.00293543 -0.00381026 -0.00315946 -0.00238151 
0.000547618 0.00232906 0.000955495 0.00281759 -0.00257513 0.000364266 -0.004159 -0.00336602 -0.000957797 -1.5142e-05 0.00125403 0.00178339 0.000668809 -0.00314382 -0.00173857 -0.00098269 0.00209155 0.000134889 0.000467772 -0.00253329 0.0648885 0.000553827 0.0023304 0.000929306 0.00117351 0.00336616 -0.00597503 0.00237678 0.00235817 -0.00402646 -0.000683588 -0.00152139 -0.000216192 -0.000424961 -0.000238806 0.000322258 -0.00162882 -0.000615248 -0.00251373 -0.00478436 -0.000537951 -0.00327492 -0.00332855 -0.00531778 -0.000980675 -0.000337669 -0.0037788 -0.000630108 0.000587671 -0.00229434 0.00184204 -0.000474963 -0.00142147 -0.000910073 0.000279384 -0.000130958 -0.00016008 0.00262866 0.00185782 -0.00175431 -0.00222846 -0.000480061 -9.53093e-05 0.00046119 0.000418279 -0.000608873 0.00455329 -0.000114255 -0.00211093 -0.00118413 -0.000341006 -0.00499585 -0.00451616 -0.00828514 -0.00232358 -0.00629949 -0.00787265 0.000184245 -0.00398513 -0.00258569 0.0045679 -0.0002249 -0.000416772 -0.000495664 -0.000540672 0.00230845 0.00263839 0.000529816 0.000971338 0.00245482 0.00447032 -0.000886863 -0.0027804 -0.000491283 -0.00158257 5.06382e-05 0.00116815 -0.000518839 0.000790042 -0.00107843 
0.000866042 -0.0041766 0.00086379 -0.00199369 0.00529948 -0.00626355 0.000771414 -0.000852434 -0.0018373 -0.0014866 -0.00615562 -0.0067059 0.00603341 -0.00110047 -0.00536872 0.000807455 0.00123551 -0.00227189 -0.000818105 0.00491891 0.000553827 0.10255 0.00879205 0.000777917 0.000766288 0.00651599 -0.00212698 -0.0016693 0.000326538 -0.00827275 -0.00112466 0.000758989 -0.000908004 -0.000818815 -0.00873558 -0.00201691 0.000527274 0.00393854 -0.00931394 -0.00391872 -0.00509945 0.000299042 -0.0057187 0.00053904 -0.00193997 -0.00265121 -0.0035019 -0.00243004 -0.00189513 -0.000897587 0.000700685 -0.00101698 -0.00180219 -0.000463773 0.00370535 -0.00155707 0.00443708 -0.00788264 0.00555306 -0.00143095 -0.0051367 -0.0023713 -0.00149558 -0.00895147 0.00190705 -0.00220675 -0.0036271 0.00285437 -0.00493869 -0.00163655 0.00133617 0.00126952 0.00520534 0.00287637 0.00258563 -0.00487814 -0.000542667 -0.000591795 -0.0064069 -0.000725412 -0.00276021 -0.00644171 -0.0101367 0.000942518 -0.00287566 -0.00367809 0.000699955 -0.00132063 0.00107879 0.000966762 0.002815 0.00276795 -0.00204371 -0.000678558 -0.000577962 0.000507922 0.00077033 -0.00156457 0.00146353 0.000226521 
0.00018154 -0.000540553 0.000762283 0.000307506 -0.0114222 0.00284441 -0.00211381 0.000855059 -0.00523582 -0.00279738 -0.00535973 0.00192157 -0.00713302 -0.00804831 -0.00855195 -0.00500865 -0.000547593 0.00500398 0.00339408 -0.000821452 0.0023304 0.00879205 0.113617 -0.00216589 0.005561 0.00277017 0.00183259 0.00546153 -0.00372322 -0.00243205 -0.002607 0.000943967 0.000231588 0.000607866 -0.0103015 -0.00460462 -0.000396557 -0.00109359 -0.00686019 -0.00192047 -0.000873081 0.00443655 -0.00637435 -0.00609614 -0.00353725 0.000476049 -0.00390202 -0.00246902 -0.00168229 -0.00143886 -0.00326073 -0.000705744 -0.00449258 -0.00400407 0.00345756 0.00023151 0.000640333 -0.0032914 0.0038505 0.00140941 -0.00382679 0.00118569 0.00151031 0.00746466 0.00297426 -0.000115063 0.00159228 0.00681008 -0.0012978 0.00256522 -0.00259431 0.00330846 0.00477012 -0.00344471 -0.0059677 -0.0121342 0.000951827 -0.000434751 0.00127056 0.00237603 0.00529492 -0.00637149 -0.00194694 0.00127208 -0.00190647 -0.00249326 0.000309287 -0.00332203 -6.70918e-05 0.000920006 -0.00023623 -0.0041383 -0.00224974 -0.00173972 -0.00516054 -0.00671525 0.00372852 -0.00763165 -0.00445814 -0.00615978 
-0.0149805 0.00299375 0.000571039 -0.00601923 0.00209651 -0.00219447 -0.00202671 -0.00191159 0.00724703 -0.000578066 0.00781284 -0.00584736 -0.00563323 0.00203781 0.0010355 -0.00451573 0.00269954 0.00273775 0.00780271 -0.00114364 0.000929306 0.000777917 -0.00216589 0.138018 0.000708906 -0.00658978 0.0087514 -0.00187398 -0.0103369 0.00173521 -0.00314791 0.000697702 -0.000659772 0.00653029 -0.00784062 0.00398737 0.00495785 0.00492659 -0.00739999 -0.0122852 -0.00120109 -0.00349434 -0.00115668 -0.00358464 0.00165028 -0.00604962 0.00533501 0.00365808 0.000895923 0.00305461 0.000858168 0.000213037 -0.00515464 -0.00230356 -0.00782726 -0.0041632 -0.00568135 -0.00587794 -0.00087942 -0.00534286 -0.00417671 -0.00110438 -0.00344406 -0.010027 0.00257928 -0.00596749 -0.00164121 -0.0037087 0.00217596 -0.00747147 0.00305071 -0.0104688 0.00228969 0.0197343 -0.000838138 0.00360761 -0.0104625 -0.00389397 -0.0170636 0.00494781 -0.00635624 -0.00248762 -0.00200181 0.00290774 -0.00464837 -0.0126582 -0.00293797 0.00317088 -0.00376032 -0.00199784 -0.000119713 0.00341835 0.00662327 0.00300345 -0.00491683 -0.00201921 -0.000480033 0.00145105 -0.00394427 -0.00521682 
-0.00678541 0.00812057 0.000156619 -0.00172743 -0.00423031 -0.00762786 -0.00175402 -0.000874166 -0.00269657 -0.00590154 -0.00653043 -0.00279979 0.00384353 -0.00233986 -0.00897518 -0.00887986 0.000126868 -0.000838791 -0.0033261 -8.67111e-05 0.00117351 0.000766288 0.005561 0.000708906 0.127053 -0.00592618 0.00648333 -0.00164646 -0.00592926 -0.0103568 0.00282363 -0.00227042 0.000784374 -0.000681475 0.00729614 -0.00143722 -0.00221133 -0.00476876 0.00850944 -0.00935559 0.00297641 -0.00344158 -0.00662102 -0.00633965 -0.00136008 -0.00355953 -0.00255421 0.00129879 0.0016327 0.00408034 -0.00303098 0.000246257 -0.00440828 -0.00181894 0.00436503 0.00250869 -0.00102594 0.0127714 0.00349922 -0.00701413 -0.000260432 0.00179003 0.00864363 -0.0102009 0.00184492 -0.00122711 0.00429241 -0.00483927 -0.0020214 -0.0064133 -0.0120375 -0.00674943 -0.0148554 0.000478831 0.00164755 -0.00056727 -0.00285299 -0.000316911 -0.00441013 -0.00605037 -0.00190771 -0.00298591 -0.00142686 -0.000851563 -0.00206899 0.00248044 0.000960828 -0.000754398 -0.00410013 0.0014463 0.000692257 0.00952764 0.0045398 -0.0008466 -0.00153575 -0.00691986 -0.004427 -0.000589536 0.0054205 0.0017975 
-0.000440592 -0.00108176 -0.000969842 -0.00291991 -0.000898763 0.00373085 -0.000665104 -0.00792066 0.000625934 -0.00124115 0.00347199 -0.0010001 0.00268451 -0.00508462 0.00242453 0.00463226 -0.00328538 -0.00408692 -0.00254716 -0.00100828 0.00336616 0.00651599 0.00277017 -0.00658978 -0.00592618 0.116212 -0.00322657 -0.00100753 -0.000307629 -0.00230128 0.00392579 0.00109562 0.000195067 -0.00437817 -5.36659e-05 0.00339235 -0.00108498 -0.00158426 -0.000165226 0.00514025 -0.00831347 0.00581221 -0.0104374 -0.00429871 -0.000427646 -0.000798724 -0.00979755 -0.00432897 0.00385276 -0.000376368 -0.00124825 0.000190888 0.0019187 0.0121575 -0.00923695 -0.00631858 -0.00220449 -0.00474058 0.0029411 -0.00342309 -0.00150025 -0.00332751 -0.00312785 -0.000652638 -0.00118071 -0.00449733 -0.00556182 -0.000161369 -0.00853173 -0.000724246 -0.00864416 -0.00308934 -0.00177294 0.0010435 -0.00809569 -0.011208 0.000460277 0.00353755 -0.00332779 -0.00429854 -0.00457216 0.00181149 -0.000811384 -0.000727735 -0.00344023 -0.00250063 0.00375084 0.00436252 0.00376548 -0.000525098 0.00119287 -0.00151035 0.00139082 0.000681046 1.31928e-05 -0.00122756 0.00515422 0.00193309 -0.0059609 0.000550868 
0.000479871 0.00156613 0.000248413 0.00480513 0.0123743 0.00319629 0.0035734 0.00243672 -0.00243316 -0.00309858 -0.00481264 -0.00222003 0.00437851 0.00367802 -0.00163505 -0.0120859 -0.00711009 -0.00296517 -0.00710473 -0.00102246 -0.00597503 -0.00212698 0.00183259 0.0087514 0.00648333 -0.00322657 0.152143 0.00494388 -0.00113604 0.00301559 0.00104052 -0.00638018 -0.00226002 -0.0008385 0.00328193 0.00475512 0.00205618 0.00299213 0.00834814 0.0045711 -0.00659278 0.0031538 -0.0115053 -0.00922872 -0.00296739 -0.00421692 -0.00747468 0.00207583 -0.00252786 -9.82653e-05 -0.00115033 -0.000362518 -0.00547405 0.00665854 0.00143047 0.00130044 -0.000955156 -0.0103229 -0.00188877 -0.00446319 0.00732406 -0.00829295 -0.00621849 -0.0070428 0.00158635 -0.0139244 -0.00928881 -0.0128073 -0.00171678 -0.00662094 -0.00975182 -0.007296 0.00501568 -0.0100704 -0.00455668 0.00208983 -0.011235 -0.00610273 -0.00330353 -0.00353155 -0.0140218 0.0119474 -0.00891212 -0.00584016 0.00350568 0.000136569 -0.000855394 -0.00251679 -0.00324812 -0.000635037 -0.00155096 -0.00267961 0.00724249 -0.00815667 -0.00130629 0.00458867 0.00249143 0.0043028 0.00140262 -6.12848e-05 
-0.0094744 -0.00084146 -0.000524561 0.00173345 -0.00681647 -0.00112642 -0.00572096 0.000428125 -0.00128651 -0.00204475 -0.000442117 -0.00684515 -0.00342203 -0.00518078 -0.00634313 -0.00265623 -0.0022246 0.00172995 -0.000283889 0.00136127 0.00237678 -0.0016693 0.00546153 -0.00187398 -0.00164646 -0.00100753 0.00494388 0.0972719 -0.00377544 0.00339389 0.00187823 -0.00142852 -0.00234101 -0.00105049 -0.0009328 -0.00199302 -0.000677875 -0.00443858 -0.0051323 -0.00119615 -0.00138653 0.00671323 -0.00715115 -0.00321382 -0.00217044 -0.00159564 0.00159396 -0.000604141 -0.000554059 0.00119041 -0.000792411 -0.00222367 -0.00141584 -0.000344089 -0.00280114 -0.000299091 0.00292586 0.00222033 0.00443386 0.00480869 0.00476966 0.00139171 0.000374285 0.00333614 0.0025817 -0.00293632 0.0081547 -0.0034828 -0.00372372 -0.00473765 -0.00491406 -0.000704959 -0.000326117 -0.0109722 -0.00139868 -0.00449777 0.0041408 -0.00164326 0.0015977 -0.0049957 -0.00144893 -0.00187798 -0.000541936 -0.00118482 -0.000516294 -0.00176931 0.000816697 -0.00012026 0.000378101 0.00113959 -0.00263147 1.77106e-05 0.004227 -0.00169696 -0.00316573 3.67472e-05 -0.00486963 0.00191319 -0.00316717 -0.00306838 
0.0106035 -0.00719907 -0.0016817 0.00137752 -0.0071914 0.0042159 0.000128139 0.00216602 0.00208601 0.00452612 -0.000504203 0.011172 0.00940677 0.00408542 -0.00136425 0.00139819 -0.00466219 -0.00620491 -0.0139987 -0.00262652 0.00235817 0.000326538 -0.00372322 -0.0103369 -0.00592926 -0.000307629 -0.00113604 -0.00377544 0.133233 -0.00183472 0.00099945 -0.00586339 0.00496774 -0.000711265 0.00106864 0.00205866 -0.0059468 -0.00394129 -0.00275347 -0.00105334 0.0024434 -0.0142698 -0.00093736 -0.00205834 -0.000467898 -0.000575607 -0.00155889 -0.000177065 -0.00369425 -0.00333527 0.00243128 -0.0015824 0.00694309 -0.00668517 0.00380622 -0.00350556 -0.00206711 0.00125471 -0.0107559 0.0108143 -0.00850814 -0.000763179 -0.00623643 -0.000332859 -0.00102016 -0.000701528 -0.00323508 -0.00266405 0.00086048 0.00957904 -0.00294198 -0.00733563 -0.00716418 -0.00554759 -0.00103128 -0.00149692 0.000176726 -0.00576304 0.00893948 -0.00316847 0.00352707 0.00157394 -0.00322779 -0.0055082 0.00041074 4.85511e-05 0.000349673 -0.0024986 -0.000807743 0.000652192 -0.0024925 -0.00104748 -0.00685001 -0.00146037 -0.00047587 -0.00315283 -0.00901563 -0.000832526 -0.000788199 -0.0095041 
-0.00895052 -0.00909119 0.00306284 -0.0013582 0.000364072 0.00296749 0.0061321 -0.00260143 0.00844539 -0.00671684 -0.00319797 -0.00052166 -0.00785504 0.00891015 0.00108625 0.00785008 -0.0025364 -0.00620604 -0.00358218 -0.00715298 -0.00402646 -0.00827275 -0.00243205 0.00173521 -0.0103568 -0.00230128 0.00301559 0.00339389 -0.00183472 0.143912 -0.00291724 0.00441026 -0.000938108 -0.000805493 -0.00766264 -2.20816e-05 0.00206921 -0.00453133 -0.00688789 0.00514768 -0.0115039 0.00125794 -0.00490965 0.0051627 0.00295248 -0.0053199 0.016166 -0.00176101 -0.00163661 -4.87104e-05 -0.0010172 -0.00163745 0.00123653 0.00235876 0.001384 -0.00768388 -0.0015744 -0.00593321 0.00202328 0.00864083 -0.000716872 -0.00339259 -0.00208406 0.0014432 0.00192217 -0.0034946 -0.0110519 -0.00711234 0.00432685 -0.00801473 -0.0112516 0.00703461 -0.00161342 0.00917856 -0.00404891 6.05305e-05 0.00297654 -0.00806779 -0.0139781 -0.00583025 -0.00403242 -0.000490075 -0.00469021 0.00272853 -0.00281402 -0.0069269 -0.00319862 -0.00504067 -0.0033043 -0.00200239 -1.80575e-05 -0.00535796 -0.00309119 -0.000226921 0.00307079 -0.00160492 -0.00254635 0.00738062 0.00086314 -0.00288311 
-0.00272804 0.00454624 -0.00116549 -0.00332162 0.00083752 -0.00122815 -0.00441322 -0.0039659 -0.00354442 -0.000858982 0.000534197 -0.00498742 0.00315324 0.000963943 -0.0014822 -0.00355169 -0.000489979 -0.00590104 0.00186031 0.00074589 -0.000683588 -0.00112466 -0.002607 -0.00314791 0.00282363 0.00392579 0.00104052 0.00187823 0.00099945 -0.00291724 0.0680324 -0.00172498 0.00171342 0.00281093 0.00408612 0.00156724 -0.000591507 0.000362809 0.00671415 -0.00150124 0.00526543 0.00410562 -0.00385228 -0.00457232 0.000133198 -0.0010416 -0.00409085 0.000716209 0.0017388 -0.00300438 -0.000143574 -0.00061926 -0.0023026 0.00163542 -0.00543093 -0.000651445 -0.00156634 -0.00370956 0.00756279 -0.00177815 -0.000960487 -0.0015461 0.000378599 0.000275699 0.000987902 0.00263278 -0.00284451 -0.00426928 0.00118861 -0.00201816 -0.00353522 -0.00492403 -0.00735229 -0.00458974 -0.00463329 -0.0050659 0.00244854 0.00324073 0.00230959 0.000483038 -0.00926995 -0.00183691 -0.00589599 -0.00508704 -0.000222746 -0.000187913 5.93421e-05 -0.00080263 0.00146358 0.00384371 0.00228166 0.00141601 0.00286542 0.00100945 -0.00173931 -0.0019285 -0.00283895 0.00143422 -0.00197157 0.000147663 
-0.00810777 -0.00206835 -0.000377779 -0.00238543 -0.0103444 -0.0030925 0.00614212 -0.00577839 -0.000816289 -0.00422456 0.00562927 0.00186929 -0.0060077 -0.00296253 0.00117659 0.00528973 -0.00377375 0.0060654 0.000597573 0.00534002 -0.00152139 0.000758989 0.000943967 0.000697702 -0.00227042 0.00109562 -0.00638018 -0.00142852 -0.00586339 0.00441026 -0.00172498 0.114333 0.00346965 -0.00231155 0.00012367 0.0017617 0.00953212 -0.00131914 -0.00520974 -0.00718352 5.11105e-05 -0.00245788 -0.0048199 -0.00353539 0.00510054 -0.00613295 -0.00560114 -0.00112012 -0.00247716 -0.00666925 0.00128961 -0.000668779 0.0058387 -0.00443893 -0.00500432 -0.00337488 0.00103871 -0.00490935 -0.00720856 -0.00525454 -0.00229746 0.000707446 -0.00386523 -0.00441719 0.00154663 -0.00295509 0.000203884 -0.00313024 -0.00430908 0.000998978 0.00273449 0.00294395 -0.00250539 0.0153783 0.00925083 0.0040059 -0.00107117 -0.0127995 -0.00141564 0.00238044 0.00599212 -0.0065956 0.000131728 -0.00746569 0.00219964 -0.0024256 -0.00118143 -0.00172811 -0.00435045 -0.00595058 -0.00492747 -0.00055752 -0.00440854 6.27093e-05 -0.000879982 -0.00178803 0.00751258 -0.00497541 0.00213071 -0.00590956 
-0.00145802 7.4266e-05 0.00179221 -0.00203882 -0.00285729 0.000355547 -0.00214198 -0.00149695 -0.000201778 -0.00142752 -0.00307336 0.00250199 -0.00120601 0.00523241 0.00121574 -0.00199479 -0.00291672 0.0011183 -0.00153717 0.00125624 -0.000216192 -0.000908004 0.000231588 -0.000659772 0.000784374 0.000195067 -0.00226002 -0.00234101 0.00496774 -0.000938108 0.00171342 0.00346965 0.055022 -0.00157867 0.000427982 0.000111925 -0.000163072 -0.000446796 -0.00173402 -0.00214208 -0.000857779 -0.00128804 -0.00127379 -0.00121869 0.000234113 -0.000498363 -2.15708e-05 -0.000178717 0.000652535 0.00312175 -0.000816546 -0.000189885 0.00334368 -5.10836e-05 0.00257993 -0.00161297 -0.00262825 -0.000228175 -0.00451031 -0.00113475 -0.00176659 -0.00210091 -0.00014236 0.000286286 -0.000627083 -0.00157034 -0.00110367 -0.00421767 -0.0010815 0.000343099 -0.00274352 -0.00354874 -0.00730711 -0.00262888 -0.000690796 -0.000216695 0.00141732 -0.00159666 0.00108305 0.00155737 0.000968692 -0.00114033 -0.000771979 -0.00216062 0.000608355 -0.000379646 -0.000369525 0.000332309 -0.0021533 6.13357e-05 0.00146205 0.00188471 -0.00136961 0.00134729 -0.00202285 -0.00271338 -0.00219327 -0.00211464 0.00242748 -0.00320308 
-0.00720453 -0.00232785 -0.000853231 -0.00211524 -0.00563831 -0.0017627 -0.000931545 0.00243565 -0.00315031 -0.002175 -0.000851899 -0.00158485 -0.00865037 -0.00250399 -0.00254035 -0.00621578 -0.000377777 -0.0018545 0.000815082 0.0018706 -0.000424961 -0.000818815 0.000607866 0.00653029 -0.000681475 -0.00437817 -0.0008385 -0.00105049 -0.000711265 -0.000805493 0.00281093 -0.00231155 -0.00157867 0.074853 -0.000442513 0.00414073 0.000668902 0.00370063 -0.000630757 -0.00476072 0.00446317 0.00143277 -0.00027046 -0.000712291 -0.00146576 0.00213717 -0.000533223 0.00185825 0.00339406 0.00094822 0.000398308 -0.000384037 -0.00415191 0.00213426 0.00299788 0.00103497 -0.000674732 -0.00220325 0.00347798 0.00151381 0.000207475 -0.00574313 -0.000995996 -0.00164938 0.000988089 -0.00540094 -0.000697878 0.000564348 -0.000179575 -0.00336021 -6.98984e-05 0.000596164 0.00151081 -0.00337753 0.00503774 -0.00641818 0.0045094 0.000733812 -0.000738235 0.0044078 -0.00210903 -0.00523294 -0.00200728 -0.00206688 0.00186704 -0.000493355 -0.00117833 -0.000982323 -0.000592454 -0.00152716 -0.00215358 0.000520043 -0.00121829 -0.00220794 -0.00336741 -0.000324101 -0.0022808 -0.00102967 -0.00250421 -0.00469323 
