0.119468 0.00185638 -0.000765492 -0.00884731 0.00777879 0.00315283 -0.00276209 -0.00810582 -0.00410141 -0.00294047 0.00422233 -0.00357005 -0.00151364 0.000944576 -0.000265924 -0.00551275 0.00245709 -0.00681473 -0.00170957 0.015209 -0.00297971 0.00359351 -0.00374008 -0.00793583 -0.00506919 0.0148831 0.00167901 -0.00115442 0.00422373 0.000532742 0.00244984 -0.00372238 0.00433788 0.00406072 -0.00330832 0.000724283 -0.00681651 0.00131978 -0.00351607 0.00255299 -0.00436065 -0.00382455 -5.80379e-05 -0.00414163 -0.00419376 -0.0034241 -0.00348952 -0.00154295 0.00164728 -0.011625 -0.00539162 7.08189e-05 -0.00440718 -0.000808511 -0.00677861 0.00951561 0.00547893 -0.00466301 -0.000977563 -0.00244294 0.000590426 -0.0033654 -0.0017531 -0.000488594 -0.0107602 0.00354267 -0.00219195 -0.00413081 -0.00563495 -0.00275064 -0.0026402 -0.00567364 -0.00257314 -0.00809272 -0.00819941 -0.00209511 0.00480781 0.00832819 -0.00545315 -0.00986586 0.00206508 -0.00135371 0.00167604 -0.00557659 -0.00663992 -0.00865694 0.00652835 -0.00145807 -0.00762936 0.00350958 -0.000476062 0.0098634 -0.010261 0.00159139 -0.000561483 2.67993e-06 0.000130273 0.00611612 0.00179887 0.00285346 
0.00185638 0.208334 0.00766474 0.00863227 0.00707942 0.0099848 -0.00307786 -0.0124851 -0.00482831 -0.00301879 0.0098103 -0.00626729 -0.00501942 -0.0116879 -0.00828036 -0.00788503 -0.0039109 0.00834712 -0.00746926 -0.00540546 0.00458974 0.00245535 0.00430995 -0.0212721 0.0117422 -0.00593213 -0.0111757 -0.00359505 -0.00279249 -0.000797584 -0.0106448 -0.00116031 -0.0146988 0.0183245 -0.00909651 -0.00139878 -0.0119577 -0.00726011 -0.00643871 0.00216138 -0.00328931 -0.0189019 -0.00590203 -0.00789085 0.0246472 -0.00757251 -0.000507429 -0.0081026 -0.0138935 -0.000202193 -0.010412 0.0120938 -0.00423855 -0.000558096 0.0105594 -0.00922302 0.00314046 -0.00273779 0.0119777 -0.00529386 -0.00184164 0.0113827 -0.00501826 -0.00190864 0.00110116 -0.00547463 -0.00513022 -0.0198976 -0.00061557 -0.00311797 -0.0109547 -0.00560044 -0.0037597 -0.00629383 -0.00680457 -0.00578651 0.00233294 -0.00111834 -0.00644375 -0.0142775 -0.00610016 -0.00781991 0.0164529 -0.00533618 0.00406343 0.00351655 -0.00609024 0.00190119 -0.00496295 -0.00340645 0.0212113 -0.0167833 -0.000533726 0.00250596 -0.00284784 0.00283921 -0.00528215 -0.00259106 0.00965264 0.00740892 
-0.000765492 0.00766474 0.141085 0.0105436 0.0114221 -0.000102972 0.00717548 -0.00284589 0.00728648 -0.00206107 -0.00105187 0.00160141 -0.00528038 0.00185163 -0.00346635 -0.00417861 -0.00558472 -0.00313144 -0.00211249 0.0169797 -0.00629079 0.00212321 0.00162187 0.000315047 0.00241312 -0.0106417 -0.0031833 0.000576277 0.000903644 -0.00278573 -0.00119216 -0.00702666 -0.0118639 0.00451738 -0.0093118 -0.00507723 -0.00263529 -0.00203445 -0.00330853 -0.00995668 -0.00666819 -0.0155935 0.000266835 0.00311578 -0.00741047 -0.00309768 -0.00688225 -0.00609692 0.00131481 -0.000857662 -0.00314369 0.000719065 -0.00603514 -0.00316564 -0.000130529 -0.000266879 0.00212981 -0.000619997 0.00218959 -0.0015552 -0.000685531 0.00165294 0.00123636 -0.00434089 0.0159986 -0.00367802 0.00661596 -0.00565359 -0.000911065 -0.00176531 0.00344028 0.00957418 -0.00335803 -0.00155669 0.00334534 0.00157763 0.00161172 0.00102694 -0.007882 0.00225883 -0.00582087 -0.00434583 -0.0089629 -0.00990778 0.00110813 -0.00824879 -0.00122619 -0.00386664 -0.0054187 -0.00215983 -0.00643565 -0.00810359 -0.00388238 -0.0020251 0.00202709 -0.0109525 -0.0041533 -0.0034119 0.00805566 -0.00117971 
-0.00884731 0.00863227 0.0105436 0.175132 0.00576149 -0.00453119 -0.00382036 -0.0116394 0.0146088 -0.00882408 -0.00517616 -0.00031743 0.000455568 -0.00816504 -0.00456593 -0.00929991 -0.00704979 -0.000152862 -0.00936839 -0.0112226 -0.0133762 -0.00459525 -0.00659843 -0.000884287 0.0018504 0.00187995 -0.00211592 -0.00382468 0.00079542 -0.00198713 -0.00515237 -0.00365388 0.00398689 0.00308747 -0.000307243 0.000967101 -0.00263006 0.00538535 -0.000284646 -0.00702815 -0.00519892 -0.00409816 -0.00146728 -0.009278 0.00249079 0.00367523 0.00126532 -0.00484952 -0.00518839 0.001842 -0.00177891 -0.00564665 0.0035825 -0.0041609 0.00276135 -0.00489795 -0.00262316 -0.00256016 0.0136683 -0.000700512 -0.00151196 -0.0088613 -0.00150442 -0.00497594 0.00213105 -0.00545512 -0.00504699 0.0103245 -0.000921951 0.000745139 -0.0130791 0.00292369 0.000103646 -0.00517871 -0.0014516 0.000820682 -0.00315422 -0.00100554 -0.00129687 0.0197815 -0.000876623 0.000644314 -0.00672248 -0.00602142 -0.00144795 0.000909228 -0.00424109 -0.000331498 0.00284131 -0.0034751 -0.0100313 -0.00814825 -0.00818751 -0.00357704 -0.000701038 0.00200251 0.0057313 -0.00302906 0.000191606 -0.00342059 
0.00777879 0.00707942 0.0114221 0.00576149 0.152466 0.000516101 -0.000315011 -0.0131702 0.00910955 -0.000202165 -0.0091624 0.00671085 -0.00718852 -0.0116873 -0.00396939 0.00156659 -0.0105358 -0.0120814 0.00203204 -0.008201 -0.00544109 -0.000835141 -0.0047263 -0.00259794 -0.00546087 -0.00311718 0.00307417 0.00212918 0.00465855 -0.00353306 0.00612228 -0.00675045 0.00341831 -0.00751024 -0.00457407 -0.00208531 -0.00408266 0.00177485 -0.00438038 -0.00813327 -0.0049569 -0.00468159 -0.00251459 -0.000559991 0.00681864 -0.00276659 -0.00639812 -0.00246365 0.00816254 -0.00333662 -0.0080157 0.00240996 0.00217982 -0.00034493 0.00386226 0.0094864 0.00203885 -0.00208476 -0.000421994 -0.00122954 0.00270183 0.00594138 0.00530964 -0.0052693 -0.00488945 -0.0072618 0.00692894 0.00489012 -0.00540718 -0.00209493 -0.00577982 -0.00225861 0.000937079 -0.00507564 -0.00674926 0.0032932 0.00164784 0.0123628 -0.00936675 0.000617721 -0.0119322 -0.00377804 0.00172454 -0.0101753 -0.0117918 -0.0122102 -0.00124067 0.00163896 -0.00989946 0.000775511 -0.00460763 -0.00359142 -0.00829029 -0.00205828 0.00616953 -0.00870411 0.00370492 0.00983938 5.94204e-05 -0.00717352 
0.00315283 0.0099848 -0.000102972 -0.00453119 0.000516101 0.086255 -0.00116849 -0.00609823 -0.00187232 4.31423e-06 0.000944445 -0.0061092 -7.05765e-05 -0.00123234 -0.000634766 -0.00335727 -0.000705949 -0.00300064 0.000191662 -0.00283486 -0.00379648 0.00017915 -0.00189276 -0.00624747 0.000365176 0.00412281 -0.000552184 0.000234139 0.0035952 -0.000227953 0.00235399 0.0024068 -0.00117503 0.00731278 -0.00263962 -0.00108779 -0.00305482 -0.00284339 -0.00205235 0.0125512 -0.000457267 -0.00815563 -0.00179845 0.00201602 0.00737191 -0.00385535 -0.000856975 -0.00199215 -0.0038065 -0.000923854 -0.00611615 0.0028503 0.00194142 -0.000322429 0.0104686 0.00297699 0.00201696 0.00229376 -0.00528238 -0.00194925 0.00331361 -0.00110285 -0.00106991 0.00260525 -6.12568e-05 -6.60126e-05 0.000196524 -0.0096032 -0.00498949 -0.000286393 0.00124433 0.00288701 -0.00256078 -0.00396321 -0.00120388 4.81004e-05 0.000444161 -0.00469762 -0.00485854 -0.00876632 -0.00329028 -0.00821857 0.00155759 -0.00887933 -0.00213688 0.00297171 -0.000632769 -0.0019048 0.00021856 0.00307803 0.000187535 -0.00275892 -0.00823737 0.00345174 -0.00593256 -0.00030891 -0.00609274 0.00495361 -0.00264171 -0.00619485 
-0.00276209 -0.00307786 0.00717548 -0.00382036 -0.000315011 -0.00116849 0.096044 0.00484127 0.000337531 0.0036736 0.0101223 0.00346175 -0.00658638 0.00414118 -0.000534462 0.00290678 0.000498755 -0.00210749 -0.00372085 0.00418582 -0.00254856 -0.00040666 -0.00202663 -0.000189793 -0.000698524 -0.00260616 -0.00102292 -0.000638117 -0.000838066 -0.00214428 -0.00506612 -0.00271621 -0.00633052 0.00506726 0.00055675 0.000163432 0.00112706 2.85888e-07 0.000791543 -0.010386 0.000788528 0.00318763 -0.00471935 -0.00379535 0.00259208 -0.00350263 0.000409772 -0.000321897 -0.00934962 -0.00268214 0.00562806 -0.00336958 -0.00148619 -0.00100327 -0.000724428 -0.00417851 0.00651421 -0.000253232 -0.00370941 -0.00281612 -0.00386253 0.000172982 0.000284712 -0.000555462 -0.000867559 -0.00150681 -7.04654e-05 -0.00792706 -0.000403429 -0.00193271 0.00201649 0.000445901 -0.00220744 0.000873759 0.000271498 -0.0009389 -0.00197418 -0.00555238 0.00399552 -0.00166242 -0.0044597 -0.00653909 0.0130009 -0.00152466 -0.00293138 -0.00352225 -0.00312106 0.00257483 -0.00755949 -0.00468254 0.0014719 -0.00480035 -0.00547094 -0.00223386 0.00172504 -0.00118639 -0.00489511 0.00119534 -0.00426832 -0.00196408 
-0.00810582 -0.0124851 -0.00284589 -0.0116394 -0.0131702 -0.00609823 0.00484127 0.18171 -0.00841855 0.0118923 0.0195242 -0.00854773 0.000253241 0.00591573 -0.00147343 -0.00257589 0.0072901 0.00589091 -0.00685184 0.0046472 -0.00138641 -0.0121547 0.0152766 -0.00679533 0.00280936 0.00342027 -0.000981245 -0.00362054 -0.00477239 0.00151883 -0.00331904 -0.00863898 -0.00112944 -0.00541398 -0.00417058 -0.00387538 -0.00320277 -0.000791672 0.00806067 -0.00691535 -0.00597967 0.000968864 -0.00395008 0.00975156 -0.0169865 0.00303427 -0.00459066 -0.00707296 -0.0203106 -0.0025407 -0.00277331 0.001872 0.000536465 0.0011301 -0.00577947 -0.000360615 0.00475884 0.00122276 -0.00381284 0.00274548 0.00986473 0.00129961 -0.0101295 -0.00658645 -0.00528094 -0.00371958 -0.00224267 0.00471949 -0.00250519 0.00308855 0.00406001 0.00964846 0.000953184 0.00451032 0.00130239 -0.000483102 0.00149752 -0.00376605 0.00079505 -0.000149735 -0.00940084 0.0133099 0.0107223 -0.014288 -0.00146631 -0.00510221 -0.00527928 -0.000363863 -0.0133667 -0.00321542 0.00254022 -0.00720339 -0.0211384 -0.00683108 0.00517959 0.00137915 -0.00900968 -0.00819387 -0.00941596 -0.00126616 
-0.00410141 -0.00482831 0.00728648 0.0146088 0.00910955 -0.00187232 0.000337531 -0.00841855 0.145465 0.00671002 -0.00270263 0.0046885 0.00220937 0.000551033 -0.00235634 0.00517499 -0.00901647 -0.00396824 -0.00909401 0.00271655 -0.00392278 -0.0085035 -0.00805804 0.0085275 -0.0066309 -0.00524859 -0.0053684 0.00178178 0.00177638 -0.00222742 -0.00379422 -9.68693e-05 -0.00695589 -0.00871829 -0.00534113 -0.00547729 0.0064044 0.00852365 -0.00249669 -0.00708076 -0.00460024 0.00260367 0.00236762 0.00460535 -0.00925301 -0.00203477 -0.00300673 0.00246992 0.00654708 -0.00449563 -0.000894053 -0.00171332 0.00316813 -0.000701138 0.00344543 -0.00526439 -0.00081159 0.00167627 0.00264826 0.00267267 5.04906e-05 -0.00881892 0.000798668 -9.48033e-05 0.0127868 -0.00167457 0.00193692 -0.00116016 -0.00881891 -0.000825707 -0.00623982 -0.0109867 -0.00423864 -0.011101 -0.00900491 -0.000672449 -0.00541584 0.00212249 -0.00844748 0.00194205 -0.000296026 -0.00870996 -0.00801402 -0.00578259 0.00323816 -0.00220296 -0.00562483 -0.0147926 0.00587898 0.00252335 -0.00109612 -0.00106869 -0.00148255 0.00564441 -0.00831548 -0.0120728 0.000198467 0.0124381 -0.00444098 0.00281863 
-0.00294047 -0.00301879 -0.00206107 -0.00882408 -0.000202165 4.31423e-06 0.0036736 0.0118923 0.00671002 0.110563 0.00650474 0.00211442 -0.00125723 0.00564269 0.000109605 -0.00311898 0.00160464 -0.00462196 -0.00356957 -0.00249144 -0.00338728 -0.00739756 -0.0130737 -0.0033142 -0.00471474 -0.013421 0.000907552 0.003417 0.00195866 -0.000597631 0.00866274 -0.00108735 -0.000531873 -0.00183174 0.0010825 0.000622907 0.00390754 -0.00125329 0.00419735 -0.00812738 -0.00175743 0.00870296 -0.00178018 0.00435544 0.000413716 -0.00076146 0.00194794 -0.00528216 -0.0081565 -0.00255719 -0.00512023 0.000577527 -0.00408987 0.00148351 -0.00603265 -0.00952105 -0.00258086 0.00330376 -0.00508714 -0.00237366 -0.00329169 -0.000538139 0.00209491 -0.00122025 0.0040342 0.00156216 0.00133798 -0.00376701 0.00323295 0.00596943 0.00785121 -0.00178281 -0.00103836 -0.00202081 -0.00364542 -0.00321458 -0.00179056 -0.00271016 -0.00248259 -0.009629 0.0036338 -0.00208118 -0.00121921 -0.00368967 0.00338128 0.00828835 -0.00614482 -0.00396957 -0.00483514 -0.00210681 -0.00169013 0.000718271 -0.00295349 -0.000743271 -0.00658425 -0.00238334 -0.00424488 -0.00264536 -0.0103738 0.00227492 
0.00422233 0.0098103 -0.00105187 -0.00517616 -0.0091624 0.000944445 0.0101223 0.0195242 -0.00270263 0.00650474 0.115274 -0.00172831 0.000410303 0.00672005 0.000244664 -0.00354776 0.00298144 0.00638358 -0.00620125 0.0034438 -0.00448783 -0.00369534 -0.00380274 -0.0053252 0.0067532 0.00366913 -0.000498684 -0.00282562 -0.00717397 0.000708516 -0.00283673 -0.00271976 0.00196105 0.00930773 0.00120095 0.0021174 0.000114347 0.00138372 0.000605965 -0.00180187 -0.00144603 -0.00669088 -0.0048555 -0.000263685 -0.00655789 -0.00315005 -0.000394958 -0.00217635 -0.00894246 -0.000305813 -0.00282361 0.00159255 -0.00485144 -7.61993e-05 -0.00505583 -0.00528012 0.0052132 0.000593999 0.000943616 -0.000962713 -0.00484653 -0.00883203 -0.00512107 -0.00172278 -0.0109264 -0.00152729 -0.00394856 -0.0023592 -0.00427445 -0.00152992 0.00035797 0.00243494 -0.000734679 -0.00110847 -0.00468089 -0.00370399 0.00185627 -0.0003718 -0.011614 -0.00611584 0.000340969 0.00524646 0.00694061 -0.012829 -0.00106551 0.00405431 -0.00189918 -0.00207997 -0.004573 -0.00260037 0.0019117 -0.00405876 -0.0148836 -0.0030758 0.000181305 -0.000357309 -0.00649162 0.000413695 -0.00517757 0.00459137 
-0.00357005 -0.00626729 0.00160141 -0.00031743 0.00671085 -0.0061092 0.00346175 -0.00854773 0.0046885 0.00211442 -0.00172831 0.107854 0.00139287 -0.000801008 -0.000306154 0.00871068 -0.00234665 -0.0046353 -0.00298325 -0.0021268 0.00212463 -0.00216241 -0.00667739 0.00462977 -0.00133375 -0.00204251 0.00272615 0.000947512 -0.000967527 -0.00216777 -0.0073883 -0.0031821 -0.00885148 -0.00444062 -0.00111976 2.1454e-05 -0.00154292 -0.00299951 0.000344339 -0.00669872 -0.00248545 0.00280927 -0.00112714 -0.000405594 -0.000724884 -0.00470097 -0.000292708 0.00170442 0.00137337 -0.00848026 -0.000771857 -0.00917783 -0.00406336 0.00102366 0.00106318 -0.00213417 0.00186687 -0.00215257 -0.00923754 -0.00176802 -0.00481478 0.0039753 0.000494609 0.000520597 0.00203343 0.00156607 -0.00223346 -0.00233964 0.000917319 -0.00259119 0.000885274 -0.00411714 0.00312364 -0.00223467 0.000972408 0.00273487 -0.00377712 -0.00119046 -0.00352201 0.00639825 -0.00422311 -0.00259688 0.00393455 0.000615663 -0.00440884 -0.00620181 0.00312366 -0.00146497 -0.000167547 -0.000980922 -0.00753759 -0.000896645 -0.00383638 0.00201411 0.00443437 0.00200253 0.00743315 -0.00370692 -0.00350753 0.000837083 
-0.00151364 -0.00501942 -0.00528038 0.000455568 -0.00718852 -7.05765e-05 -0.00658638 0.000253241 0.00220937 -0.00125723 0.000410303 0.00139287 0.101698 0.00518292 0.000107824 0.00108885 0.00681216 0.00975255 0.000837673 -0.0138516 0.00135948 -0.00478141 -0.000877212 -0.00109046 -0.00447755 0.00430922 -0.00332024 6.44525e-05 0.00095252 0.00177549 0.00099263 0.000622198 -0.000237725 -0.00109871 -0.00143327 -0.00300946 0.000846005 0.00186324 2.07652e-05 -0.000629543 0.000761403 -0.00391004 0.00418807 0.00282861 -0.00756343 0.00147014 0.00195278 0.000375409 -0.00073614 -0.00572729 -0.00574189 -0.00343714 -0.00144269 -0.00141023 -0.00192625 -0.00589563 -0.00322189 -0.000240757 -0.00365207 0.000647747 0.000298648 -0.000411796 -0.00462981 0.00306721 -0.004897 -0.00120555 -0.000121705 -0.00426289 -0.00426358 0.00293473 -0.00209401 -0.00289452 -0.000525762 0.00436885 0.000980117 -0.00202519 -0.00116994 -0.00860744 -0.00402802 0.00463067 -0.00753895 -0.0053032 -0.00342793 -0.00997285 -0.00267958 -0.000791886 0.00421781 -0.00106614 0.0030031 0.00332552 0.0143514 -0.00362202 -0.000800215 0.00360909 -0.00354314 -0.00240485 -0.00405047 -0.00443387 -0.00212013 -0.000497241 
0.000944576 -0.0116879 0.00185163 -0.00816504 -0.0116873 -0.00123234 0.00414118 0.00591573 0.000551033 0.00564269 0.00672005 -0.000801008 0.00518292 0.143217 0.00159705 0.00103832 0.00592087 -0.00423526 0.00190439 -0.00212459 -0.00279306 0.00389167 -0.0033161 0.0018352 -0.0106736 -0.00572412 -0.00606352 0.00430337 -0.00283128 -0.00120015 -0.00251651 -0.000422277 0.00261031 0.00243568 -0.00673039 -0.00389294 0.00374767 -0.00350187 2.29682e-05 -0.00459846 -0.00928149 -0.00215987 0.009888 -0.00495864 -0.00815882 -0.00103242 -0.000972018 -0.00317301 0.00411891 -0.00349925 -0.00586588 -0.00137676 -0.00629461 -0.00180371 -0.00874562 -0.0059691 0.00563245 -0.00102159 -0.00656874 -0.00267309 -0.00862631 -0.00850106 -0.00662425 -0.0041588 0.00658185 -0.00151238 -0.00414523 0.00883687 -0.00110165 0.000110692 0.00300797 0.00585729 -0.00509322 0.00396144 -0.00364865 -0.00705065 0.0015907 -0.00385902 -0.000486217 0.00200586 -0.00463308 -0.000747055 0.00260862 -0.000206497 0.00466617 0.0138271 0.00291681 -0.0020073 0.00935007 -0.00329779 -0.00500481 -0.00654808 0.000213876 -0.00349436 -0.00146886 -0.0125344 -0.0155555 -0.00691925 -0.00217404 -0.00149785 
-0.000265924 -0.00828036 -0.00346635 -0.00456593 -0.00396939 -0.000634766 -0.000534462 -0.00147343 -0.00235634 0.000109605 0.000244664 -0.000306154 0.000107824 0.00159705 0.0635773 0.00125767 -8.19947e-05 -0.00171189 0.00227554 -0.000456964 -0.00135545 4.01361e-05 -0.00110062 0.00296413 -0.00134868 -0.00454237 -0.00100491 0.00292436 0.000699085 -0.00151153 -0.00175469 -0.00167095 -0.00156554 -0.00263241 -0.00131728 -0.00237799 0.00267605 0.00149601 -0.000448946 -0.00138558 0.000197944 -0.00153734 -1.28192e-06 -0.000651279 -0.00509817 0.00149837 -0.00104044 -0.00194149 0.000683984 0.000981448 -0.000777206 -0.001627 -0.00335287 0.000225443 -0.00091971 -0.00210186 0.00250507 -0.000754876 -0.00338717 -0.000827925 8.81373e-05 -0.00228133 0.00070514 0.00114226 -0.00362291 -0.00135435 0.00264527 0.000282316 0.0016379 0.000421892 0.00127688 -0.00305949 0.00116937 0.00121161 0.00127901 -0.000622959 -0.00187742 0.00098382 0.000873453 -0.00429421 0.000304894 0.000281942 -0.00431183 -0.00523903 -0.00226907 0.00115352 0.00307426 0.00154228 0.00304633 0.0019042 -0.00323182 5.85928e-05 -0.00193304 0.000346565 0.00253322 -0.00122505 -0.0014351 -0.00185197 -0.000649383 0.00137393 
-0.00551275 -0.00788503 -0.00417861 -0.00929991 0.00156659 -0.00335727 0.00290678 -0.00257589 0.00517499 -0.00311898 -0.00354776 0.00871068 0.00108885 0.00103832 0.00125767 0.126782 -9.17978e-05 0.00298364 -0.000537497 0.0026343 0.00506245 -0.00545262 0.00550443 0.00102953 -0.00141552 -0.00217694 -0.000835441 -0.000469749 -0.00364505 0.000687468 -0.00404179 0.00174546 -0.0134468 -0.00276809 0.00505208 -0.00452508 0.00159881 -0.000349478 0.000252334 -0.00606265 -0.00397585 -0.00773268 -0.00632459 -0.000874087 -0.0137322 -0.0021894 -0.00194451 0.0046551 -0.00981949 0.000377797 0.00332705 0.00457485 0.00300155 -0.000584987 0.00365486 -0.000394259 0.000934974 0.0024829 1.49101e-05 -0.00295008 -0.00718639 -0.00182949 -0.00349177 -0.000427009 -0.00984265 0.00412206 0.00148678 -0.000342188 -0.00380658 -0.00255147 -0.00292727 -0.00189207 -0.00394586 9.54587e-05 -0.00190437 0.00254469 -0.00468417 -0.00247099 -0.00160829 -0.00293425 -0.00587973 -0.00367161 -0.00420339 -0.012477 -0.00210064 -0.00397198 0.00746329 -0.00581133 -0.000418544 0.00358802 0.00124737 -0.000591235 0.00771553 -0.00234124 -0.00577198 0.00254137 -0.00324671 0.00611842 0.00132212 0.0018018 
0.00245709 -0.0039109 -0.00558472 -0.00704979 -0.0105358 -0.000705949 0.000498755 0.0072901 -0.00901647 0.00160464 0.00298144 -0.00234665 0.00681216 0.00592087 -8.19947e-05 -9.17978e-05 0.0994872 0.0014436 0.0025946 0.00911202 0.00223314 0.00227503 0.00458549 -0.00397507 0.00112116 0.01665 -0.00211615 -0.000366603 -0.00496409 0.00186019 -0.00246136 -0.00249532 -0.00337943 -0.00443187 0.00375265 -0.000474336 0.000817525 -0.00144939 0.00339159 -0.00437117 -0.00043956 -0.00701737 0.00600166 -0.0019032 -0.0082833 0.000387991 -0.00254582 -0.00375813 0.00138688 -0.00429284 -0.00476829 -0.00559105 0.00143371 -8.33198e-05 -0.00256468 -0.00456962 -0.00239277 -0.00328723 -0.00883381 -0.00175648 -0.000392786 -0.00664939 -0.00160848 0.00805463 -0.00165153 0.00410258 -0.00166929 0.00310074 -0.00240444 -0.00412322 0.00345659 0.00392519 -0.00392126 0.00053681 -0.00743421 0.00358323 0.00392028 -0.00331713 -0.00754882 -0.00438066 -0.00722868 -0.000964648 0.00678055 -0.00400051 0.00208683 -0.00147121 -0.00249532 -0.000369036 0.00170848 0.000175061 -0.0002295 -0.000839452 -0.0027694 -0.00445479 -0.008084 -0.00424901 -0.00742203 -0.000126491 -0.00788674 0.00205793 
-0.00681473 0.00834712 -0.00313144 -0.000152862 -0.0120814 -0.00300064 -0.00210749 0.00589091 -0.00396824 -0.00462196 0.00638358 -0.0046353 0.00975255 -0.00423526 -0.00171189 0.00298364 0.0014436 0.152152 -0.000109669 -0.00417447 0.00561585 -0.00662345 -7.32626e-06 -0.0100606 -0.00765888 0.00137926 -0.00690436 -0.00458868 -0.00394415 -0.000542397 -0.00279215 0.00550663 -0.00529452 0.00674853 -0.00352219 -0.000936044 -0.00311189 -0.00090882 0.00192022 -0.0113973 -0.000132315 0.00404193 -0.00288445 -0.00168337 -0.00385549 -0.0026623 -0.000306229 -0.00164274 -0.0113476 -0.00584337 -0.00708971 -0.0056237 -0.000377784 9.94482e-05 0.00309731 -0.0114625 -0.00141586 -0.00148564 -0.00256476 0.000532129 0.00386736 0.00464496 -0.00877853 0.00155348 -0.0070561 0.000208993 0.00140818 -0.0059666 0.000841448 0.000771018 -0.000649117 0.00231926 -0.00384666 0.00504732 0.00328622 -0.00387168 0.00443555 -0.00859229 -0.0101764 0.00417437 -0.00863587 -0.00771798 -0.00485 -0.0107127 0.00325433 0.00884869 -0.00285839 -0.000923146 0.00718273 -0.00485812 0.00422528 -0.00111104 -0.000719858 -0.00741495 0.00313706 0.0109588 -0.0105192 -0.00803507 0.00159684 0.0090529 
-0.00170957 -0.00746926 -0.00211249 -0.00936839 0.00203204 0.000191662 -0.00372085 -0.00685184 -0.00909401 -0.00356957 -0.00620125 -0.00298325 0.000837673 0.00190439 0.00227554 -0.000537497 0.0025946 -0.000109669 0.0972508 -0.000841369 0.00587992 0.00801868 0.00740652 -0.0031988 -0.00540147 -0.000387192 -0.00121376 -0.000465653 -0.00289398 -0.000970995 -0.00144512 -0.00176776 -0.00934594 -0.00715813 -0.00272088 -0.00231599 0.000708579 -0.000240325 -0.00014435 -0.00452035 -0.0046268 -0.00435632 0.00150236 -0.000997692 -0.00979233 0.00351344 -0.00206725 -0.00370215 0.00972778 0.00450299 -0.00291463 -0.00329503 0.00450341 0.000370257 -0.00772797 -0.000817707 -0.00192971 -0.00138227 -0.00476335 -0.000971547 0.00129044 -0.000106567 0.000916012 0.00217013 -0.00256804 -0.00014771 0.00455283 0.00166377 0.003393 0.00148692 0.00315273 0.0006632 -0.00166236 0.00668204 0.0100666 -0.00043531 -0.000245284 -0.00448983 0.00922502 -0.00238895 -0.00103723 -0.00309632 -0.00287217 -0.00107553 -0.00439956 0.00116673 8.5651e-06 0.00373264 0.00377889 -0.000482764 -0.00375173 -0.00517976 -0.00381173 -0.00289486 -0.00388937 -0.00138074 -0.00491349 -0.00327247 0.000487659 -0.00545162 
0.015209 -0.00540546 0.0169797 -0.0112226 -0.008201 -0.00283486 0.00418582 0.0046472 0.00271655 -0.00249144 0.0034438 -0.0021268 -0.0138516 -0.00212459 -0.000456964 0.0026343 0.00911202 -0.00417447 -0.000841369 0.20075 -0.00347937 -0.000611954 -0.00405465 -0.00299655 -0.00596172 0.00273338 -0.00388831 0.000576303 0.00176339 -0.00459804 -0.00414069 -0.0134916 0.00940433 -0.00137488 -0.00642714 0.000237031 -0.000535387 -0.00241936 -0.00361759 0.0187522 -0.000640395 -0.00953586 0.000440392 -0.000809082 -0.00321017 -0.00786963 -0.00615898 -0.000771609 -0.00335965 -0.00601251 0.00250474 -0.0211628 -0.00664694 0.00162748 -0.00248585 0.0015293 -0.00195536 -0.00802065 0.000611922 -0.00519577 -0.0113252 -0.00532491 -0.00346765 0.00316885 -0.00962373 -0.00139564 -0.00410465 -0.0111743 0.00218859 -0.00349208 0.00761882 -0.00179882 -0.0014156 -0.00900686 0.00340439 0.00370374 -0.00931879 -0.00209239 0.0151227 -0.00787492 -0.00664903 0.000662311 0.0102218 -0.0165136 9.09016e-05 -0.00930453 -0.00603133 -0.0168389 -0.0113971 -0.00626832 -0.00645849 0.0018577 -0.000816404 -0.00673085 0.00423803 -0.00430516 -0.00276794 0.000670151 0.0074441 0.0104099 
-0.00297971 0.00458974 -0.00629079 -0.0133762 -0.00544109 -0.00379648 -0.00254856 -0.00138641 -0.00392278 -0.00338728 -0.00448783 0.00212463 0.00135948 -0.00279306 -0.00135545 0.00506245 0.00223314 0.00561585 0.00587992 -0.00347937 0.13047 0.012591 0.00931982 -0.00244281 -0.00156273 0.0046503 -0.00184278 -0.00229643 -0.0035691 -0.000899393 -0.00259869 -0.000771116 -0.0122159 -0.00733063 -0.00257038 -0.000668973 -0.00293133 0.000299512 -0.00049781 0.00113005 -0.00392274 0.00276093 0.00456862 -0.00214963 -0.00826543 0.00341922 -0.00427766 -0.00407441 0.00174507 -0.00274304 -0.00284571 0.00324795 0.0043522 0.0032854 0.00051651 0.00656644 -0.00241301 0.00127578 -0.00208651 -0.00222978 -0.00221984 -0.00480596 -0.00403679 -0.00034657 -0.00478793 0.0042557 0.00169801 0.00184282 0.00152465 -0.0022499 0.001251 -0.00607761 -0.00246822 -0.000948875 0.0010344 9.74392e-05 -0.00708444 0.00239868 -0.00202936 -0.011112 -0.0034166 -0.00213414 -0.00527675 0.00276635 0.000410927 -0.001538 -0.00161814 -0.00953614 -0.000318541 -0.00153165 -0.00625289 -0.00866497 0.00487412 -0.00646577 -0.009852 -0.00536696 -0.00071191 -0.00290855 0.00469215 0.00230145 
0.00359351 0.00245535 0.00212321 -0.00459525 -0.000835141 0.00017915 -0.00040666 -0.0121547 -0.0085035 -0.00739756 -0.00369534 -0.00216241 -0.00478141 0.00389167 4.01361e-05 -0.00545262 0.00227503 -0.00662345 0.00801868 -0.000611954 0.012591 0.135174 0.0155101 0.00563186 0.00261629 0.00563897 0.000999757 0.00125973 -0.00133268 -0.000173761 -0.00652515 0.00232497 -0.00713189 0.00161566 -0.00166482 -0.00931003 -0.00175945 -0.00234684 -0.00491252 -0.00441477 -0.0056394 -0.0139015 -0.000162054 -0.0044169 -0.00834594 -0.00180112 0.0020506 -0.00837572 0.0147696 0.00318749 -0.00675505 0.000875391 -0.00451676 0.00114825 -0.0037375 0.00302515 -0.00707746 -0.00375027 -0.00260455 -0.00245061 -0.00811368 -0.00803745 0.00108085 -0.000646233 -0.00158311 -0.00332746 -0.00118923 -0.00518643 -0.0017068 -0.00394478 -0.00606578 -0.00452555 -0.00171583 0.00195388 -0.00897112 -0.00252198 0.00666471 0.000500164 0.00646096 -0.00661331 -0.00692853 -0.00114394 -0.00317705 0.0149572 0.00306904 -0.00236487 0.00551944 0.00330432 0.00219212 -0.000307309 -0.00882448 -0.00462944 0.00292565 0.000845209 -0.00313598 -0.00634764 -0.00411861 0.00175447 0.0014968 -0.00826687 
-0.00374008 0.00430995 0.00162187 -0.00659843 -0.0047263 -0.00189276 -0.00202663 0.0152766 -0.00805804 -0.0130737 -0.00380274 -0.00667739 -0.000877212 -0.0033161 -0.00110062 0.00550443 0.00458549 -7.32626e-06 0.00740652 -0.00405465 0.00931982 0.0155101 0.176802 0.000451888 0.0188289 -0.0016149 -0.00230231 -0.00586114 -0.0103673 0.00143736 -0.0090594 -0.00839498 -0.0264505 -0.00363474 -0.00150934 -0.00327142 -0.00138712 -0.00940608 5.43451e-05 -0.00514274 -0.00307356 -0.0144902 0.00203096 -0.00092557 -0.032947 -0.000446417 0.000631269 -0.00504353 -0.00254005 -0.000311193 -0.00839839 0.0105822 -0.00655399 -0.00432205 -0.0127148 0.00096291 -0.00147177 -0.00345404 -0.00450409 -0.00678554 -0.0104698 -0.00845025 -0.0108958 -0.000412312 0.00836013 -0.00216657 0.00578754 0.00442105 0.00449306 -0.0037201 -0.00399873 0.00724921 0.00083366 0.00416888 -0.00371945 0.00341461 0.00270134 0.00727369 0.00702045 -0.00610372 -0.00303892 0.00552819 -0.00763831 0.00540371 -0.00610537 -0.00206647 0.00425244 0.00281042 0.0044229 0.000588338 0.000730275 -0.00649185 -0.00207718 -0.0102471 0.00390699 0.00424239 -0.0118569 -0.00669543 0.00287698 -0.00331281 
-0.00793583 -0.0212721 0.000315047 -0.000884287 -0.00259794 -0.00624747 -0.000189793 -0.00679533 0.0085275 -0.0033142 -0.0053252 0.00462977 -0.00109046 0.0018352 0.00296413 0.00102953 -0.00397507 -0.0100606 -0.0031988 -0.00299655 -0.00244281 0.00563186 0.000451888 0.120055 0.00120583 -0.000883299 -0.000399039 0.00160818 -0.00627627 -0.000493758 -0.00351611 -0.00232279 0.00169642 -0.00460584 -0.00107308 -0.00186171 0.0100579 0.00383315 0.00344265 -0.00338937 0.00100787 -0.00794027 0.00238954 0.00678305 0.00239747 0.00214389 0.000386526 -0.00329077 0.0015106 -0.00318437 0.00167854 -0.0014478 -0.00217667 -0.00171033 0.000332335 -0.00810196 0.00162449 0.0025228 0.000570173 0.00919767 0.000175945 -0.00568108 0.00396669 -0.00246663 -0.00425067 0.000158503 -0.00301864 0.00726148 -0.00531546 -0.00477133 0.00178979 -0.00753426 0.00542135 -0.0010212 -0.00069573 -0.00134745 -0.00183911 0.000962755 -0.00783081 0.00181973 -0.00109926 -0.00294974 -0.0104939 0.00492301 -0.00404464 -0.00485741 0.00157531 -0.00651447 -0.00195978 -0.000889856 -0.0115506 -0.00252202 -0.00266843 -0.000862768 0.00450348 -0.0065407 0.00205602 0.00341253 -0.00114971 -0.00297984 
-0.00506919 0.0117422 0.00241312 0.0018504 -0.00546087 0.000365176 -0.000698524 0.00280936 -0.0066309 -0.00471474 0.0067532 -0.00133375 -0.00447755 -0.0106736 -0.00134868 -0.00141552 0.00112116 -0.00765888 -0.00540147 -0.00596172 -0.00156273 0.00261629 0.0188289 0.00120583 0.137987 0.00475492 0.00602284 0.00138161 0.00372616 -0.00223111 -0.00748312 -0.00751295 -0.00866245 0.000459906 0.00685239 0.00123811 -0.0032823 -0.00448832 -0.00161901 -0.000562475 -0.00432303 -0.0162475 -0.00157296 -0.000135082 -0.00773361 0.0025391 -0.00309395 0.00509438 -0.00576004 0.00173083 -0.00721994 -0.000665693 -0.0033836 -0.00159745 0.00279558 -0.000917468 -0.00618972 0.000255305 -0.00712291 -0.00340407 -0.00116163 -0.00819229 -0.00297864 -0.000945823 0.00642749 0.00156341 -0.00143854 -0.00963442 -0.000428551 -0.000504311 -0.00722 0.000527221 0.00172676 -0.00672844 -0.00010931 0.00603371 0.00741384 0.00421389 -0.0100632 -0.00461849 0.00928696 0.00639337 -0.00454881 -0.00673133 -0.00568731 -0.00390022 0.00163115 0.00435535 -0.00587138 0.00222351 -0.00519736 -0.00186115 -0.0112614 -0.00562743 -0.00505227 0.00844135 -0.00295981 0.00493367 -0.00787004 -0.00150658 
0.0148831 -0.00593213 -0.0106417 0.00187995 -0.00311718 0.00412281 -0.00260616 0.00342027 -0.00524859 -0.013421 0.00366913 -0.00204251 0.00430922 -0.00572412 -0.00454237 -0.00217694 0.01665 0.00137926 -0.000387192 0.00273338 0.0046503 0.00563897 -0.0016149 -0.000883299 0.00475492 0.154175 0.00551747 0.000930299 0.00824029 0.00223848 -0.011444 -0.00169803 -0.00170813 -0.00425705 0.00191172 0.00762158 -0.00172294 0.00610288 -0.00111189 0.0152058 -0.00237588 -0.0103662 -0.00141977 -0.00161668 0.00444571 -0.00019502 -0.00429047 0.0016024 0.00330509 -0.012133 -0.00133952 -0.00216387 0.00570501 -0.00077668 0.000965673 -0.00231765 -0.0116972 -0.00631207 0.00378465 0.00793401 -0.00335492 -0.0107108 -0.00159021 0.0073688 -0.0135676 0.00439125 -0.00694392 -0.00436112 -0.00437973 -0.00702841 0.0051863 0.00225257 -0.00510491 -0.0073126 -0.00816755 0.00338042 5.70919e-05 -0.00836686 -0.0118228 -0.00699454 -0.00907099 -0.00435 -0.00175936 -0.0122221 -0.00859567 -0.00808825 0.00340433 -0.00753524 0.00743423 -0.000108241 -0.00754307 -7.52637e-06 -0.0114417 -0.0054038 -0.0115751 2.06389e-06 -0.00221458 0.0013598 -0.00233206 -0.00337605 
0.00167901 -0.0111757 -0.0031833 -0.00211592 0.00307417 -0.000552184 -0.00102292 -0.000981245 -0.0053684 0.000907552 -0.000498684 0.00272615 -0.00332024 -0.00606352 -0.00100491 -0.000835441 -0.00211615 -0.00690436 -0.00121376 -0.00388831 -0.00184278 0.000999757 -0.00230231 -0.000399039 0.00602284 0.00551747 0.105522 0.00128704 0.00215035 -0.00159165 -0.00234078 -0.000973653 0.00433501 -0.0027014 0.00741473 -0.000317945 0.000791613 0.000857611 -0.000383559 -0.00775821 -0.00242748 -0.00449618 -0.00511557 0.00105751 0.00442735 0.000932855 -0.00227024 0.00241029 0.0020346 -0.00110989 0.00480586 -0.00232856 -0.000662025 -0.00233164 -0.00624855 0.000288062 -0.0037398 0.000183255 -0.0056373 -0.000752655 -0.00154515 -0.00780355 0.00315326 -0.00140861 -0.00312823 -0.00222414 -0.0026227 -0.000772321 -0.00323442 4.61405e-06 -0.00564879 -0.00236752 0.00219018 -0.00576139 0.00179326 0.00228693 0.00161051 0.00310268 -0.00223976 0.00388594 0.00590376 -0.00256104 -0.00326583 0.00819559 -0.00202086 -0.00501532 0.00299147 0.00316081 -0.00813132 -0.00386454 -0.00505889 -0.00475419 -0.00021875 0.000495426 -0.00556108 -0.00521131 -2.32062e-05 -0.000169728 -0.00426806 -0.00134252 
-0.00115442 -0.00359505 0.000576277 -0.00382468 0.00212918 0.000234139 -0.000638117 -0.00362054 0.00178178 0.003417 -0.00282562 0.000947512 6.44525e-05 0.00430337 0.00292436 -0.000469749 -0.000366603 -0.00458868 -0.000465653 0.000576303 -0.00229643 0.00125973 -0.00586114 0.00160818 0.00138161 0.000930299 0.00128704 0.0609364 0.00769983 0.0003871 0.00128118 0.00267085 0.00794232 -0.000144244 -0.00276184 -0.00139654 0.000264473 0.0029643 -0.000731137 -0.000601727 -0.00176869 0.00116494 -0.00259911 0.0013061 0.00237972 -0.00107473 -0.00239878 0.000815098 -0.00210637 0.00214371 0.000203288 -0.000121815 -0.00224353 0.000648479 0.00336175 -0.0038897 -0.00580199 -0.00203656 -0.00418451 0.000322896 -0.00200778 -0.00418513 0.00170362 0.000170639 -0.00604789 -0.00012824 -0.00333888 -0.00117899 -0.00166565 -0.000715329 -0.00166787 -0.00328923 -0.000476542 -0.00277183 -0.00310019 0.00144573 -0.00217491 -0.00530511 -0.0034984 0.00407932 -0.00141001 0.00269273 -0.00245433 0.00104359 0.00351103 6.15315e-05 -0.00348823 0.00110937 -0.00149516 -0.00140092 0.000236319 -0.000228268 -0.00426842 0.00100262 -0.00171764 -0.0042025 -0.00214433 -0.00268657 -0.003465 -0.00288886 
0.00422373 -0.00279249 0.000903644 0.00079542 0.00465855 0.0035952 -0.000838066 -0.00477239 0.00177638 0.00195866 -0.00717397 -0.000967527 0.00095252 -0.00283128 0.000699085 -0.00364505 -0.00496409 -0.00394415 -0.00289398 0.00176339 -0.0035691 -0.00133268 -0.0103673 -0.00627627 0.00372616 0.00824029 0.00215035 0.00769983 0.121525 -0.000430134 -0.000836965 -0.00443412 0.000712089 -0.00227765 -0.00499322 0.000842032 -0.00368543 0.00397872 -0.00112471 0.000655492 0.000634955 0.000226139 -0.00706184 0.000406752 0.00227138 -0.00431944 -0.00215997 0.00272298 0.00548891 0.00115322 -0.00462069 -0.00589663 -0.00785077 -0.00115612 -0.000872625 0.0096942 0.000386296 -0.00156537 -0.00539648 -0.00228222 -0.00139872 -0.00603697 0.00513849 -0.000899225 -0.000119099 -0.00271738 -0.00329683 -0.00602768 -0.00320882 -0.00607556 -0.0093002 0.00218558 -0.00481436 -8.83698e-05 -0.00999273 -0.00158738 -0.000382914 -0.00517051 -0.00648379 0.00625827 0.00143676 -0.00892654 -0.00354145 -0.00318303 -0.00792433 0.00322422 0.000983324 0.00467936 -0.00308087 -0.00190428 0.00613669 0.00577542 -0.00744861 0.00374678 0.00108051 -0.00161337 -0.00304243 0.00262338 -0.00545376 -0.006058 
0.000532742 -0.000797584 -0.00278573 -0.00198713 -0.00353306 -0.000227953 -0.00214428 0.00151883 -0.00222742 -0.000597631 0.000708516 -0.00216777 0.00177549 -0.00120015 -0.00151153 0.000687468 0.00186019 -0.000542397 -0.000970995 -0.00459804 -0.000899393 -0.000173761 0.00143736 -0.000493758 -0.00223111 0.00223848 -0.00159165 0.0003871 -0.000430134 0.0620556 4.75882e-05 0.00168309 -0.000461466 0.00279889 0.00211489 0.00247084 -0.000542611 -2.97682e-06 0.000108011 0.00198023 -0.00148695 0.00155828 -0.00156546 0.00130969 0.00173299 0.000122297 -0.00187657 -0.00182994 -0.00350722 -0.00246645 0.000967282 0.00360058 0.00254123 -0.00178815 0.00035529 -0.00471597 -0.00296618 0.000145406 0.00189276 -0.000617587 -0.00155126 0.00207722 -0.00205856 -0.00189675 0.000169628 -0.000301233 -0.00174598 -0.00206301 -0.00148779 4.0941e-05 -0.00296573 -0.000430878 6.08234e-05 -0.00162052 -0.00241448 -0.00127211 -0.000919987 -0.00327876 -0.00504743 -0.000130518 -0.00166901 -0.00188376 0.000797652 -0.00129922 0.00454205 0.00100597 -0.00021688 -0.00253146 -0.00298522 0.0014346 -0.00239383 0.00485507 -0.00435624 -0.000622452 -0.00235588 -0.000682785 -0.000763053 -0.0032655 -0.00260648 -0.00185937 
0.00244984 -0.0106448 -0.00119216 -0.00515237 0.00612228 0.00235399 -0.00506612 -0.00331904 -0.00379422 0.00866274 -0.00283673 -0.0073883 0.00099263 -0.00251651 -0.00175469 -0.00404179 -0.00246136 -0.00279215 -0.00144512 -0.00414069 -0.00259869 -0.00652515 -0.0090594 -0.00351611 -0.00748312 -0.011444 -0.00234078 0.00128118 -0.000836965 4.75882e-05 0.111653 0.00135706 0.0196778 0.00298033 0.00161571 -0.00229615 -0.00278904 -0.00348382 -4.9106e-05 -0.00607872 -0.00164388 0.0135297 0.00182382 0.00204132 0.0122763 0.00339698 0.00373077 -0.00133948 -0.000507712 -0.00375222 -0.00345857 -0.00129922 -0.00340745 -0.00223283 -0.00319233 -0.00258114 -0.000765688 0.00204705 -0.00331007 0.000937838 0.00805427 -0.00249384 -0.00216881 -0.00221858 0.00336665 -0.00124524 -0.000976858 0.00057108 -0.00253328 0.00926807 0.0008812 -0.00799061 -0.00172812 -0.00381636 -0.00387763 -0.00233921 -0.00431131 -0.00197376 -0.0129305 -0.00678211 -0.00373087 -0.0057817 -0.00267164 -0.00543969 0.00157268 -0.0049153 1.81778e-05 -0.00533781 -0.00692716 0.0018746 -0.00522424 0.00368515 -0.00179529 0.00446963 0.00516615 -0.000388397 0.00261993 0.00149801 -0.00187245 0.0039853 
-0.00372238 -0.00116031 -0.00702666 -0.00365388 -0.00675045 0.0024068 -0.00271621 -0.00863898 -9.68693e-05 -0.00108735 -0.00271976 -0.0031821 0.000622198 -0.000422277 -0.00167095 0.00174546 -0.00249532 0.00550663 -0.00176776 -0.0134916 -0.000771116 0.00232497 -0.00839498 -0.00232279 -0.00751295 -0.00169803 -0.000973653 0.00267085 -0.00443412 0.00168309 0.00135706 0.1023 0.00430407 -0.000710092 -0.00476911 -0.000874382 -0.000571881 0.00244425 -0.00237047 -0.00181653 0.00339195 0.00794044 -0.00296406 -0.00348964 -0.0111038 -0.00369811 0.00431339 0.00240187 -0.00403011 0.00101356 0.00382269 0.00115429 0.00498799 -0.00130865 0.00514602 -0.00484826 -0.0113261 -0.000105027 -0.00637829 -0.00154872 -0.0054723 -0.00775556 0.00485146 0.00140414 -0.0055438 -0.00188351 -0.0019832 -0.00329304 -0.000642983 -0.00370176 -0.00252991 0.000504076 -0.00282693 -0.000411009 0.000775477 -0.0016753 0.000295892 -0.0031105 0.00345623 -0.00189028 0.00354165 0.00127135 -0.00861791 0.00995126 0.00678074 -0.00151 0.00272253 -0.00292273 0.0019821 -0.00289038 0.00331659 0.00178408 0.0105249 2.76668e-05 -0.0104714 0.00472196 0.00276613 -0.00477544 0.00367617 -0.0033605 
0.00433788 -0.0146988 -0.0118639 0.00398689 0.00341831 -0.00117503 -0.00633052 -0.00112944 -0.00695589 -0.000531873 0.00196105 -0.00885148 -0.000237725 0.00261031 -0.00156554 -0.0134468 -0.00337943 -0.00529452 -0.00934594 0.00940433 -0.0122159 -0.00713189 -0.0264505 0.00169642 -0.00866245 -0.00170813 0.00433501 0.00794232 0.000712089 -0.000461466 0.0196778 0.00430407 0.203356 0.0134605 0.000154743 -0.000114402 0.00222316 0.000823251 -0.00386747 0.00375547 -0.00779084 0.0117011 0.000883169 -0.00278148 0.022254 -0.00906976 0.000812581 -0.00251516 0.000468405 -0.00559 0.00170124 -0.00606497 0.0016908 -0.00322094 -0.0121038 -0.00676901 -0.00708209 -0.00812159 -0.00349403 0.00199691 0.0031475 -0.00981572 0.00657357 -0.00331307 -0.0111049 -0.00113335 -0.0140423 -0.00142164 -0.00727326 -0.000141282 -0.0112297 -0.00347855 0.00084802 -0.0103717 -0.0029234 -0.00523882 -0.00608414 -0.000812455 -0.00980408 0.00452902 0.00978134 -0.000981213 -0.00508282 -0.00587972 0.00639368 -0.0133138 -0.00573326 -0.00115335 -0.00901212 -0.00825988 -0.00888892 0.00010547 0.00696601 0.00265071 -0.00526248 -0.00398199 0.00225843 0.00724445 -0.00117576 0.00677007 
0.00406072 0.0183245 0.00451738 0.00308747 -0.00751024 0.00731278 0.00506726 -0.00541398 -0.00871829 -0.00183174 0.00930773 -0.00444062 -0.00109871 0.00243568 -0.00263241 -0.00276809 -0.00443187 0.00674853 -0.00715813 -0.00137488 -0.00733063 0.00161566 -0.00363474 -0.00460584 0.000459906 -0.00425705 -0.0027014 -0.000144244 -0.00227765 0.00279889 0.00298033 -0.000710092 0.0134605 0.125995 -0.000883051 -0.00212498 -0.000882482 -0.000464111 0.0017914 -0.000657951 0.000520557 -0.00519933 -0.00497485 -0.00727702 0.0115055 -0.00776859 -0.00415093 -0.0036547 -0.012329 -0.00418435 -0.00619029 0.00555377 0.00200221 -0.00264593 -0.00288718 -0.00321642 -0.00153737 0.00149574 0.00261114 -0.00162255 0.00274669 -0.00130084 -0.00703594 -0.00414235 -0.00388979 -0.00257778 -0.00720837 -0.00828414 -0.00479575 -0.00495056 -0.00323375 -0.0049851 8.20789e-05 -0.00106411 -0.00510251 -0.0036469 0.00280683 -0.00330062 -0.0134202 -0.00136663 0.00173631 0.00315838 0.00799899 -0.00122631 0.0163207 -0.0064802 -0.00525455 0.00150661 -0.0072222 -0.00414456 -0.00380637 -0.00456889 -0.00794668 0.00207521 -0.00241414 0.00182605 -0.00720118 -0.000807615 -0.00261199 0.00577142 
