0.0632174 -0.00191892 0.00609038 0.000863306 0.00552351 0.00275539 0.000195649 5.61824e-05 0.00100634 -0.00240663 -0.000350556 0.000353568 0.000843654 -0.00149578 -0.000894244 -0.00531505 0.00125356 -0.000825104 3.0575e-05 -0.0032209 -0.000630924 0.00302145 -0.00176699 -0.00124302 0.00105644 -0.000802986 -6.70012e-05 -0.000467545 -0.00159064 -0.00227012 -0.00222485 -0.000393005 0.00107154 0.00142566 -0.00457691 -0.001168 -0.00202047 -0.00168817 -0.00372768 -5.36019e-05 0.00159292 0.000736549 -0.0017582 -0.00108762 0.000225837 -0.00414074 -0.00142784 -0.00182915 -0.00135767 -0.00178721 -0.00259328 -0.00156815 -0.0110827 -0.00456421 -0.000731602 0.000401619 0.00242926 -0.00305233 -0.00241093 -0.00120954 0.00232364 -0.000552815 -0.00168988 -0.00186113 0.00317236 -0.00156221 0.0026764 0.000432816 -0.00380763 0.000469099 -0.0012334 0.000425552 0.00121275 -0.00033722 -0.00355952 0.000918464 -0.00119795 -0.00297709 -0.00302239 -0.000767299 0.000906464 -0.000142763 -0.00347309 -5.2823e-05 0.00154099 -0.00133787 -0.000380578 -0.000848726 -0.00256168 -0.00190482 0.000499609 0.000802876 -0.00402268 -0.00318898 0.00292076 0.00171744 -0.00235079 0.00244545 0.00105627 0.00688185 
-0.00191892 0.150291 -0.00264137 -0.0044973 3.86162e-05 -0.00539158 -0.00359923 -0.00205045 -0.000533455 -0.00358436 -0.00365778 0.0077465 -0.00968773 0.00221679 -0.00220306 -0.00845827 -0.000151017 -0.00230261 -0.00465847 -0.00314756 0.002086 -0.000576829 -0.00283156 -0.00106123 0.00881901 -0.000861351 -0.00249491 -0.00659726 -0.00217074 -0.00804247 0.00160076 -0.00131907 -0.00754244 -0.00313586 -0.00141373 0.000655722 0.000425363 0.00528694 -0.000255608 0.0022251 -0.00623257 -0.00232892 -0.00863576 0.00278985 0.00180904 0.00504096 -0.00410964 -0.000200905 0.0048704 -0.00771552 0.0110193 -0.00506385 0.0191136 -0.00322106 -0.00532408 -0.000600133 -0.00166274 -0.00413342 0.000367704 0.00283334 0.00496351 0.001697 -0.000299565 0.0047459 0.000711897 -0.00292776 -0.000285103 -0.00123492 -0.0084234 -0.00154338 -0.00042247 -0.00199563 -0.00281859 0.00349315 -0.0109168 -0.0018537 -0.000972078 0.00125417 -0.00545748 -0.00129927 0.00634733 -0.00157233 -0.00585389 -0.000408611 0.000918352 -0.00174872 0.00235716 0.00320272 0.000851653 -0.00138027 0.00502423 -0.00593194 -0.0138736 -0.0117986 -0.00536605 0.00282018 -0.00597439 -0.00966158 -0.00806139 -0.00952717 
0.00609038 -0.00264137 0.0909396 0.00337281 0.00849208 0.00104804 0.0020731 9.83506e-05 0.00123561 -0.0043158 0.000902931 -0.000976386 -0.00567182 -0.00961384 -0.000855184 -0.00765992 -0.00377205 -0.00323685 -0.0029657 -9.89557e-05 0.000116374 -0.00213756 -0.00138135 -0.0020084 -0.00614048 0.000982789 0.00214333 -0.00271417 -0.00152396 -0.00519691 -0.00660103 0.000338047 -0.00520845 0.00130634 -0.0053862 -0.00370108 -0.00423872 -0.00179748 -0.01061 0.00160556 -0.00338604 0.00145016 -0.00354987 0.00140506 0.00109175 0.00317629 0.0042164 0.00886196 0.0113753 -0.00314366 0.000146334 -0.00312902 -0.00354277 -0.00301336 -0.00155103 0.000858703 0.00510188 -0.0091018 -0.00243947 -0.00131823 -0.00332503 -0.00195092 -8.2073e-06 -0.00312515 -0.00453052 -0.000921622 0.00181007 -0.00136672 -0.00848863 -0.00266203 -0.00284133 -0.00239712 0.000811935 -0.00124423 -0.00341419 -0.00159095 0.00191175 0.000920266 -0.00406508 6.62203e-05 0.000943087 7.4497e-06 -0.000884113 -0.00112785 -0.00174685 0.00361986 0.000469821 -0.00245509 -0.00277369 -0.00184682 -0.00164827 0.00523102 0.0021656 -0.00046377 0.00415301 -0.00110954 -0.00360222 0.00369483 0.00309694 0.00688785 
0.000863306 -0.0044973 0.00337281 0.0826046 0.00489118 0.00957402 0.00158035 0.00196627 0.0031991 -0.00434141 0.00238796 0.0034569 -0.00322399 -0.00194614 -0.00136842 -0.000827677 0.000951563 0.000776056 -0.0024769 -0.00131162 -0.00221369 0.000142894 -0.00302551 0.000577956 -0.00722933 -0.00151515 0.000314047 -0.000545477 0.00173733 -0.00165385 -0.0038828 -0.00277874 0.000822053 -0.00230729 -0.00494723 0.00557273 -0.00221649 -0.00215417 -0.00131152 -0.00159546 -0.0016879 -0.00307209 0.00117294 0.000408117 -0.0028009 -0.0080224 0.00246625 -0.00499592 0.00447971 -0.0031188 -0.00559754 -0.00421355 -0.0060825 -0.00604175 -0.000936651 -0.000113755 -0.00507558 -0.00250535 0.00216637 -0.00139236 0.00296993 -0.0034771 0.000829692 -0.00436245 0.0010882 -0.00016905 0.00167415 -0.000110315 -0.00340502 0.00205664 -0.00292656 -0.00101989 -0.0010015 -0.0030424 -0.000239869 0.00104939 -0.00204599 0.000997425 -0.00388608 0.000284944 -0.00562382 0.000207403 -0.00111641 0.000448884 -0.000232309 0.000376928 0.00437832 -0.00112308 0.0025401 0.0012664 -6.84533e-05 0.000202516 -0.00467349 -0.00379463 0.00288837 0.00272202 -0.00379306 0.000988593 -0.00104094 -0.00227479 
0.00552351 3.86162e-05 0.00849208 0.00489118 0.113494 0.00702468 -8.48855e-06 0.00514782 0.00269418 -0.00284148 0.0119979 0.000926911 -0.00137098 -0.00160787 -0.00436279 -0.00760006 0.00367219 -0.00214637 -0.00492188 0.00112411 -0.0043984 0.00267151 -0.000908382 -0.00229583 -0.0109505 -6.89164e-05 -0.00261541 -0.000623469 -0.00174012 0.0013344 -0.00265653 -0.00602562 -0.00795731 -0.00551627 -0.00761015 -0.00254407 -0.000152734 -0.00724639 -0.00621961 -0.00189922 0.00208372 0.00520731 -0.000828568 -0.00508619 -0.00103006 0.00709264 -0.00646776 0.00131147 0.0015598 0.00247289 -0.000645851 0.000753894 -0.00500468 -0.00314249 -0.00445895 -0.00216967 -0.00514489 -0.00990619 -0.00786639 0.00148837 -0.000645583 -0.000659681 0.00276569 -0.00407196 -0.00276922 -0.00251453 0.00317303 -0.000410151 -0.00807113 -0.00467958 -0.00542699 -0.00296372 -0.00047516 0.00109793 -0.00260209 -0.00082117 -0.004109 -0.00112251 -0.002742 0.000973121 -0.00832164 -0.00120911 -0.00106727 0.00110535 -0.000533277 0.00184692 0.000565155 -0.000922383 0.00311388 -0.00153648 -0.00255691 -0.000415182 -0.00542957 0.00842374 -0.00937294 -0.0049609 0.00379237 0.00780025 0.000594431 0.00219541 
0.00275539 -0.00539158 0.00104804 0.00957402 0.00702468 0.138243 -0.00263456 -0.00084496 -0.00155911 -0.00205817 0.00983735 0.00110713 -0.0103456 0.00958298 -0.00526611 0.0136328 -0.0053659 0.000772938 -0.00115672 -0.00865455 -0.00105638 -0.00919862 -0.00120002 0.00240278 -0.00615823 -0.00114878 -0.00307192 0.00360066 0.0110228 0.00459644 0.000488159 -0.00682707 0.00804535 0.00756513 -0.000703267 0.0033846 -0.00574585 -0.00707874 -0.0110825 -0.01177 -0.0140963 0.0011192 0.00030455 -0.0180005 0.00258135 -0.00678276 0.0174361 -0.00662844 -0.00398852 -0.00445349 0.0023329 0.0106482 -0.0200081 0.000269527 0.00269746 0.000867822 -0.00726442 -0.00822234 0.00429697 -0.00628523 -0.00730686 -0.00603871 -0.00276076 -0.00845381 0.00316585 -0.00153802 -0.00199205 -0.00501286 -0.00315538 -0.00334681 -0.0073877 -0.00365146 -0.00288235 -0.00244124 0.00970877 -0.00257972 0.00261096 0.0014764 0.00552329 -0.00268388 0.000116597 -0.00365419 0.000642407 -0.00188786 -0.00299147 -5.01702e-05 -0.012044 -0.000466499 -0.00211403 0.00283235 -0.000914291 -0.00582553 -0.00419796 0.00220158 0.000682574 0.000715155 -0.0074013 0.000994527 -0.00809972 0.00701799 
0.000195649 -0.00359923 0.0020731 0.00158035 -8.48855e-06 -0.00263456 0.0832043 0.00131604 0.00642613 -0.000720377 -0.00257301 -0.00202532 -0.00653612 -0.0040113 0.000841118 -0.00927767 0.00424288 -0.00379631 0.00287682 0.00652751 -0.000582498 0.00167748 -0.00125875 0.000446935 -0.00890767 0.000120101 0.000190775 0.000319473 -0.00353223 -0.0035811 -0.00507077 -0.00890238 -0.00378537 -0.00131202 -0.00472454 0.00236558 0.00299217 0.0010784 -0.00730391 0.00413815 -0.00523946 -0.00254838 0.00524195 0.00956558 -0.000155046 -0.00477731 -0.00681881 0.000485224 -0.00435806 0.00415708 -0.00326277 -0.001318 -0.0102636 0.00151962 0.00228542 -0.00225641 -0.00324084 0.00322154 -0.00412347 0.00282496 -0.00241017 -0.000994607 -0.00190675 -0.00209585 -0.000282476 -0.00444639 1.03159e-05 -0.000446958 -0.00212374 -0.00166584 -0.000136751 -0.000855923 -0.000571323 -0.000304288 -0.00868464 -0.000290324 -0.000544867 -0.00055076 -0.000689781 -0.00045499 -0.00398132 0.000199113 0.00677375 0.000229241 0.000168352 0.00142256 -0.000341829 0.00116261 0.0063092 0.00172248 0.00054208 0.00221748 -0.00198453 0.00206391 -0.00360911 -0.00460204 0.00227562 0.000864601 -0.000644866 -0.000749726 
5.61824e-05 -0.00205045 9.83506e-05 0.00196627 0.00514782 -0.00084496 0.00131604 0.0762061 -0.000410789 5.1757e-05 0.00155734 -0.000999275 -0.00523231 -0.00261886 -0.00307405 -0.0102152 0.00656892 -0.00095822 -0.00257899 0.00494666 0.000340842 0.00194622 -0.00493625 -0.00132492 0.00582304 -0.000106011 -0.00367003 -0.00079612 -0.00318581 -0.000486942 -0.0034531 -0.00776017 -0.0107195 0.00233864 -0.00101507 -0.00200812 -0.00149365 0.00308165 -0.00516645 0.000542666 -0.00254894 -0.00350075 -0.000946891 0.000187359 0.001061 0.0118721 0.000613899 0.00492936 0.00241623 -0.00586768 -0.00420572 -0.000617567 0.00190377 -0.00263615 -0.0024318 0.0022572 -0.000556134 -0.00285471 -0.00184765 0.00174 0.003126 -0.00356118 -0.000268082 0.00401278 0.000106747 -0.000896874 0.00310224 -0.000792424 -0.00405311 -0.00355504 -0.00210243 -3.09139e-05 0.000810754 0.00302617 -0.00248505 -0.00115612 0.000125648 -0.0019821 -0.0036079 -0.00122567 -0.00363739 -0.00272833 -0.00319055 -2.97937e-05 0.00104282 -0.000435308 0.000868379 -0.00152449 -0.00249616 -0.00329556 -0.000390078 -0.00146815 -0.00544874 -0.00164656 0.000677241 0.00167876 0.00181059 -0.000268856 -0.00177526 -0.00218633 
0.00100634 -0.000533455 0.00123561 0.0031991 0.00269418 -0.00155911 0.00642613 -0.000410789 0.0998706 0.00373361 -0.000398528 0.00319647 0.00149285 -0.00352372 -3.49057e-05 0.00412864 -0.00255037 0.00124203 0.00408276 -0.00592603 -0.00558825 -0.000994001 -0.0029402 -0.00225084 -0.00496521 0.000230212 0.000951892 -0.00123109 -0.00177142 -0.00562305 -0.00102167 0.00629396 -0.00815127 0.00304652 -0.00296059 -0.00338204 -0.000925109 -0.00354617 -0.00557552 -0.00470934 -0.00410957 -0.00590409 -0.00499708 0.00823668 -0.000615759 -0.0100923 -0.00371367 -0.00605982 -0.00240108 -0.00643114 -0.006421 -0.00254456 -0.00908886 -0.00542574 -0.000206887 -0.000333183 -0.00431279 -0.000735947 -0.00232917 -0.00187763 -0.000293603 -0.00184114 -0.0015182 -0.00446769 0.00451386 0.0020916 0.00421943 -0.00236184 -0.00439317 0.00212451 0.00107729 0.000784122 -0.00427583 0.00213726 -0.0098756 0.00451276 -0.000300115 -3.14093e-05 -0.00300799 -0.00215355 -0.00206265 -0.00122615 0.00272966 -0.000926491 0.00186989 8.56539e-05 -0.00494307 0.00432701 0.00118951 0.00341823 -0.000514297 -0.000930225 0.00063696 0.0050598 0.00527592 -0.00269334 0.00134272 -0.00152513 -0.00131412 0.000364823 
-0.00240663 -0.00358436 -0.0043158 -0.00434141 -0.00284148 -0.00205817 -0.000720377 5.1757e-05 0.00373361 0.0993613 0.0015073 0.00207738 -0.000149864 0.000517729 -0.00146387 0.00670836 0.000399799 -0.00202056 0.00473848 -0.0020229 -0.00174052 -0.00556234 -0.00418094 -0.00367701 -0.000172163 0.00101411 0.000923961 -0.00178426 -0.00225794 0.00741921 0.0015503 -0.00579952 -0.00289812 0.00378802 0.00274494 -0.00077461 0.00239796 0.00546524 -0.00302567 -0.0087782 8.07725e-05 -0.00681598 -0.00382035 -0.00743298 0.0017887 -0.00963445 -0.00658442 -0.00566677 -0.00682043 -0.00798867 -0.00485042 0.00279813 0.00126465 0.00162097 -0.00313988 -0.00282031 -0.00446352 -0.00334355 -0.00390067 -0.00252395 -0.000256587 0.000864581 -0.00149117 0.0066992 0.00229447 0.00194911 -0.000224226 -0.000506069 0.00339945 -0.00254432 0.00202128 -0.00126127 -0.000743677 -0.00123783 -0.00118007 0.000271293 0.000631098 0.00314224 -0.00141415 0.00132518 0.00161364 3.97359e-05 -0.00268631 -0.00113797 -0.00181031 -0.00238636 -0.00328288 -0.00064518 -0.00247513 -0.00145249 -0.0020808 0.00202616 -0.0012073 0.00125997 -0.00156135 -0.00192038 0.00389469 -0.00133835 -0.000302407 -0.00185515 
-0.000350556 -0.00365778 0.000902931 0.00238796 0.0119979 0.00983735 -0.00257301 0.00155734 -0.000398528 0.0015073 0.13497 0.00783951 0.000857159 0.00897278 -0.00266021 5.12409e-05 -0.00591992 0.00325634 -0.00247266 -0.00214782 0.00341216 -0.00273788 -0.00950145 0.00184932 -0.012193 -0.00114552 0.00845113 0.00221076 -0.00478705 0.00589576 0.00342157 -0.00492286 0.00449808 0.0028775 -0.00507883 -0.00269717 -0.001858 -0.0107853 -0.00996599 -0.00940877 -0.00993679 -0.00248734 -0.00727656 -0.0150619 0.00381603 -0.00313654 0.00402029 -0.00469566 0.00427872 -0.00483372 -0.00364239 -0.00419556 -0.0108025 -0.00122914 -0.00118698 -0.0035237 0.00136067 -0.0145265 -0.00643431 0.000405147 -0.00107906 0.00256786 0.00740004 -0.00559393 0.000449643 -0.0010272 0.00203609 -0.000628811 -0.0038068 -0.00201511 0.000416951 0.000970992 -0.00369518 -0.00178091 -0.00911791 0.000356887 -0.00339965 0.00475932 -0.0100605 0.0014294 -0.00930152 -0.00165702 -0.0104388 -0.00143414 -0.0042488 0.00288823 0.0053175 -0.00302926 0.000579198 -0.00820557 -0.00234285 0.000399364 -0.000428808 0.00272432 0.00435475 0.00474745 -0.000859752 0.00673568 -0.00176731 -0.00461793 
0.000353568 0.0077465 -0.000976386 0.0034569 0.000926911 0.00110713 -0.00202532 -0.000999275 0.00319647 0.00207738 0.00783951 0.101339 -0.00264476 0.00908494 -0.000337799 -0.000835384 -0.00229769 -0.00208505 -0.00278724 -0.00378944 -0.00302624 -0.00598329 0.000251938 -0.000288585 -0.0087469 0.00212066 0.00771705 -0.000590489 0.00304951 -0.00363267 0.00498432 0.0100142 0.00168927 -0.000456738 -0.0058877 -0.0039582 0.00356971 -0.00674052 -0.00226752 -0.00373649 -0.00688689 -0.00855816 -0.00686552 -0.00637889 0.00239185 -0.00359078 0.00623411 -0.00197821 -0.00249001 -0.00771677 -0.000602325 -0.00261745 -0.00281725 -0.00511509 0.00273574 -0.00170615 0.000273236 -0.00130636 0.00264539 -0.00108318 -0.00368736 -0.00149009 0.0021397 -0.00502196 -0.00460389 -0.00106696 -0.000801615 -0.00300276 -0.00652768 0.00205934 -0.00271876 -0.00276611 -0.00398914 0.00193753 -0.0164472 0.00357058 -0.00362053 -0.00261448 -0.00632483 9.73953e-05 -0.000339104 0.000857137 0.00414268 -0.00227491 0.00259417 0.00435884 0.00428738 -0.00116523 0.000567704 -0.00146358 -0.00226904 0.0038284 -0.000856482 -0.0113781 -0.000414866 0.00557393 -0.00355843 0.000814289 -0.00238313 -0.00704177 
0.000843654 -0.00968773 -0.00567182 -0.00322399 -0.00137098 -0.0103456 -0.00653612 -0.00523231 0.00149285 -0.000149864 0.000857159 -0.00264476 0.173567 0.00585458 -0.0025627 0.0444055 0.00868324 -0.00162383 0.00207071 -0.0118741 -0.004754 -0.00611419 -0.00557366 -0.00474913 0.00808236 -0.00682097 -0.00515287 -0.00349508 0.00199953 -0.00226351 -0.00129367 0.0119692 -0.00500149 -0.00326289 -0.00775878 -0.000283736 0.000158101 -0.00724327 -0.000174194 -0.0133006 0.00732228 0.00631226 0.000334959 -0.00633895 -0.00879817 -0.0229308 -0.0174068 -0.0081709 -0.0118782 -0.0023204 0.00493666 -0.0129788 -0.019588 -0.00605133 -0.00445315 0.00299574 -0.00838291 -0.0117649 -0.00336441 0.000280089 0.0132681 5.42984e-05 0.0014999 -0.00503536 -0.00253256 -0.00807278 -0.000833353 -0.00521721 -0.00842595 -0.00431052 -0.0013169 -0.00473152 0.0046693 -0.00931901 -0.00276321 -0.00506859 -0.000695579 0.000901773 0.0101207 -0.0011408 -0.00318091 -0.000200751 -0.0100139 -0.00101992 0.000458186 -0.00107186 0.0107421 0.000957871 -0.00277941 -0.00375667 0.00194871 0.00450465 -0.00288809 0.0116379 0.00665723 -0.00961947 0.000173711 0.000408737 0.0138504 0.0125685 
-0.00149578 0.00221679 -0.00961384 -0.00194614 -0.00160787 0.00958298 -0.0040113 -0.00261886 -0.00352372 0.000517729 0.00897278 0.00908494 0.00585458 0.169213 -0.00319679 0.0249231 0.00662624 0.00211135 -0.000225047 -0.00349681 -0.00639722 0.00201579 -0.00271562 -0.00158607 -0.0128181 0.000647558 -0.00170387 -0.00449264 0.000876233 -0.0024582 -0.000236808 0.000743557 -0.0100763 0.00255521 0.00879264 -0.0100334 -0.00341214 -0.00968915 -0.00410844 -0.0194032 0.00218664 -0.0109361 0.000876997 -0.00923066 -0.00342157 -0.00601977 0.00902804 -0.00922441 -0.0141998 -0.000293587 -0.000119605 -0.00392631 0.0123121 -0.0082231 -0.00481184 -0.00337241 -0.0138503 0.00102436 0.00232797 -0.00265175 0.00730658 -0.00400436 0.00293388 -0.00742536 -0.00171065 0.00120589 -0.00367608 -0.00556882 -0.00233856 0.000729531 -0.00110108 -0.00290313 -0.00079619 0.000388323 0.00023011 0.000138523 -0.00179233 -0.0022125 -0.00910987 -0.00157464 -0.00643249 -0.00178411 -0.00399483 -0.00329606 -0.000570831 -0.00168047 0.00986204 0.00153302 -0.00544751 -0.00482736 -0.000814091 -0.00723284 -0.000583399 -0.00790179 0.00500525 -0.0038786 -0.00237313 -0.00146054 -0.00516569 0.000982068 
-0.000894244 -0.00220306 -0.000855184 -0.00136842 -0.00436279 -0.00526611 0.000841118 -0.00307405 -3.49057e-05 -0.00146387 -0.00266021 -0.000337799 -0.0025627 -0.00319679 0.0787549 0.00277914 0.00573251 -0.00020607 0.00204642 0.00314965 -0.0053949 -0.00133505 -0.00450998 -0.00273474 -0.00438449 0.000368148 -0.000673468 -0.000987809 -0.00102566 -0.00454049 -0.0021378 0.001871 0.00554231 -0.005268 -0.00461124 -0.00221559 -0.000920565 0.0023074 4.22063e-05 0.000645812 -0.000716655 0.00171241 0.00134916 0.00274177 -0.00221568 -0.0030911 -0.000361611 -0.00049988 -0.00284218 -0.0040962 -0.00176683 -0.00264769 -1.20022e-05 -0.00373831 0.00259493 -0.00111786 -0.0065595 0.00220704 -0.0041219 -0.00108767 -0.00535839 -0.00268578 0.000543034 -0.000985649 -0.000223296 0.00107028 -0.00173893 -0.000321819 -0.00262564 0.000313096 0.000612576 -0.0009721 0.0017589 -0.0026645 -0.00748767 -0.00179599 -0.000229281 -0.000182123 0.00645312 -0.00178551 0.00153086 0.00214441 0.00124938 0.00249533 0.00174826 0.000216802 0.000302316 -0.000714793 -4.04929e-05 -0.000972339 -0.000611736 0.00183186 0.00610592 -0.00490502 0.00554727 -0.00190117 0.000658638 -0.00327742 0.00216081 -0.00584805 
-0.00531505 -0.00845827 -0.00765992 -0.000827677 -0.00760006 0.0136328 -0.00927767 -0.0102152 0.00412864 0.00670836 5.12409e-05 -0.000835384 0.0444055 0.0249231 0.00277914 0.235301 0.0115765 -0.00827955 0.00279553 -0.0138948 -0.0059644 -0.031242 -0.00803192 -0.00692298 -0.0106802 -0.00560855 -0.0102839 -0.0121417 0.0098599 -0.00603088 -0.0102454 -0.00953881 0.0142334 0.00250988 -0.0126328 -0.0134986 -0.00212658 -0.013943 0.00729719 -0.0237613 0.010432 0.00690336 0.0180369 -0.00792128 -0.0108621 -0.0274648 -0.00680231 -0.0182915 -0.0103186 -0.00681808 0.00868039 -0.0174974 0.0127318 -0.00893739 -0.00784227 0.00322944 -0.0099461 -0.0101352 0.00494905 -0.00543616 -0.00029355 0.000696845 -0.00485629 -0.0094595 -0.00539165 0.0113388 -0.00399582 -0.000776475 -0.0111989 -0.0079113 -0.000140112 -0.0062196 -0.00176014 -0.0148893 0.0143851 -0.00518485 -0.00127214 -0.0075318 0.0215177 -0.00401878 -0.0056838 -0.00614256 -0.00745786 -0.00250669 -0.00064503 -0.00114235 -0.00412592 -0.00216085 -0.0050098 -0.00120275 -0.000189758 0.00739702 0.00670487 0.0121408 0.0123106 -0.02413 -0.00254047 -0.00131102 0.00880228 0.0119802 
0.00125356 -0.000151017 -0.00377205 0.000951563 0.00367219 -0.0053659 0.00424288 0.00656892 -0.00255037 0.000399799 -0.00591992 -0.00229769 0.00868324 0.00662624 0.00573251 0.0115765 0.162384 0.0115917 0.00466939 0.0100328 -0.00767074 0.00222191 -0.00860684 -0.00164956 -0.00386379 -0.00537218 -0.00374552 -0.00434284 8.96216e-05 -0.00511914 0.000328025 -0.0111645 -0.007659 -0.0114529 -0.0142654 -0.00342521 -0.00514605 0.0067025 0.000482084 -0.00769915 0.00732364 -0.023937 -0.00474294 0.0104038 -0.000240889 -0.0137681 -0.0159135 -0.0116445 -0.00215984 -0.00299834 -0.00566723 -0.0118957 -0.00555308 -0.0107024 0.00585294 -0.00362128 -0.00768625 -0.00919928 -0.00547982 -0.00270896 -0.00364851 -0.00276768 -0.000491904 0.00836617 -0.00134713 -0.00552461 -0.0025545 0.000752102 -0.000885917 -0.00166538 -0.000952645 0.00111809 0.00820398 -0.00432995 -0.000705169 0.00109898 -0.00259979 0.0030112 0.00364778 -0.000622589 -3.65137e-05 -0.0012342 0.00244401 -0.00311903 0.000348081 0.000994902 -0.00389583 0.00132473 0.00263458 -0.00481491 0.00352237 0.00184041 -0.00522062 -0.00333279 -0.0019963 -0.00728528 0.00224488 0.00152093 -0.000667657 0.00399498 
-0.000825104 -0.00230261 -0.00323685 0.000776056 -0.00214637 0.000772938 -0.00379631 -0.00095822 0.00124203 -0.00202056 0.00325634 -0.00208505 -0.00162383 0.00211135 -0.00020607 -0.00827955 0.0115917 0.109595 -0.0038471 0.00492875 0.00785584 0.00400665 -0.000784227 -0.00101033 -0.00971643 -0.00380254 0.00223644 0.00354793 0.000593049 -0.000480219 0.0121726 -0.00159404 -0.000641788 -0.00069503 0.00386406 0.00198155 -0.00316398 -0.00533515 0.00234095 -0.00522609 -0.0105231 -0.00545034 -0.00464367 -0.00931436 -0.00370332 -0.00355211 -0.00557795 -0.0102411 -0.0015866 -0.00423305 -0.0048732 -0.00447451 -0.00774255 0.00190825 -0.001288 -0.000682809 -0.00418255 -0.00655861 -0.00258717 0.000308966 0.00268789 0.00311441 0.00914187 0.00309641 -0.00151265 -0.00239615 -0.00259709 0.00214743 0.00579199 -0.000311233 0.000229612 -0.00223589 0.000771151 -0.000249636 0.00753851 -0.000508799 -0.00142684 -0.000124395 -0.000244682 -0.00232579 0.00206019 -0.00168025 -0.00467567 -0.00171088 -0.00121039 0.00116818 -0.00667301 -0.000370401 0.000859689 -0.00361535 -0.000401061 -0.000771851 -0.00163251 -0.0072704 -0.00167433 0.0013378 -0.00628894 -0.00127873 -0.00526847 -0.00158734 
3.0575e-05 -0.00465847 -0.0029657 -0.0024769 -0.00492188 -0.00115672 0.00287682 -0.00257899 0.00408276 0.00473848 -0.00247266 -0.00278724 0.00207071 -0.000225047 0.00204642 0.00279553 0.00466939 -0.0038471 0.0852311 -0.00351354 -0.0010835 -0.00265671 -0.000799282 -0.00429143 -0.00434191 -0.00394477 -0.00181455 -0.000100915 -0.00053931 -0.00114772 -0.00499322 0.00168398 0.00512221 0.00304376 -0.00416364 -0.00127159 0.001066 0.00162101 -0.00179412 0.000982304 0.00094531 0.00170243 -0.00260003 -0.00100996 -0.000344848 -0.0070346 -0.00970392 0.00165396 -0.00827602 0.000445497 -0.0072226 -0.00380826 -0.0107172 -0.00406742 -0.00299455 0.000473562 -0.00100277 -0.00140756 -0.00282723 -0.00208513 -0.00271919 -0.00210304 -0.00284635 -0.00140217 0.000263323 -0.000518403 0.00130581 -0.00167826 0.00289644 -0.00465044 -0.000289754 -0.000705522 -0.000759306 -0.00236283 -0.00488506 1.40341e-05 -0.001444 -0.00076474 -0.00246247 0.000942815 -0.00111615 0.00876124 0.000596159 0.000126673 0.000583861 -0.00230594 0.00257015 0.00094406 0.00138756 0.000482602 -0.000288018 0.00161892 0.00381959 0.0038991 0.000411202 -0.00364121 0.00528209 0.00320818 0.00204083 -0.00184461 
-0.0032209 -0.00314756 -9.89557e-05 -0.00131162 0.00112411 -0.00865455 0.00652751 0.00494666 -0.00592603 -0.0020229 -0.00214782 -0.00378944 -0.0118741 -0.00349681 0.00314965 -0.0138948 0.0100328 0.00492875 -0.00351354 0.14546 0.00614975 0.0164952 0.00221592 0.00191337 -0.0177087 0.00383808 -0.00452178 0.000559989 -0.00638781 0.00549143 0.00719402 -0.01297 0.00822999 -0.00868713 0.000242758 5.55323e-05 -0.00357826 -0.00914504 -0.00107026 -0.00127518 0.0033419 -0.0187163 0.0103426 -0.00471333 -0.00126425 0.00248583 -0.00409829 0.00111313 -0.00138686 0.00449648 0.00240957 -0.0158356 0.0143368 0.00517797 0.0014612 -0.000838738 -0.0080777 0.000812485 0.00381895 -0.0021676 -0.00513928 0.00628827 -0.00277185 -0.00237835 -0.00665704 -0.00232998 -0.00611865 0.00339311 0.00156722 -0.00728823 -0.00125554 0.000798762 -0.00399717 -0.00116906 -0.0123267 -0.00562472 -0.00298164 -0.00509778 -0.00115502 -0.00264313 -0.00355985 -0.00500618 0.00336128 -0.00235915 -0.00389482 0.00334177 -0.00388884 0.000755005 0.000293438 -0.000236846 -0.00272158 0.00273652 -0.00630511 -0.00557594 0.00227078 0.00189093 -0.00172977 -0.00774801 -0.00433311 -0.00321473 
-0.000630924 0.002086 0.000116374 -0.00221369 -0.0043984 -0.00105638 -0.000582498 0.000340842 -0.00558825 -0.00174052 0.00341216 -0.00302624 -0.004754 -0.00639722 -0.0053949 -0.0059644 -0.00767074 0.00785584 -0.0010835 0.00614975 0.114787 0.0053939 0.00642129 0.00274566 0.00866441 0.00244749 0.00360532 -0.000160898 -0.00298066 0.0107887 -0.00239104 -0.00426843 0.0120719 -0.000412458 -0.0082013 -0.00328284 0.00351408 0.00200291 -0.00365007 0.00365092 0.00584778 -0.00338163 0.00032672 -0.00343298 -0.00284367 -0.0043027 0.00398518 -0.000851658 -0.00599209 -0.00669412 0.00267984 -0.00871617 -0.0019866 0.00649637 0.00648471 6.04198e-05 -0.000367002 -0.00979464 -0.000418737 -0.00738524 -0.00537266 -0.00178793 -0.00281986 -0.00153408 -0.000221951 -0.00246324 -0.00143571 -0.0001057 -0.0040336 -0.00436415 0.000629547 -0.0037573 -0.00421944 0.00112356 -0.0044469 -0.00126184 -0.00537667 -0.00175116 -0.00630878 -0.00104427 -0.00736303 -0.00197984 -0.000540257 -0.0020424 -0.00401496 -0.000777273 -4.7167e-05 0.00366685 -0.000207804 -0.00664809 -0.00204759 -0.000411194 -0.00686715 -0.00250042 -0.00616446 0.00150787 0.00434807 -0.00378176 0.00174509 -0.00524166 
0.00302145 -0.000576829 -0.00213756 0.000142894 0.00267151 -0.00919862 0.00167748 0.00194622 -0.000994001 -0.00556234 -0.00273788 -0.00598329 -0.00611419 0.00201579 -0.00133505 -0.031242 0.00222191 0.00400665 -0.00265671 0.0164952 0.0053939 0.127238 0.0131189 0.00373101 0.00588027 0.00378344 -0.0053516 -0.000818024 -0.00491434 0.00289907 0.0011761 -0.00149825 -0.0138724 -0.00319904 0.00796418 0.00271842 -0.00811702 -0.00856088 0.0013794 -0.0043985 -0.00572377 -0.0196631 -0.00647791 -0.0016937 -0.00252195 0.00222501 -0.00844218 -0.00191462 -0.00466766 0.0150402 -0.00230244 -0.00591102 -0.00711331 -0.000441249 0.00202228 0.000197643 -0.00888299 0.00481917 -0.00343392 0.000731915 0.0033869 -0.00169096 -0.000986995 0.00303506 0.0106291 -0.00630572 0.00172846 -0.000538033 0.00204535 -0.0020418 -0.00252219 0.00189428 -0.00215208 0.00325593 -0.0123608 0.00604533 -0.00178448 -0.00550413 -0.0118792 0.000612389 0.00132405 -0.00298109 0.00541061 -0.000834456 -0.00216579 -0.00126989 0.0046063 -0.000170238 0.00412025 -0.00280275 -6.28731e-06 -0.00239949 -0.0116497 2.67019e-05 -0.0133155 0.00688503 0.000942098 -0.0043936 -0.00233241 7.96198e-05 
-0.00176699 -0.00283156 -0.00138135 -0.00302551 -0.000908382 -0.00120002 -0.00125875 -0.00493625 -0.0029402 -0.00418094 -0.00950145 0.000251938 -0.00557366 -0.00271562 -0.00450998 -0.00803192 -0.00860684 -0.000784227 -0.000799282 0.00221592 0.00642129 0.0131189 0.125454 0.00255034 -0.00734307 0.00368475 0.0044359 0.00323342 0.00157535 0.00151187 0.00331669 0.00213949 0.00245112 -0.00265671 0.000123458 -0.00224995 -0.0012054 -0.00501432 0.00779616 -0.00960489 -0.013392 -0.00621608 -0.00102478 -0.0123283 -0.00202329 -0.0154485 0.000862991 -0.00191209 -0.00537898 0.0111659 0.00733617 -0.00332445 0.00205347 -0.00566973 -0.000211049 0.00165576 -0.00150455 0.00767887 0.000369069 -0.000631613 -0.00445414 -0.00560487 0.00409258 -0.0066964 0.00297803 -0.00300247 0.000106392 -0.00286932 -0.000653234 -0.00132582 -0.00149814 -0.00243576 -0.00202812 0.00456318 0.00223805 -0.000739502 -0.00260375 -0.00060855 -0.00382258 0.00195177 0.00407593 -0.00405675 0.00292943 -0.00142283 -0.00225692 0.000818393 -0.0059642 -0.000844024 -0.00492006 0.00441652 -0.00246597 -0.00333473 -0.00746354 -0.00186845 -0.00162709 0.00343643 -0.00458419 -0.00219865 -0.00224153 0.00267521 
-0.00124302 -0.00106123 -0.0020084 0.000577956 -0.00229583 0.00240278 0.000446935 -0.00132492 -0.00225084 -0.00367701 0.00184932 -0.000288585 -0.00474913 -0.00158607 -0.00273474 -0.00692298 -0.00164956 -0.00101033 -0.00429143 0.00191337 0.00274566 0.00373101 0.00255034 0.0885069 -0.00113495 0.00237702 0.00299536 0.00100379 -0.00337351 -0.00386317 0.00157812 -0.00700875 -0.00105273 0.00390226 -0.000258324 -0.00295395 0.0053558 -0.0052575 -0.00958718 -0.00566217 -0.00450246 -0.00809231 0.00193451 -0.00234196 0.000975611 0.000182133 0.00466363 -0.00403633 -0.000918387 -0.0085099 0.00653557 -0.00112908 -0.00581506 0.00467693 0.00139157 -0.00149812 -0.0021493 0.00142691 -0.00194562 -0.00448617 -0.000413892 -0.00232427 0.00214271 0.00334295 -0.000872945 -0.000442291 -0.00308337 -1.78816e-06 -0.0019678 -0.00210334 -0.00130065 -0.000305063 -0.00496893 0.00135413 -0.00313915 -0.00217319 -0.00267731 0.00038213 -0.000323217 0.00080472 0.00203555 0.000116081 0.000242262 -0.000430399 -0.00207358 -0.00132171 0.000986478 -0.000476323 0.00327901 -0.000133424 -0.000934066 -2.70598e-05 -0.00422827 0.00108134 0.00791896 0.00217371 -0.00150332 -0.00151338 -0.00437526 -0.00379853 
0.00105644 0.00881901 -0.00614048 -0.00722933 -0.0109505 -0.00615823 -0.00890767 0.00582304 -0.00496521 -0.000172163 -0.012193 -0.0087469 0.00808236 -0.0128181 -0.00438449 -0.0106802 -0.00386379 -0.00971643 -0.00434191 -0.0177087 0.00866441 0.00588027 -0.00734307 -0.00113495 0.203025 0.000552701 -0.0022668 -0.00526537 0.00341622 0.00549431 -0.00718451 0.000720052 -0.0117529 -0.00157386 -0.00868329 0.00657705 -0.0088343 0.0176591 0.00284703 0.019722 0.00690376 0.00150552 -0.00272533 -0.000194927 -0.00636466 0.00896729 0.0111666 0.00735001 0.000679865 -0.0073848 -0.00476794 -0.00186056 -0.00621252 0.00616581 0.00251413 0.00245859 0.0043747 -0.00191468 0.00407651 -0.00647931 0.000388309 -0.00467318 -0.0154458 0.0136072 -0.000745929 -0.00414222 0.0034478 -0.00301423 0.000742135 -0.00165766 -0.000766875 -0.00543643 0.00989121 -0.00845901 0.00484855 -0.00552125 0.00311318 -0.00805998 0.00611749 -0.000379841 0.00541798 -0.00782004 -0.0152211 0.000226763 -0.00629749 -0.00624895 0.00123603 0.000842238 -0.0126628 -0.00417173 -8.62925e-05 -0.00641566 -0.00761037 0.000943687 -0.00520208 -0.00841903 0.00113124 -0.0116146 -0.00900565 -0.0264563 
-0.000802986 -0.000861351 0.000982789 -0.00151515 -6.89164e-05 -0.00114878 0.000120101 -0.000106011 0.000230212 0.00101411 -0.00114552 0.00212066 -0.00682097 0.000647558 0.000368148 -0.00560855 -0.00537218 -0.00380254 -0.00394477 0.00383808 0.00244749 0.00378344 0.00368475 0.00237702 0.000552701 0.0735637 -0.000287469 -0.000500477 -0.00178637 0.00140911 0.00011057 -0.009734 -0.00905571 0.00194617 0.00738284 -0.00108736 0.00107388 -0.00226942 -0.00424129 -0.001953 -0.00522044 -0.00453015 0.000262137 -0.00165237 0.00331994 -0.00198214 0.000525872 0.0036654 -0.00210464 -0.00395905 0.0016909 -0.00279272 0.00372728 -0.000934149 0.00237364 -0.00110927 -0.000766423 7.25734e-05 -0.0012123 0.000589745 -0.00491426 -0.000740825 -0.000451065 -0.00288427 0.000171761 -0.0015529 -0.00299186 -0.0012007 0.00213093 -0.00176967 -0.000423922 1.08363e-05 -0.00199397 0.00267139 -0.00717729 0.00142684 0.00034551 -0.00138252 -0.003784 -0.000199765 -0.00248573 2.90046e-06 0.00476036 0.000982562 -0.0013984 -0.000341619 -0.0041302 0.000523574 -0.00190174 -0.00239897 -0.000527383 -0.000850711 0.00242805 0.0016743 0.00171065 -0.0024106 0.00011242 -0.00108037 -0.0022479 -0.00321573 
-6.70012e-05 -0.00249491 0.00214333 0.000314047 -0.00261541 -0.00307192 0.000190775 -0.00367003 0.000951892 0.000923961 0.00845113 0.00771705 -0.00515287 -0.00170387 -0.000673468 -0.0102839 -0.00374552 0.00223644 -0.00181455 -0.00452178 0.00360532 -0.0053516 0.0044359 0.00299536 -0.0022668 -0.000287469 0.0975747 0.000329613 -0.000718779 0.00243163 0.00410172 0.00209097 0.00928099 0.00038517 -0.000892016 -0.00200412 0.000352604 -0.00145152 0.00253234 -0.000540532 -0.0076816 0.00520458 -0.00329226 -0.00526779 0.000612018 -0.0063133 0.00401653 -0.000710781 0.00178877 -0.00420145 0.00736594 -0.000849007 -0.00129124 -0.00128467 -0.000447946 -0.00211673 0.00386012 -0.00393657 -0.000276669 -0.00277417 -0.00290762 -0.00237939 -0.0020375 -0.00101096 -0.00500817 -0.000508579 -0.00284005 -0.000795463 -0.00145965 0.000636889 0.000884923 -0.00236042 -0.00415714 -0.00191005 -0.00493052 -0.00213389 -0.00274838 0.0010453 -0.00639097 -6.33931e-05 -0.00225487 -0.000624393 -0.00471103 9.29225e-05 -0.00203185 0.00151688 -0.00203619 0.00112923 -0.00374121 -0.00230529 -0.00120352 -0.00280413 -0.000412325 -0.0109998 0.00146659 0.00142394 -0.00715783 0.000852964 -0.00341495 -0.00383069 
-0.000467545 -0.00659726 -0.00271417 -0.000545477 -0.000623469 0.00360066 0.000319473 -0.00079612 -0.00123109 -0.00178426 0.00221076 -0.000590489 -0.00349508 -0.00449264 -0.000987809 -0.0121417 -0.00434284 0.00354793 -0.000100915 0.000559989 -0.000160898 -0.000818024 0.00323342 0.00100379 -0.00526537 -0.000500477 0.000329613 0.0929637 0.00040374 0.00221185 0.00101791 0.0019215 0.00221325 0.00881941 -0.00261231 -0.00319415 0.00078178 -0.0059463 -0.00267335 -0.00572065 -0.00723561 -0.00156 -0.0045666 0.000786017 -0.000124036 -0.0036519 0.00197098 -0.00823788 -0.00378029 0.00559418 -0.00494432 -0.000570729 -0.000907102 0.000533863 -0.00226475 -0.000360515 -0.00675068 0.00296358 -0.00344755 -0.00167879 -0.0069109 -0.00227515 0.00263529 -0.0046943 -0.00165095 -0.00176639 -0.00154397 0.000255754 0.0014628 -0.002174 -0.00265079 -0.000163964 -0.00310168 0.00232565 -0.00197828 -0.00149013 1.9463e-05 -0.00136117 -0.00021086 1.79184e-05 -0.00288829 0.00268859 -0.00186485 -0.00169585 -0.00102577 -0.00237006 -0.00527858 0.00343707 0.000769195 0.00237135 -0.000273239 -0.00191617 -0.000348964 0.00104883 0.00515112 0.00518088 0.000401094 -6.90137e-05 0.00187858 0.000955501 
-0.00159064 -0.00217074 -0.00152396 0.00173733 -0.00174012 0.0110228 -0.00353223 -0.00318581 -0.00177142 -0.00225794 -0.00478705 0.00304951 0.00199953 0.000876233 -0.00102566 0.0098599 8.96216e-05 0.000593049 -0.00053931 -0.00638781 -0.00298066 -0.00491434 0.00157535 -0.00337351 0.00341622 -0.00178637 -0.000718779 0.00040374 0.0857137 -0.00427374 0.00151129 0.0132889 0.00640549 0.000516674 -0.00254332 0.00236615 -0.00500052 0.00016272 -0.0013947 -0.00707022 -0.0095047 -0.0025507 -0.00014192 -0.00916629 -0.00293782 -0.00577556 0.00380276 -0.00487978 -0.00736963 -0.00653401 0.00226882 0.000848564 -0.0130412 -0.00390965 0.00572792 0.00112988 0.0015259 -0.00372813 0.00320641 -0.00376674 -0.002244 -0.00226127 0.000122605 -0.00417311 -0.000184868 -0.00193673 -0.000492757 -0.00359004 -0.00457586 0.00394517 -0.000903148 -0.00021893 -0.000492108 0.000385377 0.004218 0.00026217 -0.00113983 0.00422536 0.00506617 2.5695e-06 -0.00181258 0.00029155 -0.00420947 -0.00161828 -0.00084416 -0.00244449 -0.00708737 -0.000813397 -0.00532798 0.00746193 -0.000198186 -0.00133789 0.000947053 -0.00099727 0.00203393 -0.00256052 -0.00119811 -0.000477789 -0.00379033 0.0027451 
-0.00227012 -0.00804247 -0.00519691 -0.00165385 0.0013344 0.00459644 -0.0035811 -0.000486942 -0.00562305 0.00741921 0.00589576 -0.00363267 -0.00226351 -0.0024582 -0.00454049 -0.00603088 -0.00511914 -0.000480219 -0.00114772 0.00549143 0.0107887 0.00289907 0.00151187 -0.00386317 0.00549431 0.00140911 0.00243163 0.00221185 -0.00427374 0.159664 0.00103225 -0.0128874 0.00409701 -0.00715905 -0.00422711 -0.00369518 0.00415309 -0.0115042 -0.000947605 -0.00662058 0.0103284 0.00351099 -0.000731373 -0.0105329 -0.00164409 -0.0212481 0.00660258 -0.00403288 -0.00497166 0.00714014 -1.73344e-05 -0.00306449 0.0121527 0.00106851 0.00356544 -0.00039982 -0.00169071 -0.0130401 0.00378536 -0.00517878 -0.009014 -0.0043341 -0.00316244 -0.00405345 -0.00250654 -0.00718059 0.00123177 0.000157771 -0.00387533 -0.00361287 -0.00465562 -0.00413009 0.00437286 0.00296605 -0.00572472 -0.00381185 0.00167138 -0.00298387 0.000277766 0.00202835 -0.012149 -0.00696449 -0.00822839 -0.00210782 -0.00412676 0.00290038 0.00209193 -0.00129876 -0.00343607 -0.00818987 -0.00262799 0.00365738 -0.00231387 0.00510082 -0.00391344 0.00472691 -0.00445539 0.000193546 0.00248005 -0.00932603 
-0.00222485 0.00160076 -0.00660103 -0.0038828 -0.00265653 0.000488159 -0.00507077 -0.0034531 -0.00102167 0.0015503 0.00342157 0.00498432 -0.00129367 -0.000236808 -0.0021378 -0.0102454 0.000328025 0.0121726 -0.00499322 0.00719402 -0.00239104 0.0011761 0.00331669 0.00157812 -0.00718451 0.00011057 0.00410172 0.00101791 0.00151129 0.00103225 0.11411 0.00629969 0.0032344 -0.0047476 0.00979396 0.00277536 -0.00336068 -0.00363904 -0.000352 -0.00412305 -0.0126744 -0.00290077 -0.00636961 -0.0081097 -0.00430595 -0.00870328 -0.00136926 -0.00771943 -0.00826449 0.00128535 -0.000724553 0.00225193 -0.00637276 0.000328246 0.000723115 -0.00231217 -0.00779485 -0.00302243 -0.00138994 -0.00130982 -0.00149323 0.0046263 -0.00149262 -0.00128565 -0.00562403 0.00164601 -0.00400623 -0.00276267 0.0113715 0.000827122 0.0027601 0.000805549 -0.00117121 6.74982e-06 0.0066465 0.0019544 -0.000651514 -0.00257581 0.00158511 0.000918562 0.00233156 0.000122643 -0.00514897 0.000229982 -0.00214578 -0.000830571 -0.0070911 -0.00340365 -0.00575879 -0.00136252 0.00030245 -0.00152558 -0.0035298 -0.000302805 0.000239968 -0.00070973 -0.00474861 -0.00411483 -0.00364326 -0.00442288 
-0.000393005 -0.00131907 0.000338047 -0.00277874 -0.00602562 -0.00682707 -0.00890238 -0.00776017 0.00629396 -0.00579952 -0.00492286 0.0100142 0.0119692 0.000743557 0.001871 -0.00953881 -0.0111645 -0.00159404 0.00168398 -0.01297 -0.00426843 -0.00149825 0.00213949 -0.00700875 0.000720052 -0.009734 0.00209097 0.0019215 0.0132889 -0.0128874 0.00629969 0.207439 0.012455 -0.00254187 0.0098353 0.00133628 0.00131381 -0.00441619 -0.014411 -0.00622305 -0.0114023 0.00069108 -0.0103027 0.00030896 -0.00704669 0.00823043 0.00511018 -0.00475396 -0.0116503 -0.00644722 -0.00330287 0.00197742 -0.00956408 -0.0139657 -0.00250682 -0.000705913 0.0130697 -0.000803046 -0.0126929 -0.00438146 -0.00803361 -0.00456903 0.00522191 -0.00250742 -0.00428286 -0.00409872 0.00696486 -0.00893702 -0.0172367 0.0144527 -0.00536097 0.00144815 -0.00713521 -0.0007762 0.0100372 0.0020004 -0.00088527 -0.00157084 -0.00322238 0.00401828 0.00242199 0.00162473 -0.00421993 -0.00101559 0.000571562 -0.00540362 -0.00742255 -0.00299875 -0.00817249 0.00136294 -0.000993695 -0.00130577 -0.0103352 -0.00414485 -0.000873813 -0.00119982 -0.0164489 -0.00763139 0.011088 0.000938494 
0.00107154 -0.00754244 -0.00520845 0.000822053 -0.00795731 0.00804535 -0.00378537 -0.0107195 -0.00815127 -0.00289812 0.00449808 0.00168927 -0.00500149 -0.0100763 0.00554231 0.0142334 -0.007659 -0.000641788 0.00512221 0.00822999 0.0120719 -0.0138724 0.00245112 -0.00105273 -0.0117529 -0.00905571 0.00928099 0.00221325 0.00640549 0.00409701 0.0032344 0.012455 0.18997 -0.00720812 0.00824177 -0.000727506 -4.60659e-05 -0.00581143 -0.00370975 0.0030263 -0.00210233 0.0129987 0.00122295 -0.0161341 -0.00896594 -0.012122 0.00162409 -0.00365365 -0.00596082 -0.000697745 0.0115101 -0.00821669 0.00834383 0.0138783 -0.0045992 -0.000162996 -0.00089453 -0.0143795 -0.00134223 -0.00408233 -0.0205415 -0.00177803 -0.00477305 -0.005112 -0.0131926 -0.00462147 -0.00419697 0.00294917 0.00167964 -0.0114151 0.000920716 -0.00644756 -0.0047779 -0.0047603 0.00058674 -0.00575054 -0.00821121 -0.000376103 0.0128871 -0.00426598 -0.00682072 -0.00281895 -0.000490414 -0.000428864 -0.000432665 -0.00267954 -0.0147874 0.000343659 0.00209894 -0.00205056 -0.00139747 0.00248153 0.000887474 0.000712771 -0.00852151 -0.0035757 -0.0096567 -0.0100828 -0.00152891 -0.0061433 
0.00142566 -0.00313586 0.00130634 -0.00230729 -0.00551627 0.00756513 -0.00131202 0.00233864 0.00304652 0.00378802 0.0028775 -0.000456738 -0.00326289 0.00255521 -0.005268 0.00250988 -0.0114529 -0.00069503 0.00304376 -0.00868713 -0.000412458 -0.00319904 -0.00265671 0.00390226 -0.00157386 0.00194617 0.00038517 0.00881941 0.000516674 -0.00715905 -0.0047476 -0.00254187 -0.00720812 0.136381 0.00397775 -0.00201039 0.00282687 0.0046191 0.000335549 -0.00371347 -0.00561031 -0.00231776 -0.00261874 0.00105322 0.00280349 -0.000129898 0.00531061 -0.00124896 0.00449736 -0.013386 -0.0106644 -0.00723643 0.00125366 -0.00128062 -0.00400888 -0.00253264 -0.000570351 -0.00347943 -0.0105848 -0.00614439 0.00396884 -0.00411132 -0.00167389 0.00105216 -0.00222734 0.00176866 -0.00359913 0.0010076 0.00997472 -0.00275201 -0.00402637 -0.00439029 -0.000180252 -0.00171538 0.00103578 0.000684804 -0.00117528 -0.00581775 -0.0122141 -0.000458367 -0.0113609 -0.000883165 -0.00572615 -0.00126469 -0.00350483 -0.00517165 1.69714e-06 0.00389134 -0.00311869 -0.0040934 -0.00102937 -0.00157259 -0.00533091 -0.00619957 0.00594845 -0.000108894 0.00281216 0.00114109 -0.000990802 0.0014548 
