0.104363 0.00386934 0.0032179 -0.00151733 -0.00114239 0.00617324 0.00411097 -3.75777e-05 0.00813569 0.00215536 0.00110991 0.00144883 -0.00142999 0.00643932 -0.00752958 -0.0100761 -0.00282189 -9.06504e-05 -0.00338903 0.00483932 -0.00237309 -0.00526926 -0.00798265 -0.00729088 -0.0072295 -0.00506162 0.00407122 -0.00624691 -0.00900947 0.000659412 0.00152531 -0.000814228 0.00548575 -0.00314707 0.00414304 -0.00190204 0.00111018 -5.62739e-05 0.00280023 -0.00337428 0.00569753 0.0035601 -0.00706133 -0.00438927 0.000336207 -0.00274459 -0.00651081 0.00342615 -0.00317598 -0.00392905 -0.00024876 0.00560269 0.005538 0.00113195 0.000128574 0.00212811 0.00499278 -0.00113147 -0.00450002 -0.00591662 -0.000927679 -0.0044316 -0.00389444 -0.00529259 -0.00041485 0.00369176 -0.00250792 -0.00367262 0.0020296 -0.00571692 -0.00119342 -0.000917482 -0.00304635 0.000138643 -0.00623808 -0.00146224 0.00325343 0.00536675 0.000848592 0.00288489 -0.00210657 -0.00716536 -0.00271049 -0.0111746 -0.00516784 -0.0041386 0.0016718 0.00243158 -0.000670465 -0.0021477 -0.00174511 0.00585293 0.00226232 -0.00311927 -0.0070273 0.00241613 -0.000873627 -0.00254506 -0.00417157 -0.00916893 
0.00386934 0.0979747 -0.000605524 0.00200311 0.0079563 0.00118903 0.00815092 6.29405e-05 0.000935694 -0.00185131 -0.000963703 0.00376723 0.00225276 -0.00344611 -0.0029042 -0.00695317 -0.00217404 -0.0049545 -0.00296978 0.00594273 -0.00287911 0.000267013 0.00157363 -0.00349285 -0.0046289 -0.00144544 0.00117307 -0.00271234 -0.00901606 0.000779244 -0.00380777 -0.000786262 -0.00126744 -0.0066449 -0.000248988 -0.00257104 -9.74885e-05 -0.00227891 -0.000196081 0.00081312 -0.00269211 0.00633679 -0.00370091 -0.00363308 8.18392e-05 0.00140061 -0.00050162 0.00320635 0.00104559 -0.00217976 -0.000764 0.00728438 -0.00458237 0.00343368 -0.00349374 -0.000771294 0.00214462 -0.00332627 -0.00404537 -0.00506128 0.00305314 -0.0069219 -0.000303874 -0.00305894 -0.000446399 -0.00340365 -0.000961339 -0.00142114 0.0011861 -0.00104087 0.000925211 -8.59589e-05 -0.001406 -0.000103174 -0.0066704 -0.00203044 -0.00567665 0.00287729 -0.000330588 0.00302459 -0.000923215 -0.00353894 -0.0062258 -0.00857586 0.00111063 0.0032069 0.00292713 0.00133913 0.000477591 -0.00481625 -0.00205617 -0.00531976 0.000650055 0.000345218 -0.00378446 -0.00388521 0.00208022 0.00137253 -0.00311964 -0.00846613 
0.0032179 -0.000605524 0.066359 -0.00331438 -0.00488139 0.00160069 0.00108016 0.00632588 -0.00531181 0.000227707 -0.00288231 -0.000708099 -0.00370436 -0.000440823 0.00325214 0.00246349 0.000970773 -0.00127086 0.00127615 -0.00101675 -0.00336495 -0.00599945 -0.00134489 -0.0102806 -0.00420348 -0.00292928 -0.00201611 0.00474905 -0.00480601 -0.000525157 -0.000228952 -0.000300734 0.000880973 -0.00469405 0.000577608 -0.00164304 -0.00138691 5.54906e-05 0.000246383 2.14532e-05 -0.000131341 -0.00377783 -0.00533233 -0.00235089 0.00160626 -0.00248607 -0.00160552 -0.000434087 -0.00088766 -0.00139617 -0.00219729 -0.000351734 -0.00128986 0.00164051 0.000679503 0.000822654 -7.93879e-05 -0.00156416 0.00171622 0.000225263 0.00164094 -0.00058219 0.00731926 -0.00637842 0.00215341 9.0027e-07 0.000312689 -0.00120591 0.00391329 0.00103248 0.000329158 -0.000314571 -0.00380415 -0.000413712 -0.00159551 -0.00225101 0.000452641 -0.000401902 0.000606903 -0.00104068 -0.00430845 -0.00366236 -0.0014298 -0.00281512 -0.002251 0.00413013 -0.000284688 -0.00175901 -0.000505876 0.00219944 -0.00191508 -0.00162147 -0.000810352 -0.00210444 0.00263804 0.00040305 -0.0056828 0.00126888 0.0022844 0.0082019 
-0.00151733 0.00200311 -0.00331438 0.113191 0.000138396 0.00157962 0.00508704 -0.00799036 0.00206437 -0.00209758 -0.00658595 -0.00246584 -0.00242599 -0.00449537 -0.00656877 -0.00997515 -0.00971985 -0.0034902 -0.00690584 -0.00263533 0.000340594 -0.00787388 -0.00738674 0.00697322 -0.00388596 0.0062473 -0.00100535 0.00897546 0.00321136 -0.00203077 -0.0014807 -0.00197143 -0.000290593 -0.00125081 -0.00147057 -0.000234085 0.00151042 -0.00165026 -0.00224592 -0.000884323 0.000185043 0.0100521 -0.00391625 -0.00425424 -0.000752858 -0.00219671 -0.0039976 0.000763843 -0.00303096 0.00310172 -0.00377968 -0.00365244 -0.00489725 0.00185894 -0.000487656 -0.0049206 -0.0040276 -8.50228e-05 -0.00422331 0.00165566 0.000157645 -0.00427654 -0.00442165 -0.00171625 -0.0040823 0.000230472 -0.00660759 0.00679747 -0.00352225 -0.00276267 -0.000382065 -0.00243477 -0.00838729 0.0011742 -0.00186651 -0.00213073 -0.00709225 0.00433433 0.00109637 0.00471635 0.00469617 0.00635298 0.00171632 0.0117858 0.00124712 0.000866879 -9.67107e-05 -0.00274708 -0.00154055 -0.00192049 -0.00297907 -0.00278598 0.000461161 -0.00160876 -0.00439454 0.000300814 0.00496505 0.000972932 -0.00214762 -0.00283599 
-0.00114239 0.0079563 -0.00488139 0.000138396 0.168684 -0.00110852 0.00570833 0.00940399 0.0120824 -0.00267922 0.00351621 0.0131806 0.0213535 0.00506066 0.00154199 -0.00171771 -0.00172943 -0.00301087 0.0071661 -0.00392397 0.00662286 -0.00228486 -0.0109404 -0.00551912 0.00863908 -0.000568873 -0.00750729 -0.00381619 -0.00142429 0.00153613 0.00364771 -0.00416528 -0.00526783 -0.00456093 -0.00164359 -0.0009983 -0.0081756 -0.00134528 -0.00109713 0.000377127 -0.00339588 -1.84617e-05 0.00471521 -0.00198651 0.00300925 -0.00221307 -0.00354724 0.0014395 -0.00469274 0.0192968 -0.00938992 0.00325547 -0.00607293 0.00633405 -0.00188687 -0.00521137 -0.00791544 -0.012189 -0.00388195 0.00341879 -0.00345922 -0.00664033 -0.0141969 0.00055575 -0.00311563 0.00341963 0.00171015 -0.0102922 -0.000153608 0.00428075 -0.00439736 -0.00356839 -0.00678873 -0.00516377 -0.0101903 -0.000959525 -0.00733793 -0.0081477 -0.00841962 -0.000578064 -0.0146493 -0.0172204 -0.00578838 -0.0115582 -0.000697843 -0.00372975 -0.00159624 -0.00147997 -0.00306602 -0.00745137 -5.90541e-06 0.00652182 0.00189267 -0.00662685 -0.00343308 -0.0032971 0.000816937 -0.00349428 -0.00543435 -0.0124341 
0.00617324 0.00118903 0.00160069 0.00157962 -0.00110852 0.061006 -0.00184536 0.0060423 0.00481259 0.00167788 0.00094746 0.00469839 -0.00245737 -0.00249381 -0.00218851 -9.38928e-05 -0.00520806 -0.00173702 -0.00415801 -0.00317724 -0.00597723 -0.00229011 -0.00732213 0.000734172 -0.00306087 -0.00260003 0.00505999 -0.00399151 -0.00568887 -0.000696246 -0.000409013 0.00116066 -0.00228958 -0.000535135 0.00224187 -0.00352161 0.0036045 -0.00156792 0.000119122 -0.00386671 -0.000278408 -0.00316693 -0.00504682 -0.00283169 -0.002272 -0.00237605 0.00132035 -0.00188682 0.000108215 0.000497636 0.000831635 -0.0011235 0.00129549 -0.000642234 -0.00165472 -0.000347597 0.00277874 -0.00138101 -0.00362943 5.81694e-05 -0.00308681 0.00082597 -0.0024013 -0.000306882 0.00195535 0.00357456 -0.00275925 0.00106636 0.000138545 -0.00413854 0.00139998 0.00181539 0.00517546 -0.000392096 -0.00265384 -0.00141382 0.00488222 -0.00142143 0.00217816 -0.000336133 0.0012024 -0.00207511 0.00112514 -0.00444468 -0.000720983 -0.000692553 -0.00458362 -0.00175544 9.01481e-05 -0.00394728 0.000328198 0.00114456 -0.000921688 -0.00173168 0.00154734 0.000267975 0.000879474 -0.00151035 0.000242965 -0.0031625 
0.00411097 0.00815092 0.00108016 0.00508704 0.00570833 -0.00184536 0.108221 -0.00459077 -0.000231016 -0.00173004 -0.0047511 0.00851602 0.000105354 -0.00682876 0.000505041 -0.00270247 -0.00657312 0.00183195 0.00290966 0.00290757 -0.00288334 -0.00486336 -0.0113761 -0.00137271 -0.00618714 -0.000622371 0.000185822 0.00502752 -0.00945191 -0.000702632 0.000875666 -0.000771646 0.00474712 -0.00414414 -0.00231968 0.00127774 0.00448916 0.00255045 0.00632913 -0.0034199 -0.00627745 0.014568 0.00768266 -0.00437677 -0.000484351 -0.00246295 -0.00788942 0.0060187 0.00179289 -0.00504257 -0.00419125 0.000286469 -0.00387032 0.00268606 -0.00366638 0.00187067 0.00043445 -0.00773569 -0.0061092 -0.0107234 0.0053077 0.00123617 0.000688562 -0.00222652 -0.00289358 -0.00541158 -0.00371631 -0.00150251 0.00201771 -0.000515945 -0.000589963 -0.000891179 -0.00788367 -5.83502e-05 -0.00557518 -0.00253098 -0.00586617 -0.00330263 -0.00514388 0.00616914 -0.00190488 -0.00620759 -0.00128838 -0.00795742 0.00195884 -0.00699569 0.00498772 -0.00261648 0.000752239 0.00140876 -0.000183061 -0.00564485 -0.00143215 -0.00867461 -0.00526745 0.00282706 -0.0031801 0.00456637 -0.000609893 -0.00160878 
-3.75777e-05 6.29405e-05 0.00632588 -0.00799036 0.00940399 0.0060423 -0.00459077 0.138863 0.0074594 0.00400805 0.00903041 0.0103542 0.00406621 -0.00267484 0.00481984 0.0045126 0.00391209 -0.00432883 0.000293449 -0.00351876 -0.00778667 -0.0041444 0.00670068 -0.00214511 -0.00781332 -0.00892098 -0.0033713 -0.00501454 -0.0103768 0.00115352 -0.00558613 -0.00131561 -0.0100005 -0.00565443 0.000567054 -0.00677511 -0.00816478 -0.00809954 -0.000545645 -0.00326641 -0.0068709 -0.0180416 -0.0108081 -0.000308915 -0.00276613 -0.00743118 0.00281089 -0.00481196 -0.00454356 0.00211305 -0.00613622 -0.00709626 -0.0012336 -0.00222408 -0.00156394 -0.00220999 -0.00583937 -0.0118092 -0.0103172 -0.000884729 -0.00518182 0.00449942 0.0109794 0.00158718 0.000623286 0.00442916 -0.001764 -0.00464813 0.00463262 -0.00188844 0.00239035 -0.00143747 0.00303835 0.00160486 0.00319231 -0.000816836 0.0119498 -0.0055403 -0.00316766 -0.00321838 8.94599e-05 -0.00601676 -0.00197868 -0.003858 -0.0118659 0.000641889 -0.000604682 0.00105536 -0.0015684 -0.00257818 -0.00283452 0.000496628 -0.00316729 0.00384307 0.00335734 0.000998441 -0.00882594 0.00229308 0.00742436 0.0063552 
0.00813569 0.000935694 -0.00531181 0.00206437 0.0120824 0.00481259 -0.000231016 0.0074594 0.173742 -0.00111237 0.00454066 0.00328296 0.00380288 -0.00275699 -0.00667961 0.00343557 0.0014212 -0.0223397 -0.00121553 0.017481 -0.00564612 0.00597616 -0.0130038 0.00443753 -0.0163692 -0.00251061 -0.00529676 -0.0163353 -0.0221887 0.000822293 -0.0083274 0.00138377 -0.00998126 -0.0107227 0.0008073 -0.00174838 0.000687314 -0.000461355 3.71065e-05 -0.00242814 -0.000429305 0.0103128 -0.00500517 0.00693531 -0.00568268 -0.000367984 0.000806388 -0.00256136 -0.00485289 -0.00160797 -0.0013572 0.00218433 -0.0062112 0.00527231 -0.00811371 -0.00380943 -0.00454258 -0.00492475 0.00890744 -0.00644712 -0.00741761 -0.00541911 -0.00353538 0.00261853 -2.1635e-05 0.00220424 -0.006959 -0.00264261 -0.00553397 -0.00539614 -0.00253351 -0.0012683 0.0133099 0.000287047 -0.0264 0.000324076 -0.0124049 0.00991268 -0.00629024 -0.00270356 0.00643827 0.00240804 -0.00343168 0.0120254 -0.00416169 -0.00741237 -0.00618812 -6.31353e-05 -0.000315716 -0.00289817 -0.00410464 7.67961e-05 -0.00776592 -0.00429097 -0.00275313 -0.00946861 0.00345104 0.00241248 0.00532678 -0.000601915 
0.00215536 -0.00185131 0.000227707 -0.00209758 -0.00267922 0.00167788 -0.00173004 0.00400805 -0.00111237 0.0504027 0.00222636 0.00291221 0.00336108 0.000837974 -0.000452997 0.001677 -0.00207921 -0.00385884 -0.00236223 0.000808537 -0.000697206 -0.00415339 -0.00327134 -0.00285298 -0.00162085 -0.00260539 -0.00340702 -0.00267143 -0.00094306 -0.000531062 0.00178039 0.000448423 0.00145625 0.00315354 -0.000900457 0.000936662 0.000366563 -0.000759454 -0.000172105 -0.00107184 -1.19755e-05 -0.00261818 -0.00590252 -0.0029981 -0.0020284 -0.00337103 -0.00499665 -0.00286622 -0.00162805 -0.00226373 -8.17041e-05 -0.00023485 -7.70046e-05 -0.000767021 0.000548717 0.000115248 -0.0014787 0.000114181 -0.00284647 -0.00116585 -0.00254818 0.00349715 -0.00111838 -0.000126954 -0.000231895 0.000403359 -0.00198851 0.000963493 0.000653887 -0.00182602 0.00125401 -0.000331132 -0.000452265 0.00221244 -0.000416372 -0.000539707 0.000442013 -0.000383003 -0.000650854 -0.000490287 -0.00543345 -0.00364933 0.0018231 -0.00230373 -0.00198822 0.00190934 -0.00143029 0.000925636 0.00130748 0.000354523 0.00115647 0.00124047 0.00116901 0.00263373 0.00306533 -0.000389628 0.00201945 -0.000630661 0.000169151 -0.000268153 
0.00110991 -0.000963703 -0.00288231 -0.00658595 0.00351621 0.00094746 -0.0047511 0.00903041 0.00454066 0.00222636 0.134407 0.00261643 0.0129071 -0.00107345 -0.00475423 0.0186271 -0.00107382 -0.00756419 -0.00670237 0.00298411 -0.000919523 0.00442301 -0.0106186 0.00868375 0.00822577 0.0109358 -0.00337362 -0.0110856 0.00394763 -0.00360196 -0.000851834 0.000460419 -0.00470008 0.00561546 0.00272513 0.0036902 -0.00200338 -0.00390671 0.00391992 -0.00307222 0.000123278 -0.0211009 -0.0144967 0.000926078 -0.00254902 -0.0100771 -0.00582208 -0.00894193 -0.00190666 -0.00267626 -0.00717922 -0.00102602 0.00182218 -0.00055861 -0.00254506 -0.00859256 0.000753576 -0.00633907 -0.00547421 -0.00732245 -0.00269368 0.0102805 -0.000801089 0.00209279 -0.00110914 -0.0014767 -0.0052464 -0.00695174 -0.00232939 0.00537419 0.000623442 -0.00206544 0.00666505 -0.00413572 -0.00854406 0.00661322 0.00299575 -0.00823221 -0.00204775 -0.00323327 -0.0169039 -0.00495643 0.00445636 -0.00497489 -0.00650461 -0.0112217 -0.005254 0.00498652 0.00193919 -0.000707119 0.00285926 0.00180186 -0.00137318 -0.00103157 0.00128164 -0.00474958 -0.0048681 -0.00112021 -0.00502959 0.00351885 
0.00144883 0.00376723 -0.000708099 -0.00246584 0.0131806 0.00469839 0.00851602 0.0103542 0.00328296 0.00291221 0.00261643 0.118588 0.0083959 0.0019964 0.00395548 6.33301e-05 -0.00100197 0.00681857 0.00277364 -0.00145533 0.00379543 0.00250349 -0.00409623 -0.00960207 -0.00244576 0.00797532 -0.0130924 -0.0035769 -4.42743e-06 -0.00059373 -0.00514805 -0.000125098 -0.000351211 -0.0031444 0.000580473 -0.000240323 0.00951229 0.00129854 -0.00273302 -0.0036039 -0.00669467 -0.00793436 -0.00906413 -0.00597157 -0.00348635 -0.00399204 0.0107922 -0.00257854 -0.00167747 -9.70107e-05 -0.00876384 0.00149257 -0.00359011 0.00206874 -0.00747296 -0.00622717 -0.00608548 -0.000312598 -0.00275463 0.00485231 -0.000592178 -0.00531071 -0.0113867 -0.00103603 -0.000382784 0.00120908 0.000127784 -0.00477942 9.5473e-05 0.0105169 0.000617283 -0.00099946 -0.00284656 -0.00250034 -0.00581035 -0.0022851 -0.00115966 -0.0093472 0.00349776 -0.000793155 -0.00728156 -0.00710216 0.00189488 -0.0089896 -0.00144449 -0.00828123 -0.0101982 -0.00341741 -0.00269916 -0.00806562 0.00144951 -0.000994618 -0.00131461 -0.00697081 0.0014004 -0.00336845 -0.00781437 0.000365408 0.00502042 -0.00617038 
-0.00142999 0.00225276 -0.00370436 -0.00242599 0.0213535 -0.00245737 0.000105354 0.00406621 0.00380288 0.00336108 0.0129071 0.0083959 0.141441 0.0110059 -0.00151448 0.00646616 0.00034983 -0.00249449 -0.00348372 -0.00144317 0.00106482 -0.00227392 -0.0156047 -0.00651544 0.0064057 0.0038977 -0.00449391 0.00776693 -0.00376179 -0.00234355 -0.00308943 -0.00204877 -0.00230054 -0.0018037 -0.00454045 -0.00259318 0.0099397 -0.00424157 0.00115839 -0.00186777 -0.0037768 -0.00752624 -0.00659216 -0.0107363 -0.00312619 -0.00497924 -0.00894317 -0.00343645 -0.00509732 0.000484561 -0.00321116 0.000794484 -0.0045539 0.00819108 -0.00424076 -0.00531952 -0.00289711 -0.00172261 0.00256695 0.00299984 0.00115105 0.00896132 -0.00669831 -0.00106738 0.000133825 0.001965 -0.00673403 -0.00631013 -0.00418702 0.00498309 0.000489311 -0.00303854 -0.0112597 -0.00595432 -0.00264288 1.36774e-05 -0.0103163 -0.0069993 -0.00713221 0.00243477 -0.0102131 -0.00903409 -0.00126569 -0.014377 0.00322399 -0.00305661 -0.000442794 0.000800456 0.00153942 -0.00232621 0.000936531 0.00594532 -0.00255549 -0.000199679 -0.011276 -0.00470256 -0.00497727 0.00598795 -0.00291226 -0.00707361 
0.00643932 -0.00344611 -0.000440823 -0.00449537 0.00506066 -0.00249381 -0.00682876 -0.00267484 -0.00275699 0.000837974 -0.00107345 0.0019964 0.0110059 0.175543 0.00360408 0.00638281 0.00150374 -0.00489548 0.000551651 -0.00944176 -0.00649112 0.00447634 0.0083423 -0.0107662 0.00574367 -0.00851285 0.00391661 0.000642056 0.000755889 -0.00257267 -0.000403449 0.00377657 -0.00112941 0.00545769 0.00143469 -0.00125432 -0.0110039 0.00163667 -0.00447916 -0.000740996 -0.0117237 0.00186635 -0.00794989 -0.00242844 -0.00961385 -0.00850144 0.00683044 -0.00796047 -0.00331454 -0.000322015 0.00139011 0.00425169 -0.00406648 -0.00165395 0.0107625 -0.00928143 -0.0110555 -0.00217335 -0.00415015 0.00319094 -0.00763627 -0.00585875 -0.00500534 -0.00283225 5.6053e-05 -0.00650398 0.000491908 -0.00962219 -0.00344627 0.00169371 -0.00600471 0.00194812 -0.00792661 0.00491557 0.00448088 0.00222753 0.00548487 -0.00516482 -0.00939578 -0.00522093 -0.00409011 -0.0186234 -0.0034989 -0.00687373 -0.0035426 0.000891635 0.00874489 -0.00446036 0.000663902 -0.00435536 0.00315387 0.00690042 0.00626184 0.00664303 -0.0127019 0.00263586 -0.0067915 -0.0111679 0.00535758 -0.0191312 
-0.00752958 -0.0029042 0.00325214 -0.00656877 0.00154199 -0.00218851 0.000505041 0.00481984 -0.00667961 -0.000452997 -0.00475423 0.00395548 -0.00151448 0.00360408 0.132923 0.010692 0.0127816 -0.00648789 0.00281702 0.00421784 -0.0055887 0.00257955 0.00525702 -0.000496849 0.0273374 -0.00487353 -0.0111365 -0.00404245 0.01022 -0.00458664 -0.00322285 0.00262711 0.00345849 -0.00475754 0.00251941 -0.000511093 0.00294352 -0.00399884 -0.00222761 0.0020343 -0.00510562 -0.00964954 -0.00648843 0.00688282 -0.00105433 -0.000792551 0.00633946 -0.00969835 0.00348598 0.00102583 -0.00707172 -0.00405605 -0.00165077 0.00523177 -0.000833355 -0.00567633 -0.00365415 -0.0036184 -0.00750008 -0.00916667 -0.00992134 -0.00643027 -0.00400127 -0.013242 -0.001374 -0.00705972 0.00214578 -0.00249982 0.00551562 -0.0114834 -0.000137167 -0.000171561 -0.0146639 -0.0065986 -0.00201677 3.24748e-06 -0.00133089 -0.00513468 0.00239585 -0.00297868 -0.0114261 -0.0078611 0.00466359 -0.00521179 -0.00623075 -0.00203254 -0.00317398 -0.00016376 -0.00210583 0.0102353 -0.00414192 -0.00319602 -0.00888776 0.000157051 0.00520041 0.00559381 -0.00912441 -0.00634092 0.00495557 0.0155616 
-0.0100761 -0.00695317 0.00246349 -0.00997515 -0.00171771 -9.38928e-05 -0.00270247 0.0045126 0.00343557 0.001677 0.0186271 6.33301e-05 0.00646616 0.00638281 0.010692 0.179032 0.010116 -0.0154857 -0.00319491 -0.00549488 -0.00110051 -0.00520526 -0.0207798 0.000272918 -0.00908091 0.00328464 0.00335859 -0.0158614 -0.00310936 -0.00217319 -0.00419025 0.000265077 -0.0118864 -0.00481323 0.000732286 -0.00881867 0.00606368 -0.00523644 -0.00367791 -0.00475758 -0.0121696 -0.00253145 -0.00327787 0.00640885 -0.0054169 -0.00355415 -0.00118193 -0.00981926 0.00593981 -0.000682584 -0.00809286 -0.00824316 0.00223987 -0.00113156 -0.0109019 -0.0109366 -0.0076604 -0.00671609 -0.0032682 -0.00615724 -0.0032179 0.00194998 -0.00173421 0.00452242 0.00484053 0.00448867 -0.00628063 -0.000797837 -0.00341954 0.0148397 0.00109058 -0.000268398 -0.00207737 -0.000975612 -0.00191745 -0.00171353 -0.00851394 0.002173 0.00416567 -0.000739916 0.0051347 -0.0029014 -0.00238066 -0.00450342 -0.0124496 -0.00300918 -0.00254405 -0.00142053 0.000198659 -0.00435894 0.0015508 0.00142737 -0.00850853 -0.00179883 -0.000599865 -0.000767587 -0.00966416 0.00335365 0.00783792 0.0150822 
-0.00282189 -0.00217404 0.000970773 -0.00971985 -0.00172943 -0.00520806 -0.00657312 0.00391209 0.0014212 -0.00207921 -0.00107382 -0.00100197 0.00034983 0.00150374 0.0127816 0.010116 0.132405 -0.00327355 0.0044212 0.00623925 0.00408249 0.00433963 0.00025401 0.00647299 0.000114504 -0.00321489 -0.00529259 -0.014485 -0.0171293 -0.00102014 -0.00701759 -1.80707e-05 -0.0103157 -0.0023806 0.00100196 -0.000779568 -0.00627047 -0.00501347 -0.00588717 -0.00582746 -0.000726198 -0.0115553 -0.00635377 0.00129673 -0.00476088 -0.00277695 -0.00324894 -0.00283739 -0.00259256 -0.00570822 -0.00636813 -0.00324373 0.00324015 0.00211321 0.0012482 -0.00388405 -0.00295908 0.000499909 -0.00398853 0.00735295 -0.00420481 -0.000951465 0.000619944 -0.001057 0.000406818 0.00399638 -0.000448598 0.00312894 -0.00411842 0.00663133 0.00241915 0.000159844 0.00193454 -0.00305663 0.00101086 -0.000592805 -0.00244473 -0.00412656 -0.00665425 0.000866949 -0.00313142 0.0039896 -0.00527671 0.00147129 -0.00574531 -0.0012489 -0.00270577 -0.0016536 -0.00102467 0.000861363 -0.00520849 0.002756 -0.0017628 0.00232958 -0.00974092 -0.00627676 -0.0127196 0.00203393 0.00432698 0.0203804 
-9.06504e-05 -0.0049545 -0.00127086 -0.0034902 -0.00301087 -0.00173702 0.00183195 -0.00432883 -0.0223397 -0.00385884 -0.00756419 0.00681857 -0.00249449 -0.00489548 -0.00648789 -0.0154857 -0.00327355 0.159565 0.00698582 -0.0027145 -0.000657669 0.010009 0.0164334 -0.00978193 -0.00578225 0.00320075 -0.00720153 0.0013822 -0.00961572 0.0018478 0.00156854 -0.003055 0.00475045 0.00157774 -0.000103504 -0.00347154 -0.00191404 -0.0033874 -0.00464689 0.00162153 0.00155305 0.00479931 -0.00426688 -0.00984797 0.000384153 0.00433892 0.00364765 0.00616799 -0.00107841 -0.0114208 -0.0044456 -0.0019578 -0.0013417 -0.012026 -0.00918759 0.00300669 0.00857541 0.00310778 -0.00805679 -0.00597107 0.0136441 0.000216561 -0.00380964 -0.00458731 -0.00180027 -0.00403225 -0.00406638 -0.00409791 0.00139443 0.00171918 0.000734042 0.000324438 -0.00632216 -0.00403448 0.00836518 0.00269858 0.0011302 -0.0105835 0.00458192 -0.00049208 -0.000676503 -0.00365395 -0.00794214 0.0136597 -0.00353369 -0.00372482 -0.00635331 -0.00412874 -0.00203509 -0.00242418 -0.000681975 0.00214469 0.00366595 -0.00548741 0.00252314 -0.000169214 -0.00989775 0.00477875 -0.00127455 -0.0117295 
-0.00338903 -0.00296978 0.00127615 -0.00690584 0.0071661 -0.00415801 0.00290966 0.000293449 -0.00121553 -0.00236223 -0.00670237 0.00277364 -0.00348372 0.000551651 0.00281702 -0.00319491 0.0044212 0.00698582 0.14163 -0.000717472 0.002147 -0.0036559 -0.00428408 -0.0135638 -0.00172956 -0.012527 -0.00444052 -0.00757968 -0.0087327 0.00314771 -0.00708034 -0.000673574 0.00418185 -0.0033577 0.00304671 0.00926936 -0.010016 -0.000457876 -0.00333244 0.00506762 -0.0038798 0.0021074 -0.00296236 -0.00552013 -0.0029871 0.00348618 -0.00602575 0.000898492 0.000674988 -0.0092862 -0.0102017 -0.00406415 0.00516391 -0.00690082 -0.00549483 -0.00125006 -0.00985248 -0.00513054 0.00170688 0.00169681 -0.00311763 0.00543859 -0.0015872 -0.0107091 -0.00125751 0.00968309 0.0079642 -0.00174861 0.00404193 0.0179039 0.000960062 -0.00233018 -0.0090987 -0.000615166 0.0129857 -0.00344709 0.0059912 0.00166904 -0.0064321 -0.00128203 -0.00987266 -0.0124312 0.000142081 -0.00390969 -0.00792206 0.00571908 0.00123605 -0.00424283 -0.000163442 -0.00598739 -0.00212131 -0.00551599 0.00630348 -0.000348151 -0.00673315 0.00711966 -0.00813045 -0.0040986 -0.00101569 0.0036267 
0.00483932 0.00594273 -0.00101675 -0.00263533 -0.00392397 -0.00317724 0.00290757 -0.00351876 0.017481 0.000808537 0.00298411 -0.00145533 -0.00144317 -0.00944176 0.00421784 -0.00549488 0.00623925 -0.0027145 -0.000717472 0.17019 0.0171042 0.0167403 0.0216266 0.0198246 0.00377928 -0.00158568 -0.0149386 -0.0140836 -0.0212611 0.00248357 -0.00909999 -0.00116185 0.00142439 -0.00258274 -0.00723934 0.00475221 -0.00529345 -0.00186955 0.00106096 0.00155246 0.0038946 -0.00276551 -0.00589722 -0.00867793 0.000989203 -0.0151567 -0.00193395 -0.00460593 -0.00301497 -0.00093393 -0.00225241 -0.00363293 -0.00362818 -0.000926274 -0.0102743 -0.0036744 0.00469629 -0.00596715 0.0037728 -0.00649418 -0.00255475 -0.00177743 0.00773486 -0.00571337 -0.00441779 -0.0068491 0.000628607 -0.00344885 -0.0036538 -0.00361544 -0.00282884 0.00151802 0.00247187 -0.00526933 -0.0124952 0.000569147 -0.0235426 -0.00420316 -0.0121296 -0.00409719 -0.015428 -0.00652416 -0.00149878 -0.00917506 -0.00736282 -0.00472199 0.00619038 0.00221464 -0.00146692 0.00547445 -0.00545993 0.00241665 -0.00682533 -0.00788451 -0.00701718 0.00766036 -0.00636478 0.003659 -0.00401503 0.014982 
-0.00237309 -0.00287911 -0.00336495 0.000340594 0.00662286 -0.00597723 -0.00288334 -0.00778667 -0.00564612 -0.000697206 -0.000919523 0.00379543 0.00106482 -0.00649112 -0.0055887 -0.00110051 0.00408249 -0.000657669 0.002147 0.0171042 0.149397 -0.00104958 0.00903419 0.0134414 0.00947679 -0.000726186 -0.00809026 -0.0164032 -0.00709147 0.00225189 -0.00546124 -0.00178439 -0.00169409 0.00491582 -0.00168416 0.00309956 -0.00803666 -0.00269854 -0.000784857 -0.000249267 0.000957538 0.008694 0.00113349 0.000687843 0.00465311 -0.00234955 -0.00956315 -0.0101543 -0.00369725 -0.00859691 -0.00543432 -0.00559619 -0.00307599 -0.00335346 -0.0155169 -0.00476596 -0.00410497 -0.00470329 -0.00282013 0.00172448 0.00493243 -0.00173243 -0.0085927 0.00419303 -0.00128812 -0.00649349 0.00250825 0.00654702 0.00121264 0.00443555 -0.00101291 4.01463e-05 -0.00687152 -0.00330456 0.00656333 -0.00108206 -0.00136875 -0.00416695 -0.00105806 -0.00422067 -0.0149116 0.0047145 -0.00430134 -0.0014697 -0.00363283 -0.00568947 0.00891059 0.000423216 0.000209656 -0.00148532 0.00167698 -0.00479636 0.00210628 -0.00649578 -0.00744137 -0.00475019 -0.00204725 -0.00174383 -0.00709353 -0.000195816 
-0.00526926 0.000267013 -0.00599945 -0.00787388 -0.00228486 -0.00229011 -0.00486336 -0.0041444 0.00597616 -0.00415339 0.00442301 0.00250349 -0.00227392 0.00447634 0.00257955 -0.00520526 0.00433963 0.010009 -0.0036559 0.0167403 -0.00104958 0.139962 0.0222599 0.00799224 0.00538233 -0.00276372 -0.0130686 -0.0155061 0.00458794 -0.00513171 -0.000982685 0.000983928 -0.00245837 -0.00121156 -0.00525922 -0.000803509 -0.00450421 -0.00139808 -0.00359176 0.00190163 -0.00487137 -0.00946082 -0.00724 0.00594622 0.00712446 -0.00180007 0.0102984 -0.00306783 -0.0011327 -0.00329114 -0.00262872 -0.00753125 -0.00342685 -0.00494763 -0.0118245 -0.00170058 -0.000614593 -0.00394533 -0.00188553 -0.00160284 -0.00745904 -0.00466612 -0.00411798 -0.00291161 0.00205873 -0.00236135 0.000528956 -0.0083696 -0.00303062 -0.000458133 -0.0019857 -0.000136311 0.017827 -0.00210169 -0.00240498 3.76494e-05 -0.0152226 -0.0114392 -0.000798167 -0.00166674 -0.000250053 -0.00409354 -0.00439051 -0.0118796 -0.00312717 -0.0101604 -0.00545496 -0.00362781 -0.00142863 0.00615066 -0.00442029 0.00162638 0.0030525 -0.00313856 0.00572729 0.000152814 0.00171464 -0.00100921 -0.000834146 0.00302978 
-0.00798265 0.00157363 -0.00134489 -0.00738674 -0.0109404 -0.00732213 -0.0113761 0.00670068 -0.0130038 -0.00327134 -0.0106186 -0.00409623 -0.0156047 0.0083423 0.00525702 -0.0207798 0.00025401 0.0164334 -0.00428408 0.0216266 0.00903419 0.0222599 0.207943 0.0152012 0.0167963 0.000224228 -0.016794 0.000810246 0.0100931 0.000613889 -0.00773871 -0.0056413 -0.00526325 0.00158568 -0.00752948 -0.0049341 -0.0159979 -0.00116454 -0.0062872 0.00951277 -0.00214601 -0.0118832 -0.00114815 -0.00532378 -0.000294708 -0.0150854 0.00990446 -0.0017035 -0.00243658 0.00136478 -0.00159653 -0.00292589 -0.0120545 -0.00576736 -0.00810571 -0.000989659 0.0125233 -0.0160283 -0.00291694 0.00942297 -0.00697491 -0.00101355 0.022575 -0.00876972 -0.00771007 -0.0121425 -0.0087534 -0.00535227 0.00147056 -0.00163608 -0.00209571 -0.00541388 -0.00308567 0.00430948 0.00548246 -0.00161039 -0.0108133 -0.00530271 -0.00935233 -0.00898888 0.00603171 -0.00530419 -0.00778129 0.0108457 -0.00647234 -0.0141018 -0.00255943 0.00229142 -0.0056816 -0.000986044 -0.000669354 -0.00711031 -0.000808416 -0.00523791 0.00890005 -0.00925748 0.00653832 -0.0058669 -0.000948648 -0.00435283 
-0.00729088 -0.00349285 -0.0102806 0.00697322 -0.00551912 0.000734172 -0.00137271 -0.00214511 0.00443753 -0.00285298 0.00868375 -0.00960207 -0.00651544 -0.0107662 -0.000496849 0.000272918 0.00647299 -0.00978193 -0.0135638 0.0198246 0.0134414 0.00799224 0.0152012 0.201915 0.0072361 0.00306713 0.0177673 0.00353023 -0.00222072 -0.00507788 -0.0117413 -0.00421413 -0.010708 -0.00299852 -0.00401267 -0.00784511 -0.00457146 -0.00949447 -0.00181212 -0.0092745 -0.00208355 -0.00574936 0.00838307 0.000169238 -0.006868 -0.00872298 -0.00360694 -0.00439508 -0.000631781 0.000939673 -0.0106212 -0.00471931 -0.0129078 -0.00496587 -0.0110212 -0.00364988 -0.00527167 -0.00594423 -0.00193648 -0.00171347 -0.00831223 -0.00542503 0.00463918 0.00523747 -0.00546387 -0.0113903 -0.00441113 0.007333 -0.0025198 -0.0046654 0.00140056 -0.00834327 0.0108363 0.00151208 -0.00703295 0.00261957 -0.0116474 -0.00443712 -0.0148694 -0.00650573 -0.00103677 0.0252953 -0.00938972 -0.00570665 -0.0110236 -0.0169158 0.0085268 0.00259847 -0.00662298 0.00263976 0.00423242 -0.010538 -0.003044 -0.00717252 -0.00742933 0.00237568 -0.00223188 0.00568435 -0.00310894 0.0197309 
-0.0072295 -0.0046289 -0.00420348 -0.00388596 0.00863908 -0.00306087 -0.00618714 -0.00781332 -0.0163692 -0.00162085 0.00822577 -0.00244576 0.0064057 0.00574367 0.0273374 -0.00908091 0.000114504 -0.00578225 -0.00172956 0.00377928 0.00947679 0.00538233 0.0167963 0.0072361 0.186549 -0.00497595 -0.0141653 0.00557255 0.0158301 -0.00410612 4.33067e-05 -0.00164928 0.00281135 -0.0010765 -0.00289374 0.0100779 -0.00130262 0.000691026 -0.00174526 0.00715649 0.0101303 -0.00965317 -0.00490172 0.00236838 0.00334355 -0.00765978 -0.00823389 -0.00633047 0.00330979 0.00856264 -0.00583878 -0.000898225 -0.00908935 0.00759536 -0.00668291 -0.0107359 -0.00634632 -0.00372697 -0.000983797 0.000250742 -0.00364273 0.0019447 -0.0157529 -0.0142543 -0.00698935 -0.00807808 0.00147393 -0.00561783 0.00172293 -0.0108601 -0.0032538 0.0015849 -0.0123912 -0.00687573 0.00597871 0.000374575 -0.0086448 -0.0108784 -0.00171118 -0.00374801 -0.0201296 -0.0156883 0.00891645 -0.00942605 0.00327445 -0.00552862 0.007322 -0.0031891 -0.00125387 0.00138234 -0.0024983 -0.00782545 -0.00149324 -0.00751759 0.00825774 -0.00699856 -0.00725224 -0.0114949 -0.0122755 0.0066415 
-0.00506162 -0.00144544 -0.00292928 0.0062473 -0.000568873 -0.00260003 -0.000622371 -0.00892098 -0.00251061 -0.00260539 0.0109358 0.00797532 0.0038977 -0.00851285 -0.00487353 0.00328464 -0.00321489 0.00320075 -0.012527 -0.00158568 -0.000726186 -0.00276372 0.000224228 0.00306713 -0.00497595 0.140298 -0.00303864 -0.00472772 0.00962995 -0.00170824 -0.00350576 -0.00351544 -0.00587664 0.000896438 -0.0058527 -0.00131957 0.00127292 -0.00118918 0.00484185 -0.00512583 -0.000293112 -0.00349628 -0.00842496 0.00483799 0.000845141 0.00174269 -0.00476636 -0.00506774 -0.00244828 0.00327031 -0.011301 0.00170267 -0.00451063 -0.000438923 0.000222698 -0.00375892 0.000799027 0.00632677 -0.00322469 -0.000135899 0.00266272 -0.0120459 -0.00663498 0.00483836 0.000456156 -0.00350043 -0.00486489 -0.00337133 -0.00379147 0.00209459 -0.00243696 -0.00151836 0.011017 -0.00222833 -0.0123111 -0.000850583 -0.00839976 -0.00407629 -0.00255857 0.00269669 -0.00207123 -0.00242315 -0.00711599 0.00947093 0.0129069 -0.00357436 -0.0114786 0.000389989 -0.00324624 0.00367884 -0.00021833 -0.0057195 -0.0042725 0.00685226 -0.00197189 -0.00351993 -0.00602651 0.00442841 -0.000833728 -0.00578035 
0.00407122 0.00117307 -0.00201611 -0.00100535 -0.00750729 0.00505999 0.000185822 -0.0033713 -0.00529676 -0.00340702 -0.00337362 -0.0130924 -0.00449391 0.00391661 -0.0111365 0.00335859 -0.00529259 -0.00720153 -0.00444052 -0.0149386 -0.00809026 -0.0130686 -0.016794 0.0177673 -0.0141653 -0.00303864 0.16297 0.00785371 0.00532185 -0.00377527 0.000456978 0.00288587 -0.00780516 0.00104233 0.00732581 -0.00938986 0.00163828 -0.00435427 -0.00240349 -0.00625543 -0.00482642 -0.00496787 0.00903832 0.00373545 -0.00786922 0.00336993 -0.00836995 -0.00334523 0.00127187 -0.00397583 0.00560567 -0.000865845 0.00231704 -0.00499792 0.00184082 0.00623549 -0.00199185 -0.00159284 -0.00712214 -0.00375492 -0.00516962 -0.00969165 -0.00358861 0.0128457 0.00211733 -0.00315411 -0.00187178 0.00533413 0.00178301 -0.000827687 -0.00299944 -0.00208119 0.00877645 -0.0011765 -0.00496169 0.000702311 0.0191133 0.000209632 -0.000703876 0.0022834 0.00891791 0.00533965 -0.00411724 -0.00885434 -0.000604579 -0.00423893 0.00180033 0.000953386 0.000903502 -0.00696006 -2.34277e-05 -0.00107391 0.000735895 -0.00601277 -0.00326834 -0.000533989 0.00235854 -0.00738774 -0.0101253 -0.013796 
-0.00624691 -0.00271234 0.00474905 0.00897546 -0.00381619 -0.00399151 0.00502752 -0.00501454 -0.0163353 -0.00267143 -0.0110856 -0.0035769 0.00776693 0.000642056 -0.00404245 -0.0158614 -0.014485 0.0013822 -0.00757968 -0.0140836 -0.0164032 -0.0155061 0.000810246 0.00353023 0.00557255 -0.00472772 0.00785371 0.18432 0.0269725 -0.00279798 -0.000514206 0.00323653 0.00147134 -0.00563034 -0.00404365 0.000532263 -0.00349972 -0.00559063 -0.00182531 0.00205745 0.00943079 -0.0135034 0.000595355 -0.00969545 0.00236958 -0.00516484 0.00735392 -0.000369706 -0.00223916 0.00829481 0.00341963 0.00687415 -0.0103479 -0.000768019 0.00591221 0.00338877 0.0096488 -0.00811342 -0.00278523 0.0216283 0.00597386 0.0131719 -0.00156516 -0.00979744 -0.00725397 -0.00336282 0.000768657 -0.000381342 0.00289268 0.0032759 0.00480561 -0.00525097 -0.0115817 -0.0023044 0.0049808 0.00195408 -0.00756157 -0.00514034 0.000507163 -0.00124743 -0.00854201 0.000900483 -0.00262983 -0.00794761 -0.00329136 0.00244417 -0.00413401 -0.0068185 -0.00522484 -0.00500768 -0.0044096 -0.00899774 0.00687481 -0.0153978 0.00399103 -0.0125655 -0.00591369 -0.00884387 -0.00958259 -0.0065753 
-0.00900947 -0.00901606 -0.00480601 0.00321136 -0.00142429 -0.00568887 -0.00945191 -0.0103768 -0.0221887 -0.00094306 0.00394763 -4.42743e-06 -0.00376179 0.000755889 0.01022 -0.00310936 -0.0171293 -0.00961572 -0.0087327 -0.0212611 -0.00709147 0.00458794 0.0100931 -0.00222072 0.0158301 0.00962995 0.00532185 0.0269725 0.212166 -0.00174811 0.00987321 0.000408107 0.00109444 0.0122919 -0.0096334 -0.00949287 0.0011032 -0.000939869 -0.00361955 0.00378695 -0.00682328 -0.0306636 -0.0090877 -0.00250367 -0.00360509 -0.0122886 0.0237041 -0.00860487 -0.00415048 0.0159964 -1.36728e-05 0.00275165 -0.00104801 0.0016893 -0.00214983 -0.00231534 -0.00239793 -0.00850449 -0.00412039 0.000997823 -0.0151097 0.00431511 -0.0123783 -0.00695 -0.00252414 -0.00686466 0.00153516 -0.00376549 -0.00159146 0.00325861 -0.00521004 -0.00307033 -0.0122493 -0.00533548 0.0105719 0.00134777 0.00283293 -0.00729561 0.0116919 -0.000968173 -0.00582998 0.00179127 0.00584683 -0.000306978 0.00494716 -0.00701807 -0.00681179 -0.00690118 -0.00278091 -0.00589336 0.00802315 -0.00794488 -0.00488496 0.00415312 0.00756253 -0.00810931 -0.0092427 -0.0132751 -0.00142305 -0.0110331 
0.000659412 0.000779244 -0.000525157 -0.00203077 0.00153613 -0.000696246 -0.000702632 0.00115352 0.000822293 -0.000531062 -0.00360196 -0.00059373 -0.00234355 -0.00257267 -0.00458664 -0.00217319 -0.00102014 0.0018478 0.00314771 0.00248357 0.00225189 -0.00513171 0.000613889 -0.00507788 -0.00410612 -0.00170824 -0.00377527 -0.00279798 -0.00174811 0.0550298 -0.000760931 -0.000355027 0.00175218 -0.00218607 -0.000900504 -0.00219287 -0.00315689 -0.0013822 -0.000974757 0.00148885 -0.000765482 0.00189803 0.00135609 -0.00298541 -0.00137257 0.00130895 -0.00360441 -0.000902289 0.000372666 -0.000674447 0.000836396 -0.000169728 0.000892352 0.000732993 6.63197e-05 0.000424161 0.00116523 -0.000801738 0.00294297 -0.00194529 0.00102323 0.00163844 0.00224876 0.00227491 -0.00142229 0.000173008 0.00119826 -0.000729544 -0.000446556 -0.000563023 0.000164367 -0.000512343 -0.00418452 0.000954364 -0.00339788 -0.00157544 -0.000430334 0.00103163 -0.00273141 -0.00018824 0.00120266 -0.00149289 0.000294512 -0.000839682 -0.0020051 0.00454736 3.20109e-05 0.000533881 -0.000386737 -0.00199912 -0.000865032 -0.000854372 -5.61371e-05 -0.00188674 -0.0022735 -0.000783941 0.00141312 3.10168e-05 -0.000106166 -0.00373924 
0.00152531 -0.00380777 -0.000228952 -0.0014807 0.00364771 -0.000409013 0.000875666 -0.00558613 -0.0083274 0.00178039 -0.000851834 -0.00514805 -0.00308943 -0.000403449 -0.00322285 -0.00419025 -0.00701759 0.00156854 -0.00708034 -0.00909999 -0.00546124 -0.000982685 -0.00773871 -0.0117413 4.33067e-05 -0.00350576 0.000456978 -0.000514206 0.00987321 -0.000760931 0.11665 0.00109721 0.0103473 0.00962487 0.00338852 0.00102489 0.000116484 0.00184393 -0.00290358 -0.00397322 -0.00328345 -0.00282787 -0.00294738 -0.00166026 0.00671901 0.000253443 -0.00840779 -0.00338984 -0.001659 -0.00744978 0.000329862 0.000205464 0.000442408 -0.00222333 0.0046244 0.00105056 0.00111427 -0.00165989 -8.12872e-05 -0.00555595 0.00136517 0.00200869 -0.000918109 -0.00665544 -0.00203092 -0.000356502 -0.00676216 -0.00230043 -0.00123551 -0.0011555 -0.00172543 -0.00177139 -0.0082842 2.32323e-05 -0.000917309 -0.00181462 0.00978557 0.000431655 -0.00153223 0.00143218 -0.010106 -0.00423633 0.00517097 -0.00522821 0.00364789 -0.00018243 -0.000265152 -0.00148793 0.00159543 0.00262453 0.00170845 0.00250207 0.00148187 0.00584542 -0.00402537 0.000735285 0.00272815 -0.00456492 -0.00685969 -0.00860329 
-0.000814228 -0.000786262 -0.000300734 -0.00197143 -0.00416528 0.00116066 -0.000771646 -0.00131561 0.00138377 0.000448423 0.000460419 -0.000125098 -0.00204877 0.00377657 0.00262711 0.000265077 -1.80707e-05 -0.003055 -0.000673574 -0.00116185 -0.00178439 0.000983928 -0.0056413 -0.00421413 -0.00164928 -0.00351544 0.00288587 0.00323653 0.000408107 -0.000355027 0.00109721 0.0501502 -0.000565772 0.00128802 0.00325354 0.000463929 0.00336714 -0.000430987 -0.000969889 -0.0001947 -0.00213784 -0.00477284 -0.00291454 0.000304617 0.00018968 -0.00222818 0.00230334 -0.00304854 0.000778229 0.000881936 0.000702888 0.000299346 -0.000362763 -0.00253575 0.000254461 -0.00303065 -0.00137743 -0.00289206 -0.000660544 -0.000145932 -0.00140542 0.000316841 -0.00222315 -0.00377609 0.000751731 0.000546842 -0.00149592 -0.000872128 0.000154539 4.13055e-05 -0.00119112 0.000905488 -0.00454702 0.000154116 -0.00185953 0.000841799 0.00261037 0.00085747 0.00128744 -0.00160235 0.000504791 -0.0015779 0.00610152 -0.00496187 -0.00260009 -0.00184442 -0.000312914 -0.00147511 -0.00128276 0.00188119 0.00115948 0.00313723 0.00131114 -0.00130886 -0.00277651 0.00161392 -0.00442057 -0.00182775 -0.000619871 -0.000531269 
0.00548575 -0.00126744 0.000880973 -0.000290593 -0.00526783 -0.00228958 0.00474712 -0.0100005 -0.00998126 0.00145625 -0.00470008 -0.000351211 -0.00230054 -0.00112941 0.00345849 -0.0118864 -0.0103157 0.00475045 0.00418185 0.00142439 -0.00169409 -0.00245837 -0.00526325 -0.010708 0.00281135 -0.00587664 -0.00780516 0.00147134 0.00109444 0.00175218 0.0103473 -0.000565772 0.118331 0.00362569 -0.000626463 0.00504255 0.00659469 0.00286567 0.003391 0.0014273 0.00628282 0.00167652 -0.00696511 -0.00222356 -0.00153803 0.00118154 -0.0117494 0.00156995 -0.0010141 -0.00852022 -0.00256916 0.00154914 0.00500779 0.0028547 0.00342072 0.0101188 -0.00337268 -0.000264899 -0.00271924 -0.0030734 -0.000785092 0.00714545 -0.00580726 -0.00329606 -0.000335205 -0.00262177 0.00151826 0.000919096 -0.00369841 -0.00657334 -0.00220581 -0.000505328 -0.00944766 -0.000226353 -0.00259967 -0.00203284 -0.00259834 0.00368792 0.000821542 -0.00149225 -0.00765388 -0.00363046 0.000126478 -0.002958 -0.00578361 -0.000441547 -0.00105343 -0.00300283 0.000224342 0.000186767 -0.000593569 -0.00143827 -0.000704346 0.00288875 -0.00473328 -0.00278835 0.000576091 -0.00683163 -0.00565936 -0.00661092 
-0.00314707 -0.0066449 -0.00469405 -0.00125081 -0.00456093 -0.000535135 -0.00414414 -0.00565443 -0.0107227 0.00315354 0.00561546 -0.0031444 -0.0018037 0.00545769 -0.00475754 -0.00481323 -0.0023806 0.00157774 -0.0033577 -0.00258274 0.00491582 -0.00121156 0.00158568 -0.00299852 -0.0010765 0.000896438 0.00104233 -0.00563034 0.0122919 -0.00218607 0.00962487 0.00128802 0.00362569 0.127235 0.00316749 0.00250844 -0.00613253 0.00469454 0.00103619 -0.00418753 -0.00919082 -0.0092411 -0.00421583 -0.00719642 -0.00367371 -0.00695887 -0.000879585 -0.00383295 -0.00102419 0.000824926 -0.00336471 -0.00167514 0.00067348 -0.00638694 -0.00101643 -0.00689397 -0.00599148 -0.00612082 -0.00137976 0.000973711 -0.0055325 -0.00359075 0.000368088 -0.00365315 0.00421303 -0.00683584 -0.00398932 -0.00129569 -0.00217648 0.000559535 -0.00182305 -0.00303391 -0.00501181 -0.000659725 0.00043502 -0.000544659 0.0149151 -0.00559072 -0.00279915 -0.00316113 -0.00454493 0.000688297 0.00215761 -0.00273193 -0.00156788 -0.00472463 0.00327437 -0.00292164 0.000556779 0.0010943 0.0058542 0.0054317 -0.000949358 -0.00109089 0.00135595 0.00216979 0.00345205 -0.00301367 -0.00131796 0.000506359 
