0.13988 0.002599 0.00198138 0.00238971 0.00736259 0.000692386 -0.0142856 -0.00513571 -0.00166291 -0.00759117 -0.0064985 -0.00221967 -0.00942206 0.00900953 -0.00418298 0.00123261 0.00404611 -0.00224521 -0.00477348 -0.00435574 -0.000693186 -0.00322524 0.00420449 0.00591095 -0.00431517 -0.00654887 0.000750631 -0.00338021 -0.00419311 -0.00248695 -0.0209271 -0.0085088 -0.00217992 -0.000479636 -0.00516263 0.00224146 0.000148311 -0.00945745 -0.00147768 -0.00065819 -0.00298803 0.00321403 -0.0101732 -0.00816753 -0.00873532 -0.00194974 -0.00387982 5.40567e-05 -0.00391426 -0.015254 -0.00767667 -0.00193102 -0.0122968 -0.010468 0.00891384 3.49559e-05 -0.000900643 0.000196026 0.00183076 -0.00219246 0.00149935 -0.00233421 8.69504e-05 -0.00132402 -0.0046263 0.00261205 -0.00409886 -0.00322412 0.00206508 0.00654774 0.00113838 0.00563909 0.00430494 0.00214517 -0.000744986 0.00692883 -0.0028325 -0.0017059 0.0105367 -0.000972694 -0.000924797 -0.00473387 -0.00474145 -0.00391019 -0.000495631 0.0168077 -0.00146711 0.0113771 0.00329014 0.00486273 -0.00804747 -0.00485667 -0.00332405 0.00356813 -0.00379508 -0.00800647 -0.00130177 0.00322956 0.00376861 0.0069613 
0.002599 0.150105 0.00465833 0.00334242 0.0164776 0.00692207 -0.00602676 -0.0125321 0.0178613 -0.000583922 0.0074469 0.000994391 -0.00672927 0.00414952 0.00409226 -0.00108648 0.000698256 -0.00780173 0.000259576 -0.015998 -0.00529604 -0.00782165 0.00915453 -0.00613332 -0.00519496 -0.00730036 0.00865558 -0.00359756 -0.00388581 -0.00496718 0.000271634 -0.00161003 -0.00443138 0.00150094 -0.00142152 -0.00137037 -0.00506583 -0.000708404 -0.015115 -0.00185585 -0.00260785 -1.64229e-06 -0.000398523 0.00317403 1.2766e-05 -0.001716 -0.00537758 -0.002696 0.0046193 -0.0022609 -0.00472784 -0.0193502 -0.00540829 -0.00946055 0.00402996 -0.000765217 -0.00291591 -0.002788 -0.0135018 -0.00419061 -0.00216077 -0.00273353 -0.00455923 0.00144513 -0.00541932 0.000569577 -0.00199479 0.000618185 0.00365791 -0.00612144 0.000734944 0.000172232 -0.00642097 0.00123399 -0.00439575 0.0102847 0.00381621 -0.00355301 0.00296461 0.00147221 -0.000269301 -0.00800885 -0.00528719 -0.00386868 -0.000775373 -0.00636098 -0.00469785 0.0104919 -0.00167852 -0.010624 -0.00566059 -0.00806919 -0.00103303 -0.0027705 -0.00676041 0.00361371 -0.00251539 0.00408085 0.00958027 0.00467755 
0.00198138 0.00465833 0.112915 0.00700034 0.0130279 -0.000297826 -0.00291789 -0.00419547 -0.00527248 -0.00212828 -0.00414794 -0.00249595 -0.0100297 -0.00307943 -0.00574137 0.00176729 -0.0115233 0.00310272 -0.00875153 0.00598282 0.00348014 -0.0059076 -0.00472164 0.00131165 -0.000541059 -0.00442637 -0.00457351 -0.000203182 -0.00199443 -0.0028495 -0.0113041 -0.0069755 0.0025167 -0.000445151 0.00331265 0.00233466 -0.00641146 -0.00192788 -0.00786522 0.000304914 -0.00330992 0.0059516 -0.00192271 -0.00441889 -0.00341135 -0.0023339 0.00125173 -0.00108 0.001632 -0.00708158 -0.00140564 -0.00175414 -0.00221432 -0.00976726 0.000945056 -0.00221505 0.00081622 0.00250974 -0.0052174 0.00264319 0.000674182 -0.00134401 -0.000594967 -0.00100074 0.00642891 2.26684e-05 -0.00375983 -0.000121209 0.00736026 -0.00189105 0.00244651 -0.00690553 -0.000865457 -0.000790784 -0.00645077 0.00309619 -0.00205975 -0.00396712 -0.0100608 -0.00125312 0.00389105 -0.00140773 0.00309506 -1.57222e-06 -0.00242112 -0.00177575 -0.00109497 0.00261346 0.000111074 0.000391181 -0.000303822 0.00601138 0.00034722 0.00311965 -0.00346357 -0.00132447 0.000765954 -0.007102 0.0010964 0.00590335 
0.00238971 0.00334242 0.00700034 0.124973 0.000538319 0.00314066 0.00884784 0.0110335 0.00581204 -0.00419385 -0.00506541 -0.00150553 0.00294686 -0.00169553 -0.00657584 -0.00597376 -0.00798791 0.00364995 -0.00717237 -0.00526196 0.0029535 -0.00929348 0.00716861 -0.00395818 0.00224959 -0.00603952 -0.00111112 0.00345464 -0.0076727 0.0128901 0.00052929 0.00358157 -0.000980707 -0.00941397 -0.00476496 0.00268729 0.000622341 -0.00518988 -0.000265717 -0.00630271 -0.000688699 -0.000387054 -0.00399497 0.00431762 -0.00619612 -0.00321909 0.00783165 -0.00407134 0.000644108 -0.00486014 -0.00851685 -0.00201165 -0.0124274 -0.00533918 0.00258727 0.000225727 0.0052748 -0.000618178 0.00459968 0.000405 0.00117464 -0.00577074 0.00233107 0.000220906 -0.00382129 -0.00537397 -0.00550978 -0.000967756 0.0029124 -0.00622575 0.000478508 0.00295997 0.0011443 -0.00412578 -8.06102e-05 0.00942608 -0.00943298 -0.000612868 0.00272576 -0.00500833 -0.00361835 -0.000940532 0.00219195 -0.00336985 -0.00738378 -0.00155336 -0.000952295 -0.000672261 -0.000184743 -0.0043117 -0.0049601 -0.011438 -0.00161678 -0.00632766 -0.00587955 -0.00534042 0.000228149 -0.00397269 0.000709177 7.75706e-06 
0.00736259 0.0164776 0.0130279 0.000538319 0.161128 0.00286946 -0.00402851 -0.00866032 0.00504764 0.000917088 0.00692275 0.000652399 -0.00637896 0.0115037 -0.00563874 0.00309327 -0.000877392 -0.00102661 -0.010425 -0.00655258 0.00874043 0.00851381 0.010112 -0.000186818 -0.00581371 -0.00402405 0.00289103 -0.00391921 -0.00500876 -0.00252258 -0.0255662 -0.00289115 -0.00631907 -0.00592878 -0.00940527 0.00459447 -0.004113 -0.0057385 -0.0171864 -0.00475882 -0.00507913 0.00951161 0.00433642 -0.0116583 -0.00650931 -0.00090874 -0.00183882 -0.0075989 0.00180271 -0.0012986 -0.00834697 -0.0137179 -0.00712168 -0.0117508 0.00269111 -0.00996343 -0.00399629 -0.00363958 -0.00951325 0.00225992 -0.00566505 -0.00211948 0.00177044 -0.00419155 -0.0115286 -0.00638241 -0.00398476 -0.00148752 0.00571914 -2.9091e-05 -0.00414993 -0.000409139 -0.0022659 -0.00303306 -0.000403862 -0.00123911 -0.00313426 -0.00464782 -0.00338394 -0.0045471 -0.00257828 -0.00654427 -2.13448e-05 0.00209336 0.00366437 0.00379293 -0.00351633 0.00814577 -0.00705263 -0.00580087 0.00144128 0.0087761 0.00229213 0.0049197 -0.003234 0.00483741 -0.00386075 0.0116538 0.00108906 -6.62649e-05 
0.000692386 0.00692207 -0.000297826 0.00314066 0.00286946 0.107934 -0.000805957 -0.00319128 0.0111158 -0.00236921 0.00932564 -0.00663836 -0.009378 -0.00778073 -0.00160099 -0.000112418 -0.000765905 -0.00569459 -0.00413396 -0.00635158 -0.00276558 -0.00449734 0.00404189 0.00294662 -0.00130012 -0.00164036 -0.000312293 0.00349881 -0.00306477 -0.00775773 -0.00309545 0.0019915 -0.0011271 0.00137357 0.00184802 -0.00461934 0.00599487 -0.00301672 0.00920557 0.000676681 0.00248002 -0.00334302 -0.00282015 -0.00440061 -0.00252918 -0.0019873 0.000117182 -0.0015733 0.00096244 -0.0061104 0.00489523 -0.00401699 -0.00490398 0.00128225 0.00208803 -0.00139173 -0.00364131 0.000509657 -0.00240264 -0.00205162 -0.00215545 -0.00102634 -0.000114089 -0.00539925 -0.00414593 -0.00456847 -0.00534912 -0.00222264 -0.00383089 -0.0028151 -0.00177401 -0.00399908 -0.00690031 -0.0030647 -0.00387301 0.00257041 0.000819372 0.00678434 0.00246224 0.00499801 -0.00177843 0.000370073 -0.00184357 -0.00215863 -0.00288836 -0.00444532 -0.0012318 -0.000654104 -0.00123963 -0.00385973 -0.00399773 -0.000507013 0.0012056 -0.00107287 -0.00175364 -0.00631727 -0.000363313 -0.00152358 0.00743882 -0.00219786 
-0.0142856 -0.00602676 -0.00291789 0.00884784 -0.00402851 -0.000805957 0.175242 0.00251515 0.00474891 0.00664626 -0.0042429 -0.00111046 0.0219203 -0.00371759 -0.0105477 -0.0139448 -0.00738923 0.0126198 -0.0057454 -0.00722118 0.00618872 -0.00996432 0.00414552 -0.000865752 0.0025677 0.00229624 0.0103489 0.00117877 0.00303245 0.00417111 0.00605533 -0.00151627 -0.00567683 -0.00759796 -0.00493606 -0.00041402 0.0106096 0.00321993 -0.0073455 -0.00244528 0.00299019 0.0038746 -0.000518402 0.00222989 0.008544 -0.00342219 0.00066358 -0.00512413 -0.00522582 0.00383669 -0.00623102 -0.00837616 -0.00512972 -0.0134335 0.0056525 -0.0072513 -0.005884 -0.00679936 -0.0062456 0.00436738 0.00371603 -0.0110755 -0.00587965 0.00415335 0.00897685 -0.00772764 -0.00549238 -0.00173867 0.00381494 -0.0084579 -0.00646427 -0.00849061 0.00191695 -0.00182391 -0.00676801 -0.00571018 -0.00353324 -0.00344884 0.00196873 -0.0109199 -0.00432226 -0.00245816 -0.00397328 -0.00412471 -0.0118608 -0.00301521 0.00252881 -0.00183147 0.00229412 -0.0103022 -0.00159581 -0.00414087 -0.00277801 -0.00100097 0.000733321 0.00435894 -0.00162529 -0.00885313 -0.000971088 -0.00620407 
-0.00513571 -0.0125321 -0.00419547 0.0110335 -0.00866032 -0.00319128 0.00251515 0.173311 -0.00507687 -0.00178645 -0.00411728 -0.00418845 0.00554185 -0.00890562 0.0184785 0.0165755 -0.0105157 0.0127023 -0.00821853 0.0164957 0.00407395 -0.00301937 0.0166734 -0.0051216 -0.00587477 -0.00174774 -0.00188332 -0.00325588 -0.00765257 0.00345652 0.00688112 0.00377848 0.00512849 -0.00595759 -0.0102487 -0.00488654 -0.00445575 0.000655575 0.015642 0.000149751 -0.00455908 -0.00674803 0.000591267 0.00243404 -0.00712754 -0.0032597 -0.00189992 0.00423196 -0.00482715 -0.00540412 0.00244509 -0.000609598 -0.010892 0.0060884 -0.00545514 0.00514591 -0.00532901 -0.00180521 0.00061574 -0.00665356 -0.00734985 -0.0137252 0.000536921 -0.0065663 -0.00959546 -0.00572504 -0.00252735 -0.00428172 -0.00968282 -0.00856345 0.00286061 0.000356892 -0.00704289 -0.00294027 -0.000958311 -0.00578164 -0.00836657 -0.00654581 -0.00639067 -0.00519242 0.00503019 -0.00209876 -0.00725949 -0.0115561 0.0101265 0.0122973 -0.00543445 -0.00559703 -0.00473246 0.0066834 8.67281e-05 -0.00280399 -0.00568541 -0.00649015 0.000382202 -0.00510494 -0.00238841 0.00718903 -0.0129654 -0.00164504 
-0.00166291 0.0178613 -0.00527248 0.00581204 0.00504764 0.0111158 0.00474891 -0.00507687 0.161808 0.00664297 0.00457241 -0.00178918 -0.0049626 -0.00758277 0.00209687 -0.0147764 -0.0112482 -0.0108823 -9.13081e-05 -0.0115322 0.00458207 -0.00497219 0.00232 -0.00465068 -0.0014159 -0.00398796 0.00338033 -0.00510762 -0.00736771 -0.00343961 -0.0137135 0.00481041 -0.00366414 -0.00272236 -0.00509479 -0.0213025 0.00917431 0.00985369 -0.00426407 -0.00697427 -0.0020381 -0.0078341 0.00383317 0.00365193 0.00194923 0.000890699 -0.00166391 -0.00223731 0.00342487 0.00161923 -0.00226085 -0.00777726 -0.0101192 -0.012516 0.00760937 -0.00679189 0.0012629 -0.0024082 -0.0106375 -0.00251546 -0.00049994 -0.00670211 -0.000560104 0.0040675 -0.00947568 0.00226306 -0.00269736 -0.00333813 0.00876365 -0.00016293 0.00072341 -0.00244659 0.00853341 -0.0024446 -0.00602388 0.0065302 -0.00848794 -0.00480404 0.000742253 0.00974152 -0.00459773 0.00201936 0.00223582 -0.00415996 -0.00530895 -0.00715887 0.000768296 -0.00235115 -0.00347809 -0.00381033 0.00452896 -0.00726213 0.000986718 -0.00446659 -0.00111271 -0.0100499 -0.00220645 -0.00285592 0.0133924 -0.00454827 
-0.00759117 -0.000583922 -0.00212828 -0.00419385 0.000917088 -0.00236921 0.00664626 -0.00178645 0.00664297 0.131204 0.00600171 -0.00247353 -0.000189267 -0.00394491 -0.00360876 -0.00900243 0.00153042 -0.00313767 -0.00226975 -0.00277618 -0.00124897 -0.00353426 -0.00485065 0.00336667 7.96687e-06 -0.00433161 0.000595742 -0.00500683 -0.00144373 -7.29502e-05 -0.0078043 -0.000501117 0.00301653 -0.00434939 0.00302289 -0.0104068 0.0136348 0.00927221 0.00116648 -0.00199258 -0.00281869 -0.00609375 0.00220335 -0.0045516 -0.00264968 -0.00404892 0.000477427 -0.00281894 -0.00715136 -0.00117791 -0.00558689 0.00196827 0.000875382 -0.00581091 0.00238165 -0.00132613 -0.000950866 -0.00243201 0.00090562 0.00240349 0.00373525 -0.00532921 0.000392282 0.00612602 0.00541757 0.000896873 -0.00257057 -0.00214192 0.00136035 -0.00216332 -0.00290894 -0.00825428 0.00143634 0.00468839 -0.00587978 -0.00750697 -0.00677021 0.000526881 -0.00459164 -0.00172334 -0.00145828 0.00049927 0.000387116 -0.00123538 -0.00470507 -0.007349 -0.000955406 -0.00244653 -0.00475595 0.00631823 0.00023753 -0.00154585 -0.00153222 0.00209733 -0.00543348 -0.00386954 0.000402327 -0.00370717 -0.00132136 -0.00359151 
-0.0064985 0.0074469 -0.00414794 -0.00506541 0.00692275 0.00932564 -0.0042429 -0.00411728 0.00457241 0.00600171 0.133127 -0.00481881 -0.00488499 -0.00611766 0.00645455 -0.0110514 -0.00477589 -0.00121497 -0.00718097 -0.00989926 -0.00713572 0.0121061 -0.00248088 0.000809976 -0.00432226 0.00172099 0.00318408 0.00338967 -0.00171162 -0.00786027 -0.00453352 0.0014365 0.00546976 0.00257098 -0.00126833 -0.00965859 0.00859426 -0.00471299 6.25244e-05 0.00788066 0.00237587 -0.00576762 0.00416137 0.000762638 -0.00849775 -0.00284081 -0.0038304 -0.00177947 -0.00445732 -0.00521977 0.00191662 -0.0138075 -0.00155456 0.00278815 -0.000155907 -0.00377626 0.000361737 -0.0036502 -0.000853142 -0.000674236 -0.0096931 -0.00645383 -0.00386735 -0.00472231 -0.00543304 -0.00146626 -0.00527749 -4.39831e-05 -0.00147635 -0.00280924 0.00112659 0.00294228 0.007196 -0.00200626 -0.00165228 -0.00678637 0.0177039 -0.00189521 0.00228278 -0.000259161 -0.00403853 -0.00649646 0.00226114 -0.00452161 0.00196075 -0.00220495 -0.000610151 -0.0070238 -0.00518561 -0.00401534 -0.00162128 -0.00211832 -0.00273307 -0.000217111 -0.00144454 -0.00335125 0.00126841 0.00981845 0.0022215 -0.00823543 
-0.00221967 0.000994391 -0.00249595 -0.00150553 0.000652399 -0.00663836 -0.00111046 -0.00418845 -0.00178918 -0.00247353 -0.00481881 0.118526 -0.000186495 0.0122106 -0.00898003 -0.0048634 0.00447268 -0.000434318 0.00040432 -0.0084 0.00459165 -0.00326047 -0.000912844 -0.00255646 0.000824871 -0.00107573 0.00175349 -0.00206361 0.00153315 0.00177057 0.00822238 -0.000743192 -0.00452426 -0.000777632 -0.00394167 0.0018418 -0.00604255 -0.00514002 -0.00689816 -0.00302233 -0.000682842 -0.00421542 -0.00177329 -0.00318557 -0.00110043 -0.00189534 -0.00116379 -0.0011019 0.00526553 -1.10088e-05 -0.00421104 -0.00533532 0.00219306 -0.00534123 -0.00515289 -0.00802735 -0.000668042 0.00477004 0.00115777 0.00217948 0.00245781 -0.0035886 0.00110117 0.00615739 0.00149886 -0.0033403 -0.00107757 -0.00181784 0.00395367 -0.000600689 0.00230197 -0.00338293 -0.00113333 -0.00595465 0.00242479 0.00205262 -0.00451126 -0.00340738 -0.000383101 -0.00262906 -0.00464494 0.00202206 -0.00543515 -0.00159702 -0.00388489 -0.00193104 -0.00159591 0.0111196 0.000427934 -0.00236199 -0.00279579 -0.00362884 -0.00141765 0.00443944 -0.00339782 -0.005222 -0.00284895 -0.000964563 0.000542456 -0.00538254 
-0.00942206 -0.00672927 -0.0100297 0.00294686 -0.00637896 -0.009378 0.0219203 0.00554185 -0.0049626 -0.000189267 -0.00488499 -0.000186495 0.1908 0.00192772 -0.0027797 0.00257185 0.00283281 0.00186502 0.00498459 -0.0175002 0.00558261 -0.0121181 -0.00269185 0.00495038 0.0174214 0.00382222 0.00289882 0.00125607 -0.00133189 0.0118814 0.0112741 0.00630894 -0.00551033 -0.00780482 -0.00695179 0.0264663 0.000740933 0.00295641 -0.00352512 -0.00673568 -0.000830061 0.000345001 -0.00402827 0.00647889 -0.00522965 -0.00058457 0.00645659 -0.00562126 -0.00608337 -0.00126731 -0.00441444 -0.00833788 0.00733269 -0.00874505 -0.00129444 -0.0134927 -0.000940523 -0.00721313 0.00489197 -0.000235635 0.00411468 -0.0130693 0.00479636 -0.0115286 -0.00183096 -0.00357593 0.00250514 -0.0034998 0.00289536 -0.0154131 -0.0026393 -0.0185608 -0.00447794 -0.00490538 0.00243329 0.00768299 0.00253662 -0.00496036 -0.00537919 -0.0125448 -0.00826918 -0.00538415 -0.00710865 -0.00601105 -0.0151734 -0.00456733 0.00200221 -0.00172021 -0.00186624 -0.00719356 0.00269722 -0.0115662 -0.000797 0.000747468 -0.00295086 -0.00680675 -0.00433329 -0.00302109 -0.00794978 -0.00433433 
0.00900953 0.00414952 -0.00307943 -0.00169553 0.0115037 -0.00778073 -0.00371759 -0.00890562 -0.00758277 -0.00394491 -0.00611766 0.0122106 0.00192772 0.141886 -0.0034578 0.00119848 0.00983963 -0.00616173 0.00504105 -0.0129446 -0.00196009 -0.00536357 -0.00453777 0.00226445 0.00438049 -0.00052594 0.00225292 0.00443397 -0.00345771 -0.000112681 -0.00367041 -0.00583532 -0.0130931 -0.0145381 -0.0065968 0.0103264 -0.0155306 -0.0061734 -0.0185036 -0.00459633 -0.00164963 0.00804936 -0.00647901 -0.00716202 -0.00203891 7.68611e-05 -0.00251939 -0.00442567 0.0122603 0.00618292 -0.00263372 -0.00206534 0.00330756 -0.00377597 -0.00516084 0.00107591 0.00224798 0.000863112 -0.00472988 0.00131113 0.00386574 0.00623056 0.000985159 0.00405198 0.00303938 -0.00892414 -0.00564497 -0.00274821 0.00503501 0.00200685 -0.000187643 -0.00408456 -0.0110264 0.00179711 -0.00328274 0.00233115 -0.00890813 -0.00190649 -0.000577303 -0.00571641 -0.00366442 -0.00389646 -7.99524e-05 0.0062747 -0.00370946 -0.0028218 -0.00400275 0.00714857 0.00409554 -0.00797181 -0.00579167 -0.00133407 0.000554959 0.00106723 -0.00401785 0.00499826 -0.00372728 -0.00393553 8.72545e-05 0.00111568 
-0.00418298 0.00409226 -0.00574137 -0.00657584 -0.00563874 -0.00160099 -0.0105477 0.0184785 0.00209687 -0.00360876 0.00645455 -0.00898003 -0.0027797 -0.0034578 0.166452 0.00594263 0.00321133 -0.000233368 0.00403123 0.00146046 -0.00628727 0.00228374 -0.00710799 -0.00863423 -0.000749686 0.00552319 0.00313821 0.00476015 -0.00345078 -0.000598792 0.00214691 0.0029254 0.00356338 0.00375971 0.00268049 -0.0131993 -0.0061043 0.0120771 0.015224 0.00221161 -0.000789567 -0.000382424 -0.00134904 0.0115963 -0.00328001 0.00268552 -0.00618412 -0.00269442 -0.00156471 -0.00411935 0.00629847 -0.0185316 -0.00523996 0.00267624 -0.00698121 -0.00220761 -0.0179986 -0.00660322 -0.0112223 -0.00422212 -0.0105817 -0.00010925 -0.00849766 -0.00428638 -0.00382818 -0.00369916 0.00319725 -0.00370295 -0.0101839 -0.00740622 0.00100167 0.00487521 -0.00404872 -0.000946416 0.00328859 -0.00567202 0.00557637 -0.00353092 -0.00292819 -0.00380904 -0.00265919 0.00128933 0.00130474 -0.00843317 0.00510352 0.000907515 -0.00407012 -0.00660724 -0.00363752 0.0019889 -0.00405931 0.00317381 -0.00150812 -0.00584742 -0.00644065 -0.00151078 -0.00367099 -0.00216612 -0.00458255 -0.00620334 
0.00123261 -0.00108648 0.00176729 -0.00597376 0.00309327 -0.000112418 -0.0139448 0.0165755 -0.0147764 -0.00900243 -0.0110514 -0.0048634 0.00257185 0.00119848 0.00594263 0.192455 0.00329205 -0.00426538 -0.0097792 0.0377259 -0.00686007 -0.000200792 -0.0118949 -0.00990381 -0.00561617 0.00674413 -0.00392822 -0.00890671 -0.000440698 -0.0168634 -0.00868213 0.0076081 0.00552186 -0.0030073 -0.0066882 0.0185862 -0.012932 -0.0016205 0.0043673 -0.0136194 -0.00635628 -0.0115264 -0.00519392 -0.00584539 -0.00232246 -0.00522041 -0.00387365 -0.0069377 -0.00965071 -0.016567 0.00131845 0.00505139 -0.00916115 0.0111571 -0.0119794 0.00581695 -0.0092631 0.00066746 0.00670851 -0.00252938 -0.00418404 -0.00814014 0.00104722 -0.0100147 -0.00827069 0.00227381 0.00833623 -0.00452696 -0.00220785 -0.00673505 -0.00354042 0.00475331 -0.0164471 -0.00787575 0.000388847 -0.0180438 -0.0211645 -0.00333014 -0.0126056 0.0048515 0.0127576 0.00305484 -0.00776992 -0.012347 0.00475583 0.0206018 -0.00831745 0.00111375 0.0075276 0.0117398 -0.0112458 0.00436357 0.003348 -1.51233e-05 0.0154512 0.00801834 0.00227116 0.010159 -0.00607868 -0.00090821 
0.00404611 0.000698256 -0.0115233 -0.00798791 -0.000877392 -0.000765905 -0.00738923 -0.0105157 -0.0112482 0.00153042 -0.00477589 0.00447268 0.00283281 0.00983963 0.00321133 0.00329205 0.153236 -0.0075707 0.00959144 -0.00920101 -0.0024873 0.00107086 -0.00311996 0.0060676 0.0025295 -0.00432012 -0.00646017 -0.00476847 0.0146698 0.00820156 -9.43731e-05 0.0042001 0.00311567 -0.0024103 0.000649977 -0.00265936 -0.000986531 -0.00383429 -0.00491615 -0.00315982 -0.0016822 -0.00843565 -0.00692617 -0.0057057 -0.00730167 -0.00357898 -0.00127955 -0.00541798 -0.00104298 0.0093418 -0.00251915 -0.0105139 0.00551154 -0.00196594 0.00333431 -0.00990054 -0.00822612 0.00609816 0.00210496 -0.00224049 -0.00147231 -0.00486074 -8.29378e-05 -0.00420963 8.67684e-05 -0.00113659 -7.37248e-05 0.00405649 -0.00474237 -0.00914053 -0.00171689 0.00216876 -0.00760476 0.00102712 0.00662248 0.00594413 -0.00458048 0.00326735 0.00477517 -0.00740146 -0.00617865 -0.00250531 -0.000118352 0.00142237 -0.00236649 -0.00114007 -0.00036614 0.00310895 0.000614043 -0.00502426 -0.00388735 -0.00603686 -0.000190821 -0.00397917 -0.00750357 -0.00806086 -0.00359444 -0.000152543 0.0012019 -0.00800597 
-0.00224521 -0.00780173 0.00310272 0.00364995 -0.00102661 -0.00569459 0.0126198 0.0127023 -0.0108823 -0.00313767 -0.00121497 -0.000434318 0.00186502 -0.00616173 -0.000233368 -0.00426538 -0.0075707 0.131698 -0.0109081 0.00729281 0.0143497 0.00594005 0.0126514 -0.0126883 -0.00163424 0.00772104 0.00201976 -0.00344411 -0.00918457 -0.00081428 0.003588 -0.0088954 -0.000895709 -0.00404863 -0.00581715 0.00563582 -0.00257675 -0.000828958 -0.00523068 0.00824505 -0.00110838 -0.00530966 -0.00391004 0.00519017 -0.00475953 -0.000813956 -0.0024435 -0.00173593 -0.00151682 -0.00815774 -0.00139726 -0.00671033 -0.0111575 -0.00422338 -0.00141387 0.00266315 -0.00433975 -0.00120037 -0.00270433 -0.000542805 -0.00569846 -0.0104645 -0.00207259 -0.00101164 -0.00198982 -0.00843621 -0.00340474 -0.000154707 0.000970354 -0.00207485 0.00218009 0.00435077 0.00351753 0.000710045 -0.0048242 0.000208453 0.00131772 -0.00299329 -0.00319725 -0.00564584 -0.00106995 -0.00446566 -0.00329007 -0.00842574 0.000626734 0.00612876 0.00317184 -0.00602729 0.00112491 0.00242733 -0.00224512 -0.00229968 -0.000965761 0.00269961 0.00109252 -0.00165975 -0.00228636 -0.00137439 -0.0044884 0.000185208 
-0.00477348 0.000259576 -0.00875153 -0.00717237 -0.010425 -0.00413396 -0.0057454 -0.00821853 -9.13081e-05 -0.00226975 -0.00718097 0.00040432 0.00498459 0.00504105 0.00403123 -0.0097792 0.00959144 -0.0109081 0.177453 -0.00840379 -0.00860499 0.000135965 0.0142762 -0.00163982 -0.00468424 -0.00305294 -0.00788429 0.00281568 6.69588e-05 -0.00933841 0.00782696 -0.00137771 -0.00814099 0.00909502 0.00101491 0.00877228 -0.00537768 -0.0047364 -0.00918988 -0.00722271 -0.00416173 -0.00630921 0.000421755 0.000696526 0.000712936 -0.000600301 0.00168896 0.00401225 -0.000646063 0.00783896 -0.00428248 6.85112e-05 0.00829961 -0.00485167 -0.0032307 -0.00650876 -0.0039597 0.00260665 0.0015292 -0.0036386 0.00437642 0.0150149 -0.00490904 0.00135343 0.002655 0.00447104 0.00375708 0.00226092 -0.0111316 0.0037246 -0.00632155 -0.00562074 -0.00173127 0.00340647 6.14257e-05 -0.0126613 0.000246293 0.00363967 -0.00858731 0.00345671 -0.0063167 -0.00819808 0.00136029 0.000335797 -0.00701695 -0.0139322 0.00174967 0.00210506 -0.00644233 0.00290111 0.00101116 -0.00920127 -0.00137209 -0.00480745 -0.0061339 -0.00553281 -0.00388546 -0.0075107 0.000959018 -0.00388547 
-0.00435574 -0.015998 0.00598282 -0.00526196 -0.00655258 -0.00635158 -0.00722118 0.0164957 -0.0115322 -0.00277618 -0.00989926 -0.0084 -0.0175002 -0.0129446 0.00146046 0.0377259 -0.00920101 0.00729281 -0.00840379 0.16333 0.00737042 0.000284495 0.000938018 -0.00804932 -0.00657037 -0.0010046 -0.00676381 -0.00401887 -0.00711483 -0.00923855 0.00564756 0.00818304 0.00628632 -0.00397886 -0.00858744 -0.00953305 -0.00747039 0.00566059 0.00506174 -0.000565158 -0.00611608 -0.00576462 0.00500461 -0.000217307 -0.00782446 -0.00289459 -0.00214775 -0.000968088 -0.00855651 -0.0117274 0.00453756 0.0261089 -0.0112455 0.0248898 -0.00833808 0.00382108 1.78339e-05 0.000177846 0.00851032 -0.00614454 -0.00779167 -0.00954413 -0.00934081 -0.00422645 -0.00181133 0.00359097 0.00408324 -0.0041649 0.00178343 0.00208555 -0.00462099 0.000579034 -0.00553987 -0.00617608 -0.00651431 -0.00949634 -0.0161861 -0.00187401 -0.010837 0.00659704 0.013952 -0.000748093 -0.0106303 -0.00632351 0.00299781 0.0117175 -0.000361365 -0.00987064 -0.00434299 0.0100867 -0.00489949 0.00330332 -0.000866902 -0.000310449 -0.00142369 0.00451441 0.00600917 -0.00461398 -0.00689601 0.00456211 
-0.000693186 -0.00529604 0.00348014 0.0029535 0.00874043 -0.00276558 0.00618872 0.00407395 0.00458207 -0.00124897 -0.00713572 0.00459165 0.00558261 -0.00196009 -0.00628727 -0.00686007 -0.0024873 0.0143497 -0.00860499 0.00737042 0.108158 -0.00325491 0.00557428 -0.00368698 0.00144788 0.00139103 0.00159029 -0.0020947 -0.00467847 0.00153131 -0.00676773 -0.00319371 -0.00851801 -0.00905257 -0.00820283 -0.00101287 -0.00727802 -0.00254835 -0.00581893 -0.00374611 -0.00307759 0.00261509 -0.00069331 -0.00390696 -0.000993435 0.00374104 0.00316032 -0.00343852 0.00464516 -0.00480476 -0.00435843 0.00183015 -0.00183686 -0.00911332 -0.000762597 -0.00509283 0.00213978 0.000389766 -0.000953423 0.000347489 -0.000718694 -0.00838039 0.000912017 -0.0053727 -0.00218583 -0.00885213 -0.00522731 -0.00194212 0.00266143 -0.00617973 -0.000710201 -0.0010318 -0.000199447 -0.00529139 -0.000158206 0.0035792 -0.00545706 -0.0020037 -0.00894835 -0.00534282 -0.00109944 -0.00408359 -0.00177903 0.006062 -0.00142346 0.00086904 -0.00178406 -0.00446538 -0.000838449 0.000994458 0.00553401 0.00839405 0.00479259 0.00659504 -0.00149559 0.00116058 0.00146612 -0.00119738 -0.00445711 -0.000644359 
-0.00322524 -0.00782165 -0.0059076 -0.00929348 0.00851381 -0.00449734 -0.00996432 -0.00301937 -0.00497219 -0.00353426 0.0121061 -0.00326047 -0.0121181 -0.00536357 0.00228374 -0.000200792 0.00107086 0.00594005 0.000135965 0.000284495 -0.00325491 0.143022 -0.0151563 -0.00364516 -0.00713641 0.00317441 -0.00552739 -0.0059045 0.0016194 0.000372155 -0.00958474 0.00332075 0.0064671 -0.00111351 -0.00384276 -0.0031624 0.00427247 -0.00338153 0.0033109 -0.00353711 0.00794175 -0.0067387 0.00522729 -0.00818647 -0.00284978 -0.00227516 -0.00201965 -0.00141511 -0.00850338 -0.00995975 -0.00268606 -0.00864432 -0.00258845 -0.00370084 0.000592715 0.00339196 -0.0115861 -0.000393456 0.000934204 -0.00191496 -0.00185875 -0.000336952 -0.00125592 -0.00262496 -0.00755527 -0.00473905 0.00521103 -0.00184589 -0.00891968 0.00245411 -0.0040676 -0.00566606 -0.000178825 -0.000458975 0.00658871 -0.00230856 0.00747783 0.00124076 0.000174589 -0.000641633 -9.31277e-08 0.00110535 -0.00438341 -0.00485514 0.0094473 0.0022776 0.000993787 -0.00409091 -0.00141285 0.000682926 -0.000466737 0.0104293 0.00108084 -0.00470767 0.00168758 0.00328601 5.91349e-05 0.00793111 -0.0014546 -0.000392926 
0.00420449 0.00915453 -0.00472164 0.00716861 0.010112 0.00404189 0.00414552 0.0166734 0.00232 -0.00485065 -0.00248088 -0.000912844 -0.00269185 -0.00453777 -0.00710799 -0.0118949 -0.00311996 0.0126514 0.0142762 0.000938018 0.00557428 -0.0151563 0.182404 0.00115391 -0.00802141 -0.00126701 0.0106418 -0.00404959 -0.00963945 0.00494566 -0.0015676 -0.00698011 -0.00148059 0.00289455 -0.00753095 -0.00967891 -0.00567608 -0.00711569 -0.00524809 -0.00161324 -0.007881 -0.00671654 -0.00448435 0.0025566 -0.00659602 0.000561332 0.00164836 0.00164003 -0.00270211 0.0068693 -0.00432492 -0.00175785 -0.0153742 -0.00022508 -0.00676661 -0.00844023 -0.000799247 -7.53953e-05 -0.00523408 -0.00199632 -0.0103368 -0.0170272 -0.0020379 -0.00534859 -0.00269965 0.00524293 -0.0147288 -0.000488645 0.0165465 -0.00876916 -0.00254623 0.00285423 -0.000280179 -0.00518465 -0.00373028 0.0111069 0.00402517 -0.00557136 0.00145604 0.00102694 -0.0070443 -0.0036708 -0.00387727 -0.00438595 -0.00403614 0.0182314 0.00409056 -0.00434143 -0.008009 -0.00850905 0.00613327 -0.00946729 -0.00668435 -0.00261384 -0.00960668 -0.00543077 -0.0072916 -0.00410538 -0.00754733 -0.00120211 
0.00591095 -0.00613332 0.00131165 -0.00395818 -0.000186818 0.00294662 -0.000865752 -0.0051216 -0.00465068 0.00336667 0.000809976 -0.00255646 0.00495038 0.00226445 -0.00863423 -0.00990381 0.0060676 -0.0126883 -0.00163982 -0.00804932 -0.00368698 -0.00364516 0.00115391 0.131341 -0.000358194 -0.00127129 0.0059673 -0.000185729 0.00204822 0.0020244 -0.0142204 -0.00547897 -0.0109638 -0.00810668 0.00365248 -0.000349884 0.00560133 -0.00532439 0.00709906 0.0104548 6.1932e-05 0.00620014 -0.00803101 -0.00928225 0.000623 -0.00264189 -0.00209397 -0.00353392 -0.00319201 -0.00466701 -0.0116244 0.00219365 4.03091e-06 -0.00280491 0.00818466 -0.00268267 -0.00225539 -0.00352819 0.000728706 -0.00223854 0.00399993 0.00161017 -0.00188443 -0.00380019 0.00182583 0.00632212 -0.00734514 0.000586766 -0.00808547 -0.00199036 -0.00397715 -0.0125721 -0.000678052 0.000813615 -0.00197724 0.000615773 0.00224467 -0.00159287 0.00384834 -0.00484674 -0.00338406 -0.0012855 -4.33567e-05 0.00494192 -0.000390352 0.000611317 -6.44543e-05 0.0118275 0.00268636 0.00243772 -0.00438976 -0.00405362 -0.00245426 6.0728e-05 -0.00198912 -0.00782825 -0.0021656 -0.00336948 -0.00205368 -0.000622381 
-0.00431517 -0.00519496 -0.000541059 0.00224959 -0.00581371 -0.00130012 0.0025677 -0.00587477 -0.0014159 7.96687e-06 -0.00432226 0.000824871 0.0174214 0.00438049 -0.000749686 -0.00561617 0.0025295 -0.00163424 -0.00468424 -0.00657037 0.00144788 -0.00713641 -0.00802141 -0.000358194 0.10722 -0.00283192 -0.00358121 0.0016471 0.0019807 0.0110166 -0.000405766 0.000667629 -0.00135487 -0.00689344 0.00487249 0.00616356 -0.00651407 0.00215435 -0.000692284 -0.000673522 0.0028269 0.00377628 0.0010611 -0.00490076 -0.00255875 0.00191131 0.000655568 -0.00465157 0.0019352 -0.0003169 -0.00873019 -0.0100435 0.00333568 -0.0101334 -0.00474208 -0.00186102 -0.00484877 0.00271965 0.000774925 0.0032916 -0.000481196 -0.00410464 0.00156889 0.000876387 0.00545927 -0.00214748 -0.00215034 -0.00151459 0.000671097 -0.00404619 -0.00183874 0.000314679 0.000413138 0.0105072 0.00167595 0.00511245 -0.00475958 -0.00129763 -0.00590742 -0.00769619 -0.0057304 -0.00495761 0.000772091 0.000988253 -0.00543309 -0.00140869 0.00138454 -0.000329689 -0.000213433 -0.00472846 -0.00132917 -0.00372946 0.0034403 0.00347268 -0.00578566 -0.000106956 -0.00210531 -0.00698231 -0.00507012 -0.00296011 
-0.00654887 -0.00730036 -0.00442637 -0.00603952 -0.00402405 -0.00164036 0.00229624 -0.00174774 -0.00398796 -0.00433161 0.00172099 -0.00107573 0.00382222 -0.00052594 0.00552319 0.00674413 -0.00432012 0.00772104 -0.00305294 -0.0010046 0.00139103 0.00317441 -0.00126701 -0.00127129 -0.00283192 0.0988984 0.00491832 0.00265009 0.00125697 -0.00467154 0.00288724 -0.00791509 -0.0017749 0.00309633 -0.00303906 -0.0128679 -0.0069602 -0.00331473 -0.00213131 -0.000995255 -0.00271251 -0.00623466 -0.000406372 0.00510688 -0.00127766 0.00151468 -0.00292413 -0.00404476 -0.000828852 -0.00708047 0.00512512 -0.00783747 -0.00526846 0.0118113 -0.00766173 -0.00464195 0.000433165 -0.0013633 -0.00461133 -0.000204084 -0.00269874 -0.000963619 0.00117632 -0.00247253 0.000220999 -0.00552311 0.00565213 0.000577637 0.00145739 0.000148099 -0.00129241 0.00164794 -0.00439365 -0.000261632 0.00176356 -0.00699532 -0.00182198 -0.00309809 -0.000480089 -0.00553547 -0.00285526 -0.000348177 -0.000477726 -0.0037059 -0.00159034 0.00754343 0.00258805 -0.00438997 0.00060131 3.22495e-05 0.00136546 3.99944e-05 -0.00182609 -0.00116135 0.0107109 -0.00357415 -0.00202375 0.0043874 0.00420656 -0.000557672 
0.000750631 0.00865558 -0.00457351 -0.00111112 0.00289103 -0.000312293 0.0103489 -0.00188332 0.00338033 0.000595742 0.00318408 0.00175349 0.00289882 0.00225292 0.00313821 -0.00392822 -0.00646017 0.00201976 -0.00788429 -0.00676381 0.00159029 -0.00552739 0.0106418 0.0059673 -0.00358121 0.00491832 0.108359 -0.00126696 0.00126097 -0.0022797 -0.00237364 -7.80746e-05 -0.000938471 -0.00374123 -0.00361783 -0.0121203 0.0109066 0.00197088 -0.0037403 0.00047245 -0.00114947 -0.00625023 0.00196806 -0.00095751 0.000136083 0.000469201 -0.00224914 0.00287824 -0.00122575 -0.00377917 -0.000643004 0.000818834 -0.00298471 0.000328651 0.00555688 -0.00221868 -0.00239989 -0.00384133 -0.0070035 0.00304601 -0.00135695 -0.00181533 0.00162229 0.00377524 -0.00212321 0.0028724 -0.00489107 0.000544515 -0.00104494 -0.0080979 -0.00352521 -0.00727181 -0.00494643 -0.00350663 -0.00336932 -0.00534444 -0.00360905 -0.00604142 -0.00564728 -0.0068894 -0.00253165 -0.00279545 -0.00259044 0.00155775 -0.0023173 0.00562846 -0.00183277 -0.00234608 -0.00246958 -0.00675601 -0.00136109 -0.00612327 -0.00168503 0.00118158 0.00267675 -0.00687507 -0.00390369 3.59341e-05 -0.00215739 -0.000944696 
-0.00338021 -0.00359756 -0.000203182 0.00345464 -0.00391921 0.00349881 0.00117877 -0.00325588 -0.00510762 -0.00500683 0.00338967 -0.00206361 0.00125607 0.00443397 0.00476015 -0.00890671 -0.00476847 -0.00344411 0.00281568 -0.00401887 -0.0020947 -0.0059045 -0.00404959 -0.000185729 0.0016471 0.00265009 -0.00126696 0.116429 -0.00307147 -0.00448174 0.00703713 0.00103757 -0.00664689 -0.00347717 0.00181572 -0.00336079 -0.00731083 0.000564488 0.00662317 0.00354773 0.0037795 -0.00239742 -0.00304863 -0.00105387 -0.00270427 -0.00104279 -0.00508725 -0.00402757 -0.00056052 0.00664877 0.00363652 -0.00212688 -0.000838314 0.00412428 -0.00508125 -0.00370523 -0.00349178 -0.00280334 -0.00318019 0.000709408 0.000526973 -0.00142381 -0.00284324 -0.00413642 0.00361988 -0.00817855 -0.00269603 0.00107282 -0.00269091 0.00463999 -0.00517931 0.00277358 -0.0025081 -0.00564685 -0.00412365 -0.00659176 0.00222403 0.00198598 0.00279114 -0.00256816 -0.00404529 0.000203962 0.00156104 0.00426573 -0.00299389 -0.00319757 0.00102788 -0.00869617 -0.00346199 -0.00302139 -0.00410285 -0.005698 0.00117909 0.00287151 -1.28247e-05 0.0047267 -0.00177774 -0.00201112 -0.000543762 -0.00168747 
-0.00419311 -0.00388581 -0.00199443 -0.0076727 -0.00500876 -0.00306477 0.00303245 -0.00765257 -0.00736771 -0.00144373 -0.00171162 0.00153315 -0.00133189 -0.00345771 -0.00345078 -0.000440698 0.0146698 -0.00918457 6.69588e-05 -0.00711483 -0.00467847 0.0016194 -0.00963945 0.00204822 0.0019807 0.00125697 0.00126097 -0.00307147 0.100233 0.00225447 -0.00109264 -0.00253515 0.000600732 0.00654519 0.000725235 -0.00380794 0.00303624 0.00234751 0.00157547 -0.000453306 0.00141594 0.000897272 -0.00217043 8.69156e-05 -0.00204607 -0.00346545 -0.0014671 0.000185536 -0.00220156 0.00106829 -0.00392679 2.08638e-05 0.00971009 0.000750284 0.00249666 -0.00370858 -0.00194609 0.00383906 0.00204879 -0.00140512 0.00279364 -0.000100566 0.00185044 -0.000131835 5.78952e-05 0.00417201 0.00153438 0.00347834 -0.0032113 -0.004116 -0.00338456 -0.00117939 -0.0054346 -0.00277313 7.63447e-05 -0.00865644 -8.78537e-06 -0.00164245 -0.00397824 -0.00572647 0.000482426 -0.00392544 -0.00206749 0.000877086 -0.00116973 -0.00605109 -0.00239416 -0.00447856 9.19221e-05 -0.00237694 0.00033949 0.00122996 -0.000327689 -0.00122794 -0.00204716 -0.00327132 0.00193584 0.00334834 -0.00018316 -0.00311821 
-0.00248695 -0.00496718 -0.0028495 0.0128901 -0.00252258 -0.00775773 0.00417111 0.00345652 -0.00343961 -7.29502e-05 -0.00786027 0.00177057 0.0118814 -0.000112681 -0.000598792 -0.0168634 0.00820156 -0.00081428 -0.00933841 -0.00923855 0.00153131 0.000372155 0.00494566 0.0020244 0.0110166 -0.00467154 -0.0022797 -0.00448174 0.00225447 0.12983 0.00157237 -0.00145381 0.00039934 0.00030524 -0.00451367 -0.0018281 -0.000888361 -0.00107632 0.0068188 -0.00304295 0.00391962 -0.0029445 -0.00490422 -0.00270523 -0.000214188 0.000191239 0.00386472 -0.00516422 0.000732997 0.000993258 -0.00732388 -0.0194542 -0.00921297 -0.0037301 0.00103997 -0.00291061 0.00203287 0.00039726 0.00217515 -0.00399137 -8.52717e-05 -0.00247836 -0.000468507 -0.00446687 -0.00433013 -0.00483568 0.00494144 -0.00214908 -0.00936393 -0.00794507 -0.00057507 0.00347046 -0.004601 0.00164574 0.00703805 0.0120877 0.00750993 -0.00176408 -0.00113009 -0.00743172 -0.00603103 0.00138328 -0.00113853 -0.00568888 -0.00354927 -0.00521143 -0.000225134 0.0016795 -0.00261779 0.000573133 0.00258281 -0.00599623 0.00246382 -0.0025319 0.00159172 -0.00683655 -0.00175627 -0.0077242 -0.00448201 -0.00462707 
-0.0209271 0.000271634 -0.0113041 0.00052929 -0.0255662 -0.00309545 0.00605533 0.00688112 -0.0137135 -0.0078043 -0.00453352 0.00822238 0.0112741 -0.00367041 0.00214691 -0.00868213 -9.43731e-05 0.003588 0.00782696 0.00564756 -0.00676773 -0.00958474 -0.0015676 -0.0142204 -0.000405766 0.00288724 -0.00237364 0.00703713 -0.00109264 0.00157237 0.174212 0.00386729 0.00737236 0.00263189 0.00649325 0.00471902 -0.0065471 -0.00112093 0.00663725 -0.00148535 -0.00193957 -0.00565378 -0.00689361 0.00794199 -0.00810572 -0.00291629 -0.0012846 -0.00193341 -0.00175501 0.00503581 0.0023929 -9.92141e-05 0.010764 0.00947027 -0.0104712 -0.00153819 -0.00183337 -0.00116127 -0.00623282 -0.00396532 -0.00898509 -0.00762314 -0.00861825 -0.00468345 -0.00163013 -0.00971546 -0.00339908 0.00166972 -0.00636278 0.000743349 0.00436124 0.013445 -0.00797631 -0.00357003 0.0102155 0.0015425 0.00381883 -0.00382949 -0.00399457 -0.00481528 -0.00338006 0.00310502 -0.00381628 0.00143416 -0.0102997 -0.00383344 -0.00319144 -0.00319733 -0.00539672 -0.00906933 -0.00718271 -0.0123841 -0.00291283 -0.00411301 0.00396644 -0.000191476 -0.00393046 -0.00341554 0.00212427 -4.61214e-05 
-0.0085088 -0.00161003 -0.0069755 0.00358157 -0.00289115 0.0019915 -0.00151627 0.00377848 0.00481041 -0.000501117 0.0014365 -0.000743192 0.00630894 -0.00583532 0.0029254 0.0076081 0.0042001 -0.0088954 -0.00137771 0.00818304 -0.00319371 0.00332075 -0.00698011 -0.00547897 0.000667629 -0.00791509 -7.80746e-05 0.00103757 -0.00253515 -0.00145381 0.00386729 0.149552 0.00869169 -0.00844247 -0.0013574 0.00931244 -0.00398893 0.00517475 -0.000157663 -0.00495294 -0.00256258 -0.00758118 0.00862916 -0.00313661 0.00496269 -1.32272e-05 0.00134683 -0.00510461 -0.00361809 -0.00891436 0.00206775 0.00229063 -0.00120519 0.00532931 0.000973862 -0.000718489 -0.0115706 -0.00360763 0.00204131 -0.000762961 -0.00760728 -0.00703312 -0.00256453 0.000356584 0.000227741 -0.00186825 -0.00151371 -0.00218072 0.000346638 -0.0121409 0.000364919 0.00689991 -0.000497201 -0.00585366 0.00159401 0.000702157 -0.0134704 -0.00419597 -0.00677182 -0.00332416 0.000940187 -0.0042599 -0.000317088 -0.00421912 0.00243177 -0.00182739 -0.00336591 -0.00456167 -0.0112222 -0.00346126 -0.00372435 -0.00445611 -0.00243653 -0.000517959 -0.00468581 -0.0033783 -0.000562435 -0.00121865 -0.00146673 -0.00906604 
-0.00217992 -0.00443138 0.0025167 -0.000980707 -0.00631907 -0.0011271 -0.00567683 0.00512849 -0.00366414 0.00301653 0.00546976 -0.00452426 -0.00551033 -0.0130931 0.00356338 0.00552186 0.00311567 -0.000895709 -0.00814099 0.00628632 -0.00851801 0.0064671 -0.00148059 -0.0109638 -0.00135487 -0.0017749 -0.000938471 -0.00664689 0.000600732 0.00039934 0.00737236 0.00869169 0.154559 0.00482456 0.00128371 0.00583269 0.00927159 -0.00173124 0.0127987 -0.000869112 -0.00294521 -0.010828 -0.00107284 -0.00415704 -0.0101682 -0.00982624 -0.00726758 -0.00355371 -0.00863369 -0.00441039 -0.00102779 -0.00181212 -0.00488005 -0.000517311 -0.00183229 -0.00563344 -0.00256393 -0.00317128 0.000682712 0.000619293 -0.00141501 -0.00875349 0.00400155 -0.0013001 -0.0118159 0.00620981 0.00572982 -0.000638897 -0.00354371 -0.0117125 0.00573735 -0.00304826 -0.00201009 0.00270793 -0.00416853 -0.00841068 0.000568981 -0.000759476 0.00765726 0.00288322 -0.00485147 0.00515731 -0.00503127 -0.00571632 0.00132532 0.00291888 -0.00229661 -0.00507905 -0.00318728 -0.00179457 0.000290506 -0.00826818 -0.00113411 -0.00343538 -0.00377512 -0.00232183 -0.00195299 -0.00264274 -0.00664679 -0.00237721 
-0.000479636 0.00150094 -0.000445151 -0.00941397 -0.00592878 0.00137357 -0.00759796 -0.00595759 -0.00272236 -0.00434939 0.00257098 -0.000777632 -0.00780482 -0.0145381 0.00375971 -0.0030073 -0.0024103 -0.00404863 0.00909502 -0.00397886 -0.00905257 -0.00111351 0.00289455 -0.00810668 -0.00689344 0.00309633 -0.00374123 -0.00347717 0.00654519 0.00030524 0.00263189 -0.00844247 0.00482456 0.127139 0.00128893 -0.00436755 0.00578565 -0.00428011 0.0130587 -0.00371647 0.00141087 -0.00790705 0.00349721 0.0095642 -0.00463157 -0.0017213 -0.00352483 -0.00447258 -0.00522405 -0.00888533 0.000155363 -0.00645783 0.00267363 -0.0016458 -0.00659418 0.00139326 -0.00609071 0.00331051 0.00123397 -0.00314809 0.00640301 0.00422271 -0.00711913 -0.00763068 0.00145091 0.00307164 0.00644424 0.00180759 -0.00566511 0.000407221 -0.00322922 -0.00202888 0.00589326 -0.00157615 -0.0025625 -0.00202556 0.0166605 -0.00441075 0.00170452 0.000737167 -0.00255872 -0.00331934 0.000397098 -0.00231391 -0.0020956 -0.00613466 0.000529799 -0.00450262 -0.00131072 -0.00498456 0.000619023 0.000131042 0.000942207 -0.0026577 -0.00277465 -0.0036729 0.000398604 -0.000576833 0.00155128 -0.00237562 
