0.102963 -0.00873395 0.00268449 0.00141875 -0.00351623 0.00259972 0.00280301 -0.000820359 -0.000751544 -0.00130898 0.0016803 0.00078043 -0.00370324 -0.00561155 -1.95919e-05 -0.00285195 -0.00498835 0.00480321 0.00515703 -0.00172596 -0.00593927 0.00224749 0.00579324 0.000898723 -0.0105021 0.00379637 -0.00423225 0.00205471 0.00443358 -0.00304782 0.00213629 -0.0110571 0.00850738 0.00429331 -0.00625698 6.80737e-05 -0.0027142 0.00221255 -0.0127784 0.00171932 -0.00698392 -0.0106904 -0.00156804 -0.00609198 0.000835867 0.000681088 0.00350221 -0.00104578 -0.00201185 0.00112494 -0.00301139 0.00251085 -0.000411912 -0.00285701 -0.00222592 -0.0026644 0.00164273 0.00127114 -0.0122444 -0.000457846 -0.00238677 -0.00470146 -0.00354932 -0.00109402 -0.00443224 -0.00195468 -0.00439974 0.00579055 -0.00390718 -0.00230248 -0.00306619 -0.0103769 -0.00247212 -0.00644806 -0.000299513 0.000268241 0.000657331 0.00406609 -0.00751316 0.00306185 0.00648638 0.00315254 -0.00331244 0.00284722 0.000328496 -0.000681047 3.75042e-06 -0.00183334 -0.00127217 0.000159098 0.00226299 0.00113883 -0.000910249 0.00409693 -0.00560216 0.00522351 -0.00109688 -0.00108831 0.00144752 0.00191396 
-0.00873395 0.212356 0.00401654 -0.00212924 -0.00210074 -0.00840384 -0.00866017 0.0075536 -0.00656364 -0.00189957 -0.00654662 -0.00637747 -0.00494125 -0.00647715 -0.00570062 -0.0121226 -0.000864804 -0.0110652 0.00844707 -0.00249859 -0.00661651 0.00965674 -0.00885574 -0.00940672 0.0129929 -0.0144472 -0.009516 0.0142208 -0.0136547 -0.00317751 0.0207498 -0.00707398 -0.00992791 0.00922135 -0.000617036 -0.0136287 -0.00921173 -0.0142399 0.0146925 -0.00883188 0.0304092 0.00254282 0.0165839 -0.000518732 -0.00180003 0.0217113 -0.00241345 -0.00488198 -0.00196778 -0.00442542 -0.00267209 -0.011971 -0.0147508 0.00612492 -0.0147797 -0.00364939 -0.00297179 -0.00393492 0.0172276 0.0140333 0.0106609 0.000865732 -0.00453743 9.26804e-05 0.00447834 0.00185245 -0.00466876 -0.00574407 -0.0083789 -0.00415531 -0.0137207 0.00837713 0.000474271 -0.00831556 -0.00512785 0.000870022 -0.00100614 -0.00668454 -0.00576868 0.00288399 0.00524422 -0.0168664 -0.00845222 -0.00304809 0.00790098 -0.00207669 -0.0140007 -0.00695615 -0.000924314 -0.00682097 -0.00828347 -0.00356023 -0.00387375 -0.00347631 -0.0117261 -0.0187897 -0.0076068 -0.000854114 0.00822528 0.00598539 
0.00268449 0.00401654 0.052631 0.00134271 0.000924933 -0.00112191 0.000640106 0.00134457 -0.00223783 0.000208994 -0.00363482 0.00285658 -0.00556307 -0.00217952 0.00218493 -0.00258518 -0.00154411 0.000902712 -0.000200462 -0.000963013 6.62669e-05 -0.00336133 0.0015236 0.00133781 -0.00141395 -0.00224582 -0.000865883 -0.000573469 0.000873601 -0.00264538 -0.00181596 -0.00650587 0.0013807 -0.00100146 -0.000765549 -0.00182573 -0.00208952 8.01093e-05 -0.00449287 0.000500856 -0.0035927 -0.00662194 -0.00168255 0.00211686 0.000534864 0.00158886 -0.00112278 -0.000580362 -0.00150448 -0.000467974 -0.00109506 -0.000946336 -0.000545582 -0.00283553 0.00491134 0.00043588 0.00103355 0.000733163 0.000502722 0.000982672 -0.00255781 -0.000619724 -0.000897316 0.000343074 -0.00171924 0.000224444 0.002538 0.000676985 0.000346539 0.000700296 -0.00355678 -0.00267106 -0.000455595 -0.00189607 -0.000364691 -0.000781634 -0.000607456 0.000403823 -0.00393427 0.00374278 -0.00298841 -0.00397776 -0.000654165 0.000807865 -0.000284887 0.00133806 -0.00169195 0.00139238 0.000258277 0.000240998 -1.40033e-05 0.000498194 -0.000568564 0.000683349 -0.00204329 -0.00145746 -0.000695982 0.00182355 0.000969143 -0.000262091 
0.00141875 -0.00212924 0.00134271 0.174354 -0.00521174 -0.000491785 -0.00476816 -0.00454222 -0.0011974 -0.000464854 0.0082309 -0.00192279 -0.00275078 0.0040243 -0.00348716 -0.00781907 -0.00661378 0.00395711 -0.00954558 0.0023253 0.00155211 -0.0101266 -0.0165167 -0.00298868 -0.0150069 -0.00274197 -0.00416098 0.0128507 -0.00101542 0.00484048 -0.0141249 0.0128705 -0.0141326 0.00341026 -0.0064491 -0.00142926 -0.00363668 0.00131895 0.0113978 -0.00569749 -0.0222023 -0.0103686 -0.00838479 -0.00624798 -0.00347779 0.00962458 -0.00850412 -0.0121872 -0.00505006 -0.00546135 -0.00520608 0.00760965 -0.000564146 -0.008379 0.000652861 -0.00931042 -0.000385063 0.00094017 0.00107786 0.000502253 0.0131066 -0.00722344 0.00182172 -0.00317821 0.00192921 0.000240106 -0.00221845 0.00168076 0.00131472 -0.00497796 -0.00470998 -0.0126386 -0.000410414 -0.00452078 -0.00212306 -0.00227655 -0.0047828 -0.00155523 0.00765487 0.000211404 0.000315358 0.00788848 0.00533731 0.00703754 0.00534423 -0.000448806 0.0025586 6.78114e-06 -0.00389112 -0.00011089 0.00137085 0.00179063 -0.00247595 0.0120803 0.00573087 -0.00682103 -0.00164914 0.00184358 -0.0111018 -0.0117499 
-0.00351623 -0.00210074 0.000924933 -0.00521174 0.104917 0.00436544 0.000509272 0.00712597 0.00521825 0.0118583 0.00724892 0.000551465 -0.0101442 0.000902571 -0.00077917 -0.00230902 -0.00614598 -0.00107059 -0.010275 0.00491334 0.000203625 -0.00588234 -0.00137962 0.00132575 -0.00323356 0.00415878 -0.00424393 0.00511832 -0.00123122 -0.00308371 -0.00578461 0.00393521 -0.00109464 -0.00293988 0.00064909 -0.00461436 -0.000375431 -0.000183489 -0.000751958 -0.000251197 -0.0080451 -0.00085024 -0.0111016 -0.00269085 0.000121466 -0.0112572 -0.00107653 -0.000294551 -0.00864407 -0.00123257 -0.0011523 -0.00959191 -0.00407648 0.0039415 -4.31933e-05 -0.00325615 -0.0030603 -0.0024551 0.00507273 -0.00313633 0.00276411 0.00738505 0.000193434 0.0020334 0.00794284 -0.00355797 0.00152495 0.00127783 -0.00693871 0.00391018 -0.00325178 -0.00100854 -0.00893459 -0.00306326 -0.000947182 0.00186346 -0.00169638 -0.00319667 0.0147362 -0.00186708 -0.00271041 -0.00575564 -0.000894443 -0.000734871 -0.000840434 -0.000337941 -0.000308465 -0.00138611 -0.000981843 0.00336008 -0.00132372 -0.00329891 0.00190087 -0.0041202 -0.00560813 -0.00343103 -0.00323564 -0.00112333 -0.00182218 -0.00101179 
0.00259972 -0.00840384 -0.00112191 -0.000491785 0.00436544 0.0880569 0.00175514 -0.00262512 0.00854144 0.00291656 0.0057935 0.00176936 0.000220056 -0.00203006 0.00272264 0.00258535 -0.00635142 -0.00440809 -0.00548634 0.00372506 0.00336039 -0.00502619 -0.0049689 -0.000992272 -0.00749251 0.000469546 -0.00240813 -0.013053 0.000693431 -0.00280377 0.00280278 0.00134751 0.00609006 -0.00324655 -0.00253644 -0.00235967 0.00442547 0.000993493 0.0024559 0.000325844 -0.000643726 -0.00524108 0.000657785 -0.00232158 0.000551142 -0.00362982 0.00288822 0.0032793 -0.00366965 -0.00101963 -0.00325654 -0.00314754 -0.000721868 -0.00149079 0.00188728 -0.00443105 -0.000919084 -0.00594519 -0.00926853 -0.00472458 -0.00108273 -0.00385507 -0.00179427 -0.00231777 -0.00138868 -0.0044035 -0.00103038 0.00219726 -0.00283603 0.0014887 -0.00123753 -0.0039048 -0.00684431 0.00087709 -0.00177531 -0.00301837 -0.000809459 -0.00158856 0.00628607 -0.000747201 0.00153512 -0.00286332 -0.000294256 -0.00112223 -0.00090292 -0.000653827 0.00431594 -0.00285582 -0.000680624 -0.000923729 -0.000300304 -0.00155345 0.00291221 -0.00192639 -0.0032122 0.00365194 0.00179856 0.000982041 -0.00203798 0.000873383 
0.00280301 -0.00866017 0.000640106 -0.00476816 0.000509272 0.00175514 0.0936043 0.000745505 0.00257614 0.000243332 0.0101131 0.0018282 -0.0104321 -0.00350017 0.00280863 -0.00428288 -0.00487621 -0.0016213 -0.00107148 -1.9409e-06 -0.00060121 -0.00416284 0.00205635 -0.00114805 -0.00741818 0.00499291 -0.0033934 -0.0112813 0.00123999 -0.00466426 0.00464784 -0.005171 0.00761125 0.000534524 -0.000122394 -0.00311309 -0.00259111 -0.00196973 -0.0120169 1.49363e-05 -0.00352968 -0.00541568 -0.00437478 0.00380336 -0.00232369 -0.0082789 0.0019557 -0.00207934 0.00200218 0.000139457 0.00262304 -0.000148992 -0.00186207 -0.00614752 -0.00245343 0.0064796 -0.000251346 -0.00133903 -0.00512502 -0.00367269 -0.00368987 -0.00403744 0.00211405 -0.00153361 -0.00924866 0.00213375 -0.00179951 -0.000624051 0.0022438 -0.00116499 -0.00385667 -0.00511287 0.00166623 -0.00374719 0.00113795 0.00485984 0.00305312 0.000765123 -4.10763e-05 -0.000145097 0.00239636 0.00442836 -0.00109471 0.00307422 -0.0018217 0.00195703 -0.00354082 0.00456047 0.00107518 0.00160584 -0.00116582 -0.00299471 0.000181667 -0.00301781 -0.00139984 0.00224175 -0.00178968 0.00229095 -0.00278508 0.000967632 
-0.000820359 0.0075536 0.00134457 -0.00454222 0.00712597 -0.00262512 0.000745505 0.130486 -0.000348812 -0.00263937 0.000644713 -0.00216881 0.00297982 -0.00523895 -0.0032017 -0.00358813 -0.0115739 -0.00046505 0.0046998 -0.00247855 0.00339792 -0.0111698 -0.000713231 0.00016639 -0.00876045 0.00957933 0.000577703 -0.00495129 -0.00126811 0.0053277 -5.03967e-05 0.0151566 -0.00127081 0.00521081 0.00094442 0.00139263 -0.0019412 0.000315816 0.00612205 -0.00295743 0.00751346 -0.00148957 -0.0051879 -0.00804945 -0.00422877 0.00165632 -0.00489844 -0.00811368 -0.0101099 -0.00475764 -0.00764946 -0.0107586 -0.00328597 -0.000102027 0.00212643 -0.00682263 0.000167041 -0.00014614 0.00735802 0.00242845 0.0105254 0.00331641 -0.00198031 -0.0009155 -0.00473328 -0.00423133 -0.0036981 -0.00913567 -0.00400535 -0.00144322 -0.00325428 -0.00276236 -0.00176734 -0.00497267 0.00035909 0.0027911 -0.00323423 -0.00219382 -0.00504358 -0.00396226 -0.00711389 -0.00485466 -0.000190733 -0.00583997 0.00028221 0.000807669 -0.00420132 -0.00334064 0.00259011 -0.00525271 -0.00109255 -0.000829236 -0.00297556 -0.00206373 -0.00474578 0.000864103 -0.00322504 0.00022207 -0.00163369 0.00628692 
-0.000751544 -0.00656364 -0.00223783 -0.0011974 0.00521825 0.00854144 0.00257614 -0.000348812 0.11228 -0.000586105 0.010245 -0.00143508 -0.00378084 0.00277903 -0.00845607 0.00413103 -0.000904025 -0.0126887 -0.00754923 0.0131065 -0.00712334 -0.00532752 6.82554e-05 -0.00233045 -0.00768907 -0.00699049 -0.0071434 -0.00891682 0.000519884 0.000125501 -0.0004897 0.00208516 0.00138311 -0.000345122 -0.000706632 -0.00245476 -0.00173503 0.00256285 -0.00406721 -0.00180331 -0.00839198 -0.00276532 -0.00329394 -0.00154806 0.00135014 -0.00786981 0.000351377 0.00147539 0.000317564 -0.00216474 0.00221324 0.00322776 0.00332567 0.000159688 0.000649832 -0.00404037 0.00169532 -0.00285669 0.00315506 -0.00540813 0.00693265 -0.00128584 -0.00452522 0.000856774 0.00185491 -0.00166269 -0.00147599 -0.00124379 -0.00413035 -0.0021406 0.00675598 -0.00663789 -0.00378747 0.00447421 0.00106894 -0.00152238 0.00366139 -0.000323222 0.00439087 -0.0013773 -0.0056312 -0.010981 -0.00808957 -0.001776 0.00312684 -0.000269792 0.00122293 -0.00351883 0.00114007 0.00222833 -0.00203011 -0.00101402 0.00322763 0.000111103 0.000789746 -0.00206754 -0.00593069 -0.00281994 -0.00583043 -0.0033524 
-0.00130898 -0.00189957 0.000208994 -0.000464854 0.0118583 0.00291656 0.000243332 -0.00263937 -0.000586105 0.116474 0.00965313 -0.000529637 -0.000708066 0.00411137 -0.0040698 -0.00294427 -0.0071037 -0.0044993 -0.00548798 -0.00421753 0.00554051 0.00322597 -0.00467781 0.00222486 -0.00167137 -0.00718078 -0.00109354 0.00532606 -0.00273516 -0.00328789 0.00392098 0.00239156 0.00112929 -0.00729373 0.000277393 -0.000825866 -0.000518944 -0.00219248 -0.00892121 -0.00209223 -0.00772033 -0.0127161 -0.0117543 -0.0080679 -0.00316866 -0.00255199 8.52746e-05 -0.00152717 -0.0108661 -0.000333643 0.00128601 -0.00877063 -0.00645402 0.0020742 -0.00360319 -0.000518936 -0.00223861 0.000289141 -0.00011075 -0.00803646 0.0115307 0.00475095 0.00410486 0.00159217 0.00304366 -0.0071733 0.00142642 -0.00462269 -0.000809933 -0.000607202 -0.0025895 -0.0046073 -0.00170818 -0.00471263 -0.00312619 0.00431047 8.32562e-05 -0.00126639 0.00662603 -0.00174818 0.00363763 -0.00106477 0.00147462 0.00173477 -0.00155339 -0.0023824 0.000957118 0.00321292 0.00268179 0.00238277 0.00147404 -0.00218809 -0.00106232 -0.0082915 -0.00469205 0.000956747 0.000955157 -0.00301459 -0.00732806 0.00176429 
0.0016803 -0.00654662 -0.00363482 0.0082309 0.00724892 0.0057935 0.0101131 0.000644713 0.010245 0.00965313 0.168146 0.00606468 -0.00169 -0.0025351 -0.000218303 0.00830358 0.00553148 -0.0049365 -0.0188277 -0.00320363 -0.00268926 -0.0148476 -0.00220269 -0.0110467 -0.00821144 -0.00142452 -0.00955332 -0.0105873 0.000195246 -0.00610939 0.00903455 0.0130162 0.0086718 0.00841649 0.00366764 0.0126903 0.00245473 -0.00297517 -0.00226328 -0.00759689 -0.0230962 -0.0128022 0.0119916 -0.0106435 -0.00113614 -0.0120111 0.00396636 -0.00693809 -0.00850026 -0.00507464 -0.00379639 -0.0096885 -0.0109827 -0.00248429 -0.00720044 -0.00758775 9.9377e-05 -0.00634658 0.0105484 -0.0083434 -0.00025625 0.00122616 -0.000554943 -0.00090713 0.0112902 -0.00677089 -0.00329691 -0.0112267 -0.00655661 -0.00345373 -0.0007774 -0.0109743 -0.00536551 0.00556788 -0.00292218 -0.00523367 -0.00486327 -0.00147149 0.0194329 -0.000326633 -0.00836305 -0.005232 -0.00718191 0.00111175 0.00137104 0.0035888 0.00134537 -0.00324607 0.00397395 0.00123406 -0.00360647 0.000343185 0.00142131 -0.0111258 -0.0055129 0.00132293 -0.00715884 0.00114528 -0.00986189 0.00319624 
0.00078043 -0.00637747 0.00285658 -0.00192279 0.000551465 0.00176936 0.0018282 -0.00216881 -0.00143508 -0.000529637 0.00606468 0.0674312 0.00215614 -0.00247464 0.00287151 -0.00127066 0.00370613 -0.00293659 -0.00161575 -0.00420713 -0.00212692 -0.00506417 -0.0041868 -0.000921077 -0.00531474 -0.00192137 0.000156543 -0.00505209 -0.000386363 -0.00183444 -0.000889106 -0.00574382 0.00521364 -0.000864677 -0.00296082 0.000788353 0.00236739 -0.000632498 -0.00143831 -0.000664366 -0.00323152 0.000434437 -0.00621831 -0.00434549 1.21315e-05 -0.00477754 -3.98134e-06 -0.00330407 -0.00349961 -0.00363158 -0.0023106 -0.00287202 -0.00101115 -0.000932999 0.00370778 4.53137e-05 -0.000726862 0.00161915 -0.00196558 -0.00240836 -0.000349432 -0.00125667 -0.0012537 -8.83102e-05 -0.00152064 0.000947957 0.003122 -0.000926213 -0.00164655 0.00280492 -0.000376769 -0.00322466 -0.000394295 0.0023803 -9.49779e-05 -0.00242951 -0.00209752 -0.000662469 0.00487109 -0.000130079 0.000739122 -0.0019365 0.000970652 0.0011317 -0.000662619 -0.00027482 0.00150958 -0.00154359 0.00101795 0.00179947 -0.00035291 0.00020722 -0.000483012 -0.00139772 -0.00276055 0.00169237 -0.000363539 0.00360184 0.00093358 0.000316606 
-0.00370324 -0.00494125 -0.00556307 -0.00275078 -0.0101442 0.000220056 -0.0104321 0.00297982 -0.00378084 -0.000708066 -0.00169 0.00215614 0.177024 0.00229866 0.00122729 0.00845332 0.00527363 0.00281353 -0.00379742 -0.00629414 -0.0171329 0.0128455 -0.00354301 -0.00296417 -0.00892508 -0.0101416 0.00548332 -0.0014266 -0.00478448 -0.0068934 -0.00119325 0.00317644 0.00109612 -0.00898561 -0.00119932 0.00339513 0.00523124 -0.000899327 0.0155237 -0.00300267 -0.00518653 -0.00238204 0.000434605 -0.0080801 -0.0059975 -0.00409296 0.000311309 -0.00740728 -0.00844092 -0.00596495 -0.00952436 -0.00851187 -0.0123149 -0.00198977 0.0043766 -0.000614729 -0.00342148 -0.00479892 0.00169935 0.000308699 -0.00762376 0.00292469 -0.00105268 6.37459e-06 0.00607174 -0.00956084 0.0112225 -0.00149279 -0.00740214 -0.00359324 0.0122958 0.00801577 -0.00512075 0.00427879 0.0001726 -0.00288457 -0.00561453 -0.000127276 -0.00144046 -0.000161978 -0.00416835 -0.000650454 -0.000595902 0.00284412 0.000658061 -0.000308466 0.000522742 -0.00391532 0.00326022 -0.00855634 -0.00154584 -0.00257414 0.000157956 -0.00361522 -0.00196915 -0.00522192 0.00242697 -0.00915176 -0.000360185 -0.00885366 
-0.00561155 -0.00647715 -0.00217952 0.0040243 0.000902571 -0.00203006 -0.00350017 -0.00523895 0.00277903 0.00411137 -0.0025351 -0.00247464 0.00229866 0.0999675 -0.00630323 -0.00701097 0.00712218 -0.00278663 -0.00130117 -0.000980149 -0.00614866 0.00172861 -0.00573419 -0.00452167 -0.00191296 -0.00431087 0.00050334 0.00225234 0.00333427 0.00336194 -0.0126804 0.00286314 0.00102589 -0.00544113 -0.0015252 -0.000345509 -0.000213878 -0.00286273 0.0111394 -0.00340049 -0.00273521 -0.00803046 -0.0178151 -0.00972151 -0.00384477 -0.00861698 -0.00302545 -0.00540334 -0.00453884 -0.000721582 0.0022428 0.00755695 0.00508872 0.00134409 0.00116051 -0.00276669 0.00243505 -0.00296349 -0.00331854 0.00552923 -0.00396442 0.00350521 -0.000402238 0.00109867 -0.000739633 -0.00764818 -0.00288477 -0.0035669 0.000262994 -0.00119667 -0.00484497 0.00436158 -0.00657956 -0.00361728 0.000523653 0.00504908 0.00241976 0.000140822 0.0080019 0.000322473 -0.00359255 0.000971723 0.00174355 0.000979586 0.00568497 -0.00117118 0.00541553 -0.000264084 -0.00328634 0.00167906 -0.00036313 -0.00211121 -0.00256658 -0.0011522 0.00208969 -0.000613846 0.00109237 -0.000496347 0.000861778 0.00311478 
-1.95919e-05 -0.00570062 0.00218493 -0.00348716 -0.00077917 0.00272264 0.00280863 -0.0032017 -0.00845607 -0.0040698 -0.000218303 0.00287151 0.00122729 -0.00630323 0.122965 0.00672883 0.00125678 0.0061857 0.0114424 0.000821792 -0.00329128 0.00434049 0.00392853 -0.000533451 -0.00994371 -0.00147558 -0.00646222 -0.00891469 0.00426661 -0.000269683 -0.000817358 -0.0111181 0.00425548 -0.00147898 -0.000613348 -0.00544808 -0.00598163 -0.00418883 -0.00266803 -0.000898255 -0.00447646 -0.00843476 0.00549123 -0.00227173 0.00139958 -0.006415 -0.00210637 0.00176519 -0.00325008 -0.00212971 -0.00643813 -0.00355001 -0.0124621 -0.0064379 0.000946166 0.000163948 -0.00193892 -0.000599325 -0.000638731 0.00277019 0.00517818 -0.00439594 -0.00319236 -0.00312693 -0.0100028 0.00473508 0.0046503 0.0166471 -0.0021717 0.00432226 -0.00259804 0.00396212 -0.00503859 -0.00271079 -0.00275635 -0.00634577 -0.00183608 0.000652906 -0.00548693 -0.00469551 -0.00575534 0.00152876 -0.000708384 -0.00285026 -0.000911626 -0.00114001 -0.00410034 0.00332179 0.00225412 -0.00363601 -0.00224672 0.000923852 -0.000584321 -0.00224246 -0.00135024 -0.00244045 0.00262589 0.00316111 0.00190301 -0.00659757 
-0.00285195 -0.0121226 -0.00258518 -0.00781907 -0.00230902 0.00258535 -0.00428288 -0.00358813 0.00413103 -0.00294427 0.00830358 -0.00127066 0.00845332 -0.00701097 0.00672883 0.145282 -0.00558072 -0.00135096 0.000680595 0.00357929 -0.00404558 -0.00556528 0.00184066 0.00154892 -0.0109809 -0.0147962 -0.00504747 -0.0224424 -0.000890753 -0.00314488 0.00840268 0.00285828 -0.00431537 -0.00262902 -0.00202566 -0.00267614 -0.000668493 -0.00092633 -0.00357834 -0.00137932 -0.00383676 0.00253792 0.00233585 0.00879229 -0.00304391 -0.00482523 -0.000706376 0.0111121 -0.00268718 -0.00112272 -0.00208459 -0.00554766 -0.0075178 -0.00977117 0.00434218 0.000845787 -0.00269893 -0.00353175 0.0103753 0.000935151 0.00473865 -0.00695392 0.00346923 0.00379954 -0.00067374 -0.00219315 0.00516065 -0.00510176 -0.00729023 0.00285216 0.00952071 -0.0111077 0.00401094 0.0114505 6.39533e-05 -0.00238133 -0.00179022 -0.00170023 -0.00424918 -0.00301648 -0.00987635 -0.00282436 -0.000713371 -0.00423811 -0.00563035 0.000791558 -0.00590305 -0.00333427 -0.000444573 0.000265669 -0.00138077 -0.000481584 0.00564581 -0.00330082 -0.00293683 -0.00318661 0.00020841 -0.00399051 -0.00043245 -0.00631423 
-0.00498835 -0.000864804 -0.00154411 -0.00661378 -0.00614598 -0.00635142 -0.00487621 -0.0115739 -0.000904025 -0.0071037 0.00553148 0.00370613 0.00527363 0.00712218 0.00125678 -0.00558072 0.164936 0.0018336 0.00700934 0.00149093 -0.0106139 0.0156851 -0.00599376 -0.0049966 -0.000858222 -0.0194258 -0.00530706 0.00579212 -0.00223826 -0.0018347 0.00270392 -0.0135863 -0.008444 -0.00863846 -0.00702812 0.00920321 -0.00540709 -0.00291168 -0.0074108 -0.00317369 -0.000506715 0.00115121 -0.00113875 -0.0102541 -0.00265028 -0.000439796 8.09774e-05 -0.00404108 0.00143627 -0.000193102 -0.00145638 0.0137703 -0.0081374 -0.000254421 -0.00169918 -0.00390262 0.00349497 -0.000516473 0.0191103 0.00427208 -0.00599505 0.00186153 -0.00836889 -0.00128053 0.00269135 0.00643153 0.00559433 -0.0047295 0.00325972 -0.00264739 0.00883986 0.00157505 0.0048569 -0.00234882 -0.00104887 -0.00709445 0.00183205 -0.00404964 -0.00408044 -0.00163155 -0.00329243 -0.00948538 0.00238345 -0.00274964 -0.00216554 -0.000453084 0.00202925 -0.00984655 -0.00652435 -0.00519154 -0.00423514 -0.00381391 -0.00250666 -0.00828607 -0.00441738 -0.00209176 0.00381272 -0.00435255 0.00151012 -0.00924574 
0.00480321 -0.0110652 0.000902712 0.00395711 -0.00107059 -0.00440809 -0.0016213 -0.00046505 -0.0126887 -0.0044993 -0.0049365 -0.00293659 0.00281353 -0.00278663 0.0061857 -0.00135096 0.0018336 0.165812 0.0118189 -0.00690354 0.0157816 0.00460597 0.00603327 0.00628581 -0.0015228 -0.000284964 -0.000486297 0.010846 0.00971588 0.0100756 0.00201485 -0.00539864 -0.00170302 0.00172603 -0.00748702 0.0106037 -0.00309445 0.00346958 -0.0197196 0.00578267 -0.00705326 -0.01184 -0.0109139 -0.000287304 -0.00114534 0.0119427 -0.00899677 -0.00220335 -0.00309105 0.000233073 -0.00337402 -6.60763e-05 -0.0123623 0.000268025 0.000676313 -0.00624641 -0.00108281 -0.00012308 -0.0116885 0.00279202 -0.00801561 -0.0122048 -0.000498043 -0.00510811 -0.00572862 -0.00109738 -0.00960409 0.0110335 -0.00082783 -0.00342337 -0.0024757 -0.0102748 -0.0111617 -0.00355754 0.00116291 -0.0102445 -0.00169935 -0.00193869 -0.00924118 -0.00465045 -0.000930591 0.00594255 0.00520891 -0.00248525 -0.00556858 0.00116678 -0.00501355 -0.00146582 -0.00253636 -0.0081995 -0.0011948 -0.00117735 -0.00720177 0.00301232 -0.00271221 -0.00437285 -0.00226049 -0.00285976 -0.0043888 0.000516628 
0.00515703 0.00844707 -0.000200462 -0.00954558 -0.010275 -0.00548634 -0.00107148 0.0046998 -0.00754923 -0.00548798 -0.0188277 -0.00161575 -0.00379742 -0.00130117 0.0114424 0.000680595 0.00700934 0.0118189 0.164596 -0.0108657 -0.0118008 0.00787987 0.00406012 -0.00399403 0.001811 -0.00735218 0.00476865 0.00628423 0.00188479 -0.00185496 -0.0023685 -0.0129069 -0.00409306 -0.003818 -0.0067144 -0.00144895 -0.00606103 -0.00503414 -0.00940396 0.0062519 0.00532449 -0.00884645 0.00803696 -0.00712964 0.000692725 0.00293812 0.00165969 -0.00207649 0.000434424 -0.00495136 0.00050021 0.00250147 -0.00458423 -0.00454901 -0.00471322 0.00371683 -0.00463931 0.00200209 -0.00402687 0.0045845 -0.000805848 -0.00843572 -0.00723962 -0.00612415 -0.0107259 0.00457678 -0.00756996 0.00581502 0.00223424 -0.00329454 -0.00115383 0.00627823 0.00877348 -0.00656872 0.000641785 -0.00246096 -0.000810049 -3.4838e-05 -0.0172281 -0.00467057 -1.35048e-05 0.0110096 0.000790286 -0.00291241 -0.00095523 0.00241338 -0.00317026 0.0039181 0.00260723 -0.00524189 -0.0047663 -0.00534911 -0.00452193 -0.0106717 -0.00324955 -0.008804 0.0069126 -0.00607428 -0.00217172 -0.00173766 
-0.00172596 -0.00249859 -0.000963013 0.0023253 0.00491334 0.00372506 -1.9409e-06 -0.00247855 0.0131065 -0.00421753 -0.00320363 -0.00420713 -0.00629414 -0.000980149 0.000821792 0.00357929 0.00149093 -0.00690354 -0.0108657 0.168729 -0.00827287 0.00525751 -0.00768712 0.00213689 -0.00433977 0.0107982 -0.00741704 0.0142204 -0.00786751 0.00513686 -0.00876545 0.0110185 0.0122056 -0.00705146 0.00216642 0.00157419 -0.00364907 -0.00564537 0.0164292 -0.00440767 -0.0135011 -0.00276224 -0.00917961 -0.00122063 -0.00868832 -0.00954916 -0.00776282 0.0128407 0.000587517 -0.00641396 -0.00281344 -0.00323751 0.00429312 -0.00965739 -0.00740319 -0.00669709 -0.000633919 -0.00299806 0.00601988 0.00329242 -0.00216347 -0.00694109 -0.00212744 -0.0019743 -0.00873919 -0.00556194 -0.00321005 0.00365104 -0.00927109 -8.63672e-05 -0.00765786 0.00743704 -0.00326549 -0.00188976 -0.000646168 0.000620107 0.00308705 -0.00524216 0.00139832 0.00354166 -2.35778e-05 -0.00258952 -0.00467486 -0.00630762 -0.00311847 -0.00120493 -0.00782886 -0.00903255 -0.00238239 -0.00232261 0.000429133 0.00122008 -0.00552405 0.00320345 -0.0118904 -0.0100887 -0.00285589 0.000885448 0.00221592 -0.00377541 
-0.00593927 -0.00661651 6.62669e-05 0.00155211 0.000203625 0.00336039 -0.00060121 0.00339792 -0.00712334 0.00554051 -0.00268926 -0.00212692 -0.0171329 -0.00614866 -0.00329128 -0.00404558 -0.0106139 0.0157816 -0.0118008 -0.00827287 0.203703 0.0127817 0.0172935 0.00621266 -0.016821 -0.00311467 0.00485378 -0.005714 -0.00474725 -0.00123781 0.0203654 0.003995 -0.0209103 -0.00333597 0.00016067 0.00889521 -0.00507774 0.00353339 -0.0158765 -0.000173975 0.0113556 -0.0120376 -0.00892523 -0.00925681 -0.00216387 0.000833004 -0.00559922 -0.00984068 -0.01027 0.00474434 -0.00937123 -0.0116139 -0.00891167 0.00703022 -0.00461379 -0.00792796 -0.00524588 0.000851074 -0.000980632 0.00206089 -0.0102245 -0.00355198 0.00477802 -0.00199459 0.00223116 -0.00688836 -0.00661417 0.00288303 -0.00430635 -0.00475895 -0.0095771 -0.0208598 -0.0127007 -0.00403082 -0.0019887 0.000338937 0.000834222 -0.00488191 0.00688415 -0.00694502 -0.00827417 -0.00784304 0.00296433 -0.00731554 0.00144196 -0.00399085 0.011676 0.00665544 -0.00388061 -0.00436055 -0.000253433 -0.0041841 7.768e-05 0.00311125 0.00559261 0.0156473 0.002097 0.0034586 -0.00922122 0.00957312 
0.00224749 0.00965674 -0.00336133 -0.0101266 -0.00588234 -0.00502619 -0.00416284 -0.0111698 -0.00532752 0.00322597 -0.0148476 -0.00506417 0.0128455 0.00172861 0.00434049 -0.00556528 0.0156851 0.00460597 0.00787987 0.00525751 0.0127817 0.196359 -0.0022322 -0.00577524 -0.00147528 -0.0114403 0.00724213 0.0209141 -0.0137787 -0.00136461 0.0273744 -0.00980201 -0.00920856 -0.0133871 -0.00386146 -0.00294784 -0.0126294 0.00392864 -0.0152708 -0.00815449 0.0048143 -0.0212067 -0.0177653 -0.0138011 -0.0014491 -0.00209988 -0.00435252 -0.00592402 -0.00170849 -0.00402218 -0.00374956 0.015892 -0.00496572 0.0041265 -0.00880942 -0.00456821 -0.00780549 -0.00846477 -0.00349341 -0.00414402 0.00446603 -0.0103443 -0.00316321 -0.000771365 0.00139806 0.000216874 0.00911117 0.00558235 0.00289728 0.00107962 -0.00281036 0.00467864 0.0050353 -0.00782191 -0.00276482 -0.0037978 -0.00482152 0.00131974 0.00145783 -0.000497302 0.0116949 -0.00566769 -0.00696678 0.00319855 -0.00529243 -0.00432038 -0.00150854 -0.00543426 -0.00651717 -0.00562071 -0.00362712 -0.00145348 -0.00627281 -0.0148357 -0.00361341 -0.00336212 0.00731945 -0.00593598 -0.00646046 0.00351087 
0.00579324 -0.00885574 0.0015236 -0.0165167 -0.00137962 -0.0049689 0.00205635 -0.000713231 6.82554e-05 -0.00467781 -0.00220269 -0.0041868 -0.00354301 -0.00573419 0.00392853 0.00184066 -0.00599376 0.00603327 0.00406012 -0.00768712 0.0172935 -0.0022322 0.159259 0.00641349 -0.00609453 0.0101298 0.0137508 -0.021361 0.00509529 -0.0078211 -0.000117465 -0.0140892 -0.00437828 0.00611023 -0.00541794 -0.00710886 -0.00156842 -0.0019094 -0.0173858 0.00414677 -0.000940941 -0.0121755 0.00078223 -0.0104423 -3.5379e-05 0.000446285 0.00108798 -0.00324244 -0.00699082 0.00290803 0.000959612 -0.00131223 -0.0118823 0.0045129 0.00468746 0.00208307 -0.00242898 -0.00310764 -0.0143342 -0.00330358 -0.00395005 0.00831895 -0.00277374 -0.00273299 -0.0105736 0.00156657 -0.00168948 0.00295509 -0.00230604 -0.000227264 0.00179781 -0.0064166 -0.00670945 0.00116665 0.000377716 0.00165452 -0.00351687 0.00402808 -0.0121228 -0.0012133 -0.0105828 -0.00979736 -0.00201542 -0.00651502 -0.00756932 0.00187157 0.00347291 0.00391681 0.00081046 -0.00385721 -0.000105503 0.00046679 -0.0022886 -0.00270824 0.00433383 0.012275 0.000363685 0.00119586 0.00191853 0.00835108 
0.000898723 -0.00940672 0.00133781 -0.00298868 0.00132575 -0.000992272 -0.00114805 0.00016639 -0.00233045 0.00222486 -0.0110467 -0.000921077 -0.00296417 -0.00452167 -0.000533451 0.00154892 -0.0049966 0.00628581 -0.00399403 0.00213689 0.00621266 -0.00577524 0.00641349 0.102187 -0.0012681 0.00401568 -0.00124792 -0.00379883 -0.000353971 -0.00158177 -0.0119532 -0.00260166 -0.0065168 -0.00484186 0.00186257 0.00247328 -0.00395672 -0.000204053 -0.00168762 0.00973665 -0.00127177 -0.00510027 -0.00373335 0.000659076 -0.00167323 -0.00429732 -0.00276849 0.00667116 -0.00478672 0.00264256 -0.0010723 -0.0100424 -0.00221631 -0.002418 0.00118187 -0.000620246 -0.00143011 0.00473112 -0.00917944 -0.00493411 -0.00806366 -0.00287164 -0.000202316 -0.00101874 -0.00465629 0.000971575 0.00156687 0.00183059 0.00454451 0.00310781 0.00771883 0.000264966 -0.00286831 -0.000753192 0.000864667 -0.00178126 -0.00010352 -0.00115363 -0.0111293 -0.00368135 -0.00101892 0.00630897 0.000939699 -0.00165949 -0.00324483 -0.0018824 -0.00302865 0.00400233 -0.000411799 -0.00493887 -0.000204782 0.000680971 -0.00167016 0.00986639 -0.00104287 0.00176143 -0.00185259 -0.00119771 0.00093475 -0.00246426 
-0.0105021 0.0129929 -0.00141395 -0.0150069 -0.00323356 -0.00749251 -0.00741818 -0.00876045 -0.00768907 -0.00167137 -0.00821144 -0.00531474 -0.00892508 -0.00191296 -0.00994371 -0.0109809 -0.000858222 -0.0015228 0.001811 -0.00433977 -0.016821 -0.00147528 -0.00609453 -0.0012681 0.171058 -0.00384063 0.00319025 0.0120461 0.00430201 -0.0024459 -0.0025566 -0.00290219 -0.00669039 0.00435334 0.00191153 -0.00319076 -0.00189266 0.000310364 -0.0168595 0.00181118 -0.00108698 -0.0052243 -0.00305213 0.00768086 -0.00277937 -0.00839167 0.0016892 -0.000860465 0.0116763 0.00709792 0.00425817 0.00940139 -0.00617665 0.00878211 -0.00559882 0.00137205 -0.00225468 -0.00886728 -0.00587557 -0.00392126 0.0106097 -0.00535289 -0.000461174 0.00156087 0.000364882 0.00263579 0.00279943 -0.00685624 -0.000927305 -0.00223705 -0.00234585 0.00510931 0.00312415 0.0015823 0.000219858 0.00238092 0.00376042 -0.000491765 -0.0180344 -0.00496831 0.00174964 -0.00192501 -0.00239835 2.6533e-05 -0.00383941 -0.00171615 -0.00910154 -0.00698919 0.00179745 0.00135207 0.00199966 -0.00076578 -0.000572767 0.0134076 -0.0091604 -0.00902979 -0.000802795 -0.00194338 0.00191102 0.00310789 
0.00379637 -0.0144472 -0.00224582 -0.00274197 0.00415878 0.000469546 0.00499291 0.00957933 -0.00699049 -0.00718078 -0.00142452 -0.00192137 -0.0101416 -0.00431087 -0.00147558 -0.0147962 -0.0194258 -0.000284964 -0.00735218 0.0107982 -0.00311467 -0.0114403 0.0101298 0.00401568 -0.00384063 0.16489 -0.00241314 -0.00349154 -0.00242104 0.00691514 -0.00650677 -0.000998069 0.000795225 0.00487149 0.0104355 -0.00288928 0.00547075 0.00263256 0.00605471 0.000735789 0.00268796 0.0104461 0.00827858 0.000773363 -0.000550582 -0.0131913 -0.00411168 -0.0020861 -0.0108507 -0.0067535 -0.00636455 -0.0126332 0.00825672 -0.00183837 0.0046653 -0.00124768 -4.16836e-05 -0.00419474 -0.0302626 0.00743554 -0.00201922 0.00455176 -0.00185689 -0.00506678 -0.0112703 -0.00820984 -0.0126876 -0.00698869 0.0040396 0.00295855 -0.00538627 0.00533767 -0.00136803 -0.00546599 -0.00183413 0.00148737 -0.00279354 -0.00116736 0.00126526 -0.00142527 -0.00211075 -5.40579e-05 -0.00896008 -0.00465572 -0.00874319 -0.00102784 -0.000554245 0.00142127 -0.0025533 -0.00611796 0.00171144 -0.000198449 -0.00247242 -7.5633e-05 0.00701214 0.00358697 -0.00395173 0.00571211 0.00124313 0.00138396 
-0.00423225 -0.009516 -0.000865883 -0.00416098 -0.00424393 -0.00240813 -0.0033934 0.000577703 -0.0071434 -0.00109354 -0.00955332 0.000156543 0.00548332 0.00050334 -0.00646222 -0.00504747 -0.00530706 -0.000486297 0.00476865 -0.00741704 0.00485378 0.00724213 0.0137508 -0.00124792 0.00319025 -0.00241314 0.115287 0.00440259 0.00198426 0.00188982 -0.00569967 0.00117114 -0.00618646 -0.00226366 0.000553724 -0.00589871 -0.000444099 0.00183344 -0.00993876 0.00122604 0.00464775 -0.00641029 -0.00991692 -0.00764808 -0.000299252 0.00892729 -0.00455017 -0.00454367 -0.00253224 -0.000466711 0.0012036 0.000167528 -0.0030724 0.000551085 -0.00215413 0.00171917 0.00127025 0.00109019 -0.00476349 -0.00961112 -0.00596694 0.00126982 0.00056621 0.00197163 -0.00425833 0.00212576 0.00500822 -0.000845842 0.00374767 0.000889068 -0.00204408 -0.00116311 -0.00185831 -0.00750957 0.00257458 -0.00190879 -0.00393078 0.000648425 0.000418563 -0.000413828 -0.0032407 -0.00170559 0.00497808 -0.00219184 -0.00615954 -0.00133596 0.00273197 -0.00189388 0.00123345 0.000306646 0.00178848 -0.00278721 -0.00242876 -0.0149505 0.000236009 0.00346136 0.00375783 -0.00587706 0.00327862 0.00441852 
0.00205471 0.0142208 -0.000573469 0.0128507 0.00511832 -0.013053 -0.0112813 -0.00495129 -0.00891682 0.00532606 -0.0105873 -0.00505209 -0.0014266 0.00225234 -0.00891469 -0.0224424 0.00579212 0.010846 0.00628423 0.0142204 -0.005714 0.0209141 -0.021361 -0.00379883 0.0120461 -0.00349154 0.00440259 0.21298 -0.00943069 0.0113303 -0.00953767 0.0118711 -0.000957652 -0.00315398 -0.000936523 0.000554583 -0.00684768 0.000718015 -0.0145079 -0.00374228 -0.0118591 -0.020084 -0.034298 -0.0161994 -0.00369305 0.00455879 -0.00746739 -0.00104301 0.00419382 -0.00437575 -0.00792788 0.0148129 0.0103824 -0.00453402 -0.0115311 -0.00762282 -0.00196854 0.00542976 -0.0130674 0.00149272 0.00168961 -0.00986921 -0.00736105 -0.00122353 -0.00892558 -0.00605007 -0.00674172 0.0157682 -0.0124046 0.00215025 -0.00736722 0.00717449 0.00432465 -0.015119 0.00440124 0.00133956 -0.00112681 -0.0050926 0.0157281 0.00199326 0.0155607 0.00721788 0.00403926 -3.85928e-05 0.00764834 -0.00292359 -0.00350634 -0.00125983 -0.00743057 -0.000980417 -0.00276604 0.00343723 -0.00892354 -0.00884046 -0.00938687 -0.0111231 -0.00992989 -0.00402767 -0.00748923 -0.0108679 
0.00443358 -0.0136547 0.000873601 -0.00101542 -0.00123122 0.000693431 0.00123999 -0.00126811 0.000519884 -0.00273516 0.000195246 -0.000386363 -0.00478448 0.00333427 0.00426661 -0.000890753 -0.00223826 0.00971588 0.00188479 -0.00786751 -0.00474725 -0.0137787 0.00509529 -0.000353971 0.00430201 -0.00242104 0.00198426 -0.00943069 0.0992807 0.0025651 -0.00715467 -0.000162219 0.00587768 0.00722118 -0.00601977 0.000837546 0.00636322 -0.0017822 -0.0152742 0.000170739 -0.00996898 -0.0118682 -0.000318823 -0.00621775 -0.00288491 0.000267677 -0.0014912 0.000237185 0.00117204 0.00226103 0.00274354 -0.000268891 -0.00228082 -0.00710195 0.00929942 -0.00410802 0.00107794 -0.00144134 -0.00972759 -0.00442475 -0.0044682 -0.00144408 -0.00227916 -0.00334722 -0.00654645 -0.0023888 -0.00558629 -0.000785967 0.00142041 0.000605237 0.00426911 -0.00688213 -0.00324005 -0.00170363 0.0011296 0.00106026 -0.00117584 -0.000566133 -0.0103413 -0.00260626 -0.00269151 0.00529718 0.00265953 -0.000680987 0.000795457 0.00337274 0.0024939 0.00489703 0.00181998 0.00130602 0.00096258 0.00110418 0.00202202 -0.00248837 0.00323105 0.00552112 -0.000542078 -0.00162058 -0.00273612 0.00153979 
-0.00304782 -0.00317751 -0.00264538 0.00484048 -0.00308371 -0.00280377 -0.00466426 0.0053277 0.000125501 -0.00328789 -0.00610939 -0.00183444 -0.0068934 0.00336194 -0.000269683 -0.00314488 -0.0018347 0.0100756 -0.00185496 0.00513686 -0.00123781 -0.00136461 -0.0078211 -0.00158177 -0.0024459 0.00691514 0.00188982 0.0113303 0.0025651 0.119014 -0.00601606 0.00140814 -0.00714437 0.000564752 0.00608945 0.000683837 0.00515925 0.00260052 -0.00145947 0.00200994 -0.00596392 0.000620801 -0.00957387 -0.0081226 1.33658e-05 -0.00191685 -0.00287778 0.00598269 -0.00101904 -0.00445121 -0.00204104 -0.00348291 0.00557665 -0.00239117 0.00144338 -0.00351575 0.000620023 0.00157203 -0.012258 -0.00241981 -0.00690981 -0.00209215 -0.00405241 -0.00310893 -0.00776148 0.00131134 -0.00557296 -0.00223822 -0.0045729 -0.00385207 -0.00187676 -0.0011028 -0.00390822 -0.00811599 0.00581507 0.0102572 -0.000328131 3.62047e-05 0.00234219 -0.0016364 0.000835901 -0.00174063 0.00639666 -0.000156178 -0.00290122 -0.00212173 -0.000136234 -0.00207338 -0.00306902 -0.00355153 0.000563062 -0.000405725 -0.00688738 -0.00458863 0.00323923 -0.0104942 -0.00484211 0.00444888 -0.000368971 -0.00594959 
0.00213629 0.0207498 -0.00181596 -0.0141249 -0.00578461 0.00280278 0.00464784 -5.03967e-05 -0.0004897 0.00392098 0.00903455 -0.000889106 -0.00119325 -0.0126804 -0.000817358 0.00840268 0.00270392 0.00201485 -0.0023685 -0.00876545 0.0203654 0.0273744 -0.000117465 -0.0119532 -0.0025566 -0.00650677 -0.00569967 -0.00953767 -0.00715467 -0.00601606 0.210708 0.00681745 -0.00250746 0.000736844 -0.00218907 0.0141328 -0.0121822 -0.00202456 -0.0112337 -0.00411426 0.0148201 -0.00721433 0.0150614 -0.00286168 0.000437801 0.000705564 -0.000907093 -0.00754375 -0.00459449 -0.000890164 -0.00792444 -0.0160837 -0.0145308 -0.000675242 -0.00766335 -0.00793752 -0.00594106 -0.00437497 0.00554636 -0.00079297 0.00167472 -0.00864989 -0.00943315 -0.0015487 0.0114001 -0.00887491 -0.00822214 -0.00893403 0.00122491 -0.00895063 -0.0080355 -0.0268792 0.0106271 -0.00727015 -0.00656004 -0.00269684 0.00252258 -0.00307443 0.00320812 -0.00337695 0.0122481 -0.015828 -0.0143707 -0.00931365 -0.00875359 -0.00342938 -0.00955723 -0.00296307 -0.00090977 -0.00599168 -0.00658045 -0.00336258 0.00440473 -0.000131253 -0.00569612 0.00333437 -0.000724003 -0.00460812 0.00245274 0.00121746 
-0.0110571 -0.00707398 -0.00650587 0.0128705 0.00393521 0.00134751 -0.005171 0.0151566 0.00208516 0.00239156 0.0130162 -0.00574382 0.00317644 0.00286314 -0.0111181 0.00285828 -0.0135863 -0.00539864 -0.0129069 0.0110185 0.003995 -0.00980201 -0.0140892 -0.00260166 -0.00290219 -0.000998069 0.00117114 0.0118711 -0.000162219 0.00140814 0.00681745 0.193634 0.0120221 0.00659632 -0.00210053 0.0123675 -0.000463355 -0.00409588 0.019061 -0.00527548 -0.0203633 -0.0199867 -0.0115478 -0.00826331 -0.00893343 0.00566152 -0.00743683 0.00482863 -0.00463673 -0.00968223 -0.00572149 0.0011476 -0.00310988 -0.0105206 -0.00606539 -0.00999636 -0.0088031 -0.00335869 -0.00581234 -0.0111859 0.00420409 -0.00222085 -0.00505407 -0.00105185 0.00782176 -0.00194371 -0.00277644 -0.00894444 -0.0103414 -0.00132451 -0.000926287 0.0028972 -0.00474208 -0.00130404 -0.0010636 -0.00526613 -0.00415188 -0.00104765 0.024016 0.00324717 -0.00937156 -0.0034571 0.00481027 0.000654089 -0.00135579 0.00501342 -0.00331101 -0.0105107 -0.00164423 -0.0009379 -0.00551483 -0.000575297 0.000306458 -0.00280638 -0.00851055 -0.00545688 -0.00762539 0.00121981 -0.00798081 -0.00779664 
0.00850738 -0.00992791 0.0013807 -0.0141326 -0.00109464 0.00609006 0.00761125 -0.00127081 0.00138311 0.00112929 0.0086718 0.00521364 0.00109612 0.00102589 0.00425548 -0.00431537 -0.008444 -0.00170302 -0.00409306 0.0122056 -0.0209103 -0.00920856 -0.00437828 -0.0065168 -0.00669039 0.000795225 -0.00618646 -0.000957652 0.00587768 -0.00714437 -0.00250746 0.0120221 0.147995 0.000700842 -0.000217252 0.00519786 0.0105105 0.00678092 0.0022217 -0.00348634 -0.00879279 -0.00736144 0.00118388 -0.00725721 -0.00492872 -0.000585375 -0.0032713 0.00214385 -0.00177729 -0.00414231 -0.00128983 -0.00757218 0.00518473 -0.00902733 -0.00432709 -0.00355912 -0.00358707 -0.000785749 -0.0169941 0.00238539 0.000714346 -0.000984921 -0.00371253 -0.00154364 -0.0092787 -0.0116635 -0.00159241 -0.00100969 -0.00823888 -5.12519e-06 -0.00949802 0.00378227 -0.00943178 0.00347832 -9.46647e-05 -0.00402678 0.00122912 0.00223395 0.00422808 0.00283262 0.00134045 -0.00350177 0.00035435 -0.00258256 0.00108853 0.00247847 -0.00325552 -0.00842363 0.00385056 0.000519016 0.00200938 -0.00171212 -0.00188394 0.000672294 -0.00824866 -0.0021065 -0.00179493 -0.00098724 -0.000103806 0.00174418 
0.00429331 0.00922135 -0.00100146 0.00341026 -0.00293988 -0.00324655 0.000534524 0.00521081 -0.000345122 -0.00729373 0.00841649 -0.000864677 -0.00898561 -0.00544113 -0.00147898 -0.00262902 -0.00863846 0.00172603 -0.003818 -0.00705146 -0.00333597 -0.0133871 0.00611023 -0.00484186 0.00435334 0.00487149 -0.00226366 -0.00315398 0.00722118 0.000564752 0.000736844 0.00659632 0.000700842 0.117092 -0.00282956 0.00197711 0.0105351 0.000209837 -0.00249792 -0.00493852 -0.00347469 -0.00857596 0.00364501 -0.00204056 -0.00203906 0.00744844 -0.00602673 -0.00104055 -0.00372012 -0.00242995 0.00221066 0.00125271 -0.00548645 -0.000612903 0.000275404 -0.00605493 -0.00241238 -0.00613859 -0.00384294 -0.00859616 -0.00378659 0.000811766 -0.00506147 -0.00302918 -0.00154893 0.00058494 -0.00661007 0.000548087 0.00119113 -0.000947077 -0.000591831 -0.00435275 -0.000449946 -0.00280815 -0.00229743 -0.000662094 -0.000507386 0.000258904 -0.0106482 0.00212067 0.0049716 -0.0058507 -0.000845899 7.10675e-05 -0.00178575 0.00149832 -0.0012903 -0.0050563 0.00344618 0.00675542 -0.00058336 0.00314273 0.000696126 -0.000632079 -0.0048151 -0.00565441 -0.00534578 -0.00090412 -0.00586744 0.00069612 
