0.0733291 -0.00213731 0.00398287 0.0110486 0.00649277 0.000548518 0.000588618 -0.000360765 -0.00348361 -0.00242969 -0.0044584 -0.000723589 -0.00284726 -0.000303132 -0.0025666 0.00223412 -0.00127089 0.000215671 -0.00426281 -0.00418324 0.00391309 -0.000821821 5.00269e-05 -0.000418493 -0.000238407 -0.00264818 -0.00644411 -0.0019256 -0.00279266 -0.00327675 -0.00602966 -0.00423731 -0.000655424 0.00208318 -0.000229499 -0.00207406 -0.00429693 0.00243539 0.000774692 -0.00214162 -0.0133098 0.000901135 -0.00217022 0.00200792 -0.000762398 0.00231214 -0.00143493 0.000633844 -0.00263508 -0.0051687 -0.00401348 0.0013398 0.00286625 -5.01327e-05 0.00165162 -0.00376563 -0.00840128 -0.000596955 0.00119968 0.00312291 0.00105447 -0.00265887 0.00330959 0.000525286 0.00123444 -0.00104016 0.00481806 0.0053984 0.00204552 -0.00383145 0.00146676 -0.00274181 -0.000857174 0.00058952 -0.00471189 -0.00214342 0.00275304 -0.00179352 0.00146306 0.00117276 -0.00683194 0.000516381 -0.0013333 0.000479719 -0.000260054 0.00066594 -0.00269345 0.000926967 -0.00368313 0.000283707 0.000589551 0.00189231 -0.00183329 -0.00524741 0.000737394 -0.00325356 -0.00128407 0.00111461 0.00253833 -0.00354283 
-0.00213731 0.124518 0.000220214 0.0029226 -0.000764121 0.00218891 -0.0013668 -0.00264001 -0.00408602 -0.00160098 0.000490175 -0.00298652 0.00143398 -0.00152673 0.00670571 -0.00399502 -0.0046074 -0.000702117 -0.00558114 0.00195073 -0.00194648 -0.00843168 -5.64801e-05 0.00556018 -0.00468444 -0.00178677 0.010765 0.00463517 -0.00504677 0.00252794 -0.00176637 -0.000700521 -0.00111916 -0.000236796 -0.00606943 -0.000991245 -0.00806324 -0.00368836 -0.00901492 -0.00635559 0.00284766 -0.00180391 -0.00151894 -0.00334763 -0.000829828 -0.00285454 0.00128073 0.00319019 -0.00187703 0.00174359 0.00200386 -0.00243181 -0.00280988 -0.00207669 0.00173337 -0.00294359 -0.00190491 -0.0055944 -0.00423616 -0.000846567 -0.00391577 -0.00240043 -0.00586951 -0.00868592 -0.00174059 0.00720699 -0.00229371 -0.00759375 -0.00436835 -0.00197579 0.0019183 0.0124272 0.00218919 0.000216442 0.00714252 -0.00447332 -0.00387362 -0.00703099 0.00127112 0.00615696 0.00458948 -0.00202765 -0.0109365 0.00492733 -0.00143146 -0.00887762 -0.00166047 -0.00634273 -0.00406985 -0.00134161 -0.000762979 0.00231204 -0.00326461 -0.00194144 0.00490873 -0.00762768 -0.00787665 -0.000803514 0.00214037 0.00609039 
0.00398287 0.000220214 0.062104 0.00141957 -0.000643398 0.000508301 0.00196177 0.000749025 -0.00177907 -0.00270975 -0.00122013 -0.00133357 -0.00418249 0.000149652 0.00208427 -0.00323819 -0.00154015 -0.0012823 -0.000311127 -0.00330431 0.00341586 -8.91219e-06 -0.000509528 0.0021316 0.000767244 -0.000500228 -0.00658417 -0.00307081 -0.00320681 -0.00463066 -0.00162433 -0.00318749 9.14149e-05 0.00214893 0.00168592 -0.00334886 0.00169419 0.00214848 0.00211965 -0.00159161 -0.000149995 -0.00128867 -0.000464862 0.00109523 0.00250053 -0.00214453 -0.00501697 -0.000201489 -9.41561e-05 -0.00265517 -0.00081338 -0.000220492 0.000765935 -0.00184049 -0.00061709 -0.00252269 -0.00669931 -0.000991652 -0.00131635 -0.00489434 0.000769709 0.00335047 0.000335782 -0.00208272 -0.00267381 -0.00242172 0.00553864 -0.00382185 -0.0005774 -0.00182173 0.0024611 -0.00570147 -0.00248237 -0.0025331 -0.00122884 -0.00039601 0.00509525 0.000887812 0.0011308 0.00507744 -0.000940473 0.00131112 -0.00070606 0.00157835 0.000716467 -0.00339271 -0.00215046 -0.000684297 0.000333297 -7.75587e-05 -0.00326372 -0.0010195 -0.00359658 -0.00116067 0.00396378 0.00153572 -0.00120771 0.000280995 -0.000497607 -0.0019335 
0.0110486 0.0029226 0.00141957 0.132255 -0.000745587 0.00635776 0.00521685 -0.00149518 -0.000501347 0.00175509 0.000767447 -0.00461537 -0.00593602 0.0044779 0.00700939 0.000152802 -0.0164408 -0.00230092 -0.00557771 0.00126393 0.00611483 0.00137076 0.00100312 -0.00813632 -4.84229e-05 -0.00584395 -0.00646094 -0.00255259 -0.00919959 0.00343276 -0.00935497 -0.00455568 0.0028511 0.00275499 -0.000171798 -0.00701826 -0.00480182 -0.0112513 -0.00121363 0.00236113 -0.0165921 -0.000620435 0.00422097 0.00404401 0.000798827 0.00622 0.00289428 -0.00296992 -0.00454406 -0.00293002 -0.00819344 -0.00306235 0.000915368 0.00523127 -0.00472914 -0.0080452 -0.00773159 0.00380703 -0.000245188 -0.0059123 -0.00755888 -0.0046566 0.000832727 -0.0114817 0.000824089 -0.00163991 0.00131544 0.0144951 0.00531875 0.00344824 0.00841876 0.00234373 0.00513045 0.00165448 -0.0045445 -0.00255346 -0.0111118 0.0040099 -0.00091479 -0.0071509 -0.0184699 0.000495086 -0.00821916 0.000833156 0.00395354 0.000487523 -0.00140081 -0.000184624 -0.00334236 -0.00239976 -0.00549932 0.00046519 -0.00492051 -0.00262161 -0.00168369 -0.00362445 -0.00763575 0.00387548 -0.00247538 0.00731904 
0.00649277 -0.000764121 -0.000643398 -0.000745587 0.082742 0.00149452 3.00103e-05 0.0017106 0.000509125 -0.00196318 -0.00254753 0.00174905 0.00114939 0.00188115 -0.00967031 -0.00303554 0.000495152 -0.00642521 5.48794e-05 0.000126221 0.00159551 0.00178073 -0.000761411 0.000647678 0.000720746 0.00126368 -0.00345104 0.000914538 0.0060392 0.00593724 0.0022251 0.00280628 0.00670253 0.00375545 0.00555097 0.00427222 -0.00204794 0.00069996 -0.000159591 -0.00329237 -0.0083956 -0.00420734 -0.00301497 -0.0039113 -0.000275901 -0.00301886 -0.0030638 -0.00256924 0.00156228 -0.00211265 -0.00532461 0.000133806 0.00237114 0.0032872 0.000577735 0.000841579 0.000550419 -0.00162594 0.0004611 0.00705157 -0.0026314 0.000218405 0.00102338 -0.0047082 -0.0010233 0.00240524 -0.00176532 0.00147263 -0.0037686 -0.00184246 -0.0035489 -0.00561292 -0.00155033 -0.00741191 0.00526328 -0.00458697 0.00217392 -0.00431981 -0.00243494 -0.00104546 -0.00453626 0.00038406 9.09717e-05 -0.00518002 -0.000501474 -0.00449642 0.000318607 -0.00127404 -0.00255811 -0.00073182 -0.00272495 -0.00358626 -0.000864321 -0.00794083 -0.00431961 -0.00386797 -0.00468969 -0.00283651 -0.00220704 -0.00194077 
0.000548518 0.00218891 0.000508301 0.00635776 0.00149452 0.0736284 -0.00032403 -0.0049579 -0.00199272 0.00170582 0.00109746 -0.00674821 -0.0031308 -0.00231928 0.0018217 -0.00320258 -0.00337093 -0.00293231 -0.00282595 0.00185915 -0.000855142 0.000464356 -0.000704434 -0.00271061 -0.00110502 -0.00121546 -0.00362289 0.00125515 -2.74754e-05 0.00276532 -0.00255646 -0.00218287 -0.00211328 -0.00102992 -0.00148371 0.000100176 -0.00953564 -0.00540654 0.00170744 -0.00138276 -0.000166183 -0.00116035 -0.00149627 0.00101643 -0.000707743 -0.00264981 0.00375158 -0.000154558 -0.00281307 -0.000397503 0.00278581 0.00267553 -0.00212952 -0.00115918 0.000381259 -0.00279109 -0.00528974 0.00235957 0.000635147 -0.00464152 -0.00218506 -0.00262309 0.00102954 -0.00301056 0.000147902 -0.00128772 0.00148703 0.000591707 0.000292602 0.00364479 0.00135461 -0.000607884 0.00147836 -0.00172964 0.00309637 -0.00187921 -0.00333581 5.55812e-05 -0.00161923 0.00258966 0.0045131 -4.69379e-06 -0.0037802 0.00268728 0.00182655 0.00151245 -0.00333349 -0.000877526 -0.000196246 -0.00133945 0.00236396 0.000722485 -0.000799426 -0.00321677 -3.29195e-05 -0.00188976 -0.00505863 -0.00163339 -0.00438721 -0.00238097 
0.000588618 -0.0013668 0.00196177 0.00521685 3.00103e-05 -0.00032403 0.109211 0.0021905 0.00487793 0.00376496 -0.00248947 0.00697574 -0.000804765 0.00460397 0.00183677 0.00862245 -0.00120857 0.00531145 -0.00109069 -0.00603581 0.000696453 -0.00144206 5.68461e-05 0.00191618 0.0010108 0.000701011 -0.00571352 -0.00362561 -2.32789e-05 -0.010847 0.00462834 0.000374229 -0.00129838 -0.00140032 0.00667474 -0.00267414 -0.00187531 0.000746208 -0.00610533 -0.00225783 -0.000591827 -0.00345448 -0.00232403 -0.00187492 0.000227587 -0.00332299 0.00115884 -0.00068812 -0.00446184 -0.00071952 -0.00687896 -0.00141511 -0.00432061 -0.00433837 -0.00404457 -0.00368578 -0.0021315 -0.00053918 -0.00284305 -0.00689667 -0.00637211 -0.0033409 -0.00197817 -0.00812296 -0.000536235 -0.00635123 0.00966807 0.00217235 -0.00564237 -0.0049773 0.0020338 -0.00453513 0.00103438 -0.00330136 -0.00277092 -0.00462592 0.011675 -0.00657533 0.000475695 0.0030047 -0.00955827 0.000458135 -0.0061874 -0.00874449 0.00190921 -0.00195173 0.0069313 0.00380366 -0.00526899 -0.000984502 -0.00703952 -0.00214353 0.00400922 0.00875175 -0.00324048 0.00468792 -0.00435403 -0.000580988 -0.00423707 -0.0154629 
-0.000360765 -0.00264001 0.000749025 -0.00149518 0.0017106 -0.0049579 0.0021905 0.0901817 0.00454485 -0.00848762 0.00201821 0.00618003 -0.00157081 0.0066266 -0.00751381 -0.00089337 -0.00440581 0.00224088 0.0058647 0.00687813 -0.000598301 -0.00770018 -0.00142293 -0.000282793 0.00141153 0.0020646 0.000888676 0.00138985 -0.0064926 -0.00558767 -0.00377174 -0.000795598 0.000231736 0.00403471 -0.000575125 0.0035455 0.0076986 0.000293609 0.00283511 -0.00367291 -0.00123469 -0.000577456 -0.000598458 0.002201 -0.00115121 -0.00506375 -0.0113677 -0.00101402 -0.00222262 -0.00273112 -0.00606926 -0.000222195 -0.00062823 -0.00362697 0.000189118 -0.00328136 -0.00220078 -0.00293702 -0.00287377 0.00377988 0.00486544 0.000664871 -0.00198113 -0.00454775 0.00141421 -0.00211041 -0.000233659 -0.00108465 0.00335046 -0.00253827 -0.000971205 -0.00440197 -0.00263675 -0.00299807 -0.00691115 0.00290504 0.00380686 -0.00545091 -0.00167766 0.00133239 -0.00444797 -7.19282e-05 0.001838 -0.00115712 0.00038607 -0.0095646 0.00169594 -0.00523898 -0.00212523 0.000957378 -0.000144512 -0.00403224 -0.00485445 1.98578e-05 0.00288498 0.00013524 -0.000359407 0.00303935 -0.00217938 -0.00630004 
-0.00348361 -0.00408602 -0.00177907 -0.000501347 0.000509125 -0.00199272 0.00487793 0.00454485 0.0997786 -0.0056684 0.00253876 0.0110577 -0.000636434 0.000615342 -0.00927625 -0.00592509 -0.00852857 -0.000525525 -0.00550589 0.00930609 0.00303438 -0.00331279 -0.00145686 -0.00214579 0.00169227 0.00205317 -0.0028999 -0.00541156 -0.00551887 -0.00692294 -0.00448765 -0.000520279 -0.00611586 -0.00417971 -8.66338e-05 -0.000696112 0.000707205 -9.14782e-05 -0.000310139 0.000163338 0.00361142 -0.00301223 -0.00340495 0.000787921 -0.000130025 0.00240094 0.000345532 -0.00402975 0.00357791 -0.0020016 -0.00516893 0.00568821 -0.00164609 0.00184731 -0.00339205 -0.00112657 0.0105598 0.00191453 -0.00191273 -0.0043191 0.00381144 0.0039956 -0.00185528 -0.00308176 -2.15792e-05 -0.00546023 -0.00185667 -0.00291892 0.00277042 -0.00130082 -0.000691321 -0.00136705 0.00190787 0.000183988 -0.000990873 -0.00162332 -0.00501834 -0.00777226 0.00156356 -3.34903e-05 -0.00187479 -0.00176896 -0.00317267 -0.00681079 -0.000285644 0.000593935 0.00484523 -0.000343798 0.00424189 -0.000633521 0.000751337 -0.010386 -0.0029115 0.00791075 -0.0045614 -0.00348315 0.00344348 -0.000697128 -0.0026175 -0.0118837 
-0.00242969 -0.00160098 -0.00270975 0.00175509 -0.00196318 0.00170582 0.00376496 -0.00848762 -0.0056684 0.168898 -0.00062489 0.00782573 0.0152685 0.000955541 0.00550401 0.00343617 0.0108061 -0.00127319 0.00231217 -0.0178206 -0.00701451 0.011378 0.00543321 -0.0100293 -0.00528728 -0.00371463 -0.00610732 -0.00469416 -0.00303873 0.00799361 0.00184778 -0.0059197 -0.0108338 0.0034439 0.00891147 -0.00293154 -0.012627 -0.00479125 -0.00623854 -0.00585948 -0.0178379 -0.00743282 0.000278508 -0.00374373 -0.00226484 0.00488834 0.0123118 -0.00256785 0.00638757 -0.000256492 0.00421629 0.00231618 0.00187975 -0.00514431 -0.00240048 -0.000482775 -0.00315497 -0.00110318 -0.00104721 -0.00395775 -0.00609655 -0.00481451 -0.00153091 -0.00375133 -0.00376182 -0.0101553 -0.00327402 -0.0152856 0.00417565 -0.00194107 -0.0143247 -0.00504679 -0.00438912 -0.00629797 0.00996883 -0.00707788 0.0059737 0.00770822 0.00396123 -0.00742094 -0.00232206 -0.00361668 -0.014413 0.00851356 -0.00142638 0.00902009 -0.00668131 0.00458782 0.00177188 -0.00285204 -0.00850335 0.00682602 -0.0049201 -0.00564338 -0.00752409 -0.00658848 -0.0118194 -0.00302794 0.00220859 -0.000667919 
-0.0044584 0.000490175 -0.00122013 0.000767447 -0.00254753 0.00109746 -0.00248947 0.00201821 0.00253876 -0.00062489 0.0922268 -0.00797729 0.00784304 0.000612144 -0.0032104 -0.00208636 -0.000173367 -0.00206902 0.00130036 -0.00104007 0.0028899 -0.00501455 0.000276342 -0.00145807 0.00150384 0.00163732 0.00670446 0.00570965 -0.00114133 0.00403384 -0.00403103 -0.00319885 0.000119299 0.00245362 -0.00162779 -0.00835582 0.00431986 -0.00194411 -0.000240347 0.00666373 -0.0048336 0.00170211 0.00160083 -0.000998888 -0.00162899 0.00197675 -0.00411613 -0.000839071 0.0067786 0.00283295 -0.00419034 -0.000592853 -0.00270333 0.000890066 -0.00189048 -0.000631209 -0.00130054 0.00145957 -0.000947225 -0.00674646 -0.00223468 -0.00390558 -0.00147924 0.000175517 -0.00217713 -0.000788834 -0.00741119 -0.00484172 -0.00354633 0.00384321 -0.00363084 0.00321329 0.00272673 -0.00282873 -0.00564238 0.00144101 -0.00300998 -0.000769058 -0.00597156 -0.0063851 0.00194372 -0.000711221 -0.00840345 -0.0024202 -0.00102242 -0.00220201 -0.00242399 -0.00359387 0.00282679 -0.00143109 0.00530325 0.000958398 -0.000539531 -0.00351158 -0.00527346 -0.00212923 -0.0037981 0.00285743 -0.0034959 -0.00583015 
-0.000723589 -0.00298652 -0.00133357 -0.00461537 0.00174905 -0.00674821 0.00697574 0.00618003 0.0110577 0.00782573 -0.00797729 0.188663 0.0120197 0.00632115 -0.00371545 -0.0085515 -0.00374422 -0.000923906 0.00246261 -0.00734976 -5.262e-05 -0.00500638 -0.00437645 -0.00619208 -0.00131299 -0.00323448 -0.0121892 -0.00134316 0.00226483 -0.0054088 -0.00132506 0.00824458 -0.00410157 -0.00198381 0.0121246 0.00428101 -0.00689676 0.000293916 -0.00134098 -0.0155346 -0.0228903 -0.00494508 -0.00378174 -0.00377063 -0.00268429 -0.000443494 -0.00859928 -0.0052362 -0.00615184 -0.0117745 0.00435877 0.00176378 -0.00259423 -0.0113204 0.000605082 -0.00285748 -0.00809617 -0.00295909 -0.00668199 0.000994661 -0.00539324 0.00204141 -0.00024636 -0.00110877 -0.00361411 -0.0180506 -0.00410495 0.00111922 -0.00388204 -0.0076724 0.0107527 -0.00683397 -0.00182424 0.00730824 0.00836766 -0.00811739 0.0103293 -0.00778965 0.00752371 0.010042 0.00544011 0.00382568 0.00302018 -0.00102184 -0.000834566 -0.000996466 0.000752288 0.000121031 0.00107155 0.00525964 -0.0106707 -0.00592369 -0.0120789 0.00406466 0.000923914 -0.00571871 -0.00549617 -0.00421946 -0.000781236 -0.0200147 
-0.00284726 0.00143398 -0.00418249 -0.00593602 0.00114939 -0.0031308 -0.000804765 -0.00157081 -0.000636434 0.0152685 0.00784304 0.0120197 0.173642 -0.00109926 -0.0121111 0.0003558 0.0177318 -0.00291824 -0.00206901 -0.0057459 -0.00487824 0.00131839 -0.00196772 0.0155554 -0.00210319 -0.00504231 -0.00489462 0.0171703 0.0252549 0.0152706 -0.00623918 0.0101044 -0.00130302 0.00856043 -0.00836454 -0.0211833 -0.00435296 -0.00799863 -0.00407492 -0.0184459 -0.0254736 -0.00345325 -0.00550291 -0.0015716 0.000775388 -0.00613233 0.00144557 -0.00264521 -0.00485839 0.00404315 0.000701846 -0.00066393 0.000579394 -0.00779931 0.000915083 -0.00815711 -0.00376375 0.00236392 0.002486 -0.0033163 0.00169326 -0.00496888 -0.00348145 0.0050371 -0.00260773 -0.00639781 -0.00112277 0.0173162 -0.00390035 -0.00776002 0.00187968 -0.000112806 -0.00824963 -0.0142567 -0.00417887 -0.00509335 -0.000770783 -0.00869457 -0.00602922 -0.00441596 0.0112418 -0.00231056 -0.0108253 0.00387861 -0.000775617 0.00853082 -0.00450584 0.000947072 -0.00198588 0.000387124 -0.00730167 -0.000932763 -0.0120668 -0.0118184 -0.00637981 -0.0151112 -0.0188915 -0.003992 0.00656975 -0.00729351 
-0.000303132 -0.00152673 0.000149652 0.0044779 0.00188115 -0.00231928 0.00460397 0.0066266 0.000615342 0.000955541 0.000612144 0.00632115 -0.00109926 0.0883855 0.00169472 0.00186376 -0.00380969 -0.00138261 0.00220274 0.0019698 -0.00111516 -0.0100798 -0.000135852 -0.00295831 0.000392923 0.00117077 -0.00431045 -0.00249633 -0.00341704 -0.00240227 0.00303831 0.000390774 0.0017872 0.00227417 7.32024e-05 0.00500655 -0.000303563 0.00314076 -0.00592241 -0.00354606 -0.00302107 0.000521174 0.000215825 -0.000286629 0.000560816 -0.00740683 -0.00710709 -0.000515917 0.00054501 -0.00236657 -0.00558073 -0.00281753 -0.00284798 -0.00102218 0.00120576 -0.00263908 -0.00409991 -0.00170892 -0.00273993 -0.00669561 -0.000791316 1.6187e-05 -0.00172629 -0.00591709 0.00234049 -0.00162314 -0.00475428 -0.00106744 0.00458678 -0.00468382 0.00354192 -0.00393565 -0.00347604 -0.000759387 -0.00155951 -0.000191608 0.00213042 -0.00692453 -0.00143809 0.0045194 -0.00298441 -0.00203751 -0.0030469 -0.00390731 0.000980468 -0.00625725 0.00117991 -0.000121102 -0.00317955 0.00500636 -0.00256952 -0.00532286 -0.00535282 0.00378194 -0.00144923 0.00191752 -0.00127317 -0.00106858 0.00201446 0.000703234 
-0.0025666 0.00670571 0.00208427 0.00700939 -0.00967031 0.0018217 0.00183677 -0.00751381 -0.00927625 0.00550401 -0.0032104 -0.00371545 -0.0121111 0.00169472 0.159586 0.00151615 -0.00403903 0.00396359 0.00245618 0.00159481 -0.00419618 0.00162081 0.00129691 -0.00618432 -0.00284976 -0.00536778 -0.00153866 -0.004098 -0.01802 0.00520508 -0.000264196 -0.008818 0.00385822 -0.000966285 0.00510784 -0.00251252 -0.0115086 -0.00603679 -0.011228 -0.00944859 -0.0112753 0.00286413 -0.000575056 -0.0087624 -0.00184111 -0.0052602 -0.00999541 0.00860869 -0.00887498 -0.0045144 -0.00193252 -0.00229888 0.00163425 -0.00375273 0.00411383 0.000419342 -0.0118333 0.000117005 -0.00209124 -0.0153472 -0.00883779 0.00141463 -0.00588455 -0.00584379 -0.00385361 0.0124682 0.00162138 -0.00591995 -0.00515433 -0.00447084 0.00102524 0.00584804 0.00178324 0.00711567 0.00540454 -0.00374393 -0.00373113 0.00844993 0.0184287 -0.000105456 0.00470329 0.00301086 -0.00910455 0.00117115 0.00970825 0.00666474 -0.00256745 -0.00805867 -0.00520619 0.000117919 -0.00413782 -0.000908158 -0.0067513 -0.000707411 0.00522706 0.000931717 -0.0114978 8.78296e-05 -0.00492361 0.00910204 
0.00223412 -0.00399502 -0.00323819 0.000152802 -0.00303554 -0.00320258 0.00862245 -0.00089337 -0.00592509 0.00343617 -0.00208636 -0.0085515 0.0003558 0.00186376 0.00151615 0.122997 0.00757057 0.00398669 0.000768856 -0.00992466 -0.00192792 -0.00222968 0.00300949 0.00460582 0.00266896 0.0008457 -0.00401828 -0.00847344 0.000462758 -0.00396262 0.00188681 0.000778398 0.000605213 0.00143478 -0.0032352 0.0044059 0.00311894 -0.00464037 0.000325233 -0.00391242 0.00321261 -0.000224534 0.00231249 -0.000107502 0.00368637 -0.00393901 0.00277452 -0.00247994 0.00117278 -0.0026387 -0.00116446 -0.000725555 -0.00115306 -0.00696411 -0.00218459 -0.00657308 0.00265604 -0.00358611 0.000378264 -0.00697448 0.00151787 -0.00776653 -0.00278032 -0.000392098 0.00130315 -0.00453766 0.00401285 0.00344878 -0.00513066 -0.00510855 -0.00402683 -0.00714661 -0.00279956 -0.0032432 -0.00374867 -0.00133088 0.00398361 -0.0051596 -0.00146245 -0.00538437 -0.00711403 -0.00280592 0.00550237 -0.000794432 -0.00314554 0.000931369 -0.00125429 0.00467646 -0.00875117 -0.00186012 -0.00588195 -0.000527385 0.00457974 -0.0049525 -0.00302459 -0.00313594 0.00346899 -0.00139827 -0.00485458 -0.00578484 
-0.00127089 -0.0046074 -0.00154015 -0.0164408 0.000495152 -0.00337093 -0.00120857 -0.00440581 -0.00852857 0.0108061 -0.000173367 -0.00374422 0.0177318 -0.00380969 -0.00403903 0.00757057 0.165771 -0.00735985 -0.00116892 -0.0118469 -0.00371501 0.000608353 -0.000664963 0.0085097 -0.000714025 0.00418728 -0.00950983 0.00690726 0.0080466 -0.0143616 0.00143996 0.00641815 -0.00336545 0.0117243 -0.00620767 -0.00234646 0.00210248 0.000981869 -0.00159426 -0.00577946 -0.0202314 0.00641851 -0.00128939 0.00429728 -0.00117813 0.000304532 -0.0236881 0.00335526 -0.000133288 -0.00875242 -0.00593719 0.00101828 -0.000623947 -0.0116227 -0.00170026 0.00623159 0.00586685 -0.0139771 0.0094857 -0.000950217 0.00238525 -0.0054337 -0.00537375 0.0112808 -0.000927791 -0.00548526 0.00803951 -0.00403612 0.00156844 0.000755797 -0.0117547 -0.003884 -0.00492999 -0.00667129 -0.00462503 -0.00232225 0.0025851 -0.00861717 -0.00906287 -0.00448572 -0.01539 -0.00264366 -0.00442773 0.0040983 -0.00291117 -8.88214e-05 0.00243411 0.00291153 0.00624346 0.00234339 7.61999e-05 0.0137962 -0.000754303 -0.0121158 -0.00718458 0.0049452 -0.00450307 -0.000624887 0.00393347 -0.0175637 
0.000215671 -0.000702117 -0.0012823 -0.00230092 -0.00642521 -0.00293231 0.00531145 0.00224088 -0.000525525 -0.00127319 -0.00206902 -0.000923906 -0.00291824 -0.00138261 0.00396359 0.00398669 -0.00735985 0.119615 -0.000748188 -0.0016547 -0.00319489 0.00888308 -3.55656e-05 0.0041146 -0.00050661 -0.00217203 -0.00132967 -0.00137906 0.00216357 -0.0046566 -0.0111364 -0.00532982 -0.00315369 -0.0045544 -0.00269158 -0.0019073 0.000389578 -0.00672634 -0.00973036 -0.00451698 0.00834424 -0.00524339 -0.00161167 -0.00356546 -0.0016544 -0.00531118 -0.0034348 0.00213375 -0.00241054 -0.00208632 -0.00369613 -0.00262197 0.000508236 -0.00416056 -0.006618 -0.00206886 -0.000967739 0.00536109 -0.00228722 0.00699322 0.00246904 0.00202248 -0.00321969 -0.00392311 -0.000995604 -0.0113616 0.00298684 0.00415993 -0.00473169 0.000862174 -0.00220561 0.00298617 -0.00597068 0.0104409 -0.00529639 -0.00335413 0.00606184 -0.00253654 -0.00460999 0.00571599 0.000371764 4.13484e-05 -0.0104794 -0.00721912 -0.00382242 0.00642539 -0.0002556 -0.00282339 -0.0029023 0.000512763 0.000607106 0.0035778 0.00376203 0.004729 -0.00640971 -0.00176841 -0.00658172 -0.00185199 0.00821293 -0.00459344 
-0.00426281 -0.00558114 -0.000311127 -0.00557771 5.48794e-05 -0.00282595 -0.00109069 0.0058647 -0.00550589 0.00231217 0.00130036 0.00246261 -0.00206901 0.00220274 0.00245618 0.000768856 -0.00116892 -0.000748188 0.147975 0.00406965 0.000484253 -0.00286607 0.00317492 -0.00707185 -0.00181571 0.000542115 -0.000802484 -0.0122878 0.00321389 0.00203763 -0.000967227 0.00539505 0.00840126 -0.00286851 0.00635959 0.00309809 0.00433198 0.0039893 0.00799154 0.00650284 0.00347805 -0.00873583 -0.00627165 -0.00569459 -0.00242943 0.00377601 -0.00890559 0.000717049 -0.00490585 -0.00204643 -0.0105016 -0.00464629 -0.00813519 -0.00593655 -0.0107412 -0.00531831 -0.0036238 -0.00364292 -0.00142991 -0.00160111 -0.00449656 -0.00636345 -0.000794345 -0.00861164 -0.00164368 0.00220485 0.0031324 0.000163757 -0.0094162 0.00117297 -0.00478024 -0.00812879 -0.00489768 -0.00357326 -0.00331249 0.00645444 0.00294928 0.00361916 6.98944e-05 0.000189293 0.00367273 -0.00065599 -0.0015786 -0.00852329 0.000497858 0.00306762 -0.00875694 -0.00340503 -0.00537042 0.000981914 -0.00480618 -0.00124517 0.00571591 -0.0137178 -0.00948291 -0.000460338 0.00203696 -0.00293378 0.00242125 -0.00196862 
-0.00418324 0.00195073 -0.00330431 0.00126393 0.000126221 0.00185915 -0.00603581 0.00687813 0.00930609 -0.0178206 -0.00104007 -0.00734976 -0.0057459 0.0019698 0.00159481 -0.00992466 -0.0118469 -0.0016547 0.00406965 0.181448 -0.00734211 -0.0140046 0.000830247 0.0107215 0.00171557 0.000267073 0.00310514 -0.000184303 0.000134898 -0.0126507 -0.00130293 -0.00715164 -0.00275379 0.0057894 -0.0130691 0.00057557 -0.00143114 -0.0127722 -0.00766652 -0.00255525 0.0190001 0.00199267 -0.0062935 0.00281912 -0.000107835 -0.0102993 -0.00567709 0.00385578 -0.00955195 0.00768815 -0.009996 -0.00393414 0.0024576 0.00154877 -0.00367009 0.0071708 -0.00528606 0.00739628 -0.00447728 -0.00256 -0.00132022 -0.00461033 0.0016307 -0.0118909 -0.00390648 0.00719314 -0.0160417 0.000621508 0.00440439 -0.00776398 0.00411211 0.0204983 -0.00462871 0.00651722 -0.0125116 -0.00256733 -0.0117885 -0.0244438 -0.00433001 -0.00507241 -0.00203448 -0.00154918 0.00119785 -0.00519097 0.00436548 -0.00828628 0.00711328 -0.0122888 -0.00129159 -0.00309192 0.00748217 -0.00845174 -0.00536316 0.0173012 -0.00471777 0.00094956 0.00397834 -0.00397758 -3.74721e-05 0.00589994 
0.00391309 -0.00194648 0.00341586 0.00611483 0.00159551 -0.000855142 0.000696453 -0.000598301 0.00303438 -0.00701451 0.0028899 -5.262e-05 -0.00487824 -0.00111516 -0.00419618 -0.00192792 -0.00371501 -0.00319489 0.000484253 -0.00734211 0.0975049 0.0090621 0.00250195 0.00462875 0.00130969 0.00334213 -0.00259789 -0.00329104 -0.00285421 0.00392649 0.00193075 -0.00280385 0.00131535 0.00236809 0.00303853 0.000572173 0.000327126 0.00206582 0.00147887 -0.00238466 -0.00223822 0.00127635 -0.00243155 0.000778725 -0.000139451 0.0034383 -0.00196714 -0.00231309 0.00578778 -0.000414208 0.00128066 0.00139144 -0.00518788 0.000218227 -0.00100584 -0.00371131 0.00191349 -0.000530005 -0.0011099 -0.00788345 -0.00499431 -0.00143039 -0.0017359 -0.00357462 0.00201985 -0.00378278 -0.00305657 -0.0028442 -0.000321612 -1.24879e-05 0.000380305 -0.00559247 0.00479233 -0.000860025 -0.00427425 -0.0044765 -0.000945957 -0.000663676 -0.00520336 0.00357513 -0.0040214 -0.0017898 -0.00483553 -0.000632101 -0.00138287 -0.00411678 -0.00455214 0.00178341 -0.00310656 -0.00211976 -0.00541346 -0.00254587 -0.00529857 -0.00715688 -0.00170619 -0.000123974 -0.00941573 -0.000175428 -0.00156018 -0.00273037 
-0.000821821 -0.00843168 -8.91219e-06 0.00137076 0.00178073 0.000464356 -0.00144206 -0.00770018 -0.00331279 0.011378 -0.00501455 -0.00500638 0.00131839 -0.0100798 0.00162081 -0.00222968 0.000608353 0.00888308 -0.00286607 -0.0140046 0.0090621 0.157811 -0.0017661 -0.0139614 0.000762931 -0.00273179 -0.0199544 -0.012478 -0.0154034 0.00285927 -0.000361637 0.00411917 -0.00772216 0.0105247 0.00465848 -0.00894243 0.00249182 0.00114449 0.000179213 -0.000551035 -0.00814851 9.83718e-06 0.0135686 0.0045798 -0.00421352 0.000259764 0.0163192 -6.10769e-05 -0.00360393 0.00281016 -0.00353948 0.00272108 0.00274468 -0.000165845 -0.00381433 0.00146035 0.00978222 0.00155992 -0.00207659 0.00614222 -0.000334621 -0.0027775 -0.00158712 0.00113602 -0.000546531 -0.00343458 0.00414891 -0.00538412 -0.0120016 0.0055676 -0.0099483 -0.0146106 -0.00986712 0.00315078 -0.0117374 -0.0079815 0.00280576 0.0126274 0.00227984 -0.00559074 -0.00955453 -0.00137525 -0.00874845 -0.00604126 -0.00290047 0.00694311 0.00142616 0.00777542 -0.00211668 -0.00530857 -0.0119959 -0.00427529 -0.00204817 -0.00820472 -0.00647541 -0.00395892 0.00146553 0.00194194 -0.000498604 -0.00454631 
5.00269e-05 -5.64801e-05 -0.000509528 0.00100312 -0.000761411 -0.000704434 5.68461e-05 -0.00142293 -0.00145686 0.00543321 0.000276342 -0.00437645 -0.00196772 -0.000135852 0.00129691 0.00300949 -0.000664963 -3.55656e-05 0.00317492 0.000830247 0.00250195 -0.0017661 0.049967 0.000662538 -0.000749266 0.00163241 0.00325884 -0.00188612 -0.00328484 -0.00033916 0.00325477 -0.00196186 -0.000312324 0.000155819 -0.00102725 -6.25194e-05 0.00453678 -0.00297609 -0.00193578 0.000463233 -0.000403009 -0.000742063 9.05619e-05 0.000766152 -0.000781971 0.00199405 -0.000498489 0.00089075 0.00229368 0.00283068 -0.00239321 -0.000530354 -0.000944398 -0.000133483 0.000168457 -0.00103748 -0.00106941 -0.000645436 -0.000524646 -0.00294206 -0.00360211 -0.00171247 0.000928277 -0.00128937 -0.0019604 0.00312295 -0.00227477 -0.0059262 0.00184658 -0.000898415 -0.00248077 -0.000535046 -0.00198972 -0.000724389 -0.00358956 -0.00177743 -0.000859003 -0.00143475 -0.000885027 -0.00346606 -0.000688343 -0.00112797 -0.00218947 0.00233046 -0.000645749 -0.00393812 -0.000440449 -0.000858395 -0.00117537 -0.00183287 0.00223095 -0.00147447 -0.000435771 -0.00380725 -0.0022024 -0.00101845 -0.000348462 -0.000153069 -0.00191186 -0.000364504 
-0.000418493 0.00556018 0.0021316 -0.00813632 0.000647678 -0.00271061 0.00191618 -0.000282793 -0.00214579 -0.0100293 -0.00145807 -0.00619208 0.0155554 -0.00295831 -0.00618432 0.00460582 0.0085097 0.0041146 -0.00707185 0.0107215 0.00462875 -0.0139614 0.000662538 0.165847 -0.000863018 0.00797048 0.00504836 0.00184564 0.00383368 -0.0128757 -0.00204652 -0.00398303 0.00131998 0.00894758 -0.0109572 -0.00996101 -0.000850063 -0.0043409 0.00212681 -0.0137767 0.00734435 -0.00597393 -0.0140912 -0.00553778 -0.00174993 -0.00799632 -0.00698605 0.00334144 0.000478137 0.00844374 0.00257229 0.000621376 -0.00251448 -0.0058022 -0.000824465 -0.0111213 -0.00552063 0.000991038 -0.00255201 -0.000770261 -0.00857435 -0.00451903 -0.0040838 -0.00693839 -0.00817127 -0.00126245 0.000934167 0.000303809 0.00534019 -0.00393281 0.00437775 0.00588801 -0.00134383 -0.00551604 0.00371931 -0.00710219 0.00740001 -0.0113834 -0.00787964 0.00551202 0.00203683 -0.00333052 -0.00705126 0.00753233 -0.00241477 0.00554398 -0.00225604 -0.00399812 -0.00135847 -0.000723499 0.00257139 0.000150796 -0.00511792 -0.0152168 -0.00287083 -0.00433793 -0.0089135 0.000559275 -0.0010725 -0.00964267 
-0.000238407 -0.00468444 0.000767244 -4.84229e-05 0.000720746 -0.00110502 0.0010108 0.00141153 0.00169227 -0.00528728 0.00150384 -0.00131299 -0.00210319 0.000392923 -0.00284976 0.00266896 -0.000714025 -0.00050661 -0.00181571 0.00171557 0.00130969 0.000762931 -0.000749266 -0.000863018 0.0498547 0.00420144 -0.00091289 -0.00111123 -0.000282269 -0.000371338 0.00016351 9.20059e-05 0.000435402 0.00253938 0.000367443 0.00134119 0.00018823 0.00521207 -0.000835381 -0.00165133 -0.00529666 -0.000283419 0.00059677 0.0016821 -0.000342249 -0.00219445 -0.0022733 -2.21328e-05 -0.000535641 -0.00388584 -0.000516784 0.000268236 0.00212177 4.49828e-05 -0.00102713 -0.00305029 -0.000119627 -0.000423571 -0.000588309 -0.00185506 0.00305642 -0.000230283 -0.00194305 -0.00199575 -0.00122572 -0.00121508 0.00169149 0.00128431 0.000978516 -0.000836053 -0.00190804 -0.00388723 -0.00166908 -0.0022367 -0.0031202 -2.42487e-05 -0.00123374 -0.00138171 -0.00404516 -0.00185781 -0.00241714 0.00276092 0.00331102 -0.0026702 -0.000576589 -0.0021637 -0.00118744 -0.0018232 -0.00148372 -0.000633192 -0.000746555 -0.00158909 -0.00164373 0.000120229 0.000843741 0.00111799 -0.000972206 0.0012158 -0.000864928 -0.00200759 
-0.00264818 -0.00178677 -0.000500228 -0.00584395 0.00126368 -0.00121546 0.000701011 0.0020646 0.00205317 -0.00371463 0.00163732 -0.00323448 -0.00504231 0.00117077 -0.00536778 0.0008457 0.00418728 -0.00217203 0.000542115 0.000267073 0.00334213 -0.00273179 0.00163241 0.00797048 0.00420144 0.10223 0.0019754 -0.00241744 -0.00813293 -0.00396265 -0.00068245 8.76913e-05 0.000284656 -0.00034179 -0.00163219 -0.000239204 0.00208763 0.000807498 0.00416246 -0.00655248 0.00250277 0.000202612 -0.00178151 -0.00220693 -0.00238569 -0.00466529 -0.00894276 -0.000910352 0.00525304 -0.00647024 0.00265011 0.000399543 -0.00210042 0.00143126 -0.00250639 -0.00189995 0.00135464 0.000175179 1.99415e-07 -0.00217376 0.00095525 -0.00395361 -0.00162231 -0.00265457 0.000779503 0.000102436 -0.00481018 -0.00988733 0.00417789 -0.00113614 -0.0022218 -0.000429264 -0.000684093 0.0025179 -0.0084179 -0.00196259 -0.000384658 -0.00826293 -0.00775598 0.00285101 -0.00193151 -0.00230348 0.00515571 -0.00216837 -0.00168883 -0.00123622 -0.00118495 -0.00150323 0.000853534 -0.000627395 -0.00309178 -0.00465033 -0.0013269 -8.19721e-06 -0.00121668 0.000494849 8.84603e-05 0.000790812 -0.00422891 -0.000639184 
-0.00644411 0.010765 -0.00658417 -0.00646094 -0.00345104 -0.00362289 -0.00571352 0.000888676 -0.0028999 -0.00610732 0.00670446 -0.0121892 -0.00489462 -0.00431045 -0.00153866 -0.00401828 -0.00950983 -0.00132967 -0.000802484 0.00310514 -0.00259789 -0.0199544 0.00325884 0.00504836 -0.00091289 0.0019754 0.166569 0.00666689 -0.000333017 0.0041678 0.0066687 -0.00690999 0.00772147 -0.00346375 0.00133963 0.00722984 -0.00352851 -0.00325687 -0.00706156 -0.00792348 -0.0051543 -0.00560367 -0.00378043 -0.00574969 -0.00149478 -0.00541816 0.00132642 0.00224057 -0.00174265 0.00939752 0.00306527 -0.00328827 -0.00346838 -0.00483938 0.000562813 -0.00350387 -0.00410409 0.00860669 -0.00383258 -0.00614079 -0.0128548 -0.00420571 0.00341095 -0.00739605 -0.00413482 0.0135838 -0.0147073 -0.000360252 -0.000204855 -0.00215569 -0.00538184 0.000804211 0.00514867 -0.00925121 0.00817465 -0.00452939 -0.00577508 0.00101677 -0.00146644 -0.0057613 0.0072713 0.00191643 0.00425198 -0.00899797 -0.00241679 -0.00750923 -0.00988825 -0.00756231 0.00284528 0.000620736 0.00851262 -0.00410245 0.00470986 -0.00309075 0.00378104 -0.00234945 -0.00656896 -0.00231305 -0.00987363 0.0134414 
-0.0019256 0.00463517 -0.00307081 -0.00255259 0.000914538 0.00125515 -0.00362561 0.00138985 -0.00541156 -0.00469416 0.00570965 -0.00134316 0.0171703 -0.00249633 -0.004098 -0.00847344 0.00690726 -0.00137906 -0.0122878 -0.000184303 -0.00329104 -0.012478 -0.00188612 0.00184564 -0.00111123 -0.00241744 0.00666689 0.135616 0.00838281 0.00616344 -0.00415735 0.00459495 -0.000215832 -3.7424e-05 -0.00331871 -0.00203441 -0.00160403 -0.000368907 -0.00976787 -0.0129183 -0.0102072 0.00597566 -0.000227418 -0.00175194 -0.0019332 -0.00789653 -0.000420829 0.00422475 -0.000917566 0.00476177 -0.00466767 -0.00201638 -0.00166616 0.00117381 0.0034899 -0.00365721 0.0008895 -0.00764862 -0.00201774 0.00490303 0.00241783 0.00126156 -0.00202311 -0.00297783 -0.00348189 0.00170957 -0.00821891 -0.00118762 0.000269 -0.00178037 -0.00451811 0.00375893 -0.00163898 -0.00167231 0.0136721 -0.00210494 0.00255587 -0.00198453 -0.0104515 -0.00303621 -0.000953578 -0.00145859 -0.00609719 -0.00567425 0.000603335 -0.00131107 -0.00584236 -0.00563745 -0.00154321 -0.00115183 -0.000367421 -0.000698411 0.00641226 -0.0016588 0.00210695 -0.00501642 -0.0197621 -0.00278406 -0.00108758 -0.0031394 
-0.00279266 -0.00504677 -0.00320681 -0.00919959 0.0060392 -2.74754e-05 -2.32789e-05 -0.0064926 -0.00551887 -0.00303873 -0.00114133 0.00226483 0.0252549 -0.00341704 -0.01802 0.000462758 0.0080466 0.00216357 0.00321389 0.000134898 -0.00285421 -0.0154034 -0.00328484 0.00383368 -0.000282269 -0.00813293 -0.000333017 0.00838281 0.183133 0.00267038 0.0129121 0.0101364 0.0139804 -0.00328838 -0.00333327 -0.00260488 -0.0110045 0.00562532 -0.00956875 -0.00682382 -0.00287152 -0.00620147 -0.00179387 -0.00225576 -0.00209631 -0.0101858 0.00337031 -0.00533276 -0.00827205 -0.00303405 -0.0117285 -0.00435023 -0.00432551 -0.00834358 0.00443702 0.000979224 -0.0123681 0.000747404 0.00548166 -0.00384592 -0.00567259 -0.010471 0.000935294 -0.00254568 -0.00898041 -0.00446566 -0.00332191 0.0177456 -0.00450182 -0.0012427 0.0104932 0.0021678 0.0042611 -0.0117767 -0.00615303 -0.00884824 0.0047095 -0.0193641 -0.00626132 0.00348806 -0.00581948 -0.00252808 -0.00480206 -0.00593547 -0.00594081 0.00126177 -0.00431774 0.012302 0.00192114 -0.00307333 -0.00156532 0.0102585 -0.00276529 -0.00134837 -0.000413916 -0.00394392 -0.0155579 -0.00635341 0.006257 -0.0092566 
-0.00327675 0.00252794 -0.00463066 0.00343276 0.00593724 0.00276532 -0.010847 -0.00558767 -0.00692294 0.00799361 0.00403384 -0.0054088 0.0152706 -0.00240227 0.00520508 -0.00396262 -0.0143616 -0.0046566 0.00203763 -0.0126507 0.00392649 0.00285927 -0.00033916 -0.0128757 -0.000371338 -0.00396265 0.0041678 0.00616344 0.00267038 0.161584 0.00688916 0.00206746 0.0154939 0.00140106 0.000876403 -0.00822327 -0.00728526 0.000587215 0.00342519 0.00338449 -0.0172943 -0.0075001 -0.0105221 -0.00493656 -0.00157882 -0.00538126 0.00158515 -0.00325413 -0.00814046 -0.00523439 0.00375726 -0.00219836 -0.00785683 -0.00110295 0.00241695 -0.00106859 -0.00623148 -0.00295441 -0.00178489 -0.00243309 -0.00608546 0.00249601 -0.00130872 0.000158552 -0.00545222 0.00498026 -0.00777393 0.00314249 -0.00485968 -0.00496588 -0.00949442 -0.0104215 -0.00228455 -0.0104915 0.00746654 0.00212262 -0.0117921 0.0110042 0.00552581 -0.00789104 -0.00535004 -0.00143192 0.000825421 -0.00082315 0.00148239 0.00184616 -0.00391317 0.000970511 -0.0069092 -0.00117107 -0.00388713 -0.000458956 0.00475805 -0.00846565 0.000735382 -0.00306597 -0.0116089 -0.00396705 -0.00328578 0.0144225 
-0.00602966 -0.00176637 -0.00162433 -0.00935497 0.0022251 -0.00255646 0.00462834 -0.00377174 -0.00448765 0.00184778 -0.00403103 -0.00132506 -0.00623918 0.00303831 -0.000264196 0.00188681 0.00143996 -0.0111364 -0.000967227 -0.00130293 0.00193075 -0.000361637 0.00325477 -0.00204652 0.00016351 -0.00068245 0.0066687 -0.00415735 0.0129121 0.00688916 0.1412 0.00652331 0.00616802 -0.00175997 0.000929117 0.00576056 -0.00435699 0.0078883 -0.00263331 0.00469716 0.00669019 -0.00770176 2.58697e-05 -0.00498795 0.00109068 -0.0105876 -0.00208716 -0.00472143 0.000921077 -0.00398786 -0.00326626 -0.0020078 -0.00432007 0.00305752 0.00353827 0.000540084 -0.00612024 0.00237636 -0.00487643 -0.0108738 -0.00883032 0.0023577 -0.000737016 -0.000142608 -0.00358826 0.00589446 -0.00773894 -0.000594359 -0.00307981 0.00813577 -0.00553323 -0.0104233 -0.00396095 -0.0108781 0.0034344 -0.00561463 0.00203755 -0.00426971 -0.00520671 -0.00538672 -0.00742679 0.00373751 0.000664996 -0.00774096 -0.002138 -0.00753747 -0.0044085 0.00784793 -0.000700937 -0.00208109 -0.00274379 0.00137083 -0.00282158 -0.0017629 -0.00498035 -0.00548484 -0.00532019 -0.00243551 -0.00637306 0.00256146 
-0.00423731 -0.000700521 -0.00318749 -0.00455568 0.00280628 -0.00218287 0.000374229 -0.000795598 -0.000520279 -0.0059197 -0.00319885 0.00824458 0.0101044 0.000390774 -0.008818 0.000778398 0.00641815 -0.00532982 0.00539505 -0.00715164 -0.00280385 0.00411917 -0.00196186 -0.00398303 9.20059e-05 8.76913e-05 -0.00690999 0.00459495 0.0101364 0.00206746 0.00652331 0.128157 0.00741468 0.00163181 0.00099449 0.000758226 0.00471978 7.15747e-05 -0.00484712 -0.00624106 -0.0128298 -0.00200184 0.00182162 -0.00446218 0.00254639 -0.00541 0.00431766 0.00100271 -0.00549414 -0.00967967 -0.00273987 0.00030529 -0.00105956 -0.00424782 0.000992536 0.0045758 0.000626344 -0.00250778 0.000829687 -0.00213441 -0.00593982 -0.000284681 -0.00345959 -0.00324234 -0.00451454 -0.00532848 -0.00454316 0.000211255 -0.00518322 -0.00130718 0.00595228 -0.00308996 0.000417281 0.000120549 -0.00305822 -0.00432218 -0.00476363 -0.000688482 -0.00419063 -0.00613289 -0.00575056 -0.00220031 -0.00257334 -0.00441542 -0.00287453 0.000651607 0.00385616 0.0155356 0.0017996 -0.00162311 -0.00310285 -0.00996339 -0.00314492 -0.00366972 -0.00414921 0.000877621 -0.00568162 -0.00382702 0.00392789 -0.0173116 
-0.000655424 -0.00111916 9.14149e-05 0.0028511 0.00670253 -0.00211328 -0.00129838 0.000231736 -0.00611586 -0.0108338 0.000119299 -0.00410157 -0.00130302 0.0017872 0.00385822 0.000605213 -0.00336545 -0.00315369 0.00840126 -0.00275379 0.00131535 -0.00772216 -0.000312324 0.00131998 0.000435402 0.000284656 0.00772147 -0.000215832 0.0139804 0.0154939 0.00616802 0.00741468 0.101395 0.00110875 0.00360465 0.000918427 -0.00303956 0.00270549 -0.00137746 -0.00548046 -0.0106958 -0.00492046 -0.000228948 -0.00462625 -0.00179784 -0.00788998 -0.00632515 -0.000117015 -0.00508821 -0.00543664 -0.00413306 -0.00174997 -0.00439581 -0.00437801 0.00341837 0.000276023 -0.0118746 3.20599e-05 1.93933e-05 0.00308044 -0.00435704 -0.00545224 -0.00125216 -0.00463947 -0.00503039 0.00852105 -0.000169482 0.000154955 -0.00255964 -0.0045261 0.00879469 -0.000518306 0.000296956 -0.00541606 -0.00118571 -0.00422704 -0.0039941 0.00011927 -0.00222128 -0.00196845 -0.00256606 -0.000808303 -0.00170506 -0.00253358 0.00158464 -0.00336659 -0.0011313 -0.000431929 -0.00303125 0.00150121 -0.00535121 0.00256508 -0.00546087 -0.00476789 -0.00236879 -8.93833e-05 -0.00794551 -0.000266564 -0.000662645 -0.000254822 
0.00208318 -0.000236796 0.00214893 0.00275499 0.00375545 -0.00102992 -0.00140032 0.00403471 -0.00417971 0.0034439 0.00245362 -0.00198381 0.00856043 0.00227417 -0.000966285 0.00143478 0.0117243 -0.0045544 -0.00286851 0.0057894 0.00236809 0.0105247 0.000155819 0.00894758 0.00253938 -0.00034179 -0.00346375 -3.7424e-05 -0.00328838 0.00140106 -0.00175997 0.00163181 0.00110875 0.0986559 -0.00144989 -0.000716487 0.00259297 0.00352451 -0.000251272 -0.00525737 -0.0142043 0.002044 -0.00091678 -0.00455341 -0.00206487 -0.00131467 -0.00688315 0.00633318 -0.0057097 0.00406517 0.00196284 0.00163742 0.000164624 -0.00325169 -0.0023319 -0.00354584 -0.00339035 -0.00422084 0.0010214 -0.00518292 -0.0037891 -0.00148638 0.000309878 -0.00687933 -2.51074e-05 -0.00386501 -0.00172383 0.00377763 -8.3226e-05 -0.00192333 -0.0038021 -0.00484481 -0.00324072 -0.00294384 -0.00618149 -0.0024422 -0.00308056 -0.00660999 -0.00484522 -0.00528816 -0.00996999 -0.000900176 -0.0062451 0.00626963 -0.00195022 -0.0050263 -0.00141304 -0.0017885 -0.00517796 -0.000782814 -0.00237433 -0.000104336 -0.00324175 -0.00933373 -0.00552187 0.000154949 -0.000124634 0.00389499 -0.00136264 -0.00581571 
