0.106336 0.00269289 0.0129917 0.00341597 -0.00290377 0.00777542 0.0049519 0.000392502 -0.000216835 -0.000400476 -6.35909e-05 0.00138316 -0.00401118 -0.000918491 -0.00580724 -0.00680153 -0.0102573 -0.000983215 -0.000886492 -0.00421779 -0.00369472 -0.00896393 -0.000178628 -0.00416052 8.98678e-05 -0.00761197 0.00423911 0.000202094 -0.00258559 -0.00250138 -0.000297081 -0.000833939 -0.00505315 -0.00153997 0.0033166 0.00194494 0.00134211 -0.00157677 -4.94714e-05 0.00494021 -0.00567909 -0.000647672 -0.00369086 0.00233323 -0.00462771 -0.00312967 0.00170258 0.00135659 0.00394458 -0.00281858 -0.00421491 0.000537338 0.00135974 -0.00146113 0.00716331 0.00477239 -0.00807093 -0.0119561 0.00207874 -0.00540826 0.00414817 0.00474404 -0.00060802 -0.00160097 -6.25857e-05 0.000685296 -0.0020712 -0.00527821 -0.00359506 -0.00438369 -0.00538837 -0.00124299 -0.00582894 0.00328011 -0.00154799 -0.00308639 -0.00151442 -0.00486118 0.00148019 0.00226563 -0.00445407 0.00319123 -0.00216739 -0.00502102 -0.00259886 -0.00579736 -0.00415367 -0.0065454 -0.00285852 -0.00288318 0.000601266 -0.00216064 -0.00298673 -0.00687473 0.000801856 0.00600541 -0.00488649 0.00714134 0.00307875 0.00399196 
0.00269289 0.0830479 -0.00196138 0.00433453 -0.00256603 -0.00013013 0.000179185 -0.00355748 -0.00118346 0.00466909 -0.00240001 0.00141277 0.00144959 -0.00252507 0.00191946 -0.00130621 -0.00249675 -0.00259584 0.000179513 0.000470403 -0.00547504 -0.00395663 -0.00820595 0.000903621 -0.00124905 -0.00258266 -0.00484369 0.000152379 0.00212697 0.00328615 0.00884043 -0.00338235 -0.00302719 0.000828191 -0.00103972 -0.000471216 -0.00317604 -0.00281389 0.000777301 -0.00289201 0.00154251 0.00183156 -0.00481859 -0.00173477 -0.00358995 -0.00718719 -0.0016404 0.00315307 0.0017536 -0.00318769 -0.00325133 -0.0028698 -0.00143382 0.00113609 -0.00832728 0.00651524 -0.00438674 0.00303212 0.00534612 -0.00042954 -0.00279622 0.00215917 -0.00164309 -0.00434669 -0.00068461 -0.000239939 0.00415452 -0.00336292 -0.00649569 -0.00565383 0.000757169 -0.000877142 0.00292382 -0.000304087 -0.00141156 0.000851626 -0.00186127 0.000877199 -0.00264848 -0.000233864 -0.00186829 -0.00275715 -0.00113373 0.00310399 -0.00288603 -0.000801982 -0.00352112 -0.0016807 -0.000190727 -0.000872456 -0.00279925 0.000120472 -0.00138489 -0.00434939 0.00252275 0.000672653 0.00512312 -0.00217147 0.00137636 -0.000552036 
0.0129917 -0.00196138 0.153225 0.0015828 -0.00605876 -0.000387786 -0.000346762 0.00735448 -0.00305689 -0.00529109 -0.00321916 2.88108e-05 0.00194784 -0.00811147 -0.0100398 -0.00884693 -0.00690227 9.00354e-06 -0.00761437 -0.00337562 -0.00766191 -0.00788557 -0.00465733 0.0278724 -0.00328739 -0.0150436 0.0136425 -0.00522223 -0.00510873 -0.00596483 -0.0116306 -0.0031402 0.0054147 -0.00370809 -0.00841774 0.00378753 -0.0101993 -0.00610658 0.00132805 0.00159476 -0.011444 -0.00140931 0.00221962 -0.00531418 -0.000866854 0.0226971 0.015839 0.00178778 0.0029504 -0.00220929 0.00384462 -0.00471608 -0.000186265 -0.00567787 0.00208857 0.00214242 -0.00657017 -0.00661332 0.0023569 -0.00284573 -0.002386 0.00311444 -0.00691762 0.000166731 -0.00388341 -0.00410262 0.00106386 0.00122124 0.00220339 -0.0100111 -0.00953804 -0.00316958 -0.00532595 0.0113147 -0.00677228 0.000133714 -0.0105804 0.00336075 -0.00170816 -0.000604952 0.000799309 0.00365476 0.00449961 -0.00268214 -0.0097407 -0.00589611 -0.00224699 0.00450879 0.000923612 -0.00571783 0.00274996 -0.000926425 0.0036563 -0.00466958 -0.00124794 -0.00600473 -0.00157293 -0.0028418 -0.00818074 -0.00224975 
0.00341597 0.00433453 0.0015828 0.128929 1.63236e-05 -0.00928217 0.00747582 0.000531598 0.00286771 -0.000924665 0.000663011 -0.00319813 -0.00274604 -0.0022746 -0.00284529 0.00353293 -0.00715268 -0.00532086 0.00642259 -0.00457182 -0.00516553 -0.0109372 0.00642557 -0.00522962 -0.00724445 -0.00785651 -0.00250221 -0.000111059 -0.00401238 -0.0115308 0.000370162 -0.00368359 -0.00305491 -0.00327872 0.00183987 -0.00199566 -0.00257687 -0.00328892 0.000295667 0.00138374 -0.00758232 0.0001312 -0.00223329 0.00201666 -0.0025155 0.00172149 -0.0040222 -0.00206916 0.00202547 0.00244554 -0.000363645 -0.00189463 -0.0011657 0.0013095 -0.00217073 -0.00398634 -0.00662666 -0.00744317 -0.00655307 0.00277073 -0.0018258 -0.00305636 -0.00357438 0.000269929 -0.00152878 0.00713685 -0.00406179 -0.0011841 -0.00519303 -0.00594601 0.00317851 0.00334356 0.00154768 -0.00241639 0.0003425 -0.00386718 -0.00485195 -0.003462 -0.00466544 -0.00500392 0.000912801 -0.00655537 -0.000995632 -0.00619827 0.00265876 -0.00355035 0.00325028 -0.00379628 0.00140492 0.00377093 0.00246937 0.00133317 0.0128357 0.0105605 -0.00409326 0.00148902 0.00191967 0.000506286 -0.00135636 -0.0048441 
-0.00290377 -0.00256603 -0.00605876 1.63236e-05 0.137268 0.00413163 -0.00902673 0.00421037 -0.000536108 0.00356746 -0.00634549 -0.0082131 -0.000464474 -0.00113033 -0.00673277 0.0193868 -0.00745897 -0.00945957 -0.00404842 0.0120485 0.004904 0.0111942 -0.00496289 0.0044651 0.00649601 0.00817055 0.00772721 -0.00709399 -0.00298434 0.00209174 0.00164803 -0.00369316 0.00099094 -0.000419472 0.0100605 -0.00506919 -0.00851288 -0.00214713 -0.00414946 -0.00177164 0.00046337 -1.84666e-06 -0.00515301 -0.0142475 -0.00357422 -0.0127885 -0.00176453 -0.00675093 -0.00747479 -0.004335 -0.00135054 -0.003034 -0.000830629 -0.00342215 -0.0102264 -0.00532158 -0.00311172 -0.00558402 -0.00249082 -0.00854946 0.0105221 -0.00442206 -0.000241376 -0.00408496 -0.0025705 0.00439894 -0.00131863 -0.000308371 -0.00129304 -0.00206797 -0.00275658 -0.00157783 0.000635072 -0.00705432 0.000971136 0.000229915 -0.00244496 -0.00795242 0.00505235 -0.00176381 -0.00265694 -0.00576363 -0.00665609 0.00236819 0.0026418 0.0108445 -0.0064164 0.00418394 -0.00233121 0.00293227 -0.00086953 -0.00092174 0.0126665 -0.00442394 -0.00321717 -0.00711562 0.0051097 -0.0118604 0.00155724 -0.00510436 
0.00777542 -0.00013013 -0.000387786 -0.00928217 0.00413163 0.131387 0.000556255 0.00300993 -0.00305503 -0.00202561 0.00879171 -0.00297908 0.00409528 0.000530485 0.00611184 -0.00413333 -0.00509936 0.00117878 0.000225438 0.0039193 -0.00448405 0.000980997 -0.0124233 0.00182718 -0.0100252 -0.0102386 -0.000640093 0.00508591 -0.00120674 0.00868467 -0.00752704 -0.00296143 -0.00609159 -0.000645719 -0.00949583 0.00343543 0.00231288 -0.00330912 0.00423927 -0.00304172 -0.0015746 -0.0042429 0.00361776 -0.00419818 -0.00579259 -0.00407662 0.00830471 -0.00444865 -0.00109068 0.00193871 0.00117225 0.00269756 0.002011 -0.0106809 -0.0132356 -0.00417387 -0.00734293 -0.00485986 -0.00425302 -0.00196829 -0.000725679 -0.000330942 -0.00404047 -0.00208937 -0.00193026 -0.00449734 -0.00607647 -0.00500554 0.00209578 0.00641441 -0.00164688 0.00236208 -0.00100813 -0.00260774 0.000273449 -0.0024659 -0.00256459 0.00195187 -0.003354 0.00268583 -0.000230361 0.000642025 -0.00931413 -0.00174004 0.00592504 -0.0029536 -0.00718293 0.00707361 0.0015169 -0.00361791 -0.00245567 8.29138e-05 -0.000707213 -0.00308904 -0.00190015 -0.0059714 0.000696128 0.00401175 -0.00361587 -0.00151016 
0.0049519 0.000179185 -0.000346762 0.00747582 -0.00902673 0.000556255 0.150886 0.0031494 0.00235213 0.00653413 0.000890372 0.00312705 0.00071984 -0.00737397 0.000413751 -0.0153159 -0.00241184 -0.000988812 0.00142623 -0.0113909 -0.0067138 -0.0113807 -0.00292651 -0.0047353 -0.00292553 -0.00758587 0.00240163 0.00916781 0.00498919 0.00175707 -0.000414001 0.00353412 -0.00104205 -0.00112556 -0.00180548 -0.000675392 0.0025164 0.00314853 -0.0058516 0.000218816 -0.00417364 -0.00593362 -0.0108251 -0.00081063 -0.00937724 -0.00847829 -0.00571223 -0.00813627 -0.00405867 -7.21817e-05 -0.00456263 0.00362627 -0.00176079 -0.0046776 0.00766976 0.0055623 0.000820279 0.00663736 0.0115535 -0.00210051 -0.00884584 -0.000506597 -0.00570264 0.00895115 -0.00118841 -0.00642433 0.00277032 -0.00190049 -0.00818212 -0.00847008 -0.00368316 0.000682703 -0.00796284 -0.0057851 0.0103345 0.00382969 0.00122946 -0.00307373 -0.00436132 -0.000303352 0.00212916 -0.00729291 0.00802008 -0.00743283 -0.00632651 -0.0052123 -0.00325233 0.00424988 -0.00804069 -0.00071406 -0.00140768 0.00143746 -0.013591 0.000837996 -0.000275442 -0.00978869 -0.00315522 -0.000517931 0.00465047 0.0027259 
0.000392502 -0.00355748 0.00735448 0.000531598 0.00421037 0.00300993 0.0031494 0.102157 0.00234183 0.00638791 0.00168355 0.00924284 0.0114081 -0.00341954 0.00342953 -0.000226054 0.00287287 -0.00341714 -0.00348723 -0.00671901 0.00169278 -0.00339659 -0.00501525 -0.000338706 -0.0023483 0.00589097 0.0027401 -0.00495234 -0.00258418 -0.00354303 -0.00509543 0.0020687 -0.00144994 -0.00273025 0.00314011 0.000521891 -0.003554 0.00096871 -0.00465653 -0.00138134 -0.00343655 -0.00259084 -0.00346052 -0.00321082 0.00197919 -0.000288694 0.00351148 -0.0023476 -0.0019332 -0.00176089 0.00264707 0.00156254 0.00480293 -0.0157242 -0.00367943 -0.000102369 -0.00981564 -0.000252908 -0.0022069 -0.00316853 -0.00222082 -0.00416633 -0.0021996 -0.000931745 0.000590184 -0.00629464 -0.00262232 -0.00160082 -0.00167385 -0.00390017 0.00298892 -0.0020191 0.00472813 0.00118436 -0.001626 0.00160416 -0.00348442 -0.00254878 0.00504523 -0.000819993 -0.00803092 -0.00389694 0.00291546 -0.00869227 -0.0020372 -0.00233851 -0.0017698 0.00322791 -0.00362752 -0.00298726 -0.000866296 0.0020217 -0.00487678 0.00310567 -0.00110471 -0.00570418 -0.00483836 -0.00176206 -0.00738688 -0.0052304 
-0.000216835 -0.00118346 -0.00305689 0.00286771 -0.000536108 -0.00305503 0.00235213 0.00234183 0.0605281 0.0037253 -0.00108316 -0.00103079 0.00202942 -0.000591781 0.00150363 -0.00489276 -0.000992202 0.0023246 -0.0031123 -0.00517758 -0.00512452 -0.0045436 -0.00292915 -0.00330392 -0.000292827 1.78295e-05 -0.00321822 -0.000500511 0.000585962 0.00214445 -0.00128975 0.000115608 -0.00299274 0.000396989 0.00211966 0.000963961 -0.00452378 -0.00273931 0.00143576 0.000816885 -0.00122478 -0.000606742 -0.000742723 0.00271035 0.0010547 -0.00645722 -0.00180797 -0.000486515 -0.00117501 0.00441026 0.00139843 0.000160276 -0.00168234 -0.00387448 -0.00148269 -0.0021497 -0.00300888 -0.000401596 0.000243553 0.00171274 -0.0014992 -0.00204481 0.00235691 -5.169e-05 -0.00142866 -0.00469803 -0.00162183 -0.00123186 -0.00252909 -0.000344981 -0.00111194 -0.00128979 0.0042299 0.00387893 0.00179924 -0.00145144 0.00753417 -0.000334379 0.00506546 0.00166546 0.00162468 -0.00100883 2.27891e-05 -0.00245729 -0.00244463 -0.00256236 0.00409043 -0.00172766 -0.00435561 -0.000116077 0.000312977 -0.000551699 -0.00643796 0.00137926 -0.00184325 -0.00258542 -0.00332043 -0.00113911 0.00120661 -0.00145104 
-0.000400476 0.00466909 -0.00529109 -0.000924665 0.00356746 -0.00202561 0.00653413 0.00638791 0.0037253 0.205575 -0.00329867 -0.00200533 0.00812228 -0.00494062 0.0108027 -0.00547474 0.0196484 0.0048429 -0.000740115 0.0191502 0.00212657 -0.00193048 -0.00447729 0.00685416 0.00851586 0.0185066 -0.0072381 0.00136184 -0.00421626 -0.00280365 -0.0059497 -0.00800462 -0.00420708 -0.00439468 -0.00320088 -0.00552537 -0.01433 -0.00260032 -0.00365895 -0.0148888 0.000823049 0.00354958 -0.0057838 -0.0192206 -0.00529106 -0.0179005 -0.00242312 -0.0048464 -0.0124638 -0.00433783 -0.00730152 -0.00802593 0.00765347 -0.011315 0.00342939 0.000962962 0.000235876 0.00696182 0.000696865 -0.00461401 0.00685352 -0.0041061 -0.00345767 -0.0038878 -0.00143143 -0.0241187 0.00926425 -0.00405205 -0.0038005 -0.00945008 -0.0132498 -0.00383463 0.00730558 0.0120411 -0.00471924 -0.00751894 0.000958079 -0.00294809 0.00512348 -0.00240435 0.0183336 0.00337398 -0.00698187 -0.00115959 0.0114141 0.00625581 -0.017105 -0.00985996 -0.00922792 0.00460993 -0.00899168 -0.00288448 -0.0157149 -0.00555875 0.000186686 -0.0222054 -0.00986371 -0.00866115 -0.0102432 -0.00693524 
-6.35909e-05 -0.00240001 -0.00321916 0.000663011 -0.00634549 0.00879171 0.000890372 0.00168355 -0.00108316 -0.00329867 0.098348 0.00296157 0.00294429 0.00469423 -0.00425792 -0.00154622 -0.0071321 -0.00602406 0.00358397 -0.00295852 0.00628213 -0.00322885 0.00620242 -0.00824224 -0.00823936 -0.0106214 -0.00249405 0.00817562 0.00426028 -0.000586562 -0.00455982 -0.00134575 -0.00133566 -0.00347714 0.000499957 -0.000489768 0.000699279 -0.000922702 0.000670167 0.0037269 -0.00432123 -0.00246803 0.00477971 0.000928793 -0.00197259 -0.00162559 -0.00232959 -0.00458665 -0.00347325 0.00134746 0.00226779 -0.00547125 0.00113631 -0.0056943 -0.00357205 -0.000989841 0.000731774 -0.00733205 -0.00553096 -0.00165298 -0.00427505 -0.00106693 0.00221956 -0.00556727 -0.00334828 0.00166149 -0.00225618 -0.00239334 -0.00612775 0.0029623 -0.00254592 0.00245093 -0.00288841 4.58763e-05 -0.00157191 -0.00248676 0.00386262 -6.58484e-05 0.00421191 -0.00274446 0.00284897 -0.00526766 -0.00189084 -0.00394862 -0.00122548 -0.00503338 0.00454104 -0.00224331 -0.00242284 0.000444056 -0.00175092 0.00196801 -0.00249329 -0.00222832 0.000305627 0.00495846 -0.00576606 0.00578205 0.00198205 -1.28923e-05 
0.00138316 0.00141277 2.88108e-05 -0.00319813 -0.0082131 -0.00297908 0.00312705 0.00924284 -0.00103079 -0.00200533 0.00296157 0.151745 0.0143076 -0.00160012 0.00554316 -0.00866278 -0.00566264 0.0060507 0.00185022 -0.00638505 -0.0023851 -0.00481705 -0.00679442 -0.0146326 -0.00641292 -0.0024679 -0.00426585 0.00917336 -0.00559514 -0.00959559 -0.00079571 -0.0019467 -0.00785694 -0.000263964 0.00314817 -0.000630225 -0.00281837 0.00126193 -0.00434836 -0.0066262 0.00569024 -0.000746925 -0.00772457 -0.0050572 -0.0115918 -0.00835416 -0.00633113 0.00176601 0.00303953 -0.00357069 -0.00191713 0.0192256 -0.00080666 -0.000267517 -0.0151641 0.00580808 -0.0016071 0.00986832 0.00105653 0.0024978 -1.86925e-05 0.00162252 -0.00375897 0.00148405 0.000503604 -0.00496899 -0.00738444 -0.00310076 -0.00939571 -0.0113966 0.00624601 -0.00429953 -0.000127449 -0.000639022 0.000357277 -0.00237146 -0.00617462 -0.00695181 -0.00789871 -0.000376119 -0.0135077 0.00316717 0.00701149 0.00391576 -0.000870068 -0.00385706 -0.00162711 0.000359449 0.00659674 0.00036458 -0.000794065 0.000812502 -0.00810976 0.00335362 -0.00170672 0.00730175 -0.00686117 -0.00838284 -0.00301365 -0.000562772 
-0.00401118 0.00144959 0.00194784 -0.00274604 -0.000464474 0.00409528 0.00071984 0.0114081 0.00202942 0.00812228 0.00294429 0.0143076 0.173849 0.00602135 0.0141063 0.0123217 0.0159076 0.0114116 0.0016303 0.00513138 -0.00616278 -0.00494286 -0.0143308 -0.00412234 -0.0135037 0.00246896 -0.000262728 0.000674709 0.00141705 -0.00188631 0.000885443 -0.0018401 -0.00683456 0.00123216 -0.000650258 -0.00963226 -0.0109816 -0.00675825 -0.00643842 -0.00396442 -0.0110414 0.000704819 -0.0139588 -0.00657891 -0.00762452 -0.0133441 0.0181418 -0.00458517 -0.00442654 0.000506795 -0.00203712 -0.00607682 0.00413737 -0.0109008 -0.000581216 -0.00602438 -0.0112236 0.00927142 0.00484562 -0.0126439 0.000316314 -0.00142279 0.00110567 -0.0100518 -0.00490931 -0.0168119 -0.00537315 -0.00312776 -0.000517573 -0.0126318 -0.00561231 0.00241244 0.000587286 -0.0056218 1.1419e-05 0.00156187 -0.00334343 -0.0074148 -0.00730405 -0.00509232 0.000973274 -0.00176472 0.00318523 -0.00417907 -0.00910914 -0.00717589 -0.00145936 0.00130978 -0.0036788 -0.00227046 -0.00148264 0.000279766 -0.0057553 0.0218401 -0.000912796 -0.0133638 -0.00465079 0.00250193 -0.00813259 -0.00402395 
-0.000918491 -0.00252507 -0.00811147 -0.0022746 -0.00113033 0.000530485 -0.00737397 -0.00341954 -0.000591781 -0.00494062 0.00469423 -0.00160012 0.00602135 0.132659 0.00566151 0.00656741 -0.00155035 0.00677368 0.00614988 -0.00179823 0.00840258 -0.00156075 -0.00741305 -0.00338735 0.00148042 0.00159769 0.00334498 0.000156003 0.00341515 0.00370817 -0.00150801 -0.000946788 -0.00295042 -0.000363544 0.00235409 0.00135062 -0.00608214 -0.00341365 -0.00181547 -0.00491551 -0.00317235 0.00836908 -0.00919298 -0.00136844 0.000947545 -0.0121047 -0.00182674 -0.00176763 -0.00303863 -0.00251586 -0.00351416 0.0053906 0.00253172 6.00138e-05 -0.00497106 -0.00251701 -0.00457837 -0.00782904 0.00385791 -0.00574616 -0.0104775 -0.00277617 -0.00105548 -0.00222473 0.00135162 -0.0041281 -0.0015937 -0.00472233 -0.00167583 -0.00485276 0.00420201 -0.00581218 -0.00267041 -0.000229617 -0.00252166 -0.00239158 -0.00114764 -0.00152566 0.000997268 -0.000359073 0.00310787 -0.00392133 2.62097e-06 -0.00189904 0.00449041 0.00203808 -0.00802955 -0.00393058 -0.000378671 -0.0042423 -0.00653229 -0.00180649 -0.00383594 -0.00235267 -0.00434378 -0.0112891 0.00341674 -0.00131164 -0.00259988 0.00574153 
-0.00580724 0.00191946 -0.0100398 -0.00284529 -0.00673277 0.00611184 0.000413751 0.00342953 0.00150363 0.0108027 -0.00425792 0.00554316 0.0141063 0.00566151 0.131158 0.00326145 0.0123382 0.0180764 3.85284e-05 0.0083795 -0.00650963 0.00391711 -0.00810286 0.00137046 -0.000914264 -0.00193723 -0.00719114 -0.00231625 0.00095173 0.000188511 -7.83623e-05 -0.00501943 -0.00504494 -0.00499795 -0.0053427 -0.00936472 -0.00456934 -0.000972754 0.00014832 -0.00522538 0.00119924 0.000817783 -0.00575813 -0.00354843 0.00211177 -0.00116038 -0.00569134 0.00815752 -0.00152527 -0.00113571 -0.00409609 0.0106874 0.00202146 -0.00930369 -0.00641917 -0.00473501 -0.00217047 0.00436584 0.0079462 -0.00762826 0.000219598 -0.00402832 -0.00118511 -0.00945291 0.000852036 -0.00472697 -0.00288276 0.000944611 -0.0056825 -0.00419582 0.00232424 -0.00471797 0.00410175 -0.00595392 -0.00293649 0.000737509 -0.00698012 0.000652558 -0.00974685 0.00229254 0.000409677 -0.00145136 0.00389179 0.00170444 -0.00792056 -0.002119 -0.0110345 0.00030616 -0.00370961 -0.00128125 -0.00529539 -0.000270191 -0.0112481 -0.00883416 -0.00338782 -0.00686653 -0.0076957 0.00107155 -0.00180637 -0.000283586 
-0.00680153 -0.00130621 -0.00884693 0.00353293 0.0193868 -0.00413333 -0.0153159 -0.000226054 -0.00489276 -0.00547474 -0.00154622 -0.00866278 0.0123217 0.00656741 0.00326145 0.149038 0.00588232 -0.000656157 0.00715308 0.0072578 0.00770816 0.0100023 0.00585884 -0.00245959 -0.00238665 0.00836208 -0.00646195 -0.00548729 -0.0128023 -0.00559915 -0.00939139 -0.00585647 0.00230462 -0.0061383 0.00537081 -0.00321706 -0.00632075 -0.00181661 -0.000732517 0.00711144 -0.008694 0.010203 -0.000890111 -0.00830747 0.00398812 -0.0125378 0.0156108 0.00544099 -0.0066569 -0.00483656 -0.00668614 -0.00438343 0.000286933 0.00295854 0.000801678 -0.00679047 -0.0119464 0.00158802 -0.00302169 -0.00718344 -0.00118939 -0.00377762 -0.00721678 -0.00502658 0.002143 0.000340688 0.00444463 0.00420147 -0.00552092 0.000723703 0.00127671 -0.00672143 0.00683014 -0.011317 -0.00247081 0.00792303 -0.00941835 0.000973084 -0.00111462 -0.00180989 -0.00674251 -0.00677999 -0.0020012 -0.00828278 0.00596181 0.000532499 -0.011271 -0.00238161 0.00231596 -0.00260382 -0.00459128 -0.00296623 0.0064698 -0.00267355 -0.00646968 -0.00836603 -0.00209064 -0.00479393 -0.00330156 -0.00676831 
-0.0102573 -0.00249675 -0.00690227 -0.00715268 -0.00745897 -0.00509936 -0.00241184 0.00287287 -0.000992202 0.0196484 -0.0071321 -0.00566264 0.0159076 -0.00155035 0.0123382 0.00588232 0.189284 0.014004 -0.00103383 0.0137053 -0.0114822 0.002278 -0.00705213 -0.00722162 -0.00320411 0.0124915 0.0062126 -0.0114485 -0.00263058 -0.00843371 -0.0125506 0.00452865 -0.00410989 -0.00696163 -0.00441475 -0.00704114 0.0022124 -0.00509184 -0.00133774 0.00254478 -0.0043833 -0.00276722 -0.00799974 -0.00853569 0.00850017 0.000229632 -0.000317392 -0.00202786 -0.00461749 0.00216264 0.00495454 -0.01604 -0.00108886 0.022671 -0.00469469 -0.00619289 -0.00772392 -0.00645797 0.0039457 -0.00358224 0.00493092 -0.00556146 -0.0054758 -0.00988335 0.000532077 -0.0133122 -0.00442825 -0.00158745 0.0123473 0.00380679 -0.00902057 -0.00157334 0.00408285 -0.00103403 -0.00334869 -0.00137695 -0.00103589 0.00263921 -0.0112747 -0.0018971 0.0036276 -0.00101163 -0.00972649 -0.00809936 0.0138148 0.000177079 -0.0016946 0.000956347 -0.00174193 -0.00293988 -0.0129213 -0.00131053 -0.00645119 -0.00495119 -0.00316904 -0.0180719 -0.00980188 0.00271095 -0.0109607 -0.0047785 
-0.000983215 -0.00259584 9.00354e-06 -0.00532086 -0.00945957 0.00117878 -0.000988812 -0.00341714 0.0023246 0.0048429 -0.00602406 0.0060507 0.0114116 0.00677368 0.0180764 -0.000656157 0.014004 0.139871 0.00179786 -0.0038101 -0.00941113 -0.0113177 -0.0159239 -0.00417983 0.00356805 -0.0013784 0.00844741 0.000115767 0.00107134 0.00656785 0.00049145 -0.00119541 -0.00729429 -0.0084661 0.000905688 -0.00580233 -0.00288699 -0.00610967 0.000304285 0.000647521 -0.0065905 -0.00556358 -0.0123232 -0.00525898 -0.0116437 0.00231517 0.00947637 0.000323058 -0.00362185 0.00253437 0.00115228 -0.00549836 -0.00239949 0.000716544 -0.00525267 0.00124195 -0.000227828 0.0113454 0.00888151 9.73914e-05 0.00890607 -0.00596937 0.00233048 -0.00518301 -0.00247325 -0.0133164 -0.0038066 0.000624038 0.00206975 -0.00938605 0.000315188 0.00102321 -0.00235363 0.0014716 -0.00576101 0.00287888 -0.00259321 -0.0022396 -0.00663836 -0.00435848 -0.00227008 -0.000377623 -0.00172694 0.00594777 -0.00616509 -0.00214694 -0.00346129 -0.00236537 -0.00360376 -0.00274375 -0.00242795 -0.00248693 -0.00563076 0.00615911 -0.00133894 -0.0100157 -0.0103408 -0.00260622 -0.00194723 -0.00693435 
-0.000886492 0.000179513 -0.00761437 0.00642259 -0.00404842 0.000225438 0.00142623 -0.00348723 -0.0031123 -0.000740115 0.00358397 0.00185022 0.0016303 0.00614988 3.85284e-05 0.00715308 -0.00103383 0.00179786 0.097688 0.00418517 0.00379118 -0.0052682 0.00552721 -0.00845099 -0.00339033 -0.00390648 -0.000275461 0.00215893 -2.8216e-05 -0.000512984 0.000330807 -0.00244722 -0.00214405 -0.000600361 0.000409245 0.000176881 0.000267483 -0.00339988 0.00521212 -6.02752e-05 -0.00357899 0.00316897 -0.00390435 -0.00338134 -0.00497146 -0.0132508 -0.000852753 -0.000885723 0.000609826 0.00174576 -0.00534384 -0.00536093 -0.000545026 0.00537759 0.00309003 -0.00105684 -0.00469707 -0.00343012 -0.000478378 -0.00437002 -0.0025481 -0.00016221 0.000638909 -0.00256597 0.000412407 -0.0069819 -0.000458622 -0.00127092 -0.0074429 -0.00228651 -0.00264734 -0.00351508 0.00149765 0.00207238 -0.00325784 -0.00149087 -0.00230612 -0.00209823 0.0017435 -0.0014877 -0.00534679 -0.000670183 -0.00297431 -0.00159304 0.0035519 -0.00023624 0.00352256 -0.00187294 -0.00294899 0.000627521 -0.000886018 0.00273428 -0.0030461 -0.0010452 -2.46719e-05 -0.0052418 -0.003168 -0.00413072 0.00485394 -0.00463161 
-0.00421779 0.000470403 -0.00337562 -0.00457182 0.0120485 0.0039193 -0.0113909 -0.00671901 -0.00517758 0.0191502 -0.00295852 -0.00638505 0.00513138 -0.00179823 0.0083795 0.0072578 0.0137053 -0.0038101 0.00418517 0.166218 0.0131074 -0.00202478 0.00168503 -0.00123699 0.00569615 0.00246024 0.00242748 -0.0054333 0.00286304 -8.90526e-05 -0.00781878 -0.00524391 0.00474956 -0.000992463 -0.00559342 -0.00221994 -0.0024826 -0.00624699 0.00351095 -0.00532654 0.00225902 0.0002784 0.00102955 -0.00463091 0.000929386 -0.0103474 -0.00049347 -0.00361959 -0.00812183 -0.00428086 -0.00644673 -0.011877 -0.00381719 -0.00602966 0.00151883 -0.00313299 -0.00517624 -0.00357661 -0.00872346 -0.0048071 -0.00515991 -0.00467159 -0.0116918 -0.00205888 -0.000424935 -0.0124832 -0.00190627 -0.00102678 0.00723592 0.00477847 -0.0029727 0.00348523 0.00151863 -0.00086567 -0.00863843 -0.00630821 -3.55218e-05 -0.00396185 -0.00177354 -0.00215768 -0.0109557 -0.00125871 -0.00433409 -0.00580564 0.00772787 -0.00126665 -0.0105662 0.00566028 -0.00139813 -0.00372996 -0.00250196 -0.00111052 0.00739523 0.00218563 0.000675589 -0.0145946 -0.0022817 -0.00979914 -0.00560461 -0.00210466 
-0.00369472 -0.00547504 -0.00766191 -0.00516553 0.004904 -0.00448405 -0.0067138 0.00169278 -0.00512452 0.00212657 0.00628213 -0.0023851 -0.00616278 0.00840258 -0.00650963 0.00770816 -0.0114822 -0.00941113 0.00379118 0.0131074 0.171657 0.00104575 0.00965799 -0.00495625 0.000166541 0.0183795 -0.00505054 -0.00249837 0.00898543 0.00175639 0.00389444 -0.00140819 0.00227652 -0.00396628 -0.00113472 -0.00530291 -0.00430636 0.010463 -0.000102124 -0.00353977 0.00864491 0.00846525 -0.00684771 -0.0105926 -0.00704626 -0.0102815 -0.0068488 -0.00962599 -0.00858363 -0.00655069 -0.00698669 -0.00293223 -0.00453177 -0.00663405 -0.00662502 -0.00637401 -0.000932988 0.00184483 -0.000466422 0.00248711 -0.0103846 -0.00988437 -0.00335944 0.00267037 0.00197377 0.000501931 0.00884978 -0.00285419 -0.0133378 0.00288615 0.000598608 -0.00256685 0.00321522 -0.00529761 -0.00266679 -0.00121598 -0.0105692 -0.00212051 0.000355908 0.000634845 -0.00424879 0.00135003 -0.00457494 -0.00368239 -0.00359104 0.00449161 -0.0104223 -0.00395682 -1.57011e-05 -0.00117891 0.0041874 -0.00433143 0.0052827 -0.00812823 -0.00315825 0.000525337 -0.00277256 -0.00895472 -0.00532934 0.00173589 
-0.00896393 -0.00395663 -0.00788557 -0.0109372 0.0111942 0.000980997 -0.0113807 -0.00339659 -0.0045436 -0.00193048 -0.00322885 -0.00481705 -0.00494286 -0.00156075 0.00391711 0.0100023 0.002278 -0.0113177 -0.0052682 -0.00202478 0.00104575 0.157688 -0.0058175 0.000474892 0.00613397 0.011491 -0.0118988 -0.00735592 -0.000746957 0.00330262 -0.00311871 -0.00296788 0.00220685 0.000611907 -0.0107437 -0.014049 -0.00374256 0.00705732 -0.00822771 0.000672428 0.00723674 -0.00275698 -0.00647381 -0.0100843 0.00399928 0.0125922 -0.00534107 -0.00554656 0.00108335 -0.0041525 0.00105551 0.00459113 0.00461583 -0.0108421 0.00304628 -0.0012019 0.00371304 0.00329749 -0.00891393 -0.00633355 0.00324362 6.527e-05 -0.00257929 -0.00759174 -0.000852954 0.0139624 0.00206246 0.00478122 0.00295305 0.00775201 -0.00286593 -0.00640441 -0.00682942 -0.0156766 -0.000724973 -0.000845683 -0.00428088 0.00772044 -0.0128287 0.00306863 0.0182119 0.00476851 0.000928586 -0.00216647 0.00234381 0.00521539 -0.00190186 -0.00173919 0.00361139 -0.0053858 -0.00671554 -0.00261364 -0.00480629 -0.0152205 -0.00469243 -0.00860521 -0.000975668 0.00350422 -0.00821594 -0.00749156 
-0.000178628 -0.00820595 -0.00465733 0.00642557 -0.00496289 -0.0124233 -0.00292651 -0.00501525 -0.00292915 -0.00447729 0.00620242 -0.00679442 -0.0143308 -0.00741305 -0.00810286 0.00585884 -0.00705213 -0.0159239 0.00552721 0.00168503 0.00965799 -0.0058175 0.173552 0.00290934 0.00121191 0.00900723 0.00312464 -0.00358239 -0.00270122 -0.00950375 -0.0062032 0.00291409 0.00906688 -0.00651421 0.00609472 0.0117818 -0.00229021 -0.00105879 -0.00135471 -0.00634902 -0.000695738 -9.34868e-05 -0.00350673 0.00308578 0.00393369 -0.000159325 -0.0101575 -0.00266275 0.000311245 -0.00436799 -0.00444485 -0.006529 0.00490015 0.00504585 0.0282078 -0.00216407 -0.00271256 -0.00637843 -0.0071531 0.00354344 0.00674147 -0.00244151 0.00103792 -0.00418455 0.00415181 -0.00197016 0.00296228 0.00408259 -0.0154494 -0.00681905 -0.0133419 -0.00876679 -0.00421665 0.000969133 -0.00340903 -0.00585987 0.00278913 0.0031092 0.00860612 -0.00244478 -0.0129108 -0.00267141 0.00182891 -0.00892716 -0.00609159 -0.00191864 -0.00378361 -0.0114762 0.00495945 -0.0015788 -0.00285603 -0.00245387 -0.0067537 -0.0127586 0.00744858 0.00906385 -0.0145523 -0.00312556 -0.0001704 0.000928816 
-0.00416052 0.000903621 0.0278724 -0.00522962 0.0044651 0.00182718 -0.0047353 -0.000338706 -0.00330392 0.00685416 -0.00824224 -0.0146326 -0.00412234 -0.00338735 0.00137046 -0.00245959 -0.00722162 -0.00417983 -0.00845099 -0.00123699 -0.00495625 0.000474892 0.00290934 0.177826 0.00217999 -0.00807687 0.0122557 -0.00155515 -0.00434043 -0.00133275 -0.0107938 -0.00706907 -0.000693712 0.00171324 -0.0119574 -0.00798496 7.60113e-05 -0.00246032 0.00342927 -0.0124076 -0.00105664 -0.0105867 0.00592659 -0.00378175 0.00130656 0.0206014 0.00227273 -0.00104892 -0.00535518 -0.00605223 -0.00560177 0.00733082 2.83093e-05 -0.00614268 0.00964293 0.00707012 -0.0162477 0.0130075 0.00752965 -0.0072073 -0.0102942 -0.00682175 -0.00503753 -0.000841905 -0.00204882 -0.00117486 0.00964571 0.00269397 -0.0125092 0.000299967 0.000442219 -0.00321849 -0.0126737 -0.00746144 -0.000692776 -0.0030407 -0.0138217 0.0109508 -0.00375111 0.00217978 0.00515457 8.17924e-05 0.00695788 -0.000403939 -0.0147076 -0.00151719 -0.00925851 0.00396898 -0.0108383 0.00414101 -0.00279757 -0.000395315 -0.0040772 -0.0143779 0.00206083 -0.0142801 0.00235781 0.00257015 -0.00724573 -0.000681057 
8.98678e-05 -0.00124905 -0.00328739 -0.00724445 0.00649601 -0.0100252 -0.00292553 -0.0023483 -0.000292827 0.00851586 -0.00823936 -0.00641292 -0.0135037 0.00148042 -0.000914264 -0.00238665 -0.00320411 0.00356805 -0.00339033 0.00569615 0.000166541 0.00613397 0.00121191 0.00217999 0.13388 0.0185497 0.000432638 -0.00534994 0.000214345 -0.000592096 -0.0017972 0.000614287 0.00366124 -0.00645298 -0.0018272 -0.00337073 -0.00359021 0.0083253 -0.00532063 -0.00545562 0.00223871 0.00419842 -0.00142086 -0.00571697 -0.00358407 -0.00300816 -0.00637735 0.000360929 0.0063312 -0.000883347 0.000511041 0.00537184 0.00578941 0.00666213 0.0064857 0.00136486 0.00698585 0.003619 -0.00348631 -0.00354095 -0.00721095 0.00510287 -0.00631257 -0.00487729 0.00107647 -0.00995085 0.00159018 -0.00211552 -0.00599482 -0.00691662 -0.00303763 -0.00700273 -0.0042632 0.00216642 -0.00484572 5.99514e-05 0.00488953 0.000764977 -0.000872441 -0.00289194 0.00158298 0.000536459 0.00116998 -0.00351466 -0.00815764 -0.00240859 -0.00703027 -0.00472946 -0.00148875 -0.00604301 0.00213326 -0.0033418 -0.00974146 -0.00845043 0.00410909 -0.00490497 -0.00182517 -0.00830064 -0.00895341 -0.00393672 
-0.00761197 -0.00258266 -0.0150436 -0.00785651 0.00817055 -0.0102386 -0.00758587 0.00589097 1.78295e-05 0.0185066 -0.0106214 -0.0024679 0.00246896 0.00159769 -0.00193723 0.00836208 0.0124915 -0.0013784 -0.00390648 0.00246024 0.0183795 0.011491 0.00900723 -0.00807687 0.0185497 0.173776 0.00459353 -0.00844921 -0.000495885 0.00599254 0.00536198 -0.000671857 0.00789542 -0.00548081 0.00572269 0.000160185 -0.0103404 0.00368736 -0.00630961 0.00154242 -4.93388e-05 0.00566881 -0.00858575 -0.00985279 0.00662677 -0.0129852 -0.0186501 -0.00284846 -0.00968653 -0.0110082 -0.00142403 0.00529972 0.00428483 -0.0122242 0.00520602 -0.00968941 1.39198e-05 -0.00102425 -0.00610002 -0.000569208 -0.00426971 -0.00127784 -0.00632693 -0.0028058 -1.97606e-05 -0.00401638 0.00108753 -0.00577086 0.00472312 -0.000263868 -0.0151482 -0.0100173 0.00852996 -0.00367633 -0.00523091 -0.000937743 -0.00390258 -0.00451391 3.59347e-05 0.00239107 0.00484392 0.00792032 -0.00762086 -0.0111692 0.00403263 0.00794311 -0.0034101 -0.00381621 0.000887156 -0.014014 -0.00428069 -0.00597135 -0.00815041 -0.00498545 -0.00443551 -0.0138397 -0.00697706 -0.00808731 -0.00798268 -0.00694971 
0.00423911 -0.00484369 0.0136425 -0.00250221 0.00772721 -0.000640093 0.00240163 0.0027401 -0.00321822 -0.0072381 -0.00249405 -0.00426585 -0.000262728 0.00334498 -0.00719114 -0.00646195 0.0062126 0.00844741 -0.000275461 0.00242748 -0.00505054 -0.0118988 0.00312464 0.0122557 0.000432638 0.00459353 0.154576 0.00127655 0.00293128 0.0110114 0.0044636 -0.00197223 -0.000400477 -0.00622295 0.00268813 6.24505e-05 -0.00765053 -0.00783796 -0.00371944 -0.00643816 -0.00792408 -0.0052326 -0.00427932 -0.00390271 -0.00891162 0.0203255 0.00765646 -0.0027031 -0.00440156 -0.00202681 0.00121508 -0.00800217 -0.000174649 -0.0165699 -0.00363107 0.00759111 -0.00392554 -0.012442 -0.00253263 0.000194597 0.00172141 -0.00374778 -0.00316516 -0.00304531 4.61404e-05 -0.00718722 -0.00716586 -0.00151314 0.000802923 -0.00573432 -0.0100285 -0.00127961 -0.00455699 -0.00597785 -0.00393673 -0.00675759 -0.00343803 -0.00319749 0.00217105 -0.00234359 0.00648516 -0.00191066 -0.00552711 -0.00320168 -0.00290044 -0.0050138 -0.000850636 -0.00127583 -2.90039e-05 -0.00578418 -0.00561449 0.00037886 0.00292185 0.0124405 -0.00292139 -0.00956954 -0.00182173 -0.00499979 -0.00874119 -0.00206892 
0.000202094 0.000152379 -0.00522223 -0.000111059 -0.00709399 0.00508591 0.00916781 -0.00495234 -0.000500511 0.00136184 0.00817562 0.00917336 0.000674709 0.000156003 -0.00231625 -0.00548729 -0.0114485 0.000115767 0.00215893 -0.0054333 -0.00249837 -0.00735592 -0.00358239 -0.00155515 -0.00534994 -0.00844921 0.00127655 0.0965119 -0.00311851 -0.0011014 0.00287362 -0.00239242 -0.00228153 -2.69433e-05 0.00220034 0.00119724 -0.000101704 -0.00232114 -0.000839072 -0.0015437 -0.000343874 -0.00615546 -0.002823 0.00478155 -0.00501838 -0.00468431 -0.00630534 -0.00297197 -0.00122298 0.000691602 -0.00295852 -0.00113541 -0.00166292 -0.00383469 -0.00646705 -0.00141472 0.00476848 -0.00628462 0.00015564 0.000724238 0.000168291 -0.00168877 -0.000462249 0.00541475 -0.00180543 -4.77801e-05 -0.0010116 0.000196971 -0.00349258 -0.000231708 0.000645037 0.000838066 -0.0034869 -0.00206526 -7.3785e-05 -0.00333788 -0.00173278 -0.00354733 -0.00218455 -0.00141359 -0.00422765 -0.00372481 0.00077335 0.00410425 0.00107345 -0.00566458 0.00179111 -0.000893427 0.00298242 0.00275342 0.000668084 0.000884566 -0.00134275 0.000690335 -0.00108253 0.00370286 0.000549989 -0.0056568 0.0023029 0.00639546 
-0.00258559 0.00212697 -0.00510873 -0.00401238 -0.00298434 -0.00120674 0.00498919 -0.00258418 0.000585962 -0.00421626 0.00426028 -0.00559514 0.00141705 0.00341515 0.00095173 -0.0128023 -0.00263058 0.00107134 -2.8216e-05 0.00286304 0.00898543 -0.000746957 -0.00270122 -0.00434043 0.000214345 -0.000495885 0.00293128 -0.00311851 0.116125 0.014446 0.0101407 0.00405854 0.00272262 0.0061868 0.000932665 -0.00254097 0.00201182 0.000671894 -0.00187262 -0.00255452 -0.00585736 -0.00178198 0.00249431 0.00207172 -0.00797695 -0.00400189 -0.00391157 -0.00494178 -0.0017041 0.00141126 0.000193025 -0.00373919 -0.00175698 -0.0105147 -0.0071871 -0.00460786 0.00127279 -0.00712494 -0.00463182 -0.0057409 -0.0108371 -0.00387963 -0.00181271 0.000599009 -0.00198074 -0.00137523 -0.00178563 -0.000744055 -0.00577459 -0.006409 -0.00614405 -0.00270448 0.000382045 -0.00133537 0.00151707 -0.0063837 -0.000982328 0.000952219 0.00940213 -0.000578747 -0.00518869 -0.00556085 -0.00565525 -0.00685646 -0.0105033 0.00335571 0.00242767 -0.000610033 -0.00455386 4.88291e-05 0.00265484 0.0012729 -0.00249809 0.0138242 0.00447517 -0.00155379 -0.00472731 0.00205342 -0.000874835 -0.00260147 
-0.00250138 0.00328615 -0.00596483 -0.0115308 0.00209174 0.00868467 0.00175707 -0.00354303 0.00214445 -0.00280365 -0.000586562 -0.00959559 -0.00188631 0.00370817 0.000188511 -0.00559915 -0.00843371 0.00656785 -0.000512984 -8.90526e-05 0.00175639 0.00330262 -0.00950375 -0.00133275 -0.000592096 0.00599254 0.0110114 -0.0011014 0.014446 0.12575 0.00839899 0.00255989 0.00315673 0.000852291 -0.00623069 -0.00365945 -0.00115755 -0.00235828 -0.000823061 -0.0028602 -0.00720324 0.00298291 0.00390259 -0.00434549 -0.00460177 0.00396829 -0.000905377 -0.00633361 0.004118 0.00130232 0.00071133 0.000886536 0.000437026 -0.0096535 -0.00994685 -0.00380877 0.00509976 0.00231269 0.00621338 -0.0017027 -0.00645437 -0.00467989 -0.00210887 -0.00183773 -0.000382259 -0.00882537 -0.00425053 6.87665e-05 -0.00871556 -0.00179678 -0.00800273 -0.00671782 -0.00636966 -0.00852871 -0.00263858 -0.00180716 0.00273952 -0.00252111 0.00581112 -0.00472056 0.0102279 0.00165248 -0.00680307 -0.0013998 -0.00719205 0.00246674 -0.00169031 0.00156756 -0.00748165 -0.001312 -0.00419349 -0.00255441 -0.00795914 0.000644559 -0.000504881 -0.00843407 -0.00517709 -0.00219573 0.0110915 -0.00543725 
-0.000297081 0.00884043 -0.0116306 0.000370162 0.00164803 -0.00752704 -0.000414001 -0.00509543 -0.00128975 -0.0059497 -0.00455982 -0.00079571 0.000885443 -0.00150801 -7.83623e-05 -0.00939139 -0.0125506 0.00049145 0.000330807 -0.00781878 0.00389444 -0.00311871 -0.0062032 -0.0107938 -0.0017972 0.00536198 0.0044636 0.00287362 0.0101407 0.00839899 0.107378 0.00178611 -0.00369829 0.00266223 0.0100497 -0.00619111 -0.00349579 0.00353425 -0.00343287 -0.00525078 -0.00340204 -0.00494047 -0.0101056 0.00219483 -0.00511739 -0.00619142 -0.00887445 -0.00158249 -0.00149815 -0.00252752 -0.00114644 -0.00256957 -0.005478 -0.00699508 -0.00893923 0.000596966 0.00347528 0.00568727 -6.07985e-05 -0.00119056 -0.00554769 -0.00173172 0.00479528 -0.00313261 0.00253853 0.00434506 -0.00117219 -0.00130109 0.00276531 -0.00877142 0.00115928 -0.00542937 0.00372354 -0.00722233 0.00176739 -0.00245064 -0.00418425 0.00111767 0.00503108 -0.00258302 -0.00119071 0.00239803 -0.004634 0.00338765 -0.0032782 0.00172652 0.0014948 -0.00293269 -0.00458277 -0.00335208 -0.00231737 -0.00014461 0.000176996 0.0143557 0.000331084 0.0086984 0.00490554 -0.00459856 0.00441167 -0.000128944 
-0.000833939 -0.00338235 -0.0031402 -0.00368359 -0.00369316 -0.00296143 0.00353412 0.0020687 0.000115608 -0.00800462 -0.00134575 -0.0019467 -0.0018401 -0.000946788 -0.00501943 -0.00585647 0.00452865 -0.00119541 -0.00244722 -0.00524391 -0.00140819 -0.00296788 0.00291409 -0.00706907 0.000614287 -0.000671857 -0.00197223 -0.00239242 0.00405854 0.00255989 0.00178611 0.0874154 0.00149064 -0.00077886 0.00765229 0.00445319 0.00610697 0.00245783 -0.00159893 0.000357977 -0.00547695 -0.0013429 0.000763127 -0.000427413 -0.00148364 -0.00594487 -0.00552885 -9.36226e-05 -0.0019972 -0.00278561 -0.000144815 -0.00252189 0.00230323 -0.000206393 -0.00296326 -0.00230332 0.00363265 0.000680849 -0.0030281 0.00583966 -0.00210807 0.00142309 -0.00108453 -0.00247368 0.0035389 -0.00546138 -0.00519504 -0.000120281 -0.00458242 -0.0042928 -0.00312078 0.000380953 -0.000602781 0.00148464 0.0028289 -0.000377476 0.00140223 -0.00238188 0.00218006 -0.00276755 -0.00117296 -0.0016733 -0.00016209 -0.00574302 0.00347326 -0.003328 -0.00207795 -0.00175354 -0.00220898 -0.00289446 -0.000267282 -0.000855034 0.0020374 0.00364425 -0.00289969 0.00247361 -0.00169056 -0.0003126 -0.00304946 0.0011058 
-0.00505315 -0.00302719 0.0054147 -0.00305491 0.00099094 -0.00609159 -0.00104205 -0.00144994 -0.00299274 -0.00420708 -0.00133566 -0.00785694 -0.00683456 -0.00295042 -0.00504494 0.00230462 -0.00410989 -0.00729429 -0.00214405 0.00474956 0.00227652 0.00220685 0.00906688 -0.000693712 0.00366124 0.00789542 -0.000400477 -0.00228153 0.00272262 0.00315673 -0.00369829 0.00149064 0.094826 -0.000865255 -0.00326977 0.00195111 0.00383003 0.00643212 -0.00251386 -0.00190183 -0.00805656 -0.00148491 0.00166243 -0.00348458 0.00351649 -0.00171161 0.000884665 -0.00305086 0.00558917 -0.0010883 0.0029963 -0.00646338 0.000790605 -0.00807419 0.010378 -0.00292479 0.00367836 -0.00375949 -0.00646302 0.00146488 -0.000677603 -0.00117512 -0.00353424 -0.000994976 -0.00122721 -0.00500742 0.00105861 0.00553635 -0.00484018 -0.001521 -0.00787161 -0.000168814 -0.00211993 -0.00169415 -0.0040604 -0.000420624 -0.0029946 0.00328051 -0.000118328 -0.00125021 -0.00236356 0.00389074 -0.00194586 -0.000816031 -0.00569633 -0.000345232 -0.00590409 -0.00312867 -0.00211236 -0.00458524 -0.00153116 0.00124654 0.00131829 -0.00238623 0.00435637 -0.000690282 -0.000994639 -0.0032846 -0.00373285 0.00124506 
-0.00153997 0.000828191 -0.00370809 -0.00327872 -0.000419472 -0.000645719 -0.00112556 -0.00273025 0.000396989 -0.00439468 -0.00347714 -0.000263964 0.00123216 -0.000363544 -0.00499795 -0.0061383 -0.00696163 -0.0084661 -0.000600361 -0.000992463 -0.00396628 0.000611907 -0.00651421 0.00171324 -0.00645298 -0.00548081 -0.00622295 -2.69433e-05 0.0061868 0.000852291 0.00266223 -0.00077886 -0.000865255 0.0877819 0.000604232 -0.000439813 -0.00126531 -0.000723517 0.00144131 0.000492214 0.00358478 0.000429824 -0.00180679 0.00939723 -0.00135737 -0.008746 -0.00560339 -0.000766888 0.00283849 0.00300303 -0.00268756 -0.00231667 -0.00251117 -0.00147926 -0.00733482 -0.00197355 -0.0025894 -0.00386928 -0.000934745 -0.00244922 -0.00310964 -0.00231887 -0.00585267 0.005211 0.000374334 -0.00108553 0.000477965 -0.00395748 -0.000817131 -0.000215805 -0.00670005 0.00368905 -0.00142328 -0.00332554 -5.18058e-05 -0.000101094 -0.0041474 0.000315943 -0.00254991 0.00331482 -0.00623738 -0.000489338 -0.00319998 0.00483261 0.00101858 0.00355243 0.00158051 -0.000438348 0.0016899 -0.00113073 0.00262342 0.000349983 0.00401357 0.00304918 -0.00297726 0.00359347 0.00811966 0.00140429 0.00331614 0.0028125 
