0.111196 0.000701728 -0.00175799 0.00121498 0.000474035 0.00461039 0.0032049 -0.00349187 -0.00228492 0.000995481 0.00117445 -0.00107964 0.00900454 0.00191321 0.00338654 -0.0050854 -0.00113034 -0.00529287 -0.00171203 -0.0100233 -0.00308655 -0.00429787 0.000767592 0.00598777 -0.000706733 0.00598992 -0.00169538 0.00722106 -0.00680763 -0.00720836 0.000855398 -0.00387502 0.0113861 -0.00242548 -0.00438139 -0.00478347 0.00199434 0.000419843 -0.00351659 -0.00045333 0.00341092 0.000844848 -0.00360204 0.00290952 -0.00180174 -0.00490813 -0.0021475 -0.00797802 -0.00298179 -0.00502309 0.000127359 0.00607744 0.00390914 -0.00638282 -0.00528846 -0.00342855 7.68372e-05 -0.00317188 -0.0114875 -0.00637439 0.00187856 -0.00270084 -0.00458016 -0.00805443 -0.00271864 -0.00497834 -0.00587038 -0.00270084 -0.0103028 -0.000599322 0.0169634 0.0023434 -0.00447178 -0.000768914 0.00297496 -0.0105813 -0.00113293 -0.00211823 -0.00479797 -0.00316606 -0.000983271 0.00756037 -0.00246788 -0.00315483 0.00379268 -0.000444663 -0.00498385 -0.00423044 -0.000929344 -0.00786735 0.00102841 0.007203 -0.0116243 0.000142952 0.00147231 0.00157519 0.00173339 0.00411856 0.00175922 0.00150083 
0.000701728 0.0550542 0.000314703 0.00064762 -0.000484652 0.000819547 0.00200217 -0.00159875 0.00127303 0.00204432 -0.000235254 -0.0024747 -0.000609678 -0.0018353 -0.00356968 0.00101024 -0.00183786 -0.00109191 -0.00259212 -0.00546573 -0.00358557 -0.000724987 0.000277196 -0.00252085 -0.00365806 -0.00173217 0.00111132 -0.0043696 -0.00267871 0.000207001 0.000243935 -0.00437567 0.000103373 -2.96698e-05 -0.000737473 -0.00193013 0.00309067 0.00237451 -0.00135485 -0.00108226 -0.00495598 -0.00192263 -0.000362526 -0.00619488 -0.00221273 0.000496876 0.000902442 -0.000873288 -0.00214503 -0.00166559 0.00194913 -0.00241251 -0.00170824 -0.0016368 0.00028455 0.00167402 -0.000229329 -0.000503059 0.00263491 0.00238903 0.000827683 0.00588986 0.000997 0.00348314 0.00437197 -0.000670822 -0.000113154 0.000725914 -0.00394846 -0.00119565 -0.00113881 0.0021535 0.000366249 0.00215867 -0.00081217 0.00173272 -0.00105875 -0.00350459 -0.000428332 0.00178369 -0.000380346 0.00124205 -0.00289236 -0.00152033 -0.00289077 -0.00197137 -0.00101258 -0.00158183 -0.00163111 -0.00136387 0.00279973 0.00162945 -0.000763726 -0.00316328 -0.00210872 0.00103983 -0.00169231 -0.00187582 0.00244143 -0.000132054 
-0.00175799 0.000314703 0.0881904 -0.00154849 0.00265779 0.00975017 -1.61386e-05 0.00273911 -0.000880846 0.0017766 0.00243406 -0.00227072 -0.00222407 -0.00278117 0.00321385 -0.000788853 -0.00266986 0.000573842 -0.000765736 -0.00559317 -0.00374849 -0.000665759 -0.00099172 -0.00260531 -0.00460256 0.00287232 0.0015761 -0.00267493 0.0106601 0.000949616 -0.00332897 -0.00340559 -0.000662449 -0.00236875 -0.00253042 -0.00489817 -0.000315938 5.05849e-05 -0.000110489 0.0011829 0.00134044 -0.000410172 -0.00107059 -0.00137468 0.000501364 -0.000852749 -0.00197698 -0.00866409 0.000855349 8.06343e-05 0.000107422 0.00202643 -0.000837956 -0.00043499 -0.00535575 -0.000851031 0.000451328 -0.0034387 -0.00453694 -0.00859415 -0.00269397 -0.0034365 -0.000158907 -0.00468984 0.00262315 -0.00333068 0.00224722 -0.00487776 -0.00251505 -0.00151746 0.00270498 -0.00250626 -0.00178965 -0.00469148 -0.0021912 -0.00760526 -0.00108727 -0.000966169 0.00222876 -0.00220127 -0.00116561 0.00334062 -0.000880895 0.00124489 -0.00436096 0.00100003 0.00304812 -0.000725173 0.000720271 -0.000239208 -0.00248376 -0.00237646 -0.00018415 -0.00769653 0.000712754 -0.000157634 -0.00254936 -0.00166416 0.00773563 0.00143648 
0.00121498 0.00064762 -0.00154849 0.0752093 -0.00318862 0.000871953 0.000677143 0.00142986 0.00727168 -0.00455318 -0.00234997 -0.00385853 0.00403585 -0.00170897 -0.00496809 0.000133425 0.00179771 -0.00200554 -0.0020663 -0.00732239 -0.00662299 -0.00175342 -0.00213373 0.00372053 -2.52886e-05 0.00278971 0.00402273 0.000406242 -0.00534603 0.0066794 0.000865106 0.00401166 -0.00136194 -0.000120898 -0.00133636 0.0051484 0.00023609 0.00130287 -0.00399545 -0.00399108 0.00118424 -0.000303457 -4.24274e-05 -0.000878149 0.00024135 0.00154027 -0.00241359 -0.00406042 0.00121063 -0.00376199 0.000500802 0.00353132 0.000647974 -0.000353599 -0.00313861 -0.00514148 7.75821e-05 -0.0035015 -0.00468667 -0.000990774 0.000961077 -0.00309471 0.00110897 -0.00518095 -0.00274827 -0.00181607 -0.00400036 -0.00296242 0.00363419 0.000386349 -0.00508586 0.0035734 -0.00114433 -0.00453103 -0.00262076 -0.0028301 -0.00191637 -0.00184555 -0.00291185 -0.000808823 -0.000520542 -0.00628467 0.00189673 0.000278843 -0.00139476 -0.00202024 -0.00134756 0.000499443 -0.00164685 -0.00163658 0.00306845 -0.000800349 -0.00576727 -0.000399484 -0.000765164 0.00330737 0.000238089 -0.000773999 0.00429745 0.00172815 
0.000474035 -0.000484652 0.00265779 -0.00318862 0.118804 0.00935169 -0.000681893 -0.00155833 0.00166901 0.00060788 -0.00277772 -0.00260716 -0.00379755 -0.00043633 0.00875497 -0.00390468 0.00762826 -0.00140255 0.00301477 0.00807842 0.00332844 0.0060873 -0.00371427 -0.00203503 -0.00139102 0.00423895 -0.0058322 6.32584e-05 0.00200886 0.00435668 0.00395528 -0.0035892 -0.00774819 -0.00507979 -0.00141455 -0.00306418 -0.00187276 -0.00495878 -0.00393881 -0.000765154 -0.000297781 -0.000980581 -0.000106469 -0.000501302 -0.00298515 -0.00497161 0.000473167 -0.0120819 0.00831719 -0.00356024 0.00136595 -0.00406082 0.00836368 0.00791155 0.00135532 -0.00305655 -0.000867391 0.00169911 -0.00600546 -0.0109952 -0.00367118 -0.00878347 0.00135836 -0.00859063 -0.00174716 -0.00634291 -0.00891563 -0.0066713 -0.0109445 -0.00652511 -0.00967747 -0.0104288 5.25028e-05 -0.00614926 -0.0127783 -0.00437033 -0.00305449 -0.00660146 -0.00109206 -0.0011997 0.00189373 0.00298893 0.000695165 -0.00261771 0.0135434 -0.00341768 0.00646623 0.000834317 -0.0014113 0.00518798 -0.00283985 -0.00510537 -0.00406498 0.000341499 0.00228321 -0.000545739 0.000852718 0.00191875 0.00274873 -0.00147065 
0.00461039 0.000819547 0.00975017 0.000871953 0.00935169 0.150659 0.00148009 0.00242922 0.00166327 0.0057376 -0.00284092 -0.00208791 0.00603601 -0.00548511 0.00460375 -0.00580849 0.00411713 -0.00500799 0.00392454 -0.00637444 0.0246702 -0.00404068 -0.00491959 0.0168211 0.00690683 -0.0029245 0.00838502 -0.000867747 0.00370717 -0.00195534 -0.00103002 -0.00163732 -0.0014293 -0.00775122 0.00296159 -0.00559339 0.00190567 -0.00490983 -0.000779842 -0.0164876 -0.00481677 -0.00425443 -0.00462683 -0.00612598 -0.00269172 -0.00657507 0.000735576 -0.00529743 -0.00149531 0.00246031 0.000960367 0.00788231 -0.000360445 -0.00612446 -0.0056958 -0.00702042 -0.00355669 -0.00444011 -0.0198973 -0.00487588 -0.00279805 -0.00158522 -0.00350711 -0.0169074 -0.00295581 -0.00328229 0.00822404 -0.00625028 -0.0135884 -0.00471801 -0.00286804 -0.00973125 -0.00191415 -0.00272201 -0.007336 -0.00982111 -0.0060122 -0.00508045 -0.00175646 -0.003807 -0.00292124 0.00659756 -0.00376861 0.0101139 0.0174881 -0.00786037 -0.00225777 -0.00205033 0.000379475 -0.00624713 -0.00225421 -0.000304987 -0.00575036 -0.00536716 0.00341767 -0.00145919 -0.00394342 -0.00785386 0.000334667 -0.00153964 
0.0032049 0.00200217 -1.61386e-05 0.000677143 -0.000681893 0.00148009 0.0624966 0.00166926 -6.04179e-05 0.0018706 -0.000402354 0.00646388 0.00407594 -6.94284e-05 -0.00233407 0.000979257 -8.80783e-05 0.00173451 -0.00567135 -0.00221338 -0.00156724 -0.000331729 -0.00136794 0.00074555 -0.00358366 -0.000982079 -0.00279813 -0.00238833 -0.00380009 -0.00439988 -0.000409557 0.000322052 -0.00411734 0.000411407 9.64239e-05 -0.00115641 -0.00135491 -0.00115875 0.00189908 0.00350336 0.00113916 0.00146928 0.00407428 0.00195519 -0.00128312 -0.000984855 -0.000297329 -0.00449103 -0.000295695 -0.0030672 0.000324779 -5.7821e-05 0.00020732 -0.000556426 -0.000464384 -0.000372016 0.000859966 -0.00214648 -0.0069629 -0.00379966 -0.000377242 -0.000599023 0.000832081 -0.00447192 -0.00255281 -0.000631767 -0.00906104 -0.00162705 0.00134039 0.000280253 -0.00077826 -0.0022686 -0.00074209 6.93897e-05 -0.00166421 -0.00652583 -0.00362404 -0.00203401 0.000479647 -0.00136921 -0.00171739 0.0053625 0.00083682 -0.00279622 -0.00716496 -0.00188291 0.00251938 -3.10663e-05 0.000573656 -0.0029453 0.00186403 0.00219202 -0.000531196 -0.00226375 -0.000624691 0.000190653 -0.000162915 0.00209421 -0.00231635 0.00419874 
-0.00349187 -0.00159875 0.00273911 0.00142986 -0.00155833 0.00242922 0.00166926 0.0765316 0.00137332 -0.00124569 -0.000904023 0.00155877 0.000704288 0.000163565 0.00210571 0.00404792 0.00307599 0.00252059 0.000647206 0.00145424 -0.00346118 0.00273454 0.00278349 0.000738415 -0.00357642 -0.00559385 -0.00109117 0.000247234 -0.00346975 -0.000749678 -0.00192365 0.00475222 0.00347317 0.00278585 0.000757097 -0.00209603 -0.000675002 0.00061458 -0.000644552 -0.00842942 -0.00190431 -0.000271763 -0.00182956 0.00705111 -0.00257577 0.000210845 -0.000381645 -0.00582519 -0.00232045 -0.00191766 0.00306159 -0.00333401 0.00246373 -0.00176867 7.28854e-05 -0.00153858 -0.0012675 -0.00132191 -0.00668414 -0.00458908 -0.00109134 -0.00307496 -0.0010733 -0.00549464 -0.00182066 0.00199517 -0.0044947 -0.0013172 7.81831e-05 -0.00198798 -0.0086042 0.00305974 -0.000580506 0.00364805 -0.00750872 -0.00670791 -0.00260089 -0.00219795 0.00141614 0.000690154 -0.00248716 -0.00328425 -0.00391251 -0.000766753 -0.00506164 -0.0036919 -0.00318254 0.00120261 0.00397791 0.00336597 0.00339032 0.000546503 0.00384761 -0.00360146 -0.00146004 -8.65694e-06 -0.00274179 -0.0036478 -0.000937135 -3.75358e-05 
-0.00228492 0.00127303 -0.000880846 0.00727168 0.00166901 0.00166327 -6.04179e-05 0.00137332 0.0951033 0.000302846 -0.00371713 -0.000505873 0.00261249 0.000242426 -0.00959713 0.00287672 -0.00825282 -0.00570978 -0.00362185 -0.00973534 -0.00622277 -0.00239205 -0.00220796 -2.62099e-06 -0.00235876 0.0102327 0.000379487 0.00453928 -0.00397285 0.00679436 0.00836563 5.79313e-05 -0.00527504 -0.00463757 0.00246208 0.00280015 0.00489997 0.000217208 -0.00197079 0.00120363 0.0104467 -0.00325783 -0.0039258 -0.00409587 -0.00122912 0.00230862 -0.000294503 -0.00478703 -0.00208793 -0.00377613 -0.000899483 -0.00331382 0.00693105 0.000995781 -0.00147967 -0.000557028 0.00136832 0.00133868 -0.00143146 0.00592461 -0.000275542 -0.00213423 0.000254639 -0.00846141 0.00132163 -0.00326189 -0.00452177 -0.00189195 -0.00498269 -0.00425595 -0.00623086 -0.00323573 0.000529037 -0.00703511 -0.00434897 -0.000553598 -0.00237552 0.00301945 -0.000352108 -0.00222809 0.00211103 -0.00893943 -0.00484226 0.00301972 -0.00413291 -0.00367392 -0.00101815 0.00233155 -0.00310011 -0.00253826 0.00213326 -0.00213711 -0.0119725 0.00287228 -0.00212829 0.00372305 0.000689526 -0.00426893 0.00246902 -0.000689089 
0.000995481 0.00204432 0.0017766 -0.00455318 0.00060788 0.0057376 0.0018706 -0.00124569 0.000302846 0.132954 -0.00274299 0.0067902 0.00126631 0.00197841 0.00877511 -0.00209357 -0.00560567 0.00418419 -0.00325785 -0.000744142 -0.00287149 -0.00797484 0.00271187 -0.00277098 -0.00720414 -0.00400017 -5.99062e-05 -0.00166485 -0.00686137 -0.000307659 0.00341152 -0.00507004 0.00250988 -0.00192529 -0.00200057 -0.00915307 0.00068972 0.00187103 -0.00123118 0.00549397 8.35984e-05 0.00101908 -0.00654755 0.000904137 -0.00550367 -0.00661357 -6.51123e-05 -0.00434634 0.00762219 0.00100328 0.00584602 -0.000671163 -0.00547822 -0.00241049 0.000136591 -0.000583873 -0.001622 0.0022185 -0.0124245 0.00441754 0.00041504 -0.00563297 -0.00401986 -0.00140767 -0.00121346 -0.00575916 -0.00614688 0.000874415 -0.0047478 -0.00152371 0.00337358 -0.000743165 -0.00334443 -0.00686203 -0.00431748 -0.00114147 -0.00630062 0.00165264 0.000200969 -0.00413119 0.0031105 -0.00263094 -0.000858987 -0.0034235 0.00530506 0.00331783 -0.00159511 -0.00503598 -0.00376389 -0.0116749 0.00113138 0.00444673 -0.00270432 -0.00384324 -0.00231878 -0.00452753 -0.00198935 -0.00987948 0.00110275 -0.00300994 
0.00117445 -0.000235254 0.00243406 -0.00234997 -0.00277772 -0.00284092 -0.000402354 -0.000904023 -0.00371713 -0.00274299 0.104783 0.00205285 -0.00288317 3.24815e-06 0.0149366 0.00211522 -0.00599141 0.00517313 0.0102853 -0.00443609 -0.00348503 0.00101255 0.00288036 -0.00347069 -0.00184248 -0.0041304 -0.00451941 -0.00587533 0.00905361 -0.00642967 0.000906397 0.00241216 0.0014199 -0.00893413 -0.000996382 -0.00572436 -0.00115578 0.00043975 0.00501433 0.00657195 0.00998411 0.00549412 0.004365 -0.00901555 0.0127499 -0.000721642 -0.00206023 0.00309407 -0.00420967 -0.00391049 -0.00242346 0.00329509 0.000139456 0.00212746 -0.00295688 -0.00245332 -0.0026582 0.00159662 -0.00873579 -0.0112961 -0.00294903 -0.00409605 -0.00501191 0.00376723 -0.00314588 -0.00229107 -0.0131417 -0.00109149 -0.00430427 -0.00555718 -0.00230149 0.00583195 0.00139568 -0.00778738 0.0084923 -0.0010054 0.00140665 -0.00280881 -0.00323115 -0.00457866 -0.00319011 0.00380772 -0.00215061 -0.00175993 -0.00580175 0.00109316 -0.00368719 -0.000128979 -0.00103625 -0.000546616 -0.0039411 -0.00343345 -0.00958042 -0.0119238 -0.00181233 0.00121417 -0.00175793 -0.00119017 0.00290938 -0.00390452 
-0.00107964 -0.0024747 -0.00227072 -0.00385853 -0.00260716 -0.00208791 0.00646388 0.00155877 -0.000505873 0.0067902 0.00205285 0.130378 0.00832138 0.00914434 -0.00531925 0.00612816 -0.00238363 -0.00615094 0.000591408 -0.00267118 0.00375393 0.00889856 -0.00526426 0.00057284 -0.0115371 -0.0103232 -0.00618193 -0.0052096 -0.00675822 0.0009728 -0.00250772 0.000640889 -0.00895175 0.00442279 0.00298259 -0.00149622 -0.00342438 -0.000158224 0.00179468 -0.00098292 -0.00964586 0.00416087 -0.00736353 -0.00106488 -0.0049346 0.00508493 -0.00156545 0.00437033 -0.00612553 0.00274862 -8.6903e-05 -0.00175678 -0.00171299 0.000538622 -0.00117058 -0.0030622 -0.00181909 -0.00751523 -0.00791573 -0.0139608 0.00408168 -0.000939757 0.00136015 0.0035642 -0.00310244 -0.00127858 -0.00250651 0.0004981 -0.00246008 -0.00224543 -0.00541409 -0.00103581 -0.00133289 0.00064763 -0.00684527 -0.000659807 0.00118895 -0.0079296 0.000305787 0.000704957 -0.00247909 0.00538058 0.00703749 -0.00398432 -0.005909 -0.00254374 0.0034308 -0.0010605 0.000960662 0.00145523 0.0015132 -0.000434535 0.00142406 -0.00910705 0.000327312 -0.0025165 -0.00163944 -0.00499506 -0.00628333 -0.00564425 
0.00900454 -0.000609678 -0.00222407 0.00403585 -0.00379755 0.00603601 0.00407594 0.000704288 0.00261249 0.00126631 -0.00288317 0.00832138 0.105675 0.00272453 -0.00263925 -0.00339261 -4.80861e-05 -0.000586712 0.00177686 -0.000817569 0.00236242 -0.00413441 -0.00185712 0.0124605 -0.00771841 0.00211847 -0.00667886 -0.00424933 -0.00282068 0.0101437 -0.00158444 -0.00271039 -0.00347699 0.00330307 -0.00387398 0.00125991 -0.00282624 -1.42544e-05 0.000861837 -0.00544455 0.00470718 0.00332154 -0.00789715 -0.00367151 -0.000664787 -0.00320737 -0.00336464 -0.0143701 0.000900875 -0.00111117 -0.00349401 0.0065513 0.00363691 0.00142077 -0.00472896 -0.00663997 0.000996892 -0.00666146 -0.0183373 -0.00539023 0.00548895 -0.00353013 -0.00498242 -0.00500122 -0.00530302 0.002579 -0.00622373 -0.00340024 -0.00434911 -0.00277569 0.00349565 0.0091045 -0.00107656 -0.000974363 -0.00792724 -0.00993441 -0.00529005 -0.0022296 -0.00467369 -0.00253397 -0.00187133 -0.00351452 -0.00255881 -0.00228668 -0.000931645 -0.00269358 -0.000673246 -0.00391956 0.00179266 0.00158136 0.00384154 0.00511539 -0.00567926 -0.00567781 0.00225569 -0.000769525 0.00408998 0.00154054 0.00428869 -0.00074416 
0.00191321 -0.0018353 -0.00278117 -0.00170897 -0.00043633 -0.00548511 -6.94284e-05 0.000163565 0.000242426 0.00197841 3.24815e-06 0.00914434 0.00272453 0.118558 -0.000814226 -0.00145128 -0.00462851 -0.00264455 -0.00316821 -0.000100052 0.00335182 -0.000974652 -0.000184604 0.00485121 -0.00807646 -0.00694222 -0.0068213 0.00628133 3.72844e-05 0.00199316 -0.00468901 -0.000281354 -0.00409114 -0.00123717 0.00708481 0.00153252 -0.00209909 -0.00160285 0.0027846 -0.00185309 -0.00564296 0.00172376 0.000551616 0.0108031 0.00195416 0.00639099 -0.0020347 -0.00405801 0.000662079 -0.00315766 -0.00132275 -0.00513513 0.00212092 -0.000221284 9.27219e-06 -0.00416783 -0.0025894 0.000258008 -0.0110781 -0.0118028 -0.00338736 -0.00658465 -0.00173258 -0.0029135 -0.00553368 -0.0029633 -0.0229953 0.00183528 -0.0048304 -0.00606146 -0.00509799 -0.00270131 -0.00259526 -0.000846621 -0.0061881 -0.00017254 0.00213542 0.000586091 0.00280528 0.00455596 0.00064689 0.0109248 0.00352853 -0.000554801 -0.00415067 -0.00103745 -0.000989135 -0.0027314 0.00231317 0.00285522 -0.00378648 -0.000420071 -0.0017028 -0.00241769 -0.00209911 -0.00414548 -0.000869271 -4.35128e-05 -0.0052801 0.000714105 
0.00338654 -0.00356968 0.00321385 -0.00496809 0.00875497 0.00460375 -0.00233407 0.00210571 -0.00959713 0.00877511 0.0149366 -0.00531925 -0.00263925 -0.000814226 0.183984 0.00236478 0.019899 0.0148232 0.0284226 0.00636456 0.00850198 -0.0023988 0.0157478 -0.00531374 0.00383839 -0.016425 -0.00279779 -0.000401914 0.00637075 -0.000342488 0.00070268 0.00649716 0.00914206 -0.00826415 -0.000597076 -0.015669 -8.64165e-05 0.00464673 -0.00836763 -0.0136533 0.00569458 -0.00492813 0.00101112 -0.000502528 -0.00338472 -0.0010303 -0.00613841 -0.00560031 -0.00416844 -0.00553537 -1.16386e-06 -0.00118856 -0.0052794 -0.00353678 -0.00806316 -0.00402746 -0.0088852 -0.0135028 -0.0393836 -0.0213757 -0.00437024 -0.0205824 -0.00469476 0.000763415 -0.0115953 -0.010135 -0.00964584 -0.00920632 -0.00487287 -0.0123723 -0.00550342 0.00189315 -0.00495017 -0.00985157 0.000193358 -0.0138282 0.000597815 -0.0161257 0.000943217 -0.00664106 -0.00409667 0.00408796 -0.00845503 -0.0010165 0.010892 0.00186675 -0.00372309 0.00756136 0.00223539 -0.00746394 -0.00479952 0.000942692 0.00643102 -0.0160281 -0.00450328 -0.00118766 0.00219773 0.00234883 0.0199881 0.00900883 
-0.0050854 0.00101024 -0.000788853 0.000133425 -0.00390468 -0.00580849 0.000979257 0.00404792 0.00287672 -0.00209357 0.00211522 0.00612816 -0.00339261 -0.00145128 0.00236478 0.130608 0.00180607 -0.00195097 -0.000426427 -0.00629477 -0.00795109 -0.00292925 0.00475413 0.00383214 -0.00692618 0.00172119 -0.00400147 -0.0157368 0.0037531 -0.00563845 0.00712657 -0.00254936 -0.00564195 -0.00219646 0.00745186 0.00454366 0.00270891 -0.00195791 0.00668432 0.00752576 -0.00603812 -0.00229912 -0.000952079 -0.0101558 -0.00260741 -0.00841192 0.000116312 0.0130498 -0.00231328 -0.00365275 -0.00138192 -0.00241271 0.0013954 0.00290506 0.00413703 -0.00334004 -0.00263049 -0.00252319 -0.0118575 -0.0046447 -0.00217699 -0.00506752 0.00200675 -0.00932806 -0.00466691 0.00324347 0.00333943 -0.00359755 -0.000366438 -0.00942437 -0.00750381 0.000445858 -9.92354e-05 -0.011231 -0.000844404 0.00164072 -0.0041872 -0.00527795 -0.00286195 0.00399455 0.00232567 0.00406582 -0.00315925 -0.00361216 -0.00664392 -0.000164923 0.00950528 0.00705601 -0.0047498 -0.0042909 0.0085958 -0.0023811 -0.00369315 -0.0116096 -0.00345174 0.0013805 -0.00256573 0.00164725 -0.00502762 -0.00309141 
-0.00113034 -0.00183786 -0.00266986 0.00179771 0.00762826 0.00411713 -8.80783e-05 0.00307599 -0.00825282 -0.00560567 -0.00599141 -0.00238363 -4.80861e-05 -0.00462851 0.019899 0.00180607 0.129483 0.00834888 0.00502944 -0.00391189 0.00142788 0.0088087 0.00201641 -0.00105454 0.00427691 -0.00510975 -0.00739923 0.00521012 -0.0210168 -0.0062962 -0.0108021 -0.00435834 0.000482793 -0.00424931 -0.00434895 -0.010067 -0.0010331 -0.00111577 -0.00473601 -0.0127081 -0.00169118 -0.00300304 -0.00485323 -0.00319536 -0.00360208 -0.00499092 -0.00128371 0.00175949 -0.00234225 -0.00362053 0.000359512 -0.000780334 -0.0023036 0.00627739 -0.0114362 0.000311202 -0.00373667 -0.0101825 -0.00957227 -0.0074734 0.00124728 -0.00564167 0.000913617 0.00346178 -0.00295137 -0.00322249 -0.00290467 0.00127395 -0.0112878 -0.00565593 -0.012327 0.00366544 -0.00304341 0.00303134 -0.0070533 -0.0090747 0.00119523 -0.00932717 -0.00324688 0.0019631 -0.001622 0.00040373 0.00264316 0.00422127 0.00683353 -0.00730884 0.00208222 -0.00443968 0.00973072 0.00226217 -0.00377781 0.000741453 0.010211 0.00844178 0.00890132 -0.000543087 0.00513564 0.00933855 0.00160369 -0.00307995 
-0.00529287 -0.00109191 0.000573842 -0.00200554 -0.00140255 -0.00500799 0.00173451 0.00252059 -0.00570978 0.00418419 0.00517313 -0.00615094 -0.000586712 -0.00264455 0.0148232 -0.00195097 0.00834888 0.124186 0.0114318 0.0100935 -0.00545847 -0.00182238 0.00498294 -0.00776412 -0.00420805 0.000435642 0.0037709 0.00275402 -0.0109892 -0.00442812 -0.00442091 0.00458167 0.0016483 -0.00299805 -0.00686595 -0.00815769 -0.00543607 0.00171726 -0.00217692 -0.00645238 0.00197312 -0.00418757 -0.00532209 -0.00675726 -0.00109046 -0.00748996 3.80775e-06 -0.00287163 -0.00100225 -0.00162618 -0.00551879 -0.00516544 -0.0011226 0.00922533 -0.00907346 -0.00297953 0.000560693 -0.00260076 -0.00561944 -0.00333705 -0.00340586 -0.000147305 -0.00277608 0.00309644 -0.00241364 -0.00575137 -0.00742179 0.000389307 -0.0010086 -0.000740081 -0.00456916 0.0043819 -0.0012036 0.0110636 -0.00199374 -0.00207759 -0.0017007 -8.23065e-05 0.00215517 -0.00224017 -0.00241588 -0.00208646 -0.00555941 -0.00258789 -0.00307575 -0.00550182 0.000643184 -0.000321565 -0.00112696 -0.000431539 -0.000859326 -0.0013167 -0.000532226 -0.00294113 -0.00364475 -0.00346218 -0.000870808 4.84817e-05 0.00527849 0.00127255 
-0.00171203 -0.00259212 -0.000765736 -0.0020663 0.00301477 0.00392454 -0.00567135 0.000647206 -0.00362185 -0.00325785 0.0102853 0.000591408 0.00177686 -0.00316821 0.0284226 -0.000426427 0.00502944 0.0114318 0.161694 0.0113006 -0.0012943 0.00516853 0.0111733 -0.00254786 -0.000883233 -0.00348713 -0.00240149 -0.00328819 0.0077099 0.00526113 0.00738721 0.00623079 0.00118726 -0.0026841 -0.0049136 -0.01458 0.00136465 -0.000270924 0.0038784 -0.00386456 -0.000222164 0.000786701 -0.00700839 -0.0147453 -0.00548732 -0.00953703 -0.00475431 -0.0120554 -0.00859472 -0.0100847 0.000116712 0.000784668 -0.00559176 -0.00120642 -0.00645886 -0.0035331 -0.00583273 -0.007796 -0.0277608 -0.0121575 -0.00134462 -0.0117013 -0.00485563 -0.00843842 -0.00779583 -0.00297378 -0.00588948 0.00231729 0.000100878 -0.00568182 0.00192679 0.00929967 -0.002534 0.00359693 0.0011179 -0.0073514 -0.00851541 -0.00618254 -0.00408949 -0.00796488 -0.00314461 -0.00300533 -0.00484372 -0.00612501 0.00856612 0.00126802 0.00377373 0.00201174 0.00303051 0.00395579 -0.00246989 -0.00393647 -0.00163642 -0.0169982 -0.00987016 2.88702e-05 0.00283515 -0.00278066 0.0118107 0.00164505 
-0.0100233 -0.00546573 -0.00559317 -0.00732239 0.00807842 -0.00637444 -0.00221338 0.00145424 -0.00973534 -0.000744142 -0.00443609 -0.00267118 -0.000817569 -0.000100052 0.00636456 -0.00629477 -0.00391189 0.0100935 0.0113006 0.197211 0.00777673 -0.00127065 0.00686214 0.000333413 0.00119514 0.0069108 -0.00525309 0.00147144 0.0123295 -0.00469964 -0.0135757 0.00355911 -0.00527578 0.00573437 -0.00469879 -0.010319 -0.00739877 -0.0003896 0.000744149 0.0108385 -0.0096318 -0.0014446 -0.0177876 0.00790842 -0.00980626 -0.0117564 0.00115623 -0.00777315 -0.00861723 -0.00606068 -0.00728024 -0.006135 -0.00445447 -0.0013224 -0.00293735 -0.0126249 -0.00296692 -0.000832804 -0.000560296 0.00431467 -0.00323417 -0.0153906 -0.0058382 -0.00229154 -0.0133846 0.0032322 0.00690787 -0.00515622 0.000138515 0.0057534 0.0160649 -0.011207 -0.000926804 -0.00717193 -0.00572536 -0.0024217 -0.00990719 0.00202142 0.0033078 -0.00454963 -0.00340053 0.00044444 -0.00526189 -0.00569727 0.0118766 0.00824962 -0.00288965 -0.00290008 -0.00313248 0.00795714 -0.00292443 -0.00488761 0.0110165 -0.00746306 -0.00523636 -0.00721102 0.000753188 -0.00655022 -0.00767466 -0.00035 
-0.00308655 -0.00358557 -0.00374849 -0.00662299 0.00332844 0.0246702 -0.00156724 -0.00346118 -0.00622277 -0.00287149 -0.00348503 0.00375393 0.00236242 0.00335182 0.00850198 -0.00795109 0.00142788 -0.00545847 -0.0012943 0.00777673 0.186611 0.00113369 -0.00158417 0.0280835 0.0205922 -0.000773761 -0.00255845 -0.00177475 0.00626267 0.00930437 -0.0257481 0.00994168 -0.0117369 -0.0181723 0.00401329 -0.00609777 -0.00704883 -0.000695232 -0.0046216 -0.00414788 -0.0021506 -0.00396139 0.00548881 0.000607598 -0.00278318 -0.0102177 -0.00293612 -0.00549128 -0.0183911 0.00791965 0.000676621 -0.00872408 -0.00158135 -0.00846388 -0.000236747 -0.0035212 -0.00539474 0.000938058 -0.017987 -0.0174716 -0.000323733 -0.00884417 -0.00636529 0.0073994 -0.000997976 -0.00555768 0.012576 -0.002585 -0.010871 0.000995893 -0.0132066 -0.0146853 -0.00384913 -0.00937959 -0.00507552 -0.0178591 -0.00281275 0.00507745 0.00198196 0.011005 -0.00306612 -0.00435127 0.000437485 -0.000608366 0.0234773 -0.00538954 -0.00503545 0.0047803 0.00493721 -3.9676e-05 -0.00151036 -0.00931687 0.0126295 -0.00144987 -0.00746165 -0.00520828 -0.00262545 -0.0111856 -0.01259 -0.00616592 
-0.00429787 -0.000724987 -0.000665759 -0.00175342 0.0060873 -0.00404068 -0.000331729 0.00273454 -0.00239205 -0.00797484 0.00101255 0.00889856 -0.00413441 -0.000974652 -0.0023988 -0.00292925 0.0088087 -0.00182238 0.00516853 -0.00127065 0.00113369 0.115117 0.00828645 0.00676973 0.00350883 -0.0040956 -8.38344e-05 -0.00748091 -0.00658438 -0.0113688 -0.0044623 0.0001407 -0.00716495 -0.00162375 -0.0025884 -0.000353453 -0.000789162 -0.00255591 0.000664282 0.00292189 -4.73047e-05 -0.00206712 -0.0047221 -0.00779475 -0.000610941 -0.00160964 -0.00118472 -0.00392045 -0.00652241 -0.00140889 0.00161365 0.003063 -0.00704827 0.00533796 2.44529e-05 0.00361669 -0.00105143 0.00132473 0.000141251 -0.00894005 0.00206903 -8.72791e-05 0.000872272 0.00304634 -0.00485378 0.00368588 -0.00678409 -0.000351229 -0.00807302 -0.00675303 -0.0120691 -0.00354384 0.000371417 0.00555302 -0.00377399 -0.00449619 0.00288505 -0.00149858 -0.00390312 0.00719836 -0.00319288 0.00432914 0.00500137 -0.00556711 -0.00609957 -0.00380652 -0.00189373 -0.00446712 1.17674e-05 0.000565357 0.00193822 -0.00480658 0.00673711 -0.00684754 0.00132485 -6.49314e-05 -0.00227127 -0.00142676 0.0029938 -0.00653517 
0.000767592 0.000277196 -0.00099172 -0.00213373 -0.00371427 -0.00491959 -0.00136794 0.00278349 -0.00220796 0.00271187 0.00288036 -0.00526426 -0.00185712 -0.000184604 0.0157478 0.00475413 0.00201641 0.00498294 0.0111733 0.00686214 -0.00158417 0.00828645 0.113255 0.00213385 0.00201949 0.000579612 -0.00414573 0.00349967 0.00896731 -0.00169394 0.0031559 0.00118984 0.00366855 -0.00928629 -0.00600031 -0.00798609 0.00279642 0.00491172 -0.00427335 0.00297847 -0.00140494 0.00204686 -0.00707359 0.000229626 0.000991992 -0.00663079 -0.00253478 -0.00926604 0.00143959 -0.00100528 0.000387836 -0.00546808 -0.00413804 -0.00398187 -0.000540239 -0.00833814 -0.00447799 -0.00323203 -0.0197742 -0.0105945 -0.00302847 -0.00911287 -0.00472833 -0.00607176 -0.00260528 -0.00660793 -0.0119545 -0.00277823 -0.00598524 -0.003256 -0.00644882 0.00835478 -0.00190231 0.0046627 -0.000495712 -0.0104443 -0.000911164 -0.00870929 -0.0044997 -0.00321842 -0.000652417 -0.00320859 -0.00209322 -0.0014602 -0.00391527 0.00790852 -0.00332285 0.00246721 0.00425769 -0.000191531 0.00449869 -0.00403793 0.00192653 -0.00421761 -0.00286436 0.00164311 0.000525727 0.00241988 0.00318796 0.00544549 
0.00598777 -0.00252085 -0.00260531 0.00372053 -0.00203503 0.0168211 0.00074555 0.000738415 -2.62099e-06 -0.00277098 -0.00347069 0.00057284 0.0124605 0.00485121 -0.00531374 0.00383214 -0.00105454 -0.00776412 -0.00254786 0.000333413 0.0280835 0.00676973 0.00213385 0.136819 -0.00191661 0.00813122 -0.00334271 -0.00532817 0.0058694 -0.00812735 -0.00660794 -0.00251693 -0.0114309 -0.014431 -0.0011677 0.00413833 0.00256541 -0.00473962 -0.0001192 0.00495892 -0.00160065 0.000282319 0.000255205 -0.0119562 0.00189726 -0.00930015 -0.00226533 -0.0155179 0.00192676 0.00887908 -0.00431806 0.00720676 0.00078992 -0.00445679 -0.000660388 0.00307612 -0.00346847 -0.00730625 -0.0189598 -0.0206819 0.00870038 -0.00599902 0.00125421 0.00520036 -0.00477748 -0.00056136 -0.000382024 -0.00251972 -0.00600454 -0.000579429 -0.00371111 -0.00228884 3.89552e-05 -0.00235824 -0.000780692 -0.0134701 -0.00372657 -0.00677827 -0.00484885 0.00331334 -0.00680193 -0.00723724 -0.0032583 -0.0028312 0.0109602 -0.00144375 -0.00515926 -0.00276667 -0.00176334 -0.00571296 5.14643e-05 0.00163162 -0.00640041 -0.00846251 8.29178e-05 -0.00377879 -0.000753877 0.00400901 -0.00646884 0.0028426 
-0.000706733 -0.00365806 -0.00460256 -2.52886e-05 -0.00139102 0.00690683 -0.00358366 -0.00357642 -0.00235876 -0.00720414 -0.00184248 -0.0115371 -0.00771841 -0.00807646 0.00383839 -0.00692618 0.00427691 -0.00420805 -0.000883233 0.00119514 0.0205922 0.00350883 0.00201949 -0.00191661 0.167883 -0.001913 0.0120365 0.00311352 -0.0127201 -0.00682264 -0.00730668 -0.00262249 0.00173087 -0.00252663 0.0013167 -0.00347414 -0.000362385 0.000900183 -0.00807732 -0.00352643 -0.0045556 -0.00355711 -0.00803713 -0.00541962 0.000317551 -0.00639856 0.00112276 0.00864157 -0.00424964 -0.00540941 0.000598728 0.00272558 -0.010005 -0.00263511 -0.00254963 0.00367948 -0.00246035 -0.00385703 -0.00227489 -0.00361492 -0.00317578 -0.00378417 -0.00584103 0.000239045 -0.00379096 -0.0100374 0.0223112 -0.00211774 -0.00581711 -0.000931451 -0.0181317 -0.0117356 -0.00279887 -0.000622276 0.00285236 -0.00374888 0.00164669 -0.00502267 -0.00698503 0.0058276 0.00254933 -0.00476514 -0.00169282 0.00597176 0.00638684 -0.00632402 0.00257156 -0.00606004 0.000319954 0.00497119 -0.00734476 -0.00685891 -0.0105701 0.0313697 -0.000287025 -0.00317839 0.00174964 -0.00573914 -0.00503588 -0.00818351 
0.00598992 -0.00173217 0.00287232 0.00278971 0.00423895 -0.0029245 -0.000982079 -0.00559385 0.0102327 -0.00400017 -0.0041304 -0.0103232 0.00211847 -0.00694222 -0.016425 0.00172119 -0.00510975 0.000435642 -0.00348713 0.0069108 -0.000773761 -0.0040956 0.000579612 0.00813122 -0.001913 0.160545 -0.00179508 -0.00403675 0.0110602 0.000340279 0.000661057 -0.00388446 -0.0128425 -0.0121227 -0.00513193 0.00257462 -0.0034843 0.00432207 -0.00740644 0.00475414 0.00479572 -5.22304e-05 -0.00394413 -0.00255836 0.00232602 -0.00585514 -0.00442244 -0.0137305 0.0110579 -0.00408532 -0.00715934 -0.00480633 0.0108576 0.0161222 0.00132923 -5.73106e-05 0.00445807 -0.00625812 -0.00363515 0.00247786 -0.00306421 -0.00581631 -0.00159346 -0.00290442 -0.00631065 -0.00246492 -0.00470557 -0.00830534 0.00798023 -0.00487072 0.000748861 -0.00767589 -0.000709564 -0.00998587 -0.0161238 -0.00410351 -0.00389251 0.00618982 -0.00510844 -0.00184718 0.00246185 0.000495447 -0.00310335 -0.00503048 0.00309342 0.00874007 -0.00382828 0.00271232 -0.00954731 -0.0085684 -0.00412869 -0.00600291 -0.00848655 -0.00440208 0.00324869 0.00093879 -0.00116947 0.00774648 -0.00549747 -0.00310985 
-0.00169538 0.00111132 0.0015761 0.00402273 -0.0058322 0.00838502 -0.00279813 -0.00109117 0.000379487 -5.99062e-05 -0.00451941 -0.00618193 -0.00667886 -0.0068213 -0.00279779 -0.00400147 -0.00739923 0.0037709 -0.00240149 -0.00525309 -0.00255845 -8.38344e-05 -0.00414573 -0.00334271 0.0120365 -0.00179508 0.103255 -0.00376948 -0.0100175 -0.000392915 0.00327298 1.36259e-05 0.00208726 -0.00265249 -0.000242715 0.00752338 0.00362077 -0.000274711 -0.000876044 -0.00100682 0.000925562 -0.00247414 -0.00386793 -0.00919067 0.00133278 -0.00488526 0.000843175 0.00644938 -0.00106369 0.00415153 -0.000889215 -0.000974095 -0.00303125 -0.00489244 -0.000659606 0.00102945 -5.16428e-07 -0.000625965 0.00836134 0.00657409 -0.00287272 0.00546382 -0.000376226 -0.00556953 0.00173265 -0.00201255 0.00611605 0.00500285 -0.00809716 0.00304154 -0.00328396 -0.00513154 -0.000162938 -0.000927678 -0.00306725 0.0085709 -0.000398365 -0.000454462 0.00188719 4.10948e-05 0.00205774 -0.000985194 -0.00544229 0.00171754 -0.00161633 -0.00581156 -0.00507178 -0.00420956 -0.00308756 -0.00424645 -0.00225681 -0.000217349 -0.0063849 -0.00132003 -0.00261115 -0.00263506 -0.0011083 -0.00677602 -0.00231899 -0.00665577 
0.00722106 -0.0043696 -0.00267493 0.000406242 6.32584e-05 -0.000867747 -0.00238833 0.000247234 0.00453928 -0.00166485 -0.00587533 -0.0052096 -0.00424933 0.00628133 -0.000401914 -0.0157368 0.00521012 0.00275402 -0.00328819 0.00147144 -0.00177475 -0.00748091 0.00349967 -0.00532817 0.00311352 -0.00403675 -0.00376948 0.1693 0.00586468 -0.00419894 -0.00719679 -0.00523779 -0.0005313 0.00428868 -0.003168 0.00432937 -0.000941294 -0.00174765 -0.00927785 -0.00955317 -0.00416949 -0.00114439 0.000114599 0.0257072 -0.00559765 0.00245556 -0.00239034 -0.00860483 -0.00140882 -0.0042258 -0.00381444 -0.0076792 0.00302496 -0.00880732 -0.00618765 -0.0106036 -0.00188018 -3.22874e-05 -0.0023854 -0.00668494 -0.00562594 -0.000469203 0.000483001 -0.0102958 -0.00272 -0.00509887 0.00431528 -0.00464243 0.0112377 0.00783997 0.010822 -0.00382578 -0.00667954 -0.00513107 -0.00699985 -0.00764047 0.000141631 0.00677803 -0.0070574 -0.0030782 -0.0064079 0.00302747 -0.000805931 -0.0116075 -0.0154452 0.00736759 -0.0091279 -0.00349178 0.00249202 -0.00769347 -0.00418855 0.00161657 0.00388659 0.0075824 -9.76218e-05 0.000436924 -0.00349989 -0.00768632 -0.00230409 0.0102872 
-0.00680763 -0.00267871 0.0106601 -0.00534603 0.00200886 0.00370717 -0.00380009 -0.00346975 -0.00397285 -0.00686137 0.00905361 -0.00675822 -0.00282068 3.72844e-05 0.00637075 0.0037531 -0.0210168 -0.0109892 0.0077099 0.0123295 0.00626267 -0.00658438 0.00896731 0.0058694 -0.0127201 0.0110602 -0.0100175 0.00586468 0.17773 -0.00541007 0.00831004 -0.00058961 -0.00292906 0.00126033 -0.00228624 0.00385226 0.00447008 -0.00219898 -0.0092686 0.00385312 0.00386704 0.000705737 0.0190174 0.000134078 -0.00065518 0.000323111 -0.00423406 -0.014334 -0.00449399 -0.0022296 -0.00238271 -0.00372611 -0.00239508 0.00220723 -0.00172085 -0.0126531 -0.00584901 -0.00337281 -0.0178952 -0.0225504 -0.00396951 -0.0140319 -0.00184822 -0.00562119 -0.00120495 -0.00394884 -0.0154417 -0.00441566 0.00528006 -0.006961 0.00437006 0.00557829 0.00340771 -0.0114573 0.00275102 -0.00325048 -0.00531894 0.00393593 0.00100904 -0.0082992 0.00043616 -0.00526165 0.00173636 -0.00519614 0.00305252 0.0152473 -0.00631729 0.0107031 -0.00509752 -0.00745881 -0.000849553 -0.00485633 0.00293782 -0.0172591 -0.00735542 -0.00185638 -0.00811509 -0.00800101 -0.000479648 0.00906042 
-0.00720836 0.000207001 0.000949616 0.0066794 0.00435668 -0.00195534 -0.00439988 -0.000749678 0.00679436 -0.000307659 -0.00642967 0.0009728 0.0101437 0.00199316 -0.000342488 -0.00563845 -0.0062962 -0.00442812 0.00526113 -0.00469964 0.00930437 -0.0113688 -0.00169394 -0.00812735 -0.00682264 0.000340279 -0.000392915 -0.00419894 -0.00541007 0.171115 -0.000725949 0.0102813 -0.00293783 0.0015306 0.000747655 0.00347864 -0.00409414 0.00102765 0.000838724 0.00443262 -0.00229492 -0.00462505 -0.00871231 -7.27253e-05 -0.00632549 -0.00242139 -0.00536172 0.00133111 0.00373435 0.0023784 -0.00223358 -0.00544794 -0.003156 -0.00768139 -0.00998982 -0.00725457 0.000200568 -0.000721311 -0.00415013 0.0021876 -0.00554511 -0.008676 -0.00571647 -0.016137 -0.00459218 -0.00857278 -0.0103325 -0.00730513 -0.0123684 -0.00886028 -0.00151802 0.00811591 -0.000222636 -0.00901489 0.00621377 -0.0110525 -0.00213917 -0.00521833 0.00970965 0.00182476 0.000519242 -0.00484425 -0.00133146 0.00908038 0.00800015 0.00161405 0.0027459 0.00942421 0.00144423 -0.00599494 0.0054847 -0.00290685 0.000419967 -0.013179 -0.00372154 -0.00214696 -0.00223313 -0.000857531 -0.00196231 0.00024236 
0.000855398 0.000243935 -0.00332897 0.000865106 0.00395528 -0.00103002 -0.000409557 -0.00192365 0.00836563 0.00341152 0.000906397 -0.00250772 -0.00158444 -0.00468901 0.00070268 0.00712657 -0.0108021 -0.00442091 0.00738721 -0.0135757 -0.0257481 -0.0044623 0.0031559 -0.00660794 -0.00730668 0.000661057 0.00327298 -0.00719679 0.00831004 -0.000725949 0.134581 0.00237031 0.010858 0.00162887 0.000583949 0.00256569 0.00937051 -0.00392761 0.00520573 0.000347144 0.00541064 -0.00189071 0.00124458 -0.00894108 0.00211505 -0.00631014 -0.00069175 -0.00159858 0.0147059 -0.000828594 -0.000303227 -0.00212372 0.00660833 -0.00541329 -0.000147423 -0.000931952 0.00226548 -0.00506654 -0.00245062 0.00122311 -0.00252352 -0.00020392 -0.000255672 -0.0107563 -0.00597414 -0.00959235 -0.0165882 -0.000828688 0.00195418 -0.00732977 -0.00204957 -0.00533178 0.00223757 -0.00420237 0.00748207 0.000919096 -0.00457673 -0.00800817 -0.00154831 -0.00269446 0.00303715 -0.00884678 -0.00664769 -0.00543233 -0.00533694 0.00230313 -0.00196362 -0.00529901 -0.007722 -0.011212 -0.00134989 0.00115442 -0.0116261 0.00234379 0.00461581 0.00379514 -0.00237943 0.00231661 0.00428882 0.000473175 
-0.00387502 -0.00437567 -0.00340559 0.00401166 -0.0035892 -0.00163732 0.000322052 0.00475222 5.79313e-05 -0.00507004 0.00241216 0.000640889 -0.00271039 -0.000281354 0.00649716 -0.00254936 -0.00435834 0.00458167 0.00623079 0.00355911 0.00994168 0.0001407 0.00118984 -0.00251693 -0.00262249 -0.00388446 1.36259e-05 -0.00523779 -0.00058961 0.0102813 0.00237031 0.1201 -0.0012973 0.00277453 0.00509438 -0.00365501 0.00140743 -0.00371107 -0.00399096 -0.0114796 -0.00455131 -0.00231751 -0.00933738 0.000380302 -0.00494639 -0.00671661 -0.000106147 -0.00824936 -0.00182163 -0.00159135 -0.00383009 -0.00629684 0.000704494 0.000602888 -0.00254104 -0.0077504 -0.00291139 -0.00378412 -0.00610637 -0.00658449 -0.00359486 0.00112603 -0.00560019 -0.00647453 -0.00150648 -0.0018624 -0.00339782 -0.000914229 0.0013444 0.000805631 -0.00953428 0.00254035 0.00439567 -0.00644858 0.00435459 -0.00240114 0.00103784 0.0149956 -0.0001231 -0.00341517 -0.000335064 -0.00867628 -0.000361078 0.000424236 -0.00641667 0.000387501 -0.00114478 0.00950893 -0.00341967 0.00428948 0.00325063 -0.00403852 0.0087379 -0.0107323 -0.000777573 -0.00165399 -0.00212954 -0.00421102 -0.00414779 -0.00166867 
0.0113861 0.000103373 -0.000662449 -0.00136194 -0.00774819 -0.0014293 -0.00411734 0.00347317 -0.00527504 0.00250988 0.0014199 -0.00895175 -0.00347699 -0.00409114 0.00914206 -0.00564195 0.000482793 0.0016483 0.00118726 -0.00527578 -0.0117369 -0.00716495 0.00366855 -0.0114309 0.00173087 -0.0128425 0.00208726 -0.0005313 -0.00292906 -0.00293783 0.010858 -0.0012973 0.124196 0.00570317 0.000530604 -0.00611353 0.00528391 0.00271897 -0.00391411 -0.00294529 -0.00283634 -0.00165439 -0.0142174 -0.00319429 -0.00607609 -0.00579087 -0.00249547 0.000206281 -0.00426945 -0.00104538 0.00342283 -1.0484e-05 -0.00466975 -0.00809788 -0.00617768 0.00291407 -0.000960875 0.00218736 -0.00145864 0.000659995 -0.00473215 6.49992e-05 -0.00417439 -0.00958675 -0.00732271 -0.00577814 -0.00113299 -0.00118837 -0.00475701 -0.00157397 0.0103772 0.0013585 0.00215783 0.00830957 0.0135363 -0.00511323 -0.00122876 0.00203436 -0.000718429 -0.00252994 0.0002487 -0.0032913 -0.00547928 0.00325576 -0.00379142 0.00383885 0.00195902 -0.00339639 -3.59014e-05 -0.00662096 0.00035846 -0.00233192 -0.00591466 0.00168951 0.001096 -0.00119195 0.00141983 -5.38358e-05 0.00847483 -0.000925397 
-0.00242548 -2.96698e-05 -0.00236875 -0.000120898 -0.00507979 -0.00775122 0.000411407 0.00278585 -0.00463757 -0.00192529 -0.00893413 0.00442279 0.00330307 -0.00123717 -0.00826415 -0.00219646 -0.00424931 -0.00299805 -0.0026841 0.00573437 -0.0181723 -0.00162375 -0.00928629 -0.014431 -0.00252663 -0.0121227 -0.00265249 0.00428868 0.00126033 0.0015306 0.00162887 0.00277453 0.00570317 0.156575 0.00565914 0.00331314 -0.00447216 -0.00254204 0.00863958 -0.00710747 -0.000461572 -0.00412127 -0.00447418 0.000247899 -0.00394346 -0.00268372 -0.00285884 -0.00484402 -8.68576e-05 -0.00615686 0.000204779 -0.0001383 0.00559745 -0.00551764 -0.00558289 -0.00561246 0.00264127 -0.00657947 0.00463476 0.00784554 -0.00741726 -0.0041859 -0.00573531 -0.0143938 -0.00687259 0.0105573 -0.000216047 0.00379914 -0.00466126 0.0102262 0.0055009 0.0016339 -0.000493932 -0.00334977 0.00604116 -0.00126048 -0.00183293 0.000168758 -0.00636011 -0.00440209 -0.0022778 0.00213148 0.00464174 -0.00603824 -0.00572354 -0.00620425 0.00422472 -0.00644908 -0.00644681 0.00203099 8.49948e-05 0.00784148 -0.00467592 -0.00839877 -0.00122813 -0.000743308 0.00371901 0.00213123 0.00368611 -0.00535335 
