0.150392 0.018113 0.00563332 -0.000157547 -0.00422876 0.00359256 -0.00600947 -0.00427292 0.00249261 0.00247291 0.0101396 0.00147582 -0.00151397 -0.00853579 -0.00319184 -0.00528269 -0.00189927 -0.00193626 -0.00292025 -0.00607719 -0.00466883 -0.00669165 -0.00644731 -0.00138969 0.00617736 -0.0159307 -0.0108015 -0.00893928 -0.00215003 0.011876 -0.00163056 -0.00462615 0.000517011 -0.00838692 -0.00584706 -0.00530514 -0.00714752 0.00419163 -0.00511921 0.00182426 -0.00562353 -0.00217739 -0.00474394 -0.00115768 -0.0111131 -0.00571415 -0.00236991 -0.00413347 0.00267659 -0.00546876 0.00122603 0.0172864 -0.00449768 -0.00747053 0.000741097 0.0046724 -0.00372362 -0.00208843 0.00148722 -0.00026224 0.00316805 0.0048423 -0.00152188 -0.00715623 0.0101364 0.00681604 -0.00685792 -0.00632416 -0.000317783 -0.00597032 -0.0073328 -0.0032103 -0.00524932 0.0079673 -0.00300664 -0.00665267 -0.0047807 0.000153012 -0.000414054 -0.00480155 -0.00165688 -0.00343108 -0.00598629 0.00689914 -0.000595137 0.000630051 -0.00185926 0.00847835 0.00581797 -0.00276117 -0.00601166 0.000441665 -0.006913 0.000780349 -0.00393693 -0.00392728 -0.00553664 -0.000616177 0.0068717 -0.00151033 
0.018113 0.205572 0.0144861 0.00366217 0.00355907 0.0278521 0.000836181 0.0140253 0.0267067 -0.011457 0.0158315 -0.00823175 -0.0102575 0.0146053 -0.00485455 -0.0141178 0.00129696 -0.00188385 -0.0172538 -0.0140027 0.00884784 -0.00517683 -0.0117953 0.00333311 -0.000206454 -0.0089889 0.0137296 0.00478785 0.00462065 0.0262521 -0.0220367 -0.0064343 -0.0034015 -0.0122996 -0.000156997 -0.0133223 0.000970525 0.00387629 -0.00605697 -0.00993391 -0.0100309 -0.00981066 -0.00600676 -0.0125667 0.00254195 -0.0308931 -0.00607336 -0.000315178 0.00212551 -0.00604346 0.0021143 -0.00178078 -0.00139392 -0.00387159 -0.0014545 0.00237971 -0.00412275 -0.00666263 -0.000342241 0.00349491 -0.0025379 -0.00744579 -0.00708043 -0.0170235 0.00492252 -0.0258672 -0.00871245 -0.0150225 -0.00974049 -0.0122311 -0.00440996 0.00309347 0.00282832 0.00191134 0.00217301 -0.0135103 -0.00040585 -0.00725196 -0.00791607 0.00224051 8.42027e-05 0.00806767 0.000688713 -0.00642001 -0.00197815 0.0073863 -0.000439713 0.0153032 -0.00143453 -0.000336656 -0.00791347 -0.00395147 -0.00113344 -0.00613868 -0.00606743 -0.0095906 0.000606263 0.00432373 -0.00420363 -0.00724919 
0.00563332 0.0144861 0.154007 0.0109396 0.00981365 0.0146396 0.00548138 0.0106707 0.00140581 -0.00865377 0.00487558 0.00615028 0.00149511 -0.00583964 -0.00241038 -0.0120589 -0.00396122 0.000440897 -0.00882691 -0.0139513 -0.00159564 -0.0052395 -0.00782159 -0.00269202 -0.0166937 -0.00944389 -0.00940091 -0.0145567 0.00438916 0.00322274 0.00691121 -0.00197832 0.0145826 0.00197015 0.00719207 0.00114269 0.00106372 0.00266143 -0.00510429 0.000647263 0.000352436 0.00352115 -0.00931731 -0.0023539 0.00276463 -0.0186834 -0.0037799 -0.0032397 -0.00279225 -0.00323737 -0.000979449 0.00201793 5.30998e-05 -0.00127725 0.00284038 -0.000732634 -0.00285987 -0.00391955 -0.00489983 0.0025623 -0.00402091 0.00416872 -0.0025815 -0.00594968 -0.00621647 -0.00865669 0.000143545 -0.00939046 -0.0150301 -0.00907745 -0.00458442 0.00701347 0.00300947 0.00219425 -0.00293785 -0.0053873 -0.00477101 -0.0034558 0.00106189 -0.00686819 0.00210224 -0.00109524 0.00551696 0.00704257 0.00330799 -0.0137457 0.00294628 0.00315243 -0.00702532 -0.00528961 -0.0111792 -0.00395042 -0.00100018 -0.0037554 0.00330678 -0.00729816 -0.00314264 -0.00309349 -0.00272233 -0.00237396 
-0.000157547 0.00366217 0.0109396 0.0807473 0.00253006 -0.00382974 0.00473175 0.00771203 0.00291069 -0.00515389 0.00809445 -0.00653457 -0.0121771 -0.00528203 -0.00368424 -0.00510703 -0.000546427 -0.000518401 -0.00414632 -0.00115181 -0.00145686 0.00359858 -0.000895114 -0.00187281 -0.00607554 -0.00201641 0.000532226 -0.00183721 0.000212267 0.00247402 -0.00629278 0.00159807 -0.00210838 0.000923304 -0.000798938 -0.000420627 -0.00308912 -0.00278057 -0.00352892 -0.00216886 -0.00261194 -0.00423678 -0.00364348 0.00240296 -0.00449707 -0.0070231 -0.00110677 0.000889262 8.77453e-05 -0.00602792 -0.000931472 -0.00247344 0.00473403 -0.00187218 0.00156083 0.00243901 -0.000677123 0.00109865 0.00123838 -0.00412369 0.0012256 -0.00110723 -0.00126633 -0.00485914 0.000472061 -0.00722347 0.000735796 0.000248331 -0.00364726 -0.00479184 0.0037916 0.00276124 0.00308851 -0.00121257 0.00034382 -0.00398528 -0.00571787 -0.00062621 -0.000292956 -0.00658003 -0.00107298 0.00410284 -0.00101187 -0.00229286 0.00114643 0.00372607 0.00200504 -0.00059979 -0.000159375 -0.00215381 -0.00323148 0.00324238 0.00219019 0.000447805 0.00780501 -0.00256034 -0.00364534 0.0013568 -0.000656044 -0.00225659 
-0.00422876 0.00355907 0.00981365 0.00253006 0.110738 -0.000917486 0.0124415 -0.00227141 -0.00630684 -0.000877225 0.0039398 -0.00869284 -0.00474236 0.000810795 0.000128927 -0.00390438 -0.00285707 0.00056096 -0.00500592 0.00405045 -0.00172778 0.00265734 -0.00337991 -0.000861315 -0.0065607 0.00559137 0.00246484 -0.00625823 -0.0053819 -0.00562587 -0.00366591 -0.000984984 0.00196406 -0.000372319 -0.0051466 -0.00824233 -0.0043079 -0.0032507 -0.00281195 -0.00323881 -0.000500468 -0.00435731 -0.00352009 -0.00552131 0.00326647 -0.00393717 -0.00274553 0.00022504 -0.00214913 -0.00451276 -0.00407528 -0.000673057 0.00339913 -0.00264247 0.000836798 -0.000692958 -0.000404051 -0.0047364 -0.00228861 -0.00441119 -0.00238957 0.00129503 -0.0031411 -0.00719871 -0.00375444 -0.00208456 0.0105954 -0.0023763 -0.00427023 0.00418286 0.00200116 0.00189271 -0.00150156 0.00976547 -0.00254016 0.00133807 -0.00266254 -0.00240728 -0.00136237 -0.00620319 -0.00185216 -0.0022488 0.0108773 -0.00413122 0.000604742 -0.00251861 -0.00157991 -0.00458256 -0.00333166 -0.00241285 -0.00145998 0.00113899 0.000521608 -0.00359724 0.0108814 -0.0017088 -0.000376904 -0.00282631 -0.000939875 0.000174775 
0.00359256 0.0278521 0.0146396 -0.00382974 -0.000917486 0.163287 -0.00321739 0.00861488 0.0129521 -0.00989781 0.00053547 -0.00410857 -0.0125985 0.00397585 -0.00822017 -0.00592615 -0.00501816 -0.00221727 -0.00887708 -0.000114023 -0.00214163 -0.00457426 -0.009736 0.00617765 0.0179336 -0.00793337 0.0105249 0.00898795 0.00828932 0.01296 -0.00371297 0.00125602 -0.0047845 -0.0105596 0.00566746 -0.00806345 -0.00128839 -0.00122587 -0.00055172 -2.33396e-05 -5.95472e-05 0.00212705 -0.00798102 -0.00626696 -0.004218 -0.0108975 -0.00217167 -0.000269681 0.00273124 0.00323321 0.00317492 0.000480468 0.0030321 -0.00110557 -0.000146828 -0.00643682 -0.00415784 3.86352e-05 -0.00778716 0.0034386 -0.00093645 -0.000875899 -0.00590752 -0.00891219 -0.000997764 -0.00598736 0.000296916 -0.00298502 -0.00536076 -0.00543959 0.000201454 0.000977949 -0.000137941 -0.00661184 -0.00239356 -0.00447501 -0.00279431 -0.0096078 -0.00817584 0.00848909 -0.00474985 -0.00312003 -0.00231969 -0.00320838 -0.002118 0.00415663 0.000604036 0.00166871 -0.00545604 -0.0105163 -0.0156909 -0.00370191 -0.00753405 0.000435969 -0.0115337 -0.0102476 -2.33765e-05 -0.00718011 -0.00387038 -0.00842808 
-0.00600947 0.000836181 0.00548138 0.00473175 0.0124415 -0.00321739 0.164181 0.00560628 0.0125933 0.00564537 0.00249183 -0.00798335 -0.00220993 -0.00410305 -0.00149747 -0.00687155 0.000236323 -3.96177e-05 -0.00398499 0.00509894 -0.000861259 -0.00525178 -0.00293092 -0.0042035 -0.0102026 0.00435744 4.37605e-05 0.00147924 -0.00410283 -0.00741825 -0.00755422 -0.00107938 0.00696325 -0.00502009 -0.00325799 -0.00570726 -0.00620168 -0.00909478 -0.00108048 -0.0105717 -0.00788885 -0.00758414 0.000226231 -0.00305343 0.00352463 -0.0078603 -0.00115085 0.00142245 -0.00193003 0.00040131 -0.0046729 0.00420487 0.00791155 -0.003539 -0.00409794 0.00196366 -0.00265726 -0.00615367 0.00278353 -0.00767604 -0.004399 -0.00314682 -0.00829536 0.00487505 -0.00848996 -0.011731 0.00201886 0.00205463 0.00260159 -0.00334784 -0.00845995 -0.00118045 0.00229019 -0.00368513 0.00205982 -0.00406425 -0.0039197 -0.00503831 0.00372166 -0.0127114 -0.00388731 -0.000325373 0.00281513 -0.00425469 -0.00266519 -0.000461562 -0.000214816 -0.00711141 -0.00559391 -0.00224307 -0.00446048 -0.000361971 0.00250474 -0.00832554 0.0118435 0.00334782 0.000133565 0.00101722 0.00422176 -0.00303662 
-0.00427292 0.0140253 0.0106707 0.00771203 -0.00227141 0.00861488 0.00560628 0.134068 0.00734591 0.00456089 -0.00681712 -0.00250772 -0.00372721 0.00184671 -0.0032294 -0.01612 0.0103666 0.00118597 -0.0042396 -0.00394887 -0.00278018 -0.00551832 -0.00351841 0.000715344 0.00161321 -0.00332203 0.00551513 0.00412028 0.00287327 0.00422582 -0.00989026 0.0050174 -0.00384137 -0.00851466 0.00846538 -0.0085591 -0.00211489 -0.00807532 0.00103756 -0.00438622 0.00239765 -0.00253318 -2.79659e-05 -0.000671384 -0.00487729 -0.00211532 -0.00166109 0.00204339 -0.000442459 -0.00590338 0.00810793 -0.0110809 0.00366136 0.000889202 -0.000196993 -0.00334577 -0.000569079 -0.00128053 -0.00439502 0.00159707 -0.000912268 -0.00619831 0.000288583 -0.00105952 -0.00318955 -0.00844806 0.00354236 0.00235977 -0.0054961 -0.00472987 -0.00150281 0.00320613 -0.00295099 -0.00707917 -0.00394885 -0.00936841 0.00598923 -0.00239422 -0.000267465 -0.000873455 0.000702876 0.00294918 -0.00448619 -0.00210133 0.00182774 -0.00720485 0.000867126 -0.0117471 -0.00491759 -0.011255 -0.00694796 -0.00112429 -0.00495117 -0.00871173 -0.00776161 -0.00204327 0.0020442 -0.00162427 -0.00211832 0.00010843 
0.00249261 0.0267067 0.00140581 0.00291069 -0.00630684 0.0129521 0.0125933 0.00734591 0.22834 0.00794231 0.00453105 -0.00795245 0.0180977 0.00537508 0.00302986 0.00131988 0.0139612 -0.00736616 -0.0111759 0.0159109 -0.000578916 -0.00614432 -0.00489971 0.00245288 -0.0186948 0.00649522 -0.00823513 0.011199 -0.0122052 0.0140472 -0.00758832 -0.0024665 -0.00523437 -0.00433826 -0.00745652 -0.00582787 -0.0181179 -0.00802605 -0.0017627 -0.00593305 -0.0185782 -0.0120248 -0.0136856 -0.00984306 -0.00477742 -0.00433224 -0.00367831 -0.00167093 -0.0064082 0.00418479 -0.00337782 0.0164684 0.00192342 -0.00437771 -0.00171926 0.00256316 -0.00487542 -0.0071223 -0.00634631 0.0073507 -0.00238647 -0.00756627 -0.00603402 -0.0177944 -0.000666862 -0.00439337 -0.0019741 0.0126223 0.0106116 -0.00667317 -0.00410992 -0.00166607 -0.00667141 -0.0211519 -0.00639521 -0.0209768 0.0086867 -0.00189254 -0.00803788 0.017968 -0.00601105 0.000822815 0.00749382 -0.00313277 -0.000985507 -0.0155181 -0.00406808 -0.0061356 -0.0121962 -0.017951 -0.017313 -0.0058035 -0.00389555 -0.00626908 0.00360926 -0.00921527 -0.00443755 0.00448484 -0.00143461 -0.0120135 
0.00247291 -0.011457 -0.00865377 -0.00515389 -0.000877225 -0.00989781 0.00564537 0.00456089 0.00794231 0.193302 -0.00428729 -0.0068308 0.000328289 0.0032382 -0.00706973 -0.0139658 0.00340918 -0.00405498 -0.00312655 0.0126833 0.00399862 -0.0117521 0.00465237 -0.00929642 0.00390394 -0.00738036 -0.00218364 0.0151017 0.00592097 -0.0124503 -0.017883 0.000526532 -0.000287223 -0.0236829 -0.00491721 -0.0152768 -0.0202427 -0.0090503 -0.00538468 0.00649121 -0.00592879 -0.00347114 -0.00488866 0.013505 0.00419225 -0.00769552 -0.00293603 -0.000344345 -0.0124725 -0.00855674 -0.00335387 0.0014725 -0.00124958 -0.000493011 -0.0063691 -0.00875838 0.000304016 -0.00258947 0.00776432 0.00482302 0.00104584 -0.000349782 -0.00372381 -0.00324297 2.45716e-05 0.00253891 0.00338733 0.00688393 0.000486452 0.00214421 -0.00299708 -0.0056143 0.00510307 -0.00348684 -0.00432765 0.00408741 0.0113669 -0.00537872 0.00589173 -0.000789136 -0.00147876 0.0123117 -0.000494265 -0.0097867 -0.000936654 -0.00245411 -0.00348533 -0.00721489 -0.00386498 -0.00488388 -0.00832839 -0.000742519 -0.000961114 7.95937e-05 0.0109906 0.00425963 -0.00182962 -0.00768857 -0.00311859 -0.0053924 
0.0101396 0.0158315 0.00487558 0.00809445 0.0039398 0.00053547 0.00249183 -0.00681712 0.00453105 -0.00428729 0.184186 -0.0095591 0.00505054 -0.00849963 -0.00448001 0.0203762 0.000828963 -0.000583263 -0.0136539 -0.00918918 -0.00291089 0.0038937 -0.0120565 -0.00563298 -0.00518749 -0.00313547 -0.00485096 -0.00338962 -0.0124716 -0.00334896 -0.00396074 -0.0125967 -0.00070554 -0.00173667 -0.00956808 -0.00300267 -0.00253984 -0.00510544 -0.00438368 -0.0061161 -0.0102384 -0.00213644 -0.0130369 0.004754 0.00561003 -0.0259504 -0.00526115 -0.00404751 -0.00109927 0.00166479 -0.00300326 0.0141608 -0.00527856 0.000144843 0.00108004 0.00903242 -0.00646272 -0.00444312 0.00382002 -0.00357318 0.00176864 0.001267 -0.00437942 -0.0113649 -0.00402325 -0.00683687 0.00515022 -0.0131161 -0.00787452 -0.00575652 -0.00202515 -0.000596686 0.00124143 -0.00218583 -0.000688864 -0.0113265 -0.00414118 -0.00158617 0.00667354 -0.00566044 -0.00509997 0.00276375 -0.0029978 -4.40523e-05 0.00216875 -0.00770905 -0.000799787 0.00876168 0.00692575 0.00112105 -0.00254772 0.000305892 -4.55343e-05 0.0111566 0.00726946 -0.00453613 -0.00491804 -0.00230721 0.00553182 -0.0102787 
0.00147582 -0.00823175 0.00615028 -0.00653457 -0.00869284 -0.00410857 -0.00798335 -0.00250772 -0.00795245 -0.0068308 -0.0095591 0.12217 0.00601508 -0.00408918 0.0119302 0.0048243 -0.0013381 0.000389001 -0.00107162 -0.011241 -0.00561 0.000240671 0.00665848 -0.00213098 -0.00515986 -0.00244275 -0.00638329 -0.0109916 -0.00665461 -0.00336621 0.00800911 -0.00628216 -0.000687622 0.000899603 0.0073215 0.004147 0.00525796 0.0057192 -0.000736138 -0.00136448 0.00534186 -0.00606183 0.00234588 -0.00238487 0.00337496 0.00109635 -0.00181745 -0.00179487 -0.00481026 0.0067797 0.00718913 -0.0032672 -0.000919603 -0.00280121 -0.00024492 -0.0027231 -0.000252351 -0.000474115 -0.00627449 -7.76065e-05 -0.000868386 0.00221622 -0.00269718 -0.000427741 -0.000739821 -0.00829019 -0.00655754 -0.0068272 -0.00708605 -0.00185943 -0.00138863 -0.00132968 -0.00761376 -0.00974522 0.00162006 -0.00143614 0.00439825 0.00299943 0.00246611 0.00912282 0.00304603 -0.000278503 -0.00520745 0.0111847 -0.000242816 -0.0064792 0.00291733 -0.00352705 -0.000998289 -0.00160118 -0.00228085 -0.00109897 -0.00214157 0.00855795 -0.00983151 -0.00246976 -0.000546837 -0.00649973 0.000368984 -0.000308958 
-0.00151397 -0.0102575 0.00149511 -0.0121771 -0.00474236 -0.0125985 -0.00220993 -0.00372721 0.0180977 0.000328289 0.00505054 0.00601508 0.227509 -0.00233118 0.00325541 0.0244579 0.00109996 0.000484446 0.00210621 0.0135322 -0.00920775 0.00305889 0.00196041 0.00904674 0.00744197 -0.00290461 -0.0190339 -0.00322008 -0.0198248 -0.0117295 0.0117235 -0.0156368 -0.00276297 -0.00620724 -0.00983267 0.0179156 0.00994394 0.00635052 0.00248975 -0.00481529 0.00286396 0.00260047 -0.00180566 -0.00630239 -0.00469664 0.00293234 0.0021338 -0.00124252 -0.00373127 -0.00100456 -0.0126952 0.0132686 -0.0160052 -0.00683279 0.00344041 0.00262225 2.58339e-07 0.000491284 -0.0155335 -0.00302088 0.004004 -0.00246993 0.00351677 -0.00331567 -0.0160698 0.0228495 -0.00370045 0.0218119 -0.00862292 -0.0141615 -0.00552196 -0.00375465 -0.0186972 -0.0231301 -0.00659672 -0.0102676 -0.0117636 -0.00749932 -0.00894072 0.00735131 -0.00141718 -0.00651553 -0.00492311 0.0087587 0.00251985 -0.0209548 -0.00685919 -0.0060742 -0.0127105 -0.00993134 -0.0153878 -0.00361355 0.00212262 0.00637378 -0.0123079 0.00359446 -0.0108558 -0.00140614 -0.00294829 0.00140182 
-0.00853579 0.0146053 -0.00583964 -0.00528203 0.000810795 0.00397585 -0.00410305 0.00184671 0.00537508 0.0032382 -0.00849963 -0.00408918 -0.00233118 0.150003 -0.00446071 0.005196 0.00641393 -0.00243949 -0.00115032 -0.00506571 0.00143028 -0.00929494 -0.00585167 0.000470361 -0.00449138 -0.00848538 -0.00260146 0.00196753 5.41944e-06 0.00224261 -0.0242812 0.00315014 -0.00653874 0.000296418 -0.00733757 -0.00971528 -0.0067353 -0.00569554 -0.00239863 -0.0104272 0.000641594 -0.000252107 0.00153092 -0.0117833 0.000360314 -0.00434049 0.00181177 0.000827373 -0.00524858 0.00964839 -0.0067665 -0.0117304 0.000164556 -0.00238487 -0.0047677 -0.00503069 -4.37457e-05 -0.00381243 0.00669207 -0.00438012 -0.00769089 0.00109016 -0.00534541 -0.00158624 -0.00534027 0.00492289 -0.00125112 0.0173918 0.0151392 0.00129635 -0.000688106 -0.00197824 0.00566745 -0.000929264 -0.00353037 0.0138257 0.00673248 1.74234e-05 -0.0059705 -0.00311207 -0.00197009 0.000383067 -0.00402541 -0.00764762 0.000863258 -6.36492e-05 -0.00080822 -0.00271388 0.00297477 -0.0046528 -0.00448712 -0.00234434 0.00152942 -0.00463999 -0.00656156 0.000378623 0.00581565 0.00562061 -0.00714939 -0.0056753 
-0.00319184 -0.00485455 -0.00241038 -0.00368424 0.000128927 -0.00822017 -0.00149747 -0.0032294 0.00302986 -0.00706973 -0.00448001 0.0119302 0.00325541 -0.00446071 0.113884 0.00504715 0.00649224 0.000867983 0.00285851 0.00301681 -0.00417715 -0.000622079 0.00295886 -0.00516983 -0.00141885 0.00202303 -0.00169193 -0.0097136 -0.00732099 -0.0039417 0.00737838 -0.00595578 0.00201975 -0.00666272 -0.0054856 -0.00250785 -0.00267802 -0.00166617 -0.00094929 0.00243432 -0.00232462 -0.00307663 5.71276e-05 -0.00251871 -0.000437202 0.0067959 0.000590086 -0.000699514 -0.00261782 0.00544336 0.000335159 -0.00206503 -0.00337958 -0.00191594 -0.00319854 -0.00123478 0.00107446 -0.00302279 -0.00348473 -0.00218461 0.000146871 -0.000980453 -5.80486e-05 -0.00137032 0.00232314 -0.0140124 -0.00764998 -0.00239729 -0.00891036 0.000902679 -0.000767183 -0.00265851 -0.00320131 -0.00492565 0.00152607 -0.00331253 -0.00137441 0.000515821 0.000731768 0.000292617 -0.000596055 -0.00572608 -0.00343389 -0.000152249 0.00223323 0.00837525 -0.000517295 -0.00768915 -0.00358094 -0.00177236 0.00274352 -0.00136425 -0.0029976 0.00895905 -0.00161664 0.00278998 0.00380607 -0.00263663 0.000917076 0.00103711 
-0.00528269 -0.0141178 -0.0120589 -0.00510703 -0.00390438 -0.00592615 -0.00687155 -0.01612 0.00131988 -0.0139658 0.0203762 0.0048243 0.0244579 0.005196 0.00504715 0.217062 0.0114829 -0.00335807 0.00112914 0.0126525 -0.00793053 0.012146 -0.0168245 -0.00351785 0.000681653 0.00102527 -0.0117665 -0.0159312 -0.0179639 -0.0198415 0.00591087 -0.00667364 -0.00523637 -0.00577069 -0.00873833 -0.00428129 -0.0044476 -0.00596146 -0.00252674 0.0051506 -0.0080574 0.00664204 0.00122195 -0.00450727 -0.00962001 -0.00221997 -0.000229046 -0.00431798 0.00117955 -0.00824887 -0.00281538 0.0208527 -0.0120868 -0.00404329 0.00151524 -0.00132703 -0.00509966 -0.00161482 0.000633548 -0.0116295 -0.00150947 0.00589517 0.0027822 -0.0112488 -0.00619532 0.0354055 0.00607571 0.0124008 0.00974457 0.00547133 -0.00769719 -0.00327123 -0.00457511 0.00576898 -0.00335005 0.0144757 -0.00579458 0.00305065 -0.00999253 0.00300861 -0.00270657 -0.00737454 0.00253359 -0.00357322 -0.00449566 -0.0130349 -0.0031724 -0.0101582 -0.000144285 -0.00943933 -0.000268897 -0.00312709 -0.00510042 0.00331123 -0.0183346 -0.00381988 -0.00784188 -0.00277543 -0.0126117 -0.0088762 
-0.00189927 0.00129696 -0.00396122 -0.000546427 -0.00285707 -0.00501816 0.000236323 0.0103666 0.0139612 0.00340918 0.000828963 -0.0013381 0.00109996 0.00641393 0.00649224 0.0114829 0.092352 -0.000212866 0.00134674 0.0119351 0.000527634 -0.000980834 -0.00628979 -0.00381209 -0.0013087 -0.00331149 -0.00411525 -0.00524405 -0.00487263 -0.00515098 -0.0130784 -0.00446042 -0.00628086 -0.00559804 -4.19762e-05 -0.00382539 -0.00325402 -0.004711 0.00126977 -0.00384385 -0.000704393 0.00251172 -0.00159271 0.00113472 -0.001475 -0.00148106 -0.000535276 0.00172671 -0.00245755 -0.00340578 0.0063572 -0.000329168 -0.0015764 -0.00290343 0.00308537 -0.000934543 0.00186875 0.00051902 -0.00227664 -0.000298744 0.00142995 -0.000165492 -0.00115279 -0.00271668 -0.00500232 -0.00215564 -0.00178549 0.00432742 -0.00392438 -0.000280156 -0.00185456 -0.00108141 -0.00263273 -0.0099869 -0.0029776 -0.000700979 0.00810115 -0.002114 -0.000986916 -0.00130695 -0.00141721 -0.00138665 -0.00509414 -0.000947693 -0.00151269 -0.00132415 0.000546978 -0.00087566 -0.00261265 -0.00526624 -0.00378387 -0.00203025 -0.00158749 -0.00230086 -0.00693047 -0.0017893 0.00377225 0.000449053 -0.000864063 -0.00231782 
-0.00193626 -0.00188385 0.000440897 -0.000518401 0.00056096 -0.00221727 -3.96177e-05 0.00118597 -0.00736616 -0.00405498 -0.000583263 0.000389001 0.000484446 -0.00243949 0.000867983 -0.00335807 -0.000212866 0.0517176 -0.00246481 0.00015406 0.0011326 0.00195137 0.00339821 -0.00103158 -0.00441265 -0.0020975 -0.00156398 -0.00228704 -0.00138554 -0.00163732 -0.00653231 -0.000347512 -2.46332e-05 -1.1081e-05 0.00289578 -0.000566517 0.000527162 0.00117758 3.02623e-05 -0.00267623 0.000450472 0.000941159 -0.00143642 -0.00133861 -0.000123357 -0.00409902 0.000632004 0.0017966 0.000703298 -0.000563956 0.00163349 -0.00354189 0.00101677 9.68429e-05 0.000212138 0.000564552 -0.000291443 -0.00094982 -0.00128309 -0.000131681 -0.00121169 0.0019122 -0.000973565 0.000871733 -0.00248397 -0.00737538 0.00162958 -0.00148626 -0.000456127 -0.0009377 -0.000587612 0.000797828 0.000214592 0.000459858 0.000467672 -0.00291173 -0.00113064 6.87975e-05 -0.00044605 -0.00176138 4.17004e-05 -0.000115762 0.00130879 -0.000849684 0.00123027 -0.00267735 5.776e-05 0.000343505 0.0032336 0.000268921 0.00275764 2.29923e-05 -0.000352378 -0.000474605 -0.00327447 0.000664371 -0.000249099 0.00198848 -0.00174275 0.00360493 
-0.00292025 -0.0172538 -0.00882691 -0.00414632 -0.00500592 -0.00887708 -0.00398499 -0.0042396 -0.0111759 -0.00312655 -0.0136539 -0.00107162 0.00210621 -0.00115032 0.00285851 0.00112914 0.00134674 -0.00246481 0.117617 0.00538617 -0.00181698 -0.000482329 -0.00350664 0.001026 0.00991764 -0.00928351 -0.00461346 0.00115819 -0.00571478 -0.00637798 0.00759443 0.00548996 0.00235129 -0.000324749 -0.00172559 0.00488135 -0.00171602 -0.00123459 0.00284277 0.00073278 -0.0015543 0.00166888 -0.00115751 -0.00183157 -0.00797948 0.0142023 0.0033227 -0.00320227 -0.00250177 0.000584278 -0.00178398 0.00366132 -0.00434203 0.00133268 -0.00808731 -0.00458054 -0.00113536 0.00157095 -0.0011992 -0.00631069 0.00162639 -0.00583035 0.00143283 0.00740954 -0.0046919 0.0118924 0.00314106 0.00121567 0.0116849 0.00213711 0.000941498 -0.00114005 -0.00700536 7.51327e-05 -6.54506e-05 -0.00229344 -0.00270674 -0.00223936 -0.00161901 -0.000679732 0.00132584 0.00166493 -0.00256282 0.00366198 0.000456933 0.00131354 -0.00141254 -0.00682584 -0.000492168 -0.00249384 -0.00397547 -7.31051e-05 -0.00473462 -0.00758862 -0.00729491 0.000309479 -0.00395176 -0.00277786 -0.00234686 0.00209232 
-0.00607719 -0.0140027 -0.0139513 -0.00115181 0.00405045 -0.000114023 0.00509894 -0.00394887 0.0159109 0.0126833 -0.00918918 -0.011241 0.0135322 -0.00506571 0.00301681 0.0126525 0.0119351 0.00015406 0.00538617 0.184518 -0.00187547 0.00360002 -0.00405949 0.0059344 0.00235352 0.010904 -0.0129111 0.00776924 -0.0163922 -0.0144017 -0.0046573 -0.0015852 -0.0165184 -0.00832446 -0.00982392 -0.0098287 -0.00856413 0.00261835 -0.00358487 -0.00282968 0.000175926 0.00158041 -0.00104345 -0.00432254 0.00150534 0.0108424 -0.000834486 -0.00102059 -0.00636049 -0.00543906 -0.00583166 0.00537251 0.00419976 -0.00486336 -0.00346365 -0.00130316 -0.00272696 -0.00296653 -0.00581267 -0.00137758 -0.00131411 -0.00655722 -0.00533586 -0.0177369 -0.00552907 -0.00181362 0.00076603 0.0188481 0.0213451 0.00762666 0.00207001 -0.00361918 -0.00956531 -0.0138697 -0.00274231 0.00594489 0.000423817 -0.00568461 -0.00956749 0.0131281 -0.00193788 -0.00861008 -0.00461567 -0.0017939 -0.0036697 0.00500222 -0.00741907 -0.0082478 -0.00597661 -0.0136995 -0.00524876 -0.0024184 -0.00306627 -0.00933585 -0.0115157 0.00164825 0.00093342 0.000139972 -0.000373699 -0.00494242 
-0.00466883 0.00884784 -0.00159564 -0.00145686 -0.00172778 -0.00214163 -0.000861259 -0.00278018 -0.000578916 0.00399862 -0.00291089 -0.00561 -0.00920775 0.00143028 -0.00417715 -0.00793053 0.000527634 0.0011326 -0.00181698 -0.00187547 0.0720026 -0.0031065 0.00141912 0.000831166 0.00140449 -0.00316024 -0.00121358 0.00572997 0.00270123 -0.00210439 -0.00750371 0.000595717 -0.00239667 -0.0021925 -0.00285261 -0.00375399 -0.000814897 -0.000562556 -0.000712921 -0.00144997 -0.00239479 -0.00141075 0.00195366 0.00112923 -0.00323805 -0.00310853 -0.00101618 0.00109129 -0.000140525 -0.000834118 -0.000884886 -0.00932594 0.000838192 0.000156225 -0.00300346 -0.00164793 -0.0011019 0.000974619 0.00048579 -0.00181486 -0.00143848 -0.00111843 -0.000192782 0.000202222 -0.00313653 -0.00876071 -0.00113405 -0.00732978 -0.000902376 0.001512 -0.000836437 -0.000155521 0.00389716 0.0026393 0.00112659 0.0045329 0.000262383 -0.00110667 0.00116854 0.000286623 -0.000179805 0.00118419 0.00295102 -0.00227279 -0.0016075 0.00154115 0.00109192 0.0052805 1.62796e-05 0.00619419 -0.0016173 -0.000395629 0.0010718 0.000356819 0.0024902 -0.00242228 0.00217917 -0.000103691 -0.000178091 -0.00126002 
-0.00669165 -0.00517683 -0.0052395 0.00359858 0.00265734 -0.00457426 -0.00525178 -0.00551832 -0.00614432 -0.0117521 0.0038937 0.000240671 0.00305889 -0.00929494 -0.000622079 0.012146 -0.000980834 0.00195137 -0.000482329 0.00360002 -0.0031065 0.134713 0.00136901 0.000774533 0.000103649 0.000388726 0.00132593 -0.0115779 -0.0111674 -0.0115242 0.000541573 -0.00408563 -0.00113463 -0.00085927 -0.00755172 -0.00121769 -0.000338971 0.00252372 0.00205487 -0.00755666 0.00220039 -0.000119731 0.00651095 -0.00175036 0.000364548 -0.0111442 -0.00293307 -0.00207121 -4.60443e-05 -0.0100438 -0.00040509 -0.00997755 -0.00418943 -0.00377664 -0.00658953 0.00682604 -0.000671775 -0.00244477 -0.00538663 -0.00559157 -0.00208055 0.00017083 0.00166268 -0.00696453 0.00131588 -0.0032731 0.0133765 0.000954411 -0.00071105 -0.00500714 0.00816751 -0.00202211 -0.00407619 0.00840963 -0.00364784 -0.000565466 -0.00436238 0.000642206 0.00126223 0.00420829 0.000830121 -0.000552952 0.00278848 0.00099574 -0.00204065 -0.0070565 -0.00223283 -0.0044107 -0.00162682 0.00114673 0.00375816 0.000202793 -0.000365021 0.00541256 -0.00236518 -0.00345706 -0.00449794 0.00496085 0.00307975 -0.00388236 
-0.00644731 -0.0117953 -0.00782159 -0.000895114 -0.00337991 -0.009736 -0.00293092 -0.00351841 -0.00489971 0.00465237 -0.0120565 0.00665848 0.00196041 -0.00585167 0.00295886 -0.0168245 -0.00628979 0.00339821 -0.00350664 -0.00405949 0.00141912 0.00136901 0.134659 0.0012374 -0.00303711 0.00683846 0.0103632 -0.00324284 -0.000922283 -0.00886984 -0.00702747 -0.000628499 0.00325656 -0.00510558 0.00427519 -0.00104207 -0.00069296 0.00815019 -0.00113705 -0.00227666 -0.00417766 -0.00386254 -0.000299786 -0.000244408 0.002156 0.00392718 0.00117934 -0.000355367 0.00167968 0.00651113 0.00140348 -0.00959169 0.00245465 0.00244304 -0.00450055 -0.000758203 0.00228303 0.00915814 -0.00615781 0.00132947 -0.00785852 -0.0016517 -0.000979064 0.00631805 -0.005543 -0.00872278 -0.00805492 0.00260652 -0.0131296 -0.000869483 0.00290838 -0.00176444 -0.00650213 1.2422e-05 0.008697 -0.00355834 0.00118379 0.000490821 -0.00362813 -0.00691 0.00112285 0.00161482 0.00127984 0.00124655 -0.00218795 -0.00293745 -0.00280274 -0.00737324 -0.00412979 -0.00428512 0.00428226 0.000487985 -0.00265798 -0.000638608 -0.00777346 0.00128331 0.00550103 0.00104073 -0.00632192 0.00842625 
-0.00138969 0.00333311 -0.00269202 -0.00187281 -0.000861315 0.00617765 -0.0042035 0.000715344 0.00245288 -0.00929642 -0.00563298 -0.00213098 0.00904674 0.000470361 -0.00516983 -0.00351785 -0.00381209 -0.00103158 0.001026 0.0059344 0.000831166 0.000774533 0.0012374 0.101255 0.00100465 0.00259003 0.00263407 0.00613221 -0.000392226 0.000951527 -0.0139317 -0.00300479 -0.00417131 -0.00733136 -0.00156066 -0.00216366 -0.000718807 -0.00232489 -0.0015103 -0.00321062 -0.00133908 -0.00126058 -0.00141429 -0.00505486 -0.00471473 0.00497969 0.00108695 0.000658556 0.00136609 -0.00164466 -0.00451884 -0.00790651 0.000567992 -0.00124825 -0.00360811 -0.00139422 -0.00141761 0.00398366 -0.00266619 -0.000161463 -0.00505852 -0.0033682 0.000567956 -4.00973e-05 -0.00434817 0.000630167 0.00265097 0.00134947 0.0105785 -0.000128063 -0.00109537 0.00130365 -0.000999797 0.000207651 0.00300767 -0.00111278 -0.00401122 -0.00479045 -0.00454575 1.83123e-05 -0.000371853 -0.00290423 -0.00428042 0.00205623 -0.000558001 0.00117448 -0.000670947 -0.00490904 -0.00109702 -0.00178026 -0.00410891 0.000843616 0.00309662 -6.68966e-05 -0.00920443 -0.00313127 -0.00336342 0.000154318 0.000633815 -0.0012571 
0.00617736 -0.000206454 -0.0166937 -0.00607554 -0.0065607 0.0179336 -0.0102026 0.00161321 -0.0186948 0.00390394 -0.00518749 -0.00515986 0.00744197 -0.00449138 -0.00141885 0.000681653 -0.0013087 -0.00441265 0.00991764 0.00235352 0.00140449 0.000103649 -0.00303711 0.00100465 0.154797 -0.00663571 0.0104854 0.00928224 0.00036718 -0.00324259 0.015963 0.00111729 -0.0032869 -0.00959856 -0.00132096 -0.00273406 0.000939493 -0.00222622 0.00217768 0.00519202 0.0024727 0.000980542 -0.00176773 0.00476748 -0.000483723 0.0145878 0.000969882 -0.00292242 -0.00733419 -0.00341746 -0.00339319 -0.00449426 -0.00405351 -0.000847152 -0.00811279 -0.00618669 -0.00272854 -0.00135272 -0.00486027 -0.00147904 -0.000713819 -0.00185226 0.0047797 0.00367205 -0.00214633 0.00641611 -0.0055025 -0.00496068 -0.00153846 0.00533305 -0.00114649 -0.00397928 -0.0104386 -0.00620044 -0.00530648 0.00149826 -0.013795 -0.00879442 -0.00495648 -0.00198149 -0.00145378 -0.00167665 -0.0101838 -0.000706356 -0.0026966 0.00665219 -0.00235038 0.000560389 -0.00508783 0.00371341 -0.00748756 0.0018349 -0.00504914 -0.00600223 -0.00689473 0.001435 -0.00407205 -0.0121011 -0.00311078 -0.0044164 
-0.0159307 -0.0089889 -0.00944389 -0.00201641 0.00559137 -0.00793337 0.00435744 -0.00332203 0.00649522 -0.00738036 -0.00313547 -0.00244275 -0.00290461 -0.00848538 0.00202303 0.00102527 -0.00331149 -0.0020975 -0.00928351 0.010904 -0.00316024 0.000388726 0.00683846 0.00259003 -0.00663571 0.146816 -0.00181544 0.00688781 -0.00481621 -0.00681158 -0.00201919 0.000606047 -0.00564972 0.00594641 -0.0067132 -0.00658767 -0.00516927 0.00653038 -0.00355655 -0.00315942 0.00444431 -0.00786602 -0.00502514 -0.00197139 0.018088 -0.00362831 -0.00120906 0.00181026 -0.00477255 0.0056708 -0.00150441 0.00499259 0.00304148 0.000938403 0.00252923 -0.000648909 0.00226135 -0.0064123 -0.000149681 0.00163081 -9.61354e-05 -0.00463977 0.00252501 -0.00852083 0.00286167 -0.0050045 0.00326713 -0.00361027 0.000154365 0.00871914 -0.00500708 -0.000378104 -0.00895933 -0.0187481 0.000179813 -0.00304743 -0.0067255 -0.00530886 -0.00169841 -0.00607774 -0.00312051 -0.00548208 -0.00504672 -5.38056e-05 -0.00199098 -0.00522653 -0.00199104 -0.0044978 0.00100274 -0.0110705 -0.00285689 3.13325e-05 0.00712213 0.00258131 0.0012836 0.00739782 -0.00398655 0.010232 0.00101092 -0.00167288 
-0.0108015 0.0137296 -0.00940091 0.000532226 0.00246484 0.0105249 4.37605e-05 0.00551513 -0.00823513 -0.00218364 -0.00485096 -0.00638329 -0.0190339 -0.00260146 -0.00169193 -0.0117665 -0.00411525 -0.00156398 -0.00461346 -0.0129111 -0.00121358 0.00132593 0.0103632 0.00263407 0.0104854 -0.00181544 0.143246 0.00277758 0.00476374 0.0023673 -0.00593003 0.00973089 0.00122855 -0.00782932 0.00582227 -0.00110827 -0.00111054 -0.00236088 0.00314614 0.001536 -0.00711605 -0.00453201 0.00458033 -0.000360454 -0.00348256 0.00341244 -0.00160074 0.000330029 -0.000838026 -0.00856874 0.00224267 -0.00935795 -0.00442698 0.000194053 0.00628689 -0.0069486 0.000903031 -0.000994612 0.00350681 0.000660689 -0.00580708 -0.0028798 -0.00215244 -0.00152242 -0.00495912 -0.0108934 -0.00102873 -0.00680647 -0.00566705 -0.0058039 0.0036775 -0.00099251 -0.000953316 0.00670687 0.00321804 -0.0108815 -0.00792416 -0.00374226 -0.000897816 6.50508e-05 -0.000595647 0.00528764 -0.00375766 -0.00404965 -0.00524935 0.00550326 -0.00322052 5.14033e-05 -0.000553716 0.000913614 -0.0014466 0.00167453 0.000610928 -0.00629147 -0.00152747 -0.00566357 -0.000677754 -0.0068149 -0.00215105 0.00259639 
-0.00893928 0.00478785 -0.0145567 -0.00183721 -0.00625823 0.00898795 0.00147924 0.00412028 0.011199 0.0151017 -0.00338962 -0.0109916 -0.00322008 0.00196753 -0.0097136 -0.0159312 -0.00524405 -0.00228704 0.00115819 0.00776924 0.00572997 -0.0115779 -0.00324284 0.00613221 0.00928224 0.00688781 0.00277758 0.153821 0.0120134 0.00619225 -0.00958242 0.0146557 -0.00703508 -0.00867703 0.00464688 0.00310278 -0.00621559 -0.00375125 -0.00707078 -0.00239141 -0.00376826 -0.00669039 -0.00490727 -0.000422304 -0.000417631 -0.00789743 0.00149826 -0.000505744 -0.00973 0.00143793 -0.00321377 -0.00345808 0.0024964 0.00386669 -0.0059482 -0.00763999 0.000813006 -0.00021081 0.000948416 -0.003921 0.00113011 -0.00800343 -0.00578503 0.000534504 -0.00125892 -0.00207561 -0.00104769 -0.00111046 0.00858742 0.00100232 -0.0108234 -0.00124878 -0.0045677 -0.0137052 -0.00011859 -0.010103 0.00310189 -0.00636471 -0.00122525 -0.0108473 -0.00435966 0.0085629 -0.00641633 -0.00635128 -0.000500706 0.00280051 -0.00277725 -0.00803604 -0.00415622 -0.00446356 -0.00691715 -0.000789608 0.00117405 -0.00577371 0.0101959 0.00256169 -0.00443301 -0.00279948 0.00502262 -0.000844454 
-0.00215003 0.00462065 0.00438916 0.000212267 -0.0053819 0.00828932 -0.00410283 0.00287327 -0.0122052 0.00592097 -0.0124716 -0.00665461 -0.0198248 5.41944e-06 -0.00732099 -0.0179639 -0.00487263 -0.00138554 -0.00571478 -0.0163922 0.00270123 -0.0111674 -0.000922283 -0.000392226 0.00036718 -0.00481621 0.00476374 0.0120134 0.173318 0.0126608 -0.0191468 -0.000253224 0.0127677 0.00522937 0.00761801 0.00338893 0.00415024 -0.00416932 -0.0054708 -0.00469888 -0.0115181 0.00427416 0.00409349 -0.00470698 -0.000118954 -0.0211687 -0.0023121 0.00212347 -0.00241096 0.00972375 0.00131623 -0.022359 -0.00352096 -0.00696835 -0.00865072 -0.00709377 0.0031306 -0.00312596 0.0101695 0.0116158 -0.00183986 0.00246606 3.45092e-05 0.0136454 0.00674282 -0.00879716 0.00284994 -0.00218968 -0.00269233 -0.00566418 -0.00670783 -0.00083031 0.0183313 -0.00335683 -0.0016214 -0.00513778 0.00287356 -0.00830651 -0.00503065 -0.0154467 0.000552597 -0.0021347 -0.00628644 -0.00581723 -0.00663603 0.00775313 -0.0018425 0.00694088 -0.00382664 -0.00414751 -0.00221831 2.47838e-05 -0.00077595 0.00764134 0.00230414 0.000704018 -0.00603564 -0.00205759 -0.0074177 -0.00635073 
0.011876 0.0262521 0.00322274 0.00247402 -0.00562587 0.01296 -0.00741825 0.00422582 0.0140472 -0.0124503 -0.00334896 -0.00336621 -0.0117295 0.00224261 -0.0039417 -0.0198415 -0.00515098 -0.00163732 -0.00637798 -0.0144017 -0.00210439 -0.0115242 -0.00886984 0.000951527 -0.00324259 -0.00681158 0.0023673 0.00619225 0.0126608 0.180403 -0.00402744 0.00313918 -0.00664966 0.006553 0.00261354 0.000385208 0.00821994 -0.000355404 0.000690974 -0.00180257 -0.00711246 -0.0125967 -0.0094192 -0.00770341 -0.00612122 -0.00221571 -0.00548308 0.000644704 0.00580574 0.0066286 -0.000135422 -0.00980343 0.00481121 -0.00120885 0.0144472 -0.000266612 -0.0033443 -0.00384457 -0.00609654 -0.00398443 0.00499193 -0.00812516 -0.00413308 -0.0009424 0.0127084 -0.0206825 -0.00989816 -0.015199 -0.0116446 -0.0140623 -0.00469858 0.00420264 -0.00181208 -0.0119925 -0.00490704 -0.0143462 0.00548262 0.00283352 -0.00308532 0.00106455 -0.00285989 0.00728799 -0.00746551 -0.0043755 0.00519637 0.00499363 -0.00229508 0.0061769 0.00231217 -0.0078859 -0.00352267 -0.00194285 -0.00625592 -0.00563114 0.00904571 -0.00956045 -0.00286776 0.0015487 0.00103881 -0.00249297 
-0.00163056 -0.0220367 0.00691121 -0.00629278 -0.00366591 -0.00371297 -0.00755422 -0.00989026 -0.00758832 -0.017883 -0.00396074 0.00800911 0.0117235 -0.0242812 0.00737838 0.00591087 -0.0130784 -0.00653231 0.00759443 -0.0046573 -0.00750371 0.000541573 -0.00702747 -0.0139317 0.015963 -0.00201919 -0.00593003 -0.00958242 -0.0191468 -0.00402744 0.2145 0.00153016 0.02592 0.0079829 -0.0059301 0.0142559 -0.00710916 0.00425718 -0.00155079 0.0249142 -0.00282708 -0.00259245 -0.00193199 0.00954875 -0.00509179 -0.000512983 0.00239276 -0.00535958 -8.70265e-05 -0.00742701 0.00165188 0.0104582 -0.00365461 0.00214455 -0.00272648 -0.00292047 -0.00013409 0.00312812 -0.0113587 -0.0076399 0.00291861 -0.00557832 -0.00105637 0.00984222 0.0070528 0.000195973 -0.0121652 -0.00852091 -0.0155179 -0.00839637 0.00160177 -0.00498719 -0.0129937 -0.0111563 0.00156829 -0.0101323 -0.0209222 0.00307626 -0.00273789 0.00695539 0.00158057 -0.00305517 -0.0029284 0.00232672 0.0036957 -0.00156316 -0.00292156 -0.00513862 -0.00911553 -0.00404812 0.0113117 -0.00170953 -0.00606603 0.00207998 0.003451 -0.000833707 -0.00550876 -0.0151195 -0.00129423 -0.000118699 
-0.00462615 -0.0064343 -0.00197832 0.00159807 -0.000984984 0.00125602 -0.00107938 0.0050174 -0.0024665 0.000526532 -0.0125967 -0.00628216 -0.0156368 0.00315014 -0.00595578 -0.00667364 -0.00446042 -0.000347512 0.00548996 -0.0015852 0.000595717 -0.00408563 -0.000628499 -0.00300479 0.00111729 0.000606047 0.00973089 0.0146557 -0.000253224 0.00313918 0.00153016 0.120405 -0.00761165 0.000329503 0.00323655 -0.00295251 0.000856901 -0.000778818 0.00243257 -4.46224e-06 0.00324419 0.000910632 -0.00536386 -0.0011629 -0.00718165 0.0123593 -0.000850032 0.00272296 -0.00515099 -0.00680168 -0.000228616 -0.00695584 -0.000379465 0.00114824 -0.00810625 -0.00403479 -0.000780149 -0.00407993 -0.00234209 -0.00622476 -0.00227898 -0.00287953 -0.00141022 -0.00276799 -0.00188118 -0.00226041 -0.00652882 0.000840247 0.00582122 -0.000910214 -0.00196713 0.000115054 -0.00230275 0.000316733 0.000904293 0.000272148 -0.00415953 -0.000624968 0.00659093 -0.0096926 -0.00212005 -0.00116825 -0.00260813 0.000500009 -0.00222379 -5.05313e-05 -0.00203818 -0.00303609 -0.000373047 -0.00396816 0.00590001 -0.000610068 -0.0022223 -0.00665533 0.00631875 -0.00197154 -0.000357126 -0.00568965 0.00201637 -0.000827704 
0.000517011 -0.0034015 0.0145826 -0.00210838 0.00196406 -0.0047845 0.00696325 -0.00384137 -0.00523437 -0.000287223 -0.00070554 -0.000687622 -0.00276297 -0.00653874 0.00201975 -0.00523637 -0.00628086 -2.46332e-05 0.00235129 -0.0165184 -0.00239667 -0.00113463 0.00325656 -0.00417131 -0.0032869 -0.00564972 0.00122855 -0.00703508 0.0127677 -0.00664966 0.02592 -0.00761165 0.170433 -0.00913302 -0.00337175 2.55421e-05 -0.00760975 -0.00432329 -0.00353857 0.0079907 -0.0108764 0.00265885 0.00591099 -0.0069862 0.0034282 -0.0160201 0.000615063 -0.00357193 -0.0021594 -0.00448506 0.0031319 0.00275699 -0.00691835 0.000111752 -0.00716572 -0.00353417 0.000469658 0.00421605 0.00231833 -0.00314608 -0.00296241 0.00421055 -0.00344821 0.00748341 -0.000462449 -0.00895332 -0.00108749 -0.00978247 -0.0122539 -0.000202553 -0.00448624 -0.00476785 0.00226683 0.00633816 -0.00168176 -0.00264108 -0.00596598 -0.00167982 -0.00315693 -0.00822622 -0.000242915 -0.00149322 0.00813482 0.0066012 -0.00256291 -0.0048751 -0.0026372 -8.52542e-05 -0.00473412 0.00506935 0.00663818 -0.00277941 -0.00303503 -0.00656781 -0.00564341 0.00104963 -0.00299805 -0.0129958 -0.00782005 -0.00401337 
-0.00838692 -0.0122996 0.00197015 0.000923304 -0.000372319 -0.0105596 -0.00502009 -0.00851466 -0.00433826 -0.0236829 -0.00173667 0.000899603 -0.00620724 0.000296418 -0.00666272 -0.00577069 -0.00559804 -1.1081e-05 -0.000324749 -0.00832446 -0.0021925 -0.00085927 -0.00510558 -0.00733136 -0.00959856 0.00594641 -0.00782932 -0.00867703 0.00522937 0.006553 0.0079829 0.000329503 -0.00913302 0.137255 0.00847511 0.0054117 0.0137863 0.00699052 0.00331637 -0.00813434 0.00773969 0.00136439 -0.00731563 -0.00781771 0.00316311 0.00924597 -9.61885e-05 -0.000407569 -0.00236386 0.0116871 -0.00156172 -0.0130541 0.00198845 -0.000170444 0.00498187 0.00611082 -0.00251228 -0.00426555 -0.00367406 0.000253466 -0.00320276 0.00106929 -0.00387798 -0.00230744 -0.00126462 0.00724097 0.00361773 -0.00765793 -0.0108827 -0.00449282 -0.00656544 0.00226872 -0.00701514 -0.00523005 -0.00031641 0.001612 -0.000139105 0.0137248 0.000100503 -0.00697618 -0.00114131 -0.000736912 -0.000307395 -0.00289017 -0.00125784 -0.0148261 0.00158643 0.00197575 0.00361271 0.00167127 0.00439034 -0.000789258 -0.00322566 -0.00170083 -0.000944946 -0.00435557 -0.000179904 0.00973211 -0.00494179 0.00263288 
