0.123117 0.00410947 -0.00262269 -0.00388478 -0.0037223 -0.00287772 -0.00300581 -0.00247302 -0.00386667 0.0020727 -0.000227882 -0.00117982 0.00488516 0.000832298 -0.00901388 -0.0055878 -0.00113946 -0.00310473 0.00876818 0.00408881 -0.00131906 -0.000981042 -0.00395766 -0.00869269 0.00682815 -0.00448526 -0.00155845 -0.00230529 0.0054865 0.00156567 0.00759561 0.00280168 0.00289888 -0.00437153 -0.00380416 -0.017099 -0.0069634 -0.00485114 -0.00386744 0.00668662 0.00149516 0.00447445 -0.000987346 -0.000132303 0.00111431 -0.00344506 -0.0016039 -0.00163191 -0.00970671 0.00244267 -0.00309011 -0.00280214 -0.000693685 -0.00604471 -0.000350795 -0.00129756 -0.00272527 -0.00222827 -0.00226522 -0.00466731 -0.00324895 -0.00398664 -0.00247593 0.00126079 -0.00804337 0.00737353 -0.00230649 -0.00241874 -0.000694838 -0.00121777 0.00406736 -0.00104217 -0.00105866 -0.00512255 -0.00387282 -0.000258209 -0.00306585 -0.0087119 -0.00436225 -0.0078567 0.0109646 0.00247955 0.00615208 0.00185479 -0.00873873 0.00249635 -0.00163096 0.00287805 -0.00556806 -0.00320456 0.00329343 -0.00406287 -0.000458399 -0.00321602 0.00302061 0.000422961 -0.00337963 0.0016853 0.0043117 -0.00288642 
0.00410947 0.108298 0.00120331 0.002154 0.00891969 0.00420168 0.00151545 -0.00164491 -0.000625201 0.0021674 -0.00216082 -0.00770816 0.0110334 0.0100451 0.00583492 0.00503526 0.000611407 -0.00447969 0.00039418 -0.00325663 -0.00794854 -0.00576934 -0.016132 -0.00157137 -0.0049939 -0.00214987 -0.005489 -0.00646132 -0.0040106 -0.00124705 -0.00411789 -0.00460367 0.00255518 0.00134132 -0.00157897 -0.00564078 -0.00220531 0.00436085 0.00255757 -0.00566819 -0.0024258 -0.00384911 -0.00122273 -0.000655757 -0.00113809 -0.00281465 -0.00107127 -0.000502622 0.00760227 -0.00131669 0.0051849 -0.00409969 -0.00334117 -0.00230977 -0.00119307 -0.000428445 -3.72919e-05 -0.00106401 0.00230625 -0.00470264 -0.00201931 0.00474605 0.00101919 -0.00198798 0.000205866 -0.00103564 -0.00160943 -0.00333034 -0.00249648 -0.00211538 0.000840848 -0.00639398 -0.00427181 -0.00172438 -0.0015109 -0.00068249 -0.00706491 -0.000240264 0.0005339 -0.00640472 -0.000797767 -0.00019204 -0.00121541 -0.00378625 -0.00582587 -0.00104064 0.00571547 -0.0012842 -0.00350533 -0.00379409 -0.00237619 -0.000836707 -0.000931308 0.000633337 -0.00220655 0.000926083 -0.00746678 0.00303759 0.000959478 -0.000266109 
-0.00262269 0.00120331 0.0826062 0.000669426 0.00377371 0.0018064 -0.000366688 0.000922904 -0.000971189 -0.00149011 -0.00129834 -0.00621947 -0.00146891 -0.00224907 -0.00442149 -0.00489601 -0.000511626 -0.00393102 -0.00744593 -0.00310588 -0.00410913 -0.00206401 -0.00705142 -0.00430643 -0.00552202 -0.00503107 -0.00379322 -0.000158579 0.00419144 0.000429949 0.00259098 -0.003035 -0.00867846 -0.00363408 -0.00195315 -0.00756698 -0.00336282 0.000419143 -0.00158432 -0.00604416 -0.000671677 -0.00187585 0.00443248 -0.00063698 -0.0037347 0.00151074 0.00128914 0.00286576 0.00195576 -0.00640424 0.00159146 0.000703654 -2.02956e-05 0.00825739 -0.000211298 0.00282761 -0.000638951 9.2187e-05 -0.000123047 -0.00329511 0.0012077 -0.00152016 -0.00209544 0.000177123 -0.00285846 0.000563935 0.00350413 0.000399913 0.00200684 -0.00532822 -0.00531101 -0.00160109 0.0106625 -0.00402148 -0.00196279 0.00102595 0.00430259 0.00042483 0.00120947 0.0022004 0.000799861 0.00406309 0.00335308 -0.0031468 0.00233404 -0.00149711 0.000205602 -0.00203886 -0.00334353 0.00269741 -0.00195187 -0.000429454 0.00135921 -0.00352211 -0.00235698 -0.000412847 0.00123353 0.000423092 -0.00172406 0.00333377 
-0.00388478 0.002154 0.000669426 0.057955 -0.000392922 -0.00268915 6.66684e-06 -0.00180479 0.00326962 -0.00197655 0.000765441 9.73328e-05 -0.000734625 0.000725549 -0.005488 -0.000751167 -0.0025297 0.000411927 -0.00223038 0.00187644 0.000846381 -0.00165593 0.00210241 0.00153598 -0.00361822 -0.00116167 -0.00193289 -0.00133447 -0.00180904 -0.00418199 -0.0031492 0.000201572 0.000473615 0.0033499 -0.00262806 0.00104243 0.00404709 -0.00066355 0.00119829 -0.000284294 0.00157927 -0.00582172 0.00112344 0.000251318 -0.000737109 -0.00283853 -0.00134478 -0.00162436 -0.00471235 -0.00092582 -0.00212485 -0.00127819 -0.00422494 0.002902 -0.00105436 -1.60328e-05 -0.000391439 -0.000350282 0.00101719 -0.00288811 0.00105172 0.000433906 0.000727264 -0.00113434 0.000541504 -0.00120443 -0.00189201 -0.00255889 0.000769893 0.00296 0.000632512 -0.00311099 -0.00257917 0.00120947 -0.000654677 0.00300846 -0.000631545 -0.00106886 0.000274995 0.00272445 -0.00117721 -0.000986721 -0.000148875 9.15984e-06 -0.00109951 -0.000604705 0.000208901 -0.0029196 -0.00347399 -0.00200585 -0.000524073 -3.86054e-05 0.000605695 0.000959605 -0.00215129 -0.000484508 0.000114249 -0.000139747 -0.000534572 0.000524354 
-0.0037223 0.00891969 0.00377371 -0.000392922 0.110312 0.00137663 -0.00186695 0.00766787 0.0126915 0.000781244 -0.00185926 -0.0109245 0.00956539 0.00986235 0.00757209 -0.0105686 0.00920699 -0.012047 -0.000836167 -0.00398697 -0.0090863 -0.00766295 -0.00795842 -0.00407701 -0.00768782 -0.00647487 0.00461379 -0.00523743 0.00503708 0.00754281 -0.00469736 0.00269362 0.00220638 -0.00596928 0.00218528 0.00264394 0.00453251 -0.0017571 -0.00356046 -0.00892742 -0.00375771 -0.0173615 0.000893906 -0.00284254 -0.00853128 -0.00364615 -0.00203052 -0.00279565 -0.00830086 0.00075376 0.00650898 -0.00108777 -0.00559849 -0.000680777 0.000735653 0.00328809 -0.00276246 0.00316171 -0.000795732 -0.00316548 0.00133374 0.00331153 -0.000872242 0.000274334 0.00307841 0.00240025 -0.0111058 0.007024 -0.000409965 -0.00373446 0.0010935 -0.00240709 0.000677639 0.000646539 -0.00261429 0.000363156 -0.0101666 -0.00162458 -0.00120885 -0.00282058 -0.0100872 0.00681322 -0.00343206 -0.00169049 0.00521331 -0.00359006 0.00448369 -0.00647916 0.000178405 -0.00273295 -0.00196242 -0.00143809 -0.00310088 -0.00132193 -0.0053496 -0.00151459 0.00244737 0.00215647 -0.00179908 -0.00590171 
-0.00287772 0.00420168 0.0018064 -0.00268915 0.00137663 0.140864 0.00663419 0.00636505 0.00808915 0.000895605 0.00280301 -5.05083e-05 0.00702325 0.00823406 7.53221e-05 0.00743836 0.0093191 -0.0142588 0.00309089 -0.00678055 0.00125376 -0.00326127 -0.0125231 -0.00566668 -0.00773852 -0.00394684 -0.00373064 -0.000868982 -0.0228767 -0.00219372 -0.00527437 -0.00518906 -0.00483651 -0.0105545 -0.00692519 -0.0113055 -0.00398585 -0.00779162 -0.0041841 -0.0065504 -0.00155674 -0.0123242 -0.00470815 -0.000150657 0.000449009 -0.0064056 -0.00531294 0.00295292 -0.00342333 -0.00773314 0.00568653 -0.000630542 0.0141624 0.0040595 -0.0030853 -0.00588231 -0.00218058 -0.00249865 -0.000571823 0.00145411 0.00399804 0.00291682 -0.00081192 -0.00164112 0.00272158 -0.00111704 -0.00129907 -0.000319557 -0.000757457 -0.003294 0.00021262 -0.00842901 0.00188164 -0.00352165 -0.00310338 0.000622502 -0.0043963 -0.00211572 0.00353332 0.00355862 -0.006974 -0.00271843 0.00426255 0.00151836 0.00168576 -0.0029427 0.00173515 0.00372316 0.000817283 -0.000369309 0.00295585 -0.00386221 -0.0037086 -0.00121735 4.01342e-05 -0.00182983 -0.00407064 0.00433333 -0.00536645 -0.00236167 
-0.00300581 0.00151545 -0.000366688 6.66684e-06 -0.00186695 0.00663419 0.126574 0.000907221 0.00733064 -0.000130759 0.00218529 -0.00674532 0.000792292 0.00343713 0.00413593 4.36176e-05 -0.001414 0.00965466 0.00106448 0.0083077 0.00787192 0.0047972 -0.0109224 -0.0215954 -0.00687709 -0.00058992 -0.0061754 -0.00182689 -0.0113071 -0.0127107 -0.0142466 -0.00491137 -0.0129074 -0.00778041 -0.00184914 -0.0064527 -0.000533125 -0.00393767 -0.00268774 -0.00498369 -0.00458971 -0.0111843 0.00390463 0.00118441 0.0155461 0.0015496 -3.63473e-05 0.00505337 -0.00168921 0.00323311 -0.00524044 0.00700405 0.0135273 -0.00186693 0.00290913 -0.00400778 0.0014597 -0.000327993 -3.36313e-05 0.00081291 -0.00220364 0.000141125 -0.00474522 0.00347776 -0.00276607 0.0041635 -0.00241034 0.000596037 0.0021364 -0.00229365 -0.00441869 -0.00337632 -0.0137323 -0.00191847 -0.00133746 -0.00242468 0.00196508 0.000338889 -0.00192606 -0.00520112 -0.00418873 0.00520327 0.00403907 -0.00128838 0.00240272 -0.00206937 0.000995951 -0.00440767 0.00455577 -0.00147298 -0.00184067 -0.00174089 -0.00172364 -0.0042321 -0.00942126 -0.000810247 -0.00382606 -0.00627783 -0.00419414 -0.000409524 
-0.00247302 -0.00164491 0.000922904 -0.00180479 0.00766787 0.00636505 0.000907221 0.0859836 0.0172579 -0.00287566 0.00360716 0.00214792 0.000948105 -0.00734159 -0.00113515 -0.00266832 -0.00387446 0.000740859 -0.00147441 -0.0037485 -0.00407646 -0.00372405 -0.00395878 0.000814325 -0.010216 0.00127447 -0.00444037 -0.00260405 0.00240918 0.00375133 -0.00227155 0.00631658 -0.00299692 -0.00587616 0.00316292 8.84931e-05 0.000464196 -0.00252271 0.000646937 -0.00136978 -0.00236871 0.000505199 -0.000381191 0.000938863 -0.0040251 -0.00271687 0.000584769 -0.00383318 -0.00742138 -0.0037207 -0.00244432 -0.00539911 -0.00139078 -0.00376031 0.000330447 -0.00020584 -5.67856e-05 -0.000554892 -0.00135489 -0.00227137 -0.00403536 -0.00189276 -0.00267994 -0.00248108 0.00614025 0.0039179 -0.00453043 -0.000449452 -0.000910282 -0.00508089 -0.000670862 0.00183051 0.0064214 -0.00173297 0.00244666 -0.00104713 0.00443766 -0.00352827 0.00275169 0.00354191 -0.00241596 0.00125605 -0.00384934 4.07794e-05 -0.00559115 -0.000594172 0.000309617 -0.00445835 -0.00138439 -0.002268 0.000295385 -0.00258689 -0.00163196 -0.00195938 0.00021023 0.00178389 -0.00284377 -0.00299343 -0.000988831 -0.00561211 
-0.00386667 -0.000625201 -0.000971189 0.00326962 0.0126915 0.00808915 0.00733064 0.0172579 0.200707 -4.53124e-06 -0.00148378 0.00447311 0.0105083 0.0207928 -0.0137077 -0.0105442 0.00720773 0.0092539 0.00429974 -0.00561554 0.00471022 -0.00416561 -0.00568841 -0.00350496 -0.0106496 0.00140613 -0.00396492 -0.0218307 -0.00713753 -0.00135268 -0.0066219 0.000105436 -0.0033689 -0.0190019 0.00418143 -0.0181687 -0.00393946 -0.00421929 0.000473647 -0.0058888 -0.00144342 -0.00579024 0.00507275 -0.00263967 -0.000538548 -0.00735616 0.00675621 0.00323726 -0.0199817 -0.000540961 0.00568248 -0.00344392 0.00280355 0.00153481 -0.00312166 -0.00455334 0.00243006 -0.00426911 -0.00560563 0.00147103 0.000886262 -0.010327 -0.00658271 -0.00584106 -0.00156941 -0.00731167 -0.0176386 -0.00294667 0.00138582 -0.0117623 0.00282614 -0.00582684 -0.000842939 -0.0051598 -0.00604309 -0.00115426 0.0116359 -0.0149584 0.00475372 0.00235087 -0.00318104 0.0101812 -0.00295969 0.000861571 0.000203625 -0.00703871 0.0107774 -0.00697926 -0.000546134 -0.00999403 -0.00142797 -0.00385709 -0.00574663 0.00022392 -0.00403793 -0.000512203 -0.00389352 -0.00297189 -0.0103237 -0.0147917 
0.0020727 0.0021674 -0.00149011 -0.00197655 0.000781244 0.000895605 -0.000130759 -0.00287566 -4.53124e-06 0.0852394 -0.00119013 0.000340958 -0.0011361 -0.000850925 -0.0015391 0.00372226 0.0147455 -0.0101139 -0.00431345 -0.000391095 -0.00303003 0.00108204 -0.00276332 -0.00847129 -0.00665208 -0.00864052 -0.00236903 -0.00259035 -0.00469821 -0.00446171 -0.00492867 0.006046 0.00493976 -0.00366616 -0.00200085 -0.00112777 0.00036962 -0.00118123 -0.00253933 -0.00441982 -2.49681e-05 -0.00271255 -0.00358693 0.000483973 -0.000120868 0.00136389 -0.00176997 -3.26273e-05 0.00176614 -0.00138704 0.00249168 -0.00204249 0.00115163 -0.00250571 0.000512483 -0.000996006 0.000684908 -0.000874461 0.000300567 0.000216622 0.00191013 0.00104664 0.00226068 0.0017625 -0.000216329 0.00158674 -0.00472403 -0.00142303 0.000475556 0.00146881 -0.00775581 -0.00241848 -0.00483706 -0.00203887 -0.002508 0.00243191 -0.00419225 -0.00146714 0.000546659 -0.00455995 -0.00268913 -0.000112531 0.000679577 0.00159077 -0.00409261 -0.000731774 -0.000196103 0.00566104 -0.00111201 -0.00103678 -0.00181167 0.000955272 -0.000407822 -0.00182475 -0.00206805 -8.2726e-05 0.00153529 0.00390462 -0.00315798 0.00188054 
-0.000227882 -0.00216082 -0.00129834 0.000765441 -0.00185926 0.00280301 0.00218529 0.00360716 -0.00148378 -0.00119013 0.0730224 0.005189 -0.00320899 0.000187225 -0.00672908 -0.00211318 -0.000452297 -0.00110835 -0.00669499 -0.000439497 0.000278418 -0.00192766 0.00267972 -0.000416351 0.00133115 -0.000871416 -0.00356577 0.0038187 0.000379403 0.00689938 0.00331053 -0.00121557 -0.00628052 -0.00643524 -0.00407284 0.000349097 0.00418677 -0.00289949 0.00156757 0.00397952 -0.00204592 -0.000831553 -0.00279585 -0.000449355 -0.00523596 0.00176272 -0.00337432 -0.00446141 -0.00503498 0.00272717 0.00140206 -0.00146572 0.00473492 -0.00367484 -0.00109026 0.000139859 -0.000919528 -0.00025557 -0.000632086 -0.00507892 -0.00271798 -0.00194059 -0.00337386 -0.00216517 0.000578267 -0.00179766 -0.00398211 -0.00274813 -0.000751206 -0.00131373 -0.00557771 -0.00277874 0.00198166 0.00212458 -0.00210901 0.00430011 0.00102002 0.00405918 -9.56027e-05 0.00284943 -0.0035915 -0.00300995 -0.00147605 -0.000373633 -0.00476814 7.15785e-05 0.000977948 -0.00155687 -0.0023175 0.000147528 -0.000744046 -0.00100543 -0.000929709 0.00110977 0.00262481 0.000655273 -0.00182429 -0.00142029 -0.00122448 -0.0002155 
-0.00117982 -0.00770816 -0.00621947 9.73328e-05 -0.0109245 -5.05083e-05 -0.00674532 0.00214792 0.00447311 0.000340958 0.005189 0.170552 -0.0130004 -0.00268471 -0.0203737 0.000902739 -0.00422554 0.00572188 -0.0053975 -0.00977761 -0.00362397 -0.00374585 0.00277479 0.0156418 -0.00813282 -0.00303592 -0.00947056 0.00488536 -0.0258956 -0.00760421 0.0187155 -0.00754101 0.0124696 0.00434411 0.00355498 -0.00108974 -0.000395659 0.00121289 0.0076237 0.00894185 0.0056255 0.00754598 -0.0199018 -0.00248342 -0.00805923 -0.000441052 -0.00398749 -0.00883527 -0.00377246 -0.00736226 -0.00368751 -0.00334018 0.00487707 -0.00276701 -0.00212349 0.00356063 0.00101113 -0.00420459 -0.00259733 -0.000962786 -0.0067293 -0.00399174 -0.0020873 -0.0025865 0.00938783 0.00316823 -0.0033223 0.00391286 -0.00486552 -0.00475754 0.00317578 -0.00032493 -0.00189062 0.00362139 0.0043995 -0.00189155 0.00400586 -0.00464518 0.00337756 0.00173512 -0.00368443 -0.00950184 -0.00770254 -0.000594147 -0.00704518 -0.0069393 -0.000241949 -0.00390949 -0.00756108 -0.00306363 0.000210511 -0.00432253 -0.00368621 0.00747684 -0.00754602 -0.000124256 0.00308811 -0.000645893 -0.00199033 -0.000769314 
0.00488516 0.0110334 -0.00146891 -0.000734625 0.00956539 0.00702325 0.000792292 0.000948105 0.0105083 -0.0011361 -0.00320899 -0.0130004 0.13976 0.0154726 0.00415741 -0.00527272 0.00190575 0.00401102 0.0121608 -0.00133206 -0.00411985 -0.00580231 -0.00945622 -0.0138224 -0.00290397 0.00363181 0.00584937 -0.0121353 0.0030798 0.00492913 -5.97222e-05 -0.00711768 -0.00888208 -0.00939222 -0.00195963 -0.0194057 -0.005475 -0.00328262 -0.00209643 -0.00656248 -0.00522503 -0.0102084 -0.00510544 -0.00407083 0.000418197 -0.00829682 -0.00588012 -0.00376357 0.00319675 0.00183882 0.00175453 0.00024473 0.000617315 -0.000134744 -0.000784134 -0.00460581 0.00129143 0.000291205 -0.00100831 0.00522701 -0.00572518 0.00182669 -0.00407529 -0.00291191 -0.00902898 -0.00338698 -0.00347942 0.0035318 -0.000391419 -0.0121962 0.020078 -0.010101 0.00397418 0.00145148 -0.00413776 -0.00152088 0.000196437 -0.00742544 0.000785018 -0.00262291 -0.00585798 0.0108393 -0.0028531 -0.00543648 -0.00315151 -0.00241999 0.00369799 -0.000815254 -0.00400713 -0.00220873 0.00189708 0.00246547 -0.00143758 -0.00768296 -0.00048777 -0.00104005 -0.0116757 0.0043974 -0.00212412 -0.00382212 
0.000832298 0.0100451 -0.00224907 0.000725549 0.00986235 0.00823406 0.00343713 -0.00734159 0.0207928 -0.000850925 0.000187225 -0.00268471 0.0154726 0.208766 0.0310399 0.00993543 0.0197644 -0.000535542 0.012746 0.00664757 0.00722112 -0.0105596 -0.017591 -0.00790265 0.00284808 -0.00891596 -0.000546463 -0.0171595 -0.0141501 -0.00248629 -0.013444 -0.00969188 -0.0156018 -0.00765707 -0.0114684 -0.0168049 -0.00811257 -0.00268014 -0.00614591 -0.0177784 -0.00127194 -0.00449324 0.00306203 -0.0028636 -0.00658259 -0.0120721 -0.0087745 -0.00587264 0.00969758 0.00610968 0.0156886 -0.00172658 0.00238915 -0.00532147 -0.000992455 -0.00363934 0.000215646 0.00666334 -0.00039003 -0.00659345 0.00107181 -0.00369925 -0.0123754 -0.00917238 -0.0151637 -0.00834569 -0.0127349 -0.00872169 -0.00552062 0.00851917 -0.00203948 -0.0132735 0.000318749 -0.00111111 -0.00286863 -0.000687197 -0.0131585 -0.00148585 -0.00230782 -0.000782565 0.000158551 0.000990505 0.00495818 -0.000471556 -0.00545126 -0.000115691 0.00397736 -0.0131292 0.00492678 -0.000180773 0.000486117 -0.00343088 -0.00512478 0.00213519 -0.0120597 -0.00035543 -0.013495 0.0113766 -0.00300567 -0.0180822 
-0.00901388 0.00583492 -0.00442149 -0.005488 0.00757209 7.53221e-05 0.00413593 -0.00113515 -0.0137077 -0.0015391 -0.00672908 -0.0203737 0.00415741 0.0310399 0.205552 0.0355674 -0.0121833 -0.000345894 -0.00506109 -0.0018915 -0.00982247 -0.00704903 0.00299276 0.0116757 -0.0112334 0.00332106 -0.00612849 -0.0126399 0.00125736 -0.00441982 -0.0182587 -0.00037135 -0.0109024 0.0176921 0.0197223 0.0161831 -0.00690274 -0.000330852 -0.00459277 -0.0160888 0.000401366 -0.0013078 -0.00644738 -0.0055647 -0.0137949 -0.0123347 -0.00648458 -0.000331444 0.0195235 0.00242939 -0.00307551 -0.00118275 -0.00977465 0.00131224 0.00284913 -0.00319915 -0.00328419 0.00296846 -0.000211246 -0.00036107 0.00236106 0.00344036 -0.00484174 -0.00446928 -0.00452243 0.00353748 0.00105324 -0.00409634 -0.00901134 0.00184427 -0.0102404 -0.00525772 -0.014564 -0.00557072 -0.00550711 -0.000235665 -0.0225847 -0.00512121 -0.00828123 -0.0105843 0.00612991 -0.000613733 -0.0179938 -0.00452769 -0.00496512 -0.000911129 0.00193554 -0.00120695 0.013403 0.00633388 -0.00268521 -0.00400943 -0.00279612 0.00945252 -0.0186101 -0.00238036 0.00403281 -0.000392547 -0.00454826 -0.0112741 
-0.0055878 0.00503526 -0.00489601 -0.000751167 -0.0105686 0.00743836 4.36176e-05 -0.00266832 -0.0105442 0.00372226 -0.00211318 0.000902739 -0.00527272 0.00993543 0.0355674 0.164572 -0.00242814 -0.000245019 0.00930778 0.00142848 -0.00537977 0.000753445 -0.00184821 0.0010639 -0.00269399 -0.00147356 -0.0105616 -0.00954148 -0.0200078 -0.00467154 -0.0145202 -0.0140016 -0.0151962 0.00041906 0.00271919 -0.001532 -0.00659033 0.00209856 0.00337747 -0.00223373 0.0103549 0.00909214 -0.00956881 -0.00234175 -0.00253392 -0.00393566 -0.0095019 -0.00369025 0.00263373 -0.00412024 -0.00990785 -0.0118773 -0.0106583 -0.0103956 -0.00205678 -0.0063561 -0.00311286 -0.00380531 0.0015487 -0.00231221 -0.00253548 0.00277386 -0.00520941 -0.00240549 0.00117531 0.00671843 0.00246288 -0.00514048 -0.00232522 -0.000611451 -0.00275642 0.00160459 -0.0132766 -0.000572992 -0.00806264 0.00586842 -0.0126046 0.00058411 -0.000577401 -0.005145 0.00989376 0.00362078 0.00224948 -0.00536951 0.000945571 0.000150577 -0.00424779 -0.0032878 0.00193303 0.000800763 -0.0038368 0.00513687 0.0034634 0.00106269 0.00398831 -0.000252625 0.000533897 0.000723856 -0.0013125 0.00332758 
-0.00113946 0.000611407 -0.000511626 -0.0025297 0.00920699 0.0093191 -0.001414 -0.00387446 0.00720773 0.0147455 -0.000452297 -0.00422554 0.00190575 0.0197644 -0.0121833 -0.00242814 0.184882 -0.0254843 -0.00869069 -0.000829076 0.00179706 -0.000451661 -0.0157689 -0.00916939 -0.0102354 -0.00517029 0.00615579 -0.00546541 -0.0181702 -0.00805706 -0.0143756 -0.000140386 -0.00194561 -0.0168618 0.00189281 0.00486099 0.011452 -0.000211351 -0.00744803 -0.000625617 -0.00119998 -0.0104464 -0.0040801 -0.00293744 0.00475712 -0.00471579 0.000534827 -0.00214315 -0.019235 -0.0032551 0.0150944 -0.00421365 0.00644458 -0.00450564 -0.00081797 -0.000900123 4.55542e-05 0.000851774 0.00167332 -0.00333673 0.00924722 -0.000388345 -0.00367304 -0.0050642 -0.00258776 -0.000285983 -0.00660256 0.00258052 0.000380724 -0.00698216 -0.0182148 -0.013343 -0.00759299 -0.00674064 0.00131725 0.00369247 -0.00895704 -0.00727439 -0.00211713 0.00140932 -0.0111044 0.000457567 -2.44854e-05 0.00478843 0.000545616 -0.00165081 -0.000137081 -0.00571686 0.00321512 0.000614902 -0.00497852 -0.00199677 -1.27734e-05 -0.00683319 0.00288543 -0.00466439 0.0157005 0.0106601 0.00203496 0.00385598 
-0.00310473 -0.00447969 -0.00393102 0.000411927 -0.012047 -0.0142588 0.00965466 0.000740859 0.0092539 -0.0101139 -0.00110835 0.00572188 0.00401102 -0.000535542 -0.000345894 -0.000245019 -0.0254843 0.209544 0.0250202 0.00551214 0.0060465 0.00112316 0.0147953 -0.00418849 0.00159121 -0.0131013 -0.0154897 -0.0019304 -0.000895136 -0.00105493 0.010979 -0.00654364 0.00614272 -0.000782654 0.00316558 -0.00124121 0.00450158 -0.000479082 0.00453418 -0.00182723 -0.00136681 0.0072219 0.00192992 -0.00564081 -0.00336641 0.00601056 -0.00909038 0.00102541 -0.00715954 -0.00959827 -0.0203289 -0.00528312 -0.0132289 -0.0153837 -0.00268913 -0.00096115 -0.00278293 -0.000904269 0.000405863 0.000980359 -0.00884387 -0.00461499 0.00287759 -0.0043541 -0.00177866 0.00254623 -0.0110575 -0.00778936 -0.00629668 -0.00150708 -0.00351551 0.0015815 -0.0116047 -0.00220696 -0.00260531 -0.00401978 0.0107778 -0.00961145 0.00594231 -0.00520707 0.00607886 0.00317075 -0.0028162 -0.00315047 -0.0187779 -0.00654803 0.000866541 -0.00127001 0.00323538 -0.00317939 -0.00849961 -0.00471444 0.000488526 -0.010028 -0.00241009 -0.000888971 -0.000255183 -0.0105741 0.00337724 -0.00216881 
0.00876818 0.00039418 -0.00744593 -0.00223038 -0.000836167 0.00309089 0.00106448 -0.00147441 0.00429974 -0.00431345 -0.00669499 -0.0053975 0.0121608 0.012746 -0.00506109 0.00930778 -0.00869069 0.0250202 0.16802 0.00524547 0.00349177 0.00936783 0.00219629 -0.0231859 0.000685199 -0.00733051 -0.0117403 -0.0178191 0.00194737 0.000230846 0.00381121 -0.000707687 0.00339251 -0.000220383 -0.00526791 0.00121342 -0.0106531 0.000121159 -0.00577798 -0.00666899 -0.00553062 -0.00571777 -0.00262679 -0.0021644 0.000839981 -0.00468382 -0.00441086 -0.00400445 -0.0107106 0.00664269 -0.011987 -0.00625339 -0.0115812 -0.0120411 -0.000822516 -0.00617366 -0.00163315 0.00577181 -0.00113558 0.00172883 -0.0043447 -0.00350264 -0.00017775 0.00130616 -0.00393907 0.00364636 -0.00462161 -0.00122363 0.000191508 -0.0008681 0.0201838 0.00207736 -0.00258783 -0.00584831 -0.00302352 -0.00536578 0.00460806 -0.00503583 -0.00400827 -0.00923102 0.00988629 -0.000154813 -0.00989868 0.00602033 -0.0065001 -0.00449861 0.00490349 -0.00913523 0.000328129 -0.00982439 0.00157577 -0.00263731 -0.00359653 -0.00933182 -0.000438369 0.000967346 -0.0117529 -0.00409344 0.00316993 -0.00178948 
0.00408881 -0.00325663 -0.00310588 0.00187644 -0.00398697 -0.00678055 0.0083077 -0.0037485 -0.00561554 -0.000391095 -0.000439497 -0.00977761 -0.00133206 0.00664757 -0.0018915 0.00142848 -0.000829076 0.00551214 0.00524547 0.0950319 0.00436302 0.00780599 0.00408841 -0.00829012 0.00640305 -0.00474321 -0.00512785 -0.00615398 -0.00100789 -0.00729187 -0.0111122 -0.00611639 -0.00326588 -0.00346463 -0.00887672 -0.00895469 -0.00309412 0.00208494 -0.00291159 -0.00139557 0.000685376 0.00306051 0.00622245 -0.00125254 0.00515445 -0.00103926 -0.00449827 0.00122929 -0.00880833 0.00151788 0.00036066 -0.00157271 -0.00302846 -0.00837985 0.000259826 -0.00112207 0.000468204 -0.00114413 -0.000519256 -0.00530005 0.00069961 -0.00380547 0.00160808 -0.00141605 -0.00229288 0.000897869 0.00261018 0.00055668 0.00156588 0.00227974 -0.00125119 -0.00155059 -0.00632244 -0.000507338 -0.00419528 0.00711379 0.00111082 -0.00232663 -0.00307521 -0.00173589 0.000195617 0.00279003 0.00283597 -0.000128097 0.00190831 0.00144343 -0.00108345 -0.00188052 0.00208411 -0.00240339 0.00289897 0.000495792 0.00389778 -0.00343137 0.00155782 3.19803e-05 -0.00548898 -0.00226508 -0.00328499 -0.0023536 
-0.00131906 -0.00794854 -0.00410913 0.000846381 -0.0090863 0.00125376 0.00787192 -0.00407646 0.00471022 -0.00303003 0.000278418 -0.00362397 -0.00411985 0.00722112 -0.00982247 -0.00537977 0.00179706 0.0060465 0.00349177 0.00436302 0.149387 0.000480537 0.00137285 0.00477069 0.00869124 -0.000206909 0.00275634 0.000968682 -0.00327441 -0.00529467 -0.00614002 -0.00710141 -0.016324 -0.00514271 -0.00760285 -0.0180383 -0.00502217 0.000712152 -0.00457725 -0.00117721 -0.000289227 -0.00332686 0.00824483 0.00165089 0.0105132 -0.0049661 -0.00299691 0.00121439 -0.00672937 -0.005725 0.00290251 0.00600004 0.0126113 0.0040575 -0.00200926 -0.00846298 -0.00237335 -0.00564565 -0.00131653 -0.00915847 0.00296263 -0.000730994 0.00443439 0.00677943 -0.00090816 -0.00373863 0.00308451 -0.00604412 -0.000217193 -0.0103503 0.000872838 -0.00119454 -0.00256975 -0.0059837 -0.00440981 -0.00441744 -0.00181123 -0.00664219 -0.00244684 -0.00346568 -0.00408688 0.00101381 0.00233383 0.00349692 0.00415126 -0.000363366 -0.00372021 -0.004899 0.00137809 -0.00313821 -0.00272747 -0.000817017 -0.00229774 -0.00307459 -0.00301584 -0.00172306 -0.0107698 -0.00380633 -0.00146748 0.00153291 
-0.000981042 -0.00576934 -0.00206401 -0.00165593 -0.00766295 -0.00326127 0.0047972 -0.00372405 -0.00416561 0.00108204 -0.00192766 -0.00374585 -0.00580231 -0.0105596 -0.00704903 0.000753445 -0.000451661 0.00112316 0.00936783 0.00780599 0.000480537 0.104457 0.0142258 -0.000652352 -0.000601924 -0.000933417 -0.0027044 -0.00349747 0.00292256 -0.00908301 -0.00244332 0.00120925 0.00037964 -0.0013925 -0.00355001 0.00662932 -0.00124305 0.00253382 -0.00495341 -0.00290014 -0.00257777 0.00837517 -0.00136597 -0.000214996 0.0154208 -0.00313725 0.00464885 -0.00181292 -0.000518374 -0.0019627 0.00351093 0.000844852 -0.003766 -0.00662271 -0.00122407 -0.00430591 -0.000949406 -0.000250838 -0.00221705 0.00144622 -0.000824969 -0.00181751 0.00223413 0.000396905 -0.0018447 0.000450885 0.00341769 -0.00342941 -0.00315943 0.000504429 -0.00214762 -0.00639668 -0.00659315 -0.00291206 -0.00216586 -0.00161059 -0.000198996 -0.00287273 -0.00393398 -0.00307587 6.70816e-05 -0.00625527 -0.00552173 0.000470228 0.00147678 0.00149417 -0.0029664 0.00351741 0.00119107 -0.00308019 -0.00365952 -0.00108731 -0.00171722 -0.00427224 -0.00457655 -0.000788223 -0.00401275 -0.00385619 0.000564029 0.000679367 
-0.00395766 -0.016132 -0.00705142 0.00210241 -0.00795842 -0.0125231 -0.0109224 -0.00395878 -0.00568841 -0.00276332 0.00267972 0.00277479 -0.00945622 -0.017591 0.00299276 -0.00184821 -0.0157689 0.0147953 0.00219629 0.00408841 0.00137285 0.0142258 0.192125 0.030191 0.00768029 -0.00690524 0.00514421 -0.00399436 0.0132807 -0.00187655 -0.00394502 -0.00322886 0.00236439 0.00100923 -0.00641139 -0.00349767 0.00249492 -0.0076819 -0.0033753 0.00709411 0.00792391 0.00700576 -0.00435939 0.00772239 0.00866115 -0.000332865 -0.00764587 -0.007686 0.0114556 -0.00262947 -0.00770775 -0.00721688 -0.00646717 -0.0198107 -0.000860148 -0.00427603 -0.00460094 -0.00394341 -0.00370419 -0.00506016 0.00199458 -0.00924513 -0.0021678 -8.8261e-05 -4.92965e-05 -0.0032891 0.00271996 -0.00659006 -0.00409917 0.00662808 -0.00440289 -0.0116854 -0.00594986 0.00226528 -0.00461013 -0.00599822 7.89655e-05 -0.00932764 -0.00411272 -0.00687665 0.000400487 -0.0121015 -0.0148441 0.000987433 -0.0110998 0.00149411 -0.00683389 0.012099 -0.00592257 -0.00129192 0.00195184 -0.000444024 -0.00149748 -0.00263928 -0.00067596 0.000586707 -0.000315309 -0.00861577 -0.00221602 0.00723947 
-0.00869269 -0.00157137 -0.00430643 0.00153598 -0.00407701 -0.00566668 -0.0215954 0.000814325 -0.00350496 -0.00847129 -0.000416351 0.0156418 -0.0138224 -0.00790265 0.0116757 0.0010639 -0.00916939 -0.00418849 -0.0231859 -0.00829012 0.00477069 -0.000652352 0.030191 0.218739 0.00867592 0.00774376 0.0166966 0.0194081 -0.01063 -0.00998732 0.00464689 0.00522871 0.0036914 0.000426799 0.00616514 0.0102317 0.00537811 0.00050453 0.00167232 0.00990657 0.00573914 0.00300259 -0.00828557 0.00330822 -0.0109123 -0.007871 -0.00624402 -0.00947805 0.0320928 -0.00979123 0.00490621 -0.000145384 -0.00931209 0.00101599 -0.00421732 -0.00187167 -0.000642773 -0.0102255 -0.00296165 -0.000916371 -0.00490084 -0.00640881 0.000202193 -0.00825706 0.00138906 -0.00803888 -0.00416998 -0.0116572 -0.00863612 -0.000199736 -0.00865457 -0.0124435 0.00247725 0.00364274 0.00232559 -0.0112158 -0.00728258 -0.0056228 6.60876e-05 -0.00314299 -0.00933795 -0.0119642 -0.0175454 -0.00539325 0.000688386 0.00230886 -0.0118106 -0.00454983 -0.00537435 -0.0115164 -0.0032786 -0.00426296 -0.00595665 0.00580222 -0.00506429 -0.00438098 -0.00526259 -0.00482326 -0.000484199 -0.0131349 
0.00682815 -0.0049939 -0.00552202 -0.00361822 -0.00768782 -0.00773852 -0.00687709 -0.010216 -0.0106496 -0.00665208 0.00133115 -0.00813282 -0.00290397 0.00284808 -0.0112334 -0.00269399 -0.0102354 0.00159121 0.000685199 0.00640305 0.00869124 -0.000601924 0.00768029 0.00867592 0.155279 0.00915534 0.00741734 0.00486494 0.0255523 0.00592374 0.0153449 0.00205445 -0.0175351 -0.00045153 -0.0147964 -0.0105789 -0.000810697 -0.00161444 -0.0026985 -0.00168747 -9.41594e-05 0.00356421 0.00458067 2.25504e-05 -0.00381368 -0.00289683 -0.00786489 -0.00306944 -0.00350502 -0.0102793 0.000660354 -0.00699919 -0.00340259 0.00213187 -0.00199396 -9.25191e-05 -0.00155749 -0.00223036 -0.000472136 0.000942762 -0.00564327 0.00118088 -0.00643406 -0.000188037 -0.0126864 -0.00579884 0.00840319 -0.0041355 -0.00113688 -0.000992375 -0.00562288 0.000411944 0.00148507 -0.00409212 -0.000517999 -0.00627328 0.00058598 -0.00382958 -0.00138456 -0.000905808 -0.0126103 5.36764e-05 -0.00741664 0.00154845 -0.00222835 0.000325706 0.000117346 0.0113169 -0.00188029 -0.0030385 -0.000392507 0.00384004 -0.0026957 -0.00185162 -0.00119283 0.00271934 -0.00819922 -0.00599367 -0.00445926 -0.00441556 
-0.00448526 -0.00214987 -0.00503107 -0.00116167 -0.00647487 -0.00394684 -0.00058992 0.00127447 0.00140613 -0.00864052 -0.000871416 -0.00303592 0.00363181 -0.00891596 0.00332106 -0.00147356 -0.00517029 -0.0131013 -0.00733051 -0.00474321 -0.000206909 -0.000933417 -0.00690524 0.00774376 0.00915534 0.134069 0.0136926 0.00120276 0.00536308 -0.00188205 0.0186107 0.000205546 -0.0168459 -0.000451739 0.00815208 0.0034855 0.00107417 0.00275537 -0.00226969 -0.00274871 -0.00572453 -0.00748389 -0.00458683 -0.00255654 -0.00901664 -0.00323832 0.00590478 0.00481968 -0.000914434 -0.0011327 -0.00754165 0.00197071 0.00269917 0.00861112 -0.00213545 -0.00360471 -0.00103502 -0.000838124 -0.00141355 0.00240292 -0.00394001 0.000797289 -0.00414799 -0.001423 -0.00415155 0.000103738 0.00256652 0.000215151 -0.000753352 -0.0101632 0.0042766 -0.00455669 -0.00317022 0.000357257 -0.00114143 -0.00872874 0.00270037 -0.00891387 -0.00448572 0.00536568 -0.0124781 0.00337479 -0.00390302 -0.0037276 0.00405633 -0.00132349 0.00044616 0.00129761 -0.00393532 -0.0011671 -0.00418606 0.000517918 -0.00291606 -0.000593956 0.0042946 0.000601991 -0.00627834 -0.00491924 -0.0054521 -0.00547932 
-0.00155845 -0.005489 -0.00379322 -0.00193289 0.00461379 -0.00373064 -0.0061754 -0.00444037 -0.00396492 -0.00236903 -0.00356577 -0.00947056 0.00584937 -0.000546463 -0.00612849 -0.0105616 0.00615579 -0.0154897 -0.0117403 -0.00512785 0.00275634 -0.0027044 0.00514421 0.0166966 0.00741734 0.0136926 0.146466 0.0173662 -0.00165533 0.000298932 0.00377712 0.00306429 -0.0155514 -0.00338494 -0.00117629 -0.00670182 0.00335088 -0.00574893 -0.00619089 -0.00259407 -0.00231037 -0.0108761 -0.00567421 -0.00305664 0.00224104 -0.00763823 0.000562803 -0.00293856 -0.00188118 0.00556704 0.00252163 0.00529367 0.00373702 -0.00207939 -0.00105945 0.00374436 -0.00282753 -0.00247537 0.00147036 -0.00097814 -0.000905708 0.00398749 -0.00243431 -0.00111385 -0.00779056 -0.00255266 -0.0079603 0.00422992 0.00190494 -0.00220424 -0.00898984 -0.00567706 -0.000972608 0.0058416 -0.00374009 -0.00542703 -0.0103637 0.00015515 -0.00135695 -0.00169178 -0.0161999 -0.00446137 -0.00535608 -0.00429891 0.00989284 0.00100288 -0.00207561 -0.00092785 -0.00284804 -0.00254016 0.00251653 0.000833571 -0.00155244 -0.00304863 0.00696185 -0.00396778 -0.00242378 0.00119398 -0.00125722 -0.000581415 
-0.00230529 -0.00646132 -0.000158579 -0.00133447 -0.00523743 -0.000868982 -0.00182689 -0.00260405 -0.0218307 -0.00259035 0.0038187 0.00488536 -0.0121353 -0.0171595 -0.0126399 -0.00954148 -0.00546541 -0.0019304 -0.0178191 -0.00615398 0.000968682 -0.00349747 -0.00399436 0.0194081 0.00486494 0.00120276 0.0173662 0.144183 -0.00152617 0.00579097 0.00348766 0.00810962 0.00697551 0.000815202 -0.0119492 0.0033422 0.00101633 0.0050685 0.00326754 0.0085805 -0.00117345 -0.00114414 -0.00290375 0.00166609 -0.00676621 0.00152326 -0.000463231 -0.00711411 0.00515572 -0.00993449 -0.0104247 0.00134894 -0.00588662 0.00329243 -0.000116414 0.00343246 -0.00193708 -0.00175138 -0.000107598 -0.00787308 -0.00868359 -0.00196019 -0.00209217 -0.00470389 0.0043167 0.00129381 -0.0109126 -0.00614576 -0.00205688 0.0081 -0.010843 -0.00130221 0.00448813 6.60341e-05 0.0071577 -0.00314884 0.00139352 -0.00405575 0.00231601 0.000632833 -0.0123346 -0.00501817 0.000581207 -0.000911855 0.00345016 -0.00104006 -0.00438718 -0.00468523 -0.00480432 -0.00278552 -0.00152309 -0.00470642 -0.000435093 0.00576968 0.00630625 -0.00391771 -0.000947247 -0.00012847 -0.00106809 0.00578165 
0.0054865 -0.0040106 0.00419144 -0.00180904 0.00503708 -0.0228767 -0.0113071 0.00240918 -0.00713753 -0.00469821 0.000379403 -0.0258956 0.0030798 -0.0141501 0.00125736 -0.0200078 -0.0181702 -0.000895136 0.00194737 -0.00100789 -0.00327441 0.00292256 0.0132807 -0.01063 0.0255523 0.00536308 -0.00165533 -0.00152617 0.201082 0.0170943 0.0201993 0.00839887 -0.00971424 0.00443509 -0.00698153 0.0157547 0.00401856 -0.000259354 -0.00475398 -0.00639973 -0.00731919 -0.00132943 -0.0053479 0.00254884 -0.00949321 0.00134851 -0.00399526 -0.00530808 -0.000149199 0.00288881 -0.00777381 -0.00699849 -0.0117163 -0.00297247 0.00092862 0.00638719 -0.00377852 -0.00612753 -0.00127002 -0.00327958 -0.0054821 -0.00823019 -0.000232467 0.00206525 -0.00841293 -0.00443053 0.00707026 0.00236017 0.00274892 -0.00542535 -0.00333413 0.00480936 0.00387755 -0.00545221 -0.0100798 -0.00610849 0.0103492 0.00448758 -0.00538588 -0.00371651 -0.00511066 -0.00349239 -0.0122255 -0.00437322 -0.0137435 0.00432756 -0.00882566 0.00988448 -0.00406081 0.00252994 -0.00246501 -0.000870212 0.00167265 -0.0018084 -0.00620717 0.00602422 -0.00994425 -0.00852666 -0.00629584 -0.00993935 
0.00156567 -0.00124705 0.000429949 -0.00418199 0.00754281 -0.00219372 -0.0127107 0.00375133 -0.00135268 -0.00446171 0.00689938 -0.00760421 0.00492913 -0.00248629 -0.00441982 -0.00467154 -0.00805706 -0.00105493 0.000230846 -0.00729187 -0.00529467 -0.00908301 -0.00187655 -0.00998732 0.00592374 -0.00188205 0.000298932 0.00579097 0.0170943 0.165923 0.00678509 -0.000282728 -0.00601167 0.00823318 -0.00988217 -0.00364155 -0.00879682 -0.00307272 -0.0016604 -0.000230975 -0.00509317 -0.0162174 0.00599269 -0.00146271 -0.0095745 0.00169564 -0.00734975 -0.00226376 0.00428568 0.0050278 0.00786319 -0.00345931 -0.00241901 -0.0101314 0.000201201 0.00111779 -0.00135049 0.000560751 0.00117562 0.00683528 -0.00352827 0.00314792 0.000194112 0.00550516 0.00104748 -0.00756118 -0.00452013 0.00550434 0.000864854 -0.00741465 -0.00039173 -0.00478377 0.0137128 -0.00459231 -0.00482405 -0.0129504 -0.00708682 -0.0130433 0.000987038 0.0016314 -0.0141392 -0.00290529 -0.0067364 -0.00246801 -0.000948164 -0.00230404 0.00628767 -0.00604171 -0.00176084 0.0011404 -0.00186513 -0.00398394 -0.00256596 0.00732448 -0.00267361 -0.00403378 -0.0127809 0.00353472 0.0061764 -0.00855128 
0.00759561 -0.00411789 0.00259098 -0.0031492 -0.00469736 -0.00527437 -0.0142466 -0.00227155 -0.0066219 -0.00492867 0.00331053 0.0187155 -5.97222e-05 -0.013444 -0.0182587 -0.0145202 -0.0143756 0.010979 0.00381121 -0.0111122 -0.00614002 -0.00244332 -0.00394502 0.00464689 0.0153449 0.0186107 0.00377712 0.00348766 0.0201993 0.00678509 0.154182 0.00514043 0.00371336 0.00703508 0.00790966 0.0161324 0.00203813 -0.0041682 0.000818092 -0.00773608 -0.00483348 -0.000780453 -0.0073324 -0.00337084 -0.0143547 0.00686015 0.00700265 -0.00350744 -0.0142166 -0.00383226 -0.00505388 -0.0058992 0.000607762 0.00598742 -0.00152111 0.00605551 -0.00277969 -0.00226161 -6.56504e-05 -0.003218 -0.00900299 -0.00460998 -0.00467594 -0.00509771 -0.00326671 -0.000627491 -0.00662508 -0.0107504 -0.00303614 -0.0138536 -0.00491901 -0.00716287 -0.00034407 -0.00287241 -0.000820938 -0.00591577 0.00759582 -0.00411382 -0.00343915 -0.00309952 -0.00587341 -0.00710183 -0.0118121 -0.0055035 -0.0106998 -0.00457491 0.00389708 0.0140652 -0.0057789 0.00374717 -0.00366886 -0.000703981 -0.00182695 0.000572722 0.00282215 0.00204259 0.00141548 -0.00631667 -0.00461251 -0.00224976 
0.00280168 -0.00460367 -0.003035 0.000201572 0.00269362 -0.00518906 -0.00491137 0.00631658 0.000105436 0.006046 -0.00121557 -0.00754101 -0.00711768 -0.00969188 -0.00037135 -0.0140016 -0.000140386 -0.00654364 -0.000707687 -0.00611639 -0.00710141 0.00120925 -0.00322886 0.00522871 0.00205445 0.000205546 0.00306429 0.00810962 0.00839887 -0.000282728 0.00514043 0.118272 8.75345e-06 -0.00223617 -0.00290364 0.00774528 0.00711914 -0.00173969 -0.00359712 0.00680528 -0.000238017 0.00523505 0.000802009 0.000234623 -0.00659871 0.0035432 -0.00300259 -0.00407623 -0.00893229 -0.0014558 -0.00579605 -0.00672951 -0.00320693 0.00354726 0.0012846 0.00093394 -0.00135639 9.43586e-05 -0.000528969 0.00150326 -0.00380748 0.00230755 -0.0030019 0.000844937 0.00148 0.00321277 -0.00448268 -0.00771715 -0.00010991 -0.00285016 -0.00834107 -0.00449195 0.000739971 -0.00555053 0.00466412 -0.00741634 0.00194794 -0.00614488 -0.00550524 -0.000160298 -0.00414103 -0.00432734 -0.0059147 0.00227819 -0.0114782 0.00201417 -0.00414605 0.00358277 -0.00390642 0.000293058 -0.000990672 -0.00317117 -0.000795182 0.00322179 -0.00333263 0.000669768 0.00348184 -0.00101615 -0.00297406 0.000527353 
0.00289888 0.00255518 -0.00867846 0.000473615 0.00220638 -0.00483651 -0.0129074 -0.00299692 -0.0033689 0.00493976 -0.00628052 0.0124696 -0.00888208 -0.0156018 -0.0109024 -0.0151962 -0.00194561 0.00614272 0.00339251 -0.00326588 -0.016324 0.00037964 0.00236439 0.0036914 -0.0175351 -0.0168459 -0.0155514 0.00697551 -0.00971424 -0.00601167 0.00371336 8.75345e-06 0.234799 0.00592484 0.0175302 0.0281256 0.000299535 -0.0076694 0.0017824 -0.00594679 -0.00666553 0.0199081 -0.00258413 -0.00691259 -0.0142265 -0.00877545 -0.00514033 -0.0123316 0.000423924 -0.00334017 0.00578255 -0.0045561 -0.0070348 0.00639153 -0.00257466 -0.00223488 -0.00466581 -0.00498761 -0.00301976 -0.00625021 -0.00803665 -0.004358 0.00720011 -0.00946837 0.0138179 0.00119581 -0.0174212 -0.00488238 0.000668704 0.0230508 0.00179204 -0.011644 -0.0126722 0.00723505 -0.000209993 -0.00212774 0.00175062 0.00127303 0.00315687 -0.0157913 0.000820816 -0.0129508 0.0141949 0.00331714 -0.0124596 -0.00420979 -0.0158558 -0.014334 -0.0038448 -0.00711676 -0.0115857 -0.00186407 -0.00970627 0.000867208 0.00985099 -0.00906746 0.00641533 0.00336589 -0.00116419 0.00338012 
-0.00437153 0.00134132 -0.00363408 0.0033499 -0.00596928 -0.0105545 -0.00778041 -0.00587616 -0.0190019 -0.00366616 -0.00643524 0.00434411 -0.00939222 -0.00765707 0.0176921 0.00041906 -0.0168618 -0.000782654 -0.000220383 -0.00346463 -0.00514271 -0.0013925 0.00100923 0.000426799 -0.00045153 -0.000451739 -0.00338494 0.000815202 0.00443509 0.00823318 0.00703508 -0.00223617 0.00592484 0.148391 -0.00218963 0.0163499 -0.00184372 0.00835929 0.00154954 -0.00501868 -0.0061286 -0.0223645 -0.00663577 0.000226416 -0.0132434 -0.00195497 0.00179362 -0.00223649 0.0260538 -0.00342246 -0.00546417 0.00698889 -0.00495614 0.00165657 -0.00105983 0.00466772 0.00133488 -0.00392719 -0.00205051 -0.00154928 0.000657472 -0.00115218 0.00513779 0.000549675 -0.00221717 -0.00125958 0.00740185 -0.00207279 -0.00401045 0.00777979 -0.00186692 0.00320777 -0.00284234 -0.000368459 0.00451126 -0.00370979 -0.00526391 -0.00315921 -0.00201468 0.00175971 -0.00104328 -0.00425838 -0.00442579 -0.00159492 -0.00204728 -0.00456155 -0.00559557 -0.00889043 -0.00822357 -0.0011002 -0.00296766 0.00108212 -0.0037212 0.00637823 -0.00875631 -0.00230108 -0.00658206 -0.00372303 -0.00300537 -0.00535479 
