0.134156 0.00693724 0.00131597 -0.00252242 -0.00238566 -0.0025207 0.00104471 -0.000977454 -0.00259758 0.0017299 0.00242459 -0.0086519 -0.00422934 -3.47985e-05 -0.00284497 -0.00249276 -0.00900644 -0.00202471 -0.00724121 -0.0012817 0.000459209 -0.00131885 -0.00416365 0.000222846 0.000992245 -0.00211252 -0.00310669 0.0056007 0.00302887 -0.00814214 -0.00153165 0.00285483 0.00713479 0.00946869 -0.00644725 0.00733207 0.00465803 -0.0045692 -0.000669224 -0.00972449 0.00239315 0.00268804 -0.00592727 -0.00266452 -0.00115326 0.000798442 -0.00606667 -0.00303291 -0.00758567 -0.0029233 -0.00138412 -0.0146995 -0.00166051 0.00294986 -0.00451813 -0.00498505 0.00779024 0.00448681 -0.00460734 -0.00211475 -0.00181677 0.00215293 -0.00583939 -0.00599558 0.00892104 -0.000211337 -0.00570341 -0.00141959 -0.003678 -0.00257063 -0.00017898 0.00233926 0.00102515 -0.000785618 -0.000264272 -0.00172464 0.0060448 -0.00285464 -0.0116496 0.0032337 -0.00397452 -0.00487234 -0.00690021 0.000908938 0.00374314 -0.00158616 -0.0063659 -0.00467826 0.00225781 -0.00400442 -0.00737648 -0.00219582 -0.00525111 0.00172578 -0.00894264 -0.00492894 0.00966992 -0.0095298 0.00737534 0.00935432 
0.00693724 0.175177 0.0196743 -0.0059361 0.00511193 0.00358898 0.00356755 -0.00496461 -0.00146712 0.0111964 0.00360081 0.0041777 -0.00365676 0.00121911 -0.011219 0.00309028 -0.00411813 -0.00537763 -0.0156201 0.00622963 0.000893196 -0.0106793 0.00491097 -0.00142098 0.00104377 -0.00135923 -0.00077343 0.00114374 -0.0134587 -0.00702692 0.00164014 0.000806803 0.0085349 0.0136177 0.00359954 -0.00047876 0.00145416 -0.00396179 -0.00132049 0.00345654 0.00309517 -0.0050464 -0.00510636 -0.00339605 -0.00367504 0.000148029 -0.000640937 0.00247096 -0.00042336 -0.00572904 0.00033845 -0.000772741 0.00142183 -0.0129248 -0.00687326 -0.0117337 -0.00098167 -0.00491566 -0.00669131 -0.0004061 -0.00455149 -0.00407038 -0.00446698 0.00436924 0.00672711 -0.00288429 -0.00127399 -0.00420064 -0.0059307 -0.00257319 -0.00719417 -0.00322786 0.00368835 -0.00513461 -0.00170657 0.00279989 0.0032291 0.0070861 -0.0146319 -0.016785 -0.00277047 -0.00870627 -0.00262101 -0.0129101 0.00119335 0.00548578 -0.00842461 0.00639365 -0.00510618 -0.00555657 -0.00476369 0.000694016 -0.0124434 -0.00371269 -0.00519117 -0.0119781 -0.00228408 -0.00845257 -0.00122424 0.00311864 
0.00131597 0.0196743 0.165314 0.00886016 0.00240744 -0.00170478 -0.00448028 0.00357816 -0.00201726 0.00628887 -0.00471748 -0.00906295 -0.00717382 -0.00073282 -0.00783102 0.000358167 -0.00286878 -0.0108532 -0.011134 0.0101827 0.000113345 -0.00916036 0.000699725 -0.00166053 -0.00669403 -0.000952069 -0.00666599 0.00545313 -0.0116075 6.48965e-05 -0.00425714 -0.00474597 -0.00894698 0.0195975 -0.00350469 -0.000238469 -0.00759103 0.00586477 -0.00355299 0.00207968 -0.00917842 -0.00647008 0.00463843 0.00749818 -0.00107817 -0.00395077 0.00631574 -0.00172199 0.00162645 -0.00133493 -0.00863074 -0.00819996 -0.000214801 -0.00766499 0.00146672 -0.00400773 -0.00458559 -0.00191369 -0.00173336 0.00500523 -0.00592017 0.000147159 0.00207226 -0.0060105 0.00279083 0.00420118 -0.00112541 0.00136554 -0.00420453 0.00220813 -0.0129783 -0.00491105 -0.00445918 0.00649088 0.00108403 0.00127477 -0.00361356 -0.00881437 -0.013728 -0.00773851 -0.00287662 -0.0102552 -0.00162997 -0.00265683 0.00236447 -0.000415793 -0.000681652 0.00271571 -0.00629047 -0.00560614 -0.00397937 -0.00865828 -0.00953964 -0.000635304 -0.000355958 -0.00676958 0.00943846 -0.000651018 0.00802925 0.00475836 
-0.00252242 -0.0059361 0.00886016 0.152261 0.00638598 0.00925742 0.0006978 0.00885557 -0.00443276 -0.00553373 -0.00840813 0.00383265 -0.00631597 -0.00357856 -0.000538038 -0.0064733 -0.00381023 -0.00133263 -2.04252e-05 -0.00441906 -0.00409307 0.00408281 0.00215443 -0.00759922 -0.000683985 -0.00275506 -0.00686075 0.00459415 0.00543144 0.00418223 0.00202573 -0.00652717 -0.00534167 -0.00452681 0.00186068 -0.00403798 -0.00112953 -0.000306184 0.0027738 0.00848455 0.00454796 -0.00659328 0.0152358 -2.06128e-05 -0.00745343 -0.00399425 -0.00290427 0.000917809 0.0012154 -0.00189571 -0.00383841 0.00941234 -0.00369728 -0.00544717 0.00692721 -0.00662733 0.00996897 -0.00299538 -0.00763406 -0.00496615 -0.00724687 0.000143075 -0.0046324 -0.0131625 -0.00322629 0.00244885 -0.00636467 0.00281943 -0.00603546 -0.00201588 -0.0034283 -0.0028791 -0.00580446 0.00370508 -0.00451392 -0.0042198 -0.00712959 -0.00891987 -0.00368453 -0.0129273 -0.00270507 -0.00194116 -0.00415378 -0.00329634 -0.00350633 -0.0106529 -0.00150682 -0.00397472 -0.00607737 -0.00314669 0.0105072 -0.00768311 -0.0035554 -0.00097575 0.00515549 -0.00556061 0.00246642 0.0126491 -0.00449715 0.00081392 
-0.00238566 0.00511193 0.00240744 0.00638598 0.0894775 0.00245751 0.00033868 0.00618689 0.00111139 -0.000207689 0.000299168 0.00187784 -0.0024302 0.00205131 0.000302149 -0.00561184 0.000452442 0.00152578 -0.00289127 0.00194585 -0.00325169 -8.21751e-05 0.00358056 0.00058946 -0.00387914 -0.00155298 0.00165473 -0.000573658 -0.00999934 0.00231185 -0.00257598 0.0046197 -0.00503902 -0.00683487 0.00217234 -0.00154317 0.00239008 -0.000343152 -0.00202375 0.00215531 -0.00454171 0.00180883 0.000483301 -0.000526647 -0.00131213 -0.000993771 0.00109789 0.00273965 0.00182759 -0.00217965 -0.000201309 0.00228764 0.00374594 -0.00359891 -0.00309829 -0.00550322 -0.00391503 -0.00128618 -0.00283836 -0.00530124 -0.0033648 -0.000609837 -0.00495392 -0.0044238 -0.00190982 -0.00100819 -0.000997791 -0.000652436 -0.0024475 -0.00266474 -0.00615137 -0.00328877 0.0010476 0.00182135 -0.00438441 -0.000140664 -2.11705e-05 -0.00469586 -0.00439504 -0.00917883 -0.000149689 -0.0038351 -0.000563244 -0.00274564 -9.5507e-05 0.000271615 -0.00148863 0.000590478 0.00396482 -0.00155634 -0.000975226 0.000633416 -0.000931692 -0.000771348 -0.00136689 -0.00282388 -0.00063601 -0.00305644 -0.00214286 0.00122341 
-0.0025207 0.00358898 -0.00170478 0.00925742 0.00245751 0.114242 0.00576449 -0.00177904 0.00327668 0.00856942 0.0126242 0.00364824 -0.00305102 7.4077e-05 -0.00491317 -0.00279541 -0.000957469 -0.00174926 0.00888377 -0.00110783 -0.00234065 0.00180048 -0.00307384 -0.000111911 0.000617739 0.00352563 -0.00264782 0.000775791 -0.00183094 -0.00536757 -0.00027354 0.00599565 -0.00515145 -0.000681511 -0.00037221 0.00180833 -0.00426562 -0.00107832 0.00229412 0.00221293 -0.00113434 0.0038122 0.00448984 0.00271709 -0.00754484 -0.00569576 -0.00179529 -0.0047768 -0.00349921 -0.0025628 -0.00213607 0.00058928 2.41039e-05 -0.00237767 0.000147705 -0.00188222 -0.00745867 5.99019e-05 -0.0040036 -0.0029426 -0.00575653 -0.000889991 0.00370369 0.000689253 0.00221563 -0.00514201 -0.00268467 -0.00135418 -0.00556154 -0.00179949 -0.00198705 -0.00691141 0.00252509 -0.00452037 -0.000284319 -0.000950297 -0.00631437 -0.00114118 -0.00660852 -0.0149451 -0.00196229 -0.00484952 -0.0034769 -0.00804076 -0.00559663 -0.00681235 -0.00452109 -0.000227667 -0.00643542 -0.00537522 -0.00231897 -0.000542272 -0.0035878 0.000677034 0.00209473 -0.00252158 0.00185183 0.00679214 -0.00292663 -0.00217677 
0.00104471 0.00356755 -0.00448028 0.0006978 0.00033868 0.00576449 0.0995492 0.000244667 0.00198973 0.00174606 0.000148349 0.00409723 0.00281395 0.00126579 -0.00242908 -0.00105947 -0.00255807 0.000593605 0.00742573 0.00192399 0.00102605 0.000530272 0.00497909 0.00488173 -0.0033125 -5.08177e-05 -0.003283 -0.00604791 -0.0075507 -0.00406783 -0.000830854 -0.00236824 -0.00486096 -0.00906856 0.00359366 0.00150644 -0.00318161 -0.00279422 0.00338128 0.00127661 -0.00419712 -0.00300122 0.00503301 0.000918488 0.00248658 0.00184616 -0.00367371 -0.000893287 -0.00539533 -0.000439018 -0.00115591 -0.00199071 -0.000891209 -0.00550356 0.00394793 -0.00274076 -0.000460777 0.00343555 -0.00209039 -0.00372017 -0.00523392 -0.00146258 0.000297209 0.00526701 -0.00238772 -0.001535 -0.00221706 -0.000219782 -0.00367802 -0.00460326 -0.00459681 -0.00921174 -0.000732298 -0.00415227 8.07109e-05 -0.00297247 0.000272642 0.00242832 -0.00722772 -0.00772887 -0.00189211 0.00218941 -0.00315104 -0.00769722 0.000984121 -0.00568747 -0.00495528 0.00200623 -0.000320833 -0.00254561 -0.00160232 0.00117763 0.000435981 0.0028215 0.000753001 -0.00316004 -0.00477091 0.00664514 -0.00556276 -0.00401086 
-0.000977454 -0.00496461 0.00357816 0.00885557 0.00618689 -0.00177904 0.000244667 0.0983755 -0.00198884 -0.00491147 -0.000753777 0.00331626 0.000443942 0.000299442 0.00170934 -0.002624 -0.00103697 -0.00663274 0.00263103 0.00606253 -0.00220032 0.00360791 0.000551956 0.000316248 0.00330259 -0.000503298 -0.00710652 0.00267653 -0.0071551 -0.0017445 -0.00756541 -0.00415181 -0.0045858 0.00484086 0.00485327 -0.00476954 0.00293326 0.00320693 0.00269885 0.00364997 -0.00291078 -0.00373532 -0.00178837 -0.00180129 -0.00853886 0.000502365 -0.00317339 -0.00732732 0.000862145 -0.00363549 -0.00316529 0.000213723 -0.0107085 -0.00576535 0.00991223 -0.00286071 0.00343914 -0.000299482 -0.00346297 0.00315194 -0.000242535 0.000477994 -0.00450847 -0.00322645 0.000903623 -0.00293619 -0.0023352 0.00086774 0.00248194 -0.00483019 -0.00362361 -0.00124995 -0.00171776 -0.000731544 -0.00353486 -0.00675493 -0.00750608 -0.00101189 -0.00714061 -0.0037734 -0.00169603 -0.00373376 0.00185327 0.00643253 -0.00815509 -0.00663585 -0.00257702 -0.00331087 -0.00438027 -0.00227238 -0.00301878 0.00641581 0.000284028 -0.00183367 -0.00595076 0.00491844 0.00266683 0.00988733 -0.00215741 0.00585714 
-0.00259758 -0.00146712 -0.00201726 -0.00443276 0.00111139 0.00327668 0.00198973 -0.00198884 0.0938331 0.000359448 0.00398053 -0.00111724 0.00386346 0.00409034 -0.00151077 -0.00346295 -0.00668182 -0.000517412 -0.00169553 -0.000190889 -0.00165453 -0.00110439 -0.00176649 0.00591171 -0.00789989 -0.00173096 -0.00470299 0.00230033 -0.000453963 -0.00250922 -0.00147274 -0.00534562 -0.00399526 -0.00102107 -0.00209424 -0.00310548 -0.00486198 -0.00593937 -0.00452605 0.00330406 0.00214408 -0.00160014 -0.00460184 -0.00228197 0.0040884 -0.00358455 -0.00205247 -0.00348525 0.00454859 -0.000180519 -0.00187836 -1.92792e-05 0.00137569 -0.00752797 -0.00688814 0.000444538 -0.00525224 -0.001561 -4.83197e-05 0.00196383 -0.00484453 0.00015149 -0.00527872 0.00295488 -0.00137558 -0.00142267 -0.00230006 -0.00272826 -0.00510015 -0.00097339 -0.00880768 0.0023563 0.00474157 0.00226713 0.00130475 -0.0013785 0.00152727 0.00459735 0.00173545 0.000693098 0.0014139 0.00389382 -0.00186456 -0.0024331 -0.00181999 0.00713414 0.000883955 0.00422489 -0.000569807 -0.00283901 -0.00099132 -0.00212234 0.00458725 -7.86102e-06 -0.00103713 0.00257201 -0.00659991 -0.00915221 0.00476072 -0.00391258 
0.0017299 0.0111964 0.00628887 -0.00553373 -0.000207689 0.00856942 0.00174606 -0.00491147 0.000359448 0.14725 0.0116173 -0.0076794 -0.00532642 0.000648723 -0.00408288 -0.00464186 -0.00397627 -0.00657129 -0.00484465 0.000303537 -0.00434896 -0.000499896 0.00427871 0.00191737 0.0064342 0.00651092 0.00610256 -0.00776086 -0.00047875 0.00129179 -0.00706703 -0.00717861 -0.00787031 -0.0158185 -0.000237119 0.000431536 0.00400486 -0.000662741 0.00238942 0.00919506 2.92502e-05 0.00618384 0.00754182 -0.00386835 -0.00467683 -0.00834511 -0.00149158 0.000236148 -0.00462569 -0.001736 -0.00318532 -0.00687854 0.00938868 -0.0100671 -0.0114065 -0.0076196 2.4839e-07 0.00302554 -0.00299482 0.00433374 -0.00656198 -0.00438248 0.00165681 -9.46522e-05 -0.00249394 0.000172189 0.00221374 -0.00205335 -0.00424094 -0.00249715 0.00329855 -0.00669224 0.0118912 -0.00196225 -0.00134462 -0.00546647 0.0094802 0.00523638 -0.0129774 -0.0131623 -0.00128453 -0.00141621 -0.00623319 -0.00887479 0.00130337 0.00906823 -0.00566134 -0.000784868 -0.0032586 -0.00412562 -0.00321474 -0.00694687 -0.0129383 0.000342987 -0.00216313 -0.00296935 -0.00349922 -0.00238874 -0.00384946 -0.00753606 
0.00242459 0.00360081 -0.00471748 -0.00840813 0.000299168 0.0126242 0.000148349 -0.000753777 0.00398053 0.0116173 0.18988 -0.00755637 0.0123097 0.00141629 -0.00102479 -0.00483705 0.00518145 -0.00354285 0.00170534 0.00922211 -0.00711152 -0.00510236 -0.00795911 -0.0140508 -0.000457075 0.00617963 0.00484872 -0.00220456 0.0052522 -0.00569138 -0.00717541 0.0157344 0.0156556 0.00491325 -0.0112858 -0.000148351 -0.00629375 0.0114543 -0.00585027 -0.00255787 -0.00639506 0.00435042 0.00350615 -6.04175e-05 0.0081663 -0.00531722 -0.00141756 -0.00278581 -0.0133044 -0.00667587 -0.00225224 -0.0179468 -0.0118669 -0.000242497 -0.00976656 0.00153197 -0.00567488 0.00208791 0.00761679 6.40298e-05 -0.0056908 -0.00130584 -0.00780354 0.00146008 -0.00434739 -0.0156055 -0.00365224 -0.000474153 -0.00677248 -0.0128351 0.00587042 0.00583507 -0.00354084 0.0101324 -0.00132674 -0.00382857 -0.0029771 -0.0140227 -0.0215754 -0.0160224 -0.00500996 -0.0084948 -0.000729916 -0.00917321 -0.0087683 -0.00483045 0.00910192 -0.00175872 -0.0148323 -0.00489781 0.0034413 -0.00519216 -0.0075655 -0.00139067 -0.00782375 0.0171678 0.00817669 0.000707645 -0.00277368 -0.0122079 
-0.0086519 0.0041777 -0.00906295 0.00383265 0.00187784 0.00364824 0.00409723 0.00331626 -0.00111724 -0.0076794 -0.00755637 0.15444 0.00758534 0.00465062 0.00367617 -0.00160054 0.000430004 -0.00912261 0.00944791 -0.0071923 -0.00571946 -0.001859 0.00197023 0.00697826 0.00629513 -0.00345311 0.00230985 -0.00415384 -0.00355318 -0.00651947 0.00959484 -0.0034058 0.00370991 -0.00850833 0.000604514 -0.00121896 0.0057298 -0.00830183 -0.00352038 -0.00256636 0.000560559 -0.00282905 -0.00458004 -0.000602611 -0.00488404 -0.00604299 -0.00264195 -0.0076101 -0.00310399 -0.00203453 -0.00217407 -0.00190389 0.00219462 0.00245923 0.0109342 -0.000407267 -0.000365964 0.00373054 -0.00355269 -0.00854656 0.00581002 -0.00347024 0.00911386 0.00398428 -0.00549445 -0.00843698 -0.00182272 -0.0035203 -0.00963616 -0.00411207 0.00385335 -0.00918314 -0.00478668 -0.00507281 -0.00179264 0.00332561 -0.0165815 -0.000449256 0.00142594 -0.00820158 0.000861299 0.0056903 -0.00607188 -0.00896304 -0.0091276 -0.00881593 -0.00458785 0.000243575 0.0014645 -0.00134645 0.00236276 0.00494363 -0.00252642 -0.00318355 -0.00266701 -0.00603389 0.000985292 0.00873572 -0.00934677 -0.00977818 
-0.00422934 -0.00365676 -0.00717382 -0.00631597 -0.0024302 -0.00305102 0.00281395 0.000443942 0.00386346 -0.00532642 0.0123097 0.00758534 0.129442 0.00437974 -0.00464497 0.00726797 0.00645149 -0.00819857 -0.000128731 -0.00977661 -0.0036925 -0.000990656 3.83737e-05 -0.00102623 -0.00288806 0.00887295 -0.00362183 -0.00115467 -0.000777418 0.00140105 0.00605628 -0.00612127 0.00672532 -0.00649686 -0.000771898 -0.00209822 0.00133752 -0.000944276 0.00453168 -0.00844678 0.0074982 0.0013453 -0.00700427 -0.00543946 -0.000433136 0.000735161 0.00231701 -0.00287433 -0.000493893 0.00169709 -0.00436783 -0.00625846 -0.00963444 0.00484091 -0.00403876 0.00421228 -0.00626297 -4.47097e-05 -0.00636774 0.00724331 -0.00367995 -0.00267561 0.00585851 0.0209485 -0.00602222 -0.00610197 -0.000969479 0.00182904 -0.00199986 -0.00398021 -0.00214905 -0.00326664 -0.00336882 -0.00708684 -0.00085258 -0.00592175 -0.0106484 0.00199318 0.00131693 0.00170033 -0.00055635 0.0075798 -0.00361272 -0.00549839 -0.016324 0.00163346 -0.000366119 -0.00155029 -0.00496053 0.00141793 -0.000166829 0.00597414 -0.00330091 -0.00123845 -0.00314798 -0.00564115 -0.01282 0.000286737 -0.0102414 -0.00861753 
-3.47985e-05 0.00121911 -0.00073282 -0.00357856 0.00205131 7.4077e-05 0.00126579 0.000299442 0.00409034 0.000648723 0.00141629 0.00465062 0.00437974 0.0641776 -0.000844742 0.00180059 0.00220377 -0.000417773 0.00200451 0.000154687 0.00223117 -0.00148501 -0.00146779 3.8435e-05 -0.000100162 -0.00215356 -0.000345076 -0.00137683 -0.00474313 -0.00113509 -0.000741429 -0.00220985 -0.00461469 -0.00358275 -0.00329383 -0.00421086 0.000730118 -0.000515033 -0.00303178 0.00155341 -0.00100704 -0.000571949 -0.00256311 -0.00329093 0.00174623 -0.000294089 -0.000547706 -0.000403749 -0.00146307 0.00101005 -0.0026978 -0.00365704 0.000399603 -0.000492812 -8.23351e-06 -0.00454925 -0.000267857 -0.000158713 0.00224731 0.00155352 -0.00169851 -0.000686239 -0.00478264 0.00256372 -0.00178357 -0.000744531 -0.00212407 -0.000998537 -4.02763e-05 -0.00157028 -0.00713066 0.00244207 -0.000433179 -0.00165356 0.00323505 -0.00252159 -0.00296353 -0.00254499 -0.000595475 -0.00463625 0.000470334 0.00179713 -0.00133737 -0.00334212 -0.0046116 0.00172211 -0.00214752 0.00166627 -0.00520378 -0.00042479 -0.00195142 0.00548917 -0.00221891 0.0019127 -0.000627492 -0.000827954 -0.00584756 0.000729235 0.00351078 0.00055222 
-0.00284497 -0.011219 -0.00783102 -0.000538038 0.000302149 -0.00491317 -0.00242908 0.00170934 -0.00151077 -0.00408288 -0.00102479 0.00367617 -0.00464497 -0.000844742 0.0973621 -1.29784e-05 0.00277854 -0.000325512 0.00193068 -0.00286455 0.000700865 0.00285859 0.00112972 -0.00544527 -0.000757104 -0.00334517 -0.00190487 -0.00273039 0.00450623 -0.00236318 -0.00408078 -0.00479561 0.000683459 -0.00257804 -0.00142121 -0.00227979 0.00392583 -0.000489243 0.00412004 -0.00128371 0.00162686 0.000237784 0.00058444 -0.00405933 -0.00243073 -0.00420848 -0.00563714 -0.00268194 -0.00304603 -0.000998477 0.000199179 0.00455648 -0.00280855 -0.000837449 0.00188862 -0.00292627 0.00395038 0.00256607 0.00575661 0.00345626 0.0050318 0.0022343 -0.00507589 -0.00242329 -0.00387815 -0.00783475 0.00141402 -0.00274067 -0.00192572 0.00530931 0.00752975 -0.00324333 -0.00310868 -0.00185919 -0.00258956 -0.00223108 -0.0066891 -0.00293055 0.000732491 0.00433724 -0.00105617 -0.00140753 0.00221537 0.000149001 0.00955949 -0.00172257 -0.00164634 -0.00374569 -0.00347439 -8.72811e-05 -0.00298467 -0.00016883 -0.00489858 -0.00135094 -0.00287476 0.000145362 -0.0104491 -0.000909479 -0.000724334 0.00306129 
-0.00249276 0.00309028 0.000358167 -0.0064733 -0.00561184 -0.00279541 -0.00105947 -0.002624 -0.00346295 -0.00464186 -0.00483705 -0.00160054 0.00726797 0.00180059 -1.29784e-05 0.100044 0.0120172 0.00639593 -0.000986532 -0.00320446 0.00166718 0.000224324 0.000315327 0.000401594 -0.00674698 0.00081643 -0.00656424 -0.00610918 -0.00968716 -0.00140942 0.000354322 -0.00510828 0.0038408 0.00479663 -0.00364399 -0.000485391 -0.00140294 -0.00537568 -0.00893362 -0.00470073 0.000488202 0.000283567 -0.0015924 0.00178756 -0.00331593 9.68964e-05 -0.00126557 0.000885539 -0.00695998 -0.000765458 -0.0038389 0.00137761 -0.00734554 -0.00571517 -0.00548562 -9.02637e-05 -0.00629286 0.00192095 -0.00184841 -0.00732342 -0.00357564 0.000385244 -0.00163658 -0.00148201 0.00122008 -0.00125009 0.00254352 7.25534e-05 0.0101798 -0.00353072 0.00687769 0.00151906 0.00124969 -0.00506125 -0.000363448 0.000790098 -0.00655361 0.000990249 0.00353093 0.00559076 9.15968e-05 -0.000263405 -0.000808999 -0.00170722 0.00606811 0.000199946 -0.00176192 0.00185209 0.00107038 -0.00361456 -0.00292981 0.0018761 -0.00248888 -0.00113771 0.00289445 0.0026864 -0.00471795 -0.00205232 -0.00298033 -0.00219332 
-0.00900644 -0.00411813 -0.00286878 -0.00381023 0.000452442 -0.000957469 -0.00255807 -0.00103697 -0.00668182 -0.00397627 0.00518145 0.000430004 0.00645149 0.00220377 0.00277854 0.0120172 0.169016 0.00413584 0.00205356 -0.00562552 -0.00307416 0.00618345 -0.0062741 0.000480271 -0.00934122 0.00243797 -0.00489698 -0.00704891 -0.0159626 8.65343e-05 -0.00546565 -0.00295483 0.0160814 -0.00961612 -0.00228445 -0.00717636 -0.00120185 0.00588675 -0.000695406 -4.96152e-05 -0.00960848 -0.000876401 0.000223349 -0.00448205 -0.0053775 -0.00876061 -0.00203889 0.00192503 -0.00366794 -0.00298506 -0.0109246 0.000881714 -0.0140859 0.000991727 -0.00318107 -0.00171485 -0.00689759 -0.00427949 -0.00241608 -0.00873787 -0.0132492 -0.00196956 -0.000934751 -0.00667973 -0.00461198 0.00690577 0.00177112 -0.000553311 0.00229894 -0.000909733 -0.00165555 -0.00681634 -0.0107475 -0.0049168 -0.000515557 -0.00944438 0.00653412 -0.00134116 0.0145568 0.0135174 -0.0038487 0.00642308 0.00170959 -0.000953493 -0.000678929 -0.0090346 -0.00109691 0.00117295 -0.0013992 -0.00430754 -0.00167131 0.00745256 -0.0056639 -0.00074409 -0.00482449 0.0104187 -0.0100581 0.0136811 -0.0121038 0.00110679 
-0.00202471 -0.00537763 -0.0108532 -0.00133263 0.00152578 -0.00174926 0.000593605 -0.00663274 -0.000517412 -0.00657129 -0.00354285 -0.00912261 -0.00819857 -0.000417773 -0.000325512 0.00639593 0.00413584 0.139085 0.0175576 0.00457186 0.00163085 0.00447896 0.0041503 -0.00178523 -0.0104353 -0.00843912 -0.00188245 -0.00549871 -0.000436896 0.000246861 -0.00889842 -0.00443008 -0.00602417 0.0019721 0.00431414 -0.000608518 -0.00618169 -0.00142441 -0.00956909 -0.000965143 -0.00605458 -0.00413496 0.00218605 -0.00487656 -0.00394591 -0.00398482 -0.00483486 0.00425338 -0.00365506 0.00168694 0.00190532 0.0101693 0.0116096 -0.00526666 -0.00646858 -0.00249505 -0.00266135 -0.00377707 -0.0039892 -0.00245793 -0.00730035 -0.000490704 -0.00303372 -0.0136691 -0.00489918 -0.00346891 -0.00291785 -0.00113834 0.00319149 -0.00052603 0.00991743 -0.00202487 -0.000334477 -0.00339923 -0.00562241 0.00527157 0.00278313 0.000404499 0.00460333 0.00334365 -0.000688652 -0.00375017 -0.00234873 -0.00305295 0.00797227 -0.00181007 -0.00107013 -0.00514643 0.000894512 -0.00261641 -0.00263538 -0.00412489 0.000313325 -0.00111208 0.000652641 0.00608675 -0.000858147 -0.000908789 -0.000600825 -0.00650731 
-0.00724121 -0.0156201 -0.011134 -2.04252e-05 -0.00289127 0.00888377 0.00742573 0.00263103 -0.00169553 -0.00484465 0.00170534 0.00944791 -0.000128731 0.00200451 0.00193068 -0.000986532 0.00205356 0.0175576 0.137577 -0.00308089 -0.00174301 0.00643432 -0.0076673 -0.000540555 -0.00382013 -0.00312067 -0.0103459 -0.00826477 -0.000547785 -0.0125371 -0.000174947 0.00091055 -0.00329748 0.00135359 3.23996e-05 0.0036076 -0.000613629 0.0038061 -0.0027134 0.00560674 -0.00862439 -0.00582548 -0.00173744 -0.00223561 -0.0123739 -0.0100546 -0.00828779 -0.000743278 -0.00786055 0.000969988 -0.00645102 -0.00255062 -0.00142292 0.00505424 0.00187935 -0.00265363 -0.0066234 -0.000688231 0.00224264 0.000918978 -0.00108065 -0.000533996 0.00460296 0.00181719 -0.00274125 -0.0115851 -0.00150504 -0.00365725 0.00490485 -0.0067647 0.00554458 -0.0122184 -0.00372695 0.000205436 -0.00633039 -0.000173724 0.00107325 -0.00342353 0.00982631 -0.0125393 -0.00074828 -0.000622583 -0.000534283 -0.00807781 8.99602e-06 -0.0118308 -0.00178442 -0.00511666 -0.00474015 0.00288793 -0.000970327 0.0124509 0.00959744 -0.000837271 -0.00321337 0.00316976 -0.0064094 0.0119888 -0.000217087 0.000433299 
-0.0012817 0.00622963 0.0101827 -0.00441906 0.00194585 -0.00110783 0.00192399 0.00606253 -0.000190889 0.000303537 0.00922211 -0.0071923 -0.00977661 0.000154687 -0.00286455 -0.00320446 -0.00562552 0.00457186 -0.00308089 0.147345 0.00635979 -0.00572604 0.00436369 -0.000312327 -0.00557464 -0.00428739 0.00887612 -0.0032768 -0.0220287 -0.00181968 -0.00570789 0.00276057 -0.0128889 0.00388875 0.00489462 -0.00667556 -0.000725953 -0.00422766 -0.0068526 0.000802222 -0.00982478 -0.00473038 0.00682514 -0.000874877 -0.00155766 0.00439131 0.00458209 0.00657398 0.000986285 -0.003486 0.00433232 -0.00636343 -0.00368463 -0.00724582 -0.00103115 0.00263086 0.00766036 0.00317181 -0.0100166 -0.00461893 -0.0130606 -0.0021665 -0.00588307 -0.00761569 -0.00350074 0.0157003 -0.00207415 -0.000501967 -0.00400655 -0.0038134 -0.00549636 0.00141675 0.00364326 0.00164873 0.00435318 0.00477819 0.00492534 -0.00181964 -0.00709244 -0.0144185 -0.00128626 -0.013263 -0.00219096 -0.00259247 0.00134329 0.00579325 -0.00429442 -0.00282623 -0.00635506 -0.0067519 -0.00107469 3.31503e-05 -0.0101678 -0.00399911 -0.00411074 0.000496795 -0.00869669 0.0104787 0.000889479 -0.00520081 
0.000459209 0.000893196 0.000113345 -0.00409307 -0.00325169 -0.00234065 0.00102605 -0.00220032 -0.00165453 -0.00434896 -0.00711152 -0.00571946 -0.0036925 0.00223117 0.000700865 0.00166718 -0.00307416 0.00163085 -0.00174301 0.00635979 0.100562 -0.00317986 0.00732995 -1.77257e-05 -0.00332566 -0.00245523 0.00378967 -0.00427904 -0.00872097 0.00767114 -0.00475644 -0.00204031 -0.00589498 -0.005853 0.00566479 -0.000679434 -0.00536569 -0.0012204 -0.00129 -0.00107149 0.00251742 0.000134625 -0.00194903 0.00264451 -0.00128317 0.00242909 0.000715669 -0.000287922 -0.000886517 0.000250728 1.24677e-05 -0.00529128 -0.0035046 -0.000471441 -0.00146432 0.000362905 -0.00219459 0.00313717 -0.00105894 -0.00227251 -0.00412348 -0.000384128 0.00567153 0.00963969 0.000959927 0.0065956 0.00441053 -0.00111203 -0.00550817 -0.00019046 -0.00549905 -0.00239966 -0.00360965 -0.000738623 -0.00168687 -0.00251307 -0.00240523 -0.00314092 -0.00223677 -0.00658272 -0.00108679 -0.00192761 0.00209587 -0.00364181 -0.00545761 0.0022884 -0.00215443 0.00176836 -0.00734051 -0.00332108 -0.0015505 0.00399028 -0.00250177 0.0022483 -2.34674e-05 -0.00397973 -0.000428485 -0.00409579 -0.00500896 0.00272126 
-0.00131885 -0.0106793 -0.00916036 0.00408281 -8.21751e-05 0.00180048 0.000530272 0.00360791 -0.00110439 -0.000499896 -0.00510236 -0.001859 -0.000990656 -0.00148501 0.00285859 0.000224324 0.00618345 0.00447896 0.00643432 -0.00572604 -0.00317986 0.0966229 0.0012452 0.001433 0.00524231 -0.00155062 -0.00404848 -0.00192107 0.00199699 -0.00312082 -0.00178247 0.00133027 -0.0010589 -0.00514575 -0.00232822 -0.000722941 -0.00274774 -0.00136965 0.00207039 -0.00292774 -0.000944664 0.00191622 -0.00631157 -0.00259293 -0.00384255 -0.000388744 -0.00288837 -0.000735314 -0.00509342 0.0017758 -0.0039672 -0.00207331 0.00430181 -0.00210474 -0.00188058 -0.00713725 -0.00175034 6.08823e-05 -0.000569095 -0.00394333 -0.00239022 0.000949357 -0.00153518 0.00399043 -0.00103828 -0.00800309 -0.00252539 -0.00259842 0.00453078 -1.10098e-05 -0.000449815 -0.0011829 -0.0048441 -0.000767985 -0.00337323 -0.00194634 -0.00098899 0.00329532 0.00208222 -0.000592942 -0.000453169 -0.000830829 -0.0034912 0.000702458 0.00644189 -0.00968374 -0.00098398 -0.00359004 0.000298575 0.00595769 -0.00511583 0.00136255 0.00426503 -0.00187334 0.000883285 -0.00468265 6.58942e-05 0.00182688 -0.00134739 -0.00441344 
-0.00416365 0.00491097 0.000699725 0.00215443 0.00358056 -0.00307384 0.00497909 0.000551956 -0.00176649 0.00427871 -0.00795911 0.00197023 3.83737e-05 -0.00146779 0.00112972 0.000315327 -0.0062741 0.0041503 -0.0076673 0.00436369 0.00732995 0.0012452 0.14685 -0.00121263 -0.00434313 0.00666447 0.000782249 -0.00358798 -0.00912271 -0.00384911 -0.00789201 -0.0112276 -0.00438305 -0.00789409 -0.00158412 -0.00283864 -0.00115292 0.0016795 -0.00186957 0.000424629 -0.00422253 -0.00519189 -0.00241699 0.000328864 0.00567911 -0.00107688 0.00615723 -0.00376625 0.00418711 -0.00134164 -0.0022934 0.00472336 -0.00199641 -0.00207014 -0.00389454 -0.0136473 0.00850437 0.00242527 -0.00727025 -0.000673559 -0.00506048 -0.0022479 -0.00423648 -0.00552328 -0.0058198 0.00556662 -0.00110786 -0.00234525 -0.00122251 -0.00570715 0.00483267 -0.0130262 0.000698495 -0.00516785 -0.00356441 -0.00447951 -0.00138779 -0.00729269 -0.0111683 -0.00235573 -6.44005e-05 -0.00564812 -0.00753118 0.00297152 -0.00277144 0.00545565 -0.00347824 -0.00239263 -0.00404292 -0.00464045 0.00019825 0.00135926 -0.00415831 -0.000803674 0.000102579 -0.00658097 0.00991462 0.00551799 0.00113468 -0.000839887 
0.000222846 -0.00142098 -0.00166053 -0.00759922 0.00058946 -0.000111911 0.00488173 0.000316248 0.00591171 0.00191737 -0.0140508 0.00697826 -0.00102623 3.8435e-05 -0.00544527 0.000401594 0.000480271 -0.00178523 -0.000540555 -0.000312327 -1.77257e-05 0.001433 -0.00121263 0.119005 0.000354679 -0.00316954 -0.000828939 0.00215032 -0.0102375 -0.00245351 0.00387753 -0.0006662 -0.000754552 -0.00967723 -0.000597599 0.00397232 0.00335498 -0.000848608 0.00285678 -0.000702422 -0.00618479 -0.00133559 -0.0050928 -0.00349447 -0.00143528 -0.00522759 -0.00251911 -0.00588586 -0.00314538 0.000610796 -0.00402701 -0.00787529 0.000686593 -0.00467121 -0.00357608 -0.00395149 -0.00712287 -0.000316238 -0.00536622 -0.00906575 -0.0091028 -0.00050122 0.000490704 -0.00801538 0.00377957 -0.00293608 -0.000394874 -0.00134094 0.00495293 -0.0011445 -0.0101806 -0.00556634 0.00591943 -0.000650463 -0.000886941 -0.004531 0.00532797 0.00308725 -0.000987137 0.00303941 -0.000442927 0.000807104 -0.0020212 -0.00104212 -0.00424199 0.00150943 -0.000611841 0.00420299 0.00615239 -0.00383142 -0.000772277 -0.00319682 0.00574796 -0.00151049 0.00771072 -0.000125863 0.00103386 -0.00631081 0.00301071 -0.00105413 
0.000992245 0.00104377 -0.00669403 -0.000683985 -0.00387914 0.000617739 -0.0033125 0.00330259 -0.00789989 0.0064342 -0.000457075 0.00629513 -0.00288806 -0.000100162 -0.000757104 -0.00674698 -0.00934122 -0.0104353 -0.00382013 -0.00557464 -0.00332566 0.00524231 -0.00434313 0.000354679 0.141639 0.00891146 0.00791107 -0.000202213 0.0197193 0.0138266 0.0076006 -0.00171897 -0.00216043 -0.00149949 -0.00668407 -0.000326789 0.00713379 -0.00207847 0.00456002 0.0049648 0.00365647 -0.00437473 -0.00463784 -0.00302518 -0.00969479 -0.00234065 -0.00427192 -0.010596 -0.000517595 0.000286005 -0.000459696 -0.0044389 -0.000823021 -0.00465086 -0.00299102 -0.00210868 0.0127498 -0.00176625 -0.00127822 0.00835239 -0.000391593 0.000251358 0.00120087 -0.000906415 -0.00429149 -0.0118461 -0.00100862 -0.00305572 -0.00929746 -0.000491104 -0.00448707 -0.00612966 -0.00387137 -0.00311594 -0.00433439 0.00155086 -0.0108859 0.00134376 -0.00638427 -0.0129724 0.00156356 -0.00102066 -0.00743793 0.0114141 0.00165629 -0.00159455 0.0031651 -0.00428693 -0.0095901 -0.00391356 -0.000896068 -0.00360156 -0.00821225 -8.35241e-05 -0.000756008 0.00132762 -0.00107713 -0.0015452 -0.00569904 -0.0129785 
-0.00211252 -0.00135923 -0.000952069 -0.00275506 -0.00155298 0.00352563 -5.08177e-05 -0.000503298 -0.00173096 0.00651092 0.00617963 -0.00345311 0.00887295 -0.00215356 -0.00334517 0.00081643 0.00243797 -0.00843912 -0.00312067 -0.00428739 -0.00245523 -0.00155062 0.00666447 -0.00316954 0.00891146 0.119371 -0.00272886 -0.002265 0.000313039 0.00439242 -0.00871268 -0.00197218 0.00832586 -0.00309601 -0.00366436 0.000995609 0.00211194 0.00251157 0.0160778 0.00447014 0.00363826 -0.00069271 0.0046172 -0.000843644 -0.00850151 0.00120794 0.00239869 -0.00197703 -0.0027879 -0.00450356 -0.00340472 0.00756635 -0.0108047 0.00107783 -0.00319822 0.00295255 0.00226697 -0.00219892 -0.000787654 0.00148264 -0.00966723 -0.000923024 -0.000296706 -0.00500376 0.00455822 0.00176262 -0.00339124 0.00355108 -0.00723069 0.00314515 -0.0110472 -0.00617074 -0.0068677 -0.000527081 -0.00136281 -0.00591073 -0.00681581 -0.000356029 -0.00224373 -0.0092702 -0.00124704 0.00310641 0.00102763 -0.000302461 -0.0166337 -0.00961181 7.78005e-05 -0.00100609 -0.00791632 -0.00267673 0.000901539 0.00067716 -0.00752537 -0.0046069 0.00168735 -0.0033698 1.83587e-05 0.00648288 -0.00946516 -0.010116 
-0.00310669 -0.00077343 -0.00666599 -0.00686075 0.00165473 -0.00264782 -0.003283 -0.00710652 -0.00470299 0.00610256 0.00484872 0.00230985 -0.00362183 -0.000345076 -0.00190487 -0.00656424 -0.00489698 -0.00188245 -0.0103459 0.00887612 0.00378967 -0.00404848 0.000782249 -0.000828939 0.00791107 -0.00272886 0.135365 0.00352508 -0.00533419 -3.55855e-05 0.00729807 0.0101811 0.000117756 -0.0168569 -0.00544364 -0.00390342 0.00205384 -0.00863677 0.00245187 0.003243 -0.00472976 -0.00433716 0.00895557 -0.00402804 -0.000375425 -0.00136888 0.00374416 -0.00564244 0.0014195 0.000867656 0.00151737 -0.00634807 0.00776498 0.0115413 -0.00172814 -0.00379083 0.00687605 -0.00221627 -0.00217255 -0.00620409 -0.00341193 0.000778175 -0.000256326 -0.00710801 -0.00670861 -0.0107388 -0.00266123 -0.00192836 -0.00579893 0.00334316 0.00823269 -0.0102578 0.000946423 0.000458113 0.00180475 -0.00402646 0.00735009 -0.00527905 0.00386036 0.00318118 -0.000311656 -0.00530802 -0.00395128 -0.00104877 -0.000945934 0.0168014 0.000764176 -0.00101428 -0.00641723 -0.00304757 0.00198352 -0.00918578 -0.0114971 0.00352224 -0.00320697 -0.00212683 -0.00777738 -0.0135188 -0.00566673 -0.00755639 
0.0056007 0.00114374 0.00545313 0.00459415 -0.000573658 0.000775791 -0.00604791 0.00267653 0.00230033 -0.00776086 -0.00220456 -0.00415384 -0.00115467 -0.00137683 -0.00273039 -0.00610918 -0.00704891 -0.00549871 -0.00826477 -0.0032768 -0.00427904 -0.00192107 -0.00358798 0.00215032 -0.000202213 -0.002265 0.00352508 0.103972 0.0035918 0.000108572 0.00851316 0.00605799 -0.00209316 0.0023015 -0.00420244 -0.000693914 -0.00109109 -0.000607849 0.0014463 -0.00194125 -0.00134163 -0.00482329 -0.00471332 -0.00402748 -0.000682252 -0.00136738 -0.000109575 -0.00719615 -0.000688997 -0.003015 -0.00136734 -0.00281105 -0.00169533 -0.00862857 0.00763225 -1.37019e-05 -0.00440461 -0.00401763 0.00117824 -0.00129363 -0.00835531 -0.00016383 -0.00240384 -0.00722779 0.00480966 -0.00222901 0.00572019 -0.00133244 -0.00171284 0.00119482 0.00139983 -0.00101549 -0.00115543 0.000775232 -0.000504449 -0.00318593 -0.00373184 -0.00420385 -0.00283373 0.00212224 0.00140227 -0.00265212 -0.00157202 0.00545459 -0.00223103 0.00177086 -0.000664876 -0.00358974 -0.00251026 0.00211167 -0.00226277 -0.00494417 -0.000919519 -0.000442826 0.000387068 -0.00265986 0.00823224 -0.0104091 0.00435985 0.00343453 
0.00302887 -0.0134587 -0.0116075 0.00543144 -0.00999934 -0.00183094 -0.0075507 -0.0071551 -0.000453963 -0.00047875 0.0052522 -0.00355318 -0.000777418 -0.00474313 0.00450623 -0.00968716 -0.0159626 -0.000436896 -0.000547785 -0.0220287 -0.00872097 0.00199699 -0.00912271 -0.0102375 0.0197193 0.000313039 -0.00533419 0.0035918 0.205875 0.0182335 0.0271039 0.0059661 0.00460368 0.00403648 -0.0118439 0.000938869 -0.00246801 0.00160239 -0.00458676 -0.0104243 0.00795416 -0.0064614 -0.0061493 -0.00810437 -0.00359389 0.000352659 -0.0101475 0.00482182 -0.00772388 0.00412552 -0.00716341 0.00328048 0.00701978 -0.00328269 -0.0097725 -0.0022503 -0.00595934 -0.00403464 -0.00107955 -0.0046435 0.00627079 0.0015701 -0.00594729 -0.0106985 -0.00770114 -0.00874884 -0.0109657 -0.0012371 -0.0123833 0.00749965 -0.00563617 -0.0128876 -0.00773359 -0.00636091 -0.003603 0.0106317 -0.00487356 -0.00408644 -0.00499232 0.00866276 -0.00080747 -0.00895313 -0.00351318 0.0152662 0.0065286 -0.00513052 0.00113395 -0.00751099 0.0143189 0.00105047 -0.00415877 -0.00403724 0.00469222 -0.00570386 0.00842051 0.00638134 -0.00690491 -0.0132739 0.00672409 -0.0176794 
-0.00814214 -0.00702692 6.48965e-05 0.00418223 0.00231185 -0.00536757 -0.00406783 -0.0017445 -0.00250922 0.00129179 -0.00569138 -0.00651947 0.00140105 -0.00113509 -0.00236318 -0.00140942 8.65343e-05 0.000246861 -0.0125371 -0.00181968 0.00767114 -0.00312082 -0.00384911 -0.00245351 0.0138266 0.00439242 -3.55855e-05 0.000108572 0.0182335 0.124129 0.00353125 0.00508209 -0.00414894 -0.000393001 -0.0014846 -0.00177779 -0.00537985 0.00342005 0.00461923 0.0030886 0.00364063 -0.00600743 -0.00532843 0.00280793 -0.00212028 0.00433171 0.00125339 0.00146759 0.00278433 -0.000373003 0.000597267 0.000635585 -0.00631887 -0.00646503 0.00026599 0.00165214 0.00232098 0.00281966 -0.00460112 0.00197748 -0.00635306 -0.000888855 -0.00298764 -0.0049179 -0.00786782 0.00126953 -0.00144408 -0.00232366 -0.00527903 0.00138219 -0.0121196 -0.00231571 -0.0058652 -0.00537162 -0.00246011 -0.000334077 0.00281889 -0.00167093 -0.00191041 -0.0136895 -0.000515818 -0.00711262 -0.00485023 0.00624982 -0.00845617 -0.00322263 0.00126746 0.00111289 0.00565431 -0.00469035 -0.000765862 -0.00424184 0.00160277 -0.000242433 0.00576324 0.00349713 -0.0048065 -0.015259 -0.00438221 -0.00432524 
-0.00153165 0.00164014 -0.00425714 0.00202573 -0.00257598 -0.00027354 -0.000830854 -0.00756541 -0.00147274 -0.00706703 -0.00717541 0.00959484 0.00605628 -0.000741429 -0.00408078 0.000354322 -0.00546565 -0.00889842 -0.000174947 -0.00570789 -0.00475644 -0.00178247 -0.00789201 0.00387753 0.0076006 -0.00871268 0.00729807 0.00851316 0.0271039 0.00353125 0.147723 0.00636097 -0.00343966 0.00155957 -0.00183558 0.000378769 -0.0027694 -0.0096247 -0.0107085 -0.0124998 -0.0052318 -0.00575255 -0.00472469 -0.000393026 0.00111914 0.00199108 -0.00694005 -0.00208904 -0.00159331 0.0013696 0.000822838 -0.00744717 -0.00101813 0.006893 -0.00339356 0.00298962 -0.00771344 -0.00494176 -0.00637564 -0.011591 -0.000772956 -0.00193009 0.000568488 -0.00685097 -0.00699274 -0.00649 0.000700419 -0.00181223 -0.00339213 0.00366587 0.00802938 -0.0104158 -0.0010379 -0.00283613 -0.00625295 0.000910818 -0.00270419 -0.0065529 0.00374592 -0.00184486 0.000517787 -0.00334242 -0.00483759 -0.00209521 0.00718053 -0.00589937 -0.00130762 -0.00081599 0.011341 0.00315692 0.00515161 -0.000874044 -0.00200603 -0.00206768 0.012897 0.000547434 -0.0128631 -0.00557431 -0.00130369 -0.0132984 
0.00285483 0.000806803 -0.00474597 -0.00652717 0.0046197 0.00599565 -0.00236824 -0.00415181 -0.00534562 -0.00717861 0.0157344 -0.0034058 -0.00612127 -0.00220985 -0.00479561 -0.00510828 -0.00295483 -0.00443008 0.00091055 0.00276057 -0.00204031 0.00133027 -0.0112276 -0.0006662 -0.00171897 -0.00197218 0.0101811 0.00605799 0.0059661 0.00508209 0.00636097 0.13456 0.00977667 0.00228476 -0.000280344 0.00579827 -0.00738241 -0.000659507 -0.000216959 -0.00242764 -0.0075919 -0.00475376 -0.00270442 0.00232972 -0.000144375 -0.00623435 -0.00205495 -0.000946461 -0.00670721 -0.00347612 -0.00044897 -0.00427402 -0.00457337 0.00046472 0.00240568 -0.00407966 0.00121608 -9.42989e-05 -0.00263925 -0.0105191 -0.00720215 0.00145409 -0.00209853 -0.00257773 -0.00235047 -0.014931 -0.00687043 0.000607757 0.00213027 -0.00365724 -0.0104357 -0.0012225 -0.00650239 -0.00155569 -0.00256273 -0.000100492 0.00695691 -0.00739084 -0.0057682 -0.00535588 -0.00244115 -0.00760939 0.00209453 0.00316145 -0.00379173 -0.00453007 0.000978765 -0.00487986 -0.00287027 -0.000261616 0.0035168 -0.0057663 -0.00174254 0.000185547 0.00214445 0.0122162 -0.00359366 -0.000963836 0.00230105 0.00296524 
0.00713479 0.0085349 -0.00894698 -0.00534167 -0.00503902 -0.00515145 -0.00486096 -0.0045858 -0.00399526 -0.00787031 0.0156556 0.00370991 0.00672532 -0.00461469 0.000683459 0.0038408 0.0160814 -0.00602417 -0.00329748 -0.0128889 -0.00589498 -0.0010589 -0.00438305 -0.000754552 -0.00216043 0.00832586 0.000117756 -0.00209316 0.00460368 -0.00414894 -0.00343966 0.00977667 0.141976 0.00338838 -0.00479144 0.0035857 0.00562503 0.00423956 0.00562546 -0.010114 0.00169795 -0.000601322 -0.00275408 0.001357 -0.00385297 -0.00859926 -0.00495856 -0.000745957 -0.00804415 -0.00824281 -0.00624567 -0.0040222 -0.00942895 0.00590465 -0.0105219 -0.00161408 0.00381471 -0.00431333 -0.00241482 -0.00216035 0.00284455 0.000102566 0.000173741 0.0102242 0.00514502 -0.0014437 -0.00382829 -0.000813823 -0.00123663 -0.00515052 -0.00724326 -0.00398574 -0.00822104 -0.0059627 -0.00276182 -0.0053705 -0.00954914 -0.00128277 -0.00489437 0.00310886 -0.00198674 0.00519876 -0.00183594 0.00261277 -0.00737757 -0.00609116 -0.000643376 -0.00311436 -0.006182 0.00405343 -4.24535e-05 -0.00668209 -0.00462857 0.000104879 -0.00816257 0.00701538 -0.00664312 0.00950756 -0.00495448 -0.0024316 
0.00946869 0.0136177 0.0195975 -0.00452681 -0.00683487 -0.000681511 -0.00906856 0.00484086 -0.00102107 -0.0158185 0.00491325 -0.00850833 -0.00649686 -0.00358275 -0.00257804 0.00479663 -0.00961612 0.0019721 0.00135359 0.00388875 -0.005853 -0.00514575 -0.00789409 -0.00967723 -0.00149949 -0.00309601 -0.0168569 0.0023015 0.00403648 -0.000393001 0.00155957 0.00228476 0.00338838 0.155943 0.00110993 -0.0011025 -0.00135733 0.00407607 0.00311394 -0.0041587 -0.00170244 -0.00914567 -0.007809 0.00675228 -0.00137371 -0.0120995 -0.00313976 0.00195119 -0.00632588 -0.00370257 -0.00114316 -0.00188613 -0.013709 0.00246889 0.00115136 0.00212621 -0.00811062 -0.00809759 -0.00103023 -0.00580676 0.00112878 0.00190262 -0.00343366 -0.0080909 0.00753144 -0.00225495 -0.00356827 -0.00194522 0.00281262 -0.00499671 -0.00265282 3.36688e-05 -0.00801065 -0.00222515 -0.00684047 0.00884241 -0.00841778 -0.00408826 -0.00509856 0.00394124 -0.000322333 -0.00686764 0.00154077 0.00629076 -0.00247612 -0.00153534 -0.00205247 -0.00655582 0.0056941 -0.00240495 -0.00752045 0.0015442 0.00661082 -0.006261 -0.00412604 0.00470137 0.00306804 -0.00443 0.00868562 -0.0040163 
