0.108947 -0.00148613 0.00106227 0.00294599 0.00134556 -0.00101902 -0.00167718 -0.00424427 -0.00232136 -0.00747495 -0.00450118 -0.00166299 -0.00645761 -0.00486745 0.0020289 0.00156886 0.00126086 -0.000384848 0.00046125 -0.00295078 -0.00486283 0.0118659 0.000850168 -0.00193358 -0.00827394 -0.00157894 0.00723842 -0.00214416 0.00276706 -0.000258316 -0.00409158 -0.00327013 0.00987062 -0.00105577 0.00328523 -0.00558562 0.00728533 -0.00564941 -0.000915515 -0.00835817 -0.00888583 -6.72691e-05 0.000135228 -0.000744136 -0.00503127 -0.0018083 -0.00136045 -6.66751e-05 -0.00134599 -0.00280912 -0.00273153 0.00055605 -0.000632416 -0.0016983 -0.00155419 0.000469543 -0.00471448 -0.00210392 0.00113165 -0.00681304 -0.00523453 0.00270569 -0.000481701 0.00363344 0.0043922 -0.00161051 0.00505116 0.00136949 -0.00330213 0.00233143 0.000528632 0.000362286 0.000111324 -0.00559444 -0.00349352 0.00300609 0.000239003 -8.381e-05 -0.00496061 0.000704742 7.27764e-05 -0.00793806 0.000653376 -0.00488514 0.00342261 -0.00377593 -0.00159408 -0.00126143 -0.00857252 0.000862662 -0.00301642 -0.00452167 -0.000229748 -0.00430775 -0.00397304 -0.00123372 0.00240977 0.00405761 -0.00124994 -0.000277224 
-0.00148613 0.126803 2.04449e-05 -0.00520641 0.00758695 -0.000844473 -0.00166269 -0.00620349 -0.00320278 -0.00637091 0.00397358 -0.00272014 -0.000209796 -0.00197353 -0.00501389 0.00448662 -0.00541646 0.00160076 0.00305652 0.0137739 -0.00366242 0.00678782 -0.0019522 0.00561985 -0.00117676 -0.00311831 -0.000865644 -0.00201266 -0.00843017 -0.000111423 0.0042036 -0.00876477 -0.00445096 0.000441431 -0.00709869 0.000277443 -0.00120414 0.00324584 -0.00649108 0.00664825 -0.00945654 -0.00421141 -0.00162447 0.00167786 0.00975046 -0.000371433 0.00828604 -0.000273656 0.00898999 0.0029655 0.000592645 -0.0055449 -0.00398921 -0.00154379 0.00302357 -0.000868794 0.00221887 0.00316475 0.00245211 -0.00180658 0.00788502 -0.00863725 -0.015582 -0.0036873 -0.00469248 -0.0117117 -0.00544661 -8.90537e-05 -0.00506361 0.000283795 0.000473602 -0.00532023 0.0041047 0.000568962 -0.00338261 -0.00492979 -0.00465776 -0.00126964 -0.00825455 -0.0068362 -0.00151472 0.000523014 -0.00149498 0.00267095 -0.00291689 0.00223939 -0.00109747 -0.00057835 0.00422493 0.000581223 0.0004999 -0.01161 -0.00117366 -0.0035081 -0.00552571 -0.00277417 -0.0123526 0.00176418 -0.00361931 -0.000400479 
0.00106227 2.04449e-05 0.0954117 0.00747795 0.00558216 -0.000301287 -0.00365864 0.00520416 0.00198533 -0.000552568 -0.00127673 -0.00164806 -0.00345128 -0.000156015 -0.00017594 -0.0056333 0.0004417 -0.0027165 -0.0032299 0.000353823 -0.00159746 -0.00129469 -0.00468123 -0.00642858 0.00825358 -0.00768049 -0.00271395 0.00160696 0.0107117 0.00154044 0.00589985 -0.00506157 0.00323606 -0.000502401 -0.00584564 0.00112678 0.00140802 -0.00482698 -0.000675779 -0.0109013 0.000280798 0.00785728 -0.00340527 -0.000615417 -0.000831893 0.000806024 -0.00472329 -0.000224907 -0.00121102 0.00148806 0.00312428 -0.000950472 -0.00138065 -0.00246435 2.09811e-05 0.000168401 -0.00487231 0.000610251 -0.00812295 -0.00443614 -0.00772379 -0.00148354 -0.00414539 -0.00203773 -0.00225951 -0.00747446 -0.00325833 -0.00200959 -0.00347774 -0.00301687 -0.00141447 0.00717657 -0.00172375 -0.00379914 0.000456773 -0.0060166 -0.00186686 0.000692643 0.00137801 0.00175013 -0.00163934 -0.000462171 0.00518164 -0.00120825 -0.00156351 -0.000779851 0.00314756 -0.00135408 -0.00326223 0.0014369 -0.000443278 -0.00513574 -0.00729346 0.000937641 0.00175139 -0.000449598 -0.00258208 -0.00215341 -0.00213777 0.000833231 
0.00294599 -0.00520641 0.00747795 0.10017 -0.00166857 0.00111648 -0.00736802 -0.0012088 0.00239984 0.0054528 -0.00884909 -0.000437003 -0.00945431 -0.000143131 -0.00678492 -0.00457767 0.00542011 -0.00928333 -0.00328675 0.00399338 -0.0013341 0.00473989 0.000537331 -0.00505554 0.0105272 -0.00482423 -0.00828947 0.00371246 0.00527947 0.00965695 -0.00146623 -0.00369083 0.0103509 0.00240286 -0.0111148 -0.00145848 -0.002158 -0.00248843 -0.00508563 -0.0124241 0.00274872 -0.00375676 -0.00281943 -0.000239911 0.00165762 -0.00102837 0.00152996 0.00128636 -0.00295397 -0.00563479 0.000510906 0.00341681 3.09712e-05 -0.0137507 -0.000662902 -0.000867103 -0.00534792 -0.00590975 -0.000180919 -0.0080321 -0.00132508 -0.0061148 -0.00382874 0.00399769 0.00226488 -0.00635712 0.00151223 -0.00458086 8.93896e-05 0.00149441 -0.00101189 0.00390763 -0.00207937 -0.000291477 0.00689611 -0.00285246 0.00181615 0.00184403 -0.00196377 0.00894665 -0.00200331 -0.00504934 0.00854608 6.43179e-05 -0.00199572 -0.000919249 0.000444271 0.000567761 -0.00445256 -0.0025274 0.00135371 -0.00210917 -0.00449087 0.000146456 -0.00627369 -2.76823e-05 -0.00252769 0.0010296 -0.002739 0.00207722 
0.00134556 0.00758695 0.00558216 -0.00166857 0.132417 0.0013022 -0.00230483 -0.00117077 0.0211657 -0.0113083 -0.00415989 0.00195871 -0.00213739 -0.00249745 0.000148151 -0.000332312 -0.00131595 -0.00521621 -0.00141392 -0.00666668 -0.00507479 0.0109326 0.000887448 -0.00587592 -0.00506663 -0.00419637 -0.000838253 -0.00379679 -0.00101978 0.00164665 -0.00276756 -0.00520379 -0.000632845 0.0013478 0.00449343 -0.0059582 0.00505444 -0.00319011 -0.00564468 -0.00539599 -0.00463194 -0.00177833 0.00114224 0.00269385 -0.00657696 -0.00302312 -0.00243011 -0.000723689 -0.000467288 -0.00379249 -0.00205137 -0.00400109 -0.00102752 -0.00871293 -0.000570895 0.000722339 -0.00417532 0.000438551 -0.00133415 -0.000719286 -0.00206327 -0.00343174 -0.00761678 -0.00779489 -0.00702828 -0.00917163 -0.00794718 -0.00773631 0.00280738 0.00821456 -0.00404695 0.00379492 0.00443377 -0.00292441 -0.00644998 -0.00536788 -0.00297984 -0.00337812 -0.00245105 -0.0103844 0.000434797 -0.00642569 -0.00182704 -0.00372923 0.0022897 0.00123342 -0.00101293 0.00539058 0.00828568 0.00416826 -0.0044143 -0.0015999 -0.000602196 0.000787917 0.00458469 0.00596695 0.000351489 -0.00339707 0.00265868 -0.00161745 
-0.00101902 -0.000844473 -0.000301287 0.00111648 0.0013022 0.0701348 -0.000994894 0.00144639 0.00197093 0.00207125 -0.00014844 -0.000346079 -0.00453992 -0.00169499 -0.00142278 0.000214894 -0.00279237 -0.00396561 -0.00360913 -0.00639991 0.00116193 -0.00254766 -0.00130642 -0.000913129 -0.00534582 -0.00372436 -0.00192611 0.00430217 0.00391034 -0.00247784 0.00390437 -0.00424033 0.0028688 0.000752008 -0.00250677 0.000391889 -0.00703478 -0.00229623 0.000323501 0.00433104 -0.00319562 0.005099 -0.00210314 0.00329984 0.00237651 0.000303933 0.000251899 -0.00017942 0.00189377 0.00107788 -0.00011703 0.0051112 -0.00207738 -0.00265524 0.00116037 0.00233111 -0.00468056 -0.00349006 -0.00321811 -0.00594649 -0.00241734 -0.00160772 -0.00463345 0.00601479 0.000329862 -0.00631605 -0.00310034 -0.000255935 0.00067384 -0.00576924 -0.00150956 -0.00085869 -0.000434856 -0.000764352 -0.00471881 -0.0055199 0.000222253 -0.000490247 -0.00277633 0.00227503 -1.55254e-05 -0.00390873 0.00250756 0.00397615 0.000579183 0.00319048 -0.000619894 -0.0025751 0.00526678 -0.00164589 -0.00414019 -0.00480938 -0.00545168 0.000922878 -0.000810972 -0.00185959 -0.0022931 0.00573458 0.00100494 0.00355752 
-0.00167718 -0.00166269 -0.00365864 -0.00736802 -0.00230483 -0.000994894 0.136038 0.00191559 -0.00566643 -0.00198481 -0.00827335 0.00724539 0.00181731 -0.00365842 0.0138728 -0.00972408 -0.00767005 0.000527648 -0.00624968 0.00828299 -0.00554193 0.00148845 -0.00267366 0.00399515 -0.00346385 0.00216971 0.00733432 0.00457846 -0.00666878 -0.00434222 -0.00295233 -0.0100149 -0.0204559 -0.00686936 0.00992914 -0.00530393 -0.00614495 -0.00212163 0.00355673 -0.000479446 -0.00287014 -0.00137771 -0.00815514 -0.00146156 -0.00171054 0.00307276 -0.000835357 -0.00288362 0.00600465 -0.00372076 0.00056262 -0.000489106 0.00021045 0.0194105 0.000887633 0.000700015 0.00495405 -0.00196399 -0.004923 0.000588331 -0.00020019 -0.0113738 0.00047249 -0.00134569 -0.00168082 0.000376771 -0.000901939 -0.00573221 0.000719109 0.0101559 0.0024867 -0.00156718 -0.00340006 -0.0071184 -0.00327502 0.0181074 -0.00312106 0.00119574 -0.00158506 -0.00226009 0.00244326 0.00210192 -0.00725601 -0.00196625 -0.00387766 0.000137026 -0.00407755 0.000593198 -0.00750909 -0.00485403 0.000730105 -0.00388632 -0.00993837 -0.00389334 0.000722941 -0.00573798 -0.00384557 -0.0017233 -0.00867142 -0.000269635 
-0.00424427 -0.00620349 0.00520416 -0.0012088 -0.00117077 0.00144639 0.00191559 0.116443 0.00648584 0.0130076 0.00217776 0.00250989 -0.00122752 0.00345886 -0.00393696 -0.0100595 -0.000574979 0.00078635 -0.00628012 -0.0208186 -0.00145155 -0.00598944 0.00161305 -0.0043686 -0.0115978 0.00076448 -0.00215684 -0.00204757 0.000462879 -0.00600165 -0.00263972 0.00397375 0.00173001 -0.00634811 -0.00873623 0.00853605 -0.00984515 -0.00208517 0.00845512 -0.0107025 -0.00079133 0.00181441 -0.00188271 -0.00116025 -0.00709309 -0.00124636 -0.00246803 -0.000342552 -0.0059081 -0.000568602 -0.00320151 -0.00686509 -0.00385894 0.00571322 -0.000336898 -0.00341794 -0.00620446 -0.0036763 0.005658 -0.00359076 -0.0010903 0.00332227 0.00177622 -0.0018749 -0.00439493 -0.0043888 0.000230713 -0.00634953 0.00113208 -0.00351192 0.00193598 0.00228143 0.0075637 -0.00203104 0.00317827 -0.0178305 0.000281168 -0.00602977 -0.00134176 -0.00904417 -0.00246707 -0.00190234 -0.00339904 5.5962e-05 0.00273059 -0.00541671 0.00301058 -0.00104166 0.00203097 -0.000218553 -0.000623225 0.000560841 0.0101726 0.00491358 0.00985363 0.000407696 0.00724332 0.00392936 -0.000424416 -0.00307846 
-0.00232136 -0.00320278 0.00198533 0.00239984 0.0211657 0.00197093 -0.00566643 0.00648584 0.152605 0.00666107 -0.000851964 -0.00247457 0.00564061 0.00270265 -0.00435942 -0.0117576 -0.00151411 -0.00738968 -0.00320574 -0.000897792 -0.00551875 2.75896e-05 -0.00318594 0.00199251 0.00545845 -0.00371687 -0.00552389 -0.00118588 2.87839e-05 0.00183206 -0.00687328 0.00996225 0.00543169 -0.00240202 -0.00896587 -0.00700156 0.00238353 -0.00725252 0.000299139 0.00334462 -0.0117117 -0.00515965 0.00575288 0.00199361 -0.00842991 -0.00280869 -0.00271323 -0.00182344 -0.00773739 -0.00324364 -0.00406 0.00940516 -0.00826012 -0.0113136 -0.00374583 -0.00404641 -0.00111286 -0.00738049 0.00335332 -0.00453446 0.00957643 0.0120604 0.00337041 0.00275742 -0.00783144 -0.00931343 -0.00246065 -0.00248967 -0.0019719 0.0019472 -0.000927889 -0.00322469 -0.00243288 -0.0052659 -0.0108739 -0.00488719 -0.00848975 -0.00286721 -0.00394488 -0.00981772 -0.0019765 -0.0102768 -7.90074e-05 -0.00635982 0.000635168 0.00310171 0.00909913 0.00312309 0.00794056 0.00115029 -0.011484 -0.00287821 -0.00748045 0.004888 -0.00306094 0.000124336 0.00225411 -0.00727741 -0.00228094 -0.00160795 
-0.00747495 -0.00637091 -0.000552568 0.0054528 -0.0113083 0.00207125 -0.00198481 0.0130076 0.00666107 0.142074 0.00208268 0.00311413 -0.00196316 0.00852508 -0.00203478 -0.00539617 -0.00447055 -0.00622163 -0.00584311 0.00664061 0.000277199 -0.0142445 -0.00536095 0.00160291 0.00113503 -0.00178063 -0.0127361 0.00283433 0.00213068 0.000263251 0.0100387 0.0057022 -0.000604239 -0.0134018 -0.0205364 -0.00456486 0.000195216 -0.00429595 -0.00612555 -0.0104761 0.00541688 5.00287e-05 0.000452558 -0.00464751 0.00634429 -0.000396689 -0.00296046 -0.000556972 -0.0066149 -0.00447814 -0.00233337 -0.00165625 -0.00640082 -0.00765701 -0.00278249 -0.000988772 0.00375275 -0.0076991 0.00843386 -0.00585216 -0.00376992 -0.00247974 0.0012981 0.00345388 -0.00309051 -0.0107637 0.00338922 -0.00235672 0.000216327 -0.00376644 0.000718321 0.00636741 0.000885198 -0.00179112 0.000632889 0.00386775 -0.00157579 -0.00460312 0.00493432 -0.00444111 -0.00151572 0.00346943 0.00698341 -0.00099702 -0.010462 -0.00154388 0.00446716 -0.00222241 0.000223464 0.000615082 -0.00391713 -0.00237223 -0.00252889 0.00457724 0.000929017 -0.0048696 -0.00340065 -0.00136769 -0.00773064 -0.000948363 
-0.00450118 0.00397358 -0.00127673 -0.00884909 -0.00415989 -0.00014844 -0.00827335 0.00217776 -0.000851964 0.00208268 0.155437 0.000177655 -0.00366313 0.00268008 0.00104996 0.00768004 0.00106008 -0.00165331 -0.00140745 -0.0201777 0.0140265 -0.000452295 -0.00417047 -0.0034758 -0.00262407 -0.00965486 -0.00493644 -0.0103986 -0.00247303 -0.00852188 -0.00720362 0.00896187 0.00155747 -0.000235729 -0.00395739 0.0086788 -0.0111205 -0.00584156 -0.00270685 0.0154161 2.91263e-05 0.00423148 0.00259338 0.00206945 -0.00284034 -0.000787263 0.00189775 -0.00139955 -0.00219902 -0.00116077 0.000125899 -0.00483547 0.00216148 0.00745722 -0.000698959 -0.0010251 0.0124413 -0.00484941 0.00151538 0.000373708 -0.00975593 -0.00209156 -0.0122106 -0.000172231 -0.00422925 -0.0177809 -0.0050111 0.00473939 -0.00074965 -0.00450859 0.00176337 -0.00112325 0.00986145 0.00330969 0.00012832 0.00423421 0.00126632 -0.0031763 0.00584467 0.00691634 -0.00151433 0.0119981 0.000583827 -0.00211127 0.00078929 -0.00718917 -0.00479851 -0.00163948 0.00249535 0.00123156 -0.0106919 -0.0265948 -0.000235508 -0.00861273 -0.0160135 -0.00437957 -0.00962658 -0.00904606 0.00340514 -0.00262831 
-0.00166299 -0.00272014 -0.00164806 -0.000437003 0.00195871 -0.000346079 0.00724539 0.00250989 -0.00247457 0.00311413 0.000177655 0.0929784 -0.00198612 -0.00391289 0.00173121 -0.00607848 -0.000647237 -0.00643496 -0.00423418 -0.000886755 -0.00186152 -0.00165018 8.08809e-05 -0.00379131 0.00202285 0.00450395 -0.00518049 -0.00182136 0.00272101 2.18622e-05 0.000191439 0.00140458 -0.00539398 -0.00474958 -0.012525 0.00281098 0.00113261 9.57772e-05 0.00446036 -0.00807562 0.00187552 -0.001262 -0.00119312 -0.000267844 0.000936638 -0.00106977 0.00114853 0.0014219 -0.000233489 0.00358142 -0.00496007 -0.00049548 0.000700144 -0.00226867 0.0030452 0.000275186 -0.00244428 -0.000687969 0.00272502 -0.00502823 -0.00365073 -0.00606101 -0.00300419 -0.00417259 0.00130457 -0.00104896 -1.35946e-05 -0.00354203 0.000545713 -0.00180948 -0.00275995 0.00308795 0.00418866 -0.00175327 -0.000945968 0.00399701 -0.0027956 -0.00147938 -0.00288936 -0.00734709 -0.000372671 0.00365396 -0.00220412 0.00187459 -0.00287674 -0.00469244 0.00271256 -0.00514877 -0.00387727 -0.00267995 -0.00261696 -0.000327598 -0.000845209 0.00633119 0.00156681 -0.00313696 -0.00200465 0.000250444 -0.00330072 0.00140206 
-0.00645761 -0.000209796 -0.00345128 -0.00945431 -0.00213739 -0.00453992 0.00181731 -0.00122752 0.00564061 -0.00196316 -0.00366313 -0.00198612 0.109966 0.00232362 0.0013859 -0.00254836 -0.00293718 0.00152555 0.00623807 0.00224177 -0.00174643 -0.00106276 0.000233298 0.0073511 0.00642706 -0.00103 -0.00588675 -0.00496099 -0.000860141 -0.00517779 -0.00447711 0.00346573 -0.00500756 -0.00558793 0.00919764 -0.00204356 0.00187429 0.00329883 -0.000837092 0.00988112 0.00205776 0.00120425 0.000970044 0.000421635 0.00357015 -0.000677687 -0.000892016 -0.00127111 0.00400449 -0.0022421 -0.00184868 -0.000153341 -0.00165703 -0.0031754 -0.00219492 -0.00110206 -0.00388896 -0.000846644 -0.00506901 0.00253072 0.000133416 -0.00694867 0.000115621 -0.00433354 -0.00268672 -0.0062019 0.000499806 -0.00163879 -0.00110059 -0.00256125 -0.00107472 -0.00134933 -0.00124203 -0.00232165 -0.00561022 -0.00661474 -0.0103351 0.00206364 0.000454961 -0.0102694 -0.00154358 -0.00170935 -0.00538297 -0.00202299 -0.00482015 -0.00404336 -0.00292829 -0.00415545 -0.00238367 -0.00132769 -0.00112189 0.00097059 -0.0051206 -0.00261543 0.00679644 -0.000140596 0.00849695 -0.000840162 -0.000101146 0.00166054 
-0.00486745 -0.00197353 -0.000156015 -0.000143131 -0.00249745 -0.00169499 -0.00365842 0.00345886 0.00270265 0.00852508 0.00268008 -0.00391289 0.00232362 0.116012 -0.000697345 0.0121347 0.00117562 0.0178576 0.00209787 -0.00334491 0.00166809 -0.00511041 -0.00243001 -0.00395508 -0.00747845 -0.00171351 -0.00723189 -0.00297162 0.00109379 5.04711e-05 0.00561121 0.00241107 0.0117993 -0.00938259 0.00756737 0.00561736 -0.00400591 -0.000505615 -0.00235947 -0.00868982 -0.00450107 0.00208621 -0.00177249 -0.00508701 0.00461171 -0.00177108 -0.00302857 -0.00159058 -0.00506817 -0.00547874 0.00352136 -0.00468336 -0.000359485 -0.0122743 0.000158183 -0.00150074 -0.00588417 0.00110479 0.000717377 0.00410734 -0.00866805 -0.00171394 0.00339781 -0.00204666 -0.00324855 -0.00355088 -0.0031377 -0.00350491 -0.00225179 -0.00530357 -0.00350762 0.000391438 -0.00899067 -0.00292876 0.00130388 -0.00282589 0.000849825 -0.00396206 -0.000445134 -0.00458979 -0.00159145 -0.00107544 -0.000320107 -0.00542869 -0.00229575 -0.00232905 -0.000536174 0.000884426 -0.00678282 0.00127051 -0.00168613 -0.0108655 0.00528716 -0.00276156 -0.00528591 -0.00241514 0.00139711 -0.00233235 0.00291167 -0.000625555 
0.0020289 -0.00501389 -0.00017594 -0.00678492 0.000148151 -0.00142278 0.0138728 -0.00393696 -0.00435942 -0.00203478 0.00104996 0.00173121 0.0013859 -0.000697345 0.114781 -0.00165672 0.00231512 -0.00344368 -0.00481394 0.000803688 -0.00702817 -0.00564536 -0.0031746 -0.000147554 -0.00370139 -0.00176083 -0.00351069 1.54476e-05 0.00192241 -0.000508519 -0.00193944 -0.0107493 0.00450691 0.00629511 0.00740579 -0.00827523 -0.00695286 -0.00159747 0.00358748 -0.00652397 -0.00663107 -0.00340579 -0.00306559 -0.000387168 -0.007271 0.00132422 0.000936352 0.000220997 -0.00250848 0.000933853 4.66275e-05 -0.00268269 0.00228112 0.00148252 -0.000739219 -0.00148455 0.00231346 -0.00221961 -0.00820129 0.00939123 -0.00243426 -0.00618043 0.00472784 -0.00508397 0.00457423 -0.000395403 0.0017899 -0.0068946 -0.00223011 0.00197126 -0.000125054 -0.00188301 -0.00187418 -0.00453041 -0.00512882 0.00431324 -0.00436248 0.00117135 -0.000780566 -0.00524861 0.00153346 -0.000347994 -0.00332883 0.000521041 0.00982631 -0.00335826 -0.000953018 -0.00177305 -0.00742021 -0.00100961 -0.00186177 0.00131521 -0.00727328 0.000941035 0.00820533 -0.00101851 -0.00183231 -0.00443374 -0.00410774 -0.00134777 
0.00156886 0.00448662 -0.0056333 -0.00457767 -0.000332312 0.000214894 -0.00972408 -0.0100595 -0.0117576 -0.00539617 0.00768004 -0.00607848 -0.00254836 0.0121347 -0.00165672 0.15746 0.00232929 0.0113579 0.0102105 -0.00187068 0.00575036 -0.00838505 -0.0033575 -0.0027695 -0.0082942 -0.00833936 -0.00465478 -0.00448679 -0.0115896 -0.0136044 0.00375075 -0.00386273 0.0114822 0.00102423 0.0135274 0.00257348 -0.00536285 0.00327253 0.00444365 -0.00464695 -0.00983838 0.00717847 -0.00363742 -0.00283541 0.00641435 0.00110722 -0.00164215 0.00161647 0.00196422 7.67102e-05 0.00201185 0.00128434 0.000798239 -0.00045215 -0.00167757 0.000432061 -0.00429743 -0.00346946 -0.00394419 -0.00588522 -0.0102019 -0.00967847 -0.0117362 -0.00334965 0.00154418 -4.65118e-05 4.42383e-05 -0.00538137 -0.00414627 -0.00353188 0.000359887 -0.00733498 -0.0077076 0.000235277 0.00575379 -0.00803516 0.00692166 -0.00150166 0.00376433 -0.00585191 0.000149537 0.00881804 -0.00356919 -0.00285424 -0.00430886 -0.0110622 -0.00535172 0.00325778 0.0118882 0.00797679 -0.00629732 -0.014581 0.00886723 -0.00551895 -0.016766 -0.00456436 -0.00509506 -0.00272869 0.00581751 -0.00368048 
0.00126086 -0.00541646 0.0004417 0.00542011 -0.00131595 -0.00279237 -0.00767005 -0.000574979 -0.00151411 -0.00447055 0.00106008 -0.000647237 -0.00293718 0.00117562 0.00231512 0.00232929 0.120444 0.00544997 0.0022236 0.00162887 0.00604522 0.00946203 0.00104036 -0.00800293 0.00562748 -0.00561378 -0.00924832 -0.00628013 0.000917152 0.00307811 -0.00654764 0.0056262 0.00339422 -0.00402568 -0.00724094 -0.00282063 -0.00389281 -0.0016849 -0.00762117 -0.00308621 0.00365004 -0.00478435 0.00166821 0.00142168 -0.000610128 -0.00379383 -0.000174232 0.0036892 -0.00346177 -0.0042967 -0.0045218 -0.00500205 0.00152912 -0.00316257 -0.00266223 -0.00106836 -0.000663215 -0.00897281 0.00322597 -0.00230751 -0.00541284 -0.00195761 0.00283309 -0.00388352 -0.00147907 0.000185427 -0.00113363 -0.00362345 -0.00489267 0.000513545 -0.00296889 0.00302717 -0.00382449 -0.00389052 0.00435023 -0.00333977 0.00150995 -0.000650405 0.00297769 0.00498988 0.000418177 0.00304207 -0.00296005 -0.00223189 -0.00226052 0.0041687 -0.00336802 -0.002282 -0.0110606 0.00136071 0.000516696 0.00532196 -0.00776767 -0.00270842 -0.00280323 0.00181404 -0.00576283 -0.00582232 -0.00487029 -0.00131358 
-0.000384848 0.00160076 -0.0027165 -0.00928333 -0.00521621 -0.00396561 0.000527648 0.00078635 -0.00738968 -0.00622163 -0.00165331 -0.00643496 0.00152555 0.0178576 -0.00344368 0.0113579 0.00544997 0.137807 -0.000134552 0.00864662 0.00475278 -0.00356671 0.000259996 -0.00456059 -0.0138005 -0.000193178 -0.00777057 -0.00893156 -0.0107824 -0.012835 -0.00642413 -0.0104735 -0.00341158 -0.00924549 0.012936 0.00400688 -0.00891491 0.00354237 -0.00648896 -0.00308644 -0.00482065 0.00591654 -0.000343636 -0.000541541 0.00749257 -0.00230491 -0.00329676 0.0010873 0.00177062 -0.00637247 0.00635462 -0.00669576 -0.00205629 -0.00328459 -0.00294212 -0.00201502 -0.00981261 0.00346301 -0.0124387 -0.00507021 -0.00700561 -0.00131221 -0.0049301 -0.00104169 0.00682924 0.000982679 -0.00742454 0.00198681 -0.00331706 0.0047067 -0.00365032 -0.00554861 -0.00900272 -0.0012149 0.00229703 0.00910525 0.00420988 0.00377244 0.000339902 0.0104864 -0.000136266 0.00427755 -0.00578214 -0.0024703 -0.000649319 -0.00477633 -0.000962274 -0.00148933 -0.00180182 0.00201907 0.00603825 -0.00462058 0.00864664 -0.00280721 0.00277109 -0.0031971 -0.00967656 -0.00586535 0.00486437 -0.00246763 
0.00046125 0.00305652 -0.0032299 -0.00328675 -0.00141392 -0.00360913 -0.00624968 -0.00628012 -0.00320574 -0.00584311 -0.00140745 -0.00423418 0.00623807 0.00209787 -0.00481394 0.0102105 0.0022236 -0.000134552 0.126124 -0.00385454 -0.00303452 0.00529173 -6.288e-05 -0.0039638 0.00281739 -0.00301072 -0.0105066 -0.00578337 -0.00496959 -0.00864176 0.00289311 -0.00673846 -0.00524484 -0.00250183 -0.000628674 -0.00812291 0.00234142 0.00122765 0.00186849 -0.00506996 0.00496944 0.00143709 -0.0050965 -0.00167142 -0.00206561 -0.000448562 0.00167021 -0.000330452 0.00396976 0.000705219 0.00397076 -0.00201523 0.00115236 0.00222468 -0.000220082 0.00239645 -0.00226028 0.00400793 -0.00506579 -0.00111359 -0.00214979 -0.00368062 -0.00618524 0.00259179 0.00331712 -0.00471464 -0.00171536 -0.00399292 -0.000621217 0.00618569 -0.000424605 -0.00477591 0.00639253 -0.00184468 0.00202724 -0.00842878 -0.00576988 -0.00311636 0.00193393 -0.0127523 -0.000735317 0.00146365 -0.00425409 -0.00181147 0.00224457 -0.00100421 -0.00253649 -0.00617684 -0.00170789 -0.000781356 -0.000740792 -0.0046657 0.0039408 0.00124113 -0.000303007 -0.000994462 -0.00185126 -0.00024785 0.000339139 -0.000920034 
-0.00295078 0.0137739 0.000353823 0.00399338 -0.00666668 -0.00639991 0.00828299 -0.0208186 -0.000897792 0.00664061 -0.0201777 -0.000886755 0.00224177 -0.00334491 0.000803688 -0.00187068 0.00162887 0.00864662 -0.00385454 0.214402 0.00399532 -0.00071407 -0.00562517 -0.0111108 0.0143454 0.00291833 0.00996523 -0.00218498 -0.00921511 0.00906566 -0.000644437 0.00408849 0.0022751 -0.00151698 -0.00457307 -0.0115883 0.0148543 -0.00892344 -0.0143286 -0.00808426 -0.0110956 -0.0155841 0.00120588 -0.000689114 0.0109603 0.00143888 -0.000748763 -0.000709251 0.0121285 -0.0108938 0.000196378 -0.00397997 -0.00457055 0.000482259 0.000550291 -0.00261928 0.00961774 -0.00631034 -0.00677784 -5.38853e-05 0.00765742 -0.00722879 -0.000463193 -0.00630307 -0.00121945 0.00126518 -0.00549008 0.00822058 -0.00688614 -0.00380259 -0.00454387 0.0067821 -0.0125013 0.00312767 -0.0075667 0.0213437 0.00103428 0.00925149 0.00218768 -0.00711656 -0.00335299 -0.00924511 -0.00159631 -0.000518388 -0.0158702 -0.0112952 -0.00338167 -0.0120338 -0.0119592 -0.0059097 -0.00691971 -0.0144712 -0.00361628 0.000741499 0.00299761 -0.00829739 -0.0162456 -0.00496754 -0.0131316 -0.00712159 
-0.00486283 -0.00366242 -0.00159746 -0.0013341 -0.00507479 0.00116193 -0.00554193 -0.00145155 -0.00551875 0.000277199 0.0140265 -0.00186152 -0.00174643 0.00166809 -0.00702817 0.00575036 0.00604522 0.00475278 -0.00303452 0.00399532 0.104595 -0.00309192 0.00281174 0.000477195 0.00810941 8.76947e-05 0.00254087 -0.00472232 -0.00239977 -0.00249372 -0.00165788 0.0014835 -0.0070407 0.000149262 -0.00500349 0.000442366 -0.00852006 0.00669344 -0.00298495 0.00631529 -0.000337253 -0.000892472 -0.00253614 -0.000583588 -0.00397509 0.000513028 0.00245707 -0.000264646 -0.0038724 -0.00126119 -0.000867402 -0.000564322 0.00476315 0.00104033 -0.00273741 -0.00231656 -0.00200935 -0.00408201 -0.00286587 -0.0030288 -0.00639104 -0.00550382 0.00238548 0.00170228 -0.00423733 -0.00918066 -0.00642389 0.00380361 -0.00161 -0.00632912 -0.00143976 -0.000674404 -0.00172519 0.00161115 0.00732934 0.00770897 0.00330738 0.003231 0.00334429 0.00482929 0.000940837 0.00542614 0.00166833 0.00062935 -0.00858155 0.00598803 -0.00143883 -0.00176318 -0.00782819 -0.00105417 -0.00837294 -0.0158642 -0.0089782 -0.00445405 -0.0086106 -0.00313254 -0.0053346 -0.00393137 0.00204578 -0.000424588 
0.0118659 0.00678782 -0.00129469 0.00473989 0.0109326 -0.00254766 0.00148845 -0.00598944 2.75896e-05 -0.0142445 -0.000452295 -0.00165018 -0.00106276 -0.00511041 -0.00564536 -0.00838505 0.00946203 -0.00356671 0.00529173 -0.00071407 -0.00309192 0.213864 0.00295196 0.00170686 0.0107053 0.00892894 0.00477126 -0.00201057 -0.00428902 -0.0134469 -0.0135259 -0.00152867 0.00513284 -0.00344471 -0.0084084 -0.00790713 -0.00291372 -0.00493032 -0.00317826 -0.0145924 -0.000451321 -0.00817177 -0.0103708 -0.000998928 -0.00385272 -0.00285738 0.000374049 -0.00359169 0.00252454 -0.0147759 -0.00540831 -0.00892773 0.0038174 -0.00929334 -0.00259348 -0.000478939 5.25585e-05 -0.00643059 -0.00817056 -0.0122314 0.0054255 -0.00518757 -0.00614119 0.00350935 2.3339e-05 0.00765922 -0.005042 7.35887e-05 -0.0056844 0.0103309 -0.00050515 0.000772147 -0.00484897 0.00110407 -0.00218977 -0.00551785 0.00103775 0.000540605 -0.00742196 0.000317905 0.000613508 -0.00913421 -0.00646134 -0.0058475 0.0106185 -0.00950148 -0.00330564 0.012292 -0.0215524 -0.00407598 0.00796363 0.00619786 -0.00287731 -0.0151896 -0.00515307 -0.00519788 -0.00562832 0.00398702 -0.00936942 0.000476685 
0.000850168 -0.0019522 -0.00468123 0.000537331 0.000887448 -0.00130642 -0.00267366 0.00161305 -0.00318594 -0.00536095 -0.00417047 8.08809e-05 0.000233298 -0.00243001 -0.0031746 -0.0033575 0.00104036 0.000259996 -6.288e-05 -0.00562517 0.00281174 0.00295196 0.0873566 0.00802686 -0.000563869 0.00393207 -5.94085e-05 -0.00569048 -0.00170618 0.00665209 -0.00208701 0.00443953 -0.00191888 -0.0045457 -0.00285202 -0.000677464 -0.0095824 0.000112799 0.00157453 -8.67872e-05 -0.00222994 0.000694335 0.00619741 0.000977239 -0.00539586 -0.000477618 0.00462283 -0.000738203 -0.00284165 -0.00271623 -0.00135805 -0.00252787 -0.000852644 -0.00564034 -0.00324125 4.58593e-05 -0.00280718 0.000109048 0.000861819 -0.00492897 -0.00311985 0.000598048 -0.00219963 -0.000153645 -0.00183997 0.00524633 -0.00194224 -0.0037179 -0.000132539 0.00706373 0.000445245 -0.00307215 0.000127893 -0.000609623 0.00306532 -0.00936071 -0.00437737 -0.00028372 -0.00528922 -0.00551832 0.000110941 -0.000290128 -0.000729982 0.000764995 -0.000889164 0.00107289 -0.00275675 -0.000291802 -0.00837231 0.00217165 -0.00180967 0.00268169 0.00150101 -0.00012213 -0.00571329 0.00332045 0.00194045 0.0037015 -0.00375818 -0.000824104 
-0.00193358 0.00561985 -0.00642858 -0.00505554 -0.00587592 -0.000913129 0.00399515 -0.0043686 0.00199251 0.00160291 -0.0034758 -0.00379131 0.0073511 -0.00395508 -0.000147554 -0.0027695 -0.00800293 -0.00456059 -0.0039638 -0.0111108 0.000477195 0.00170686 0.00802686 0.122021 -0.00295132 -0.00121433 -0.000661096 2.45672e-05 -0.00715099 -0.00459588 0.00309862 -0.00671131 -0.0133156 -0.00247329 -0.00783103 0.000114245 -0.0146885 0.0088525 0.00445509 0.00800593 0.000840007 -0.000499809 -0.00188794 0.000505773 -0.00160694 9.58771e-05 -0.00184186 -0.00116921 0.00113865 0.0012009 -0.00150561 -0.0049558 -0.00138014 -0.00597115 -0.000309366 0.00100016 0.00405541 0.00906804 0.000676441 0.00465232 0.00810165 -0.00536937 0.000554176 -0.00101565 -0.00367912 -0.00114619 0.00424747 -0.00365181 -0.0028512 0.000884784 0.000599893 -0.0085798 0.00407651 -0.00297496 -0.000712749 -0.00748963 -0.00245748 -0.00100966 -0.00546301 -0.00407486 0.000561494 -0.00150835 0.0014319 0.00272174 0.00170965 -0.0045344 -0.000765931 0.00126227 -0.00397605 0.000773448 0.00192749 -0.00106841 -0.00385351 -0.00289641 -0.00636623 -0.00218736 0.00199441 0.00151572 -0.00314134 -0.00309361 
-0.00827394 -0.00117676 0.00825358 0.0105272 -0.00506663 -0.00534582 -0.00346385 -0.0115978 0.00545845 0.00113503 -0.00262407 0.00202285 0.00642706 -0.00747845 -0.00370139 -0.0082942 0.00562748 -0.0138005 0.00281739 0.0143454 0.00810941 0.0107053 -0.000563869 -0.00295132 0.162614 -0.00402235 0.00313905 -0.00195049 0.00547457 0.0119888 -0.010862 0.0124727 0.00405551 -0.00246817 -0.0221671 -0.00216995 0.00416461 0.000376982 -0.00693393 -0.00319806 -0.00149926 -0.00224205 -0.000835557 0.00399317 -0.00478031 -0.0021476 0.0059385 -4.2807e-05 -0.00468597 -0.00603331 -0.0033972 0.00358775 0.00917271 -0.00968478 -0.00540435 -0.00275452 -0.00666319 -0.0212404 -0.00110451 -0.0100068 -8.85372e-05 0.00149608 -0.0110348 0.000136492 -0.00212319 -0.00144858 -0.00460492 -0.00415733 -0.00647469 -0.00407734 -0.000892867 -0.00152552 0.00225328 0.00685215 0.00556084 -0.00551607 0.00324152 0.00333099 0.00917972 -0.00260041 -0.00286769 -0.000597857 0.00965994 -0.00394216 -0.00270985 -0.00226485 0.000758988 -0.00524507 -0.00614098 0.00185655 -0.011436 -0.0168892 -0.0185763 -0.00513081 -0.00831866 0.00159271 -0.0117236 -0.00578867 0.00387018 0.00461216 
-0.00157894 -0.00311831 -0.00768049 -0.00482423 -0.00419637 -0.00372436 0.00216971 0.00076448 -0.00371687 -0.00178063 -0.00965486 0.00450395 -0.00103 -0.00171351 -0.00176083 -0.00833936 -0.00561378 -0.000193178 -0.00301072 0.00291833 8.76947e-05 0.00892894 0.00393207 -0.00121433 -0.00402235 0.134064 0.0129536 0.0017766 0.000928011 -0.00282261 0.00144179 -0.00107258 -0.00941329 -0.0141932 -0.0116934 -0.00152821 -0.00760792 -0.00686043 0.00376954 -0.00157445 -0.0036912 -0.0030605 -0.00326295 -0.00261141 0.000242871 0.000669599 -0.00394275 0.000521811 0.000173016 -0.00490336 0.000965555 -0.000164993 0.00399491 -0.000789817 0.000994859 -0.000403218 0.00121724 0.00561171 -0.00161035 -0.00661703 -0.000788343 -0.00795136 -0.00060233 -0.00263973 -0.00249425 0.0124185 0.00206664 -0.000939699 -0.00101697 -0.000256536 -0.00356565 -0.000346533 -0.000254627 -0.00372512 -0.00918703 0.00451186 -0.00153183 0.0019661 -0.00570357 -0.00460667 -0.00236886 -0.00981471 -0.004993 -0.00308889 -0.0069622 -0.00142841 -0.00354801 0.00194318 -0.00399561 -0.00222391 0.00193586 0.0109094 0.0108333 0.00268962 0.0114505 -0.00541211 0.000860457 -0.00194169 -0.0061903 -0.00164148 
0.00723842 -0.000865644 -0.00271395 -0.00828947 -0.000838253 -0.00192611 0.00733432 -0.00215684 -0.00552389 -0.0127361 -0.00493644 -0.00518049 -0.00588675 -0.00723189 -0.00351069 -0.00465478 -0.00924832 -0.00777057 -0.0105066 0.00996523 0.00254087 0.00477126 -5.94085e-05 -0.000661096 0.00313905 0.0129536 0.166113 0.00401747 0.00649279 0.000826473 -0.00776587 -0.00626171 -0.00299524 -0.00807164 -0.00705143 -0.00149849 -0.0170668 -0.00900851 0.00504809 0.0102229 -0.00445104 2.08219e-05 -0.00522831 -0.00354352 -0.00561245 0.00326039 -0.0048455 -0.0024015 -0.000572369 -0.00721824 -0.00500982 0.00222096 0.00628246 0.0153997 -0.000943651 -0.00210648 0.00250476 0.00175129 0.00569375 -0.00390706 0.00619461 -0.00433679 -0.00212175 -0.0058872 -0.00435663 0.00885399 0.00167951 0.00874034 -0.00502708 -0.00647856 0.00104307 -0.00453168 0.00206136 -0.00155634 -0.00519738 0.00739653 0.00114067 -0.00171252 -0.00249068 -0.00119429 0.000368367 -0.00830655 -0.00367293 -0.000916304 0.000702194 9.44101e-05 -0.00461868 -0.000762311 -0.00248506 0.00260167 -0.00728339 -0.0185049 0.00380591 -0.00794467 -0.0103948 -0.00502462 -0.0013253 0.00486317 -0.0107083 -0.000248094 
-0.00214416 -0.00201266 0.00160696 0.00371246 -0.00379679 0.00430217 0.00457846 -0.00204757 -0.00118588 0.00283433 -0.0103986 -0.00182136 -0.00496099 -0.00297162 1.54476e-05 -0.00448679 -0.00628013 -0.00893156 -0.00578337 -0.00218498 -0.00472232 -0.00201057 -0.00569048 2.45672e-05 -0.00195049 0.0017766 0.00401747 0.141747 0.00642882 0.000303949 0.00769287 -0.00631755 -0.00566652 -0.0011092 -0.0042148 -0.000580162 -0.00288148 0.00244992 -0.00115984 -0.00430278 -0.00683761 0.00010621 -0.0112165 -0.00118712 -0.00723103 0.00630811 -0.00094373 -0.00135307 -0.00156151 0.00603663 0.000328621 -0.0044696 -0.00105905 -0.00710426 -0.000993721 0.00117632 -0.00230077 -0.0112607 -0.00919286 0.00730277 -0.00621226 -0.0153313 0.0128705 0.00164356 -0.00348048 0.00142503 0.00450786 0.00566793 0.00140729 -0.00535562 -0.00220827 0.000669195 -0.00240634 0.00250421 -0.00136021 0.00211403 -0.00371145 -0.00265229 -0.00676 -0.00755944 -0.000435227 -0.0114308 -0.00271993 0.0011376 0.0021058 -0.00623644 0.00639014 -0.000119166 0.0008834 -0.00210481 0.0022113 0.000643114 -0.00526809 0.00342744 -0.00757091 -0.00504424 0.0119292 -0.000292719 0.00276042 -0.00246327 
0.00276706 -0.00843017 0.0107117 0.00527947 -0.00101978 0.00391034 -0.00666878 0.000462879 2.87839e-05 0.00213068 -0.00247303 0.00272101 -0.000860141 0.00109379 0.00192241 -0.0115896 0.000917152 -0.0107824 -0.00496959 -0.00921511 -0.00239977 -0.00428902 -0.00170618 -0.00715099 0.00547457 0.000928011 0.00649279 0.00642882 0.138671 0.00385567 0.00832144 0.00655865 0.00922181 -0.00686899 -0.0135059 -0.00438673 -0.00354782 -0.00873885 0.00287272 -0.00632962 0.00114796 0.000529828 0.000594248 -0.000285828 -0.00175396 -0.00183533 -0.000709941 -0.000250832 -0.00845264 0.00641769 -0.00549471 -0.00705649 -0.00301633 -0.0110677 -0.00338031 0.000593898 -0.00675769 -0.00326841 -0.00322203 -0.00756588 -0.010213 -0.00144919 0.0132868 0.00149963 -0.00247014 0.00311157 -0.00716324 0.00123422 -0.00310445 -0.0135056 -0.00416945 0.0120197 -0.00460572 -0.00205583 -0.00665884 0.00496282 -0.00290253 0.0039026 -0.00310062 -0.00984155 -0.00135893 -0.000133539 0.00424301 -0.00198651 -0.00076771 0.0154348 -0.00252025 -0.00812922 -0.0072611 -0.00238203 0.000869772 -0.00246 -0.0148741 -0.00212391 0.00383668 0.00117436 0.00436776 -0.0037781 -0.00457709 0.00264483 
-0.000258316 -0.000111423 0.00154044 0.00965695 0.00164665 -0.00247784 -0.00434222 -0.00600165 0.00183206 0.000263251 -0.00852188 2.18622e-05 -0.00517779 5.04711e-05 -0.000508519 -0.0136044 0.00307811 -0.012835 -0.00864176 0.00906566 -0.00249372 -0.0134469 0.00665209 -0.00459588 0.0119888 -0.00282261 0.000826473 0.000303949 0.00385567 0.140912 0.00152687 0.0167258 0.00674073 0.00910336 -0.0146386 -0.00325124 0.00191645 -0.00317519 -0.00893773 -0.00864617 -0.000856469 -0.00506822 0.0105507 -0.00200509 -0.0114887 -0.000728011 -0.00270279 -0.00101634 -0.00595611 0.00629856 -0.00610991 -0.00188885 0.000407505 -0.00882727 -0.00309666 -0.00460379 0.00319678 -0.00321472 0.0166907 0.00157222 -0.0147895 -0.00205431 0.006534 -0.0061399 -0.0034152 -0.0132617 -0.00273712 -0.00911187 -0.0022638 0.0138389 -0.00664139 0.00186542 -0.00418982 0.000361942 -0.00736978 -0.00594181 -0.00785438 -0.0046163 -0.00398066 0.00397947 -0.00248565 -0.0118866 -0.000728973 -0.00536907 -0.0115093 0.0106247 0.00118297 -0.000456321 -0.00428165 -0.000712672 0.003595 0.0118278 -0.0126193 -0.00339765 0.00392674 0.00630531 0.00430438 0.00250465 -0.0055143 -0.00189503 
-0.00409158 0.0042036 0.00589985 -0.00146623 -0.00276756 0.00390437 -0.00295233 -0.00263972 -0.00687328 0.0100387 -0.00720362 0.000191439 -0.00447711 0.00561121 -0.00193944 0.00375075 -0.00654764 -0.00642413 0.00289311 -0.000644437 -0.00165788 -0.0135259 -0.00208701 0.00309862 -0.010862 0.00144179 -0.00776587 0.00769287 0.00832144 0.00152687 0.145071 -0.00777859 0.00569363 0.00217997 -0.00981664 0.0051188 0.00182444 0.000744925 0.0034179 -0.0105577 0.00487228 0.00471418 -0.0119241 -0.00341593 0.0134193 0.00103298 -0.00193735 -0.000173144 0.00267895 -1.09647e-05 0.00274441 0.00248746 -0.0058537 0.00516003 -0.00157258 0.00501214 -0.000282559 0.00350096 -0.0072092 0.000528593 -0.00752759 -0.00290848 -0.00631484 -0.00558028 -0.00214947 0.00412754 -0.000682867 -0.00569748 0.00473535 -0.0119662 -0.00289324 -0.0069806 0.00141975 -0.000824953 -0.00802766 -0.0128819 -0.00970787 -0.00589853 -0.0117165 -0.0157467 -0.000841977 -0.00392521 -0.00281351 -0.00486823 -0.0100843 -0.000536326 0.000946966 0.00152867 -0.00491903 -0.0028663 0.00543767 -0.00294756 -0.00252385 0.00461629 -0.00451075 -0.00179432 0.00797071 0.00687505 -0.00341404 0.0015745 
-0.00327013 -0.00876477 -0.00506157 -0.00369083 -0.00520379 -0.00424033 -0.0100149 0.00397375 0.00996225 0.0057022 0.00896187 0.00140458 0.00346573 0.00241107 -0.0107493 -0.00386273 0.0056262 -0.0104735 -0.00673846 0.00408849 0.0014835 -0.00152867 0.00443953 -0.00671131 0.0124727 -0.00107258 -0.00626171 -0.00631755 0.00655865 0.0167258 -0.00777859 0.161748 0.0113841 0.00179813 -0.0060469 0.00777405 0.0154994 -0.00148331 -0.00447714 0.00135445 -0.00631156 -3.50628e-05 0.0144146 -0.00354622 -0.0134682 -0.0021559 0.000640828 -0.0030637 -0.00883883 -0.00192511 -0.0109844 -0.00275303 -0.00170952 -0.00417163 -0.00343849 -0.00217543 0.00787674 -0.0074534 0.0160781 -0.00295404 -0.0122657 0.0136453 0.0149835 -0.00828673 -0.00543917 -0.00845724 -0.00332761 -0.000499491 0.00655829 -0.0149345 -0.00740957 0.00179805 -0.00647011 0.00509845 -0.00974065 -0.0071024 -0.00650339 -0.00129524 0.0109213 -0.00926522 -0.00417312 -0.0042369 -0.00122928 -0.00370521 -0.0128105 0.00463839 -0.00195843 -0.0127166 0.00126858 -0.0034856 -0.00313183 -0.00367651 -0.0158669 0.000100809 -0.00754506 0.00530462 -0.00550438 -0.00977388 -0.00720271 -0.00341585 
0.00987062 -0.00445096 0.00323606 0.0103509 -0.000632845 0.0028688 -0.0204559 0.00173001 0.00543169 -0.000604239 0.00155747 -0.00539398 -0.00500756 0.0117993 0.00450691 0.0114822 0.00339422 -0.00341158 -0.00524484 0.0022751 -0.0070407 0.00513284 -0.00191888 -0.0133156 0.00405551 -0.00941329 -0.00299524 -0.00566652 0.00922181 0.00674073 0.00569363 0.0113841 0.177017 0.0191739 0.0030716 0.00907932 0.00200562 -0.000264664 -0.00829819 -0.0257856 -0.011925 -0.00522446 0.00201438 -0.00179706 -0.00241128 -0.00470475 0.0010143 -0.00157966 -0.0045061 -0.011038 -0.00278175 -0.00550535 -0.00175137 -0.00632835 -0.00197289 -0.0030854 -0.0122723 -0.000905718 0.00198819 0.00437569 -0.00994073 0.0153548 -0.0103644 -0.00440844 -0.00148975 -0.00880804 -0.00477407 -0.00526359 1.33742e-06 -0.0231047 -0.0018968 -0.00685506 -0.00653006 0.00201757 -0.0135495 -0.015755 -0.00678068 -0.00300505 -0.00443408 -0.00618995 -0.00442451 -0.00446019 -0.00363086 -0.00843676 0.00467104 0.00325188 0.00167349 -0.000322723 -0.00348533 0.0018398 -0.00686199 -0.000101499 0.00613536 0.00418667 -0.00405154 -0.000668659 -0.00100573 2.62866e-05 -0.00208835 0.000748348 
-0.00105577 0.000441431 -0.000502401 0.00240286 0.0013478 0.000752008 -0.00686936 -0.00634811 -0.00240202 -0.0134018 -0.000235729 -0.00474958 -0.00558793 -0.00938259 0.00629511 0.00102423 -0.00402568 -0.00924549 -0.00250183 -0.00151698 0.000149262 -0.00344471 -0.0045457 -0.00247329 -0.00246817 -0.0141932 -0.00807164 -0.0011092 -0.00686899 0.00910336 0.00217997 0.00179813 0.0191739 0.155463 0.0198061 -0.00436015 0.00325627 0.00959551 -0.0060904 -0.000236818 0.00534875 -0.00658614 0.00146559 -0.000590292 -0.0111672 -0.000295785 0.00668321 -0.00116455 -0.00327848 0.00113964 -0.00531339 -0.00223298 -0.00700812 -0.00349157 -0.00159886 -0.00122212 0.00724579 0.00533892 0.00491526 0.00600112 -0.00962263 0.00430519 0.00419667 -0.0064436 -0.0032915 -0.00522892 0.00114197 -0.00572721 0.00344535 -0.00843877 -0.00397512 -0.00287958 0.0047994 0.00609428 -0.0053527 -0.0110489 -0.00732051 -0.00433213 -0.00370641 -0.00353743 -0.0010377 -0.00614855 -0.00553553 -0.00113813 -0.00222474 6.05446e-05 -0.00373623 -0.00847037 -0.00880328 -0.00172425 0.00336065 0.00993058 -0.0123867 -0.0021498 -0.00168652 0.00189618 0.00602538 -0.00539118 -0.00505623 -0.0041515 
