0.0694438 0.00246924 -0.00274249 0.000783562 -0.000499024 -0.000421067 0.00167901 0.000876177 0.000293299 -0.00382272 -0.0021157 -0.0019569 -0.000609844 0.000723225 -0.000473069 -0.000281545 -0.00164534 -0.00235388 0.00522448 0.00554619 -0.00756015 -0.00359918 -0.00192726 -0.00178671 -0.00232257 0.00183063 -0.00114722 -0.00141983 -0.00220381 -0.00230815 0.00574717 -0.00591165 -0.000705209 -0.00105905 -0.00456763 -0.00143791 0.00057891 -0.0025086 -0.000333298 -0.00185871 -0.00267094 -0.00469139 -0.000301055 -0.00348228 -0.000300788 -0.00237466 -0.000312693 -0.00113421 -0.00031571 -0.000349387 0.00345042 -0.00388677 -0.0020827 -0.00479817 -0.00495019 -0.00115805 0.00113698 0.00390643 -0.00141804 0.000702898 0.000311678 0.00501935 0.00154902 0.000507186 -0.00682863 -0.000170357 0.000166509 -0.00166737 -0.00190541 -0.00120912 0.000889399 -0.00104542 -0.00103557 0.000902095 0.00709239 -0.00147646 0.00229441 -0.00440697 0.000660637 0.00192799 -0.00179865 -0.00395305 0.000492456 0.00310512 2.58548e-05 -0.00262607 -0.00165906 -0.00496779 -0.000794386 -0.00145587 -0.00147474 -0.00133881 0.000737348 -0.00258964 0.000825389 -0.000121763 0.00294918 0.000811395 0.00296057 -0.00128975 
0.00246924 0.0766716 0.000356308 0.00024743 0.000786493 -0.00481396 0.000797793 -0.00399907 -0.00284529 0.00756464 -0.000570324 0.00183342 -0.00465849 -0.00403805 0.00631656 0.00453671 0.0023237 -0.00277533 0.00200605 -0.00681149 -0.00164641 0.000178643 -0.00341002 0.00516491 0.00991686 0.000859755 0.00133249 -0.00140294 -0.00179136 -0.00333995 0.000694219 -0.00406777 -0.000515378 -0.00256073 -0.00598272 -0.00396471 -0.000685902 -0.00103004 0.000231958 -0.00313612 -0.0101617 -0.000751412 -0.00159034 -0.00162463 -0.00338827 -0.000928994 -0.00558116 -0.000756777 -0.00165516 0.00119854 0.00376787 -0.000835707 -0.000744063 -0.0016508 -0.00531777 -6.11006e-05 -3.55601e-05 -0.00599848 -0.000758897 -0.00129605 0.00528454 -0.00138594 0.00107362 -0.000949151 0.000851672 0.001464 -0.00327446 0.00163962 0.000398248 0.00089542 -0.0020801 -0.00199997 0.00153339 -0.00208199 0.000644244 -0.00250959 -0.00212426 0.00529286 0.00166751 -0.000255662 0.00130994 -0.00377392 0.00155044 -0.00287011 -0.00392581 -0.0044385 0.00201026 -0.00640341 -0.00391389 -0.00218812 0.00773569 -0.00428429 -0.00153452 -0.0020411 -0.00932473 -0.00428231 0.00624118 -0.000562873 0.00339183 0.00114797 
-0.00274249 0.000356308 0.11859 0.00479667 -0.00109249 0.00245743 0.00412901 0.00453517 0.00447168 0.00553657 -0.000358987 -0.0130178 0.00916991 0.000245984 -0.00184838 -0.00390613 -0.00250802 -0.00168113 -0.00546403 -0.0140624 0.001266 -0.00342601 -0.00785922 0.000625618 -0.00800351 0.00247396 -0.00511007 0.00233189 0.00134681 -0.00262727 -0.000609565 -0.000434641 -0.00085504 -0.00150067 0.00899143 0.00425084 0.00235155 0.000141349 0.000857945 0.00557127 -0.00265793 -0.005016 -0.00266688 -0.00024052 -0.00231207 -0.00220252 -0.00257868 -0.00079704 0.000775275 0.00285613 -0.0108364 -0.00191806 -0.0010239 0.00549325 0.00296541 -0.000741832 0.00090085 -0.00519924 0.000212081 -0.00122203 0.00311394 0.00022392 -0.00292957 -0.00392761 0.012024 -0.00225023 -0.00590988 -0.00598534 -0.00632324 -0.00428339 0.00137246 0.00182424 -0.00917488 -0.00589201 0.000337061 -0.00769225 -0.00217616 0.00206364 2.70646e-05 -0.00033015 -0.00403812 0.00781541 0.00251722 0.00200586 -0.00613713 0.00352074 -0.00324538 -0.0113112 -0.00349586 -0.00172315 -0.00586289 -0.00263582 -0.00640624 -0.00479227 0.00141489 -0.00547684 -0.00673063 -0.00472206 -0.00371294 0.00772527 
0.000783562 0.00024743 0.00479667 0.0938181 0.000771582 0.00573543 -0.00129607 0.00421418 -0.0005234 -0.00105009 -0.003262 -0.00550745 0.00132074 0.0108305 -0.00166922 -0.00219751 0.00161265 0.000740126 -0.000165889 -0.00485828 -0.00237158 -0.00415777 0.000582457 -0.00273768 -0.00619378 -0.00155714 -0.00289472 -0.00452139 0.000369078 0.000456914 0.00345288 -0.00852437 -0.00238484 -0.00185998 -0.00685365 0.00325114 -0.00134227 0.00395252 0.00210738 -0.00415702 -0.00551003 -0.0031399 0.00486043 -0.00106888 0.00629355 -0.00272162 0.00268778 0.00393126 -0.000638416 -0.000858754 -0.00654315 0.000813192 0.000760294 -0.0146822 -0.00818261 0.000202535 -0.0030372 -0.000719215 0.00182268 -0.000733316 -0.00474509 -0.00495472 -0.00116237 -0.00356851 -0.00591067 -0.00340377 -0.00273144 -0.00692349 -0.00344031 -0.0037331 -0.00192135 -2.22076e-05 -2.91931e-05 0.000292672 -0.00497348 0.00621174 0.000854353 -0.00171957 -0.0010977 0.000137922 0.000593417 -0.00169342 0.00584736 0.000436412 -0.000549629 -0.00018671 -0.000733252 -0.00385097 0.00502635 -0.00283088 -0.000457957 0.00350661 -0.000126136 -0.00105638 0.00240801 -0.00138376 0.00195664 -0.0024662 -0.00292058 -0.00117232 
-0.000499024 0.000786493 -0.00109249 0.000771582 0.0903581 0.00481844 0.000760794 -0.000806203 0.0020308 -0.000713515 -0.00187411 0.00944296 -0.00202716 0.00299592 0.00273375 0.000257495 -0.00248699 -0.00357379 0.00583361 0.00946842 0.00283942 -0.00377347 -0.00728827 0.00138657 -0.00440504 -0.00276533 -0.00749396 -0.00238506 -0.00111281 -0.00525793 0.000392099 -0.0034452 -0.00616275 -0.0026096 -0.0116497 -0.000205482 -0.00122661 -0.00199474 -0.00180343 -0.00455832 -0.0053449 -0.00310932 0.00104895 -0.0032147 -0.000454133 -0.00240251 -0.00313202 -0.00244221 -0.002196 0.00167026 -0.00713225 -0.00287539 0.00156205 0.00142165 -0.00653875 0.00211074 0.00442479 0.000401552 0.000414945 -0.00131322 0.00123103 -0.000595636 -0.00220591 0.00115543 -0.00818147 -0.00193146 -0.00606395 -0.00818888 -0.00061792 0.00187242 0.00108214 -0.00204713 -0.00420674 0.000759335 -0.000245323 0.000854087 0.00411799 0.0030873 -0.000608665 -0.000341566 -0.0033764 -0.00250833 -0.00185835 -0.000369401 -0.00284618 0.0070131 0.00156382 -0.000900612 0.000679417 -0.000580044 -0.00275306 0.00269434 -0.00329597 0.00094324 -0.00815801 0.00199259 0.00278169 0.000202743 0.00041996 0.00286547 
-0.000421067 -0.00481396 0.00245743 0.00573543 0.00481844 0.155113 -0.00481766 0.000593112 0.00207305 -0.000858738 0.0061168 0.00481165 0.00624652 0.0145058 -0.00676563 -0.0144517 -0.00310915 -0.00778624 -0.00451163 0.00637562 -0.0116801 -0.000315247 0.00485566 -0.0022717 -0.0133197 0.00217033 -0.00707225 -0.00273546 -0.00346523 -0.00423282 -0.00566434 -0.014353 -0.00797016 -0.000999794 0.00243131 0.00155513 -0.0037226 0.00118807 -0.000152274 0.00410358 0.0166298 -0.000237272 0.000337135 0.00712927 0.00046141 -0.00693813 -0.0023935 -0.00250001 -0.00627021 -0.00132041 -0.00619296 -0.00206698 -0.00236619 -0.00702066 -0.0103456 -0.00182362 -0.000747243 0.00117037 -0.00295441 -0.00341624 -0.0061315 -0.00427991 0.00281239 -0.00736775 -0.00133532 -0.00482353 -0.00361605 -0.00666589 -0.00618602 -0.00376424 0.00593708 0.00262132 -0.00974734 -0.00453328 -0.00278691 0.0041497 -0.00127341 -0.00813802 -0.0036904 -0.00149759 -0.00501256 -0.0048009 -0.00344012 0.00941022 -0.00101185 -0.00275799 0.00372613 -0.00466724 -0.012819 0.00706096 -0.00656221 0.0124378 -0.00446585 0.0021037 0.0193565 0.000221054 -0.0108822 -0.00565362 0.000361385 -0.00108265 
0.00167901 0.000797793 0.00412901 -0.00129607 0.000760794 -0.00481766 0.129168 -0.00697542 0.0124573 -0.00458822 0.00701499 0.00725646 -0.0110006 -0.00396901 -0.00525056 -0.00767881 -0.000121808 -0.00567466 0.00467771 -0.0107527 -0.00970169 -0.00313399 8.60242e-05 0.000801001 -0.0160643 0.00106299 -0.000252407 0.00139136 -0.00139853 0.0065331 0.00967724 -0.00128622 -0.0013608 0.00345591 0.00307276 -0.00277534 -0.00744329 0.00374377 -0.00523798 0.00667864 -0.00917649 -0.00107626 -0.00267961 0.00251369 0.00587911 -0.00354352 -0.00369027 -0.00863622 -0.00334597 -0.00213573 -0.00281318 0.00336861 -0.0044884 -0.00563715 -0.00502497 -0.000726814 0.00231833 0.00536105 0.00635158 -0.00181364 0.00480728 0.00523675 -5.29166e-05 0.00203168 -0.00421915 -0.000466676 -0.00569731 -0.00625207 -0.00490808 0.00335258 0.00533021 -0.00334796 -0.00597544 0.000101325 -0.0152815 -5.64766e-07 0.00177366 0.000786301 -0.000701281 0.00371104 -0.00464188 -0.00676397 -0.000603869 -0.000351953 -0.00395771 0.00343297 -0.000797243 -0.0167996 -0.004825 -0.00336486 -0.00923342 -0.00504959 -0.00690275 -0.00106433 -0.00355392 -0.00101578 0.00854121 0.0031184 0.00689411 0.00204352 
0.000876177 -0.00399907 0.00453517 0.00421418 -0.000806203 0.000593112 -0.00697542 0.112466 0.0063149 0.00191547 0.00256846 -0.00216157 0.0126255 0.00391717 -0.00698525 -0.00625497 -0.0016173 0.000488838 -0.00714715 0.000466494 -0.00101259 -0.00680571 0.00620986 -0.001676 -0.0113827 -0.00504246 0.00176587 -0.00451014 0.00543023 -0.00161193 -0.00139838 -0.00676878 -0.00430584 0.000643939 0.000191034 -0.00175774 -0.005678 -0.000891029 0.00200095 -0.00591736 0.0147749 -0.00697041 0.00126512 -0.00164188 7.94279e-05 -0.00309074 0.00830991 0.00224501 0.000599952 -0.000760479 -0.0123365 0.0021025 -0.00260179 0.000352989 -0.000566707 -0.000230046 0.000149896 0.000693376 -0.00224609 -0.00554101 -0.00732371 -0.00300828 -0.0107253 -0.00475888 0.00202283 -0.00434705 -0.0119887 -0.00639024 -0.00156407 0.00172854 -0.00318382 0.00318669 -0.000448102 -0.00407863 0.00530319 -0.00397624 -0.00535109 -0.0033628 0.000102435 -0.000702543 -0.000931635 0.00235977 0.00247121 0.0050584 -0.00339805 -0.00153644 0.00146951 0.00734686 0.00731226 -0.00529128 -0.00649549 -0.00275557 -0.0101081 -0.0051231 0.00598214 0.00174279 -0.00046836 -0.000904699 -0.00281214 -0.00215789 
0.000293299 -0.00284529 0.00447168 -0.0005234 0.0020308 0.00207305 0.0124573 0.0063149 0.120297 -0.00121323 0.00974652 0.00538385 0.000581759 0.0118556 0.00247978 -0.00398512 -0.00328724 -0.00496622 -0.00278067 0.00192661 -0.0057184 -0.000911367 -0.00757426 -0.00103196 -0.00852966 -0.00110344 -0.00259867 -0.00508354 6.81248e-05 0.00164689 -0.00510202 0.00155055 -0.00448078 -0.00248206 0.00254797 -0.00589436 -0.00377826 0.00148241 -0.00101969 -0.00148524 -0.00530484 -0.00850838 0.00416647 0.00168104 0.00183078 -0.00352963 -6.92273e-07 -0.00123523 0.00155864 0.00118546 -0.0045853 0.00858681 -0.00468044 -0.0143297 -0.00758695 0.000749502 0.0037264 0.00420863 0.000766901 -0.00346329 0.00114721 -0.00662788 -0.00182832 -0.00272987 -0.0108931 -0.0036412 -0.0109552 -0.00105692 -0.00277548 -0.000316945 0.00170068 -0.00681875 -9.40043e-06 0.00218732 -0.00368554 0.00103749 1.02091e-05 -0.000123802 -0.00406506 -0.00510012 -0.00137406 0.000115717 -0.00216251 0.0022398 -0.000967604 0.00265452 7.28481e-05 -0.0110317 -0.00356499 -0.00242275 -0.0118906 0.00130067 -0.00609385 0.000501846 -0.00129975 -0.00281325 0.00716651 -0.000177882 -0.00149293 -0.000264454 
-0.00382272 0.00756464 0.00553657 -0.00105009 -0.000713515 -0.000858738 -0.00458822 0.00191547 -0.00121323 0.106068 0.000480709 -0.00142569 0.00946885 0.000926191 -0.00049621 -0.00368914 0.00220817 -0.00240751 -0.00609473 -0.00870469 -0.00276007 -0.00065182 0.00282919 0.00626029 0.00441907 0.00465843 -0.00125286 -0.00277765 -0.00154746 0.00020754 2.95628e-05 -0.00838532 0.00325665 0.00468979 -0.00816096 0.00549026 -0.00301115 -0.000434229 -0.00200294 -0.00789289 -0.00271933 0.00235419 0.00397183 -0.00544414 -0.00372918 -0.00664662 -0.0011619 -0.0018229 0.00241801 0.0038592 -0.00838324 -0.00618027 0.000202408 0.000736356 -0.00339519 -0.000678859 -0.00115117 -0.00841341 0.00158674 -0.00160516 0.00130956 -0.0038322 -0.00159655 -0.00672583 0.00533867 -0.000834573 -0.00964704 -0.00107692 -0.00327501 0.0019303 -0.00178098 -0.00548021 -0.0053504 0.000461285 -0.00302944 -0.00328152 -0.00209849 0.0036842 0.000371888 0.00311685 -0.0012169 0.00159333 0.00030028 -0.00110801 0.00133344 -0.00392981 0.00618023 -0.00753059 -8.25006e-06 0.00120952 0.000686101 0.000851451 0.00309285 -0.00231639 -0.0136778 -0.00128948 -0.00274232 -0.000647173 -0.00720761 0.00235868 
-0.0021157 -0.000570324 -0.000358987 -0.003262 -0.00187411 0.0061168 0.00701499 0.00256846 0.00974652 0.000480709 0.110711 0.00856484 0.00688896 -0.00278553 -0.00334069 -0.000278798 -0.000856543 -0.00400554 -0.00577393 -0.00402333 -7.15921e-06 -0.00268433 -0.00296338 -0.00446078 -0.0129404 0.00326735 -0.00173878 0.00237093 -0.00213717 -0.00810767 -0.0025349 0.00150384 -0.00247179 0.00714683 0.00842695 -0.00235949 -0.00289809 0.00442204 -0.000229357 0.00280088 0.0204588 0.00140808 -0.000572759 0.00113032 0.00217101 -0.000678851 -0.00308667 -1.82541e-05 -0.000387655 0.000134144 -0.00216701 0.00189016 0.00255205 -0.00306728 -0.00780413 -0.00177793 -0.00564747 -0.00305618 0.000907242 -0.000265504 -0.00318837 -0.00441571 -0.00250723 -0.00191268 -0.0024319 0.00375659 -0.0104949 -0.000701653 -5.7254e-05 -0.00497377 0.00183451 -0.000197408 -0.00385666 -0.00468986 0.00293358 0.00162887 -0.00373446 -0.0087214 -0.00486824 -0.000647738 -0.00109267 -0.00429049 -0.000467674 -0.000707129 -0.00414926 0.00136944 -0.00237516 -0.0100993 -0.00940993 0.000493312 -0.00647052 -0.00683935 -0.00850126 -0.00102392 0.000947928 -0.00110992 -0.00437049 -0.00223238 -4.10689e-06 -0.00179646 
-0.0019569 0.00183342 -0.0130178 -0.00550745 0.00944296 0.00481165 0.00725646 -0.00216157 0.00538385 -0.00142569 0.00856484 0.196707 0.0109241 -0.000872778 -0.00454398 0.00764565 -0.00184256 -0.00360579 0.00201703 0.00237542 -7.09293e-05 -0.00394822 -0.0227833 -0.00227943 -0.00253207 -0.00226375 -0.00220978 -0.0113733 -0.00581459 -0.0118684 -0.00674757 -0.0124155 -0.00764347 0.00454862 0.0074224 -0.00505738 -0.0101795 -0.0028992 -0.00529539 -0.00217061 -0.00492866 -0.00812137 -0.000688166 -0.00703122 -0.00150003 -0.0075169 -0.0058072 -0.00846945 -0.00512137 -0.00401989 -0.0109293 0.00558186 -0.00922084 -0.0221088 -0.0178548 -0.00135421 -0.00536082 -0.00559805 -0.00312926 0.00106296 -0.00342261 -0.00826253 -0.00705293 0.0112595 -0.00938287 0.00359713 -0.00138508 0.00097308 -0.00451665 0.0151421 0.00312271 -0.00736023 0.00895886 -0.00369862 -0.00705953 0.00297181 0.0052056 0.0041 -0.00412459 0.00202284 -0.00305524 -0.00829439 -0.00518963 0.00245542 0.00260044 -0.00297443 0.00344385 0.0129592 -0.0024899 -0.00292328 0.00739033 -0.000979872 -0.0168286 0.00215222 -0.00799449 -0.00290142 0.0038419 0.00524642 0.0260188 -0.00789677 
-0.000609844 -0.00465849 0.00916991 0.00132074 -0.00202716 0.00624652 -0.0110006 0.0126255 0.000581759 0.00946885 0.00688896 0.0109241 0.177881 -0.00707979 0.00371644 0.00397235 -0.00255642 0.00302343 0.000539827 -0.0209576 -0.00891064 -0.00213271 -0.00361454 -0.00161184 -0.0121977 0.00775514 0.00176176 -0.00379258 0.000818185 0.00251235 -0.00705942 -0.0109139 -0.0152486 -0.0103501 -0.00366036 -0.00531378 -0.00937801 -0.00388354 0.0013526 0.00488666 0.00930337 -0.0113578 -0.00319252 -0.0114384 -0.00450148 -0.0117412 -0.00162397 -0.0015063 0.00255607 -0.000258094 -0.0185118 -0.00330384 -0.00273222 -0.00174314 -0.00974838 0.00147765 -0.00507271 0.000963843 -0.00179994 0.00133413 -0.00452523 -0.00234854 -0.00944524 -0.00378038 -0.00560224 -0.00640116 -0.00543759 0.00428174 -0.00978429 0.00782348 -0.00144084 -0.00593752 -0.00491226 -0.00653358 0.00872679 0.0107656 -0.00276757 0.0111375 -0.0043439 0.00484934 -0.00322734 0.00261748 0.00146439 -0.00488304 -0.010347 -0.00427299 -0.00315721 0.012748 -0.00268996 -0.00883541 0.0144713 0.00391718 -0.00727293 -0.00555728 0.00629188 -0.00729196 -0.00393676 -0.0037705 0.00715279 -0.00333689 
0.000723225 -0.00403805 0.000245984 0.0108305 0.00299592 0.0145058 -0.00396901 0.00391717 0.0118556 0.000926191 -0.00278553 -0.000872778 -0.00707979 0.171209 -0.0137687 -0.00131976 -0.0071319 0.00427161 -0.0024777 0.0204411 -0.00189864 -0.00825024 0.00350809 -0.00973555 -0.008239 -0.00218507 -0.00318346 -0.0109354 0.00218172 -0.00817323 -0.000870067 0.00838162 -0.00798583 -0.00371096 -0.00075303 -0.00205333 -0.000267726 -0.000704758 -0.000531075 -0.00924368 -0.00133075 -0.00796138 0.0116641 -0.00266557 -0.00145625 -0.00970753 0.00931394 0.0011765 0.000450756 0.000517004 -0.00552798 0.00111933 -0.00783801 -0.0205446 -0.0169293 4.5561e-05 0.00911769 0.00410398 0.00206652 -0.0068102 -0.00257314 -0.00801359 0.00259983 -0.00176225 -0.00893594 -0.00150625 -0.0181193 -0.0133453 0.00495798 -0.00930967 -0.00202757 -0.00257013 -0.010827 -0.00524798 0.00384512 -6.45781e-05 -0.000820594 -0.00777863 -0.00367806 -0.00267581 -0.0066353 -0.00659729 -0.00368889 0.00780028 0.00333954 -0.00230676 0.00363077 0.0019453 0.00228837 0.00379865 -0.00974352 0.00814729 0.00919828 -0.00128313 0.0191688 -0.00549882 -0.0115736 -0.00460875 -0.0133423 0.00118146 
-0.000473069 0.00631656 -0.00184838 -0.00166922 0.00273375 -0.00676563 -0.00525056 -0.00698525 0.00247978 -0.00049621 -0.00334069 -0.00454398 0.00371644 -0.0137687 0.168495 0.0123309 0.00627094 -0.00547329 -0.00446754 0.00904529 0.00417143 -0.0129437 -0.0100591 -0.00416791 0.0227291 0.000781917 0.0015072 0.00277652 -0.00342785 0.00390066 -0.00046539 0.00603175 0.00156814 -0.0027347 -0.0135367 -0.00506166 0.00274243 -0.00504711 -0.00128883 -0.0112625 -0.00884149 -0.00206208 -0.00202934 -0.00259598 -0.00422829 0.00615422 -0.00640494 -0.0098779 -0.00183374 0.00551677 -0.00133937 -0.000103199 0.00383013 0.00590725 0.00696651 -0.000169078 -0.00583193 0.00354152 0.000581551 -0.000123412 0.00651279 -0.00704393 -0.000776675 -0.00428953 -0.0164883 -0.0015646 -0.00971957 -0.0124239 -0.00888723 -0.0121525 -0.00460615 -0.00815526 0.0150665 -0.0103582 -0.00782262 0.000889952 -0.00434159 0.00274997 0.00174013 0.000720981 0.0101952 -0.00385986 0.00322652 -0.00447774 -5.51575e-05 0.00117701 -0.00498914 -0.0183804 -0.00770527 -0.00530554 0.00608289 -0.00356087 0.00498665 -0.008311 -0.0138333 -0.000969608 0.0111479 -0.00112467 -0.0048494 0.00197885 
-0.000281545 0.00453671 -0.00390613 -0.00219751 0.000257495 -0.0144517 -0.00767881 -0.00625497 -0.00398512 -0.00368914 -0.000278798 0.00764565 0.00397235 -0.00131976 0.0123309 0.155144 -0.00268313 0.00496807 0.0190395 0.00290747 0.0054391 -0.000584854 -0.0177369 -0.00237657 0.00913414 -0.00376049 -0.00277355 -0.00641342 -0.00134441 -0.00453842 -0.00908044 0.00657437 -0.00206088 -0.00137337 -0.00891451 -0.00944105 -0.00103093 -0.00585706 -0.00683037 -0.00694344 -0.00288816 -0.0080963 -0.00909133 -0.00767772 -0.00822511 0.00555732 -0.00276791 -0.00607623 -0.000912802 -0.00217464 -0.00219754 -0.0147215 -0.00347762 -0.00838842 -0.00461145 -0.00182777 -0.00896633 -0.000541396 -0.000376028 0.000241866 0.00124969 -0.00587917 -0.0010209 0.00651378 -0.00308831 -0.000102574 0.00201219 0.00251701 0.00628538 0.0176848 -0.00278397 0.00201733 0.00555517 0.00531382 -0.00440367 -0.00787479 -0.00568583 0.00252821 0.0018944 -0.00431372 -0.00166761 0.00100202 -0.00188288 -0.00674769 -0.0067017 0.00141824 -0.00474214 0.0104126 -0.0103947 -0.00847643 0.00581696 -0.00870655 -0.00594359 -0.00764454 0.00373863 -0.00857826 0.0159969 0.00297902 -0.000423326 0.00518309 
-0.00164534 0.0023237 -0.00250802 0.00161265 -0.00248699 -0.00310915 -0.000121808 -0.0016173 -0.00328724 0.00220817 -0.000856543 -0.00184256 -0.00255642 -0.0071319 0.00627094 -0.00268313 0.0621564 0.0015812 -0.00163197 -0.00295015 0.00246159 0.000671447 -0.000352986 0.000111869 0.00285919 -0.000654387 0.00362877 0.00295473 0.00158413 0.00510971 -0.00159293 -0.00286952 0.00171806 -0.00176468 -0.00557281 -0.00215675 0.00258943 -0.000493691 0.00141024 -0.00501025 -0.00881853 0.00157402 -4.23722e-05 -0.0011082 0.000784961 -0.00223677 -0.00129538 0.00140233 0.000619528 -1.47047e-05 -0.00114671 -0.00274761 0.000801196 0.00266808 0.000992901 -0.000258322 -0.00181424 -0.00246059 -0.000804673 -0.000735361 0.000669314 -0.00280131 -0.00327767 -0.00251627 -0.000217844 -0.00183318 -0.00331881 -0.00113069 0.00142746 -0.00323319 -0.00137781 -0.00169994 0.00112527 -0.00243034 -0.00601601 -0.000689029 0.000373952 0.000602048 0.000808496 -0.00166982 0.00307343 0.000259406 -0.00105045 -0.00158578 -0.000377072 0.000102537 -0.000906151 -0.000733036 0.0104339 -0.000612999 -0.00175701 -0.00186062 0.0018413 -0.00117749 -0.00359058 0.000196931 -0.00435454 0.000200239 -0.00124788 -0.00136399 
-0.00235388 -0.00277533 -0.00168113 0.000740126 -0.00357379 -0.00778624 -0.00567466 0.000488838 -0.00496622 -0.00240751 -0.00400554 -0.00360579 0.00302343 0.00427161 -0.00547329 0.00496807 0.0015812 0.105492 0.00380277 0.00611746 0.000325473 -0.00151284 -0.000221822 0.002091 0.00323789 -0.00160127 -0.00189088 0.00268994 -0.00205044 -0.000243969 -0.00440582 0.0113437 -0.00496003 -0.00217197 0.00543665 -0.000295377 -0.00126291 -0.00329685 -0.00341566 -0.00431825 -0.000831394 0.00411185 0.00103723 7.03396e-06 9.15099e-05 -0.000844798 -0.00265213 -0.00156734 -0.00137303 -0.00124951 -0.00259838 -0.00198153 -0.00226991 0.0017647 -0.000687994 -0.00119345 -0.00247705 -0.00467841 -0.00205336 0.000580045 -0.0025211 -0.000208203 -0.00603097 0.000380533 0.00183732 -0.00441462 -0.00377473 -0.00800548 0.00482646 -0.00440508 -0.00591632 0.00405354 -0.000422653 -0.00253233 -0.00458528 -0.0036944 0.000459681 -0.00140868 -0.00386339 0.00068657 -0.00518682 0.000785326 -0.00121096 -0.000137618 -0.00022803 -0.00168013 -0.00116099 0.00854388 -0.0027079 -0.00464038 0.00076855 -0.000909936 -0.00563426 -0.00324852 0.000402893 -0.00332214 0.00326829 0.00179962 -0.0068385 8.45063e-05 
0.00522448 0.00200605 -0.00546403 -0.000165889 0.00583361 -0.00451163 0.00467771 -0.00714715 -0.00278067 -0.00609473 -0.00577393 0.00201703 0.000539827 -0.0024777 -0.00446754 0.0190395 -0.00163197 0.00380277 0.186212 0.00641261 -0.0135225 0.00710923 0.0141863 -0.00169498 -0.012627 -0.00407638 -0.00867451 -0.00205015 -0.00447187 -0.00745321 -0.002506 -0.0118553 -0.0178567 0.00562725 -0.0222099 -0.00492467 -0.00317598 -0.00484445 -0.00696681 -0.00343863 -0.00211358 -0.0112545 -0.00269212 -0.00661897 0.00468391 0.00321054 -0.00318143 -0.00188665 -0.00289125 -0.00434719 0.00494988 0.00744159 0.00232866 -0.00221534 -0.0195383 0.00210642 0.00337986 -0.000569972 0.002256 -0.000999474 0.00490856 -0.00272461 -0.011503 -0.000723608 -0.0170093 -0.010043 -0.0121098 -0.015571 -0.00477792 0.00839247 -0.00313895 -0.00211335 -0.00650077 0.00571455 0.0136604 0.0130647 0.0111292 -0.000781155 0.000558614 0.00276004 -0.00576125 -0.00606603 -0.00403302 0.0047556 -0.00550499 0.00351653 -0.00444874 -0.00416962 -0.0090878 0.00416358 -0.00509891 0.0038049 0.00275486 -0.00156897 0.00944249 -0.010631 0.000378615 -0.00506076 -0.00361161 0.00116158 
0.00554619 -0.00681149 -0.0140624 -0.00485828 0.00946842 0.00637562 -0.0107527 0.000466494 0.00192661 -0.00870469 -0.00402333 0.00237542 -0.0209576 0.0204411 0.00904529 0.00290747 -0.00295015 0.00611746 0.00641261 0.174844 -0.00817401 0.00763072 -0.00299628 -0.000979715 0.0157871 -0.00816012 -0.00717186 -0.00140276 -0.00345557 -0.00687715 -0.0115796 0.00819391 -0.00465902 -0.00323645 -0.0254285 -0.00925398 0.00584982 -0.00532965 -0.00305527 -0.0152777 -0.00289608 -0.0102797 0.0031961 -0.00803728 -0.00213796 -0.00121522 -0.00526403 -0.00404874 -0.00504656 -0.000395208 -0.00292725 -0.00122297 -0.00963138 0.0095978 0.00744662 0.00162644 -0.00145644 0.00443892 -0.00360478 -0.0011255 -0.0025443 -0.0161472 -0.0135208 0.00424557 -0.0114168 -0.00235083 -0.0021108 -0.0125564 0.00153597 -0.00241941 -0.00517739 -0.00260273 0.00659802 -0.00400195 0.00861915 -0.00478275 -0.00155608 -0.00889149 0.000338444 -0.00228817 -0.00182638 -0.00812953 -0.00176339 0.00418728 0.00383021 -0.00350317 -3.09679e-05 0.0135246 0.00896563 0.0132629 -0.0147206 0.00702742 0.00474337 -0.00695113 0.00645697 -0.00397355 0.00207002 -0.00278328 -0.00841819 -0.00118523 
-0.00756015 -0.00164641 0.001266 -0.00237158 0.00283942 -0.0116801 -0.00970169 -0.00101259 -0.0057184 -0.00276007 -7.15921e-06 -7.09293e-05 -0.00891064 -0.00189864 0.00417143 0.0054391 0.00246159 0.000325473 -0.0135225 -0.00817401 0.178602 -0.0111826 -0.00986955 -0.00127684 -0.000550588 -0.00546238 -0.00208385 -0.00297579 0.0048037 -0.00351123 -0.00499422 -0.00076941 -0.00497699 -0.00131623 0.0122971 0.00381823 0.000344269 -0.00337554 -9.17879e-05 -0.0122569 -0.00192592 0.00243055 -0.0104553 0.00410743 -0.00469947 0.00298789 -4.76827e-06 -0.00361354 -0.00208881 -0.00469676 -0.0165231 -0.00106137 -0.0053841 0.00203771 0.00287609 -0.00120172 -0.0100715 0.00261224 -0.000951506 -6.20802e-06 -0.00184065 -0.00556707 -0.00226414 -0.0118391 0.0130115 0.00648287 0.000389024 -0.0123007 0.0166269 -0.00509887 -0.00452101 -0.00604298 0.00506035 -0.00274647 -0.0191087 -0.00675197 -0.0125118 -0.00348708 -0.00434673 -0.0106739 0.00290275 -0.00651006 0.000616809 -0.006715 -0.00295373 0.00750045 -0.00465809 0.00554073 0.0103492 -0.000701983 0.00247657 0.00300525 -0.000569374 -0.00500074 -0.00308283 0.00431037 0.0156376 0.00278408 0.00947055 0.00212033 
-0.00359918 0.000178643 -0.00342601 -0.00415777 -0.00377347 -0.000315247 -0.00313399 -0.00680571 -0.000911367 -0.00065182 -0.00268433 -0.00394822 -0.00213271 -0.00825024 -0.0129437 -0.000584854 0.000671447 -0.00151284 0.00710923 0.00763072 -0.0111826 0.142141 -0.013955 -0.00327203 0.0236797 0.00630486 -0.00112083 -0.00223089 0.00110685 0.0123886 -0.00050375 -0.0146962 -0.00048329 -0.00552831 -0.00627705 -0.00732209 -0.00103906 -0.00721443 0.000664728 -0.00701254 -0.0155993 -0.0026066 -0.00335783 -0.0075688 -0.00443305 0.000743245 -0.00675028 -0.00216467 -0.00354854 -0.00292416 0.0161133 -0.000168431 -0.00153611 -0.0121411 0.0076467 -0.00180848 -0.00440589 -0.0129321 0.000857804 -0.000603319 -0.00511533 -0.00420323 -0.00234991 0.00313535 -0.0022758 -0.00731977 0.00275471 0.00571968 -0.00437539 0.00670319 -0.00441146 -0.000564692 -0.0108483 0.00376967 0.0130785 -0.00515499 0.00160857 0.00638385 -0.000137866 -0.00297363 -0.000830469 -0.00410971 -0.00436925 -0.00318404 0.00263069 0.00308553 0.00156238 0.00369394 0.0040474 0.00553008 -0.000503079 -0.00280015 0.00396215 0.000879172 0.00606237 -0.00430188 -0.00653379 -0.00115979 -0.000206543 -0.000896941 
-0.00192726 -0.00341002 -0.00785922 0.000582457 -0.00728827 0.00485566 8.60242e-05 0.00620986 -0.00757426 0.00282919 -0.00296338 -0.0227833 -0.00361454 0.00350809 -0.0100591 -0.0177369 -0.000352986 -0.000221822 0.0141863 -0.00299628 -0.00986955 -0.013955 0.178791 0.00638058 -0.00154588 0.000815764 0.0119968 -0.00312451 0.000156257 -0.00694028 -0.00330048 -0.0125735 -0.00390376 0.00853827 -0.000227186 -0.00261844 -0.00417248 -0.0107234 -0.00482648 -0.00234308 0.00456339 0.0107705 0.00033701 -0.000494115 0.00526428 -0.00641184 0.0154257 0.00860104 0.00198299 -0.00276986 -0.000642897 0.00844954 0.00385211 0.00494325 -0.0140296 -0.00110145 0.0054881 -0.00523461 0.000945957 -0.0086081 -0.00677334 -0.00334476 -0.00143277 0.00311099 -0.00257669 -0.00411396 -0.01033 -0.00337872 -0.00910693 -0.0223453 -0.00752745 -0.00424558 -4.36781e-05 -0.00656544 -0.00417474 0.00704409 -0.00391214 -0.00324165 -0.0055021 -0.00346901 -0.00397405 -0.00654008 -0.00153936 0.003648 -0.00220313 0.00192694 0.0042413 0.0031118 -0.0116118 0.00193264 -0.00374933 0.00587232 0.00259153 -0.00577271 0.0144498 0.00546531 -0.00503523 -0.00267193 -0.00355864 -0.00601083 
-0.00178671 0.00516491 0.000625618 -0.00273768 0.00138657 -0.0022717 0.000801001 -0.001676 -0.00103196 0.00626029 -0.00446078 -0.00227943 -0.00161184 -0.00973555 -0.00416791 -0.00237657 0.000111869 0.002091 -0.00169498 -0.000979715 -0.00127684 -0.00327203 0.00638058 0.106382 0.00456267 0.00255982 0.00561963 0.00204496 -0.000209568 -0.00455729 -0.00116564 -0.00869613 0.0023692 -0.00175241 -0.00819185 0.000327541 -0.000219552 -0.00234778 0.000155551 0.00431682 -0.0126892 -0.00158052 -0.00309093 -0.00304291 -0.0017805 0.000303139 -0.00385121 -0.00610932 -0.00120561 -0.000757319 -0.00723716 -0.0024729 -0.00534911 0.000183579 0.00264186 0.000115315 -0.00222974 -0.00410095 -0.000650942 -0.00458495 0.00627704 -0.000316162 -0.0011985 -0.00167617 0.00545076 -0.00301284 -0.0023541 0.00770368 -0.00163296 -0.0021676 -0.000995942 -0.00230561 -0.00685256 -0.00153434 -0.00115963 0.00178172 0.00294902 0.00450086 0.00666253 -0.000279459 -0.00255032 -0.00170933 0.00344144 -0.00115619 -0.00395809 -0.00249762 -0.00124788 -0.00460886 -0.00535177 0.00282576 -0.0053365 -0.000729782 -0.00494223 -0.00407115 -0.0104946 -0.0012735 0.00473828 0.00356294 -0.0020411 0.00238965 
-0.00232257 0.00991686 -0.00800351 -0.00619378 -0.00440504 -0.0133197 -0.0160643 -0.0113827 -0.00852966 0.00441907 -0.0129404 -0.00253207 -0.0121977 -0.008239 0.0227291 0.00913414 0.00285919 0.00323789 -0.012627 0.0157871 -0.000550588 0.0236797 -0.00154588 0.00456267 0.202599 0.000340369 0.00133947 0.000195699 -0.00225648 0.00219902 -0.0048242 -0.00968245 0.00506673 -0.00457816 -0.00783446 -0.0130589 0.00596568 -0.0124341 -0.00668048 -0.00713485 -0.0118744 0.00208098 -0.00399389 -0.00430321 -0.00724109 -0.00104068 -0.00660547 -0.00724579 -0.00333707 0.00249145 0.00966628 -0.00935119 -0.00950082 0.00834213 0.0160773 0.000565215 -0.00260611 -0.0161115 -0.00354169 -0.0020478 -0.0026464 -0.0124177 -0.00337171 0.00503437 0.000336023 0.0014442 0.00526209 -0.00137255 -0.00565538 -0.000951461 0.00147275 -0.00790546 0.00758498 -0.00482662 0.00578078 -0.00663034 -0.00780965 0.0150581 -0.0021343 -0.00606858 0.00397416 -0.0046112 -0.000981435 -0.00820259 0.00368377 -0.00600262 -0.00315394 0.00526907 0.00628125 0.000108028 -7.62141e-05 -0.00791642 0.00237846 -0.010308 -0.0106613 -0.00961305 -0.000850832 -0.00340148 -0.00606165 -0.0051538 
0.00183063 0.000859755 0.00247396 -0.00155714 -0.00276533 0.00217033 0.00106299 -0.00504246 -0.00110344 0.00465843 0.00326735 -0.00226375 0.00775514 -0.00218507 0.000781917 -0.00376049 -0.000654387 -0.00160127 -0.00407638 -0.00816012 -0.00546238 0.00630486 0.000815764 0.00255982 0.000340369 0.0909848 0.0102673 -0.000344895 0.000249357 0.00262828 0.000705423 -0.00266267 0.000930913 0.000202971 0.0043056 -0.00402828 -0.00117956 -0.000100507 0.00231542 -0.00116286 -0.00127308 0.00290619 -0.00224022 -0.0022439 -0.00261279 -0.00349495 -0.000909726 -0.00221183 0.000624092 0.000307254 0.00238247 -0.00863049 0.00198951 -0.00809394 -0.00366629 -0.000961461 -0.00146671 -0.00357473 0.00111421 -0.00369882 -0.000828373 -0.00390964 0.00236126 0.00319317 -0.00399521 -0.00196561 -0.00331969 -0.00243081 0.000277159 -0.00193651 0.000312165 -0.00194573 -0.00273619 -0.00316356 -0.00171028 -0.00122824 0.000140428 -0.0036355 -0.00139694 0.000983425 0.000287128 0.00317834 -0.00285384 -0.00109139 -0.000326804 -0.00555294 0.00211007 -0.00468289 -0.00913029 -0.00165989 0.00601559 -0.00318361 -0.0042115 -0.000853204 -0.00805665 0.00143265 -0.00295766 -0.00176036 -0.00275835 -0.000614977 
-0.00114722 0.00133249 -0.00511007 -0.00289472 -0.00749396 -0.00707225 -0.000252407 0.00176587 -0.00259867 -0.00125286 -0.00173878 -0.00220978 0.00176176 -0.00318346 0.0015072 -0.00277355 0.00362877 -0.00189088 -0.00867451 -0.00717186 -0.00208385 -0.00112083 0.0119968 0.00561963 0.00133947 0.0102673 0.122602 0.00192864 0.00288292 0.00442139 0.000104884 0.00264488 -0.0036167 0.000167093 -0.00240686 -0.00406704 -0.00474217 -0.00747971 -0.000664169 -0.000372747 -0.00306875 -0.000956562 -0.00554923 -0.0042973 -0.0025072 0.00544707 0.00218437 -0.00154686 -0.00243747 -0.00043265 0.0008 -0.00843634 -0.00696334 -0.0108123 -0.00175759 0.000332974 -0.00390759 -0.00130559 -0.00479895 -0.00521129 -0.00184458 -0.00123663 0.00954949 0.0051708 -0.00524039 0.00118574 0.0118277 0.00781991 -0.00118693 0.00158407 -0.00195696 -0.00291635 -0.000860097 -0.00329063 -0.0107004 -0.00348553 -0.000492032 -0.000635858 0.00242989 -0.0024427 -0.00332266 0.00416323 -0.000339026 -0.00365523 0.00308798 -0.00429383 0.00329578 0.000311276 -0.00246892 -0.002765 -0.00170693 -0.00411606 -0.00435788 -0.00463463 -0.00897863 -0.000925894 -0.00309043 -0.00428134 -0.00287868 0.000950944 
-0.00141983 -0.00140294 0.00233189 -0.00452139 -0.00238506 -0.00273546 0.00139136 -0.00451014 -0.00508354 -0.00277765 0.00237093 -0.0113733 -0.00379258 -0.0109354 0.00277652 -0.00641342 0.00295473 0.00268994 -0.00205015 -0.00140276 -0.00297579 -0.00223089 -0.00312451 0.00204496 0.000195699 -0.000344895 0.00192864 0.102429 0.000137254 -0.00457491 -0.000805466 0.00742447 0.00311739 -0.00119849 -0.00175078 0.00234574 -0.000251616 -0.000917124 -0.00320707 -0.00101678 -0.0111541 0.0046263 -0.00618285 -0.00194733 -0.00181356 -0.00211245 -0.0103627 0.0010485 0.000221733 -0.00149297 0.000619763 -0.00381495 -0.00228467 0.00626101 0.00941594 -0.00200599 -0.0022795 0.000453816 -0.00231711 0.00130895 0.00514443 0.0045455 0.00560789 0.00305856 -4.98406e-05 0.000244091 0.00540383 0.00663545 -0.00262374 -0.00619615 -0.00428619 -0.000600361 -0.00665977 -0.00154185 -0.00572477 -0.00668402 0.00404376 -0.00385198 -0.00156402 0.000265356 0.000996485 0.00185355 -0.000745042 -0.00120168 -0.00255683 -0.00395975 -0.00132784 -0.00518245 -0.00215143 -0.00137644 -0.002073 -0.00223962 -0.00241899 0.00469947 -0.00518535 0.00720619 -0.0076429 -0.000369187 0.00210132 -0.000717622 
-0.00220381 -0.00179136 0.00134681 0.000369078 -0.00111281 -0.00346523 -0.00139853 0.00543023 6.81248e-05 -0.00154746 -0.00213717 -0.00581459 0.000818185 0.00218172 -0.00342785 -0.00134441 0.00158413 -0.00205044 -0.00447187 -0.00345557 0.0048037 0.00110685 0.000156257 -0.000209568 -0.00225648 0.000249357 0.00288292 0.000137254 0.0643896 -0.000376507 -0.00197085 0.00122107 -0.00198261 -0.00105639 -0.00439297 -0.00239146 -0.00068318 -0.000729716 0.0015887 -0.00463421 -0.00156451 -0.00302962 -0.000565866 0.0007698 -0.00163245 0.000865262 0.00170739 0.000267916 -0.00113065 -0.00104491 -0.00508387 0.00172979 -0.000431237 0.00671124 0.000530409 7.2946e-05 0.00108901 0.00337438 -0.00137637 -0.00270468 0.00102475 -0.000104651 -0.00350258 -0.000565227 -0.00369007 -0.00328647 -0.00614617 -0.00362003 0.00101923 -0.00174615 -0.00167205 -0.000353888 0.000913689 -0.0011926 -0.00186074 0.00334364 0.000381471 -0.00245864 -0.00156731 -0.00073763 -0.000865232 0.00023428 -0.000734193 0.000646415 -0.0023308 -0.0013862 7.09408e-05 0.00357138 0.00659631 -0.00459517 -0.00183059 -0.000435865 -0.0028138 -0.0019482 -0.00277932 -0.0010958 -0.000163397 -0.00108993 0.00194759 0.00284008 
-0.00230815 -0.00333995 -0.00262727 0.000456914 -0.00525793 -0.00423282 0.0065331 -0.00161193 0.00164689 0.00020754 -0.00810767 -0.0118684 0.00251235 -0.00817323 0.00390066 -0.00453842 0.00510971 -0.000243969 -0.00745321 -0.00687715 -0.00351123 0.0123886 -0.00694028 -0.00455729 0.00219902 0.00262828 0.00442139 -0.00457491 -0.000376507 0.132732 0.0152182 0.00573215 0.00337901 0.00105861 0.00262193 -0.00618846 0.00137947 0.00389703 -0.000197175 0.00464188 -0.0122849 -0.00788621 -0.00263052 -0.0027044 0.0014271 -0.0027387 -0.0080506 -0.00498145 -0.00229775 -0.00118976 0.00256302 -0.00709444 0.000522453 -0.00449425 0.0122455 -0.00146809 -0.00170052 -0.00353293 -0.00217444 -0.00086992 -0.00468153 -0.00281205 -0.00452192 -0.00402533 -0.00110629 -0.00882088 0.00714928 -0.0039841 -0.00417543 -0.00287022 -0.00133601 -0.00136445 -0.00912276 0.0016473 0.00247704 0.000236677 -0.000184916 0.00680731 0.0036474 -0.0050669 0.000332979 0.00462374 0.00283711 -0.00536312 -0.00306984 -0.00319464 -0.00322738 -0.00269071 0.00154549 0.00253408 -0.00207749 -0.006694 0.00466408 -0.00316082 -0.0067682 -0.00115281 -0.00617307 -0.00279705 -0.00648862 -0.00191017 
0.00574717 0.000694219 -0.000609565 0.00345288 0.000392099 -0.00566434 0.00967724 -0.00139838 -0.00510202 2.95628e-05 -0.0025349 -0.00674757 -0.00705942 -0.000870067 -0.00046539 -0.00908044 -0.00159293 -0.00440582 -0.002506 -0.0115796 -0.00499422 -0.00050375 -0.00330048 -0.00116564 -0.0048242 0.000705423 0.000104884 -0.000805466 -0.00197085 0.0152182 0.127952 0.00617888 0.00792519 -0.00404338 0.0095105 -0.00197178 -0.000458183 -0.000356946 0.000385816 0.00128183 -0.0112536 -0.00347904 0.00325552 -0.00566827 -0.00305485 -0.00213989 -0.00294656 0.00177325 -0.00320691 0.00107441 0.00250637 -0.0033078 -0.00417321 -0.0062902 -0.00100988 -0.00129109 0.00268417 0.000924023 0.00153916 0.00267217 -0.00602694 0.00794469 0.000573909 -0.00298713 -0.00828055 -0.00502842 -0.00289288 -0.00370347 -0.00405501 -0.0057641 0.00587532 -0.00314874 -0.00441496 0.00372488 0.00633766 -0.00214551 -0.00290195 -0.0051179 0.00106459 -0.000740506 -0.00522305 -0.00492334 0.00245615 -0.000219079 -0.00366849 -0.0049685 -0.00192918 -0.0130568 0.00381757 0.00288268 -0.00920328 -0.00153505 0.00112925 -0.000650963 -0.000884501 0.000917262 -0.00527639 -0.00168656 0.00339053 -0.00353335 
-0.00591165 -0.00406777 -0.000434641 -0.00852437 -0.0034452 -0.014353 -0.00128622 -0.00676878 0.00155055 -0.00838532 0.00150384 -0.0124155 -0.0109139 0.00838162 0.00603175 0.00657437 -0.00286952 0.0113437 -0.0118553 0.00819391 -0.00076941 -0.0146962 -0.0125735 -0.00869613 -0.00968245 -0.00266267 0.00264488 0.00742447 0.00122107 0.00573215 0.00617888 0.182741 0.00466126 -0.00940389 0.0144548 -0.000894325 0.007565 0.000409382 -0.00446208 -0.00679024 0.00600709 -0.00014082 -0.00246369 0.00309983 0.00419686 0.00180937 -0.0093822 -0.00184685 -0.00554386 0.0028039 -0.000685192 -0.00637809 0.00611218 0.0140657 0.0104576 -0.00306628 -0.00295426 -0.00124107 -0.00380638 0.000815515 -0.00540624 -0.00767569 -0.00727506 0.0054617 -0.00490856 -0.00633529 0.00175686 -0.00169314 0.00550704 -0.00973283 -0.000735267 0.00543979 -0.000865864 0.000151514 -0.00625752 -0.00471655 -0.00510209 -0.00640489 -0.00500763 0.00265793 -0.00390909 0.00350895 -0.00291853 -0.00729051 -0.00266429 -0.0071453 -0.00411114 0.00292852 -0.0115233 0.000180588 -0.00580485 -0.00854012 -0.00892005 0.000786455 -0.00202313 0.00611121 -0.00491282 -0.000570279 -0.0149598 -0.00369009 
-0.000705209 -0.000515378 -0.00085504 -0.00238484 -0.00616275 -0.00797016 -0.0013608 -0.00430584 -0.00448078 0.00325665 -0.00247179 -0.00764347 -0.0152486 -0.00798583 0.00156814 -0.00206088 0.00171806 -0.00496003 -0.0178567 -0.00465902 -0.00497699 -0.00048329 -0.00390376 0.0023692 0.00506673 0.000930913 -0.0036167 0.00311739 -0.00198261 0.00337901 0.00792519 0.00466126 0.113901 0.00616014 0.0180685 0.00334077 0.0103372 0.00571154 0.00106361 0.00117855 -0.00341883 0.00933829 -0.00199133 0.00186978 -0.00575647 -0.00275047 -0.00443165 -0.000841319 -0.00133798 -0.00178343 0.00352725 -0.0100812 0.00139976 0.00211294 0.009984 -0.0017307 0.000183544 -0.0110972 0.000508345 -0.000705287 -0.00387395 0.00340311 0.00274145 -0.00696067 0.00436633 0.00462813 0.000801842 0.00407088 -0.00208384 -0.00268682 -0.000461627 -0.000611365 0.00184592 -0.00152433 -0.0171852 -0.00687158 -0.00500399 -0.00514405 -0.000132431 -0.0023856 0.00402994 -0.000820034 -0.00313797 -0.00484239 -0.00108322 -0.000116296 -0.00075565 -0.00882365 -0.00518464 -0.00360171 0.00309648 -0.00317117 -0.000163623 0.00659777 -0.00929446 -0.000605541 -0.00138358 -0.00119448 -0.00399449 -0.00264512 
-0.00105905 -0.00256073 -0.00150067 -0.00185998 -0.0026096 -0.000999794 0.00345591 0.000643939 -0.00248206 0.00468979 0.00714683 0.00454862 -0.0103501 -0.00371096 -0.0027347 -0.00137337 -0.00176468 -0.00217197 0.00562725 -0.00323645 -0.00131623 -0.00552831 0.00853827 -0.00175241 -0.00457816 0.000202971 0.000167093 -0.00119849 -0.00105639 0.00105861 -0.00404338 -0.00940389 0.00616014 0.135336 -0.000145667 0.00449876 -0.00015182 0.00324832 -0.000922402 0.00813177 0.00255822 0.00119585 0.000195377 0.0113127 -0.00152768 0.00202651 0.00385146 -0.00456405 -0.00390265 -0.00397419 -0.00721276 -0.00217895 0.00414057 -0.00442754 -0.00308591 -0.00106843 -0.00795699 -0.00712319 0.00299583 -0.0012482 -0.002452 -0.00225391 -0.000726291 -0.00153162 0.00931169 0.00804424 -0.00456784 -0.00702996 -0.0020001 -0.00045065 -0.00226972 -0.00389071 -0.00197561 -0.00553929 -0.00547284 -0.0117027 -0.00414002 -0.00542589 -0.000229797 -0.00348688 0.000913456 -0.00197963 -0.001313 0.00478151 0.000476707 -0.00246492 -0.00102988 -0.00805808 -0.0101633 0.00107623 -0.00367938 -0.00131174 -0.00718665 -0.00645499 -0.0108328 0.00329732 0.00282855 -0.00430174 -0.00994612 -0.00181037 
