0.0666863 -0.0011628 -0.00156287 -0.000492507 -0.00163455 -0.000926399 0.0011136 -0.000121185 0.000192995 0.0027641 0.000531805 -0.00112688 -0.00294959 -0.000549785 0.00550121 -0.000771265 -0.00415582 -0.00811532 -0.00278675 -0.00487189 -0.00173557 -0.000509224 0.000141031 -0.00473938 -0.00188357 -0.00304791 0.00489107 -0.00333902 -0.00632017 0.00264743 -0.00137175 0.000772991 0.000200759 -0.000366751 -0.00143155 0.000892985 0.00147234 -0.000704249 -0.00270804 -0.00239537 -0.00133505 -0.00262495 -0.00169157 0.000419037 -0.0017492 -0.00270578 -0.00016173 0.00208929 0.000989446 0.00140958 -0.00377425 -0.000466468 0.000545911 0.00283731 -0.00409335 0.000507009 -0.00114564 -0.00166955 -0.00107309 -0.00158754 0.000174297 -0.000655952 -0.00193491 -0.000457646 -0.00159515 -0.000678351 -0.00174151 -0.0011313 0.00290837 -0.00196023 -0.00115645 -0.00111598 0.000123745 0.00122238 0.00168539 -0.00194169 0.000154535 0.000955368 -0.00047304 0.0024669 -0.000423306 -0.00044126 -0.000183206 -0.00317532 0.000338956 0.00355347 -0.00319011 0.00154418 3.93504e-05 0.000112018 -0.00289402 -0.00174915 0.00334775 0.00369795 -0.00174191 -0.00386706 -0.00259273 0.00444714 -0.00121348 -0.0012059 
-0.0011628 0.114957 0.0110247 0.00238175 0.00757996 0.00218588 0.00715169 -0.00459217 0.00550972 -0.00618743 0.00519315 -0.00604062 -0.00421791 -0.0114861 0.00152999 -0.000878868 0.00633722 0.0138293 0.00603087 0.00272091 -0.0181837 -0.00611523 -0.00389527 -0.0103381 -0.0125569 -0.01784 -0.00279781 -0.00921559 -0.00929347 0.0021001 0.000497729 -0.00154467 0.00306404 -0.000632884 0.00107812 -0.00397448 0.000646794 0.00238201 -0.00230658 -0.0038698 0.000297923 -0.00148177 -0.00109855 0.000191916 0.00169643 -0.0052651 -0.000272041 -0.00292482 -0.00136899 0.00124363 -0.010775 -0.00825757 0.00431689 0.00788808 0.00115746 -0.00283378 0.00712213 -0.00171107 0.000565883 -0.00203819 -0.00413853 0.00388104 -0.00152926 -0.00255266 0.022317 -0.00310774 -0.00832475 -0.00750433 -0.000890791 0.00128227 0.00547257 -0.000148004 0.000153562 -0.00158421 -0.005346 -0.0150998 0.00431894 -0.00319072 -0.00131285 -0.0127837 -0.0030434 -0.00236566 -0.00459192 -0.000173328 -0.00379339 -0.00589334 -0.00106531 -0.00634564 1.40946e-05 -0.00276312 0.00584943 -0.00645557 -0.0028785 -0.00411204 0.013827 -0.00363831 -0.00176485 0.00620137 0.000509241 0.00704712 
-0.00156287 0.0110247 0.161108 0.0018838 0.0070265 -0.00728938 0.013298 0.000955794 0.00132801 -0.00405588 -0.00142383 -0.00726485 0.000906011 -5.18519e-05 -0.0022028 -0.00372615 -0.00409436 0.00321251 -0.00464542 0.00181297 -0.0136067 -0.00806159 -0.00744994 -0.0128112 -0.00218229 -0.0109021 -0.00496051 -0.0101569 0.0129918 -0.00850089 -0.00396219 0.00631515 0.00139421 0.00142869 -0.00461611 -0.00286985 -0.00063661 -0.0013961 -0.00843313 -0.0101654 -0.000739044 -0.00853906 7.65444e-05 0.00403114 0.00107363 -0.00458508 0.000664193 -0.00873193 -0.00215298 0.00177447 -0.0173517 0.0143872 -0.000524196 0.00574101 -0.00842429 -0.00328853 0.0026723 -0.00497696 0.00194277 -0.00293843 0.00132925 0.00116731 0.00204764 0.0066232 0.000174029 -0.000364009 -0.00521872 -0.0119075 0.000551143 0.00318824 -0.00301033 0.00210206 -0.00776033 0.0038141 0.00193907 -0.0109574 -0.00621463 0.00197602 -0.00369875 -0.00840955 0.00212203 0.00100402 0.00445573 -0.000163622 0.00615615 0.00881185 0.0025766 -0.00385528 -0.00187093 -0.00967356 -0.00466789 -0.0137551 -0.00298646 -0.00363654 -0.00766179 -0.00819587 -0.00088824 0.00978339 0.00258849 0.00471789 
-0.000492507 0.00238175 0.0018838 0.178089 -0.00779574 0.0202779 -0.00640545 0.00173628 0.00358657 -0.0010478 -0.00652424 0.00864103 -0.014207 0.0110815 0.00099595 -4.36272e-05 0.004569 -0.0216099 -0.0134499 -0.00307947 0.00805857 0.0028145 -0.00707437 -0.00798902 0.00504572 -0.004926 -0.00347497 0.0140171 -0.0119063 0.00619867 -0.000651453 -0.00172366 0.00232766 -0.00445495 -0.00150349 -0.00851487 0.0012905 -0.00524522 -0.00240667 -0.00343941 -0.00447612 -0.00658856 -0.00721358 -0.00244164 -0.00376648 -0.00302639 0.00396189 -0.00524102 0.00457243 -0.00339966 0.00446234 -0.00540225 0.00785064 0.00406397 0.00322226 -0.00718851 -0.00475302 0.00101077 -0.00953791 0.00488767 -0.00657163 -0.00530795 -0.00386624 0.00106306 -0.014903 -0.0100037 0.011159 0.0193507 -0.00502821 -0.00391975 0.00609525 -0.00533049 -0.0043165 -0.00475624 -0.00948983 4.43231e-05 0.0066657 -0.00476479 -0.00282046 0.0126849 -0.00150115 0.00190929 -0.0141355 -0.00386111 -0.000991364 -0.0137421 -0.00552601 0.000661507 -0.000497588 -0.00287887 -0.000937732 0.00274531 -0.00784148 -0.000227716 -0.00867932 -0.00493767 -0.00467642 -0.0178921 -0.00279049 0.00379041 
-0.00163455 0.00757996 0.0070265 -0.00779574 0.0878888 0.000723373 0.00593813 0.00197066 0.00178795 0.00527468 -0.0022088 -0.00457246 -7.10282e-05 0.000339691 -0.00325467 -0.0040081 -0.00339167 -0.00410314 -0.00299031 -0.00552465 0.000399145 -0.00296915 -0.002087 0.000287041 -0.0043831 -0.00763876 -0.00091921 0.00023912 0.000382294 -0.00071939 -0.00143071 -0.00091252 -0.00154182 -0.00145716 -0.000703216 0.00151835 -0.000584347 -0.0024823 -0.00344086 -0.00435184 0.0014752 -0.002294 -0.000213023 -0.000119578 -0.00614228 -0.000341498 0.000464831 -0.00486891 -0.000110661 -0.00431325 -0.001515 -0.000794669 -0.000887514 -0.00014047 -0.000592437 -9.11717e-05 -0.00399024 -0.00347525 -0.00326343 0.000854169 0.000828634 0.00175578 0.00441058 0.00031396 0.00641995 -0.00214882 -0.00111949 -0.013306 0.000306779 -0.00521655 -0.00281159 -0.000588825 -0.0030602 0.000897734 -0.000545574 -0.000532773 0.00382957 0.000487494 0.00228042 -0.000112039 -9.47706e-05 0.000939745 7.00604e-05 0.00286069 -0.000260675 -0.002978 -0.00223933 0.00136535 -0.000917805 -0.0010151 0.00413357 0.00306497 -0.00159137 -0.00289998 0.00113731 -0.00310362 -0.00177216 -0.00157247 -0.00253807 -0.000497339 
-0.000926399 0.00218588 -0.00728938 0.0202779 0.000723373 0.194315 -0.00949463 -0.00193327 0.0120023 0.0147397 -0.0133879 0.00553782 0.00606152 0.01661 0.00205063 -0.000286813 0.00850652 -0.000683713 0.0113073 -0.00935729 -0.00644426 -0.0111051 -0.00293486 0.00201998 -0.00669579 0.000662399 -0.00238698 0.0013586 -0.00181239 0.00703886 0.000227374 -0.00516241 -0.000870427 0.00109573 0.00194491 0.00142073 -0.00616677 -0.00475168 -0.00939606 -0.0149914 -0.00400919 -0.00435644 -0.00648453 -0.00673103 -0.00452493 -0.0107251 -0.00692362 -0.011143 -0.00372231 -0.00405205 0.0131821 0.00201425 -0.00572502 -0.0156128 -0.00600864 -0.00390652 -0.00662314 -0.00203449 -0.00496948 0.00574373 0.00125004 -0.00346811 -0.00926361 0.00152483 0.00103337 -0.00569881 0.00882937 -0.00055947 -0.00905185 -0.0180899 -7.90218e-05 -0.00168597 -0.00670725 -0.00422825 0.00978459 -0.00178135 0.000722824 -0.0035243 0.00213717 -0.000554196 -0.00636709 -0.00270162 -0.0130166 9.28028e-05 -0.0062872 -0.0082018 -0.0115129 0.00303788 -0.00268883 -0.00445658 -0.00115449 0.00170975 -0.00419309 -0.00504822 -0.0029517 -0.000909548 -0.00243601 0.00537625 -0.00326749 -0.0030102 
0.0011136 0.00715169 0.013298 -0.00640545 0.00593813 -0.00949463 0.0878664 0.00185446 0.00485797 -0.00598004 0.001463 -0.00233124 -0.00382844 -0.0100159 -0.000664695 -0.00396775 -0.00566542 -0.00423501 -0.00335609 0.000645919 -0.00890505 -0.00286914 -0.00147428 -0.00584187 -0.0131108 -0.00693642 -0.00241518 -0.0108938 7.214e-06 -0.00353812 -0.00149283 0.00095102 -0.00122111 0.00235027 -0.00241649 0.000939082 -0.00127889 0.00279254 0.000302599 -0.00104217 0.000659153 -0.00201419 0.000887586 -0.000242675 -0.00206393 0.00216846 0.00180337 -0.00314336 0.00291244 -0.00476243 -0.00889869 -0.00338538 -0.00548495 -0.00358748 -0.0018883 0.00217255 0.000560466 -0.00144514 0.00357939 -0.00468869 -0.000613537 0.000273783 0.00071026 0.00287163 0.0057681 0.00119402 -0.000974202 -0.00334253 -0.000903966 0.00271665 -0.000194002 0.00161787 0.000755966 -0.0017637 -0.00201662 0.000523524 0.000183494 -0.000134434 0.00116004 -0.00894334 0.00101227 0.0014041 0.00354691 -0.0011655 0.000202433 0.00834163 0.00408748 0.00379643 0.000732374 0.00895687 -0.00549697 -0.00715059 -0.00192741 0.00226221 0.00260118 -0.00647656 0.000368746 0.0010459 0.00142944 -0.00174924 
-0.000121185 -0.00459217 0.000955794 0.00173628 0.00197066 -0.00193327 0.00185446 0.071214 -0.00126073 0.0074376 0.000193097 -0.00151204 0.0013565 -0.0035274 -0.00534369 -0.00341823 -0.00250598 -0.00741424 -0.0030358 -0.00686368 0.00883858 -0.00220084 -0.0022809 -0.00478398 -0.00451544 -0.00263539 -0.0029513 0.00616354 -0.00142779 -0.0055084 0.00133525 0.00085804 -0.000995179 -0.000184265 -0.000311392 -0.0016348 -0.000411346 4.35895e-05 -0.00192272 -0.000590258 -0.000269308 0.00214021 -0.00184149 0.00201468 -0.0046251 -0.00337202 0.000715552 0.00361269 0.00127158 -0.00126923 0.00143637 0.00341915 -0.00287035 -0.00198955 -0.00321854 -0.00109292 -0.00105056 -0.00146226 -0.00333964 0.00199359 -0.00131274 -6.17504e-05 0.00381173 0.0022342 -0.00126097 0.00245227 0.00265671 -0.00502317 -0.000636842 -0.00168619 -0.00254884 0.00208836 -0.00173662 0.000540428 -0.00342063 0.000335914 0.00156699 0.00110684 0.00255742 0.000702375 -0.000704342 0.00152805 -0.00261792 -0.00101198 -0.00163863 -0.000367191 -0.000751206 -0.00312454 0.00126726 -0.00260201 -0.00424548 0.00312915 -0.00205974 0.00265256 -0.00484692 -0.00197529 0.0010277 -0.00122436 -0.00364529 -0.00143315 
0.000192995 0.00550972 0.00132801 0.00358657 0.00178795 0.0120023 0.00485797 -0.00126073 0.112235 -0.00244259 0.00349244 0.0121667 0.00145206 -0.00386959 0.00545676 -0.00269846 0.00445855 -0.00509319 0.00537087 -0.0142677 -0.0108284 -0.00541421 -0.00378555 -0.00551657 -0.00933826 -0.00750899 0.00330496 -0.00720172 -0.00411892 -0.0022892 -0.00836459 -0.00405084 -0.000185268 -0.00176634 -0.0028645 -8.95928e-05 0.00309296 -0.000723054 0.000239992 -0.00498751 0.00444324 -0.00209531 0.00307428 -0.000225309 -0.0061081 -0.00379653 -0.00344239 -0.00577669 0.00402439 -0.00114926 -0.00545841 -0.00115519 -0.00679972 -0.00135985 -0.00353231 0.00048152 -0.00328224 -0.0025046 -0.000879349 -0.00136 9.32707e-05 -0.000502732 -0.00384403 0.000683365 0.00437061 0.00167128 -0.0046755 -0.00439208 0.000158043 0.00347856 0.00390986 0.00119798 0.00127182 -0.00157969 -0.000758633 -0.000766078 -0.000972245 0.0018685 -0.00116952 0.00374392 -0.00238207 0.00227599 -0.00447607 0.0020697 0.00136854 -0.00362028 -0.00419855 -0.0052555 -0.00182197 -1.72265e-05 -0.00317441 -0.00278021 -0.00192409 -0.00107034 -0.00189334 -0.000152082 -0.00230541 -0.00809795 -0.00034093 -0.000958956 
0.0027641 -0.00618743 -0.00405588 -0.0010478 0.00527468 0.0147397 -0.00598004 0.0074376 -0.00244259 0.154991 -0.00675334 -0.00537195 0.0118837 0.00981904 -0.000472802 0.000264962 -0.00292748 -0.0162239 -0.00498472 -0.00343725 0.00645443 0.000770513 -0.00566815 -0.00181058 -0.0199833 -0.00448058 -0.0047493 0.00359944 0.00299619 0.0012237 0.0151865 -0.000417769 -0.000936277 -0.00225098 -0.00210746 0.00250498 -0.00399086 -8.04689e-05 -0.00708642 0.00233595 -0.00250881 -0.00639697 -0.0017217 -0.0042352 -0.00421423 -0.00557351 -0.00892463 0.0011791 0.00235082 -0.00252967 0.0152138 -0.00532566 -0.00103941 0.00421555 -0.000411637 -0.00421549 -0.00443183 -0.00791561 -0.00330661 -0.000325699 0.00150976 -0.00254971 -0.00279899 0.000983603 -0.0129128 -0.00316312 0.00297581 -0.00662597 -0.00452007 -0.00425624 -0.00198155 -0.000527115 -0.00180742 0.00402833 -0.00112285 0.0181327 0.0107897 -0.000182924 0.00094367 0.00920139 0.00232312 -0.000272413 0.000887678 0.00156507 -0.00216121 -0.00758287 -0.012952 -0.00600736 -0.00361522 -0.0132918 -0.00656578 0.0020166 0.00229182 -0.013975 -0.0151521 -0.00326424 0.00411902 -0.00853327 -0.00872499 -0.00590301 
0.000531805 0.00519315 -0.00142383 -0.00652424 -0.0022088 -0.0133879 0.001463 0.000193097 0.00349244 -0.00675334 0.148443 0.014545 0.00440669 0.00395593 0.0179837 0.00164817 0.0121172 -0.005336 0.00231667 -0.0182467 -0.00856587 -0.0028989 -0.0042702 -0.0130592 -0.0129452 -0.0207971 -0.00449079 -0.0160551 -0.00612776 -0.00435501 -0.000982906 -0.000207603 -0.00276894 -0.00106315 0.000650599 0.000487088 0.000416524 0.00123445 0.00170149 0.00285674 0.00559892 -0.00476932 -0.000764514 -0.00157553 -0.0027728 -0.00445123 -0.00473995 -0.00229223 -0.00133763 -0.00323567 -0.0194408 0.00266659 -0.0148856 -0.0114806 0.00133615 0.00145773 1.14059e-05 0.00123889 0.00121172 0.000964634 3.28806e-05 0.00547001 0.000540792 -0.00475392 0.0204967 0.00175616 -0.000278694 0.000465298 0.00489503 0.00203698 -0.00241144 0.00504843 0.00931068 -0.00294582 -0.0133347 0.00689159 0.000802047 0.000345046 -0.00701426 -0.00685251 -0.000748124 -0.00279402 -0.00559762 -0.0061591 0.00939036 -0.0122892 -0.00146404 -0.00609124 0.00338516 -0.00340539 -0.0108846 -0.00424091 -0.00156245 0.00334319 0.00210065 -0.00262077 0.00347258 0.00175488 -0.00373677 0.00373909 
-0.00112688 -0.00604062 -0.00726485 0.00864103 -0.00457246 0.00553782 -0.00233124 -0.00151204 0.0121667 -0.00537195 0.014545 0.173121 0.0136885 0.00353923 0.0218802 0.00176958 0.0188457 -0.00514687 0.00989173 -0.0230801 -0.00428606 -0.00897706 -0.00407607 -0.0207118 -0.0168488 -0.0177031 -0.0029729 -0.0102205 -0.00915416 -0.00592099 -0.0008173 0.00422836 -0.00184879 -0.000550532 -0.00329379 0.000438751 0.00369708 -0.000897663 -0.00655523 0.0115299 0.00665919 -0.006254 0.00030969 0.00409056 -0.0144069 -0.00395848 -0.00561748 0.000166646 -0.00658569 -0.00194301 -0.0217744 -0.00711542 -0.0142989 -0.0197795 0.0146015 -0.000799047 -0.00205743 -0.00173234 -0.00202476 0.0141486 0.00310846 -0.00393161 -0.00354492 0.000870851 0.0067194 0.000658334 0.00113547 0.00411903 0.00331246 -0.0132996 0.0180432 0.00289702 -0.00262109 -0.000731624 0.00430891 0.00605476 -0.00454547 0.00328524 0.00461995 0.0184078 -2.00197e-06 0.00942153 -0.00905558 -0.001473 0.00603261 -0.00453003 -0.00561808 -0.00913347 0.000279635 -0.0143067 -0.00875263 -0.00170459 -0.0199629 -0.00208457 -0.00900432 0.00167907 -0.0169857 -0.020805 -0.00585297 -0.000875532 
-0.00294959 -0.00421791 0.000906011 -0.014207 -7.10282e-05 0.00606152 -0.00382844 0.0013565 0.00145206 0.0118837 0.00440669 0.0136885 0.185071 0.0208068 0.0106736 -0.0114188 -0.00152869 -0.0106273 -0.00795004 -0.0203165 0.00743898 -0.00947246 -0.00281087 -0.0085559 -0.0150767 -0.0056304 -0.00836176 0.0148216 0.0111726 -0.00478365 -0.00233144 0.00343117 -0.00397557 -0.00557539 -0.00073529 -0.00242178 -0.00326258 -0.0015334 -0.0049885 -0.00933682 -0.00266694 0.00330067 -0.00639024 0.000294292 -0.0105836 0.0079621 -0.00199939 -0.00478662 -0.00384148 0.00171751 0.00261035 0.00182549 -0.0104625 -0.00528698 -0.0112273 -0.0095081 -0.0203594 -0.00903231 9.15998e-05 -0.00920127 -0.00111626 -0.00566795 -0.0071193 -0.000431287 0.00698093 -0.0024952 0.00647244 -0.00307932 0.00850427 -0.00360854 0.0035959 0.00273966 7.67001e-05 0.00138242 -0.00627557 0.00424107 -0.00239761 -0.00365821 0.007225 0.00594304 -0.00386968 0.000746905 0.00578646 -0.00580391 -0.00178225 -0.00847272 -0.00380004 -0.00941218 -0.00186004 -0.00808777 -0.00420408 0.0222131 -0.00235172 0.000150462 -0.0125142 -0.00883695 0.00226664 -0.0041133 -0.00622495 -0.00080066 
-0.000549785 -0.0114861 -5.18519e-05 0.0110815 0.000339691 0.01661 -0.0100159 -0.0035274 -0.00386959 0.00981904 0.00395593 0.00353923 0.0208068 0.178713 0.0177745 0.012589 0.00130738 -0.00637983 -0.00367916 -0.0132513 0.00515968 -0.000550631 -0.0034849 0.00361518 0.000612831 0.00342977 0.000133515 0.00537687 -0.0012685 0.000253828 -0.00764626 -0.00226782 -0.00216555 -0.00107955 -0.00548856 0.000655413 -0.00423379 0.000998323 -0.0158387 -0.00560146 0.000697666 -0.0107246 -0.00489628 -0.00119947 -0.0130423 0.00232957 -0.0083663 -0.0032616 -0.00119984 -0.0105006 0.00807754 0.00525184 0.00882487 0.00213088 -0.00716649 -0.00387666 -0.0146217 -0.0111999 -0.00864203 -0.00926548 -0.0046861 -0.00739219 -0.00654266 -0.000864133 -0.0136999 -0.00110454 0.0099112 0.00406496 0.00164166 -0.00421464 -0.00565718 -0.00650295 -0.00183443 0.0044225 0.00222204 0.00246604 -0.00151774 -0.00395656 -0.00702631 0.00425283 0.00149259 -0.0014537 -0.00483451 -0.00111619 -0.00139838 -0.00145468 -0.00312838 0.00158982 0.0038489 -0.0122601 -0.00934351 0.0158707 -0.00342062 -0.00206288 -0.0262143 -0.00811645 -0.0137673 -0.00862416 -0.000157342 -0.0031155 
0.00550121 0.00152999 -0.0022028 0.00099595 -0.00325467 0.00205063 -0.000664695 -0.00534369 0.00545676 -0.000472802 0.0179837 0.0218802 0.0106736 0.0177745 0.174052 0.00870045 0.00464711 -0.0139952 0.00433135 -0.00330576 -0.0177865 -0.00387336 -0.00230027 -0.00779798 -0.0158893 -0.0143028 0.000434486 -0.00201433 -0.0169321 -0.00316764 -0.00646822 -0.0080894 -0.0018928 -0.00251401 -0.00386754 -0.00409865 -0.00210641 0.00053125 -0.00832368 -0.00525114 0.000434087 -0.00493592 -0.00838386 0.00286287 0.00373247 -0.000746477 -0.00171065 -0.00250278 -0.000649629 -0.00868663 -0.0141558 -0.0046293 0.00586571 0.00775597 0.000474408 -0.000448253 -0.000343929 -0.00209774 -0.00564028 -0.00435552 -0.00893009 0.000294566 0.00246183 -0.00280414 -0.000259403 -0.00410553 0.00309361 -0.00632721 -0.000895678 0.00929109 0.00157278 0.0033026 -0.0025458 0.000449148 -0.00610387 -0.000317549 -0.00150749 -0.00308391 -0.00848868 0.00552807 0.000993414 0.00257551 -0.00149149 0.00101831 0.0259128 -0.00853984 -0.0102258 -0.00781477 -0.00310184 -0.00700923 -0.00423167 0.00350413 -0.0103581 0.00291013 -0.00940698 -0.00465841 -0.0122165 -0.0151535 -0.00453298 -0.00126427 
-0.000771265 -0.000878868 -0.00372615 -4.36272e-05 -0.0040081 -0.000286813 -0.00396775 -0.00341823 -0.00269846 0.000264962 0.00164817 0.00176958 -0.0114188 0.012589 0.00870045 0.128477 0.00621501 0.00605096 0.00787501 0.00586332 -0.0110028 0.00680602 -0.00445133 0.000305552 -0.00488787 -0.00985425 -0.00284171 0.000663891 -0.00196713 0.0032425 -0.00615438 -0.00583295 0.00389861 -0.000889158 -0.000462268 0.00192513 -0.000791486 0.00140955 -0.00562777 0.00472568 -0.00325571 -0.00519333 -0.0052671 -0.00239386 -0.00206366 -0.00948175 -0.00319395 -0.0030775 -0.00186537 -0.00707561 -0.000823443 -0.00231278 0.00171792 -0.000708308 -0.00519545 -0.00343087 -0.00309287 0.000594777 -9.11148e-05 -0.00702836 -0.00506706 0.00413492 -0.00272581 -0.00224884 -0.0005253 -0.000334092 -0.00246399 0.00346277 0.00251031 -0.00189423 0.00181821 -0.00310059 0.00110007 -0.00134731 -0.000933309 0.00388554 -0.00105501 -0.00401217 -0.00768803 -0.0026744 0.00105378 -0.0025466 -0.000562132 -0.000291706 0.00546675 -0.000724296 -0.00698017 -0.00903615 0.00203864 -0.00761298 0.00101659 0.00270464 0.0021728 -0.00162264 -0.0025889 -0.00239288 -0.0104702 -0.00137623 -0.00113561 -0.00116477 
-0.00415582 0.00633722 -0.00409436 0.004569 -0.00339167 0.00850652 -0.00566542 -0.00250598 0.00445855 -0.00292748 0.0121172 0.0188457 -0.00152869 0.00130738 0.00464711 0.00621501 0.123838 0.0100113 0.0119146 -0.00381834 -0.0113737 -0.00316645 -0.00504647 -0.0117249 -0.0130888 -0.0206684 -0.00713706 -0.0086126 -0.0133208 -0.00151258 0.00238209 -0.00148267 -0.000938225 -0.00153025 0.00252548 0.000192684 0.00186736 -0.00019596 -0.00797045 -0.00628779 0.00348654 -0.00475487 -0.000394822 -0.00289619 -0.00151664 -0.011492 -0.000286797 0.0031208 -0.00282935 -0.00288983 -0.0147251 -0.00687171 -0.000646011 -0.011631 0.000133238 0.00335544 0.0051319 0.00262676 0.000322185 0.00402424 0.00655374 0.002164 0.00181427 -0.00469768 0.0105574 0.002748 -0.00150487 0.00032609 0.0040186 -0.00705248 0.00714248 0.00146604 0.00151517 -0.00163214 0.000524469 0.00394899 0.00178178 -0.00303641 -2.96021e-05 0.00237971 0.00436395 -0.000711419 -0.00825672 0.00251989 0.000714371 -0.0134334 0.000703017 -0.010898 0.00050649 -0.0125359 -0.00769552 -0.00672173 -0.00579205 -0.00256499 0.00377577 0.000343361 -0.00608675 -0.00993315 0.00187232 0.00198601 
-0.00811532 0.0138293 0.00321251 -0.0216099 -0.00410314 -0.000683713 -0.00423501 -0.00741424 -0.00509319 -0.0162239 -0.005336 -0.00514687 -0.0106273 -0.00637983 -0.0139952 0.00605096 0.0100113 0.219603 0.0205608 0.0266764 -0.0418303 -0.00895498 -0.0024975 -0.0122284 0.0146059 -0.00874822 -0.0122684 -0.0137693 0.0103495 0.00659389 0.00510292 -0.0016831 0.000550367 0.0053352 0.00559483 -0.000670783 -0.00230918 -0.00267581 -0.00753344 0.00550555 -0.0053193 -0.00135533 0.000164709 -0.00754768 0.00208413 -0.00385026 0.00211761 -0.00478627 -0.00706083 -0.0079594 -0.00120726 -0.000277736 0.0110927 -0.00563555 -0.00292677 0.0027754 0.00610405 0.0019426 -0.00882888 -0.00159093 -0.000607674 0.000950631 -0.00240982 -0.00469022 0.00750551 -0.0112159 -0.0183099 -0.00533737 -0.00420534 -0.00478665 0.00231633 -0.00385212 -0.00565053 -0.00424516 0.0143739 -0.0126943 -0.00984853 -0.000881879 -0.0109936 -0.0118488 0.00229345 -0.00879884 -0.0111209 -0.00433254 -0.00590079 0.00680575 0.00524158 -0.00957242 -0.000983377 0.00225652 0.00846336 -0.00661837 0.00458897 -0.00759606 0.0162336 0.00368269 -0.0120225 0.0135375 -0.00495405 -0.00215667 
-0.00278675 0.00603087 -0.00464542 -0.0134499 -0.00299031 0.0113073 -0.00335609 -0.0030358 0.00537087 -0.00498472 0.00231667 0.00989173 -0.00795004 -0.00367916 0.00433135 0.00787501 0.0119146 0.0205608 0.142059 -0.00512182 -0.0158066 -0.00382671 -0.00465631 -0.0109956 -0.00952121 -0.0130077 -0.000291854 -0.0135218 -0.0109324 0.00610383 -0.000904327 -0.00473274 -0.00257616 0.000470432 0.00646613 0.00359089 0.00365352 -0.001594 -0.0121489 0.00366351 0.00354825 0.00251324 0.00084396 -0.00344593 0.00146978 -0.0099807 -0.00586505 0.00447907 -0.00616952 0.00593877 -0.000431522 0.00154147 -0.00855793 -0.0128687 0.00585633 0.00144684 0.00433047 0.00483145 -0.00630359 -0.00485653 -0.00359039 0.00612985 -0.00852296 -0.00243816 0.015257 -0.00167211 -0.00521877 -0.00469143 0.00128292 -0.0109769 0.00253761 0.000884565 -0.000569493 -0.0017043 0.0127221 -0.00266325 0.000344104 -0.0048442 -0.00387956 -0.00622616 0.00242096 -0.00364503 -0.0109918 -0.000276535 0.00699481 -0.00707966 -0.00397286 -0.00817658 -0.0023591 -0.00783409 -0.00465458 -0.014483 -4.87997e-05 -0.00623301 0.0107401 0.00419357 -0.00305667 -0.00018761 -8.70189e-05 -0.0008339 
-0.00487189 0.00272091 0.00181297 -0.00307947 -0.00552465 -0.00935729 0.000645919 -0.00686368 -0.0142677 -0.00343725 -0.0182467 -0.0230801 -0.0203165 -0.0132513 -0.00330576 0.00586332 -0.00381834 0.0266764 -0.00512182 0.181367 -0.00449954 0.000754885 0.0104008 0.00229355 0.0165829 0.0112912 -0.00704722 -0.00921041 -0.00660214 0.00361892 0.00785255 -0.00763211 -0.00319409 0.0036302 -0.000269483 -0.00374472 -0.000360568 -0.000757752 0.0080981 -0.00184091 -0.00593671 -0.00867131 -0.00285834 -0.00321601 0.00373351 -0.0164656 0.0018012 -0.00185891 -0.00302642 -0.00977904 0.00175021 0.00630959 0.00337082 0.010119 -0.00676777 0.000728961 0.0208408 -0.00297151 0.00173952 -0.00888358 -0.0093067 0.00269995 0.00343816 -0.00338509 -0.00813968 -0.00595171 -0.00158517 -0.0221098 -0.00544348 0.00514538 -0.00357721 -0.00388351 -0.00397703 -0.00610188 0.00671936 0.0026654 0.00462901 -0.00380589 -0.0060898 -0.00225205 0.00658708 -0.00494204 -0.00698732 0.00491963 -0.00895927 0.00149436 0.000585925 0.00503582 -0.00629797 0.00809783 0.00463952 -0.00665275 -0.00435631 -0.00788736 -0.00703728 0.00149726 -0.00076798 0.00106383 -0.00260023 -0.000987262 
-0.00173557 -0.0181837 -0.0136067 0.00805857 0.000399145 -0.00644426 -0.00890505 0.00883858 -0.0108284 0.00645443 -0.00856587 -0.00428606 0.00743898 0.00515968 -0.0177865 -0.0110028 -0.0113737 -0.0418303 -0.0158066 -0.00449954 0.186509 0.00919521 0.00802909 0.0182698 0.0171237 0.0153954 -0.0042628 0.01655 -0.00160075 -0.0115172 -0.00286343 0.0023923 -0.00348216 -0.00431041 -0.00157804 -0.000930633 -0.00275822 -0.00472771 -0.00123034 -0.00359511 -0.00387092 -0.0103906 -0.00226459 -0.00092038 -0.011213 -0.000798599 0.00233182 -0.0022494 -0.00510516 -0.00419666 0.0297173 -0.000338213 -0.0121113 -0.0018635 -0.00843763 -0.00237599 -0.0102732 -0.00116776 -0.00185315 0.0179052 -0.00447433 -0.00480776 -0.00562353 1.73521e-05 -0.0190487 0.0115074 0.00770578 0.00956959 0.00406816 -0.0023378 -0.00634872 -0.00315717 -0.00144008 -0.000164833 -0.0141211 -0.00203975 0.00459323 -0.00128573 0.00959495 -0.00436224 -0.0025399 0.000571752 -0.00321993 -0.00531895 -0.0105295 -0.00298296 -0.00148766 -0.00412577 0.00129401 -0.0016634 -0.00474998 0.00346978 0.00284602 0.00402035 -0.00832764 -0.00773905 0.00259135 -0.00101288 -0.000596754 -0.000970111 
-0.000509224 -0.00611523 -0.00806159 0.0028145 -0.00296915 -0.0111051 -0.00286914 -0.00220084 -0.00541421 0.000770513 -0.0028989 -0.00897706 -0.00947246 -0.000550631 -0.00387336 0.00680602 -0.00316645 -0.00895498 -0.00382671 0.000754885 0.00919521 0.113805 0.00449309 0.0196082 0.00263149 0.0108981 0.00946544 -0.00798146 -0.000871668 0.00220069 -0.00490029 -0.00323473 -0.000893807 -0.0017647 -0.00253752 0.000793301 -0.00200654 0.00190703 0.00273927 0.000945185 0.000116435 0.000287599 -0.00140467 -0.00163964 0.00698417 0.00100007 -0.00211861 1.71913e-05 0.00302388 0.00490452 0.000945718 -0.00773273 0.00646004 -0.00268023 -0.00477893 -0.00249394 -0.000183441 -0.00420963 -0.00389053 -0.0025015 -0.00410802 -0.00219779 -0.00685909 -0.000280337 -0.011618 -0.000843789 -0.00171976 0.00910524 -0.00273308 -0.00180305 0.000295613 -0.0032694 -0.00151397 -0.00153753 -0.000986228 -0.00411528 -0.000864749 -0.00224802 -0.00376777 -0.00756281 -0.00319207 -0.00307803 -0.00387218 0.00119971 -0.000923842 -0.00862227 0.00177162 0.00421523 0.000479215 0.00442043 0.0067388 -0.000978602 -0.00426153 0.00193641 -0.00314857 -0.00830429 -0.00145139 -0.00855066 0.00360803 -0.00413573 
0.000141031 -0.00389527 -0.00744994 -0.00707437 -0.002087 -0.00293486 -0.00147428 -0.0022809 -0.00378555 -0.00566815 -0.0042702 -0.00407607 -0.00281087 -0.0034849 -0.00230027 -0.00445133 -0.00504647 -0.0024975 -0.00465631 0.0104008 0.00802909 0.00449309 0.0742265 0.00475963 0.00183124 0.00574707 0.0019273 8.92152e-05 -0.00225322 -0.00137268 -8.54009e-05 -0.00158882 -0.00157179 -0.000316992 -0.00232542 0.000945305 -0.00117502 0.00211041 0.00732748 -0.000107278 -0.000746246 -0.00174538 -0.00249549 0.000804883 -0.00108883 0.00105047 0.00303676 -0.00150198 0.000143756 0.000874142 -0.000515361 -0.00117344 -0.00175142 -0.0007369 -0.00204365 0.00038639 -0.0012387 -0.00212673 0.00237294 -0.00240659 -0.00329959 -0.00065156 -0.00193688 -0.00242489 -0.00311472 -0.00216449 -0.00104606 -0.00435232 0.000372253 0.000982066 -0.00135216 -0.000370793 -0.000891765 0.00176932 -0.00122585 -0.00242539 -0.00284975 -2.57456e-05 -0.00102012 -0.0019205 -0.00052486 5.78764e-05 0.00111101 -0.0014609 -0.00157619 -0.000744523 0.00061087 -0.00156993 -0.00136493 0.00384967 0.0052743 -0.00103798 -0.000565642 -0.00186473 -0.00488249 -0.000796534 0.000972649 0.00249451 0.000106943 -0.000226013 
-0.00473938 -0.0103381 -0.0128112 -0.00798902 0.000287041 0.00201998 -0.00584187 -0.00478398 -0.00551657 -0.00181058 -0.0130592 -0.0207118 -0.0085559 0.00361518 -0.00779798 0.000305552 -0.0117249 -0.0122284 -0.0109956 0.00229355 0.0182698 0.0196082 0.00475963 0.153053 0.0150327 0.014156 0.00836856 0.000375583 -0.00288435 -0.00289725 -0.00997319 -0.00742993 0.001482 -0.00248512 -0.000287883 -0.00190816 -0.00303213 -0.00318613 0.00463333 -0.00529541 -0.000597073 0.000924404 -0.00298205 -0.00434418 -0.00234066 0.00146368 -0.000308164 -0.00520532 0.00155936 -0.00109536 0.0173608 -0.00269909 0.00912356 -0.00162653 -0.00297355 -0.00202693 -0.00865151 0.00130713 -0.00481108 -0.00360435 -0.00790048 4.92846e-05 -0.00938432 -0.00636786 -0.0211894 0.00373795 -0.00662472 -0.00791766 -0.00079652 -0.00570977 -0.00955707 -0.00253923 0.00102547 0.00394179 0.00911912 0.00229471 -0.00598994 -0.00298956 -0.00171847 -0.00126736 -0.000725231 -0.0027764 -0.00145402 -0.00314761 -0.0052403 0.00301105 6.81089e-05 -0.00499426 -0.00201512 0.00787264 0.00903056 -0.00058843 0.00683611 -0.00382307 0.00819033 -0.00418868 -0.00368865 -0.00122743 0.0147696 -0.0045747 
-0.00188357 -0.0125569 -0.00218229 0.00504572 -0.0043831 -0.00669579 -0.0131108 -0.00451544 -0.00933826 -0.0199833 -0.0129452 -0.0168488 -0.0150767 0.000612831 -0.0158893 -0.00488787 -0.0130888 0.0146059 -0.00952121 0.0165829 0.0171237 0.00263149 0.00183124 0.0150327 0.233114 0.0362527 0.0109152 0.0153306 -0.000804676 -0.00124197 -0.000138912 -0.0106262 0.00141894 -0.00776127 -0.00123904 -0.0105219 -0.000613525 -0.0027421 -0.0018362 0.00242595 -0.00993923 -0.00756213 0.00178594 0.000743378 0.00121483 0.00228759 0.00819374 -0.00357052 -0.00615217 -0.00684256 0.012255 0.0046548 -0.00247459 0.0233352 0.000671321 0.00800104 0.00764488 0.00397821 -0.00564759 -7.66882e-05 0.000717146 -0.00649325 -0.00989 -0.00447417 -0.0281678 -0.00234473 -0.00416285 -0.000860109 -0.00369726 -0.0123984 -0.0138057 -0.00795229 -0.00762073 -0.00517913 -0.00127849 -0.0205784 -0.00517533 -0.00271885 -0.00375669 -0.00380882 -0.00534453 -0.00400826 -0.017005 0.00407822 -0.0260795 -0.0130988 0.00442784 -0.000784431 0.00159046 0.00272885 -0.00214828 0.00238654 0.00734465 -0.00530985 -0.00357581 -0.00442259 -0.00556206 0.00328643 0.00122882 -0.00107857 
-0.00304791 -0.01784 -0.0109021 -0.004926 -0.00763876 0.000662399 -0.00693642 -0.00263539 -0.00750899 -0.00448058 -0.0207971 -0.0177031 -0.0056304 0.00342977 -0.0143028 -0.00985425 -0.0206684 -0.00874822 -0.0130077 0.0112912 0.0153954 0.0108981 0.00574707 0.014156 0.0362527 0.192527 0.0067294 0.0214905 0.0140872 0.00285074 0.000954642 0.0023622 -0.00526378 -0.00222455 -0.00884783 -0.00930943 -0.00595522 -0.00223417 -2.42538e-05 -0.00169688 -0.00323602 -0.00150736 -0.00193737 -0.00160303 -0.0102112 0.0114746 -0.00156371 -0.00108503 -0.00345234 -0.00652536 0.00936557 -0.0061953 0.00226113 0.0198081 -0.00649665 -0.00144545 -0.00562396 -0.00675157 -0.000531186 -0.0122638 -0.0115755 -0.00653229 -0.0109511 0.000728472 -0.027277 -0.0035697 0.00413936 0.00573967 -0.00951177 0.000800541 -0.00901895 -0.00564786 0.000748037 -0.00366174 -0.00648951 -0.00472969 -0.00799813 -0.00376314 -0.00740417 0.0054037 -0.00663014 -0.00483467 0.00119098 0.00152118 -0.0161985 0.00392401 0.00373098 0.0122385 -0.00326763 0.0215889 0.00668793 -0.00552649 0.0152604 -0.00262831 -0.0245358 0.00975636 0.000272984 -0.0019134 -0.00325521 -0.0059416 
0.00489107 -0.00279781 -0.00496051 -0.00347497 -0.00091921 -0.00238698 -0.00241518 -0.0029513 0.00330496 -0.0047493 -0.00449079 -0.0029729 -0.00836176 0.000133515 0.000434486 -0.00284171 -0.00713706 -0.0122684 -0.000291854 -0.00704722 -0.0042628 0.00946544 0.0019273 0.00836856 0.0109152 0.0067294 0.11645 -0.00415507 -0.0130833 -0.0041525 -0.0011574 0.000403007 0.00296982 -0.00287625 0.00146103 -0.000602785 -0.0025388 0.00270862 0.000293362 0.00348248 -0.00101129 0.00259459 -0.00102834 -0.00254372 0.00485146 0.00446231 -0.00728858 0.00080033 0.00308264 0.00347819 -0.00652204 -0.00471287 0.00738843 -0.00616209 0.00551009 -0.00022424 0.00186083 -0.00170016 8.7483e-05 -0.00166166 0.008546 -0.00210833 -0.00755301 -0.000418423 -0.0067773 -0.0027593 -0.000392422 -0.0047792 -0.00300256 -0.00945486 -0.0025532 0.00169526 -0.00212047 -0.00275932 0.00308872 -0.00649701 -0.00241725 -0.0014341 3.50131e-05 -0.00627897 -0.00164579 -1.76756e-05 -0.00164175 -0.000189511 -0.00540076 0.00411397 -0.000824199 -0.00147146 0.00258047 -0.00172499 -0.00186646 0.00416668 -0.00383946 -0.00271863 0.000972093 0.0016022 -0.00616928 -0.00919932 0.0020272 -0.00311663 
-0.00333902 -0.00921559 -0.0101569 0.0140171 0.00023912 0.0013586 -0.0108938 0.00616354 -0.00720172 0.00359944 -0.0160551 -0.0102205 0.0148216 0.00537687 -0.00201433 0.000663891 -0.0086126 -0.0137693 -0.0135218 -0.00921041 0.01655 -0.00798146 8.92152e-05 0.000375583 0.0153306 0.0214905 -0.00415507 0.19057 0.0150058 -0.00402807 -0.00468701 -0.0106886 -0.00238081 -0.00629312 -0.00446857 -0.00551653 -0.00315211 -0.00856124 -0.00267823 -0.00973617 -0.00529773 0.00294786 -0.00384843 0.000306978 -0.00346112 0.00277841 0.000596534 0.00362707 -0.0042509 -0.00913814 0.0110708 0.00835185 0.00711152 0.0153748 -0.00723221 -0.00825355 -0.0085763 0.0038128 0.000988279 0.000146815 -0.00927087 0.00054909 -0.00375629 -0.00136987 -0.00165338 -0.00542112 0.000395485 0.00647098 -0.00610241 -0.00195809 -0.00576112 -0.00519695 0.00102419 -0.00266744 -0.0105782 0.00804889 -0.00601262 -0.00334253 0.00169427 0.0160189 -0.0134127 -0.00077645 0.0047023 0.00068537 -0.0178949 -0.0114475 -0.00730184 -0.00369593 -0.00466496 -0.0156075 -0.00248449 0.00648999 -0.00272792 -0.00746678 -0.00668355 0.000884901 0.00592411 -0.00835394 -0.00691821 -0.00452966 
-0.00632017 -0.00929347 0.0129918 -0.0119063 0.000382294 -0.00181239 7.214e-06 -0.00142779 -0.00411892 0.00299619 -0.00612776 -0.00915416 0.0111726 -0.0012685 -0.0169321 -0.00196713 -0.0133208 0.0103495 -0.0109324 -0.00660214 -0.00160075 -0.000871668 -0.00225322 -0.00288435 -0.000804676 0.0140872 -0.0130833 0.0150058 0.170499 -0.00301932 -0.000433199 -0.00271883 -0.000825568 0.00175752 -0.00210686 0.00198062 -0.00607919 -0.00590719 0.0127892 0.00208149 -0.00189167 0.00129438 -0.00335693 -0.00492577 -0.00818753 -0.00735866 0.00408294 -0.00709104 -0.00363438 0.00149379 -0.000352663 0.00187312 -0.00520794 -0.000807143 -0.0043847 -0.00194177 0.00251604 0.000806136 0.00312154 -0.00978337 0.00318296 0.00355066 -0.00561944 0.00418606 -0.00188287 0.00793389 -0.00207382 0.00376413 -0.000446709 0.00178091 -0.00758409 0.000693394 -0.00419354 -0.0065285 -0.0145518 -0.00354444 -0.00958593 -0.00118359 0.000224301 -0.00499437 -0.00740782 -0.00461913 -0.000586093 -0.0073419 -0.00794746 0.0087258 0.0118119 -0.00246154 -0.00345185 0.00611524 0.0088811 -0.00293012 -0.00876161 -0.00235599 -0.0104823 -0.00223546 -0.00599964 0.00686411 -0.00647208 -0.00106533 
0.00264743 0.0021001 -0.00850089 0.00619867 -0.00071939 0.00703886 -0.00353812 -0.0055084 -0.0022892 0.0012237 -0.00435501 -0.00592099 -0.00478365 0.000253828 -0.00316764 0.0032425 -0.00151258 0.00659389 0.00610383 0.00361892 -0.0115172 0.00220069 -0.00137268 -0.00289725 -0.00124197 0.00285074 -0.0041525 -0.00402807 -0.00301932 0.162981 0.0145652 0.00136373 -0.00180936 0.00169911 0.00522369 -0.00232826 -0.00327681 -0.00362368 -0.00775881 -0.00360178 -0.00182627 0.0066092 -0.00523614 -0.00345506 0.00290167 -0.00906173 -0.00655869 0.000824635 -0.00381458 -0.00157631 0.0155576 -0.00542497 0.0105595 0.00154455 -0.00453915 -0.00167326 -0.00629107 -0.00121088 -0.00108575 0.000316469 -0.003643 0.000765069 -0.00675593 -0.00493993 -0.00727089 -0.00607164 -0.00510959 0.00278321 -0.00232012 -0.00926345 -0.00831973 -0.00241067 -0.000328717 -0.00243109 -0.00498838 -0.00163319 0.00177705 -0.00325674 -0.00752019 0.00461055 -0.000204161 -0.00351928 -0.00599088 -0.005891 0.00580591 -0.00462874 -0.00588562 -0.00178388 -0.00401681 -0.00530867 0.0156306 -0.0064744 -0.00688715 -0.00110844 -0.00923819 -0.00547546 -0.00187814 -0.00811222 2.05786e-05 -0.00426853 
-0.00137175 0.000497729 -0.00396219 -0.000651453 -0.00143071 0.000227374 -0.00149283 0.00133525 -0.00836459 0.0151865 -0.000982906 -0.0008173 -0.00233144 -0.00764626 -0.00646822 -0.00615438 0.00238209 0.00510292 -0.000904327 0.00785255 -0.00286343 -0.00490029 -8.54009e-05 -0.00997319 -0.000138912 0.000954642 -0.0011574 -0.00468701 -0.000433199 0.0145652 0.122093 0.0049869 -0.00358978 0.00373755 0.00317153 0.000732017 -0.00165484 0.00159024 -0.00727046 0.00325329 -0.000883813 -0.00196292 0.00298311 0.00237591 -0.00518898 -0.00244091 0.000276732 0.00271169 0.000277564 0.000231314 0.00318745 -0.00305918 -0.00122528 -0.000374178 -0.002935 0.00273089 -0.0080077 -0.00149657 -0.00489443 -0.00417589 -0.00277716 -0.000204119 -0.00463803 -0.00140608 -0.0108711 -0.00182766 -0.00217701 -0.00882182 -0.00577983 -0.0103874 -0.00577041 -0.0001373 -0.00165088 -0.00415268 0.00017523 0.000871053 0.0018707 -0.000516378 -0.000801358 -0.00595795 0.00513251 0.00137187 -0.00442784 -0.00310207 -0.00100588 0.00143094 0.0012448 0.00201771 -0.00262255 -0.00254051 0.00153322 -0.00174293 0.00258426 -0.00461478 -0.00989854 -0.0024095 0.000826175 -0.00692548 0.000489219 0.00115306 
0.000772991 -0.00154467 0.00631515 -0.00172366 -0.00091252 -0.00516241 0.00095102 0.00085804 -0.00405084 -0.000417769 -0.000207603 0.00422836 0.00343117 -0.00226782 -0.0080894 -0.00583295 -0.00148267 -0.0016831 -0.00473274 -0.00763211 0.0023923 -0.00323473 -0.00158882 -0.00742993 -0.0106262 0.0023622 0.000403007 -0.0106886 -0.00271883 0.00136373 0.0049869 0.125009 -0.00255674 0.00323704 -0.00104323 0.00143437 0.00165498 0.00213727 0.00722915 -0.00241933 0.00424077 -0.00208952 0.00122083 -0.00290078 -0.00852152 0.00466815 0.00229511 -0.00281757 0.00097561 -0.000335307 -0.0029067 -0.00115513 -0.00478071 -0.00892573 -0.000753156 0.00240251 -0.00380439 -0.00390362 -0.00513601 -0.0047532 -0.00276977 -0.0034526 -0.00509447 0.00260891 -0.00458277 0.00399684 -0.00588026 -0.00512845 0.000308406 -0.000422929 -0.00401305 0.00252941 -0.00366655 -0.000650525 0.00150651 -0.003759 -0.00363177 0.00466088 0.000137534 -0.000842194 0.00104212 -0.000919787 0.00851939 -0.00300697 9.54333e-05 0.000543457 -0.00504069 -0.00594169 -0.00219547 0.00453552 -0.00025307 -0.000872474 -0.00224827 0.00540387 -0.00543595 -0.00265558 0.00283537 -0.00721336 -0.00129341 -0.00149192 
0.000200759 0.00306404 0.00139421 0.00232766 -0.00154182 -0.000870427 -0.00122111 -0.000995179 -0.000185268 -0.000936277 -0.00276894 -0.00184879 -0.00397557 -0.00216555 -0.0018928 0.00389861 -0.000938225 0.000550367 -0.00257616 -0.00319409 -0.00348216 -0.000893807 -0.00157179 0.001482 0.00141894 -0.00526378 0.00296982 -0.00238081 -0.000825568 -0.00180936 -0.00358978 -0.00255674 0.0713669 0.00167985 -8.18595e-05 0.00121634 0.00157672 0.00227284 -5.88513e-05 4.24964e-05 -0.000346605 -0.00284569 -0.000519874 -0.000284483 -0.00133034 0.000879638 -0.00317981 -0.000992774 -0.000412199 -0.000599886 -0.00210574 -0.00104789 0.00258631 0.00505813 0.00459589 -0.00227798 -0.000436306 -0.00173728 -0.000819434 0.000787327 -0.00139091 0.00170078 -0.00371023 -0.00158519 0.00481635 0.00222532 0.000247119 0.00452473 -0.000841601 -0.00280308 -0.00167222 -0.000254495 0.000706019 0.000229822 -0.00412167 -0.00745759 -0.00287776 -0.00176643 0.00119609 -0.00739593 -0.00132899 -0.001094 -0.00253428 0.00109225 -0.00381071 -0.00359144 -0.00335478 -0.00267962 0.00146901 -0.00459587 0.000150631 -0.00146989 -0.00220341 -0.000765435 -0.000432349 -0.000451756 0.000447504 0.00493562 -0.000787479 -0.00157201 
-0.000366751 -0.000632884 0.00142869 -0.00445495 -0.00145716 0.00109573 0.00235027 -0.000184265 -0.00176634 -0.00225098 -0.00106315 -0.000550532 -0.00557539 -0.00107955 -0.00251401 -0.000889158 -0.00153025 0.0053352 0.000470432 0.0036302 -0.00431041 -0.0017647 -0.000316992 -0.00248512 -0.00776127 -0.00222455 -0.00287625 -0.00629312 0.00175752 0.00169911 0.00373755 0.00323704 0.00167985 0.0580247 0.000542496 0.00738749 -0.00165682 0.00197347 0.000985865 0.000826647 -0.00017694 -0.00203705 0.00101933 -0.000283981 -0.00408111 -0.00322703 -0.00140287 0.000866033 -0.00032902 -0.000752834 -0.00211017 0.0014486 -0.000570733 -0.00461413 -0.00364854 0.000560972 -0.000813145 0.000208482 -0.000181863 -0.000499384 0.000735326 0.00159896 0.000754187 0.00183883 0.000825946 -0.000366275 0.00170301 -0.00498921 -0.000288966 0.00280221 -0.00331242 -0.000869244 -0.000107056 -0.00172772 0.000177829 -0.00376605 -0.00386577 -0.000173836 -0.000951941 -0.00399866 0.00158776 0.000642211 0.000744948 -0.000349839 0.00163513 0.0032969 0.000940785 0.000707265 -0.000290859 0.00114595 -0.00202727 -0.00262384 -0.00344063 -0.000361062 -0.00362774 -0.00187455 0.0011216 -0.00564661 0.00043423 0.000434225 
