0.0790816 0.00302295 -0.000122093 -8.42001e-05 0.00263451 0.00375879 -7.32371e-06 0.00263727 -0.00147238 -0.000190385 -0.00111829 0.00346042 -0.005181 -0.00344503 0.00151652 -0.00289934 -0.00185164 -0.00758166 -0.000843775 0.00457808 0.00186205 -0.00293365 0.000240191 0.000617083 0.00651336 0.00414668 0.000246868 -0.000329149 0.000532086 -0.00280261 -0.00898698 -0.00446156 -0.00170037 -0.00532456 0.00182344 0.000546085 -0.00348108 -0.00333608 0.00401535 -0.00408308 0.000732129 0.00138571 7.97574e-05 7.56528e-05 0.00181301 -0.00577332 0.0019921 0.00400443 -0.00340021 -0.00365985 0.00375434 -0.00250369 0.00142601 -0.00145445 -0.00247054 -0.00397127 -0.00204583 -0.00459471 -0.00436782 -0.00226664 -0.00197301 -0.000819665 -0.000729135 -0.00573641 -0.0042463 -0.00349683 -0.000836769 0.000290821 0.000836009 -0.00646269 0.00435041 -0.00327141 -0.00332293 0.0013021 0.00127291 0.000549801 -0.00156607 -0.00103711 0.00249131 -0.00146216 0.000754218 -0.000279733 0.00117659 0.0035828 -0.00160548 0.000878864 -0.00270321 -0.0021641 7.57642e-05 0.00228848 -0.000645292 -0.00212864 -0.00438992 -0.0068352 0.000675464 -0.00287805 -0.0017956 0.00184554 0.00211842 -0.00185569 
0.00302295 0.150781 0.00156446 -0.000337428 -0.0116646 0.00461332 -0.00339054 -0.00695497 -0.00836593 -0.00634905 -0.00372538 0.00313207 0.000545525 -0.0126835 0.0146058 0.00645925 2.55433e-05 -0.0121139 -0.00757491 -0.00361873 0.00262792 -0.0115301 0.000211122 -0.00267207 -0.00646782 0.0005928 0.00459926 -0.00139359 0.00439455 0.0102369 -0.0101817 -0.00305501 0.0130911 -0.00308207 0.00430925 0.0147166 0.00443409 -0.00588366 0.000378593 -0.00822925 -0.00297568 -0.0125506 -0.00151017 -0.0111695 -0.00105213 -0.0130949 -0.000523377 0.00554059 -0.00382959 -0.00194292 0.000234435 0.00604471 -0.00129627 -0.00201063 -0.000469411 -0.016481 -0.000960704 -0.00173342 0.00238126 -0.00138726 0.00752491 -0.00205643 -0.00126888 -0.0028964 -0.0013619 0.00700672 -0.0041594 -0.00153416 -0.00373407 -0.00249004 -0.000476783 -0.0112173 -0.00987855 0.0057635 -0.00176473 -0.00288718 0.00600845 0.000876091 0.00217005 0.00401566 0.00343208 0.00265977 -0.00777382 0.0105279 0.00091274 -0.000904396 -0.000304377 -0.00390321 -0.00140227 -0.000131027 -0.006314 -0.00518473 -0.0103749 -0.00760065 -0.0080364 -0.00275006 -0.00385217 0.00272308 -0.00533703 -0.000307322 
-0.000122093 0.00156446 0.0704037 0.00646482 -0.000793586 0.00382522 0.00394427 0.000612424 -0.000951407 -0.000822181 0.000707192 -0.00283389 -0.00325424 -0.00665144 -0.00319329 -0.00395641 0.000778704 0.00383135 -0.00221978 -0.00700071 -0.00474203 0.00143637 -0.00375575 -0.00300657 -0.000852198 -0.00308047 0.00120652 -0.000200562 0.00163835 -0.00151372 -0.00507498 0.00112996 0.00242827 -0.0016693 -0.000483305 -0.00182772 0.00100831 -0.00352818 -0.0012768 -0.00488479 0.00280759 -0.00545874 -0.000568473 0.00364065 0.000786198 -0.00291202 -0.00289476 -0.00362181 0.00178925 -0.00500618 -0.00357595 -0.00370165 0.000262316 0.00113571 0.00019079 8.08792e-05 0.000944665 0.000151398 -0.0016881 0.000604594 -0.00144726 0.000511242 -0.00193366 -0.00147377 0.000752723 -0.000850659 -0.000480959 0.001288 0.000422206 -0.00465724 -0.00179245 -0.00101904 -0.00348058 -0.00203978 1.40279e-05 -0.00119214 -7.73846e-05 0.00236741 -0.000985964 0.00191511 -0.00214757 0.000188288 -0.00129721 -0.0041125 0.00139968 0.0015767 0.00202468 -0.0011925 0.00157481 -0.000545637 0.000467618 0.00150482 -0.00163433 0.00225146 -0.00257089 -0.00136355 -0.000925552 0.000870103 0.000810226 0.00103071 
-8.42001e-05 -0.000337428 0.00646482 0.0795938 0.00431584 0.00699922 0.00514717 0.0021205 -0.00356168 -0.0065779 0.00230883 -0.00265058 -0.0067822 -0.00671112 -0.0068564 0.00109461 0.00238972 -0.00222377 -0.0030393 -0.00489531 0.000764555 -0.00162696 -0.00161148 -0.00274591 -0.00349102 0.00750419 0.00232512 -0.00197447 -0.00334186 -0.00111358 -0.000803694 -0.00289466 0.00383446 -0.00277454 -0.00120631 0.00380641 -0.00815799 -0.00607813 -0.000879936 -0.00219411 -0.00200258 -0.0064321 -0.00213479 0.000979753 -2.88566e-05 -0.000550716 -0.000356893 -0.00150146 -0.000447421 -5.81715e-05 -0.000939739 0.000577306 0.000438258 -0.00116809 -0.00280971 0.000366087 0.00163559 -0.00257006 0.00128908 -0.000951102 -0.00342651 -0.00223818 0.00589805 -0.0022772 -0.00651924 -0.0017881 -0.00125645 -0.0016223 0.00156154 0.00074835 -0.000403152 -0.00230086 -0.00337008 -0.000540881 0.00273485 -0.000450241 -0.00169108 -0.000423394 0.000886636 -0.00279376 -0.00185929 -0.00128707 0.00144565 -0.00517769 0.00130014 0.00133436 0.00110444 -0.00199504 9.33965e-05 -0.000599374 0.000591028 0.00567595 -0.00171737 0.00403597 -0.00228234 -0.00252961 -0.000269377 -0.00074349 -0.00471208 -0.000525257 
0.00263451 -0.0116646 -0.000793586 0.00431584 0.121731 0.00881472 -0.000309859 0.00307776 0.00143257 0.00541752 -0.00359107 -0.00387852 0.00202352 0.0111484 -0.00181114 0.00196404 -0.000255289 -0.0041549 0.006768 -0.00478339 -0.00653571 0.00548199 -0.00538272 -0.00461858 0.00252823 -0.00365267 -0.000957642 0.0052439 -0.001964 -0.00546851 0.000998007 -0.00804111 -0.0120331 -0.00146831 -0.00562815 -0.00582287 -0.0107534 0.0104855 0.000241379 -0.00637136 -0.00152984 -0.00600365 0.00223556 -0.00233067 0.00184988 -0.00127709 -0.000399025 0.00165061 -0.00257442 -0.000406254 -0.000485002 -0.00225664 -0.00144796 0.00174801 -0.00492334 0.00209478 -0.00478261 -0.00638809 0.00226413 -0.00208484 -0.0124879 -0.00349585 0.00446117 -0.00563591 -0.0035085 -0.00236987 -0.00387307 -0.00288188 0.00243882 -0.0109534 0.00260239 -0.00740465 -0.00117062 -0.000369785 0.00414957 -0.000751552 0.00089647 0.00371324 -0.00309495 0.00102424 0.00279042 0.00129552 0.00741359 -0.00305946 -0.00179257 -0.00101997 -0.00229428 -0.000882857 -0.00419006 -0.00170514 -0.00610632 -0.00142197 0.000126191 0.006861 -0.00208785 -0.00528487 -0.00285525 -0.000309847 -0.00241478 -0.00366928 
0.00375879 0.00461332 0.00382522 0.00699922 0.00881472 0.191885 0.00104214 0.0225363 0.00652771 0.0168176 -0.00510614 0.00301357 -0.0151417 -0.0057564 -0.0015651 -0.00113695 0.0111253 -0.0189076 0.00691024 0.00200781 0.00343593 -0.00902499 -0.00390591 -0.0129335 -0.0126741 0.0085687 0.0169587 0.00121921 -0.00344966 -0.000253781 0.000553746 -0.0177281 0.00517676 -0.00905306 -0.00397837 -0.000106787 -0.00635599 0.00537135 -0.00232399 -0.0143621 -0.0033942 -0.0185087 0.00551651 -0.00649983 0.0111536 -0.0175874 0.00362302 -0.00605317 -0.00214167 -0.00139831 -0.00774431 -0.00365975 -0.00488791 -0.00785935 0.0034165 -0.0074946 -0.00164461 -0.00885172 -0.000718829 0.000177361 -0.00378171 -0.00708823 -0.00720614 -0.00505671 -0.0083847 -0.000812769 0.00137046 -0.00602563 0.00414157 -0.00204091 -0.00433489 -0.00135884 -0.00407278 0.00484557 -0.00402273 -0.00133631 -0.000166216 0.000371456 -0.00230359 -0.0102622 -0.00507753 0.00537274 -0.00451771 0.00183008 -0.00794934 -0.00475835 0.0045892 -0.00129006 -0.00198602 -0.00157549 0.0026296 -0.00304116 -0.0119303 -0.000931891 -0.0199415 -0.00148202 -0.00226653 0.00754385 -0.0143614 0.00382893 
-7.32371e-06 -0.00339054 0.00394427 0.00514717 -0.000309859 0.00104214 0.0898377 0.001218 0.00106525 0.00569576 -0.00110498 0.00541563 -0.00454111 -0.00923991 -0.00218073 -0.00258396 -0.00151993 -0.00338133 -0.00261046 -0.00927954 -0.00170379 -0.00490362 -0.000711778 -0.00451544 0.00255004 -0.00273939 0.000341422 0.00135921 -0.00158684 0.000255277 0.000226475 0.00434891 0.00360468 -0.00215845 0.000267991 -0.00613885 -0.00874093 0.00217366 -0.00266778 -0.00852941 -0.0027841 0.00428206 -0.00168307 0.00276977 -0.000149798 -0.00104657 0.00156803 0.00255637 -0.000359383 0.00401909 -0.00195561 -0.00248362 -0.00133779 0.000484991 -0.000229311 0.00707201 -0.00408647 0.000746725 -0.0021148 0.0022133 -0.000884087 -0.00224548 -0.0010787 -0.00471559 0.00150804 -0.00783135 -0.00341967 -0.000308691 -0.00262341 -0.00750793 -0.00150193 0.00300411 -0.00123367 -0.00353029 -0.00115145 0.000115096 -0.00265325 0.00502319 -0.00139745 -0.00798846 -0.00297189 -0.00229678 -0.000987494 -0.00300904 -0.000932888 -0.000534949 0.000709911 -0.000842589 0.00285212 -0.00216842 0.00542072 0.00701664 -0.0051534 -0.00107997 -0.00129486 -0.000755014 -7.42332e-05 -0.00271093 -0.000837989 -0.00135746 
0.00263727 -0.00695497 0.000612424 0.0021205 0.00307776 0.0225363 0.001218 0.134663 0.00727639 0.00171391 0.00135225 0.00968079 0.00631097 0.00478821 -0.00130192 -0.00607584 -0.000608718 -0.00339754 0.0091257 -0.00258202 -0.00305681 0.00323062 0.00301971 -0.000453361 -0.000733634 -0.0127205 0.00560367 0.00219926 -0.00234327 -0.00815263 -0.00556237 -0.00194504 0.00607929 -0.00456493 0.00548142 -0.0071167 -0.00368149 -0.00116402 -0.00125878 -0.0116311 -0.00598235 -0.0108541 0.00111781 -0.00238934 0.00910187 0.00725299 0.000304588 -0.00477829 0.000569791 -0.00367253 -0.00227584 -0.0042868 -0.00268927 -0.00258752 -0.00199011 0.0030566 -0.00814821 -0.00119956 -0.0105935 -0.00116615 -0.000816309 -0.00304897 -0.00640765 -0.00591282 -0.00374286 -0.0159714 0.000323741 -0.00402595 -0.00390468 0.00411856 -0.00497934 -0.00760639 -0.000454881 -0.00152601 -0.000778555 0.000867661 -0.00246575 0.00306786 -0.000494039 -0.00992278 -0.00188828 0.00608112 -0.00707468 -0.00812435 -0.00202269 -0.00167412 -0.00460091 0.0012228 0.0014785 -0.00161271 -2.87137e-05 -0.0102527 0.00642174 -0.00762941 -0.00357887 -0.00276641 0.00373064 -0.00902669 -0.0015831 0.000397954 
-0.00147238 -0.00836593 -0.000951407 -0.00356168 0.00143257 0.00652771 0.00106525 0.00727639 0.15745 0.014319 0.00373846 -0.000597063 0.0157129 0.00478713 0.00620099 -0.00596907 0.00920396 0.00200478 -0.00494302 -0.00383019 0.00426696 0.000993412 -0.00945822 0.00270263 -0.00738477 -0.00890734 0.00384621 0.00135429 -0.000907892 -0.00938113 -0.0101473 -0.010869 -0.00748719 -0.00880525 -0.00275595 -0.00953895 0.00441845 -0.0066329 -0.00554856 -0.0141867 0.00781841 0.00580004 -0.00323563 -0.0013574 0.00641614 -0.00196263 0.000624949 -0.00612613 -0.00609499 0.00805191 0.000749919 -0.00147918 -0.000293679 -0.00414375 -0.00611996 -0.0120358 -0.0100645 -0.00571338 -0.00884482 -0.000840697 -0.00836665 -3.00972e-05 -0.00973349 -0.00665974 0.00149948 0.00698234 0.00463532 -0.00599141 -0.00865956 0.0114922 -0.00634714 0.0216984 -0.00766376 -0.0037059 -0.00288589 -0.00263121 -0.00273617 0.00428919 -0.00688874 -0.00745091 -0.00223476 0.000743971 -0.00276131 -0.0110013 -0.00328187 -0.00312288 -0.00253304 -0.00344041 0.000111362 0.000555606 -0.00156037 -6.87586e-06 0.00178487 0.0108999 -0.00481879 0.00249154 -0.00445207 -0.010846 0.000828111 -0.0049495 
-0.000190385 -0.00634905 -0.000822181 -0.0065779 0.00541752 0.0168176 0.00569576 0.00171391 0.014319 0.151941 0.000566322 0.00221859 -0.00283017 -0.00256031 -0.00125986 -0.00657141 0.0126678 -0.00372946 0.0113191 -0.00379472 -0.00443229 -0.0102238 -0.00204349 -0.00218943 0.00554838 0.000132586 0.0249047 -0.00331601 -0.00294045 -0.00841831 -0.00382171 -0.00492908 0.00429754 0.00230934 -0.00502804 -0.00677376 0.00257845 0.00716813 -0.00184938 -0.00134868 0.00883051 0.00749621 0.00922382 -0.00811176 0.00260123 -0.0034686 0.000443153 -0.00153643 -0.00591363 0.00783757 -0.00967945 -0.00360986 -0.00209131 -0.00262238 0.00368456 -0.00286073 -0.00617855 -0.00285101 -0.0144889 0.00377759 -0.0128315 -0.00385966 -0.00957662 -0.00635437 0.00663635 -0.0150513 -0.00662164 -0.00275315 -0.0007903 -0.0081373 -0.00278021 0.00113421 -0.0107198 -0.00709705 -0.00427759 -0.000440679 -0.00214842 0.0114794 -0.00728965 -0.00854784 -0.00511989 0.00164695 -0.00892501 -0.00516503 6.69591e-05 0.00199446 0.00138736 -0.00415927 -0.00527049 0.00121011 -0.000986652 -0.00317708 -0.00981797 -0.00708881 -0.00415121 -0.00713591 -0.00547164 -0.00698534 -0.000526897 -0.000395847 
-0.00111829 -0.00372538 0.000707192 0.00230883 -0.00359107 -0.00510614 -0.00110498 0.00135225 0.00373846 0.000566322 0.0933017 0.00466553 0.000550477 -0.00337842 0.00109807 0.00031868 -0.000446229 -0.00169275 -0.00527549 -0.00527007 -0.00137555 -0.0117907 -0.00502906 0.0010094 -0.00517002 0.00122517 6.67643e-05 -0.00224096 -0.0033576 -0.00244105 0.00327928 -0.00590369 -0.000714269 0.00957644 0.00183924 -0.000202449 0.0130609 0.00233509 -0.00259621 0.00317972 0.00131701 -0.00641259 0.000954348 0.00465482 -0.0042211 -0.000939655 -0.00117233 -0.00546138 0.000270093 0.00322863 -0.001933 0.000512338 0.000729971 0.000925089 -0.00134372 -0.00318705 -0.0064365 -0.00444813 -0.001668 0.0011887 -0.000771476 -0.000368981 -0.00264072 -0.00198681 0.000536669 0.00113342 -0.003554 -0.000608836 -0.000158293 -0.000592513 -0.0010919 0.00101885 -0.00139885 -0.00149721 0.00154361 0.000520001 -0.00190759 0.00232792 -0.00440459 0.00509736 0.000678552 -0.00592382 -0.00433218 -0.00660456 -0.0030035 0.000943624 -0.000752666 -0.00115227 -0.000575392 0.000133077 -0.00114165 -0.00125708 -0.00385379 0.00191582 -0.00527307 -0.000185697 0.000943874 -0.00557621 -0.00384661 -0.0015392 
0.00346042 0.00313207 -0.00283389 -0.00265058 -0.00387852 0.00301357 0.00541563 0.00968079 -0.000597063 0.00221859 0.00466553 0.134008 0.00911566 -0.00325344 0.0159747 0.00919338 0.00508913 -0.00354387 -0.00199987 -0.00951049 -4.44724e-05 -0.0083294 0.00268464 -0.00320685 -0.00391452 -0.00258104 -0.00366454 0.000457277 0.00629775 -0.00386973 -0.0034368 0.00265863 -0.01228 -0.00430208 0.00406069 -0.00764074 -0.0120001 0.00609907 -0.0046443 -0.00749629 -0.00723823 -0.00470353 -0.00301352 -0.00171261 -0.000998656 -0.000117299 0.00341449 -0.00447035 -0.00385942 -0.00110643 -0.00620646 -0.00697517 -0.0042794 -0.00125638 -0.00196768 -0.00937687 -0.00839702 -0.00321003 -0.00806977 -0.0025534 -0.000357495 -0.00183614 -0.00953618 -0.00454066 -0.00138576 0.00134709 -0.00341104 -0.00250435 -0.00126008 -0.00525188 -0.0021309 0.00142466 -0.00248115 -0.00178352 0.00211631 0.00161075 0.000543024 0.00275957 -0.00212516 -0.00877697 -0.00411443 -0.00108963 -0.00584953 0.0041657 0.00307347 -0.00054865 0.00268648 0.00297441 0.00257572 0.000625486 0.00437297 4.16987e-05 0.00519818 -0.00807868 -0.00122569 0.000528045 0.00126295 -0.00534207 -0.00407951 -0.00504601 
-0.005181 0.000545525 -0.00325424 -0.0067822 0.00202352 -0.0151417 -0.00454111 0.00631097 0.0157129 -0.00283017 0.000550477 0.00911566 0.13917 0.00762143 0.0124794 -0.00298627 -0.00274138 -0.0019966 0.000609197 -0.00877307 -0.00437621 0.00590171 -0.00438014 0.00587523 -0.0018219 -0.00502451 -0.0126207 -0.00252368 0.00611212 0.000610541 -0.00477597 -0.00160887 0.00635872 -0.00161708 -0.00244285 -0.00459271 -0.00127451 0.0106462 -0.00110779 -0.0144561 0.00496351 -0.00856309 -0.00349674 -0.00549001 -0.00357155 -0.00209343 -0.0023697 -0.00382356 0.000159005 0.000234097 -0.00355256 -0.00766134 -0.00233755 -0.000383489 -0.00542839 -0.00621765 -0.00725539 -4.81915e-05 -0.00116455 -0.0014563 0.0104724 0.00202714 -0.00323192 -0.00888565 -0.00408652 0.00291541 0.00515441 -0.00242139 -0.00557884 0.00678537 -0.000371925 -0.000513701 0.00305514 -0.00153374 -0.00461311 -0.000576443 0.00158458 -0.00727646 -0.00857155 -0.00543299 -0.000366361 -0.00579175 0.000848082 -0.00149053 0.00175091 -0.00386514 -0.00248961 0.00209994 -0.00354918 -0.0016734 -0.00381658 0.00124662 0.00375262 -0.00288585 -0.000513696 -0.00331046 -0.00348195 -0.0123372 0.00455436 -0.000816655 
-0.00344503 -0.0126835 -0.00665144 -0.00671112 0.0111484 -0.0057564 -0.00923991 0.00478821 0.00478713 -0.00256031 -0.00337842 -0.00325344 0.00762143 0.209628 0.00515682 0.00330967 0.00803132 -0.00807552 -0.000631998 -0.00388818 0.00222096 -0.00341438 -0.0198151 0.00759792 0.00456214 -0.00814306 -0.00850704 -0.00473432 -0.00706446 -0.00498148 0.00989347 -0.00433755 -0.00169145 0.00205232 -0.00106131 -0.00450885 -0.00100323 0.0135256 -0.00357397 0.00326119 0.00582432 0.0115547 0.000786175 0.00380817 0.000154272 0.0147323 -0.00202882 -0.00330258 0.00550643 -0.00547285 0.00219676 0.0069106 -0.00336448 -0.00398882 -0.00799006 0.0133405 -0.0112685 -0.00513546 -0.0137914 -0.00716533 -0.00440713 -0.00115117 0.00329028 -0.00877678 -0.0090636 -0.00596918 -0.00901288 9.43846e-05 0.00263739 -0.00417593 -0.00622107 -0.0121412 0.0139937 -0.00594161 -0.00827071 9.21531e-05 0.0109789 -0.0073475 -0.0109898 -0.0137273 -0.00287781 -0.0072372 -0.00539586 -0.00816315 0.00145391 -0.00434209 -0.00470193 0.00306787 -0.00745462 -0.00875416 0.00320225 0.00524963 -0.00839211 0.00491634 0.00190787 -0.0154595 -0.00267246 -0.00637797 -0.00995253 -0.0116863 
0.00151652 0.0146058 -0.00319329 -0.0068564 -0.00181114 -0.0015651 -0.00218073 -0.00130192 0.00620099 -0.00125986 0.00109807 0.0159747 0.0124794 0.00515682 0.160824 0.012519 0.00599011 -0.00242263 0.00194569 -0.00274667 0.00663093 -0.0020626 0.00283622 0.00517089 -0.00457006 -0.00605095 -0.0161682 -0.00192221 0.0034636 0.00218005 0.00157356 -0.00322308 0.00277234 -0.00364413 0.00161927 -0.00108457 -0.0218211 -0.00134584 -0.0019 -0.0145852 -0.000206699 -0.0103795 0.00130334 0.000569001 0.00633618 -0.00967015 8.5208e-05 0.00451066 0.000709389 -0.00101081 8.18917e-05 -0.0121826 -0.00210095 -2.03768e-05 0.00349698 -0.0070755 -0.00560991 -0.00667933 -0.00150273 -0.000314524 -0.00198925 -0.00467359 -0.00600262 0.00242907 -0.00798077 -0.00466303 -0.00264282 -0.000675815 -0.000712656 -0.0106623 0.00121305 -0.00690356 0.000827261 0.0114462 -0.000890482 -0.00114836 0.00417401 -0.00932285 -0.00700838 0.000472301 0.000514964 0.00290281 -0.00618328 -0.00237557 0.00040232 -0.00340292 4.42966e-05 -0.00355193 -0.00295016 -0.000763271 -0.00394129 0.00314224 -0.00389406 -0.0245468 -0.00224869 -0.00924731 -0.00209162 -0.0126275 -0.0017027 -0.00594635 
-0.00289934 0.00645925 -0.00395641 0.00109461 0.00196404 -0.00113695 -0.00258396 -0.00607584 -0.00596907 -0.00657141 0.00031868 0.00919338 -0.00298627 0.00330967 0.012519 0.112441 -0.000540111 -0.000777108 -0.00616505 0.00779264 0.00583572 -0.00530723 0.00262281 -0.00217573 -0.0044766 0.00099328 -0.00869562 0.000798141 -0.00338785 -0.000749468 0.00537623 0.00533488 0.0004878 0.000417405 4.55905e-05 0.000440003 -0.0148061 -0.00468948 0.000429853 -0.00132199 -0.00474836 -0.00966621 -0.00421849 -0.00388044 -0.0028002 0.00342092 0.000522966 -0.00293843 0.0041638 -0.0042454 0.00270823 -0.00330215 -0.00166313 -0.00148436 -8.2177e-05 -0.000557276 0.000786522 0.000107927 0.00850893 -0.000811799 -0.00274376 -0.00293671 0.000165441 0.00353906 -0.00504095 0.00258373 -0.00637438 -0.00201399 -0.00269707 -0.00879729 -0.000272329 -0.00996819 0.00220648 0.00267818 0.000794218 0.00103481 0.00296798 -0.00187146 -0.00107224 -0.00201263 -0.00206646 -0.00362393 -0.00105068 0.00665281 0.00311222 -0.00110242 -0.00301621 0.000857445 -0.000146783 -0.00125664 0.00161956 -0.000876106 -0.00883845 -0.0149104 0.000547494 -0.00442842 -1.12432e-05 -0.00418819 -0.005355 -0.00451089 
-0.00185164 2.55433e-05 0.000778704 0.00238972 -0.000255289 0.0111253 -0.00151993 -0.000608718 0.00920396 0.0126678 -0.000446229 0.00508913 -0.00274138 0.00803132 0.00599011 -0.000540111 0.125429 -0.00181104 -0.00821456 0.000900363 0.00676343 -0.00096173 -0.00962767 -0.00470973 -0.00281869 0.00278631 0.00835031 -0.00448816 -0.00147493 -0.0073103 -0.00361772 -0.00950977 -0.00758425 -0.00820699 -0.00472538 -0.00828558 -0.00769278 -0.00173007 -0.0038561 -0.00801765 0.00280962 0.00187482 -0.00224182 -0.00097847 0.000169247 0.00901103 0.00116615 0.00587067 0.00138971 0.00368072 -0.000457764 -0.00208815 -0.00506369 -0.000306603 -0.000307649 -0.00795443 0.00385444 -0.00417521 -0.00967403 -0.000310222 -0.0103005 0.000244317 -0.0033257 -0.00122955 -0.0149459 -0.00903544 0.000797718 -0.00312973 1.69161e-05 -0.00511025 -0.00390351 0.00526736 -0.00240027 0.00256131 0.00230903 0.000320429 0.000355742 0.00212685 -0.00653578 0.00609675 -0.00275798 0.00495819 -0.00666657 -0.00849088 -0.00224952 0.0014002 0.00166416 0.00120572 0.00435261 -0.00228621 -0.00038672 -0.00110627 -0.00350653 -0.00694459 -0.00510491 0.000489708 -0.00309209 -0.00908111 -0.00233795 -0.00343181 
-0.00758166 -0.0121139 0.00383135 -0.00222377 -0.0041549 -0.0189076 -0.00338133 -0.00339754 0.00200478 -0.00372946 -0.00169275 -0.00354387 -0.0019966 -0.00807552 -0.00242263 -0.000777108 -0.00181104 0.187477 -0.00751618 -0.00907006 -0.0117823 0.0192669 0.00130198 -0.00406702 -0.0131701 -0.0129249 -0.00302667 -0.00203745 -0.00130355 -0.0172143 0.000290017 -0.00170266 -0.0192661 -0.00788364 -0.00280751 -0.0100905 -0.0078035 0.00418269 -0.00438509 0.00487425 0.00346963 0.00850672 -0.00155835 -0.0022642 -0.0065703 0.00416815 -0.00544389 -0.0124883 0.00159532 -0.00886617 -0.0167236 -0.00908326 6.07171e-05 0.000114321 0.00535235 0.00829206 0.00142259 0.0112345 0.00274239 -0.000891653 -0.00658146 0.0048372 -0.00841617 0.00263752 0.0116696 0.00310497 0.00670952 0.00302494 0.00315994 0.00536059 -0.0071473 0.0108467 -0.00417383 -0.00590281 -0.00494089 0.00142828 -0.00591823 -0.00167783 0.00310381 0.0020391 -0.00585027 -0.00636719 -0.0130886 -0.00361433 0.00536517 -0.000831973 0.00102497 0.00321767 -0.00795296 -0.00111539 -0.00436186 -0.0149089 0.014126 -0.00595411 0.00186291 0.00766855 0.0052355 -0.00310394 0.0137598 0.00728896 
-0.000843775 -0.00757491 -0.00221978 -0.0030393 0.006768 0.00691024 -0.00261046 0.0091257 -0.00494302 0.0113191 -0.00527549 -0.00199987 0.000609197 -0.000631998 0.00194569 -0.00616505 -0.00821456 -0.00751618 0.145679 0.00979587 -0.00109968 0.0111861 0.0205829 -0.001637 0.000208172 0.0114442 0.000944193 0.00491349 -0.00125747 0.00575534 -0.00106181 -0.0111713 0.000838712 -0.00117237 -0.00736119 -0.00414359 -0.0135615 0.00274844 -0.000832041 -0.00640496 0.00503887 -0.0126316 0.0040099 -0.00778684 0.00216346 -0.00594411 -0.0047516 -0.00660255 -0.0097586 -0.00270297 -0.00977831 -0.00541699 -0.0008355 -0.000742368 0.00238882 -0.00684162 -0.00960799 -0.00033954 -0.00775798 -0.00413873 -0.00883628 -0.00401922 0.00118658 0.0053864 -0.008163 -0.00812399 -0.00122289 -0.00531929 -0.00289951 -0.000739809 4.51273e-05 -0.00212479 -0.000785608 -0.000728129 0.00194554 -0.00311371 -0.000469194 -0.00517393 -0.00193144 0.000101129 -0.0013671 -0.00492465 -0.00115041 0.0118503 -0.000959326 -0.00350435 -0.00342655 -0.00132326 -0.000983232 0.000352216 -0.00686064 0.00474823 -0.000277127 -0.000378832 -0.00367419 -0.00650782 -0.00618739 -0.00253704 0.00322784 0.000868158 
0.00457808 -0.00361873 -0.00700071 -0.00489531 -0.00478339 0.00200781 -0.00927954 -0.00258202 -0.00383019 -0.00379472 -0.00527007 -0.00951049 -0.00877307 -0.00388818 -0.00274667 0.00779264 0.000900363 -0.00907006 0.00979587 0.160927 0.0114727 -0.0116314 0.0131405 0.00670261 0.00275021 0.0109242 -0.00111914 0.00247433 -0.00520259 0.00735924 -0.00546702 -0.00021963 0.0155381 -0.00461707 -0.00335837 -0.00316448 0.0158707 0.00165311 0.00360262 0.00252987 -0.00212069 -0.00911157 -0.00275544 -0.0171751 0.00145283 0.000969615 0.000355067 -0.00221367 -0.00322865 0.000388367 -0.0064184 -0.00486056 -0.001623 -0.0030581 -0.000628183 -0.0089215 0.00376535 -0.0064132 -0.0109681 -0.00559261 -0.00499957 0.00133637 0.0019315 0.0124438 -0.0129041 -0.0136452 -0.00376354 0.000606654 -6.9394e-05 -0.00670689 -0.00182897 -0.0101725 -0.00116758 -0.000922141 -0.00592213 0.000109168 -0.00254022 -0.00411186 -0.00357744 -0.000610024 -0.00247549 0.00486904 0.00921011 0.00514445 -0.00893467 -0.0014542 -0.00131308 -0.000667135 -0.00123553 -0.00181427 0.00198874 -0.00136254 -0.0116325 -0.0117095 -0.010611 -0.00461336 0.000251506 -0.000416632 -0.000702874 0.00595363 
0.00186205 0.00262792 -0.00474203 0.000764555 -0.00653571 0.00343593 -0.00170379 -0.00305681 0.00426696 -0.00443229 -0.00137555 -4.44724e-05 -0.00437621 0.00222096 0.00663093 0.00583572 0.00676343 -0.0117823 -0.00109968 0.0114727 0.117616 -0.00330283 -0.00190495 0.00413083 0.00645588 0.00795956 -0.00419875 -0.000250458 -0.0035478 6.66529e-05 -0.00405185 0.00137064 -0.00210434 -0.00684174 -0.00540106 -0.00235457 0.000213273 -0.00497144 0.00236432 0.00220373 -0.00301246 -0.00593951 -0.00358103 -0.00362295 0.000179119 -0.00775135 0.000704608 0.000257191 -0.00268126 0.00176202 -0.0020628 -0.00336857 -0.0021685 -0.00118591 -0.00320283 0.00513026 0.00473479 0.00107011 0.00705263 0.0063565 -0.00211723 -0.000483058 0.00235119 -0.00186811 -0.00363435 -0.000105016 -0.00303259 -0.00435437 -0.00145617 -0.0047831 -0.000562664 0.000598366 -0.00569526 -0.000754335 -0.00575298 1.2217e-05 0.000139467 -0.00704875 -0.0062884 -0.00590307 0.00042343 0.00101264 -0.00357653 -0.00184771 -0.00263653 -0.00140906 -0.00269536 -0.00228496 0.000242867 0.000527232 0.00295157 -0.00860985 -0.00734336 -0.0084543 0.000373803 -0.000894999 -0.00127548 -0.00620968 -0.00839262 0.00198331 
-0.00293365 -0.0115301 0.00143637 -0.00162696 0.00548199 -0.00902499 -0.00490362 0.00323062 0.000993412 -0.0102238 -0.0117907 -0.0083294 0.00590171 -0.00341438 -0.0020626 -0.00530723 -0.00096173 0.0192669 0.0111861 -0.0116314 -0.00330283 0.224253 0.00551711 0.00611704 0.0231028 -0.0132094 -0.00808921 -0.00586498 -0.00374157 -0.0134091 0.000309138 -0.00242922 -0.0194733 -0.00644694 -0.00802325 -0.0229752 -0.0385702 0.00542202 -0.00564473 -0.00893108 -0.00673508 0.00803157 -0.00853066 0.0134174 0.0028028 -0.000421721 -0.00786876 0.00820112 -0.00879127 -0.000495574 0.00288739 -0.0128083 -0.00777036 0.00388286 -0.0043138 0.00389064 -0.00610066 0.00473556 -0.0198 -0.000686486 0.00118731 0.00637712 -0.00382079 -0.00618567 -0.000682835 -0.0109753 0.00477728 -0.00323026 -0.00322835 0.00206526 0.00256734 -0.00690286 0.012205 -0.00045074 0.00252729 -0.000108532 0.00142438 -0.0115079 -0.00746118 0.00625744 -0.00265925 0.00271406 -0.00649328 -0.0103331 -0.0021032 0.00164286 -0.00559917 0.00687592 -0.0102281 0.00326587 -0.0111861 -0.0091151 0.0129362 -0.00039619 0.0039849 0.00282058 -0.000775428 -0.00899496 0.0136083 0.0033078 
0.000240191 0.000211122 -0.00375575 -0.00161148 -0.00538272 -0.00390591 -0.000711778 0.00301971 -0.00945822 -0.00204349 -0.00502906 0.00268464 -0.00438014 -0.0198151 0.00283622 0.00262281 -0.00962767 0.00130198 0.0205829 0.0131405 -0.00190495 0.00551711 0.161331 0.00432702 0.000822821 -0.00925506 0.00649829 0.00281904 0.00366971 0.015562 0.00128991 -0.00789273 0.00630559 0.00290704 -0.00417366 -0.0030845 -0.0137837 -0.00256663 0.000154466 -0.0074518 -0.00722551 -0.0180082 -0.00530512 -0.0117889 0.00361017 0.00912595 -0.00253449 -0.00732486 -0.00931053 -0.00453462 -0.014521 -0.00862767 -0.00244556 0.000959298 -0.0059687 -0.00240951 0.00052041 0.000664601 0.00547335 -0.00398486 0.00598772 -0.00189211 -0.00208012 8.46279e-05 -0.00313856 -0.00102538 -0.00701743 0.00420838 -0.00247849 -0.00419318 0.000427356 -0.0130486 0.0020063 -0.00550272 -0.00137048 -0.00315361 -0.00151935 -0.000565765 -0.0031298 -0.00185183 -0.00579638 -0.00207498 0.00106173 0.0070768 -0.00623733 -8.95501e-05 -0.00359246 -0.000378583 -0.00571299 -0.0018835 -0.0030147 0.0154724 0.00214732 0.00162552 -0.0118217 -0.00250379 -0.000544224 -0.00491255 0.00696457 -0.00490609 
0.000617083 -0.00267207 -0.00300657 -0.00274591 -0.00461858 -0.0129335 -0.00451544 -0.000453361 0.00270263 -0.00218943 0.0010094 -0.00320685 0.00587523 0.00759792 0.00517089 -0.00217573 -0.00470973 -0.00406702 -0.001637 0.00670261 0.00413083 0.00611704 0.00432702 0.115598 0.00758378 -0.000619669 0.00201103 0.000571931 -0.00210347 0.000491642 0.00192705 -0.00270226 0.00202785 -0.00353262 -0.00130126 -0.000112143 -0.00349204 -0.000695904 -0.00144413 0.00268798 -0.00571542 0.00228739 0.0014133 0.00285314 0.000225988 0.00519905 -0.00204181 -0.000693323 -0.00517919 0.00702218 -0.00248417 0.0017374 -0.00368779 -0.00343671 -0.000802652 -0.00655158 -0.00577407 -0.00159208 -0.00666302 0.0012871 -0.00562927 0.000224679 -0.00499379 0.00516754 -0.0015744 -0.0102486 -0.00141207 -0.00446652 -0.0049284 -0.00186679 -0.00336347 0.00188132 0.00650966 -0.00266109 -0.00400082 0.000316649 -4.7174e-05 -0.00313298 -0.00462019 -0.000117175 -0.00138176 0.0012797 -0.00258836 -0.00267127 -0.000133905 0.000269213 -0.00380017 -0.00369036 -0.00268752 0.00242875 -0.00220094 -0.00458246 -0.00583321 -0.0108683 -0.00074891 -0.00359371 0.00151109 -0.00825186 0.000800864 -0.00391272 
0.00651336 -0.00646782 -0.000852198 -0.00349102 0.00252823 -0.0126741 0.00255004 -0.000733634 -0.00738477 0.00554838 -0.00517002 -0.00391452 -0.0018219 0.00456214 -0.00457006 -0.0044766 -0.00281869 -0.0131701 0.000208172 0.00275021 0.00645588 0.0231028 0.000822821 0.00758378 0.141076 0.00225716 0.00230024 -0.00273693 -0.00142947 -0.00410765 0.00186819 -0.00456732 -0.0030886 -0.00680267 -0.00529226 -0.00928125 -0.0103052 0.00724794 -0.00251836 -0.00358229 -0.00228026 0.00402523 -0.00719291 0.00625824 0.00206749 0.000350534 -0.000121491 0.0149148 -0.00106117 0.0052188 0.00549929 -0.000660158 -0.00180614 0.00032137 -0.00503621 0.00215752 -0.0068052 -0.000141577 -0.0142021 -0.00192512 -0.0075699 0.000249771 -0.00243387 -0.00636024 -0.00407827 -0.0165127 -0.00642734 0.00256341 -0.00287375 -0.00986296 0.00327808 -0.015455 0.000139342 -0.00287115 0.0017208 0.000119253 -0.00154833 -0.0070287 -0.00371446 0.000335009 -0.00198797 0.000982435 0.000522348 0.00119358 -0.0018587 0.00429922 -0.00471965 0.00454596 -0.00681633 0.00179468 0.000143326 -0.00404462 -0.00369562 -0.0178815 0.00312922 0.000839015 3.23477e-05 0.00345202 0.00169454 0.00100759 
0.00414668 0.0005928 -0.00308047 0.00750419 -0.00365267 0.0085687 -0.00273939 -0.0127205 -0.00890734 0.000132586 0.00122517 -0.00258104 -0.00502451 -0.00814306 -0.00605095 0.00099328 0.00278631 -0.0129249 0.0114442 0.0109242 0.00795956 -0.0132094 -0.00925506 -0.000619669 0.00225716 0.179101 -0.00192103 -0.00462348 -0.00196079 0.00876219 -0.000102655 -0.0140292 -0.00233977 -0.0017633 -0.000453105 0.00444745 -0.00558813 -0.0171652 0.00142422 -0.0132279 -0.00546325 0.00319319 0.000733389 0.00196261 -0.00635172 -0.00364014 -0.00205494 0.00380172 -0.011674 -0.00322232 0.00507292 -0.00948139 -0.00401949 -0.0013954 -0.0054863 -0.00636411 -0.00189205 -0.00667207 0.00857446 -0.00503092 -0.00552669 8.74545e-05 -0.00646535 0.00404836 -0.0166689 0.0145992 -0.00486806 -0.0017549 0.00285201 -0.00364641 0.0076661 -0.00974563 -0.00257553 0.00576619 0.00480497 -0.0012315 -0.00279806 -0.00564891 -0.0049313 0.00985755 0.000267512 -0.0035028 0.00165593 0.00364544 -0.00477975 -0.000734706 0.00494712 0.000376541 0.000338532 0.00708627 -0.00268659 -0.00821387 -0.0126464 -0.0142338 -0.00645478 -0.00786148 -0.00147997 0.00274257 -0.00683216 0.0137696 
0.000246868 0.00459926 0.00120652 0.00232512 -0.000957642 0.0169587 0.000341422 0.00560367 0.00384621 0.0249047 6.67643e-05 -0.00366454 -0.0126207 -0.00850704 -0.0161682 -0.00869562 0.00835031 -0.00302667 0.000944193 -0.00111914 -0.00419875 -0.00808921 0.00649829 0.00201103 0.00230024 -0.00192103 0.155456 0.00467616 0.00411374 0.000578332 0.00116409 -0.0132435 0.00158806 -0.00483015 0.00190873 -0.00757186 0.00189986 0.00966415 -0.00205329 -0.000234933 0.002058 0.00780267 0.000759922 -0.00518706 0.00251112 0.00921133 -0.00120645 -0.00725483 -0.00170194 0.00414376 -0.00397812 -0.00332396 0.000464357 -0.00460571 -0.00614445 -0.0103331 -0.00611641 -0.007037 -0.0134769 -0.00119284 -0.0115818 -0.00463928 -0.0114194 0.00706264 -0.0138083 -0.013279 -0.00489511 -0.00793223 -0.00749952 -0.00362484 -0.00367922 -0.00480345 -0.00887848 -0.00442018 -0.00519846 -0.00164005 -0.00472586 0.0144629 -0.000266378 0.00347098 -0.00423384 0.00366481 -0.00571265 -0.00595027 -0.000267221 -0.00129672 0.00498607 -0.00176357 -0.00222256 -0.00130082 -0.000471084 0.00477391 -0.00451098 -0.00111412 -0.00925756 0.00086268 -0.00263664 0.00194834 -0.00343009 -0.00451528 
-0.000329149 -0.00139359 -0.000200562 -0.00197447 0.0052439 0.00121921 0.00135921 0.00219926 0.00135429 -0.00331601 -0.00224096 0.000457277 -0.00252368 -0.00473432 -0.00192221 0.000798141 -0.00448816 -0.00203745 0.00491349 0.00247433 -0.000250458 -0.00586498 0.00281904 0.000571931 -0.00273693 -0.00462348 0.00467616 0.0828826 -0.000404815 0.00190338 0.00275256 0.00543658 -0.00129745 0.00451316 -0.00153828 -0.002482 -0.00465115 0.000842128 -0.000424726 -0.00779056 -0.000509475 -0.00205524 0.000799485 -0.00527017 0.00192833 -0.00257258 0.000813653 -0.00260683 -0.00408205 0.000214619 0.00111204 0.0024319 0.0018642 -0.00105546 -0.00125991 -0.00958254 -0.00584494 0.00114426 -0.00491186 0.000794774 -2.47776e-05 -0.00219094 -0.000387474 0.00346704 9.03105e-05 -0.00543777 -0.00140533 -0.00185517 -0.00103536 -0.00701786 0.000411258 -0.00489525 0.000238963 -0.00204526 -0.0025159 -0.000815888 -0.000322807 -0.00237697 0.00267905 -0.00250177 0.00114971 0.000194204 -0.000558802 0.0118379 -0.0018286 -0.000770316 -0.00122791 -0.000657462 -0.000839371 -0.00256544 -0.00241456 -0.00196966 -0.00549307 0.00612998 -0.00176279 -0.0022512 -0.00131951 -0.00157913 -0.00592709 -0.000748426 
0.000532086 0.00439455 0.00163835 -0.00334186 -0.001964 -0.00344966 -0.00158684 -0.00234327 -0.000907892 -0.00294045 -0.0033576 0.00629775 0.00611212 -0.00706446 0.0034636 -0.00338785 -0.00147493 -0.00130355 -0.00125747 -0.00520259 -0.0035478 -0.00374157 0.00366971 -0.00210347 -0.00142947 -0.00196079 0.00411374 -0.000404815 0.0931604 0.000224732 -0.00972679 -0.00413008 -0.00566541 -0.00214543 -0.00245901 0.00133582 -0.00300494 0.00422912 -0.00184403 -0.00859498 -0.0021912 0.00386682 -0.00283831 0.000217438 -7.5558e-05 -0.00315683 -0.000309228 0.00120867 -0.00165552 0.00349649 -0.000974126 -0.00516808 -0.000227922 -0.00059221 0.00061073 -0.00775326 -0.00489576 -0.000343224 -0.00255446 -0.000719917 0.00484644 -0.000949658 -0.00590056 -0.00209111 -0.00505534 -0.00575505 0.00345495 -0.000165916 -0.00117393 -0.00125037 0.00310595 -0.00416227 -0.00133547 0.000422515 0.00198605 0.00138812 -0.000120225 -0.0061887 0.00191336 -0.000242746 -0.000195723 -7.12422e-05 0.00179557 -0.00248515 0.00392583 -0.00242884 0.00079271 0.00255877 -0.00170413 -6.26118e-07 -0.00297204 -0.00678073 0.012052 -0.0041014 -0.00104206 0.00415996 -0.000855012 -0.000447794 0.000204601 9.37341e-05 
-0.00280261 0.0102369 -0.00151372 -0.00111358 -0.00546851 -0.000253781 0.000255277 -0.00815263 -0.00938113 -0.00841831 -0.00244105 -0.00386973 0.000610541 -0.00498148 0.00218005 -0.000749468 -0.0073103 -0.0172143 0.00575534 0.00735924 6.66529e-05 -0.0134091 0.015562 0.000491642 -0.00410765 0.00876219 0.000578332 0.00190338 0.000224732 0.126733 0.00131062 0.000855483 0.000334131 0.00252104 -0.00367584 0.00232534 -0.00532339 -0.0123698 -0.000377178 0.0027415 -0.00309408 -0.0117084 -0.00176452 -0.00532792 0.00436853 -0.00153471 -0.00312164 -0.00418617 -0.00343601 -0.00213551 -0.00664754 -0.000183881 -0.000475987 0.00111566 -0.00430397 -0.00855494 -0.00219731 -0.00246318 0.00230829 -0.00154247 0.00273565 -0.00150389 -0.00197394 -0.000529715 -0.00871535 0.0172153 -0.0074602 0.00181484 -0.00402973 -0.00214844 0.00191185 -0.000594992 0.00374752 9.44542e-05 -0.00155868 -0.00179899 0.000471991 -0.0031786 -0.000655098 -0.00809259 -0.00172852 -0.00117186 0.000671388 0.014185 -0.00192675 0.00111512 0.000383483 -0.00269817 0.000799498 -0.00283452 -0.00205973 0.00136668 -0.00667193 0.0053824 -0.00215435 -0.003143 -0.00102908 0.000371415 -0.00371725 -0.0038791 
-0.00898698 -0.0101817 -0.00507498 -0.000803694 0.000998007 0.000553746 0.000226475 -0.00556237 -0.0101473 -0.00382171 0.00327928 -0.0034368 -0.00477597 0.00989347 0.00157356 0.00537623 -0.00361772 0.000290017 -0.00106181 -0.00546702 -0.00405185 0.000309138 0.00128991 0.00192705 0.00186819 -0.000102655 0.00116409 0.00275256 -0.00972679 0.00131062 0.155114 0.00308333 0.0110742 0.00685178 0.000216473 -0.00193592 -0.00517594 -0.00267318 -0.00530005 0.00254836 0.000369672 -0.00042245 0.00120177 0.00374162 -0.00528175 0.0105231 -0.000460242 0.000872655 -0.00569795 -0.00312402 -0.0016865 0.000439008 -0.0025723 0.00186705 -0.0031523 -0.0142825 -0.00490278 0.000879892 -0.00776297 -0.00254819 -0.00178285 -0.00327938 -0.00258165 0.00529977 -0.00367492 0.000170894 -0.00528853 0.000541758 -0.00127443 -0.00756771 -0.00574061 -0.0160938 0.01057 -0.00253409 -0.00110643 -0.00335131 -0.00146384 -0.00415905 -0.00433653 0.0101727 -0.00109635 -0.00161766 -0.00271727 0.00157285 -0.00259307 0.00271969 -0.0020439 3.96395e-05 -0.000924836 -0.00503461 -0.00189291 -0.00169819 -0.00553889 -0.00232835 -0.00736501 -0.000270486 0.00135867 -0.00823304 -0.00567642 -0.00697676 
-0.00446156 -0.00305501 0.00112996 -0.00289466 -0.00804111 -0.0177281 0.00434891 -0.00194504 -0.010869 -0.00492908 -0.00590369 0.00265863 -0.00160887 -0.00433755 -0.00322308 0.00533488 -0.00950977 -0.00170266 -0.0111713 -0.00021963 0.00137064 -0.00242922 -0.00789273 -0.00270226 -0.00456732 -0.0140292 -0.0132435 0.00543658 -0.00413008 0.000855483 0.00308333 0.163809 0.00956549 0.00681514 -0.00380143 0.00645382 0.0048941 -0.00838437 0.000759819 -0.000584463 -0.0089608 -0.00269177 -0.00349643 0.000594941 -0.00924186 0.00050841 -0.00672096 -0.0019254 0.00424131 -0.00539305 -0.0069499 0.00291241 -0.00224933 -0.000792409 0.00600247 0.0117393 0.0104426 0.0109393 0.00491674 0.00305144 0.0024144 0.0026678 0.012149 -0.00295877 0.0164681 -0.00142353 -0.00559978 0.00380242 0.0026411 -0.00816974 -0.00645193 -0.0101452 -0.0148322 -0.00541861 -0.00341597 0.00245328 -0.00503444 -0.0117335 0.00137957 -0.0170265 0.000508952 -0.00170647 0.000999996 -0.00352756 0.00754853 3.84018e-06 -0.00163348 0.000108328 0.00271228 -0.00382563 0.00639826 -0.00287789 -0.00708791 -0.00527372 0.00219329 -0.00425973 0.00298709 -0.00154718 -0.00829947 -0.00526474 
-0.00170037 0.0130911 0.00242827 0.00383446 -0.0120331 0.00517676 0.00360468 0.00607929 -0.00748719 0.00429754 -0.000714269 -0.01228 0.00635872 -0.00169145 0.00277234 0.0004878 -0.00758425 -0.0192661 0.000838712 0.0155381 -0.00210434 -0.0194733 0.00630559 0.00202785 -0.0030886 -0.00233977 0.00158806 -0.00129745 -0.00566541 0.000334131 0.0110742 0.00956549 0.147541 -0.00371931 0.00253634 0.00849481 0.0148121 0.00206874 -0.00248867 -0.00546312 0.00164933 -0.0162061 0.000999834 -0.00790284 -0.00209161 -0.0085361 -0.00275056 0.000455094 0.00597423 -0.00352317 0.00275938 0.00571744 -0.00185805 -0.0020709 5.28541e-05 -0.00360194 -0.00777933 -0.00491527 -0.00369957 -0.000844711 -0.00191778 -0.00717933 -0.00467099 -0.00535168 -0.00660655 -0.0068886 0.000123883 0.000477477 -0.00713713 -0.00406248 -0.000818947 -0.0124391 -0.00553844 -0.00568881 -0.00419978 -0.00145457 0.00299891 0.00285492 -0.00251732 -0.00209473 -0.00613247 -0.00513986 0.00236251 0.000292811 -0.00607344 -0.000617306 -0.000392455 0.00289102 0.00332534 0.00246818 0.0059617 0.0116773 -0.0155166 -0.00949988 -0.00335804 -0.00843674 0.00194505 -0.00696492 0.000207413 -0.0111759 
-0.00532456 -0.00308207 -0.0016693 -0.00277454 -0.00146831 -0.00905306 -0.00215845 -0.00456493 -0.00880525 0.00230934 0.00957644 -0.00430208 -0.00161708 0.00205232 -0.00364413 0.000417405 -0.00820699 -0.00788364 -0.00117237 -0.00461707 -0.00684174 -0.00644694 0.00290704 -0.00353262 -0.00680267 -0.0017633 -0.00483015 0.00451316 -0.00214543 0.00252104 0.00685178 0.00681514 -0.00371931 0.131363 0.00404199 0.00171412 0.00754856 0.00174866 -0.000484632 -0.00313837 -0.00147151 -0.00084233 0.00230291 -0.00872424 -0.00198475 -0.000993999 -0.0035511 -0.00461127 -0.00212718 -0.00684899 -0.00528826 -0.000336316 0.00328689 0.00291871 -0.002452 -0.00457081 -0.00308458 0.00114744 -0.00828637 -0.000779023 0.0065893 -0.00225371 -0.00267433 0.00813209 0.0214632 0.00467692 -0.00449492 0.00638672 -0.00336567 -0.00743854 -0.0015354 -0.00672497 -0.00133323 -0.0038828 -0.00273434 -0.00101882 -0.00191634 -0.0105928 -0.00189639 -0.00957102 -0.00179278 -0.00261917 0.0014 0.00435923 -0.00129981 0.000647922 0.00196975 -0.00687237 0.00543089 -0.00631933 -0.000719685 0.00402909 -0.00727175 0.0103039 -0.00241248 -0.00281278 -0.000243267 0.00158263 -0.00637826 -0.00483087 
