0.12133 -0.00457402 0.000238104 0.000885254 -0.000207186 -0.0043839 -0.000652087 -0.00427311 -0.00618404 -0.00512107 0.000238135 -0.00598543 -0.00850231 -0.00664628 -0.00115009 -0.00428957 -0.0052494 -0.00164915 -0.00922864 -0.00620798 -0.0126209 -0.00214043 0.00343481 -0.00613686 0.00204013 0.00140674 0.00108328 -0.00544118 -0.00401052 0.00245551 0.00558486 -0.000722557 0.000841391 -0.00200109 -0.00345535 -0.00550415 -0.00147994 0.00330434 -0.00617178 -0.00293196 -0.000781112 -0.00195958 0.00150913 0.00269725 0.000768842 -0.00192568 -0.00359966 -0.0031877 0.00348217 0.000762794 0.00910204 5.71543e-05 0.00312936 -0.000847434 -0.000783465 -0.0057504 -0.00267349 -0.00843325 -0.00392357 -0.00133205 -0.00632607 -0.00244089 -0.000629799 -0.00283096 0.00424011 0.00244545 0.00609005 0.000755326 0.00534814 -0.00802161 -0.0047173 0.00820797 -0.00357353 -0.00141979 -0.00216094 0.00320026 0.00133955 0.0118067 -0.00301381 0.00477299 0.0118397 -0.0104414 -0.00338399 -0.00523097 0.00106141 4.17906e-05 -0.00277947 0.00466583 0.000120532 -0.0070987 0.00729792 -0.0105511 0.00311072 -0.000826416 -0.00724567 -0.00314947 0.00298289 -0.000668838 0.00406433 0.000886084 
-0.00457402 0.115466 0.0102072 -0.00553977 0.0130728 -0.000165021 0.00110543 0.000946352 0.00125047 0.000877322 -0.00527267 -0.00902862 -0.00509219 -0.00527671 -0.0100371 -0.00273101 -0.00184436 0.00427632 -0.00600479 -0.00478752 0.00274906 7.0542e-05 0.00208077 -0.00592916 -0.00420999 -0.000119576 -0.00477131 0.000373655 -0.00639943 0.000968036 0.00528192 0.00130437 0.00464797 -0.000453539 0.000596881 -0.00171719 -0.00185955 0.00254017 -0.001013 0.000903081 0.00534627 -0.000817431 0.0100853 -6.25771e-05 0.000376542 -0.00330246 -0.00313909 -0.00832759 0.000901469 -0.0039543 -0.00241363 -0.00914585 0.00164226 -0.00560652 0.00696199 -0.0017802 0.00951822 0.00252461 -0.00758242 -0.00416497 0.00853691 -0.00108999 0.00458245 0.0006214 -0.0032939 -0.000257296 -0.00142957 -0.00389711 0.00223283 -0.0067598 -0.00147513 -0.00148914 -0.00746791 0.00131612 0.00101203 0.000855764 -0.00528058 -0.00386098 -0.0117685 -0.00667761 -0.00499191 0.00369177 0.000611132 -0.00263396 -0.00490664 -0.000176593 -0.00567874 -0.00268296 -0.00128518 -0.00382332 -0.00176909 -0.001982 -0.00292955 -0.000526977 -5.67381e-05 -0.000277415 -0.00371606 -0.00185035 0.000500197 0.00112276 
0.000238104 0.0102072 0.11391 0.0026482 -0.00470445 -0.000821504 0.00882965 0.00466579 -0.000520348 0.00155158 -0.00513317 0.00694885 -0.00182407 -0.000500759 0.00606353 -0.00402963 -0.00324133 -0.0019476 -0.00534583 -0.00935026 -0.00823231 -0.0139726 -0.00171794 -0.00546986 -0.00379661 -0.00217831 -0.00384207 -0.00223004 0.000616124 -0.00240247 0.00347285 0.00159234 -0.00146031 0.00162659 -0.000548882 0.00346281 -0.00381323 -0.00282838 -0.00674944 2.81509e-05 -0.00159695 0.000139048 0.000119924 -0.00244122 -0.000941919 -0.000757696 -0.00735803 -0.00428524 -0.000835571 -0.00214406 0.00360706 -0.00067098 -0.00689444 -0.00691378 -0.00285446 -0.00323868 0.0124751 -0.00397108 -0.00780425 -0.0141579 0.000962806 0.00142012 -0.00193925 -0.000902885 -0.00403925 -0.00552231 0.00320143 0.000624746 -0.000899038 0.00489956 -0.00304859 -0.00481036 -0.00953527 0.0035718 0.000395883 -0.00441471 -0.00175745 0.000790544 -0.0114871 0.00572662 -0.000720838 0.000372917 -0.00365955 0.000577879 0.000914407 -0.00376356 0.00155799 0.00141471 -0.00275683 -0.000247445 0.00354536 -0.00542172 -0.00126654 0.000735412 0.0142807 -0.000328061 0.00236696 -0.00166874 0.00183572 0.000319089 
0.000885254 -0.00553977 0.0026482 0.16676 0.0161729 -0.00619321 -0.000429367 -0.00356398 0.000779157 0.00129629 -0.0027627 -0.000630669 0.0173122 -0.00233758 -0.00598735 0.00899019 -0.00363755 0.00161228 -0.0124156 0.00585162 -0.00707556 0.00144545 -0.00931582 -0.00514317 -0.00468583 -0.00493408 -0.00156 -0.00513196 0.0125151 -0.0126144 -0.0118103 -0.00568203 -0.00654868 -0.004609 -0.00327201 -0.00443291 0.00598709 0.00500385 -0.00409385 -0.000980382 0.00147255 -0.00363915 0.00037125 -0.00216038 -0.00101276 -0.00942129 -0.0043531 -3.14728e-05 0.0078424 -0.00410106 -0.00765595 -0.0111016 -0.00860557 -0.00284086 -0.00138612 -0.00394474 -0.016915 -0.0121736 -0.00677056 -0.00464199 -0.00803544 -0.00295894 -0.000603921 0.000240666 0.00657816 -0.0023993 0.0110337 0.00391093 0.0103378 -0.00565077 4.76327e-05 -0.00245957 0.0115188 -0.00515182 -0.00593914 0.00379954 -0.00255246 -0.00422878 0.0025554 0.00982806 0.00928518 -0.00309949 -0.00694737 0.00888148 -0.00146634 -0.00146812 -0.00842928 0.00446083 -0.00571653 0.000305841 -0.000383807 -0.004637 0.00644727 -0.00724256 -0.00897287 -0.00787815 0.00651893 -0.00206887 -0.0186696 0.000406662 
-0.000207186 0.0130728 -0.00470445 0.0161729 0.18168 -0.000610038 -0.00180632 -0.00643211 0.00840712 0.0016608 -0.00346447 -0.0245088 -0.00142842 -0.010072 -0.00169831 -0.00623081 -0.0097225 0.00402693 -0.00256382 0.00851427 0.00635504 0.0108966 -0.00639944 -0.00348941 -0.00661716 0.00340562 -0.00185967 -0.000147357 -0.0112754 -0.00182013 -0.0190117 -0.0107627 -0.00278165 -0.0075368 -0.00292178 -0.00314206 0.00513876 0.00507556 0.000302439 -0.00323797 0.00879655 -0.00396198 0.000396037 -0.00324645 0.000888644 0.00463659 0.00507243 -0.00769924 0.0147004 0.00845141 0.000370231 -0.00686957 0.00358916 -0.00380093 0.0081588 0.00215385 -0.0197735 0.007418 -0.009484 0.0218397 0.00405772 -0.0137464 -0.00748589 -0.00194006 -0.0134434 0.000419095 -0.00392309 -0.00527236 0.00424795 -0.00576455 0.00789345 -0.00581591 0.0134471 0.00479686 0.00352963 -0.000108816 -0.00759608 -0.00479013 -0.00875437 -0.0216473 -0.0114013 -0.00364159 -0.0109143 -0.00603438 -0.0111724 -0.0102165 -0.00759435 0.00834957 -0.00452539 0.0100956 -0.00706794 -0.000687371 0.0164781 -0.00199251 -0.0158617 -0.00358624 0.0041907 -0.0039113 -0.012193 -0.00830932 
-0.0043839 -0.000165021 -0.000821504 -0.00619321 -0.000610038 0.15321 0.0020323 -8.20969e-05 0.00725871 -0.00158402 0.00143689 0.00204287 0.00053377 0.000545469 -0.00664935 0.00285004 -0.00203183 0.000239833 0.00839853 -0.000664018 -0.000266461 0.0146714 -0.00339894 -0.00622149 -0.00329899 -0.00457388 -0.00612505 -0.00798788 -0.0191954 -0.000514013 -0.008856 6.02938e-05 -0.0016427 -0.00868061 -0.00104155 -0.00229136 -0.00907289 -0.00175806 0.00214186 0.00250579 -0.0042673 5.35269e-05 0.00236286 0.00363339 -0.00210463 -0.0044373 0.00541566 -0.00259627 0.00556939 0.00216165 -0.00771513 -0.0119955 -0.00339839 -0.0123315 0.00447029 -0.00351939 -0.00747741 0.000937517 0.0156302 0.0187731 -0.00565013 -0.00507499 -0.0040405 0.000769941 -0.00947971 0.0057383 -0.00191461 -0.00762612 -0.000586929 0.0121071 0.00093414 -0.00469435 -0.00306964 -0.00931266 -0.00458044 -0.00901267 -0.00290751 0.000371771 0.00789197 -0.00281816 0.000999905 -0.00354085 0.00363792 -0.00664653 -0.00271051 -0.00540851 0.00431366 -0.0137915 -0.00470791 -0.00157082 -0.00721897 -0.00724594 -9.44115e-05 -0.00196563 -0.00499853 -0.00190514 -0.00481471 -0.000454237 0.00849048 0.0036047 
-0.000652087 0.00110543 0.00882965 -0.000429367 -0.00180632 0.0020323 0.126762 0.000234995 0.00112569 0.00111425 0.00469289 0.0069231 -0.00212245 -0.00193933 0.00737781 -0.00376069 -0.0043045 -0.000594954 -0.00510525 -0.00474331 -0.00072051 -0.00808208 0.00510368 6.07558e-05 0.00296247 -0.00237586 -0.00401214 0.00306676 -0.00886212 -0.000159857 -0.00808717 0.00190986 0.000529697 -0.0045907 -0.00529468 -0.0029362 -0.0140437 -0.000465934 0.00135663 0.00298048 -0.00289397 -0.00285187 -0.00564052 0.00182746 -0.00111153 -0.00412487 -0.00322054 0.000117735 0.0130407 0.00947539 0.00179714 0.00159808 -0.00298729 -0.00605717 0.000375553 -0.00479176 -0.00366929 -0.00667934 0.0045743 -0.00743029 -0.00262652 -0.00420533 -0.00978985 -0.0004321 0.000670207 -0.00319215 -0.00166213 -0.00439494 -0.000723443 0.00808775 -0.00331654 -0.00473523 -0.000436536 -0.00427321 -0.00546672 -0.0065636 -0.000614854 0.00922528 -0.00204454 0.00544453 -0.00311843 -0.00658334 -0.00275171 0.00806383 -0.00341353 -0.000542165 -0.00324798 -0.00358219 -0.0026945 -0.00585354 -0.00376921 -0.00296247 -0.00305328 -0.00442456 0.00123805 0.00359977 -0.00227017 0.00113225 -0.00589014 -0.00325349 
-0.00427311 0.000946352 0.00466579 -0.00356398 -0.00643211 -8.20969e-05 0.000234995 0.149523 0.00684674 -0.00089359 -0.00643561 -0.00549106 0.00634163 0.00877737 -0.00761589 -0.0066436 -0.00837073 -0.00638476 -0.00762238 -0.0166773 0.00354624 -0.00379756 -0.00332728 -0.0107189 -0.00238964 -0.00219809 -0.0100909 -0.000713518 0.00832486 -0.00584892 0.0245413 -0.00252984 -0.00717582 -0.00285117 -0.00520312 -0.000539255 -0.00775776 0.00304108 -0.00830177 -0.00446884 -0.00195084 -0.00595719 0.00464435 0.00108584 -0.00269947 -0.0112128 -0.00161698 0.00442523 -0.00483409 -0.00183749 -0.00509963 -0.00422753 -0.00548857 0.00666716 0.00432883 -0.0100177 0.00205686 0.00516358 -0.00205152 -0.00635892 0.00544938 -0.00439963 -0.00195992 -0.00211341 -0.00321812 0.000277315 -0.0057246 -0.0130208 0.00404525 0.00570327 -0.00194687 0.00062813 -0.00137842 0.00513589 -0.000963851 -0.00020995 -0.00432749 -0.00261352 -0.00965602 -0.00603031 -0.0103287 0.00921428 0.0027774 -0.00189908 -0.00357381 -0.00559315 -0.00623442 0.000279028 0.00268628 0.00923385 -0.00487193 0.00399803 0.0102812 -0.00392458 0.00963926 -0.00210904 -0.00660827 0.00307685 0.00703038 -0.000159848 
-0.00618404 0.00125047 -0.000520348 0.000779157 0.00840712 0.00725871 0.00112569 0.00684674 0.134679 0.00511789 -0.00515457 -0.00249795 0.00484058 0.00240131 -0.0085492 -0.000293357 -0.000245286 0.000457734 0.00238431 -0.0054013 -0.00418337 0.00412399 -0.00409846 -0.00652073 -0.00196777 -0.00107885 8.33299e-05 -0.00582968 -0.00485892 -0.00352511 0.0164483 -0.00244368 0.00443152 -0.00377773 -0.000835277 0.00331077 -0.0042004 -0.000198425 -0.00313732 0.00364263 -0.000728916 -0.00535965 0.0059711 -0.000838018 -0.00229985 0.00287156 -0.00134705 3.73732e-05 -0.00586072 -0.00137626 -0.00608729 -0.00870142 -0.00641158 -0.00170078 0.00478905 -0.00952912 -0.0101592 -0.0062492 -0.0104076 -0.00139458 0.000309978 -0.000496021 0.00322393 0.00378504 -0.00890177 -0.00205158 -0.00567544 -0.00793048 0.00141905 0.00116165 -0.000577961 0.00348481 0.000516631 0.00715098 -0.00430332 0.000481358 -0.00476288 -0.00297225 -0.00274657 0.00149523 -0.00529549 0.00560678 -0.00555279 -0.00957809 -0.0013248 -0.000974472 -0.00619291 -0.00144959 -0.0022731 0.000855903 -0.0041555 0.00488272 0.00433467 -0.000459827 -0.0023694 -0.00276581 -0.00760528 -0.00160943 -0.0113216 -0.00266806 
-0.00512107 0.000877322 0.00155158 0.00129629 0.0016608 -0.00158402 0.00111425 -0.00089359 0.00511789 0.0926653 -0.00358371 0.00736654 -0.00158079 -0.0039426 -0.000402867 0.00216536 0.0034091 0.00358122 -0.00360343 0.000883624 -0.00542925 0.00113569 -0.00495536 0.00324147 -0.0014444 -0.00159158 0.00109912 -0.0028351 0.00193447 -0.00230737 -0.00345476 0.00101627 0.00244246 -0.0023741 -0.000214109 -0.002598 -0.00586832 -0.000454979 0.00125106 -0.00254173 -0.00715135 -0.00326367 0.00126667 -0.00075886 -0.000688909 -0.00286929 -0.0025068 0.00379897 -0.000385273 -0.00068171 0.000543501 -0.00313426 -0.00547143 -0.00220929 -0.00417886 -0.00823255 -0.00160873 -0.0104796 0.00156418 -0.00569566 0.00112667 -0.000282108 -0.00263622 -0.00122047 -0.000556747 -0.00207079 -0.0014417 0.0024605 0.00465829 -0.00227019 0.00808703 -0.000181393 -0.00382799 -0.00174077 -0.00318276 -0.00175185 0.00149821 -0.00443964 0.00232833 0.00213551 0.000530199 -0.00166185 -0.00712776 -0.00194034 -0.00237433 -0.00180514 -0.00591643 0.0024018 0.00327419 0.00455064 -0.00178662 0.00212862 -0.00229053 0.00219368 0.00105145 0.000698547 -0.00306365 -0.000964704 -0.00663903 -0.00283643 
0.000238135 -0.00527267 -0.00513317 -0.0027627 -0.00346447 0.00143689 0.00469289 -0.00643561 -0.00515457 -0.00358371 0.0963979 0.0038243 0.00843291 0.00172411 0.0106818 0.00712196 -0.00124396 -0.0016037 -0.00476947 -0.000839136 0.00414279 -0.00626932 0.000329438 0.000852843 0.000108712 0.000770104 -0.0049217 0.00239175 -0.00546799 -0.0031184 -0.00772257 0.0010505 -0.00230664 0.000999477 -0.0017515 0.00252376 -0.00368306 -0.000902822 0.00658418 -0.00137835 -0.00168503 -0.00240114 -0.0051805 0.00125514 -0.000839164 -0.00113516 0.000616874 0.00261246 0.00196432 0.00546737 -0.00203972 0.00350824 -0.00343663 0.003436 -0.00753931 -0.00423336 -0.0124591 -0.0109155 -0.00160488 -0.00579262 -0.00479673 -0.00272607 -0.00367566 -0.000590718 0.00120735 -4.40175e-05 0.000691542 0.00138762 -0.00110796 0.00514099 -0.000423867 -0.00303169 0.0032374 -0.00211458 0.00298377 -0.00470089 0.000451868 -0.00156706 -0.00280862 0.00219488 -0.000609638 0.000250858 -0.00255687 0.00288561 -0.00322552 -0.000281308 -0.00178991 -0.00538831 -0.00217168 -0.00575496 0.001929 0.00320948 -0.00321859 -0.00130141 -0.0022169 -0.00270358 0.00223445 0.00241979 -0.00668132 -0.000853876 
-0.00598543 -0.00902862 0.00694885 -0.000630669 -0.0245088 0.00204287 0.0069231 -0.00549106 -0.00249795 0.00736654 0.0038243 0.206358 -0.00832343 -0.00685669 0.018834 0.00173432 0.0075664 -0.0125182 0.00173778 0.00767546 -0.00199399 -0.0123382 -0.0112563 0.0121317 -0.00830085 0.00270107 0.00756105 0.00358287 -0.0046164 -0.00975523 -0.0159328 0.00409605 -0.00272401 -0.00719552 -0.00645936 -0.00276366 0.00926636 -0.00825966 0.000898173 -0.00279954 -0.00516144 -0.00530792 -0.0105244 0.00267795 -0.00638049 -0.00158572 0.000933148 0.00416268 -0.00497789 -0.00335444 0.00824547 -0.00623754 -0.0140678 -0.00864393 -0.00970493 -0.00858288 0.00638639 -0.0103827 0.00993733 -0.0178955 -0.00752668 0.00648166 0.000106717 -0.000913335 -0.00613901 -0.00795744 -0.00363829 0.000943629 -0.0116467 0.0177258 -0.000825285 -0.0061971 0.0106901 -0.00334559 -0.00555073 -0.0175399 -0.00164722 -0.00274352 0.0171763 0.0179164 0.0120247 -0.0120484 0.00409234 0.0194816 -0.00861085 -0.000479114 0.00386117 -0.00837551 -0.00716645 -0.016422 -0.00165099 -0.0076272 -0.0219328 -0.00347615 0.00223115 -0.00281615 -0.00253702 6.26332e-05 -0.00307394 -0.00145421 
-0.00850231 -0.00509219 -0.00182407 0.0173122 -0.00142842 0.00053377 -0.00212245 0.00634163 0.00484058 -0.00158079 0.00843291 -0.00832343 0.13632 0.0161111 0.0031119 0.0110352 -0.00268585 0.00290812 0.00289943 -0.00673367 -0.00726228 -0.0120096 -0.00665717 -0.00401708 0.00165493 -0.000887607 -0.00709695 -9.54229e-05 0.0136585 -0.00238819 -0.00391214 0.000388472 -0.00685545 -0.000412819 -0.000978582 0.00721712 0.00380319 0.00610677 -0.00240731 0.00266356 -0.00415507 -0.0020244 -0.00679405 0.00021047 -0.00118156 -0.00681305 -0.00275855 -0.00407234 0.00158436 -0.00309698 -0.00832191 -0.00461955 -0.0143427 -0.00144811 -0.00607024 0.00276422 -0.00788171 -0.0145937 -0.00579157 -0.010064 -0.00249241 -0.00151319 -0.00435382 -0.00132511 0.000683301 -0.00123575 -0.00311259 -0.00464256 -0.000833962 0.0029257 -0.000647743 -0.00284082 -0.000856665 -0.0030091 -0.000102451 -0.00952662 0.00590417 -0.00141244 -0.000123071 -0.0118995 -0.00274293 0.009806 -0.00958267 -0.0107369 -0.00478488 0.00140907 0.00370635 -0.00157649 0.00246392 -0.000670969 -0.00709954 0.00312254 0.00829121 -0.00629226 0.00601665 -0.00221414 -0.00480756 0.00508805 -0.000550505 -0.00102526 
-0.00664628 -0.00527671 -0.000500759 -0.00233758 -0.010072 0.000545469 -0.00193933 0.00877737 0.00240131 -0.0039426 0.00172411 -0.00685669 0.0161111 0.142551 -0.0104536 -0.0041538 -0.00775134 0.00477846 0.00215353 -0.0092388 -0.00899763 -0.00943315 -5.08537e-05 -0.00432153 7.61807e-05 0.00252435 -0.0107959 0.00435205 0.0150105 -0.00273576 0.000564328 0.00653026 -0.0051183 -0.00329991 0.00045428 0.00383714 0.00379459 0.00138713 -0.0097802 -0.00429276 0.0010533 0.00116417 -5.76325e-05 -0.00193848 -0.000612171 0.00462986 -0.00663919 -0.00336814 -0.0079543 -0.00115687 -0.00578401 -0.00505736 -0.00849536 0.0125867 -0.00349567 -0.000276733 -0.0090099 -0.00376872 -0.00417452 -0.0151008 -0.000226568 0.0102096 0.0036611 -0.00163203 0.0111397 0.0046275 0.0011015 -0.00418761 -0.00180629 -0.000556725 0.00192739 -0.00467052 -0.0102121 -0.00239099 -0.00251325 -0.00145874 -0.00216775 0.00111245 -0.00258867 0.00584898 0.000886723 0.00838784 -0.00411808 -0.015401 -0.000330113 0.00229482 -0.0036571 -0.000829116 -0.000192181 0.000944908 -0.00392324 -0.00681958 -0.00367984 -0.000536368 0.000796847 -0.000904786 -0.00555583 -0.00154725 0.00245597 -0.00561174 
-0.00115009 -0.0100371 0.00606353 -0.00598735 -0.00169831 -0.00664935 0.00737781 -0.00761589 -0.0085492 -0.000402867 0.0106818 0.018834 0.0031119 -0.0104536 0.168798 0.00177223 0.0118376 -0.000150318 0.00651801 0.00688393 0.0161433 -0.0130868 -0.0101398 -0.00242801 -0.00010732 -0.00114721 0.00182769 0.000584457 -0.0037196 -0.0101055 -0.00556117 -0.00579795 -0.00565104 0.00564755 -0.00716199 -0.00223379 0.00566054 0.00402882 -0.00266717 -0.00500985 -0.00446234 -0.00707567 -0.00682813 -0.00505473 0.00353622 -0.00244169 -0.00114927 0.00429219 0.00279453 0.00781426 0.00791801 0.00306186 -0.0022327 -0.00445934 -0.013975 -0.000818402 -0.000727792 0.000243075 -0.0100945 -0.00246218 -0.00544154 -0.00848298 -0.00347602 -0.00590274 -0.013103 -0.00262676 -0.00401396 0.00846097 -0.0137155 0.00921982 0.00144843 -0.00607011 0.000748427 -0.00658498 -0.000787826 -0.0115304 -0.00462908 -0.00247669 0.00541034 -0.0126705 -0.00251939 -0.00327839 -0.0022793 -0.00622166 -0.000977479 -0.00939456 -0.00394741 0.00522215 -0.00454243 0.00531977 -0.000629578 -0.000801534 -0.00178502 0.00182415 -0.00279542 -0.00445349 -0.00239408 -0.000948822 -0.00682739 0.00151561 
-0.00428957 -0.00273101 -0.00402963 0.00899019 -0.00623081 0.00285004 -0.00376069 -0.0066436 -0.000293357 0.00216536 0.00712196 0.00173432 0.0110352 -0.0041538 0.00177223 0.115733 0.00186197 -0.0066405 -0.00100309 0.00629097 0.000774889 -0.002851 -0.00400222 -0.000205285 0.0011085 -0.0012677 -0.00597623 -0.002709 -0.0124512 0.000681873 -0.01178 0.00502927 0.00100816 -0.0019047 -0.00319396 9.69598e-05 -0.00231892 -0.000321219 -0.00436258 0.0009936 0.00146377 -0.00244288 -0.00146674 -0.000529791 0.000827449 -0.000779029 -0.000153322 -1.8293e-05 -0.00202554 -0.00289634 -0.00999165 -0.00510499 -0.00016377 -0.00561706 -0.00389823 0.00177899 -0.00396294 -0.0163157 0.00313321 -0.0105597 -0.00858479 0.000168663 -0.00089505 0.000846846 -0.00427379 -0.002447 0.000362254 0.00211074 0.0105909 0.0019841 0.00561342 0.000785097 0.000389745 -0.00289747 0.00121863 -0.0114165 0.000520514 -0.00248399 -0.0022892 -0.00552319 0.00111104 0.00371034 -0.0010593 0.00607493 0.00240224 0.00129245 0.00703058 -0.00281379 -0.0026863 -0.00506116 -0.00426564 0.00102199 -0.00480523 -0.00282303 0.00410322 -0.00186898 0.0024531 0.00325902 -0.00515164 -0.00311009 
-0.0052494 -0.00184436 -0.00324133 -0.00363755 -0.0097225 -0.00203183 -0.0043045 -0.00837073 -0.000245286 0.0034091 -0.00124396 0.0075664 -0.00268585 -0.00775134 0.0118376 0.00186197 0.114484 0.000969067 0.0175653 0.0131938 0.000199494 0.0026988 0.00350973 0.00717707 0.000646546 -0.00225228 0.0025747 -0.00147762 -0.0101791 -0.00176728 -0.00917763 -0.00125653 -0.00301937 0.00734089 -0.00155228 -0.00177895 0.00288287 -0.00140887 0.00271624 0.00702855 -0.0065086 -0.00138601 -0.00399091 -0.00361976 -0.00474456 -0.00335398 -0.00383792 0.00333769 -0.00239004 0.000414002 0.00315344 3.7308e-05 0.00293007 -0.00555434 -0.000465136 -0.00760693 0.00202521 -0.00933958 0.00511116 0.0036434 0.00144863 -0.0117374 0.00485607 -0.00120245 -0.0037792 -0.00273731 -0.000567406 -0.00364268 -0.00171252 0.00239376 0.00226465 -0.00100234 -0.00442319 -0.00283693 -0.00287281 -0.0120853 -0.00542021 -0.00637399 0.0073191 -0.0105113 -0.00173825 -0.00532362 -0.00670376 -0.00416933 0.000616543 -0.00298315 0.00478042 -0.00745457 0.0079597 0.000512575 -0.00158661 -0.00430627 -0.00678764 -0.00133338 -0.00511196 0.00306138 -0.00360662 -0.000432835 -0.00454567 0.000457563 
-0.00164915 0.00427632 -0.0019476 0.00161228 0.00402693 0.000239833 -0.000594954 -0.00638476 0.000457734 0.00358122 -0.0016037 -0.0125182 0.00290812 0.00477846 -0.000150318 -0.0066405 0.000969067 0.0956671 -0.000416728 0.00358408 -0.00387035 0.008133 -0.00176428 -0.00267265 -0.000290535 -0.00303787 -0.00516043 -0.00298861 -2.94612e-06 0.00272152 -0.00898827 -0.000900055 -0.00107648 -0.00111748 0.00110341 -0.00154964 -0.000458386 0.00173317 0.000591626 0.000229585 -0.00477939 0.00218266 -0.000313633 -0.00187274 0.00131607 2.0346e-05 -0.00058381 -0.00687489 0.00157693 0.00223932 -0.000987564 -0.00283697 0.000518701 -0.000952786 -0.00487743 -0.00499482 -0.0060584 -0.00397416 0.00138588 0.00806557 -0.00463693 0.00032638 0.00282655 -0.00207323 0.0022472 0.00322608 -0.000173727 -0.00167186 -0.000870428 0.00046884 -0.00289742 -0.00063633 -0.00768251 0.000795567 -0.00217953 -0.00183267 0.00223313 -0.00447598 0.0039597 -0.00141321 -0.00222927 -0.00456969 0.00114352 -0.00336344 -0.00546872 -0.00255552 -0.00232928 -0.000480761 -0.00256904 0.00371363 -0.000213877 -0.00219222 -0.00466944 -0.00090726 -0.00341935 0.00186911 -0.00304981 -0.00249549 0.000358926 -0.00113996 
-0.00922864 -0.00600479 -0.00534583 -0.0124156 -0.00256382 0.00839853 -0.00510525 -0.00762238 0.00238431 -0.00360343 -0.00476947 0.00173778 0.00289943 0.00215353 0.00651801 -0.00100309 0.0175653 -0.000416728 0.13615 0.00658601 -0.00308582 0.00197476 -0.000966628 0.00407044 0.000873055 0.000303141 -0.000381359 0.000646892 -0.0058191 -0.00832876 -0.0179747 -0.00374111 -0.00702707 -0.00467474 -0.00127425 0.000719067 0.00524303 -0.00512713 0.00790974 0.00263896 -0.00527843 -0.000954587 -0.00618191 -0.00577515 -0.000155262 -0.00427219 0.00493575 -0.00345599 -0.00518041 0.00428145 0.000140087 -0.0025862 -0.00731793 -0.0073048 0.00168626 -0.0051267 -0.00071118 0.00222701 0.0025522 0.0169827 0.00509495 0.000441432 0.0018236 -0.00280318 0.000598851 -0.000674536 -0.00366531 -0.00634639 -0.00811725 0.00584749 -0.0012299 -0.00356963 -0.00300495 -0.00323616 -0.00535745 -0.0106749 -0.00292901 -0.00558871 0.0120086 -0.00500568 -0.00528927 -0.000857784 0.00157163 -0.0101607 -0.00358524 0.000670409 0.000840252 -0.00684654 0.00151452 0.0121762 -0.004043 -0.00122906 -0.0048583 -0.000562931 -0.00798682 -0.000528648 -0.00501171 -0.00302322 0.00162346 0.00117841 
-0.00620798 -0.00478752 -0.00935026 0.00585162 0.00851427 -0.000664018 -0.00474331 -0.0166773 -0.0054013 0.000883624 -0.000839136 0.00767546 -0.00673367 -0.0092388 0.00688393 0.00629097 0.0131938 0.00358408 0.00658601 0.173116 0.00787117 0.0217718 -0.00540725 0.00745052 -0.00358485 -0.00265178 0.00881923 -0.00268815 -0.00918935 -0.00909849 -0.017381 -0.00956651 -0.0079094 -0.0135652 -0.00285914 -0.00298966 0.00700094 -0.0116297 0.01669 0.0055012 -0.0115132 -0.00145661 -0.00643577 -0.000472008 -0.00371894 -0.00839622 0.00502661 -0.00555841 -0.00387545 0.00387804 0.0032495 -0.00249101 0.00501312 -0.00309464 -0.00549721 -0.0125638 -0.00514862 -0.00127661 0.0113026 0.0207694 -0.00501785 -0.00643008 0.000154582 -0.00415943 -0.00559241 0.00363912 0.000418354 0.00224119 -0.000332916 0.00892845 -0.00240872 -0.00474528 -0.00755346 -0.00959519 0.00102281 -5.99535e-05 -0.00206556 -0.00866442 0.00473737 -0.0137812 -0.00445196 -0.00514881 -0.00345092 0.0132408 -0.0060698 -0.0069235 -0.00504675 0.00291877 -0.00735376 -0.00427556 -0.00737777 -0.0137018 -0.00406955 -0.0027034 -0.00878737 -0.00171421 -0.000611627 -0.00462974 -0.00297315 0.000133326 
-0.0126209 0.00274906 -0.00823231 -0.00707556 0.00635504 -0.000266461 -0.00072051 0.00354624 -0.00418337 -0.00542925 0.00414279 -0.00199399 -0.00726228 -0.00899763 0.0161433 0.000774889 0.000199494 -0.00387035 -0.00308582 0.00787117 0.171843 0.00889423 0.00522464 0.00877774 -0.000476157 0.000128084 0.00148564 0.00709843 -0.0184271 -0.00267017 -0.0133234 -0.0020785 -0.00198708 0.0149724 -0.00400952 -0.00408387 -0.00162937 -0.00551954 0.0117386 -0.00381 -0.00120371 -0.0043789 -0.00675152 -0.00175626 0.00064494 0.000285087 0.0028145 -0.00223106 0.00319036 -0.00570958 -0.00139427 0.0110263 0.000784843 -4.92862e-05 -0.0138351 -0.00306011 -0.00986511 -0.000534706 -0.0014369 0.00582059 0.00163291 -0.0143206 -0.00858081 -0.00336371 -0.0142874 0.00334711 -0.00506944 0.00459883 -0.00329472 0.00280251 -0.00264395 -0.00705375 -0.00712201 -0.00787973 0.00518449 -0.00840482 -0.00573068 -0.000710244 -0.016349 -0.0125921 -0.00751211 0.00987254 0.00704875 -0.00287739 -0.0042554 -0.00360678 0.00634469 0.00137754 -0.00388004 -0.0031482 2.06722e-05 0.00434065 -0.00740739 0.000816575 -0.00799249 -0.00412448 -0.000168974 -0.00664838 -0.00448224 0.00356789 
-0.00214043 7.0542e-05 -0.0139726 0.00144545 0.0108966 0.0146714 -0.00808208 -0.00379756 0.00412399 0.00113569 -0.00626932 -0.0123382 -0.0120096 -0.00943315 -0.0130868 -0.002851 0.0026988 0.008133 0.00197476 0.0217718 0.00889423 0.21392 0.0039885 0.0173728 -0.0114607 0.00899291 -0.0115086 -0.0155299 -0.0223751 -0.00151298 0.00082194 -0.0127983 -0.00392424 -0.00430869 -0.00138175 0.00134515 -0.00284267 -0.00327479 0.00334704 0.0021708 -0.0160316 -0.00412635 -0.00289495 -0.00199635 -0.00528205 -0.0315979 0.00875767 -0.00460684 -0.0014392 0.000762696 0.000214704 0.00770125 0.00928549 0.001644 -0.00557947 -0.0178009 -0.0148895 0.0279302 0.0054802 0.0238055 0.00592939 -0.0169424 -0.00711248 -0.00508373 -0.00716424 0.00152421 -7.25682e-05 -0.00397888 -0.0036849 -0.0105196 -0.00505003 0.00272891 -0.00984151 -0.00583793 -0.00306325 0.002297 -0.00270107 -0.0125579 0.00511755 -0.0104039 -0.00706267 -0.0152053 0.0137527 0.00853259 -0.0041625 -0.00964477 -0.00313154 -0.000873338 -0.00108571 0.00108687 -0.00831997 0.0111775 -0.00292912 -0.00143092 -0.0122184 -0.00286274 0.00183951 -0.00810096 -0.0133989 0.00824202 
0.00343481 0.00208077 -0.00171794 -0.00931582 -0.00639944 -0.00339894 0.00510368 -0.00332728 -0.00409846 -0.00495536 0.000329438 -0.0112563 -0.00665717 -5.08537e-05 -0.0101398 -0.00400222 0.00350973 -0.00176428 -0.000966628 -0.00540725 0.00522464 0.0039885 0.104128 0.0013951 0.00771923 0.000919468 0.00192838 -4.32978e-05 -0.00717825 0.000369672 -0.00320686 0.00184349 3.82615e-05 -0.000354597 0.0019257 -0.00491085 -0.00888566 -0.00155011 0.00469997 0.00398759 -0.000208431 -0.00150732 -0.00206925 0.000548797 0.000118011 -0.010181 -0.00397771 -0.00137771 -4.79944e-05 -9.85113e-05 0.00394957 -0.00480256 0.00150455 0.00363643 0.0136153 -0.0112637 -0.00181402 -0.00151605 -0.00275324 -0.000387307 0.00349262 -0.00219511 -0.00162132 0.00114315 -0.000887543 0.00362468 0.00290301 -0.000857208 0.00215715 -0.00769411 -0.00115563 0.00124225 -0.00164775 0.00065925 -0.000722757 -0.008437 -0.00317253 0.00491654 -0.0108377 -0.00251576 -0.0049909 -0.0015284 -0.002943 -0.00329297 -0.0027531 0.00538778 0.00144139 -0.0064158 0.0064583 0.00326039 0.00147694 -0.00144745 0.000885459 0.000264476 -0.00442715 0.000165555 0.000314232 -0.00078403 -0.00294049 -0.000932509 
-0.00613686 -0.00592916 -0.00546986 -0.00514317 -0.00348941 -0.00622149 6.07558e-05 -0.0107189 -0.00652073 0.00324147 0.000852843 0.0121317 -0.00401708 -0.00432153 -0.00242801 -0.000205285 0.00717707 -0.00267265 0.00407044 0.00745052 0.00877774 0.0173728 0.0013951 0.128388 0.000638275 -0.000210622 0.00144265 -0.00206453 -0.016608 -0.00160723 -0.0170644 -0.00350322 -0.00525488 0.00261463 -0.00195843 -0.00433683 -0.00104064 -0.0055142 0.00180871 -0.000388249 -0.00223908 -0.00547306 -0.00878648 -0.00174367 -0.00152148 -0.0087564 -0.00689651 -0.00114856 0.0073029 0.00123125 -0.000471715 0.00617765 -0.00776295 -0.00501431 -0.00799729 -0.010244 -0.0112635 -0.00486839 0.00374774 0.00286126 0.0021271 -0.00562923 -0.00709957 -0.00329575 0.00265101 -0.00273945 -5.06744e-05 0.00497205 -0.00298904 -0.0038401 0.000461489 -0.00460889 -0.000681048 -0.00611268 -0.00267104 -0.0129054 -0.000900902 -0.00651581 0.0081869 3.9442e-05 0.00161919 -0.00491259 0.00519912 0.0121857 0.00196448 0.000341511 0.0144577 -0.00260081 -0.00169633 -0.00839803 0.0071154 -0.00285868 -0.0114135 0.00113479 -0.00164441 0.00670541 0.00264988 0.00270397 0.00509277 0.00222571 
0.00204013 -0.00420999 -0.00379661 -0.00468583 -0.00661716 -0.00329899 0.00296247 -0.00238964 -0.00196777 -0.0014444 0.000108712 -0.00830085 0.00165493 7.61807e-05 -0.00010732 0.0011085 0.000646546 -0.000290535 0.000873055 -0.00358485 -0.000476157 -0.0114607 0.00771923 0.000638275 0.0956229 0.000131058 0.000764101 0.0024091 0.0132047 0.00147298 0.0038978 0.00462284 0.00107057 0.00288181 -0.00176173 -0.00370962 -0.00762136 -0.00340044 -0.00153147 0.00319231 0.00174135 0.00251531 -0.0039943 -0.00156596 0.00427136 0.0064251 -0.00713852 -0.00285635 -0.00231397 0.00214457 -0.00125661 -4.03565e-05 0.0016853 0.00481572 -0.00263171 -0.00509017 -0.00617597 -0.0120377 -0.00416755 -0.00790118 -0.0061419 -0.00364615 0.00795776 -0.000764958 -0.00091191 0.00324333 -0.00307863 -0.000405921 0.00157734 0.000448746 0.00174664 -0.00258296 -0.00616903 -0.000341342 -0.00150456 8.66136e-06 0.0018705 0.00102389 -0.00167783 -0.00490702 -0.00308276 0.00348813 -0.00457572 -0.00988475 -0.00215957 0.000399168 -0.00507798 -0.00351968 0.00262666 -0.00181785 -0.00172486 -0.00256823 -0.00280368 -0.00121188 0.00268052 0.00140055 -8.43928e-05 -0.00175071 0.000116789 0.000934374 
0.00140674 -0.000119576 -0.00217831 -0.00493408 0.00340562 -0.00457388 -0.00237586 -0.00219809 -0.00107885 -0.00159158 0.000770104 0.00270107 -0.000887607 0.00252435 -0.00114721 -0.0012677 -0.00225228 -0.00303787 0.000303141 -0.00265178 0.000128084 0.00899291 0.000919468 -0.000210622 0.000131058 0.0626407 -0.00115302 0.00122595 -0.0033161 0.00355041 -0.000180528 -0.00141258 -0.000288643 0.00183839 0.000821654 5.00371e-05 0.00507868 -0.000414293 -0.00140979 -0.00294734 0.0015399 0.000154657 -0.00231034 -0.000795413 -0.000584565 -0.00327696 -0.00310445 -0.00123743 0.0028238 -0.000771592 0.00608756 -0.00191413 -0.00120942 0.00212389 -0.00122722 -0.00270615 0.00189475 0.00369263 -0.00233313 -0.00564457 0.00142272 -0.00235359 -0.00272693 -0.00113523 -0.000810588 -0.00032488 -0.00279564 0.00278783 -0.000419453 -0.00309544 -0.00182314 1.78644e-05 -0.00393863 -0.00153404 -0.00100045 0.0012407 -0.000661113 -0.00210156 -0.00604538 -0.00535518 -0.00366011 -0.0047088 -0.00145425 -0.00147405 -0.00252554 -0.00108379 0.000125038 0.00340602 0.00349165 -0.00296783 -0.00197548 -0.00146582 0.0026315 -0.00228012 -0.00148819 -0.000227913 0.00048122 -0.00161517 -0.00108428 0.0024655 
0.00108328 -0.00477131 -0.00384207 -0.00156 -0.00185967 -0.00612505 -0.00401214 -0.0100909 8.33299e-05 0.00109912 -0.0049217 0.00756105 -0.00709695 -0.0107959 0.00182769 -0.00597623 0.0025747 -0.00516043 -0.000381359 0.00881923 0.00148564 -0.0115086 0.00192838 0.00144265 0.000764101 -0.00115302 0.134073 -0.00151284 -0.0034724 -0.00136737 0.00181541 -0.000360255 -0.00735823 -0.000765804 0.00493837 -0.00233549 -0.000671054 0.00059168 0.000886177 -0.00306866 -0.000789254 -0.00266752 -0.000699598 -0.00232441 -0.00290144 0.00044261 -0.00402316 0.00478873 -0.00832916 -0.00427924 0.0055613 0.00172435 -0.000419864 -0.00197935 0.00984041 -0.000125963 0.00401305 -0.0076799 0.00349689 0.000531106 0.00361695 -0.00127941 0.0127978 0.000203014 -0.000629808 -0.00431046 -0.00625499 -0.0011847 -0.00485739 -0.00209455 -0.000506123 -0.00386371 0.00893749 -0.00232051 -0.00383954 -0.00754865 -0.00291671 -0.000881473 -0.000723809 -6.43291e-05 0.00412105 -0.0104112 -0.0062026 0.00329001 -0.000265232 -0.00480234 0.00166155 -0.00138721 -0.00289874 -0.0113648 -0.00104561 -0.00330043 -0.00319108 -0.00118305 -0.00627332 -0.00173945 -0.000665206 -0.00197834 -0.0019128 0.0022837 
-0.00544118 0.000373655 -0.00223004 -0.00513196 -0.000147357 -0.00798788 0.00306676 -0.000713518 -0.00582968 -0.0028351 0.00239175 0.00358287 -9.54229e-05 0.00435205 0.000584457 -0.002709 -0.00147762 -0.00298861 0.000646892 -0.00268815 0.00709843 -0.0155299 -4.32978e-05 -0.00206453 0.0024091 0.00122595 -0.00151284 0.088795 0.00245788 0.000350541 -0.00612188 -0.000422272 0.000260511 -0.00176029 -0.00163723 -0.000739232 -0.000406645 -0.00152333 0.00167173 0.000992845 0.000316763 -0.00373843 -0.00526079 0.000844883 -0.00073759 -0.00228077 -0.00411883 -4.10958e-05 -0.00165732 0.00156945 -0.00110407 -0.00400781 -0.000860841 -0.000386721 -0.00244618 0.00202626 -0.000147739 0.00242188 0.00583601 -0.0116167 0.00187863 0.00451092 -0.00142479 -0.00119381 -0.00128617 -0.00268154 -0.00140709 -0.0050974 -0.0051989 0.00339752 0.00107523 -0.000868289 -0.00370154 -0.00130539 -0.000808237 0.00134843 -0.001534 0.008451 -0.00651279 -0.000723657 -0.00482506 0.00263098 -0.000299009 -0.0017156 -0.00407962 0.00367214 0.00115379 0.000110135 -0.00101122 -0.000182147 -0.000167655 -0.00196022 -0.00238755 -0.00109003 0.000752915 0.00216999 0.00166825 -0.00247799 -0.000872543 -0.000841494 
-0.00401052 -0.00639943 0.000616124 0.0125151 -0.0112754 -0.0191954 -0.00886212 0.00832486 -0.00485892 0.00193447 -0.00546799 -0.0046164 0.0136585 0.0150105 -0.0037196 -0.0124512 -0.0101791 -2.94612e-06 -0.0058191 -0.00918935 -0.0184271 -0.0223751 -0.00717825 -0.016608 0.0132047 -0.0033161 -0.0034724 0.00245788 0.197977 0.00182739 0.0332052 0.00363494 -0.00388143 -0.0045641 -0.00257953 -0.00155314 0.00602195 -0.00150869 -0.0132979 -0.00677436 -0.0105319 0.0109344 -0.00165143 -0.00317332 -0.00255222 0.00749414 -0.0228312 -0.00481051 -0.00175743 -0.00510979 -0.00837324 -0.00673135 -0.0112139 0.0107209 -0.0122691 0.014929 -0.0104028 -0.00372638 -0.0142642 -0.0225724 -0.0148681 0.0207092 0.0028804 -0.00159623 -0.00106765 -0.00362917 -0.00666475 -0.00236134 -0.00265716 -0.00827398 0.00417958 -0.00105526 -0.00183332 0.00348457 -0.00883854 0.0110961 -0.00260812 0.00248573 0.00628309 0.00682842 -0.00521698 0.00232937 -0.00851174 -0.010277 -0.00111346 0.00351769 -0.00762729 0.00500277 0.000182252 0.00463609 -0.00772853 0.0085582 0.0138457 0.000844591 0.0219349 0.00061416 -0.00374086 -0.000726339 -0.0114251 -0.00850413 
0.00245551 0.000968036 -0.00240247 -0.0126144 -0.00182013 -0.000514013 -0.000159857 -0.00584892 -0.00352511 -0.00230737 -0.0031184 -0.00975523 -0.00238819 -0.00273576 -0.0101055 0.000681873 -0.00176728 0.00272152 -0.00832876 -0.00909849 -0.00267017 -0.00151298 0.000369672 -0.00160723 0.00147298 0.00355041 -0.00136737 0.000350541 0.00182739 0.0885775 0.00149324 0.00767549 0.0087546 0.00739054 0.000332089 -0.00349556 0.00120114 0.000981303 -0.00286141 -0.000607975 0.00278338 0.0035555 -0.00221047 0.000717371 -0.00208087 0.00728665 -0.00257285 -0.002951 0.0002067 -0.00061655 -0.0016629 -0.00145817 0.0033385 -0.0039659 -0.00564233 0.00350835 -0.000383286 -0.00647501 0.000611636 -0.000557548 -0.00189896 8.1108e-05 -0.00118594 0.000779216 0.00221578 0.000392583 -0.00365811 -0.00083434 0.0011905 -0.00586795 -0.00237191 0.00473127 -0.00516168 0.00190118 0.00171568 -0.00540435 0.00155237 0.000739622 -0.00577593 -0.002015 -0.00126207 -0.00331496 -0.00400004 -0.00757445 0.00573958 0.00232537 0.00298436 -0.00360051 0.00304073 -0.00373758 0.00199419 -0.00536316 0.000243144 -0.000451351 0.00104407 0.00144261 -0.00275326 -4.38937e-05 0.000691983 -0.000152344 
0.00558486 0.00528192 0.00347285 -0.0118103 -0.0190117 -0.008856 -0.00808717 0.0245413 0.0164483 -0.00345476 -0.00772257 -0.0159328 -0.00391214 0.000564328 -0.00556117 -0.01178 -0.00917763 -0.00898827 -0.0179747 -0.017381 -0.0133234 0.00082194 -0.00320686 -0.0170644 0.0038978 -0.000180528 0.00181541 -0.00612188 0.0332052 0.00149324 0.219018 0.00935697 0.00196663 0.00249288 -0.00229745 -0.00244232 -0.00381702 -0.0042102 -0.020209 -0.00636885 -0.00187884 0.000355753 0.0133684 0.000526337 -0.00168965 -0.0144541 -0.0146193 -0.000195454 -0.00942342 -0.0138676 -0.0172122 -0.00564079 -0.00528144 0.0130767 0.00927242 0.00190102 0.00297506 0.00847133 -0.0274719 -0.0104392 -0.00202837 0.00954199 0.000859579 -0.00211871 0.0037159 -0.00235513 0.000281867 -0.00685767 -0.00451022 -0.0103958 -0.00736636 -0.00170683 -0.00576017 0.00212967 -0.00628485 0.011046 -0.00686577 -0.000439126 -0.00119603 0.00473295 -0.00861822 -0.00324203 -0.00439684 0.000979264 0.00389778 -0.00846535 -0.0226016 0.00143542 0.00481093 0.00758683 -0.00440814 0.00626655 0.014883 -0.000433224 0.0163053 -0.00105074 -0.00962084 0.0010805 0.00384158 -0.00151551 
-0.000722557 0.00130437 0.00159234 -0.00568203 -0.0107627 6.02938e-05 0.00190986 -0.00252984 -0.00244368 0.00101627 0.0010505 0.00409605 0.000388472 0.00653026 -0.00579795 0.00502927 -0.00125653 -0.000900055 -0.00374111 -0.00956651 -0.0020785 -0.0127983 0.00184349 -0.00350322 0.00462284 -0.00141258 -0.000360255 -0.000422272 0.00363494 0.00767549 0.00935697 0.105032 0.00178689 0.00325831 0.00485094 -0.00194212 0.00141164 -0.004128 -0.00799669 -6.02326e-06 0.00263548 -0.00173281 0.00560101 -0.00116236 -0.000165767 0.00930514 -0.00546109 0.00147473 -0.00189863 -0.00286596 -0.000303643 -0.000754346 -0.00546967 -0.000638936 0.00105351 -0.00659951 -0.000283308 -0.00939207 -0.00362579 -0.0183822 -0.00566697 0.0012559 0.00201716 -0.000131572 0.00376762 -0.00077084 0.00681329 0.00177741 -0.00119152 -0.00426281 -0.00077768 -0.00396816 -0.00658748 -0.00233865 -0.00144259 -0.00558634 0.000524374 0.000428326 0.0035367 0.00465646 0.00399708 -0.00402658 -0.00134142 -0.00764776 -0.00064447 0.00320734 -0.00510186 -0.00500446 -0.000141631 0.000128486 -0.00403277 -0.00205135 -0.00427793 -0.00289759 0.00101029 -0.00313409 -0.00195901 -0.000511809 -0.00367758 -0.00367935 
0.000841391 0.00464797 -0.00146031 -0.00654868 -0.00278165 -0.0016427 0.000529697 -0.00717582 0.00443152 0.00244246 -0.00230664 -0.00272401 -0.00685545 -0.0051183 -0.00565104 0.00100816 -0.00301937 -0.00107648 -0.00702707 -0.0079094 -0.00198708 -0.00392424 3.82615e-05 -0.00525488 0.00107057 -0.000288643 -0.00735823 0.000260511 -0.00388143 0.0087546 0.00196663 0.00178689 0.0873756 0.00453507 -0.00151986 0.000487417 -0.000548371 0.00494197 0.00127764 -0.00429495 0.00447625 -0.00161742 -0.000380413 0.00422764 -0.000290175 0.00832902 0.00425168 -0.00419738 -0.00183586 -0.000596045 -0.0015536 -0.00448353 0.00450399 -0.00219089 0.00504133 -0.00217021 -0.000841042 -0.00442177 -0.0079844 -0.0038623 -0.00274904 -0.00518807 0.00257252 0.0021521 -0.00581437 -0.000738288 -0.00131906 0.00315452 0.0034187 -0.00201884 -0.00190855 0.00312591 -0.00464756 -0.00291063 -0.000729782 0.00335218 -0.00160377 0.00119999 -0.00176955 0.00123536 0.00295768 -0.000750271 -0.00235612 -0.00647407 0.00469459 0.0030009 -0.0069257 0.00195064 0.00212205 -0.00237702 -0.000217287 0.00222198 -0.00517265 -0.000388164 -0.00616231 -0.00180813 0.000500833 0.000501019 -0.00225493 -0.00232342 
-0.00200109 -0.000453539 0.00162659 -0.004609 -0.0075368 -0.00868061 -0.0045907 -0.00285117 -0.00377773 -0.0023741 0.000999477 -0.00719552 -0.000412819 -0.00329991 0.00564755 -0.0019047 0.00734089 -0.00111748 -0.00467474 -0.0135652 0.0149724 -0.00430869 -0.000354597 0.00261463 0.00288181 0.00183839 -0.000765804 -0.00176029 -0.0045641 0.00739054 0.00249288 0.00325831 0.00453507 0.119579 0.00347706 -3.85748e-05 0.00888801 0.00017668 0.00275148 -0.00553696 -0.000402029 -0.000804927 -0.00470042 -0.00182444 -0.00194597 -0.000505051 0.00237014 -0.000191697 -0.00828681 -0.00377302 -0.00804133 0.00788755 0.000329647 0.000581405 -0.0127597 0.00362304 -0.000289135 -0.00558917 -0.0135479 -0.00584974 -0.000836336 -0.0119026 -0.00783931 -0.00184319 0.00353924 0.000201814 -0.00370441 0.00554621 -0.000985223 -0.00553642 -0.000370881 -0.00152856 -0.00843168 -0.00174994 0.0057867 0.00483906 0.00223869 -0.00177229 -0.00817481 -0.00266126 -0.00515127 2.14451e-05 0.00165966 -0.0122038 0.00769315 0.000545835 -0.00520092 0.00322109 0.00380342 0.000192863 -0.00300314 0.00518319 -0.00390572 -0.00180103 -0.00633522 -0.00136562 0.00114872 0.000810939 -0.000866101 0.000360838 
