0.213515 0.00468406 0.00154573 0.0117425 0.00189096 -0.00287586 -0.0102433 -0.00249788 0.00307286 -0.000309273 -0.0128101 -0.0127238 -0.01223 0.00406674 0.00137858 0.0084148 -0.0161829 -0.0137938 -0.0137309 -0.000568799 -0.0128073 -0.00847361 0.00934531 -0.0185774 0.0064661 -0.00552173 0.00394998 -0.0131331 -0.00573855 -0.00880575 -0.0224575 -0.000719325 -0.012743 -0.0111484 -0.00674929 -0.00600908 0.00600108 0.00259559 0.034527 0.00320437 0.00598769 -0.00227061 -0.00760437 -0.0040177 0.0140568 -0.00340659 -0.00378863 -0.00201317 -0.0136688 -0.00707024 0.00597226 0.00556349 0.00915193 -0.00352511 -0.00554166 -0.0177962 0.000851116 0.00581035 0.0075764 -0.00773405 -0.00953871 0.00230705 -0.00602957 -0.00405092 -0.0113226 -0.00582594 -0.00524621 0.00181057 0.00350644 0.00428806 -0.00164205 -0.0118073 -0.0121604 -0.00395497 -0.00650886 -0.00697497 -0.00071965 -0.00605787 -0.0033708 -0.0163618 -0.00879928 0.0200563 0.00923893 -0.00780002 0.00378362 -0.00197964 0.0120682 -0.0076057 0.00922258 0.000996271 -0.00737425 -0.00818438 0.00643967 0.000888177 -0.00546511 0.00354599 -0.00066684 0.00953965 0.00657799 0.00309512 
0.00468406 0.0701533 -0.00115111 -0.000197172 0.00648697 0.00225831 -0.00388578 -0.000485458 0.00350404 0.000795121 -0.00921393 0.00154357 0.00037254 0.000948807 -0.000611382 0.000245979 0.00027439 0.00195008 5.24469e-05 -0.00328021 -0.000917556 -0.000832679 -0.00365043 -0.00789406 -0.00584488 -0.00255066 -0.00396451 -0.00270487 -0.00148977 -0.00336962 0.0014036 0.00238559 0.000317963 -0.000298885 -0.000719245 -0.00281133 0.00254912 -0.000684444 -0.0065249 -0.00701199 -0.00208968 -0.00204499 0.000976885 -0.00993432 0.000771821 0.00191614 0.000107516 -0.00105692 -0.00355451 -0.00206484 -0.00114268 0.00211032 -0.00101284 0.000767494 0.00197659 0.000757267 -0.000689539 -0.00209594 -0.0017418 -0.00212064 -0.000732331 -0.0038674 0.00215084 -0.00426725 -0.00161991 -0.000421524 -0.00270966 -0.00071155 -0.00435011 0.00247406 -0.000905113 0.00241095 -0.000366679 -0.00696819 -0.00017134 -0.000859352 -0.000700987 1.01104e-05 0.00130062 0.00113667 -0.00262891 0.00101112 -0.00222666 0.000991219 0.00111973 -0.000505113 -0.00258551 0.00184839 0.00675311 -8.59941e-05 0.00294399 -0.0070036 0.00223358 0.00176391 -0.00103452 0.00360981 -0.00156683 0.000959201 0.000211646 0.00369324 
0.00154573 -0.00115111 0.157703 -0.00164977 -0.000237313 -0.011529 -0.00643685 -0.000824164 -0.0169713 0.000449304 -0.00829718 -0.00595122 0.00666382 0.00424514 -0.00186147 0.000926631 -0.00695378 -0.00260541 -0.000317361 -0.000346027 0.00415056 -0.00504877 -0.00825286 -0.00174859 -0.0173186 -0.0154422 -0.00853498 0.0132569 0.00162465 0.00331783 -0.00418181 0.0264939 -0.00947219 -0.0010592 -0.000945599 -0.00381299 -0.00731276 -0.000284114 -0.000990185 -0.000993399 0.000564081 -0.00581527 -0.00180334 -0.00795219 0.00984924 0.00015572 -0.00305547 -0.00376349 -0.00279371 0.00302968 -0.00213421 -0.00622042 -0.00540694 0.00702126 0.00494562 -0.00625418 0.0103008 0.00337586 -0.000647499 0.00330935 -0.00453038 -0.00306566 -0.000613592 -0.00378456 -7.75392e-05 -0.00542546 0.00127728 -0.00473599 0.00791528 0.0023999 0.000540818 -0.00556263 0.000167173 0.0138909 -0.00500881 -0.00474914 -0.00538559 -0.00575403 -0.00555605 -0.0077314 -0.00522718 -0.00213775 -0.00245066 -0.00250047 0.000846777 -0.000881817 -0.0057332 -0.000527032 -0.000807 0.000753884 -0.00777416 0.000211837 0.00219055 -0.00295971 -0.00428876 0.00169766 -0.00159536 -0.00630713 0.00526488 0.00146138 
0.0117425 -0.000197172 -0.00164977 0.11026 0.00456963 0.014457 -0.00230792 0.00159472 0.00758799 0.00357343 -0.00275374 -0.00236101 -0.00373237 0.00131315 -0.00305657 -0.00678895 -0.00796041 -0.00586225 -0.0101969 -0.000178885 -0.00623568 -0.00539721 0.00296015 -0.0110818 -0.00648463 0.00425771 0.00833584 -0.000672258 -0.00267261 -0.00127975 -0.00251818 -0.00567955 -0.00343258 -0.00436672 -0.00314208 -0.00323601 -0.00653888 -0.00833368 0.000402129 -0.00410294 0.00181262 -0.00385158 0.00266097 -0.00145542 0.000481587 -0.00750185 -0.00106217 0.00117833 -0.000841928 0.00399856 -0.000427724 -0.00377324 0.00413318 -0.00219826 -0.00310646 -0.0024019 0.00177697 0.00041288 0.00396189 0.00105788 0.000474001 -0.00747215 0.00200012 -0.00322862 -0.000205694 -0.00301385 6.51083e-05 -0.000960637 -0.00122291 -0.00442333 -0.00697948 -0.00147538 -0.00232569 0.00126664 -0.00292436 -0.0028772 -1.40409e-05 -0.00399202 -0.000975681 -0.00589749 -0.0048545 0.00380126 0.00248618 0.00481767 0.00223503 0.0012695 0.00108199 0.00347897 0.00646916 -0.00342529 -0.00488038 0.00153247 -0.00632055 0.00393844 -0.00140526 -0.00189781 -0.002932 -0.000412913 -0.00115977 -0.0033275 
0.00189096 0.00648697 -0.000237313 0.00456963 0.106954 0.00396649 0.00329197 0.0030533 0.00278885 0.000825295 -0.00356067 0.00300475 7.39457e-05 -0.000369232 0.00318726 -0.00527811 -0.00443942 -0.00820728 0.000860466 0.0041433 0.00477933 -0.00740365 -0.00696442 -0.0184739 -0.0080104 -0.0107756 0.00846914 0.000444089 -0.00345818 -0.00365688 0.0027992 0.00207614 0.00486417 -0.00232103 -0.000761778 -0.00548738 -0.00513417 -0.000528727 -0.00776403 -0.0094407 -0.00427172 -0.00411999 0.00167626 -0.0157292 -0.0105456 -0.00129826 0.00544074 7.21761e-05 -0.00894167 0.00577641 0.000388252 -0.00255272 0.00273305 -0.000935471 0.00179779 0.00295642 0.00171407 -0.000159507 -0.00814409 -0.00432893 -0.000973029 0.00287442 0.00481198 -0.00364821 -0.00506827 0.00106962 0.00199519 0.000104115 -0.00194717 -0.00197791 0.00060085 0.000514314 -0.00367785 0.00304456 0.00180385 0.00247083 0.000789744 -0.00499627 0.00106844 0.00114974 0.00394267 0.00345225 0.000247242 -0.000931043 -0.000158795 -0.00212594 0.00427988 8.42733e-06 0.00266496 -0.0036025 -0.00395691 -0.00256801 -0.00152016 -0.00571448 -0.00258523 -0.00126154 0.000218851 -0.00329191 -0.00318952 -0.00170122 
-0.00287586 0.00225831 -0.011529 0.014457 0.00396649 0.10727 0.000370493 0.00164375 0.0142826 0.00057098 0.00490656 0.00626517 0.000809199 -0.00256531 -0.00246453 -0.00812267 0.00288635 -0.00219967 0.000657713 -0.00492217 -0.00383625 0.00372308 0.00314091 0.00228089 -0.00841031 -0.00630224 0.00354825 -0.00911438 -0.00479879 -0.0100433 -0.00687426 -0.0153743 -0.00118539 -0.00129796 0.000463989 -0.0037763 -0.00621267 -0.00669023 -0.00683827 -0.00510601 0.00186852 0.000194684 0.00762307 -0.00862541 -0.00675719 -0.00295914 0.00210193 0.00292025 -0.00604639 0.00654264 0.000858279 -0.00592838 0.0131813 -0.00124176 0.000793848 0.00977981 -0.00614242 -0.000766443 -0.00819984 -0.00441747 0.00135791 -0.0100639 0.00053452 -0.00364462 0.00310578 -0.00175992 -0.00591217 -0.0031482 -0.00251856 -0.00335039 -0.00502399 0.00103958 -0.0048674 -0.00656418 0.000778123 -0.00446939 -0.00221862 -0.000416893 0.00152254 0.0029351 -0.00233985 0.00229636 -0.00277 0.00439048 0.00371875 -0.00534893 0.00416827 0.0060416 0.00546896 -0.00301126 -0.00368251 0.000932548 0.00153717 -0.00148986 0.00131643 0.0018222 0.00300599 -0.00130751 -0.00666799 -0.00313813 
-0.0102433 -0.00388578 -0.00643685 -0.00230792 0.00329197 0.000370493 0.12883 0.00215931 0.00304003 0.00284422 0.0133233 -0.000493341 -0.00631232 -0.000663312 -0.00141263 0.0064051 0.00912597 -0.0032619 0.000670341 0.00469964 -0.00527884 -0.0139527 0.00459885 -0.00386702 0.0016329 -0.00560115 -0.000925182 -0.00173602 -0.00128596 0.00669895 0.00110122 -0.00277747 -0.00396275 -0.00444157 -0.000158247 -0.00513945 -0.00614063 -0.00134653 -0.000385739 0.00869565 -0.000270033 0.00073504 -0.0031784 0.00459544 0.00427584 -0.00891215 -0.000476283 -0.00216003 0.00406119 -0.00544109 -0.00341251 -0.00587423 -0.00622047 -0.015168 -0.00642765 -0.00031982 0.00418296 -0.00568549 -0.00128295 -0.00615078 0.0035715 -0.00827916 -0.000738955 -0.00250699 -0.00296622 0.00369418 0.00453452 -0.00273004 0.000448553 -0.00475753 0.00602387 -0.00344174 -0.000721899 -0.00565388 1.52791e-05 0.0052122 0.000414756 0.0013171 -0.0021395 -0.00472557 0.00641163 -0.00313351 0.00232271 0.000230827 -0.00550092 0.00509187 0.000247502 -0.00293937 -0.00704631 -0.00217738 -0.00704995 -0.00454777 0.000166031 -0.00316127 -0.00403702 -0.00705367 0.00193948 -0.000734798 -0.00734828 -0.00059176 
-0.00249788 -0.000485458 -0.000824164 0.00159472 0.0030533 0.00164375 0.00215931 0.0490105 0.00631901 0.000324647 0.0032666 -0.00103501 0.00267635 0.000568063 0.00290966 -0.00238122 -0.0018323 -0.00141481 -0.00062513 -0.00108325 -0.000826742 -0.000873634 -0.0020065 -0.00423671 0.00229132 -0.00158666 0.00102925 -0.000599616 -0.000467749 -0.00129191 0.000563879 -0.00055038 -0.00283672 -0.000284058 -0.000770999 0.00236922 -0.00280267 -0.00318419 -0.00222098 -0.00181127 -0.000222542 -0.00377092 -0.00102931 -0.000287522 -0.00165074 0.000515183 0.00116519 -9.49991e-05 -0.00102955 -0.00127083 0.000366954 0.000265954 0.000676166 -0.00260433 -0.0012608 -0.00170823 0.00129295 -0.000159219 -0.00321537 -0.000806068 -0.000507725 -0.00195596 0.0008375 -0.00147582 0.000114153 0.00112061 -0.000451942 -0.00164035 -0.000357301 -0.000265719 -0.00124055 -0.00121545 -0.00132595 -0.000944888 0.000538033 -0.00399471 0.000775373 0.000441012 -0.000265224 -0.000327817 0.000536698 -0.00107831 -0.000354466 -0.000513844 -0.000229536 -0.000793286 -0.00379529 -0.000415065 -0.000326495 -0.000524953 -0.00132309 -0.00249193 -0.00188578 0.000120249 -0.000106606 -0.00145046 -0.00098132 0.00163451 -0.000264181 -3.56043e-05 
0.00307286 0.00350404 -0.0169713 0.00758799 0.00278885 0.0142826 0.00304003 0.00631901 0.157085 0.00155555 0.0149288 0.00328646 -0.000988918 -0.00153605 0.000321453 -0.00351474 0.00533459 -0.00644204 0.000196829 -0.00055319 -0.00537641 -0.00198784 -0.00306126 -0.0181469 -0.00211032 0.0109378 0.00481376 -0.00992088 -0.00389289 -0.00205014 -0.00831969 -0.0123409 0.00272442 -0.00600245 -0.000115971 -0.0017213 -0.010482 -0.0101707 -0.0054706 -0.00697454 -0.00483286 -0.00106183 -0.0061114 -0.000534194 -0.00703765 -0.00604011 0.00194092 0.000435481 -0.00834274 -0.00516894 0.00195954 -0.00084684 0.00166697 -0.00866907 -0.00295999 0.00521461 -0.00271374 -0.00488163 -0.00497406 -0.005111 -0.000795598 -0.00579016 -0.00303163 0.00233129 -0.0052891 0.000681562 -0.00271759 0.00953529 -0.00461625 -0.00458846 -0.00248514 -0.00147939 0.00120013 -0.00299328 -0.000358301 -0.000530512 0.00114146 -0.00262797 -0.00456166 0.00215314 0.00821759 0.00011394 -0.00517903 -0.00595723 0.000864686 -0.00470951 -0.00667399 -0.00240916 0.00895508 -0.00895752 0.00415892 -0.016024 0.000613463 -0.00177843 -0.000317607 0.00298736 0.00586958 0.00249213 0.0041424 -0.00714706 
-0.000309273 0.000795121 0.000449304 0.00357343 0.000825295 0.00057098 0.00284422 0.000324647 0.00155555 0.101396 0.00257144 0.0010499 -0.00113202 0.00364038 -0.000407378 -0.000952594 0.00584944 -0.0055986 -0.00414298 -0.00114207 -0.00249434 -0.0024212 -0.00558512 -0.00933135 -0.00683626 -0.00403164 -0.00177766 -0.0034477 -0.00199698 0.0053152 -0.00282201 -0.00163148 -0.00433225 -0.00260687 -0.00102826 -0.0042019 -0.00635671 0.00182275 -0.00448812 -0.00525574 -0.000165973 0.00277509 0.00529043 -0.00737433 0.00322128 -0.00547657 -0.003171 -0.0010595 -0.00140636 -0.00319397 -0.00139382 -3.83971e-05 -0.00753493 -0.000279647 0.00094039 -0.00083709 0.007821 -0.00395055 -0.00359226 -0.00164376 -0.00200191 -0.00131199 0.00261022 -0.00557537 -0.0056244 0.000258648 0.00438904 0.00506554 0.000614548 -0.00355834 -0.00452436 -0.00325314 -0.0027569 -0.0044139 -0.0022701 -0.00493441 -0.00459391 -0.00357482 -0.00246815 -0.0047897 -0.00326978 -0.00569077 0.00373695 -0.00022156 -0.000420338 -0.00296662 0.00623403 0.00305991 0.00209571 0.00382065 0.00765026 0.00545475 -0.00458427 0.00186973 0.00282464 -0.00351934 0.00297097 0.000889203 -0.00273071 -0.00167281 
-0.0128101 -0.00921393 -0.00829718 -0.00275374 -0.00356067 0.00490656 0.0133233 0.0032666 0.0149288 0.00257144 0.159434 -0.00219823 -0.00126651 -0.00166047 0.009654 -0.00237607 -0.000115594 -0.000103735 -0.00288092 0.000976112 0.000388866 0.00596862 0.000276168 0.00285725 0.00874725 0.00712334 -0.00726267 -0.0105005 0.00439262 0.00193129 -0.00734991 -0.0168799 0.00134662 0.00126941 0.000872951 0.00606949 -0.011881 -0.00584095 -0.0151207 -0.00140119 0.00294297 0.0059566 0.00116391 0.0194505 -0.00829318 -0.00942102 -0.00563105 -0.00152053 0.000803523 0.00824028 -0.00048695 -0.00528857 -9.68109e-05 -0.00486046 -0.00946033 -0.0119008 0.0015542 0.00269963 -0.00755292 -0.00223102 0.00236505 -0.0030207 -0.000307179 -0.00622188 -0.00430772 -0.0062729 -0.0038767 -0.0101721 -0.00599411 -0.000235869 -0.00212563 -0.00768376 -0.00674522 -0.0160653 0.00046996 -0.00279118 -0.00399288 0.000204059 -0.00566792 -0.00150228 0.0104591 -0.00594687 -0.00635588 -0.000237553 -0.00265331 0.0083554 0.00131368 -0.000617465 -0.00101242 0.00279606 -0.00524274 -0.00361468 -0.00218259 -0.0100373 0.00675582 0.00439107 -0.00137477 -0.000798981 -0.0114248 -0.00152569 
-0.0127238 0.00154357 -0.00595122 -0.00236101 0.00300475 0.00626517 -0.000493341 -0.00103501 0.00328646 0.0010499 -0.00219823 0.11786 -0.00136811 0.00166534 0.0064923 0.00915078 0.00125307 -0.00265507 -0.00335185 -0.00205856 -0.000155981 -0.00388845 -0.00500829 -0.0123461 -0.00590167 -0.00480388 0.011039 -0.00240463 -0.00244884 -0.00144543 0.000133869 -0.0069549 -0.000681102 0.00452075 -0.00227388 -0.000668027 0.000368356 -0.000524907 -0.016847 -0.00987211 -0.00492338 -0.00852207 0.00389024 -0.0117354 -0.00293874 -0.00277614 -0.00108249 -0.00289563 0.00171619 -0.00280812 -0.00292731 -0.00429517 -0.00455245 0.00235405 -0.00143708 0.00597066 0.00303975 0.00376584 -0.00508412 0.00611113 0.00656477 0.00100086 -0.00320503 0.00297959 -0.0037063 0.00177532 0.00191134 3.78646e-06 0.00168583 -0.00210862 -0.00160661 0.00635473 -0.00121301 -0.0036938 -0.000427636 0.00679328 -0.00164722 -0.00385737 -0.00420142 0.00260775 -0.00473335 -0.00671984 -0.00159147 0.00157274 -0.00115375 -0.00677097 -0.00536053 0.00371314 -0.00253918 -0.000133551 -0.00127923 0.00366973 0.00194516 -0.000198312 -0.000803319 -0.00280881 -0.00349118 -0.00333269 -0.00333486 -0.000741688 
-0.01223 0.00037254 0.00666382 -0.00373237 7.39457e-05 0.000809199 -0.00631232 0.00267635 -0.000988918 -0.00113202 -0.00126651 -0.00136811 0.137913 -0.0012916 0.00105408 -0.000696421 0.0125956 -0.00487093 -0.00192113 -0.00153339 -0.00698374 0.00754325 0.00416515 0.00398866 -0.00112037 0.0110589 -0.0116296 0.00147987 -0.00340589 -0.0120876 -0.00156433 -0.00104563 -0.0112578 -0.00141715 -0.00169329 -0.00273432 -0.00801177 0.00167098 -0.0145267 -0.00276012 -0.000612794 -0.00520607 -0.00570263 -0.00214985 -0.00589149 -0.00513542 -0.00177291 -0.00309685 0.00518312 0.00263363 0.000825285 0.00668236 0.0036678 -0.0017779 -0.0106115 0.00824576 -0.00456142 -0.0025129 -0.000364833 0.00101519 -0.00326061 -0.00564039 9.69952e-05 -0.00425273 0.0071646 -0.00340189 -0.00282206 -0.00842029 0.000812283 0.000858905 -0.00126453 -0.00200465 0.00480963 -0.00175207 0.00375499 -0.0136 -0.00645022 -0.00184863 -0.00366174 0.00406212 0.00232933 0.000295465 0.000142343 -0.00395551 -0.0012659 0.0037132 -0.00608496 0.000455506 -0.00550733 -0.00268694 0.00512467 -0.00872601 -0.000289317 -0.000507971 -0.00261472 -0.00213711 -0.000100145 -0.000902622 0.00726904 -0.001071 
0.00406674 0.000948807 0.00424514 0.00131315 -0.000369232 -0.00256531 -0.000663312 0.000568063 -0.00153605 0.00364038 -0.00166047 0.00166534 -0.0012916 0.0732766 0.000704036 0.00104681 -0.00494351 -0.001712 0.00143417 -0.000911999 0.00514023 -0.00312957 -0.000423627 -0.00648097 -0.00385774 -0.00420425 -0.00529862 9.25541e-05 -0.00152767 -0.00431901 0.000958891 -0.0011751 -0.00305436 0.00082149 0.000377307 0.00132602 0.00262879 -0.00239032 0.00265629 -0.00260466 -0.000184069 -0.00150869 0.00384789 -0.00759715 -0.00149314 0.00528268 -0.000986687 -0.00158469 -0.0066428 -0.00228948 -0.00178438 0.0025897 -0.00514271 0.00208409 0.000318751 -0.00110056 6.39697e-05 0.00171474 0.00618657 0.0021644 -0.00297448 -0.00415346 0.00221273 -0.00514833 -0.000285533 0.00466731 -0.00162156 -0.00104319 -0.00252829 -0.000792331 -0.00253848 -0.00406852 -0.00187099 -0.00494673 -0.000821009 -0.00556056 -0.00135619 -0.00366319 -0.00221906 -0.0012368 -0.00477226 0.00134233 -0.00103472 -0.00125424 -0.00312116 0.00332371 -0.00152913 -0.000770455 0.000826219 0.00343889 4.84061e-05 -0.00338158 0.00525501 -0.00299407 -0.00102344 0.00202257 -0.000631991 -0.00214942 8.62176e-06 -0.000384496 
0.00137858 -0.000611382 -0.00186147 -0.00305657 0.00318726 -0.00246453 -0.00141263 0.00290966 0.000321453 -0.000407378 0.009654 0.0064923 0.00105408 0.000704036 0.139364 0.00518729 -0.00190074 0.00638352 -0.000404818 0.00130176 0.000854541 -0.00502804 -0.00329394 -0.00668762 0.00963889 0.0078041 -0.00547382 0.00658721 -0.00295976 -0.0061859 -0.00784307 -0.00489923 0.00691418 -0.00276923 -0.00387671 -0.00489027 -0.00832316 -0.000878713 -0.013254 -0.00915198 -0.0052163 -0.00723923 -0.00286067 -0.00953063 -0.00890764 -0.00482867 -0.00342027 -0.00249906 -0.000456852 0.00354567 -0.00244161 0.0036676 -0.00440065 0.00120257 -0.000516283 -0.0133013 -0.00366591 -0.00173341 -0.00958037 0.000766877 -0.000680486 -0.000771512 -0.00387568 0.0102033 -0.000965346 0.00136688 0.00257269 -0.00126029 -0.00104014 -0.00264343 0.000116347 -0.00375653 -0.000320108 -0.00507036 0.00382804 0.00340869 -0.000491211 -0.00264548 -0.00181182 -0.00328089 0.00306236 -0.000491428 -0.00472981 0.0014978 -0.002298 -0.000688267 -0.000117524 -0.00797839 0.00250576 -0.000926323 0.00728176 -0.00350397 -0.00624084 -0.00911404 -0.00115989 -0.00601804 0.000562046 -0.00360829 -0.000410478 -0.00119281 
0.0084148 0.000245979 0.000926631 -0.00678895 -0.00527811 -0.00812267 0.0064051 -0.00238122 -0.00351474 -0.000952594 -0.00237607 0.00915078 -0.000696421 0.00104681 0.00518729 0.159959 0.0153419 0.00241724 -0.00063715 -5.41161e-05 -0.00302539 -0.000288713 -0.0131721 -0.0109389 -0.00841392 0.00176858 0.00412352 0.00294728 -0.00447198 -0.0164495 -0.00249478 0.0133263 0.00132528 -0.00798659 -0.00613025 0.00429584 0.00245527 -0.00635322 0.00256491 -0.000990917 -0.00545446 -0.0149009 -0.00932838 -0.00192499 0.000445755 -0.00908545 -0.00293653 -0.00433192 0.00163174 -0.00601295 -0.00211801 0.00323394 -0.00049483 -0.00406023 0.00523689 -0.00149071 -0.00267467 0.000274657 -0.00402179 -0.0146675 -0.00571242 -0.00244579 -0.00693301 0.00762076 0.00398942 -0.0023882 -0.0021692 -0.000118029 -0.00531947 0.0041011 -0.00367194 -0.00444318 -0.000811487 -0.00261892 -0.00479627 -0.0123574 -0.000420136 -0.00129409 -0.0076438 -0.00544383 -0.00281375 -0.00535291 -0.00110528 -0.00406775 -0.000804023 0.00846468 -0.000836144 0.00132823 0.00146891 0.000390763 0.000852578 0.0112297 0.020977 -0.00296067 -0.00664472 -0.00955723 -0.000856884 -0.00374337 -0.0142405 0.00344315 
-0.0161829 0.00027439 -0.00695378 -0.00796041 -0.00443942 0.00288635 0.00912597 -0.0018323 0.00533459 0.00584944 -0.000115594 0.00125307 0.0125956 -0.00494351 -0.00190074 0.0153419 0.201873 0.00306529 0.00932549 -0.00381802 -0.00701562 -0.00373978 -0.00653394 0.010786 -0.00282298 -0.00892398 0.00130006 -0.00351244 -0.00536514 0.00564105 -0.00140743 0.00949334 -0.00893729 -0.00234116 -0.0099942 -0.00918694 -0.00208172 -0.0110646 -0.00210373 0.00384732 -0.00150548 -0.00627027 -0.0102409 -0.013713 -0.0154011 -0.0109412 -0.00128279 -0.00685086 -0.00560309 -0.0194015 -0.00986047 -0.00170772 -0.0042689 -0.0110685 -0.0129512 0.0278814 -0.00456617 -0.000955105 -0.0144857 -0.014269 -0.00030816 -0.00346944 -0.00362523 0.0144312 -0.00465752 0.00131495 0.00882702 -0.000821407 0.00289779 -0.00158705 0.00483518 -0.00382495 0.0117003 -0.0122426 0.00045244 -0.0120364 -0.00441477 -0.0111031 -0.0104003 -0.0116588 0.0032283 0.00397579 -0.00761552 -0.00207213 0.00588489 0.00529954 -0.00362298 0.00356481 0.00812955 -0.00852275 0.01642 0.0128613 -0.00136313 -0.0022648 0.000950138 -0.00462153 0.00379759 -0.0124972 -0.00892578 -0.00426868 
-0.0137938 0.00195008 -0.00260541 -0.00586225 -0.00820728 -0.00219967 -0.0032619 -0.00141481 -0.00644204 -0.0055986 -0.000103735 -0.00265507 -0.00487093 -0.001712 0.00638352 0.00241724 0.00306529 0.172167 -0.0003129 -0.00271873 0.00926006 -0.00237211 -0.00347916 0.00749658 0.0104537 -0.00138124 -0.0149716 -0.000698289 0.00370159 -0.0100111 -0.000835629 -0.0025866 0.00177074 -0.00430514 -0.00630933 0.00155037 -0.00522793 -0.00590863 -0.0139039 -0.0124723 -0.00611976 -0.00779681 -0.00204202 -0.00153166 -0.0144652 -0.00265127 0.000956647 -0.00564167 -0.0105506 0.00918606 -0.00188966 -0.00689715 -0.0111224 -0.0012163 0.00673951 -0.0055785 -0.00157502 -0.00899791 -0.00247846 -0.00391646 -3.79947e-05 -0.00291647 0.00151202 -0.000508872 -0.00697023 -0.0026958 0.00484572 0.00641573 -0.0058269 -0.00215538 0.00400627 0.0010766 0.000250131 -0.00697853 0.00359969 0.0077633 1.24701e-05 0.00281209 0.00738866 -0.00423094 -0.00228217 -0.0135412 -0.00242827 0.0037016 -0.00828908 -0.00350342 -0.0032864 -0.00473624 0.0045759 0.00080825 0.0172988 0.0203139 -0.00115992 0.00395654 -0.00445681 -0.0128221 0.00204318 -0.00579823 0.00233143 0.00350706 
-0.0137309 5.24469e-05 -0.000317361 -0.0101969 0.000860466 0.000657713 0.000670341 -0.00062513 0.000196829 -0.00414298 -0.00288092 -0.00335185 -0.00192113 0.00143417 -0.000404818 -0.00063715 0.00932549 -0.0003129 0.138723 0.00562472 0.00606295 -0.00608339 -0.00442815 -0.000423044 -0.00720354 -0.0129962 -0.00112472 -0.00104704 -0.00364353 0.000961842 0.00752717 0.00284953 0.00549806 -0.00362318 0.00569709 -0.00634719 0.00296341 0.000713471 -0.00126218 0.00255527 -0.00207329 -0.00324876 0.0036334 -0.00989603 -0.00207907 0.0018814 0.00141141 0.00411788 0.00507303 0.000106747 -0.00157953 -0.00282798 -0.00640482 -0.00507224 -0.0091435 0.00173631 -0.00849327 -0.00599805 -0.0120795 -0.000168624 -2.59656e-05 -0.0085845 0.00118546 -0.00142592 0.000923127 0.00419088 -0.00714204 -0.00632086 -0.00152639 -0.00521582 0.00389885 0.00357163 0.00330671 -0.00650073 0.00303897 0.00291614 0.00150246 0.000564338 -0.00208891 0.00120801 -0.00261097 -0.00954948 -0.00487235 0.000558671 -0.00366091 -0.00751166 0.00136258 -0.00197152 -0.00586969 -0.00130426 -0.00783031 0.003408 0.00230445 -0.0101824 0.00063643 0.00647415 0.00232837 -0.0051267 0.00580735 -0.00443001 
-0.000568799 -0.00328021 -0.000346027 -0.000178885 0.0041433 -0.00492217 0.00469964 -0.00108325 -0.00055319 -0.00114207 0.000976112 -0.00205856 -0.00153339 -0.000911999 0.00130176 -5.41161e-05 -0.00381802 -0.00271873 0.00562472 0.077957 0.000941938 0.000156124 0.00573303 4.98257e-05 0.00565818 2.81955e-05 -0.00145667 -0.00129 -0.00230148 -0.00640865 0.000658942 -0.00335557 -0.00125918 -0.000696536 0.000368637 -0.00320477 -0.00419401 -0.0016144 0.00461472 -0.00163382 -0.000408545 -0.000987978 -0.00270462 -0.00446354 0.00157724 -0.00313274 0.000223898 -0.00129103 0.00445095 0.0048194 -0.000989823 -0.00178814 -0.00434545 2.6208e-05 -0.00359952 -0.00521847 -0.00227161 -0.00145532 -0.00274363 -0.00433734 0.00105281 -0.00394128 0.000416129 0.00226323 -0.00166618 0.00276603 0.000318122 -3.59579e-05 -0.00231417 -0.003266 0.00160916 0.000217713 0.00226101 0.00183996 0.00219727 -0.00116967 0.00137819 0.00102082 -0.00323328 -0.00436213 0.00305667 -0.000878735 -0.00309571 -0.00212024 -0.000142936 -0.000454751 0.000208764 -0.00269001 -0.00465632 -0.0035522 -0.00597309 -0.00354855 -0.00665811 0.000713981 -0.00238872 -0.0025318 0.00245114 -0.00119732 0.00567931 -0.00326076 
-0.0128073 -0.000917556 0.00415056 -0.00623568 0.00477933 -0.00383625 -0.00527884 -0.000826742 -0.00537641 -0.00249434 0.000388866 -0.000155981 -0.00698374 0.00514023 0.000854541 -0.00302539 -0.00701562 0.00926006 0.00606295 0.000941938 0.114546 -0.00466228 -0.00637615 -0.00390012 -0.00176013 0.00131541 -0.00466844 -0.00304169 -0.00135477 -0.0123036 0.0141729 -0.0023186 0.0132048 -0.000340565 0.00145269 -0.00491013 -0.00468074 0.00360954 -0.00715704 -0.0107076 -0.00436926 -0.00571947 0.00274477 -0.0129945 -0.00391671 6.70392e-06 -0.00385079 -0.00133854 -0.000372083 0.0101893 -0.000799388 0.00205458 -0.00515032 0.00835846 -0.00240705 0.00285016 -0.00172814 -0.000108271 -0.00661958 0.00236091 -0.00503994 -0.000322266 0.000967965 -0.00603412 0.00254429 -0.00217342 0.0015199 -0.00135906 -0.00428321 -0.000827383 -0.00168239 0.00579959 -0.00214869 0.00370105 -0.00160199 0.00342435 -0.000417725 -0.00382402 -0.00135337 -0.000327366 0.000544531 -0.00511277 -0.00404225 -0.00129292 -0.00358559 0.00226591 0.000949968 -0.00376839 -0.00333997 0.00922837 -0.00174292 -0.00340596 0.00639803 -0.00178705 -0.000510814 -0.0030156 0.000444596 -0.00685309 -0.00281285 -0.00105823 
-0.00847361 -0.000832679 -0.00504877 -0.00539721 -0.00740365 0.00372308 -0.0139527 -0.000873634 -0.00198784 -0.0024212 0.00596862 -0.00388845 0.00754325 -0.00312957 -0.00502804 -0.000288713 -0.00373978 -0.00237211 -0.00608339 0.000156124 -0.00466228 0.150197 0.00661505 0.0298364 0.0117818 0.014488 0.000395761 -0.0113228 0.003997 -0.011235 -0.00219582 -0.0135959 -0.0149453 0.0117521 -0.00360372 0.00727028 -0.00297129 -0.00495595 0.00697324 -0.00898323 0.00912353 -0.00274066 0.00466693 0.000375567 0.00841938 -0.00017563 -0.00282605 -0.00161973 -0.00393271 -0.000290618 0.004364 -0.0058498 0.0114117 0.00667956 0.00415304 0.000398794 -0.0101027 -0.00443035 -0.0077063 -0.0045931 -0.00665936 -0.00468059 -0.00208241 -0.00215991 0.00510594 0.00124539 -0.00646175 -0.00838185 -0.00462948 -0.0036333 -0.00472064 -0.00441049 -0.00528629 -0.0093329 -0.00345605 -0.0160988 -1.91004e-06 -0.00242195 -0.00417995 0.0115411 0.00154485 -0.000441473 -0.00718628 -0.00972386 -0.00243743 -0.00181479 -0.0011956 -0.00170179 0.000132403 -0.00888465 -0.000338589 -0.0218322 -0.00882473 0.00130382 0.00123305 0.00558563 0.00123933 0.00788894 0.000169865 -0.00064136 
0.00934531 -0.00365043 -0.00825286 0.00296015 -0.00696442 0.00314091 0.00459885 -0.0020065 -0.00306126 -0.00558512 0.000276168 -0.00500829 0.00416515 -0.000423627 -0.00329394 -0.0131721 -0.00653394 -0.00347916 -0.00442815 0.00573303 -0.00637615 0.00661505 0.133982 0.0101642 0.0205256 -0.00229202 -0.000222564 -0.00328826 -0.000579313 -0.0150706 -0.00432279 -0.00921483 -0.00857523 -0.00158047 -0.00762578 -0.00592371 -0.000855005 -0.00150001 0.0150344 0.00796138 0.00124383 0.00126795 -0.00644764 -0.00267698 -0.0100396 -0.00140237 -0.00383417 -0.000887996 -0.00443198 0.0107126 0.00452761 0.00200858 -0.00492429 0.000990316 -0.00938138 -0.00584511 -0.00913441 -0.000623833 -0.00131236 0.00119708 -0.00610231 -0.00455107 -0.000238948 -0.00655594 -0.000827466 -0.00154917 -0.00077369 -0.000845911 0.00727585 -0.00446534 0.00200544 -3.85636e-06 0.00415682 -0.00586637 0.00252781 -0.00612202 -0.00333595 -0.00205229 -0.00191825 -0.00390128 -0.003752 0.00534769 0.0010508 -0.000911555 -0.000147961 0.00559056 8.33044e-05 -0.00584388 -0.00684656 -0.00607188 -0.00415378 -0.0151013 0.000381712 -0.0051657 -0.00213386 0.00163068 0.00375222 0.00372062 0.01182 -0.00232643 
-0.0185774 -0.00789406 -0.00174859 -0.0110818 -0.0184739 0.00228089 -0.00386702 -0.00423671 -0.0181469 -0.00933135 0.00285725 -0.0123461 0.00398866 -0.00648097 -0.00668762 -0.0109389 0.010786 0.00749658 -0.000423044 4.98257e-05 -0.00390012 0.0298364 0.0101642 0.217369 0.0222262 0.00212081 -0.00394895 -0.00921928 -0.00306954 -0.00840869 -0.003547 -0.0180474 -0.0175507 0.00813636 -0.00377784 -0.000869145 0.000262128 -0.00658447 0.0132619 0.0169442 -0.00262933 0.000301373 0.00157773 0.0264597 -0.0213617 -0.00839466 5.22597e-05 -0.000960756 0.0136484 0.0078862 0.00178196 -0.00910995 -0.00139691 -0.00872349 -0.00618775 0.013148 -0.0114951 -0.00836791 -0.0130116 -0.00321163 0.00506783 -0.00798258 -0.00223691 -0.00883027 -0.00635961 -0.00302431 -0.00065428 -0.0230993 -0.00203327 -0.00668458 0.000346334 0.00188305 -0.000409356 -0.000646564 -0.00329304 -0.0182483 -0.00863373 -0.00424323 -0.000969102 0.00722037 0.0023488 -0.0126393 -0.0043736 -0.00593918 -0.00378395 0.00600764 -0.00602795 -0.00528532 -0.00241786 -0.00659793 0.0116348 -0.00244817 -0.00530042 -0.0136102 0.00171776 -0.00223773 0.00726744 0.00111112 0.00585489 0.00892269 
0.0064661 -0.00584488 -0.0173186 -0.00648463 -0.0080104 -0.00841031 0.0016329 0.00229132 -0.00211032 -0.00683626 0.00874725 -0.00590167 -0.00112037 -0.00385774 0.00963889 -0.00841392 -0.00282298 0.0104537 -0.00720354 0.00565818 -0.00176013 0.0117818 0.0205256 0.0222262 0.158142 0.0109788 -0.00384402 -0.00503755 0.000973361 -0.0116069 -0.00668467 -0.00772171 -0.00791957 -0.000292307 -0.00555293 0.000632773 -0.00464001 -0.011407 0.0160461 0.00343451 0.00267248 -0.00292801 -0.000804905 0.0135479 -0.0121889 -0.00632372 0.0020002 -0.00168687 -0.00548067 0.00841411 0.00205811 -0.00282368 -0.00217046 -0.00860465 -0.00361875 -0.00929584 -0.00378654 -0.00380347 -0.00246099 -0.00615402 -0.00350454 -0.00202449 -0.00415507 -0.00304345 -0.00293575 0.0028728 -0.000218293 -0.00190089 -0.00123253 -0.00644596 0.00229996 -0.00125615 -0.00199586 -0.00906892 -0.00242599 -0.00470873 -0.00104864 0.000791061 -3.53305e-05 -0.00377403 0.00192162 0.00399466 -0.0063319 -0.00499517 -0.00524906 0.0137472 -0.0105799 -0.00323241 -0.00699491 -0.00693577 0.00342934 -0.000285597 -0.00788266 -0.0126677 -0.0039816 -0.00492424 -0.00317138 0.00333835 0.00384041 -0.00461734 
-0.00552173 -0.00255066 -0.0154422 0.00425771 -0.0107756 -0.00630224 -0.00560115 -0.00158666 0.0109378 -0.00403164 0.00712334 -0.00480388 0.0110589 -0.00420425 0.0078041 0.00176858 -0.00892398 -0.00138124 -0.0129962 2.81955e-05 0.00131541 0.014488 -0.00229202 0.00212081 0.0109788 0.159419 -0.0124648 -0.00517464 -0.000571333 0.015388 0.00253934 -0.0120571 -0.000305653 0.00169028 -0.00167272 0.00508848 -0.0142407 0.00333607 0.00120162 0.00575233 -0.000309875 -0.00710553 -0.00359516 0.0189545 0.00886952 -0.00608771 -0.00571011 -0.00086539 -0.00621999 0.0009642 0.00483053 0.00601346 0.00485107 -0.00687965 0.000823818 0.00266417 -0.011159 -0.00370159 0.00896589 -0.00630581 -0.00155166 -0.00541845 -0.00398278 -0.0107693 0.00679346 -0.00432553 -0.00514049 -0.000157673 -0.00725002 -0.000155282 -0.00417489 0.00136586 0.00448205 -0.00329622 -0.00414637 -0.0158119 -0.00208582 -0.00126038 -0.00720983 -0.00190267 -0.00116894 -0.00220435 0.00340302 -0.00530932 -0.0031942 0.000545345 -0.00493463 -0.00509247 -0.00183457 -0.00277069 0.00635562 -0.0182904 -0.0117279 -0.000947272 -0.00472168 -0.000332475 -0.00426135 0.00323181 -0.0119896 -0.00115228 
0.00394998 -0.00396451 -0.00853498 0.00833584 0.00846914 0.00354825 -0.000925182 0.00102925 0.00481376 -0.00177766 -0.00726267 0.011039 -0.0116296 -0.00529862 -0.00547382 0.00412352 0.00130006 -0.0149716 -0.00112472 -0.00145667 -0.00466844 0.000395761 -0.000222564 -0.00394895 -0.00384402 -0.0124648 0.16154 -0.00547663 -0.00335093 0.00947856 0.000131477 -0.00959786 -0.00234666 -0.00435771 -0.00476704 -0.0015306 -0.00164818 -0.00357593 0.0137645 -0.00412906 -0.00288389 -0.00718994 -0.000213409 -0.017451 -0.00253064 -0.0124317 0.00143843 0.000144742 0.00254689 -0.00108244 8.66818e-05 -0.00707953 0.00144077 -0.0102244 -0.00469824 0.000607991 -0.00120605 0.0024524 -0.00486099 -0.00196538 -0.00558232 -0.000428306 -0.0063691 -0.00468058 -0.00610294 0.00293706 0.00248013 -0.00238662 0.0101895 -0.00304898 -0.00898552 -0.000561127 -0.00483698 0.00135538 -0.000980414 -0.000592476 0.0013803 0.00280373 -0.00417619 0.00195374 -0.00328962 0.0042671 -0.00368679 -0.0035788 0.000301464 0.00134716 0.00255779 -0.00216129 0.00207709 -0.00445602 0.00875182 0.00937225 -0.00191945 -0.0028204 -0.000854173 -0.00679777 0.000717182 -0.000602248 -0.00961796 -0.00244543 
-0.0131331 -0.00270487 0.0132569 -0.000672258 0.000444089 -0.00911438 -0.00173602 -0.000599616 -0.00992088 -0.0034477 -0.0105005 -0.00240463 0.00147987 9.25541e-05 0.00658721 0.00294728 -0.00351244 -0.000698289 -0.00104704 -0.00129 -0.00304169 -0.0113228 -0.00328826 -0.00921928 -0.00503755 -0.00517464 -0.00547663 0.113116 -0.00224375 0.00383436 0.00721058 0.0178089 0.00770342 -0.00383542 -0.00239449 -0.00324332 -0.00547564 0.00662118 -0.00935772 -0.00197594 -0.00340709 0.00370114 0.00129308 -0.00529042 -0.00886625 0.00730328 -0.000724543 -0.00107967 0.00737363 -0.00570096 -0.00273613 0.000694845 -0.00893786 -0.000929112 0.00268982 -0.0134482 0.00318276 -0.00543185 0.00195054 0.0053425 -0.000806959 0.000615265 0.00187422 0.00272673 -0.0012368 -0.00110102 0.00487663 -0.00539892 -0.000925141 0.000971685 0.00395511 -0.00255954 0.0109283 0.00228892 0.00038785 0.00442333 -0.00144615 -0.00264125 -0.00594278 -0.00610554 0.00143773 -0.00276607 -0.00424666 -0.000352908 -0.00421998 -0.00348743 0.00435171 -0.00246105 -0.00184642 0.00181964 -0.00507635 0.00383277 0.00265063 -0.00573238 -0.00240621 -0.00347032 -0.00248292 -0.00194601 -0.00199125 -0.00270375 
-0.00573855 -0.00148977 0.00162465 -0.00267261 -0.00345818 -0.00479879 -0.00128596 -0.000467749 -0.00389289 -0.00199698 0.00439262 -0.00244884 -0.00340589 -0.00152767 -0.00295976 -0.00447198 -0.00536514 0.00370159 -0.00364353 -0.00230148 -0.00135477 0.003997 -0.000579313 -0.00306954 0.000973361 -0.000571333 -0.00335093 -0.00224375 0.0866083 0.0034623 -0.0016423 -0.00121527 -0.000694976 0.00199916 0.000715991 0.00345351 9.1878e-05 -0.0018165 -0.00899017 -0.00339554 0.000531759 -0.00137854 -0.00213518 -0.000846652 0.00024524 -0.000376184 0.000554908 -0.00160646 -0.0044913 0.00183243 -0.00177933 1.52249e-05 -0.00132638 0.000313827 -0.00165618 -0.00406914 -0.00361068 0.00313486 0.00376151 0.0026582 -0.00284536 0.00316427 0.00149073 -0.00430892 -0.000212819 -0.00344582 0.00153927 0.00445948 -0.000236744 -0.000575201 -0.00164838 -0.00143311 -0.00212477 -0.00211059 -0.00203495 0.002552 0.0056561 0.000705434 0.00011863 0.000713502 -0.00142214 -0.00178459 -0.000288087 0.00204727 0.000294631 -0.000442599 -0.00168308 -0.000413889 -0.00460898 -0.00449294 0.000609595 -0.00130845 -0.00627706 0.00353041 0.00146304 -0.00122519 -0.00386165 -0.00108377 0.0010414 0.000541192 
-0.00880575 -0.00336962 0.00331783 -0.00127975 -0.00365688 -0.0100433 0.00669895 -0.00129191 -0.00205014 0.0053152 0.00193129 -0.00144543 -0.0120876 -0.00431901 -0.0061859 -0.0164495 0.00564105 -0.0100111 0.000961842 -0.00640865 -0.0123036 -0.011235 -0.0150706 -0.00840869 -0.0116069 0.015388 0.00947856 0.00383436 0.0034623 0.184163 0.000868197 -0.00660464 0.00491999 -0.00347134 0.00247306 0.00303767 -0.00664764 -0.00300842 0.00614118 0.00813482 -0.00700989 0.00752413 -0.00319556 0.00498244 0.0139949 -0.00694637 -0.00385362 0.00123003 -0.000947686 -0.0123524 -0.00320567 -0.0099627 0.00215 -0.0189121 0.00113994 0.000157411 0.00118052 0.0049504 0.0106572 0.00667217 0.00577267 0.00815031 -0.00512006 0.012407 0.00495586 -0.00316412 0.00345712 -0.00153144 -0.00020407 -0.00453062 -0.00742867 -0.00815435 0.00356101 -0.00325024 -0.00333844 -0.00287687 -0.00093761 -4.17587e-05 -0.00345065 -0.00756028 -0.00664888 -0.00896612 0.00506792 -0.000340993 0.00297074 -0.00914073 -0.00238144 -0.002102 -0.00155332 -0.00269296 0.000396402 -0.00480175 -0.0110396 -0.00226332 -0.00328352 -0.00556845 -0.0108451 -0.00194782 -0.00416091 -0.00567175 
-0.0224575 0.0014036 -0.00418181 -0.00251818 0.0027992 -0.00687426 0.00110122 0.000563879 -0.00831969 -0.00282201 -0.00734991 0.000133869 -0.00156433 0.000958891 -0.00784307 -0.00249478 -0.00140743 -0.000835629 0.00752717 0.000658942 0.0141729 -0.00219582 -0.00432279 -0.003547 -0.00668467 0.00253934 0.000131477 0.00721058 -0.0016423 0.000868197 0.126749 0.0134337 0.0108195 0.00149634 0.0075728 -0.00174235 -0.0066385 0.00421361 -0.00507977 -0.00910883 -0.00244758 -0.00240536 0.00170157 -0.00555108 -0.00402534 -0.00105587 -0.00114715 -0.00302834 -0.00322054 0.00641533 -0.00393395 -0.00521231 -0.00341967 -0.00200965 -0.000449636 -0.00146885 -0.0015533 -0.00132069 -0.00325207 0.00070668 -0.0049761 -0.00523474 0.00296541 -0.00346697 -0.00186569 -0.000339394 0.00311814 0.000236791 -0.00551336 -0.000702531 -0.00513096 0.0011132 0.00295108 0.000455284 -0.00199321 0.00350035 0.00431059 0.00267618 -0.0065609 -0.003745 -0.00678311 -0.00622124 -0.00398184 -0.00157163 -0.00378976 -0.00125835 -0.00444197 0.0025417 -0.00285525 0.00285031 -0.0039215 0.00224765 0.000179536 0.000364848 -0.0019743 0.000836031 0.00183983 -0.00560713 -0.00459634 -0.00370128 
-0.000719325 0.00238559 0.0264939 -0.00567955 0.00207614 -0.0153743 -0.00277747 -0.00055038 -0.0123409 -0.00163148 -0.0168799 -0.0069549 -0.00104563 -0.0011751 -0.00489923 0.0133263 0.00949334 -0.0025866 0.00284953 -0.00335557 -0.0023186 -0.0135959 -0.00921483 -0.0180474 -0.00772171 -0.0120571 -0.00959786 0.0178089 -0.00121527 -0.00660464 0.0134337 0.160292 -0.00683371 -0.00138874 -0.00301118 0.00100226 0.0016179 -0.00300778 -0.000282331 0.00537419 -0.00382569 -0.00647595 -0.00140673 0.00063433 0.006954 0.00850047 0.00474251 -0.00158609 0.000658463 -0.01814 -0.002303 -0.00653881 -0.00331704 0.000959909 0.0087845 5.10863e-05 -0.00151087 -5.5101e-05 -0.00141465 -0.00376885 -0.0022866 -0.00307213 -0.00103207 0.00415314 -0.0011976 -0.00518192 -0.000203518 0.00183897 0.00171557 0.00543884 -0.000627548 -0.000407556 0.00112632 0.000294253 -0.00361879 -0.00779238 -0.000582275 -0.00450767 -0.00386921 -0.0096005 -0.00247097 0.00118835 0.00318069 0.000988991 0.00156974 0.0025574 0.000144077 0.00142715 -0.00421197 -0.000351105 -0.00986378 0.00245608 -0.00544873 -0.00287952 -0.0016962 -0.0107627 -0.00680462 -0.00828061 -0.00104663 0.00348791 
-0.012743 0.000317963 -0.00947219 -0.00343258 0.00486417 -0.00118539 -0.00396275 -0.00283672 0.00272442 -0.00433225 0.00134662 -0.000681102 -0.0112578 -0.00305436 0.00691418 0.00132528 -0.00893729 0.00177074 0.00549806 -0.00125918 0.0132048 -0.0149453 -0.00857523 -0.0175507 -0.00791957 -0.000305653 -0.00234666 0.00770342 -0.000694976 0.00491999 0.0108195 -0.00683371 0.132635 -0.00166641 0.00642782 -0.00142525 -0.00175919 0.00027964 -0.000746445 -0.0137851 -0.00743078 -0.00438653 -0.000968439 -0.0115023 -0.00804234 0.00392482 -0.00296727 -0.000738487 -0.00853386 0.00629281 -0.00377413 0.00118116 0.00127414 -0.00838915 -0.00616064 -0.00617078 -0.0117244 0.00586641 -0.00172543 0.0077072 -0.00428749 0.0091805 -0.00309706 0.000921829 0.000558709 0.00695091 0.0066953 0.00169301 -0.00384341 0.00286027 -0.000334981 -0.00119041 0.00361765 -0.00576235 0.00287094 0.0145257 0.000316347 0.00128548 0.00427558 -0.00446732 0.00297507 -0.00364706 0.00161688 0.00351974 -0.00519797 -0.00190569 0.0039728 -0.00715708 -0.00920548 0.00287772 -0.00153282 0.00193882 -0.00123735 -0.00591399 -0.00225712 -0.000831776 -0.00210867 -0.00369957 -0.00835574 0.000605008 
-0.0111484 -0.000298885 -0.0010592 -0.00436672 -0.00232103 -0.00129796 -0.00444157 -0.000284058 -0.00600245 -0.00260687 0.00126941 0.00452075 -0.00141715 0.00082149 -0.00276923 -0.00798659 -0.00234116 -0.00430514 -0.00362318 -0.000696536 -0.000340565 0.0117521 -0.00158047 0.00813636 -0.000292307 0.00169028 -0.00435771 -0.00383542 0.00199916 -0.00347134 0.00149634 -0.00138874 -0.00166641 0.0743986 0.00438507 0.00489304 0.00276324 0.00193598 -0.00407805 0.000623699 -0.000255442 -0.00229097 0.00732078 0.0048413 -0.00299907 0.00106401 -0.00176754 -0.000335496 -0.00296092 -0.00275236 -0.000194961 -0.00421528 -0.00273481 0.00136256 0.000632987 0.00280838 -0.00475339 -0.000474931 0.0018663 0.000520139 0.000111611 0.001375 -0.00101948 -0.000895569 -0.000999862 -0.000350907 -0.00169973 -0.00247633 0.00203853 -0.00319562 0.000627103 0.00107653 -0.00390879 -0.00591387 0.00142003 -0.00361048 -0.00198256 -0.00313671 0.00591867 0.00211964 -0.0023778 -0.00194968 -0.00220796 -6.7023e-05 -0.00365377 -0.00137876 -0.00150937 -0.000439125 -0.00212518 -0.00555294 0.000213433 -0.00204993 -0.00265083 -0.000600854 0.00262586 0.00164116 0.00161085 0.000646515 -0.00366559 0.000604151 
