0.0906808 0.004171 0.00860877 0.00467569 0.0048466 0.00707718 -0.0015926 -0.00227836 -0.0056054 -0.00153724 -0.00032592 -0.000228948 -0.000381265 -0.0101242 -0.00126858 0.000571894 -0.0019325 -0.00219496 -0.00809714 -0.0022343 -0.00396656 -0.002439 0.00230854 -0.00594083 -0.00286503 -0.00800367 -0.00538569 -0.00226542 0.00287799 0.000742776 0.0113549 -0.0032276 -0.00106678 0.0015972 -0.00127697 -0.000819792 -0.00541706 6.90483e-06 -0.00525621 -0.00194362 -0.00200459 0.0016553 -0.00327378 -0.00148256 -0.00693081 0.000243847 0.00193897 -0.00443358 -0.00202636 -5.64765e-05 0.000646014 -0.00233738 -0.00159472 0.00270543 0.00183492 -0.00424814 -0.0024377 -0.0028528 -3.21515e-05 -0.00394829 -0.00365422 -0.0011639 -0.00149568 -0.000908977 0.00115114 -0.00624192 -0.00105112 -0.000496765 0.00355902 -0.00226983 0.00136923 -0.00397374 -0.00457488 0.0010312 -0.00700597 0.00380723 0.00753921 -0.00292202 -0.00356376 0.000672107 -0.000841832 -0.00116238 -0.00133312 0.00463816 -0.00641544 0.00628375 0.000193119 -0.00985657 0.00147601 -0.000810631 -0.0101875 0.00182517 -0.000805901 0.000538769 0.00717663 -0.00686532 0.00409173 0.0015132 0.00297924 0.00454677 
0.004171 0.158524 0.00859872 -0.0018259 0.0105304 -0.000854346 0.00603092 -0.00498621 -0.00286418 -0.0107651 -0.00268876 0.000267052 0.00374033 -0.0096199 -0.0094522 0.00550632 -0.0048952 -0.0283188 -0.0263768 -0.0187756 -0.00431983 -0.0203627 -0.000978621 -0.0079279 -0.00350759 -0.00214158 -0.0010798 0.00353457 0.0035641 0.00668508 -0.00177849 -0.0105588 -0.00330488 0.001352 -0.00167765 -0.00642517 -0.00182573 0.0033358 -0.00544798 -0.00364733 0.00112437 -0.00428188 -0.00380916 -0.00247792 -0.00823536 -0.00414656 0.000443649 0.00492479 -0.0012966 0.000423503 -0.000261121 0.000409134 -0.00310036 0.00181013 -0.00216249 -0.000793745 0.0100424 -0.00364137 -0.00416868 -0.0103241 -0.00652729 0.000530174 0.0100528 -0.00183488 -0.0110791 -0.00701242 -0.0053902 -0.000582286 0.00430095 -0.00337417 -0.00216343 -1.76012e-05 -0.00975616 0.0124784 0.0032728 0.00725126 -0.000210078 0.000444441 -0.00397027 0.0136765 -0.007594 0.00256767 0.0160052 -0.00139924 0.0158285 0.0102223 0.00172624 -0.00066855 -0.0102508 -0.00603309 -0.00522136 9.0134e-05 -0.0104495 -0.00895528 0.0154131 0.0104757 0.00473734 -0.0128528 -0.00266437 -0.000978167 
0.00860877 0.00859872 0.126724 0.00607823 -0.00143545 -0.00329102 0.000192486 0.00549857 -0.00295269 -0.0081615 -0.000965598 -0.00449902 -0.00625853 -0.0104144 -0.00910891 0.00694975 -0.000711256 -0.0062273 -0.0106987 -0.00206154 -0.00480081 -0.00948242 -0.00255572 -0.00531157 0.00027283 -0.00224984 -0.00403346 -0.00182032 -0.00761488 0.00239035 -0.0015005 -0.00153331 -0.00255299 -0.00381512 0.00442668 -0.00498262 0.00512739 0.00593624 -0.0034851 -0.00345136 -0.000371386 0.00207736 -0.00383326 -0.00525729 -0.00298909 0.000179655 0.000102751 0.00219048 -3.28166e-05 -0.001224 -0.000249722 -0.00202902 -0.00417989 0.000936684 0.000569076 -0.00251751 -0.00737182 0.000292371 -0.00267958 0.000478421 -0.0014924 0.00174661 0.00516311 -0.00253872 -0.00358891 -0.00962482 -0.000383992 -0.00469744 -0.00960966 -0.00856856 -0.0029237 -0.0022877 -0.00495896 0.00628495 -0.00568608 -0.00143593 0.0133535 0.00824549 0.000253487 0.00458356 0.00304704 0.0041626 -0.00406647 0.00209458 0.00175092 0.00400739 0.00112942 0.0020223 -0.0023526 -0.000368923 -0.0094169 0.000476107 -0.00187651 9.09694e-06 0.00765584 -0.000475135 -0.00454678 -0.0106813 -0.00264345 -0.000680472 
0.00467569 -0.0018259 0.00607823 0.124033 0.00900852 0.00223955 0.00137023 0.00104484 0.0022433 -0.0055578 0.00277619 -0.000263842 -0.00460171 0.00429446 -0.0122947 0.000276992 -0.00216083 -0.0105762 -0.00718659 -0.00601919 0.00115785 0.00355119 -0.00228156 -0.00158929 -0.00568343 -0.0096961 -0.00721692 -0.0099003 -0.00884982 -0.00364656 -0.00385446 0.00145272 -0.00448789 0.00510758 -0.00606113 -4.0045e-05 0.00467553 0.000140181 -0.00259684 0.000336099 -0.00717043 -0.000990415 -0.0067852 -0.00109572 -0.000438239 0.00521524 -0.00240045 -0.000739265 0.00871276 0.00297785 -0.0020786 0.000978193 -0.00353843 -0.00016033 0.000953894 -0.0053907 -0.00421237 -0.00244209 -0.00133762 -0.0085781 0.000651021 -0.00170381 -0.000434228 -0.00330695 -0.00448566 -0.00838586 0.00519007 0.00128324 -0.00298982 -0.00117358 1.38962e-05 0.00400904 -0.00203536 -0.00184024 -0.00955273 -0.00298445 0.00184534 0.00705899 -0.00353741 0.00401845 0.0117323 -0.00282112 -1.85746e-05 0.00295009 -0.0113892 -0.00446452 -0.00696651 -0.00525856 0.00602792 0.00210617 -0.00286373 0.00556397 0.000427145 0.00185189 -0.00736473 -0.00189784 -0.000636543 -0.00285965 1.20969e-05 0.00467813 
0.0048466 0.0105304 -0.00143545 0.00900852 0.130949 0.0120414 0.00845983 -0.00781436 -0.00204144 0.00145301 -0.000387966 -0.00673888 -0.00219939 -0.00890081 0.00253183 0.00441856 -0.00435597 -0.0133552 -0.00826084 0.0125708 -0.00398239 -0.00533113 0.00323148 0.00680913 -0.00360849 -0.0089634 -0.00466274 -0.00500932 -0.00869271 -0.000198328 -0.00827041 -0.0101586 -0.00406498 0.000625363 -0.00269974 -0.00373905 -0.00221493 -0.00122854 0.00579254 0.00045386 -0.000728323 -0.00342854 -0.00516172 0.000590978 -0.00627525 0.00381584 -0.00250515 -0.00501505 -0.0037534 -0.00325155 0.00106506 0.00409486 0.00326816 -0.002745 -0.00353953 -0.0038367 -0.00781545 0.0044541 -0.00247257 -0.0112303 -0.000882723 -0.000664767 -0.00473023 -0.00385647 -0.000663021 -0.00454611 -0.00465205 0.00223279 -4.19888e-05 0.000247821 0.00073803 -0.00106566 0.000260782 0.00326127 0.0050565 0.00270348 0.00212748 0.00184014 0.00338717 0.00398381 -0.00161624 0.00927303 -0.000709252 0.000424433 -0.0183214 -0.00420916 0.00121443 -0.00610547 -0.000642285 -0.00418386 -0.00767856 0.0057956 -0.000366517 -0.0037781 -0.00557063 0.00229076 -0.00552112 -0.00795128 0.00215733 -0.000175662 
0.00707718 -0.000854346 -0.00329102 0.00223955 0.0120414 0.132536 0.004856 -0.00223816 0.00432301 8.00508e-05 0.00255888 0.00286937 0.00155935 -0.00748026 0.00461996 -0.00573765 0.00435818 0.000579615 -0.00587694 -0.00745039 -0.00279489 -0.013394 0.00635669 -0.00175994 -0.00347961 -0.00478874 -0.00234843 -0.0083117 0.00084445 0.00108941 0.0117315 -0.00337477 -0.000156729 0.00291179 -0.00450284 0.0018055 0.00248427 -0.00168889 -0.00449708 -0.000658424 -0.0094507 -0.00097118 0.000358896 -0.00206612 -0.00600474 -0.00725671 0.00121391 -0.0014797 -0.00141123 -0.00528015 0.00200618 0.00338384 -0.00113615 -0.00272306 5.90555e-05 -0.00676241 -0.00436583 -0.00267121 0.00153705 -0.00504402 0.00340796 -0.00232369 -0.00569041 0.000254078 0.00461684 0.000359133 -0.0100945 -0.00291811 -0.000946397 0.00415882 0.000622427 -0.00770173 0.00255558 -0.00551207 -0.00885703 -0.0035742 -0.0110194 -4.88012e-05 0.00130865 -0.00253786 -0.00723561 -0.00959926 0.00510647 0.00462013 0.00257513 0.00604689 0.000730975 -0.0148475 -0.00151864 0.00134505 -0.0103222 -0.00237962 0.000517182 -0.000514561 0.000645746 -0.00391102 0.00312405 -0.00576084 -0.00241223 0.00355768 
-0.0015926 0.00603092 0.000192486 0.00137023 0.00845983 0.004856 0.110905 -0.00237004 0.00405243 -0.00264613 0.00117228 0.00695668 -0.000535127 -0.00740541 -0.00874833 -0.00187697 -0.00504867 -0.015081 -0.00485889 -0.00507539 0.000543442 -0.0150505 -0.00365088 -0.00330499 -0.00429694 -0.000941022 -0.00737145 0.000115521 0.00397292 0.00454163 -0.0170092 -0.00481429 0.00296064 -0.0040906 -0.000997305 -0.00268154 0.000717294 -0.00314748 -0.00154993 0.00186382 0.00134173 -0.000804511 -0.00438534 -0.00123105 -0.00591999 -0.00903681 0.000362902 -0.00311866 -0.000670993 -0.000715731 -0.000326606 0.00288691 -4.08464e-05 0.00042437 -0.000344614 0.000489076 -0.002857 0.00524642 0.00114187 -0.00672056 0.000613127 0.000209469 -0.00339923 -0.00415594 -0.00266114 0.00162599 0.00160198 -0.00322954 -0.00492114 0.00640011 0.00125844 0.00272331 0.000944542 0.000213647 0.00377794 -0.00425435 0.00534465 -0.00161662 -0.00438999 0.000992683 -0.00382594 -0.000262966 0.00293218 -0.000765903 -0.00250968 0.00375564 -0.00267024 -0.00617439 0.00137774 -0.00258397 0.00109273 -0.00419845 0.00369654 0.00327002 -0.000811794 0.00453991 -0.00193746 -0.00574366 0.00227028 0.00118405 
-0.00227836 -0.00498621 0.00549857 0.00104484 -0.00781436 -0.00223816 -0.00237004 0.0978357 -0.00256427 -0.00220073 0.00388569 -0.00210713 0.00250076 0.0023969 -0.0052733 -0.0016869 -0.0037824 -0.00876092 -0.0120769 -0.0121472 -0.00226852 -0.0037893 0.000687244 -0.00736176 -0.00395975 0.0109276 -0.00118373 0.00435921 0.00395089 0.000882206 0.0114976 0.00746114 -0.00253578 -0.00167363 0.00598971 -0.00110803 0.000695934 -0.000596481 -0.00419706 -0.00267837 0.00258065 0.00355604 -0.00226275 -0.00311811 0.000429949 -0.0112577 -0.00163802 -0.00172589 -0.00132227 -0.00162845 0.00193871 -0.000832261 0.00188096 -0.00326975 -0.00297286 0.000279571 -0.00753962 -0.00193652 0.00431821 0.000765966 -0.00355452 0.00014805 -0.00137382 -0.00272607 0.00619078 -0.00388345 -0.00245595 -0.00189633 -0.000553421 -0.00239721 -0.000979717 -0.00560393 0.000541192 0.000364945 0.00501752 -0.0034829 -0.00327718 0.000527025 0.0017612 -0.00707894 0.000381079 -0.000457084 -0.0087092 -0.00480288 -0.00399252 -0.000442401 0.00194751 0.00958521 -0.00110595 0.00357748 0.00202759 -0.00350237 0.00582307 -0.00496999 0.00106869 0.00887025 -0.00299805 -0.00574966 -0.00376217 -0.00229642 
-0.0056054 -0.00286418 -0.00295269 0.0022433 -0.00204144 0.00432301 0.00405243 -0.00256427 0.136886 -0.00306276 -0.000193689 0.00944606 0.00536892 -0.000198428 0.00320254 0.000344996 -0.00807267 -0.0156613 -0.00217493 -0.013158 -0.00244056 -0.0241314 -0.00700626 -0.0033608 0.000416821 -0.00326433 -0.000201714 0.00776349 -0.00185125 -0.000461459 -0.00910189 -0.00865688 0.00297952 -0.00814389 -0.0082744 0.00374434 0.00850952 -0.00295 -0.00569583 -0.00371749 -0.00695805 -0.00317139 -0.00326089 -0.000309309 0.00898624 -0.00277807 -0.000493822 -0.00252709 0.00422059 0.0038142 -0.00217354 -0.00121005 -0.00432056 -0.00204382 -0.00205544 0.00176863 0.00179514 -0.000348001 0.00120258 -0.00172497 0.00572405 0.00175105 -0.0012249 -0.000639334 -0.00652057 -0.002414 -0.00247221 -0.00350115 -0.00662361 -0.00164315 0.000990723 0.0037609 -0.00038351 -0.0022405 0.00141942 0.00356472 -0.00602111 -0.00542771 -0.0052101 0.00565774 -0.00748781 -0.00280966 -0.00137998 0.0027233 -0.00156503 -0.00055464 -0.0044728 -0.00518843 -0.00542022 0.00142385 0.0135391 0.00315968 0.0133396 0.00311591 -0.00804295 0.00229797 -0.000579176 -0.0102074 -0.00593435 0.00561115 
-0.00153724 -0.0107651 -0.0081615 -0.0055578 0.00145301 8.00508e-05 -0.00264613 -0.00220073 -0.00306276 0.11861 0.0015452 -0.00346289 -0.00084025 -0.00149674 0.00486437 0.00267644 0.00118809 -0.00417122 0.011293 0.000235089 0.00643708 -0.00761453 -0.00216882 0.00036003 0.00223567 -0.00606906 -0.00651146 -0.00084448 -0.00820648 -0.00208594 -0.00474488 0.00228561 0.00336026 0.00101379 -0.00421976 -0.00244 -0.00686273 0.00147942 0.00441301 0.00240528 0.00295234 -0.00330666 -0.00372692 -0.00198816 0.00100816 0.00367706 -0.00139461 -0.0047088 -0.00484313 0.00209464 0.000418656 0.000115327 0.0041394 -0.00091287 0.00598332 0.00086042 -0.00679155 -0.00197832 0.00118166 -0.00263642 -0.0042972 0.000188789 -0.00660461 -0.00115594 -0.00592221 0.00118116 -0.00713229 -0.00253741 -0.00461975 0.00044264 -0.00141295 0.00362938 -0.000867687 -0.0100154 -0.00373975 -0.00423828 -0.00578343 -0.000606756 -0.00429448 -0.00337049 -0.00332553 0.0018216 0.00568475 0.00405624 -0.00625991 -0.00193246 1.40453e-05 0.0040853 -0.00571488 -0.0032541 0.000684433 -0.00227743 0.00850506 0.00537171 -0.00432556 -0.00175191 -0.00336218 0.00513143 -0.00143804 -0.000964356 
-0.00032592 -0.00268876 -0.000965598 0.00277619 -0.000387966 0.00255888 0.00117228 0.00388569 -0.000193689 0.0015452 0.0700892 0.00389278 0.000312278 -0.00110358 -0.000660915 0.00302587 -0.0050169 -0.0120685 -0.00216939 -0.00926435 -0.00644277 -0.00808244 -0.00305436 -0.00695471 -0.00304178 -0.00400959 -0.00806055 0.00150711 0.00078115 -0.000983369 0.000335482 -0.00225231 0.000631976 0.00370101 -0.00377927 -0.000253459 0.00214601 0.00133756 -0.00326455 -0.00172328 0.00140701 -0.00113838 -0.000263281 -0.00306699 -0.00346851 -0.00188486 0.00157086 -0.00276416 -0.00136405 -0.001481 0.00107431 -2.44412e-05 -0.000687221 0.000984163 -0.00148614 0.000317404 0.000844908 -0.00102395 0.00238179 0.000166906 -0.00127954 -0.000901345 -0.00353794 0.000847166 -0.0001137 -0.00386421 0.00360262 -0.000786413 -0.00223552 -9.24091e-05 -0.00166646 -0.00235494 0.0001953 -0.00214812 -0.00393839 -0.00047695 -0.00460258 0.0050226 -0.0018399 0.00189954 0.000490441 0.000292275 0.00833754 -0.000259499 -0.00158101 0.00473068 0.000103441 -0.00238001 -0.000708443 -0.000941605 -0.000760496 0.00282578 0.00430154 -0.00473347 0.000301059 0.0018867 0.0025666 0.00324129 -0.0016304 -0.000856263 
-0.000228948 0.000267052 -0.00449902 -0.000263842 -0.00673888 0.00286937 0.00695668 -0.00210713 0.00944606 -0.00346289 0.00389278 0.115195 0.00637896 0.00419866 0.00206912 -0.00153633 0.00281129 -0.00431366 6.52987e-05 -0.0128035 -0.0127805 -0.00683371 -0.00842021 -0.00667477 -0.000276448 -0.0120136 -0.0100133 0.00584687 0.00240735 0.00423805 -0.00954861 -0.00512407 0.00339392 -2.65402e-05 -0.00766534 0.000817017 -0.00461981 -0.00317767 -0.00650243 -0.00153024 0.00828846 -0.00244265 -0.00395907 0.00582352 -0.00406548 -0.00408697 -0.00278997 0.00374194 0.0022561 0.000454377 0.00211587 1.8706e-06 -0.00620123 0.00217809 -0.00650724 -0.00283097 -0.00281465 0.00428736 0.00231545 0.00391312 0.00328139 0.00184576 -0.000943045 0.00620486 0.00273611 0.00781356 0.00388884 0.00288995 4.52621e-05 0.00630864 -0.000655915 0.00114117 -0.00095606 -0.0103591 -0.00529915 0.00313353 -0.019437 -0.0059039 -0.00289182 0.000997989 -0.00763135 -0.00893164 -0.00323571 -0.00292124 -0.00270514 -0.00160998 -0.00537113 -0.00927076 0.00272234 -0.00202004 -0.0027765 0.00193131 0.00208056 -0.000980122 -0.000899196 4.89187e-05 0.00289172 0.00460489 -0.00238213 0.00324398 
-0.000381265 0.00374033 -0.00625853 -0.00460171 -0.00219939 0.00155935 -0.000535127 0.00250076 0.00536892 -0.00084025 0.000312278 0.00637896 0.0933136 0.00648197 0.0110685 -0.00265391 0.00175542 -0.00610687 -0.00719577 -0.00690299 -0.0028373 -0.00663121 -0.0004416 0.00130041 -0.000196936 -0.00355386 0.000793193 0.00169851 -0.00434393 0.00226382 -0.0022037 -0.00588058 -0.0046354 0.00529661 -0.00321118 0.000107041 -0.00337232 -0.00506597 -0.00359568 -1.83572e-05 -0.00409493 -0.000865233 0.00036006 -0.000513384 -0.00142468 0.00185448 0.000508674 1.45145e-05 -0.00188672 5.80531e-05 -0.000102041 -0.00256147 -0.000377277 -0.0014416 -0.00181999 -0.00134906 -0.00241917 -0.00337583 -0.00130633 -4.60442e-05 0.00384185 -0.0014393 -0.000176421 -0.00267024 0.000382993 -0.00508566 -4.61777e-05 0.000868699 -0.00181095 0.000989875 -0.000960794 -0.00164866 -0.00138609 -0.0077472 -0.00502113 0.000709215 -0.00919912 -0.00553651 0.00894148 -0.00521919 -0.00474053 0.00029002 0.000373943 -0.00293901 0.00580566 0.0028409 0.00290383 -0.0112389 -0.000440306 -0.000287699 0.00320675 0.000207139 -0.00391667 -0.00409937 0.00114731 0.00353476 -0.00165531 0.00052204 -0.00231859 0.00352942 
-0.0101242 -0.0096199 -0.0104144 0.00429446 -0.00890081 -0.00748026 -0.00740541 0.0023969 -0.000198428 -0.00149674 -0.00110358 0.00419866 0.00648197 0.174903 0.0210427 -0.00833522 0.00271981 0.00800461 0.0104776 -0.0142019 -0.00747403 -0.000226268 -0.00642306 0.0027829 -0.00352102 -0.00611486 0.012272 -0.0132773 0.000103178 -0.00612758 -0.018776 -0.0132115 -0.00808765 -0.00628922 -0.015258 -0.000191984 -0.000251125 -0.00198008 -0.00536582 0.000515955 -0.00584044 -0.00299367 -0.0014076 0.00158205 0.0165117 0.0116524 -0.00365251 0.00299241 0.00116719 0.000115496 -0.00190135 -0.00428578 -0.00810698 -0.005762 -0.00873986 -0.000717438 -0.00602847 -0.00634787 0.00220993 -0.000447134 0.00160943 -0.00626299 -0.00245261 0.00178923 -0.00771291 0.00355545 -0.00168208 0.00550066 -0.0103777 0.00371116 -0.00354375 -0.00155249 -0.00309254 -0.00309367 -0.00543061 0.00527394 -0.0100214 0.00629728 -0.0035662 -0.00887492 -0.00566705 0.00546468 -0.0120442 -0.00884312 -0.00911218 -0.00517842 -0.00378842 -0.00102687 0.0019968 0.000485068 0.0223528 0.00652288 0.00709442 0.0117943 -0.00281742 0.00392349 -0.00339641 -0.00122279 -0.0013136 -0.00363428 
-0.00126858 -0.0094522 -0.00910891 -0.0122947 0.00253183 0.00461996 -0.00874833 -0.0052733 0.00320254 0.00486437 -0.000660915 0.00206912 0.0110685 0.0210427 0.209848 -0.000983034 0.00702519 0.00502483 -0.00530863 0.0178161 -0.00184253 -0.0104127 -0.00645805 -0.0066726 0.0026179 -0.00999085 0.00464338 0.00742902 -0.00769892 -0.00782373 0.00432556 -0.0188208 -0.00518818 -0.00237295 -0.0110192 -0.00392049 -0.00774336 -0.00250233 -0.00712097 -0.00198879 -0.00750333 -0.00477851 -0.00814901 -0.00221866 0.0111018 0.0214031 -0.000556882 -0.00366055 -0.0110803 -0.00465238 -0.00255075 -0.00278122 -0.00456457 -0.0100345 0.00371545 -0.00844212 -0.0149155 -0.000585959 0.000763174 -0.00408224 -0.00325259 -0.00255878 -0.011496 0.00174897 -0.00422186 0.00235515 -0.00691199 -0.00506539 -0.00104938 -0.00156139 -0.00334757 -0.0106794 -0.00763151 -0.00446163 -0.00781835 0.00613573 0.0157236 -0.00140259 -0.00416028 -0.00888219 -0.0104372 0.0062089 -0.0199611 -0.0114168 -0.00519548 -0.00154622 -0.000834746 -0.0037493 0.00885204 -0.00194182 -0.00351827 0.00524506 0.000645844 0.017992 0.00187496 -0.00346239 -0.00972041 -0.00137446 -0.00375747 0.00475249 
0.000571894 0.00550632 0.00694975 0.000276992 0.00441856 -0.00573765 -0.00187697 -0.0016869 0.000344996 0.00267644 0.00302587 -0.00153633 -0.00265391 -0.00833522 -0.000983034 0.0939547 -0.0016095 -0.0034931 -0.00457812 0.00236231 -0.00624404 -0.0123208 -0.00517829 -0.00408604 -0.00131288 0.000238796 -0.00702218 0.00165942 -0.00339037 -0.00205668 0.000594829 -0.00291142 0.0024684 -0.000914009 -0.00473615 -0.000958727 0.00791581 0.00231651 0.00324796 -0.00083389 0.00227845 -0.000550053 -0.00176996 -0.00111816 -0.00604926 -0.00218324 -0.00195203 0.00547443 -0.000870728 -0.00194546 0.000276841 -0.00125355 0.00601133 7.6767e-05 -0.00424775 0.00311562 -0.00256278 -0.000425121 0.00205668 0.000504999 -0.00328195 0.00113766 -0.000674427 -0.00271687 -0.00157299 -0.00723848 -0.00231994 -0.000533919 -0.00246442 -0.00384735 0.00153736 0.00306736 0.000628946 -0.0096643 -0.0036121 0.000363783 0.00240063 -0.000684005 0.000326977 -0.00151755 -0.00105365 0.00909716 -0.000247224 -0.00462733 -0.0046545 0.00546057 -0.00226014 0.00402768 -0.00699097 -0.00271725 -0.00258869 0.00389224 0.000547995 -0.00105356 -0.0045727 -0.00373384 -0.00261539 0.0051113 -0.00609928 -0.00319719 
-0.0019325 -0.0048952 -0.000711256 -0.00216083 -0.00435597 0.00435818 -0.00504867 -0.0037824 -0.00807267 0.00118809 -0.0050169 0.00281129 0.00175542 0.00271981 0.00702519 -0.0016095 0.169368 0.0236922 0.0136173 0.0423814 2.30848e-05 0.0213431 0.00142024 0.000496823 -0.000565821 -0.00253065 0.00010764 0.00550666 -0.00629566 0.00248878 -0.0066565 -0.00358437 -0.00591141 -0.00134276 -0.0117829 -0.00334339 -0.0109924 -0.00151992 0.00385564 0.00439465 -0.00358559 0.00219485 -0.00403228 0.00743335 -0.00521949 0.00930516 0.00508446 -0.00651101 0.00128282 -0.0028806 0.000210221 -0.010035 -0.00782685 -0.0084644 0.00944673 -0.009114 -0.0157244 -0.00587122 8.45684e-05 -0.00725842 0.00405123 -0.0012404 -0.00753693 -0.00533695 0.00831868 0.00342438 -0.0103718 -0.00349692 -0.00469826 -0.0076813 -0.00398756 0.00111088 -0.00610002 -0.00772153 -0.0239309 -0.00426327 -0.0219288 -0.00221795 0.00189405 -0.00387771 0.00302899 -0.0171396 -0.00818572 -0.000289388 -0.0107463 0.00532626 -0.0034465 -0.0176814 -0.00883048 0.000908683 -0.0011106 -0.0137875 -0.00754749 0.0115431 -0.00155829 -0.00778428 -0.00550148 0.0119747 0.00727323 -0.00581513 
-0.00219496 -0.0283188 -0.0062273 -0.0105762 -0.0133552 0.000579615 -0.015081 -0.00876092 -0.0156613 -0.00417122 -0.0120685 -0.00431366 -0.00610687 0.00800461 0.00502483 -0.0034931 0.0236922 0.226811 0.0342079 0.0289222 0.0112855 0.0592534 -0.00526559 0.0108121 0.00379136 0.0063666 0.0130574 -0.00705932 0.0217707 -7.70026e-05 0.02201 0.0135638 -0.00209591 7.97803e-05 -0.00868903 0.0034369 -0.00978394 0.00356688 -0.0030306 -0.000323352 -0.0110009 0.000130347 -0.00348969 -0.000603772 0.000706083 0.0100936 0.00050671 -0.0157874 -0.00247145 -0.0034123 -0.00416022 -0.0106529 -0.0100018 -0.0151884 -0.00114908 -0.0105862 -0.00346652 -0.00977969 -0.000299497 0.00604634 0.00550309 -0.00456487 -0.00943539 -0.00715929 0.0151706 0.0126867 -0.00993101 0.00418054 -0.0221031 -0.0132065 -0.00458956 -0.005469 -0.00530206 -0.00348267 -0.0209284 -0.0039281 -0.0121331 -0.00939949 0.000571504 -0.0221805 -0.00205068 -0.0238225 -0.0174221 -0.0054584 0.00161728 -0.0130601 -0.00228149 -0.00786784 0.00153598 -0.000769656 -0.00408394 -0.00814122 -0.0160302 0.00837446 -0.0116478 -0.0308921 -0.00629073 0.0155552 -0.0019252 -0.00465428 
-0.00809714 -0.0263768 -0.0106987 -0.00718659 -0.00826084 -0.00587694 -0.00485889 -0.0120769 -0.00217493 0.011293 -0.00216939 6.52987e-05 -0.00719577 0.0104776 -0.00530863 -0.00457812 0.0136173 0.0342079 0.202343 0.0145452 0.00601909 0.0177036 -0.0122768 -0.00837579 -0.000198692 -0.015147 -0.00356844 -0.00388939 0.014523 0.00625862 -0.0268965 -0.00440895 0.00385548 -0.00715436 -0.00556457 -0.00432995 -0.00191816 -0.00834278 0.000710098 -0.000394675 0.00847665 -0.00191374 0.00210686 0.00645937 0.00454371 -0.00635502 -0.000129594 -0.0175148 -0.00314732 0.00141264 -0.000882701 -0.00650897 -0.00852337 -0.00138187 -0.00944804 -0.00354217 0.00719576 -0.0034391 0.00519536 -0.00205035 -0.00496181 -0.00436079 -0.00682535 -0.00197635 0.00528051 0.0177001 0.000702379 -0.00341702 -0.0157199 0.00194188 -0.00918888 -0.00402198 -0.00804358 -0.00990981 -0.00431785 -0.00679466 -0.011627 -0.000806239 -0.00258979 -0.00759759 -0.00120307 0.00505301 0.000884261 0.000355868 -0.0132166 -0.0096531 -0.00387352 0.0108407 0.00624597 -0.00169068 0.00429498 -0.00172339 0.00115678 0.00482685 -0.0180435 -0.0136196 -0.00858715 0.018917 0.00419628 -0.00747442 
-0.0022343 -0.0187756 -0.00206154 -0.00601919 0.0125708 -0.00745039 -0.00507539 -0.0121472 -0.013158 0.000235089 -0.00926435 -0.0128035 -0.00690299 -0.0142019 0.0178161 0.00236231 0.0423814 0.0289222 0.0145452 0.23361 0.00969751 0.0460437 0.0187675 0.0284213 0.00285119 -0.00428295 0.01436 -0.0124995 -0.00119881 -0.00229207 -0.00980469 0.000104133 -0.000566832 0.00345458 -0.00466239 -0.00656706 -0.0146798 -0.00593073 0.0154391 -0.00600013 0.00232454 -0.00269314 -0.00586521 -0.00390341 -0.00750354 0.00636396 -0.00302194 -0.0143933 -0.00466498 -0.00667193 -0.00733739 -0.00797139 -0.00539856 -0.00736815 0.00268953 -0.0159103 -0.0195172 -0.00047054 -0.00475873 -0.0100791 -0.000245625 -0.00315174 -0.0106734 -0.00725506 0.00748659 0.0100645 -0.0126034 -0.00680181 -0.00546885 -0.00912738 -0.00572305 -0.00819341 -0.00516747 0.00106498 -0.0198887 -0.00469478 0.00697967 -0.0124077 -0.000840514 -0.0137251 0.00277606 -0.00486116 -0.00785811 0.00514777 -0.0223529 -0.00770089 -0.00378806 -0.00782052 -0.00572834 0.00340501 -0.0162706 -0.0111359 -0.0122382 0.0170611 -0.00713141 -0.00492862 -0.0135743 0.00479319 0.00352305 -0.00779697 
-0.00396656 -0.00431983 -0.00480081 0.00115785 -0.00398239 -0.00279489 0.000543442 -0.00226852 -0.00244056 0.00643708 -0.00644277 -0.0127805 -0.0028373 -0.00747403 -0.00184253 -0.00624404 2.30848e-05 0.0112855 0.00601909 0.00969751 0.16765 0.00558355 -0.00160752 0.0172706 -0.0014164 0.00930957 0.00169385 -0.00561689 -0.00060059 -0.00916796 0.00715961 0.0124657 0.000579477 -0.00591941 0.00223206 -0.00466092 0.00510436 -0.000201481 0.000481977 -0.0042446 -0.0122513 0.00263119 -0.0088351 -0.00601483 -0.00743409 -0.00475084 -0.00240365 -0.0054745 0.00042444 -0.00409766 -0.00126677 0.000450062 -0.00491247 4.87487e-06 0.00542239 -0.00731813 0.00271795 -0.00150571 -0.00157248 0.00418373 0.00149337 -0.00244919 -0.00107531 -0.00884276 0.00572113 0.00658518 -0.0025822 -0.00432391 -0.0109935 0.00980946 -0.00249162 0.000509697 -0.00260791 -0.0105183 -0.00357256 -0.00685326 -0.00220492 -0.00891118 -0.0072768 -0.00542817 -0.00949982 -0.00458715 -0.00574405 0.00368011 0.00287309 -0.00838238 0.00691327 3.23789e-05 -0.00381346 -0.00228592 -0.00151099 -0.00813392 -0.0128085 0.0072661 -0.0108474 -0.014833 -0.00273902 0.00134494 0.000287165 0.00174052 
-0.002439 -0.0203627 -0.00948242 0.00355119 -0.00533113 -0.013394 -0.0150505 -0.0037893 -0.0241314 -0.00761453 -0.00808244 -0.00683371 -0.00663121 -0.000226268 -0.0104127 -0.0123208 0.0213431 0.0592534 0.0177036 0.0460437 0.00558355 0.234026 0.00894593 0.0240408 0.00250283 0.00137081 0.00842117 -0.0134756 0.0156771 -0.00792075 0.0115444 0.0203282 -0.0117759 0.0033617 -0.00616948 0.00132355 -0.0171169 -0.0020276 0.0203528 -0.00414743 -0.0019877 0.00295561 0.00656451 0.00630267 -0.00577201 0.000655819 0.00128067 -0.0155837 -0.000112802 -0.00635678 0.000139657 -0.00996285 -0.00842473 -0.00790451 -0.00171103 -0.00936126 -0.00797917 -0.0107562 -0.00364843 0.00120468 -0.00723141 -0.00334739 -0.00539374 -0.0089968 0.0236005 0.00354015 -0.00911716 -0.00779901 -0.0149454 -0.0111441 -0.00459878 -0.00386387 -0.00953782 0.00118412 -0.0207217 0.00430285 -0.00990354 -0.00676607 0.00575962 -0.00317998 0.0114104 -0.0201002 -0.0274079 -0.000964721 -0.00587691 -0.0201199 -0.00262853 -0.0152765 -0.00235833 0.00396767 -0.012551 -0.0144448 -0.0212219 0.000828363 0.00778901 -0.0188813 -0.00539505 0.0147917 -0.00135826 -0.00822257 
0.00230854 -0.000978621 -0.00255572 -0.00228156 0.00323148 0.00635669 -0.00365088 0.000687244 -0.00700626 -0.00216882 -0.00305436 -0.00842021 -0.0004416 -0.00642306 -0.00645805 -0.00517829 0.00142024 -0.00526559 -0.0122768 0.0187675 -0.00160752 0.00894593 0.139308 0.00845818 0.010223 0.00790553 0.00752403 -0.0087933 -0.00732153 -0.00251988 0.000152055 0.00383876 -0.00648183 0.00174486 -0.00429152 0.00276298 -0.0100805 -0.00574726 0.00167826 -0.00206314 0.00420587 -0.00243232 0.000455497 0.000790831 -0.00180252 -0.00777729 0.00217302 -0.0035494 0.00524667 -0.00158821 -5.94891e-05 3.92358e-05 -0.0030685 -0.00283127 0.00279327 0.00155614 -0.00100453 -0.00118963 -0.00473751 -0.00118948 -0.00209961 0.00135881 -0.00369431 -0.00451719 -0.00904884 -0.00088783 -0.00747532 -0.00496696 -0.00377139 -0.00962014 -0.002092 -0.00237854 -0.00390793 0.00390835 -0.011188 -0.00161829 0.00191267 -0.00262295 0.0120107 -0.00250221 0.000132293 -0.00846847 -0.00582144 -0.00239535 -0.0074547 0.000527694 0.00254698 0.00219122 -0.00541268 -0.0026918 -0.0063992 -0.0049483 -0.00678597 0.0071266 0.00466307 0.00475065 -0.00499425 -0.00622115 -0.000108453 -0.00331348 
-0.00594083 -0.0079279 -0.00531157 -0.00158929 0.00680913 -0.00175994 -0.00330499 -0.00736176 -0.0033608 0.00036003 -0.00695471 -0.00667477 0.00130041 0.0027829 -0.0066726 -0.00408604 0.000496823 0.0108121 -0.00837579 0.0284213 0.0172706 0.0240408 0.00845818 0.151705 0.000761915 0.00884046 0.0110552 -0.0100011 -0.00463539 -0.00502611 -0.00352675 0.00985367 -0.00299369 -0.0078176 -0.00498387 -0.00235522 -0.00267643 0.00203966 0.0040469 -0.00535148 -0.00347392 -0.000594038 -0.000794088 -0.0012308 -0.00103712 -0.00568379 -0.00214594 -0.00490704 0.00358272 -0.00274265 -0.00244179 -0.000562676 -0.0013136 -0.00297407 0.00532209 -0.00636752 -0.00369339 -0.00342432 -0.00158319 -0.00812803 0.0032362 -0.00250475 -0.00160889 -0.00525496 0.00417427 -0.00625538 -0.00279899 -0.000653924 -0.00495463 -0.00810874 0.00307064 -0.00241126 0.00313218 -0.0134334 0.00547659 -0.00192163 3.72395e-05 -0.00805884 -0.00131231 -0.0108764 0.000861454 -0.00509105 -0.0148604 -0.0022316 -0.00155581 -0.00584834 0.00647749 -0.00272487 -0.0118458 0.0020919 -0.00104888 -0.00294216 -0.0102416 -0.0047154 -0.0111274 -0.00279186 -0.00470271 -0.00446182 0.000649366 0.000963232 
-0.00286503 -0.00350759 0.00027283 -0.00568343 -0.00360849 -0.00347961 -0.00429694 -0.00395975 0.000416821 0.00223567 -0.00304178 -0.000276448 -0.000196936 -0.00352102 0.0026179 -0.00131288 -0.000565821 0.00379136 -0.000198692 0.00285119 -0.0014164 0.00250283 0.010223 0.000761915 0.0959476 0.0052192 0.00205535 0.00565026 0.00275156 0.00196633 -0.00808695 0.0029074 0.00148277 -0.00111374 -0.00621876 -0.00174164 0.000409405 -0.00349241 -0.00309019 0.000597899 0.00571595 -0.00260841 -0.000500048 0.00157382 -0.000901003 0.00412929 -0.00102251 -0.000223544 -0.00105413 -0.00195563 -0.000846472 -0.00160792 -0.0022857 0.00271399 -0.000112805 -0.00110696 -0.00451894 0.00134494 -0.00187941 -0.0050792 0.00383003 -0.00268281 -0.00219972 0.000922321 -0.00115424 -0.00451188 -0.00283299 -0.00127033 -0.000467195 -0.00625244 0.00025336 0.00178808 -0.000958579 0.00131129 -0.00737227 -0.00168616 -0.00563337 -0.00360474 -0.000914527 -0.00251564 -0.0034884 -0.00485154 0.00314328 -0.00313394 -0.000934692 -0.0063065 -0.00214859 0.00137637 -0.00128926 -0.00229927 -0.00319571 -0.00450877 -0.00610675 -0.000381362 -0.00660184 0.00022876 0.00464133 9.81966e-05 -0.00030567 -0.000745858 
-0.00800367 -0.00214158 -0.00224984 -0.0096961 -0.0089634 -0.00478874 -0.000941022 0.0109276 -0.00326433 -0.00606906 -0.00400959 -0.0120136 -0.00355386 -0.00611486 -0.00999085 0.000238796 -0.00253065 0.0063666 -0.015147 -0.00428295 0.00930957 0.00137081 0.00790553 0.00884046 0.0052192 0.15457 0.00789359 0.00181213 -0.00177505 -0.000907882 0.00632434 0.00737456 -0.00251926 -0.00589809 0.00250866 -0.000114066 0.00167837 -0.000214053 0.00416522 -0.0049382 0.00298657 -0.00205966 0.00956443 0.00401386 -0.00722306 0.0010698 -0.0020639 0.00955175 0.0018138 -0.00479921 -0.00404226 -0.00257436 0.00270066 -0.0103842 -0.000962132 0.00683757 -0.00400017 -0.0044517 -0.0010433 0.00146869 -0.004643 -0.00369919 0.00313046 -0.00315863 0.00477119 -0.000487492 -0.00219667 -0.0039701 -0.00389379 -0.00496827 -0.0039201 -0.00377604 0.00875443 -0.00699557 0.00346017 -0.0073512 -0.00943182 -0.00307157 0.000948062 -0.0125608 -0.00674833 -0.00213761 -0.00603996 -0.00961646 0.0157975 -0.0052231 -0.00326926 0.00515406 -0.0105017 -0.00264731 -0.00563372 -0.00422398 -0.00929769 0.00381252 -0.00191427 -0.00315319 -0.00113344 -0.00558249 -0.00403791 -0.00332417 
-0.00538569 -0.0010798 -0.00403346 -0.00721692 -0.00466274 -0.00234843 -0.00737145 -0.00118373 -0.000201714 -0.00651146 -0.00806055 -0.0100133 0.000793193 0.012272 0.00464338 -0.00702218 0.00010764 0.0130574 -0.00356844 0.01436 0.00169385 0.00842117 0.00752403 0.0110552 0.00205535 0.00789359 0.162236 -0.0060852 -0.00169357 -0.00174134 0.00618151 0.0100577 -0.00876813 0.00539251 -0.00653806 0.000759055 -0.0105821 -0.000410269 0.000247936 -0.00124209 -0.00351659 -0.00547137 0.00144132 -0.00173407 0.0031642 0.00246943 0.00184761 -0.00944975 0.000912145 0.00197438 -0.000583279 -0.00276111 -0.00991124 -0.00925445 0.00618829 -0.00538577 -0.0112326 -0.00394852 -0.00249077 -0.00628748 0.00224351 -0.00507204 0.00206167 0.000123099 -0.000584916 0.0156314 -0.00822002 -0.000272861 -0.00259552 -0.0109313 -0.00140398 -0.00630219 0.000597368 0.00375118 -0.00849963 0.00358017 -0.00917069 -0.0119467 0.00417836 -0.00980324 0.00501564 -0.000864884 -0.0107022 -0.00398105 -0.00445911 -0.00202944 -0.00177245 -0.0169254 -0.00308648 0.00797103 -0.0013102 -0.00166547 -0.000788794 -0.00762842 0.00360039 -0.00178854 -0.00460813 -0.0147649 -0.00361935 -0.00295659 
-0.00226542 0.00353457 -0.00182032 -0.0099003 -0.00500932 -0.0083117 0.000115521 0.00435921 0.00776349 -0.00084448 0.00150711 0.00584687 0.00169851 -0.0132773 0.00742902 0.00165942 0.00550666 -0.00705932 -0.00388939 -0.0124995 -0.00561689 -0.0134756 -0.0087933 -0.0100011 0.00565026 0.00181213 -0.0060852 0.128478 0.00296052 0.00763809 -0.00023813 -0.000965028 0.00452932 -0.00879956 -0.00950219 -0.00371148 -0.00398495 -0.00157825 -0.0028484 -0.00231534 0.00949729 -0.00565979 -0.000274825 -0.00587436 -0.00422209 0.0146411 -0.0019897 -0.00276732 -0.00336849 0.00115772 0.00154842 -0.000889141 0.00205625 -0.000194691 -0.00552539 0.00325893 -0.00111679 -0.00043903 0.00395886 -0.0019427 -0.00249122 -0.00102471 -0.00429531 0.00405882 0.0025641 -0.00529942 -0.00617341 -0.00200486 0.00891215 -0.00760205 -0.00180984 -0.00154589 0.00201204 0.00117505 -0.00584356 -0.00283291 -0.0104475 -0.00583516 -0.00257921 0.0084527 -0.0070269 -0.00843642 0.00107817 -0.00333917 -0.00665707 -0.00045347 0.00421004 -0.00922552 -0.00468787 -0.00381673 0.0100645 0.00061194 -0.00116699 -0.00311152 -0.00286506 0.00199739 0.00799343 0.00859817 -0.00211057 0.0014036 
0.00287799 0.0035641 -0.00761488 -0.00884982 -0.00869271 0.00084445 0.00397292 0.00395089 -0.00185125 -0.00820648 0.00078115 0.00240735 -0.00434393 0.000103178 -0.00769892 -0.00339037 -0.00629566 0.0217707 0.014523 -0.00119881 -0.00060059 0.0156771 -0.00732153 -0.00463539 0.00275156 -0.00177505 -0.00169357 0.00296052 0.144527 0.00433087 0.00413726 0.000209392 0.00270309 -0.003691 -0.00350616 -0.000327436 -0.00228907 -0.00214966 -0.00780621 -0.00555795 0.00589289 -0.00360059 -0.00355633 -0.000219613 -0.00311327 -0.00835348 0.000242673 -0.00895969 -0.00290455 -0.00326429 0.000863692 -0.00559178 -0.0064369 0.000329473 -0.00529752 0.00175261 0.0107833 -0.0054482 0.00332767 0.0023581 -0.00363333 -0.00199225 -0.00437328 -0.00223087 0.00855901 0.0140852 -0.0036788 -0.000951651 -0.00196501 -0.0055109 -0.00332314 -0.00833875 -0.00931253 -0.000948742 -0.00555208 -0.00141197 -0.0109892 -0.00999874 -0.00149065 -0.00129685 -0.0108916 -0.0093232 -0.00314561 -0.00438343 0.000787242 -0.0039328 0.00494846 -0.00351463 -0.00210355 -0.00252721 0.00273536 -0.00848246 0.00260692 -0.0050903 -0.00172308 -0.000251683 0.00171223 0.00394648 -0.00951444 0.00110175 
0.000742776 0.00668508 0.00239035 -0.00364656 -0.000198328 0.00108941 0.00454163 0.000882206 -0.000461459 -0.00208594 -0.000983369 0.00423805 0.00226382 -0.00612758 -0.00782373 -0.00205668 0.00248878 -7.70026e-05 0.00625862 -0.00229207 -0.00916796 -0.00792075 -0.00251988 -0.00502611 0.00196633 -0.000907882 -0.00174134 0.00763809 0.00433087 0.0906935 -0.00618386 -0.00134732 0.00488974 0.000971049 0.00520138 -0.00211392 -0.000675084 -0.0017309 -0.00451271 -0.00108452 0.0075872 -0.0016757 -0.0017574 -0.00159953 -0.00508936 0.00147322 -0.0017259 -0.0033831 -0.00491555 0.00171651 0.00133487 -0.000236352 -0.00391484 -0.00503515 -0.00241079 -0.000494681 -0.000636956 -0.000189931 -0.00165064 -0.00215588 0.00197474 -0.0024854 0.0012585 -0.0011009 0.00109505 0.00979377 0.00662693 0.000187698 0.000190058 -0.000942538 -0.00108082 -0.0035636 -0.000700039 -0.00271533 -0.000900065 -0.000393614 -0.00350682 -0.00570597 -0.0017536 0.00267479 -0.00216329 -0.00300296 0.000715867 -0.001046 -0.00676122 -0.0030479 -0.00667156 -0.00605255 0.00269889 0.00213094 -0.00664753 -0.00200549 -0.0023734 -0.00831487 -0.0036371 0.00092435 -0.000288208 -0.00454941 -0.00293592 0.00224774 
0.0113549 -0.00177849 -0.0015005 -0.00385446 -0.00827041 0.0117315 -0.0170092 0.0114976 -0.00910189 -0.00474488 0.000335482 -0.00954861 -0.0022037 -0.018776 0.00432556 0.000594829 -0.0066565 0.02201 -0.0268965 -0.00980469 0.00715961 0.0115444 0.000152055 -0.00352675 -0.00808695 0.00632434 0.00618151 -0.00023813 0.00413726 -0.00618386 0.196511 0.00759985 0.00251521 0.00728327 0.00403827 0.00750706 -0.00358914 -0.000822379 -0.00593403 -0.00936273 -0.00970013 -0.00170653 0.00322621 -0.00587267 -0.0115433 -0.00584662 -0.000640533 0.00545973 -0.00637096 -0.00438719 0.00230569 -0.0010312 0.00298522 -0.00778572 -0.000816025 -0.00105939 0.0108586 -0.00978704 -0.00154279 0.00834726 -0.00373841 -0.00485548 0.00510524 -0.00379835 0.00816751 -0.00222951 -0.00309844 -0.00217122 0.00650887 -0.0107804 -0.00128921 -0.00948083 -0.00152045 0.00467472 -0.0132858 -0.00389148 -0.00142287 0.00665892 -0.000432231 -0.0111441 -0.00513097 -0.01618 -0.020297 -0.00513515 0.00702392 -0.00638996 -0.000441223 -0.00501123 -0.00307303 0.00293337 -0.0125327 -0.00683855 -0.00910772 -0.00963049 0.0125184 -0.00779357 0.00074165 0.00163745 -0.00686779 0.00159142 
-0.0032276 -0.0105588 -0.00153331 0.00145272 -0.0101586 -0.00337477 -0.00481429 0.00746114 -0.00865688 0.00228561 -0.00225231 -0.00512407 -0.00588058 -0.0132115 -0.0188208 -0.00291142 -0.00358437 0.0135638 -0.00440895 0.000104133 0.0124657 0.0203282 0.00383876 0.00985367 0.0029074 0.00737456 0.0100577 -0.000965028 0.000209392 -0.00134732 0.00759985 0.115611 0.00354287 0.0026555 0.00305958 0.0026303 -0.00209569 0.00416599 0.00264117 -0.00272604 0.00839526 -0.00124793 -0.0032624 -0.00414247 -0.00542738 -0.00882429 -0.000905939 -0.0103775 0.00529963 -0.00226378 -0.00171177 -0.00147993 -0.0040911 -0.00487652 -0.000493665 -0.000939867 -0.00433271 -0.00277733 -0.00187126 0.00505956 -0.00280142 -0.00335722 -0.00397458 -0.0017741 0.0116394 0.00114918 -0.00125816 -0.000117188 -0.00188023 0.00197579 -0.00103104 0.00205897 0.0041211 -0.00803666 -0.0094843 -0.00557604 -0.0029905 -0.00423093 0.000607926 -0.00141053 0.00466599 -0.0116082 0.0080946 0.00254496 -0.00631632 -0.0096851 -0.00128974 -0.00592059 -0.0063812 -2.20213e-05 -0.00584272 -0.00918433 -0.00600516 -0.00267624 -0.00439102 -0.00849855 0.000480961 0.00344505 -0.000936989 -0.00198804 
-0.00106678 -0.00330488 -0.00255299 -0.00448789 -0.00406498 -0.000156729 0.00296064 -0.00253578 0.00297952 0.00336026 0.000631976 0.00339392 -0.0046354 -0.00808765 -0.00518818 0.0024684 -0.00591141 -0.00209591 0.00385548 -0.000566832 0.000579477 -0.0117759 -0.00648183 -0.00299369 0.00148277 -0.00251926 -0.00876813 0.00452932 0.00270309 0.00488974 0.00251521 0.00354287 0.0985991 -0.0039469 -0.00110949 0.00113986 0.00763721 5.25987e-05 -0.00336817 -0.00163387 0.000470637 -0.00170329 -0.00431098 -0.00234085 -0.00486647 -0.00481407 0.000729167 0.0018645 -0.00308727 -0.00136998 0.000134652 0.00132173 0.000132361 0.000508851 0.00203921 0.00338566 0.00750827 -0.00280015 0.00135549 0.00707749 -0.00429514 -7.13806e-06 0.00135401 -0.00117217 -0.00197665 -0.00383965 0.00363912 0.000932243 -0.000732442 0.00284699 0.00109375 0.00411259 0.0034575 -0.00949983 -0.0105295 -0.00398244 0.00135689 -0.00354441 0.000975415 -0.000741568 0.001312 -0.00120173 0.00172113 -0.0024687 -0.00745033 -0.00402077 -0.00360892 -0.00289697 -0.000847861 0.000795382 -0.00388471 0.000553084 0.0017708 -0.00411092 -0.00898275 -0.00229562 -0.0015199 0.00117946 -0.00434736 -0.00044654 
0.0015972 0.001352 -0.00381512 0.00510758 0.000625363 0.00291179 -0.0040906 -0.00167363 -0.00814389 0.00101379 0.00370101 -2.65402e-05 0.00529661 -0.00628922 -0.00237295 -0.000914009 -0.00134276 7.97803e-05 -0.00715436 0.00345458 -0.00591941 0.0033617 0.00174486 -0.0078176 -0.00111374 -0.00589809 0.00539251 -0.00879956 -0.003691 0.000971049 0.00728327 0.0026555 -0.0039469 0.108452 -0.00278586 -0.00108745 -0.0066626 -0.000644705 0.00267969 0.00175502 -0.00449594 -0.00173058 -0.00257677 -0.00391537 0.000386074 -0.00343326 0.0012596 -0.00561495 -0.00342726 -0.00154663 -0.00207989 0.000679356 -0.00180473 -0.00415538 -0.000597802 -0.00525158 -0.00155839 -0.0028772 -0.00217779 -0.00452613 -0.000492904 -0.00164912 0.00168161 -0.00156782 -0.00236633 0.00282957 -0.00116375 -0.000553683 -0.000239791 -0.00589029 -0.000260656 -0.00470824 -0.00402346 -0.00213376 -0.0106861 0.000201596 -0.00156512 -0.00462904 0.00985606 -0.00185352 0.0030225 0.00416802 0.0110052 0.00108745 -0.00416505 0.00388716 -0.00600135 -0.00731807 0.0103422 -0.00378462 -0.00479724 -0.00491668 -0.00177748 -0.00379893 0.00148977 0.00699041 -0.000443101 -0.000255935 -0.000690972 -0.000629659 
