0.166138 0.000726117 0.00699717 -0.00133783 0.00118259 -0.0123204 -0.00515246 0.005531 -0.00826308 -0.00234508 -0.000869445 0.0146017 -0.00288614 -0.0236709 0.000515089 -0.0124974 0.00282211 0.00221835 7.41251e-05 0.00149331 -6.35914e-05 -0.000394562 -0.00262814 -0.00275143 -0.00368128 0.00544802 -0.00573035 -0.00110172 0.00265632 -0.0154596 0.000309222 0.00112827 -0.00858843 0.0134284 -0.00588297 0.00209119 0.00185722 0.000808091 -0.00860706 -0.00197607 -2.90279e-05 0.00874432 -0.00316131 -0.00447069 -0.00324259 0.00161287 0.00035393 -0.00057582 -0.00433083 0.00164347 -0.00640211 -0.00981541 -0.00453228 -0.00227402 -0.000253727 0.00544129 0.00124708 0.00725628 -0.0055951 -0.00381193 0.0132873 -0.00936207 -0.00522767 -0.00691933 -0.000477429 -0.0150505 -0.00643403 0.00150013 -0.0126795 -0.0135956 -0.0124397 -0.000952242 -0.00667112 0.00486129 -0.000771377 0.00707532 -0.0114771 -0.00371277 0.0020942 -0.00239286 0.00875342 0.00461221 -0.000286962 -0.00323955 -0.00758013 0.00115903 0.00386786 -0.00088872 -0.00290753 0.00488696 -0.000299185 -0.00391359 -0.0181697 0.00160801 -0.00849331 0.00609586 0.0103469 -0.0100373 0.00639272 0.00581533 
0.000726117 0.0950667 0.00718447 0.000961631 0.00136321 -0.00162738 0.00186574 -0.00260201 -0.00330532 0.000898452 -0.002992 -0.00471807 0.0012302 -0.00676457 -0.0051075 -0.00307316 -0.00443999 -0.00217989 0.00317499 -0.006541 -0.00158161 0.00158348 0.000859832 -0.00151399 -0.00273691 -0.000663675 0.00221642 -0.00408853 0.000464684 -0.00355487 0.00232921 -0.00118544 -0.00210683 0.00240494 -0.00462133 -0.00326622 -0.00138394 -0.00317651 -0.000360648 0.000312165 -0.00320129 0.000495233 -0.0019206 1.9326e-05 -0.00228126 -0.00454507 -0.00354985 0.00116006 0.00168732 -0.0021837 -1.35558e-05 0.00124442 -0.00235545 0.000676027 -0.000436268 -0.00182601 -0.00216986 0.0049447 0.000596122 -0.00377652 -0.0119137 -0.00270535 -0.00169993 -0.00250013 -0.0058407 0.00703847 0.000628814 0.00501004 0.00181911 -0.00433137 -0.0030426 -0.00134313 -0.00305982 -0.00749541 -0.00232388 0.00930618 -0.00614263 0.00272234 -0.0021147 0.00117823 0.00871905 -0.00377355 -0.00179186 -0.00339247 -0.00353267 -0.00179352 0.000106096 -0.00144742 0.0104295 -0.00250539 0.000908881 0.00187202 -0.000396255 0.00509504 -0.00085975 -0.00249411 -0.00208078 -0.00215925 -0.00252321 -0.00318493 
0.00699717 0.00718447 0.187249 0.00218669 -0.000111031 0.0049555 0.00342268 0.00723847 -0.0100002 0.000868801 0.00776985 0.0200035 0.00494919 -0.00763588 -0.00225363 -0.00709122 -0.00236097 0.00456611 -0.00286592 -0.0093961 -0.00222364 -0.00276178 0.00944621 0.00515404 -0.015266 0.00414591 -0.00190584 -0.00736506 0.000713434 -0.0148529 -0.0160618 -0.00118511 -0.00168932 -0.00372046 0.00148799 0.00212916 0.00141266 0.00757459 0.00915683 -0.0123983 -0.00149112 -0.00121418 -0.000125075 0.00342758 -0.00649204 0.00296311 -0.00484827 -0.0136461 -0.00658442 -0.00105641 -0.00493873 0.00432006 -0.0038561 -0.00310835 -0.00205885 -0.0105982 -0.00129127 -0.0013773 -0.0150403 -0.00927288 -0.000896395 -0.0073604 -0.00670907 0.020859 -0.00928413 0.000405279 -0.00499241 -1.67473e-06 -0.0105499 -0.00636514 -0.0143095 -0.00283856 0.0060156 -0.013641 -0.00290345 0.000744547 -0.021717 0.00889283 -0.00765289 -0.00242244 0.0166757 -0.00597209 -0.00286124 -0.00133329 -0.00448917 0.00571596 -0.000949078 0.00599534 -0.00944946 -0.00254671 -0.00701997 0.00559953 -0.0173752 0.00315114 -0.00473182 -0.0123829 0.00589769 -0.00678909 0.00764536 -0.00123194 
-0.00133783 0.000961631 0.00218669 0.0483283 5.67944e-05 -0.00245295 0.0011862 -0.00166177 -0.0037466 -0.00305431 -0.00278039 -0.00649648 -0.00170351 -0.00305836 -0.0021414 0.000938861 -0.0048026 -0.00357408 -0.00195494 -0.00396002 0.000659934 0.000666899 -0.00122038 0.000990071 0.00382999 0.000641585 -0.00153887 -0.0015342 0.00135118 -0.00873173 -0.00290415 -0.00186164 -0.00120652 -0.00154617 0.00103401 -0.00172998 -0.000386205 -0.000373221 0.000835198 -0.00125114 -0.000132439 -0.00232831 0.00150071 0.00244416 0.00212661 0.0033254 0.00256253 0.00097057 -0.000302009 -4.56211e-05 0.00319594 0.00136458 0.000278362 0.00149109 -0.00126975 -0.000497134 3.76294e-05 -0.00144916 0.0038843 -0.0017843 -0.00597012 0.00214147 -0.00135349 -0.00119894 -0.000474275 0.00122129 0.00117977 0.00598395 -0.00191446 -0.00416843 -0.00415353 0.00241475 -0.000152046 -0.000256691 0.00067721 0.00224985 -0.000116725 0.000289418 -0.00023841 0.000615467 0.00188585 -0.000719186 -0.00129276 -0.00115614 -0.000557217 -0.000427422 0.000284801 -0.000642569 -0.00057882 -0.00165961 0.000427455 -0.000303668 -9.53215e-05 0.00436703 6.06639e-05 -0.00256212 -0.00119008 -0.000712767 -0.00105954 -0.00287564 
0.00118259 0.00136321 -0.000111031 5.67944e-05 0.0609703 -0.00363305 0.00052917 0.00692069 0.000245798 0.000589657 -0.00372162 -0.00578966 -0.00210253 -0.00715246 -0.00403682 0.00122615 -0.00194359 -2.62933e-05 -0.00070864 -0.00097116 0.00144652 0.00211649 -0.00182964 0.00186885 -0.000100368 -0.00285139 -0.00150068 0.00226336 0.000950041 -0.00406781 -0.00296596 0.0019408 0.00160483 -0.00500339 -0.00176265 0.000751139 0.00236985 0.000225021 -0.00216764 0.00220227 0.00365508 0.00420945 0.0024297 0.000926571 -0.0022844 0.00055077 0.00340021 -0.00317746 -0.0037851 -0.000877791 -0.0015151 0.00186925 -0.00188955 0.000720622 -0.0061046 -0.00111311 0.000231897 -0.00213782 -0.000509135 -0.00583381 -0.000986102 0.00173387 -0.00268458 -0.00576659 -0.00425713 -0.00638899 -0.000164224 -0.00164243 -0.00245467 -0.00427921 -0.00240918 0.00404978 -0.000768572 0.000332545 -0.00314936 -0.00221608 0.00179738 0.00289837 -0.000228671 0.00122051 0.00213274 -0.00663469 0.00124554 -0.00274931 -0.00479188 0.00165735 0.00183975 0.00217745 -0.000966654 0.00340748 -0.0009456 0.000613086 0.000679313 0.00109868 -0.00125366 7.60103e-05 0.00490971 0.000474543 -0.00254587 -0.00220348 
-0.0123204 -0.00162738 0.0049555 -0.00245295 -0.00363305 0.142064 0.00210573 -0.000823421 0.0044011 0.00771832 0.0016628 0.0177028 0.00199819 0.00340895 -0.00094967 0.00446294 -0.00354532 -0.00151872 0.00736443 -0.00573792 -0.00297174 -0.00462939 0.00352062 -9.50707e-05 -0.0035662 0.00334601 -0.000401629 -0.0006601 -0.00294572 0.0133582 -0.00557006 0.00224179 0.000794587 0.00226567 -0.000166802 -0.00301633 -0.00645517 0.000875371 0.000646778 -0.000499037 -0.0013419 -0.0052039 -0.00367736 -0.00221921 -0.00128477 -0.00511755 -0.00578781 -0.00637189 -0.00190295 -0.00418066 -0.00890351 -0.00615292 0.00205267 -0.00107349 -0.00725786 -0.00311217 0.000204585 0.00397276 -0.00470725 0.000890448 0.00684273 -0.00557381 -0.000427966 0.00890991 -0.00550801 -0.00205137 0.00120832 -0.00732031 -0.00246103 -0.000573472 0.00118688 -0.00426729 0.000206051 -0.00813044 -0.00573554 -0.00701835 -0.00188867 -0.00282838 -0.00305071 0.00242967 -0.00722838 -0.00561743 -0.00130225 0.00387292 0.004781 -0.00508529 -0.0121699 0.00801168 -0.00134705 -0.0119781 -0.00146793 -0.00603152 -0.00340168 -0.0007594 0.00564099 -0.00716337 0.00141084 -0.00316336 -0.0145009 -0.00658258 
-0.00515246 0.00186574 0.00342268 0.0011862 0.00052917 0.00210573 0.114345 0.00767241 0.00118898 -0.001206 0.0034653 0.0136607 0.00767562 -0.00112145 0.000529753 -0.00499792 -0.0063192 -0.00127943 0.00467811 0.00957214 -0.000467346 0.0081021 -0.00566855 -0.00069059 -0.00547781 0.00165078 -0.00173902 -0.00358417 0.00515247 -0.00312643 -0.00586182 -0.00321567 0.00151038 -0.00827093 -0.00252759 -0.00303029 -0.00299205 -0.00359479 -0.00390555 -0.00147486 0.00268485 -0.00537055 -0.00116617 7.82554e-05 0.000298591 -0.00116122 -0.00501573 -0.00262004 -0.00227027 -0.00372335 -0.0104958 0.00497339 -0.000266935 0.0020852 0.000850481 0.00278749 0.00126883 -0.00219946 -0.00515936 -0.00735583 -0.00796143 -0.00273364 -0.00451844 -0.00640298 -0.00735277 -0.0034128 -0.000187522 0.00281956 -0.00425398 0.0036306 -0.00531413 0.000402006 -0.00583483 -0.00299058 -0.00454223 0.00276383 -0.00252655 -0.00208793 0.00141313 -0.00311741 -0.00228951 0.000517098 -0.00224153 -0.000248278 0.000622943 0.00452768 -0.00778973 0.00168474 0.0105746 0.00149737 -0.00366921 0.000188925 -0.00365861 -0.00422452 0.00398886 -0.00754058 -0.00374035 -0.00673185 -0.00366743 -0.00642428 
0.005531 -0.00260201 0.00723847 -0.00166177 0.00692069 -0.000823421 0.00767241 0.141127 0.00259543 0.0016147 -0.000808442 0.0128824 0.0113319 -0.00762362 -0.00236761 3.36853e-05 -0.00525031 0.00265904 0.00358466 0.00310221 -9.84926e-05 -0.000483199 -0.00445995 -0.00118202 -0.0100406 -0.00561205 -0.000600438 0.000812245 0.00399363 -0.0039325 -0.00577123 0.00282558 -0.000666964 -0.0044971 -0.00263338 -0.00331644 -0.00302054 -0.00445013 -0.00824087 -0.0079378 -0.00110819 -0.00183364 -0.00620528 -0.00234918 -0.00403889 -0.00478206 -0.00650477 -0.00938098 -0.00515789 -0.00460019 -0.00709235 -0.00473279 -0.0047138 0.000637331 -0.0057407 0.00134003 0.00280147 -0.00986452 -0.0074923 -0.00713115 -0.00360326 -0.00303275 -0.00254495 -0.00212819 -0.0063231 -0.00652774 -0.000384942 -0.00318893 -0.00233703 -0.00612322 -0.00819739 -0.0035472 0.00152628 0.00708813 -0.00229468 0.00117691 -0.00451626 0.00218598 -0.00200201 -0.00240668 -0.00557029 0.00843773 0.00368018 -0.000476734 -0.00723807 0.0100014 -0.00131023 -0.000191209 -0.00256932 0.00547798 -0.00312218 0.0108 -0.00982873 -0.00486489 -0.00156842 -0.00403564 0.00472496 0.00453681 0.00697888 -0.00457517 
-0.00826308 -0.00330532 -0.0100002 -0.0037466 0.000245798 0.0044011 0.00118898 0.00259543 0.155403 -0.000138325 0.00693512 -0.00592521 -0.00365305 0.0275123 -0.00177062 -0.00107642 0.00167622 0.00225067 -0.00231962 0.00607131 -0.000491441 0.00141867 -0.00820632 0.000431066 0.00971415 -0.0109257 -0.00310898 -0.0074417 -0.0038235 0.00243209 -0.00382259 -0.00366669 0.00166297 -0.00867537 0.00583812 -0.00104099 0.00222448 -0.0023655 0.00333781 0.000299549 -0.0072349 -0.0095399 -0.00432563 0.00179258 -0.00261284 -0.00687088 0.00340216 -0.00773041 -0.0111909 0.000524035 -0.0030958 0.000147096 -0.00300851 -0.00299787 -0.0111203 0.00143224 0.00143832 0.00316977 0.00117781 -0.00838668 -0.00261685 0.00318352 -0.00471259 -0.00670882 -0.00126761 -0.0112187 -0.00207172 -0.0129434 0.00282819 0.00634328 -3.36729e-05 -0.00588035 -0.00188568 0.00129291 -0.000864796 -0.00590795 0.00376404 -0.00627186 0.000871999 0.000732839 -0.0125238 -0.0165024 0.00610764 0.00563776 0.00151369 0.00120933 0.000502018 0.0015039 -0.00997926 -0.0121053 -0.00190381 -0.00450884 0.0144313 -0.00366246 -0.0062274 -0.00268214 0.00927595 -0.0089333 0.00703757 -0.00166385 
-0.00234508 0.000898452 0.000868801 -0.00305431 0.000589657 0.00771832 -0.001206 0.0016147 -0.000138325 0.111889 -0.00182721 0.00998105 0.0132028 0.00349011 -0.00997542 -0.000958187 -0.000159803 -0.00281548 -0.00159877 -0.00969676 -0.00345799 0.00045851 0.00303625 -0.000960603 -0.00803463 -0.00376639 0.000616849 0.00134223 0.000366825 0.00136611 -0.00222826 -0.00448445 -0.00168887 -0.00592358 -0.00332779 -0.00403677 -0.00482386 -0.00187926 -0.00509387 -0.00355813 0.00109611 -0.00705134 -0.00233047 -0.00283966 -0.00471304 -0.00382265 -0.0083947 9.7101e-05 0.00317779 0.00345151 -0.00092997 0.00193918 -0.00203924 -0.0025318 -0.0048155 0.000760767 0.000173477 0.000801648 0.00820147 -0.00089799 0.00555079 -0.00403689 -0.00434762 -0.00461777 -0.000907671 -0.00575299 -0.00142621 -0.00669578 -0.00310598 0.00561275 0.0053163 0.0063987 -0.00857129 -0.0102044 -0.00312093 -0.00187313 -0.00630958 0.000631186 -0.00434609 -0.00414724 0.00802572 0.00816502 -0.000738695 0.00245833 0.00467767 -0.00192122 -0.00182648 -0.00347006 -0.00364786 -0.000994302 -0.00208516 -0.00348929 -0.00261585 -0.000340884 -0.000962932 -0.000136426 -0.0023839 0.00554151 -0.00463349 -0.00340076 
-0.000869445 -0.002992 0.00776985 -0.00278039 -0.00372162 0.0016628 0.0034653 -0.000808442 0.00693512 -0.00182721 0.114838 0.010524 0.00430833 0.00342522 -0.0038762 0.0016634 0.00192765 0.00518568 0.00233084 -0.00511812 -0.000654198 -0.0125256 -0.00319154 -0.00226889 -0.00839494 -0.00437315 -0.00196544 -0.00033164 -0.000161613 0.00819855 -0.00710514 -0.00157739 -0.00252106 -0.00215467 0.00477312 -0.00406734 -0.00571762 -0.00249094 -0.00324335 -0.000768514 -0.00285765 -0.00564198 -0.00388649 -0.00134775 -0.00719145 -0.00403442 -0.000200308 -0.00431379 -0.000604631 -0.00123128 -0.00326832 -0.000376388 0.00157198 0.00124061 0.000655617 0.000758402 -0.00198418 0.000213642 -0.00966573 -0.00592162 -0.00738558 -0.00277655 -0.00524823 0.0013327 0.00527416 -0.00758284 -0.00462318 -0.00906222 0.00230909 0.0141631 -0.000110848 -0.00386572 0.0115623 -0.00118428 -7.33064e-06 -0.0017365 -0.000575187 -0.00423222 -0.000166903 -0.000785622 -0.0059298 -0.00557897 0.00100234 -0.000299678 0.0034076 0.000998823 -0.00351783 -0.0013785 -0.00474969 -6.23096e-05 0.000130366 0.00272222 0.00277767 -0.00559758 -0.00172105 -0.0019517 -0.00635444 -0.00185139 1.60538e-05 -0.000776318 
0.0146017 -0.00471807 0.0200035 -0.00649648 -0.00578966 0.0177028 0.0136607 0.0128824 -0.00592521 0.00998105 0.010524 0.210056 0.0172014 -0.0124908 -0.000884378 -0.00265923 0.00333049 0.00970868 -0.00160833 0.00624172 -0.00502385 -0.00523716 0.00166756 0.000461488 -0.0057994 0.0115427 -0.00646163 -0.00195283 -0.00539939 0.00412351 -0.00881891 0.00937726 0.00346191 -0.0028556 -0.00450767 -0.00227331 -0.00635985 -0.00232278 -0.0150864 -0.01544 -0.00415995 -0.00745689 -0.000511536 -0.00354516 -0.0122631 -0.00300348 -0.00668175 -0.00771931 -8.58705e-05 -0.0060548 -0.0231688 -0.00111885 0.00144916 -0.00636959 0.00612983 0.017531 0.00294266 0.0104163 -0.0130345 -0.0110005 0.0118575 -0.0168598 -0.00954754 0.00612 -0.00615791 -0.00966724 -0.00698879 -0.0118219 -0.00839175 -0.00613373 -0.00209123 -0.0117373 -0.0122223 -0.00433057 -0.00829561 0.00475975 -0.0109101 0.00136781 -0.00546373 -0.00553041 -0.00143585 0.0132192 -0.000796764 0.0043983 -0.00644825 -0.00125397 -0.00786362 -0.00166365 -0.0090785 -0.00138373 0.00135204 0.0155326 -0.0239462 -0.007366 -0.0106133 -0.00754177 0.0039408 -0.0146123 0.00180678 -0.014914 
-0.00288614 0.0012302 0.00494919 -0.00170351 -0.00210253 0.00199819 0.00767562 0.0113319 -0.00365305 0.0132028 0.00430833 0.0172014 0.118699 -0.0100232 0.00214546 -0.00341084 -0.000728731 -0.00236125 -0.000283347 0.00283311 -0.00258705 -0.00628174 0.00264875 0.000471716 -0.00298287 0.0025317 -0.00642492 0.000607847 0.00126194 -0.00905061 -0.0010691 -0.00427884 -0.000297613 -0.00631395 0.000584039 0.00456588 -0.00580279 -0.00117049 -0.00831088 -0.0041515 -0.00310632 -0.0115398 -2.55689e-05 0.00293096 -0.00591876 -0.00442597 -0.0086134 0.00837617 0.0105627 -0.00371988 -0.00476881 0.000745912 -0.00264269 -0.000205829 0.0124632 -0.0036105 0.0020179 -0.000721304 -0.00252068 -0.0144381 -0.0100331 -0.0070186 -0.00488005 -0.00675649 -0.00133847 -0.00309764 -0.00100247 -0.0016733 -0.0071028 -0.00559661 -0.0106415 -0.00311042 -0.00338913 0.00504233 -0.000637157 -0.00125984 -0.00197753 0.00485438 -0.00422655 -0.00258495 0.00288488 0.00859895 -0.0022068 0.00645343 0.00122237 6.43465e-06 -0.00695539 -0.00441663 -0.00560007 0.00976035 -0.00151814 -0.00319885 -0.00519904 -0.00712224 0.00474693 -0.00718436 -0.00815905 -0.00404486 0.00719554 -0.00204492 
-0.0236709 -0.00676457 -0.00763588 -0.00305836 -0.00715246 0.00340895 -0.00112145 -0.00762362 0.0275123 0.00349011 0.00342522 -0.0124908 -0.0100232 0.195032 0.00193161 0.000721559 0.0038717 -0.000248241 -0.00433863 -0.015458 -0.00281527 -0.00234685 -0.00475423 -0.00248162 0.0041047 -0.00893275 0.00262843 -0.0044221 -0.00736138 0.0217935 -0.00467736 0.00838496 0.00467496 -0.0107989 0.0111231 -0.00492536 0.0109454 0.00297058 0.00214276 -0.00529214 -0.00359194 -0.00953206 -0.0024182 -0.000854169 0.00297346 -0.00345217 -0.00512772 -0.0059594 -0.00361049 -0.00250452 -0.00402078 0.000235346 0.00254787 -0.00177521 -0.0141799 -0.00716047 -0.00401662 -0.00301113 -0.00261439 0.0107004 -0.0078944 0.00131212 0.00589904 -0.020156 0.00253882 -0.00692528 0.0030282 -0.00658386 -0.00314347 0.0157719 0.0196325 -0.0049517 -0.00491059 -0.0101312 -0.00265832 -0.00895974 -0.000205936 -0.00887761 -0.00376251 -0.00100368 -0.00845609 -0.00765705 -0.00220825 0.00376493 0.00896707 0.00097788 -0.00898946 -0.00644497 -0.00518125 -0.0137242 -0.00686188 -0.0139 0.0143505 0.00337137 -0.00217841 0.00189653 -0.00428615 0.000382015 -0.0124581 0.00822099 
0.000515089 -0.0051075 -0.00225363 -0.0021414 -0.00403682 -0.00094967 0.000529753 -0.00236761 -0.00177062 -0.00997542 -0.0038762 -0.000884378 0.00214546 0.00193161 0.12972 -0.00458777 0.000860085 -0.00404753 -0.00255412 0.0139531 -0.00110147 0.00109462 0.00620701 -0.00109498 0.00418022 0.00302935 -0.000859944 -0.00204553 0.00137233 -0.010805 0.00127658 0.0104442 0.000423707 -0.00629413 0.00437831 -0.000899238 0.00359697 0.00230765 -0.00655468 -0.00691982 -0.00261996 -0.00217409 -0.00458714 -0.00315819 0.00404138 0.0103895 -0.00210747 -0.00370154 -0.00113687 -0.00478669 -0.0014565 0.000208901 -0.00147657 0.00130494 0.00708186 -0.00644977 0.00164248 0.00310083 -0.0065879 0.00612692 -0.00794128 0.000808301 0.00440534 0.000779215 -0.00443253 -0.00215286 0.000811516 1.62495e-05 -0.0082955 -0.00794015 -0.00651622 -0.00591731 -0.00266161 0.00294567 0.00293992 -0.00569753 -0.0056399 -0.00719831 0.00172784 0.00172627 -0.00819855 0.00186299 -0.00419398 -0.00417338 0.00866149 -0.00342577 -0.00319739 -0.00670139 -0.00801468 -0.00450454 0.000713658 -0.00620675 -0.00891301 0.00895336 0.00563119 -0.00671541 -0.00105773 -0.00762651 -0.00323399 -0.00191979 
-0.0124974 -0.00307316 -0.00709122 0.000938861 0.00122615 0.00446294 -0.00499792 3.36853e-05 -0.00107642 -0.000958187 0.0016634 -0.00265923 -0.00341084 0.000721559 -0.00458777 0.101155 -0.00642964 -0.000414751 0.000994078 -0.00628755 -0.00121664 -0.000441153 -0.000576945 -0.000943179 -0.00247582 -0.00335079 0.00033877 0.000834333 -0.00379098 -0.000615623 -0.00773303 7.77789e-05 -0.00085919 -0.000299918 0.00217591 0.00156255 -0.00271244 -0.000135067 0.00284931 0.000969662 -0.00209755 -0.00423783 -0.00304909 -0.00141776 -0.00313613 -0.00382779 0.00299999 -0.00426832 -0.00116648 -0.003621 -0.00198451 -0.00258726 0.00263366 0.000627955 -0.00140863 -0.00205266 -0.00149272 -0.00438974 -0.00282326 -0.0028324 0.0052626 0.00156856 -0.00130471 0.0017871 -0.00312782 0.00323481 -0.000871243 -0.00294015 0.00141491 0.00248351 0.00563711 -0.00446516 0.0056324 -0.00588632 -0.00480507 -0.00221425 -0.00368448 -0.00106256 0.00193545 -0.00180374 0.00186349 0.000327757 0.000690706 0.000120358 0.00142184 0.00353924 -0.00156408 0.00406507 -0.00251566 -0.00231615 0.00233644 -0.00490236 0.00164451 -0.00165519 -0.000898113 0.00279455 0.000570607 0.0106226 -0.00878633 -0.00538775 
0.00282211 -0.00443999 -0.00236097 -0.0048026 -0.00194359 -0.00354532 -0.0063192 -0.00525031 0.00167622 -0.000159803 0.00192765 0.00333049 -0.000728731 0.0038717 0.000860085 -0.00642964 0.130172 0.00351702 0.0129798 0.00910907 0.000984221 -0.000139267 -0.00164851 0.000148254 -0.00222464 0.00827236 0.00180578 -0.000636585 -0.00385069 -0.00223358 0.00264771 0.000292066 0.00469752 0.00252496 -0.0032758 0.00416452 -0.00470517 -0.000382586 -0.00509351 0.000238757 -0.00140811 -0.00178884 0.000859492 -0.00309393 -0.00861139 -0.00549303 -0.0114309 -0.000409404 -0.00111258 -0.00166006 -0.00682114 -0.00934094 0.00101919 -0.00441155 -0.00851425 0.000128406 0.000197326 0.008292 -0.00848226 -0.00112497 -6.41748e-05 -0.00204378 -0.00363399 0.00259177 0.003402 -0.00959229 -0.00112935 -0.0123126 -0.00487045 -0.000491187 6.33439e-05 -0.00363238 0.00604395 -0.00428767 -0.00714817 -0.0128424 -0.009205 0.00367018 0.000527159 0.000116166 -0.00609139 0.00901502 -0.00153477 0.00731423 -0.00668086 0.000651626 0.0076149 -0.00635874 -0.00223657 0.000823608 -0.000934416 0.00187146 0.00425195 -0.000159223 -0.00458692 -0.00833883 -0.00284239 -0.00529492 -0.0100136 0.00570403 
0.00221835 -0.00217989 0.00456611 -0.00357408 -2.62933e-05 -0.00151872 -0.00127943 0.00265904 0.00225067 -0.00281548 0.00518568 0.00970868 -0.00236125 -0.000248241 -0.00404753 -0.000414751 0.00351702 0.132197 0.00261481 0.0032041 0.00258857 -0.00341464 0.00500596 -0.000268402 0.00582491 0.00236669 0.00519688 -0.00292693 -0.00587268 0.00652366 -0.010877 -0.00661262 -0.00359806 -0.00457534 0.00101431 -0.00362974 0.00293183 0.0013648 -0.00665674 -0.00881904 -0.000535036 -0.00625367 -0.0037448 0.00273613 -0.0107478 -0.00322003 -0.0103725 -0.00528664 -0.00191367 0.000815656 -0.0122208 -0.000941417 0.00206829 -0.000209494 0.0010105 0.00277573 -0.00211618 -0.00236083 -0.0117594 -0.00722776 0.00382491 -0.00299872 0.00295592 -0.0084966 -0.00694919 -0.00591151 -0.00133693 -0.00409887 0.000459055 0.00287656 0.00402519 -0.00422883 0.00151097 -0.00265105 0.000333722 0.00259793 -0.00101426 0.00216742 0.00409116 -0.00314833 0.000208039 -0.00746399 0.000529702 -0.00231627 -0.00458243 -0.00198124 -0.004754 0.00505935 0.00680218 0.00209306 8.79326e-05 0.00512074 -0.00131461 -0.0046907 -0.0055378 -0.00661147 -0.00017392 -0.00566635 1.0204e-05 -0.0145455 
7.41251e-05 0.00317499 -0.00286592 -0.00195494 -0.00070864 0.00736443 0.00467811 0.00358466 -0.00231962 -0.00159877 0.00233084 -0.00160833 -0.000283347 -0.00433863 -0.00255412 0.000994078 0.0129798 0.00261481 0.110881 -0.00490708 -0.00125922 -0.00150222 -0.00310556 -0.00158931 -0.00686727 0.00267493 -0.000883568 0.0025225 -0.0014923 -0.00164593 0.00331771 -0.00522296 -0.00506313 0.00466112 -0.0040202 0.00190117 -0.00687241 -0.00556379 -0.00397571 0.000742106 -0.00357388 0.00834954 -0.00153636 -0.00072526 -0.0116349 -0.00246993 -0.00706722 -0.00353206 -0.000749489 -0.000106138 -0.00264856 -0.00659446 0.000195552 -0.000608824 0.000350558 -0.00128045 -0.00146225 -0.000241558 -0.00900714 -0.00389936 0.00312586 -0.00323025 -0.0037867 0.00197586 0.00111559 -0.00740829 -0.000835914 -0.00469045 -0.00133469 0.00125968 -0.00141297 0.00233229 0.00277344 -0.00342488 -0.00512804 -0.0030075 -0.000895645 0.00285446 -0.000576369 -0.00150938 -0.00761214 0.00107146 -0.000493107 0.00119191 -0.0046814 4.34959e-05 0.00169469 8.65197e-05 0.0111025 -0.006505 0.00239478 -0.00603551 -0.000307198 -0.00673745 0.000635461 -0.00209494 -0.00182295 -0.00438649 -0.00056098 0.000769439 
0.00149331 -0.006541 -0.0093961 -0.00396002 -0.00097116 -0.00573792 0.00957214 0.00310221 0.00607131 -0.00969676 -0.00511812 0.00624172 0.00283311 -0.015458 0.0139531 -0.00628755 0.00910907 0.0032041 -0.00490708 0.207689 0.00172925 0.00585186 0.00520565 0.00143233 0.00758547 0.00272794 -0.00481767 -0.00114967 -0.0012605 -0.000718917 0.00103778 0.00578772 -9.69261e-05 -0.0191645 -0.0140562 -0.0026525 0.00098128 0.00233913 -0.0124701 0.00225806 0.000767534 -0.00700446 -0.00230493 -0.00620811 -0.0125542 -0.00647929 -0.00109336 -0.00348491 -0.000738088 -0.0094593 -0.00599472 0.00419692 -0.00987675 -0.00321881 0.00295963 -0.000969643 0.00454574 -0.0213303 -0.0113495 -0.00935082 0.00549237 0.00219999 0.000379867 -0.0194871 -0.00137669 -0.0175668 -0.00424834 0.00839532 -0.0161567 -0.00559128 -0.0169871 -0.00763913 0.00326995 0.0165704 -0.00728236 0.00270997 -0.00901694 -0.00622698 -0.00483997 -0.00119201 -0.00589599 0.004814 -0.00264406 -0.00208106 0.00684497 -0.00543225 0.000368304 -0.00491459 -0.00537022 0.00441448 -0.000828829 0.00303209 -0.0119559 -0.00120144 0.0151185 -0.00403972 0.00626817 -0.011455 0.0154073 0.00134772 
-6.35914e-05 -0.00158161 -0.00222364 0.000659934 0.00144652 -0.00297174 -0.000467346 -9.84926e-05 -0.000491441 -0.00345799 -0.000654198 -0.00502385 -0.00258705 -0.00281527 -0.00110147 -0.00121664 0.000984221 0.00258857 -0.00125922 0.00172925 0.0476353 0.00120783 0.00220247 0.00258547 0.000661067 0.00198123 0.00108605 0.000408772 -0.000152066 -0.0046936 -0.00188584 0.00379339 0.00195305 -0.000136038 -0.000294092 -0.000845639 0.00122885 -0.000539195 -0.00117439 -0.00104929 0.00140381 0.000213055 -2.09737e-05 -0.00141135 -0.00109813 0.000650378 0.00170134 -0.00228307 -0.00234317 -0.000343077 -0.00303851 -0.000676951 -0.00021133 0.0015025 -0.00321975 -0.00153233 -0.000663791 -0.00313036 -0.000387891 0.00110537 -0.0063088 -0.000511805 -0.00022386 0.00146028 -0.00188785 -0.00325291 0.000100286 0.000145272 -0.0039588 -0.00184177 -0.00076405 -0.00015491 0.00102174 -0.000625255 -0.00164564 0.000747289 -0.0015955 -0.00026165 0.00297828 0.00157065 0.000413355 -0.00151412 1.26359e-05 -0.00159618 -7.98875e-05 -0.00151845 -0.00027287 -0.000583441 -0.00152436 0.00153145 -0.00039727 -0.00293139 -0.000138163 0.00307112 -0.000362859 0.000486933 0.0024234 -0.000981311 -0.00112276 -0.00149096 
-0.000394562 0.00158348 -0.00276178 0.000666899 0.00211649 -0.00462939 0.0081021 -0.000483199 0.00141867 0.00045851 -0.0125256 -0.00523716 -0.00628174 -0.00234685 0.00109462 -0.000441153 -0.000139267 -0.00341464 -0.00150222 0.00585186 0.00120783 0.128406 -0.00358209 -0.00204883 0.00687322 0.00989679 0.00230504 -0.00549282 0.000968163 -0.00703307 -0.00784274 -0.00234642 -0.0044475 -0.00639862 -0.00164538 -0.00531941 0.00810613 -0.00306048 -0.00408899 -0.00549119 0.00212407 -0.00966343 -0.00282333 -0.00869457 0.00461641 -0.0011123 -6.47828e-05 -0.00294468 -0.00612646 -0.000498645 -0.00585983 0.00935088 -0.00225286 -0.00127533 0.00571473 -0.00475027 0.00170177 -0.00371046 -0.000339497 0.00623718 0.00111185 0.00130283 -0.00166623 -0.00129108 -0.00114148 0.00174506 -0.00212397 0.000701218 -0.00725727 -0.00464369 -0.00625641 -0.00310436 -0.00575507 -0.00527239 -0.00381013 -0.00131577 0.0010956 0.00107457 -0.00034958 -0.00208596 0.00270553 -0.00478043 -0.000636779 0.000586988 -0.00152354 0.00239089 -0.000519523 -0.00166657 0.00894074 -0.00795652 -0.00458181 -0.000284943 0.00407341 -0.0042703 -0.00336142 0.00216172 -0.00776061 -0.00418464 -0.00443614 0.00441729 
-0.00262814 0.000859832 0.00944621 -0.00122038 -0.00182964 0.00352062 -0.00566855 -0.00445995 -0.00820632 0.00303625 -0.00319154 0.00166756 0.00264875 -0.00475423 0.00620701 -0.000576945 -0.00164851 0.00500596 -0.00310556 0.00520565 0.00220247 -0.00358209 0.0985769 0.000840159 -0.000955604 0.000914138 0.00255948 -0.00128471 -0.000277993 -0.00550928 -0.00662896 0.00739381 -0.00102396 0.00315701 0.000587945 0.00192712 -0.000743416 -0.000800765 -0.00141062 -0.00631228 -0.00370241 -0.00850064 -0.00270522 -0.00155717 -0.00825613 -0.00159944 -0.00287688 -0.00220392 -0.00190838 -0.00250412 -0.00643488 -0.00439536 6.26685e-05 0.000174667 -0.000883517 -0.00456244 0.000934778 -0.00585725 -0.00957282 -0.000170699 0.00583086 -0.00184024 0.00712008 0.00599517 -0.00456034 0.00454139 0.00115648 0.00170806 -0.00342008 -0.00280105 -0.00340003 -0.00368872 -0.00298491 -0.00484436 -0.00369143 0.00234754 -0.00382373 0.00411075 0.000107466 0.00295192 0.00702187 0.000429959 -0.00100914 0.000207876 0.00555656 -0.00325692 -0.00516487 -0.00184879 -0.00777044 0.00435635 -5.11966e-05 -0.00262595 -0.00499563 0.00028886 0.00499532 -0.00607511 -0.000821345 -0.00229528 -0.00298351 -0.00819165 
-0.00275143 -0.00151399 0.00515404 0.000990071 0.00186885 -9.50707e-05 -0.00069059 -0.00118202 0.000431066 -0.000960603 -0.00226889 0.000461488 0.000471716 -0.00248162 -0.00109498 -0.000943179 0.000148254 -0.000268402 -0.00158931 0.00143233 0.00258547 -0.00204883 0.000840159 0.0488156 0.00207215 0.00637273 0.00101242 5.58818e-05 -0.000822828 -0.00357063 -0.000944924 -0.00113766 0.00186867 -0.00218558 -0.000653119 0.00108575 0.00166032 0.000937882 0.000632934 -0.000643568 0.00136338 0.00267302 0.00159582 0.000983722 -0.00203868 0.000947163 0.000821378 -0.000374909 -0.00204392 -0.00293402 -0.00419681 -0.000273008 -0.00128323 -0.00106192 -0.00259641 -0.00073393 0.000126653 -0.000654254 -0.000771842 -0.00324153 -0.00114299 -0.00056401 -0.00208319 0.000462538 -0.000695046 -0.0028905 -0.00119453 -0.00211099 -0.00252084 -0.00149285 -0.00212453 0.00254286 -0.00237354 -0.00247147 -0.00051363 -0.00145875 -0.00143619 0.0019944 0.000289131 0.000504377 -0.00380236 -0.00328022 -0.000394034 0.000101664 0.00120759 -0.000689353 0.00147159 0.000712616 -0.00310371 -0.000164435 -0.00136001 -0.00415629 -0.00140648 0.00165785 -0.00177743 -0.00300637 0.00150083 -0.00309172 0.00215882 -0.000656008 
-0.00368128 -0.00273691 -0.015266 0.00382999 -0.000100368 -0.0035662 -0.00547781 -0.0100406 0.00971415 -0.00803463 -0.00839494 -0.0057994 -0.00298287 0.0041047 0.00418022 -0.00247582 -0.00222464 0.00582491 -0.00686727 0.00758547 0.000661067 0.00687322 -0.000955604 0.00207215 0.135612 0.00446692 -0.000201454 0.000312528 0.000958149 0.00520334 -0.0168095 -0.00132426 0.00194356 -0.00860094 0.00111509 -0.000383135 0.00312594 -0.000516767 0.00207231 -0.00198338 -0.000725589 -0.00758735 -0.00683702 -0.000544888 0.000646447 0.00936813 0.000141875 -0.00620491 -0.00874262 0.000377077 -0.00885513 -0.00171096 0.00123958 0.00437264 -0.00106128 0.0062135 -0.000607132 -0.00799654 0.00823991 0.0097213 -0.0113858 0.0074019 -0.000454969 -0.00888014 -0.00187224 -0.00221692 -0.000797969 0.000368542 -0.00746771 -0.00258562 -0.00686281 -0.00536 0.00322787 -0.00520554 0.00711367 -0.000672007 0.00263051 -0.00515789 0.00630656 -0.00264037 -0.00606283 -0.00693555 -0.000398874 -0.000610235 -0.00323914 -0.00677184 -0.000413141 -0.00317242 -0.00353114 0.00134358 -0.00261545 0.00258862 0.00818711 0.00384701 -0.00498579 -0.00110897 -0.00247179 -0.0106174 -0.00586595 -0.00333372 
0.00544802 -0.000663675 0.00414591 0.000641585 -0.00285139 0.00334601 0.00165078 -0.00561205 -0.0109257 -0.00376639 -0.00437315 0.0115427 0.0025317 -0.00893275 0.00302935 -0.00335079 0.00827236 0.00236669 0.00267493 0.00272794 0.00198123 0.00989679 0.000914138 0.00637273 0.00446692 0.137993 0.00131155 -0.00228144 -0.00396539 -0.00450553 -0.00984769 0.0107251 0.00135468 0.000636197 0.00402341 -0.00261909 -0.00668897 -0.00305706 -0.0115816 -0.0112743 0.0020596 -0.0119244 -0.007996 -0.00103639 -0.00900571 -0.0012334 0.0038563 -0.000124707 -0.00294777 -0.00776547 -0.00935049 -0.00550955 0.00545763 -0.0018411 0.00387342 0.00107116 0.00318829 0.0148732 -0.0106426 -0.00135557 0.000647649 -0.00523021 -0.00357867 0.0238654 -0.00389795 -0.00726463 -0.00361391 -0.00296747 -0.00867459 -0.000451517 -0.0102972 -0.003767 -0.00249075 0.00023471 -0.0117645 -0.0044275 -0.0025324 0.00166638 -0.000157725 -0.000486866 0.00169324 -0.00491034 -0.00085311 0.000186149 -0.00214509 -0.0024023 -0.00153189 -0.00422082 0.00204092 0.000719713 -0.00326575 -0.0051427 -0.0101612 -0.00145674 -0.00174353 -9.7428e-05 -0.00245442 -0.00904344 -0.0018759 -0.00354957 
-0.00573035 0.00221642 -0.00190584 -0.00153887 -0.00150068 -0.000401629 -0.00173902 -0.000600438 -0.00310898 0.000616849 -0.00196544 -0.00646163 -0.00642492 0.00262843 -0.000859944 0.00033877 0.00180578 0.00519688 -0.000883568 -0.00481767 0.00108605 0.00230504 0.00255948 0.00101242 -0.000201454 0.00131155 0.0933706 0.000276535 -0.000131861 -0.00217039 -0.000539215 0.00534289 -0.000142186 0.00298562 -0.00203966 -0.00144331 -0.00491883 -0.00223411 -0.00281677 -0.000369652 -0.000367304 -0.00191356 0.00178547 -0.00166544 0.000601867 -0.00488397 -0.00476905 -0.00121157 -0.00194769 -0.00514912 0.00457435 0.000612557 -0.00207952 0.000565223 -0.000122264 -0.00395234 -0.000932433 -0.00324813 -0.00794308 0.00246156 0.000705076 0.00131877 -0.00199229 0.00175416 -0.00503251 0.000748351 -0.000750571 -0.00120961 0.00415632 -0.00284708 0.001511 -0.00129224 0.00239736 -0.00865393 -0.00611339 -0.00669544 -0.00349048 0.00451701 3.1577e-06 -0.00154166 0.00124516 -0.00395927 0.00307355 -0.00349155 0.00273449 -0.00447183 -0.000376934 -0.00210067 0.00221919 -0.000556038 -0.00413055 0.00160595 -0.00384345 0.00155036 0.00497296 -0.000634765 -0.00624957 0.00528162 -0.00518622 -0.00369686 
-0.00110172 -0.00408853 -0.00736506 -0.0015342 0.00226336 -0.0006601 -0.00358417 0.000812245 -0.0074417 0.00134223 -0.00033164 -0.00195283 0.000607847 -0.0044221 -0.00204553 0.000834333 -0.000636585 -0.00292693 0.0025225 -0.00114967 0.000408772 -0.00549282 -0.00128471 5.58818e-05 0.000312528 -0.00228144 0.000276535 0.0788832 0.00163156 0.00477756 0.000838864 0.00126924 -8.057e-05 -0.0001095 0.000564474 -0.00117778 -0.00453099 0.00219334 -0.00195463 0.0030086 0.00260646 -0.00152779 -0.00068735 -0.00358494 -0.00236786 0.00142242 -0.00153291 -0.0019643 -0.00317428 0.0024324 0.0041299 -0.00189601 0.00165596 -0.00178285 -0.00275098 -0.000851627 -0.0011972 -0.00390655 -0.000277725 -0.00159953 -0.00341851 0.00194833 -0.00301686 -0.00569484 -0.00033054 0.00209872 0.000991813 -0.000872066 -0.000743231 0.00014199 0.000998494 0.0021816 0.00272812 0.000933083 -0.00109646 -0.00220367 -0.00197568 -0.00213667 -0.00206773 -0.00209969 0.00280865 -0.000308824 -0.000266058 -0.00197523 -0.0034513 -0.000201864 -0.0030266 -0.00169075 -0.00304839 -0.00147998 -0.00281989 0.00187507 -0.00393404 -0.000591091 -0.004515 0.0035716 -0.00102827 0.00273812 0.000831385 0.000551211 
0.00265632 0.000464684 0.000713434 0.00135118 0.000950041 -0.00294572 0.00515247 0.00399363 -0.0038235 0.000366825 -0.000161613 -0.00539939 0.00126194 -0.00736138 0.00137233 -0.00379098 -0.00385069 -0.00587268 -0.0014923 -0.0012605 -0.000152066 0.000968163 -0.000277993 -0.000822828 0.000958149 -0.00396539 -0.000131861 0.00163156 0.0667849 -0.00874317 -0.00153163 -0.000131411 -0.00023968 -0.00101669 -0.00192037 -0.00188484 -0.00268337 -0.000283962 -0.00207504 -0.00130277 0.000286369 0.00148477 -0.000456866 0.00130803 0.00213449 0.00134439 0.00161636 -0.00269777 -0.000820769 1.99642e-05 -0.000223191 0.000444179 -0.00205993 0.00358443 -0.00280905 -0.00102719 0.0010129 0.00323253 -0.00316139 -0.00177493 -0.00848803 0.000682162 -0.00145427 -0.000289521 -0.00314098 -0.00167643 0.000111406 0.000860839 -0.00333114 0.00085296 -0.00104831 0.0024763 -0.00448529 -0.000738049 0.00123498 -0.00135032 0.00234958 -0.000902737 -0.00163574 -0.00089699 0.00437303 -0.00296169 0.000411315 0.000729897 -0.00212248 -0.000622676 -0.000321548 -0.0017132 0.0023967 -0.0036932 -0.00035601 -0.0043793 0.00150696 0.00319729 6.70726e-05 0.00200437 -0.00307344 0.000202479 -0.000484031 -0.00123314 
-0.0154596 -0.00355487 -0.0148529 -0.00873173 -0.00406781 0.0133582 -0.00312643 -0.0039325 0.00243209 0.00136611 0.00819855 0.00412351 -0.00905061 0.0217935 -0.010805 -0.000615623 -0.00223358 0.00652366 -0.00164593 -0.000718917 -0.0046936 -0.00703307 -0.00550928 -0.00357063 0.00520334 -0.00450553 -0.00217039 0.00477756 -0.00874317 0.215318 0.000254568 -0.00499501 -0.00612544 0.00213326 0.00394479 -0.00801157 -0.00667436 -0.00361899 0.00374585 0.0111052 -0.0100756 -0.00452702 -0.00535071 -0.00543461 -0.00867869 -0.0131419 -0.00769879 0.00571472 0.00424449 -0.00589227 0.0012514 0.000942656 -0.00311464 -0.002842 -0.0116703 -0.00832809 -0.00168047 -0.00242822 0.00950621 0.00531216 0.0112653 -0.00216256 0.00419097 -0.00282932 0.0102011 -0.00902829 0.000782214 -0.0152122 0.0126718 0.0192647 0.0139057 -0.00550467 -0.00395775 -0.00463626 0.0078361 -0.000550013 0.00796335 -0.0111609 0.00351539 0.00185576 -0.0204213 -0.0163994 -0.001191 -0.00380102 -0.000250763 -0.00634584 -0.0147948 0.00866191 -0.00370914 -0.00823696 -0.00139582 0.0140454 -0.00147571 -0.0116537 -0.00171335 -0.0142909 -0.00224118 -0.0104098 -0.0237872 -0.0149396 
0.000309222 0.00232921 -0.0160618 -0.00290415 -0.00296596 -0.00557006 -0.00586182 -0.00577123 -0.00382259 -0.00222826 -0.00710514 -0.00881891 -0.0010691 -0.00467736 0.00127658 -0.00773303 0.00264771 -0.010877 0.00331771 0.00103778 -0.00188584 -0.00784274 -0.00662896 -0.000944924 -0.0168095 -0.00984769 -0.000539215 0.000838864 -0.00153163 0.000254568 0.173165 -0.0106619 0.00334978 0.00221755 -0.00709476 0.0100491 0.000951693 -0.00308839 0.00793736 0.00497175 -0.00555864 0.0160654 0.00260252 -0.00395151 0.000183086 -0.00247679 -0.00506346 0.00997994 -0.000259874 -0.00883009 0.0138006 -0.000944874 -0.00874488 -0.00723459 -0.0060696 -0.000905857 0.00158839 0.000152461 0.00227968 -0.00688111 -0.0132745 -0.00615391 -0.00808369 -0.0227595 0.00241925 -0.0111485 -0.00355502 -0.00505973 0.00802951 0.00240975 -0.00323919 0.00941595 -0.011266 0.00802967 -0.00310668 -0.00170338 -0.00459759 0.00585615 -0.00606292 -0.00216163 -0.0146674 0.00223118 0.00247414 -0.00250956 0.00130734 -0.00313989 0.0135515 -0.00324358 0.00147208 -0.00118269 -0.00137949 -0.0113048 9.60687e-05 0.00103071 0.00786189 -0.00404706 -0.00636198 0.000833446 0.0138665 0.0170809 
0.00112827 -0.00118544 -0.00118511 -0.00186164 0.0019408 0.00224179 -0.00321567 0.00282558 -0.00366669 -0.00448445 -0.00157739 0.00937726 -0.00427884 0.00838496 0.0104442 7.77789e-05 0.000292066 -0.00661262 -0.00522296 0.00578772 0.00379339 -0.00234642 0.00739381 -0.00113766 -0.00132426 0.0107251 0.00534289 0.00126924 -0.000131411 -0.00499501 -0.0106619 0.149797 0.00606815 -0.00139049 0.00791306 -0.00246122 0.00476959 -1.56114e-05 -0.00455562 -0.00471368 0.00107737 -0.0040452 0.00020503 -0.0066422 -0.00583853 -0.00222611 0.00169327 -0.00877316 -0.00708995 -0.00857758 -0.0105222 -0.000957817 0.00219737 0.00141951 -0.00733257 -0.00288517 -0.00142532 -0.00938894 -0.00881934 -0.000411915 -0.00425746 9.84279e-05 0.00401711 0.0103397 -0.00644249 -0.0100823 -0.0016 0.00592093 -0.0120235 -0.0107184 -0.0101859 -0.00764216 -0.00619966 -0.00542717 -0.00713781 0.00278676 -0.00839685 -0.00441857 0.00109609 0.00522144 0.00879859 -5.09311e-05 -0.00342682 -0.00336662 0.0114456 -0.00443311 -0.002833 -0.00304051 -0.00656989 0.000965181 -0.00612787 -0.00728719 -0.0134431 0.0124037 0.00305806 0.00941847 -0.00165013 -0.00550887 -0.011486 -0.00601884 
-0.00858843 -0.00210683 -0.00168932 -0.00120652 0.00160483 0.000794587 0.00151038 -0.000666964 0.00166297 -0.00168887 -0.00252106 0.00346191 -0.000297613 0.00467496 0.000423707 -0.00085919 0.00469752 -0.00359806 -0.00506313 -9.69261e-05 0.00195305 -0.0044475 -0.00102396 0.00186867 0.00194356 0.00135468 -0.000142186 -8.057e-05 -0.00023968 -0.00612544 0.00334978 0.00606815 0.0804563 -0.0032854 0.000346337 -0.00162919 0.00177855 -8.9859e-05 -0.00172256 -0.00291152 0.0025993 -0.00225374 -0.00120972 -0.00238613 -0.00338768 0.000989504 0.000393002 -0.00345953 -0.00661388 0.00243118 -0.00285611 -0.00191957 8.67078e-05 -0.00253421 -0.00851575 -0.00298862 0.000808852 0.000650382 0.00355043 0.00244828 -0.00986256 0.00119222 -0.00158728 0.00453535 -0.00495519 -0.00354746 0.00237655 -0.0026874 -0.00348801 -0.00184453 0.0043088 0.000207112 -0.000139405 -0.00152152 -0.00320782 -0.00654046 -0.00461494 0.00184366 0.00226515 0.000240811 -0.000962128 -0.00139171 -0.0017653 -0.00123191 0.000502789 -0.00167631 -0.00112534 -0.00334739 -0.00413186 -0.00335335 -0.001416 -0.00146785 0.000617424 0.00776401 -0.00413531 9.51084e-05 0.00369985 -0.00189128 0.000360188 -0.0018185 
0.0134284 0.00240494 -0.00372046 -0.00154617 -0.00500339 0.00226567 -0.00827093 -0.0044971 -0.00867537 -0.00592358 -0.00215467 -0.0028556 -0.00631395 -0.0107989 -0.00629413 -0.000299918 0.00252496 -0.00457534 0.00466112 -0.0191645 -0.000136038 -0.00639862 0.00315701 -0.00218558 -0.00860094 0.000636197 0.00298562 -0.0001095 -0.00101669 0.00213326 0.00221755 -0.00139049 -0.0032854 0.168414 -0.00439044 0.000783593 -0.000924666 -0.00180845 -0.00484324 0.00547472 -0.00476676 0.00378377 0.00122776 -0.000649293 -0.00020282 -0.00830117 0.00145182 0.00381525 0.000160144 -0.0111276 -0.00361619 -0.0120272 -0.00200155 0.00164568 0.00770171 -0.00600554 -0.00407177 0.0128538 -0.00475887 0.00330055 -0.00516431 -0.00618505 -0.00322768 -0.00957701 0.00448462 -0.00103034 0.000661327 -0.010101 0.000735896 -0.00557715 0.00656536 -0.00386671 -0.00911773 0.00119135 -0.00357904 0.00153407 -0.00334215 -0.00142607 -0.000920857 0.000297975 -0.000869485 -0.00107843 0.00240395 0.000795517 -0.00406123 0.00147282 -0.0103817 -0.000235724 0.000599245 0.0105688 7.66598e-05 -0.0100392 -0.00358716 -0.00476134 5.15609e-05 0.00310555 -0.00750836 0.0107014 -0.00386304 -5.98381e-05 
