0.0968471 0.00133507 0.00244318 0.002442 0.00183196 0.0147418 0.003853 0.00224764 0.00210482 -0.000660588 0.000511842 -0.00276561 -0.00390926 0.00532395 -0.0056707 0.000176717 -0.00490045 -0.0026542 0.00282251 -0.00205234 -0.00256059 0.00268153 -0.00327497 -0.00590223 -0.00114752 -0.000183266 -0.00371786 0.00184653 0.00233664 -0.000588092 -0.00251115 -0.00412333 -0.00350627 -0.00261424 -0.00561034 -0.000905704 0.00236471 -0.0020797 0.00141889 -0.00365605 -0.00682018 -0.00153914 -0.000997953 -0.00886115 0.00208332 -0.00167902 -0.00284085 -0.0022113 -0.00120602 -0.00283484 -0.00598441 -0.0021891 -0.00502944 -0.00707546 -0.00961144 -0.00396118 0.00398171 0.00189687 -0.000739601 -0.000288578 3.51997e-05 -0.00519223 -0.00521978 -0.00229056 -0.00310197 -0.00112413 -0.0010099 -2.32377e-05 0.00851899 -0.00312622 -0.000966363 0.000509855 -0.000263442 -0.00153712 0.00152336 -0.00505597 0.00194645 -0.00263267 -0.000865769 -0.00299316 -0.000754792 -0.00478784 0.0019752 0.00213227 0.00341478 -0.00696133 -0.00627534 -0.0013072 0.0042027 -0.00034323 0.000948281 -0.00221899 -0.00348961 0.00256218 -0.000239477 0.00451813 -6.60008e-05 5.22209e-05 -0.000276528 0.00335561 
0.00133507 0.121645 0.00264072 0.0028498 -0.000496729 0.00876345 -0.00406982 0.00303269 0.00159392 0.00348226 0.000755402 -0.000903211 0.000266285 -0.00114072 0.000532833 0.00169986 -0.000684384 -0.00559567 0.00117667 -0.000584786 -0.0019713 -0.00407597 0.00328737 -0.00519308 -0.00144593 -0.00474679 -0.0125696 -0.00345461 -0.00225223 -0.00200736 0.00328706 -0.00736732 -0.00632495 -0.000873011 -0.00828201 -0.00234487 -0.00167922 -0.00497721 -0.00149459 -0.00100697 -0.000652404 0.00123839 -0.00486513 0.00280628 -0.0110852 -0.00644588 -0.00499473 -0.0042922 -0.00266477 -0.00124423 -0.00287271 -0.00786491 0.0102661 -0.00435837 0.000248129 -0.00648758 -0.00701889 -0.00492438 -0.00681875 0.00190257 -0.00751651 -0.00098333 -0.00351978 0.00307757 -0.000124583 -0.00372099 -0.00433075 0.0048179 -0.00930434 -0.00184274 -0.00141946 0.000131259 0.0032526 0.000888193 -0.0035723 -0.00272554 -0.00163074 -0.00157445 0.00541148 0.0013853 -0.00277311 0.00643898 -0.00417389 0.00356636 -0.00451773 -0.00403811 0.000458257 0.000534011 0.00587031 -1.11454e-05 -0.00413696 -0.00310002 0.00652771 -0.00551002 -0.00178689 0.002233 0.000121679 0.00802217 0.00210983 0.00678953 
0.00244318 0.00264072 0.10722 -0.00267969 0.000491577 0.00594321 -0.00153628 0.0030344 -0.000192096 -0.00280559 -0.00161861 0.00079177 -0.00300427 -0.00131931 -0.0020968 -0.0067264 -0.00321218 0.000638619 0.00220363 -0.0020317 -0.00319501 -0.00621883 0.00195199 0.00194847 -0.0051852 0.00306919 -8.06818e-05 7.09206e-05 -0.000931409 -0.00278851 0.00110476 -0.00385997 -0.00555445 -0.000791569 0.000835525 -0.00379319 -0.000958833 5.97132e-05 0.00247509 -0.00392621 -0.00747428 -0.00103778 0.00417962 0.000305972 -0.0113188 0.00449362 -0.00270651 -4.72397e-05 0.00331748 -0.000425731 -0.00987688 -0.00446355 -0.00203104 -0.00498908 0.00121508 -0.0024734 -0.00641026 -0.00702238 -0.00355394 -0.00402752 0.00017076 -0.00255513 -0.00338845 0.00822758 -0.00585672 -0.00167057 -0.000269549 -0.00245061 0.00312385 -0.00153095 -0.00280849 0.000110635 -0.00319011 -0.00051048 0.00308362 0.0015058 0.00248467 0.00200072 -0.000442917 -0.00414177 0.0036562 -0.00394252 0.00329645 -0.0033586 -0.00395022 -0.00466896 -0.00195851 -0.00328185 0.0050059 -0.00465481 -0.00546657 0.000175298 -0.00705554 0.00508708 0.000900677 0.00223407 0.000374046 0.00158108 0.00429065 0.00177451 
0.002442 0.0028498 -0.00267969 0.101217 -0.00122981 0.000539061 0.00478268 0.00373711 0.00283219 0.000189124 0.000287669 -0.00141801 0.00409108 0.000156077 -0.000418369 0.000542381 -0.000462498 0.00333496 -0.00417105 0.00253488 -0.0019748 0.0039494 -0.00246932 -0.0104774 0.000640609 -0.00233235 -0.00739022 0.00256782 -0.00489441 -0.00166455 0.00539256 -0.0013306 -0.00515616 -0.00700145 0.00181271 0.0003787 -0.00154939 -0.00570614 -0.00256738 0.00151821 0.000650029 0.00358645 -0.000103106 0.000712163 -0.00702175 -0.00333594 -0.000501105 0.00124793 -0.000847375 0.00354231 -0.00207579 -0.000299778 -0.0026409 0.00846325 0.000566552 0.0105644 -0.00327805 0.0038353 0.00861982 -0.00240874 -0.00364228 -0.00475688 -0.00416187 -0.00334297 0.00132297 -0.000285913 -0.00117866 -0.00581991 -0.00682687 -0.00228332 -0.00207888 -0.00187436 -0.00459619 -0.00302761 -0.00332173 -0.00770602 -0.00332495 -0.00111174 -0.00562638 -0.00210495 -0.00151447 -0.00490614 0.00162974 -0.00440004 0.00153252 0.00854285 -0.00335487 -0.00519355 -0.00069148 -0.0029326 -0.00288434 0.000108996 -0.00556434 0.000944644 -0.00278789 -0.00291647 -0.00350596 -0.00769096 -0.00181991 0.00297494 
0.00183196 -0.000496729 0.000491577 -0.00122981 0.062166 0.00377104 0.000126003 -0.00131051 0.00083125 -0.00176314 -0.00132183 0.00201945 0.00116056 -0.00178796 -0.00253676 0.00260805 0.000548074 -0.0026423 -6.06837e-06 -0.0019446 -0.00275197 -0.00503987 -0.00428594 -0.00254146 -0.00189327 -0.00489884 -0.000279559 -0.00172463 0.00171584 -0.000812866 -0.00250894 -0.000413005 -0.00169905 -0.00440642 -0.00167487 -0.000191031 -0.00149073 0.000569637 -0.000789396 -0.000209269 -0.000418908 0.00154666 0.000276083 -0.00462622 -0.00174937 -0.00213782 0.00184593 -0.00153343 -0.00137673 -0.000588436 -0.00283283 0.000268781 -6.25815e-05 -0.000324334 -0.00214267 -0.00324163 0.00841991 8.11858e-05 0.00233935 0.000461182 -0.00143533 -0.00262052 -0.00241165 0.00341381 -0.00104493 -0.00223337 -0.00169294 -0.00295162 0.00444594 -0.000104567 -0.0010786 0.00127392 -0.00398884 0.0021919 0.00203831 -8.8372e-05 0.0023844 -0.00133304 -0.00142361 -0.00158387 0.00227773 -0.00205687 -0.0023669 -0.00106411 -0.000892688 -0.000388321 0.00309223 -0.00190674 -0.000357848 -0.00147758 -0.000937923 -0.00390388 0.00653591 -0.00251561 0.000487991 -0.000920523 -0.000535033 -0.000645975 -0.00250916 -0.00106448 
0.0147418 0.00876345 0.00594321 0.000539061 0.00377104 0.128933 -0.000540467 -0.00271527 0.000958646 0.00676125 -0.00088144 -0.00716889 0.00157621 -0.0036374 -0.00947094 -0.00603509 -0.00432512 -0.00872162 0.00785863 -0.00649851 0.00210285 0.000973911 -0.00144434 -0.0155152 -0.00399139 -0.00366168 -0.00679474 0.00408589 0.00134885 -0.00169258 0.00486827 -0.000149004 0.00186591 0.00281436 -0.00235411 -0.000546577 0.00877862 -0.00349024 -0.00738991 -0.00656023 -0.00452116 -0.00630477 -0.00161933 -0.00027436 -0.0108237 -0.00406802 -0.00576131 -0.00325519 -0.00238577 -0.001469 -0.000457607 -0.00462601 -0.00674374 -0.00156209 -0.0147237 -0.00260763 0.00222679 0.00120226 -0.00244332 -0.00282199 0.00615729 -0.0029118 -0.0101086 -0.00297888 -0.000679009 -0.00129908 -0.00417643 -0.000690725 -0.00189509 0.00248965 0.00631576 -0.00271085 -0.000717274 -0.0010009 0.0158445 -0.00328097 -0.00171306 0.000936815 -0.0028802 -0.00881719 0.000894976 -0.00538668 -0.00782064 -0.0137002 0.00748665 -0.00267019 -0.00210339 -0.00558928 0.00290124 -0.00479443 0.00837562 -0.00282108 -0.00212547 0.00519058 -0.00189057 0.00407205 0.000740491 6.4209e-05 -0.00198707 0.00521874 
0.003853 -0.00406982 -0.00153628 0.00478268 0.000126003 -0.000540467 0.115676 0.00609505 0.00287148 -0.00778867 -0.000952205 0.00484444 0.0027911 -0.00518179 -0.00327367 0.00432955 0.00317611 0.000893686 0.00112687 0.000223718 -0.010643 -0.00653982 0.00226613 -0.0162762 -0.00223557 -0.00238409 -0.000719767 0.00154971 -0.000946931 -0.00226662 0.00225844 0.006326 0.00128071 -2.91099e-05 -0.00692455 -0.00420003 -0.00468665 -0.00378369 -0.00748718 -5.72861e-05 -0.00257122 0.00268605 0.00279002 -0.00197822 -0.000447923 6.35992e-05 -0.00214483 0.00332442 -0.00141715 -4.66641e-05 -0.000359069 -0.00758964 -0.00543829 -0.000431891 0.0115963 0.00321065 0.00354881 0.000958108 0.000310072 0.000108398 -0.0112311 -0.00205095 -0.0102116 -0.00659016 -0.00188415 -0.00123486 -0.000354378 -0.000601172 -0.00332715 -0.00373335 -0.00068977 9.66963e-05 -0.00106967 -0.00191962 -0.00629918 -0.00383545 0.000577675 -0.00228669 -0.00954017 -0.00502385 -0.000631438 0.0128286 -0.00393511 0.00220563 -0.00115908 -0.0017796 -0.00517966 -0.00554519 -0.00501348 0.00803357 -0.00287821 -0.00166137 -0.000555577 0.00174692 -0.0036224 0.00234097 -0.000262879 -0.00322206 0.00141923 -3.89679e-05 
0.00224764 0.00303269 0.0030344 0.00373711 -0.00131051 -0.00271527 0.00609505 0.102808 -0.00202746 0.000497861 0.00505851 0.00131874 0.0101985 -0.00569711 -0.00878051 -0.00221882 -0.00221765 -0.00205394 0.00109462 0.00153055 -0.000170943 -0.00215352 0.00370531 -0.000943671 0.00151199 0.00112662 0.00258726 -0.000855994 -0.00641484 -0.000374076 -0.0057681 -0.0120245 -0.000520636 -0.00355474 -0.00392529 -0.00166584 -0.00226926 9.98738e-05 0.00645685 -0.00217383 0.00220983 0.00672128 -0.00251526 0.00408064 -0.0076808 -0.00610336 -0.000151504 -0.00279066 1.67772e-05 -0.00194019 -0.00597489 -0.00426851 0.00113102 -0.00210617 0.00240705 -0.00962675 -0.014717 -0.00135911 -0.00679566 -0.00161575 -0.0039575 -0.00220568 0.00735545 0.008123 -0.000554716 -0.00369297 -0.000214443 0.00677432 -0.00594313 0.000959358 -0.00455221 0.00130289 0.000174323 -0.000164538 -0.00268301 -0.00525489 -0.00383681 0.00127159 -0.00168742 -0.00417152 0.00143293 0.00188344 0.00394532 -0.000186135 -0.00383311 -0.00814776 0.00168136 -0.000867976 0.00454986 0.00218878 -0.010763 -0.000203142 -0.00768004 -0.00347875 -0.00421607 -0.00132742 0.00323353 4.96892e-05 -0.00111487 0.000585524 
0.00210482 0.00159392 -0.000192096 0.00283219 0.00083125 0.000958646 0.00287148 -0.00202746 0.0548835 -0.00179487 2.52081e-05 0.000262941 0.00155968 0.00178765 0.000976574 0.00425281 -0.00084075 -0.000562396 -0.00112673 -0.00266684 -0.000246086 0.00362873 -0.00293341 0.00065392 -0.00108757 -0.00136398 -0.00519077 -2.18491e-05 -0.00183172 -0.00125933 -0.00123501 -0.000934208 -0.00118008 -0.00227582 -0.0027856 -0.000956165 0.00123825 0.00148135 -0.00343893 0.00276336 -0.00131886 0.00138378 0.00119244 -0.000637971 -0.00324842 -8.14384e-05 0.000409838 0.000974923 0.000708043 -6.14035e-05 0.00070554 0.000324604 -0.00379004 -0.00422896 -0.00300477 -0.00301958 0.000559402 -0.00393445 -0.000624313 0.00134749 -0.0039773 -0.00217523 -0.00413648 -0.0035767 -0.00164294 -0.00234993 -0.0014357 -0.00214789 -0.00268055 0.000595371 0.000909687 -0.000282816 -0.00116868 0.00152434 0.00179845 -0.00109468 -0.000438948 -0.00198103 -0.00570407 -0.00372489 0.000569629 -0.00191015 -0.000151817 -0.00288746 0.00276977 -0.000942929 -0.00035533 -0.00280289 0.0013602 -2.01251e-06 0.000598916 -0.00102123 0.00237427 0.00109597 -0.00128271 -0.000441541 -0.00052187 6.30692e-05 0.000508743 0.0042589 
-0.000660588 0.00348226 -0.00280559 0.000189124 -0.00176314 0.00676125 -0.00778867 0.000497861 -0.00179487 0.120835 0.00258824 -0.00156081 -0.0110085 0.00982156 0.00305159 -9.20138e-05 -0.00387572 -0.0103402 -0.000800663 -0.0044094 0.00300662 0.000144393 0.00684647 -0.000884527 0.000350913 -0.00462212 -0.00295694 0.00209766 -0.00374868 0.00294159 -0.000112548 -0.00280415 0.004347 -0.00829492 -0.00512471 -0.00509239 -0.00453065 -0.00175794 -0.00293215 -0.0030576 0.00759736 0.0010728 -0.000628571 0.00381924 -0.0112403 0.00184006 -0.00608708 -0.00220394 -0.00163312 0.00103155 -0.0053202 0.0010031 0.00127019 -0.00402831 -0.000202566 0.00397528 -0.00176623 0.000638114 -0.000978258 0.00339451 -0.00506495 0.00125508 0.00110686 -0.00836677 0.00301736 -0.00339334 -0.00254484 0.00738632 -0.00286765 -0.00207547 -0.000840884 -0.00373606 0.00791708 -0.00269301 -0.00299956 -0.000826193 -0.00325528 0.00147307 0.00211981 0.0016318 -0.00379417 -0.00751259 -0.00371136 -0.00588036 -0.00161599 0.00233419 0.00146046 0.00133922 -0.00184009 -0.00113414 -0.00706968 -0.00591066 -0.00664896 -0.00158445 -0.00267887 -0.00142001 -0.00395704 -0.00200176 0.000765708 -0.00207811 
0.000511842 0.000755402 -0.00161861 0.000287669 -0.00132183 -0.00088144 -0.000952205 0.00505851 2.52081e-05 0.00258824 0.0816347 0.000219806 -0.00116955 0.000275745 -0.0041945 0.00217823 -0.00187017 0.000712529 -0.00352985 -0.00181959 -0.00359923 -0.00432546 0.00236358 -0.00345259 -0.00147616 -0.00246327 -0.00356155 -0.00320562 -0.000617774 -0.000712377 -0.00281819 -0.00245882 0.00654183 -0.00382382 0.000968865 0.000951449 0.00158215 -0.00246955 -0.00530133 0.000301964 -0.00137644 -0.00373003 0.00670795 0.00273045 -0.00483859 -9.08169e-05 -0.00166441 -0.00132976 -0.00188318 -0.000453493 0.000572595 -0.00345541 -0.00465988 -0.00381244 0.00325063 0.00441364 -0.00366628 0.00188526 -0.000333849 0.00240061 -0.00673035 -0.00194991 0.00430211 -0.00538284 -0.00398419 -0.000634946 0.00523534 0.00102475 -0.00583839 7.6444e-05 -0.000281797 0.00172658 0.00225702 0.00361788 -0.00732517 0.00177062 -0.00194183 0.00165031 -0.00330937 0.00197448 -1.58788e-05 -0.0030084 -0.00591514 -0.00380187 -0.00124324 -0.00160868 -0.00243855 0.000411434 -0.00120239 -0.00121661 -0.00489817 -0.00341979 -0.00476543 -0.00235131 0.000698637 0.00140229 0.00277839 -0.0012848 0.00194439 0.00369757 
-0.00276561 -0.000903211 0.00079177 -0.00141801 0.00201945 -0.00716889 0.00484444 0.00131874 0.000262941 -0.00156081 0.000219806 0.102041 -0.00237186 -0.00179871 -0.00131629 0.00807241 0.00526018 -0.00109681 -0.000802348 -0.00346455 -0.00349532 -0.00865238 -0.0043892 -0.0139891 -0.000934691 0.00146985 0.00313111 -0.000176553 -0.000174895 -0.00191177 -0.0012802 -0.00236502 0.00400111 0.00402481 -0.00332213 -0.00399542 0.00167405 0.0045911 -0.00135359 -0.00285071 -0.0012192 0.0014119 0.00334918 -0.00470782 -0.0117695 -0.00624733 -0.000899765 -0.00137942 -0.000294944 -0.00343651 0.00234417 -6.73951e-05 -0.00332498 -0.00389798 0.00404606 -0.000803515 -0.0024262 -0.00295506 -0.00288231 -0.00144319 -0.00565957 0.000830839 -0.00765135 0.00570065 -0.000612045 -0.0042397 -0.00178813 -0.000286186 -0.00289885 -0.00173475 0.00191944 -0.00114674 0.000511085 -0.000349031 -0.00656582 -0.000837804 -0.000293713 0.000139469 0.00772028 -0.00043469 -0.000386367 0.000206921 0.00417851 0.0031179 -0.00110886 0.00170435 -0.00532969 -0.000640449 0.000914751 -0.00270267 -0.00820812 -0.00544747 0.000881533 0.000874685 -0.00125242 -0.000737532 -0.00423743 -0.00249218 0.00130101 0.00347958 
-0.00390926 0.000266285 -0.00300427 0.00409108 0.00116056 0.00157621 0.0027911 0.0101985 0.00155968 -0.0110085 -0.00116955 -0.00237186 0.157157 -0.00704334 -0.000190582 -0.00282172 -0.00582573 -0.00449839 0.00131731 -0.0023085 -0.000588594 0.00178426 -0.00281289 0.000862534 -0.000248302 -0.0115445 -0.00249208 -0.00144925 0.00134273 0.00316262 -0.00505568 -0.000865668 0.00035098 -0.000221011 -0.000894866 -0.00287767 0.000714251 -0.0034301 -0.00616603 -0.00379882 0.00391424 -0.000136989 -0.00422035 -0.00655642 0.00415583 -0.00461719 -0.00242652 -0.00880669 -0.00220539 -0.00392018 -0.00996891 -0.00959568 0.000785024 -0.011649 -0.00373363 -0.0106879 -0.015843 -0.0191754 -0.00982499 -0.00316256 -0.00362652 0.00625231 0.00740459 -0.00430991 -0.00706371 0.00282478 -0.00320709 0.000219109 0.00396546 0.000200456 -0.00632329 0.00494125 -0.00680483 -0.00263364 0.0211796 -0.00572774 -0.00266807 -0.000458192 -0.00800842 -0.00162672 -0.00443699 0.004632 0.00691967 0.00825206 -0.00311455 0.00400924 0.0120094 -0.000752593 -0.0103188 0.00988787 0.00143281 0.011632 -0.00439919 -0.005258 -0.00262435 0.00375191 -0.000888302 0.00181111 -0.0126923 0.00155532 
0.00532395 -0.00114072 -0.00131931 0.000156077 -0.00178796 -0.0036374 -0.00518179 -0.00569711 0.00178765 0.00982156 0.000275745 -0.00179871 -0.00704334 0.106263 0.00615721 0.00452508 0.000495184 -0.00663445 0.000192893 -0.00331232 -0.00459749 0.00192177 -0.00571464 -0.00309354 -0.0046513 -0.00573321 -0.0041288 -0.00179991 -0.00496635 -0.000469045 -0.00741386 -0.00616325 -0.004091 -0.00790219 -0.00643117 -0.00143225 -0.0013537 0.00560932 -0.00163779 -0.0018897 -0.0033038 -0.00141384 -0.00155668 -0.00588455 0.00322251 0.00178258 -0.00410254 0.000942517 0.00318292 -0.00126091 -0.00189729 -0.000555998 -2.21446e-05 -0.00812937 0.000445887 0.0023329 0.00596586 -0.00152635 0.00059268 0.0025173 0.000507794 0.00103094 -0.00476567 -0.00362262 -0.000505396 -0.0018014 -0.000818505 -0.00129938 0.00187781 0.000609863 -0.00374787 -0.000786489 0.00521554 -2.32685e-05 0.0110787 0.000875838 -0.00196755 -0.00205622 -0.000360263 0.00123677 -0.00303157 -0.00386873 -0.00195556 -8.06791e-05 -0.00122699 -0.00276058 -0.00172138 -0.00225934 0.00768631 -0.00314158 -0.00375066 -0.00412662 0.00108503 -0.00375308 0.000832287 -0.000174015 -0.0037977 0.00207195 0.000335143 0.000120456 
-0.0056707 0.000532833 -0.0020968 -0.000418369 -0.00253676 -0.00947094 -0.00327367 -0.00878051 0.000976574 0.00305159 -0.0041945 -0.00131629 -0.000190582 0.00615721 0.132438 0.00466176 0.00762916 -0.00563665 -0.00275315 0.00331168 -0.00337265 0.00523753 -0.00530902 0.0131274 -0.00149094 0.00198951 -0.00876098 -0.00359524 -0.00843203 -0.00263752 -0.00294078 -0.00123963 -0.00173234 -0.00195874 0.00169648 -0.00484026 -0.00323033 0.00334494 0.00378005 -0.000947021 -0.00561332 -0.00188148 -0.00267766 0.00622157 -0.00494539 0.00199408 4.12921e-05 -0.00538965 0.00147518 0.000483768 0.00624024 -0.00362345 0.00107707 -0.00703828 -0.00350452 -0.000900187 0.00543318 -0.00808954 -0.00353305 0.00375133 -0.00858467 -0.00486931 -0.0037645 -0.000159891 0.00486028 5.68785e-05 -0.00096444 0.00088635 -0.010413 0.000508849 -0.00417914 0.000440729 -0.00165823 -0.00167655 -0.0026838 -0.000788367 0.00190713 -0.00480059 -0.00328541 -0.00589628 -0.00128962 -0.00258266 -0.00228767 0.00167903 -0.0063116 0.0073263 -0.00298614 -0.00243133 0.00311381 -0.000710111 -0.00619875 -0.00463339 -0.0016818 -0.0018168 0.000119637 -0.000662868 -0.0026 0.00612138 -0.00456797 -0.00316509 
0.000176717 0.00169986 -0.0067264 0.000542381 0.00260805 -0.00603509 0.00432955 -0.00221882 0.00425281 -9.20138e-05 0.00217823 0.00807241 -0.00282172 0.00452508 0.00466176 0.106156 0.00535967 -0.00258256 0.0036689 -0.00241052 0.000749471 -0.00144152 -0.00731981 -0.00790704 -0.00218048 0.00139638 0.00565702 -0.00248227 -0.00796092 -0.00414527 -0.00099589 -0.00510768 4.69444e-05 0.00321694 -0.00825445 -0.00515975 0.000274526 0.005518 -0.00242546 0.00118749 -0.00193517 0.00267604 0.00222478 -0.00252755 -0.00296569 -0.000717168 -0.00835655 0.000855827 0.00575386 -0.00181216 -0.00238418 -0.000417968 -0.00382213 -0.00911278 0.00256354 -0.00754232 -0.00122747 0.000806592 0.000259663 -0.00159021 -0.0152229 -0.00499121 -0.00975976 -0.00583937 -0.00560323 -0.00248554 -0.000956357 0.000740463 0.00133912 -0.000399901 -0.00480756 -0.000739432 0.00201544 0.00163121 0.00307104 -0.00299647 -0.000168221 0.00211907 -0.000988777 0.00443395 -0.00116503 0.00271384 0.00288669 -0.000260608 -0.001344 0.000491816 -0.00164171 -0.00490034 0.00247358 -0.00426638 -0.00652235 -0.00184687 0.00984784 -0.00202905 -0.00325496 -0.00148856 -0.00518523 -0.0022927 -0.00180429 0.000457102 
-0.00490045 -0.000684384 -0.00321218 -0.000462498 0.000548074 -0.00432512 0.00317611 -0.00221765 -0.00084075 -0.00387572 -0.00187017 0.00526018 -0.00582573 0.000495184 0.00762916 0.00535967 0.102943 0.0100455 0.00366767 0.00316418 -0.0023577 -0.00366174 -0.00362649 0.00045867 0.00211379 -0.000617245 -0.00664739 -0.00163738 -0.000654639 -0.00258592 -0.00126344 0.00226567 -0.00197562 -0.0016018 8.91997e-05 -0.000572381 -0.00359711 -9.50338e-05 0.00339766 0.00122345 -0.0101281 -0.00157721 -0.00297664 0.000175566 -0.00979888 0.00202529 0.00432492 6.05027e-05 0.00289148 -0.00113913 -0.0059835 0.000701651 -0.0015345 0.00640123 -0.00268036 -0.000107779 0.000803611 -0.00437811 -0.00367436 -0.00134911 -0.00536712 -0.00411733 -0.00987475 -0.00364536 0.000224092 -0.00593771 0.00129941 -0.00640958 0.000255554 0.00410632 0.00630027 -0.00165701 0.00226831 0.00370581 -0.00368297 -0.00687294 0.000944937 -0.00409077 -0.00706369 0.00070448 -0.000121719 -0.000162059 -0.00199431 -0.00542221 -0.00404432 -0.000484364 0.00150304 -0.00392904 -0.00205765 0.00266456 -0.00505281 -0.00495746 0.00249608 0.00208921 0.00360253 -0.00117784 -0.00118518 -0.00512456 -0.000985408 -0.00153184 
-0.0026542 -0.00559567 0.000638619 0.00333496 -0.0026423 -0.00872162 0.000893686 -0.00205394 -0.000562396 -0.0103402 0.000712529 -0.00109681 -0.00449839 -0.00663445 -0.00563665 -0.00258256 0.0100455 0.141797 0.00179503 0.00153825 -0.00136071 -0.00538509 -0.000287002 0.00110672 0.000557392 0.00100486 0.00441194 0.00117099 -0.00517187 -0.002313 -0.00289313 -0.00803183 -0.0063671 -0.0101457 2.86029e-05 -0.00155028 0.00268796 -0.00151168 -0.00541103 0.00149902 -0.013459 0.00813692 0.00111406 0.00626082 -0.00274102 0.00155509 1.91291e-05 -0.000414568 -0.000619775 -0.00166397 -0.00834081 -0.000306802 -0.00162085 0.0146635 -0.00634191 0.00639319 0.0123754 0.00557557 0.00823293 -0.00371535 0.00258772 -0.00371469 -0.0052265 -0.00538273 -0.000539696 8.8157e-05 -0.00360652 -0.0073951 -0.00124601 0.00113935 0.0063045 -0.00318342 -0.00460242 -0.00235461 -0.00493433 -0.0054421 -0.000564228 -0.00183388 -0.0105558 -0.000709954 0.00379812 -0.0122698 0.0069691 -0.00932531 -0.00623693 0.0019065 -0.00482125 -0.00278374 -0.00081679 0.00882018 0.00259409 -0.00357998 -0.00642277 -0.00219266 0.00281467 -0.00441164 -0.00602503 -0.0109968 -0.000353806 -0.000372324 
0.00282251 0.00117667 0.00220363 -0.00417105 -6.06837e-06 0.00785863 0.00112687 0.00109462 -0.00112673 -0.000800663 -0.00352985 -0.000802348 0.00131731 0.000192893 -0.00275315 0.0036689 0.00366767 0.00179503 0.107819 0.00496288 0.00707772 -0.000691806 0.0112681 -0.00376503 -0.0047907 0.00348017 0.000851151 0.00782804 -0.00578742 0.000946575 0.00749061 -0.00218749 0.000900824 0.000391523 0.0100093 -0.00401914 -0.000463304 -0.00258941 0.00285967 0.000645709 0.00107367 0.000264827 -0.00491465 -0.000489644 0.011971 -0.00158774 -0.00570895 -0.00177729 0.00507904 0.00406648 -0.0086368 -0.00875798 -0.0145631 -0.00282515 -0.00973405 -0.0103512 -0.0123825 -0.0061552 -0.00474418 -0.000420217 -0.00403074 -0.00746139 -0.0156411 -0.0089092 -0.00574759 -0.00577741 -0.0021449 0.00626856 -0.00158178 -0.00379145 -0.00158511 -0.00205339 0.00331354 -0.00100112 0.00413931 -0.00693823 -1.21087e-05 -0.000618841 0.00192143 -0.00255482 -0.00175433 -0.00822041 0.000600396 -0.0107284 -0.00660492 -0.00299711 0.00616548 -0.00333895 -0.00438434 0.00206948 -0.000791706 0.00297366 -0.00958771 -0.00748541 0.00186242 0.00110766 0.00445943 0.00225686 -0.00116349 0.00438931 
-0.00205234 -0.000584786 -0.0020317 0.00253488 -0.0019446 -0.00649851 0.000223718 0.00153055 -0.00266684 -0.0044094 -0.00181959 -0.00346455 -0.0023085 -0.00331232 0.00331168 -0.00241052 0.00316418 0.00153825 0.00496288 0.117038 0.010925 0.00405776 0.0162259 0.00883548 -0.0011958 0.00563222 -0.00962284 0.000567778 -0.0054882 -0.00329669 -0.00083278 0.00507472 0.00177237 -0.00458287 0.00128035 0.000458263 -0.00480198 -0.00675297 0.000977015 -0.00239439 0.00110927 0.00125912 -0.00512181 -0.00821204 0.00962325 -0.00317247 -0.00168853 0.00584387 1.49391e-05 3.00993e-05 -0.000830724 -0.00134624 0.00390043 0.000343857 -0.00758201 -0.00823401 -0.00732014 0.00396923 -0.00275037 -0.000297314 -0.00990045 -0.00297337 -0.000870045 -0.00355881 0.00347355 -0.00787848 0.00218115 -0.00525831 -0.00419344 -0.00446287 -0.00378258 -0.00301301 -0.00422109 -0.000417998 -0.00690729 -0.00199139 0.00138955 -0.00264408 -0.00810204 -0.00434762 -0.00613515 0.00353776 -0.0124484 0.00293727 0.00210738 0.000199758 -0.00264303 -0.00163135 -0.00689299 0.000592034 0.00414135 0.00543639 -0.00633081 -0.00628248 -0.00183431 -0.00359915 0.001464 -0.00516381 0.00351651 -0.000669555 
-0.00256059 -0.0019713 -0.00319501 -0.0019748 -0.00275197 0.00210285 -0.010643 -0.000170943 -0.000246086 0.00300662 -0.00359923 -0.00349532 -0.000588594 -0.00459749 -0.00337265 0.000749471 -0.0023577 -0.00136071 0.00707772 0.010925 0.143862 0.0155034 0.00925701 0.0101235 -0.00597508 0.0129069 -0.00598909 0.00205661 -0.00885099 -0.000194622 -0.00431518 -0.00396495 -0.0065982 -0.00186287 -0.0055747 0.00467893 0.00240404 0.00265668 -0.00450607 0.00316582 0.00432852 -0.000631581 0.000792651 -0.0049887 0.010168 -0.00561808 -0.0039612 -1.56148e-05 0.00572097 -0.00253117 0.000549023 -0.00371976 0.00199991 0.00903 0.00563458 -0.00942213 -0.00744129 -0.00638576 -0.00120372 0.000358841 -0.00898592 -0.0086787 -0.00577745 -0.00899049 0.00671818 -0.00855242 -0.0017303 -0.00819712 -0.00238492 -0.00488952 0.00105756 -0.00249407 -0.00394902 -0.00129153 0.000918485 -0.00774912 -0.00386193 0.00170714 -0.00254802 -0.00662948 -0.00392588 -0.00932705 -4.38196e-05 -0.0154404 -0.00226131 -0.00081214 0.00174338 -0.00144509 -0.000632625 0.00284237 -0.00527945 -0.00333792 -0.00881495 -0.00239284 -0.00256784 -0.00463201 0.000955261 -0.00602109 0.00314167 0.00213729 
0.00268153 -0.00407597 -0.00621883 0.0039494 -0.00503987 0.000973911 -0.00653982 -0.00215352 0.00362873 0.000144393 -0.00432546 -0.00865238 0.00178426 0.00192177 0.00523753 -0.00144152 -0.00366174 -0.00538509 -0.000691806 0.00405776 0.0155034 0.165766 -0.00134147 0.00129745 0.00036119 -0.000653889 -0.0113545 0.00103579 -0.00519629 -0.000215696 0.00315974 -0.00530414 -0.00345681 -0.00349025 0.00267142 -0.00195937 0.00133593 0.000867903 0.000767616 -0.00306739 0.0209038 0.00197366 -0.00979311 -0.0016379 0.0161621 -0.00583917 -0.0022109 -0.00454752 0.00106756 0.000666426 -0.000988769 0.000951397 0.0125543 0.0039001 -0.00585308 -0.0096319 0.00634182 -0.00818904 0.00944602 -0.00158293 -0.00385218 -0.00584297 -0.00307067 -0.013854 0.00483074 -0.00884063 -0.00617999 -0.00679089 -0.00801905 0.000925611 -0.00196919 -0.00340512 -0.00533894 -0.00497157 -0.000289769 -0.0121596 -0.00374387 -0.00544413 -0.00647396 -0.00329115 -0.00895631 -0.00751697 -0.00282613 2.98381e-05 -0.00334052 -0.00772499 -0.00133618 -0.000520747 -0.0124337 -0.00805638 0.00314939 0.0141697 -0.0141968 -0.00467606 -0.000877053 -0.00291137 -0.00602511 -0.000659166 0.00835031 -0.00247377 
-0.00327497 0.00328737 0.00195199 -0.00246932 -0.00428594 -0.00144434 0.00226613 0.00370531 -0.00293341 0.00684647 0.00236358 -0.0043892 -0.00281289 -0.00571464 -0.00530902 -0.00731981 -0.00362649 -0.000287002 0.0112681 0.0162259 0.00925701 -0.00134147 0.152088 0.00949681 0.00397985 0.00484142 0.0101457 -0.00217825 -0.00053125 -0.000711011 0.000802693 0.00408023 0.00565811 0.00974893 -0.000684627 0.00198413 0.00141893 -0.00819627 -0.000957327 -3.04512e-05 0.00524665 -0.00237146 0.00209626 -0.0117666 0.0142998 0.00405706 0.00382431 -0.000135542 -0.00394162 0.00128351 -0.00325535 -0.00585294 0.00357986 0.00600249 -0.00284699 -0.0139487 -0.00916762 -0.00584253 -0.00665007 -0.00365038 -0.00934611 0.00230573 -0.004207 -0.0139812 -0.0020232 -0.00969058 -0.00309286 0.000487395 -0.0137717 -0.00228329 -0.00828487 -0.00680668 -0.00248687 -0.00277278 -0.0157987 -0.00494184 -0.00290802 0.00182144 0.0064951 -0.00350492 -0.00382786 0.00376358 -0.00970125 -0.00321735 -0.00651454 -0.00743245 0.00196087 -0.00678859 -0.0156553 0.00381904 -0.00786673 -0.00389015 -0.0111018 -0.012645 -0.00183941 -0.00350136 0.00838486 -0.000860174 -0.00392205 0.00174711 
-0.00590223 -0.00519308 0.00194847 -0.0104774 -0.00254146 -0.0155152 -0.0162762 -0.000943671 0.00065392 -0.000884527 -0.00345259 -0.0139891 0.000862534 -0.00309354 0.0131274 -0.00790704 0.00045867 0.00110672 -0.00376503 0.00883548 0.0101235 0.00129745 0.00949681 0.208145 0.00174287 0.00562066 0.0125806 -0.00482932 -0.00972212 0.00410054 -0.00159275 -0.0111006 -0.00185695 -0.0020816 -0.00653111 -0.00311005 0.00199285 -0.00210919 -0.00310675 -0.00132199 -0.00570463 -0.000399152 -0.00644143 -0.019423 -0.00497656 -0.00224466 0.00472113 -0.00157108 -0.0022512 -0.00882201 0.00117081 0.012111 0.0110561 -0.00361912 -0.0016198 -0.0180108 -0.0186719 -0.0233685 -0.00985909 0.00161277 0.000202762 0.00610347 0.00719821 -0.00101558 0.00463438 0.000602147 -0.00167709 -0.0179517 0.0082058 -0.00616854 -0.00113134 -0.00326258 -0.00747444 0.00172942 -0.00224733 0.00433207 0.00250999 -0.00185218 -0.0135493 0.00033074 -0.0041131 -0.0167827 -0.00126232 -0.0123422 -0.0102457 -0.00567814 0.00462296 0.00327431 -0.00170011 0.00872871 0.00153636 -0.00498543 0.00932421 -0.0079041 0.0061219 -0.00388131 0.00505422 0.00413566 -0.00166815 -0.000232895 
-0.00114752 -0.00144593 -0.0051852 0.000640609 -0.00189327 -0.00399139 -0.00223557 0.00151199 -0.00108757 0.000350913 -0.00147616 -0.000934691 -0.000248302 -0.0046513 -0.00149094 -0.00218048 0.00211379 0.000557392 -0.0047907 -0.0011958 -0.00597508 0.00036119 0.00397985 0.00174287 0.116276 0.00136731 -0.00269403 -0.00102154 0.00343991 0.00220274 0.00339934 -0.00174685 0.00604125 -0.00518517 -0.00799602 -0.00170181 -0.00174507 -0.00215055 -0.0021492 -0.00147725 0.00259882 0.00576684 -0.0071405 -0.00521854 -0.00256421 0.00150044 -0.000828208 -0.000910046 -0.000253191 -0.00173345 -0.00556712 0.000673735 -0.00404535 -0.00256641 -0.00350868 -0.00334059 0.00501989 0.00862574 -0.00316396 -0.00311302 -0.00222133 0.00291494 -0.00281451 -0.00436503 0.000229731 0.000254726 -0.00369104 0.00301039 0.00388681 -0.00240954 0.000408496 -0.000818719 -0.00627737 -0.000330242 0.00803485 -0.00396902 -0.00291659 0.00107714 -0.00818544 -0.00460665 -0.000620917 0.00613946 -0.00444277 -0.00284286 -0.00196951 -0.00131118 -0.00311272 -0.000619066 -0.00486287 -0.00807604 -0.000614279 -0.0018179 0.00693852 -0.0045224 -0.00468792 -0.000999831 0.00178222 -0.00127462 -0.00375585 -0.00296081 
-0.000183266 -0.00474679 0.00306919 -0.00233235 -0.00489884 -0.00366168 -0.00238409 0.00112662 -0.00136398 -0.00462212 -0.00246327 0.00146985 -0.0115445 -0.00573321 0.00198951 0.00139638 -0.000617245 0.00100486 0.00348017 0.00563222 0.0129069 -0.000653889 0.00484142 0.00562066 0.00136731 0.162993 0.0155615 0.00453216 0.00308504 0.00185889 0.00222789 -0.00246761 0.00659225 -0.00479486 -0.000586295 0.00392623 0.000896525 -0.00470901 0.00614188 -0.0011418 -0.0107061 -0.0112554 -0.00182405 -0.00665327 0.00435412 -0.00181744 -0.00516087 0.00117751 -0.000388971 -0.000320277 -0.00455955 0.00163587 -0.0170895 -0.00622254 0.00923498 -0.0115311 -0.00952913 -0.0189775 -0.00925933 0.00220267 0.00123743 -0.00596661 -0.00757444 0.00324714 -0.00290487 0.00253484 0.00317238 -0.0021674 0.000852411 -0.00444219 -0.00827635 -0.00161756 -0.00441322 -0.00337542 -0.0174306 -0.00677924 -0.00170639 -0.00733951 -0.000948025 -0.00313682 -0.000929686 -0.0145609 -0.000929208 0.00130568 -0.000636665 0.000539629 -0.0101455 -0.00233041 0.0104174 0.00606525 -0.0114082 0.00275783 -0.00258049 -0.000484082 -0.00333833 -0.000186411 0.00506763 -0.00382531 0.00197306 -0.00586233 
-0.00371786 -0.0125696 -8.06818e-05 -0.00739022 -0.000279559 -0.00679474 -0.000719767 0.00258726 -0.00519077 -0.00295694 -0.00356155 0.00313111 -0.00249208 -0.0041288 -0.00876098 0.00565702 -0.00664739 0.00441194 0.000851151 -0.00962284 -0.00598909 -0.0113545 0.0101457 0.0125806 -0.00269403 0.0155615 0.200039 -0.00175368 0.00514139 -0.00204095 0.00392178 -0.0110355 0.012202 0.0110624 0.00774707 0.00425916 -0.00171601 -0.00189715 -0.00419861 -0.000169505 0.000396192 -0.00357373 -0.00683686 -0.00649777 0.0230392 -0.00963036 -0.00837999 -0.00761237 -0.011718 0.00117295 -0.00664592 -0.00352798 -0.00849931 -0.00358851 0.000978973 -0.00106439 -0.000233418 -0.0235473 -0.00106403 -0.00563463 -6.52851e-05 0.00322435 -0.0101567 0.000258303 -0.00848568 -0.0066357 -0.00172796 -0.00855335 -0.000520453 0.000215697 -0.00596231 0.0019405 -0.000707484 -0.0015486 -0.00192094 -0.00510215 0.00192909 -0.000326478 0.00578273 -0.00278811 -0.00147575 -0.00692393 0.00548123 0.00383971 -0.016882 -0.0106611 -0.00634966 -0.00152062 -0.000949521 -0.00273205 -0.00426227 0.00534193 -0.00973327 4.29209e-05 -0.00181645 0.000726946 -0.00128251 -0.00109818 -0.00198751 -0.00567673 
0.00184653 -0.00345461 7.09206e-05 0.00256782 -0.00172463 0.00408589 0.00154971 -0.000855994 -2.18491e-05 0.00209766 -0.00320562 -0.000176553 -0.00144925 -0.00179991 -0.00359524 -0.00248227 -0.00163738 0.00117099 0.00782804 0.000567778 0.00205661 0.00103579 -0.00217825 -0.00482932 -0.00102154 0.00453216 -0.00175368 0.0736469 0.00649072 -0.000359258 0.000242994 -0.000710679 0.00201637 -0.00244012 0.00190708 0.00284381 -0.0015201 -0.00408046 -0.000310146 -0.00156995 0.000740832 -0.000610797 0.00102638 0.000437615 -0.00331837 -0.00145858 -5.6848e-05 0.000782155 -0.00336876 0.000692589 -0.00080662 -0.00272586 -0.00630861 -0.000216364 -0.00884985 -0.00320361 0.00104929 -0.00263519 0.00156035 0.00178681 0.00556585 -0.00202437 -0.00519564 -0.00640483 -0.00209864 -0.00632161 -0.00246996 -0.00417972 -0.0015537 -0.000964512 0.000134286 -0.00245686 -0.000361776 -0.00225696 0.00600876 -0.00299344 -0.000298914 -0.00223424 0.00159933 -0.00600841 0.00184343 0.000338737 -0.00449258 -0.00510087 -0.0022185 0.00354227 -0.00179647 -0.000220751 -0.00544119 -0.00217257 -0.00161942 0.004001 -0.00466226 0.00618914 -0.000965783 9.66727e-06 0.00111466 -0.00146703 -0.00169856 -0.000565129 
0.00233664 -0.00225223 -0.000931409 -0.00489441 0.00171584 0.00134885 -0.000946931 -0.00641484 -0.00183172 -0.00374868 -0.000617774 -0.000174895 0.00134273 -0.00496635 -0.00843203 -0.00796092 -0.000654639 -0.00517187 -0.00578742 -0.0054882 -0.00885099 -0.00519629 -0.00053125 -0.00972212 0.00343991 0.00308504 0.00514139 0.00649072 0.118814 0.000171727 -0.00855603 0.00439954 3.29923e-06 0.0046532 -0.00468226 0.0010436 -0.00357701 -0.00400592 -0.00378001 -0.00708317 -0.00540114 -0.00315319 -0.000292088 0.00349105 -0.00485429 -0.00152327 0.0107463 0.00739742 -0.00800638 -0.00118383 -0.000425044 -0.00421358 0.00701865 0.00217668 -0.00827067 -9.87086e-05 0.00656873 -0.00910551 -0.00195947 0.000929214 0.0087381 6.94489e-05 -0.00141016 -0.00445991 -0.00111375 -0.00530738 -0.00371421 -0.0102482 -0.00174581 -0.000617004 -0.00526833 -0.0051342 -0.00609719 0.000802517 0.00338029 0.000701392 0.000573267 -0.0058934 0.00578664 -0.00407837 -0.000298514 0.0134214 -0.00738138 0.0104551 0.00224282 0.0015146 -0.0030095 0.00169709 -0.00458598 -0.00377081 0.00584845 -0.000919467 -0.000701702 -3.95078e-05 2.26798e-05 -0.000118489 0.00220704 -0.00234643 -0.00330667 -0.00346224 
-0.000588092 -0.00200736 -0.00278851 -0.00166455 -0.000812866 -0.00169258 -0.00226662 -0.000374076 -0.00125933 0.00294159 -0.000712377 -0.00191177 0.00316262 -0.000469045 -0.00263752 -0.00414527 -0.00258592 -0.002313 0.000946575 -0.00329669 -0.000194622 -0.000215696 -0.000711011 0.00410054 0.00220274 0.00185889 -0.00204095 -0.000359258 0.000171727 0.0594899 0.00073208 -0.00189351 0.00147642 -0.00281597 0.000312167 -0.000925347 -0.0015769 -0.00381858 0.000625713 0.00113359 0.00344236 -0.0006887 -0.001871 -0.00361141 0.000502749 0.00113033 -0.000985967 -0.00267212 -0.00177752 -0.00165273 -0.00341967 0.000775238 -0.00492708 -0.000324168 -0.000426861 -0.00269716 -0.0036551 -0.00524891 -0.000359091 2.85884e-05 0.00143074 -8.00376e-05 0.00231198 -9.67664e-05 0.00109997 -0.000594838 -0.000344768 0.00111106 -0.00055936 -8.62546e-05 0.00087169 0.00177129 0.000889108 -0.000799841 0.000355909 -0.000357263 -0.00132902 -0.0011952 -0.00400952 0.00181065 2.59991e-05 -0.00180652 0.000262772 -0.00137732 -0.00140714 -0.00523374 0.00540765 0.00167312 -0.00263989 0.00660064 -0.00148385 0.000376091 -0.00540455 -0.00364215 -0.000328678 5.93296e-05 0.00210357 0.000133073 -0.00215187 0.00199501 
-0.00251115 0.00328706 0.00110476 0.00539256 -0.00250894 0.00486827 0.00225844 -0.0057681 -0.00123501 -0.000112548 -0.00281819 -0.0012802 -0.00505568 -0.00741386 -0.00294078 -0.00099589 -0.00126344 -0.00289313 0.00749061 -0.00083278 -0.00431518 0.00315974 0.000802693 -0.00159275 0.00339934 0.00222789 0.00392178 0.000242994 -0.00855603 0.00073208 0.134541 -0.00913651 0.00140902 0.00180313 0.00700936 -0.00269764 0.00070069 -0.00322081 -0.00817419 0.0074113 -0.00642817 0.00473382 -0.00248221 -0.000763655 -0.0110641 -0.00021653 -0.0059115 -0.00719647 0.000199385 0.00969142 -0.00490711 -0.0056236 -0.0122541 -0.00139807 0.0013146 0.00428362 -0.00929358 0.00273222 0.00430297 -0.00174848 -0.0118941 -0.00293523 -0.00918423 -0.00357323 -0.00427416 0.00383251 0.00422609 0.00905788 0.0102901 -0.00389981 -0.000313433 -0.00146434 0.00315554 -0.00445496 -0.00329848 -0.00447078 0.00238875 -0.000457807 -0.00987284 0.00157138 0.00258812 -0.0166321 0.000240464 -0.0211505 -0.0053187 0.00586694 -0.00192048 0.00430859 0.00488129 -0.000681887 -0.00520382 -0.0019775 -0.0068461 0.00504225 -0.00442059 -0.00297108 -0.00708891 0.00373363 -0.00285743 0.00156867 
-0.00412333 -0.00736732 -0.00385997 -0.0013306 -0.000413005 -0.000149004 0.006326 -0.0120245 -0.000934208 -0.00280415 -0.00245882 -0.00236502 -0.000865668 -0.00616325 -0.00123963 -0.00510768 0.00226567 -0.00803183 -0.00218749 0.00507472 -0.00396495 -0.00530414 0.00408023 -0.0111006 -0.00174685 -0.00246761 -0.0110355 -0.000710679 0.00439954 -0.00189351 -0.00913651 0.152102 0.00577287 0.00736933 0.00880389 0.0124836 -0.00167273 -0.00514075 0.00390614 0.00166018 -0.0125994 -0.00357844 0.000307955 -0.00296321 -0.012161 7.63991e-05 0.00127474 0.00906709 -0.00725546 0.000530623 0.00285709 0.00612279 -0.0105601 -0.00559472 -0.00839339 -0.00221059 0.00550039 -0.00315663 -0.0031766 -0.0011143 -0.00441942 0.00484362 -0.00627329 -0.00452194 -0.000401356 -2.94253e-05 -0.00360286 -0.00733638 -0.0124767 -0.000800251 -0.00948843 -0.00633198 -0.00214174 -0.00574074 -0.0117608 0.00291714 0.00143123 -0.00663533 0.00720848 0.00377642 0.000250672 0.00450405 -0.0168 0.00912156 0.0121174 0.019409 -0.00492428 -0.0074306 -0.0161967 -0.00316157 0.00772885 -0.00122221 0.0121398 -0.000691412 -0.00102296 0.00113031 0.00846419 -0.00774981 -0.00448805 -0.00101306 
-0.00350627 -0.00632495 -0.00555445 -0.00515616 -0.00169905 0.00186591 0.00128071 -0.000520636 -0.00118008 0.004347 0.00654183 0.00400111 0.00035098 -0.004091 -0.00173234 4.69444e-05 -0.00197562 -0.0063671 0.000900824 0.00177237 -0.0065982 -0.00345681 0.00565811 -0.00185695 0.00604125 0.00659225 0.012202 0.00201637 3.29923e-06 0.00147642 0.00140902 0.00577287 0.112968 0.0106811 0.000129736 0.00169622 0.00185275 -0.00252436 0.00191449 0.000956386 -0.0014105 -0.00591287 0.00116382 -0.00490817 -0.0017702 -0.00307976 0.000194809 -0.0020103 -0.00168937 -0.00269282 0.00296127 -0.000318287 -0.0110438 -0.0109751 -2.73844e-06 -0.00372749 -0.00943468 -0.00662096 -0.00547771 -0.000559187 -0.00941951 -0.00095437 -0.0048352 -0.00483245 0.000877823 0.00460261 0.00423738 0.003536 0.00129503 -0.00352758 -0.00694524 -0.000638058 -0.00281125 -0.00201821 -0.0100468 -0.000346575 0.000349563 0.00110601 -0.00179364 -0.00955294 -0.000741855 -0.00318265 -0.00715821 -0.00535741 -0.00774782 -0.00555487 0.00357634 0.00170432 -0.0100759 -0.000765749 0.0025973 0.00531453 -0.00104305 -0.00682423 -0.00215459 -0.00085215 0.00341552 -0.00206042 0.00522073 0.000787686 
-0.00261424 -0.000873011 -0.000791569 -0.00700145 -0.00440642 0.00281436 -2.91099e-05 -0.00355474 -0.00227582 -0.00829492 -0.00382382 0.00402481 -0.000221011 -0.00790219 -0.00195874 0.00321694 -0.0016018 -0.0101457 0.000391523 -0.00458287 -0.00186287 -0.00349025 0.00974893 -0.0020816 -0.00518517 -0.00479486 0.0110624 -0.00244012 0.0046532 -0.00281597 0.00180313 0.00736933 0.0106811 0.136187 0.00804689 0.00145809 0.00677718 0.00545701 0.0103039 -0.00200672 0.00549148 -0.00300762 0.00542059 3.61214e-05 0.000325981 -0.00276183 -0.00140295 -0.00324212 -0.000717952 -0.0014382 -0.00599959 -0.000425869 -0.0123292 -0.011613 -0.00263055 -0.0125102 -0.0155967 -0.00837996 -0.00888816 -0.00514324 -0.00557228 -0.000496796 -0.00260244 -0.00248298 -0.00561195 0.00330082 -0.00149871 0.000348321 -0.00623088 -0.00400427 -0.000926917 0.000882975 -0.00263901 -0.000595786 -0.0132433 0.00477294 0.00105373 0.00399702 0.0124651 -0.00299684 -0.00367323 0.0194848 0.00609488 0.000614961 -0.00493241 0.0059668 -0.00681002 -0.00746255 -0.00324659 -0.00745594 -0.00526385 -0.00175859 -0.00396707 -0.00646867 -0.00315682 0.00120289 -8.78608e-05 -0.00288115 -0.00413632 -0.0044099 
