0.149308 0.00435407 0.00775863 -0.000598974 0.0037217 0.00757916 -0.00591053 -0.00241329 0.00459941 -0.00312105 0.00698394 -0.00185569 0.00486009 -0.00065193 -0.00576971 -0.00319344 -0.00211724 0.000870385 -0.000214726 -0.00945651 -0.00257856 -0.00127736 -0.00325365 0.00064361 -0.00252211 0.00326117 0.00105157 0.00631031 -0.00599791 -0.003792 -0.0107398 -0.00731314 -0.00324343 0.00120248 -0.00612308 -0.00563291 -0.0144007 -0.00725811 -0.00987978 -0.00271848 -0.00403125 -0.00790829 0.00179497 -0.00380974 -0.00584902 -0.00218212 0.00439279 -0.00311011 0.000916909 -0.00290238 -0.00496908 -0.00309386 -0.00425755 -0.00398393 -0.00640056 -0.00208511 -0.00760355 -0.00947151 0.00034808 0.0104685 -0.00684484 -0.00401722 -0.00630263 0.0138356 -0.000810136 0.00143068 -0.00317866 -0.0111611 -0.00539531 -0.000127379 -0.0126991 -0.00532288 -0.0098475 -0.0051772 -0.00289089 0.0030627 -0.00466093 -0.00304866 -0.00373784 -0.00654452 -0.00120213 -0.00386209 0.00221677 0.0013343 0.00259879 -0.0032977 -0.00264279 -6.86836e-05 0.00132462 0.000934684 0.00734641 -0.00371611 0.00727517 0.00348054 -0.00790043 0.00749159 -0.00282033 0.0149557 0.0145088 0.00874712 
0.00435407 0.119445 0.00420368 0.00654666 0.00250591 0.000912265 -0.00615388 -0.00676552 0.00476105 -0.00123528 -2.25064e-05 -0.000976143 -0.00596441 -0.00186314 -0.00293628 -8.3478e-05 -0.000799977 0.00838676 0.000297903 -0.00157588 0.00248918 -0.00500652 -0.00986769 -0.000765942 0.00473378 -0.016019 0.00499019 -0.00390095 -0.00127928 -0.00280794 -0.00359857 -0.00155337 0.00234628 -0.00166026 -0.00120703 -0.00869899 -0.00760833 0.00139052 -0.00484703 -0.00276292 0.00156608 0.00694932 -0.00442806 -0.00244145 -0.00317442 -0.000311634 -0.00219029 0.00177425 -0.00154848 0.00109 -0.00770923 0.00124145 -0.00385456 0.00145707 -0.00208804 -0.00462112 -0.00379344 -0.00564832 -0.00673232 -5.42803e-05 -0.00380965 0.00201403 0.000560634 -0.00429973 -0.00119347 -0.00260881 0.00133048 -0.00173472 -0.00491871 -0.00460322 -0.00780766 -0.00199673 0.00226403 -0.00887873 -0.00169733 -0.00634817 -0.00246644 0.00448917 -0.00161976 0.00463578 -0.000128555 -0.00242627 -0.00269805 -0.00380979 -0.00671162 -0.00205395 0.00224541 0.00289452 -0.00794212 0.000370822 0.000538603 0.00360793 -0.00298065 0.0040973 -0.00139641 0.00496054 0.00278803 0.0100053 0.000151837 0.00429058 
0.00775863 0.00420368 0.0952158 -0.00562995 0.00567784 -0.00017886 -0.00906461 0.00132175 0.00279528 -1.32837e-05 0.00725933 0.00288605 -0.00512938 -0.00290087 -0.00276063 0.0013891 -0.00531511 0.00442621 -0.00577259 -0.00173156 -0.0049005 0.00334518 -0.000643154 0.00193622 -0.000947985 -0.00791366 -0.00286132 -0.000469678 0.000995337 -0.00256654 -0.0108228 -0.005178 -0.00485985 0.00336059 -0.00258108 -0.0031803 -0.00170133 -0.0091223 -0.010872 -0.00216168 -0.00261407 0.00539343 0.00307542 0.000354579 0.000525994 0.00416227 -0.000935508 0.00351547 -0.000577231 -0.000754401 -0.0056214 0.00208464 -0.0029081 0.00454687 0.00024029 0.00211834 -0.00612451 -0.0030249 -0.00640984 0.0033241 -0.00754925 0.00279822 0.00283485 -0.00259683 -0.000304885 -0.00201065 -0.00162369 -0.0040494 0.00141997 0.000151725 0.000189326 0.00240535 -0.00385085 -0.00629656 -0.000896976 0.00438655 -0.0021369 -0.00251968 -0.00377017 0.00314218 -0.00108432 -0.00116686 0.00334735 -0.00437845 -0.00214219 -0.000964852 -0.00496135 0.000374322 -0.0014867 -0.00113476 -0.00491146 0.00201605 -0.00248076 -0.00355493 -0.00343241 0.00302757 0.00120902 0.000576365 0.00454611 0.00321647 
-0.000598974 0.00654666 -0.00562995 0.110409 -0.00210716 0.0036902 0.0119165 -0.00185506 0.00445701 -0.00327145 -0.00260749 -0.00332289 0.00346792 -0.00241075 -0.00308196 -0.00137709 -0.00400522 -0.00164287 0.00319779 -0.00197923 -0.00287675 -0.00652896 -0.00380202 -0.00199188 -0.00242083 -0.00149692 0.00657301 -0.00588845 0.00211266 0.000960781 -0.0067257 -0.000300176 -0.00147334 -0.00325076 -0.000927265 -0.000582333 0.00132669 -0.00528618 -0.00856316 -0.00427182 -0.00480524 0.00114574 0.000403027 -0.00436586 -0.0043703 -0.00011555 -0.00198148 -0.00517556 -0.00409467 -0.00134934 0.00610807 -0.00601356 0.000862568 -0.000522793 -0.00316854 -0.00156566 0.00958945 0.00219506 -0.000979224 0.00583848 -0.000842782 -0.000774024 -0.00124344 -0.0065374 0.000633171 0.00378653 -0.00492486 0.00965647 -0.0036501 -0.000918137 -0.00607397 -0.00326372 -8.30567e-05 -0.00711314 -0.00125202 -0.00400319 -0.00345906 0.00983994 -0.00907528 -0.00463406 0.00775048 0.00388339 0.000159749 -0.0111741 -0.00285101 -0.00668334 -0.00231251 -0.00149604 0.00629037 0.0046127 0.003815 -0.00434324 0.00210286 0.00289785 0.00158759 -0.00358054 -0.00657278 -0.00561227 -0.00365229 -0.00290591 
0.0037217 0.00250591 0.00567784 -0.00210716 0.113406 0.000499122 -0.00589283 -0.000239856 0.00297097 0.00676781 0.00176577 -0.00314709 0.000341519 0.00361649 0.00486816 -0.00345852 -0.00380228 0.00142794 -0.00263594 -0.00456502 -0.00771661 -0.00344762 -0.00204937 -0.00144921 -0.00424784 -0.00559472 -0.00397228 -0.00585074 -0.00566721 0.00282564 -0.014455 -0.00289352 -0.00129655 -0.00860142 -0.00276626 0.00219357 -0.00579024 1.30358e-05 0.00406516 -0.00228869 -0.00173968 -0.00508838 -0.00422941 -0.00367507 -0.00198877 -0.000810087 -0.000693141 -0.00484275 -0.00375246 -0.00236946 -0.005939 -0.0047539 -0.00456402 -0.00198678 0.000998871 0.00538947 0.00789979 -2.9634e-05 0.00425908 -0.00155674 -0.00704452 0.00630385 0.000579905 -0.00438848 -0.00166425 0.001141 0.00181276 -0.00270426 -0.00552014 0.0081684 -0.00337026 0.000708902 -0.00256004 -0.00858873 -3.71279e-05 -0.00155286 0.00627242 -0.00378273 -0.0123468 -0.0036986 0.00331111 0.00271073 -0.00126237 -0.00613877 -0.00646556 0.00378596 -0.00177271 0.0032905 -0.00193523 0.00087659 0.00700282 0.00322995 -0.00318904 0.00331002 -0.00334681 0.0012763 0.00309338 -0.000729264 0.00158962 0.000375346 
0.00757916 0.000912265 -0.00017886 0.0036902 0.000499122 0.0719156 0.00366489 0.00177242 0.00196098 0.00188216 -0.00420987 -0.00253199 -0.00341426 -0.000262422 -0.00169409 0.000507025 0.00542658 0.000277748 0.0016876 0.00184457 -0.00339582 -0.00145845 6.23152e-05 -0.00127727 -0.00420719 0.00119433 0.00128971 -0.00225114 -0.00614605 -0.00339943 0.000876483 -0.000817356 0.00267361 0.000131024 0.00212486 -0.00635162 -0.000925687 -0.00347849 -0.00296859 -0.00168275 -0.000609934 -0.00370541 -0.00343099 -0.00279557 -0.0033824 -0.00131138 -0.000943376 -0.00148931 0.00127396 0.000650468 -0.00193994 -0.001081 -0.000639327 -0.00158527 -0.00185907 0.000241012 -0.00227957 -0.00107211 0.00253256 0.00634535 -0.00121748 -0.000507697 -0.00276526 0.000465983 -0.00237774 -0.00415478 0.00249085 -0.00681559 -0.000371163 -0.00585727 -0.00291648 -0.00183772 0.00408118 -0.00263099 0.00265998 0.000413829 0.000656477 0.00122713 0.00422194 -0.00368684 -0.00204793 0.00464983 -0.00123317 0.00179039 0.00081832 -0.00338959 -0.00418685 -0.00180471 0.000518728 -0.00210123 0.00164122 -0.00278768 0.00122123 -0.00523048 -0.0028939 -0.00237036 -0.00335691 0.000304301 -0.00170734 -0.0031523 
-0.00591053 -0.00615388 -0.00906461 0.0119165 -0.00589283 0.00366489 0.16918 0.0022521 -0.00122188 -0.00433757 -0.0059839 -0.00272102 -0.00331418 0.0046447 -0.0109195 0.00291864 -0.00270453 -0.00445724 -0.00454806 8.38966e-05 -0.00735062 -0.0119491 -0.00015165 -0.0044588 -0.00480768 0.00681659 -0.00360573 0.015743 -0.00438633 -0.00615433 -0.00575611 -0.00261022 -0.00506736 -0.0110186 0.0028566 0.00750078 -0.0044327 -0.00204964 0.00524656 -0.011928 -0.0105873 -0.0114269 -0.00490275 0.00186303 -0.00089424 -0.00523844 -0.00126401 -0.00631559 0.00679452 -0.00329083 0.000982141 0.00208572 0.0109586 -0.00385731 -0.0015285 -0.00717508 0.00265258 0.00119543 -0.0110262 -0.00288778 0.000534542 -0.00902243 -0.000257291 -0.00453382 -0.00371813 0.00560567 -0.0109142 0.00395229 0.00189592 -0.00875852 0.00187397 -0.000884727 -0.00071341 0.00832587 -0.00154706 0.0169859 0.00040902 0.000907121 0.00296993 -0.00231327 0.00816838 0.00682506 -0.00183663 0.000450917 -0.00546443 -0.00455467 0.00580581 -0.00264721 -0.00284779 -0.00394187 -0.00737285 -0.00190369 -0.0030214 0.00545592 -0.00683154 -0.00219296 -0.00324151 -0.00783731 -0.00290804 -0.00690609 
-0.00241329 -0.00676552 0.00132175 -0.00185506 -0.000239856 0.00177242 0.0022521 0.131821 -0.00461219 0.0002309 -0.00503821 -0.00414348 -0.0082013 -0.00300841 -0.000500776 -0.00110153 0.00153061 -0.0013788 -0.00311484 -0.00287588 -0.0120537 -0.00470946 -0.00219847 -0.00854211 0.00246875 0.00192494 -0.00398913 0.00430417 0.00561513 -0.00268092 0.00958363 -0.00403501 0.0016025 -0.000637249 -0.00225464 -0.00721099 0.00381312 -0.00952576 -0.000287626 -0.00360629 0.000907589 -0.00141686 -0.00360754 0.00156602 0.00629351 -0.00380422 -0.00343535 -0.000355201 9.94265e-05 -0.00253109 9.10658e-05 0.00362348 0.00907122 0.00311007 0.00464296 0.000223025 -0.00235069 0.000511992 -0.0100057 0.00426701 -0.00111191 -0.00140113 0.0002778 -0.00318492 -0.001892 -0.00568011 -9.20795e-05 -0.00160576 0.000132155 -0.00353731 -0.000728219 -0.00201003 0.00160931 -0.0115305 -0.00219599 0.00417962 -0.00447861 -0.00293932 -0.00489289 -0.00925737 0.00435913 0.00348116 0.00640883 -0.00195116 -0.00471135 -0.00438095 0.000564149 -0.00191967 -0.00261672 -0.00116484 -0.00131683 -0.00302436 -0.00376573 0.00814623 -0.00305054 0.00067919 0.000656662 -0.00759811 -0.0030677 -0.0035498 
0.00459941 0.00476105 0.00279528 0.00445701 0.00297097 0.00196098 -0.00122188 -0.00461219 0.11759 0.00146692 -0.00416794 0.0035891 0.009933 -0.000184686 0.0115227 -0.00318486 0.00957905 -0.00016174 0.00096919 -0.00696797 -0.00477583 0.00126734 -0.0030946 0.00168541 -0.0020289 -0.00373206 0.000328215 -0.00848313 0.00520967 -0.00331374 -0.001134 -0.00460087 -0.00439701 0.000425376 -0.00251242 -0.0055494 -0.0117644 0.00239232 -0.00812701 -0.00532165 0.00657271 0.000438958 -0.00274946 -0.00344724 -0.00626047 -0.00392674 -0.00498327 -0.00529234 -0.00191614 -0.00535325 -0.00285917 0.00434244 0.000442919 -0.00207505 -0.000982504 0.000843769 -0.00266595 -0.00610401 0.00245935 0.00976779 -0.0080976 0.00444418 -0.00115394 -0.00419818 -0.00231047 -0.00515374 -0.00627403 0.0042798 -0.00230702 -0.00540899 -0.000139194 0.00106669 -0.000404659 -0.00737346 -0.00306778 -0.000160867 -0.00154438 -0.000962546 -0.00170124 -0.00427796 0.000118385 -0.00622776 -0.0060702 -0.0095504 -0.00750013 -0.0054944 0.0027707 -0.000409762 -0.00327693 0.00297694 0.00272335 -0.00801176 0.00196887 0.000442431 0.00346169 -0.000383575 0.00880217 0.000927535 -0.00656558 -0.000374856 
-0.00312105 -0.00123528 -1.32837e-05 -0.00327145 0.00676781 0.00188216 -0.00433757 0.0002309 0.00146692 0.0813969 -0.00354324 0.00271275 -0.00518527 -0.00134685 -0.00226436 -0.00109541 -0.00348333 0.00353391 -0.00501651 0.000290595 0.000515892 0.0016996 -0.00258857 0.000357067 -0.000297684 -0.00175542 0.000958865 -0.00145518 0.00165918 4.22334e-05 -0.00516609 -0.00522991 0.00244746 -0.00794587 0.000496357 0.00414182 -0.00530879 -0.00799152 -0.000437377 -0.00328952 -0.000734989 -0.00159574 -0.00426707 -0.00120811 -0.00198738 -0.000193633 -0.000596176 -0.00425615 0.000521467 -0.00101373 -0.00220698 -0.0027331 0.000744266 -0.000841024 0.00173734 -0.00165478 -0.000696958 0.00237003 0.00300828 -0.00257495 0.00152456 -0.000150942 0.00243018 0.000827331 0.00208459 -0.00385411 8.7292e-05 -0.00428473 -0.00359877 -0.0032447 0.000921645 -0.00117646 -0.00389605 -0.00631179 0.00151661 -0.00149014 0.000671027 0.00216671 -0.00446934 0.00482285 0.00401181 -0.00283711 8.77662e-05 0.000277069 -0.00207001 -0.00401592 -0.00036027 0.0075084 -0.00432291 -0.00182206 0.000822393 0.00449571 0.00346092 -0.000175901 0.00240486 -0.00254507 0.00174099 -0.00129145 -0.00725001 0.000263578 
0.00698394 -2.25064e-05 0.00725933 -0.00260749 0.00176577 -0.00420987 -0.0059839 -0.00503821 -0.00416794 -0.00354324 0.138122 0.0040734 0.00286441 -0.000446772 0.000207209 7.97671e-05 -0.012463 -0.00664153 0.00149302 -8.22817e-05 0.0110597 0.000530564 7.57664e-05 0.00486601 0.0067237 -0.00729181 0.00560461 -0.00360092 -0.0160934 0.00711571 -0.0167451 -0.00608788 -0.0105166 -0.00589865 -0.000291833 0.00418192 -0.00278689 -0.00706176 -0.00853521 -0.000569105 -0.00269896 -0.00777269 0.0139913 -0.00274501 0.0115438 0.0183007 -0.00101309 0.00625889 -0.00687484 -0.00323262 -0.0111243 -0.00559204 -0.0131453 -0.00295995 -0.0093009 0.00455835 -0.000509512 -0.00383688 -0.005216 -4.73449e-05 0.00572719 -0.00222055 -0.00143406 0.00813631 -0.00196824 0.0120143 -0.000325241 -0.00959867 0.00457385 -0.00751811 0.00574182 0.00283301 -0.00784876 -0.0114823 -0.00380738 -0.00129091 -0.00787835 0.00243055 -0.00745815 0.00563958 -0.00347428 -0.00653934 0.00601932 -0.000666325 0.0152467 0.00379009 -0.00718781 -0.00724008 -0.0033943 -0.00350875 -0.0101131 -0.00200385 -0.00352704 -0.000714053 -0.00339285 -0.00328665 -0.0120936 -0.000854005 0.00562665 0.00214312 
-0.00185569 -0.000976143 0.00288605 -0.00332289 -0.00314709 -0.00253199 -0.00272102 -0.00414348 0.0035891 0.00271275 0.0040734 0.101067 0.00244443 0.000862594 -0.0021856 0.00269069 -0.00428237 0.00231208 -0.00234007 -0.00558307 0.00230953 -0.00281071 0.00303178 -0.000481605 -0.00352612 -0.00643741 -0.00517059 -0.00200237 0.00153905 0.000214448 -0.00737007 -0.00124756 0.000793786 0.00409318 -0.000224592 0.00246535 -0.00326382 -0.00644657 -0.00588491 0.000306402 0.00113135 -0.00641122 0.00621719 -0.000810736 -0.00167027 0.00290512 -0.0011675 0.0047922 0.00172321 -0.00430426 -0.0102173 0.000782896 -0.00351759 -0.00461357 -0.00281915 -0.00300049 -0.00119185 -0.0019543 0.000706272 0.00469078 0.00479451 0.0088541 0.00373501 0.00563364 -0.00330188 0.00279518 0.00103763 -0.00412086 -0.00309105 -0.00107325 0.00674195 0.000768887 -0.00161759 -0.00455239 -0.000391898 0.00232918 -0.00625966 -0.00074925 0.00358084 -0.00175862 -0.0034336 -0.00739702 -0.00495637 0.00387384 -0.00500503 -0.00400161 -0.00067184 -0.00455835 -0.00512342 -0.000463353 -0.00202665 9.73898e-05 0.0007554 -0.00103309 -0.00067421 -0.0072238 -0.00323424 -0.00030713 -0.00543895 -0.00323883 
0.00486009 -0.00596441 -0.00512938 0.00346792 0.000341519 -0.00341426 -0.00331418 -0.0082013 0.009933 -0.00518527 0.00286441 0.00244443 0.173072 0.0132712 0.00641813 0.00182797 0.00317279 -0.00449815 0.0133125 -0.00628632 -0.00099635 0.00415882 -0.000466586 0.00153469 0.00101383 0.00189333 -0.0018892 0.00694349 -0.0025915 -0.00174553 -0.0144824 0.00233692 -0.00766041 0.00804842 -0.0016885 0.00184002 -0.00482123 -0.00373589 -0.00671057 -0.00198957 -0.000161074 -0.00896074 0.00259508 -0.000602455 -0.00347293 -0.00718645 -0.00511532 -0.000977095 0.000185861 -0.00463487 -0.00441947 -0.007346 0.00467711 -0.000414923 -0.00989679 -0.000765256 -0.00580937 -0.00457665 0.00406612 -0.0109112 0.00118285 -0.00145428 -0.00214844 -0.0135902 -0.00529751 0.00380442 -0.00213302 -0.00442879 -0.00321239 -0.00555796 0.00910677 0.0035543 -0.00341592 0.000599009 -0.00203834 0.00385028 -0.00803815 -0.00105807 -0.011733 0.00685425 -0.0138735 -0.00402657 -0.00692718 -0.0146387 0.00375344 -0.00430555 -0.000805099 -0.00323164 -0.00425428 0.00252593 0.000385196 -0.00478404 0.002814 -0.00985557 0.00475727 -0.00180691 -0.008476 -0.000846631 -0.00363325 -0.00587436 
-0.00065193 -0.00186314 -0.00290087 -0.00241075 0.00361649 -0.000262422 0.0046447 -0.00300841 -0.000184686 -0.00134685 -0.000446772 0.000862594 0.0132712 0.109527 -0.00523676 0.00343741 0.00469554 -0.00099481 -0.00251963 -0.00247321 -0.00258098 -0.0109443 -0.007361 -0.00202959 0.00186432 -0.00443108 0.000480388 0.00214564 -0.00294356 -0.00108127 -0.00501848 0.00174231 0.00040994 -0.00423359 0.000454162 0.00116548 -0.00452298 0.00921075 -0.000402788 0.00710934 -0.00242119 -0.00162031 -0.000269469 -0.00264312 -0.00568519 0.000564729 -0.00186037 0.00164737 0.00246679 0.00582713 -0.00391384 0.00132338 0.00711193 0.00210539 0.00170418 -0.00240531 -0.00788562 0.000351225 0.00399991 -0.00318785 -0.00315358 -0.00174982 0.000772056 -0.00647411 -7.06787e-05 -0.00750176 -0.00490935 -0.000652305 0.00299674 -0.00363938 -0.00456098 0.00172132 -0.00410964 -0.00675847 -0.00209193 0.0013838 -0.00350863 -0.00116492 0.00138978 -0.000554855 -0.00275384 -0.00057371 -0.00475183 -0.0107683 -0.00270364 -0.0031778 0.005174 -0.00172344 -0.00359006 -0.00122555 0.00215552 0.0033879 0.000135481 0.00132075 -0.0068445 -0.0121327 -0.00145904 -0.00371081 -0.000509336 -0.00360971 
-0.00576971 -0.00293628 -0.00276063 -0.00308196 0.00486816 -0.00169409 -0.0109195 -0.000500776 0.0115227 -0.00226436 0.000207209 -0.0021856 0.00641813 -0.00523676 0.134499 -0.00366964 0.00011898 -3.49644e-05 0.00310694 -0.00236812 -0.0070778 0.00357369 0.00113211 -0.00394869 -0.00213587 0.00648311 -0.00881438 -0.015157 -0.00842539 -0.00172095 0.0115925 -0.00248393 -0.00467217 0.00753365 0.0015564 -0.00299003 0.00285608 0.00463265 -0.00640106 -0.00665341 0.00252677 0.00380334 0.00222505 -0.00127369 -0.00800313 -0.00370833 -0.00609336 -0.0105487 -0.00615165 -0.00261082 0.0117894 0.00334077 -0.00121644 -0.00764794 -0.000112826 0.000256173 0.00250826 0.00175123 -0.0033032 -0.00883993 -0.00825489 0.00348434 0.00233059 -0.00494008 -0.000258066 0.0024931 -8.74354e-05 -0.00481632 0.000352774 0.00059569 -0.00698711 0.00109865 -0.00284541 0.00263419 -0.000151074 -0.00502718 -0.000581854 -0.00482396 -0.005504 -0.0086908 -0.00561534 0.00397149 0.00261232 -0.0168929 -0.0053351 0.00513302 -0.00243499 0.00490963 -0.00262818 0.00570063 -0.0080532 -0.00833716 -0.00199326 -0.00176008 0.0048299 0.000119769 0.0178867 -0.0069358 -0.00146533 0.00137779 
-0.00319344 -8.3478e-05 0.0013891 -0.00137709 -0.00345852 0.000507025 0.00291864 -0.00110153 -0.00318486 -0.00109541 7.97671e-05 0.00269069 0.00182797 0.00343741 -0.00366964 0.0638908 0.00665961 0.000870812 -0.00203253 0.00192868 0.00548245 -0.000491705 -0.00287066 -0.000515104 0.00167038 -0.00336646 5.19491e-05 0.00336844 -7.63315e-06 -0.000221884 -0.00499896 -0.000955345 0.00216619 -0.00106111 0.00303239 0.00165975 0.00479758 -0.000790943 -0.0047394 0.0041007 0.00113149 -1.73606e-05 -0.00180005 -0.0023291 -0.00162371 -0.000390357 -0.000641478 0.00159234 -0.00178081 -0.000632814 -0.000647765 -0.00151443 -0.00291606 -0.00257227 0.00206555 -0.00323314 -0.00166943 -0.00192009 -0.00683623 -0.000705633 -0.00354367 -0.00102588 0.00380735 -0.000269179 0.00370736 -0.00502725 0.000163736 0.00193123 -0.00166545 -0.00111609 -0.00525387 -9.7609e-05 0.000504025 -0.00246786 -0.00103694 0.00379445 -0.00174336 0.003342 -0.000800844 -0.00152909 -0.00101669 -0.00054152 -0.000188293 -0.000446011 -0.000498634 -0.000883302 0.00244238 -0.00086028 -0.00315688 -0.0020805 -0.00275613 -0.00244334 -0.00165414 -0.00251923 -0.00156803 -0.00396405 -0.00472209 -0.00489104 -0.00507522 -0.00172328 
-0.00211724 -0.000799977 -0.00531511 -0.00400522 -0.00380228 0.00542658 -0.00270453 0.00153061 0.00957905 -0.00348333 -0.012463 -0.00428237 0.00317279 0.00469554 0.00011898 0.00665961 0.152414 0.00376084 0.00361216 0.00446006 -0.00405733 0.00779952 -0.00359217 0.00490784 -0.00609024 -0.00542844 -0.00434573 -0.00907323 -0.0113271 0.000937286 -0.00324631 -0.00900412 0.00151356 -0.0104843 0.00015535 -0.00274799 0.00316318 0.0115434 0.00174336 0.00384629 -0.00100129 0.0028705 -0.0063549 -0.00477522 -0.00781396 -0.000935006 0.000826217 -0.0067581 -0.0104449 0.0054859 0.00586445 -0.00519896 0.00187333 -0.000983154 -0.00133438 -0.00126539 -0.00454292 -0.00680329 -0.00350817 -0.00856965 -0.00957421 -0.00196174 0.00155034 -0.00814425 0.00943392 -0.00694582 0.00117262 0.0004996 -0.00443385 -0.000969154 -0.00919057 -0.00473794 0.00524832 -0.00368123 0.000443246 -0.00229513 8.30769e-05 -0.000216472 -0.00257062 -0.00398412 -0.0111049 0.0002025 -0.00298818 -0.0155813 -0.000159696 -0.00153285 0.0107987 0.00564901 -0.00247697 0.00431405 0.00530955 -0.000582365 0.000565255 -0.00107988 0.00646638 -0.00653664 0.00210488 -0.0113188 -0.0034959 -0.00758035 
0.000870385 0.00838676 0.00442621 -0.00164287 0.00142794 0.000277748 -0.00445724 -0.0013788 -0.00016174 0.00353391 -0.00664153 0.00231208 -0.00449815 -0.00099481 -3.49644e-05 0.000870812 0.00376084 0.114347 0.00148207 0.00671463 -0.00107091 0.00428408 -0.0036708 -0.00320643 -0.00235022 -0.0075521 -0.000156346 -0.010314 -0.00337528 0.00373041 -0.008681 0.00200273 0.000597671 0.0130407 -0.00163774 -0.00579312 -0.00266183 -0.00465232 0.0021847 0.000456136 -0.00109221 0.00923372 -0.00386808 0.00038973 -0.00112104 -0.00348019 -0.00213834 -0.00341821 -0.00128811 -0.000587508 -0.00785232 -0.00254117 -0.0060328 -0.00042794 -0.0046374 -0.00383633 0.00283835 -0.00644657 0.00330562 0.00245468 -0.00175545 -8.68483e-05 -0.00298233 -0.0017802 -0.00430093 -0.0128996 0.00181086 -0.0088314 -0.00323014 -0.00663026 0.000134312 -0.000460585 0.00332621 0.00032263 0.000833521 -0.0065958 -0.00356034 0.00260496 0.00417232 -0.00460182 -0.00289045 -0.00636337 -0.00391361 0.00284568 0.00181033 -0.00309375 -0.00129743 -0.00330117 -0.0032977 -0.00275019 0.00190951 0.00144989 -0.0001249 -0.00280128 -0.00683934 0.00762767 -0.00580923 0.00284556 -0.00207941 0.00135561 
-0.000214726 0.000297903 -0.00577259 0.00319779 -0.00263594 0.0016876 -0.00454806 -0.00311484 0.00096919 -0.00501651 0.00149302 -0.00234007 0.0133125 -0.00251963 0.00310694 -0.00203253 0.00361216 0.00148207 0.10737 -0.000699882 -0.00111791 0.00241542 -0.00464038 0.00435318 0.0019127 -0.0058164 0.00347354 -0.00535146 0.000496019 -0.00118993 -0.00271279 -0.00189074 -0.00376268 0.00596364 -0.00109697 -0.00546959 -0.00501525 -0.0088827 -0.00920457 -0.00209206 0.00139115 -0.000769826 0.0035265 0.000171557 0.00381274 0.00472999 0.00148554 -0.00397 -0.00268935 0.00229598 0.00071921 -0.000500676 -0.00740664 -0.000347332 -0.0021019 0.00193094 0.0037127 0.00232367 7.18039e-05 -0.0046203 -0.00134391 -0.000954648 0.00027884 -0.00622581 -0.00344608 -0.00508591 -0.00246144 -0.00199081 -0.0010677 -0.0031565 -0.00554237 -0.00321723 -0.00189054 -1.1256e-05 -0.00418238 -0.0075861 -0.00378881 -0.00261381 -0.00520892 0.00550358 -0.00409945 0.00472667 -0.00383179 -0.00954283 0.00197127 -0.00250515 -0.00858336 -0.000911541 0.00287986 0.00180234 0.00277623 0.00259095 0.000602581 -0.00574365 0.00246502 0.007944 -0.00177276 -0.00485684 -0.000462996 -0.00322831 
-0.00945651 -0.00157588 -0.00173156 -0.00197923 -0.00456502 0.00184457 8.38966e-05 -0.00287588 -0.00696797 0.000290595 -8.22817e-05 -0.00558307 -0.00628632 -0.00247321 -0.00236812 0.00192868 0.00446006 0.00671463 -0.000699882 0.101386 0.00345552 -0.000608299 0.00273479 0.000199341 0.00152624 -0.000813039 0.0010305 -0.00585103 -0.00513321 -0.00230316 0.00574022 0.00145932 -0.00516637 -0.000214221 0.000968815 0.00446313 -0.00124573 0.00430234 -0.000324541 0.00137211 0.00139091 0.00139382 -0.00405698 -0.00318632 0.00207201 -0.00213338 9.81997e-05 0.00602653 0.000639724 0.00369852 -0.00614338 0.00217789 0.000530745 -0.00010334 -0.00384895 0.00254844 0.00273927 -0.00394698 -0.00649836 -0.00313725 0.00276337 -0.00483468 -0.00697178 0.00116132 0.00372177 -0.00940883 -0.000931364 -0.00375999 -0.0004532 -0.00737435 -0.00456442 -0.00137868 -0.00367495 -0.00227262 0.00217555 0.000978343 0.0014 -0.0020291 -0.00129957 -0.00217987 -0.00437309 -0.00159251 -0.00100591 0.000160739 -0.00187568 0.00171952 0.000104502 -0.00226909 -0.00252965 -0.00109113 -0.000862518 0.000648127 -0.00209378 -0.00260634 -0.00210855 0.00534508 -0.00341922 -0.00453164 -0.00294586 -0.00165763 
-0.00257856 0.00248918 -0.0049005 -0.00287675 -0.00771661 -0.00339582 -0.00735062 -0.0120537 -0.00477583 0.000515892 0.0110597 0.00230953 -0.00099635 -0.00258098 -0.0070778 0.00548245 -0.00405733 -0.00107091 -0.00111791 0.00345552 0.161919 -0.00446506 0.000721468 -0.000884397 0.00608003 0.0143293 0.00217451 -0.00266659 -0.00296023 -0.00759282 -0.00937411 -0.00232725 -0.0110274 -0.0100311 -0.000644063 0.0088812 -0.0118552 0.00291271 -0.0143134 0.00292858 -0.00868336 -0.00556043 -0.00717039 -0.00424004 -0.00870675 0.00241724 1.39994e-05 0.0082742 0.000379524 0.0013072 -0.0108971 -0.00876433 0.00401952 -0.0051321 -0.00232408 -0.00523561 0.00192446 0.00351626 -0.00629034 -0.00753849 0.0152138 0.00417399 0.00349506 0.00375138 -0.00226502 -0.00896391 0.00475143 -0.0129497 -9.23592e-05 -0.0034635 0.00436596 -0.00474753 -0.0004 -0.00708101 0.00184104 -0.00144427 -0.00503795 -0.00300049 0.00329092 0.00132901 -0.00402688 0.000513971 0.00285025 -0.00182297 -0.00596209 0.00223606 0.000770705 -0.00294812 -0.00754409 -0.00468698 -0.00066572 -0.00255724 0.00538146 -0.00534538 -0.00121154 0.00845107 -0.0103697 -0.00192701 -0.00155307 0.0117732 
-0.00127736 -0.00500652 0.00334518 -0.00652896 -0.00344762 -0.00145845 -0.0119491 -0.00470946 0.00126734 0.0016996 0.000530564 -0.00281071 0.00415882 -0.0109443 0.00357369 -0.000491705 0.00779952 0.00428408 0.00241542 -0.000608299 -0.00446506 0.161065 0.0139316 0.0117789 0.000728856 -0.00364083 -0.00112553 -0.0104822 0.00316293 -0.00484953 -0.00883304 -0.00729075 0.00907794 0.000963735 -0.000908393 0.00795746 0.000559095 -0.00658598 -0.00136172 -0.00568216 -0.0020758 -0.00212203 -0.00229397 -0.0048961 -0.00350954 -0.0048916 0.00377874 -0.00845427 -0.00372183 -0.00661052 0.0113653 -0.0132047 -0.00537823 -0.00754099 -0.0101324 0.0014052 0.0037997 -0.0040558 -0.0161741 -0.00680452 -0.00619859 0.00563329 -0.00376443 -0.00666161 0.0105645 0.00213636 -0.00228581 0.00180212 0.00114002 0.00433429 0.0100695 -0.000186315 -0.00320224 0.0102309 -0.000152034 -0.00768075 -0.00249987 0.00391851 -0.00484627 -0.00938798 0.00136246 -0.0106152 -0.00485715 -0.0223452 0.00923107 -0.00399047 -0.00255623 -0.000411697 -0.00284461 -0.00151409 -0.000718917 -0.00612505 -0.000177324 -0.000675032 0.00726215 -0.00281312 0.00546653 -0.00149186 -0.00934152 -0.00813241 
-0.00325365 -0.00986769 -0.000643154 -0.00380202 -0.00204937 6.23152e-05 -0.00015165 -0.00219847 -0.0030946 -0.00258857 7.57664e-05 0.00303178 -0.000466586 -0.007361 0.00113211 -0.00287066 -0.00359217 -0.0036708 -0.00464038 0.00273479 0.000721468 0.0139316 0.127418 0.00756979 0.0049569 0.0117104 0.00174211 -0.0112683 0.000466663 0.00918001 0.00441929 -0.00322791 -0.00237176 -0.00329624 -0.00201997 0.000652329 -0.000407098 -0.00560991 -0.0107361 -0.000446267 -0.00375934 -0.00465953 -0.00907103 -0.00253361 -0.00500766 -0.00290728 0.000433899 -0.00824646 -0.000336921 -0.0044845 0.000543401 0.0010316 0.00147937 -0.000253072 0.00079243 0.00268614 -0.0030832 0.00424654 0.00637251 0.006925 0.00134317 -0.00520487 -0.00474868 -0.00780219 -0.00655315 0.0047682 -0.00239871 0.00798726 -0.00155601 0.000798635 0.00342865 -3.59674e-05 -0.00216149 0.00796579 0.000173936 -0.00393035 -0.000288091 -0.00320969 -0.00497477 -0.00674055 -0.00505704 -0.00504484 -0.00318509 -0.00422638 0.00039406 -0.000889291 -0.0081916 -0.00179137 0.00270835 -0.00485921 -0.00673506 -0.00543815 -0.00121767 -0.00382185 0.00437233 -0.00513078 0.0054318 -0.00345141 -0.00914996 -0.00191764 
0.00064361 -0.000765942 0.00193622 -0.00199188 -0.00144921 -0.00127727 -0.0044588 -0.00854211 0.00168541 0.000357067 0.00486601 -0.000481605 0.00153469 -0.00202959 -0.00394869 -0.000515104 0.00490784 -0.00320643 0.00435318 0.000199341 -0.000884397 0.0117789 0.00756979 0.137251 0.00677755 -0.000955627 0.0039516 -0.00597378 -0.00188684 -0.00187785 0.00307534 -0.00608881 -0.000881074 -0.00114879 -0.00137307 0.000904588 -0.00128841 0.00518944 -0.0041491 -0.00584373 0.00515806 0.00182679 0.000344127 -0.00357728 0.00598156 -0.00576669 0.00214997 -0.00732573 -0.00081186 0.000931769 -0.00573124 -0.00509534 -0.00899376 -0.00423672 -0.0030433 0.00244054 -0.00131069 0.00101357 -0.00429726 0.000616839 -0.00279543 0.00371685 0.00281283 -0.00368155 -0.00271449 0.00416817 -0.00353131 -0.000575369 -0.00620903 -0.0120779 -0.00362236 -0.0026562 -0.00436073 -0.000820524 -0.00355668 -0.00167786 -0.000498875 -0.00330585 -0.00286183 -0.00682387 0.000135679 6.13258e-05 -0.000949866 -0.0149889 -0.00887488 -0.00160488 -0.00395976 -0.00217453 -0.00495893 0.00386361 0.00331095 -0.00435231 -0.00386714 -0.00798977 0.00686486 -0.003507 0.00133717 -0.00165971 -0.0113976 -0.000452865 
-0.00252211 0.00473378 -0.000947985 -0.00242083 -0.00424784 -0.00420719 -0.00480768 0.00246875 -0.0020289 -0.000297684 0.0067237 -0.00352612 0.00101383 0.00186432 -0.00213587 0.00167038 -0.00609024 -0.00235022 0.0019127 0.00152624 0.00608003 0.000728856 0.0049569 0.00677755 0.109927 -0.00122509 0.0135759 0.00469002 -0.00370626 0.00167825 0.0118901 -0.00056509 0.00429369 -0.00630554 -0.000784321 -0.00925242 -0.0018732 -0.0052959 -0.00234848 0.00172984 0.000546785 -0.00204441 -0.0013655 -0.000914824 0.00216735 0.00258112 -0.00380903 -0.0028262 -0.00280956 -0.00454612 0.000318163 -0.00493847 -0.00155256 0.00314516 -0.00512051 9.7908e-06 -0.0061105 -0.00506221 -0.00516081 -0.00508871 0.00125178 -0.00251568 -0.00105061 -0.000647979 -0.00150643 -0.00262057 -0.00701282 0.000169763 -0.0045154 -0.00743307 0.000536832 0.00061054 -0.0034808 -0.0040689 -0.00369335 -0.00452217 -0.00664536 -0.00104195 0.00109394 0.00129994 -0.00622008 -0.0013046 -0.00366669 -0.00429441 0.00128958 -0.00467859 -0.00289992 -0.00303828 -0.00381076 0.000289442 -0.00235845 0.000566533 -0.00329091 0.00395083 -0.00149881 0.000990944 0.00322107 0.00646066 -0.0095597 -0.0030774 
0.00326117 -0.016019 -0.00791366 -0.00149692 -0.00559472 0.00119433 0.00681659 0.00192494 -0.00373206 -0.00175542 -0.00729181 -0.00643741 0.00189333 -0.00443108 0.00648311 -0.00336646 -0.00542844 -0.0075521 -0.0058164 -0.000813039 0.0143293 -0.00364083 0.0117104 -0.000955627 -0.00122509 0.178466 0.000199096 0.00155705 -0.0141749 0.00539549 0.0082574 0.0113557 -0.00374982 -0.000879067 -0.00653782 0.00170536 0.00924392 0.0155183 -0.00472713 -0.0085562 -0.00430675 -0.0100379 -0.010118 0.000123297 -0.00180155 -0.000330784 0.00485046 -0.00888544 0.00246003 -0.00773559 -0.000870046 0.0019432 -0.000781871 -0.0105933 -0.00456482 -0.00191991 -0.00579746 0.00176771 0.0106289 -0.00876566 0.00913827 -0.00130261 -0.00720307 -0.00776288 -0.00901352 0.0017382 -0.00656256 -0.0165429 -0.00297888 -0.00940118 -0.00541288 -0.00204238 -0.0121026 0.0135232 0.00289418 -0.00152246 -0.00308376 -0.00950384 -0.00415377 -0.00761394 -0.00460398 0.00138083 -0.00532136 0.00572359 -0.0185246 -0.00156842 -0.00685893 0.00110976 -0.00547525 -0.00251378 -0.0026572 -0.00380558 0.00808925 -0.00437109 0.0033361 -0.00167776 0.010574 -0.0121926 0.00445981 0.0113261 
0.00105157 0.00499019 -0.00286132 0.00657301 -0.00397228 0.00128971 -0.00360573 -0.00398913 0.000328215 0.000958865 0.00560461 -0.00517059 -0.0018892 0.000480388 -0.00881438 5.19491e-05 -0.00434573 -0.000156346 0.00347354 0.0010305 0.00217451 -0.00112553 0.00174211 0.0039516 0.0135759 0.000199096 0.105357 0.00121952 -0.00218651 -0.00142677 0.00387861 0.00406208 -0.0012067 -0.0066862 -0.000939489 -0.00379787 -0.00228525 0.00348554 -0.00856699 0.00576742 -0.000201535 -0.000966762 -0.000576325 -0.00254753 -0.00139465 0.00724083 -0.00321735 -0.00839775 -0.00804969 -0.00204146 -0.00801828 -0.00432544 -0.000779323 0.000840611 -0.000279739 0.000207973 -0.00186739 0.00323679 -0.00835446 -0.000813876 0.000941619 -0.00258195 0.00175124 -0.00177238 0.00115186 -0.00364835 -0.00394631 0.00156436 -0.004661 -0.00569653 -0.0032244 -0.00389913 -0.00460207 -0.0127632 0.000888643 -0.00591477 -0.00180655 0.00247008 0.000475752 -0.00738136 0.000555621 -0.00629258 -0.0022312 -0.00643019 -0.00325652 -0.00153544 -0.00234457 -0.00300644 -0.000827023 0.00342386 -0.00203523 -0.000469872 0.00197542 0.00344683 -0.00187836 -0.00457936 -0.00138756 0.0134075 -0.000208108 -0.00158682 
0.00631031 -0.00390095 -0.000469678 -0.00588845 -0.00585074 -0.00225114 0.015743 0.00430417 -0.00848313 -0.00145518 -0.00360092 -0.00200237 0.00694349 0.00214564 -0.015157 0.00336844 -0.00907323 -0.010314 -0.00535146 -0.00585103 -0.00266659 -0.0104822 -0.0112683 -0.00597378 0.00469002 0.00155705 0.00121952 0.153254 -0.00453494 -0.000163218 0.013882 0.00488025 -0.00289389 -0.00369773 -0.00327111 0.000228961 -0.00654323 -0.0105038 0.00546522 0.00773615 -0.00179962 -0.00424541 -0.000195304 0.00503068 0.0014943 -0.00285808 -0.00314166 0.0110136 0.00605146 -0.00475866 -0.000532595 0.00270506 0.00872155 0.00448984 -0.00346979 -0.00258084 -0.00992461 -0.00579894 -0.0112256 -0.0058337 -0.00429095 -0.0122972 -0.00579178 0.00256097 -0.00371843 0.00995945 -0.00188796 0.00723888 0.0042237 -0.00532287 -0.00461966 0.0023004 -0.00513227 -0.00782885 -0.00204203 0.00583154 -0.00789008 -0.00591616 -0.00164175 -0.00360687 -0.00638384 0.00208324 0.00289705 0.017802 -0.00785114 -0.00920163 0.00525145 -0.00229815 -0.00291411 0.00113117 -0.00964593 0.00148515 -0.00402884 -0.00624304 -0.00994367 0.00713504 -0.0124559 -0.00249925 0.00416475 -0.00183481 
-0.00599791 -0.00127928 0.000995337 0.00211266 -0.00566721 -0.00614605 -0.00438633 0.00561513 0.00520967 0.00165918 -0.0160934 0.00153905 -0.0025915 -0.00294356 -0.00842539 -7.63315e-06 -0.0113271 -0.00337528 0.000496019 -0.00513321 -0.00296023 0.00316293 0.000466663 -0.00188684 -0.00370626 -0.0141749 -0.00218651 -0.00453494 0.174261 -0.00905961 0.0143696 0.00328285 0.000959914 0.00731731 -0.00683586 -0.000850042 -0.0097577 -0.00516278 0.00135364 -0.0115591 9.41979e-06 0.00532104 -0.00606646 0.00326029 -0.00418538 -0.0118633 -0.00267101 -0.0121028 0.00637404 -0.00358121 0.002072 0.00212448 0.00493842 0.00956291 0.00202519 -0.00856237 -0.00854406 -0.00148062 0.00229877 0.0231444 -0.0082693 -0.00673165 0.00183004 -0.00455684 0.00330603 -0.0137739 -0.00135773 0.0113062 -0.00464604 0.00767791 -0.00301973 0.00141037 -0.00678194 -0.0178999 -0.00481162 -0.00292334 -0.00576096 -0.0018931 0.0117856 -0.00158634 0.0148426 -0.00392415 -0.00332764 -0.00514264 -0.00631081 -0.0122517 0.00523481 -0.00257366 0.00220608 -0.00774975 0.00388286 -0.00132192 0.0104647 0.0013854 -0.00253667 -0.00411321 -0.00186939 0.000980449 -0.0182786 -0.00172688 
-0.003792 -0.00280794 -0.00256654 0.000960781 0.00282564 -0.00339943 -0.00615433 -0.00268092 -0.00331374 4.22334e-05 0.00711571 0.000214448 -0.00174553 -0.00108127 -0.00172095 -0.000221884 0.000937286 0.00373041 -0.00118993 -0.00230316 -0.00759282 -0.00484953 0.00918001 -0.00187785 0.00167825 0.00539549 -0.00142677 -0.000163218 -0.00905961 0.10253 0.000633929 0.000142216 -0.00197102 -0.000239425 -0.00226962 0.000830483 0.000623774 -0.000991183 0.00195046 -0.00358792 -0.00163293 -0.00522529 -0.000510712 -0.00586667 0.00133077 0.00465604 -0.00148541 -0.0012763 -0.00508794 -0.00368137 -0.0023305 -0.00231414 -0.00358595 0.000215093 0.00479374 0.00064458 0.00057286 -0.00180092 0.0129086 -0.00332391 0.0017532 -0.00786779 -0.00400168 -0.00400501 -0.00360337 -0.000794145 -0.00397534 0.00066462 -0.00549425 -0.00276305 0.00326823 0.00405129 -0.00523758 0.00140941 -0.000274784 -0.00244289 -0.00365947 -0.00363442 -0.00441982 0.000865403 -0.00755028 0.00156122 -0.00208609 0.00557992 0.00792824 -0.000693764 -0.00322071 -0.00223684 -0.000234431 0.000271242 -0.00788759 -0.00522126 0.00028091 4.09775e-05 -0.00310623 -0.00197676 0.00280709 -0.00506148 -0.00446971 0.00665262 
-0.0107398 -0.00359857 -0.0108228 -0.0067257 -0.014455 0.000876483 -0.00575611 0.00958363 -0.001134 -0.00516609 -0.0167451 -0.00737007 -0.0144824 -0.00501848 0.0115925 -0.00499896 -0.00324631 -0.008681 -0.00271279 0.00574022 -0.00937411 -0.00883304 0.00441929 0.00307534 0.0118901 0.0082574 0.00387861 0.013882 0.0143696 0.000633929 0.219902 0.00779458 -0.000802639 -0.000487625 -0.00752933 -0.00126705 0.00389402 0.0147634 0.00487777 -0.00336049 -0.00196892 -0.00600214 -0.00673938 -0.00387775 0.00759322 -0.0223802 -0.0137662 -0.00795929 -0.00918386 0.00165418 -0.00338011 0.00370716 0.00999952 -0.00804975 -0.00540311 -0.00340976 0.00184051 0.00570371 -0.00227779 -0.00370708 0.00461015 9.30332e-05 -0.00517351 -0.00765646 -0.00233939 -0.0143475 -0.0136953 -0.00259899 -0.00775134 -0.0118817 -0.0116594 -0.000778252 -0.00620912 -0.00436001 -0.00742001 0.00268293 -0.0108477 -0.00969535 0.0041056 -0.014269 -0.00157769 -0.00588049 -0.00378184 0.00519933 -0.00586181 -0.00100969 0.00396842 -0.000921413 -0.001829 -0.00219523 -0.00664806 -0.0076997 -0.00725618 -0.00852102 0.00517729 0.0165298 0.020755 0.00367132 -0.000982832 -0.000461147 
-0.00731314 -0.00155337 -0.005178 -0.000300176 -0.00289352 -0.000817356 -0.00261022 -0.00403501 -0.00460087 -0.00522991 -0.00608788 -0.00124756 0.00233692 0.00174231 -0.00248393 -0.000955345 -0.00900412 0.00200273 -0.00189074 0.00145932 -0.00232725 -0.00729075 -0.00322791 -0.00608881 -0.00056509 0.0113557 0.00406208 0.00488025 0.00328285 0.000142216 0.00779458 0.116022 0.00573926 0.0162664 0.0030216 -0.00398386 -0.00214232 -0.00790755 -0.00154011 0.000192673 -0.00306035 0.00405114 -0.00245017 0.000747178 0.00463545 -0.00758615 0.00119415 -0.00704361 0.00141865 -0.00164279 -0.0059032 0.00176056 0.00426252 0.00111479 -0.00643953 -0.0029045 -0.00600158 0.00101317 0.00645958 0.00402307 0.00249719 -9.76467e-05 -0.00154415 -0.0076015 -0.00309911 -0.00489126 -0.00310491 -0.00140159 0.0026031 -0.00226529 -0.00412526 -0.000248294 -0.000406697 -0.00439506 -0.00136314 -0.00636495 0.00283602 0.000505933 -0.00319089 -0.00410283 0.00189846 -0.00828901 -0.000240618 -0.00451407 -0.0071321 0.010012 -0.00417951 -0.00220289 -0.000774733 0.000499674 0.00267922 0.00196493 0.000776488 -0.00594594 -0.00421415 -0.00525903 -0.00624654 0.00467884 -0.00720627 -0.00321863 
-0.00324343 0.00234628 -0.00485985 -0.00147334 -0.00129655 0.00267361 -0.00506736 0.0016025 -0.00439701 0.00244746 -0.0105166 0.000793786 -0.00766041 0.00040994 -0.00467217 0.00216619 0.00151356 0.000597671 -0.00376268 -0.00516637 -0.0110274 0.00907794 -0.00237176 -0.000881074 0.00429369 -0.00374982 -0.0012067 -0.00289389 0.000959914 -0.00197102 -0.000802639 0.00573926 0.109592 0.00363398 0.00631464 -0.00805918 0.0126228 -0.000959791 0.00514694 0.00158261 -0.000441568 -0.00189404 -0.00452433 -0.000824448 -0.00396173 -0.00225459 -0.00282759 -0.00636048 0.00436115 -0.0028299 -0.00314208 -0.00482146 6.19706e-05 0.00380302 -0.00242981 -0.00632793 -0.00107214 -0.00347254 -0.0035648 -0.00144405 -0.00432939 -0.00218743 -0.000678743 -0.00190273 -0.00233117 -0.00513885 -0.00087232 -0.00168997 0.00384302 -0.000610493 0.00146188 -0.00321058 0.00353603 0.00709737 0.00204558 -0.00612051 0.00501808 -0.00120047 0.00285822 -0.00471808 -0.000650009 -0.00197695 -0.00311009 -0.00149467 -0.00227537 -0.00494746 0.00100434 0.00129208 0.00172982 -0.00320082 -0.00432517 -0.00167444 -0.00109417 -0.000106352 -0.00140913 -0.00967741 0.000763347 0.004097 -0.00148421 -0.0058381 
0.00120248 -0.00166026 0.00336059 -0.00325076 -0.00860142 0.000131024 -0.0110186 -0.000637249 0.000425376 -0.00794587 -0.00589865 0.00409318 0.00804842 -0.00423359 0.00753365 -0.00106111 -0.0104843 0.0130407 0.00596364 -0.000214221 -0.0100311 0.000963735 -0.00329624 -0.00114879 -0.00630554 -0.000879067 -0.0066862 -0.00369773 0.00731731 -0.000239425 -0.000487625 0.0162664 0.00363398 0.151772 -0.000478902 -0.00438001 -0.00154143 -0.0098747 -0.00277672 -0.000465305 -0.00502894 0.00190466 0.00192982 0.000818629 0.00179633 -0.0128757 -0.00137239 -8.99963e-05 -0.00316314 -0.000973403 -0.00130935 0.00158382 -0.00424158 -0.00220671 -0.00672682 5.39439e-05 -0.0106359 -0.0054982 0.00640805 0.00260674 -0.00273288 -0.00519561 0.00203691 0.000612208 -0.00325901 -0.00871722 -0.00112681 -0.00427322 0.0145987 -0.00387675 -0.00387801 0.00403208 -0.00054107 -0.000319017 -0.00353799 -0.00198102 -0.0046303 -0.00597441 -0.00163131 -0.00623788 -0.000250862 -0.00926792 -0.00473065 0.00728703 -0.00660058 -0.00205171 -0.00694727 -0.00880543 -0.00170864 -0.00173955 0.000611089 -0.00837971 0.000295857 -0.00093676 -0.00553716 0.00269658 7.55627e-05 0.00090447 0.00305608 -0.000775654 
