0.0883294 -0.00323553 0.00188465 -0.00193807 0.00199336 -0.00129565 0.000822244 -0.00114341 -0.00108003 -0.00485219 -0.00557151 -0.000339688 -0.00279673 -0.00864168 -0.0070454 -0.00011709 -0.00764961 -0.0012792 -0.00447166 -0.00335843 -0.00178697 -0.0044677 -0.000390152 0.00257666 -0.00351382 0.000614038 -0.000842925 -0.0033185 -7.43778e-05 0.00255934 0.0003994 0.00736014 0.00421288 -0.00324566 -0.000520267 0.00174419 0.00157271 -0.000136671 -0.000772451 -0.00738595 -0.00378408 0.00230248 -0.00157831 0.0028106 -0.00137283 -0.000512979 0.00750037 0.000523856 0.00832496 -0.000268498 0.000198716 0.00742839 0.00246644 -0.00135147 -0.000372555 0.00456819 0.000261455 0.00113254 0.00549209 0.000364233 0.00130374 0.00568619 -0.000824683 5.471e-05 -0.00533096 0.00372658 -0.00305703 -0.00300385 -0.00407714 -0.00272486 -0.00117583 -0.00305221 -0.000655973 -0.0101721 0.000107437 -0.00483262 -0.00161773 -0.00117154 -0.00199464 -0.00472911 -0.00299851 -0.00110455 -0.00130972 0.00243166 -0.00180625 -0.00293631 -0.00971394 -0.00718327 9.26141e-05 -0.00354242 -0.00255685 0.00231341 -0.00280375 -0.00244993 -0.00549062 -0.000327505 0.00103702 -0.00350941 0.00948396 0.00298463 
-0.00323553 0.125866 -0.00138076 0.00699615 2.35735e-05 0.0220793 -0.00443036 0.00123497 0.0042905 0.000347744 0.00873759 0.0010848 0.00650057 0.00439287 -0.00863162 -0.00109459 0.00366512 0.00613937 0.000159509 -0.0169512 -0.00158539 -0.00097594 -0.00382432 -0.00720776 -0.00153381 -0.000653644 0.000197497 0.0146106 -0.00936087 0.00367105 -0.00399936 0.000425435 -0.00568338 -0.0061112 -0.00172344 0.00360897 -0.00579483 -0.000355006 -0.00181013 -0.00382052 -0.00565766 -0.00256477 -0.00272313 0.000634304 -0.00607868 0.00107479 -0.00721754 0.0011125 -0.00239974 -0.00218783 0.0024503 0.00012621 -0.000806385 -0.00563921 -0.00116375 -0.0136068 -0.00178183 -0.00426395 -0.00268064 -0.00880415 -0.00352701 -0.00647727 -0.00134554 0.0146681 -0.00911757 -0.00139205 -0.00347371 -0.00664285 -0.000491531 0.0142305 -0.000534404 -0.00475242 0.000887262 -0.00566958 -0.00258293 -0.00892015 0.000176712 0.00504776 0.00508449 -0.00636855 -0.00924784 -0.00893711 -0.000423656 -0.00481309 -0.00043227 -0.00814343 -0.00177721 0.00638204 -0.00525909 -0.00663452 -0.000647569 -0.00600091 0.0055296 6.21589e-05 -0.00152666 -0.00236754 0.00101931 0.00162692 0.00536154 -0.00425994 
0.00188465 -0.00138076 0.0831307 -0.000649038 -0.0015514 0.000134009 -0.000333331 -6.82277e-05 0.00314396 0.000219247 -0.00179643 -0.00427532 -5.26481e-05 -0.000160373 -0.00379197 -0.00457993 -0.00166698 -0.00251405 -0.00260252 -0.000797015 0.000915865 0.00389136 0.00345607 -0.00284581 0.000137461 -0.00130102 0.00112036 -0.00933795 -0.0042771 0.00291007 0.00693323 -0.0025419 -0.00435333 -0.00245414 -0.00156623 -0.00458699 0.000510047 -0.000369772 -0.000395268 -0.00140441 -0.00486693 -0.00656545 0.00291011 -0.000672789 0.00430412 0.00338798 -0.00402014 0.000692799 1.47592e-05 3.64978e-05 0.00187187 0.00639352 -0.00225222 -0.00113145 -0.00106182 -0.0030268 -0.001079 -0.00438407 0.00622635 -0.00395786 -0.00126568 -0.00665097 -0.00179476 -0.00644664 -0.00995587 0.00229061 0.00225559 3.41729e-06 -0.00534524 0.00360001 -0.00189647 -0.00408022 0.000319424 -0.00224664 -0.000642153 -0.000673465 0.00118801 0.00030992 -0.000916782 -8.56118e-06 0.00491896 0.000642688 2.77232e-05 0.00232575 0.00274693 -0.00438908 -0.00341175 -0.00670493 -0.00326091 -0.00288283 0.00163681 -0.00120741 -0.00409579 -0.000532831 -0.000762434 0.000328223 -0.000494596 -0.00448364 0.00845561 0.00354736 
-0.00193807 0.00699615 -0.000649038 0.0845728 0.00102747 0.000894207 -0.00172249 0.00259772 0.00137194 0.00111428 -0.00279439 -0.00885499 -0.00220532 0.00609108 -0.000210813 -0.00450721 -0.00147497 0.00138555 0.000189224 -0.00342493 7.20857e-05 -0.00486352 0.00204916 0.000816244 -0.000924253 -0.00339465 0.00359643 -0.00515261 0.000333906 -0.00261032 -0.00237699 -0.00472666 -0.0115784 -0.00386318 -0.00192868 -0.00448352 -0.00388833 -0.00216759 -0.00145298 0.00528304 -0.00626374 -0.00541669 -0.00434862 0.00212393 -0.00242221 -0.00164526 -0.00370405 0.00197782 -0.000589614 0.000345013 0.00150507 0.00254198 -0.000208832 0.00286122 0.00117669 -0.00584943 0.0034917 -0.00795087 -0.000785162 -0.00314336 0.00218146 -5.08106e-05 -0.00163379 -0.00179862 0.00255255 -0.00191147 0.00293121 -0.0028883 0.00175942 -0.00374258 -0.000662292 -0.00254835 0.00413022 0.00764942 0.000801093 0.000409034 0.00430587 0.00213458 0.000195733 -0.00135435 -0.00183716 -0.00895022 -0.00498203 -0.00184218 -0.00371588 -0.00430008 -0.00567164 0.00262039 -0.00374064 -0.00132577 -1.8362e-06 -0.000670859 0.00822499 0.0025252 0.000581449 -0.00111724 -0.00316685 0.00189439 0.00219474 -7.18022e-05 
0.00199336 2.35735e-05 -0.0015514 0.00102747 0.0753167 0.0039932 -0.00248901 -0.000647001 -0.00092156 0.00239302 -0.000722379 -0.00452633 -0.00358235 0.000813396 -0.00081254 -0.00128303 -0.00516201 -0.00506835 0.00372308 -0.0072871 -0.00573309 -0.00114604 -0.00121718 -0.00258484 -0.00173298 6.77958e-05 -0.000581803 -0.00292233 -9.39743e-05 0.00496815 0.000539559 -1.40968e-05 -0.00613682 0.00160059 -0.00139188 -0.00101897 -0.00138747 -0.00381351 -0.00342432 -0.00339705 0.00407374 -0.00236685 -0.00223704 0.00213731 -0.00311921 -0.00172764 -0.00388134 -0.000574093 0.00297837 7.89974e-05 0.0017278 -0.00417151 -0.0020544 -0.00397199 -0.00282957 0.00273673 0.0025312 0.000862429 0.00581099 -0.0051463 -0.00231028 0.00360607 -0.00405626 0.00381666 -0.00877995 0.0023296 -0.000625526 -0.00194134 -0.00214858 -0.00275599 0.00146095 -0.0062955 -0.000623599 0.00272633 0.00292163 -0.00406761 0.0036463 0.00111372 -0.00154902 0.0010674 -0.00495946 0.000398736 3.63525e-05 -0.00252009 -0.000769315 0.000668381 0.000525994 -0.00392984 -0.00190242 2.08891e-05 -0.00233466 0.00274463 0.00189001 0.000599731 0.00320893 -0.00380066 0.00610458 0.00288293 -0.00174496 -0.00132289 
-0.00129565 0.0220793 0.000134009 0.000894207 0.0039932 0.162495 0.00216307 0.00421346 0.00620568 0.00298784 0.0109443 0.00275575 -0.00208809 0.00975414 -0.00703519 -0.00242139 0.00220325 0.00815625 -0.00569856 -0.0167966 -0.00310566 -0.00376816 -0.00462672 -0.0114467 -0.00746714 -0.00249749 0.00174004 0.00473722 -0.0196194 -0.00166552 -0.00622354 -0.00340614 -0.0150298 -0.00741396 0.00268148 0.0112265 -0.000754408 -0.00413203 -0.00420685 -0.00240265 -0.00534281 -0.000971428 -0.0117557 -0.012877 -0.00812476 -0.00229487 1.03148e-05 0.00366613 -0.00334229 0.00055167 0.00754283 -0.00441617 -0.00212961 -0.00451789 0.000650565 -0.00130158 0.000896826 0.00815446 -0.000138019 -0.00901818 -0.00283492 -0.00220707 0.00374352 0.00379648 -0.00884568 -0.00302228 0.00162558 -0.00282162 -0.00453757 0.00812019 0.000729221 -0.000952214 -0.00174321 0.000357354 0.00230307 -0.00452504 0.000331606 0.00702662 0.0133155 -0.00492288 -0.00575705 -0.0152378 -0.00413037 -0.00486129 -0.00107405 0.00950862 -0.00591674 -0.00534831 -0.00712253 -0.00846467 -0.00465476 -0.0119236 0.00687821 -0.00315438 -0.00180373 -0.0168704 0.00349068 -0.00154189 -0.0045027 -0.00395507 
0.000822244 -0.00443036 -0.000333331 -0.00172249 -0.00248901 0.00216307 0.115371 -0.00164561 -0.00166856 -0.00228512 0.00485167 0.00342431 0.00144874 -0.00533808 0.00430613 -0.00253664 -0.000314715 -0.0111405 0.00175437 -0.00400659 -0.0111773 -0.00277703 -0.00130756 0.00092982 -0.00246907 0.00130436 -0.000302026 0.00117084 -0.00823054 0.00290698 0.00261685 0.00615244 0.0106099 -0.00311099 0.0012707 -0.00198997 -0.0028347 -0.0010624 0.00224775 -0.00660843 0.00572647 -0.00454228 -0.00450565 -0.000497358 -0.00504569 0.00169293 -0.000313008 -0.00113967 -0.00226258 -0.000343742 -0.00212142 0.0024233 0.0024249 -0.00499095 0.00185586 -0.00140452 -0.000510685 0.00347464 -0.00290879 0.00362496 -0.00243607 -0.00363259 0.00312728 -0.00384292 0.00583372 0.00165869 0.00670112 -0.00107495 -0.000467325 0.00104199 0.00193076 0.00116775 -0.00207569 -0.0144762 0.000292602 0.00197229 -0.00242722 0.00267552 -0.00053123 -0.00357227 -0.00775895 -0.000101082 -0.00350094 -0.00187355 0.000306791 -0.00502441 -0.0077596 -0.00543734 -0.00155413 0.00340115 -0.00438526 0.00198168 -0.00311366 -0.00414996 -0.00571409 -0.0054219 -0.0120702 -0.00683763 7.53561e-05 0.00286608 
-0.00114341 0.00123497 -6.82277e-05 0.00259772 -0.000647001 0.00421346 -0.00164561 0.0643023 0.00407497 0.00327045 0.000320194 -0.00687339 0.000518727 0.000416764 -0.00176942 -0.00309597 -0.00168723 0.00244452 -0.00426127 0.000129949 0.00157874 -0.00482342 0.000617932 -0.00248172 -0.00112035 -0.00211278 -0.00115427 -0.001896 -0.00295804 -0.00176611 0.000647602 0.000833077 -0.0035394 0.00110453 -0.00100388 0.00119748 -0.00126297 0.00303292 -0.00175151 -0.00514635 6.74441e-05 0.00162273 0.000736636 -0.000702527 -0.000768991 0.00160937 -0.00149881 0.00142519 -0.000581349 -1.30512e-05 0.00027012 -0.00215711 -0.00186178 -0.000833123 -0.00262801 -0.00343357 -0.00018722 0.000680444 -0.000835752 -0.00148126 0.000858375 -0.00312297 -0.000745781 -0.00288167 -0.00527739 0.00117186 -0.00132783 -0.00243455 -0.00154026 -0.00514015 -0.000304244 -0.00311536 0.00104673 0.00290019 0.00202996 0.000110776 1.29542e-05 -7.26981e-05 0.000487767 -0.0018858 -0.00110982 -0.00305077 -0.000509568 -0.00160231 -0.000876601 -0.000325936 -0.00499601 0.00110597 -0.00244336 -0.00241071 0.00180768 0.000986782 0.00271825 0.000811369 -0.000629265 1.31522e-05 0.00354704 -0.00293044 -0.000603483 -2.9225e-05 
-0.00108003 0.0042905 0.00314396 0.00137194 -0.00092156 0.00620568 -0.00166856 0.00407497 0.107171 0.00346792 -0.00418376 0.00338479 0.00277366 0.00864863 -0.0100271 -0.00676234 0.000890746 0.00286528 0.00754037 -0.00543146 -0.00424579 0.00355554 -0.0027974 -0.00551553 0.000537629 0.000848301 -0.00107187 0.00322985 -0.00180521 -0.00550914 0.00420984 -0.0021026 0.00547909 -0.00223605 -0.00274854 0.00080594 -0.0019535 0.00112831 -0.00453727 -0.00157993 0.00121849 -0.000118259 -0.00267275 -0.000279253 -0.00377393 0.00151373 -0.00502332 0.00398056 -0.00237864 -0.00139148 -0.00256248 -0.00388604 0.00215624 -0.00492712 -0.000328728 -0.00216674 0.000226206 0.000267843 -0.00717235 -0.00389476 0.00235192 -0.00464831 0.00454862 -0.00100787 -0.00209142 0.0120926 -0.00435887 -0.00133473 -0.00741323 0.00416566 -0.00210901 -0.0096712 0.00210159 -0.00824799 -0.000450111 -0.00771095 -0.00261164 -0.00471422 0.000930492 -0.00353827 -0.00384048 -0.00733534 -0.00236292 -0.00135842 0.00167126 -0.00380648 -0.00945422 0.000152222 -0.000835353 -0.00713645 0.000644024 -0.0043576 0.00429557 0.000489312 -0.00552168 0.00131307 -0.00895079 -0.00186994 0.00417409 -0.000426747 
-0.00485219 0.000347744 0.000219247 0.00111428 0.00239302 0.00298784 -0.00228512 0.00327045 0.00346792 0.103867 0.00450614 0.00122279 0.00417343 0.00076769 0.000164419 -0.00443367 0.000177664 0.000202929 -0.00783089 0.00147485 0.00265639 0.0149262 0.00148769 0.000851368 0.00354419 0.000153117 0.000430583 -0.000212061 -0.0014231 0.000934035 -0.00594095 -0.00209342 -0.00441087 -0.00413972 -0.00138148 -0.000921131 0.00172443 -0.00646173 -0.000841238 -0.00475606 -0.00516203 -0.00577034 -0.00228371 0.0021776 -0.00214719 -0.00321535 -0.00656978 -5.91949e-05 -0.00422442 0.00142522 -0.00336605 -0.00265029 0.00157374 -0.00178975 -0.00482546 -0.0048264 -0.00258999 -0.00212375 -0.0107996 -0.00336393 0.000726656 -0.00268336 0.00179749 0.00205772 -0.00220001 -0.00796107 0.00162697 -0.00182603 0.00258493 -0.00562702 -0.00115815 -0.00607424 -0.000757817 -0.00255221 -0.00078417 -0.00141372 0.00215442 -0.00169111 -0.00221136 -0.00128802 -0.00302733 -0.00533755 0.000131207 -3.45175e-05 -0.00288954 0.000882013 -0.00502533 -0.000216727 -0.00486808 -0.00624607 -0.00298422 -0.00349757 0.00414247 -0.000355896 0.0063932 -0.000620706 0.00385213 0.00537482 -0.00182431 -0.00105923 
-0.00557151 0.00873759 -0.00179643 -0.00279439 -0.000722379 0.0109443 0.00485167 0.000320194 -0.00418376 0.00450614 0.142484 0.00549473 0.00565507 0.00867206 -0.0142439 -0.00517531 0.0124241 0.0183937 -0.00241071 -0.000784623 -0.00836078 0.0159791 -0.00505616 -0.00855965 -0.000868761 0.000472231 -0.00230795 0.0091233 -0.00182081 0.00568787 0.00196544 -0.00363856 0.00234634 -0.00227066 -0.000717293 -0.00417166 -0.00450496 -0.0100868 -0.0028971 -0.0102039 0.000342246 -0.00573288 0.00686365 -0.0131921 -0.00222399 -0.00158956 -0.0120342 -0.00312198 0.00277645 -0.00247889 0.00226448 -0.00391537 -0.00295028 -0.00383525 -0.00500125 -0.00825709 -0.00175693 -0.00216114 -0.0052339 -0.0106074 -0.00293149 -0.00981659 0.000647156 0.00393416 0.0164248 -0.00233415 -0.00085543 0.000794493 0.00411096 -0.00190461 0.00102545 -0.00241218 -0.000140661 -0.00160101 -0.00248924 -0.000583723 -0.00213352 -0.00401124 -0.00119471 -0.00453983 -0.000664537 0.00669741 -0.00940035 -0.00126238 -0.00574512 -0.015419 -0.0182881 0.000747161 -0.00876593 -0.00631476 -0.00174702 -0.00307749 0.000723447 -0.00472324 -0.00256674 -0.00758026 -0.00703294 0.0111858 -0.0006613 0.000842411 
-0.000339688 0.0010848 -0.00427532 -0.00885499 -0.00452633 0.00275575 0.00342431 -0.00687339 0.00338479 0.00122279 0.00549473 0.185589 -0.000713143 -0.0044144 0.00213911 0.0107157 0.0142616 -0.0015483 0.00509522 0.00165366 -0.00954239 0.0131497 -0.0115296 -0.00243286 0.00111116 0.00557515 -0.00012999 -0.00122097 -0.00380142 -0.0120348 -0.00586654 0.00331427 -0.00323516 -0.00667582 -5.3833e-05 -0.00349601 0.000185629 -0.00130897 -0.00807536 0.00117334 -0.00349314 -0.00605853 -0.0143072 -0.0109164 0.00422734 -0.00137899 0.00159065 -0.00147513 0.00221406 -0.000823581 0.00454218 0.00361007 0.00359144 -0.00170279 0.00195353 0.00537525 -0.00588131 -0.00109484 -0.00162836 -2.95815e-06 -0.00634927 0.00402133 0.00761877 0.00485873 0.00404607 -0.00236334 0.000811396 -0.00835844 -0.00520892 0.010751 0.00224265 -0.0123175 -0.00185625 -0.0123559 0.00226257 -0.0138065 -0.00104252 0.000269984 -0.0131831 -0.00428921 -0.00773606 -0.00898125 -0.00382827 0.00201622 -0.000846986 -0.00888277 -0.00705054 -0.00910695 0.00333205 -0.00641386 -0.00354336 -0.0057908 -0.00155383 -0.00558885 -0.00499905 -0.000851588 -0.00381311 -0.0151602 -0.003683 -0.00199222 
-0.00279673 0.00650057 -5.26481e-05 -0.00220532 -0.00358235 -0.00208809 0.00144874 0.000518727 0.00277366 0.00417343 0.00565507 -0.000713143 0.119305 0.00478949 0.0049405 -0.0066713 0.00612672 0.00222442 -0.00156768 0.00843688 -0.00224322 -0.00435319 -0.000612513 0.0030417 -0.00421566 0.00384721 -0.0041415 0.00505375 -0.00554813 -0.00180979 -0.00235286 -0.00392269 -0.001061 0.0023069 -0.000836979 0.00355903 0.00252619 -0.000414227 0.00441216 -0.0167968 -0.00169471 -0.00442116 0.00139169 -0.00381017 -0.00378735 -0.00217015 -0.00445506 -0.00424148 -0.00266771 -0.0005951 -0.00688792 -0.0037374 -0.00534984 -0.00901486 -0.00530818 -0.00704355 -0.00312544 -0.00486047 -0.00448056 -0.00159526 0.00114746 0.00267806 0.0027462 0.00133952 -0.005869 0.00139243 -0.00160473 0.00153002 -0.00400759 0.00170236 -0.00265019 0.00166504 -0.00293647 3.90519e-05 0.00405977 -0.0034427 -0.00565428 -0.00148064 -0.000869484 0.00132226 0.000274302 -0.000932279 -0.00691295 0.00274656 0.000224627 -0.0108604 -0.00734032 0.00819979 -0.00484907 0.00190506 -0.0056142 -0.000917412 0.00138233 0.000774678 -0.00152657 0.000696546 -0.00750572 0.00201261 -0.00491547 -0.00374924 
-0.00864168 0.00439287 -0.000160373 0.00609108 0.000813396 0.00975414 -0.00533808 0.000416764 0.00864863 0.00076769 0.00867206 -0.0044144 0.00478949 0.144526 -0.004178 0.00171461 0.0117752 0.0221477 0.00388145 -0.00711167 -0.0143681 -0.000873904 -0.00568095 -0.00808938 0.00207351 -0.00366158 -0.00168964 -0.00422048 -0.00987295 0.00145632 0.000566947 -0.00532476 0.00182368 5.29663e-05 -0.00088404 0.00160122 -0.00569871 -0.0062457 -0.00818138 -0.00228974 0.000967707 -0.00960111 -0.00660642 -0.00796605 -0.00299092 -0.00561391 -0.000511147 -0.00386534 -0.00193574 8.00478e-05 -0.00385127 -0.00804235 -0.00563981 -0.00935662 -0.00640429 -0.00693326 0.000454373 0.00224225 -0.00618622 -0.00744755 0.00275905 0.0023556 -0.000146786 0.00150179 0.00919292 0.0118231 -0.00526996 0.000948776 -0.0108443 -0.00400559 0.00162828 -0.00533773 0.00369075 0.00526029 -0.00439797 -0.0122572 -0.00163698 -0.0113145 -0.00931421 0.00349743 0.00604365 -0.0065288 -0.00272344 -0.00631037 -0.00513397 -2.82425e-05 -0.00849595 -0.00292815 -0.0098991 -0.00809106 0.00118262 -0.00454181 0.0189396 0.0112869 0.0120024 -0.00385001 -0.00114203 -0.00311177 -0.00824351 0.00360788 
-0.0070454 -0.00863162 -0.00379197 -0.000210813 -0.00081254 -0.00703519 0.00430613 -0.00176942 -0.0100271 0.000164419 -0.0142439 0.00213911 0.0049405 -0.004178 0.173398 0.00661297 0.00116253 -0.00455818 0.0101482 0.0135024 0.000542678 0.0073967 0.014136 -0.0048233 -0.0024482 0.00037828 0.000953833 -0.0221001 -0.00652482 -0.00133267 -0.00946872 -0.0102286 -0.0142824 -0.00405991 0.00414877 -0.0100203 -0.00532644 0.000683612 0.00257654 -0.0030751 -0.0052462 -0.00303007 -0.0142645 0.00781981 -0.00361467 -0.00713919 0.00498861 -0.00476806 -0.00558129 -0.00694578 -0.00985691 -0.0151652 -0.0104676 -0.0100434 -0.00709831 0.000792024 0.0112406 -0.00338018 0.0155056 -0.00228826 -0.00487299 0.00773884 0.0019465 -0.0126775 0.00128816 -0.00975709 0.00527989 0.0016535 0.00991702 -0.00635621 0.000934092 0.0116209 -0.00341432 0.00216071 -0.00702563 -0.0109388 0.00731368 0.00104232 -0.00938226 -0.00426923 0.00445908 0.0106724 0.00506496 -0.000943369 -0.00555829 0.0021401 0.0161709 -0.0126097 0.00318296 0.00746174 -0.00857374 -0.00211841 0.000366728 0.000616752 -0.00270702 -0.00558829 0.000856094 -0.00918313 -0.00269983 -0.00586429 
-0.00011709 -0.00109459 -0.00457993 -0.00450721 -0.00128303 -0.00242139 -0.00253664 -0.00309597 -0.00676234 -0.00443367 -0.00517531 0.0107157 -0.0066713 0.00171461 0.00661297 0.170082 0.000131112 -0.00487234 0.00100544 -0.00791963 -0.00728868 -0.00641072 -0.0066913 -0.00885575 -0.00348773 -0.00534558 -0.0101091 -0.0132423 -0.00333284 -0.00901797 -0.00851013 -0.00552337 -0.0169466 -0.0090515 -0.00283088 -0.00584051 0.00180556 -0.00304659 -0.00117018 0.015889 0.00512293 -0.000716498 -0.0135229 -0.00278883 0.000166731 -0.0012795 0.0122707 0.00189949 0.00188247 0.00589548 0.00373274 -0.00363707 -0.00126662 0.00056199 0.000219705 0.0145347 -0.00445647 -0.00585033 0.00920678 0.00210596 -0.00456683 0.00337103 -0.00190781 0.00580823 0.00534437 0.00163171 0.00708285 -0.00459179 6.57179e-05 0.00512005 -0.00124407 0.00665673 -0.00758249 -0.022925 -0.00451002 -0.00228687 0.00315693 0.00895349 -0.00253946 -0.00373545 -0.00404739 0.000118937 -0.0034601 0.000586768 -0.00345325 0.0130593 0.0177598 0.0043137 -0.00670625 0.00164376 0.00215244 -0.00937061 -0.00148766 -0.00321019 -0.00761338 -0.0133859 -0.00195069 -0.0105272 -0.0108891 -0.00469993 
-0.00764961 0.00366512 -0.00166698 -0.00147497 -0.00516201 0.00220325 -0.000314715 -0.00168723 0.000890746 0.000177664 0.0124241 0.0142616 0.00612672 0.0117752 0.00116253 0.000131112 0.128655 0.0180551 0.00150351 -0.00196472 -0.00311552 0.00915133 -0.00572418 -0.00212874 0.00135154 -0.0031384 -0.00358092 -0.0105998 -0.0111729 0.00360321 -0.00193957 -0.00617743 0.000213657 -0.00290832 -0.00342622 0.00136736 -0.00302063 0.00162468 -0.00253144 0.00322614 0.0105457 0.00952819 2.70742e-05 0.00103667 -0.00165407 0.000828579 0.00159655 -0.00065645 -0.00402151 -0.000631168 -0.000513875 -0.000490872 -0.00111518 -0.00230721 -0.00496314 -0.0128645 -0.00859599 -0.000858631 -0.0104142 -0.00376298 -0.00347987 -0.00640591 -0.000454034 0.0022991 0.0106458 -0.00521119 -0.00109829 -0.00105895 0.00106129 0.00253482 -6.13989e-05 -0.00217354 -0.00144005 -0.00497845 -0.000919302 -0.0122489 -0.0039692 -0.00536048 -0.0084078 0.00136442 0.00212992 -0.00170406 -0.00415758 -0.00214879 -0.00253323 -0.00690317 -0.0173291 -0.00515758 -0.0099493 -0.00760494 -0.00434368 -0.00252478 0.00212017 0.00109451 0.00229208 -0.000499712 -0.00715873 -0.00299036 -0.00272702 -0.00344101 
-0.0012792 0.00613937 -0.00251405 0.00138555 -0.00506835 0.00815625 -0.0111405 0.00244452 0.00286528 0.000202929 0.0183937 -0.0015483 0.00222442 0.0221477 -0.00455818 -0.00487234 0.0180551 0.157056 -0.00609263 -0.00488397 -0.00948119 0.00549559 0.000911471 -0.0100248 -0.00243362 0.00430753 0.000478084 0.00154356 -0.00781747 0.00103867 -0.00357904 -0.00873842 -0.00465217 -0.0065779 0.00218851 -0.00374115 -0.0089115 0.00116083 -0.00461242 -0.00201852 0.00186197 -0.0102193 0.00233735 -0.00673517 -0.00474653 0.00267364 0.00828708 0.00429793 -0.00202859 0.00036809 0.0090648 0.014394 -0.00703612 -0.00427948 -0.00903085 -0.0203824 -0.00361142 0.00341672 -0.00693182 -0.0140776 -0.000933035 -0.00291141 0.00055491 0.00940244 0.0058838 -0.00709195 -0.00708372 -0.000235325 -0.000675988 -0.0114521 -0.000648995 0.00153114 -0.00092407 0.000765524 -0.00410375 -0.0136088 -0.00481031 -0.0138987 -0.00555677 -0.00617883 -0.0116115 0.000610806 -0.0010367 0.00548786 0.000672711 -0.00222788 -0.0120175 0.00060704 -0.00891824 -0.0081987 -0.00236302 -0.00679981 0.0141227 0.00234546 0.00193788 -0.00306792 -0.00834279 0.00435999 0.00170002 -0.00455607 
-0.00447166 0.000159509 -0.00260252 0.000189224 0.00372308 -0.00569856 0.00175437 -0.00426127 0.00754037 -0.00783089 -0.00241071 0.00509522 -0.00156768 0.00388145 0.0101482 0.00100544 0.00150351 -0.00609263 0.158876 -0.00745096 -0.0197737 0.0153632 -0.00335676 -0.00698398 -0.00680068 0.00427217 -0.00348861 -0.00771078 -0.00554961 0.00330859 -0.00653649 -0.00384505 -0.0139172 -0.00161868 -0.000937783 -0.00316409 -0.00601945 0.00360631 -0.00865025 -0.00515153 -0.00289538 -0.000295697 -0.00118638 0.00107972 -0.00764719 0.00191024 -0.00483364 -0.000536903 -0.0039165 -0.00277263 -0.00492449 -0.00271226 -0.00326023 -0.00964837 -0.00278159 0.00184763 0.0106911 0.014249 -0.00477858 -0.000723598 -0.00180664 -0.000216955 0.00682057 -0.00342875 0.0217498 0.00162942 -0.00240206 0.00315266 -0.00894797 0.0082427 -0.0037532 0.000184878 -0.000922379 -0.00796057 0.00187408 -0.0078038 0.00656184 -0.00476619 -0.00566391 0.000952726 -0.00116418 -0.0022186 0.00706264 -0.00150017 -0.000315576 -0.00417653 0.00104007 -0.00444577 -0.000645733 0.00283454 -0.00464182 -0.00691536 -0.00201489 -0.00454127 -0.0046997 -0.00440654 -0.0124004 -0.00414467 -0.00103241 -0.00656881 
-0.00335843 -0.0169512 -0.000797015 -0.00342493 -0.0072871 -0.0167966 -0.00400659 0.000129949 -0.00543146 0.00147485 -0.000784623 0.00165366 0.00843688 -0.00711167 0.0135024 -0.00791963 -0.00196472 -0.00488397 -0.00745096 0.216307 0.0247187 0.0168992 0.0137881 0.0108161 0.00264611 -0.00928255 -0.00861494 -0.0105678 -0.000372031 -0.00067903 -0.014019 -0.0109243 -0.010342 0.00203901 0.00163815 -0.00534127 -0.000646259 -0.00549625 0.00836302 0.00498885 -0.00871055 -0.0166504 0.00383184 -0.0111827 0.00268639 -0.00385896 -0.00884244 -0.0110914 -0.00548941 0.00426219 -0.0106454 -0.008533 -0.00515864 0.0119236 -0.00516761 -0.0112004 -0.00713002 -0.00590382 -0.00367785 0.00688324 0.00375799 -0.00143758 -0.0133443 -0.00270815 -0.0138186 -0.00672601 -0.0127257 -0.00244414 -0.00370256 -0.00250785 -0.00333514 0.0110937 -0.00810391 0.0163201 -0.0017767 0.00651493 -0.00231636 0.00408177 -0.0168989 0.000253969 0.00110231 0.0057256 -0.0146243 0.00435505 -0.0144042 -0.00416228 0.00443867 -0.00367125 0.0108989 -0.00469637 -0.00228455 -0.000380793 -0.00595678 0.00109822 0.0103613 -0.00273657 -0.00194263 -0.00421923 -0.00643266 0.00806317 
-0.00178697 -0.00158539 0.000915865 7.20857e-05 -0.00573309 -0.00310566 -0.0111773 0.00157874 -0.00424579 0.00265639 -0.00836078 -0.00954239 -0.00224322 -0.0143681 0.000542678 -0.00728868 -0.00311552 -0.00948119 -0.0197737 0.0247187 0.19289 -0.00406112 0.00968774 -0.000842452 0.00677694 -0.00832039 -0.00173789 -0.000816245 0.00563119 -0.00873113 -0.00884395 -0.00564031 -0.02007 -0.00668414 0.00152949 0.00649685 -0.00164334 -0.00920962 0.00441526 0.00438985 -0.017503 0.00581526 0.0126635 0.00571779 -0.00045395 -0.0079962 -0.00748542 -0.0042711 -0.00708166 -0.0103234 -8.97597e-05 -0.0191658 -0.00279797 -0.00387956 0.0015626 -0.0102284 -0.00525961 -0.0123716 0.0104105 -0.00919458 -0.0051714 0.00510393 -0.000629922 -0.00375916 -0.0274274 -0.00663222 0.000562265 0.00778575 0.00491188 -0.00502417 -0.00583061 -0.00530594 -0.000646583 0.0335302 -0.00649953 0.00485285 -0.000547832 0.00417874 0.000644214 -0.00846709 -0.00317196 -0.015381 -0.00724585 0.00371905 -0.00352804 0.0132999 0.0112404 -0.00102699 0.015583 0.00209579 -0.00153898 -0.00533983 -0.011302 -0.00320317 0.0126927 0.00700233 0.0133928 -0.00669636 -0.00203492 -0.00614623 
-0.0044677 -0.00097594 0.00389136 -0.00486352 -0.00114604 -0.00376816 -0.00277703 -0.00482342 0.00355554 0.0149262 0.0159791 0.0131497 -0.00435319 -0.000873904 0.0073967 -0.00641072 0.00915133 0.00549559 0.0153632 0.0168992 -0.00406112 0.173416 0.00398147 -0.000462134 0.00100067 -0.000775787 -0.00410581 -0.00421988 -0.0089869 -0.000210511 -0.00186026 -0.00779413 -0.0102269 -0.00140346 -0.000905927 -0.00688605 -0.00165328 -0.0140385 0.000928168 -0.00671254 -0.00791283 0.00563659 0.0018396 -0.00757864 -0.00545981 0.00109809 -0.0155967 -0.00429 -0.00809428 -0.0040688 -0.00265692 -0.00983664 -0.00782049 -0.011747 -0.00932918 -0.0120052 0.00331989 0.00266077 0.000635419 -0.00911438 -0.00278606 -0.00732929 0.00945314 0.00486203 0.0184921 -0.00405236 0.00202688 0.00708044 0.0129384 0.008888 -0.00360452 -0.00320727 -0.0004851 -0.00147862 -0.00927494 -0.00783548 0.0030136 -0.00866535 -0.0105306 -0.00157194 0.00685389 0.00286915 6.15228e-05 -0.00792881 -0.00470884 -0.0188574 -0.0181393 -0.0170002 -0.00878615 -0.00815186 0.003443 -0.00287395 -0.000669137 2.81803e-06 0.00674387 -0.00298788 -0.00950799 -0.00594385 0.00575082 -0.00215392 
-0.000390152 -0.00382432 0.00345607 0.00204916 -0.00121718 -0.00462672 -0.00130756 0.000617932 -0.0027974 0.00148769 -0.00505616 -0.0115296 -0.000612513 -0.00568095 0.014136 -0.0066913 -0.00572418 0.000911471 -0.00335676 0.0137881 0.00968774 0.00398147 0.0941704 0.00388379 -0.00200955 0.00104723 0.002855 -0.00692736 0.000265983 -0.00362869 -0.00242758 -0.00391689 -0.00432505 0.00263125 -0.00128851 -0.0042659 0.00380148 -0.00502144 0.00176253 -3.5306e-05 -0.00125517 -0.00221505 -0.000161335 0.0053126 -0.00336634 -0.00031406 -0.00879128 -0.000833356 -0.00411833 -0.00309316 0.0007366 -0.00153057 -0.00272136 -0.0047208 -0.0049856 -0.00414725 0.00282223 -0.00668445 0.00464621 -0.000650952 -0.00114541 -0.00494364 0.000352658 -0.00725072 -0.00196063 -0.00355183 0.00229818 0.00168678 -7.03701e-05 -0.0041883 -0.000311237 -0.00666681 -0.00162489 0.000807218 0.00132691 0.00121 -0.00075742 -0.00136122 -0.00272292 -0.00120045 -0.00501302 0.00427557 -0.000174414 -0.00105165 -0.00124285 -0.00261641 0.00345406 -0.00333567 0.00140424 -0.000485601 -0.00429192 -0.000423611 -0.002017 0.00414186 0.00126488 -0.00222714 0.00136194 -0.00220348 0.0012503 0.000203295 
0.00257666 -0.00720776 -0.00284581 0.000816244 -0.00258484 -0.0114467 0.00092982 -0.00248172 -0.00551553 0.000851368 -0.00855965 -0.00243286 0.0030417 -0.00808938 -0.0048233 -0.00885575 -0.00212874 -0.0100248 -0.00698398 0.0108161 -0.000842452 -0.000462134 0.00388379 0.116129 0.000299531 0.00286418 -0.00194221 -0.00185102 0.00321765 -0.00626939 0.00202798 -0.00586511 0.0132704 0.00471061 -0.00558588 -0.00231709 -0.00093877 2.62383e-06 0.00241173 0.000160979 -0.00595731 0.00709743 -0.00525256 -0.00194593 0.00224847 0.00261375 -0.00414127 0.000902738 0.00333139 -0.0036671 0.00230254 0.0139527 0.00355039 0.00152132 -0.000477249 -0.00586239 -0.00228222 -0.0023517 -0.00536652 0.00847472 4.16871e-05 -0.00214279 -0.00806409 -0.00592456 -0.00796853 -0.00475067 0.000664662 -0.0062767 0.00503152 -0.000422988 -0.000346619 -0.0055426 -0.00103635 -0.00277183 -0.000643721 0.0061636 -0.0061651 -0.00521014 -0.00145136 -5.47045e-05 -0.00593415 -0.0036293 -0.00720393 -0.000357243 0.00618181 -0.0029999 -0.00599535 -0.00292637 0.000690759 -0.00294644 0.00372017 0.00307639 -0.00483672 0.00273057 0.00128079 0.00428845 -0.000112013 0.00158461 -0.00293884 -0.00344889 
-0.00351382 -0.00153381 0.000137461 -0.000924253 -0.00173298 -0.00746714 -0.00246907 -0.00112035 0.000537629 0.00354419 -0.000868761 0.00111116 -0.00421566 0.00207351 -0.0024482 -0.00348773 0.00135154 -0.00243362 -0.00680068 0.00264611 0.00677694 0.00100067 -0.00200955 0.000299531 0.0816194 -0.000865338 -0.00035201 0.00674952 0.000733536 -0.0013509 0.00182345 -0.00181176 8.90247e-05 -0.00129918 -0.00130154 -0.00431831 -0.00247723 -0.00473117 0.00177961 -0.0017811 -0.00288564 -0.00355978 -0.00213538 -0.00294508 0.00454583 -0.00106619 -0.0022415 -0.00103005 0.000542244 -0.00047383 0.000195314 -0.00318694 -0.000777323 0.000159241 -0.0010289 -0.00693175 -0.00317981 -0.00758065 -0.00314281 -0.00212724 0.00267463 -0.00368131 -0.000242592 -0.00347486 -0.00395544 -0.00201901 0.000587757 -0.00247071 0.0014487 -0.000328088 -0.000953483 -0.0047918 0.0013736 0.0053158 -0.000800734 -0.00430101 -0.00312401 -0.000267102 0.000599458 0.000892905 0.000838498 -0.00360099 -0.00142109 -0.000252737 0.00103759 -0.00401049 3.1939e-05 -0.00122621 0.00190883 0.000772448 0.00658439 0.00432479 0.00270127 0.000666882 -0.000825787 0.00345177 -0.00104503 -0.00241009 -0.00110638 -0.00101111 
0.000614038 -0.000653644 -0.00130102 -0.00339465 6.77958e-05 -0.00249749 0.00130436 -0.00211278 0.000848301 0.000153117 0.000472231 0.00557515 0.00384721 -0.00366158 0.00037828 -0.00534558 -0.0031384 0.00430753 0.00427217 -0.00928255 -0.00832039 -0.000775787 0.00104723 0.00286418 -0.000865338 0.113157 -0.00186568 0.00985791 -0.00144034 0.00651226 0.0031849 -0.00229698 0.00616395 -0.00525266 -0.00086625 -0.00707513 -0.00399275 0.00158413 -0.0051174 -0.0032295 0.00021388 -0.0042137 -0.003028 0.00174462 0.000499097 0.00249964 -0.00106573 0.00261853 0.00118044 -0.00293526 -0.00103936 0.00570973 -0.00431829 -0.00397167 -0.00255496 -0.00170659 0.00019233 0.0137049 -0.00336348 -0.000671923 -0.00113315 -0.00375394 -0.00174287 0.00517897 0.00134037 -0.00403894 0.00355992 0.00591934 -0.00538343 0.00115119 0.00273085 -0.00586652 -0.000309786 -0.00604584 0.00166249 -0.00358012 -0.00329245 -0.00619839 -0.00240812 -0.00463954 -0.00872142 -0.00230732 -0.00151477 0.00120339 6.42549e-05 -0.00285435 -0.0108838 -0.000194753 -0.000211615 -0.00773674 -0.00234321 -0.00284759 0.00422686 -0.00154458 -0.00473933 0.00245129 -0.0100684 -0.00527215 -0.00562991 -0.00744547 
-0.000842925 0.000197497 0.00112036 0.00359643 -0.000581803 0.00174004 -0.000302026 -0.00115427 -0.00107187 0.000430583 -0.00230795 -0.00012999 -0.0041415 -0.00168964 0.000953833 -0.0101091 -0.00358092 0.000478084 -0.00348861 -0.00861494 -0.00173789 -0.00410581 0.002855 -0.00194221 -0.00035201 -0.00186568 0.0733747 0.00889256 -0.000446006 0.00639472 0.00258383 0.00573928 0.00186783 -0.00276008 0.00435315 -0.0031503 0.000602627 0.00305398 -0.0020475 0.000717291 -0.00371737 -0.00654795 -0.00410485 -0.0047199 0.000638672 -0.00294571 -0.00281262 -0.000825687 -0.000689245 -0.00153638 -0.00310153 0.00301699 0.000493663 -0.000704222 0.000432271 -0.00410302 -0.00300344 -0.00578004 -0.00259257 -2.15886e-05 -0.00182015 -0.00265498 0.000951909 0.0024399 -0.00451744 -0.00471249 0.00107462 -0.00314695 -0.002045 -0.000735 2.00482e-05 -0.0012079 0.00348076 0.00205676 -6.40058e-05 -0.00151503 0.000767863 -0.000532142 0.00468619 0.00328945 -0.000740679 0.000714779 0.00615424 -0.00317981 0.00116468 -0.00318946 -0.000973512 -0.00464618 -0.00177195 -8.43397e-05 -0.00325043 0.00064977 -0.00279978 1.49876e-05 -0.0013261 -0.00214506 0.000907002 0.00198613 0.00117598 -0.00438095 
-0.0033185 0.0146106 -0.00933795 -0.00515261 -0.00292233 0.00473722 0.00117084 -0.001896 0.00322985 -0.000212061 0.0091233 -0.00122097 0.00505375 -0.00422048 -0.0221001 -0.0132423 -0.0105998 0.00154356 -0.00771078 -0.0105678 -0.000816245 -0.00421988 -0.00692736 -0.00185102 0.00674952 0.00985791 0.00889256 0.184578 0.00824153 0.0019685 0.00909685 0.000191405 0.0210963 -0.0124925 -0.000655971 0.00404649 -0.00325292 -0.00618668 -0.00779128 -0.00509212 -0.00168551 -0.00791392 -0.000614539 -0.00352511 0.00249361 -0.00556247 -0.00458888 -0.00518744 0.000455439 0.0114107 -0.00929967 0.00740051 -0.00436438 0.00481854 0.00652739 -0.0161175 -0.00836034 0.000345435 -0.0199778 -0.00534161 -0.00349795 -0.00503286 -0.00568212 0.0194379 -0.00307609 0.00174163 -0.00539955 0.000973943 -0.00883798 0.0106635 -0.00574767 -0.0177353 -0.00181359 0.0065532 -0.00565508 -0.00468117 -0.00504512 -0.00624714 0.00396312 -0.00208641 -0.0182902 -0.0141712 0.00975222 -0.00696809 0.00260473 -0.00777941 -0.0140482 0.0149571 -0.00918492 -0.00268419 -0.00273814 -0.00334802 -0.00122098 -0.00424277 -0.00395457 0.00430584 0.00658269 0.00355348 -0.00162123 -0.00761208 
-7.43778e-05 -0.00936087 -0.0042771 0.000333906 -9.39743e-05 -0.0196194 -0.00823054 -0.00295804 -0.00180521 -0.0014231 -0.00182081 -0.00380142 -0.00554813 -0.00987295 -0.00652482 -0.00333284 -0.0111729 -0.00781747 -0.00554961 -0.000372031 0.00563119 -0.0089869 0.000265983 0.00321765 0.000733536 -0.00144034 -0.000446006 0.00824153 0.14386 -0.00267468 0.00270402 0.0016389 0.0189518 0.0031483 -0.00422994 -0.00902424 -0.00231229 -0.00618245 -0.0040104 0.00162261 -0.00631384 0.00684274 0.00624023 -0.00105795 0.00762284 -0.00350097 -0.00532165 -0.000306257 0.000589511 -0.00146419 -0.00894879 -0.00317036 0.00317962 0.00730988 -0.00401116 0.00341024 -0.00587209 -0.00691638 -0.00548608 0.00516475 0.00279105 -0.0068445 -0.00492069 0.00656857 -0.00320851 -0.00624765 -0.00336832 -0.00422612 0.00385207 -0.013339 -0.00183298 0.00508391 0.000681609 0.00685842 -0.00182379 0.00431002 -0.0039889 -0.00976096 -0.00360404 -0.000460146 -0.00633261 0.00777844 -3.55328e-06 -0.00281402 0.00353589 -0.00157831 -0.0046552 0.00101966 0.00488169 0.00443981 -0.00677537 0.00461064 -0.00802668 -0.00147247 -0.00307201 0.0029869 0.00131786 0.00180558 -4.61222e-05 0.000503104 
0.00255934 0.00367105 0.00291007 -0.00261032 0.00496815 -0.00166552 0.00290698 -0.00176611 -0.00550914 0.000934035 0.00568787 -0.0120348 -0.00180979 0.00145632 -0.00133267 -0.00901797 0.00360321 0.00103867 0.00330859 -0.00067903 -0.00873113 -0.000210511 -0.00362869 -0.00626939 -0.0013509 0.00651226 0.00639472 0.0019685 -0.00267468 0.143078 0.00718006 0.00349661 0.00345245 0.00429958 -0.00148414 0.00451045 -0.00104927 -0.00167867 -0.00450993 -0.0143425 0.000842408 -0.00558129 -0.0109511 -0.00398371 -0.00531117 -0.000945706 -0.0116127 -0.00390474 -0.0015022 -0.00135154 -0.000135378 0.00739341 -0.000659858 -0.0099804 -0.0103793 -0.00120922 -0.00545119 0.00875336 0.000251849 -0.00220855 -0.00113291 -0.00598735 0.00683812 0.000656532 0.0058166 -0.00324843 -0.00461212 -0.00319356 -0.0139793 -0.00011667 0.00289686 -0.00941311 -0.00362603 -0.00199694 -0.00387229 -0.00980562 -0.00434398 -0.00188778 -0.00221745 0.000261054 0.00353974 0.00716632 -0.00221485 0.00258044 -0.00233382 -0.000944878 -0.0104639 -0.00483605 -0.00313537 -0.0012026 -0.00916662 -0.00372847 -0.00432268 -0.00455076 0.00329852 -0.00370643 -0.00324256 0.00947898 0.0060009 0.00109383 
0.0003994 -0.00399936 0.00693323 -0.00237699 0.000539559 -0.00622354 0.00261685 0.000647602 0.00420984 -0.00594095 0.00196544 -0.00586654 -0.00235286 0.000566947 -0.00946872 -0.00851013 -0.00193957 -0.00357904 -0.00653649 -0.014019 -0.00884395 -0.00186026 -0.00242758 0.00202798 0.00182345 0.0031849 0.00258383 0.00909685 0.00270402 0.00718006 0.0874367 0.00633454 0.022181 -0.000758262 -0.000343321 -0.00208846 0.00122168 0.000100111 -0.00325668 -0.00619387 0.00418329 -0.000835021 -0.00389262 -0.00562263 0.000927336 0.00164771 -0.00470187 -0.00121151 -0.000235943 0.00271665 0.00013428 -0.00218379 0.000908688 -0.00199384 -0.00281329 -0.00362407 -0.00402105 0.00501678 0.002604 0.00135419 0.0018859 -0.00626855 0.000940147 -0.0013459 -0.00360178 0.00886583 -9.86781e-05 -0.00596207 -0.00806922 0.000378547 0.0014113 -0.00702531 -0.000354881 -0.00535093 -0.00194871 -0.00101117 -0.00235826 -0.0031885 0.00293898 -0.00116387 0.00144868 -0.00174137 -0.00115932 9.18639e-05 0.00310367 -0.00502911 -0.0106637 -0.0023382 -0.00346873 0.00197932 0.000301459 0.0061051 -0.00103789 -0.00127004 -0.00491884 -0.00163469 -0.00322301 -0.00467315 0.00150934 0.00241989 
0.00736014 0.000425435 -0.0025419 -0.00472666 -1.40968e-05 -0.00340614 0.00615244 0.000833077 -0.0021026 -0.00209342 -0.00363856 0.00331427 -0.00392269 -0.00532476 -0.0102286 -0.00552337 -0.00617743 -0.00873842 -0.00384505 -0.0109243 -0.00564031 -0.00779413 -0.00391689 -0.00586511 -0.00181176 -0.00229698 0.00573928 0.000191405 0.0016389 0.00349661 0.00633454 0.106444 0.0105044 0.00612539 0.00174251 8.93452e-05 0.00113229 0.00646395 -0.00144645 -0.00370425 0.00440954 -0.00699261 -0.00498891 -0.00191781 -0.00385011 0.00368097 -0.000765748 -0.00331957 -0.00253854 -1.92095e-05 -0.00352806 -0.000966395 0.00375881 -0.00518117 -0.00185904 0.000342362 -0.00621053 6.3228e-05 0.000210599 -0.00125433 0.00221366 -0.0021871 0.00222109 -0.000554401 -0.00569041 0.00326718 -0.00107203 -0.00399002 -0.00705701 -0.00852921 0.00415572 -0.000285462 0.00315212 -0.00301584 7.40448e-05 0.00389428 -0.00255458 0.00314921 0.00439273 -0.00309525 -0.00534621 -0.000688149 0.00264462 0.00438539 -0.00265347 -0.00868508 -0.00582658 -0.00670405 -0.00217369 0.00354248 -0.000274498 0.00852784 -0.00400605 -0.00337968 -0.00515798 0.00239766 0.00277703 -0.00272526 0.00229123 0.00118831 
0.00421288 -0.00568338 -0.00435333 -0.0115784 -0.00613682 -0.0150298 0.0106099 -0.0035394 0.00547909 -0.00441087 0.00234634 -0.00323516 -0.001061 0.00182368 -0.0142824 -0.0169466 0.000213657 -0.00465217 -0.0139172 -0.010342 -0.02007 -0.0102269 -0.00432505 0.0132704 8.90247e-05 0.00616395 0.00186783 0.0210963 0.0189518 0.00345245 0.022181 0.0105044 0.173043 0.00469679 -0.00634788 -0.00493683 0.00897816 -0.00709496 -0.004053 -0.00300782 0.0133721 -0.00519544 -0.00762477 -0.00427925 0.00185139 -0.00461304 -0.00726881 -0.00428439 0.000558629 0.00433567 -0.00833905 0.00480701 0.00612352 -0.000152231 0.000882417 -0.00333878 -0.00503517 0.00586006 -0.0102014 0.00275552 0.00188114 -0.0148816 -0.00161117 0.00854002 -0.0017736 0.0106534 -0.00351998 0.00145993 -0.0104506 -0.00485861 0.00205007 -0.0117999 -0.00353416 -0.00996147 -0.0068911 0.00829333 -0.0130695 -0.011845 -0.0020986 0.00162126 -0.00328348 0.00521784 -0.00867842 0.00178485 0.00660532 -0.00302863 -0.0210057 -0.00372067 -0.00643383 0.00130757 -0.00503635 0.00957923 -0.00574172 0.000480708 -0.0119139 0.00284057 -0.00712214 -0.000561526 -0.00765611 0.00419917 
-0.00324566 -0.0061112 -0.00245414 -0.00386318 0.00160059 -0.00741396 -0.00311099 0.00110453 -0.00223605 -0.00413972 -0.00227066 -0.00667582 0.0023069 5.29663e-05 -0.00405991 -0.0090515 -0.00290832 -0.0065779 -0.00161868 0.00203901 -0.00668414 -0.00140346 0.00263125 0.00471061 -0.00129918 -0.00525266 -0.00276008 -0.0124925 0.0031483 0.00429958 -0.000758262 0.00612539 0.00469679 0.107034 -0.000150116 -0.00417891 0.00603409 -0.0015268 0.00213134 -0.00410854 0.00804108 -0.000515706 -0.00186373 -0.00392078 -0.00295599 -0.00110551 -0.00613257 -0.00136983 -0.00172249 -0.00402955 -0.0029455 -0.00778488 0.00153208 0.00310068 -0.00437352 0.000807097 0.00339113 -0.000448099 -0.00457344 0.00669415 0.00263562 -0.00371615 0.00338083 0.000267176 -0.00071433 0.000542518 -0.00356103 0.00469234 -0.00619334 -0.00875092 -0.000915159 0.000263221 -0.00105395 0.00287812 -0.00264108 1.45985e-07 -0.0039255 0.00336515 -0.00302977 0.00310184 -0.00156914 0.00930944 0.00130931 -0.00192222 0.00111277 0.000495285 0.00323756 -0.0083846 -0.00328224 0.000106979 -0.000913066 0.0077144 -0.00638815 0.00144557 -0.00765117 -0.0010771 -0.0012014 0.00405393 -0.00368471 -0.000724847 
