0.128358 -0.00352388 -0.00328178 0.0151802 0.00252641 0.00687188 0.00137217 -7.76524e-05 -0.00882414 0.000974183 0.000884702 -0.00247611 -0.00249691 -0.00693483 -0.00334817 0.000920762 -0.00895339 0.00790882 0.000657841 -0.0009777 -0.00159241 0.0132378 0.000347747 -0.00609449 -0.00606897 -0.00113371 0.00689584 -0.00437302 -0.00427735 0.00168138 0.000328323 -0.00124482 -0.000533961 -0.00277332 0.000200107 0.000876874 -0.00103341 -0.00285237 0.0107048 -0.00700441 0.00733434 -0.0041358 0.00361257 -0.00564809 -0.0017434 -0.000995222 -0.00122033 0.000561581 -0.000517128 -0.00165392 -0.000245807 -0.00642624 0.00469482 0.00350963 0.000262423 -0.00497794 -0.0060283 -0.0018057 0.000169412 -0.00327558 0.000920939 -0.00420641 -0.000624782 -0.00992661 0.00167876 -0.00010242 0.00258445 0.00048103 -0.00753353 0.001258 -0.00242135 -0.00345385 -0.00227721 -0.00353104 0.00435227 -0.0044435 -0.00889551 -0.000830039 0.00378976 0.00145176 -0.0171732 -0.0100279 -0.00138425 -0.00394254 -0.00553762 0.00706724 -0.002811 -0.00562668 -0.00269039 -0.00566685 -0.00531626 -0.00681442 0.00135067 -0.00486586 -0.00282698 -0.00384264 -0.0004941 -0.00288609 0.00172864 0.0019669 
-0.00352388 0.125796 0.00903794 0.00320668 0.0044163 0.00298781 0.000191061 0.00290289 0.00370049 -0.00193943 0.000159407 -0.00643517 -0.00592649 -0.00225251 -0.00834473 -0.00599848 -0.00909263 -0.00789041 -0.00517988 -0.00663259 -0.00886278 0.00194548 -0.00297414 0.004121 0.00196387 -0.0061193 -9.63931e-05 -0.00364054 -0.00225897 -0.00472659 0.00504629 0.00274886 -0.00854958 -0.00486729 -0.000353707 0.00395234 -0.0038047 0.000214998 -0.00452097 -0.00151421 -0.000837286 -0.00568806 -0.000605437 -0.00425307 0.00342873 0.000666646 -0.00260429 -0.00742769 -0.00245506 -0.000439807 -0.0037471 0.00627142 0.000898478 0.00224978 -0.00036481 0.000335213 -0.00111866 0.00133816 0.00589025 0.00393721 0.000739161 -0.00598753 0.00516983 -0.00271061 -0.00338651 -0.00220877 -0.00494988 0.00039608 -0.00519014 -0.00737564 -0.00323784 -0.000973544 1.45409e-05 -0.0023138 0.00347851 0.00130093 0.00209281 -0.00751479 -0.00180947 -0.00455317 -0.000734698 -0.00456501 0.00233773 -0.00375227 0.00264705 -0.00683422 0.00116819 -0.00407201 0.00147625 -0.000313227 -0.00121566 -0.00471171 0.00103332 -0.0020553 -0.000340665 0.00489776 8.87877e-05 0.00315276 0.0001074 -0.0016549 
-0.00328178 0.00903794 0.0964958 0.000744743 0.00198332 -0.0023527 -0.00203886 -0.00089154 0.006338 0.000517003 -0.00167925 0.00681381 -0.00403729 -0.00321029 -0.000340724 -0.00386388 -0.00861475 -0.0080217 -0.00413051 -0.00616996 -0.00856743 -0.00441213 -0.00387447 -0.00169963 -0.0055884 -0.00147457 0.000737418 0.000895159 -0.00395777 0.00181435 0.00557652 0.00506114 0.00173986 -0.00428198 -0.00104193 -0.00241481 -0.00181375 -0.00221499 -0.00544298 -0.00202586 -0.000642613 -0.00146508 0.00506809 -0.00177961 0.00287861 0.00310256 -0.000843339 -0.00428159 -7.81128e-05 -0.00106958 -0.000773179 -0.000258214 0.00129212 -0.00666864 -0.00411812 -0.00259095 0.0011905 0.000510032 0.00677079 0.000998573 0.000721567 -0.00188129 -0.00189125 -0.000371652 -0.00425805 -0.00306294 -0.00396106 -0.00642792 -0.00623527 -0.00120921 -0.00412029 -0.00433995 0.0039697 0.000526532 -0.000960472 0.00696233 -7.85177e-05 0.00361381 -0.00298851 -0.00181645 -0.00453319 0.000205742 0.000708298 -0.00152345 -0.00351963 -0.00326975 -0.00166834 -0.00338985 -0.000792261 -0.00170598 0.00279475 0.00304326 0.00264976 -0.00238813 -0.00485504 0.00154568 0.0024501 0.000100447 0.00527286 -0.000869789 
0.0151802 0.00320668 0.000744743 0.184009 0.00562392 0.0071893 -0.00984522 0.00870912 -0.000560923 -0.00461476 -0.00223922 -0.0150274 -0.0122243 -0.00342132 0.00759302 -0.0248992 -0.00503483 0.00358293 -0.00290365 -0.000840995 0.00267032 -0.011419 -0.00194298 -0.00538429 -0.00454303 0.0165827 -0.0111789 -0.008625 -0.00116226 -0.00301307 -0.00823204 -0.00467356 -0.00178036 -0.0130661 0.00591388 -0.00467829 -0.00905507 0.00265451 -0.00938069 -0.00038875 -0.000199702 0.00105054 -0.00142388 0.00514845 -0.00499908 0.0108357 0.000657308 -0.00171486 0.00534519 -0.000807902 0.00215867 -0.00832413 0.00734836 -0.011598 -0.00643707 -0.00034835 0.0227532 0.00531224 0.00207938 -0.00769086 -0.0073382 -0.00232096 -0.00546287 -0.0091112 -0.00454516 0.00739217 0.00795817 -0.00670843 -0.0101946 0.000439044 -0.00882867 -0.00229888 0.00238484 0.0142967 0.010446 -0.00403449 -0.00785309 0.00745095 0.000901013 -0.00147132 -0.0136279 -0.00244372 -0.00597165 -0.0058097 -0.0157147 -0.013774 -0.00547938 -0.00384942 0.00033534 -0.00919163 -0.0046212 -0.00703223 0.000970469 -0.00472889 -0.0032656 0.0039248 0.0041723 -0.0036877 0.00582085 0.000202449 
0.00252641 0.0044163 0.00198332 0.00562392 0.0744125 0.000550421 0.000362628 0.00358625 -0.00320097 0.00110757 -0.00111006 -0.00606355 -0.00268916 0.00360701 -0.00622358 -0.00751165 -0.00793688 -0.00160684 -0.00334996 -0.0022489 0.00194036 -0.000443018 -0.00197394 0.000998186 -0.00253134 -0.00107376 -0.00103177 -0.00441937 -0.00230886 0.00326237 0.00403103 -0.0010308 -0.00181346 -0.00372564 -0.00251652 0.00236531 0.00365787 -0.000314514 -0.00228743 -0.00713576 -0.000772763 -0.00296686 -0.0027871 0.000712569 0.00257848 0.00197629 -6.5854e-06 0.00240154 -0.0016679 -0.000744754 0.00221779 -0.000170276 -0.000830045 -0.00624012 0.0006706 -0.00145057 0.0118765 0.000329391 -0.00195178 -6.6881e-05 -0.000989891 -0.00115014 -0.000177515 -0.00533776 -0.00309144 -0.00298543 4.52893e-05 0.000343929 -0.00359413 -0.00484435 -0.00128493 -0.00355851 -0.00176935 0.00168949 0.00486132 0.000804652 0.000823813 -0.00258261 0.00287443 -0.00100033 -0.0084473 -0.000806464 -0.000774711 -0.00247531 -0.00682166 -0.00110035 0.000669923 -0.00407775 -0.00139593 -0.00256052 0.00233982 -0.00407333 -0.00195786 0.00125714 -0.00299121 0.00114351 0.000983665 0.00426848 0.00213764 0.0026144 
0.00687188 0.00298781 -0.0023527 0.0071893 0.000550421 0.127005 0.00769607 -0.0057365 0.00135268 0.00175169 0.0112865 0.0041346 -0.00554663 -0.00160548 0.00530361 -0.00115251 -0.000435389 0.00764231 -0.00432301 0.00208864 -0.00667258 -0.00185748 0.00221373 0.00296629 -0.00428518 0.00603478 -7.78004e-05 -0.0037381 -0.000470141 -0.00448838 -0.00341093 -0.00146669 -0.00415972 -0.00175648 0.00194063 -0.000856031 -0.00121887 -0.00335376 0.00125198 0.00773345 0.000316212 -3.00257e-05 0.00236658 0.00331669 -0.00385647 -0.00975191 -0.00316728 -0.00193295 0.00210776 -0.00109398 -0.0072213 -0.00473046 -0.000294288 -0.000376634 0.00259952 0.00382396 -0.0108648 -0.00320143 -0.00100955 0.000508352 -0.00295756 -0.00392533 0.00260157 -0.0043624 0.0062924 -0.00967327 0.00319276 -0.00182545 -0.00655854 -0.00354166 -0.00277835 0.0104221 -0.0105136 -0.00380576 0.00091289 -0.0020318 -0.00807913 -0.00468866 -0.00546917 0.00190453 -0.00572451 -0.00518175 -0.00606665 -0.0043133 -0.00254311 -0.00685778 -0.00265472 -0.0050787 -0.000407083 -0.00143854 -0.00560332 -0.00770435 -0.00149517 -0.00325778 0.00645205 -0.00492188 -0.0025602 -0.0099576 -0.000778695 -0.00156792 
0.00137217 0.000191061 -0.00203886 -0.00984522 0.000362628 0.00769607 0.104085 -0.00300727 -0.00612949 0.00215523 0.00973308 -0.000268539 -0.000115973 0.00326226 -0.00912356 0.0100769 0.00137774 0.00736637 -0.00417238 -0.00756988 -0.00612911 -0.00503434 0.00834928 -0.00730592 -0.00114078 -0.00418116 -0.000634973 -0.00517161 -0.00153963 -0.00199473 0.000758473 -0.00462146 0.000946713 0.00778491 0.00630448 -0.000548194 0.00023309 0.000907022 0.00771546 0.00560852 0.00122858 -0.00468747 -0.00340686 -0.00389999 0.00327958 -0.00128282 -0.00237598 0.000428158 -0.00464433 -0.000762153 0.00280963 -0.00186782 -0.00164432 0.00326772 -0.00189548 0.00418061 -0.00495933 -0.00214843 0.00420253 -0.00446132 -0.00167869 -0.00439582 0.00178041 0.0088919 0.00749501 -0.00594688 -0.00096906 0.0012014 -0.000530647 -0.00960868 -0.00376472 -0.0104111 -0.0100566 -0.00495652 -0.00650503 -0.00169357 -0.00257987 0.00115673 -0.0042247 0.00373538 -0.00324695 0.00206634 -0.00366342 0.000544921 -0.00190261 0.00038269 0.000145352 -0.00784579 -0.00445973 0.000517102 -0.00638565 0.0015339 -0.00305751 -0.00297777 -0.000767767 -0.000238955 -0.00311657 -0.00315873 -0.0045658 -0.00381608 
-7.76524e-05 0.00290289 -0.00089154 0.00870912 0.00358625 -0.0057365 -0.00300727 0.093115 -0.000293785 0.00124991 -0.00306551 -0.00279711 -0.000824517 0.00725077 -0.00727323 -0.0062122 -0.0081368 -0.00024611 -0.00473226 0.00106239 -0.000198311 0.00147362 -0.00058913 0.000158892 -0.00137516 -0.00490609 -0.00420232 0.000139199 0.00315017 0.00273288 -0.00448457 0.00212602 0.000198697 -0.00582287 -0.0033555 0.00609799 -0.00403088 -0.0016878 0.000543834 -0.0120812 -0.0021 -0.00298625 -0.00547828 -0.00114143 0.00145035 0.00974277 -0.00145112 -0.00542525 -0.00287021 -0.00252297 0.00173353 0.000995907 0.000819742 -0.00276435 -0.0039397 -0.00393379 0.00554655 -0.00379595 0.00770044 -0.00166886 0.00252531 0.00656047 -0.00088921 -0.00252653 -0.00329767 0.00102555 -0.00294715 -0.00151195 -0.00405673 -0.00272221 -0.00106437 -0.00796801 -0.00443244 -0.0022674 0.0021038 -0.000663259 -0.00298832 0.0044939 0.000915126 -0.00289878 -0.00574975 -0.00293748 0.00390697 0.00371687 -0.00733852 -0.00185518 -0.00191257 0.000793567 -0.000384647 -0.000497797 -0.00273243 -0.00222691 0.00192223 -0.000928317 -0.0026487 -0.00274113 0.000990721 0.00540817 0.00100701 0.000437305 
-0.00882414 0.00370049 0.006338 -0.000560923 -0.00320097 0.00135268 -0.00612949 -0.000293785 0.196916 0.00142482 0.00529308 0.00366682 0.00201287 -0.00955622 0.0134283 0.0114654 -0.0163386 -0.01683 -0.00989417 -0.0137773 -0.0140818 -0.00421531 -0.00832168 -0.00445176 0.000251388 0.0151506 -0.000639758 -0.00402183 -0.00663228 -0.00403459 0.00112574 -0.0194116 0.0262985 -0.00328876 -0.0155912 -0.00723752 -0.00975102 -0.00866223 0.00236896 0.00678535 -0.00462839 -0.00338977 0.00065311 0.00393393 0.000211609 -0.000864108 -0.000891606 0.00456598 -0.00593651 0.00240114 0.0121235 0.0133437 0.000947871 0.0176174 7.83479e-05 -0.0106597 -0.017401 -0.00460107 -0.00485216 -0.00886303 -0.00519424 -0.00453629 0.00663915 0.00253845 -0.0017827 0.000425635 -0.00823806 -0.00875442 -0.0112571 0.00620493 -0.00347103 0.00928093 0.00710432 -0.00129161 -0.00549746 0.0034364 0.0178349 -0.0122381 -0.00255385 -0.00457036 -0.0133224 -0.0119963 -0.00704076 -0.00366265 0.00632825 -0.00538709 -0.00299618 0.00422911 -0.00196489 -0.00990952 -0.00430021 -0.00248284 0.00062507 -0.00811076 -0.0136738 0.0180362 -0.00892619 -0.0116144 0.00116768 -0.0046986 
0.000974183 -0.00193943 0.000517003 -0.00461476 0.00110757 0.00175169 0.00215523 0.00124991 0.00142482 0.0801567 0.00355278 0.00514889 0.00104545 -0.000647143 0.00274335 -0.00881593 -0.00393774 -0.00194574 -0.00485218 -0.00587747 0.000802218 -0.000372672 -0.0022684 0.000360698 -0.000206399 0.000819641 1.22933e-05 0.000302312 -0.000398783 0.000211799 0.00139088 -0.000900641 -0.000985088 0.000121057 0.000821918 0.00394728 -0.00291531 0.000534304 -0.00149336 -0.00342205 -0.000870792 -0.00454369 4.83602e-05 -0.00134209 -0.00102846 -0.0050321 -0.0020527 -0.00646046 -0.00191309 0.000477598 -0.00535148 -0.000363752 0.000864185 0.000886453 0.00270028 -0.000462798 0.00262334 0.00382122 -0.00388727 0.00146477 -0.000204066 -0.000629256 -0.0013509 -0.00284705 -0.000332278 -0.00240237 0.00121299 -0.00294205 -0.00373365 0.000556246 -0.00500476 -0.00417085 -0.00381551 0.000791692 0.00439663 -0.00024208 0.00211646 0.00351877 -1.3706e-05 0.000125144 -0.0128565 0.00175557 -0.00252991 0.000674794 -0.0084108 -0.000311471 -0.00140861 -0.00247695 -0.0027721 0.000769806 -0.000427904 -0.00228542 0.00108365 -0.00106533 -0.00210022 -0.0022252 -0.0034931 0.0024507 0.00283915 0.00262398 
0.000884702 0.000159407 -0.00167925 -0.00223922 -0.00111006 0.0112865 0.00973308 -0.00306551 0.00529308 0.00355278 0.123462 0.00881467 -0.0035434 0.00545239 0.000720851 0.0110138 -0.00763904 -0.00171887 -0.00554343 0.0109372 -0.0118434 -0.00352188 -0.000494186 -0.00688915 -0.0100214 -0.00946024 -0.000334796 -0.00152667 0.00179301 -0.00185609 -0.00233984 -0.00994559 0.00142449 0.00231919 -0.0019298 -0.00573233 -0.00252231 -0.00503187 0.00644882 0.0117241 -0.00346069 -0.0014218 0.000524067 0.005402 -0.00382508 -0.00461588 -0.0013061 -0.0019411 -0.00424263 0.00590184 0.00316534 0.000219502 0.00172901 0.0064436 -0.00172086 0.0115539 -0.00269883 -0.00486755 0.00194479 -0.00405819 0.000339045 -0.00629883 0.00188532 -0.00069397 -0.00137301 -0.00382196 -0.00401114 -0.00310298 0.0019999 -0.00867767 0.00112479 -0.00486493 0.000726553 -0.00442906 -0.00931994 -0.00153344 0.000428892 -0.00236043 -0.00199077 0.000370478 -0.00809513 -0.00377969 0.00475479 -0.00182841 0.00300151 -0.0058598 0.00120321 -0.0096071 -0.00460187 -0.0034393 -0.00304589 -0.0109222 -0.00439766 -0.00353186 -0.00288497 -0.00381349 -0.00523434 -0.0016663 -0.00639961 -0.00200589 
-0.00247611 -0.00643517 0.00681381 -0.0150274 -0.00606355 0.0041346 -0.000268539 -0.00279711 0.00366682 0.00514889 0.00881467 0.133681 -0.00265074 -0.000107174 0.0147667 0.00942297 -0.0039092 -0.00744257 -0.00881983 0.00769672 -0.00289295 -0.00629049 -0.00262543 -0.00536415 0.00542908 -0.00704256 0.00405753 -0.0138153 -0.00329417 6.93777e-05 0.00469505 -0.00427838 -0.00895971 0.0186901 0.000501373 -0.00199946 -0.00631786 -0.00143873 0.0051888 0.0132323 1.48457e-05 0.00327642 0.0103257 -0.00329871 -0.00436945 -0.00637465 0.00190242 -0.00498738 0.000334437 0.00668614 -0.00289016 -0.000229632 0.000572202 -0.00105155 0.000163594 -0.00372636 -0.0048154 -0.00129269 -0.00171177 -0.00465295 -0.00473038 0.000641409 -0.00576008 -0.00151174 -0.00427542 -0.000584127 -0.00823708 -0.00166279 -0.00318444 -0.00171761 -0.00201865 0.00698192 -0.00827845 -0.00490842 -0.0100416 0.00385511 -0.00766444 -0.00594928 -0.00825771 -0.000528208 -0.00661994 -0.00606669 -0.00358166 -0.00546583 -0.00155607 -0.00805683 0.00107344 -0.00946264 0.000725558 0.00111898 0.00382148 -0.00830587 0.000511446 -0.00129664 0.0114828 -0.00577839 -0.00400554 -0.00313195 0.000258664 0.00259904 
-0.00249691 -0.00592649 -0.00403729 -0.0122243 -0.00268916 -0.00554663 -0.000115973 -0.000824517 0.00201287 0.00104545 -0.0035434 -0.00265074 0.100044 0.00154359 -0.00103892 -0.0074861 -0.00555422 -0.00395074 -0.000482473 0.00264779 -0.00576574 0.00482872 -0.00199326 0.00102269 0.00926639 -0.00450208 -0.00259356 0.0123807 0.00105483 0.00190225 0.00392697 0.00480596 0.00604786 -0.00153868 -0.00137456 0.00750025 0.0061994 0.00318694 -0.00526084 -0.00252269 -0.00309907 -0.00378077 -0.00532739 -0.00129787 0.00410364 -0.00695027 -0.00132039 -0.00218858 -0.00266466 0.000934658 -0.00584113 -0.00679382 -0.00247868 -0.00431086 0.00622412 -0.00082483 -0.00609464 -0.00113641 8.87537e-06 -0.000563357 -0.00227541 -0.00085253 0.00591148 -0.00532876 -0.00540063 -0.00490748 -0.00135919 0.00119155 -0.00431799 -0.00603257 -0.000533145 -0.00117773 -0.00322289 -0.000770419 -0.00313886 -0.00237384 0.0124597 -0.00621993 0.00148931 0.000976674 -0.00155233 0.00788568 0.00091671 0.000268256 -0.00537907 -0.00364535 -0.000993445 0.0133052 -0.000315488 -0.000138647 -0.00444013 0.000446001 0.000130405 -0.000459543 -0.00948009 -0.00528703 0.000217278 -0.00374308 -0.00272079 -0.00102781 
-0.00693483 -0.00225251 -0.00321029 -0.00342132 0.00360701 -0.00160548 0.00326226 0.00725077 -0.00955622 -0.000647143 0.00545239 -0.000107174 0.00154359 0.101585 -0.00431992 0.0108571 -0.00401264 -0.000524532 0.000879906 -0.00198064 0.00176449 -0.00343139 0.00065371 -0.0053482 -0.0074167 0.000289646 0.000996505 -0.00140669 0.00719841 -0.0001571 -0.00588142 0.0028729 -0.00711292 0.00272731 0.000717472 0.00141721 0.00275314 -0.00221907 0.00479802 0.000954666 -0.000944924 -0.000534898 -0.00228977 -0.000823549 -0.00277749 -0.00379355 -0.000910608 -0.0059086 -0.00166194 -0.00216784 0.00484759 -0.00079892 -0.00104099 0.00507296 -0.000490587 0.00484751 0.00721122 -0.00477876 -0.00231113 -0.0034424 0.00229804 -0.00130834 -0.00362749 -0.00543643 -0.00655778 -0.00396889 -0.00577801 -0.00194586 0.00118692 -0.00708928 -0.00130909 -0.00452496 -0.0101095 -0.00378943 -0.00626624 -0.0014224 -0.00231159 0.0010754 -0.00475684 -0.00275702 0.00760513 0.00237031 -0.00383704 -0.00119732 -0.00815956 -0.00709137 0.000334233 -0.00185944 0.000253923 -1.80125e-05 -0.000391672 0.00367847 -0.00168618 0.000419804 -0.00110428 -0.00269848 -0.00293744 0.00684967 -0.00128739 0.00181697 
-0.00334817 -0.00834473 -0.000340724 0.00759302 -0.00622358 0.00530361 -0.00912356 -0.00727323 0.0134283 0.00274335 0.000720851 0.0147667 -0.00103892 -0.00431992 0.171954 0.00317672 0.00912597 0.0108797 0.00433852 0.000140894 -0.00828272 -0.0145424 -0.00614575 -0.0120114 -0.00229303 0.00951668 -0.00229122 0.0024683 -0.00715253 -0.00474344 -0.00662013 -0.00282414 0.0126014 -0.00873055 -0.00294428 -0.012644 -0.00299627 -0.0011545 -0.00410211 0.0105212 0.00659008 0.0115449 0.00686244 0.00275488 -0.00692555 -0.0132761 0.0036788 -0.000931042 0.00729404 -0.00221104 -0.00979025 -0.00955515 0.000410401 -0.00273207 -0.00711493 -0.0113882 -0.00518721 -0.00798891 -0.00348926 -0.00310739 -0.00612964 -0.00391925 -0.00496461 0.00544666 -0.00881439 -0.00786997 -0.0140168 -0.00628782 -0.0088181 0.0225616 -0.00202902 0.012263 -0.000680928 0.00257305 -0.0103622 0.00185787 -0.00177752 -0.00662173 -0.00632031 -0.00292726 -0.00758213 0.00149615 -0.00087972 -0.00403659 -0.010202 -0.0177251 -0.00479294 -0.00764652 0.00245472 -0.00231543 0.000995159 0.00152744 0.00220926 -0.00108241 0.00213846 0.00329373 -0.00345813 -0.00423975 0.00219004 -0.000733344 
0.000920762 -0.00599848 -0.00386388 -0.0248992 -0.00751165 -0.00115251 0.0100769 -0.0062122 0.0114654 -0.00881593 0.0110138 0.00942297 -0.0074861 0.0108571 0.00317672 0.246713 0.0113863 0.0137253 0.00908351 -0.00138531 -0.00647889 -0.00925317 0.00228217 -0.0139006 -0.00772836 -0.0123497 -0.00371059 -0.0167919 -0.00780357 -0.00918122 -0.000397843 -0.00536482 0.00914768 0.000114099 -0.00251443 -0.00876098 0.0090536 -0.00681163 0.0172105 0.0197342 -0.00290281 0.00998425 -0.00495247 0.00291652 -0.0154972 -0.00569681 -0.0111891 -0.014082 -0.00401206 -0.00632296 0.00894252 0.00789125 -0.00818052 0.0168972 -0.000429731 -0.00863688 -0.0230674 -0.00731316 -6.17531e-05 -0.017718 -0.00374664 -0.00362957 -0.00818852 0.00539312 0.0034339 -0.00125283 -0.0118867 -0.0168205 0.0104903 0.0126219 0.0105498 -0.00875743 -0.00257218 -0.0140734 -0.0226818 -0.00838901 -0.0160339 -0.00771655 -0.000178198 -0.00133778 0.0360434 -0.0107048 -0.0164538 -0.00214643 -0.00014244 -0.00871539 -0.00244119 -0.00858708 0.00130781 0.000660452 0.000660242 -0.0102438 -0.00843589 -0.0105517 0.00382275 0.0122532 -0.00709084 -0.0079261 -0.00656579 -0.003546 
-0.00895339 -0.00909263 -0.00861475 -0.00503483 -0.00793688 -0.000435389 0.00137774 -0.0081368 -0.0163386 -0.00393774 -0.00763904 -0.0039092 -0.00555422 -0.00401264 0.00912597 0.0113863 0.159596 0.0119176 0.00801289 -0.00227719 -0.00247007 -0.00574308 -0.000218854 -0.0109409 -0.0100061 -0.00451004 -0.00210295 0.00230999 0.000229957 -0.00739938 -0.00674887 0.00154738 0.00323033 0.00151001 0.00227441 -0.0105504 -0.00134787 0.00503084 -0.00311038 0.00715562 -0.00153713 0.0116317 -0.00394797 0.00362359 -0.00331036 -0.00932853 -0.00394213 -0.00148633 0.00161006 -0.00845427 -0.0100458 -0.000840792 -0.00243379 0.000790542 -0.00989695 -0.0125205 -0.0161574 6.97231e-05 -0.0124454 0.00512149 -0.00829086 0.00347541 -0.00620796 0.010306 0.00646858 -0.00692987 0.00420258 -0.00270681 0.0067507 0.00533481 -0.00479385 0.0087756 -0.00401624 -0.00629578 -0.0104342 -0.00492186 -0.0176005 0.00625849 -0.00485178 -0.000299031 0.0361919 0.00128893 -0.00146651 -0.000558419 0.00455038 0.00562777 -0.00143276 -0.000902804 -0.00402488 0.00496962 -0.00880503 0.00812264 -0.00336361 0.00481061 0.00468733 -0.00481068 0.00382124 -0.00983513 -0.00734015 6.28887e-05 
0.00790882 -0.00789041 -0.0080217 0.00358293 -0.00160684 0.00764231 0.00736637 -0.00024611 -0.01683 -0.00194574 -0.00171887 -0.00744257 -0.00395074 -0.000524532 0.0108797 0.0137253 0.0119176 0.189492 -0.000518818 0.0232873 -0.00423645 0.00796124 0.00460773 -0.00797729 0.00151016 -0.0018582 0.00478914 -0.0096402 -0.00506837 -0.00360052 -0.0101145 0.0116638 -0.00833948 -0.00508767 0.00212007 -0.00548157 0.00440117 0.000136808 -0.00825443 0.0143902 0.00206939 0.00740023 0.00866097 -0.00380801 -0.00401927 -0.00326281 0.00408291 -0.00633008 0.000901145 -0.00708977 -0.017236 -0.00372023 -0.00255633 -0.0100013 -0.00937375 0.0140015 -0.0113574 -0.00415423 -0.00369937 -0.0065365 0.000699103 -0.00119783 -0.00655923 0.0091183 -0.00755106 -0.00681728 -0.00322768 -0.00265043 4.77795e-05 0.00528191 -0.00103118 0.00718937 -0.00814425 -0.0020063 -0.0113556 -0.0089242 -0.0119944 -0.00720713 -0.00232282 -0.00409746 -0.0194431 0.00345986 -0.00116567 -0.0043885 -0.0147151 -0.0173541 -0.00600693 -0.0151886 0.0106274 0.00843604 -0.00796084 0.00056254 -0.00204456 -0.000298915 -0.00418417 -0.00832079 0.00059091 -0.00363375 -0.00785084 0.00063096 
0.000657841 -0.00517988 -0.00413051 -0.00290365 -0.00334996 -0.00432301 -0.00417238 -0.00473226 -0.00989417 -0.00485218 -0.00554343 -0.00881983 -0.000482473 0.000879906 0.00433852 0.00908351 0.00801289 -0.000518818 0.108557 -0.00747401 0.00206816 -0.00664938 0.000594917 -0.00421225 -0.00538966 -0.00099886 -0.00552962 0.00280061 -0.00211386 -0.00615836 -0.00485059 -0.0025243 0.00428499 -0.0136502 0.0018516 -0.00451211 0.00634366 0.000794762 -0.00222126 -0.00417222 0.00507792 0.00457657 -0.00304923 0.000800273 -0.00280058 -0.0034439 -0.00173401 -0.00512441 0.00476051 -0.00189232 -0.00332608 -0.00441041 -0.000594313 -0.00596904 -0.00104805 -0.00618111 -0.0115221 -0.00247029 -0.00210667 -0.00258486 -0.00218788 0.000152044 0.000172097 0.00495495 -0.000513542 0.00283222 0.000553548 0.00154964 0.00575891 -0.00180697 0.00640894 -0.00326866 0.000673191 -0.00505148 0.00208283 -0.00390608 -0.00364596 -0.000266843 -0.00227244 0.00179981 0.0121729 -0.00114478 -0.00264876 -0.0020948 -0.00176482 -0.0028187 0.0014206 0.0058203 -0.00220035 -0.00263611 -0.000589633 0.00129838 0.00101436 -0.000338115 0.00688268 0.00425676 0.00264233 0.000867541 -0.00127859 -0.000746816 
-0.0009777 -0.00663259 -0.00616996 -0.000840995 -0.0022489 0.00208864 -0.00756988 0.00106239 -0.0137773 -0.00587747 0.0109372 0.00769672 0.00264779 -0.00198064 0.000140894 -0.00138531 -0.00227719 0.0232873 -0.00747401 0.172169 -0.00830522 0.00455807 0.00283705 0.00913463 0.00258541 -0.0163178 0.0082201 0.000249865 0.000554689 0.00398184 -0.00436407 0.00172374 -0.00994198 0.0120536 -0.00447891 -0.00410121 0.00462944 -0.00230669 -0.00456455 0.00982431 -0.00562165 -0.00906128 -0.00556256 -0.0114015 0.00116964 0.00276726 -0.000581242 -0.000100364 -0.00383192 -0.0013702 0.00146813 -0.00458994 0.000303673 -0.00891475 -0.00591635 0.0104808 0.00475911 0.00300751 -0.00273456 -0.00837805 0.00505903 -2.17146e-05 -0.00609991 2.54873e-05 -0.00467896 -0.00472342 -0.00178426 -0.00462 0.00415887 -0.00915218 -0.000224032 0.00793159 -0.00994952 -0.0120056 -0.00456289 -0.00384493 -0.0105915 -0.00978244 0.00293787 -0.00185878 -0.00470608 0.00171447 0.00717079 -0.00202439 0.0104631 -0.00458858 0.000571632 -0.00648645 0.00351572 0.000846831 -0.0054807 -0.0077832 -0.000418029 0.000946211 -0.00565181 -0.0176115 -0.00482818 -0.0117979 -0.00803192 -0.00671508 
-0.00159241 -0.00886278 -0.00856743 0.00267032 0.00194036 -0.00667258 -0.00612911 -0.000198311 -0.0140818 0.000802218 -0.0118434 -0.00289295 -0.00576574 0.00176449 -0.00828272 -0.00647889 -0.00247007 -0.00423645 0.00206816 -0.00830522 0.143289 0.00109106 -0.0018202 0.0121364 0.013607 0.0185369 -0.0113532 -0.00130633 0.000710956 -0.00427145 -0.00524056 -0.00969977 -0.00108133 -0.00785309 -0.00699163 0.00984984 0.00107797 0.000354275 -0.0105329 -0.0115591 -0.00845524 0.000467637 -0.00244674 -0.00426343 -0.0046029 0.00520816 0.00162588 0.00244505 0.00172756 -0.00206172 -0.00928049 -0.00943044 -0.0010534 -0.008272 0.000784405 -0.0100311 0.0060332 0.0026776 -0.00284379 -0.0033706 0.00112695 0.00286636 4.22396e-05 0.00565754 -0.0002148 0.0159891 -0.00547503 -0.00355385 0.00331513 -0.00794869 0.000970641 -0.0104587 0.000681875 0.00128625 0.00756899 -0.0027721 -0.00554221 0.00239742 -0.00241049 -0.000115601 -0.00174024 0.0028431 -0.00646141 -0.00211466 -0.0137083 -0.00351905 0.000269249 0.00654386 -0.000742114 -0.00316122 0.0034217 0.0088319 -0.00413908 0.00401365 0.00454659 -0.0018137 0.00126552 0.0044642 0.000784996 0.000337135 
0.0132378 0.00194548 -0.00441213 -0.011419 -0.000443018 -0.00185748 -0.00503434 0.00147362 -0.00421531 -0.000372672 -0.00352188 -0.00629049 0.00482872 -0.00343139 -0.0145424 -0.00925317 -0.00574308 0.00796124 -0.00664938 0.00455807 0.00109106 0.140018 0.00279109 0.0183086 0.00878124 -0.00590766 -0.00272616 0.00527462 0.0065378 0.00403107 0.00371512 0.003636 0.00668335 0.00789863 -0.00118325 0.00812149 -0.00540813 -0.000226161 0.0140039 -0.0175682 -0.00509708 -0.00322447 -0.00467043 0.00226255 0.0013243 -0.00351056 -0.00278385 -0.00603635 0.00265851 -0.00325538 -0.00729007 -0.00971459 0.000223417 -0.00125819 0.00204852 0.00278536 -0.0135763 0.00418607 -0.0031016 -0.00595694 0.00282247 -0.00606373 0.00443374 -0.00728463 -0.00358225 -0.0073612 -0.00108462 -0.00612459 -0.00434247 -0.00245239 -0.000218625 -0.00714137 -0.000929545 -0.00312683 0.0056718 -0.0050637 0.00277165 -0.00674532 0.0132862 -0.00362298 -0.0142012 -0.0090229 0.00301611 0.0010978 -0.00304922 0.00440578 -0.00313171 -0.00404671 -0.00633255 0.00213088 -0.00971245 0.00157722 0.000375157 -0.000697941 -0.00882933 -0.0108051 -0.00406955 -0.00273067 -5.35114e-06 -0.000514533 
0.000347747 -0.00297414 -0.00387447 -0.00194298 -0.00197394 0.00221373 0.00834928 -0.00058913 -0.00832168 -0.0022684 -0.000494186 -0.00262543 -0.00199326 0.00065371 -0.00614575 0.00228217 -0.000218854 0.00460773 0.000594917 0.00283705 -0.0018202 0.00279109 0.0773891 -0.000202391 0.00400365 -0.00142475 0.0029683 -0.00173483 0.00331819 6.64206e-05 -0.00106904 0.00329669 -0.0039877 -0.00105328 0.00140213 0.000651217 -0.00423235 0.00210309 0.00507077 -0.0048228 -0.000103981 -0.00289815 0.00239432 -0.00211884 -0.00239914 -0.000549003 -0.00254636 -0.00556623 -0.0023787 -0.00118686 0.00387148 -0.00423752 -0.00195123 0.00447503 0.000729054 0.00775279 -0.00472634 -3.61796e-05 -0.00166263 -8.64665e-05 0.00198543 -0.00251902 -0.000432709 -0.00336169 -0.00324151 -0.00664382 0.00321973 0.000273041 -0.00372126 -0.00272542 -0.00270776 -0.00385583 -0.00290916 -0.00467253 -0.0055401 -0.00316146 -0.00609458 -0.000364378 -0.00256757 -0.00058321 -0.00255807 -0.000853135 -0.00165964 0.00444204 0.00355932 -0.000108727 0.000469444 -0.00140657 0.000753408 -0.00230149 -0.00198371 -0.00442789 -0.00102521 0.000398257 -0.000806922 0.00337397 -0.000451674 -0.00107576 -0.00279748 0.000131144 
-0.00609449 0.004121 -0.00169963 -0.00538429 0.000998186 0.00296629 -0.00730592 0.000158892 -0.00445176 0.000360698 -0.00688915 -0.00536415 0.00102269 -0.0053482 -0.0120114 -0.0139006 -0.0109409 -0.00797729 -0.00421225 0.00913463 0.0121364 0.0183086 -0.000202391 0.142519 0.0147675 0.00999975 -0.00634288 0.00644706 0.00150785 -0.00238049 -0.00291532 -0.00369873 -0.00939164 -0.00105342 -0.00690138 0.00258708 -0.00387964 -0.00206504 -0.00773572 -0.00684042 -0.00816397 -0.0079225 -0.00240387 -0.00313259 -0.00117407 0.000379763 -0.00487085 0.00396273 0.000620565 0.00271438 -0.00790773 -0.00840028 -0.00128677 -0.00422116 0.00985907 0.000801191 0.00384869 0.00457574 -0.00314048 -0.00158975 0.00235321 -9.92042e-05 -0.00337858 -0.00738498 -0.00359409 -0.00310595 0.000867951 -0.00407876 0.00424179 -0.00972023 -0.0020251 -0.00208904 -0.000925968 -0.00101279 0.0143866 0.000267598 0.00212346 -0.00421472 0.00464511 -0.00382593 -0.0158168 -0.00104309 2.02826e-05 0.00093272 0.00176732 -0.0111724 -0.00171196 -0.0026658 -0.00698265 -0.00219778 0.000738535 0.00320107 -0.00459889 0.00374298 0.00453008 -0.00899967 -0.00425541 0.00510955 0.00258615 -0.0012117 
-0.00606897 0.00196387 -0.0055884 -0.00454303 -0.00253134 -0.00428518 -0.00114078 -0.00137516 0.000251388 -0.000206399 -0.0100214 0.00542908 0.00926639 -0.0074167 -0.00229303 -0.00772836 -0.0100061 0.00151016 -0.00538966 0.00258541 0.013607 0.00878124 0.00400365 0.0147675 0.158998 0.00172281 0.000123688 0.00628412 0.00226281 -0.00396133 0.00421363 -0.00315955 -0.000594466 0.00260662 -0.00907244 0.0160092 -0.00996106 -0.00221488 -0.00573019 -0.0157499 -0.0042491 -0.00499479 -0.000699143 -0.00636296 -0.00314577 0.00341824 -0.00393552 -0.00161069 -0.0042622 -0.000960771 -0.00591359 -0.00693249 -0.000277786 -0.00212152 0.00330815 0.00333818 -0.00502601 -0.00467645 0.00246052 -0.00582636 0.000111261 -0.00261775 0.0038067 -0.00386492 -0.00255091 -0.00034398 -0.00526664 0.00808308 -0.00487539 -0.00691054 -0.00388481 -0.00239406 -0.00748203 -0.00492005 0.00392385 -0.00341517 0.00152071 -0.00319632 -0.00662408 -0.00155177 -0.0260946 -0.00175551 -0.000766675 -0.00175998 -0.00716136 -0.00538695 -0.00116222 -0.00139157 0.00461608 -0.00396317 0.00287418 0.00122941 -0.00137889 -0.00118057 -0.000500679 -0.00442743 -0.0022336 0.00617365 -0.000233428 7.83939e-05 
-0.00113371 -0.0061193 -0.00147457 0.0165827 -0.00107376 0.00603478 -0.00418116 -0.00490609 0.0151506 0.000819641 -0.00946024 -0.00704256 -0.00450208 0.000289646 0.00951668 -0.0123497 -0.00451004 -0.0018582 -0.00099886 -0.0163178 0.0185369 -0.00590766 -0.00142475 0.00999975 0.00172281 0.130409 -0.00476177 -0.00131621 -0.0032236 -0.00252792 -0.00511854 -0.0114444 -0.00197408 -0.00671985 -0.00743557 -0.00537996 -0.0034909 -0.00129647 -0.00786989 -0.00208661 -0.00171055 -0.000357199 0.00335868 -0.00465678 -0.00730379 0.00492656 -0.00200065 0.00502028 0.00492297 -0.000363767 -0.00244754 -0.00838359 -0.00242492 0.00437915 0.00116857 -0.0082744 -0.00451221 0.000883622 0.00153186 -0.0019684 -0.00238007 0.00131875 -0.000120622 -0.00260594 -0.00570349 0.00085542 -0.00208548 -0.0036299 -0.00118635 0.00236661 0.000928174 -0.00150456 -0.000411137 0.00218128 0.0107232 0.000441854 -0.00353031 -0.00432418 -0.000323667 -0.000758584 -0.0104757 0.00554799 -0.00668549 -0.000667078 -0.00897079 -0.0124348 -0.00209601 0.000194182 0.00165532 -0.00531075 0.00262119 -0.00221612 9.7962e-05 -0.00124495 -0.00036313 0.00987198 -0.00106823 -0.000352103 -0.000959273 -0.00033906 
0.00689584 -9.63931e-05 0.000737418 -0.0111789 -0.00103177 -7.78004e-05 -0.000634973 -0.00420232 -0.000639758 1.22933e-05 -0.000334796 0.00405753 -0.00259356 0.000996505 -0.00229122 -0.00371059 -0.00210295 0.00478914 -0.00552962 0.0082201 -0.0113532 -0.00272616 0.0029683 -0.00634288 0.000123688 -0.00476177 0.104048 0.000332699 0.001106 0.00580823 -0.00137391 0.00170529 -0.0140711 0.0101851 -0.00269792 -0.00364964 -0.00430659 -0.00231005 0.00270013 0.00486138 0.00122953 0.00392487 0.00398728 -0.00443866 0.00208207 -0.00801174 0.000565078 0.00238164 -0.00614817 -0.00163677 0.00698685 0.00472091 0.000229955 -0.00306552 0.00112844 0.00223788 -0.00056905 -0.00397508 -0.00621874 0.00487594 0.00655714 0.00176169 -0.00554275 -0.00681871 -0.00738346 -0.00579549 -0.00487941 0.00560766 -0.00172944 0.000110898 -0.00182348 -0.00469413 -0.00107175 -0.00490742 -0.00949723 -0.000193862 -0.00569651 -0.00217319 -0.00342024 -0.000925439 0.0021439 -0.00527373 -0.00216395 -0.00240967 0.0102694 -0.00144088 -0.000478862 -0.00374199 -0.000881577 -0.000787663 -0.0017965 0.00204931 0.000737705 -0.00165112 -0.00162936 -0.00700963 -0.00233823 0.0012321 -0.00355742 -0.000572769 
-0.00437302 -0.00364054 0.000895159 -0.008625 -0.00441937 -0.0037381 -0.00517161 0.000139199 -0.00402183 0.000302312 -0.00152667 -0.0138153 0.0123807 -0.00140669 0.0024683 -0.0167919 0.00230999 -0.0096402 0.00280061 0.000249865 -0.00130633 0.00527462 -0.00173483 0.00644706 0.00628412 -0.00131621 0.000332699 0.157056 0.0050594 0.00338199 0.00454046 0.0121291 0.0196334 -0.0157445 -0.00573695 0.00235705 0.00283133 -0.002126 -0.00746084 -0.00761433 0.003078 -0.00643201 -0.00636252 0.000370024 0.00937885 -0.00750688 -0.000889384 0.000494927 0.0042361 1.12756e-05 -0.00267378 -0.0168753 -0.00481138 -0.0214899 0.0031934 -0.0118377 -0.0191231 -0.0118038 0.00647406 -0.00294929 -0.00478731 0.00436463 0.00428758 -0.0028656 0.000480291 -0.019599 -0.00183392 -0.00236463 -0.00382829 -0.00876357 -0.00123979 -0.00382854 -0.00144504 -0.0049263 0.00519108 -0.00311903 0.00386194 -0.00760566 0.00422387 -0.0024468 -0.00090909 0.0122896 0.0076557 -0.000599173 -0.00140324 0.00455973 -0.00264257 0.00795478 0.00482039 0.00132508 -0.00428394 -0.00273763 0.000471719 -0.00161073 0.000528001 -0.0129521 0.00240759 -0.0043258 -0.00593034 0.000481745 
-0.00427735 -0.00225897 -0.00395777 -0.00116226 -0.00230886 -0.000470141 -0.00153963 0.00315017 -0.00663228 -0.000398783 0.00179301 -0.00329417 0.00105483 0.00719841 -0.00715253 -0.00780357 0.000229957 -0.00506837 -0.00211386 0.000554689 0.000710956 0.0065378 0.00331819 0.00150785 0.00226281 -0.0032236 0.001106 0.0050594 0.0988173 0.00403241 -0.00588557 0.00572131 -0.00876466 0.00506787 -0.000942694 0.00287033 -0.00794789 -0.000964239 0.00303918 -0.0107979 -0.00429217 -0.00485622 -0.00154563 0.00235397 -0.00115392 -0.00243792 -0.00119973 0.0010646 -0.00198719 -0.00233255 0.00111978 -6.43778e-05 -0.000564844 0.00123132 0.00125669 0.000332135 -0.0052802 0.00294895 -0.00481387 -0.000778741 0.00359639 0.000700102 0.00412576 -0.00370063 0.000937339 -0.00565075 0.0054237 -0.000727011 -0.00163471 -0.00594584 -0.00205255 -0.00105088 -0.00225413 -0.00478799 0.00148961 0.000327812 -0.00664577 0.00397052 -0.00346897 -0.000242366 -0.00377523 -0.00341764 -0.000770625 0.00461134 -0.00415562 -0.00971253 -0.000636354 0.00127565 -0.00287742 0.00162266 0.00141706 -0.00512138 -0.00184217 -0.000331952 -0.000217188 -0.00150654 -0.00285586 0.00258415 -0.00107011 -0.00169728 
0.00168138 -0.00472659 0.00181435 -0.00301307 0.00326237 -0.00448838 -0.00199473 0.00273288 -0.00403459 0.000211799 -0.00185609 6.93777e-05 0.00190225 -0.0001571 -0.00474344 -0.00918122 -0.00739938 -0.00360052 -0.00615836 0.00398184 -0.00427145 0.00403107 6.64206e-05 -0.00238049 -0.00396133 -0.00252792 0.00580823 0.00338199 0.00403241 0.0935066 0.00117779 0.00147548 0.00445974 0.00656686 -0.00292547 0.0035174 -0.004632 -0.000940198 -0.00099474 -0.0037651 0.00156172 -0.00786212 0.000573276 0.00122611 0.00344945 8.78303e-05 -0.00144541 0.000142093 -0.0026981 -0.001485 0.000111613 -0.00381863 0.00176709 -0.00369541 0.00270831 -0.00511836 0.003907 -0.000816529 -0.00315345 0.00248875 -0.00228812 0.00239836 -0.00229162 -0.00509437 -0.00912035 -0.00161008 0.000172631 -0.00151649 -0.00587855 -0.00160021 0.00245585 -0.00500679 -0.00276923 -0.000959064 0.00314403 -0.00104165 -0.00481048 -0.000712632 0.00235055 -0.00291505 -0.00612292 -0.00245633 0.00344695 -0.000609313 -0.00519168 0.0137399 0.000672769 0.00335441 -0.000670066 0.000530392 -0.00330322 -0.0061477 -0.00168501 7.9293e-05 -0.00540713 -0.00513664 -0.0020492 0.000596083 -0.000342319 -6.33048e-05 
0.000328323 0.00504629 0.00557652 -0.00823204 0.00403103 -0.00341093 0.000758473 -0.00448457 0.00112574 0.00139088 -0.00233984 0.00469505 0.00392697 -0.00588142 -0.00662013 -0.000397843 -0.00674887 -0.0101145 -0.00485059 -0.00436407 -0.00524056 0.00371512 -0.00106904 -0.00291532 0.00421363 -0.00511854 -0.00137391 0.00454046 -0.00588557 0.00117779 0.125013 0.00472943 0.00299929 -0.00256458 0.00288788 0.003969 0.00463898 -0.00196335 -0.00559182 -0.00461894 0.00417355 -0.00533364 -0.00663359 0.00314454 -0.00183837 -0.0064429 -0.00306245 -0.00641703 -0.00616685 0.00345557 -0.00639558 -0.00446809 -0.000897659 0.00118112 0.00629887 -0.00618518 -0.00496104 -0.000572832 0.00117925 -0.00343943 -0.00050067 -0.00234727 0.0067159 -0.00465438 0.00804354 -0.00881675 -0.00421487 -0.00310915 -0.00123498 -0.00234253 -0.00265847 -0.00742919 -0.00641636 -0.00261912 -0.00393814 0.00210297 0.0112117 -0.00966637 -0.00430121 0.00543279 -0.0042921 0.0087194 0.000314146 -0.00300704 -0.00590552 -0.00884147 0.00164694 -0.00243349 0.000276732 0.00401057 -0.00366337 0.00257886 -0.00159025 -0.000888133 0.00064152 -0.0060346 -0.00213266 0.00280244 -0.00163272 0.00257745 
-0.00124482 0.00274886 0.00506114 -0.00467356 -0.0010308 -0.00146669 -0.00462146 0.00212602 -0.0194116 -0.000900641 -0.00994559 -0.00427838 0.00480596 0.0028729 -0.00282414 -0.00536482 0.00154738 0.0116638 -0.0025243 0.00172374 -0.00969977 0.003636 0.00329669 -0.00369873 -0.00315955 -0.0114444 0.00170529 0.0121291 0.00572131 0.00147548 0.00472943 0.142378 -0.00370442 -0.00791613 -0.00195761 0.00889529 0.0024495 -0.00105198 -0.00623382 0.00233058 0.00704505 -0.00175835 -0.0106214 0.00302676 -0.0013407 -0.0097188 6.36743e-05 -0.0107495 -0.00392021 -0.00204249 -0.00677476 -0.00931823 -0.00140297 -0.00350854 -0.00246075 0.0130094 0.0082534 -0.000503183 0.00318794 -0.00338862 -0.00272365 0.00261348 0.00428714 -0.00787139 -0.000619016 -0.0145138 -0.00303168 0.00102161 -0.00871692 -0.000319864 -0.0021691 0.0060815 -0.0104709 -0.00331483 -0.00426878 -0.00317158 -0.00661207 -0.00240478 0.000401076 -6.23706e-05 -0.0054353 0.00546715 -0.00485523 0.000326595 -0.0138976 -0.00033442 -0.000811961 -0.00324841 0.0012311 0.00873346 -0.00459588 0.00134052 -0.000639359 -0.00331623 0.00467486 -0.00996645 0.00363462 -0.00674984 -6.07701e-06 0.00309376 
-0.000533961 -0.00854958 0.00173986 -0.00178036 -0.00181346 -0.00415972 0.000946713 0.000198697 0.0262985 -0.000985088 0.00142449 -0.00895971 0.00604786 -0.00711292 0.0126014 0.00914768 0.00323033 -0.00833948 0.00428499 -0.00994198 -0.00108133 0.00668335 -0.0039877 -0.00939164 -0.000594466 -0.00197408 -0.0140711 0.0196334 -0.00876466 0.00445974 0.00299929 -0.00370442 0.186242 -0.0154952 -0.00679935 0.00791654 0.00680668 0.00394111 0.00297854 -0.00751288 -0.00533795 0.00120701 -0.00863704 0.00964869 -0.00414832 0.00507402 -0.00472196 -0.014267 -0.00192106 -0.0088492 -0.00972836 -0.00824543 -0.00514884 -0.00716593 -0.00488392 -0.00260824 -0.0280571 -0.0147157 0.0140903 -0.00702168 -0.0117417 -0.00445133 0.00347931 0.0090263 0.00720218 -0.00242449 -0.00929701 -0.00241574 -0.0155666 0.0010275 -0.00605929 -0.0038318 0.00253649 0.00655771 -0.00344605 -0.00437892 0.0047786 0.00329275 -0.000186213 -0.00210684 0.00517656 -0.00141704 -0.00059013 -0.00451417 -0.0178908 0.0263776 -0.0027618 0.0068297 -0.00570748 -0.00470453 -0.0118259 0.00589382 -0.00115716 -0.00165 -0.00552046 -0.0149174 0.0018292 -0.00962028 -0.00948189 -0.00293299 
-0.00277332 -0.00486729 -0.00428198 -0.0130661 -0.00372564 -0.00175648 0.00778491 -0.00582287 -0.00328876 0.000121057 0.00231919 0.0186901 -0.00153868 0.00272731 -0.00873055 0.000114099 0.00151001 -0.00508767 -0.0136502 0.0120536 -0.00785309 0.00789863 -0.00105328 -0.00105342 0.00260662 -0.00671985 0.0101851 -0.0157445 0.00506787 0.00656686 -0.00256458 -0.00791613 -0.0154952 0.157745 0.00759525 0.00876518 -0.00108869 0.000237203 0.00933548 -0.00067541 -0.00110029 0.00465397 -0.00623942 -0.00652962 -0.00712181 -0.00590086 -0.00321697 0.00265682 -0.00572684 -0.000801249 -0.00215945 0.00551084 0.000116513 -0.00307752 0.00358587 0.00930207 0.00464956 0.0050389 -0.0115102 -0.000729637 0.00629717 0.00273811 -0.00541405 -0.00680563 -0.00870936 -0.00299717 0.00410458 0.000389544 -0.00363533 -0.0126128 -0.00498058 -0.00531592 -0.013691 0.00597494 0.00540814 -0.00139906 -0.0157631 -0.00116193 -0.00264266 -0.00387848 -0.00498728 -0.0105496 -0.00202488 -0.00116575 0.00729893 -0.00113605 -0.000825567 -0.00706723 -0.00331445 0.00363359 -0.00413534 -0.00822341 -0.00159787 0.00130369 -0.00290701 -0.00651174 -0.00748167 -0.00274036 0.00125609 0.00130029 
