0.093519 0.00129907 -0.00526562 -0.00338165 0.00385566 0.0112245 -0.000490902 -0.0058497 -0.00459066 0.000761227 0.0040868 0.000356901 -0.00372213 -0.00393322 -0.00436749 -0.00120042 0.00301572 -0.00453228 0.00122427 -0.00465753 -0.000778628 -0.00249986 0.000987445 -0.00251859 -0.00376075 -0.000284415 -0.00168636 -0.00419034 -0.00386749 -0.0107771 -0.010268 -0.00855372 -0.00582574 -0.000890868 0.00152385 -0.00180687 -0.00394077 -0.000750023 -0.0048008 0.00527476 -0.000999876 -0.000582111 0.00269259 0.00147224 0.000952296 0.000217938 -0.00117881 0.00178582 -0.00129108 -0.00456653 -0.00233716 -0.000130888 -0.00700376 -0.00234883 -0.00626363 0.00292196 -0.00397708 -0.00585244 -0.0100627 0.00400362 -0.00184743 -0.00111533 0.00330317 -0.00195022 -0.00583586 0.00305921 -0.00112035 0.00282171 -0.000976418 -0.00672909 0.0022264 0.00591229 0.00363894 0.00208245 0.000593248 0.000367789 -0.00522746 -0.00652671 -0.00076068 0.00166064 -0.0025917 -0.00949467 0.00265811 0.00481924 -0.00171769 0.00789443 0.00067005 0.00138861 0.00177806 -0.00365133 0.00188609 -0.00253521 -0.00092063 0.00677314 -5.85125e-06 0.00316686 0.00244839 0.00220207 0.00781456 -0.00154764 
0.00129907 0.0787341 0.00624385 0.00955744 0.00410715 0.00263039 0.00390039 -0.00273846 -0.00356705 -0.00619904 -0.00268376 -0.00267026 -0.00260908 -0.000475197 -0.00179137 -6.20328e-05 -0.00353772 0.00519944 -0.000766971 -0.005538 -0.00231279 0.000278696 -0.00263157 -0.00522194 -0.0078173 -0.00338885 -0.000797603 -0.00205603 0.00120042 0.00700943 -0.0022116 -0.000924162 -0.00546835 0.00641265 0.00220353 -0.000499821 0.00735216 -0.000672906 -0.00218924 -0.00163456 -0.00312962 -0.00236933 -0.00326949 -0.00229769 -0.00435844 -0.00137122 -0.00106703 -0.00430176 -0.00186337 0.000574753 0.00142605 -6.57738e-06 -0.000404994 0.00108762 -0.00207096 -0.000840071 0.00717135 0.00734039 0.00297789 -4.07901e-05 0.0062917 0.000235805 0.00157258 -0.00509295 -0.00409277 -0.00157395 -0.00429887 -0.000407267 -0.00175466 0.000363206 -0.000253507 -0.00193932 -7.1349e-05 -0.000875161 -0.00341471 -0.00254755 0.000218976 -0.00501549 -0.00620044 0.000479079 0.000296778 -0.00479448 -0.00530345 -0.00227493 -0.000108953 -0.0084501 0.0023756 0.000252934 -0.00401876 -0.00262816 -0.00249969 0.000584661 -0.000538067 0.000633064 -0.00170312 -0.00308232 -0.00186153 -0.00026101 -0.00205557 0.00496399 
-0.00526562 0.00624385 0.142552 0.00294583 0.00525503 -0.00319694 -0.00315526 -0.00493533 0.0107302 0.00302889 0.00412362 -0.00794868 -0.00032209 0.00565607 -0.016829 0.00607147 -0.00673185 -0.00246979 0.00184945 -0.0150793 -0.00537236 -0.0038118 -0.00367374 -0.0100945 0.00847208 -0.00580991 0.00424381 -0.00106224 0.000760039 -0.00333642 -0.00496029 -0.00115677 -0.00243006 0.00187085 0.00090114 -0.000435373 -0.00260642 -0.00370987 -0.0124749 -0.00980875 -0.00822672 -0.00353702 -0.00443663 -0.00745984 0.0035639 -0.00279208 -0.00480735 0.00783334 0.00340349 -0.0011919 -0.000427369 0.00497272 -0.0059879 -0.000741568 -0.00237319 0.00501827 -0.00454573 -0.00821182 0.00181625 0.00303631 -0.015058 -0.00202532 -0.00403178 -0.0002385 -0.00813765 0.00205368 0.0166896 0.00591189 -0.00370324 0.00131082 -0.000392014 -0.00650442 0.000470071 -0.00440824 -0.00154454 0.00061764 0.0052995 0.0106515 0.00791035 -0.00348131 -0.00156391 -0.0051061 -0.0040683 -0.0111102 0.00622497 -0.0110195 0.00799245 0.00211541 0.00165637 -0.00381951 -0.00395712 -0.00337984 -0.00106325 -0.00454449 -0.00405295 -0.00727958 -0.00469918 -0.00379925 -0.00205482 0.00920688 
-0.00338165 0.00955744 0.00294583 0.140935 0.00453677 -0.0029807 -0.00130888 0.00154525 0.013829 0.00320624 0.0023609 0.000669607 -0.0044197 -0.00144091 0.0109607 -0.000642826 -0.00240945 -0.00314843 -0.00027072 0.000276036 0.00835872 0.00157826 0.00349308 -0.00124019 0.000211851 0.010982 -0.00695798 -0.00186889 -0.000633689 -0.00753844 0.000217006 -0.00513516 -0.00302885 0.00642945 -0.0033874 -0.00235786 0.00761778 -0.000950233 -0.00193648 -0.00494883 0.00220282 -0.00264109 -0.00279896 -0.00492432 -0.0113101 -0.000341807 -0.00138083 -0.00635814 -0.00309963 -0.00452232 0.00634877 -0.00341963 0.00111446 -0.00793371 0.000546079 0.000879399 -0.00776181 -0.00539802 -0.000949677 -0.0043873 0.00788233 -0.000523059 0.000180458 -0.00520398 -0.00328376 0.00109211 -0.0114948 -0.00889922 -0.0079891 0.000518203 -0.000834637 -0.00114015 -0.00359612 -0.00353492 -0.00234593 -0.00780556 -0.00512413 -0.00810483 -0.0042791 -0.00283689 0.00917235 0.00202664 -0.0113241 -0.0044012 -0.00452708 -0.0139389 -0.00251205 -0.00251046 -0.00612365 -0.000409514 -0.00555166 0.000303189 -0.00274083 0.00525304 -0.00442573 0.00301091 -0.00686664 0.00684799 -0.00287803 -0.0046687 
0.00385566 0.00410715 0.00525503 0.00453677 0.069811 0.002054 0.000217616 -0.00510604 -0.00264856 0.00440662 -0.00217517 -0.00253477 -0.00183829 -0.00365589 -0.00803652 -0.00473938 -0.00178026 -0.00504789 1.42326e-05 -0.00271156 9.99518e-05 -0.00143773 0.00297669 -0.00392599 0.0038281 -0.00141123 -0.0014418 -0.00299267 0.00611327 -0.00398271 -0.00262551 0.000662877 0.00194541 -0.00055539 -0.00252665 -0.000388377 -0.0017306 -0.00241406 -0.000483994 -0.00281952 -0.00355618 -0.00156755 -0.000109181 -0.00215509 -0.00086344 -9.09097e-05 -0.000959151 0.00153574 -0.000717493 -0.00229247 -0.00151081 -0.0015278 -0.00194231 -0.00242233 0.00201532 -0.00055 -0.0043897 -0.00412325 0.00018548 -0.00441957 -0.0033052 -0.0005952 -0.000961098 -0.000884096 -0.00136789 -0.00103598 0.000416243 0.00260312 -0.00261304 0.00081166 -0.00101234 0.0030758 0.000567752 0.000927246 -0.00232668 0.00388694 -0.00325641 -0.00161252 0.00306809 -9.24509e-05 0.000402277 -0.00263163 -0.0016347 0.00466317 0.000927223 -0.00339497 -0.000165534 -0.00120791 -0.00101652 -0.00313381 -0.000751929 -0.00096574 -0.00109984 0.00537316 -0.000567001 -0.000501834 0.0015181 -1.94968e-05 -0.000485145 -0.00301493 
0.0112245 0.00263039 -0.00319694 -0.0029807 0.002054 0.104307 0.00191838 -0.00805719 -0.0076447 -0.0031082 -0.00437729 -0.00169488 -0.00389584 -0.00414786 -0.00675049 -0.00569435 -0.00303037 0.00455391 -0.00260131 -0.0037868 -0.00664305 -0.000162657 -0.00540103 -0.00327098 -0.00144866 -0.00339391 -0.00755214 0.00461963 -0.00554168 -0.0164483 -0.00433159 0.00522696 0.00368181 -0.00172891 -0.00221415 -0.000798126 -0.000857849 0.000774788 0.00049621 0.00559757 -0.00153537 0.00147794 0.00346547 0.00255565 0.0101364 0.00366908 0.00149929 0.00163629 -6.76447e-05 -0.00355091 0.000490065 0.000174943 -0.000998016 -0.00117548 -0.0100101 -0.001924 -0.00467157 -0.00380814 -0.00098003 -0.0044385 -0.00165653 -0.00215833 -0.00548466 0.00204154 -0.00661903 0.00211432 0.00340875 0.00629188 -0.0063294 5.93695e-05 -8.45024e-05 0.00250754 -0.000469644 0.00021868 -0.00103177 -0.00378543 -0.00452744 0.000690469 0.000821183 -0.00156538 -0.00362999 -0.0150634 0.00239175 0.000291042 0.00786021 -0.00439956 -0.0019704 0.00169679 0.00611602 8.05052e-05 0.0044762 0.0011716 0.000955329 0.00114291 0.000934559 0.00695475 -0.00359503 0.00188086 -0.00575336 -0.00425352 
-0.000490902 0.00390039 -0.00315526 -0.00130888 0.000217616 0.00191838 0.102434 0.00569623 0.0079075 0.00261901 0.00267764 0.00697879 -0.00222629 0.00175167 -0.00995114 -0.00398618 -0.00575046 -0.000641684 -0.000133445 -0.00245003 -0.00135848 -0.000208266 -0.00317167 -0.00186289 -0.0102055 -0.00742673 -0.00344312 -0.0033618 0.00132415 0.0076517 0.00131747 -0.00784446 0.000532264 -0.00408458 0.00417741 -0.00319778 0.00203397 0.00194734 0.00111964 -0.00391948 -0.00314976 -0.00356106 -0.00382543 -0.00183684 0.00269912 -0.000220147 -0.000926241 -0.0081368 -0.00459507 0.00165502 -0.00107705 -0.000711501 -0.000605681 0.000606404 -0.00482225 -0.00115742 -0.00247519 -0.000550572 -0.000460487 -0.00313972 0.0100157 -0.00347415 -0.00652638 -0.0013337 -0.0137456 0.00310738 -0.0034912 -0.000904491 -0.0026267 0.00257784 0.00195592 0.00267635 -0.00232408 -0.000542284 -0.00464691 -0.00524949 0.00141227 -0.00163628 -0.00418226 0.002681 -0.00484244 0.000808742 -0.00110556 -0.00229096 0.00246546 1.1686e-05 -0.00457816 0.00188637 -0.000292327 0.000860081 0.000711078 0.0010751 0.000330585 0.00076671 -0.000927907 -0.0026027 0.00144688 -0.00396656 -0.000465648 -0.00276849 
-0.0058497 -0.00273846 -0.00493533 0.00154525 -0.00510604 -0.00805719 0.00569623 0.16349 0.00660003 0.000551884 0.00581721 0.00543006 0.0074098 0.0201427 0.00278987 0.00925434 -0.0107324 -0.00822586 -0.00408331 0.00356993 0.00168245 -0.000259319 -0.00554721 -0.00632536 -0.00261592 0.022481 -0.00989143 0.0112581 -0.00440244 0.00988642 -0.00182061 0.00807806 -0.00176813 -0.00172896 -0.00460814 -0.00126304 0.00577859 -0.00382465 -0.00646785 0.0105602 -0.00331321 -0.00282751 -0.000983797 0.000490983 0.0110724 -0.000152947 0.000296931 -0.0139406 -0.00167487 -0.00694736 0.000595018 -0.00368084 -0.00563526 -0.0118049 0.00669891 -0.00749036 -0.00579753 -0.0020845 -0.00198845 0.00308553 0.010207 -0.00435772 -0.0117479 -0.00776152 -0.00370903 -0.00243893 -0.0187563 0.00278904 0.00542917 -0.00415624 0.00181076 -0.00583019 -0.00718927 0.00206139 -0.00596726 -0.0126185 -0.00190007 0.0010878 -0.00753572 0.000461795 -0.00918672 0.011891 0.00377318 -0.00326762 -0.00406511 -0.00171943 0.00328588 -0.00445909 -0.00519869 -0.00428791 -0.00792913 0.00471545 -0.00305885 -0.0066139 -0.00318371 -0.0127865 -0.00552073 -0.0109345 -0.0148501 -0.0121701 
-0.00459066 -0.00356705 0.0107302 0.013829 -0.00264856 -0.0076447 0.0079075 0.00660003 0.16183 0.0141478 0.0251232 -0.00049985 0.00782574 0.00544597 -0.00860173 -0.00361995 -0.00145272 -0.0136051 0.00302473 0.000469424 -0.00855784 -0.00461205 0.00355144 -0.0117307 0.0201347 0.0157487 -0.000677165 0.00240344 0.00112714 -0.016835 -0.00238914 -0.00907116 -0.00274647 0.00185894 -0.00248429 -0.00444581 -0.00154121 -0.00137896 -0.00150563 -0.00927461 -0.00554984 -0.00459854 -0.0080038 -0.00312441 0.0321366 0.000355237 0.0030098 0.0091626 0.00421805 0.000184745 0.00130401 -0.0018619 -0.00808367 -0.0038553 0.00186933 -0.00054953 -0.0153095 -0.0122409 -0.0140533 -0.0127181 -0.0134569 -0.000922595 -0.00694702 -6.45289e-05 -0.0188028 0.00356015 -0.00222944 -0.00694005 0.000115258 0.00230606 -0.00253888 -0.000361538 -0.000376487 -0.0067736 -0.0022193 -0.0111853 -0.00661844 0.015036 0.000442189 -0.00359006 -0.000777547 -0.00305676 -0.0130211 -0.005182 -0.000853596 -0.00133039 -0.00556243 0.00286433 -0.0103859 -0.0074049 0.000276538 -0.00431479 -0.0012202 -0.00311132 -0.00382317 -0.0122081 -0.00739701 -0.00601491 -0.00287197 0.00639308 
0.000761227 -0.00619904 0.00302889 0.00320624 0.00440662 -0.0031082 0.00261901 0.000551884 0.0141478 0.134812 0.0155324 0.000180228 0.00205713 0.00568753 -0.0122509 0.000919513 0.000703082 -0.0148711 0.000598934 0.00056969 -0.000253441 -0.000120604 -0.00195046 -0.00686256 0.022638 0.00575488 -0.0132634 0.00160389 -0.00319031 -0.0118624 -0.00344707 0.000185828 0.00342279 0.000408927 0.000489495 -0.0048901 -0.00368366 -0.00228197 -0.00509394 -0.00194332 -0.00683849 -0.00323535 -0.00413236 -0.00454961 0.00828711 0.00103575 0.00239635 -0.00166262 -0.0012651 0.0021148 0.00695453 -0.00504827 -0.0029386 -0.00547927 -0.00245584 -0.004118 -0.0107555 -0.00858984 -0.00893573 -0.00244455 0.00865126 -0.00161409 -0.00786891 -0.00470773 -0.00679515 -0.00296068 -0.0116219 -0.00396801 0.00107429 -0.00703012 -0.000897395 -0.000294519 -0.00338792 -0.00586323 0.00530082 0.0017066 -0.0081106 0.0110891 -0.00778158 0.00421693 -0.00192284 0.00102113 -0.00432875 -0.00961823 -0.00526817 -0.00910678 0.000537781 0.000405142 -0.00298943 -0.00420069 0.00239809 -0.00437486 -0.000148288 -0.00317512 0.000121126 -0.00281942 0.00556804 -0.00322215 0.00277493 0.00185889 
0.0040868 -0.00268376 0.00412362 0.0023609 -0.00217517 -0.00437729 0.00267764 0.00581721 0.0251232 0.0155324 0.183752 0.0023243 0.00952243 0.0161535 -0.00420499 0.0148297 0.0130721 -0.0246729 0.00102823 -0.0128765 -0.00476331 -0.00420903 0.00478311 -0.00560605 0.0110945 0.00914927 -0.00711215 0.00702807 -0.00277262 -0.0184923 -0.00896606 -0.00111896 -0.00415306 -0.00240109 -0.00686353 -0.00411107 -0.00630953 -0.000977027 -0.00668176 0.00495563 -0.0117309 -0.00383689 -0.00638916 -0.00854776 0.0183378 -0.00454126 -0.00354266 0.0106713 0.00749878 -0.00419762 -0.000157822 -0.00405329 -0.00470215 -0.00295827 -0.00723347 5.70964e-05 -0.0212909 -0.0237008 -0.011875 -0.0108337 -0.006986 -0.00222408 -0.00260971 -0.00450981 -0.0158595 -0.0039143 -0.0128871 0.0160755 -0.0055347 -0.010025 -0.00339402 -0.0033204 0.000100378 -0.0016024 -0.00335559 0.00510151 -0.00262495 0.00715961 0.000704005 -0.00291302 0.0153785 0.00501138 0.00432137 -0.00731704 -0.000460346 -0.00673378 -0.00856312 -0.0027941 -0.00597011 -0.0110848 -0.0117339 -0.000795168 -0.00619878 -0.00261128 -0.00187535 -0.00819194 -0.0043197 -0.00234332 8.70592e-05 -4.50361e-05 
0.000356901 -0.00267026 -0.00794868 0.000669607 -0.00253477 -0.00169488 0.00697879 0.00543006 -0.00049985 0.000180228 0.0023243 0.0960785 0.00762924 -0.000351852 0.00411414 0.00324581 0.00621435 0.00219803 0.000652433 -0.00127852 -7.2883e-06 -0.00253973 -0.00665456 -0.00532395 -0.00413229 -0.00151237 -0.000161527 0.00274007 -0.00423055 -0.000677857 0.00144756 -0.00344563 0.00203777 -0.00109574 0.00164669 -0.00153129 -0.00602185 0.000993996 -0.00397519 0.00465055 0.000386634 0.000920393 0.00513104 0.00589518 0.00327772 -0.000135567 0.000700647 -0.00206576 -0.0023514 -0.00238178 -0.00487445 0.00224623 -0.00192619 -0.00500048 -0.000455537 0.000776953 -0.000872589 -0.00404213 -0.00554438 -0.00115621 -0.00151669 -0.00341159 -3.73046e-05 -0.00203262 0.00183229 -0.00216387 -0.00891394 -0.00541342 -0.00303702 -0.00167469 -0.000255578 -0.00215122 -0.00242672 0.00204167 0.000713561 -0.00297922 -0.000326333 -0.00473334 -0.00923328 0.000306973 -0.00283266 -0.00678773 -0.00842374 -0.00202477 -0.00698109 -0.00334555 -0.000512463 0.000448547 3.80033e-05 -0.00317431 0.00375907 0.00542385 -0.00202591 0.000475306 5.68602e-05 0.00212563 -0.00270655 -0.00194766 -0.0018382 -0.004143 
-0.00372213 -0.00260908 -0.00032209 -0.0044197 -0.00183829 -0.00389584 -0.00222629 0.0074098 0.00782574 0.00205713 0.00952243 0.00762924 0.112904 0.00588469 0.00288391 0.00531725 -0.000419352 -0.0055804 -0.0029089 -0.00891221 -0.000989952 -0.00108739 -0.00285145 -0.00231151 0.00317832 0.00334727 -0.000530737 0.00694205 0.00397786 -0.00145016 0.000732416 -0.00363746 0.00233276 -0.00305374 -0.00159545 -0.00191729 -0.00593788 -0.00316306 0.000427061 -0.00608964 0.000549144 -0.00228153 -0.000316359 0.000805068 -1.55234e-05 -0.000324471 -0.00143897 -0.00194853 0.00187359 -0.00745804 -0.00240229 0.00011161 -0.00550701 -0.0111744 -0.00219321 -0.00375992 -0.00664121 -0.0022729 -0.00211823 -0.00342213 -0.00267924 -0.0018948 -0.000633934 -0.00077768 0.00348424 -0.00455505 -0.0118707 0.00122891 0.00110255 -0.000957407 -0.00195953 0.000528426 -0.00169432 -0.000149757 -0.00352259 -0.00182993 -0.00355275 -0.00584699 -0.00379451 -0.00187843 0.00180651 0.00145585 -0.00143163 -0.000686224 0.000395691 0.00499403 -0.00885892 7.41845e-05 -0.00485221 0.00187863 -0.00477645 0.00586835 -0.00349404 0.00125029 -0.00106364 -0.0031299 -0.00116831 -0.00238774 -0.00206626 -0.00352132 
-0.00393322 -0.000475197 0.00565607 -0.00144091 -0.00365589 -0.00414786 0.00175167 0.0201427 0.00544597 0.00568753 0.0161535 -0.000351852 0.00588469 0.134869 0.0108093 0.00468332 0.0034291 -0.00614997 0.00243306 -0.00988617 0.00544392 -0.00206454 -0.0171148 0.000433063 0.00573251 0.0064098 -0.00734463 0.00761113 0.000475152 -0.00630309 0.00469642 -0.00316836 -0.00487385 -0.00480585 -0.000629908 -0.0017985 -0.00216438 -0.000890132 -0.00246979 0.000109107 0.00460016 -0.00228932 0.00185885 0.00165256 -7.85676e-06 -0.00164403 0.00145399 -0.00635253 0.00384131 0.000131883 0.000919189 -0.000431885 -0.00508783 -0.00980072 0.00547744 0.00149466 -0.0133391 -0.0111921 -0.0105765 -0.00393046 -0.000214105 -0.00190851 -0.00901154 -0.00322989 -0.00860796 -0.00568196 -0.00950798 0.000711415 -0.00373693 0.000837563 0.000365693 -0.00521582 -0.00106348 0.00880951 -0.00644565 -0.0071145 0.00227102 -0.00159205 -0.00283828 -0.00356748 0.0050435 0.00440759 -0.0045435 -0.00390581 0.000652948 -0.00590434 -0.0102614 0.00184015 -0.00925309 -0.0055384 0.000813809 0.000228954 -0.00604563 -0.00416707 -0.000847558 -0.00930349 -0.00167719 -0.00189114 -0.00894113 -0.00493172 
-0.00436749 -0.00179137 -0.016829 0.0109607 -0.00803652 -0.00675049 -0.00995114 0.00278987 -0.00860173 -0.0122509 -0.00420499 0.00411414 0.00288391 0.0108093 0.188718 0.010608 0.0121586 0.00644538 -0.000693141 0.012756 -0.00403298 -7.83694e-05 -0.00466407 -0.00698612 -0.00570284 -0.0056908 -0.0166122 -0.00253226 -0.014323 0.0177147 0.00620063 0.0125355 0.00384853 0.00532446 -0.00428911 0.000282597 -0.00105648 -0.00578373 -0.000181125 0.00251216 0.0153233 0.0010682 -0.00992957 0.00273406 -0.0171722 -0.00187772 -0.00582365 -0.0162817 -0.00724786 -0.005637 -0.0053887 -0.00615445 -0.00699991 -0.00576555 0.0163918 -0.00388981 -0.00626633 0.0104899 -0.00700755 0.00579233 0.000222763 0.00715538 -0.0133421 -0.0052758 0.0297112 -0.00563518 0.00104276 -0.00632703 0.00684046 0.0135183 -0.000924505 -0.00665293 -0.00103185 0.00349588 -0.0087561 -0.00172618 0.00591423 -0.0286303 -0.020802 -0.00380798 -0.00693051 0.00114521 -0.0131685 -0.0197078 -0.000898534 0.0015858 -0.00906951 -0.00588659 -0.00715448 0.00968766 -0.00431507 0.000591971 -0.0057813 0.00255547 -0.000373442 -0.00932895 -0.00712463 0.000741549 -0.0054723 0.00230515 
-0.00120042 -6.20328e-05 0.00607147 -0.000642826 -0.00473938 -0.00569435 -0.00398618 0.00925434 -0.00361995 0.000919513 0.0148297 0.00324581 0.00531725 0.00468332 0.010608 0.204319 0.0114596 0.00761357 -0.00176871 0.00416394 -0.0137934 -0.00186077 0.0110132 -0.0102396 0.0154418 0.0108696 -0.00703686 0.00191927 -0.00672232 0.00157254 0.0036819 0.00760913 0.00213757 -0.00282158 -0.00964383 -0.00243436 -0.00325733 -0.007845 -0.0142989 0.00661474 -0.00373324 -0.00141132 -0.00628777 -0.00222681 -0.00855023 -0.00348465 -0.0038488 -0.00103221 -0.00084648 -0.00343853 0.00383123 -0.00391971 4.80679e-05 0.00418486 -0.0139688 -0.00340481 -0.00811526 -0.00404536 -0.00641602 -0.00755883 -0.0119443 -0.0105556 -0.00489761 -0.00251746 0.0018783 -0.0027926 -0.0132692 -0.00840246 0.000260154 -0.0071853 -0.00648059 -0.00979836 -0.00336049 -0.00593648 0.00027085 -0.0095837 0.00360179 0.00972505 0.000810225 -0.00327715 0.00282571 0.00853705 -0.0132784 -0.0174608 -0.00640615 0.00161796 -0.0109905 -0.0112458 0.000523125 0.000539315 -0.00875804 0.00035171 -0.00815303 -0.00584897 -0.00250268 -0.00133969 -0.00200444 -0.000786744 -0.00521205 -0.00440569 
0.00301572 -0.00353772 -0.00673185 -0.00240945 -0.00178026 -0.00303037 -0.00575046 -0.0107324 -0.00145272 0.000703082 0.0130721 0.00621435 -0.000419352 0.0034291 0.0121586 0.0114596 0.131536 -0.00915579 0.00774704 0.0093455 0.00466376 -0.000871306 0.0150514 0.00118826 0.00312938 0.00333924 -0.00463143 -0.00158757 -0.00169226 -0.0130393 -0.00594503 -0.00710154 0.00331824 -0.000821215 -0.00484642 -0.00315269 -0.0103743 -0.00278043 -0.00348832 -0.000609206 0.00430759 -0.00337296 -0.00140716 0.00186475 -0.00591733 -0.00210863 0.00259992 -0.000185592 -0.000664277 0.00422695 -0.00811934 -0.000590779 0.00203934 -0.00185757 -0.00389666 0.0055028 -0.00704947 -0.0061977 -0.0104371 0.0023872 -0.0113475 -0.00308327 -0.00625796 2.20495e-05 0.00437146 -0.00360277 -0.000134428 -0.00774108 0.00141896 -0.00473593 -0.000808167 -0.000486637 0.000576299 0.0024315 -0.00420146 -0.00259188 0.00101265 -0.0215345 0.00143851 -0.00338554 -0.000851685 0.00205446 -0.0106828 -0.00487948 -0.0103349 -0.00227003 -0.0082607 0.00401794 -0.00604662 -0.00774913 -0.000641364 0.000384279 -0.00566848 -2.73096e-05 0.00601972 0.00234465 0.00243131 -0.00316 0.00410091 0.00330478 
-0.00453228 0.00519944 -0.00246979 -0.00314843 -0.00504789 0.00455391 -0.000641684 -0.00822586 -0.0136051 -0.0148711 -0.0246729 0.00219803 -0.0055804 -0.00614997 0.00644538 0.00761357 -0.00915579 0.185216 -0.00212009 -0.00133036 -0.00810628 -0.000552415 -0.00505212 0.00941971 -0.0214286 -0.0163104 -0.00829345 -0.00197237 -0.0124728 0.012506 0.00794141 -0.00562694 -0.00152519 0.00226566 -0.00367476 0.00327407 -0.000862879 0.00256008 0.0021216 -0.00219244 0.00797086 0.00826749 0.00797456 0.00986293 -0.00745212 0.00109873 -0.00338134 -0.0111507 -0.00608116 0.000248639 -0.000468387 -0.00193004 0.0020618 -0.00805882 -0.00139746 -0.00141698 0.00141979 0.0103128 0.00561324 -0.00432994 -0.00229643 -0.00372478 0.00229112 -0.00199239 0.00343332 0.000867205 -0.00215093 -0.0134643 -0.0083452 -0.00277997 -0.00117999 -0.00500573 0.00496977 0.00191573 -0.00749283 -0.00231647 0.0128378 -0.0135808 -0.013863 0.000258595 -0.00309743 0.000807699 -0.00421204 -0.00342447 -0.00437581 -0.0123928 0.00931973 -0.000339196 0.00166477 0.0114583 0.000754701 -0.00794516 -0.00483978 0.000513048 -0.00545121 0.00648469 -0.00602064 -0.000747919 0.00228991 0.000316772 
0.00122427 -0.000766971 0.00184945 -0.00027072 1.42326e-05 -0.00260131 -0.000133445 -0.00408331 0.00302473 0.000598934 0.00102823 0.000652433 -0.0029089 0.00243306 -0.000693141 -0.00176871 0.00774704 -0.00212009 0.0624987 -0.000826564 0.00236528 -0.000914613 0.00255928 -0.00466881 0.000279803 0.000924501 0.00333325 0.00108981 2.61802e-05 -0.00362969 -0.00208402 -0.003682 0.000612773 -0.000997508 0.000200698 0.00126193 -0.000723405 0.0026493 -0.00386568 -0.00412136 0.000436462 -0.00212737 -0.00187049 0.000975245 -0.00131222 -0.000166663 0.0024106 0.000911261 -0.00174194 0.0022835 -0.00136414 7.46166e-06 0.000173615 -0.00156412 -0.00119972 0.00569402 -0.00156808 -0.00598806 -0.0035274 0.00454359 0.000703033 -0.00148102 0.0027924 0.00331339 -0.00378771 -0.00181326 0.00204116 -0.00486666 -0.00161825 -0.00251277 -0.000240681 -0.000639017 -0.000733662 -0.00181571 -0.00108544 0.00143998 -0.00112548 -0.0043238 -0.00213328 -0.00146467 -0.0033864 -0.00028558 -0.00624671 -0.00347698 -0.00695049 -0.00534009 0.000778729 0.00207562 -0.000583547 -0.000583427 -0.00054478 -0.00298248 0.000743635 -0.000227549 0.00113445 -0.0036056 0.00021405 0.00210997 -0.00254837 -0.00146214 
-0.00465753 -0.005538 -0.0150793 0.000276036 -0.00271156 -0.0037868 -0.00245003 0.00356993 0.000469424 0.00056969 -0.0128765 -0.00127852 -0.00891221 -0.00988617 0.012756 0.00416394 0.0093455 -0.00133036 -0.000826564 0.169104 -0.00267624 0.00345102 0.0128841 0.0106206 0.00568508 -0.00391636 0.000120215 -0.00617718 -0.015507 0.00886754 -0.00864295 0.000517105 -0.000329322 -0.00866439 -0.00436155 -0.00416568 -0.00136694 -0.00226228 0.00479737 -0.00620114 0.0052003 -0.00305798 -0.0053784 -0.0027007 -0.00180906 -0.0012709 -0.0026839 -0.00269114 -0.0041858 0.00104857 -0.00141834 6.75146e-05 -0.00308934 0.000712982 0.000111051 -0.00298053 0.00954143 -0.00128866 -0.00722581 -0.00175378 0.00434355 0.00223622 0.00890347 -0.00189342 0.0100387 -0.0027777 -0.0103414 -0.0145842 0.00131127 -0.0137985 -0.000786158 -0.00323414 0.00258025 -0.00215504 -0.000443132 -0.000692912 -0.00865107 -0.00555227 9.69013e-05 -0.00734476 -0.00184031 0.00398524 -0.00332083 -0.00322708 -0.00548498 0.0170495 -0.00867451 -0.00355206 -0.00377201 0.00247223 -0.0034784 -0.00576318 -0.00484216 -0.00352241 0.000113428 -0.00178355 -0.00586634 -0.00447359 -0.00134968 -0.00866543 
-0.000778628 -0.00231279 -0.00537236 0.00835872 9.99518e-05 -0.00664305 -0.00135848 0.00168245 -0.00855784 -0.000253441 -0.00476331 -7.2883e-06 -0.000989952 0.00544392 -0.00403298 -0.0137934 0.00466376 -0.00810628 0.00236528 -0.00267624 0.127579 0.00174667 -0.00694351 0.00869813 0.00453274 0.00616337 0.00437739 7.25747e-05 -0.00130071 -0.00561737 -0.00901477 -0.00685486 -0.00126383 -0.0050219 0.000250226 0.000496392 -0.00385913 -0.00304446 -0.00529422 0.000835337 0.000415753 -0.000671357 0.00192247 0.000420276 -0.00094213 -0.00103606 0.00217181 -0.00645446 -0.00155481 -0.000833991 -0.00263416 0.000294966 0.00460687 -0.00160348 0.00455201 0.00159549 -0.00215653 -0.00820852 -0.00585108 0.00317767 0.00675858 0.00250331 0.0032867 0.0012018 -0.00383463 -0.00414879 -0.00794121 -0.00773895 6.10377e-05 -0.00301152 0.00315306 -0.00102717 -0.00246837 -0.00135854 -0.00367257 -0.0034788 -0.00352539 -0.00457088 -0.00129356 -0.00214952 -0.00725671 -0.00452567 0.00376804 0.00539851 -0.00787981 -0.000834009 0.000359746 0.00340797 -0.00431568 -0.00827919 -0.00199943 -0.000407395 0.00405443 -0.00420631 -0.00368007 0.00216667 0.00515067 0.000184081 -0.00171044 -0.00285625 
-0.00249986 0.000278696 -0.0038118 0.00157826 -0.00143773 -0.000162657 -0.000208266 -0.000259319 -0.00461205 -0.000120604 -0.00420903 -0.00253973 -0.00108739 -0.00206454 -7.83694e-05 -0.00186077 -0.000871306 -0.000552415 -0.000914613 0.00345102 0.00174667 0.0788144 -0.00881564 0.000945438 -0.000692789 0.00397864 -0.00093079 0.00461833 -0.00294866 -0.00497007 0.000905898 -0.00415591 -0.00157763 -0.00262293 0.000495905 0.000464862 0.00113995 -0.0030858 -0.000419111 -0.000579022 0.00175993 0.000759273 0.00108215 0.00083589 -0.00288045 0.000371836 0.00028851 0.000374527 -3.106e-05 -0.00451944 -0.000889894 -0.000778409 -0.000569646 -0.000502354 -0.000618891 -0.00104491 -0.00201216 -0.00244612 0.00100771 -0.00188976 0.00280387 -0.00144295 -0.000931024 0.000560861 0.000553472 -0.00291561 -0.00375435 -0.00326434 -0.00230099 0.000486474 0.00123553 1.37359e-05 -0.00213279 0.00295597 -0.000837691 -0.00429025 0.00210604 -0.000886565 -0.00371042 -0.00198833 -0.00114214 0.000724732 -0.00117052 -0.0039995 -0.00511201 -0.000357985 -0.000349953 -0.000569948 -0.00145819 0.000105304 -0.00105721 0.00223947 6.34964e-05 0.00236499 -0.000529191 0.000966418 -0.00211998 -0.000209378 0.00342682 -0.00270188 
0.000987445 -0.00263157 -0.00367374 0.00349308 0.00297669 -0.00540103 -0.00317167 -0.00554721 0.00355144 -0.00195046 0.00478311 -0.00665456 -0.00285145 -0.0171148 -0.00466407 0.0110132 0.0150514 -0.00505212 0.00255928 0.0128841 -0.00694351 -0.00881564 0.197335 0.00387514 0.00959908 0.00677693 -0.000752029 -0.00869519 -0.0045684 -0.00292072 -0.0139662 0.00695261 0.00942641 -0.000350546 -0.00148612 0.00188869 -0.00924825 0.00539405 0.000594228 -0.010389 -0.00760464 -0.00472277 -0.00661901 -0.00350508 -0.0212842 -0.00275137 0.00298747 -0.00517334 -0.00468797 0.00713561 -0.0111545 -0.00343731 -0.010098 -0.0123116 0.00184554 0.00445788 -0.00244708 -0.00078213 -0.000569563 0.00304838 -0.0164985 -0.00111521 0.013002 -0.00557203 -0.00182283 0.000364053 0.00641867 0.00451079 0.00268929 -0.0147768 -0.00536067 0.00302927 -0.0063602 -0.0047483 -0.0100228 0.00220968 -0.00727273 -0.0011277 0.011362 -0.0064909 -0.00768235 0.024259 -0.00992623 -0.00114058 -0.0132145 -0.000867742 -0.00669547 -0.00326906 -0.00318725 -0.00588696 -0.013607 -0.00746551 -0.00317778 -0.000715237 -0.00275373 -0.0112883 0.00458585 0.00395867 -0.0020699 0.00310765 
-0.00251859 -0.00522194 -0.0100945 -0.00124019 -0.00392599 -0.00327098 -0.00186289 -0.00632536 -0.0117307 -0.00686256 -0.00560605 -0.00532395 -0.00231151 0.000433063 -0.00698612 -0.0102396 0.00118826 0.00941971 -0.00466881 0.0106206 0.00869813 0.000945438 0.00387514 0.126999 0.00410074 0.00400215 0.0106039 -0.00205144 0.000179006 -0.00428903 -0.00703739 -0.0131979 -0.0033344 -0.00585038 -0.00573741 0.00159891 0.00129157 0.00584357 0.00397348 -0.0035996 0.00143302 -0.000850234 -0.00125393 0.00122591 -0.0123109 -0.00127217 -0.00309794 -0.00532811 -0.000764536 -0.00200585 -0.000493366 -0.00286433 -0.000837711 -0.0012923 -0.0114128 0.00104555 -0.00681453 0.000211587 0.00124327 -0.00203256 -0.000834443 -0.0001292 0.00127008 -0.00539104 -0.00915459 -0.00457453 -0.00453399 -0.00363499 -0.00917325 9.40451e-05 5.05188e-05 0.00197396 0.0023626 -0.000453746 -0.00693639 -0.00391167 -0.0022443 -0.00915532 0.0121169 -0.00304463 0.000900884 0.0024137 0.00773335 0.00626861 0.00490187 -0.000264009 -0.00365984 -0.00385266 0.00507498 0.00223319 -0.00656589 -0.00250284 -0.00281964 0.0030771 -0.000103552 0.0035633 -0.00281217 0.00503296 0.0111913 0.00247965 
-0.00376075 -0.0078173 0.00847208 0.000211851 0.0038281 -0.00144866 -0.0102055 -0.00261592 0.0201347 0.022638 0.0110945 -0.00413229 0.00317832 0.00573251 -0.00570284 0.0154418 0.00312938 -0.0214286 0.000279803 0.00568508 0.00453274 -0.000692789 0.00959908 0.00410074 0.184406 0.0151541 -0.00106932 0.014089 -0.00646554 -0.0140603 -0.013565 0.00511436 -0.00562995 -0.00716144 -0.00804864 -0.0062288 -0.00787454 -0.00208415 -0.0108316 9.83761e-05 -0.00502543 -0.00966712 0.00294566 -0.00256811 -0.00325451 -0.00332936 -0.000762204 -0.00101366 0.000887477 -0.00450088 0.00413308 -0.00493939 -0.0180037 -0.00563566 0.0121734 -0.00294761 -0.0114638 -0.00731648 -0.00379124 -0.00323818 -0.0075912 -0.00788198 -0.0134022 -0.0106309 0.00243204 -0.00349835 -0.00160507 -0.00708683 0.00354547 0.000483801 -0.00395748 -0.00328777 -0.00330008 -0.00334599 0.00250894 -0.00604546 -0.012212 0.0163046 0.00797862 0.00299502 0.00099015 -0.00478723 -0.00316996 -0.0135521 -0.00558791 -0.00219345 -0.0107888 -0.0055398 -0.0052794 -0.00839314 -0.00385798 -0.0095835 -0.00105356 -0.00347342 -0.00618752 -0.00989614 0.00111787 -0.00126909 0.00905402 0.00226866 
-0.000284415 -0.00338885 -0.00580991 0.010982 -0.00141123 -0.00339391 -0.00742673 0.022481 0.0157487 0.00575488 0.00914927 -0.00151237 0.00334727 0.0064098 -0.0056908 0.0108696 0.00333924 -0.0163104 0.000924501 -0.00391636 0.00616337 0.00397864 0.00677693 0.00400215 0.0151541 0.145081 0.00117981 0.00398036 0.000583384 -0.0028699 0.00498924 0.00672573 -0.000510716 -0.00320446 -0.00465525 0.00246206 -0.000465448 -0.000883951 -0.00616893 0.00612945 -0.00683186 -0.00329418 -0.00223221 -0.00348377 -0.00444137 -0.00123001 0.00143341 -0.000327289 -0.0031384 -0.0065788 0.0033496 0.0023814 -0.00897321 -0.00684468 -0.00591041 -0.00366351 -0.012366 -0.0102635 -0.0079798 0.0100151 -0.00188226 -0.00249587 -0.00493629 -4.51664e-05 -0.00520018 -0.0052528 -0.00939462 -0.00437768 -0.00123322 -0.00353782 -0.000554233 -0.00476493 -0.00593231 0.00477807 0.000443304 -0.011008 -0.00902814 -0.0065263 -0.0044401 -0.00453968 -0.000709265 -0.00937024 -0.0105467 -0.0103723 -0.00970857 -0.00752712 -0.000328265 0.000512375 -0.00108112 -0.00852422 -0.00347696 0.00363044 -0.000244167 -0.0002713 -0.00199504 -0.0050672 -0.00122818 -0.0015302 -0.00541357 -0.00474922 
-0.00168636 -0.000797603 0.00424381 -0.00695798 -0.0014418 -0.00755214 -0.00344312 -0.00989143 -0.000677165 -0.0132634 -0.00711215 -0.000161527 -0.000530737 -0.00734463 -0.0166122 -0.00703686 -0.00463143 -0.00829345 0.00333325 0.000120215 0.00437739 -0.00093079 -0.000752029 0.0106039 -0.00106932 0.00117981 0.142513 -0.00363028 0.00393433 0.0018681 -0.0079607 -0.00543643 -0.00808394 -0.00762416 0.000221156 0.00252634 -0.00359433 0.00148167 -0.00579874 -0.00369195 -0.00170664 -0.00077907 -0.00465039 -0.00902667 -0.00777912 -0.00115316 -0.00497293 0.00203549 -0.00157363 0.00265519 -0.00708617 0.00352149 -0.00301035 -0.00424694 -0.0048042 0.00201245 0.00104176 -0.00153241 -0.00513364 -0.0101598 -0.00856799 -0.00148724 0.00815701 0.00135563 -0.00183982 0.00310643 0.0142662 0.00351016 -0.000556815 -0.000593482 -0.00266942 -0.00161577 -0.00365301 -0.00208739 0.00584342 0.00990813 -0.00123331 -0.00761758 -0.000284871 -0.00409708 -0.00131114 0.00480363 0.00428427 0.0125774 0.00673993 -0.0108473 -0.00341233 0.00073609 0.00553304 -0.00497892 -0.00627615 -0.00246799 0.00436095 -0.00127041 -0.00149254 -0.0058541 0.00314028 0.00540539 0.00850351 -0.00206449 
-0.00419034 -0.00205603 -0.00106224 -0.00186889 -0.00299267 0.00461963 -0.0033618 0.0112581 0.00240344 0.00160389 0.00702807 0.00274007 0.00694205 0.00761113 -0.00253226 0.00191927 -0.00158757 -0.00197237 0.00108981 -0.00617718 7.25747e-05 0.00461833 -0.00869519 -0.00205144 0.014089 0.00398036 -0.00363028 0.121058 0.00320071 -0.00381577 -0.00439874 -0.00523784 -0.00112746 0.00275997 -0.00258272 -0.000923434 -0.00429661 -0.00560402 -0.00221367 0.00449884 -0.00411103 -0.00336974 -0.000872603 0.000912693 0.00014339 0.00014026 -0.00129922 0.00281201 0.000480827 -0.00528239 -0.00182798 -0.00470481 -0.00532051 -0.00879323 -0.0067776 0.00107227 -0.00570084 -0.00506095 -0.000176815 -8.95037e-05 0.000144034 -0.00640056 -0.00646114 -0.00311587 -0.00548322 -0.00213632 -0.00309265 -0.00420722 0.00215776 0.00126972 0.00148395 -0.00324143 -0.00238182 0.000249907 -0.00165739 -0.00529813 -0.00180205 0.0079201 0.00421218 -0.00166106 0.00365194 -0.00403493 -0.00506081 -0.00461794 -0.00276763 -0.00059917 -0.00841407 -0.00313271 -0.00442574 -0.00347331 0.00270877 -0.000277895 0.00268434 -0.00332518 -0.00332706 -0.00661097 -0.00235664 -0.00186496 -0.00204942 -0.00449451 
-0.00386749 0.00120042 0.000760039 -0.000633689 0.00611327 -0.00554168 0.00132415 -0.00440244 0.00112714 -0.00319031 -0.00277262 -0.00423055 0.00397786 0.000475152 -0.014323 -0.00672232 -0.00169226 -0.0124728 2.61802e-05 -0.015507 -0.00130071 -0.00294866 -0.0045684 0.000179006 -0.00646554 0.000583384 0.00393433 0.00320071 0.110505 -0.00325263 0.00508448 -0.00389846 -0.00164277 -0.00361809 -0.00108074 -0.00186043 -0.00225573 0.00135599 0.00514244 0.00140191 -0.00499877 -0.00214213 -0.00336802 -0.00271574 0.00158572 -0.00139967 0.00264387 0.00226086 0.00541085 -0.0028901 0.00129698 -9.72299e-05 0.00425557 -0.0101407 -0.00959632 -0.00148434 -0.00895725 -0.0095123 -0.00351231 -0.00731242 0.00202207 -0.00312534 0.00275605 0.00128031 -0.0101133 -0.00153794 -0.00191544 -0.00263791 -0.00345022 -9.14775e-06 0.00204669 0.000852375 -0.00196071 0.000228653 0.00310313 -0.00532913 -0.00272561 -0.00110013 0.0147412 -0.00181822 0.00285035 0.00643359 0.0034319 0.00956127 0.00898868 0.000397047 -0.00486299 -0.00016595 -0.00176937 -0.00202702 -0.00118238 0.000615825 -0.00179525 -0.00104871 0.00189971 0.000401325 0.00164325 0.00272122 -0.00183421 -0.00303584 
-0.0107771 0.00700943 -0.00333642 -0.00753844 -0.00398271 -0.0164483 0.0076517 0.00988642 -0.016835 -0.0118624 -0.0184923 -0.000677857 -0.00145016 -0.00630309 0.0177147 0.00157254 -0.0130393 0.012506 -0.00362969 0.00886754 -0.00561737 -0.00497007 -0.00292072 -0.00428903 -0.0140603 -0.0028699 0.0018681 -0.00381577 -0.00325263 0.22154 0.00369337 0.00482483 0.000824897 0.00236401 -0.00145871 -0.00156663 0.00571799 -0.00342906 0.000946056 -0.0119089 -0.00222678 -0.00203527 -0.0143997 -0.00728969 -0.017789 -0.00448621 -0.00809129 -0.0155466 -0.00899357 -0.00919327 -0.00309273 -0.00975451 -0.002646 0.00855411 0.0133053 -0.0103193 0.00849451 0.0268384 0.0110789 0.000674929 0.00416011 0.000196897 0.00742226 -0.00562144 0.0123948 -0.00321559 -0.00482614 0.00352002 0.00301922 0.0104528 -0.00662908 -0.0112588 -0.00349016 0.000701314 -0.00632307 0.0104416 0.00934993 -0.0207124 -0.0180624 -0.00170389 -0.00454618 0.0116369 -0.0030443 -0.0148803 -0.00419984 -0.00635448 -0.00152903 -0.00620125 -0.00316457 0.0116672 -0.00248047 -0.0088847 0.00517687 -0.00421531 -0.00556503 -0.0144455 0.00109235 -0.00595319 -0.00799295 -0.00147039 
-0.010268 -0.0022116 -0.00496029 0.000217006 -0.00262551 -0.00433159 0.00131747 -0.00182061 -0.00238914 -0.00344707 -0.00896606 0.00144756 0.000732416 0.00469642 0.00620063 0.0036819 -0.00594503 0.00794141 -0.00208402 -0.00864295 -0.00901477 0.000905898 -0.0139662 -0.00703739 -0.013565 0.00498924 -0.0079607 -0.00439874 0.00508448 0.00369337 0.141079 0.00536249 0.00834234 0.00946265 -0.00148911 0.00311519 0.0131418 -0.00578501 0.00348526 -0.00263069 0.00844357 0.00543414 -0.000733202 1.61268e-05 -0.00674315 0.00299072 -0.00357327 -0.00831341 -0.00548052 -0.00316443 -0.00229168 -0.0016483 0.00279263 0.00276259 -0.00185435 -0.00226625 -0.00433643 0.00580864 -0.000567599 -0.00216253 -0.00115109 -0.00432969 -6.83653e-05 0.00380328 0.0072725 0.00111828 -0.0102323 -0.0139752 -0.00343499 0.0022268 -0.000746916 -0.00356962 -0.00138832 0.00457671 -0.00451721 -0.00928913 0.00338046 0.00350342 -0.012791 -0.00636691 -0.00152786 0.00515499 -0.0154949 -0.00826679 -0.00225983 -0.0131796 0.000611414 0.00421638 -0.0029149 0.00375711 0.00840695 0.00197958 -0.00510278 0.000851233 0.00236147 0.000818118 -0.00242788 -0.00212486 -0.0117399 -0.00360924 
-0.00855372 -0.000924162 -0.00115677 -0.00513516 0.000662877 0.00522696 -0.00784446 0.00807806 -0.00907116 0.000185828 -0.00111896 -0.00344563 -0.00363746 -0.00316836 0.0125355 0.00760913 -0.00710154 -0.00562694 -0.003682 0.000517105 -0.00685486 -0.00415591 0.00695261 -0.0131979 0.00511436 0.00672573 -0.00543643 -0.00523784 -0.00389846 0.00482483 0.00536249 0.179978 0.0129024 -0.000148902 3.93113e-05 0.0043515 0.00946 -0.00949056 -0.002733 0.0120841 -0.00416245 -0.000513033 -0.00525285 -0.000849119 -0.0148205 -0.00178733 -0.00496718 -0.00219127 -0.00141548 0.00799101 -0.000153414 -0.000358417 -0.00487103 0.00117383 -0.00548557 0.000730982 0.00320669 -0.00157735 0.000625851 -0.00747968 -0.00485096 0.00377478 -0.00802826 -0.00365686 0.00909833 -0.00085799 -0.0124675 0.00189684 -0.000471925 0.00231816 -0.00144859 -0.0102928 -0.00844538 -0.000429833 -0.000504936 0.000126604 -0.00489372 -0.00199316 -0.00878246 0.0004456 -0.0041593 0.0229708 -0.00818557 -0.00892887 -0.0053938 -0.0116703 0.000448457 -0.00347074 -0.00845275 -0.00461852 -0.000784033 -0.000249034 -0.00568778 -0.00786433 0.00164037 -0.00952049 -0.00189116 -0.00804404 -0.0166683 0.00115916 
-0.00582574 -0.00546835 -0.00243006 -0.00302885 0.00194541 0.00368181 0.000532264 -0.00176813 -0.00274647 0.00342279 -0.00415306 0.00203777 0.00233276 -0.00487385 0.00384853 0.00213757 0.00331824 -0.00152519 0.000612773 -0.000329322 -0.00126383 -0.00157763 0.00942641 -0.0033344 -0.00562995 -0.000510716 -0.00808394 -0.00112746 -0.00164277 0.000824897 0.00834234 0.0129024 0.112124 0.00187178 -0.00182502 -0.00112822 0.00550298 -0.00138932 0.00593399 -0.0055109 -0.00198938 -0.00338725 -0.00260179 0.00144925 -0.00719074 0.000267971 0.00109871 0.00270811 -0.00129279 -0.00063682 -0.0015305 -0.00267466 -0.00217874 -0.00785137 0.00370581 0.00128248 -0.0054533 -0.000761153 -0.00675385 0.00221493 -0.00297335 -0.00548909 -0.00374475 -0.00297079 -0.000287149 0.00036344 -0.00177128 -0.00476362 -0.00125217 -0.00479059 -0.00314477 -0.00286446 -0.00196406 -0.00462602 5.74211e-05 -0.00101059 0.000373243 0.000113016 -0.00372441 -0.0040343 -0.00542984 0.00566382 -0.0110113 -0.00359001 -0.013323 -0.000349999 -0.00353892 0.000505988 -0.000167201 0.000235546 0.00171639 0.0054122 -0.00350205 -0.0020361 0.000828083 -0.00471546 0.00193547 0.00165923 -0.00581988 -1.90183e-05 
-0.000890868 0.00641265 0.00187085 0.00642945 -0.00055539 -0.00172891 -0.00408458 -0.00172896 0.00185894 0.000408927 -0.00240109 -0.00109574 -0.00305374 -0.00480585 0.00532446 -0.00282158 -0.000821215 0.00226566 -0.000997508 -0.00866439 -0.0050219 -0.00262293 -0.000350546 -0.00585038 -0.00716144 -0.00320446 -0.00762416 0.00275997 -0.00361809 0.00236401 0.00946265 -0.000148902 0.00187178 0.105267 -0.00188559 0.00160938 -0.000113408 0.000863892 0.000524278 7.31038e-05 -0.00525639 -7.27523e-05 -0.00482964 -0.00234721 -0.00657628 -0.000461971 -0.00273216 0.000586547 -0.00387905 0.00034377 -0.00432259 -0.00336624 -0.00134504 -0.00116178 -0.00296396 -0.000115505 0.00988039 0.00396752 -0.00102043 0.00525515 -0.00353256 -0.00216078 -0.00311557 -0.0063112 0.00204897 -0.00105521 -0.00242774 0.00713781 -0.000593565 0.00650367 0.000166951 -0.00597772 0.00112249 -0.00204388 -0.000190993 -0.00117622 -0.00128967 -0.00722617 -0.00277053 -9.54402e-05 -0.00145988 -0.00230268 -0.00554647 -0.00447846 -0.0103894 -0.00824079 0.000274353 0.00293266 0.00022329 -0.00204153 -0.0050274 -0.000524948 0.00134378 0.000791667 -0.00275822 -0.00389843 -0.000615318 0.00276066 0.0021158 0.00213112 
