0.171903 -0.000250929 0.0213364 -0.00570095 -0.0021753 0.00616363 -0.00107189 0.00237133 -0.0181756 0.00546802 -0.00386468 -0.00476957 -0.00291087 -0.00205332 0.00614379 -0.00863485 -0.00620028 0.00362274 -0.00141492 -0.0115846 -0.0126276 -0.00468984 -0.0107779 -0.0145637 -0.00983657 -0.000365829 -0.00458746 0.00145553 -0.00496138 -0.00143249 0.00245947 0.00720092 -0.0122787 -0.000973285 -0.00162497 0.00910044 -0.00180556 -0.00769091 -0.00187969 -0.011077 -0.00318017 -0.00423487 0.00322159 -0.00545318 -0.00155665 0.00102622 0.0149821 -0.00237214 0.00488926 0.0117078 0.00617249 -0.00166803 0.00109925 -0.00839445 -0.00406051 0.000288558 -0.00349488 -0.00387932 0.0045238 -0.000472646 -0.00175451 -0.000914627 -0.0070825 -0.00483722 0.00323248 -0.00216669 -0.0201639 0.000332637 0.000760343 0.00176452 0.0120014 0.00402346 -0.0013617 -0.00368115 -0.00490468 0.00878119 -0.00177931 -0.00580469 0.00794077 -0.00687968 -0.00205614 -0.00212551 -0.00502377 -0.00509172 -0.0083482 -0.0063701 -0.00361103 0.000462048 0.00772687 -0.00845159 -0.00541357 -0.00339224 -0.00896173 -0.00875834 -0.00690075 1.44584e-05 0.0120307 -0.00488191 0.00286683 0.00239118 
-0.000250929 0.165935 0.000693008 -0.00364534 -0.00285603 0.00279671 0.00300916 -0.0162352 -0.00679923 -0.00535184 0.00230086 -0.0106976 -0.00345178 -0.00433871 0.00890936 -0.0130204 -0.00550483 -0.0074248 0.00940248 0.00511171 -0.00139813 -0.00361497 0.00471445 -0.00983695 -0.00289165 -0.00228209 0.00777288 -0.0054224 -0.00784272 -0.0103449 -0.00545331 -0.0022487 -0.0103171 -0.00825941 -0.00516634 -0.0032017 0.00051232 0.00762795 -0.0102458 0.00317893 -0.0134672 0.00387726 -0.00853325 0.00436592 0.00622671 0.000407582 0.00807801 0.000917077 -0.00312042 -0.000526668 -0.000878682 0.000787281 -0.00967213 -0.00999473 0.000434438 -0.00737063 8.21495e-05 -0.00341819 -0.00547717 -0.00986422 0.00330593 -0.000555055 0.000326685 -0.00641657 -0.00856431 -0.00314217 0.0132314 -0.00332796 0.00141477 -0.00165453 -0.00724422 0.00112603 0.00652378 0.00378878 -0.00349538 0.0125575 -0.00787479 0.0012486 0.00386664 0.0091128 0.00547269 -0.00560851 -0.00125291 0.00858351 -0.000153121 -0.00249419 -0.00073891 -0.00186126 0.0205728 -0.00687635 -0.00520626 -0.00399793 -0.00334414 -0.00713616 0.00562377 -0.00894533 -0.00128309 -0.00286725 -0.00473543 -0.00469538 
0.0213364 0.000693008 0.152832 -0.00742081 -0.00350596 0.0123297 0.0019484 -0.000323389 -0.0131873 -0.00861902 0.000215669 -0.00796555 -0.0156364 -0.00271605 -0.00215783 -0.0171072 -0.00655077 -0.0029409 -0.00763878 -0.00716655 -0.0104867 -0.0060081 -0.00130042 -0.0159223 -0.00920255 0.000478721 -0.00643612 -0.00698255 -0.00485577 -0.00477616 0.00427914 -0.000248169 -0.00528407 -0.00519041 0.000872919 0.0286363 0.00199763 0.00597554 -0.00102997 -0.00335161 -0.00477721 0.00720863 0.00429192 0.00509661 -0.00139432 0.00272661 0.0163579 0.000198674 -0.00711211 0.00541531 -0.00302043 0.00167367 -0.00971385 -0.00736546 -0.00462518 -0.00161475 -0.00165042 -0.00371239 0.00985994 -0.00666134 0.00112368 -0.000450286 -0.00716254 -0.00686165 -0.00977928 -0.000816795 -0.01198 -0.000449735 -0.000850315 -3.93851e-05 -0.0027183 -0.0061666 -0.00739977 -0.0076308 -0.00469007 0.00723465 0.00513904 -0.00114296 -0.0059243 -0.00515223 9.0256e-05 0.00401991 -0.00935555 -0.00284151 -0.000840019 0.0008385 0.00265961 0.00260676 0.00365515 3.31402e-05 0.00611652 0.0129858 0.00615634 -0.0102077 -0.00618986 -0.000652982 0.0111268 -0.00657646 0.00410282 -0.000775615 
-0.00570095 -0.00364534 -0.00742081 0.16148 -0.000693945 0.0120713 0.0144207 -0.0093495 0.0100315 -0.0176345 -0.0135182 -0.0029104 0.00425467 0.00107034 -0.00232801 -0.000146612 0.00427688 -0.00507248 0.00271525 -0.00857834 0.000140608 -0.00329688 0.00245696 0.00104439 0.00244369 -0.00842864 0.0133382 -0.00326776 0.00160499 0.00249113 -0.00401113 0.000364416 0.0121021 0.00364587 -0.00106289 -0.0161377 -0.00730372 -0.0267231 -0.00501337 -0.00614573 0.0127787 0.00830337 0.00414804 -0.00766757 -0.00792252 -0.00086332 0.000856584 -0.00377724 -0.00914282 -0.00925303 -0.00588216 -0.00302723 0.00287648 0.0072511 -0.00172864 -0.00450351 -0.000552826 0.00856599 -0.0084703 -0.00233963 -0.00312417 -0.00064487 0.00223801 -0.000307298 0.0017479 -0.00108151 -0.00363128 -0.00990097 -0.00501145 -0.00235352 -0.00149078 -0.0015233 -0.00885932 0.00106455 0.000503359 -0.0151436 -0.00506588 0.00155807 -0.00158267 0.00481356 0.00516065 -0.0011869 0.0193235 -0.00772827 -0.00125128 -0.00291717 -0.000796641 -0.00446246 -0.00970559 -0.00990083 -0.0091735 -7.43331e-05 -0.0107894 0.0125762 -0.00200522 0.00522723 -0.0189053 -0.00560748 0.00504758 0.0137524 
-0.0021753 -0.00285603 -0.00350596 -0.000693945 0.12202 -0.000688621 0.0129772 0.0156658 0.00128934 0.0169697 0.00104128 -0.0053363 -0.0110783 0.000217977 -0.000395148 -0.00891463 0.00167894 -0.0033409 -0.00701571 -0.00526171 -0.00611901 -0.00364185 -0.00226136 -0.0133627 -0.00481843 -0.0101076 0.00246464 0.00226344 -0.00565552 -0.00778392 -0.00273763 -0.00265432 -0.00260061 -0.00719553 0.00113035 -0.00289534 0.00356053 -0.00438597 -0.00262859 -0.000238165 0.00034309 -0.00208474 -0.00394098 0.00187605 -0.00440291 0.00331061 -0.00662044 -0.00654821 -0.00352579 -0.00360463 -0.00561057 -0.000112537 0.00821502 0.00801119 0.000223596 0.0044071 -0.00247854 0.000525154 -0.00291489 -0.00181668 0.00423831 0.000679257 0.0059202 0.000972029 0.00137953 -0.00124009 -0.010108 0.00666323 -0.000427516 -0.00400921 -0.00213478 -0.000204625 0.000935486 -0.00807934 0.000347106 -0.00678687 -0.00632727 0.00632858 -0.00197134 -0.00384873 -0.00129954 -0.00188649 0.0036032 -0.00281638 -0.00306679 0.000945516 -0.00125888 -0.00272757 0.00138277 -0.00331347 0.0116095 0.0028945 -0.00856459 -0.00590263 0.0046308 -0.00352131 -0.0109426 0.00129645 0.00349431 -0.00106342 
0.00616363 0.00279671 0.0123297 0.0120713 -0.000688621 0.206238 0.00540519 -0.011336 -0.00469147 0.000252822 0.00679346 -0.00808919 -0.0173958 -0.0019312 0.00343153 0.00110767 0.00523608 -0.0109149 -0.00153728 -0.0138986 -0.0123572 -0.00157394 -0.010768 -0.0246881 -0.0104382 -0.0156322 -0.000914926 -0.00171218 -0.00159026 -0.00610437 -0.00706489 0.000767371 0.010013 -0.00204525 0.000127317 0.000355778 -0.00842954 0.00175029 0.00730688 0.000254584 0.00522009 0.00289287 -0.00379102 -0.00875953 -0.0197128 -0.000772426 0.00879677 -0.0095245 -0.00689777 0.001811 -0.00273234 -0.00940366 -0.00140179 -0.00738308 -0.00349969 0.00138845 -0.00831323 -0.000202551 -0.00368034 0.00734604 -0.0176689 -0.00441468 -0.00953925 -0.00793524 -0.0134709 -0.00279301 0.00696934 0.000758374 -0.00277719 -0.00405804 0.00027951 0.0117185 -0.00273316 -0.00940533 -0.00106664 -0.00109423 -0.0167254 0.00309675 0.000885879 -0.00933836 -0.00933243 -0.00100249 -0.000415814 -0.00737993 -0.00396733 -0.00424785 -0.00765623 0.00083901 0.0269566 0.0150413 0.0137795 0.0128349 -0.000253022 0.00416207 0.00805128 0.00116474 0.0064392 -0.00926151 0.000845532 -0.0172654 
-0.00107189 0.00300916 0.0019484 0.0144207 0.0129772 0.00540519 0.1351 -0.00382349 -0.00323499 -0.00313719 -0.00872924 -0.00865227 -0.00405747 -0.00133537 0.00606542 -0.00124851 0.00739822 -0.00649377 -0.000471201 0.0152527 -0.00485925 -0.00222206 0.0130368 -0.00039246 -0.00220249 0.00702479 0.00256374 -0.0029634 -0.00681807 -0.00546494 -0.00144312 -0.00666226 -0.00418304 -0.0107094 -0.0012244 -0.0149416 -0.0073985 -0.00311933 -0.00556695 -0.00856168 0.00343473 -0.00676902 0.00210237 -0.00445763 0.00666211 -0.00232781 -0.00657895 -0.00558975 0.0006963 -0.00121584 -0.00619977 0.00154569 0.00425497 -0.00774943 0.000898478 -0.00609974 -0.0063971 -0.00320904 0.00501175 0.00106099 -0.0109504 9.62772e-05 -0.00227065 -0.00313165 0.00429838 -0.00215692 -0.00486411 0.00244999 -0.00399501 -0.00448842 0.0020913 -0.00197783 -0.00646339 -0.00741219 0.00227259 -0.00453418 0.000451807 -0.00099189 0.00603842 -0.0019802 0.0102659 -0.00189112 0.0047861 -0.00485346 -0.00211144 -0.00403465 -0.00412513 0.00142879 -0.00871401 -0.00602879 0.00338116 0.0076066 -0.0100735 -0.00189303 -0.00663224 -0.0057816 -0.00127532 -0.0061802 0.00382992 0.00752712 
0.00237133 -0.0162352 -0.000323389 -0.0093495 0.0156658 -0.011336 -0.00382349 0.155937 0.0113505 0.00690547 0.00210375 0.0030702 0.0123759 -0.000161783 -0.00196401 0.00432968 -0.000631546 0.0249723 -0.0108443 -0.000655808 -0.000391099 -0.00302028 -0.0102021 -1.70128e-05 -0.00512761 -0.00878803 -0.00940764 0.00278759 0.000924426 -0.00274219 -0.000277218 -0.00413633 -0.00204787 -0.00298813 -0.00150302 -0.00316452 0.000986697 0.00255208 0.00489912 0.00383963 -0.00183798 -0.0040978 0.000426355 -0.00632249 -0.00696106 0.00264664 -0.0064046 -0.00083405 -0.00189518 -0.0027628 -0.00441452 -0.00462848 -0.00543501 -0.00407752 0.00340319 0.00172367 0.00307148 -0.00243009 -0.00520586 -0.00255137 0.00396219 0.00108996 -0.00337332 0.00224265 0.00234992 0.00111686 -0.0089044 0.00334595 -0.00147758 0.0010155 -0.000788331 -0.0100474 -0.00104719 -0.00120145 -0.000983147 0.00412944 -0.0029262 -0.000772375 -0.00219802 0.000562878 -0.00820222 -0.00182922 -0.00917528 -0.00810951 -0.00371497 -0.00366227 -0.000315791 -0.00585734 -0.0116734 -0.00617122 0.00798788 0.0022217 -0.0100138 -0.0113943 -0.00721241 -0.00374206 -0.00195846 0.000476099 -0.0034211 0.00232581 
-0.0181756 -0.00679923 -0.0131873 0.0100315 0.00128934 -0.00469147 -0.00323499 0.0113505 0.142248 -0.00360089 0.00190169 0.00812102 0.0045746 0.00698114 -0.00534761 0.0132988 -0.00247646 0.00173819 0.003233 -0.00515297 0.00346878 -0.00164219 -0.00362397 0.0116036 0.00290068 0.000792825 0.000844366 0.000574782 -0.00293164 -0.000772697 0.00144575 0.00212019 0.00414789 0.000905365 0.00235008 -0.0168186 -0.00245977 -0.0054547 0.00298421 -0.00481774 0.0098491 -0.000163977 -0.00392581 -0.00441743 0.0015973 -0.00479604 -0.00745074 -0.00565518 -0.00680271 -0.00492993 -0.00575967 0.00272854 0.0138696 -0.00501623 -0.00112562 -0.0027504 0.0054662 0.00577976 -0.00466312 -0.00294077 0.00157016 0.000326423 -0.00274404 0.00927614 -0.00240595 -0.0014348 0.000362921 -0.00383778 -0.00412299 -0.00421366 -0.00908849 -0.0139069 0.00129546 0.00556585 -0.0011315 -0.00475359 -0.00657807 -0.000907809 -0.0085444 -0.00512374 -0.005134 -0.00168155 -0.00430077 -0.00671386 -0.0019509 -0.00200751 -0.00568074 -0.00125804 -0.0192959 -0.0074703 -0.00360351 -0.00454226 -0.0032016 0.0067695 0.00607307 0.00147039 -0.000356924 -0.00434531 -0.00316702 -0.00581702 
0.00546802 -0.00535184 -0.00861902 -0.0176345 0.0169697 0.000252822 -0.00313719 0.00690547 -0.00360089 0.147449 0.0149462 0.0120849 -0.0102295 0.0128811 -0.00863694 0.0136296 0.00271733 -0.00368957 0.000110427 -0.0210304 -0.00541058 -0.00565651 -0.00674947 -0.00432459 0.000765133 -0.0103176 -0.0146806 0.00927558 -0.0029818 -0.0108471 -0.00346503 -0.00763184 0.00381106 -0.00340128 -0.000535209 -0.00100381 0.000703175 0.000648823 0.0023719 -0.00953449 0.013339 -0.00692681 0.00603069 0.00722309 -0.00419829 -0.00106282 -0.0114432 0.0016968 0.00351765 0.00268041 -0.00856782 -0.000290807 -0.00529047 -0.00589889 -0.0018803 0.0054483 -0.0011928 5.38648e-05 0.000120539 -0.00334678 -0.0045746 -0.00316804 -0.000219307 -0.000196517 -0.0044459 -0.00066559 -0.0174769 0.00951137 -0.00381648 -0.00266948 -0.00261209 0.00674749 0.00843722 -0.00551929 0.000638045 0.00564878 -0.00184133 -0.00226764 -0.00375951 -0.00275294 -0.00869776 -0.00299494 0.000541078 -0.00165232 0.00133334 0.00409249 -0.00511108 -0.0030171 0.00227829 0.00716379 0.000343892 -0.00807711 -0.00929269 -0.00930396 0.011679 -0.00452589 -0.0160752 -0.00259738 -0.000838296 -0.00277741 
-0.00386468 0.00230086 0.000215669 -0.0135182 0.00104128 0.00679346 -0.00872924 0.00210375 0.00190169 0.0149462 0.137503 0.000494242 0.000725389 0.00579947 -0.00179713 0.00474727 -0.00225041 -0.00571986 -0.00250666 -0.00568902 -0.00594074 0.00351212 0.000756903 -0.0117796 -0.00276998 0.00315061 -0.0102235 0.00222879 0.0022632 -0.00263755 0.00341382 -0.014301 0.00775853 -0.00161232 -0.000313785 0.00955646 0.000195102 0.0142507 -0.00589427 -0.0015294 -0.00964424 -0.00103929 -0.00569839 -0.00282588 -0.000480778 -0.000662327 -0.0079462 -0.0010093 0.000635769 -0.00286453 -0.00308334 -0.0020802 -0.00905082 -0.0141646 -0.00180762 -0.00121592 -0.00250279 -0.0024856 0.00610152 -0.00613706 -0.00793624 -0.000840329 -0.00324376 0.00197089 -0.00490749 -0.000724463 -0.00110783 0.00418069 -0.0031458 0.00278775 -0.00357844 -0.00726057 -0.000119428 -0.00375588 -0.00117608 0.00782184 -0.00740064 0.000188568 -0.00189623 -0.00245031 -0.007153 0.000125691 -0.00687717 0.00349491 -0.00330536 0.00139487 -0.00368971 -0.000411788 0.0167663 -0.00100097 -0.00558828 -0.00873641 0.00634284 -0.0053824 0.00296267 -0.00700545 0.00889793 -0.00191571 -0.00811263 -0.00483232 
-0.00476957 -0.0106976 -0.00796555 -0.0029104 -0.0053363 -0.00808919 -0.00865227 0.0030702 0.00812102 0.0120849 0.000494242 0.0847404 -0.00440105 0.00474174 -0.00418151 0.00737442 0.00380993 0.00481019 0.000185638 -0.00884686 0.00106679 -0.00154781 -0.00251383 0.00104479 1.94464e-05 -0.00180257 -0.00722287 0.00101684 0.00100507 -0.00478191 -0.00139438 0.0038894 0.00157382 0.00371856 0.00205559 0.00014045 -0.00340999 -0.00600122 0.00558214 -0.00622014 0.00298962 0.000658055 -0.00224087 -0.00018581 -0.00800032 -0.000702926 -0.00430763 0.00347551 -0.00151102 -0.00014281 -0.00289367 -0.00101192 0.000446931 0.00287481 -0.000224115 0.00333142 -0.000367265 0.00173489 -0.00408114 -0.00047191 -0.00379172 -0.000411678 8.29944e-05 0.000466808 0.00137588 -0.00165172 -0.00122774 -0.00380712 -0.00298459 -0.00142157 -0.000392544 -0.00414019 -0.000382426 -0.00281346 0.00233607 -0.00478565 0.0017012 0.00112921 0.000961142 0.000824125 -0.00158845 0.00117476 -0.00210471 -0.00437973 0.00276757 0.00303392 -0.000759554 -0.000267394 -0.0068391 0.00334088 -0.0051442 -0.00249304 -0.00504572 0.00827726 -0.00254389 0.0005305 -0.0070431 -0.0020781 -0.0010408 0.00196551 
-0.00291087 -0.00345178 -0.0156364 0.00425467 -0.0110783 -0.0173958 -0.00405747 0.0123759 0.0045746 -0.0102295 0.000725389 -0.00440105 0.180914 0.00339262 0.00846087 0.0165033 0.00431421 0.00564992 -0.00577408 0.0101379 0.00118811 0.00126271 -0.00467523 0.0108089 0.0022056 0.0083675 0.000613693 0.00125064 0.000788322 0.00135231 -0.00152107 -0.00739785 -0.000269067 0.00298596 -0.00440695 -0.0153526 -0.00263883 -0.00696013 0.00368584 0.00965334 -0.00626962 -0.00138161 0.00210497 -0.00708469 0.0168614 -0.00333914 0.0051438 -1.34565e-05 0.000867678 0.00684836 0.00258017 -0.00237128 -0.000556039 0.00125057 -0.000445434 -0.00822177 -0.00404987 -0.000684339 -0.0153819 -0.000332283 -0.00263634 0.0011992 -0.00309483 -0.000601111 0.00192636 0.00394479 -0.00348071 -0.00363842 -6.94877e-07 -0.00784232 -0.00654227 -0.000767999 0.00349685 -0.000378321 -0.0027466 0.000170318 0.00155335 -0.00141949 -0.00209647 -0.000341881 -0.0041692 -0.00657623 -0.00723084 -0.00627793 -0.00473412 -0.00725331 -0.000716412 -0.00710893 -0.00235709 -0.0119152 -0.0221283 -0.00740067 -0.0169235 -0.0186245 -0.00559455 0.000509314 -0.00815501 0.00921279 -0.00576413 -0.00633032 
-0.00205332 -0.00433871 -0.00271605 0.00107034 0.000217977 -0.0019312 -0.00133537 -0.000161783 0.00698114 0.0128811 0.00579947 0.00474174 0.00339262 0.107048 0.00103843 0.00908271 0.00339288 -0.00364129 0.0142149 -0.0040523 -0.00553024 0.00401023 -0.00330526 0.00638926 -0.000168139 -0.00360418 0.00105772 5.51897e-05 0.000233916 -0.00779826 -0.00450828 -0.00505008 0.00328905 -0.00608539 -0.000740971 -0.00972785 -0.00100005 -0.000496179 0.000789131 -0.00705543 -0.00276824 0.000127804 -0.00503623 -7.12723e-05 -0.00614572 -0.00272495 -0.00898181 0.002871 0.00608059 -0.000643853 -0.00372508 0.00272895 0.00742037 0.000352753 -0.00104119 -0.00181785 -0.00261988 -0.0019059 0.00442195 -0.00283991 -0.00399166 0.002809 -0.00105068 -0.00448725 -0.00179732 0.000413516 -0.00327536 -0.00171433 -0.00448184 -0.00215384 -0.00401646 0.0026583 0.00171819 -0.00376964 0.00131237 -0.000340768 0.00224441 -0.00408099 -0.00474786 0.00169775 -0.00396838 0.00283004 -0.00334385 -0.00171967 -0.000910541 0.00192781 -0.00519466 -0.000472477 -0.00852596 -0.0082122 -0.00297792 -0.00418562 -0.00802296 -0.00866984 0.00124556 -0.000807356 -0.008951 -0.00210863 -0.00300984 -0.00193479 
0.00614379 0.00890936 -0.00215783 -0.00232801 -0.000395148 0.00343153 0.00606542 -0.00196401 -0.00534761 -0.00863694 -0.00179713 -0.00418151 0.00846087 0.00103843 0.112058 -0.00150294 0.0121297 0.00224885 0.000648082 0.00904954 -0.00231285 0.000392378 -0.00115074 -0.00161688 -0.000800791 0.00335644 -0.000372273 -0.00194259 0.000308887 -0.0062078 -0.00504537 -0.00482156 -0.00571749 -0.0111523 -0.00124832 -0.0106649 -0.0030478 -0.00441055 -0.00397727 0.00461995 -0.00774175 -0.00141794 -0.00108752 -0.00593558 -0.00604612 -0.00416099 -0.00536993 -0.00378007 0.000249405 -0.00741741 0.0026798 0.00180172 0.00798567 -0.000711245 0.00112161 -0.00218085 -0.00521079 -0.00189352 -0.00514041 -0.000360854 -0.00119218 0.00177491 -0.000919248 -0.00816917 0.00582257 0.00131837 0.00122395 -0.000342543 -0.00147688 -0.00393826 0.00139395 -0.0064659 -0.00114486 0.00202839 0.00119209 0.00022099 -0.00218184 -0.00139013 -0.000921026 0.00105383 0.00325205 -0.00656772 -0.00273018 -0.000128938 -0.000383551 -0.00517742 -0.00487926 0.000491877 0.00153163 -0.00937507 0.00404113 0.000473815 -0.00308394 -0.00332138 0.000364211 -0.000705448 -0.00947461 -0.00338126 0.00394172 0.00578101 
-0.00863485 -0.0130204 -0.0171072 -0.000146612 -0.00891463 0.00110767 -0.00124851 0.00432968 0.0132988 0.0136296 0.00474727 0.00737442 0.0165033 0.00908271 -0.00150294 0.183851 0.0147792 -0.0024301 0.00606615 0.0122923 -0.0165062 0.00135718 -0.00722071 0.00600739 -0.000819754 -0.00220789 -0.00450231 -0.00316087 0.003234 -0.0147239 0.00467785 -0.00781695 0.00917624 0.0015158 -0.00341019 -0.0158107 -0.00176114 -0.00346466 0.0125747 -0.00713515 -0.00365578 -9.48417e-05 -0.00409899 -0.00980511 -0.00147562 -0.00921947 -0.00368372 -0.000972831 -0.000671901 0.00773448 -0.00482187 0.00227595 -0.00391521 -0.00661677 -0.00103114 -0.00460079 -0.00394998 0.00179326 -0.00366303 0.00246761 -0.0150019 -0.00368789 -0.000369749 -0.00249443 -0.00784585 0.000462663 0.0158857 0.00611161 -0.00282589 -0.0137061 -0.00889147 0.00799416 -0.0013349 0.00422643 0.00538817 -0.000190859 -0.0102158 -0.00385723 -0.00638834 -0.00464222 -0.00638275 -0.00143026 0.00475019 -0.0114706 0.00281888 -0.00477779 -0.0103924 -0.00453971 -0.0208815 0.00797069 -0.00184473 -0.00455214 -0.00516941 -0.00249094 -0.00299261 -0.00278997 -0.0139668 -0.00856221 -0.00369271 -0.00427345 
-0.00620028 -0.00550483 -0.00655077 0.00427688 0.00167894 0.00523608 0.00739822 -0.000631546 -0.00247646 0.00271733 -0.00225041 0.00380993 0.00431421 0.00339288 0.0121297 0.0147792 0.133055 -0.0040895 0.00587786 0.0152686 -0.0100435 0.00876311 -0.00257339 0.000557623 -0.000457401 0.0062881 -0.000607277 -0.0020741 -0.00148844 -0.00920571 -0.00059698 -0.000130887 0.00903568 -0.0027192 -0.0011442 -0.0172557 -0.00153265 -0.00411524 3.98416e-05 -0.00724212 -0.0096055 -0.00492397 -0.00390675 -0.00686931 0.0027475 -0.00732066 -0.00437594 -0.00426993 -0.00320495 -0.0088284 -0.00439759 -0.0024907 0.00264947 0.00685646 -0.000909916 -0.00153025 -0.00107486 0.000501587 -0.00404613 0.00096328 -0.00636076 -0.000372903 0.000125657 -0.00349365 0.000940133 -0.00433937 -0.00401479 0.00294831 -0.00697387 -0.0044291 -0.00111924 0.00724013 0.00146846 -0.00180603 0.00171512 -0.0013275 -0.00635218 0.00152568 -0.00658879 -0.00341856 -0.00221777 -9.85466e-05 0.000288251 -0.0046108 -0.00320776 -0.0035285 -0.00541143 0.0027002 -0.00638638 -0.00496955 6.99122e-05 -0.00483394 -0.0131987 -0.00855274 0.00118483 -0.00339405 -0.0133542 -0.00357421 0.00334062 0.00869626 
0.00362274 -0.0074248 -0.0029409 -0.00507248 -0.0033409 -0.0109149 -0.00649377 0.0249723 0.00173819 -0.00368957 -0.00571986 0.00481019 0.00564992 -0.00364129 0.00224885 -0.0024301 -0.0040895 0.158436 -0.00147248 0.00726467 0.00617053 0.00650812 -0.000113176 -0.00478418 -0.00539205 -0.00681543 -0.014102 -0.00310538 -0.000895948 -0.00957824 -0.00145006 -0.000491707 -0.00257056 -0.00064223 -0.00268486 -0.00711675 0.00246346 0.00488225 -0.000707527 0.00607271 -0.0124193 -0.00379799 -0.00251616 -0.010482 -0.0070108 0.00154744 0.00185153 0.00112559 0.00138225 -0.00362014 0.00211734 -0.00144723 -0.00586464 -0.0115606 0.00543039 0.00249487 -0.00169623 0.00148279 -0.00522665 0.000581564 0.00354758 0.00676851 -0.00513851 -0.00321592 -0.00389668 0.00823281 0.00173172 0.0005604 0.00327449 0.00568768 0.00447336 -0.00207672 -0.00668905 0.00144823 0.000199474 -0.00374564 -0.00306615 -0.00477057 0.0173384 -0.00150481 0.00679929 -0.0109902 -0.0134768 -0.0048986 -0.00112932 -0.0055974 0.00404585 -0.00661723 -0.00304682 -0.0145235 0.00520848 0.000725692 -0.00693988 -0.0136226 -0.00867993 -0.00754564 -0.00137567 0.00150164 -0.00364463 -0.0048826 
-0.00141492 0.00940248 -0.00763878 0.00271525 -0.00701571 -0.00153728 -0.000471201 -0.0108443 0.003233 0.000110427 -0.00250666 0.000185638 -0.00577408 0.0142149 0.000648082 0.00606615 0.00587786 -0.00147248 0.106011 0.00798272 -0.00492138 0.0078607 0.00536486 -0.00212009 -0.00144914 0.00180039 0.00662861 4.65298e-05 -0.000679429 -0.00380039 -0.00393425 0.0043925 4.02653e-06 -0.0115065 -0.00272226 -0.00873007 -0.00515659 -0.0139934 -0.0031474 -0.00686409 -0.00406199 0.00295941 -4.63323e-05 0.000620205 -0.00338161 -0.00628809 -0.00742498 0.00312465 -0.000252132 -0.00616407 -0.00231599 -0.00121853 -0.00535552 -0.00537325 0.000977415 0.000602803 0.00126422 -0.00157097 -0.00245581 -0.00410595 -0.0035993 -6.68596e-05 -0.000750761 -0.00285135 -0.00258651 -0.00215451 0.0114813 -0.00306617 -0.00146637 -0.00189509 -0.00183633 0.0059201 0.00457826 -0.00306395 0.00184477 -0.00983657 -0.00389935 -0.001903 0.00471394 -0.00356715 -0.00246487 -0.00314164 0.00229549 -0.0014862 0.00195692 -0.000865952 -0.000670833 0.00122123 -0.000673448 0.0022658 -0.00204917 -0.00361875 -0.000637104 0.00573994 -0.00147102 -0.00517525 -0.00845046 -0.00397934 -0.00264006 0.0034712 
-0.0115846 0.00511171 -0.00716655 -0.00857834 -0.00526171 -0.0138986 0.0152527 -0.000655808 -0.00515297 -0.0210304 -0.00568902 -0.00884686 0.0101379 -0.0040523 0.00904954 0.0122923 0.0152686 0.00726467 0.00798272 0.173326 0.0136797 0.00639907 0.0227991 0.0247563 0.00212163 0.0119195 0.00347152 -0.00029411 -0.00628313 -0.00923649 -0.00235836 0.00231125 -0.00593034 -0.00998406 -0.00449511 -0.0213907 -0.00657946 0.00171119 -0.00942036 0.00106548 -0.0147119 -0.00975564 0.00543826 -0.00498611 0.0205563 -0.00573132 0.00294901 -0.00520474 -0.00380324 -0.0104038 -0.00652017 -0.00136943 -0.00978038 -0.0135177 0.00457827 -0.00760568 -0.00237408 -0.00276267 -0.00334936 -0.0025231 -0.00597722 -0.000473152 0.0033954 -0.00681634 -0.0080369 0.00328688 0.00375585 0.00190031 0.00344669 -0.00487511 -0.00413168 0.0107949 0.000980207 -0.00120499 0.0025593 0.00648453 -0.00103474 -0.00791614 0.00146979 -0.00289921 0.000321409 -0.00649441 -0.0101226 -0.0011989 -0.00355593 -0.00750048 -0.000585959 -0.00057116 0.00821972 -0.013455 0.0095085 -0.0107952 -0.018131 -0.00418625 -0.0093331 -0.0122575 -0.0066832 -0.00404436 -0.00437379 -0.00662327 
-0.0126276 -0.00139813 -0.0104867 0.000140608 -0.00611901 -0.0123572 -0.00485925 -0.000391099 0.00346878 -0.00541058 -0.00594074 0.00106679 0.00118811 -0.00553024 -0.00231285 -0.0165062 -0.0100435 0.00617053 -0.00492138 0.0136797 0.16536 -0.000895789 0.0159814 0.0210306 0.00479849 0.00199119 -0.00524121 -0.000751627 -0.00317932 0.0113115 -0.00539566 -0.00803732 -0.0123581 -0.00569379 0.00210399 0.0012542 0.00142223 -0.00619849 -0.00241573 0.0106754 0.00321286 0.0020932 0.00355736 -0.000435228 -0.0094517 -0.000136245 -0.00107437 0.00368858 -0.000997468 -0.00574103 0.00870121 0.00316721 1.99883e-05 -0.00363828 0.00269958 0.00464015 0.00251918 -0.00348746 -0.00345688 -0.00242108 0.00121364 -0.00176116 0.000526939 0.00237768 -0.00787073 0.00208703 0.00157581 -0.00385262 0.00377159 0.00218056 -0.00338736 -0.00971944 -0.0114301 0.000291822 -0.00143707 0.000980825 0.00194388 -0.000781861 0.000990594 0.00764992 0.0045989 -0.00577549 -0.00789948 -0.00624967 -0.000492883 -0.00637977 -0.00226262 -0.00947189 -0.00615384 -0.00741804 -0.00842749 -0.0133527 -0.0130583 -0.00493227 0.000290678 0.00660196 -0.0135064 0.00507758 -0.00456256 -0.00800756 
-0.00468984 -0.00361497 -0.0060081 -0.00329688 -0.00364185 -0.00157394 -0.00222206 -0.00302028 -0.00164219 -0.00565651 0.00351212 -0.00154781 0.00126271 0.00401023 0.000392378 0.00135718 0.00876311 0.00650812 0.0078607 0.00639907 -0.000895789 0.0996615 0.000115827 -0.00264574 0.00320928 0.00680914 -0.00199903 -0.0041324 0.00125078 -0.00321901 0.00368748 0.00728409 -0.00299459 0.00366308 -3.71749e-05 -0.00744581 -0.00132897 -0.00252065 -0.00314908 -0.000284752 -0.0132966 1.80084e-05 -0.00547746 0.00229644 0.00100583 0.00230174 -0.00527157 -0.00082881 0.00306748 -0.00264408 0.000786973 -0.000888075 -0.0075029 0.000860707 -0.000578142 -0.000992952 0.000601076 -0.00133529 -0.00219685 -0.00161883 -0.0021869 -0.00297177 -0.00285931 -0.00114019 0.00329919 0.00306456 -0.00190608 -0.000124959 -0.00107578 -0.00531081 -0.00256738 -0.000591564 0.000190598 0.0051869 0.000152304 -0.00748499 -0.00257802 -0.000706725 0.00396507 -1.34985e-05 -0.000290907 0.000759915 -0.00049693 -0.0022116 -0.00123385 -0.000988762 -0.000851852 -0.00200843 -0.00104379 -0.00744416 -0.00343125 0.000804063 -0.00819949 -0.0100087 -0.0010662 -0.00632241 -0.00348999 0.000340922 -0.00301337 -0.00063 
-0.0107779 0.00471445 -0.00130042 0.00245696 -0.00226136 -0.010768 0.0130368 -0.0102021 -0.00362397 -0.00674947 0.000756903 -0.00251383 -0.00467523 -0.00330526 -0.00115074 -0.00722071 -0.00257339 -0.000113176 0.00536486 0.0227991 0.0159814 0.000115827 0.129297 0.0154907 -0.000468966 0.00979593 -0.000356423 -0.00149188 -0.00488427 -0.00168431 -0.00473595 -0.00852638 -0.00620651 -0.00405513 -0.00101615 0.00525472 -0.00410599 -0.00716334 -0.000485455 -0.000215872 -0.00211745 -0.000357194 0.00249587 0.00448255 0.00279464 -0.00338407 -0.00474084 4.79322e-05 -0.00342699 -0.00786383 0.00154007 0.00525019 -0.0066264 -0.00668713 -0.000744442 -0.00220913 -0.00455849 -0.00157228 -0.00043534 -0.00368041 -0.0015493 -0.0020668 -0.00148137 -0.00107189 -0.00626453 -0.00375939 -0.00290344 -0.00323124 0.000157122 -0.0039703 -0.00140181 -0.00332196 0.000120077 -0.00424517 0.00186309 -0.0112724 0.0117277 -0.00710064 0.00625706 0.00508851 0.00117023 -0.00584128 -0.000454495 -0.00518758 -0.000150682 -0.00427273 -0.00310885 0.00426543 -0.00358196 -0.0137291 -0.00973735 -0.00300758 -0.00330445 -0.00135816 -0.00322709 0.000259824 -0.00577707 0.000621017 -0.00424326 0.00845219 
-0.0145637 -0.00983695 -0.0159223 0.00104439 -0.0133627 -0.0246881 -0.00039246 -1.70128e-05 0.0116036 -0.00432459 -0.0117796 0.00104479 0.0108089 0.00638926 -0.00161688 0.00600739 0.000557623 -0.00478418 -0.00212009 0.0247563 0.0210306 -0.00264574 0.0154907 0.180033 0.0109449 0.00233556 0.0083125 -0.00292723 -0.000576174 0.0181477 0.00515361 -0.00139749 -0.0036425 -0.00680383 -0.00246098 -0.0113815 -0.00516249 -0.00855747 -0.00427546 -0.00445792 -0.00517103 -0.00389935 0.00165342 -0.00372903 0.00639137 -0.00841689 -0.00909574 0.00745711 0.00265758 -0.0129477 -0.000246731 -0.0024197 -0.00271883 0.00310778 -0.00185225 -0.00422041 0.00106734 -0.00372574 -0.00665753 -0.00547218 -0.0018044 -0.00602299 0.00316875 -0.00559596 0.00216384 0.00100845 0.00174816 -0.00983316 -0.00636289 0.000532132 -0.00244231 -0.00781388 -0.00534216 -0.0010705 -0.00306203 0.00386835 0.00942654 -0.0065447 -0.00565859 -0.0023239 0.00128274 -0.00498272 -0.00708823 0.000379197 -0.00177849 -0.00443574 -0.000362977 -0.00121783 -0.0200572 -0.00896275 -0.00657429 -0.0100571 0.000762137 0.00288921 -0.00721492 0.00860187 -0.0110391 -0.00357241 0.000472522 -0.00280762 
-0.00983657 -0.00289165 -0.00920255 0.00244369 -0.00481843 -0.0104382 -0.00220249 -0.00512761 0.00290068 0.000765133 -0.00276998 1.94464e-05 0.0022056 -0.000168139 -0.000800791 -0.000819754 -0.000457401 -0.00539205 -0.00144914 0.00212163 0.00479849 0.00320928 -0.000468966 0.0109449 0.0939242 0.00396702 0.0111631 -0.00212883 -0.00157558 0.0153572 -0.00118471 -7.21476e-05 -0.00125345 0.00258677 -0.000950766 -0.00752921 -0.000212698 0.00252819 -0.00374198 0.00306689 -0.00225126 -0.00342808 0.00481862 -0.00275307 0.00693326 -0.00488629 -0.00352387 -0.00563444 -0.00275698 -0.00174748 0.00137728 0.000964574 -0.00469512 -0.00463874 -0.00183111 0.00136928 -0.000865788 0.000524145 -0.00272239 -0.00776138 8.27681e-05 -0.00206068 0.000571727 -0.00228238 0.00152669 -0.00178862 -0.00156791 0.00379265 -0.00186971 -0.00263749 -0.000714513 -0.00858906 0.00102811 -0.00188984 -0.00423678 -0.000743714 -0.000951579 -0.0030926 -0.00497353 -0.00041744 0.000973187 -0.00339432 0.000903989 -0.00130082 -0.00037674 -0.00398364 -0.00294953 -0.00120521 0.00413656 -8.81449e-05 -0.000852554 -0.00526441 -0.00597434 -0.002994 -0.000524796 -0.00403976 -0.000890345 0.0010605 -0.000448795 0.00502681 
-0.000365829 -0.00228209 0.000478721 -0.00842864 -0.0101076 -0.0156322 0.00702479 -0.00878803 0.000792825 -0.0103176 0.00315061 -0.00180257 0.0083675 -0.00360418 0.00335644 -0.00220789 0.0062881 -0.00681543 0.00180039 0.0119195 0.00199119 0.00680914 0.00979593 0.00233556 0.00396702 0.146437 -0.00228497 -0.000879956 0.00137634 -0.00832243 0.00520294 0.00184692 -0.00731507 0.00235846 0.000417831 0.00164912 -0.000809239 -0.00414202 -0.00826504 -0.00792123 -0.0093101 -0.00339341 -0.00521313 0.000654698 0.0136355 0.000444107 0.00116135 -0.00189422 -0.00452974 0.00565548 0.00556884 0.00369984 0.000293522 0.00640303 -0.00123346 -0.00198859 -0.0038201 -0.00316119 0.00360392 -0.00328846 0.000133759 0.000913897 -0.00338565 0.00453981 0.00582341 -0.00232971 -0.00886055 -0.00811134 -0.00194787 -0.0051587 0.000587186 -0.0126324 -0.00777122 -0.00500207 -0.00036564 -0.00951359 -0.00422722 0.00450881 -0.000628465 -0.00379178 -0.00647402 -0.00151231 -0.00502384 -0.00527119 0.000119749 0.00348868 0.00059876 -0.000920737 -0.00441823 -0.00471423 -0.00447542 0.000835316 -0.0124907 -0.0077895 -0.0100805 -0.00434158 -0.00130655 -0.00303969 0.00369569 -2.2854e-05 
-0.00458746 0.00777288 -0.00643612 0.0133382 0.00246464 -0.000914926 0.00256374 -0.00940764 0.000844366 -0.0146806 -0.0102235 -0.00722287 0.000613693 0.00105772 -0.000372273 -0.00450231 -0.000607277 -0.014102 0.00662861 0.00347152 -0.00524121 -0.00199903 -0.000356423 0.0083125 0.0111631 -0.00228497 0.180161 0.0036791 0.00365904 0.0227314 0.00305166 0.0110562 0.00524266 -0.00818304 0.00072024 0.000781552 -0.00274339 -0.0097049 -0.00693119 -0.00364686 -0.0112327 0.00300488 -0.0077056 -0.00203109 -0.00720615 -0.00799044 -0.00156701 -0.000320529 -0.00311905 -0.00874331 0.000321872 -0.00545066 -0.010019 0.00859193 -0.000323072 -0.00129594 0.00518897 0.0016919 -0.00176434 -0.001605 0.00320504 0.00383844 -0.000941714 -0.0113806 -0.00660876 -0.00351855 0.0049241 -0.00819555 -0.00636394 -0.00561876 -0.00102327 -0.0079338 0.00701588 -0.00722185 -0.00646201 -0.0152437 0.00045194 -0.00736684 -0.00394422 0.00309264 0.00703755 0.00022859 0.0100396 0.00156665 -0.0076183 -0.00254232 0.000714144 0.00147493 0.00242627 -0.00831639 -0.00217699 0.00119146 -0.0111104 -0.0102717 -0.00888433 -0.00194395 -0.0168769 -0.00353896 -0.00593434 0.000239212 
0.00145553 -0.0054224 -0.00698255 -0.00326776 0.00226344 -0.00171218 -0.0029634 0.00278759 0.000574782 0.00927558 0.00222879 0.00101684 0.00125064 5.51897e-05 -0.00194259 -0.00316087 -0.0020741 -0.00310538 4.65298e-05 -0.00029411 -0.000751627 -0.0041324 -0.00149188 -0.00292723 -0.00212883 -0.000879956 0.0036791 0.080263 0.00119754 0.00142124 0.00162446 0.00122271 0.0059207 -0.00223815 0.00102105 -0.00287298 0.00158135 -0.00644839 -0.00341664 -0.00182914 0.00504287 -0.00438263 0.00434731 0.00122989 0.00269094 -0.000133537 -0.00511918 -0.00399744 -0.00589982 -0.00486238 0.000303938 -0.00239786 -0.000453495 0.00255848 0.00187532 -0.00159323 -0.00166467 -0.00066913 -4.92498e-05 -0.00131754 -0.0026969 5.69343e-05 0.000650027 -0.00329434 0.000622604 -0.000425576 -0.00250967 -0.00187848 -0.00154113 5.75661e-05 0.00172611 -0.00417984 0.0034759 -0.00357688 -0.000622545 -0.00480248 -0.00104956 -0.000158335 -0.00183018 -0.000709637 -0.000261554 1.13581e-05 0.00336538 -0.00226203 -0.00170233 -0.0014902 -0.00197429 0.00294335 -0.0017079 -0.00482338 -0.00774474 -0.00155268 -0.000847313 0.000670347 0.00130649 0.00138048 -0.000900209 -0.00219891 -0.00217093 -0.00170664 
-0.00496138 -0.00784272 -0.00485577 0.00160499 -0.00565552 -0.00159026 -0.00681807 0.000924426 -0.00293164 -0.0029818 0.0022632 0.00100507 0.000788322 0.000233916 0.000308887 0.003234 -0.00148844 -0.000895948 -0.000679429 -0.00628313 -0.00317932 0.00125078 -0.00488427 -0.000576174 -0.00157558 0.00137634 0.00365904 0.00119754 0.075319 0.00339427 0.00154353 -0.000244176 0.0101917 0.00559526 0.000663222 -0.00117232 0.000569503 -0.00540956 0.00350613 -0.00125872 -0.00135501 -0.00298011 -0.00135685 -0.00432038 -0.00544971 -0.00133361 -0.00500625 0.00026919 -0.00259255 0.00015988 -0.00391642 -0.00398097 -3.02668e-05 0.00544177 0.000917679 -0.000573621 0.000227273 0.000568357 -0.00294245 -0.00199075 -0.00285331 0.000446447 -0.00106748 -0.000657088 0.00212062 -0.000367906 0.00739188 -0.000685955 -0.00208676 -0.000354494 -0.00179096 -0.00689514 -0.000836059 0.00258672 -0.00114728 -0.00263131 -0.00447988 -0.00278358 0.00368157 -0.0013102 -0.00331657 0.000835417 0.00207212 0.000979145 -0.00105985 0.000207941 0.000554799 -0.0015661 -0.00236548 0.00327654 -0.00185136 0.00226534 0.00196217 0.00219888 -0.00150416 -0.00220799 -0.00352906 -2.22116e-05 -0.00476131 -0.00154818 
-0.00143249 -0.0103449 -0.00477616 0.00249113 -0.00778392 -0.00610437 -0.00546494 -0.00274219 -0.000772697 -0.0108471 -0.00263755 -0.00478191 0.00135231 -0.00779826 -0.0062078 -0.0147239 -0.00920571 -0.00957824 -0.00380039 -0.00923649 0.0113115 -0.00321901 -0.00168431 0.0181477 0.0153572 -0.00832243 0.0227314 0.00142124 0.00339427 0.170234 -0.00082362 0.0136458 0.00660262 0.0142486 -0.00312282 0.00394628 -0.00987918 -0.0133406 0.000815186 -0.00456099 -0.0125941 0.00152905 -0.000206777 -0.000198784 -0.0045818 -0.00874693 -0.0100928 -0.00197917 -0.0036837 0.00231698 0.00124704 -0.00475157 -0.00335558 -0.00455887 -0.00464233 -0.000364011 0.00281928 0.000214102 -0.00445586 -0.0040517 0.00345861 -0.000545853 -0.00173917 -0.0060326 -0.003664 -0.00678241 0.00351247 -0.000434709 -0.000507305 0.00177557 0.00221815 -0.00558509 0.00471115 -0.00742107 -0.0125448 -0.0145394 5.13256e-05 -0.00560881 -0.00565738 -0.00487553 0.00482329 -0.000657969 -0.00629348 -0.00453771 -0.000386846 -0.00981678 0.00400974 -0.00311689 -0.00656691 0.0187282 -0.00947103 -0.00239417 0.00375212 0.0126584 0.00402661 0.00347363 -0.00917722 0.000708802 -0.00419805 0.00227697 
0.00245947 -0.00545331 0.00427914 -0.00401113 -0.00273763 -0.00706489 -0.00144312 -0.000277218 0.00144575 -0.00346503 0.00341382 -0.00139438 -0.00152107 -0.00450828 -0.00504537 0.00467785 -0.00059698 -0.00145006 -0.00393425 -0.00235836 -0.00539566 0.00368748 -0.00473595 0.00515361 -0.00118471 0.00520294 0.00305166 0.00162446 0.00154353 -0.00082362 0.0984092 0.00591236 0.00444321 0.0065763 0.00110394 -0.00233411 -0.00206432 0.00712811 -0.00346195 -0.00125989 -0.00283584 -0.00413897 -0.00519698 -0.00106133 0.0105128 0.00183237 0.0024766 -0.0013721 -0.00581114 -0.000662815 -0.000103769 -0.00116567 -0.00450579 -0.00197574 0.000464491 -0.00251207 0.000197335 -0.0013071 0.00193636 -0.00107134 -0.00270159 -0.00187388 -0.00268731 -0.00558538 -0.00265663 0.000472886 0.0015928 -0.00344506 -0.00124016 -0.00343882 0.00146085 -0.00485409 0.00372838 -0.00388648 0.00439427 4.28648e-05 -0.00123012 -0.000442852 -0.00128777 -0.00200238 0.0013264 0.00169056 -0.000436927 -0.00481949 0.000441413 0.00461061 -0.0033854 -0.00176399 -0.00168815 -0.00924417 -0.00564219 -0.00233757 -0.00225198 -0.00492679 -0.00729507 -0.00240406 -0.00174641 -0.00125935 -0.00427671 -0.00624108 
0.00720092 -0.0022487 -0.000248169 0.000364416 -0.00265432 0.000767371 -0.00666226 -0.00413633 0.00212019 -0.00763184 -0.014301 0.0038894 -0.00739785 -0.00505008 -0.00482156 -0.00781695 -0.000130887 -0.000491707 0.0043925 0.00231125 -0.00803732 0.00728409 -0.00852638 -0.00139749 -7.21476e-05 0.00184692 0.0110562 0.00122271 -0.000244176 0.0136458 0.00591236 0.160791 -0.00389196 -0.000846901 -0.00240201 -0.00522817 -0.00508406 -0.0153696 -0.0039857 -0.00510579 -0.00375312 -0.00317662 -7.54001e-05 -0.000524219 0.00114353 0.000945945 -6.02704e-05 0.00065301 -0.0033986 -0.00295109 0.000677753 -0.00331051 -0.0075689 0.00811919 -0.00172704 -0.00312904 0.00218707 -0.00253638 -0.00269441 0.00152435 0.00320253 -0.00280593 0.0015309 -0.00636347 0.00675505 0.00159742 -0.0142368 -0.000720916 -0.000791661 0.000405989 0.00114005 0.00524183 0.012207 -0.00603008 -0.00263417 -0.00675191 -0.00359277 -0.00117167 0.00862141 0.00196078 0.00537416 -0.00418524 0.00528787 -0.0085875 -0.00410653 -0.00347033 -0.00535165 -0.000934103 -0.00479901 -0.0155929 -0.00349497 -0.00509713 -0.0109113 0.00293563 -0.00397149 -0.00463494 -0.00636553 -0.00430141 -0.00172934 -0.00299499 
-0.0122787 -0.0103171 -0.00528407 0.0121021 -0.00260061 0.010013 -0.00418304 -0.00204787 0.00414789 0.00381106 0.00775853 0.00157382 -0.000269067 0.00328905 -0.00571749 0.00917624 0.00903568 -0.00257056 4.02653e-06 -0.00593034 -0.0123581 -0.00299459 -0.00620651 -0.0036425 -0.00125345 -0.00731507 0.00524266 0.0059207 0.0101917 0.00660262 0.00444321 -0.00389196 0.143383 0.000167095 -0.000429804 -0.00940722 -0.00284043 -0.0127238 0.00286921 -0.00506638 -0.00129867 -0.00420665 -0.00825421 -0.0040854 -0.00379068 -0.00544899 -0.00957961 -0.00268295 -0.00134918 -0.00559477 -0.00741087 -0.00198926 -0.000851685 0.0105383 -0.000707753 -0.0027859 0.000170909 0.002608 -0.00229348 -0.00088787 -0.00901377 0.0039687 -0.0036783 -0.00430422 -0.00376606 -0.00362176 0.0104052 -0.00120934 -0.00689576 0.000860616 0.00106753 0.00314222 0.00495725 0.0059777 0.00806076 -0.00682461 -0.00533533 -0.00453776 -0.00339959 -0.000730365 3.93197e-06 0.00472529 0.00175345 -0.00125778 -0.00205621 -0.00294566 0.0014054 -0.00462539 -0.0177631 -0.0083751 -0.0051418 0.00159593 -0.000815274 0.000327669 -0.0010817 -0.00958614 -0.00686267 -0.000290976 -0.00342965 -0.00120591 
-0.000973285 -0.00825941 -0.00519041 0.00364587 -0.00719553 -0.00204525 -0.0107094 -0.00298813 0.000905365 -0.00340128 -0.00161232 0.00371856 0.00298596 -0.00608539 -0.0111523 0.0015158 -0.0027192 -0.00064223 -0.0115065 -0.00998406 -0.00569379 0.00366308 -0.00405513 -0.00680383 0.00258677 0.00235846 -0.00818304 -0.00223815 0.00559526 0.0142486 0.0065763 -0.000846901 0.000167095 0.146284 0.00068181 0.00536926 0.00837637 0.0176712 0.0140516 -0.00510711 -0.0093061 -0.00215754 -0.00373985 0.00381637 0.00270754 0.00539247 0.00119868 -0.00406242 -0.000594891 0.00736135 -0.00714968 -0.00575238 -0.00447031 -0.00833384 -0.00283619 -0.00609918 -0.00133756 0.00149632 -5.64719e-05 -0.00298474 -0.000942739 -0.0019093 -0.00733342 0.00540883 -0.00348782 -0.00313973 -0.0097313 -0.0028365 3.73661e-05 -0.00241257 -0.00105204 0.000396027 -0.00117972 -0.000691906 -0.00350275 -0.00242553 0.000500025 -0.00102763 -0.000251422 -0.000551531 -0.00654658 -0.000363083 0.00243878 -0.00799215 0.00121847 0.000461544 0.00514854 -0.00254825 -0.00999304 -0.00509099 -0.00384181 -0.00912639 -0.000409762 -0.00419537 -0.00777973 0.00245088 0.00178951 -0.00152618 -0.00310026 -0.000961283 
