0.11577 -0.00255579 -0.0025627 -0.00299257 0.00344786 0.000736163 -0.00247216 -0.00187838 0.00279059 -0.00156463 0.00985479 -0.00071468 0.00190918 0.0136381 -0.00499183 -0.0111101 -0.00375136 0.0039689 -0.00716334 0.00188389 -0.00240385 0.00406226 -0.00917554 0.00308972 0.00165012 -0.00377997 -0.00525745 -0.00529935 -0.00273887 0.000755428 0.00018015 0.00506428 0.00486122 0.00204631 0.00221505 -0.00199867 -0.00571225 -0.00539593 0.00300413 -0.0010202 -0.00200131 -0.00288838 0.00305967 -0.00294118 -0.00197894 -0.00287222 -0.00034388 0.000247247 8.23173e-05 -0.00185764 0.00269164 -0.00147726 -0.00201962 -0.00461116 -0.00884578 -0.00321846 0.00120425 -0.00334 -0.000451139 -0.0103181 0.00405803 -0.00539082 0.000330994 0.00302804 -0.000436658 0.00357407 0.00194128 0.00215658 -0.00694655 0.00195538 -0.00591915 0.00490745 0.000101637 0.00814258 -1.86966e-06 -0.000560386 -0.00120592 -0.00520325 -0.00390346 -0.00249459 -0.00155217 0.00050505 -0.000184072 -0.0118253 0.00738934 -0.00682928 -0.00635803 -0.00940183 -0.00827204 -0.00165649 -0.00351713 0.00207911 0.00102545 -0.00163971 -0.0109162 -0.00183786 0.0047804 0.00090841 -0.00164729 -0.0036918 
-0.00255579 0.150395 0.0151753 -0.00488469 0.00263719 -0.00368295 -0.000359647 0.00743832 -8.18407e-05 -0.00258909 -0.0023272 -0.00472167 -0.00331459 -0.0065236 -0.0087009 -0.00968979 -0.0052161 -0.00714952 -0.00127247 -0.00869972 -0.0133124 -0.00638263 -0.00312047 -0.00732593 -0.00586851 -0.0049779 -0.00642589 -0.00231884 0.000809718 -0.00478413 0.00147115 -0.00378179 0.000159027 -0.00595653 -0.00780369 -0.00281575 -0.00105659 0.00318269 -0.00116358 -0.00434711 -0.00485747 0.00290301 0.00182786 0.00523584 0.00364891 0.00224517 0.00234575 -0.0043007 -0.0055709 0.000689465 -0.0039778 -0.00084667 -0.00595242 0.000528192 -0.00413305 0.00025413 -0.00293332 0.00936527 0.000177651 0.000194885 -0.000309855 -0.000451081 -0.00384488 -0.00467518 -0.00989815 -0.00153485 0.00463712 0.00463524 0.0122975 -0.0108114 -0.0016044 -0.00332821 0.00958846 9.92229e-06 0.00141994 0.00323849 -0.00550203 0.000141432 -0.00534442 -0.000609924 -0.00677511 -0.00563534 0.00107983 -0.00178183 -0.00118668 0.0062946 0.00935408 0.00307067 -0.00420763 0.000561582 -0.0135893 -0.000729279 0.00188578 0.000844272 0.00134111 -0.00418922 -0.00449995 0.00410063 -0.00198521 0.00309227 
-0.0025627 0.0151753 0.169985 -6.98606e-05 0.0109821 -0.00279032 -0.00671139 0.0101511 -0.00153019 0.00233912 -0.0108908 -0.0106262 0.00432696 0.00263987 -0.00255936 -0.00774356 -0.0011492 0.000412661 -0.0045318 -0.00160735 -0.00178983 -0.00842854 0.0130428 -0.00182501 -0.0139373 0.000763742 -0.00282939 -0.0101533 -0.00400447 -0.00227227 0.000323805 -0.00283761 -0.000789725 -0.0059999 -0.00353927 -0.00191212 0.0065001 0.00322766 -0.00982427 -0.00263325 -0.00321808 0.00353668 -0.0042587 0.00148462 -0.00184843 0.00497355 0.000590279 -0.00362447 -0.0026905 -0.00828146 0.000429161 -0.00421355 -0.00905968 0.00150425 -0.00841612 -0.00415144 -0.000277355 0.00649103 -0.00246831 -0.014434 0.00121484 -0.00374107 -0.000867998 0.000152518 -0.0113316 -0.00706253 -0.00457647 -0.0021214 0.00757145 -0.0145664 -0.00498609 0.0128877 -0.000884111 -0.00654862 -0.0104811 0.00135548 -0.00813906 -0.0110415 -0.0114602 -0.00261504 7.43442e-05 0.00104002 -0.000524914 0.0112834 0.00114229 -0.00478775 -0.00106549 0.010787 0.00690764 -0.00499192 -0.00293767 -0.00124323 -0.00788539 0.004865 -0.00397347 -0.0014571 0.00322254 -0.000155256 -0.00546871 0.00602107 
-0.00299257 -0.00488469 -6.98606e-05 0.0900106 -0.00220308 0.00143728 0.00546361 0.00226701 0.00432766 0.0098996 -0.00289356 0.000906158 0.00383038 -0.00460936 0.000923214 0.00192253 0.00189081 0.0049414 0.000447418 0.00357982 -0.00177682 -0.000906437 -0.00245919 -0.00352009 -0.00504635 -0.00265416 0.00278637 0.00269428 -0.000201339 0.000307202 0.00352344 0.0010163 0.000527999 0.000816967 -0.00481474 -0.00203423 0.00286164 -0.00416685 -0.0044482 -0.00270515 0.000989548 -0.00207037 -0.00265559 -0.00133968 0.00203141 0.0029671 0.000178242 0.000821705 0.000903579 0.00192713 -0.0040715 -0.00149112 0.0019105 -0.000233826 -0.00726004 1.96066e-05 -0.00452216 -0.00532329 -0.000565011 -0.000805245 -0.00352033 -0.00087509 -0.00159401 -0.00386841 0.00166771 -0.00330507 -0.00402836 -0.00350982 -0.00594115 0.00523087 0.00599062 -0.00433908 -0.00448324 -0.000802467 -0.00608658 0.00189067 0.00439303 -0.00278708 -0.00305799 -0.00182095 -0.000221769 0.00229865 -0.00430582 0.000611191 -0.00252898 -0.000523308 -0.00446456 0.000695106 -0.00426657 -0.00337223 -0.0121969 -0.000707104 -0.0062547 -0.00584831 0.000317841 -0.00157411 0.000296699 -0.0016511 -0.000810637 -5.26912e-05 
0.00344786 0.00263719 0.0109821 -0.00220308 0.118212 -0.000722868 -0.00179646 0.0121848 0.00288763 0.00233213 0.00168763 0.00154944 -0.00207764 0.0057554 -0.0127423 -0.00386699 -0.00312577 -0.00198583 -0.00183782 -0.00571036 -0.00369887 -0.002841 0.0057126 -0.0109424 0.00405873 0.00635343 -0.0017639 -0.00651013 -0.00265009 0.00290657 -0.00470234 -0.00218188 -0.00235606 -0.00178509 -0.00297972 0.000218432 -0.00738715 -0.00474559 0.0032951 -0.00144326 -0.0036908 0.000310299 0.00258111 -0.000211013 -9.38392e-06 0.00263282 -0.00279936 -0.000133584 -0.00425426 -0.00550939 -0.00368402 -0.00244156 -0.00516501 0.00605052 -0.00350451 0.0015694 0.000994978 -0.000433661 0.000555202 0.00456136 -0.00194667 -0.00111056 -0.00104659 0.00594607 -0.00923744 0.00163522 -0.00506186 -0.00154669 -0.00781266 -0.00835073 -0.00640946 -0.00145677 -0.00716154 -0.00216775 9.55359e-07 -0.00245119 -0.00491423 -0.00210607 -0.00196789 -0.00315967 -0.0081939 0.00238966 0.00021187 0.00129954 -0.000249583 -0.00168626 -0.00793734 -0.0039229 0.00305158 -0.00380664 -0.00120293 -0.000271549 -0.00400827 -0.00574944 0.000821643 -0.000437058 0.00895923 0.00539757 -0.00230519 -0.00161784 
0.000736163 -0.00368295 -0.00279032 0.00143728 -0.000722868 0.168578 0.000369802 0.00445902 0.000910819 0.00284052 -0.000184191 0.00191315 -0.00928854 6.87669e-05 -0.00574382 -0.00125124 -0.00139561 0.00889486 -0.00492695 -0.0123689 0.0225433 -0.00227345 0.0116457 -0.00380584 0.000781956 -0.00862858 0.00101919 0.000670287 0.0140841 -0.00953138 0.00424133 -0.00161782 -0.00429586 -0.00802231 -0.00322241 -0.00425508 0.000501182 -0.00192517 -0.00709968 -0.00152846 -0.00195583 -0.00570641 -0.000547915 -0.00218766 -0.00597902 8.69417e-05 0.000540455 -0.0060175 -0.00244856 0.000267068 -0.0055882 -0.00210064 0.001995 -0.00710102 -0.00801459 -0.00376064 0.0212805 -0.00892709 -0.00288828 0.00585482 -0.00619915 4.99111e-05 -0.000932676 0.00147567 -0.00670725 -0.00352503 -0.0118633 -0.00064019 0.0037957 0.00115096 -0.00516421 -0.00400734 0.00443863 -0.00606134 -0.00354861 -0.00730123 -0.000170964 -0.0101523 0.0149274 0.00592509 -0.00559959 -0.00102149 -0.00188406 -0.0049718 2.76111e-05 -0.00592718 -0.00952662 0.00251799 -0.0168834 -0.00205006 -0.0116417 -0.00205532 -0.00278727 0.00443651 -0.00296313 0.000808867 -0.00731561 0.000511736 -0.00502329 -0.00807771 
-0.00247216 -0.000359647 -0.00671139 0.00546361 -0.00179646 0.000369802 0.0940696 0.00556885 -0.0018161 0.00739757 0.00956491 0.00346971 1.99574e-05 -0.0123777 0.00671404 -0.00648192 -0.00286162 -0.00446776 -0.00159343 0.00298142 -0.00853853 -0.00277013 -0.00289128 0.00109481 -0.00428135 -0.000199424 0.00169742 0.00131313 -0.00444116 -0.00404652 -0.00520396 -0.00172175 -0.000923534 -0.00402375 -0.00357289 -0.00292706 -0.00113791 -0.00116658 -0.00629201 -0.0028479 0.00452556 0.00207265 -0.000901291 0.00161833 0.00200515 -0.00145925 -0.00158443 -0.00142381 -0.00302337 0.00509459 -0.000820015 0.000277287 0.00268352 0.0037991 0.00207554 -0.00206645 -0.00280122 -0.00752943 -0.000259403 0.0031975 -0.00531441 0.00112399 0.00140861 -0.00453034 -0.00215641 0.00162553 0.00256838 0.000509765 -0.00321069 -0.00178252 0.0012552 -0.016196 -0.0033221 -0.00276955 -0.002467 -0.00443129 0.00346405 -9.33285e-05 -0.000494911 -0.00055385 -0.0051276 -0.000172495 -0.000992561 0.00407239 -0.00166889 -0.000971847 0.00266065 -0.00265597 0.000762084 -0.000524278 -0.00256348 0.000720938 -0.00223846 -0.00375449 0.00168617 0.00222062 -0.00487503 -4.7083e-05 0.00170778 -0.000153032 
-0.00187838 0.00743832 0.0101511 0.00226701 0.0121848 0.00445902 0.00556885 0.154834 0.00947429 0.0108982 0.00226001 0.00892632 -0.00489816 -0.0108038 -0.00309077 -0.00560755 -0.000151405 -0.00587027 -0.00941906 -0.00777107 -0.00956232 -0.00283 -0.00442583 0.00359891 -0.000304162 -0.0041475 0.00571877 -0.00866566 0.00590402 -0.000909329 -0.0041126 -0.00301277 -0.00123351 -0.00337139 -0.0050406 -0.0047544 -0.0114249 -0.000592457 -0.0113142 0.0001282 -0.00323417 -0.00240413 -0.00395896 -0.0011879 -0.0039363 -0.00528216 -0.0029862 0.00434565 -0.00637284 -0.0101529 0.00113184 -0.00292062 -0.00249187 -0.00116843 -0.0124597 -0.00259108 -0.00182086 -0.0122011 -0.00236289 0.00460807 -0.00433631 0.00232869 -0.00513836 0.000591781 -0.00798511 -0.000825083 -0.00509177 -0.0019328 -0.0133851 -0.00679428 0.00951142 0.00713365 0.00820734 0.00528741 0.000431221 -0.00717384 0.00245529 -0.0116052 0.00836073 -0.000369721 -0.0020946 0.0121119 -0.00640502 0.00227242 0.000427212 -0.0080216 0.00775291 0.00634641 0.00282303 0.00434315 -0.0150211 0.000841562 -0.00925076 -0.00403754 -0.0110716 -0.00341396 -0.00420582 -0.00396746 -0.00294905 0.00267666 
0.00279059 -8.18407e-05 -0.00153019 0.00432766 0.00288763 0.000910819 -0.0018161 0.00947429 0.149336 -0.000379578 0.0057381 0.00249344 0.001443 -0.00353877 -0.00243356 -0.00167696 -0.00194642 0.0108724 -0.0057688 0.00718876 -0.00204912 0.000343074 -0.0058486 -0.00115914 0.001953 -0.00902933 0.000889863 -0.00624498 0.00364133 0.00244557 -0.00126477 0.000899619 0.00110244 -0.00148821 -0.00308491 -0.000135577 -0.00203291 -0.00306687 -0.00344672 0.00108932 0.00591789 -0.00184079 0.0014438 0.00107163 -0.00527517 0.00450144 -7.12548e-05 0.00442935 0.0045533 -0.00455126 -0.00414259 -0.00125268 -0.00218572 -0.00463493 -0.0108934 0.000446431 0.00454564 -0.0119423 -0.00115702 -0.0168024 -0.00334453 -0.00194574 -0.00218385 -0.00600609 0.00516473 -0.00227226 -0.00591519 -0.00366185 -0.020841 -0.00876949 -0.00399665 -0.0135738 0.00294912 -0.00224953 -0.00549242 -0.00978548 0.0106038 -0.00425983 0.00407744 -0.00143891 -0.00810563 0.00264133 -0.00308538 0.00363227 -0.00403428 -0.00844982 -0.00565255 -0.0116943 -0.00773024 -0.00785647 -0.00943148 -0.000223437 0.00623857 0.00120132 -0.00392038 0.0113021 -7.65698e-05 0.00196158 -0.00391604 0.00617706 
-0.00156463 -0.00258909 0.00233912 0.0098996 0.00233213 0.00284052 0.00739757 0.0108982 -0.000379578 0.160308 0.00258648 -0.00169977 -0.00356083 0.00743308 0.00253261 -0.0164191 0.00118785 -0.000164393 -0.0100556 -0.00447983 -0.00300954 0.00410281 -0.00807044 -0.000302161 -0.00824275 -0.000913434 -0.00492406 0.00391063 -0.0055106 0.00109779 0.00190821 -0.00208152 -0.00427259 -0.00368163 0.000337978 -0.00606032 -0.0101202 -0.00595249 -0.000380919 -0.00701359 -0.00284158 0.00235581 -0.00428982 0.00829735 -0.00270876 -0.00670739 -0.00411642 -0.000631458 0.00171501 0.000472342 -0.00427385 -0.00388861 0.00278081 0.00327955 0.00189534 -0.00224467 -0.00446815 0.00195885 0.00195232 0.00779039 -0.00475725 -0.000736298 0.00278334 -0.00150578 0.00225698 -0.00199822 -0.00677436 0.00156005 0.00590526 -0.00806024 0.00664375 -0.00735034 0.00648985 -0.00558251 -0.00579972 -0.00618801 -0.00294368 0.000221672 -0.00919983 -0.00386011 -0.00866092 0.00591542 -0.00559207 -0.001504 -0.00242145 -0.00793615 0.00190775 -0.00945261 -0.00693069 -0.00768721 0.00357095 -0.000170347 -0.00874392 0.00570651 0.00402055 -0.00513761 -0.0133927 -0.00241814 -0.000837886 -0.00733083 
0.00985479 -0.0023272 -0.0108908 -0.00289356 0.00168763 -0.000184191 0.00956491 0.00226001 0.0057381 0.00258648 0.11713 -0.00238527 0.00378012 0.0065479 -0.00119888 -0.00347143 -0.00606531 -0.000115724 0.00395907 -0.000429957 -0.00784585 0.00148431 -0.00929268 0.000454513 -0.000339854 -0.00226045 -0.000862383 -0.00404795 0.000110246 0.000831131 0.00403791 -0.000539614 -0.00121391 0.000570936 -0.00278154 5.46322e-05 -0.00483606 -0.000561892 -0.00391404 -0.0013392 0.001933 -0.000962048 -0.00246152 -0.0049411 -0.000862565 -0.00220833 -0.00130278 -0.0018659 -0.00325267 -0.000849173 -0.000471869 0.00339878 0.00202193 0.00286175 -0.000148616 -0.000985782 -0.000974423 -0.00406539 0.000504188 0.00444635 0.00384915 0.000291 -0.0014318 -0.00261239 -0.00601784 -0.00199122 -0.00203643 0.00202748 -0.00407717 -0.00250609 0.00428009 -0.0150633 0.00505958 -0.00315436 -0.00541615 -0.0072734 -0.00272502 -0.00115308 -0.00523145 -0.00410869 -0.0103551 -0.00179981 0.00440555 -0.00635209 0.00159901 -0.00493222 -0.0074753 -0.00386797 0.000671883 -0.00330575 0.00661614 -0.00333871 0.00122068 -0.00421615 -0.00137969 0.00218287 -0.00191182 -0.00639424 -0.00180097 -0.000943833 
-0.00071468 -0.00472167 -0.0106262 0.000906158 0.00154944 0.00191315 0.00346971 0.00892632 0.00249344 -0.00169977 -0.00238527 0.100998 -0.000584261 0.0017166 -0.00865161 -0.00152202 0.00443315 0.00729095 -0.00327852 -0.0111253 0.00184505 0.00122353 -0.0010322 -0.00567202 0.00322499 0.00192807 -0.00308459 -0.0107641 -0.00553313 0.00159551 -0.00771466 -0.00158075 0.000511425 0.000214847 -0.00189187 -0.00263026 -0.00509747 -0.00586479 0.0020714 -0.000732468 -0.00263076 -0.00434594 -0.00139847 0.000314012 -0.00194599 -0.00595553 0.0017113 0.00627598 -0.00271194 -0.000956528 -0.00269382 -0.00107627 -0.000201951 -0.00179136 -0.00774956 -0.00147401 -0.00183553 -0.00782343 -0.000627621 -0.00202818 -0.00115244 -0.00485695 -0.000465397 0.00133525 -0.00155601 0.00589301 -0.00347024 0.00526384 -0.0017074 0.0105026 -0.00423872 0.00213434 -0.00986245 0.0045446 0.00821349 0.000338334 -0.00250236 -0.00761739 0.000283273 -0.00267312 -0.00282775 0.00210079 -0.000323979 -0.00933326 -0.00132788 -0.00216169 -0.00198785 -0.00200202 -0.00158419 -0.000598045 0.00315488 0.000806855 0.00525546 0.00195061 -0.00787683 -0.00336361 0.00575578 0.00478931 1.7869e-05 0.00069104 
0.00190918 -0.00331459 0.00432696 0.00383038 -0.00207764 -0.00928854 1.99574e-05 -0.00489816 0.001443 -0.00356083 0.00378012 -0.000584261 0.128314 0.0140897 0.000861569 0.0038522 0.00219466 0.0015396 0.00755415 0.00416029 0.000729574 -5.55896e-05 -0.0013429 0.00733121 -0.0101882 -0.0106358 -0.0050934 -0.0128325 -0.0079454 -0.000457229 0.00134885 -0.00452831 -0.00338555 -0.000859913 0.000157652 -8.57831e-05 -0.0020583 0.0021377 -0.00476926 -0.0013284 -0.00158 0.00503035 -0.00182494 0.00112849 -0.000626026 -0.00317968 0.00199151 0.0010231 -0.000405721 -0.00531028 -0.00343468 0.000895131 -0.00545611 -0.00374519 0.0040137 0.00239554 -0.00497146 0.00309288 0.000480611 -0.00886417 0.000189912 -0.00294216 -0.00218112 -0.00683658 -0.0064235 -0.00319423 0.00235999 -0.000793683 -0.00999729 -0.00360262 -0.000419353 -0.0119187 -0.0029525 0.00110557 -0.00572622 -0.00273938 -0.000156194 -0.00519138 -0.00782795 0.000914017 0.0033343 -0.00341855 -0.00109808 -0.00230579 -0.00670322 -0.00535683 0.00760157 -0.00117056 -0.00979872 -0.000747713 0.0144535 0.00392496 -0.00205001 -0.00344581 -0.00151262 0.000625975 0.0019982 -0.00413981 -0.000426382 -0.00237463 
0.0136381 -0.0065236 0.00263987 -0.00460936 0.0057554 6.87669e-05 -0.0123777 -0.0108038 -0.00353877 0.00743308 0.0065479 0.0017166 0.0140897 0.206275 -0.0129832 0.00305128 0.00165186 0.00928787 0.0134514 -0.00579956 0.0144415 -0.00452985 0.00529474 0.008089 -0.00293256 -0.00634896 -0.0162822 -0.00941239 -0.0117068 -0.00287971 -0.00930884 0.00120413 -0.00156078 -0.00944056 0.000352338 0.00377545 -0.00509808 -0.00920182 -0.00313757 -0.00139212 -0.0074718 0.000533089 0.00167891 -0.00133624 -0.00442816 -0.00579014 0.002631 -0.000948933 -0.00412255 0.00161078 -0.00511887 0.000376842 -0.00549157 -0.00724923 -0.0112169 0.00284099 -0.00616002 0.00195373 -0.00094912 0.00614466 0.000280905 -0.00692884 0.00276989 0.0100963 -0.0151416 -0.00210286 -0.00106301 0.00837114 0.016542 -0.00276752 -0.00664228 0.028402 -0.00455511 -0.00152293 0.000541789 -0.000997098 -0.00959767 -0.0213903 -0.0160248 -0.00544876 -0.00671085 -0.00444218 -0.0123364 -0.00410774 -0.00580681 -0.00899922 -0.0202291 -0.00506714 -0.00984249 -0.0129435 0.0389219 -0.00286214 0.000258234 -0.00799382 -0.0162621 -0.00448735 -0.00421245 -0.00514108 0.00219068 -0.00912965 
-0.00499183 -0.0087009 -0.00255936 0.000923214 -0.0127423 -0.00574382 0.00671404 -0.00309077 -0.00243356 0.00253261 -0.00119888 -0.00865161 0.000861569 -0.0129832 0.151552 0.00256654 0.000866732 -0.00480582 0.00798508 0.00480278 -0.00255416 -0.0084611 -0.00436115 0.0152326 0.00612075 -0.00743623 0.0194073 -0.00308993 -0.00999269 -0.000934179 0.0103457 -0.00408614 0.0018283 0.00120889 0.00487478 -0.00154672 -0.002968 0.00522675 -0.00904248 0.00168242 0.00108703 0.000907774 -0.00628186 0.000257775 0.00665592 0.00310612 -0.00358794 -0.00284585 -0.000780289 -0.0117388 -0.00213124 -0.00247401 -0.00357284 -0.00231145 0.00292603 -0.00514047 -0.0158992 -0.00891517 -0.000706602 -0.0154258 -0.00282903 0.00720363 0.00204433 -0.00491102 0.0210803 -0.00962935 -0.00135973 -0.00394163 -0.0128325 -0.00760214 0.00401307 0.00141261 -0.00280781 -0.0103355 -0.0155472 -0.000325017 -0.00103738 -0.00338578 -0.0105048 0.00453828 -0.000363499 -0.00924628 -0.00525523 -0.00324815 -0.00778018 -0.00341123 0.00196488 -0.00327886 0.00743126 -0.0017724 -0.00347164 0.00088391 0.00176743 -3.50769e-05 0.0190119 -0.00647309 -0.00327758 -0.00412839 0.00639149 0.00556111 
-0.0111101 -0.00968979 -0.00774356 0.00192253 -0.00386699 -0.00125124 -0.00648192 -0.00560755 -0.00167696 -0.0164191 -0.00347143 -0.00152202 0.0038522 0.00305128 0.00256654 0.172847 0.0091672 -0.0110722 0.010143 0.0018022 0.00649124 0.00183128 0.00932636 0.00245283 -0.0111813 0.00707795 0.00115952 0.00517354 0.00189329 0.00377663 0.00160651 -0.00407491 0.000574117 0.00360039 -0.00101682 0.0019291 -0.00636171 -0.00273503 0.00888205 0.00285759 -0.00383079 0.000336859 -0.000794163 -0.000636866 -0.00156328 0.00440316 -0.00150385 -0.00525297 -0.00390633 -0.00422638 -0.00367694 -0.00229576 0.000912576 -0.00224433 0.00385792 -0.00013366 -0.00732553 0.00585999 -0.00284915 0.0134436 -0.00135155 -0.00614841 -0.00245646 0.00396288 0.00130209 -0.00801684 -0.00713219 -0.00309326 0.00302572 0.01291 -0.00825954 -0.0011459 -0.00260737 -0.0114197 -0.00703415 0.0003539 -0.00662687 -0.00533146 -0.00171062 0.00104821 0.00632898 -0.0133969 -0.00705468 -0.0089108 -0.00685429 -0.00364638 -0.00554595 -0.00424017 -0.00379648 0.00511065 0.00119066 -0.00339695 -0.00320412 -0.0194092 -0.0038302 -0.00651628 0.000687995 -0.0146022 -0.000691414 -0.00576632 
-0.00375136 -0.0052161 -0.0011492 0.00189081 -0.00312577 -0.00139561 -0.00286162 -0.000151405 -0.00194642 0.00118785 -0.00606531 0.00443315 0.00219466 0.00165186 0.000866732 0.0091672 0.103097 -0.0026291 -0.00303698 0.000392484 0.00603965 0.000969005 -0.000256624 0.00640286 -0.0038464 0.00758505 0.00102557 -0.000356172 -0.00312391 0.00229667 -0.000499562 -0.00299289 -0.00157278 -0.00443153 0.000805803 0.00101275 -0.00306521 -0.00526104 -0.00530205 -0.000558206 -0.00350025 -0.00276392 -0.000163579 -0.00226528 -0.000804712 -0.00246711 -0.000220578 -0.000440408 0.00377332 -0.000270324 -0.0034126 -0.00086579 -0.00202115 -0.00271568 -0.000761502 -0.00137964 -0.00023107 0.000612223 -0.000855752 -0.00911755 -0.00358558 -0.00502361 -0.00162589 -0.00402411 0.00258381 -0.00200391 6.57128e-05 8.93762e-05 0.00257503 -0.00244839 -0.00318005 0.000268056 -0.0130756 -0.00383545 0.0035887 -0.00190667 -0.00145597 -0.00316878 0.00352988 -0.000962245 0.00655042 0.00188038 -0.00126518 -0.0031488 -0.000918068 0.0013372 0.00484894 -0.00301593 -6.29383e-05 -0.00287229 0.00323483 -0.00158783 -0.00872209 -0.0109676 -0.00205187 0.000689877 -0.00087885 -0.00417472 -0.00237271 -0.00145963 
0.0039689 -0.00714952 0.000412661 0.0049414 -0.00198583 0.00889486 -0.00446776 -0.00587027 0.0108724 -0.000164393 -0.000115724 0.00729095 0.0015396 0.00928787 -0.00480582 -0.0110722 -0.0026291 0.165724 -0.00101756 -0.0017334 0.0124964 0.00396498 -0.00498613 0.00174778 -0.00763899 0.00119796 -0.00024998 -0.00734847 -0.00496581 0.00157459 -0.00584448 0.000806084 -0.00172466 -0.00280601 -0.00367263 -0.0033512 -0.0147753 -0.00323566 -0.0106069 -0.00619271 0.00135286 -0.00237318 -0.00977444 0.0026025 -0.0115244 -0.00789262 0.00151785 -0.00173646 0.00797902 -0.008205 -0.00763551 -0.00190463 -1.09939e-05 -0.00950499 -0.0118585 -0.00350012 0.00258114 -0.00989975 0.000725024 -0.025771 0.00256156 -0.008288 -0.00190496 -0.00191502 -0.00415611 -0.00996693 -0.00484636 -0.000694147 -0.0102762 0.00745029 0.00331823 0.00274235 -0.00678604 0.00785378 -0.0111926 -0.00770255 -0.00653817 0.00177262 -0.000556873 0.00035893 0.00405319 0.0133785 0.00382551 -0.0119555 0.00170052 0.00355522 0.00832017 -0.0031492 0.011449 -0.00226518 -0.00142179 -0.000249721 -0.00618842 0.0112629 -0.007424 -0.00164611 0.00670357 0.00902611 -0.00650503 -0.00518051 
-0.00716334 -0.00127247 -0.0045318 0.000447418 -0.00183782 -0.00492695 -0.00159343 -0.00941906 -0.0057688 -0.0100556 0.00395907 -0.00327852 0.00755415 0.0134514 0.00798508 0.010143 -0.00303698 -0.00101756 0.144314 -0.00365604 0.00953171 -0.00610111 -0.0116768 -0.00548102 -0.0155507 -0.00143442 -0.00164365 -0.00951498 -0.00905281 -0.0024458 -0.00890588 0.00106164 -0.00341268 -0.00318928 -0.00346149 0.00182427 -0.00122346 -0.00290407 -0.0060062 -0.000402355 -0.00350606 0.00318874 -0.00191547 -0.00453638 -0.00126723 0.00476025 0.00558847 0.000981505 -0.00651266 -0.00519985 -0.00335373 0.000724403 -0.00571676 -0.00635029 0.00356707 0.00183025 -0.00937009 -0.000620558 -0.000660273 3.0372e-05 -0.0010748 0.00383591 0.000314785 -0.00205417 -0.0054553 -0.00451404 -0.00206944 -0.0015598 -0.0117046 -0.000622084 0.00304902 0.00132069 -0.00127026 0.00347467 -0.00196851 -0.00214977 -0.00593245 -0.00170907 -0.00164794 -0.00275817 0.00343875 -0.00604032 0.0019948 -0.00441757 -0.0053282 0.00643787 0.00481366 -0.000142037 0.0056767 0.000456585 0.016936 -0.00236699 0.00232257 0.00558486 -0.00347851 -0.003649 -0.00379229 -0.00905374 0.00274453 0.000389419 
0.00188389 -0.00869972 -0.00160735 0.00357982 -0.00571036 -0.0123689 0.00298142 -0.00777107 0.00718876 -0.00447983 -0.000429957 -0.0111253 0.00416029 -0.00579956 0.00480278 0.0018022 0.000392484 -0.0017334 -0.00365604 0.158006 0.00198781 0.00803353 0.0126016 0.0123284 0.00727612 0.000888888 -0.00413658 0.0121997 -0.00235975 0.000166814 0.00574387 0.000685348 -0.0024452 -0.000250557 -0.00172073 -0.00238086 0.00763794 -0.00294184 -0.00769443 -0.00671655 0.00303448 -0.00626729 0.00160294 0.0087205 0.00380371 -0.00383445 -0.00167311 0.000804848 0.00104466 -0.00779093 0.00161153 -0.00178362 0.00874269 0.00032591 0.00182166 -0.0023263 0.00754954 -0.00148062 0.000198911 0.0017244 -0.00170507 -0.00717023 0.000311919 -0.00677193 -0.00463112 -0.0035715 -0.00116213 -0.00924958 -0.00546678 -0.0163056 -0.00173483 -0.0176967 -0.000694892 0.00144504 -0.00729957 -0.00431315 0.00202648 -0.000280228 -0.000181491 -0.00650698 -0.00265986 -0.00752284 -0.00288538 0.00861058 0.000654513 4.93471e-05 -0.0184419 -0.00680257 -0.00788253 -0.00597357 -0.0100325 -0.00238119 -0.00298908 -0.0209936 0.00233071 0.00637698 -0.00713418 -0.00392591 0.00294041 -0.00652784 
-0.00240385 -0.0133124 -0.00178983 -0.00177682 -0.00369887 0.0225433 -0.00853853 -0.00956232 -0.00204912 -0.00300954 -0.00784585 0.00184505 0.000729574 0.0144415 -0.00255416 0.00649124 0.00603965 0.0124964 0.00953171 0.00198781 0.198179 0.016888 -0.00476538 -0.00614512 0.000376631 0.00335412 -0.0102506 -0.0150829 -0.000993532 -0.0100344 -0.0145076 0.00328773 -0.000560771 -0.00324676 0.00305055 -0.00217464 -0.00353665 -0.00621194 -0.0015676 -0.00328286 -0.00196428 -0.000963185 -0.00815727 0.00218965 -0.00674096 -0.000223086 0.000226921 -0.00677394 -0.00369338 -0.00133057 -0.00918841 -0.000605519 -0.000494061 0.00248418 -0.0175383 -0.00118435 0.00313563 0.00777331 -0.00260385 0.016101 -0.00302074 -0.000816253 -0.000449746 0.00170837 -0.00111229 -0.00346696 -0.00611075 -0.00585966 0.0033996 -0.00423638 -0.0146624 0.00850853 -0.0079481 0.00911429 0.00105167 -0.00314605 -0.00435264 -0.0136358 0.00399336 -0.0025922 -0.00350638 -0.00728488 -0.00410593 -0.0152868 -0.00386415 -0.00596728 -0.00839525 -0.00415566 -0.0156949 -0.0149173 0.00264903 -0.00417522 -0.0119474 0.00931745 -0.00456335 -0.00515079 0.01226 0.00116208 -0.00345391 -0.00207467 
0.00406226 -0.00638263 -0.00842854 -0.000906437 -0.002841 -0.00227345 -0.00277013 -0.00283 0.000343074 0.00410281 0.00148431 0.00122353 -5.55896e-05 -0.00452985 -0.0084611 0.00183128 0.000969005 0.00396498 -0.00610111 0.00803353 0.016888 0.123762 -0.00539731 0.0019979 0.00960956 0.0038229 -0.00326546 -0.00406891 0.000333429 0.00689373 0.0042913 0.00160332 0.000304389 0.0108482 0.00343104 0.00285344 -0.00515349 -0.000155571 0.00712488 -0.0021793 0.000489223 -0.00347247 -0.00134153 0.00288357 -0.00140052 -0.00222349 -0.00136745 0.00381026 0.00390478 -0.00324263 -0.00277802 -0.0023356 -0.00106948 -0.00351616 -0.00103425 -0.00358079 -0.00400949 -0.00258533 -0.00204287 0.00124773 -0.00317689 -0.0010941 -0.000880284 -0.00318578 -0.00506309 0.00251879 -0.00897859 -0.00614368 -0.00680563 0.0039905 0.00223046 -0.0113441 -0.0061903 0.00397404 -0.00678418 -0.00525834 0.00425122 -0.00496617 -5.52822e-05 -0.00416852 -0.00275297 -0.00267819 -0.00413633 -0.00454295 -0.00160242 -0.00190039 -0.00293534 -0.0079515 -0.0095748 0.00288856 -0.00973071 -0.00294381 -0.00801968 -0.00704941 -0.00471071 0.00044362 -0.00723593 0.00814896 -0.00206847 -0.00483166 
-0.00917554 -0.00312047 0.0130428 -0.00245919 0.0057126 0.0116457 -0.00289128 -0.00442583 -0.0058486 -0.00807044 -0.00929268 -0.0010322 -0.0013429 0.00529474 -0.00436115 0.00932636 -0.000256624 -0.00498613 -0.0116768 0.0126016 -0.00476538 -0.00539731 0.187589 -0.000304161 -0.000784853 0.0078119 0.00372301 0.0087951 0.000425914 0.000799647 0.00633328 -0.00588292 -0.000417021 -0.00434981 0.00402158 -0.0011877 0.0039755 -0.00470052 0.00512608 0.000848711 -0.00518335 -0.00583186 0.00271361 0.00450765 0.00216768 0.00515948 0.00161885 0.0016465 -0.00405823 0.0077421 -0.00382899 -0.000478758 -0.00143574 -0.00194541 -0.008144 -0.00511857 0.0146919 -0.00214037 -0.00117321 -0.00150041 0.000507157 -0.00728855 0.0010286 0.00398895 -0.0158423 -8.43723e-05 0.00119251 0.000194025 0.00190458 -0.00504269 -0.0136232 -0.00581015 -0.0233171 -0.00231123 -0.00515064 -0.00583486 -0.0094249 -0.00763023 -0.00155997 -0.00631659 -0.00951893 0.00133264 -0.00987515 0.00547111 -0.000981453 -0.00077371 -0.0258948 0.00390655 -0.00940489 -0.0101817 -0.00252654 -0.00109004 -0.00914137 -0.0193105 0.00619309 0.00148762 0.00323689 -0.00154805 -0.00401471 -0.0066978 
0.00308972 -0.00732593 -0.00182501 -0.00352009 -0.0109424 -0.00380584 0.00109481 0.00359891 -0.00115914 -0.000302161 0.000454513 -0.00567202 0.00733121 0.008089 0.0152326 0.00245283 0.00640286 0.00174778 -0.00548102 0.0123284 -0.00614512 0.0019979 -0.000304161 0.207319 0.00347715 0.00576706 0.00912192 -0.000642676 -0.00112314 0.00903108 0.0144885 -0.00978566 -0.00172634 -0.0032723 -0.00522615 -0.00374104 -0.00678103 -0.0051272 -0.0222529 -0.00160699 -0.00492922 -0.00486266 -0.00579517 -0.00189667 -0.00498812 -0.00959682 -0.00302508 -0.0121064 0.00175631 -0.0245853 -0.00875823 0.00786937 -0.00432768 0.00163802 0.00403473 -0.00725478 -0.00768343 -0.0118873 -0.00229013 -0.00611126 -0.0027203 -0.00458434 -0.00193651 -0.00798157 -0.0131181 -0.0154967 -0.0117659 -0.00921776 -0.00237494 -0.0104361 -0.000495173 0.0142567 0.0146627 0.000945038 -0.0149075 -0.00350359 -0.00122676 0.00297349 0.000558863 0.00260279 0.00134574 -0.00803302 -0.00770398 -0.00810809 -0.00359936 -0.00609239 0.000584135 0.00961003 0.000286796 0.00846754 0.00686154 -0.00230591 0.0116806 -0.01062 -0.0102371 -0.0040265 0.00338172 -0.013309 -0.00223985 -0.00263405 
0.00165012 -0.00586851 -0.0139373 -0.00504635 0.00405873 0.000781956 -0.00428135 -0.000304162 0.001953 -0.00824275 -0.000339854 0.00322499 -0.0101882 -0.00293256 0.00612075 -0.0111813 -0.0038464 -0.00763899 -0.0155507 0.00727612 0.000376631 0.00960956 -0.000784853 0.00347715 0.13758 -0.0107651 0.00209403 0.00804122 0.00694896 0.00625605 0.00709346 0.00123467 0.00321748 0.00307402 0.00609467 -0.00161385 -0.00486565 -0.005586 0.000499839 0.000259617 0.00126193 -0.00334601 -0.000200526 -0.00501213 0.00454805 -0.00298747 -0.00364479 -0.00285511 -0.00554264 -0.00462941 -0.00197684 -0.00285984 -0.00268342 0.00203448 0.00153939 -0.00290705 0.00671571 -0.00744552 -3.05217e-05 0.012665 -0.000289776 0.00627493 -0.00200422 -0.00015941 0.0048835 0.00153547 -0.00393293 0.00126269 -0.00792276 -0.00434945 -0.00240777 7.02103e-05 -0.00287214 -0.00060272 -0.0040434 0.00243574 -0.0028534 -0.00667549 -0.000785245 -0.00455284 -0.0155299 -0.00779167 -0.00196992 -0.00242681 0.000868011 -0.0034141 -0.012167 -0.0033036 -0.00599039 -5.22489e-05 -0.0195444 -0.0026064 -0.00418253 -0.000210016 0.00131644 0.00094172 0.00300745 0.00592875 -0.00115029 0.00467338 
-0.00377997 -0.0049779 0.000763742 -0.00265416 0.00635343 -0.00862858 -0.000199424 -0.0041475 -0.00902933 -0.000913434 -0.00226045 0.00192807 -0.0106358 -0.00634896 -0.00743623 0.00707795 0.00758505 0.00119796 -0.00143442 0.000888888 0.00335412 0.0038229 0.0078119 0.00576706 -0.0107651 0.139616 -0.000573558 -0.00177954 -9.41652e-05 0.00951934 -0.0040809 -0.00430623 -0.0021953 -0.00437435 -0.00555776 -0.00168655 -0.00116245 -0.00399648 -0.000892148 -0.00166844 -0.00710662 0.0018862 0.00202023 -0.000833496 0.000743039 -0.00287436 0.000777652 -0.00328133 -0.00281035 0.00159431 -0.0025666 -0.000515742 -0.000275047 0.00428012 -0.0036759 2.95731e-05 -0.000732916 -0.00353914 0.00159667 0.00691456 -0.00430584 -0.000976049 -0.00249759 -0.0091683 -0.0177518 -0.00838884 -0.000970154 -0.00511164 0.0031831 0.00371523 -0.0052337 0.00751182 -0.0126836 0.00366861 0.00624621 0.000182416 -0.00653961 -0.00737182 0.000724091 -0.00313387 -0.00147641 0.000549972 0.00136431 -0.0032669 -0.00501713 0.00431778 -0.00137489 -0.00544075 0.00547584 -0.00416371 0.00555129 -0.0031344 -0.00450988 -0.0117631 0.00362945 -0.00263552 0.0060861 -0.00681108 0.00156943 -0.00178739 
-0.00525745 -0.00642589 -0.00282939 0.00278637 -0.0017639 0.00101919 0.00169742 0.00571877 0.000889863 -0.00492406 -0.000862383 -0.00308459 -0.0050934 -0.0162822 0.0194073 0.00115952 0.00102557 -0.00024998 -0.00164365 -0.00413658 -0.0102506 -0.00326546 0.00372301 0.00912192 0.00209403 -0.000573558 0.128236 -0.0036481 -0.000639542 0.00686308 0.0030753 -7.28167e-07 -0.00276043 0.0059499 0.00152717 -0.00210124 -0.00562308 -0.00428197 -0.00629823 0.00305989 -0.00084904 0.00314059 0.000716606 -0.00326504 0.00068848 -0.000347894 -0.00155675 -0.000887274 -0.00575263 0.00240841 -0.00670314 -0.00279855 -0.00170801 0.00217808 -0.0052374 -0.00750601 -0.0065902 -0.000511915 -0.00060767 -0.00779574 -0.000266235 -0.000646661 0.000322699 -0.00596291 -0.00393425 -0.00352991 -0.00332825 -0.000800601 -0.00192011 -0.0015925 0.00231185 0.00125587 -0.0127272 -0.0144439 -0.00893169 -0.00284694 -0.00360109 -0.0030434 -0.000727448 0.00114363 -0.00418378 -0.00781872 0.00317152 0.00257549 0.00203206 0.0057135 -0.0012976 -0.0012805 0.00445987 -0.000363 0.00274284 -0.00151923 -0.0123374 0.000656226 0.00962396 -0.00530611 0.00256078 -0.00345769 0.00207898 0.00284572 
-0.00529935 -0.00231884 -0.0101533 0.00269428 -0.00651013 0.000670287 0.00131313 -0.00866566 -0.00624498 0.00391063 -0.00404795 -0.0107641 -0.0128325 -0.00941239 -0.00308993 0.00517354 -0.000356172 -0.00734847 -0.00951498 0.0121997 -0.0150829 -0.00406891 0.0087951 -0.000642676 0.00804122 -0.00177954 -0.0036481 0.147035 0.0140277 0.00204722 0.00891278 0.00399394 0.00148599 0.00318806 0.003749 -0.0022001 0.00900408 0.00144967 0.00269606 -0.00446536 0.00280556 -0.00208484 0.00547638 0.000551803 0.00013723 -0.00155541 -0.00306008 -0.00539568 -0.00433404 0.00897284 0.0021151 0.00148693 0.00450347 0.00262099 0.0135926 -0.00461019 0.00128768 -0.00842244 0.0014237 0.00749316 -0.00729899 -0.0037429 0.00169695 -0.00384232 -0.00682477 0.00119544 -0.00735174 -0.00537163 0.000723279 -0.00280607 -0.00330239 -0.0210102 0.000867085 -0.0199939 -0.00286133 0.00018755 0.00551848 0.00894971 -0.00150696 -0.00137391 -0.00944799 -0.00658248 0.000513606 0.0101001 0.00900942 0.00655457 -0.00629885 -0.00205677 -0.0192887 0.00341065 -0.017987 -0.0030083 -0.00366306 -0.0171812 0.00633223 0.00367119 -0.0144032 -0.00113585 -0.00174454 -0.00359116 
-0.00273887 0.000809718 -0.00400447 -0.000201339 -0.00265009 0.0140841 -0.00444116 0.00590402 0.00364133 -0.0055106 0.000110246 -0.00553313 -0.0079454 -0.0117068 -0.00999269 0.00189329 -0.00312391 -0.00496581 -0.00905281 -0.00235975 -0.000993532 0.000333429 0.000425914 -0.00112314 0.00694896 -9.41652e-05 -0.000639542 0.0140277 0.128419 0.00341876 0.0187899 0.0021815 0.00103027 3.34357e-05 0.000532136 -0.00172745 0.000248352 0.00634427 -0.00291703 -0.00151175 -0.000609887 -0.0027774 0.000332108 -0.00336257 -0.00173944 -0.00559324 -0.0033972 -0.00390349 -0.00416342 -0.00288257 -0.00146687 0.000444534 -0.00158698 0.00112953 0.000821523 -0.00178199 0.00687105 -0.00477785 -0.00106715 0.00810036 -0.00228214 -0.00302471 -0.00143624 0.00148065 0.000681891 -0.00341786 -0.00393711 -0.000157894 -0.00682375 -0.00307025 -0.00451947 -0.00382661 0.0152442 -0.00663101 -0.000538468 -0.00384096 0.000595315 -0.00423558 0.00902755 -9.32437e-05 -0.0142121 -0.0023217 0.00336766 -0.0012936 -0.00285831 0.000349926 -0.0111268 0.0124515 -0.0112119 0.000714689 -0.0176283 0.000419927 -0.00740837 -0.0041852 -0.00453309 -0.00219893 -0.0101096 -0.00212108 -0.00533394 -0.00448655 
0.000755428 -0.00478413 -0.00227227 0.000307202 0.00290657 -0.00953138 -0.00404652 -0.000909329 0.00244557 0.00109779 0.000831131 0.00159551 -0.000457229 -0.00287971 -0.000934179 0.00377663 0.00229667 0.00157459 -0.0024458 0.000166814 -0.0100344 0.00689373 0.000799647 0.00903108 0.00625605 0.00951934 0.00686308 0.00204722 0.00341876 0.0997829 0.00151688 0.00243912 -0.00178945 0.00137689 0.000125408 -0.000616165 -0.0014731 -0.00410489 -0.00377752 -0.00221464 -0.000979547 -0.00256002 -0.00384246 -0.00276298 -0.00141615 -0.000335794 0.000269564 -0.00379587 -0.00259287 -0.00431991 -0.0023791 0.00214272 -0.00272677 -0.00258867 -0.00267949 -0.00391004 -0.00111078 6.95064e-05 0.000207812 -0.00565449 -0.000499367 1.45867e-05 -0.000672689 -0.00334846 -0.00387563 0.000925355 -0.00286233 -0.00423854 -0.00467449 -0.00127871 0.000806352 0.0015015 -0.00222057 -0.00836122 -0.00245835 -0.00529034 0.000162382 -0.00691565 -0.0034389 -0.00120533 -0.00041237 -0.00356457 -0.00219073 0.00552915 -0.00155194 0.000778026 -0.00172272 -0.00466779 -0.00700208 -0.00168401 -0.0060201 0.00205282 -0.00277744 -0.00786269 0.00137692 -0.00157458 0.00769977 -0.00338489 -2.84566e-06 0.000324491 
0.00018015 0.00147115 0.000323805 0.00352344 -0.00470234 0.00424133 -0.00520396 -0.0041126 -0.00126477 0.00190821 0.00403791 -0.00771466 0.00134885 -0.00930884 0.0103457 0.00160651 -0.000499562 -0.00584448 -0.00890588 0.00574387 -0.0145076 0.0042913 0.00633328 0.0144885 0.00709346 -0.0040809 0.0030753 0.00891278 0.0187899 0.00151688 0.148422 -0.00144092 0.00153691 0.00698105 0.00026069 -0.00060669 -0.00102048 0.00334156 -0.00994853 0.00235559 -6.65335e-05 -0.00550444 -0.00368578 -0.00325603 -0.000604426 -0.00267112 -0.00278832 -0.00600952 0.00571644 -0.00480427 2.02715e-05 0.00020654 -0.00273477 0.000424788 -0.00195239 -0.0060961 0.00285995 -0.00190075 -0.000381557 -0.0135005 -0.00188501 -0.000547586 -0.0024441 -0.00580469 0.00298398 -0.00860797 0.00167184 -0.00136966 -0.00771203 -0.00425115 -0.00493764 -0.00123478 0.015229 -0.00884196 -0.013217 0.00676847 -0.00118222 0.00236114 -0.00700052 -0.00193859 -0.00569365 -0.00214464 -0.00506232 0.00259337 -0.00344118 -0.000808055 -0.00989858 4.1491e-06 -0.0174029 0.00193183 -0.0137278 0.00110714 -0.0080559 -0.0111842 0.00299478 -0.00538819 -0.00787244 -0.00703584 -0.00443485 -0.000759652 
0.00506428 -0.00378179 -0.00283761 0.0010163 -0.00218188 -0.00161782 -0.00172175 -0.00301277 0.000899619 -0.00208152 -0.000539614 -0.00158075 -0.00452831 0.00120413 -0.00408614 -0.00407491 -0.00299289 0.000806084 0.00106164 0.000685348 0.00328773 0.00160332 -0.00588292 -0.00978566 0.00123467 -0.00430623 -7.28167e-07 0.00399394 0.0021815 0.00243912 -0.00144092 0.0715561 0.00435705 0.0034005 0.00769441 0.00207185 0.00202676 0.00116518 0.000616774 -0.000750736 0.00233234 0.000257807 -0.00158007 -0.00236404 -0.00108468 -0.00148295 0.000490852 0.00532762 -0.000736413 -0.0022088 0.000218075 -0.00137908 0.00110538 -0.0021453 -0.0047867 0.00155658 -0.00212775 -0.00443108 0.000696905 -0.00116306 0.000441858 -0.000131102 0.00053689 0.00238948 0.000831876 -0.00172566 0.00111675 0.00263357 -0.00731525 -0.00103499 0.00152963 -0.00195965 -0.00470095 -0.00382115 0.00013755 -0.00266035 0.000523507 -0.00165936 3.37609e-05 -0.00106224 0.000962762 -0.00277568 -0.00281786 -0.000359253 0.00185549 -0.00263476 -0.000885136 -0.00330176 -0.00532459 -0.00411097 -0.00272125 0.000762073 -0.00100934 0.00300858 -0.00304595 -0.0031017 -0.00219037 0.00010571 -0.00235027 -0.00182691 
0.00486122 0.000159027 -0.000789725 0.000527999 -0.00235606 -0.00429586 -0.000923534 -0.00123351 0.00110244 -0.00427259 -0.00121391 0.000511425 -0.00338555 -0.00156078 0.0018283 0.000574117 -0.00157278 -0.00172466 -0.00341268 -0.0024452 -0.000560771 0.000304389 -0.000417021 -0.00172634 0.00321748 -0.0021953 -0.00276043 0.00148599 0.00103027 -0.00178945 0.00153691 0.00435705 0.068634 0.00189885 0.00107909 0.00029809 -0.000372271 -0.00117409 -0.00140816 0.00102035 0.00159798 -0.000474742 -0.00277807 -0.00106961 -0.00149688 -0.00133824 0.000526539 -0.00135526 0.000556221 0.000202533 -0.00104086 -0.00135833 -0.00268565 -0.00187778 8.45634e-05 0.00101212 -0.000641227 -0.00419143 0.000354296 -0.00588152 0.000399979 -0.00142571 0.000604735 0.000609198 0.00415226 -0.00407775 0.00131279 -0.00183066 -0.0065744 -0.000680692 0.003865 0.00276876 0.00178863 0.00172918 -0.00134575 -2.78135e-05 -0.000760227 -0.00412459 -0.00200827 -0.000504833 0.00613078 -0.000201536 -0.000421249 -0.0021316 0.000808916 0.000132012 -0.00543262 0.00230794 -0.00311316 -0.001804 -0.00810976 0.000201575 -0.00549481 -0.00429552 -0.000834214 -0.00113349 0.000343188 -0.00297881 0.000772252 0.000403274 
0.00204631 -0.00595653 -0.0059999 0.000816967 -0.00178509 -0.00802231 -0.00402375 -0.00337139 -0.00148821 -0.00368163 0.000570936 0.000214847 -0.000859913 -0.00944056 0.00120889 0.00360039 -0.00443153 -0.00280601 -0.00318928 -0.000250557 -0.00324676 0.0108482 -0.00434981 -0.0032723 0.00307402 -0.00437435 0.0059499 0.00318806 3.34357e-05 0.00137689 0.00698105 0.0034005 0.00189885 0.0904883 0.00125055 0.00478123 -0.00209654 -0.00176401 0.010379 0.00304463 0.00153847 -4.67171e-05 0.00234948 -0.00315008 0.000367939 -0.00372012 -0.00326604 0.00306221 0.00177156 -0.00091263 -0.000931085 -0.00177563 0.00108467 5.82752e-05 0.00228017 -0.00214272 -0.00315779 0.00122517 0.000574205 -0.00314734 0.00437877 0.00266215 0.000752279 -0.00193103 0.00168711 -0.00206438 -0.0039272 0.000490809 -0.00342353 0.00238463 -0.00430012 -0.00307872 0.00198247 -0.00330196 -0.00321946 -0.000924504 0.000793607 0.00633524 -0.00562603 -0.000325074 -0.00636027 -0.0042281 -0.00146652 -0.00429887 0.000979344 -0.001909 -0.00703727 -0.00620526 -0.00665514 0.00369558 -0.00885363 -0.00178879 0.000811063 -0.00601069 -0.00124578 -0.00310517 -0.00599641 -0.00169555 -0.0029126 0.00213348 
