0.0725994 0.00443457 0.00146194 0.000118994 0.000628669 0.00209573 0.00439931 0.000352639 0.00300969 -0.00100489 0.00530926 0.00187349 -0.00252445 0.00309156 0.0022231 -0.00189905 -0.00474906 0.00773588 -0.00151619 -0.00326109 -0.00272864 -0.00501783 0.00143517 -0.000716343 -0.00446789 -0.00179854 -0.002501 0.000100109 -0.00124119 -0.00158506 0.00622122 0.00148695 -0.00460155 -0.00290641 -0.00321158 -0.00262055 -0.00649112 0.000834139 -0.000523615 -0.00371474 -0.00234076 0.00391696 -0.00256643 -0.000109512 -0.000160654 0.00141719 0.000476448 -5.92112e-05 -0.0031468 -0.00345281 -0.00150458 -0.00223788 -0.000668963 -0.00168879 0.000763014 -0.00028829 -0.000667392 -0.00120842 -0.00230317 0.00164869 -0.0012295 0.000630363 0.00103596 -0.001537 -4.91099e-05 -0.0058778 -0.00397597 -0.000373724 -0.00337504 -0.00240734 -0.00144626 -0.00252375 0.00455775 -0.00110145 -8.33056e-05 -0.00211665 0.00267151 -0.000897551 -0.00314051 -0.00405699 -0.000163061 -0.00593672 0.00052231 -0.000225571 -0.00160177 -0.00277358 -0.00663064 0.000249112 0.00193172 -0.00595284 0.000857237 -0.00272381 -0.00274972 -0.00582606 0.00120291 0.00132176 0.00128785 -0.00183957 0.00106407 0.00713303 
0.00443457 0.137925 0.00798325 -0.0020065 0.00144006 0.0111164 0.0076391 -0.00332257 -0.00051011 -0.00360841 0.0127469 0.00704793 -0.0115369 -0.00457069 -0.00149587 -0.00507586 -0.0110894 0.00463603 -0.00813446 -0.00542107 0.000345408 -0.00889313 -0.00131531 -0.00335976 -0.00635224 -0.00513627 -0.00695912 -0.0082474 -0.00443208 0.00378838 -0.00594572 -0.000879923 -0.0052399 -0.00293762 0.00171236 -0.00114151 0.00499907 -0.000369743 -0.00174002 -0.00462601 -0.00916349 0.00591072 -0.00407168 -0.00346575 0.000784989 -0.00235041 0.000130242 0.00222352 -0.00392654 -0.00444037 0.00186788 -0.00312189 -0.00766379 -0.00515054 0.00471191 -0.00105591 -0.00358397 -0.00156606 -0.012138 -0.00676127 -0.00364143 1.68133e-05 -0.00112717 -0.00207062 -0.00586731 -0.00131917 1.67939e-05 0.000389774 0.00757911 -0.0103263 -0.000236239 8.2724e-05 -0.0013095 -0.00823099 -0.00159334 0.0113415 0.00407742 -0.00104433 -0.0106691 -0.00794686 -0.0027052 -0.00448161 -0.00106072 -0.00186894 -0.00415271 -0.011651 -0.006748 -0.00363243 -0.00273704 0.00691089 0.0176665 -0.00251814 -0.00207028 0.00240172 0.00839809 0.00230371 -0.000488448 0.00225612 0.00501052 0.00240834 
0.00146194 0.00798325 0.0920016 0.00274858 0.000808064 0.00663852 0.0145945 0.00529005 0.00131989 0.00175155 0.00232077 -0.00137343 -0.00398789 -0.00248467 -0.00505183 -0.00035246 0.00115756 0.00302186 -0.00236202 -0.00357894 -0.0037518 -0.00356514 -0.00279879 0.00460211 -0.00200094 -0.00589259 -0.00114993 -0.00529729 -0.00107073 -0.00414278 3.82546e-05 0.00450093 -0.00245483 -3.82493e-05 -0.00177362 -0.000689053 -0.00379626 0.000368787 -0.00076167 -0.000823253 -0.00817947 -0.00328368 -0.0077539 -0.00118895 0.000749807 -0.00469337 -0.000810377 -0.0056274 -0.00532621 -1.65531e-05 0.00250618 0.00111306 0.000235455 -0.000544028 -0.00127108 -0.00259097 -0.00278338 -0.00147585 -0.00579117 -0.000606061 -0.00139604 -0.00185897 -0.00171932 0.000524906 -0.000349037 -0.00406108 -0.00416089 0.000333874 -0.00588028 -0.00753319 -0.000736704 0.000223865 0.000880011 -0.00179989 -0.000759123 0.00148222 -0.0077166 -0.0025692 -0.000964762 -0.00145214 -0.00297562 -0.00808853 -0.00143521 -0.00683955 -0.0030979 -0.00745915 -0.00459513 -0.00145389 0.00459709 0.00115305 0.0103134 -0.00249791 -0.00350812 0.00116727 0.0159746 0.00320911 -0.000142702 -0.000646907 0.00363349 -0.00186719 
0.000118994 -0.0020065 0.00274858 0.0944129 0.00101787 0.000286967 -0.00632485 0.00130464 -0.00459761 -0.000750157 -0.00557888 0.00303824 0.00496946 -0.00073749 -0.00738841 0.00135892 0.00254267 -0.000912836 -9.25907e-05 -0.00313844 -0.00560017 0.0014351 0.00227555 0.00303605 -0.00251725 0.000677741 -0.00188529 -1.61484e-05 -0.00106807 0.00116204 0.000234818 0.00229394 -0.00231952 0.000762839 -0.00794447 0.00633441 -0.00702124 0.00299335 -0.000653428 -0.00156754 0.0013449 0.0012957 0.00273144 -0.00170846 0.00437876 -0.00179395 -0.00157229 -0.00679648 -1.67045e-05 -0.00304024 -0.00183979 0.00270065 0.000890089 0.00314971 -0.00132389 -0.00298021 -0.000156254 0.000539723 0.000585174 0.00293105 -0.0037169 -0.00199648 -0.00200719 0.00125044 0.00106691 -0.00182062 -0.00167681 -0.00266978 -0.00816511 -0.00617825 -0.00551129 -0.00182734 0.00485176 -8.14481e-05 -0.00159086 -0.00342079 -0.00627798 0.000688739 -0.00122334 -0.00639532 -0.00140855 -0.00689084 -0.000223248 -0.0127064 -0.00143831 0.000718771 0.00937804 0.00391608 -0.000640821 0.00128567 -0.00214097 -0.00510798 -0.00148476 0.00349246 -0.00775128 0.00109346 -0.00158044 -0.000781361 0.00016693 -0.00139786 
0.000628669 0.00144006 0.000808064 0.00101787 0.143476 -0.0114758 0.00369695 0.00671991 -0.00365435 0.0060481 0.00760558 0.00743191 -0.00449801 -0.00748423 0.00791162 -0.00427751 0.00038934 0.00623127 -0.00366269 -0.00147211 -0.00325799 0.00572393 -0.0109306 0.00421291 -0.0016741 -3.79323e-05 -0.00452267 0.00248952 -0.00288512 -0.00331102 -0.00305525 -0.000346608 -0.00355303 -0.00715487 0.00138478 -0.00268631 -0.0168467 -0.00185965 -0.00043796 -0.00449531 0.00168841 0.00498346 0.00251688 -0.000240058 -0.00341404 0.010535 0.00049365 -0.00246089 -0.00599802 -0.00384498 -0.00136891 0.00297703 -0.00724418 -0.00389841 -5.77947e-05 -0.00327108 -0.000610708 -0.00275141 -0.00806899 -0.00540307 -0.00575336 -0.000983858 -0.00105058 -0.00269519 -0.000640672 0.00927503 -0.00786975 0.00223306 0.00179966 0.00165822 -0.00378787 -0.00242554 -0.00275877 -0.00466454 -0.00189754 -0.0111252 -0.0142917 0.000684264 0.00528406 -0.0158756 0.00137572 -0.00275085 -0.00193517 -0.00067631 0.00122573 -0.00149886 0.0127287 -0.000502817 -0.00754667 -0.0026822 -0.00710465 0.00238607 -0.000866463 -0.00282142 0.00115325 -0.00194187 0.00132077 -0.00766972 -0.00388545 -0.00162053 
0.00209573 0.0111164 0.00663852 0.000286967 -0.0114758 0.170962 0.0145379 0.0104226 0.011723 0.00397623 -0.00236053 0.00545619 -0.0131741 0.00974176 -0.0112233 -0.000564336 0.00101338 -0.0063803 -0.0119496 0.00692185 0.00645619 -0.00787708 -0.00279838 -0.00708299 -0.00556618 -0.00446441 -0.00131576 -0.0148483 -0.00716726 -0.00358146 -0.00876971 0.00506306 -0.0170609 -0.00404113 -0.00226912 0.000166326 0.00355366 -0.00418862 -0.00114031 -0.00559511 -0.0195505 -0.0121661 -0.0119671 0.000922346 0.00794438 -0.00546119 -0.00482259 0.00702516 0.00180915 -0.00165628 -0.00170189 0.00528735 -0.00668171 -0.000521293 -0.00988367 0.00390781 0.0014213 0.000359526 -0.0066523 -0.00373653 0.00164667 -0.00520136 -0.00223474 -0.00126064 -0.00308293 -0.00845283 -0.00772208 -0.00494521 -0.00859271 0.00220098 -0.0037928 0.00531633 -0.00229329 -0.00318297 0.00306093 0.00203518 0.0208374 -0.00258381 -0.00733005 0.0181822 -0.00773256 -0.00470083 0.00168533 0.00703103 -0.0103274 0.005498 -0.0154761 -0.00652394 -0.0013544 -0.0146327 0.00887365 -0.0195362 0.00255289 0.00812104 0.0131881 0.000656078 -0.00217349 -0.00892422 -0.00221083 -0.00573045 
0.00439931 0.0076391 0.0145945 -0.00632485 0.00369695 0.0145379 0.196764 0.0081766 0.0127598 0.00817086 -0.00916047 0.00910359 -0.0192234 -0.00689265 -0.0143699 -0.00329257 -0.00115867 -0.000822995 -0.00302489 -0.00398607 -0.00105587 -0.00698103 -0.0125006 -0.00394113 -0.00252207 -0.000817535 -0.00227419 -0.00381194 -0.000347757 -0.00493511 -0.00547584 -0.00235051 -0.00912758 -0.0130887 -0.0053142 -0.0150397 0.00463983 -0.00278669 -0.00601023 -0.00691538 -0.0049231 0.00531143 -0.0140069 -0.0115348 -0.00654789 0.00168617 -0.00230652 0.00179722 -0.00727251 -0.00890543 0.00885612 -0.000444357 -0.00397451 -0.0126639 0.00555461 0.00301758 -0.00315164 -0.00577656 -0.00686331 0.00331831 -0.00520578 -0.00475063 -0.00302389 0.000281987 -0.00635513 -0.0147022 -0.00993942 -0.00583245 -0.00524272 -0.00829608 -0.012433 -0.00669734 0.00112801 -0.0170913 -0.00505152 0.0280856 0.0266384 -0.0080351 -0.00456405 -0.00371699 0.00746616 -0.00501378 -0.00366512 0.0120464 -0.0128543 -0.0120269 -0.0125361 -0.0124152 0.0284511 -0.00834758 0.0220955 -0.00459562 -0.00276757 0.00271947 0.0180977 0.00291651 0.000216846 -0.0113371 0.00587249 -0.00161911 
0.000352639 -0.00332257 0.00529005 0.00130464 0.00671991 0.0104226 0.0081766 0.120902 0.0146547 0.00582577 0.0012853 0.00176359 -0.00416583 0.00157626 -0.00479722 -0.00428107 -0.00462129 -0.000136822 -0.00263835 -0.00889428 0.00203038 0.000344052 -0.00555442 0.000294692 0.00073663 -0.000779731 -0.00340352 0.00215655 -0.00166263 -0.00546625 0.00109426 -0.00296248 -0.00400918 -0.00485514 -0.00326161 -0.00199329 -0.00864613 -0.00205509 0.000284928 -0.0105585 0.000263754 0.00106063 -0.00973416 0.00266032 0.000781075 0.0051553 -0.00279051 0.00294059 -0.0003278 -0.00394959 -0.000788894 -0.00290027 -0.00123196 -0.00661903 -0.00149381 -0.00495951 0.000355276 -0.00278781 3.49717e-05 -0.00258299 -0.00159653 -0.0015596 -0.00115252 -0.00191691 -0.00262138 -7.44042e-05 -0.00766616 0.000269615 -0.00448227 -0.00342249 0.00487195 -0.00262726 -0.00405158 -0.00228557 -0.00456145 4.99894e-05 -0.0010384 -0.00322171 -0.0100203 0.00363541 0.00105413 -0.00271973 -0.000833579 -0.00724891 0.000423413 -0.015732 -0.00306954 -0.00169112 -0.00122019 0.00114211 0.00520824 -0.00581067 -0.00237099 -0.00550089 0.0136433 0.000988839 0.000664508 -0.00244061 0.00116666 -0.00241689 
0.00300969 -0.00051011 0.00131989 -0.00459761 -0.00365435 0.011723 0.0127598 0.0146547 0.157864 -0.00609547 0.00190312 0.000125753 -0.000227596 0.00752378 0.00493508 0.000878675 -0.00397185 -0.00763733 -0.00649008 -0.00644933 0.00263425 -0.00609638 -0.011459 -0.00755633 -0.00481954 -0.00381759 0.000106644 -0.00298097 -0.0037387 -0.00212976 0.000652876 -0.00131659 -3.56785e-05 -0.00199878 -0.00739552 -0.00257334 0.00571603 0.00514404 -0.00193992 -0.0111658 -0.00100533 0.00635025 -0.00695601 -0.002114 0.00503554 0.00420686 -0.00655697 0.00284169 0.00706963 -0.00454326 -0.00271118 0.00491716 -0.00158973 -0.00533627 -0.00369208 -0.00612272 -0.00591144 -0.00324644 -0.00669869 -0.0093681 -0.0116228 -8.73387e-05 -7.37619e-05 0.0044163 0.0032809 -0.00367529 -0.000122833 0.00521757 -0.0154203 -0.00340297 -0.000994989 0.00258037 -0.00773086 -0.000499036 -0.00717947 -0.00516284 -0.00652631 0.000500309 0.00683322 0.00147867 0.00435648 0.00170159 -0.00178975 -0.00498895 0.0100965 -0.0167584 -0.0091587 -0.00583378 -0.00650697 0.00507444 0.00551121 -0.00336845 -0.00492932 -0.00710717 0.00263495 -0.00372378 0.000509158 -0.00828061 0.00126902 -0.00737855 
-0.00100489 -0.00360841 0.00175155 -0.000750157 0.0060481 0.00397623 0.00817086 0.00582577 -0.00609547 0.0931412 -0.00335118 0.00246055 0.00234277 0.00173773 0.00148923 0.000124392 0.00552326 0.00282221 -0.000280333 0.00214714 -0.00139129 -0.00557731 -0.00661455 1.74818e-05 -0.00320672 -7.37667e-05 -0.00359441 -0.00316225 -0.000984293 -0.00422575 -0.00579316 -0.0024186 0.00030629 -0.00531277 -0.0036566 -0.00163899 -0.00795821 -0.000573757 0.000894742 0.00102834 0.00233112 0.00434265 7.06137e-05 -0.00156646 -0.00619896 -0.00217277 -6.8046e-05 0.000539209 -0.00446731 -0.00545234 -0.00462078 -0.00519853 -0.00520214 -0.00064086 0.00203957 0.00251974 8.17844e-05 6.95526e-05 -0.00180444 -0.00246197 -0.000115558 -0.00248224 -0.00279718 -0.00154913 -0.000487863 -0.00341745 -0.00358096 -0.00188112 -0.00525468 0.000128099 -0.00181494 0.00211803 0.00570468 -0.00556353 -0.000559619 0.00200766 0.00671649 -0.00243199 -0.000972158 0.00316838 -0.00196155 -0.0055093 -0.000612263 0.00633136 -0.00452493 0.000928983 -0.00597721 -0.00615739 0.000321859 -0.000832768 -0.00179517 -0.00451006 0.000956375 -0.00684926 0.00526297 -0.000909597 0.00248329 -0.00370915 0.00153378 -0.00207951 
0.00530926 0.0127469 0.00232077 -0.00557888 0.00760558 -0.00236053 -0.00916047 0.0012853 0.00190312 -0.00335118 0.200762 0.00132811 -0.000791999 0.00077327 0.0289842 -0.00602169 -0.0100661 0.00460525 -0.0139047 -0.00551093 0.00747369 0.000919495 -0.00331593 -0.000673558 -0.0137658 -0.00688421 0.00014868 -0.00994401 0.00214322 -0.00295615 -0.00428667 -0.00251317 0.00522814 -0.00953167 0.0167958 -0.00966861 -0.0194368 -0.00140885 -0.00257682 0.00934607 0.00726215 -0.000565562 -0.00368253 -0.00757209 0.00722796 0.000789127 -0.00119964 0.00301291 0.00382197 0.0115732 0.00188102 0.00139419 -0.000269913 -0.00333126 -0.0039294 -0.00494217 -0.00841007 -0.00331094 -0.00884383 -0.00796627 -0.0179838 -0.000941675 -0.00338973 -0.00673619 -0.00968357 -0.0074601 -0.0109071 0.0150629 0.011387 -0.0158367 0.00459824 0.000867904 -0.00469888 -0.00272441 -0.00331517 -0.0303487 -0.0145218 -0.00439688 -0.0143767 -0.00813293 -0.00607076 -0.00611556 -0.00130352 0.00598668 -0.000647643 -0.00806971 -0.0013438 -0.0158055 -0.00837422 0.00404124 -0.0036676 -0.00016678 -0.00810608 -0.0116073 0.0190172 0.00316515 0.0018258 0.00502564 0.00317982 0.00366605 
0.00187349 0.00704793 -0.00137343 0.00303824 0.00743191 0.00545619 0.00910359 0.00176359 0.000125753 0.00246055 0.00132811 0.117172 0.00160326 -0.000379548 -0.0108772 -0.00467763 -0.00626685 -0.00113045 0.00357133 0.00193551 0.00277859 0.0072588 -0.00290665 -0.00464491 -0.00634758 0.0060011 -0.00583416 0.000894886 -0.000923426 -0.00317051 -0.0027511 -0.000113428 -0.00194246 0.000984168 -0.0036537 -0.000791312 0.00320381 0.000980894 0.00272176 -0.0039548 -0.0107546 0.00626634 -6.04743e-05 -0.00563028 0.000356152 0.00215015 -0.00277362 -0.00443359 -0.00163147 -0.0047196 -0.00141258 -0.00478387 -0.00366897 -0.00138889 -0.00341964 -0.00253673 -0.00363315 -0.00194932 -0.00748977 -0.00563989 -0.0044466 -0.00320399 -0.00120045 -0.000369187 -0.00280301 -0.00745625 -0.00480378 0.00179906 -0.000693317 0.00244599 -0.0033804 0.00280679 -0.000738159 -0.00604304 -0.0050965 0.00798316 0.00261937 -0.00100594 -0.00121176 -0.0021932 -0.000569432 -7.76354e-05 -0.00279308 -0.00321364 -0.00557733 -0.00116462 0.0032652 -0.000977659 0.000700613 -0.00509456 -0.00284884 -0.0070089 -0.00169484 -0.00540324 -0.000104203 -0.0026271 -0.00309253 -0.00189406 0.000459237 -0.0031343 
-0.00252445 -0.0115369 -0.00398789 0.00496946 -0.00449801 -0.0131741 -0.0192234 -0.00416583 -0.000227596 0.00234277 -0.000791999 0.00160326 0.149893 0.00405603 -0.00865797 0.0121302 0.000394912 -0.0134965 -0.00470636 0.00852165 -0.0143622 0.00632063 -4.95331e-05 0.00296296 -0.00420771 -0.000941435 -0.000726272 -0.000922511 0.00167879 0.00200868 0.00828997 0.00504428 0.0031321 -0.00752988 -0.00749456 -0.000279674 -0.00159669 -0.00478562 -0.00194093 -0.00347568 -0.00147791 -0.00415075 0.0057402 -0.000849892 -0.00565894 -0.000754669 -0.00629263 -0.00667674 -0.0025633 -0.00213783 -0.0104362 -0.0117709 0.0109547 0.00660115 -0.0020992 -0.0021076 0.00303814 0.00114781 0.00764343 -0.00496406 0.0138703 -0.00308675 -0.00163077 0.00375661 -0.00367229 -0.00496231 -0.00113593 -0.00171157 -0.00807098 0.00488448 -0.0028997 -0.00240572 0.00433194 0.00175122 -0.00380009 -0.0107867 -0.00998432 -0.00242053 -0.00399072 0.00204972 -0.00636072 0.00473538 -0.000213797 -0.00782475 -0.00108474 -0.00699958 0.00500412 -0.00728301 -0.0106901 0.00771914 -0.011534 0.0112705 0.000376472 0.00938543 -0.00821184 -0.0019008 -0.00175811 0.00606927 0.00144911 -0.00346366 
0.00309156 -0.00457069 -0.00248467 -0.00073749 -0.00748423 0.00974176 -0.00689265 0.00157626 0.00752378 0.00173773 0.00077327 -0.000379548 0.00405603 0.100573 0.00177743 -0.00108573 0.012858 -0.00153344 -0.0064784 -0.000362136 -0.00310591 -0.00528828 -0.00167893 -0.00265355 0.00220792 -0.00140933 0.00101722 -0.00934455 -0.00450623 -0.000963342 0.00411528 -0.000792493 -0.0062102 -0.00778124 -0.00391508 0.00154664 0.00372388 0.00319169 0.00118731 0.000688276 -0.00352685 -0.00418709 -0.00228876 0.00675381 -0.00226185 -0.00203494 -0.00443503 -0.00144137 0.00362424 -0.0047371 -0.00410261 0.00374243 0.00207463 0.0046868 -0.00238817 -0.00256085 0.000639916 0.00047527 -0.000587344 -0.00500366 0.00332975 -0.00342621 0.000429777 0.000854056 0.0028003 -0.00817701 -0.00636471 0.00308495 -0.0100781 -0.00299285 0.00115718 -0.00187788 -0.00078224 -0.000927205 0.00269721 0.00363418 0.00215572 -0.00435974 0.000729608 0.000901009 -0.00230412 -0.00702893 -0.00116861 -0.0010458 -0.0031056 -0.00701112 -0.00442403 -0.00254015 -0.00175468 -0.00792374 -0.00848033 0.00244859 -0.00135467 -0.000500033 0.00356346 0.00165693 -0.00248843 -0.00127087 -0.001175 -0.00105122 
0.0022231 -0.00149587 -0.00505183 -0.00738841 0.00791162 -0.0112233 -0.0143699 -0.00479722 0.00493508 0.00148923 0.0289842 -0.0108772 -0.00865797 0.00177743 0.179271 0.00587035 0.00145299 0.0127856 -0.0115263 -3.94611e-05 -0.00443432 -0.0119159 -0.00677471 -0.0162967 -0.000523636 -0.00348506 -0.00966546 -0.0127362 0.00750555 -0.00272204 0.00194752 -0.00162207 0.00418769 -0.00895979 0.0136462 0.00448602 -0.025994 -0.00211487 -0.0028761 -0.0080212 0.000128319 0.00661443 0.000637738 0.00414049 0.0105109 -0.00363454 -0.0030737 -0.011788 0.00206907 0.00923012 -0.00103418 -0.00634614 -0.00446539 -0.00527845 -0.00365879 -0.00323731 -0.00188408 0.0035115 0.00344662 -0.000581032 -0.0105462 -0.00281709 9.9907e-05 -0.00430576 0.00472564 -0.00835019 -0.00992875 0.00885102 0.00554358 -0.00352083 0.0113873 -0.000847607 -0.00615924 -0.00528702 0.0104329 -0.0233911 -0.0143978 0.000587607 0.00963783 -0.00645407 -0.0027653 -0.00795675 -0.00264309 -0.0011532 0.00818053 -0.018354 -0.00619512 -0.00552939 -0.00952026 0.00262671 0.00211606 0.00897399 -0.00266147 -0.00978702 0.00907504 0.00502369 -0.000738647 -0.00566273 -0.000126767 0.0016255 
-0.00189905 -0.00507586 -0.00035246 0.00135892 -0.00427751 -0.000564336 -0.00329257 -0.00428107 0.000878675 0.000124392 -0.00602169 -0.00467763 0.0121302 -0.00108573 0.00587035 0.1456 0.0133461 0.00257985 -0.00189886 0.0081527 -0.00835278 0.00670594 0.000259628 -0.00419891 0.00419011 -0.00193378 -0.00734891 0.00600221 -0.00175091 -0.00391934 -0.000327897 -0.0013455 -0.00440807 -0.0102387 -0.00866331 -0.00192654 -0.00838813 -0.00164653 -0.0015226 -0.00719228 -0.00305798 -0.00173263 -0.00520474 0.0023133 -0.0043748 -0.00644394 0.00194361 -0.00415937 -0.00706218 -0.0124951 -0.00910836 0.00206571 -0.00310292 0.00324802 -0.0017779 -0.00248999 -0.000131564 -0.00289833 -0.00151641 0.000583618 0.00049644 -0.00284758 -0.00583051 -0.000415815 0.00414834 0.00588322 0.00203471 -0.00480493 -0.00970097 0.00606415 -8.77575e-05 -0.000494601 -0.00789453 -0.000133581 0.00497412 -0.00994105 -0.0109543 -3.58303e-06 -0.00221914 0.000862309 -0.00536595 -0.00594849 -0.00182658 -0.0122318 0.0036111 0.00374045 0.000566624 -0.00078614 0.0011572 -0.00558988 -0.0104431 0.00257497 0.000997355 0.0010464 0.00702508 0.00197749 -0.00321394 -0.00119971 0.00795364 0.00161423 
-0.00474906 -0.0110894 0.00115756 0.00254267 0.00038934 0.00101338 -0.00115867 -0.00462129 -0.00397185 0.00552326 -0.0100661 -0.00626685 0.000394912 0.012858 0.00145299 0.0133461 0.132877 0.00977243 -0.000352027 0.00287898 -0.00313322 0.00366797 0.00118417 0.00147874 0.000680202 -0.00427001 -0.00648072 -0.00339779 -0.00587391 -0.00487092 -0.00542887 0.00629197 -0.00848135 -0.0103497 -0.0099523 0.000954652 -0.0172739 0.00476657 -0.000242655 6.30469e-05 -0.00577546 -0.0102079 -0.00830893 0.00483192 -0.00159436 -0.00622747 -0.00162627 0.00387436 -0.000490281 -0.00438163 -0.00678683 0.000860756 -0.00033036 0.00683042 -0.00203796 0.00168136 -0.00138533 0.00114564 -0.00423178 -0.00318429 0.00199554 -0.00624363 -0.00110234 -0.00144881 0.00845167 0.0110549 -0.0053307 0.0039515 -0.00802982 0.00537829 -0.00206641 0.00106666 0.00532203 -0.000960312 0.00602494 -0.0128037 -0.00899672 -0.00817952 0.00108534 0.000257698 -0.00470161 -0.0106632 0.000263927 -0.0115451 0.000114487 -0.00266328 -0.00055573 -0.00237841 0.000373182 -0.00480204 -0.00364209 -0.000839097 0.00447422 0.00372792 -0.00185011 -0.00245552 -0.000597988 0.000334415 0.00375121 0.000308802 
0.00773588 0.00463603 0.00302186 -0.000912836 0.00623127 -0.0063803 -0.000822995 -0.000136822 -0.00763733 0.00282221 0.00460525 -0.00113045 -0.0134965 -0.00153344 0.0127856 0.00257985 0.00977243 0.160315 0.00919553 -0.00160851 -0.00390709 0.00619681 -0.00145696 0.00508921 -0.0118969 -0.00173061 -0.00661713 -0.00620545 -0.000896601 -0.00682131 -0.00365028 0.00160937 -0.0135767 -0.00869076 -0.00285446 0.00543189 -0.00941696 0.00458745 0.00403906 -0.00379436 -0.00836463 0.0040657 -0.00274546 0.00185906 -0.00342588 0.0017521 0.00594222 -0.00274513 -0.00691514 -0.00688736 0.00391308 -0.000887259 -0.00293729 0.00220979 -0.00321034 -0.00211588 -0.00490558 -0.000828063 -0.00396563 0.00687507 -0.0122889 0.00205638 -0.000725786 -0.00366289 0.00461918 -0.00916054 -0.00540251 0.00248015 -0.00222164 -0.0174489 -0.00255371 -0.00505642 -0.000465182 -0.0051264 -0.00570387 -0.0181107 -0.0038881 -0.00743002 -0.00280391 -0.0011004 -0.004815 -0.0113547 0.00012813 0.00595554 -0.00395322 0.00835535 -0.00896668 -0.00240648 -0.00244614 -0.00570092 -0.00686891 0.00316759 -0.00161032 -0.0130693 0.0175524 -0.00128553 0.00226396 0.00768214 -0.00502255 0.00422518 
-0.00151619 -0.00813446 -0.00236202 -9.25907e-05 -0.00366269 -0.0119496 -0.00302489 -0.00263835 -0.00649008 -0.000280333 -0.0139047 0.00357133 -0.00470636 -0.0064784 -0.0115263 -0.00189886 -0.000352027 0.00919553 0.135862 -0.00603872 0.00343365 0.00157628 0.0024104 0.000137031 -0.0027027 -0.00168102 0.00231311 0.0130594 -0.00306868 -0.00590658 -0.00175577 0.00174701 -0.00672651 -0.00758425 -0.00358184 -0.00170961 -0.00287215 0.00127055 0.00122928 0.00943469 -0.00828045 -0.00602517 -0.0023592 -0.00316593 -0.0133007 -0.00116923 0.00172376 -0.00330058 -0.00553352 -0.01464 -0.00316806 0.00134238 -0.00601829 0.00232062 0.00505197 -0.00388312 -0.00600908 0.00235292 -0.00132044 -0.0023146 -0.000735916 0.00796275 -0.00158954 0.000817705 0.00366018 0.00317954 0.00287637 -0.000292489 0.0130933 -0.00777335 0.0065939 0.00177514 0.00868239 0.00351424 -0.00447628 -0.00126186 0.0137527 -0.00548571 -0.00293226 -0.00523386 -0.00300462 -0.00209804 0.00130204 0.00204044 -0.000268668 0.0131436 -0.00144853 0.00025613 0.00197376 -0.00524468 -0.00958203 -0.000145177 0.00825357 -0.00902766 -0.0164947 -0.00161843 0.00143022 0.000200029 -0.00831573 -0.00237636 
-0.00326109 -0.00542107 -0.00357894 -0.00313844 -0.00147211 0.00692185 -0.00398607 -0.00889428 -0.00644933 0.00214714 -0.00551093 0.00193551 0.00852165 -0.000362136 -3.94611e-05 0.0081527 0.00287898 -0.00160851 -0.00603872 0.126831 -0.000209186 0.00301874 0.00180357 -0.000871857 0.000394087 0.00014348 -0.0027093 -0.00491651 -0.000259149 -0.0038599 -0.00534366 -0.00564223 -0.00389256 0.00102494 -0.00466853 -0.0035376 -0.00300998 -0.00524406 0.00181214 -0.00490636 0.00218334 0.000209772 0.00805653 0.00186983 -0.00511885 -0.005741 0.000310519 -0.00227251 -0.00146866 -0.00209177 -0.00198543 -0.00390699 -0.000964049 0.00265215 -0.00796055 -0.000752611 -0.00260436 7.23627e-05 0.00116442 0.000335157 -0.00225257 0.00320785 -0.00421642 -0.00170445 -0.00305964 -0.000320148 0.00285535 -0.00977938 -0.004025 0.00979149 -0.00631612 0.00217257 0.00224867 0.0041918 -0.00134993 0.000420595 0.000216152 0.00432674 0.00214841 0.00408534 -0.00390211 -0.0020756 0.00401562 -0.0115106 0.000675537 -0.00350245 -0.000809944 0.000282894 -0.00716387 -0.00494233 -0.00416534 -0.000826452 0.00399597 0.000623067 -0.00443981 -0.00152702 -0.000532541 -0.00927788 -0.00821508 0.00191566 
-0.00272864 0.000345408 -0.0037518 -0.00560017 -0.00325799 0.00645619 -0.00105587 0.00203038 0.00263425 -0.00139129 0.00747369 0.00277859 -0.0143622 -0.00310591 -0.00443432 -0.00835278 -0.00313322 -0.00390709 0.00343365 -0.000209186 0.152188 -5.96361e-05 0.00259875 0.00140643 -0.00451513 0.00638785 0.000147824 0.00609493 -0.00364507 -0.00168772 -0.00415858 -0.00336081 2.16257e-05 0.00388112 0.0102567 0.00398545 0.00595567 -0.00576815 0.00344061 0.00610043 -0.00879792 0.0033057 -0.00945199 -0.00571496 -0.00420854 -0.00301305 0.000176622 0.00197746 -0.010848 -0.00362388 -0.00261526 0.00127367 0.00352397 -0.000761176 -0.00425804 0.00148637 -0.0049566 -0.000801097 -0.00630751 0.0020806 -0.0134268 0.0053485 0.00382886 -0.00303575 -0.00347028 0.00238913 0.0119656 -0.00477035 0.0064877 -0.00405128 0.00448585 -0.00237984 -0.00273728 -0.00367282 -0.0064151 -0.0060495 -0.00716772 -0.00290819 -0.00782149 0.00231601 0.00317429 0.00368177 -0.00380298 -0.0124246 0.00198057 -0.00266622 -0.0104207 -0.0022766 0.00867235 -0.00396458 -0.00153356 -0.0124367 -0.00259208 -0.00357641 -0.00885632 -0.00386452 -0.00550739 -0.00151025 -0.00988703 0.00129756 
-0.00501783 -0.00889313 -0.00356514 0.0014351 0.00572393 -0.00787708 -0.00698103 0.000344052 -0.00609638 -0.00557731 0.000919495 0.0072588 0.00632063 -0.00528828 -0.0119159 0.00670594 0.00366797 0.00619681 0.00157628 0.00301874 -5.96361e-05 0.131938 0.00270763 0.00468187 -0.000127512 0.0109586 0.000440652 0.00497205 0.00132443 -0.00366523 0.0026219 -0.00284445 -0.0038882 -0.0047497 -0.00098894 0.00250969 -0.00456466 -0.00234054 -0.00169995 -0.00143782 0.000731747 -0.00458495 0.00542308 -0.00470293 -0.00345552 -0.00105852 -0.0009033 -0.00251978 -0.00391528 -0.00358208 -0.00896438 0.00237933 0.00795343 0.00156511 -0.00440126 0.000843555 0.00217673 -0.00376582 -0.00432097 0.00447569 -0.00516156 0.00553964 -0.00414886 -0.0028325 -0.00553532 0.00494586 -0.00215807 0.00155199 -0.00606956 -0.00323576 -0.000541624 -0.00124079 -0.000547523 -0.00631527 -0.00461911 -0.00205534 -0.0162985 -0.001127 -0.00374104 -0.00708017 0.0010667 0.0010622 -0.00117898 -0.0064621 -0.00409706 0.0073007 0.00840265 -0.00776424 -0.00396225 -0.00786619 -0.0132497 -0.00238975 0.00564622 -0.00319845 -0.000810085 -0.00277465 0.000554893 -0.00094511 -0.00245654 -0.00332584 
0.00143517 -0.00131531 -0.00279879 0.00227555 -0.0109306 -0.00279838 -0.0125006 -0.00555442 -0.011459 -0.00661455 -0.00331593 -0.00290665 -4.95331e-05 -0.00167893 -0.00677471 0.000259628 0.00118417 -0.00145696 0.0024104 0.00180357 0.00259875 0.00270763 0.133493 0.00280908 0.00359205 0.000559746 0.00166091 -0.00412318 -0.000530543 -0.00464252 -0.00511504 -0.0043043 -0.00274186 -0.00107969 -0.00330829 0.00663083 0.00446191 -0.00399535 -0.00165296 -0.00297751 -0.00872727 -0.00225992 0.000823414 -6.26625e-05 -0.0024654 -0.00582836 0.00202214 -0.00413256 -0.00136589 0.00186758 -0.00484462 0.00191279 -0.000964127 0.0057276 -0.00630896 0.00225578 0.000259725 -0.00412323 2.45218e-05 0.0117999 -0.0051205 -0.000508184 -0.00246117 -0.000868837 0.00198542 -0.00276799 -0.000251946 -0.00530095 -0.000248333 -0.00267205 0.00225248 0.00380674 -0.00217098 0.00624019 0.000704618 -0.00787335 0.00232823 -0.00496078 -0.00449698 0.00316898 -0.00656417 -0.00367275 -0.00111963 -0.0138581 -0.00340077 0.000875356 0.00510438 -0.00379491 0.000792477 -0.0116005 -0.00373488 0.00492536 0.00357082 0.00689887 -0.00508166 0.000996866 0.00091962 0.00592864 -0.00443731 -0.00239931 
-0.000716343 -0.00335976 0.00460211 0.00303605 0.00421291 -0.00708299 -0.00394113 0.000294692 -0.00755633 1.74818e-05 -0.000673558 -0.00464491 0.00296296 -0.00265355 -0.0162967 -0.00419891 0.00147874 0.00508921 0.000137031 -0.000871857 0.00140643 0.00468187 0.00280908 0.166052 -0.000691022 0.00869283 0.000614403 0.0120606 -0.00142688 0.00312939 0.000425096 0.00426506 -0.00843853 -0.00206126 -0.00699736 -0.00342311 -0.00722224 -0.000592284 -0.0013962 0.000710236 0.00513525 0.000236738 -0.00503256 -0.00178992 0.00120309 -0.00130112 -0.00127472 -0.00766338 -0.00119768 -0.0108873 -0.00354394 0.000870037 0.00106838 0.00708746 -0.00299883 -0.0012364 -0.001623 -0.000404579 -0.00696096 0.00280911 -0.0135065 -0.00360692 -0.00356956 -0.00233452 -0.00862053 0.0109051 0.00107936 -0.0101207 -0.00670773 -0.0165917 -0.00561106 -0.00375321 0.00724975 -0.00797498 -0.00588084 -0.000775958 0.000519361 -0.00327091 -0.0102053 -0.000511287 -0.00475558 -0.0073825 -0.000803814 -0.0100878 -0.0122637 -0.00404395 0.00530204 -0.00632433 0.00142653 -0.00721309 -0.00469189 -0.000504364 0.00643274 0.0067338 0.000481955 0.000415662 0.000214359 0.00838577 -0.00096488 -0.00199763 
-0.00446789 -0.00635224 -0.00200094 -0.00251725 -0.0016741 -0.00556618 -0.00252207 0.00073663 -0.00481954 -0.00320672 -0.0137658 -0.00634758 -0.00420771 0.00220792 -0.000523636 0.00419011 0.000680202 -0.0118969 -0.0027027 0.000394087 -0.00451513 -0.000127512 0.00359205 -0.000691022 0.117508 0.00104773 0.0029234 -0.000701981 -0.00097198 0.00618694 -0.00440292 0.000129982 -0.000721789 -0.00401199 0.00288044 0.00462483 0.000788597 0.00120945 -0.000206625 -0.00656296 0.00231613 0.00168414 0.00130141 0.00173244 -0.00557418 -0.00347333 -0.00319457 -0.00368742 -0.00236853 0.00469536 -0.00731707 -0.0010442 -0.000305579 -0.000512789 6.21392e-05 0.000818451 -0.000918632 -0.000364849 0.000618662 0.00019509 -0.00120687 -0.00390721 -0.00177967 -0.000534943 -0.00108534 0.00141336 -0.00322745 0.000567884 -0.00869108 0.00885516 0.00458447 -0.00478945 -0.00251405 -0.000419748 0.00436015 -0.00511671 -0.00279655 0.00149444 -0.00352058 0.0010229 -0.00208097 0.00862133 -0.00314431 0.00197306 -0.00625951 -0.00279118 0.00140351 -0.00354108 -0.00192649 -0.00258018 -0.00666099 0.000664944 0.00119549 0.00256405 0.00716869 -0.00365877 -0.001863 -0.00218983 -0.00352235 -0.0043589 
-0.00179854 -0.00513627 -0.00589259 0.000677741 -3.79323e-05 -0.00446441 -0.000817535 -0.000779731 -0.00381759 -7.37667e-05 -0.00688421 0.0060011 -0.000941435 -0.00140933 -0.00348506 -0.00193378 -0.00427001 -0.00173061 -0.00168102 0.00014348 0.00638785 0.0109586 0.000559746 0.00869283 0.00104773 0.12175 -0.000462946 0.00570505 0.00283892 -0.00434178 0.00589354 -0.00627821 -0.00686522 -0.00275837 -0.0054322 -0.00307669 -0.0109304 -0.00357945 -0.00148451 -0.00780376 -0.000417983 -0.0022269 -0.000902698 -0.00553305 0.00148203 -0.000298545 0.000462964 0.00386021 -0.00175147 -0.00791836 -0.0027729 0.00219041 -0.00321099 -0.00119862 0.00241207 -0.00189783 -0.00207423 -0.00254508 -0.00226777 0.00224481 -0.00644947 -0.00148059 -0.00458831 -0.00112906 -0.00359829 0.00549531 -0.00259684 -0.00155562 -0.00792693 0.00544127 0.00233275 -0.0052111 0.000240225 -0.00542189 0.00398011 -0.000553309 -0.00205672 -0.00423009 -0.00311516 -0.00665063 0.00336929 0.00108309 -0.00124722 -0.00217177 -0.00229168 -0.00447525 0.00862783 -0.00144448 0.00279077 -0.00441301 -0.00024093 0.00113492 0.0044622 -0.00139973 -0.00497524 -0.00181381 -0.00334872 -0.000134364 -0.0012143 -0.00334828 
-0.002501 -0.00695912 -0.00114993 -0.00188529 -0.00452267 -0.00131576 -0.00227419 -0.00340352 0.000106644 -0.00359441 0.00014868 -0.00583416 -0.000726272 0.00101722 -0.00966546 -0.00734891 -0.00648072 -0.00661713 0.00231311 -0.0027093 0.000147824 0.000440652 0.00166091 0.000614403 0.0029234 -0.000462946 0.127954 0.00284997 -0.000227003 0.00537764 0.00503928 -0.0050007 0.0131705 -0.00060626 -0.00534622 -0.00393725 0.00920473 -0.00724298 -0.000834712 0.0118938 0.00323958 0.00252033 0.00977702 -0.00625872 -0.00391956 -0.00581725 -0.00153136 -0.00125034 -0.00225924 0.00395274 -0.00536958 -0.00542716 -0.00131562 0.000515094 0.00363776 0.00261745 -0.00280727 -2.77828e-05 0.00135886 0.000299549 0.00102265 -0.00317281 0.00218492 -0.00115302 -0.00392763 -0.00202896 0.00497286 -0.00388404 -0.00797292 -0.00980865 -0.0051428 -0.0020406 -0.00236867 -0.00270921 -0.00946395 0.00496424 -0.0109853 0.0100097 -0.00439903 0.00298421 -0.00267087 0.00513922 -7.74544e-05 0.00119878 -0.00545326 0.00888266 -0.00891086 -0.00713854 -0.00124659 -0.00143775 0.000527538 -0.00870036 -0.00269838 -0.0073848 -0.000540218 -0.00170216 -0.00226409 -0.00612836 -0.000601042 -0.00202538 
0.000100109 -0.0082474 -0.00529729 -1.61484e-05 0.00248952 -0.0148483 -0.00381194 0.00215655 -0.00298097 -0.00316225 -0.00994401 0.000894886 -0.000922511 -0.00934455 -0.0127362 0.00600221 -0.00339779 -0.00620545 0.0130594 -0.00491651 0.00609493 0.00497205 -0.00412318 0.0120606 -0.000701981 0.00570505 0.00284997 0.131627 0.00149354 -0.00285838 -0.000391222 -0.000999227 0.000128714 -0.000117835 -0.00633125 -0.00326063 -0.00411505 -0.00124858 -0.00101665 -0.000472945 -6.92122e-05 -0.00128183 0.001195 -0.00410445 -0.00756409 0.00727576 -0.00122491 -0.00708614 0.000180835 -0.00625337 -0.00601898 0.00140907 0.00235414 -0.000752394 -0.00215166 -0.0013383 0.000836265 -0.00220596 -0.00064727 -0.000415736 -0.00328144 -0.000918931 0.00410646 -0.00167303 -0.00188479 0.00496654 0.00471059 -0.00769264 0.000508241 -0.00240983 0.000588074 0.000699012 0.00799645 -0.0048241 -0.000222849 0.00116303 0.000252279 -0.000739693 -0.000288328 -0.000140952 0.00307232 -0.00584418 -0.00371808 0.00382975 -0.00199025 0.00246857 0.00689272 -0.0131137 -0.000617686 -0.00328613 -0.00936012 -0.00393873 0.0038193 -0.0037005 -0.00824135 -0.00386562 -0.00323325 -0.00434952 -0.0043236 -0.0017167 
-0.00124119 -0.00443208 -0.00107073 -0.00106807 -0.00288512 -0.00716726 -0.000347757 -0.00166263 -0.0037387 -0.000984293 0.00214322 -0.000923426 0.00167879 -0.00450623 0.00750555 -0.00175091 -0.00587391 -0.000896601 -0.00306868 -0.000259149 -0.00364507 0.00132443 -0.000530543 -0.00142688 -0.00097198 0.00283892 -0.000227003 0.00149354 0.0785901 -0.00402534 0.0021929 -7.62839e-05 0.00310555 -0.00189998 0.00118553 -0.000881804 -0.0088592 -0.00190634 -0.000183376 -0.000693888 -0.00409534 0.00130461 -0.00177316 -0.00165435 -0.00192834 -0.00283646 0.00111584 0.000272902 -0.00282252 0.000208367 -0.000820222 -0.00271334 0.00060009 -0.00228356 0.002077 -0.0010277 0.000816241 0.0020338 0.00603326 0.00206825 -0.00182201 0.00119529 0.00104552 -0.000184621 -0.00292991 0.00137609 -0.00348673 -0.0054903 -0.00740968 0.00102425 -0.00371828 -0.00426353 -0.00159104 0.00012019 -0.000322307 -0.00317899 0.00106636 0.00198351 0.000818319 -0.00099969 -0.000899531 -0.000329742 0.00243047 0.000823708 0.00216384 0.000411665 0.00238236 -0.00325972 0.000837637 0.00295468 -0.0020885 0.000957316 -0.000538344 -0.00385051 -0.000352061 -0.000390616 -0.000940688 -0.00283276 0.0015841 -0.00172516 
-0.00158506 0.00378838 -0.00414278 0.00116204 -0.00331102 -0.00358146 -0.00493511 -0.00546625 -0.00212976 -0.00422575 -0.00295615 -0.00317051 0.00200868 -0.000963342 -0.00272204 -0.00391934 -0.00487092 -0.00682131 -0.00590658 -0.0038599 -0.00168772 -0.00366523 -0.00464252 0.00312939 0.00618694 -0.00434178 0.00537764 -0.00285838 -0.00402534 0.124276 0.000775901 -0.00342578 -0.00173189 0.00312985 0.00485302 -0.00237956 0.00596998 -0.00336611 -0.00198822 0.000149253 0.0156005 0.01241 0.00971802 -0.00173718 -0.00180984 -0.00606743 -0.00259277 -0.00400193 -0.0057119 0.00124744 -0.00128939 -0.00195996 0.000209825 -0.00241499 -0.00227328 0.00139617 0.000317579 -0.000113429 0.00137813 -0.00419611 -0.000848067 0.000724618 0.00011437 -0.000512748 -0.00183041 0.00388831 0.00406802 -0.00105112 0.00902546 -0.00363473 -0.002469 -0.00621525 -0.00563406 -0.00371177 -0.000676908 -0.0159351 -0.0130443 -0.0003306 -0.00330211 -0.00712193 -5.03129e-05 -0.000910644 -0.00231447 0.000660678 -0.00474829 0.000366449 -0.0009533 -0.00118399 -0.00132639 0.00946208 -0.00714863 0.00400414 0.0023956 -0.00120106 -0.00501163 -0.000379578 -0.0014629 -0.00595918 -0.00289235 -0.00308536 
0.00622122 -0.00594572 3.82546e-05 0.000234818 -0.00305525 -0.00876971 -0.00547584 0.00109426 0.000652876 -0.00579316 -0.00428667 -0.0027511 0.00828997 0.00411528 0.00194752 -0.000327897 -0.00542887 -0.00365028 -0.00175577 -0.00534366 -0.00415858 0.0026219 -0.00511504 0.000425096 -0.00440292 0.00589354 0.00503928 -0.000391222 0.0021929 0.000775901 0.1398 0.00360735 0.00696261 0.00379781 0.0049492 -0.000547343 -0.00818373 -0.00555959 -0.00292476 -0.00473883 0.00173694 0.00635887 -0.0015004 0.00248232 -0.00118266 0.00275603 -0.000127154 -0.00869928 -0.00362693 -0.0086336 -0.00686728 -0.00579238 0.00347257 -0.00645482 0.00466981 -0.00268929 0.00087258 0.000165385 -0.003141 0.000946156 0.00203894 -0.000661285 -0.001152 -0.00375357 -0.000270846 -0.0125515 -0.00620941 0.0077627 -0.0112928 -0.00768494 -0.00026076 -0.00461045 0.00597954 -0.0059181 -0.00361297 -0.00233066 -0.0118439 0.00384506 0.00335523 -0.00961569 0.00338564 -0.00293012 -0.00112059 -0.00798169 0.00490699 -0.00618767 -0.00544877 -0.000494437 -0.000423295 0.000685852 -0.000517652 -0.00429469 -0.00140267 -0.00124717 -0.00273066 0.00224111 0.000381063 0.000795139 -0.00103008 -0.00259813 
0.00148695 -0.000879923 0.00450093 0.00229394 -0.000346608 0.00506306 -0.00235051 -0.00296248 -0.00131659 -0.0024186 -0.00251317 -0.000113428 0.00504428 -0.000792493 -0.00162207 -0.0013455 0.00629197 0.00160937 0.00174701 -0.00564223 -0.00336081 -0.00284445 -0.0043043 0.00426506 0.000129982 -0.00627821 -0.0050007 -0.000999227 -7.62839e-05 -0.00342578 0.00360735 0.104347 0.0067065 -0.00302292 -0.000903554 0.00271143 -0.00943832 0.00295484 -5.30169e-05 -0.00382168 -0.0108462 1.34164e-05 -0.00641948 0.00010352 -0.00135854 -0.00398318 -0.00468806 -0.00487247 -0.00396568 -0.0010445 -0.00165241 -0.00249334 0.00125333 0.00402818 -0.00221808 -0.00176558 0.00103058 0.000792411 -0.000656454 -0.00289844 0.000577407 -0.00393407 -0.00214011 -0.00247488 0.00113932 -0.00416903 -0.00527477 -0.00145658 0.0026904 -0.00206707 -0.00573713 0.00251617 0.0020924 0.00378803 -0.00309836 -0.00225053 -0.00798167 -0.00294017 -0.00123006 0.00362312 -2.1365e-05 -0.00382002 0.00263748 0.000111076 -0.00430315 -0.00928291 -0.00496322 0.0011419 -0.000142167 0.00255509 -0.00113214 0.00364118 0.000608432 0.00197812 -0.00445993 -0.00204155 -0.00186755 0.00485929 0.000258851 -0.00271595 
-0.00460155 -0.0052399 -0.00245483 -0.00231952 -0.00355303 -0.0170609 -0.00912758 -0.00400918 -3.56785e-05 0.00030629 0.00522814 -0.00194246 0.0031321 -0.0062102 0.00418769 -0.00440807 -0.00848135 -0.0135767 -0.00672651 -0.00389256 2.16257e-05 -0.0038882 -0.00274186 -0.00843853 -0.000721789 -0.00686522 0.0131705 0.000128714 0.00310555 -0.00173189 0.00696261 0.0067065 0.150721 0.00800053 0.00793116 -0.00551678 0.00345604 0.00693358 -0.00114954 3.63684e-05 -0.00700537 -0.00409215 -0.0023892 -0.00977064 -0.0043824 -0.00480056 -0.00527085 -0.00171499 0.00270332 -0.0005238 0.00186129 -0.00496157 -0.00220007 -0.00245759 -0.00317843 0.000564803 -0.00413166 -0.00314709 0.00323 -0.00965875 -0.00492008 -0.00376934 0.00075576 2.2403e-05 0.00103129 -0.0101053 -0.00493459 -0.00188319 -0.00135703 -0.00506266 -0.00860667 -0.00388136 -0.00543163 0.00590985 -0.0109611 -0.00558392 -0.0151975 0.00452669 0.0127848 -0.00732488 0.0036356 0.00632101 0.00266404 0.00213398 0.0060321 0.0118392 0.00550395 0.00275896 -0.00289025 0.00914541 -0.00145981 -0.00449453 -0.00277907 -0.0026712 -0.00559609 -0.00106241 0.00152333 -0.00202193 0.000837781 0.00055936 
-0.00290641 -0.00293762 -3.82493e-05 0.000762839 -0.00715487 -0.00404113 -0.0130887 -0.00485514 -0.00199878 -0.00531277 -0.00953167 0.000984168 -0.00752988 -0.00778124 -0.00895979 -0.0102387 -0.0103497 -0.00869076 -0.00758425 0.00102494 0.00388112 -0.0047497 -0.00107969 -0.00206126 -0.00401199 -0.00275837 -0.00060626 -0.000117835 -0.00189998 0.00312985 0.00379781 -0.00302292 0.00800053 0.145999 0.0149253 0.00112033 0.0152881 0.00746226 0.00490012 0.00370287 -0.00286421 -0.00219855 0.00591851 -0.00643712 0.00294925 -0.00306075 -0.0035416 -0.00690161 -0.00831861 0.00605617 0.00254282 -0.00788177 -0.0029504 -0.000175838 7.01265e-05 -0.00390363 -5.87457e-05 0.00122805 0.0017811 0.00118792 -0.00106776 -0.000865496 0.00353432 -0.00151061 -0.00339667 -0.010363 0.00309534 -0.00578786 0.00316322 0.00228142 -0.00905037 0.00088229 0.00192856 0.00582244 -0.0148287 0.00202236 -0.0137092 0.00373283 0.00226248 0.00607111 -0.000641693 0.00618968 -0.00203974 -0.00806088 -0.00263791 0.00117892 0.0032048 0.00353952 -0.00203313 0.000723311 -0.00238863 -0.0101337 -0.00195848 0.000379026 -0.0181604 -0.00483159 0.000491245 0.00198907 0.00299413 0.00286719 
