0.201305 -0.00308812 0.0156912 -0.00263909 0.00442066 0.00556874 -0.0249005 -0.00839023 0.00715005 -0.00232798 0.000137864 -0.00804728 0.000316266 0.00130491 -0.00346334 -0.00102595 0.000328092 0.00463231 0.00319065 -0.00984466 -0.00313884 -0.00362201 -0.00763548 -0.011982 -0.00641444 -0.00539349 0.000779132 -0.00348624 -0.00431986 -0.000703583 -0.00145527 0.0153218 0.00325443 -0.00646913 -0.00512896 0.00207666 -0.0087369 -0.00749181 -0.000778538 -0.000551032 0.00856566 -8.9596e-07 0.000195637 -0.00236663 -0.00397552 -0.00819442 -0.00608536 -0.00107616 -0.00439012 -0.00356646 -0.00250525 -0.0025445 -0.00297267 -0.00470417 -0.0111342 -0.00140615 0.00491947 0.00606457 -0.000942433 0.00617496 -0.00656347 -0.00567039 0.00241536 0.00658379 -0.0136622 -0.00432818 -0.00664433 0.00267635 0.00746231 0.00700327 0.00422112 -3.81593e-05 -0.00263979 -0.0141757 -0.00506625 -0.00977855 -0.00148962 0.00230139 -0.0073489 -0.00318976 0.000700724 0.00611552 -0.0117105 -0.00564768 -0.00768973 -0.00253147 -0.000184235 -0.00401731 0.00096828 -0.00578596 -0.0176785 -0.00050003 -0.00554434 -0.00145872 -0.0064635 -0.0107971 0.011732 0.00521225 0.000679266 0.00803474 
-0.00308812 0.0878247 0.00355224 0.00838432 0.00560943 -0.000366918 -0.00188708 0.000744511 0.00283149 0.00546923 0.000356544 0.00855019 -0.000934226 -7.70738e-05 -0.00152895 -0.000413014 0.00187762 0.00277665 -0.00121663 -0.00565387 -0.0040005 0.00250527 -0.001223 -0.00175946 0.00163981 -0.000178387 -0.00569996 -0.000273321 -0.00670764 -0.00338133 -0.00161245 -0.00949867 -0.00210221 0.000967625 -0.00114993 -0.00327741 -0.00413504 -0.00120041 0.00104734 -0.0079672 -0.000753733 0.00146558 -0.00150188 0.00234695 -0.000123435 -0.00100418 0.00029934 -0.00276216 -0.0012309 -0.001061 -4.66527e-05 -0.00147477 -0.00484886 -3.13731e-06 -0.000580266 -0.00750936 -0.00484914 -0.00377482 0.00220923 -0.000522024 -0.00429125 -0.000395311 0.00926466 0.00410116 -0.0021145 0.00231075 -0.000961027 0.00337964 0.00516541 0.000261737 -0.00489612 -0.00137085 -0.00610803 0.00496724 0.000909771 -0.00396056 -0.00488562 -0.00385607 -0.00396303 -0.000890527 0.000749906 0.00134933 0.000707504 -0.00125765 -0.00149355 -0.00414857 -0.00632282 -0.000374269 0.00215923 -0.00272403 -0.00855871 -0.0021298 -0.00158412 -0.00198201 -0.00181311 -0.00456963 0.00044837 -0.000871692 0.00369744 -0.00302824 
0.0156912 0.00355224 0.14305 -0.00153964 -0.00251464 0.00849971 -0.00154335 0.00637295 -0.000752064 -0.00304917 0.00323198 0.000114053 -0.00259836 0.00135176 -0.00136323 -0.00314678 -0.0047292 0.00411267 0.000231187 -0.0100687 -0.00216513 -0.00529392 8.245e-05 0.0021763 -0.00260431 -0.00148178 0.013799 0.00095301 0.0117537 -0.000677632 -0.00215246 -0.000267843 -0.000914182 0.000181213 -0.00414789 -0.00757522 -0.00617564 -0.00021997 0.00243887 0.00738193 -0.00264675 -0.00503312 -0.00950809 -0.00178328 0.00256001 -0.00377427 -0.00523238 0.000411877 -0.00413789 0.00193079 -0.0128253 -0.00263806 0.00323891 -0.00377291 -0.00487564 -0.00787353 -0.0108258 -0.0048004 0.00356307 -0.00289544 0.000690168 -0.00350161 0.00302838 0.00707098 -0.00774435 0.00161164 -0.00474614 -0.00874567 -0.00230213 -0.00171981 -0.00812045 0.00246628 0.00794339 -0.0236792 -0.00915067 -0.0057496 -0.00809667 -0.00358743 -0.000381377 0.00398956 0.00474179 0.00843899 0.00500595 -0.0043191 -0.00283138 -0.00108905 -0.00751391 -0.00220818 0.00206798 -0.0049669 -0.00675749 -0.00360717 0.000639404 -0.00758067 0.0030535 -0.010665 -0.00127195 -0.00549765 0.00457732 0.00143374 
-0.00263909 0.00838432 -0.00153964 0.0725249 0.0043223 0.00438931 0.00257689 -0.00074843 0.00170108 0.00518357 -0.00278947 0.00183573 -0.0040492 0.000157556 -0.00111319 -0.000615687 -0.00411788 0.000772528 -0.000899122 0.000428626 -0.00165754 -0.000897992 0.000192761 0.00386905 0.00641867 0.00255188 -0.00443518 0.000450949 0.000526495 0.00109611 -0.000288268 -0.00768388 -0.00357298 0.00219212 -0.00108243 -0.00274838 -0.000655716 0.000771498 -0.00514596 -0.00239562 -0.00147386 0.00360187 0.00196388 0.002497 0.00455094 -0.00197189 0.00270518 -0.000460196 -0.000196841 0.0008413 -0.00261037 0.00420947 -0.00188047 0.000677716 -0.00043592 -0.00801903 -0.00504492 -0.00446076 -0.00241649 0.00304545 -0.00141711 -0.00131883 -0.000802029 -0.001289 0.0011289 0.000193023 -0.00107027 0.000449304 -0.00328991 -0.00581791 -0.0044462 0.00486663 -0.00463884 -0.00531187 -0.00422894 0.00485054 -0.00726484 -0.00524597 -0.00522838 -0.00336251 0.000559028 -0.00267034 -0.00119019 -4.84165e-05 -0.00146911 -0.00125171 0.0024449 -0.0025646 -0.000217934 0.000890259 -0.00110245 0.00071965 0.000174129 -0.00434555 -0.0033373 0.00377457 -0.00491319 -0.00409227 -1.66627e-05 -0.00449133 
0.00442066 0.00560943 -0.00251464 0.0043223 0.0862187 0.00314099 -0.00238682 0.00171979 0.00209841 0.00911603 -0.000335322 -0.00185256 -0.0029287 0.00158082 0.00386755 -0.00133471 -0.00227934 -0.00213562 0.00140609 -0.00352744 -0.00183483 -0.00225294 -0.00182779 -0.00151142 0.010296 0.000188148 -0.0151858 -0.00184836 -0.00605706 0.00102442 -0.00058495 -0.00727068 0.000422385 0.000857936 -0.00267257 -0.00601172 0.000180485 0.0019976 -0.00972487 -0.000536309 0.000295578 0.000247474 0.00569792 -0.00228562 -0.00378213 0.000350866 0.00344362 0.00176198 -0.00231562 0.00486789 -0.0042636 -0.000255611 0.000297684 -0.000746487 -0.000390101 -0.0023315 -0.0066374 -0.00517639 0.000182567 -0.0037602 -0.00493296 -0.000273741 0.00181719 0.00243177 -0.00322449 -0.000985094 0.00140132 9.99169e-05 -0.00346367 -0.00227774 0.00162726 -0.00329977 0.00250055 -0.00195903 -0.00304925 0.000137368 -0.00626201 -0.00543977 -0.00349747 0.000873154 -0.00227537 -0.0052293 -0.00216144 -0.0014154 -0.00127738 0.00563961 -0.00474124 -0.0010016 2.78674e-05 5.76737e-05 -0.00295399 -0.00204634 0.0018042 -0.00266953 -0.00280468 0.00272375 0.00129731 1.64547e-05 -0.000916244 -0.00135218 
0.00556874 -0.000366918 0.00849971 0.00438931 0.00314099 0.151052 0.013003 0.00102547 -0.00556557 0.00372803 0.00523729 -0.00866059 -0.00974367 -0.000218485 0.00342892 0.000540595 -0.00581052 -0.0065509 0.00112416 -0.00992474 -0.00190217 -0.00504951 0.00482106 -0.00790551 -0.00127193 0.000744098 -0.0026952 0.00659063 0.0174296 0.00201087 -0.00141458 0.00473254 0.000314573 0.00658004 0.00149636 -0.00546785 -0.00337464 -0.000567783 -0.0023045 0.00509727 -0.00271571 0.000365973 -0.00432431 -0.00215051 -0.0036578 0.00854393 -0.00414086 -0.00297294 -0.00115923 -0.00259518 0.00237124 -0.000763472 -0.00480676 -0.0012431 -0.00275003 -0.00562958 -0.00709557 -0.000515019 -0.00440182 -0.00923656 -0.00896617 -0.00428979 0.00191065 -0.00468808 0.00119151 -0.00206368 -0.000429592 -0.00199226 -0.00515683 0.00484754 -0.00238571 -0.00429351 -7.34453e-05 -0.00293482 -0.00411425 -0.00545242 -0.00858036 -0.00501069 -0.00894753 -0.00497459 -0.00096539 0.00108738 -0.00296292 -0.00343033 0.000424662 -0.00130398 -0.000950799 -0.00113052 -0.00295173 -0.00105475 -0.00674619 -0.00574731 -0.00831916 -0.00111417 0.000869145 -0.00285741 -0.00730788 -0.0032381 -0.0024489 -0.00633015 
-0.0249005 -0.00188708 -0.00154335 0.00257689 -0.00238682 0.013003 0.151732 0.00717152 -0.000281923 0.00754122 -0.00034269 -0.00384413 2.57796e-05 0.00461755 0.00564137 -0.00640634 -0.00645199 -0.00418993 -0.00098806 -0.0022855 0.000514256 0.000282662 0.00170147 -0.00641722 0.000110305 0.00707184 -0.00176617 0.00404272 -0.00517055 -0.000443451 -0.00190438 -0.0121794 0.000124841 0.00574938 -0.00276678 -0.0122738 -0.0038229 -0.00275319 -0.0133337 0.00137957 0.0109121 -0.0116763 0.00446773 -0.00393608 -0.00408732 -0.0135128 0.00342559 0.000223872 -4.38194e-05 0.00333304 -0.0107806 -0.000919507 0.00509775 0.000208402 -0.00320616 -0.00512769 -0.00978739 0.00289508 0.00158078 -0.00639142 9.71823e-05 -0.0010359 0.00789047 -0.00537125 0.00280197 -0.000558642 -0.0012472 -0.00518699 -0.00520055 -0.0121659 -0.0131574 -0.00317802 -0.0165108 0.00159811 -0.00794585 -0.00559404 -0.0147415 -0.00249945 0.0111875 -0.000534855 0.00230438 0.00485142 -0.00447919 0.00227633 -0.00288828 -0.00285181 -0.00154566 -0.00117179 -0.00382396 0.00164315 0.0077212 -0.005115 -0.00119168 0.00716015 -0.00165597 0.0162101 -0.00885267 0.00554492 0.00113364 -0.00153758 
-0.00839023 0.000744511 0.00637295 -0.00074843 0.00171979 0.00102547 0.00717152 0.113354 0.00563044 0.0113777 0.00145241 0.00637169 0.00963886 -0.00341422 -0.00382138 0.000897968 -0.00560416 -0.00219334 -0.00193012 -0.0057124 0.000616752 -0.000975185 0.00367029 -0.00312922 -0.00289067 0.00330537 -0.00233505 0.00618441 -0.00549547 0.000341658 -0.000453412 -0.0093456 -0.00788923 -0.000383206 -0.0037809 0.00582917 -0.000972023 0.00208824 -0.00252005 0.00243328 -0.00680864 -0.00464205 -0.00661458 -0.0064621 -0.0015615 -0.00619584 -0.000597536 -0.00437824 -0.00101914 -0.00191064 -3.18586e-05 0.00438534 -0.000881035 0.00114738 0.00313702 -0.0106299 -0.00680201 -0.00684963 0.000605736 -0.00278599 -0.00843677 0.00148114 -0.00171662 0.00198287 0.00531462 -0.000788375 -0.00191775 0.00339052 0.00411066 -0.000216995 -0.00904588 -0.00787938 0.00678226 -0.00836696 -0.00832752 -0.0124312 -0.00698477 -0.00253027 0.00505114 -0.00748795 -0.0034346 -0.00601979 0.00730988 -0.00176213 0.000106735 -0.000650819 0.00280731 0.00221971 -0.00278471 -0.00156321 0.0052636 -0.00218556 0.00111062 -0.00472045 0.00091079 -0.00319543 0.00133686 0.00160767 -0.00237955 -0.0053068 
0.00715005 0.00283149 -0.000752064 0.00170108 0.00209841 -0.00556557 -0.000281923 0.00563044 0.0837553 0.00444245 0.00115556 -0.00319355 0.00293008 0.00693066 0.00594378 -0.000160549 -0.00335311 -0.00126612 0.00105924 -0.00862279 -0.00242582 0.0033482 -0.0032589 -9.72585e-05 -0.00440751 0.000805315 -0.0084187 0.000359298 -0.011159 -0.00423271 -0.00308162 0.00137596 -0.00048262 -0.00148733 -0.00456281 0.00099872 -0.00233331 0.000315747 -0.00079228 -0.00333165 -0.00482951 -0.000837061 -0.00204076 -0.00293499 -0.0039328 -0.008157 0.00169385 -0.00162865 -0.0010885 0.00198583 -0.0027625 -0.00345501 0.00147517 -0.00181624 -5.8154e-05 -0.00513721 -0.00324882 -0.00197396 -0.00623107 -0.00223525 0.00125153 0.00105904 -0.00172024 0.00247173 -0.00549189 0.00381838 -8.84353e-05 -0.00311538 0.00638082 -0.00621266 -0.000531212 -0.00335715 -0.00590495 0.0083547 0.000335139 -0.0017062 -0.00604539 -0.00155296 -0.00388282 -0.000398069 -0.00219074 -0.00118196 -0.00680277 0.000776874 -0.00222642 0.00101822 0.00469924 -0.00179829 0.000395094 0.00199011 0.00181498 0.000406051 0.00248524 -0.00540923 -0.00171893 -0.00444287 0.00930184 0.00201085 0.00050783 0.00434898 
-0.00232798 0.00546923 -0.00304917 0.00518357 0.00911603 0.00372803 0.00754122 0.0113777 0.00444245 0.12465 0.0009802 -0.00267512 0.00365987 0.00219353 0.000983519 0.00709062 0.00540487 -0.00770416 0.00312411 -0.0131108 0.0026012 -0.0031527 -6.31188e-05 -0.00618886 0.00785698 0.00302088 -0.0126426 -0.00187462 -0.00629258 -0.00190567 0.00123549 -0.0112859 -0.00349783 0.00382957 0.00246867 -0.00465719 -0.00409895 0.00112042 -0.00925756 -0.000319849 -0.00625066 -0.00640826 0.00768295 -0.00438959 -0.0036483 0.00196814 0.00303958 1.58959e-06 -0.00162782 0.00629034 -0.00235251 -0.000942162 -0.0040302 -0.00303394 -0.00289801 -0.00819218 -0.00222672 -0.00366437 0.00113287 -0.00507351 -0.008556 -0.00128258 0.00130491 0.00407528 -0.00626459 0.00309057 0.000581636 -0.00347236 -0.00414181 -0.00540007 -0.00770742 -0.00556367 -0.00319537 -0.00815076 -0.00802171 -0.00595457 -0.0100085 -0.00339803 -0.002009 -0.00174213 0.00082399 -0.00415157 -0.00906263 -0.00644818 -0.00147911 -0.00221063 0.00302977 -0.00222534 0.000310743 0.00370866 -0.00451201 -0.00199075 0.00728612 0.00545463 -0.000832476 0.00176809 -0.00385299 0.00282964 0.00066286 -0.00164305 
0.000137864 0.000356544 0.00323198 -0.00278947 -0.000335322 0.00523729 -0.00034269 0.00145241 0.00115556 0.0009802 0.0919816 -0.000925526 0.00481507 -0.00106202 -0.00277452 -0.00427716 -0.0026192 -0.000254948 -0.000587439 0.00276968 -0.00278931 -0.000169275 0.000758362 -0.00120825 -0.000474211 -0.00252301 0.000849221 0.00279788 -0.0023669 -0.00678372 -0.00259585 0.000300556 0.00122119 -0.000905521 -0.00388881 -0.00322686 0.00228954 0.00235526 -0.00161542 0.00694214 -0.00583643 0.00267121 -0.000345656 -0.0011791 -0.00238693 -0.00390948 0.000958912 -0.00261606 0.00285241 -0.00218189 0.000691122 -0.00152803 -0.00183338 -0.00195649 -0.00278877 -0.00846915 -0.00411492 0.000282391 -0.00423133 0.00186753 -0.00466126 -0.00177498 -0.0045933 -9.84903e-06 0.00331718 0.0012969 0.000604356 -0.00151285 0.000497878 0.00317765 -0.00485578 0.000628298 -0.00195707 -0.00592617 -0.00443994 -0.007626 -0.00434275 -0.00246321 -0.000300307 -0.00481988 -0.00126905 0.00877959 -0.0020851 0.000313147 -0.00119954 -0.00289189 -0.00531756 0.00635615 0.000323034 -0.00276182 -0.00189541 -0.00171184 -0.000888694 0.00214343 0.000731327 0.0018194 -0.000643118 9.14262e-05 -0.00156086 -0.00963443 
-0.00804728 0.00855019 0.000114053 0.00183573 -0.00185256 -0.00866059 -0.00384413 0.00637169 -0.00319355 -0.00267512 -0.000925526 0.146295 -0.00218506 0.00158252 -0.0109025 0.00323081 0.00262534 0.0127488 -0.00113506 0.00313075 -0.00147303 0.000107774 0.00138229 0.0089122 0.00309937 -0.00374566 0.001718 -0.00112272 -0.00337626 0.00412461 -0.00530565 2.2565e-05 -0.00112374 0.00182897 -0.0057782 -0.000640003 -0.00458662 0.00871571 -0.00673275 0.0112883 -0.00150522 0.00767133 -0.00853491 0.00199041 -0.0022905 -0.00458905 0.003517 -0.00923426 -0.0077672 -0.00108015 -0.00573121 0.000564184 -0.00446695 0.00186651 -0.00594115 0.00118434 -0.00374839 0.00108305 -0.000368384 -0.00267898 -0.00152833 -0.00269122 -0.00595321 0.00325102 -0.00649113 -0.00197397 -0.00313966 0.00249213 -0.00206754 -0.000288862 -0.0104701 -0.00180546 -0.00381304 -0.00278922 -0.00449549 -0.00820026 -0.00433494 -0.00285938 -0.00269572 5.11561e-05 -0.00441059 0.0154682 0.00963665 0.00295496 -0.00684145 -0.00102649 -0.00389273 -0.0064286 -0.000758817 -0.00580671 -0.00730722 -0.00353015 -0.00116786 -0.00158477 -0.00359266 -0.0104321 -0.00785219 -0.00412001 -0.00014459 -0.00967882 
0.000316266 -0.000934226 -0.00259836 -0.0040492 -0.0029287 -0.00974367 2.57796e-05 0.00963886 0.00293008 0.00365987 0.00481507 -0.00218506 0.128386 0.00220484 -0.00562444 -0.001019 0.00723965 0.00977774 -0.00353972 -0.00940709 0.00682271 -0.00589678 -0.00579464 -0.000764391 -0.00330526 -0.00212067 -0.000269617 -0.000699215 -0.0170163 -0.00785985 0.00446848 0.00259969 -0.0110986 -0.00330243 -0.00310069 0.00511091 -0.0021969 0.000996642 0.00788423 0.00682555 -0.00370273 -0.00453116 0.000291475 -0.00388819 -0.00516204 -0.00177855 0.00168914 0.00022138 -0.00534153 -0.00366899 -0.000758878 -0.00395783 -0.00081662 -0.00242498 0.00392438 -0.00297461 -0.00506667 -0.003232 -0.00766915 0.00890317 0.000949602 -0.00177645 -0.000616673 0.00290068 -0.0027355 -0.00204585 -0.00431494 0.00270296 -0.00307815 0.00217226 -0.00471555 -0.0068034 -0.00359421 -0.0118092 -0.00676604 -0.00750516 -0.00505882 -0.00490391 0.0063888 -0.00460627 -0.00211076 0.00390237 -0.00873147 -0.00244701 -0.00295623 0.00320993 -0.00211107 -0.0043342 -0.00101888 0.000370158 -0.00860952 -0.00415819 0.00163258 0.000964911 -0.00525614 -0.00419151 0.0159041 0.00553626 -0.00170198 0.013019 
0.00130491 -7.70738e-05 0.00135176 0.000157556 0.00158082 -0.000218485 0.00461755 -0.00341422 0.00693066 0.00219353 -0.00106202 0.00158252 0.00220484 0.136989 0.0141523 0.00464435 0.00334309 0.0039816 0.000635866 0.000462311 -0.00288587 -0.00246849 -0.00667593 0.00292206 -0.0141913 -0.000969831 -0.00505357 -0.00397115 -0.015403 -0.0151732 -0.00401768 -0.00123227 -0.000191066 -0.00208496 -0.00762222 -0.00439033 -0.00899673 -0.00188526 0.00370603 -0.00391263 0.000780459 0.00197071 0.00588599 -2.2556e-05 -0.0073619 -0.00591775 -0.00217514 -1.29023e-05 0.00111815 0.00418156 -0.00498654 -0.000217432 -0.000794804 0.00028854 -0.00565031 -0.0017473 -0.00613587 -0.000478585 0.00559027 -8.22937e-05 0.00602926 -0.00286854 -0.00488571 0.00260894 0.000402441 -0.00614187 -0.00187376 0.00196878 -0.00638336 0.0127796 -0.00334588 -0.00873671 -0.0124928 0.00356745 -0.00733749 -0.00569494 -0.00616802 -0.0070278 -0.00182193 -0.00499217 -0.00614174 0.00174469 -0.00647752 0.00184233 -0.00731737 -0.0052585 -0.0124684 -0.00505525 -0.00590678 0.00366325 -0.00658159 0.00105516 0.000394256 -0.00307807 0.00539653 0.00136278 0.00442 0.0102212 0.00279613 0.006708 
-0.00346334 -0.00152895 -0.00136323 -0.00111319 0.00386755 0.00342892 0.00564137 -0.00382138 0.00594378 0.000983519 -0.00277452 -0.0109025 -0.00562444 0.0141523 0.113654 -0.00201338 0.00413922 -0.00503675 -0.000450028 -0.00538784 -0.00256866 -0.000479251 -0.00446968 -0.00107743 0.000529368 0.00370677 -0.00980085 -0.00187522 -0.000831285 -0.00203778 -0.00212667 -0.00797461 0.00197136 -0.0019852 -0.000259846 -0.00474692 3.19417e-05 -0.00763009 -0.00678482 -0.0109252 -0.00289428 -0.00252737 0.00168084 -0.00142312 -0.00171022 -0.00127398 -0.000452746 0.00157959 0.00269181 0.00187727 -0.00197615 -0.000316946 0.00302203 -0.000171614 -0.00540486 0.00216887 -0.00267673 0.00329677 -0.00490192 -0.000203135 0.00275744 -0.00353461 -0.00367628 -0.00126828 -0.0018814 -0.0033161 -0.00134896 -0.00565795 -0.00346792 -0.000597773 0.00506984 -0.00167062 -0.00298787 0.010098 0.00275397 0.00591859 -0.00742137 -0.00474858 -0.00619373 -0.000847343 -0.00180947 -0.0059309 -0.00528989 -0.00325241 -0.00450296 -0.00380657 -0.00853658 -0.00216844 0.00115523 0.00326418 -0.00268115 0.00364423 0.000905885 -0.0011128 -0.00266407 -0.00330991 0.00399209 0.00569525 0.0025458 0.00650261 
-0.00102595 -0.000413014 -0.00314678 -0.000615687 -0.00133471 0.000540595 -0.00640634 0.000897968 -0.000160549 0.00709062 -0.00427716 0.00323081 -0.001019 0.00464435 -0.00201338 0.0886802 0.00407891 -0.0081331 0.000318434 -0.000901784 -0.00298699 -0.00234634 -0.00119921 -0.0030044 -0.00153657 -0.00256085 -0.00472395 0.00040063 0.00835819 0.00388144 -0.000862776 -0.000104843 0.00193237 0.0011477 0.00807455 -0.00019103 -2.03371e-05 0.000195904 -0.00756854 -0.00145248 -0.000794847 -0.00145722 -0.00607904 -0.00439168 -0.00253364 0.00622121 -0.000427356 -0.001069 -0.00143879 -0.00364988 0.000114724 -0.00137782 -0.00188492 0.000210738 0.000561794 -0.00387806 0.00221668 0.00352197 -0.00575925 0.00074369 -0.0043444 0.0024767 0.00104753 0.00172325 -0.00512806 0.00193846 -0.00141976 -0.00181577 0.0015855 -0.00150214 -0.00170172 -0.00449592 -0.0011897 -0.00601595 0.00379998 -0.00147656 0.00404033 0.0011874 -0.00273886 -0.00624149 -0.00267248 -0.0102873 -0.00111381 -0.00265923 -0.00262185 -0.00286436 -0.00126009 -0.00079585 -0.00335991 -0.00285823 -0.00659743 -0.00169111 0.0014109 0.00298349 -0.00136047 -0.00439699 0.00435221 0.00165326 -0.0026299 0.00272412 
0.000328092 0.00187762 -0.0047292 -0.00411788 -0.00227934 -0.00581052 -0.00645199 -0.00560416 -0.00335311 0.00540487 -0.0026192 0.00262534 0.00723965 0.00334309 0.00413922 0.00407891 0.106865 0.00293843 0.00413776 0.00482392 0.000622548 -0.0019753 -0.00536939 -0.0014917 -0.000674709 -0.00343648 -0.00359292 -0.00360669 -0.0104029 -0.00241626 0.00352544 -0.00480143 -0.00330064 -0.00205064 0.00274831 -0.000152011 -0.00671758 -0.00198192 -0.00563156 -0.0054603 0.00186719 -0.00128483 0.00355564 0.00493071 0.000289227 0.0029274 3.25144e-05 -0.000467876 -0.00340137 0.000726043 -0.000386276 -0.00551178 -0.000370018 0.00211179 -0.00256054 -0.00287204 0.00594582 0.000133163 -0.00841833 0.00470319 -0.00373911 -0.00154756 0.00320852 0.00291817 -0.00772797 -0.00243991 -0.00113522 0.00140226 -0.00431463 0.0118628 0.00322525 -0.00360663 -0.00886035 0.000836014 0.0046737 0.00322758 -0.00126912 -0.00718267 -0.000911769 -0.000262335 -0.0012756 -0.0050617 -0.0107036 -0.000139092 -0.00681068 -0.00122959 -0.0100547 0.0010237 0.0024549 -0.00452458 -0.0116347 0.00197866 -0.000690152 -0.000404297 0.0053615 -0.0110487 0.00286109 0.000612425 0.00242371 -0.000116018 
0.00463231 0.00277665 0.00411267 0.000772528 -0.00213562 -0.0065509 -0.00418993 -0.00219334 -0.00126612 -0.00770416 -0.000254948 0.0127488 0.00977774 0.0039816 -0.00503675 -0.0081331 0.00293843 0.161708 0.00237683 0.000490567 0.00851782 -0.00403168 -0.000608794 0.00116462 0.00952905 -0.00237595 0.00397319 -0.00383045 -0.0219467 -0.00425137 0.00150467 -0.00171489 -0.00776653 -0.00516799 -0.0128366 0.00934201 -0.00466331 -0.00754757 -0.00160629 -0.014967 0.020287 0.00646711 0.00227793 0.00274362 -0.00615574 -0.0127655 -0.00057168 -0.0043242 -0.00465065 -0.00439977 0.00144889 0.00410104 -0.000877823 0.00558694 0.00459225 -0.00575647 -0.00532452 0.00464021 -0.00905919 0.00708882 0.00573653 -0.00337511 0.00354999 0.00290429 -0.00436206 -0.000403108 -0.00195179 0.00285907 -0.0030911 -0.011663 -0.0033945 -0.0103584 -0.00445702 -0.00614195 -0.0094487 -0.00774724 -0.00921296 -0.000835125 0.00621654 0.00564177 -0.00941151 0.0176985 0.00873421 -0.000956921 -0.00882585 -0.00539225 -0.000125039 -0.00695815 -0.00527613 -0.00292412 -0.0111884 -0.000120885 -0.00533805 -0.00856287 -0.00414155 0.00147504 -0.00583396 -0.00812642 0.00306387 -0.0131711 
0.00319065 -0.00121663 0.000231187 -0.000899122 0.00140609 0.00112416 -0.00098806 -0.00193012 0.00105924 0.00312411 -0.000587439 -0.00113506 -0.00353972 0.000635866 -0.000450028 0.000318434 0.00413776 0.00237683 0.0775901 -0.00196743 0.00107247 -0.000311214 0.00597434 -0.000984192 -0.00106707 -0.00132433 0.00040846 -0.00270076 0.000614017 -0.00337687 -0.00113019 -0.00617696 -3.9007e-05 -0.000183212 -0.00475158 0.000589348 -0.000782321 -0.000868641 -0.00483961 0.000366425 0.00739977 -0.00224466 0.00497106 0.00212423 -0.00428823 -0.0029811 -0.0003258 -4.86636e-05 -0.00240284 0.00106054 -0.00289061 -0.00238967 0.000593139 -0.00120961 -0.00154781 -0.00416458 1.33248e-06 -0.00331509 -0.00452924 -0.00215569 -0.00416218 -0.00299381 -0.00241123 -0.000985176 -0.000290338 0.000142438 0.00102708 0.00302941 -0.0020077 -5.68916e-05 -0.000202992 -0.00287347 -0.00188086 -0.00027644 -0.00244132 -0.00562034 -0.00580566 -0.000882658 0.000983755 -0.000874377 -0.00135631 0.00157659 0.00111279 -0.000700904 -0.00400039 -0.000506161 -0.00322684 -0.00230957 -0.00227698 -0.00220596 -0.00586692 -0.00126957 -6.3735e-05 -0.00310825 -0.00125976 0.00321617 0.000901559 0.00475548 0.000119611 0.000425471 
-0.00984466 -0.00565387 -0.0100687 0.000428626 -0.00352744 -0.00992474 -0.0022855 -0.0057124 -0.00862279 -0.0131108 0.00276968 0.00313075 -0.00940709 0.000462311 -0.00538784 -0.000901784 0.00482392 0.000490567 -0.00196743 0.1631 0.00424469 -0.000349397 0.00436705 0.00157512 0.00867414 -0.00437531 -0.0104874 -0.00443216 0.0033726 0.00382851 -0.00392267 0.00768027 0.00156427 -0.00219043 0.00773336 -0.00535744 -0.00717736 0.0274968 -0.00354136 0.0231602 0.000240144 0.0157058 -0.00499957 0.00607943 0.0042219 -0.00198986 0.000337688 -0.000874883 0.00348578 -0.0030704 -0.00883826 0.000282996 -0.00471561 -0.00378641 -0.00399709 -0.0136752 -0.00613741 -0.00674222 -0.00105419 0.00647369 -0.00915484 -0.000964041 -0.0119327 -0.00414385 -0.00585335 -0.000638387 -0.0030479 0.00937086 -0.00559911 -0.00640435 -0.010136 -0.00357722 -0.0129062 -0.0157802 -0.0012207 -0.0107801 0.00799582 -0.00458396 -0.00777337 -0.00277855 -0.00739442 -0.0168332 0.010166 0.00118459 -0.000312107 2.75101e-05 -0.00557283 -0.00382928 0.00332609 -0.00387492 0.00341944 6.68969e-05 -0.00355453 0.0105664 0.00420888 0.00911538 -0.000380758 -0.00524748 -0.00255093 -0.010223 
-0.00313884 -0.0040005 -0.00216513 -0.00165754 -0.00183483 -0.00190217 0.000514256 0.000616752 -0.00242582 0.0026012 -0.00278931 -0.00147303 0.00682271 -0.00288587 -0.00256866 -0.00298699 0.000622548 0.00851782 0.00107247 0.00424469 0.0879571 -0.00136635 -0.00041793 0.00101748 0.00268359 0.002133 0.0031273 0.00103112 -0.000806196 0.00325816 0.00196518 0.00654828 -0.00264556 3.60407e-05 0.00573553 -0.00147153 -0.00156171 -0.00215748 -0.000987819 0.0102426 0.00075609 0.000985678 -0.00168027 0.00143486 -0.00252692 0.00419922 -0.00242326 0.00530672 -0.00271741 -0.0020427 -0.000471352 -0.00127893 -0.000605695 -0.00094304 0.00204258 -0.00836463 0.000383863 -0.000596768 -0.00436947 -0.00315545 0.000114152 -0.00167503 -0.00426454 -0.00152095 -0.00534725 -0.000840245 -0.00148812 0.0028772 -0.00260169 -0.0116218 -0.00488643 -0.00121564 0.00197841 -0.0125213 -0.000706119 -0.00719996 -0.00520726 -0.00202288 -0.00467233 0.000975449 -0.000909352 -0.00716616 -0.0031898 -0.000425232 -3.28466e-05 0.00264347 -0.00673788 -0.00147044 0.00188038 -0.00380159 0.00398319 -0.0002201 0.00281064 -0.00773577 -0.0023207 0.00204861 0.000302571 -0.00489143 -0.000646156 -0.00571279 
-0.00362201 0.00250527 -0.00529392 -0.000897992 -0.00225294 -0.00504951 0.000282662 -0.000975185 0.0033482 -0.0031527 -0.000169275 0.000107774 -0.00589678 -0.00246849 -0.000479251 -0.00234634 -0.0019753 -0.00403168 -0.000311214 -0.000349397 -0.00136635 0.0857959 -0.000853832 -0.000454652 -0.00328208 0.00137381 -0.0079605 0.000130598 -0.00852759 -0.00481899 -0.00158 -0.00468874 -0.00221343 -0.000657613 -0.00488549 0.00185769 0.0038596 -0.00433469 0.00510669 0.000981107 -0.000880646 -0.00284438 -0.00120765 -0.00276288 -0.00121975 -0.00734116 0.00306023 0.00142917 0.00243852 -0.000453172 -0.00319485 -0.00172972 0.00111633 -0.00123307 -0.00215468 -0.00375416 0.00132205 -0.0017893 -0.00727855 -0.00564778 -0.0020223 0.00393348 -0.00368409 -0.00403016 -0.00157447 0.00295295 0.00327548 -0.00270023 0.00634527 -0.00836913 -0.000120038 0.00164808 -0.00463401 0.00588205 0.0039673 0.00365579 -0.00029388 -6.69292e-05 -0.00688275 0.000375922 -0.00348877 -0.00645277 -0.0039308 -0.00181728 -0.000628244 0.00222584 0.000519613 0.00011027 0.00322908 -0.00292731 0.0201766 0.00084319 0.00328937 0.000704554 0.00356948 -0.000809252 -0.00286501 -0.000116951 0.00320737 0.00117471 
-0.00763548 -0.001223 8.245e-05 0.000192761 -0.00182779 0.00482106 0.00170147 0.00367029 -0.0032589 -6.31188e-05 0.000758362 0.00138229 -0.00579464 -0.00667593 -0.00446968 -0.00119921 -0.00536939 -0.000608794 0.00597434 0.00436705 -0.00041793 -0.000853832 0.103169 0.00573696 0.0144017 -0.000904516 -0.00268255 -0.00268091 0.0114188 0.00934712 -0.00130672 -0.00164576 0.00727238 0.00469258 -7.19071e-05 -0.00270609 -0.00658936 -0.00208201 -0.00150589 0.00510823 -0.00162703 0.00350028 -0.000290417 -0.00699733 -0.000653772 -0.00671918 0.000537349 -0.00322486 -0.0026987 -0.0018859 4.39573e-05 -0.000474796 -0.0002554 -0.00191444 -0.00345253 -0.00256627 -0.00171257 -0.00486572 -0.00682519 -0.00401051 -0.00818525 -0.0026115 0.0010368 -0.001345 -0.000209897 -0.00231309 -0.00301598 0.0036021 -0.000712552 -0.00090293 -0.00666889 -0.00206598 -0.0117566 -0.00615807 -0.00531331 -0.00885082 -0.00307706 0.00465929 -0.00323138 -0.0045424 0.000866486 0.000770715 0.00517719 -0.00194962 0.00386692 -0.00211521 -0.00149496 -0.00342922 0.000588465 0.00282147 -0.00810505 -0.00241545 -0.00352707 -0.000767891 -0.00514881 0.0107039 -0.00552777 -0.00200764 0.00168375 -0.00475766 
-0.011982 -0.00175946 0.0021763 0.00386905 -0.00151142 -0.00790551 -0.00641722 -0.00312922 -9.72585e-05 -0.00618886 -0.00120825 0.0089122 -0.000764391 0.00292206 -0.00107743 -0.0030044 -0.0014917 0.00116462 -0.000984192 0.00157512 0.00101748 -0.000454652 0.00573696 0.113414 0.00987979 0.000697706 -0.00517737 -0.00282424 0.00627791 -0.00140666 -0.00197525 0.00559605 0.00250132 0.000490757 -0.000839787 0.00457215 0.00236433 0.00390987 -0.00129287 -0.00943965 0.00180421 -0.0018558 -0.00326701 -0.00317611 0.00235569 -0.00850368 -0.0035403 -0.00405462 -0.0020781 -0.00134649 0.00345538 -0.000318383 -0.00360526 -0.00187347 -0.00286364 0.00109714 -0.00350967 -0.00893218 -0.00162213 0.00407772 0.00483291 -0.00268633 -0.00877064 -0.000561729 -2.8267e-05 -0.00301887 -0.00612808 0.00268868 -0.00053554 -0.00816294 -0.00378197 0.000809189 -0.00432481 -0.00766654 -0.0038215 -0.00313499 -0.00286541 0.000169971 -0.00550529 -6.63065e-05 0.000851587 0.00249049 0.00638617 -0.00173527 -0.00296793 -0.000760958 -0.00833629 -0.00288607 -0.002191 0.00103524 -0.00278674 0.00364745 0.00088086 -0.00317986 0.000887525 -0.000311688 -0.00301748 -0.00447898 0.00256419 -0.0019222 
-0.00641444 0.00163981 -0.00260431 0.00641867 0.010296 -0.00127193 0.000110305 -0.00289067 -0.00440751 0.00785698 -0.000474211 0.00309937 -0.00330526 -0.0141913 0.000529368 -0.00153657 -0.000674709 0.00952905 -0.00106707 0.00867414 0.00268359 -0.00328208 0.0144017 0.00987979 0.186671 0.000379215 -0.02623 -0.00217529 0.00826942 0.0190838 0.00541188 -0.0110564 -0.00178953 0.00402792 0.0102608 -0.00361745 0.0144361 0.0168969 -0.012832 0.0174108 0.00318582 0.0142036 0.000688413 -0.0112567 -0.00203417 -0.00583326 -0.00161698 -0.00532325 0.00328499 0.00155554 0.00308945 -0.00555336 -0.00126201 -0.00568664 -0.004427 -0.0024403 -0.00782608 -0.00795655 -0.0153656 -0.00413041 -0.00382358 4.98325e-05 0.00738049 -0.00336704 -0.0107149 -0.0024254 -0.00459611 0.00268454 -0.00663962 -0.0155826 -0.0147953 -0.00497634 -0.00743655 -0.0209964 -0.0172285 -0.00695964 -0.0149366 -0.0028253 -0.012813 -0.00386577 0.00196592 0.00718683 -0.00338722 -0.0095387 -0.00297672 0.0105504 -0.0111332 -0.000932141 -0.00318956 -0.00420173 -0.00870891 0.000341093 -0.00279517 0.00301768 -0.00657083 0.00507461 -0.000534937 -0.0190879 -0.00352738 -0.0111256 
-0.00539349 -0.000178387 -0.00148178 0.00255188 0.000188148 0.000744098 0.00707184 0.00330537 0.000805315 0.00302088 -0.00252301 -0.00374566 -0.00212067 -0.000969831 0.00370677 -0.00256085 -0.00343648 -0.00237595 -0.00132433 -0.00437531 0.002133 0.00137381 -0.000904516 0.000697706 0.000379215 0.0740132 -0.00236092 0.00141329 -0.000249838 0.00433176 0.00215599 -0.00380578 -0.00464292 -0.0007709 0.00174762 0.000962444 -0.00207239 -0.00834683 -0.00757326 -0.00292112 -0.0036599 -0.00725616 -0.00433949 -0.000654521 -0.000671705 0.00205009 0.00326241 -0.0016463 8.30409e-05 -0.00134409 0.00318903 -0.0017469 -0.00155215 -0.000592638 -0.000449628 -0.00487013 -0.00438004 0.00192833 0.000257662 -0.00215011 -0.000197104 -4.99564e-05 -0.000381776 -0.00289898 -0.000994087 -0.000806071 -0.000267488 -0.0020341 -0.00165196 -0.0102214 -0.000513904 -0.000253989 0.00473919 0.00201854 -1.0889e-05 -0.00541319 -0.00486636 -0.00258649 0.00352833 -0.00174132 0.00177303 0.00286503 5.97569e-05 -0.00278066 -0.000842127 -0.00183473 0.0030803 0.00141239 0.000495755 0.000292805 0.000555598 -0.000730509 -0.000502737 -0.00421978 -0.000415469 0.00406284 -0.000555044 -0.00155382 -1.90958e-05 0.00153459 
0.000779132 -0.00569996 0.013799 -0.00443518 -0.0151858 -0.0026952 -0.00176617 -0.00233505 -0.0084187 -0.0126426 0.000849221 0.001718 -0.000269617 -0.00505357 -0.00980085 -0.00472395 -0.00359292 0.00397319 0.00040846 -0.0104874 0.0031273 -0.0079605 -0.00268255 -0.00517737 -0.02623 -0.00236092 0.21638 -0.00686373 0.0113923 -0.0153197 0.000722274 0.00368516 -0.0095831 -0.00545562 -0.00797793 -0.0040689 -0.00324464 -0.0132428 -0.00222103 -0.0199521 -0.00574776 -0.0106034 -0.016957 0.00668581 -0.0017777 0.00103384 -0.013647 -0.00606904 -0.00898115 -0.0154666 -0.0019941 -0.0100599 -0.00644681 0.00621359 0.00491105 0.000948377 -0.00379739 -0.00514908 0.0127403 -0.00365415 -0.0107476 -0.0101618 -0.000621625 -0.0054024 -0.0200338 -0.00609625 -0.00048118 -0.00317196 -0.00986527 0.0195164 0.00588568 0.0210201 0.0207513 -0.0180658 0.0127201 0.00236638 0.0113941 0.0253474 0.0195939 0.00292988 0.000886057 0.0125139 -0.000642401 0.0059408 0.00410581 -0.00970666 0.00107016 -0.00575381 -0.00292303 0.00320236 -0.000985818 0.0053838 0.0081003 -0.0075472 -0.0100065 -0.0106302 -0.00318279 -0.00696392 -0.00653749 0.00723101 
-0.00348624 -0.000273321 0.00095301 0.000450949 -0.00184836 0.00659063 0.00404272 0.00618441 0.000359298 -0.00187462 0.00279788 -0.00112272 -0.000699215 -0.00397115 -0.00187522 0.00040063 -0.00360669 -0.00383045 -0.00270076 -0.00443216 0.00103112 0.000130598 -0.00268091 -0.00282424 -0.00217529 0.00141329 -0.00686373 0.0720575 -0.00214611 0.00505489 0.00337739 -0.000510466 -0.00176149 0.00116531 -0.000793324 -0.00543052 -0.000208696 -0.0011802 -0.00625788 -0.000275298 -0.00154155 -0.000769597 -0.0068524 -0.000898481 0.00391074 0.00127615 -0.00230374 -0.000359768 -0.00127719 -0.000681842 -0.00064984 0.001452 0.00066448 -0.000401835 -8.69223e-05 -0.00341072 -0.00312592 0.00149057 -0.000229596 -0.00350846 -0.00304833 0.00167323 0.00170755 -0.000984401 0.00395462 0.00274752 0.00282038 -0.00369792 8.56728e-05 0.00146948 -0.00183332 -0.000394653 -0.000964712 -0.000359727 -0.000193089 -0.00333975 0.000425811 -0.00221453 -0.00208827 0.00125609 -0.000589554 -0.00271017 -0.00262456 -0.00158118 0.0024841 -0.00207907 0.00158071 0.00296013 -0.00081082 -0.00116013 0.00430265 -0.00310639 -0.000912597 -0.00181435 0.000148739 -0.00657105 -0.00172311 -0.00121897 -0.00166091 -0.00581172 
-0.00431986 -0.00670764 0.0117537 0.000526495 -0.00605706 0.0174296 -0.00517055 -0.00549547 -0.011159 -0.00629258 -0.0023669 -0.00337626 -0.0170163 -0.015403 -0.000831285 0.00835819 -0.0104029 -0.0219467 0.000614017 0.0033726 -0.000806196 -0.00852759 0.0114188 0.00627791 0.00826942 -0.000249838 0.0113923 -0.00214611 0.187393 0.0199512 0.00117275 0.000999258 0.017162 0.00204486 0.00460337 -0.00557948 0.00223192 0.00199621 -0.0184146 0.00869049 -0.00549955 -0.00526854 -0.00817299 -0.00931835 0.00867314 0.00724482 -0.0117936 -0.00291295 -0.001515 0.00233485 -0.0036617 -0.00647307 -0.00238909 -0.00265122 -0.00601284 -0.000604919 -0.00624211 -0.0145873 -0.00168341 -0.00904566 -0.00383971 0.00447236 -0.00541541 -0.00761997 -0.00125948 -0.00566952 -0.00380096 -0.00285924 -0.00668733 0.00198575 -0.00121172 0.0107513 0.0177543 -0.00964567 -0.00260052 0.00802601 -0.0018503 0.00523759 -0.0029171 -0.00370822 -0.000639041 -0.0106922 -0.00320867 -0.00421308 0.00915807 0.000460844 -0.00437267 0.00036563 0.00130765 -0.00238152 0.000371278 -0.00517826 -0.00563246 0.00452767 -0.0140287 -0.0108937 -0.00525978 -0.0144606 -0.00806721 -0.0101151 
-0.000703583 -0.00338133 -0.000677632 0.00109611 0.00102442 0.00201087 -0.000443451 0.000341658 -0.00423271 -0.00190567 -0.00678372 0.00412461 -0.00785985 -0.0151732 -0.00203778 0.00388144 -0.00241626 -0.00425137 -0.00337687 0.00382851 0.00325816 -0.00481899 0.00934712 -0.00140666 0.0190838 0.00433176 -0.0153197 0.00505489 0.0199512 0.135223 0.00559232 -0.00410233 -0.000617915 0.0047846 0.0062586 -0.00586011 0.0012945 -0.011795 -0.0122304 0.00577567 -0.00136123 -0.00100358 -0.00707433 -0.00218981 0.00437163 0.00821512 -0.00148014 -0.00499515 -0.00473494 -0.000129071 0.00306477 0.00645031 0.000859036 0.00228078 -0.00307968 -0.000113145 -0.0025913 -0.00126745 -0.0107743 -0.00592332 -0.00595882 0.00378467 0.00152351 -0.00358353 -0.00588172 -0.00446696 -0.00269947 -0.00036945 -0.000774009 -0.00856269 0.00610331 0.00208481 -0.000239397 -0.00352382 -0.00501904 0.00191053 -0.00844936 0.00224502 -0.010387 -0.000300485 -0.00180641 -0.00906879 0.00567594 0.00141658 0.00710546 -0.00487726 -0.00110379 -0.00190142 0.00103883 0.00267592 -0.00218203 -0.00717809 -0.00659239 -0.00494477 -0.0104964 7.65342e-05 -0.00332087 -0.0115687 -0.00519246 -0.010585 
-0.00145527 -0.00161245 -0.00215246 -0.000288268 -0.00058495 -0.00141458 -0.00190438 -0.000453412 -0.00308162 0.00123549 -0.00259585 -0.00530565 0.00446848 -0.00401768 -0.00212667 -0.000862776 0.00352544 0.00150467 -0.00113019 -0.00392267 0.00196518 -0.00158 -0.00130672 -0.00197525 0.00541188 0.00215599 0.000722274 0.00337739 0.00117275 0.00559232 0.0705986 -0.00099014 -0.000248154 0.00129846 0.00193624 0.00124076 0.00336361 -0.00202382 -0.00248446 -0.00361567 -0.00158953 0.00100067 -0.00555291 -0.0020184 -0.0011773 0.00257494 -0.00390049 -0.00305264 0.00257343 -0.00149098 -0.00261804 -0.00045444 -0.0010568 -0.000697695 0.000436731 0.00116773 0.00166899 -0.00179131 -0.00605545 -0.00382711 -0.00368714 0.00224473 0.00153326 -0.00199566 -0.00467575 -0.00154612 0.00319146 -0.00127596 -0.00187351 -0.00265603 -0.00300282 -1.13394e-05 0.00190076 -0.00547402 -0.00364141 -0.000595977 -0.00408479 -0.00150075 0.0025118 0.00159534 0.00221884 -0.00322844 -0.00139763 -0.00154757 -0.000141837 0.00253468 -0.00375186 0.00240023 0.00129006 -0.000131429 0.00139676 0.000696248 -0.00227418 -0.002706 -0.00191269 -0.00479756 0.000978175 -0.00283505 -0.000454878 0.000132279 
0.0153218 -0.00949867 -0.000267843 -0.00768388 -0.00727068 0.00473254 -0.0121794 -0.0093456 0.00137596 -0.0112859 0.000300556 2.2565e-05 0.00259969 -0.00123227 -0.00797461 -0.000104843 -0.00480143 -0.00171489 -0.00617696 0.00768027 0.00654828 -0.00468874 -0.00164576 0.00559605 -0.0110564 -0.00380578 0.00368516 -0.000510466 0.000999258 -0.00410233 -0.00099014 0.16686 -0.00159175 -0.00153755 0.0123843 -0.00179085 3.45664e-05 0.0011844 0.0100702 0.00864166 -0.0156418 -0.00549735 -0.00476286 0.00408966 0.00166142 0.0151582 -0.00946404 0.00127526 -0.00536152 -0.00709396 -0.00810827 0.00232142 -0.000434418 -0.00226649 0.00283276 0.00399585 0.00103166 0.00125098 0.0024959 -0.0018563 0.00512388 0.00014925 -0.00729324 0.00078306 0.0132482 -0.00249296 -0.000281433 -0.00578482 0.00145438 0.000447382 -0.00796166 -0.0147159 -0.00191981 -0.00760251 -0.000667815 -0.00788298 0.00994297 -0.00882704 -0.0092993 -0.00706262 -0.00413327 0.00908614 -0.0106661 -0.00489832 -0.00564037 0.000478832 0.00755755 -0.00754758 -0.00533151 -0.00824406 0.00141937 -0.00933125 -0.0030345 0.00248641 -0.0100193 -0.00323693 0.00169791 -0.00544829 -0.00152729 -0.00543122 
0.00325443 -0.00210221 -0.000914182 -0.00357298 0.000422385 0.000314573 0.000124841 -0.00788923 -0.00048262 -0.00349783 0.00122119 -0.00112374 -0.0110986 -0.000191066 0.00197136 0.00193237 -0.00330064 -0.00776653 -3.9007e-05 0.00156427 -0.00264556 -0.00221343 0.00727238 0.00250132 -0.00178953 -0.00464292 -0.0095831 -0.00176149 0.017162 -0.000617915 -0.000248154 -0.00159175 0.123482 0.00455012 -0.00157544 -0.00422152 0.00157071 0.0118279 -0.00359757 0.0049064 0.000191465 -0.00325463 0.00297977 -0.00404721 0.00226728 -0.00189953 -0.00388596 -0.000703599 0.00154589 0.00565089 0.0127451 -0.00550627 0.00145069 -0.000261389 -0.00475641 0.00104789 -0.00793551 -0.00479159 0.00254405 -0.000173092 0.00165573 -0.00273167 -0.00859461 0.00187577 -0.00118086 -0.00452315 -0.00357108 0.00265463 -0.0037386 0.00247306 -0.00449244 0.00211239 -0.0077162 -0.0060369 -0.006437 -0.00438347 -0.000820066 -0.00514736 -0.0110855 -0.00690315 -0.00519223 -0.0100355 -0.000977319 -0.00175855 -0.00257615 0.00414569 -0.00427391 -0.0028843 0.00189265 -0.00417266 -0.0104097 -1.27554e-05 -0.00424711 0.00810733 0.00122849 -0.00924545 0.000431363 0.00219358 -0.00138469 0.0049429 
-0.00646913 0.000967625 0.000181213 0.00219212 0.000857936 0.00658004 0.00574938 -0.000383206 -0.00148733 0.00382957 -0.000905521 0.00182897 -0.00330243 -0.00208496 -0.0019852 0.0011477 -0.00205064 -0.00516799 -0.000183212 -0.00219043 3.60407e-05 -0.000657613 0.00469258 0.000490757 0.00402792 -0.0007709 -0.00545562 0.00116531 0.00204486 0.0047846 0.00129846 -0.00153755 0.00455012 0.0595054 0.00140859 -0.000394023 0.00194463 0.00445826 0.00140987 0.00949507 -0.000473345 0.00421867 0.00151038 -0.00140335 0.0011874 0.00362795 0.000183645 -0.00277253 0.00027941 0.00140856 -0.000925141 -0.000894752 -0.000755901 -0.00113 -0.00198049 -0.00306682 -0.00230563 -0.001065 -0.00438328 -0.00298622 -0.00192818 8.38128e-05 0.00173212 -0.00148941 -0.00416917 -0.00109649 -0.000602951 -0.00226179 -0.00216151 -0.00751461 -0.00379884 -0.00129815 -0.00503782 -0.00454101 -0.00500297 -0.00616714 -0.00457923 -0.00409466 -0.00492653 0.00136262 -0.00199775 -0.00158233 -0.00372392 -0.000465529 -0.00191634 0.00186995 -0.00140202 -0.000774371 0.000318537 -0.00439238 -0.00310258 -0.000260582 -0.000240412 0.00235448 -0.00204176 0.000907186 -0.00371357 -0.00136604 -0.000402419 0.00152896 
