0.161187 -0.00123818 0.00476416 -0.00429007 0.00019443 0.0163788 -0.00277561 -0.00397112 -0.00632053 -0.00525093 -0.010124 0.00576563 -0.00810083 -0.000918719 -0.0094526 -0.0131081 -0.0103362 -0.00664002 -0.00478335 -0.00338288 -0.0102082 0.00661779 -0.00969948 -0.00378084 -0.0106042 -0.00908142 -0.00630876 0.00517931 -0.00862844 0.00532868 0.0100633 0.00625407 0.00170326 -0.0101792 -0.0105711 0.00429406 0.00100599 -0.00148222 0.000482509 -0.00068653 0.00513201 -0.0106312 0.00371014 -0.0132601 -0.0051079 0.0021623 0.0175934 0.0166416 0.00321074 -0.00224781 0.00630341 0.00135225 -0.00216627 -0.0058532 -0.00231616 -0.00431305 -0.00336393 -0.00289248 -0.00222376 -0.00282039 -0.00131957 -0.00251506 0.00117694 -0.000966617 0.00142303 0.00175199 -0.00768913 0.00326311 -0.00542415 -0.00282917 -0.000772643 -0.00278301 -0.0073595 -0.00900652 -0.00197573 -0.00749838 -0.00787782 -0.00266795 -0.000609332 0.0133722 0.00235886 -0.00107249 -0.00121868 0.00777977 -0.00585674 -0.00568908 -0.00141902 -0.000961067 -0.00283857 -0.00324981 -0.00542129 -0.0016635 -0.0142937 0.0102387 -0.00327443 -0.00474821 -0.00345493 8.46003e-05 0.00654158 0.0122605 
-0.00123818 0.0775801 0.00559023 0.0049485 -0.000497253 -0.00184003 -0.000479888 -0.0016446 0.00449504 -0.00578757 -9.92096e-05 0.00425637 0.00245403 0.00586289 0.000358961 -0.002792 0.000360135 0.00281107 0.00417323 0.00190576 -0.0100681 -0.00254 0.00096115 -0.000594878 -0.00188043 -0.000325929 0.00158233 -0.00342793 0.00078232 0.00202799 9.8519e-05 -0.00387645 0.00187204 -0.00119784 -0.000880965 0.0014273 0.00375248 -0.0019641 0.00349142 -0.00232783 -0.00483109 -0.0023215 -0.00100787 0.00107524 -0.00167879 -0.00297706 -0.00210851 -0.00755015 0.000796991 -0.00790224 -0.00226467 -0.000562482 -0.00298654 -0.00184507 0.00127917 0.000950918 -0.000418001 0.000558417 -0.000416594 -0.000552089 -0.00172766 -0.00516376 0.00259729 -0.000435147 -0.00452676 -0.00555041 0.00310233 0.000804247 -0.00409617 -0.00018572 -0.00135144 -0.00611294 -0.00146064 3.35318e-05 0.000526222 -0.00536573 -0.00431163 -0.00291418 -0.00234906 0.000157957 0.00119836 4.77627e-05 -0.000314138 0.000726882 -0.00195395 -0.002234 0.000630127 -0.00373664 -0.00279806 -0.00247035 -0.00250258 -0.00390927 0.0021409 0.00289665 -0.00151502 -0.00111653 0.000759598 0.00114693 -0.00360391 0.00237021 
0.00476416 0.00559023 0.185466 0.00471576 0.00281434 0.0087703 -0.00527355 0.00311649 0.00631912 -0.0319437 -0.00909221 -0.00214507 0.00653081 0.0182658 -0.00123939 0.0016709 -0.00584146 -0.00537728 0.0048956 -0.00619158 -0.0232782 0.00487266 -0.00203109 0.00964521 0.0108795 -0.0067324 -0.00295285 -0.00350373 -0.000872701 -0.00527077 0.00645818 -0.0209298 -0.00667015 -0.00859208 -0.0168379 -0.00719087 -0.00240514 -0.0065691 -0.00603865 0.00395472 -0.00616516 -0.00510234 -0.00719063 -0.000469378 -0.00523687 -0.00523856 0.012551 -0.00490877 0.00191989 0.00104307 -0.00562112 -0.00326764 0.000917355 0.00361112 0.00606547 -0.0100043 -0.00145844 -0.000957823 -0.000783498 -0.00280231 -0.00551357 0.000652172 0.0067353 -0.00586486 -0.00406774 0.00378684 -0.00633087 -0.00139343 0.0134942 0.000860596 -0.00448788 -0.00711032 -0.00458871 0.000284497 -0.00544541 -0.00730619 -0.00545551 0.00214616 0.00366383 0.00400232 0.00255716 2.5659e-07 0.00523209 -0.00312601 -0.0131471 -0.00854608 -0.0011817 -0.00710082 -0.00673165 0.0109471 -0.00788927 -0.00394078 -0.0110151 -0.000316528 -0.011363 0.00233934 0.00174797 0.00585791 0.00434026 -0.00537713 
-0.00429007 0.0049485 0.00471576 0.160199 -0.00447252 -0.00464319 -0.00205582 0.00610619 0.00465643 -0.00454787 -0.0112796 -0.0123289 0.0182967 0.0159593 0.00281495 -0.00886728 -0.00445452 0.00037275 0.00193012 -0.00280123 -0.000382721 -0.00796728 0.00899896 -0.00627034 0.00260373 -0.00406385 0.00370687 -0.00879453 0.00252769 0.00396635 0.000467484 -0.00284056 -0.00338005 -0.00373449 0.00449723 -0.00413336 -0.0074804 -0.000641889 -0.00445527 -0.0103739 -0.0136296 -0.00675942 -0.00466706 0.00839758 0.00260224 -0.00568219 -0.00161817 -0.00631409 0.00398842 -0.00721809 0.00117857 -0.00099783 -0.00506037 -0.00169394 -0.00404952 -0.00776865 -8.87052e-05 -0.00371771 0.000868791 -0.00316129 -0.00230557 -0.00433133 -0.0030303 0.00181259 0.000729598 -0.010257 -0.00451253 -0.00556272 -0.00838637 -0.00158933 -0.00211708 0.00205457 -0.00705055 -0.0036524 0.00381717 -0.000256574 0.00696012 0.000665154 -0.00630659 -0.00619928 0.00484909 0.00787733 0.00588502 0.00502689 -0.00626393 -0.00664626 -0.00197959 -0.00338766 -0.00602489 -0.00159445 0.00304306 -0.00599126 -0.00457472 -0.00433657 0.00413957 -0.00179644 0.007243 -0.000586078 -0.00694487 -0.00553595 
0.00019443 -0.000497253 0.00281434 -0.00447252 0.0877658 0.00217094 0.00270205 0.000268438 0.00980846 0.00287057 0.000129211 -0.00192969 -0.00334849 -0.00774902 -0.00248277 -0.00361186 -0.00481158 -0.00542098 -0.00291199 0.00310139 0.00323053 -0.000479387 -0.00295335 -0.0042009 -0.00469898 -0.00139354 0.00105585 0.00339524 0.000813571 -0.00147784 -0.000503702 0.000556071 -0.000189803 0.000667154 -0.00430088 0.00189252 0.000919766 0.00141742 -0.00216066 -0.00203842 0.00104773 -0.000276815 0.00279572 -0.00238284 -0.00196313 -0.000151646 -0.00142204 -0.0049527 0.00228289 -0.00161332 0.00137836 -0.00211537 -0.000511491 -0.00269219 -0.00563081 -0.00242072 -0.00339712 0.00531314 0.000417945 -0.00238662 0.00211498 -0.00315627 -0.0015727 0.000690709 0.00337845 -0.00267216 -0.00537228 0.000997863 -0.000633959 -0.000163852 -0.00218313 -0.00475052 -0.00240256 -0.000601488 0.00174966 -0.0012196 -0.00101881 0.0003765 0.000553884 -0.000736063 0.00651982 -0.0038611 -0.00698899 -0.000874573 -0.000260009 -0.000870604 0.00128191 0.00400334 3.39888e-05 0.00487423 -0.000286555 -0.0020094 -0.00670809 -0.00305061 -0.00121133 -0.00714071 -0.0025611 -0.00437921 -0.00400488 -0.00134397 
0.0163788 -0.00184003 0.0087703 -0.00464319 0.00217094 0.0974653 0.0010916 -0.00275412 -0.00158314 -0.00397419 -0.00231885 0.00108022 -0.00185635 0.00460466 -0.00518226 0.000799646 -0.00420907 -0.00475995 -0.000863844 -0.00644268 -0.00703893 0.00369062 -0.00655265 4.18853e-05 -0.00340328 -0.00061832 -0.00182218 0.00319563 -0.00410452 -0.00383968 0.000291574 -0.00705855 -0.000180721 -0.000458524 -0.00909938 -0.00277016 -0.0017363 -0.000740926 -0.0039818 0.00185108 -0.00200235 -0.00115433 -0.00187475 -0.000654821 -0.000674043 0.000967457 0.00829543 0.00415011 0.0044586 0.0103613 -0.00580758 -7.9821e-06 -0.00076037 -0.00427025 -0.00488713 -0.0017979 -0.00362717 -8.53939e-05 -0.00133595 -0.00134473 0.00017724 -0.00182206 -0.00307994 -0.00306219 0.00494363 0.00022637 -0.00290866 0.00152359 -0.00412953 -0.00256046 0.00689236 0.00065596 0.00104363 -0.00217719 -0.00127382 -0.00149663 -0.00395017 0.00217959 -0.00231401 0.00348648 -0.003068 -0.00217154 0.0040114 -0.0055279 -0.0060033 0.00210298 0.00113074 0.00141973 -0.00176002 -0.0014968 -0.00501216 -0.00110464 -0.00830715 0.00334305 -0.00267763 -0.0067919 -0.00615076 -0.000673549 0.00341467 -0.00257817 
-0.00277561 -0.000479888 -0.00527355 -0.00205582 0.00270205 0.0010916 0.0741999 0.000298146 0.00406507 0.00355607 -0.00017121 0.0040888 -0.00406909 -0.00746748 -0.00177273 0.000737149 -0.00411011 -0.00251436 -0.00111854 -0.000814364 0.000491502 -0.00393938 0.000368971 -0.000789369 -0.00222884 -0.00116886 -0.00183665 0.00141923 -0.000882671 -0.00212686 -0.00185573 0.000842912 -0.000519305 0.00150484 0.00511724 0.00335194 0.00127442 0.00248658 0.00159711 0.00288864 0.00440651 0.000863449 -0.00107261 -0.00688192 -0.00204524 -0.000337351 -0.00213579 -0.00117625 -0.0010537 0.00331527 -0.00131244 0.000329068 -0.00260991 -0.00274181 -0.00322882 5.05996e-05 0.00159376 -0.000383842 -0.000784457 -0.000594387 -0.0013684 0.00662818 -0.0033498 0.000227051 0.00510181 0.00254534 -0.000877953 -0.000241778 -0.00275597 0.000755516 -0.00211393 0.00387271 0.00026187 -0.00217824 0.000988401 -0.00187019 -0.00027846 -0.00251717 -0.000627762 -0.00134461 -0.00451381 -0.00257755 -0.0071744 -0.00198207 1.59176e-06 -0.00297835 0.000378162 -0.00279511 -0.000982559 -0.00714527 -0.00289709 0.000153906 -0.00233484 -0.00348492 0.0021495 -0.00658964 -0.00344055 -7.28547e-05 -0.000802779 -0.00207988 
-0.00397112 -0.0016446 0.00311649 0.00610619 0.000268438 -0.00275412 0.000298146 0.10724 -0.000123853 -0.00924187 -0.00127666 0.000434049 0.00506505 -0.0050072 -0.00384563 0.000536797 -0.00266075 -0.00152885 0.00379052 -0.000993455 0.00487375 -0.00555537 -0.000737746 0.00543108 0.0063217 0.00274775 0.00380784 -0.00378959 -0.00120389 -0.00204992 0.00223965 -0.0111738 -0.00375356 -0.00033024 0.00834456 -0.00293771 -0.00115567 -0.00283935 -0.00470684 0.00267691 -0.00563133 0.00227278 -0.000683 -0.00301809 -0.00216101 0.0016224 -0.00445864 -0.00459121 -0.00120133 0.00753973 0.000436625 -0.00464612 -0.00190956 -0.000823 0.00192004 -0.00483381 0.000596203 -0.00196234 0.00111861 -0.00177623 0.00245743 -0.00464403 -0.00322857 0.00134007 6.62078e-05 0.00153732 -0.00811088 0.000252459 -0.00176485 -0.00231773 0.000710923 -0.00181734 -0.00324898 0.00314605 0.00258589 0.00312212 -0.000933729 0.000824817 0.000616005 -0.00165641 -0.00352945 -0.00104698 -0.0132365 0.00259445 -0.00447322 -0.00222232 0.00103079 -0.00320265 -0.00500967 0.000800007 -0.00134396 3.06996e-05 4.26766e-05 -0.00698384 -0.00209768 -0.00467475 -0.00177024 -0.000512065 -0.00442828 -0.00673119 
-0.00632053 0.00449504 0.00631912 0.00465643 0.00980846 -0.00158314 0.00406507 -0.000123853 0.149601 -0.0141831 0.0112371 -0.000570031 -0.000349266 0.00855983 -0.00012307 0.00466373 -0.00738011 -0.00468491 0.00159431 0.00176071 0.0134182 -0.000171989 -0.00703478 0.00365629 -0.00261444 -0.00378085 -0.0103119 -0.0111355 -0.00943164 -0.0117583 -0.00880195 -0.0123364 0.000996798 -0.0112947 0.00366291 -0.000765772 -0.0115297 -0.000250499 -0.00311388 -0.00148789 0.00472419 -0.00585233 0.000693983 0.006005 0.00874836 -0.00472055 -0.0060647 -0.00126705 0.00849595 0.0126857 -0.00956706 -0.00770352 -0.00793786 -0.00727058 -0.0129345 -0.00204653 -0.00142431 -0.000382915 -0.00161307 -0.000518712 -0.000912212 -0.00711324 0.00229236 0.000338451 -0.00371785 -0.00396847 -0.00216434 -0.00689817 0.00613449 -0.00262812 -0.0144989 -0.00685241 0.0108057 0.000190559 -0.00946128 0.00335541 0.000901359 -0.00780835 0.00357134 -0.00886364 -0.00958406 0.00186491 -0.00562006 0.00139677 -0.00102047 -0.00456831 -0.00364555 -0.00107146 -0.00302252 -0.0012771 0.0023418 0.00251842 -0.000587126 0.010561 0.00474659 0.00801604 -0.00420916 -0.00431482 -0.003651 -0.000983239 
-0.00525093 -0.00578757 -0.0319437 -0.00454787 0.00287057 -0.00397419 0.00355607 -0.00924187 -0.0141831 0.228854 0.00332945 0.00406569 -0.00983816 -0.014383 -0.0065635 -0.00363406 -0.0111363 -0.00302465 -0.000501203 -9.9102e-05 0.0141241 -0.00895962 -0.00633171 -6.78194e-05 -0.0124844 0.00437136 -0.0102008 0.0161162 0.00142141 0.00888564 -0.00172445 0.0232196 0.00948568 0.00710431 -0.013562 0.00101493 7.74171e-05 -0.00188933 0.0177854 0.00370228 0.0133264 -0.00189308 -0.00906735 -0.00791486 0.00125088 -0.00399349 -0.00719569 -0.0033356 -0.00750454 -0.0126306 0.00966272 -0.00613499 -0.00458406 -0.00372981 -0.00534527 -0.01482 0.00757143 0.000705151 0.000291002 0.000749868 -0.00478277 0.00585212 -0.0064352 -0.00434595 0.00240372 -0.0064009 -0.0009624 -0.0122059 0.0109255 0.00281007 0.00718334 0.00306015 -0.00526771 -0.00747472 -0.00966572 0.0063086 -0.00415267 -0.0127332 -0.00393019 0.00471615 -0.0184809 -0.00847855 0.0110937 -0.0107727 0.000564496 0.00108226 -0.00352369 -0.00552282 0.00295796 -0.0131764 -0.00181132 0.00171408 0.00727759 -0.00147962 0.000817399 -0.0122584 -0.0169205 -0.00384099 -0.0085597 -0.00164664 
-0.010124 -9.92096e-05 -0.00909221 -0.0112796 0.000129211 -0.00231885 -0.00017121 -0.00127666 0.0112371 0.00332945 0.227579 0.0173343 0.00582293 -0.0121174 0.0032075 -0.00454506 0.00322138 0.000818939 -0.00729123 0.0109054 -0.00148875 0.00135752 -0.0164408 0.000183659 -0.00587261 -0.00302029 -0.000611102 -0.0102243 -0.00886476 -0.00750895 -0.002728 0.0236723 -0.00455355 0.00304719 0.000556363 -0.0113475 -0.00627412 -0.00948044 -0.00198149 -0.000524182 -0.00344379 -0.00471229 -0.00339507 -0.00757038 0.00365435 -0.000426393 -0.00844623 -0.00106802 0.00276605 -0.0109357 -0.000869019 -0.0102187 0.00262797 0.0100895 -0.011488 -0.0151808 0.00466602 -0.00252305 -0.00246136 0.00129237 -0.00586403 -0.004518 0.0044154 8.41657e-05 -0.0052061 -0.0210007 0.0186562 0.00159806 0.00692125 -0.00353268 -0.00955138 0.00290274 -0.00601422 -0.0149558 -0.00966669 -0.00199197 -0.00779473 -0.00157947 -0.00410283 -0.00501418 -0.00110289 -0.0134385 -0.00668823 -0.00552111 -0.000324981 -0.00689882 -0.00665534 -0.00633398 -0.00216157 -0.00427673 0.00796413 -0.00487164 0.0155385 -0.000485217 -0.00331843 -0.000418807 0.00559837 -0.0133086 0.0138957 -0.00650018 
0.00576563 0.00425637 -0.00214507 -0.0123289 -0.00192969 0.00108022 0.0040888 0.000434049 -0.000570031 0.00406569 0.0173343 0.129801 0.00709405 -0.00455443 -0.00112123 0.00620433 0.00683855 -0.00417407 -0.00219435 0.00862366 -0.00100313 0.00959727 -0.00633719 -0.00384192 -0.00250487 -0.000556118 -0.00662299 0.00122554 -0.00529139 -0.0125009 -0.00511204 -0.00846135 0.000432775 0.00278697 0.00414687 -7.88535e-05 -0.00114628 -0.00445015 0.00444508 6.15583e-05 1.84306e-05 0.00067784 -0.00175958 -0.00526069 -0.00265567 0.00143659 -0.00910322 -0.00611325 -0.00457948 -0.000253812 -0.00503615 -0.00613378 -0.00212343 -0.00115966 0.0096487 -0.00861131 0.000487048 0.00417583 -0.00248216 -0.00122018 -0.00255299 -0.00430652 0.000688639 -0.00364819 0.000276756 0.00467408 -0.00421595 0.00854176 -0.00804422 -0.0017136 -0.00446383 0.00188587 -0.00604369 -0.00833352 0.00333648 -0.00414973 -0.00406772 -0.000928593 -0.00177857 -0.0065188 -0.00237662 -0.00482193 -0.00725216 0.00278707 -0.00787885 0.00459123 0.000822546 -0.00496634 0.00134577 -0.00836205 -0.00390476 -0.00452318 0.00271406 0.004759 -0.00488936 -0.00554538 -0.0078914 -0.000792825 -0.00894014 0.0051778 
-0.00810083 0.00245403 0.00653081 0.0182967 -0.00334849 -0.00185635 -0.00406909 0.00506505 -0.000349266 -0.00983816 0.00582293 0.00709405 0.209321 0.0187479 -0.0017549 0.00963971 0.00552151 0.00985082 -0.00756176 0.00702591 -0.000615862 -0.00809219 0.00353977 -0.0012861 -0.00396319 0.00716642 -0.00375061 -0.00883036 -0.00358019 -0.0137519 -0.00698068 -0.00403833 -0.00578928 0.0117161 0.0142721 -0.0111102 -1.21896e-05 -0.00387453 -0.00554175 -0.00215606 -0.0264321 0.00069764 -0.0057275 -0.0105776 -0.00734083 -0.00281017 -0.00541873 -5.7475e-05 -0.00752003 -0.00571122 0.00143725 -0.00441241 0.00578796 -0.00327065 -0.00155948 -0.0206136 -0.00686879 -0.00847243 0.00101807 -0.000675675 -0.00709205 -0.0140285 -0.00488618 -0.000136426 -0.00520544 -0.0113025 0.0100638 -0.00641318 -0.00775788 -0.00924275 -0.00454779 0.0113101 -0.000589636 -0.0028169 -0.00726165 -0.0155637 0.00682642 0.000695186 0.00777519 -0.00797766 0.00197075 -0.0067458 -0.00759216 -0.00788862 -0.00912619 0.000955687 -0.000656118 -0.00346678 -0.00278545 -0.0110872 0.000845284 0.00490296 0.0063923 5.77718e-05 -0.0047501 -0.0057049 -0.0113657 0.00582938 0.0132798 -0.00819764 
-0.000918719 0.00586289 0.0182658 0.0159593 -0.00774902 0.00460466 -0.00746748 -0.0050072 0.00855983 -0.014383 -0.0121174 -0.00455443 0.0187479 0.19893 0.000396415 -0.00297583 -0.00791725 0.0143525 0.00485546 0.00666454 -0.0253499 0.00307462 -0.000201816 0.00267222 0.0147221 0.00186447 0.00517657 -0.00658491 -0.00048285 -0.010216 -0.00326327 -0.0350373 -0.00344063 -0.0150176 0.00348939 -0.00649999 -0.0125575 0.00282778 -0.00159477 -0.00362326 0.00313786 -0.00780973 -0.00828955 0.015188 -0.0085115 -0.0103564 0.00446588 0.0271797 -0.00195904 0.0036241 -0.0135059 -0.00190323 -0.00750827 0.000732765 0.00732074 -0.0115673 -0.00516661 -0.00372548 0.000376397 -0.00411925 -0.00535775 0.00520373 0.0120816 -0.0052102 0.00364617 -0.0109744 0.000971905 -0.00876546 -0.017538 -0.0063775 -0.00680083 -0.0139837 -0.0103013 -0.00590972 0.00462621 -0.00764116 -0.00469301 -0.00327402 -0.00905191 0.00171863 0.00825732 -0.00181018 0.0149895 -0.00397314 0.000565685 -0.00614295 -0.00600146 -0.00172209 0.00367736 0.0135697 -0.011697 -0.00508057 -0.0106431 -0.0137538 0.00144102 -0.00469044 -0.00652726 -0.00490592 0.00049709 -8.86831e-05 
-0.0094526 0.000358961 -0.00123939 0.00281495 -0.00248277 -0.00518226 -0.00177273 -0.00384563 -0.00012307 -0.0065635 0.0032075 -0.00112123 -0.0017549 0.000396415 0.120587 0.00129824 -0.00727744 0.000909855 0.00247237 0.00267092 -0.00986869 0.000110472 -0.00655704 -0.00047543 -0.00290864 -0.00468143 -0.00710559 -0.00991854 0.0010061 0.00130751 0.000913592 -0.0114235 0.000681613 -0.00380392 0.00305405 -0.000271887 -0.00429465 2.68382e-05 -0.0069723 -0.000208981 0.00234398 -0.00201554 -0.00354997 -0.00305368 0.00200543 -0.00126446 0.00116619 -0.0169872 0.000925093 -0.000756411 -0.00601474 -0.00338406 -0.000101581 -0.00256489 -0.00684038 0.00224538 0.00112647 -0.0013968 0.000103731 0.000423323 0.000332392 -0.0047272 -0.00752995 -0.000866661 -0.00346777 0.00608973 -0.00624792 0.000366781 0.00560993 -9.64184e-05 0.000478996 -0.000557287 -0.00291082 0.00237985 -0.00391208 -0.00501813 -0.00551666 0.00268981 0.000383251 0.00195693 -0.00502337 0.00969463 0.00522949 0.00249733 0.00217457 -0.0026354 0.00119491 -0.00153156 -0.00251264 -0.00587245 0.00410051 0.00146985 0.000886733 -0.00505748 -0.000104767 0.0139132 0.00986876 -0.00079525 -0.00731847 0.00546419 
-0.0131081 -0.002792 0.0016709 -0.00886728 -0.00361186 0.000799646 0.000737149 0.000536797 0.00466373 -0.00363406 -0.00454506 0.00620433 0.00963971 -0.00297583 0.00129824 0.13567 0.00162159 -0.00856066 0.00188386 0.000163235 0.0068285 0.00332914 0.00496596 -0.000404222 -0.00515885 -0.000606449 -0.00444488 0.0115432 0.00115896 -0.0148614 -0.00933033 -0.00932791 -0.00383884 0.00360483 -0.0103931 -0.00330362 -0.00161785 -0.0078588 -0.00255871 -4.46505e-05 -0.00134109 0.00680575 -0.00515783 0.00215428 -0.000689464 -0.00301828 -0.00272709 0.000497968 -0.00102809 0.00420747 -0.00695638 0.000459414 -0.00269439 -0.00478881 -0.00678377 0.00101353 0.000362033 0.00024154 0.000219215 -0.00286683 0.000259279 -0.00503907 -0.0078769 0.00438174 0.0022804 0.000897929 0.00456123 -0.00339931 0.00477671 -0.00176923 -0.000514853 0.00504812 -0.00239225 0.00405279 -0.00612057 -0.00402536 0.00528207 -0.00244537 0.00273454 -0.00613171 -0.0129142 -0.0034208 -0.00171796 -0.00278827 -0.00681521 0.00700335 -0.000423284 -0.00347689 0.00155525 -0.00536619 -0.00214799 0.000242455 -0.00764219 0.000427909 0.00401861 0.00483968 -0.00641087 -0.00344881 -0.00365475 -0.00480429 
-0.0103362 0.000360135 -0.00584146 -0.00445452 -0.00481158 -0.00420907 -0.00411011 -0.00266075 -0.00738011 -0.0111363 0.00322138 0.00683855 0.00552151 -0.00791725 -0.00727744 0.00162159 0.111697 0.00326004 -0.000157101 0.00481041 0.00144989 -0.00222267 0.00108134 0.00146966 -0.00620187 0.00417469 0.00599223 -0.002654 0.00266464 0.00231583 -0.00401204 0.00150676 -0.00228591 0.0055432 -0.00488083 -0.00430146 0.000334601 -0.00492284 -0.00234891 0.00138787 -0.0116248 0.00351632 0.000734517 -0.00395283 -0.00304773 -0.00198598 -0.00377499 -0.014061 -0.00505908 -0.0086186 -0.0078634 -0.00147253 0.000622428 0.00577505 0.00852844 -0.000556957 0.000221955 0.00455815 -0.000288363 -0.00156683 -0.000496811 -0.00715847 -0.00298916 -0.00340057 -0.0060811 -0.00692061 0.00429675 -0.00278003 0.0106595 -0.00118066 0.0129002 0.000388236 0.0029855 0.00106263 0.000740927 -0.00440893 0.00178822 -0.00123279 0.00111774 -0.00569554 0.00619533 0.00333756 0.00381476 -0.00590499 -0.00315347 0.00121536 -0.00119326 0.000228451 -0.00050892 -0.0076813 -0.00532976 -0.00506744 0.00514487 0.00423915 -0.00705022 -0.00267009 -0.00313003 -0.000831015 0.00598745 -0.00244968 
-0.00664002 0.00281107 -0.00537728 0.00037275 -0.00542098 -0.00475995 -0.00251436 -0.00152885 -0.00468491 -0.00302465 0.000818939 -0.00417407 0.00985082 0.0143525 0.000909855 -0.00856066 0.00326004 0.132168 0.00281488 0.00649336 -0.00459194 -0.00874214 -0.00489484 -0.00323023 0.00138123 0.00813061 0.00728472 -0.00488959 0.00212349 -0.00418216 0.00106696 -0.00686959 0.000562207 -0.00354892 0.00274904 -0.00972314 -0.006428 -0.00210582 -0.00421557 -0.00142843 -0.0119684 -0.00327011 -0.00192512 0.00580863 -0.00324487 -0.00454968 -0.00572932 0.00346502 0.000816856 -0.000728209 0.00764503 -0.00183861 0.000954643 -0.00150649 0.00745336 -0.00834739 -0.00291648 -0.00237232 -0.00103041 -0.0013203 0.000106963 0.00250653 -0.00511552 0.00022567 -0.00311292 -0.00469213 0.00373317 -0.00103779 0.0036516 0.00405546 -0.000260532 -0.00406772 0.00356601 -0.000634446 7.06807e-05 -0.00354353 -0.00338948 -0.000761105 -0.00382606 -0.00757718 -0.00184283 -0.000775976 -0.00616915 -0.00210046 0.000660608 -0.00457256 0.000323693 -0.00213948 0.000713724 -0.00386753 -0.00496296 0.000905041 0.00247222 -0.0047584 -0.00143619 -0.00805287 -0.00888606 3.42963e-05 0.000788028 0.00275873 
-0.00478335 0.00417323 0.0048956 0.00193012 -0.00291199 -0.000863844 -0.00111854 0.00379052 0.00159431 -0.000501203 -0.00729123 -0.00219435 -0.00756176 0.00485546 0.00247237 0.00188386 -0.000157101 0.00281488 0.102618 -0.00114466 -0.00766096 -0.00356478 0.00247489 0.00146398 0.000398412 0.00146292 0.0032483 -0.0086651 -0.000240229 0.00141951 0.000551341 -0.0112945 -0.000514769 -0.00475681 0.00250148 0.000424677 -0.00109794 -0.00326272 0.00492842 0.00281896 -0.00693538 -0.00338368 -0.00404076 -0.00211205 -0.00575931 -0.0032296 0.000516742 -0.00993306 -0.00205457 -0.00210459 -0.00420913 -0.000287842 -0.00734773 -0.00237043 -0.00464917 6.2314e-05 -0.00282521 -0.00157296 -0.000239964 0.00250707 -0.00100665 -0.00363405 0.000116263 0.000852117 -0.00434779 0.00396192 -0.00112353 -0.0016369 0.00644789 -0.0018253 0.00124321 -0.000666624 -0.00391095 0.000135628 0.0012644 -0.000186846 -0.00152334 0.00307021 0.0019598 -0.00112908 -0.00112265 -3.72567e-05 0.00244211 0.00124909 0.00236891 -0.00144191 0.000305787 -0.000206476 -0.00467694 -0.00662199 -0.000883494 -0.00122595 -0.00473092 -0.000144417 0.00399764 -0.00537554 -0.00493196 0.00244608 -0.00080456 -0.00183194 
-0.00338288 0.00190576 -0.00619158 -0.00280123 0.00310139 -0.00644268 -0.000814364 -0.000993455 0.00176071 -9.9102e-05 0.0109054 0.00862366 0.00702591 0.00666454 0.00267092 0.000163235 0.00481041 0.00649336 -0.00114466 0.119999 -0.00572792 -0.000884986 -0.00346477 0.00125819 -0.00327448 0.00376962 0.00174345 0.00309538 -0.00366567 -0.00427293 -0.00358265 0.00650182 -0.0012904 -0.000725225 0.00883546 -0.00661675 0.00398759 -0.00272871 0.000846429 -0.00363002 0.00397619 -0.00326961 -0.00328976 0.00162452 -0.00449846 0.000904628 -0.00754389 -0.000468547 0.000243193 -0.00588913 0.00293686 -0.00224352 -0.00210486 0.00437054 -0.00320307 -0.00902785 -0.00072022 -0.000987998 -0.000512595 -0.00219707 -0.00157316 0.00173584 -0.00208638 -0.00233987 -0.00695087 -0.00754554 0.000960713 0.00196344 -0.00395816 -0.00510645 -0.00650014 -0.00210756 -0.000195619 -0.000343728 0.00209752 -0.00271833 -0.0065117 0.000567178 0.0010358 -0.002632 -0.00240099 -0.00615957 -0.00240365 -0.00703234 -0.00401971 -0.000991524 -0.00271331 -0.00376422 0.0010921 -0.00209038 -0.00565229 -0.00475541 0.00170179 -0.00886507 -0.00943864 -0.00143164 0.00425101 -0.00776952 -0.00730075 0.00142612 
-0.0102082 -0.0100681 -0.0232782 -0.000382721 0.00323053 -0.00703893 0.000491502 0.00487375 0.0134182 0.0141241 -0.00148875 -0.00100313 -0.000615862 -0.0253499 -0.00986869 0.0068285 0.00144989 -0.00459194 -0.00766096 -0.00572792 0.188883 -0.00655291 -0.00143727 0.0142178 0.00770803 0.00541389 0.00422888 6.03779e-05 0.00142521 -0.000568432 -0.00558404 0.00243085 0.00129454 0.00907206 0.0114728 0.00941092 -0.0152554 0.00153726 -0.00361451 -0.00329073 -0.00271251 -0.0075377 0.00250561 -0.00323021 0.00274856 0.00219461 -0.0105379 -0.0022042 -0.0139235 0.00610029 0.0142709 -0.000918222 0.00365508 -0.00474169 -0.00924508 0.000660724 -0.0034627 0.000731109 -0.000843684 -0.000663505 -0.000259226 0.000528564 -0.0121712 0.00105234 -0.00398361 -0.000401879 -0.000603402 -0.00196407 -0.0133067 0.00243053 -0.00870903 -0.00381451 0.00580651 -0.00336709 -0.00391309 0.005149 0.00790983 -0.00744322 0.00829388 -0.0100704 -0.0150442 -0.0122855 -0.0227557 -0.00845991 0.00132925 0.00126466 0.00140495 -0.00212667 -0.00958422 0.00381949 -0.00183896 -0.0109719 0.0129793 -0.00311853 -0.00613618 -0.00279555 -0.00126875 -0.00627927 -0.00632993 -0.00379693 
0.00661779 -0.00254 0.00487266 -0.00796728 -0.000479387 0.00369062 -0.00393938 -0.00555537 -0.000171989 -0.00895962 0.00135752 0.00959727 -0.00809219 0.00307462 0.000110472 0.00332914 -0.00222267 -0.00874214 -0.00356478 -0.000884986 -0.00655291 0.172041 0.00287949 0.00512476 0.00492541 -0.00253986 -0.00912148 0.00393725 -0.00293008 -0.000351716 -0.00250284 0.00501075 -0.00718115 -0.00550616 0.0114066 -0.00103609 -0.00610691 -0.00343534 -0.00789353 -0.00280743 0.017688 0.00303524 -0.00458601 -0.00295937 -0.00915373 -0.00500609 0.0195291 0.00204031 -0.0161003 -0.00158041 -0.0128989 -0.00292912 -0.00366393 -0.0016506 0.0043785 -0.00319658 0.00561526 0.00519281 0.000177561 -0.00211524 -0.00386238 -0.0181101 0.0040203 -0.0019623 -0.00379258 -0.00516086 -0.00870601 -0.000661887 -0.000726318 -0.00620857 -0.00754508 -0.00424234 -0.00737045 -0.000717641 -0.00456801 -0.00558337 -0.00435733 -0.00396133 -0.00587138 0.0032373 -0.0119412 3.86262e-05 0.0140003 -0.00411189 -0.0081434 -0.00773237 0.00178632 0.00777667 -0.00405467 -0.00743853 0.000233353 -0.0024878 -0.00207743 -0.00730749 -0.00268534 0.00950519 -0.00350358 -0.00277058 -0.00161993 -2.22581e-05 
-0.00969948 0.00096115 -0.00203109 0.00899896 -0.00295335 -0.00655265 0.000368971 -0.000737746 -0.00703478 -0.00633171 -0.0164408 -0.00633719 0.00353977 -0.000201816 -0.00655704 0.00496596 0.00108134 -0.00489484 0.00247489 -0.00346477 -0.00143727 0.00287949 0.150095 -0.00847348 0.00456683 -0.00448623 -0.00113956 -0.00505821 0.00268907 -0.000637549 -0.00476121 -0.00319997 -0.000731239 0.00252795 -0.00372184 -0.00137321 0.00231601 0.00106042 -0.0110197 -0.0072968 -0.00114592 -0.00717952 -0.000153713 0.0161135 -0.00205527 0.000378727 -0.00419036 -0.000543252 -0.00833063 -0.0067621 0.00110645 0.00757697 -0.000291595 0.00320043 -0.00911004 0.0020661 -0.00441891 -0.00464279 0.00286516 -0.00127622 -0.000789806 0.000388916 -0.0122932 -0.00416589 0.00523804 -0.00162019 -0.003566 -0.00695981 -0.00742072 0.0047775 -0.00285795 0.00127207 -0.00771015 -0.000488739 0.00173964 -0.00101344 0.000393891 0.00173472 0.00211048 0.00197316 0.00077984 -0.00343429 0.014181 -0.00040701 -0.00397381 -0.00633438 0.00306285 -0.00438881 0.0031087 0.0015242 0.00514196 -0.00457527 -0.00324027 -0.00195243 -0.00268675 -0.00275517 0.00673511 0.00140991 -0.0143457 -0.00375105 
-0.00378084 -0.000594878 0.00964521 -0.00627034 -0.0042009 4.18853e-05 -0.000789369 0.00543108 0.00365629 -6.78194e-05 0.000183659 -0.00384192 -0.0012861 0.00267222 -0.00047543 -0.000404222 0.00146966 -0.00323023 0.00146398 0.00125819 0.0142178 0.00512476 -0.00847348 0.152542 0.00338818 0.00792654 0.007784 0.00321696 -0.00182637 -0.0093411 -0.00431741 -0.015526 -0.00166873 -0.00337985 0.00159681 -0.00470819 -0.0101242 0.00678265 -0.00934763 0.00228085 0.00233614 0.00296718 -0.00191424 -0.00783392 -0.00557983 -0.00169826 -0.000353282 -0.00212054 -0.00927816 0.00401128 -0.00310728 -0.00306473 -0.00255259 -0.00313106 -0.00529565 0.00222642 -0.00184426 0.00501545 -0.000241084 -0.00345428 0.000385501 0.00676581 -0.00513361 0.00186245 0.0058322 0.00113804 0.00120085 0.000511264 -0.00600241 7.4011e-05 -0.00709671 -0.0110598 0.00177119 -0.00126367 -0.00694258 -0.00705641 -0.00594526 -0.00309683 0.0117868 0.00238161 -0.00125764 -0.00955181 -0.00897274 -0.00234335 -0.00603804 0.00252115 -0.0012331 -0.00280855 -0.00603754 -0.00790418 -0.00593437 -0.0031208 0.000832928 -0.0169939 -0.00423463 -0.00208015 0.00295992 -0.00135446 -0.00643266 -0.00224328 
-0.0106042 -0.00188043 0.0108795 0.00260373 -0.00469898 -0.00340328 -0.00222884 0.0063217 -0.00261444 -0.0124844 -0.00587261 -0.00250487 -0.00396319 0.0147221 -0.00290864 -0.00515885 -0.00620187 0.00138123 0.000398412 -0.00327448 0.00770803 0.00492541 0.00456683 0.00338818 0.119386 0.00603126 0.00560479 -0.00259555 0.000373166 -0.00482144 0.00112361 -0.0150953 3.8734e-05 -0.00821301 0.00376185 0.00185345 -0.00462831 0.00122565 0.00428068 0.000139184 0.00978011 -0.000390638 0.00193729 0.00113473 0.000112997 -0.000508906 0.00524799 0.00859263 -0.00467738 0.000184996 -0.00189614 -0.00282421 -0.00264779 -0.00338632 0.0116481 0.000475716 -0.002353 -0.00305514 0.00217071 -0.000864572 -0.00174355 0.000205082 0.000270924 0.00253994 -0.00393201 -0.00714721 0.00308274 -0.000811353 -0.00907651 -0.00144533 -0.0100072 -0.00581168 -0.00288284 -0.00288302 0.00216226 0.00692591 -0.00213486 -0.00745157 -0.00578304 0.00379697 -0.00643518 -0.00773304 -0.00928892 -0.00565263 -0.00244709 -0.00561494 1.17714e-05 -0.00434253 -0.0062721 0.0109317 -0.00505205 -0.00172179 0.00674748 -0.00545132 -0.00658779 -0.00693796 -0.000817953 -0.00389837 -0.00472699 -0.00882599 
-0.00908142 -0.000325929 -0.0067324 -0.00406385 -0.00139354 -0.00061832 -0.00116886 0.00274775 -0.00378085 0.00437136 -0.00302029 -0.000556118 0.00716642 0.00186447 -0.00468143 -0.000606449 0.00417469 0.00813061 0.00146292 0.00376962 0.00541389 -0.00253986 -0.00448623 0.00792654 0.00603126 0.0795554 0.00372059 0.00577708 0.00226331 -0.0025922 -0.00137917 -0.0052095 -0.00221722 0.00123857 0.00148 -0.000303851 -0.00492648 -0.00211901 -0.00128844 0.00414318 -0.000788057 -0.00314148 0.00207077 -0.00696745 -0.0043456 -1.22295e-05 -0.00268177 -0.000705439 -0.00391263 0.0018541 -0.00184212 -0.00125797 -0.0014042 -0.00098848 0.00584911 -0.00611882 -0.00286283 -0.00352917 -0.000922122 0.000369058 -0.0023484 -0.00145135 -0.000738546 -0.00094552 5.84933e-05 -0.00209792 -0.000806311 0.00131525 -0.00660164 0.000710153 -0.00079387 -0.00202211 0.00216205 -0.00221407 -0.000292419 0.00116222 -0.00331051 -0.00263684 0.00477193 -0.00263034 2.86539e-05 -0.00461939 -0.00102956 -0.00426476 0.000375068 0.00344435 -0.00138794 -0.00292381 -0.00165176 -0.00729659 -0.00424527 -0.00333363 0.00574861 -0.000274794 -0.00426291 -0.00710252 -0.00805957 0.000939224 0.0023448 -0.000527309 
-0.00630876 0.00158233 -0.00295285 0.00370687 0.00105585 -0.00182218 -0.00183665 0.00380784 -0.0103119 -0.0102008 -0.000611102 -0.00662299 -0.00375061 0.00517657 -0.00710559 -0.00444488 0.00599223 0.00728472 0.0032483 0.00174345 0.00422888 -0.00912148 -0.00113956 0.007784 0.00560479 0.00372059 0.145499 -0.0140297 0.00410679 0.00752585 0.0111068 -0.000206818 -0.00144395 -0.00248503 -0.00982815 -0.00554126 -0.000992478 -0.00212945 -0.0032873 -0.00428522 -0.00601491 -0.00780671 -0.00451221 -0.00403921 -0.00427153 -0.0047456 -0.00574214 0.0021354 -0.00245902 0.00680853 -9.5217e-05 -0.000618678 0.00557078 0.0037082 0.00212256 0.0094021 -0.00575426 -0.00384167 0.00202419 -0.00236469 0.00123626 0.00892213 -0.00122567 0.000711342 0.000666471 -0.00211796 0.00341959 -0.00161742 -0.00478318 -0.00307245 0.00542545 -0.00272993 -0.00733111 -0.00241538 0.00460918 -0.00850099 -0.00757029 0.0055411 -0.00146993 0.00532975 0.00661394 -0.00147317 0.0075432 -0.00410741 0.00116299 -0.00805436 0.00261433 -0.00154436 -0.00661435 0.000887894 -0.00807702 -0.00414132 -0.0117535 -0.0160866 -0.0043109 -0.0016501 -0.00652811 -0.00976264 -0.0132251 -0.0067421 
0.00517931 -0.00342793 -0.00350373 -0.00879453 0.00339524 0.00319563 0.00141923 -0.00378959 -0.0111355 0.0161162 -0.0102243 0.00122554 -0.00883036 -0.00658491 -0.00991854 0.0115432 -0.002654 -0.00488959 -0.0086651 0.00309538 6.03779e-05 0.00393725 -0.00505821 0.00321696 -0.00259555 0.00577708 -0.0140297 0.176521 0.0107142 -0.00148003 0.00235688 0.00614646 0.00378672 0.0103506 -0.00392042 0.000184801 0.0135284 -0.010732 0.00958957 -0.00179226 0.00361152 -6.92548e-05 0.00432239 -0.00855596 -0.00737357 -0.00530553 -0.00265409 0.000581751 -0.000838507 -0.00762671 0.00684617 -0.000608679 -0.00505566 0.000483112 0.00193263 -0.00642222 -0.000384277 -0.00276575 -0.00235604 -0.00154833 0.000350833 -0.00234852 -0.00113284 -0.00472728 0.00851494 -0.00785029 0.00263452 0.0021931 -0.000232587 0.00155201 -0.00113014 -0.00719743 -0.000103796 -0.00209398 -0.00760416 -0.00496839 -0.00903415 -0.00644494 -0.000579373 2.3394e-05 0.00319351 -0.0143891 -0.0267149 -0.00705894 -0.00790437 0.0102917 -0.00499521 -0.0060559 0.00347613 -0.00363694 -0.00636324 -0.00908448 0.00121665 -0.00655387 -0.00735278 -0.0167579 0.0109942 -0.00634842 0.00330169 -0.00460571 
-0.00862844 0.00078232 -0.000872701 0.00252769 0.000813571 -0.00410452 -0.000882671 -0.00120389 -0.00943164 0.00142141 -0.00886476 -0.00529139 -0.00358019 -0.00048285 0.0010061 0.00115896 0.00266464 0.00212349 -0.000240229 -0.00366567 0.00142521 -0.00293008 0.00268907 -0.00182637 0.000373166 0.00226331 0.00410679 0.0107142 0.0962791 0.00856478 0.00681013 -0.00313788 0.000761185 0.00244109 -0.00116493 -0.000290276 0.00654404 0.0022541 0.00185367 -0.00574569 -0.00711598 -0.00180511 -0.000632374 0.00085936 -0.00494149 -0.00340996 -0.00513735 -0.0132462 0.00103028 -0.00880121 -0.00319613 0.00210451 0.000364198 -0.00202405 0.00740121 0.00216917 0.00278329 -0.000717114 0.000157681 -0.000251186 -0.00172988 0.00154012 -0.0028771 0.00124032 -0.000361054 -0.00208073 0.00279744 -0.0010271 -0.00412799 0.00211012 -0.000299701 -0.00536591 -0.00248831 -0.000353741 -0.00141715 -0.00342168 -0.00251716 0.00112 -0.000613287 0.000599508 -0.00617593 -0.00420083 -0.00346233 -0.00382342 -0.00180302 -0.00171944 -0.000751794 -0.00419611 -0.000829799 0.000336157 -7.70199e-05 -0.00461029 0.00186739 -0.00121289 -0.00342731 0.0010878 0.000242499 -0.000619548 -0.00635362 -0.00382258 
0.00532868 0.00202799 -0.00527077 0.00396635 -0.00147784 -0.00383968 -0.00212686 -0.00204992 -0.0117583 0.00888564 -0.00750895 -0.0125009 -0.0137519 -0.010216 0.00130751 -0.0148614 0.00231583 -0.00418216 0.00141951 -0.00427293 -0.000568432 -0.000351716 -0.000637549 -0.0093411 -0.00482144 -0.0025922 0.00752585 -0.00148003 0.00856478 0.141501 0.0103449 0.021661 0.00329015 0.00361934 -0.00791385 0.014422 0.00126317 0.00141507 -0.00178474 -0.00833521 -0.00634467 -0.00144288 0.0012149 -0.0108418 -0.00982992 -0.00344593 -1.5944e-05 -0.0116887 -0.000714152 -0.0131073 -0.00251603 -0.000525699 -0.00347575 -0.00260731 -0.00397542 0.00318852 -0.00149064 -0.00567988 6.41423e-05 -0.00305056 -0.00416879 0.00510561 -0.00854643 -0.00283529 -0.00182132 -0.000205545 -0.00437217 0.00419761 -0.00318932 0.00325913 0.0107142 6.81074e-05 -0.00722332 -0.00575007 0.00052105 -0.00342445 -0.00314055 -0.00669084 -0.00413409 -0.00239767 0.00376486 0.00546851 0.00601313 -0.00242679 -0.00614986 -0.00344836 0.00119019 -0.000854735 -0.00153199 -0.00183539 0.00325874 -0.00546281 -0.00383209 -0.000287857 0.000707436 0.000477284 -0.00309258 0.00678407 0.00267549 0.00168684 
0.0100633 9.8519e-05 0.00645818 0.000467484 -0.000503702 0.000291574 -0.00185573 0.00223965 -0.00880195 -0.00172445 -0.002728 -0.00511204 -0.00698068 -0.00326327 0.000913592 -0.00933033 -0.00401204 0.00106696 0.000551341 -0.00358265 -0.00558404 -0.00250284 -0.00476121 -0.00431741 0.00112361 -0.00137917 0.0111068 0.00235688 0.00681013 0.0103449 0.108154 0.0106437 0.000104346 0.00166652 -0.00977333 0.00678543 0.00629104 -0.00300429 -0.000723089 -0.00377667 -0.000778865 -0.0035888 -0.00277635 0.000260576 -0.00487524 0.000773808 0.00300005 0.00748069 -0.00634804 -0.00579736 0.00253909 -0.00327211 0.000597711 -0.00237261 -0.00671927 0.00503292 0.00137945 -0.00500589 0.000586078 -0.00143408 -0.00135143 -0.00543408 0.000556238 -0.00130006 -0.0047489 -0.00537305 -0.00425866 -0.000830899 -0.0074255 -0.00299191 -0.000809041 -0.00807611 -0.00352007 -0.000246592 -0.00473366 -0.000164879 -0.00328809 0.00114969 -0.00321511 0.00870559 0.00484637 -0.00251252 0.000360084 -0.00311309 -0.00655148 -0.00252816 0.000938864 -0.00131587 -0.00363221 0.00764643 0.000280882 -0.000713419 -0.00175574 -0.0070211 -0.00530728 -0.00165161 0.00281832 -0.00341703 -0.01282 0.000302012 
0.00625407 -0.00387645 -0.0209298 -0.00284056 0.000556071 -0.00705855 0.000842912 -0.0111738 -0.0123364 0.0232196 0.0236723 -0.00846135 -0.00403833 -0.0350373 -0.0114235 -0.00932791 0.00150676 -0.00686959 -0.0112945 0.00650182 0.00243085 0.00501075 -0.00319997 -0.015526 -0.0150953 -0.0052095 -0.000206818 0.00614646 -0.00313788 0.021661 0.0106437 0.22323 -0.0049212 0.0316135 -0.00204148 0.0109651 0.0244836 -0.00532147 0.00210679 -0.00847846 -0.011554 0.00564987 0.00218527 -0.00772659 -0.00709494 0.00104122 -0.00862849 -0.0194921 -0.0175221 -0.0275664 0.0172479 0.00284578 0.00506035 0.00434148 -0.0113846 -0.00103303 0.00268983 -0.00317464 -0.00145515 0.00426589 -0.00775958 0.00743972 -0.00419512 -0.00421369 -0.00416038 -0.0107374 0.00347112 0.00347482 -0.0104587 -0.00575579 0.00186863 0.000716787 -0.00187163 -0.00892111 -0.0030477 0.00123398 0.000513035 0.00216162 -0.00654176 -0.00911107 0.00873734 -0.00933972 0.0012679 -0.0087341 -0.00209423 0.00532543 -0.0038942 -0.00946987 -0.00415719 -0.0146782 -4.05425e-05 -0.00257333 0.00212368 -0.00645061 -0.000557552 -0.00682256 -0.00150359 -0.0146519 0.00172527 -5.26277e-05 
0.00170326 0.00187204 -0.00667015 -0.00338005 -0.000189803 -0.000180721 -0.000519305 -0.00375356 0.000996798 0.00948568 -0.00455355 0.000432775 -0.00578928 -0.00344063 0.000681613 -0.00383884 -0.00228591 0.000562207 -0.000514769 -0.0012904 0.00129454 -0.00718115 -0.000731239 -0.00166873 3.8734e-05 -0.00221722 -0.00144395 0.00378672 0.000761185 0.00329015 0.000104346 -0.0049212 0.0818223 0.000621925 0.00111287 -0.000700536 0.000986404 -0.00216251 0.000798128 -0.000845399 0.00280586 -0.000565896 -0.001517 -0.00160146 0.00310798 0.00153512 0.00218107 -0.00248687 -0.000598181 -0.00535317 -0.000481446 -0.00172527 -0.00425453 -0.00263887 -0.00247709 0.00511642 -0.00198502 0.00217258 -0.000939892 -0.00254003 0.00159053 0.000533624 -0.00394949 -0.00197817 -0.000600191 -0.00410426 -0.00252942 -0.000850572 0.00998257 0.00263629 -0.00147279 -0.0046669 -0.000603578 5.60674e-05 -0.00509322 0.000805786 0.00117147 -0.00039894 -0.00101128 0.00172029 -0.00510299 -0.00319182 -0.00337656 0.00144273 8.97845e-05 -0.00306509 0.000196968 -0.00157938 0.00281128 0.00176111 -0.00165661 -0.00218411 0.00213415 -0.00161744 -0.00382355 -0.000132262 -0.00637127 0.000266522 -0.00886208 0.00119572 
-0.0101792 -0.00119784 -0.00859208 -0.00373449 0.000667154 -0.000458524 0.00150484 -0.00033024 -0.0112947 0.00710431 0.00304719 0.00278697 0.0117161 -0.0150176 -0.00380392 0.00360483 0.0055432 -0.00354892 -0.00475681 -0.000725225 0.00907206 -0.00550616 0.00252795 -0.00337985 -0.00821301 0.00123857 -0.00248503 0.0103506 0.00244109 0.00361934 0.00166652 0.0316135 0.000621925 0.115848 -0.00343054 0.00264934 0.0161278 0.00126492 -0.000948947 -0.00399816 -0.00876786 0.0082763 -0.00402924 -0.00177217 -0.00642066 -0.00215213 -0.00622017 -0.0150731 -0.0077116 -0.0103005 0.00759799 0.00293291 0.00667927 0.002835 -0.00651258 -0.00318921 -0.00119375 -0.00246483 -0.00141976 -0.000662354 -0.00337979 -0.00226824 -0.0116615 -0.000651241 -0.00472333 -0.00632478 0.00463324 -0.00562139 -0.0103298 -0.0015568 0.00692855 -0.00143141 -0.00390432 -0.00395398 -0.00423622 -0.00170007 0.00126271 -0.000467374 0.00272669 -0.00472348 -0.00275415 -0.00830095 0.0007089 -0.00459375 0.00111396 -0.00438769 0.00099209 -0.00749486 -0.00504047 -0.00737916 -0.000899928 -0.00127643 0.00238608 0.00183401 -0.00471306 -0.00242977 0.00178571 -0.00318407 -0.000709646 0.00187922 
