0.120033 0.00817541 0.000389574 -0.00136284 -0.00476854 -0.00243748 -0.00241733 -0.00623411 0.00274544 0.00153813 0.00116215 -0.0059314 0.00401485 -0.00539097 0.00140745 -0.00105617 1.181e-05 -0.00114376 -0.000695197 0.00107144 0.00948504 0.00059794 -0.00304292 -0.00750686 -0.0030357 0.00169424 -0.00437352 0.00256469 -0.000844906 -0.000543376 -0.00961241 0.00151046 0.00179227 0.00249351 -0.00017576 0.00137905 -0.00187691 -0.00493619 -0.00428208 -0.00282095 -0.00814206 -0.00287035 -0.00117435 -0.00143389 -0.00135275 0.00165191 0.000398596 -0.00100546 0.00566839 -0.00301823 0.0022952 -0.00237904 -0.00281312 0.00202492 0.01809 0.00117591 0.00290907 0.00157625 -0.00273207 -0.00417524 -0.0091377 -0.00118035 -0.00611906 -0.00359127 -0.00411936 -0.00556085 0.000214185 -0.00491737 -0.00474273 -0.00706811 0.00273269 -0.00166807 0.0020942 -0.00779051 -0.00408575 -0.00262737 -0.00464634 0.00611334 -0.00339944 -0.00084433 -0.00216537 0.00130658 -0.00557654 0.000835542 -0.00443039 0.00265757 -0.0081304 0.00704049 -0.00261976 -0.00389807 -0.00213933 -0.0084976 -0.00632596 -0.00384418 -0.00701129 -0.00835755 0.000947772 0.00632806 0.00570055 0.00625378 
0.00817541 0.12098 -0.00129403 -0.00413651 0.000793219 0.00133958 -0.00349702 -0.00115184 0.00109304 -0.00517002 -0.0045462 -0.00161499 0.00271829 -0.00565423 -0.00758484 -0.00717451 -0.00885981 0.00937012 -0.00814979 -0.00510755 -0.0100234 -0.00726073 -0.00772527 -0.00506077 -0.00805749 -0.00485724 -0.00218389 -0.00558554 -0.0026442 -0.0110456 0.00750751 -0.00535918 0.00696313 -0.00193923 -0.000988083 0.00215574 -0.00278428 -0.0030256 -0.00643931 -0.00834115 -0.00443431 -0.00473629 -0.00613938 -0.00381083 -0.00358272 -0.00830056 0.00219425 0.00428652 -0.0039085 0.0111879 0.0010675 0.00366541 0.00712297 0.00768292 0.0044881 0.00176217 0.0118808 -0.00956948 -0.00638805 -0.00377137 -0.00541394 0.00137827 0.000622752 -0.00479579 -0.00359821 -0.00982829 -0.00184178 0.0030761 -0.00587038 0.00316788 -0.000182553 0.00121776 0.0090591 0.00139106 -0.00191467 0.00665248 0.00372062 -0.00251051 -0.00245542 0.00393664 -0.00493035 0.0102821 0.000926434 0.00144638 0.00134851 -0.00134389 -0.00413125 0.0024627 -0.0111818 -0.00475404 0.00218286 0.00633061 0.00484544 -0.00444961 -0.00468026 -0.00268086 0.00159493 0.00591465 0.00242067 -0.00194461 
0.000389574 -0.00129403 0.107293 0.0028703 -0.00162776 0.000163642 -0.00203096 -0.00618169 -0.00554682 0.00517126 -0.00162254 0.00131218 -0.00704811 -0.00330927 -0.00498758 -0.00103579 -0.00163553 -0.00247775 9.41852e-05 -0.000951333 -0.00687591 -0.00156881 0.00658607 0.00275326 0.00175206 0.00413427 0.000699445 -0.00309911 -0.000706003 -0.00829356 0.00832744 0.00113212 -0.000754647 -0.00549104 -0.00200433 -0.000639953 0.00124945 0.00102333 0.000706655 0.00419477 -0.00672739 0.00649493 -0.00141775 -0.00057888 0.00203445 0.00745878 -0.000779886 0.00445376 -0.00476515 -0.0028952 0.00237025 -0.00503073 -0.00632468 -0.00203193 -0.00439626 0.00258268 4.15269e-05 -0.000800825 0.00628152 0.0028123 0.00622299 -0.00259125 -0.00247888 -6.57294e-05 0.000924677 -0.000472467 -0.000696919 0.000435931 -0.000926543 0.00502887 -0.00267768 -0.00177486 -0.00891958 -0.00592542 -0.00778328 -0.00531468 -0.00422366 -0.00368892 -0.00163216 -0.000138898 -0.00369552 -0.00124738 -0.00221083 -0.00499767 -0.000501503 -0.00237354 -0.00574821 0.00377947 0.00285086 0.00205841 -0.00231463 -0.00563798 -0.00828795 -0.00160479 -0.00304104 -0.00529836 -0.00371055 -0.00636041 0.00477339 0.000814355 
-0.00136284 -0.00413651 0.0028703 0.0888873 0.00177628 0.00404255 -0.000617447 0.00740853 0.00116277 -0.00332847 -0.0024641 0.0058442 -0.00167781 -0.00481174 0.00129456 0.00514975 -0.00238309 0.00324101 0.00543885 -0.00117865 0.005522 -0.00181002 0.00460872 -0.00800313 -0.00353205 -0.00262378 -0.000164855 -0.000932346 0.00319544 0.00134083 -0.00882655 -0.00228626 -0.00299231 -0.00387967 0.000597821 -0.00291534 -0.00106399 -0.00756617 4.07828e-05 -0.00435929 0.00180137 -0.00443714 -0.00505288 -5.74703e-06 -0.00258893 -0.00479503 0.000485468 -0.00167853 -0.00365957 -0.00111128 0.000537345 -0.00410718 -0.00298827 -0.00059592 -0.00140141 -0.000510068 -0.0110467 -0.00160914 -0.0036668 0.00360721 0.00176496 -0.000531072 -0.000712951 0.000606012 0.00014457 -0.000276526 0.000431642 -0.000320738 -0.00230951 -0.000883581 -0.0032666 -0.000623137 -0.00109839 -0.00278019 -0.0028069 -0.001298 -0.00575751 -0.00228402 -0.0030676 0.00172694 0.0023537 -0.000526304 -0.00149145 -0.00259226 -0.000856637 -0.000828558 0.00171915 -0.00287583 0.00110819 0.00311116 0.00135479 0.000397521 -0.000342021 -0.00279167 -0.00172952 0.00448659 -0.0022493 -0.00223954 0.000136648 0.000515908 
-0.00476854 0.000793219 -0.00162776 0.00177628 0.134486 -0.000380736 0.0270292 0.0171671 0.00632468 0.00231662 -0.00271111 -0.00332441 -0.00560854 0.00716358 -0.00263225 0.000963285 -0.0104561 -0.00566688 0.00554321 -0.00977402 -0.00219572 -0.0140106 -0.0110438 -0.00381207 0.0047158 -0.000264017 0.000465589 0.00491529 -0.00713085 -0.000171059 0.000108557 -0.00118146 -0.00996051 -0.00705834 0.000844537 0.000299407 -0.000429283 -0.0041448 -0.00431647 -0.00220193 0.00733962 -0.00701305 -0.00190529 -0.00561806 0.00440899 -0.00721352 -0.00274939 -5.36762e-05 -0.00681805 -0.00210133 -0.00846642 -0.00746197 -0.00799996 -0.000611808 -0.0124099 -0.00539513 -0.0115621 -0.00217328 0.00732293 9.58656e-05 -0.00215798 -0.00473854 0.00381928 -0.00391067 -0.00451204 0.00138077 0.00186646 0.00133251 -0.00268845 0.00538965 -0.00349037 0.00213084 -0.00263842 -0.00315014 -0.00605909 -0.00665727 -0.00889449 -0.00838995 -5.21133e-05 0.00595525 0.00162554 0.00139852 0.000754015 -0.00364602 0.00199162 -0.0035431 -0.00103197 0.0023289 -0.0036948 -0.00280764 0.0033141 0.0020683 -0.00795266 0.00960329 0.00190169 0.0111519 -0.000208122 -0.00574588 -2.41355e-05 -0.00167405 
-0.00243748 0.00133958 0.000163642 0.00404255 -0.000380736 0.10993 -0.00766823 -0.00604216 -0.000659338 0.00108001 -0.0035743 0.000405103 -0.00830206 0.00346935 -0.00354198 -0.00570999 -0.00141354 0.00140764 -0.000476361 0.000373658 -0.00549258 -0.00136761 0.0032237 -0.000164353 -0.00332762 -0.00201306 -0.00403877 0.000600795 -0.00161087 -0.00219489 -0.0123045 0.00139685 -0.00096629 -0.00419897 0.00118496 -0.00303573 -0.000355869 -0.00502363 -5.31993e-05 -0.000561179 0.00188312 -0.00533861 -0.00259329 -0.00227093 -0.0017515 -0.00157786 -0.00162772 0.0035375 -0.00521333 -0.000574386 -0.00482186 0.00342463 -0.0042625 0.000958302 -0.00106467 -6.00347e-05 0.00590207 0.00295333 -0.00436567 -0.000648453 0.000475689 -0.00149244 -0.00496268 0.00222537 -0.00213021 0.000882779 0.000711283 -0.000525047 0.000373697 0.000203738 0.00125299 0.00738882 0.000811283 -0.00517968 0.00457296 -0.00292793 -0.00497697 -0.00323495 0.011897 -0.00128989 0.000512008 -0.0014645 -0.00139688 -0.00346351 0.00348898 -0.00277702 -0.00864048 -0.00471068 0.00259005 -0.00287804 -0.00143256 0.00113764 -0.000405675 -0.00405838 -2.2838e-05 -0.00288208 0.000100052 5.18783e-05 0.000791477 -0.00280555 
-0.00241733 -0.00349702 -0.00203096 -0.000617447 0.0270292 -0.00766823 0.191175 0.00985956 0.000797935 0.00130635 0.00575364 -0.0133804 -0.0133137 -0.00320584 -0.00624542 -0.00634661 -0.0143152 -0.00854181 0.00445963 -0.00690104 0.00211087 -0.00665072 -0.0058131 0.00852149 -0.000352087 -0.00432443 0.00533784 0.00547056 -0.000219137 -0.00306808 -0.00361755 -0.00530047 -0.00455869 -0.00344105 -0.00551617 -0.00401737 -0.00236068 -0.00235873 -0.00627243 -0.0068317 0.00593071 -0.00827504 0.00166445 6.82069e-05 -0.00286795 -0.00358959 -0.000433603 0.00281007 -0.000440683 -0.0118423 -0.0114119 -0.00733701 -0.00647377 0.00425916 -0.0130568 -0.00439131 -0.0165484 0.00660803 0.00301012 -0.00370463 0.000996021 7.72035e-05 0.00939677 -0.00153744 -0.00698113 0.00865271 -0.000170224 -0.000694278 -0.0028546 -0.00788192 -0.0036732 -0.00159582 0.00775737 -0.00463297 -0.00517083 0.0061309 -0.00339217 -0.00718097 -0.00696368 -0.00533825 -0.0020669 0.00572504 -0.00450713 -0.00807695 -0.00649872 -0.00574443 0.00270627 0.000426079 -0.00535497 -0.00169198 0.00608612 0.00425462 -0.0107369 0.0164892 -0.00810288 0.00498644 0.00155898 -0.0106504 -0.0020186 0.00565678 
-0.00623411 -0.00115184 -0.00618169 0.00740853 0.0171671 -0.00604216 0.00985956 0.164072 0.00615457 0.00215135 0.00274697 -0.0014059 0.00713193 -0.00436605 0.0121353 0.0061636 -0.00211949 0.000493279 0.00164485 0.00263802 0.00475303 -0.00588088 -0.00506777 -0.00445013 -0.00213295 -0.0011821 -0.0106585 0.00316505 -0.000797605 0.000489129 0.0057034 -0.00858074 0.00205042 -0.00140589 -0.00036556 -0.0046018 -0.00509244 -0.0015246 0.000413967 0.00248334 -0.00256268 -0.00803454 -0.000524077 -0.00550103 -0.00591162 -0.0113991 0.000248452 -0.00814828 0.00269136 -0.00486134 -0.00177952 -0.00079991 -0.00253943 -0.00163675 0.00156051 -0.0069096 -0.0135776 -0.00439976 -0.00087638 -0.00109068 8.55447e-05 0.00257965 -9.01423e-05 -0.000174093 -0.00510696 -0.0100729 0.00140109 -0.00433193 -0.00946155 -0.0027131 -0.0042916 -0.00175891 -0.0087606 0.00378586 -0.00504431 -0.0019733 0.00416338 -0.000791475 -0.0075166 -0.00302152 -0.00195112 0.00380258 0.00460427 0.00107786 0.000377475 0.00173915 -0.00427238 -0.00752395 -0.00670677 -0.00281441 -0.00408529 -0.000293034 -0.00371965 -0.00248039 -0.0179104 0.00799785 -0.0060389 -0.00688777 -0.000680093 -0.00467288 
0.00274544 0.00109304 -0.00554682 0.00116277 0.00632468 -0.000659338 0.000797935 0.00615457 0.0869191 -0.000528005 0.00147144 0.00105266 -0.00321047 0.00319352 0.00224423 0.0030312 -0.00286557 -0.00208304 -0.0056371 -0.00207498 -0.00463807 -0.0065912 -0.00430897 -0.00364374 -0.00395248 0.00148166 -0.00322399 -0.0016775 -0.0047059 0.00214189 -0.0137274 -0.00307565 -0.00648445 -0.00563644 -0.000191178 -0.000920907 -0.000502021 0.00456373 -0.00412033 -0.00296819 -0.000265889 0.000345717 -0.00442475 -0.000141761 0.00440232 0.0010235 -0.000580974 0.00164401 0.000760179 0.00448852 -0.00734459 0.00331317 0.000517204 -0.000561502 -0.00518957 -0.00171007 -0.00327206 -0.00402612 -0.00269034 -0.00157314 -0.00531865 -0.00399952 0.00242793 -0.00158826 -0.00047844 -0.00459227 0.00319223 -0.000941039 -0.00111194 -0.00144418 -0.000679246 -0.00176988 -0.000337041 0.00036296 -0.00462417 -0.00170807 -0.00335144 0.000196162 -9.95032e-05 0.00199197 -0.00112048 -0.00288847 -0.00221758 -0.000436446 0.000693086 -0.000430903 0.00215959 -0.00154621 -0.00995758 0.00423679 0.00276014 0.00210785 -0.00107296 0.0020888 0.00223993 0.00332898 0.00388911 0.00245948 0.000304204 0.00115712 
0.00153813 -0.00517002 0.00517126 -0.00332847 0.00231662 0.00108001 0.00130635 0.00215135 -0.000528005 0.106116 0.00295249 -0.00138868 -0.00439061 0.00486987 -0.00180579 0.00487796 0.00450528 -0.00227963 0.00213859 0.00432806 -0.000772163 0.000832738 -0.000784313 0.00745132 0.00255667 0.000249958 0.00245718 -0.00202457 -0.00370037 -0.0040266 -0.00503918 0.00399145 -0.000341509 -0.000930171 -0.00234084 -0.00298137 -0.00103713 0.00379938 -0.000100072 0.00287711 -0.00445039 -0.000258034 0.00150569 -0.00113922 -1.97338e-05 0.00660904 -0.00314474 -0.00346615 -0.00579491 -0.00732605 0.000968271 -0.00464154 -0.000932173 -0.000402596 -0.00502091 -0.0041168 -0.00041096 0.00358574 0.00017158 -0.00296701 -0.000926279 -0.00148445 -0.00221112 -0.00216206 -0.00481919 0.00311642 0.000390154 -0.0020786 0.00163681 0.000566904 -0.00146964 0.0016708 -0.00100169 0.00284466 -0.00393882 -0.00589492 -0.00564536 -0.0071128 -0.00619869 -0.00653379 -0.00396938 -0.00580393 -0.00158567 -0.00044985 -0.00100978 -0.00182572 -0.00551559 -0.00115781 0.00340781 -0.00219431 -0.00074976 -0.00308129 0.000952754 -0.00700078 -0.00723314 -0.0107703 -0.00382685 -0.00262603 -0.000385838 0.00272981 
0.00116215 -0.0045462 -0.00162254 -0.0024641 -0.00271111 -0.0035743 0.00575364 0.00274697 0.00147144 0.00295249 0.108347 0.00217491 0.000847735 0.0140258 0.00184342 0.00712538 0.00083474 -0.00789799 -0.00642738 -0.0110173 -0.00574748 -0.00467913 -0.00587949 -0.00748239 -0.00750071 0.000845339 -0.00420191 -0.000424943 -0.00166524 -0.00908964 -0.00609472 0.000853525 -0.000878963 0.00289103 -0.000479607 -0.00518713 0.000889787 -0.00605274 -0.00278458 -0.00188015 -0.00230885 -0.000652504 0.0018451 -0.0011506 -0.00246812 0.00423792 -0.00190353 -0.0025801 -0.00114586 -0.00114665 -0.00223276 -0.00410062 0.00174344 -0.00510009 -0.00531995 0.000512597 -0.0135313 -0.00364568 -0.00136697 -0.000627079 -0.00294743 -0.00621369 0.00122723 -0.00171212 0.00840671 0.0033897 0.0018853 0.000156842 -0.00418188 -0.00605593 0.0020316 -0.00121271 -0.00762986 -0.00384736 -0.00393235 -0.00366602 0.00207144 0.000634349 -0.00114171 -0.00322832 -0.000292121 -0.00143884 -0.000865263 0.00137491 -0.00299608 -0.000928198 0.00120778 -0.00288079 -0.00549883 0.00501243 0.00623228 0.00579723 -0.0005209 0.0149835 0.00676918 -0.00217222 0.00199068 -0.00521583 -0.000501982 0.00237502 
-0.0059314 -0.00161499 0.00131218 0.0058442 -0.00332441 0.000405103 -0.0133804 -0.0014059 0.00105266 -0.00138868 0.00217491 0.130326 0.0182117 0.00379148 -0.00791723 0.00420086 0.00498123 -0.00497965 -0.00657936 -0.00892264 -0.0144264 -0.00630152 0.00409257 -0.0134023 -0.00775145 -0.00575803 0.00552563 -0.00454336 -0.00235759 -0.00421186 0.00830505 0.00141215 -0.00063441 -0.00669972 -0.00335141 0.00340788 0.000212321 0.00737599 0.00525434 -0.00532934 -0.00449525 0.00122279 0.00487962 0.00081136 0.000816395 0.00657035 -0.00133286 -0.00132524 -0.00214044 -0.00206542 -0.00267645 -0.00252145 -0.00286473 -0.00371108 0.00230659 -0.000762401 0.000723542 -0.00442626 -0.00629938 0.000156924 -0.00574873 0.00428461 -0.00275989 -0.00141544 -0.000776558 -0.0075141 -0.00327143 0.00156352 -0.00192503 0.00435055 0.00268208 0.000266526 -0.000710076 -0.00512532 0.00469848 -0.0013598 -0.0112682 -0.00257011 0.00283033 0.0044412 0.00171118 -0.00436185 0.00119562 -0.00461294 -0.00136844 -0.00340588 -0.00713362 -0.00327396 -0.00209714 0.000710119 -0.00677228 0.0026145 -0.00384021 -0.0048989 0.00705324 -0.00517221 -0.00241777 -0.00118615 0.00277522 -0.00673237 
0.00401485 0.00271829 -0.00704811 -0.00167781 -0.00560854 -0.00830206 -0.0133137 0.00713193 -0.00321047 -0.00439061 0.000847735 0.0182117 0.173232 -0.00639845 -0.00481303 0.00524369 -0.00857676 -0.00662281 -0.010498 -0.0111841 -0.0148124 -0.00769557 0.00344606 -0.0107409 -0.0021357 -0.00486119 -0.00373142 0.0111618 0.00665582 -0.00788217 0.0214696 -0.00280835 0.0034447 -0.0046337 -0.00255497 0.00425902 -4.08358e-05 -0.00705557 -7.81944e-05 -0.00796276 -0.00853651 0.00391748 0.00515281 0.00376617 0.00909428 -0.000429489 -0.00308364 -0.00421664 0.00492878 0.000908839 0.0016488 0.00273792 -0.0122485 -0.00168157 0.00324483 -0.00762965 0.00727537 0.00110808 -0.0131064 -0.0032679 -0.00493979 0.00137708 0.00506388 -0.00643881 0.00650739 -0.00341222 -0.00613737 -0.00346406 -0.00141768 -0.00609185 -0.00104719 0.000371227 0.00434502 -0.00750049 0.00187529 0.00433003 -7.34086e-05 0.00752744 0.00379805 0.000989593 -0.00045499 0.00357874 0.0105869 -0.00180648 -0.00950004 -0.0114706 -0.0187993 -0.00302051 -0.0172499 -0.00750121 -0.00981578 0.00914693 0.013235 -0.00478258 -0.00492929 -0.0165615 -0.00571736 0.00328076 0.00177621 -0.0084392 
-0.00539097 -0.00565423 -0.00330927 -0.00481174 0.00716358 0.00346935 -0.00320584 -0.00436605 0.00319352 0.00486987 0.0140258 0.00379148 -0.00639845 0.152177 -0.00437892 0.0101082 0.00183666 -0.00483426 0.00127759 0.00182333 -0.00929506 -0.00678958 -0.00781847 -0.00122762 0.00156951 0.00130355 -0.00580355 -0.000310362 -0.00780643 -0.0118749 -0.0102231 0.00866857 -0.00773614 -0.008067 0.00173271 -0.00280578 -0.000843315 9.14388e-05 -0.00157188 -0.00376328 -0.00505906 0.00204694 -0.00293831 0.00135725 0.00640551 0.0161023 0.0029853 0.00472674 -0.00989759 -0.00137976 -0.00724631 -0.0147387 0.00191292 0.000221139 -0.012725 -0.0044802 -0.00707147 -0.00804285 -0.00423689 0.000490757 -0.00252892 0.00248093 -0.00575239 -0.0048233 0.00513615 0.00724639 0.0012586 0.0012647 0.000840139 -0.00139651 0.00297765 0.00420483 0.0101734 -0.00573687 -0.00193821 -0.00527927 -0.0127681 -0.00342594 -0.000624479 -0.00426663 -0.00300243 -0.00670633 -0.00778239 0.00456719 -0.00387008 -0.00406001 0.0048832 -0.00645577 -0.00309743 -0.001104 -0.000243356 -0.00655131 -0.00800336 0.00416501 0.00668672 0.000582801 -0.00156923 -0.00534826 0.000209469 0.0024085 
0.00140745 -0.00758484 -0.00498758 0.00129456 -0.00263225 -0.00354198 -0.00624542 0.0121353 0.00224423 -0.00180579 0.00184342 -0.00791723 -0.00481303 -0.00437892 0.156056 0.00564249 0.00308607 0.00331627 0.0021543 0.0225282 0.0210104 0.0090557 -0.00896021 -0.00307124 -8.95821e-05 0.00253257 0.00124991 -0.00698764 -0.00738105 0.00395207 -0.0288487 -0.00827627 -0.00163084 0.00987217 -0.000642707 -0.00706084 -0.00136044 -0.000403033 -0.0020514 -0.002068 -0.0055935 -0.0110577 -0.00406912 0.00411324 -0.00625752 0.00132705 -0.00442213 -0.00972347 0.005128 -0.00432336 0.0022 -0.00158482 0.00162236 -0.00973062 -0.0139309 -0.00408055 -0.0162129 0.00529914 -0.00593459 0.00147643 -0.00906669 -0.0076249 0.00390687 0.00142476 -0.00523098 -0.00828515 0.00593732 -0.00568517 -0.00935441 -0.00946012 -0.00230468 -0.00207089 -0.0119212 0.00266165 -0.0121634 0.000207667 0.00562538 0.00299846 -0.00128368 -0.0058362 0.00090293 -0.00702925 0.00268127 0.000700357 0.00300353 0.00520929 0.0106346 -0.00129828 0.000895898 0.00175965 -0.00591777 0.00546013 0.00420798 -0.0138312 0.00085863 -0.000711877 0.00523407 0.000410446 0.0014129 -0.00794494 
-0.00105617 -0.00717451 -0.00103579 0.00514975 0.000963285 -0.00570999 -0.00634661 0.0061636 0.0030312 0.00487796 0.00712538 0.00420086 0.00524369 0.0101082 0.00564249 0.187597 0.00650963 -0.00845498 -0.00220188 -0.00728764 0.00401358 -0.0101872 0.00206071 0.0128394 0.0108427 0.00161494 -0.00311189 0.0168453 -0.0044296 -0.00715917 0.00146052 0.003321 -0.00552519 -0.00828118 -0.00512084 -0.00731991 -0.00614629 -0.00398758 -0.0077113 -0.00527198 -0.00748373 -0.00855178 0.00202195 -0.00138087 0.00330701 -0.00384442 0.00065854 -0.00514234 -0.00109978 -0.00485636 -0.00678736 -0.00820655 0.00368646 0.000510566 -0.0113534 -0.00508685 -0.0218818 -0.00179411 0.00649496 -0.00159 -0.00968062 -0.00645881 0.000272905 -0.00591033 0.0046993 -0.0072807 -0.004623 -0.00730741 -0.00270451 -0.00934796 -0.00587706 -0.000293252 -0.0135989 0.0126955 -0.00333991 -0.00739355 -0.0141517 0.00252312 0.000355788 -0.00405855 -0.00511554 -0.0107184 0.00742294 -0.00219603 -0.000492784 -0.00566002 -0.00988591 -0.00197085 -0.0105405 0.00662856 0.00645922 -0.00578247 -0.00613486 0.00723583 -0.00753005 0.0159525 -0.00866137 0.00409127 -0.00214415 -0.00318954 
1.181e-05 -0.00885981 -0.00163553 -0.00238309 -0.0104561 -0.00141354 -0.0143152 -0.00211949 -0.00286557 0.00450528 0.00083474 0.00498123 -0.00857676 0.00183666 0.00308607 0.00650963 0.15079 0.00847205 -0.0048388 0.0141673 0.0101731 0.0070998 -0.00314791 0.00753673 0.00719249 -0.0117813 -0.00142963 -0.00129022 -0.000578391 0.000455202 -0.0070351 0.00186642 -0.00705572 -0.0052033 -0.00183399 -0.0026933 -0.00315482 0.00102389 0.00453435 0.00660656 -0.00272797 -0.00913059 0.00106739 0.000632659 -0.00453593 -0.00338053 0.000405872 -0.00206158 -0.0101516 -0.00813121 0.00547935 -0.00664062 0.0132365 0.000141434 -0.00512721 0.00248015 -0.00435659 -0.0117104 0.010349 0.000682314 -0.0131798 -0.00882338 -0.00480094 0.000439813 0.0046445 -0.00365503 -0.00507164 -0.00445542 -0.00170324 -0.0040208 -0.00168223 -0.000733379 -0.00122909 0.00113227 -0.0069056 -0.00520546 0.00220988 -0.00639322 -0.00173753 -0.00647884 -0.000894983 0.000448475 -0.000231659 -0.00255464 -0.00708575 -0.000675819 0.00439776 -0.00162821 0.0116062 0.00679891 -0.0014726 -0.00111319 -0.00710865 0.000328707 -0.000656987 -0.0134718 -0.00423857 -0.00323812 -0.0106199 -0.00647622 
-0.00114376 0.00937012 -0.00247775 0.00324101 -0.00566688 0.00140764 -0.00854181 0.000493279 -0.00208304 -0.00227963 -0.00789799 -0.00497965 -0.00662281 -0.00483426 0.00331627 -0.00845498 0.00847205 0.110255 0.000265905 0.00713732 -0.00351934 0.0142781 -0.00604657 0.00342885 -0.00313841 -0.00707129 -0.00257422 -0.010303 0.000464026 0.00289434 -0.0150538 -0.00426099 -0.00450397 0.00213853 -0.00212171 0.00306755 -0.000130461 0.00433469 0.000850177 0.0046952 -0.00107214 -0.00154516 -0.000925315 9.39517e-05 -0.00162494 -0.000322553 0.00159924 -0.00362333 -0.0041567 0.00171537 -0.00211107 0.00102122 0.00381012 0.00250038 -0.00945881 0.00192077 -0.00289262 0.00169933 -0.00275844 -5.64277e-05 -0.0105556 -0.000997043 -0.00511273 0.00196422 -0.00220407 -0.00410402 0.00107424 -0.000803149 -0.00231016 0.000533863 0.00131657 -0.00291995 0.0104782 -0.00290048 -0.0084473 0.00228412 -0.00425356 0.00125792 -0.00185621 -2.751e-05 0.00178327 0.00274143 -0.00401428 -0.00229552 -0.00368401 0.00315043 -0.000386359 -0.00305949 -0.00374586 -0.00254622 -0.00177229 -0.000958248 0.00204707 -0.00771791 0.00146944 -0.00787859 0.00267474 0.0035505 0.00171685 -0.00370933 
-0.000695197 -0.00814979 9.41852e-05 0.00543885 0.00554321 -0.000476361 0.00445963 0.00164485 -0.0056371 0.00213859 -0.00642738 -0.00657936 -0.010498 0.00127759 0.0021543 -0.00220188 -0.0048388 0.000265905 0.158951 0.00136478 0.010425 -0.00232565 0.0126368 -0.0108392 -0.00832744 -0.00237272 -0.00371026 -0.0104154 0.00287928 0.00437727 -0.00245619 -0.00251763 -0.00306788 0.000999257 -0.00421545 -0.00512313 -0.00471871 -0.00452306 -0.00299346 0.00243235 0.00204422 -0.0169925 -0.00658932 0.00169532 -0.00510495 -0.00726063 -0.00189887 -0.0074901 -0.00897987 -0.00703375 0.0119086 -0.00623345 -0.00121622 0.000882636 0.013258 -0.00150396 -0.00888861 -0.00757589 -0.00209104 -0.00101104 -0.00256383 0.000642644 -5.64998e-05 0.000857595 -0.00587341 0.00186274 -0.00365323 -0.000601982 0.00169584 0.00337182 -0.000491206 -0.00116689 -0.00301021 0.00158523 0.00964961 -0.00220781 0.00596358 -0.00681565 0.000810377 -0.00938767 -0.00759086 -0.0030055 -0.00440343 0.00155996 -0.000208871 -0.00258373 -0.00476573 -0.0062851 0.020373 -0.00313623 -0.00269617 -0.00449716 -0.00640477 -4.24322e-05 -0.0106145 0.0158906 -0.00807027 -0.00364001 -0.0053502 0.000969109 
0.00107144 -0.00510755 -0.000951333 -0.00117865 -0.00977402 0.000373658 -0.00690104 0.00263802 -0.00207498 0.00432806 -0.0110173 -0.00892264 -0.0111841 0.00182333 0.0225282 -0.00728764 0.0141673 0.00713732 0.00136478 0.186214 0.0122142 0.0147594 -0.00147619 0.00376954 0.0055412 0.000907428 -0.00192111 -0.00876751 -0.0103597 0.0131749 -0.0207126 -0.00170572 -0.0076557 -0.000202047 -0.00737615 -0.00689986 -0.00524047 -0.0115162 0.00339243 0.0033404 -0.00452728 -0.012745 -0.00259278 -0.00285239 -0.00980868 -0.00620754 -0.00293108 -0.000974036 0.00498236 -0.0124937 -0.00124729 -0.0022439 0.000159008 -0.00339988 -0.00236993 0.00407475 0.00230478 -0.00462931 -0.00206137 -0.00380899 0.00336506 0.0094065 0.00148159 0.00424109 -0.00684122 -0.0112397 -0.00270065 -0.00602975 -0.00769538 0.000731859 -0.00557947 -0.00151119 0.00424471 0.00530496 -0.00612078 -0.0025955 -0.00575227 -0.00281664 -0.00979711 -0.00213922 -0.0071186 -0.00886921 -0.00196575 -0.000468866 0.00245112 0.00155174 0.00795666 0.000530989 0.0101073 0.00455523 -0.00880612 -0.00481515 -0.00713999 -0.00822839 0.00987341 -0.0145818 -0.00314398 -0.0041247 -0.00691763 -0.00594341 
0.00948504 -0.0100234 -0.00687591 0.005522 -0.00219572 -0.00549258 0.00211087 0.00475303 -0.00463807 -0.000772163 -0.00574748 -0.0144264 -0.0148124 -0.00929506 0.0210104 0.00401358 0.0101731 -0.00351934 0.010425 0.0122142 0.200587 0.000699655 0.0196865 0.00400362 -0.00358737 0.00123293 0.00105797 -0.00813096 -0.0107863 0.0104756 -0.0104317 -0.00767819 -0.00663426 0.0146827 -0.00724124 -0.0058714 -0.00536075 -0.00886404 -0.00897491 0.00714809 0.0058391 -0.00141393 -0.00894956 0.00685217 -0.00779588 -0.0069158 -0.00782445 -0.00907034 -0.00270753 -0.00950193 0.0138549 -0.00989156 0.00253421 0.000742833 -0.00551584 -0.00614707 -0.0229776 -0.00567684 -0.0102652 -0.00510785 -0.0119723 -0.00620786 -0.000137012 -0.00265017 -0.000142988 -0.00206078 -0.000849851 -0.00304445 -0.0027631 -0.00497086 -0.00468022 0.000240071 0.00345996 0.00762242 0.00310648 -0.00591202 -0.000742844 -0.00192567 -0.00520776 -0.011912 -0.00471275 -0.0128829 -0.00206085 -0.00139987 0.00168946 0.00715061 0.00690215 -0.000899262 0.0118938 -0.000130394 -0.00114493 -0.00597784 -0.00120707 -0.00401424 -0.020075 0.0200711 -0.00602199 -0.0058138 -0.00890029 -0.00969829 
0.00059794 -0.00726073 -0.00156881 -0.00181002 -0.0140106 -0.00136761 -0.00665072 -0.00588088 -0.0065912 0.000832738 -0.00467913 -0.00630152 -0.00769557 -0.00678958 0.0090557 -0.0101872 0.0070998 0.0142781 -0.00232565 0.0147594 0.000699655 0.168861 -0.000483832 -0.00768914 0.00476363 0.00301309 -0.00897999 -0.0227076 0.00621819 0.00885586 -0.02445 -0.00787435 0.00290475 0.0151028 -0.00363191 0.00288179 0.00216399 0.00690623 0.0031765 0.00445001 -0.00184006 0.00356158 -0.0113779 -0.00240246 -0.00612791 0.00386506 -0.00432259 -0.00163669 0.00669082 -0.00558947 -0.00649094 0.00079605 -0.00353417 -0.00585045 -0.00429449 0.00814637 0.00311855 0.00472901 -0.00418704 0.00226736 -0.0187873 0.000576143 1.1713e-05 -0.000397868 -0.003262 -0.00263507 0.000347954 -0.00287312 -0.00514559 0.0040902 -0.000580941 -0.0047456 -0.00820969 -0.0044162 -0.0131577 0.00799194 -0.0019953 0.00767987 -0.0132269 -0.00654276 0.00392629 -0.00510725 -0.00847036 -0.00340681 -0.00780077 0.00538163 -0.0103382 -0.0047214 -0.00577743 0.00498291 -0.00269502 -0.00680194 0.0188601 -0.0141188 0.00396963 -0.00277411 0.000190563 0.00246407 0.00261168 0.0016982 
-0.00304292 -0.00772527 0.00658607 0.00460872 -0.0110438 0.0032237 -0.0058131 -0.00506777 -0.00430897 -0.000784313 -0.00587949 0.00409257 0.00344606 -0.00781847 -0.00896021 0.00206071 -0.00314791 -0.00604657 0.0126368 -0.00147619 0.0196865 -0.000483832 0.138704 0.0044927 -0.00360924 -0.00141795 0.00137862 0.004998 0.00467557 0.00478474 -0.00290409 -0.00479619 0.000430986 -0.0020828 -0.00446822 -0.00263974 -0.00319565 -0.00703703 -0.00264684 0.000383958 0.00125789 -0.00765732 -0.00851922 -0.00269187 -0.00434936 -0.00521174 -0.00173662 -0.000177153 -0.00246144 -0.00818322 0.0109234 -0.00188013 -0.00058993 -0.00204492 0.00457618 -0.00420699 -0.00513286 -0.00184558 0.00241321 -0.000378643 -0.00398866 0.00334881 -0.00570001 -0.00103985 -0.00311718 -0.00665772 -0.0011041 0.000571196 -0.00317871 -0.00228263 -0.000719373 -0.00145233 7.65075e-05 0.00628238 0.0173132 0.00128818 0.00309992 0.00661168 -0.00488434 -0.00189462 -0.00519041 -0.00742174 -0.00113568 -0.00477241 -0.00384875 -0.0013561 -0.0108101 -0.0038888 0.00455191 -0.000714338 -0.00359386 -0.00859117 -0.00202918 -0.0101279 -0.0088908 0.00578254 -0.00720761 -0.00375599 -0.00242129 0.00095209 
-0.00750686 -0.00506077 0.00275326 -0.00800313 -0.00381207 -0.000164353 0.00852149 -0.00445013 -0.00364374 0.00745132 -0.00748239 -0.0134023 -0.0107409 -0.00122762 -0.00307124 0.0128394 0.00753673 0.00342885 -0.0108392 0.00376954 0.00400362 -0.00768914 0.0044927 0.186601 0.0313673 -0.00109329 0.00269497 0.0132219 -0.0016827 -0.00895885 0.00232505 -0.00297095 -0.00401151 -0.00484973 -0.00128427 0.000281992 -0.00417536 0.00565271 0.00325378 0.00783899 -0.00256777 0.0113726 -0.00799723 0.00357284 -0.00208841 -0.00569299 -0.00223943 -0.00304838 -0.00900477 -0.00920697 -0.0083308 -0.0114722 -0.00145403 0.00493733 -0.00604616 -0.00745347 0.00397095 -0.000950658 0.0123121 -0.00217479 -0.00174291 -0.00883197 0.000604833 -0.00219789 -0.00311499 0.006622 -0.00501145 -0.00519618 -0.00301321 -0.0121369 -0.0024325 0.00374168 -0.00652543 0.00445815 -0.00896885 -0.0031594 -0.00614139 0.00437394 0.00108465 -0.00223615 -0.00561671 -0.00420232 -0.00321304 -0.00844445 -0.00332174 -0.00671939 -0.000772208 -0.00027161 -0.00982985 0.000349953 -0.000575648 -0.012326 -0.00787219 -0.011507 -0.0139431 -0.0117553 -0.00497493 0.0044766 -0.00317878 0.00516937 
-0.0030357 -0.00805749 0.00175206 -0.00353205 0.0047158 -0.00332762 -0.000352087 -0.00213295 -0.00395248 0.00255667 -0.00750071 -0.00775145 -0.0021357 0.00156951 -8.95821e-05 0.0108427 0.00719249 -0.00313841 -0.00832744 0.0055412 -0.00358737 0.00476363 -0.00360924 0.0313673 0.157326 0.00124221 0.000775632 0.0183217 0.000680396 0.00455097 0.00735156 -0.0068743 -0.00244336 -0.00424688 0.00908318 -0.00491772 -0.00288054 -0.00740122 0.00369942 0.0136327 -0.00160664 0.00661781 -0.0041527 -0.00357414 0.00316243 -0.00462826 -0.00753037 -0.000539107 -0.0155917 -0.00895792 -0.0107228 -0.0132776 -0.00750527 -0.00686854 -0.00419119 -0.00306079 -0.0125557 -0.00827306 0.00472753 -0.0031187 -0.0108793 -0.00313406 -0.0010441 -0.000663538 -0.00132008 0.0165546 -0.000759652 -0.00231643 0.00105424 -0.00712234 -0.00464594 0.00166902 -0.0155118 0.00572888 -0.00782377 -0.00554674 -0.00630204 -0.00116996 0.00145287 -0.000959804 0.00299656 -0.00883511 0.00432966 -0.000743655 -0.00240734 -0.00619292 -0.00183085 0.000662472 -0.00838983 -0.00383725 -0.00354254 -0.000878616 -0.00428922 -0.00804815 -0.0124012 -7.41966e-05 -0.00203475 0.00394708 -0.00335533 0.00164073 
0.00169424 -0.00485724 0.00413427 -0.00262378 -0.000264017 -0.00201306 -0.00432443 -0.0011821 0.00148166 0.000249958 0.000845339 -0.00575803 -0.00486119 0.00130355 0.00253257 0.00161494 -0.0117813 -0.00707129 -0.00237272 0.000907428 0.00123293 0.00301309 -0.00141795 -0.00109329 0.00124221 0.127721 -2.38788e-05 0.00610807 0.00968211 -0.00519534 -0.000588662 0.00238313 -0.0024366 -0.00208202 -0.00490545 -0.00319704 0.00492226 -0.00184398 -0.00350042 0.00199467 -0.00455513 -0.0004087 -0.00596429 -0.00266491 0.000820304 -0.00748645 -0.00173887 -0.00306423 0.00775844 0.0020752 0.000956842 0.00311057 -0.00693179 -0.00060371 0.0125448 -0.00120126 -0.00495429 -0.000403868 0.00156227 4.06096e-05 0.00124318 0.00393805 0.000865065 -0.000626044 -0.00195045 -0.00854697 -0.0035881 -0.00187911 -0.000982242 -0.0036716 -0.00203921 -0.000783283 -0.00810816 -0.000933185 -0.00540876 -0.00495644 -0.00784322 -0.00047896 -0.00292327 -0.00829938 -0.00541481 -0.00580311 -0.00852096 0.00438213 -0.00272462 -0.00318847 -0.00550021 0.00413722 -0.00936031 -0.00351307 0.00110462 -0.0040442 -0.00266411 -0.00186199 -0.00248905 0.00471029 -0.00125325 -0.00181979 0.0101855 0.00204932 
-0.00437352 -0.00218389 0.000699445 -0.000164855 0.000465589 -0.00403877 0.00533784 -0.0106585 -0.00322399 0.00245718 -0.00420191 0.00552563 -0.00373142 -0.00580355 0.00124991 -0.00311189 -0.00142963 -0.00257422 -0.00371026 -0.00192111 0.00105797 -0.00897999 0.00137862 0.00269497 0.000775632 -2.38788e-05 0.104284 0.00443803 0.000713624 0.00544759 -0.00254556 0.00652686 -0.00178834 0.00029548 -0.00190239 -0.004595 0.000933845 0.00196376 -0.00286095 -0.00172842 -0.00470585 -0.00311393 -0.00360724 -0.0020314 -0.000163707 0.000856114 7.70931e-05 0.00398759 -0.000259488 -0.00101325 0.00042116 -0.00520775 0.0093098 -0.00201626 -0.000907356 0.000230838 -0.010738 -0.00245026 -0.00110477 0.00170542 -0.000265448 0.000316093 -0.00228704 -0.000997291 -0.000431684 0.00395728 0.00443952 -0.000786944 0.00211082 -0.00386855 -0.00447884 -0.00134962 -0.00361174 0.00411468 -0.00407535 0.0010308 -0.00692697 -0.00268632 -0.00512428 0.00761737 -0.000870484 -0.00862419 -0.0033946 0.000335052 0.00265141 0.000486162 0.00304109 0.00377695 -0.00495401 -0.00209315 -0.00380275 0.00222401 -0.00428152 -0.0056029 -0.00341152 -0.00635832 0.00061494 -0.00417577 0.00231243 -0.00453174 
0.00256469 -0.00558554 -0.00309911 -0.000932346 0.00491529 0.000600795 0.00547056 0.00316505 -0.0016775 -0.00202457 -0.000424943 -0.00454336 0.0111618 -0.000310362 -0.00698764 0.0168453 -0.00129022 -0.010303 -0.0104154 -0.00876751 -0.00813096 -0.0227076 0.004998 0.0132219 0.0183217 0.00610807 0.00443803 0.14607 -0.000550415 0.00747984 0.0137591 0.00781403 0.00175308 -0.0117683 -0.00140685 -0.00194195 -0.000306687 0.00751214 6.10986e-05 0.00344373 0.00325924 0.00206373 -0.0041769 -0.00468311 0.0065024 -0.00893376 -0.00283928 0.00350771 -0.00603089 -0.000735098 -0.0122211 -0.00641999 -0.00378547 -0.00687799 0.00561076 -0.00795461 -0.0101329 -0.0045781 0.000263788 -0.00013628 -0.0049672 0.0017335 0.00165731 -0.000266641 0.00336116 -0.00716414 0.000136657 -0.00290683 -0.00672404 -0.0104953 -0.0073687 -0.00204836 -0.00842453 0.00124601 0.000649538 -0.00151588 -0.0140505 0.000834425 0.00275227 -0.00146582 -0.00202793 -0.00325128 0.0108829 0.00181017 -0.00747549 -0.00673351 -0.0111453 -0.00118553 -0.00871082 -0.00448209 -0.00294643 -0.00146824 -0.0135643 -0.00210452 -0.00378921 -0.000832334 -0.00443684 -0.0068744 0.00247522 0.00265463 
-0.000844906 -0.0026442 -0.000706003 0.00319544 -0.00713085 -0.00161087 -0.000219137 -0.000797605 -0.0047059 -0.00370037 -0.00166524 -0.00235759 0.00665582 -0.00780643 -0.00738105 -0.0044296 -0.000578391 0.000464026 0.00287928 -0.0103597 -0.0107863 0.00621819 0.00467557 -0.0016827 0.000680396 0.00968211 0.000713624 -0.000550415 0.127045 -0.00597356 -0.0149131 0.00324156 0.00764498 -7.0412e-05 -0.00425737 -0.00296254 -0.000483894 0.00192277 0.00306894 0.00207059 -0.00118398 0.0126411 -0.00875245 0.000892286 -0.0018614 -0.00647562 0.00366398 -2.48093e-05 -0.00122147 -0.00240827 0.0040837 -0.00415659 -0.00805697 0.000969146 0.00544459 0.000901916 -0.00894984 -0.00158109 0.00632262 -0.00176857 0.00502197 -0.00194671 -0.0012148 -0.00174653 0.00181406 -0.00306667 0.000666271 -0.0018951 -0.00297473 -0.00389373 0.00143302 0.00152487 -0.00713553 -0.00281988 -0.000944099 -0.00517901 -0.00323692 -0.00272213 -0.000130042 -0.00874466 -0.00281472 -0.00278307 -0.00552348 -0.0030543 -0.00144936 -0.00411686 -0.0111573 0.000375559 -0.00911181 0.00146473 0.00207937 0.00194978 0.00271373 -0.00546505 -0.00405385 0.00319212 -6.38783e-05 -0.00566662 0.00679453 0.00386242 
-0.000543376 -0.0110456 -0.00829356 0.00134083 -0.000171059 -0.00219489 -0.00306808 0.000489129 0.00214189 -0.0040266 -0.00908964 -0.00421186 -0.00788217 -0.0118749 0.00395207 -0.00715917 0.000455202 0.00289434 0.00437727 0.0131749 0.0104756 0.00885586 0.00478474 -0.00895885 0.00455097 -0.00519534 0.00544759 0.00747984 -0.00597356 0.142184 -0.000446915 0.00598154 0.00131987 0.00125667 0.0017277 0.00241868 -0.00274763 -0.00562008 -0.00633061 0.00496665 0.00960613 -0.00365226 0.000661145 -0.00386155 -0.00515972 -0.0116473 -0.00671694 -0.00609141 -0.00285471 -0.00308109 -0.000917199 0.00865844 -0.00466853 -0.00571983 0.00545852 -0.0049865 -0.0129537 -0.00295482 -0.00499737 0.00153067 -0.0104827 0.00255748 -0.00147782 0.00275414 -0.00548022 0.000422388 -0.00154363 -0.00215755 -0.00424396 -0.00470492 -0.00309463 -0.00533573 -0.00665725 -0.00452965 0.000992076 0.00277288 -0.000806336 -0.00360676 -0.00447366 0.00270408 0.00516172 -0.00167546 -0.000211453 -0.00154218 -0.00331729 0.00884548 -0.00390342 -0.0080343 0.00375534 0.00056516 -0.00125372 -0.00815163 -0.0053761 -0.000824546 0.00174025 0.00310632 -0.00255848 -0.00301429 -0.00472765 -0.00328538 
-0.00961241 0.00750751 0.00832744 -0.00882655 0.000108557 -0.0123045 -0.00361755 0.0057034 -0.0137274 -0.00503918 -0.00609472 0.00830505 0.0214696 -0.0102231 -0.0288487 0.00146052 -0.0070351 -0.0150538 -0.00245619 -0.0207126 -0.0104317 -0.02445 -0.00290409 0.00232505 0.00735156 -0.000588662 -0.00254556 0.0137591 -0.0149131 -0.000446915 0.228493 0.00462019 -0.00474333 0.00166313 0.00292981 0.00888604 -0.00446373 -0.0159414 -0.0103782 -0.00900717 -0.00646738 -0.00931347 8.21063e-05 -0.000980258 0.0144543 -0.0135759 -0.00374319 0.00203587 0.0021752 0.0072296 0.00119972 0.00540648 -0.00058538 0.00182354 0.00862011 -0.0110128 0.0165725 -0.0106728 -0.000254483 -0.00902289 0.00566357 0.00283862 -0.00332887 -0.00560257 0.000333229 0.00177126 -0.0129163 -0.00198795 0.00345553 0.0164529 -0.00708827 -0.00256197 -0.0106247 -0.011286 0.000883319 0.00206269 0.00405672 -0.00448913 0.00318485 0.0113417 -0.00822746 0.0128933 0.0114618 -0.00072768 -0.00945205 -0.00863369 0.00569227 -0.00780868 0.00616361 -0.0126974 -0.00493051 -0.00288885 -0.0127126 0.0105293 -0.0147002 0.00399542 -0.00962577 -0.00567257 -0.0112577 -0.00607398 
0.00151046 -0.00535918 0.00113212 -0.00228626 -0.00118146 0.00139685 -0.00530047 -0.00858074 -0.00307565 0.00399145 0.000853525 0.00141215 -0.00280835 0.00866857 -0.00827627 0.003321 0.00186642 -0.00426099 -0.00251763 -0.00170572 -0.00767819 -0.00787435 -0.00479619 -0.00297095 -0.0068743 0.00238313 0.00652686 0.00781403 0.00324156 0.00598154 0.00462019 0.119584 -0.000129557 0.00560282 0.000195517 0.00169915 0.00336948 0.00443447 -0.00348682 -0.00781137 -0.00755333 -0.00228355 -0.00455197 -0.00253396 -0.000998439 0.00245817 0.00232362 0.00649747 -0.000755449 0.000237049 -0.00130651 -0.00684881 0.000696657 -0.00227484 -0.00105396 -0.00366633 0.0029116 -0.00248473 0.00241395 0.000501731 3.85316e-05 0.000725107 -0.00366343 -0.00391936 0.000313298 -0.00170201 0.000738968 0.00261843 0.000326796 -7.43035e-05 -0.00639586 -0.000284268 -0.000446811 -0.00848987 -0.00427005 -0.00420916 -0.00632948 0.000100416 -0.000947711 -0.000706372 -0.0034238 0.000171966 -0.0021923 0.000553539 -0.00148601 -0.00136983 -0.00304075 -0.000340802 0.00331581 -0.0032698 -0.0025353 -0.00989218 -0.00876369 -0.00271928 0.00288425 -0.0124998 -0.000947553 -0.00294403 -0.000959498 0.00167663 
0.00179227 0.00696313 -0.000754647 -0.00299231 -0.00996051 -0.00096629 -0.00455869 0.00205042 -0.00648445 -0.000341509 -0.000878963 -0.00063441 0.0034447 -0.00773614 -0.00163084 -0.00552519 -0.00705572 -0.00450397 -0.00306788 -0.0076557 -0.00663426 0.00290475 0.000430986 -0.00401151 -0.00244336 -0.0024366 -0.00178834 0.00175308 0.00764498 0.00131987 -0.00474333 -0.000129557 0.12 0.00986686 0.00404966 -0.000623041 0.00138037 0.0115784 -0.000125652 -0.00439987 -0.0053802 0.00713492 -0.00824928 -0.00520773 -0.00713324 -0.00438373 -0.00369081 -0.00244614 -0.00422018 0.00101711 -0.00246607 4.42141e-05 -0.00385357 -0.00241335 0.00802186 -0.00140557 -0.0026129 -0.00268912 -0.00607073 0.00180406 -0.00276619 -0.00415779 0.00019673 -0.00125683 0.00283313 -0.00011056 -0.000126214 -0.00274045 -0.0057501 -0.00151669 -0.00314089 -0.00348448 -0.00397128 -0.00599278 -0.00545987 0.00352351 0.00160173 0.00365962 -0.000645623 -0.0049605 -0.00147569 -0.000506191 0.00501743 0.00208272 0.00239683 -0.00043768 -0.00132259 -0.000175169 0.000290744 -0.00163703 -0.00631376 -0.000944504 -0.000610004 -0.00791765 -0.003674 -0.00457765 0.00148697 0.00107862 0.00489472 0.00771294 
0.00249351 -0.00193923 -0.00549104 -0.00387967 -0.00705834 -0.00419897 -0.00344105 -0.00140589 -0.00563644 -0.000930171 0.00289103 -0.00669972 -0.0046337 -0.008067 0.00987217 -0.00828118 -0.0052033 0.00213853 0.000999257 -0.000202047 0.0146827 0.0151028 -0.0020828 -0.00484973 -0.00424688 -0.00208202 0.00029548 -0.0117683 -7.0412e-05 0.00125667 0.00166313 0.00560282 0.00986686 0.136492 -0.00236551 1.47157e-05 0.000867063 0.00787905 -0.00474031 -0.0104573 -0.00273452 -0.00450224 -0.00460106 0.00278766 -0.00272163 0.00380344 -0.00417123 -0.00100897 -0.000547517 0.00759845 0.00315787 0.000253371 0.00477863 -0.00593446 -0.00973827 -7.18516e-05 -0.00633168 0.000947908 -0.00890363 -0.000952979 -1.78695e-05 -0.000124472 -0.00104253 -0.00212228 0.00144899 -0.00193166 0.00392569 -0.00215764 -0.00258372 -1.88915e-05 -0.00348148 -0.0016772 -0.00761195 0.00104274 -0.00104366 -0.00135783 0.00230644 0.00766261 -0.000752625 -0.0121744 -0.00345052 -0.00381408 0.00203028 -0.00345768 0.000803433 0.00523364 -0.00350044 -0.00704453 0.00109154 -0.00335117 -0.00471221 -0.00156148 -5.49111e-05 -0.00744694 -0.00779056 -0.00441697 -0.00409989 -0.00283544 -0.00259826 -0.000805642 
