0.096591 0.00789224 -0.000400278 0.0017192 -0.000881639 0.00134313 -0.000624436 -0.00210173 -0.00559682 0.00204643 -3.66458e-05 -0.00771499 -0.00170301 0.00096635 -0.0047503 -0.0097086 -0.00773873 -0.000376524 0.00191774 -0.00480998 0.00255844 -0.00817016 -0.000742668 -0.00283514 0.00262084 0.00916696 -0.00692604 -0.000677762 -0.0031123 0.0026712 -0.00200666 1.48215e-05 0.00268188 -0.00154743 -0.00318731 -0.00367037 -0.000259704 -0.00046715 -0.000264605 0.00588107 -0.0019408 -0.00274783 -0.00773451 -0.00818402 -0.00144143 0.00165477 -0.00653097 -0.00473004 -0.00532213 -0.00223977 -0.000260849 -0.00140719 0.00623071 -0.00597673 -0.00161897 0.000349408 -0.00363836 -0.00544642 0.000400839 0.000906398 -0.00133202 0.00578363 0.000423872 -0.000460624 -0.00462418 -2.20333e-05 -0.00302923 0.00844494 0.00203266 -0.00633331 -0.00291908 -0.000334317 -0.00229106 0.000355977 -0.00318875 -0.00229641 -0.00778724 0.0055689 -0.00625797 -0.00136105 -0.00061387 0.000590751 0.00494637 0.00262004 0.00812194 0.000891819 0.00125334 -0.00196386 -0.00646803 -0.00133425 -0.00500656 -0.00639645 0.00201188 -0.00186729 -0.00190829 0.000364611 0.00414366 0.00513132 0.0028443 0.00418351 
0.00789224 0.140617 -0.00649296 0.0131213 0.00448393 -0.000779525 -0.003693 0.00766892 -0.00520111 -0.00429199 -0.00272055 -0.0140525 0.00224625 -0.00174488 -0.00674358 -0.0217485 -0.00607105 -0.00302081 0.00508418 0.00606012 0.00110988 0.008843 -0.000250089 0.0112437 0.000725981 0.00390191 -0.00343309 0.00651468 0.0160846 -0.00213086 0.000251967 -0.00804041 0.00349259 -0.00121627 -0.00577098 0.0012048 -0.00252806 -0.00644891 -0.00531528 0.00695744 -0.00226981 -0.00691032 -0.00187287 -0.0028023 -0.00277422 0.00103818 -0.010457 0.00478435 0.00305775 -0.00207704 0.00734781 -0.0111471 -0.0082931 -0.00772426 0.00512839 -0.00341213 -0.00558869 0.00193021 0.00172102 0.00793629 0.0011713 -0.00296052 -0.00393633 -0.00251917 -0.00501971 -0.000627492 -0.00591316 0.00725309 -0.00128581 0.00191623 -0.00844758 -0.00606476 -0.00114192 -0.00103817 -0.00141467 -0.0108501 -0.00759345 -0.00197867 -0.00718152 -0.00658666 -0.00106803 -0.00192161 -0.004315 -0.000529522 -0.000976578 -0.00400903 -0.00911569 -0.00939094 -0.00399417 -0.00783171 -0.00509634 -0.00403559 -0.00199673 -0.00282892 -0.00772342 -0.00789456 -0.00117956 0.0144651 0.0148516 0.00538433 
-0.000400278 -0.00649296 0.120557 -0.00382687 0.00455732 -0.00249608 -0.000747234 -0.00689981 -0.00160151 -0.00556417 -0.000844164 0.00355197 -0.00324689 5.42439e-05 -0.00151534 0.0163005 0.00242433 -0.00214154 0.00607136 -0.00491725 -0.00280551 -0.00510681 0.00234271 0.000470081 -0.00458892 0.0100575 -0.00394028 -0.00285665 -0.00314399 -0.00364059 -0.0018181 -0.00238651 -0.00764712 -0.00421012 -0.00369337 -0.00790499 -0.0063487 0.0029519 -0.000253107 0.0010609 0.000995009 -0.0057987 -0.00249099 -0.0107666 -0.00861173 0.00560722 -0.00355861 -0.00529893 -0.00754988 0.000734655 0.00142474 -0.00153312 0.00212574 0.00381407 -0.00393012 0.00952885 -0.00192642 0.00122843 0.00030583 0.00205726 0.00377699 -0.00100037 -0.00136043 0.000315601 -0.00659355 -0.00244345 -0.00184142 0.000248732 -0.00350362 0.00673415 -0.001716 -0.00778623 -0.000680639 -0.000674394 0.00497066 0.01321 -0.00158923 -0.00816194 -0.0151739 0.00150974 0.000726048 -0.00484828 -0.00235926 -0.0084276 -0.011139 -0.00808958 0.0119539 8.48824e-05 -0.00351407 -0.000754549 -0.00458865 0.00952595 -0.00112486 -0.00536891 0.0139277 -0.0068806 -0.00260171 -0.000297058 -0.00148898 0.00130634 
0.0017192 0.0131213 -0.00382687 0.107544 0.00462368 -0.00384525 -0.00169048 0.0126125 -0.00146566 -0.00522649 -0.00342758 -0.00289934 0.00144375 -0.0030921 -0.00719948 -0.017213 -0.00605058 -0.00309295 -0.00334153 0.0103123 0.00494863 0.00358429 0.00347268 0.000391196 -0.00164863 0.0019851 0.00385915 -0.000581354 -0.000250061 -0.00271083 0.000115735 -0.001802 -0.00107703 0.00515799 0.0023577 0.000167026 -0.00189528 -0.0056156 -0.00419786 0.00213112 -0.000824077 -0.000173352 0.00560976 0.00345727 -0.0026986 -0.000107736 -0.00554051 -0.00221091 0.0024935 -0.000108927 -7.17163e-05 -0.00720232 0.0032659 -0.000316693 0.00194357 -0.00526904 -0.000680054 -0.00575122 -0.000656833 0.00487139 -0.00108933 0.00253201 -0.00615642 -6.12798e-05 -0.00412988 0.000106223 -0.00459417 0.00905695 0.00384414 -0.00205538 -0.00253005 -0.00425498 -0.002334 0.00105692 0.00285229 0.000128456 -0.00041114 0.00189775 -0.0014644 -0.0035356 0.000411969 -0.00667611 0.00763393 -0.00516856 -0.0108014 -0.0118648 -0.000874064 -0.00639618 -0.00120919 -0.00812412 -0.00421621 -0.00756892 -0.00198288 -0.00267525 -0.0122743 -0.00669844 -0.00429552 -0.00150295 0.00144972 0.00654875 
-0.000881639 0.00448393 0.00455732 0.00462368 0.0841449 0.00162089 0.00230774 0.0128185 0.00086405 -0.000111964 -0.00118419 -0.00206886 0.000857438 -0.00110148 -0.00488126 -0.00256864 -0.00102713 -0.00128845 -0.00359677 -0.00499756 0.0027004 -0.00870017 -0.000301173 0.00371504 -0.00371983 -0.00345026 0.00605201 0.00088414 -0.00445838 -0.0030074 -0.000463679 0.00257169 -0.00206413 -0.000874324 -0.00157341 -0.00075611 -0.00472873 -0.00354729 -0.000846173 -0.00335911 0.00285132 -0.00671819 0.00700247 -0.00143806 0.0027008 -0.00322572 0.000582256 0.000380988 0.00842751 -0.00201455 -0.00242479 -0.010068 -0.00440294 0.00241798 0.00243981 -0.00275206 -0.00579797 0.000980437 -0.000792576 -0.00163223 -0.00111469 -0.000996466 -0.0051618 -0.001425 -0.00913922 -0.0052804 -0.00581414 -0.00394697 0.000625378 -0.00264907 -0.00536787 0.000914165 -0.0023652 -0.00342374 -0.0016222 -0.000689728 0.00167188 0.00183964 0.00596973 0.00417832 0.00266814 -0.00422534 -0.000900625 -0.00547488 -0.000965224 -3.94761e-05 -0.00300553 -0.00272235 0.000213974 -0.00594557 -0.000790575 -0.00158886 -0.00021222 -0.00372184 -0.00184277 -0.000229382 0.00211196 -0.00281145 0.00322666 0.00689267 
0.00134313 -0.000779525 -0.00249608 -0.00384525 0.00162089 0.116987 0.00811322 0.00210302 -0.000788947 -0.00175137 0.00306072 -0.00197087 -0.00558008 -0.000743542 -0.00635569 -0.0163723 -0.00219901 -0.00418472 -0.00678525 -0.00412709 0.00546831 -0.00518877 0.000613869 0.000562156 -0.00308644 -0.0100664 0.00135852 -0.00235092 0.0120546 0.00181687 0.00423966 0.00292401 0.00340606 -0.00598892 -0.0032381 -0.00299515 -0.00392004 0.00101346 -0.000643543 -0.00664814 0.0017246 -0.00445861 -0.000238308 0.00396014 0.00197854 0.00103814 0.00180127 -0.00120135 0.00294462 -0.00111356 -0.00653623 -0.00358696 -0.0030038 0.000457485 -0.00145153 -0.000859842 -0.00176084 -0.00483954 -0.00150002 -0.00645061 -0.00143964 -0.00333084 0.00564331 -0.00248379 0.00570583 -0.00385129 -0.00182943 -0.00867853 -0.00183256 -0.00406709 -0.00406597 -0.00131743 -0.00378417 -0.00395221 0.00157616 -0.00518857 0.00175948 0.0156618 0.00902627 0.000261683 -0.00151325 0.0035822 -0.00718689 0.000617002 0.00226316 0.000624523 -0.00512122 0.00125607 0.00346311 -0.0112163 -0.000507553 -0.00554044 -0.000501642 -0.00469354 -0.00995105 0.0012538 0.00100894 -0.0032183 0.00198441 -0.00189861 
-0.000624436 -0.003693 -0.000747234 -0.00169048 0.00230774 0.00811322 0.114303 -0.00458633 0.0107199 0.00963985 0.00227429 -0.00160267 -0.00481565 -0.00229019 -0.00638714 0.00780874 -0.00757714 0.00163937 -0.00644951 -0.00655567 -0.0051434 -0.00376011 -0.0107225 -0.00296611 -0.002031 -0.00553685 0.00634672 -0.00223384 -0.00429366 -0.00237701 0.00167376 0.00704359 0.00187841 -0.000663821 -0.000734679 -0.00064405 0.00142902 -0.00548529 -0.00326056 -0.00481665 0.000751189 -0.00516545 -0.0046181 -0.00103985 0.00141181 0.00326694 -0.00086868 -0.00391295 0.00880961 -0.00390027 -0.00748547 -0.00578661 0.0054935 0.00149447 -0.00248981 -0.00514396 -0.00526036 0.00646426 -9.47199e-05 -0.00410864 -0.00182903 -0.0060689 -0.00144289 -0.00203505 -0.00527169 -0.00495288 -0.00169002 -0.00625254 0.000460748 -0.0036676 -0.000983081 -0.00218143 -0.00318873 -0.00123293 -0.00804895 0.00341656 -0.00246484 5.51539e-05 -0.00593327 -0.00214202 -0.000858827 -0.00877329 -0.00673693 -0.00610641 0.00424551 0.0160947 -0.00102301 0.00212552 -0.00527137 0.00198036 0.0038758 -0.00108901 -0.000501171 0.00694958 0.000740267 0.0019797 0.00101225 -0.00383238 -0.000241814 -0.00042206 
-0.00210173 0.00766892 -0.00689981 0.0126125 0.0128185 0.00210302 -0.00458633 0.175677 -0.00274252 -0.00349324 -0.0031021 -0.0114819 0.00138324 0.0011418 -0.00565365 -0.0056174 -0.0168831 -0.00250302 -0.020399 -0.00329662 0.00329486 0.00625612 -0.000956741 0.00762133 -0.00976186 -0.00320085 0.0187457 -0.00721135 -0.00467978 0.00246251 -8.80644e-05 0.00429122 0.00395455 0.0029285 0.000104429 0.0109429 0.0026062 -0.00686783 0.001067 -0.0145128 -0.00254027 -0.00197802 0.00785001 0.00264723 -0.00193371 -0.00966795 0.00542875 -0.00178718 -0.00666932 0.000940353 0.00135316 -0.00616155 -0.019251 -0.00637701 0.00147146 -0.0104778 -0.0158134 -0.00135877 -0.000312547 0.00948648 -0.00297442 0.00542484 -0.00569422 -0.00140552 0.0140689 0.0101765 -0.0079549 0.0264509 0.00161265 -0.00664919 -0.00606269 0.00465252 -0.00460399 0.00114686 -0.0047524 -0.0115764 0.00302784 -0.0134285 0.00206234 -0.00568849 0.00254234 -0.00987458 -0.0032671 -0.00175066 -0.0128485 -0.00821504 0.00203976 0.00141743 -0.00063625 -0.0155433 -0.0155677 -0.00638992 -0.000863441 -0.004142 -0.0111258 -0.00902607 -0.00609642 -0.000131436 0.00721251 0.00794438 
-0.00559682 -0.00520111 -0.00160151 -0.00146566 0.00086405 -0.000788947 0.0107199 -0.00274252 0.0953192 0.00290883 0.00204216 0.00572578 0.000491614 -0.000747871 -0.00599565 0.00240034 -0.00129511 -0.000472913 -0.00564467 -0.00429568 -0.00596219 0.00364662 -0.00284007 -0.00165622 0.000753035 -0.00461248 0.00737994 0.00162558 -0.00208585 -0.00564408 0.00255407 0.00379096 -0.00238692 -0.000893854 0.0033281 -0.00679219 -0.00366827 -0.00343378 -0.000966363 -0.00303193 -0.000769674 -0.00338971 0.000649199 0.00131877 0.0044503 -0.00213484 -0.00017493 0.00063735 0.00386291 -0.00213596 -0.00697811 -0.0064215 -0.00199684 0.00316025 -0.003984 -0.00105363 -0.00494685 0.00411815 -0.0028308 -0.00531312 -0.00127214 -0.00328347 -0.00242784 -0.00179172 -0.00148047 -0.00018662 -0.000335268 -0.00202794 0.000299634 0.00275833 -0.00293344 -0.00198487 0.000458323 -0.0031794 -0.00289782 0.00455972 -0.000286956 8.27281e-05 0.00150885 0.000497229 0.000602649 -0.00512617 -0.00345414 -0.00530208 -0.00248254 0.0014289 -0.00437313 -0.000669726 -0.00170944 0.00436735 -0.000337951 0.000569374 -0.00237033 0.00311754 -0.00774814 0.0052041 -0.00136936 -0.0046892 -0.00373347 0.00220454 
0.00204643 -0.00429199 -0.00556417 -0.00522649 -0.000111964 -0.00175137 0.00963985 -0.00349324 0.00290883 0.120219 0.00482089 -0.00824274 0.00109561 0.00376325 -0.00250383 0.000390657 -0.00867277 0.00476528 -0.00288071 -0.0101914 -0.00155358 -0.00999132 -0.00894179 0.00206605 -0.004644 -0.00607421 0.00406472 -0.0019843 -0.00260925 0.00577126 0.00296573 0.00313797 -0.00340605 -0.000869346 0.00933825 0.00376032 0.00216711 0.00556357 -0.000119583 -0.000859781 0.00172514 0.000923916 -0.0059463 -0.00480179 -0.00784172 -0.00814292 0.00152906 -0.00411973 -0.00456122 -0.00381295 -0.00379308 0.00153176 -0.00555879 -0.00583705 -0.00188787 -0.00146386 -0.000910174 0.000684317 -0.00267724 -0.00579336 -0.000434754 -0.00269115 -0.00385966 -0.00300356 0.000855402 -0.00622936 0.00381788 0.00169088 -0.00186155 -0.00557608 -0.00382874 0.00387571 0.00129467 0.000240294 -0.00161604 -0.00267504 -0.00192738 -0.000981666 0.000442916 0.00587135 0.00728774 0.00531726 -0.00382595 0.000142218 -0.000616048 0.000359795 -0.00365504 -0.00302174 0.00617095 0.00663059 -0.00748365 0.002716 -0.00182682 -0.00123722 -0.0126698 -0.00241658 0.003031 -0.00900527 -0.00558661 0.00253754 
-3.66458e-05 -0.00272055 -0.000844164 -0.00342758 -0.00118419 0.00306072 0.00227429 -0.0031021 0.00204216 0.00482089 0.0945257 -0.00235887 -0.000704387 9.01564e-05 -0.00125295 0.0060369 0.00275095 0.000287051 -0.00337767 -0.00155834 0.00265602 -0.00491267 -0.0057733 -0.000470121 -0.00542021 -0.00718694 0.00131408 -0.000884576 -0.00674614 0.00431358 0.00575733 -0.00143944 0.00055333 0.00139621 0.00527949 0.00788187 -0.0011219 0.00258276 0.00125787 -0.00248762 -0.0017814 -0.000502186 -0.00510403 -0.00275006 -0.00400901 -0.00316465 -0.00308405 0.00174956 -0.00108508 -0.0029498 -0.00551109 -0.00388556 -0.00846226 -0.00116559 0.00135986 -0.00246943 -0.00243013 0.000800416 -0.000123797 0.00481497 -0.00114586 -0.00163841 -0.00258108 -0.00372356 -0.000890001 -0.00803577 -0.00275091 -0.00396686 -0.00442679 -0.00569581 -0.00316405 -0.00413452 0.0031996 -0.000615946 -0.00107327 -0.000850029 -0.0028451 0.00193808 -0.00189727 0.0114693 0.00195126 0.00685479 -0.00401619 0.000430876 0.00265247 -0.00772073 0.000239846 0.00346016 -0.0015916 -0.00510238 -0.00203935 0.00173801 -0.000266265 -0.00285875 -0.00534202 -0.00142644 0.00203082 -0.0042602 -0.00333535 -0.000688351 
-0.00771499 -0.0140525 0.00355197 -0.00289934 -0.00206886 -0.00197087 -0.00160267 -0.0114819 0.00572578 -0.00824274 -0.00235887 0.129119 -0.000738452 0.000409986 0.00333615 0.00833153 0.011631 0.00487119 -0.0066375 0.0144292 0.00190475 -0.0111186 0.00717975 -0.00171811 0.00858333 -0.00183341 0.00282151 9.01878e-05 -0.0242891 -0.0023491 -0.00245445 -0.00248583 -0.00569994 -0.0063471 -0.00325978 -0.00651564 -0.00212267 -0.00175521 0.001511 -0.00924766 0.00386092 -0.00320255 0.00179873 -0.00636787 -0.00196052 0.00234969 0.00458743 -0.00461485 -0.00089499 0.00170175 -0.000601646 0.00691836 -0.000161925 0.0113636 -0.00337161 -0.00236213 -0.00141195 -0.00268491 0.0018554 -0.00282155 0.000308232 0.00611456 0.000597283 -0.00297147 -0.0125011 -0.00173963 -0.00143884 -0.00802263 -0.00139888 0.00347476 0.00544452 -0.00499061 0.00298444 -0.00246176 -0.0049106 0.0127345 -0.00385304 -0.000750003 -0.00890693 -0.00713913 -0.00430347 -0.00816469 -0.000790376 0.0014663 -0.0068955 -0.00642554 -0.00826993 -0.00623664 -0.00161371 -0.00442139 -0.00272217 0.00553376 0.00119772 -0.00234307 0.00649545 0.00922786 0.000153699 -0.000105845 -0.00370734 -0.00515944 
-0.00170301 0.00224625 -0.00324689 0.00144375 0.000857438 -0.00558008 -0.00481565 0.00138324 0.000491614 0.00109561 -0.000704387 -0.000738452 0.114989 -0.000535907 0.0119534 -0.00450034 -0.00467714 0.000988616 -0.00579518 -0.00606814 0.00114786 -0.000180373 -0.00645173 0.00189276 -0.00140531 -0.00395019 0.00194538 -0.000840807 -0.00867954 -9.00999e-05 -0.00206219 -0.00354617 -0.00316224 0.000796511 0.00212328 -0.00237711 -0.00407093 -0.00591142 -0.00419741 -0.000839921 -0.000121464 -1.21662e-05 -0.00264167 -0.00195826 0.00107203 -0.00680901 -0.00540998 -0.00219832 0.000737621 0.00161854 -0.00031672 0.00118372 -0.000226316 0.00232422 -0.000328788 0.00344793 -0.00509326 -0.00644001 -0.00259831 0.00686672 -0.00176183 0.0060382 -0.00468398 0.000375359 -0.00541077 -0.000356407 -0.00758891 0.00112767 -0.00473262 -0.0055248 0.0044631 1.58126e-05 0.00131306 -0.00333956 0.0011674 -0.000269626 0.00114221 -0.0113354 0.00375732 -0.00310741 0.00280157 0.00118556 -0.00572381 0.00582142 -0.00627641 -0.00318078 0.00297656 -0.00541086 -0.0002917 -0.00692318 0.00124649 0.00257764 0.00173485 -0.000809262 0.000325845 0.00229136 -0.0027906 -0.00703068 -0.00146614 0.00733306 
0.00096635 -0.00174488 5.42439e-05 -0.0030921 -0.00110148 -0.000743542 -0.00229019 0.0011418 -0.000747871 0.00376325 9.01564e-05 0.000409986 -0.000535907 0.107 0.00211801 0.00602312 0.0143689 0.00570604 -0.00153915 -0.0044448 -0.00265695 -0.00128773 0.000163779 -0.00221255 -0.00195469 -0.000269343 -0.00291604 -0.00382916 -0.0038533 0.00666507 -0.00525323 -0.00101043 -0.00293583 0.0017262 0.00136229 0.00488678 0.0082541 -0.000834103 -0.00318651 -0.000581084 -0.00296858 0.00193695 0.000741413 -0.00306165 -0.00837842 -0.000375096 -0.00306494 -0.00374174 -0.00863542 -0.00250146 -0.00395834 -0.00511542 -0.00448368 -0.00504683 -0.00484445 -0.00457921 -0.00267699 -0.00425241 -0.00102642 -0.00181543 -0.000972337 0.00123218 -0.000241023 0.000633875 -0.00168816 -0.00601285 -0.00235081 -0.00153902 0.00253612 0.00264625 0.000259039 -0.00229588 -0.000111034 -0.000185471 -0.000965857 0.000818286 -0.000613125 -0.0059353 0.00113601 0.00136116 -0.00230301 -0.00593479 0.00104906 0.00474974 -0.00788395 -0.00802255 -0.00396696 0.00290631 0.00362236 -0.000313743 -0.00295275 0.00491757 0.00100993 -0.00757945 -0.00702048 -0.00253779 0.000465446 -0.000509997 -0.00343327 -0.00180462 
-0.0047503 -0.00674358 -0.00151534 -0.00719948 -0.00488126 -0.00635569 -0.00638714 -0.00565365 -0.00599565 -0.00250383 -0.00125295 0.00333615 0.0119534 0.00211801 0.141026 0.00607257 0.00478213 0.00527429 0.0108246 0.000526595 -0.000359012 0.0032291 -0.000778724 -0.00321829 0.00185363 -0.00508171 -0.016079 -0.00290821 -0.00826558 -0.00113366 -0.00549606 -0.003516 -0.00884232 -0.00260178 -0.00221568 -0.00191838 -0.00311364 -0.00271664 0.000178407 -0.0060078 -0.00103883 -0.00101017 -0.00449954 0.000972549 -0.0109969 -0.00385334 0.000440094 -0.00542517 -0.00395477 -0.00221397 -0.00257212 0.00270679 -0.00157553 0.0092774 0.00258608 -0.000109055 -0.000225665 -0.00121051 -0.000452921 0.00985953 -0.00185123 0.00354752 0.0040835 0.00198425 -0.00285694 -0.00333843 -0.00504658 0.00243977 -0.00116019 -0.00875671 -0.00690569 0.00618575 0.000536291 0.000282291 0.00748337 0.000546648 -0.00449578 -0.00616747 0.00852331 -0.0059537 -0.000614188 0.00411083 0.00116444 0.00135942 0.00895326 -0.0164194 -0.00520872 0.00126202 0.00238814 -0.000485468 -0.0098272 0.00341022 0.00129366 -0.0105683 0.00066933 -0.00285904 -0.000677436 -0.00635509 -0.00751369 -0.00355006 
-0.0097086 -0.0217485 0.0163005 -0.017213 -0.00256864 -0.0163723 0.00780874 -0.0056174 0.00240034 0.000390657 0.0060369 0.00833153 -0.00450034 0.00602312 0.00607257 0.216993 0.0116202 -0.00210402 0.00194335 0.00815525 -0.0045111 0.00821477 -0.0169899 -0.00521191 -0.017877 -0.00309514 -0.000184305 -0.0114164 -0.0135105 -0.0115615 -0.00408017 0.0133211 -0.00858522 0.000682383 -0.00204069 0.000788315 -0.00419632 0.00759794 0.00442635 -0.00354449 -0.0040126 0.00549493 -0.0156959 0.010416 0.00217179 -0.00667415 0.00115648 -0.0026132 -0.00368608 -0.0093985 -0.00855661 0.00751621 -0.00235275 -0.00813396 -0.00731594 0.00555505 -0.00613749 0.0257115 0.0027754 0.00638518 -0.00313897 0.00192475 0.00606266 -0.00376945 0.00978852 -0.0101205 0.00577914 1.53667e-05 -0.00127863 0.00557488 0.00597587 -0.0148223 0.00796087 -0.0072732 -0.00659001 0.0226076 0.0028373 -0.0127321 -0.00979383 0.000260669 -0.011753 -0.00960029 -0.0104046 -0.00645332 -0.0234563 -0.0109381 -0.00119235 0.000616191 -0.00630677 -0.00102546 -0.00888134 0.0118531 -0.00401815 -0.00642403 0.00282282 -0.0149371 -0.010434 -0.00148915 -0.0119353 -0.00838667 
-0.00773873 -0.00607105 0.00242433 -0.00605058 -0.00102713 -0.00219901 -0.00757714 -0.0168831 -0.00129511 -0.00867277 0.00275095 0.011631 -0.00467714 0.0143689 0.00478213 0.0116202 0.16054 0.00893924 -0.000792923 0.00170436 -0.00152824 -0.00567496 -0.00410966 -0.00482043 -0.000663694 0.00282697 0.000274208 -0.00337582 -0.000502106 -0.00651401 0.00173491 -0.0109986 -0.00110846 0.00376564 -0.0036511 -0.00455655 -0.00716241 0.00250953 -0.00173071 -0.001155 -0.00293179 -0.00134517 0.00176173 -0.00382004 -0.00698366 -0.00679113 -0.000833852 -0.0063947 -0.0101466 0.000679847 -0.00118835 -0.0221975 -0.00281142 0.00636898 -0.0011525 0.00183607 0.00621521 -0.00356118 -0.00111156 0.00263435 0.000129717 -0.00400147 0.00489851 -0.00361264 -0.00204933 -0.00485378 -0.00383899 -0.0127871 -0.00724003 0.0122734 -0.00182542 -0.011673 -0.000797557 0.00497144 0.00704838 0.00698495 0.00699569 0.00272844 0.000333245 -0.00152434 -0.00407115 -0.00591931 -0.00455172 0.0122329 -0.0161492 -0.0160353 -0.00247185 0.00196951 0.000523173 -0.00686744 -0.00124398 0.0133435 -0.00250345 -0.0103859 -0.00384141 -0.000164082 -0.00321448 0.00675406 -0.00392614 -0.00320036 
-0.000376524 -0.00302081 -0.00214154 -0.00309295 -0.00128845 -0.00418472 0.00163937 -0.00250302 -0.000472913 0.00476528 0.000287051 0.00487119 0.000988616 0.00570604 0.00527429 -0.00210402 0.00893924 0.101385 -0.00497063 -0.00659119 0.000525589 -0.00104637 -0.00292844 -0.00358336 -0.000473152 -0.00536263 -0.00295358 -0.00180693 -0.000718938 -0.00344972 -0.00152984 -0.000943959 0.000939445 -0.00232709 -0.00223936 -0.000329707 -0.00564194 -0.0021563 -0.00336923 0.00101766 9.88169e-05 -0.00499232 -0.0043143 0.000521182 -0.00594413 -0.00378785 -0.00439038 -0.00416562 -0.000839562 0.000518965 -0.00342016 0.0109904 0.000977347 0.00523545 -0.000565522 -0.000529737 -0.00478872 -0.00328963 0.000939233 0.00268238 -0.000226922 -0.00254946 -0.000633524 -0.00118065 -0.00392711 0.00252072 0.00351409 0.00194254 -0.0046125 -0.00219554 0.003475 0.00016068 6.63884e-05 0.00265356 -0.00130292 -0.00654418 -0.00296592 -0.00581241 0.00175597 -0.00253901 0.000503236 -0.00380832 0.00379672 0.00214352 -0.00299222 -0.00175394 -0.00598202 -0.00385595 -0.000354765 0.000830897 -0.00101906 0.00159063 -0.000295069 -0.000999825 -9.97263e-05 0.000211745 -0.00446263 -0.00314238 -0.00224893 -0.00532786 
0.00191774 0.00508418 0.00607136 -0.00334153 -0.00359677 -0.00678525 -0.00644951 -0.020399 -0.00564467 -0.00288071 -0.00337767 -0.0066375 -0.00579518 -0.00153915 0.0108246 0.00194335 -0.000792923 -0.00497063 0.125979 0.0083374 0.00046444 0.00351874 0.013861 -0.0001214 0.00152047 0.00745045 -0.0104617 0.00421987 0.00663551 -0.00513696 -0.00283501 3.86973e-05 -0.00830535 -0.000379877 0.000708892 -0.0025439 0.00821318 0.00542946 -0.00255912 0.00576657 -0.00207942 -0.00286488 -0.00702665 -0.00744866 -0.0104488 0.0121486 -0.00212039 0.00198114 0.00727739 -0.00323002 -9.90774e-05 -0.00393769 -0.00453894 -0.00415701 -0.00169992 0.00180537 0.00461369 -0.00556845 -0.000288301 -0.000462368 0.00421908 -0.00523176 -0.00266026 0.00264539 -0.00772609 -0.00760878 -0.00657747 -0.00526598 0.000310896 -0.00444797 -0.00446635 -0.00160216 -0.00163994 -0.00269141 0.00913364 -0.000417243 -0.00358789 0.00444603 0.000295572 -0.00016238 -0.000902629 0.000661529 0.00137487 -0.0101915 -0.00736787 -0.00838368 -0.00109687 -0.00781402 0.00210412 -0.00450525 -0.00776536 -0.0037179 -0.00205453 -0.00366878 0.0060271 -0.00430009 -0.00236672 0.0069698 -0.000178845 -0.00507544 
-0.00480998 0.00606012 -0.00491725 0.0103123 -0.00499756 -0.00412709 -0.00655567 -0.00329662 -0.00429568 -0.0101914 -0.00155834 0.0144292 -0.00606814 -0.0044448 0.000526595 0.00815525 0.00170436 -0.00659119 0.0083374 0.164335 0.00968706 0.0131759 0.00428976 0.00108107 0.00725376 0.00738888 -0.00377412 -0.00199033 -0.00966627 -0.00657859 -0.00205176 -0.00821074 -0.00997132 0.00575376 -0.00318292 0.00600843 0.00312155 0.00302992 0.0032313 0.0068223 0.000404162 0.00516354 -0.0045774 -0.00770605 -0.00934613 0.00576729 -0.00182454 0.00345217 -0.00547208 -0.00107383 0.00381999 0.00463277 0.000447896 -0.00124212 -0.00137696 -0.000933863 0.00241439 -0.00351869 0.00140274 -0.000106413 0.00283736 0.00513379 0.00659807 -0.00102601 -0.00698823 -0.00195777 0.00346318 -0.00577363 -0.00555363 -0.00329065 -0.00388124 -0.00430379 -0.00140193 -0.0014834 -0.00280855 -0.00103877 -0.0121453 -0.00349518 -0.0161284 -0.00435291 -0.00300677 -0.0172995 -0.000980291 -0.00372395 -0.0140514 -0.00624913 -0.0158602 -0.00398428 0.000576746 -0.01411 0.00304242 -0.00854234 -0.00655263 -0.00457854 -0.0133122 -0.0054631 -0.00376929 0.0111014 0.000376107 -0.00376673 
0.00255844 0.00110988 -0.00280551 0.00494863 0.0027004 0.00546831 -0.0051434 0.00329486 -0.00596219 -0.00155358 0.00265602 0.00190475 0.00114786 -0.00265695 -0.000359012 -0.0045111 -0.00152824 0.000525589 0.00046444 0.00968706 0.0952684 0.000774556 0.00203813 0.00417149 -0.00523233 -0.00171439 0.000793149 -9.06457e-05 -0.00356054 0.00485881 0.00118145 -0.000184581 -0.00220533 -0.00150241 -0.000862025 -3.33326e-05 -0.00335836 0.00256457 3.17535e-05 0.00383944 -0.00189694 0.00613306 -0.00297761 -0.000147865 0.00215796 -0.00735992 -0.00431652 -0.000397356 -0.00262587 -0.0031719 -0.0020868 -0.000530274 -0.00265763 -0.00577736 -0.00240038 -0.00504127 -0.00747998 -0.00606079 -0.00170501 -0.00147373 -0.000622461 0.00457139 -0.00321527 -0.00466148 0.00535357 -0.00315245 -0.00531618 0.00157538 -0.00152165 -0.00738434 -0.00370695 -0.000610478 -0.000659866 0.00131902 0.00292905 -0.00154187 -0.00193367 0.00377425 0.00102789 0.00474581 -0.00208731 -0.00364615 -0.00121058 -0.000835604 -0.0039285 -0.00969866 -0.00617895 -0.00316578 -0.000763761 -0.00816632 0.000547495 -0.0076161 -0.00290475 -0.00437997 -0.00782767 -0.00336748 0.00233744 0.00504277 0.00293575 0.00503657 
-0.00817016 0.008843 -0.00510681 0.00358429 -0.00870017 -0.00518877 -0.00376011 0.00625612 0.00364662 -0.00999132 -0.00491267 -0.0111186 -0.000180373 -0.00128773 0.0032291 0.00821477 -0.00567496 -0.00104637 0.00351874 0.0131759 0.000774556 0.144435 0.00073983 0.00364676 -0.00441375 0.00958197 0.000507921 0.00101979 0.0208612 -0.0117371 -0.00487977 -0.00604049 -0.00541461 0.000391914 -0.00269732 0.0128955 -0.00571127 0.000328865 -0.00292304 0.00666879 -0.00314327 -0.0075426 0.00132675 0.00757826 0.00337354 -0.00492387 -0.00297039 0.00992306 0.0026491 -0.00423301 0.00175391 -0.00811718 -0.00938229 -0.0127451 -0.00361124 -0.000924393 0.00122818 -0.011043 -0.00354386 -0.00260483 -0.00132972 0.00550652 -0.00614837 -0.00412871 0.0031901 0.00680098 -0.00827487 0.000807807 -0.00130585 -0.000635131 -0.00651189 -0.00539927 -0.00352951 0.00147523 -0.00152905 -0.00763955 -0.00484076 0.00234618 0.00141902 -0.00660193 -0.0069768 0.00133862 -0.00168573 -0.0095863 -0.00581012 -0.000268857 0.000261687 -0.00506587 -0.00115112 0.000627908 0.00131527 -0.00190227 -0.00265254 -0.00163315 -0.0089123 -0.0102176 -0.00531576 -0.00337121 0.00149053 -0.000569092 
-0.000742668 -0.000250089 0.00234271 0.00347268 -0.000301173 0.000613869 -0.0107225 -0.000956741 -0.00284007 -0.00894179 -0.0057733 0.00717975 -0.00645173 0.000163779 -0.000778724 -0.0169899 -0.00410966 -0.00292844 0.013861 0.00428976 0.00203813 0.00073983 0.118816 0.00517882 0.00787808 0.0109487 -0.00136811 0.00168948 -0.00523809 -0.0037071 -0.00174676 6.00266e-05 -0.00456804 0.00714905 -0.00352597 -0.00103098 0.0042144 -0.00181186 -0.00451801 -0.00102937 0.000601291 -0.00286581 -0.00273942 -0.0110022 -0.00816124 0.0112659 0.00391687 -0.00161094 -0.000525825 0.00331112 -0.00254612 -0.0115453 -0.00679073 0.00758278 -0.00324444 -0.00396229 0.00194147 -0.00579644 -0.00246826 -0.0044641 0.00228277 -0.00310933 -0.000999836 0.00426648 -0.00338266 -0.00260682 -0.00396641 -0.00270851 0.00409836 0.00273486 0.00279223 -0.0022135 -0.00296969 0.00292666 -0.000551028 -0.0070066 0.00250893 0.00190558 -0.00845707 -0.00866797 0.00214121 -0.00535091 0.00446142 -0.00965428 -0.00795765 -0.0136612 0.00402412 -0.00505001 0.00169128 -0.0109021 0.000459763 -0.00347157 -0.00277261 -0.00242611 0.00154857 0.00225987 -0.00227163 0.0115448 0.00653111 -0.00922207 
-0.00283514 0.0112437 0.000470081 0.000391196 0.00371504 0.000562156 -0.00296611 0.00762133 -0.00165622 0.00206605 -0.000470121 -0.00171811 0.00189276 -0.00221255 -0.00321829 -0.00521191 -0.00482043 -0.00358336 -0.0001214 0.00108107 0.00417149 0.00364676 0.00517882 0.092474 -0.0045981 0.0047426 0.000108851 0.00145605 0.0101927 -0.000719533 0.000249727 -0.00367498 0.00276 -0.00362257 0.000420062 -0.000972377 -0.00506047 -0.00730892 0.00193366 -0.0015314 -0.00114163 -0.00128084 -0.000508166 -0.00633299 -0.00325659 -0.00622163 -0.00414591 0.00120641 -0.00267459 -0.000329373 -0.000309065 -0.0138758 -0.00983451 -0.00429825 0.000180837 -0.00361005 -0.00139568 -0.00135051 -0.000541779 0.00212714 0.00165121 -0.00165318 -0.00149832 -0.00367346 0.00478906 0.000624631 -0.00696032 -0.00553808 -0.00181462 0.00100814 -0.00544906 -0.00342577 -0.00328943 -0.000420031 -0.00231192 -0.00887519 -0.00233849 -0.0025458 -0.00123237 0.00423293 9.31152e-05 0.00262892 -0.00368268 -0.00715995 -0.0076528 -0.00213146 -0.0015577 -0.00355912 0.00451941 -0.00884353 -0.00172261 0.00544963 -0.00221701 0.000312991 -0.00592726 -0.0058767 0.00848689 0.0147874 0.00486043 0.00542891 
0.00262084 0.000725981 -0.00458892 -0.00164863 -0.00371983 -0.00308644 -0.002031 -0.00976186 0.000753035 -0.004644 -0.00542021 0.00858333 -0.00140531 -0.00195469 0.00185363 -0.017877 -0.000663694 -0.000473152 0.00152047 0.00725376 -0.00523233 -0.00441375 0.00787808 -0.0045981 0.104317 -0.00122314 -0.00195432 0.00328939 -0.00959432 -0.00187973 -0.00180578 -0.00822187 -0.00371841 -0.00123013 -0.00365512 -0.0078711 -0.00240334 -0.00669625 -0.000500091 -0.00212372 -0.000478754 0.00126432 -0.00180333 -0.00681934 -0.00297447 0.00448871 0.00219366 -0.00199905 0.00921815 0.0020025 0.00482214 0.00163341 0.00506663 0.0039645 -0.00229845 0.00179899 0.00179 -0.00700608 -0.00349026 -0.0049242 0.00395985 0.000371851 0.00315111 -0.0013614 -0.0134475 -0.00898609 -0.00268429 0.000123359 -0.000474591 0.00200534 -0.00728104 0.00575361 -0.0033334 0.00669107 0.000569477 -0.00376655 -0.00499016 -0.00437433 -0.00937036 -0.0075259 -0.00233048 0.000280064 0.0119393 0.00126543 0.000745134 0.00396195 -0.00820508 -0.00163628 -0.00210189 0.00803165 0.00339507 0.00101133 -0.00190144 0.000445474 0.0110557 0.00517056 0.00415919 -0.00270245 -0.00431695 -0.00414437 
0.00916696 0.00390191 0.0100575 0.0019851 -0.00345026 -0.0100664 -0.00553685 -0.00320085 -0.00461248 -0.00607421 -0.00718694 -0.00183341 -0.00395019 -0.000269343 -0.00508171 -0.00309514 0.00282697 -0.00536263 0.00745045 0.00738888 -0.00171439 0.00958197 0.0109487 0.0047426 -0.00122314 0.180003 -0.0054799 0.00565855 0.0127031 0.00147193 -0.00547715 -0.00622884 -0.0126755 0.00794712 -0.00644387 -0.00385397 -0.00538527 0.00201242 -0.00586881 -0.000269067 -0.00308611 -0.00251629 -0.00959909 -0.00916719 -0.00918601 0.0126895 -0.00985986 -0.00357088 -0.00050782 -0.00199644 -0.0041062 -0.00468971 -0.00420978 -0.0168504 -0.00805762 -0.0023213 -0.00625906 -0.00837017 -0.00330875 0.0029844 -0.00339778 -0.00568972 0.00173982 -0.000566926 0.00910136 -0.00552285 -0.00393724 8.27657e-05 0.00568701 0.0115686 0.00230712 -0.00699531 -0.000288568 0.00262808 -0.0121931 -0.000503087 -0.00580183 -0.00986889 -0.0276387 -0.00433359 -0.00247307 -0.00676791 0.00524247 0.00295422 -0.00587185 -0.00462104 0.000609381 -0.00318321 -0.00176866 -0.0194141 0.00916275 -0.00671482 -0.00611884 0.00643787 -0.00377976 -0.00540702 -0.000389374 0.0137581 0.0090679 0.00138149 
-0.00692604 -0.00343309 -0.00394028 0.00385915 0.00605201 0.00135852 0.00634672 0.0187457 0.00737994 0.00406472 0.00131408 0.00282151 0.00194538 -0.00291604 -0.016079 -0.000184305 0.000274208 -0.00295358 -0.0104617 -0.00377412 0.000793149 0.000507921 -0.00136811 0.000108851 -0.00195432 -0.0054799 0.160336 -0.0052998 -0.0126766 0.00641292 0.00693152 0.00394487 -0.00191497 0.00797087 0.00344473 0.00298466 0.00626188 -0.00387829 0.00174545 -0.00554456 0.00317192 -0.00663951 0.00816986 -0.0054417 -0.000464372 -0.000686239 0.00617338 -0.00826302 -0.00929114 -0.00517599 -0.00619146 -0.00457874 -0.0201443 0.00481232 0.00081034 -0.00627527 0.00274294 0.00419204 0.000631735 -0.00965589 -0.0042539 -0.00430783 -0.00743526 0.000862661 -0.0128418 0.00164748 0.00397829 -0.00245284 -0.00856748 -0.00664518 -0.00231462 0.00131475 -0.00236933 -0.000151405 -0.00148156 -0.0105472 -0.00417184 -0.00541728 -0.0142445 0.00669648 -0.00366377 -0.0132189 -0.00402794 -0.0051994 0.00198746 0.00419497 -0.00384123 -0.00334128 -0.00515781 0.00844392 -0.00461719 -0.00573065 -0.00122065 0.00424359 -0.00469127 0.00326628 -0.00919483 0.00328427 -0.00548001 0.00194984 
-0.000677762 0.00651468 -0.00285665 -0.000581354 0.00088414 -0.00235092 -0.00223384 -0.00721135 0.00162558 -0.0019843 -0.000884576 9.01878e-05 -0.000840807 -0.00382916 -0.00290821 -0.0114164 -0.00337582 -0.00180693 0.00421987 -0.00199033 -9.06457e-05 0.00101979 0.00168948 0.00145605 0.00328939 0.00565855 -0.0052998 0.0759159 0.00363558 -0.00139269 -0.00311338 -0.000104506 -0.00156723 -0.0011417 0.00187988 -0.00172374 -0.00197649 -0.000652906 0.00285853 -0.00314813 0.0017393 -0.00272005 -0.000806085 -0.00151827 -0.00104903 0.00223082 -0.00196543 -0.000854644 0.00327457 0.000898166 0.00122523 0.0012297 -0.00194237 -0.00456188 0.000480095 -0.000623442 0.000688883 -0.00381599 -0.000844522 -0.00149388 7.36903e-06 -0.00352001 0.000899362 -0.00084307 -0.00238491 -0.00211041 -0.00299852 -0.0031079 0.000413604 0.00179992 0.000922783 -0.000218598 -0.000306734 0.00012449 -0.00466997 -0.00404857 -0.000716166 -0.00278748 -0.00504024 -0.00186006 -0.000640054 -0.000414144 -0.0011541 0.000738826 5.50418e-05 -0.00197916 0.00114575 -0.00136018 0.00112004 -0.000886502 0.00514317 -0.00370343 -0.00331468 0.00036175 -0.00322446 0.00185312 0.000214266 -8.02412e-05 0.00364475 -0.00222385 
-0.0031123 0.0160846 -0.00314399 -0.000250061 -0.00445838 0.0120546 -0.00429366 -0.00467978 -0.00208585 -0.00260925 -0.00674614 -0.0242891 -0.00867954 -0.0038533 -0.00826558 -0.0135105 -0.000502106 -0.000718938 0.00663551 -0.00966627 -0.00356054 0.0208612 -0.00523809 0.0101927 -0.00959432 0.0127031 -0.0126766 0.00363558 0.212667 -0.0126211 -6.15198e-05 0.000945284 0.00754752 -0.0067559 -0.00727752 -0.00523465 -0.00746502 0.000867978 -0.00861074 0.0090738 -0.00560345 -0.00357827 -0.00159241 0.00936024 0.0152177 -0.00027974 -0.00833315 0.00876364 -0.00526667 -0.011927 0.00399513 -0.00982154 -0.00968884 -0.0111581 0.000541336 1.32228e-05 0.00324029 0.0113966 -0.000933621 -0.00636533 0.000211093 -0.015136 0.00215733 -0.000340058 0.00777805 -0.00567487 -0.00888183 -0.00351257 0.00247793 0.00433367 -0.0176664 -0.00650934 -0.00700903 -0.00444033 0.00153256 -0.0212589 0.00602573 0.0105276 0.0100659 0.00350082 -0.00400265 0.00245043 -0.0124915 -0.00576367 -0.00345792 -0.00212 0.0113181 -0.00119255 0.00408337 -0.00460676 0.00308022 -0.0101407 -0.010641 -0.00854874 -0.0230832 -0.0121101 -0.000905388 -0.00673723 0.00547522 0.00992487 
0.0026712 -0.00213086 -0.00364059 -0.00271083 -0.0030074 0.00181687 -0.00237701 0.00246251 -0.00564408 0.00577126 0.00431358 -0.0023491 -9.00999e-05 0.00666507 -0.00113366 -0.0115615 -0.00651401 -0.00344972 -0.00513696 -0.00657859 0.00485881 -0.0117371 -0.0037071 -0.000719533 -0.00187973 0.00147193 0.00641292 -0.00139269 -0.0126211 0.100511 0.00546051 0.00399775 0.000941433 0.00230271 0.00354317 0.00161228 0.00317566 -0.00179593 -0.00454212 -0.00869404 -0.0021445 0.00687673 -0.003687 -0.00635445 -0.00762573 -0.0017512 0.00293631 -0.00205791 -0.00384874 7.83512e-06 -0.00115867 0.0017395 -0.00655448 -0.00677014 0.00157413 -0.00193571 -0.00137926 -0.00642338 0.00273834 -0.00372277 -0.0019564 0.00307174 -0.00219594 0.00224701 -0.00111365 -0.0072201 0.00211104 -0.00459004 0.00179517 -0.0019471 -0.0012969 0.00320586 -0.00171306 -0.000601764 -0.00600485 0.0040842 -8.63959e-05 -0.00210742 -0.00383335 0.00390061 -9.76616e-05 0.00227047 0.00292501 0.00758182 -0.00562717 0.00535158 -0.000757295 0.00141085 0.0011026 0.00344786 -0.00288427 -0.000720187 0.000933268 -0.000755902 -0.00541 -0.0049382 0.00303224 -0.00744264 -0.00144212 0.00123727 
-0.00200666 0.000251967 -0.0018181 0.000115735 -0.000463679 0.00423966 0.00167376 -8.80644e-05 0.00255407 0.00296573 0.00575733 -0.00245445 -0.00206219 -0.00525323 -0.00549606 -0.00408017 0.00173491 -0.00152984 -0.00283501 -0.00205176 0.00118145 -0.00487977 -0.00174676 0.000249727 -0.00180578 -0.00547715 0.00693152 -0.00311338 -6.15198e-05 0.00546051 0.0920934 -0.00154706 0.00623516 0.00124105 0.0017627 0.00331878 0.000774682 -0.00157381 0.000515118 -0.00121698 0.000100987 -0.000734816 -0.00339254 -0.0010057 -0.00508251 -0.00620575 -0.000578814 -0.00060677 0.000774038 -0.00173723 -0.00426976 -0.00446741 -0.00660007 -0.00669317 0.000651285 -0.000950423 -0.00604515 -0.000141307 -0.00156835 -0.00462452 -0.00159579 0.000904555 -0.00143146 -0.00295976 -0.00186549 -0.00411014 0.0088301 -0.00340751 -0.00372621 -0.00629685 -0.00414381 -0.000460124 -0.000452234 0.000883232 0.000513387 -0.00304632 -0.00152098 -0.00187844 0.00710669 0.00952407 -0.000512861 0.00118699 -0.00676842 -0.00277061 0.00192106 -0.00342031 0.000579009 0.00269321 -0.000336978 -0.00146334 -0.00381039 -0.000519701 -0.00283926 -0.000512258 -0.00643297 -0.00223394 -0.00402811 0.00215089 0.00248027 -0.000547012 
1.48215e-05 -0.00804041 -0.00238651 -0.001802 0.00257169 0.00292401 0.00704359 0.00429122 0.00379096 0.00313797 -0.00143944 -0.00248583 -0.00354617 -0.00101043 -0.003516 0.0133211 -0.0109986 -0.000943959 3.86973e-05 -0.00821074 -0.000184581 -0.00604049 6.00266e-05 -0.00367498 -0.00822187 -0.00622884 0.00394487 -0.000104506 0.000945284 0.00399775 -0.00154706 0.141758 0.0017749 -0.000308885 0.00819013 -0.00518902 -0.00133276 0.000199925 -0.00802062 -0.00827425 -0.00195801 -0.00285591 -0.00592427 0.0119619 0.0158944 -0.000431958 -0.000629105 -0.00302087 -0.00311259 -0.00241482 -0.00630907 0.00342817 -0.00379513 -0.00125727 -0.00116294 -0.00299441 -0.00472885 0.0158843 -0.00174263 -0.00644286 -0.00183065 -0.00709611 -0.00447594 0.0010456 -0.0135366 -0.004287 -0.00238621 -0.00495114 -7.56589e-05 -0.00648078 0.000405276 -0.00284839 0.000797701 -0.00271822 -0.00739618 0.00215509 0.00600749 -0.00435427 0.00225517 0.000256246 0.00293683 -0.00969389 -0.00418153 -0.00639777 0.00350332 0.000589805 -0.00829503 -0.00305384 -0.0012788 -0.00806036 -0.00512904 -0.00679635 -0.00215687 -0.0107019 0.00581465 0.00626542 -0.00270026 -0.0100829 0.00562921 0.000419202 
0.00268188 0.00349259 -0.00764712 -0.00107703 -0.00206413 0.00340606 0.00187841 0.00395455 -0.00238692 -0.00340605 0.00055333 -0.00569994 -0.00316224 -0.00293583 -0.00884232 -0.00858522 -0.00110846 0.000939445 -0.00830535 -0.00997132 -0.00220533 -0.00541461 -0.00456804 0.00276 -0.00371841 -0.0126755 -0.00191497 -0.00156723 0.00754752 0.000941433 0.00623516 0.0017749 0.11353 -0.00214199 -0.00261413 0.00550137 0.00596574 0.000767716 0.000160509 -0.00208732 -0.00235502 0.00183842 -0.00353857 -0.00690513 -0.00503182 -0.0035626 -0.00231547 -0.00352682 -0.0043035 -0.00199005 -0.00474024 -0.0020267 0.00726932 -0.00509899 0.0058902 -0.00369727 -0.00200638 0.00124983 0.00111323 -0.00367169 -0.00246375 0.00656531 0.00105995 0.00186794 -0.00195711 0.00547697 -0.00377732 -0.00605954 -0.00109454 -0.0104082 -0.00259812 -0.00026856 -0.00331729 -0.00202952 -2.13984e-05 -0.00330613 0.00290629 0.00301461 0.0106086 0.00536875 0.000309401 0.00189718 -0.00305547 -0.00179511 0.00490211 0.00242738 4.40147e-05 -0.00397275 -0.00310335 -0.00351862 -0.00840279 -0.00155867 0.000178421 0.00606493 -0.00625284 -0.00335875 0.000856193 0.00029606 0.00374668 -0.00585291 
-0.00154743 -0.00121627 -0.00421012 0.00515799 -0.000874324 -0.00598892 -0.000663821 0.0029285 -0.000893854 -0.000869346 0.00139621 -0.0063471 0.000796511 0.0017262 -0.00260178 0.000682383 0.00376564 -0.00232709 -0.000379877 0.00575376 -0.00150241 0.000391914 0.00714905 -0.00362257 -0.00123013 0.00794712 0.00797087 -0.0011417 -0.0067559 0.00230271 0.00124105 -0.000308885 -0.00214199 0.0967877 -0.00171338 0.00365387 0.00140937 0.00301947 -0.000909838 -0.00482594 -0.00392865 0.00223606 -0.00588537 -0.00224744 -0.00756589 0.00230815 0.00372623 -0.00463445 -0.00533099 -0.000123775 -0.000141962 -0.00404805 -0.0046681 -0.00335307 -6.84559e-05 -0.00129571 -0.000967868 -0.00300578 0.000261588 -0.00207242 -0.00100626 -0.000377271 -0.00301017 0.000294778 -0.00174966 0.00168096 0.000963018 -0.00406728 0.00196724 -0.00288943 -0.00298113 -0.00217634 -0.00337819 0.0011756 -0.000888595 -0.00139135 0.000121222 0.000167579 -0.00928266 -0.00585613 -0.00089812 -0.00471753 0.00441751 0.00177771 -0.00844056 -0.00478344 0.00115113 0.00335059 -0.00204118 -0.00275317 -0.00104978 -0.00541741 0.00210607 -0.000198827 -0.00239817 -0.00238615 -0.00118252 0.000354503 -0.00164764 -0.00376062 
