0.146053 -0.00118064 0.00578857 0.00917603 0.00228803 0.0108956 -0.00204294 -0.00379715 -0.00239501 -0.00276349 0.00224685 0.000410513 0.00131361 0.00174536 0.00824834 0.00494919 0.00631799 -0.0110659 -0.00448608 -0.0012463 -0.00938119 0.00210974 -0.00160599 0.00439128 0.00305319 0.0134123 -0.00362594 -0.00179517 0.00241942 -0.00134729 -0.00625518 -0.00468222 -0.010425 -0.0104846 -0.00396295 -0.000227996 -0.00082044 -0.00592329 0.00510914 -0.00264291 -0.00859838 0.00284214 -0.00754181 -0.000627721 -0.000693217 -0.00207355 -0.00992645 0.00678574 0.00293073 -0.00589677 -0.00189939 -0.00959514 -0.00129499 -0.00682848 0.00559767 -0.00545499 -0.0026881 -0.00578075 0.00242053 0.00638785 0.000234001 -0.00637853 -0.00259336 0.00320081 -0.00198188 -0.00313304 0.00251144 -0.00352138 -0.00124188 -0.0101764 -0.0055379 0.0014754 -0.00158067 -0.00499562 0.0020181 -0.00118729 -0.000433394 0.00286724 0.00088741 0.00321837 0.00146496 -0.00028114 -0.00222683 -0.00283614 -0.00468311 -0.0026376 -0.00871064 -0.00450485 -0.00401591 -0.00915365 -0.00944872 0.00408552 0.00791641 -0.00876355 -0.00553662 -0.00124465 -0.00269848 -0.00633472 -0.00770949 -0.00216751 
-0.00118064 0.140701 0.0138808 -0.0030448 -0.00245138 -0.00628183 0.00255018 -0.00224272 -0.00133298 0.022322 -0.00162972 -0.0044293 0.00269509 0.000947658 0.0139294 -0.0050087 0.0123393 -0.00611148 -0.00313401 0.00161425 -0.00180424 -0.00696402 -9.63108e-05 0.00713654 0.00251414 -0.00107346 -0.00581598 -0.00172653 0.00305528 -0.00357576 0.00353943 -0.00363446 2.05995e-05 -0.00191163 -0.00721972 -0.00693547 -0.00553768 -0.00548497 0.00140822 0.00899225 -0.00426553 -0.00114856 0.00309501 0.0128825 -0.00360526 -0.00191688 -0.00588909 0.00573683 -0.00148618 0.000659466 -0.00551077 -0.00229418 0.00571735 0.000817558 0.0040179 -0.00439207 0.00566594 0.00905287 -0.00114157 -0.00693137 -0.00798483 -0.0076017 -0.0108283 -0.0007292 -0.00160404 -0.00795438 -0.00746682 -0.00232868 -0.004176 -0.0219471 0.000760615 -0.00138207 -0.00310596 0.0102965 -0.00219965 -0.00184293 0.00279753 -0.00287087 -0.00771817 -0.00659658 0.00825593 -0.00600328 -0.00385075 0.000486065 -0.00443481 -0.00693561 -0.00533817 -0.000774599 -0.00994405 0.00276342 -0.00560535 -0.0145732 -0.00634386 -0.0110126 -0.0104894 -0.00762721 -0.00140511 -0.000608255 0.00807472 0.00176665 
0.00578857 0.0138808 0.118608 0.00590363 -0.00285479 0.0110962 0.00286954 6.62762e-05 0.000480999 -0.00951709 0.000623836 -0.00409631 -0.00365664 -0.00682847 -0.00296952 0.00867899 4.07921e-05 -0.00558539 0.000587796 0.00109077 -0.0115252 0.00379285 -0.000756375 0.00283411 -0.00351771 -0.00694138 -0.0024428 -0.00510826 0.000630428 -0.000361265 -0.0005409 -0.0015155 -0.00260763 -0.000647191 -0.000679845 -0.0068979 -0.000535445 0.00470572 -0.00172614 0.00972879 -0.00146112 -0.00251266 -0.00187178 -0.000177648 -0.000474903 -0.00148458 0.00690356 -0.00363301 -0.00378309 -0.000233642 -0.00129196 -3.47047e-06 0.00192482 0.00355903 0.000902144 -0.00567534 0.00152085 0.00106818 -0.00623093 0.00198485 -0.00201491 -0.0016437 -0.00209957 -0.00415447 -0.00274941 -0.00598027 0.00498528 -0.00346056 -0.0046433 -0.00951851 0.000446918 -0.00629956 -0.00373849 -0.004708 -0.00589462 0.0040366 -0.000863382 -0.00317658 0.00878166 0.00031945 -0.00598043 -0.000860606 -0.00324506 -0.00553252 -0.00494034 -0.000339743 -0.00731565 -0.00337223 -0.00515599 -0.000852378 -0.00322914 -0.00694035 -0.00457978 -0.00127048 -0.00367161 -0.00277537 0.0060087 0.000724527 -0.00603196 0.00261032 
0.00917603 -0.0030448 0.00590363 0.159407 -0.00600536 -0.00338469 -0.00129353 -0.000437399 -0.000709931 -0.00573087 0.00164031 -0.00792241 -0.00851099 -0.00105321 -0.0138721 -0.00610932 -0.0184566 0.00147235 -0.00167289 -0.00551548 -0.0189645 -0.00715668 0.000708192 -0.0030507 0.00446415 -0.00622054 0.00549203 -0.00726177 0.00517034 -0.00711911 -0.00316084 -0.00268055 -0.00457673 -0.00131414 0.00242557 -0.00739968 0.00347762 -0.00391383 0.00234025 -0.000356689 0.00732297 -0.0148009 -0.00141779 -0.00179099 -0.00254009 -0.0121478 -0.00444805 -0.00180737 -0.00550623 -0.0040468 0.00152262 -0.00150952 -0.00087259 -0.00493677 -1.26591e-05 0.00679564 -0.002999 -0.00849707 0.00192645 0.000327718 -0.00235026 0.00266073 0.0177319 -0.000576291 -0.00125112 -1.76915e-05 -0.00452428 -0.00781748 -0.00703814 -0.0119962 -0.001548 -0.00107411 -0.00357923 -0.00465785 -0.00319077 0.000953264 0.00553662 0.00651012 0.00225812 0.00197035 -0.00965946 0.000100473 -0.00537058 0.00101225 0.00116676 0.0103534 0.0177472 -0.005561 0.00793476 0.00888053 -0.00727376 0.00430033 -0.000377575 -0.00151861 -0.00695093 0.00499003 0.00401179 -0.00878922 -0.0128829 0.0145428 
0.00228803 -0.00245138 -0.00285479 -0.00600536 0.0808426 -0.00320717 0.00131994 0.00123634 -1.8272e-05 -0.00363053 -0.000497393 -0.0050269 -0.00116712 -0.00116531 -0.00213418 0.000630789 0.00314254 -0.00113393 0.000964498 0.000151979 -0.00888811 -0.00132124 0.000225003 0.00260287 0.00371804 3.19189e-05 0.00138738 0.00557472 -0.00258488 -0.00169587 0.000442072 -0.000340465 -0.00193776 0.00212085 -0.000707648 0.00159516 -0.00244269 -0.00639566 -0.00582018 0.00176446 -0.00842581 0.00561664 -0.00223968 -0.00586018 0.000222525 -2.83703e-05 -0.00296729 -0.00373137 -0.00242277 -0.00285626 0.000423222 -0.0060285 0.000648455 -0.00210983 0.000828792 -0.00394602 -0.00400061 0.00205775 -0.00694009 -0.00185822 0.0061169 -0.00286862 -0.00134292 0.00243538 0.00163248 0.0032432 1.44721e-05 0.000840434 -0.00119744 0.0030188 0.000458606 0.00795215 0.00203139 -0.000648908 0.00191061 -0.0049066 -0.000201378 0.00106586 -0.00577242 0.000491025 0.00441511 0.000457852 0.00128414 0.000896689 -0.00122046 -0.00143349 -0.00119729 0.0011751 -0.00625926 -0.0037122 -0.00164051 -0.00341164 0.000229281 -0.000104968 0.000593274 -0.00269999 -0.00116493 -0.00331052 -5.19928e-05 -0.00211195 
0.0108956 -0.00628183 0.0110962 -0.00338469 -0.00320717 0.184044 -0.00277128 0.00334203 -0.00282991 0.000248917 0.00340588 0.0159447 -0.00377714 0.00110307 -0.0127884 -0.00696236 -0.00901025 -0.00353808 -0.00832956 -0.00445773 -0.0140946 0.00834254 -0.00655781 -0.00499336 -0.000775311 0.0122163 0.00706918 0.00273159 -0.00379246 -0.004956 -0.00973452 -0.00516197 0.000953903 -0.00616005 -0.00270842 -0.0119386 -0.000789768 0.0056585 0.0002234 -0.00569686 -0.00363834 -0.00224768 -0.00438426 0.00511314 -0.000973954 0.00037232 -0.0137124 0.00507502 0.00850974 -0.00440614 -0.00739924 -0.0159851 0.0021921 -0.0044394 -0.00255632 -0.00752053 -0.0063328 -0.00893656 -0.000873495 0.00203178 -0.00972227 -0.0126272 -0.00729799 -0.00242931 -0.00090879 -0.00367936 0.00308193 -0.00291335 -0.00293663 -0.00765348 -0.00371493 -0.00252131 0.000733911 -0.0128091 -0.000407541 -0.0023036 0.00137419 -0.00082673 0.000944811 0.00371037 -0.00175001 3.86537e-05 -0.00216591 0.00153284 -0.00879346 -0.00379431 0.00152856 -0.00381656 0.0230031 -0.00272591 0.00513682 0.016962 -0.00286512 -0.000112879 -0.000711772 0.00373274 -0.00639444 -0.00601712 0.00409784 -0.0164447 
-0.00204294 0.00255018 0.00286954 -0.00129353 0.00131994 -0.00277128 0.0666213 -0.000465423 0.000579264 0.000672914 0.000632796 0.00141489 -0.000501001 0.00338453 0.00202326 -0.000971573 -0.000955324 0.00213781 -0.000985133 0.00152492 -0.000539173 -0.00359039 0.000843058 4.61765e-05 -0.00057617 -0.00299669 -0.00312168 -0.000689521 -0.000974396 -0.000210146 0.000236663 -0.00228611 -0.000114448 2.23465e-05 -0.000751634 -0.00290929 -0.000446698 -0.00132697 -0.000557242 -0.000217629 0.00214998 0.00281277 -0.00192154 -0.00153527 -0.000106656 -0.000423304 -0.00499402 -0.00181389 -0.00204836 0.00346861 0.000380561 0.00103271 -0.00102607 0.00157547 0.000843911 -0.00334803 -0.00395047 -5.77194e-05 -0.00119142 -0.00455563 0.00121211 -0.00208399 -0.00167935 -0.00244753 0.000667482 0.000273238 -0.00163718 0.00315035 -0.00272193 -0.00626298 -0.00086329 0.00403366 -0.000434784 -0.00277932 0.000922996 -0.000218603 0.000496389 -0.00121285 -0.00094888 -0.00294572 0.00391101 0.000116382 0.000203021 0.00220839 -0.00248855 -0.00236278 -0.00118917 0.0019325 -0.00229072 -0.00176743 -0.00357847 -0.00839878 -0.00183709 -0.00170719 -0.00236558 -0.00437467 -0.00103465 -0.00116075 -0.00226563 0.00305348 
-0.00379715 -0.00224272 6.62762e-05 -0.000437399 0.00123634 0.00334203 -0.000465423 0.0683742 0.0048492 -0.00326737 0.00433071 0.00444192 0.00152793 -0.00227569 -0.00366941 -0.00241247 -0.00222082 0.000596522 -0.00379704 0.00163273 -0.00229428 -0.00151713 -0.00117433 0.00392198 0.00287842 -0.00210106 0.00226531 0.00119878 -0.00106117 0.0012545 -0.0010269 -0.00110013 0.00268695 -0.00143109 -0.00331878 0.00664206 -0.00247397 0.00117656 -0.00449825 0.0033091 -0.00295301 0.00132103 0.00136187 -0.00515397 -0.000726207 -0.00116282 -0.00213511 -0.00300715 -0.00263362 -0.00225918 -0.00046254 -0.00571426 -0.000231261 0.000746281 -0.00183464 0.00141902 0.00295998 -0.00125382 -0.00464757 -0.00431386 -6.53371e-05 0.00112261 -0.00307326 -0.00274146 8.81865e-05 0.00185504 -0.0046009 -0.00253975 0.000263641 0.000125689 0.0019475 -0.00266023 -0.00128882 -0.00166402 -0.00164116 0.000733742 -0.00108817 -0.0014503 -0.000178147 -0.000247404 -0.00317516 -0.000564425 -0.00257385 0.00159784 -0.00134526 -0.000716381 -0.00248505 -0.00226924 0.00134902 0.00420442 -0.00102675 -0.00698493 -0.000585836 -0.000411047 -0.00140044 -0.00322819 -0.00195742 8.14467e-05 -0.000969693 0.0010954 
-0.00239501 -0.00133298 0.000480999 -0.000709931 -1.8272e-05 -0.00282991 0.000579264 0.0048492 0.103415 0.0189692 0.0016512 0.0148315 0.00316255 0.000450999 0.00631545 0.00100874 0.00341225 -0.00305421 -0.00393853 0.000818314 -0.0113322 -0.000692826 -0.00106864 0.00432213 -0.00228727 -0.0113293 -0.00530843 -0.00361994 -0.00402424 -0.00705849 -0.00462443 -0.00105032 -0.00214622 -0.00300383 -0.00154039 0.00128615 -0.0073803 0.00597449 0.0138785 -0.00318503 -0.00209142 -0.00337123 -6.44613e-05 -0.00213972 -0.000656761 0.00223984 -0.00564479 0.00645254 -0.00338756 0.00159196 0.00306958 -0.00326199 -0.00135655 0.0018334 -0.00027669 -0.00225653 -0.00460932 -0.000143304 -0.00282881 -0.00307904 -0.00278688 0.000591066 -0.00270942 -0.00580816 0.000382006 0.000183293 -0.00862512 -0.00456996 -0.00539783 0.00195896 0.00125071 -0.00420192 -0.00335032 -0.00242153 -0.00034727 0.000871313 -0.00111489 -0.00327478 -0.00243563 -0.00225491 -0.00706836 -0.00270241 -0.000965147 -0.00224279 -0.00319619 -0.00274041 -0.0046289 -8.75078e-05 -0.00220136 0.00270209 0.000922323 -0.0118002 0.00131162 -0.00673433 0.00569207 0.0026746 -0.000124438 -0.000457995 -0.00150764 -0.00427856 
-0.00276349 0.022322 -0.00951709 -0.00573087 -0.00363053 0.000248917 0.000672914 -0.00326737 0.0189692 0.191445 -0.00420898 0.0215172 0.017187 0.00524862 0.0227931 -0.00495664 0.0265373 0.00362775 -0.00151951 0.00468486 0.0120629 -0.000283502 0.00341091 0.00063296 -0.0026247 -0.00537306 -0.00917564 0.000633532 -0.00507899 -0.0126662 -0.0117172 -0.014468 -0.00734179 -0.0107463 -0.00461997 -0.010919 -0.00861084 -0.00364902 0.0143451 -0.0103704 -0.00739353 0.000350679 -0.00841358 -0.00144624 -0.000530555 -0.000392636 -0.0233777 0.0106745 -0.00497868 0.0130112 -0.00268925 -0.00376541 0.0101949 0.00170169 0.00585125 0.00147522 0.000473257 0.00703317 0.00568698 -0.0043173 -0.0126981 -0.00440731 -0.00764042 -0.00360773 -0.00343071 -0.00793245 -0.00565051 -0.00784328 -0.00530246 -0.0119493 -0.00793486 -0.00908664 -0.00559406 0.00113234 -0.00484441 -0.000326623 -0.00363128 -0.00907395 -0.022212 -0.0102442 0.00755738 -0.0117084 0.00285836 0.00565097 -0.00755396 -0.00896172 -0.00560593 -0.00232653 -0.00665165 -0.00604513 -0.00710757 -0.0197984 0.00238794 -0.0186008 -0.00465922 0.00208959 -0.00947215 -0.00217495 0.0253683 -0.00521677 
0.00224685 -0.00162972 0.000623836 0.00164031 -0.000497393 0.00340588 0.000632796 0.00433071 0.0016512 -0.00420898 0.0654611 0.00295772 -0.00163468 0.00565883 -0.00743568 -0.000839801 -0.00567221 -0.00173514 -0.000554868 -0.000103417 -0.00930727 0.00109946 -0.0015864 -0.0019553 0.00193753 0.00694051 0.000164117 -0.000232733 0.00299671 0.00214323 -0.0029857 -0.000957982 0.00565011 0.002649 -0.00473785 0.00115535 0.00217759 0.00323831 -0.000535437 -0.00132502 -0.00185673 -0.00396723 0.00138188 -0.00108008 -0.000304545 -0.00548826 -0.00372183 -0.00171554 -0.00255028 -0.000895301 -0.00176459 0.000555632 -0.00225126 -0.00143719 0.0004247 -0.00312774 0.000166209 -0.000498045 0.00383187 0.00230752 0.00294369 -0.000776137 -0.00258004 -0.00241493 0.000440203 -0.000253547 -0.0016164 -0.000468463 -0.00225393 -0.00476298 -0.000931761 -0.00261109 -0.00216607 -0.00397241 0.00295067 -0.00301344 0.000301113 -0.00264684 -0.00263853 0.000691368 -0.00532615 -5.59414e-05 0.00483548 -0.000871063 -0.0018239 -0.00163677 0.000359527 -0.00285108 -0.00389096 -0.00458221 0.00282171 -0.00387069 -0.00147892 -0.00402007 -0.00129679 0.00273371 0.00317575 -0.000649751 -0.00580495 0.00117779 
0.000410513 -0.0044293 -0.00409631 -0.00792241 -0.0050269 0.0159447 0.00141489 0.00444192 0.0148315 0.0215172 0.00295772 0.189406 0.00598071 0.00749223 0.0300301 0.00821825 0.0104108 -0.00270549 -0.00619649 0.00260187 -0.0178767 0.00940038 -0.000555108 0.00348344 -0.00825918 -0.00513301 0.00340754 0.00429664 -0.00455157 -0.00690712 -0.000414804 -0.0011362 -0.00585315 -0.0095099 -0.011667 -0.004088 -0.00902835 -0.000217381 0.021639 -0.0040729 -0.0140415 -0.00160733 -0.00997566 -0.0128886 -0.000719522 -0.0101181 -0.0139189 0.00307716 -0.00510589 -0.00783621 -0.00805902 -0.0166784 0.00135465 -0.00899598 0.00292345 -0.00424275 -0.00553795 -0.00190276 0.00605311 -0.00922106 -0.00881079 -0.00435599 -0.0112704 -0.000573309 -0.000117525 -0.00671074 0.00527524 -0.00356191 0.00587357 -0.00995652 -0.00565931 -0.00913728 -0.00782166 -0.0103821 0.00100729 -0.00240444 -0.001149 -0.00774167 0.0133997 -0.000812599 -0.013288 -0.00631773 -0.000994897 -0.0083777 0.00496588 -0.00158309 0.00162447 -0.00567723 0.0208241 -0.00446061 -0.00474942 0.0163421 -0.00742862 -0.00625314 -0.00476848 -0.0163394 -0.00883617 -0.000535941 -0.00304844 -0.00698484 
0.00131361 0.00269509 -0.00365664 -0.00851099 -0.00116712 -0.00377714 -0.000501001 0.00152793 0.00316255 0.017187 -0.00163468 0.00598071 0.115698 -0.00215081 0.0241082 -0.000371007 0.017254 0.00692399 -0.00204393 0.00136941 -0.00362598 0.00889061 0.00256404 -0.000981102 -0.00292608 0.00563311 -0.00390067 0.00150191 -0.00139104 -0.00341901 -0.000748967 -0.00139 -0.00752011 -0.00467786 -0.00255016 -0.00245098 -0.00805783 -0.000412001 -0.00193629 -0.00124611 -0.00383011 -0.0017572 -0.00297134 -0.00255386 0.0023325 0.00527959 -0.00606574 -0.00591516 -0.00319234 -0.00193622 -0.00201176 0.00425414 0.000195339 0.00233956 -0.00297738 -0.00253432 -0.00338999 -0.00113088 0.00517716 -0.00235719 -0.00782366 -0.0023457 -0.00872791 0.00134585 -0.00202473 -0.00620603 -0.0108207 -0.00381065 -0.00516424 -0.00591221 -0.00531884 -0.0071706 -0.00176864 -0.00039174 0.00143659 0.000577186 -0.00320525 -0.00307764 -0.0014889 -0.00547032 3.26976e-05 -0.000799154 -0.00271062 -0.00416998 -0.00187191 -0.0065139 -0.0120474 -0.00111562 -0.0046662 -0.00425557 0.00374751 -0.00840186 -2.69581e-05 -0.00310888 0.00322324 -0.00609764 -0.00274179 0.000652949 0.013586 -0.00706414 
0.00174536 0.000947658 -0.00682847 -0.00105321 -0.00116531 0.00110307 0.00338453 -0.00227569 0.000450999 0.00524862 0.00565883 0.00749223 -0.00215081 0.175422 0.00244559 -0.0100128 0.00504927 0.004245 -0.00338876 0.00651154 -0.00384688 -0.00751401 -0.00154511 -0.00506862 -0.000379794 0.000733723 -0.00402797 0.00931158 -0.00514147 -0.00185578 -0.00244446 -0.00682796 0.0170335 0.0036947 0.0106871 -0.0062332 0.00208133 0.00342315 0.00338058 -0.00286312 -0.00542601 -0.0146433 -0.0143884 -0.0124374 -0.0019274 -0.0147386 0.0184685 0.000858758 -0.00635534 0.000931341 0.00138377 0.0100382 -0.00454896 -0.000451525 0.00479548 -0.00201877 0.00368539 -0.0010852 0.00682194 -0.000141436 -0.0053337 -0.00270072 -0.0104889 -0.00106851 0.00131241 0.000575999 -0.00588148 0.00504693 -0.00513784 -0.022928 0.00427759 -0.00406994 -0.000980339 -0.00530055 0.00484149 -0.0148875 -0.00192613 -0.00523335 -0.0146412 -0.00662111 0.0042183 -0.00656755 -0.00724645 -0.00220016 0.000615064 -0.00839943 -0.0126383 -0.00509189 -0.00906599 -0.00851279 0.00639807 -0.0138715 0.00317225 -0.00478365 0.00189456 -0.00713372 -0.00849615 0.00716064 -0.00161297 -0.000941355 
0.00824834 0.0139294 -0.00296952 -0.0138721 -0.00213418 -0.0127884 0.00202326 -0.00366941 0.00631545 0.0227931 -0.00743568 0.0300301 0.0241082 0.00244559 0.199003 0.00067931 0.0254718 -0.00400527 0.0108166 0.0127542 0.0109586 0.00515744 -0.00107406 0.000751869 -0.0103992 -0.0122992 -0.0107774 -0.00508854 -0.00572919 -0.00928175 -0.00283448 -0.0121593 -0.0115104 -0.0124101 -0.00370838 -0.00129494 -0.00952231 -0.0130227 0.00665349 -0.00478997 -0.0210291 0.0149106 -0.014346 -0.00292699 0.00143832 0.0148658 0.00164604 0.00278614 -0.00012374 -0.00034162 0.00469014 -0.00200436 0.00120051 0.00335812 -0.00489362 -0.0152743 -0.0154791 -0.00216883 0.00548163 -0.0122531 -0.00917522 -0.0083877 -0.0135533 0.00480892 -0.002684 -0.0137363 -0.0134186 0.00108268 -0.00986896 0.00288052 -0.00343631 -0.00924325 -0.00237238 0.00494398 -0.00275004 0.00523845 -0.00426834 0.000769529 0.00214168 -0.00429 0.014241 -0.00222899 -0.00515517 -0.00527419 0.00434816 -0.00932311 -0.00346381 0.00560102 -0.00575427 -0.00700844 -0.00949003 -0.0101621 -0.00182696 -0.0138558 -0.00838103 -0.0216992 -0.00835162 0.000828871 0.00974122 -0.0163667 
0.00494919 -0.0050087 0.00867899 -0.00610932 0.000630789 -0.00696236 -0.000971573 -0.00241247 0.00100874 -0.00495664 -0.000839801 0.00821825 -0.000371007 -0.0100128 0.00067931 0.118877 0.0136658 0.00467461 0.00332999 0.00546523 -0.00283944 -0.00342454 -0.00330285 0.00356244 -0.000947395 -0.00340191 -0.001622 0.000612856 -0.00184548 -0.00360019 0.000164014 -0.00640148 -0.00479779 -0.00308177 -0.00731706 -0.00521861 -0.00756967 0.00279722 0.00470529 0.00261614 -0.00778459 -0.000920574 -3.80214e-05 -0.0033099 0.00342443 -0.000224002 -0.0101205 -0.0100532 -0.00586308 -0.00266553 -0.0031085 0.000666016 -0.00267721 -0.000574039 0.00120228 -0.0118757 -0.00272436 -0.00300505 -0.00812092 0.00166533 0.00613648 -0.00344917 0.00262244 -0.0033585 -0.000785027 -0.00765144 0.00429035 -0.00460454 -0.00303186 0.00335764 0.000749805 -0.0071037 0.000132672 0.000432969 0.00291945 0.00912287 -0.00133302 -0.00211365 0.0138903 -0.00120817 0.00366222 -0.00097986 0.00177228 -0.00329301 -0.00534894 0.00110847 -0.00421813 0.00136436 -0.0077098 -0.000984063 -0.00275677 -0.00131384 -0.00265328 0.00267454 -0.00375752 -0.00234041 -0.00342799 -0.00333808 -0.000629108 -0.0023608 
0.00631799 0.0123393 4.07921e-05 -0.0184566 0.00314254 -0.00901025 -0.000955324 -0.00222082 0.00341225 0.0265373 -0.00567221 0.0104108 0.017254 0.00504927 0.0254718 0.0136658 0.216587 -0.00813783 0.00181861 0.0203377 0.0200857 0.010524 -0.000481172 0.00497252 0.00672132 0.0157316 -0.00560492 0.0121876 -0.010283 -0.0034078 -0.0131708 -0.0120577 -0.0125491 -0.0170018 -0.0212151 -0.00799438 -0.0138011 -0.00306917 0.00954339 -3.46722e-05 -0.0192035 0.00279469 -0.00539819 -0.00457108 0.000365873 0.00216973 0.00163321 -0.00939773 -0.00215384 0.00464251 0.0001021 0.00779018 -0.00593178 0.0026572 0.00202267 -0.00435111 -0.00201178 -0.00396455 -0.00182217 -0.0108748 -0.0104229 -0.00839227 -0.0188643 0.000818213 -0.00431351 -0.00814831 -0.00321668 -0.00133602 -0.00273492 -0.0133765 -0.00316733 -0.0117354 0.000575065 0.00244883 0.000396193 -0.00589668 -0.00748176 -0.00635702 -0.0106612 -0.00495884 0.0103318 -0.00766535 0.00247734 -0.00099965 -0.00933434 -0.0161938 -0.0192252 -0.00482468 -0.0225063 -0.0126595 -0.00353154 -0.0256476 -0.00372278 -0.0068941 0.00887401 -0.0078285 0.00218509 -0.00784816 0.0228653 -0.0125518 
-0.0110659 -0.00611148 -0.00558539 0.00147235 -0.00113393 -0.00353808 0.00213781 0.000596522 -0.00305421 0.00362775 -0.00173514 -0.00270549 0.00692399 0.004245 -0.00400527 0.00467461 -0.00813783 0.138556 0.00413056 -0.000230116 0.00656708 5.6421e-05 -0.00548118 -0.00406074 -0.00109701 -0.00995841 0.00179414 -0.00130236 -0.00775395 -0.00479067 0.0070994 -0.00780184 -0.00807545 0.00847373 -0.004513 -0.00240792 0.000448674 0.00478788 0.0056749 -0.00354632 0.00268271 -0.010668 0.00175901 -0.00901687 -0.00158045 -0.00480421 -0.0083918 -0.00342213 -0.00773228 0.00660766 0.000402762 -0.000515397 -0.00217242 0.00378629 0.00230202 0.0095163 0.00364968 0.000224309 -0.0103166 -0.00303058 -0.00107284 0.00360777 -0.00361947 -0.0057221 -0.00151927 -0.00812346 0.00259711 -0.000990127 -0.00823956 -0.00505615 -0.0059363 -0.00576724 0.00307342 -0.00343407 0.00419383 -0.000825793 -0.000896656 -0.00321453 -2.47735e-05 -0.00318316 0.00057985 -0.00278778 -0.00454119 -0.0031805 -0.000226789 -0.00400364 -0.00510181 -0.00111888 -0.00448527 -0.00153566 0.00586063 0.00231742 -0.00167974 0.00522653 -0.00346879 -0.00579243 0.000429937 -0.00535916 -0.00205209 0.0126173 
-0.00448608 -0.00313401 0.000587796 -0.00167289 0.000964498 -0.00832956 -0.000985133 -0.00379704 -0.00393853 -0.00151951 -0.000554868 -0.00619649 -0.00204393 -0.00338876 0.0108166 0.00332999 0.00181861 0.00413056 0.102298 -0.00219317 -0.000461292 -0.00092525 -0.00086999 -0.00254754 -0.00117056 -0.0104861 -0.00618521 -0.00587197 0.0121614 -0.00575128 0.00432367 -0.000344516 -0.00522824 0.00214663 -0.00273133 -0.000830402 0.00137965 -0.000521136 -0.00996685 -0.00500407 0.00404989 0.00906486 -0.00449241 -0.000798973 0.00150538 -0.000372868 -0.00713967 -0.00497661 0.00209033 -0.000211101 0.00299841 -0.00456643 0.00267308 -0.0033271 -0.0023912 -0.00149891 -0.00405803 0.00193264 0.000685403 0.00578548 0.000874036 0.00434773 -0.00171924 0.00719635 -0.000853665 -0.00409503 0.00526429 -0.0021982 -0.00152283 0.013381 -0.00127188 -0.001074 0.00611902 -0.00027389 -0.00220749 -0.00437464 -0.00125566 -0.00061881 -0.00633269 -0.000815396 0.0101733 -0.00317207 0.00179008 0.00208434 0.0077893 0.00134212 -0.00419593 0.000616884 -0.00624676 -8.91305e-05 -0.00785121 -0.00836069 -0.00592552 -0.00525164 -0.00496448 -0.00585825 -0.0056264 -0.00517606 -0.00356701 -0.00585398 
-0.0012463 0.00161425 0.00109077 -0.00551548 0.000151979 -0.00445773 0.00152492 0.00163273 0.000818314 0.00468486 -0.000103417 0.00260187 0.00136941 0.00651154 0.0127542 0.00546523 0.0203377 -0.000230116 -0.00219317 0.115583 0.00194729 0.000173181 -0.00139713 -0.00227971 -0.00319777 -0.0116627 -0.00304714 0.00133786 -0.00639045 -0.00346419 -0.00123052 -0.00293204 0.00345157 -0.00047528 -0.00838107 -0.00602515 -0.000860508 -0.00307981 0.00276202 0.00163821 -0.00710353 -0.000764875 -0.00478232 -0.00295221 -4.10278e-05 -0.000305409 0.00201802 0.00136634 -0.0024133 -0.00343041 -0.00292637 -0.00767136 -0.00184 0.0096822 -0.00364875 -0.00917679 -0.00842442 -0.00169072 -0.000935619 0.000223156 -0.00496046 -0.00181284 -0.000140799 -0.000449117 -0.00100232 -0.00284178 -0.00459925 0.00289318 -0.00241468 -0.00996065 -0.000264219 -0.00548984 -0.00275811 -0.00253243 -0.00295437 0.00246626 7.54516e-05 -0.00413803 -0.00630734 -0.0014236 -0.00406942 -0.00433308 -0.00252538 0.00176754 -0.00382196 -0.00403996 0.00297821 0.00102901 -0.00489126 0.00226178 0.00339324 -0.00713461 -0.00356468 -0.00465065 -0.00146052 -0.000684803 0.00108193 0.00566789 0.00112582 -0.0039783 
-0.00938119 -0.00180424 -0.0115252 -0.0189645 -0.00888811 -0.0140946 -0.000539173 -0.00229428 -0.0113322 0.0120629 -0.00930727 -0.0178767 -0.00362598 -0.00384688 0.0109586 -0.00283944 0.0200857 0.00656708 -0.000461292 0.00194729 0.2133 -0.00868804 0.000700214 0.00284935 -0.00387092 0.0191345 -0.00260634 -0.0061061 -0.00445979 -0.00462671 -0.000160297 -0.0115524 -0.00433399 -0.00358338 0.00591016 -0.00526622 0.000306068 0.00158375 0.00244413 0.00250362 -0.00013154 0.01278 -0.00614304 -0.00154492 -0.00247794 -0.0121 0.00388619 -0.0017577 -0.00299386 0.0124337 -0.000485353 0.00272854 -0.00450691 0.00503469 -0.00358948 -0.00414934 -0.00280249 0.0102972 -0.00081607 -0.00784414 -0.00777842 -0.00239899 -0.00891607 -0.0047149 0.000246892 -0.00711289 0.000640156 0.00149856 0.00405792 -0.00247824 -0.0103665 -0.0125327 -0.00170897 0.00197316 -0.00261126 -0.0079339 -0.00510085 -0.0051235 -0.0112132 -0.00635091 0.00773445 -0.00460313 -0.00109492 -0.0067099 -0.00765079 -0.00450934 0.00617591 -0.00356106 -0.0114623 -0.0104285 0.00154129 -0.0067276 0.00522814 -0.00567425 0.00449983 -0.00472355 -0.00313896 -0.00473067 0.0210635 -0.00743955 
0.00210974 -0.00696402 0.00379285 -0.00715668 -0.00132124 0.00834254 -0.00359039 -0.00151713 -0.000692826 -0.000283502 0.00109946 0.00940038 0.00889061 -0.00751401 0.00515744 -0.00342454 0.010524 5.6421e-05 -0.00092525 0.000173181 -0.00868804 0.158984 -0.00224854 -0.00382779 -0.00837544 0.00178541 -0.0076138 -0.00388957 -0.00951699 -0.0010886 -0.00940097 0.00171794 -0.0104201 -0.0128677 -0.0209942 -0.000477026 -0.00011521 -0.00914541 -0.00638434 -0.00742547 -0.00336086 -0.000599679 0.00445117 0.00253396 -0.00107845 0.0027571 0.00181988 -0.00750538 0.011695 -0.0026093 0.000529281 -0.0107053 -0.00267779 0.00101129 -0.00499118 -0.00863415 0.016154 0.000141074 0.00663334 -0.0070907 -0.00423991 -0.00363877 -0.0160633 1.16388e-05 0.000824754 -0.0053237 0.0027925 -0.00306678 0.000544437 -0.00743402 -0.00871803 -0.0144795 0.00719351 -0.00936801 0.00170012 -0.00610997 -0.00491952 -0.00526642 0.00767164 -0.00390325 0.00236381 -0.000294898 0.00513312 0.00493968 -0.00143339 -0.00409922 -0.00170813 -0.00465835 0.00221907 -0.00348189 0.00862891 0.0109908 -0.00994052 -0.00556398 0.00417223 -0.00205667 0.00025924 0.00446438 0.00720309 1.70817e-05 
-0.00160599 -9.63108e-05 -0.000756375 0.000708192 0.000225003 -0.00655781 0.000843058 -0.00117433 -0.00106864 0.00341091 -0.0015864 -0.000555108 0.00256404 -0.00154511 -0.00107406 -0.00330285 -0.000481172 -0.00548118 -0.00086999 -0.00139713 0.000700214 -0.00224854 0.0879637 0.00201813 0.00335676 0.00550708 6.83167e-05 0.000112925 0.00305863 0.00399915 0.00463231 -0.00145776 0.000598698 -0.00294981 0.00328261 -0.00330158 -0.00592724 -0.00781391 -0.00777875 -0.00244234 -0.00712078 -0.00554982 0.00171224 0.00255208 0.000546445 -0.00179587 -0.0014715 0.00409789 -0.00219091 -0.000764263 0.000676427 0.00167998 -0.000202025 -0.00311512 -0.00173152 -0.00330666 -0.00779481 0.000944874 0.00637204 -0.00345313 -0.00320891 -0.00163573 0.00203252 -0.00261518 -0.00198015 -0.000477263 -0.00431123 -0.000956757 -0.00258962 -0.00476755 0.00204806 0.00223246 -0.00161911 0.00205084 0.000955344 -0.000834323 0.00242248 -0.000467766 -0.00138751 -0.00163035 -0.00152021 -0.00236299 -0.00382595 -0.003859 -0.0026243 -0.00179376 0.00125668 0.000333119 -0.00745447 0.00301962 0.000227681 -0.00255287 0.00447561 -0.00193137 -0.00139623 -0.0015468 -0.00317311 0.00152866 0.000692907 -0.00241642 
0.00439128 0.00713654 0.00283411 -0.0030507 0.00260287 -0.00499336 4.61765e-05 0.00392198 0.00432213 0.00063296 -0.0019553 0.00348344 -0.000981102 -0.00506862 0.000751869 0.00356244 0.00497252 -0.00406074 -0.00254754 -0.00227971 0.00284935 -0.00382779 0.00201813 0.0859807 0.00221173 0.00146906 0.00317626 0.00128965 -0.000812839 -0.00460623 0.00468202 -0.00294858 -0.000775261 -0.00114781 -0.00651441 -0.00143599 -0.00422293 -0.00285378 -0.000883424 -0.000467198 -0.00496381 0.00673414 -0.00118892 0.00164156 -2.70847e-05 0.00507813 -0.00673321 -0.000907224 -0.0018892 -0.00335587 0.00161898 -0.00044492 -0.000522192 -1.41187e-05 0.00150052 -0.00464149 -0.00290675 0.00124177 -0.00312893 -0.00658034 -0.000219522 -0.00152049 -0.00086826 -0.0021029 -0.00196001 0.000580071 -0.000417632 -0.00327794 -0.00173156 -0.00672915 0.000685498 -0.00241364 -0.00259592 -0.00217432 -0.00264629 0.00313516 0.000451098 0.00151519 0.00352396 -0.000389738 -0.00426394 -0.000434011 -0.00253764 -0.00338018 -0.00603743 -0.000689578 -0.00269193 -0.00244463 -0.00550977 0.00244315 -0.00268647 -0.00171086 -0.000530459 -0.00340912 -0.000128326 -0.00637128 -0.00209059 -0.0031924 -0.00260874 1.77019e-05 
0.00305319 0.00251414 -0.00351771 0.00446415 0.00371804 -0.000775311 -0.00057617 0.00287842 -0.00228727 -0.0026247 0.00193753 -0.00825918 -0.00292608 -0.000379794 -0.0103992 -0.000947395 0.00672132 -0.00109701 -0.00117056 -0.00319777 -0.00387092 -0.00837544 0.00335676 0.00221173 0.0960604 0.0106074 -0.000589564 -0.00167391 -0.00168497 0.00267813 -0.000579361 -0.00681388 -0.000495185 -0.00236196 0.0041613 0.00132706 -0.00436084 -0.0032861 -0.00865012 -0.000673821 0.000663317 0.0049282 0.00389886 -0.00492136 -0.00156619 0.00120598 -0.00373066 0.000291795 -0.00751291 0.00758339 0.00268172 0.00125595 -0.00115345 -0.00357957 -0.00134921 2.31055e-05 -0.00624689 -0.00669398 -0.00139715 -0.000869789 -0.00336396 -0.00438546 0.00172805 -0.00295992 2.3698e-05 0.00588485 0.00373656 -0.000747751 -0.000479959 -0.00111781 0.00151654 0.00341486 0.00178574 0.0014223 0.00231215 -0.00374104 -0.00155937 0.00348285 -0.00559589 -0.000278905 0.00358166 -0.00120542 -0.00183543 0.00331937 -0.0031509 -0.000694967 -0.00724069 -0.000520784 -0.00870938 -0.005047 -0.00454781 -0.0112578 -0.00194127 0.00273093 -0.00250599 -0.000645953 -0.00301688 -0.0046386 0.00133958 -0.00271668 
0.0134123 -0.00107346 -0.00694138 -0.00622054 3.19189e-05 0.0122163 -0.00299669 -0.00210106 -0.0113293 -0.00537306 0.00694051 -0.00513301 0.00563311 0.000733723 -0.0122992 -0.00340191 0.0157316 -0.00995841 -0.0104861 -0.0116627 0.0191345 0.00178541 0.00550708 0.00146906 0.0106074 0.197448 -0.00483344 0.00685596 -0.00270365 0.0206266 -0.00107404 -0.0137526 -0.000609565 -0.013365 -0.00357244 -0.00664677 0.00312681 0.00313331 -0.00359326 -0.00714795 -0.00226036 0.00911002 -0.00401606 0.0098616 -0.000927637 -0.00159458 -0.00921074 -0.00718094 -0.00142588 0.00299598 -0.00193294 0.0131111 -0.0106694 -0.00170606 -0.00136284 -0.0171115 0.0017787 0.000607416 0.00214011 -0.00772282 -0.0026746 -0.00544067 -0.00857778 0.00740341 0.000598882 -0.00941933 -0.00149528 0.00693314 0.00119431 -0.0243642 -0.00549058 -0.00210125 0.0042022 -0.0023197 0.00619915 -0.00882545 -0.00148988 -0.00256205 -0.0101284 -0.00466746 0.00183648 -0.00547037 0.00502377 -0.0150355 -0.00710501 -0.0100529 -0.0100146 -0.00420067 -0.0154561 -0.0149897 0.00347835 0.00535425 -0.00388733 -0.0073904 0.0121374 0.00282286 -0.00994325 -0.00117473 0.00430183 -0.0178104 
-0.00362594 -0.00581598 -0.0024428 0.00549203 0.00138738 0.00706918 -0.00312168 0.00226531 -0.00530843 -0.00917564 0.000164117 0.00340754 -0.00390067 -0.00402797 -0.0107774 -0.001622 -0.00560492 0.00179414 -0.00618521 -0.00304714 -0.00260634 -0.0076138 6.83167e-05 0.00317626 -0.000589564 -0.00483344 0.117009 0.00307071 -0.00520939 0.00501374 0.00419816 0.0096819 -0.00120602 -0.00471376 0.0067392 -0.00292538 0.0010874 -0.00768214 0.00072203 -0.00403186 -0.00356323 -0.00535013 0.000619765 -0.0114233 -0.00130069 -0.00264016 -0.00471902 -0.00129348 -0.000232676 -0.00442116 -0.000690693 -0.00842914 -0.0042215 -0.00482361 -0.00260805 -0.00362847 -0.00405503 -0.00401113 -0.00775332 -0.00586868 -0.00371194 0.00340594 0.0013516 0.000113649 0.000183075 -0.00234048 0.00102665 -0.00365604 -0.000721252 0.00925323 -0.00218382 0.00180456 -0.00321293 0.000769093 -0.00573715 0.00391818 0.0013234 0.00292788 0.000443608 0.00270942 -0.00444517 0.000781665 -0.00380285 0.000828958 -0.000236767 0.00394841 0.00916656 -0.00108284 0.00477694 -0.00139963 0.00592719 0.00936629 -0.00622859 0.00603748 -0.00227509 -0.00877754 -0.00462865 -0.00270114 -0.00369108 0.00490392 
-0.00179517 -0.00172653 -0.00510826 -0.00726177 0.00557472 0.00273159 -0.000689521 0.00119878 -0.00361994 0.000633532 -0.000232733 0.00429664 0.00150191 0.00931158 -0.00508854 0.000612856 0.0121876 -0.00130236 -0.00587197 0.00133786 -0.0061061 -0.00388957 0.000112925 0.00128965 -0.00167391 0.00685596 0.00307071 0.114198 -0.00386918 -0.00113425 0.00143575 0.00458507 0.0105837 -0.00127185 -0.00320463 0.000983825 -0.0027519 -0.000788391 4.38104e-05 -0.000552906 -0.00518771 0.000597031 -0.000406501 -0.00950358 -0.00138173 0.00328043 -0.00528428 0.000248549 -0.0038287 -0.0077513 -0.00418118 -0.00322919 -0.00337901 0.000180027 -0.00658304 -0.00609096 0.000139469 -0.00150608 -0.00866703 -0.00184031 -0.00255331 0.000447278 -0.00340024 0.00159158 -0.000951533 -0.00266551 -0.0016249 0.000684098 0.00158459 -0.010398 0.000538752 0.00293321 0.00127 -0.00744239 0.00200187 -0.000826629 -0.0025995 -0.00313301 -0.00325277 -0.00163248 -0.000857555 -0.000885829 9.00639e-05 0.00181848 -0.000617099 -0.00345506 -0.00368166 -0.00346988 -0.00295996 0.00312247 -0.00244473 -0.00586674 -0.00284994 0.000244638 0.00469846 -0.00393388 -0.00370832 -0.00179069 -0.0004552 -0.00380018 
0.00241942 0.00305528 0.000630428 0.00517034 -0.00258488 -0.00379246 -0.000974396 -0.00106117 -0.00402424 -0.00507899 0.00299671 -0.00455157 -0.00139104 -0.00514147 -0.00572919 -0.00184548 -0.010283 -0.00775395 0.0121614 -0.00639045 -0.00445979 -0.00951699 0.00305863 -0.000812839 -0.00168497 -0.00270365 -0.00520939 -0.00386918 0.109862 -0.00568926 0.00481744 0.00450592 0.00297668 0.0035319 -0.0107078 0.00279788 0.000462801 0.00142884 -0.00507561 -0.000395278 0.00119115 0.000766355 -0.00446614 0.00626219 0.00295567 -0.00360563 -0.00467272 -0.00103058 0.00535334 -0.00447872 0.00333518 -0.00349086 0.00293934 -0.00700064 -0.00516244 0.00162624 -0.000834767 -0.000615455 0.00462697 0.000772913 0.00402603 0.000774293 0.000152446 -0.00778204 0.000687626 -0.000331697 -0.00371254 -0.00147403 -0.00013379 -0.00328101 0.000156035 0.00152713 -0.000973149 0.00240706 -0.000463589 0.00151039 -0.000713112 0.00111467 0.000986506 0.00228547 -0.000758536 -0.00307541 -0.00363965 -0.00184527 -0.000349226 0.00122772 -0.00139234 -0.00114781 -0.000997803 0.00838208 -0.00629447 -0.00148239 0.000226345 -0.00631399 -0.0096029 -0.00560017 -0.000116758 0.000141527 0.0011376 -0.00888159 
-0.00134729 -0.00357576 -0.000361265 -0.00711911 -0.00169587 -0.004956 -0.000210146 0.0012545 -0.00705849 -0.0126662 0.00214323 -0.00690712 -0.00341901 -0.00185578 -0.00928175 -0.00360019 -0.0034078 -0.00479067 -0.00575128 -0.00346419 -0.00462671 -0.0010886 0.00399915 -0.00460623 0.00267813 0.0206266 0.00501374 -0.00113425 -0.00568926 0.134824 0.00973422 0.00861142 0.00762513 -0.00386684 0.00583166 -0.00176866 0.00596919 -0.0027801 -0.00927016 -0.00414564 0.00181973 -0.000834448 0.00302704 0.00264499 -0.000168486 -0.00171945 0.00754603 0.00599639 -0.00211794 0.00198174 -0.00320502 0.000286622 -0.00603193 -0.0046808 0.00509837 -0.00936056 0.00557478 0.00539925 0.00290417 -0.00501545 -0.0038613 -0.00266143 -0.0117337 0.00630325 0.00334976 -0.00514603 -0.00243673 0.0070272 -0.00283977 -0.00244496 -0.0010778 0.0063363 -0.0023611 -0.00987046 -0.00413315 -0.00823813 0.00195598 -0.00128388 -0.00526901 -0.00300852 -0.0043827 -0.00262429 0.00266256 -0.00282406 -0.0051487 -0.0033724 -0.0122493 0.00345828 -0.0160408 -0.0119022 -0.000229225 0.00143651 -0.00341311 0.0025384 -0.00417388 0.00427508 -0.00855185 -0.00368092 0.000913136 0.00769088 
-0.00625518 0.00353943 -0.0005409 -0.00316084 0.000442072 -0.00973452 0.000236663 -0.0010269 -0.00462443 -0.0117172 -0.0029857 -0.000414804 -0.000748967 -0.00244446 -0.00283448 0.000164014 -0.0131708 0.0070994 0.00432367 -0.00123052 -0.000160297 -0.00940097 0.00463231 0.00468202 -0.000579361 -0.00107404 0.00419816 0.00143575 0.00481744 0.00973422 0.124801 0.00504879 0.00637139 0.00649723 0.0088355 0.000303366 0.000983722 -0.00678839 -0.00225578 -0.0011802 -0.00317678 -0.000312664 -0.00124585 -0.00281603 -0.00108876 0.0055434 0.000801798 -0.000761063 -0.00722191 0.00152866 -0.000672912 -0.000544083 -0.00519894 0.00131122 -0.00297694 -0.0074202 -0.00442812 -0.000295234 -0.00481981 -0.00556267 -0.00359251 -0.000183516 -0.00533425 -0.000290341 -0.000432991 -0.00322042 -0.00409556 -0.00255537 -0.00460439 0.00537438 0.00326671 0.000592869 3.63668e-05 -0.00172482 -0.00765132 0.000892679 0.00162341 0.000695032 -0.00238951 -0.00540019 0.00287252 -0.00292259 0.000562451 6.04407e-05 -0.000741229 0.00114868 -0.00363753 0.00600636 -0.012416 0.00128616 -0.000896813 -0.00535696 -0.00541865 0.0037095 -0.00231523 -0.00572306 -0.00590109 -0.00279104 -0.0112607 -0.00373178 
-0.00468222 -0.00363446 -0.0015155 -0.00268055 -0.000340465 -0.00516197 -0.00228611 -0.00110013 -0.00105032 -0.014468 -0.000957982 -0.0011362 -0.00139 -0.00682796 -0.0121593 -0.00640148 -0.0120577 -0.00780184 -0.000344516 -0.00293204 -0.0115524 0.00171794 -0.00145776 -0.00294858 -0.00681388 -0.0137526 0.0096819 0.00458507 0.00450592 0.00861142 0.00504879 0.138715 0.00384052 -0.00181015 0.00146035 0.00129004 -0.00121918 0.0003592 -0.0136831 -0.00367446 0.00073175 -0.00479633 -0.00371248 -0.0111596 -0.00276822 0.00419126 0.00345789 0.00239445 -0.00213731 -0.00951613 -0.0028981 -0.00494437 -0.00401234 -0.00590881 -0.00552017 0.00101409 -0.00162261 -0.00314297 0.000313113 0.00350892 -0.00063517 0.00332529 -0.00331414 -0.00373962 -4.55405e-05 -0.00378457 -0.00831989 -0.00129795 -0.0012597 0.00815014 -0.00463501 0.0113143 -0.000240883 -0.00762096 -0.00579846 -0.00218121 -0.00159124 -0.00330053 0.00761326 0.00347165 -0.0111849 0.00493344 -5.43802e-05 -0.00434124 -0.00237754 0.00404153 -0.000481888 0.00345459 0.00995937 0.0020474 0.00357845 0.0136333 -0.00695999 0.00923412 0.00635941 0.000745114 0.00292746 -0.00178153 -0.0072553 -3.47211e-05 
-0.010425 2.05995e-05 -0.00260763 -0.00457673 -0.00193776 0.000953903 -0.000114448 0.00268695 -0.00214622 -0.00734179 0.00565011 -0.00585315 -0.00752011 0.0170335 -0.0115104 -0.00479779 -0.0125491 -0.00807545 -0.00522824 0.00345157 -0.00433399 -0.0104201 0.000598698 -0.000775261 -0.000495185 -0.000609565 -0.00120602 0.0105837 0.00297668 0.00762513 0.00637139 0.00384052 0.138823 0.00299407 -0.000705834 -0.00330285 0.00528271 0.00692662 0.0023203 0.00537614 -0.00188036 0.013004 -0.00325299 -5.74107e-05 0.00122958 0.00497992 0.0104182 0.00373599 -0.00730213 -0.00265676 -0.00232035 -0.00141247 -0.00423316 0.00443273 0.0027965 -0.0100319 -0.00076596 -0.00211414 -0.00318521 -0.00707759 -0.0030864 -0.00120651 -0.00388386 -0.00483924 0.0032971 0.00548039 -0.00553186 0.001406 -0.00314533 -0.0108188 0.00917721 -0.000187444 -0.0040309 -0.00589134 -0.00340796 0.00106824 0.0015957 -0.00266623 -0.0155513 -0.00519651 -0.00434246 -0.00620285 -0.00200769 -0.00255705 0.00164951 -0.00648284 -0.000609882 0.0025471 -0.0068688 -0.00307911 -0.000332452 -0.0175532 -0.00306705 -0.00104984 -0.00819534 0.00407239 -0.00216689 0.00283365 -0.00498267 -0.0054748 
-0.0104846 -0.00191163 -0.000647191 -0.00131414 0.00212085 -0.00616005 2.23465e-05 -0.00143109 -0.00300383 -0.0107463 0.002649 -0.0095099 -0.00467786 0.0036947 -0.0124101 -0.00308177 -0.0170018 0.00847373 0.00214663 -0.00047528 -0.00358338 -0.0128677 -0.00294981 -0.00114781 -0.00236196 -0.013365 -0.00471376 -0.00127185 0.0035319 -0.00386684 0.00649723 -0.00181015 0.00299407 0.125149 0.00663093 0.00700801 0.00404049 0.00416115 -0.00194111 -0.00235855 0.00647828 -0.00763565 -0.00460274 -0.000893715 0.00314473 -0.00546676 0.00831451 -0.00614195 -0.0064682 -0.00469997 -0.00178373 0.00221196 -0.00183973 -0.00110348 -0.00245314 0.00474943 -0.00491545 -0.000778498 -0.00634941 3.91514e-05 -0.0012508 0.0055928 0.00730535 -0.00398399 -0.00189357 -0.00176458 -0.00785284 -0.000106677 -0.00532499 -0.000193714 0.00231985 0.00620756 -0.00693856 -0.00279434 -0.00569048 0.000313754 0.000640818 0.000653002 0.00434296 -0.00637425 -0.00239138 -0.00175129 -0.0056966 -0.00383265 0.00499588 0.00290959 0.00168736 0.000457966 0.00323844 0.00281758 -0.00397278 -0.00791453 0.00404566 -0.00144828 0.00234972 0.00236187 0.00446705 0.00224707 -0.0024332 0.000823137 
