0.249551 0.0428438 0.000125836 0.016566 -0.081274 -6.57478e-05 -0.0385312 -0.00791701 0.00278784 -0.000935821 0.0539795 -0.000229785 -0.00631501 -0.107242 -0.00310915 0.0434374 -0.093768 0.021211 0.0153901 0.00172464 -0.111512 -0.00434764 0.0673033 0.0183665 -0.00642243 -0.126697 -4.10217e-05 4.18223e-05 0.0622067 -0.00830135 -0.00453719 -0.00108027 0.000305634 0.0158934 -0.0135001 0.00445671 -0.000310905 -0.0161707 -0.0632153 0.0126211 0.0026057 0.00718371 0.00131306 0.0235136 -0.00121866 0.00211906 0.00207476 0.015981 0.0583424 0.00909175 -0.0346831 -0.0157695 -0.00345192 0.0564378 0.00316289 -0.000687503 -0.00123553 -0.000221921 0.0295798 0.000693829 -0.0586295 0.0083766 -0.00380594 0.00441138 -0.0464759 -0.00098387 -0.00288482 -0.103392 -0.0725651 0.000337732 -0.000387532 0.0270127 -0.0208977 -0.00331886 0.00777595 -0.00493708 -0.0570629 0.0195097 -0.014272 -0.0116296 -0.00709485 0.000531976 -0.00297728 0.0244739 -0.00470744 0.000971729 0.0633465 0.0631602 -0.0217717 -0.000493677 -0.0011979 0.00383747 0.00594231 -0.000189524 -0.000286293 -0.00369721 0.00807271 0.0158186 0.068683 0.0332774 
0.0428438 0.0814441 -5.79679e-05 0.00685664 -0.0191722 0.000141773 0.00246464 -0.00311855 -0.000457613 -0.000161501 0.0385497 0.000710153 -0.00074239 -0.032965 0.0001511 0.0402112 -0.0207173 0.00105053 0.00177069 0.000765349 -0.0233827 -0.00180753 0.0201654 -0.0092501 -0.00110471 -0.0397645 -2.62095e-05 -0.000372143 0.0354243 -0.00162203 -0.00277314 -0.000376305 -0.000485054 0.00299786 -0.00809173 -0.00213169 -0.0226594 -0.0327138 -0.022703 0.00465374 -0.00415691 -0.00271435 0.00181173 0.00777246 -0.000251133 0.00256848 0.00045585 -0.00447828 0.0350991 -0.00132756 -0.0143609 -0.00531369 0.00115656 0.0289557 -0.0012146 -0.000125275 -0.000818208 0.000523442 0.0015176 0.0100335 -0.0136312 0.0041608 -0.00130403 0.0029999 -0.0168835 -0.0002256 0.0162561 -0.0439015 -0.0182263 -1.44588e-05 2.38621e-05 0.00336209 -0.00497838 -0.000967982 -0.00252997 -0.0117055 -0.0247536 0.00375656 -0.00303937 -0.00338164 -0.0130883 -0.000447256 0.00322307 0.0190888 -0.000864823 -0.00491519 0.000189347 0.0142806 0.00193095 -0.000179685 -0.000582449 0.00448562 0.00247128 4.43143e-05 -0.000525484 -0.00197365 0.011293 -0.00464981 0.00872038 -0.0121949 
0.000125836 -5.79679e-05 0.00194491 0.000106355 -0.000212389 9.5251e-06 0.000258256 7.39054e-05 -2.81539e-05 1.12037e-05 -0.000125748 -3.74763e-06 7.57644e-06 0.000317425 4.55339e-05 -3.57075e-05 -0.000236786 -2.87219e-05 -0.000198187 1.11096e-05 -0.000161902 0.000112032 0.000263669 -7.77648e-05 4.46097e-05 8.24916e-05 6.29941e-07 -7.77732e-06 -6.18475e-05 1.43482e-05 -1.11182e-05 -1.31616e-05 4.90527e-05 5.81898e-06 -6.51479e-05 -1.62673e-05 -0.000116772 -0.000279405 1.95641e-05 3.04146e-05 0.000379464 -4.13748e-05 9.57195e-06 -8.39082e-05 8.98732e-06 -1.89144e-05 2.43252e-05 6.2701e-05 -0.000542586 -4.09842e-05 0.000157581 0.000278797 3.95879e-05 -0.000544045 -2.73441e-05 3.286e-05 -2.01582e-05 5.77442e-06 4.98882e-05 -2.67334e-05 -0.000222451 -5.53827e-05 -1.32135e-05 -3.84089e-05 0.000485456 4.56602e-06 -0.000250473 -0.000524543 0.00021589 5.06281e-07 4.92194e-07 -1.89525e-05 -7.17028e-05 -2.21079e-06 8.8014e-05 -1.52015e-05 0.000153675 -3.34765e-05 9.86181e-06 -5.06e-06 -0.000964414 5.97576e-05 -0.000462012 -1.72079e-05 -1.97411e-06 -0.000203908 -9.5069e-05 -0.00016115 6.95127e-05 6.14514e-06 6.28365e-05 -7.24982e-06 -2.1806e-05 -5.21192e-07 -1.4318e-05 7.3814e-05 0.000219709 6.23703e-05 1.53994e-05 0.000173514 
0.016566 0.00685664 0.000106355 0.0883797 -0.0103451 9.68229e-05 0.0222171 0.0052883 -0.00665304 -0.000160996 0.00195385 -0.000225042 -0.00101836 0.0129775 0.00142012 0.0164285 -0.0203911 -0.00356212 -0.011864 -0.000526414 -0.0144353 -0.00202015 -0.00210346 -0.00658937 0.00349509 -0.00940795 -3.13575e-05 -0.000333731 0.0135289 -0.000575673 0.00130859 -0.000979173 -0.000696823 -0.00266719 -0.00890807 0.000708655 -0.00600936 -0.0024519 -0.0174956 -0.0015082 -0.00464462 -0.00250883 -0.000357208 0.00806085 -5.69491e-05 0.0011277 0.000434078 -0.000590768 -0.00218258 -0.00236895 -0.0130297 -0.00359161 -0.00912748 0.0128575 -0.00122287 0.000759745 -0.000623755 0.000390811 -0.00664534 0.0142729 -0.0111807 -0.00225588 -0.000899155 -9.80581e-05 0.0157236 -0.000165047 -0.0104294 -0.0170983 0.0112991 4.18158e-05 -5.85286e-05 -0.00596072 0.00184181 -0.00221008 -0.00316335 -0.0031659 -0.0104176 0.00677808 -0.00275151 -0.0018369 -0.0211366 0.00129289 -0.0011095 -0.00382562 -0.0010598 -0.00540109 -0.0157737 0.0111245 0.0160697 0.000412411 -0.0020633 0.00121063 0.000272085 5.97417e-06 -0.000645107 0.00249073 -0.00189757 0.00286192 0.00897085 -0.00711828 
-0.081274 -0.0191722 -0.000212389 -0.0103451 0.196298 -0.00014785 0.00378783 0.00569565 -0.00410592 0.000612105 -0.0463682 -0.000871777 0.00936579 0.00585806 -2.7203e-05 -0.0214728 0.0138412 -0.0193539 0.00827125 -0.00100557 0.100999 -0.00195094 -0.0229105 -0.0182677 0.00272836 0.0556526 9.55429e-07 -0.000253337 -0.0346743 0.00150481 -0.000124388 -0.00142885 0.00160278 -0.00630351 0.00559168 0.00270366 -0.00836849 -0.000184458 0.0299554 -0.00425388 -0.000135711 -0.00513686 -0.00123809 -0.0346862 0.000938886 -0.0018984 -0.00302552 -0.0102354 -0.0489364 -0.00326331 0.0152375 0.014091 -0.000570221 -0.0628059 -0.00247277 -0.00049397 0.00258005 -0.000447569 -0.0197841 0.0206386 0.0341325 -0.0122816 0.00607864 -0.000641686 0.0181108 0.000436127 0.00193146 0.0643231 0.00788924 -0.000671454 0.000174757 -0.014921 0.00274424 -0.00232336 -0.00500856 0.0071043 0.0257513 -0.0096495 0.00244379 -0.00488378 -0.0351842 -0.00168363 -0.0126497 0.00126264 0.00103535 -0.00247331 -0.00372291 -0.0432706 0.0288096 -0.000125375 -0.00190442 -0.00262334 -0.00413266 2.14561e-07 0.00389612 -0.000658591 -0.00411401 -0.00105269 -0.0250437 -0.0168512 
-6.57478e-05 0.000141773 9.5251e-06 9.68229e-05 -0.00014785 0.00105793 -8.57602e-05 5.24689e-06 0.000346975 2.21797e-05 0.000155136 4.78201e-05 -6.40593e-07 -0.000274644 1.89441e-05 -5.03439e-05 -0.000174959 -7.25658e-05 -0.000363001 2.23033e-05 -0.000239784 6.16131e-05 -7.7081e-05 2.0655e-05 -1.44621e-05 -0.000292546 1.38028e-05 5.69265e-05 -7.70727e-05 9.32027e-05 3.52261e-05 8.07709e-05 4.1028e-05 0.000290686 -6.28682e-05 -2.01393e-06 -8.36883e-06 -0.000480843 -0.000104641 2.24928e-05 0.00024449 8.42268e-05 4.03537e-06 1.60472e-05 1.70693e-05 3.37579e-05 9.43009e-06 0.000137445 -0.000123357 7.34661e-05 -2.09347e-05 -3.40939e-05 1.18075e-05 2.14236e-05 2.93304e-05 -1.6414e-06 0.000106467 1.94038e-05 0.000136385 3.17086e-05 -0.000167644 0.000172929 1.48935e-05 4.20888e-05 -0.000238226 9.91301e-06 -0.000170538 -0.00036063 -0.000262624 8.16246e-06 7.0732e-05 0.000195381 0.000107886 4.9632e-05 0.000161905 -0.000213645 -0.000197497 -4.57927e-05 -1.65985e-05 0.000293032 9.95745e-06 2.29502e-05 -0.000329521 4.33976e-05 4.3649e-06 1.17687e-05 -4.34592e-05 -0.000125341 -1.11402e-05 3.20227e-06 7.34987e-05 1.9743e-05 1.55092e-05 3.49863e-05 9.45016e-05 -1.48547e-05 -4.45076e-06 1.74102e-05 -0.00013569 1.74695e-05 
-0.0385312 0.00246464 0.000258256 0.0222171 0.00378783 -8.57602e-05 0.181847 0.0243415 -0.0146365 -0.000444071 0.00856781 -0.000375913 0.0030236 0.0779522 0.00618082 0.0155869 -0.0188201 -0.0120228 -0.0540981 0.00160926 0.0207418 -0.00384742 0.00855275 -0.0286482 0.00666261 0.0140249 -4.23444e-05 -0.000969125 0.0143754 0.00615845 -0.00441419 -0.00207409 -0.00196542 -0.0127027 -0.0242336 -0.0086253 -0.0426004 -0.015088 -0.0200611 -0.00430834 -0.01323 -0.000877918 -0.000115858 0.0387073 0.000980552 0.000343659 0.000566654 -0.0157041 -0.0034466 -0.00595779 -0.0352565 -0.00474814 -0.0211823 -0.00233351 -0.00284938 0.00139753 -0.0027514 0.000269374 -0.01469 0.0218154 0.00518309 -0.00376185 0.00412175 -0.0061773 0.0753599 -0.000107199 0.0036564 0.0183804 0.0847545 0.000724843 -0.000310089 -0.0240325 0.00166159 -0.0054601 -0.00998006 -0.00711628 -0.00957647 -0.00914686 -0.00803789 -0.00397542 -0.0643375 0.0039475 0.0115196 -0.0133197 -0.00254214 -0.00767918 -0.0421467 -0.0323777 0.0465125 0.00198546 -0.00329539 0.00313427 -0.000910413 -2.84829e-05 -0.00211738 0.00764761 0.00558678 -0.0128417 -0.0224592 -0.0331339 
-0.00791701 -0.00311855 7.39054e-05 0.0052883 0.00569565 5.24689e-06 0.0243415 0.0675078 -0.0044502 -0.000111013 -0.00922541 -8.56214e-06 0.000746047 0.00738423 -0.000401954 0.00278312 -0.00879341 -0.0055266 -0.00837887 -0.000359514 0.00533493 -0.000600025 -0.0178499 0.000679364 0.00469951 0.021748 -1.58906e-05 -0.000213916 -0.00409711 0.00448117 -0.00135281 -0.000450097 -0.000601802 -0.00214384 -0.000282191 0.00194247 -0.00287242 0.00319711 0.00355746 0.00117466 -0.00351879 0.00795065 0.000174146 -0.00501282 0.000918393 -0.000279521 -0.000674203 -0.00507842 -0.0175544 -0.000727865 -0.00307915 0.00028538 -0.00118586 -0.0105097 -0.000890232 0.00044296 -3.64082e-05 -0.00011976 0.00547123 -0.00303132 -0.00118306 -0.000222472 0.000744677 -0.00119409 -0.0047966 5.97756e-05 -0.0122806 0.0165406 0.00583423 -0.000131295 4.87574e-05 -0.0072819 0.00461874 -0.00122147 -0.00234074 -0.00611662 -0.0154407 0.0183102 0.000615001 -0.00138449 -0.0192363 -0.000698362 0.00228205 -0.00548515 -0.000399421 -0.0084075 -0.00719968 -0.00540873 0.0107391 0.00139936 -0.000811063 0.00221168 0.000413 -3.73938e-05 2.37966e-05 0.00407926 0.00541375 -0.0044885 -0.00837187 -0.00460965 
0.00278784 -0.000457613 -2.81539e-05 -0.00665304 -0.00410592 0.000346975 -0.0146365 -0.0044502 0.0722762 0.000186033 -0.010249 0.000658624 -0.000510153 -0.0151654 0.00212115 -0.0025274 0.0111817 -0.00192644 0.00511803 0.000134875 0.00312164 0.00339061 -0.00805856 0.0062966 -0.00117448 0.00546573 0.000122359 0.000515422 -0.00948048 -0.000124706 -1.57409e-05 0.00169622 0.000463547 0.0136986 -0.00496141 -2.29446e-05 -0.00247836 -0.0122666 -0.00751544 0.000275576 0.00719887 0.00301175 0.000115189 -0.0116766 0.000793114 -0.000463624 -0.000706825 0.0071571 -0.00635912 0.00371845 0.0141771 -0.0032368 0.018164 -0.00343367 0.00362669 -0.000204936 -0.000404567 0.000147803 0.00974467 -0.00444262 0.000447475 -0.000871682 0.00020558 0.000995894 -0.0184264 6.69739e-05 -0.00853554 -0.00142378 -0.0238211 0.000127312 0.000471801 0.0296346 -0.0013876 0.00112928 0.00634057 -0.00789059 -0.0203383 -0.0066097 -0.00196511 0.006577 0.00228387 -0.0007849 -0.00555614 -0.00374315 0.00147209 -0.00722431 -0.0019344 -0.00115905 -0.00553634 -0.000228108 0.00530889 0.000674233 -0.000703817 4.78634e-06 4.00012e-05 -0.00105205 -0.00108441 -0.00425057 -0.00371009 0.0124815 
-0.000935821 -0.000161501 1.12037e-05 -0.000160996 0.000612105 2.21797e-05 -0.000444071 -0.000111013 0.000186033 0.00437487 0.00117212 2.88372e-05 0.000149451 -0.00134268 0.000110022 -0.00018282 -0.000913291 0.00174564 -0.000812643 5.58744e-05 -0.000426851 1.97968e-05 -0.000158913 -0.000274419 0.000139245 -0.00150122 5.79182e-08 1.61486e-06 5.71685e-05 -1.90175e-05 -8.34826e-05 -7.06485e-07 0.000150696 -0.000130942 -0.000236348 5.25045e-05 -0.000765432 -0.000231621 0.000136292 -3.51717e-05 4.61179e-05 0.0010112 -1.72248e-05 -0.000136047 6.55604e-05 0.00010712 0.000240722 6.40576e-05 0.000786356 0.000415636 -0.000501728 0.000162601 -0.000403229 -0.00107986 3.47731e-05 -8.6803e-06 0.000208842 2.25773e-06 -0.0002874 1.83383e-05 -0.000149344 -0.000188755 0.000281075 -9.10039e-05 -0.000621522 8.40677e-05 0.000148147 -0.000663551 -0.000881657 6.70064e-05 6.66514e-06 -0.000400709 -1.3567e-05 -5.42519e-05 0.000134523 -0.000120447 -0.000461445 0.000625497 0.000386893 7.48957e-05 -0.000357838 3.54846e-05 -0.00123832 -0.000233886 -4.87674e-05 0.00117386 0.000543453 0.000911884 -0.000316298 0.000594958 0.000181095 -3.55664e-05 8.08444e-05 2.97953e-05 0.000376656 6.89284e-06 -0.00035784 8.13882e-06 0.000215368 -0.000558581 
0.0539795 0.0385497 -0.000125748 0.00195385 -0.0463682 0.000155136 0.00856781 -0.00922541 -0.010249 0.00117212 0.181651 0.000789877 -0.00278943 -0.0383332 -0.00122566 0.0343239 -0.0583048 0.037699 -0.0375532 0.00181912 -0.056182 -0.00343374 0.0676506 -0.0241167 -0.00238345 -0.0950128 2.91966e-05 -0.000825555 0.0834352 -0.00117683 -0.00653429 -0.00109336 -0.00182377 -0.00404761 -0.0159622 -0.00549943 -0.0548023 -0.000500948 -0.0535095 0.00534377 -0.00846322 0.012054 0.000478888 0.0373413 -0.000726839 0.00201249 -0.00116069 -0.00143862 0.08878 -0.00210355 -0.0327092 -0.00920659 -0.0192057 0.037326 0.00121295 0.000246999 0.00344484 0.000314783 -0.0172805 -3.30627e-05 -0.0266544 0.0217914 -0.000908384 0.00171008 -0.0185048 -0.000212505 0.0366774 -0.0841413 0.00262037 0.000161902 -3.50692e-05 -0.0204888 -0.00936531 -0.00386259 0.00307328 -0.000850088 -0.0493231 0.0354298 -0.00740417 0.00361104 -0.0304979 -0.00189696 -0.000725515 0.0134158 -0.00269142 -0.00572619 0.0227885 0.0413858 -0.00158978 0.00130711 -0.00101645 0.000827601 0.00859208 0.000356332 0.0020259 0.000195345 0.000408909 -0.00895422 0.0317092 -0.0301642 
-0.000229785 0.000710153 -3.74763e-06 -0.000225042 -0.000871777 4.78201e-05 -0.000375913 -8.56214e-06 0.000658624 2.88372e-05 0.000789877 0.00405611 -2.49986e-05 -0.000479587 -4.426e-05 0.00036112 0.000993866 0.000111769 -0.00211909 3.90105e-05 -0.000748315 0.000294218 -0.00049607 -0.000180302 5.702e-06 -0.00121744 5.15529e-06 -2.76451e-06 0.000709749 0.000145976 -3.67595e-05 2.94753e-05 1.72835e-05 0.000317297 -0.000243997 -5.59233e-05 -0.00198287 -0.00102074 -0.00100827 0.000252353 6.96318e-05 -9.05603e-05 0.000433224 0.0011243 -1.03073e-05 0.000305832 3.7158e-06 -0.00014223 0.00194974 0.000149064 -0.000226511 -0.000221976 0.000703372 0.00207061 -1.9682e-05 3.0012e-06 4.28696e-05 2.41881e-05 0.000484753 -0.0002638 -2.57548e-05 0.00024336 1.10754e-05 0.000238247 -0.000583813 -5.31405e-06 0.000419529 -0.000922509 -0.000344547 3.61583e-07 0.000158046 0.000455135 -0.000170649 0.000315588 -0.000125376 -0.00150022 -0.00107771 -6.5914e-05 -0.000142064 0.000233866 -0.00075276 -3.52088e-05 -0.000628784 0.00042979 -4.29309e-05 -0.000341648 -0.000447604 -0.000155322 -0.000268257 5.50039e-05 -2.00614e-05 0.000583022 0.000189952 4.26771e-06 -1.8832e-05 -6.12171e-05 0.00133246 -0.000357975 -0.00059378 -0.000568868 
-0.00631501 -0.00074239 7.57644e-06 -0.00101836 0.00936579 -6.40593e-07 0.0030236 0.000746047 -0.000510153 0.000149451 -0.00278943 -2.49986e-05 0.0175342 0.00196859 1.58115e-05 0.00157568 -0.00203967 -0.00111213 0.000210985 0.000644412 0.00798118 8.14476e-06 -0.00170542 -0.00213798 0.00186575 -6.32374e-05 4.79714e-06 -8.38934e-05 -0.00163354 0.000198779 0.000896488 -0.000117109 0.000518678 -0.000921358 -4.88513e-05 9.76733e-05 -0.00386704 -0.0031499 0.000524041 5.7919e-05 -0.000615271 -0.000482293 -5.08936e-06 -0.00297364 0.000324513 -6.36171e-06 -0.000190401 -0.00119942 -0.00352192 -8.43969e-06 -0.0012018 0.00270725 0.00195246 -0.00476101 -0.000199088 -1.48265e-05 0.00108259 -1.22192e-05 -0.000687247 0.00333295 -0.00125362 -0.00073568 0.00145642 -0.000439988 0.00312723 0.000398974 0.000211095 0.000932422 0.0030196 4.83311e-05 -1.8116e-05 -0.00163013 -9.72065e-05 -0.000221435 -0.00012695 -0.000132038 0.000901242 -0.00197947 -0.000433008 -0.000660796 -0.00763166 -5.17321e-05 -0.00550169 6.69877e-05 -0.000128126 -0.00120345 -0.000586066 -0.00223355 0.00619531 0.000457003 -0.00024313 -0.000137145 -0.000233506 -4.22701e-07 -2.0804e-05 -0.000233959 0.00183916 -0.000564956 -0.00230466 -0.00248573 
-0.107242 -0.032965 0.000317425 0.0129775 0.00585806 -0.000274644 0.0779522 0.00738423 -0.0151654 -0.00134268 -0.0383332 -0.000479587 0.00196859 0.242965 0.00169681 -0.0362681 0.0562397 -0.022447 -0.023196 -0.0014189 0.0598302 -0.0038386 -0.0261216 -0.0220027 0.00470476 0.087021 -9.1916e-05 -0.00194506 -0.0267086 0.00250977 0.00712334 -0.0030799 -0.00154969 -0.0192226 -0.0267369 -0.0157594 -0.0210998 0.0227491 0.0213916 -0.0106517 -0.0157556 -0.0128157 -0.00109539 0.0125005 -5.85197e-05 -0.002 -0.000838269 -0.0224537 -0.0442592 -0.0111525 -0.027893 -0.00421095 -0.0111385 -0.00193469 -0.00633614 0.0019533 -0.00495175 -0.000472741 -0.0247305 -0.00757847 0.0410412 -0.00924601 -0.00222881 -0.00938506 0.0871967 -0.00035211 -0.00486901 0.0622707 0.112287 2.72399e-05 -0.000461092 -0.0256293 0.00242026 -0.00682865 -0.0113726 0.00952868 0.055057 -0.0296594 -0.00898845 0.00342372 -0.0145241 0.00256974 0.0267004 -0.0277332 -0.00266287 -0.0234897 -0.0717316 -0.0519775 0.0163629 0.000120822 -0.00539016 -0.00224252 -0.00425883 -0.000155563 -0.00701705 0.00218434 0.00382169 -0.0174845 -0.0446881 -0.0121624 
-0.00310915 0.0001511 4.55339e-05 0.00142012 -2.7203e-05 1.89441e-05 0.00618082 -0.000401954 0.00212115 0.000110022 -0.00122566 -4.426e-05 1.58115e-05 0.00169681 0.0192346 -4.57802e-05 -0.00365154 -0.000109178 -0.00393398 0.000592024 -0.000787749 9.00533e-05 0.00282351 -0.00083631 6.0587e-05 -0.00290701 1.45789e-05 4.37064e-05 -0.000967438 0.000745708 -0.000168613 0.00120317 -0.000147801 -0.000390093 -0.00129823 -5.45799e-05 -0.00521964 -0.00604359 -0.00306014 -0.000276092 0.000749328 0.00011335 2.05029e-05 0.00242946 0.000586753 -0.00016558 -5.08881e-05 0.000223898 -0.00112969 0.000310743 -0.000425444 1.50633e-05 -0.000680655 -0.00169324 0.00153826 0.000104734 -0.000117822 0.000262424 -0.000569142 0.0026368 -0.00254312 -0.000853279 -0.000101352 -0.000493565 0.00498068 -4.4505e-05 0.00343641 -0.000233941 0.00180604 0.000508195 -2.71949e-05 0.00405949 -0.00090249 -0.000408788 -0.000780101 -0.00184963 -0.00263198 -0.00198256 -0.000682472 -3.51974e-05 -0.00641066 0.000445072 0.000210924 5.86234e-05 -8.40292e-05 0.00146422 -0.00021893 -0.00339651 0.00224218 2.8232e-05 0.00193163 -4.54807e-05 -2.90556e-05 3.42641e-05 -0.000199869 0.000444592 -0.00131152 0.000236287 -0.00241863 -0.000223122 
0.0434374 0.0402112 -3.57075e-05 0.0164285 -0.0214728 -5.03439e-05 0.0155869 0.00278312 -0.0025274 -0.00018282 0.0343239 0.00036112 0.00157568 -0.0362681 -4.57802e-05 0.125255 -0.0328247 0.00739523 -0.00688932 0.00328701 -0.0302061 -0.00137006 0.00287597 -0.0107887 -0.00048132 -0.0555934 9.68556e-07 0.000749627 0.0440174 -0.0016361 -0.00378401 -0.000751165 -0.000412098 0.0066958 -0.00499496 -0.0058414 -0.0237535 -0.0323973 -0.0287157 -0.000439684 -0.00539763 -0.000820862 0.000724564 0.0241155 -0.000506813 0.00224251 -0.000154983 -0.00322893 0.036983 0.00482487 -0.00611288 -0.00162745 0.00357526 0.0465686 -0.00219426 0.000387466 -0.00127296 0.000587379 -0.00504601 0.0171893 -0.0221003 0.0114843 -0.00136583 0.000741819 -0.0127816 -4.99734e-05 -0.00658314 -0.0622325 -0.0225451 -0.000178442 -0.0001937 0.00664343 -0.00760113 0.00106355 -0.00548443 -0.00909036 -0.0409467 -0.000710088 -0.0051745 -0.00687113 -0.028661 -0.000178901 -0.00530975 0.0173973 -0.00179922 -0.00358607 -0.0171097 0.0118294 0.0254752 0.000310406 -0.00174072 0.00390885 0.0015377 -1.27566e-05 0.000490706 0.00312651 0.0219852 0.00836488 0.00816409 -0.0145744 
-0.093768 -0.0207173 -0.000236786 -0.0203911 0.0138412 -0.000174959 -0.0188201 -0.00879341 0.0111817 -0.000913291 -0.0583048 0.000993866 -0.00203967 0.0562397 -0.00365154 -0.0328247 0.215124 -0.0252839 0.0246355 -0.00264263 0.076497 0.00750872 -0.0715437 0.00467132 0.00111043 0.098868 -9.77897e-05 -0.00105139 -0.0519266 -0.00240361 0.00471104 0.000861993 0.000286929 -0.0106421 -0.00452661 -0.00652488 -0.00993845 0.00283192 0.00796376 -0.00504879 0.0119345 -0.0113959 0.000172806 -0.0157652 -0.000219949 -0.000786491 -0.00458186 -0.0105613 -0.0394637 -0.00583556 0.0502066 -0.0139179 0.0306554 -0.00724086 -0.00204981 -0.000693998 -0.00189721 0.000219377 -0.0021322 -0.0201058 0.0775373 -0.011484 0.00345138 0.00304673 -0.0122328 -0.00046896 -0.0145745 0.0718718 0.00789516 -0.000578583 2.18909e-05 -0.00233759 0.016493 0.00324131 -0.00755686 -0.00306864 0.048911 -0.0277555 -0.00355001 0.00842451 0.0370891 -0.00147553 0.012674 -0.0122342 0.000732898 -0.0250593 -0.0525005 -0.0389794 -0.0252017 -0.00149914 0.000113794 -2.12928e-05 -0.00347715 -0.000236041 -0.00551103 -0.00513431 0.00125643 -0.0272506 -0.0427634 0.00058906 
0.021211 0.00105053 -2.87219e-05 -0.00356212 -0.0193539 -7.25658e-05 -0.0120228 -0.0055266 -0.00192644 0.00174564 0.037699 0.000111769 -0.00111213 -0.022447 -0.000109178 0.00739523 -0.0252839 0.0901713 -0.00760735 -0.000598768 -0.0251826 -0.000708972 0.0176443 -0.00929666 -0.00165792 -0.0431706 -3.15771e-05 -0.000387263 0.0171708 -0.00188841 -0.00285855 -0.000689572 -0.000755603 -0.00203154 -0.00454874 -0.000117042 -0.0103822 0.00511275 -0.0130523 0.00185842 0.000601071 0.0124667 -7.3585e-05 0.00363976 -0.000255471 0.000294398 0.0028698 0.0100603 0.0339212 0.000291603 -0.0108699 -0.00321495 -0.0104488 -0.00397312 -0.000285176 -0.000472774 0.00311409 -0.000119458 -0.00615487 0.000170563 -0.0128044 -0.000837683 -0.00149915 -0.0008371 0.00266669 -0.000216217 0.00450192 -0.046077 -0.0171316 0.000344331 -4.31413e-05 -0.00753648 -0.0050843 -0.00164495 0.0044431 0.00221829 -0.024384 0.0275479 -0.00164682 0.00231035 -0.0167322 -0.000302413 -0.0066172 -1.99764e-06 -0.000755041 0.0146743 0.0285876 0.0189744 -0.00296728 0.00136395 -0.00102931 -0.000850169 0.000423409 1.53059e-05 0.00268601 0.0031115 -0.00265527 0.0178264 0.0127296 -0.00909247 
0.0153901 0.00177069 -0.000198187 -0.011864 0.00827125 -0.000363001 -0.0540981 -0.00837887 0.00511803 -0.000812643 -0.0375532 -0.00211909 0.000210985 -0.023196 -0.00393398 -0.00688932 0.0246355 -0.00760735 0.154264 -0.00377244 0.0132803 -0.00545162 -0.0253095 0.017218 -0.00410692 0.0417367 -0.00020498 -0.00326911 -0.0364293 -0.00486166 0.0021941 -0.000852968 -0.00281305 -0.00253929 0.0124402 0.00274499 0.0598321 0.0193291 0.032852 -0.00165075 -0.00561776 -0.00555984 -0.00213923 -0.0343637 -0.00152966 -0.00244634 -0.00331457 0.00584204 -0.0354484 -0.00840767 0.00905439 -0.00243585 0.0156413 -0.0345139 -0.00238121 -0.00120998 -0.00290419 -0.000932533 0.00367113 -0.0196137 0.00784664 -0.00266788 6.92595e-05 0.00225446 -0.0470189 -0.00142441 -0.0289915 0.020614 -0.0500731 -0.00131484 -0.00027212 0.00720164 0.00517632 -0.00560719 -0.00568866 0.00973693 0.0338961 -0.0153635 0.0052912 -0.0100422 0.0584364 -0.00181794 0.0154586 -0.00407511 0.00169205 -0.0132038 0.0110606 0.00514012 -0.0291711 -0.00262424 0.000144328 -0.00497556 -0.00711276 -0.000118061 -0.0073378 -0.0043204 -0.00714227 -0.0042884 0.0133558 0.0228743 
0.00172464 0.000765349 1.11096e-05 -0.000526414 -0.00100557 2.23033e-05 0.00160926 -0.000359514 0.000134875 5.58744e-05 0.00181912 3.90105e-05 0.000644412 -0.0014189 0.000592024 0.00328701 -0.00264263 -0.000598768 -0.00377244 0.0103373 -0.00133198 0.000587101 0.00533991 -0.00108657 0.000737178 -0.00392499 3.34528e-05 0.000978799 0.00415999 0.000156168 -0.000316078 0.000116368 8.56584e-05 0.00128645 -0.000908385 -0.000145277 -0.00371194 -0.00369526 -0.00237067 0.00010586 -0.000261904 0.0014943 0.000344718 0.00205192 -1.12645e-05 -1.43573e-05 0.000241368 -7.07035e-05 0.000666988 0.00257579 -0.000932863 -0.000114246 -0.000415509 0.00178938 0.000246435 -2.75735e-05 -4.10607e-05 3.20686e-05 -0.000307056 0.000574028 -0.00145426 0.000321277 -0.000198175 -2.42614e-05 -0.000100755 1.96073e-05 0.00149564 -0.00326849 0.000697354 0.000192342 -7.29711e-06 0.000811062 -0.00052107 0.000953486 0.00157267 -0.00152574 -0.00218965 -0.000289283 -0.000378394 -0.000302378 -0.00583977 0.000123639 -0.00290097 0.00149233 -0.000118323 -0.000711279 5.42797e-07 -0.0012638 9.08302e-05 0.000195911 -0.000114882 6.37744e-05 0.000456919 -5.52293e-06 0.000470839 -0.00018979 3.60626e-05 -0.000871351 -0.000735007 -0.000618109 
-0.111512 -0.0233827 -0.000161902 -0.0144353 0.100999 -0.000239784 0.0207418 0.00533493 0.00312164 -0.000426851 -0.056182 -0.000748315 0.00798118 0.0598302 -0.000787749 -0.0302061 0.076497 -0.0251826 0.0132803 -0.00133198 0.20079 3.13565e-05 -0.0502493 -0.0117159 0.00438057 0.102018 -5.75048e-05 -0.00126335 -0.0436292 -9.50634e-05 0.000854937 -0.00159918 -0.000815981 -0.0146399 -0.0127251 -0.0035075 -0.0200049 0.0141391 0.0310309 -0.00492547 0.000158905 -0.00924888 -0.00087967 -0.0437925 0.000906839 -0.0022667 -0.00303288 -0.0172037 -0.0628736 -0.0102358 0.0187696 -0.00357647 0.0101523 -0.065533 -0.00138158 -0.00064549 0.000448642 -0.000494329 -0.0201554 0.00326689 0.0791645 -0.0119084 0.00440051 -0.0037811 0.0144388 -0.000450903 -0.0153197 0.0909088 0.0298253 -0.000681434 0.000280494 -0.0157519 0.0222262 -0.00509789 -0.00642957 -0.00116529 0.0188564 -0.021777 -0.00727294 0.00700497 -0.0167064 -0.00212308 0.0115643 -0.0100429 0.00272495 -0.0175189 -0.0255566 -0.0450324 0.0105889 -0.000323325 -0.000194909 -0.0025743 -0.00417994 2.22077e-07 -0.00462104 -0.0040739 0.00116443 -0.0187009 -0.0363964 -0.019056 
-0.00434764 -0.00180753 0.000112032 -0.00202015 -0.00195094 6.16131e-05 -0.00384742 -0.000600025 0.00339061 1.97968e-05 -0.00343374 0.000294218 8.14476e-06 -0.0038386 9.00533e-05 -0.00137006 0.00750872 -0.000708972 -0.00545162 0.000587101 3.13565e-05 0.0232768 -4.28407e-05 -0.000173838 -0.000336845 -0.00439058 2.05719e-05 0.00132764 -0.00297965 -0.000162974 0.000515529 0.000654035 0.00216039 0.00524727 -0.00133456 -0.000643584 -0.0109075 -0.00490583 -0.00586004 -0.000450322 0.0017133 -0.000193098 0.00052514 -0.00378389 0.000385224 -0.00014499 -0.000320198 0.00108319 -0.00666253 0.00538034 0.0110385 0.000640703 0.00639753 0.00423043 0.000992381 -8.60099e-05 0.000101435 0.00026859 0.00132785 -0.000286401 0.00135621 -0.000900742 -0.000130913 -0.00041708 -0.00404707 0.000758655 -0.000129898 -0.00562309 -0.00540823 0.000173645 4.82741e-05 0.00806716 0.00154139 0.00818355 0.00272089 -0.00098413 -0.00135039 -0.00190422 -0.000655694 0.00352146 -0.00126132 -0.000224166 -0.0101946 0.00617019 7.89852e-05 -0.00242858 -0.00260979 -0.00400414 -0.00181568 -3.30896e-05 0.00173214 5.93282e-05 -0.000153965 -1.25467e-05 0.00204731 0.00123651 0.00250836 0.00107141 -0.00250742 -0.000826907 
0.0673033 0.0201654 0.000263669 -0.00210346 -0.0229105 -7.7081e-05 0.00855275 -0.0178499 -0.00805856 -0.000158913 0.0676506 -0.00049607 -0.00170542 -0.0261216 0.00282351 0.00287597 -0.0715437 0.0176443 -0.0253095 0.00533991 -0.0502493 -4.28407e-05 0.203849 -0.0194614 -0.0017311 -0.10241 7.01692e-05 0.0022045 0.0592908 -0.00305314 -0.00489849 -0.00158786 7.04725e-05 0.0106135 -0.0185501 0.00059729 -0.0441172 -0.0125764 -0.0587751 -0.0014727 -0.004199 0.0053579 -3.07755e-05 0.0291765 -0.000834353 0.000430237 -0.00348565 0.00967483 0.0493392 0.0113818 -0.0154976 -0.0112341 -0.0235941 0.0293218 -0.00341061 -0.00050438 0.000262201 -0.000248046 -0.0155376 0.012247 -0.0300804 0.00339391 -0.00408613 0.000411129 0.00866779 -0.000124575 0.0683756 -0.0788901 0.0163532 0.000147839 -0.00019119 -0.00021801 -0.0161466 0.00195253 0.0167143 0.00682023 -0.00998724 -0.000645182 -0.00813638 -0.00477807 -0.0464661 0.00087199 -0.0353683 0.0175003 -0.00347389 0.00687055 0.0356428 0.0055411 -0.00512127 -0.00123354 0.00132946 -0.00195927 0.00247576 0.000109531 0.0075291 -0.00161874 -0.0117712 -0.00774207 0.03192 -0.00725938 
0.0183665 -0.0092501 -7.77648e-05 -0.00658937 -0.0182677 2.0655e-05 -0.0286482 0.000679364 0.0062966 -0.000274419 -0.0241167 -0.000180302 -0.00213798 -0.0220027 -0.00083631 -0.0107887 0.00467132 -0.00929666 0.017218 -0.00108657 -0.0117159 -0.000173838 -0.0194614 0.113744 0.000601644 0.0106519 -3.93637e-05 -0.000601958 -0.0195598 -0.00148158 0.00121524 0.00251226 -0.00119683 -0.00208437 -0.00138178 0.00326257 0.0385876 0.00889341 0.00122816 0.00320392 7.24041e-05 0.00212373 -0.000623751 -0.0240905 0.000205968 -0.00123741 -0.00145252 -0.00633326 -0.0349396 0.00264646 0.00297121 -0.00679929 -0.00563932 -0.0111739 0.00504753 -0.000431934 -0.00124499 -0.000205152 0.0361269 -0.00839645 -0.00734895 -0.0061376 -0.00164436 0.000350799 -0.0214991 -0.00023149 -0.0227928 0.0380341 -0.0293289 -0.000347689 -0.000120413 0.0244815 -0.00360863 -0.00109219 -0.00232436 -0.00578566 0.00541699 -0.00459308 -0.00310086 -0.00344582 0.0370023 -0.00141729 -0.00210078 -0.00638915 -0.00146441 0.000620627 0.019363 -0.0129749 -0.0108348 -0.000618252 0.0050485 -0.000908282 -0.00172737 -2.12676e-05 -0.00218918 -0.00193179 -0.008763 -0.00911107 0.00101659 0.0559896 
-0.00642243 -0.00110471 4.46097e-05 0.00349509 0.00272836 -1.44621e-05 0.00666261 0.00469951 -0.00117448 0.000139245 -0.00238345 5.702e-06 0.00186575 0.00470476 6.0587e-05 -0.00048132 0.00111043 -0.00165792 -0.00410692 0.000737178 0.00438057 -0.000336845 -0.0017311 0.000601644 0.019482 0.0053113 1.64085e-06 5.349e-05 -0.00148007 0.00256734 6.03097e-05 -6.46689e-05 5.53797e-05 -0.000666064 0.000852195 -0.000135953 -0.00297986 -0.00168619 -0.00393756 -0.000456536 -0.00080933 8.45798e-06 -1.37164e-05 -0.000581119 0.000604161 -0.000101536 -0.000290075 -0.00132369 -0.001367 0.000539159 0.00337194 -0.000216152 -4.14531e-05 -0.00252877 0.00022446 4.00506e-05 0.00153489 4.94806e-05 -0.00129528 -7.03047e-05 0.000147144 -0.000647977 -0.000145501 0.000864058 0.00269593 2.81748e-05 -0.000529191 0.00476549 0.00365843 4.59807e-05 -2.67934e-05 -0.0020285 0.00171147 -0.000347561 -0.000549121 -0.00476451 -0.00384149 -3.13038e-05 -0.000670128 -0.000435819 -0.00847864 0.00023418 -0.00463341 -0.00101508 -0.000215568 -0.00195966 -0.00265262 -0.00335648 0.00193909 3.69827e-05 -0.000213 0.000115882 -0.000132886 2.68013e-05 -0.000176284 0.000489132 0.00011188 -0.0016976 -0.00289798 -0.00195691 
-0.126697 -0.0397645 8.24916e-05 -0.00940795 0.0556526 -0.000292546 0.0140249 0.021748 0.00546573 -0.00150122 -0.0950128 -0.00121744 -6.32374e-05 0.087021 -0.00290701 -0.0555934 0.098868 -0.0431706 0.0417367 -0.00392499 0.102018 -0.00439058 -0.10241 0.0106519 0.0053113 0.24945 -8.51593e-05 -0.00229867 -0.0769188 0.00721804 0.00243684 0.000148658 -0.00363956 -0.0184039 0.0167773 3.06931e-05 0.0631973 0.0349043 0.0842282 -0.0076009 -0.00394368 -0.0066848 -0.00125698 -0.0630722 0.0013363 -0.00424181 -0.00407646 -0.0215139 -0.118805 -0.0175735 0.0320893 0.00926225 0.00915535 -0.0876777 -0.00260487 -2.13702e-05 -0.00133 -0.000701066 -0.00655544 -0.0257374 0.0542805 -0.0122333 -0.000672589 0.00164424 0.0089168 -0.00069842 -0.0422226 0.137352 0.0396502 -0.000626861 1.44473e-06 -0.014347 0.0275626 -0.0087298 -0.0145572 -0.00270802 0.0572165 -0.00644459 0.0130652 8.98609e-05 0.0283788 -0.00158814 0.0349122 -0.0388862 0.00598443 -0.0364723 -0.0609042 -0.058303 -8.25592e-05 -0.000140338 0.0022631 -0.00411478 -0.00709551 -8.52205e-05 -0.00669683 0.00277875 -0.0180749 -0.0220743 -0.0622115 0.0141552 
-4.10217e-05 -2.62095e-05 6.29941e-07 -3.13575e-05 9.55429e-07 1.38028e-05 -4.23444e-05 -1.58906e-05 0.000122359 5.79182e-08 2.91966e-05 5.15529e-06 4.79714e-06 -9.1916e-05 1.45789e-05 9.68556e-07 -9.77897e-05 -3.15771e-05 -0.00020498 3.34528e-05 -5.75048e-05 2.05719e-05 7.01692e-05 -3.93637e-05 1.64085e-06 -8.51593e-05 0.000406401 4.1937e-05 1.77462e-05 0.000134308 -1.14848e-05 3.32548e-05 3.26535e-06 0.000146292 7.99556e-05 7.05874e-06 -1.20678e-05 -7.43562e-05 -5.30521e-05 6.21669e-06 3.75651e-05 2.0961e-05 3.41485e-06 -7.65276e-06 2.86919e-05 -2.23155e-07 -4.28278e-06 1.37526e-05 -9.38675e-05 0.000110304 6.87401e-05 2.35022e-06 -3.69847e-05 2.99956e-06 2.72829e-05 -2.04993e-07 9.16125e-05 2.81574e-05 1.48852e-05 -2.2879e-05 -5.81612e-05 4.5729e-05 -3.57006e-06 1.82517e-05 -6.9763e-05 1.8244e-05 -6.96882e-05 -0.000142687 -8.39551e-05 2.81803e-05 9.72139e-06 0.000130645 3.88571e-05 3.06104e-05 0.00017602 -6.51217e-05 -0.000100008 -4.89555e-05 -1.7148e-06 6.46396e-05 -0.000232252 1.64938e-05 -0.000268696 1.99045e-05 2.15937e-05 -4.81462e-05 -3.25041e-05 -5.75897e-05 8.0648e-06 1.83587e-06 1.14948e-05 8.04811e-06 1.77642e-06 1.18527e-06 6.91417e-05 -8.8676e-06 1.17663e-05 1.40198e-05 -4.2983e-06 -1.35651e-05 
4.18223e-05 -0.000372143 -7.77732e-06 -0.000333731 -0.000253337 5.69265e-05 -0.000969125 -0.000213916 0.000515422 1.61486e-06 -0.000825555 -2.76451e-06 -8.38934e-05 -0.00194506 4.37064e-05 0.000749627 -0.00105139 -0.000387263 -0.00326911 0.000978799 -0.00126335 0.00132764 0.0022045 -0.000601958 5.349e-05 -0.00229867 4.1937e-05 0.00491312 0.000123809 2.9724e-05 -0.000161005 0.000563665 0.00128973 0.00393692 0.000191414 -1.88734e-05 -0.00255631 -0.0036976 -0.00120468 -4.09962e-05 0.000678751 0.000270979 6.10407e-05 -0.000650871 1.70376e-05 -3.56048e-05 -5.21207e-05 0.000117917 -0.00147189 0.00387947 0.00271253 0.000199348 -0.000482584 0.00215321 5.44102e-05 -2.32306e-05 -5.91478e-05 3.55161e-05 0.000157275 0.000466467 -0.00077705 -0.00016058 -4.81646e-05 -0.000132178 -0.00109423 0.000255167 0.000164979 -0.00271335 -0.00177508 0.000169723 8.39514e-06 0.00257585 -0.000280276 0.00352872 0.00220587 4.53823e-05 -0.00140868 -0.00075253 -0.000161695 0.000662287 -0.00284438 3.77141e-05 -0.00422857 0.00227684 -5.42842e-05 2.3632e-05 -0.000783299 -0.000814174 -0.000205287 -1.91531e-06 -2.36687e-05 -3.90998e-05 -5.88829e-06 -1.92244e-07 0.00262054 0.000474274 -0.000329081 0.000945796 -0.00040092 -0.00049445 
0.0622067 0.0354243 -6.18475e-05 0.0135289 -0.0346743 -7.70727e-05 0.0143754 -0.00409711 -0.00948048 5.71685e-05 0.0834352 0.000709749 -0.00163354 -0.0267086 -0.000967438 0.0440174 -0.0519266 0.0171708 -0.0364293 0.00415999 -0.0436292 -0.00297965 0.0592908 -0.0195598 -0.00148007 -0.0769188 1.77462e-05 0.000123809 0.154755 -0.000373518 -0.00551502 -0.00163685 -0.00143315 -0.00016566 -0.0110121 -0.00143465 -0.0506592 -0.0106423 -0.047042 0.004135 -0.0111365 0.00511758 0.000572481 0.0423465 -0.000668534 0.00245811 0.000288771 -0.0102902 0.0646492 0.00144995 -0.0236198 -0.00886383 -0.0117992 0.0482256 -0.000878627 -0.000176999 0.000472593 -7.32972e-05 -0.0117442 0.0053389 -0.0279837 0.0166943 -0.00238211 0.00119724 -0.00345022 -0.000446224 0.0310938 -0.0859488 -0.00666039 0.00101456 -0.000174302 -0.0135398 -0.0107944 -0.00118181 -0.00578235 -0.00686875 -0.0486067 0.0323337 -0.00680686 -0.00663318 -0.0544621 7.39293e-05 -0.00378338 0.00943656 -0.0022716 -0.0131418 0.00158611 0.0485952 0.00790448 0.000387582 -0.00371486 0.00273303 0.00869657 -0.000124548 -3.22328e-05 -0.0037049 0.00895571 -0.0144903 0.0311458 -0.0234012 
-0.00830135 -0.00162203 1.43482e-05 -0.000575673 0.00150481 9.32027e-05 0.00615845 0.00448117 -0.000124706 -1.90175e-05 -0.00117683 0.000145976 0.000198779 0.00250977 0.000745708 -0.0016361 -0.00240361 -0.00188841 -0.00486166 0.000156168 -9.50634e-05 -0.000162974 -0.00305314 -0.00148158 0.00256734 0.00721804 0.000134308 2.9724e-05 -0.000373518 0.0257869 -0.000505793 0.000536603 -1.56219e-05 0.000431357 0.00722986 0.000738757 0.00389544 0.000114368 0.00166543 -0.000662987 -0.000307111 -0.000788349 0.000173513 -0.00117478 0.000739909 -0.000170906 -0.000347616 -0.000798762 -0.00723041 -0.000254229 0.00446077 0.00272042 -5.64431e-05 -0.00325575 0.000473866 2.7222e-05 0.00148704 0.000273984 -0.00154554 -7.59053e-05 -0.00219633 0.00372678 -0.000259656 0.00223134 -0.000536876 0.000221234 -0.00365346 0.00276013 0.000924064 0.000348821 -4.76555e-07 -0.00167404 0.00259796 -0.000300841 0.000825509 -0.00301981 -0.00168742 -0.00245889 0.000432932 0.000867381 -0.0109342 -7.96613e-05 -0.00550588 -0.00188269 0.000525711 -0.0026757 -0.0031429 -0.00378768 -0.000149393 0.000499973 0.000136068 -0.000153402 -0.00034453 6.60905e-05 -0.000137768 0.000474712 0.00262282 -0.000936278 -0.00211223 -0.00337879 
-0.00453719 -0.00277314 -1.11182e-05 0.00130859 -0.000124388 3.52261e-05 -0.00441419 -0.00135281 -1.57409e-05 -8.34826e-05 -0.00653429 -3.67595e-05 0.000896488 0.00712334 -0.000168613 -0.00378401 0.00471104 -0.00285855 0.0021941 -0.000316078 0.000854937 0.000515529 -0.00489849 0.00121524 6.03097e-05 0.00243684 -1.14848e-05 -0.000161005 -0.00551502 -0.000505793 0.0335957 -0.000233394 -0.000179802 -0.00143433 -0.00167299 0.000918016 -0.00237048 0.00335798 0.00209783 -0.000419147 -0.00104899 -0.000816634 1.97295e-05 -0.00179362 -8.29471e-05 8.33491e-05 -0.000308207 -0.000185259 -0.00415981 -0.00128187 -0.000870981 -0.0015746 -0.00173168 0.00240346 -0.000149951 6.7383e-06 0.000348001 -3.98954e-05 -0.00257421 -0.00207469 0.0049677 -0.00162562 -0.000360793 -0.00041528 -0.00400475 -8.86899e-05 -0.00278228 0.00506004 -0.0064265 0.000209735 -2.29538e-05 -0.00185204 -0.000806944 0.000118925 -0.000654028 -0.000555951 0.00841739 -0.00164759 -0.000174566 -0.00139353 0.00599208 -0.000220292 0.00067253 -0.00102588 -0.000333419 -0.00197227 -0.00247379 -0.00137786 -0.00263533 -0.000233256 -0.00059768 0.000945149 0.000516624 -1.48621e-05 -0.000491604 -0.000794494 -0.000105895 0.00081107 -0.00242019 0.00872027 
-0.00108027 -0.000376305 -1.31616e-05 -0.000979173 -0.00142885 8.07709e-05 -0.00207409 -0.000450097 0.00169622 -7.06485e-07 -0.00109336 2.94753e-05 -0.000117109 -0.0030799 0.00120317 -0.000751165 0.000861993 -0.000689572 -0.000852968 0.000116368 -0.00159918 0.000654035 -0.00158786 0.00251226 -6.46689e-05 0.000148658 3.32548e-05 0.000563665 -0.00163685 0.000536603 -0.000233394 0.0101721 0.000986137 0.00150534 0.00179706 0.000250443 -0.000745314 -0.00400672 -0.000650268 0.000321347 0.000140141 -0.000208647 7.85044e-05 -0.00121883 0.000776537 -7.13832e-05 -5.98121e-05 6.12979e-05 -0.00264702 0.00118851 0.00246871 -7.32822e-05 0.000541481 -0.000490487 0.00173253 1.13231e-06 4.13271e-05 0.000235845 0.00232208 -0.000779656 -0.00118888 0.000229279 -7.18017e-05 -0.000276903 -0.00213031 0.000223512 -0.00131147 0.000320349 -0.00337441 0.000356021 1.76075e-05 0.00366923 2.84366e-05 0.00140826 0.00107441 -0.00156201 -0.00182592 -0.000984518 -3.03722e-05 0.00146895 0.000983789 -2.47785e-05 -0.0017212 -0.000126604 0.000105653 0.000532363 0.000640259 -0.00150241 -0.0010302 -3.85758e-05 0.0020848 -3.3435e-05 -6.03161e-05 4.84492e-05 0.00018035 -0.000138173 -0.000643503 -0.000519854 -0.00104268 0.00226974 
0.000305634 -0.000485054 4.90527e-05 -0.000696823 0.00160278 4.1028e-05 -0.00196542 -0.000601802 0.000463547 0.000150696 -0.00182377 1.72835e-05 0.000518678 -0.00154969 -0.000147801 -0.000412098 0.000286929 -0.000755603 -0.00281305 8.56584e-05 -0.000815981 0.00216039 7.04725e-05 -0.00119683 5.53797e-05 -0.00363956 3.26535e-06 0.00128973 -0.00143315 -1.56219e-05 -0.000179802 0.000986137 0.00985202 0.00340001 0.00108038 6.16139e-05 -0.00354234 -0.0069947 -0.000286764 -8.39789e-05 0.00106451 -0.000311311 0.000208613 -0.000307318 8.6556e-06 -6.49863e-05 5.93942e-05 -0.000681956 -0.00160476 0.00292938 0.00456192 0.00310916 0.0020089 0.00212192 -0.000168877 3.59717e-06 0.000414439 9.96559e-05 0.000124416 0.0015213 -0.000374138 -0.000222127 -0.000108741 -6.80864e-05 0.00011686 0.0010018 0.00318794 -0.0054605 -0.00299727 9.23646e-05 1.45974e-05 0.00131136 -0.000294559 0.00350373 0.0013449 0.000235672 -0.00010183 -0.00140658 0.000267907 0.000412181 -0.00421827 0.000205331 -0.00574875 0.00330219 -7.75543e-06 0.000863543 -0.00142725 -0.00169852 -0.000750199 -5.3078e-05 -7.15677e-05 6.1805e-05 -0.000130959 -4.71762e-06 0.00186782 0.000462964 0.000338956 0.000484067 -0.00116669 -0.00090191 
0.0158934 0.00299786 5.81898e-06 -0.00266719 -0.00630351 0.000290686 -0.0127027 -0.00214384 0.0136986 -0.000130942 -0.00404761 0.000317297 -0.000921358 -0.0192226 -0.000390093 0.0066958 -0.0106421 -0.00203154 -0.00253929 0.00128645 -0.0146399 0.00524727 0.0106135 -0.00208437 -0.000666064 -0.0184039 0.000146292 0.00393692 -0.00016566 0.000431357 -0.00143433 0.00150534 0.00340001 0.0542831 -8.98243e-05 1.09533e-05 -0.00521041 -0.0134043 -0.00841517 -0.000124986 0.00483053 0.000770488 0.000608442 -0.00639547 -8.68755e-05 -0.000415328 -0.000380442 0.0063914 -0.00333851 0.0149794 0.0145658 -0.000676513 0.00882308 0.012309 -0.000307419 -0.000273181 0.000426565 8.81258e-05 0.00448773 0.000665539 -0.00880697 0.00241742 0.000403402 -0.000293895 -0.014325 0.000834131 -0.00164207 -0.0231046 -0.0205019 3.85079e-05 0.000424764 0.0182326 -0.00147029 0.00920259 0.013416 0.0017738 -0.0122044 -0.00708994 -0.00194491 0.000202345 -0.00580355 -0.000392136 -0.0227757 0.0111181 -0.000651127 -0.00429062 -0.00198752 0.000542536 -0.0046895 -0.000417917 0.000567516 -0.000323929 -0.000694713 1.91641e-05 0.00742358 0.000368246 0.00235607 0.00175846 0.00928537 0.00357474 
