0.0478654 -2.70275e-05 0.000144349 -0.000554078 3.64375e-05 -0.00532375 -0.000721448 8.34758e-05 0.00200901 -0.00183237 -0.00139962 -0.00448434 0.000346717 0.00816159 -0.000608688 -0.013526 0.000248245 0.00255244 0.000436506 -0.00102758 -0.001726 -0.000298719 0.00249305 3.05117e-05 -0.00527142 -0.00017331 -0.00168743 0.000301546 -0.00028392 -0.00445412 0.00143651 -1.29557e-05 -0.000229957 -0.000905919 -0.00304152 -0.00121408 -0.00900145 -1.28301e-05 0.00728672 -0.00119747 0.000230296 0.000988813 0.000340053 0.00195642 -0.000904133 0.00171601 0.000443794 -0.00934324 -0.00215481 -0.000352071 0.00637072 -0.00638132 -2.56154e-05 -0.000763418 0.00288687 0.00429885 -0.000272573 -0.00088517 1.8844e-05 -0.00285294 -4.5174e-05 -0.00137376 -0.00276649 0.00155188 0.00648711 0.00107106 -0.00138785 0.000369595 -0.000199012 -0.000692439 -0.00909625 0.000733785 -4.19844e-05 -0.000250904 -3.33327e-05 0.00258537 0.0108313 -0.000377552 0.00666771 7.9393e-05 0.00494629 -0.0133025 -0.00453175 -0.0025139 -3.07579e-05 -0.00217033 0.000149437 0.00597994 -0.000580596 3.76393e-05 0.000525866 -0.000966094 0.000478865 -3.34386e-05 -7.77568e-05 -0.0140293 0.00180147 4.54245e-06 0.000496203 -2.81724e-05 
-2.70275e-05 0.0161131 3.72435e-05 0.000173896 3.55195e-05 0.000432832 0.00426679 0.000194574 0.00219527 0.000638265 0.000554219 0.00114165 -8.82965e-05 -0.00223768 -0.000455996 -0.00444328 0.00310529 -0.00651625 -0.000485377 -0.000180758 0.00919218 0.000788713 -0.00148801 2.19181e-05 0.00534073 0.00187689 -0.000663232 0.000455183 8.31734e-06 -0.000337368 -0.00214757 0.000118083 -9.11799e-05 2.51758e-05 0.0028356 0.000309507 -0.00331258 0.000108681 -0.00104543 -0.000883589 0.00141275 -0.00681934 7.84406e-05 -7.27846e-05 0.000984995 0.000243543 0.000329434 0.00426006 -0.000501621 0.000115626 -0.00158361 0.00428513 3.52656e-05 -0.00741042 -0.00116155 0.000486725 -0.000103289 -0.000186002 2.13906e-05 -0.00117374 1.94773e-05 0.000348859 0.00256443 0.00164656 0.00516211 -0.00204772 0.00656345 0.000619048 0.000148144 0.00128948 0.00392589 -0.000608284 -7.75322e-05 0.00285069 3.12769e-05 -0.000248045 -0.0098819 -0.000935635 -0.0090569 -1.9949e-05 -0.00852893 -0.00669448 0.00191858 -0.000727871 -2.98565e-05 -0.000526638 0.000199546 -0.0059416 -0.00110659 1.98777e-06 -6.0556e-05 -0.00095078 -5.50627e-05 -4.28476e-07 -7.05042e-06 0.00095438 -0.000257366 7.11673e-05 0.000556697 8.4401e-05 
0.000144349 3.72435e-05 0.00133109 5.22098e-05 2.23239e-06 9.14328e-05 5.44672e-05 5.52345e-07 -3.85258e-05 -0.000187541 3.54068e-05 -3.03169e-05 1.58136e-05 -0.000238333 -5.54697e-05 -0.000455151 2.64068e-05 -0.000201486 5.6708e-05 -2.00921e-05 2.74373e-05 -9.21713e-06 -0.0001118 3.61088e-07 -0.00050042 2.83166e-05 -5.50517e-05 -8.81667e-06 5.6233e-06 -0.0001372 3.87387e-05 6.67209e-06 3.80244e-06 -2.74466e-05 -2.85377e-05 -3.69197e-05 1.3343e-05 -2.05215e-06 -1.80533e-05 0.000481787 -3.41429e-05 -0.000164658 -9.56854e-07 -1.95598e-05 -1.7354e-05 5.81166e-06 7.05385e-05 -0.000347531 -5.28549e-05 3.07084e-05 5.82493e-05 -0.00012397 2.21208e-06 0.000158402 0.000179365 6.93589e-05 -9.24568e-06 4.63531e-05 -2.76438e-06 -0.00021498 1.34695e-05 3.50558e-05 4.59635e-05 0.000111347 4.35757e-05 0.000204256 0.000130829 -1.75095e-06 -3.20756e-06 1.10067e-05 -0.000152936 -6.81844e-05 3.70193e-05 0.00016242 4.2044e-06 -2.42427e-05 0.000170248 -9.28987e-05 0.000135154 -3.43548e-06 2.5688e-05 -0.000269296 0.000136762 0.000194982 3.40319e-05 -0.000151571 -3.07357e-06 -3.03617e-05 -2.59617e-05 2.30462e-06 -5.63897e-06 -8.89217e-05 1.29018e-05 5.37431e-06 3.60166e-06 -0.00051674 -4.56668e-05 1.97889e-05 9.80814e-06 9.55052e-06 
-0.000554078 0.000173896 5.22098e-05 0.0154275 0.000185773 -0.00813335 0.00193834 3.95876e-05 0.000506672 0.00186805 7.80372e-05 0.00710358 3.37466e-05 -0.00290954 -0.00023719 -0.00534007 0.000787704 -0.00840165 -0.000111856 0.00518051 0.00840298 0.000975071 -0.00152337 0.000318329 0.000623691 0.00242533 0.00119786 0.00178379 0.00392112 0.00101868 -0.00185935 0.000145114 0.00259089 -0.000596592 0.00302738 0.000123668 -0.00175757 5.27512e-05 -0.00116708 -0.00066521 -0.000366056 -0.0101197 0.00109077 -0.000440933 0.00399847 -0.000208981 0.000581605 0.0011573 -0.000589192 -1.95745e-05 -0.00104128 -0.00546804 0.000257876 -0.00854456 0.000532229 -0.000507363 -1.64657e-05 0.00718248 0.000974108 0.00234284 -4.94383e-05 0.00551056 0.00562584 -0.00697907 0.000285523 0.00042752 0.00159929 0.000540773 0.000421702 0.000181735 -0.00336404 -0.000606808 -9.89066e-05 0.00142001 2.33388e-06 -0.000401105 -0.00910093 0.00180184 -0.00612681 0.000187231 -0.00622057 -0.00523005 0.00531132 0.00167862 6.48824e-05 0.0003541 1.59095e-05 -0.00984857 0.00666156 -2.60578e-05 0.000253719 0.00051905 -5.30811e-05 6.14883e-06 0.000105052 -0.0025898 -0.000164184 2.87585e-06 -6.97312e-05 0.000430726 
3.64375e-05 3.55195e-05 2.23239e-06 0.000185773 0.00112483 -0.000554729 -6.65814e-06 6.99211e-06 9.10014e-05 -0.000221108 -3.75233e-05 -4.62576e-05 5.57722e-05 3.16756e-05 -9.01505e-06 -0.000553959 0.000175628 -0.000164945 0.00022908 0.000199059 0.000120404 0.000105518 -8.77929e-05 5.21238e-05 -0.000342027 0.000103396 -6.13412e-06 -6.00574e-06 5.25069e-05 -9.7018e-05 8.11522e-05 4.74747e-05 7.94898e-05 -4.25104e-05 -2.96322e-05 1.90443e-05 -6.9509e-05 1.61348e-05 -8.37968e-06 0.000138458 -7.8588e-07 -0.000260082 3.29325e-05 0.000354321 0.000242589 0.000219035 3.82242e-06 -0.000394897 6.7138e-05 0.000254709 0.000390648 -0.000568804 1.47881e-05 -0.00018869 0.00036145 -2.66032e-05 -5.53384e-06 4.5159e-05 4.9951e-05 -8.56266e-05 0.000104027 -1.05064e-05 -8.17412e-05 -0.000214622 0.000218212 0.000465069 -0.000208378 6.54756e-05 0.000181599 -1.5268e-05 -0.000373416 9.82642e-09 6.92179e-06 -1.98165e-05 1.31584e-05 -1.24935e-05 -0.000285774 -3.37168e-05 -0.000294554 -1.14476e-06 -0.000232513 -0.000511697 0.000105092 -5.50576e-05 0.000118101 -7.03406e-05 3.6911e-05 -0.000115207 -2.12925e-05 8.32599e-06 0.000136113 0.000133601 9.44289e-06 5.41138e-05 2.6968e-05 -0.000439366 3.94547e-05 1.10233e-05 3.57016e-06 4.76926e-05 
-0.00532375 0.000432832 9.14328e-05 -0.00813335 -0.000554729 0.187481 -0.000219043 -0.00143714 -0.0036483 -0.0235401 -0.0116859 0.00144675 -0.0151114 -0.109184 0.00376056 0.0162257 -0.00159727 0.0622106 -0.0160621 -0.0178922 -0.00382059 -0.00792876 -0.00744645 -0.00307226 0.0475429 -0.00293976 0.000663752 -0.00273631 -0.00421251 -0.0305669 -0.0240254 0.000296493 -0.007657 -0.0266711 -0.00342798 -0.012332 -0.00770966 -0.000408341 0.00158269 0.00329946 -0.0198092 0.070542 -0.000387819 -0.00774883 -0.0097151 -0.00813702 -0.00229506 -0.0221503 -0.0345382 -0.0115856 -0.00468731 0.098018 -0.000758663 0.0842464 -0.0136645 0.00104622 -0.0025619 -0.00522556 -0.00189576 -0.0470737 -0.00143796 -0.00547656 -0.00908168 0.0689952 -0.00897788 -0.0185038 0.0357938 -0.000788216 0.000425257 -0.00312764 -0.0396647 -0.0341932 -0.00212991 -0.00988044 -0.00260771 1.60448e-05 0.0234112 -0.0115831 0.0473207 -0.00244648 0.058231 -0.00989282 0.0242689 0.00347859 -0.00167769 -0.0711241 -0.00172703 0.0243411 -0.0791013 -0.00052138 -0.00445523 -0.0370533 0.000390793 -0.000776682 -0.00130931 0.0700012 -0.0249486 -0.000955874 -4.53534e-05 -0.000493828 
-0.000721448 0.00426679 5.44672e-05 0.00193834 -6.65814e-06 -0.000219043 0.0188535 1.8335e-05 -0.000428391 -0.00228801 0.00306577 0.00805707 -0.000330496 -0.00422313 -0.000667808 -0.00377884 0.00322321 -0.011072 -0.000599208 -9.15218e-05 0.0100881 0.000627632 -0.00260361 -5.61488e-05 0.00170593 0.00166312 0.00025518 0.00336984 0.000640814 0.00313174 -0.00281211 0.000367247 0.000339109 -0.000226203 0.00618786 -0.000199391 -0.00569574 -4.62058e-05 -0.00149571 -0.00108162 -0.000597843 -0.00912798 0.000610816 -0.000161194 0.00074552 -0.000102438 0.000248318 0.00732971 -0.000651351 -0.000205713 -0.00203751 0.00473167 9.29118e-06 -0.00923952 -0.0015151 -0.000303063 -7.28886e-05 0.00169693 0.000131675 -0.00163508 9.61604e-05 0.00528178 0.0061115 0.000961443 0.00137742 -0.00220694 0.0124242 1.51283e-05 0.00021059 0.000705932 0.000605883 -0.000554115 -0.00015125 0.00384746 -2.69406e-07 -0.000529662 -0.0110319 9.80184e-05 -0.00571153 2.9876e-05 -0.00852129 -0.00991624 0.00587679 -0.000449292 -8.51845e-05 -0.00111762 -5.2174e-05 -0.0122265 -0.000316939 -2.77719e-05 -0.000138038 -0.00079282 -3.10081e-05 -2.02525e-05 2.75353e-05 -0.00203612 -0.000960697 -4.65755e-05 8.91e-05 0.000100304 
8.34758e-05 0.000194574 5.52345e-07 3.95876e-05 6.99211e-06 -0.00143714 1.8335e-05 0.00345825 0.00111274 -0.000826788 0.000123433 -1.72663e-05 0.00130832 0.0010867 0.000108725 -5.91762e-05 -3.9452e-05 -0.00155637 2.85174e-06 0.000102675 2.19458e-05 0.000692663 8.79956e-05 7.33987e-05 -0.000151872 0.000275094 4.30228e-05 0.000240747 9.61471e-05 0.000672858 -3.97678e-05 -3.7204e-06 4.08885e-05 0.00069829 1.22837e-05 0.00041933 -0.000707174 9.6507e-07 0.000588787 -0.000169807 0.000806097 -0.00128194 5.75673e-05 -8.72619e-05 -6.71853e-06 1.60085e-05 1.88896e-05 -0.000183714 4.56206e-05 0.000169456 -0.000331652 -0.000943066 4.32926e-07 -0.0012551 0.000145344 0.000671057 2.8137e-05 -3.94844e-05 2.47484e-05 -0.000600535 0.000531985 -4.7672e-05 -0.000312836 -0.00203304 0.000430532 -0.000447845 -0.000469553 -4.47029e-05 4.45561e-05 -7.93152e-05 0.000772992 0.0014068 -1.7376e-05 0.000157551 0.000132372 0.000199347 -0.000838212 -7.83583e-05 -0.00152413 6.15534e-05 -0.00131328 -0.00112101 -0.000239583 1.45555e-05 0.000135089 0.00168568 0.000143213 -0.000552254 -0.000135416 4.97812e-06 0.000231368 0.000127657 4.62002e-05 -1.26885e-06 2.56261e-05 -0.000674765 -0.000115568 1.21888e-05 2.42034e-05 7.58801e-07 
0.00200901 0.00219527 -3.85258e-05 0.000506672 9.10014e-05 -0.0036483 -0.000428391 0.00111274 0.0452688 0.00286046 0.000418473 0.00453847 0.00568834 0.00649461 0.00216105 0.00576659 0.000274855 -0.00448793 -0.00144897 -0.000773093 0.00247078 0.00188298 0.0141934 0.0006367 0.0080931 0.00133574 0.000335219 -0.000527564 0.000163923 0.00795156 0.000839972 0.000165852 -0.000342702 0.00291893 0.00104431 0.00259888 -0.00516314 0.00120994 0.00222231 -0.000814457 0.00261028 -0.00447595 -1.2738e-05 -0.000673439 -0.000865044 4.1295e-05 0.00073329 -0.00525887 0.00120966 0.0002827 -0.000946791 -0.00697986 -3.80904e-05 -0.0212721 -0.00118986 -0.00143797 -0.000133591 -0.000726563 -2.00953e-05 -0.00526663 0.00120439 -0.00118143 -0.00577792 -0.00323338 0.00376066 -0.00527521 -0.00174337 -0.000678223 0.000110908 -0.000552223 -0.00078408 0.00491936 0.000107943 -0.00399853 0.000427321 0.0004194 -0.0202731 -0.000574725 -0.0166865 -0.000125399 -0.00861632 0.00484861 -0.00349657 0.0016259 -2.41507e-05 0.00559281 0.000171219 -0.0128319 -0.0041061 -4.50116e-05 0.00108153 -0.00178558 -0.000145997 -1.57008e-06 0.000155785 0.000306893 0.00154418 -0.000209603 0.000426593 8.7015e-05 
-0.00183237 0.000638265 -0.000187541 0.00186805 -0.000221108 -0.0235401 -0.00228801 -0.000826788 0.00286046 0.201635 0.0116299 0.00297997 -0.0035416 0.00873306 -0.00223974 -0.0580329 -0.00329913 -0.0465324 -0.00640317 0.00436404 0.00248897 4.50631e-05 0.0133981 -0.000847743 0.00781669 -0.00154114 -0.0105751 -0.001807 -0.000688986 0.017255 -0.0270645 -0.000258889 0.00502275 -0.00241842 0.00037776 0.00601192 0.0517049 0.00320296 -0.00264057 -0.0117033 -0.00173116 -0.0332937 -0.000669956 0.00514541 0.00492659 -0.00186333 0.00363116 0.0139988 -0.00431263 -0.00433975 -0.00782873 -0.0102727 -5.87625e-05 -0.0614333 -0.0219939 -0.00448985 0.00228286 0.00695632 -0.000174855 0.065402 -0.000741316 0.011263 0.0370541 -0.00455172 0.00693579 0.00804252 -0.0135739 0.00936978 -0.0010861 0.00979718 0.0586005 -0.021072 0.000357663 0.0442162 0.000821986 0.000124058 -0.0826206 -0.0123373 -0.0378726 -0.000734437 -0.0527057 0.0134798 -0.0254057 0.0142722 -0.00132658 0.0112788 -0.000482338 -0.0749958 0.0219857 0.000543132 -0.00190205 0.00163204 -0.000656562 -0.000212948 -0.000287616 -0.00123144 0.000940856 0.000217708 -0.00100608 0.000447154 
-0.00139962 0.000554219 3.54068e-05 7.80372e-05 -3.75233e-05 -0.0116859 0.00306577 0.000123433 0.000418473 0.0116299 0.0351207 0.00593222 0.000191735 0.00760584 -0.000349583 -0.00323074 -0.000436078 -0.015292 -0.00095104 0.000467318 0.00247123 -0.000130553 -0.0021275 -7.00445e-05 -0.00722159 -8.89571e-05 -0.00145539 0.000496375 1.19933e-05 0.00438543 -0.00102763 0.000177629 0.000532757 -4.24949e-05 -0.000260679 0.00138842 -0.000924633 -5.09977e-05 -0.00243385 -0.00206424 0.000182393 -0.0166628 4.16377e-05 -0.000231718 0.00187664 -0.000388796 -0.000164022 0.0122282 0.00316945 -0.000457082 -0.00372129 -0.0046199 0.000134823 -0.022894 -0.00235654 -0.000865839 0.000345023 0.00393911 -6.38e-05 0.00844679 7.49136e-05 0.00898567 0.0196676 -0.000898189 0.00268412 -0.00416756 0.00166837 0.001129 -0.000161938 0.00278058 0.0128819 0.00473603 -0.000227346 0.0110992 0.00147703 -0.00089345 -0.0205981 -0.00170268 0.00141776 0.000241929 -0.0182433 -0.00643134 -0.00514959 0.00198718 -6.50529e-05 0.00433183 3.52716e-05 -0.0187939 0.00563972 4.38755e-06 -0.000207742 0.00499411 -6.98007e-05 -3.03488e-05 -2.55258e-05 -0.00831622 -0.00129596 -0.000135225 -4.95597e-05 0.000282088 
-0.00448434 0.00114165 -3.03169e-05 0.00710358 -4.62576e-05 0.00144675 0.00805707 -1.72663e-05 0.00453847 0.00297997 0.00593222 0.108698 0.000814657 -0.0173888 0.00184853 0.00972355 0.00181897 -0.0287853 -0.00309222 0.00447452 0.0170672 0.00105079 -0.00410191 -0.00018523 0.0132336 0.00226693 -0.000854247 0.00263211 0.00253772 0.00506528 -0.0158213 8.7347e-06 0.00207267 0.000529216 0.0234724 0.00368857 -0.0336618 0.000493411 -0.00763963 -0.00593852 -0.00271807 -0.0156654 0.00141325 -0.00197753 0.00589482 -0.00141257 -0.000399488 0.0169851 -0.00509418 -0.00112114 -0.0124773 0.011844 8.5862e-05 -0.0117255 0.00449284 -0.00467094 -0.000524559 0.0106888 0.000167375 -0.0118462 -0.000530644 0.0127567 0.0182074 0.00713708 0.00192203 -0.0122554 0.038431 -0.000361046 0.000398285 0.00294351 -0.0227426 -0.0011092 -0.000642535 0.00235994 0.000638716 -0.0027628 -0.0378839 0.00986338 -0.00999744 0.000118464 -0.00978809 -0.0360773 0.0251708 0.00490572 -0.000160374 -0.00400945 -0.000299627 -0.0442293 -0.00360694 -0.000191489 -0.000365587 -0.006076 -0.000430653 -4.1055e-05 0.000162937 -0.0201757 -0.00317311 -0.000548894 -0.000230821 8.57302e-05 
0.000346717 -8.82965e-05 1.58136e-05 3.37466e-05 5.57722e-05 -0.0151114 -0.000330496 0.00130832 0.00568834 -0.0035416 0.000191735 0.000814657 0.0258048 0.013251 0.000155457 0.000828396 0.000162723 -0.0156547 0.00407808 0.000673972 -0.000902552 0.00264219 0.00203257 0.00145194 -0.00335679 0.000996546 0.000146527 -0.000113002 0.000465759 0.00858618 0.00884542 1.57224e-05 -0.000158182 0.00518939 -0.000415705 0.00264358 -0.00113714 0.000626963 -0.000295832 -0.00119232 0.00442631 -0.0129849 6.75754e-05 -0.00076926 0.000307458 0.00155834 0.000339906 -0.00297531 0.00910131 0.00531327 -0.00284127 -0.0102822 2.57087e-07 -0.00647057 0.00394506 -0.000753826 0.000220705 -0.000521715 7.28183e-05 -0.00398521 0.00133814 -0.000579584 -0.00150896 -0.00942953 0.00153037 0.000174367 -0.00454818 -0.00034169 0.000241955 -0.000228637 0.00799235 0.015617 0.000109697 -0.00260221 0.000550392 -0.000569282 -0.00663544 -0.000803779 -0.0146635 -5.0317e-05 -0.0146226 0.00220083 -0.00487321 -0.00157535 1.93906e-05 0.00928335 0.000255538 -0.00334012 0.00554323 -3.079e-05 0.00123421 0.000274468 -9.04436e-05 0.000127512 0.000235734 -0.00922627 0.000482575 3.54229e-05 -4.4344e-05 -5.33566e-06 
0.00816159 -0.00223768 -0.000238333 -0.00290954 3.16756e-05 -0.109184 -0.00422313 0.0010867 0.00649461 0.00873306 0.00760584 -0.0173888 0.013251 0.198605 -0.00970534 0.003007 -0.00112024 -0.0476722 0.0124145 0.00302254 -0.0104403 0.00475037 0.0380836 0.00242726 -0.058933 -0.000337136 -0.0115294 0.000772727 8.57158e-05 0.0225281 0.0356188 -0.000585779 0.00109837 0.0204006 -0.0119661 0.0029502 0.00895741 -0.001541 0.00545137 -0.00917677 0.0222594 -0.0443811 -0.00025778 0.00977999 -0.00199016 0.00772624 0.00129221 0.00564883 0.0356977 0.0106892 0.0219572 -0.123377 0.000342749 -0.0817014 0.0212759 -0.00183222 1.12808e-05 -0.00504798 0.000496846 0.0330545 0.000130644 -0.00398991 -0.00344894 -0.0436501 0.00993649 0.0120466 -0.0602337 -0.00311481 -0.00141679 0.00414455 0.0487763 0.0427142 0.000799912 0.0088578 0.0019482 -0.00329755 -0.00382027 -0.00274144 -0.0271402 0.000826559 -0.0616374 0.0167515 -0.0496806 -0.00775967 0.00125163 0.0623034 0.00153124 0.00310996 0.0679586 0.000309875 0.00345304 0.0372991 -0.000706774 -3.95372e-05 0.000652917 -0.0929573 0.0243993 -0.000460604 -0.000766603 -0.000333377 
-0.000608688 -0.000455996 -5.54697e-05 -0.00023719 -9.01505e-06 0.00376056 -0.000667808 0.000108725 0.00216105 -0.00223974 -0.000349583 0.00184853 0.000155457 -0.00970534 0.0426575 0.0060388 -0.000754942 0.00275745 -0.000940492 0.00228109 -0.000842317 -0.000243754 -0.00255212 7.22124e-05 0.0183466 -0.000212943 0.00171796 -0.000174372 -4.34037e-05 0.000688178 0.00143974 1.84423e-05 -0.000415621 -0.00129109 0.0037382 0.00153473 -0.00898309 0.000662463 0.00966624 -0.00194153 -0.00130761 0.00300231 0.000146917 -0.00124231 -0.00046107 -0.000416812 -0.000137412 -0.0168498 -0.000591031 -0.00030831 -0.00189694 -0.0023386 -3.1501e-05 0.00594569 -0.00306269 -0.00117093 -6.60816e-05 -0.000860713 -3.97294e-05 -0.00625505 0.000398871 -0.00127897 -0.00529325 -0.0114602 -0.00231509 -0.00562432 -0.00532853 0.00101101 0.000507024 -0.000657235 -0.0121427 -0.0019694 -0.000268437 -0.00328625 -7.16589e-05 0.00707642 -0.00605291 0.00667293 -0.0111443 0.000530166 0.00678646 0.0039307 -0.00583494 0.00142919 -3.71154e-05 -0.00299372 -9.36597e-05 -0.000505632 -0.00600521 -3.94789e-05 0.000324032 -0.000300229 0.000401488 -6.07721e-05 4.12996e-05 0.0168593 -0.0023406 -0.000167716 0.00036165 -4.60245e-05 
-0.013526 -0.00444328 -0.000455151 -0.00534007 -0.000553959 0.0162257 -0.00377884 -5.91762e-05 0.00576659 -0.0580329 -0.00323074 0.00972355 0.000828396 0.003007 0.0060388 0.205856 -0.0117603 0.0219092 -0.00232924 -0.00321677 -0.0166142 -0.00189079 0.0114349 0.000190137 0.0214045 -0.00166086 0.0125521 -0.00801773 -0.00178239 0.00321636 0.0265442 -0.000235079 -0.00301222 0.0128618 0.00274735 0.00181516 -0.0330901 -0.001728 0.0168075 -0.00704139 -0.0036408 0.0330131 -0.00258311 -0.0125123 -0.00369978 -0.00100231 -0.00108858 0.00824804 0.0100844 0.00205658 -0.0269968 0.00391963 -0.000546447 0.00751044 0.00387028 -0.00745382 -2.02079e-05 -0.00824382 -0.0014341 -0.0305706 0.000428438 -0.0162163 -0.0347727 -0.0266991 -0.0307813 -0.0469431 -0.0125401 -0.0114231 -0.00126308 -0.00119287 -0.0070075 0.00543211 -0.00326856 -0.0105752 -0.00099433 -0.00209226 -0.00767589 0.0185571 -0.0306852 -0.000777792 0.0313358 0.044899 -0.0196222 0.00196615 -0.000405509 0.0134289 -0.001073 0.0172997 -0.0244993 -0.00101211 -0.00183288 0.00548848 0.000273681 -0.00108213 0.000103646 0.0100591 -0.015305 -0.00276757 -0.00157581 -0.00122834 
0.000248245 0.00310529 2.64068e-05 0.000787704 0.000175628 -0.00159727 0.00322321 -3.9452e-05 0.000274855 -0.00329913 -0.000436078 0.00181897 0.000162723 -0.00112024 -0.000754942 -0.0117603 0.0234906 -0.00798277 0.00117914 0.000192659 0.00787486 0.000118372 -0.00286279 3.25948e-05 0.00241856 0.00119501 -0.00101205 0.000818444 5.56563e-05 -0.000776043 -0.00259165 1.47542e-05 0.000192607 -0.000983596 0.00804618 -0.000634818 -0.0046666 0.000265949 -0.00189808 -0.000886267 -0.000764307 -0.0044408 0.000122121 0.000442686 0.000230636 -0.000176767 -7.2717e-05 0.00119164 -0.00097021 0.00124683 0.000583571 0.00319079 3.97117e-05 -0.00176494 -0.000819505 -0.000489947 -9.2151e-05 0.000169228 0.000476551 -0.00296512 -7.23341e-05 0.000184561 0.00162436 0.00321719 0.00543632 0.00400294 0.00858246 -0.000210388 0.000281593 0.000635812 -0.0051219 -0.000294334 -0.000141753 -7.19295e-05 6.7548e-06 -0.000388792 -0.00691116 -0.00151242 -0.00546587 -1.8887e-05 -0.00745265 -0.00845657 0.009486 -0.00122214 8.11711e-06 -0.00220344 -2.1039e-05 -0.00608376 0.000456151 -1.53504e-05 8.19939e-05 0.000734049 -4.98901e-05 0.00111856 -2.98994e-05 0.00219404 -0.000513862 6.27117e-05 0.000454337 0.000136797 
0.00255244 -0.00651625 -0.000201486 -0.00840165 -0.000164945 0.0622106 -0.011072 -0.00155637 -0.00448793 -0.0465324 -0.015292 -0.0287853 -0.0156547 -0.0476722 0.00275745 0.0219092 -0.00798277 0.22924 -0.00487922 -0.0117567 -0.0245229 -0.00697827 0.000928399 -0.0025225 0.0224019 -0.0035895 0.00253763 -0.0077857 -0.00371397 -0.0293142 -0.0193519 -0.000394538 -0.00655329 -0.0235929 -0.0212285 -0.00998385 -0.00345023 -0.00261335 -0.011055 0.00813011 -0.01991 0.0669026 -0.00185983 0.00214514 -0.00687782 -0.0029934 -0.00235317 -0.0344752 -0.0259594 -0.013199 0.0277028 0.0226053 -0.000585091 0.0604894 -0.00791506 -0.00998696 -0.000344555 -0.0117178 -0.00134054 0.0012748 -0.00336284 -0.0183848 -0.051961 0.0509741 -0.0181524 0.0092002 0.00594233 -0.00499046 -0.000878166 -0.0134072 -0.0613194 -0.032469 0.00146284 -0.0480212 -0.00238197 -0.00355402 0.0613374 0.00105332 0.0462376 -0.000861016 0.111026 0.0274346 -0.0155795 -0.0073212 -0.0015891 -0.0405348 -0.00144274 0.0440883 -0.0645356 0.000277358 -0.00125007 -0.0266261 -0.000773036 -0.00105527 -0.000905337 0.0622974 -0.00536507 -0.000963352 0.000951552 -0.00126228 
0.000436506 -0.000485377 5.6708e-05 -0.000111856 0.00022908 -0.0160621 -0.000599208 2.85174e-06 -0.00144897 -0.00640317 -0.00095104 -0.00309222 0.00407808 0.0124145 -0.000940492 -0.00232924 0.00117914 -0.00487922 0.0333309 0.00331671 -0.000812775 0.000451691 -0.00420007 3.5316e-05 -0.0133056 4.2078e-05 -0.000738073 -0.000230194 0.000443893 -0.00030259 0.00808913 -6.26689e-05 -0.000138684 -0.000719221 -0.00213431 -0.00081552 0.00486637 -0.000216022 -0.00119989 0.00308855 0.000727155 -0.00514543 8.7205e-05 0.000525697 -0.000665031 0.00153491 8.87281e-05 -0.00937193 0.00787767 0.00804416 0.00533085 -0.0164662 -7.05641e-06 -0.00111261 0.0038522 -0.00119411 -0.000196224 -6.46802e-05 0.000295594 -0.000765459 0.000844968 -0.000154018 -0.00150666 -0.00723285 -0.00130729 0.00909003 -0.00732542 -0.000313162 -0.000116304 -0.000399803 0.00129985 0.00180839 0.000931201 -0.00245837 2.92778e-06 -0.000124041 0.00360384 0.00310199 -0.000376913 0.000144655 -0.00606155 0.000954873 0.000164162 -0.00162626 1.03678e-05 0.000110423 -2.79776e-05 0.00351545 0.00942105 -6.39949e-05 0.000825726 0.00308033 -7.66107e-05 0.000449992 0.000288809 -0.0138472 -0.000437613 0.000296108 -0.000110684 0.000363095 
-0.00102758 -0.000180758 -2.00921e-05 0.00518051 0.000199059 -0.0178922 -9.15218e-05 0.000102675 -0.000773093 0.00436404 0.000467318 0.00447452 0.000673972 0.00302254 0.00228109 -0.00321677 0.000192659 -0.0117567 0.00331671 0.0266842 0.0072364 0.000385368 -0.00379926 4.27687e-05 0.00419696 0.0012373 0.00172375 0.000858173 0.00311416 0.00569379 0.000182427 -5.25263e-05 0.00327544 0.00200033 0.00547747 0.00413934 -0.00192744 0.000823162 -0.00223192 -0.000985423 0.00275654 -0.0143569 2.98159e-05 -0.000333739 0.00530471 0.00144666 0.000549286 -0.00207845 0.00398653 0.00203754 -0.00214157 -0.0124342 4.48881e-05 -0.0109095 -0.00134335 -0.000868355 0.000314552 0.0032416 0.000590512 0.00291087 -6.84107e-05 0.00204098 0.00555057 -0.0186805 -0.00100462 -0.00205345 -0.00572434 0.00318464 0.00012368 -0.000412855 0.00328767 -0.00162829 -0.00014249 -0.000868399 0.000429475 1.87986e-05 -0.011194 0.0065133 -0.0130579 0.000652334 -0.00978956 -0.000892331 0.00292071 -0.00144597 0.00030794 0.0068655 0.00030556 -0.0101502 0.00915932 -4.7008e-06 0.000639381 0.00905347 -1.48975e-05 -1.7542e-05 0.000540371 -0.00162233 0.000862124 -8.01941e-05 0.000186354 7.23214e-05 
-0.001726 0.00919218 2.74373e-05 0.00840298 0.000120404 -0.00382059 0.0100881 2.19458e-05 0.00247078 0.00248897 0.00247123 0.0170672 -0.000902552 -0.0104403 -0.000842317 -0.0166142 0.00787486 -0.0245229 -0.000812775 0.0072364 0.0598119 0.000759891 -0.00586136 0.000280191 0.0174714 0.00430146 0.001885 0.00554482 0.0033374 0.00790981 -0.00999322 0.000185105 0.00407867 -0.00213519 0.013227 -0.000729469 -0.014062 0.000538235 -0.00570152 -0.00335207 3.81226e-05 -0.0340938 0.00195825 -0.00121617 0.00663871 -0.00105 0.00088559 0.00842032 -0.00117463 0.000197565 -0.00512237 0.00292915 0.000188302 -0.0180086 -0.00307622 -0.00163784 -0.000223562 0.00653604 0.000670679 0.000747219 -0.000491087 0.0119072 0.0166332 -0.00527158 0.00631747 -0.00577314 0.0166184 0.00379651 0.00132642 0.000953767 0.00309731 -0.00194555 -0.000393528 0.00456462 0.000563715 -0.00152007 -0.0342395 0.00188318 -0.019391 0.000141853 -0.021654 -0.0215793 0.0231159 -0.00262168 -4.70747e-06 -0.000314594 -0.000116025 -0.0318363 0.00463042 -7.03772e-05 -0.000110497 0.0041994 -0.000203417 2.01168e-05 3.76959e-05 0.00124958 -0.00296253 -0.000149616 0.000351716 0.00035657 
-0.000298719 0.000788713 -9.21713e-06 0.000975071 0.000105518 -0.00792876 0.000627632 0.000692663 0.00188298 4.50631e-05 -0.000130553 0.00105079 0.00264219 0.00475037 -0.000243754 -0.00189079 0.000118372 -0.00697827 0.000451691 0.000385368 0.000759891 0.0124256 -0.000902815 0.000726785 0.000441144 0.000641873 2.51972e-05 3.07628e-05 0.00103649 0.00588873 -0.00155848 0.000132634 0.000678926 0.00710129 0.00182944 0.00540547 -0.00195026 0.000272994 -0.000593455 -0.000697216 0.00439612 -0.00927413 0.000331637 -0.000343972 0.000287876 0.000355131 0.000466653 0.00295973 0.00161457 0.000966668 -0.00130494 -0.00395337 1.14261e-05 -0.00720041 -0.000858138 4.16196e-05 0.000478611 0.00113066 1.50393e-05 -0.000986071 0.000446312 0.00170193 -0.000980282 -0.0065762 0.00224862 -0.00103033 0.000198062 -3.81144e-05 0.000377021 -0.000156351 0.00329237 0.00450271 -8.72655e-05 -0.000823662 0.000141449 -0.000278356 -0.00629577 -0.000492459 -0.00819648 -9.71114e-06 -0.00627665 -0.00557335 -0.000707035 -0.000476897 0.000530343 0.00562589 0.000529221 -0.0042576 0.00418633 7.46107e-05 0.00132228 0.00176469 -4.27326e-05 0.000107953 2.78782e-05 -0.00345326 0.000337988 -5.59826e-05 1.17313e-05 0.000515031 
0.00249305 -0.00148801 -0.0001118 -0.00152337 -8.77929e-05 -0.00744645 -0.00260361 8.79956e-05 0.0141934 0.0133981 -0.0021275 -0.00410191 0.00203257 0.0380836 -0.00255212 0.0114349 -0.00286279 0.000928399 -0.00420007 -0.00379926 -0.00586136 -0.000902815 0.1283 -0.0003263 0.00729161 -0.000917736 -0.00640032 -0.000679972 -0.000876448 0.00198441 0.014873 -0.000210868 -0.000552994 0.000351822 -0.00291297 -0.00473573 -0.0142049 0.000217967 0.00993597 -0.000982171 0.00439874 0.0070438 -4.77958e-05 0.00117477 -0.00276734 -0.00155311 0.000580121 -0.0362204 0.00372278 -0.00116412 0.00970316 -0.0320372 -3.09672e-05 -0.0205486 0.00536428 -0.000230073 -0.000712687 -0.00199637 -0.000177534 0.0106403 0.000116799 -0.00367743 -0.0118314 -0.00152923 0.00660432 -0.0122403 -0.0253836 -0.000941169 -0.000756382 0.00207941 -0.0095225 0.00470048 0.00205109 -0.000783753 -0.000613717 -0.000196301 -0.0150163 -0.0088832 -0.00725139 0.000233411 0.00544123 0.0104607 -0.0161361 -0.00178732 -0.000252782 0.0114052 -4.39873e-05 -0.0106159 -0.00213454 -0.000176003 0.000578717 -0.00257406 -0.000180543 4.15621e-05 -0.000104905 -0.0298913 0.00159554 -0.000262839 -0.000504061 -0.000296637 
3.05117e-05 2.19181e-05 3.61088e-07 0.000318329 5.21238e-05 -0.00307226 -5.61488e-05 7.33987e-05 0.0006367 -0.000847743 -7.00445e-05 -0.00018523 0.00145194 0.00242726 7.22124e-05 0.000190137 3.25948e-05 -0.0025225 3.5316e-05 4.27687e-05 0.000280191 0.000726785 -0.0003263 0.0041549 -0.000648957 0.00018696 0.000403926 -1.88134e-05 2.51671e-05 0.00142727 0.000729036 4.75309e-05 0.000201487 0.00211859 0.000117906 0.000448532 -0.000711181 4.75881e-05 -0.000233914 -0.000201635 0.000662303 -0.00296666 0.000100761 -5.61132e-05 0.000161329 0.000681801 9.79421e-05 0.000382841 0.00206154 0.00112857 -0.000438777 -0.0021159 0.000188718 -0.00238523 0.00117929 -0.000173104 8.60372e-05 0.000128143 0.000109692 -0.000562569 4.05175e-05 1.26488e-05 -0.000523754 -0.00287848 -0.000237468 -0.000149644 -0.000914258 -8.29478e-05 0.000175508 8.20839e-05 0.000988567 0.00226451 -2.11136e-05 -0.000422153 0.000200546 -9.54875e-05 -0.00132153 -0.000104468 -0.00276624 3.26436e-06 -0.0023183 -0.000619072 -0.000608169 -0.000255737 5.80754e-05 0.00218639 4.89455e-05 -0.000379011 0.00191485 -6.16589e-07 7.41501e-05 0.000564316 -9.12473e-06 2.03208e-05 5.60359e-05 -0.00153784 0.000791707 -1.53653e-05 -5.49982e-06 0.000106502 
-0.00527142 0.00534073 -0.00050042 0.000623691 -0.000342027 0.0475429 0.00170593 -0.000151872 0.0080931 0.00781669 -0.00722159 0.0132336 -0.00335679 -0.058933 0.0183466 0.0214045 0.00241856 0.0224019 -0.0133056 0.00419696 0.0174714 0.000441144 0.00729161 -0.000648957 0.248269 0.000753588 0.00795923 -0.00284228 -0.000640756 0.0103134 -0.0420919 -0.000504845 0.00312616 0.00521949 0.0257795 0.00637399 -0.0617445 0.00300367 0.0019393 -0.0243408 -0.00118657 -0.0151484 -0.000606809 -0.0126694 0.00180781 -0.00373428 -7.14584e-05 0.0105722 -0.0129393 -0.00720771 -0.0273945 0.056879 -0.000425164 0.0257725 -0.0376879 -0.00363107 0.000994856 -0.00481587 -0.000579617 -0.0160815 -0.000820141 -0.00924272 -0.0276721 -0.0197066 0.00284181 -0.0564229 0.0236289 0.00395042 0.00127851 -0.00662243 -0.0203065 -0.0217121 -0.00249239 -0.00655121 -0.000910992 0.00652397 -0.0503151 0.000404277 -0.0679903 -0.0010209 0.024319 -0.0214644 0.0181027 -0.00794324 0.00129894 -0.00129305 -0.00089175 -0.0199706 -0.0347656 -0.000400244 -0.00109249 0.00898657 -0.000366787 -0.00043637 -0.000602759 0.0940849 -0.0228652 -0.00102623 -0.000813517 -0.000718472 
-0.00017331 0.00187689 2.83166e-05 0.00242533 0.000103396 -0.00293976 0.00166312 0.000275094 0.00133574 -0.00154114 -8.89571e-05 0.00226693 0.000996546 -0.000337136 -0.000212943 -0.00166086 0.00119501 -0.0035895 4.2078e-05 0.0012373 0.00430146 0.000641873 -0.000917736 0.00018696 0.000753588 0.00736834 0.00151137 0.000314062 0.00116868 0.00215651 -0.000526044 5.35668e-05 0.000229568 0.000366033 0.00183734 9.13063e-05 -0.00185827 1.21296e-06 -0.000653744 -0.000376881 -3.0254e-06 -0.0046035 0.000319654 -0.000187569 0.000570978 0.00024121 4.87501e-05 -0.000960636 0.00026545 0.000457394 -0.000690713 -0.00134192 5.97287e-05 -0.00340787 0.000384526 -0.000279799 -2.72678e-05 0.000648405 0.000211201 -0.000898608 -4.98755e-05 0.000593944 1.49298e-05 -0.00141548 0.00159434 -5.80191e-05 0.00109197 -0.000102103 0.000263545 0.000152806 -0.000314359 0.00106603 -1.56243e-05 -0.000165053 2.42229e-05 -0.000170611 -0.00413588 0.0010205 -0.0041141 2.83677e-05 -0.00343087 -0.00247125 0.00254553 -0.000565844 3.89937e-05 0.0009452 -1.15106e-05 -0.00426228 0.000907786 2.6017e-06 2.22671e-06 -0.000229328 -2.14044e-05 3.33582e-05 0.000131863 0.00026334 0.00014907 4.32118e-06 0.000228567 7.23631e-05 
-0.00168743 -0.000663232 -5.50517e-05 0.00119786 -6.13412e-06 0.000663752 0.00025518 4.30228e-05 0.000335219 -0.0105751 -0.00145539 -0.000854247 0.000146527 -0.0115294 0.00171796 0.0125521 -0.00101205 0.00253763 -0.000738073 0.00172375 0.001885 2.51972e-05 -0.00640032 0.000403926 0.00795923 0.00151137 0.05384 -0.00057816 0.000962103 0.00230148 0.00166657 -8.54821e-05 -0.000398468 -0.000773091 0.00454033 0.00022528 -0.0156926 0.000266613 0.0030145 -0.00152865 -0.00134638 -0.000496744 -0.000198738 -0.00108747 -0.000610032 0.0001021 -0.000308528 -0.00801795 -3.87277e-05 -5.47944e-05 -0.00571629 0.00552155 6.18576e-05 0.00360849 -0.00141366 0.000285476 0.00107596 -0.000825082 4.65079e-05 -0.0107094 5.66052e-05 -0.00146454 -0.00775649 -0.0194635 -0.00334475 -0.00579467 -0.00784112 -0.0010627 0.000150635 -0.000807805 -0.0170985 -0.00350779 -0.00040308 -0.00556308 -0.000101715 0.00285169 -0.000848016 0.0148784 -0.00011462 0.000269466 0.0173832 0.00316786 0.00826989 -0.00303277 7.35544e-05 0.000452333 -0.000141106 -0.0023898 -0.00721534 3.31237e-05 -0.000355446 -0.00153171 0.000544297 -1.42321e-05 0.000469905 0.0188607 -0.00278603 -0.000224288 -0.000125699 -9.26613e-05 
0.000301546 0.000455183 -8.81667e-06 0.00178379 -6.00574e-06 -0.00273631 0.00336984 0.000240747 -0.000527564 -0.001807 0.000496375 0.00263211 -0.000113002 0.000772727 -0.000174372 -0.00801773 0.000818444 -0.0077857 -0.000230194 0.000858173 0.00554482 3.07628e-05 -0.000679972 -1.88134e-05 -0.00284228 0.000314062 -0.00057816 0.0146628 0.001424 0.00287806 0.00059565 1.78495e-05 0.000332273 -0.000564912 0.000178158 -0.000363885 -0.00335273 -5.41063e-05 -0.00117389 -0.000753493 -7.42943e-05 -0.00694319 0.000711654 -4.9414e-05 0.000819166 5.52511e-05 -4.85057e-06 0.00290267 0.000624639 5.23459e-05 -0.00103034 1.28223e-05 0.000343406 -0.00416275 -0.000220564 0.00040932 -8.79541e-05 0.00148565 0.000264 -0.00070584 -2.99363e-06 0.00517253 0.00593795 -0.0013412 0.000250765 -0.00163048 0.00166361 0.000996023 0.0003 0.00114967 -0.000257064 0.00405703 -2.464e-05 -0.00118386 0.000596025 0.000366072 -0.00333308 -0.000942848 0.00120849 0.00071419 -0.0073473 -0.00655621 0.00265738 5.90852e-05 -9.60841e-05 -0.000175531 8.7153e-06 -0.00476864 0.00479063 -2.08649e-05 0.000147291 -0.000280679 4.85862e-05 1.38378e-05 0.000119088 -0.00323634 0.000383101 6.95078e-06 3.30559e-06 0.00022729 
-0.00028392 8.31734e-06 5.6233e-06 0.00392112 5.25069e-05 -0.00421251 0.000640814 9.61471e-05 0.000163923 -0.000688986 1.19933e-05 0.00253772 0.000465759 8.57158e-05 -4.34037e-05 -0.00178239 5.56563e-05 -0.00371397 0.000443893 0.00311416 0.0033374 0.00103649 -0.000876448 2.51671e-05 -0.000640756 0.00116868 0.000962103 0.001424 0.00643451 0.0023458 -0.000256581 5.08181e-06 0.000892728 0.000412855 0.0010079 0.000830394 -0.000858181 6.00345e-06 -0.000569953 -0.000327289 0.000375776 -0.00443097 0.000312772 -0.000146939 0.00134814 0.000133956 9.4672e-05 -2.42811e-05 0.00088233 0.000153447 -0.000607232 -0.00298201 0.000119527 -0.00418055 -0.000299412 -0.000297683 -5.78802e-06 0.00269493 0.00043642 -3.42836e-05 -3.66347e-05 0.00274219 0.00153582 -0.00426141 0.000115912 -9.45878e-05 -0.000417857 8.61442e-05 0.00021144 4.97652e-05 -0.00178225 0.000346836 -3.66534e-05 -0.000575334 4.15373e-05 -0.0001372 -0.00375902 0.0012948 -0.00280703 5.1129e-05 -0.00324034 -0.00202901 0.00201992 0.000323581 4.27563e-06 0.000633726 4.78623e-05 -0.0036852 0.00321395 1.34211e-05 1.85859e-05 -5.71207e-05 -1.51307e-05 2.53255e-06 0.000280316 -0.000945488 -0.000101202 -3.2573e-05 -3.04569e-05 0.000229865 
-0.00445412 -0.000337368 -0.0001372 0.00101868 -9.7018e-05 -0.0305669 0.00313174 0.000672858 0.00795156 0.017255 0.00438543 0.00506528 0.00858618 0.0225281 0.000688178 0.00321636 -0.000776043 -0.0293142 -0.00030259 0.00569379 0.00790981 0.00588873 0.00198441 0.00142727 0.0103134 0.00215651 0.00230148 0.00287806 0.0023458 0.0994218 -0.00518479 6.77739e-08 0.00213338 0.0218611 0.00794077 0.0213895 -0.0142486 0.00260235 -0.00535462 -0.00527245 0.00789762 -0.0362862 0.000249536 -0.000995714 -0.000608197 0.00140197 0.000639044 0.00796419 0.0175978 0.00268648 -0.010106 -0.0118271 2.56201e-05 -0.0369725 -0.00425844 -0.00443835 0.0039712 -0.000513525 -0.00016325 -0.00283109 -0.000216592 0.00349439 0.000319242 -0.0299232 -0.00253293 -0.0154986 -0.00255471 0.000883558 0.000152499 0.000646123 0.0240607 0.0116966 -0.000625588 -0.00587502 0.000941105 -0.00275936 -0.0559068 0.00562372 -0.0484596 0.000214005 -0.0305779 0.00610279 -0.00398364 0.000452345 0.000409962 0.0289432 0.0004156 -0.0371155 0.0143136 0.000474267 0.00131131 0.0186192 -0.000311052 -0.000160305 0.000914682 0.00854437 -0.00175947 -0.000515726 3.01553e-05 7.79211e-05 
0.00143651 -0.00214757 3.87387e-05 -0.00185935 8.11522e-05 -0.0240254 -0.00281211 -3.97678e-05 0.000839972 -0.0270645 -0.00102763 -0.0158213 0.00884542 0.0356188 0.00143974 0.0265442 -0.00259165 -0.0193519 0.00808913 0.000182427 -0.00999322 -0.00155848 0.014873 0.000729036 -0.0420919 -0.000526044 0.00166657 0.00059565 -0.000256581 -0.00518479 0.133953 -0.000134136 -0.0021102 0.00073427 -0.00797615 -0.0050038 0.00134207 -0.000729838 0.00688371 0.00518445 0.00695736 0.00829577 -0.000653424 0.000152318 -0.00315885 0.00474694 -0.000503652 -0.0396374 0.0233663 0.00883224 -0.0109121 -0.0291021 0.000203579 -0.0108727 0.0278906 -0.00606889 -0.00102182 -0.00208776 0.000721423 -0.025377 0.000266498 -0.00472467 -0.010003 -0.0223902 -0.00486358 0.00174312 -0.0367325 -0.00257395 -0.000941555 0.000746943 -0.000441857 0.0336433 0.000583147 -0.0152281 0.000400647 0.00177552 0.0294706 0.00358879 -0.00425828 0.000784194 -0.0298292 0.0245804 -0.0295594 -0.00432475 -0.00032451 0.00322369 0.000833346 0.0255113 0.0261751 -0.000294795 0.00182676 0.00325731 7.55233e-05 8.37666e-05 0.000796015 -0.03378 0.0127736 -0.000167091 3.60544e-05 -0.000280664 
-1.29557e-05 0.000118083 6.67209e-06 0.000145114 4.74747e-05 0.000296493 0.000367247 -3.7204e-06 0.000165852 -0.000258889 0.000177629 8.7347e-06 1.57224e-05 -0.000585779 1.84423e-05 -0.000235079 1.47542e-05 -0.000394538 -6.26689e-05 -5.25263e-05 0.000185105 0.000132634 -0.000210868 4.75309e-05 -0.000504845 5.35668e-05 -8.54821e-05 1.78495e-05 5.08181e-06 6.77739e-08 -0.000134136 0.00253204 -2.7361e-05 -0.000108007 -9.71966e-05 -5.6917e-05 4.97499e-05 1.49279e-05 0.000406999 -5.57205e-05 -6.71421e-05 5.99733e-06 0.00021377 -5.32572e-05 3.70743e-05 -3.90946e-05 2.71184e-05 8.85923e-05 -0.00013057 0.000105226 -0.000104428 0.000184567 2.71154e-05 -0.000388996 -0.00010323 -4.54185e-05 1.35946e-05 8.20817e-05 1.40491e-05 -0.000473657 4.34888e-05 0.000140284 0.000512057 -8.82453e-05 0.000422813 -0.000161436 0.000210568 -1.23759e-06 0.000141769 0.000230231 -4.27526e-05 -1.90104e-05 -1.66811e-05 0.000124476 9.56599e-06 -1.84148e-05 -0.000806153 -0.000132028 -0.000165959 -4.6664e-06 -0.000236177 -0.000780755 0.00011287 0.000478992 4.83007e-05 -0.000219997 2.89725e-06 -0.000263731 -0.000302208 1.51275e-05 8.12747e-06 -0.00015924 3.45114e-06 4.0029e-07 -1.45075e-06 -0.000400619 -0.000121474 -3.38542e-07 1.86066e-05 8.40731e-05 
-0.000229957 -9.11799e-05 3.80244e-06 0.00259089 7.94898e-05 -0.007657 0.000339109 4.08885e-05 -0.000342702 0.00502275 0.000532757 0.00207267 -0.000158182 0.00109837 -0.000415621 -0.00301222 0.000192607 -0.00655329 -0.000138684 0.00327544 0.00407867 0.000678926 -0.000552994 0.000201487 0.00312616 0.000229568 -0.000398468 0.000332273 0.000892728 0.00213338 -0.0021102 -2.7361e-05 0.0136125 0.00105322 0.00178517 0.000758098 -0.000260704 0.000436849 -0.000161849 -0.00075153 -0.000400519 -0.00867626 0.000221013 -8.12854e-06 0.00475555 -0.000163816 0.000470922 0.00103861 -0.000108041 -0.000254549 -0.000930559 -0.00484197 5.9915e-05 -0.00704741 -0.00106261 -0.000570821 0.000318319 0.00272557 0.000250816 0.00701008 -6.02002e-05 0.00290686 0.00135681 -0.00697885 -0.00073049 -4.23815e-05 0.000436767 0.00180377 2.5127e-05 0.000298887 0.00405287 -0.00117826 1.58952e-05 0.00507201 9.18104e-05 -0.000216729 -0.00851519 -0.000711562 -0.00729703 4.18724e-05 -0.00163481 -0.00198155 -8.1424e-05 -0.000295532 4.66774e-05 0.00502537 -3.18468e-05 -0.00891698 0.00282372 2.89678e-05 3.38524e-05 0.00365154 -4.26552e-05 -3.30114e-06 3.45536e-06 -0.00333866 -0.000625349 0.000145899 -2.87111e-05 0.000357391 
