0.0189487 -0.0002283 0.00162181 0.000437643 -9.93074e-06 0.000448098 0.00051542 -9.79922e-05 -0.00304708 0.000353655 0.00126274 -0.00018957 -0.00819698 -0.00603581 0.0016652 0.00768703 0.000271367 0.00221047 -0.00101759 0.00298161 0.00123392 0.000228569 0.00147108 -0.0111766 -0.00269199 -2.31995e-05 -3.51325e-05 0.000130087 -0.00609874 -0.000560115 -1.13427e-06 0.0050625 0.00107265 0.00184849 0.00137961 0.00279906 0.00131972 0.000103579 0.000463703 -7.31726e-05 5.58988e-05 0.00288024 -0.000693326 -0.00120017 -0.00272903 0.00977372 -0.00319922 -0.00149676 8.35394e-05 0.00293061 -0.00180469 2.80089e-07 -0.00231198 -7.05376e-05 0.000214037 -0.0132417 -0.000355232 0.00078898 -0.000627265 -0.00775625 0.000277655 0.000193649 0.000139915 0.00115346 -0.0113101 0.000123514 0.0016126 -0.00413372 0.000161666 -0.0028049 0.00283462 -0.00466312 -0.00136638 -0.000177156 0.000180747 -0.00214827 2.00553e-05 0.00108135 0.000926664 -0.000291656 0.0112897 -0.00257356 -0.000935215 -0.00093374 0.00126895 0.00766477 0.000251141 0.00105872 0.00205196 0.00223434 1.21847e-05 -0.00281705 6.83978e-05 0.000694468 0.00135225 0.00174333 -0.000237647 -0.000195002 -0.000157119 -0.000926079 
-0.0002283 0.0265681 -0.000263009 0.000567343 0.00016594 -0.00520322 -0.00511591 -0.000635319 0.00150791 0.0130229 -0.000878967 -0.000228419 5.59131e-05 -0.0105755 -0.000245874 0.000556244 0.000251536 -0.000610121 -0.000697542 -0.00176875 -0.000164003 -0.000230257 0.00840721 0.0033161 -0.00391822 -3.66517e-05 7.20245e-05 0.000448909 0.000772092 0.000678591 -3.39133e-06 -0.00341069 0.00710236 0.000686678 5.43499e-05 -0.00154412 0.00687713 -7.78259e-05 0.00589868 -0.000155023 3.89145e-06 -0.00192512 0.0136261 -0.00157512 5.91028e-05 0.000191042 -0.00565854 -0.00408798 -9.8181e-05 -0.000413986 0.00147592 0.000665218 -0.00284077 0.00174075 0.0002871 0.00128479 -0.0009605 -0.000201446 -0.00104583 -0.0149291 -0.000182927 -1.76716e-05 -0.000466065 -0.000143405 -0.0137439 -0.000927975 -0.00267006 -0.000786538 -0.000364123 -0.00367882 0.00161554 0.00705798 0.00585661 -0.000234236 -3.76508e-05 -0.00327681 2.05591e-05 -0.00245937 -0.000656894 0.00355005 0.00158872 -0.00862754 -4.75143e-05 -0.00482179 -0.000394088 -0.00138495 3.30189e-05 -0.000531472 0.00446075 -0.00265299 0.00146941 -0.00262102 -1.13145e-05 -0.00159906 0.00348376 -0.00250653 -0.000366989 -0.000103229 -0.000117861 -0.000319883 
0.00162181 -0.000263009 0.0109374 0.000405128 0.000274251 0.00550352 0.00414413 2.67829e-05 -0.0012805 -0.00175281 0.000199683 -0.000349902 -0.00394046 -0.00380015 -0.000246382 0.00129542 0.000276895 0.000695406 0.000686547 0.00126236 2.3775e-05 6.03785e-06 7.24104e-06 -0.00570893 -0.000342273 -0.000140434 0.00142031 -0.000131322 -0.005136 -0.000450427 1.00869e-06 -0.000792759 -0.00127891 0.000181113 0.000518018 -0.000424775 -0.000605747 -3.76913e-05 0.000198042 5.11859e-05 -0.000798321 -0.00110263 -0.00162641 -0.000495968 -0.00138866 0.0050154 -0.0025102 -0.000292657 -2.46739e-05 -0.000127439 -0.0010423 -3.82134e-05 -0.00191123 0.000546127 0.000201494 -0.00601253 0.00273213 0.00289185 0.00147619 -0.00472806 0.000594411 0.000103661 -7.52619e-05 -0.000227374 -0.00421693 -0.00034386 0.00369008 0.00091619 0.000192549 -0.00133301 0.00328 -0.00205525 -0.000224812 9.2314e-05 0.000196356 -0.00189265 -5.61756e-06 -0.000882542 -0.000320955 0.000165496 0.00324718 -0.00330018 -0.00010422 -0.00362111 0.000498767 0.00513571 -2.68181e-05 0.0034981 0.000141979 0.000101705 -1.9802e-05 -0.000803289 0.000201728 0.00132423 0.00406406 -9.19008e-05 0.000135761 -6.67836e-05 -0.000120365 -0.00166502 
0.000437643 0.000567343 0.000405128 0.00701124 -6.29247e-05 -0.000870134 -0.000638556 -0.000179229 -0.000817268 0.000689905 -0.000413283 -0.000135715 -0.00166986 -0.00232362 -0.000164446 -0.000609329 5.11545e-06 0.000239624 0.001276 -0.000520368 -4.16829e-05 3.59345e-05 -3.28495e-05 -0.000206815 -5.39189e-05 1.78211e-05 0.00046534 -5.34982e-05 -0.00126375 0.000206193 1.19926e-06 -0.00107869 0.000413939 -0.000273414 -0.000142466 -0.000502713 -0.000107213 -2.61621e-05 -0.000235961 -4.6698e-05 -0.000585692 -0.000730759 -0.000352779 -0.000529848 -0.000974016 0.000949242 -0.000748416 -0.000738186 -3.34699e-05 -9.46469e-05 -0.000624524 -2.21261e-05 -0.000741479 0.000637016 0.000655241 -0.00386453 0.0012852 -2.63065e-05 -0.000228787 -0.00361779 8.65941e-06 1.20039e-05 6.87898e-05 -0.000285745 -0.00197806 0.00156079 0.00166222 -0.000773605 0.0010167 0.00149128 0.000324911 0.00196339 0.00211768 -5.28039e-05 -5.70482e-06 -0.000699087 1.66327e-05 -0.000427172 -0.000268899 5.13725e-07 0.00181318 -0.00233174 -0.00014021 -0.00134153 -0.000137668 7.68275e-05 1.89761e-06 0.000229839 0.00275884 0.000157931 0.000545783 0.000781779 8.10809e-06 0.00154845 0.0016185 -0.000805309 3.18587e-05 5.77349e-05 6.14411e-05 0.000396572 
-9.93074e-06 0.00016594 0.000274251 -6.29247e-05 0.0144463 0.00711702 0.00638431 0.00294551 -0.0016026 0.000605592 0.00409094 -0.000598048 -0.00538125 0.00421275 -0.000380798 0.0029297 0.000163845 -0.000139292 -0.000818388 0.00037129 -6.38226e-05 0.000137739 0.00196914 -0.00510777 -0.000410016 -0.000131875 0.000400324 0.000153012 -0.00176982 0.000193367 2.37606e-05 -0.00233605 -0.000175213 0.0014685 0.000508887 5.88144e-05 5.50844e-05 -0.000113466 0.000309924 0.000115154 -1.07677e-05 -0.0010033 -0.00119958 -0.000212088 0.000294861 0.00126601 -0.00326116 0.00235627 0.000612755 -0.000264554 -0.000839597 0.000237622 -0.00220757 -0.000100092 -2.74351e-05 -0.00168882 0.000524678 0.00119604 0.00103355 -0.00277248 -3.95084e-05 0.000117596 -6.9234e-05 -1.77882e-05 -0.0043641 -0.000181488 0.00139806 -0.00477 0.0019667 0.0039492 0.00137203 -0.00297401 -0.00610811 0.00178783 0.000184749 -0.00228621 -5.25076e-06 -0.000916054 3.90145e-05 -0.000318815 -0.000171739 -0.00360188 0.000421416 -0.00651252 0.0011618 0.00143352 -7.14546e-06 0.00145493 -0.000274363 -0.00394748 -1.26768e-05 -0.00256982 6.34604e-05 -0.000391258 0.000355544 -0.00132159 7.68364e-06 -1.85422e-05 -0.000114121 0.00134589 
0.000448098 -0.00520322 0.00550352 -0.000870134 0.00711702 0.170402 0.0610752 0.0111372 -0.0235473 -0.0322139 0.0473456 -0.0107478 -0.0505609 0.0197784 -0.00058601 -0.0156942 0.00225793 0.00794845 -0.00155024 0.0132899 4.55078e-05 -0.00093219 0.00486308 -0.0165222 0.0218142 -0.000379962 0.00415382 -0.00039757 -0.0032252 -0.00850992 -2.10103e-05 0.0126312 -0.0245254 -0.00392393 -0.0074724 0.0241312 -0.0143002 -0.00185626 -0.0114059 0.000436681 -0.016511 0.00413735 -0.0326321 0.00267392 -0.0263088 0.0199526 -0.0324419 0.0288839 0.000647349 0.00106256 -0.0162831 -0.000499815 -0.0177759 -2.79735e-05 -0.000115315 0.0097312 0.000271914 0.00327149 0.00457737 0.00605794 0.000587872 -5.95325e-05 0.00757726 -0.0104775 0.0181994 -0.000781066 0.00371669 -0.00839827 0.0110832 0.0133818 -0.00984259 -0.00400335 -0.0877315 0.00321079 0.00119149 -0.0437785 -0.000139231 0.0199084 -0.0125474 -0.00417912 -0.0104706 0.0308844 -0.00647515 -0.0771311 0.0022943 0.00240689 -0.000755752 -0.00169606 -0.00477406 -0.0461296 -0.000791775 0.0366152 0.000235818 0.0494789 0.00186329 0.024833 0.00126394 -0.00206943 -0.00101653 -0.0140892 
0.00051542 -0.00511591 0.00414413 -0.000638556 0.00638431 0.0610752 0.217746 0.0111315 -0.0327702 -0.0147292 0.021179 0.00452355 -0.0197931 0.0822915 -0.00505256 0.0236376 0.000250555 -0.00551306 -0.00317268 -0.0121674 -0.000804981 -0.0042052 0.0765773 -0.0370025 0.0187366 -0.00340201 0.00314871 -0.00127017 0.019153 -0.0124762 -2.12979e-05 -0.0364977 -0.0308596 -0.00446289 -0.0127812 0.0012347 -0.0144916 -0.0033409 -0.0154887 0.000679874 -0.0250339 -0.0289488 -0.0330476 0.016504 0.00158242 0.015579 -0.0610618 0.0519675 -0.000604179 -0.00538074 -0.018733 0.000650557 -0.0356966 -0.00157278 -0.00154635 0.00792126 -0.0089733 0.00879375 0.00962242 0.0378445 -0.00146827 0.000151194 -0.000560528 -0.0149301 0.014658 -0.0164375 0.0442148 -0.00967918 0.00219235 0.0129829 0.00388264 -0.0360994 -0.052742 0.00249831 0.000215707 -0.0471454 -0.000167876 -0.0206451 -0.0151661 -0.00591017 0.00161036 -0.032003 -0.00506576 -0.0457125 0.00318501 0.0148578 -0.00116731 0.00440073 -0.00580568 0.00907475 -0.00149257 0.0325776 -1.51713e-05 -0.0114617 -0.00392746 -0.0197 0.00396836 -0.00279624 -0.000300452 -0.00628924 
-9.79922e-05 -0.000635319 2.67829e-05 -0.000179229 0.00294551 0.0111372 0.0111315 0.0321992 -0.00478232 -0.00261701 0.0116762 0.00561239 -0.0132114 0.00694789 -0.000678366 0.0112325 0.000545383 -0.000604938 -0.00139795 -0.00253382 8.94183e-05 0.00122668 0.0051011 -0.0190051 -0.00412168 -0.000361171 -3.89662e-05 -0.000285172 -0.00551889 0.000824208 4.81241e-05 -0.00317329 0.00481995 0.000516122 -0.000430156 -0.000946086 0.00124997 0.00265452 -0.000398741 0.000374261 0.00643037 -0.00330958 -0.002884 -0.0020065 -0.00136834 0.00564297 -0.00709952 -0.00283372 0.00449333 0.000745976 -0.00219904 0.000443324 -0.00297469 -5.89182e-05 -9.46395e-05 -0.00912757 -0.00110423 0.000469196 0.00546569 -0.00971266 -0.000189296 3.98147e-05 8.12116e-05 0.00656786 -0.00731696 -0.0014945 0.000863056 0.00148623 0.00130611 -0.00211561 -0.000347847 -0.00779799 -0.0133994 0.00263294 7.42763e-06 -0.000973509 0.000208326 -0.0040749 0.00196766 -0.000736517 -0.00442567 -0.0031968 -0.0014842 -0.0155498 0.000622009 -4.20769e-05 0.000296186 0.00059453 -0.00128634 0.00224701 -0.000146135 0.00185212 9.90509e-05 -0.00121781 -0.00115569 0.00367222 0.00113993 0.00263014 0.0026166 0.00776177 
-0.00304708 0.00150791 -0.0012805 -0.000817268 -0.0016026 -0.0235473 -0.0327702 -0.00478232 0.142294 -0.0265964 -0.00754628 -0.00815056 0.0282975 -0.0264354 -0.00329498 0.00301356 -0.000438639 -0.00407011 0.00265277 0.00236057 0.000264093 -0.000942499 -0.0281744 0.0271068 0.00865699 -0.000851634 -0.00391419 -0.00179475 0.00823355 -0.00672327 -4.97161e-05 0.00791969 -0.0116207 -0.00523292 -0.00121881 0.0021764 -0.00939802 -0.00179642 -0.00698906 -0.000107103 -0.0120606 0.0071831 -0.00363839 -0.00425074 0.016076 -0.0137036 0.0513327 -0.014812 -0.000848264 -0.00284406 0.0336638 -0.000151045 0.0313564 0.000283276 -0.000884577 0.0183316 0.000248643 -0.00324603 -0.00513099 0.00771853 -0.000766235 9.27932e-06 -0.00168888 -0.0105243 0.0317939 0.0221278 -0.0195025 -0.0155422 -0.00184653 0.00276197 -0.00157158 -0.00748061 0.00380248 -0.00102399 -0.000274751 -0.0137165 -0.000121366 -0.0168936 -0.00827916 0.00300028 -0.0241528 0.0106007 0.00522705 0.0402006 -0.00109568 -0.00964497 -0.000559112 -0.00360538 -0.00758229 -0.0153439 -0.000892713 -0.0218122 -0.000119091 -0.011587 -0.00363891 -0.00745679 -0.00209193 -0.00132191 -0.000432314 -0.0248699 
0.000353655 0.0130229 -0.00175281 0.000689905 0.000605592 -0.0322139 -0.0147292 -0.00261701 -0.0265964 0.180595 -0.0165076 0.0249162 -0.0132773 0.0147589 -0.00159038 -0.00929432 0.000181946 4.23904e-05 -0.00869479 -0.0190182 -0.00108124 0.00134933 0.0236675 -0.00727652 -0.0210344 0.000662612 -0.00492978 0.00315218 -0.0188401 0.012001 0.000130107 -0.0395343 0.0673765 0.0201292 -0.000526923 -0.0188494 0.0458649 0.00549905 0.041428 0.00179918 0.0468157 -0.0196648 0.071628 0.00678377 -0.000135853 -0.0130294 -0.0512566 0.00197661 -0.000392262 -0.00371783 -0.00816976 0.00231382 -0.0318435 0.00133584 -0.000277141 -0.0185332 -0.00385056 -0.00526868 -0.00714079 -0.0769431 -0.00105366 -0.000330988 -0.00370521 0.0386235 -0.0705927 -0.00735339 -0.000455552 -0.000354142 -0.0036869 0.000299338 0.0191895 -0.015347 0.00987785 -0.00210388 -0.000561615 0.0548 0.000454292 -0.0159234 0.0398639 0.00201674 0.0135148 -0.078628 -0.0143527 -0.0341516 -0.0042267 -0.018534 0.00236492 -0.00495307 0.00660499 0.0446837 0.00387227 -0.0571457 -0.000123811 -0.0145119 -0.000129087 -0.0218273 -0.00207396 0.001016 -0.00111229 0.045565 
0.00126274 -0.000878967 0.000199683 -0.000413283 0.00409094 0.0473456 0.021179 0.0116762 -0.00754628 -0.0165076 0.0788887 -0.00238395 -0.0290815 0.00209538 5.09182e-05 0.00438481 0.00146488 0.00233211 0.00232886 0.00580477 -0.000136455 0.00080639 0.0023046 -0.0217192 -0.00836766 -0.000354034 -0.00141798 -0.000891709 -0.0072198 -0.00305742 -8.98034e-07 0.00882107 -0.00829656 -0.00311311 -0.00309322 0.0280953 -0.0041478 -0.000104523 -0.00444792 -0.000394167 -0.00520942 0.0119045 -0.0132069 -0.00526376 -0.00600713 0.0190618 -0.0132438 -0.00835555 0.00295646 0.00491004 -0.00575886 0.000218272 -0.0036962 8.73662e-05 -0.000178882 -0.00878452 -0.00229858 -0.000200609 0.00127987 -0.00693728 -0.000513811 0.000165244 0.00531353 -0.00386185 -0.00153635 0.00164023 -0.00706871 -0.00867231 0.0114006 -0.00652234 -0.00459508 -0.00582917 -0.040252 0.00416945 0.0011312 -0.017448 -8.75045e-06 0.00994881 -0.00451175 -0.00142306 0.000919276 0.0242785 -0.00394865 -0.0323159 0.00655262 0.00800707 -0.000241659 -0.00100908 -0.00213093 -0.0216764 -0.000468589 0.00686157 9.9302e-05 0.0150502 -0.00367543 0.0137386 -0.000250641 -0.000593138 0.000646271 -0.00220354 
-0.00018957 -0.000228419 -0.000349902 -0.000135715 -0.000598048 -0.0107478 0.00452355 0.00561239 -0.00815056 0.0249162 -0.00238395 0.0649151 -0.0110126 -0.00424356 -0.00179689 0.00508956 0.00086891 -0.000946623 0.00286597 -0.00557113 -0.000287572 0.00185858 0.00548899 -0.0275731 -0.00924541 -0.000274803 -0.00166385 0.00263705 -0.0179234 -0.000224958 0.000119956 -0.0115679 0.0263284 0.0135777 0.00208571 -0.00592074 0.0233247 0.00547052 0.0179531 0.000649043 0.0243757 -0.00705478 0.00474304 0.000814817 -0.00219949 -0.00264153 -0.0133804 -0.00588515 0.00121082 -0.000880719 -0.00560256 0.00113926 -0.0107507 -0.000101646 0.000143045 -0.0278411 -0.0019497 -0.00113726 0.000476534 -0.0230832 -0.000323261 -5.35287e-05 -0.00123804 0.0253298 -0.0268791 -0.00409685 0.000777244 0.00127724 -0.000402527 -0.0099029 0.0186288 -0.0156567 -0.00206169 -0.000223499 -0.000162216 0.0136246 0.000559377 -0.00702796 0.0260238 -0.000844786 0.00808024 -0.0261443 -0.00393041 -0.018934 -0.000874576 0.000131026 0.00106675 0.00112312 -0.00267238 0.0117523 3.10368e-05 -0.0138293 -1.10541e-05 -0.0055939 -0.00300834 -0.00457272 0.000146102 0.000649829 0.00153025 0.0200686 
-0.00819698 5.59131e-05 -0.00394046 -0.00166986 -0.00538125 -0.0505609 -0.0197931 -0.0132114 0.0282975 -0.0132773 -0.0290815 -0.0110126 0.2484 0.0222794 -0.000379916 -0.010266 -0.00193607 -0.00863196 0.00964209 -0.0317239 -0.00101736 -0.00393768 -0.0250581 0.0747288 -0.0113478 -0.00210568 -0.00755547 -0.00166708 0.0358257 0.00211708 -9.80523e-05 -0.0406476 -0.0169642 -0.0133279 -0.0167678 -0.027153 -0.0262709 -0.00511527 -0.0173184 -9.12149e-05 -0.0220189 -0.0344927 0.0286311 0.00865093 -0.0137346 -0.0320365 0.0357387 -0.0152242 -0.0038921 -0.00870451 0.0282565 -0.00173768 0.0182356 0.00032652 -0.000437545 0.0547276 -0.00641504 -0.00851593 -0.00842175 0.0169637 -0.0013213 -0.000667202 -0.0087966 -0.0241763 0.0599124 0.000628789 -0.0327862 0.0755006 -0.00663238 -0.0194658 -0.0233607 0.0137874 0.0871019 -0.0041943 -0.00122643 0.0369535 -0.000309234 -0.0447855 -0.0218973 0.00187777 -0.0556033 -0.0212759 -0.00913135 0.098623 -0.00968718 -0.034897 -0.00142931 -0.0148403 0.00194333 0.0276537 -0.0018417 -0.0373455 -0.000361882 -0.0270479 -0.000776758 -0.0283291 -0.00542375 0.00138934 -0.00297639 0.00347558 
-0.00603581 -0.0105755 -0.00380015 -0.00232362 0.00421275 0.0197784 0.0822915 0.00694789 -0.0264354 0.0147589 0.00209538 -0.00424356 0.0222794 0.245516 -0.0063862 -0.00441628 -0.00115494 -0.00744249 -0.013354 -0.0340897 -0.0016965 -0.00551645 0.0389687 0.0118921 0.0154899 -0.000729806 0.00101011 -0.00166231 0.033951 -0.00625487 3.15181e-06 -0.0414373 -0.0176369 -0.00971996 -0.0179448 -0.0197865 -0.0193157 -0.00562563 -0.0201912 0.00102291 -0.0150839 -0.0384962 -0.00750417 0.0190106 0.0236673 -0.0194925 -0.0578107 0.0561442 -0.00265159 -0.00972497 -0.0298953 -0.000140161 -0.0241032 -0.0035388 -0.00430097 0.0512809 -0.00135285 -0.000892555 0.00462948 0.0353879 -0.00344514 -0.000321803 -0.00636346 -0.0194781 0.0477401 -0.0141593 0.0203595 0.0303912 -0.00341397 0.035202 -0.018721 -0.0275437 -0.0425978 1.04334e-05 -0.00111561 0.0221754 -0.000400244 -0.0369451 -0.00937488 -0.00884552 -0.0504588 -0.053511 0.00158745 -0.0198798 -0.00371711 -0.0237094 -0.00142275 -0.0148859 -0.00399408 0.0504475 -0.00232615 0.00693441 -0.000263763 -0.0218859 -0.0107603 -0.0208964 0.00180957 -0.000127349 -0.00266706 0.0189988 
0.0016652 -0.000245874 -0.000246382 -0.000164446 -0.000380798 -0.00058601 -0.00505256 -0.000678366 -0.00329498 -0.00159038 5.09182e-05 -0.00179689 -0.000379916 -0.0063862 0.0283838 0.00261208 -5.08868e-05 0.00394372 -0.0017119 0.00832229 0.00256772 0.000570735 -0.0071555 -0.00204514 -0.00288442 -0.000286299 -0.000626548 -9.70095e-05 -0.00769083 0.00156098 -6.34866e-06 0.00473079 -0.000796045 -0.00102971 0.000431314 0.00916217 -0.000753978 -0.00014381 -0.000348296 -0.000148182 -0.001495 0.00953767 0.00366548 -0.00143752 -0.00285405 0.00213227 -0.00189393 -0.00323627 0.000236471 0.00649297 -0.00278987 -9.95799e-05 -0.000643292 -0.000107694 0.000181582 -0.00790321 -0.00100728 -0.000517419 -3.6844e-05 0.00107486 0.00111707 7.89922e-05 0.000698972 -0.00079644 -0.0104259 -0.000706046 -0.00345724 -0.00764829 -0.000104796 -0.00393706 -0.00189808 -0.00634672 -0.00251039 -0.000233816 0.000224911 -0.00043148 -2.78542e-06 0.00633812 -0.00115523 -0.000564213 0.0138746 0.00635068 -0.00188717 0.00400725 0.000937268 0.0025384 0.000150135 -0.000898332 -0.000906831 -0.000246407 -0.000120698 -0.0108359 -1.77527e-05 0.000956275 -0.00110312 0.00528002 -0.000507037 -7.29051e-05 -1.35205e-05 -0.00244791 
0.00768703 0.000556244 0.00129542 -0.000609329 0.0029297 -0.0156942 0.0236376 0.0112325 0.00301356 -0.00929432 0.00438481 0.00508956 -0.010266 -0.00441628 0.00261208 0.186046 -0.000692139 -0.00468585 -0.00149577 -0.00285421 -7.49411e-06 -0.00296671 0.0367004 -0.0448104 -0.0389744 -0.00037228 -0.00298468 -0.00325167 -0.000676347 -0.0100641 8.12958e-05 -0.00032429 -0.0159714 -0.00635205 0.0163493 -0.00368805 -0.00967192 8.92857e-05 -0.00800185 -0.00121691 -0.000839479 -0.00538305 -0.000203783 -0.019193 -0.0063184 0.0329065 -0.0258358 -0.0339248 0.000618252 0.00369039 0.00268793 -0.000337027 -0.0176566 -0.000297891 -0.00125402 -0.0433243 -0.00831888 0.00591733 0.0145082 -0.000104775 -0.001097 0.000619434 -0.00306108 -0.00780898 -0.0237136 -0.00436921 0.018046 0.0139551 -0.00177853 -0.0406059 0.0162621 -0.0602902 0.0450451 0.00368959 0.000313791 -0.0237427 3.93036e-05 -0.0249843 -0.00693371 -0.00256835 0.0169562 -0.0379619 -0.0137626 0.0510626 0.0109412 0.0501189 -0.000692325 0.0194791 -0.00684305 0.0502633 -0.00142357 -0.00125979 -0.000122048 -0.022781 -0.00535032 -0.00384249 -0.00146703 -0.00155133 0.000284521 0.00123537 
0.000271367 0.000251536 0.000276895 5.11545e-06 0.000163845 0.00225793 0.000250555 0.000545383 -0.000438639 0.000181946 0.00146488 0.00086891 -0.00193607 -0.00115494 -5.08868e-05 -0.000692139 0.0063224 6.39994e-05 0.00185808 3.37377e-05 -9.2883e-06 0.000590668 -0.000192661 -0.00269543 0.000665106 -7.79518e-05 0.000212274 -1.55608e-05 -0.0032738 -0.000131504 1.08317e-06 -0.000286662 0.000594049 6.54073e-05 -0.000190796 0.00103003 0.000705033 0.000269706 0.000633717 3.07744e-05 0.000529911 -0.000562683 -0.000476554 -0.000252909 -0.000266471 -0.000150229 -0.00120616 -0.00030791 0.0012056 0.00087255 -0.00063334 4.27889e-06 -0.000800528 0.000428762 0.000124918 -0.00267662 -6.53487e-05 0.000259655 -8.5718e-05 -0.00273709 2.83094e-05 1.62476e-05 0.00138549 0.000811241 -0.00122384 0.00177367 0.00042084 -0.000565877 0.000847144 0.000163905 0.000126217 -0.000666096 -0.00279143 -4.67581e-05 5.0948e-05 -0.000508546 2.92627e-05 0.000338164 0.000420677 -0.000112785 -0.00031676 -0.000817185 0.000337682 -0.00296064 2.4852e-05 -0.000296449 0.000194513 -0.000130481 0.000171946 -0.00114755 6.18369e-05 -0.000480553 6.97095e-05 0.00190563 -4.9114e-05 0.000657649 9.75981e-05 0.000139248 0.000109948 0.000259137 
0.00221047 -0.000610121 0.000695406 0.000239624 -0.000139292 0.00794845 -0.00551306 -0.000604938 -0.00407011 4.23904e-05 0.00233211 -0.000946623 -0.00863196 -0.00744249 0.00394372 -0.00468585 6.39994e-05 0.0290643 -0.000799431 0.0120029 0.000478707 0.000291784 -0.00905184 -0.00287237 0.0003454 -0.000123583 -0.000491208 0.00117734 -0.00886846 2.51297e-05 -5.19715e-06 0.00666961 -0.0016445 0.00140994 -0.000615521 0.00926259 -0.000908287 7.575e-05 0.00111639 0.000126185 0.000603114 0.00999313 -0.00261404 0.00238567 -0.00527236 0.00385361 -0.00190625 -0.00146899 -8.00676e-06 0.00375388 -0.00281924 -3.56976e-05 -0.00461646 -7.81249e-05 0.0015087 -0.00632805 0.00107793 -0.000141799 -0.00112375 -0.00285755 0.00148356 2.19938e-05 -0.000230893 0.000175647 -0.0115384 0.000781108 -0.00274743 -0.0127072 0.00106713 0.00163523 -0.00072347 0.0024369 -0.0124045 -0.000122244 0.000618788 -0.00364587 1.54187e-05 0.00819474 1.23747e-05 -0.000587478 0.00920264 0.00515263 -0.00186574 -0.0139486 0.000152815 0.00421479 0.000254545 -0.000566245 0.0011293 -0.00877823 2.05627e-05 -0.00371286 0.00016208 0.0136936 -0.000797318 0.0115441 -0.000483055 -0.000101374 -0.000333597 -0.00207834 
-0.00101759 -0.000697542 0.000686547 0.001276 -0.000818388 -0.00155024 -0.00317268 -0.00139795 0.00265277 -0.00869479 0.00232886 0.00286597 0.00964209 -0.013354 -0.0017119 -0.00149577 0.00185808 -0.000799431 0.0599853 -0.00403656 -0.000313676 0.00219738 -0.0154457 0.00919342 -0.00248536 -0.000508451 -0.000882234 -0.000403475 -0.0090714 -0.000721823 4.08539e-05 -0.00601434 -0.00283959 -0.00216757 -0.000772836 0.00264102 -0.00248265 -0.000135122 -0.00138661 -0.000116296 0.00127523 -0.00691488 -0.00627746 -0.00427225 -0.0108764 -0.00436405 0.00193281 -0.0114072 0.00148627 -0.00040471 0.00497099 -0.000138235 -0.00474905 0.0022918 0.000825733 -0.0131854 0.00148183 -0.00113602 -0.00148865 -0.00730617 2.0854e-05 7.34158e-05 0.00386266 -0.00131218 0.00798751 0.0127355 -0.00668473 0.0117955 0.00366664 -0.00643459 -0.00228233 0.00358483 0.0171131 -0.000499386 -3.84854e-05 0.00305784 2.62302e-05 -0.00335868 0.000897983 0.00129579 -0.00795011 0.00143002 -0.00134356 0.0176506 -0.000569439 -0.00481911 -9.49456e-05 -0.00175183 -0.00142126 -0.00713635 -0.000241978 0.000868238 -7.33103e-06 0.00154046 0.00095708 -0.00245633 -0.001107 0.00109966 -0.000326146 0.00755331 
0.00298161 -0.00176875 0.00126236 -0.000520368 0.00037129 0.0132899 -0.0121674 -0.00253382 0.00236057 -0.0190182 0.00580477 -0.00557113 -0.0317239 -0.0340897 0.00832229 -0.00285421 3.37377e-05 0.0120029 -0.00403656 0.0752461 0.00254628 -0.000192869 -0.0208744 -0.00774136 -0.00874328 -0.000369244 -0.00178701 -0.000489676 -0.0130986 -0.00120558 -2.09596e-05 0.0423393 -0.0110232 -0.00137046 0.00450887 0.0262632 -0.0042833 0.000150993 -0.00411649 -0.000259104 -0.00672544 0.0509552 -0.012516 -0.00469004 0.00580208 0.00271023 0.00758519 -0.0129475 -0.000391572 0.0098627 -0.00722958 6.24444e-05 0.0169592 -0.000520698 0.00164899 -0.00959299 0.000595638 -0.000318204 -0.00147773 0.0119346 0.0016447 0.000364603 0.00486521 -0.00512232 -0.0233544 -0.00363647 -0.00632942 -0.0429672 0.00109049 -0.01322 -0.00323358 -0.00748288 -0.0214162 0.000929068 0.00182234 -0.0171894 -6.19633e-05 0.030071 -0.00426429 -0.00176071 0.0264149 0.0369662 -0.00562621 -0.0185784 0.0014929 0.0173153 -0.000286783 0.0017065 -0.0037247 -0.0209024 -0.000386386 -0.0102474 8.07048e-05 0.0143629 -0.00105964 0.0268805 -0.00136405 -0.000793528 0.00123904 -0.013569 
0.00123392 -0.000164003 2.3775e-05 -4.16829e-05 -6.38226e-05 4.55078e-05 -0.000804981 8.94183e-05 0.000264093 -0.00108124 -0.000136455 -0.000287572 -0.00101736 -0.0016965 0.00256772 -7.49411e-06 -9.2883e-06 0.000478707 -0.000313676 0.00254628 0.0066157 2.47044e-05 -0.00226399 -0.00212779 3.29918e-05 -8.34343e-05 -0.000132119 4.98536e-05 -0.00300362 -9.57557e-05 -1.61237e-06 0.00262221 -0.000393346 -0.000104405 -0.000117614 0.00268968 -0.000304215 0.000200398 -0.000329648 6.75044e-05 -0.000106325 0.00306032 -0.00062115 0.000258896 -0.000659312 0.00043197 0.0012984 0.000102632 3.66385e-05 0.00204013 -0.000410025 -8.64098e-06 0.000937514 -1.49062e-05 0.000160882 -0.00256823 -7.48531e-05 -8.27369e-05 -9.99436e-05 0.000247308 0.000486484 7.83769e-05 0.000352475 -0.000212231 -0.00194991 -3.07638e-05 -0.000631032 -0.00342909 2.01376e-05 -0.000577006 -0.000446398 -0.00167952 -0.00273038 -5.87462e-05 9.65019e-06 -0.000432846 4.53098e-06 0.000136255 -9.6835e-05 -0.000116654 0.00188003 0.000949259 -0.000387909 -0.00049567 0.000561255 0.000756829 7.60156e-06 -0.000182716 -0.000168901 -0.000384722 -2.06806e-05 -0.00267265 6.45826e-06 0.000427466 -0.000118068 0.00246955 0.000121 6.50374e-06 0.000311411 -0.000661949 
0.000228569 -0.000230257 6.03785e-06 3.59345e-05 0.000137739 -0.00093219 -0.0042052 0.00122668 -0.000942499 0.00134933 0.00080639 0.00185858 -0.00393768 -0.00551645 0.000570735 -0.00296671 0.000590668 0.000291784 0.00219738 -0.000192869 2.47044e-05 0.0150137 -0.00562652 -0.00385635 -0.000867476 -6.70255e-06 -0.000385674 1.52432e-05 -0.00961883 0.00344099 -7.15939e-07 -0.000455637 0.00614129 0.00219165 0.00237657 0.00170696 0.00284993 0.000918215 0.00184463 4.26499e-05 0.00544346 -0.000543088 0.000149229 -0.000808663 -0.00233526 -0.00145713 -0.00139841 -0.00262851 0.00237897 0.000976633 -0.0012331 6.21249e-05 -0.00169235 0.000517139 -3.19335e-05 -0.00876396 0.000137339 -0.000243973 -0.000469347 -0.00760877 0.00012521 3.37818e-05 0.00224414 0.00578659 -0.00573449 0.00232093 -0.00119247 -0.00401055 0.000945576 -0.00208292 0.00218802 0.00158524 -0.00156419 -7.29769e-05 1.03691e-05 0.00532889 9.41495e-05 0.00102832 0.00337636 -6.19213e-06 0.00190204 0.000225764 -0.000891552 -0.00269816 -2.32348e-05 -0.000934678 0.000511658 1.58473e-05 -0.000539837 0.000398512 0.000405772 -0.00536245 0.000149699 0.00238204 -0.000635944 0.00127965 -7.97658e-05 0.00160415 0.000171198 0.00514051 
0.00147108 0.00840721 7.24104e-06 -3.28495e-05 0.00196914 0.00486308 0.0765773 0.0051011 -0.0281744 0.0236675 0.0023046 0.00548899 -0.0250581 0.0389687 -0.0071555 0.0367004 -0.000192661 -0.00905184 -0.0154457 -0.0208744 -0.00226399 -0.00562652 0.239292 -0.0500104 0.00273932 -0.000280362 0.0108536 -0.00262909 0.0151064 -0.000145512 -4.38802e-05 -0.0509914 0.00170522 -0.00230587 0.00250856 -0.0207349 0.00891536 -0.00433073 0.00703283 -0.000156052 -0.00680024 -0.0441863 0.0195156 0.00244083 -0.00510279 0.0297229 -0.0672213 0.0300147 -0.00276531 -0.00751368 -0.00146275 0.000130871 -0.0621652 -0.000965452 -0.00208255 -0.000934144 -0.012587 0.00706235 0.0099205 -0.0120777 -0.00140959 -0.00021404 -0.00109133 -0.00155323 -0.0337758 -0.0197719 0.0504574 0.0163235 -0.00369932 0.0115921 0.0211063 -0.0135409 -0.00546696 0.000567869 -0.000154977 -0.0427997 -0.000136851 -0.0125712 -0.00637177 -0.000855071 -0.00685822 -0.0695098 0.0208546 -0.0535596 0.00156031 0.0208009 -0.00134364 0.0124372 0.0181452 0.0247307 0.000554591 0.0487645 -0.000169287 -0.0242348 0.00491173 -0.028775 0.00205819 -0.0020865 -0.0047451 -0.0412896 
-0.0111766 0.0033161 -0.00570893 -0.000206815 -0.00510777 -0.0165222 -0.0370025 -0.0190051 0.0271068 -0.00727652 -0.0217192 -0.0275731 0.0747288 0.0118921 -0.00204514 -0.0448104 -0.00269543 -0.00287237 0.00919342 -0.00774136 -0.00212779 -0.00385635 -0.0500104 0.16627 0.0154375 0.00168689 -0.00248146 -0.00275783 0.0419376 0.00234378 -0.000100718 -0.00309075 -0.0174526 -0.0155717 -0.0194243 -0.00914651 -0.0198396 -0.00703748 -0.0168205 -0.00216241 -0.025118 0.00166634 0.0106693 -0.00739763 -0.0207937 -0.0444777 0.035954 -0.00951322 -0.00427911 -0.00961822 0.0214228 -0.00142018 0.0281739 0.00110115 -0.000800099 0.0808735 0.00269539 -0.0135955 -0.0181861 0.0278011 -0.00207378 -0.000571167 -0.00406592 -0.0265212 0.0634986 0.00938357 -0.0435748 0.0230469 -0.00261753 0.0165857 -0.0285376 0.0482076 0.0511876 -0.00434388 -0.00163661 0.0063184 -0.00053608 0.00688904 -0.0253141 0.00284657 -0.0444444 0.0368611 -0.00106238 0.0576825 -0.0121514 -0.0593466 -0.00217918 -0.0258647 0.00363979 -0.0211967 0.000274721 -0.0135816 -0.000437575 -0.00028326 -0.00120921 -0.00941662 -0.00865491 -0.000928415 -0.00282383 -0.0087755 
-0.00269199 -0.00391822 -0.000342273 -5.39189e-05 -0.000410016 0.0218142 0.0187366 -0.00412168 0.00865699 -0.0210344 -0.00836766 -0.00924541 -0.0113478 0.0154899 -0.00288442 -0.0389744 0.000665106 0.0003454 -0.00248536 -0.00874328 3.29918e-05 -0.000867476 0.00273932 0.0154375 0.142812 0.000940048 0.00938843 0.00191511 0.00796753 -0.00673355 -4.76438e-05 -0.0207173 -0.0226381 -0.000117314 -0.00848325 -0.00810381 -0.00923881 -0.00198232 -0.00947354 -0.00027637 -0.0137686 -0.0163111 -0.0271849 0.0273152 -0.0173619 -0.010635 0.0169645 0.0674804 -0.000833412 -0.00268538 -0.00651764 -0.000530569 -0.0235415 -0.000578501 -0.000527869 0.0195364 0.00546126 -0.000988743 -0.00668548 0.0189688 -0.000302446 -0.000151289 0.00293208 -0.0103573 0.0337127 0.0211433 0.0138687 -0.055835 0.00165798 0.0775097 -0.0118005 0.0420558 -0.0651016 -0.00157728 -0.000440403 -0.0354825 -0.000124474 0.00245552 -0.0100601 0.000240399 -0.0199676 -0.0208723 0.0277776 -0.0472681 -0.00368149 -0.0143853 -0.00064477 -0.00544634 0.0044666 -0.0462547 -0.000378168 0.0503258 -3.60919e-05 0.0188334 0.00627041 -0.000753187 0.00532784 -0.00171876 -0.00167149 -0.0254832 
-2.31995e-05 -3.66517e-05 -0.000140434 1.78211e-05 -0.000131875 -0.000379962 -0.00340201 -0.000361171 -0.000851634 0.000662612 -0.000354034 -0.000274803 -0.00210568 -0.000729806 -0.000286299 -0.00037228 -7.79518e-05 -0.000123583 -0.000508451 -0.000369244 -8.34343e-05 -6.70255e-06 -0.000280362 0.00168689 0.000940048 0.0131491 -0.000150594 -0.000124795 0.00103091 0.000528455 -3.80487e-06 -0.00022864 -0.0012531 -0.000428 0.00025903 -0.000766401 -0.000454141 -0.000141131 -0.00064301 4.02943e-05 -0.00104214 -0.000936151 -0.000589277 7.73168e-06 -0.00120508 -0.00029169 -5.51286e-05 -0.000429686 -0.000116792 -0.00020909 0.0017856 -4.1867e-05 -0.00125981 8.5741e-05 -6.55155e-05 0.00124106 -9.27708e-05 -0.000272549 -0.000550475 -0.00220757 -4.72577e-05 1.68536e-05 -0.00020295 -0.000623413 8.15304e-05 0.00229695 -0.000529041 0.000636511 -7.94613e-05 0.0016057 -0.000388786 0.00432725 0.0011082 -6.86796e-05 -1.86513e-05 -0.0019803 9.57857e-06 0.00300478 -0.000696865 -5.72585e-05 -0.000110569 -0.000829644 0.000699544 -5.72234e-05 -8.39715e-05 -0.000689724 -4.65113e-05 -0.000268208 0.000243127 -0.0032299 0.000178607 0.0020707 2.98873e-06 -9.56878e-05 -0.000263968 -0.000927956 -0.00019417 -9.69957e-05 -0.000156233 -0.0015154 
-3.51325e-05 7.20245e-05 0.00142031 0.00046534 0.000400324 0.00415382 0.00314871 -3.89662e-05 -0.00391419 -0.00492978 -0.00141798 -0.00166385 -0.00755547 0.00101011 -0.000626548 -0.00298468 0.000212274 -0.000491208 -0.000882234 -0.00178701 -0.000132119 -0.000385674 0.0108536 -0.00248146 0.00938843 -0.000150594 0.0263527 -5.00594e-05 -0.00075822 -0.000525498 2.75707e-06 -0.00410105 -0.00334877 -0.000748167 0.0011137 -0.00221738 -0.00166587 -0.00024077 -0.00139942 -0.000138679 -0.0023592 -0.00344055 -0.00325104 -0.000556543 -0.0022391 0.0093822 -0.0046837 0.00994403 -0.000211918 -0.000496387 -0.00120864 -0.000116596 -0.00393784 0.00023998 -2.52442e-05 -0.00248834 0.00165685 0.00444228 0.000874433 -0.00526152 0.000116683 -3.69212e-05 -0.000462569 -0.00171808 -0.00324611 -0.000889286 0.0085562 -0.00509903 0.000180222 0.0105807 -0.000911486 -4.29286e-05 -0.00329098 0.00010739 -4.98138e-05 -0.00559959 -2.16129e-05 -0.00268139 -0.00157338 -7.10356e-05 -0.00277364 -0.0105125 0.00606962 -0.0121292 -4.05968e-05 0.00144419 -0.000100707 0.00146198 0.00445461 -0.00634381 -2.17184e-05 0.00953972 0.000120111 -0.000442501 0.0123432 -0.00258615 9.10776e-05 -6.3033e-05 -0.000179252 -0.0043649 
0.000130087 0.000448909 -0.000131322 -5.34982e-05 0.000153012 -0.00039757 -0.00127017 -0.000285172 -0.00179475 0.00315218 -0.000891709 0.00263705 -0.00166708 -0.00166231 -9.70095e-05 -0.00325167 -1.55608e-05 0.00117734 -0.000403475 -0.000489676 4.98536e-05 1.52432e-05 -0.00262909 -0.00275783 0.00191511 -0.000124795 -5.00594e-05 0.0152652 -0.00312175 0.00151681 6.16869e-06 -0.00100859 0.00470248 0.00351597 0.000426367 -0.000477697 0.00189958 0.00133815 0.00376086 5.65088e-05 0.0036355 -6.9115e-05 0.000220567 0.00255099 -0.00186827 -0.00105326 -0.00117943 0.00307168 -4.78957e-05 -6.51041e-05 -0.00148007 -1.44931e-05 -0.000871478 -3.10461e-05 0.000129985 -0.00128298 -0.000292109 -0.000304901 -0.000652222 -0.00447915 -5.41204e-05 -9.09036e-06 -0.000126301 0.00387916 -0.00330044 -0.000456713 -0.00113579 -0.00516248 -0.000212443 0.000984633 -2.82268e-05 -0.00143685 -0.00636138 -7.78048e-05 -1.2268e-05 0.00229093 6.12277e-05 -0.00143671 0.00367216 -0.000192657 0.00158708 -0.00532198 0.000628838 -0.00503856 -0.000230685 -0.00101019 0.000871315 -0.000252624 6.52151e-05 -0.00340171 -7.83571e-05 -0.000380419 7.05354e-05 0.000736155 0.000421066 8.61404e-05 0.000283907 0.000299004 0.000253608 0.00402347 
-0.00609874 0.000772092 -0.005136 -0.00126375 -0.00176982 -0.0032252 0.019153 -0.00551889 0.00823355 -0.0188401 -0.0072198 -0.0179234 0.0358257 0.033951 -0.00769083 -0.000676347 -0.0032738 -0.00886846 -0.0090714 -0.0130986 -0.00300362 -0.00961883 0.0151064 0.0419376 0.00796753 0.00103091 -0.00075822 -0.00312175 0.084619 -0.00512551 -0.000164428 -0.00648966 -0.0294645 -0.0130883 -0.0087614 -0.0162656 -0.0244255 -0.00742826 -0.024958 -0.00160645 -0.0325651 -0.0122183 -0.0103205 0.00391077 0.00955951 -0.00734763 0.0128035 0.0138087 -0.00590966 -0.0153881 0.00764719 -0.00079804 0.00918058 -0.000544763 -0.00309333 0.0583941 -0.00522676 -0.00536059 -0.000322457 0.0411069 -0.00256203 -0.000686235 -0.00807009 -0.0318745 0.0559208 -0.00445948 0.0015677 0.0255193 -0.00671003 0.0102965 -0.0186283 0.0170782 0.016097 -0.000325045 -0.00133665 -0.0205535 -0.000548958 -0.00595027 -0.0273429 -0.000717661 -0.0277431 0.00983067 0.00410298 0.0223772 -0.00436003 -0.0144182 -0.00198698 -0.0066876 9.98325e-05 -0.0039726 -0.00152837 0.0367186 -0.000559741 -0.0103358 -0.00225061 -0.0133353 -0.000438513 -0.00372327 -0.00223166 -0.0182292 
-0.000560115 0.000678591 -0.000450427 0.000206193 0.000193367 -0.00850992 -0.0124762 0.000824208 -0.00672327 0.012001 -0.00305742 -0.000224958 0.00211708 -0.00625487 0.00156098 -0.0100641 -0.000131504 2.51297e-05 -0.000721823 -0.00120558 -9.57557e-05 0.00344099 -0.000145512 0.00234378 -0.00673355 0.000528455 -0.000525498 0.00151681 -0.00512551 0.043489 -3.68568e-06 -0.00613819 0.0236604 -0.00117802 0.00269033 -0.00241899 0.00628376 0.00110978 0.00445681 -0.000101626 0.00803103 -0.00145857 0.0147379 -0.00333648 -0.00638086 -0.00227074 -0.00790079 -0.00596753 0.00186896 0.000280673 -0.0027862 -6.5683e-05 0.00155253 -0.000102981 0.000121129 -0.00580199 -0.000666499 -0.000981674 -0.00174492 -0.0250435 0.000975764 -6.56767e-05 0.000796909 0.0106958 -0.0247236 -0.00253933 -0.00540252 0.00698865 -0.00066032 -0.00338948 0.00178153 0.00194538 0.00969322 -0.000377011 3.88693e-05 0.0178725 2.52741e-05 4.16036e-05 -0.000296337 -7.2508e-05 0.00746237 -0.00824062 -0.00187033 0.00171951 -0.000823675 -0.00332317 0.000138647 -0.00131971 -0.000558152 -0.00211647 0.000717706 -0.0177562 0.000131422 -0.00129488 0.000127609 -0.00296512 -0.000536225 0.00435031 0.000219719 0.0162445 
-1.13427e-06 -3.39133e-06 1.00869e-06 1.19926e-06 2.37606e-05 -2.10103e-05 -2.12979e-05 4.81241e-05 -4.97161e-05 0.000130107 -8.98034e-07 0.000119956 -9.80523e-05 3.15181e-06 -6.34866e-06 8.12958e-05 1.08317e-06 -5.19715e-06 4.08539e-05 -2.09596e-05 -1.61237e-06 -7.15939e-07 -4.38802e-05 -0.000100718 -4.76438e-05 -3.80487e-06 2.75707e-06 6.16869e-06 -0.000164428 -3.68568e-06 0.000358749 -5.36309e-05 9.17812e-05 4.61326e-06 7.36783e-06 -2.76774e-05 3.62276e-06 4.02637e-06 7.02085e-05 -1.22943e-06 0.000133881 -3.74025e-05 3.98604e-05 -1.20308e-05 -5.08012e-05 -2.21934e-07 -7.24922e-05 -5.63168e-05 2.03797e-05 5.39911e-07 -3.82865e-05 2.57039e-06 -6.39173e-05 1.23037e-06 -1.91384e-06 -0.000191087 1.52475e-05 2.76634e-05 1.29885e-05 -0.000149098 -7.40441e-07 2.22326e-07 -8.00459e-06 5.52863e-05 -0.000183769 -1.92657e-05 1.23121e-06 -8.88317e-06 5.01077e-06 -3.34299e-05 6.9075e-05 -7.24724e-05 4.68735e-05 2.77362e-05 -1.00375e-06 0.000101939 4.49333e-06 -4.35403e-05 0.000146598 -4.87961e-06 3.93105e-05 -0.000120152 -1.42905e-05 -4.75842e-05 9.83669e-06 3.33913e-05 2.26682e-07 2.45598e-05 -1.33264e-05 8.57335e-05 -2.91886e-08 -8.15743e-05 1.12993e-06 -3.49164e-05 -2.88462e-06 -2.62428e-05 -5.81673e-06 1.52455e-05 1.07159e-05 0.000140595 
0.0050625 -0.00341069 -0.000792759 -0.00107869 -0.00233605 0.0126312 -0.0364977 -0.00317329 0.00791969 -0.0395343 0.00882107 -0.0115679 -0.0406476 -0.0414373 0.00473079 -0.00032429 -0.000286662 0.00666961 -0.00601434 0.0423393 0.00262221 -0.000455637 -0.0509914 -0.00309075 -0.0207173 -0.00022864 -0.00410105 -0.00100859 -0.00648966 -0.00613819 -5.36309e-05 0.154206 -0.0254097 -0.00523207 0.00419194 0.0254719 -0.0129319 -0.000705201 -0.0111673 -0.000687231 -0.0123657 0.0453389 -0.0299338 0.00130566 0.0136943 0.000109059 0.0461763 -0.00989011 -0.000388133 0.0120821 -0.0108267 -0.000394499 0.0404873 -0.000687879 0.00136762 -0.00869204 -0.000562861 -0.00310479 -0.00503513 0.0294577 0.000595498 0.000339464 0.00681596 -0.0122668 -0.000698006 -0.00586873 -0.0220679 -0.0364764 -0.000636709 -0.0256251 -0.0133044 -0.0124158 -0.0249287 -0.000684619 0.000753192 -0.035588 -0.000141051 0.0307054 -0.00917308 -0.0041334 0.00618594 0.0573754 -0.00759376 -0.00135077 0.00816165 0.0123319 -0.000718039 -0.00462335 -0.00639295 -0.0301971 -0.00106254 0.0138226 -9.39394e-05 0.0295124 -0.00346805 0.0636891 0.00157873 -0.00196933 0.00239797 -0.0190808 
0.00107265 0.00710236 -0.00127891 0.000413939 -0.000175213 -0.0245254 -0.0308596 0.00481995 -0.0116207 0.0673765 -0.00829656 0.0263284 -0.0169642 -0.0176369 -0.000796045 -0.0159714 0.000594049 -0.0016445 -0.00283959 -0.0110232 -0.000393346 0.00614129 0.00170522 -0.0174526 -0.0226381 -0.0012531 -0.00334877 0.00470248 -0.0294645 0.0236604 9.17812e-05 -0.0254097 0.122925 0.0172975 0.00432933 -0.0106012 0.0421553 0.00851356 0.0418223 0.000389892 0.0496829 -0.0066883 0.0516852 -0.00707679 -0.0168308 -0.00894335 -0.0290334 -0.0173564 0.00341099 -0.00117969 -0.00496173 0.000769877 -0.000176735 0.000453252 0.000454903 -0.0263949 -0.00257172 -0.00253166 -0.0033481 -0.0867638 -0.000196447 -0.000227845 -0.000283263 0.0487023 -0.0658565 -0.00506889 -0.0127468 -1.64382e-05 -0.00203877 -0.0152096 0.0184879 -0.0107404 0.00784683 -0.00106715 -0.000330113 0.0614501 0.000585509 -0.0111382 0.0386783 0.00164676 0.018534 -0.0427938 -0.0067559 -0.0210343 -0.00293277 -0.0120208 0.00291801 -0.00242539 -0.000590821 0.017963 0.00177318 -0.0585268 0.000150571 -0.0136552 -0.00132496 -0.0137374 -0.000733648 0.00468427 0.00157901 0.0566047 
0.00184849 0.000686678 0.000181113 -0.000273414 0.0014685 -0.00392393 -0.00446289 0.000516122 -0.00523292 0.0201292 -0.00311311 0.0135777 -0.0133279 -0.00971996 -0.00102971 -0.00635205 6.54073e-05 0.00140994 -0.00216757 -0.00137046 -0.000104405 0.00219165 -0.00230587 -0.0155717 -0.000117314 -0.000428 -0.000748167 0.00351597 -0.0130883 -0.00117802 4.61326e-06 -0.00523207 0.0172975 0.0406399 0.00478708 -0.0020534 0.0196581 0.00330876 0.0151907 0.00121884 0.0167276 -0.00216434 0.00683102 0.00343953 0.00343949 -0.00311943 -0.0101265 0.00314349 -0.000191493 -0.000371747 -0.00416623 0.00126956 -0.00474887 0.000113626 -0.00022137 -0.0140839 -0.000343171 -0.000735993 -0.00153392 -0.0164448 -4.18073e-05 -4.54722e-05 -0.000557212 0.0174426 -0.0191173 -0.00250218 -0.0023385 -0.0197595 -0.000577455 0.00274953 0.0112278 -0.00510843 -0.0115779 -0.000191715 -4.21041e-05 0.00839702 0.000157677 0.000865419 0.019001 9.45009e-05 0.0103296 -0.0110568 0.00178634 -0.0163204 -0.000484842 -0.00226686 0.00139855 0.00145962 -6.896e-05 -0.000993598 -4.67848e-05 -0.0141801 -5.24782e-06 -0.00230243 -0.000767486 -0.00403954 -0.000304988 -0.000403449 -0.000163805 0.0077478 
