0.0091624 -0.000385217 2.19577e-05 -0.00494527 0.00135042 0.00131847 -3.54173e-05 2.41444e-05 -0.000169495 0.000226275 -9.05356e-06 0.000180985 0.00295052 1.32648e-05 -0.00289973 -0.000133683 -3.38714e-05 -7.69295e-05 0.000226187 0.00191241 0.00185368 -0.000802764 0.00292316 2.02871e-05 -0.00295178 -0.00123054 -0.000108898 -6.40924e-06 0.000455315 -0.00187473 -0.00359186 -0.000743817 -1.30998e-06 0.000320939 9.25402e-05 -0.00456755 -0.000604014 0.000248231 2.34508e-05 3.38803e-05 0.000686669 -1.88746e-05 0.00111679 0.000913595 7.18067e-05 1.39614e-05 -1.50915e-05 0.00039395 0.00185822 -0.00243358 0.000111044 0.000514608 0.000730708 9.32796e-07 -0.00269709 0.000562982 0.000858516 8.92056e-05 8.91752e-06 7.28411e-05 -4.44969e-05 0.00150757 -1.23801e-05 -2.17416e-05 -0.000568747 -0.000795172 0.000488982 0.000132033 0.00147822 -0.00136615 -0.0011169 -2.75664e-05 0.000230649 -0.00542146 0.0029455 -0.000162005 -0.000237505 0.000645797 0.00147425 0.00181679 -0.000165328 0.00309016 8.02813e-05 0.00154843 0.000349075 -9.47597e-05 -0.00233083 -0.00135058 0.000882778 -0.000359796 -7.28035e-05 0.00128425 -0.000170325 -0.00216735 4.25664e-05 9.7335e-06 -0.000269555 -2.11115e-06 -1.57268e-05 -0.00226009 
-0.000385217 0.110221 -1.97528e-05 0.014556 -0.00371392 0.0123231 0.00057262 -6.43318e-05 0.000585735 -0.00031933 0.000340741 -0.000487289 -0.00956477 -0.000218058 -0.0234655 0.00452689 8.83058e-06 -0.000176733 8.96585e-05 -0.00214124 0.00475703 0.0183896 -0.0156503 -0.0129858 -0.0133142 -0.00995597 -0.0006013 1.94684e-06 -0.000438131 -0.0428283 0.00781624 -0.00421428 -0.00317831 -2.9183e-05 -0.00057844 0.0168169 0.0300456 -0.000402805 -0.00277843 -9.66421e-06 -0.000800011 0.0123723 -0.00380598 -0.000512336 -0.00214709 -0.000121006 -0.00187097 0.000464396 -0.00595554 0.000134855 0.000857652 0.00523316 -0.00104498 -0.00123059 -0.0182449 -0.00742902 -0.00174805 -0.000575953 0.00333262 -0.000173905 -0.00116 -0.0212073 -0.000139803 -8.43361e-05 -0.00539786 -0.00775891 -0.00128626 -0.000545665 -0.00635145 -0.00864637 0.0421409 0.00477592 -0.000932799 -0.0247283 -0.00216269 0.0216815 -0.00424873 -0.0248263 -0.00260458 -0.00513244 -0.00222538 -0.0264376 -0.000590186 0.00854909 -0.000241398 0.00327112 0.0390715 0.0209032 -0.00214102 0.00716988 0.00279082 -0.00792822 -0.00885151 0.00352029 0.000307428 0.000816853 0.00408281 -3.59607e-05 -0.00109751 -0.0425842 
2.19577e-05 -1.97528e-05 0.000254413 -9.64799e-05 2.40204e-05 -2.63472e-05 -1.52452e-06 2.45093e-06 -4.62182e-06 5.80982e-06 1.53717e-05 2.30951e-05 3.26772e-05 2.79836e-06 -3.47654e-05 -5.01493e-05 6.61653e-06 4.15098e-05 5.26485e-06 1.13915e-05 -4.29322e-05 -5.96058e-06 -2.2043e-05 -1.19372e-05 -9.35704e-05 -3.06975e-05 -1.94238e-05 9.21896e-07 7.89193e-06 -2.64359e-05 -4.06758e-05 6.07617e-05 -1.6342e-06 2.95205e-06 3.66845e-06 -9.37143e-05 -4.1185e-05 3.36734e-05 -9.80805e-06 3.14232e-06 -3.07043e-06 -3.20091e-05 7.04616e-05 8.1738e-05 1.22856e-06 1.33823e-06 1.16194e-05 7.22617e-06 9.92085e-05 -3.17432e-05 -3.22469e-06 -5.26849e-06 5.93495e-06 4.97092e-06 -8.29017e-05 2.72275e-05 4.97204e-05 1.90023e-05 7.589e-06 -6.18393e-07 2.75192e-05 6.77803e-05 1.84639e-06 3.43324e-06 -2.77902e-06 2.68689e-05 1.44896e-05 1.06483e-05 -1.5662e-05 -3.29243e-06 1.35706e-05 5.57436e-06 2.05628e-06 -0.000105814 4.60624e-06 9.92896e-06 2.81591e-06 -4.04375e-05 6.80299e-05 3.01587e-05 -3.3645e-06 -2.46196e-05 1.14764e-05 -5.61257e-05 -3.19728e-06 4.24967e-06 -5.07987e-05 -0.000108153 5.7068e-05 -2.03503e-06 4.61767e-05 4.8411e-05 9.30127e-07 -0.000114773 1.1628e-05 2.67735e-06 1.62026e-05 5.58779e-06 7.12852e-07 -7.85551e-05 
-0.00494527 0.014556 -9.64799e-05 0.160659 -0.0145908 -0.022329 -0.000640408 -0.000365955 0.00214497 -0.0026994 -0.00388623 -0.00190915 -0.0310376 -0.00150297 0.0319739 0.0233255 -0.00129164 0.000612622 -0.00135719 -0.0127236 -0.00950619 -0.0207968 -0.0269582 -0.0158363 0.011673 0.0151553 0.0221068 -6.11488e-05 -0.00564895 0.0289929 0.0351967 -0.00757392 -0.0181734 -0.00138689 -0.00379945 0.0632675 0.0118033 -0.00295393 -0.00477649 -0.000344074 -0.00601203 -0.00465311 -0.0308395 -0.0133251 -0.00868435 -0.00251415 -0.00408874 -0.000913435 -0.0391809 0.0223874 -0.000528796 -0.0146812 -0.00772634 -0.0115374 0.0373173 -0.0545115 -0.0190159 -0.0017826 0.000225855 -0.000541475 -0.00261739 -0.0392112 9.77726e-05 -0.000969332 0.00255898 -0.00263375 -0.00702504 -0.00304446 -0.00571924 0.0197831 -0.00443752 -0.00146235 -0.0116464 0.0556638 -0.022673 -0.00367337 -0.00281867 0.000120399 -0.0178633 -0.0331761 0.00174156 -0.0260447 -0.00157729 -0.0122682 -0.00705181 -0.00666089 0.040144 0.0238828 -0.00879709 0.0023804 -0.00580251 -0.0289651 -0.0118165 0.0375801 0.00117241 0.000373414 -0.0066619 -0.000185437 -0.00328984 0.0489231 
0.00135042 -0.00371392 2.40204e-05 -0.0145908 0.0402457 0.00195401 -3.42322e-05 -4.8213e-05 -0.000170345 -0.000124007 -3.53675e-05 -2.23763e-05 0.000901291 -4.42979e-05 -0.0137796 0.0108488 -0.000151353 -0.00035052 0.000273052 -0.00132017 0.00187314 0.00919057 -0.00256664 5.92943e-05 0.00359397 -0.00318925 -0.00820429 -7.56421e-05 -0.000376016 -0.00484653 -0.00925484 -0.00401641 0.000391567 0.000132408 0.000121496 -0.0052843 -0.00588168 4.67365e-05 -0.000945637 0.00014193 0.000499685 0.00930616 -0.00216416 -0.00112199 0.000906017 0.000645007 -0.000381272 -6.1213e-05 0.000854176 -0.0069976 -0.000380531 -0.00150249 -0.000107866 -0.000351876 -0.0047877 0.0111373 0.00175879 -0.000189609 -0.00108346 -0.000165195 -0.000285033 -0.00567592 -3.73531e-05 -0.000100234 -0.00175247 0.000444871 -0.000105598 2.69074e-06 -0.00378741 -0.0051592 0.00622839 -0.000111149 0.000555572 -0.000121425 -0.000653827 0.00293358 -0.00188242 0.00659774 -0.000100081 0.00739269 -0.000885864 0.00951687 -0.000176579 0.00370958 -0.000528022 -0.000506853 -0.00555536 0.0070461 -2.45174e-05 -0.00214169 0.000448929 0.00455808 -0.00270226 -0.00055134 -0.00095841 -0.000152066 -0.00120651 -6.92432e-06 0.00136042 -0.0135611 
0.00131847 0.0123231 -2.63472e-05 -0.022329 0.00195401 0.201184 0.00306052 0.000235196 -0.00263547 0.00115689 -0.00152961 -0.00108919 -0.00652778 -0.000404337 -0.0377943 -0.0218074 -9.64819e-05 -0.000901592 0.000327385 0.00443888 0.0324217 0.00216241 0.00147916 0.0218581 -0.00315144 -0.0160492 -0.0174675 -0.000262747 -5.23124e-05 -0.0557917 -0.000871864 0.0118049 -0.00166063 0.00181669 -0.000749016 -0.0245391 0.0244239 0.00196958 -0.0108566 -0.000152175 0.00578769 -0.00930544 0.0134103 0.0045705 -0.00409626 9.55055e-05 0.00342961 0.00046349 0.0110337 -0.077222 -0.00108466 -0.00593495 -0.000796898 -0.00389642 0.0121094 0.00400379 0.00411062 0.000285075 0.00589903 -0.000192125 -0.00303263 0.0376828 -0.000281061 0.000152066 -0.014663 -0.0232171 -0.000977032 -0.000881744 0.00665739 -0.040426 -0.0180125 -0.00240417 -0.0018113 0.00577805 0.00339815 -0.0140169 -0.0103934 0.00801898 0.007534 0.0296707 -0.00368349 0.0199371 -0.000988074 0.0583793 0.00306363 0.003863 -0.0425183 0.0404711 0.00416443 -0.0105067 5.75669e-05 0.00437216 -0.0184985 -0.00207334 -0.000768205 -0.00129976 -0.00779801 -6.02709e-05 -0.00162729 -0.0731208 
-3.54173e-05 0.00057262 -1.52452e-06 -0.000640408 -3.42322e-05 0.00306052 0.00802117 -3.98621e-06 6.64312e-06 0.000127829 -8.11042e-06 -3.48127e-05 -0.00025575 1.22509e-05 -0.00178967 -0.00122969 2.49809e-05 -6.33997e-05 0.000173953 -0.000207462 0.00127251 0.0004939 -0.00081635 -0.000871146 -0.00134906 -0.000242891 -0.000931447 9.53329e-06 -2.46085e-06 -0.00351537 0.00205394 0.00164792 0.000333137 -1.69324e-06 5.93356e-05 0.000583862 0.0015381 -4.70651e-05 -0.000142944 5.50413e-06 0.000146546 0.00321909 0.000827973 -0.000274999 -2.09273e-05 7.00906e-06 -0.00013506 1.87582e-05 -0.000466955 -0.00145628 0.000120815 -0.00023192 -3.56456e-05 -3.0882e-05 0.000423827 -0.000278432 -0.000207939 -1.74344e-05 0.000515245 9.94744e-05 -8.30848e-05 -0.000847946 -1.32815e-06 0.000199158 0.000250947 -0.000896085 -0.000125664 -1.72276e-05 -0.000601624 -0.00115411 -0.000507577 -1.13955e-05 -5.55481e-05 -0.000163399 -0.000307521 -0.000102971 -0.000129188 -0.000924502 -0.000175618 -4.04503e-05 -9.73482e-05 -0.00133454 -2.61958e-05 0.000309671 0.000337195 -0.000136884 -0.000437173 0.000404431 -0.000141978 -0.000169577 -4.83607e-05 0.000412369 -0.000358461 -9.15979e-05 8.21144e-06 -1.88706e-05 -0.000180707 -2.12822e-08 7.29336e-05 -0.00280303 
2.41444e-05 -6.43318e-05 2.45093e-06 -0.000365955 -4.8213e-05 0.000235196 -3.98621e-06 0.00128273 -1.87807e-05 0.000139897 -1.68978e-06 2.03498e-05 0.000126936 4.96934e-06 -0.000116279 -0.000276322 2.21235e-05 -4.52581e-06 2.73719e-05 0.000404784 6.69446e-05 -0.000151828 0.000267414 -0.000134706 -0.000431164 -0.000135198 0.00014705 1.30124e-05 6.98785e-05 -0.000205428 -0.000402924 8.28929e-05 1.60392e-05 2.76204e-05 -2.72026e-06 -0.000630478 -0.000113609 -2.5169e-07 6.96353e-05 -9.98988e-07 8.11122e-05 -0.000281908 0.000341091 0.000184491 -4.32202e-06 -3.43604e-06 2.5114e-05 3.53424e-05 0.000157018 -0.000305403 5.1366e-06 0.000111365 0.000163451 -9.99613e-06 -0.000108324 -0.000107738 5.27568e-05 6.20471e-05 1.82184e-05 5.00612e-05 -1.10146e-05 4.3538e-05 -1.5842e-06 1.34355e-05 -5.14161e-05 -0.000158923 0.000107189 4.18191e-05 0.000509531 -4.74201e-05 -0.000217826 3.07667e-05 6.92655e-06 -0.000587789 0.000319046 -9.24099e-05 0.000208953 -2.04256e-05 0.000196524 6.94661e-05 -2.55427e-05 0.000128463 -1.85874e-06 1.49555e-06 0.000367128 -9.1623e-06 -0.000235205 -0.000477417 0.000185103 -6.16843e-05 3.54597e-05 5.40618e-05 -2.33621e-05 -0.000525925 9.69742e-05 3.9102e-06 -2.52376e-05 4.77811e-06 -3.64913e-06 -0.00025484 
-0.000169495 0.000585735 -4.62182e-06 0.00214497 -0.000170345 -0.00263547 6.64312e-06 -1.87807e-05 0.0185889 4.40174e-05 0.000777478 0.000246307 -0.000985954 -2.18588e-05 0.000755358 -0.000660182 0.000120377 -1.06941e-05 0.000180449 -0.000673096 -0.00381305 0.00588869 -0.00223114 -0.00101652 0.00389037 -0.00149879 -0.00321776 0.000200881 -0.000144854 -0.0050708 0.00226972 -0.00282567 0.00107995 -7.10654e-05 -5.86474e-05 0.00200941 -0.00250652 -0.000120026 0.000143574 3.80286e-05 -0.000167699 0.00121771 -0.00151678 -0.000629764 0.00258271 -5.73586e-06 -0.000105732 4.23085e-05 -0.00102526 0.00056768 0.000641391 0.000629337 -7.07434e-05 0.000267059 -0.00174812 0.00042787 -7.16685e-06 8.09875e-05 -5.75849e-05 -9.24189e-07 -0.000173308 -0.00330251 7.0398e-05 1.59342e-05 0.00200076 0.00176546 -0.000486062 -2.66542e-05 -0.00191792 0.00104263 0.0039913 -0.000111657 -0.000226648 -0.00181454 -0.000652281 0.00112369 0.000216667 -0.00387043 -0.00036711 -0.000207114 0.00177651 -0.00420272 6.01214e-05 -0.00672711 -0.000126588 0.000227088 -0.00053459 -0.00129408 -0.000343013 0.00460979 -0.000110257 5.29171e-05 -0.00121642 -0.000998192 -0.000399425 0.000112955 0.00217732 1.36725e-06 -6.05149e-05 -0.00224282 
0.000226275 -0.00031933 5.80982e-06 -0.0026994 -0.000124007 0.00115689 0.000127829 0.000139897 4.40174e-05 0.00435219 4.53114e-05 8.01499e-05 0.000868856 5.30789e-05 -0.00101924 -0.00175586 0.000253997 3.0337e-05 0.00030783 0.0016297 0.000196345 3.11202e-05 0.000589562 -0.000525301 -0.0019772 -0.000448063 0.000236108 8.04244e-05 0.000285965 -0.00140364 9.24456e-05 0.00195872 0.000419075 0.00015976 2.14666e-05 -0.00256863 3.83989e-05 1.69202e-05 -0.000100758 1.76844e-06 0.000168916 0.000891074 0.00128617 0.000135265 4.99825e-05 -2.85345e-05 0.000430006 0.000620242 0.0005651 -0.000658791 -3.6368e-06 0.000323824 0.000902099 5.17676e-05 -0.00067677 -0.000224628 0.000419922 0.000200085 1.77063e-05 0.000243425 0.000236176 0.00109441 6.59445e-06 7.15435e-05 -0.000222618 -0.000731638 0.000341923 0.000718591 0.00197022 -0.000400705 -0.00054218 -3.57602e-05 0.000218964 -0.00256911 0.000467103 0.000108003 0.000621027 -0.00094372 0.000166128 -8.78183e-05 -1.46135e-05 -0.000501993 -2.1858e-05 -0.000387941 0.00166256 -2.9981e-05 -0.000695154 -0.00204241 -1.59743e-05 -8.38737e-05 0.000125984 -0.000185593 -7.71427e-05 -0.00283799 0.00127786 0.000108668 0.000229646 1.10836e-05 -1.80062e-05 -0.00221246 
-9.05356e-06 0.000340741 1.53717e-05 -0.00388623 -3.53675e-05 -0.00152961 -8.11042e-06 -1.68978e-06 0.000777478 4.53114e-05 0.00674557 0.000412456 0.00101982 0.000144244 -0.0011507 -0.00180157 -1.26024e-06 -3.68128e-05 0.000105237 -8.18866e-07 -0.000522977 0.00228417 -6.50638e-05 0.00150615 0.000301422 -0.000686223 -0.00123303 0.000120047 1.92608e-05 -0.00204587 -0.00191057 -0.000333014 0.000915865 -1.32691e-05 0.000509263 -0.00281438 -0.000876283 7.63251e-05 0.000890907 2.36124e-05 2.69111e-05 -5.34887e-05 0.00050184 0.000772553 0.000922507 0.000379815 0.000371336 1.86675e-06 0.00149533 -0.00104005 -5.82487e-05 0.000464212 -1.15016e-05 0.000560464 -0.00264409 0.00285779 0.000510162 8.60815e-06 -3.10609e-06 9.44161e-06 7.67099e-05 -0.000272708 -2.16317e-06 7.76886e-06 0.00112341 0.00191435 0.000628556 3.90118e-05 -0.000381738 -0.000445827 0.00191754 0.000133149 0.000294032 -0.003957 -0.000233095 0.00121974 -0.000235246 -0.00116185 0.000257237 -0.000209659 -3.50309e-05 -0.00143885 0.000414572 -0.00124288 -5.07666e-05 0.00122593 -0.000856348 -0.00185176 0.000289529 0.000896318 0.00050642 0.000841418 0.00118145 -0.00154668 -0.00011539 -2.49457e-05 0.0011871 4.2746e-07 5.78473e-05 -0.00251427 
0.000180985 -0.000487289 2.30951e-05 -0.00190915 -2.23763e-05 -0.00108919 -3.48127e-05 2.03498e-05 0.000246307 8.01499e-05 0.000412456 0.00488547 0.00114682 8.76713e-05 0.000930638 -0.000984703 -1.94139e-05 -3.23074e-05 -5.2864e-07 0.000397274 -0.000598159 7.09328e-05 -0.000323814 0.000429851 -0.000825152 -0.000546968 -0.000930963 2.77828e-05 0.000240357 -0.00041114 -0.000398925 0.000333378 0.000619968 1.26503e-05 0.000141474 -0.0010132 -0.000647286 0.000192237 6.27872e-06 -8.72783e-07 -6.94145e-05 -0.000585778 0.000773807 0.000295124 0.000149635 8.67185e-05 0.000496567 5.82944e-06 0.000989444 -0.000559381 -2.23927e-05 -6.02126e-05 8.49396e-05 0.000228115 -0.00102309 0.000679306 0.000365823 7.13659e-05 0.000730494 -1.67983e-05 0.000187046 0.000312199 2.90331e-06 6.74362e-05 -0.000149666 0.00103473 -2.73635e-05 5.33022e-05 0.000180476 0.00044493 -0.000334793 -1.37852e-06 0.000135817 -0.00192132 0.000116927 3.89465e-05 -5.28916e-05 -0.000548592 0.000384496 -4.8796e-05 -7.68614e-05 -0.000664031 7.73696e-05 -0.00053984 -8.6936e-05 -2.05327e-05 -0.000623777 -0.00161844 0.000176298 0.000631914 1.75074e-05 -0.000100526 0.000853162 -0.000977671 0.000167895 1.62074e-05 0.000781594 3.06907e-05 0.000170904 -0.000919315 
0.00295052 -0.00956477 3.26772e-05 -0.0310376 0.000901291 -0.00652778 -0.00025575 0.000126936 -0.000985954 0.000868856 0.00101982 0.00114682 0.0768424 3.57499e-05 0.00881503 -0.0285645 5.70091e-06 -0.00011655 0.000318995 0.0133442 -0.00851232 -0.012528 0.00945037 -0.00546675 -0.0353293 -0.00606836 -0.00544809 0.000205445 0.00199258 0.00816302 0.00427064 0.00846856 -0.00149689 0.00115478 0.00116055 -0.0135406 -0.01145 -0.000359942 0.00215818 -6.28476e-05 -0.00145274 -0.000176783 0.0198045 0.00563842 -0.00124091 -0.000474276 0.00219991 0.00125531 0.0190708 -0.000464995 0.00043172 -0.000726853 -0.000417315 -0.00108023 -0.000321008 -0.00524057 0.00348219 0.000600995 -0.00255013 0.000196902 -0.000688291 0.0260812 -1.47245e-05 4.34856e-05 0.00816314 0.0214831 0.00581991 -0.000341598 0.00189386 0.00138947 -0.0131584 -0.000173422 -0.00131262 -0.0182421 0.00460995 -0.00497326 0.0051926 -0.0116889 0.00754962 0.00426885 -0.00125062 -0.000537727 0.00262739 -0.0164334 0.0010659 -0.00129058 -0.0160901 -0.0387115 0.0056391 -0.00449413 -0.000732862 0.0110327 0.0240558 -0.00457842 -0.000841024 -0.000431862 -0.00110512 -1.38632e-05 -0.000171311 0.00170781 
1.32648e-05 -0.000218058 2.79836e-06 -0.00150297 -4.42979e-05 -0.000404337 1.22509e-05 4.96934e-06 -2.18588e-05 5.30789e-05 0.000144244 8.76713e-05 3.57499e-05 0.00279299 -0.000867804 5.65292e-05 0.000111293 6.67084e-06 9.33834e-06 -2.54215e-05 -6.45411e-05 0.000745591 0.000949511 3.96769e-05 -0.00100413 -0.000364569 -0.000528625 -3.20758e-06 0.000263974 -0.000702114 -0.00116673 -0.000182766 0.00061561 2.12659e-05 8.46973e-05 -0.00182028 -0.000436377 0.000125904 0.000417659 9.48631e-06 0.000191676 0.000430027 0.000320178 0.000234071 0.000106982 -1.80377e-05 1.11646e-06 1.37163e-05 0.000298755 -0.000398415 -8.84785e-07 0.000885103 0.000293011 0.000566589 -0.00181272 0.00118888 0.00100457 0.000117917 0.000248684 -1.13216e-06 0.000926846 0.000308438 -2.79186e-06 4.9492e-05 -0.000157882 -0.000128639 9.23328e-05 0.000337467 0.000755912 -0.000180767 0.00013635 1.99346e-05 0.00040308 -0.0018184 0.00134673 0.0010113 0.000169927 -0.000508822 0.00075599 4.66706e-05 -4.28458e-05 0.000238095 -6.3142e-06 -0.000753315 0.000280631 1.16224e-05 -0.000665585 -0.00121517 0.000279662 -0.000173245 6.25041e-05 0.000556832 -7.95879e-05 -0.00181982 -7.66467e-06 -5.62439e-06 0.000157714 -2.23901e-07 1.49028e-05 -0.00131196 
-0.00289973 -0.0234655 -3.47654e-05 0.0319739 -0.0137796 -0.0377943 -0.00178967 -0.000116279 0.000755358 -0.00101924 -0.0011507 0.000930638 0.00881503 -0.000867804 0.242446 -0.0832278 -0.000402923 -0.00028496 -0.000758894 -0.0051115 -0.0648302 -0.0530501 -0.0413995 -0.0329461 0.0113163 0.0643287 -0.0101146 -0.000463156 -0.00131629 0.0424029 0.0686683 0.0265801 -0.00469801 -0.000570114 -0.00119276 0.0466904 -0.0204005 0.00156091 -0.000614308 -0.000261225 -0.00629667 -0.0695864 0.0265944 -0.00374819 -0.00642684 -0.00153211 0.00230711 -0.00121166 -0.00353356 0.0604975 0.00382416 -0.014021 -0.00449232 -0.00478871 0.0271811 -0.0393675 -0.0014269 0.00109661 -0.00409275 -0.000941466 -0.00201614 0.0593479 0.000483562 -0.000380246 0.00389859 0.0318317 -0.000109945 -0.00210133 0.00457933 0.0633787 -0.0477325 -0.00219249 -0.00477539 0.0678571 -0.0123909 -0.030471 0.0203235 -0.0664814 -0.00657681 -0.0225571 0.00603873 -0.0792457 0.00124816 -0.120158 -0.00700738 -0.00766979 0.0255982 -0.0652807 -0.0039041 0.00197896 -0.00334329 -0.0147118 0.0260815 0.0112568 0.000491308 -0.000865413 0.00252011 8.48747e-05 0.0010137 0.0700154 
-0.000133683 0.00452689 -5.01493e-05 0.0233255 0.0108488 -0.0218074 -0.00122969 -0.000276322 -0.000660182 -0.00175586 -0.00180157 -0.000984703 -0.0285645 5.65292e-05 -0.0832278 0.249361 -7.97805e-05 -0.00214096 -0.00189389 -0.00814201 0.00572325 0.048598 -0.00293445 -0.0264341 -0.0265834 -0.0494355 -0.00705859 -0.000317763 -0.00298409 0.00510747 0.00825873 -0.0260047 -0.00352857 -0.00168984 -0.0027686 0.0306358 0.0120296 -0.0020227 -0.0164737 0.000272754 -0.00203373 0.0340355 -0.0103335 -0.0170864 0.00438404 -0.00374131 -0.00705014 -0.00166497 -0.013266 -0.0242895 -0.00636898 0.00231303 -0.0040206 -0.00126302 -0.00776875 0.0125878 -0.0048213 -0.00155715 0.000390032 -0.000866212 -0.00427885 -0.0776563 -0.000429005 -0.00034296 -0.0144743 -0.0355825 -0.0105682 -0.00206072 -0.0122606 -0.0434505 0.0653893 0.00114351 0.000140902 -0.0292052 -0.00998584 0.0280525 -0.0172942 0.0228076 -0.009613 -0.00659304 -0.00569244 0.0211707 -0.00278911 0.0694962 0.000926116 -0.00222467 0.0107835 0.0849974 -0.00829066 0.018116 -0.000377831 -0.0108407 -0.0366581 0.00459948 0.00302991 0.00143573 -0.000353353 -0.000164763 -0.00225645 -0.0139843 
-3.38714e-05 8.83058e-06 6.61653e-06 -0.00129164 -0.000151353 -9.64819e-05 2.49809e-05 2.21235e-05 0.000120377 0.000253997 -1.26024e-06 -1.94139e-05 5.70091e-06 0.000111293 -0.000402923 -7.97805e-05 0.00674392 0.000188747 1.8701e-05 4.40792e-05 0.00106093 -0.000130426 0.00151837 2.98021e-05 -0.000558718 -0.000540245 5.8276e-05 -1.04039e-05 -3.70009e-05 3.29133e-05 -0.000405199 -0.000467308 0.000315937 -6.13977e-06 0.000152175 -0.000779723 0.000483644 -2.20154e-05 0.000166953 -3.30838e-06 -1.51815e-05 -0.000636442 -0.00054696 -0.000121107 6.07298e-05 3.73405e-05 5.20087e-06 7.63616e-05 2.6252e-05 0.00046278 -3.62563e-05 -7.06179e-05 0.000302839 0.000820412 -0.000973229 6.93915e-05 -0.000131788 0.000151862 -9.4786e-05 1.59386e-05 0.000151476 0.000105815 -4.96091e-06 2.49848e-06 5.04856e-05 -0.000108707 9.3635e-05 0.000246855 -0.00047502 -0.000842862 9.24791e-05 -3.47774e-05 0.000839028 -0.00129331 0.00012257 -0.000506001 0.00088764 -0.000155206 -8.58113e-05 -0.000392434 -5.56923e-05 -0.000298693 -6.01767e-06 -0.00113837 0.0002341 0.000434548 -0.000160667 -0.00134739 -2.49509e-05 -0.000329593 0.000296261 -0.000186864 -3.0371e-05 -0.00130647 -8.20362e-06 -5.08101e-06 3.82098e-05 4.05042e-06 4.19758e-05 -0.000578066 
-7.69295e-05 -0.000176733 4.15098e-05 0.000612622 -0.00035052 -0.000901592 -6.33997e-05 -4.52581e-06 -1.06941e-05 3.0337e-05 -3.68128e-05 -3.23074e-05 -0.00011655 6.67084e-06 -0.00028496 -0.00214096 0.000188747 0.0089188 -3.75782e-05 -0.000337268 -0.000844156 0.000771918 -0.000565166 -0.000900493 -0.00309159 -0.00102193 -0.0011286 -6.43613e-06 -2.68045e-05 0.000340975 0.000367995 -0.00108811 0.000142713 2.67597e-05 -1.41761e-06 5.2551e-05 -0.000217058 0.000226667 -0.000190076 -1.96766e-06 -0.000165904 -0.000735814 -0.000506955 0.000580834 0.000305694 -3.55325e-05 0.000293535 0.000262048 0.000185682 0.00300118 0.000280438 2.63547e-06 8.04126e-05 0.00023832 -0.00153735 -0.000505842 0.000308488 -3.12307e-05 -4.92296e-05 1.28433e-06 0.0015427 0.00162787 0.000284265 1.58972e-05 0.000971635 0.00198038 0.000579811 0.000313616 -0.000817122 0.00185466 0.00120916 0.000520025 0.000231481 0.000708579 6.55115e-05 0.0008485 0.000304209 -0.00161357 0.000343698 5.99876e-06 -0.000175887 -0.00117947 7.18213e-05 -0.00349326 -0.000152933 -0.000127062 -0.000503672 -0.00380421 0.000399157 0.000184485 1.82481e-05 -0.000252753 -0.000121458 -0.000960289 0.000190847 5.4367e-07 0.000433215 1.15094e-05 -3.64501e-05 -0.00152603 
0.000226187 8.96585e-05 5.26485e-06 -0.00135719 0.000273052 0.000327385 0.000173953 2.73719e-05 0.000180449 0.00030783 0.000105237 -5.2864e-07 0.000318995 9.33834e-06 -0.000758894 -0.00189389 1.8701e-05 -3.75782e-05 0.0052623 0.000164183 0.000621361 5.70582e-05 0.000346383 5.30378e-05 -0.00106969 0.000147693 -0.000348024 8.52933e-06 -2.83783e-05 -0.00133611 -0.000621454 0.000608824 0.000288958 5.32215e-05 6.57061e-05 -0.00112667 5.2724e-05 -2.25435e-05 9.28255e-05 9.10269e-06 -7.29402e-05 0.00144263 -0.000252273 -0.000119982 8.23761e-05 0.000167696 0.000129681 6.91622e-05 8.62856e-05 -0.000929473 0.000132786 -8.66666e-05 0.000604803 0.000583648 -0.000637166 0.000495612 -9.8704e-05 2.71025e-05 0.000122326 0.00033714 0.000174021 4.59066e-06 -4.10909e-06 2.38905e-05 -0.000160085 -0.000397439 0.00047006 0.00032918 0.000249379 -0.000665845 0.000219852 -2.29007e-05 0.000201514 -0.00121794 -2.50351e-05 0.000293274 -3.23939e-05 -0.000237074 -9.1963e-05 -0.000167035 0.000113793 -0.000284334 2.24014e-05 -0.000126978 0.000298305 0.000397447 -0.00083003 -0.000579051 2.54073e-06 -0.000143009 0.000130206 0.000142751 -0.000258616 -0.000813827 0.00027574 -1.37155e-05 0.000296619 5.33943e-07 -4.71831e-05 -0.000905972 
0.00191241 -0.00214124 1.13915e-05 -0.0127236 -0.00132017 0.00443888 -0.000207462 0.000404784 -0.000673096 0.0016297 -8.18866e-07 0.000397274 0.0133442 -2.54215e-05 -0.0051115 -0.00814201 4.40792e-05 -0.000337268 0.000164183 0.0370985 0.00190768 -0.00602193 0.00912861 -0.000502499 -0.0130568 -0.00453127 0.00689537 4.52199e-05 5.44637e-05 0.00350603 -0.0022132 0.0077663 -0.000549916 0.00113576 -0.000185693 -0.00945348 -0.00239574 -1.94429e-05 -0.000152125 -2.27636e-05 0.000439646 -0.000583797 0.0111677 0.000595852 -0.000709663 -0.000185195 0.00140039 0.00136345 0.00597927 -0.00836756 -0.000495154 -0.00140929 0.000912523 -0.000385812 -0.00066889 -0.00178728 -0.000245218 0.0004721 -0.00106201 0.000255232 -0.000349152 0.00586948 -4.17237e-05 -9.9204e-05 -0.00256384 -0.00451436 -0.000362358 7.46366e-05 0.00989101 -0.00422221 -0.00681812 -0.000269096 7.43783e-05 -0.0191669 0.00375117 -0.00232784 0.00129598 -0.00191102 0.00141266 0.000760337 -0.00057775 0.00259367 -0.000127464 0.00900411 0.00518557 -0.000539171 -0.0077934 -0.0057634 -0.000312668 -0.00160374 0.000260825 -0.00237297 0.00108698 -0.0027768 0.0014968 -0.000123289 -0.000923648 -3.8927e-06 -0.000117479 -0.00385981 
0.00185368 0.00475703 -4.29322e-05 -0.00950619 0.00187314 0.0324217 0.00127251 6.69446e-05 -0.00381305 0.000196345 -0.000522977 -0.000598159 -0.00851232 -6.45411e-05 -0.0648302 0.00572325 0.00106093 -0.000844156 0.000621361 0.00190768 0.170107 -0.0014362 0.0423219 0.0173329 -0.00955033 -0.0219497 -0.00459606 -0.000346736 -0.00195115 -0.0203669 -0.0536365 -0.0209638 -0.00230393 -0.000444576 -0.00022214 -0.0458099 0.0200196 -0.00160594 0.00104553 -8.05932e-05 0.00726481 0.00488582 -0.035974 -0.00586337 -0.00333785 0.000307451 -0.00265585 0.000555221 -0.0105886 -0.0294819 -0.00154883 -0.0053102 0.00222164 0.00050227 -0.00734064 -4.29925e-05 -0.00555401 -0.000261906 0.00700539 0.000147949 0.000270301 -0.0174387 -0.000211294 -0.000273984 -0.00928004 -0.0157367 -0.000463254 0.00112972 0.00705646 -0.0301448 0.00564827 0.000594865 0.00315885 -0.0262957 0.0107974 -0.00416004 -0.00883474 0.0588185 -0.00142911 -0.00126219 -0.0012517 0.0573794 -0.00117313 0.0739059 0.00322416 0.00398331 -0.0254267 0.0284879 -0.00188753 -0.0104313 0.00375867 -0.00378176 -0.014849 0.00380338 -0.00238979 -0.000168398 -0.00664294 -7.99045e-05 -0.000908895 -0.0210085 
-0.000802764 0.0183896 -5.96058e-06 -0.0207968 0.00919057 0.00216241 0.0004939 -0.000151828 0.00588869 3.11202e-05 0.00228417 7.09328e-05 -0.012528 0.000745591 -0.0530501 0.048598 -0.000130426 0.000771918 5.70582e-05 -0.00602193 -0.0014362 0.148796 -0.0093434 -0.0117736 -0.0040253 -0.020664 -0.0286506 -0.000184347 3.42553e-05 -0.0551597 0.020038 -0.0115173 0.00969976 -0.000580872 0.00127027 0.00892 0.0235357 -0.00136751 -3.63907e-05 0.000476103 -0.00339863 0.0557212 0.0131425 -0.00398802 0.0127148 0.000455831 -0.000882774 -0.000325516 -0.00224098 -0.025375 -0.0012569 0.0189508 0.00345452 0.00809723 -0.0224571 0.0242897 0.000164786 -0.000832403 0.00373192 0.000412826 0.00416231 -0.0328822 0.000164027 0.000446029 -0.00560522 -0.0111459 0.00209937 0.00283672 -0.0182855 -0.0145057 0.0732117 0.00351601 0.00549426 -0.0530598 0.00114093 0.0467297 -0.00645913 -0.0314498 -0.00132132 -0.000641912 -0.00196 -0.0277159 -0.00101545 -0.00452753 0.00371258 0.00243647 -0.00719337 0.0190162 -0.00294699 0.0171583 0.00299371 0.00194713 -0.011952 -0.0129038 -0.00154457 -0.000253933 0.00643064 2.17372e-05 0.000822121 -0.0905753 
0.00292316 -0.0156503 -2.2043e-05 -0.0269582 -0.00256664 0.00147916 -0.00081635 0.000267414 -0.00223114 0.000589562 -6.50638e-05 -0.000323814 0.00945037 0.000949511 -0.0413995 -0.00293445 0.00151837 -0.000565166 0.000346383 0.00912861 0.0423219 -0.0093434 0.12329 0.0312982 0.00182756 -0.0196022 0.0325503 -0.00015129 0.00191851 0.0040023 -0.074814 -0.0110543 0.00337474 2.49429e-05 -0.000438596 -0.0619658 -0.0203681 -0.000244715 0.0128335 -0.000108918 -0.000338281 -0.0050743 -0.0137425 0.000422748 -0.0002813 0.000638633 -0.000257188 0.00027196 0.00239192 -0.0425414 0.000174836 0.00121438 0.00560271 0.00510262 -0.0077187 0.00826652 0.0035435 0.00146606 -0.00220839 0.00133379 0.0011869 -0.000193208 -0.000189625 0.000173335 -0.00826507 -0.00231903 0.00231859 0.000869474 0.00586748 -0.0157975 -0.0222735 -0.00099111 0.00373121 -0.0522414 0.014924 -0.0112135 -0.00399089 0.0662402 0.00694852 0.000580779 -0.00185364 0.079458 -0.000715426 0.0368328 0.00460911 0.00128862 -0.03243 -0.00391052 0.00167457 -0.00891431 -0.000626411 -0.000701036 -0.00789534 -0.00869567 -0.000525991 -0.000709729 -0.0010495 -3.38121e-05 -0.00133224 0.0134268 
2.02871e-05 -0.0129858 -1.19372e-05 -0.0158363 5.92943e-05 0.0218581 -0.000871146 -0.000134706 -0.00101652 -0.000525301 0.00150615 0.000429851 -0.00546675 3.96769e-05 -0.0329461 -0.0264341 2.98021e-05 -0.000900493 5.30378e-05 -0.000502499 0.0173329 -0.0117736 0.0312982 0.154893 0.0679174 -0.0124652 0.0280507 -0.000117439 -0.000467212 -0.0173597 -0.0959803 -0.0268185 0.00659552 -0.00030708 0.0018157 -0.0504502 -0.0204135 -0.000488287 0.00653216 -0.000115633 0.00269564 -0.032371 -0.0336528 0.0030456 -0.000393243 0.00402534 9.11606e-05 -0.000703042 -0.0018114 -0.0523166 -0.00106397 -0.00379963 0.00302374 0.00319933 -0.0121754 0.0191759 0.00239248 0.00067156 -0.00365219 -0.00027884 -0.00119663 -0.0121943 -7.17158e-05 -0.000473082 -0.00888504 0.0201958 -0.00584474 -0.000779397 -0.00101392 -0.0155622 -0.0210389 -0.000411803 0.00247855 -0.00573682 0.00835982 -0.0109593 -0.0076537 0.0859649 0.00211824 0.00670751 -0.0031599 0.0681731 -0.000531725 0.0375658 -0.00130154 0.008522 -0.0162446 0.0115838 -0.00226809 -0.00847077 -0.00108884 -0.00687442 -0.013544 -0.00247396 -0.0039971 -0.000693411 0.000931548 -4.48654e-05 -0.000690137 0.000457591 
-0.00295178 -0.0133142 -9.35704e-05 0.011673 0.00359397 -0.00315144 -0.00134906 -0.000431164 0.00389037 -0.0019772 0.000301422 -0.000825152 -0.0353293 -0.00100413 0.0113163 -0.0265834 -0.000558718 -0.00309159 -0.00106969 -0.0130568 -0.00955033 -0.0040253 0.00182756 0.0679174 0.249636 0.0315082 0.0366169 -0.000856064 -0.00399817 -0.011595 -0.0647101 -0.0424495 0.00445742 -0.00129915 0.00083229 -0.0137642 -0.0573073 -0.00274932 0.00721866 -0.000185943 0.00303879 -0.0406351 -0.0780453 -0.00250656 0.00358174 0.00333362 -0.00338482 -0.00401301 -0.0196824 -0.0209884 0.00175734 -0.0119001 3.78246e-05 0.00323512 -0.00404525 0.0217899 -0.00469702 -0.000690039 0.00059338 -0.00143479 -0.00283151 -0.0341429 0.000272391 -0.00106406 -0.00849488 -0.00909304 -0.0125914 -0.0019925 -0.00860209 0.0254691 -0.0322279 -0.00287709 0.00458751 0.0333027 -0.00707073 -0.0222466 0.00253572 0.054634 -0.0103353 0.00014814 0.00317225 0.0304444 -0.00207321 -0.00792265 -0.00766191 0.00773427 -0.00309301 0.0207846 -0.00584528 0.00336468 -0.00011749 0.00359028 -0.0118914 0.00821512 -0.006731 -0.00199662 -0.00141131 3.36203e-06 0.00334311 0.0418552 
-0.00123054 -0.00995597 -3.06975e-05 0.0151553 -0.00318925 -0.0160492 -0.000242891 -0.000135198 -0.00149879 -0.000448063 -0.000686223 -0.000546968 -0.00606836 -0.000364569 0.0643287 -0.0494355 -0.000540245 -0.00102193 0.000147693 -0.00453127 -0.0219497 -0.020664 -0.0196022 -0.0124652 0.0315082 0.124311 0.00637473 -0.000330775 -0.00126114 0.00765925 0.023149 0.0187554 -0.00317111 -0.000368896 -0.000208204 0.00960888 -0.0169333 -0.000146467 0.000414744 -0.00010914 -0.00207834 -0.00989488 -0.00183221 0.000871925 -0.0024836 0.00131527 -0.000980788 -0.000141324 -0.00853943 0.0104001 0.000150339 -0.00439983 -0.00126925 -0.00167154 0.0124258 -0.0126675 -0.00245637 -0.000200375 -0.0037838 -0.000228607 -0.000235895 0.0110102 -0.000158793 -0.000284113 -0.00550564 -0.0033654 -0.00417274 -0.000210923 -0.0107681 0.015052 -0.029636 -0.00108025 -0.00166434 0.0324582 -0.0058037 -0.0127749 0.00407468 -0.0247656 -0.0033887 -0.00659657 0.00156128 -0.028876 0.000325331 -0.0531318 -0.00257067 -0.00194985 0.0307312 -0.0158768 -0.00199845 -0.00602521 -0.00121426 0.00142704 0.0136598 0.00633576 -0.000239488 -0.00038654 -0.00299313 -2.24457e-05 0.00104083 0.0272574 
-0.000108898 -0.0006013 -1.94238e-05 0.0221068 -0.00820429 -0.0174675 -0.000931447 0.00014705 -0.00321776 0.000236108 -0.00123303 -0.000930963 -0.00544809 -0.000528625 -0.0101146 -0.00705859 5.8276e-05 -0.0011286 -0.000348024 0.00689537 -0.00459606 -0.0286506 0.0325503 0.0280507 0.0366169 0.00637473 0.176922 -0.000287272 -0.0018424 0.0241806 -0.0427878 -0.000852948 -0.00585962 -0.000368817 -0.00120007 0.00227046 -0.0239971 -0.00137437 0.00382955 -0.000190136 -0.00302477 -0.0308061 -0.0245724 -0.00220445 -0.0042839 -8.04998e-05 -0.00138794 -0.00055175 -0.0126099 -0.0321885 -0.00209399 -0.00979701 1.85229e-05 -0.00238674 0.0175829 -0.0217743 -0.00786377 -0.000687514 -0.00653005 0.000898129 -0.00164246 -0.0185193 -0.000269203 -0.000813003 -0.0125202 -0.0172316 -0.004892 -0.00037559 -0.0179273 -0.00312736 -0.0349069 -0.00229819 -0.00338715 0.0020349 -0.00441645 -0.018681 0.000240308 0.042346 -0.00478239 -0.0123056 -0.00293183 0.0274481 -0.00126134 0.0141758 0.000488125 0.000995156 0.0146906 0.0139989 -0.00359291 -0.0122316 -0.00220266 -0.0116909 -0.0103529 0.00791061 0.00811897 -0.000521123 -0.00402705 -7.41831e-05 -0.00166243 0.0496505 
-6.40924e-06 1.94684e-06 9.21896e-07 -6.11488e-05 -7.56421e-05 -0.000262747 9.53329e-06 1.30124e-05 0.000200881 8.04244e-05 0.000120047 2.77828e-05 0.000205445 -3.20758e-06 -0.000463156 -0.000317763 -1.04039e-05 -6.43613e-06 8.52933e-06 4.52199e-05 -0.000346736 -0.000184347 -0.00015129 -0.000117439 -0.000856064 -0.000330775 -0.000287272 0.00252728 3.81474e-05 4.37552e-05 2.85707e-05 -0.000289855 0.000215787 1.70676e-05 -1.87058e-06 -7.61525e-06 8.04359e-05 -1.98557e-05 0.000180123 8.88484e-07 -5.1013e-05 -0.000169095 -0.000503368 -4.09217e-05 8.98208e-05 -7.88733e-06 2.03705e-06 0.000101252 -6.76181e-05 0.000381285 -1.0621e-05 0.000160685 3.38181e-05 5.38015e-05 -0.000239462 -5.82202e-05 -2.7984e-05 -3.41791e-06 -6.90291e-07 0.000119514 5.5591e-05 -0.000377607 2.97878e-06 1.86145e-05 0.000675266 0.000259353 0.00037237 3.68446e-05 0.000432292 8.95513e-05 -0.000176927 -6.82756e-06 -7.10947e-06 -0.00019144 -3.06271e-05 -0.000181831 4.61837e-05 -0.000232039 3.08241e-05 -2.79743e-06 6.25876e-05 -0.000308059 0.000199599 -0.000394174 1.08945e-05 1.48427e-05 4.39985e-05 -0.000944163 -3.72559e-05 0.000190015 -4.90776e-06 -8.98672e-05 0.000194317 -0.000255349 0.000109145 0.000119623 0.000415765 4.37167e-06 -2.1812e-05 7.00813e-05 
0.000455315 -0.000438131 7.89193e-06 -0.00564895 -0.000376016 -5.23124e-05 -2.46085e-06 6.98785e-05 -0.000144854 0.000285965 1.92608e-05 0.000240357 0.00199258 0.000263974 -0.00131629 -0.00298409 -3.70009e-05 -2.68045e-05 -2.83783e-05 5.44637e-05 -0.00195115 3.42553e-05 0.00191851 -0.000467212 -0.00399817 -0.00126114 -0.0018424 3.81474e-05 0.0094589 -0.00571357 -0.00443465 0.00134531 0.00260122 -1.02293e-06 0.000154172 -0.00596473 -0.00159733 0.000568454 9.0335e-05 -6.77503e-06 0.000401918 -0.00148653 0.00547257 0.00479168 0.000647537 -3.53736e-05 0.000232201 0.000129403 0.00488361 -0.00205499 2.91635e-05 0.00461563 0.000559952 0.000901705 -0.00575334 -0.000212665 0.00570382 0.000133785 9.55283e-06 -1.70078e-05 0.000443761 0.00383744 -6.53126e-06 8.22035e-05 -0.000245069 -0.00137997 -9.82586e-05 0.000117626 0.0015682 -0.000671175 -0.00155908 0.000242423 0.000252968 -0.005825 0.00521528 -0.000582781 -0.000258706 -0.00226696 0.00633839 0.00338581 -0.000128301 0.00424933 0.000347153 -0.00413707 0.000135263 -0.000143936 -0.00134808 -0.00580109 0.00424192 0.00036455 -8.22754e-05 0.00342777 -5.19249e-05 -0.0068637 9.31264e-05 0.000123284 0.00127097 2.88889e-05 -2.20649e-05 -0.00455257 
-0.00187473 -0.0428283 -2.64359e-05 0.0289929 -0.00484653 -0.0557917 -0.00351537 -0.000205428 -0.0050708 -0.00140364 -0.00204587 -0.00041114 0.00816302 -0.000702114 0.0424029 0.00510747 3.29133e-05 0.000340975 -0.00133611 0.00350603 -0.0203669 -0.0551597 0.0040023 -0.0173597 -0.011595 0.00765925 0.0241806 4.37552e-05 -0.00571357 0.190199 0.0167513 -5.06571e-05 -0.0150663 -0.00011331 -0.00214877 0.029624 -0.0320461 -0.00256085 0.00310963 -0.000508274 -0.00202987 -0.0404594 -0.0363452 -0.0118153 -0.00660014 -0.00395657 -0.00252747 -0.000658823 -0.0158431 0.0481824 -0.00123131 -0.0285592 -0.00421703 -0.00661246 0.0424639 -0.00417355 -0.0215458 -0.00109626 -0.00768981 -0.00063938 0.000462474 0.00154885 2.61105e-05 -0.0014334 0.00946279 0.00520369 -0.00112832 -0.00137959 0.00444806 0.0253749 -0.0541017 -0.00581429 -0.00510073 0.0571739 -0.0156526 -0.0423388 0.00901442 0.0181056 -0.0146953 -0.0139256 0.00199518 -0.00517411 0.000407138 -0.000288108 -0.00480749 -0.00520804 -0.00482442 -0.0264845 -0.00738067 -0.00999787 -0.00431024 -0.0132948 0.0169211 0.0279639 -0.00117559 -0.00199476 -0.0123724 -3.52792e-05 0.000365922 0.0984297 
-0.00359186 0.00781624 -4.06758e-05 0.0351967 -0.00925484 -0.000871864 0.00205394 -0.000402924 0.00226972 9.24456e-05 -0.00191057 -0.000398925 0.00427064 -0.00116673 0.0686683 0.00825873 -0.000405199 0.000367995 -0.000621454 -0.0022132 -0.0536365 0.020038 -0.074814 -0.0959803 -0.0647101 0.023149 -0.0427878 2.85707e-05 -0.00443465 0.0167513 0.222929 0.0393765 -0.00785132 0.000217022 -0.00203978 0.10085 0.0363123 -0.000384513 -0.0186167 -2.37715e-05 -0.0115327 0.0343796 0.0449628 -0.0193079 0.00116824 -0.00380058 6.80073e-05 0.000112147 -0.00520903 0.0543081 -0.0038781 -0.00306176 -0.00690128 -0.00697084 0.0307584 -0.0240979 -0.0146161 -0.00175058 0.00246009 -0.000643991 -0.00431164 0.0221379 -0.000159874 -0.000140297 0.014457 0.00296566 0.00216337 -0.0022461 -0.0179152 0.00176956 0.0299208 -0.00230345 -0.0056207 0.0331289 -0.0263312 0.0120989 0.00684621 -0.131324 -0.0151648 -0.0196873 0.00113907 -0.131686 0.000430243 -0.0503279 -0.000831695 -0.0126144 0.0188789 -0.00268973 -0.00964512 0.0112823 -0.00253278 -0.0024564 0.0152152 0.0169125 0.00215755 0.000853911 -0.00228078 -9.71336e-05 0.000508598 -0.0214351 
-0.000743817 -0.00421428 6.07617e-05 -0.00757392 -0.00401641 0.0118049 0.00164792 8.28929e-05 -0.00282567 0.00195872 -0.000333014 0.000333378 0.00846856 -0.000182766 0.0265801 -0.0260047 -0.000467308 -0.00108811 0.000608824 0.0077663 -0.0209638 -0.0115173 -0.0110543 -0.0268185 -0.0424495 0.0187554 -0.000852948 -0.000289855 0.00134531 -5.06571e-05 0.0393765 0.140463 -0.00227074 0.00148349 -0.000979967 0.00168685 -0.000707227 0.0017715 -0.00528233 -0.000112914 -0.00329217 0.0268104 0.0628335 -0.00146981 -0.0031094 -0.00115926 0.00255746 -0.000917622 0.00435884 -0.0118107 -0.00150665 0.00179036 -0.001017 -0.00183964 0.0130879 -0.0124216 -0.000705544 -5.3278e-05 -0.00317207 0.000281514 5.72013e-05 0.0230703 -0.000211696 -0.000334346 -0.00492779 -0.0155856 0.00173251 0.000680619 0.00408694 -0.0130522 -0.0155418 -0.0013953 -0.00246916 -0.00947287 -0.00517365 -0.0032663 0.00028412 -0.0353035 -0.000899294 -0.00635803 -0.00298889 -0.0307392 -0.000386655 -0.00896313 0.00047647 -0.00346585 -0.00219315 -0.00711105 -0.00165701 -0.00546989 0.00194754 -0.00366027 0.00562669 -0.0018929 0.000284386 0.000330183 -0.00147409 6.44194e-06 0.000343596 -0.0175733 
-1.30998e-06 -0.00317831 -1.6342e-06 -0.0181734 0.000391567 -0.00166063 0.000333137 1.60392e-05 0.00107995 0.000419075 0.000915865 0.000619968 -0.00149689 0.00061561 -0.00469801 -0.00352857 0.000315937 0.000142713 0.000288958 -0.000549916 -0.00230393 0.00969976 0.00337474 0.00659552 0.00445742 -0.00317111 -0.00585962 0.000215787 0.00260122 -0.0150663 -0.00785132 -0.00227074 0.0288532 -7.22438e-05 0.00122823 -0.0175102 -0.0029944 0.000997102 -7.23367e-05 6.67387e-05 0.00147686 0.00185256 -0.000495508 0.000447169 0.00677176 0.00081867 0.000163756 0.000211843 0.0008631 -0.00626026 -0.000395029 0.00922572 0.0043434 0.00979626 -0.0187643 0.0143558 0.00766393 3.17719e-05 0.0020217 -3.05427e-05 0.0021151 -0.00178385 0.00010391 0.000188105 0.000299594 -0.00166849 -5.28744e-05 0.00154239 0.00242748 -0.00138531 0.0040495 0.00080381 0.00633423 -0.0112193 0.00712065 0.00341547 0.000245632 -0.00345218 0.00357267 0.0032644 -0.000176898 0.00444882 5.47808e-05 -0.00663706 4.83727e-05 0.00152304 -0.00380504 -0.00539025 0.000940905 0.00367431 8.67778e-05 0.00399215 -0.00140756 -0.0189848 0.000184285 0.000247416 0.0112567 5.52208e-05 0.00207353 -0.0149718 
