0.0471015 -0.00464921 -0.00145181 -4.04333e-07 -0.000382547 0.00319112 -0.00647582 -0.000174707 4.25914e-05 -5.71225e-06 -0.000623773 -0.000710766 -3.82096e-05 1.7729e-05 0.00940924 0.00436295 -0.000345964 0.00187234 -0.00424486 0.00612862 8.73206e-05 0.000842525 -0.000579474 -0.000125989 0.002725 6.61076e-05 -0.00302929 -0.000241392 -4.09274e-06 0.00506375 0.00281303 0.00537476 -0.00051878 0.000844277 7.50127e-05 -0.000516348 0.00511769 0.00130818 -9.48039e-05 -0.00070626 0.00146458 0.000833646 -0.000724528 0.0083775 -8.50591e-06 0.000264133 -0.00185639 0.000523572 3.43945e-05 0.00271047 0.000108866 9.63829e-05 -0.000172455 -0.000125634 -2.09089e-06 0.0012642 -0.00202144 -0.000118323 0.00595911 -0.00276173 -0.0141989 -0.0073843 -0.00143753 -1.70681e-05 0.00171299 -3.00601e-05 -0.000343392 -0.00949359 0.00472964 1.53758e-05 -0.00411842 0.00173894 0.00879436 -0.00463816 -0.0013493 -0.000503476 -0.000622318 -0.0161581 -0.00244807 -0.00105701 -5.56836e-05 -0.00526553 -0.000107952 0.00114796 0.000618444 -0.000314895 0.000824572 -0.000417663 -0.0195775 -0.0101431 0.000804779 0.00106614 0.00257754 0.00191953 -2.60887e-05 0.00114977 -0.00042751 -0.000101419 -0.000760957 -0.0114713 
-0.00464921 0.16549 -0.00280015 5.23632e-05 0.00583297 -0.00315947 -0.00716296 -8.39871e-05 0.00142614 -3.08233e-05 -0.000235864 0.00492899 0.000543068 -0.00131457 -0.0419287 -0.0057708 -0.00212976 0.000955714 -0.00908159 0.0062052 -0.000169146 -0.0402658 0.00589715 -0.000140544 -0.00302605 -0.000217182 0.00104061 -0.000213911 5.68367e-06 -0.0502482 -0.0138848 -0.00251542 0.00217127 -0.00544267 -0.000844901 -0.00158524 -0.0109604 -0.0240714 -0.00730559 -0.00414261 0.000305675 0.0338608 -0.00329828 -0.0183488 1.39324e-05 -0.000124313 -0.00615502 -0.000600703 0.000152448 -0.00077802 -0.00110882 -4.75883e-05 -0.00140094 0.000949664 2.63531e-05 0.00903315 -0.0228713 0.000717594 -0.0198137 -0.00254618 0.00659104 -0.033159 0.00588713 -0.000755553 -0.0060463 0.000200383 -0.0025015 0.0517706 -0.00422891 -0.000148293 -0.00705785 0.000624789 -0.0220983 -0.00885869 0.00688757 0.00157105 0.0158329 0.0392183 0.0066884 -0.000976854 -4.51443e-05 -0.00413698 0.0019693 -0.00790237 -0.00249218 -0.00277559 -0.00491371 -0.000655851 0.025627 0.0242416 -0.0124951 -0.00903237 0.00540519 -0.0134553 -0.000270383 -0.0131255 -0.000543307 0.00108782 0.00988032 0.0350586 
-0.00145181 -0.00280015 0.0309712 5.57885e-05 0.000913959 0.000187063 -0.00114737 0.000290029 0.00036318 1.9206e-05 0.00370829 -0.0177814 -9.90676e-06 -0.000144414 0.00336976 -0.000405511 -8.96846e-05 -0.000169663 -0.00533871 -0.00381444 2.64379e-05 -0.000295634 0.000870253 0.000265667 0.00200062 -1.83577e-05 -0.00210008 0.00138148 4.79689e-05 -0.00854408 0.00132507 -0.00113178 0.00221117 0.000665331 0.000549033 0.0024252 -0.00202161 -0.0069757 -0.000200391 0.00248657 0.000469842 -0.00174565 -0.000352921 -0.00229968 4.56041e-05 -5.58833e-05 0.000486104 2.03455e-05 1.45248e-05 -0.000150573 0.000805257 -8.59716e-06 -0.000102161 0.000204867 6.81509e-06 -0.0129228 0.0086521 0.00122943 -0.0006852 0.00978234 0.00505415 -0.011378 0.00124102 0.000213952 -0.000511272 0.000185395 0.00261677 -0.0054938 -0.000309384 3.2116e-05 0.00363427 0.00158016 -0.00159623 0.0121498 6.05622e-05 -0.000144547 -0.0134545 -0.00565299 0.00511623 0.00575003 0.000144519 0.0130362 0.00109788 -0.000746022 0.00110977 0.000434109 -0.000546374 0.00445961 -0.00186494 -0.0121356 -0.00203774 -0.00139936 7.47787e-05 -0.000317876 8.25794e-05 0.00100559 0.00139683 2.15413e-05 0.00103038 -0.00702604 
-4.04333e-07 5.23632e-05 5.57885e-05 0.000243741 1.27475e-06 1.10534e-06 -9.72219e-05 1.17359e-06 5.97091e-06 -6.0705e-08 6.69662e-06 -0.000133261 9.30132e-08 -1.67943e-06 -1.62034e-06 -1.05163e-05 5.63205e-06 -3.19645e-07 -9.24856e-05 4.28241e-05 -2.72317e-07 -1.25043e-05 2.76582e-05 4.7342e-06 -1.0573e-06 8.59431e-07 -2.2083e-05 3.98375e-06 2.01061e-06 -8.91755e-05 1.94546e-05 1.7428e-05 3.02821e-05 6.59565e-06 1.83077e-06 -2.57001e-06 -1.73086e-06 -3.11837e-05 -5.07144e-05 1.44495e-05 6.14542e-05 -4.35008e-06 2.50643e-06 6.62522e-06 -2.11296e-07 6.69424e-06 -7.94867e-06 -3.62755e-08 5.22371e-06 1.62393e-06 1.36398e-06 -7.16907e-08 1.42677e-06 2.78143e-06 1.15317e-06 -0.000116447 1.96719e-05 2.55307e-05 1.83446e-06 1.0461e-05 4.37798e-06 -8.8855e-05 4.34713e-05 1.50223e-06 -1.5401e-05 8.28397e-07 -2.96576e-06 -3.26062e-05 1.05301e-05 -1.22974e-07 3.92773e-05 2.45312e-05 1.11913e-05 7.05689e-06 7.30745e-06 2.63955e-06 -8.12293e-05 -6.96998e-05 6.36537e-05 3.14255e-05 7.32344e-06 6.74142e-05 2.18783e-05 -4.96101e-06 1.82023e-05 1.34741e-06 -3.7946e-06 1.63515e-05 -3.18212e-05 -4.06962e-05 -9.5656e-05 -1.10667e-06 2.81519e-05 8.18149e-06 5.95973e-06 2.31586e-05 5.3876e-05 2.96268e-06 1.11511e-05 -6.1211e-05 
-0.000382547 0.00583297 0.000913959 1.27475e-06 0.0252281 -0.000136823 -0.0169201 0.000136172 0.000280478 -2.70934e-06 0.000290431 -0.0193022 2.45025e-05 5.04467e-05 -0.00304915 -0.000937865 -0.000172362 -8.0041e-05 -0.000487252 0.011044 -1.5653e-05 0.010588 0.000868396 0.000763572 0.00655772 -4.88627e-06 -0.00227414 0.000539584 6.14263e-05 -0.00434799 0.00775583 0.0126415 0.00438755 -0.000504297 0.000621625 0.000507681 -0.00408584 0.0010748 -0.00840686 -0.000769942 0.00207083 -0.00141702 0.00134379 -0.00204737 3.83541e-05 -0.000184908 0.00166001 1.30557e-05 0.000213933 -0.000143641 -3.57701e-05 -7.24903e-06 -0.00013161 6.57253e-05 1.12526e-05 -0.015061 0.00305331 0.000504042 -0.00327125 0.00128784 0.0043458 -0.00593094 0.0108134 3.3145e-05 -0.00145567 0.000248598 3.43862e-06 -0.00801943 -0.000545698 -6.24205e-06 0.00318666 0.0160202 -0.00275723 0.00180837 -0.000241571 -0.00013752 -0.0164194 -0.00741859 0.0100164 0.00345765 9.85035e-05 0.0028894 0.000858481 -0.000334879 0.00132995 0.00271679 -0.000412816 0.000488775 -0.0102305 -0.0108393 -0.0113094 -0.00107523 -0.000925727 -0.0015273 3.02569e-05 0.0127898 -1.60574e-05 0.00118629 0.00345019 -0.0124203 
0.00319112 -0.00315947 0.000187063 1.10534e-06 -0.000136823 0.0234202 0.00184709 -7.74662e-06 -6.69034e-05 4.76157e-05 0.00024989 0.00190331 2.52785e-05 0.000204783 0.00530009 0.0014473 -8.62194e-05 0.000537495 -0.00483795 0.000729722 0.000131381 -0.00109206 -0.000258687 7.02401e-05 -0.000161418 -5.64573e-06 -0.00180587 0.000299721 2.54619e-06 0.000368574 -0.00135819 -0.000173897 -0.000171829 0.00257445 -1.27962e-06 0.000941565 0.00365731 -0.00202576 0.000322321 0.00101515 -0.000493944 -0.00119514 0.000350167 0.00572072 8.52255e-05 0.00012045 0.00298705 0.000355907 6.9659e-06 9.81745e-05 -5.32064e-05 1.6883e-06 0.000140667 -7.11597e-05 -1.68866e-06 -0.000152437 -0.000689267 -5.33659e-05 0.00632065 -0.000115401 -0.00834894 -0.00357818 -0.00144817 0.000393104 -0.000553926 -3.01091e-05 0.000156899 -0.00638673 0.000405381 8.98267e-07 1.90554e-05 -0.0014931 0.00718125 -0.00180324 -0.000559268 1.51094e-05 -0.000262314 -0.00789686 -0.000942257 0.00135943 0.000197579 -0.00106358 -7.87044e-05 -0.000641903 -3.67584e-05 0.000673213 0.00142796 0.00106429 -0.00977587 -0.00563334 -0.00482989 0.00262861 -0.000715642 0.00120065 0.000199938 -0.00100657 0.000188711 -7.03851e-05 -0.000397735 -0.00604619 
-0.00647582 -0.00716296 -0.00114737 -9.72219e-05 -0.0169201 0.00184709 0.124377 -0.00109538 -0.00224446 2.80583e-05 0.00174144 0.0694299 -4.27287e-05 -0.00187022 0.0180312 0.00248736 0.000152377 -0.0009078 -0.00263899 -0.0694529 -0.000573639 -0.0550989 -0.00181149 -0.000872123 -0.0236966 -0.000640652 0.00328691 -0.000565589 -0.000155638 -0.0288994 -0.0640054 -0.0575372 -0.00673389 -0.00708106 -0.00144206 0.000289443 0.0169067 -0.0289017 0.011744 0.00581188 -0.0217575 -0.00221266 0.000336579 0.00627196 -9.80292e-05 1.96046e-05 0.00330817 -0.000636463 -0.000320258 -0.000119694 -0.00106516 -0.000189517 -0.000956169 -0.000368152 -4.12185e-05 0.0696137 -0.0186868 -0.000994861 0.0109819 -0.00733495 -0.0223238 -0.0054338 -0.0472951 -0.000475966 0.000863656 7.10802e-05 0.00126687 0.0291822 0.00263238 -2.81009e-05 0.000469701 -0.0541571 0.00905385 -0.00278033 0.00411731 -0.000795917 0.0693473 0.0230101 -0.00927582 -0.0143632 -0.0010221 0.000195017 -0.0020537 0.00407984 -0.00895323 -0.0114825 0.00235177 0.000607301 0.0523214 0.0450528 0.0467791 0.00441807 -0.0241154 0.00840872 0.000159859 -0.049217 -0.00155094 -0.00183316 -0.00524286 0.0541988 
-0.000174707 -8.39871e-05 0.000290029 1.17359e-06 0.000136172 -7.74662e-06 -0.00109538 0.00387588 0.000307865 -1.05684e-06 4.11942e-06 -9.14713e-05 2.46674e-06 0.000123451 9.25997e-05 -8.56649e-05 -1.97125e-05 -7.69732e-05 -0.000994569 1.11785e-05 2.24654e-05 -0.000162966 6.55704e-05 1.58913e-05 0.000263161 -3.30078e-06 0.000214519 -8.38403e-06 7.73335e-07 0.000185645 1.11739e-05 -0.000144509 -2.02996e-05 7.6993e-05 8.76539e-06 4.07466e-05 -0.000599346 0.000201254 -0.000143264 -0.000120839 -0.000101443 -0.000210414 -5.50972e-05 -0.000328768 2.37218e-06 -2.0611e-06 1.47653e-05 -9.39399e-06 4.72646e-07 -2.08122e-05 -9.02979e-06 -1.14418e-06 3.16013e-05 3.69931e-05 -1.48289e-07 -0.000250085 -0.000449361 2.00487e-06 -9.84795e-05 0.000875807 -0.00043586 -0.00135903 4.54453e-05 -9.49193e-06 -0.000195892 -3.11117e-06 -8.53638e-05 0.000707221 -2.00246e-05 3.70802e-06 -0.000123215 -3.86908e-05 -0.000428768 4.43456e-05 -3.54068e-05 7.3098e-06 0.000108285 0.000740582 -0.000172394 0.00169596 -6.38761e-06 -0.000334458 -1.83026e-05 0.000127067 -5.36426e-05 0.000378736 -1.53398e-05 -1.00999e-05 -0.000436832 -0.000311121 -0.000290871 -0.00015421 2.81582e-05 -0.000227909 -1.50618e-05 -0.000264289 9.63718e-05 1.90039e-06 0.000148287 -0.000633105 
4.25914e-05 0.00142614 0.00036318 5.97091e-06 0.000280478 -6.69034e-05 -0.00224446 0.000307865 0.0042484 9.26517e-07 0.000116489 -0.00177326 4.34887e-05 0.00020527 -0.000413836 -0.000119769 0.000264871 8.99144e-05 -0.00227582 0.00018029 5.76399e-05 -0.000607439 0.00152912 0.000135754 0.000589859 -2.76567e-06 0.00139734 0.000147937 1.72023e-05 -0.00116381 0.000200792 0.000193687 -4.44097e-05 -1.95234e-05 1.03768e-05 0.000140401 -0.000229018 0.000723132 -0.000181432 -0.00013135 5.73731e-05 0.00074693 -1.67619e-05 -0.000324407 2.12578e-05 0.000193898 -0.00018568 6.11982e-05 1.27044e-06 -2.26098e-05 -2.01978e-06 8.20094e-06 0.000308718 -6.7865e-06 3.08047e-06 -0.00121461 -0.000123571 -8.32344e-06 -0.000525262 0.00114058 -0.00100373 -0.000854937 0.000394011 -1.20948e-05 -2.97532e-05 1.04245e-05 -0.000116837 0.000548661 0.000144818 2.58675e-06 -0.000413108 4.72883e-05 -0.000569714 0.000509979 0.00032816 5.11573e-05 -0.000961405 -0.000122636 -5.97212e-05 0.000743647 -5.15689e-06 -0.000268442 0.000140519 -0.000129624 -6.72068e-05 0.000413383 6.86699e-05 0.000373628 -0.000154306 -0.0010752 -0.00186255 -0.000185899 0.000221709 -0.00022402 1.99282e-05 -0.000315289 0.000102856 4.51465e-05 0.00154383 -0.000836571 
-5.71225e-06 -3.08233e-05 1.9206e-05 -6.0705e-08 -2.70934e-06 4.76157e-05 2.80583e-05 -1.05684e-06 9.26517e-07 0.000340029 3.09512e-05 -8.18803e-06 -2.90577e-07 -1.59965e-06 -1.84039e-05 -1.34719e-06 1.68259e-05 -3.3174e-08 -0.000140223 -4.78889e-05 2.50457e-06 -8.15388e-05 1.15247e-06 4.08873e-06 -8.72459e-06 -2.99438e-07 1.34004e-05 1.59228e-05 5.41951e-07 -8.75155e-05 -3.73223e-05 9.90227e-06 8.01607e-06 4.00646e-05 1.28475e-06 5.58434e-05 2.27856e-05 -5.75859e-05 -3.23145e-05 6.35066e-05 -4.13412e-06 1.46966e-05 3.47735e-05 3.64078e-05 2.71632e-06 -9.32036e-08 4.89342e-05 8.92925e-07 1.13723e-07 1.86212e-06 1.12409e-05 4.1109e-07 1.48098e-05 5.48617e-06 -3.43319e-08 1.20398e-05 -1.86537e-05 9.93705e-06 -1.45691e-06 1.94057e-05 -8.23613e-05 -1.56597e-05 -7.03322e-06 1.555e-05 -4.63082e-06 3.08701e-06 1.35194e-06 -5.86901e-05 -1.63009e-06 1.75558e-06 -1.50387e-05 -1.16687e-05 1.9581e-06 1.69113e-05 2.14696e-06 4.12643e-07 -5.91149e-06 -9.16837e-05 -9.1733e-06 -1.08536e-05 1.52218e-05 3.489e-06 6.40567e-06 1.32052e-05 -4.46091e-06 1.49424e-05 2.38587e-05 2.71506e-05 -0.000100493 -6.00465e-05 -3.64068e-05 -7.76165e-06 -1.42873e-05 2.79038e-05 1.82282e-05 -1.98688e-05 6.97887e-05 3.5907e-08 2.32258e-06 -5.64102e-05 
-0.000623773 -0.000235864 0.00370829 6.69662e-06 0.000290431 0.00024989 0.00174144 4.11942e-06 0.000116489 3.09512e-05 0.0152245 -0.00263097 1.97e-05 0.000127446 -0.000214928 -7.89913e-05 7.88347e-06 -0.000400216 -0.0066886 -0.00211036 -1.4955e-05 -0.00347378 0.000772864 0.000594262 0.00150414 -8.59354e-06 0.00123765 0.000424163 3.33079e-05 -0.00441562 -0.00153011 -0.000971658 0.00073753 -0.000179405 0.000233162 0.00147825 -0.000690945 -0.00179079 -0.000316112 0.00172732 -0.000183393 -0.000559062 0.000131781 -0.00127805 7.58424e-05 -0.000114487 0.0011481 -4.17923e-05 -6.3093e-07 -4.72014e-05 2.97057e-05 -2.4694e-06 -8.64286e-06 -4.68465e-05 1.24281e-05 -0.00337228 -0.000367335 0.000697979 -0.00127737 0.00370518 0.00180722 -0.00186619 -0.000367873 8.27786e-05 0.000421303 0.00024794 -0.000272132 -0.00260038 -0.000232956 -4.45384e-06 -0.000962299 -0.000355734 -0.0022151 0.0025348 0.000956999 -0.000148163 -0.00290771 -0.00234043 0.0021986 0.000737476 0.0001921 0.00332208 0.000954717 -0.000480654 -0.000147762 -0.000177771 4.06211e-05 0.00210496 0.000327163 -0.00513151 0.00259725 -0.000534508 -0.00109271 -0.000770829 0.000198245 -5.91201e-05 0.0004815 9.2719e-05 0.00040655 0.000566978 
-0.000710766 0.00492899 -0.0177814 -0.000133261 -0.0193022 0.00190331 0.0694299 -9.14713e-05 -0.00177326 -8.18803e-06 -0.00263097 0.135353 2.82472e-05 -0.00121497 0.00536052 0.0038435 -0.000592711 -0.00259093 -0.00329524 -0.0438837 -0.000606627 -0.0710615 -0.00403492 -0.00194272 -0.0178536 -0.000901185 0.0107783 -0.00211845 -0.000197898 0.00533049 -0.0644405 -0.0508817 -0.00990567 -0.00874576 -0.00217961 -0.00544171 0.014121 -0.0198751 0.0154499 -0.000572256 -0.0209541 0.0103773 -0.000282411 0.0111196 -3.25032e-05 0.000156106 0.000520354 -0.000455491 -0.000345903 0.000902881 -0.00262256 -1.94603e-05 -0.000290291 0.000162544 -5.60089e-05 0.0939675 -0.0573685 -0.0019031 0.0171467 -0.0067438 -0.037434 -0.0049655 -0.0373599 -0.00147095 0.00302754 -0.000445177 -0.000254861 0.0480988 0.000959972 9.48368e-06 -0.00840863 -0.0572238 0.0153767 -0.0210798 0.000466266 -0.00043025 0.0906261 0.0429955 -0.0330094 -0.0123817 -0.000876204 -0.0323769 -0.00390597 0.00679601 -0.0125558 -0.00997547 0.00370198 -0.00639204 0.043004 0.0634107 0.0277218 0.00565066 -0.00354751 0.00254432 -0.000297783 -0.0696969 -0.00243568 -0.00247202 -0.00658048 0.0561489 
-3.82096e-05 0.000543068 -9.90676e-06 9.30132e-08 2.45025e-05 2.52785e-05 -4.27287e-05 2.46674e-06 4.34887e-05 -2.90577e-07 1.97e-05 2.82472e-05 0.00121213 3.31237e-06 -0.000110523 -3.1637e-05 -7.69621e-06 9.07058e-06 -0.000251419 -6.19567e-05 3.22469e-07 -0.000282178 0.000172381 -1.43799e-06 -5.88106e-05 -6.72342e-07 0.000186976 2.44323e-05 1.09947e-06 -0.0002129 -6.25494e-05 -7.70514e-05 3.90756e-06 -3.01928e-05 5.80417e-06 -1.14629e-05 -0.000141112 -2.79352e-05 -5.7862e-06 -2.00215e-05 -1.22537e-06 0.000365398 7.65937e-07 -3.53339e-05 1.40376e-06 -1.32539e-06 -2.75283e-05 3.069e-06 7.65337e-08 3.70366e-06 -4.52606e-06 -2.45755e-07 -5.30862e-06 1.30547e-05 -1.22493e-07 -0.00030046 -0.000106049 4.34482e-06 -2.9857e-05 -1.96884e-05 -0.000263238 -0.000475621 -1.02624e-05 -3.44504e-06 -4.53712e-05 -2.46733e-06 -6.71284e-06 -7.87606e-05 1.49327e-05 8.0118e-07 -0.000112392 -7.11851e-05 -2.9561e-05 -3.04452e-05 0.000303823 -5.20068e-06 4.27202e-05 8.39313e-05 -3.87039e-05 6.97578e-05 -3.00661e-06 -9.48728e-05 3.01124e-05 8.59194e-05 -1.03182e-05 -1.80698e-05 -1.6291e-06 1.2134e-05 -5.2149e-05 0.000361319 -0.00030523 -3.94059e-05 -7.59484e-05 -7.39008e-05 2.63082e-06 -0.000154783 1.61805e-05 -1.93622e-06 0.000236934 6.3473e-05 
1.7729e-05 -0.00131457 -0.000144414 -1.67943e-06 5.04467e-05 0.000204783 -0.00187022 0.000123451 0.00020527 -1.59965e-06 0.000127446 -0.00121497 3.31237e-06 0.00787379 0.00113793 0.000125307 0.000437825 0.000127179 -0.00043042 0.0011082 -3.5713e-06 0.000835317 9.14006e-05 1.6496e-05 2.17483e-05 2.63389e-05 0.00104163 2.22061e-05 7.90105e-06 -0.000796597 0.000608836 0.00040198 9.41291e-05 4.66756e-05 8.60808e-05 0.0003137 6.0173e-05 0.000286736 -4.60103e-05 -0.000146338 -8.59425e-05 -0.000456531 -5.72648e-05 0.00100839 6.96214e-05 6.45052e-06 0.000227522 6.87458e-05 -8.13172e-07 -4.68141e-05 0.000121762 8.35504e-06 2.81708e-06 -2.38155e-05 1.2878e-06 -0.00230436 0.000879652 4.77173e-06 0.000748232 0.000164691 -3.88087e-05 -0.000125647 -0.00044726 2.26081e-05 0.000823304 -7.75885e-06 2.33911e-05 -0.00299359 4.32663e-05 5.03009e-06 3.73642e-06 0.000276198 0.000841614 -0.000578479 -0.000212863 -7.63098e-05 -0.0011403 -0.00277877 4.56591e-05 0.000324098 8.59332e-05 -0.000533465 -5.51015e-05 0.000347947 0.000601074 0.000320562 0.000172327 8.9824e-05 -0.0023854 -0.0030598 -0.000731896 0.000207858 0.00102252 0.000874302 -1.91622e-06 0.00141086 -9.5136e-05 2.55561e-05 -0.00012343 -0.00205212 
0.00940924 -0.0419287 0.00336976 -1.62034e-06 -0.00304915 0.00530009 0.0180312 9.25997e-05 -0.000413836 -1.84039e-05 -0.000214928 0.00536052 -0.000110523 0.00113793 0.211019 0.0112414 0.00345705 0.00349809 0.0106513 0.00466369 -0.000325643 -0.00352935 -0.00314935 0.000841777 -0.00207705 -0.000373257 -0.0106178 0.000366524 -3.12474e-05 -0.0330098 -0.021012 -0.0129474 -0.00268274 -0.00478666 -0.000643033 0.00150191 0.0272934 -0.00309231 -0.00282619 0.0167392 -0.00732821 -0.0089132 0.00778769 0.0504541 0.000141309 0.003333 0.00497466 5.27145e-06 -0.000112623 -0.000945179 -0.000178382 -7.77258e-05 0.00143672 -0.0010282 2.56134e-06 -0.0379238 -0.0012951 -0.000422593 0.0571162 -0.00651227 -0.0561856 -0.103187 -0.0220958 -0.00037461 0.00287266 -0.000331565 -0.00272635 -0.100025 0.01073 0.000452694 0.0196212 -0.0171949 0.0698472 0.00897209 -0.000914714 0.00109347 0.0290471 -0.080869 0.0158408 0.00360502 0.000805293 0.0234976 -0.000291032 0.0162593 -0.00226456 -0.00165328 0.00922216 0.00256165 -0.00472261 -0.0539407 -0.0269736 0.026713 0.0270474 0.0397269 0.00150086 0.00148867 -0.00464301 0.000119837 -0.00380352 -0.0764755 
0.00436295 -0.0057708 -0.000405511 -1.05163e-05 -0.000937865 0.0014473 0.00248736 -8.56649e-05 -0.000119769 -1.34719e-06 -7.89913e-05 0.0038435 -3.1637e-05 0.000125307 0.0112414 0.0451293 -0.000141022 0.00359859 0.00247691 -0.00390602 -4.10294e-05 -0.0058877 -0.000681914 -8.83541e-05 0.00017426 -5.72087e-06 -0.00219827 -0.000134892 -1.46364e-05 -0.00410188 -0.00444878 -0.000651503 -0.00044837 0.000141984 -0.000196651 0.000600073 0.00905163 -0.00543375 0.000147485 -0.000233299 -0.000784141 -0.000663125 -0.000281042 0.00596702 4.28683e-06 0.000289638 -0.000375478 4.04437e-05 -1.36901e-05 2.33487e-05 0.000689163 6.44732e-06 0.000239293 0.000204363 2.37398e-06 0.00216499 0.00147218 -3.76033e-05 0.00841139 -0.000919155 -0.0163369 -0.00404556 -0.00293359 0.000465526 0.0028429 -6.53847e-05 0.000207961 -0.0114631 0.000218796 -6.7157e-06 -0.000340157 -0.00231853 0.0034547 -0.00222392 -0.000351795 -0.000529883 5.31765e-05 -0.0123817 -0.000832903 -0.00130409 -8.28339e-05 -0.00141551 9.33891e-06 -0.000514792 -0.000606963 -0.000814387 0.000221348 -0.000376252 -0.00411164 -0.00269772 0.000337508 0.0033832 -0.00460726 0.00464944 -8.11886e-05 -0.00287342 -0.000569951 -0.000125371 -1.9475e-05 -0.00702576 
-0.000345964 -0.00212976 -8.96846e-05 5.63205e-06 -0.000172362 -8.62194e-05 0.000152377 -1.97125e-05 0.000264871 1.68259e-05 7.88347e-06 -0.000592711 -7.69621e-06 0.000437825 0.00345705 -0.000141022 0.0120255 -2.72393e-05 -0.00145064 -0.00135438 5.46587e-05 -0.000304004 0.000653382 0.000106117 0.000143746 1.77188e-05 -9.90178e-05 0.000152862 1.34253e-05 -0.00137202 -0.000359913 0.000589158 -9.39578e-05 6.98168e-05 -4.46434e-05 8.16185e-05 0.00256521 -0.00225599 5.1057e-05 0.00207059 -9.1188e-05 -0.000415834 0.000509459 0.00211306 2.93779e-07 0.000343834 0.00127963 -1.37845e-05 -2.07165e-07 5.41937e-05 4.9573e-05 -1.02419e-06 -3.09879e-05 -3.30757e-06 4.26825e-07 -0.000240559 0.00112147 -2.2545e-05 -0.000518882 -6.80122e-05 -0.0035314 -0.0010175 -0.00045447 4.01432e-05 0.000781673 -4.57452e-06 -0.000208659 -0.0041725 0.000532065 -5.55601e-06 -0.000740067 -0.000116356 0.000166275 0.00209706 -0.000292889 -0.000119072 7.80062e-05 -0.00506713 7.80874e-05 -0.000211306 -2.60658e-05 -0.000643854 -1.22445e-05 -0.000325415 -8.5829e-05 -5.44476e-05 9.07267e-05 0.000622917 -0.000895199 -0.00216637 0.00150144 0.00169974 -0.000762216 0.00141888 7.14056e-05 -0.000601094 -0.000208439 -3.01146e-05 -1.77728e-05 -0.00346388 
0.00187234 0.000955714 -0.000169663 -3.19645e-07 -8.0041e-05 0.000537495 -0.0009078 -7.69732e-05 8.99144e-05 -3.3174e-08 -0.000400216 -0.00259093 9.07058e-06 0.000127179 0.00349809 0.00359859 -2.72393e-05 0.02835 0.00106194 0.00317724 1.54504e-05 0.000774159 -8.83633e-05 5.37992e-05 -0.00020728 -3.24534e-05 -0.00261493 -9.47082e-05 1.9704e-06 -0.00209184 0.00234787 -6.88431e-05 -7.48261e-05 0.0006019 0.000167436 5.84222e-05 0.00502745 -0.00232447 -0.00311082 0.00124563 0.000509761 -0.00168349 0.000885791 0.00522924 3.66461e-05 -0.000116498 -0.00151424 6.53148e-05 -1.19771e-07 -2.41722e-05 0.000371602 -6.88725e-06 0.000198092 -7.1168e-05 2.33747e-05 -0.00706721 0.00233259 1.79784e-06 0.0033444 -0.000424372 -0.00672502 -0.0070774 0.0018657 0.000134402 0.00537433 1.32569e-05 -0.000185324 -0.00767786 0.000432645 9.04731e-06 0.000903378 0.000215461 0.00463841 -0.00209318 -0.00115903 0.000903672 0.000589728 -0.0102417 0.00215781 -0.000689897 0.000173038 0.000708347 0.000335986 0.00162723 -0.000439495 -0.000165205 -0.000478322 0.000472471 -0.00401381 -0.00683067 -0.00578638 0.00288107 -0.00210464 0.00380225 -1.21401e-06 0.00285798 -0.000125358 0.000367934 8.84472e-05 -0.0154585 
-0.00424486 -0.00908159 -0.00533871 -9.24856e-05 -0.000487252 -0.00483795 -0.00263899 -0.000994569 -0.00227582 -0.000140223 -0.0066886 -0.00329524 -0.000251419 -0.00043042 0.0106513 0.00247691 -0.00145064 0.00106194 0.125063 0.0206257 1.34881e-05 0.0245256 -0.0114528 -0.000578765 -0.00448216 4.61565e-05 -0.0329773 -0.00374908 -9.95495e-05 0.019737 0.00995464 -0.00042286 -0.00152158 -0.00117136 -0.00213355 -0.00557662 -0.00794875 -0.00807818 0.000939354 -0.00933066 -0.0028187 -0.000299331 -0.00511741 0.00507905 -0.000371623 -0.000221893 -0.00778029 4.73294e-05 -3.66775e-05 -0.00331778 -0.000513603 -0.000203599 -0.000583551 -0.00033835 -3.34874e-05 -0.023659 0.00907825 -0.000863621 0.00233441 -0.0192316 0.0111994 -0.00501873 -0.0100076 -0.000117188 -0.00267496 -0.000355048 0.00138821 -0.0215009 -0.00175877 -0.000143526 -0.00111596 0.00422507 -0.000578298 -0.00250382 -0.00729666 0.000715979 -0.00700351 0.0074435 0.000713037 -0.00930274 1.93833e-05 0.00215187 -0.00140993 -6.19348e-05 0.00067009 -0.00046798 -0.00818708 -0.00444091 0.00598248 0.0148953 -0.0125888 0.00184638 0.00641933 0.000115073 -0.00167571 0.012137 -0.00408835 -8.82182e-05 -0.00427776 0.00227044 
0.00612862 0.0062052 -0.00381444 4.28241e-05 0.011044 0.000729722 -0.0694529 1.11785e-05 0.00018029 -4.78889e-05 -0.00211036 -0.0438837 -6.19567e-05 0.0011082 0.00466369 -0.00390602 -0.00135438 0.00317724 0.0206257 0.162267 0.000263104 0.0592626 -0.00229259 0.00105473 0.0180725 0.000424017 -0.0174989 -0.00118618 2.1897e-05 0.0305445 0.0515713 0.040578 0.00270113 0.00117348 -0.000123115 -0.000548555 -0.0202804 0.0360967 -0.00798484 -0.00847984 0.0136663 0.0167471 -0.000997471 0.00311196 -0.00010912 -0.00112519 -0.00855901 0.000625142 0.000225973 -0.00120094 0.000622453 1.59687e-07 -4.74496e-05 -0.000640443 2.48511e-06 -0.0892443 -0.00169647 -0.000365089 0.00283603 -0.00250474 0.0149669 -0.0308345 0.0308168 3.23408e-05 -0.00278609 -0.000156726 -0.00247364 -0.0510614 -0.00339947 -0.000126949 -0.00742723 0.037803 0.0124661 -0.00533099 -0.00527908 0.00115529 -0.0517125 -0.0180547 0.00571914 0.00537305 0.00127267 -0.00380029 0.000329551 0.00458551 0.0021631 0.00932024 -0.00449888 -0.00130868 -0.0625264 -0.0492814 -0.0647847 -0.00104115 0.0395401 -0.00371718 -0.000638633 0.0444383 0.000539157 0.0014113 0.00418429 -0.0521451 
8.73206e-05 -0.000169146 2.64379e-05 -2.72317e-07 -1.5653e-05 0.000131381 -0.000573639 2.24654e-05 5.76399e-05 2.50457e-06 -1.4955e-05 -0.000606627 3.22469e-07 -3.5713e-06 -0.000325643 -4.10294e-05 5.46587e-05 1.54504e-05 1.34881e-05 0.000263104 0.00116119 0.000497884 3.86109e-05 7.09218e-06 0.000172509 7.5504e-06 -0.000113458 -6.80697e-06 4.24041e-06 0.000417756 0.000597402 0.000264931 1.49243e-06 0.00041517 -5.18925e-07 -4.27823e-06 -6.36465e-05 -8.70918e-05 -7.19261e-05 1.6874e-05 1.87979e-05 -9.22974e-05 1.12924e-05 3.53423e-06 -3.85329e-07 -9.10611e-06 6.28492e-05 8.40795e-06 -2.22732e-07 -3.83318e-06 6.95524e-05 3.65815e-06 3.59302e-05 9.71333e-07 2.60438e-07 -0.000563508 0.000146698 7.37676e-07 -0.000144438 3.75921e-05 -9.43664e-05 0.000259251 4.25226e-06 0.000130359 1.4943e-05 3.54697e-07 -5.35789e-06 -0.000309515 -1.92858e-05 3.21454e-06 -4.66635e-05 0.000222247 -0.000139506 7.0778e-05 -1.7219e-05 1.2094e-05 -0.00071739 -0.000156066 -6.51819e-05 6.73158e-05 2.93664e-05 6.02285e-06 -7.8337e-06 -4.65682e-05 0.000268997 0.000268783 -2.11848e-05 7.98008e-06 -0.000675871 -0.000315879 -0.000207649 -4.06562e-05 -0.000117485 -7.30195e-05 1.13006e-06 0.000454052 1.13397e-05 -1.0415e-06 -1.3453e-05 -0.000506996 
0.000842525 -0.0402658 -0.000295634 -1.25043e-05 0.010588 -0.00109206 -0.0550989 -0.000162966 -0.000607439 -8.15388e-05 -0.00347378 -0.0710615 -0.000282178 0.000835317 -0.00352935 -0.0058877 -0.000304004 0.000774159 0.0245256 0.0592626 0.000497884 0.214079 -0.00158 0.000344751 0.0159521 0.000784735 -0.0167028 -0.00106322 0.000153075 0.0539569 0.0664814 0.0384436 0.00472241 0.0124278 0.00104619 0.00128417 -0.0268603 0.0536679 -0.00845591 -0.0110233 0.0135603 -0.0184479 -0.0040512 -0.0215253 -0.000193813 -0.0011232 -0.00903437 0.00101644 0.000232987 -0.00153036 0.000532096 -2.78517e-05 -6.31621e-05 -0.00102201 -1.65703e-05 -0.112749 0.0608201 -0.000347776 -0.0413756 -0.00627487 0.0553749 0.0408157 0.0191205 0.00165816 0.00293455 -0.000311703 -0.00038045 -0.0947481 -0.00508129 -0.000172418 -0.00286832 0.042601 -0.0373512 0.00127947 -0.00337684 -0.000371365 -0.107843 -0.0116489 0.01822 0.00344646 -0.000276181 0.0164781 0.000455974 -0.0128306 0.00925268 0.0102206 -0.00713481 -0.000405361 -0.0524523 -0.0803498 0.00698732 -0.0125311 -0.00756625 -0.00888736 -0.00107516 0.0807362 0.00137973 0.00154689 -0.00365351 -0.0324009 
-0.000579474 0.00589715 0.000870253 2.76582e-05 0.000868396 -0.000258687 -0.00181149 6.55704e-05 0.00152912 1.15247e-06 0.000772864 -0.00403492 0.000172381 9.14006e-05 -0.00314935 -0.000681914 0.000653382 -8.83633e-05 -0.0114528 -0.00229259 3.86109e-05 -0.00158 0.0185017 8.01182e-05 -7.56941e-05 2.15796e-05 0.00555109 0.000859554 4.78081e-05 -0.0055428 -0.00108523 -0.000786556 8.51202e-05 0.000531716 0.000289184 0.000577946 0.00276294 0.00438444 -2.13935e-05 -0.000330287 0.000741781 0.000210304 -8.2406e-05 -0.00149496 5.70124e-05 0.000290439 -0.000615625 6.63506e-05 -1.04574e-06 -9.21783e-05 0.00020565 1.5566e-05 -5.96552e-05 3.02964e-05 7.89667e-06 -0.00343998 0.00210061 6.61909e-05 -0.00229682 0.00065784 0.000757065 0.000850467 0.000497292 0.000151121 3.88272e-05 -1.82696e-06 -0.000312231 0.00115256 0.000144154 2.62022e-06 -0.00157217 -0.000804907 -0.00268446 0.000357252 0.0019797 -3.52769e-05 -0.00553202 -0.00117264 0.000778209 0.0003874 -4.58079e-05 0.000576336 0.000765415 -0.000439386 0.000236391 0.000121016 -0.000354922 0.00134326 0.00113242 -0.00509923 -0.000383153 -0.000787374 -0.00148044 -0.000895556 0.000111769 -0.00124704 0.000214876 2.19173e-06 0.00383162 0.000139611 
-0.000125989 -0.000140544 0.000265667 4.7342e-06 0.000763572 7.02401e-05 -0.000872123 1.58913e-05 0.000135754 4.08873e-06 0.000594262 -0.00194272 -1.43799e-06 1.6496e-05 0.000841777 -8.83541e-05 0.000106117 5.37992e-05 -0.000578765 0.00105473 7.09218e-06 0.000344751 8.01182e-05 0.00448802 0.000995262 -2.18086e-06 -0.00037403 9.25568e-05 2.61248e-05 -0.00125621 0.000793558 0.000607277 0.000645276 5.24853e-05 -5.38175e-06 0.00042399 0.000299426 0.000701265 -0.000639647 0.000256707 -1.9283e-05 2.52233e-05 0.000174125 0.000789211 3.95816e-05 -1.05115e-05 3.05773e-05 9.24619e-06 2.11284e-05 -2.84041e-05 -1.27702e-06 2.74296e-07 0.000138884 -1.58732e-05 1.4945e-05 -0.00242319 0.000288322 0.000153401 0.000273208 0.000182255 -0.000713353 -0.000905919 1.75768e-05 -8.27322e-06 -8.51987e-05 6.67356e-05 -0.000104349 -0.00175281 -8.47214e-05 6.28788e-06 -0.00010585 0.00104161 0.000472711 4.26918e-05 0.000181928 5.24159e-05 -0.00162682 -0.00209041 0.00097075 0.000124418 0.000125497 0.000337358 0.000395369 -7.82723e-05 0.000114813 0.000615059 2.80358e-06 0.000410289 -0.00138347 -0.00188386 -0.00193912 0.000859156 0.000366853 0.000455944 0.00018614 0.000463421 0.000175445 3.61046e-05 0.000237003 -0.00235145 
0.002725 -0.00302605 0.00200062 -1.0573e-06 0.00655772 -0.000161418 -0.0236966 0.000263161 0.000589859 -8.72459e-06 0.00150414 -0.0178536 -5.88106e-05 2.17483e-05 -0.00207705 0.00017426 0.000143746 -0.00020728 -0.00448216 0.0180725 0.000172509 0.0159521 -7.56941e-05 0.000995262 0.0484855 0.000190081 -0.00375945 0.000544406 3.53541e-05 0.0099952 0.0152006 0.0199911 0.00167314 0.000204298 0.000579801 0.000828525 -0.00719845 0.00724758 -0.00549622 -0.000792067 0.000392744 -0.00187762 0.00243287 0.00246062 2.24937e-05 -0.000286543 0.00411269 4.20363e-05 0.000117591 0.000402092 -4.38095e-05 5.56415e-05 0.000134096 -0.00011939 5.65378e-06 -0.0197109 0.00150814 0.000171151 -0.00412946 0.00356303 0.00310489 -0.00323797 0.00623509 -7.96815e-05 -0.00245054 0.000226095 -0.000926782 -0.0177233 -0.000957855 -1.94094e-05 0.0017973 0.0191252 0.00238514 -0.000411861 -0.00127354 -0.000122001 -0.0235883 -0.0122108 0.00362224 0.00878471 0.000667199 -0.000783335 0.000122696 -0.00152661 -0.00023675 0.00612091 0.000281411 0.00164298 -0.0223303 -0.0226454 -0.0139991 -0.000587324 0.00765979 -0.000529093 -0.000168227 0.00799964 0.000408929 5.0461e-05 0.00102671 -0.0199602 
6.61076e-05 -0.000217182 -1.83577e-05 8.59431e-07 -4.88627e-06 -5.64573e-06 -0.000640652 -3.30078e-06 -2.76567e-06 -2.99438e-07 -8.59354e-06 -0.000901185 -6.72342e-07 2.63389e-05 -0.000373257 -5.72087e-06 1.77188e-05 -3.24534e-05 4.61565e-05 0.000424017 7.5504e-06 0.000784735 2.15796e-05 -2.18086e-06 0.000190081 0.00153129 -0.000128374 1.10329e-05 -2.28986e-07 0.00016512 0.000646222 0.00056377 3.39629e-05 0.000203001 -2.06443e-07 1.61907e-05 -0.000151474 0.000497321 1.28166e-05 -3.62385e-05 0.000267748 -0.000104894 8.85156e-06 -9.86846e-05 3.37491e-07 -8.45152e-06 -4.35499e-05 -8.63512e-07 2.21516e-07 -6.09799e-06 8.55502e-07 1.01935e-05 -3.89272e-06 -4.82067e-06 -1.54796e-07 -0.000752516 0.00048982 -5.73416e-08 -0.000174162 -8.33339e-05 0.000315773 0.000420992 0.00030425 2.28543e-06 1.3691e-06 4.89941e-07 -3.07669e-05 -0.0005331 -3.05063e-05 4.19585e-07 -7.41853e-05 0.000386507 -0.000161657 5.65987e-05 -2.396e-05 -9.70378e-06 -0.000886206 -0.000360941 1.41047e-05 -5.72372e-05 -3.85245e-06 1.091e-05 2.0446e-05 -8.37342e-05 0.000104407 -1.19725e-05 -2.50429e-05 -1.21802e-05 -0.000676427 -0.000597629 -0.000252221 -4.22159e-05 -6.43546e-05 -5.01834e-05 -2.97365e-06 0.00061836 -1.87744e-05 -1.40344e-06 -1.72706e-06 -0.000472707 
-0.00302929 0.00104061 -0.00210008 -2.2083e-05 -0.00227414 -0.00180587 0.00328691 0.000214519 0.00139734 1.34004e-05 0.00123765 0.0107783 0.000186976 0.00104163 -0.0106178 -0.00219827 -9.90178e-05 -0.00261493 -0.0329773 -0.0174989 -0.000113458 -0.0167028 0.00555109 -0.00037403 -0.00375945 -0.000128374 0.106997 0.000214535 1.05258e-05 -0.0065271 -0.0130316 -0.00559929 -0.00192082 -0.00282618 -0.000332529 -0.00103019 -0.00765582 0.0248599 0.00220261 -0.00137202 -0.00213491 0.000869411 -0.00037189 -0.00743754 9.08462e-05 -5.49505e-05 -0.00436946 -0.000171423 -4.10525e-05 0.000526885 -0.000399837 0.000147916 0.000440258 -0.000104892 -7.60909e-06 0.0249912 -0.00602323 -0.000239167 -0.00929789 0.00278871 -0.00786501 0.021085 -0.00370283 -0.000434668 -0.000147624 -0.000233464 -0.00210328 -0.0061107 0.00260893 -7.92678e-05 -0.00992331 -0.00820872 -0.00874787 -0.0080724 0.000661763 -0.000170037 0.0153898 0.0130813 -0.0052084 -0.00165936 -0.000415528 -0.0101729 -6.90592e-05 0.0054189 -0.00218898 -0.00143013 0.00447301 6.12645e-05 0.0081332 -0.010094 0.0111436 -0.00479658 -0.00855403 -0.00423851 -0.000298156 -0.0102577 -0.00206685 -0.00026218 0.00129218 0.0125396 
-0.000241392 -0.000213911 0.00138148 3.98375e-06 0.000539584 0.000299721 -0.000565589 -8.38403e-06 0.000147937 1.59228e-05 0.000424163 -0.00211845 2.44323e-05 2.22061e-05 0.000366524 -0.000134892 0.000152862 -9.47082e-05 -0.00374908 -0.00118618 -6.80697e-06 -0.00106322 0.000859554 9.25568e-05 0.000544406 1.10329e-05 0.000214535 0.00658545 6.09152e-06 -0.00208397 -0.000686637 -0.000116936 0.00106496 0.000942883 0.000332198 0.000933369 -5.69357e-05 -0.000263035 -0.000475454 1.01173e-05 0.000154723 -0.000654442 6.65773e-05 -0.000386221 1.52989e-05 3.78295e-05 0.000486596 -1.65383e-05 6.07468e-06 -2.20859e-05 0.000182307 8.47281e-06 -3.70683e-05 3.30797e-05 6.63087e-06 -0.00126291 0.00172522 0.000105881 0.00191839 0.00200574 -0.000673831 -0.00165538 0.000623701 -2.87162e-06 -0.000347317 4.81549e-05 -0.000131218 -0.000883899 0.000109328 3.78702e-05 -3.11285e-05 0.000128253 0.00117298 0.0012717 -0.000122185 -5.49644e-05 -0.00138152 -0.0035558 0.000894907 0.000262272 8.18722e-06 0.000686998 0.000651505 -0.000158182 0.000279528 -8.33236e-05 0.000296395 0.00151222 -0.000888486 -0.00249298 -0.000388083 -0.000222955 4.25606e-05 3.84832e-05 4.95634e-05 -0.000404309 0.000803768 1.43221e-05 0.000429256 -0.00216747 
-4.09274e-06 5.68367e-06 4.79689e-05 2.01061e-06 6.14263e-05 2.54619e-06 -0.000155638 7.73335e-07 1.72023e-05 5.41951e-07 3.33079e-05 -0.000197898 1.09947e-06 7.90105e-06 -3.12474e-05 -1.46364e-05 1.34253e-05 1.9704e-06 -9.95495e-05 2.1897e-05 4.24041e-06 0.000153075 4.78081e-05 2.61248e-05 3.53541e-05 -2.28986e-07 1.05258e-05 6.09152e-06 0.000366521 -8.89479e-05 6.87413e-05 7.4223e-05 5.05948e-05 2.08778e-05 1.28912e-05 2.30276e-05 -3.5644e-05 3.64839e-05 -8.40899e-05 9.78491e-06 6.15273e-05 -1.49726e-05 8.80461e-06 -2.5824e-05 -2.9555e-07 -2.17267e-06 2.04562e-05 1.38426e-05 -9.8198e-08 2.32333e-06 9.95901e-07 -1.07817e-07 1.23375e-05 -3.48988e-07 6.96326e-07 -0.000201971 5.66394e-05 1.39049e-05 -5.25164e-05 2.65131e-05 2.54276e-05 -5.67914e-05 6.74607e-05 5.57729e-06 -1.85674e-05 1.11253e-06 3.73212e-06 -0.000129549 1.15163e-07 -2.46446e-07 3.93672e-05 6.48496e-05 -5.24288e-05 4.32821e-05 9.50219e-07 5.92306e-06 -0.000220156 -0.000151744 0.000111054 1.22639e-05 2.05373e-06 8.90646e-05 1.27597e-05 -1.72656e-05 1.85517e-05 1.69638e-05 2.08461e-06 4.87954e-05 -0.000118186 -0.000156677 -1.9106e-05 -8.27641e-06 -2.01824e-05 -1.63971e-05 3.9692e-06 0.000126522 3.6609e-05 9.1521e-06 2.1518e-05 -0.000155468 
0.00506375 -0.0502482 -0.00854408 -8.91755e-05 -0.00434799 0.000368574 -0.0288994 0.000185645 -0.00116381 -8.75155e-05 -0.00441562 0.00533049 -0.0002129 -0.000796597 -0.0330098 -0.00410188 -0.00137202 -0.00209184 0.019737 0.0305445 0.000417756 0.0539569 -0.0055428 -0.00125621 0.0099952 0.00016512 -0.0065271 -0.00208397 -8.89479e-05 0.24939 0.0220044 0.0105146 -0.00483495 0.00874099 0.000227674 -0.00775374 -0.0541891 0.067931 0.00874475 -0.0197243 0.00495191 -0.00689704 -0.00826845 -0.0250157 -0.00026155 0.000192513 -0.00508796 0.00100146 -0.000116603 0.000917194 -0.00135127 8.53892e-05 9.01064e-05 -0.00106212 -4.04034e-05 -0.0103015 -0.00196158 -0.00105665 -0.00663333 -0.00179233 -0.0184209 0.0427407 0.00110306 -0.00105843 0.001116 -0.000947295 0.00579342 -0.0175748 -0.00196264 -0.000266716 -0.0312605 0.00881106 -0.0208973 -0.019348 -0.0121634 -0.000494286 -0.0316429 0.0384451 -0.0268451 0.00835503 -0.00051596 -0.0313558 -0.0027148 0.00827509 -0.00154479 0.00354896 -0.00210958 -0.0049213 -0.0394143 0.0257908 -0.0112391 -0.0206564 -0.000551185 -0.0349544 -0.0017224 -0.00369429 0.00124649 -0.00135501 -0.00690062 0.0119776 
0.00281303 -0.0138848 0.00132507 1.94546e-05 0.00775583 -0.00135819 -0.0640054 1.11739e-05 0.000200792 -3.73223e-05 -0.00153011 -0.0644405 -6.25494e-05 0.000608836 -0.021012 -0.00444878 -0.000359913 0.00234787 0.00995464 0.0515713 0.000597402 0.0664814 -0.00108523 0.000793558 0.0152006 0.000646222 -0.0130316 -0.000686637 6.87413e-05 0.0220044 0.112818 0.0484757 0.00107668 0.00753096 0.000646334 4.47671e-05 -0.0167309 0.0176737 -0.00455428 -0.00577492 0.0180301 -0.00835774 -0.00129543 -0.00945547 -8.26374e-05 -0.000945663 -0.00508268 0.000616442 0.000152607 -0.000744306 0.00136875 -1.88169e-06 0.000805946 0.000133667 6.38384e-06 -0.0555511 0.0262086 -6.58751e-05 -0.0164577 -0.00170306 0.0259303 0.0288755 0.0282863 0.000658861 0.00600378 -0.000252161 -0.00204922 -0.0320466 -0.0028142 -6.03017e-05 0.00211932 0.0449658 -0.014904 0.000250444 -0.00415833 -2.73605e-05 -0.0687514 -0.0207267 0.00417062 0.00885519 0.000336598 -0.00166526 6.95849e-05 -0.00738172 0.00940492 0.0109277 -0.0031407 -0.00034194 -0.0567492 -0.0471082 -0.0115512 -0.00532071 0.00425982 -0.00708166 -0.000444556 0.0564453 0.00185642 0.000832162 -0.00110895 -0.0518063 
0.00537476 -0.00251542 -0.00113178 1.7428e-05 0.0126415 -0.000173897 -0.0575372 -0.000144509 0.000193687 9.90227e-06 -0.000971658 -0.0508817 -7.70514e-05 0.00040198 -0.0129474 -0.000651503 0.000589158 -6.88431e-05 -0.00042286 0.040578 0.000264931 0.0384436 -0.000786556 0.000607277 0.0199911 0.00056377 -0.00559929 -0.000116936 7.4223e-05 0.0105146 0.0484757 0.0768435 0.00456709 0.00170943 0.000938088 0.000270308 -0.00812368 0.00996307 -0.0101047 -0.000881529 0.016785 -0.00412889 0.00344197 -0.000561009 -2.54852e-05 -0.00049189 0.00301697 0.00027645 0.000284562 0.000812132 6.99725e-05 0.000138535 0.00113587 0.000120346 -8.4399e-07 -0.0392944 0.015377 4.06442e-05 -0.00724316 -0.00324948 0.00716923 0.00934194 0.0303482 0.000168906 -0.0017525 -0.000154938 -0.00118039 -0.0258759 -0.00182648 3.05192e-05 0.00265533 0.0503234 -0.000239099 -0.0013526 -0.00315199 -0.000446306 -0.0456095 -0.035953 0.0093983 0.00733121 0.000972039 -0.00250638 0.00142666 -0.0027183 0.00651096 0.0103749 -2.96044e-05 -0.000613313 -0.0496781 -0.0342952 -0.0259281 -0.000515351 0.00354568 -0.00443883 -0.000175245 0.0428839 0.000177592 0.00146086 -0.00125406 -0.0508253 
-0.00051878 0.00217127 0.00221117 3.02821e-05 0.00438755 -0.000171829 -0.00673389 -2.02996e-05 -4.44097e-05 8.01607e-06 0.00073753 -0.00990567 3.90756e-06 9.41291e-05 -0.00268274 -0.00044837 -9.39578e-05 -7.48261e-05 -0.00152158 0.00270113 1.49243e-06 0.00472241 8.51202e-05 0.000645276 0.00167314 3.39629e-05 -0.00192082 0.00106496 5.05948e-05 -0.00483495 0.00107668 0.00456709 0.0176609 0.00175536 0.000428951 0.000520599 0.00134652 -0.00150787 -0.0045719 0.00120403 0.0010851 -0.000368518 0.000366124 -0.000739152 3.74467e-05 -0.000120533 -0.000477549 -1.4916e-05 0.000102491 -1.85347e-05 5.02697e-05 1.32894e-05 -4.01078e-05 -2.99745e-05 2.6007e-05 -0.00921928 0.00445623 0.00147708 0.000218969 0.00107063 0.00206586 -0.00418523 0.0039121 6.59367e-05 -0.000669109 0.000140971 0.000290174 -0.00764755 -1.93773e-05 4.94742e-05 0.00515557 0.00756272 0.000500296 0.000975785 0.00107225 1.15513e-05 -0.0107739 -0.00991695 0.00745318 -0.000613502 0.000345963 0.00673268 0.00203177 6.72508e-06 0.00377771 0.00011374 -0.000206613 0.00103683 -0.00414055 -0.00545999 -0.00929932 -0.000521208 -0.00137251 -0.000190321 0.000434075 0.00615133 4.54953e-05 0.00031344 0.000680683 -0.00791538 
