0.00183295 1.13204e-05 8.86266e-06 -8.43752e-05 -0.000762455 5.44801e-05 -0.000491778 2.86746e-05 -0.000282399 -0.000115644 -0.000528792 0.000103493 6.52325e-05 5.93969e-06 2.64462e-05 1.16383e-05 -0.000549744 -1.5697e-05 0.00034177 0.00022669 0.000226494 0.000400114 1.69064e-05 9.94027e-06 0.000281096 0.000401431 0.000546358 -3.62366e-06 -0.00107011 0.000179135 0.000225148 -0.0002759 8.87819e-06 -1.53243e-06 7.79811e-05 0.000277715 -0.000602626 0.000426041 1.11008e-05 7.25918e-06 -2.00499e-06 4.88189e-06 6.49332e-05 0.00012432 -9.6605e-06 -6.78431e-06 -8.06356e-05 -0.000110431 0.000315182 2.17897e-05 1.091e-05 1.27572e-05 9.63245e-05 0.000131851 1.14762e-05 3.33663e-06 0.000634266 3.41469e-06 4.29703e-06 1.10061e-05 -7.56884e-05 1.40363e-05 -4.15606e-05 0.000164109 -0.00114968 6.93756e-05 -0.000243792 -0.00103062 -0.000144944 1.00609e-05 -9.67736e-05 0.000168983 2.23657e-05 -0.000662629 5.52869e-05 9.77218e-05 -4.8879e-05 -0.000493581 5.61942e-05 4.05329e-05 9.90125e-05 -0.000631667 5.52537e-05 -0.00106726 1.14699e-05 3.99433e-06 -0.000720853 7.16454e-05 0.000279505 0.000232359 0.000288138 4.21023e-05 9.81962e-06 0.00024261 0.000506815 0.000625417 6.80004e-05 0.000672929 0.000208249 2.22974e-05 
1.13204e-05 0.000744678 4.11145e-06 -0.000385948 -4.2174e-05 0.000142931 -0.000349156 5.96828e-07 -0.000222839 0.000181199 0.000145033 0.000118431 -4.04261e-06 2.4974e-07 1.61243e-06 4.97899e-06 -0.000116757 -3.85747e-06 -2.33756e-06 1.51759e-05 8.65701e-06 -6.5991e-06 5.80172e-05 2.72994e-05 5.70124e-06 -2.40168e-05 -9.87654e-06 -1.57357e-06 -0.000171405 0.000164666 5.9081e-05 -0.000124723 2.44085e-06 3.22094e-06 1.50963e-05 1.6534e-05 -0.000141137 1.06932e-05 2.28389e-05 9.83806e-08 4.54548e-05 -7.81689e-07 3.69999e-05 -1.03164e-05 1.14611e-05 -2.65889e-05 -1.44955e-05 1.10364e-05 2.0653e-05 2.46573e-05 -1.75959e-06 2.07828e-06 1.09549e-05 5.79339e-06 -4.76838e-08 6.27873e-05 -2.1339e-06 3.24296e-06 6.75039e-08 -4.591e-07 -0.000249905 5.84379e-06 -5.9529e-05 4.40464e-05 -0.00012426 5.80874e-05 9.9465e-05 -0.000127018 -0.000254666 8.9472e-06 8.08808e-05 -1.17479e-06 -3.39964e-06 -0.000165793 -1.25302e-06 3.66362e-06 9.73604e-06 -2.54358e-05 3.65036e-07 4.69729e-06 0.000157045 -7.23254e-05 1.39908e-05 -0.000170642 7.624e-05 1.32184e-06 -8.25863e-05 2.40568e-05 4.60667e-05 -3.17154e-05 0.000109268 4.20454e-06 1.75652e-06 0.000143542 1.82235e-05 6.40417e-06 2.28573e-06 5.38657e-05 2.4376e-05 3.45005e-05 
8.86266e-06 4.11145e-06 0.00209737 -0.000723617 -0.000193972 -1.7436e-05 -0.000217043 5.68646e-06 -0.000387659 9.53171e-05 0.000311976 5.43013e-05 7.21929e-05 1.64849e-07 4.05353e-08 1.93024e-06 0.000534523 -3.05367e-05 -3.71656e-05 -2.88319e-05 -9.75045e-07 -1.87327e-05 2.35812e-05 9.22473e-05 3.20568e-06 0.000182424 -2.77841e-05 -1.60623e-05 -9.11541e-05 1.36672e-05 2.0508e-05 -0.000543263 2.95297e-06 5.20781e-05 5.67858e-05 5.09033e-05 0.000156944 4.53734e-05 1.50788e-05 7.67243e-06 2.89661e-05 1.8579e-06 1.67115e-05 2.34454e-05 -9.29847e-06 -0.000152824 5.29575e-06 0.000107866 -2.64146e-05 8.18497e-05 -7.40519e-06 7.42482e-07 4.36248e-06 1.64471e-05 1.47836e-06 -1.3402e-06 -4.9004e-05 6.01398e-08 1.82832e-07 -1.21928e-06 -0.000265161 1.90432e-06 -0.000440526 3.03915e-05 -0.000391182 -2.68498e-05 -0.000422877 -0.000123635 -0.000412425 -8.66185e-07 0.000217307 1.81268e-06 3.64643e-07 0.000325365 9.178e-06 4.48002e-05 3.15666e-05 -8.75209e-05 -8.16663e-05 8.79993e-05 -0.000196165 -9.96903e-05 8.61152e-06 -5.89787e-05 2.83191e-06 -3.57443e-06 -0.000230665 -1.52839e-06 1.52256e-05 -0.000209096 0.000121368 4.55521e-05 7.41687e-06 3.00243e-05 2.73082e-05 4.11863e-06 1.22606e-05 0.000192058 0.000212168 5.34349e-06 
-8.43752e-05 -0.000385948 -0.000723617 0.182273 0.0108653 -0.0011631 0.0295567 -0.00030373 -0.00319528 0.0128117 -0.0200128 -0.0228282 0.000643298 -0.000167771 -0.000147934 -0.000134749 -0.0126916 -0.000957455 0.00514245 -0.00431871 -0.00576205 -0.00106712 -0.00369936 -0.0107244 -0.000178613 -0.00283926 -0.000786625 -0.000884111 0.0160995 0.00243425 -0.000565004 0.0206826 -0.000228691 -0.00154793 -0.00133411 -0.00452277 -0.0204996 -0.00630873 -0.000484471 -0.00011046 -0.00118266 8.2957e-05 -0.00062281 -0.00218304 -0.000877151 -0.0119937 -0.0138876 -0.0255042 0.00341799 -0.00451931 -0.00144775 -0.000130309 -0.000327195 0.000465491 -0.000144441 -0.0036612 0.00105501 -0.000646741 -0.000289292 -0.000267063 0.0148748 -0.000450642 0.0288614 -0.00553349 -0.00225451 -0.00730313 -0.0191513 0.00776784 0.0163852 -0.000189482 -0.0306337 -0.000336831 -0.00123435 -0.0172809 -0.00178867 -0.00730475 -0.00413969 -0.0546989 -0.00712607 0.000392182 -0.00102529 0.0077534 -0.000975059 -0.0050908 -0.00271912 -0.000501591 0.0376532 0.000384061 -0.00254171 0.0118906 -0.0117661 -0.00038199 -0.000122475 -0.00425536 -0.00196325 -0.00186057 0.000163955 -0.0120563 -0.00653452 -0.00409319 
-0.000762455 -4.2174e-05 -0.000193972 0.0108653 0.0335927 -0.000344021 0.0221115 -0.00024659 0.00934126 -0.00352732 0.0102474 -0.00712589 -0.00309878 -0.000163075 -0.000111463 -0.000172919 0.00552598 -0.00125356 -0.00631587 -0.00959162 -0.0061909 -0.00619601 -0.0025701 -0.00784172 -0.000955608 -0.0161408 -0.0113992 -0.000184082 0.0133694 -0.00477382 -0.00100441 0.00154016 -7.30029e-05 -0.000784999 -0.00117971 -0.00295647 0.001397 -0.0122944 -0.000401253 -0.000265334 -0.000415288 -0.000971797 -0.000524014 -0.00900308 -2.98684e-05 -0.000535126 -0.00346319 -0.0013676 -0.00345508 -0.00197735 4.017e-05 -0.00018244 -0.00110154 -0.00196917 -0.000209268 -0.00155218 -0.00358358 -0.000343393 -0.000198617 -0.000136648 0.0109601 -0.000377871 -0.000972356 -0.00354771 0.0138553 -0.00327853 0.00899514 0.0163727 0.00485723 -0.000192123 -0.000628695 -0.00150381 -0.000117163 0.0102034 -0.000750633 -0.00236242 -0.00213158 -0.00126215 -0.00907975 0.00091406 -0.00235567 0.0133806 -0.00152171 0.0151077 -0.00101721 4.12139e-06 0.0135788 -0.000551467 -0.00276834 -0.00201176 -0.00778061 -0.000687112 -0.000308037 -0.00209598 -0.00381722 -0.00366768 -0.00192808 -0.0124359 -0.00747783 -0.000449656 
5.44801e-05 0.000142931 -1.7436e-05 -0.0011631 -0.000344021 0.0243811 -0.00315559 0.000131554 -0.00456615 0.00133302 0.00138883 -0.000248238 6.0803e-05 -6.54319e-06 5.12965e-06 1.25235e-05 -0.00254677 0.000444232 0.000497222 -0.000160343 -0.000214599 -0.000320582 5.69952e-05 -0.000185717 4.83214e-06 -0.000272231 -0.000330055 -0.000202541 0.00151898 0.00175622 9.32389e-05 -0.0036816 4.7934e-05 4.02728e-05 0.00174076 -0.000108654 -0.00449346 -0.000158066 2.45241e-06 1.4831e-05 6.68613e-05 1.62964e-05 6.96624e-05 -0.000116273 0.00071591 -0.00196764 0.000802669 -0.00140799 0.00423187 0.0003334 -0.000123238 5.54662e-06 0.000157896 0.000183654 5.73705e-06 -0.000123773 -0.000102689 -5.39279e-05 -1.4368e-05 -1.49113e-05 -0.00133414 4.75561e-05 -0.0033711 -6.62973e-05 -0.00337169 -0.000219372 -0.000335267 -0.000660171 -0.00160363 0.000124605 -0.00176634 5.91054e-06 -0.000122567 0.000426568 -0.000169756 -9.41617e-05 0.000428792 -0.00627489 -0.000904882 -0.000281037 0.00300209 -3.3324e-05 0.000216501 -0.00429686 0.000467473 -1.2917e-05 0.00284787 -3.87732e-05 6.60877e-06 -0.00105148 0.000388947 -2.14892e-05 0.000122441 0.00100154 -7.23908e-05 -5.51066e-05 0.000188314 0.00262124 -0.000240484 0.000284308 
-0.000491778 -0.000349156 -0.000217043 0.0295567 0.0221115 -0.00315559 0.156137 -0.000254045 0.00492062 -0.0673071 -0.0046409 -0.0290089 -0.00154696 -0.000134947 -0.000127713 -0.000207319 0.0147225 -0.000769789 -0.00509512 -0.00865328 -0.00639642 -0.00473338 -0.00550882 -0.00850054 -0.000750966 -0.0148062 -0.00721211 -0.00230439 -0.00163995 -0.050864 -0.000530829 -0.0218652 -1.16712e-05 -0.00117409 -0.00262707 -0.00712869 -0.0385714 -0.0143433 -0.000412862 -0.000276077 -0.000785113 -0.0010125 -0.000656418 -0.00755821 -2.51079e-05 0.00579724 0.000568693 -0.00483127 -0.00349363 -0.00215181 0.00121427 -0.000170838 -0.00187108 -0.00153903 -0.000180379 -0.00368242 -0.000511706 -0.000773225 -0.000457929 -0.000287579 0.0899808 -0.000445077 -0.0222092 -0.00401466 0.00768534 -0.00473932 0.00173233 0.0180042 0.0717174 -0.000525062 -0.014714 -0.00119912 -0.00101569 0.0492476 -0.000643828 -0.00269182 -0.00249268 -0.0130651 -0.021825 0.0007606 -0.0258265 0.0152099 -0.00176517 0.024924 -0.00347137 -0.000319886 0.0301724 -0.000726685 -0.00388382 -0.0100378 -0.0131681 -0.000700846 -0.000460828 -0.00469525 -0.0036921 -0.00378675 -0.000699101 -0.03197 -0.00687674 -0.00119581 
2.86746e-05 5.96828e-07 5.68646e-06 -0.00030373 -0.00024659 0.000131554 -0.000254045 0.00162675 -0.000254689 -0.000209818 -0.00050391 0.000122085 8.87352e-05 2.20424e-06 1.60873e-06 6.85515e-07 -4.12893e-05 9.5912e-05 0.000144864 0.000105108 3.95125e-05 1.71986e-05 4.03249e-06 0.00010429 2.86724e-05 -3.4509e-05 0.000108819 5.60277e-08 -0.000287018 2.74099e-05 3.79932e-05 -0.000181358 1.03131e-05 8.80061e-08 -1.07048e-06 8.47207e-07 -0.000217277 0.000124535 1.10886e-05 1.16991e-07 -2.19828e-06 3.91464e-07 1.4506e-05 0.000113147 7.91497e-06 3.89045e-05 8.11522e-05 -0.000116391 0.000213623 0.000115125 -1.4594e-06 -3.63302e-07 7.21072e-06 4.81263e-05 4.54866e-06 -2.29679e-07 0.000209642 1.78209e-06 1.88376e-06 -9.57837e-07 -8.14871e-05 4.96411e-06 -4.29668e-05 9.10516e-05 -0.000334122 6.21853e-07 -0.000134916 -0.000259365 0.00017483 3.1872e-06 8.50067e-06 9.52669e-06 -1.82817e-06 -0.000452101 -8.99853e-06 4.67752e-05 -4.20785e-05 -3.78472e-05 3.45786e-05 7.6414e-05 -0.000104879 -0.000252004 9.55137e-05 -0.000349045 -2.05116e-06 1.35244e-05 4.42825e-05 7.64197e-07 5.62736e-05 0.000162702 6.84546e-05 -6.05884e-07 4.2927e-06 5.57864e-06 3.40933e-05 1.40173e-05 2.00195e-05 -6.8714e-06 5.61173e-05 1.45971e-05 
-0.000282399 -0.000222839 -0.000387659 -0.00319528 0.00934126 -0.00456615 0.00492062 -0.000254689 0.229896 -0.0146856 -0.0486996 -0.00299079 0.0073184 -6.22067e-05 -7.80092e-05 -9.26251e-05 -0.0382373 -0.00123789 -0.00765669 -0.0038099 -0.00222214 -0.000879872 -0.0030006 -0.00444399 -0.000332289 -0.00928461 -0.00413444 -1.39594e-05 -0.0238984 -0.0114768 -0.00140519 0.0584157 -7.3187e-07 -0.000245861 -0.000678928 -0.00139019 0.0380424 -0.00662229 -6.28543e-06 -0.00013099 -0.00109219 -0.000499755 -0.000286696 -0.00655413 0.000174291 0.0307027 -0.0115533 0.000838353 -0.0186042 -0.00209457 -0.00143643 -6.66688e-05 -2.46572e-05 -0.000801431 -5.42425e-05 0.00106869 -0.00279528 1.80238e-05 0.000140424 -2.71025e-07 0.00105905 -0.000203183 0.00243829 0.000563149 0.0105764 -0.00783241 -0.0392738 0.00524486 -0.0039182 -2.77279e-05 -0.0101931 -0.000595026 0.00094878 -0.0196539 -0.00100687 -0.00333685 -0.00841192 -0.00222142 0.00534421 -0.00295576 0.00871826 0.00614238 -0.00106509 0.00142855 -0.00167101 0.000201954 -0.0438576 8.99221e-05 -0.001007 -0.0189228 -0.00584911 -0.000549714 -0.000301057 -0.00128262 -0.00101282 -0.000674434 0.00125025 -0.00238797 -0.0029153 -0.00126486 
-0.000115644 0.000181199 9.53171e-05 0.0128117 -0.00352732 0.00133302 -0.0673071 -0.000209818 -0.0146856 0.165322 0.00225235 0.00964638 -4.0757e-05 -8.65227e-06 5.18717e-05 8.01328e-05 -0.0341357 -0.00288493 -0.0051602 -0.00336401 -0.00111075 -0.00333146 0.00312801 -0.0012597 -0.000203162 0.00817089 -0.00427176 0.0006386 0.0335793 0.0462119 -0.000913124 0.0578203 -0.00016537 0.000527035 0.000778554 0.00380009 0.0495907 -3.28425e-05 -2.80346e-05 -1.11654e-05 0.000262236 -8.83488e-05 0.000484356 -0.00307542 -0.00101821 -0.0148531 -0.00951752 -0.00272601 -0.0133184 -0.000111946 -0.00135078 1.58323e-05 0.000684416 -0.000573176 5.40995e-05 -0.000881094 -0.00203133 0.000338981 6.55245e-05 -3.50074e-05 -0.0859919 -7.61378e-05 0.0574014 0.00116159 0.00237993 -0.000742121 -0.02718 -1.6896e-05 -0.100225 0.000384488 -0.00275726 -0.000238764 4.55416e-05 -0.0427622 -0.00158505 -0.000983436 0.0047827 -0.0163515 -0.00739332 -0.00302804 0.0478236 0.00208005 0.000300927 -0.030781 0.00243959 -0.000350781 -0.0308527 -0.00114483 0.000892258 0.00329955 0.00558082 0.000218466 5.40181e-05 0.00020791 -5.3981e-06 0.00109023 -0.00149049 0.0189894 -0.000250991 -0.000501262 
-0.000528792 0.000145033 0.000311976 -0.0200128 0.0102474 0.00138883 -0.0046409 -0.00050391 -0.0486996 0.00225235 0.230058 0.00508122 -0.00671109 -0.000130339 -0.000130609 -5.018e-05 0.000866242 -0.00508123 -0.000766192 -0.00898959 -0.00384044 -0.00529242 -0.00348267 -0.00155982 -0.000601959 -0.000137806 -0.0144012 0.00150527 0.0146776 0.0134855 -0.000614885 -0.0441889 1.76795e-05 -0.000388642 -0.000101329 0.000747326 -0.014797 -0.00579728 -0.00049823 -0.000237082 -0.000352613 -0.000818943 4.70525e-05 -0.00775034 -0.0025531 -0.0326897 0.0119782 0.00985135 0.00895061 0.000104694 -0.000153519 -7.56255e-05 -0.000315806 -0.0011238 -0.000102196 -0.000433131 -0.0157516 0.000189852 -0.000306781 -0.00025209 0.0105352 -0.000367657 -0.0424541 -0.0033146 -0.00506335 -0.00803751 0.0371849 0.00963967 -0.0339606 -0.000116374 0.0116556 -0.000802936 -0.000102295 0.0532238 0.00040148 0.00064476 0.000367706 -0.0217788 -0.0371518 0.00624255 -0.0115474 0.0080114 -0.00128139 0.0174962 -0.000209697 -0.000895236 0.00552689 0.00062303 -0.000445484 -0.0320774 -0.00103605 -0.000667692 -0.000250183 -0.00115826 -0.00257808 -0.00167151 -0.00241304 -0.00470315 -0.00264772 -0.00186259 
0.000103493 0.000118431 5.43013e-05 -0.0228282 -0.00712589 -0.000248238 -0.0290089 0.000122085 -0.00299079 0.00964638 0.00508122 0.0504903 -0.00150041 2.23434e-05 7.81209e-05 9.30446e-05 0.00145069 -0.000225338 0.0020072 0.00780005 0.00554314 0.00283664 0.000910689 0.00816123 0.000112735 0.00253502 0.00389798 -1.86739e-05 -0.0117347 0.00644879 5.00131e-06 -0.013107 -1.36563e-05 -8.01816e-06 0.000538659 0.00337797 -0.00592695 0.0107035 0.000104166 8.45203e-05 2.06991e-05 7.76753e-05 0.000730195 0.00518913 0.00049389 -0.00131293 0.00419876 0.00467941 0.000468587 0.00185402 -0.000273465 7.46414e-05 3.00162e-05 1.27285e-05 7.66227e-05 0.0031011 -0.000734915 -0.000122484 1.37224e-05 0.000266324 -0.0191749 0.000131064 -0.0106757 0.00316825 -0.00951823 6.92539e-05 0.000356753 -0.0122278 -0.00906769 1.73135e-05 0.00393991 0.000525096 -0.000191159 -0.00304866 0.000515 0.00487849 -0.00181541 0.0180537 0.00613287 -0.000688282 0.00235468 -0.0130211 8.94193e-06 -0.0104165 0.000326146 -9.48486e-05 -0.0188087 -1.87298e-05 0.00345063 -0.00446155 0.0113256 -3.46244e-05 0.000250832 0.000893837 0.00154595 0.00187152 -0.000367943 0.0076704 -0.000391266 0.00010242 
6.52325e-05 -4.04261e-06 7.21929e-05 0.000643298 -0.00309878 6.0803e-05 -0.00154696 8.87352e-05 0.0073184 -4.0757e-05 -0.00671109 -0.00150041 0.032697 1.42928e-05 -1.11275e-05 -8.1652e-06 -0.00572405 0.00180526 -0.000542985 -3.25898e-05 0.000251647 0.000135917 -0.000108168 -0.00021678 4.79395e-05 -0.000867613 -0.000669399 0.000599038 0.000698773 -0.00128447 0.000217436 0.00405509 2.71617e-05 0.000391063 -0.000214767 0.000981395 0.000713537 -0.000333494 0.000135533 9.95331e-06 0.000118917 -9.53953e-06 -1.88494e-05 -0.000596762 -0.000263755 -0.00224732 -0.00163763 -0.000873015 -0.00136374 -0.000194694 -0.000248018 4.49875e-06 -4.64627e-05 0.000561513 2.36575e-05 -0.000165952 0.000488507 0.000235194 7.63995e-05 -1.4172e-05 0.00373103 0.000194633 -0.00382505 0.00020521 -0.00281592 0.000195859 -0.00705123 -0.00152315 -0.00248611 2.31651e-05 -0.00162329 -4.70198e-05 -5.97813e-05 -0.00361431 -1.47815e-05 -0.000417982 0.00136896 -0.00823282 -0.000869091 -0.000644424 0.000632351 0.000323537 0.000324452 -0.00151419 -0.000181357 -5.03073e-05 -0.000765923 -0.000104478 -7.34716e-05 -0.00113365 -0.0005915 1.58463e-06 -1.79006e-05 2.03294e-05 0.00034705 0.000264325 0.00221483 0.000206028 0.00576128 -9.96796e-05 
5.93969e-06 2.4974e-07 1.64849e-07 -0.000167771 -0.000163075 -6.54319e-06 -0.000134947 2.20424e-06 -6.22067e-05 -8.65227e-06 -0.000130339 2.23434e-05 1.42928e-05 0.0003655 1.59204e-06 2.25257e-06 4.44051e-05 3.83091e-05 9.04203e-06 1.07203e-05 5.91268e-05 2.6608e-05 2.37759e-05 8.4108e-05 5.96995e-06 3.00664e-05 2.26885e-05 6.65191e-06 -0.000109258 -9.97238e-06 5.57158e-05 -8.78735e-05 8.66116e-07 1.68166e-05 1.26087e-07 1.18623e-05 -0.000129858 4.72094e-05 3.26928e-05 1.09709e-06 1.62902e-06 6.41037e-06 1.34391e-05 2.57019e-05 -9.57667e-07 -1.77682e-05 1.16955e-05 -1.43109e-05 -7.78341e-06 4.17963e-05 2.6431e-06 3.32959e-06 -3.89628e-07 3.70206e-06 7.78543e-08 1.59363e-06 0.000104939 1.51507e-05 1.02008e-05 8.98015e-07 -7.77387e-05 4.87581e-05 -9.03714e-05 7.21879e-05 -0.000181631 9.3049e-05 -3.06631e-05 -0.00014772 5.99489e-06 9.72899e-06 9.12103e-05 1.56861e-05 1.29463e-06 -3.11197e-05 2.24073e-05 3.71277e-05 -6.30813e-06 6.41796e-05 8.68591e-05 1.55117e-05 -2.3805e-05 -0.000121148 1.66579e-05 -0.000154412 7.72739e-06 -8.51899e-07 -8.29981e-05 1.24411e-05 2.19255e-05 -2.75624e-05 3.99635e-05 2.33659e-05 -3.74011e-07 1.37357e-05 2.59052e-05 2.22707e-05 1.48603e-05 9.66907e-06 4.07804e-05 2.95058e-05 
2.64462e-05 1.61243e-06 4.05353e-08 -0.000147934 -0.000111463 5.12965e-06 -0.000127713 1.60873e-06 -7.80092e-05 5.18717e-05 -0.000130609 7.81209e-05 -1.11275e-05 1.59204e-06 0.000355929 2.24416e-06 -7.91362e-05 1.06175e-05 1.73791e-05 1.89949e-05 6.86943e-05 3.0009e-05 7.53613e-06 2.58752e-05 8.21454e-06 6.69268e-05 3.11087e-05 -1.50008e-06 -9.26691e-05 6.93552e-05 7.73242e-06 -5.70054e-05 8.77723e-09 2.25902e-06 -1.4899e-06 5.07363e-06 -0.000107278 9.01696e-05 2.36871e-06 5.24041e-07 -4.2716e-07 1.18282e-06 2.30693e-05 6.06652e-05 1.9116e-05 -2.90293e-06 -1.24583e-05 -8.08505e-06 -1.47592e-05 1.99378e-05 3.42783e-06 3.98389e-07 1.98777e-05 1.32275e-07 2.24625e-07 1.89364e-05 3.24442e-05 -9.39104e-07 7.70892e-06 -7.24339e-08 -0.000231662 1.44746e-06 -3.95642e-05 2.47482e-05 -0.000103595 -6.81107e-06 -2.28035e-05 -0.000135134 -6.44222e-05 4.2586e-06 5.26582e-05 3.70475e-05 1.13667e-05 -5.87205e-05 1.02696e-05 4.20737e-05 -8.39635e-06 6.39681e-05 0.000101715 5.63094e-06 9.56095e-06 -0.000147901 5.96872e-06 -0.000116838 5.28356e-07 2.55402e-06 -0.000103758 -2.3436e-06 8.02798e-05 -1.75161e-05 7.18706e-05 8.73403e-07 1.13811e-06 6.90544e-06 7.55572e-05 9.43268e-05 -2.26953e-06 9.87258e-05 1.27161e-05 3.65596e-05 
1.16383e-05 4.97899e-06 1.93024e-06 -0.000134749 -0.000172919 1.25235e-05 -0.000207319 6.85515e-07 -9.26251e-05 8.01328e-05 -5.018e-05 9.30446e-05 -8.1652e-06 2.25257e-06 2.24416e-06 0.000281576 5.64582e-05 -2.1107e-06 5.40992e-05 3.07014e-05 3.17971e-05 1.70141e-05 2.71193e-05 5.55321e-05 2.15761e-06 0.000105424 2.27922e-05 -3.36711e-07 -0.000109617 0.000157381 1.61759e-05 -5.69492e-05 2.65902e-06 7.02079e-07 4.34738e-05 5.15856e-05 -4.44142e-05 4.94119e-05 2.13069e-05 5.70525e-06 2.55381e-05 6.74744e-06 7.88702e-06 3.53488e-05 2.43188e-05 1.63398e-05 7.32339e-06 5.20558e-05 2.03767e-05 3.68329e-05 -2.06953e-06 3.32609e-06 3.98617e-05 1.00337e-05 2.11538e-05 4.82389e-05 1.5785e-05 6.46183e-07 9.27619e-07 5.73382e-07 -0.000176536 1.94263e-05 -4.89263e-05 5.09119e-05 -0.000182065 7.77252e-06 -6.10151e-05 -0.000152755 -0.000150571 -5.06588e-08 -1.4546e-05 3.91252e-06 1.60701e-06 -8.08639e-05 9.70382e-06 3.47247e-05 -4.82662e-06 -1.09537e-05 -8.69944e-09 1.67474e-06 1.58451e-05 -0.000120039 1.44089e-05 -0.000217603 0.00013044 -8.2742e-07 -0.000166898 2.90648e-06 3.35323e-05 -4.56525e-06 0.000129262 1.82849e-05 6.87675e-06 1.93002e-05 2.78164e-05 1.41957e-05 -7.62627e-07 0.000118981 -3.06275e-06 9.28613e-07 
-0.000549744 -0.000116757 0.000534523 -0.0126916 0.00552598 -0.00254677 0.0147225 -4.12893e-05 -0.0382373 -0.0341357 0.000866242 0.00145069 -0.00572405 4.44051e-05 -7.91362e-05 5.64582e-05 0.225574 -0.00563698 -0.00422535 -0.00357226 -0.000897686 -0.00222949 0.00136156 -0.00192 -0.000327026 -0.0167846 -0.00442496 -0.00382815 0.00399408 -0.00687359 -0.00125606 -0.0840438 -0.000135057 -0.0009414 -0.000170972 -0.00240713 -0.0641443 -0.00305124 -0.000284255 -0.000109925 0.00024773 -0.000130996 -0.000133534 -0.00437245 -0.000966169 0.00338607 0.00793021 -0.00486775 -0.00653779 -0.0021688 0.00216939 -5.86253e-05 -0.000306931 -0.000409895 -7.45544e-05 -0.000887061 0.000222079 -0.000741526 -0.000186316 -5.49451e-05 0.0200345 -0.000213762 -0.0371884 -0.00353211 -0.00431481 -0.000893813 0.0139336 0.00761404 0.0312206 -0.000236675 0.00141859 -0.000521618 -0.00124364 0.0171744 0.0033737 0.00490207 -0.00997428 0.0811738 -0.00433027 0.00130812 -0.0238824 0.000588381 -0.00166363 0.00194891 0.00105278 -0.00062199 -0.0124719 0.000189841 -0.000367826 -0.00223721 -0.000163388 -0.000166731 -0.000256481 -0.00212167 -0.00118761 -0.00166307 -0.000197598 -0.0161818 -0.00375144 -0.00135144 
-1.5697e-05 -3.85747e-06 -3.05367e-05 -0.000957455 -0.00125356 0.000444232 -0.000769789 9.5912e-05 -0.00123789 -0.00288493 -0.00508123 -0.000225338 0.00180526 3.83091e-05 1.06175e-05 -2.1107e-06 -0.00563698 0.0223933 -0.000145977 0.000961948 0.000828803 4.16583e-05 -4.04311e-05 0.000340109 -7.00102e-06 -0.00164431 -7.35681e-05 0.0005613 -0.00425574 -0.00176423 0.000617103 -0.000930984 -1.05992e-05 0.000127049 5.25273e-06 -0.000207359 -0.00343004 0.000715658 3.30491e-05 -1.57055e-06 -3.90301e-05 9.53917e-05 -8.43854e-06 0.000724729 0.000130185 0.000415029 0.000461089 -0.00114331 -0.000842643 8.89489e-05 -8.67225e-05 9.68992e-06 -7.51096e-05 0.000231986 -1.0447e-06 0.000261112 -5.24401e-05 3.26648e-05 5.83707e-05 -5.72491e-06 0.00210989 0.000237391 -0.00244587 0.000652704 -0.00150316 0.00061208 -0.00114534 -0.00174294 0.00320495 -6.13953e-06 0.00307898 -9.99345e-06 -4.91532e-05 0.000420231 -7.39566e-05 -0.000237686 0.000144068 -0.00118549 0.00135565 -0.000591772 -0.0017599 -0.000967943 -4.65801e-05 -0.000946562 -7.24624e-05 0.000117472 0.00186769 0.000247897 -5.08674e-05 -0.00136186 0.000382421 -4.224e-06 2.17905e-07 0.000477531 0.000256337 -2.56623e-05 0.000186997 -0.00113829 0.00117386 0.000176354 
0.00034177 -2.33756e-06 -3.71656e-05 0.00514245 -0.00631587 0.000497222 -0.00509512 0.000144864 -0.00765669 -0.0051602 -0.000766192 0.0020072 -0.000542985 9.04203e-06 1.73791e-05 5.40992e-05 -0.00422535 -0.000145977 0.0285285 0.00465868 0.000401408 0.00897861 0.000885351 0.000936349 0.000563084 0.00721586 0.00553597 -1.49177e-05 -0.0141021 -0.000844361 0.000219259 -0.00995686 0.000108796 -8.71892e-05 0.000234521 0.00156789 -0.0110514 0.00847494 -9.09852e-07 0.000199786 0.000114782 0.00048519 1.34553e-05 0.00388232 -0.000222023 -0.00235036 0.00158315 -0.00180409 0.0129303 2.48964e-05 -0.000195518 1.67687e-05 7.03727e-05 0.00175318 1.19161e-05 0.000298074 0.00115534 0.00030423 -2.12571e-05 -2.48947e-06 0.00319887 0.000130444 -0.00496284 -0.000119354 -0.0170974 0.0013197 -0.0019452 -0.0103719 0.00528638 -1.52237e-05 -0.00162238 0.00107816 8.0557e-05 4.04466e-05 0.00168299 -0.000201287 -0.000591804 -0.00658744 0.00409747 0.00542399 -0.00296017 -0.00656826 -2.41396e-05 -0.0086631 -4.81742e-05 1.80983e-05 -0.00218348 0.00102537 5.71143e-05 0.00272294 0.000609706 0.000304049 0.000265277 0.000105082 0.00158127 0.00109941 0.000418264 0.00370453 0.000989822 -4.32765e-05 
0.00022669 1.51759e-05 -2.88319e-05 -0.00431871 -0.00959162 -0.000160343 -0.00865328 0.000105108 -0.0038099 -0.00336401 -0.00898959 0.00780005 -3.25898e-05 1.07203e-05 1.89949e-05 3.07014e-05 -0.00357226 0.000961948 0.00465868 0.0201257 0.00509323 0.00540523 0.00161288 0.00635642 0.000183232 0.00631305 0.00946598 -2.83512e-05 -0.0102279 -0.000118457 0.000216063 -0.00569238 1.74298e-06 3.00272e-05 -4.42084e-05 0.000577429 -0.00753365 0.0110033 8.61399e-05 0.000106923 5.35552e-05 0.00067483 0.000100563 0.00910967 -8.9582e-05 -0.000599576 0.00442888 0.00142942 0.00264415 0.0015239 -0.000124617 5.45852e-05 -1.34972e-06 0.00121288 4.50422e-05 0.00181667 0.0012274 7.84483e-05 -6.61738e-07 0.000153878 -0.00441804 4.99778e-05 -0.00344139 0.000762531 -0.0125744 0.00156704 -0.00427487 -0.013612 0.0041451 -1.87703e-06 -0.00156538 0.000802381 -4.99954e-05 -0.00470397 0.000663926 0.00236542 -0.000625568 0.0030522 0.00979415 -0.000199933 -0.00195611 -0.0136303 0.00025097 -0.0102673 -7.71732e-05 -1.59082e-05 -0.00813402 2.8446e-05 0.00217945 -0.000124551 0.00691889 5.93251e-05 0.000261341 0.00103957 0.00159178 0.0014165 0.000100964 0.00344148 0.000921717 0.000282113 
0.000226494 8.65701e-06 -9.75045e-07 -0.00576205 -0.0061909 -0.000214599 -0.00639642 3.95125e-05 -0.00222214 -0.00111075 -0.00384044 0.00554314 0.000251647 5.91268e-05 6.86943e-05 3.17971e-05 -0.000897686 0.000828803 0.000401408 0.00509323 0.0115506 0.00144188 0.00053784 0.0050494 0.000375709 0.0026995 0.00446595 -9.65736e-05 -0.00699796 0.00109978 0.000328386 -0.00277971 -3.87153e-06 8.97302e-05 -3.9228e-05 0.000237697 -0.00459082 0.00588345 0.000123828 3.87799e-05 2.904e-05 0.000370122 0.000288829 0.00442761 -5.29182e-05 -3.69028e-05 0.00244144 0.00179889 6.29482e-06 0.000503753 -6.67271e-05 3.4283e-05 0.000330938 0.000108196 0.000104772 0.00104747 0.000737231 -2.92671e-05 4.9692e-05 0.000157347 -0.00464637 0.000142664 -0.00152506 0.00114607 -0.0063909 0.000547556 -0.00276086 -0.00748299 -0.000162853 5.37746e-07 -0.000342746 0.000232478 0.000435856 -0.002736 0.000544761 0.0025053 -0.000103999 0.00354058 0.005075 -0.000222817 -0.000619293 -0.00736479 5.87735e-05 -0.00623119 0.000240595 -9.10002e-06 -0.00600353 -1.70197e-05 0.00161614 -0.000912537 0.00575097 8.32999e-05 7.03482e-05 0.00108255 0.00212189 0.0016594 -6.59118e-05 0.00188187 0.00110864 0.000171722 
0.000400114 -6.5991e-06 -1.87327e-05 -0.00106712 -0.00619601 -0.000320582 -0.00473338 1.71986e-05 -0.000879872 -0.00333146 -0.00529242 0.00283664 0.000135917 2.6608e-05 3.0009e-05 1.70141e-05 -0.00222949 4.16583e-05 0.00897861 0.00540523 0.00144188 0.0205365 0.00211606 0.00330352 0.000290294 0.0103993 0.00602614 0.000136912 -0.0127805 -0.000879476 8.2784e-05 -0.00470868 2.66478e-05 -2.32397e-05 0.000137188 0.00177373 -0.0102734 0.00703169 0.000115861 0.000196567 -2.47864e-05 0.000270463 8.7361e-05 0.00302272 -0.000111486 -0.00119423 0.00381069 -0.000506695 0.00473773 9.40408e-05 -0.000150642 3.43007e-05 6.95288e-06 0.000670879 1.29381e-05 0.000347493 0.000873792 0.000401808 7.43006e-06 9.58166e-05 0.00208709 0.000338926 -0.00390745 0.000281551 -0.0148283 0.00117182 -0.00295853 -0.0104728 0.00324707 -3.35218e-06 -0.00118918 0.000936355 0.000368876 -0.00145057 0.00181624 0.000648236 -0.000579611 -0.00181293 0.00672657 0.00180694 -0.000192691 -0.0061631 -8.73797e-05 -0.0111464 2.01367e-05 -4.76117e-05 -0.0083304 0.000185199 0.000756572 -0.000369116 0.00148516 0.000269157 0.000112565 -3.47972e-05 0.00179795 0.00187565 0.000241761 0.00533727 0.000644658 0.000168763 
1.69064e-05 5.80172e-05 2.35812e-05 -0.00369936 -0.0025701 5.69952e-05 -0.00550882 4.03249e-06 -0.0030006 0.00312801 -0.00348267 0.000910689 -0.000108168 2.37759e-05 7.53613e-06 2.71193e-05 0.00136156 -4.04311e-05 0.000885351 0.00161288 0.00053784 0.00211606 0.0142017 0.00109347 1.61963e-05 0.0030728 0.00151585 8.36744e-05 -0.00253231 0.00199054 3.81697e-05 -0.000392752 2.34661e-05 -1.18565e-07 9.63268e-05 0.000910952 -0.00286016 0.00104601 0.000102854 1.12457e-05 0.000373176 4.33736e-05 3.15561e-05 0.000274177 3.56711e-05 0.000971236 0.000644556 -0.000374574 -0.000253175 0.000469057 -3.521e-05 6.6965e-05 8.2777e-05 -9.18432e-08 9.25552e-06 9.31061e-05 -0.000350756 1.90254e-05 9.17045e-06 5.63748e-05 -0.0025259 0.000311874 0.0010821 0.00105094 -0.00181932 0.00111216 -0.00133932 -0.00202523 -0.00385358 -7.4049e-07 -1.43514e-05 0.000115014 -5.97621e-05 -0.00479429 0.000343976 0.000577788 4.60122e-05 -9.58642e-05 0.00275243 -0.000377894 0.00128012 -0.00184213 -5.19487e-05 -0.00352706 0.001097 -4.45262e-06 -0.00745194 4.73426e-05 0.000184316 -0.000689878 0.000752452 0.000214888 7.17908e-05 0.000984085 0.000403858 0.000466161 0.000243872 0.00312687 0.000585622 0.000679124 
9.94027e-06 2.72994e-05 9.22473e-05 -0.0107244 -0.00784172 -0.000185717 -0.00850054 0.00010429 -0.00444399 -0.0012597 -0.00155982 0.00816123 -0.00021678 8.4108e-05 2.58752e-05 5.55321e-05 -0.00192 0.000340109 0.000936349 0.00635642 0.0050494 0.00330352 0.00109347 0.0160313 0.000178043 0.00366864 0.00444081 -9.02593e-05 -0.00773908 -3.67906e-05 0.000159872 -0.00674259 5.15388e-05 0.000144215 0.000236414 0.00126605 -0.00641265 0.00748014 0.000195528 0.000105991 3.18961e-05 0.000215887 0.000501602 0.00498929 -1.6865e-05 -1.04941e-05 0.00679595 0.00390934 0.000535948 0.00233819 3.31912e-05 8.98886e-05 -3.0751e-05 -4.69113e-06 3.95415e-05 0.00125372 -0.000302413 0.000167667 4.26462e-05 6.85861e-05 -0.00456775 0.000324382 -0.00414715 0.00198421 -0.0090143 0.000594864 -0.0036085 -0.010116 -0.000466745 3.24586e-05 0.000378164 0.000387106 0.000141133 0.00224185 0.0008477 0.0022387 -0.000426235 0.0063885 0.0036952 -0.000194539 -0.000293193 -0.00925676 0.000552687 -0.00668154 2.77088e-05 -4.11532e-05 -0.00786037 0.000131898 0.00222757 -0.000822787 0.00817908 0.000216224 4.82011e-05 0.000447451 0.000575584 0.000906756 -9.50661e-05 0.00215368 0.000349962 -5.1452e-05 
0.000281096 5.70124e-06 3.20568e-06 -0.000178613 -0.000955608 4.83214e-06 -0.000750966 2.86724e-05 -0.000332289 -0.000203162 -0.000601959 0.000112735 4.79395e-05 5.96995e-06 8.21454e-06 2.15761e-06 -0.000327026 -7.00102e-06 0.000563084 0.000183232 0.000375709 0.000290294 1.61963e-05 0.000178043 0.00117481 0.000421391 0.000749492 -1.00331e-05 -0.000804656 0.000145507 0.000123934 -0.00028579 1.85878e-05 -5.53616e-07 1.15939e-05 0.00016459 -0.000401082 0.000470487 2.87911e-05 1.1141e-05 -1.49485e-06 1.89912e-05 1.38845e-05 0.000159388 -3.37462e-06 -3.86219e-05 -2.9385e-05 -5.34233e-05 0.000476322 1.56098e-06 -3.30549e-06 1.17933e-05 0.000199613 0.000173778 4.27921e-05 5.13284e-05 0.000377788 1.40576e-06 9.46187e-07 3.68893e-06 -0.000100606 5.02896e-05 7.24492e-05 5.83909e-05 -0.000964076 0.000366046 -0.000261191 -0.00104858 -2.7665e-05 5.10356e-06 -8.84818e-05 2.75512e-05 1.82458e-05 -0.000416834 4.08446e-05 5.04466e-05 -3.31036e-05 -0.000249059 9.1943e-05 -2.1255e-05 -7.09273e-05 -0.000774909 6.23609e-05 -0.000945813 6.43033e-06 -1.34418e-06 -0.000532813 0.000251148 0.000148546 0.000320583 0.000175026 2.76654e-05 5.72776e-05 0.000125571 0.000376663 0.000256759 0.000165016 0.000366162 0.000411617 3.21761e-05 
0.000401431 -2.40168e-05 0.000182424 -0.00283926 -0.0161408 -0.000272231 -0.0148062 -3.4509e-05 -0.00928461 0.00817089 -0.000137806 0.00253502 -0.000867613 3.00664e-05 6.69268e-05 0.000105424 -0.0167846 -0.00164431 0.00721586 0.00631305 0.0026995 0.0103993 0.0030728 0.00366864 0.000421391 0.0808116 0.00851443 0.00111199 -0.0156084 0.00594579 -0.00020905 0.00322444 2.24538e-07 0.000428429 0.000945344 0.00237291 -0.0089317 0.0078555 3.42698e-05 0.000174456 0.000923701 0.000519182 0.000217495 0.00533522 2.04051e-05 -0.00552306 0.00532294 0.00117938 0.000291476 0.00134042 -0.000676643 8.18285e-05 0.000609296 0.000870372 0.000107794 0.00018829 -0.000100621 0.000364195 -3.05492e-05 9.90176e-05 -0.0115689 0.000202176 -0.0110123 0.00101503 -0.022718 0.000237733 -0.0124066 -0.0108503 -0.00347465 1.88896e-05 -0.00506831 0.00115402 0.000442537 -0.00818339 0.000615894 0.00127074 0.00139856 -0.0232894 0.00694315 0.00267891 0.00287005 -0.00729589 -3.73434e-05 -0.0178143 0.00173905 -0.000123111 -0.00637133 -0.000217581 0.00148261 -0.00528142 0.00386254 0.000450278 0.000250869 0.00175276 0.00253133 0.00270428 0.00168098 0.0260453 0.00387353 0.000234584 
0.000546358 -9.87654e-06 -2.77841e-05 -0.000786625 -0.0113992 -0.000330055 -0.00721211 0.000108819 -0.00413444 -0.00427176 -0.0144012 0.00389798 -0.000669399 2.26885e-05 3.11087e-05 2.27922e-05 -0.00442496 -7.35681e-05 0.00553597 0.00946598 0.00446595 0.00602614 0.00151585 0.00444081 0.000749492 0.00851443 0.024674 -0.000189515 -0.0130963 3.80222e-05 0.000361764 -0.000130541 2.59337e-05 -1.24345e-05 -4.78219e-05 0.000543941 -0.00674586 0.00846222 9.05003e-05 0.00017489 2.98193e-05 0.000782486 2.42382e-05 0.00778117 -0.000161108 0.000295794 0.0018238 -0.000310121 0.00168498 0.000565276 -0.000165244 6.46223e-05 0.000272821 0.0010871 6.09399e-05 0.00142195 0.00124153 5.39389e-05 -9.32968e-06 0.000128819 -0.0028432 0.000171028 0.00148027 0.000585205 -0.0100316 0.00226995 -0.00613122 -0.0121863 0.00457657 -2.44011e-07 -0.00154654 0.000756109 0.000150737 -0.0089876 0.000177479 0.00180547 -0.000654908 0.000137663 0.0104853 -0.000460716 -0.00167892 -0.00959746 0.000408456 -0.0105391 4.63822e-05 4.3866e-05 -0.00902057 0.000261525 0.00197577 0.0025068 0.00488201 0.000403533 0.000254584 0.00122216 0.0020858 0.0015327 8.39936e-05 0.0059271 0.000811151 0.000211069 
-3.62366e-06 -1.57357e-06 -1.60623e-05 -0.000884111 -0.000184082 -0.000202541 -0.00230439 5.60277e-08 -1.39594e-05 0.0006386 0.00150527 -1.86739e-05 0.000599038 6.65191e-06 -1.50008e-06 -3.36711e-07 -0.00382815 0.0005613 -1.49177e-05 -2.83512e-05 -9.65736e-05 0.000136912 8.36744e-05 -9.02593e-05 -1.00331e-05 0.00111199 -0.000189515 0.0140884 0.000799447 0.0012903 0.000120234 -0.000925627 -9.46468e-06 5.08517e-05 3.39396e-05 0.000478273 0.00029476 2.27816e-05 1.1111e-05 -4.80771e-06 1.79748e-05 -7.64908e-07 -9.44641e-06 -0.000128903 -4.48738e-05 -0.0010744 -0.000545357 0.00244348 0.00059821 -5.03254e-05 -2.93217e-05 -7.86781e-07 5.05937e-05 -1.5768e-05 -4.71681e-07 8.6534e-05 -0.000234365 4.11985e-05 1.60695e-05 -1.52482e-06 -0.002557 3.51043e-05 -0.00188911 4.04824e-05 -0.00210076 0.000137391 -0.00146625 -0.00051952 -0.00220838 6.04274e-05 0.00149495 -3.36796e-06 -7.03634e-05 0.000501498 -7.58604e-05 -0.000130114 -0.000178515 -0.00222473 -0.000332403 -0.000253479 0.00029513 2.46006e-05 9.1169e-05 -0.000892717 9.33976e-05 -2.8343e-05 -0.00159224 -2.07277e-05 -8.01314e-05 -0.00121478 -5.42275e-05 2.69157e-05 1.66385e-05 9.50033e-05 -4.81647e-05 -6.7005e-06 -8.60455e-05 0.00104419 -9.46279e-05 4.89409e-05 
-0.00107011 -0.000171405 -9.11541e-05 0.0160995 0.0133694 0.00151898 -0.00163995 -0.000287018 -0.0238984 0.0335793 0.0146776 -0.0117347 0.000698773 -0.000109258 -9.26691e-05 -0.000109617 0.00399408 -0.00425574 -0.0141021 -0.0102279 -0.00699796 -0.0127805 -0.00253231 -0.00773908 -0.000804656 -0.0156084 -0.0130963 0.000799447 0.164525 0.00919151 -0.00228817 -0.000660718 -0.000301138 -0.000411274 -0.000997622 -0.00421333 -0.00817562 -0.0135767 -0.000385734 -0.000155821 -0.000306334 -0.000512572 -0.000594563 -0.00613088 -0.00230311 -0.0366252 -0.023192 -0.0114974 -0.00808814 -0.00292213 -0.000483543 -0.000113748 -0.00092544 -0.00209881 -0.000151331 -0.00382554 -0.00973867 -0.000788872 -0.000156328 -0.000346971 -0.0172135 -0.000525202 -0.0190856 -0.00584737 0.0233725 -0.000595622 0.0241696 0.019898 -0.0200335 2.5473e-06 -0.00908278 -0.00118708 -0.00118338 0.0316777 -0.00591843 -0.00251341 0.00458319 0.00620859 -0.00925983 -0.00825763 0.00458422 0.015032 0.000295219 0.0111394 -0.000458797 -0.00159004 0.0270944 -0.00279481 -0.00338607 -0.0123423 -0.00727148 -7.66804e-05 -0.000324147 -0.0031447 -0.00383653 -0.00381227 -0.00407715 -0.0103072 -0.00286798 -0.000200245 
0.000179135 0.000164666 1.36672e-05 0.00243425 -0.00477382 0.00175622 -0.050864 2.74099e-05 -0.0114768 0.0462119 0.0134855 0.00644879 -0.00128447 -9.97238e-06 6.93552e-05 0.000157381 -0.00687359 -0.00176423 -0.000844361 -0.000118457 0.00109978 -0.000879476 0.00199054 -3.67906e-05 0.000145507 0.00594579 3.80222e-05 0.0012903 0.00919151 0.0798977 -0.00034242 0.0221729 -7.87283e-05 0.000275609 0.00108298 0.00305922 0.0225767 0.0022604 6.08145e-05 6.38262e-05 0.000207157 5.63396e-05 0.000287333 -0.000349817 -0.000269578 -0.00559286 -0.00325745 -0.00276403 -0.00305235 -0.000178939 -0.000589839 2.53092e-05 0.00169326 -7.49169e-05 0.000125041 -0.000163935 -0.0015417 -0.000133304 4.37702e-05 1.74221e-05 -0.0541826 7.53946e-05 0.0227043 0.000919925 -0.000897327 -0.00170239 -0.00889811 -0.00385099 -0.0474962 0.000353001 -0.00542125 0.0001941 1.86221e-05 -0.0308917 -0.000244995 0.000914475 -0.00099066 -0.00408029 -0.00159854 -0.00105692 0.0215561 -0.00128297 3.43107e-05 -0.0204959 0.0032366 -2.93297e-05 -0.022104 -0.000466767 0.00171614 -0.0022312 0.00409819 4.05155e-05 0.000118585 0.00103634 0.00133641 0.00164235 -0.000610903 0.0214981 -2.96824e-05 -0.000170434 
0.000225148 5.9081e-05 2.0508e-05 -0.000565004 -0.00100441 9.32389e-05 -0.000530829 3.79932e-05 -0.00140519 -0.000913124 -0.000614885 5.00131e-06 0.000217436 5.57158e-05 7.73242e-06 1.61759e-05 -0.00125606 0.000617103 0.000219259 0.000216063 0.000328386 8.2784e-05 3.81697e-05 0.000159872 0.000123934 -0.00020905 0.000361764 0.000120234 -0.00228817 -0.00034242 0.0051868 -0.0015757 1.37774e-05 8.61553e-05 4.95086e-05 2.6332e-05 -0.00130542 0.000199256 0.000252841 -1.48781e-06 5.24147e-05 5.96773e-05 1.45904e-05 0.000156684 0.000222062 8.21378e-05 4.57987e-05 -6.73525e-05 0.000469626 0.000581675 4.45072e-06 4.24819e-05 6.93029e-06 6.68176e-05 2.4113e-06 0.000417966 0.000547952 8.37633e-06 4.10811e-06 1.31772e-05 0.000368153 0.000195754 -0.000546486 0.000728804 -0.00117733 0.000569059 -0.00026017 -0.00144534 0.000469962 2.72769e-05 0.00192033 1.887e-05 -1.0914e-05 -0.000782383 -2.57367e-05 -7.34269e-06 -0.000125686 -0.00113367 0.000313683 6.375e-05 -0.000406028 -0.00103349 0.000290273 -0.000582426 0.000158735 6.43384e-05 0.000197497 0.000127339 0.000177674 0.000360005 4.57632e-05 6.56369e-05 1.35212e-05 0.000733741 0.000159368 0.000111245 0.000109992 -0.000105239 0.000415637 0.000395336 
-0.0002759 -0.000124723 -0.000543263 0.0206826 0.00154016 -0.0036816 -0.0218652 -0.000181358 0.0584157 0.0578203 -0.0441889 -0.013107 0.00405509 -8.78735e-05 -5.70054e-05 -5.69492e-05 -0.0840438 -0.000930984 -0.00995686 -0.00569238 -0.00277971 -0.00470868 -0.000392752 -0.00674259 -0.00028579 0.00322444 -0.000130541 -0.000925627 -0.000660718 0.0221729 -0.0015757 0.247967 -0.000311298 0.00100932 -0.00158288 0.000301065 0.0807174 -0.0067287 1.14141e-05 -8.7921e-05 -0.000915003 -0.000511118 -0.000319466 -0.00462824 -0.000897259 0.0127903 -0.0146872 -0.0124008 -0.0281905 -0.00400449 -0.00302191 -5.42735e-05 0.00100667 -0.000547224 2.28092e-06 -0.00295512 0.00162577 -0.000828727 0.000332277 -0.000147081 -0.0522252 -0.000348336 0.0749246 0.000863904 0.0140033 -0.0027374 -0.0540033 0.00588085 -0.0659806 0.000192316 -0.0177266 -0.000733202 0.00125221 -0.0910402 -0.00320304 -0.0051686 0.00615714 -0.0443328 0.00485339 -0.00771475 0.0474953 0.00974272 -0.000713342 -0.029973 0.00104925 0.000247465 -0.0247497 -0.00148374 -0.00162555 0.00849936 -0.00552635 -0.000356201 -0.000339711 -0.000938459 -0.00100197 -0.000484275 -0.00123725 0.0127173 -0.000193228 -0.00190135 
8.87819e-06 2.44085e-06 2.95297e-06 -0.000228691 -7.30029e-05 4.7934e-05 -1.16712e-05 1.03131e-05 -7.3187e-07 -0.00016537 1.76795e-05 -1.36563e-05 2.71617e-05 8.66116e-07 8.77723e-09 2.65902e-06 -0.000135057 -1.05992e-05 0.000108796 1.74298e-06 -3.87153e-06 2.66478e-05 2.34661e-05 5.15388e-05 1.85878e-05 2.24538e-07 2.59337e-05 -9.46468e-06 -0.000301138 -7.87283e-05 1.37774e-05 -0.000311298 0.000972996 6.01821e-06 1.87346e-05 6.84033e-06 -0.000384608 3.73976e-05 1.05229e-06 1.78535e-06 2.17366e-06 2.92584e-06 2.15336e-06 1.63753e-05 6.75946e-06 -3.65228e-05 0.000187436 0.000104586 0.000147243 5.50987e-05 -9.94059e-07 6.16176e-07 6.07718e-06 1.65052e-05 -2.546e-08 1.66935e-06 8.26972e-06 -1.22045e-06 -6.37719e-07 2.04368e-06 0.000112713 1.11674e-05 -0.00019064 1.9377e-06 -0.00019028 -2.38557e-06 7.37756e-05 -0.000113568 5.68835e-06 7.48504e-07 1.25122e-06 2.30922e-06 1.71107e-06 0.000227075 1.84016e-06 -1.29377e-06 -2.94051e-05 -0.000134813 2.26353e-06 6.89203e-05 -8.30216e-05 -6.15336e-05 8.67178e-06 -5.58287e-05 9.42635e-06 -2.38338e-06 -9.93503e-05 4.11325e-05 3.24937e-06 7.11561e-06 4.79641e-05 1.63148e-05 6.42252e-06 3.85895e-05 -1.97287e-06 -3.12452e-07 3.25007e-05 -8.32598e-06 -8.01336e-08 2.33276e-05 
