0.234416 0.0241182 -0.0121836 -0.00353745 -0.0105465 -0.0161893 0.0904693 0.000932406 0.0387385 0.0982613 -0.00469435 -0.000526693 -0.000647069 0.0751741 0.0198689 -0.00276652 0.114665 0.063347 -0.00535944 -0.0470942 -0.0165672 -0.0109504 -0.0317699 0.00475167 -0.0152354 -0.000645181 -0.0118729 -0.0245322 -0.00415974 -0.0028071 -0.0787162 0.00401181 0.00791474 0.00644257 -0.00172261 -0.000852473 -0.00440172 -0.0234565 -0.0478905 -0.0553833 -0.142654 -0.134071 0.00825076 -0.0798875 -0.00680815 0.00400771 -0.00566232 0.101162 -0.00913921 0.000654567 0.0203748 -0.00340597 -0.040832 -0.0676603 -0.0733103 -0.0172507 -0.00104751 -0.0442013 0.0484051 0.0559336 -0.022264 0.0232457 0.00982863 -0.0165735 0.00150631 -0.022437 0.00174844 0.000446097 -0.00122193 -0.0224521 -0.0118117 -0.00438748 0.0185798 0.0108519 -0.0155031 0.0620813 -0.106123 -0.0044812 0.0259732 0.00949838 -0.0337712 -0.00290179 -0.00188705 0.000611978 -0.00429972 -0.00846893 -0.00117623 -0.130776 0.00435245 0.0498373 -0.00869494 -0.0347665 0.00106634 -0.00628803 -0.00375627 0.146001 0.0287437 0.0194328 0.0889928 -0.000217078 
0.0241182 0.0886077 -0.000742193 0.00101218 -0.00508803 -0.0028862 0.0550136 -0.000995763 -0.0201526 0.0484429 -0.000477922 -0.00023089 2.70526e-05 0.0231607 -0.028352 -0.000366494 0.0439204 0.0530644 -0.000790265 -0.0211525 0.000896368 -0.000494032 -0.00536525 -0.00311629 0.0122705 -0.000719732 -0.00270347 -0.004456 -0.00720689 -0.000809302 -0.00556475 -0.00656687 -0.00146735 0.0193018 -0.000379631 -5.86302e-05 -0.00126305 -0.0109878 -0.00671715 -0.0115347 -0.0236177 -0.0179265 -0.00660741 -0.0507834 -0.00155427 -0.00351583 -0.00068213 -0.030678 -0.0107362 -0.000706683 -0.00821141 -0.00058526 -0.0270683 -0.0130862 -0.0136357 0.00910061 -0.00178947 -0.0286177 -0.00844901 -0.0115192 -0.00383587 -0.000161757 0.0293277 -0.00389881 0.00101135 -0.010833 -0.00343316 0.00383566 5.07348e-05 -0.00523555 -0.000880077 -0.000509759 -0.00525299 0.00825761 -0.00153312 0.00319408 -0.0196178 -0.000466121 0.0259111 -0.00300055 -0.0047668 0.000282882 -2.71981e-05 -0.0105669 -0.00106915 -0.00328906 0.000248803 -0.0366156 -0.00432133 0.0435055 -0.000684015 -0.00726488 0.00205096 -6.80099e-05 -0.00228378 0.0290334 0.0529243 -0.00486392 -0.0338706 0.00019564 
-0.0121836 -0.000742193 0.0280274 0.00388383 -0.00141184 -0.000712598 -0.00774748 0.00086997 -0.000479057 -0.00674362 0.00143285 -6.97014e-05 0.000448983 -0.0122052 -0.00549865 0.000266892 -0.00129357 -0.0057087 0.000400543 -0.00331687 0.00232279 0.00405612 -0.000183545 0.00702082 -0.0003808 -7.14108e-05 0.0154397 -0.000473748 -0.00184311 0.017721 -0.0045307 0.0033652 -0.000685138 -0.00127403 7.27937e-05 0.000259573 -0.000390131 0.00872079 0.00084647 0.000291533 -0.00479306 -0.0072711 0.00121966 -0.00996399 0.000815726 0.00137164 0.00896592 -0.00532095 -0.00247122 -6.88208e-05 -0.000764554 0.00118594 -0.00735954 -0.00275722 -0.00327504 -0.00243859 -0.000557471 -0.00773168 0.0123446 -0.00731692 -0.000335483 -0.0017331 -0.00148387 -0.0010719 0.000643012 -0.00322705 0.0110769 0.00493242 0.00225217 -0.00146289 0.0165634 0.000137718 -0.00158794 -0.0179117 0.0171542 -0.0154204 -0.00429672 0.00103088 -0.0116349 -0.00116954 0.00198103 0.00123779 0.000385541 -0.000747591 0.00342038 -0.000644247 0.000233286 -0.00806988 0.0105442 -0.00608874 0.0134435 -0.00118663 0.0001381 0.00761316 0.0149583 -0.0159556 -0.00320331 -0.00321062 0.00195805 -0.000576789 
-0.00353745 0.00101218 0.00388383 0.0165575 -7.22569e-05 -0.000675211 0.00262133 0.000165235 -0.000501347 -0.00426306 0.000678266 3.90367e-05 4.94425e-05 -0.00639231 -0.00509742 -4.30896e-05 0.0021904 0.00167491 0.000347235 -0.0027107 0.00448713 0.00408005 0.00025989 0.000264458 3.20641e-05 -9.62953e-05 0.00408567 -0.000532384 -0.000651321 0.00926432 -0.00260265 0.0102405 0.000309889 0.000949676 0.000199838 -1.97643e-05 3.44825e-06 0.000735118 -0.000492248 0.00200918 -0.0031902 -0.00577905 -0.00082519 -0.00712975 0.000117576 -0.00015342 0.000745092 -0.00564069 -0.00206566 0.000147772 0.00113372 0.000387424 -0.004157 -0.000930064 -0.00245467 -0.00180446 0.00019658 -0.00254433 0.00826397 -0.00047347 -0.000331339 0.00222901 -0.000774602 0.000304289 -2.8298e-05 0.0010691 0.00165331 0.000217367 -6.46725e-05 -0.000395408 0.00414796 0.00148293 -0.000275375 -0.0101054 0.00894266 -0.00509621 -0.00183175 0.00151725 -0.00978907 -0.000451452 0.000973952 0.000681468 0.000914713 -0.000608053 0.0042618 -0.00060083 0.00019774 -0.00516297 0.000433188 -0.00394734 0.00103884 -0.000941761 -0.000106316 0.00510558 0.00104821 -0.00385705 -0.00234608 -0.000656875 -0.00498405 0.00383831 
-0.0105465 -0.00508803 -0.00141184 -7.22569e-05 0.0649225 0.00122924 -0.0138387 -0.00068768 -0.0132306 -0.0130635 -0.000517704 0.000255384 8.69335e-05 -0.0139308 -0.0146685 0.000669192 -0.0259848 -0.0165086 -0.000208672 -0.00771945 0.00437451 -0.00211327 -0.000691056 0.00011686 -0.00484292 -0.000176595 -0.0026299 -0.000963813 -0.000688698 -0.00353114 -0.00657396 -1.79021e-05 -0.00179911 -0.00293998 4.77688e-05 -1.83861e-05 0.00726582 -0.00348672 -0.00575675 0.00444612 0.0170684 0.00493268 -0.00442872 0.0220274 -0.000680262 9.45655e-05 -0.000736602 -0.00965036 0.0069163 0.000177202 -0.0100327 -0.000269789 0.00114781 0.0172365 0.00300925 0.00406439 0.00434914 0.0363993 -0.0109523 -0.004372 -0.00106416 -0.00955951 -0.000242452 0.00415025 -0.00112157 0.015055 -0.00281005 -0.00134424 0.0010278 0.00587139 -0.00119642 0.00235475 0.00501315 0.00689398 -0.00216609 0.000542246 0.0201324 0.000366345 -0.025245 0.00281742 -0.00070932 0.000795908 -0.000205405 0.0244272 0.00280867 -0.00101458 -2.51938e-05 0.0165386 -0.00355691 -0.0143628 -0.000624337 0.00953749 -0.000217178 -0.000871029 -0.000771633 -0.0149388 -0.00883542 -0.00382713 -0.00879913 -0.000831005 
-0.0161893 -0.0028862 -0.000712598 -0.000675211 0.00122924 0.0690494 -0.00570168 -0.00060271 -0.011867 0.000448111 0.00493074 0.000657976 -1.23439e-05 0.0277683 -0.0195472 0.000711479 -0.0152658 0.00818352 -0.000223482 -0.00861114 -0.000129739 -0.00214239 0.00755172 -0.00241027 -0.00291544 0.000568057 -0.00269685 0.00695343 -0.00559051 -0.00182388 -0.0141134 0.00589067 -0.000978645 -0.0038305 0.00111379 -0.000206126 0.00326282 0.00133373 -0.00410002 0.000353275 0.0120997 0.00427558 -0.00461333 0.0103361 -0.00110034 -0.00236505 -0.000987044 -0.0150146 0.0282559 -0.000456824 -0.0132014 -0.000221129 -0.00451753 -0.00942147 -0.00638351 0.00409288 -0.00233736 0.0241015 -0.00937497 0.00305221 0.00637205 -0.0105172 0.00073106 0.00285423 -0.00148461 -0.00239287 -0.00148022 -0.00118751 0.000263489 -0.000814616 -0.000781022 0.000446885 -0.00441979 0.00684583 -0.00270984 0.00170213 0.0235274 0.00139826 -0.0258442 0.00577965 -0.00239876 -0.000121274 7.14867e-05 0.00866738 0.00272661 -0.00186852 -3.75147e-05 0.0098951 -0.00309896 -0.0107902 -0.00114739 0.00738137 0.000179089 -0.000627038 -0.0016186 -0.0143454 0.000850177 -0.00607735 -0.0172602 -0.00166221 
0.0904693 0.0550136 -0.00774748 0.00262133 -0.0138387 -0.00570168 0.210418 -0.00219203 -0.0321287 0.102889 0.00131325 -0.000443495 -0.000272805 0.0707345 -0.0713543 -0.00146639 0.119674 0.137446 -0.00209574 -0.0692606 0.00549448 0.00493638 -0.0162045 -0.00653057 0.0118333 -0.000598794 -0.00772797 -0.0141724 -0.0210701 0.0160373 -0.0328518 0.0127312 -0.00117959 0.0237295 -0.00108866 -0.00080411 -0.0025001 -0.029296 -0.0268203 -0.0369627 -0.0818683 -0.0785158 -0.0161444 -0.135143 -0.00486466 -0.00781523 -0.00335526 0.0101433 -0.0240433 -0.00122409 0.00792961 -0.00289674 -0.0685836 -0.0371452 -0.0506328 0.00826971 0.000410678 -0.0468873 0.0586455 0.0380045 -0.0135308 0.0395565 0.022692 -0.0106046 0.00323597 -0.0300678 -0.00345094 0.00369091 0.000523298 -0.0149153 -0.00607484 -0.00295425 -0.00575376 0.0146452 0.00349529 0.0307781 -0.0617128 0.000746125 0.00191647 -0.000359334 -0.0169638 -0.00211876 -0.000349784 -0.0101837 -0.00458393 -0.011184 -0.000365609 -0.114062 -0.0102315 0.0547029 -0.00466885 -0.0193631 0.00148318 -0.00225146 -0.00012275 0.0941484 0.0567997 0.00372222 -0.0222444 0.010668 
0.000932406 -0.000995763 0.00086997 0.000165235 -0.00068768 -0.00060271 -0.00219203 0.0112539 0.00175707 -0.00122197 0.000244414 9.84065e-05 -1.84287e-06 -0.0014955 0.00139611 9.97334e-05 -0.00215908 -0.00165258 2.75911e-05 0.000331436 -0.000865991 -0.000147118 -0.000158512 0.000901379 0.000763614 1.0203e-05 0.000683022 -5.05058e-05 -0.000503709 0.000707484 -0.000952648 0.000271626 0.000696005 -0.000622094 -1.86209e-05 3.5895e-05 0.000289555 0.0043727 0.000418357 -0.000896292 -0.00223485 -0.00290495 -0.000124087 -0.000231947 -4.08586e-05 3.5421e-05 0.000607692 0.00122478 0.00102822 -3.61173e-05 0.00185399 -1.87944e-06 -0.00166361 -0.00140707 -0.000613074 -0.00103692 0.000844408 -0.00158994 0.00207608 0.00346487 -0.000360059 0.000130136 -0.000559729 0.00051993 2.96334e-05 -0.00112737 0.00281068 0.000587548 3.9734e-05 -0.000663047 0.000748223 7.70383e-06 -0.000523966 -0.00531668 0.000473094 -0.00203879 -0.00160368 -6.34378e-05 -0.00434582 -0.000339983 0.000319316 -9.94085e-05 -2.37668e-05 -0.000970538 0.000950922 0.000898948 1.77698e-05 -0.00118367 0.00185048 -0.000614889 0.000712577 -0.00030212 -4.59874e-05 0.00022961 0.00131769 -0.00347057 -0.00093132 8.12027e-05 0.00250361 4.45598e-06 
0.0387385 -0.0201526 -0.000479057 -0.000501347 -0.0132306 -0.011867 -0.0321287 0.00175707 0.191131 -0.00326374 -0.00149634 -0.00051511 -0.000245693 -0.0412781 0.0550151 -0.00131154 -0.00905528 -0.0289826 -0.00174268 -0.00136004 -0.00942976 0.000961705 -0.00950299 0.000301228 -0.00236194 -0.00105545 0.00215065 -0.00823495 0.0133938 -0.00193766 -0.00499951 0.000697847 -0.002042 -0.0115332 0.00113373 0.000499417 -0.00549747 0.00698872 0.00559534 0.00325614 -0.013502 -0.0354182 0.0109283 0.0179445 -0.00402246 0.0159828 -0.00197445 0.0596855 0.0037651 0.00222491 0.0437746 0.00197227 -0.0463772 -0.00360261 0.0130265 -0.024907 0.00351114 -0.0694252 0.00438301 -0.0240048 -0.00419977 0.00147973 -0.0111492 -0.00412209 0.000831394 -0.0147897 0.000467664 -0.00474769 -0.00167368 -0.0114745 -0.00212959 -0.00129151 0.013807 -0.00832365 -0.00494256 0.000235259 -0.0396096 -0.00208132 0.0152974 -0.0021891 -0.00381498 -0.00226067 0.000197939 -0.026944 0.00157505 0.00697987 -1.13268e-06 -0.00867441 0.00192943 0.000737625 -0.00189302 -0.0103555 0.0016915 -0.00221335 0.0016348 0.0168918 -0.0107098 0.0169203 0.0496231 -0.00208832 
0.0982613 0.0484429 -0.00674362 -0.00426306 -0.0130635 0.000448111 0.102889 -0.00122197 -0.00326374 0.207083 -0.00185444 0.000418195 -0.000300639 0.0715135 -0.0657888 -0.00143504 0.101412 0.0912926 -0.00264063 -0.065971 -0.00982517 -0.00809015 -0.0164383 -0.00723582 0.0018363 -0.00139826 -0.00917475 -0.0126132 -0.00739505 0.00175335 -0.0432696 -0.011527 0.00936646 0.0259637 -0.00100615 -0.000580129 -0.00245764 -0.0164461 -0.0266528 -0.0369692 -0.0789991 -0.0689238 -0.0100204 -0.104245 -0.00364234 0.00314911 -0.0037133 0.0352897 0.00866794 -0.000716909 -0.0299269 -0.00246786 -0.0626352 -0.037238 -0.0487107 0.0131755 -0.000809329 -0.0622259 0.0270139 0.00506411 -0.0134004 -0.0126461 0.0268633 -0.00819854 -0.00289824 -0.0425092 0.00895076 0.00644082 -0.00153846 -0.01716 -0.00568752 -0.00275507 -0.00914741 0.0198138 -0.0106191 0.0348408 -0.0565594 -0.00281722 0.0343619 0.0159271 -0.0163095 -0.00184955 -0.000905922 -0.0140886 -0.00416127 -0.00943495 -0.000689238 -0.0988187 0.0048615 0.0763949 -0.00376684 -0.0186595 0.000511738 -0.00296999 -0.00716834 0.0874807 0.0643401 0.00795819 0.0194648 -0.0045921 
-0.00469435 -0.000477922 0.00143285 0.000678266 -0.000517704 0.00493074 0.00131325 0.000244414 -0.00149634 -0.00185444 0.0183132 7.11693e-05 0.000114581 0.000527261 -0.00475656 2.09316e-06 -0.00170485 0.00691467 0.000142621 -0.00268281 0.000628915 0.00172083 0.000763876 -0.00025475 0.00113369 -5.30856e-05 0.000856242 0.00152113 -0.000643539 0.00357199 -0.00362504 0.00254241 -0.000643535 -0.000675345 9.66082e-05 4.29741e-06 -0.00023259 0.00123548 -0.00179778 -4.83754e-05 -0.00126349 -0.00124189 -0.000385108 -0.000366096 -0.000250537 0.000173607 0.000444703 -0.00315175 0.0022069 -4.98704e-05 -0.00126301 -0.000158724 -0.00356969 -0.000678191 -0.0017448 0.000668559 -0.000584254 0.000945067 0.00407163 0.00065243 0.000918901 -0.00162693 -0.000564696 0.000328858 -0.00033277 -0.00184824 0.00307685 0.000176021 0.000114367 2.9423e-05 0.0020549 0.000196147 -0.000967822 -0.00520197 0.00151808 -0.00159334 0.00250243 0.000675752 -0.0072555 -0.000357686 -0.000865318 -3.27546e-05 0.000387592 -0.00183225 3.36272e-05 -0.00065441 1.88646e-05 0.000261497 0.00264178 -0.00398665 0.000671725 0.000325286 0.000317088 0.000853585 0.00213071 -0.00431898 -0.000582338 -0.0022919 -0.00237634 0.000399403 
-0.000526693 -0.00023089 -6.97014e-05 3.90367e-05 0.000255384 0.000657976 -0.000443495 9.84065e-05 -0.00051511 0.000418195 7.11693e-05 0.0030491 7.43125e-07 0.000334419 -0.000626501 7.88672e-05 -0.000593091 -0.000654135 4.03659e-05 -0.000223623 -6.79769e-05 -1.5816e-05 4.6766e-05 -9.86617e-05 -0.00010753 -1.6286e-05 -0.000118392 4.9006e-05 -0.000229912 -0.000172342 -0.000134573 -0.000180327 0.000298614 -6.69057e-05 7.52565e-05 4.66675e-08 4.85191e-05 -3.29424e-05 0.000193632 8.66507e-05 0.000330116 0.00011639 -0.00017663 0.000181672 4.11913e-05 -8.25098e-05 -4.05097e-05 -0.000735698 0.000937112 -2.23172e-05 -0.000406711 -1.90087e-05 -0.000262716 -1.84064e-05 0.000129835 0.000563995 0.000533672 0.000391811 -0.000430302 0.00064406 0.000144885 -0.00015381 -8.60903e-05 4.63509e-05 -4.87064e-05 -0.000409753 8.94275e-06 0.000344925 -6.10735e-06 -0.000162692 -5.44696e-05 -8.51685e-06 -8.78303e-05 6.77451e-05 -9.17677e-05 -0.00156671 0.000727335 8.38451e-05 -0.00122062 0.00109066 -1.43108e-05 -2.98077e-05 9.08114e-06 0.000295136 -5.3664e-05 -3.15519e-05 -3.4949e-06 -2.69304e-05 -0.000148574 -0.000245443 -5.10869e-05 0.000664203 -1.90217e-05 -1.46744e-05 -0.000111269 -0.00106619 -0.000297479 0.000181089 -9.43485e-06 -3.64733e-05 
-0.000647069 2.70526e-05 0.000448983 4.94425e-05 8.69335e-05 -1.23439e-05 -0.000272805 -1.84287e-06 -0.000245693 -0.000300639 0.000114581 7.43125e-07 0.00114349 -0.000452205 -0.000306106 6.55114e-05 -0.000221118 -0.000279692 1.65003e-06 -0.000215756 0.000332926 1.84898e-05 -5.17086e-06 0.000144283 -6.5479e-05 5.25528e-06 0.000385107 2.69508e-05 -6.15687e-05 0.000489342 -0.000128471 -4.5458e-05 1.74032e-06 -2.96269e-05 1.3008e-05 5.90792e-06 9.44061e-05 0.000354478 -2.54573e-05 0.000180652 7.42633e-05 -0.000108705 -5.50204e-05 -0.000169452 2.70069e-05 -2.9906e-05 0.000193247 -0.000415574 -1.55502e-05 -5.61818e-06 -0.000204522 1.52996e-05 -0.000303233 4.26382e-05 0.00012191 0.000157839 3.65692e-05 -0.000143644 0.000183491 -0.000269904 0.000232181 -0.000125315 1.01806e-05 -6.09993e-06 -7.37816e-06 -3.81485e-05 0.000302638 0.000296865 6.241e-05 -6.27283e-05 0.000389418 2.55908e-05 -6.06947e-05 -0.000497154 0.000462471 -0.000624069 0.000166864 0.000289527 -0.000598263 -3.12861e-05 -2.58067e-05 2.50688e-06 1.17182e-05 3.95533e-06 8.94256e-06 -4.1517e-05 1.70475e-05 -0.00011273 0.000287953 -0.000212457 0.000409213 -6.27782e-05 1.70096e-05 7.18184e-05 0.000517653 -0.000650268 9.57535e-07 -0.00010181 -0.000188814 5.48341e-05 
0.0751741 0.0231607 -0.0122052 -0.00639231 -0.0139308 0.0277683 0.0707345 -0.0014955 -0.0412781 0.0715135 0.000527261 0.000334419 -0.000452205 0.249848 -0.000236263 -0.000146852 0.0445269 0.0781332 -0.00394767 -0.0284864 -0.0131422 -0.0171442 0.00199329 -0.00853241 -0.0204102 0.000345297 -0.013921 -0.000642434 -0.0263938 -0.0238894 -0.0847778 -0.00853071 -0.00813774 0.00541347 -0.000718072 -0.000568261 0.00094751 0.00388989 -0.0281533 -0.0459772 -0.084145 -0.0522571 -0.00737404 -0.0268433 -0.00368841 -0.0132666 -0.00542277 0.0445356 0.0396214 -0.00148839 -0.0361535 -0.00322019 0.00832543 -0.072273 -0.0701882 -0.00183043 -0.0064601 0.0507256 -0.0321193 0.0942564 -0.0116754 -0.00957677 0.0120198 -0.0039116 -0.00524233 0.00493669 -0.0126634 -0.00110151 -0.00192183 0.00536363 -0.0104761 -0.00216083 -0.00213691 0.027376 -0.0219169 0.0321572 -0.034378 -0.00182296 -0.0146363 0.0122839 -0.0234668 -0.00224146 -0.000976432 0.0064127 -0.00366712 -0.0117696 -0.00104713 -0.0657725 -0.017449 0.0342087 -0.00850448 -0.00329554 -0.00113063 -0.0062706 -0.0113908 0.0591323 0.0341979 -0.0208737 0.0282102 -0.0103569 
0.0198689 -0.028352 -0.00549865 -0.00509742 -0.0146685 -0.0195472 -0.0713543 0.00139611 0.0550151 -0.0657888 -0.00475656 -0.000626501 -0.000306106 -0.000236263 0.219532 -0.00123238 -0.0354417 -0.0668003 -0.00206184 0.0695157 -0.0249884 -0.0072513 -0.00621832 -0.000999366 -0.0109603 0.000327243 -0.00261198 -0.00533018 -0.00155076 -0.020526 0.00474155 -0.0224682 -0.010658 -0.0184902 -0.000703164 -7.54133e-05 -0.00375379 0.0166802 -0.0028792 0.0133299 -0.0142686 0.000207047 0.0177765 0.0885359 -0.00200037 -0.0018961 -0.00228757 0.0503334 -0.0205629 0.00126437 0.0148316 0.00206865 0.0401121 -0.0227901 0.0289355 -0.0197426 -0.00344743 0.0014352 -0.0434829 0.0202303 0.00505605 -0.0132156 -0.0151389 -0.00367034 -0.000886447 0.00650105 -0.00789233 -0.00621266 -0.00275271 0.0102641 -0.00559519 -0.000242499 0.0110275 -0.000297601 -0.0140089 -0.00269557 -0.0309592 -0.00332822 0.0174679 -0.00455999 -0.00472965 -1.60242e-05 -0.000902009 -0.0114134 -0.0037467 0.0130752 -0.000158468 0.0270479 -0.00415972 -0.0292212 -0.00552511 -0.00713061 -0.0018314 -0.00384148 -0.0109621 0.00307596 -0.0327681 -0.00609945 0.0738628 -0.00784192 
-0.00276652 -0.000366494 0.000266892 -4.30896e-05 0.000669192 0.000711479 -0.00146639 9.97334e-05 -0.00131154 -0.00143504 2.09316e-06 7.88672e-05 6.55114e-05 -0.000146852 -0.00123238 0.00526138 -0.00215074 -0.00116516 0.000256424 0.000375861 -0.000104456 -2.41527e-05 7.5319e-05 1.35222e-05 -0.000301894 3.42915e-05 9.85024e-05 -0.000148028 -0.00014276 7.57902e-05 -0.00070019 -0.000326896 -0.000194101 -0.00031314 -7.47606e-06 -2.87468e-06 0.000423372 -0.000110181 0.00016284 0.000326257 0.00236179 0.00095859 -0.000141381 0.00157125 -1.91794e-05 -0.000167913 4.52746e-05 -0.00165508 0.00155543 -3.27707e-05 -0.000778664 -2.85135e-05 0.00179006 0.000677153 0.000289187 -0.000352388 -7.80941e-05 0.00234667 -0.000886501 0.000703684 -7.18551e-05 -0.00101975 -1.33992e-05 0.000669067 -2.12096e-05 0.000398804 -4.15549e-05 5.37459e-05 2.68919e-05 -0.000208999 0.000203294 0.000136155 -0.000240696 -5.92542e-05 0.000240517 -0.000927617 0.00303022 8.59973e-05 -0.00219489 0.000174 -1.16094e-05 4.46116e-05 8.49258e-07 0.000398192 4.43971e-06 -8.13761e-05 1.59691e-05 0.00191957 5.78373e-05 -0.000836463 0.000292465 0.00122526 -3.16458e-05 8.83058e-05 0.00034922 -0.00296745 -0.000692146 -0.000654068 -0.0018974 -0.000139605 
0.114665 0.0439204 -0.00129357 0.0021904 -0.0259848 -0.0152658 0.119674 -0.00215908 -0.00905528 0.101412 -0.00170485 -0.000593091 -0.000221118 0.0445269 -0.0354417 -0.00215074 0.249927 0.0975128 -0.00332469 -0.0873083 -0.00173086 0.0143865 -0.0254932 -0.000793358 0.00425492 -0.000913668 0.001227 -0.0216413 -0.0186778 0.0211635 -0.029038 0.0103168 0.016739 0.0217565 -0.00146548 -5.89414e-05 -0.00512433 -0.0328822 -0.0284809 -0.0601983 -0.113929 -0.106634 0.00584246 -0.168448 0.00266651 0.0040529 0.00235321 0.0506087 -0.0499572 -0.00155063 0.0481171 -0.0026634 -0.049128 -0.029971 -0.072974 -0.001651 -0.0083887 -0.079905 0.0752268 0.0299114 -0.0217474 0.0534257 0.0190176 -0.0161317 0.00205129 -0.0357771 0.00752228 0.0053622 0.00102422 -0.0265835 -0.000258261 -0.00394459 -0.00604367 -0.00584873 0.0113628 0.0228822 -0.0992906 0.00099268 0.0158276 -0.00522529 -0.0198798 -0.000265507 0.00018276 0.00469609 -0.00593942 -0.0128896 -0.000158557 -0.15525 0.00647567 0.0628547 0.000231445 -0.0239122 0.000117928 0.00103022 0.00618869 0.118038 0.055522 0.0271463 0.021513 0.00943041 
0.063347 0.0530644 -0.0057087 0.00167491 -0.0165086 0.00818352 0.137446 -0.00165258 -0.0289826 0.0912926 0.00691467 -0.000654135 -0.000279692 0.0781332 -0.0668003 -0.00116516 0.0975128 0.197183 -0.001735 -0.0608445 0.0134181 0.000263527 -0.00963948 -0.00912427 0.00740212 -8.15388e-06 -0.00726037 -0.00652065 -0.0155652 0.00459725 -0.0414668 0.00935666 -0.00581684 0.0254151 -0.000732004 -0.000658979 -0.00481995 -0.0161703 -0.0250438 -0.0292295 -0.0628487 -0.0487561 -0.0182243 -0.103825 -0.00411719 -0.00898613 -0.00370951 -0.0070549 -0.0188661 -0.00160405 0.000924492 -0.00254838 -0.0649025 -0.0376429 -0.0448658 0.00806565 -0.00693754 -0.0296722 0.0281118 0.0340798 -0.0113471 0.0140437 0.0278486 -0.00939248 -0.0010464 -0.0248699 0.00105321 0.00293725 0.00048566 -0.0099545 -0.00388792 -0.0022137 -0.0145396 0.0195097 -0.000301435 0.0280836 -0.0425525 0.00121642 0.00535624 -0.00907176 -0.0143224 -0.00192864 0.000529514 -0.0196629 -0.0051535 -0.0104005 -0.000385333 -0.0829116 -0.00774625 0.0563768 -0.0043079 -0.0165173 0.00215034 -0.000810184 -0.00514263 0.0688857 0.0589233 -0.0155894 -0.0180502 -0.000731997 
-0.00535944 -0.000790265 0.000400543 0.000347235 -0.000208672 -0.000223482 -0.00209574 2.75911e-05 -0.00174268 -0.00264063 0.000142621 4.03659e-05 1.65003e-06 -0.00394767 -0.00206184 0.000256424 -0.00332469 -0.001735 0.00923542 0.000892285 7.47339e-05 0.000233707 0.00160054 -0.000130242 0.00216563 0.000225468 -8.58336e-05 0.000114102 0.000333232 0.000403378 0.00189521 0.000128533 -0.000332898 -0.000416956 3.46178e-05 -1.55511e-05 -0.000164319 0.000321827 0.00193625 0.00105462 0.00444122 0.00319355 -4.34653e-05 0.00183961 -0.00010038 -0.000200738 3.88082e-05 -0.00341105 -0.000394393 -4.79051e-05 -0.000894316 -6.3596e-05 0.00233483 0.00271147 0.00226303 8.59039e-05 0.000805071 0.000640768 -0.000686952 -0.00142367 -9.82039e-05 -0.00148803 -0.000473129 0.000329343 -0.000188473 -0.00092648 2.65654e-05 7.02473e-05 -7.71664e-05 -0.000229631 0.000295491 8.89497e-05 -0.000526039 -0.000740392 0.000818298 -0.00403671 0.00382184 0.000140971 -0.000672898 -0.000350347 0.00258426 0.000213133 0.000105491 -0.000803203 -0.000139112 -7.58768e-05 4.83588e-05 0.00318465 -6.39661e-05 0.000686489 0.000121413 0.00140257 -2.17696e-05 0.00044211 0.000103749 -0.00585053 -0.00115039 -0.00105991 -0.0033547 0.000165134 
-0.0470942 -0.0211525 -0.00331687 -0.0027107 -0.00771945 -0.00861114 -0.0692606 0.000331436 -0.00136004 -0.065971 -0.00268281 -0.000223623 -0.000215756 -0.0284864 0.0695157 0.000375861 -0.0873083 -0.0608445 0.000892285 0.197556 -0.00851385 -0.00659437 0.00809899 -0.0064242 -0.011667 -0.000553852 -0.00403351 0.010699 0.0238621 -0.014822 0.014524 -0.0103788 -0.00905733 -0.00707742 0.000120357 -0.000527019 -0.00747317 -0.000506067 0.0286047 0.0403049 0.0431107 0.0782253 0.00599045 0.101441 -0.000354533 -0.00780127 -0.00379294 -0.0331244 -0.00456983 0.00235306 -0.0410735 0.000769428 0.0687564 -0.00520984 0.0298223 -0.0134406 -0.00660658 0.022883 -0.0478781 -0.0178892 0.0159998 -0.053931 -0.0139249 0.00255751 0.000525047 0.0213878 -0.00542212 -0.00470818 -0.00230029 0.0201048 -0.00348234 -0.000508025 -0.00763489 -0.00860873 -0.0103504 -0.00280627 0.0409917 -0.00223805 0.0480366 -0.0109141 0.00696295 0.00187772 -0.000270214 -0.0224714 -0.0074908 0.0111794 -0.000566812 0.0882089 -0.00629688 -0.0203381 -0.00385439 0.0063304 -0.00202063 -0.00163416 -0.00967799 -0.056126 -0.0310145 -0.0341817 -0.0064987 -0.00680006 
-0.0165672 0.000896368 0.00232279 0.00448713 0.00437451 -0.000129739 0.00549448 -0.000865991 -0.00942976 -0.00982517 0.000628915 -6.79769e-05 0.000332926 -0.0131422 -0.0249884 -0.000104456 -0.00173086 0.0134181 7.47339e-05 -0.00851385 0.0785874 0.0043344 0.00633556 -0.000772706 -0.000603814 0.000334535 0.00233283 0.00656215 0.00591895 0.00494631 0.000457136 0.0160155 -0.00187946 0.00663408 0.00150784 0.000136749 0.00380509 0.000333967 0.000514057 0.00241245 0.00649485 0.00219464 -0.00408288 -0.00715775 -0.000202418 0.000981971 0.000468024 -0.0179532 0.000459272 -0.000411073 -0.00444291 -0.000784581 -0.00621067 0.00850289 -0.0101238 -0.00615473 -0.00291373 0.00773189 0.00980416 -0.00541662 -0.00188952 -0.00555738 -0.00270334 0.00162731 0.000442176 0.0195242 0.00169436 0.000944074 -0.000258597 -0.00270388 0.00128499 -1.32964e-05 -0.00394662 -0.0101118 0.00593194 -0.0108176 0.012887 0.00437326 -0.0131986 -0.00281622 0.0017926 -0.000414889 0.0014794 -0.000408126 0.00204167 -0.00299147 -5.58934e-05 -0.001392 9.30214e-05 -0.0108096 0.000793588 0.00119141 -4.81714e-05 0.00159348 0.00318489 -0.0107616 -0.0080032 -0.00688001 -0.0205402 8.19315e-05 
-0.0109504 -0.000494032 0.00405612 0.00408005 -0.00211327 -0.00214239 0.00493638 -0.000147118 0.000961705 -0.00809015 0.00172083 -1.5816e-05 1.84898e-05 -0.0171442 -0.0072513 -2.41527e-05 0.0143865 0.000263527 0.000233707 -0.00659437 0.0043344 0.0365175 -0.00116219 -0.000426094 0.00660991 -0.000237376 0.00554237 -0.00151401 -0.00157033 0.0120706 0.00880005 0.012362 0.00192355 0.00206912 0.00073125 0.000194516 -0.000559234 -0.0037499 0.00530285 -0.00387689 -0.00363816 -0.00674424 0.00151124 -0.0175245 0.00163503 0.00301951 0.00167905 -0.00856004 -0.00590796 0.000212742 0.0127305 0.000360615 -0.00827781 0.0138961 -0.00279085 -0.00377068 0.000165125 -0.0122206 0.0124704 -0.00784537 -0.00171062 0.0164937 -0.00180624 -0.000785317 0.00200926 -0.00324174 0.00112938 0.000697244 0.00095768 -0.00193727 0.00351266 6.68865e-05 -0.00229663 -0.0139426 0.0140476 -0.0135619 -0.00748208 0.00209973 -0.00517655 -0.00123473 0.00290857 0.000968993 0.0017454 0.000951787 0.000714297 -0.00033856 0.000670895 -0.011298 -0.000597162 -0.00580794 0.00238619 -0.00214957 0.00017977 0.00404876 0.00272837 -0.0054404 -0.0038875 0.000540063 -0.0141552 0.00854052 
-0.0317699 -0.00536525 -0.000183545 0.00025989 -0.000691056 0.00755172 -0.0162045 -0.000158512 -0.00950299 -0.0164383 0.000763876 4.6766e-05 -5.17086e-06 0.00199329 -0.00621832 7.5319e-05 -0.0254932 -0.00963948 0.00160054 0.00809899 0.00633556 -0.00116219 0.0538159 -0.00129846 -0.000716825 -0.000117693 -0.00114721 0.00986331 0.00484272 -0.00329833 -0.00482552 0.00131367 -0.00188493 -0.00231869 0.00131412 0.000711297 0.00230168 0.0181027 0.00122512 0.0124155 0.0154312 0.0207734 -0.00207341 0.0181442 -0.000506601 -0.00179551 -0.000200125 -0.0162556 0.00872089 0.000135551 -0.00902731 -0.000153697 0.0169069 -0.00283182 -0.00320796 -0.00491106 -0.00192152 0.0273977 -0.0116106 -0.00539958 0.00175789 -0.0121777 -0.00249383 0.010472 -0.001013 0.00833056 -0.00173512 -0.00110051 -0.000464204 0.00673983 -3.70142e-05 0.0015015 -0.00326351 -0.00855386 -0.00163676 -0.0114251 0.0208671 0.000678507 -0.0177742 -0.00260025 0.00667626 -0.000141261 0.000969316 0.00467519 0.00358267 -0.00163297 0.000115147 0.0223192 -0.00183726 -0.0114044 -0.00102307 0.00762442 -0.000358163 -0.000451714 -0.00154443 -0.0301913 -0.00656177 -0.00733049 -0.00989169 -0.00147313 
0.00475167 -0.00311629 0.00702082 0.000264458 0.00011686 -0.00241027 -0.00653057 0.000901379 0.000301228 -0.00723582 -0.00025475 -9.86617e-05 0.000144283 -0.00853241 -0.000999366 1.35222e-05 -0.000793358 -0.00912427 -0.000130242 -0.0064242 -0.000772706 -0.000426094 -0.00129846 0.0393118 -0.00303523 0.000479103 0.00787623 -0.000888549 -0.000762 0.00906794 -0.00690104 -0.000437891 0.00104616 -0.00163623 6.70077e-06 1.92112e-05 -0.000998231 0.00295102 -0.00278042 -0.00391949 -0.0105161 -0.0139956 0.00157214 -0.0125274 -0.000547329 -0.000422703 0.00391072 0.00611482 -0.00220646 -0.000198228 0.00585796 0.00112088 0.00140462 -0.00617456 -0.00628218 -0.0019957 -0.0004435 -0.00116615 0.0133532 -0.00406429 -0.0018615 0.00386848 -0.00196759 0.000314024 0.00245588 0.00592036 0.00731765 0.0013737 0.000473646 -0.00151003 0.00610682 -0.000110874 0.00963186 -0.00895203 0.00606834 -0.00342573 -0.00650941 0.000654714 -0.00384081 -0.00118864 -0.00199325 -0.000177424 4.23282e-06 0.000955218 -0.00054182 9.24945e-05 0.000102684 -0.0104856 0.00705502 -0.00932745 0.00680983 -0.00251721 0.00107016 0.00134318 0.00886702 -0.00123194 -0.00562878 0.00201618 0.0107159 0.000492623 
-0.0152354 0.0122705 -0.0003808 3.20641e-05 -0.00484292 -0.00291544 0.0118333 0.000763614 -0.00236194 0.0018363 0.00113369 -0.00010753 -6.5479e-05 -0.0204102 -0.0109603 -0.000301894 0.00425492 0.00740212 0.00216563 -0.011667 -0.000603814 0.00660991 -0.000716825 -0.00303523 0.0795539 -0.00022627 -0.00269353 0.000159099 -0.00573912 0.002016 0.0317155 0.00295435 0.00395546 -0.00310462 6.95384e-05 -0.000266312 -0.00251453 -0.000613577 0.00199062 -0.0030292 0.0158765 0.0124926 -0.00522503 -0.0140324 0.000844427 -0.00239906 -0.00115132 -0.030298 -0.0127693 -0.0006067 0.000616381 -0.000731401 -0.00736974 0.0104534 0.0145008 -0.00371931 0.000846062 -0.023815 0.00421354 -0.0122635 -0.00160177 0.0147701 0.00394203 -0.00128277 -0.000831618 -0.0143869 -0.00182086 0.000374828 -0.000222844 -0.00294048 -0.00121458 -0.000800212 -0.00467819 -0.00134479 0.00352147 -0.0069274 -0.0100356 8.40268e-05 0.00665633 -0.00162275 0.0138111 -0.000171645 9.29374e-05 -0.00402011 -0.00132002 -0.00132137 0.000411416 0.00363854 -0.00240794 0.00780038 -0.000978067 0.00162146 0.00185633 0.000104064 0.000429461 -0.00178433 0.00280107 0.00361699 -0.0350887 0.00688288 
-0.000645181 -0.000719732 -7.14108e-05 -9.62953e-05 -0.000176595 0.000568057 -0.000598794 1.0203e-05 -0.00105545 -0.00139826 -5.30856e-05 -1.6286e-05 5.25528e-06 0.000345297 0.000327243 3.42915e-05 -0.000913668 -8.15388e-06 0.000225468 -0.000553852 0.000334535 -0.000237376 -0.000117693 0.000479103 -0.00022627 0.00844924 -0.000256591 0.000322301 0.000259085 0.000346471 -0.00121405 -0.000608175 -0.000100918 -0.000462161 -2.06651e-05 -1.15874e-05 3.56744e-05 4.61009e-05 -0.000680479 -0.000713445 -0.000458808 -0.00089184 -0.000244407 -0.00031494 -3.7973e-05 1.67922e-05 4.38613e-05 0.00074385 -0.000672695 6.32357e-05 -0.000383134 0.000401456 0.00133852 -0.000267745 -0.000981379 -0.000133915 -0.000215605 0.00111022 0.000884796 0.000508187 1.45854e-05 -0.00159521 0.00021603 -0.000224555 -7.73529e-05 0.000909911 0.000691532 -0.000143084 -7.85623e-06 6.97013e-05 2.60608e-05 -4.3777e-06 0.00038831 -0.000492473 0.000235591 0.000586601 0.000265015 0.000327888 -0.000844217 -0.000334524 2.15522e-05 -1.35358e-05 -2.38248e-05 0.00125062 -0.000244233 0.000702923 -1.865e-05 -0.000278958 0.00039548 -0.000302602 0.000110386 -0.000278774 0.00010418 -6.00258e-05 -6.84001e-05 -0.00164126 -0.000193742 -0.000983438 0.000354797 -0.000180691 
-0.0118729 -0.00270347 0.0154397 0.00408567 -0.0026299 -0.00269685 -0.00772797 0.000683022 0.00215065 -0.00917475 0.000856242 -0.000118392 0.000385107 -0.013921 -0.00261198 9.85024e-05 0.001227 -0.00726037 -8.58336e-05 -0.00403351 0.00233283 0.00554237 -0.00114721 0.00787623 -0.00269353 -0.000256591 0.0389004 -0.00174552 -0.00172069 0.014677 -0.0046202 0.00739964 -0.000238506 -0.000719601 0.000358252 0.000283919 -0.00131038 0.00446014 0.00699794 -0.00250564 -0.0100919 -0.0135374 0.00690812 -0.0167936 0.00218869 0.00193056 0.00753863 0.0033889 -0.00303233 -7.71658e-05 0.011434 0.0030051 -0.00935126 -0.000261989 -0.00420143 -0.00413693 0.000348895 -0.0124526 0.0107983 -0.0059183 -0.00133881 0.0113694 -0.00210361 -0.00161854 0.00288367 -0.000637843 0.0053041 0.00251388 0.00268927 -0.00199647 0.0108902 -0.000150368 0.00215351 -0.0192758 0.0147619 -0.017645 -0.00804235 0.000969628 -0.00822569 -0.0013872 0.00280362 0.00116655 0.000675258 -0.000695323 0.00412008 0.00339716 0.000171904 -0.0143912 0.00534621 -0.00751806 0.00959103 -0.00214525 0.000364093 0.00645235 0.0108189 -0.0158238 -0.00411747 0.00308831 0.0065061 -0.000570537 
-0.0245322 -0.004456 -0.000473748 -0.000532384 -0.000963813 0.00695343 -0.0141724 -5.05058e-05 -0.00823495 -0.0126132 0.00152113 4.9006e-05 2.69508e-05 -0.000642434 -0.00533018 -0.000148028 -0.0216413 -0.00652065 0.000114102 0.010699 0.00656215 -0.00151401 0.00986331 -0.000888549 0.000159099 0.000322301 -0.00174552 0.0484582 -0.000234038 -0.00303825 0.00963298 -0.00381219 -0.000604959 -0.00256565 3.77335e-05 -0.000124684 0.0016448 0.000682124 0.00238046 0.00467091 0.0160745 0.027609 -0.00342506 0.0177489 -0.000584852 -0.00178558 -0.00062021 -0.0191674 0.00626801 -0.000163304 -0.00837856 -0.000473622 0.0109716 0.00310884 0.00911676 0.00222555 -0.00159937 0.00829351 -0.0104755 -0.0106693 0.00219284 -0.0107226 -0.00245612 0.000221763 -0.000960409 0.00456883 -0.00137547 -0.000768159 -0.000330208 0.00727638 -0.000650878 -0.000307497 -0.00307689 0.00187532 -0.00173016 -0.0150852 0.0244413 0.000605808 -0.00372711 -0.00133154 0.00637617 -0.000234074 0.000102383 -0.00138036 -0.000205701 -0.00183668 -9.30147e-05 0.0231343 -0.00192357 -0.00903319 -0.000729062 0.00173148 -0.000368067 -0.000226931 -0.00157315 -0.0212981 -0.00408911 -0.00492981 -0.0140084 -0.00108718 
-0.00415974 -0.00720689 -0.00184311 -0.000651321 -0.000688698 -0.00559051 -0.0210701 -0.000503709 0.0133938 -0.00739505 -0.000643539 -0.000229912 -6.15687e-05 -0.0263938 -0.00155076 -0.00014276 -0.0186778 -0.0155652 0.000333232 0.0238621 0.00591895 -0.00157033 0.00484272 -0.000762 -0.00573912 0.000259085 -0.00172069 -0.000234038 0.0810577 -0.00219919 -0.0111187 0.000595535 -0.000592436 -9.48571e-05 -3.74684e-05 6.47546e-05 -0.00268008 -0.00326524 0.00166034 0.00815003 0.00449706 0.00600744 0.00916015 0.0230923 -0.000336472 0.00410839 -0.00086478 0.0120396 -0.00267262 0.00199642 -0.0143069 0.000165287 0.00942654 0.00417264 -0.0067142 -0.00587182 -0.00307536 -0.00461151 -0.00435581 -0.0187515 0.00124577 -0.0221236 -0.00333626 -8.02777e-05 4.47888e-05 0.00994833 0.00584364 -0.00154815 -0.000809162 -0.00199719 -0.000846369 0.000660379 -0.00172309 -0.01625 -0.00347012 0.00404688 0.0101809 0.000303256 0.022783 -0.00318439 -0.000408566 0.000497356 -0.00024629 -0.00373014 -0.00259143 0.00201924 -0.000206416 0.022236 0.00432527 -0.00782829 -0.00113625 0.00157083 0.000235932 -0.00083575 -0.00202715 -0.0167749 -0.00662438 -0.00979171 0.0130269 -0.00225321 
-0.0028071 -0.000809302 0.017721 0.00926432 -0.00353114 -0.00182388 0.0160373 0.000707484 -0.00193766 0.00175335 0.00357199 -0.000172342 0.000489342 -0.0238894 -0.020526 7.57902e-05 0.0211635 0.00459725 0.000403378 -0.014822 0.00494631 0.0120706 -0.00329833 0.00906794 0.002016 0.000346471 0.014677 -0.00303825 -0.00219919 0.0660003 -0.0138649 0.0225969 0.000103586 -0.000669121 -7.2326e-05 -2.15562e-06 -0.000430136 0.00458801 -0.00524312 -0.00324167 -0.0180188 -0.0261168 -0.00177348 -0.0350281 0.000555819 0.00335501 0.00942975 -0.00394668 -0.011255 0.000290648 0.00640397 0.000615956 -0.0150075 -0.00474465 -0.0111939 -0.00173677 -0.00127438 -0.0172183 0.0457504 -0.0121262 -0.00148691 0.0004861 -0.00322088 -0.00260951 0.000684598 -0.00663025 0.0179343 0.00455917 0.00322033 -0.00423776 0.0168525 0.000272506 -0.00242053 -0.027304 0.031143 -0.0113094 -0.0138284 0.00407962 -0.0246209 -0.00330407 -0.00141148 0.00183943 0.000627676 0.000467517 0.00201243 -0.00229292 0.000322268 -0.0269449 0.0139584 -0.00957694 0.0134111 -0.00467138 9.55501e-05 0.0095497 0.0189075 -0.00321731 -0.00417575 -0.00549353 -0.00380586 0.00535814 
-0.0787162 -0.00556475 -0.0045307 -0.00260265 -0.00657396 -0.0141134 -0.0328518 -0.000952648 -0.00499951 -0.0432696 -0.00362504 -0.000134573 -0.000128471 -0.0847778 0.00474155 -0.00070019 -0.029038 -0.0414668 0.00189521 0.014524 0.000457136 0.00880005 -0.00482552 -0.00690104 0.0317155 -0.00121405 -0.0046202 0.00963298 -0.0111187 -0.0138649 0.19778 -0.00894496 0.00929522 -0.00980507 0.000294042 -5.68517e-05 -0.0066652 -0.00997444 0.0382026 0.0190585 0.0882226 0.0848336 -0.00417207 0.0172244 0.00325558 -0.00835575 -0.00330208 -0.0616477 -0.0234896 -0.00182382 0.013725 -0.000419761 0.0156451 0.0510886 0.0783288 0.00920416 -0.000495529 -0.037041 -0.0277621 -0.0527034 0.00629837 0.0307831 -0.0092815 0.00400133 0.00189181 -0.01261 -0.0116553 0.000740988 -0.0020515 -0.000443728 -0.00578174 -0.00124072 -0.00537658 0.0094072 -0.00175065 -0.0291088 0.0323523 -0.0030135 0.0187149 -0.00199473 0.0280048 -0.000982836 0.000501201 -0.0221204 -0.00193549 0.00801311 0.00109252 0.0619102 -0.00958789 -0.0276468 -0.00486002 0.00598824 -0.000614794 -0.00243663 -0.00882352 -0.0369727 -0.0163244 0.0303591 -0.0757314 0.00761223 
0.00401181 -0.00656687 0.0033652 0.0102405 -1.79021e-05 0.00589067 0.0127312 0.000271626 0.000697847 -0.011527 0.00254241 -0.000180327 -4.5458e-05 -0.00853071 -0.0224682 -0.000326896 0.0103168 0.00935666 0.000128533 -0.0103788 0.0160155 0.012362 0.00131367 -0.000437891 0.00295435 -0.000608175 0.00739964 -0.00381219 0.000595535 0.0225969 -0.00894496 0.0936133 0.00350075 0.00173699 0.00179415 0.000150832 0.000719022 0.00798101 -0.00530529 -0.000206796 -0.0135399 -0.0248801 -0.000217207 -0.0159045 0.00241714 0.00159182 0.00155822 -0.0132232 -0.00640456 -3.46961e-05 0.00678386 -0.000239497 -0.0139486 -0.00627627 -0.014216 -0.00661708 -0.00300006 0.00360388 0.0331423 0.00137964 -0.000742303 -0.000142422 -0.00431395 0.00135735 0.000811985 0.00983036 0.00408393 0.000606179 0.00214377 -0.0061016 0.00406519 0.00223304 -0.000355425 -0.0392058 0.0160168 0.00207202 -0.0079493 0.00294941 -0.0302827 -0.00200536 0.00339067 0.00178262 0.00167942 0.000493971 0.00731007 -0.00274739 0.000423296 -0.0231555 -0.000431281 -0.0207172 5.15938e-05 -0.00670092 0.000608375 0.00561261 0.00295819 0.00879775 -0.0128844 -0.000220607 -0.015784 0.00955699 
0.00791474 -0.00146735 -0.000685138 0.000309889 -0.00179911 -0.000978645 -0.00117959 0.000696005 -0.002042 0.00936646 -0.000643535 0.000298614 1.74032e-06 -0.00813774 -0.010658 -0.000194101 0.016739 -0.00581684 -0.000332898 -0.00905733 -0.00187946 0.00192355 -0.00188493 0.00104616 0.00395546 -0.000100918 -0.000238506 -0.000604959 -0.000592436 0.000103586 0.00929522 0.00350075 0.0378826 -0.00193116 -7.16315e-05 0.000221338 -5.36352e-05 -0.00371259 -0.002608 -0.00400501 -0.00743969 -0.00781133 0.00187052 -0.0204683 0.00180909 0.000500113 0.000759722 -6.23329e-05 -0.000692125 -1.11419e-05 0.00627004 6.13327e-05 -0.00269205 -0.00335842 -0.00528181 -0.00181777 0.0022327 -0.0117354 0.00591933 -0.000131027 -0.00160863 0.0111112 -0.00178356 -0.00072876 0.000341317 -0.00422257 -7.64131e-05 0.00515879 0.00023711 -0.00211421 -0.000398561 -0.000321338 0.0015987 -0.00979999 0.00050623 0.00134655 -0.00758925 -0.000417404 -0.0108462 0.00932684 -0.00107858 9.59262e-05 4.10131e-07 0.00307584 0.00309657 0.000878855 7.13383e-05 -0.012996 -0.000868595 -0.00386393 -0.000409281 -0.00262454 -0.000105838 -6.25747e-05 0.00130071 0.0103131 -0.00284373 0.0219517 -0.00170682 0.00555468 
0.00644257 0.0193018 -0.00127403 0.000949676 -0.00293998 -0.0038305 0.0237295 -0.000622094 -0.0115332 0.0259637 -0.000675345 -6.69057e-05 -2.96269e-05 0.00541347 -0.0184902 -0.00031314 0.0217565 0.0254151 -0.000416956 -0.00707742 0.00663408 0.00206912 -0.00231869 -0.00163623 -0.00310462 -0.000462161 -0.000719601 -0.00256565 -9.48571e-05 -0.000669121 -0.00980507 0.00173699 -0.00193116 0.0601694 0.000406934 -0.00010641 -0.000391275 -0.00577632 -0.000585527 -0.00312762 -0.0092276 0.00114862 -0.00420508 -0.0259213 0.000634031 -0.00119482 -0.00103143 -0.0161053 -0.00452008 -0.000349583 -0.00972403 -0.000541115 -0.014972 -0.00511814 -0.0092396 0.00777712 -0.00143466 -0.0127844 -0.00192039 -0.0116803 -0.00118093 -0.00683196 0.0114853 -0.000805701 -0.000664865 0.00315072 -0.00239191 -0.000476918 -0.000545636 -0.00152936 -0.00113681 -0.000395167 -0.00368775 0.00247951 -0.000982214 0.00428565 -0.00995694 7.08735e-05 0.0139514 -0.00223762 -0.00203817 -0.000306637 0.000475933 -0.00435071 -0.0012659 -0.00233088 -0.000136963 -0.0135359 -0.00314841 0.0202429 -0.000960417 -0.00446213 -0.000305075 0.000277328 -0.00263665 0.0119622 0.0232012 -0.00504368 -0.018314 0.00106111 
