0.0315855 0.00133861 -5.01669e-05 0.000303194 -0.000878525 -0.00111753 -0.00140896 -0.000196332 -0.00016328 -8.07555e-05 -0.00162928 0.0102716 0.00401748 0.000320467 0.00204751 -9.0305e-05 -0.00170602 -0.00310689 0.00147644 0.00193791 0.000599897 -0.000870789 -0.00712818 -0.000673199 -7.31906e-05 -0.000461446 -0.00049911 -0.000720216 -0.000677155 -0.00668295 -0.000196167 -0.00461928 -0.00454077 8.00739e-06 0.00700495 -0.00376384 -0.00432017 0.00849662 -0.00763902 0.00182776 -0.000739429 -0.000297308 0.014507 -0.000191219 -0.000939024 -9.31916e-05 -9.14499e-05 0.00311439 -0.00332777 0.00588998 -0.00415909 0.00193118 0.00121784 -0.000489691 -0.00208288 0.000189501 -0.000643764 -0.000166187 -0.00104513 -0.00361347 -8.90496e-05 -0.00678919 -0.000531112 0.00240263 -0.00174941 -0.000507525 -5.13236e-06 0.00046083 0.000433661 0.000633699 0.000210219 9.60083e-05 0.000170117 -0.000693713 0.000110102 2.17628e-05 -0.000814163 0.000199882 0.0079686 -0.00168471 -0.00251114 -0.000598921 0.000108308 -0.00176613 7.03247e-05 0.0048656 -0.00731331 -0.00522325 0.000255593 -0.000518259 -0.00838633 -0.00523148 0.000214954 -0.00448847 0.000652035 -0.000295681 0.000172976 0.001017 0.00235195 -0.000131965 
0.00133861 0.0695776 8.54538e-05 -0.000705702 6.22887e-05 -0.00130073 0.00891108 -0.00045756 -0.000306086 -0.00129384 -0.00113134 0.00180971 -0.0101282 0.00107188 0.00602107 -0.00436574 -0.000689981 -0.00097915 0.0124668 0.00667159 -2.3982e-05 -7.21488e-05 -0.0111229 0.00364429 0.000287588 0.00350789 -0.00155617 0.00396931 0.00379382 -0.0125728 0.000781912 -0.00970255 -0.0206708 -0.000110802 -0.00613927 -0.00937005 -0.000611453 0.00293688 0.00164053 -0.0147425 0.00951819 -0.000494263 -0.0126623 -0.000328981 -0.00125978 0.000238425 3.62064e-05 -0.00100237 -0.0178754 -0.0185782 -0.00786245 0.00251435 -0.0143964 -0.000108055 -0.0143432 -0.000120716 0.0036661 0.00166202 0.00637805 0.000495157 0.001206 -0.0126598 0.000609974 -0.0208701 -0.000500626 0.00341528 2.78044e-05 -0.00141106 0.00569621 0.00124312 0.000565987 0.0184529 0.00741526 -0.000219442 -8.34692e-05 -0.00910287 -0.00179619 0.00115989 -0.00440495 0.00913088 0.00910276 0.00026923 0.0113233 -0.00175184 0.000107223 0.0234055 -0.0128925 -0.0061274 0.0187114 -0.00064095 -0.0208207 -0.00625703 0.00472711 0.000577194 1.68305e-06 -0.000472474 0.0244517 0.00416926 -0.00142325 -0.000335913 
-5.01669e-05 8.54538e-05 0.00390347 3.65444e-05 0.000218103 -0.000129005 0.000594784 0.000234801 0.000504799 0.000247811 0.000287816 -0.00150381 -0.00110904 0.000276744 0.000205179 2.95383e-05 0.00095131 0.000414729 -0.00011211 0.00014486 0.00026353 4.54415e-05 -0.000578598 -3.04343e-05 0.000459438 0.000671395 0.00113264 0.000115962 0.000103466 -0.000864742 -8.91715e-05 -0.000360766 -0.000969541 0.000267023 -0.00143739 -0.000542049 -0.000387748 -0.00192534 -0.000100447 -0.000612631 0.000128989 -6.33151e-05 -0.000715861 7.08063e-05 0.000670101 2.92998e-06 0.00049022 0.00116716 -0.00227282 -0.0023668 -0.000561237 0.00100583 -0.00190804 8.74564e-05 -0.000531342 -4.43594e-05 0.000561856 0.000158774 -0.000148127 -0.00127459 -6.79968e-06 -0.000634201 0.000496017 -0.000520255 -0.000243042 0.000833983 5.01856e-05 0.000464733 0.00130878 -0.000331473 0.000286182 0.00113387 0.00072917 -0.000137829 3.17857e-05 -0.000486051 0.000364345 0.000560777 -0.000394564 0.00153498 0.000788884 0.000132637 0.00145258 0.000173387 2.27321e-05 -0.000964026 5.60712e-05 -0.000733477 -0.0012048 -3.73891e-05 -0.000604517 0.00017338 -0.000228683 1.52501e-05 -1.92572e-05 -2.31805e-05 0.000421674 0.000202173 -0.000104815 0.000591288 
0.000303194 -0.000705702 3.65444e-05 0.0195404 0.00166132 0.000712868 -0.000708163 -5.1245e-05 0.000909566 -0.000227618 0.00131198 4.30221e-05 0.00316482 -8.40536e-05 0.00102954 -0.000172802 -0.000325586 0.00124306 0.000874525 -0.000192783 3.29191e-06 0.00042522 -0.00278498 -0.000457962 -0.000127619 0.000145317 8.25473e-05 -0.000243448 0.000388635 -0.00363866 -0.000484718 -0.00215562 0.000621085 -1.06563e-05 0.00286353 -0.00187481 0.0030819 0.00281227 0.000618819 -0.00449149 0.00482723 0.000481468 -0.00165876 7.36062e-05 1.50309e-05 0.000529133 0.000138162 -0.00032139 -5.85972e-05 -0.00415823 -0.00268202 -0.00271772 -0.00503089 0.000391851 -0.00322395 0.000401135 -0.000835267 -0.000143858 -0.000961583 0.000479489 0.000704135 -0.00380769 0.000194893 -0.00378399 0.005483 -8.23703e-05 -2.77115e-05 -7.41233e-05 -0.000393126 -0.000413239 -1.0859e-05 -0.00183418 -0.000136001 0.00166442 0.000126254 0.000525835 -0.000527483 -0.000474363 -0.0014507 -0.000517963 0.000949731 -9.31932e-05 -0.000246519 0.000155501 3.68329e-05 -0.00410913 -0.00281936 -0.00319065 0.00150488 0.00115641 -0.00409805 -0.000160333 0.00144093 0.00359812 0.00026654 0.00090428 -1.02453e-07 0.000171287 0.000766142 -7.84683e-05 
-0.000878525 6.22887e-05 0.000218103 0.00166132 0.0502872 0.00065209 -0.00139133 -0.000343091 -0.000382645 -0.000985767 -0.000426846 -0.0162908 -0.0147709 -7.05914e-05 -0.00118008 -0.00259663 -0.00134467 -0.00618418 0.000877594 0.00107886 0.000778186 -0.00080688 0.0179575 -0.00073602 0.000136601 0.00117198 7.69332e-05 -0.00106315 0.00592721 0.0152843 -0.00141317 0.0131876 0.0135922 -6.71579e-05 -0.0214751 0.00919783 -0.00550392 -0.0174908 -0.000646292 0.00267506 -0.00509414 0.00076098 -0.00689711 0.000772079 0.00141007 0.00398595 0.000617217 -0.00126482 -0.00395198 -0.00530384 0.00547686 -0.0072063 -0.00266559 0.00462171 0.0162325 0.00104447 0.00745082 -0.000338278 -0.00277111 -0.0106554 9.2179e-06 0.0118672 0.00369482 0.00467824 -0.00633562 0.00776216 5.3376e-05 0.00132694 -0.00121573 -0.0074503 -0.000255396 -0.000982765 0.00219229 -0.00188682 -0.00014544 -0.0134232 -0.000602793 -0.00106486 -0.00383204 -0.000904612 -0.00690385 -0.00081838 -0.00237643 0.00760386 0.000241725 -0.0111258 0.0114346 0.00574516 -0.0103026 -0.00092078 0.00770323 -0.00770569 -0.00310472 -0.00815753 -0.000223975 -0.000364883 -0.00992058 0.00173429 -0.00182775 0.000807044 
-0.00111753 -0.00130073 -0.000129005 0.000712868 0.00065209 0.0400263 -0.00247719 -0.000299434 -0.000123812 0.00108038 0.000313397 -0.0111044 -0.00160937 1.77274e-05 -0.00916225 -0.000963548 -0.000351579 -0.00541156 -0.00036843 0.00055712 -0.000312741 -0.000881093 0.0108177 -0.000942141 -0.000141474 0.00297853 -9.02027e-05 -0.0012203 -0.000394538 0.00661108 -0.000837029 -0.000593692 0.00975101 -8.0708e-05 -0.0111351 0.0146674 -0.00456127 -0.00856503 0.00783975 0.00447068 -0.00552788 -0.000329946 -0.00160813 -0.000221489 0.00934971 0.00245176 0.000732644 -0.00174081 -0.00140954 0.000292881 0.00341901 -0.00638852 -0.000430206 0.00354222 0.00277949 0.000302029 0.00404941 -0.000120708 -0.00147899 -0.00885977 0.000257149 0.00644329 0.00561352 0.00583524 -0.00441338 0.00624707 -1.71088e-05 0.000445509 -0.00161538 -0.00536677 -0.000228831 -0.00431098 -0.00067378 -0.000420209 -0.000200562 -0.0117086 -0.00101376 0.00142011 -0.000902369 -0.0018423 -0.00559502 -0.00132714 -0.00227596 0.0100848 -1.87898e-05 -0.0121976 -0.00315816 -0.00117524 -0.00926714 -0.000426326 0.00731758 -0.000962094 0.000618878 -0.0060658 0.000592818 0.000693012 -0.00667162 0.00137607 -9.54103e-05 -0.000119699 
-0.00140896 0.00891108 0.000594784 -0.000708163 -0.00139133 -0.00247719 0.0702618 -0.000296397 0.000752209 0.00123699 0.0108824 -0.023106 -0.0117858 0.00113009 -0.0227346 -0.00131009 0.00858096 0.016072 0.00842295 0.00458978 -0.000275869 0.00478255 -0.0129557 0.0119538 0.00284975 0.000512648 0.00196097 0.0150109 -0.00347766 -0.015939 -0.00153192 -0.0100333 -0.0215995 0.00351974 -0.0160271 -0.0109211 0.00833957 0.000196175 -0.0110595 -0.0242619 0.0255575 -0.001231 -0.01285 -0.000152888 0.00122165 -0.000754094 0.00202193 0.0015052 -0.0368423 -0.032314 -0.0115242 -0.0146053 -0.0352076 -0.00089098 -0.0159145 0.00633653 -0.00308247 0.00409503 0.00695684 -0.00958974 -0.000301179 -0.0138878 0.000264034 -0.0220144 -0.0041608 0.00379549 0.000681024 0.00169415 0.00408479 0.0376056 0.000524582 0.0333059 0.00274675 -0.0020352 0.000845529 0.00320317 0.0073038 0.00712731 -0.00765494 0.0166608 0.0351422 0.0178607 0.0165617 -0.00311244 0.000180966 0.0231598 -0.0067834 -0.00236306 0.00378255 0.00159389 -0.0187717 -0.00708994 -0.000819818 0.0023235 0.000396838 0.00159868 0.00696676 -0.000941585 -0.00204402 0.0025741 
-0.000196332 -0.00045756 0.000234801 -5.1245e-05 -0.000343091 -0.000299434 -0.000296397 0.00815185 0.000305606 -0.000167158 -0.000221261 -0.00190104 -0.00180632 -5.56277e-05 0.00343751 -0.000331704 0.000460497 0.00421071 1.44854e-05 4.23863e-07 0.000568132 0.000366856 -0.00128134 0.000417023 -3.54573e-05 -2.50964e-05 -0.000126305 0.000446894 6.35314e-05 -0.00100631 -4.86551e-05 -0.000458753 -0.0022758 8.8157e-06 0.00179264 -0.000797637 -0.00020754 -0.0029054 -0.00220219 -0.002916 0.000893257 -0.000155762 -0.00128684 5.02716e-05 -0.000151401 -1.34749e-05 -7.27284e-06 -0.00024471 -0.00413713 -0.00466447 -0.0011876 0.00319181 -0.00388089 0.000603549 -0.00100268 -0.00014203 0.000563303 0.000384621 0.000746113 -0.000630326 -3.18431e-05 -0.0015881 0.00111849 -0.00212552 0.000718003 0.000201317 -9.14001e-06 0.000585281 -0.00022929 0.000827207 0.000134036 0.00132407 -8.37238e-05 -0.000254197 2.49693e-05 0.00189217 0.00104172 0.000595663 -0.000175528 0.00035673 0.00353878 9.52153e-05 0.00128434 8.75805e-05 3.15524e-05 0.00180239 -0.0014278 -0.00142851 0.00108552 4.14915e-05 -0.00263514 -0.000992284 0.000633053 0.00152146 -2.19506e-05 -3.2023e-06 0.00262088 8.04382e-05 0.000136255 0.000233156 
-0.00016328 -0.000306086 0.000504799 0.000909566 -0.000382645 -0.000123812 0.000752209 0.000305606 0.0125936 0.000738832 -0.000469248 -0.00234551 -0.00277269 0.000271273 -0.00116535 0.00143551 -0.000139339 0.00134804 0.000253399 -0.000372791 -0.000159697 0.000719893 -0.00130246 0.002204 0.000610192 0.00225016 0.000579576 0.00348377 -0.00016486 -0.00185224 -0.000286591 -0.00152904 -0.00244369 0.00027694 -0.00256841 -0.00171406 -0.0002585 -0.00353166 -0.00235818 -0.00128258 -0.00100845 9.1373e-05 -0.00211256 0.000283749 -0.0002295 -5.27637e-05 -3.27951e-05 0.0037755 -0.00538406 -0.00562605 -0.00129748 0.00141761 -0.00305689 -5.36436e-05 -0.0022906 -0.000194155 5.14029e-05 0.000507885 0.000192441 -0.000437098 6.26892e-05 -0.00224919 4.74368e-05 -0.00393261 0.00145254 9.88305e-05 2.02429e-05 -0.00013314 0.00507946 0.000125686 0.00024347 0.00378005 0.00167457 9.72356e-05 0.000145406 -0.00507178 0.000399914 0.00479238 -0.000583487 0.00328565 0.00408101 0.00246702 0.00590911 -0.000730961 4.4447e-05 -0.0032636 0.00377379 -0.00132163 -0.00246987 -0.000104636 -0.00365683 -0.00136844 -0.000174725 -0.00134797 0.000130755 7.71899e-05 0.00234651 0.000638709 -0.000474017 2.02525e-05 
-8.07555e-05 -0.00129384 0.000247811 -0.000227618 -0.000985767 0.00108038 0.00123699 -0.000167158 0.000738832 0.032168 -0.000914433 0.00562438 0.00440878 0.000909878 -0.00433391 0.0104756 -0.00136519 -0.00227213 -0.000939644 -0.000659342 -3.9084e-05 -0.000865653 -0.00466824 0.000738479 0.000676303 0.00102099 0.00294671 0.000714635 -0.001284 -0.00689863 -0.00121169 -0.00408659 -0.00175579 0.00010417 0.00048927 -0.00380337 -0.0032667 -0.00222402 0.00180569 0.00207274 -0.00343631 -0.000393154 0.00650285 0.000224681 0.00414646 -0.000209555 0.00101004 -0.000216906 0.000849644 0.00285192 -0.00177232 -0.00618999 0.000461387 -0.000551582 -0.00598068 -8.10222e-05 -0.000935501 -1.65045e-05 -0.00160962 0.00291398 -0.000161315 -0.00183276 -0.0012982 0.00550579 -0.00338046 0.000897253 -9.35672e-06 0.000486137 -0.00110288 -0.00278233 9.3971e-06 -0.0013494 6.74091e-05 -0.0015225 -4.30551e-05 0.0012434 -0.000776347 0.00181931 0.0069918 0.000873182 0.00121798 0.000397762 0.000251064 -0.000495531 7.23591e-05 -0.00482807 -0.00395922 -0.00499138 -0.00916808 3.08717e-05 0.00281453 0.00556757 0.00110339 -0.00521169 0.00080527 0.000102858 -0.0074012 -0.000367904 -0.00119048 -6.90471e-05 
-0.00162928 -0.00113134 0.000287816 0.00131198 -0.000426846 0.000313397 0.0108824 -0.000221261 -0.000469248 -0.000914433 0.0496782 -0.0259755 0.0149443 -9.62576e-05 -0.00643653 -0.00287468 0.024212 0.0121044 0.00185864 -0.00127809 -0.000565214 -0.000515168 -0.010357 -0.000722934 -0.00022372 -0.000817062 -0.00123104 -0.000600366 -0.00170607 -0.00996314 0.00106085 -0.00701821 -0.0140574 0.000249955 0.0100829 -0.00230866 0.0294637 0.0128929 -0.00497894 -0.0364162 0.0159822 0.00731739 -0.0089649 0.00035586 -0.0030123 0.000716856 0.000825515 -0.00188306 -0.00343984 -0.0296333 -0.00830298 -0.00341257 -0.0318291 -0.00014944 -0.0102925 0.0186447 7.79352e-06 9.10298e-05 -0.00131446 -0.0155479 0.000351457 -0.010869 -0.00164047 -0.0164704 0.0143663 1.48287e-05 0.000289009 0.0069731 -0.00133463 0.0197389 4.15087e-05 0.00141418 -0.000569726 0.00953157 -0.000113795 0.0175348 0.00371103 -0.00186029 -0.00601893 -0.00350158 0.012328 0.00113094 -0.00188233 -0.00146946 0.000210673 0.000778654 -0.0117721 -0.00337387 0.0031988 0.00757849 -0.0167928 -0.0108144 0.000454618 0.0275729 -0.000162264 0.00283016 -0.0128555 -0.000186005 0.00842972 0.000639988 
0.0102716 0.00180971 -0.00150381 4.30221e-05 -0.0162908 -0.0111044 -0.023106 -0.00190104 -0.00234551 0.00562438 -0.0259755 0.238944 0.0644423 0.000256133 0.0771462 0.00829209 -0.0218381 -0.00078921 -0.00228467 -0.00282157 -0.00131753 -0.00550077 -0.128856 -0.0104832 -0.00402961 -0.00703933 0.00051958 -0.0133312 0.00907727 -0.100845 0.007964 -0.0865822 -0.0784881 -0.00123912 0.145731 -0.0813025 -0.0103849 0.130295 0.0729669 0.0312353 0.00635032 -0.00615564 0.0566259 -0.00311624 -0.0157027 -0.00382878 -0.000833502 -0.00123958 0.0328879 0.029479 -0.0666169 0.0350669 0.0625725 -0.0119247 -0.104645 -0.00818098 -0.017729 -0.00368732 -0.00120737 0.11987 0.000105665 -0.118875 -0.00882039 -0.0248281 0.0156753 -0.0121391 -0.000827976 -0.00445149 -0.0101485 -0.024232 -0.000321351 -0.0255277 -0.00650966 -0.00264959 -0.00150399 0.0801211 -0.0148743 -0.00379893 0.0420016 -0.0089372 -0.0257113 -0.0101896 -0.029138 -0.0378629 -0.000145781 0.0374539 -0.106112 -0.102681 0.0820204 -0.00319446 -0.0705882 0.0760274 0.00549098 0.0184499 -0.000305307 -0.00514362 0.0454828 -0.00475075 0.0010981 -0.00290256 
0.00401748 -0.0101282 -0.00110904 0.00316482 -0.0147709 -0.00160937 -0.0117858 -0.00180632 -0.00277269 0.00440878 0.0149443 0.0644423 0.215123 -0.00132171 0.0506348 0.00517296 0.0122475 0.00387075 -0.00559722 -0.0130893 -0.000293117 -0.00586743 -0.0694223 -0.00697109 -0.00218934 -0.0051615 -0.00818306 -0.00922715 -0.00174455 -0.0604517 0.00245172 -0.042572 -0.0437554 -0.00135941 0.0899921 -0.0415799 0.0311371 0.076962 0.00509306 -0.0442868 0.021651 0.00980176 0.0337564 -0.00131061 -0.0205257 -0.00318644 -0.00157098 -0.0116852 0.0233779 -0.00767363 -0.0433635 0.00548641 -0.0216644 -0.00593202 -0.0643101 0.0097135 -0.0107969 -0.00268442 0.00912624 0.0072696 0.000640097 -0.060153 -0.0113663 -0.0419721 0.0412408 -0.0120789 5.15178e-06 0.0016039 -0.00636472 0.0235187 -0.00163807 -0.0235121 -0.00540733 0.00606407 -0.00083775 0.0887977 -0.0012311 -0.00825933 0.00674372 -0.0156325 0.00895698 -0.00944697 -0.0139342 -0.0190072 -0.00025876 0.00190828 -0.0701563 -0.0393598 0.0501294 0.00486519 -0.069014 0.0138484 0.00224011 0.0423237 0.000534436 0.0016539 0.00934477 -0.00389985 0.00849922 -0.00147391 
0.000320467 0.00107188 0.000276744 -8.40536e-05 -7.05914e-05 1.77274e-05 0.00113009 -5.56277e-05 0.000271273 0.000909878 -9.62576e-05 0.000256133 -0.00132171 0.00809362 -0.00208955 0.000889922 -0.000363627 -0.000571106 -0.000152917 0.000105825 -4.73914e-05 0.000136193 -0.00126152 0.000786184 0.000417085 0.00082851 0.000480422 0.000451679 -6.71589e-05 -0.00129352 -0.00027444 -0.000763208 -0.00043933 0.000474976 -0.00225961 -0.00111303 -0.000647356 -0.00189033 0.000292294 -4.21854e-05 -0.000810496 -3.39734e-05 0.00118821 0.000208533 0.00079369 9.56173e-05 0.000336911 0.000689113 -0.00269359 0.000835555 -0.00106374 -0.00151777 -0.00118382 0.000111136 -0.0015424 -0.000268567 -0.000142531 0.000143451 -0.000190704 -0.000329158 -3.85697e-05 -0.000941215 -0.000128575 0.000817987 -0.00128168 0.000728235 8.61644e-06 0.00021503 0.000407021 2.57093e-05 0.000110778 0.00216409 0.000701256 -0.00027843 -1.08877e-05 -0.000273226 -9.67544e-05 0.000316039 0.00093662 0.00199856 -9.86914e-05 0.000939818 0.00140462 -0.000305171 1.7559e-05 0.000306994 -0.000298394 -0.000724805 -0.00227411 0.000143516 -0.000718192 0.000241581 0.000603259 -0.00175844 0.00032202 -6.31767e-05 -0.000242488 -9.73244e-05 5.04626e-05 0.00023852 
0.00204751 0.00602107 0.000205179 0.00102954 -0.00118008 -0.00916225 -0.0227346 0.00343751 -0.00116535 -0.00433391 -0.00643653 0.0771462 0.0506348 -0.00208955 0.232179 -0.00184611 0.00621477 -0.00188595 -0.00123282 -0.00335903 0.0010491 -0.00835217 -0.0706895 -0.00333902 -0.00159945 -0.000890971 -0.00376895 -0.00340855 0.0225048 -0.07839 0.0136657 -0.0503812 -0.0875578 -0.00232357 0.083051 -0.046642 0.00536308 0.038458 0.0358569 -0.029443 0.0112854 0.000138148 -0.0293854 -0.000920644 -0.0157685 0.000954336 -0.0032307 -0.00108933 -0.0159498 -0.0624546 -0.0478219 0.0714055 -0.0358033 0.00562273 -0.0529601 -0.0027973 0.0141129 -0.00269899 0.0160085 0.0696626 -3.97618e-05 -0.0807904 0.0126423 -0.0891846 0.0383077 0.00573199 -0.000489815 0.00288537 0.00572812 0.00198821 0.000546097 -0.0153011 -0.000268086 -0.00571363 -0.000876701 0.0699278 0.0064385 0.00716559 -0.0179928 -0.00559571 0.0206624 -0.00471084 0.00427329 -0.00974946 0.000100328 0.00471793 -0.0822755 -0.0700522 0.0923448 -0.0054864 -0.0998543 0.0186321 0.00446142 0.0286296 -0.000738799 -0.0031507 0.0955693 0.00994828 0.00635406 0.000253978 
-9.0305e-05 -0.00436574 2.95383e-05 -0.000172802 -0.00259663 -0.000963548 -0.00131009 -0.000331704 0.00143551 0.0104756 -0.00287468 0.00829209 0.00517296 0.000889922 -0.00184611 0.0710857 -0.00328961 -0.00834628 -0.000568592 -0.00116347 0.000317377 0.000253234 -0.00230454 0.0026541 0.000835989 -0.000553378 0.00569974 0.00184871 -0.00335226 -0.0101454 -0.00176422 -0.0018028 -0.00487454 0.000484315 0.00100188 -0.00727575 -0.00222268 -0.0146902 0.0147107 0.00196233 -0.00894051 0.000746613 0.00361864 0.00199023 0.00151493 -0.000836892 0.000147905 -0.000797822 0.000783802 0.00710016 -0.00387517 -0.0144954 0.0111695 -0.0019528 -0.00702763 -0.00053097 -0.00338272 -5.02332e-05 -0.00252844 0.0169974 -0.000380008 -0.00194813 -0.000706523 0.00947958 -0.0129102 0.0015652 -9.04946e-05 -0.000838822 -0.00116844 -0.0091177 -0.000473535 -0.00530736 0.00103861 -0.00359163 -0.000330331 -0.000338328 -0.00186392 0.00393265 0.00762631 -0.000811865 -0.00628413 0.00155947 -0.00130993 -0.00416095 5.20233e-05 -0.0251202 -0.000389782 -0.00286122 -0.00810388 -0.00119186 0.0164652 0.0233602 0.000891869 -0.0107195 -0.000116063 -0.000652314 -0.0156528 -0.0011062 0.00201773 -0.000337761 
-0.00170602 -0.000689981 0.00095131 -0.000325586 -0.00134467 -0.000351579 0.00858096 0.000460497 -0.000139339 -0.00136519 0.024212 -0.0218381 0.0122475 -0.000363627 0.00621477 -0.00328961 0.054618 0.00643418 0.000177336 -0.00187645 0.000742191 -0.000849951 -0.0105292 -0.000773415 -8.01527e-05 -0.000159214 -0.00130399 7.51444e-05 -0.00155313 -0.0130687 0.000308606 -0.00656583 -0.0181097 -0.00031625 0.0101525 -0.00148072 0.0214166 0.00603927 -0.00721957 -0.0357278 0.0166649 0.00511463 -0.0110931 -0.000168221 -0.00266548 0.000168042 -0.000299292 0.000180333 -0.00572718 -0.0366134 -0.00932368 0.00485155 -0.0360688 0.000140512 -0.00899322 0.0152384 0.000980289 0.000916126 -0.00246463 -0.0147475 0.000797032 -0.0127148 -0.000818739 -0.0181201 0.0248227 0.000653697 0.000414558 0.00946052 0.0032272 0.0202362 0.000674148 0.00267836 -0.000904294 0.00945449 0.000381758 0.0204361 0.00868287 -0.00132233 -0.00647835 -0.00121535 0.0122383 0.00186517 0.00163064 4.46049e-05 0.000172046 0.000619856 -0.0139443 -0.00829055 0.00393633 0.00254937 -0.0197343 -0.0120031 -0.00197972 0.0327217 -0.000127959 0.00151762 -0.0104623 -0.000817736 0.0109109 0.00111411 
-0.00310689 -0.00097915 0.000414729 0.00124306 -0.00618418 -0.00541156 0.016072 0.00421071 0.00134804 -0.00227213 0.0121044 -0.00078921 0.00387075 -0.000571106 -0.00188595 -0.00834628 0.00643418 0.140246 0.00707353 0.00656617 -0.00137124 0.0138666 -0.0298966 0.00338094 -0.000307502 -0.00341694 -0.00438319 0.00170942 -0.00360345 -0.024825 0.00312338 -0.0140498 -0.0479383 0.000131678 0.0281194 -0.0228566 0.031294 0.0368331 -0.0553174 -0.0533433 0.0352097 0.00507499 -0.0106067 0.0014299 -0.0136166 -0.00140371 -0.000560326 -0.00421195 -0.0214136 -0.0382815 -0.0216053 0.0123471 -0.0607791 -7.61126e-05 -0.0281424 0.00318479 -0.00187955 0.0019461 0.00662592 -0.0230052 0.000883053 -0.0305401 -0.00618735 -0.0370271 0.0154437 -0.00402978 0.00026596 0.00145391 -0.000850575 0.0347494 0.00104307 0.0362652 -0.000620323 -0.00113456 0.00186753 0.0298531 0.00309741 -0.00558115 0.00317678 -0.00544105 0.0374899 0.00323243 0.0060749 -0.00870993 -4.83739e-05 0.0563192 -0.0188391 -0.0059214 0.03285 0.00947196 -0.0527026 -0.0361274 0.010841 0.0492371 -0.000694024 0.00312745 0.00252287 -0.000710329 0.00617701 0.00229962 
0.00147644 0.0124668 -0.00011211 0.000874525 0.000877594 -0.00036843 0.00842295 1.44854e-05 0.000253399 -0.000939644 0.00185864 -0.00228467 -0.00559722 -0.000152917 -0.00123282 -0.000568592 0.000177336 0.00707353 0.0353927 0.00558216 -0.000186608 0.00683117 -0.0059798 0.00156697 -8.08873e-05 0.000332043 -0.000966628 0.00146065 0.00196029 -0.00796767 -0.000827506 -0.00343911 -0.0115621 0.000430531 -0.00398024 -0.00544458 0.00674685 -0.00238064 -0.00096409 -0.00749517 0.0114386 0.000213689 -0.00632824 0.00118381 -0.00273463 -2.11199e-05 0.00137494 -0.0018335 -0.0147008 -0.0180491 -0.00441904 -0.00255138 -0.0106099 -0.000240208 -0.00764025 0.00302019 0.000444472 0.000787547 0.00072453 -0.00473626 0.000178649 -0.00750377 0.0014409 -0.0133392 -0.00115567 0.00011951 0.000140349 -0.000256728 0.00158076 0.00381361 0.000522203 0.00592317 0.000831422 0.00228916 0.000216588 -0.00853699 0.000830942 0.00128916 -0.00358057 -6.11015e-05 0.00774238 0.00113519 0.0039115 -0.00215988 0.000150309 0.00803134 -0.00486018 0.00305431 0.0177469 -0.000216706 -0.0124617 -0.00228717 0.00607659 -0.00317533 0.000362494 -0.000181952 0.0130612 0.00335598 -0.000699532 8.11104e-05 
0.00193791 0.00667159 0.00014486 -0.000192783 0.00107886 0.00055712 0.00458978 4.23863e-07 -0.000372791 -0.000659342 -0.00127809 -0.00282157 -0.0130893 0.000105825 -0.00335903 -0.00116347 -0.00187645 0.00656617 0.00558216 0.0466005 0.00064498 0.000421238 -0.00469328 0.000651343 0.000424192 -0.00112965 -0.000904626 0.000201724 -0.0019317 -0.00641813 0.00667899 -0.00533445 -0.0121953 -0.000292961 -0.000846491 -0.00433109 0.00166899 0.00553867 -0.00432384 -0.00446282 0.00518364 0.00137514 -0.00462633 0.000727989 -0.00129958 0.00088794 0.000655029 0.00291867 -0.00742754 -0.00426797 -0.00389629 -0.000974314 -0.00576245 0.000188991 -0.00495484 0.00045096 -0.000242657 0.000766316 0.00163104 -0.000658605 -0.000102454 -0.00542142 0.000106089 -0.0100488 -0.00443688 0.000374621 4.09444e-05 -0.000887653 0.000663838 -0.000358948 -0.00016827 0.00132055 0.00118708 0.00420027 -0.000102267 -0.00834914 -0.000412506 -0.000939636 -0.000438542 0.00272482 0.0036562 0.00126844 0.00235663 0.00149137 0.000183134 0.00819896 -0.00420702 -0.00429545 0.0111955 -0.000651058 -0.00895914 -0.0060699 0.00394687 0.000212636 0.000685362 0.000173135 0.0113474 0.000863872 0.000204259 0.000383625 
0.000599897 -2.3982e-05 0.00026353 3.29191e-06 0.000778186 -0.000312741 -0.000275869 0.000568132 -0.000159697 -3.9084e-05 -0.000565214 -0.00131753 -0.000293117 -4.73914e-05 0.0010491 0.000317377 0.000742191 -0.00137124 -0.000186608 0.00064498 0.0176756 -0.00049629 0.00037897 0.000937879 0.000540702 -0.000239151 4.39253e-05 0.00119016 -0.000594573 -0.000323325 -0.000131896 0.000392838 0.00354807 -0.000106155 -0.00154309 -5.98242e-05 -0.00258385 -0.00465081 -0.00233875 -0.0012619 -0.000320056 -0.000178108 0.00164074 0.000164181 -0.00100949 0.000257952 -0.000114725 0.00063395 -0.00151069 -0.00103979 0.000624073 -0.00162707 -0.000811212 -0.000183957 -0.000920336 -0.000393094 -0.000478545 0.000288481 -0.000545527 -0.00281597 -7.53373e-05 0.00199151 -0.000189567 0.00388851 -0.00128239 -0.000187678 8.7226e-06 0.00110206 -0.000288819 -0.000390374 1.65434e-05 3.28488e-05 0.000258664 -0.000810391 -3.85859e-05 0.000905617 0.00164824 -0.00030791 -0.00114432 0.00188362 -0.000574449 0.000602597 0.00110187 -0.000426318 0.000137056 -0.00170056 -0.00107581 -0.00179679 -0.00409807 -0.000322722 0.00170456 -0.000659379 -0.00120736 -0.00124575 -4.91886e-05 -0.00013654 -0.000412924 0.000532882 2.42591e-05 0.000168136 
-0.000870789 -7.21488e-05 4.54415e-05 0.00042522 -0.00080688 -0.000881093 0.00478255 0.000366856 0.000719893 -0.000865653 -0.000515168 -0.00550077 -0.00586743 0.000136193 -0.00835217 0.000253234 -0.000849951 0.0138666 0.00683117 0.000421238 -0.00049629 0.0277746 0.00327544 0.00213418 2.48592e-05 -0.000158411 -0.000356307 0.00145001 -0.00138919 -0.00151365 -8.8762e-05 0.00307971 -0.00707541 0.000161958 -0.00767023 -0.0025396 0.00639281 -0.00261504 -0.00673014 -0.00166162 0.00246315 0.00096081 -0.0052577 0.00156168 -0.00103762 -0.00025346 0.000576916 -0.00103556 -0.00652116 -0.00429631 -0.00207335 -0.00256178 -0.00680217 0.000382602 -0.000396429 -0.000578819 0.000727688 0.000632318 -0.00113467 -0.00525759 0.00017811 0.00039844 -0.000174542 -0.00872465 -0.00147845 0.000243401 0.000105726 -0.000517321 0.00047056 0.00363497 0.000637221 0.00716263 -0.000127943 0.00128655 0.000456712 -0.0108663 -0.000628241 -0.000224969 -0.00118828 -0.000393645 -0.00142968 0.00112085 0.000384518 -0.000509501 -8.88202e-06 0.0105524 0.00700261 0.0119198 0.00647792 0.000762027 -0.00432754 -0.00390341 0.00220757 -0.00173586 -9.97174e-05 2.13287e-05 -0.00304835 -0.000292013 -0.000594557 -0.000113324 
-0.00712818 -0.0111229 -0.000578598 -0.00278498 0.0179575 0.0108177 -0.0129557 -0.00128134 -0.00130246 -0.00466824 -0.010357 -0.128856 -0.0694223 -0.00126152 -0.0706895 -0.00230454 -0.0105292 -0.0298966 -0.0059798 -0.00469328 0.00037897 0.00327544 0.178691 -0.0030176 -0.00115263 -0.00057924 -0.00259224 -0.00454797 -0.00930169 0.124034 -0.00836078 0.101642 0.120216 -0.00186626 -0.146925 0.0934639 -0.031912 -0.116953 -0.0559074 0.0393165 -0.0352521 -0.00443255 -0.0312995 0.00153047 0.0193746 0.00402788 -0.0012762 -0.00585484 0.0151116 0.0477489 0.0906243 -0.0502176 0.0214797 0.0118047 0.129718 -0.00915406 0.00728105 -0.00115892 -0.0133159 -0.0806679 -0.000525023 0.147131 0.00483445 0.0719039 -0.0425889 0.00958864 -0.000369122 -0.00489793 -0.00747613 -0.0374075 -0.00155532 -0.0167484 0.000456969 -0.0114268 -0.00090933 -0.111908 -0.00574089 -0.00601532 -0.0226041 -0.0139078 -0.0380959 -0.00587275 -0.0117375 0.0394809 -7.67581e-05 -0.047777 0.125707 0.112515 -0.0809746 -0.00480586 0.116866 -0.0519293 -0.0140816 -0.053303 -0.000631833 -0.00155655 -0.0681167 -0.00186187 -0.00971025 -0.000807912 
-0.000673199 0.00364429 -3.04343e-05 -0.000457962 -0.00073602 -0.000942141 0.0119538 0.000417023 0.002204 0.000738479 -0.000722934 -0.0104832 -0.00697109 0.000786184 -0.00333902 0.0026541 -0.000773415 0.00338094 0.00156697 0.000651343 0.000937879 0.00213418 -0.0030176 0.0263819 0.00333002 0.000182169 0.000762942 0.017098 -0.000836413 -0.00568424 2.94293e-05 -0.0030307 -0.00824514 0.0014836 -0.0136237 -0.00393895 -0.00201026 -0.00994481 -0.00858588 -0.0166998 0.000188063 -0.000314231 -0.00548622 0.000868535 -4.80652e-05 -0.000152982 9.07344e-05 0.00264775 -0.0177161 -0.0155714 -0.00351217 -0.0044537 -0.0151374 -0.000285008 -0.00597912 -0.000644985 0.000943511 0.000470344 0.00857502 -0.0023011 -3.32833e-05 -0.00509609 -0.000984579 -0.00904431 -0.00126827 0.00268964 0.000211205 0.000318093 0.000801028 0.012959 -0.000136581 0.0170804 0.00612732 -0.00121833 0.000586405 -0.00107536 0.00456765 0.00779172 -0.00297624 0.0115963 0.015429 0.0155339 0.016535 -0.00149469 9.54768e-05 0.007068 -0.000553975 -0.00278824 -0.00570115 -0.000111092 -0.00808951 -0.00540911 0.000701541 -0.004341 8.15854e-05 -0.000180762 0.00691867 0.00131749 -0.000964075 0.00128549 
-7.31906e-05 0.000287588 0.000459438 -0.000127619 0.000136601 -0.000141474 0.00284975 -3.54573e-05 0.000610192 0.000676303 -0.00022372 -0.00402961 -0.00218934 0.000417085 -0.00159945 0.000835989 -8.01527e-05 -0.000307502 -8.08873e-05 0.000424192 0.000540702 2.48592e-05 -0.00115263 0.00333002 0.00705086 0.000970889 0.00290056 0.00407653 4.11936e-05 -0.0013798 -0.000205285 -0.00101969 -0.00175204 0.000842608 -0.00450649 -0.000891219 -0.00108087 -0.00349104 -0.00178425 -0.00308639 -9.73424e-06 6.56053e-05 -0.00138922 0.000413997 0.000810532 0.000112228 0.000510514 0.00249614 -0.00555972 -0.00434291 -0.00108462 -0.0001255 -0.00440496 -5.26896e-05 -0.00149953 -5.6853e-05 0.00110627 0.000225196 0.00122919 -0.00239131 -1.82407e-05 -0.000838145 0.000289891 -0.00226583 -0.000530489 0.00159432 5.75977e-05 0.000793437 0.00132657 0.00370376 6.05485e-05 0.00381024 0.00137925 -0.000294392 0.000191973 -0.00148934 0.000934846 0.00287211 -0.000833992 0.00314037 0.00337393 0.00342421 0.00416668 6.37931e-05 8.52924e-05 -0.000362312 -0.000821752 -0.00137384 -0.00224827 7.37253e-06 -0.00226064 -0.00126147 -0.000480612 -0.00158389 0.000129129 -4.3725e-06 0.00103643 0.000501087 -0.000260374 0.00069525 
-0.000461446 0.00350789 0.000671395 0.000145317 0.00117198 0.00297853 0.000512648 -2.50964e-05 0.00225016 0.00102099 -0.000817062 -0.00703933 -0.0051615 0.00082851 -0.000890971 -0.000553378 -0.000159214 -0.00341694 0.000332043 -0.00112965 -0.000239151 -0.000158411 -0.00057924 0.000182169 0.000970889 0.0269349 0.00412411 0.00139 0.00062867 -0.00218137 -0.000951091 -0.00364207 0.00199253 0.00076902 -0.00934237 -0.000369037 -0.00333221 -0.0103865 0.00898598 0.00270982 -0.00257941 -0.000345496 9.07582e-05 0.000127477 0.00777763 0.000620049 0.00172397 0.00192039 -0.0136559 -0.00902675 -0.00267389 0.000310596 -0.00703113 0.00367429 -0.00149113 -0.000992892 0.00693405 0.000138464 -0.000415108 -0.00715419 0.000194666 -0.00438914 0.00684115 -0.00341004 -0.00336311 0.00486024 8.19428e-05 0.000210546 0.00586718 -0.00114511 0.000274063 0.00630056 0.00171471 -0.000869031 2.35341e-05 -0.00563299 0.000828915 0.0056765 -0.00286249 0.00848296 0.0056572 0.000161797 0.00835318 0.00465402 9.9974e-05 -0.00622835 -0.00508823 -0.00510523 -0.00717485 -0.000333038 -0.0073916 0.00175701 -0.000570549 -0.00564567 0.000411797 -0.000107636 0.00475329 0.00390736 -0.00118623 0.000167458 
-0.00049911 -0.00155617 0.00113264 8.25473e-05 7.69332e-05 -9.02027e-05 0.00196097 -0.000126305 0.000579576 0.00294671 -0.00123104 0.00051958 -0.00818306 0.000480422 -0.00376895 0.00569974 -0.00130399 -0.00438319 -0.000966628 -0.000904626 4.39253e-05 -0.000356307 -0.00259224 0.000762942 0.00290056 0.00412411 0.0270929 0.00211885 0.000372323 -0.00313146 -0.000894449 -0.00354007 -0.00168307 0.00159464 -0.0076056 -0.003809 -0.00345027 -0.0119775 0.0108475 0.00338486 -0.00295763 -0.000495426 -0.00411571 0.000124763 0.0116488 -0.000213807 0.0030764 0.00477555 -0.00730498 -0.0068277 -0.00328265 -0.00179371 0.000728735 0.000339748 -0.00318902 -0.00106757 0.00211557 -1.2231e-05 -0.00104428 0.00306478 -4.51867e-05 -0.00373391 0.00621074 0.00111229 -0.00376219 0.00763324 0.000162771 0.00091929 0.00238906 -0.00238527 -5.68977e-05 -0.0006947 0.00035229 -0.00129191 -2.07283e-05 -0.00119025 8.24492e-06 0.00625138 0.00187896 0.00599872 -0.0023491 0.00109472 0.00139508 0.00166651 1.3865e-05 -0.010101 -0.00197858 -0.00529488 -0.00876487 4.97551e-05 0.00386143 0.011414 -0.00113317 -0.00463924 -3.84292e-05 -7.76772e-05 -0.00313771 -6.63483e-05 -0.000354117 0.00046572 
-0.000720216 0.00396931 0.000115962 -0.000243448 -0.00106315 -0.0012203 0.0150109 0.000446894 0.00348377 0.000714635 -0.000600366 -0.0133312 -0.00922715 0.000451679 -0.00340855 0.00184871 7.51444e-05 0.00170942 0.00146065 0.000201724 0.00119016 0.00145001 -0.00454797 0.017098 0.00407653 0.00139 0.00211885 0.0299456 -0.00115271 -0.00702795 -0.000666712 -0.00405515 -0.00941743 0.00268375 -0.0158221 -0.00465868 -0.00339322 -0.0129999 -0.00896871 -0.0150731 0.00415184 -0.000535216 -0.00608254 0.000426861 5.75297e-05 -0.00032835 0.000415452 0.00451165 -0.0230369 -0.0189368 -0.00448334 -0.00476539 -0.0187477 -0.000475683 -0.00681748 -0.00105669 -0.000239969 0.00146063 0.00726414 -0.00466525 -0.000108485 -0.00638029 -0.00119225 -0.0097599 0.000811126 0.0013922 0.000501736 -5.83527e-05 0.00453699 0.0176439 2.43343e-05 0.0215967 0.00581183 -0.0014299 0.000849114 -0.000990314 0.00764382 0.00943087 -0.00343579 0.0152182 0.019846 0.0171493 0.0223263 -0.00187657 5.65956e-05 0.0055153 -0.0017386 -0.00384591 -0.00920995 -0.000135583 -0.0105782 -0.00572652 6.12359e-05 -0.00545742 0.000336015 -3.31911e-06 0.0108732 0.000934629 -0.00128362 0.000690902 
-0.000677155 0.00379382 0.000103466 0.000388635 0.00592721 -0.000394538 -0.00347766 6.35314e-05 -0.00016486 -0.001284 -0.00170607 0.00907727 -0.00174455 -6.71589e-05 0.0225048 -0.00335226 -0.00155313 -0.00360345 0.00196029 -0.0019317 -0.000594573 -0.00138919 -0.00930169 -0.000836413 4.11936e-05 0.00062867 0.000372323 -0.00115271 0.0487595 -0.00792052 -0.00124193 -0.00672642 -0.0109425 0.000137732 0.00697343 -0.00467323 -0.000900344 -0.00649123 0.0155266 -0.00255899 -0.00021083 -0.00017865 -0.00630312 -0.00018253 -0.00140264 0.000834007 -0.000450246 -0.00269304 -0.00193579 -0.0260829 -0.00730185 0.00857521 -0.00514813 0.00175856 -0.00540317 -0.000616642 0.00625229 -0.000318818 0.000913195 0.00911246 0.000349965 -0.011036 0.0011281 -0.0135956 0.00608916 0.00519976 -4.23518e-05 0.00294788 0.00295012 -0.00645575 5.33607e-05 -0.00262049 0.000338838 -0.0011302 -0.000143095 0.0116762 -0.00084869 0.000130723 -0.0016055 -0.000422602 0.000750107 -0.000704855 -0.000857532 0.00197388 4.24264e-05 -0.00359789 -0.0111967 -0.0102487 0.0104441 -0.000848535 -0.0109026 0.00340612 0.00251678 -0.000701521 -0.000146976 -0.000424384 0.0141645 0.00225326 -0.000274288 0.000599333 
-0.00668295 -0.0125728 -0.000864742 -0.00363866 0.0152843 0.00661108 -0.015939 -0.00100631 -0.00185224 -0.00689863 -0.00996314 -0.100845 -0.0604517 -0.00129352 -0.07839 -0.0101454 -0.0130687 -0.024825 -0.00796767 -0.00641813 -0.000323325 -0.00151365 0.124034 -0.00568424 -0.0013798 -0.00218137 -0.00313146 -0.00702795 -0.00792052 0.179116 -0.0088255 0.0875309 0.125125 -0.00154747 -0.110937 0.080614 -0.0339847 -0.091481 -0.0483856 0.0411841 -0.0362785 -0.00428259 -0.00996048 4.8995e-05 0.0035831 0.00163078 -0.00100433 -0.00545621 0.0256425 0.0592679 0.080255 -0.0425253 0.0361653 0.000441581 0.105023 -0.0091145 -0.000942543 -0.000574719 -0.0134701 -0.0719863 -0.000937794 0.130659 -0.00215764 0.0838237 -0.0398748 -0.0036666 -0.000375985 -0.00433646 -0.00785119 -0.0328199 -0.00163314 -0.0179446 -0.00291256 -0.0111679 -0.000874569 -0.0888235 -0.00715456 -0.00893793 -0.0240154 -0.0167183 -0.0357226 -0.00786198 -0.0128578 0.0226356 -0.000188172 -0.046483 0.114225 0.0960703 -0.0785116 -0.00487008 0.110313 -0.0427246 -0.0166188 -0.0468312 -0.00138983 -0.00155901 -0.0648035 -0.00332005 -0.00958091 -0.00101583 
-0.000196167 0.000781912 -8.91715e-05 -0.000484718 -0.00141317 -0.000837029 -0.00153192 -4.86551e-05 -0.000286591 -0.00121169 0.00106085 0.007964 0.00245172 -0.00027444 0.0136657 -0.00176422 0.000308606 0.00312338 -0.000827506 0.00667899 -0.000131896 -8.8762e-05 -0.00836078 2.94293e-05 -0.000205285 -0.000951091 -0.000894449 -0.000666712 -0.00124193 -0.0088255 0.0384461 -0.00532801 -0.0119441 -0.000227273 0.00968642 -0.00579319 0.00564833 0.0144099 -0.00656121 -0.00969908 -0.000253222 0.00236231 -0.00788123 0.000147795 -0.00298919 1.93473e-05 -0.000189579 0.000116561 -0.0018511 -0.000693656 -0.00537565 0.00203739 -0.00336892 -0.000784779 -0.00791747 0.00147171 -0.00019582 -0.000320186 0.00215329 0.0076193 -7.98532e-05 -0.00841645 -0.00128322 -0.0136016 5.1774e-05 -0.00102557 -2.30526e-05 -0.000503803 -0.00150386 0.00126361 0.000201115 -0.00239787 -0.000212091 -0.000161605 -8.16801e-05 -0.00384903 4.52624e-06 -0.000917822 -0.00333736 -0.00272832 0.00141501 -0.000329695 -0.00141403 -0.00239465 9.50718e-05 0.00769129 -0.00422655 -0.00476583 0.0189534 -0.0003178 -0.0131172 -0.00643686 0.00926374 -0.00023568 -0.000238319 0.000304684 0.0144459 0.00080851 0.000762742 -0.000139428 
-0.00461928 -0.00970255 -0.000360766 -0.00215562 0.0131876 -0.000593692 -0.0100333 -0.000458753 -0.00152904 -0.00408659 -0.00701821 -0.0865822 -0.042572 -0.000763208 -0.0503812 -0.0018028 -0.00656583 -0.0140498 -0.00343911 -0.00533445 0.000392838 0.00307971 0.101642 -0.0030307 -0.00101969 -0.00364207 -0.00354007 -0.00405515 -0.00672642 0.0875309 -0.00532801 0.127868 0.0816617 -0.00128092 -0.0951665 0.0519673 -0.0168633 -0.075507 -0.0531481 0.0233039 -0.0242793 -0.00280749 -0.0245442 0.0016666 -0.0108071 -0.000747201 -0.00124379 -0.00450977 0.0236546 0.0393485 0.0518598 -0.0306258 0.0251795 -0.0023447 0.0875466 -0.00571466 -0.00470154 -0.000794364 -0.00899339 -0.0544093 -0.000666688 0.106603 -0.00578278 0.0603926 -0.0277858 -0.00532797 -0.000193941 -0.00263037 -0.00517848 -0.024108 -0.00109326 -0.0141707 -0.00104687 -0.00700091 -0.000428942 -0.0696365 -0.00336398 -0.00622206 -0.0173903 -0.0109896 -0.0250323 -0.00512653 -0.00827523 -6.20488e-05 2.08328e-06 -0.038515 0.0980676 0.0925115 -0.0521735 -0.0030099 0.0833049 -0.0353171 -0.00698265 -0.0305393 -0.00101593 -0.000134092 -0.0444292 -0.00298459 -0.00550936 -0.000768588 
-0.00454077 -0.0206708 -0.000969541 0.000621085 0.0135922 0.00975101 -0.0215995 -0.0022758 -0.00244369 -0.00175579 -0.0140574 -0.0784881 -0.0437554 -0.00043933 -0.0875578 -0.00487454 -0.0181097 -0.0479383 -0.0115621 -0.0121953 0.00354807 -0.00707541 0.120216 -0.00824514 -0.00175204 0.00199253 -0.00168307 -0.00941743 -0.0109425 0.125125 -0.0119441 0.0816617 0.220251 -0.00137754 -0.107358 0.0761403 -0.0486339 -0.0940612 -0.0296582 0.0644934 -0.0421275 -0.00778985 0.0254176 -0.000161503 0.0113241 0.00209022 0.00111036 0.00186773 0.0347912 0.0855601 0.0905868 -0.0458036 0.0651914 -0.000843437 0.101614 -0.0125943 -0.00758426 -0.00168393 -0.0190414 -0.0695696 -0.00102862 0.131539 -0.00346262 0.109223 -0.0486493 -0.00468187 -0.000525836 -0.00333186 -0.0112933 -0.0446984 -0.00201538 -0.0352598 -0.0041062 -0.0155171 -0.00138368 -0.0900693 -0.011555 -0.0126896 -0.0231241 -0.0116284 -0.0488505 -0.00981665 -0.0174705 0.0230823 -0.000202386 -0.085174 0.107798 0.0823843 -0.0979525 -0.0052479 0.126268 -0.0242918 -0.0229607 -0.0635247 -0.0010735 -0.00214048 -0.0821952 -0.00505493 -0.0121449 -0.0015365 
8.00739e-06 -0.000110802 0.000267023 -1.06563e-05 -6.71579e-05 -8.0708e-05 0.00351974 8.8157e-06 0.00027694 0.00010417 0.000249955 -0.00123912 -0.00135941 0.000474976 -0.00232357 0.000484315 -0.00031625 0.000131678 0.000430531 -0.000292961 -0.000106155 0.000161958 -0.00186626 0.0014836 0.000842608 0.00076902 0.00159464 0.00268375 0.000137732 -0.00154747 -0.000227273 -0.00128092 -0.00137754 0.00881792 -0.0029202 -0.00129322 -0.000167658 -0.00225891 0.00159162 -0.00320304 0.0021657 -4.18551e-05 -0.000757057 0.000145901 0.00193582 -9.78027e-05 0.00134937 0.000184407 -0.00482693 -0.00350246 -0.0012937 -0.00193175 -0.0028511 -0.000134145 -0.0020106 1.98011e-05 -0.000258029 0.000204621 0.000226605 -0.000643832 2.09099e-06 -0.00185606 0.000847777 -0.00103968 -0.000943039 0.00110093 2.51667e-05 0.000302713 0.000504085 0.00239288 -2.16116e-05 0.00218796 0.000544027 -0.000290457 2.90807e-06 0.000110585 0.000664248 0.00290094 -0.000949079 0.00192799 0.00220677 0.00292809 0.00161191 -0.000372847 -5.09205e-06 -0.00101627 -0.00140015 -0.00160784 -0.00117065 0.000124887 -0.00181789 0.00227268 0.000403895 -0.00131459 0.000109284 -2.87259e-05 0.000531886 -9.94429e-05 -0.00031564 0.000672643 
