0.186105 -0.0251247 0.0213546 -0.0457777 -0.0177223 -0.00935879 0.00452511 0.0283372 -4.10956e-05 0.0851795 0.00399673 -0.0546666 0.01056 -0.0102712 -0.00685858 -0.0053827 0.000761129 -0.000958832 0.0292227 -0.0432385 0.0915037 0.0288386 -0.00876429 -0.0399188 5.00171e-06 0.00328973 -0.024272 -0.00167959 -0.0315975 0.000683933 -0.00776587 0.000345082 -0.00569941 -0.000308457 -0.00139099 -0.00557333 -0.00119597 0.00348036 -0.00121674 -0.0384985 -0.00277454 -0.0172599 -0.00147198 0.010201 -0.00499506 0.000414221 0.000486595 -0.00898307 -0.00649165 -0.0112865 -0.00196719 -0.00529471 -0.0584224 -0.000371353 0.0329708 -0.0041817 -0.0482676 -0.0152455 -0.000178033 -0.0516707 0.0652016 -0.00363865 -0.00263052 0.032655 -8.12199e-05 -0.0201197 -0.00348501 -0.0744193 0.0480724 0.00483883 0.0391896 -0.00651259 -0.0296866 0.0376223 -0.00137199 -0.00164426 0.0299114 0.00355565 -0.015225 0.000653127 0.000891957 0.0554914 0.0248481 0.0179402 -0.0309164 -0.0189057 0.0368331 -0.0451063 0.000216422 0.013324 0.00922911 -0.000293696 -0.00105035 -0.0641127 -0.00406267 0.00144964 -0.00349071 -0.00668515 -0.00682738 0.00222471 
-0.0251247 0.13546 0.0199051 0.0279709 -0.00987814 0.0156667 -0.000509749 -0.04315 -0.00083474 -0.0334017 -0.017099 -0.0246112 0.00337221 -0.00693112 0.00629574 0.0105062 -2.23019e-05 -0.00614836 -0.0257314 -0.0456121 -0.0297839 -0.0399727 0.0280334 0.0152815 0.000135939 -0.0012972 0.0532814 0.000852448 -0.00856455 -0.00268561 -0.000898696 0.000357413 0.00358013 -0.00126615 0.00286211 0.00710216 0.000830405 -0.000688168 -0.000989831 0.00472624 0.00918488 0.00634461 -1.90897e-05 0.00919613 0.0247647 0.0029622 0.00281314 0.015546 0.00815898 0.0379049 0.00312572 0.00156331 0.00996604 0.0128572 0.0233813 0.00972327 -0.0186706 0.0337874 0.000306129 0.0253793 -0.0429709 -0.00193791 -0.00464164 -0.0699799 0.000630345 0.0136531 -0.000968993 0.0323792 -0.0574812 -0.00193092 -0.0207936 0.00724356 0.0322778 -0.0101247 0.00152808 0.00168582 -0.0132915 0.0253419 -0.00916608 0.0246537 0.00976394 -0.0511903 -0.0157882 -0.0056062 -0.00672551 -0.00808483 -0.000147188 -0.0482561 0.00131797 -0.00324198 -0.00536244 0.000204371 0.000765151 -0.0455688 0.00628345 -0.00193139 0.00620887 0.0398538 -0.00721818 -0.000677125 
0.0213546 0.0199051 0.208196 0.0161458 -0.0159781 -0.0034566 -0.00138514 0.0191446 -0.00107454 0.0697055 -0.0249013 -0.0627153 -0.000659953 -0.013048 0.0130706 -0.000319927 -0.00162539 0.00568697 -0.0411753 -0.110114 0.0349542 -0.0304695 0.0202516 -0.00422378 0.000621785 0.00105981 0.0591166 -5.54095e-05 -0.0170595 -0.00914637 0.000542846 0.000870181 0.00592545 -0.000849788 -0.00043953 0.00712651 0.00288032 -0.00195155 -0.00198166 -0.00201648 -0.00191647 0.00991678 -0.00107931 0.000110923 0.0165791 0.00342094 0.00315746 -0.013967 0.0100391 -0.000419029 -0.00222945 -0.00519195 -0.0595184 -0.00227388 0.0879963 0.00693574 -0.0708007 0.0121057 0.000312192 0.00810801 0.0303466 0.00186375 -0.0173299 -0.0388814 0.000734878 0.000126585 -0.0130387 -0.0258043 -0.039683 0.0119765 0.0572045 -0.000364258 0.01995 0.0281441 0.000323933 0.00366318 0.0217648 -0.00620825 -0.0179471 -0.000903065 -0.00104056 0.0383254 0.000811136 0.01515 -0.0174044 -0.0429721 0.025962 -0.103532 0.0128801 -0.00336598 -0.0117884 0.000653016 -0.000112408 -0.0976688 0.00278544 0.000731665 0.00780047 0.00198058 -0.0201073 0.011776 
-0.0457777 0.0279709 0.0161458 0.249392 -0.00539213 0.0124872 -0.00631614 -0.00706881 -0.0026415 -0.0216934 -0.0402333 0.00961499 -0.0286779 -0.0212687 0.00253056 -0.00735275 -0.00273507 0.00288222 -0.0873666 -0.0331746 0.0201641 -0.0224251 -0.00562945 0.0387224 0.000399397 -0.00456554 -0.00359292 -0.00340138 0.00635281 -0.0156366 0.0110961 -0.00149383 0.00249893 -0.00325503 0.0017202 -0.00372648 -0.00121454 -0.00438386 -0.00108899 0.0425728 -0.00296428 0.018601 -0.00392918 -0.0230744 -0.0155764 -0.00749768 -0.00393456 0.00081018 0.014536 0.00239843 0.000683516 0.00223222 0.0479756 0.025048 0.031769 -0.00695623 -0.0482823 -0.000783611 -0.000481592 0.0694946 -0.0463041 0.000485585 -0.0189178 -0.00610504 0.00022256 0.000961705 -0.0113162 0.041985 -0.0382254 0.00332063 0.000492037 -0.00636156 0.00194199 0.0440238 -0.00264156 -0.00266914 -0.0270462 0.049582 -0.00823293 0.0153108 -0.00832366 -0.0331601 -0.0412146 -0.0108112 -0.0389293 -0.00615579 0.0291963 0.0124419 -0.00253121 -0.0145649 -0.00723698 -0.000687976 -0.0011847 0.00311336 0.00221592 -0.00162978 -0.00417129 -0.00394513 -0.0267883 -0.000645255 
-0.0177223 -0.00987814 -0.0159781 -0.00539213 0.0728593 -0.00296545 -0.00123953 -0.000593137 0.00135648 -0.0135829 -0.00670646 0.0164878 0.00127703 0.00886879 0.000635223 -0.00231438 2.78385e-05 -0.00138545 0.0255318 0.0187823 -0.0281246 -0.00208339 -0.00284139 0.00874528 -0.000140327 -7.22573e-05 -0.0101271 -0.000487653 0.00512986 -0.0026921 0.00645963 -0.000238384 -0.00174282 -0.000624835 -0.000799911 -0.00122075 0.000209076 -0.000565039 -3.0424e-05 -0.000739717 -0.000235432 -0.00363237 -0.000750679 -0.000984629 -0.00374477 -0.00107247 0.000234837 -0.001949 -0.00217983 -0.00400233 0.000198566 -0.00272255 0.00618998 -0.00708004 -0.0276628 -0.00163741 0.0318591 -0.00276028 -5.42042e-05 0.00458838 -0.00260102 0.001897 0.00310003 0.0134577 -0.000175658 -0.00355407 0.00340562 0.0024255 -0.00462583 -0.00193798 -0.0128021 0.00142333 -0.0052748 -0.0137164 -0.00068187 -0.000887648 -0.00595822 -0.0184092 0.00940106 -0.00990487 -0.00255338 -0.00570554 0.00336643 -0.00193586 0.0109891 0.00187395 -0.0149683 0.0147126 -0.000569264 -0.000197768 -0.000623735 9.0546e-05 -0.000262217 0.0221413 -0.000721749 -0.0013344 0.000436075 -0.00574563 0.00873079 -0.000987193 
-0.00935879 0.0156667 -0.0034566 0.0124872 -0.00296545 0.0635266 0.000931326 0.00114348 -0.000312465 -0.0154733 0.0019775 -0.00391658 -0.00409443 -0.0037022 0.000587641 -0.000215892 -0.000462316 -0.00240958 -0.010123 -0.0156514 -0.00651959 -0.0295387 -0.0034737 0.00803003 -0.000219227 1.02062e-05 0.0023989 -0.000336524 -0.000376304 0.00038657 -0.00161792 0.00020719 0.000724867 0.000593484 0.00342119 -0.000505914 -0.000404965 0.00396827 0.000482853 0.000999269 0.00226865 0.00136951 8.84597e-05 -0.00359618 0.00150285 -0.00110347 -0.00107197 0.00975698 -0.0017408 0.00295094 0.00019966 0.000290258 0.00476943 0.00548907 0.0242226 -0.00080684 -0.00332919 0.020831 -8.10732e-06 0.0137115 -0.0130914 -0.000850943 -0.00412927 -0.0377265 0.000393887 -0.00476025 -0.00140902 0.0150545 -0.014603 0.000375115 -0.000121417 -0.00223858 -0.0056474 0.014158 5.41555e-05 0.00128313 0.00327978 0.0133599 -0.00394682 0.0289137 -0.000980943 -0.0182335 -0.00520007 -0.00105373 -0.012089 -0.00133707 0.00994561 -0.018345 -0.00103503 -0.00183816 -0.00307044 -7.73529e-05 -0.000156171 -0.0222492 -0.000644701 -0.000129692 -0.000159008 0.0140625 -0.00281898 -0.00114042 
0.00452511 -0.000509749 -0.00138514 -0.00631614 -0.00123953 0.000931326 0.0179368 -0.00365068 0.000144183 0.00477604 -0.00105377 -0.00257284 0.00189969 -0.00104838 -2.99931e-05 0.0027547 0.000810454 0.00265666 -0.00190893 -0.00558675 0.000118558 -0.00653341 -0.000813472 -0.00230123 0.000225727 0.001952 -0.000561841 -9.01139e-05 -0.000944414 0.000704393 -0.000473729 0.00112441 0.00134967 0.00075907 0.000895266 -0.000273641 -4.82754e-05 0.000204158 0.000278273 -0.00225696 0.00171364 0.00169012 0.00167905 0.00432788 0.000781156 0.00274335 0.000492807 -6.07217e-05 -0.000172244 0.00149819 4.65594e-05 0.000374135 -0.00857416 -0.00213881 0.00497813 7.55357e-05 -0.00364808 0.000504976 0.000224423 -0.00172079 -0.00355596 -0.000229435 -0.000225646 -0.010593 0.000511457 -0.000709153 0.00146808 -0.00268399 -0.00195787 0.000665397 -0.00183357 -0.000542015 -0.000925119 -0.00976168 0.00120068 0.000249738 0.0041938 0.00318164 -0.000417468 0.000869477 0.00103438 -0.00380545 0.00393645 0.00407446 0.00141718 -0.00253173 -0.00130555 -0.00403543 -0.000453908 0.00961918 0.00164022 0.000206853 1.86369e-05 -0.00344124 0.00039142 0.00195252 0.000191727 0.000182948 -0.0010756 0.00381498 
0.0283372 -0.04315 0.0191446 -0.00706881 -0.000593137 0.00114348 -0.00365068 0.248681 -0.00239727 0.0390609 0.0181996 -0.0123236 -0.0211068 -0.0256506 -0.0150025 -0.0150379 -0.00295244 0.00585234 -0.0327653 -0.0056963 0.0603356 0.0149863 -0.0129639 -0.0534561 -0.000895674 -0.00084353 -0.062114 -0.00240678 -0.00894067 -0.00099305 -0.0038288 -0.00137221 -0.00754495 -0.00109378 -0.00277217 -0.00211512 -0.00150363 -0.00100284 0.00240574 -0.00167046 -0.00684347 -0.0243781 -0.0024008 -0.0217392 -0.0256957 -0.00625991 -0.00740896 -0.0173895 -0.00413987 -0.0272288 -0.00354165 -0.00892905 -0.0170499 -0.0195597 0.0269147 -0.00784526 -0.0366304 -0.0273862 -0.000252821 -0.0550401 0.070576 -0.00330116 -0.0275612 0.0573718 -0.000751408 -0.0246901 -0.0153199 -0.00219415 0.0982481 0.00382334 0.0386628 -0.0119716 -0.0229601 0.0434958 -0.0039188 -0.00203755 0.0196245 -0.0784862 -0.0128972 0.00896315 -0.00888002 0.080062 0.0213922 0.00953855 0.00859547 0.0172888 0.0195234 -0.00273055 0.00298906 -0.0117869 -0.0181091 0.000215357 -0.00210113 -0.0163388 -0.00678341 0.00538219 -0.00449615 -0.0289474 0.00339114 0.00469015 
-4.10956e-05 -0.00083474 -0.00107454 -0.0026415 0.00135648 -0.000312465 0.000144183 -0.00239727 0.00673933 -0.000145236 -0.000451572 -0.0011322 0.00285318 0.00356241 0.00148156 0.00123309 0.000331262 -0.000193658 0.00226648 -0.000311193 -0.00275794 -0.00133021 -0.000157707 -0.000370805 6.56284e-05 0.000138693 -0.000168414 6.18863e-05 -0.000821012 -1.35541e-05 -6.20062e-05 0.000288126 -5.20311e-05 0.000289403 -1.87528e-05 0.000471188 -1.67106e-05 1.25063e-05 0.00013155 -0.00105073 0.000178549 -0.000402094 0.000124554 0.00159397 0.00151875 0.00136679 0.000484066 0.000301276 -0.00016687 0.000327964 0.000365324 -3.81109e-05 -0.00253927 -0.000849058 -0.00249331 -2.4214e-05 0.00284083 -4.5029e-05 2.72003e-05 -0.000975407 -0.000136977 0.000420927 0.00245177 -0.00218904 -1.60199e-06 0.000358476 0.000531451 -0.00231302 -0.003051 -5.99183e-05 -0.00101609 0.000312633 -0.000574016 -0.00345254 0.000133424 0.000117992 -0.000389406 0.000482453 0.0009614 0.000168426 0.000573527 -0.00108727 0.00284925 0.000622575 -0.00113732 -0.000298921 -0.00151594 -0.00120297 -7.50626e-05 0.0011329 -0.00026488 -3.23684e-07 0.000881556 -0.00191303 -2.21759e-05 -5.10277e-05 0.00049143 0.000772206 0.000886394 -6.38075e-05 
0.0851795 -0.0334017 0.0697055 -0.0216934 -0.0135829 -0.0154733 0.00477604 0.0390609 -0.000145236 0.197641 -0.0140757 -0.0516599 0.00572894 -0.00782677 -0.00776588 -0.00715677 0.00111833 0.0105576 -0.0156202 -0.0824205 0.0919847 0.00761551 -0.00531775 -0.050423 -0.000695489 0.00407982 0.00644938 -0.00188347 -0.0352917 0.000496018 -0.00667194 0.000421027 -0.00492993 -0.000444457 -0.00269554 -0.00141869 -0.000613171 0.00114958 -0.00225428 -0.0507128 -0.00398317 -0.0187167 -0.00207675 0.0107196 -0.00470083 0.000716641 -0.00121598 -0.0207965 -0.00943231 -0.0140478 -0.0023052 -0.00712935 -0.0604363 0.0132654 0.054025 6.35423e-05 -0.0528579 -0.0146709 0.000130768 -0.0513719 0.0883107 -0.000605406 -0.00772529 0.0348918 2.52757e-05 -0.0174319 0.000202942 -0.0805561 0.0228033 0.00642538 0.0697245 -0.00668055 -0.0329207 0.0190334 -0.00179569 -0.000694239 0.0406182 -0.017751 -0.0124333 -0.0160481 -0.00363071 0.0958852 0.0282922 0.0225211 -0.0118573 -0.0254243 0.0419461 -0.0636211 0.0068352 0.0153202 -0.00200339 0.00048094 -0.00120446 -0.084196 -0.00274119 0.00359275 0.000115736 -0.0132066 -0.00980124 0.00833495 
0.00399673 -0.017099 -0.0249013 -0.0402333 -0.00670646 0.0019775 -0.00105377 0.0181996 -0.000451572 -0.0140757 0.11116 -0.00709585 -0.0037355 0.00754887 -0.00365586 -0.00285338 -0.000514575 -0.00103599 0.00791482 0.0272847 0.0168205 0.0248812 -0.00527626 -0.0201523 0.00011074 -0.00113536 -0.0173811 0.000432441 -0.00547608 0.0112292 -0.00432011 -0.000141587 -0.00188692 0.00129906 2.36888e-05 0.00207847 -0.00043321 0.00128563 -0.00063349 -0.00894504 -0.00187539 -0.00916805 -1.19462e-05 -0.00667846 -0.0072956 0.000554829 -0.00203984 0.0116392 -0.00566968 -0.00475209 -0.000529971 0.00254133 0.0121045 0.00443509 -0.0132172 -0.00292955 0.0115986 -0.00517222 -0.000109455 -0.0199428 -0.00843065 -0.00193415 -0.000118045 0.0021388 -0.000273462 -0.00724073 -0.00611267 -0.0150419 0.0306114 -0.00358723 0.00547764 -0.00162948 -0.00904235 0.00589824 0.000310007 -0.000224314 0.000444133 -0.0202933 -0.00140769 -0.000234995 -0.00168975 0.0278794 0.00696402 -0.00370077 -0.0114982 -0.000471968 -0.0121844 0.00488264 -0.00218883 -0.00355432 -0.00339842 -0.00019434 -0.000220674 0.00783713 -0.00165656 0.00821355 -0.00107736 -0.00135167 0.010282 -0.00271155 
-0.0546666 -0.0246112 -0.0627153 0.00961499 0.0164878 -0.00391658 -0.00257284 -0.0123236 -0.0011322 -0.0516599 -0.00709585 0.17948 -0.00986796 0.0109252 -0.00731136 -0.00502755 -0.00123218 -0.00468065 0.0198503 0.0533337 -0.0793741 -0.0231046 -0.00993209 0.0431958 -0.000193711 -0.00300403 -0.03559 0.000296327 0.0612658 0.00408167 0.0123269 -0.000843959 0.00070104 0.000612356 -0.00141199 -0.000508215 0.00093847 -0.00085216 0.00265371 0.0298955 -0.000849684 0.00559222 -6.35708e-05 -0.0126825 -0.0139359 -0.00466841 -0.00295264 -0.00660071 0.00651291 -0.011865 0.000251202 -0.00617963 0.0368619 -0.0353874 -0.0507311 -0.00461618 0.0628214 -0.00961983 -0.00025062 0.00708813 -0.0621448 -0.00130152 0.00723633 0.0312139 -0.000574629 0.0234137 0.00853549 0.0221565 0.012617 -0.00708925 -0.0408558 0.0040351 0.00775323 -0.0895447 -0.00211705 -0.00179131 -0.0119208 -0.0305295 0.0367134 -0.0227222 -0.00315166 -0.0609962 -0.0210805 -0.00890451 0.080372 0.0409991 -0.064746 0.0894899 -0.00385143 -0.00534149 -6.31132e-05 -0.000278753 -0.000381687 0.103651 -0.000634163 -0.00123491 -0.00304167 -0.0172667 -0.00326855 -0.00410896 
0.01056 0.00337221 -0.000659953 -0.0286779 0.00127703 -0.00409443 0.00189969 -0.0211068 0.00285318 0.00572894 -0.0037355 -0.00986796 0.0737967 0.00407609 0.00909178 0.00326489 0.00485665 -0.00034324 0.0252567 -0.00910182 -0.0275623 -0.00999349 0.00184707 -0.00452901 0.00021204 0.00461616 0.00955395 0.000804754 -0.0097367 -0.00107708 -0.0021973 0.000796145 0.00117212 0.000205181 9.18398e-05 6.37573e-05 -0.000401873 -0.000975602 -0.000664719 -0.0106698 0.00439612 -0.00389971 -4.7366e-05 0.0196454 0.0011024 0.0052421 0.00381179 -0.00443539 -0.00261217 -0.000562749 0.00197163 -0.000885122 -0.0244442 -0.0109508 -0.0172856 0.00331251 0.0261398 0.00350556 8.23586e-05 -0.00737337 0.0186047 0.00022152 0.000197667 -0.0121256 -9.1821e-06 -0.000162287 0.0160919 0.00650018 -0.0177009 -0.00182605 -0.0101091 0.00211635 0.00197269 -0.0131887 0.000584621 0.000459343 -0.00538608 -0.00284816 -0.00312284 0.00353016 -0.00208889 -0.0139932 0.00826697 0.00150817 0.00741503 -0.00975342 -0.00465593 -0.0235281 0.00152338 0.0158501 0.00507793 4.37673e-05 -1.99929e-05 -0.0160329 0.000112821 -0.00101909 0.00130468 0.0204381 0.0104471 -0.00141153 
-0.0102712 -0.00693112 -0.013048 -0.0212687 0.00886879 -0.0037022 -0.00104838 -0.0256506 0.00356241 -0.00782677 0.00754887 0.0109252 0.00407609 0.0586981 0.00119876 0.00152862 0.0011887 -0.00225836 0.0216209 0.0231686 -0.0142554 0.0166493 -0.00325319 -0.00503556 1.02416e-07 -0.000699038 -0.00386739 -0.000196666 -0.00473022 -0.00164654 -8.67239e-05 0.000108418 -0.00130044 0.000176576 -0.000682143 1.79552e-05 2.17941e-05 -0.000299681 -0.00029496 -0.00711277 -0.000209793 -0.00425237 -0.000323453 -0.0016248 0.000670111 0.000941785 -0.000152604 0.00177666 -0.0026319 -0.0013538 9.65835e-05 -4.02654e-05 0.000351276 -0.00225331 -0.0242832 -0.000712405 0.022648 7.05603e-05 7.85301e-05 -0.0116953 -0.0119037 0.000418449 0.0258774 0.00409798 -0.000189648 0.0054362 0.00178262 -0.0237623 -0.0204235 -0.000881722 -0.00635571 0.00176706 0.000182197 -0.0173281 0.000174401 0.000164383 -0.00377769 0.00210348 0.0229669 -0.00693376 -0.000797923 -0.000294164 0.00562476 -0.00176676 0.00621195 0.00621547 -0.0178047 0.0165209 -0.000942312 -0.00105647 -0.00224742 -9.94955e-05 0.000970699 0.0101593 -0.000455098 -0.000361633 0.000826432 -0.00589134 0.0121294 -0.00135016 
-0.00685858 0.00629574 0.0130706 0.00253056 0.000635223 0.000587641 -2.99931e-05 -0.0150025 0.00148156 -0.00776588 -0.00365586 -0.00731136 0.00909178 0.00119876 0.0480167 0.00307416 0.000457108 -0.00144352 -0.00070294 -0.00950413 -0.0179916 -0.00269935 0.00180749 0.0166076 0.0009029 -2.85658e-05 -0.00146048 0.000473086 -0.00220088 -0.000241981 0.00217035 0.000510625 0.00143848 0.000176848 -1.04974e-05 0.00188996 0.000310206 -0.000558864 0.000368808 0.0141819 -0.000751356 0.0161204 -0.000297424 -0.00152988 -0.00176809 0.0023778 -0.000575311 -0.000157916 0.00613025 0.000700909 0.00115718 -0.0012911 -0.00228776 2.54928e-05 -0.00315744 -0.000682097 5.45849e-06 0.00433954 6.73559e-05 0.0148505 -0.00834809 0.00227681 0.000529318 -0.0145697 -3.28156e-05 0.000630319 -0.000904222 0.0102706 -0.0179367 -0.000408912 -0.00743381 -0.00121671 0.0148138 -0.00246141 0.00284853 0.00108364 -0.00400108 0.00454914 -0.00109289 -0.000771339 -0.00141141 -0.0148684 0.00205831 -0.000620022 -0.00998057 -0.00586047 -0.00945217 -0.0129986 -0.000881831 0.00143288 -0.00141769 0.000210116 5.10813e-05 -0.0123307 0.00644897 0.00219727 0.00161513 -0.00423986 -0.000838314 -2.5941e-05 
-0.0053827 0.0105062 -0.000319927 -0.00735275 -0.00231438 -0.000215892 0.0027547 -0.0150379 0.00123309 -0.00715677 -0.00285338 -0.00502755 0.00326489 0.00152862 0.00307416 0.0325168 0.000724719 0.000344939 -0.00641374 -0.0082894 -0.014098 -0.00885389 0.00237626 -0.00244871 0.000514199 8.26816e-05 0.00639681 3.20516e-05 0.000579654 0.000379208 0.000232926 0.000498522 0.000356434 0.000660534 0.00274529 0.000503412 6.58757e-05 -0.000400434 0.000399074 -0.00183681 0.00609142 0.00388998 0.00432511 0.0127401 0.0176107 0.00314539 0.00246692 0.00322503 -0.000570716 0.0151016 0.000187078 0.00169906 -0.00355473 -0.00412306 -0.000735829 0.00521786 -0.00741104 0.00178394 0.000108268 -0.00089869 -0.00965229 5.11551e-05 0.00585276 -0.0165752 0.000223446 0.0131009 -3.75133e-05 -0.00492809 -0.0165323 0.00175573 -0.00264155 0.00281121 0.00439549 -0.0180689 0.00217567 0.000428828 -0.00196619 0.0137589 0.000479125 0.00650917 0.00847032 -0.0123031 -0.000807134 -0.00107466 -0.00415388 -0.00238095 -0.0154621 -0.00938297 0.000461761 0.0031062 -0.00131481 0.000108532 0.00058153 -0.00648189 0.00149986 0.000932596 0.000632331 0.0120256 -0.00133258 0.00166785 
0.000761129 -2.23019e-05 -0.00162539 -0.00273507 2.78385e-05 -0.000462316 0.000810454 -0.00295244 0.000331262 0.00111833 -0.000514575 -0.00123218 0.00485665 0.0011887 0.000457108 0.000724719 0.00729905 0.000681612 0.000825975 -0.0017515 -0.00306434 -0.00221997 -1.70976e-05 -0.00129429 -2.22883e-05 0.00244545 0.000214358 0.000179121 -0.000640921 0.000409823 -8.88765e-05 4.52951e-05 0.000189352 2.9422e-05 -5.10403e-06 3.88183e-06 -3.68162e-05 -9.10655e-05 -7.47801e-06 -0.00118502 0.000667686 -0.000467184 8.83821e-05 0.00439354 0.000577918 0.000297713 0.000846786 -0.00032831 -0.000321645 -2.15404e-05 0.000162334 -0.000137824 -0.00396107 -0.000870117 -0.00235849 7.16425e-05 0.000502854 -0.00020905 0.00011903 -0.00122777 0.00139547 0.000185112 0.00170473 -0.00239133 5.94145e-05 -5.99782e-07 0.00439595 -0.000549734 -0.00317466 -0.000128057 -0.00128168 -2.82342e-05 -0.000767366 -0.00349419 5.65184e-05 -6.09736e-05 -0.000527597 -0.000227393 0.000670193 0.00309105 8.79778e-05 -0.00211715 0.000752503 0.000125299 0.00097705 -0.000673821 -0.00375944 -0.00229359 -0.00011173 0.00327068 0.00187905 2.41579e-05 0.000417135 -0.00177828 -9.62065e-05 -0.000122083 -4.15998e-05 0.00320668 0.000935363 -6.39734e-05 
-0.000958832 -0.00614836 0.00568697 0.00288222 -0.00138545 -0.00240958 0.00265666 0.00585234 -0.000193658 0.0105576 -0.00103599 -0.00468065 -0.00034324 -0.00225836 -0.00144352 0.000344939 0.000681612 0.0448104 -0.00514829 -0.000884615 -0.00171421 -0.00582791 -0.00131918 -0.0018613 3.15966e-05 0.00358315 -0.00309519 -0.000391141 -0.000739388 -0.00177251 -0.000821838 2.26981e-05 9.05902e-05 -0.000397895 0.000355716 -0.00072497 -0.000131992 -0.00053365 0.000334575 3.08938e-05 0.000534573 -8.10189e-05 0.000569118 -0.000442371 -0.00276268 0.000150618 -0.000560636 -0.00335178 -0.00135817 -0.00195459 0.00172259 -0.000580942 -0.0110497 -0.00497627 -0.0114436 -0.00121079 -0.00456074 -0.00225503 5.97775e-05 0.0100517 0.00185374 -0.000732498 -0.00255149 -2.04259e-05 0.000300232 -0.00393753 -0.000249909 0.00757739 0.00547998 -0.000517222 0.00253476 -0.00163879 -0.00370762 0.00400811 0.00103024 -0.000399959 0.000885313 -0.006862 -0.000799202 -0.00111106 -0.0013318 0.00956714 -0.0038358 0.00215684 -0.0089535 -0.00531656 -0.00148447 0.00634033 0.000296293 0.00349291 0.000554943 0.000345342 0.000249291 0.000370013 -0.000109946 0.000197852 -0.000599599 -0.0013125 -0.0035785 0.00360933 
0.0292227 -0.0257314 -0.0411753 -0.0873666 0.0255318 -0.010123 -0.00190893 -0.0327653 0.00226648 -0.0156202 0.00791482 0.0198503 0.0252567 0.0216209 -0.00070294 -0.00641374 0.000825975 -0.00514829 0.199768 0.0603146 -0.0293663 0.05257 -0.00727994 -0.00441223 0.000192298 -0.000535998 -0.0172154 -0.000721686 -0.00392234 -0.00783032 -0.00676671 -3.82462e-05 -0.00456192 -0.00100879 -0.00200967 -0.00462625 0.000565057 -0.00173689 -0.000334794 -0.011411 -0.00313299 -0.0181884 -0.00191572 0.00810297 -0.00733386 -0.000312883 0.00479001 -0.0018084 -0.0107992 -0.00869347 0.000154136 4.47883e-05 -0.0137171 -0.0270463 -0.0812398 -0.0029169 0.0707441 -0.00361048 -0.000291036 -0.0491927 0.0058595 -0.00148784 0.0165557 0.0352077 -0.00070305 -0.0106474 0.00349327 -0.0164255 0.0157591 -0.00628405 -0.0408494 0.000853086 -0.0188085 -0.02013 -0.00120051 -0.00144379 -0.0121194 -0.0186071 0.00900287 -0.0267892 -0.00611008 -0.0113974 0.00502077 0.00395757 0.0316083 0.0259801 -0.020546 0.0493756 -0.00225988 0.00836826 0.0144378 -0.000370127 -0.000334984 0.0383696 -0.00367143 -0.00453465 -0.00261861 -0.0147424 0.0154742 -0.00604391 
-0.0432385 -0.0456121 -0.110114 -0.0331746 0.0187823 -0.0156514 -0.00558675 -0.0056963 -0.000311193 -0.0824205 0.0272847 0.0533337 -0.00910182 0.0231686 -0.00950413 -0.0082894 -0.0017515 -0.000884615 0.0603146 0.240488 -0.0421212 0.0591992 -0.0230925 0.00807653 -0.000690861 -0.0038653 -0.0576459 -0.00163329 -0.00314299 -0.00935302 -0.00488713 -0.00138424 -0.00821608 -0.00251782 -0.00353102 -0.00954001 -0.00265674 -0.00305066 0.000117979 0.0279862 -0.00489123 -0.00552093 0.000172758 -0.0196716 -0.0241515 -0.00399494 -0.00655151 0.000415962 -0.0162774 -0.0189344 0.00051404 0.0084187 0.0535195 -0.0368634 -0.127531 -0.00907145 0.0847482 -0.0211664 -0.000456871 0.00246445 -0.0311098 -0.00218896 0.0140277 0.0615796 -0.00111838 -0.0106745 -0.00898444 0.0347132 0.0746246 -0.00649771 -0.0571396 -0.00525357 -0.0123358 0.00314241 -0.000839491 -0.00214796 -0.0276521 -0.0207704 0.0263347 -0.0310009 -0.0124557 -0.0277092 -0.0108507 -0.0133544 0.0115281 0.0419374 -0.0211514 0.13475 -0.00825333 -0.0127935 0.0121097 -0.000694683 -0.00010545 0.123742 -0.00523079 -0.0061002 -0.00623873 -0.0330821 0.0209627 -0.00897552 
0.0915037 -0.0297839 0.0349542 0.0201641 -0.0281246 -0.00651959 0.000118558 0.0603356 -0.00275794 0.0919847 0.0168205 -0.0793741 -0.0275623 -0.0142554 -0.0179916 -0.014098 -0.00306434 -0.00171421 -0.0293663 -0.0421212 0.248928 0.067845 -0.0112206 -0.0817237 -0.000857838 -0.00174423 -0.00347101 -0.00356922 -0.0605797 -0.00703734 -0.0140659 -0.000793742 -0.00847355 -0.000985971 -0.00421629 -0.00880591 -0.00255422 0.00415457 -0.00252755 -0.0615556 -0.010053 -0.0292971 -0.00458922 -0.0173551 -0.012757 -0.00545482 -0.00443628 0.00249167 -0.0172439 -0.00601857 -0.00546919 0.0015974 -0.0123296 0.0444214 0.0698258 -0.00486637 -0.103651 -0.0166283 -0.000211283 -0.0671623 0.0566182 -0.00328571 0.00111382 0.0573511 0.000322488 -0.0457479 -0.0205866 -0.0933132 0.0254342 0.00699148 0.0745273 -0.0125609 -0.0519558 0.100205 -0.00212457 -0.00372017 0.0349379 0.0352102 -0.0275357 -0.00664484 -0.0059546 0.105702 0.0148442 0.00977091 -0.0559037 -0.00687586 0.085063 -0.03699 0.00241595 -0.00402666 0.0050091 -0.000431509 -0.00295824 -0.0665076 -0.00524002 0.00018279 -0.00421323 -0.0180398 -0.0106968 0.00290718 
0.0288386 -0.0399727 -0.0304695 -0.0224251 -0.00208339 -0.0295387 -0.00653341 0.0149863 -0.00133021 0.00761551 0.0248812 -0.0231046 -0.00999349 0.0166493 -0.00269935 -0.00885389 -0.00221997 -0.00582791 0.05257 0.0591992 0.067845 0.248124 -0.0180367 -0.024497 -4.51473e-05 -0.00384471 -0.0354642 -0.00388645 -0.0383088 -0.00772616 -0.00839089 -0.00127494 -0.0100881 -0.00162328 -0.00465 -0.0120463 -0.00296777 -0.00451747 -0.000481693 -0.00806129 -0.00813191 -0.0191043 -0.00180142 -0.0242135 -0.0215799 -0.00362267 -0.00701199 -0.00382562 -0.0161693 -0.0140556 -0.0045839 0.00639089 0.0344532 0.0243545 -0.0445898 -0.00628735 -0.0182689 -0.0192591 -0.000455122 -0.0309317 0.0023164 -0.00145762 0.0184709 0.0887128 -0.00134468 -0.0305175 -0.0209536 -0.00664784 0.0207468 -0.00544431 -0.0160771 -0.0107075 -0.0202374 0.0758557 -0.00300921 -0.00415368 -0.0110635 0.00613571 -0.00915451 -0.0479699 -0.0129956 0.0491696 -0.00590883 -0.00705577 -0.0511676 0.00572672 0.021373 0.0571799 -0.00621321 -0.0145126 0.00634795 -0.000344183 -0.00299244 0.0492927 -0.00307581 -0.000334989 -0.0059654 -0.0564841 -0.00656308 -0.0100293 
-0.00876429 0.0280334 0.0202516 -0.00562945 -0.00284139 -0.0034737 -0.000813472 -0.0129639 -0.000157707 -0.00531775 -0.00527626 -0.00993209 0.00184707 -0.00325319 0.00180749 0.00237626 -1.70976e-05 -0.00131918 -0.00727994 -0.0230925 -0.0112206 -0.0180367 0.0568013 -0.000685855 0.000163565 -0.000586642 0.0383644 0.00331864 0.00536532 0.0060485 0.00118169 0.000247118 0.00722985 0.000116338 -0.000580009 0.0136661 0.0032915 5.5348e-05 -0.000517146 -0.00287339 0.00051817 -0.000404803 0.000204125 0.0107134 0.0147332 0.00314023 0.00734014 -0.00427209 0.00564762 0.00624104 -0.000574628 -0.00193316 -0.0160012 -0.00286139 0.0161818 0.00736169 -0.0083847 -0.00124465 0.000208385 -0.00561055 -0.0107899 0.000887743 -0.00337531 -0.0286503 9.85963e-05 0.0197792 0.00752205 -0.00110604 -0.0302463 -0.000735913 -0.0058281 0.0153869 0.0139549 -0.027402 -4.29944e-05 -0.000351406 -0.00434928 -0.00684974 -0.00350749 0.000452309 0.011911 -0.0168023 -0.00464506 -0.00174498 0.0225514 -0.00341715 -0.021675 -0.0236684 0.00506345 -0.00109647 -0.00222716 8.79517e-05 0.00114887 -0.0178222 0.00234979 -0.00083334 0.00113008 0.0215868 -0.00288367 -0.000396315 
-0.0399188 0.0152815 -0.00422378 0.0387224 0.00874528 0.00803003 -0.00230123 -0.0534561 -0.000370805 -0.050423 -0.0201523 0.0431958 -0.00452901 -0.00503556 0.0166076 -0.00244871 -0.00129429 -0.0018613 -0.00441223 0.00807653 -0.0817237 -0.024497 -0.000685855 0.167471 0.00053138 -0.00249762 -0.0137169 0.000464073 0.0360196 -0.00181547 0.0173251 -0.000742358 0.00631371 -3.26138e-05 -0.00101702 -0.00176597 0.000665287 0.00223318 0.00221982 0.0713936 -0.00222206 0.041465 -0.000454665 -0.0117029 -0.00115935 -0.00396227 -0.00314139 0.00877749 0.0265182 -0.00137643 0.00427787 0.000356316 0.0280082 -0.0152759 -0.0219755 -0.00362835 0.0254227 0.0175756 -0.000217262 0.0869631 -0.0564809 0.00232217 -0.00987643 -0.0348877 -0.000248362 -0.00380272 -0.00904415 0.0653878 -0.0133598 -0.00320391 -0.0384344 -0.0034763 0.0363891 -0.0272624 0.00237154 0.00359217 -0.0169065 -0.0135178 -0.00456313 -0.00874722 -0.00565414 -0.0743339 -0.0195248 -0.0052126 -0.00708559 -0.00796374 -0.0221097 -0.00127569 -0.00453866 -0.00484526 -0.0062272 -0.000190548 0.000467785 0.023735 0.00638504 -0.00481866 0.00246195 -0.0170779 -0.0153178 -0.00174742 
5.00171e-06 0.000135939 0.000621785 0.000399397 -0.000140327 -0.000219227 0.000225727 -0.000895674 6.56284e-05 -0.000695489 0.00011074 -0.000193711 0.00021204 1.02416e-07 0.0009029 0.000514199 -2.22883e-05 3.15966e-05 0.000192298 -0.000690861 -0.000857838 -4.51473e-05 0.000163565 0.00053138 0.00383081 4.71926e-05 -0.00010916 -2.33251e-05 0.000105361 0.000188583 6.28951e-05 8.05667e-05 -5.02463e-05 8.25764e-05 0.000123247 0.000199843 3.85445e-06 8.43192e-05 -1.50219e-05 -8.36465e-05 -3.00948e-05 0.000662181 1.31776e-05 8.04078e-05 0.000128123 0.00033075 0.000249736 4.24013e-05 0.000789272 0.000157741 -2.19214e-05 -1.46342e-05 -0.000633342 -0.000479194 -0.000749192 0.000147005 -0.000744502 -0.000152554 1.43376e-05 0.000419259 -0.00102588 0.000282294 -0.000120288 -0.00112513 2.31497e-05 0.00140554 6.13617e-05 -0.000762156 -0.00124067 0.000308525 -0.000538772 0.000320725 0.000775846 -0.000899179 7.71961e-05 8.58185e-05 -4.16393e-05 0.00066238 0.000221194 -3.16501e-05 0.000166983 -0.00114699 4.06715e-05 0.000263478 -0.00069475 -0.000578331 -0.00126247 -0.00039128 0.00013485 0.000312767 -0.000134606 1.30085e-06 2.25248e-05 -0.000683523 6.69744e-05 0.000357888 -2.55302e-05 -5.57352e-05 -0.000114922 0.000193487 
0.00328973 -0.0012972 0.00105981 -0.00456554 -7.22573e-05 1.02062e-05 0.001952 -0.00084353 0.000138693 0.00407982 -0.00113536 -0.00300403 0.00461616 -0.000699038 -2.85658e-05 8.26816e-05 0.00244545 0.00358315 -0.000535998 -0.0038653 -0.00174423 -0.00384471 -0.000586642 -0.00249762 4.71926e-05 0.01277 -1.74657e-05 -7.93628e-05 -0.00167386 -0.000307132 -0.000418862 0.000137041 -2.08583e-05 -6.78651e-05 -2.03057e-06 -0.000143848 -0.000104746 -4.09222e-05 -0.000104858 -0.00227838 0.00052949 -0.000698303 0.000200325 0.00434736 -0.000330148 0.000530769 0.000147818 -0.000365139 -0.000568025 -0.000535751 9.84246e-05 -0.00025895 -0.00653333 -0.00117914 -0.00197132 -0.000173828 -0.000180204 -0.000328313 4.67439e-05 -0.00125808 0.00358162 -7.69859e-05 -0.000396207 -0.00369541 0.000214978 -0.00111153 0.00366394 -0.000650108 -0.00179523 7.37634e-05 0.00158938 -0.000486504 -0.00116085 -0.000621097 -1.32286e-05 7.66082e-06 0.00189805 -0.00162856 -0.000774653 0.00466122 -0.000390525 0.000609194 0.000948887 0.00242509 -0.00148974 -0.0017875 -0.000280165 -0.00473147 -5.87301e-05 0.00425864 0.00236221 0.000180922 1.22698e-06 -0.0041468 -0.000198971 6.40849e-05 0.000207284 0.00235532 -0.000162612 0.000801332 
-0.024272 0.0532814 0.0591166 -0.00359292 -0.0101271 0.0023989 -0.000561841 -0.062114 -0.000168414 0.00644938 -0.0173811 -0.03559 0.00955395 -0.00386739 -0.00146048 0.00639681 0.000214358 -0.00309519 -0.0172154 -0.0576459 -0.00347101 -0.0354642 0.0383644 -0.0137169 -0.00010916 -1.74657e-05 0.149717 0.00349397 -0.00210418 0.00133076 -0.00359006 0.00105304 0.0080221 0.000752408 0.000805298 0.0103882 0.00177152 -0.000188304 -0.00181167 -0.0204694 0.0026829 -0.0040197 0.000566294 0.0201813 0.0324248 0.00554022 0.00821554 -0.00172114 -0.00247005 0.0253525 -0.00128992 -4.04927e-05 -0.011657 0.0193355 0.0474645 0.0153369 -0.0237469 0.0246796 0.000390043 0.00634374 -0.0142737 0.00194175 -0.00699763 -0.0697644 0.00117011 0.017572 0.00820361 -0.000710241 -0.0853981 -0.000432156 0.00336876 0.0138401 0.00494385 -0.00533387 7.64416e-05 0.00257479 -0.00572365 0.0363782 -0.010313 0.00787682 0.0122961 -0.0264764 -0.0113421 -0.00478702 0.0096034 -0.018652 0.00602557 -0.0596442 0.00532685 -0.00111421 -0.00400305 0.00026394 0.000458201 -0.0511525 0.00121576 -0.00404639 0.00883365 0.0464377 -0.00732505 0.000437373 
-0.00167959 0.000852448 -5.54095e-05 -0.00340138 -0.000487653 -0.000336524 -9.01139e-05 -0.00240678 6.18863e-05 -0.00188347 0.000432441 0.000296327 0.000804754 -0.000196666 0.000473086 3.20516e-05 0.000179121 -0.000391141 -0.000721686 -0.00163329 -0.00356922 -0.00388645 0.00331864 0.000464073 -2.33251e-05 -7.93628e-05 0.00349397 0.0110291 0.00426631 0.00471399 -0.000166463 0.000148895 0.00162661 0.00110225 0.000121469 0.00266359 0.000585767 5.23665e-05 -4.06706e-05 -0.000372344 -0.000194529 -0.000619517 -2.71192e-05 0.00138802 0.00170005 2.00372e-05 0.000119508 -0.000286297 0.00081158 -0.000203029 0.000212145 -0.000155707 -0.003776 -0.000659965 0.00114157 0.00065568 0.001246 -0.000428939 2.20141e-05 -0.000984262 -0.00241378 0.000286949 0.000393427 -0.00553612 -2.31132e-05 0.00152441 0.00263332 -6.5759e-05 -0.00199647 -0.000216023 -0.00183407 0.000306025 0.00160005 -0.00551654 -9.27837e-05 -6.43328e-05 -0.000163037 -0.00196836 -0.000376445 0.000618232 0.00154756 -0.00347839 -0.000706036 -0.000238276 0.00400714 -0.00108455 -0.0050165 -0.00260137 6.75785e-05 0.00044436 0.000404316 -2.25037e-05 0.000229655 0.000317824 -0.000162502 -5.88563e-05 0.000465578 0.00400307 -0.000420886 -7.16077e-05 
-0.0315975 -0.00856455 -0.0170595 0.00635281 0.00512986 -0.000376304 -0.000944414 -0.00894067 -0.000821012 -0.0352917 -0.00547608 0.0612658 -0.0097367 -0.00473022 -0.00220088 0.000579654 -0.000640921 -0.000739388 -0.00392234 -0.00314299 -0.0605797 -0.0383088 0.00536532 0.0360196 0.000105361 -0.00167386 -0.00210418 0.00426631 0.124025 0.0169638 0.00936809 -0.000388526 0.00910846 0.0030896 0.00100143 0.00467658 0.00267451 -0.000736557 0.00385526 0.0196084 -0.00169594 0.00819928 0.00194222 -0.000934811 -0.00418452 -0.0027211 0.000177515 -0.010453 0.00933955 -0.00639315 -0.00049806 -0.00426091 0.00616643 -0.0200231 -0.0023947 -0.00172447 0.0182933 -0.00432613 -0.000141335 0.0111056 -0.0307229 -0.000960012 -0.0035119 -0.0162618 -0.000273624 0.0243654 0.00819137 0.0275735 0.00828352 -0.00388588 -0.0229335 0.0083537 0.00966998 -0.0560242 -0.00140654 -0.00111829 -0.00836412 -0.0119605 0.00502665 -0.00140383 0.00590809 -0.0455989 -0.00903646 -0.00370646 0.0448005 -0.00043274 -0.042199 0.0264198 -0.00181407 -0.00290032 -0.00403161 -0.000195944 -0.000625508 0.036736 -0.000466384 0.00268987 -0.00140231 0.00257872 -0.00895225 -0.00135967 
0.000683933 -0.00268561 -0.00914637 -0.0156366 -0.0026921 0.00038657 0.000704393 -0.00099305 -1.35541e-05 0.000496018 0.0112292 0.00408167 -0.00107708 -0.00164654 -0.000241981 0.000379208 0.000409823 -0.00177251 -0.00783032 -0.00935302 -0.00703734 -0.00772616 0.0060485 -0.00181547 0.000188583 -0.000307132 0.00133076 0.00471399 0.0169638 0.0472563 -0.00122288 0.000140113 0.00166629 0.00491231 0.000372391 0.00814969 0.000231982 0.000974737 -0.000138166 -0.00708494 -0.00112912 -0.0031812 0.000554976 0.00499759 0.000122748 3.73282e-05 0.000299355 -0.00193816 0.000461466 -0.00307044 0.000399123 -0.000875708 -0.0080028 -0.000792818 0.00321691 0.000187578 0.00135245 -0.00193726 -4.53522e-05 -0.0076967 -0.00233575 0.000361343 -0.000423053 -0.0152656 -0.000111378 0.0103801 0.00845546 -0.0121279 0.00233153 -0.000729051 -0.00330135 0.00713517 -0.00153 -0.0177481 -0.00049744 -0.00039236 0.00387043 -0.00633376 -0.00124003 0.000692963 0.00945001 -0.003094 0.00256926 0.000232091 0.0153303 0.0014175 -0.0148382 -0.00565706 -0.000871221 0.00118808 -0.000254003 -8.39046e-05 0.000210695 -0.00144506 -0.000519139 0.00463111 -0.000142676 0.00594024 -0.000412133 -0.000702562 
-0.00776587 -0.000898696 0.000542846 0.0110961 0.00645963 -0.00161792 -0.000473729 -0.0038288 -6.20062e-05 -0.00667194 -0.00432011 0.0123269 -0.0021973 -8.67239e-05 0.00217035 0.000232926 -8.88765e-05 -0.000821838 -0.00676671 -0.00488713 -0.0140659 -0.00839089 0.00118169 0.0173251 6.28951e-05 -0.000418862 -0.00359006 -0.000166463 0.00936809 -0.00122288 0.0349364 -2.17669e-05 0.00261135 -8.98909e-06 -0.000251816 0.000816551 0.000340755 -0.000404835 -5.10961e-05 0.0147558 -0.000830677 0.0105412 -4.20349e-05 -0.00117172 -0.00108589 -0.000619633 -0.000262762 -0.00214144 0.00723534 -0.000922453 -3.22065e-05 -0.000780932 0.00255093 -0.0046645 0.000631323 -0.000555407 -0.00286546 -0.00150838 -1.41036e-05 0.0152571 -0.00992923 0.00177965 0.000814564 -0.00474068 1.10655e-05 0.0048936 0.00163959 0.00661916 -0.00748134 0.000850523 -0.00619195 -0.0001379 0.00722522 -0.0109042 0.000392403 6.76164e-05 -0.00287703 -0.00621408 0.00232357 -0.00335596 -0.000827622 -0.0130116 -0.00340218 -0.00105283 -0.00193091 -0.00425298 -0.0114666 -0.0012883 -0.000357605 -0.000866214 -0.00153268 -1.43465e-05 -3.03068e-05 0.00731823 0.00226001 -0.00069007 -0.000497854 -0.0035579 -0.00280084 -0.000646429 
0.000345082 0.000357413 0.000870181 -0.00149383 -0.000238384 0.00020719 0.00112441 -0.00137221 0.000288126 0.000421027 -0.000141587 -0.000843959 0.000796145 0.000108418 0.000510625 0.000498522 4.52951e-05 2.26981e-05 -3.82462e-05 -0.00138424 -0.000793742 -0.00127494 0.000247118 -0.000742358 8.05667e-05 0.000137041 0.00105304 0.000148895 -0.000388526 0.000140113 -2.17669e-05 0.00391401 -3.47853e-05 0.000397571 0.000194996 0.000184058 3.04636e-05 0.000116514 -2.71615e-05 -0.000597027 0.000339128 8.0793e-05 0.000411823 0.000464401 0.00115681 0.00153075 0.000274784 -9.79642e-05 -0.000168636 0.000167457 4.1987e-05 -7.90353e-05 -0.00254123 -0.000374491 0.00143797 0.000330806 -0.000651179 0.000962887 5.7397e-05 -0.000874042 -0.000913555 5.97179e-05 -0.000186885 -0.00245355 7.31147e-05 8.45476e-05 0.000532176 -0.00118188 -0.00148105 0.000413458 5.85801e-05 0.000254612 -0.000340493 -0.00159271 1.97886e-05 0.000119113 0.000183681 0.00110899 -0.000219893 0.00050944 0.000423692 -0.00117863 0.000660087 0.000558074 -9.41176e-05 -0.000655849 -0.000686735 -0.00158973 -2.30338e-05 0.00122552 -9.75689e-05 0.000119908 0.000132136 -0.00154939 4.02969e-05 0.000859064 0.000640528 0.000639964 -0.000145248 0.000356661 
-0.00569941 0.00358013 0.00592545 0.00249893 -0.00174282 0.000724867 0.00134967 -0.00754495 -5.20311e-05 -0.00492993 -0.00188692 0.00070104 0.00117212 -0.00130044 0.00143848 0.000356434 0.000189352 9.05902e-05 -0.00456192 -0.00821608 -0.00847355 -0.0100881 0.00722985 0.00631371 -5.02463e-05 -2.08583e-05 0.0080221 0.00162661 0.00910846 0.00166629 0.00261135 -3.47853e-05 0.0242283 0.00147315 0.000204177 0.00336611 0.00223544 -0.000193701 0.000159903 0.000805419 9.56998e-05 0.00383257 7.88129e-05 0.00146822 0.000302069 -0.000317621 0.000405084 -0.00130724 0.00416355 -0.000457706 -0.000227612 -0.000265083 -0.00326479 -0.00176601 0.00684984 0.000522338 -0.00129299 0.00171894 2.5126e-05 0.00525142 -0.00769884 -0.000161217 -0.000159318 -0.0151466 0.000168239 0.00532157 0.000407876 0.00616841 -0.0083211 -0.000458294 -0.00432542 -0.000387959 0.00443165 -0.00878336 -2.67034e-05 1.07086e-05 -0.00112958 0.00254346 -0.000628007 -0.000593785 0.000155831 -0.00927986 -0.00223624 -0.00087982 0.0064672 -0.0027288 -0.00534927 -0.00651002 0.000558529 0.000982614 0.000425753 -4.21529e-05 0.000245448 -0.00280941 0.000550883 -0.000293913 -6.36755e-05 0.00233271 -0.000644862 -0.00020958 
-0.000308457 -0.00126615 -0.000849788 -0.00325503 -0.000624835 0.000593484 0.00075907 -0.00109378 0.000289403 -0.000444457 0.00129906 0.000612356 0.000205181 0.000176576 0.000176848 0.000660534 2.9422e-05 -0.000397895 -0.00100879 -0.00251782 -0.000985971 -0.00162328 0.000116338 -3.26138e-05 8.25764e-05 -6.78651e-05 0.000752408 0.00110225 0.0030896 0.00491231 -8.98909e-06 0.000397571 0.00147315 0.00925423 0.00013298 0.00113743 0.000204076 0.000166474 2.69653e-05 -0.0011632 -9.19214e-05 -0.000265471 0.000125605 0.00151306 0.000337006 0.000721973 0.000119856 0.000181064 0.00129311 -0.000332409 3.16383e-05 0.000244642 -0.00430501 -0.000218531 0.000559966 0.000995008 -3.98663e-06 0.00024191 7.93136e-06 -0.00160374 -0.000787634 0.000434187 -0.000111346 -0.0037658 -1.19593e-05 0.00188837 0.000858942 -0.00401071 -0.001086 -0.000208537 -0.000569497 0.000306436 -0.000837886 -0.00364016 3.86618e-05 -8.15854e-05 0.00135165 -0.00113655 -0.000409646 0.000383127 0.00156464 -0.00163732 0.000978907 0.00117324 0.00269975 0.000846638 -0.0021012 -0.00274353 -0.000150781 0.000701967 -0.000151983 7.31293e-06 8.52592e-05 -0.00222763 -4.71905e-05 0.000717378 3.0964e-05 0.0001343 -0.000230716 0.000192858 
