0.157387 0.0497012 -0.00623431 -0.028847 0.0034341 0.00971283 -0.000913566 0.00174272 0.00443741 0.00459187 0.00774956 -0.00433387 -0.00564172 -0.00928241 0.000225427 -0.0203156 -0.0134007 -0.00728678 -0.0126969 -0.0154801 0.00957803 -0.000893579 -0.020876 -0.0164423 0.0135723 -0.00281399 -0.0108611 -0.00127127 0.0272439 -0.00284208 -0.0417418 0.00257265 -0.0625522 0.00371697 -0.0159448 -0.0571678 -0.0108682 0.0329224 -0.055034 -0.00275504 -0.000191486 -0.00649136 0.0448187 0.0334539 0.0406198 0.0044688 0.0430446 -0.00395043 -0.0291299 0.053888 0.017988 0.0247414 0.000605076 -8.05905e-05 0.0135358 0.031671 0.000834431 -0.0109316 -0.00460972 -0.00619711 -0.00600753 0.000684251 7.85884e-05 -0.0325269 -0.0180108 0.0505004 -0.000243438 0.000270429 -0.0263222 0.0117905 -0.00519991 -0.00340182 0.00642262 -0.0017237 -0.036784 -0.0109157 0.00604974 0.000688548 0.0100639 0.0128204 -0.0504401 0.00142113 0.00924722 -0.052322 0.00826777 -0.0448795 -0.00205702 0.048889 0.00558494 -0.000944952 -0.00401831 -0.00979966 -0.0168849 -0.00664059 -0.00608776 0.0299357 0.00160046 -0.0350142 -0.0138888 0.0296203 
0.0497012 0.195045 -0.011023 -0.0703268 0.00618175 0.0131855 0.00352724 0.00945224 0.00391814 0.0192453 0.0239501 -0.0104709 -0.011499 -0.0286377 -7.67231e-05 -0.0892062 0.0483811 -0.0181427 -0.0250897 0.0225798 -0.0113138 -0.00173699 0.0189691 -0.0203827 -0.00740406 -0.00928777 -0.00728574 -0.00172673 0.0347991 0.0207513 -0.0759555 -0.00369446 -0.0953498 -0.00257661 0.0345386 -0.0435115 0.02432 -0.0242743 -0.0684932 0.00130927 -0.00824875 0.00306915 0.0712873 0.0681246 0.0543514 0.0169418 0.106945 -0.00361867 -0.0504927 0.127926 0.0184805 -0.00598168 -0.00530974 0.000823345 0.0139603 0.0757885 0.0231554 0.0313053 0.0437779 -0.0654514 -0.00896388 -0.00213735 0.000143608 -0.0461586 -0.0142737 0.0354097 -0.000301482 -0.00360827 -0.0357295 0.0122914 -0.00439258 0.00955764 0.00353839 0.0022818 -0.108292 -0.0256649 -0.0141052 0.00274862 -0.0181031 0.0137959 -0.0835218 0.00206515 0.0315185 -0.0702225 0.0169481 -0.0988322 -0.000818081 0.00707692 0.00742176 0.00133815 0.0320157 -0.0158705 -0.0120348 -0.0135978 0.0251912 0.0379848 -0.0129428 -0.0615585 -0.0639733 0.0645519 
-0.00623431 -0.011023 0.0410896 0.011932 -0.000470593 -0.00308182 -0.000458662 -0.000355271 -0.000242872 -0.00350491 -0.00397546 0.00335882 -0.00104564 0.00106558 -2.84287e-05 0.00755464 -0.0081871 0.00087537 -0.00272215 -0.00525455 0.00052325 0.000577193 -0.00410497 0.000664226 0.000630308 0.00106999 -0.00230589 0.00173776 -0.00261258 -0.00267684 0.0127038 0.000842583 0.0122853 0.00172104 -0.00984412 0.0158003 -0.0064571 -0.00280326 0.00697098 0.000812706 -0.00179094 -0.0012761 -0.0093152 -0.0114918 -0.00363837 -0.00320545 -0.0133339 0.00128206 -0.00263032 -0.015095 -0.000876218 -0.0026929 -0.00257266 -6.0377e-05 -0.00215442 -0.00902966 -0.000691088 -0.00321055 -0.00901833 0.00701396 0.000603625 -0.000297077 -2.52425e-05 0.0135264 -0.00162811 -0.00824784 -0.000132264 -0.002097 -0.00222827 -0.00126017 -0.000135654 -0.00149891 -0.000687824 -0.000761365 0.0139665 0.0040747 0.000687094 -0.000501308 0.00303572 0.00730058 0.0120335 -0.000285602 -0.00583991 0.0114615 -0.0014277 0.0205254 -0.000576162 -0.00118871 0.000561194 -0.000253806 -0.0065144 0.00316498 0.00615119 -0.00212424 -0.00305035 -0.0110339 -0.0027552 -0.00167393 0.00751144 -0.00941759 
-0.028847 -0.0703268 0.011932 0.202654 -0.00786005 -0.062494 -0.00126415 -0.00562041 -0.00230571 -0.0218801 -0.0282602 -0.00956858 -0.000729013 -0.00407514 -0.000113649 0.0844929 -0.0437786 0.0184217 0.0450947 -0.0323965 0.00837252 -0.000665384 -0.0335141 0.0226893 0.010897 -0.0261576 -0.00871319 -0.00111589 -0.0203848 -0.0109377 0.0935121 0.00383046 0.117735 -0.00456205 -0.0511896 0.0478096 -0.0122573 0.0367776 0.0401897 0.00494148 -0.0126643 -0.0136924 -0.0499635 -0.0660469 -0.021999 -0.0184861 -0.0793764 -0.00357609 0.0648538 -0.100876 -0.0301017 -0.000633058 -0.0118336 -0.000470551 -0.00806905 -0.0575944 -0.0268729 -0.0210529 -0.0622416 0.121438 0.00263506 0.00174825 -0.000138938 0.0519801 -0.00415027 -0.0596539 -0.000877106 -0.00762448 -0.0416178 -0.00719253 -0.0053485 0.0106258 -0.00315127 -0.00394687 0.0883098 -0.024614 -0.0158953 -0.00355463 0.0125196 0.00933252 0.123345 -0.00194168 -0.0288944 0.0680771 -0.00284705 0.0955882 -7.25635e-05 -0.0142626 -0.00982991 -0.00189681 -0.0405904 -0.0167803 0.0152143 -0.0118287 -0.018985 -0.0504057 0.00823437 0.0462906 0.0404339 -0.059308 
0.0034341 0.00618175 -0.000470593 -0.00786005 0.0691521 -0.00812316 0.00132301 -0.000179267 0.000295432 -0.00153451 0.00836813 -0.00244508 0.0088968 0.000652347 0.000426665 0.00026734 0.00118047 0.0019477 -0.00480723 0.00639291 -0.00150292 -0.000351716 0.00276275 -0.00208979 -0.00329739 -0.00612677 0.0132724 0.00103052 0.00130236 0.00202917 -0.00395799 -0.00118982 -0.00113586 -0.000583998 0.00395178 -0.0168043 0.0102639 0.0102011 0.0186648 0.00326258 -0.00358755 -0.00332081 0.00117523 -0.00544155 0.00108195 -0.00386071 0.00592202 0.0014927 0.00985478 0.00404574 -0.00823941 3.93059e-05 0.0288265 0.000104415 -0.00126568 -0.00270961 0.00194878 0.00462793 -0.0052392 -0.0102613 -0.00100355 -0.000352946 -5.0646e-06 -0.0102622 -0.00206404 -0.0168514 0.000331536 -0.0021909 -0.011618 -0.000269336 0.00185164 0.00615909 0.00106574 0.000377263 -0.0292291 -0.00616829 -0.0101613 -0.000198316 -0.00503577 0.00422249 -0.00930876 0.000122645 0.0101169 -0.0169465 0.00328423 -0.0179253 -0.000896135 -0.00623137 -0.000908302 -0.000184418 -0.000214732 -0.00122551 -0.00699033 0.000282743 0.0008024 0.0118495 -0.00438981 0.00277775 0.00186101 -0.0124667 
0.00971283 0.0131855 -0.00308182 -0.062494 -0.00812316 0.209438 0.000825212 -0.00560954 0.00164116 0.0173517 -0.0179316 0.0138048 0.0192043 0.0848248 -0.000209352 -0.0111546 -0.0509861 -0.00945886 -0.0245133 -0.0344928 -0.0195589 8.00071e-05 -0.0332167 -0.0255173 -0.00595121 0.0123617 -0.00167702 0.000411064 -0.00518896 -0.00577578 -0.0187769 -0.00717352 -0.0257697 0.00294621 -0.0350433 -0.0250786 -0.0501338 -0.0532049 -0.0610459 -0.0101166 0.0271352 0.0106445 0.0519212 0.0633487 0.00606952 0.0214176 0.0426151 -0.00354557 -0.0205943 0.016791 0.0421094 -0.00787609 -0.00712274 -0.000444144 -0.00858601 0.0624775 -0.0270348 -0.0336109 -0.0113229 -0.0613794 0.000973705 -0.00163201 -1.05024e-05 0.00846745 -0.0200002 0.0935525 -0.000625665 0.0101172 0.0910898 0.00592838 0.00288033 -0.00162007 4.82241e-05 -0.00220874 0.0205868 0.0695811 -0.0174012 0.0018306 -0.0233779 -0.00330392 -0.0462311 -0.0028052 -0.037353 -0.0148512 0.000595413 -0.0349758 -0.00626572 -0.00960022 0.00808724 0.000915587 0.0141439 0.0336092 -0.0614694 0.00702924 -0.0208339 -0.0553879 -0.0129682 0.00228406 0.0226341 0.0410511 
-0.000913566 0.00352724 -0.000458662 -0.00126415 0.00132301 0.000825212 0.0178585 0.000996096 0.000689006 -0.000604364 -0.00107659 0.000650788 -6.39961e-05 -0.000679636 6.66788e-06 0.000714268 -0.00379067 -4.22384e-05 -0.000281363 -0.00136418 0.000306846 0.000270233 -0.00201289 -0.0012757 -3.76697e-05 -0.000291728 -0.00102857 0.000215327 0.000655335 -0.00104342 -0.000852528 0.000184094 -0.000374248 -5.44718e-06 -0.0035159 -0.00318307 -0.000923492 0.000189006 -0.00748971 0.000370476 0.000145438 5.6977e-05 0.00141684 -0.000278031 0.00481531 -0.000667628 0.00127 0.0019583 0.00564757 -0.000759542 -0.00139444 0.000477668 -0.000629178 0.000253989 0.00183562 0.00012933 -0.000546968 -0.00172755 -0.00127084 -0.000883475 0.00298505 -9.07571e-06 -6.50641e-06 -0.000270707 -0.000608981 -0.00303734 0.000404134 0.00065531 0.000291071 -0.000136353 -0.000190712 0.00452109 -5.40536e-05 0.00255495 -0.00270044 0.00025773 -0.00231707 0.000296137 -0.00100197 0.00143586 0.000350435 0.000129547 -0.00128492 -0.000224639 0.00272645 -0.00407848 -8.63974e-05 0.00203845 -0.000253649 4.65404e-05 -0.000336602 -0.00112839 -0.00403286 -0.000840036 0.000243729 -0.00319319 0.00286667 0.00275597 -0.00205433 -0.00277011 
0.00174272 0.00945224 -0.000355271 -0.00562041 -0.000179267 -0.00560954 0.000996096 0.0212055 9.08389e-05 0.0021301 0.0063197 -0.00021653 -0.000953777 -0.00553044 9.17133e-05 -0.00716683 0.0040102 -0.00177875 -0.000189931 0.00531606 -0.00115677 -0.000130692 0.00575303 -0.00187663 -0.000888961 -0.00098813 -0.00152619 -0.000137943 0.00195369 -0.00060261 -0.00513964 0.000880316 -0.00769447 0.000908472 0.00423337 -0.00347165 0.00790994 -0.000846336 -0.00388696 0.00401746 -0.000984556 -0.000399496 0.00266085 -0.000933981 0.00745706 -0.00154503 0.00804856 0.000435057 -0.00593068 0.0108803 -0.00301505 -0.000631456 -0.00131204 2.27669e-06 3.98256e-05 0.00222654 0.00436298 0.00203582 0.00398717 -0.00541435 -0.000449852 3.26575e-05 5.75556e-06 -0.00387043 -0.00114472 -0.00353635 0.000179507 -0.000238114 -0.00526415 -0.000240848 0.000528496 -0.000247278 -3.74097e-05 -0.000220057 -0.0077226 -0.00457273 -0.000423442 -5.95049e-06 -0.000853988 -0.00116349 -0.00724192 0.00162351 0.00865289 -0.00494405 0.000668979 -0.00602036 0.000472303 0.00494556 0.000752095 0.000366377 0.000155157 -0.000594333 -0.00252023 -0.00108392 0.0020486 0.00559313 -0.00147555 -0.00531626 -0.00591158 -0.00395891 
0.00443741 0.00391814 -0.000242872 -0.00230571 0.000295432 0.00164116 0.000689006 9.08389e-05 0.011343 -0.000510316 -0.000425034 -7.2246e-05 0.00010322 0.00180184 0.000134441 -0.0020059 -0.00118895 -0.000258338 -0.000995836 -0.00133957 0.000498028 -2.27987e-05 -0.0014488 -0.000962149 0.000220611 0.000408232 -0.000320555 0.000137546 0.00253819 0.000699758 -0.00238177 0.000530166 -0.00322033 0.000783297 -0.0022443 -0.00321997 -0.00159264 -0.000561027 -0.00539154 -0.000381809 -0.000259997 -7.66438e-05 0.00181345 0.0017193 0.00279832 0.00181779 0.00283747 0.000314908 -0.00125642 0.0020578 0.000829642 -0.000114979 0.000229701 4.35768e-05 0.00190266 0.00162485 0.00107344 -0.00110245 -0.000932551 -0.00266288 -0.000196348 0.000127451 6.35606e-05 -0.0015726 -0.000721559 0.00154043 5.65378e-05 0.000611019 -0.000389374 0.000839615 0.000657582 0.00189548 0.000360104 0.00128229 -0.00375619 -0.00143977 -0.00149003 0.000225769 -0.00142728 0.000432758 -0.00327671 0.000186538 0.000428298 -0.00251884 0.00258208 -0.00358361 0.000631588 0.00242485 -0.000233417 -6.39476e-05 -0.000289745 -0.000436966 -0.00295148 -0.000446316 0.000301938 0.000964335 -0.000229045 -0.00150839 -0.00254607 0.00163065 
0.00459187 0.0192453 -0.00350491 -0.0218801 -0.00153451 0.0173517 -0.000604364 0.0021301 -0.000510316 0.0763934 0.00886223 -0.00285049 -0.00362793 -0.0168397 -7.10164e-05 -0.028209 0.000789865 -0.00611036 -0.00666799 0.00285848 -0.00531441 -0.000865689 -0.00338342 -0.00670563 -0.00336563 -0.00778869 -0.00606907 -0.000492174 -0.0017161 0.0157395 -0.0243967 -0.00223594 -0.0299233 -0.000674383 0.0257981 -0.0232083 0.000537811 -0.0128702 -0.0315522 0.00112867 0.0184269 0.0189146 0.011025 0.0432819 0.00356371 0.00930244 0.0349224 0.00261419 -0.0210517 0.040465 -0.0108348 -0.00590573 -0.000620527 -0.000102335 -0.00175184 0.0175606 -0.00553236 -1.25692e-05 0.0281554 -0.0235677 -0.0031443 -0.000722601 0.000147243 -0.0138851 -0.00722124 0.0307141 0.00101703 -0.00128649 0.0151513 0.00285307 0.00234146 -0.00162045 -0.000857638 0.0025184 -0.0234665 -0.0144053 0.00762562 -0.00118953 -0.0055709 -0.00907158 -0.028053 -0.000448539 0.00549968 -0.0173941 -0.00208655 -0.0312664 -0.00170383 0.00169856 -0.000608661 0.00134127 0.0389509 -0.00496399 -0.00895904 0.0129226 0.000765388 -0.0032491 -0.00643362 -0.0199217 -0.0230058 0.0256822 
0.00774956 0.0239501 -0.00397546 -0.0282602 0.00836813 -0.0179316 -0.00107659 0.0063197 -0.000425034 0.00886223 0.099895 -0.00674348 -0.00369513 -0.0188418 0.000727897 -0.0338597 0.0400024 -0.0088292 -0.00943503 0.0329321 0.000181996 -0.00116396 0.0339856 -0.000385688 -0.00482974 -0.0102191 -0.00178603 -0.000189771 0.00716053 -0.000426302 -0.0257507 -0.00215758 -0.0358631 -0.00142297 0.0382876 -0.0217285 0.0389277 -0.013277 0.000489837 -0.0017662 -0.00495173 -0.00346322 -0.0176717 -0.00283674 0.00498351 -0.00691911 0.0038258 -0.00086082 -0.0275937 0.0369664 -0.0129579 -0.0061582 0.0161186 -9.31987e-05 -0.00521297 -0.0123228 0.0273192 0.021299 0.0333492 -0.0296841 -0.00426336 -0.000964258 -5.52288e-05 -0.0194252 0.00155659 -0.0131959 0.000308108 -0.00321229 -0.0281148 -0.00114344 0.00450349 0.0018747 -0.00130026 0.000929362 -0.0426713 -0.0157003 0.0231136 -0.00154097 0.00860382 0.0101076 -0.0227961 -0.000598504 0.053775 -0.0351746 -0.00300218 -0.0210789 0.000505963 0.00026489 -0.00221555 -4.01412e-05 0.0101875 -0.00794875 0.0232951 -0.00300234 0.00529921 0.0393314 -0.00693146 -0.0244305 -0.0235794 -0.00820674 
-0.00433387 -0.0104709 0.00335882 -0.00956858 -0.00244508 0.0138048 0.000650788 -0.00021653 -7.2246e-05 -0.00285049 -0.00674348 0.0674598 -8.1888e-05 0.0113429 -2.70196e-05 -0.00989334 -0.0109378 -0.00493041 0.00140187 -0.00743041 -0.00301158 0.00101495 -0.00869502 -0.00607728 -0.00202345 0.0266081 -0.00326764 -0.00034632 -0.000200651 -0.00344268 -0.0104668 0.00501276 -0.0129368 0.00770658 -0.0117401 0.0031728 -0.0127796 -0.0100633 -0.0126987 0.00132032 0.00822341 -0.000621946 0.00841758 -0.00284837 -0.0049192 -0.00143763 -0.0157963 0.00919745 -0.0148406 -0.0192317 0.00809511 0.00659847 -0.00422626 0.000466343 -0.0021132 -0.00512137 0.00402011 -0.00512648 -0.0117967 -0.00565742 0.00046262 -0.000565626 -4.42107e-05 0.00809648 -0.00234657 0.00860053 -0.000129415 0.00171401 0.0174103 -0.000292527 -0.00166328 -0.00507804 -0.0006029 -0.00121812 0.0281525 0.00726014 0.00408726 0.00447594 -0.00140182 -0.00815905 -0.00921224 -0.000258902 -0.00999618 0.0256797 -0.00264884 0.0191774 -0.00136235 0.0182726 0.00958393 -0.000104585 -0.00799084 0.0159819 -0.00938605 -0.00330766 -0.00438283 -0.0145063 -0.00163514 -0.0110162 0.0132013 -0.011231 
-0.00564172 -0.011499 -0.00104564 -0.000729013 0.0088968 0.0192043 -6.39961e-05 -0.000953777 0.00010322 -0.00362793 -0.00369513 -8.1888e-05 0.0422985 0.0211239 0.000333729 0.0217589 -0.00958513 0.00262294 -0.00297663 -0.00566186 -0.00326246 -0.000342667 -0.00403877 -0.00334305 -0.00102447 0.000177574 0.0129617 -0.00016857 -0.00440693 -0.00255913 0.0153537 -0.00155843 0.0178555 -0.000455127 -0.0102635 -0.00328714 -0.00661319 -0.00296063 0.00674045 -0.00151886 -0.00100169 -0.00263625 -0.00810289 -0.0124159 -0.00384268 0.0016103 -0.012019 -0.00186733 0.0172199 -0.0156372 -0.00403945 -0.00102425 0.00964388 -7.11791e-05 -0.00232174 -0.00300338 -0.00504059 -0.00505756 -0.010994 -0.00634509 0.00142316 0.000288356 -2.88089e-05 -0.000430194 -0.00355134 -0.00619221 -0.000139052 0.00471397 0.013995 -0.000934731 -0.000481247 0.00246522 -0.00065707 0.000374778 0.00836164 0.0234662 -0.00472209 -0.000481435 -0.00358965 -0.00421884 0.000807421 -0.000487332 -0.00602955 -0.0101811 -0.0012943 -0.014044 -0.000675496 -0.00484266 -0.00170515 -0.000192232 -0.00554076 0.007769 -0.0108527 -0.00228862 -0.00335396 -0.00935191 -0.00266104 0.0222825 0.0114586 -0.00959896 
-0.00928241 -0.0286377 0.00106558 -0.00407514 0.000652347 0.0848248 -0.000679636 -0.00553044 0.00180184 -0.0168397 -0.0188418 0.0113429 0.0211239 0.212198 0.000401914 0.0433395 -0.0506597 0.000836322 0.00313608 -0.0323841 -0.0209734 -0.00121256 -0.0245472 -0.0202171 -0.00664526 0.0362183 0.0146667 0.00219594 -0.0167674 -0.0138755 0.0226275 -0.0100833 0.0327757 0.000701131 -0.0443227 0.00781077 -0.0339136 -0.0233843 0.00339369 -0.00866206 -0.00350217 -0.0141593 0.0134301 0.0093496 -0.0161876 0.00865928 -0.011538 -0.00639761 0.0254633 -0.0259742 0.0369098 -0.018286 0.000978629 -0.000538816 -0.0143331 0.0208388 -0.0360096 -0.0331328 -0.0566843 -0.020537 0.0130396 0.0011443 -0.000199646 0.0220016 -0.0127781 0.0431035 -0.00106073 0.0174462 0.065305 0.00474438 -0.00471634 0.00827374 0.000879179 -0.00481687 0.0345333 0.0424953 -0.0339066 -0.00432769 -0.0298381 -0.01524 0.00281512 -0.00332582 -0.0321663 0.00538652 -0.00903295 0.0333474 -0.00607085 -0.0123752 0.00521692 -0.000356747 -0.02976 0.018353 -0.0622211 -0.0144339 -0.0196474 -0.0289261 -0.0199638 0.0481669 0.0068878 0.00409742 
0.000225427 -7.67231e-05 -2.84287e-05 -0.000113649 0.000426665 -0.000209352 6.66788e-06 9.17133e-05 0.000134441 -7.10164e-05 0.000727897 -2.70196e-05 0.000333729 0.000401914 0.00199102 -3.7628e-05 0.000339764 -8.97511e-06 -4.76486e-05 0.000212134 0.000177234 3.71377e-05 0.000116472 -3.74813e-05 -1.43088e-05 -7.51085e-05 0.000205529 2.37555e-05 0.000159925 -9.73393e-05 -0.00010558 4.18296e-06 -9.5042e-05 3.9365e-05 -9.2725e-05 -0.000516826 0.00016549 -0.000240945 -0.000217361 -3.51281e-05 -9.5243e-05 -3.72342e-05 -0.000207942 -0.000257708 -7.19708e-05 3.62579e-05 -0.000467354 -4.20919e-05 6.95131e-05 -0.00024566 -0.000312002 -6.2993e-05 0.000602869 2.60874e-05 -3.52727e-05 -0.000316939 0.000299566 -3.31395e-05 0.00014309 -0.000391917 -3.62722e-05 -6.0275e-06 1.35983e-06 -0.000331789 0.000112929 -0.000383092 8.77981e-06 -3.86433e-05 -0.000271885 -3.90125e-05 0.000103755 0.000315734 3.07434e-05 -6.92088e-06 -0.000543143 -7.46827e-05 -5.96136e-05 1.45537e-05 -0.000215187 0.000241025 -0.000204756 7.24782e-05 0.000517859 -0.000560982 6.69388e-05 7.47335e-06 7.42827e-05 -0.000141943 1.42208e-06 2.37857e-05 -0.000253744 -8.39924e-05 -0.000375711 2.05115e-05 -8.2979e-05 0.000592367 -1.81537e-05 4.239e-05 -0.000398379 -0.000393574 
-0.0203156 -0.0892062 0.00755464 0.0844929 0.00026734 -0.0111546 0.000714268 -0.00716683 -0.0020059 -0.028209 -0.0338597 -0.00989334 0.0217589 0.0433395 -3.7628e-05 0.226324 -0.0677169 0.0299018 0.0381901 -0.0390574 -0.00107039 -0.000747486 -0.0340385 -0.00179169 0.0163953 -0.0259266 0.0057076 -0.000498096 -0.0335702 -0.0239687 0.14648 -0.00638728 0.144358 -0.00579155 -0.0552745 0.0282714 -0.0440556 0.0408979 0.0567015 -0.00931718 -0.0095371 -0.0200339 -0.0651302 -0.0981431 -0.0301597 -0.0120845 -0.0931504 -0.00971011 0.12726 -0.115569 -0.0400618 0.0100182 0.00289742 -0.000455809 -0.0018888 -0.0565687 -0.0445546 -0.0359573 -0.0851681 0.110834 0.000839787 0.0046216 -0.000227411 0.0126391 -0.0191235 -0.0522752 -0.0010412 0.00161065 -0.00599819 -0.00712216 -0.0141389 -0.00466527 -0.00286125 -0.00491026 0.107116 0.0474207 -0.002385 -0.00109402 0.0185882 -0.0278981 0.105458 -0.00372941 -0.0542551 0.0234612 -0.00845565 0.0535515 -0.00840129 -0.0136578 -0.0159443 -0.0022506 -0.0452688 0.000579923 -0.0130984 -0.0176241 -0.0262553 -0.0611327 0.0235309 0.13367 0.0778144 -0.0702176 
-0.0134007 0.0483811 -0.0081871 -0.0437786 0.00118047 -0.0509861 -0.00379067 0.0040102 -0.00118895 0.000789865 0.0400024 -0.0109378 -0.00958513 -0.0506597 0.000339764 -0.0677169 0.174355 -0.0179286 -0.0181299 0.0771215 0.0197253 -0.00223625 0.0748333 0.00295297 -0.00616751 -0.0172962 -0.00240061 -0.000306534 0.0176959 0.0294987 -0.0500874 -0.00566778 -0.0553895 -0.00116436 0.0851347 -0.014498 0.0535618 -0.0390454 0.00461346 0.00111423 -0.00946428 0.00926099 -0.0262207 0.00851048 -0.01004 -0.0140213 0.0137344 -0.00477949 -0.0668303 0.0517068 -0.025635 -0.010881 0.00473256 0.000204693 -0.00613527 -0.00238913 0.04874 0.0745533 0.0802568 -0.064516 -0.0101262 -0.00190977 0.000230376 -0.0373413 0.0267317 -0.0233896 0.000692231 -0.00987873 -0.0465622 -0.000243674 0.00606703 -0.0173453 -0.000846853 0.00261069 -0.0672365 -0.0326523 0.0262245 -0.00118188 0.0143374 -0.0251944 -0.0550142 0.00290466 0.0638371 -0.0662239 -0.00850705 -0.0345556 0.0162432 -0.0131631 -0.00131575 0.000725432 0.0224035 -0.0159226 0.0717579 -0.00131093 0.0428512 0.0746212 -0.00918648 -0.0556395 -0.0385219 0.00548298 
-0.00728678 -0.0181427 0.00087537 0.0184217 0.0019477 -0.00945886 -4.22384e-05 -0.00177875 -0.000258338 -0.00611036 -0.0088292 -0.00493041 0.00262294 0.000836322 -8.97511e-06 0.0299018 -0.0179286 0.0772291 0.00745951 -0.0107692 1.05581e-05 -4.1087e-05 -0.0110987 0.00278359 0.00254319 -0.00460712 0.00261645 0.000534799 -0.0069514 -0.00517765 0.0191382 -0.00232432 0.0301619 -0.00115986 -0.0127015 0.00638185 -0.0135561 0.0300955 0.0161972 0.000436272 -0.00325991 -0.00470588 -0.012246 -0.0185858 -0.00663769 -0.000215107 -0.0130303 -0.00147224 0.0340006 -0.0222068 -0.0024686 -0.00211877 0.00403436 -0.000133031 -0.00246988 -0.0122475 -0.0112127 -0.00930322 -0.0202529 0.0265777 0.000332776 0.00185084 -2.82044e-05 0.0148607 -0.000623352 -0.00991919 -0.000211591 0.00167654 -0.0110194 -0.000939432 -0.00117355 0.00147813 -0.00087298 -0.00143482 0.00539796 -0.00920686 -0.0126757 -0.00125205 -0.00954853 -0.0100309 0.0289249 -0.000633921 -0.0139741 0.0183279 -0.00154564 0.0129891 -0.00182954 -0.00753546 0.000392595 -0.000557675 -0.0068901 -0.00463366 -0.0154373 -0.00183289 -0.00640582 -0.0183277 0.0100575 0.0339584 -0.00332098 -0.00746425 
-0.0126969 -0.0250897 -0.00272215 0.0450947 -0.00480723 -0.0245133 -0.000281363 -0.000189931 -0.000995836 -0.00666799 -0.00943503 0.00140187 -0.00297663 0.00313608 -4.76486e-05 0.0381901 -0.0181299 0.00745951 0.0939382 -0.00798501 -0.00285382 -0.000565226 -0.0100887 0.00323442 0.00455568 -0.0119522 -0.00532644 -0.000660761 -0.00924861 -0.00537029 0.0524782 -0.00279508 0.0417061 -0.00159856 -0.012284 0.00515745 -0.00504775 0.00898882 0.00890822 0.00261864 -0.00447782 -0.00608606 -0.022822 -0.0281658 -0.00904053 -0.00629072 -0.0262321 -0.0012741 0.0326202 -0.0270396 -0.0177652 -0.00322375 -0.00354043 -0.000168883 0.00258011 -0.0213106 -0.01104 -0.00725667 -0.0253897 0.0571885 -0.0023157 0.00253403 -4.46157e-05 0.00381394 0.000695111 -0.0233845 -0.000351831 -0.000877554 -0.0130687 -0.00199889 -0.00353992 0.00106915 -0.000557638 -0.00210271 0.0368088 -0.0161131 -0.00218707 -0.00121904 0.00256871 -0.0127681 0.0486186 -0.00116967 -0.00977422 0.0181426 -0.0035645 0.0315432 -0.00252711 -0.00709905 -0.00476415 -0.000568435 -0.00921358 -0.00791361 -0.0151664 -0.00452018 -0.00744476 -0.0189208 0.000487305 0.0397845 0.0044042 -0.0210972 
-0.0154801 0.0225798 -0.00525455 -0.0323965 0.00639291 -0.0344928 -0.00136418 0.00531606 -0.00133957 0.00285848 0.0329321 -0.00743041 -0.00566186 -0.0323841 0.000212134 -0.0390574 0.0771215 -0.0107692 -0.00798501 0.1178 0.0112452 -0.00126956 0.0693762 -0.00761529 -0.00471084 -0.0137432 -0.00286892 0.000461815 -0.00176759 0.0218215 -0.0291061 -0.00404076 -0.0368122 -0.00160241 0.0802933 -0.00150876 0.0472747 -0.0250367 0.00669643 -0.0011634 -0.00571932 -0.00301714 -0.0247193 -0.0190355 -0.00930513 -0.010879 -0.0147124 -0.00391921 -0.0369604 0.0325035 -0.0172937 -0.00468404 -0.00396618 -3.31805e-06 -0.00274644 -0.0230677 0.0346449 0.0587136 0.0293186 -0.041031 -0.00425572 -0.00118006 -3.23707e-05 -0.0195833 0.00617976 -0.0269884 0.000101639 -0.00477105 -0.0320067 -0.00270339 -0.000644295 -0.00841512 -0.000672046 0.00231202 -0.0431371 -0.014226 0.0349111 -9.10984e-05 0.0242204 -0.00347613 -0.0439408 -0.00020546 0.0680981 -0.0391852 -0.00525188 -0.02122 0.00139002 -0.0115546 -0.00571514 -0.000751731 0.00864698 -0.00747247 0.0668303 -0.00454865 0.0303942 0.0407252 -0.0107696 -0.0317431 -0.0263749 -0.0245352 
0.00957803 -0.0113138 0.00052325 0.00837252 -0.00150292 -0.0195589 0.000306846 -0.00115677 0.000498028 -0.00531441 0.000181996 -0.00301158 -0.00326246 -0.0209734 0.000177234 -0.00107039 0.0197253 1.05581e-05 -0.00285382 0.0112452 0.0696906 0.000252266 0.00896838 -0.0025526 0.0200276 -0.00540648 -0.00017598 -0.000119913 0.0122935 -0.00219709 -0.00827211 0.00219937 -0.00771194 0.00120632 0.00549929 -0.0183409 -0.0102529 0.0132596 -0.0159312 -0.000579769 -0.00242578 -0.0003073 -0.00321278 -0.0186692 -0.00438293 -0.00187197 -0.0169986 0.000513542 -0.000778385 -0.019685 -0.00921651 0.0143721 -0.00387102 0.000168815 0.0048657 -0.0133548 0.0116351 0.00852672 0.00611337 0.0105802 -0.00275092 -0.00012128 6.18711e-05 -0.00540939 0.018687 -0.0110669 0.000469922 -0.00413077 -0.018363 -0.000372523 0.000800458 -0.00320133 -0.000579887 0.000330805 0.00742736 -0.0125245 0.0084883 -0.000102329 0.00318557 -0.00089119 -0.00723074 0.00184254 0.00323256 -0.0112174 0.00510932 0.0138542 0.00855419 0.00681395 -0.000746059 -0.000364747 -0.0102868 -0.00483716 0.0196139 -0.00279978 -0.00360028 0.00546757 0.0122289 -0.0141859 0.00647848 -0.0123217 
-0.000893579 -0.00173699 0.000577193 -0.000665384 -0.000351716 8.00071e-05 0.000270233 -0.000130692 -2.27987e-05 -0.000865689 -0.00116396 0.00101495 -0.000342667 -0.00121256 3.71377e-05 -0.000747486 -0.00223625 -4.1087e-05 -0.000565226 -0.00126956 0.000252266 0.0117419 -0.00149531 -0.000819829 -0.000192967 0.00189477 0.000568933 -3.43136e-05 -0.00111181 -0.000404567 -0.00151549 0.000655143 -0.00102395 0.000129157 -0.00272708 0.00421323 -0.00107554 0.000392457 -0.000593066 -0.000336006 -0.000298401 0.0020182 0.00137226 -0.000372681 -0.000435735 0.000271237 -0.0023816 0.00154868 0.000345598 -0.00351946 0.00253942 -6.63194e-05 7.3816e-05 0.000208346 0.000220855 -0.00115317 0.00055712 -0.000809921 -0.000574298 -0.000681311 0.00205191 -3.33443e-05 -8.81109e-06 0.00222763 -0.00104311 7.57622e-05 0.00011144 -0.000428495 0.00188799 -0.000322721 0.00039617 -9.31023e-05 -0.000170364 -0.00016952 0.000606994 0.000209971 -0.00141987 0.000695747 -0.00121688 0.00207931 -0.00203604 -0.000124217 -0.000959699 0.00414976 -0.000126597 0.000223584 0.000151955 0.00123076 -0.000227535 -4.71434e-05 -0.00054632 0.00299305 -0.00182101 -9.21598e-05 -0.000718176 -0.00269506 0.00319477 -0.00011536 -0.00247672 -0.00250898 
-0.020876 0.0189691 -0.00410497 -0.0335141 0.00276275 -0.0332167 -0.00201289 0.00575303 -0.0014488 -0.00338342 0.0339856 -0.00869502 -0.00403877 -0.0245472 0.000116472 -0.0340385 0.0748333 -0.0110987 -0.0100887 0.0693762 0.00896838 -0.00149531 0.117458 0.00558523 -0.00489596 -0.00872931 0.00242411 0.000303182 -0.000587163 0.0119166 -0.0279904 -0.00437622 -0.0281185 -0.00238963 0.0657448 0.000165443 0.0557096 -0.0233215 0.0276997 -0.00304516 -0.00642141 -0.00679428 -0.0303232 -0.0233579 -0.0100757 -0.0103394 -0.0171993 -0.00483352 -0.0356735 0.0175515 -0.0176495 -0.00892037 -0.00342949 -0.000183511 -0.00321594 -0.0250177 0.0304893 0.0443433 0.0476985 -0.0390292 -0.0033522 -0.00121956 -9.57575e-05 -0.0238969 0.0227764 -0.0278654 0.000830236 -0.00166911 -0.0242288 -0.00317039 0.00665736 -0.00713001 -0.00152065 0.000750014 -0.0483964 -0.0167461 0.0217318 -0.00199545 0.0127772 -0.00622858 -0.0261656 -0.000784395 0.0481348 -0.0418433 -0.00539503 -0.0183518 0.00283494 -0.00907865 -0.00612425 -0.000457604 -0.0013226 -0.00771975 0.0520869 0.000322418 0.0266656 0.0596819 -0.00967998 -0.027224 -0.0215491 -0.015416 
-0.0164423 -0.0203827 0.000664226 0.0226893 -0.00208979 -0.0255173 -0.0012757 -0.00187663 -0.000962149 -0.00670563 -0.000385688 -0.00607728 -0.00334305 -0.0202171 -3.74813e-05 -0.00179169 0.00295297 0.00278359 0.00323442 -0.00761529 -0.0025526 -0.000819829 0.00558523 0.0863044 -0.00280046 -0.00776343 -0.00316748 -0.000302056 -0.00278959 -0.00443545 0.015356 0.002137 0.029333 -0.00195365 -0.0109667 0.0220116 0.013554 0.00403569 0.0371636 -0.00132766 -0.00446251 -0.00470219 -0.0223119 -0.00979555 -0.00801151 -0.00664351 -0.022971 -0.00107574 -0.000278684 -0.0307811 -0.00721511 -0.00530352 0.00186356 -0.000162319 -0.00318498 -0.0208895 -0.00974957 -0.00340855 0.00382366 0.0181137 -0.0014218 -0.000726385 -6.55148e-05 0.00830086 0.0281482 -0.0213823 -0.000128125 -0.0044426 -0.0229355 -0.0016208 0.00689219 -0.00719977 -0.000688302 -0.00066392 0.00389485 -0.0170029 -0.00392583 -0.00141867 -0.00766329 -0.00744453 0.0479777 -0.0010623 -0.0101738 0.0148563 -0.00288162 0.0294913 0.000181734 -0.0107572 -0.00401109 -0.000607678 -0.0122066 -0.00691211 0.0139292 0.00710815 0.000828064 0.00697813 0.0047992 0.00196463 0.0174285 -0.00249639 
0.0135723 -0.00740406 0.000630308 0.010897 -0.00329739 -0.00595121 -3.76697e-05 -0.000888961 0.000220611 -0.00336563 -0.00482974 -0.00202345 -0.00102447 -0.00664526 -1.43088e-05 0.0163953 -0.00616751 0.00254319 0.00455568 -0.00471084 0.0200276 -0.000192967 -0.00489596 -0.00280046 0.04376 -0.00437804 -0.00256456 -0.000333299 -0.000704601 -0.00219783 0.00496421 -7.61973e-05 -0.00594132 -0.000561084 -0.00458825 -0.0122891 -0.00793316 0.0162529 -0.0194417 -0.000658658 -0.00100479 -0.00220482 0.000759463 -0.0122344 -0.00355046 0.000565891 -0.0106817 0.000554 0.00387846 -0.00966285 -0.00589486 0.0121877 -0.00314346 1.18923e-05 0.00552882 -0.00529169 -0.00164627 -0.00383562 -0.0103246 0.016235 -0.00155917 0.00096372 4.34168e-05 -0.00217607 0.000733507 0.00273142 -0.000106994 -0.00143176 -0.00992669 8.93905e-05 -0.00183383 -0.00197368 -0.000661341 -0.000684834 0.0149001 -8.45405e-05 0.00826662 1.35182e-05 0.00766896 0.00126162 -0.0024403 0.000478855 -0.00703067 -0.00636503 0.00185705 0.00166198 0.000651108 0.0105016 -0.0016182 -0.000260611 -0.00556241 -0.00199731 0.00557275 -0.00220104 -0.00344903 -0.00788658 0.00965579 -0.00431179 0.0122411 -0.00387779 
-0.00281399 -0.00928777 0.00106999 -0.0261576 -0.00612677 0.0123617 -0.000291728 -0.00098813 0.000408232 -0.00778869 -0.0102191 0.0266081 0.000177574 0.0362183 -7.51085e-05 -0.0259266 -0.0172962 -0.00460712 -0.0119522 -0.0137432 -0.00540648 0.00189477 -0.00872931 -0.00776343 -0.00437804 0.103249 0.00585944 0.000171255 0.00494958 -0.00574404 -0.0297829 0.00610798 -0.0302216 0.00970963 -0.0197476 0.0195608 -0.0104402 -0.00235113 -0.00581652 -0.00212224 0.00108149 -0.00456921 0.0198834 0.00946985 -0.00266163 0.0107821 0.00198191 0.00423478 -0.0111682 -0.00429797 0.0347657 0.000814017 -0.00680528 9.69496e-05 -0.00355898 0.00942411 -0.00345118 -0.0100857 -0.0109667 -0.0289213 0.0123667 0.000322392 -8.8675e-05 0.00319032 -0.00503244 0.0238261 -0.000289212 0.0145639 0.0382889 -0.00246238 -0.00155255 -0.00614682 0.000153417 0.000618653 0.0056986 0.021083 -0.0132735 0.000261918 -0.0156582 -0.0140143 -0.030192 0.000584833 -0.0160442 0.019513 -0.00205355 0.0170988 -0.00306816 0.0214019 0.0121399 0.00158117 -0.0169726 0.0222349 -0.0270208 -0.00407982 -0.00539787 0.00101513 0.000846409 -0.00650751 -0.019021 0.00746933 
-0.0108611 -0.00728574 -0.00230589 -0.00871319 0.0132724 -0.00167702 -0.00102857 -0.00152619 -0.000320555 -0.00606907 -0.00178603 -0.00326764 0.0129617 0.0146667 0.000205529 0.0057076 -0.00240061 0.00261645 -0.00532644 -0.00286892 -0.00017598 0.000568933 0.00242411 -0.00316748 -0.00256456 0.00585944 0.0746343 -8.51868e-05 -0.00555881 -0.00391279 -0.000682601 -0.0027039 0.00506157 -0.000743913 0.00163683 -0.01102 -0.00226369 0.0179294 0.0168892 -0.00168433 -0.00299003 -0.0044746 -0.00306378 -0.00992971 -0.00499237 -0.000148347 0.00245028 -0.000483434 0.0135283 0.00184604 -0.00312228 -0.00297351 0.0257592 -0.000111346 -0.00267863 0.00649724 -0.00490157 -0.00131373 0.00466945 -0.0100451 0.00022757 0.000199066 -4.05328e-05 -0.0100348 0.00432062 0.00169352 -3.13845e-05 -0.00115135 0.00701351 -0.000724647 -0.00149359 0.00169165 -0.000426627 -0.00144573 -0.0113637 0.00563197 -0.00826319 -0.0011648 -0.0087015 -0.0139062 -0.0120237 0.000316469 -0.00498838 -0.0161388 -0.00222652 -0.00859826 -0.00167942 -0.00467127 0.000287227 -0.00010006 0.000477707 0.00259503 -0.0133378 0.00472321 2.52802e-05 0.0126126 -0.00515559 0.00464043 -0.00782806 0.00108406 
-0.00127127 -0.00172673 0.00173776 -0.00111589 0.00103052 0.000411064 0.000215327 -0.000137943 0.000137546 -0.000492174 -0.000189771 -0.00034632 -0.00016857 0.00219594 2.37555e-05 -0.000498096 -0.000306534 0.000534799 -0.000660761 0.000461815 -0.000119913 -3.43136e-05 0.000303182 -0.000302056 -0.000333299 0.000171255 -8.51868e-05 0.00834471 -0.000542246 0.000508541 -0.000348333 0.000311422 0.00222162 0.00010346 -0.000707989 0.00269451 0.000244987 -0.00173337 0.00115275 2.90814e-05 -0.000303194 -0.000392019 -0.00176135 -0.0012147 -0.000665752 -0.000138967 -0.00231805 -0.000254852 0.000155951 -0.00230998 0.000562692 -0.000515695 4.75276e-05 -1.23962e-05 -0.00043718 -0.00166244 -0.000228547 0.000381314 -0.00173329 -0.00150257 0.00145715 -7.13787e-05 -6.72218e-06 0.000568993 3.36733e-05 -0.000716988 -6.16939e-06 -0.000372407 0.000996116 -0.000167741 0.000657953 0.0016019 -0.000125822 4.43126e-05 -0.000978515 -0.000151592 -0.00105642 -0.000109957 -0.000229146 0.00132163 0.000790348 -9.27012e-05 0.0012359 0.0010417 -0.000305012 0.00299091 3.91565e-05 -0.000592702 -9.14568e-05 -5.03872e-05 -0.000640881 -0.000152158 -0.000397642 -0.000199575 4.79198e-05 -0.000595951 -0.000604322 0.000111646 -0.000959416 -0.00167403 
0.0272439 0.0347991 -0.00261258 -0.0203848 0.00130236 -0.00518896 0.000655335 0.00195369 0.00253819 -0.0017161 0.00716053 -0.000200651 -0.00440693 -0.0167674 0.000159925 -0.0335702 0.0176959 -0.0069514 -0.00924861 -0.00176759 0.0122935 -0.00111181 -0.000587163 -0.00278959 -0.000704601 0.00494958 -0.00555881 -0.000542246 0.0915945 0.00560539 -0.0256322 0.00818935 -0.0301772 0.00365058 -0.00538928 -0.0239237 -0.0111606 -0.0126019 -0.0251817 0.000379109 -0.00401282 -0.00081051 0.0247996 0.0223683 0.0292739 0.00475847 0.0272297 -0.00127483 -0.0209364 0.0243918 0.00614033 -0.00202363 -0.00402169 0.000125292 0.00632659 0.0148276 0.0199688 0.0120893 0.00965565 -0.0234103 -0.00411245 -0.000178913 9.51794e-05 -0.0168419 0.0121066 0.00261023 -3.66187e-05 -0.00386609 -0.0249434 0.00241174 -3.60001e-05 0.00219962 0.00472639 0.00358053 -0.0263165 -0.0212102 -0.0130638 -0.00106503 -0.0114534 0.00518561 -0.0278507 0.00451829 0.00624503 -0.0185894 0.0134849 -0.00268574 0.00702218 0.010026 0.0145875 -3.84474e-05 -0.00453929 -0.00343024 0.00270911 -0.00348853 0.000325253 0.0179187 -0.00478283 -0.0246373 -0.0252682 0.0112216 
-0.00284208 0.0207513 -0.00267684 -0.0109377 0.00202917 -0.00577578 -0.00104342 -0.00060261 0.000699758 0.0157395 -0.000426302 -0.00344268 -0.00255913 -0.0138755 -9.73393e-05 -0.0239687 0.0294987 -0.00517765 -0.00537029 0.0218215 -0.00219709 -0.000404567 0.0119166 -0.00443545 -0.00219783 -0.00574404 -0.00391279 0.000508541 0.00560539 0.065172 -0.0198546 -0.00204892 -0.0216596 0.000566883 0.0190394 -1.26901e-05 0.0122154 -0.0139463 -0.0169107 0.00110181 0.000551813 0.00859439 -0.00739672 0.0201608 0.00178813 -0.00123246 0.0127062 2.89355e-05 -0.0208122 0.0216018 -0.0118504 -0.00467836 -0.00310982 -1.7605e-05 -0.000486358 0.00353308 -0.00178741 0.0286045 0.00841287 -0.0197861 -0.00209922 -0.000449028 0.000129751 -0.00849417 -0.00580175 -0.000219745 -0.000108784 -0.00231356 -0.00818857 -0.00166813 0.000247258 0.0021102 -0.000587104 0.00477021 -0.0198933 -0.015419 0.00190235 -0.000927841 0.0048161 -0.00817538 -0.0243663 0.00125121 0.0163821 -0.0136043 -0.00121364 -0.0228467 0.0026692 0.00157909 0.00139296 0.000217864 0.0201925 -0.00512114 0.0189503 0.00119457 0.0255868 -0.000692469 -0.00508029 -0.0163521 -0.0183766 0.00923612 
-0.0417418 -0.0759555 0.0127038 0.0935121 -0.00395799 -0.0187769 -0.000852528 -0.00513964 -0.00238177 -0.0243967 -0.0257507 -0.0104668 0.0153537 0.0226275 -0.00010558 0.14648 -0.0500874 0.0191382 0.0524782 -0.0291061 -0.00827211 -0.00151549 -0.0279904 0.015356 0.00496421 -0.0297829 -0.000682601 -0.000348333 -0.0256322 -0.0198546 0.209145 -0.00469055 0.151384 -0.00542413 -0.0544029 0.0377528 -0.0350518 0.0114432 0.0638626 -0.00349547 -0.0118719 -0.0174887 -0.0624901 -0.0832533 -0.0253162 -0.0161587 -0.0860085 -0.00786102 0.0921833 -0.101303 -0.0356606 -0.00904853 -0.0030215 -0.0005034 -0.0102526 -0.0491761 -0.0333278 -0.0281614 -0.0643801 0.0968085 -0.00693622 0.00236721 -0.000219447 0.0241009 -0.00066847 -0.0555623 -0.000824055 -0.0014668 -0.0167616 -0.00700768 -0.0139733 -0.00807405 -0.00295778 -0.00471227 0.104269 0.0235762 -0.00882612 -0.00276326 0.000945693 -0.0270585 0.125878 -0.00343497 -0.0464865 0.0384266 -0.0108763 0.0756585 -0.00489877 -0.0295874 -0.0137711 -0.0019533 -0.0426622 -0.0108055 -0.00492823 -0.0146228 -0.0219732 -0.0548733 0.00476503 0.112591 0.0751301 -0.063069 
0.00257265 -0.00369446 0.000842583 0.00383046 -0.00118982 -0.00717352 0.000184094 0.000880316 0.000530166 -0.00223594 -0.00215758 0.00501276 -0.00155843 -0.0100833 4.18296e-06 -0.00638728 -0.00566778 -0.00232432 -0.00279508 -0.00404076 0.00219937 0.000655143 -0.00437622 0.002137 -7.61973e-05 0.00610798 -0.0027039 0.000311422 0.00818935 -0.00204892 -0.00469055 0.0370119 0.00171033 0.00300428 -0.00794774 0.0066617 -0.00560779 9.80504e-05 -0.000317153 0.00104054 -0.00119326 -0.00130514 0.00260635 -0.00852784 0.00218728 -0.00171297 -0.00906375 0.000244332 -0.006636 -0.0101656 -0.002394 0.00456512 -0.00251866 0.000143963 -0.000380401 -0.00540947 0.00881536 -0.00270949 -0.00723988 0.00720231 -0.00128428 -5.83875e-05 -1.63345e-06 0.00263269 -0.00149517 -0.00668841 -0.000123895 -0.00108548 -0.00638711 -0.00109643 -0.000266559 -0.00066858 -0.000296011 5.65608e-05 0.0130288 -0.00419355 -0.00371255 0.00117425 -0.00106748 0.00623565 0.00258787 0.00168418 -0.00111682 0.0135038 0.000170506 0.0154061 -8.40361e-05 0.0100983 0.00381875 -0.000226252 -0.0058607 0.00586953 -0.000567022 -0.00187695 -0.0026027 -0.000226102 -0.000995346 -0.00345427 0.00453125 -0.0077783 
-0.0625522 -0.0953498 0.0122853 0.117735 -0.00113586 -0.0257697 -0.000374248 -0.00769447 -0.00322033 -0.0299233 -0.0358631 -0.0129368 0.0178555 0.0327757 -9.5042e-05 0.144358 -0.0553895 0.0301619 0.0417061 -0.0368122 -0.00771194 -0.00102395 -0.0281185 0.029333 -0.00594132 -0.0302216 0.00506157 0.00222162 -0.0301772 -0.0216596 0.151384 0.00171033 0.232562 -0.00661985 -0.0599111 0.0708894 -0.0353069 0.0111282 0.0952216 -0.00149313 -0.016302 -0.020025 -0.0795974 -0.0921425 -0.032548 -0.0182609 -0.10486 -0.00876045 0.104351 -0.135122 -0.0304361 -0.0157572 -0.00216867 -0.000637463 -0.0130433 -0.0692119 -0.0426401 -0.0306675 -0.0762093 0.10315 -0.000851486 0.00224671 -0.000278065 0.0567689 0.00666442 -0.0777524 -0.00109162 -0.00310636 -0.0178581 -0.00992078 -0.011369 -0.00202734 -0.00472831 -0.00450155 0.112497 0.0205826 -0.0277669 -0.00478338 -0.00755489 -0.0140991 0.156218 -0.00422918 -0.0537737 0.0730989 -0.0116555 0.101758 -0.00158202 -0.0395392 -0.0168812 -0.00248458 -0.0514374 -0.00786565 -0.00147222 -0.0163541 -0.0248992 -0.0616281 0.00506974 0.12094 0.0838281 -0.0783797 
0.00371697 -0.00257661 0.00172104 -0.00456205 -0.000583998 0.00294621 -5.44718e-06 0.000908472 0.000783297 -0.000674383 -0.00142297 0.00770658 -0.000455127 0.000701131 3.9365e-05 -0.00579155 -0.00116436 -0.00115986 -0.00159856 -0.00160241 0.00120632 0.000129157 -0.00238963 -0.00195365 -0.000561084 0.00970963 -0.000743913 0.00010346 0.00365058 0.000566883 -0.00542413 0.00300428 -0.00661985 0.0206529 -0.00239704 0.000565028 -0.00225439 -0.00177286 -0.0092487 0.00020983 0.000965626 -0.000665893 -0.00325983 -0.000507124 0.00203509 0.000147579 -0.00221186 0.000135171 -0.00520467 -0.00179186 0.00221203 0.000830811 -0.00154323 -3.19352e-05 -0.000726736 9.44137e-05 0.00177758 -0.00152705 -0.00417949 -0.00426598 0.000182109 0.00013159 1.45273e-05 -0.000597441 -0.00129821 0.00509477 0.000117798 0.00118346 0.00186554 0.000352596 5.45055e-05 -0.00100528 0.000306064 0.000948204 0.00534936 0.00277489 -0.00065717 0.000196621 -0.00210792 -0.00343797 -0.00647026 0.00250271 -0.000990774 0.00352282 7.76275e-05 0.00463439 0.000437847 0.00694663 0.00726123 3.67229e-05 -0.00118169 0.00516874 -0.00432034 -0.00104874 0.000946297 -0.00273734 -0.00124238 -0.00308101 -0.00313871 -0.00243302 
-0.0159448 0.0345386 -0.00984412 -0.0511896 0.00395178 -0.0350433 -0.0035159 0.00423337 -0.0022443 0.0257981 0.0382876 -0.0117401 -0.0102635 -0.0443227 -9.2725e-05 -0.0552745 0.0851347 -0.0127015 -0.012284 0.0802933 0.00549929 -0.00272708 0.0657448 -0.0109667 -0.00458825 -0.0197476 0.00163683 -0.000707989 -0.00538928 0.0190394 -0.0544029 -0.00794774 -0.0599111 -0.00239704 0.181555 -0.0220118 0.0639091 -0.0159771 -0.00345614 0.00244734 0.00138338 0.00521299 -0.0243727 0.00843506 -0.0123741 0.00123031 0.0195639 -0.00620252 -0.047875 0.0765238 -0.0367925 -0.0047716 0.00378346 -8.18708e-05 0.00165697 -0.00489389 0.022934 0.047873 0.0539663 -0.0539271 -0.00969169 -0.000875047 9.90743e-05 -0.039576 0.00265809 -0.00503391 5.89141e-05 -0.00642365 -0.0287919 -0.00188269 -0.00424651 -0.00728854 -0.000523865 0.00452915 -0.0675193 -0.0341074 0.0485071 -0.00243906 0.022506 -0.0175447 -0.0642709 -0.00198048 0.0619899 -0.0546419 -0.00756565 -0.0478294 -0.00385957 -0.00880967 -0.00593686 0.000367517 0.0571914 -0.0174412 0.0580857 0.00632189 0.0305909 0.0586323 -0.0187957 -0.0468613 -0.0492133 0.0129622 
