0.16894 -0.000735295 -0.0186564 -0.0117361 -0.0587752 0.126239 -0.000527586 -0.00699444 -0.00127966 -0.000661431 -0.10204 5.49042e-05 -0.0073895 -0.0414787 -0.00236969 -0.0345706 0.00187726 0.00454202 -0.0101831 -0.036078 0.0120681 -0.00164648 -0.024005 -0.0053123 -0.00410996 -0.00176146 -0.00184318 -0.00755683 -0.00336448 -0.000976207 0.000918329 -0.00980677 0.0711757 -0.000207032 -0.00860945 -0.0347697 0.0499801 -0.0238488 -0.0444021 -0.00203585 -0.0671089 -0.00057859 -0.00493667 -0.0681265 0.07534 0.124618 -0.00150478 0.0155255 -0.000724826 -0.00664919 -0.0169891 -0.00191765 0.100376 -0.000470307 0.00882805 0.00319347 0.00073546 0.00142927 -0.00245439 0.015059 0.117019 -0.00139734 0.00273002 0.0733992 0.0195688 -0.00620171 -0.0030467 -0.00235127 -0.00581744 0.0502803 -0.00098294 -0.00296951 -0.134386 -0.0674502 -0.000338851 -0.0737816 -0.0553051 -0.056309 -0.086013 0.0352345 0.0187977 0.113487 -0.00495102 -0.0337291 -0.0490686 0.00264372 -0.00556974 -0.000520603 -0.000512989 -0.012288 -0.00424584 0.021048 -0.0365039 -0.0067681 0.0291295 -0.00077583 -0.000479736 0.0294249 0.0359387 0.00135356 
-0.000735295 0.00424136 0.000421074 -0.000132106 -0.000358206 0.000324254 4.14798e-06 0.000459218 0.000603873 2.5326e-05 -0.000166885 4.69587e-05 -0.000102637 -0.000521732 2.15869e-05 -0.000392768 0.000215308 1.38955e-06 -0.000143571 -0.000543786 -0.000214922 -8.7965e-05 -0.000283027 -9.2165e-05 -9.66973e-05 -2.92014e-05 -9.65053e-05 0.000508455 -2.85933e-06 3.13006e-05 4.7695e-05 -3.41926e-05 -0.000427537 8.07146e-06 0.000284821 0.000213396 1.17844e-05 -0.000608679 -0.000246542 -8.43113e-06 5.27459e-05 2.91514e-05 1.60815e-05 9.33699e-05 -0.000228753 0.000207075 5.99516e-05 -0.000202203 5.59056e-06 2.0171e-05 0.000346941 0.000109218 -9.36999e-05 0.000593655 0.000253174 -0.000144 5.71777e-05 0.000260525 0.000267558 0.000383291 -0.000278013 9.90063e-05 0.000148106 -0.000377365 -9.91099e-05 -0.000125782 -3.05062e-06 0.000115875 -1.10738e-05 0.000215813 -3.52509e-06 1.74588e-05 -0.000386281 -0.000381945 0.000116297 -0.000882474 -0.000718197 -0.000697442 -0.00044726 -0.000799542 -0.00146782 -0.000556034 0.000146758 0.000417467 -0.000576524 0.000211537 -4.73635e-05 0.000262002 0.000110891 8.25409e-05 0.000198744 0.000263766 0.000361773 7.85659e-05 0.000584071 -0.000765345 1.19972e-05 0.000335944 0.000529148 8.50593e-05 
-0.0186564 0.000421074 0.0830049 -0.00436193 0.0276267 -0.0191915 0.000144769 0.0118835 -0.0134357 0.000129197 0.0309065 0.000226485 -4.65617e-06 0.0230589 0.00131957 -0.00354838 -0.0036649 -0.000391102 -0.000283851 -0.0142077 -0.00587116 -0.000714381 0.0336061 -0.00209762 -0.00442048 0.000622063 -0.00207796 0.0102673 -0.000780603 -0.00123215 -0.00138334 0.00869289 -0.0315759 -9.20962e-05 -0.00384141 0.049497 -0.0253476 -0.00978799 -0.00791301 0.000655554 0.0163965 0.00135349 -0.000426136 0.013565 -0.0309242 -0.0287051 0.000896848 -0.00522897 0.000267753 0.00715985 -0.000902274 -0.00249615 -0.0206179 -0.000606948 -0.0123895 0.0119747 -0.000188755 -0.000933756 0.0076248 -0.000693385 -0.0299404 -0.000533791 -0.000272762 -0.0281687 -0.00357555 -0.00213498 -0.00152498 -0.000465954 0.00392523 -0.0292097 5.23847e-05 0.00172842 0.020332 -0.020962 -0.000168626 0.00779322 -0.00459993 -0.00898849 0.000771451 0.00792947 0.017733 0.00269076 0.00105038 0.00688847 -0.0165906 0.00260312 0.00190005 0.000294198 0.000105353 0.0145617 -0.000682969 -0.0095039 0.0191551 0.00612228 -0.00457791 -0.00344411 -0.000195688 -0.00300547 -0.0111033 0.00170652 
-0.0117361 -0.000132106 -0.00436193 0.0542691 -0.00141128 -0.0121331 5.59714e-05 -0.000170454 -0.0103275 0.000646265 -0.00870039 -4.86245e-06 0.0082615 0.0106067 -0.000223669 0.014692 -0.00124537 -0.000735955 -0.00361605 0.0240118 2.55062e-05 0.00585443 -0.00682201 0.00250637 0.00105158 0.000633674 0.00196035 -7.77213e-05 0.00546565 -0.000689511 0.00159433 -0.000153036 -0.0293145 8.59031e-05 0.00020267 -0.0057431 -0.0200735 0.0186302 0.0222945 0.00197357 0.0281677 -3.67303e-05 -0.000583222 -0.0104184 -0.0288855 -0.0183504 7.25065e-05 0.00424312 0.000426448 0.000405817 0.0112734 0.00844833 -0.0104957 0.000200632 -0.0106948 -0.00255268 -0.000127487 7.02725e-05 -0.000634585 -0.00145873 -0.0202469 -7.96148e-05 -0.000225435 0.00491491 -0.00248296 0.00148086 -0.000211966 0.00111725 -7.11917e-05 -0.0215394 0.000586069 4.65707e-05 0.0179581 0.00115481 -0.000116771 0.0208711 0.0147608 0.028187 -0.0117822 -0.0149584 -0.023295 -0.0122839 0.00111222 -0.000730149 0.0138943 -0.00129313 0.000270869 -0.000145294 -0.000186582 -0.00130684 0.00374025 -0.00455931 -0.000541685 -0.000760364 -0.00335798 -0.00625434 0.000127176 -0.00281866 -0.00687849 -0.000315549 
-0.0587752 -0.000358206 0.0276267 -0.00141128 0.222298 -0.0923574 -0.000144961 0.00710112 -0.0475268 -0.000783048 0.130906 0.000123925 0.0196976 0.0561291 0.00159591 0.00468438 -0.0282251 -0.00188737 0.0202885 -0.0152486 -0.0181819 0.00210296 0.0400051 -0.00219644 -0.00174541 0.00175007 -0.0114048 0.0116147 -0.00391453 -0.00169507 -0.0015337 0.0122381 -0.0528778 -3.55545e-05 -0.0154624 0.0494659 -0.0853736 -0.00896957 0.000307671 0.000316767 0.0469063 -6.57179e-05 0.00225543 0.0415762 -0.0600986 -0.0836641 0.00050667 -0.0205682 0.000281893 0.00597338 0.00861432 -0.0050237 -0.0500799 -0.00224529 -0.0362648 0.0217617 -0.000596007 -0.00234961 0.00294291 -0.00751345 -0.0825513 0.000176549 -0.000164322 -0.11488 -0.0248746 -0.0114302 0.00533771 0.00288251 0.0057197 -0.0686963 -0.00169322 0.0043126 0.0882476 0.0228082 -0.000704221 0.043352 0.0334572 0.0108081 0.0627395 0.0362626 0.0504525 -0.0428164 0.00469988 0.0074191 0.00142579 0.00743331 0.00452239 -0.00053448 0.000672173 0.00838788 -0.00570178 -0.0601782 0.0517201 0.00750749 -0.0225348 0.0108795 -0.0011902 -0.00608799 -0.0466322 -0.001048 
0.126239 0.000324254 -0.0191915 -0.0121331 -0.0923574 0.188565 -0.000656572 -0.00746664 0.0252192 -0.000733952 -0.123406 1.60968e-05 -0.0100908 -0.0480886 -0.00162273 -0.0382333 0.0126296 0.00632559 -0.0166482 -0.040009 0.00720832 -0.00718513 -0.0290475 -0.00619827 -0.00637216 -0.000883695 -0.00298517 -0.00625379 -0.0039368 -0.00139162 0.000634519 -0.0113263 0.077789 -0.000225578 -0.00924273 -0.0421403 0.0805153 -0.0246314 -0.0469125 -0.00185033 -0.0738228 -0.00012537 -0.00568938 -0.0740281 0.0858761 0.141247 -0.00178334 0.0170667 -0.000741856 -0.00744161 -0.0197873 -0.00280946 0.105363 0.00131898 0.0219136 -0.00381173 0.000490897 0.00550212 -0.00181749 0.0212989 0.136776 -0.000929422 0.00234471 0.106125 0.0275632 -0.00790263 -0.00494318 -0.00278879 -0.00668976 0.0741223 -0.00111526 -0.00346195 -0.153828 -0.076501 0.000344637 -0.0902321 -0.0652233 -0.0670081 -0.102179 0.0296019 -0.00338572 0.11348 -0.00576445 -0.0395047 -0.0622661 -0.00308479 -0.0066563 -7.90976e-05 -0.00126 -0.0131981 -0.00418535 0.0461008 -0.0451537 -0.00843087 0.0364193 -0.00885151 -0.000449198 0.0334259 0.0561181 0.000185218 
-0.000527586 4.14798e-06 0.000144769 5.59714e-05 -0.000144961 -0.000656572 0.00288887 8.92502e-05 -0.000350233 2.35128e-05 0.000179024 3.11076e-07 -0.000296537 -0.000462904 0.000138783 0.000312051 -0.000142105 -2.1899e-05 -0.00011504 0.000410632 0.000448943 0.000567767 0.000122806 4.23927e-05 6.45994e-06 -2.03371e-06 -3.50411e-05 0.000201712 8.40167e-05 -4.21092e-05 0.0001203 0.000116288 -0.000614899 -6.63397e-07 0.00032549 0.000120335 -0.000803382 0.000732548 -1.95626e-05 0.00022352 -1.60635e-05 7.46272e-06 0.000135431 0.00104956 -0.000815519 -0.000156395 4.05726e-05 0.000273365 -6.23445e-06 -2.77196e-05 0.000505894 -5.42956e-05 -0.000376075 0.000125981 -4.02742e-05 -0.000153115 5.82222e-05 0.000180915 -3.81003e-05 -8.24804e-05 -0.000730922 -4.31786e-06 1.19861e-05 -0.000905032 -0.000145865 -4.38456e-06 -4.89434e-05 0.000191339 -6.59548e-05 -0.000688234 6.38185e-06 5.32234e-05 0.000220802 -0.000416347 3.65075e-05 0.000635375 -0.00013159 0.000708045 0.000144657 -0.000947556 -0.000693534 -0.000854041 -4.06498e-05 -0.000261656 0.00059124 0.000256898 -4.08392e-05 0.000102398 0.000335625 0.00011253 0.000353491 -0.000260347 -0.000519356 -8.09579e-05 -0.000124144 -0.000290067 1.34066e-05 -7.92758e-05 -0.00030883 0.000133437 
-0.00699444 0.000459218 0.0118835 -0.000170454 0.00710112 -0.00746664 8.92502e-05 0.0340998 -0.00621372 -7.35023e-05 0.0133617 2.35391e-05 -0.0025822 0.0107351 -7.235e-06 -0.00340263 -0.000812126 -0.000128672 -0.000334715 -0.00383047 -0.00248653 -0.0023697 0.0034747 -0.000820247 -0.00127211 0.00149327 -0.000630797 0.0107005 0.000134128 -0.000555647 -0.000585991 -0.000845888 -0.0164043 -3.49297e-05 0.000179484 0.0151281 -0.0118134 -0.0034271 0.0109413 0.00063889 0.0140788 0.0012392 0.000385897 0.00114318 -0.0148387 -0.011152 0.00042411 -0.00191633 2.17959e-05 -0.000171508 0.0019989 -0.000174134 -0.00742627 0.000115393 -0.00643567 0.00394848 -1.5876e-05 0.000197452 0.00108644 -0.000250538 -0.0115497 -0.000167474 -0.000123781 -0.00925592 -0.00170594 -0.000886902 -0.000215726 7.91503e-05 0.000263386 -0.0152246 -1.08272e-05 0.000599978 0.0089047 -0.000948433 -7.3993e-05 -0.00147004 -0.0012668 0.00221126 0.004258 -0.000455645 0.000843099 -0.00158792 0.00146159 0.00800439 -0.00376319 0.000624973 0.000462012 -1.01638e-05 -0.000132577 0.0011345 4.82231e-05 -0.00364196 0.00792532 -0.000439628 -0.00164326 -0.00669227 -3.51152e-05 -0.00121512 -0.00388224 0.000139775 
-0.00127966 0.000603873 -0.0134357 -0.0103275 -0.0475268 0.0252192 -0.000350233 -0.00621372 0.154985 -0.000364147 -0.0206167 -0.00016225 -0.0218296 -0.0377218 -0.000981473 -0.031821 -0.00118561 0.00236431 -0.0146198 -0.0317659 -0.0105991 -0.0188101 -0.0120781 -0.00386672 -0.00340036 -0.00217876 -0.0038059 -0.00787032 -0.00283222 0.0026687 -0.00176426 -0.00629016 0.0840391 -0.000199547 0.00390767 -0.0299573 0.101556 -0.0280889 -0.0427165 -0.000803574 -0.0781243 -0.000681923 -0.00310116 0.0415704 0.0812687 0.0271778 -0.000396141 -0.00105015 0.000562383 -0.00601833 -0.00808482 -0.00613426 -0.00250435 -0.00076177 0.078716 -0.0157053 0.00018284 -0.000415512 -0.00186056 -0.00568699 0.0479643 -0.000174632 -0.00074733 0.0303469 0.00842978 -0.00624451 -0.00299114 -0.00254053 -0.00486599 0.0865994 -0.000887792 -0.00241072 -0.0353582 0.0216083 0.000689837 -0.0688391 -0.0483214 -0.0518008 0.00826288 0.0161545 0.00276054 -0.01728 -0.00431683 0.0245363 -0.0431886 -0.00288794 -0.00501105 0.0014719 0.00138149 -0.00543415 -0.00406974 0.0232507 -0.0380354 -0.00644017 0.0180733 -0.00485019 -0.000141444 -0.00294438 0.0110858 -0.00166645 
-0.000661431 2.5326e-05 0.000129197 0.000646265 -0.000783048 -0.000733952 2.35128e-05 -7.35023e-05 -0.000364147 0.00334764 -7.58302e-05 4.21565e-06 5.96558e-05 -0.0006342 -3.82969e-05 -0.000202178 -0.000126184 -4.09247e-05 -0.00013806 -0.00019922 0.000109396 0.000401715 0.000174246 0.000800132 0.000598661 -3.18283e-05 6.93791e-05 -8.07553e-05 0.0012258 9.14076e-05 0.000347778 0.00132994 -0.000512129 1.0277e-05 -1.26764e-05 -0.000412852 -0.000880741 0.00178295 0.000105216 0.000136899 -0.000253076 0.000123291 0.00033767 0.000707013 -0.000994933 -0.00100442 0.000174441 0.000598321 4.43555e-05 -3.73668e-05 0.000568431 0.000351288 -0.00073784 5.81533e-06 -0.000627999 -0.000263728 -2.01379e-06 2.3916e-06 -4.06443e-05 -9.09875e-05 -0.00101764 -7.19145e-07 -1.32851e-05 -0.000717068 -0.000171876 0.000273665 -5.26206e-05 0.000197393 1.46145e-06 0.000937779 9.25538e-06 -2.4353e-05 0.000877924 5.91279e-06 -4.69993e-06 -0.00069929 -5.77795e-05 0.000641733 -0.00173172 -0.000640356 -0.00104499 -0.00102265 -6.48687e-05 -0.000339698 0.00111078 9.20022e-05 6.68469e-05 3.06215e-05 3.50186e-05 0.000109815 0.000165188 -0.000273651 -0.000600725 1.22167e-05 -0.0002292 0.00023203 5.20239e-05 -0.000136887 -0.000297439 1.21871e-05 
-0.10204 -0.000166885 0.0309065 -0.00870039 0.130906 -0.123406 0.000179024 0.0133617 -0.0206167 -7.58302e-05 0.249694 -0.000195967 0.000755466 0.059281 0.0035421 0.0101854 -0.0261567 -0.00335809 0.0207909 -0.0136408 -0.0316508 -0.00275414 0.0505826 -0.000823704 0.0119805 0.000913976 -0.0103562 0.00932581 0.000307156 -9.6345e-05 -0.00270428 0.0130444 -0.0533286 -0.000154664 -0.00680889 0.0623784 -0.0582194 -0.00941413 0.00353395 -0.00137647 0.0432944 -7.3307e-05 0.00537583 0.0856364 -0.0540536 -0.134039 0.000776794 -0.0283558 0.000562571 0.00727532 0.0107422 -0.00793757 -0.0979306 -0.00138558 -0.0319705 0.0127425 -0.000869886 -0.00334992 0.00177773 -0.0155916 -0.135133 -0.00130291 -0.00239723 -0.140467 -0.0248822 -0.0132281 0.00362895 -0.000616111 0.0075522 -0.0598404 -0.00119214 0.0043933 0.145831 0.0605573 -0.000826519 0.0661364 0.0463274 0.0202739 0.103824 0.0214712 0.0352452 -0.102398 0.00405116 0.0388353 0.0177293 -0.00098226 -0.00247095 -0.00153219 0.00013771 0.0137847 -0.00698742 -0.0538102 0.0503424 0.00894544 -0.0299224 0.0204345 -0.000497984 -0.0257044 -0.0508488 -0.00271113 
5.49042e-05 4.69587e-05 0.000226485 -4.86245e-06 0.000123925 1.60968e-05 3.11076e-07 2.35391e-05 -0.00016225 4.21565e-06 -0.000195967 0.000999954 -6.13272e-05 0.000124452 1.79836e-05 -0.000159823 -1.70563e-06 2.14843e-05 8.53914e-06 -0.000167163 -7.59912e-05 -0.000106754 4.11566e-05 -2.27769e-05 -2.05914e-05 2.72052e-05 -2.30393e-05 6.24086e-06 4.38103e-05 -1.61036e-06 6.28483e-05 -2.37376e-06 -0.000433481 -3.59566e-07 -4.72877e-05 0.0003106 -0.000317962 -8.2373e-05 -6.3169e-05 6.9111e-05 0.000392545 5.16379e-06 -1.04136e-05 -0.000283064 -0.000274762 -5.00218e-05 1.97767e-05 -3.49842e-05 5.5995e-06 0.000313962 -4.4943e-05 0.000145074 4.9861e-05 2.54872e-05 -0.00017565 0.000327522 2.47346e-06 -4.47299e-06 0.00012552 0.000144219 -0.000143444 1.63752e-05 7.8735e-05 -0.00026764 5.92365e-05 -1.96929e-06 4.33009e-06 1.56088e-05 -4.51575e-06 -0.000325487 9.9079e-06 1.74776e-05 -0.000169388 -0.000413586 1.05933e-05 -0.000280676 -0.000174386 -0.000254645 -0.000541075 1.53117e-05 0.00011643 0.00034376 1.63219e-05 1.70395e-05 -0.000246511 0.000133438 0.000173739 3.96203e-05 -2.23143e-06 0.000254742 1.25074e-06 -8.55235e-05 0.000374257 0.000132529 3.03186e-05 -0.000104906 -1.67369e-06 0.000198146 -6.11653e-05 6.18107e-05 
-0.0073895 -0.000102637 -4.65617e-06 0.0082615 0.0196976 -0.0100908 -0.000296537 -0.0025822 -0.0218296 5.96558e-05 0.000755466 -6.13272e-05 0.112749 -0.00160208 0.000109704 0.033842 -0.00232286 -0.00114691 0.00785881 0.00355148 -0.00782086 -0.0085371 0.004357 -0.00180666 -0.0062399 -0.000872409 0.00188858 -0.00333328 -0.00159804 -0.0018099 -0.000753294 0.00738319 -0.020674 -9.66455e-05 -0.00276955 -0.00244445 -0.020487 -0.0137568 0.00885995 0.000787996 0.0106665 -0.000418094 0.00283718 -0.0199621 -0.0165047 -0.0157366 0.000273547 -0.00282276 -0.000186155 -0.00163539 -0.00530527 0.000906146 -0.00902222 -0.000318719 -0.0141787 -0.00158013 -0.000303521 -0.00231437 -0.00184481 -0.0019332 -0.0186725 0.000154409 0.000306031 0.0170445 -0.00737808 -0.00431283 0.00377818 0.000492681 0.00335299 -0.026596 0.000390357 -0.0014165 0.0148909 -0.00106312 -0.000106204 0.0308652 0.0305789 0.0209776 0.0112349 -0.00721103 -0.00540389 -0.0204644 -0.000809318 -0.017722 0.00666931 -0.00298216 0.00135366 0.000404459 -0.00057445 -0.00351598 -0.00191657 -0.00928464 0.00250043 0.00567458 -0.00244021 0.0081333 -0.000142596 -0.00456411 -0.0107924 -0.00178243 
-0.0414787 -0.000521732 0.0230589 0.0106067 0.0561291 -0.0480886 -0.000462904 0.0107351 -0.0377218 -0.0006342 0.059281 0.000124452 -0.00160208 0.166364 0.00518678 0.00385558 -0.0119599 -0.000269469 -0.00387265 0.0215631 0.00220603 -0.00231944 0.015869 -0.00251785 -0.00406195 0.00351939 -0.00345647 0.00603493 -0.000991335 -0.00323915 -0.00323518 -0.00115696 -0.0755059 0.000368935 -0.00950991 0.0460892 -0.0723599 0.00298716 0.0483882 -0.000910529 0.0724381 0.000171987 -0.00236339 -0.00411119 -0.0738511 -0.0607012 -0.000190966 -0.00667192 0.000300197 0.0126495 0.000613329 0.00130805 -0.0346188 -0.00111492 -0.0352999 0.0169472 -0.00044889 -0.00244569 0.00423016 -0.00566836 -0.0638144 -0.000686649 -0.000815214 -0.0451709 -0.0110075 0.00101196 -0.00296761 0.00189988 0.013933 -0.0803405 0.000663772 0.00729956 0.0552005 -0.0164047 -4.2379e-06 0.038765 0.0514277 0.0264245 0.00573331 -0.028561 -0.00126143 -0.0134887 0.00987267 -0.00470567 0.00631577 -0.00322514 0.0112743 -3.06733e-05 -0.000381681 0.0144799 -1.66737e-05 -0.0228412 0.0636221 0.00779723 -0.01025 -0.0119749 -0.000385775 -0.0102214 -0.0242105 -0.000618639 
-0.00236969 2.15869e-05 0.00131957 -0.000223669 0.00159591 -0.00162273 0.000138783 -7.235e-06 -0.000981473 -3.82969e-05 0.0035421 1.79836e-05 0.000109704 0.00518678 0.0144 0.00566648 -0.000609155 0.000201974 0.00115515 -0.00168808 -0.000561638 -8.30431e-05 -0.000867279 -0.000348109 0.000885894 0.000643 -0.000136587 -0.000228356 -2.67013e-05 -0.000132176 -0.000147639 -0.000251336 -0.00376769 3.24552e-05 -3.65673e-05 0.00220636 -0.00367131 -0.00192657 -0.00304264 -0.000109208 0.00171625 1.22306e-05 -0.0002546 0.000641728 -0.00258631 -0.00208121 0.000153879 0.000252454 6.60978e-06 -0.000183253 0.000260133 -0.000462584 -0.00205808 0.000310479 -0.00136801 0.000505679 7.50715e-05 -9.94066e-05 -0.000128959 -0.000246024 -0.00353271 -1.19653e-05 2.46328e-05 -0.00101137 -0.000635213 -0.000120467 -7.57164e-05 0.00135807 0.000801565 -0.00306164 0.000435395 0.0014184 0.00175211 0.00308739 0.000662523 0.00336095 0.00178179 -0.00162067 -0.000267121 -0.00407935 -0.00356793 -0.00338378 5.3573e-05 -0.000335321 -0.00221755 -0.00030448 -0.000338104 -4.78505e-05 0.000182983 -0.000539121 -0.0002663 -0.00125393 0.00122202 0.00327856 0.001156 -0.00155557 2.07697e-05 -0.000545271 -0.000451093 -8.68722e-05 
-0.0345706 -0.000392768 -0.00354838 0.014692 0.00468438 -0.0382333 0.000312051 -0.00340263 -0.031821 -0.000202178 0.0101854 -0.000159823 0.033842 0.00385558 0.00566648 0.151941 -0.00217815 -0.0014625 0.0204757 0.0411379 -0.00967262 0.0031207 -0.015672 0.00581426 0.00904958 -0.000132687 0.00494591 -0.00778509 -0.000810832 -0.00283623 -0.00150203 0.0091476 -0.0816848 -7.63862e-05 0.00423053 0.0124922 -0.0593188 0.0110766 0.010322 -0.00059051 0.0698008 -0.00034639 -0.000358446 -0.0235842 -0.0646049 -0.0565872 0.00124596 -0.000737097 -0.000378491 -0.00414938 0.0049962 0.00110589 -0.0334982 0.00200992 -0.0356677 -0.00306093 -0.000257149 -0.00320757 -0.00220563 -0.00214627 -0.0655273 -0.000211705 -0.000681028 0.0143954 -0.00781982 0.00578145 -0.000104428 0.00508021 0.00319544 -0.0743469 0.00264601 -0.00110472 0.0558913 0.0190892 0.000260033 0.100302 0.0875581 0.0801372 0.0230875 -0.0537085 -0.0628522 -0.04897 -0.00224955 -0.000579401 0.0635478 -0.00518844 -0.00231598 -0.000694104 -0.000811552 -0.00259293 0.00234034 -0.0143519 0.00691305 0.00871802 -0.0101463 -0.00431731 0.000153187 -0.00767443 -0.0208088 -0.00134623 
0.00187726 0.000215308 -0.0036649 -0.00124537 -0.0282251 0.0126296 -0.000142105 -0.000812126 -0.00118561 -0.000126184 -0.0261567 -1.70563e-06 -0.00232286 -0.0119599 -0.000609155 -0.00217815 0.0639956 -0.000175542 -0.00362742 0.00308495 -0.00460958 -0.0055407 -0.00560017 -0.00117464 -0.00346431 0.00145789 0.00486671 0.00389988 -0.000701619 0.000588496 -0.000945639 -0.00293833 -0.00305217 -5.3341e-05 0.0122948 -0.00331581 0.00142192 0.010681 0.0108903 -0.000422988 0.00338644 0.000313085 -0.000438048 -0.00703577 0.0074988 0.0073222 -0.000182614 -0.0025336 -4.11113e-07 0.000766192 0.00317798 -0.000393027 0.0138626 0.000565788 -0.00649497 0.000513291 -0.000151745 0.00148477 9.75575e-05 0.00419708 0.00894811 1.88428e-05 0.000122555 0.0109064 -0.000816778 -0.00124792 9.43132e-05 -0.000823911 -0.00183858 0.00320605 -0.000131157 -0.000853526 -0.0194653 -0.0092688 -9.14356e-05 -0.00997876 -0.014181 -0.00277536 0.00087803 -0.00225327 -0.00130183 0.0131251 -0.00153322 -0.00622546 -0.000111474 -0.000634827 -0.00139643 -0.000237501 -0.000127134 -0.00147848 -9.95357e-05 0.0109602 -0.0106596 -0.0012611 -0.00322904 -0.0112911 -0.000106617 0.00140078 0.0150585 -0.000907203 
0.00454202 1.38955e-06 -0.000391102 -0.000735955 -0.00188737 0.00632559 -2.1899e-05 -0.000128672 0.00236431 -4.09247e-05 -0.00335809 2.14843e-05 -0.00114691 -0.000269469 0.000201974 -0.0014625 -0.000175542 0.0139358 0.000838744 -0.00240894 0.0011965 -0.00022528 -0.00128295 -0.000356578 -8.12627e-05 0.00030229 -9.65261e-05 -0.000379098 -0.000130025 -0.000168637 0.000445966 -0.000375167 0.00173742 -7.65622e-06 -0.000615653 -0.000751084 -0.000205328 -0.00217131 -0.00147586 -8.36152e-06 -0.00296082 -2.38605e-05 -0.00030557 -0.00295292 0.000880768 0.00465373 -9.24022e-05 0.00131387 -3.67276e-05 0.000740099 -0.000459486 -0.00043013 0.00324396 0.000351484 0.00143503 0.0010225 0.000296117 0.000812122 0.000450511 0.000302579 0.0050642 9.42487e-05 -1.15609e-05 0.0037442 -0.000342238 -0.000482343 -0.000170923 -9.74326e-05 -0.000188152 -0.00185037 -6.32915e-05 -6.59992e-05 -0.00599544 -0.00611362 0.000108582 -0.00427431 -0.00284685 -0.00347031 -0.00535163 0.000712707 -0.00298419 0.00566058 -0.000197396 -0.0018534 -0.00312214 -0.000126211 -0.000310456 0.000303897 -3.62355e-05 0.000782028 -0.000211715 -0.000321858 -0.000111741 -0.000341135 0.00391216 -0.00202974 -3.42149e-05 0.000751394 0.00158726 0.000487509 
-0.0101831 -0.000143571 -0.000283851 -0.00361605 0.0202885 -0.0166482 -0.00011504 -0.000334715 -0.0146198 -0.00013806 0.0207909 8.53914e-06 0.00785881 -0.00387265 0.00115515 0.0204757 -0.00362742 0.000838744 0.0852847 -0.0080299 -0.00349619 0.011987 -0.00581502 -0.0023557 0.0132597 0.000338148 -0.00205598 4.72429e-05 0.00233518 -0.000819167 0.00317236 0.00398014 -0.017165 9.33366e-05 -0.00389302 0.00991082 -0.0227059 -0.0101866 -0.0146372 0.00356087 0.00947674 -0.000123483 -0.00160235 -0.0134282 -0.0211143 -0.0195519 0.000682148 -0.00169479 5.02902e-05 0.00310645 0.00542484 0.00203555 -0.011043 0.00074479 -0.0122076 0.00671337 0.000557012 0.0013419 0.000152434 -0.00218505 -0.0222903 0.00188515 -0.000184242 -0.0166975 -0.0048449 -0.00319083 0.00125489 -0.000584871 0.000115149 -0.020425 -0.000318143 0.000337315 0.0173176 0.00686633 -0.000164031 0.0213219 0.0105869 0.00907293 0.00749173 0.00896965 -0.022116 -0.0112055 -0.00163056 0.0053192 0.0159099 -0.00122751 -0.00126667 -0.000408658 0.000242426 -0.00196986 -0.00129135 -0.00854598 0.00511365 0.000593206 -0.00590151 0.00298028 -2.94843e-05 -0.00380104 0.0020895 0.00264787 
-0.036078 -0.000543786 -0.0142077 0.0240118 -0.0152486 -0.040009 0.000410632 -0.00383047 -0.0317659 -0.00019922 -0.0136408 -0.000167163 0.00355148 0.0215631 -0.00168808 0.0411379 0.00308495 -0.00240894 -0.0080299 0.144213 0.0173904 0.00575528 -0.0162162 0.0134944 -0.00314594 -0.000163382 0.012421 -0.00641765 0.00225449 -0.00282757 -0.0026352 -0.00104049 -0.083959 0.000257219 0.0131805 -0.0247936 -0.0621518 0.0756317 0.0868354 0.000484597 0.0812129 -0.000356607 0.00148472 -0.0290546 -0.0794552 -0.0574152 -0.000172732 0.00749519 1.40553e-05 -0.00097026 0.0212441 0.00669406 -0.0394683 -0.000612678 -0.0329429 -0.0117167 -0.000536637 -0.00313825 -0.00237059 -0.00421476 -0.0602866 -7.13134e-05 -0.000839051 -0.00673453 -0.00585934 0.0240834 -0.00184599 0.00107562 0.0003333 -0.07551 0.00211701 -0.00020605 0.0564021 0.00760319 -0.000343735 0.0889361 0.0788504 0.10802 -0.0101947 -0.0795228 -0.0657864 -0.055313 0.00442264 -0.0139079 0.0990726 -0.00473934 0.00708454 -0.000756801 -0.000895677 -0.00479925 0.0115006 -0.00971143 0.0303887 -0.00218968 -0.00886293 -0.029666 0.00025401 -0.00929618 -0.0216905 -0.0013447 
0.0120681 -0.000214922 -0.00587116 2.55062e-05 -0.0181819 0.00720832 0.000448943 -0.00248653 -0.0105991 0.000109396 -0.0316508 -7.59912e-05 -0.00782086 0.00220603 -0.000561638 -0.00967262 -0.00460958 0.0011965 -0.00349619 0.0173904 0.0777464 0.0113423 -0.0095161 0.00469615 -0.00278129 -0.000268169 0.00168139 -0.00165079 0.00154773 -0.00104798 -9.7876e-05 -0.00300288 0.00152041 0.000465785 -0.000305317 -0.013703 -0.0062847 0.0137799 0.0150028 -0.000225293 -0.000590797 0.000150575 6.42122e-05 -0.0240212 -0.010428 0.0136085 -0.000523465 0.0163923 -0.000232903 -0.000459429 -0.00411321 0.00235207 0.0098999 0.000535553 0.011474 -0.00584349 0.000812201 0.001237 -0.00080357 -0.000890001 0.00889731 -2.4173e-06 -0.000120563 0.00310042 0.000159764 0.0204712 -0.00168119 0.000158128 0.00205595 -0.00255632 -0.000234868 0.00130772 -0.0138611 -0.0206388 0.000144649 0.00166746 0.00195306 0.0076017 -0.0359814 -0.0240958 -0.0146668 0.00957558 0.00423985 -0.0110336 0.0148147 -0.00127152 0.00678996 0.000590868 -2.06323e-05 -0.00377484 0.0072476 0.00223902 0.0101851 -0.00183158 0.00541197 -0.0141783 0.000193814 -0.00279135 -0.00448501 0.00148846 
-0.00164648 -8.7965e-05 -0.000714381 0.00585443 0.00210296 -0.00718513 0.000567767 -0.0023697 -0.0188101 0.000401715 -0.00275414 -0.000106754 -0.0085371 -0.00231944 -8.30431e-05 0.0031207 -0.0055407 -0.00022528 0.011987 0.00575528 0.0113423 0.117505 -0.00625495 0.00120615 0.0188858 -0.000974208 -0.000782339 -0.00553464 0.00674501 -0.00152547 0.00155577 -0.00264593 -0.0094622 0.000117173 0.000602532 0.00278216 -0.0213623 -0.00227639 -0.00513719 -0.00075067 0.00409376 0.000173097 -0.00219175 0.00783607 -0.0375607 -0.00689097 -0.000506415 0.0127519 -0.000284679 -0.00208956 -0.000296367 0.00200612 -0.0121434 0.00100209 0.000924286 -0.00834252 0.000570678 -0.00092439 -0.00156363 -0.00113158 -0.00766736 -0.000548683 -0.000436471 -0.0058697 -0.0047111 -0.00339178 0.00257937 0.001381 0.00075593 -0.0102476 -7.83614e-05 0.00115597 0.00893566 0.00233418 8.59277e-05 0.030051 0.00112376 0.0360927 -0.00193098 -0.0134498 -0.0353738 -0.0149839 -0.00159376 -0.00131903 0.0381682 0.000367244 -0.00027283 -5.2917e-05 -9.45678e-06 -0.000433594 0.00593405 -0.00671241 -0.0121264 -0.00313466 -0.00445196 -0.026409 0.000285857 -0.00386873 -0.00853817 -0.00051576 
-0.024005 -0.000283027 0.0336061 -0.00682201 0.0400051 -0.0290475 0.000122806 0.0034747 -0.0120781 0.000174246 0.0505826 4.11566e-05 0.004357 0.015869 -0.000867279 -0.015672 -0.00560017 -0.00128295 -0.00581502 -0.0162162 -0.0095161 -0.00625495 0.117481 -0.00311932 -0.00479583 0.001878 -0.00314216 0.00398747 -0.00201114 -0.000745673 -0.00206112 0.00770212 -0.0076581 -8.70474e-05 -0.00512697 0.0382308 -0.0119984 -0.0140246 -0.00764183 -0.000541043 0.00141395 -1.92854e-05 -0.000439185 0.0366287 -0.0169037 -0.026493 -0.000734408 -0.00766049 0.00139539 0.0032067 -0.00578381 -0.00342083 -0.0268443 -0.00102551 -0.0185147 -0.00470669 -0.000362704 -0.00156986 0.00341433 -0.00320429 -0.0209292 -0.000666859 -0.000570468 -0.0424973 -0.0050801 -0.00420627 0.00142549 -0.00064382 0.00222811 -0.0115582 -0.000497743 0.000544784 0.031845 0.00129098 -0.000242548 0.0127848 -0.00331299 -0.02018 0.03163 0.0126245 0.043482 -0.0186283 0.00318489 -0.00850363 -0.0235997 -0.00232586 0.00206603 -0.000143311 -0.000123387 0.0095256 -0.00129607 -0.0142431 0.0135659 0.00444253 -0.00784672 -0.0116083 -0.000282789 -0.00512511 -0.0166006 0.000596566 
-0.0053123 -9.2165e-05 -0.00209762 0.00250637 -0.00219644 -0.00619827 4.23927e-05 -0.000820247 -0.00386672 0.000800132 -0.000823704 -2.27769e-05 -0.00180666 -0.00251785 -0.000348109 0.00581426 -0.00117464 -0.000356578 -0.0023557 0.0134944 0.00469615 0.00120615 -0.00311932 0.0267181 -0.00121567 -0.000171114 0.00116533 -0.000917397 0.00175549 -0.000234902 -0.000190855 0.00332255 -0.00750474 -1.63742e-05 0.00208325 -0.00437115 -0.00891202 0.0193013 0.00900442 9.11459e-06 0.00463373 0.00026727 0.00290901 -0.000624334 -0.00862719 -0.00917237 -0.000120152 0.00331982 -1.32667e-05 0.000193327 0.000805597 -0.000629112 -0.00643232 3.41404e-06 -0.00497684 -0.00180747 -4.24937e-05 -0.0004155 -0.00036698 0.000200418 -0.0102285 -0.000159826 -0.0001252 -0.00213775 -0.000654415 0.00594046 0.000117725 0.000195397 -0.000682425 -0.00816084 0.000546844 -0.000121218 0.00839723 -0.00528048 -4.51413e-05 0.00847048 0.00937157 0.0143522 -0.0106237 -0.0128336 -0.00967789 -0.00882804 -0.000171069 -0.0020583 0.0160368 0.000613857 0.0022396 0.000321219 0.000117488 -0.000704023 0.00307598 -0.00181383 -0.000648971 -0.000689912 -0.00166555 -0.0020857 9.84892e-05 -0.00132046 -0.00333381 -0.000225369 
-0.00410996 -9.66973e-05 -0.00442048 0.00105158 -0.00174541 -0.00637216 6.45994e-06 -0.00127211 -0.00340036 0.000598661 0.0119805 -2.05914e-05 -0.0062399 -0.00406195 0.000885894 0.00904958 -0.00346431 -8.12627e-05 0.0132597 -0.00314594 -0.00278129 0.0188858 -0.00479583 -0.00121567 0.058048 -0.000383999 -0.00087731 -0.000802498 0.00529276 -0.000729555 0.00365778 0.000331464 -0.000265457 0.000141217 -0.00144499 0.0056728 -0.00803956 -0.00621118 -0.0135405 -0.000153704 -9.17761e-05 0.000115816 -0.000939041 0.00750348 -0.012636 -0.00778127 -0.000131012 -0.00256398 -4.3531e-05 -0.00138166 -0.00163443 0.000634949 -0.00527859 0.000190326 -0.00118667 -0.00457824 0.000435475 0.00168908 -0.000798292 -0.0017775 -0.00840161 0.00133994 -0.000241597 -0.00930561 -0.00306913 -0.00150143 -0.000466102 3.71833e-05 -0.000383101 0.00581835 -0.000121961 0.000164591 0.00501073 0.0161094 0.000140669 0.00783116 -0.000900597 0.00338706 -0.000467152 -0.00301607 -0.020219 -0.0142368 -0.000375293 0.0098563 0.0109313 0.00145225 -0.00155711 -0.000127651 0.000864719 0.000283359 -0.00052381 -0.00484559 -0.00187296 -0.00135782 -0.00211133 -0.00858386 -7.64456e-05 -0.00287656 0.00365237 0.000822591 
-0.00176146 -2.92014e-05 0.000622063 0.000633674 0.00175007 -0.000883695 -2.03371e-06 0.00149327 -0.00217876 -3.18283e-05 0.000913976 2.72052e-05 -0.000872409 0.00351939 0.000643 -0.000132687 0.00145789 0.00030229 0.000338148 -0.000163382 -0.000268169 -0.000974208 0.001878 -0.000171114 -0.000383999 0.0118073 6.22278e-05 0.00269396 0.000636618 -0.000175712 0.000225017 -0.000181899 -0.00568601 3.31189e-05 -0.000237887 0.000794312 -0.00413603 0.00207186 0.00485241 -5.29791e-05 0.00514225 0.000294699 2.76949e-05 -0.00189523 -0.00410126 -0.00376299 -5.56498e-05 -0.00036371 -4.87795e-06 0.000611126 -2.23902e-05 0.000157211 -0.00204009 0.000328135 -0.0022063 0.0007688 -1.24284e-05 0.000765102 -8.52579e-06 0.00174287 -0.00274365 -4.38428e-05 -4.45478e-05 -0.0022317 -0.000570391 -0.000143111 0.000180984 -2.78117e-05 -2.8182e-05 -0.00512116 -1.72862e-05 0.000499444 0.00146284 -0.00191824 6.46009e-06 0.000285088 0.000752143 -0.00130728 8.04499e-05 3.63282e-05 -0.00015165 0.00122125 0.000447726 -0.00136233 -0.00199649 -0.000322021 0.000954332 -2.88114e-05 -4.73223e-05 0.000142216 0.000639228 -0.0010912 0.00239254 -0.000288538 -0.000455405 -0.00204127 5.1693e-06 0.000485273 -0.00127464 -0.000131346 
-0.00184318 -9.65053e-05 -0.00207796 0.00196035 -0.0114048 -0.00298517 -3.50411e-05 -0.000630797 -0.0038059 6.93791e-05 -0.0103562 -2.30393e-05 0.00188858 -0.00345647 -0.000136587 0.00494591 0.00486671 -9.65261e-05 -0.00205598 0.012421 0.00168139 -0.000782339 -0.00314216 0.00116533 -0.00087731 6.22278e-05 0.0228051 -0.000856565 -0.000258522 7.83628e-05 -1.59489e-05 -0.000912454 -0.00861209 -6.33966e-06 0.00822217 -0.00374046 -0.00607165 0.00744774 0.0122595 4.74113e-05 0.00932113 3.8278e-05 -0.000284828 -0.00477933 -0.00663786 -0.00397237 0.000683 0.00110121 0.000157098 -0.00032917 0.00146119 0.000218599 -0.00162725 6.4873e-05 -0.00426481 -0.000397979 -4.0665e-05 -0.000425901 -0.000301267 -0.00042252 -0.00425337 5.71843e-05 -5.57616e-05 0.00314572 -0.000273278 0.00356302 -0.000415452 -0.000265231 -0.000289573 -0.00710951 0.000401864 -0.000222052 0.00283831 0.00227824 -3.91657e-05 0.00687932 0.00616838 0.0107677 -0.00317317 -0.0116803 -0.00773695 -0.00339381 0.000330106 -0.00277498 0.0104914 -0.00057701 -0.00043191 -0.000133231 -7.58427e-05 -0.00115987 0.00038807 0.00134739 -0.00118191 -0.00062038 -0.000699439 -0.00463861 3.82022e-05 -0.000834301 -0.00156479 -0.00029762 
-0.00755683 0.000508455 0.0102673 -7.77213e-05 0.0116147 -0.00625379 0.000201712 0.0107005 -0.00787032 -8.07553e-05 0.00932581 6.24086e-06 -0.00333328 0.00603493 -0.000228356 -0.00778509 0.00389988 -0.000379098 4.72429e-05 -0.00641765 -0.00165079 -0.00553464 0.00398747 -0.000917397 -0.000802498 0.00269396 -0.000856565 0.0442504 0.000664978 -0.000239465 0.000474263 -0.00123507 -0.0210126 9.10894e-05 -0.00157939 0.0101197 -0.0146572 0.00570421 0.0144748 -0.000268627 0.0207184 0.00195044 0.000232687 -0.00517996 -0.0143305 -0.0111229 -0.000109533 -0.00251535 1.34307e-05 0.00130792 -0.00109917 -0.000702389 -0.00616517 0.000802935 -0.00805024 0.00924139 -0.000102123 0.004762 0.00324794 0.00479224 -0.0116887 0.000663432 0.000404835 -0.0143165 -0.00225951 -0.00095733 -0.00043963 -0.0002973 -0.000900607 -0.0148981 -0.000194844 0.00135244 0.00185389 -0.00858539 -2.05529e-05 -0.00753954 -0.00663186 -0.0103829 -0.00540506 0.00585203 0.0152031 0.00488565 0.00402324 0.00692273 -0.00897882 0.00211703 0.000957049 0.000102025 -6.66409e-05 0.00441181 0.000786747 -0.00464646 0.0107822 0.000138276 -0.000244922 -0.0060151 -0.000100443 0.00316431 -0.00345998 0.000386687 
-0.00336448 -2.85933e-06 -0.000780603 0.00546565 -0.00391453 -0.0039368 8.40167e-05 0.000134128 -0.00283222 0.0012258 0.000307156 4.38103e-05 -0.00159804 -0.000991335 -2.67013e-05 -0.000810832 -0.000701619 -0.000130025 0.00233518 0.00225449 0.00154773 0.00674501 -0.00201114 0.00175549 0.00529276 0.000636618 -0.000258522 0.000664978 0.0161167 -3.20749e-05 0.00261172 0.000392713 -0.00640457 0.000131121 -0.000386297 -0.000583493 -0.00524469 0.00581136 0.00356539 0.000707301 0.00422183 0.000278026 0.000437829 -0.0010094 -0.00811095 -0.00525035 -2.59507e-05 0.00245474 0.000158328 0.00165035 0.00273866 0.00250913 -0.0037817 0.000210599 -0.00299249 -0.00100692 0.000269985 0.00126042 5.2306e-05 -0.00032115 -0.00588394 0.000155309 -5.52976e-05 -0.00428375 -0.000893707 0.000849282 -0.000179613 0.000120303 -0.000338739 -0.00205889 8.52825e-05 0.00020808 0.00476339 0.00085447 -5.42129e-06 0.00100275 -0.00222262 0.00421169 -0.0067007 -0.00488425 -0.00752782 -0.00503724 0.000526186 0.00204816 0.00518282 0.00192621 0.00150471 -2.57362e-05 0.000486538 0.000709656 0.00372282 -0.0014148 0.00042231 -0.000545696 -0.000517045 -0.00263577 0.000110618 -0.000762192 -0.000590742 0.000111793 
-0.000976207 3.13006e-05 -0.00123215 -0.000689511 -0.00169507 -0.00139162 -4.21092e-05 -0.000555647 0.0026687 9.14076e-05 -9.6345e-05 -1.61036e-06 -0.0018099 -0.00323915 -0.000132176 -0.00283623 0.000588496 -0.000168637 -0.000819167 -0.00282757 -0.00104798 -0.00152547 -0.000745673 -0.000234902 -0.000729555 -0.000175712 7.83628e-05 -0.000239465 -3.20749e-05 0.01604 0.000835165 -0.00018059 0.00674398 -8.23701e-06 -0.000133228 -0.00245517 0.0067339 -0.00217837 -0.00336947 3.78848e-07 -0.00619805 -5.10095e-05 -0.000185195 0.00350815 0.00661753 -0.000469711 2.93346e-05 -0.000780685 4.62624e-06 -8.48778e-05 -0.00105156 -0.000115207 -0.00151246 -7.31835e-05 0.000691902 -0.00118627 8.93224e-05 -0.000200197 -0.000184866 -0.000459182 -0.000448726 6.14219e-05 -6.23447e-05 -0.00126037 -0.000396129 -0.000282439 -0.00012375 -9.26968e-05 -0.000383567 0.00842505 -6.5204e-05 -0.000232114 -0.000967706 0.00309468 8.2413e-06 -0.00541806 -0.00392044 -0.00457362 0.00125954 0.00197981 0.00437087 -0.00169663 -0.000281357 0.00402866 -0.00395877 1.82986e-05 -0.000442499 -2.93993e-05 8.55529e-05 -0.000741841 -0.000329613 0.0013008 -0.0029034 -0.000429168 -0.000924122 0.00328095 0.000127286 -8.09272e-05 0.00159003 -0.000217424 
0.000918329 4.7695e-05 -0.00138334 0.00159433 -0.0015337 0.000634519 0.0001203 -0.000585991 -0.00176426 0.000347778 -0.00270428 6.28483e-05 -0.000753294 -0.00323518 -0.000147639 -0.00150203 -0.000945639 0.000445966 0.00317236 -0.0026352 -9.7876e-05 0.00155577 -0.00206112 -0.000190855 0.00365778 0.000225017 -1.59489e-05 0.000474263 0.00261172 0.000835165 0.0183722 -0.000737028 0.00450843 1.60686e-05 -0.000320336 -0.00162594 -0.00377884 -0.000746133 -0.00260867 0.0014024 -0.00195646 -3.17946e-07 -0.000316809 -0.00118807 -0.00439971 -0.0022965 0.000389268 0.0016626 0.000198964 -0.000139348 0.000563892 0.00513127 -0.000220381 0.000217267 -0.00183538 -0.00119728 0.000732787 0.00276477 -0.000131348 -0.00019847 -0.000589415 0.000717292 -3.78516e-05 0.00299785 -0.000304887 -0.000409479 -0.000337146 0.000343196 -0.000446438 0.00407325 1.04029e-05 -5.2476e-05 -0.000370381 0.00325721 1.35804e-05 -0.00144594 -0.00348256 -0.00436127 -0.00214995 0.000844474 -0.0064462 0.00176913 -0.000353407 0.00357665 -0.00398122 0.00114943 -0.000469187 -7.26608e-05 0.000869295 -0.000769207 3.98099e-06 -0.00115389 -0.00294323 0.000227058 -0.000434539 0.00220864 9.7448e-05 -5.30733e-05 -0.00156054 0.000655681 
-0.00980677 -3.41926e-05 0.00869289 -0.000153036 0.0122381 -0.0113263 0.000116288 -0.000845888 -0.00629016 0.00132994 0.0130444 -2.37376e-06 0.00738319 -0.00115696 -0.000251336 0.0091476 -0.00293833 -0.000375167 0.00398014 -0.00104049 -0.00300288 -0.00264593 0.00770212 0.00332255 0.000331464 -0.000181899 -0.000912454 -0.00123507 0.000392713 -0.00018059 -0.000737028 0.0454703 -0.00867307 6.33857e-05 -0.0016379 0.00406868 -0.0105546 0.00112786 -0.00859108 0.000450827 -0.00695247 -7.11898e-05 0.00345573 0.00320262 -0.00680561 -0.0150729 0.000286883 -0.00220446 0.000179639 0.00460006 -0.000496727 -0.000876575 -0.0107198 -0.00013138 -0.00873134 -0.00220757 -0.000120794 -0.000661398 0.00014808 -0.000774062 -0.0170618 0.000557597 -0.000183781 -0.0106522 -0.00253927 -0.00051233 -0.000547416 0.00231152 0.00120236 -0.00853538 1.081e-05 5.55744e-05 0.0151614 -0.00172644 1.13417e-05 0.00958178 0.0108902 0.00925569 0.00312878 0.00193012 -0.00385095 -0.0109859 -0.000797704 -0.00503897 0.00923038 -0.000737482 -0.000396385 -3.12393e-05 -9.78496e-05 0.00172219 -0.000629346 -0.00489205 0.000574837 0.00014529 -0.00278825 0.00869573 -4.90887e-05 -0.00210697 -0.00474694 0.00210639 
0.0711757 -0.000427537 -0.0315759 -0.0293145 -0.0528778 0.077789 -0.000614899 -0.0164043 0.0840391 -0.000512129 -0.0533286 -0.000433481 -0.020674 -0.0755059 -0.00376769 -0.0816848 -0.00305217 0.00173742 -0.017165 -0.083959 0.00152041 -0.0094622 -0.0076581 -0.00750474 -0.000265457 -0.00568601 -0.00861209 -0.0210126 -0.00640457 0.00674398 0.00450843 -0.00867307 0.24829 -0.000356179 -0.00412386 -0.051966 0.154458 -0.0613796 -0.112368 -0.0016009 -0.203624 -0.00177365 -0.00425148 0.0574795 0.174386 0.122003 -0.00136192 0.00230154 -0.000274087 -0.0159419 -0.0269666 -0.00951436 0.064789 -0.00281049 0.0904136 -0.0314766 0.00107728 -0.000181369 -0.00572813 -0.00980626 0.135998 -0.000153122 -0.000850882 0.0626465 0.0138441 -0.0159994 -3.14072e-06 -0.00605018 -0.0128361 0.17949 -0.00249811 -0.0060196 -0.110516 0.00195455 0.0003895 -0.144978 -0.114692 -0.12365 0.00124485 0.0719654 0.0597635 0.0503524 -0.0109469 0.00922598 -0.0975853 0.00529214 -0.0136011 0.000123127 0.00193278 -0.0150403 -0.0112706 0.036718 -0.0887891 -0.0134792 0.0183462 0.0276421 0.000196476 -0.000233708 0.0411911 0.0002452 
-0.000207032 8.07146e-06 -9.20962e-05 8.59031e-05 -3.55545e-05 -0.000225578 -6.63397e-07 -3.49297e-05 -0.000199547 1.0277e-05 -0.000154664 -3.59566e-07 -9.66455e-05 0.000368935 3.24552e-05 -7.63862e-05 -5.3341e-05 -7.65622e-06 9.33366e-05 0.000257219 0.000465785 0.000117173 -8.70474e-05 -1.63742e-05 0.000141217 3.31189e-05 -6.33966e-06 9.10894e-05 0.000131121 -8.23701e-06 1.60686e-05 6.33857e-05 -0.000356179 0.00109066 2.68495e-05 -0.000137696 -0.00033012 0.000128295 0.000466961 -7.84748e-06 0.000318861 1.76679e-05 -1.28337e-05 -0.000327735 -0.000555289 -0.000315114 5.39762e-06 0.000134235 4.08973e-06 1.6001e-05 8.61073e-05 0.000148127 -0.00022718 4.26263e-05 -0.000160697 -4.00035e-05 9.28651e-06 6.94112e-05 8.27708e-05 3.48606e-05 -0.000371799 4.77969e-05 2.56995e-06 -0.000218501 -2.55733e-05 0.000119036 -1.48893e-05 2.3613e-05 1.49229e-05 -0.000373509 5.29264e-07 7.63305e-05 0.000161583 -2.52756e-05 3.36465e-05 0.000200825 0.000201501 0.000131417 -0.00041407 -0.000604375 -0.000357116 -0.000324465 0.000145221 -0.000144244 0.000409249 -8.7186e-06 0.000229126 1.67096e-05 7.2147e-06 -3.50917e-05 0.000203547 -7.55624e-05 0.000398629 7.48581e-06 6.24698e-05 -0.000231089 -3.61945e-07 -1.35865e-05 -9.64026e-05 1.69871e-05 
