0.148184 -0.00602338 0.00498576 0.0119144 -0.000534838 0.00123498 0.0181224 0.00155066 -0.00611011 0.00153692 0.0385545 -0.0100844 0.000498047 -0.00717485 -0.000681805 -0.0127721 -0.00401497 -0.0474685 -0.0296786 0.0192108 -0.00629901 0.0401661 0.0180311 -0.00315925 -0.00151551 0.000999627 0.0323148 0.000259462 0.000256766 -0.00204838 -0.0142046 -0.000273684 -1.40836e-05 -0.00638191 1.69422e-05 -0.00125902 -0.000132922 -0.00415667 -0.0001127 -0.0325513 0.00235587 -0.000327096 -0.011282 -0.00502408 0.0289427 0.00139766 0.0184816 0.00526225 -0.00293307 -0.00640679 0.00101021 0.00323547 0.0142321 -0.0446618 0.00133124 -0.00367231 0.0162853 -0.0127945 -0.00106219 -0.0220422 -0.0285606 0.000298576 -0.00347073 -0.037252 -0.00116105 -0.0149316 -0.0232646 -0.00123185 1.05333e-05 0.000111998 -9.53418e-05 -0.00355875 -0.00138395 -0.0193199 0.00382607 -0.00686481 0.000779689 0.0159841 0.000534476 -0.0502026 0.0117727 -0.0114892 -0.00183037 -0.00195836 -0.0225524 0.000864001 0.000181707 0.0214477 0.00521135 -0.001196 -0.00358522 -0.00030731 -0.00188469 0.0045225 0.0131078 -0.00390222 -0.000850611 0.0108322 0.00614785 0.0217081 
-0.00602338 0.0350293 -0.0122969 -0.00209209 -0.00249441 0.00726681 -0.00176873 -0.00233734 -0.0123883 0.0145977 -0.0119047 -0.00373337 0.00349265 -0.0027822 0.00052344 -0.012938 0.00312472 -0.0215878 -0.00683957 -0.00902946 -0.000600692 0.0111035 -0.0089593 -0.000485195 0.0071745 -0.000204833 -0.00287973 -0.000316158 0.00321825 -0.00424501 -0.00284099 0.00199826 0.00108413 0.0236574 -0.000229407 0.00723003 0.000679761 -0.000251855 0.0178176 -0.00501989 0.00130931 0.0142092 0.00534031 0.0025483 -0.00497968 -0.000608723 0.00193035 -0.00248644 0.0033891 -0.000991961 0.000228409 -2.82579e-05 -0.00663053 -0.0116821 -6.75214e-05 0.00131416 0.0125555 -0.00352114 0.00016281 0.0143721 -0.0211842 9.4556e-07 0.0250295 -0.00747584 0.0239912 -0.0217114 -0.00685295 -0.00117888 0.00334833 4.96095e-05 5.60273e-05 -0.0145953 -0.000793317 -0.00414367 -0.00258893 -0.00323716 -0.00583293 -0.013397 0.025273 -0.0107872 0.0165445 -0.0196161 -0.000686656 0.0037973 0.0088589 0.00026339 -4.50352e-05 -0.0237751 0.00177555 -3.01193e-05 0.00292796 0.00131271 0.00097197 0.00216257 -0.00307886 0.0127928 0.000226748 0.0137335 -0.00510918 -0.00710864 
0.00498576 -0.0122969 0.246828 -0.0319049 0.14987 -0.00105951 0.0183792 0.000522727 0.162003 0.069684 0.0679742 -0.0268096 -0.00654794 0.0103098 -0.00579211 -0.052596 -0.0263757 -0.0279094 -0.0196128 0.105973 -0.00835993 -0.0193499 -0.112339 -0.00363802 -0.00288516 -0.00244874 -0.0755002 -0.00154093 -0.000618483 0.0166217 -0.0142353 -0.00127116 -0.000708481 -0.0124441 -0.00221964 -0.00646882 -0.00219187 -0.0110557 -0.0219768 -0.0573185 0.000111065 0.00184626 -0.0212886 -0.0420631 -0.0246944 0.00778362 -0.0297239 0.0175345 -0.0109835 -0.0134388 0.000936504 -0.00345578 -0.035051 -0.0619695 0.00268519 -0.0186449 0.0131146 -0.00778726 -0.00122266 0.0160406 0.0357875 -0.000390196 -0.0143173 -0.00446949 -0.00334058 0.028056 -0.0213722 0.00310154 -0.00161739 -7.79213e-05 -0.000754922 0.0808181 -0.0120817 0.0115499 -0.038155 -0.032827 -0.0105168 -0.0521741 -0.00652407 -0.0698341 -0.041802 0.0242758 -0.00745798 -0.00358743 -0.0488469 -0.00392656 0.000269093 0.0847526 -0.00919575 -0.00231277 -0.0102705 -0.00189326 -0.00929618 0.00639763 -0.00482729 -0.00872568 -0.00327323 0.0199808 0.087661 -0.0341864 
0.0119144 -0.00209209 -0.0319049 0.0772508 -0.0248652 -0.00217673 -0.00516675 0.0120189 -0.0284311 -0.0328066 0.00933038 0.0120587 0.00405933 0.0193862 0.00209332 -0.0240589 -0.00357679 0.00486889 -0.000911255 -0.0184308 -0.00270722 0.00724378 0.0409896 -0.00047544 -0.000356598 0.000347305 0.0354961 0.00050083 -0.00047019 -0.00957965 0.00131143 -0.000157213 3.3322e-05 -0.00192109 0.00523748 0.00167263 0.00171804 -0.00256361 0.00571053 -0.00578875 -0.00063635 -0.00176218 0.00269861 -0.00187681 0.0241908 -0.000665728 0.0100317 -0.0022351 0.00239507 0.00468871 3.04867e-05 0.00134936 0.019334 -0.00710156 -0.000678532 0.00163033 -0.00551661 -0.00656967 0.000820787 -0.0130219 -0.012506 0.000475288 -0.0037894 -0.00984053 -0.00671173 0.00192044 -0.00579017 0.00505196 0.00046243 -7.06563e-05 0.000255555 -0.0292165 0.0113485 -0.0101132 0.0157414 -0.0022708 -0.0105233 0.0221452 -0.00844702 0.000328667 0.0033132 -0.00281009 0.0059322 0.000361699 -0.00150865 -0.000148606 -9.24443e-05 -0.031659 -0.00100119 -0.000501685 0.00146781 -0.000201413 0.00976882 -0.00234918 -0.0023788 -0.0025878 0.000128065 -0.00596237 -0.0153144 0.00518701 
-0.000534838 -0.00249441 0.14987 -0.0248652 0.23985 0.00456845 0.0349513 0.0055724 0.120261 0.143867 0.0715473 -0.039444 -0.00144817 0.0256542 -0.000980547 -0.0533649 -0.0132492 -0.0603066 -0.04221 0.0982331 0.000906448 0.0116232 -0.0870994 -0.00224959 -0.00137848 -0.00300794 -0.0580519 -0.00327947 0.00269874 -0.0166562 -0.0283165 -0.000173837 0.00020152 -0.00302306 -0.00257675 -0.00214908 -0.00236397 -0.0114595 -0.0147745 -0.0419374 0.0026406 0.0228396 -0.0237653 -0.0290764 -0.0434985 0.00100502 -0.0416545 0.0174891 -0.00826358 -0.0113636 0.000453291 -0.000385456 -0.0241785 -0.078119 0.00268378 -0.0173247 0.0242701 -0.0291576 -0.00289677 0.0598925 0.0516401 -0.000526475 -0.000453286 -0.0152783 0.0203284 -0.00224995 -0.0569098 -0.00695287 0.00413744 0.000201711 -0.000597581 0.0313968 -0.0138378 -0.00622172 -0.0297275 -0.0350454 0.00576353 -0.0851214 0.0112408 -0.0724752 -0.0205223 -0.0134647 -0.00749493 -0.00294011 -0.0398358 -0.00244337 -0.000384492 0.0527141 -0.00808659 -0.00185296 -0.00181038 -0.00113104 -0.00775818 0.00534568 -0.0292323 -0.00203507 -0.0029257 0.0302572 0.0996552 -0.0593646 
0.00123498 0.00726681 -0.00105951 -0.00217673 0.00456845 0.0332946 0.00707572 0.00553137 -0.00182833 0.012307 -0.00483752 -0.00353454 0.000558592 -0.00106569 0.0017575 -0.011163 -0.000963654 -0.0162197 -0.00238474 -0.00882451 -0.000951844 0.0122126 -0.00995131 -0.000341914 0.00299608 -0.000182173 -0.0067168 -0.000335533 0.00164427 -0.00304826 -0.0015311 2.99809e-05 0.00113847 0.00711108 0.000139372 0.00340527 0.000709777 -8.99067e-05 0.00731402 -0.00481271 0.00114315 0.0140012 -0.000649728 -0.00184359 -0.00407519 -0.000320423 -0.00287155 0.00838726 -0.000899043 -0.000415599 -9.736e-05 0.00404602 -0.00459968 -0.00796859 -6.85846e-05 0.000775397 0.0193674 -0.00138717 -7.81604e-07 0.00643266 -0.0049977 4.85143e-05 0.00947289 -0.00590029 0.0147309 -0.0148613 -0.00428802 -0.000720384 4.87419e-06 -1.81294e-05 -2.7811e-05 -0.00962036 0.000151634 -0.00310152 -0.00228975 -0.00266336 -0.00753391 -0.010544 0.0104127 -0.00913378 0.00195973 -0.0132897 -0.000414908 0.00260432 -0.00278702 -3.04734e-05 -3.89672e-05 -0.00806485 0.000979223 0.000763912 0.000258446 0.000569742 -0.000177321 5.51692e-05 -0.00273161 0.00344542 -0.000232595 0.0120795 -0.00449075 -0.00681075 
0.0181224 -0.00176873 0.0183792 -0.00516675 0.0349513 0.00707572 0.089188 0.0180801 0.0180338 0.0360223 0.0172335 -0.00568991 0.00151777 -0.000904788 -0.000581451 -0.0335937 -0.00719455 -0.0461323 -0.00956636 0.0193775 -0.00325606 0.0223119 -0.018162 -0.00140126 0.000583164 -5.61611e-05 -0.00220565 -0.000765633 -8.88185e-05 -0.00804905 -0.00756741 -0.000168454 5.63813e-05 -0.00284268 -0.00111805 -0.00126751 -1.8047e-05 -0.00165626 -0.00292598 -0.00962786 0.00130923 0.0131796 -0.00901268 -0.00294001 -0.00403897 -0.00148038 -0.0043774 0.0196336 -0.00226608 -0.0026597 -0.000112582 0.00700329 -0.00363166 -0.0367023 0.000114401 -0.00402722 0.0369537 -0.00855035 -0.00104839 0.00516819 -0.0110513 -0.000107875 0.00117646 -0.0210221 0.0117815 -0.0252458 -0.01638 -0.00300053 -0.000203842 0.000118049 -0.000157348 -0.00208006 -0.000421654 -0.00516427 -0.00449706 0.000902801 0.0096833 -0.0249055 0.00419296 -0.0347416 -0.00826307 -0.0212984 -0.00186619 -0.000229079 -0.0155471 -0.000676431 -7.81536e-05 0.00759198 -0.00162581 -0.000192588 -0.00133038 -0.000308758 -0.00225835 0.00486338 -0.00819395 0.00210169 -0.000476211 0.0211449 0.0230111 -0.00691654 
0.00155066 -0.00233734 0.000522727 0.0120189 0.0055724 0.00553137 0.0180801 0.132673 -0.0100658 0.00355028 0.017213 -0.00814292 0.00359856 0.00799545 -5.87649e-05 -0.0363051 -0.0103872 -0.0210219 -0.0143838 -0.00872596 0.00104721 0.00273139 0.0162886 0.00485714 0.00111241 0.00295997 0.0115926 -0.00113135 0.000155442 -0.0112262 -0.00497539 0.000208091 -0.000537498 -0.00382969 0.000173019 -0.00184219 9.28413e-05 -0.000646154 -0.00204117 0.00400825 0.00184829 0.0243879 0.00193697 -0.00320881 0.0112213 -0.00110168 -0.00578166 0.0202875 -0.00301928 0.0010056 -0.000143644 0.00478204 -0.0027766 -0.0166471 -0.000927599 -0.00186535 0.0136268 -0.00725357 0.000723923 0.0133086 0.00849235 -6.38038e-05 -0.00609936 -0.0089499 0.00936766 -0.00722674 -0.00974057 0.000378374 -0.000252426 -0.000116505 0.000217729 -0.0209884 -0.0014265 -0.0089937 0.00740475 -0.00713686 -0.0209276 -0.0165295 -0.0152261 -0.000447806 -0.0119292 0.00957123 0.00463124 0.000108937 0.00199292 -0.00042797 0.000367503 -0.0206455 -0.00405534 -0.000259604 -0.00185612 -0.000213433 0.00174294 -0.00529936 -0.00773955 -0.00221202 -0.000750537 0.00217244 -0.0203264 -0.0128862 
-0.00611011 -0.0123883 0.162003 -0.0284311 0.120261 -0.00182833 0.0180338 -0.0100658 0.238944 0.0702249 0.0624312 -0.0188725 -0.00783099 0.0088669 -0.0058755 -0.0352812 -0.0190186 -0.0133506 -0.00850515 0.110279 -0.00654312 -0.0362616 -0.0916024 0.000417698 -0.00400813 -0.00241706 -0.0736125 -0.00567898 -0.00115321 0.026815 -0.00843435 -0.00125819 -0.000200709 -0.0120598 -0.00304405 -0.0038669 -0.00119485 -0.0121196 -0.021461 -0.0526834 -0.00100883 -0.0095309 -0.0183234 -0.0388693 -0.0218448 0.00259318 -0.0323339 0.0154498 -0.00964533 -0.0115516 -0.000522077 -0.00554138 -0.0240041 -0.0601722 0.000725275 -0.0176724 0.00714422 -0.0109988 -0.00139667 0.00414301 0.0276056 -0.000428754 -0.0214774 -0.0273841 -0.0132738 0.023646 -0.0257787 -0.00211548 -0.00294819 -0.000141512 -0.000843775 0.0982185 -0.0108223 0.0172299 -0.0359741 -0.0132885 0.0175134 -0.0751917 -0.0107795 -0.0610641 -0.0551566 0.0319994 -0.00731231 -0.00323637 -0.036458 -0.00342473 0.000191363 0.0785325 -0.00933908 -0.00202421 -0.0108832 -0.00151594 -0.00921553 0.00989637 -0.00205449 -0.0118376 -0.00270643 0.0132159 0.0907567 -0.0318883 
0.00153692 0.0145977 0.069684 -0.0328066 0.143867 0.012307 0.0360223 0.00355028 0.0702249 0.24896 0.047153 -0.0337445 0.00186602 0.00705522 0.00175005 -0.0210173 0.02328 -0.090472 -0.0739091 0.0674995 0.00851638 0.037688 -0.0579182 0.00290754 0.00285086 -0.00401218 -0.0437948 -0.00552193 0.00325996 -0.0263177 -0.0428915 0.000880161 0.00139664 0.0134151 -0.00419439 0.00163352 -0.00180543 -0.0143335 0.00388829 0.000505633 0.00352256 0.026777 -0.0243901 0.0122132 -0.0506836 -0.00441748 -0.0417294 0.00950094 -0.0065802 -0.0102289 0.000250551 0.00263408 -0.0261488 -0.0781305 0.00165924 -0.00944943 0.0314031 -0.0457594 -0.00363041 0.0908387 0.029178 -0.000450141 0.0309315 -0.026129 0.0434472 -0.0432394 -0.085811 -0.0127271 0.00338968 0.000169309 -0.000518609 -0.00244193 -0.0137503 -0.0195493 -0.0158721 -0.0132493 0.0435556 -0.124904 0.0450888 -0.0638611 0.00472253 -0.0563721 -0.0100717 0.000938537 -0.000538688 0.000236387 -0.000603736 0.00986036 -0.00381389 -0.000100513 0.00704483 -1.65205e-05 -0.00943257 0.0127077 -0.0360697 0.0118913 -0.00272096 0.0329047 0.0732544 -0.0582858 
0.0385545 -0.0119047 0.0679742 0.00933038 0.0715473 -0.00483752 0.0172335 0.017213 0.0624312 0.047153 0.23157 -0.0306974 -0.00536809 0.0135236 -0.00473876 -0.048253 -0.0205558 -0.0425441 -0.0590367 0.100493 -0.0105894 -0.0181201 -0.0198008 -0.00542835 -0.00336452 0.00165309 -0.00142008 -0.00124803 -0.00211746 -0.0143232 -0.00537599 -0.00108322 -0.00110781 -0.0144179 -0.00300382 -0.00853107 -0.00263422 -0.0114976 -0.0170055 -0.0619622 -0.00263876 -0.00648735 0.00187837 -0.0112128 0.0158586 0.00155414 -0.00572701 0.00996705 -0.0092559 -0.0134339 -0.000688211 -0.000678581 0.0109266 -0.0770572 -0.000726344 -0.0135245 -0.00262317 -0.0277319 -0.00028212 0.0546802 0.0383885 -0.00044165 -0.0138158 -0.0262437 -0.0255742 0.0522478 -0.0263358 0.00222248 -0.0020419 6.21838e-06 -9.14324e-05 -0.00361117 -0.00907998 -0.0126757 -0.013753 -0.0213889 0.0135774 -0.0271348 -0.0399228 -0.0653949 -0.0359075 0.0442742 -0.00194051 -0.00271868 -0.0360717 -0.00276413 0.000184543 0.0643878 -0.0106401 -0.00212525 -0.00978402 -0.0012535 -0.00704319 -0.00882132 -0.0012924 -0.0115601 -0.0021729 -0.00483334 0.0719573 -0.0313187 
-0.0100844 -0.00373337 -0.0268096 0.0120587 -0.039444 -0.00353454 -0.00568991 -0.00814292 -0.0188725 -0.0337445 -0.0306974 0.0977798 -0.000527402 -0.0112515 -0.00128287 0.020702 -0.0109683 0.0142054 0.00424731 -0.0183746 -0.0023853 -0.00726375 0.0453911 -0.0012635 -0.00106452 0.00115379 0.0413376 -0.00169697 -0.000728024 0.00778717 -0.00400367 -0.000351054 -0.000307693 -0.00352296 0.00130149 0.00023405 -0.000392559 -0.000259712 0.00845006 0.0146641 -0.000764464 -0.00719595 -0.0112623 -0.0093115 0.0134461 -0.00146206 -0.000867769 -0.00636227 0.00792021 0.000936956 8.31464e-05 -0.00112194 0.00424293 -0.016004 -0.000690443 0.0140032 -0.00862649 -0.00864034 -0.000814761 -0.031046 -0.0499291 0.000284778 -0.00885504 -0.020201 -0.00796371 -0.0343506 -0.00819444 -0.00146661 -0.000869681 -1.04777e-05 9.04615e-06 0.0273214 0.00228418 0.0161744 0.00276695 0.0292467 0.0236819 0.0385988 -0.0133427 -0.00245968 0.0132859 -0.0152932 0.00412819 -0.0011667 0.00583846 0.00138764 -9.06078e-05 -0.0192915 0.00289566 -0.000796974 -0.00252062 -8.7682e-05 0.00980284 0.00674472 0.0163989 -0.00375561 0.00432001 -0.00812472 -0.0187965 0.0530195 
0.000498047 0.00349265 -0.00654794 0.00405933 -0.00144817 0.000558592 0.00151777 0.00359856 -0.00783099 0.00186602 -0.00536809 -0.000527402 0.0217645 1.97261e-05 0.00171935 -0.00265659 0.00163468 -0.00683448 -0.00129248 -0.00476473 0.000726844 0.00356406 0.00397818 0.000225138 0.00144617 0.000327472 0.00756359 0.000732046 0.000682547 -0.00134233 -0.0019134 0.000829246 0.000292915 0.00287997 0.000994653 0.000865303 0.00100527 -8.1659e-05 0.00262046 0.00105438 0.00182998 0.00631758 -0.000610474 0.00239545 -0.000892843 -0.000226042 -0.00042441 -0.000747886 0.000699934 -0.000756031 1.80639e-05 0.00133864 0.000970891 -0.00659793 8.14325e-05 0.00255252 0.00170624 -0.00200414 -0.00019457 -0.000441856 -0.0072816 1.55958e-05 0.00218819 -0.00464567 0.00856804 -0.00563128 -0.00410124 0.000394425 -0.000129402 2.97417e-06 0.00031892 -0.00820538 0.00260577 -0.00270359 0.000281926 -0.00100001 -0.00208824 -0.00519159 0.00263184 0.00053312 0.00548726 -0.0082326 -0.000345632 8.70102e-05 -0.000963911 0.000283364 -3.15754e-06 -0.0127845 -0.00013802 0.00031385 0.00101487 0.000258215 0.00247137 -0.00017533 -0.000714688 0.0027441 -7.69603e-07 0.00202938 -0.00236383 -0.000453545 
-0.00717485 -0.0027822 0.0103098 0.0193862 0.0256542 -0.00106569 -0.000904788 0.00799545 0.0088669 0.00705522 0.0135236 -0.0112515 1.97261e-05 0.108572 0.00322224 -0.0406758 0.00299264 -0.00757737 0.0137673 -0.00921831 -0.00234491 0.000141142 -0.0127701 -0.0020017 -0.00119039 -0.000140781 -0.0140691 0.00343063 0.000294451 -0.00948062 0.00493803 -0.000292903 -9.90652e-05 -0.00271676 0.00130092 0.00237168 0.00122261 -0.0034435 -0.0036871 -0.00694319 -6.26006e-05 0.00245555 0.00578358 -0.0039192 -0.000462151 0.00112011 -0.00954951 0.00511661 -0.00201998 0.00346306 -0.000433022 0.000712381 0.00101257 0.00855505 -0.000380445 -0.00505706 -0.00128566 -0.00546826 -0.000597165 0.019821 0.0108071 9.01692e-05 -0.00517464 0.00534677 -0.0104699 0.0184989 -0.00959481 0.0009828 -0.000329613 -0.000101635 3.00898e-05 -0.0261292 0.0127429 -0.00990545 0.00271304 -0.0105052 -0.0236167 -0.0195323 -0.0050558 0.0137588 -0.0149558 0.0117327 -9.23314e-06 -0.000639621 -0.0082707 -0.00028907 7.7277e-05 -0.00487752 -0.00512559 8.51372e-05 0.0067036 -0.000487463 0.000586737 -0.00575364 -0.0098555 -0.00255791 -0.00068421 -0.00152181 -0.01116 -0.0115921 
-0.000681805 0.00052344 -0.00579211 0.00209332 -0.000980547 0.0017575 -0.000581451 -5.87649e-05 -0.0058755 0.00175005 -0.00473876 -0.00128287 0.00171935 0.00322224 0.019315 -0.00115511 0.00694046 -0.00404993 -0.000248645 -0.00476337 2.28774e-05 0.00382338 0.00114111 -6.41866e-05 -0.000162857 -0.000156644 -0.000449847 7.95359e-05 0.000100934 -0.00098914 -0.00148891 0.000207952 1.45114e-05 6.68381e-05 4.22888e-05 0.000213088 0.000375848 0.00031455 -0.000449793 0.00368571 0.000105551 0.0036969 -0.00149275 0.00612698 -0.00253945 -0.000210773 -0.0023905 -0.000785232 0.000452918 0.000177114 0.000171942 0.000835055 -0.00166778 0.00468181 -4.98538e-05 0.000768068 -2.53561e-06 -0.00111104 -0.000133819 0.000276478 0.000242962 2.76266e-05 0.00262094 -0.000578591 0.000542983 -0.0010083 -0.00282509 -0.000203822 0.000138853 3.76828e-06 0.000104281 -0.00671083 0.0032025 -0.00219183 -0.000359569 -0.000234994 0.00115382 -0.00574429 0.00194563 0.00173665 0.00182044 -0.00589062 -0.000286893 -0.000140412 0.000806075 0.000621529 -1.66743e-05 -0.00956611 0.000583822 0.00105921 0.00299991 -1.4614e-05 -3.63991e-05 -0.000271892 -0.000978696 0.000718447 -3.49203e-05 -0.00013814 -0.00322715 -0.000218483 
-0.0127721 -0.012938 -0.052596 -0.0240589 -0.0533649 -0.011163 -0.0335937 -0.0363051 -0.0352812 -0.0210173 -0.048253 0.020702 -0.00265659 -0.0406758 -0.00115511 0.228937 0.0181013 0.0519794 0.0207315 -0.0114565 0.00915443 -0.018438 0.0469607 0.00153542 -0.00645872 -0.00286832 0.0219687 -0.00330411 -0.00303603 0.0258153 -0.0220626 -0.000828556 -0.00149085 -0.0174231 -0.00136188 -0.0103669 -0.00140867 0.00707113 -0.00853958 0.0316917 -0.00460093 -0.0212269 -0.0252697 0.0264771 -0.0136389 -0.00310139 -0.0252226 -0.0278954 0.00247177 0.000354153 -0.00167443 -0.00444698 0.00230931 0.0264042 -0.00314432 0.0100674 -0.0422143 0.0135447 -0.00432054 -0.0153807 0.0202995 -0.00024867 -0.0107763 0.00247631 -0.0225304 0.0128814 0.00933623 -0.00949938 -0.00320369 5.42554e-05 -0.000614139 0.0214367 -0.00424766 0.0230308 0.00165763 0.0161636 0.0394922 0.0153721 -0.0282794 0.0388584 0.0130878 -0.0013412 -0.004755 -0.00581925 0.0196995 0.00215503 -0.000623296 0.00384749 0.00188532 0.000458338 0.00291133 3.89324e-05 -0.00327328 -0.00429374 0.00153635 -0.00771067 0.000949965 -0.0448433 -0.0159567 0.0411209 
-0.00401497 0.00312472 -0.0263757 -0.00357679 -0.0132492 -0.000963654 -0.00719455 -0.0103872 -0.0190186 0.02328 -0.0205558 -0.0109683 0.00163468 0.00299264 0.00694046 0.0181013 0.0944177 -0.00441579 -0.00465053 -0.0258861 0.00272658 0.019737 -0.0106154 0.00131612 -0.000938886 -0.00105738 -0.0123581 -0.00097137 0.000184073 -0.00584646 -0.00915012 0.0013084 0.000664728 0.00403413 -0.000445063 0.00207149 0.00111326 0.00207809 0.00115433 0.018425 -0.000846476 0.00110914 -0.00370848 0.0427279 -0.0118942 -0.00144158 -0.011967 -0.00430519 -0.000817138 -0.00366127 -0.000241906 0.000658259 -0.00790229 0.0226952 -0.000786955 -0.00346216 -0.00471038 -0.000867418 -0.000111732 0.0110466 0.0146271 0.000102753 0.0116911 0.0113027 -0.0016715 0.00638925 -0.0140418 -0.00220784 0.000479471 -0.000121734 -0.000151157 -0.0278494 0.00732133 -0.011938 0.0027082 -0.00534048 -0.00133597 -0.030404 0.0265808 0.0160745 -0.00506453 -0.0109712 -0.00194865 -0.00124979 0.00635343 0.000626153 -0.000123442 -0.0121529 0.00245417 0.00128106 0.0118756 0.000371725 -0.00182462 -0.00382166 -0.00235115 0.000869027 -0.000513386 -0.00383203 -0.00452756 -0.0118432 
-0.0474685 -0.0215878 -0.0279094 0.00486889 -0.0603066 -0.0162197 -0.0461323 -0.0210219 -0.0133506 -0.090472 -0.0425441 0.0142054 -0.00683448 -0.00757737 -0.00404993 0.0519794 -0.00441579 0.232612 0.0404268 -0.0352774 -0.00105567 -0.0820942 0.0321512 -0.00375058 -0.00691982 -0.00403109 0.00092268 -0.00536035 -0.0045464 0.00207384 0.0130992 -0.00157508 -0.00259104 -0.0204794 -3.84758e-05 -0.00922863 -0.00219923 0.00589051 -0.0191083 0.0189216 -0.00449198 -0.0302896 0.00638171 -0.0108832 0.0126633 -0.00259204 0.0026551 -0.0237684 -0.00343619 0.00936773 -0.00134602 -0.00909527 -0.00264673 0.0916443 -0.00418175 0.00411189 -0.0500021 0.0321703 -0.000423667 -0.05171 0.0549373 -0.000149846 -0.0460858 0.0512937 -0.0362202 0.0613491 0.0485318 0.000506751 -0.00488973 -0.000264776 0.000220614 -0.0128589 -0.00869523 0.0210808 0.0172926 0.00762635 -0.013234 0.0549983 -0.0300293 0.0962806 -0.0292317 0.0934233 0.00622677 -0.00453161 0.0198459 -0.00271353 -0.000557383 0.0160022 0.000332074 -0.000219094 -0.0130422 -0.000604905 -0.000541557 -0.0252885 0.0132647 -0.018926 -0.00326744 -0.0439853 -0.0334862 -0.00752194 
-0.0296786 -0.00683957 -0.0196128 -0.000911255 -0.04221 -0.00238474 -0.00956636 -0.0143838 -0.00850515 -0.0739091 -0.0590367 0.00424731 -0.00129248 0.0137673 -0.000248645 0.0207315 -0.00465053 0.0404268 0.157434 -0.0413603 -0.0018996 -0.00894488 -0.00550864 -0.000751618 -0.00202071 -0.000462895 -0.0213833 0.00509231 -0.00148318 0.00941365 0.0255033 -0.000602123 -0.000241996 -0.00741016 0.00182759 -0.000356967 0.00245241 0.0132734 -0.0109183 -0.00415674 -0.00131937 -0.0086708 0.00240389 -0.0125895 -0.00551935 0.00211225 -0.00219049 0.00899744 -0.00292088 0.0136121 -0.000756762 0.00162309 -0.000452313 0.0550015 -0.000933064 -0.00604131 -0.00852283 0.0395107 0.00030885 -0.038514 0.0113698 0.000176221 -0.0123237 0.0189149 -0.0175116 0.0274197 0.0444269 -0.00131183 -0.00177437 -0.000132675 -0.000330021 0.0012498 0.0173652 0.0200657 -0.00137579 0.00479501 -0.0401858 0.0164786 -0.0219177 0.0536415 -0.0235357 0.0117497 -0.000424658 -0.000476046 -0.00640486 -0.00167302 9.16277e-05 0.00846301 -0.00632293 0.00223666 -0.000784572 -7.42521e-05 -0.00355384 -0.00311933 -0.0055263 -0.00471174 -0.000940635 -0.0106231 -0.0303901 0.00840269 
0.0192108 -0.00902946 0.105973 -0.0184308 0.0982331 -0.00882451 0.0193775 -0.00872596 0.110279 0.0674995 0.100493 -0.0183746 -0.00476473 -0.00921831 -0.00476337 -0.0114565 -0.0258861 -0.0352774 -0.0413603 0.228726 -0.00540534 -0.00927678 -0.0339566 -0.00200615 -0.00308918 -0.0011521 -0.0265247 -0.00369231 -0.000432661 0.00995367 -0.023587 -0.00106912 -0.000169469 -0.0130156 -0.00307705 -0.00497388 -0.00231202 -0.010058 -0.019509 -0.0497824 -0.000190012 -0.0100042 -0.0219501 -0.0153153 -0.0201667 0.00189739 -0.0242477 0.0038493 -0.00572753 -0.0141621 0.000723946 -0.00380345 0.00337376 -0.0873967 0.00443233 -0.00889513 0.00494009 -0.0271462 -0.00296184 0.016276 0.00602546 -0.000238139 -0.0070926 -0.0530721 -0.00562823 0.0157995 -0.047905 -0.00544708 -0.00102925 0.000246429 -0.000679759 0.051041 -0.010716 -0.00207728 -0.0240462 -0.0159099 0.050041 -0.0569938 -0.0108554 -0.0850436 -0.0250914 0.0112071 -0.00612836 -0.00279851 -0.0276742 -0.00218176 0.00035359 0.0437247 -0.00469323 -0.00245559 -0.0100011 -0.00126026 -0.00786255 0.0106673 -0.00495034 -0.0057638 -0.00154223 0.0159527 0.100023 -0.0200146 
-0.00629901 -0.000600692 -0.00835993 -0.00270722 0.000906448 -0.000951844 -0.00325606 0.00104721 -0.00654312 0.00851638 -0.0105894 -0.0023853 0.000726844 -0.00234491 2.28774e-05 0.00915443 0.00272658 -0.00105567 -0.0018996 -0.00540534 0.0362667 0.00622507 0.0125302 0.00828165 -0.000388403 -2.46944e-06 0.00149624 -0.000559544 -0.000145755 0.000956917 -0.00319029 1.68072e-05 -6.9867e-05 -0.000966446 -0.000289391 -0.000615209 -3.85164e-05 0.00247181 -0.000837591 0.0141403 0.00040124 0.000671413 -0.00240993 0.00464877 -0.00435784 -0.000441615 -0.00449948 -0.00235847 0.000257839 0.000568298 -4.6078e-06 -0.000271953 -0.00119381 0.0023006 0.00048497 0.000680274 -0.00294467 -0.002543 0.000120833 0.00176809 0.00113144 4.28512e-05 -6.72468e-05 0.000712617 0.00420841 -0.00708364 -0.00342949 -0.000215243 0.000867745 6.95127e-07 0.000605897 -0.00116456 0.000221451 0.000124664 0.00408155 0.00300338 -0.00385851 -0.00620422 -0.00210023 0.00334369 -0.00090321 -0.0104686 -0.000556836 -5.20208e-05 0.00136329 8.81412e-05 -9.59995e-06 -0.0166547 -0.000565779 0.000153761 0.00248318 -6.65446e-05 -0.000775583 0.000462814 -0.0030257 -0.000186728 1.91798e-05 -0.0018241 -0.00170741 0.00114339 
0.0401661 0.0111035 -0.0193499 0.00724378 0.0116232 0.0122126 0.0223119 0.00273139 -0.0362616 0.037688 -0.0181201 -0.00726375 0.00356406 0.000141142 0.00382338 -0.018438 0.019737 -0.0820942 -0.00894488 -0.00927678 0.00622507 0.199648 0.0155401 -0.0018734 0.00311848 -2.50971e-05 0.0348055 0.00799798 0.00349035 -0.0258693 -0.00331701 0.00110193 0.00190219 0.0152693 -0.00286378 0.0108204 0.00236782 -0.00246186 0.00606615 0.0181411 0.0038923 0.0310683 -0.0130519 0.00853578 0.0113527 0.000243381 0.0175542 -0.00503456 0.00207098 -0.00780683 0.00093671 0.00550502 0.0382528 -0.0522632 0.000807097 -0.00868122 0.0378187 -0.0193605 -0.000481835 -0.0251529 -0.065066 0.000332665 0.0207809 -0.0656953 0.0505716 -0.087589 -0.0370477 -0.000601126 0.00458353 7.16353e-05 -2.85831e-05 -0.00289384 0.0208653 -0.0273679 0.0119729 0.0123175 0.00299945 0.0112574 0.0465504 -0.0887959 0.0221403 -0.120662 -0.00321513 0.00225457 -0.027024 0.000379411 -0.000188405 -0.0419166 0.0179845 -0.000515965 0.0104838 0.000729265 -0.00124555 0.00362315 -0.0106268 0.0063877 -0.000200801 0.0346628 -0.0156241 0.0264709 
0.0180311 -0.0089593 -0.112339 0.0409896 -0.0870994 -0.00995131 -0.018162 0.0162886 -0.0916024 -0.0579182 -0.0198008 0.0453911 0.00397818 -0.0127701 0.00114111 0.0469607 -0.0106154 0.0321512 -0.00550864 -0.0339566 0.0125302 0.0155401 0.225167 0.00378752 -0.00309245 0.00377747 0.0975621 0.000249839 -0.00252851 -0.0107293 -0.0197735 -0.000893155 -0.000962219 -0.0108125 0.00312329 -0.00274659 0.00179138 -0.00113302 0.00310827 0.0446899 -0.00184649 -0.0175639 -0.0165993 0.0152614 0.0466415 -0.00407206 0.0166623 -0.0117899 0.0106797 0.008525 -0.000163922 4.70181e-05 0.0450004 0.00399097 -0.00129933 0.0156358 -0.0249157 -0.0216351 -0.00222309 -0.0380849 -0.0423915 0.000509865 -0.0102212 -0.0439849 -0.0101828 -0.032816 -0.0291061 -0.00405453 -0.00118413 -4.65963e-05 0.000664144 -0.0346966 0.00951165 -0.00393872 0.0293154 0.0334339 0.025959 0.0550641 -0.0300433 0.0141493 0.0297711 -0.0273231 0.00684999 -0.00316411 0.0155093 0.00330412 -0.000112104 -0.0771332 0.0100477 -3.92745e-05 -0.000733007 0.000886217 0.00851153 -0.00143371 0.0103041 -0.00423922 0.00339908 -0.0257302 -0.050651 0.0588793 
-0.00315925 -0.000485195 -0.00363802 -0.00047544 -0.00224959 -0.000341914 -0.00140126 0.00485714 0.000417698 0.00290754 -0.00542835 -0.0012635 0.000225138 -0.0020017 -6.41866e-05 0.00153542 0.00131612 -0.00375058 -0.000751618 -0.00200615 0.00828165 -0.0018734 0.00378752 0.0249326 -0.000100601 0.000787501 0.000671137 -0.000353826 -0.000129304 0.00219742 -0.00150379 -1.23659e-06 -5.97847e-05 -0.000361132 0.000306294 4.29513e-05 9.56936e-05 0.00132089 -0.00111601 0.00485026 0.000243785 0.00161826 -0.00018599 0.00621555 -0.00162073 0.000163956 -0.0030216 0.000866566 0.000264944 2.42369e-05 0.000150203 -0.00041992 -0.00234609 -0.000386704 0.000529284 0.000115426 -0.00117171 -0.00140253 -0.000141054 0.000408511 0.000646059 2.64071e-05 -1.39801e-05 -0.00349582 0.00181636 -0.00440297 -0.00215804 0.00113456 -8.96879e-05 -2.167e-05 0.000125106 -0.000328478 -0.000704057 0.00353957 0.0032301 0.00167675 -0.00214246 -0.00570274 -0.00269213 -0.000397507 -0.00227574 -0.00223061 1.65172e-05 0.000642011 0.00124677 0.000117134 9.64308e-05 -0.00875402 -0.000887144 2.78952e-05 0.000639792 3.59096e-05 0.000598361 0.00177716 -0.00119039 -0.000409567 -7.2122e-05 -0.00127423 0.000207351 -0.00427839 
-0.00151551 0.0071745 -0.00288516 -0.000356598 -0.00137848 0.00299608 0.000583164 0.00111241 -0.00400813 0.00285086 -0.00336452 -0.00106452 0.00144617 -0.00119039 -0.000162857 -0.00645872 -0.000938886 -0.00691982 -0.00202071 -0.00308918 -0.000388403 0.00311848 -0.00309245 -0.000100601 0.0116664 9.18482e-05 -0.000725926 -0.000106333 0.000469593 -0.00127741 -0.000163116 6.90949e-05 6.35651e-05 0.00686166 -2.57495e-05 0.00134286 0.000287202 0.000341352 0.00573367 -0.00248775 0.000448728 0.00571701 0.00292457 0.000338253 -0.00140781 -0.000200318 -0.000529665 -0.000157278 -1.36338e-05 -0.000246109 -2.78109e-06 0.00126001 -0.00189325 -0.00409126 -3.47498e-05 0.00192389 0.00744391 -0.00111502 -0.000116496 0.00368294 -0.00701693 -2.81606e-06 0.00735181 -0.00287901 0.00857883 -0.00692037 -0.0020211 -0.000271742 0.000349549 1.90577e-05 -1.44475e-05 -0.00477293 -1.73353e-05 -0.00137104 -0.00101793 -0.00112737 -0.00283945 -0.00370985 0.00498744 -0.0046595 0.00647028 -0.00591899 -0.00022209 0.00148977 0.000545456 0.00012738 -8.28196e-06 -0.00791954 0.0011902 -9.68963e-05 -4.03374e-05 0.000465617 0.000798293 -0.000404743 -0.000728542 0.00193852 -3.97324e-05 0.00691024 -0.00169221 -0.00192796 
0.000999627 -0.000204833 -0.00244874 0.000347305 -0.00300794 -0.000182173 -5.61611e-05 0.00295997 -0.00241706 -0.00401218 0.00165309 0.00115379 0.000327472 -0.000140781 -0.000156644 -0.00286832 -0.00105738 -0.00403109 -0.000462895 -0.0011521 -2.46944e-06 -2.50971e-05 0.00377747 0.000787501 9.18482e-05 0.0104258 0.00337684 0.000813739 -5.14827e-05 0.00106948 -0.000661671 -1.26842e-05 6.38806e-05 -3.66238e-05 0.000198187 4.33793e-05 0.000260869 0.000561453 0.000608306 0.000630107 5.47683e-06 -0.000483097 0.000100693 -0.000442795 0.00375883 0.000356578 -0.000430979 0.00296055 0.000105617 -0.000420365 0.000204299 0.000305295 0.00250884 -0.00365598 0.000103995 -0.000224249 -8.45896e-05 -0.000775084 -3.16545e-05 -0.00118975 -0.00524704 2.788e-05 -0.000512663 -0.00246558 -0.000397791 -0.00347772 -0.00122736 0.000690755 5.41816e-05 -4.81447e-06 2.15752e-05 0.000689311 0.00104595 0.00202557 -8.43458e-05 0.00229717 -0.0009061 0.00144047 -0.0012614 -0.00343635 0.000374222 -0.000939211 0.000258843 0.000182488 -0.00154551 -1.39709e-05 0.000387364 -0.00198457 0.000239381 3.38254e-05 -4.43697e-06 2.10148e-05 0.000405512 0.000743903 0.00101036 0.000624722 0.000288249 -0.00011331 -0.00147341 0.00239939 
0.0323148 -0.00287973 -0.0755002 0.0354961 -0.0580519 -0.0067168 -0.00220565 0.0115926 -0.0736125 -0.0437948 -0.00142008 0.0413376 0.00756359 -0.0140691 -0.000449847 0.0219687 -0.0123581 0.00092268 -0.0213833 -0.0265247 0.00149624 0.0348055 0.0975621 0.000671137 -0.000725926 0.00337684 0.1694 -0.00271119 -9.67205e-05 -0.0131285 -0.0129713 0.000445556 -0.000605485 -0.00201935 0.00311201 0.000619008 0.000597137 -0.00103351 0.0152676 0.00519756 0.000414533 -0.00248393 -0.0145563 0.00361268 0.0471638 -0.00252394 0.0181383 -0.0106341 0.0147876 -0.00125001 0.00070325 0.00130757 0.0582677 -0.0431964 -0.00177264 0.0181759 -0.0116214 -0.015196 -0.00147291 -0.0349822 -0.0508658 0.000626 -0.0128275 -0.0463574 0.0073022 -0.054394 -0.022066 -0.00123149 0.000557663 0.000190942 2.65969e-05 -0.0224169 0.00392851 -0.0122613 0.0326287 0.0119168 0.010624 0.0754598 -0.0155798 -0.0293842 0.0394767 -0.0417248 0.00720798 -0.00104734 -0.00550999 0.00290386 -0.000192934 -0.0526396 0.0107069 -0.00148977 -0.00425643 -7.3914e-05 0.0125002 -0.004696 0.0168462 -0.00558393 0.00345668 -0.0123917 -0.0354346 0.0616968 
0.000259462 -0.000316158 -0.00154093 0.00050083 -0.00327947 -0.000335533 -0.000765633 -0.00113135 -0.00567898 -0.00552193 -0.00124803 -0.00169697 0.000732046 0.00343063 7.95359e-05 -0.00330411 -0.00097137 -0.00536035 0.00509231 -0.00369231 -0.000559544 0.00799798 0.000249839 -0.000353826 -0.000106333 0.000813739 -0.00271119 0.0173707 0.000120455 -0.00116374 0.00580569 -3.7794e-05 0.000433581 -5.91371e-05 0.000141662 0.00082094 0.000228991 -2.78092e-05 -0.000853673 0.000317714 0.000136226 0.000863955 -4.82214e-05 -0.000376484 0.00194485 0.00105976 0.00115334 0.000120196 -0.000238133 0.000585487 -6.19615e-05 0.000423977 0.00608765 0.000954912 4.6261e-05 -0.000712344 0.000725454 -0.000500552 -0.000188035 -0.00365951 -0.00431843 -2.11704e-05 0.000364863 -0.00387114 -0.000331915 0.00129777 0.00270413 0.000621973 2.26823e-05 -1.86601e-05 -3.84993e-06 -0.00279775 0.00363768 -0.00129004 0.00168311 -0.000848132 -0.00306165 0.00212879 1.05297e-05 -0.0029083 0.00316361 -0.00575608 0.000404842 0.000247848 -0.00124058 -6.10085e-05 0.00022112 -0.000313877 0.000158441 0.00029691 0.00108871 -2.97065e-05 -1.77962e-05 -0.000476992 -0.00122147 0.00062877 1.56152e-05 -0.000166527 -0.00289037 0.000951307 
0.000256766 0.00321825 -0.000618483 -0.00047019 0.00269874 0.00164427 -8.88185e-05 0.000155442 -0.00115321 0.00325996 -0.00211746 -0.000728024 0.000682547 0.000294451 0.000100934 -0.00303603 0.000184073 -0.0045464 -0.00148318 -0.000432661 -0.000145755 0.00349035 -0.00252851 -0.000129304 0.000469593 -5.14827e-05 -9.67205e-05 0.000120455 0.00843163 -0.000745147 -0.000504687 0.000291947 0.000100608 0.00313024 -1.81282e-05 0.00271007 5.24325e-05 -0.000109362 0.00158307 -0.00115186 3.78696e-05 0.00284239 -0.00049146 -0.00058884 -0.00102587 -0.000140881 -0.000249565 -0.000265805 7.05288e-05 -9.42336e-05 0.000462625 3.03477e-05 -0.00117903 -0.00274764 0.000144367 0.000285448 0.00239001 -0.000710807 8.45328e-05 -0.000170161 -0.00355476 -8.63127e-06 0.00294213 -0.00203695 0.00405231 -0.00491662 -0.00157472 -0.000241409 0.000688903 8.55386e-06 -1.62995e-05 -0.000997024 -0.000291406 -0.00096033 -0.000637815 -0.000828812 -0.00158787 -0.00197229 0.0048965 -0.002761 0.0022993 -0.00372597 -0.000158246 0.00049317 -4.25584e-05 1.52146e-05 5.69758e-06 -0.0029758 -0.00028638 -4.49416e-05 0.000150045 9.66493e-05 9.43256e-05 0.000180162 -0.000366396 0.000619857 5.25607e-05 0.00322584 -0.000629075 -0.000610163 
-0.00204838 -0.00424501 0.0166217 -0.00957965 -0.0166562 -0.00304826 -0.00804905 -0.0112262 0.026815 -0.0263177 -0.0143232 0.00778717 -0.00134233 -0.00948062 -0.00098914 0.0258153 -0.00584646 0.00207384 0.00941365 0.00995367 0.000956917 -0.0258693 -0.0107293 0.00219742 -0.00127741 0.00106948 -0.0131285 -0.00116374 -0.000745147 0.108391 -0.00623781 -0.000358043 -4.51536e-05 -0.0047452 -0.000923337 -0.00225024 -0.000658392 -0.00169038 -0.00515427 -0.00896856 -0.00117402 -0.00714401 -0.0106315 0.00601006 -0.00952354 0.000285451 -0.0156568 -0.00241252 -0.000677145 -0.00274532 -8.06936e-05 -0.00128382 -0.00880888 -0.00724074 4.39895e-05 -0.00333561 -0.00799282 -0.000354368 -0.000190789 -0.0201288 -0.0107466 -0.000117135 -0.00496513 -0.00456867 -0.0114411 0.00975671 0.0109489 0.00230246 -0.00121288 -6.49302e-05 -7.99864e-05 0.0381312 -0.00236055 0.0230422 -0.0104643 0.00151116 -0.00281384 -0.00645862 -0.0161811 0.00607389 -0.00959238 0.0310301 -0.00125924 -0.00117737 -0.0140201 -0.000683764 0.00070547 0.00959276 -0.00494436 -0.000848711 -0.000173837 4.91401e-05 -0.00287775 0.00745123 0.0288406 -0.000741388 -0.00048308 -0.00751284 0.003084 0.0223134 
-0.0142046 -0.00284099 -0.0142353 0.00131143 -0.0283165 -0.0015311 -0.00756741 -0.00497539 -0.00843435 -0.0428915 -0.00537599 -0.00400367 -0.0019134 0.00493803 -0.00148891 -0.0220626 -0.00915012 0.0130992 0.0255033 -0.023587 -0.00319029 -0.00331701 -0.0197735 -0.00150379 -0.000163116 -0.000661671 -0.0129713 0.00580569 -0.000504687 -0.00623781 0.0929603 -0.000201727 -8.67337e-05 -0.00259342 -0.000712699 0.000964764 0.000583063 -0.00137656 -0.00551907 -0.00522502 -0.000777927 -0.00372786 0.0229719 -0.00543403 0.00695126 0.000934302 0.0288475 -0.0050861 -0.00211481 -0.00120646 -0.000460254 -0.000891991 0.00896063 0.0242523 0.000166877 -0.00391807 -0.00522001 0.0121906 0.00269032 -0.0187419 -0.00346958 -9.79238e-05 -0.00642884 0.00866138 -0.00872471 0.0119666 0.04835 0.00634814 -0.000781095 -0.000126908 -0.000172201 0.000629869 0.0044832 -0.000771885 0.00537788 0.00542133 -0.0155996 0.0327461 -0.0116878 0.0083112 -0.0104024 -0.000701229 0.00253648 0.00311741 7.89004e-05 -0.000782624 0.000118018 0.0132032 -0.0034819 0.000724682 -0.00239242 -0.000133364 -0.00102644 -0.00435125 -0.000976712 -0.00201961 -0.000672465 -0.00393214 -0.016358 -0.00591808 
-0.000273684 0.00199826 -0.00127116 -0.000157213 -0.000173837 2.99809e-05 -0.000168454 0.000208091 -0.00125819 0.000880161 -0.00108322 -0.000351054 0.000829246 -0.000292903 0.000207952 -0.000828556 0.0013084 -0.00157508 -0.000602123 -0.00106912 1.68072e-05 0.00110193 -0.000893155 -1.23659e-06 6.90949e-05 -1.26842e-05 0.000445556 -3.7794e-05 0.000291947 -0.000358043 -0.000201727 0.00337618 0.000246617 0.00175825 3.44626e-05 0.000920468 6.89508e-05 0.000156995 0.00128021 -0.00034835 0.000227443 0.000927009 0.000298408 0.000381258 -0.000428863 -5.02584e-05 0.00035708 -0.000241046 0.000255438 -0.000136354 1.73309e-05 -2.26767e-05 -0.000492865 -0.0010926 -1.79894e-05 -5.81417e-05 0.000362503 -0.00020212 1.57727e-05 0.000296017 -0.00109073 -8.43305e-07 0.0010167 -0.000778309 0.00163556 -0.00178818 -0.000439491 5.12725e-05 0.0002166 7.79498e-07 -3.05926e-06 -0.0010254 -6.7444e-05 -0.000353996 -2.91878e-05 -0.000250691 -0.000546068 -0.000861248 0.0020211 -0.00114557 0.000915092 -0.00169044 -6.36663e-05 9.09619e-05 0.000621002 6.88116e-06 -4.21006e-06 -0.00178873 -2.20669e-07 -4.75759e-06 0.000170723 0.000124615 0.000106758 -4.40185e-05 -0.000167786 0.000792007 2.18917e-05 0.000550461 -0.000409413 -0.000456256 
-1.40836e-05 0.00108413 -0.000708481 3.3322e-05 0.00020152 0.00113847 5.63813e-05 -0.000537498 -0.000200709 0.00139664 -0.00110781 -0.000307693 0.000292915 -9.90652e-05 1.45114e-05 -0.00149085 0.000664728 -0.00259104 -0.000241996 -0.000169469 -6.9867e-05 0.00190219 -0.000962219 -5.97847e-05 6.35651e-05 6.38806e-05 -0.000605485 0.000433581 0.000100608 -4.51536e-05 -8.67337e-05 0.000246617 0.00523817 0.00161643 -4.4603e-05 0.000987568 4.65336e-07 9.78847e-05 0.000792449 -0.000771056 3.33246e-05 0.000323371 -0.000481051 -0.000266143 -0.000526937 3.45462e-05 -0.000145347 -9.78607e-05 3.57553e-07 -6.11108e-05 -2.1486e-05 0.000652793 0.000383276 -0.00137126 0.000191677 -3.35862e-05 0.00149355 -0.000369596 9.85026e-06 -0.000297032 -0.00258837 7.93816e-06 0.00163668 -0.00123479 0.00156055 -0.00215229 -0.000863784 -5.37813e-05 0.000209781 -4.9869e-06 1.63831e-05 -0.000233804 0.000451568 -0.000329808 3.55134e-07 -0.00045987 -0.000348197 -0.0012997 0.00193559 -0.00225695 0.000581581 -0.00222297 -6.82656e-05 0.000184282 -0.000480177 0.000206972 2.17854e-05 -0.0019275 -0.000116338 2.50792e-05 0.00020384 6.00302e-05 6.90607e-06 0.00107487 -0.000369879 0.0017029 -2.64953e-05 0.00200583 0.000156856 -0.000775583 
-0.00638191 0.0236574 -0.0124441 -0.00192109 -0.00302306 0.00711108 -0.00284268 -0.00382969 -0.0120598 0.0134151 -0.0144179 -0.00352296 0.00287997 -0.00271676 6.68381e-05 -0.0174231 0.00403413 -0.0204794 -0.00741016 -0.0130156 -0.000966446 0.0152693 -0.0108125 -0.000361132 0.00686166 -3.66238e-05 -0.00201935 -5.91371e-05 0.00313024 -0.0047452 -0.00259342 0.00175825 0.00161643 0.0381908 0.000399756 0.0101744 0.000205233 0.00044245 0.019808 -0.00468003 0.0017843 0.0100573 0.00809452 0.00109342 -0.00412567 -0.00065453 0.00308722 -0.00257058 0.00377015 -0.0015743 0.000411246 5.39365e-05 -0.00628601 -0.0116246 -0.00010906 0.00150668 0.0134796 -0.00341886 0.000562868 0.00821947 -0.0234334 -1.43923e-05 0.0242235 -0.0081531 0.0272033 -0.0235781 -0.00675041 -0.00109598 0.00334807 3.75503e-05 3.59568e-05 -0.0112092 -0.00115139 -0.00456414 -0.000557342 -0.0017151 -0.00548746 -0.00940283 0.0288499 -0.0158992 0.0197609 -0.0209545 -0.000647442 0.00554958 0.00737489 -4.69847e-05 -4.75108e-05 -0.0238264 0.00185763 -0.000273209 0.00155257 0.00104981 0.00406395 0.00115284 -0.00306036 0.0109895 -4.49198e-05 0.0157493 -0.00700538 -0.00689664 
