0.0158703 -0.00136726 -0.000385767 0.000732613 0.000147189 -3.06557e-05 -0.000904905 -0.00235869 0.000255114 -0.000129471 -0.00721789 -0.00699816 -0.0010828 -4.54397e-06 -0.00248168 -0.00376363 -3.6537e-05 -0.00190504 -0.00625142 0.000277721 -7.86467e-05 0.000313256 0.00578837 -0.000253209 -0.00014508 -0.00472843 0.00683514 5.56824e-05 0.000307433 -0.00102429 0.000232739 -3.25049e-05 9.69637e-05 0.000691489 -3.39701e-05 0.00239063 0.00158032 -0.000488397 0.000122617 0.000108682 -0.00300757 3.67966e-06 0.000400776 -0.000630995 0.00512415 1.13493e-05 -6.69923e-05 -3.92595e-05 -0.000478291 0.000258343 0.00347144 -0.00741321 -0.000225779 -0.00156643 0.00486379 -0.000290167 -0.000653444 -0.00105583 -0.000159004 -5.51834e-05 -0.000341161 -0.000256746 -0.000388179 0.00152893 0.00188548 -0.00236712 0.000644354 -0.00086943 -0.00157569 -7.05969e-05 1.1283e-05 5.72694e-05 -0.00104541 0.00467555 -9.29042e-05 -0.00245945 0.00240448 0.00526657 0.00473874 -0.000565998 0.00346322 -0.000365604 -0.000445241 -0.00556024 -0.000578237 -0.000139094 0.000736819 0.000274933 -0.000192548 0.000190984 9.27348e-05 -0.00261052 9.0847e-06 -0.00165553 0.000180893 0.000372183 -4.34495e-05 2.1122e-05 -6.48573e-05 0.00253867 
-0.00136726 0.0859358 0.00184121 -0.00500631 0.00329933 -0.000180516 0.00230956 -0.0067195 -0.000605754 -0.000262877 0.00967003 0.0116509 0.0104681 -0.000138018 0.0045569 0.00486694 -1.34831e-05 -0.00253537 0.0169469 0.000319941 -0.000485728 -0.000233427 -0.00700113 0.00109058 0.00323308 0.00362064 -0.0107894 -0.000165601 0.000418889 0.00637445 0.000648555 -3.11653e-05 -0.00024222 -0.000865661 0.000685638 -0.0137315 -0.0256545 -0.00446204 -0.00107866 0.00205333 0.00656801 -0.00111868 -0.00263122 0.00320573 -0.00196624 -0.000496676 4.33134e-05 -0.000186121 -0.0169634 -0.000528272 -0.00249951 0.00969081 0.0017736 0.00863567 -0.00292039 -0.00537326 0.00282972 0.0120233 -0.000506795 -0.000359768 0.000467939 -0.0037036 -0.00679696 -0.000845923 -0.00178369 -0.00379423 -0.000628159 0.00514912 -0.00873027 -0.00169182 0.000592118 -6.07868e-05 -0.00693538 -0.00400032 0.00485364 0.000573545 -0.0244586 -0.0257319 -0.00283362 0.00103037 -0.000674893 0.00656016 0.00134871 0.00847997 -0.00514458 0.00271927 -0.00148042 -0.000220449 -0.00119786 -0.000683855 -0.000179407 -0.00242955 0.000128466 -0.00484728 0.000397201 -0.00422745 -0.000199184 -0.00081427 1.21739e-05 -0.0158587 
-0.000385767 0.00184121 0.0240027 0.0107542 0.0136378 0.000268066 -0.00135565 -0.00333315 0.0108185 6.29128e-05 -0.0100625 -0.00895261 0.000150591 -0.000137566 -0.000565636 -0.0146881 0.00138163 -0.0172105 -0.0118895 0.0046065 -5.27561e-05 0.000112139 -0.00425546 0.00246484 0.00200396 -0.00590115 -0.000307811 0.000102887 5.59939e-05 0.0121588 0.000590435 0.000165634 0.00165417 0.000167298 0.000378632 -0.00389705 -0.013923 -0.000906395 0.00122635 0.00692209 -0.00799345 0.000424361 -0.000932698 -0.00133401 -0.000502691 0.000348266 2.34438e-05 -6.72731e-05 -0.00887573 -5.04897e-05 0.0028966 -0.00806004 0.000150525 0.00223478 -0.00645823 0.00151593 -0.00060281 0.00353819 0.00030036 3.45912e-05 -0.000234063 -0.00129796 0.0124422 0.000622653 -0.000423784 0.0138051 -0.000128054 -0.000596701 0.0123441 0.000945764 -0.000362293 -1.86485e-07 0.010807 -0.00224873 0.000190318 -0.00547633 -0.0127712 -0.00637145 -0.000373265 0.00078541 0.0024971 -0.000719296 0.0139314 0.000661055 0.0026653 -0.00117109 -0.00013325 -3.50655e-05 -0.00040772 0.00360069 -1.91392e-05 -0.000873221 -6.2645e-05 -0.013923 0.0100072 -0.000673544 0.000593164 0.000163055 0.000232817 -0.0122847 
0.000732613 -0.00500631 0.0107542 0.0709762 0.0197897 0.00124148 -0.00319551 -0.0107368 0.014586 0.00113833 -0.0344167 -0.0396137 -0.00537426 -0.000383626 -0.00504509 -0.0438357 0.00261448 -0.0399102 -0.0356475 0.0165389 -0.000523801 0.00185783 0.00208314 9.27033e-05 0.00191012 -0.0289171 0.0155097 0.000724315 0.00499903 0.0196745 0.00277292 0.000395824 0.00307318 -0.000438644 -0.000123907 -0.00716157 -0.0254063 0.00446222 0.00499018 0.00629026 -0.0136171 0.00942849 0.00162583 -0.00280932 0.00539699 0.0047926 0.00116362 -0.000364454 -0.0147271 0.00568764 0.00397639 -0.0338852 -0.00100283 0.0043013 -0.0130391 0.00392819 0.00134689 0.00821042 -0.00066704 0.000996865 0.001889 -0.00570957 0.0380365 0.00763151 0.000391219 0.0195833 0.00168494 -0.00200731 0.0355643 0.00273954 -0.00143001 0.000241009 0.013294 0.00770835 0.00386402 -0.0131371 -0.0361876 -0.0024101 0.00956677 -0.00220897 0.0235152 -0.00252932 0.0182697 -0.0242956 0.0195901 0.00179302 0.000156989 0.00248992 -0.00101576 0.00873653 0.000116393 0.00418023 0.000578921 -0.0431894 0.0221965 0.0141359 0.000582296 0.000148983 0.000804117 -0.017583 
0.000147189 0.00329933 0.0136378 0.0197897 0.0518602 0.00051838 -0.002139 -0.0141571 0.0149521 0.00125372 -0.0159877 -0.020787 -0.00120536 0.000563429 -0.00206809 -0.0313888 0.00347433 -0.032899 -0.0216445 0.0146942 -0.000565695 0.00105495 0.00266141 0.00248339 0.00832008 -0.0125288 0.00802618 -3.78172e-05 0.00233073 0.0233831 0.00469719 0.000211995 0.00219632 0.00068763 0.000659584 -0.00221833 -0.0204123 -0.00154397 0.00140588 0.00776397 -0.00876005 -0.000198915 0.00180807 -0.00276676 -0.00019257 0.00101708 9.04505e-05 0.000373247 -0.0183215 0.00249396 0.00423317 -0.0245981 -0.000152503 0.00397729 -0.0114512 -0.0032047 -0.00168423 0.00904527 -0.000149057 0.00107541 -0.000945109 -0.00363277 0.019773 0.00423218 -0.00174027 0.0120024 -0.000333863 -0.00220841 0.0275625 0.00027204 0.000228109 -1.19825e-05 0.0163913 -0.000271888 0.00262692 -0.00827719 -0.0295102 -0.00892257 0.000491971 -0.000351262 0.0125878 0.000121058 0.0182929 -0.00817633 0.00295189 -0.000873389 0.000511083 0.000489431 -0.000503456 0.00368656 -4.19116e-05 0.00175465 -3.06984e-05 -0.0242114 0.0179577 0.00210428 0.000459426 0.00148488 6.9556e-06 -0.0190701 
-3.06557e-05 -0.000180516 0.000268066 0.00124148 0.00051838 0.00283471 0.000174025 -4.39731e-05 9.50853e-05 0.000137959 -0.00101916 -0.00097523 -5.98174e-05 -7.24273e-06 -4.52269e-05 -0.00110543 0.000114501 -0.00157819 -0.00154242 0.000676501 -2.79184e-05 1.74445e-05 -0.000250433 -2.98825e-05 0.000104043 -0.000607575 -0.00013026 1.24673e-05 0.000221285 0.000340226 0.00015532 3.37355e-05 0.000134719 1.71756e-05 -2.39249e-06 -0.000284225 -0.000987441 0.000543897 4.06249e-05 0.000107323 -0.000943586 3.20488e-05 -6.38218e-05 5.47682e-05 -1.88259e-05 0.00027307 0.000187668 2.51302e-05 -0.00110619 0.000329362 0.000225711 -0.000360196 -3.76495e-05 0.000601358 -0.000590522 -0.000142448 1.22428e-05 0.000502932 8.27427e-05 4.51556e-05 0.000364559 0.000101207 0.000884012 4.5861e-05 -3.62178e-05 0.000462925 0.000709205 0.000301799 0.000707691 9.49321e-05 -1.53633e-05 2.74959e-05 0.000239549 -0.000198793 0.000162951 -0.000493352 -0.00107465 -0.000158102 4.51478e-05 -2.14801e-05 0.000735572 -4.0399e-05 0.000535394 -0.000709167 0.000586268 -7.36552e-05 -2.39357e-05 6.67202e-05 -2.52635e-05 0.000316509 4.44264e-05 -0.000216321 0.000121701 -0.00163425 0.0005885 0.000185423 1.38e-05 4.37762e-05 2.91765e-05 -0.000683587 
-0.000904905 0.00230956 -0.00135565 -0.00319551 -0.002139 0.000174025 0.0674461 -0.0207854 0.00350484 0.000122993 -0.0210892 -0.0218463 0.00192101 -0.000345201 -0.0076677 0.0128201 -0.000422054 -0.00166002 -0.00594163 -0.000488042 -0.000872382 -0.000148029 -0.00898532 -0.000866851 -0.000658492 -0.00819912 -0.00171587 0.000110668 -0.000261375 0.00441385 -0.000543454 -0.000137986 -0.000661476 -0.000539116 9.62022e-05 0.0239166 0.00679341 0.00900775 0.000629791 0.00110237 -0.0156892 -0.000866295 -0.0016602 0.00170855 -0.00124546 0.000713522 0.000248588 -0.000124058 -0.009301 -0.000808171 0.0076926 -0.0167251 0.000504606 0.00443107 0.0183956 -0.00687938 -0.00280569 -0.0018016 -0.000355353 -0.000431717 0.0044574 0.0145552 -0.00241285 -0.000498447 0.00256711 -0.00467213 0.000900462 -0.00139645 0.00171246 -0.00336972 -0.000820271 -5.28884e-06 -0.00408111 -0.00604602 0.000973134 -0.0130376 0.00560784 -0.00984723 0.00128632 -0.0019564 0.00381536 -0.00242883 -0.00138708 0.00548207 -0.00341747 -0.00305133 -0.000745159 -0.000356958 -0.00011203 -0.000639503 9.52329e-05 0.000812488 -4.62197e-05 0.0013986 0.0103586 -0.00284376 0.00116956 -0.000711088 -0.000211381 0.0109621 
-0.00235869 -0.0067195 -0.00333315 -0.0107368 -0.0141571 -4.39731e-05 -0.0207854 0.233294 -0.0134104 -0.000509495 0.0365376 0.101496 -0.00466478 -0.00104156 0.028269 0.0161921 -0.00186089 0.0143314 0.0168725 -0.00827255 0.00250398 -0.000847859 -0.0500998 0.0013165 -0.00492174 0.0163386 -0.0217962 2.08092e-05 -0.000308844 -0.0271923 -0.00350723 0.000814183 0.00247445 -0.00249645 -0.000504115 -0.0493985 -0.0860209 -0.00587002 -0.00220204 -0.00586843 0.00753808 0.00371329 0.0129236 9.57171e-05 -0.00198288 -0.000505781 -0.000233907 -0.00102545 -0.0731911 -0.00165009 -0.0453775 0.0809889 0.00438822 -0.00447 -0.0260573 0.00356752 0.0191546 -0.010393 0.00246273 0.00130056 -0.00679235 -0.0129378 -0.0114987 -0.000124847 -0.00501663 0.0177594 -0.00211192 0.0243079 -0.027823 0.0138533 -0.00376067 -0.000174454 -0.0108674 0.000237103 0.00183328 -0.0100272 0.0121034 0.0247942 -0.000405261 0.00763531 -0.034479 -0.00550239 -0.00806823 -0.0043576 0.00388566 -0.00432173 -0.00204885 -0.00081255 0.00358304 -0.00090253 0.000338134 0.0419207 0.000534857 -0.0121416 -0.0246854 0.0101155 -0.00104306 0.00208228 0.000999516 -0.0688591 
0.000255114 -0.000605754 0.0108185 0.014586 0.0149521 9.50853e-05 0.00350484 -0.0134104 0.0378793 0.000322139 -0.0185853 -0.0211431 -0.00244992 -0.000191331 -0.00534197 -0.0162239 0.000121119 -0.0190496 -0.0183584 0.00744264 -0.000370192 0.000159299 0.00241795 0.000235958 0.00178263 -0.0118936 0.0034723 2.66375e-05 0.000874929 0.0135079 0.00141639 0.000134046 0.000828809 -0.000545931 0.00020019 0.00455327 -0.00413761 0.00297757 0.00168775 0.00891939 -0.0104196 0.000108584 -0.00121293 -0.0025404 0.000166668 0.00143539 0.000168127 -8.40567e-05 -0.00409447 0.000254365 0.0144873 -0.01909 -0.000399754 0.00255953 -0.00833882 -0.000221312 -0.00191757 0.00104142 -0.000212048 -0.00023994 -0.000269101 0.00469654 0.0103939 0.00182752 0.000698348 0.00657254 2.82746e-05 -0.00193946 0.0114228 -0.00231431 -0.00112112 8.6778e-05 0.0101017 -0.00164032 -8.90606e-05 -0.0102308 -0.00819955 -0.00358374 0.00119228 -0.00127366 0.00271809 -0.00137141 0.0165038 9.45904e-05 -0.000552979 -0.00112496 -0.00017723 0.000155731 -0.000326659 0.00285507 -1.90909e-05 -0.00322763 -9.96713e-05 -0.0197813 0.0160044 -0.000189448 0.000820438 -0.000140075 -1.87865e-05 -0.000797764 
-0.000129471 -0.000262877 6.29128e-05 0.00113833 0.00125372 0.000137959 0.000122993 -0.000509495 0.000322139 0.0109566 0.000579436 -0.00334485 -0.000505632 0.000276901 0.00164812 -0.00310024 0.000105067 -0.00202969 -0.00372242 0.000828409 4.51063e-05 0.000127628 -0.00150327 0.000432966 0.00363474 -0.000819305 -0.000309556 3.46611e-05 0.000183734 0.000478592 0.000514211 4.24658e-05 -5.36788e-05 0.00120449 6.55317e-05 -0.00120485 -0.00311595 0.00282584 8.4424e-05 0.000601342 -0.00252138 -8.10654e-05 0.00197752 -0.000131594 0.000147291 0.000133493 0.000382631 0.000444953 -0.00315802 0.000263517 0.000707101 -0.0027123 0.000153201 0.00257937 -0.000885544 -0.00110906 0.000491664 0.00374783 0.000291297 -5.60467e-06 0.00215346 -0.000142222 -0.000450239 0.000572358 0.000715116 0.00055547 0.000689747 -0.000199525 0.000636764 -0.000225443 -0.000184697 3.04145e-05 -0.000659952 -0.000118641 0.000641878 -0.000240094 -0.00441585 -0.00185943 -0.000121268 0.000567765 0.000887931 0.000131173 0.000261434 -0.0038465 0.000300606 -0.00055436 0.000202681 -1.08474e-05 9.73431e-05 -5.00391e-05 2.29376e-05 0.000187112 0.000178499 -0.00675086 0.00295815 0.00197844 1.68418e-05 0.0010028 0.0005288 -0.00330006 
-0.00721789 0.00967003 -0.0100625 -0.0344167 -0.0159877 -0.00101916 -0.0210892 0.0365376 -0.0185853 0.000579436 0.247032 0.0881572 0.0170827 0.00203452 0.0333924 0.0409536 -0.00259008 0.0395037 0.0562037 -0.0123585 7.83294e-05 -0.000752908 -0.0285898 0.00175436 0.0024164 0.0794076 -0.0282119 -0.000418358 -0.00297261 -0.0317705 -0.00227837 -0.000697077 -0.00297836 -0.000633122 -0.000151319 -0.0523428 -0.0332174 -0.011997 -0.00539405 -0.00735865 0.0239613 -0.00350437 0.0104198 0.00489078 -0.00380094 -0.00371608 -0.00100956 0.000165222 -0.0487193 -0.00547739 -0.0285171 0.0882187 -0.00121864 -0.00775079 0.00859465 -0.0244614 0.0107451 -0.00561386 0.00307595 -0.00336084 -0.00518226 -0.0294065 -0.0491462 -0.00586498 -0.0148551 -0.0411371 -0.00510401 0.0140931 -0.0503695 -0.0386768 -0.0111506 -0.000309958 -0.0300591 -0.00358967 -0.00522667 0.0660992 -0.00375656 -0.0233231 -0.00909812 0.0118435 -0.0173323 -0.00830299 -0.0149903 0.00584636 -0.0229371 -0.0155049 -0.00110548 -0.00119986 0.00432395 -0.00579376 0.000193152 0.05295 0.000213159 0.0189705 -0.0487744 -0.00226467 -0.00105643 0.00381174 0.00101036 -0.0484699 
-0.00699816 0.0116509 -0.00895261 -0.0396137 -0.020787 -0.00097523 -0.0218463 0.101496 -0.0211431 -0.00334485 0.0881572 0.245721 0.025152 0.00115926 0.0196607 0.0767751 -0.00330984 0.0387196 0.108557 -0.0115375 0.00485804 -0.00142694 -0.0967589 0.00449567 -0.000235557 0.118186 -0.0778169 -0.000693251 -0.00484545 -0.0406118 -0.0018795 -9.84879e-05 -0.00279655 -0.00648671 -0.000290634 -0.0855362 -0.0331637 -0.0121709 -0.00425543 -0.00775462 0.0795347 -0.0063669 0.00912669 0.0125709 -0.012711 -0.00317098 -0.000416709 0.00022875 -0.0562023 -0.00226764 -0.0696476 0.16616 0.00341121 -0.0101382 -0.0436614 -0.0251429 0.00773616 -0.0144709 0.00304952 -0.000495483 -0.00918513 -0.0199066 -0.0600198 -0.00576278 -0.0149607 -0.0145083 -0.00525177 0.0156861 -0.0548406 0.000466562 -0.00203803 -0.000264699 -0.0230252 -0.0347046 -0.00744267 0.0851663 0.00797714 -0.0698671 -0.0112271 0.0145479 -0.0680604 0.0103066 -0.0190874 0.0239479 -0.0297991 -0.00632331 -0.00463598 -0.00305388 0.00604929 -0.00609028 -0.000432043 0.0316187 0.000335884 0.0335381 -0.0687848 -0.00648559 -0.00102349 0.000809366 -0.000737912 -0.0493162 
-0.0010828 0.0104681 0.000150591 -0.00537426 -0.00120536 -5.98174e-05 0.00192101 -0.00466478 -0.00244992 -0.000505632 0.0170827 0.025152 0.0716163 0.000985848 0.0037185 0.010153 -0.000438859 0.00299262 0.00498442 -0.00155078 2.52058e-05 -0.00013909 -0.0173334 0.00455355 0.00123232 0.0308317 -0.0104882 -5.13208e-05 -0.000624082 -0.00600208 -0.000959296 -6.88012e-05 -0.000538907 -1.21273e-05 0.000420882 -0.0117749 -0.0148742 -0.00202609 -0.00102785 -0.000610304 -0.00133997 -0.000996487 0.00298673 0.00235074 -0.000859945 -0.000244999 0.000133263 -3.59041e-05 -0.0242544 -0.00090705 -0.00883297 0.0232476 0.00136947 -0.00533652 0.00145347 -5.42781e-06 0.00284632 -0.00169453 0.00163129 -0.000322412 -0.000889939 -0.00339347 -0.00800405 -0.000949982 -0.00214829 -0.0104062 -0.000331564 0.00312421 -0.00894123 -0.00344272 -0.00199057 -3.86927e-05 -0.0052211 -0.00305625 -0.00258984 0.0124048 -0.00574968 -0.00963676 -0.00154658 0.00218636 -0.00928681 -0.000835984 -0.00216579 0.00198318 -0.0036698 -0.0036523 -0.000347769 -0.000319566 -0.000477365 -0.000808129 -2.92384e-05 0.0113456 2.63022e-05 -0.0017583 -0.00970865 -0.000578714 0.000427148 0.00118799 0.000166895 -0.0244913 
-4.54397e-06 -0.000138018 -0.000137566 -0.000383626 0.000563429 -7.24273e-06 -0.000345201 -0.00104156 -0.000191331 0.000276901 0.00203452 0.00115926 0.000985848 0.00644932 -0.000753483 0.000468086 8.30126e-06 -4.21106e-05 0.00114074 -0.000123514 0.000350719 0.000214533 -0.00107945 0.000921398 0.00140522 0.00299118 -0.00118149 1.91778e-05 -2.04233e-05 -0.000469283 0.000239019 -1.0718e-06 -4.37277e-06 0.00026618 6.74182e-05 -0.000387955 -0.000263586 -0.000187013 -6.2201e-05 0.000344985 0.00165846 -7.27903e-05 0.000711544 -0.000266141 8.80524e-05 -2.1353e-05 -1.11524e-05 0.000313429 -0.00218856 7.54011e-05 -0.000890727 0.000941202 -3.42041e-05 -0.00072019 -0.00162683 -0.00119137 -0.00025865 -0.000446912 0.000156487 1.36385e-06 -0.000130089 -0.000357034 -0.000817269 2.37024e-06 -0.000197505 -0.000666253 -3.98345e-05 -0.000262601 -7.69673e-05 -0.000461312 -9.64764e-05 9.24562e-06 -0.000544249 -0.000544056 -8.08204e-06 0.00276396 -0.00355124 -0.00238705 -0.000121061 0.0010617 -0.000271281 0.00129811 -0.000114997 -0.000734103 -0.000254812 -0.000134742 7.76665e-06 2.49594e-05 0.000323484 -5.00404e-05 -5.55406e-06 0.000755865 7.78552e-05 -0.0004665 -0.0010617 -3.31866e-05 3.22125e-05 0.000209763 0.000434609 -0.00291217 
-0.00248168 0.0045569 -0.000565636 -0.00504509 -0.00206809 -4.52269e-05 -0.0076677 0.028269 -0.00534197 0.00164812 0.0333924 0.0196607 0.0037185 -0.000753483 0.135504 0.00231911 0.00173025 0.00202171 -0.0224825 0.00552518 -0.00055515 -2.67135e-05 -0.0202796 -0.00166473 0.00114139 -0.0157596 -0.010514 0.000290328 0.000344445 -0.000633415 0.000363405 -4.1871e-05 -0.000309612 0.00253648 0.00035154 -0.0253727 -0.0410334 0.0032798 -0.000482801 -0.00322579 -0.0385408 -0.000845058 0.001661 -0.00744113 -0.00214282 -0.000699983 9.65133e-06 5.42931e-05 -0.00411442 0.000542629 -0.0163967 0.0241944 -0.000602323 0.0487653 -0.0334894 -0.00289141 0.0168827 0.036274 0.00340655 -0.000756547 0.00241295 -0.00791428 -0.000495038 -0.00194689 -0.00348383 0.00318618 -0.00129809 0.00623514 -0.0122281 -0.00763496 -0.00397057 -6.85794e-05 -0.00662174 0.000585348 0.0051507 -0.0141844 -0.000189755 -0.00659726 -0.00196738 -0.00192124 -0.00998551 -0.00411923 -0.00439692 -0.00641209 -0.00127151 -0.00540853 0.00052219 -0.000706456 -0.000897904 -0.00150905 0.000286427 -0.00238987 -0.000108569 -0.023374 0.0145496 0.0114559 -0.000563441 0.00427812 0.000574594 -0.021744 
-0.00376363 0.00486694 -0.0146881 -0.0438357 -0.0313888 -0.00110543 0.0128201 0.0161921 -0.0162239 -0.00310024 0.0409536 0.0767751 0.010153 0.000468086 0.00231911 0.168292 -0.00448839 0.0441445 0.0960386 -0.0166526 0.00137145 -0.00193027 -0.0598399 -0.00237163 -0.00516136 0.0727411 -0.0785424 -0.00101854 -0.00621894 -0.0257102 -0.00739483 -0.00121019 -0.00613301 -0.00752001 -0.000215094 0.000637894 0.0468705 -0.00482347 -0.0063261 -0.0085115 0.0599679 -0.00986206 -0.00694768 0.00834743 -0.0160896 -0.0038917 -0.000974188 -0.00210975 0.00934233 -0.00482466 -0.0308344 0.0925372 -0.000548816 0.00508733 -0.0254735 -0.0443295 -0.0149542 -0.0013253 -0.00181366 -0.0022993 0.00193009 0.00514338 -0.0637269 -0.00825986 -0.00779632 -0.0201501 -0.00166682 0.00218073 -0.0360616 -0.0126889 0.000867788 -0.000233693 -0.0201735 -0.0666633 -0.00342938 0.0562731 0.0186047 -0.0631992 -0.0141397 -0.00151796 -0.0268783 0.00193808 -0.0223462 0.0648344 -0.031645 -0.000688381 -0.00484229 -0.00415778 0.00342316 -0.00795791 -0.00073507 -0.00303662 -0.000462231 0.0669896 -0.0426526 -0.0257779 -0.000101257 -0.00632177 -0.00271416 0.0323657 
-3.6537e-05 -1.34831e-05 0.00138163 0.00261448 0.00347433 0.000114501 -0.000422054 -0.00186089 0.000121119 0.000105067 -0.00259008 -0.00330984 -0.000438859 8.30126e-06 0.00173025 -0.00448839 0.00679279 -0.00390324 -0.00363041 0.00239258 -7.06318e-05 0.000237173 0.000471175 0.000144385 0.000347244 -0.0020968 0.00143876 3.97175e-06 0.00104842 0.00342403 0.000758886 2.45484e-05 3.79817e-05 0.000456653 9.89441e-05 -0.000412396 -0.00229138 0.000441874 0.000133417 2.96763e-05 -0.00216402 5.04502e-05 -0.000271886 -0.000403145 0.000112097 2.0947e-05 0.000116584 4.06163e-05 -0.00169385 0.000729451 -0.000375603 -0.00371225 -2.85902e-05 0.00198306 -0.00172758 -0.00050702 -5.93198e-05 0.0040614 7.77111e-05 0.000227715 -0.000164621 -0.000394625 0.00253167 8.34741e-05 -8.4434e-05 0.00115529 -2.38875e-05 -0.00030123 0.00413186 -0.000217382 -2.15199e-05 1.25417e-06 0.00311157 0.000574779 0.000220535 -0.00206495 -0.00400074 -0.00139676 -4.11585e-05 -0.000165315 0.00168466 -0.000236254 0.000593519 -0.00295779 0.00205016 -8.87288e-06 0.000227071 0.000599757 -0.000102176 0.000412172 -1.37012e-05 -0.001072 1.56008e-05 -0.00380786 0.00338501 0.00073517 -4.32228e-06 0.000374143 -1.6909e-05 -0.00353514 
-0.00190504 -0.00253537 -0.0172105 -0.0399102 -0.032899 -0.00157819 -0.00166002 0.0143314 -0.0190496 -0.00202969 0.0395037 0.0387196 0.00299262 -4.21106e-05 0.00202171 0.0441445 -0.00390324 0.078651 0.0308012 -0.0245638 -0.000388161 -0.00156117 0.00369286 -0.00316266 -0.00588862 0.0259349 -0.00736759 -0.000708273 -0.0045611 -0.0403972 -0.00627637 -0.00079597 -0.0036141 5.84653e-05 -0.000513605 0.00671453 0.0330511 -0.00541467 -0.00526262 -0.0105393 0.0155956 -0.00359724 -0.000820549 0.00218518 -0.00517371 -0.00601301 -0.00170678 -0.000214388 0.0199608 -0.00679846 -0.0137937 0.0323706 -0.000172364 -0.0155122 0.0161958 0.00170784 0.00240702 -0.0174811 -0.000606166 -0.00235112 -0.00300597 0.00348973 -0.0361499 -0.0100096 -0.000323319 -0.0218864 -0.00276989 -0.000710273 -0.036519 -0.00448789 -0.000145359 -0.000222563 -0.0185138 0.00163046 -0.0100702 0.0129511 0.0488348 0.0156778 -0.00716301 0.00160972 -0.0311476 0.00215362 -0.0253418 0.0168888 -0.00861606 -0.00233342 -0.0017107 -0.00108137 0.00110964 -0.00978225 -3.898e-05 0.00778484 -0.000790613 0.046236 -0.0308967 -0.00626926 -0.000709928 -0.000694402 -0.000253575 0.0202162 
-0.00625142 0.0169469 -0.0118895 -0.0356475 -0.0216445 -0.00154242 -0.00594163 0.0168725 -0.0183584 -0.00372242 0.0562037 0.108557 0.00498442 0.00114074 -0.0224825 0.0960386 -0.00363041 0.0308012 0.244335 -0.0125146 0.00231106 -0.00159233 -0.0664315 -0.00161723 -0.00136606 0.0968323 -0.0737836 -0.00112537 -0.00362703 -0.00636343 -0.00464753 -0.000859153 -0.00279914 -0.00922547 -4.17111e-06 -0.0436204 0.0316961 -0.0259919 -0.00474529 -0.00548703 0.11305 -0.00742861 -0.013283 0.00154033 -0.0129089 -0.00383164 -0.00126665 -0.0026764 0.00913918 -0.0017679 -0.0541656 0.110767 0.00122422 -0.00105563 -0.0262104 -0.055791 -0.0139184 -0.0256959 -0.0037435 -0.0019812 5.84084e-05 -0.0252589 -0.0663009 -0.00423461 -0.0110665 -0.0279217 -0.00484893 0.00188648 -0.0366251 -0.00341025 0.00729327 -0.000327175 -0.0139987 -0.0523021 -0.00822763 0.0824926 -0.0114561 -0.0981824 -0.0141562 0.00508526 -0.0148524 0.0093727 -0.0154344 0.0508558 -0.030681 0.0100254 -0.00247492 -0.00289954 0.00615969 -0.00590137 -0.000994845 -0.0177687 -0.000725816 0.0661838 -0.0628582 -0.0257829 -0.000876005 -0.0050261 -0.00236591 0.00774178 
0.000277721 0.000319941 0.0046065 0.0165389 0.0146942 0.000676501 -0.000488042 -0.00827255 0.00744264 0.000828409 -0.0123585 -0.0115375 -0.00155078 -0.000123514 0.00552518 -0.0166526 0.00239258 -0.0245638 -0.0125146 0.0332481 0.000630949 0.00111689 -0.0049326 -0.000127418 0.00277275 -0.00894355 0.0037554 0.000241491 0.00416875 0.0154315 0.00433523 0.000212251 -6.38107e-05 0.000248267 8.44125e-05 -0.00509501 -0.0150303 0.00285126 0.00247373 0.000736259 -0.00934024 0.000427516 0.00201893 -0.00116762 0.000777418 0.00312104 0.00133711 -0.000137262 -0.0143234 0.00608552 0.0028583 -0.00843138 -0.000240114 0.0171642 -0.0085682 -0.00575019 -0.000891499 0.0171631 0.000246473 8.91091e-05 0.00139275 -0.00262739 0.0119076 0.00277963 -0.000762849 0.00325572 0.00122448 0.000247384 0.0135131 -0.00132249 -0.000967258 0.000149367 0.00734199 -0.00194129 0.00477054 -0.00421369 -0.0198338 -0.0131285 0.00152448 1.43335e-05 0.00529642 -0.000833188 0.00767692 -0.0103704 0.00106133 -0.00185712 0.00140738 -5.92346e-06 -0.000269797 0.00136595 -4.71682e-05 -0.000613659 0.000320097 -0.0225651 0.017389 0.00604085 1.24493e-05 0.000302798 3.04156e-05 -0.0134594 
-7.86467e-05 -0.000485728 -5.27561e-05 -0.000523801 -0.000565695 -2.79184e-05 -0.000872382 0.00250398 -0.000370192 4.51063e-05 7.83294e-05 0.00485804 2.52058e-05 0.000350719 -0.00055515 0.00137145 -7.06318e-05 -0.000388161 0.00231106 0.000630949 0.0140803 -2.99628e-05 -0.0026538 0.000666652 0.000937305 0.00208806 -0.00218822 -1.82617e-05 0.000123171 -0.00126392 -2.02173e-05 0.000193246 3.43306e-05 0.000987005 0.000150916 -0.00221289 -0.00253867 -0.000172709 -0.000220434 -0.000274528 -0.000379042 -0.000181517 -0.000569457 -0.000530207 -0.000257392 -6.98335e-05 5.38982e-06 0.000204681 -0.00366999 0.00137827 -0.00205253 0.00468506 4.30133e-05 0.000248352 -0.00245285 7.08451e-05 0.000575868 0.00141288 0.000540921 3.4e-05 0.000816689 0.00063502 -0.000481241 -1.09838e-05 -0.000366884 -0.00132416 -9.40047e-05 0.00370282 -0.00130225 0.000931317 -0.000287514 1.23427e-05 -0.00077445 -0.000906036 0.00043923 0.00179854 -0.0023863 -0.0034403 -0.000377918 0.00380039 -0.00169211 0.000970585 -0.000492376 -0.00235566 -0.000334053 0.000246175 0.000204809 -6.98036e-05 2.24981e-05 -0.000155039 -1.03259e-05 -0.000130797 0.000197367 -0.00482724 9.99677e-05 -0.000380939 -3.16412e-05 -7.91871e-05 2.46055e-05 -0.00647872 
0.000313256 -0.000233427 0.000112139 0.00185783 0.00105495 1.74445e-05 -0.000148029 -0.000847859 0.000159299 0.000127628 -0.000752908 -0.00142694 -0.00013909 0.000214533 -2.67135e-05 -0.00193027 0.000237173 -0.00156117 -0.00159233 0.00111689 -2.99628e-05 0.0029422 -0.000416754 7.52539e-05 0.000667421 -0.000807019 0.000145351 7.20369e-05 0.000155146 0.000360449 0.000288376 3.68904e-06 2.01398e-05 6.39757e-05 4.64632e-05 -0.000425041 -0.0018612 8.85508e-05 0.000306565 0.000576481 -0.000831149 0.000322811 0.00134343 0.000437212 0.000974294 0.000255911 0.000201925 7.38123e-05 -0.00167769 0.000667139 -3.11372e-05 -0.00162927 -3.17548e-05 -0.000210335 9.09808e-05 -0.000505085 0.000353967 0.000556711 -1.39488e-05 5.31513e-05 0.000118323 -0.000207684 0.000501113 0.000822188 -7.14003e-05 -0.000160236 0.000183153 -0.000120051 0.000771332 -0.000106421 -4.50121e-05 3.81337e-05 0.000287128 0.000499484 1.47257e-05 -0.000769758 -0.00147491 -0.000458634 0.0015214 6.52416e-05 0.000509734 -6.05672e-05 0.000241929 -0.00237112 0.0002964 -0.000150736 2.77996e-05 6.35639e-05 3.28203e-05 0.000705353 5.70951e-05 0.000989867 7.01251e-05 -0.00208205 0.000323227 0.00188629 -1.47821e-06 0.000214733 2.49339e-05 -0.00141155 
0.00578837 -0.00700113 -0.00425546 0.00208314 0.00266141 -0.000250433 -0.00898532 -0.0500998 0.00241795 -0.00150327 -0.0285898 -0.0967589 -0.0173334 -0.00107945 -0.0202796 -0.0598399 0.000471175 0.00369286 -0.0664315 -0.0049326 -0.0026538 -0.000416754 0.182531 -0.00378844 -0.00321088 -0.0646674 0.0637264 0.000143184 0.00090228 -0.00811389 0.0018924 -0.000413918 0.00189775 0.00300273 -0.000493209 0.0484443 0.0263259 -0.00413936 -0.00196242 -0.00231381 -0.0641127 0.00500073 -0.0065374 -0.0119487 0.00946238 -0.000332686 -0.000672648 0.000242728 0.043778 -0.00126372 0.0505021 -0.12402 -0.00312163 -0.016575 0.0543045 0.0439237 -0.00151243 -0.0151166 -0.00309547 -0.00117336 -0.000866947 0.0114598 0.0254794 -0.00155109 0.00259666 -0.0167456 0.00132844 -0.00607369 -0.000758941 -0.00682961 -0.00440941 -7.36999e-06 -0.00234105 0.0484004 0.0045211 -0.0622349 0.0246355 0.10165 0.00430572 -0.00753559 0.0308409 -0.00212076 0.000643858 -0.0214674 0.023575 0.00218282 -0.000281311 0.00277994 -0.0020407 -4.73212e-05 -0.000406933 -0.0248068 -0.000319243 -0.00405477 0.00760924 0.00172706 -0.000524874 0.000510526 -0.00036023 0.0273399 
-0.000253209 0.00109058 0.00246484 9.27033e-05 0.00248339 -2.98825e-05 -0.000866851 0.0013165 0.000235958 0.000432966 0.00175436 0.00449567 0.00455355 0.000921398 -0.00166473 -0.00237163 0.000144385 -0.00316266 -0.00161723 -0.000127418 0.000666652 7.52539e-05 -0.00378844 0.0228543 0.00196271 0.00307176 -0.00280177 8.18226e-05 0.000146182 0.000527417 0.00047408 0.00010027 0.000181215 -0.000210234 0.000134554 -0.00240061 -0.00827932 0.000918198 7.09376e-05 0.00156569 -0.00322904 -6.60906e-05 -0.000144502 -0.00132909 -0.000488032 0.000367635 0.000196692 0.0011442 -0.00863892 -5.36682e-05 0.000144473 0.00153225 0.00118201 -0.00258084 -0.00286568 0.00321683 0.000773717 -0.00028166 0.000610238 0.000639075 -0.000493493 0.000863488 0.0017511 -0.000157425 -0.000542364 0.00159662 1.05084e-05 0.00117191 0.000340542 0.00133894 0.000219486 2.63309e-05 -0.000375856 -0.00175476 0.000316396 0.00020184 -0.00553105 -0.00426327 -0.000196995 0.00459273 -0.00103766 0.00211945 0.000865939 -0.000810669 -0.000642999 -0.0012362 -7.19028e-05 -5.14267e-06 4.21574e-05 0.00042597 6.46431e-05 -0.000911488 0.000220119 -0.00562477 0.00362317 -0.000873489 -4.42377e-05 9.08425e-05 0.000508945 -0.0111904 
-0.00014508 0.00323308 0.00200396 0.00191012 0.00832008 0.000104043 -0.000658492 -0.00492174 0.00178263 0.00363474 0.0024164 -0.000235557 0.00123232 0.00140522 0.00114139 -0.00516136 0.000347244 -0.00588862 -0.00136606 0.00277275 0.000937305 0.000667421 -0.00321088 0.00196271 0.0244414 0.00661538 -0.000877255 1.04063e-05 -0.000108886 0.00197172 0.00307701 -1.91152e-05 0.000571276 0.00439618 0.0010673 -0.00295837 -0.0113841 0.000675994 0.00057937 0.00247457 -0.00515302 -0.000230252 0.00389073 -0.000722953 0.000598674 0.0001397 0.000327923 0.00212976 -0.0118588 0.000528998 -0.00241364 -0.0036957 0.000636748 -0.000193215 -0.00394181 -0.00276927 1.80856e-05 0.00801876 0.00146292 1.00947e-05 0.00456702 -0.00144514 0.000312814 0.0013174 -0.000622229 0.00156808 0.000134371 0.000437518 0.00502235 -0.00119309 -0.000312285 2.29896e-05 0.00262459 -0.0010215 -0.000384235 -0.00081804 -0.0143333 -0.00775138 6.58325e-06 0.00471425 0.00134423 0.00271315 0.00123171 -0.00683683 0.000208533 -0.00106527 0.000149281 2.49765e-05 0.000857598 0.000753066 -2.59187e-05 0.00217154 0.000352004 -0.0154468 0.000472719 0.00192193 0.000287484 0.00233238 0.000800023 -0.0146928 
-0.00472843 0.00362064 -0.00590115 -0.0289171 -0.0125288 -0.000607575 -0.00819912 0.0163386 -0.0118936 -0.000819305 0.0794076 0.118186 0.0308317 0.00299118 -0.0157596 0.0727411 -0.0020968 0.0259349 0.0968323 -0.00894355 0.00208806 -0.000807019 -0.0646674 0.00307176 0.00661538 0.239783 -0.0489161 -0.000703324 -0.003739 -0.0275309 -0.00189242 -0.000554353 -0.00289096 -0.00040564 0.000623873 -0.0412045 0.0259833 -0.0119254 -0.00544036 -0.00331134 0.0618128 -0.00486132 -0.00739164 0.000917704 -0.00634126 -0.00276093 -0.0010534 -0.000613114 -0.0414475 -0.0021521 -0.0390644 0.102337 0.00343779 -0.0193083 -0.0237788 -0.0427994 -0.010912 -0.00166711 0.00295466 -0.00131361 -0.00042878 -0.0139334 -0.0492531 -0.0049717 -0.0125143 -0.0394572 -0.00354817 0.000621368 -0.0275259 -0.026871 -0.00513903 -0.000198134 -0.00588093 -0.0330121 -0.012316 0.0741544 -0.00348635 -0.0682046 -0.0110733 0.0122544 -0.0514361 0.00151753 -0.0124589 0.0247085 -0.0182547 -0.0111528 -0.0037133 -0.00220027 0.00842346 -0.00428179 -0.00046972 0.0175121 0.000732443 0.025921 -0.0595774 -0.0171858 0.000315245 -4.26135e-05 -0.00136103 -0.0428732 
0.00683514 -0.0107894 -0.000307811 0.0155097 0.00802618 -0.00013026 -0.00171587 -0.0217962 0.0034723 -0.000309556 -0.0282119 -0.0778169 -0.0104882 -0.00118149 -0.010514 -0.0785424 0.00143876 -0.00736759 -0.0737836 0.0037554 -0.00218822 0.000145351 0.0637264 -0.00280177 -0.000877255 -0.0489161 0.15825 0.000111051 0.00443038 -0.00312032 0.00169964 0.000156814 -8.57533e-05 0.00733657 -0.000151971 0.0131164 0.0015329 0.00278081 -0.00179736 -0.000868639 -0.0677244 0.00617412 -0.00566233 -0.0102271 0.0129871 0.000551826 -0.000320549 -0.000844559 0.00361918 0.00112494 0.0272617 -0.0876088 -0.000227938 -0.00342789 0.05156 0.0186545 0.00269162 -0.0072522 -0.000637975 -0.000799241 8.91789e-05 -0.00608989 0.0444823 0.000646707 0.00646308 -0.0156063 0.000926685 -0.00186836 0.00983344 -0.00112434 -0.00456686 5.69961e-05 0.0140602 0.0558832 -0.0030098 -0.0583067 0.0211813 0.0823549 0.00876967 -0.00355619 0.0151349 -0.0061036 0.00182842 -0.0358937 0.0214148 -0.00955637 0.000883797 0.0016718 -0.00282631 0.000325997 -0.00019392 -0.00579352 -7.52469e-05 -0.027789 0.0315935 0.00798074 -0.000703461 0.00223455 -0.000380617 0.00717498 
5.56824e-05 -0.000165601 0.000102887 0.000724315 -3.78172e-05 1.24673e-05 0.000110668 2.08092e-05 2.66375e-05 3.46611e-05 -0.000418358 -0.000693251 -5.13208e-05 1.91778e-05 0.000290328 -0.00101854 3.97175e-06 -0.000708273 -0.00112537 0.000241491 -1.82617e-05 7.20369e-05 0.000143184 8.18226e-05 1.04063e-05 -0.000703324 0.000111051 0.00202419 6.83966e-05 1.92838e-05 0.000114769 1.84137e-06 0.000187517 1.0729e-05 -1.00605e-06 -9.19417e-05 -0.00100829 0.000423362 8.68365e-05 4.05814e-05 -0.000640279 3.78282e-05 0.000442006 -9.34329e-05 0.000113693 7.11939e-05 6.73081e-06 2.39013e-05 -0.000120945 0.000200742 -4.70316e-05 -0.000660746 -2.53789e-05 -7.49432e-05 -0.000395139 -0.000229637 0.000511631 0.000122929 0.000107562 1.92776e-06 -3.97519e-05 -1.26853e-05 0.000508189 0.000204115 7.95904e-05 0.000624155 1.50505e-05 6.46439e-05 0.000652053 -9.06526e-05 -2.05708e-05 1.91478e-05 -9.98037e-05 0.000108514 0.000308295 -0.000569589 -0.000484764 0.000357575 0.000150839 -5.09069e-05 0.000513899 -5.72854e-05 9.23995e-05 -0.000803178 0.000548257 0.000255203 -6.22001e-06 0.000290631 -2.18167e-05 1.84856e-05 0.00010083 0.000276863 1.2692e-05 -0.00118388 0.000211292 0.000343915 3.57162e-07 0.000107 1.174e-05 -0.000784987 
0.000307433 0.000418889 5.59939e-05 0.00499903 0.00233073 0.000221285 -0.000261375 -0.000308844 0.000874929 0.000183734 -0.00297261 -0.00484545 -0.000624082 -2.04233e-05 0.000344445 -0.00621894 0.00104842 -0.0045611 -0.00362703 0.00416875 0.000123171 0.000155146 0.00090228 0.000146182 -0.000108886 -0.003739 0.00443038 6.83966e-05 0.0135358 0.000978102 0.000707168 6.11987e-05 0.00068544 0.000260413 -2.16433e-05 -0.00040892 -0.00517605 0.00213992 3.20053e-05 0.000164505 -0.00288708 0.00110314 -0.000284825 -0.000670608 0.000872197 0.00131431 0.000742507 7.21422e-07 -0.00713378 0.00135765 -7.18557e-05 -0.00387869 -0.00018161 0.00192102 -0.00056661 -0.00154085 0.00202822 0.00126225 -0.000142691 3.97859e-06 -9.25026e-05 -0.000731193 0.00322747 0.000465024 -0.000260585 -0.00193666 0.000686243 0.00107819 0.000748183 0.0001246 -0.000161359 0.0001173 -0.000102362 0.00371671 0.000205065 -0.00181958 -0.00425961 -0.000430644 0.00128035 -0.000275243 -0.000392749 -9.85659e-05 0.00063859 -0.00510984 0.00236887 -0.000641204 0.000176803 0.000887419 -7.37487e-05 4.8071e-05 5.10744e-05 0.00182557 8.98887e-05 -0.00645384 0.00329385 0.0044619 3.57653e-06 0.000345014 5.78494e-05 -0.00275475 
-0.00102429 0.00637445 0.0121588 0.0196745 0.0233831 0.000340226 0.00441385 -0.0271923 0.0135079 0.000478592 -0.0317705 -0.0406118 -0.00600208 -0.000469283 -0.000633415 -0.0257102 0.00342403 -0.0403972 -0.00636343 0.0154315 -0.00126392 0.000360449 -0.00811389 0.000527417 0.00197172 -0.0275309 -0.00312032 1.92838e-05 0.000978102 0.106705 0.00205879 0.000503197 -0.000578195 -0.000701794 0.000290416 -0.00494629 -0.00979517 -0.0021912 0.00445729 0.00953462 -0.00112077 -0.000806037 -0.00293868 -0.00417364 -0.00114148 0.000332746 -2.58327e-05 -0.000255704 0.00652309 0.00123688 0.00276487 -0.0250554 0.00021218 0.00704963 -0.0091522 -0.00211029 -0.00487374 0.00715544 -3.63673e-05 0.000915803 -0.0013675 -0.000652787 0.0232712 0.00575044 -0.00264663 0.0139315 -0.00116207 -0.00262132 0.0302905 0.00345577 0.00634826 -3.28027e-05 0.0175167 -0.0103437 0.00666924 -0.0165547 -0.0441801 -0.0257166 -0.000522717 -0.00126362 0.0443501 -0.00251306 0.0185993 -0.00111887 -0.00214644 0.00332463 0.00244252 8.82508e-05 -0.00171003 0.0050433 -7.71977e-05 -0.0194224 -0.000372228 -0.0181997 0.0164403 0.000480836 -6.16838e-05 -0.000467193 -0.000571569 -0.00695508 
0.000232739 0.000648555 0.000590435 0.00277292 0.00469719 0.00015532 -0.000543454 -0.00350723 0.00141639 0.000514211 -0.00227837 -0.0018795 -0.000959296 0.000239019 0.000363405 -0.00739483 0.000758886 -0.00627637 -0.00464753 0.00433523 -2.02173e-05 0.000288376 0.0018924 0.00047408 0.00307701 -0.00189242 0.00169964 0.000114769 0.000707168 0.00205879 0.0134745 0.000102592 0.000527928 0.000740353 0.000132203 -0.00130378 -0.00347258 0.0018944 0.000558992 0.000331756 -0.00195031 0.000536371 0.0015598 -0.00022836 0.000544747 0.00160153 0.000610699 0.000787028 -0.00595624 0.00230313 0.00198288 -0.00557497 -4.17908e-05 0.00168756 -0.00251193 -0.00244943 -0.000132074 0.00478046 0.00044411 7.26644e-05 0.000396717 -0.000555035 0.000694612 0.000529162 -7.99193e-05 0.000503294 0.000413902 -0.000685716 0.00315772 -0.000604382 0.000592781 7.61761e-05 0.00118573 0.000667102 0.000721574 -0.000137916 -0.00694909 -0.00252559 0.0015053 0.00161509 0.00116875 0.00190012 0.00135576 -0.00723316 -0.000509648 -0.000648281 0.000188041 0.000223224 1.7481e-05 0.00046171 -2.50647e-06 -0.000261149 0.000229885 -0.00610525 0.00235633 0.00139633 0.00013002 0.000743619 7.14483e-05 -0.00469379 
-3.25049e-05 -3.11653e-05 0.000165634 0.000395824 0.000211995 3.37355e-05 -0.000137986 0.000814183 0.000134046 4.24658e-05 -0.000697077 -9.84879e-05 -6.88012e-05 -1.0718e-06 -4.1871e-05 -0.00121019 2.45484e-05 -0.00079597 -0.000859153 0.000212251 0.000193246 3.68904e-06 -0.000413918 0.00010027 -1.91152e-05 -0.000554353 0.000156814 1.84137e-06 6.11987e-05 0.000503197 0.000102592 0.00217156 5.85291e-06 0.000153294 5.49867e-06 -0.000260536 -0.00113834 -4.50743e-05 0.00030716 6.21717e-05 -0.000536878 2.92756e-05 0.000104652 -5.85722e-05 -2.00004e-05 7.10205e-05 -8.34788e-06 3.31203e-05 -0.000417283 0.000140935 -0.000135923 -0.000126993 8.2123e-05 -2.16283e-05 -4.25432e-05 0.000119552 -4.32141e-05 0.000226202 0.000138175 9.76578e-05 -2.44025e-07 0.000177461 0.000454848 0.000242897 0.000127061 0.000433641 3.55606e-05 0.000762983 0.00046378 0.000501557 -9.15762e-06 4.91933e-07 -6.95303e-07 2.27724e-05 9.57744e-06 -0.000525471 -0.000363843 0.000127648 0.00030379 0.000160229 9.66307e-05 5.69103e-05 0.000147665 -0.000821197 0.000205821 -5.87442e-05 0.000123292 -5.34485e-06 -1.25075e-06 2.40454e-05 3.36511e-06 -1.15921e-06 1.11798e-05 -0.00138815 0.000339104 0.000291584 -1.067e-06 -1.06326e-05 2.85522e-05 -0.00105427 
9.69637e-05 -0.00024222 0.00165417 0.00307318 0.00219632 0.000134719 -0.000661476 0.00247445 0.000828809 -5.36788e-05 -0.00297836 -0.00279655 -0.000538907 -4.37277e-06 -0.000309612 -0.00613301 3.79817e-05 -0.0036141 -0.00279914 -6.38107e-05 3.43306e-05 2.01398e-05 0.00189775 0.000181215 0.000571276 -0.00289096 -8.57533e-05 0.000187517 0.00068544 -0.000578195 0.000527928 5.85291e-06 0.0114863 -2.78817e-05 2.22507e-05 0.00114756 -0.00501803 0.00146697 0.000110778 1.13352e-05 -0.00168925 0.000584772 -0.000136071 -0.000668536 0.000234358 0.000391247 2.51457e-05 7.36423e-05 -0.00306071 6.38279e-05 -0.000924894 -0.00388005 -0.000149295 -0.00144324 -0.00157182 0.000509223 0.00142112 -0.000981166 -4.59465e-05 4.72909e-06 -0.000270498 -0.000723422 0.00355121 6.68314e-05 0.000182435 0.00319459 -5.43668e-05 0.000526809 0.00270087 0.000310351 0.000180538 -1.18612e-06 0.00261941 0.00204584 -0.000194506 -0.0022077 -0.0039071 0.00302964 0.000559943 -2.20487e-06 -5.9367e-05 0.000764869 0.0020899 -0.00118143 0.00301954 0.00110065 -0.000185079 0.00110687 0.000316046 0.000856206 1.90557e-05 0.000839689 -2.76172e-05 -0.00410223 -0.000778568 -0.00023894 6.66893e-05 0.000166265 0.000543634 -0.00473795 
0.000691489 -0.000865661 0.000167298 -0.000438644 0.00068763 1.71756e-05 -0.000539116 -0.00249645 -0.000545931 0.00120449 -0.000633122 -0.00648671 -1.21273e-05 0.00026618 0.00253648 -0.00752001 0.000456653 5.84653e-05 -0.00922547 0.000248267 0.000987005 6.39757e-05 0.00300273 -0.000210234 0.00439618 -0.00040564 0.00733657 1.0729e-05 0.000260413 -0.000701794 0.000740353 0.000153294 -2.78817e-05 0.0194393 0.000321898 -0.000539125 -0.00426343 0.0022858 -0.000141773 9.37444e-07 -0.00671025 0.000429836 0.00130902 -0.000972184 0.00278414 -6.98807e-05 0.000163953 0.00068959 -0.00138138 -8.11151e-05 -0.000208404 -0.00402034 -0.000107591 -0.00104555 -0.00118682 -0.00147843 0.000611662 0.00371333 0.00265895 -8.42832e-05 0.00169145 -0.000869505 0.000614048 0.000164804 0.00143846 -0.00195036 0.000356612 0.000566909 0.00187093 -0.00130184 -0.000509929 2.06719e-05 -0.000682643 0.00670715 5.49745e-05 -0.00369242 -0.0053383 0.00359865 -0.000206232 0.00313454 -0.00010838 -4.80205e-05 -0.00060497 -0.00849854 0.00433687 -0.000338206 0.00134759 0.000191037 -8.46285e-05 -0.000149965 3.43346e-05 4.25979e-05 -4.17959e-05 -0.00846746 0.00103797 0.00178743 1.4771e-05 0.00189265 0.000272158 -0.00357786 
