0.0338422 -0.000403406 0.000610564 -0.00724464 -0.00373641 -4.27564e-05 -0.00298591 -4.42263e-05 -6.40321e-05 0.000648394 -0.00695664 0.00127097 -0.00668993 0.000170574 0.00755768 -0.000862687 0.000102141 -0.000271167 0.000549379 -0.00412883 -9.11033e-05 0.00127206 0.00124018 -0.000725959 -0.00713723 0.0157998 -0.00224924 0.00835425 0.000120552 0.000231434 -0.0198393 0.00083441 -0.000892239 -0.00535202 0.0050908 -0.0076519 0.000773151 -0.00846148 -0.00245045 -0.00962248 -0.000359536 0.00022164 0.000742706 0.000827671 -0.000223678 0.00523771 0.0067095 7.4111e-05 0.00239603 0.0031599 -0.00857528 -0.00399213 0.00600851 -0.00137262 -0.00234738 -0.00129914 1.26791e-05 -0.000563423 0.00123563 0.00482697 0.000348937 0.000353097 4.62825e-05 0.0168619 -0.000134249 -0.00235187 -0.000181025 -0.000806578 -0.00273585 -0.000451733 -0.000289338 -5.32109e-05 -0.000568587 -0.000306241 -0.000300759 -0.000131566 -0.0010695 -0.00449694 0.000468838 0.00553751 -0.000420088 0.00128328 -0.00834557 0.00101819 -0.000630894 0.0104772 -0.000130917 0.00242466 2.12274e-05 -0.0142422 -0.0034109 -2.89006e-05 0.00254573 0.00380778 -0.00391733 0.0047188 -0.00170682 0.0133943 -0.0097468 -0.000134322 
-0.000403406 0.0306095 0.000808882 -0.00444736 0.000192408 4.05918e-05 0.00413093 -0.00108562 0.00261035 0.000815164 -0.00720331 -0.000170653 -0.00268583 0.000103712 -0.00577499 -0.00017068 0.00693505 -7.997e-05 -0.000335879 0.00977158 0.0003223 -8.78584e-05 0.000420005 0.000945746 -0.0102528 -0.00233851 0.000478473 -0.00366835 0.00032416 -0.000185111 -0.00589366 0.00292668 -0.000778597 0.00134844 0.00384186 0.00639681 0.00738684 -0.00684111 0.00762877 0.00285732 -0.00027825 0.000532163 -0.000123115 0.00150886 0.000344573 -0.000682718 -0.000611152 7.8414e-05 0.00241546 -0.00714758 -0.0042985 0.00290497 -0.00118511 -0.000525897 -0.000327415 0.000682835 -0.000173604 0.00249874 0.000377675 -0.0135712 0.00132275 -5.32059e-05 0.00607259 -0.0018168 -0.000593559 -0.00102675 -9.42089e-06 0.0030056 -0.000285434 0.000150031 0.00171607 9.38108e-05 0.00570387 0.00457755 0.00095253 -0.00313822 0.000645869 -0.00898936 -0.00013597 -0.00363559 0.00110868 0.000255934 -0.00970846 -8.02872e-05 -0.00103304 -0.000717854 0.000597016 -0.000592551 -2.58271e-05 -0.011073 -0.00347913 -3.33932e-05 -0.000323392 2.79376e-05 -0.00372088 -0.00170029 0.0071256 0.00338978 -0.00546345 -2.07835e-05 
0.000610564 0.000808882 0.0233909 -8.43317e-05 0.000948743 0.000596234 0.000922332 -0.00090073 0.00102463 0.0016804 -0.00134101 -9.88791e-06 -0.00107531 0.000226368 0.00156629 0.000186702 0.00106759 -3.22104e-05 -7.84487e-05 0.000424621 0.000203859 -3.55872e-05 0.00226784 -0.000234305 0.00119151 -0.000786659 -1.03014e-05 -0.00434082 -7.97358e-05 -0.000278129 -0.00286086 0.00139704 -0.000902378 -0.00675522 0.00335805 0.00504223 -8.04518e-05 0.00547713 -0.000209839 -0.00285382 -0.000349975 0.000212278 -0.00049395 0.000321519 -0.000228876 -0.00115226 0.000782253 3.53668e-05 0.00467333 0.000986894 -0.00163307 -0.00248974 -0.000213659 -0.00214213 -0.00191376 -0.000122524 -0.000129603 0.00323534 0.000602711 -0.00632231 0.00211574 9.02469e-06 0.000202553 0.00207098 0.000949314 -0.00133269 -0.00057838 0.000552943 -0.000874359 3.03405e-05 -0.000130625 0.000156105 0.000558691 -5.46971e-05 -7.04133e-05 -0.00441593 -0.00034462 -0.00963581 -7.46689e-05 -0.00142109 0.000158636 0.00139534 -0.0105588 0.000521702 -0.000125178 0.000252851 -0.000103826 0.00178342 0.000108263 -0.00413166 -0.00370528 6.20796e-05 0.000398371 0.000348586 -0.00101655 0.00371928 -0.00015825 0.00228297 -0.00190345 -0.000140571 
-0.00724464 -0.00444736 -8.43317e-05 0.206932 0.000476225 1.79438e-05 -0.00589969 0.0155524 -0.00133106 -0.00713821 0.0117819 2.62905e-05 -0.00917477 0.000868403 -0.05344 0.014354 -0.00607399 0.00582081 -0.00724688 -0.038254 0.000698077 -0.000399656 -0.00499657 -0.00127852 0.0183376 -0.0820621 0.0395115 0.00978091 -0.00135913 -0.000553982 0.0624591 -0.0161802 -0.00287071 -0.029284 -0.00289848 0.0541305 -0.0141345 0.0246736 -0.00909247 0.101984 -0.00179357 0.000481439 0.00459922 -0.001413 -0.00137826 -0.0287463 0.00254348 -0.000150745 0.00464557 -0.0699188 0.0615886 0.0315518 0.024213 0.0115179 0.0004282 0.000431992 -0.000322 0.0052754 -0.00108036 -0.000433659 -0.00128132 -0.000536013 -0.00241765 -0.0143945 -0.00458777 0.0150768 -0.00589196 -0.00397424 0.0203308 0.0076279 -0.00109382 0.000292009 -0.00491975 -0.0088109 0.00633012 -0.0324502 -0.0069637 -0.0800738 -0.00155549 -0.0544519 0.00198014 -0.0152912 -0.0427014 0.000480658 -0.000616861 -0.0139485 0.000891612 -0.00419221 0.000370895 0.0202876 -0.0255829 -0.00016977 -0.000741079 -0.000930321 -0.0448144 0.00116482 0.00361861 -0.0122564 0.00197643 0.000219809 
-0.00373641 0.000192408 0.000948743 0.000476225 0.10506 0.000182133 0.0153572 0.00219546 -0.000650948 -0.00355507 -0.0101401 0.00122633 -0.00580765 -0.000294465 -0.00128873 0.000667749 0.000337227 0.00104067 -0.00157227 -0.0143621 -9.2865e-05 -0.000370856 -0.00115885 0.00529636 -0.0240394 -0.0200611 -0.00293683 0.00560022 0.000613815 0.00627229 -0.0241539 -0.00676165 7.85815e-05 -0.0390082 -0.00543898 -0.00108695 0.00201937 0.00951955 -0.0116179 -0.000273264 0.00782183 0.000190499 -0.000210371 -0.00221287 0.00019689 0.00808974 0.0019853 0.00020659 -0.00700482 -0.0179488 0.00919245 -0.00378387 0.00762089 0.00759763 -0.00094117 0.0160805 -0.000628239 0.0152561 7.90618e-05 -0.029034 0.000383741 -0.00015326 -0.00148855 -0.00361752 0.00129628 -0.00196175 0.0119961 -0.00123575 -0.0061212 0.00147873 0.000422492 -0.000124147 -0.00245285 -0.00339575 -0.000296391 0.00767059 0.0011187 0.00869473 0.000137213 0.0121938 -0.000871474 0.00204215 0.0108241 -0.000229584 0.0114288 -0.0040805 -0.000358463 0.00065339 0.000127611 -0.0267651 0.0142493 0.000410554 -0.000705938 0.00489151 -0.0157765 -0.0074483 -0.00403053 -0.00147114 0.00026337 0.00107193 
-4.27564e-05 4.05918e-05 0.000596234 1.79438e-05 0.000182133 0.00506613 0.000148848 -0.000235926 0.00067133 0.000807664 -0.00176225 -2.27123e-05 -0.00107844 9.89513e-05 -0.000598991 0.000597376 0.000106759 1.33445e-05 0.000107908 0.00111445 0.000222203 4.4259e-05 0.000236622 0.000472457 -0.00165681 -0.00109167 -0.000396673 -0.000522804 1.36334e-05 0.00017923 -0.00154105 0.000287787 -0.000109551 -0.00101953 0.000636344 0.000739768 0.000302562 -0.0010307 -5.89196e-06 -0.000187724 0.000146311 -5.11001e-06 -2.07758e-05 -1.07741e-05 9.90999e-06 -0.00056331 0.000146518 1.82007e-05 0.000266536 -0.000133367 -0.00120694 0.000847292 -0.000122249 -0.000578508 0.000695673 0.000611557 6.68446e-05 -0.000146409 9.81577e-05 -0.00245971 2.76411e-05 9.22531e-05 1.58369e-05 -0.000420502 0.000439936 -0.000297786 0.000363366 0.000686579 -8.3731e-05 0.000642035 4.78666e-05 0.000478885 0.000318339 0.000629411 0.000155174 -6.56165e-05 -0.000240915 -0.000571848 3.19425e-05 0.000290183 -3.91464e-05 0.000450404 -0.00135919 9.03031e-06 1.28333e-05 0.000102767 5.63329e-05 0.000826907 2.29071e-05 -0.0009949 0.0002265 -3.36659e-06 2.69289e-05 -8.9937e-05 -0.00080421 0.000252532 -0.00027441 0.00132809 -0.00135072 7.12486e-07 
-0.00298591 0.00413093 0.000922332 -0.00589969 0.0153572 0.000148848 0.108828 -0.0042931 -0.000712738 -0.00513729 0.00669872 -0.000760297 0.0156929 -2.14284e-05 -0.0164751 -0.00024117 -0.00118673 -0.00145512 0.0011981 -0.0125999 -0.000474016 -0.00132023 -0.00220442 -0.00580788 -0.00387099 -0.00827724 -0.00269735 -0.00273419 -0.000247114 -0.00178319 0.0101783 0.00220138 0.00543226 -0.0219503 -0.00378151 0.0275105 0.00858013 -0.00365919 -0.00997427 -0.0146736 -0.00196707 -4.02071e-05 -0.000914447 -0.00223504 -0.00114855 -0.0102593 -0.00383314 0.000261819 -0.00685566 0.00566354 0.0138514 0.0273753 -0.00785021 0.00113446 0.0160509 0.0182131 0.00012629 0.00644231 0.00199636 -0.0251328 -8.15331e-05 -0.000390996 -0.00206338 -0.00237433 -0.0026038 -0.000463241 -0.007425 -0.00642801 0.00183888 -0.00040993 -0.00204693 -0.000173828 -0.0023904 -0.00579237 -0.0025135 -0.0187687 -0.00485718 -0.0158996 -0.000465362 -0.0101347 -0.000213907 0.000231827 -0.0270035 -0.000770601 -0.00240051 0.00504633 0.000331357 -0.00332189 -0.000230156 0.011595 -0.0118225 4.84076e-05 -0.00190201 0.00134623 0.0175599 -0.00693032 -0.000997299 -0.0123624 0.0127324 -2.70549e-05 
-4.42263e-05 -0.00108562 -0.00090073 0.0155524 0.00219546 -0.000235926 -0.0042931 0.0801827 0.000278425 0.0060072 -0.000710081 0.00260317 -0.00672262 -0.000192486 -0.0151273 -0.0018743 -0.00194749 -6.29727e-06 0.00596297 -0.00132452 -0.000222366 0.00245629 -0.000806225 -0.0029741 -0.00302033 -0.0268473 0.016144 -0.00424465 -0.000247594 0.000726599 -0.00346205 -6.36597e-05 0.00410639 -0.00925577 -0.001645 -0.0188448 -0.00144535 0.00553761 -0.000194689 0.023246 -0.000188035 -0.00012728 -0.00142958 0.00170949 0.000105812 0.0132771 0.00422951 -5.12061e-05 -0.000198937 -0.0179358 -0.00356542 -0.00896266 0.0159943 0.0188376 -0.00578261 -0.00448337 -0.00014421 0.00131433 -0.00063163 0.00389569 -0.000440056 0.000493446 0.000526083 -0.00599158 -0.00183825 0.00649642 0.0051702 -0.0019991 -0.000187231 -0.000199919 0.00145199 3.44156e-05 0.000706392 -0.000920279 -0.000632942 0.00208257 0.00409986 -0.0112332 -0.000320789 -0.00368365 0.00129537 -0.00363119 -0.0219006 0.000617509 0.00368234 -0.004842 0.000822307 0.00352159 0.00107789 -0.0205195 -0.00723716 -5.34352e-05 -0.00157237 0.000639612 -0.0234506 -0.00160894 0.0042751 0.0064058 -0.00405615 -0.000203807 
-6.40321e-05 0.00261035 0.00102463 -0.00133106 -0.000650948 0.00067133 -0.000712738 0.000278425 0.00587256 0.00191416 -0.00372901 -1.02363e-05 -0.00283911 0.000113535 -0.00107872 3.2242e-05 0.00214638 0.000262199 -0.00012957 0.00419255 0.000572084 0.000477687 3.41293e-05 0.00048157 -0.00281701 -0.00236412 -0.000280081 -0.00149749 9.56911e-05 0.000302831 -0.00316016 0.000449949 1.52674e-05 0.000291852 0.00243332 -0.000125804 -0.000157173 -0.00133545 0.00335892 0.00156894 2.31233e-06 0.000318398 -2.36196e-05 0.00105517 0.000154528 -0.000944332 -4.16341e-05 1.67945e-06 0.00191069 -0.00169466 -0.00361466 -0.000292747 -0.000282827 -0.000378517 -0.00019 -0.000385534 -2.13952e-05 -3.09346e-05 -5.42151e-05 -0.00368347 0.000135804 0.000245611 0.00230553 -0.000414362 -0.000110855 -0.000441737 0.000520101 0.00224194 -0.00022082 0.00048672 0.00138177 0.000580447 0.00313166 0.00132139 0.000480208 -0.000798902 -0.000193778 -0.00195916 -2.43084e-05 -0.000645518 9.54584e-05 0.000644688 -0.00256404 9.38094e-05 -0.000216915 -0.000229741 0.000178698 0.00111621 0.000133564 -0.00312197 -0.000943733 7.91351e-06 -0.000108073 -3.38627e-05 -0.00323324 0.00034226 0.00184871 0.00285829 -0.00357917 -3.27262e-05 
0.000648394 0.000815164 0.0016804 -0.00713821 -0.00355507 0.000807664 -0.00513729 0.0060072 0.00191416 0.0424214 -0.0203498 0.00196927 -0.02354 0.000478785 -0.00708351 -0.000842957 0.00240883 -0.000367631 0.011993 0.0258812 0.000159991 0.00360445 -0.000697638 0.00336138 -0.0175322 -0.0124223 -0.00513412 -0.00977003 0.000810994 0.00149929 -0.0187547 0.00581784 -0.000805354 0.00373296 0.0102876 -0.0112685 -0.000657436 -0.00867995 0.0117074 -0.00363648 0.00220781 3.31157e-05 -0.000485989 0.00898116 0.000531754 -0.00102909 2.553e-05 -2.36075e-05 0.00193202 -0.00953452 -0.0278778 -0.00494156 -0.00115709 0.00626854 4.2893e-06 0.000834464 -0.000205362 -0.00192102 -7.99002e-05 -0.0211844 0.00117516 0.00100511 0.00331472 -0.00343634 0.00186309 -0.0029784 0.0112799 0.0112601 -0.0010324 -0.000592155 0.00677731 0.000344456 0.0070065 0.0151598 0.000746531 0.00567021 0.00325711 0.014459 0.000124698 0.00903963 -0.000451934 0.0118118 0.00262233 5.70605e-05 0.00151468 -0.00237776 0.000433172 0.00660666 0.000555627 -0.0204549 0.000850626 0.000125122 -0.000584003 0.000740885 -0.0208579 0.001446 0.00540628 0.0203285 -0.0250253 -0.000203451 
-0.00695664 -0.00720331 -0.00134101 0.0117819 -0.0101401 -0.00176225 0.00669872 -0.000710081 -0.00372901 -0.0203498 0.0859798 -0.00395381 0.0454821 -0.00102149 0.0109868 0.000152965 -0.0128593 -0.00247036 -0.0121799 -0.0287081 -0.00232992 -0.00294454 0.000283906 -0.0172251 0.0404611 0.0190101 0.000650094 0.00430123 -0.00337229 -0.0125356 0.0393174 0.00290007 -0.00137826 0.00264561 -0.0162255 0.0141643 -0.00633094 0.0141293 -0.020011 0.00159078 -0.0146614 -0.00172304 -0.00415737 -0.0129782 -0.00224755 -0.00118859 -0.00723653 -0.00010794 -0.000678262 0.0261234 0.0344573 0.0059865 -0.0123301 -0.0104073 0.00217775 -0.00306033 0.000425815 0.000286863 -0.000495447 0.0436866 -0.00269353 -0.00286946 -0.00857016 -0.000788493 -0.00646764 0.00277199 -0.024488 -0.0171628 0.00369943 -0.00215322 -0.0144173 -0.000940253 -0.0155293 -0.020968 -0.00731027 -0.0168841 -0.00641338 -0.0177616 -0.00245632 -0.0225966 0.000476351 -0.0282019 -0.00267656 -0.000374388 -0.0117906 -0.0041743 -0.0012451 -0.0121245 -0.000333816 0.0480176 -0.00453751 -0.000463796 -0.00144676 -0.00534949 0.0472736 0.000647559 -0.00842573 -0.0365594 0.0587437 -0.000126185 
0.00127097 -0.000170653 -9.88791e-06 2.62905e-05 0.00122633 -2.27123e-05 -0.000760297 0.00260317 -1.02363e-05 0.00196927 -0.00395381 0.0109045 -0.00288435 -2.78352e-05 0.00168629 -0.000262686 0.000305668 -7.51917e-05 0.000383756 0.00079093 -1.64956e-05 3.67108e-05 -6.85124e-07 -0.00068723 -0.00347144 -0.00122656 -0.000761897 0.0022668 0.000235673 -2.16172e-05 -0.00535198 -0.000311034 -0.000136964 -0.00307463 0.000940484 -0.00146614 0.000389285 -0.00141517 -0.000293873 0.00174225 -0.000168973 1.11189e-05 -0.000221169 0.00136945 0.000112072 0.00171821 0.0022604 8.24861e-08 -0.000206052 -0.0021923 -0.00287609 0.000201843 0.00541948 -0.000593996 0.000630865 0.000711974 4.3179e-05 0.00061626 4.07753e-05 -0.00100393 -3.35167e-05 0.000180473 2.5997e-05 0.000202035 0.00059265 -0.000635354 -6.93108e-05 -0.000320203 -0.000829851 3.65883e-05 0.000548647 5.64764e-05 4.52889e-05 0.000322292 0.000237208 -0.00108268 -0.000255446 0.00161508 1.97984e-05 0.00465861 -0.000101607 0.00177455 -0.000809157 0.000545487 -3.38116e-06 -2.90533e-05 6.73462e-05 0.00153501 0.000150167 -0.0061522 -0.000869148 5.68821e-05 -9.42873e-05 0.000135216 -0.00690045 -0.000199043 -0.000347489 0.00309943 -0.00337744 -3.38655e-05 
-0.00668993 -0.00268583 -0.00107531 -0.00917477 -0.00580765 -0.00107844 0.0156929 -0.00672262 -0.00283911 -0.02354 0.0454821 -0.00288435 0.15459 -0.000998491 0.0413921 -0.00155136 -0.00949283 -0.00610623 -0.0149705 -0.0164894 -0.00330775 -0.00768851 0.00289604 -0.0263359 0.0488058 0.0116969 -0.0177612 -0.0364698 -0.00225894 -0.0114802 0.0414299 -0.0111727 0.000604978 -0.00187067 -0.0247025 0.0103333 -0.00820179 0.0335473 -0.00738006 -0.0103725 -0.0101012 -0.00161705 -0.0040991 -0.0107037 -0.00100535 -0.0131094 -0.012027 -4.27221e-05 -0.00222478 0.036265 0.0354713 -0.0109467 -0.0136018 -0.0283886 -0.0078926 0.00382392 0.000268603 0.00613703 -0.00141457 0.0282562 -0.00297707 -0.00343022 -0.0111636 0.00694569 -0.00490505 -0.0020752 -0.0311749 -0.0153238 3.74095e-05 -0.00894719 -0.012194 -0.000887218 -0.00912851 -0.0218682 -0.012366 -0.0332006 -0.00730921 -0.0257998 -0.00150402 0.01817 0.00220542 -0.00983679 -0.00512206 -0.000155745 -0.0116439 0.00946068 -0.00165934 -0.0178199 -0.000780225 0.0457232 -0.000702251 -0.00040751 -0.0016144 -0.0079174 0.0710831 -0.00534079 -0.00614245 -0.0533562 0.0549967 -0.000278308 
0.000170574 0.000103712 0.000226368 0.000868403 -0.000294465 9.89513e-05 -2.14284e-05 -0.000192486 0.000113535 0.000478785 -0.00102149 -2.78352e-05 -0.000998491 0.00414468 -0.000785029 0.000644325 0.000397876 4.7764e-05 0.000526327 -1.07046e-05 4.30701e-06 6.23861e-05 0.000149305 0.000134746 -0.000374051 -0.000768316 -0.000233256 4.76366e-05 1.93341e-05 -2.83752e-05 -0.0002056 -9.83922e-05 -0.000112252 -0.000460038 0.000912174 0.000380827 0.000776967 -0.000657285 0.000237841 0.000405758 -3.04288e-05 0.00014994 0.000156866 0.000123371 1.094e-05 -0.000184072 0.000263374 2.46967e-05 0.000926741 -0.000695285 -0.000528009 0.000450992 0.000337815 -0.00027528 -2.4509e-05 3.02293e-05 -2.40272e-05 0.000151673 0.000233174 -0.00145875 0.000276334 -1.26987e-05 0.000177512 -0.00033754 0.000178831 0.000309544 -0.000194899 0.000175656 0.000302264 2.62233e-05 8.67714e-05 0.000109398 0.000206777 0.000633206 4.23294e-05 -0.000710914 4.48848e-05 -0.00167436 7.39626e-06 -0.000730303 -2.3876e-05 0.000141873 -0.00135512 8.99152e-05 6.11119e-06 -0.000192323 0.000204897 -3.7344e-06 1.77506e-05 -0.000641936 -0.000436461 -2.34443e-06 0.000608251 2.61969e-07 -0.00157766 0.000762106 5.61898e-05 0.00058621 -0.00147943 2.03598e-05 
0.00755768 -0.00577499 0.00156629 -0.05344 -0.00128873 -0.000598991 -0.0164751 -0.0151273 -0.00107872 -0.00708351 0.0109868 0.00168629 0.0413921 -0.000785029 0.194964 -0.00178848 -0.00218552 -0.00259687 -0.00789485 0.00346059 -0.00120281 -0.00251167 0.00805666 -0.0163458 0.0270012 0.0346658 -0.0222506 -0.0157066 6.7562e-05 -0.00399271 -0.0384675 -0.00956005 -0.0115327 0.015744 -0.0090678 -0.0485775 -0.0100719 0.00286198 -0.0102728 -0.064806 -0.00468815 -0.000647431 -0.00500093 -0.00350716 0.00179337 0.00474302 0.00212497 -0.000103923 -0.0085992 0.0541047 -0.0188416 -0.0216476 -0.00777946 -0.0349293 -0.0155787 -0.00829588 -0.000164587 0.00254895 -0.00271748 0.0140975 7.28895e-05 -0.000990189 -0.00224825 0.0168556 0.00356533 -0.01917 -0.0112564 -0.00836822 -0.013634 -0.0041343 -0.0017491 -0.000442989 -0.00271359 -0.00310157 -0.00451495 -0.00912645 0.00090325 0.0287408 0.000645933 0.0247298 -0.000381404 0.00855076 0.0469626 0.000149097 -0.00175801 0.015216 -0.00144619 -0.00412695 -0.000356784 0.00245965 -0.000863692 -5.3347e-05 0.000586687 -0.0016404 0.0299472 -0.000810522 -0.00978644 -0.0121642 0.018757 0.000257342 
-0.000862687 -0.00017068 0.000186702 0.014354 0.000667749 0.000597376 -0.00024117 -0.0018743 3.2242e-05 -0.000842957 0.000152965 -0.000262686 -0.00155136 0.000644325 -0.00178848 0.0339722 -0.000501904 0.000910499 0.000375549 -0.00356982 0.000348802 -8.41993e-05 0.000393187 0.000222785 -0.00412839 -0.00672157 -0.000461329 -0.000502526 -0.000145038 4.58857e-05 0.00664299 0.000706771 0.000254762 -0.00699814 -0.00175517 0.00867385 -0.00125543 -0.00412849 -0.000377566 0.00623534 -0.000454555 0.00016175 7.43423e-05 -0.000462349 0.000345801 -0.00295567 0.0028664 -2.04603e-05 0.00254059 -0.00568983 0.00597463 0.00567846 0.00101417 -0.0043824 -0.000582019 0.00077618 0.000158276 0.00650238 -0.000300899 -0.0118222 0.000943186 -0.000132626 -0.000554496 -0.000319906 -0.000410751 -0.000534112 -0.00117075 -0.00133089 0.000156843 0.00267858 -0.000378369 0.000140939 -0.00052359 -0.000817503 0.00143241 -0.00554293 -0.000124867 -0.0105981 7.84179e-06 -0.00447836 0.00104093 -0.00157937 -0.00673516 0.000146107 -0.000237811 -0.00168995 5.43545e-05 -0.000170477 -4.82071e-05 0.00319669 -0.00334976 6.44563e-05 0.00128183 -0.000648241 -0.00122275 0.000735064 0.000751446 -0.00341743 -0.00327112 4.02171e-05 
0.000102141 0.00693505 0.00106759 -0.00607399 0.000337227 0.000106759 -0.00118673 -0.00194749 0.00214638 0.00240883 -0.0128593 0.000305668 -0.00949283 0.000397876 -0.00218552 -0.000501904 0.0253142 0.000265476 -0.00120259 0.015178 0.00115474 0.00107746 -5.25977e-05 -0.000227912 -0.00905978 -0.00760952 -0.00154945 -0.00610297 0.0002597 0.00016919 -0.0113076 -0.000466107 -0.00121925 0.00766686 0.0112818 0.00410075 0.00607673 -0.00397394 0.0107749 -0.0036131 0.000580087 0.000434691 0.0016208 0.00189483 0.000135743 -0.00213234 -0.000743431 1.46631e-05 0.00218666 -0.00329143 -0.0136711 -0.0023782 -0.00140505 -0.00380087 -0.000880421 0.000234029 -0.000140484 0.00203541 0.000118299 -0.0159749 0.00098731 0.000600747 0.00571964 -0.002425 0.000132343 -0.00094409 0.00155446 0.00284421 -0.000285192 0.000734231 0.00294156 0.000302245 0.00706546 0.0137136 0.00175814 0.000332153 0.00265539 -0.00210609 9.5604e-05 -0.00164822 -4.39759e-05 0.000715321 -0.0018319 -1.64023e-05 0.00186348 -0.00137661 0.000782066 0.000442815 1.53435e-07 -0.0132407 -0.000543253 -1.80701e-05 0.000990527 0.00111813 -0.0101565 -0.00125131 0.00945907 0.0143627 -0.0166376 2.16801e-05 
-0.000271167 -7.997e-05 -3.22104e-05 0.00582081 0.00104067 1.33445e-05 -0.00145512 -6.29727e-06 0.000262199 -0.000367631 -0.00247036 -7.51917e-05 -0.00610623 4.7764e-05 -0.00259687 0.000910499 0.000265476 0.0132565 -0.000401352 -0.000438025 0.00142537 -6.54843e-05 -4.40481e-05 0.00449338 0.00254623 -0.00444397 0.00595969 -0.00276282 -4.13937e-05 0.00136416 0.00114947 -0.000385095 0.000121446 -0.00521523 -0.000147526 -0.00389217 -0.000755221 -0.00144932 -0.00109891 0.00633578 0.00079486 9.56731e-05 6.2933e-05 0.00010033 -9.51706e-06 -0.00123877 -2.44905e-05 -3.6216e-06 -0.000831343 -0.00400146 0.00054514 -0.00134567 0.00167536 0.000709388 -0.00120797 -0.000994573 -4.31703e-05 -0.000721949 4.95901e-06 -0.00637719 -5.70091e-05 -3.65289e-05 0.000417345 -0.000965156 -0.000259106 0.00576384 0.00399969 0.00298018 0.00450078 0.00355673 0.000395884 6.55477e-05 -0.000129814 -0.000304355 0.00542883 -0.000498674 -0.000567993 -0.0032358 6.04106e-05 -0.00351997 5.12224e-05 0.00100918 -0.00367946 -1.51437e-05 0.00147034 -0.000739805 -5.4636e-05 8.10064e-05 -8.03853e-06 -0.00532944 -0.000816262 3.95531e-05 -0.000158848 -0.000220939 -0.00824908 0.00362827 -0.000726902 -0.000136235 -0.00131203 -2.76693e-05 
0.000549379 -0.000335879 -7.84487e-05 -0.00724688 -0.00157227 0.000107908 0.0011981 0.00596297 -0.00012957 0.011993 -0.0121799 0.000383756 -0.0149705 0.000526327 -0.00789485 0.000375549 -0.00120259 -0.000401352 0.0540642 0.0113609 0.000118748 0.00139752 -0.000684834 0.00488684 -0.0189477 -0.00850655 -0.00318798 -0.00864377 0.00142171 0.00090699 -0.011781 0.00817446 -0.0011115 -0.0072956 0.00233482 -0.011985 -0.0020962 -0.0126997 -0.000850393 -0.00854678 0.000695872 3.65953e-05 0.00158757 0.00269679 0.00175598 0.00555268 0.00172573 -2.94289e-05 -0.00141897 -0.0137614 -0.0213564 -0.00310529 -0.00100515 0.0170027 0.00551785 -0.000395863 2.85278e-05 -0.00100955 0.00126145 -0.028739 0.000302104 0.001316 0.00087234 0.00110758 0.000995212 -0.000952156 0.015152 0.000549585 -0.00321239 -0.000291999 0.000366217 6.09485e-05 -0.000278946 0.00915551 0.000215413 0.00822069 0.00538 0.0159372 0.000200419 0.00705484 -0.000432827 0.0101126 0.00277218 -0.000287828 0.004501 -0.00322772 0.000150306 0.00661632 0.000491272 -0.0131864 0.0042873 0.000166148 0.000706197 -0.000103777 -0.00865896 -0.00083871 0.00541253 0.0157652 -0.0177018 0.000851687 
-0.00412883 0.00977158 0.000424621 -0.038254 -0.0143621 0.00111445 -0.0125999 -0.00132452 0.00419255 0.0258812 -0.0287081 0.00079093 -0.0164894 -1.07046e-05 0.00346059 -0.00356982 0.015178 -0.000438025 0.0113609 0.1588 0.000596462 0.00339913 0.0006349 -0.00141736 -0.0431109 -0.0239547 -0.0151745 -0.0476197 0.00104293 0.00157846 -0.0456954 0.000591939 -0.00709421 0.0366945 0.0188707 -0.0302469 0.018155 -0.0123854 0.0444201 0.000784616 0.00393534 0.000318787 0.00744493 0.0116088 0.00410201 -0.0174532 -0.00564664 3.7087e-05 -5.09686e-05 0.00847331 -0.0951065 -0.0218087 -0.0107633 -0.0082713 -0.00612274 -0.00891239 -0.000928343 -0.00555923 -0.00163287 -0.0672225 0.00132403 0.00123575 0.010173 -0.00971088 0.00309672 -0.0142489 0.0129891 0.0269529 0.000986942 -0.00130367 0.00931077 0.000559394 0.0161862 0.0365396 0.00110222 0.0364384 0.0129919 0.0503732 0.000388366 0.0424732 0.000137183 0.0190789 0.0480811 -0.000248466 0.00730462 -0.00542742 9.84096e-05 0.00767046 2.8424e-05 -0.0837486 0.00365747 -5.22517e-05 -0.00138893 -0.00117968 -0.0310946 -0.00824873 0.0145456 0.0312229 -0.0352146 -0.0006806 
-9.11033e-05 0.0003223 0.000203859 0.000698077 -9.2865e-05 0.000222203 -0.000474016 -0.000222366 0.000572084 0.000159991 -0.00232992 -1.64956e-05 -0.00330775 4.30701e-06 -0.00120281 0.000348802 0.00115474 0.00142537 0.000118748 0.000596462 0.00478327 0.000325352 -5.64999e-05 0.00206483 0.000318627 -0.00189036 0.00205581 -0.00119525 7.1929e-05 3.44403e-05 -0.0005707 0.000992537 -0.0002389 -0.00122471 0.000701961 -0.000915924 -1.93312e-05 -0.000860594 0.000210924 0.000807745 2.05143e-05 5.87219e-05 0.00010807 0.000370035 -3.89516e-05 0.000108431 0.000386425 4.6034e-06 -0.000131395 -0.00136099 -0.00102905 -0.000356866 0.000402501 -0.000116507 -0.00010135 -0.000259569 -2.20692e-05 -0.000186292 0.000107982 -0.0029292 7.51018e-05 0.000156353 0.000260091 -0.000456267 -9.46974e-05 0.0021687 0.0011697 0.000947246 0.00160439 0.00189592 0.000142069 0.000303209 0.000333663 0.000612102 0.00239299 -0.000676438 9.56431e-05 -0.00169828 1.10827e-05 -0.000179273 -2.18336e-05 -0.000204689 -0.00151578 8.27291e-06 -7.60315e-05 -0.000239012 3.23457e-05 0.000370992 5.16562e-05 -0.00266532 -0.000489846 0.000183682 -3.97222e-06 0.000248549 -0.00310648 0.0010845 0.000128815 0.0011059 -0.00244365 -3.12225e-05 
0.00127206 -8.78584e-05 -3.55872e-05 -0.000399656 -0.000370856 4.4259e-05 -0.00132023 0.00245629 0.000477687 0.00360445 -0.00294454 3.67108e-05 -0.00768851 6.23861e-05 -0.00251167 -8.41993e-05 0.00107746 -6.54843e-05 0.00139752 0.00339913 0.000325352 0.0112023 -0.000229398 -3.60026e-05 -0.00529206 -0.00210446 -0.00071914 0.000918178 2.91168e-05 0.000214335 -0.00604065 0.00101977 -0.000483568 0.000712469 0.00345454 -0.00157259 -0.000392018 -0.00249381 0.0023734 -0.000277381 3.95503e-05 0.000152541 0.000559587 0.00137524 0.000324115 0.00156079 0.00071342 -1.3121e-06 -0.000426815 -0.00329022 -0.00506726 -0.000738351 0.000989216 0.00109076 0.000534479 -0.000663116 5.84816e-05 -0.000495191 9.9301e-06 -0.00325954 5.88204e-05 0.000533044 0.000598824 2.17961e-05 0.000399287 -0.000830867 0.00153995 0.00087398 -0.000720205 6.03002e-05 0.00207293 0.000463491 0.00171439 0.00374274 7.32638e-06 0.00223447 0.00114247 0.000667515 6.61906e-05 -0.00235714 -0.000148701 -0.000370043 0.00077763 8.97612e-06 0.000963183 -0.000371391 0.000155326 0.000503537 0.000349176 -0.00591379 0.000731812 7.25524e-06 -9.49047e-05 0.00320814 -0.00705011 0.000332395 0.00215333 0.0068771 -0.00682708 2.47603e-05 
0.00124018 0.000420005 0.00226784 -0.00499657 -0.00115885 0.000236622 -0.00220442 -0.000806225 3.41293e-05 -0.000697638 0.000283906 -6.85124e-07 0.00289604 0.000149305 0.00805666 0.000393187 -5.25977e-05 -4.40481e-05 -0.000684834 0.0006349 -5.64999e-05 -0.000229398 0.0213444 -0.000922478 -0.000289913 0.00647533 -0.00101745 -0.00340369 -0.000103835 -0.000171683 -0.00953586 -0.000750251 -0.000647888 -0.00402455 0.000482204 -0.00396617 0.00404976 -0.00265368 -0.000923418 -0.0047559 -0.000345773 4.05047e-06 0.000581292 -0.000298995 -0.00013909 -0.00271626 0.000214628 6.41611e-06 -0.000488944 0.0115586 -0.00135148 -0.00131003 -0.00127172 -0.00324694 -0.00170574 -0.000308549 0.000154209 0.000189737 -0.000116525 -0.000726362 0.000404953 -8.57851e-05 -0.000222232 0.00278322 0.00212755 -0.000637584 -0.00124092 0.00126377 0.00078787 -0.000153682 -0.000222034 -3.71264e-05 1.6667e-05 -0.000719447 -0.000157877 -0.0014257 9.41697e-05 -0.00701812 -1.63281e-05 0.00118906 -0.00018695 0.000189313 -0.00320833 -0.00010046 -0.000628528 0.0044738 -0.00010208 0.000198118 0.000102685 -0.00542665 -0.00247283 -1.46173e-05 0.000700697 -0.000218459 0.00251264 0.00436486 -0.000854684 -0.000854651 0.00128952 -4.23638e-05 
-0.000725959 0.000945746 -0.000234305 -0.00127852 0.00529636 0.000472457 -0.00580788 -0.0029741 0.00048157 0.00336138 -0.0172251 -0.00068723 -0.0263359 0.000134746 -0.0163458 0.000222785 -0.000227912 0.00449338 0.00488684 -0.00141736 0.00206483 -3.60026e-05 -0.000922478 0.0659994 0.00383284 -0.00207235 0.0186875 0.00285771 0.000268416 0.00923509 -0.00945994 0.00194748 -0.00148856 -0.031138 0.000630165 -0.0158259 -0.00435866 -0.00297184 -0.00605596 0.00143115 0.00983633 0.000306269 0.000515678 -0.000788446 -0.000596358 0.0144959 -0.000771665 -4.20757e-05 -0.00221314 -0.0161657 0.00242913 -0.00660935 -0.00314204 0.0336025 -0.00411098 -0.00339915 -0.000404172 -0.00249645 0.00181484 -0.01393 0.000365905 0.00118593 2.50322e-05 -0.00368745 -0.00119948 0.0114078 0.0168303 0.0128668 0.000399902 0.00179459 0.00175327 7.74455e-05 -0.000460325 -0.00122761 0.00295888 0.00495155 0.000634948 -0.00789209 0.00106675 -0.0044703 -0.000603593 0.00892633 -0.00939506 -0.0002559 0.00693 -0.00404843 -0.000252721 0.00733978 -5.04832e-05 -0.0131386 0.00185052 0.000265353 -0.00104681 0.00199705 -0.015433 0.0046011 -0.00404762 0.00552517 -0.0144169 -0.000119155 
-0.00713723 -0.0102528 0.00119151 0.0183376 -0.0240394 -0.00165681 -0.00387099 -0.00302033 -0.00281701 -0.0175322 0.0404611 -0.00347144 0.0488058 -0.000374051 0.0270012 -0.00412839 -0.00905978 0.00254623 -0.0189477 -0.0431109 0.000318627 -0.00529206 -0.000289913 0.00383284 0.245052 0.0164646 0.0245458 -0.0358094 -0.00297712 -0.00911336 0.0793489 -0.00826513 0.0120951 -0.0185962 -0.016746 -0.0388123 -0.0174498 0.0355184 -0.0217827 0.00194706 -0.0112539 -0.00109679 -0.0139674 -0.00769213 -0.00400567 0.00214025 -0.0130142 -0.000316866 -0.00560334 0.032671 0.0630664 -0.0370838 -0.0116202 3.02572e-05 -0.0287585 -0.0119344 0.000721129 -0.0127486 0.000504987 0.0712107 -0.00218721 -0.00254474 -0.00915119 -0.00280704 -0.00829556 0.0259731 -0.022271 -0.0153143 0.00793632 -0.00146769 -0.00956766 -0.000752142 -0.0114895 -0.0239747 0.00142909 -0.0777275 -0.0104913 -0.0514054 -0.0027085 -0.00220086 -0.00117845 -0.0199139 -0.0379047 -0.00209263 -0.0218031 0.011609 -0.00191878 -0.0148978 -0.000946925 0.0563066 -0.0314672 -2.40542e-05 -0.00537152 -0.00669556 0.0511788 0.00862456 -0.0144843 -0.0447819 0.0522502 -0.00163315 
0.0157998 -0.00233851 -0.000786659 -0.0820621 -0.0200611 -0.00109167 -0.00827724 -0.0268473 -0.00236412 -0.0124223 0.0190101 -0.00122656 0.0116969 -0.000768316 0.0346658 -0.00672157 -0.00760952 -0.00444397 -0.00850655 -0.0239547 -0.00189036 -0.00210446 0.00647533 -0.00207235 0.0164646 0.249993 -0.0037305 0.0260049 -0.00149527 -0.00611512 -0.0225326 -0.00481384 0.00324087 -0.0117344 0.000392097 -0.0356912 0.0175519 -0.0640923 -0.0273514 -0.0586501 -0.00644763 -0.000330126 -0.00377653 -0.00690302 -0.00377583 0.0151384 0.00827795 -3.30169e-05 -0.0109221 0.0609109 -0.0136587 -0.0160467 -0.00188356 -0.0304579 0.00108364 -0.02593 0.000128568 -0.0168005 0.000480866 0.0524031 -0.000255328 0.000544469 -0.00517968 0.0220902 0.0080469 -0.0179677 -0.0156736 -0.00128107 -0.0126029 -0.00562645 -0.00847138 -0.000899591 -0.0100955 -0.0133074 -0.00577485 0.0272703 -0.0121733 0.0369089 8.10357e-05 -0.00309131 -0.00419931 -0.000792615 0.00387667 -3.06093e-05 -0.016139 0.0205388 -0.00220602 -0.00531514 -0.000305881 0.00985675 0.00898021 -0.000321157 0.00337613 -0.00170674 0.0344442 0.0101363 -0.0270727 0.00449674 0.027824 0.00102064 
-0.00224924 0.000478473 -1.03014e-05 0.0395115 -0.00293683 -0.000396673 -0.00269735 0.016144 -0.000280081 -0.00513412 0.000650094 -0.000761897 -0.0177612 -0.000233256 -0.0222506 -0.000461329 -0.00154945 0.00595969 -0.00318798 -0.0151745 0.00205581 -0.00071914 -0.00101745 0.0186875 0.0245458 -0.0037305 0.115125 0.00400379 -0.00037347 0.00189049 0.0228538 0.00144097 0.000714248 -0.0284291 -0.00195789 -0.00589781 -0.0043836 0.00501946 -0.0102753 0.0242399 0.00235485 0.000357149 0.0011666 -0.0017302 -0.00112548 0.00458658 0.00135167 -3.09006e-05 0.00106818 -0.0285943 0.0226417 -0.00178547 0.00938594 0.0195146 -0.00717228 -0.00504802 -0.000175763 -0.000346979 -0.000373064 -0.0168981 -0.000315735 0.000196339 0.00140352 -0.0115547 -0.00266423 0.0237697 0.00520327 0.00902382 0.0211602 0.0053502 -6.33072e-05 -0.000143438 -0.00261802 -0.0062123 0.00699059 -0.00936523 -0.0024214 -0.0550929 -0.000673343 -0.0304932 -0.000752784 -0.00522509 -0.0390845 -0.00022705 0.000204101 -0.0057392 0.00164051 0.0016155 1.0194e-06 -0.0174238 -0.0180175 0.000130007 -0.000255031 -2.54879e-05 -0.0237356 0.0107575 -0.00203964 -0.00586117 0.00154756 0.000412882 
0.00835425 -0.00366835 -0.00434082 0.00978091 0.00560022 -0.000522804 -0.00273419 -0.00424465 -0.00149749 -0.00977003 0.00430123 0.0022668 -0.0364698 4.76366e-05 -0.0157066 -0.000502526 -0.00610297 -0.00276282 -0.00864377 -0.0476197 -0.00119525 0.000918178 -0.00340369 0.00285771 -0.0358094 0.0260049 0.00400379 0.20978 -0.00118756 0.00410718 -0.0330391 0.00364335 -0.00158559 -0.0221808 -0.00167389 0.0265766 -0.000196076 -0.0399466 -0.0232119 0.021088 -0.00144563 -0.000455347 -0.00541724 -0.00352946 -0.00278676 0.000890186 0.0173651 -8.31466e-05 0.0106823 9.51942e-05 0.0266864 0.0321843 0.0227737 0.0077382 0.0147024 -0.0123187 0.00021309 -0.00806071 0.00106744 0.0401378 -0.00108615 0.000204086 -0.00256772 0.00539624 0.00179223 -0.0150235 -0.00401671 -0.0148658 -0.0145212 9.625e-05 -0.00210085 -0.000135902 -0.00594154 -0.0145881 -0.00254223 0.0100519 -0.0128222 -0.00550456 -0.0012593 -0.0427676 -0.00185541 -0.0101493 -0.0130284 0.00210044 -0.00926109 -0.00273532 -0.000454137 0.0060069 9.53172e-05 0.0217872 -0.0299666 -0.000162593 0.00121838 0.00384962 -0.00727217 -0.00319321 -0.0140353 0.00502852 0.0115971 0.000878316 
0.000120552 0.00032416 -7.97358e-05 -0.00135913 0.000613815 1.36334e-05 -0.000247114 -0.000247594 9.56911e-05 0.000810994 -0.00337229 0.000235673 -0.00225894 1.93341e-05 6.7562e-05 -0.000145038 0.0002597 -4.13937e-05 0.00142171 0.00104293 7.1929e-05 2.91168e-05 -0.000103835 0.000268416 -0.00297712 -0.00149527 -0.00037347 -0.00118756 0.00609179 0.000175254 -0.00310572 0.00150173 -0.000255067 0.000584993 0.000640766 -0.000569595 -0.000318998 -0.00103841 0.00103184 -0.0008447 0.00023406 4.0593e-05 -5.12258e-05 0.000448911 0.00014812 0.000312532 -0.000124118 4.44674e-06 -0.000170822 -0.00180349 -0.00310153 3.45318e-05 -8.30049e-05 0.000565847 0.00108395 0.00189036 1.07734e-05 -0.000178029 5.86636e-05 -0.00274392 4.77164e-06 3.56586e-05 0.000653706 0.000211466 -4.57399e-05 -0.000306063 0.00171354 6.37502e-05 -0.000454399 -1.19543e-05 0.000804116 2.53469e-05 0.000679881 0.00174659 0.000164874 0.000237907 -0.000137852 0.00152128 0.000155008 0.00140268 -8.83927e-05 0.00257098 0.000617851 4.73634e-05 0.000786155 0.000433175 9.58254e-05 0.000264549 2.82908e-05 -0.00328803 0.000430232 6.32289e-05 5.14385e-05 0.000328718 -0.00214944 -0.000316755 0.000357251 0.00203561 -0.00271416 4.2747e-06 
0.000231434 -0.000185111 -0.000278129 -0.000553982 0.00627229 0.00017923 -0.00178319 0.000726599 0.000302831 0.00149929 -0.0125356 -2.16172e-05 -0.0114802 -2.83752e-05 -0.00399271 4.58857e-05 0.00016919 0.00136416 0.00090699 0.00157846 3.44403e-05 0.000214335 -0.000171683 0.00923509 -0.00911336 -0.00611512 0.00189049 0.00410718 0.000175254 0.0164399 -0.00950886 -0.00124236 0.000967851 -0.00557028 0.000177329 -0.00329214 -0.00028095 -0.00292453 0.000445419 0.00170464 0.00800189 5.74658e-05 0.00151723 0.000476675 3.50593e-06 -0.000319151 0.000117885 -6.22226e-06 -0.000421758 -0.00520591 -0.00176885 -0.000598916 0.00158052 0.00891813 -0.00104905 -0.000978911 -9.22886e-05 -0.000818956 -2.94316e-05 -0.00874008 5.44043e-05 9.04303e-05 0.000650767 -0.00108198 8.13331e-05 -0.00109578 0.00977606 0.00412187 -0.00118954 0.000541138 0.00338689 2.3963e-05 0.00125669 5.42641e-05 0.000686819 0.00801921 0.000219152 0.00259951 0.000395306 -0.00280901 -0.000162579 0.00313985 0.00297407 -7.1375e-05 0.00728247 -0.00101589 0.000213261 0.00557692 -1.16349e-05 -0.00760106 0.00132723 9.06378e-05 0.000235002 0.00194656 -0.011999 -0.000882813 4.24747e-05 0.00293304 -0.00998951 -4.30021e-05 
-0.0198393 -0.00589366 -0.00286086 0.0624591 -0.0241539 -0.00154105 0.0101783 -0.00346205 -0.00316016 -0.0187547 0.0393174 -0.00535198 0.0414299 -0.0002056 -0.0384675 0.00664299 -0.0113076 0.00114947 -0.011781 -0.0456954 -0.0005707 -0.00604065 -0.00953586 -0.00945994 0.0793489 -0.0225326 0.0228538 -0.0330391 -0.00310572 -0.00950886 0.212706 -0.0140434 0.0123541 0.0075928 -0.0197072 0.0496857 -0.00826362 0.0543361 -0.0105167 0.0249367 -0.00877138 -0.000825039 -0.00448928 -0.00643426 -0.00274165 -0.0187525 -0.0112089 -0.00019666 -0.0070964 -0.0243343 0.0740671 0.00509414 -0.00491041 -0.0112521 -0.0226971 -0.002006 -0.000813573 -0.00718282 -0.0020317 0.0312682 -0.00233852 -0.00288224 -0.00867082 -0.0185824 -0.0132114 0.0231753 -0.0259144 -0.00882241 0.0182417 0.00246456 -0.00913471 -0.000656185 -0.0101011 -0.0258824 0.002612 -0.0485295 -0.00612046 -0.0492772 -0.00242799 -0.0196098 0.00182536 -0.0205735 -0.0411306 -0.00141832 -0.0148996 -0.0169728 0.000659852 -0.0183624 -0.00101228 0.0851533 -0.0162564 -0.000341208 -0.00156208 -0.0147056 0.02805 0.00392233 -0.00666786 -0.0532803 0.034864 -0.00250126 
0.00083441 0.00292668 0.00139704 -0.0161802 -0.00676165 0.000287787 0.00220138 -6.36597e-05 0.000449949 0.00581784 0.00290007 -0.000311034 -0.0111727 -9.83922e-05 -0.00956005 0.000706771 -0.000466107 -0.000385095 0.00817446 0.000591939 0.000992537 0.00101977 -0.000750251 0.00194748 -0.00826513 -0.00481384 0.00144097 0.00364335 0.00150173 -0.00124236 -0.0140434 0.0912816 -0.00243202 0.000619942 -0.00181078 0.00537251 -0.00365346 -0.0245468 -0.00572014 -0.00928609 -0.00178194 -5.91859e-05 -0.00247599 9.1948e-05 -0.000923369 -0.00397475 -0.00234522 -4.54757e-05 0.0117345 0.00689858 -0.00675537 0.0153475 -0.00538033 0.00957657 0.0194834 0.00714275 0.000198307 0.000681931 0.000772817 -0.00604276 -0.000516504 -0.000369893 -0.000550383 -0.00591208 -0.00215393 -0.00126082 0.00457481 -0.00323791 -0.000398304 0.000233727 -0.0008559 1.56111e-05 -0.000552203 0.00155118 0.000884612 -0.00950216 -0.00297308 -0.0185037 -0.00052736 -0.0116262 -0.000456769 -0.00182376 -0.012705 -0.000268834 -0.00372899 -0.00189241 4.96541e-05 0.00436559 0.000242013 0.0038964 -0.00711296 0.000219947 -0.00150846 0.00417511 0.0094853 0.00894781 0.00105506 0.00226711 -0.00778537 -0.000429921 
-0.000892239 -0.000778597 -0.000902378 -0.00287071 7.85815e-05 -0.000109551 0.00543226 0.00410639 1.52674e-05 -0.000805354 -0.00137826 -0.000136964 0.000604978 -0.000112252 -0.0115327 0.000254762 -0.00121925 0.000121446 -0.0011115 -0.00709421 -0.0002389 -0.000483568 -0.000647888 -0.00148856 0.0120951 0.00324087 0.000714248 -0.00158559 -0.000255067 0.000967851 0.0123541 -0.00243202 0.0562587 -0.00436814 -0.00154255 -0.00990956 0.00315806 0.00611903 0.00912812 0.0118937 0.000555083 -2.47886e-05 -0.000172838 0.000569303 -0.000164075 0.00474634 0.00113044 1.26999e-05 0.00330331 -0.0129394 0.00328848 -0.00601976 0.00236948 -0.00292923 -0.00280313 -0.00305019 0.000385872 -0.000739499 -0.000326567 -0.00137462 -0.000322737 -0.000210641 -0.000650895 -0.00214904 -0.000435742 0.00383727 -0.00132406 0.000337401 0.000951632 0.000594109 0.000450166 -7.05267e-05 -4.18898e-05 -0.00279747 0.00168564 -0.00905113 -0.000704846 -0.00861013 -0.000307569 -0.00589462 0.000146141 -0.000240964 -0.0200024 0.000443727 -0.000635341 -0.00016881 -0.000186903 -0.00107689 0.000107499 0.00262313 -0.00358143 -1.46473e-05 0.000699098 -0.00120402 -0.0018324 -0.00101476 0.00266666 -0.0042796 -0.00791092 -0.000286739 
-0.00535202 0.00134844 -0.00675522 -0.029284 -0.0390082 -0.00101953 -0.0219503 -0.00925577 0.000291852 0.00373296 0.00264561 -0.00307463 -0.00187067 -0.000460038 0.015744 -0.00699814 0.00766686 -0.00521523 -0.0072956 0.0366945 -0.00122471 0.000712469 -0.00402455 -0.031138 -0.0185962 -0.0117344 -0.0284291 -0.0221808 0.000584993 -0.00557028 0.0075928 0.000619942 -0.00436814 0.248795 0.00650517 0.00868791 0.0141634 -0.0157762 0.0358649 -0.0345228 -0.00717157 -0.000333994 -0.00099596 0.00380132 0.00254686 -0.0242889 -0.0147049 -0.000120643 -0.00691326 0.00759111 -0.0575814 -0.0134742 -0.0272397 -0.0382336 -0.019898 -0.00567815 -0.000691575 -0.012546 -0.00396143 0.00398867 -0.000522994 -0.00145166 0.00470848 -0.00434265 -0.00269977 -0.0165988 -0.0156753 0.0003737 0.000493484 -0.00524604 0.00341941 -0.000257307 0.00887828 0.0158614 -0.00284838 0.0298255 0.00647639 0.0567313 0.00035176 -0.026994 -0.0013874 -0.00269541 0.0552159 -0.00269779 -0.00875811 -0.00260561 0.00144991 -0.00853506 -0.000672437 0.0255115 0.0106954 -0.000447889 -0.000535759 -0.00282738 0.0296055 -0.00333371 0.0161027 -0.00383569 -0.00913806 -0.00223471 
