0.0060716 -0.000259451 -0.000198706 0.0014004 8.63114e-05 -0.000180737 0.00057416 0.000323772 -0.00113689 0.000329786 -0.000562682 1.54521e-05 -0.000512518 1.35017e-05 -3.51961e-05 -0.00163347 0.000205538 -0.000366302 0.000274302 -0.000710519 0.000150659 0.00111278 -0.000303359 -0.000145745 -0.000189767 0.000658024 -0.00134505 -3.29059e-07 -3.36503e-05 -0.000123119 -0.000153655 -0.000107015 0.000256247 -0.00028446 -0.000463993 -4.96173e-05 -0.000210702 5.26996e-05 -0.000401742 -0.000110136 0.000189274 -0.00133049 -0.0001079 -0.000408643 -0.000361427 8.73628e-05 -5.41797e-05 0.000842381 -3.18872e-05 -4.94758e-05 4.56722e-05 -2.75248e-05 0.00168278 7.51705e-05 6.51268e-06 -0.000371994 0.00082507 0.000106783 -0.00105302 4.28618e-05 -0.000318632 -0.000272515 -0.00036595 0.00158163 0.000271956 -0.00113592 4.13042e-05 0.000163446 -0.00107555 0.000231775 -0.00105712 -0.000664475 0.000471047 -7.25503e-05 -4.12191e-05 -1.59154e-06 -7.80772e-05 0.000970971 -0.000182682 0.000139892 -1.90558e-05 0.000531754 0.000473799 0.000972009 0.00113364 -0.00055887 -0.000147606 -0.00268353 0.000106355 -0.000984541 0.00118623 0.000263722 -0.000129836 -2.16518e-05 -0.000531736 0.000108524 -0.000412317 2.15061e-05 -0.000138392 0.000110494 
-0.000259451 0.0517587 0.0105691 -0.00141222 0.0018708 0.00269093 -0.00076269 -0.00076618 -0.00320289 0.00151902 -0.00548477 7.51561e-06 -0.0059081 7.6377e-06 0.00324825 0.00263783 -0.000221946 -0.0033094 -0.00973544 -0.00361831 0.0029635 0.0079238 -0.0105067 0.00330125 0.00443891 -0.00376627 -0.0017875 -1.34951e-05 0.00024279 0.00644497 0.000268186 -0.00137912 -0.000172561 0.00384182 -0.00206557 -0.000378449 0.00252805 4.59037e-06 -0.00677619 0.000888693 0.000209177 -0.0133321 0.00421115 0.000794048 -0.00533146 -0.0102815 0.00665068 -0.00466879 0.000332121 0.00453502 -6.36964e-05 -6.49045e-05 -0.00208442 -9.11129e-05 0.00020829 0.00540064 -0.019399 0.00040367 -0.00871041 -0.00585816 -0.00586199 0.000610766 0.0146891 -0.00336699 -0.000296215 0.00409461 1.1033e-05 0.00476563 -0.0024951 -0.000399663 -0.00369223 -0.00745996 -0.00151708 0.000455346 0.00310942 0.00115973 0.000895017 -0.0132911 -0.000636359 -0.000878494 0.000300617 -0.000101936 0.00653519 0.00368196 -0.00813678 -0.00498942 -0.00124922 0.00720657 0.00155752 0.0136447 -0.00173919 -0.00403564 -0.000723772 -0.0024721 0.00897401 -0.000561463 -0.00131141 -0.000174282 0.000690466 -0.0054797 
-0.000198706 0.0105691 0.0839627 -0.00265768 0.0152118 0.0201803 -0.00116134 -0.000906501 0.00275363 -0.00258363 0.0152658 0.00032333 0.00710641 0.000840558 0.00451703 -0.00599592 6.88057e-05 -0.00202186 -0.0221621 -0.034432 0.0284457 0.0310882 -0.018195 -0.0135916 0.0158894 -0.000989728 -0.0245806 0.000144656 0.000954238 -0.000824475 -0.000391908 -0.00245042 0.000530246 0.00503391 -0.000913584 -0.000502255 -0.00201425 0.000594169 -0.00717346 -0.000101651 -0.00121599 0.00210813 0.0109062 -0.0119661 0.00731461 -0.0235748 0.0202544 -0.00261821 0.000654593 -0.00160876 3.53096e-05 0.000443093 -0.0211428 0.000242314 0.000803374 0.019605 -0.0186432 0.000528091 -0.00382739 -0.00720869 -0.00962137 0.00654426 -0.019546 -0.00343786 -0.000668955 -0.0167512 3.71087e-05 0.0156225 -0.00132423 -0.000360225 -0.0318789 -0.00800124 6.05691e-05 -0.000998052 -0.000259218 -0.00127603 -2.53658e-05 -0.00288032 0.00219798 0.00282185 0.00397423 0.00952476 -0.0148451 0.00379934 -0.00319264 -0.00424308 -0.00238471 0.00865751 0.00332941 -0.0311693 -0.000811804 -0.00898374 0.00304503 -0.0011204 0.0308193 0.000253211 -0.00644936 -0.000193866 0.0101599 -0.00114422 
0.0014004 -0.00141222 -0.00265768 0.042494 -0.000417817 -0.00274608 0.00140045 -0.00043128 -0.0112364 0.00483883 -0.0060218 -8.72734e-06 -0.00602361 -4.53276e-05 -0.000352243 -0.00258885 0.000540248 -0.00180253 -0.0131232 0.00532148 0.00538293 0.000943658 -0.00470928 0.0104267 -0.00164199 0.00400356 -0.0120701 1.1133e-05 -0.000528425 0.00179915 -0.000695784 -0.000950913 0.000474573 0.000787849 -0.00386095 -0.000102749 0.000608042 3.24024e-05 0.0111506 0.000182535 0.00162463 -0.0155389 -0.00184997 -0.0042219 -0.00355314 0.00817167 -0.00196345 0.00688364 0.000120831 -0.000771868 -2.96428e-05 -0.000174054 0.0122744 0.000427906 -7.7555e-05 -0.00184024 0.00970229 5.60814e-05 -0.00806088 0.00190427 0.00175197 -0.0016905 0.0012452 0.00415924 0.000356323 -0.00175931 -5.34722e-05 -0.00488352 -0.00840382 -0.000919574 -0.00282393 0.00138041 0.00143491 -0.000278537 -0.000286 -0.000256612 -0.000473485 0.0110282 -0.000305366 -0.000502887 0.000166179 -0.0010122 0.0102403 -0.00139391 -0.00424853 -0.00113018 -0.000335408 -0.0113233 -1.35406e-05 -0.00350932 0.00107274 -0.00193405 -0.00112866 0.00298577 -0.00310932 9.37679e-05 -0.00422386 -0.00010533 -0.00113324 -0.000131888 
8.63114e-05 0.0018708 0.0152118 -0.000417817 0.0288843 0.0119188 0.00016087 0.000933191 0.00632254 0.00764419 7.15749e-06 0.000163968 -0.00363668 0.000424019 0.00116236 -0.00875428 0.00122418 -0.00288346 -0.00433857 -0.0161813 0.0182748 0.0199176 -0.00603361 -0.00940634 0.00745804 -0.000597443 -0.0116601 -1.1744e-05 -0.000146944 0.000477754 1.37915e-05 -0.000641151 0.00133913 0.0016036 -0.00189605 2.91788e-05 -0.000720892 0.000327067 -0.00536127 -0.000890253 -0.000108041 -0.0020067 -0.000400367 -0.0147138 -0.00256759 -0.00330227 0.0113446 0.00787662 -2.26388e-05 -0.000225235 0.000464442 -8.23747e-05 -0.00179356 0.00215614 0.000685182 0.00789731 -0.00532901 0.000757513 -0.00550673 -0.000569654 -0.00102508 0.000375934 -0.00667473 0.00346601 -7.52318e-05 -0.0153226 0.000452994 0.0145217 -0.00488466 0.000465769 -0.0194941 -0.00506701 0.00180352 -0.000293441 -0.000177543 -0.000455864 7.00666e-05 -0.00135578 -0.000959085 0.00399 0.0038358 0.00698539 -0.0140462 0.000663515 0.000597083 -0.0028081 -0.000903224 -0.0129404 0.00196901 -0.0110258 0.00336753 -0.00065081 0.000521656 -0.000467457 0.003528 0.0013747 -0.00105065 2.44864e-06 0.0052425 1.29137e-05 
-0.000180737 0.00269093 0.0201803 -0.00274608 0.0119188 0.0687779 -0.00076794 0.000285121 0.0378013 -0.000377753 0.0132037 0.000347798 0.0032674 0.00061523 0.000170818 -0.00640253 -3.1102e-05 -0.00458529 0.0173753 -0.036626 0.00206529 0.035893 -0.0135055 -0.0401173 0.00710057 -0.00252161 0.00661932 1.29752e-05 -6.31432e-05 -0.00190087 -0.00117716 0.00183605 0.00136138 0.000362092 0.0159001 0.00079193 -0.00229671 0.000690334 -0.0148617 -0.00164512 -0.000144958 0.0255559 0.00293652 -0.0248213 -0.00474594 -0.0194929 0.0242152 -0.000941641 6.33907e-05 -0.00155081 -5.00198e-05 -0.000314278 -0.0260903 0.000664155 0.000870928 0.00899709 -0.0228282 0.000592565 0.00692283 -0.00607533 -0.00672913 0.00398504 -0.0123967 0.000402322 2.42013e-05 -0.022467 0.000420901 0.0362485 0.00244839 0.000753376 -0.0297915 -0.012541 -0.000798658 -0.000196548 -0.000623905 -0.00119133 5.7476e-05 -0.0245909 -0.00263668 0.000230308 0.00856554 0.00585806 -0.0319605 -0.00400428 0.0150475 -0.00765177 -0.00156422 -0.0144606 0.0072484 -0.00704238 0.00175808 -0.00193674 0.00190365 -0.0028436 0.00439103 -0.000775075 0.0126864 9.3339e-05 0.00648824 -0.00563208 
0.00057416 -0.00076269 -0.00116134 0.00140045 0.00016087 -0.00076794 0.0149206 0.000162274 -0.00220779 0.00265105 -0.0012673 0.000122842 -0.00175731 3.26672e-06 -0.000133025 -0.00910745 0.000636804 0.000537655 -0.000689183 -0.00554336 -0.00171665 0.0011609 -0.00192689 0.000447429 0.000487817 0.0071249 -0.00389053 4.5643e-05 -0.000184191 -9.77827e-05 -0.000366874 -0.000218234 4.05329e-05 -0.000459899 -0.00109346 0.000138724 0.000387606 3.27304e-05 5.90993e-05 -0.000316462 1.33143e-05 -0.00532646 -0.000793537 -0.00246167 -0.00216262 -0.000591095 -0.000531656 0.0045021 0.00108262 0.00164902 7.94563e-05 0.000118703 0.00239052 0.000306599 -4.18332e-06 0.00185415 0.00526713 0.00219439 -0.00150289 0.00429103 -0.00137931 -0.000326718 -0.00267336 0.00671449 0.000359211 -0.00526576 -7.283e-06 -0.00113297 -0.00223461 -0.000361277 -0.00833768 -0.00187826 0.000884126 -0.000148527 -8.91735e-05 -8.81539e-05 -0.000163668 0.00496408 4.85745e-05 0.00379289 0.000394457 0.000602099 -0.000823622 0.0040601 0.00327914 -0.000309197 -0.000190167 -0.00692524 -0.000468476 -0.00483313 0.000765299 0.00245432 -0.000378733 -0.000171138 -0.00182454 0.000411703 -0.00149929 0.000774231 -0.000210264 0.0044139 
0.000323772 -0.00076618 -0.000906501 -0.00043128 0.000933191 0.000285121 0.000162274 0.0235161 0.0115608 0.00316266 -0.000463721 -9.61175e-06 0.00172258 0.000122265 -0.000135464 -0.000500968 0.00090387 -0.000585403 0.010586 -0.00799971 -0.00145849 -0.0011079 -0.00109019 -0.0128508 0.000708616 -0.00197566 0.00906023 -8.49817e-06 0.000304633 7.37707e-05 0.00100844 0.00528414 4.23019e-05 0.000633887 0.000669671 0.000256715 -0.000454751 0.000107204 -0.0027308 0.000228937 -0.000116162 0.00728887 -0.000358257 -0.00607897 -0.00312564 -0.00465271 -4.91338e-05 0.000105518 -0.000188972 -0.000416082 0.000870235 -3.66608e-05 -0.00866559 8.48583e-05 -2.38875e-05 -0.000963828 -0.00823827 -0.000119214 0.00506003 -0.00210653 -0.00185313 -0.000988256 -0.00431134 -0.00159499 0.000976003 -0.00580479 8.46486e-05 0.00857552 0.000710004 0.00176899 -0.0034378 0.00167657 -0.000143878 7.73541e-05 -0.000173914 -0.000323357 -0.000168671 -0.00912191 -0.00115896 -0.00133389 0.000483898 0.00302214 -0.00978958 -0.000260494 0.00124776 -0.0029091 -0.000109262 -0.00252096 0.00140611 0.00183523 0.00254075 -0.00176577 0.00535002 -0.00129539 -0.00241936 0.0021642 0.00427644 -2.66832e-05 0.00161258 -0.00274758 
-0.00113689 -0.00320289 0.00275363 -0.0112364 0.00632254 0.0378013 -0.00220779 0.0115608 0.195056 -0.0027192 0.0399244 0.000190438 0.0631787 0.000537183 -0.00280075 0.00996015 0.00122471 0.00957896 0.123781 -0.0690561 -0.0210318 0.0152593 -0.00394041 -0.149307 -0.000498471 -0.021836 0.116843 -2.10738e-05 0.000787707 -0.00316276 0.00400686 0.0152332 0.000633583 0.000797257 0.0550289 0.000235516 -0.00262046 7.6808e-05 -0.0498275 -0.00182086 -0.00378347 0.112262 -0.00896446 -0.0337265 -0.0288215 -0.0800863 0.0214942 -0.0157646 -0.00224198 -0.00674557 0.000758261 -0.000532699 -0.123156 -0.000940232 0.000454767 -0.0108671 -0.107115 -0.000833449 0.0995884 -0.0281345 -0.0250883 0.00974325 -0.0418288 -0.0187656 0.000694937 -0.0175635 0.000585924 0.0698222 0.0819955 0.00557354 -0.00266705 -0.0101889 -0.00656969 0.000812854 -0.00202051 -0.00405961 0.00089929 -0.118401 -0.00555182 -0.0137244 0.00572468 0.0123174 -0.107791 -0.0111534 0.0415159 -0.0235363 0.000827551 0.0145551 0.00603953 0.0100454 0.00678457 -0.0128642 0.0148796 -0.0129219 -0.0243928 0.00135566 0.0580516 -0.000446939 0.00337101 -0.0332499 
0.000329786 0.00151902 -0.00258363 0.00483883 0.00764419 -0.000377753 0.00265105 0.00316266 -0.0027192 0.0839579 -0.0114337 2.86686e-05 -0.0137491 9.74663e-05 -0.000295375 -0.00822341 0.00262382 -0.00860173 -0.0125179 -0.000872366 0.0120943 -0.00260108 -0.00976587 0.00373302 -0.00364145 0.000827464 -0.019404 -2.14972e-05 -0.000350085 0.00456712 0.00118013 -0.000528621 0.00134804 0.000204003 -0.00467187 -0.000187436 0.00333035 2.92693e-06 0.00663298 -0.00252072 0.0022228 -0.027874 -0.00270774 0.00205751 -0.0105815 0.0123536 0.00262225 0.0225777 0.00135112 0.00242788 0.000803136 -0.000181686 0.0146935 0.00346277 9.88663e-05 -0.00185333 -0.00339046 -7.98326e-05 -0.0159451 0.00279074 0.00569815 -0.00203704 0.00425433 0.000464458 0.00150945 -0.00958079 0.000320084 0.00792492 -0.0159453 -0.00116037 -0.0073338 -0.0149864 0.00192151 -0.000752588 0.00173795 -0.000186141 -0.000494746 4.1135e-05 -0.00383713 -0.000956233 0.000506815 0.0058019 0.0074025 0.0115947 0.0027733 -0.00129112 -0.00325333 -0.0263421 -0.000904299 0.00174341 0.00519633 0.00232182 -0.00162982 -0.000159558 -0.0122641 0.00287177 -0.00126572 2.64344e-05 -0.000652485 0.000367191 
-0.000562682 -0.00548477 0.0152658 -0.0060218 7.15749e-06 0.0132037 -0.0012673 -0.000463721 0.0399244 -0.0114337 0.129492 -3.16935e-05 0.0529731 -0.000449376 -0.00089435 0.00824393 -8.13254e-05 0.0221356 0.0193478 -0.0308841 -0.00777111 -0.0018691 -0.0223701 -0.0553558 -0.00720953 -0.0107404 0.0235764 -1.13086e-05 0.00214217 -0.00366759 -0.00180412 0.000589176 0.00035603 -0.00625455 0.0166004 -0.000400493 -0.00647437 0.000413259 -0.0146182 -0.00210029 -0.00219626 0.0583301 -0.000430423 0.0172014 0.0230186 -0.0386678 0.0103374 -0.0103675 -0.0016241 -0.00320657 0.000206743 0.000309941 -0.0486033 0.00109523 9.93867e-05 -0.00326775 -0.0337465 -0.000561916 0.0517968 -0.0153085 -0.0162507 0.00632895 -0.0336411 -0.0116062 -0.001374 0.00639317 8.62206e-05 0.00100825 0.0480166 -0.0023018 3.72507e-05 -0.0145454 -0.00419467 -0.000506569 -0.000953305 -0.00227945 -0.000136044 -0.0469499 0.00910175 -0.00800247 0.000450289 0.00153635 -0.0317597 -0.00868066 -0.000174268 0.000737233 0.00244189 0.0315184 0.000966851 -0.0351316 -0.00383648 -0.013399 0.00246216 -0.00796997 0.00273901 -0.000988195 -0.00509673 -0.00032338 0.00157309 -0.0157599 
1.54521e-05 7.51561e-06 0.00032333 -8.72734e-06 0.000163968 0.000347798 0.000122842 -9.61175e-06 0.000190438 2.86686e-05 -3.16935e-05 0.000956361 -0.000115404 0.000153265 1.93475e-05 -0.000565596 1.76847e-05 -6.3717e-05 -0.000252576 -0.000602972 0.000112186 0.000621058 -0.000148733 -0.000423544 0.000137795 0.000102668 -0.000270419 1.17946e-05 4.10762e-06 -1.83564e-05 -2.3689e-05 -2.04755e-05 1.19869e-05 -3.99286e-05 2.73588e-06 -2.08931e-06 -4.3019e-06 2.47143e-05 -0.000190269 -8.38579e-06 -7.98733e-06 -0.000103561 -3.42587e-05 -0.000563043 -0.000109845 -0.000111583 0.00026932 0.000183503 0.000235987 2.60861e-05 2.75499e-06 -1.21353e-06 -9.78719e-05 5.55989e-05 1.64562e-05 7.37319e-05 -9.20664e-05 3.76325e-05 -0.000103191 2.21564e-05 7.77792e-05 5.26802e-05 -0.00013158 0.000155567 1.16458e-05 -0.000526424 2.08639e-05 0.000389401 -0.000161766 1.08067e-05 -0.000615587 -0.00016351 0.000123204 -7.44017e-06 7.85891e-07 -9.12361e-06 2.23901e-05 -9.86887e-05 -2.10067e-05 0.000158279 0.00032514 0.000140772 -0.000407217 9.65463e-05 0.000162349 -6.20802e-05 -2.6872e-05 -0.000517645 1.50092e-05 -0.000285281 0.000205173 1.88363e-05 0.000168026 0.000273022 -4.86997e-05 3.16799e-05 1.7698e-05 3.93498e-05 0.000162829 0.000129254 
-0.000512518 -0.0059081 0.00710641 -0.00602361 -0.00363668 0.0032674 -0.00175731 0.00172258 0.0631787 -0.0137491 0.0529731 -0.000115404 0.131737 -0.000219709 -0.00104866 0.00961726 -0.000644299 0.0206186 0.0509625 -0.0283905 -0.0116636 -0.0191776 -0.00625528 -0.080905 -0.00662797 -0.0137507 0.0641633 2.47622e-05 0.00161526 -0.00365119 -0.00159646 -0.002249 -0.000463203 -0.00493877 0.0301164 -0.000321769 -0.00772183 1.00672e-05 -0.0218273 -0.0013955 -0.00225112 0.063342 -0.00514763 0.0228704 0.000795657 -0.0483309 0.00390981 -0.0132227 -0.00169749 -0.00357954 0.000181254 0.000503972 -0.0726621 -0.00112055 -0.000161553 -0.0101895 -0.0534548 -0.00107189 0.0930748 -0.0180731 -0.0179941 0.00676189 -0.0332052 -0.0114437 -0.00146626 0.0314961 -0.000137339 -0.0113899 0.0887275 0.000631313 0.016344 -0.0109233 -0.00467265 -0.00124177 -0.000784589 -0.00257232 -0.000217841 -0.0581025 -0.000198624 -0.00749672 -0.00144267 -0.0019482 -0.057888 -0.00834551 0.00122402 -0.0112664 0.00403022 0.0334825 -0.00113741 -0.0313238 -0.0022456 -0.0108982 0.00101796 -0.00803628 -0.0147537 -0.00221143 0.000436893 -0.000493291 0.00144936 -0.0180416 
1.35017e-05 7.6377e-06 0.000840558 -4.53276e-05 0.000424019 0.00061523 3.26672e-06 0.000122265 0.000537183 9.74663e-05 -0.000449376 0.000153265 -0.000219709 0.00327556 7.97146e-05 -0.00126071 8.35208e-05 -0.000242514 7.7604e-05 -0.00155319 0.000545571 0.00123856 -0.000411297 -0.00168806 0.000779253 5.91478e-05 -0.000243649 4.61541e-05 4.33808e-05 -5.72715e-05 -2.64469e-05 0.000242446 1.64735e-06 0.00026812 0.00019098 -3.35772e-06 -9.62506e-05 1.26587e-05 -0.0005917 0.000116466 5.20431e-05 0.000137588 0.000414735 -0.00168392 -0.000444108 -0.000233973 0.000581927 -5.82164e-05 0.000434285 -1.9285e-06 6.51586e-06 -7.22117e-06 -0.000926382 7.91384e-05 3.37138e-06 0.000380684 -0.000898384 4.45929e-05 -5.61253e-05 0.000329067 0.000303556 0.000272258 -0.000746325 -5.75319e-06 -1.65253e-05 -0.00166352 9.70048e-06 0.00161766 -8.83686e-05 -7.97638e-06 -0.00167471 -0.000629939 0.000626972 -2.85167e-05 3.63654e-05 -4.67664e-05 0.000108652 -0.000269775 -0.000134917 -4.53626e-05 0.000354193 0.000436385 -0.00164102 0.000394788 0.000653245 -0.000194419 -4.81996e-05 -0.00122592 0.000318655 -0.000499154 3.74406e-06 -2.19146e-05 0.000450849 0.000625087 0.000563388 6.06545e-05 0.000510531 4.85466e-05 0.000380743 7.31325e-05 
-3.51961e-05 0.00324825 0.00451703 -0.000352243 0.00116236 0.000170818 -0.000133025 -0.000135464 -0.00280075 -0.000295375 -0.00089435 1.93475e-05 -0.00104866 7.97146e-05 0.0122961 -0.000776866 -4.60306e-05 1.25248e-05 -0.00432413 -0.00194116 0.00678277 0.00512398 -0.00219599 0.00163862 0.00556822 -5.51862e-05 -0.00301448 1.52657e-06 -2.99622e-05 -0.000254633 0.00146903 -0.00038404 0.000112056 0.000498057 -0.0010258 -3.43843e-05 -0.000592614 1.24606e-05 -0.000544132 -8.07997e-05 0.000858212 -0.00419787 0.0058993 -0.00414381 -0.0010102 -0.00244999 -2.70554e-05 -0.000339545 -8.13317e-05 0.00036241 -1.83348e-05 0.00056479 -0.00368037 7.44525e-05 5.4715e-05 0.00556539 -0.00124716 -1.47584e-05 -0.0017685 -0.000492702 -0.000674898 -0.000252583 -0.000760536 -1.65003e-05 -9.03852e-06 -0.0052066 4.83269e-06 0.000504683 -0.00172799 -0.000205565 -0.00662922 -0.00175869 -0.000200032 -0.000119748 3.91174e-07 -0.000112026 -7.80219e-05 0.00303907 0.000856476 0.000857785 1.079e-05 -0.000209626 -0.00439829 0.00278115 -0.00135567 -0.00126834 0.000501321 0.00148861 -0.000293484 -0.00313597 -0.000347046 -0.000861231 -0.000287623 -0.000108223 0.00357337 -0.000162226 -0.00100252 -3.31438e-05 0.00215544 -0.000184284 
-0.00163347 0.00263783 -0.00599592 -0.00258885 -0.00875428 -0.00640253 -0.00910745 -0.000500968 0.00996015 -0.00822341 0.00824393 -0.000565596 0.00961726 -0.00126071 -0.000776866 0.0768792 -0.00202755 0.00416375 0.0188894 0.0165145 -0.00238841 -0.028116 0.0119342 -0.00232842 -0.0122149 -0.0314651 0.0272644 -0.000202854 0.000599683 0.000461113 -0.000106628 -0.000185973 -0.00203369 -0.000398834 0.00463812 -0.00205629 -0.0011218 -0.000225664 0.0113046 0.00226584 -0.00702669 0.0260863 -0.003141 0.017856 0.00619757 -0.00955709 -0.0031767 -0.00781022 -0.00367237 -0.00549275 -0.00108944 -0.000297506 -0.0164938 -0.00110438 -0.001149 -0.0150499 -0.00742885 -0.00361936 0.0130678 -0.0277326 0.00576562 0.000923077 0.00441362 -0.0410917 -0.00200598 0.0305365 -0.00047117 -0.00125884 0.0124848 0.0014403 0.0507464 0.013724 -0.0181707 0.000724161 -0.000257722 0.000265424 0.000661074 -0.0284853 0.00177695 -0.0220867 -0.00343621 -0.00620197 0.0264115 -0.0225035 -0.0266443 -0.00308786 0.00273474 0.0200283 0.001656 0.0300629 -0.0059455 -0.0234668 0.000375775 -0.00135651 0.0013787 -0.00202002 0.00569189 -0.00195446 0.000244833 -0.0256591 
0.000205538 -0.000221946 6.88057e-05 0.000540248 0.00122418 -3.1102e-05 0.000636804 0.00090387 0.00122471 0.00262382 -8.13254e-05 1.76847e-05 -0.000644299 8.35208e-05 -4.60306e-05 -0.00202755 0.00665664 5.32392e-05 -3.29255e-05 -0.00244253 0.0019836 -0.00016325 -0.00096882 -0.00227639 0.000437506 0.000207631 -0.00121914 9.85064e-06 1.71215e-06 0.000752329 0.000156315 -2.82387e-05 0.000381428 0.000666947 -0.000199095 1.55028e-05 0.000719043 0.000103977 6.98238e-05 -0.000118888 0.000278391 -0.00164899 3.18929e-05 -0.0019307 -0.00033949 -0.000473958 4.27321e-05 0.00156821 0.000445137 -1.95028e-05 0.000398672 -7.83124e-06 -0.00129631 0.000231986 3.54918e-05 0.000244814 -0.00140268 9.36451e-05 -0.000649282 0.000950944 -8.39405e-05 -0.000200858 -0.0010042 0.000403528 0.000472914 -0.00213787 0.000135613 0.0017267 -0.00085445 4.39762e-05 -0.00250163 -0.000678496 0.000295433 -6.52444e-05 -3.45376e-05 -8.30199e-05 2.55887e-05 -0.000789688 0.0001046 -0.000199826 0.000156403 0.00162444 -0.00186813 0.00172097 -0.000323876 -0.000758222 8.10164e-05 -0.00244039 0.000262759 -0.000927205 0.00114666 -0.000130656 -3.87146e-05 0.000709422 -0.000519418 0.000777749 -0.00039105 4.32353e-05 0.000319443 0.000184585 
-0.000366302 -0.0033094 -0.00202186 -0.00180253 -0.00288346 -0.00458529 0.000537655 -0.000585403 0.00957896 -0.00860173 0.0221356 -6.3717e-05 0.0206186 -0.000242514 1.25248e-05 0.00416375 5.32392e-05 0.0934543 0.0143313 -0.0200437 -0.00462241 -0.00956836 0.0133248 -0.0232085 -0.00501502 0.003492 0.0157331 0.000144065 -0.000599123 -0.000238525 -0.000632837 0.00142364 -0.000215734 -0.00450451 0.00237217 0.000437426 -0.00394638 4.84755e-05 -0.0163751 0.000293578 -0.000244302 0.0118532 -0.000187204 -0.00938551 -0.00806683 0.00283914 -0.000967982 -0.00834817 -0.0005704 -0.00177806 0.000370199 -8.709e-06 -0.0299424 -0.000817649 -0.000177249 -0.00623567 -0.0134673 -0.000329491 0.0276436 0.00925939 -0.00103578 0.00460694 -0.0187195 -0.00552569 -0.000637856 -0.0239315 -0.000128779 -0.00642648 0.0202178 -0.00102573 -0.0064339 0.0221665 -0.000820635 0.00111145 1.19025e-06 -0.000877209 0.00222284 -0.00840105 0.00340157 -0.00120544 -0.00101404 -0.00214195 -0.0136728 -0.00446542 -0.00368126 -0.00569403 0.0075387 0.00932639 -0.00298432 -0.0171977 -0.00266608 -0.00419131 -0.000349008 -0.00352172 0.0141051 -0.0013655 -0.000788101 6.39592e-05 0.000603394 -0.00662434 
0.000274302 -0.00973544 -0.0221621 -0.0131232 -0.00433857 0.0173753 -0.000689183 0.010586 0.123781 -0.0125179 0.0193478 -0.000252576 0.0509625 7.7604e-05 -0.00432413 0.0188894 -3.29255e-05 0.0143313 0.238822 -0.0522673 -0.0374998 -0.00794048 0.0490122 -0.122071 -0.00167107 -0.0175532 0.140275 -5.00027e-05 0.00045447 -0.0070197 -0.00186396 0.0182516 -0.000365223 0.00203189 0.0496669 0.00022708 -0.00205326 3.98474e-05 -0.0441075 -0.000752134 -0.00439696 0.114766 -0.00195387 -0.0325317 -0.0387187 -0.0726919 0.00661469 -0.0213766 -0.00489481 -0.00743859 0.000321979 -0.00149657 -0.117761 -0.00209788 -0.000433971 -0.0147848 -0.0799999 -0.00215952 0.0847652 -0.0167005 -0.0322906 0.00179517 -0.040663 -0.0263522 -0.00112549 -0.0203341 5.95883e-05 0.0551528 0.0726988 0.0109892 0.000616164 0.0272878 -0.00928315 0.0011864 -0.0030448 -0.0055891 0.00131632 -0.0994041 -0.0136489 -0.0182349 0.00102774 0.00605628 -0.103769 -0.019124 0.0446048 -0.0302595 0.00575682 0.00529951 0.0092895 0.0276264 0.00295346 -0.0171093 0.0105399 -0.0146907 -0.0301129 -0.000974599 0.0577621 -0.000569085 0.00145739 -0.0359431 
-0.000710519 -0.00361831 -0.034432 0.00532148 -0.0161813 -0.036626 -0.00554336 -0.00799971 -0.0690561 -0.000872366 -0.0308841 -0.000602972 -0.0283905 -0.00155319 -0.00194116 0.0165145 -0.00244253 -0.0200437 -0.0522673 0.161191 -0.0158374 -0.050297 -0.00208594 0.0953132 -0.0194353 -0.00736281 -0.0253572 -0.000327208 -0.00108544 0.00146694 0.00164976 -0.0137037 -0.00136415 -0.0109569 -0.0168009 -9.42085e-05 -0.00102992 -0.00125274 0.0290816 -0.000411705 0.00161381 -0.0454055 -0.00789228 0.055472 0.0154413 0.043299 -0.0302406 0.00599015 -0.000455305 0.00249579 -0.00135756 -0.000414506 0.0776566 -0.00110128 -0.00124716 -0.0173573 0.0575529 -0.00221675 -0.0308777 0.00457839 0.0124877 -0.012005 0.0429203 0.0011968 -0.00117038 0.0597976 -0.000728461 -0.0738101 -0.0137259 -0.0116132 0.0609439 -0.0146935 -0.000838478 -0.00158515 0.000803548 0.00261563 -0.00355075 0.0486375 -0.0010134 -0.00441621 -0.00746772 -0.0193383 0.0776378 -0.00864507 -0.0330483 0.0153144 -0.00493332 0.0176575 -0.0218386 0.0248419 -0.0150102 0.0088422 -0.0140165 0.00559886 -0.0233928 -0.00281169 -0.0369984 -0.00135393 -0.016143 0.00934818 
0.000150659 0.0029635 0.0284457 0.00538293 0.0182748 0.00206529 -0.00171665 -0.00145849 -0.0210318 0.0120943 -0.00777111 0.000112186 -0.0116636 0.000545571 0.00678277 -0.00238841 0.0019836 -0.00462241 -0.0374998 -0.0158374 0.137796 0.0395469 -0.0176518 0.0127351 0.0159896 0.00879029 -0.0422288 1.52084e-05 -0.00182301 -0.00412137 -0.00113088 -0.00327161 0.000863416 0.00896169 -0.0134422 -0.000581 -0.00464367 -2.01335e-05 0.0306574 -0.00340197 -0.00113657 -0.0387437 0.0172853 -0.0396154 -0.00956896 0.00769528 0.00709464 0.0151505 -0.000599484 -0.00394151 -6.31272e-06 0.000535066 0.00267527 0.000410581 0.000332916 0.0223851 0.00276666 -9.91845e-05 -0.0214037 -0.00369965 0.0119766 -0.00246309 -0.033498 -0.00247902 -0.00102447 -0.0401031 0.0003643 0.00891768 -0.0174825 -0.0033643 -0.0372057 -0.00238145 0.00172102 -0.00197944 -0.000407723 -0.0020451 0.000684957 0.0471458 0.00548715 0.00586041 0.00165616 0.00851262 -0.0115216 0.0108149 -0.00930242 -0.0184092 0.000301772 -0.0158109 -0.00194747 -0.0412142 0.00343026 -0.00882405 -0.000590913 0.0083129 0.0299151 0.00035787 -0.00643548 -0.000369234 0.00723069 0.0108014 
0.00111278 0.0079238 0.0310882 0.000943658 0.0199176 0.035893 0.0011609 -0.0011079 0.0152593 -0.00260108 -0.0018691 0.000621058 -0.0191776 0.00123856 0.00512398 -0.028116 -0.00016325 -0.00956836 -0.00794048 -0.050297 0.0395469 0.149227 -0.0307348 -0.0277178 0.0260759 0.00987688 -0.0215824 9.75896e-06 -0.000929156 -0.00450309 -0.00330453 0.00472706 0.00208081 0.00472199 0.0147677 -0.000467942 -0.00554122 0.000741093 -0.0194305 -0.00408896 0.00284747 -0.00060538 0.0110027 -0.0835184 -0.0131842 -0.0136664 0.0219137 0.0064991 0.00128539 -0.00141781 -0.000204946 -0.000142069 -0.0112918 0.00037935 0.00133972 0.0326733 0.00514671 0.00223727 -0.0249009 0.000291964 -0.00281847 -0.000792958 -0.024748 0.0162644 -0.000114804 -0.0790614 0.000535619 0.0547552 -0.0266975 0.000619968 -0.0690559 -0.0194736 0.012126 -0.00115715 -0.000561262 -0.000624631 -0.000943052 0.0147699 -0.00513039 0.0181683 0.00876225 0.0132429 -0.0515732 0.00953619 0.0384499 -0.0183653 -0.00078578 -0.0316373 0.0126179 -0.031381 0.0119503 0.0089383 0.00158639 0.00330243 0.0209422 0.0003386 0.0228667 0.000778746 0.0126331 0.0121353 
-0.000303359 -0.0105067 -0.018195 -0.00470928 -0.00603361 -0.0135055 -0.00192689 -0.00109019 -0.00394041 -0.00976587 -0.0223701 -0.000148733 -0.00625528 -0.000411297 -0.00219599 0.0119342 -0.00096882 0.0133248 0.0490122 -0.00208594 -0.0176518 -0.0307348 0.171078 0.00320324 -0.00726721 -0.00377507 0.0083352 3.35008e-05 -0.00163815 -0.00533104 -0.00280487 0.00120788 -0.00073215 -0.00677581 -0.00289693 0.000256786 0.00796127 -0.000211475 -0.000471861 -0.00304194 -0.00046547 -0.00141458 -0.013692 -0.020698 -0.0189853 0.026119 -0.00922677 -0.00225253 -0.00130021 -0.00450336 -0.000332991 -0.000831559 -0.00262582 -0.00180564 -0.000445052 -0.0132203 0.000361726 -0.000990303 0.00314285 0.0147923 0.0083055 -0.00943874 -0.00913405 -0.0161602 -0.00133554 -0.0105851 -0.000279081 -0.000557791 -0.0118832 0.0112111 0.014568 0.0465368 -0.00483605 0.00303039 -0.00153975 -0.000356888 0.00124115 -0.00823559 0.00681519 -0.00933672 -0.00303642 -0.00357145 0.00763052 -0.0116724 0.00301577 -0.00306834 0.0100736 -0.0212231 -0.00378878 0.0200004 0.000141579 -0.00934206 -0.000922953 0.00707861 -0.0167281 -0.000454587 0.00567824 -0.000498177 -0.00550589 -0.0120631 
-0.000145745 0.00330125 -0.0135916 0.0104267 -0.00940634 -0.0401173 0.000447429 -0.0128508 -0.149307 0.00373302 -0.0553558 -0.000423544 -0.080905 -0.00168806 0.00163862 -0.00232842 -0.00227639 -0.0232085 -0.122071 0.0953132 0.0127351 -0.0277178 0.00320324 0.202987 -0.00364056 0.0197354 -0.104253 -0.000194463 -0.00263434 0.00423575 0.000453036 -0.0205214 -0.00107944 -0.00157983 -0.0649802 -0.000239756 0.00708707 -0.000893265 0.051711 -0.000963965 0.00301539 -0.115657 0.00118435 0.0529753 0.0210219 0.0775705 -0.0255059 0.0134454 -0.000233279 0.0068022 -0.00136626 0.000426622 0.137286 -0.000524025 -0.000932099 0.00512542 0.102942 0.000699418 -0.108743 0.0227137 0.0220387 -0.0127223 0.0628319 0.015747 -0.000754913 0.0402123 -0.000551232 -0.0803584 -0.0883182 -0.0093894 0.0208165 0.00685543 0.00250468 -0.000915778 0.00145339 0.00418041 -0.00391242 0.111755 0.00116832 0.0110311 -0.00605833 -0.0170493 0.125669 0.00731062 -0.0561154 0.0257883 -0.00649394 -0.00631817 -0.0153985 0.0111423 -0.0114839 0.0171181 -0.0153891 0.00917677 0.0123823 -0.00239885 -0.0630957 -0.000202736 -0.00927816 0.0301412 
-0.000189767 0.00443891 0.0158894 -0.00164199 0.00745804 0.00710057 0.000487817 0.000708616 -0.000498471 -0.00364145 -0.00720953 0.000137795 -0.00662797 0.000779253 0.00556822 -0.0122149 0.000437506 -0.00501502 -0.00167107 -0.0194353 0.0159896 0.0260759 -0.00726721 -0.00364056 0.0580831 0.0039546 -0.0042654 -5.7603e-06 -0.000286235 -0.0011166 0.00183865 0.00354314 0.00066765 0.00330024 -0.00205253 -0.000122339 0.00056555 -7.73695e-05 -0.00867834 -0.00153936 -0.000226103 0.000313718 0.0159847 -0.0237667 -0.00534063 -0.0144903 0.00107946 -0.00420472 -0.00067184 0.00190402 -5.68504e-05 0.000189587 -0.0145066 -6.89747e-05 0.000386058 0.0253322 -0.00706172 0.000908036 -0.00762154 -0.0026183 -0.00608627 0.00287665 -0.0116158 0.00508356 -0.000581427 -0.0197243 -6.70509e-06 0.0128739 -0.00647004 0.00385437 -0.0240426 -0.00428919 -0.0011054 1.55892e-05 -0.000231229 -0.000930815 -0.000185898 0.00567182 -0.000532184 0.0104553 0.000239911 0.00178824 -0.0201533 0.00646697 0.00197844 -0.00631934 -0.00148409 0.00189096 0.00534657 -0.0112766 -0.000937819 -0.00353067 -0.000166307 -0.000404683 0.00750072 0.000138154 0.00391497 0.000366139 0.0123072 0.00201415 
0.000658024 -0.00376627 -0.000989728 0.00400356 -0.000597443 -0.00252161 0.0071249 -0.00197566 -0.021836 0.000827464 -0.0107404 0.000102668 -0.0137507 5.91478e-05 -5.51862e-05 -0.0314651 0.000207631 0.003492 -0.0175532 -0.00736281 0.00879029 0.00987688 -0.00377507 0.0197354 0.0039546 0.0880099 -0.0295325 0.000184068 -0.000982313 -0.00271587 -0.00133713 -0.00200929 1.53547e-05 -0.00196843 -0.00891541 -1.8685e-05 -0.000856986 -9.76693e-05 0.00626204 -0.00237761 0.00272216 -0.0336786 0.00140678 -0.00938879 -0.0045447 0.0192024 -0.00384827 -7.21059e-05 0.00091087 0.00265151 -3.57034e-05 -0.000324303 0.017771 -9.47028e-05 0.000208588 0.00962988 0.0188507 0.00211224 -0.0141248 0.0254124 -0.00196091 -0.00374446 -0.011848 0.0248433 0.000370694 -0.0313822 -1.18162e-05 -0.0117484 -0.0147863 -0.00220058 -0.0366525 0.00352986 0.00818216 -0.00111025 -0.000644341 -0.000555208 -0.000385219 0.0414825 -0.000653982 0.0201629 0.000733208 -0.0019989 0.00103644 0.0134868 0.00416084 -0.00222491 -0.00313918 -0.00856324 -0.00339786 -0.0319728 5.22314e-05 0.0117178 -0.00171862 0.00255153 0.00714847 -0.000708868 -0.00846059 0.00152059 -0.00263263 0.0206531 
-0.00134505 -0.0017875 -0.0245806 -0.0120701 -0.0116601 0.00661932 -0.00389053 0.00906023 0.116843 -0.019404 0.0235764 -0.000270419 0.0641633 -0.000243649 -0.00301448 0.0272644 -0.00121914 0.0157331 0.140275 -0.0253572 -0.0422288 -0.0215824 0.0083352 -0.104253 -0.0042654 -0.0295325 0.24101 -8.88985e-05 0.00307467 0.00288477 0.00711234 0.0154732 -0.0010209 0.00225706 0.0463047 -0.000207186 -0.00700166 -0.000431613 -0.0423489 0.00164424 -0.0050354 0.0943954 0.000402779 0.00434641 -0.0320459 -0.116912 -0.00362265 -0.0293931 -0.00461316 -0.00821193 5.1835e-05 0.000162384 -0.103163 -0.00331718 -0.000356545 -0.0162814 -0.101068 -0.00246213 0.0952961 -0.0423125 -0.0408051 0.00303419 0.0123349 -0.0241454 -0.000713466 0.0258961 -1.75213e-06 0.0328552 0.0856 0.00382384 0.0354781 0.00798634 -0.0112182 0.00194255 -0.00233395 -0.00523193 0.00108725 -0.121107 -0.0132347 -0.01824 -0.00167724 -0.000582272 -0.0964567 -0.0117567 0.0187377 -0.0403202 -0.000202915 0.0562449 0.00682354 0.0386135 0.000565299 -0.00668819 0.00750391 -0.0214227 -0.0323261 -0.000893848 0.0523943 -0.00101504 0.00353545 -0.0437712 
-3.29059e-07 -1.34951e-05 0.000144656 1.1133e-05 -1.1744e-05 1.29752e-05 4.5643e-05 -8.49817e-06 -2.10738e-05 -2.14972e-05 -1.13086e-05 1.17946e-05 2.47622e-05 4.61541e-05 1.52657e-06 -0.000202854 9.85064e-06 0.000144065 -5.00027e-05 -0.000327208 1.52084e-05 9.75896e-06 3.35008e-05 -0.000194463 -5.7603e-06 0.000184068 -8.88985e-05 0.000446534 -4.76834e-06 8.63166e-07 -3.81943e-06 1.53869e-05 6.00524e-07 -8.11725e-06 -2.47999e-05 2.33287e-05 4.10856e-05 4.75556e-06 -5.77138e-05 2.00184e-05 -2.93266e-06 -4.12828e-05 4.37864e-05 -8.66899e-05 -9.12982e-06 1.0889e-05 6.15594e-05 6.78265e-08 9.10615e-05 -5.37325e-06 5.54714e-06 -1.43892e-06 -0.000185064 6.22462e-06 6.13732e-06 1.59554e-05 -0.000100683 8.99365e-06 -5.52226e-06 0.000208461 -3.40783e-05 8.3632e-05 -9.33096e-05 3.25102e-05 3.85911e-06 -0.000181155 -6.13156e-07 -1.09406e-05 4.95663e-06 8.00883e-08 -0.000270992 -7.99649e-07 4.56596e-05 7.42691e-07 -1.93995e-06 -6.57849e-06 4.07835e-05 4.82873e-05 7.92507e-05 1.62997e-05 3.70141e-05 -6.41267e-06 -0.000186213 0.000104251 -8.47853e-06 -2.38742e-05 2.4487e-05 -0.000114154 -1.04633e-05 -0.000166739 -8.43314e-07 -1.53857e-05 4.06209e-05 7.12125e-05 0.000162442 -3.91685e-06 -2.67191e-05 2.32077e-05 3.44423e-05 9.79823e-05 
-3.36503e-05 0.00024279 0.000954238 -0.000528425 -0.000146944 -6.31432e-05 -0.000184191 0.000304633 0.000787707 -0.000350085 0.00214217 4.10762e-06 0.00161526 4.33808e-05 -2.99622e-05 0.000599683 1.71215e-06 -0.000599123 0.00045447 -0.00108544 -0.00182301 -0.000929156 -0.00163815 -0.00263434 -0.000286235 -0.000982313 0.00307467 -4.76834e-06 0.0127213 0.000691435 0.000571816 0.000421642 -4.55306e-05 -0.000416468 0.000742282 -4.09645e-05 -0.000438963 3.87059e-05 -0.00212883 0.000752436 -0.000144664 0.0050908 -0.000536375 0.000167962 0.00261269 -0.00394171 -0.000209078 -0.00117342 -0.000121102 -0.000227324 -2.03835e-05 7.21393e-05 -0.00219693 -9.96388e-05 -7.76737e-06 -0.000442978 -0.00401098 -6.38442e-05 0.000844301 -0.00153681 -0.00148962 -0.000312183 0.000165515 -0.00100148 -0.00011896 0.000903846 1.89449e-05 0.000756514 0.00161093 0.000397623 0.00102 -0.000396184 -0.000370956 -1.52187e-05 -2.10209e-05 -0.000170819 -6.85879e-05 -0.00568141 -0.000366027 -0.000592485 -9.33547e-05 0.000637672 -0.00152216 -0.000631464 -0.000323412 0.000529227 -4.28834e-05 0.00258231 0.00116832 -0.00204614 0.000121124 -0.00117205 0.00152529 -0.000678837 0.000163565 -2.14673e-05 0.000322728 -3.69186e-05 0.00100431 -0.00158393 
-0.000123119 0.00644497 -0.000824475 0.00179915 0.000477754 -0.00190087 -9.77827e-05 7.37707e-05 -0.00316276 0.00456712 -0.00366759 -1.83564e-05 -0.00365119 -5.72715e-05 -0.000254633 0.000461113 0.000752329 -0.000238525 -0.0070197 0.00146694 -0.00412137 -0.00450309 -0.00533104 0.00423575 -0.0011166 -0.00271587 0.00288477 8.63166e-07 0.000691435 0.0314117 3.89919e-05 -0.000739917 -1.93643e-05 0.00257726 -0.00232076 -0.000270066 0.000956542 6.16899e-05 -0.00156699 0.000337676 -0.000325812 -0.00792688 -0.00247084 0.0072459 -0.00175547 -0.00531985 0.000317105 -0.00102805 -0.000369363 0.00175813 0.000111566 -7.02076e-05 0.00530716 0.000718584 1.58936e-05 -0.00212845 -0.00927693 -0.000126188 -0.00372237 -0.00376922 -0.00310435 0.00104462 0.0105504 -0.00170083 -4.38624e-05 0.0085269 0.000181884 -0.00189867 -0.00357166 -0.000522198 0.00441442 0.00301693 -0.000823888 -0.000129292 0.00135343 0.000544642 -0.000243933 -0.0123394 4.49489e-05 -0.00149015 -0.000244428 0.000170933 0.00941151 0.00182215 -0.00656595 -0.000465892 -0.00118014 0.00437548 0.000771812 0.00641723 0.00102798 -0.00280033 -0.000630945 -0.0016629 -0.00158399 0.000542394 -0.00294344 -0.000100139 0.00118067 -0.00405513 
-0.000153655 0.000268186 -0.000391908 -0.000695784 1.37915e-05 -0.00117716 -0.000366874 0.00100844 0.00400686 0.00118013 -0.00180412 -2.3689e-05 -0.00159646 -2.64469e-05 0.00146903 -0.000106628 0.000156315 -0.000632837 -0.00186396 0.00164976 -0.00113088 -0.00330453 -0.00280487 0.000453036 0.00183865 -0.00133713 0.00711234 -3.81943e-06 0.000571816 3.89919e-05 0.0283177 0.00235279 0.000107425 0.00353595 -0.0014778 -5.88583e-05 0.000295935 -2.4767e-05 -0.00117707 4.65181e-06 0.000121041 -0.000741987 0.0012798 -0.00133755 0.00148567 -0.00615621 -0.00124104 -0.00249739 -3.90968e-05 -0.000304916 0.000146999 0.000867426 -0.00575491 -0.000171211 0.000141248 0.00103771 -0.00709225 -0.000121768 0.00154736 -0.0029053 -0.00157529 -0.000883502 0.0031366 -0.000161627 0.000166797 -0.000875412 1.18653e-05 0.000987997 -0.00129976 -0.000353982 0.00126397 0.0023538 -0.000619142 0.00131842 4.62946e-05 -5.04995e-05 0.000947149 -0.00785825 -0.000566068 0.00113196 -0.000314441 0.00113308 -0.0051733 -0.000900275 -0.00263419 -0.000791587 0.000615704 0.00404054 -0.000205775 -0.00248415 -0.000121196 -0.00223726 0.00115816 -0.0012874 -0.0038199 0.0003605 0.00476923 -7.39887e-05 0.000594598 -0.00223585 
-0.000107015 -0.00137912 -0.00245042 -0.000950913 -0.000641151 0.00183605 -0.000218234 0.00528414 0.0152332 -0.000528621 0.000589176 -2.04755e-05 -0.002249 0.000242446 -0.00038404 -0.000185973 -2.82387e-05 0.00142364 0.0182516 -0.0137037 -0.00327161 0.00472706 0.00120788 -0.0205214 0.00354314 -0.00200929 0.0154732 1.53869e-05 0.000421642 -0.000739917 0.00235279 0.0335199 -1.30778e-05 -0.00120002 0.00610945 1.67963e-06 -0.00164775 2.43648e-05 -0.00640097 0.000259002 -0.000460882 0.0173243 0.00203122 -0.0196297 -0.00475256 -0.00739303 -0.000599647 -0.00288003 -0.000474469 -0.000845545 0.000685357 -0.00012493 -0.0167471 -0.000156962 -2.12937e-05 0.0008863 -0.00993908 -0.000124679 0.000446346 -0.00177513 -0.00314038 -0.00133824 -0.00709886 -0.00255709 0.000849515 -0.0191337 5.19822e-05 0.0219223 -0.00332641 0.00198581 -0.00850041 9.8791e-06 -0.000868736 0.000331 -0.000216011 -0.000503403 5.567e-05 -0.011859 -0.000167114 -0.00181253 -0.000110099 0.00261841 -0.016735 -0.00166821 0.0211498 -0.00313635 0.00085529 0.00383396 0.00538875 -0.00233563 0.000156124 -0.0013083 0.00446255 -0.00147824 0.000494094 0.00211644 0.0168402 -2.10901e-05 7.49096e-05 -0.00319496 
0.000256247 -0.000172561 0.000530246 0.000474573 0.00133913 0.00136138 4.05329e-05 4.23019e-05 0.000633583 0.00134804 0.00035603 1.19869e-05 -0.000463203 1.64735e-06 0.000112056 -0.00203369 0.000381428 -0.000215734 -0.000365223 -0.00136415 0.000863416 0.00208081 -0.00073215 -0.00107944 0.00066765 1.53547e-05 -0.0010209 6.00524e-07 -4.55306e-05 -1.93643e-05 0.000107425 -1.30778e-05 0.00438179 7.59646e-06 0.000299821 2.49873e-05 -0.000132056 2.31021e-05 -0.000736181 -0.000132881 0.000204953 -0.000152196 -0.00031207 -0.00269198 -0.000494277 0.000178315 0.00069247 0.000651 9.33501e-05 -1.79786e-05 0.000128628 2.6811e-06 -0.000721046 0.000354187 2.25417e-05 0.00104222 -8.43348e-05 0.000241731 -0.000459835 0.000735633 -0.000168981 -0.000110866 -0.000959948 0.00125197 7.69769e-05 -0.00246121 3.31037e-05 0.0013749 -0.000486384 -7.30082e-05 -0.00279999 -0.000983978 0.000942205 -3.49844e-05 -3.23273e-06 -6.46231e-05 -1.68986e-05 1.0426e-05 -0.000108399 0.0003731 0.000249197 0.000509838 -0.00208746 5.8889e-06 0.00105647 -0.000237502 -9.40913e-05 -0.00202193 0.00013365 -0.00158789 0.000605155 0.000513466 -5.93381e-05 0.000103285 -0.000280092 0.000156469 -0.000139046 9.05134e-06 0.000361359 0.000763773 
-0.00028446 0.00384182 0.00503391 0.000787849 0.0016036 0.000362092 -0.000459899 0.000633887 0.000797257 0.000204003 -0.00625455 -3.99286e-05 -0.00493877 0.00026812 0.000498057 -0.000398834 0.000666947 -0.00450451 0.00203189 -0.0109569 0.00896169 0.00472199 -0.00677581 -0.00157983 0.00330024 -0.00196843 0.00225706 -8.11725e-06 -0.000416468 0.00257726 0.00353595 -0.00120002 7.59646e-06 0.0478636 -0.00142411 -2.59026e-05 0.00683883 4.99591e-05 0.0129443 0.00514419 -0.00055421 -0.00737914 0.00850767 -0.00980226 -0.00427712 -0.0126087 0.00128154 -0.00315662 -0.000364015 -0.00107577 -6.76464e-05 -0.000161506 -0.0165713 -0.000294571 0.000134611 0.00513253 -0.0176801 -9.4636e-05 -0.00569438 -0.00451072 -0.00248186 -0.000364129 -0.00693216 -0.00332919 -0.000217638 -0.00805692 0.000129907 0.0111213 -0.00691026 -0.000422018 -0.00366977 0.0141951 0.000985006 0.000962711 -0.000238808 -0.000147188 0.000443107 -0.0106494 -0.00150717 0.00118831 -0.000140287 0.00383588 -0.00329408 0.00444103 -0.00320495 -0.00493445 -0.000500244 -0.00606135 0.00686611 0.00682901 0.00169445 -0.00448841 0.000319357 -0.00181538 0.0034983 0.000672509 0.0123059 0.000126249 -0.00110669 -0.003601 
