0.0969422 0.021702 3.49752e-05 0.0320947 -0.0453796 0.00439436 0.016275 -0.0191347 -0.0100952 0.00139881 0.0118614 -0.000244459 -0.00127451 -0.00149978 0.00136081 0.00294428 0.0143741 -0.00171287 0.000323142 0.0162708 -0.0312544 -0.0469252 -0.0275592 -0.0317969 0.0159798 -0.00249028 0.0169302 0.00452678 0.016783 0.00931589 -0.00630505 -0.000167396 0.00130921 0.0012735 -0.00156689 0.0029824 0.0113775 -0.000406541 0.0110656 -0.0029393 0.0195686 -0.00739373 -0.000217271 0.00217047 0.00176874 -0.00248114 -0.00751859 -0.00204177 -0.00178854 0.00191399 0.00203042 0.020714 0.000978593 0.00107453 5.66827e-05 0.00561955 -0.00260289 0.000258035 -0.0120629 0.0028361 -0.0175694 -0.0187558 -0.00293764 -0.00144375 0.000184302 0.0117704 0.00674037 -0.00196619 0.00278375 0.00433652 1.99838e-05 -2.66831e-05 0.0016896 0.00280681 -0.0140848 -0.0165552 0.000902708 0.00468336 -0.013733 -0.00781846 -0.0213975 -0.00167827 -0.00262682 -0.0207217 -0.0189549 0.000324122 0.000637234 0.00166965 -0.00103332 0.000106337 -0.000214347 -0.0039512 0.00155266 0.015384 0.000413525 -0.0234476 0.018794 0.00826567 0.00202228 0.000178498 
0.021702 0.211995 -0.000365129 0.0163843 -0.0120556 0.00470125 0.0314351 -0.0130952 0.0781257 0.11655 0.00852564 -0.00158968 -0.0081783 -0.00375036 -0.00473124 -0.000883443 -0.000382867 -0.0288545 0.00021183 0.00383888 -0.10625 -0.0357207 -0.141317 -0.146027 0.000854623 -0.010125 0.00435366 0.0313787 0.021147 0.105547 0.0213184 0.000372506 0.00428076 0.00155445 0.00558465 -0.0148998 0.117919 0.13141 -0.000750849 -0.0198769 0.0178612 -0.0237645 -0.00745288 -0.000202837 0.0184396 -0.00196553 -0.0122437 0.00150055 0.0377451 -0.0010102 -5.90515e-05 0.0423491 0.000290517 -0.000934385 -0.000236807 -0.00329975 -0.0182535 0.000827062 -0.000793382 0.000144004 -0.075382 0.017215 -0.0723971 -0.0155571 -0.00659873 0.00590841 0.000350918 -0.0409101 -0.0108001 -0.00265076 -0.00812572 -0.00211013 0.000389313 0.000150002 -0.0515035 -0.0910331 -0.00069272 0.111963 -0.0904501 0.0167873 0.0411389 0.00487845 -0.00514591 -0.0971292 -0.0978086 -1.26584e-05 0.000291215 -0.000794716 -0.0064436 -0.000331485 -0.000206335 -0.0357657 -0.00140196 -0.00898082 -9.97247e-05 -0.0969027 0.111751 0.0848403 -0.0152976 -0.000407231 
3.49752e-05 -0.000365129 0.000773201 1.32582e-05 2.54444e-05 0.000182492 -7.4892e-05 -0.000119948 -0.000252767 -0.000248262 -1.31796e-05 6.45708e-06 0.000108468 -1.74415e-06 5.54127e-05 1.7261e-05 4.41167e-05 -2.9373e-05 -2.22337e-06 3.95355e-05 -6.1908e-05 -8.26482e-05 -6.91047e-05 3.71267e-05 2.80609e-05 -1.85269e-05 7.60258e-05 -9.4826e-05 -2.61087e-07 -0.000128845 5.14296e-05 -6.07905e-07 0.000109314 6.94848e-06 1.69569e-05 0.000108174 -0.000118547 -0.000392765 0.000136177 0.000108085 -7.0344e-05 0.000222261 7.59489e-06 2.18428e-05 -3.06427e-05 -1.42286e-05 -4.35394e-06 2.49871e-07 -9.57476e-05 7.0474e-05 1.35097e-05 -7.43907e-07 1.10078e-07 2.70071e-05 -2.12014e-07 0.000101924 1.49679e-05 1.11524e-05 -0.000103023 4.65854e-05 -3.84029e-05 -0.000175977 -2.49793e-05 -2.16179e-05 9.07427e-05 3.81986e-05 0.000139321 5.223e-05 2.0895e-05 3.82594e-05 4.23124e-05 2.82845e-07 7.00409e-06 4.89774e-06 -0.000111087 6.57078e-06 1.13874e-05 -0.000359354 -4.61917e-05 -6.48645e-05 -7.17523e-06 -1.49756e-05 3.07532e-05 -0.000118104 -7.01067e-05 3.34836e-06 6.98378e-06 3.29111e-05 -8.99463e-06 8.33392e-07 1.85054e-05 0.000114472 3.13721e-05 5.94378e-05 4.93009e-06 8.14846e-05 -0.000112779 -1.02892e-05 0.00022417 1.84867e-06 
0.0320947 0.0163843 1.32582e-05 0.0694435 -0.0246112 0.000117018 0.0232979 -0.0129862 -0.0111433 0.00386575 0.0172922 -0.000149624 -0.00184227 -0.00123063 -0.000771086 0.00355275 0.0118863 -0.00227179 0.000270088 0.012263 -0.0236405 -0.04398 -0.0208793 -0.0267254 0.0140079 -0.00358615 0.0191497 -0.00480125 0.0241909 0.00536567 -0.00547399 3.471e-05 -0.000496093 -0.000505021 0.000738562 0.00428202 0.00258315 0.00403514 0.00784367 -0.00232788 0.0185818 -0.00653522 -0.00536077 0.00127491 0.00191809 -0.000585851 -0.00438954 -0.00140999 -0.00405676 0.00100377 0.00231745 -0.00204376 0.000366246 0.00105616 2.66118e-05 0.00469393 -0.00215029 0.000588587 -0.00702646 0.0017743 -0.0180995 -0.00944342 -0.00330695 -0.00155016 0.000327554 0.00818573 0.00513534 -0.00372003 0.000354288 0.00347155 -0.000708214 0.00022974 0.00168774 0.00302305 -0.0151637 -0.0136168 0.000372844 -0.00314077 -0.0109063 -0.00473618 -0.0161463 0.000260547 -0.0011257 -0.0135807 -0.0145458 3.87307e-05 0.00112875 0.000685297 -0.00100833 1.95772e-05 -3.32108e-05 -0.0041884 0.00179935 0.0127233 0.00030632 -0.0196467 0.0101258 0.0182768 0.00092593 0.000255138 
-0.0453796 -0.0120556 2.54444e-05 -0.0246112 0.23787 0.0126986 -0.0541057 0.124796 0.016608 0.00698194 -0.000251015 -0.000604475 -0.000119056 0.000977286 0.00638934 -0.00113755 -0.0101027 -0.00563067 -0.00179856 -0.0354464 0.064081 0.0318758 0.0284371 0.0551137 -0.0118693 -0.0117627 -0.0289179 -0.0773348 -0.0147153 -0.0781052 0.000220574 -0.000417005 0.00813195 -0.00490754 -0.00883552 -0.0133684 -0.0669906 0.0368241 -0.0116641 -0.0113873 -0.0336362 0.0100479 -0.00636649 -0.00172089 -0.0227554 0.00347546 0.010276 -0.00820498 0.0265605 -0.00153956 -0.0048881 -0.103809 -0.00728677 -0.000597904 -0.000222192 -0.00812765 -0.0082132 -0.0018721 0.0200669 -0.00320517 -0.0163767 0.105248 -0.0168113 -0.00882941 0.00402012 -0.0157258 0.00294222 -0.017209 -0.00753498 -0.0033108 -0.00776457 -0.000321094 -0.00264316 -0.00284017 -0.0258692 0.0116374 -0.000687641 0.0271695 -0.00711568 -0.0365105 0.023382 -0.0146162 -0.0072789 0.0135536 0.0231291 -0.00100788 -0.00211832 -0.00110477 0.00173166 -0.000215454 0.000749891 -0.01362 -0.00184531 -0.0161507 0.000160066 0.0593655 -0.0741657 0.0692594 0.00286026 -0.00102945 
0.00439436 0.00470125 0.000182492 0.000117018 0.0126986 0.0744837 -0.00628118 0.0208168 -0.00333634 0.000779723 -0.0032783 0.00133475 0.000768598 0.00113696 0.00915016 0.00278734 0.00127797 0.0008568 -1.37015e-05 0.00047939 -0.00726767 -0.0204164 -0.0155616 -0.00872477 0.00101053 -0.00379209 -0.00624376 -0.0117782 -0.0020139 -0.0240912 0.00590053 0.000317728 0.00420752 -0.000841119 0.00463451 0.00235073 -0.000331982 -0.00232584 0.00515905 0.00906041 -0.000552367 0.0116567 0.00437063 0.00146921 -0.0049879 -0.00150445 -0.00304668 0.00438398 0.0152569 0.000541223 -0.000430756 -0.00510612 -0.000345878 9.0021e-05 4.21427e-05 0.00566155 -0.00239906 -4.18064e-05 -0.00532356 0.000712985 -0.0172575 0.0138464 -0.010691 -0.0026307 -0.00215916 -0.000900495 0.00351212 -0.00834022 -0.00100992 0.000786857 0.00932071 -0.000231831 0.00123087 -0.00037591 0.00157441 -0.0122425 -1.02667e-05 0.0097783 -0.0109868 -0.00741249 -0.008113 -0.0019159 -0.00250352 -0.0179912 -0.00966553 -5.58485e-05 -0.000377341 -2.18972e-05 -0.00101561 -5.05616e-05 0.000922309 0.00210088 0.000238138 -0.00114184 -0.000154444 -0.00859475 -0.00686389 0.017934 -0.00114869 -0.000137909 
0.016275 0.0314351 -7.4892e-05 0.0232979 -0.0541057 -0.00628118 0.110493 -0.0577154 0.00482647 0.0349906 0.00127665 -0.000318284 -0.00116667 -0.0020114 -0.002752 0.000126269 0.00289719 -0.00369032 0.00110818 0.00613756 -0.0400303 -0.0127618 -0.0365316 -0.0460497 0.0045921 0.00284733 0.00131394 0.0394786 0.0105142 0.0489139 -0.00100752 -0.000135979 -0.000921504 -0.00159516 0.00713779 -0.000206906 0.0569815 -0.00529344 0.00128954 -0.00418552 0.0101172 -0.00987412 -0.00922763 0.000527069 0.00496736 -0.00260781 -0.00837683 -0.00281384 -0.00143717 -0.000650684 0.00176386 0.0511238 0.000950115 -0.000166046 2.49144e-05 -0.000111779 -0.00408111 0.00245846 -0.00726841 0.00114007 -0.00679717 -0.0339804 -0.014926 -0.00430437 -0.00511653 0.00688889 -0.00313412 -0.0142278 -0.00212978 0.000202718 -0.00125281 -0.000298256 0.00119666 0.00188717 0.00705768 -0.0236333 -7.74339e-05 -0.0289147 -0.0209091 0.0238806 -0.0255535 0.0208174 0.00321255 -0.0055433 -0.0222214 -0.000326187 0.000175698 -8.15029e-05 -0.00211838 -6.76449e-05 -0.000345007 -0.00623798 -0.000179421 0.000159647 -0.000294329 -0.0325107 0.0570749 -0.0195643 -0.00343735 7.37586e-05 
-0.0191347 -0.0130952 -0.000119948 -0.0129862 0.124796 0.0208168 -0.0577154 0.234827 0.0195511 -0.0432788 0.00132906 0.000417726 -0.00150295 0.00225555 0.00741862 0.00229114 -0.00720272 0.00199076 -0.00196174 -0.0204395 0.055948 0.0119492 0.0309213 0.0536673 -0.00780013 -0.0154916 -0.00213637 -0.0847702 -0.013113 -0.102541 -0.00431659 -0.000610306 0.00782149 -0.0027336 -0.00724549 -0.0109832 -0.094213 0.0379189 -0.0092712 0.00480206 -0.0207125 0.02115 0.0213568 -0.00140045 -0.0290151 0.00694453 0.0123432 -0.000291298 0.0341345 0.00102632 -0.00476003 -0.0963974 -0.0084223 -0.000296036 -0.000208203 -0.003635 -0.00560041 -0.00244313 0.0142426 -0.00327222 -0.0522875 0.114088 -0.0268261 -0.00119414 0.0034964 -0.0187005 0.00833576 -0.0174652 0.00432324 -0.00012279 9.24893e-05 0.000469986 -0.00160054 -0.00311208 -0.0234151 0.0227616 -0.000232622 0.0513907 0.00986157 -0.0417605 0.00748751 -0.016714 -0.0130766 -0.0169564 0.0086227 -0.000460748 -0.00175076 -0.00081832 0.00134298 -0.000374953 0.00111484 0.0088118 -0.000462726 -0.00162096 0.000147159 0.0256218 -0.100489 0.0546934 -0.00388355 -0.000140803 
-0.0100952 0.0781257 -0.000252767 -0.0111433 0.016608 -0.00333634 0.00482647 0.0195511 0.145247 0.0538896 -0.00406675 -0.00205381 0.00102058 -0.00124558 -0.00172514 -0.00123993 -0.0115844 -0.00138375 -0.000307143 -0.00919907 -0.0152342 0.0117239 -0.0579084 -0.0583659 -0.0145541 -0.00977263 -0.000276285 0.0162925 0.000354724 0.0509807 0.0088341 -0.000440976 0.00162882 -0.00134317 -0.0024937 -0.022792 0.0472112 0.0715046 -0.0126888 -0.0112314 0.0052734 -0.00404824 0.0036955 -0.00331954 0.00546647 -0.00218744 0.00511814 -0.00186592 0.00949362 -0.00374328 -0.000515663 0.0149014 -0.00139599 -0.00119007 -0.000285482 -0.0110397 -0.0130614 -0.000352126 0.0117974 -0.00381649 -0.0537407 0.00828819 -0.0449427 -0.00697177 -0.000988824 -0.0107492 -0.00316538 -0.0044596 -0.000230463 -0.00463875 -0.0103151 -0.00142062 -0.00289389 -0.00172899 -0.0251385 -0.040588 -0.000787476 0.0688272 -0.0355772 0.0101203 0.022756 0.00273514 -0.0044403 -0.0573962 -0.055429 -0.000627455 -0.00105066 -0.00165272 -0.002388 -0.000503623 -0.000228003 0.00103406 -0.00159463 -0.0113003 -0.000243186 -0.0559798 0.0468668 0.031474 -0.0227176 -0.000201599 
0.00139881 0.11655 -0.000248262 0.00386575 0.00698194 0.000779723 0.0349906 -0.0432788 0.0538896 0.237938 0.0119236 -0.00183275 -0.00442734 -0.00755807 -0.00154976 -0.00164566 -0.00799844 -0.0245914 0.000291636 -0.0132462 -0.0675287 -0.00809023 -0.110722 -0.127274 -0.00618314 -0.00211398 -0.0135238 0.0333011 0.013073 0.0924751 0.0195917 7.15627e-05 0.00361951 -0.00338287 0.00138233 -0.0156213 0.111054 0.0843167 -0.00763502 -0.0181807 -0.00715326 -0.0310107 -0.0241883 -0.00159674 0.00568673 -0.00215026 -0.00976511 -0.00457736 0.0280471 -0.00483968 -6.86385e-05 0.0407398 0.00025331 -0.000958221 -0.000123139 -0.00979688 -0.0188176 0.000987329 -0.00125943 -0.00263689 -0.0285238 0.0249485 -0.0502969 -0.0144981 -0.0109849 0.000493344 -0.00165107 -0.0406712 -0.0111225 -0.00262148 -0.0099186 -0.00116394 -0.000931454 -0.00146345 -0.0394573 -0.0810268 -0.000700445 0.0651598 -0.0709152 0.0215321 0.0270151 0.0102721 -0.00292349 -0.0495982 -0.0582303 -0.00108802 -0.00110267 -0.00111438 -0.00342166 -0.000259156 -0.00117969 -0.0414721 -0.00149782 -0.0186582 -0.000643925 -0.0798769 0.121213 0.071316 -0.0115735 -0.000996951 
0.0118614 0.00852564 -1.31796e-05 0.0172922 -0.000251015 -0.0032783 0.00127665 0.00132906 -0.00406675 0.0119236 0.0609802 2.36325e-06 -0.000950876 -0.000866002 -0.000584424 0.000432755 0.0023309 -0.00237456 -0.000130729 -0.000375322 -0.01037 -0.0302389 -0.0133816 -0.0127736 0.00409372 -0.00287466 0.00206665 -0.00624634 0.0092579 -0.0013862 0.00246007 -6.34271e-05 -0.000412823 0.000221347 -0.000711892 -0.00114369 -0.00720194 0.0144989 0.00165372 -0.00259087 0.00820393 -0.000931887 -0.00276317 0.000310009 -0.00112712 0.00196994 -0.00366583 -0.000991307 -0.00654346 0.000726456 0.000292022 -0.00387239 -0.00057521 0.000711174 -1.35686e-05 0.00138731 -0.00215753 2.10339e-05 -0.00324609 -0.000236435 -0.00833936 0.00842501 -0.0039884 -0.00175499 0.006537 0.00401824 0.00453939 -0.00609157 -0.000584076 0.00071026 -0.00104416 0.00044627 -0.000323437 -9.06831e-05 -0.00739236 -0.0085595 -4.99049e-06 -0.0033222 -0.00904541 -0.00430424 0.002232 -0.00154054 -0.00182606 -0.00787152 -0.00761169 -9.47762e-05 0.000403907 -0.000109389 0.000190995 2.28291e-05 -5.80593e-05 -0.00365017 0.00122109 0.0037925 0.000396453 -0.0113397 0.000338523 0.0192055 0.0011015 -5.19821e-05 
-0.000244459 -0.00158968 6.45708e-06 -0.000149624 -0.000604475 0.00133475 -0.000318284 0.000417726 -0.00205381 -0.00183275 2.36325e-06 0.00321842 -5.85502e-05 0.000248396 0.000659007 -1.88434e-05 -1.96894e-05 0.00103899 3.2304e-06 0.000245971 -0.000389939 -0.00213777 -0.000675356 0.000513371 1.66107e-05 -0.000114826 0.000449652 -0.00039561 0.000105039 -0.000791744 0.000323231 1.20321e-06 -7.42518e-05 8.8479e-05 0.000405503 4.83184e-05 -0.00097615 -0.00160463 0.00026667 0.00165085 0.00147821 0.00186306 0.000498682 9.68853e-05 0.000148841 -2.8978e-05 -1.60027e-05 0.00053169 -0.000349471 0.001035 0.00010405 0.000146648 4.42502e-05 5.82989e-07 6.35856e-06 0.00129942 -0.000115683 3.69564e-05 -0.000566986 0.000215984 -0.000688822 -0.00200678 -0.000399685 -5.62438e-07 -2.26688e-05 0.000297857 0.000322821 -0.000176399 3.51997e-06 4.93523e-05 0.00226946 7.89363e-05 1.35701e-05 -2.56821e-05 0.00149933 -0.000445033 -3.16344e-06 -0.00175092 -0.000425969 -0.000299994 -0.000601225 2.47904e-05 -0.00010089 -0.000801679 -0.000472366 1.22285e-05 -3.10961e-07 -3.84897e-06 5.99974e-05 -6.71969e-07 0.000204171 0.00135264 0.000196501 -3.64611e-05 6.30207e-05 -0.000804392 -0.00074399 -8.17195e-05 1.72817e-05 4.48201e-06 
-0.00127451 -0.0081783 0.000108468 -0.00184227 -0.000119056 0.000768598 -0.00116667 -0.00150295 0.00102058 -0.00442734 -0.000950876 -5.85502e-05 0.0298906 -0.000325281 0.00192128 -0.000133072 -4.92058e-05 0.000721109 -2.63203e-05 -0.00114121 0.00347032 0.002867 0.00356528 0.00205448 -6.18445e-05 0.000552899 -0.00272058 0.00163972 -0.00164067 -0.0040068 0.000150653 -5.18447e-05 0.00133934 -5.17911e-05 0.000145993 3.12697e-05 -0.00185011 -0.0109193 7.17537e-05 0.00306479 -0.00461849 0.00204058 -0.00019528 9.50848e-05 -0.00193797 -0.000178818 0.000955135 -0.000240771 -0.00232082 -0.000249618 0.000247185 0.00436569 0.00095806 -1.91864e-05 3.30114e-05 0.000290058 -0.000757779 -0.000121543 2.31132e-05 0.000203269 0.0024127 0.00142883 0.000657615 0.000864909 -0.000988416 -0.000158663 -0.000702935 -0.000882359 -0.000509888 -0.000142946 0.000530236 -9.00289e-05 0.000438341 -0.000301725 -0.00187739 -0.00319432 -2.63839e-05 -0.00195578 0.00212991 0.00199318 -0.00355174 -0.000489513 -0.000119396 0.00124712 0.00422976 4.96116e-05 -0.000122985 0.000226 -8.0677e-05 -7.33291e-06 -6.28404e-05 -0.00110298 -5.28225e-05 -0.000507765 -6.28668e-05 0.000995977 -0.00313524 -0.00597795 -0.000548518 -7.26145e-06 
-0.00149978 -0.00375036 -1.74415e-06 -0.00123063 0.000977286 0.00113696 -0.0020114 0.00225555 -0.00124558 -0.00755807 -0.000866002 0.000248396 -0.000325281 0.0166286 0.00119862 5.61821e-05 -0.000286239 0.00214786 5.80516e-05 0.000969845 0.00230691 0.000819182 0.0019718 0.00404063 -0.000370804 -0.000386719 -0.00153624 -0.00160978 -0.00137661 -0.00544443 -0.00138854 -8.20556e-06 -0.000450205 0.000267508 0.000177138 -0.000521237 -0.00211688 -0.000312678 4.5148e-05 0.00155583 0.00143483 0.00256374 0.002063 -1.61924e-05 -0.00129001 -0.000435266 0.000584529 0.00187598 0.000370466 -0.000136133 -8.97671e-05 -0.00046495 0.000282159 6.00953e-05 1.76381e-05 -8.80721e-05 0.000144372 -6.85923e-05 -0.000563985 0.000340637 6.94166e-05 -0.000665167 0.000580467 -0.000202916 0.00132658 -0.000507176 -0.000256745 -0.000429965 -2.29243e-05 4.45325e-05 0.00135433 -2.41497e-05 6.88022e-05 0.000548707 0.00145529 0.000402202 -7.44807e-06 0.000140882 0.000240219 -0.000844394 0.00119936 -0.000473889 -5.67624e-05 -0.00223582 0.00167313 -4.35968e-05 3.08675e-05 -3.29587e-05 -5.89395e-05 -6.5905e-06 0.000244625 0.00041127 -1.20019e-05 -0.000153117 -3.57678e-05 -0.00215024 -0.00626016 -0.00433803 -0.00010354 -1.69305e-05 
0.00136081 -0.00473124 5.54127e-05 -0.000771086 0.00638934 0.00915016 -0.002752 0.00741862 -0.00172514 -0.00154976 -0.000584424 0.000659007 0.00192128 0.00119862 0.0237581 0.000388336 -0.00036963 0.00230959 -5.07855e-05 -0.000396884 0.00251511 -0.00589998 0.00114082 0.00487884 -0.000405208 -0.000735807 -0.00120008 -0.00331134 -1.84911e-05 -0.00955384 -0.000495481 -1.1344e-05 0.00477745 0.00114701 -0.000429729 -0.000760938 -0.00928261 -0.00624439 -0.000168779 0.000656929 0.00117246 0.00438886 -0.000833952 2.01201e-05 -0.0016039 -0.000190024 -0.000287519 6.31033e-06 -0.00110955 0.000477568 -0.000189593 -0.00423766 -0.000244254 2.25583e-05 1.21008e-05 0.000619377 -0.000912266 -5.34581e-05 -0.00093075 -4.93683e-05 -0.00195105 0.00142991 -0.0024152 -0.000594257 -0.000831896 -0.00086959 0.00145936 -0.00158002 3.68659e-05 0.000100999 0.00154169 0.000538159 -9.90348e-05 -0.000287757 0.00451656 -0.00325828 -2.83514e-05 -0.00106354 -0.00217821 -0.00185971 -0.00546125 -0.000653586 -0.000762369 -0.00317075 0.0043262 -7.39888e-05 -4.97339e-05 -4.4619e-05 -0.000302836 -1.82953e-06 3.84356e-05 0.00211235 -4.05316e-06 -0.000701893 -4.64759e-05 0.00110237 -0.00923217 0.00504051 0.000916184 9.28208e-06 
0.00294428 -0.000883443 1.7261e-05 0.00355275 -0.00113755 0.00278734 0.000126269 0.00229114 -0.00123993 -0.00164566 0.000432755 -1.88434e-05 -0.000133072 5.61821e-05 0.000388336 0.0112502 0.00261515 0.000685925 3.92813e-05 0.00204377 -0.000425829 -0.00287792 -0.00177103 -0.00208449 0.00185535 -0.000449035 0.00159139 -0.000957589 -0.000274317 -0.00338658 -0.00068786 4.09647e-05 0.000738139 3.44033e-05 -0.000182124 -0.000258772 -0.00163151 -0.00152588 0.000848447 0.000113113 -0.000498503 -0.000376768 0.000467018 0.000354742 -0.000747597 -8.69307e-05 -0.000426516 0.000456439 0.00153062 -9.74138e-05 0.000212516 -0.00132375 0.000201145 0.00041035 3.8463e-05 0.000126384 0.000136865 -1.64237e-06 -0.00377963 2.7035e-06 -0.00167716 0.000794582 -0.00125728 -5.98608e-05 -0.0003061 -4.10503e-05 0.000815634 -0.000752127 0.00136029 0.0027214 -7.15085e-05 0.00012182 0.000705614 0.000910886 -0.00184242 -0.000949377 0.000355746 -0.00103975 -0.0010195 -0.000872291 -0.00183793 -0.000206551 -0.000244397 -0.00139867 -0.00183964 -2.58162e-05 -5.29924e-05 0.00032443 -5.66715e-05 4.25813e-06 6.7422e-05 -0.000632311 0.000140017 0.00279289 6.25645e-05 -0.000837907 -0.00298201 -0.000785795 1.73364e-05 0.000114703 
0.0143741 -0.000382867 4.41167e-05 0.0118863 -0.0101027 0.00127797 0.00289719 -0.00720272 -0.0115844 -0.00799844 0.0023309 -1.96894e-05 -4.92058e-05 -0.000286239 -0.00036963 0.00261515 0.0170796 0.000431412 0.000218243 0.00509836 -0.0061027 -0.011214 -0.00495354 -0.00621554 0.0134143 0.000357368 0.00120468 -0.000526532 0.00602322 -0.00603054 -0.00131454 -3.51817e-05 0.000678365 0.000398762 -0.000114011 0.00419836 0.00103357 -0.00833706 0.0102543 -5.10753e-06 -0.000359121 -0.00147206 -0.000930643 0.00208283 -0.000932026 -0.000374731 -0.00131732 -0.000433877 0.000123305 -3.95765e-05 0.000620134 0.00078053 0.000632362 0.000765983 3.83339e-05 0.00656613 0.000445504 4.68759e-05 -0.00606968 0.00310574 -0.004091 -0.00801296 -0.0018063 -0.000562458 0.00115987 0.00960496 0.000472967 -0.00148204 0.00168414 0.00346527 0.000880171 0.000196177 0.00176652 0.0017113 -0.00352519 -0.00226364 0.000904501 -0.00776086 -0.00267603 -0.00112889 -0.00465922 -0.00029779 -0.000146852 -0.00356822 -0.00366349 0.000242684 0.000540216 0.00149725 -7.17941e-05 1.14741e-05 -4.03298e-05 -0.00118012 0.000765839 0.0116036 0.000227058 -0.00481847 0.00203219 -0.00290305 -0.000449068 9.12833e-05 
-0.00171287 -0.0288545 -2.9373e-05 -0.00227179 -0.00563067 0.0008568 -0.00369032 0.00199076 -0.00138375 -0.0245914 -0.00237456 0.00103899 0.000721109 0.00214786 0.00230959 0.000685925 0.000431412 0.0517482 -0.000139833 0.00353535 0.0229257 -0.00781938 0.0212792 0.0224175 -0.000221004 -0.00171646 0.00266758 -0.00477089 -0.00324461 -0.0155535 -0.00380733 -9.1451e-05 -0.00059919 -6.25377e-05 -0.000224665 -0.00132456 -0.0190154 -0.0179394 0.000167775 0.00897983 0.0147611 0.0126893 0.00106398 0.000322036 -0.00266421 -0.000661025 0.00463182 0.000369256 -0.00883352 0.000579513 0.000112794 -0.00438002 0.000793361 0.000111179 4.53839e-05 0.00189098 -0.00121255 8.19286e-05 -0.00326185 -0.00016019 -0.00616769 -0.0217949 0.00765537 0.0011039 0.00375152 -0.00130468 -0.000483714 0.0178263 0.00678465 0.00122434 0.0055656 8.43342e-05 -7.3608e-05 -0.000221174 0.0240939 -0.00239528 0.000128426 -0.0256224 0.00300281 -0.00367653 -0.0107497 -0.000233197 -0.000403686 0.00039724 0.00113875 -0.000133586 -0.000130762 0.000159845 -4.19797e-05 2.83553e-06 8.06531e-06 0.0199579 0.000660983 0.00472566 0.000212552 -0.00296052 -0.0182223 -0.0157241 -0.00141769 0.000159089 
0.000323142 0.00021183 -2.22337e-06 0.000270088 -0.00179856 -1.37015e-05 0.00110818 -0.00196174 -0.000307143 0.000291636 -0.000130729 3.2304e-06 -2.63203e-05 5.80516e-05 -5.07855e-05 3.92813e-05 0.000218243 -0.000139833 0.00354986 0.000230815 -0.000941494 -0.000434045 -0.000949336 -0.00120267 0.000215133 0.000840082 8.74836e-06 0.000980019 5.95464e-05 0.000952259 -0.000188253 1.95691e-05 -4.09328e-05 0.000211418 0.00015231 0.000196636 0.00153195 -0.000466055 0.000429741 8.45748e-05 2.27907e-05 -0.000153712 8.56212e-05 1.85109e-05 0.000460996 -0.000106047 -0.00015355 0.000175872 -0.000497934 3.07368e-05 0.000103137 0.00122692 0.000423037 -1.72927e-06 5.12532e-06 9.2025e-05 -0.000113154 2.95647e-05 -0.00074552 0.000141783 -0.000530561 -0.00176655 -0.000404591 -0.00010322 -0.000142572 0.000231128 -7.43817e-05 -0.0001971 -4.73497e-05 1.03475e-05 0.00022028 -6.27696e-06 1.08464e-05 0.000248458 0.000464293 -0.000513263 3.43189e-06 -0.00109589 -0.000424727 0.000699886 -0.000749246 0.000399541 0.000100133 0.000125531 -0.000579174 8.9732e-06 6.1948e-05 4.49077e-05 -2.73061e-05 4.08951e-07 -8.33378e-06 -1.26819e-05 -4.75029e-06 4.78901e-05 -4.88541e-07 -0.000893632 0.0014562 -0.000879244 -4.75012e-05 -2.35946e-06 
0.0162708 0.00383888 3.95355e-05 0.012263 -0.0354464 0.00047939 0.00613756 -0.0204395 -0.00919907 -0.0132462 -0.000375322 0.000245971 -0.00114121 0.000969845 -0.000396884 0.00204377 0.00509836 0.00353535 0.000230815 0.0618986 -0.0130878 -0.0316795 -0.00484642 -0.00688032 0.00370105 1.51052e-05 0.0171057 0.0047626 -0.00144945 0.00746514 -0.00199275 0.000242104 -0.00165569 0.00794822 0.00342883 0.00132378 0.00140119 -0.0228773 0.00387541 0.0104311 0.0347132 0.00208166 -0.00406089 0.0014868 0.0067614 -0.00169621 0.0017693 0.00151854 -0.0036126 0.0012711 0.00113246 0.0203179 0.00232568 0.000336847 0.000103057 0.00386052 -0.00165491 0.00187765 -0.0112964 0.00167706 -0.0136991 -0.0302418 0.00198042 0.00212496 0.00104633 0.0021156 2.99254e-05 0.0119847 0.00177642 0.00269234 0.00545595 0.0014247 0.00197738 0.000997986 0.0164345 -0.00943431 0.00011024 -0.0100123 -0.00329834 -0.00562338 -0.0175563 0.00244812 1.59338e-05 -0.0142192 -0.00959653 0.000526459 0.000359318 0.000301583 -0.000203518 4.48274e-05 -0.000116631 0.00537019 2.11585e-05 0.0106237 7.90168e-06 -0.0159025 -0.00234607 -0.0096545 0.00208559 0.000997988 
-0.0312544 -0.10625 -6.1908e-05 -0.0236405 0.064081 -0.00726767 -0.0400303 0.055948 -0.0152342 -0.0675287 -0.01037 -0.000389939 0.00347032 0.00230691 0.00251511 -0.000425829 -0.0061027 0.0229257 -0.000941494 -0.0130878 0.235239 0.0364791 0.0977501 0.120395 -0.00834342 0.000873451 -0.0105939 -0.0416221 -0.0271942 -0.111566 -0.0173177 -0.000879261 -0.00225333 -0.00628964 -0.0104828 -0.00223233 -0.105014 -0.0641778 -0.00699502 -0.00086623 -0.0285279 0.017597 -0.000156114 -0.00161016 -0.0177546 0.0043683 0.0194093 -0.00516997 -0.0247025 -0.000778845 -0.00301623 -0.0610663 -0.0050096 -0.000588837 -0.000145936 -0.00423849 0.00787138 -0.00124324 0.0134913 -0.00200454 0.0175337 0.0222756 0.0426531 0.0113958 0.00201702 -0.0119592 -0.000830871 0.0261329 0.00802612 -0.00213252 -0.00206092 0.000351236 -0.00264659 0.000373483 0.0333258 0.0736772 -0.000339148 -0.0712331 0.0643017 -0.0319901 -0.0484763 -0.00754128 0.00224131 0.0666843 0.0558043 -0.000856849 -0.00084532 -0.000450848 0.00417092 -0.000206818 0.000198997 0.0257895 -0.00094438 0.0022069 -0.000169828 0.0592051 -0.106468 -0.0446498 0.00528713 -0.000144219 
-0.0469252 -0.0357207 -8.26482e-05 -0.04398 0.0318758 -0.0204164 -0.0127618 0.0119492 0.0117239 -0.00809023 -0.0302389 -0.00213777 0.002867 0.000819182 -0.00589998 -0.00287792 -0.011214 -0.00781938 -0.000434045 -0.0316795 0.0364791 0.192687 0.0411219 0.0260893 -0.0118834 0.00915972 -0.0414192 0.0113363 -0.0507686 -0.0139374 -0.00666856 -0.00130118 -0.00685871 -0.00575722 -0.0127491 -0.00533134 0.0156887 -0.0118383 -0.0111373 -0.00904072 -0.086484 -0.0218216 0.0039859 -0.00321583 -0.022116 0.000441209 0.00956691 -0.00233413 0.023344 -0.00784063 -0.00212347 -0.0114714 -0.00305646 -0.000950242 -0.000115165 -0.0127053 0.00581295 -0.0029845 0.0182909 -0.00327526 0.049217 0.0477823 0.00977906 0.00557655 -0.00838307 -0.00824042 -0.012482 -0.013391 -0.00244688 -0.00420026 -0.0116271 -0.000658545 -0.00386949 -0.00119588 -0.0268124 0.0372526 -0.000763466 0.00111509 0.0271754 0.016753 0.043527 -0.00689799 0.00347453 0.0417962 0.0316686 -0.000341024 -0.0017919 -0.00140348 0.00102426 -8.20549e-05 -0.000303235 -0.0123488 -0.00229176 -0.0130596 -0.000954143 0.0487519 -0.00608507 -0.0460058 -0.00232911 -0.000704581 
-0.0275592 -0.141317 -6.91047e-05 -0.0208793 0.0284371 -0.0155616 -0.0365316 0.0309213 -0.0579084 -0.110722 -0.0133816 -0.000675356 0.00356528 0.0019718 0.00114082 -0.00177103 -0.00495354 0.0212792 -0.000949336 -0.00484642 0.0977501 0.0411219 0.207224 0.164463 -0.00688155 -0.000523557 -0.0127954 -0.0405808 -0.0244721 -0.109173 -0.0250798 -0.000649712 -0.00653738 -0.000874526 -0.00938919 0.0125212 -0.127966 -0.0943951 -0.00484925 0.00432564 -0.0170859 0.00635187 -0.0042872 -0.00113509 -0.0180927 0.00580286 0.00811604 -0.00679059 -0.0263891 -0.0029904 -0.00239101 -0.0554525 -0.00430257 -0.000341329 -1.33703e-05 -0.00363041 0.01293 -0.00125489 0.00793095 -0.0014692 0.0626014 0.00805023 0.0676398 0.0157859 0.00351586 -0.0108376 -0.00766366 0.0308972 0.00724729 -0.00130264 -0.000792673 0.000531402 -0.00184622 -0.000995892 0.0497721 0.0806521 -0.000250953 -0.0849342 0.088817 -0.026381 -0.0500285 -0.0086074 -0.00333005 0.0975711 0.115577 0.000222665 -0.000576344 -0.000329618 0.00343335 0.000241363 -0.000588876 0.0177208 -0.000571993 0.00535954 -0.000661715 0.116923 -0.125721 -0.0655479 0.00954815 -7.32391e-05 
-0.0317969 -0.146027 3.71267e-05 -0.0267254 0.0551137 -0.00872477 -0.0460497 0.0536673 -0.0583659 -0.127274 -0.0127736 0.000513371 0.00205448 0.00404063 0.00487884 -0.00208449 -0.00621554 0.0224175 -0.00120267 -0.00688032 0.120395 0.0260893 0.164463 0.232815 -0.00864631 -0.00115455 -0.00970022 -0.0509766 -0.0280842 -0.132865 -0.0208086 -0.000668275 -0.00532696 -0.00294934 -0.00979755 0.00980981 -0.160145 -0.0996452 -0.00644202 0.00501178 -0.00576326 0.0270936 0.00189923 -0.00120762 -0.0180036 0.00433147 0.00404862 -0.00966609 -0.0346807 0.00124178 -0.00297545 -0.0696112 -0.00533698 -0.00026116 -3.44946e-05 -0.00234055 0.0129698 -0.00143297 0.0128689 -0.00183727 0.0624463 0.0110948 0.067553 0.0129219 0.00937069 -0.0133588 -0.00247025 0.039135 0.00751498 -0.00203669 0.00192688 0.00123662 -0.00231308 -0.00108584 0.0599605 0.0964214 -0.000375756 -0.0965384 0.0823599 -0.0326908 -0.0473519 -0.010772 -0.00181295 0.0912653 0.113541 -2.00229e-06 -0.00067581 -0.000409036 0.00354851 0.00029958 -0.000109079 0.0314782 -0.000691916 0.00145874 -0.000158289 0.124597 -0.160599 -0.061445 0.0155835 -9.69116e-05 
0.0159798 0.000854623 2.80609e-05 0.0140079 -0.0118693 0.00101053 0.0045921 -0.00780013 -0.0145541 -0.00618314 0.00409372 1.66107e-05 -6.18445e-05 -0.000370804 -0.000405208 0.00185535 0.0134143 -0.000221004 0.000215133 0.00370105 -0.00834342 -0.0118834 -0.00688155 -0.00864631 0.0239993 0.00160011 -0.000238292 -0.00142723 0.00710313 -0.00703671 -0.000875422 0.000137672 0.000299098 0.000157261 9.94894e-05 0.00514331 0.00435793 -0.00615979 0.0103626 0.000221034 -0.00149734 -0.00220166 -0.00102543 0.00223679 -0.00109561 -0.000487931 -0.00182979 -8.60491e-05 0.00187726 -8.6023e-05 0.00062632 0.00060505 0.00065423 0.000801284 0.00012801 0.00633034 0.000387336 -5.71252e-05 -0.00786218 0.00304672 -0.00506301 -0.00531258 -0.00224252 -0.000930721 0.000972854 0.012063 0.000529979 -0.00284762 0.000951277 0.00260637 0.00129357 7.6349e-05 0.0021411 0.00109894 -0.00501428 -0.00359989 0.000742972 -0.00708039 -0.00350154 -0.00165879 -0.00437762 -0.000591761 -0.00023883 -0.00375951 -0.0050449 0.000218799 0.000564197 0.00143281 -0.000166315 3.66591e-05 -2.07339e-05 -0.00204509 0.00082513 0.0112867 0.000198843 -0.00633403 0.00441619 -0.00184323 -0.000539063 1.22408e-09 
-0.00249028 -0.010125 -1.85269e-05 -0.00358615 -0.0117627 -0.00379209 0.00284733 -0.0154916 -0.00977263 -0.00211398 -0.00287466 -0.000114826 0.000552899 -0.000386719 -0.000735807 -0.000449035 0.000357368 -0.00171646 0.000840082 1.51052e-05 0.000873451 0.00915972 -0.000523557 -0.00115455 0.00160011 0.052283 -0.00397399 0.0112497 -0.00374018 0.00067845 -0.000348269 0.000124285 -0.000779391 0.00149035 -0.00161131 -0.0004353 0.00433712 -0.0106874 4.89746e-05 0.000257313 -0.00718338 -0.00179908 0.00250455 0.000179079 0.000846057 -0.000527328 0.00128347 0.000490634 0.00165022 -0.000594222 0.000411815 0.0108117 0.00387626 -9.20347e-05 0.000167764 -9.34781e-05 0.000519681 -0.000128958 -0.0071637 0.000296017 0.00249527 -0.0126653 0.00409076 -0.00112495 0.00152045 0.00407662 -0.00158367 0.00407401 -0.000353648 6.74114e-05 8.18928e-05 -0.000198746 0.000326699 -0.000466177 0.00688942 -0.00163018 0.000106173 -0.0165307 -0.000775983 0.00731038 -0.000346606 0.00175788 0.00450977 0.00886077 -0.000576619 -5.69261e-05 5.78945e-05 0.00059126 0.00050396 6.85055e-05 -2.34076e-05 -0.00291483 -6.09869e-05 -0.00097973 4.72324e-05 0.00344223 0.00298763 -0.0164952 -0.000444302 -0.000124167 
0.0169302 0.00435366 7.60258e-05 0.0191497 -0.0289179 -0.00624376 0.00131394 -0.00213637 -0.000276285 -0.0135238 0.00206665 0.000449652 -0.00272058 -0.00153624 -0.00120008 0.00159139 0.00120468 0.00266758 8.74836e-06 0.0171057 -0.0105939 -0.0414192 -0.0127954 -0.00970022 -0.000238292 -0.00397399 0.0907169 -0.00983746 0.0163958 0.0201065 -0.00451802 0.000369683 -7.41435e-05 0.00350995 -0.00196406 0.000106725 -0.0264078 -0.00647262 -0.000587306 0.00700385 0.0382104 0.000971719 0.00116455 -0.000198645 0.017712 0.000397698 0.00131737 -0.000781944 -0.0141658 0.00740355 0.0014653 -0.00587718 -0.000596679 0.00060661 8.54539e-07 0.00114792 -0.00275273 0.000627047 -0.00233497 -0.000366451 -0.0266361 -0.0376125 -0.00384485 0.0037419 -0.00202902 -0.00218404 0.00971879 0.0332754 0.00596322 0.00264575 0.000446686 0.00046458 -0.000333602 -0.0005681 -0.00498798 0.000190313 0.000391075 -0.00920009 -0.0018579 -0.00798797 -0.0254815 -0.000477217 -0.00235266 -0.0188252 -0.0198662 -0.000100499 0.00149733 0.000158331 -0.00103622 1.30155e-06 -0.000205267 0.0185207 0.00138849 0.00706635 0.000524539 -0.0124359 0.00400743 0.0162868 0.00662841 0.00116476 
0.00452678 0.0313787 -9.4826e-05 -0.00480125 -0.0773348 -0.0117782 0.0394786 -0.0847702 0.0162925 0.0333011 -0.00624634 -0.00039561 0.00163972 -0.00160978 -0.00331134 -0.000957589 -0.000526532 -0.00477089 0.000980019 0.0047626 -0.0416221 0.0113363 -0.0405808 -0.0509766 -0.00142723 0.0112497 -0.00983746 0.12746 -0.00231781 0.0697882 0.00918879 9.01798e-05 -0.0035151 0.00293715 0.00374574 -0.00594864 0.0759044 -0.000222137 -0.000725735 -0.00563808 0.000444459 -0.0127197 -0.00761628 -0.000468362 0.0144698 -0.00299823 -0.00849927 0.000618968 -0.0150906 -0.000934153 0.00371081 0.0801024 0.00665533 -0.000227783 0.000153384 -0.00110141 -0.00189664 -0.000132759 -0.00639283 0.000489568 0.0223544 -0.0659852 -0.0152401 -0.00224572 -0.00468549 0.00704632 -0.00471719 -0.018595 -0.00279855 -0.000791108 -0.00225322 -0.000581318 0.000174461 0.00315248 0.00513683 -0.0240415 -0.000138266 -0.000337457 -0.0232819 0.0455396 0.00395204 0.0102649 0.0115652 -0.015223 -0.0263807 0.000475608 -0.000212435 -0.000173665 -0.00220846 -9.39068e-05 -0.000327866 -0.0100477 -0.000426168 -0.0026688 -0.000200508 -0.0370542 0.0658814 -0.0408525 -0.00708238 -0.000117336 
0.016783 0.021147 -2.61087e-07 0.0241909 -0.0147153 -0.0020139 0.0105142 -0.013113 0.000354724 0.013073 0.0092579 0.000105039 -0.00164067 -0.00137661 -1.84911e-05 -0.000274317 0.00602322 -0.00324461 5.95464e-05 -0.00144945 -0.0271942 -0.0507686 -0.0244721 -0.0280842 0.00710313 -0.00374018 0.0163958 -0.00231781 0.0777861 0.0156571 0.0062084 0.000538521 0.00404847 -0.000541477 0.00209595 0.00494252 0.00119821 0.0161101 0.00627724 -0.0021693 0.0133681 -0.00199426 -0.00409362 0.000302368 0.0112175 -0.000121561 -0.00440593 -0.00212823 -0.0125127 0.000742484 0.00022959 -0.0055376 -0.0005668 0.000468408 -3.9188e-05 0.00400511 -0.00291336 8.25398e-05 0.000960917 0.000984094 -0.0189197 -0.0193225 -0.00691615 -0.00320601 -0.000745998 0.00537002 0.00733989 -0.000194336 -0.000822807 0.00023385 -0.000566459 0.00023516 0.00104621 -2.85705e-05 -0.00575998 -0.0158915 5.33187e-05 0.0043078 -0.0118525 0.00208273 -0.0141564 0.0035897 -0.00158802 -0.0122102 -0.0164867 -0.000120968 0.00226777 0.000241951 -0.00139987 -4.30554e-05 -0.000143678 -0.0046289 0.00123113 0.00347318 0.000559957 -0.0203029 0.0200393 0.0248103 -0.00222486 -0.00013365 
0.00931589 0.105547 -0.000128845 0.00536567 -0.0781052 -0.0240912 0.0489139 -0.102541 0.0509807 0.0924751 -0.0013862 -0.000791744 -0.0040068 -0.00544443 -0.00955384 -0.00338658 -0.00603054 -0.0155535 0.000952259 0.00746514 -0.111566 -0.0139374 -0.109173 -0.132865 -0.00703671 0.00067845 0.0201065 0.0697882 0.0156571 0.241095 0.0150504 0.000435413 -0.00875856 -0.000223367 0.00399144 -0.0112864 0.140518 0.0654966 -0.00563846 -0.0150763 0.0360926 -0.0206073 -0.0141925 -0.00164476 0.0416911 -0.0078292 -0.0167739 -0.000579117 -0.0132939 0.00130228 0.00194538 0.0786381 0.00326966 -0.000674537 -0.000101603 -0.00647576 -0.010727 0.00150724 0.00198178 -0.00166578 -0.0222568 -0.0603896 -0.0388361 -0.0112843 -0.0109966 0.0063476 -0.00682212 -0.0158271 -0.00673496 -0.00229151 -0.00691277 -0.00113005 -0.00105188 0.000210213 -0.0264688 -0.0707582 -0.000436608 0.046268 -0.0596912 0.0392055 0.0419709 0.0113969 0.000760192 -0.0718695 -0.0768703 -0.00015897 0.000860189 -0.000797908 -0.00582133 -0.000212096 -0.000995637 -0.00867882 -0.000530871 -0.0139083 -0.000282099 -0.0935394 0.151337 0.0263924 -0.00817669 -0.000133186 
-0.00630505 0.0213184 5.14296e-05 -0.00547399 0.000220574 0.00590053 -0.00100752 -0.00431659 0.0088341 0.0195917 0.00246007 0.000323231 0.000150653 -0.00138854 -0.000495481 -0.00068786 -0.00131454 -0.00380733 -0.000188253 -0.00199275 -0.0173177 -0.00666856 -0.0250798 -0.0208086 -0.000875422 -0.000348269 -0.00451802 0.00918879 0.0062084 0.0150504 0.0926555 -7.9746e-05 0.00515251 3.36061e-05 0.0025872 -0.00283923 0.014311 0.000417589 -0.0012014 0.00108861 0.00379712 -0.00460503 -0.00540403 0.000973289 0.00702532 -0.000667429 0.000282754 -0.00211614 -0.00951942 0.000768799 -0.00024249 0.00843663 0.00120748 -0.000177998 6.36574e-05 -0.000553394 -0.00247141 -0.000173182 -0.000391325 -0.000224929 -0.0115669 -0.0078912 -0.0126435 -0.00366164 -0.00352654 -0.000865254 0.00524236 -0.00769739 -0.0016486 -0.000150654 0.00118375 0.000345678 0.000407531 -0.00145636 -0.00501568 -0.0139829 -0.000112598 0.00914895 -0.0146156 0.01383 0.00275628 -0.000811098 0.00381011 -0.020991 -0.0203289 0.000286973 -5.89347e-05 -0.000178149 -0.000962795 -4.95667e-05 0.000284881 -0.00510767 -0.000262336 -0.00377886 0.000222797 -0.01631 -0.00170445 0.0247242 -0.00163372 -6.9009e-05 
-0.000167396 0.000372506 -6.07905e-07 3.471e-05 -0.000417005 0.000317728 -0.000135979 -0.000610306 -0.000440976 7.15627e-05 -6.34271e-05 1.20321e-06 -5.18447e-05 -8.20556e-06 -1.1344e-05 4.09647e-05 -3.51817e-05 -9.1451e-05 1.95691e-05 0.000242104 -0.000879261 -0.00130118 -0.000649712 -0.000668275 0.000137672 0.000124285 0.000369683 9.01798e-05 0.000538521 0.000435413 -7.9746e-05 0.00255956 -7.89145e-06 0.000198428 8.61641e-05 9.62709e-05 7.84467e-05 0.000251158 -2.40544e-05 0.000284089 0.000562865 0.00023711 -9.98466e-06 1.37887e-05 0.000763994 -6.76382e-05 -2.84054e-05 0.000296212 -7.00105e-05 3.16563e-05 8.19555e-05 7.16324e-05 0.000437268 -3.24639e-06 2.70114e-05 5.73924e-05 -5.70471e-05 4.21927e-05 -0.000739033 4.11786e-06 -0.000457454 -0.000804594 -0.000221718 -7.13054e-05 2.75568e-05 4.00837e-05 -4.63264e-05 0.000198035 -3.98621e-05 4.05849e-05 0.000236951 -5.53887e-07 5.8948e-05 -4.83822e-06 0.000358638 -0.000453884 -2.82634e-06 0.000187798 -0.00030194 -0.000200256 -0.000255267 -1.62427e-05 3.60397e-05 -0.000619185 -0.00048357 -5.54519e-06 4.67923e-05 -5.07497e-07 5.00117e-05 2.16246e-06 2.39975e-05 0.000310604 1.62084e-05 -3.87469e-05 -1.89728e-06 -0.000575926 0.000517612 0.000141431 -6.50903e-05 1.58718e-05 
0.00130921 0.00428076 0.000109314 -0.000496093 0.00813195 0.00420752 -0.000921504 0.00782149 0.00162882 0.00361951 -0.000412823 -7.42518e-05 0.00133934 -0.000450205 0.00477745 0.000738139 0.000678365 -0.00059919 -4.09328e-05 -0.00165569 -0.00225333 -0.00685871 -0.00653738 -0.00532696 0.000299098 -0.000779391 -7.41435e-05 -0.0035151 0.00404847 -0.00875856 0.00515251 -7.89145e-06 0.034366 0.00207869 0.000380786 -0.00101822 -0.00726718 -0.000549367 -5.996e-05 0.000471198 -0.00185177 0.00333947 0.000888767 0.00100585 -0.00229299 0.000438208 2.20587e-05 -0.000760467 -0.00261067 0.000572379 -0.00011885 -0.00476763 -0.000245164 0.000101387 1.51477e-05 0.000337914 -0.000124838 0.000215747 -0.00126551 -3.79478e-05 -0.00738349 0.00406783 -0.00433391 -0.0010758 -5.60305e-05 -0.000567414 0.0047479 -0.00210979 0.00108305 0.00147671 -0.000243801 2.61361e-05 0.000389384 -0.00034156 -0.00121024 -0.00532136 0.000516451 0.000988037 -0.00460174 -0.00252483 -0.00671511 0.000544333 0.00021521 -0.00484394 -0.00435711 6.36266e-05 -4.91597e-05 0.000631928 -0.000381995 -1.31965e-05 0.00033794 -0.00133038 0.000140128 0.000306075 0.000161872 0.000436702 -0.00722314 0.00773192 0.000188877 -1.29951e-05 
0.0012735 0.00155445 6.94848e-06 -0.000505021 -0.00490754 -0.000841119 -0.00159516 -0.0027336 -0.00134317 -0.00338287 0.000221347 8.8479e-05 -5.17911e-05 0.000267508 0.00114701 3.44033e-05 0.000398762 -6.25377e-05 0.000211418 0.00794822 -0.00628964 -0.00575722 -0.000874526 -0.00294934 0.000157261 0.00149035 0.00350995 0.00293715 -0.000541477 -0.000223367 3.36061e-05 0.000198428 0.00207869 0.0222089 0.000407316 0.00109333 -0.00228932 -0.00330397 0.0004657 0.00388919 0.00851612 0.000336647 -0.00104802 1.08301e-06 -0.000350533 -0.000476478 0.00333698 0.000540914 -0.00225915 0.000369753 0.000250019 0.00224328 0.000617615 -5.89938e-06 7.01442e-05 0.00172696 -0.000687258 0.000144274 -0.00286805 0.000990922 -0.0044966 -0.00805279 -0.00245315 6.58821e-05 -0.000195247 -0.000117016 0.000234778 0.00330956 0.00011665 0.000220973 0.000869251 5.29188e-05 -3.03328e-05 -1.84068e-05 0.00287204 -0.0037976 -1.8923e-05 0.000444862 -0.00277401 -0.00100924 -0.00206029 3.24155e-05 0.000397933 -0.00499483 -0.00223644 0.000395284 3.59164e-05 2.71564e-05 0.0001152 9.05877e-05 1.66646e-05 0.00108191 1.9275e-05 0.000964379 1.89978e-05 -0.000714531 -0.00445556 -0.00228228 0.00226527 0.000639817 
