0.0744333 0.000812608 1.57846e-05 -0.000249511 0.00365626 0.00560536 0.00528663 -0.000185217 2.06169e-05 -0.0448779 0.0351777 0.0532831 0.000969405 -0.0121235 -0.000400207 0.00235348 0.000443139 1.21006e-05 -0.00113077 0.00100316 0.0013059 -5.43103e-05 -2.31057e-06 1.92915e-05 -0.000245046 -3.40508e-05 0.00023184 -0.00541847 2.97705e-05 0.000190118 0.043142 5.14262e-05 -3.11164e-05 -0.0437396 0.00103462 -0.00441615 0.000153803 0.000220441 0.000160038 -5.34152e-05 0.0434791 -0.000218628 -0.000224041 -0.000381428 -1.90796e-05 0.000541742 0.00467562 0.000572882 0.00194671 -0.0116151 -0.00896289 -8.3384e-06 -0.0131807 0.000494108 -0.000905804 -0.000165558 -0.000646097 0.00874998 -0.000619328 -0.00301843 0.00273037 -1.68047e-05 -1.23568e-06 -0.0360221 -0.021367 0.0120222 -0.000193077 -0.0404171 0.00713559 0.0116329 -0.000147503 0.000172719 -0.000136925 0.00110906 -0.00162452 -6.52481e-07 -0.00055594 0.000630447 -0.00765885 8.89064e-06 -0.00172213 0.0347521 0.00867099 -0.00422332 -0.00142169 0.000165421 -0.0219126 -0.0104714 -0.0188271 -0.0113206 -0.000946928 4.4016e-05 0.0234176 -9.14335e-06 -0.0255274 -6.59012e-05 -0.00355765 -0.00465737 -0.026838 5.78424e-06 
0.000812608 0.00658505 1.73256e-06 -1.43005e-05 -4.12252e-07 -3.51478e-05 0.000637548 -3.84045e-05 -6.75076e-06 -0.00396042 -5.14793e-05 0.0027199 0.000239542 0.000510796 5.33852e-07 -6.31991e-05 6.79982e-05 -2.10619e-06 -6.92036e-05 0.000286031 5.42233e-05 1.60681e-05 3.49657e-07 0.00198294 9.06139e-06 -7.57657e-07 1.48997e-05 -8.88617e-05 -5.77982e-08 -1.77985e-06 -6.64957e-06 -1.54656e-05 -5.20065e-06 -0.00137797 0.00016416 -0.000329136 3.82657e-05 4.05716e-05 2.43468e-05 0.000470868 0.00036323 4.59402e-06 0.000218516 0.000136034 2.39936e-06 4.39464e-05 0.000120287 -6.3072e-06 2.24885e-06 -0.000699763 -0.000613645 0.000167719 -0.000503296 1.94327e-05 -0.000138215 3.04437e-05 0.000155331 5.42688e-05 -1.9826e-05 -0.000300953 -3.84246e-06 -9.56743e-07 -1.85126e-06 -0.00407094 -0.0013216 -0.000394839 7.7542e-05 -0.00374105 0.0013925 -8.22544e-05 2.1523e-05 2.78156e-05 0.000124914 -0.000201567 -0.000175583 6.43521e-06 -5.19987e-05 -0.000367811 -0.000558414 -2.67319e-06 0.00152975 0.00219957 0.00143124 -0.000333099 0.000133964 2.98133e-06 -0.000415388 -0.000982538 -0.000535987 -0.000951638 -0.00011284 -1.86569e-06 0.00082352 -7.84725e-07 -0.00120856 4.8932e-05 -9.31476e-06 -0.000313356 0.000372842 6.04239e-07 
1.57846e-05 1.73256e-06 0.000142569 6.21862e-06 9.43582e-07 -8.14151e-06 2.44024e-05 1.78254e-05 2.38113e-06 -4.84573e-05 1.09026e-05 1.15322e-05 6.5569e-07 -2.23219e-05 1.5543e-06 1.93722e-06 4.03584e-07 8.53974e-07 -1.63977e-06 1.89647e-05 7.84002e-06 1.66499e-06 -1.15988e-08 -4.01378e-06 -8.76034e-07 7.30762e-07 1.62221e-07 -8.05751e-06 4.40493e-07 3.46181e-07 1.49677e-05 2.06131e-06 7.47678e-07 -2.12385e-05 -9.35796e-07 -5.79087e-06 4.64016e-06 6.10421e-06 2.81602e-06 7.00996e-06 7.69731e-06 4.20202e-06 8.6061e-06 8.80606e-06 5.67274e-08 3.91076e-06 -1.75362e-06 9.60681e-08 5.97588e-07 3.5678e-05 -1.71589e-06 1.0847e-07 1.82806e-05 3.07522e-06 6.9834e-06 1.67416e-07 5.05952e-06 9.40701e-06 9.60704e-06 -4.21562e-06 1.02496e-05 1.44888e-07 2.51733e-08 -6.65874e-05 -2.72287e-06 -5.44705e-06 2.05395e-06 -7.2951e-05 4.3339e-05 6.56243e-07 3.72051e-06 2.30939e-06 3.8465e-06 -2.35872e-05 3.83605e-07 3.12088e-08 9.57597e-06 -6.11023e-05 -8.26923e-06 -8.85699e-08 -1.60695e-06 -3.41843e-05 -3.20212e-05 1.49701e-05 -3.69918e-05 -7.77529e-08 -1.90817e-05 -6.85344e-06 -2.68893e-05 -1.4206e-05 8.32347e-06 1.08209e-06 2.67134e-05 1.2609e-06 1.64689e-05 1.80209e-07 1.28837e-06 7.43713e-07 -3.65155e-05 4.53964e-07 
-0.000249511 -1.43005e-05 6.21862e-06 0.00413796 -1.03202e-05 -0.000142884 0.000666659 5.89368e-05 0.000173054 1.38983e-05 -0.000235994 -0.000376443 1.01774e-05 -4.82723e-05 2.70474e-05 4.08801e-05 -9.55051e-06 1.07223e-05 0.000327708 0.000152205 -6.2341e-06 6.18847e-05 3.23977e-06 -0.000265425 -4.12738e-05 2.75474e-05 7.81692e-07 -0.000113546 -1.24631e-06 -5.72544e-08 -0.000503189 3.13578e-05 0.000199751 0.000160677 0.000212084 0.000703391 9.73128e-06 1.87154e-05 3.53465e-05 0.000114782 -0.000310608 4.36122e-05 0.000103438 3.97476e-05 1.33898e-06 1.82885e-05 0.000218465 1.62565e-06 -4.771e-06 0.000774248 0.000513995 2.79869e-05 -0.000141082 1.34098e-05 0.000575288 1.87264e-05 0.00017073 -4.48639e-05 0.000560866 0.000120885 -2.28466e-05 1.71774e-06 4.63859e-08 -0.00105078 -0.000590977 8.75793e-05 1.27414e-05 -0.000339951 0.000675052 -0.00178726 1.17647e-05 -1.57857e-06 1.80483e-05 -0.000458797 -5.4122e-05 1.12867e-06 0.000261677 -0.00201581 0.000422667 -2.19215e-06 0.00104952 -9.6604e-05 -0.00142628 0.000562186 -0.00169977 2.73773e-05 -0.000232674 -0.000399267 8.38353e-05 0.000457264 1.70989e-05 4.40831e-06 -0.000292726 3.00811e-06 -0.000214328 0.000120149 3.39439e-05 -6.12988e-06 -0.00104873 1.76957e-06 
0.00365626 -4.12252e-07 9.43582e-07 -1.03202e-05 0.00796772 -0.00143423 0.000360773 -4.24122e-05 2.58786e-05 -0.00327775 0.00358255 0.00410183 5.30525e-05 -0.00141703 0.000409287 -6.3825e-05 8.46952e-05 1.18111e-05 -7.44653e-05 0.000119378 3.81523e-05 -4.69039e-06 3.81329e-06 -0.000264799 -7.58191e-05 -3.54839e-06 1.54349e-05 -1.73669e-05 7.52966e-05 2.51127e-05 0.00185185 0.000181687 1.40164e-05 -0.00523401 0.000664035 0.000582359 6.4663e-05 -8.45091e-06 2.2773e-05 0.000639444 0.00286186 -2.26516e-05 -3.89652e-05 -3.49202e-05 -1.64872e-06 3.90583e-05 -0.000153391 4.70199e-05 5.84356e-05 -0.00109919 0.000599624 1.82999e-05 8.85692e-05 2.78153e-05 -0.000183547 -2.19264e-05 1.32321e-06 0.0012835 -4.51491e-05 -0.000244017 0.000258779 1.10325e-05 -2.00405e-06 -0.00158095 -0.00145676 0.000822154 0.000101692 -0.00309882 0.000202081 -0.000622529 -1.62813e-05 8.27358e-06 2.3022e-06 0.000105844 -0.000198871 3.96934e-06 7.5287e-05 6.68698e-05 -0.000400299 -8.55933e-07 -0.00028113 0.00151991 0.003102 -0.00067432 -0.0016387 2.38871e-05 -0.00356692 -0.00134163 -0.00281735 -0.00135165 -0.000129981 1.13949e-05 0.000973473 7.38051e-07 -0.00264509 -4.0375e-08 -0.000366308 -0.000165282 -0.000737349 -3.37696e-07 
0.00560536 -3.51478e-05 -8.14151e-06 -0.000142884 -0.00143423 0.12038 0.00116516 0.000591589 0.000200724 -0.00437582 0.00411459 0.0121179 1.55185e-05 -0.000865577 -0.00396261 0.000574129 -3.21433e-05 -0.000193716 -0.00100754 -0.000849176 -0.00130823 -0.000601076 -5.41696e-05 0.00533721 -0.000776034 -0.000212348 -0.000158375 -0.00983623 -0.000389487 -0.000105824 0.00877868 -0.00292324 0.000209584 -0.00508747 0.000275354 -0.0141839 -0.000254252 -0.000382786 -0.000479601 -0.00811096 -0.00172219 -0.000266851 -0.00490274 -0.00361738 -0.000203366 -0.00017317 -0.00307166 -0.000517639 -0.000165772 -0.00112945 -0.0373433 -0.000170986 -0.0220168 -0.000246407 -0.0051679 -0.000641944 -0.0079194 -0.00022456 -0.000690748 0.0024027 0.000521506 -0.000223006 -0.00013819 -0.0190338 -0.0163722 -4.48866e-05 -0.00153922 -0.000272273 -0.000341912 0.00795698 -0.000720861 3.97145e-05 -0.00154032 0.00581646 -0.000260546 -0.000198249 -0.00271689 0.00827415 -0.00274726 -0.000188144 0.00261581 0.0319501 -0.0203975 0.00137349 -0.0108792 -3.06992e-05 0.00486187 0.0090669 0.00110603 0.0110883 -0.00044351 -6.42167e-05 -0.00831827 -8.52748e-05 -0.000254116 -0.000380402 -0.0068401 -0.0101092 0.00573491 -7.11759e-05 
0.00528663 0.000637548 2.44024e-05 0.000666659 0.000360773 0.00116516 0.0183359 0.00012941 0.000969442 -0.00207551 0.00247466 0.0067965 0.000223018 -0.000917898 0.00030621 0.000209959 0.000124876 1.58456e-05 0.000406147 0.00124268 6.0182e-05 0.000129296 4.8023e-06 0.000268094 0.000485223 1.22043e-05 7.75476e-05 0.00132086 4.49665e-05 2.55363e-05 0.00121244 1.80162e-05 3.966e-05 -0.00320971 -1.46454e-05 0.00141214 0.000417056 0.000141981 0.000232856 0.000472181 0.00228988 0.000625119 0.000345589 0.000272263 3.23851e-05 1.1436e-05 -0.000549519 1.57149e-05 -2.09169e-05 0.00247708 0.00121939 0.000171621 -0.00158485 7.41675e-05 0.000899286 9.05826e-05 0.000176916 0.000667485 0.00134169 -0.000655365 -2.83206e-05 -4.77112e-07 1.03293e-05 -0.00884769 -0.00234076 0.00235937 7.68668e-05 -0.00598313 0.0071063 -0.00693543 7.49186e-05 5.01367e-06 0.000333573 -0.000209914 -0.000472777 3.38522e-05 0.000241528 -0.00479096 -0.00123366 -6.89521e-06 0.00595951 0.00354685 -0.00301826 -0.000499242 -0.0099409 0.000185349 -0.00207592 -0.00246172 -0.00210363 -0.00114521 -4.87392e-05 3.21968e-05 -0.00164833 5.56588e-06 -0.00597282 0.000209431 0.000306566 -0.000831518 -0.00734122 1.72452e-05 
-0.000185217 -3.84045e-05 1.78254e-05 5.89368e-05 -4.24122e-05 0.000591589 0.00012941 0.00655773 -5.87194e-06 0.000118492 -0.000181913 -0.000645356 -4.0505e-06 -0.00132568 -3.02318e-07 -8.49363e-05 -2.26036e-06 3.80706e-06 -5.16831e-05 8.53653e-05 -2.5602e-05 2.88747e-06 1.45191e-06 -0.000111508 -1.07805e-05 4.74683e-06 -2.95498e-07 -0.000120906 -1.10592e-06 -1.00274e-06 -0.000380701 1.00964e-07 1.77226e-05 0.000420012 -2.96511e-05 0.000132131 -1.09469e-05 1.75531e-05 -2.21319e-06 -5.92593e-05 -0.000476401 4.29258e-05 -2.71777e-05 1.09012e-06 -2.00335e-06 -3.28782e-06 -0.000218785 2.72709e-06 -1.45873e-05 0.00111165 -0.00010502 2.07687e-05 -0.000318482 -5.36343e-06 -0.000181718 4.4876e-05 -8.2659e-05 -5.31407e-05 0.000111462 0.000653435 -7.81297e-05 -1.37091e-07 -5.87648e-07 0.00105076 3.15203e-05 0.000631119 -2.06166e-05 0.000812007 0.000181169 0.000232894 1.7035e-05 -3.31593e-06 3.284e-05 -0.000236239 -9.71817e-05 -8.18099e-07 -7.24958e-06 -0.00112675 0.000418483 3.13289e-06 0.000418924 -0.00134767 -0.00233982 0.000344777 -0.00340133 -8.24901e-06 0.000239102 -0.00101824 -5.06962e-05 0.00226566 0.000708661 1.88654e-06 -0.00110841 1.29663e-07 -0.000259309 -3.1232e-06 -0.000151137 0.000201697 -0.00166965 -1.15349e-06 
2.06169e-05 -6.75076e-06 2.38113e-06 0.000173054 2.58786e-05 0.000200724 0.000969442 -5.87194e-06 0.00323875 0.000216303 -5.36423e-05 0.000768217 -3.86261e-06 0.000318875 -1.53155e-05 0.000365555 3.86412e-06 1.67781e-05 -3.76068e-05 3.36076e-05 1.0174e-05 -8.27424e-07 2.33569e-06 -4.18937e-05 0.000160832 5.64679e-06 2.80408e-06 -8.09485e-05 6.25672e-06 2.15134e-06 -0.000177609 -6.44811e-06 0.000105973 -0.00136879 0.000415433 -3.18015e-05 4.94626e-05 8.78484e-06 1.06121e-05 0.000131773 -4.84824e-05 0.000500977 -1.51125e-05 8.08649e-05 6.5028e-06 6.82899e-07 0.000182643 -4.09434e-06 -4.89273e-06 0.000709559 -0.000384891 5.79718e-05 0.000308306 1.25261e-05 7.08314e-05 2.19991e-05 -3.16419e-05 -1.55991e-05 0.000510108 -7.13488e-05 -3.97841e-05 6.18619e-06 1.85211e-05 -0.00131653 -0.000406373 0.000412598 1.59017e-07 -0.00147789 0.00100372 -0.00146804 0.000170811 -1.73556e-06 5.49976e-05 -0.000247229 -4.33235e-05 1.00657e-05 0.000164608 -0.000905998 -9.66301e-05 -1.94055e-06 0.000110366 0.000984011 -0.000104163 -0.00016022 -0.00119934 2.36635e-05 -8.67891e-05 -0.000155227 -3.71223e-05 0.000353129 2.54026e-06 7.52994e-06 -0.000397933 9.70909e-07 -0.00107881 -3.39568e-07 -0.000132505 -0.000277574 -0.0010123 2.08428e-06 
-0.0448779 -0.00396042 -4.84573e-05 1.38983e-05 -0.00327775 -0.00437582 -0.00207551 0.000118492 0.000216303 0.134112 -0.0277973 -0.0484565 -0.00114558 0.00589637 -0.000411184 -0.00236653 -0.00184565 -8.73658e-05 0.00167103 -0.00215484 -0.00241431 -0.000601303 -1.7586e-05 -0.00911877 -0.00380328 -4.32453e-05 -0.000376514 0.00420597 -4.76367e-05 -0.000207158 -0.0550488 -0.00125653 4.1234e-05 0.0407077 -0.00159846 0.00696774 -0.00015895 -0.00100002 -0.000169794 -0.00599169 -0.0387407 0.000262159 -0.00402705 -0.00161779 -0.000188739 -0.000583151 -0.010369 -0.00104549 -0.00235397 0.0155493 0.00996307 -0.000626076 0.00945957 -0.000511407 -0.00495482 -0.000897658 -0.00504412 -0.00741354 -0.00049822 0.0038011 -0.00362059 -3.59231e-05 -5.84521e-05 0.0590722 0.0187882 -0.00618408 -6.66061e-05 0.0627242 -0.00909713 -0.0201711 -0.000594995 -0.000454933 -0.00130897 0.00462294 0.00324635 3.92868e-05 -0.00419091 0.00340415 0.00651061 -8.69226e-05 -0.0123492 -0.0346265 -0.0311108 -0.00821999 -0.0120605 -0.000568894 0.0236174 0.01446 0.0159623 0.0157676 0.00164031 -4.88547e-05 -0.0315778 -8.03763e-05 0.00631193 -0.000421367 -0.00818526 0.0013788 0.0183179 -0.000123202 
0.0351777 -5.14793e-05 1.09026e-05 -0.000235994 0.00358255 0.00411459 0.00247466 -0.000181913 -5.36423e-05 -0.0277973 0.0565911 0.0362796 0.00070564 -0.0145739 -0.000238278 0.000524391 0.000296514 -4.44419e-06 -0.000864311 -0.000122513 0.000844024 -5.3612e-05 -2.65389e-06 -0.00223203 -0.000200936 -3.28213e-05 0.000192654 -0.00322013 8.0238e-06 0.000190505 0.0278678 0.000337124 5.23193e-05 -0.0241041 0.000661668 -0.00261671 0.000433668 0.00012003 4.62764e-06 -0.00017715 0.0267585 -0.000149468 -0.000274756 -0.000267667 -1.17968e-05 0.0003026 0.000512209 0.000501254 0.00133092 -0.00814157 -0.00393016 -8.52067e-05 -0.00805336 0.000333925 -0.00150549 -0.000249558 -0.000578792 0.00742203 -0.000485271 0.00149028 0.00340055 -1.12157e-05 -2.98988e-06 -0.0239809 -0.0127055 0.0117831 -9.31072e-05 -0.0282016 0.00158321 0.0116158 -0.000116949 0.000173979 0.000110466 0.000863799 -0.00155369 2.48263e-05 -0.000437274 0.00124237 -0.00530532 4.59574e-06 -0.000236656 0.0198889 0.00761087 -0.00310387 -0.00176952 0.000248667 -0.0218006 -0.00967092 -0.0148596 -0.00632168 -0.000768348 5.09855e-05 0.00658932 -3.39505e-06 -0.018358 -3.6502e-05 -0.00244324 -0.00224459 -0.019781 -9.73035e-06 
0.0532831 0.0027199 1.15322e-05 -0.000376443 0.00410183 0.0121179 0.0067965 -0.000645356 0.000768217 -0.0484565 0.0362796 0.11721 0.000982895 -0.00675894 -0.000639221 0.00191199 0.000860458 -2.47341e-05 -0.00209296 0.000682055 0.00123075 -0.000109598 -6.28554e-06 0.01464 -0.000823969 -1.40417e-05 0.000174265 -0.00845315 3.49024e-05 0.000212964 0.0316336 0.00019748 0.000130806 -0.0510394 0.00370119 -0.00621197 0.000455941 6.49987e-05 0.000115174 -0.000934123 0.0354703 -0.000413731 -0.000613461 -0.000635562 -3.13393e-05 0.000288496 0.00663397 0.000395798 0.00196474 -0.0195125 -0.00839156 0.000193855 -0.0152155 0.00042266 -0.00286762 0.000119351 -0.00108206 0.00861835 -0.00073745 -0.00462647 0.00196581 -3.46212e-05 -1.63251e-05 -0.0516463 -0.0112965 0.0199297 -0.000329113 -0.0447611 0.00953717 -0.00225545 -0.00025632 0.000297578 0.000159593 0.00187631 -0.00272049 3.79602e-05 -0.00116077 0.00296429 -0.00948873 1.26627e-05 0.00198045 0.0534782 0.0206049 -0.00903726 -0.007788 0.000347156 -0.0223734 -0.00117321 -0.0172535 -0.0198504 -0.00223717 3.3415e-05 0.00971389 -1.49071e-05 -0.0369468 -0.000111834 -0.00529735 -0.00485161 -0.0357238 -2.56557e-05 
0.000969405 0.000239542 6.5569e-07 1.01774e-05 5.30525e-05 1.55185e-05 0.000223018 -4.0505e-06 -3.86261e-06 -0.00114558 0.00070564 0.000982895 0.00186574 -0.000436163 -3.48143e-06 4.98277e-05 -1.33995e-06 2.831e-07 -2.5612e-05 0.000261834 3.88248e-05 3.49928e-07 5.59059e-07 -8.67611e-05 3.5835e-05 -4.53313e-07 9.96656e-06 -8.7509e-05 1.02958e-05 1.52056e-05 0.000567904 3.1154e-05 4.1803e-06 -0.000901831 1.78947e-05 -9.65962e-05 3.67911e-06 4.44818e-05 5.60791e-06 -1.06125e-05 0.000615237 -6.50206e-06 -4.51428e-06 -5.18089e-06 3.32729e-07 3.23216e-05 -4.18765e-05 3.33553e-05 0.000153874 -0.000238735 -0.000251254 1.12041e-05 -0.000218532 1.03791e-05 3.35662e-05 -9.34527e-06 -1.75272e-05 0.000106203 -1.10805e-05 -3.14893e-06 0.00014564 1.30095e-06 3.78275e-07 -0.000815483 -0.000465823 0.000187099 -1.3595e-06 -0.000909727 0.000215004 0.000358341 -2.75407e-06 7.33073e-06 2.56159e-05 -1.20824e-05 -5.06035e-05 6.20421e-07 -6.93248e-06 -0.000234632 -0.000145549 1.01669e-06 -4.03185e-05 0.000370892 0.000304653 1.65499e-05 2.32416e-05 8.88473e-06 -0.000428974 -0.000310918 -0.000906735 -0.000277914 -2.88865e-05 5.40581e-07 0.000601446 6.89835e-07 -0.000534694 1.67305e-06 -2.05739e-07 -0.000154847 -0.000497914 6.9854e-06 
-0.0121235 0.000510796 -2.23219e-05 -4.82723e-05 -0.00141703 -0.000865577 -0.000917898 -0.00132568 0.000318875 0.00589637 -0.0145739 -0.00675894 -0.000436163 0.122268 -0.00027472 -0.000611969 -0.000386244 -0.000227134 -0.000810017 0.000111071 -0.000430899 -6.5997e-05 -1.47555e-05 0.00508971 -0.000648459 -0.000145476 -0.000225379 -0.00453722 -5.34532e-05 -0.000206442 -0.0160894 -0.000373711 -0.000262052 0.00436716 0.00159517 -0.00469718 -0.000416707 -0.000463541 -4.93396e-05 0.000513721 -0.0204507 0.000339247 0.000302527 0.000214741 2.27104e-05 -0.000370554 0.000536213 -0.00111682 -0.00136099 0.00392942 -0.0113036 -0.000177365 0.00334645 -0.000164151 -0.00791058 -0.000816666 0.000623717 -0.00436003 -0.000845451 -0.0112349 -0.00360419 -4.98052e-05 -5.48801e-05 0.00460736 -0.0309952 -0.00913808 -0.000827882 0.00947237 0.00301444 0.00522821 -0.000206664 -0.00015372 0.000164443 0.00101333 -0.0052286 -0.000174524 0.000646328 0.00535911 -0.0166302 -0.000452799 0.0133493 0.0221866 0.0344761 -0.0152981 0.0302726 -0.000324166 0.0113647 -0.0221863 0.00700912 -0.0195733 -0.0025756 -0.000154721 0.0106864 -7.31744e-05 -0.0270707 -0.000104163 -0.00357397 -0.0311369 0.010363 -2.03707e-05 
-0.000400207 5.33852e-07 1.5543e-06 2.70474e-05 0.000409287 -0.00396261 0.00030621 -3.02318e-07 -1.53155e-05 -0.000411184 -0.000238278 -0.000639221 -3.48143e-06 -0.00027472 0.00628069 1.47802e-05 1.66647e-05 5.94303e-05 0.000366921 0.00020496 2.11522e-05 3.90192e-05 8.45252e-06 -0.000466775 0.000224791 3.92721e-06 -1.5781e-06 0.000627274 7.37232e-05 3.98476e-05 -0.00078956 0.00055188 2.44595e-06 -0.00043074 1.04495e-05 0.001567 5.63048e-05 5.22092e-07 1.27594e-05 0.000357824 -0.000526958 2.41484e-05 0.000181021 5.21876e-05 1.41152e-05 -5.87018e-06 -0.000100831 1.85906e-05 -2.0089e-05 0.000569185 0.00232606 1.56436e-05 0.00155139 6.91341e-06 -0.000160395 5.86013e-05 0.000158005 -2.49775e-05 0.000266038 -4.50804e-05 -4.33314e-05 4.78606e-05 1.61607e-05 0.0011588 0.000798572 -0.000221316 0.000189347 -5.09797e-05 0.000152373 -0.00191872 7.47366e-06 4.86137e-06 6.54135e-05 -0.000413217 0.000457385 0.000139673 0.000581571 -0.00101681 4.5384e-05 4.8739e-06 0.000275643 -0.00295721 0.00133436 -0.000532944 -0.00270623 -5.94568e-06 -0.00082743 -0.000945699 -0.00036353 -0.000480651 2.41339e-06 1.22655e-05 -0.000829594 1.78184e-05 -0.00134367 3.65646e-05 0.000616114 0.000803899 -0.000121921 1.18157e-06 
0.00235348 -6.31991e-05 1.93722e-06 4.08801e-05 -6.3825e-05 0.000574129 0.000209959 -8.49363e-05 0.000365555 -0.00236653 0.000524391 0.00191199 4.98277e-05 -0.000611969 1.47802e-05 0.0141059 0.000155052 4.9706e-05 -3.36146e-05 -5.86499e-05 6.94251e-05 4.86415e-06 -3.75211e-07 0.000812881 -2.82408e-06 9.14511e-08 5.66256e-05 -0.000363117 1.79216e-05 2.8554e-05 0.00350394 6.85403e-05 3.64437e-05 -0.00846068 0.000136155 -7.63773e-05 -2.50827e-05 5.67783e-05 -6.34001e-06 5.43613e-05 0.00370589 2.46414e-05 -9.68086e-05 -4.02889e-05 -1.12077e-06 9.43153e-05 7.12525e-06 0.000321758 0.000143678 -0.00166393 -0.000815966 8.35642e-05 -0.00164091 4.80075e-05 0.000930109 -5.81006e-05 2.47349e-05 0.00119672 -8.76503e-05 -0.000580133 0.000228792 1.33942e-06 9.24462e-07 -0.00520587 -0.00297661 0.000780003 -1.20853e-05 -0.00254597 0.000174741 -0.00228113 -1.45774e-05 2.11382e-05 2.35919e-05 5.51104e-05 0.000209573 6.57181e-05 -0.00015861 -0.000993857 -0.000152458 3.82191e-06 -0.00158145 0.00253944 0.000100579 -0.00104356 0.00258316 1.9458e-05 -0.000805283 0.00321708 -0.00101599 -0.00223235 5.08279e-05 1.95945e-05 0.00325939 1.69481e-06 -0.00173639 -1.48075e-05 -0.000626797 -0.00050811 -0.00403206 -3.42526e-07 
0.000443139 6.79982e-05 4.03584e-07 -9.55051e-06 8.46952e-05 -3.21433e-05 0.000124876 -2.26036e-06 3.86412e-06 -0.00184565 0.000296514 0.000860458 -1.33995e-06 -0.000386244 1.66647e-05 0.000155052 0.00269491 8.61774e-06 -2.73939e-05 7.37112e-05 0.000105138 9.99808e-06 1.55797e-06 0.000786471 -1.49652e-05 1.02175e-06 1.34085e-05 0.000290498 -8.11957e-07 7.62451e-06 0.000541784 4.79045e-05 6.37301e-06 -0.000772115 4.95569e-05 -4.33984e-05 5.136e-05 -4.60223e-06 6.44144e-05 0.000230156 0.000283258 -3.00606e-07 2.28234e-05 9.57403e-06 1.22438e-06 2.10151e-06 0.000300689 4.25757e-05 6.0037e-06 -0.000326238 -1.29804e-05 1.27625e-05 -0.000390016 2.86051e-05 5.90082e-05 4.54366e-05 1.24591e-05 0.000213004 -8.97699e-06 -9.39327e-05 2.56945e-05 2.13279e-06 1.7581e-06 -0.00148118 0.000144252 8.45726e-05 2.40968e-05 -0.00152549 0.000290285 -0.000994198 -4.57395e-06 1.28289e-05 2.93737e-05 -3.18541e-05 -1.10957e-05 1.34078e-06 1.31482e-05 -0.000225527 7.41186e-06 2.2666e-05 1.30937e-05 0.000628041 0.000117679 -4.16821e-05 -0.000194698 2.77458e-05 -0.00045833 0.000131538 -0.000389129 -0.000372726 -4.15779e-05 8.39503e-06 -0.000307573 4.42246e-05 -0.000169078 3.31305e-06 0.000282254 0.000326344 -0.00010017 1.91647e-06 
1.21006e-05 -2.10619e-06 8.53974e-07 1.07223e-05 1.18111e-05 -0.000193716 1.58456e-05 3.80706e-06 1.67781e-05 -8.73658e-05 -4.44419e-06 -2.47341e-05 2.831e-07 -0.000227134 5.94303e-05 4.9706e-05 8.61774e-06 0.000478404 7.6104e-05 2.10558e-05 1.72251e-05 1.20055e-05 1.115e-05 -3.40465e-05 2.5691e-05 4.12414e-05 1.71573e-05 7.41598e-05 9.97419e-06 2.56379e-06 -3.17061e-05 3.56605e-05 3.23327e-06 -0.000220973 1.43512e-05 0.000126316 9.13276e-08 1.83389e-05 8.45227e-06 7.83472e-05 -3.29717e-06 4.21575e-06 5.67511e-05 5.19064e-05 2.33252e-06 9.69492e-06 -3.53167e-06 1.16084e-05 9.69372e-06 0.000150255 0.000146319 1.40555e-05 -4.47272e-05 8.77957e-06 7.5244e-05 3.62193e-06 7.6953e-05 1.14514e-05 9.92988e-05 3.48869e-06 2.19215e-06 8.24119e-06 5.32607e-05 -8.69469e-05 -8.14372e-05 6.60929e-05 1.39298e-05 -2.81612e-05 3.05785e-05 -0.000264745 0.000119913 1.20617e-06 3.44199e-05 -0.000178299 7.17475e-05 4.96024e-05 4.73788e-05 -0.000272423 -2.12775e-05 4.31381e-06 -1.75071e-05 -8.84862e-05 -0.000108828 -3.86852e-05 -0.000183106 3.44621e-06 -0.000229461 9.32078e-06 -8.95922e-05 7.90676e-05 8.0602e-05 8.93196e-06 -3.65315e-05 1.17322e-05 -0.000133619 1.22805e-05 0.000111359 2.74999e-05 -0.000111345 3.96769e-06 
-0.00113077 -6.92036e-05 -1.63977e-06 0.000327708 -7.44653e-05 -0.00100754 0.000406147 -5.16831e-05 -3.76068e-05 0.00167103 -0.000864311 -0.00209296 -2.5612e-05 -0.000810017 0.000366921 -3.36146e-05 -2.73939e-05 7.6104e-05 0.0165166 1.64548e-05 0.000101193 0.000106621 4.5224e-06 -0.000648753 2.6035e-05 0.000105034 -2.56472e-06 0.00015726 -3.48377e-06 -4.00728e-06 -0.00203355 -1.04107e-05 6.10238e-05 0.00156722 -6.11923e-05 0.00238175 2.82901e-05 -1.55574e-05 -1.87147e-06 0.000450763 -0.00102513 4.97221e-05 0.000270019 0.000385677 9.24156e-07 -7.48793e-06 0.00110131 -1.2221e-05 -4.44025e-05 0.00263931 0.00468507 9.92811e-05 -0.000873665 3.14113e-05 6.91258e-06 9.01032e-05 0.000441864 -0.000180209 0.000239131 0.000334804 -8.33669e-05 5.22718e-06 4.11227e-05 -0.00031146 -0.00134082 -0.000461366 2.84594e-05 0.00143811 -0.000127147 -0.0106231 0.000440585 -1.15783e-06 0.000246219 -0.00154522 0.000796081 6.01066e-05 -4.79443e-05 -0.000996295 0.00081955 -5.20134e-06 0.00013959 -0.00382484 -0.0052019 -0.00128508 -0.00539526 -2.03513e-05 -0.00034407 -0.000643571 0.000307003 0.00386692 0.00198221 6.49846e-07 -0.00122788 2.60892e-05 -0.00362536 0.000324186 0.00220692 -0.00100944 0.00178157 1.53764e-05 
0.00100316 0.000286031 1.89647e-05 0.000152205 0.000119378 -0.000849176 0.00124268 8.53653e-05 3.36076e-05 -0.00215484 -0.000122513 0.000682055 0.000261834 0.000111071 0.00020496 -5.86499e-05 7.37112e-05 2.10558e-05 1.64548e-05 0.00682369 0.000281507 6.07791e-05 4.41887e-06 0.000178192 0.000401855 -2.1162e-06 9.90268e-05 -8.68475e-05 -1.26832e-05 9.67328e-06 0.000451467 0.000810567 8.03242e-05 -0.00156635 3.13396e-05 -0.000209469 8.87986e-05 7.65123e-05 0.00012063 0.000623436 0.000108145 9.10273e-06 0.000359384 3.9962e-05 3.66593e-05 3.58853e-05 -0.00030869 4.45731e-06 -3.30889e-06 0.000709061 -0.000762502 2.69805e-05 -0.000406717 1.4419e-05 0.000408412 7.54808e-07 0.000468317 1.00058e-05 0.000393148 -0.000221261 2.59639e-05 4.98797e-05 1.24501e-06 -0.00215102 -8.02965e-05 -0.000317918 -1.82366e-05 -0.00219825 0.00224451 -0.00250439 3.95744e-05 1.33862e-06 0.000653166 -6.63983e-05 9.7965e-05 2.76074e-05 0.000293767 -0.00228326 1.46504e-05 -1.23104e-09 0.00135101 0.000944978 0.000299613 -0.000539476 -0.0020714 6.77e-05 -0.00101975 -0.000533448 -0.000909079 -0.000231343 4.2659e-06 1.59956e-06 0.000891876 1.43866e-05 -0.00189497 7.3069e-06 0.00189833 -0.000371677 -0.00209898 4.48372e-05 
0.0013059 5.42233e-05 7.84002e-06 -6.2341e-06 3.81523e-05 -0.00130823 6.0182e-05 -2.5602e-05 1.0174e-05 -0.00241431 0.000844024 0.00123075 3.88248e-05 -0.000430899 2.11522e-05 6.94251e-05 0.000105138 1.72251e-05 0.000101193 0.000281507 0.00468429 9.8288e-05 1.25616e-05 3.04297e-05 0.000135473 3.82924e-05 1.91194e-05 -0.000337364 1.1178e-05 1.42569e-05 0.00103886 0.000379422 -3.15213e-06 -0.00237395 -3.95947e-05 -0.000257001 1.74113e-05 0.000224825 4.06049e-05 0.00176948 0.00194966 -1.49261e-05 0.00166982 0.00084025 2.22606e-05 0.000212421 0.000232543 5.13456e-05 0.000159183 0.000524371 -0.00075106 2.58666e-05 -0.000482264 0.000150247 0.000716093 4.91738e-05 0.00185539 0.000398227 9.42225e-05 -0.000182601 -3.55504e-06 -9.07912e-07 2.18415e-05 -0.00236187 -0.00131815 0.00017023 0.00013741 -0.00271692 0.00106829 -0.0010474 0.000223164 8.67562e-06 0.000513952 -0.00125376 -8.50929e-05 -6.03931e-07 0.000611149 -0.00175056 -0.000275419 1.3121e-05 0.00158621 0.00100014 -0.00110026 -0.000365928 -0.00149763 2.96576e-06 -0.0023366 -0.000348813 -0.00101713 -0.000538174 -4.49875e-05 3.76429e-06 0.00256702 6.98417e-07 -0.00130889 2.02119e-05 0.000243121 -0.000389899 -0.00151862 6.51027e-05 
-5.43103e-05 1.60681e-05 1.66499e-06 6.18847e-05 -4.69039e-06 -0.000601076 0.000129296 2.88747e-06 -8.27424e-07 -0.000601303 -5.3612e-05 -0.000109598 3.49928e-07 -6.5997e-05 3.90192e-05 4.86415e-06 9.99808e-06 1.20055e-05 0.000106621 6.07791e-05 9.8288e-05 0.00110147 1.6103e-06 -9.03793e-05 1.69779e-05 1.13786e-05 9.46414e-06 -7.67108e-05 -1.95205e-06 2.95046e-06 -0.000133436 0.000166537 6.49389e-06 7.8264e-05 2.92735e-05 -3.15643e-05 6.28167e-06 1.12192e-05 1.12498e-05 0.000604273 -4.84224e-05 6.93341e-06 0.000496532 0.000325971 6.51654e-05 3.79728e-06 6.92007e-06 3.72811e-06 5.62821e-07 0.000197808 0.000128949 3.78477e-05 2.38377e-05 -1.00278e-06 0.000548578 7.54154e-05 0.000641471 -2.91028e-06 4.86663e-05 -3.98416e-05 7.90551e-07 1.92639e-06 1.83347e-05 -0.00051322 -8.92336e-05 -4.65069e-05 2.18468e-05 -0.000539573 0.000325192 -0.000494226 0.000125364 2.4526e-06 9.83166e-05 -0.000659496 3.14065e-05 -4.20875e-07 0.000354707 -0.000990024 0.00023615 1.53728e-06 0.000675434 -0.000413341 -0.000416782 -2.95186e-05 -0.000518774 1.57649e-06 -0.000638713 -0.000135003 -4.07842e-05 -7.78735e-05 1.17896e-05 3.18965e-06 3.69685e-05 1.39361e-05 -0.000177777 0.000142392 0.000585408 0.000191339 -0.000404032 9.52177e-06 
-2.31057e-06 3.49657e-07 -1.15988e-08 3.23977e-06 3.81329e-06 -5.41696e-05 4.8023e-06 1.45191e-06 2.33569e-06 -1.7586e-05 -2.65389e-06 -6.28554e-06 5.59059e-07 -1.47555e-05 8.45252e-06 -3.75211e-07 1.55797e-06 1.115e-05 4.5224e-06 4.41887e-06 1.25616e-05 1.6103e-06 8.13378e-05 -5.5098e-07 7.38911e-06 1.66527e-06 4.91976e-06 6.18383e-06 1.52667e-06 1.02485e-06 -5.61094e-06 2.02079e-06 2.68953e-07 -1.59704e-05 -6.78714e-08 4.83031e-06 -2.02077e-07 8.63767e-06 2.58236e-06 1.07241e-05 1.10748e-05 4.88992e-07 1.3495e-05 6.96131e-06 5.30915e-08 7.4825e-06 -1.72658e-06 -1.98743e-07 2.61337e-08 2.92405e-05 3.71822e-06 9.71477e-08 3.43492e-06 2.44634e-06 9.47167e-06 -2.30457e-07 2.19152e-05 1.86968e-07 3.40691e-06 -3.44316e-06 3.28758e-06 1.04156e-06 1.643e-06 -1.41507e-05 3.70506e-06 1.12674e-08 3.38215e-06 -2.03948e-05 1.3442e-05 -5.76402e-06 1.2912e-05 -7.07082e-08 2.01772e-06 -2.77662e-05 1.5803e-06 2.67187e-06 5.48649e-06 -3.79353e-05 1.29925e-06 9.2725e-07 7.83413e-06 -3.16611e-05 -1.36717e-05 1.33023e-05 -3.23443e-05 6.2723e-07 -3.29833e-05 -1.21981e-05 -1.57712e-05 -7.91337e-06 7.69352e-06 1.99328e-07 3.065e-06 6.90371e-07 3.47169e-07 1.9905e-06 4.46367e-06 -2.86368e-06 -1.93934e-05 -2.62625e-08 
1.92915e-05 0.00198294 -4.01378e-06 -0.000265425 -0.000264799 0.00533721 0.000268094 -0.000111508 -4.18937e-05 -0.00911877 -0.00223203 0.01464 -8.67611e-05 0.00508971 -0.000466775 0.000812881 0.000786471 -3.40465e-05 -0.000648753 0.000178192 3.04297e-05 -9.03793e-05 -5.5098e-07 0.0837651 0.000250447 -1.94558e-05 -2.84355e-05 -0.00412553 -0.000100459 -2.11309e-05 0.00519702 -0.000365543 0.000171053 -0.0181082 0.00316381 -0.00256411 0.000115611 -2.20739e-05 -4.44138e-06 -0.00108855 -0.00024536 -0.000204249 -0.000650165 -0.00042506 -2.20496e-05 -5.45573e-05 -0.0012546 -0.000183263 -0.00013164 -0.00476985 -0.00443052 0.000817489 0.000254789 5.72076e-05 -0.00207791 -5.14248e-05 -0.00100242 -0.000376352 -0.000621684 -0.00368235 -0.00113663 3.90898e-05 -4.28707e-06 -0.0192596 -0.00136173 -0.00389146 -0.000238806 -0.0103705 -0.000187566 -0.00571603 -0.000110952 4.33187e-05 -0.000305967 0.00134061 -0.00119237 2.60463e-05 -0.000163739 0.00259953 -0.00507751 -2.87874e-05 -0.00807184 0.0245326 0.00349134 -0.00752039 0.00187106 -3.59949e-05 0.00121173 0.0150841 -0.000643307 -0.010855 -0.00115555 -4.26083e-06 -0.0155098 -6.29067e-06 -0.00296158 -9.45911e-05 -0.00240686 -0.00564887 -0.00921343 -6.44895e-06 
-0.000245046 9.06139e-06 -8.76034e-07 -4.12738e-05 -7.58191e-05 -0.000776034 0.000485223 -1.07805e-05 0.000160832 -0.00380328 -0.000200936 -0.000823969 3.5835e-05 -0.000648459 0.000224791 -2.82408e-06 -1.49652e-05 2.5691e-05 2.6035e-05 0.000401855 0.000135473 1.69779e-05 7.38911e-06 0.000250447 0.0174392 -3.03798e-06 8.66398e-05 1.56696e-05 9.07245e-05 2.20876e-05 -0.000290395 0.000455741 -3.29377e-05 -0.000406585 3.92982e-05 -0.000293047 1.54383e-06 0.000252736 3.72428e-06 0.000590832 -1.49399e-05 1.87108e-06 0.0002525 -3.16804e-06 1.14008e-05 6.88371e-05 -0.000763419 0.000150177 -3.98421e-05 -0.00101724 0.000816323 0.000176828 0.00558796 3.78281e-05 0.00114836 -1.56538e-05 0.000673425 0.000101151 0.000150033 -0.000771101 -6.73579e-05 5.95878e-05 1.46557e-05 -0.00276144 0.0026382 -0.00045628 7.27808e-05 -0.00286154 0.000388145 -0.00393745 7.51263e-05 1.8267e-05 4.81227e-05 -0.000118672 -0.000311377 4.12011e-05 0.000254379 -0.00118715 -0.000904489 6.2727e-07 0.00230925 -0.00338447 0.00115263 0.00029785 -0.00310164 -1.13006e-05 -0.00148194 -0.00162434 -0.000650021 -0.00218578 -8.95822e-05 3.90253e-05 -0.00173056 3.15382e-06 0.00160798 1.57714e-05 0.000531799 -0.000292042 -0.0021077 3.76234e-05 
-3.40508e-05 -7.57657e-07 7.30762e-07 2.75474e-05 -3.54839e-06 -0.000212348 1.22043e-05 4.74683e-06 5.64679e-06 -4.32453e-05 -3.28213e-05 -1.40417e-05 -4.53313e-07 -0.000145476 3.92721e-06 9.14511e-08 1.02175e-06 4.12414e-05 0.000105034 -2.1162e-06 3.82924e-05 1.13786e-05 1.66527e-06 -1.94558e-05 -3.03798e-06 0.000563182 3.38617e-06 -2.01487e-05 2.82477e-06 1.64287e-06 -5.03039e-05 1.92777e-06 2.63522e-06 -9.82742e-05 3.32589e-05 9.908e-05 2.00176e-06 2.42316e-06 1.18509e-06 7.68708e-05 -3.20134e-05 8.7019e-06 8.18199e-05 0.000116805 1.28455e-06 -2.71151e-07 0.000112964 1.58899e-05 7.50607e-06 0.00011575 9.20487e-05 1.15574e-05 -6.968e-05 7.43401e-07 6.80305e-05 2.76899e-06 0.000109765 -4.85863e-06 4.32052e-05 -6.50486e-06 -6.52977e-06 1.67055e-06 2.15027e-05 -7.96064e-05 -0.000107952 7.7126e-06 6.4537e-06 -2.64265e-05 4.9586e-05 -0.000349649 6.22293e-05 4.88796e-06 5.06645e-05 -0.00016941 0.000165902 6.92814e-06 1.6403e-06 -0.000231765 -1.80618e-05 4.88331e-06 3.96599e-05 -7.96016e-05 -9.45996e-05 -4.80234e-05 -0.000113156 1.67407e-07 -0.000149265 4.30509e-05 6.78133e-06 4.44987e-05 2.56346e-05 3.96962e-07 3.43794e-05 1.66663e-06 -0.00017388 7.34305e-06 7.68113e-05 2.93097e-05 -8.641e-05 1.19585e-06 
0.00023184 1.48997e-05 1.62221e-07 7.81692e-07 1.54349e-05 -0.000158375 7.75476e-05 -2.95498e-07 2.80408e-06 -0.000376514 0.000192654 0.000174265 9.96656e-06 -0.000225379 -1.5781e-06 5.66256e-05 1.34085e-05 1.71573e-05 -2.56472e-06 9.90268e-05 1.91194e-05 9.46414e-06 4.91976e-06 -2.84355e-05 8.66398e-05 3.38617e-06 0.000576312 -5.67901e-06 6.53402e-06 1.51568e-06 0.000284335 0.000116358 3.23258e-05 -0.000309446 1.70512e-05 1.82508e-06 2.26322e-05 0.000114256 2.38216e-05 0.000139042 0.000315701 1.3943e-06 1.90443e-05 1.52451e-06 1.22028e-05 3.43912e-05 9.75707e-05 2.76245e-05 8.37685e-06 -6.84146e-05 -5.26922e-05 1.36336e-05 -7.64754e-05 1.80258e-05 1.14021e-05 -2.0816e-06 0.000108486 0.000102501 -1.09897e-06 -8.51273e-06 3.20467e-05 1.68665e-05 1.02109e-06 -0.000352192 -0.000158928 -7.8643e-06 1.1579e-06 -0.000363679 1.55753e-05 -0.000107938 2.54581e-05 9.54311e-07 0.000119832 -2.86185e-05 -9.86119e-06 1.93291e-06 2.69528e-05 -0.000200372 6.81987e-06 3.9737e-07 0.000148036 4.86132e-05 -0.000115683 -3.29386e-05 -8.38107e-05 2.70043e-06 -0.000370938 -7.51313e-05 -0.000278858 -8.27485e-05 -9.25931e-06 4.37104e-06 0.000303542 6.75396e-06 -0.000172927 9.56621e-06 4.65021e-05 -3.50724e-05 -0.000168676 1.59472e-05 
-0.00541847 -8.88617e-05 -8.05751e-06 -0.000113546 -1.73669e-05 -0.00983623 0.00132086 -0.000120906 -8.09485e-05 0.00420597 -0.00322013 -0.00845315 -8.7509e-05 -0.00453722 0.000627274 -0.000363117 0.000290498 7.41598e-05 0.00015726 -8.68475e-05 -0.000337364 -7.67108e-05 6.18383e-06 -0.00412553 1.56696e-05 -2.01487e-05 -5.67901e-06 0.0708095 0.000153888 -1.19022e-05 -0.00659877 0.000313193 8.37773e-05 0.00821099 -0.000816402 0.0123543 -0.00016359 -9.14229e-05 0.000146937 -0.000118824 -0.00619048 -1.01441e-06 -0.000464865 2.43002e-06 -1.49629e-05 -5.96565e-07 -0.00021709 -3.89543e-06 -0.000174857 -0.00524643 0.015541 7.16963e-05 -0.0070086 2.7162e-05 -0.0013335 0.000315098 -0.000441972 -0.000856872 -0.000596538 -0.00312036 0.000392964 3.84784e-05 6.66069e-06 -0.002372 -0.00579951 0.000544304 1.15888e-05 0.00122972 -0.000840244 -0.000663513 -9.00792e-05 -4.41855e-05 -0.000141098 0.000669997 -0.0013506 6.93675e-05 -0.000781713 0.0010072 -0.00327372 -1.07482e-05 -0.00264944 -0.0149793 -0.0161498 -0.000356436 0.00712451 9.27063e-05 0.00133035 -0.00506832 0.000381768 -0.00839947 -0.000543609 1.61046e-05 -0.00312372 4.57215e-05 0.00930891 8.371e-05 -0.000274044 0.00410604 -0.00379235 -1.33046e-05 
2.97705e-05 -5.77982e-08 4.40493e-07 -1.24631e-06 7.52966e-05 -0.000389487 4.49665e-05 -1.10592e-06 6.25672e-06 -4.76367e-05 8.0238e-06 3.49024e-05 1.02958e-05 -5.34532e-05 7.37232e-05 1.79216e-05 -8.11957e-07 9.97419e-06 -3.48377e-06 -1.26832e-05 1.1178e-05 -1.95205e-06 1.52667e-06 -0.000100459 9.07245e-05 2.82477e-06 6.53402e-06 0.000153888 0.00266997 3.44509e-06 3.56119e-06 -1.23936e-05 -2.12326e-06 -0.000273347 -8.45492e-06 0.000109454 1.62517e-07 8.82818e-06 -2.38218e-07 4.86818e-06 9.31686e-05 3.92092e-06 2.29877e-05 5.25029e-06 -3.56895e-07 3.8531e-06 -0.000105178 4.53695e-06 2.03796e-05 -3.08654e-05 5.06212e-05 -3.78103e-06 0.000115517 3.54992e-06 -5.98129e-05 -3.65888e-06 1.5756e-05 0.000115989 -8.68035e-06 8.77976e-05 4.01191e-06 -4.37245e-07 2.45429e-06 -2.636e-05 -0.000394747 -1.71628e-05 0.000103473 1.78656e-05 6.07719e-05 0.000139433 3.53271e-06 -2.27153e-06 9.07619e-06 -1.15969e-05 -6.636e-05 2.9751e-06 2.19846e-05 -4.82171e-05 -0.00014855 -7.85138e-07 -0.000224359 -0.000567433 0.000430037 -0.000204846 -0.00045633 -3.22236e-06 -0.000163716 -0.000161839 -0.000226023 0.000109025 -3.5311e-05 -6.31242e-07 0.000109125 8.1642e-07 -0.000372131 -1.96856e-06 -9.58775e-05 5.19365e-05 -0.000636603 -3.30994e-07 
0.000190118 -1.77985e-06 3.46181e-07 -5.72544e-08 2.51127e-05 -0.000105824 2.55363e-05 -1.00274e-06 2.15134e-06 -0.000207158 0.000190505 0.000212964 1.52056e-05 -0.000206442 3.98476e-05 2.8554e-05 7.62451e-06 2.56379e-06 -4.00728e-06 9.67328e-06 1.42569e-05 2.95046e-06 1.02485e-06 -2.11309e-05 2.20876e-05 1.64287e-06 1.51568e-06 -1.19022e-05 3.44509e-06 0.000377302 0.00017397 8.96749e-06 4.84366e-07 -0.000209694 -3.21767e-06 -5.19172e-06 2.11815e-05 8.0722e-07 2.35416e-06 1.44688e-05 0.000195651 5.72008e-07 6.72594e-06 2.10491e-06 1.36323e-06 6.4678e-07 1.05854e-06 2.14449e-06 4.02301e-06 -4.49842e-05 -6.1387e-06 4.16532e-07 -1.81742e-05 6.05988e-06 9.41474e-05 -2.28758e-06 9.13005e-06 0.000133449 -2.19513e-06 -9.48857e-06 6.35751e-05 3.40575e-06 1.34572e-06 -0.000202117 -3.18739e-05 8.16575e-05 8.40293e-06 -0.000220486 2.43063e-05 3.76688e-05 -3.59236e-08 2.8302e-07 7.67862e-06 -3.97204e-06 7.82648e-07 1.7529e-05 8.10301e-06 -0.000102718 -3.60587e-05 4.21104e-07 -2.91829e-05 5.67268e-06 9.24895e-05 -2.8169e-05 5.1936e-05 6.30779e-07 -0.000271592 -5.8829e-05 -0.000169038 -6.37204e-05 -4.31506e-06 1.59926e-08 2.29132e-05 2.55319e-07 -0.000100612 7.22117e-07 3.07436e-05 -1.57009e-05 -0.000115477 -1.2186e-07 
0.043142 -6.64957e-06 1.49677e-05 -0.000503189 0.00185185 0.00877868 0.00121244 -0.000380701 -0.000177609 -0.0550488 0.0278678 0.0316336 0.000567904 -0.0160894 -0.00078956 0.00350394 0.000541784 -3.17061e-05 -0.00203355 0.000451467 0.00103886 -0.000133436 -5.61094e-06 0.00519702 -0.000290395 -5.03039e-05 0.000284335 -0.00659877 3.56119e-06 0.00017397 0.119123 -0.00127191 -0.000191556 -0.0442493 -9.89267e-05 -0.00684169 7.24368e-06 0.000477214 -6.36923e-06 -0.000881592 0.0485299 -0.000369107 -0.000743488 -0.000614897 -3.28721e-05 0.000480032 0.00164447 0.000500839 0.00209544 -0.0189809 -0.0180998 -0.000168827 -0.019097 0.000404623 0.00415077 -0.000575712 -0.000433212 0.0102993 -0.00112648 -0.00563084 0.00319515 -1.58341e-05 -1.34806e-05 -0.0530361 -0.0228489 0.00970766 -0.000263329 -0.0576667 4.85184e-05 0.0293944 -0.000235567 0.000103877 0.000162805 0.00152421 -0.0035047 -3.87662e-05 -0.00156671 0.00212416 -0.0123616 -2.15514e-05 -0.00866676 0.0350672 0.0152492 -0.00159944 0.0242039 0.000395796 -0.0188634 -0.0029666 -0.0154732 -0.0202425 -0.00181171 3.08847e-05 0.0319395 -1.36634e-05 -0.0077024 -0.000110155 -0.00403055 -0.00137642 -0.0311066 -3.2984e-05 
5.14262e-05 -1.54656e-05 2.06131e-06 3.13578e-05 0.000181687 -0.00292324 1.80162e-05 1.00964e-07 -6.44811e-06 -0.00125653 0.000337124 0.00019748 3.1154e-05 -0.000373711 0.00055188 6.85403e-05 4.79045e-05 3.56605e-05 -1.04107e-05 0.000810567 0.000379422 0.000166537 2.02079e-06 -0.000365543 0.000455741 1.92777e-06 0.000116358 0.000313193 -1.23936e-05 8.96749e-06 -0.00127191 0.011893 0.000170075 -1.19104e-06 0.000276536 -0.000123462 0.000178485 7.62003e-05 5.43358e-05 0.00114173 -0.000206679 0.00013592 0.000614064 0.000186603 0.000139636 5.22553e-05 4.90252e-05 0.000136733 -2.64279e-05 0.00210189 -0.000980284 3.30799e-05 0.0018139 4.64815e-05 0.00060346 0.000169333 0.0011067 -8.58899e-05 0.000135588 -0.000194018 1.43391e-06 8.50186e-05 1.60303e-05 -0.000341912 0.00204994 -0.000597707 -1.29152e-05 -0.00237644 0.00146529 -0.00352848 3.17549e-05 2.3806e-06 0.000778417 -0.000418773 0.00125227 3.73591e-05 0.00188633 -0.00220596 0.000743889 7.28115e-05 0.00134575 -0.00318032 -0.00356988 -7.7194e-05 -0.00526582 3.38986e-05 -0.00145961 -0.000201247 -0.00189476 0.00104456 6.0738e-05 1.43423e-06 -0.000366123 5.28417e-05 -0.00258358 4.38419e-06 0.000828057 -0.000232251 -0.000583728 3.16024e-05 
-3.11164e-05 -5.20065e-06 7.47678e-07 0.000199751 1.40164e-05 0.000209584 3.966e-05 1.77226e-05 0.000105973 4.1234e-05 5.23193e-05 0.000130806 4.1803e-06 -0.000262052 2.44595e-06 3.64437e-05 6.37301e-06 3.23327e-06 6.10238e-05 8.03242e-05 -3.15213e-06 6.49389e-06 2.68953e-07 0.000171053 -3.29377e-05 2.63522e-06 3.23258e-05 8.37773e-05 -2.12326e-06 4.84366e-07 -0.000191556 0.000170075 0.00323957 -0.00016187 0.000296678 0.000227274 7.21586e-06 -2.01725e-06 4.48869e-06 -2.82758e-05 -0.000123127 3.09632e-06 -2.08075e-05 -1.04838e-05 2.11366e-06 2.20416e-06 0.000295632 -3.31858e-06 -6.37372e-06 0.000288129 -0.000133384 3.09814e-05 0.00029435 -2.65277e-06 4.21011e-05 4.83939e-05 -2.35975e-05 -2.91447e-05 0.000258056 -0.000108525 -1.44745e-05 9.56371e-06 3.13199e-06 -0.000667818 -0.000168974 -0.000204903 -8.92197e-06 2.34038e-05 -3.32815e-05 -0.00110295 1.02871e-05 1.23193e-05 5.68157e-05 -6.16828e-05 0.000112908 1.61098e-05 4.43863e-05 -0.000824267 0.000158388 2.41449e-06 0.000172804 0.000372507 -0.000457738 -0.000197288 -0.00146138 3.68732e-05 -1.08832e-05 0.000173657 -6.58521e-06 0.000252853 -5.95173e-06 -5.36954e-07 -0.000135332 4.43748e-06 -0.000714446 3.70212e-07 4.20311e-05 -0.000111298 -0.000650356 2.28401e-06 
