0.185752 0.0119216 0.000104028 0.000267546 0.0068697 -0.00208026 0.00034085 -0.00592262 0.000674683 -0.0310961 -0.00122659 0.00355338 0.00509436 -0.000411855 -0.0203998 0.00452199 0.00126942 0.00135611 0.000761596 0.0012558 0.000851265 0.0236619 -0.0861581 0.0110761 -0.00657525 0.00320578 -0.00347739 -0.0122812 -0.0115676 0.00120978 -0.0014784 0.0113002 -0.0633763 -0.000467863 0.00576864 0.0220866 -0.00468603 0.0137991 -0.000104911 0.0218574 0.000179783 0.00407779 -0.0235563 0.000216391 -0.000278932 -0.0176432 -0.00887841 -0.00121652 6.07903e-05 0.00812324 -0.0104321 0.000742326 0.00152252 -0.0123639 -0.0094948 -0.00258669 -0.00240264 0.00775476 0.0115106 0.00220638 -0.00851891 0.0221479 -0.00509407 -0.0223252 -0.000511642 0.00253417 -0.012782 0.0047564 -0.00109602 0.000297978 -0.00464888 -0.00104716 0.00145832 0.00253089 -0.0115954 0.0427448 8.66468e-05 -0.00803159 0.00130563 0.0120566 -0.00406412 0.00015134 -0.0262758 -0.00224206 1.3547e-05 0.0276511 0.00112374 -0.053947 0.0507479 0.000331197 -0.0147977 -0.0234323 0.0128226 -0.0210993 -0.00234242 0.000724635 0.00768051 -0.00292691 0.00134714 -0.000525403 
0.0119216 0.0321194 0.00037275 -9.0979e-05 0.00155625 7.08011e-05 0.00030216 0.000491985 0.000463649 -0.00298456 0.00121153 0.00263519 0.000744456 -1.53578e-05 -0.00698707 -0.0104985 0.00139791 -0.000140559 5.37767e-06 -0.0184346 0.000970865 -0.0109244 -0.00205828 -0.000631173 -0.000552817 -0.00129036 0.00361281 -0.0157929 0.00688249 0.000728961 0.000130582 0.00342713 -0.0108996 -3.62722e-05 -0.00056279 -0.00109796 -0.000595543 -0.00239525 -0.000142662 -0.00792554 -0.000323423 -0.00395563 -0.00283774 -0.000430071 0.00010058 -0.00421625 -0.00244426 0.00108332 -0.000100951 -0.00147699 -0.00275977 -0.000579539 -0.000374276 0.00151796 -0.0165295 -0.00116769 0.00112863 0.01494 -0.000617913 -0.00884273 -0.0015945 -0.000796972 -0.00010627 -0.00429723 0.000758591 -0.000141457 -0.00305952 0.0129315 0.000702975 -0.000356639 0.0168712 0.00838305 0.00619863 -0.00147818 0.000276062 -0.0114332 -0.00498951 0.00121175 0.00127254 0.000798748 -0.00132575 -0.000129902 -0.00526285 -0.000219301 0.000131544 -0.00161802 0.00062751 -0.0109383 0.000710953 0.000419235 0.00118176 -0.000803244 0.0126758 0.00406982 -0.000178858 7.4844e-05 0.0157519 -0.000330811 0.0145906 0.00231923 
0.000104028 0.00037275 0.00408191 -5.53392e-06 0.000346389 -3.16323e-05 1.83384e-05 0.000114683 2.57288e-05 -0.000492953 6.79774e-05 5.75592e-05 0.000186896 3.94634e-05 0.00129675 0.000344515 1.90285e-05 5.60816e-05 1.4729e-05 -0.00059143 -4.33908e-06 -0.0011591 0.000412418 -1.82181e-05 -1.06705e-06 -3.03963e-05 0.00211889 -0.000986491 0.00216197 2.81e-05 -6.88321e-05 0.000576541 -0.00155447 -2.20271e-06 0.000307294 5.77104e-05 -0.000113032 -5.29253e-05 -2.13308e-05 0.00146442 -2.686e-05 -0.000700231 -0.000592429 -4.0429e-05 0.000148001 -0.000475153 4.23936e-05 4.18503e-05 0.000108541 -0.000120943 -0.000473903 -0.000108594 -3.74642e-05 0.00199819 -0.00288619 -0.000104386 4.62886e-05 0.0026065 7.00361e-06 -0.00153111 -0.00131607 0.000218688 1.81205e-05 -0.000666812 -4.20871e-05 3.77647e-05 -0.000289798 -0.000102426 -2.75312e-05 -0.000204409 0.00114028 0.000193533 -0.000136986 -0.00018503 4.97811e-05 -0.00167932 -0.000220506 -6.62618e-05 -4.79305e-05 -0.00014601 -0.000157627 0.000153185 0.000413591 -5.13834e-05 -1.58839e-06 0.00176931 2.43322e-05 -0.00150515 -0.000526329 2.51223e-05 -0.000304831 -0.00158138 -0.000149626 -0.00224949 -3.12163e-05 0.000678488 -0.000239783 3.63596e-05 1.6703e-05 0.000113018 
0.000267546 -9.0979e-05 -5.53392e-06 0.0103918 0.0011146 8.22633e-05 3.15887e-05 -0.000192139 0.00101908 -0.00210663 -2.82563e-05 0.000395274 0.000786698 -3.93236e-05 -0.00214321 0.0025426 -6.67508e-05 0.00010705 -9.83166e-06 0.00107173 -5.0311e-05 -0.0037802 -0.00121562 0.0017722 5.37444e-05 0.00126617 -0.000262033 0.00083002 -0.000116161 4.6697e-05 -8.77124e-05 -0.000109343 0.00168505 -2.32651e-05 0.000282083 -0.000388294 0.000124987 0.00247099 9.82543e-05 -0.00303994 -6.28675e-06 -0.00181356 0.00246932 -2.46711e-05 0.000139224 0.00149901 -0.000719388 -6.11848e-05 -2.29401e-05 0.00045957 -0.00102632 0.000613951 -7.34999e-05 0.000292263 -0.00236926 -0.000189412 3.33038e-05 -0.00116974 0.00269118 -0.00229598 -0.00525332 -0.000602748 0.000649992 0.00170891 -0.000105689 0.000590105 0.00151845 0.00118343 -3.10686e-05 -0.000167867 0.000403557 -9.19429e-05 -9.12659e-05 7.17026e-05 -0.00475298 -0.00189053 0.001373 -0.000406234 4.64461e-05 -0.000170858 0.00321038 -0.000310432 -0.00114369 -3.62202e-05 -3.16483e-06 0.00366499 -3.60708e-05 -0.0025281 -0.00207021 4.41402e-05 0.000599993 -0.00317139 -0.000154169 -0.00516196 0.00107279 0.000421968 -0.000366387 0.000517689 0.000347126 1.11573e-05 
0.0068697 0.00155625 0.000346389 0.0011146 0.0239057 -0.000232298 0.000134384 0.00143878 0.00112482 -0.00409189 -2.76767e-05 0.000781634 0.00352055 0.000323587 0.00392528 0.00419655 0.000363314 -0.00013198 0.000249819 -0.000205988 7.8182e-05 -0.000474678 -0.00685683 0.00752837 1.94748e-05 6.54997e-05 0.0038084 -0.00756172 0.00111998 0.000132749 -4.2797e-06 0.00288719 -0.00737024 -1.95292e-06 0.00367835 -0.000779638 5.31619e-05 0.00447686 0.000716837 0.00356454 3.16202e-05 -0.00265317 -0.00285531 0.000347927 -6.18604e-05 -0.00231123 0.00108123 0.000254288 0.000106047 0.00187709 -0.0013926 6.44554e-05 0.000696559 0.00424466 -0.0148232 -0.00071684 0.00144821 0.00502062 0.00662811 -0.0109849 -0.015265 0.00379434 0.000117166 -0.00355944 -0.000434153 0.00015996 -0.00268956 -0.00128273 2.68804e-05 0.00403929 -0.000558435 0.000115415 -0.000744243 0.000836948 -0.00376022 -0.00147502 -0.00203122 -0.000819758 0.00180188 0.000119552 0.00282142 0.00086156 0.000979599 -0.000209872 2.98812e-05 0.0123473 0.00142039 -0.0105955 0.00136361 0.000471666 -0.00167568 -0.0111524 -0.000843035 -0.0138983 -0.000157325 0.0028453 -0.00254765 -0.000270492 0.00287089 0.000703408 
-0.00208026 7.08011e-05 -3.16323e-05 8.22633e-05 -0.000232298 0.0114439 -6.93263e-06 0.000123688 0.00018652 0.00357339 4.23737e-05 -0.000160677 -0.000117672 -6.54006e-05 -0.00417335 -0.00346676 -0.000174361 -0.000162974 -2.56325e-06 -0.000905814 -3.5965e-05 -0.00354831 -0.000807941 -0.00158984 -0.000119481 -0.000415313 -0.000511982 -0.00131521 0.000190073 -3.54246e-05 8.84876e-06 -0.000174773 0.00265497 1.23689e-05 -0.000259659 -0.000993895 0.000391718 -0.000629639 -4.67733e-06 -0.00292016 9.06676e-05 -0.000815852 -2.47685e-05 -8.98614e-05 3.72572e-05 -0.000733234 -0.000533241 -3.74196e-05 -8.96347e-05 -0.000456093 0.00218323 -0.000145705 -0.000137225 -0.00154509 0.000466109 -0.000166669 -0.000177521 -0.00121565 -0.00051106 0.00250071 0.00199408 -0.0009668 -2.56501e-05 0.00211719 -5.59034e-05 -3.23126e-05 0.00156986 0.000717898 -5.4083e-05 -0.000596977 -0.000902682 -0.000150267 8.62638e-05 -0.00051436 0.000144217 -0.00311139 -0.00131956 -1.90648e-05 0.000257833 -0.000420946 -0.000563983 0.000559561 -0.00257442 0.000294757 0.000101158 -0.00252164 0.000172284 0.00491961 -0.000474531 -7.28073e-06 0.00168486 0.00288248 0.00105254 0.00186072 0.00129854 -0.000234785 0.00171775 -0.000206991 -0.000901991 -0.000212841 
0.00034085 0.00030216 1.83384e-05 3.15887e-05 0.000134384 -6.93263e-06 0.00087632 -1.08155e-05 1.82224e-05 -0.000170086 2.68413e-05 0.000108681 4.37987e-05 2.00379e-05 -0.000257674 0.000132342 1.27286e-07 -8.83065e-06 4.2719e-05 -0.000431982 2.18041e-05 -0.00030295 -0.000343392 -2.75728e-05 -2.38537e-05 -1.27233e-05 1.13239e-05 -0.000309406 4.89154e-05 7.61057e-06 -1.74689e-05 0.000148638 -0.000228614 -8.13881e-07 0.000142364 9.28463e-05 -1.79533e-05 0.000228223 7.96827e-06 -0.000131538 4.62212e-06 -2.82784e-05 7.59767e-06 -6.5708e-06 -3.50839e-06 0.00013853 -4.23023e-05 8.48181e-05 1.56552e-05 3.70268e-05 -3.50997e-06 -9.9649e-07 -6.84256e-06 -2.41462e-05 -0.000451151 -2.1845e-05 -7.86509e-07 0.000196565 0.000162836 -0.00039612 -0.000194837 1.08868e-05 2.92354e-05 -0.000106189 2.70271e-05 2.85396e-05 -5.75048e-05 0.000140884 4.45251e-06 -3.91076e-05 0.000106269 4.1945e-07 0.000241956 3.54163e-05 -0.000131424 -9.88825e-05 -9.81669e-05 1.20253e-06 5.47582e-05 -2.00735e-06 4.14266e-05 -1.77911e-05 -0.000202207 1.57619e-06 5.18352e-07 0.000162905 -6.28362e-06 -0.000362152 -4.69292e-06 5.10222e-05 -1.19655e-05 -0.000266143 0.000174885 -0.000328459 -4.36839e-06 7.21338e-05 0.000270475 -1.09113e-05 0.000321038 9.75205e-07 
-0.00592262 0.000491985 0.000114683 -0.000192139 0.00143878 0.000123688 -1.08155e-05 0.0269185 -4.8605e-05 0.00445353 0.000962649 -0.000373085 -0.000269368 -0.000127507 -0.00357425 -0.000705997 4.37353e-06 -0.000579939 -4.56993e-05 -0.00739148 -0.00011812 -0.0038556 -0.000777106 -0.00249203 0.00100058 -0.000984412 0.00369733 -0.00481746 0.0011386 -3.24717e-05 0.000159616 -0.000406293 0.00156948 -2.73828e-06 -0.000388979 -0.00139955 -4.79374e-05 -0.00176294 -5.96302e-05 -0.00177365 -0.000192607 0.00202457 -0.00336227 -0.000162749 5.497e-05 -0.00049536 0.000568988 0.000922274 -0.000119118 -0.00116276 -0.00210234 -0.000763159 -0.000372049 0.00327625 -0.00271817 -0.000983371 0.00183045 0.00636058 -0.000851442 -0.0028655 -0.00138645 0.000266545 0.000156856 0.00161851 0.00100616 -0.000173313 0.00529314 -0.00149107 -2.45039e-05 -0.00209802 0.00210063 -0.000181189 -0.000345076 -0.000294263 0.00246928 -0.00528738 -0.00446468 0.000782201 -0.000190582 -0.000602043 -0.00128062 -0.000498099 0.0036522 0.000284869 -6.97659e-07 -0.000306875 0.000197169 0.00264463 -0.00427574 9.64212e-05 -0.000932867 0.000902626 -0.000651336 0.00212491 0.000276823 -1.18573e-05 -0.0032002 -0.000433671 0.00154429 -8.72848e-05 
0.000674683 0.000463649 2.57288e-05 0.00101908 0.00112482 0.00018652 1.82224e-05 -4.8605e-05 0.010106 -0.000860961 5.32895e-05 0.00238973 0.00238096 -3.58121e-05 -6.13657e-05 0.000558195 -1.46397e-05 0.000266949 -2.54395e-05 -0.000222155 0.000129977 -0.00381182 -0.00025582 0.00240662 0.000485841 -0.000220642 -0.00010046 -8.19773e-05 0.000547672 0.000122016 -0.000220089 0.000218618 -0.00170203 -2.78365e-05 0.000665012 0.00120602 -0.000554259 -0.000701383 -5.04008e-06 0.00078236 7.87318e-05 -0.00147216 -0.00151801 -9.11996e-05 1.05697e-05 -0.00141585 -0.000153458 -7.45854e-05 -6.94224e-05 -3.97164e-05 -0.00121675 -0.00026065 -0.000133132 -0.000969156 -0.00444367 2.2721e-05 -4.63171e-05 5.0694e-05 7.30026e-05 -0.00193704 -0.00183587 -0.000461876 0.00110561 -0.00111041 -0.000195799 -5.16459e-05 0.00168732 5.48388e-05 0.000106091 -0.000401852 0.000646353 -9.51785e-05 -0.00021984 0.000238909 -0.00107988 -0.00373099 0.001629 -0.000121136 -2.23046e-05 -0.000356059 -2.43891e-05 -5.9943e-05 -0.00143344 0.000213643 7.24987e-07 -0.000375502 7.84071e-05 -0.00209519 -0.0013034 4.48027e-06 -0.000193028 0.00281079 -0.000171777 -0.000405666 0.000783808 8.66856e-05 0.00268593 -0.000133812 0.000382336 8.77978e-05 
-0.0310961 -0.00298456 -0.000492953 -0.00210663 -0.00409189 0.00357339 -0.000170086 0.00445353 -0.000860961 0.180527 0.00294767 -0.00297899 -0.0034741 -0.000330898 0.00737069 -0.0720646 -0.00224234 0.00731444 -0.000617449 0.00183784 -0.00106064 -0.00773772 0.0236678 -0.0368388 0.00445901 -0.00819111 -0.00988983 0.000933499 -0.025793 -0.00061773 -0.00123577 -0.00666042 0.024837 0.000282944 -0.00625848 -0.0179947 0.00284223 -0.00968956 -0.000146237 0.000285016 0.00518101 -0.0146095 -0.0186867 8.95434e-05 -0.00194492 -0.0108363 -0.0101988 -0.00121169 -0.00154807 -0.01159 -0.0104731 -0.00278992 -0.00311544 -0.00787931 0.0197584 -0.00118741 -0.00262093 0.000557442 -0.00882981 0.0231846 0.0416172 -0.00751118 0.012566 -0.00606131 -0.0021312 -0.00156758 -0.0184598 -0.0104051 -0.00124148 -0.0117124 0.0108216 -0.00489305 -0.00213642 -0.0034569 0.0247467 -0.0334942 0.00417467 0.00452859 0.00248791 -0.00652008 -0.013552 -0.00147547 -0.0172136 0.00488729 -2.98129e-05 -0.0354359 -0.0011514 0.0668788 -0.0112945 -0.000135739 -0.00638456 0.0485096 0.00305883 0.0409803 -0.000649677 -0.0035828 0.00144599 -0.00217174 -0.01239 -0.00260119 
-0.00122659 0.00121153 6.79774e-05 -2.82563e-05 -2.76767e-05 4.23737e-05 2.68413e-05 0.000962649 5.32895e-05 0.00294767 0.00594721 -0.000126066 -8.77508e-05 -2.37145e-05 0.000525038 -0.00185277 2.91276e-05 5.48942e-05 -1.6164e-05 -0.00325749 -2.62056e-05 -0.00210787 -0.0002234 -0.000937185 0.00110882 -0.000246077 -0.000133958 -0.00172662 -7.42318e-05 7.47645e-05 5.58605e-05 -0.000179451 0.000853477 7.52985e-05 -0.000143674 -0.000457189 -0.000238563 -0.000480876 -2.2403e-05 -0.00200845 1.48333e-05 -0.000169398 -0.000624123 -5.35589e-05 -4.30919e-05 -0.000594335 -0.000362882 0.000136445 -3.37179e-05 -0.000267984 -0.000543854 -7.13749e-05 -5.7083e-05 0.00137737 -0.000740855 1.17344e-05 -1.07018e-05 0.00287381 -0.000258548 -0.00118793 0.000590597 -0.000405992 0.000691644 7.47761e-05 0.000381899 -2.84392e-05 -1.04498e-05 3.41475e-05 5.66525e-05 -0.000485492 0.00147813 0.000128655 0.000114907 0.000106125 0.000171184 -0.00169887 -0.000557128 0.00202805 5.01989e-05 -0.000178106 -0.000265677 -2.68321e-06 -0.00124082 5.54259e-05 -1.39188e-06 -0.00110057 2.91516e-05 0.0011255 -0.000470546 8.51558e-05 -0.000333595 0.000269855 1.1515e-06 0.00111315 -3.63778e-05 1.68932e-05 6.76532e-05 -9.89335e-05 0.000330434 0.000134796 
0.00355338 0.00263519 5.75592e-05 0.000395274 0.000781634 -0.000160677 0.000108681 -0.000373085 0.00238973 -0.00297899 -0.000126066 0.021856 0.00355 0.00016273 0.00060104 0.00102667 -1.59959e-05 0.00149778 6.70099e-06 -0.00029102 -5.61825e-05 -0.0024378 0.000466533 0.00278785 -0.000291966 -0.00052137 -0.00104834 -0.00424063 -0.00116017 8.96605e-07 -0.000451721 -0.000334972 -0.00589094 -1.62027e-05 0.000183116 0.0014547 -0.00113057 -0.00116899 0.000722657 0.00345159 -0.000241204 -0.00236302 -0.00298785 -0.00027543 -0.00016426 -0.00311893 -0.000224494 -0.000160098 -7.68065e-05 2.49025e-05 -0.00198956 0.00129261 -4.27769e-05 0.000158401 -0.00993892 0.000290809 0.000429725 -0.00064606 -0.000230806 -0.00527801 -0.00343179 -0.00123143 0.00232991 -0.00227552 -0.000386216 -8.12466e-05 -0.000631118 0.00366762 6.71997e-05 0.00223319 0.000629401 0.00105391 0.0010162 -0.00055726 -0.00144751 -0.00611775 -0.000299214 -0.0004473 -0.000259733 -0.000590118 -0.00100372 9.25738e-06 0.00141707 -0.000262649 9.23561e-06 -0.0027097 -0.000245323 -0.00438171 -0.00106183 -2.16822e-05 0.00029163 0.00460401 0.00244217 -0.000845232 -6.55437e-05 0.000117579 0.00509076 0.000368588 0.00356775 -1.40534e-05 
0.00509436 0.000744456 0.000186896 0.000786698 0.00352055 -0.000117672 4.37987e-05 -0.000269368 0.00238096 -0.0034741 -8.77508e-05 0.00355 0.0157944 0.000222479 0.000516084 0.00548304 -0.000173169 0.000561923 0.000103458 0.000824676 -2.58302e-05 -0.00270847 -0.00218896 0.00517974 -0.000446602 0.00010318 -0.000586625 0.00295071 -0.00130082 2.84276e-06 -0.000158423 0.000100445 -0.00484038 -2.89731e-05 0.00180958 0.00303395 -0.000722482 0.00159147 0.000134141 0.000816773 -8.56373e-05 -0.00143415 -0.00182952 -0.000181019 -5.41871e-05 -0.00180298 -0.00045723 -0.000130476 -0.000112236 0.000197382 -0.0017303 -0.000423995 0.000367506 -0.00145906 -0.00744248 -0.000132543 -3.39212e-06 -0.000263539 0.00188405 -0.00420493 -0.00295184 -0.000142498 0.000558228 -0.00240259 -0.000243964 0.000130982 -0.000199977 0.000728878 -8.83657e-05 -0.00107632 -0.000210346 -0.000356918 -0.000162176 -7.18405e-05 -0.00491973 -0.00338929 0.00455911 -0.000616274 8.98254e-06 -0.000176178 0.0005643 -3.43996e-05 -0.00175623 -3.77579e-05 1.27472e-05 0.00217441 -0.00023749 -0.00596835 -4.50672e-05 6.48056e-05 -2.22108e-05 0.000577856 0.000865717 -0.00530124 0.000143022 0.00013707 0.000935516 -0.000120143 9.23152e-06 -4.78817e-05 
-0.000411855 -1.53578e-05 3.94634e-05 -3.93236e-05 0.000323587 -6.54006e-05 2.00379e-05 -0.000127507 -3.58121e-05 -0.000330898 -2.37145e-05 0.00016273 0.000222479 0.00954242 0.00261959 -0.000825658 3.38041e-05 -0.000166694 0.00014511 -0.00130946 0.000498188 0.000386802 0.00109345 -0.000143662 0.000199727 0.000732042 -2.09678e-05 -0.00324602 8.84974e-05 6.31637e-05 2.0254e-05 0.000743437 -0.00307486 4.03023e-05 0.000883806 -0.000683115 0.00229764 0.00069151 0.00045114 0.00266899 6.38909e-06 -0.00160093 -0.000916517 0.000432705 6.44038e-05 -0.00105458 -0.00016408 0.000130805 0.000170066 0.000341446 0.000276541 0.0014969 -0.000138842 0.0023911 -0.00338754 9.26607e-05 0.000121817 0.000210829 0.00025314 -0.00254392 -0.00282902 0.00027587 0.000367868 -0.00148298 -0.000154443 3.71878e-05 0.000751808 -0.000201974 4.10384e-05 -0.000405941 0.000377531 0.000459121 -0.000223137 -0.00040449 -0.00123376 -0.00265038 -0.000393943 -0.000160765 -4.40663e-05 -0.000310691 -0.000372201 0.000929903 0.000334961 0.000389713 6.32126e-06 0.000968723 0.000183156 -0.00322767 -0.00169213 3.28269e-06 -0.000209738 -0.000394142 0.000280644 -0.00140878 -1.26942e-06 0.000894991 0.000662814 0.00160635 -0.000489456 8.94481e-05 
-0.0203998 -0.00698707 0.00129675 -0.00214321 0.00392528 -0.00417335 -0.000257674 -0.00357425 -6.13657e-05 0.00737069 0.000525038 0.00060104 0.000516084 0.00261959 0.25 0.0244726 0.000493278 0.00336405 0.000269385 0.000104499 -0.000280745 0.0988297 0.0643017 0.0410114 0.0118205 0.000577688 0.00599318 -0.0888226 -0.015666 -0.00193267 -0.00233706 -0.0108935 -0.0944704 0.0005161 0.00945714 -0.00690309 0.00845951 0.00493981 0.00254726 0.121165 -3.97441e-05 -0.0451747 -0.0631474 0.00229162 0.000159212 -0.0299937 0.000725061 0.00102122 0.00268396 0.0112663 -0.024432 0.0134866 -0.00342265 0.0664223 -0.0517368 0.0177065 0.00439662 0.0340545 0.00899507 -0.113443 -0.0620627 0.0406819 -0.00593551 -0.0364636 -0.00333911 0.000195767 0.00346294 -0.033492 -0.000903582 0.0255196 -0.0177308 0.00837741 -0.0152873 0.0112093 0.0274718 -0.0243748 -0.00425283 0.00146228 0.000896965 -0.0136759 -0.00563966 0.00538478 0.0171367 -0.00509774 -5.74066e-05 0.0449002 0.000642571 -0.0903132 -0.0151737 -8.1684e-05 -0.0178551 -0.00777464 -0.0149146 -0.0467775 -0.00466312 0.00487683 -0.0320347 0.00707757 0.0165087 0.00400246 
0.00452199 -0.0104985 0.000344515 0.0025426 0.00419655 -0.00346676 0.000132342 -0.000705997 0.000558195 -0.0720646 -0.00185277 0.00102667 0.00548304 -0.000825658 0.0244726 0.23518 -0.00283575 -0.00557968 0.00128269 0.0266261 -0.000800715 0.00776221 -0.0539442 0.0268282 -0.00488388 0.0160196 -0.0077451 0.059495 -0.020697 -1.72377e-05 -0.00394368 -0.00711289 0.0096471 -0.00055832 0.00926451 0.031538 -0.0158266 0.0199301 -0.00190022 -0.0284996 -0.00345879 0.0337963 0.0257153 0.00248242 0.000960477 0.0610089 0.00053288 -0.00117744 -0.00170083 0.0259684 0.00441729 -0.0101874 0.00132694 -0.00476584 0.00456113 -0.00145646 0.00164689 -0.0248211 0.0140029 -0.0743545 -0.0593017 0.0121828 -0.0113891 -0.00843543 -0.000938012 0.0028465 -0.00511746 -0.0250075 0.000838876 0.00142913 -0.0509191 -0.0112118 0.00861442 0.0198495 -0.0207757 0.0813903 0.0118983 -0.00663647 -0.00172318 0.0029556 0.0305298 -0.000893926 0.0132448 -0.00283449 -8.52216e-05 0.0253419 -0.0024342 -0.0778152 -0.000932077 3.07434e-05 -0.00353325 -0.0655033 -0.0156225 -0.0780292 -0.00209718 -0.000655863 -0.04023 -0.00502243 -0.0124497 0.000851179 
0.00126942 0.00139791 1.90285e-05 -6.67508e-05 0.000363314 -0.000174361 1.27286e-07 4.37353e-06 -1.46397e-05 -0.00224234 2.91276e-05 -1.59959e-05 -0.000173169 3.38041e-05 0.000493278 -0.00283575 0.0166204 -0.000169236 9.09834e-05 -0.00698758 0.000795113 0.000608275 0.00131605 0.00225972 -0.000112457 -0.000523928 0.00427983 -0.00743752 0.00400204 0.000229979 -0.000229324 0.00112604 -0.00431751 4.13143e-05 -1.27243e-06 0.00051384 -7.91797e-05 -0.000986977 2.03215e-05 -0.00182356 -0.000133568 0.000113217 -0.000609236 0.000334432 0.000447084 -0.00118494 -0.000271676 0.00204783 0.00186939 -0.000192512 -0.00139222 0.000312582 -9.8282e-05 0.0033051 -0.00620431 3.27153e-05 0.00372052 0.00349651 -0.000338909 -0.00369051 -0.00601558 -0.00044333 -0.000709961 -0.00210352 0.000222659 -1.90273e-05 -0.00162051 0.0016189 0.000255321 -0.000777222 0.00373858 0.000507668 -0.000371219 -0.00019671 -0.00249241 -0.00391644 -0.000532283 0.00164252 -0.000103367 0.000842642 -0.000476826 -0.000195542 0.00024581 -1.68619e-05 6.93497e-08 0.00362162 0.00017488 -0.00515236 0.00187888 0.000168179 0.000274265 -0.0070885 0.000239077 -0.00172478 -9.66284e-05 0.000412532 -0.000103548 0.000268379 0.00702077 0.0021379 
0.00135611 -0.000140559 5.60816e-05 0.00010705 -0.00013198 -0.000162974 -8.83065e-06 -0.000579939 0.000266949 0.00731444 5.48942e-05 0.00149778 0.000561923 -0.000166694 0.00336405 -0.00557968 -0.000169236 0.0270903 -2.67265e-05 0.00130426 9.37407e-05 0.0021452 -0.00323031 -0.00266672 -0.000582229 -0.000801814 -0.00149995 0.00234932 -0.00365453 -0.000100812 -0.000620347 -0.000796286 0.00202093 -5.44102e-05 -0.000163731 -0.000488481 0.000435791 -0.0010971 -9.25604e-05 -0.00329673 0.00163819 -0.0038134 -0.00387924 -0.000168096 -0.000238466 -0.00212632 -0.00131889 0.000163079 5.19689e-05 -0.000107922 -0.00223639 -7.00114e-05 -6.03366e-05 -0.00127808 0.00221384 0.00064423 -0.000301111 -0.00199546 -0.000964514 0.00265823 0.00323584 -0.00169531 0.0047071 3.15185e-05 -0.000268965 -0.000161354 -0.00288078 -0.000800606 -0.000145821 0.00241742 -0.00519596 -0.000654206 -0.000951825 -0.00115484 0.00094818 0.000471032 0.0017563 -9.85817e-05 0.00025064 -0.000638198 -0.00129594 -0.000245905 -0.0054369 0.000292274 -1.2816e-05 -0.00343836 -0.000339006 0.00251182 0.000842133 2.13106e-05 -0.0013354 0.000278433 -0.000717816 0.00127082 0.000324257 -0.000409438 -0.00286672 -8.93668e-05 -0.000890065 -0.000352471 
0.000761596 5.37767e-06 1.4729e-05 -9.83166e-06 0.000249819 -2.56325e-06 4.2719e-05 -4.56993e-05 -2.54395e-05 -0.000617449 -1.6164e-05 6.70099e-06 0.000103458 0.00014511 0.000269385 0.00128269 9.09834e-05 -2.67265e-05 0.00270728 -0.000290415 2.46204e-05 0.00058748 -0.000954308 -0.000166466 5.60462e-05 6.46189e-05 -0.000106351 -0.000875187 -0.000307678 7.43531e-05 -5.10276e-05 4.39837e-05 -0.000753117 -2.7292e-06 0.000691153 0.000896768 -0.000151834 0.000945618 2.96841e-05 0.000397408 5.92769e-05 0.000156129 -0.000207005 -2.58847e-06 3.57554e-05 0.00017112 3.12397e-05 4.98307e-06 1.58984e-05 0.000245592 8.4269e-05 4.88995e-05 2.9518e-05 -2.27391e-05 -0.000602669 -1.85096e-05 1.62305e-05 -0.000338291 2.50774e-05 -0.000719871 -0.00132949 0.00116122 -0.000112206 -0.000324952 6.75253e-05 0.000165978 0.000374916 -0.000104978 -1.45471e-06 9.39883e-05 -0.000615921 -2.01412e-05 -6.23483e-05 5.42199e-05 -0.00100493 0.000798195 0.000142955 -9.3697e-05 -1.94921e-05 0.000267821 2.02817e-05 0.000326034 -0.000371548 -1.55784e-05 1.67675e-05 -0.000344954 6.5503e-05 -0.00115667 0.000889751 4.98821e-05 -9.22494e-05 -0.000929207 -7.10046e-05 -0.00147578 -1.81731e-05 -1.44306e-05 -0.000259954 -4.79512e-05 -8.35242e-05 -2.52972e-05 
0.0012558 -0.0184346 -0.00059143 0.00107173 -0.000205988 -0.000905814 -0.000431982 -0.00739148 -0.000222155 0.00183784 -0.00325749 -0.00029102 0.000824676 -0.00130946 0.000104499 0.0266261 -0.00698758 0.00130426 -0.000290415 0.112928 -0.00389421 0.011984 0.000938395 -0.00536281 -0.00601134 0.00384345 -0.0210813 0.0455318 -0.0272845 -0.000554068 -0.00163437 -0.00569661 0.0192838 -0.000415399 -0.00165306 -0.00239252 -0.00409043 0.00487495 -0.000750422 0.000832152 0.000389536 -0.000856517 0.00986456 -0.00035556 -0.0013972 0.0079852 0.00338345 -0.00555698 -0.00358988 0.00504473 0.000311658 -0.00200262 0.00049649 -0.0147594 0.0389393 -0.000665881 -0.00440814 -0.0445187 0.00431278 0.0278932 -0.007804 0.00383574 0.00218798 -0.0042803 -0.0075743 0.000392054 -0.00634731 -0.00565987 -0.00193198 0.0086027 -0.0342952 -0.015045 -0.00925349 -0.000399689 -0.00313012 0.0309573 0.0131953 -0.0154637 -0.00124202 -0.00159984 0.00492332 -0.0093274 -0.00549247 -0.00340682 -0.000369076 -0.0135574 -0.000606101 0.0239201 0.000910026 -0.000737316 0.000407081 0.0160273 -0.0136475 -0.015728 0.000355453 -0.00285879 -0.0267559 -0.00172175 -0.0285218 -0.00156825 
0.000851265 0.000970865 -4.33908e-06 -5.0311e-05 7.8182e-05 -3.5965e-05 2.18041e-05 -0.00011812 0.000129977 -0.00106064 -2.62056e-05 -5.61825e-05 -2.58302e-05 0.000498188 -0.000280745 -0.000800715 0.000795113 9.37407e-05 2.46204e-05 -0.00389421 0.00507455 2.80036e-05 -0.00158559 -0.000331711 4.66108e-05 -0.000193907 0.000276382 -0.00187041 0.000794725 8.05277e-05 -0.000100586 0.000971676 -0.0019009 5.5531e-06 0.000387391 0.00117024 0.00178133 7.67266e-05 0.00019012 0.000155778 0.000111726 0.000221146 -0.000314142 -1.53043e-05 -2.29448e-05 -0.000566634 8.49015e-05 0.000924459 5.84827e-06 -0.000154372 0.00122208 0.000506642 -7.56387e-05 -0.000535741 -0.00216079 -8.60015e-05 -2.39416e-05 0.0012137 -8.75161e-05 -0.00174578 0.000306254 -0.000324752 -6.17593e-05 -0.000667709 0.000340913 1.0795e-05 -0.000214806 4.65304e-05 4.62212e-06 -0.000139686 0.00106327 0.000104118 0.000331978 -4.09453e-05 -0.000316683 -0.0010284 -0.000349235 3.32628e-05 -5.10507e-05 0.000325597 -8.62733e-05 0.000750277 -0.0011824 -4.60948e-05 6.38599e-05 0.000476058 4.54009e-05 -0.00216454 0.000795031 0.000115918 -0.000258868 -0.0012016 0.000527399 0.000245654 -3.72891e-05 0.000373275 0.00111511 0.000282134 5.67385e-05 8.91928e-05 
0.0236619 -0.0109244 -0.0011591 -0.0037802 -0.000474678 -0.00354831 -0.00030295 -0.0038556 -0.00381182 -0.00773772 -0.00210787 -0.0024378 -0.00270847 0.000386802 0.0988297 0.00776221 0.000608275 0.0021452 0.00058748 0.011984 2.80036e-05 0.24755 0.0014136 -0.00643038 -0.000218627 0.00800202 -0.0231088 -0.0490502 -0.0621995 -0.00197227 0.00159557 -0.0161204 -0.105776 0.000341862 0.00315111 0.00851243 0.0157312 0.000668429 0.00280452 0.0957057 -0.00486715 0.0238397 -0.0753088 0.00262577 -0.000273678 -0.0351157 0.00325762 0.000613612 0.00117589 0.0191627 -0.00867611 0.010628 0.00472512 0.0151723 0.0139876 0.00749849 0.00031272 -0.025381 0.00208952 -0.0247143 -0.0219001 0.0385887 -0.0103207 -0.0185319 -0.000823488 0.000634385 0.0147033 -0.0326075 -0.00248146 0.0326841 -0.0763115 0.000704841 -0.0133409 -0.00233113 0.026932 0.0332291 -0.00314225 -0.0108965 -0.00131168 0.00917649 -0.0227868 0.000852606 0.0115833 -0.00162289 -4.23275e-06 -0.0147922 0.00344306 -0.0299577 0.0611336 -0.000105914 -0.0316925 0.0065801 -0.00823401 -0.0297356 -0.00349767 -0.00384672 -0.0569002 0.00446422 -0.00571524 0.00368437 
-0.0861581 -0.00205828 0.000412418 -0.00121562 -0.00685683 -0.000807941 -0.000343392 -0.000777106 -0.00025582 0.0236678 -0.0002234 0.000466533 -0.00218896 0.00109345 0.0643017 -0.0539442 0.00131605 -0.00323031 -0.000954308 0.000938395 -0.00158559 0.0014136 0.248316 -0.00794252 0.00293753 -0.0051775 0.00697879 -0.0289164 0.0301495 -0.00199742 0.00237018 -0.00595671 -0.00931108 0.000666122 -0.00157108 -0.0328132 0.00138152 -0.00808578 0.00112829 0.0592394 -0.00245601 -0.0714338 -0.0106831 -0.00160082 9.22605e-06 -0.0367439 -0.00411274 -0.00199694 0.00135383 -0.0155781 -0.0340344 0.0085137 -0.00579749 0.0274747 -0.0286857 0.00598539 0.0023519 0.0125544 -0.00187704 0.00627452 0.00716222 -0.00855261 -0.00437604 -0.0269621 -0.00433369 -0.00182896 0.015779 0.00986632 0.00188437 -0.00553009 0.0395727 0.00869712 -0.0144461 -0.00836003 -0.0021383 -0.104307 -0.00830616 0.00620293 -0.00254053 -0.0183294 -0.0233089 0.00256602 0.0347235 -0.00418201 -0.000149704 -0.00302119 -0.000422226 0.0148237 -0.0713097 -0.000494361 0.0162788 0.0645369 -0.00409845 0.0178029 0.00227147 0.00253136 0.0197042 0.00668969 0.0123582 -0.000377181 
0.0110761 -0.000631173 -1.82181e-05 0.0017722 0.00752837 -0.00158984 -2.75728e-05 -0.00249203 0.00240662 -0.0368388 -0.000937185 0.00278785 0.00517974 -0.000143662 0.0410114 0.0268282 0.00225972 -0.00266672 -0.000166466 -0.00536281 -0.000331711 -0.00643038 -0.00794252 0.142733 0.00159942 0.00171809 0.00644894 -0.0210049 0.014335 -0.000267185 0.000520768 -5.29489e-05 -0.0216897 -0.000300392 0.0107019 -0.00662827 -0.000787508 0.00661337 0.00012696 0.0157872 -0.000601016 -0.0240827 -0.00556997 -4.8032e-05 0.000161003 -0.00429687 0.0016994 0.000510889 0.000355381 0.000143843 -0.0126269 0.00160335 -0.00214946 0.0174893 -0.0523185 -0.00230509 0.00329874 0.0191201 0.0184719 -0.0492841 -0.0286567 0.00906554 -0.00681162 -0.00475182 -0.00156356 -0.000386949 -0.00586839 -0.00660218 0.000514436 0.00938964 0.0190455 -0.000801576 -0.00431723 0.0112907 -0.0165829 -0.0195622 0.00435272 -0.000147827 0.000600398 -0.00547084 0.0199283 -0.000264175 0.0196523 -0.00101758 9.35656e-06 0.0589446 -0.00188771 -0.0579511 -0.0146637 0.000232916 0.0116257 -0.0476141 -0.00408279 -0.0368967 -0.00108908 0.000174321 -0.00690186 0.000942879 0.0129841 0.000442675 
-0.00657525 -0.000552817 -1.06705e-06 5.37444e-05 1.94748e-05 -0.000119481 -2.38537e-05 0.00100058 0.000485841 0.00445901 0.00110882 -0.000291966 -0.000446602 0.000199727 0.0118205 -0.00488388 -0.000112457 -0.000582229 5.60462e-05 -0.00601134 4.66108e-05 -0.000218627 0.00293753 0.00159942 0.0308789 -0.00103835 0.00540111 -0.0149128 0.00294403 -0.000128955 -0.000583715 -0.000364366 -0.00458204 0.000295248 -0.000404385 -0.00216975 -0.00123626 -0.00250918 0.000780806 0.00679045 5.20023e-05 -0.00355505 -0.00459903 2.14931e-05 9.14659e-06 -0.00428599 -0.00208384 0.000418426 6.07073e-05 -0.000169598 -0.00386883 -0.000562077 -0.000472584 0.0129982 -0.00873023 0.00128277 0.00138641 0.00641734 -0.00135974 -0.0110695 -0.00811056 -0.00124037 -0.000268286 -0.00206845 -0.000357808 2.89233e-05 0.0039707 -0.00232577 0.000120033 -0.000148301 -0.000253704 0.00143424 -0.00111507 0.00115512 0.00268732 -0.00658682 -0.000907029 0.0030243 -0.000391917 -0.000993793 0.000718419 0.00157817 0.01098 0.000183272 -1.72704e-05 0.000945238 0.00150911 -0.00570599 -0.00570666 -2.99672e-05 -0.00210342 0.00653666 -0.000991204 -0.00132106 -0.000204076 -0.00039181 0.000924875 8.44725e-05 -0.000687302 0.00102737 
0.00320578 -0.00129036 -3.03963e-05 0.00126617 6.54997e-05 -0.000415313 -1.27233e-05 -0.000984412 -0.000220642 -0.00819111 -0.000246077 -0.00052137 0.00010318 0.000732042 0.000577688 0.0160196 -0.000523928 -0.000801814 6.46189e-05 0.00384345 -0.000193907 0.00800202 -0.0051775 0.00171809 -0.00103835 0.0400933 -0.00138962 0.00480897 -0.00333649 -4.44246e-05 0.0040301 0.000630068 -0.00942791 -6.84832e-05 -0.000334722 0.00266946 0.00115292 0.00525118 -9.06867e-05 -0.00296071 -0.000362136 0.00373405 -0.00101902 0.000318843 0.000446288 0.0120179 -0.00295993 -0.00023549 4.17188e-05 0.0128478 -0.00445985 0.000758884 0.00565243 -0.000280071 0.00201902 0.00155009 -0.000422229 -0.00557114 0.00214042 -0.00834682 -0.0227138 0.00129193 -0.00144704 -0.00622954 -0.000453857 0.00116169 -0.00280361 -0.00139514 -0.00020845 0.00263496 -0.00517894 -0.000178401 -0.000225396 0.00396462 -0.0105087 0.00228778 0.00352859 -0.00109201 -0.00026798 0.00668925 0.00292121 -0.00094011 0.00542756 0.000656768 -1.43859e-05 0.00700964 -0.000436823 -0.0128101 0.00451087 1.82599e-05 0.000436492 -0.0171017 -0.00172415 -0.0265778 -0.000249242 0.000725203 -0.00483525 0.00147673 -0.00214343 -9.6266e-06 
-0.00347739 0.00361281 0.00211889 -0.000262033 0.0038084 -0.000511982 1.13239e-05 0.00369733 -0.00010046 -0.00988983 -0.000133958 -0.00104834 -0.000586625 -2.09678e-05 0.00599318 -0.0077451 0.00427983 -0.00149995 -0.000106351 -0.0210813 0.000276382 -0.0231088 0.00697879 0.00644894 0.00540111 -0.00138962 0.0560271 -0.0213715 0.0397659 0.000489411 -0.000425051 0.0121711 -0.016181 -9.21622e-05 0.00210307 -0.00402685 -0.00102535 -0.00468387 -0.000424315 0.00666736 -0.000652597 -0.0100121 -0.00273253 -0.000340724 0.00243966 -0.00456217 0.0025567 0.00178239 0.00316601 -0.00266256 -0.00561462 -0.00180798 -0.000948129 0.0262349 -0.0359561 -0.000979377 0.00480952 0.0342419 -0.000551291 -0.0198311 -0.0136725 -0.00332726 -0.00131567 -0.00765357 0.000391937 -0.000290564 -0.00431803 0.000282109 0.000146969 -0.00440448 0.0266353 0.00435031 -0.00144444 -0.00156111 0.00101639 -0.0258178 -0.00690024 0.00291242 -0.000692966 -0.00198337 -0.00165853 0.00165275 0.016889 2.16857e-05 -3.51872e-05 0.0288908 0.000127579 -0.0225279 -0.0109651 5.44601e-05 -0.00339802 -0.021122 -0.00183245 -0.00672266 -0.000200283 0.00843957 0.00565814 -0.000642476 0.0142466 0.00153267 
-0.0122812 -0.0157929 -0.000986491 0.00083002 -0.00756172 -0.00131521 -0.000309406 -0.00481746 -8.19773e-05 0.000933499 -0.00172662 -0.00424063 0.00295071 -0.00324602 -0.0888226 0.059495 -0.00743752 0.00234932 -0.000875187 0.0455318 -0.00187041 -0.0490502 -0.0289164 -0.0210049 -0.0149128 0.00480897 -0.0213715 0.231549 -0.0206861 -0.000360248 -0.00292453 -0.00605312 0.0779628 -0.000866619 -0.00507032 0.0123929 -0.0206617 -0.000394924 -0.00408008 -0.0831751 -0.000398969 0.024933 0.0378124 1.247e-05 -0.00248795 0.0333381 0.00162242 -0.00540716 -0.00469793 0.000420866 -0.0105964 -0.0184926 0.00368608 -0.0701372 0.0669759 -0.0156722 -0.00904518 -0.0498195 -0.00281681 0.0631516 0.0440962 -0.0442022 0.00363047 -0.00111543 -0.00358834 -0.000235776 -0.0114634 -0.000368534 -0.000154866 -0.00919688 -0.0297198 -0.0178052 0.00423708 0.00755719 -0.0189913 0.0579859 0.0306545 -0.00864544 -0.00197912 0.00811496 0.0130435 -0.00449343 -0.00330523 0.00371736 -0.000315714 -0.0350758 -0.0062044 0.0374415 -0.00585336 -0.000572957 -7.70688e-05 0.00898741 -0.0082593 0.0174831 0.00274612 -0.0107224 -0.0102523 -0.00881745 -0.0458023 -0.00276807 
-0.0115676 0.00688249 0.00216197 -0.000116161 0.00111998 0.000190073 4.89154e-05 0.0011386 0.000547672 -0.025793 -7.42318e-05 -0.00116017 -0.00130082 8.84974e-05 -0.015666 -0.020697 0.00400204 -0.00365453 -0.000307678 -0.0272845 0.000794725 -0.0621995 0.0301495 0.014335 0.00294403 -0.00333649 0.0397659 -0.0206861 0.117375 0.000424003 0.000598442 0.0178991 -0.000637754 -7.5374e-05 -0.000217048 -0.00539063 -0.00340771 -0.00549668 -0.000929471 -0.0076517 -0.00104761 -0.0219635 0.0171734 -0.00160334 0.00159733 -0.00590688 -0.00105932 0.00161252 0.00171871 -0.00577774 -0.0113797 -0.00376202 -0.00192963 0.0211967 -0.0389866 -0.00349591 0.00425173 0.0390415 -0.00265153 -0.00433613 -0.000984931 -0.0121896 -0.00352354 -0.013084 0.00254652 -0.000695717 -0.0113126 0.0184221 0.00225448 -0.0105702 0.0663662 0.00352396 -0.00204059 -0.00538347 -0.0206369 -0.0528863 -0.0165765 0.00884446 -0.00168375 -0.00504671 -0.00421842 0.000222617 0.0213991 -0.00113154 -7.70737e-05 0.0275039 -0.00144317 -0.0196202 -0.0272444 -3.5854e-05 0.0160662 -0.0211568 -0.00189382 0.00296492 -0.000262066 0.00888118 0.0349885 -0.00126823 0.0166449 -0.00117057 
0.00120978 0.000728961 2.81e-05 4.6697e-05 0.000132749 -3.54246e-05 7.61057e-06 -3.24717e-05 0.000122016 -0.00061773 7.47645e-05 8.96605e-07 2.84276e-06 6.31637e-05 -0.00193267 -1.72377e-05 0.000229979 -0.000100812 7.43531e-05 -0.000554068 8.05277e-05 -0.00197227 -0.00199742 -0.000267185 -0.000128955 -4.44246e-05 0.000489411 -0.000360248 0.000424003 0.00544331 3.51686e-05 0.000707999 0.000223116 -1.20545e-05 8.94265e-05 0.000109467 0.000132256 0.000228688 -3.63178e-05 -0.00137179 6.87732e-05 -0.000556528 0.00116953 -7.42938e-06 0.000151146 0.000668969 0.000263937 0.000207791 5.15281e-05 6.97025e-05 5.11844e-05 -4.32981e-05 -4.40966e-05 -0.000443689 -0.000437294 -0.000223548 -3.19248e-05 7.94098e-05 0.000137767 0.000393122 -0.00126254 -0.000367413 -5.12767e-05 -0.000644692 0.000540811 1.81568e-05 -0.000534332 0.00167541 -8.1956e-06 -0.000390229 0.00135952 0.000360945 0.00060094 -0.000168703 -0.00200082 -0.000132809 -0.000519889 -7.22839e-05 0.00013204 0.000763169 0.000537673 -2.69658e-05 -0.00129116 -1.17911e-05 -2.49188e-07 -0.000111391 5.00953e-05 -0.00128129 0.000226748 1.36969e-05 0.000316788 -0.00168314 0.000323822 6.06468e-05 -4.21976e-06 0.000293457 -5.37739e-05 -2.67867e-05 0.000434968 0.000205794 
-0.0014784 0.000130582 -6.88321e-05 -8.77124e-05 -4.2797e-06 8.84876e-06 -1.74689e-05 0.000159616 -0.000220089 -0.00123577 5.58605e-05 -0.000451721 -0.000158423 2.0254e-05 -0.00233706 -0.00394368 -0.000229324 -0.000620347 -5.10276e-05 -0.00163437 -0.000100586 0.00159557 0.00237018 0.000520768 -0.000583715 0.0040301 -0.000425051 -0.00292453 0.000598442 3.51686e-05 0.0255498 0.000799587 0.000660505 -9.77101e-06 -0.000438603 -0.000841331 0.00217735 0.000559851 -8.23879e-05 -0.00180052 -0.000286721 -0.00129182 -9.56599e-05 -0.000273826 0.000313173 -0.000289107 -0.000489786 0.000293858 -2.02737e-05 -7.04282e-05 -0.00138158 -0.000505601 0.000661559 0.0026781 0.00177912 -0.000210487 -6.04501e-05 -0.000464928 1.96982e-05 -0.000539231 -0.000287304 -0.00115453 -0.000940724 -0.0028207 0.00229861 -0.000108126 -0.00232476 -0.000329818 8.50352e-05 0.00145387 0.000658879 0.000657451 -5.62158e-05 -0.00115005 -0.00132969 -0.00768498 -0.00352328 0.00125969 -0.000239956 0.000547201 -0.000786916 -2.31109e-06 0.00218966 -0.000287127 2.16878e-05 0.00110114 0.000952345 -0.00164035 0.00132266 2.20389e-05 0.000759398 -0.00404242 -0.000542647 -0.00131266 0.000140404 -0.000401947 -0.00202797 -9.01751e-05 2.0669e-05 0.000300806 
0.0113002 0.00342713 0.000576541 -0.000109343 0.00288719 -0.000174773 0.000148638 -0.000406293 0.000218618 -0.00666042 -0.000179451 -0.000334972 0.000100445 0.000743437 -0.0108935 -0.00711289 0.00112604 -0.000796286 4.39837e-05 -0.00569661 0.000971676 -0.0161204 -0.00595671 -5.29489e-05 -0.000364366 0.000630068 0.0121711 -0.00605312 0.0178991 0.000707999 0.000799587 0.0318 -0.00645786 -7.60262e-05 -0.000559485 -0.00129105 0.00198175 -0.000357232 -0.000168838 0.000317129 0.000233835 -0.00511597 0.00516135 -0.00041763 0.000839314 -0.00104433 -0.000753406 0.000531149 0.000394897 -0.0013427 0.000472014 -0.000621052 -0.000447449 0.000519666 -0.011518 -0.00115415 0.000580348 0.0101714 0.0030344 -0.000236404 -0.00182356 -0.00282985 8.73719e-05 -0.00255009 -0.000240388 -8.49404e-05 -0.00288883 0.00279811 -7.83289e-05 -0.00266384 0.0119689 -0.000231751 -0.00049543 -0.00170222 -0.00338507 -0.0111994 -0.00405312 -0.00104314 -0.000338719 -0.000826954 0.000204008 -8.40455e-06 0.00142487 -7.85094e-05 2.66671e-06 0.0127463 -0.000239189 -0.00931879 -0.0057994 0.000107661 -0.000500865 -0.00848002 0.00165719 -0.00335582 -0.000252713 0.00458703 0.00903938 -0.000440999 0.00313696 -0.000165492 
-0.0633763 -0.0108996 -0.00155447 0.00168505 -0.00737024 0.00265497 -0.000228614 0.00156948 -0.00170203 0.024837 0.000853477 -0.00589094 -0.00484038 -0.00307486 -0.0944704 0.0096471 -0.00431751 0.00202093 -0.000753117 0.0192838 -0.0019009 -0.105776 -0.00931108 -0.0216897 -0.00458204 -0.00942791 -0.016181 0.0779628 -0.000637754 0.000223116 0.000660505 -0.00645786 0.243361 -0.000223841 -0.00967063 -0.0141717 -0.0122285 0.00291654 -0.00316278 -0.134932 0.00363253 0.00870834 0.0786233 -0.00197666 -0.00113314 0.0536827 -0.00643275 -0.00218819 -0.00275461 -0.0151866 0.0217808 -0.0121713 -0.00335506 -0.0372841 0.0587657 -0.00920313 -0.00483448 -0.035079 -0.00893459 0.0526001 0.0319161 -0.0329028 0.00868085 0.0535574 0.00252954 -0.000835728 -0.00384113 0.0189614 0.00100187 -0.0245002 -0.00435664 -0.0116776 0.00665516 -0.00244983 -0.0168992 0.0234632 0.000274622 0.00284326 0.000907073 -0.00831074 0.0189161 -0.0114179 -0.028146 0.00507228 -0.000140911 -0.0324396 -0.00294875 0.0847526 -0.047093 -0.000405626 0.026063 -0.0157633 -0.00580867 0.0414282 0.00387143 -0.00716983 -0.0146517 -0.00667228 -0.0240718 -0.00449439 
