0.00627846 -0.000822905 -0.000630783 -4.33543e-05 -0.00125085 0.000303262 0.00234845 0.000720664 -0.00126852 0.00142827 0.000146794 0.000243135 0.00137097 0.00024377 8.92135e-05 -8.64391e-05 0.000283735 3.20085e-05 -0.000422865 0.00116409 0.00145156 0.000926343 -0.001525 -0.00183705 2.13171e-05 -0.00111013 2.62741e-06 -3.86263e-05 -0.000544691 -0.000320907 -1.88196e-06 -0.00124737 -0.000188755 -0.000930022 -0.000758564 -1.09553e-05 -2.71209e-05 -8.24222e-07 0.000467107 0.000520492 8.90871e-05 3.29401e-06 -0.000463302 0.000124408 -0.00169243 -0.000118883 -0.000114875 -0.000512337 7.9983e-06 -0.000191345 2.55095e-05 -0.000811203 1.52817e-05 -8.24437e-05 4.89691e-05 0.00179182 -0.00148687 -0.00074718 0.000825529 -0.000670116 0.00160237 -9.5648e-06 -9.76874e-05 -0.000513468 -5.27926e-05 6.79191e-05 0.00179982 -0.000464467 -5.74666e-05 -3.76978e-05 1.43516e-05 0.000360103 -1.23426e-06 0.000665155 0.000771761 -0.00026494 -0.00243861 -0.000429112 5.01516e-05 -0.000301066 8.1226e-05 -4.49532e-05 1.12438e-05 0.000571907 -0.000529792 -0.000254298 0.000541022 -0.000439869 0.000839383 2.75193e-05 -0.00149576 0.000224399 5.49106e-05 0.000363539 -4.43245e-06 -0.000162932 -1.60997e-05 -0.00178985 0.000213935 0.000129796 
-0.000822905 0.237467 0.0104745 -0.0231258 0.0436652 0.00598141 -0.0181672 -0.0142633 0.0467432 -0.059953 -0.0150274 -0.012254 -0.0223836 -0.00486555 -0.00667484 -0.0196172 0.0185382 0.00269206 -0.0297491 -0.00923565 -0.00672898 -0.0695571 0.0692373 0.0892364 -0.00480027 -0.00731875 -0.000152367 -0.00246852 -0.0266021 0.0336842 -0.000124061 -0.0402154 -0.00503017 -0.0325115 -0.0341935 -0.0073113 -0.00186534 -0.00418727 0.00133079 0.0184374 -0.00246044 -0.000224766 -0.0476758 -0.00872286 -0.00899295 0.00458222 -0.023769 -0.0113471 6.22918e-05 -0.00542534 -0.00548141 -0.048659 -0.00149709 -0.00850521 -0.00310427 -0.0324989 0.0907231 -0.00793305 -0.00684536 0.00284469 -0.0382698 -0.00135624 -0.0094211 0.0242953 0.015729 -0.00012725 -0.0411323 -0.0164918 0.0047343 -0.00242379 0.00880341 0.012877 -0.00424766 -0.000903678 -0.0222923 -0.00715154 0.0986956 -0.0171317 -0.00264586 0.0181124 -0.00454658 0.00110571 -0.00193515 -0.00557932 0.0325691 -0.0198127 -0.00908052 -0.00727896 0.00974502 0.001205 0.0389957 -0.0243081 -0.000885342 -0.0214763 0.000835411 -0.0112199 -0.00162872 0.0410946 -0.00231704 -0.00848533 
-0.000630783 0.0104745 0.100222 -0.00240692 0.0191861 -0.00243565 -0.00681462 -0.00226554 0.00530874 -0.00265453 -0.00207181 -0.00732599 0.0145894 -0.00278086 -0.00272508 -0.00325607 0.0144524 0.0164566 -0.0296694 -0.00478193 -0.00998637 -0.012483 -0.0199074 -0.0261887 -0.00126757 0.0338972 -1.17899e-05 -0.000655438 0.0141139 0.0126484 2.55103e-05 -0.00407855 0.00804396 0.0146995 -0.0113748 -0.00169486 -0.000411438 0.00592617 -0.0145641 0.0111609 -0.000892883 -4.47207e-05 -0.0132661 -0.00235462 -0.0267834 -0.00138368 -0.00247014 0.000984854 0.00128247 -0.00518811 0.00423653 0.00800009 0.000273931 -0.0042615 -7.37497e-05 0.00625304 0.0164831 -0.0101917 -0.000921403 0.00624942 0.0095146 8.17965e-05 0.00037361 -0.00834812 -0.00634148 3.79311e-05 -0.0205205 -0.00775851 -0.00960021 -0.00129643 0.00182959 -0.00632319 -0.0017491 0.00511995 -0.00647128 0.000446285 0.0232743 0.00582152 -0.000446456 -0.0207799 -0.00280587 0.000509725 0.000162635 -0.00232529 0.000855797 0.0066258 4.69869e-05 -0.00101679 -0.0164842 -0.00141523 0.0275172 -0.0205539 -0.000199062 -0.0067805 -0.000262957 -0.00292394 -0.000440464 -0.0126492 -0.00421844 -0.00520007 
-4.33543e-05 -0.0231258 -0.00240692 0.124442 -0.0206958 -0.001349 0.00982727 -0.00247824 -0.0127477 -0.0148126 0.00821888 -0.00792343 -0.0159945 0.00203064 0.00341379 -0.000674916 -0.0133389 -0.00266727 -0.00941141 -0.00416983 -0.00930389 0.012368 -0.00148437 0.0157223 -0.00688343 -0.0184448 -0.000124237 -0.000981437 -0.00400118 -0.0156509 6.88798e-05 -0.0222058 -0.00510921 0.0245333 -0.00987606 -0.000867583 -6.56097e-05 -0.000196054 0.0106651 -0.0028667 -0.000437012 0.000395784 -0.00809897 0.00319635 0.00649476 -0.00219444 -0.00251387 -0.0113586 0.000647681 0.00191239 -0.00257182 0.00789443 -0.000309683 -0.000523752 0.000768608 0.00481882 -0.0156129 0.00258698 -5.30819e-05 -0.0141042 -0.0257959 0.00020652 0.00261022 -0.00083824 0.019399 0.000365456 0.00275252 -0.00595198 0.0190796 -0.000541395 0.00544303 -0.0134069 -0.000128617 0.00312396 -0.00169008 0.000543326 -0.0106648 0.0122888 -0.00128449 -0.000982369 0.000269133 -0.000891455 -0.000923205 -0.000485346 -0.000909574 -0.00252819 -0.00038357 0.0181666 0.00411926 -0.00428984 0.0130053 0.00573808 -0.000453474 0.000285527 0.000107298 0.00228208 -0.000516955 0.0173868 -0.00262671 -0.00420584 
-0.00125085 0.0436652 0.0191861 -0.0206958 0.233662 -0.00510287 -0.0422815 -0.0170769 0.0546597 0.00397071 -0.0149528 -0.0119763 0.0428492 -0.00452079 -0.00829009 -0.0181956 -0.0291585 -0.00183839 -0.0618841 -0.00804428 -0.0259295 -0.0498509 0.0317351 -0.0265046 -0.0119703 0.0544994 -0.000204976 0.000933958 0.0066541 0.0531684 -6.02449e-05 0.0484825 -0.0169081 -0.00179435 -0.0240458 0.00878735 -0.00147456 0.000613936 -0.00456653 0.0489507 -0.00171008 -0.00018151 -0.0339268 -0.00855552 -0.0102942 -0.00172891 -0.00449902 0.0463811 -8.85826e-05 -0.0134073 -0.0162538 0.0126606 -0.000888539 -0.0145676 -0.00248417 -0.0148252 0.031639 -0.0231539 0.000347691 0.049892 0.0428818 0.00042714 -0.00717779 -0.0264687 -0.0250115 -0.000252583 -0.0560576 -0.0216707 -0.00177276 -0.00494237 -0.00744273 -0.0122645 -0.00788624 -0.00545884 -0.0225115 0.000573403 0.053019 0.00712281 -0.00150606 -0.0359628 -0.00884893 -0.000432675 0.00159177 -0.00467661 -0.0229391 -0.00816625 -0.00101498 0.00264931 0.00856326 -0.0102331 0.012814 -0.0355329 -0.000195433 0.00475526 0.000179454 -0.000426739 -0.000486781 -0.0288438 0.00267939 -0.0166671 
0.000303262 0.00598141 -0.00243565 -0.001349 -0.00510287 0.0308633 0.00149787 0.00164487 0.00725661 -0.00552391 0.00334582 -0.00223707 -0.00505231 -0.00042992 0.00080945 -0.00167041 0.00190033 -0.00127948 -0.00509611 -0.00156329 -0.00140166 -0.00387058 0.00255266 0.00143 -0.00128819 -0.00526775 -3.44689e-05 0.000178416 -7.59807e-05 -0.00046321 -5.42736e-06 -0.0126474 -0.000720191 -6.75415e-05 -0.00168053 7.3579e-05 0.000107149 -0.000337313 0.000968183 -0.00643923 -4.20541e-05 8.44559e-06 -0.00265922 -0.000680715 -0.0038896 0.00153801 -0.00207961 -0.00319923 5.34706e-05 0.00185322 -0.000460464 -0.00102403 -9.6597e-05 -0.000874419 0.000154555 -0.0013217 0.00239873 -0.00367449 0.000682686 -0.00145567 -0.00710744 -4.1671e-05 -0.000594332 0.00236633 0.0014101 0.00017147 -0.00320738 -0.00276776 0.0048433 -7.49234e-05 -0.00019082 -0.00348671 -0.000541977 0.00256683 -0.00067057 -0.00116484 0.00800328 -0.00152034 -8.77845e-05 0.00893909 0.00307177 0.000337878 -0.000160222 0.000559305 0.00542676 0.0064796 0.00104287 0.000812481 -0.00348771 0.000315155 0.00549896 -0.00765721 0.000216812 -0.00185294 2.26388e-05 -0.000274429 -7.0615e-05 0.00443864 0.0012289 -0.000897277 
0.00234845 -0.0181672 -0.00681462 0.00982727 -0.0422815 0.00149787 0.171884 0.0226781 -0.0525397 9.37158e-05 0.012078 -0.00227074 -0.0123701 -0.0039871 -0.00469115 -0.00409362 0.0396148 -0.0081608 0.00846496 0.00492802 0.0739338 0.0179876 0.0245293 0.000241723 -0.00770067 -0.0361801 -3.02182e-05 -0.00172763 -0.0221521 -0.0228122 -3.23116e-05 -0.0394099 -0.0120251 -0.0376529 0.0150984 0.00519262 -0.000864334 -0.00643286 -0.0266443 0.0571094 -0.00231245 -0.000125752 -0.0154817 0.00356523 0.00256448 -0.00446802 0.0100935 -0.0169737 0.000306682 0.00855743 -0.0133215 -0.0306555 -0.000441256 -0.00259019 -0.00032995 0.0172956 -0.0361663 -0.00481129 0.00422836 -0.0220637 0.0276759 -0.000630511 -0.00274544 -0.0243418 0.0119458 9.86265e-05 0.111146 -0.00291502 -0.0216939 0.00459034 -0.00111393 0.0144114 0.00070396 0.0137338 0.0120078 -0.00851518 -0.027585 -0.0154529 0.0041565 -0.0467475 -0.00312831 -0.00101438 0.00026485 -0.00120588 0.0161698 -0.0411467 0.00269523 0.00158863 0.0491488 -0.00334232 -0.091197 0.0566401 0.000241148 0.0103478 -0.000741818 -0.00478018 -0.000902225 -0.0436882 0.00775349 0.00223075 
0.000720664 -0.0142633 -0.00226554 -0.00247824 -0.0170769 0.00164487 0.0226781 0.0486403 -0.0144841 0.0183308 0.0181559 0.00419813 0.00652652 0.00306303 0.00384511 -0.00185399 0.00769421 -0.00140752 0.00197962 0.00462773 0.0231153 0.00385283 -0.00842814 -0.0213876 -0.00276624 -0.0116692 7.1251e-05 -0.00038972 -0.00560668 -0.00495084 4.8217e-06 -0.0121569 -0.00309699 -0.00802474 -0.000923303 0.000217221 -0.00011152 -0.00169501 -0.00566403 0.0065289 -0.000322729 0.00014025 0.00312289 -0.0013046 0.00406259 0.000824175 0.00530941 -0.00457177 0.000279907 0.00957912 -0.00352127 -0.00930561 -2.38432e-05 -0.00118358 -0.000293937 0.00797698 -0.0278715 0.00426623 0.00234475 -0.00553555 0.0155876 -0.000178158 0.00110539 0.000840219 -0.0057846 3.34904e-05 0.0260079 -0.0024906 -0.00274782 0.00423556 -0.00150374 0.0115525 0.00339933 -0.000985364 0.00985683 -0.00204293 -0.0216449 -0.00361333 0.000647319 -0.0109415 -0.000202938 0.000246724 0.00111824 -0.000798968 -0.00207739 -0.0114108 0.00586019 0.000180126 0.0129012 -0.000501177 -0.0162541 0.00258386 0.00217282 -0.00122063 -0.000128681 -2.48693e-06 -0.000179228 -0.0284534 -0.00332315 -0.00101013 
-0.00126852 0.0467432 0.00530874 -0.0127477 0.0546597 0.00725661 -0.0525397 -0.0144841 0.244918 -0.045286 -0.0132051 -0.0172734 -0.00532027 0.00173462 0.00516061 -0.0181266 -0.0276366 -0.00491981 -0.0171626 -0.0125232 -0.0817505 -0.0345852 -0.0111349 0.0218396 -0.00764675 0.0167389 -0.000341944 0.0015454 0.00832324 0.047692 -0.00012716 -0.00600695 -0.00588935 -0.00621494 -0.0120136 0.00613842 -0.00116138 0.00112464 0.0199746 -0.0410114 -0.00268007 9.12547e-05 -0.0550329 -0.00782921 0.0192689 0.00761369 -0.000539937 -0.00501715 -0.000147413 -0.0106023 0.0281095 0.0563444 -0.000493893 -0.0133125 -0.00218151 -0.0357496 0.0586477 -0.0412086 -0.00502041 0.0110552 -0.0148999 -0.0011489 -0.00666677 0.0249368 -0.00681649 -0.000177155 -0.0947072 -0.0239952 0.0239303 -0.00134783 -0.00647947 -0.0368504 -0.00246209 -0.004488 -0.0128494 0.0062011 0.100944 0.00135035 -0.00398367 0.0748218 -0.00478852 -0.000870398 -0.00136048 0.00622618 0.00248114 0.0113937 -0.0105464 -0.00930598 -0.0875683 -0.000398226 0.102733 -0.0824025 -0.00017703 -0.0228282 0.000384585 -0.00937895 -0.000682413 0.0629925 -0.00173853 -0.00957283 
0.00142827 -0.059953 -0.00265453 -0.0148126 0.00397071 -0.00552391 9.37158e-05 0.0183308 -0.045286 0.190534 0.0178891 0.0248708 0.093369 0.00237933 -0.00512878 -0.00953909 -0.0245849 0.00025409 -0.028648 0.0147205 0.0033124 -0.0160133 -0.0668039 -0.129928 0.0140782 0.0244117 1.39157e-05 0.00243517 -0.00217219 0.0227596 -1.04393e-05 0.0767909 -0.0112247 -0.01282 -0.0141185 0.000834371 -0.000583609 -0.00659032 -0.0217705 0.065046 0.00551509 -6.016e-05 0.0499828 -0.00667134 -0.0535678 0.0014527 -0.00105109 0.0402452 -0.000434806 0.0174176 -0.0165521 -0.0232418 0.000318401 -0.00706904 -0.000407241 0.0451575 -0.0552758 0.00376368 0.0133344 0.0462761 0.115799 0.000930517 0.00381706 0.00308315 -0.0275342 -9.0827e-05 0.0200462 -0.007101 -0.0301715 0.0037102 -0.0082155 -0.00665776 0.00713122 -0.00696806 0.0303106 -0.00470257 -0.103869 -0.0134081 0.00269341 -0.0546423 0.00252509 0.000402368 0.00200781 0.00383749 -0.0192887 -0.00402829 0.0161637 -0.0152136 0.035679 0.00372905 -0.0308678 -0.00149068 0.00237806 0.0169801 -7.17894e-05 0.00381756 0.00013818 -0.100811 -0.00740003 0.00886401 
0.000146794 -0.0150274 -0.00207181 0.00821888 -0.0149528 0.00334582 0.012078 0.0181559 -0.0132051 0.0178891 0.0501201 -2.20039e-05 0.00113006 0.00280129 0.00445695 0.000944007 0.00589122 0.000621935 -0.00175337 -0.000865044 0.0110162 0.00670268 -0.00681508 -0.0184382 -0.000874638 -0.0105746 3.07004e-05 -0.000185463 -0.00487637 -0.00432106 4.08106e-05 -0.0163564 -0.00261684 -0.00145506 -0.00420149 -0.00105882 0.000122344 -0.000335821 -0.00294777 -0.000369875 0.000567747 0.000380614 0.00389703 -0.0010925 -0.00839708 0.000748342 0.0015939 -0.00418135 7.06993e-05 0.0177499 -0.00349789 -0.00719257 0.000291616 -0.00129783 0.000441145 0.00408006 -0.0253548 -0.000854855 0.00321147 -0.00215325 0.00216285 8.21981e-05 0.00362217 0.00701184 0.00151727 0.000250235 0.0168459 -0.00183681 0.00123288 0.00622193 -0.000882865 -0.00242951 0.00255432 0.000313643 0.00532922 -0.00227124 -0.0225331 -0.00238965 0.00255775 -0.0092313 0.00474022 0.000376679 0.00045992 -0.000606219 0.00363966 -0.00221528 0.00996488 -0.000644163 0.00931775 0.000724569 -0.00395726 -0.0101909 0.00190238 -0.00164467 -0.000159747 0.000176345 -0.000158484 -0.0198719 -8.62846e-05 0.000706712 
0.000243135 -0.012254 -0.00732599 -0.00792343 -0.0119763 -0.00223707 -0.00227074 0.00419813 -0.0172734 0.0248708 -2.20039e-05 0.0742634 0.0257087 0.00655631 -0.00251071 -0.000924567 -0.00422201 -0.00252052 0.0251805 0.01245 -0.00821391 -0.00348038 -0.0227554 -0.0141731 -0.00317547 -0.00642847 0.000202992 0.000871481 -0.0071601 -0.00259969 -1.46889e-05 0.013422 -0.00347681 -0.0155856 0.00455844 -0.000304489 -0.000370977 -0.00265896 -0.00551338 -0.009572 0.000560562 -5.22586e-05 0.026218 -0.00229327 -0.0002344 0.000302696 -0.00121263 0.0177361 -0.000139648 -0.00209784 -0.0048404 -0.0147309 -0.000105959 0.00149129 9.20943e-05 0.0031638 -0.00683445 0.010246 0.00082416 0.00127272 0.0140328 -0.00022486 -0.000376147 -0.000777145 0.000187849 -1.25862e-05 -0.00594481 -4.17032e-05 0.000413349 -0.000792793 -0.00135101 0.00994128 0.00102837 -0.00234163 0.0108858 -0.00281072 -0.0293262 -0.00594733 -7.58366e-06 0.0107827 -0.000615238 -0.000112399 7.37472e-05 7.13608e-05 -0.00708348 -0.0166968 0.000184379 -0.00533058 0.00522796 0.000891537 -0.0232797 0.0102622 0.000451348 0.00481518 -1.88374e-05 0.00616772 0.00066955 -0.0172363 -0.000919215 0.00021257 
0.00137097 -0.0223836 0.0145894 -0.0159945 0.0428492 -0.00505231 -0.0123701 0.00652652 -0.00532027 0.093369 0.00113006 0.0257087 0.144169 0.00425398 -0.0065524 -0.00850138 -0.0212371 0.00414728 -0.0335157 0.0153477 -0.0084313 -0.0264913 -0.0407203 -0.0909902 -0.00252141 0.0368696 2.89687e-05 0.00187763 -0.0107411 0.0449595 -2.66361e-05 0.0706124 -0.010464 -0.0204168 -0.0140504 0.00286285 -0.000872077 -0.00526671 -0.017202 0.0529318 0.00325232 -2.7635e-05 0.0277208 -0.00569889 -0.0533313 -0.00233675 0.00122997 0.0584378 -0.000130459 0.00209982 -0.0129517 -0.0199875 -0.000231255 -0.00700354 -0.00102255 0.00845055 -0.0114244 -0.0159312 0.00876892 0.0503908 0.0930935 0.000633442 -0.00398496 -0.00100576 -0.0142552 -0.000150153 -0.0146173 -0.0127344 -0.0210982 0.00071317 -0.00495026 -0.00406086 -0.000853485 -0.00424692 0.00396969 -0.00870678 -0.0470338 -0.0120312 0.00134762 -0.0372275 -0.00193544 -0.00106551 0.000970288 -0.000586418 -0.0131322 -0.0225619 0.00610829 -0.00479134 0.0188326 -0.00370844 -0.0184571 -0.0225059 0.00217646 0.013599 -0.000180235 0.00428962 0.000714759 -0.0796328 -0.00384011 -0.00185095 
0.00024377 -0.00486555 -0.00278086 0.00203064 -0.00452079 -0.00042992 -0.0039871 0.00306303 0.00173462 0.00237933 0.00280129 0.00655631 0.00425398 0.0270822 0.00498977 0.00218163 -0.00128451 -0.000186008 0.00818708 0.00421391 -0.00200482 -0.00037064 -0.00378731 -0.00198513 -0.000473399 -0.00514271 0.000256817 0.00148367 -0.00192752 0.00175616 -3.85075e-06 -0.00318179 -0.00109802 -0.0044331 0.000914859 -0.000687779 2.95285e-05 -0.000715175 0.00205629 -0.00818515 0.00139268 0.000239693 0.003546 -0.00067185 0.00120642 0.000239709 0.00287672 0.00059636 0.00028668 0.00400651 0.00460329 0.00170894 -2.5481e-05 -0.000333178 -0.00013635 -0.00314617 -0.0120654 -0.00330863 -0.00055548 -0.00132265 -0.00378206 6.06484e-05 2.4499e-05 0.00578848 -0.00135136 3.55147e-05 -0.0036828 -0.00102825 0.00201942 0.000876655 -0.000884513 -0.000543141 -0.000301779 -0.001085 -0.000560271 -0.000517128 -0.00879567 -0.00149511 0.000409814 0.0052451 0.000560283 2.14049e-05 -0.000105434 0.00320059 -0.00267866 -0.00335744 -0.000515711 0.00223902 -0.00454936 0.000469105 0.000730705 -0.00733408 0.000413702 0.000327791 3.96361e-05 0.000203554 0.000320363 -0.00367208 -0.00119873 0.0011508 
8.92135e-05 -0.00667484 -0.00272508 0.00341379 -0.00829009 0.00080945 -0.00469115 0.00384511 0.00516061 -0.00512878 0.00445695 -0.00251071 -0.0065524 0.00498977 0.0497161 -0.00114839 -0.00446279 0.000329027 0.0238809 -0.00135148 -0.00392301 0.000649305 -0.00287354 -0.0030073 -0.0024116 -0.00723103 -4.18142e-06 0.000520578 -0.00107231 -0.00424645 -1.69113e-05 -0.0138754 -0.00135458 -0.00484628 0.00552801 -0.000716272 0.000673642 -0.00173474 0.000554587 -0.0184715 0.000102018 0.000438174 -0.000794413 -0.00106948 0.0185106 0.000918116 -0.000545206 -0.00301189 0.000486577 0.00232716 0.00779184 0.00254478 0.000462648 0.00287761 0.000386568 -0.00369613 -0.00683075 -0.000170978 -0.000899352 -0.00196397 -0.00953339 -4.05986e-05 0.0045636 0.00378482 -0.00438886 6.41153e-05 0.0034507 0.000780667 0.0149877 -0.000213019 -0.00162132 -0.000385712 0.000389208 -0.00130678 -0.000774682 -0.00140509 -0.00656787 -0.00156702 0.000526872 0.0122177 0.000562833 -0.000185795 -0.000346219 0.000240494 -0.00503636 -0.00359989 -0.000876521 0.00543992 -0.0118584 -0.0016641 0.0029392 -0.0090781 0.000222104 0.000328704 4.52886e-05 0.00201637 -6.66031e-05 -0.00216476 -0.00234087 -0.000698483 
-8.64391e-05 -0.0196172 -0.00325607 -0.000674916 -0.0181956 -0.00167041 -0.00409362 -0.00185399 -0.0181266 -0.00953909 0.000944007 -0.000924567 -0.00850138 0.00218163 -0.00114839 0.0630538 0.0013484 0.000161912 0.0245311 0.00288772 0.0106632 0.0350071 -0.000594368 0.0146179 0.000558812 -0.00985421 0.000246019 -0.000242955 -0.00669462 -0.00880716 3.34758e-06 -0.00135171 0.00273806 -0.00382478 0.0276013 -0.00145321 0.00138725 0.00346502 -0.0147928 -0.012178 -0.000154964 -4.3197e-05 0.00684041 0.00291257 0.0156437 -0.00182351 0.0126924 -0.00354725 -9.9601e-05 -0.00210665 0.00211079 -0.0108999 0.00010726 0.00367693 0.00141372 0.00633684 -0.0329894 -0.001427 -0.000361083 -0.00678001 -0.0110704 0.000140837 0.000568151 -0.00430252 -3.9386e-05 -4.33427e-05 0.0102052 0.00940623 0.000276156 -0.000799758 -0.000645367 -0.000803036 0.00147733 -0.00182797 0.00299641 -0.00248571 -0.0216301 -0.000913908 -0.000769447 -0.00642837 0.000971061 -0.00033939 -0.000329263 -0.000922522 -0.00543674 -0.00725983 -0.000504241 -0.00335095 -0.0207317 0.000529168 -0.00940836 0.0201989 -0.000307089 -0.000239159 -0.000299094 -0.00164348 0.00145266 0.00615491 0.00474835 0.00798928 
0.000283735 0.0185382 0.0144524 -0.0133389 -0.0291585 0.00190033 0.0396148 0.00769421 -0.0276366 -0.0245849 0.00589122 -0.00422201 -0.0212371 -0.00128451 -0.00446279 0.0013484 0.129727 0.0132154 -0.00349077 -0.00227266 0.0481888 -0.00317373 0.0144775 0.0216211 -0.00527263 -0.015552 0.000196765 -0.000778111 -0.00354073 -0.0137482 4.23685e-05 -0.0549382 0.00914769 -0.00886888 -0.000978955 -0.0029099 -0.000523952 3.8463e-05 -0.0271938 0.00746186 -0.0014347 -5.68488e-05 -0.0201231 0.00361145 0.00102566 -0.00322838 0.00723727 -0.0121321 0.000602964 0.0117949 0.00100711 -0.00357285 0.000145683 -0.00505317 -0.000662889 -0.00483163 -0.000874033 -0.00430203 -0.00247789 -0.0162225 -0.0248282 -0.000239807 -0.00102153 -0.00353348 -0.00144497 -2.21574e-05 0.0243492 0.00089919 -0.0169825 0.00395582 0.000307856 0.0166472 -0.000309188 0.0129293 -0.00394559 -0.00541331 0.0150869 -0.00777827 0.00296229 -0.0158794 -0.00122797 -0.000387736 -0.000584609 -0.00140701 0.0289611 -0.00257473 0.00172635 0.000702475 0.0204071 0.000573944 -0.0261284 -0.00267545 -0.000166079 -0.00434806 -0.000387724 -0.00188765 -0.00043392 -0.0202649 0.000985524 -0.00174741 
3.20085e-05 0.00269206 0.0164566 -0.00266727 -0.00183839 -0.00127948 -0.0081608 -0.00140752 -0.00491981 0.00025409 0.000621935 -0.00252052 0.00414728 -0.000186008 0.000329027 0.000161912 0.0132154 0.048877 -0.0109734 -0.00133877 -0.00531609 -0.00506236 -0.00937168 -0.00575989 -0.00108717 0.0204149 1.48427e-05 -0.000166964 0.00816985 0.00542443 3.90019e-05 -0.00252444 0.0109978 0.00834473 -0.00716469 -0.00129451 -0.000234419 0.000106605 -0.00479202 -0.00877635 -0.000337232 -1.78977e-05 -0.00771332 0.00018172 -0.0155372 0.00013963 -0.00127202 0.00105846 0.000232621 -0.00224581 0.00620342 0.0152839 0.000993497 -0.00114394 0.000401235 -0.0016295 0.00971485 -0.0046478 -0.000298847 -0.00185184 -0.00518042 0.000184189 0.00363226 -0.0012772 -0.00329188 6.65155e-05 -0.0132292 -0.00305937 -0.000608679 -0.000810112 -4.58366e-06 -0.000542639 -0.000313217 0.00413033 -0.00230001 0.000543236 0.00206997 0.000405899 -0.000416648 -0.00736685 -0.00138438 1.0473e-05 -0.000161149 -0.000729537 -0.00150304 0.0073792 0.000269762 -0.00230914 -0.00906962 -0.00137559 0.0114958 -0.0154281 0.000308723 -0.00306922 -0.000138335 0.00048229 -5.76043e-05 -0.00393526 -0.00235344 -0.00203413 
-0.000422865 -0.0297491 -0.0296694 -0.00941141 -0.0618841 -0.00509611 0.00846496 0.00197962 -0.0171626 -0.028648 -0.00175337 0.0251805 -0.0335157 0.00818708 0.0238809 0.0245311 -0.00349077 -0.0109734 0.231936 0.0056674 0.0320374 0.0796932 0.0284716 0.0600467 -0.0164475 -0.0894861 0.00014576 -0.00149969 -0.0409531 -0.0362791 -0.000119854 -0.0226124 -0.0147792 -0.0682478 0.0557025 -0.0075769 0.00208333 -0.011051 -0.0557962 -0.0581474 -0.00261059 -1.43128e-05 0.0254699 0.0046942 0.12583 -0.00097541 0.0148088 -0.0170569 -0.00013712 -0.0046635 0.00734192 -0.0506233 -0.00028373 0.0255975 0.00224702 -0.0177019 -0.0379896 0.0304105 -0.00747352 -0.0359681 -0.0453693 -0.00113514 0.00760158 -0.0160697 0.0205339 5.88166e-05 0.0518188 0.0453865 0.0173726 -0.00329444 -0.00700096 0.0300864 0.00596237 -0.00717697 0.0146203 -0.0166107 -0.0392523 -0.024054 0.00184258 0.0540049 -0.0065537 -0.0013171 -0.00209179 0.00146682 -0.0107117 -0.0699508 -0.00971462 -0.0127961 -0.0251881 -0.00140404 -0.0592805 0.0859937 -0.000994867 0.0116521 -0.000179796 0.00423142 0.00132358 0.0239334 -0.00459427 -0.00728474 
0.00116409 -0.00923565 -0.00478193 -0.00416983 -0.00804428 -0.00156329 0.00492802 0.00462773 -0.0125232 0.0147205 -0.000865044 0.01245 0.0153477 0.00421391 -0.00135148 0.00288772 -0.00227266 -0.00133877 0.0056674 0.0554964 0.00499012 -0.00153079 -0.0117664 -0.0164427 -0.00077657 -0.0102573 5.9715e-05 -0.000476146 -0.00481658 -0.00628603 -7.71791e-06 0.00866168 -0.000966694 -0.00901343 0.00711735 0.00179911 -5.27506e-05 -0.00161953 0.000922529 0.00471271 0.000795357 -2.95215e-05 0.0109628 -0.00124159 0.00114891 -0.0012933 0.00339577 -0.000126932 1.39199e-05 -0.000974404 -0.00368651 -0.00407635 -2.98942e-05 -0.00197154 0.000891561 0.00205925 -0.0142445 -0.00110107 -0.000186681 -0.00549852 0.0196202 -0.000196966 0.000290229 -0.0026629 -0.00332105 -2.33695e-05 0.0139137 -0.00172674 -0.0043375 -0.000964574 -0.000738397 0.00598697 0.00426761 0.000660447 0.00759988 -0.00268169 -0.0187187 -0.00310211 0.000340928 -0.0076635 -0.00108172 -0.000383094 -0.000167592 -0.000519819 -0.00435346 -0.00957148 0.000185384 -0.0025729 0.00460543 -0.000430223 -0.0193712 0.0186788 0.000470797 0.00142275 -7.33437e-05 0.000632377 0.000353008 -0.0171057 -0.00157583 -9.92944e-05 
0.00145156 -0.00672898 -0.00998637 -0.00930389 -0.0259295 -0.00140166 0.0739338 0.0231153 -0.0817505 0.0033124 0.0110162 -0.00821391 -0.0084313 -0.00200482 -0.00392301 0.0106632 0.0481888 -0.00531609 0.0320374 0.00499012 0.206851 0.0332065 0.036151 0.0138884 -0.0100292 -0.0601252 8.86381e-05 -0.00285848 -0.0339957 -0.018446 -8.49846e-05 -0.0325151 -0.0135647 -0.0480489 -0.00100936 0.00299081 -0.000248237 -0.00916857 -0.0525731 0.0533294 -0.00261411 -8.78587e-05 -0.00487284 0.00456199 0.0461567 -0.00536151 0.0127148 -0.00904119 0.000170107 0.0134297 -0.0154137 -0.0512185 -0.00072747 0.0067398 -0.00148265 -0.000864665 -0.0395852 0.0135954 0.00290457 -0.0178426 0.00747809 -0.00108788 0.00104479 -0.0246136 -0.00357636 -0.000219794 0.110593 0.0323824 -0.0302914 0.00261016 -0.00159318 0.0346609 0.0019434 0.00777193 0.0173778 -0.0152479 -0.0376985 -0.0193489 0.00453249 -0.0581813 -0.00490484 -0.00135927 -0.000878026 -0.00488997 0.0171139 -0.0507356 0.00148133 -0.00343531 0.0597444 -0.00682917 -0.108346 0.0652865 9.06396e-05 0.0202659 -0.0010575 -0.000699052 -0.000302636 -0.0657204 0.00457013 -0.00864889 
0.000926343 -0.0695571 -0.012483 0.012368 -0.0498509 -0.00387058 0.0179876 0.00385283 -0.0345852 -0.0160133 0.00670268 -0.00348038 -0.0264913 -0.00037064 0.000649305 0.0350071 -0.00317373 -0.00506236 0.0796932 -0.00153079 0.0332065 0.197448 -0.00763116 0.0431584 -0.00411188 -0.0469131 0.000255752 -0.00157185 -0.0215068 -0.0318991 -3.68354e-05 -0.00900429 -0.004876 -0.00943867 0.0469202 0.000217738 0.0018046 0.00273526 -0.0257143 -0.0282356 -0.00224834 -0.000141201 0.00684454 0.0112513 0.0719269 -0.00230088 0.0173856 -0.0210099 -0.00024224 -0.0101781 -0.00348694 -0.01213 -0.000614771 0.0200461 0.0030152 0.0112969 -0.049787 0.00091786 0.00115029 -0.0287109 -0.0313277 0.000112767 0.00715433 -0.0257109 0.0103377 9.98381e-05 0.0417862 0.0235545 0.0123767 -0.0025623 -0.00429986 -0.00897026 0.000509278 -0.00889812 0.0170346 -0.0069252 -0.0552654 0.00776614 -0.00211435 0.0148852 -0.00244426 -0.000669205 -0.00106259 -0.00183562 -0.00995234 -0.0362862 -0.00190995 -0.0107158 -0.0380804 -0.00180539 -0.0265286 0.0450475 -4.72309e-05 0.00348739 -0.000226034 0.00247369 0.00142605 0.019901 -0.00834145 -0.000483401 
-0.001525 0.0692373 -0.0199074 -0.00148437 0.0317351 0.00255266 0.0245293 -0.00842814 -0.0111349 -0.0668039 -0.00681508 -0.0227554 -0.0407203 -0.00378731 -0.00287354 -0.000594368 0.0144775 -0.00937168 0.0284716 -0.0117664 0.036151 -0.00763116 0.233366 0.0896463 -0.0193709 -0.0440022 -9.04046e-05 -0.00282858 -0.0371039 0.00171423 -0.000115385 -0.0409819 -0.0184862 -0.0561637 0.000447826 -0.00715652 -0.000146532 -0.00821161 0.00108973 0.040405 -0.00318022 -4.43996e-05 -0.0234955 0.00929518 0.0564016 -0.00220327 -0.00520289 -0.0146998 -0.000917779 -0.00124823 -0.00867564 -0.0651521 -0.00105819 -0.000380469 -0.00254051 -0.0408258 0.0315328 0.0308868 -0.00834798 -0.00810454 -0.0703172 -0.00134098 -0.00625932 -0.02022 0.0168154 -0.000137354 0.0388161 0.0168201 0.0057837 0.00270142 0.00546534 0.0273376 -0.00551544 -0.00856404 -0.0249679 -0.0170205 0.0436645 -0.0220612 -0.00213806 -0.02063 -0.0071165 -0.00211111 -0.00143704 -0.00610375 0.0231739 -0.0725461 -0.0086618 -0.00173093 0.0499573 -0.0101933 -0.0348288 0.0450019 -0.00169361 0.00317579 -0.0011124 -0.00694951 -0.00102718 0.0160349 0.00333577 -0.009005 
-0.00183705 0.0892364 -0.0261887 0.0157223 -0.0265046 0.00143 0.000241723 -0.0213876 0.0218396 -0.129928 -0.0184382 -0.0141731 -0.0909902 -0.00198513 -0.0030073 0.0146179 0.0216211 -0.00575989 0.0600467 -0.0164427 0.0138884 0.0431584 0.0896463 0.234714 -0.0198216 -0.0678458 5.74054e-05 -0.00342721 -0.0378797 -0.0254937 -0.000174996 -0.0531177 -0.00822675 -0.0316659 0.0221088 -0.00850619 0.000117998 -0.00528546 0.0181124 -0.0587298 -0.00530888 -0.000359341 -0.0371445 0.00566695 0.0815881 -0.000999693 -0.00616484 -0.0412391 -0.000493302 -0.013565 0.00839143 -0.031247 -0.0021211 0.00948934 -0.00188011 -0.045054 0.0499739 0.0111417 -0.0143055 -0.0517275 -0.133507 -0.00206238 -0.00419542 0.000853942 0.0359944 -8.73421e-05 -0.00768824 0.0192792 0.0324357 -0.00367645 0.00840663 0.00638371 -0.00525488 -0.00989095 -0.0181734 0.00139861 0.0917478 0.00122822 -0.00444033 0.0630966 -0.00575612 6.65805e-05 -0.00401286 -0.00374059 0.0227272 -0.0353308 -0.0181027 0.000324285 -0.0262308 0.00100839 0.00654089 0.0251048 -0.00301357 -0.0174698 -0.000408939 -0.00484971 -0.000422273 0.109902 0.00431568 -0.00688347 
2.13171e-05 -0.00480027 -0.00126757 -0.00688343 -0.0119703 -0.00128819 -0.00770067 -0.00276624 -0.00764675 0.0140782 -0.000874638 -0.00317547 -0.00252141 -0.000473399 -0.0024116 0.000558812 -0.00527263 -0.00108717 -0.0164475 -0.00077657 -0.0100292 -0.00411188 -0.0193709 -0.0198216 0.0568937 0.0201386 0.000189482 0.00186103 0.0164833 -0.00557978 5.61172e-05 0.000736428 0.0161188 0.0201705 -0.00669331 -0.000681848 -0.000265511 0.001837 0.00253083 -0.00617286 -0.000463828 -2.93323e-05 0.00620092 0.000473085 -0.021998 -3.27946e-05 -0.00199968 -0.00349184 -0.000131665 0.000229443 0.00404468 0.0101061 0.000635406 -0.00241783 -0.000152976 0.010737 -0.00305785 -0.00729313 -0.000185648 0.00173054 0.00926166 0.00120262 -0.000514525 0.00434056 -0.00407707 -4.96681e-05 -0.0104184 -0.0040989 -0.00541349 -0.000552953 -0.00055832 -0.0070828 -0.000628957 0.000351202 -0.0017428 0.000833646 -0.0106593 0.00279482 8.71539e-05 -0.00539647 0.00196694 0.000762191 0.000960095 0.00243913 -0.00263402 0.0320957 0.00164162 -0.00252162 -0.0142556 0.00596579 0.0115136 -0.0159394 -0.000105043 -0.00351517 0.000245905 -0.00117308 0.000128153 0.0103815 -0.00145145 0.0113307 
-0.00111013 -0.00731875 0.0338972 -0.0184448 0.0544994 -0.00526775 -0.0361801 -0.0116692 0.0167389 0.0244117 -0.0105746 -0.00642847 0.0368696 -0.00514271 -0.00723103 -0.00985421 -0.015552 0.0204149 -0.0894861 -0.0102573 -0.0601252 -0.0469131 -0.0440022 -0.0678458 0.0201386 0.196538 -7.29199e-05 0.00344452 0.0646428 0.0310643 0.000168941 0.0255305 0.0212952 0.0551851 -0.0276445 0.000848107 -0.00110451 0.0167962 0.0229047 0.00690251 -0.000899485 -0.000136973 -0.014774 -0.00286146 -0.100559 0.00411299 -0.00566899 0.021903 -0.000365426 -0.0108725 0.0111953 0.0628438 0.00141324 -0.012159 -0.000470914 0.0112033 0.023412 -0.0273659 0.00227238 0.0406469 0.0302731 0.00173512 -0.000471158 0.000961573 -0.0123837 -0.000217446 -0.0602409 -0.0245628 -0.019197 -0.00335046 0.0044549 -0.0312617 -0.00625979 0.000207733 -0.012039 0.0139665 0.0210819 0.00942237 -0.00231118 -0.0381553 -0.00379395 0.00105247 0.00194526 -0.00181679 -0.016338 0.0500788 0.00467629 -0.0107482 -0.0209314 -0.00375285 0.0559286 -0.0805792 3.38439e-05 -0.008813 -0.000367105 0.000493636 -0.000212114 -0.0106963 -0.00429126 0.00354407 
2.62741e-06 -0.000152367 -1.17899e-05 -0.000124237 -0.000204976 -3.44689e-05 -3.02182e-05 7.1251e-05 -0.000341944 1.39157e-05 3.07004e-05 0.000202992 2.89687e-05 0.000256817 -4.18142e-06 0.000246019 0.000196765 1.48427e-05 0.00014576 5.9715e-05 8.86381e-05 0.000255752 -9.04046e-05 5.74054e-05 0.000189482 -7.29199e-05 0.00129354 7.79453e-06 -0.000108483 -9.44858e-05 -1.2508e-08 -0.000263002 -2.0475e-05 -0.000135026 1.05138e-05 -2.34288e-05 2.59521e-05 -1.50424e-05 -0.000203686 -0.00021677 -3.29362e-06 -1.16058e-06 0.000119193 -2.52753e-05 9.22572e-05 -1.10093e-05 4.48095e-05 3.57976e-05 1.75979e-05 0.000128445 -3.5431e-06 -0.00017265 4.22294e-06 0.000203752 8.2448e-05 -5.83063e-05 -0.000157925 -0.000110534 1.46619e-06 1.07183e-05 -0.000150423 9.1523e-06 3.08213e-05 3.2701e-05 -0.000114182 3.17675e-06 -1.37116e-05 9.47593e-05 0.000161909 7.02599e-05 -2.54947e-05 7.85046e-05 -7.72994e-06 -1.13175e-05 -3.25371e-05 9.95389e-05 -0.000286585 -3.21494e-05 1.38839e-05 6.12886e-05 -2.38316e-05 -1.59226e-06 4.06117e-06 9.44972e-07 2.21783e-06 5.63448e-06 1.03659e-05 0.000101562 -0.000249779 1.7998e-05 -0.000355458 -0.00042566 5.71289e-06 -6.5492e-05 1.02369e-06 5.61723e-05 0.000165379 -0.000451133 -5.40642e-05 2.55224e-05 
-3.86263e-05 -0.00246852 -0.000655438 -0.000981437 0.000933958 0.000178416 -0.00172763 -0.00038972 0.0015454 0.00243517 -0.000185463 0.000871481 0.00187763 0.00148367 0.000520578 -0.000242955 -0.000778111 -0.000166964 -0.00149969 -0.000476146 -0.00285848 -0.00157185 -0.00282858 -0.00342721 0.00186103 0.00344452 7.79453e-06 0.0104612 0.00153547 0.00298345 -1.4782e-06 -0.000105363 0.000209151 -0.00104153 -0.000755574 -0.000196562 -1.99835e-05 0.000414904 -0.00150437 -0.00194305 0.000596056 4.04261e-05 -0.000740897 -0.0002784 -0.0025777 0.000154603 -0.000350622 0.00146839 4.5301e-05 -1.18654e-05 0.00154455 0.00241316 5.6446e-05 -0.000248729 -8.51257e-05 0.00104561 -0.00295997 -0.00125163 7.80708e-06 0.0027857 0.00111708 0.000515498 -0.000270266 0.000572116 -0.000910851 1.49695e-05 -0.00303988 -0.000911936 -0.000314243 -0.00010048 -0.000327562 -0.0012994 -0.00026685 -0.000143147 0.000118148 -0.000229036 -0.0022709 -0.000605835 -2.2518e-05 0.000141125 -0.000196261 0.000212318 -4.86684e-05 0.00139154 -0.000405361 0.00200253 0.000731073 -0.000156325 -0.00306592 0.000754091 0.00116832 -0.00406051 6.51882e-05 0.000271126 5.5195e-06 -3.07847e-06 0.000128115 -0.000280197 0.000341136 0.00282712 
-0.000544691 -0.0266021 0.0141139 -0.00400118 0.0066541 -7.59807e-05 -0.0221521 -0.00560668 0.00832324 -0.00217219 -0.00487637 -0.0071601 -0.0107411 -0.00192752 -0.00107231 -0.00669462 -0.00354073 0.00816985 -0.0409531 -0.00481658 -0.0339957 -0.0215068 -0.0371039 -0.0378797 0.0164833 0.0646428 -0.000108483 0.00153547 0.108242 -0.0104511 0.000160202 -0.00861607 0.0220673 0.0515469 -0.0161277 -0.000868582 -0.000533188 0.0146206 0.0307384 -0.0283709 3.57344e-05 9.31235e-05 -0.0179681 0.0013709 -0.0450992 0.00211881 -0.00340278 -0.0104477 -9.08307e-05 -0.00230958 0.0140693 0.0754062 0.00152385 -0.00570077 0.000859774 0.00822888 0.0076746 -0.0135867 0.00058039 -0.00920244 -0.00325047 0.00103902 0.00186949 -0.000753917 -0.0112941 -3.80038e-05 -0.0349446 -0.0121608 -0.00190686 -0.000890369 0.00085475 -0.0167595 -0.0024652 0.00110662 -0.00787193 0.0157164 0.0073769 0.0161885 -0.000657687 -0.000502497 -0.00238725 0.00203649 0.000648263 0.00111805 -0.0109096 0.0738588 0.00308949 -0.00127255 -0.0312887 -0.00155933 0.0410942 -0.0444773 -0.000578431 -0.00808186 4.12675e-05 -0.00352824 -0.000408048 0.0216845 -0.00356625 0.000879024 
-0.000320907 0.0336842 0.0126484 -0.0156509 0.0531684 -0.00046321 -0.0228122 -0.00495084 0.047692 0.0227596 -0.00432106 -0.00259969 0.0449595 0.00175616 -0.00424645 -0.00880716 -0.0137482 0.00542443 -0.0362791 -0.00628603 -0.018446 -0.0318991 0.00171423 -0.0254937 -0.00557978 0.0310643 -9.44858e-05 0.00298345 -0.0104511 0.11844 -4.7524e-05 0.0367472 -0.00719451 -0.0242132 -0.0178738 -0.000904939 -0.000703798 -0.00333739 0.00145048 0.0288521 0.000639157 2.13945e-05 -0.0133191 -0.00439424 -0.0303641 0.00241502 -0.00844915 0.0253892 0.000332777 -0.00432008 -0.00812983 -0.0093175 -7.34694e-05 -0.00630452 -0.00111821 -0.0111823 0.0197533 -0.0147403 0.00153408 0.0415098 0.0309677 0.000631878 -0.00379213 0.00328152 -0.0110068 -0.000118581 -0.0345995 -0.012008 -0.00466893 0.000441882 -0.00364383 -0.0127427 -0.00141772 -0.0049979 0.000847736 -0.0052154 0.0173845 -0.00918425 -0.00162475 -0.0157486 -0.00349402 -0.00090046 -0.000472719 0.00194373 0.00108342 -0.0229242 -0.0005841 -0.00728909 0.00288589 -0.00260267 0.0245964 -0.043863 0.000400107 -0.000915199 -4.23401e-05 -0.00217805 0.000108191 -0.0238108 -0.0057965 -0.00543238 
-1.88196e-06 -0.000124061 2.55103e-05 6.88798e-05 -6.02449e-05 -5.42736e-06 -3.23116e-05 4.8217e-06 -0.00012716 -1.04393e-05 4.08106e-05 -1.46889e-05 -2.66361e-05 -3.85075e-06 -1.69113e-05 3.34758e-06 4.23685e-05 3.90019e-05 -0.000119854 -7.71791e-06 -8.49846e-05 -3.68354e-05 -0.000115385 -0.000174996 5.61172e-05 0.000168941 -1.2508e-08 -1.4782e-06 0.000160202 -4.7524e-05 0.000369819 -0.000100425 9.11344e-05 0.00020681 -4.18259e-05 3.13185e-05 9.09606e-09 7.47521e-05 5.90933e-05 -0.000106593 5.50466e-06 -2.98163e-07 -4.12723e-05 7.64615e-05 -0.000143668 -8.16928e-07 -3.63744e-07 -2.17347e-05 3.26846e-07 -6.69922e-06 3.92283e-05 0.000184771 -3.31085e-07 -1.07799e-05 2.87513e-05 2.68304e-05 -0.000143572 -2.38366e-05 1.13326e-05 -3.24353e-05 -4.37181e-05 1.8678e-06 7.10504e-05 1.6291e-05 -1.17609e-05 3.89666e-06 -2.97532e-05 -3.18596e-05 -2.26789e-05 1.49547e-06 5.58881e-05 -3.25115e-05 -1.70887e-06 -6.3845e-07 -1.14135e-05 5.52144e-05 -0.000141852 0.000101855 -4.73634e-06 -8.53417e-05 -5.03293e-06 -6.15956e-07 7.76279e-06 -8.08104e-06 -2.09562e-05 0.000129931 4.16236e-05 -6.95802e-06 -2.79279e-05 -8.82383e-06 6.23724e-05 -8.83766e-05 6.02178e-06 -3.58547e-06 -7.79974e-07 5.15762e-06 -1.60969e-07 -7.93669e-05 -2.38984e-05 3.02073e-06 
-0.00124737 -0.0402154 -0.00407855 -0.0222058 0.0484825 -0.0126474 -0.0394099 -0.0121569 -0.00600695 0.0767909 -0.0163564 0.013422 0.0706124 -0.00318179 -0.0138754 -0.00135171 -0.0549382 -0.00252444 -0.0226124 0.00866168 -0.0325151 -0.00900429 -0.0409819 -0.0531177 0.000736428 0.0255305 -0.000263002 -0.000105363 -0.00861607 0.0367472 -0.000100425 0.249622 -0.0119143 -0.00506283 0.0219073 0.0066805 -0.000706932 -0.012044 -0.0118896 0.0533391 0.000543157 -0.000391357 0.0424623 -0.00746135 -0.0228339 -0.00746017 -0.000306254 0.0465286 -0.00120463 -0.0129699 -0.020669 -0.0180474 -0.000785567 -0.00966424 -0.00207233 0.0210049 -0.00638894 0.0160967 0.00130151 0.0385948 0.0737371 0.000304314 -0.00193645 -0.00637527 -0.0173964 -0.000190847 -0.0320651 0.0045902 -0.0298863 -0.005857 -0.0110324 -0.0268381 -0.00147475 -0.0154169 0.00770801 -0.0118181 -0.0368707 0.00139253 -0.00216849 -0.0431898 -0.00690974 -0.00109029 0.000415272 -0.00099225 -0.0283486 -0.0149008 -0.00131977 -0.0159125 0.0210599 0.000687066 -0.0308961 0.0195894 0.000108288 0.0011135 -0.00110579 0.0064953 0.000229921 -0.0172332 -0.00420117 -0.00168305 
-0.000188755 -0.00503017 0.00804396 -0.00510921 -0.0169081 -0.000720191 -0.0120251 -0.00309699 -0.00588935 -0.0112247 -0.00261684 -0.00347681 -0.010464 -0.00109802 -0.00135458 0.00273806 0.00914769 0.0109978 -0.0147792 -0.000966694 -0.0135647 -0.004876 -0.0184862 -0.00822675 0.0161188 0.0212952 -2.0475e-05 0.000209151 0.0220673 -0.00719451 9.11344e-05 -0.0119143 0.0578283 0.0365272 -0.00349826 -0.00144663 0.000211087 0.00456439 0.0151763 -0.0269258 -0.000231548 -2.43419e-05 -0.00516309 0.00164035 -0.0237983 0.00124487 -0.00144738 -0.00600545 4.02757e-05 -0.00263695 0.00677457 0.0241182 0.00105809 -0.00279671 0.00074319 0.00382119 0.00645204 -0.00629507 -0.00117583 -0.00698859 -0.0132026 0.000715124 0.000259955 0.00767614 -0.00694651 -4.39124e-05 -0.0184928 -0.00515878 -0.00603336 -0.000880234 -0.00141406 -0.00705261 -0.0012469 0.00390469 -0.00311991 0.000745018 0.0140932 0.00926172 -0.000599588 -0.002119 0.000514828 0.000101622 -0.000109119 -0.000500518 -0.00286605 0.0323507 0.000559857 -0.00233258 -0.0146009 0.00388757 0.0180611 -0.0207043 -0.000269069 -0.00416886 -0.000248891 -0.00168895 0.000109883 0.0153205 -0.000422052 0.00341613 
-0.000930022 -0.0325115 0.0146995 0.0245333 -0.00179435 -6.75415e-05 -0.0376529 -0.00802474 -0.00621494 -0.01282 -0.00145506 -0.0155856 -0.0204168 -0.0044331 -0.00484628 -0.00382478 -0.00886888 0.00834473 -0.0682478 -0.00901343 -0.0480489 -0.00943867 -0.0561637 -0.0316659 0.0201705 0.0551851 -0.000135026 -0.00104153 0.0515469 -0.0242132 0.00020681 -0.00506283 0.0365272 0.163866 -0.0227698 -0.00154497 -0.000246438 0.0146206 0.0541615 -0.0466033 0.00160064 0.00012821 -0.00129584 -0.000900107 -0.0621539 0.000111673 -0.00489976 -0.0148683 -0.000167001 -0.000884815 -0.000275769 0.072634 0.000616844 -0.00800633 0.000695252 0.0154837 0.00253085 -0.0196172 0.000440641 -0.00861418 -0.0236016 0.00151112 0.00332814 0.0181893 -0.0181063 -6.68353e-05 -0.0533589 -0.0182007 0.00487066 -0.00261904 -0.00116392 -0.0254212 -0.00463048 0.00199923 -0.0111908 0.0217013 0.0203361 0.0426631 -0.00206823 0.00112533 0.00849481 -2.00446e-05 0.00189235 -0.00221426 -0.0181711 0.0898206 0.00839708 0.0222986 -0.026678 0.00433007 0.0671058 -0.0639261 -0.000797077 -0.00879052 0.00107971 0.000127767 -0.000459838 0.025389 -0.00307187 0.00711803 
