0.0258545 -0.0025755 -0.00312134 0.0021283 -0.00096147 -0.000247541 -0.000719801 0.00127093 -0.00252532 0.0029091 -0.000336428 0.00111095 -0.000167461 -0.000232521 0.000709336 -2.54855e-05 -0.00187985 -0.00178402 -0.00102734 -0.00343333 -0.000792269 -0.000348633 -0.000387654 -0.0012462 0.00561115 -0.000277546 -0.0010429 -0.00630673 -0.000161415 -0.00059679 -0.00213622 -0.000223327 -0.000875793 -0.000863677 0.000784121 -0.000201999 0.0106907 0.00460644 -0.0015103 -0.00146439 0.00440893 -0.00345262 -0.000820199 0.00247038 -0.000743721 0.00230626 -0.000734883 -0.000281251 0.00102446 6.60565e-05 0.00222203 -0.00294601 -0.000434225 -0.000544316 -0.000134852 -2.06025e-05 -0.00107697 0.00245949 -3.98566e-05 0.00127361 -0.00711378 0.00780127 0.000302434 -0.00291644 -0.000527706 0.00627758 -0.000808629 -0.00109575 -0.005948 0.000554875 -0.00484539 0.00193906 -0.00187847 -0.000177081 0.00107309 -0.00186413 -0.00081074 -0.000517134 -0.00928436 -0.000361422 -0.000204491 -0.000300005 -0.000442792 -0.000310321 0.000156362 0.00113368 -0.000688507 -1.47564e-05 0.00814746 -0.00187012 0.00225699 0.000171761 -0.00249038 -0.00336079 -0.00155826 0.00336259 -0.00240579 0.00047429 -0.00243352 -0.00262663 
-0.0025755 0.105984 -0.0214702 0.00836487 0.000834347 -0.00199171 0.0156338 -0.00690887 -0.00245601 -0.004562 0.000594833 0.00895201 -0.00232253 0.000260832 -0.00199011 -0.0061 -0.00762789 0.00527667 -0.00475394 -0.00480428 0.00875773 -0.000887206 -0.0103384 -0.00357233 -0.051239 0.00705087 -0.00504627 0.0713833 0.000672718 -0.00334941 0.0047846 -0.000939645 -0.00355779 0.0262931 0.0193173 -0.00125649 -0.0367992 -0.00557316 0.0561589 0.00878579 -0.0531686 -0.00612307 -0.0191251 -0.0262649 -0.00359241 0.0612327 0.0218999 -0.00251887 -0.00658892 0.00232526 -0.0477424 -0.00808989 -0.000442678 0.00240921 0.000377116 -0.00244538 -0.00561713 0.00263893 0.0147904 0.00465707 0.0157483 -0.0405079 -0.028353 -0.0189192 -0.00420325 -0.0469603 -0.0101934 0.0613801 0.0179646 0.000142194 -0.0301049 -0.0066301 -0.0111112 -0.000392577 -0.00259661 0.026619 0.0266561 -0.0033935 -0.0184392 0.0063263 0.00838078 0.00220612 0.00237453 -0.000887888 -0.00051079 0.00605913 -0.0127555 0.00195373 -0.0160089 -0.00613476 -0.0371894 1.59104e-05 -0.0234769 0.030111 0.0419187 -0.00504232 -0.00240499 -0.00994882 0.00874754 -0.00803409 
-0.00312134 -0.0214702 0.155415 -0.00832329 0.011554 0.00941183 -0.00860301 0.0270002 -0.00243527 -0.00649936 -0.00100416 -0.00639294 -0.00324511 -0.00184664 -0.00536781 0.00942971 -0.0136912 -0.0077417 -0.00609736 0.0450878 -0.00595553 -0.00189399 0.0212247 -0.0058135 0.00447852 -0.00192629 -0.00984355 -0.0392654 0.00685955 -0.00594049 0.00377554 -0.00197238 -0.00349733 -0.00837004 -0.0136134 -0.00101473 -0.024744 -0.00899728 -0.0270594 -0.0315806 0.0435335 0.0123555 0.0311497 0.0479148 -0.00190971 -0.054216 -0.0116741 0.00136389 0.00817124 -0.00143651 -0.00837481 -0.0191665 -0.000770693 0.00169297 -0.000810185 -0.00179524 0.00786038 -0.010638 -0.0161575 -0.0252713 0.0140069 -0.0402769 -0.026898 0.0081512 -0.00218976 0.0373722 0.00493133 -0.0127267 0.0766666 4.9626e-05 0.00120862 -0.00599038 0.0217723 0.000484932 -0.00364815 -0.0155904 -0.00799953 0.00800373 0.0223195 -0.00701172 -0.00208185 -0.00392693 -0.00207314 -0.00611551 0.00205488 -0.00345955 -0.0286347 -0.00212895 -0.0189023 0.043656 0.0522914 -0.00933377 -0.0254612 -0.0180929 -0.0209826 0.00327194 -0.0194817 -0.00556074 -0.00022734 -0.0161781 
0.0021283 0.00836487 -0.00832329 0.132862 -0.00865987 -0.000981097 0.0147439 -0.00233227 -0.0130126 -0.00559217 -0.00103394 0.00225217 -0.00317244 -0.00170738 -0.00270126 -0.00937164 2.29665e-05 0.00752093 -8.92456e-05 -0.0175626 -0.00336942 0.0014682 -0.00143226 0.00226582 -0.0265754 0.00264626 0.000466534 0.00138013 0.0113547 -0.00763147 -0.0166977 -0.00240311 -0.00331299 -0.00900356 0.022275 -0.000714096 -0.0049007 -0.00640749 -0.00985537 -0.0229248 -0.0326737 0.0081875 -0.0240637 -0.0287496 -0.00273312 0.0249632 -0.000848958 0.000894066 -0.00815227 0.00332673 0.00225092 -0.0163954 -0.00153965 0.002853 -0.000614888 -0.00222162 0.00854407 0.0355655 0.0342466 0.0383841 -0.00364527 -0.00161515 0.0349127 -0.00661616 -0.00161545 -0.033292 -0.0219479 0.00442643 -0.0277678 -0.000321469 0.00526795 -0.0054065 0.00516456 0.00164266 -0.0052953 -0.00844139 0.0130253 -0.000768352 -0.0456381 0.00750778 -0.00156153 -0.000142174 0.00833481 1.94072e-05 0.000610745 0.0185517 0.00824391 -0.00154234 -0.0165803 0.0134871 -0.0148536 0.00427546 0.0155067 -0.0113557 0.0328568 -0.00632887 0.0133777 -0.00854543 -0.0113228 -0.0138152 
-0.00096147 0.000834347 0.011554 -0.00865987 0.095036 0.000747175 -0.00237036 0.00155464 -0.00178962 0.00376524 0.00324272 0.00207737 0.00268932 0.00407545 -0.0018696 -0.00224796 -0.00441434 0.0189907 -0.00432871 -0.00119525 0.0009559 -0.00053374 0.0239369 0.00686436 0.00828046 -0.00215359 -0.0053604 -0.000540281 -0.00193181 -0.00317306 0.0113893 -0.00117181 0.00204834 -0.00599405 -0.0041325 -0.00124022 0.00331809 0.00234059 0.00218798 -0.00658673 -0.014498 -0.001062 -0.0170912 -0.00544432 -0.00273078 -0.018826 0.00656111 -0.00264678 0.00963227 -0.000746481 -0.0139727 -0.0112241 0.00111577 -0.000558145 -0.000518767 -0.000608337 -0.0017262 -0.00615008 -0.00618779 0.00200289 -0.00693425 -0.0163664 9.61997e-05 0.0102001 -0.00354675 0.00846847 -0.0157445 0.00175284 0.0068541 -0.000486317 0.00759268 0.00614251 -0.0106995 0.000401581 0.00586388 -0.0119225 -0.00235686 0.00491654 -0.0210604 -0.00384826 0.0015263 -0.00106143 -0.000300742 -0.0015676 -0.000358763 0.000986676 0.00284819 0.00229966 -0.00529873 -0.00228406 0.00391099 0.00174757 -0.00640966 0.00414043 0.00250687 -0.00216993 -0.0102823 -0.00403733 -0.00137619 -0.00469696 
-0.000247541 -0.00199171 0.00941183 -0.000981097 0.000747175 0.016616 -0.000899892 0.00449946 0.000910004 -0.000367403 0.000199089 -0.000732544 -0.000214477 0.000158867 -0.000411924 3.20207e-05 -0.00149385 0.000833479 -0.000581172 0.00636823 -0.000651354 0.000263456 0.00299617 0.000712341 -0.00420156 -0.000414144 -0.000593915 -0.00467719 0.000509134 -0.000265747 0.00220456 -0.000229872 -0.000407376 -0.00322661 -0.00143357 -0.000135648 -0.00541093 -0.000869671 -0.00363354 -0.0114352 0.00400717 -0.00329913 0.0038153 0.00782501 -0.000606446 -0.00668571 -0.000646013 0.0013017 0.00319017 0.000194901 -0.00679619 -0.00203697 -0.000122732 0.00113518 -8.33183e-05 -0.000403976 0.00209476 -0.00298722 -0.00143404 -0.0027325 0.00561684 -0.00618551 -0.00699545 0.00393499 -0.000618968 0.00472646 0.00103802 -0.0026373 0.00595212 -1.67844e-05 -0.00116294 -0.000662822 0.00403236 5.02796e-05 -0.000143175 -0.0018961 -0.0011203 0.00322223 -0.000139419 -0.000654658 -0.000200096 -0.000383308 -0.000547619 -0.000801088 1.23138e-05 -0.000530914 -0.00293943 0.000218067 -0.00115987 0.00805338 0.00788708 -0.000947462 -0.0046857 -0.00208024 -0.00367556 0.00335587 -0.0016202 -0.00105111 -0.000552526 -0.00137529 
-0.000719801 0.0156338 -0.00860301 0.0147439 -0.00237036 -0.000899892 0.0714766 -0.00386152 -0.00835705 -0.00308272 0.000861988 0.00553158 -0.00132945 -0.000657358 -0.00163755 -0.000505391 -0.00639616 0.00829164 -0.00207401 0.00898697 -8.5416e-05 0.000225735 -0.000562737 -0.00104623 -0.0330759 -0.00107538 0.00143374 0.023382 0.00498491 -0.0041508 -0.00437884 -0.000817476 -0.00129416 0.018847 0.0111789 -0.000609439 -0.0180774 -0.00364467 0.00863292 -0.0274197 -0.041489 0.0076878 -0.0174376 -0.00738103 0.00161942 0.0186634 0.00621987 0.00053651 -0.00297726 0.00219855 -0.0349046 -0.00908308 0.000992339 0.0153257 -0.000339934 -0.00135489 0.00500732 0.00431083 0.00458851 0.00340066 0.0152172 -0.0255678 -0.0253537 -0.00184041 0.00974611 -0.0275576 -0.0133076 0.0217405 0.00737672 0.000447962 -0.0137392 -0.00426318 -0.000781342 0.000986279 -0.00289549 -0.00661626 0.0173413 -0.00197567 -0.027919 0.00255174 0.000452464 0.000328669 -0.000477666 0.00456319 -4.58617e-05 -0.00549165 -0.00329725 0.000289927 -0.0093471 0.0165674 -0.0184905 0.000369197 0.00973343 0.00998817 0.0433709 -0.00275561 0.00818795 -0.00636396 0.014245 0.00152 
0.00127093 -0.00690887 0.0270002 -0.00233227 0.00155464 0.00449946 -0.00386152 0.0562157 0.00151595 -0.000996454 -0.000886633 -0.00273524 6.57781e-05 -0.000464896 -0.00155418 0.00467543 -0.00381942 -0.00230126 -0.00214158 0.0122116 -0.00189842 -5.67524e-05 -0.000517969 -0.00207487 0.00810491 0.000504713 -0.00331352 -0.0114281 0.00113664 -0.0018064 -0.00343653 -0.000854531 -0.00205847 -0.00758978 -0.00495781 -0.000160562 -0.000134346 -0.00135866 -0.0101939 -0.0113085 0.0170223 -0.00234076 0.0165919 0.022356 -0.0020075 -0.0196927 -0.00351162 -0.00128027 -0.00209945 -0.000349188 -0.00438375 -0.00409986 -0.00112809 0.00051165 -0.000295234 7.04009e-05 0.00189802 -0.0101036 -0.00350424 -0.00709049 -0.000233513 -0.00217847 -0.0084631 0.00336338 -0.00289572 0.0177502 -0.00718875 -0.00853861 0.0119025 -0.000348353 -0.000171173 -0.00233691 0.00812593 0.00150959 -0.0017654 -0.00589982 -0.00303544 -0.000509336 0.00639045 -0.00223866 -0.000398798 -0.00168132 -0.00166703 -0.00249958 0.000104312 -0.00148902 -0.00673353 -0.000619794 -0.000302879 0.00738736 0.0158686 -0.00245286 -0.0107102 -0.00668839 -0.0127353 0.00401891 -0.00538224 0.00216435 0.000109193 -0.00369864 
-0.00252532 -0.00245601 -0.00243527 -0.0130126 -0.00178962 0.000910004 -0.00835705 0.00151595 0.104734 -0.00293053 -0.00150124 -0.00264159 -0.000495946 -0.00133124 -0.0018739 -0.00393597 -0.00826697 -0.0108463 0.00332571 0.00425022 -0.00195138 0.000538819 0.0071044 -0.00491759 0.0156589 -0.00208897 0.0107314 -0.00535626 -0.00403192 0.0150263 0.0301813 0.000958556 -0.000243084 -0.00597113 -0.00929787 -0.000139911 -0.0289166 -0.00198098 -0.000632349 0.00755922 0.0247879 -0.0119959 0.00252958 0.0185214 -0.000489429 0.00111858 -0.000737656 -0.00261405 0.00537049 -0.0013136 -0.0128117 0.038165 -0.000205006 -0.00457168 0.000708127 0.00208281 -0.00411183 -0.0213122 -0.00640123 -0.0161229 0.0170218 -0.0167988 -0.0301499 -0.0083462 -0.00310545 -0.0122561 -0.00594459 -0.010411 0.0186652 0.000217848 0.00765397 -0.00150564 -0.0155532 -0.000683243 -0.00517103 0.00219355 -0.00831574 -0.00111898 0.0240469 -0.000126981 0.00210127 -0.00209136 -0.00473248 -0.00490163 -0.000382401 -0.00117752 8.82088e-05 -0.0021067 0.00076401 -0.00717149 0.0292881 -0.00504956 -0.0114259 -0.00011907 -0.0301748 0.00470931 0.00115495 -0.00426121 -0.000722638 0.00273432 
0.0029091 -0.004562 -0.00649936 -0.00559217 0.00376524 -0.000367403 -0.00308272 -0.000996454 -0.00293053 0.039842 0.000656018 -0.00210215 -0.00046596 0.00146458 0.000369463 -0.00175033 -0.000927757 0.00341623 0.00045473 -0.00655374 -0.00108589 -0.000433075 -0.000343635 -3.4255e-05 0.0169372 -2.24868e-07 -0.00189661 -0.00575545 -0.00169335 -3.2992e-06 0.00266561 -0.000512687 0.00123199 -0.00757197 -0.00301056 -0.000502629 0.0152075 0.0103602 -0.0078637 -0.00370956 0.00251816 -0.017813 0.00197744 0.0111803 -0.0014464 -0.0125499 -0.000532869 -0.000625909 0.0022666 -0.000583825 0.00550633 -0.00221145 -0.000401854 -0.000440156 -0.000199326 0.000467913 -0.00270415 -0.00245465 0.00103682 0.0025313 -0.0126345 0.00667036 0.00422035 0.00135383 -0.00161653 0.0156264 -0.00514019 -0.00618482 -0.0136983 -0.000283013 0.00151018 0.0199187 -0.00583972 -0.000344942 0.0134601 -0.00267781 -0.00309667 -0.000231768 0.0119158 -0.000936482 -0.000487346 0.000244444 -0.00119848 -0.00139802 -0.000187704 -0.00310162 0.000508825 0.00104341 0.00198221 -0.00496778 -0.0049293 0.00328303 -0.00881583 -0.00468736 -0.00946818 0.00145271 -0.00333724 0.00328608 -0.00409045 -0.00167614 
-0.000336428 0.000594833 -0.00100416 -0.00103394 0.00324272 0.000199089 0.000861988 -0.000886633 -0.00150124 0.000656018 0.0178612 0.00110578 0.000399861 0.00149569 0.000781564 0.000949728 0.00239712 0.00330018 -0.000602888 0.0073703 0.0022321 -5.12192e-05 -0.000788699 0.00652527 -0.00757403 0.000204338 -0.000891352 0.00484704 -0.000212458 0.00101565 0.00167115 -8.84428e-05 0.00127178 -0.000568557 0.00577534 -4.80345e-05 -0.00590475 9.11653e-05 0.00209938 -0.00497171 -0.0103762 -0.00287229 -0.00231612 -0.00234258 0.000603985 -0.00216974 0.00213652 -0.000338543 0.00411429 0.00286525 -0.00503486 -0.00217469 0.00426136 0.00251838 3.43497e-05 0.000400901 -0.000629131 7.67219e-05 -0.00111611 -0.00126725 -0.00469705 -0.00708977 -0.00243771 0.000302439 -0.000732904 -0.00540672 -0.00333506 0.000829685 -0.000312368 0.000685031 -0.00397126 0.00160163 -0.00275226 0.000991063 0.00032895 -0.00157748 0.00188203 -0.000279407 -0.00632025 0.00118454 0.000405829 0.00156692 -9.23794e-05 8.83876e-05 0.000462577 -0.000874604 -0.00578251 0.00479884 -0.0024166 -0.000496577 -0.00533118 -0.000832407 -0.00431779 0.00304633 0.0015889 0.000268362 0.00213837 0.00025977 0.00650892 0.00325874 
0.00111095 0.00895201 -0.00639294 0.00225217 0.00207737 -0.000732544 0.00553158 -0.00273524 -0.00264159 -0.00210215 0.00110578 0.0515317 -0.000324295 0.0013583 -0.00126317 -0.000693332 -0.0046006 -0.0023609 -0.00135529 -0.00348285 0.00621715 0.00103454 -0.00358135 7.76227e-05 -0.0223398 0.00177807 -0.0026577 0.0201252 0.00432349 -0.00328242 -0.0048947 -0.000591189 0.00209391 0.0177558 0.0103394 -0.000408164 -0.0138392 -0.00286701 0.0292077 0.000367203 -0.02501 0.00713291 -0.0114844 -0.0116621 0.00773775 0.0140882 -7.64958e-05 -0.000527401 -0.00217431 0.00185841 -0.022763 -0.00627101 0.00295812 -0.00107696 -5.62858e-05 0.00103576 0.00591559 0.00306628 -0.00535868 -0.00682987 -0.00183734 -0.0172451 -0.0157787 -0.00630582 0.00337896 -0.0211686 -0.00585252 0.0200304 0.0112354 0.000106484 -0.0156045 -0.00312664 -0.00271842 0.0021201 -0.00181457 -0.00063361 0.017404 0.001044 -0.0191334 -0.00114659 0.000319661 0.00817527 -0.00125703 0.00586714 0.000131155 0.00939691 -0.0224154 0.00340633 -0.00734572 0.00365571 -0.0158631 -0.00271342 -0.00614381 0.0129482 0.0256633 -0.000618404 -0.00230583 -0.00346826 0.0113737 0.00364416 
-0.000167461 -0.00232253 -0.00324511 -0.00317244 0.00268932 -0.000214477 -0.00132945 6.57781e-05 -0.000495946 -0.00046596 0.000399861 -0.000324295 0.0254779 0.000669152 0.000285601 0.00105628 0.0035939 -0.00155761 4.0193e-05 -0.00294694 -0.000508374 -0.00015807 -0.000195222 0.000118294 0.00742667 -0.000636766 0.000720364 -0.00480464 -0.00107412 0.000472638 -0.000899392 7.24664e-06 -5.13823e-05 -0.00369798 -0.00156287 0.000251473 0.00681646 0.00172421 -0.000716612 0.00233628 0.00159067 -0.00410497 0.00146162 -0.00366724 6.26375e-05 -0.00306257 -0.000158065 -0.000626272 0.000237197 -0.000386941 0.00368118 0.00271755 -0.000309714 -0.000254723 -4.37269e-06 -0.00060809 -0.00164483 -0.00181315 -0.00221921 -0.000299827 -0.00360543 0.00525934 -0.000348387 -0.00345356 -0.00133213 0.00114987 0.000476607 -0.00198307 -0.00278806 0.000347061 -0.00243979 0.000638081 -0.00308284 0.000430387 -0.000750067 -0.00107226 -0.00153514 -0.000714738 -0.00565326 -0.000132043 -0.000266543 -0.000420333 -0.00126001 -0.000151888 -8.47335e-05 -0.00125948 0.0030082 0.000145167 0.00432 -0.00230634 0.00547295 -0.00107774 0.00148807 -0.00179547 -0.00269363 -0.000648368 -0.00151088 0.00364129 -0.00187671 0.00367101 
-0.000232521 0.000260832 -0.00184664 -0.00170738 0.00407545 0.000158867 -0.000657358 -0.000464896 -0.00133124 0.00146458 0.00149569 0.0013583 0.000669152 0.0134958 -0.000345905 0.00042444 0.00230276 0.00328782 -0.000462759 -0.000869025 0.00112358 9.51538e-05 -6.81024e-05 0.00377009 -0.00452707 9.47355e-05 -0.000638168 0.002816 0.000977894 -0.000604408 6.2656e-05 -0.00011083 0.00353953 -0.00240043 0.0016701 -3.2627e-05 -0.000621382 -0.000643117 -0.00117115 -0.00482035 -0.00712644 -8.48964e-05 -0.00219607 -0.00210899 3.8604e-05 -0.00275096 0.00293726 0.000116783 0.0028049 -5.45554e-05 -0.00208951 -0.00131103 0.00213048 0.0027881 -2.403e-05 0.000382258 9.08109e-05 -0.000124831 0.000483232 0.00272071 -0.00309818 -0.00321677 -0.00230591 0.00368879 0.00075993 -0.00194198 -0.00197134 -0.000721357 -0.00387654 6.37368e-06 -0.00342145 0.00181198 -0.00208898 -7.4589e-05 0.00313272 -0.000988136 -0.000495629 0.00255858 -0.00219346 -0.000227323 5.70673e-05 0.00197273 -4.00568e-05 -0.000171089 -2.49327e-05 0.00279178 0.000638988 0.00211145 -0.00167731 -0.00144609 -0.00376696 0.000205417 -0.00243455 -0.000867861 0.000798534 -0.000260584 -0.00141347 0.00213218 0.000796947 -0.000948832 
0.000709336 -0.00199011 -0.00536781 -0.00270126 -0.0018696 -0.000411924 -0.00163755 -0.00155418 -0.0018739 0.000369463 0.000781564 -0.00126317 0.000285601 -0.000345905 0.0289521 -0.000818178 0.00169849 0.00588167 0.00378782 -0.00258851 0.000503846 0.00324356 0.000673192 0.0056787 0.00267641 0.000410318 -0.000531087 -0.00509359 -0.00144461 0.000685905 -0.00276517 0.000792734 0.00299092 -0.00469919 0.000623236 0.00131901 0.00248207 0.0014387 0.00176649 0.00342687 -0.00916118 -0.0109277 -0.000274579 -0.00373154 -0.00075994 -0.000351845 0.000782356 0.00145456 -0.00065916 -0.000115497 -0.00866296 -0.00114315 -0.000432469 -0.00102486 0.000389996 -0.000627232 0.000172639 0.00108894 0.00302821 0.0065603 -0.00869719 0.00704484 0.00425631 -0.00385049 -0.000879164 0.00468662 0.00147293 -0.00278575 -0.00954011 0.000596655 -0.00269064 0.000421775 0.000874449 0.000295884 -0.000825758 -0.00106694 -0.00144908 -0.000821465 0.00107453 0.00262561 -0.00038338 -0.000391148 0.0020661 0.00115217 -3.9578e-05 -0.00248218 0.00256307 -0.000215207 0.00465284 -0.00304532 -0.00415535 0.000854693 -0.00374385 -0.00257796 0.00187798 -0.000859932 0.0078485 -0.0018338 -0.000630748 -0.00122701 
-2.54855e-05 -0.0061 0.00942971 -0.00937164 -0.00224796 3.20207e-05 -0.000505391 0.00467543 -0.00393597 -0.00175033 0.000949728 -0.000693332 0.00105628 0.00042444 -0.000818178 0.0624045 0.00309276 -0.00131461 -0.00234443 0.0249485 0.00689731 6.29527e-06 -0.00474239 0.00260215 -0.00950117 -0.00135448 -0.00127 0.0125419 -0.0026024 -0.00376918 -0.00265006 -0.000749975 -0.0017044 -0.00619112 -0.00318382 -0.000311671 0.00448772 -0.00297547 -0.0046468 9.44558e-07 -0.00146035 0.0153337 0.00653386 0.0113721 0.00819178 -0.0130571 -0.00124385 -0.00162376 -0.00190992 0.00107896 -0.00517372 0.00512024 0.000260545 -3.51094e-05 0.00041688 -0.00117781 0.00415149 -0.00996251 -0.00566301 -0.00325543 -0.007299 -0.0183463 -0.0162623 0.0106221 -0.000169515 -0.00687168 -0.00464271 -0.00604531 0.00936894 -5.58414e-05 -0.0156181 -0.000249319 -0.00249917 0.00157775 0.00263617 -0.00456021 -0.00424606 -0.00173518 0.0115159 -0.00228277 -0.00072625 -0.00153944 0.000706605 0.00463732 0.000392925 -0.00305087 -0.00563449 0.000831321 -0.00612912 -0.00572354 -0.00227971 -0.00231076 -0.000543783 -0.00429733 -0.0100159 0.000602117 -0.000509913 -0.00101937 0.014178 0.0109081 
-0.00187985 -0.00762789 -0.0136912 2.29665e-05 -0.00441434 -0.00149385 -0.00639616 -0.00381942 -0.00826697 -0.000927757 0.00239712 -0.0046006 0.0035939 0.00230276 0.00169849 0.00309276 0.0875554 0.00395664 0.00437275 -0.00846555 -0.00229105 0.000732345 -0.00433063 0.0105104 0.00963673 -0.00207825 0.000205179 -0.0112883 -0.00230936 -0.00496279 -0.00604104 -0.000965851 -0.00210072 -0.0145251 -0.000881269 -0.00018963 0.02257 -0.00315019 -0.0138466 0.00638712 -0.0108601 0.0113417 -0.0178227 -0.0150214 0.000816669 -0.0174959 -0.00254972 -0.00199804 0.000823199 0.000314424 0.0352227 0.00783739 -0.000960585 -0.00202107 -0.000173403 0.00393903 -0.000361991 0.00334391 0.00338366 0.016142 -0.0221177 0.0195705 0.035073 0.0159212 -0.00520012 -0.0197859 -0.0173943 -0.0100519 -0.0274597 -0.000719132 0.00822223 0.00563988 -0.0107673 -0.000734325 0.000441671 -0.00597661 -0.00603429 -0.00271549 0.0011677 -0.00122422 -0.00135732 2.10399e-05 -0.00205741 -0.00135006 -0.000423162 -4.68738e-05 0.00941664 0.00105318 -0.0123025 -0.00997959 -0.0131612 0.011451 0.027046 -0.00405555 -0.0250677 -0.00211041 0.00601676 0.0225695 -0.00762044 0.00371275 
-0.00178402 0.00527667 -0.0077417 0.00752093 0.0189907 0.000833479 0.00829164 -0.00230126 -0.0108463 0.00341623 0.00330018 -0.0023609 -0.00155761 0.00328782 0.00588167 -0.00131461 0.00395664 0.0880184 0.00618972 0.00186203 -0.000129107 0.00614926 0.0240735 0.0264638 -0.0122848 -0.00171929 0.00228501 -0.00576034 0.000673572 0.000521804 -0.00272998 -0.00153714 0.00430121 -0.0183309 0.00205495 0.0011725 -0.00426364 0.00539597 -0.0115121 -0.0282417 -0.0403181 -0.0154459 -0.0177962 -0.0069896 -0.00350308 -0.0158555 0.0137966 -0.000630273 0.00662645 0.00379306 -0.0246257 -0.0113555 0.00370235 0.00401937 -0.000339648 0.000288265 0.0101464 -0.000241332 0.0158194 0.00225495 0.00435456 -0.0185379 0.00156441 0.017063 -0.00259177 -0.00590965 -0.0098461 -0.00667317 -0.0298082 -0.000291625 0.0176102 0.0110967 0.00289911 -0.000291486 0.0110092 -0.00800021 0.00080436 0.0088809 -0.0301736 -0.00238336 0.00069111 -0.00154599 0.00702244 0.000221609 0.000415159 0.00924632 0.0196501 -0.000199919 -0.00699015 0.00592335 -0.018572 0.00318438 -0.0174808 -0.00505016 0.0103289 -0.00320201 0.0130657 -0.00638797 -0.00185618 -0.00808786 
-0.00102734 -0.00475394 -0.00609736 -8.92456e-05 -0.00432871 -0.000581172 -0.00207401 -0.00214158 0.00332571 0.00045473 -0.000602888 -0.00135529 4.0193e-05 -0.000462759 0.00378782 -0.00234443 0.00437275 0.00618972 0.0440156 -0.00631461 -0.00116132 0.00300727 0.00153728 0.00299012 0.000967228 -0.000845933 0.00670307 -0.0124553 -0.00065512 0.00371018 0.00287368 0.000491349 -0.000917468 -0.00364882 -0.00339498 0.00307735 -0.00471123 0.00518116 -0.0047369 0.00636258 -0.00858229 -0.00498852 -0.00211942 0.00138423 -0.00109407 -0.0041166 -0.00151977 0.000798518 -0.00197297 -0.000472111 -0.000530674 0.00184405 -0.000679862 -0.00201807 5.05462e-05 0.000267649 0.000572867 -0.00649134 0.0062297 -0.00395247 -0.000150421 0.0048363 0.00284429 -0.00396073 -0.00207452 -0.00178832 -0.00334977 -0.00610089 -0.0102802 -0.000261457 0.0131488 0.00312402 0.00404357 -0.000258833 -0.000161235 -0.000743346 -0.00201038 -0.00127982 -0.00136563 0.00198891 3.29589e-06 -0.00116868 -0.000125508 -0.000181736 -0.00016809 -0.00234253 0.00401458 -0.000436811 -0.00130587 -0.00132095 -0.00444488 0.000615193 0.000844681 -0.00219524 -0.00318568 0.00075858 0.0111769 -0.00204779 -0.00264794 0.00096127 
-0.00343333 -0.00480428 0.0450878 -0.0175626 -0.00119525 0.00636823 0.00898697 0.0122116 0.00425022 -0.00655374 0.0073703 -0.00348285 -0.00294694 -0.000869025 -0.00258851 0.0249485 -0.00846555 0.00186203 -0.00631461 0.149678 0.000925965 -0.000917882 -0.00606002 0.00507211 -0.0485751 -0.00318371 -0.00159888 0.0201815 -0.00251971 -0.000921137 0.00678509 -0.00242996 -0.00539019 0.00225239 0.00464792 -0.00112032 -0.0392342 -0.011363 -0.000464773 -0.0313173 -0.0147719 -0.01248 0.0143424 0.0437899 -0.00427153 -0.00189913 -0.00453258 -0.000329633 0.0128586 0.00436817 -0.051311 -0.00369878 0.00559052 0.0141643 -0.000575807 -0.000630501 -0.00350545 0.0153169 -0.0125321 -0.00828319 0.00616947 -0.0590979 -0.0537749 0.0162544 0.0088394 0.000703264 -0.00632687 0.0158832 0.059268 0.00111954 -0.0501988 -0.007884 0.00117734 -0.000715338 -0.0074163 -0.00518294 0.00272339 -0.00042951 0.00404399 -0.00624267 -0.000424345 0.00184729 -0.00274203 -0.0049509 0.000623723 -0.0169206 -0.0189196 0.00814685 -0.0223313 0.028371 0.0189854 -0.00514296 -0.00941386 -0.00401363 0.0205915 -0.00166199 -0.00590661 -0.00911212 0.0213029 0.00383315 
-0.000792269 0.00875773 -0.00595553 -0.00336942 0.0009559 -0.000651354 -8.5416e-05 -0.00189842 -0.00195138 -0.00108589 0.0022321 0.00621715 -0.000508374 0.00112358 0.000503846 0.00689731 -0.00229105 -0.000129107 -0.00116132 0.000925965 0.0382535 0.00202558 -0.0034978 0.00565035 -0.0141636 0.00151346 -0.0022888 0.0219703 -0.00128352 -0.00037047 -0.00109063 0.00192621 0.00998317 0.00133421 0.0125719 -0.000318214 -0.00631687 -0.00228692 0.00820351 -0.00386551 -0.0220117 -0.00559022 -0.000903627 -0.00469359 0.0101468 -0.000662652 0.00511008 0.000742769 -0.000934121 0.000764455 -0.0175741 -0.00485673 0.00192137 -0.000219435 0.00207121 -0.000440258 0.000308038 0.00345907 9.81309e-05 -0.00151786 -0.00924119 -0.0130448 -0.00760636 -0.00421566 0.0072685 -0.0116293 -0.00396224 0.00858739 -0.00275092 -0.000271278 -0.0107066 -0.000257009 -0.0038315 0.00111436 -0.000564514 0.00537353 0.00337759 0.000710244 -0.0031184 0.00042854 0.000377429 0.00812706 -0.000538551 0.00497284 0.000372427 0.00285178 -0.0146575 0.00162714 -0.00331018 -0.0041401 -0.0115923 -0.00180958 -0.00581547 0.000727642 0.0066525 0.00302275 -0.000485489 -0.00308034 0.017685 0.00245094 
-0.000348633 -0.000887206 -0.00189399 0.0014682 -0.00053374 0.000263456 0.000225735 -5.67524e-05 0.000538819 -0.000433075 -5.12192e-05 0.00103454 -0.00015807 9.51538e-05 0.00324356 6.29527e-06 0.000732345 0.00614926 0.00300727 -0.000917882 0.00202558 0.0158309 0.00440616 0.00681705 -0.000903791 -0.000162748 -7.09401e-05 -0.00126087 0.000480748 0.0029664 0.00149319 -4.48942e-06 0.00121922 -0.00221503 0.00011057 0.00143533 -0.00424822 -0.000160273 -0.00209971 -0.00287043 -0.00522476 -0.00578086 -0.00279251 9.76392e-05 0.00110082 -0.00476569 0.00059748 9.54901e-05 -6.85076e-05 3.39595e-05 -0.00701476 -0.000836431 -8.41984e-05 -0.000473171 0.00023781 -0.000346069 0.00289673 -0.0015309 0.0040879 -0.00108815 -0.000894143 -0.00486211 2.34925e-06 -0.0010781 9.83893e-05 -0.00399942 -0.00270582 -0.00118842 -0.0050177 -0.000110882 0.00538487 0.000395286 0.000279136 0.000246042 -0.000717456 -0.000375659 -0.000645991 -0.000270093 -0.00359185 -0.000475761 -0.000108678 0.00163967 0.00102628 0.00229369 -2.11151e-05 0.000320152 0.00141741 -7.29752e-05 0.000417306 0.000503328 -8.93894e-05 -0.000339172 -0.00333668 -0.00138595 -0.00135917 0.000974113 0.00557743 -0.00143274 0.000705124 -0.0006158 
-0.000387654 -0.0103384 0.0212247 -0.00143226 0.0239369 0.00299617 -0.000562737 -0.000517969 0.0071044 -0.000343635 -0.000788699 -0.00358135 -0.000195222 -6.81024e-05 0.000673192 -0.00474239 -0.00433063 0.0240735 0.00153728 -0.00606002 -0.0034978 0.00440616 0.0930656 0.00849135 0.0234439 -0.00271732 -0.00372587 -0.0231121 0.00188807 0.00940148 0.0261659 -0.00104896 0.000991026 -0.0210834 -0.00814029 0.000444376 0.00115555 0.01138 -0.0227565 -0.0196247 0.0087539 -0.0165554 -0.0177855 0.0146969 -0.0044319 -0.0379223 -0.00162372 -0.00195576 0.0114362 -0.000840986 -0.0148466 -0.00691837 -0.00157795 0.000871151 -0.000513866 -0.000968249 0.0103413 -0.011985 0.000207393 -0.0115171 0.0107572 -0.0145974 -0.00215328 0.00237503 -0.000224836 0.00467062 -0.00741033 -0.0144511 -0.00487576 -0.000662947 0.0376891 0.00288825 -0.00373393 -0.000522743 0.00177368 -0.0117527 -0.00366804 0.0108071 -0.0261059 -0.00405986 -0.00106213 -0.00275392 0.00782125 -0.00355024 -0.000164991 -0.000848841 0.0164392 -0.00174617 0.00602182 0.00854828 0.0300646 -0.00126293 -0.0246086 -0.00678324 -0.0160568 0.00504355 -0.00536164 -0.00634222 -0.00836944 -0.0119572 
-0.0012462 -0.00357233 -0.0058135 0.00226582 0.00686436 0.000712341 -0.00104623 -0.00207487 -0.00491759 -3.4255e-05 0.00652527 7.76227e-05 0.000118294 0.00377009 0.0056787 0.00260215 0.0105104 0.0264638 0.00299012 0.00507211 0.00565035 0.00681705 0.00849135 0.0469889 -0.0135657 -0.000565376 -0.00142296 0.00212471 -0.00136571 0.00168321 -0.000646773 -0.000549767 0.00947105 -0.00884392 0.00763985 0.00224752 -0.00901581 -0.000415992 -0.00648843 -0.01676 -0.0263448 -0.00550886 -0.0101559 -0.00412219 0.000764432 -0.017767 0.0113898 -0.00010905 0.0113301 0.00432207 -0.0149084 -0.00556081 0.00685239 0.00114803 -0.000100866 0.00238075 0.00455839 0.00174525 0.00567005 0.0018905 -0.007003 -0.0159047 -0.00257865 0.0136389 0.000801249 -0.0148831 -0.00873499 -0.00672513 -0.0150045 -0.000102844 0.00154662 0.00905645 0.000287465 0.000140097 0.002693 -0.00385716 -0.00264133 0.00806669 -0.0178207 -0.00171249 -0.000404635 0.00393704 0.00323024 0.00123349 0.000520465 0.0107481 0.000326494 0.00240851 -0.00572748 -0.00169349 -0.0119972 -0.00124607 -0.0014356 -0.00496614 -0.00811196 -0.000237781 0.00949187 0.00183247 0.00589753 0.00303864 
0.00561115 -0.051239 0.00447852 -0.0265754 0.00828046 -0.00420156 -0.0330759 0.00810491 0.0156589 0.0169372 -0.00757403 -0.0223398 0.00742667 -0.00452707 0.00267641 -0.00950117 0.00963673 -0.0122848 0.000967228 -0.0485751 -0.0141636 -0.000903791 0.0234439 -0.0135657 0.246558 -0.00762398 -0.00644133 -0.090602 -0.0169202 0.0221653 0.0116246 -0.00539596 -0.0122164 -0.0559873 -0.0307637 -0.00309526 0.120582 0.0245932 -0.0839354 0.0487865 0.117461 -0.0484434 -0.00622343 0.0234689 -0.0138736 -0.0854855 -0.0222383 -0.0122742 -0.00286692 -0.00684082 0.0936448 0.0232282 -0.00821424 -0.0186337 -0.00235341 0.00167037 -0.0204758 -0.0230373 -0.00141129 0.00348269 -0.0693441 0.0941042 0.0838216 -0.0178762 -0.021206 0.110478 -0.000705524 -0.0576022 -0.0523969 -0.00206342 0.0973545 0.0163834 -0.0477421 -0.00172658 0.00304269 -0.0330622 -0.0323662 -0.0114382 0.0346538 -0.0141693 -0.0055742 -0.0115429 -0.0091345 -0.0150635 -0.00209604 -0.0321745 0.0759407 -0.00759271 0.0597774 -0.0461302 0.0890577 0.0120478 0.00321338 -0.0513172 -0.1046 0.00847518 -0.0101131 0.0146819 -0.0381088 -0.0144934 
-0.000277546 0.00705087 -0.00192629 0.00264626 -0.00215359 -0.000414144 -0.00107538 0.000504713 -0.00208897 -2.24868e-07 0.000204338 0.00177807 -0.000636766 9.47355e-05 0.000410318 -0.00135448 -0.00207825 -0.00171929 -0.000845933 -0.00318371 0.00151346 -0.000162748 -0.00271732 -0.000565376 -0.00762398 0.03025 0.00143426 0.00930928 0.00621665 -0.00041358 0.00109623 -0.000213026 0.000917044 0.00458825 6.65261e-05 -0.000349003 -0.00425047 -0.00159161 0.00472708 -0.00675371 -0.0059947 -0.00544564 -0.000693463 -0.00601564 -0.00089178 0.0110486 -0.000559384 0.00130503 -0.00190555 0.00058476 -0.0074044 0.000804385 -0.000419874 0.000748529 3.71907e-05 0.000120763 0.000190388 -0.00222118 0.000411855 0.00062048 0.00723782 0.000712356 -0.000877157 -0.00485953 -0.000756791 -0.00814231 0.000666003 0.00270893 0.00276125 0.000409887 -0.00815483 -0.000523748 0.00150942 1.43343e-05 0.00117332 0.00158527 0.00443158 -0.00064044 0.00640874 -0.000405559 -0.000101207 -0.000458139 -0.000734117 -0.00131449 4.19521e-05 -0.00144197 -0.00973362 9.33073e-05 -0.0038344 8.39618e-05 -0.00901195 -0.00100798 -0.007101 0.00730543 0.00473121 -0.00114687 0.00814739 -0.001618 0.000432301 -0.00332339 
-0.0010429 -0.00504627 -0.00984355 0.000466534 -0.0053604 -0.000593915 0.00143374 -0.00331352 0.0107314 -0.00189661 -0.000891352 -0.0026577 0.000720364 -0.000638168 -0.000531087 -0.00127 0.000205179 0.00228501 0.00670307 -0.00159888 -0.0022888 -7.09401e-05 -0.00372587 -0.00142296 -0.00644133 0.00143426 0.0572606 -0.00500013 5.59548e-05 0.00472704 0.0114512 0.00168609 0.0011751 -0.00760748 -0.00453664 0.00256108 -0.018624 0.000270102 -0.00931968 -0.016844 -0.0101153 -0.0152618 -0.000684446 0.00131319 -0.00242835 0.0186601 -0.00138285 0.00242005 -0.000746809 -0.000428073 -0.00337304 0.01257 -0.00124698 -0.000148703 8.67746e-05 -0.00107393 -0.00167366 -0.00836075 0.000689155 -0.00603079 0.0177058 0.00703388 -0.000173281 -0.00526654 0.00316562 -0.0116968 0.000846033 -0.00648122 -0.0119941 -2.0305e-05 0.0081039 0.00589239 0.00279086 -0.000225091 -0.0016209 0.00182664 -0.00237146 -0.0015468 0.00856281 0.000934667 -0.000459919 -0.000578197 -0.00224904 -0.00166684 -9.56777e-05 -0.00224711 0.010604 -0.0012102 -0.00250016 -0.00171833 -0.0015867 0.000202637 -0.00152731 -0.00690962 0.00779432 7.57533e-05 0.0207309 -0.00414687 -0.00381297 0.000450913 
-0.00630673 0.0713833 -0.0392654 0.00138013 -0.000540281 -0.00467719 0.023382 -0.0114281 -0.00535626 -0.00575545 0.00484704 0.0201252 -0.00480464 0.002816 -0.00509359 0.0125419 -0.0112883 -0.00576034 -0.0124553 0.0201815 0.0219703 -0.00126087 -0.0231121 0.00212471 -0.090602 0.00930928 -0.00500013 0.207932 -0.00552287 -0.00874077 0.0116522 0.000253286 0.00277408 0.0468435 0.0287301 -0.00321392 -0.0320742 -0.0159152 0.0674295 0.0144717 -0.0966075 0.0033109 -0.0215883 -0.0476257 0.00892441 0.0998923 0.0226325 -0.00572496 -0.011316 0.00344479 -0.0657068 -0.0217692 0.00563005 0.00456171 0.00131269 -0.00398494 -0.0102206 0.0146399 0.0116503 0.01592 0.0131023 -0.0694595 -0.0418739 -0.0204139 0.008879 -0.0645775 -0.0189766 0.0681757 0.0281881 -0.00103421 -0.0708994 -0.00740053 -0.0347238 0.000159402 0.00102767 0.03022 0.0286839 -0.00562391 -0.00256494 0.00256703 0.00633759 0.00569055 0.00270919 -0.00134571 -0.000620338 0.00846798 -0.015554 0.00795568 -0.022128 -0.0182712 -0.0827745 0.00420222 -0.0284771 0.0385183 0.0602071 -0.0085145 -0.00664667 -0.023805 0.04388 0.00736373 
-0.000161415 0.000672718 0.00685955 0.0113547 -0.00193181 0.000509134 0.00498491 0.00113664 -0.00403192 -0.00169335 -0.000212458 0.00432349 -0.00107412 0.000977894 -0.00144461 -0.0026024 -0.00230936 0.000673572 -0.00065512 -0.00251971 -0.00128352 0.000480748 0.00188807 -0.00136571 -0.0169202 0.00621665 5.59548e-05 -0.00552287 0.0487149 -0.00218021 -0.00370714 -0.000803202 -0.000810432 0.0100431 -0.00315317 -0.000460159 -0.0135051 -0.00284313 -0.000308742 -0.024661 -0.00470121 0.0165871 -0.00923947 -0.00291136 0.00209021 -0.000649466 -0.00291311 0.000866316 -0.00139449 -0.000319241 -0.0149198 -0.00100257 0.000611058 0.00761968 -0.000267785 0.00307548 0.0205735 -0.00544842 -0.00296767 -0.00620837 0.0165494 -0.0136317 -0.0148819 0.00191574 -0.00126495 -0.018084 -0.00667576 -0.0029954 0.00914352 -0.000315371 -0.00429892 -0.00267681 0.0120342 0.00118088 -0.00188979 -0.00575428 0.0102621 0.00282933 -0.0162587 -0.00192827 -9.46123e-05 0.000560517 0.0025906 0.00374317 0.0021011 0.0070043 -0.0192391 -0.000382579 -0.00690533 0.0245756 -0.00657411 -0.00278788 0.00244555 0.00990089 0.0164877 -0.000824326 0.00539414 0.00389674 -0.00255163 -0.00381161 
-0.00059679 -0.00334941 -0.00594049 -0.00763147 -0.00317306 -0.000265747 -0.0041508 -0.0018064 0.0150263 -3.2992e-06 0.00101565 -0.00328242 0.000472638 -0.000604408 0.000685905 -0.00376918 -0.00496279 0.000521804 0.00371018 -0.000921137 -0.00037047 0.0029664 0.00940148 0.00168321 0.0221653 -0.00041358 0.00472704 -0.00874077 -0.00218021 0.0580851 0.0175255 0.00031448 0.000735986 -0.00628564 5.721e-05 0.000989853 0.00310888 0.00722745 -0.0111479 -0.00201586 0.0101568 -0.0237268 -0.00911599 0.0120432 -0.00242448 -0.00670799 0.00241564 -0.00116648 0.00468725 0.00027936 -0.0159373 0.00250454 0.000996823 -0.00182254 -0.000173326 -0.00110138 -0.00333012 -0.00574787 0.00320501 -0.00528645 -0.0084377 0.00125791 -0.00875874 -0.010087 0.000114374 0.00779495 0.00450743 -0.00530642 -0.00689204 1.59e-05 0.0156289 0.00158251 -0.00859755 -0.000531783 -0.00310202 -0.00349543 -0.00357421 -0.000731641 -0.00538295 -0.00152789 -0.000427078 -0.000365423 -0.000344105 -0.00152841 1.39561e-05 -0.00485539 0.012693 -0.000724668 0.0131072 -0.0063319 0.0169719 0.000359247 -0.0107753 -0.00698634 -0.011719 0.00927188 0.00248322 -0.00442028 -0.00316455 -0.00629088 
-0.00213622 0.0047846 0.00377554 -0.0166977 0.0113893 0.00220456 -0.00437884 -0.00343653 0.0301813 0.00266561 0.00167115 -0.0048947 -0.000899392 6.2656e-05 -0.00276517 -0.00265006 -0.00604104 -0.00272998 0.00287368 0.00678509 -0.00109063 0.00149319 0.0261659 -0.000646773 0.0116246 0.00109623 0.0114512 0.0116522 -0.00370714 0.0175255 0.106473 -0.000967736 -0.000748365 0.0050824 -0.00743287 -0.000947368 -0.0247554 0.00457985 -0.00917953 -0.0116341 0.010513 -0.0289216 -0.0169139 0.0178554 -0.00451902 -0.00259048 -0.00235488 -0.00351029 0.0139067 -0.000730936 -0.0277945 0.00785426 0.00108582 0.0016249 -0.000198769 -0.00167372 -0.00298269 -0.0205316 -0.0121455 -0.0177991 0.0252114 -0.0309904 -0.0326863 -0.00952786 0.00147828 -0.00504019 -0.0173205 -8.28044e-05 0.0172712 -0.00099096 0.0203603 0.0101677 -0.0179159 -0.000761963 0.000176401 0.00972989 -0.00473356 0.00332256 0.00751184 -0.00314151 0.00252166 -4.42777e-06 -0.00222981 -0.00117363 -0.000415632 -0.00543723 0.0164523 0.00259545 -0.000968011 -0.00754935 0.0215105 -0.00432823 -0.0338355 -0.00923856 -0.0170042 0.00783224 0.00187678 -0.00886743 0.0020872 -0.00183311 
-0.000223327 -0.000939645 -0.00197238 -0.00240311 -0.00117181 -0.000229872 -0.000817476 -0.000854531 0.000958556 -0.000512687 -8.84428e-05 -0.000591189 7.24664e-06 -0.00011083 0.000792734 -0.000749975 -0.000965851 -0.00153714 0.000491349 -0.00242996 0.00192621 -4.48942e-06 -0.00104896 -0.000549767 -0.00539596 -0.000213026 0.00168609 0.000253286 -0.000803202 0.00031448 -0.000967736 0.017691 0.00809489 -0.00134747 0.000922953 0.00229167 -0.00382291 -4.89526e-05 0.000139801 -0.00226232 -0.00773696 -0.00230815 0.00571563 0.000563015 0.00143335 -0.000766449 0.00370117 0.00579021 -0.000782404 -7.1964e-05 -0.00352003 -0.0019377 0.000317147 -6.78282e-05 0.00193052 -0.000265431 -0.000852024 0.00269858 -0.00141935 -0.00102755 -0.00150814 0.0010565 -0.00565882 -0.00227794 0.00333487 -0.00384504 0.00249251 -0.00204126 -0.00403214 0.000177344 -0.00558243 -0.000880262 0.00540402 -1.17288e-05 -0.000791082 0.0062943 -0.00076365 5.85771e-05 0.00412346 0.00236193 -0.000176065 0.00177915 0.000253635 0.00203532 -9.89666e-06 -0.000105738 -0.00938706 -9.61221e-05 0.00153812 -0.000902861 -0.00152437 -3.34671e-05 -0.00090353 0.000347833 0.00251847 0.000337379 -5.3418e-05 0.00011323 0.00158841 -0.000131109 
-0.000875793 -0.00355779 -0.00349733 -0.00331299 0.00204834 -0.000407376 -0.00129416 -0.00205847 -0.000243084 0.00123199 0.00127178 0.00209391 -5.13823e-05 0.00353953 0.00299092 -0.0017044 -0.00210072 0.00430121 -0.000917468 -0.00539019 0.00998317 0.00121922 0.000991026 0.00947105 -0.0122164 0.000917044 0.0011751 0.00277408 -0.000810432 0.000735986 -0.000748365 0.00809489 0.0385214 -0.00615503 0.00748761 0.00290281 -0.00849409 -0.00112821 -0.00278249 -0.0155291 -0.0202 -0.00443936 0.00328052 0.000559608 0.00537702 -0.0130325 0.0112788 0.0104595 0.00369176 -0.00017076 -0.0168375 -0.00462476 0.00471011 -4.35372e-05 0.00221852 0.000910434 0.000629003 0.00428602 -0.000751041 -0.000126856 -0.00499538 -0.00447452 -0.0132753 0.00090413 0.00755477 -0.0107613 0.00458119 -0.00510143 -0.0129541 0.000349029 -0.0115499 0.00466486 0.0084688 -0.000186391 0.00255597 0.0046739 -0.00234545 0.00831789 0.000867101 0.000928822 -0.000544756 0.00853402 0.00213911 0.00281388 0.000556571 0.00896652 -0.0159121 0.00039092 -0.000125139 -0.000699673 -0.00670314 -0.00138058 -0.00211373 -0.00405245 0.00557832 0.000795196 0.000705838 0.00232352 0.0075793 -0.00272523 
-0.000863677 0.0262931 -0.00837004 -0.00900356 -0.00599405 -0.00322661 0.018847 -0.00758978 -0.00597113 -0.00757197 -0.000568557 0.0177558 -0.00369798 -0.00240043 -0.00469919 -0.00619112 -0.0145251 -0.0183309 -0.00364882 0.00225239 0.00133421 -0.00221503 -0.0210834 -0.00884392 -0.0559873 0.00458825 -0.00760748 0.0468435 0.0100431 -0.00628564 0.0050824 -0.00134747 -0.00615503 0.167336 -0.00213773 -0.00134002 -0.0356777 -0.0121138 0.069457 0.0133669 -0.00623663 0.0581097 -0.0172412 -0.0419979 0.00826585 0.064878 -0.000345784 -0.00535389 -0.00747896 -0.00152351 -0.0259428 -0.0117616 0.0048831 -0.00315868 -0.000928053 0.00279269 -0.000262118 -0.0288301 -0.0186739 -0.0218426 0.0237606 -0.0476761 -0.0467104 -0.0166083 -0.00222816 -0.0537184 -0.00490843 0.0250771 0.0705221 -0.000458405 -0.0408713 -0.0114935 0.00560516 0.00100688 -0.0109279 0.0062862 0.015476 -0.00557664 -0.00863393 -0.00522728 0.00474491 0.00166739 -0.00775178 0.0118159 0.000263778 0.0121067 -0.0626227 0.00296718 -0.017889 0.0160808 -0.0617123 -0.00793471 0.0157208 0.0428199 0.0417687 -0.00382942 0.00282588 0.00170751 0.0272035 0.0202477 
