0.00317291 3.93337e-05 0.000244271 -0.000339424 -1.49873e-05 1.39285e-05 -9.82168e-05 0.000165809 0.000294299 -0.00115709 0.000363288 0.000471071 -6.55228e-05 -0.000111986 -0.000467295 -0.000361811 -0.000419884 -1.32654e-05 -0.00105226 3.65624e-06 -0.000125276 -1.06286e-05 -0.000137066 -0.000103375 0.00044419 -7.38155e-05 -0.000188067 -0.000802852 0.00084823 -0.000103807 -0.00046094 4.47255e-05 -4.09258e-05 0.000127938 -0.000172016 -0.000364912 -8.51358e-05 -0.000335912 0.000101469 -0.000167215 -0.000727228 0.000229601 -0.000863995 6.66239e-05 -0.000258603 -0.000704018 -4.26697e-05 -0.000315537 9.69572e-05 0.000327539 0.000677764 4.76379e-05 0.000173406 -2.84021e-05 1.84179e-05 -8.30808e-05 -4.53394e-06 -2.07895e-07 0.000205165 -0.000516929 0.000803081 0.000392852 7.83067e-05 -3.57467e-05 -3.10592e-05 -7.82007e-05 0.000634688 -0.000124487 0.000104701 0.000236912 -0.000332477 4.38137e-05 2.5891e-06 0.000400765 -1.67559e-05 1.405e-05 2.54669e-05 0.000766077 -0.000146485 -0.000166429 3.18879e-05 6.98359e-05 -5.06871e-05 -8.04435e-05 0.000577685 2.3512e-05 0.00013652 -0.000967151 -0.000153814 -1.25642e-05 -2.31824e-05 -0.0001361 0.000683468 -0.000149462 -5.11171e-06 -0.000260762 -1.62904e-06 -0.000142669 -3.25044e-05 0.000562165 
3.93337e-05 0.0307793 0.00217349 -0.00322399 -6.28149e-05 -0.000431712 0.00066814 -0.000133091 0.0001383 -0.013714 -0.000526888 0.000984636 0.00127141 -0.000496305 -0.0129823 0.000307064 -0.00399345 -0.00100858 -0.00897049 -0.000741116 0.00176633 0.000162714 -0.000743415 -0.0034941 0.000252341 -0.000138057 -0.00847579 -0.0110389 -0.00205274 -0.00185979 -0.00475015 -0.000103607 0.00190072 -0.00177174 -0.00212625 -0.00352445 -0.00126985 0.000452999 0.00824065 -0.00103241 -0.0112 0.000486935 0.0076491 -2.73626e-06 -0.00633664 -0.00663053 0.000172331 -0.00214961 0.00614156 -3.73675e-05 -0.00431303 0.0039517 0.010338 0.000387409 -0.000926685 -0.0024748 0.00214954 0.0045898 0.00318225 -0.00269217 0.00278919 0.0113619 0.00242812 -0.00113166 3.88456e-05 0.00852693 0.0112391 0.00105338 -0.00205671 0.00183414 0.00476313 0.00262656 -7.02119e-05 -0.00959689 0.000835265 0.00101444 0.0017603 -0.000228559 -0.0030018 -0.00266899 0.000302962 0.0084572 -0.000579288 -0.00141516 0.00711996 0.000696992 0.00134376 -0.00609494 -0.00234415 0.000386533 -0.000296582 -0.00138988 -0.00163718 -0.000276458 0.000806067 -0.00274674 0.000661109 -0.00223303 0.00180321 0.00316278 
0.000244271 0.00217349 0.0960963 0.00185453 -0.00018041 -0.000988728 0.0238001 0.00288467 0.00634248 -0.0290424 0.0297691 0.0219108 0.0131676 0.00997282 -0.0277967 0.0232824 -0.0101631 -0.000915715 -0.0102493 0.00204884 0.00964717 1.70059e-06 -0.00607862 -0.00622335 0.0284903 0.00635452 -0.0540509 -0.0435685 0.0145092 -0.0011378 -0.017963 0.00175349 0.000544603 0.00519151 0.00305606 -0.0117213 0.00930656 -0.0084 -0.00837924 0.0007373 -0.0118885 -0.00369923 -0.0229346 -0.00167039 -0.020261 -0.0144731 -0.000955334 -0.0104115 0.00464716 -0.000651796 0.0341335 -0.000848301 -0.00389364 -0.000243106 -0.00148292 -0.00039256 -0.00187335 -0.00109499 -0.00180868 -0.0323798 -0.024404 -0.00501507 0.00196675 0.00672225 -0.00215419 0.0165675 -0.0052158 -0.000771241 -0.00155149 0.00906877 0.0188674 -0.000149522 0.00108151 0.02801 0.000895746 0.00272636 -0.000118784 0.0301563 0.00270902 -0.00560168 -0.000237687 -0.00372931 -0.00197468 0.00471028 0.0266233 -0.00136966 0.00273264 -0.0402687 -0.0109352 -0.000761815 -0.000313316 -0.0052339 0.0090896 -0.0117455 0.000852063 -0.00481217 -0.000972864 -0.00983978 -0.0012797 -0.00842196 
-0.000339424 -0.00322399 0.00185453 0.108717 -0.000178724 -0.00182749 -0.00484013 -0.000757191 0.000423904 0.0382474 -0.00208024 0.00375452 -0.00728801 -0.00619438 0.0377371 -0.0201846 8.213e-05 0.00144007 0.00228987 0.00116488 -0.00589151 -0.000439497 -0.00475139 0.0065456 -0.0186937 0.000453393 0.0129607 0.00992341 -0.0257563 -0.00561175 -0.014309 -0.00111681 -0.000689402 -0.00212337 -0.00127466 0.052511 -0.00788589 0.0129317 -0.00828072 0.0092034 0.0381303 -0.0156858 0.0296243 -0.00174925 0.00709372 0.0386258 -0.0041402 0.0229221 -0.00601171 -0.00396587 -0.0126987 -0.00270565 -0.00539396 -0.000804852 -0.00303873 -0.00760486 -0.00258133 -0.00202672 -0.0044456 0.0150678 -0.0338502 -0.010883 -0.000990137 -0.00641676 -0.00267391 -0.0259278 -0.0170729 -0.0114674 0.00856048 -0.00365542 -0.0182814 -0.00477564 -6.03413e-05 0.0233957 -0.00193471 -0.00310243 -0.00068269 -0.00439886 -0.013304 -0.0188381 -0.00189121 -0.00463554 -0.00132345 -0.000327293 -0.0180988 9.9531e-05 -0.0128404 0.0268237 -0.0121257 -0.000890911 0.00104421 -0.0012156 -0.00629271 -0.0147895 -0.000586115 -0.00092529 -0.00102375 -0.0141663 -0.00130063 -0.0242876 
-1.49873e-05 -6.28149e-05 -0.00018041 -0.000178724 0.0103552 0.00187973 -0.000415804 0.000663626 0.00112366 -0.00124481 0.00142215 -0.000329298 0.000176747 0.000610205 -0.00275318 -0.00163826 -0.000112007 0.00161365 -0.000852222 -0.000377853 -0.000525294 3.21429e-05 0.00136461 -1.95341e-05 -0.0024859 -0.000279778 -0.001246 -0.00213069 -0.00176452 2.4278e-07 0.00013413 0.00104684 -0.00012927 -0.000109717 -0.000174798 0.000139359 0.000158528 -0.000461816 0.00024276 0.000495837 -0.00235047 0.000782604 -0.00126802 6.23231e-05 -0.000114634 -0.00190835 -0.000211041 -0.000671284 -0.000383574 -0.00027874 -0.00136488 0.000597212 0.000266961 -6.46391e-06 -0.000247619 0.000360225 -0.000190755 -0.000114394 -5.972e-05 -0.00261436 0.000195312 0.000328027 -4.19255e-05 -0.000781666 0.000540253 0.000171018 0.00112854 -0.000847074 0.000839727 0.000800359 -0.00137574 -0.000461752 -8.71053e-05 -0.00100134 -0.000106551 9.83452e-05 2.2874e-05 -0.000750859 0.000298816 -0.00101103 -5.44556e-05 -0.000451166 -5.34111e-05 -0.000100706 -0.000619012 3.00947e-05 0.00121518 0.000843267 0.00243246 -9.06252e-06 -7.47141e-05 0.00223892 -0.000366543 0.000476851 -6.91085e-05 0.000442691 0.000731445 0.000198164 0.000448157 0.000526011 
1.39285e-05 -0.000431712 -0.000988728 -0.00182749 0.00187973 0.0241149 -0.00146114 0.000719665 0.00117252 0.00673967 0.000903269 0.00408682 -0.00130694 -0.00180714 -0.00811987 -0.00386082 0.00708701 0.00426802 -0.00808947 -0.00100376 -0.0011682 2.64136e-05 -0.00125477 0.000197715 -0.00520141 -0.00096992 -0.00567167 0.000342017 -0.00624929 0.000689993 0.00352654 0.00166009 0.000293623 -0.000699649 -0.00107587 -0.00269374 -0.00167453 -0.00256021 0.000341247 0.00045613 -0.00320254 0.00203309 -0.00771249 -0.000303114 0.00167306 0.000451243 0.00121055 -0.00251616 -0.0013455 -0.000115616 -0.000266687 0.000719396 0.000196643 0.000220036 0.0013525 0.00135411 -0.000670801 -0.00063427 -0.00019077 -0.00248028 0.0072528 -0.00374901 -0.00015545 0.00102031 -0.000191878 -0.00567959 0.000869167 -0.0020511 0.000592301 0.0039139 -3.10973e-05 -0.00127209 -0.000178907 0.00181658 -0.000176375 -0.000191593 -0.000107497 0.00387192 0.00473196 -0.000885576 -0.00031318 -0.000728535 -0.000141118 -0.000108927 -0.00401249 0.00082163 -0.00278418 -0.000495805 0.00242349 -0.000144506 0.000751494 0.00148647 0.00200696 0.00576965 -0.000118553 -0.000921611 0.00119212 -0.00501115 4.27899e-05 0.00071134 
-9.82168e-05 0.00066814 0.0238001 -0.00484013 -0.000415804 -0.00146114 0.0753071 -0.000910417 -0.000689085 -0.0260501 0.00603747 -0.00347997 0.00966167 0.00324442 -0.0365573 0.0483688 -0.0132373 -0.00379855 0.0187435 0.0110794 0.0207373 -0.000141523 -0.00713187 -0.00687986 0.0368617 0.00365234 -0.0175371 -0.0375311 0.00561009 -0.00330176 -0.0125287 -0.000437856 -0.00109051 0.00234752 -0.000913858 -0.0110395 0.00921957 -0.00617204 -0.00453946 -0.00676221 -0.0267675 -0.014153 -0.0220096 -0.00119476 -0.015239 -0.0188869 -0.00297948 -0.0053474 0.00658739 -0.00344836 0.0116925 -0.00143651 -0.000591156 -0.000153074 -0.00278803 0.00637762 0.00397916 -0.00204685 0.00716688 -0.0102535 -0.0305516 -0.0110335 -3.08549e-05 -0.00598255 -0.00179349 0.0286224 -0.0082914 0.0104957 -0.00364127 -0.00280583 0.031995 0.00858318 -1.47404e-05 0.00547825 0.00202134 -0.00189796 -0.000410812 -0.00224496 0.00538942 0.0062616 -0.0014089 0.00708982 -0.000956559 -0.00391682 0.0382187 -0.00167048 0.00865617 -0.00932837 -0.00578064 0.000962257 -0.000540548 -0.00391099 -0.00452602 -0.0089819 -1.92009e-05 0.00174627 -0.00129314 -0.00294719 -8.33675e-06 -0.0178341 
0.000165809 -0.000133091 0.00288467 -0.000757191 0.000663626 0.000719665 -0.000910417 0.0132424 0.0034002 -0.00278439 0.00396472 0.00559654 -0.000287368 -0.000733535 -0.00584266 -0.00266028 0.000986415 0.00285485 -0.0083902 -0.000103533 1.33944e-05 3.51612e-05 0.00144975 -0.000555801 -0.00263565 -0.000591718 -0.00469671 -0.00240724 -0.00268918 0.00264223 -0.00167718 0.00140827 0.000250408 -0.00243496 -0.000802221 -0.00220199 -0.000852251 -0.000706508 0.00070267 0.000814874 -0.00337325 0.00440602 -0.00449766 -8.03102e-05 -0.00607484 -0.00270007 0.000359287 2.67236e-07 0.000637307 0.000373987 0.0037337 0.00330277 0.000141775 -0.000120917 0.000356053 0.00081566 -0.000317483 -0.000310062 0.00064314 -0.00367941 0.000598313 -0.00238419 0.00169169 0.00291658 -1.96108e-05 -0.00334878 0.00146325 -0.00154035 -0.000381567 0.00690897 -0.00214402 -0.000353096 0.000141426 0.00152111 -0.000191409 0.0056681 2.22751e-05 0.00581775 0.00181587 -0.00180223 0.00283207 -0.000768393 0.000371638 0.000469475 -0.0027216 0.000172366 -0.00149966 -0.00247988 -0.00194006 -4.48964e-05 0.000182265 0.00353766 0.000856174 -0.00102604 0.000761763 -0.00101884 0.000261683 -0.00413906 0.000243231 -0.00100754 
0.000294299 0.0001383 0.00634248 0.000423904 0.00112366 0.00117252 -0.000689085 0.0034002 0.0216149 -0.00395184 0.00886362 0.00707453 0.00275952 -0.000185636 -0.00523208 -0.00337498 -0.000508336 0.00543436 -0.00292789 -0.000829325 -0.0010282 2.85857e-05 -0.00122927 -0.000585814 -0.00196461 -0.000831075 -0.00705634 -0.00629473 -0.00538588 2.39103e-05 -0.0030967 0.00199808 8.22661e-05 -0.00228484 -0.000560686 -0.000140426 -0.000555205 -0.00252949 -0.00142299 -0.00083332 -0.00548484 0.00114145 -0.00405614 0.000715763 -0.00210259 0.00277701 -0.000652304 -0.00119294 -0.00103744 -0.000828411 0.00434057 0.000519949 -0.000141949 -9.43947e-05 -0.000303265 -0.000720726 -0.000109633 -0.000221901 -0.000760231 -0.00200545 0.00448505 0.00186257 0.00222241 0.00190203 0.00102392 -0.00355623 -0.00104353 -0.00297348 0.000652947 0.00525738 -0.00336151 -0.000914327 -9.788e-05 0.00720778 -0.000217841 0.00124737 -1.33154e-05 0.00616992 0.00296765 -0.00222193 -1.77197e-05 -0.000438733 2.10145e-05 -0.000665574 -0.00364125 -0.000101213 -0.00225339 -0.00260315 -0.00179926 -0.000161996 -0.000276103 0.000794928 -0.000902653 -0.00275917 0.000730476 -0.00103377 0.000876181 -0.000508973 -0.000139488 -0.00277809 
-0.00115709 -0.013714 -0.0290424 0.0382474 -0.00124481 0.00673967 -0.0260501 -0.00278439 -0.00395184 0.246544 -0.00811997 0.00509879 -0.0307451 -0.0353559 0.103302 -0.0841869 0.0657394 0.0152454 -0.053448 -0.00739538 -0.0147542 0.000229595 -0.00876581 0.0173889 -0.0605897 -0.0179102 0.0580228 0.122529 -0.0940814 -0.00165566 0.00461368 -0.00464466 0.00116471 0.00522445 -0.00934758 0.048068 -0.0224262 0.0458345 0.00971649 0.0243639 0.137154 -0.00869023 0.057907 -0.00118776 0.0408505 0.10597 -0.00372084 0.0449712 0.000335663 0.00409669 -0.0354653 -0.00279274 -0.0105023 -0.000131041 0.00587943 -0.00388952 -0.0147762 -0.0115486 -0.0136637 0.043834 -0.0459215 -0.0461101 -0.00237383 -0.0114564 -0.00970057 -0.101945 -0.011896 -0.048632 0.0118312 -0.00786535 -0.0478574 -0.0236764 1.99068e-05 0.0533023 -0.00503773 0.00313228 -0.00225903 -0.011429 -0.0309155 -0.0515737 -0.00262267 -0.0220226 0.00145992 -0.00165737 -0.100508 0.00412345 -0.0593114 0.0735152 -0.0300017 -0.00306208 -0.00143623 0.0132162 -0.00163055 -0.0290554 -0.00373619 0.00911506 0.00040079 -0.0458076 -0.00141668 -0.0305296 
0.000363288 -0.000526888 0.0297691 -0.00208024 0.00142215 0.000903269 0.00603747 0.00396472 0.00886362 -0.00811997 0.0748064 0.020663 0.0111603 0.00670422 -0.0207839 0.00637746 0.00172518 0.00581594 -0.0124764 0.000926593 0.00311941 -6.11646e-05 -0.00615133 -0.00426506 0.000327579 0.00153093 -0.025358 -0.0259309 0.00228381 -0.00194803 -0.00889666 0.0019596 -0.000207714 -0.00129803 0.00314392 -0.011424 0.00127531 -0.0074904 -0.00138656 -0.00284261 -0.00299118 -0.00319418 -0.0181596 0.00078946 -0.0118753 -0.0140676 -0.000353085 -0.00569864 -0.00234895 0.000724844 0.0330271 -0.000297508 -0.00251421 0.000400118 -0.00298274 -0.00329959 -0.00032839 -0.000810173 -0.00171612 -0.0151612 -0.0115102 -0.0136733 0.00396865 0.00596005 0.000526669 0.00317248 -0.00614322 -0.00363888 -0.000985257 0.0098882 0.0078491 -0.000770881 0.00108302 0.0288236 0.000517801 0.00691778 -0.000321848 0.0218334 0.00146467 -0.000451523 -0.000114096 -0.00252424 -0.0011087 0.00265754 0.00379156 -0.000590114 -0.00480217 -0.00890883 -0.012297 -0.000484799 -0.000116935 -0.00216328 0.0105663 -0.0112258 0.000897526 -0.00639415 0.000387376 -0.0114898 -0.000897117 -0.010732 
0.000471071 0.000984636 0.0219108 0.00375452 -0.000329298 0.00408682 -0.00347997 0.00559654 0.00707453 0.00509879 0.020663 0.074811 0.000446632 -0.00385003 -0.00695741 -0.0147877 0.00458179 0.00433893 -0.0384337 -0.00278567 -0.00166017 -0.000107221 -0.000340361 -0.00231436 -0.0124133 -0.00343344 -0.0375152 -0.0120732 -0.0114047 -0.00180354 -0.00499825 0.00370012 0.00221055 -0.0110282 -0.00470002 -0.00997945 -0.00466469 -0.00196658 -0.00148027 0.00693025 0.0114102 0.00391244 -0.0134347 0.000980728 -0.0132655 -0.00731534 0.00339184 0.00048494 0.00594901 0.0115653 0.033584 0.00150695 -0.00273865 -0.000526334 0.00436601 -0.00450084 -0.0021329 -0.00197674 -0.000325131 0.00256176 -0.000187107 -0.0102668 0.00617875 0.0236404 -0.00136897 -0.0206222 -0.00219009 -0.0100381 -0.00551689 0.014286 -0.0111818 -0.00229448 0.00202254 0.0241354 -0.00030158 0.0134751 -0.000259441 0.0446222 0.00346625 -0.00899851 0.00137984 -0.00352101 0.00287393 0.00597383 -0.016867 0.00108098 -0.00966996 -0.00765717 -0.011064 -0.000216302 0.000243846 -0.001128 0.0108387 -0.00490207 0.00244345 -0.00230285 0.00173932 -0.022472 0.000416416 -0.0134408 
-6.55228e-05 0.00127141 0.0131676 -0.00728801 0.000176747 -0.00130694 0.00966167 -0.000287368 0.00275952 -0.0307451 0.0111603 0.000446632 0.0634961 0.0124344 -0.0265885 0.0271123 -0.011769 -0.00335916 0.0157218 0.000749567 -2.59935e-05 0.000214092 -0.00489988 -0.000425351 0.0137402 0.00972577 -0.0211844 -0.0324322 0.00772497 -0.00104724 -0.00614543 -0.000292778 -0.00105717 0.00660433 -0.000984371 -0.0076606 0.00308309 -0.0077203 -0.00575649 -0.00188943 -0.0226629 -0.00407835 -0.0247455 0.000855464 -0.0058114 -0.0132394 0.000193206 -0.00637974 0.000472542 -0.0028364 0.0022886 -0.00151722 -0.00208221 0.000172452 -0.00139969 -0.00305747 0.00214868 -0.00104421 0.000704648 -0.00944041 -0.00568103 0.00308226 0.000501826 -0.00495772 0.00377939 0.0113923 -0.00927268 0.00687519 -0.00149191 -0.00218585 0.0127068 0.0021542 -0.000620536 0.00507485 0.00242527 -0.000196346 -0.000362471 0.00312498 0.00975152 0.0154245 -0.000934383 -0.00132026 0.000490612 -0.000793121 0.00808531 -4.43921e-05 0.00785141 -0.0162453 0.00126684 -0.000493161 -0.000460675 -0.00380791 0.00609428 0.000429794 0.00156045 0.00972123 -0.000199469 0.00986292 -0.000389209 -0.00705946 
-0.000111986 -0.000496305 0.00997282 -0.00619438 0.000610205 -0.00180714 0.00324442 -0.000733535 -0.000185636 -0.0353559 0.00670422 -0.00385003 0.0124344 0.071355 -0.0302974 0.0446872 -0.0128152 -0.00422904 0.0201967 -0.00145942 0.00401642 9.62637e-05 -0.00282837 -0.00216541 0.00349175 0.0193015 -0.0324582 -0.0379622 -0.0124953 -0.00335583 -0.0109482 -0.000724701 -0.000401484 0.00675087 0.0134755 -0.00923676 0.0213627 -0.0102613 -0.00590945 -0.00590512 -0.0305014 -0.0152745 -0.0192994 0.000651858 -0.0293519 -0.0159791 0.00130239 -0.0082206 -0.00035578 -0.00351415 -0.0127607 -0.00146817 -0.000931684 -0.000602741 -0.00226485 -0.00452686 0.00863998 0.00634148 -0.000965915 -0.0226381 -0.00934209 0.00828413 -0.000378532 -0.0040858 0.00678519 0.0392173 -0.00467616 0.0194561 -0.00204533 -0.00265765 0.011755 0.0124913 0.000459844 -0.0259359 0.00450943 -0.000486821 0.000384484 -0.00665119 4.69437e-05 0.0235673 -0.00097793 -0.00207073 0.00232186 0.00648951 0.0313552 -0.00132754 0.0400917 -0.0346243 0.00548697 0.000239248 0.00247135 -0.00412681 -0.00457022 0.00281773 -0.000347823 -4.63044e-05 -0.0007947 0.0415403 -0.000673374 -0.00774316 
-0.000467295 -0.0129823 -0.0277967 0.0377371 -0.00275318 -0.00811987 -0.0365573 -0.00584266 -0.00523208 0.103302 -0.0207839 -0.00695741 -0.0265885 -0.0302974 0.247701 -0.0918122 0.0371561 0.0113646 -0.0166488 -0.0128881 -0.0269802 -0.000202486 0.018743 -0.0100538 -0.0633878 -0.0223923 0.0616694 0.101506 -0.0403032 -0.0189024 -0.0453602 -0.00303829 -0.000420349 -0.03088 -0.00515805 0.0517354 -0.0184044 0.0497599 0.017385 0.0338159 0.121481 -0.0424203 0.142383 -0.00462901 0.0344635 0.0801693 -0.0123191 0.0418125 0.00286828 -0.00769234 -0.0375143 -0.00723884 -0.0104556 -0.00190759 -0.00503669 -0.0353018 -0.0136144 -0.0103008 -0.0204161 -0.00141067 -0.00512722 0.0325802 -0.00371453 -0.018147 -0.0015682 -0.0674822 0.0119615 -0.0598971 0.00922324 -0.0157346 -0.102647 -0.024508 -0.00479212 0.0397454 -0.00763273 -0.00282285 -0.000631542 -0.019492 -0.0541407 -0.0808749 -0.00691939 -0.0280964 0.00246976 0.00732435 -0.0618546 0.000103798 -0.035284 0.0460287 0.0120539 -0.00294559 -0.00219738 0.00282193 -0.00715799 0.0140456 -0.00347214 0.0068936 0.000268909 0.0109341 -0.0052505 0.0323512 
-0.000361811 0.000307064 0.0232824 -0.0201846 -0.00163826 -0.00386082 0.0483688 -0.00266028 -0.00337498 -0.0841869 0.00637746 -0.0147877 0.0271123 0.0446872 -0.0918122 0.168853 -0.0389264 -0.0107388 0.061152 0.0126798 0.0347238 0.000223348 -0.0170196 -0.00868525 0.0568365 0.0243986 -0.0549907 -0.0931123 -0.000913498 -0.00892048 -0.00962913 -0.00265316 -0.00307707 0.0121463 0.0271607 -0.0264812 0.0283079 -0.0258924 -0.0181561 -0.0137065 -0.0882911 -0.0358862 -0.0682679 0.000275353 -0.0367856 -0.0477124 0.00302046 -0.0219968 0.00308916 -0.00892814 -0.00873107 -0.00430431 -0.00144477 -0.000638463 -0.00157791 0.00826972 0.0181411 0.00333339 0.00728373 -0.0188263 -0.0466174 -0.00792483 -0.00216246 -0.0160947 0.00463225 0.0866615 -0.00580657 0.0666084 -0.0110374 -0.00978523 0.0850997 0.0304352 -0.000221971 -0.0429847 0.00932222 -0.00526952 0.000271971 -0.0168054 0.0310103 0.0678751 -0.00296225 0.0206803 -0.00038487 -0.0020052 0.0867442 -0.00402518 0.0540505 -0.0395226 -0.0150143 0.000832817 0.00238448 -0.0121029 -0.012206 -0.00195646 -0.000628712 -0.00122999 -0.00321887 0.0308486 -0.00040513 -0.0379536 
-0.000419884 -0.00399345 -0.0101631 8.213e-05 -0.000112007 0.00708701 -0.0132373 0.000986415 -0.000508336 0.0657394 0.00172518 0.00458179 -0.011769 -0.0128152 0.0371561 -0.0389264 0.157286 0.0195138 -0.0394923 -0.00528377 -0.00957875 0.000349967 -0.00940033 -0.00661773 -0.0360786 -0.00740569 0.0196216 0.0444752 -0.0366637 0.00131715 -0.00430214 -0.00076085 0.00447585 -0.0170186 -0.00582523 -0.000947401 -0.00919729 0.0177345 0.00796916 0.00859392 0.0563942 -0.00572008 0.019585 -0.00296874 0.0181068 0.0354454 -0.00902803 0.0182622 -0.0066632 0.00293494 0.0140081 -0.002257 -0.00596011 -0.000893819 0.00110086 -0.00238036 -0.00533842 -0.00483844 -0.00570928 0.00652021 -0.00373124 -0.0192049 0.00179214 0.00297354 -0.00152025 -0.0465597 -0.00474441 -0.0257177 0.00585422 0.00644984 -0.0339023 -0.00971118 -0.00114197 0.0190671 -0.0025542 -0.00043484 -0.000860229 -0.00305898 -0.006332 -0.0241997 -0.00159657 -0.0107189 0.000332702 0.00144835 -0.0311336 -0.000590199 -0.0234116 0.0202669 -0.00647854 -0.00140235 -0.000990731 0.00578858 -0.00687487 -0.00145496 -0.000887999 0.00616744 -0.00106887 -0.0337534 -0.00203976 -0.00284304 
-1.32654e-05 -0.00100858 -0.000915715 0.00144007 0.00161365 0.00426802 -0.00379855 0.00285485 0.00543436 0.0152454 0.00581594 0.00433893 -0.00335916 -0.00422904 0.0113646 -0.0107388 0.0195138 0.0593208 -0.00839773 -0.000713182 -0.00266353 0.000127736 -0.00458397 -0.00501188 -0.0148532 -0.00296567 -0.00462421 0.00419151 -0.0165057 -0.0010143 0.00781196 0.00273284 0.000785141 -0.00756247 0.000472855 0.00316874 -0.00416386 -0.00544467 -0.00526874 0.0126202 0.0113245 -0.0104354 0.007027 -0.000851272 -1.03882e-05 0.0135584 0.00501646 -0.00394117 -0.00353611 -0.00176695 -0.00373496 0.00119151 -0.00145741 0.000494663 -0.00180244 -0.00447963 -0.0016562 -0.0012813 -0.00241192 -0.0154121 -0.00867838 -0.0077688 0.00236912 -0.00373483 -0.00035111 -0.0165809 -0.00592068 -0.00650861 0.00897629 0.00804713 -0.00828332 -0.00308676 -0.000498906 0.023452 -6.72252e-05 0.00276979 -0.000401941 0.00411731 0.00045317 -0.00703896 -0.000302896 -0.00295522 0.0048004 0.000405523 -0.0125939 -0.000108865 -0.00750723 0.0133644 -0.00291141 -0.000137111 5.08913e-05 0.00649575 -0.00410479 0.00364455 0.000816819 -0.000641506 0.000812477 -0.0121085 -0.000572792 -0.00883116 
-0.00105226 -0.00897049 -0.0102493 0.00228987 -0.000852222 -0.00808947 0.0187435 -0.0083902 -0.00292789 -0.053448 -0.0124764 -0.0384337 0.0157218 0.0201967 -0.0166488 0.061152 -0.0394923 -0.00839773 0.217491 0.0062164 0.00848519 -0.000106677 -0.00343332 0.000287158 0.035327 0.0128003 0.0151265 -0.0590521 0.0126389 -0.01801 0.00115759 -0.00507272 -0.0104642 0.0268885 0.00731053 0.0071769 0.0163195 -0.0520913 -0.0338376 -0.0294385 -0.0533312 -0.0407869 -0.00749315 -0.000688699 -0.00338885 -0.0175453 -0.00240788 -0.0395758 -0.0214824 -0.0270665 -0.0293915 -0.0151402 -0.010704 0.000299445 -0.0171441 0.000348803 0.0076133 -7.81515e-05 -0.00293105 -0.0141085 -0.00306476 0.0336708 -0.00615494 -0.0269433 0.00556302 0.0645843 -0.0224969 0.0405345 0.0127103 -0.0294413 0.0517264 0.0132712 -0.00358598 0.00549246 0.0032095 -0.0177954 -0.00153463 -0.0487178 0.0206831 0.0416426 -0.00735914 0.00915398 -0.00477135 -0.00730598 0.039236 -0.0037582 0.0319953 0.00397668 0.0244315 -0.00155127 -0.000697831 -0.025416 -0.0270448 0.010011 -0.00246524 -0.00591695 0.00116188 0.0661457 -0.00373521 0.00116538 
3.65624e-06 -0.000741116 0.00204884 0.00116488 -0.000377853 -0.00100376 0.0110794 -0.000103533 -0.000829325 -0.00739538 0.000926593 -0.00278567 0.000749567 -0.00145942 -0.0128881 0.0126798 -0.00528377 -0.000713182 0.0062164 0.0403608 0.00415577 -0.000100646 -0.00351402 0.00068618 0.016659 0.000729429 0.000590714 -0.00652372 0.0100752 -0.0023486 -0.00337516 -0.000524744 -0.000377488 0.00610321 0.00118734 6.65887e-05 -0.001888 -0.00137396 -0.00283082 -0.0017318 -0.00831832 -0.00637973 -0.0103831 0.000458267 -0.000228313 -0.00904275 -0.000170189 -0.000411994 -0.000828812 -0.00166425 -0.00389523 -0.000726874 -0.00124832 -0.000155537 -0.000992538 0.00116353 3.76403e-05 -0.000693014 0.000908331 -0.00546619 -0.0162264 -0.00729067 -0.00028361 -0.00353904 -0.000963975 0.0120565 -0.00280768 0.00429179 0.000282316 -0.00153104 0.0180296 0.00106614 0.00054297 0.00378979 0.00051348 0.00131714 -0.000261279 -0.00447669 -0.000810969 0.00594947 -0.000469178 -0.00059296 -7.14742e-05 -0.00232173 0.0138441 -0.00059338 -0.000141077 0.00386976 -0.00464059 0.000479034 -0.000328617 2.84665e-05 -0.000949076 -0.00331355 -9.13605e-05 -0.00259918 -0.000678431 -0.00891827 -0.000237387 -0.0111988 
-0.000125276 0.00176633 0.00964717 -0.00589151 -0.000525294 -0.0011682 0.0207373 1.33944e-05 -0.0010282 -0.0147542 0.00311941 -0.00166017 -2.59935e-05 0.00401642 -0.0269802 0.0347238 -0.00957875 -0.00266353 0.00848519 0.00415577 0.0517692 -0.000118518 -0.00376347 -0.00284235 0.0230263 0.00220674 -0.0206142 -0.0209311 -0.000783032 -0.00319754 -0.00698168 -0.00040876 -0.00077822 -0.00752569 0.00597147 -0.0087252 0.00569491 -0.00267874 -0.00259329 -0.00326085 -0.0200635 -0.0111137 -0.0146162 0.000656824 -0.00690573 -0.0110559 0.0011495 -0.0035592 0.00321402 -0.00150311 0.00608391 -0.000483789 -0.00195153 0.000326637 -0.00113203 0.00591707 0.00134338 -0.00130435 0.00325368 -0.00537533 -0.0227562 -0.0100781 -3.90724e-06 -0.00498265 -0.00119027 0.0206542 0.00168393 0.0171679 -0.0039007 -0.00216163 0.0332384 0.00182189 0.000162971 -0.00699634 0.00525879 0.00155497 -2.52984e-05 -0.00300432 0.011705 0.0100999 -0.000385105 0.00790881 -0.000344297 -0.00216918 0.0253359 -0.000815136 -0.00104674 -0.0037102 -0.00804269 0.000332971 -0.000276728 -0.00293072 -0.00310389 -0.00688415 0.000168183 -0.000763162 -0.000747043 -0.00520458 0.000535133 -0.0147159 
-1.06286e-05 0.000162714 1.70059e-06 -0.000439497 3.21429e-05 2.64136e-05 -0.000141523 3.51612e-05 2.85857e-05 0.000229595 -6.11646e-05 -0.000107221 0.000214092 9.62637e-05 -0.000202486 0.000223348 0.000349967 0.000127736 -0.000106677 -0.000100646 -0.000118518 0.00409022 -0.000328706 -4.4858e-07 0.000205499 0.000215987 -0.000344034 -0.000330106 -0.00059112 0.000690543 -0.00014013 -1.07862e-05 -5.46981e-05 0.000220543 0.000132263 -0.000537297 -3.66476e-06 -0.000156365 0.000248644 -0.000211683 5.41925e-06 0.00082116 -0.000998028 7.46827e-05 -0.000482644 -0.000199267 -0.000122264 -3.14383e-06 0.000177733 -3.34828e-05 -0.000470929 -3.30256e-05 -0.000116854 1.5432e-06 -3.41689e-05 0.000760674 4.56456e-05 -9.70359e-05 5.52775e-05 0.000283744 -0.00125281 -0.000501765 0.000176615 -6.47817e-05 0.000102152 2.50681e-05 -0.000214195 0.000124115 -0.000162821 -0.000187325 8.94327e-05 3.12831e-05 3.48636e-07 -0.000756604 0.000355486 4.09314e-05 -1.71169e-05 -0.000191548 0.00047123 0.0006921 -6.02574e-05 7.4701e-05 -3.12066e-05 -0.000126301 -0.000730697 -5.03884e-05 0.000109429 0.00104657 -0.000286721 7.00832e-05 5.9815e-05 -1.79508e-05 -0.000369316 -0.000387155 4.97818e-05 -0.000201825 -5.50947e-06 -0.000159907 0.000139301 -0.0008513 
-0.000137066 -0.000743415 -0.00607862 -0.00475139 0.00136461 -0.00125477 -0.00713187 0.00144975 -0.00122927 -0.00876581 -0.00615133 -0.000340361 -0.00489988 -0.00282837 0.018743 -0.0170196 -0.00940033 -0.00458397 -0.00343332 -0.00351402 -0.00376347 -0.000328706 0.0822041 0.00506896 -0.0171962 -0.00312242 0.00209233 0.0148812 0.0110785 0.00591797 -0.00362042 0.00389845 -0.00137955 -0.0103294 -0.00266306 0.00650675 -0.00347595 0.00626446 0.00507597 -0.00283412 -0.00492685 0.00374066 0.0185595 -0.000981149 -0.00720027 -0.00779435 0.0042237 0.000496677 0.00122774 -0.00319662 -0.00659073 0.000921061 -0.0030008 -0.0003683 -0.000907655 -0.00136147 -0.00142835 -0.000313717 -0.00103386 -0.00977855 0.0180154 0.011231 -0.000905729 0.000162166 0.000695763 -0.00998326 0.0116255 -0.0075779 -0.00513779 -0.000551601 -0.0189727 -0.00412771 -0.000658946 -0.0151913 -0.00127173 0.00139854 -0.000394995 -0.00143718 -0.00871377 -0.0103831 0.00523608 -0.0047009 0.000563526 0.0169795 -0.0114573 0.00525548 -0.00222967 -0.00345537 -0.00195626 -1.59292e-05 -0.000465572 0.00400392 -0.000836603 -0.00591341 -0.000560452 -0.0033516 0.00148575 0.00730442 -0.000382703 0.0228203 
-0.000103375 -0.0034941 -0.00622335 0.0065456 -1.95341e-05 0.000197715 -0.00687986 -0.000555801 -0.000585814 0.0173889 -0.00426506 -0.00231436 -0.000425351 -0.00216541 -0.0100538 -0.00868525 -0.00661773 -0.00501188 0.000287158 0.00068618 -0.00284235 -4.4858e-07 0.00506896 0.0995797 0.0188258 0.0159084 -0.000613628 0.0114177 0.0186902 0.00093612 -0.00126094 -0.00117483 -0.000965641 0.0250183 -0.00107856 0.00999711 -0.00142025 -0.0049505 -0.00635206 -0.00752528 0.0223442 0.00815581 -0.0204094 -0.000497085 0.00573402 0.00229618 -0.00266078 -3.38057e-05 -0.00607594 -0.0026703 -0.008026 -0.00251857 -0.00356399 -0.000850117 4.73671e-05 0.0183475 -0.00231161 -0.0021356 -0.00248754 -0.00782903 -0.0109152 -0.0182996 -0.000300351 -0.00503225 -0.000562539 -0.0102696 -0.0117573 -0.0048078 -0.00293861 -0.00347968 -0.00230741 -0.00414826 -0.000551174 0.00399518 -0.000874496 -0.000459448 -0.000627805 -0.00201183 -0.0111374 -0.00289453 0.00193338 -0.00532228 0.00255512 0.00247934 -0.0154004 0.000543297 -0.00435539 -0.0185713 -0.00443272 8.79081e-05 -0.000502078 -0.00303818 0.00145885 -0.0120219 4.29229e-05 0.00963251 0.000231974 -0.00310289 -0.000493026 -0.00216279 
0.00044419 0.000252341 0.0284903 -0.0186937 -0.0024859 -0.00520141 0.0368617 -0.00263565 -0.00196461 -0.0605897 0.000327579 -0.0124133 0.0137402 0.00349175 -0.0633878 0.0568365 -0.0360786 -0.0148532 0.035327 0.016659 0.0230263 0.000205499 -0.0171962 0.0188258 0.195236 0.0181139 -0.0135708 -0.0622471 0.0718673 -0.00709543 -0.0270111 -0.00209468 -0.00345812 0.0464975 0.00656994 -0.0169337 0.0117735 -0.0149958 -0.0108706 -0.016059 -0.0178012 0.00798469 -0.062279 -0.00287957 -0.0190808 -0.0343601 -0.00469124 -0.0233491 0.0165954 -0.00440295 0.0326445 -0.00480342 -0.00733595 -0.00101866 -0.00706694 0.0105144 0.00543498 -0.00610747 0.0138841 -0.057133 -0.0567812 -0.0356908 0.000271438 -0.000415767 -0.00536102 0.0555895 -0.011797 0.0257023 0.000203847 -0.00919027 0.0502703 0.0157428 -0.000393885 0.0146119 0.00527383 -0.00361055 -0.000444256 0.00731597 -0.00528644 0.00751914 -0.00201125 0.00748976 -0.00453645 -0.0119956 0.0672534 -0.0039753 0.0124979 -0.0679352 -0.00678551 0.000827313 -0.000270837 -0.0149052 0.00278612 -0.0310755 0.00120529 -0.0035565 -0.00404763 -0.0109048 0.0010818 0.0058702 
-7.38155e-05 -0.000138057 0.00635452 0.000453393 -0.000279778 -0.00096992 0.00365234 -0.000591718 -0.000831075 -0.0179102 0.00153093 -0.00343344 0.00972577 0.0193015 -0.0223923 0.0243986 -0.00740569 -0.00296567 0.0128003 0.000729429 0.00220674 0.000215987 -0.00312242 0.0159084 0.0181139 0.0470401 -0.0199879 -0.0209353 0.00565319 -0.00250311 -0.00603756 -0.000649919 -0.000605437 0.0195197 0.0073285 0.000317171 0.0074493 -0.00550165 -0.00463012 -0.00403966 -0.00915484 -0.00490467 -0.0197255 -0.000859964 -0.0183178 -0.00684527 -0.000868341 -0.00502931 0.000781854 -0.00231292 -0.00837817 -0.00111176 -0.0017665 -0.000397448 -0.00194922 0.00227307 0.00551986 0.000601948 -9.13298e-05 -0.0191625 -0.0192064 -0.0070991 -0.000338871 -0.00477759 0.00160698 0.0186023 -0.00711124 0.014585 -0.000118036 -0.00189136 0.0117086 0.00837655 -0.000453326 -0.00934721 0.00125665 -0.00135103 8.07593e-05 -0.00285717 -0.00352291 0.00978261 -0.000431437 -0.00214896 0.00171262 0.00266378 0.013962 -0.000810797 0.0202499 -0.0252208 -0.0031675 -0.000228033 0.00175469 -0.00277607 -0.00184388 -0.00642578 -0.00018106 0.00535121 -0.000517631 0.014308 -0.000186263 -0.00998546 
-0.000188067 -0.00847579 -0.0540509 0.0129607 -0.001246 -0.00567167 -0.0175371 -0.00469671 -0.00705634 0.0580228 -0.025358 -0.0375152 -0.0211844 -0.0324582 0.0616694 -0.0549907 0.0196216 -0.00462421 0.0151265 0.000590714 -0.0206142 -0.000344034 0.00209233 -0.000613628 -0.0135708 -0.0199879 0.184236 0.0711653 0.00139886 0.00340347 0.0133309 -0.0031557 -0.00416481 -0.00321021 -0.0143894 0.025447 -0.00756186 0.02271 0.0149544 -0.00470602 0.0478608 0.0120967 0.0378304 0.000946823 0.0456334 0.0329729 -0.0219875 0.0144649 -0.00425382 -0.00822055 -0.0201115 -0.00253949 -0.00307372 -0.00148518 0.00179202 0.000178913 -0.0135834 -0.0050296 -0.00148637 0.0358568 0.00887234 -0.00603181 -0.00476933 -0.0100141 -0.00695276 -0.0267518 0.000435285 -0.022531 0.0108249 -0.0229792 -0.0310431 -0.0143316 -0.00309626 -0.00643555 -0.00640569 -0.0101189 -0.00193291 -0.0513758 -0.0238704 -0.0224992 -0.00327394 -0.00209681 -0.00650545 -0.0127778 -0.0279258 -0.00305983 -0.0316132 0.0671292 0.0104239 -0.000916706 -0.00158175 0.00567023 -0.0225495 -0.00771433 -0.00320622 -0.00371697 -0.00744962 -0.00188795 -0.000592565 0.0174318 
-0.000802852 -0.0110389 -0.0435685 0.00992341 -0.00213069 0.000342017 -0.0375311 -0.00240724 -0.00629473 0.122529 -0.0259309 -0.0120732 -0.0324322 -0.0379622 0.101506 -0.0931123 0.0444752 0.00419151 -0.0590521 -0.00652372 -0.0209311 -0.000330106 0.0148812 0.0114177 -0.0622471 -0.0209353 0.0711653 0.249999 -0.0284885 0.0031468 0.0252665 -0.00261797 0.00259964 -0.0112012 -0.0136386 0.00357476 -0.0214627 0.0538071 0.0242453 0.0164695 0.100075 -0.0015444 0.0658179 0.000779092 0.0403779 0.0514464 -0.00108674 0.0376575 0.00884885 0.00291835 -0.0374492 -0.00144956 -0.0090176 0.000637897 0.00817406 -0.00130648 -0.0129822 -0.00827265 -0.0119069 0.050916 -0.00145691 -0.0332035 -0.00267222 -0.0163207 -0.00567162 -0.0820624 0.0139253 -0.0369107 -0.00567199 -0.00961154 -0.0559458 -0.0245993 -0.00263365 -0.0239057 -0.00679216 0.00221469 -0.00207675 -0.0239445 -0.0251598 -0.0333529 -1.31242e-05 -0.0220246 0.00244729 0.00428143 -0.0866028 0.000716468 -0.0491811 0.0700061 -0.0176929 -0.00214902 -0.0012157 0.0199038 0.00968854 -0.00434502 -0.0036319 0.0136466 -0.000725048 -0.0278046 -0.00327401 -0.015639 
0.00084823 -0.00205274 0.0145092 -0.0257563 -0.00176452 -0.00624929 0.00561009 -0.00268918 -0.00538588 -0.0940814 0.00228381 -0.0114047 0.00772497 -0.0124953 -0.0403032 -0.000913498 -0.0366637 -0.0165057 0.0126389 0.0100752 -0.000783032 -0.00059112 0.0110785 0.0186902 0.0718673 0.00565319 0.00139886 -0.0284885 0.232665 0.0136054 0.0205575 0.00249958 -0.00304587 0.0149505 -0.00694561 -0.0211545 -0.00630836 -0.0438735 -0.0118639 -0.0305998 -0.0411668 0.053031 -0.0610054 -0.00240108 0.018565 -0.0776034 -0.0024608 -0.0388 -0.0256266 -0.000732707 0.0745554 -0.000590494 0.00141604 -0.00215178 -0.00563919 0.0121571 -0.00807256 -0.000227667 0.00470853 -0.0419368 0.0463492 -0.00342906 -0.00299116 0.0341028 -0.0029326 0.0269518 -0.00966123 6.32257e-06 -0.00821023 0.0019405 0.0111393 -0.0118407 0.00202759 0.0222027 0.00114086 -0.0105167 0.000163445 0.0192273 -0.0139128 -0.000806765 0.0014947 -0.00127584 -0.00712697 -0.00405571 0.04232 -0.0017306 -0.00935193 -0.0348319 0.001996 -0.000651234 -0.00404381 -0.00283777 0.024103 -0.00649454 0.000314687 -0.0172805 -0.00282319 -0.0208063 -0.000638426 0.0500149 
-0.000103807 -0.00185979 -0.0011378 -0.00561175 2.4278e-07 0.000689993 -0.00330176 0.00264223 2.39103e-05 -0.00165566 -0.00194803 -0.00180354 -0.00104724 -0.00335583 -0.0189024 -0.00892048 0.00131715 -0.0010143 -0.01801 -0.0023486 -0.00319754 0.000690543 0.00591797 0.00093612 -0.00709543 -0.00250311 0.00340347 0.0031468 0.0136054 0.0614421 0.0209109 0.000349039 -0.000342783 -0.00815492 -0.00166076 -0.00250792 -0.00193768 -0.00734541 0.00149589 -0.00200148 -0.00928891 0.0270097 -0.0259093 -2.23802e-05 0.000175617 -0.00409136 0.003649 -0.000772478 -0.00369075 0.0014456 0.0121836 0.00250767 -0.000735477 -0.000428437 0.00533278 0.0190232 -0.000853317 0.000338646 0.0024287 0.0186219 0.0115837 -0.00967721 -0.000405007 0.00858739 -0.000618837 -0.0127122 -0.00689443 -0.00536325 -0.00379979 0.00615421 -0.00923688 -0.00286151 0.00226593 -0.0080261 -0.000865499 -0.000239481 -0.000107944 0.00171028 -0.000777367 0.00699131 0.00427767 -0.00136348 -0.000556935 0.00179597 -0.0144442 0.0013279 -0.00620961 0.00621935 -0.00883546 -0.000213768 -0.000638303 0.00692542 0.00223076 -0.00521263 0.000198075 -0.0048631 -0.000440404 -0.00566177 -0.000417637 -0.00555308 
-0.00046094 -0.00475015 -0.017963 -0.014309 0.00013413 0.00352654 -0.0125287 -0.00167718 -0.0030967 0.00461368 -0.00889666 -0.00499825 -0.00614543 -0.0109482 -0.0453602 -0.00962913 -0.00430214 0.00781196 0.00115759 -0.00337516 -0.00698168 -0.00014013 -0.00362042 -0.00126094 -0.0270111 -0.00603756 0.0133309 0.0252665 0.0205575 0.0209109 0.166607 0.000904795 0.0010955 0.00732855 -0.0012518 -0.0131817 -0.00510713 -0.027198 -0.0149939 -0.0082125 -0.0336057 0.0309428 -0.056123 0.00185483 0.0141344 -0.021209 0.0185519 -0.0206737 -0.0160493 0.0064408 0.0309529 -0.00177943 -0.00694454 0.00333887 0.00623949 0.0228625 0.000157744 0.000523914 0.000453615 0.0432268 0.0256669 -0.0344139 -0.00216115 0.0251029 -0.000606535 -0.029476 -0.0154941 0.0205258 0.00139581 0.00283777 0.0179043 -0.000876617 0.00307857 -0.0234783 -0.00124844 -0.00545401 -0.00133303 0.00380187 0.0331385 0.0329173 0.00470678 0.00598761 -0.00078883 -0.00539876 -0.0418439 0.00033849 -0.0130999 0.0363841 -0.0114078 0.000192079 -0.00068986 0.00788073 0.0067978 0.00203639 -0.000123966 -0.0102158 -0.00178447 -0.0362765 0.000939826 -0.0285658 
4.47255e-05 -0.000103607 0.00175349 -0.00111681 0.00104684 0.00166009 -0.000437856 0.00140827 0.00199808 -0.00464466 0.0019596 0.00370012 -0.000292778 -0.000724701 -0.00303829 -0.00265316 -0.00076085 0.00273284 -0.00507272 -0.000524744 -0.00040876 -1.07862e-05 0.00389845 -0.00117483 -0.00209468 -0.000649919 -0.0031557 -0.00261797 0.00249958 0.000349039 0.000904795 0.0146653 -0.000255376 -0.00102819 -0.000281454 -0.000928139 -0.000664859 -0.00030177 -0.00113108 0.000331753 -0.0021954 0.00429813 -0.00511657 5.9772e-05 -0.00375871 -0.00340669 0.000680062 -0.000924185 2.34849e-05 -0.000456715 0.003805 0.00168294 -0.000316378 -2.92201e-05 -0.000311819 -0.000830745 -0.000357979 -0.000153593 0.000841333 -0.00168121 0.00180798 -0.00160464 0.00146906 0.00180328 -0.000253524 -0.00383889 -0.000835443 -0.00182115 -0.000505595 0.00313687 -0.00296833 -0.000453106 -3.12307e-05 0.0037935 2.96671e-05 0.00187762 -9.42593e-05 0.00426661 -0.00073505 -0.000850163 0.000559694 -0.000220438 0.000985482 0.00262454 -0.0027424 4.16804e-05 -0.00107591 -0.00113033 -0.000954897 0.000136432 -0.000130639 0.00266119 0.000213402 -0.00123255 0.000514608 0.000555028 -9.24799e-05 -0.00282806 0.000192672 0.000999042 
-4.09258e-05 0.00190072 0.000544603 -0.000689402 -0.00012927 0.000293623 -0.00109051 0.000250408 8.22661e-05 0.00116471 -0.000207714 0.00221055 -0.00105717 -0.000401484 -0.000420349 -0.00307707 0.00447585 0.000785141 -0.0104642 -0.000377488 -0.00077822 -5.46981e-05 -0.00137955 -0.000965641 -0.00345812 -0.000605437 -0.00416481 0.00259964 -0.00304587 -0.000342783 0.0010955 -0.000255376 0.0182268 -0.00216035 -0.00110288 -0.00117873 -0.000767932 0.00138421 0.00193741 0.00255853 0.00143203 -0.00274163 0.0042248 -0.000287855 3.74228e-05 0.00139761 -0.0003567 0.000271932 0.000543731 0.00154549 5.42702e-05 0.00016052 0.00218676 1.84569e-05 0.000304797 -0.000943597 -0.000465742 0.00123921 -0.000354597 0.000946654 0.000387447 3.65074e-05 0.000708126 0.00203855 -0.000182756 -0.00175349 0.00357689 -0.00218057 -0.00020182 0.00258689 -0.00107983 -0.000504587 0.00091055 -0.00453212 -0.000269967 0.000820218 0.000382771 0.00113058 -0.000927365 -0.00210423 -0.000115564 -0.000606486 0.000545893 5.35964e-05 -0.00127844 -0.000158106 -0.00172996 -0.00441448 0.000127597 0.000107262 -8.56988e-05 -0.000446432 0.00106223 0.00383637 0.000440615 -0.000839463 0.000114004 -0.00404033 -0.000178556 -0.00174338 
0.000127938 -0.00177174 0.00519151 -0.00212337 -0.000109717 -0.000699649 0.00234752 -0.00243496 -0.00228484 0.00522445 -0.00129803 -0.0110282 0.00660433 0.00675087 -0.03088 0.0121463 -0.0170186 -0.00756247 0.0268885 0.00610321 -0.00752569 0.000220543 -0.0103294 0.0250183 0.0464975 0.0195197 -0.00321021 -0.0112012 0.0149505 -0.00815492 0.00732855 -0.00102819 -0.00216035 0.154989 0.00701134 0.00283754 0.00915285 -0.0123948 -0.00813711 -0.00864156 0.0144758 0.0112176 -0.0377724 -0.00245529 -0.0210781 -0.0249981 0.00796881 -0.0172396 0.00778477 -0.0044504 -0.0124604 -0.00335287 -0.00428479 0.00321314 -0.00591569 0.00390646 0.00497628 -0.00398721 0.00524297 -0.0454461 -0.0474112 -0.0299482 -0.000527022 0.0018453 -0.00272084 0.0264205 -0.00771636 0.00217907 0.00942548 -0.00634673 0.0226434 0.0182679 -0.000279194 0.00245421 -0.00175493 3.03813e-06 -0.000919037 -0.00128985 -0.0162262 0.00277643 -0.000194207 -0.00648985 -0.00199776 -0.00475633 0.00180096 0.00110083 0.0252734 -0.0341959 -0.0017001 1.05204e-05 0.0015045 -0.00829473 0.00403362 -0.0197705 3.55417e-05 0.00407146 -0.00259491 -0.0124987 0.00135716 -0.00183112 
