0.222063 0.0101655 -0.00135862 0.0848926 -0.0110921 0.000298422 -0.0298189 -0.00334137 0.0010141 -0.0218588 -0.0555137 0.0208793 -0.0105102 -1.74488e-05 0.000541748 0.0446369 0.00157615 0.0180113 -0.00252115 -0.037722 -0.0328264 0.00887366 -0.00271991 -0.0103492 0.0671109 6.3733e-05 -0.0151473 -0.0108197 0.000161046 -0.0030378 -0.00292502 -0.000661205 0.00137531 -0.0408357 0.00339052 -0.0162848 -0.00106053 0.00965044 -0.00291102 -0.00296427 -0.059346 0.0256623 0.11535 0.000697123 0.000146503 0.070011 -0.022281 -0.0167434 -0.00671397 -0.00175908 -0.0192839 0.0577542 -0.0443705 -0.000143757 -0.0630313 -0.00188494 -0.0018117 -0.0501478 -0.0521768 -0.0644269 0.011942 0.0020364 0.0585671 -0.0611481 0.0859382 -0.0135616 0.00543925 -0.031208 -0.000230503 0.128338 -0.0480525 -0.00280202 -0.00316446 -0.00182039 -0.0362505 -0.00793476 -0.00556865 -0.0124722 -0.000665317 0.0362655 -0.000547492 -0.0156949 -0.0622537 0.0890487 0.00539041 -0.0183798 -0.0665703 -0.021803 -0.0461666 -0.00276975 0.0463239 -0.0181953 -0.00142177 -0.00947477 -0.0306703 -0.0131537 -0.00383807 0.00925265 0.0309579 -0.0175873 
0.0101655 0.100576 -0.000436752 -0.0216505 -0.00297485 0.000176062 -0.000662213 -0.00179494 -0.000176175 0.00233208 -0.013352 -0.00658156 -0.0016873 1.38224e-05 -0.00135171 -0.0223169 -0.000850634 0.0174532 -0.00120736 -0.0094472 -0.0113134 -0.00374116 -0.000709714 -0.000930677 -0.0165795 0.0048819 -0.00414387 -0.00217095 -0.000132083 5.29228e-05 -0.00197078 -0.00141131 -0.00373888 -0.0129951 -0.000252338 -0.00482623 -0.00156368 0.019784 -0.000707899 -0.00140615 0.0321669 -0.00354054 -0.000887579 -4.53486e-05 -5.33757e-05 0.00702203 -0.00282695 0.00368272 -0.00190341 -0.000453364 -0.00181981 0.0179238 -0.00690806 7.29966e-05 -0.00101897 -0.00280678 -0.00403328 -0.0185239 0.0127496 -0.0125839 -0.0149828 -0.000329334 -0.0314231 -0.0233661 0.00164272 -0.00860831 0.00513218 0.0385865 -9.25362e-05 0.0321268 -0.00617695 -0.000346178 -0.000719762 -0.00019768 0.000234423 0.00121273 -0.00183601 -0.00338835 -0.000323484 -0.00793448 -6.70953e-05 -0.00641727 -0.0160794 0.00516225 -0.000930748 -0.00241166 -0.024389 -0.00416454 -0.0158919 -0.000636989 0.0207392 0.00661485 0.00101944 -0.00198231 0.0256892 -0.0038166 -0.0012719 0.0181088 0.00803828 -0.00508735 
-0.00135862 -0.000436752 0.00592227 -0.00117315 -0.000132443 0.000119262 -0.000118308 -0.000206854 0.00031091 0.000257787 -0.00065299 -0.00036704 -0.000189914 4.76652e-06 6.5262e-05 -0.00221017 0.000190531 -0.00195889 0.000445363 0.00143243 -0.000703203 0.00141433 0.0011477 0.000172476 -0.00107099 -0.000119585 -9.83155e-05 0.00012428 -9.23855e-06 0.00110639 5.53855e-06 1.75554e-05 0.000716969 -0.000395812 1.60751e-05 -0.000632073 -2.09894e-05 -0.000463133 4.71689e-05 0.000216155 4.56587e-05 -0.000284415 -0.00139107 -2.60129e-05 6.75293e-06 -0.000856582 -0.00016554 0.000659818 0.00178753 0.000217824 0.000681867 -0.00251148 0.00123717 1.14831e-05 0.000598086 0.000961542 -7.48492e-05 0.000353219 0.000267545 -0.00107422 -0.00123112 0.000480532 -0.00126867 -0.00202006 -0.00153303 0.0014193 0.00186479 -0.000188935 1.32839e-05 -0.00221013 0.00154847 0.000111407 0.000582166 0.000358191 0.00264522 0.00164344 0.000239677 -4.60492e-05 -1.63342e-05 -0.00093113 5.09428e-06 0.00108991 0.00105324 -0.00179832 -9.87708e-07 -0.000184423 0.000325315 -0.000328082 0.00043237 0.000290951 -0.000240914 -0.00029794 0.00013553 0.000346803 -0.00055475 0.000108302 -1.47359e-05 -0.00126532 -0.00232285 -9.92759e-05 
0.0848926 -0.0216505 -0.00117315 0.182273 -0.00196455 -0.00383675 -0.0209513 -0.0012181 0.00141614 -0.0221197 -0.0392212 0.021537 -0.0075606 3.43335e-06 0.00134023 0.0773869 0.000259981 0.0395715 -0.0022842 -0.0343118 -0.0327536 0.0144168 -0.000167075 -0.00680904 0.091094 0.00287369 -0.0089668 -0.00793371 0.000259084 -0.0076113 -0.00513425 -0.000566233 -0.0104061 -0.0154941 0.00574831 -0.0179101 0.000864871 -0.0194618 -0.00317165 -0.00361461 -0.0875888 0.0293526 0.0942006 -0.000650516 0.000195555 0.0542533 -0.0137143 -0.0148787 -0.00549236 -0.00125148 -0.00368533 0.0450411 -0.03838 6.19003e-05 -0.0795978 0.00772669 0.0111428 -0.0579288 -0.0853507 -0.0560413 0.0472166 -0.00205301 0.111242 -0.0369217 0.0937565 -0.0212617 -0.00873042 -0.0891904 0.000230689 0.0952962 -0.0344491 -0.00180206 -0.00220902 -0.00133078 -0.0415411 -0.000888715 -0.00326553 -0.00950713 -0.000758022 0.0595801 -0.000163442 -0.00861659 -0.0542795 0.099948 0.0026061 -0.0139549 -0.0591614 -0.0160025 -0.0110092 -0.00213092 0.00212001 -0.0325095 -0.0012018 -0.00710408 -0.0546436 -0.0098852 -0.00301531 -0.0137043 0.0180572 -0.0138228 
-0.0110921 -0.00297485 -0.000132443 -0.00196455 0.0369286 0.00303014 -0.00241998 -0.00119231 0.00244315 0.0066141 -0.00660139 -0.00375353 -0.00157121 -9.71342e-06 0.00377743 -0.00934532 -0.000478294 -0.00734894 0.00105306 -0.00348728 -0.000190407 -0.000269415 0.000963582 0.000427266 -0.00988334 -0.00104368 -0.00117319 -0.000358482 4.42412e-05 -1.81332e-05 -0.000977441 -0.000494088 0.0042273 0.0136243 0.00135529 -0.0061523 -0.000187281 -0.00306622 0.00152591 0.00241506 0.000531319 -0.00123635 -0.0077496 -0.000242675 -1.05881e-06 -0.00561014 -0.00169449 -0.0013625 0.0007572 -0.000178755 -0.00364918 -0.0152535 0.000815611 -9.20519e-06 0.0143786 0.00478942 0.0101428 0.00955057 0.00402836 0.0070138 -0.00365234 -0.000420136 -0.000616145 0.008529 -0.00712153 0.00249468 -0.00187425 -0.000623198 0.00013301 -0.0140687 0.0214005 -6.71726e-05 -0.000193192 -0.000209252 -0.00171473 0.00167598 -0.000507835 -0.000956152 -0.000107623 -0.00317542 -6.09082e-05 -0.000637734 0.00571472 -0.0113475 -0.000181939 -0.000981583 0.00153137 -0.00259509 0.0147417 -2.73464e-05 -0.00686643 0.00119694 -0.000174492 -0.000978553 -0.0061208 -0.000549415 -2.65531e-05 -0.00859492 -0.00696958 0.00673883 
0.000298422 0.000176062 0.000119262 -0.00383675 0.00303014 0.0256089 -0.000332773 -0.0010479 -0.00025358 0.00184071 -0.000829838 0.000852346 -0.000249233 -1.03148e-05 0.00256205 -0.00706018 -0.000201574 -0.00520414 2.86835e-05 0.00120381 -0.00335338 -0.000121094 -9.06661e-05 0.000772779 -0.00518182 0.000424003 -0.000286103 -0.00101473 4.02312e-05 0.000869552 -5.56167e-05 0.00109399 0.000746688 0.000616547 0.00015977 -0.00268449 -1.83316e-05 -0.00167405 0.000177173 0.000924477 0.00404317 -0.00183747 0.00220296 0.000116947 2.37221e-05 -0.00055096 -0.00133065 0.00232335 -0.000470587 -6.71029e-05 0.00074881 -0.00546584 0.00466636 7.89116e-05 0.00376666 -0.000424585 0.00126556 0.00831022 0.000762675 0.000670351 -0.00566382 8.27677e-06 -0.0056039 -0.00367087 -0.0050583 -0.000177509 -0.000523605 -0.000216559 -1.34566e-05 -0.00475744 -0.0010386 0.000798535 0.000533706 0.000688784 -0.000381042 -0.000499351 -0.000440519 0.00103237 -5.64732e-05 -0.00270672 3.44035e-05 -0.00173819 0.00047848 -0.00384328 0.000538745 -0.00113423 -0.000381945 9.30033e-06 0.00640755 -2.30761e-05 0.00244756 0.00348352 0.000333011 -0.000369911 0.000470822 -0.000487576 -0.000232961 -0.0036684 -0.00304623 0.00159731 
-0.0298189 -0.000662213 -0.000118308 -0.0209513 -0.00241998 -0.000332773 0.0885881 -0.00273583 0.00100875 -0.00542628 0.0263952 -0.00819329 0.0260748 9.78704e-05 -0.000227857 0.0160106 -0.00108815 0.0114572 0.000336993 -0.0108135 0.0484488 0.0209832 3.73885e-05 -0.00354095 -0.024078 -0.00388933 0.0282324 -0.000115504 -0.000220228 0.00769368 0.0188384 0.00336075 -0.00830107 0.0410281 -0.000922147 -0.00752065 -0.000630724 -0.00289446 -0.000775097 0.00168596 -0.0115944 -0.00564508 -0.0227586 0.00253378 3.2737e-05 -0.0119743 0.0272364 -0.00487694 -0.00187222 0.0030834 0.0357483 0.0105302 -0.0110203 0.000428048 -0.0275459 -0.00236278 -0.00317269 -0.022372 -0.00834016 -0.0223741 -0.0242858 -0.00116861 -0.0188832 0.0322416 -0.0223814 0.00214823 -0.00243106 -0.0268301 -4.45784e-05 -0.0330658 -0.000137774 9.42149e-05 0.00161394 -0.000320946 -0.00523406 -0.00197004 6.92158e-05 0.021014 -0.000261634 -0.0160921 -7.31405e-05 0.0173701 -0.0135469 0.005877 -0.00113411 -0.00539686 -0.0250381 0.0274548 0.0239715 0.00040424 -0.0162904 -0.000688173 -8.5603e-05 0.00697818 -0.0174401 0.00817787 0.00310623 -0.0272577 -0.0128957 -0.00585243 
-0.00334137 -0.00179494 -0.000206854 -0.0012181 -0.00119231 -0.0010479 -0.00273583 0.0481959 1.29783e-05 -0.00469108 -0.0127761 0.0293826 -0.00215305 -2.06558e-05 -0.000384663 0.0141381 -0.000564098 0.00645758 -0.000516479 -0.00636396 -0.00966319 -0.00499698 -0.000566464 -0.00211145 0.0125518 -0.00266583 -0.00152215 -0.000519096 -9.57329e-05 -0.00175291 -0.00148952 -0.000204015 -0.00332106 -0.00570054 -0.000354669 0.0316694 0.00173868 0.000453719 -0.000637239 -0.000652724 -0.0130008 -0.00433611 -0.0133561 0.000610894 -1.29033e-05 0.00809298 -0.00382037 -0.00250615 -0.00114266 -0.000309595 -0.00725754 0.00635491 -0.00617817 -5.64725e-05 -0.00932671 -0.00165636 -0.00133965 -0.0129127 -0.0243003 -0.0146099 0.0203418 -0.000145658 0.0148957 -0.0201666 0.0209795 -0.00616061 -0.00240698 -0.00557593 -1.16592e-05 0.0190954 -0.00707657 -0.000303848 -0.000470907 -0.00028931 -0.0101757 3.35933e-05 0.00113062 -0.00214471 -0.000139156 -0.00792423 -9.9884e-05 -0.00328343 -0.00876983 -0.00777819 -0.000639709 -0.00282704 -0.0122255 -0.00348828 0.0105531 0.000426279 0.0149001 -4.92809e-05 -1.0233e-05 -0.00147232 -0.00445948 0.00669611 -0.000634437 0.0296128 0.00456274 -0.00277456 
0.0010141 -0.000176175 0.00031091 0.00141614 0.00244315 -0.00025358 0.00100875 1.29783e-05 0.0230195 0.000583524 -0.00151611 0.00161787 0.003099 9.54792e-05 -8.70248e-05 -0.00285196 -0.000280891 -0.00500037 -0.000153655 -0.00320782 0.000376094 -0.00132246 6.12114e-05 -0.000786629 -0.000262714 0.000162985 0.000113276 -0.00122881 -3.64009e-05 0.00082289 8.69017e-05 0.00057109 0.00346562 0.00345665 0.000117226 -0.00299164 -2.47106e-05 -0.000163607 -0.000130991 0.000413427 -0.00087151 0.00812036 0.000528734 0.000167646 -1.21232e-05 0.00292686 0.00137051 -0.00126211 0.00224563 3.96128e-06 -0.00281295 -0.000613101 -0.0038086 -2.50829e-05 -0.00700228 0.00706492 0.00101273 -0.0056158 0.0020698 -0.00150835 -0.00462768 -0.000163981 -0.000533414 -0.00366262 0.00715662 -0.00167672 -0.000500192 0.00176047 6.30833e-05 0.000963548 0.00432159 0.000251499 -4.11288e-05 -0.000138106 -0.00434335 0.00111002 -0.000350886 0.000133906 -5.06646e-05 -0.00251166 -4.19086e-05 0.00168487 -0.00474338 0.00147646 -1.19955e-07 -0.00107569 -0.00149577 0.000154396 -0.00277958 2.53751e-05 0.00442413 -0.00194371 0.00024426 -0.000213881 -0.00627542 -0.000566359 0.000459169 -0.00240184 -0.00850188 -0.001362 
-0.0218588 0.00233208 0.000257787 -0.0221197 0.0066141 0.00184071 -0.00542628 -0.00469108 0.000583524 0.0868292 0.00216129 -0.0116829 -0.00392359 -2.53911e-06 -0.00128994 -0.033437 -0.00115245 -0.0397607 -0.00028069 -0.00941527 -0.00975486 -0.00945482 -0.000883083 -0.00304757 -0.0274777 -0.000653026 -0.00436499 -0.00426623 -2.11302e-05 -0.00252265 -0.00233605 -0.000501395 0.0138386 -0.0117283 -0.000687859 -0.0175886 -0.00118788 -0.00647405 0.00680304 0.00365399 0.0477779 -0.00530331 -0.0220617 -0.000778733 -7.21525e-05 -0.0135596 -0.00701262 -0.00392019 0.00231104 -0.000236451 -0.00725203 -0.0331053 0.0235098 -0.00012546 0.0425678 0.00216583 -0.00217077 0.0462749 0.0219912 0.0381077 -0.0229387 -0.000791043 -0.0339757 0.0126755 -0.0266908 0.0309144 -0.00469912 0.0479924 -7.49152e-05 -0.0377368 0.0310999 0.000138952 -0.000378891 0.000319775 0.011811 -0.00209451 -0.00160758 -0.00133253 -0.000145386 -0.0129633 -3.7414e-06 -0.00616031 0.0492508 -0.0339871 0.000177797 0.00719471 0.0436756 0.00326825 -0.0162226 -0.000829541 -0.0219764 0.0304068 -0.000412557 2.06267e-05 0.00631225 -0.00378847 -0.000832888 -0.0273091 -0.0342028 0.0198651 
-0.0555137 -0.013352 -0.00065299 -0.0392212 -0.00660139 -0.000829838 0.0263952 -0.0127761 -0.00151611 0.00216129 0.19578 -0.0255862 0.0180842 -6.31718e-05 -0.00321916 -0.0167955 -0.00199858 -0.0226661 -0.00133181 0.0288697 0.0523117 0.0023413 -0.00345092 0.0176011 -0.0324089 -0.0102783 0.0272964 -0.00203234 0.000127246 -0.0012778 0.00341678 -0.00185873 -0.0172023 0.0256344 -0.00194679 -0.035782 -0.00259061 -0.00210575 -0.00309055 -0.000330843 0.0297908 -0.00992125 -0.0496166 -0.000833248 -8.72619e-05 -0.0341218 0.0120014 0.00833548 0.000982728 0.00238003 0.0214708 -0.0297477 0.0307682 -9.54079e-05 0.00773174 -0.00593143 -0.00709267 0.025806 0.0550901 0.0270671 -0.0493828 0.000643865 -0.0417883 0.0446199 -0.0492199 -0.0157749 -0.00625725 0.00109097 -0.000146738 -0.087456 -0.0213322 -0.00122422 0.000623452 0.000190903 0.0440226 -0.00327551 -0.00301506 0.0110509 -0.000650489 -0.0209992 0.000450043 0.0110971 0.00587832 -0.0306476 -0.00245195 0.015426 0.0418957 0.0320899 0.0087037 -0.00185748 -0.0272208 -0.00298061 -0.0012685 0.00876661 -0.000700769 -0.000654466 0.00736455 -0.0326745 0.000650326 -0.00110251 
0.0208793 -0.00658156 -0.00036704 0.021537 -0.00375353 0.000852346 -0.00819329 0.0293826 0.00161787 -0.0116829 -0.0255862 0.115583 -0.00503379 -4.98208e-05 0.000130813 0.00877159 -0.000609825 -0.0074805 -0.00137962 -0.0117323 -0.0202637 -0.00282633 -0.00122984 -0.00584413 0.0406786 -0.00612864 -0.00430981 -0.00105576 8.24752e-05 -0.00327884 -0.00278993 0.000695479 0.00591089 -0.0130453 -0.000772918 0.0274074 0.00200525 0.000213113 -0.00161604 -0.00135569 -0.0345435 -0.00915626 -0.000871381 0.000950712 5.23799e-05 0.0215528 -0.00851236 -0.00523755 0.000270937 -0.000618911 0.0121603 0.0164894 -0.0136043 -0.000166009 -0.0299738 -0.000950188 -0.00206915 -0.028458 -0.0324778 -0.0395917 0.0239474 0.00126871 0.0409523 -0.0420711 0.0471461 -0.0130055 0.00407091 -0.0198714 -9.71712e-05 0.0468587 -0.0135687 -0.00072821 -0.000575049 -0.000567597 -0.015148 0.0017606 0.000797827 -0.00443612 -0.00042192 -0.0181639 -0.000293419 -0.00449317 -0.0259596 0.0131338 -0.00146217 -0.00676856 -0.0308053 -0.0066787 -0.000941287 -0.000634328 0.0444844 -0.00918867 -0.000230967 -0.00294738 -0.0166348 0.00464762 -0.00140857 0.0307824 0.0107915 -0.0075673 
-0.0105102 -0.0016873 -0.000189914 -0.0075606 -0.00157121 -0.000249233 0.0260748 -0.00215305 0.003099 -0.00392359 0.0180842 -0.00503379 0.0450138 0.000168269 -0.000163607 0.0219999 -0.000368977 -0.00608869 0.000182138 -0.00199848 0.0180112 0.00238547 0.000663071 -0.00174989 -0.00833094 -0.00144492 0.0182342 -0.000769514 -6.97251e-05 0.00469726 0.00971623 0.00392526 -0.00407163 0.013712 -0.000378123 -0.00110318 -0.000354583 -0.00318597 -0.00024945 0.00215778 -0.00837439 0.000528513 -0.0110476 0.00256286 5.42643e-05 -0.00516475 0.020474 -0.00263735 -0.000816308 0.00212141 -0.00203622 -0.00291969 -0.00698066 -5.69381e-05 -0.0148739 0.000281521 -0.00140362 -0.0101631 -0.00984929 0.00131158 -0.00759434 -0.000437582 -0.0117905 0.0106772 -0.00741366 -0.00332038 -0.00180084 -0.0141379 -5.66876e-06 -0.0140352 -0.00694447 0.000851793 0.00181116 -0.000230837 -0.00689088 -0.00112077 -0.00063966 0.0233436 -0.000147087 -0.00572636 -1.156e-05 0.0167739 -0.00456452 -0.0139871 -0.00055801 -0.00242549 -0.012548 0.0197883 -0.00302487 0.000415939 -0.0138225 0.011861 8.78309e-05 0.00889185 -0.0127071 0.00896377 0.00307923 -0.0129236 -0.0208223 -0.00284275 
-1.74488e-05 1.38224e-05 4.76652e-06 3.43335e-06 -9.71342e-06 -1.03148e-05 9.78704e-05 -2.06558e-05 9.54792e-05 -2.53911e-06 -6.31718e-05 -4.98208e-05 0.000168269 0.000702628 1.01769e-05 9.77888e-05 -6.56218e-08 -5.94958e-05 -2.32509e-06 -7.84472e-05 3.61303e-05 7.9218e-05 6.30061e-06 -2.96032e-05 -9.15881e-05 5.58795e-06 1.15349e-05 -2.50374e-05 1.29537e-05 3.84811e-05 2.0762e-05 2.75566e-05 3.11176e-05 6.09344e-05 3.70982e-06 2.923e-05 2.64512e-07 -4.34783e-05 3.13501e-05 7.15091e-05 3.68449e-05 8.3854e-05 -8.2241e-05 3.37713e-05 1.87958e-06 -3.30208e-05 0.000174055 -3.05383e-05 1.60114e-05 1.70179e-05 4.64036e-06 1.53753e-05 -7.90807e-05 6.09533e-06 -0.00010169 0.00010729 1.67e-05 -0.000137191 -0.00020219 -6.48944e-05 -0.000132447 -5.51511e-06 -5.30344e-05 -5.60817e-05 0.000126877 1.38847e-05 -2.34697e-05 -2.25537e-05 1.5773e-06 -6.93275e-05 5.83133e-05 4.49363e-05 6.70456e-06 5.46252e-07 -0.000143114 8.75328e-06 -4.0942e-07 0.0001561 9.90945e-07 -3.88752e-05 -9.94676e-07 -3.28864e-06 -9.44707e-05 -0.000113499 -8.16121e-06 -3.05649e-05 -4.91679e-05 7.47215e-05 -9.1558e-06 2.32682e-06 -0.00015006 0.00021143 9.2039e-07 1.11694e-05 -0.000111932 -2.53561e-05 -3.18585e-06 -0.000127614 -0.000353486 -3.33443e-05 
0.000541748 -0.00135171 6.5262e-05 0.00134023 0.00377743 0.00256205 -0.000227857 -0.000384663 -8.70248e-05 -0.00128994 -0.00321916 0.000130813 -0.000163607 1.01769e-05 0.0184374 -0.00138591 -0.00017267 0.0035004 -7.48075e-05 -0.000224034 0.00176072 0.00475905 0.000355824 -0.000278048 -0.00257602 -0.000998713 -0.000551173 -0.000722579 -5.22578e-05 0.000406905 -3.61473e-05 0.000224063 -0.00135284 0.0028077 0.000216107 -0.00203253 -3.88817e-05 -0.000637304 4.15016e-05 -0.0002061 -0.00166333 0.000221175 0.00318107 -0.000106712 6.01853e-05 -0.000650748 0.00102174 -1.7199e-05 -0.000267296 -6.97504e-05 0.00331939 0.00124801 -0.00168131 4.0391e-05 -0.00155229 0.000524318 0.00168468 -0.00101451 -0.00300357 -0.00424572 -0.00582578 -0.000152169 0.00207449 -0.000528472 0.00250598 -0.00160959 -0.000238504 -0.00403082 9.05187e-07 -0.00143804 0.000438759 -0.000106854 -0.000164831 -7.80115e-05 -0.00227108 -4.2318e-05 2.86916e-05 -0.000735791 3.40396e-05 -0.00266385 -3.57852e-05 -0.0014598 -0.00266527 0.00198322 8.87488e-06 -0.000859064 -0.00343111 -0.00108823 0.00510204 -0.000196695 0.000949864 -0.00128541 -9.6408e-06 -0.000292673 -0.00074441 -0.000265509 0.000417951 -0.00194842 0.000525034 0.000196403 
0.0446369 -0.0223169 -0.00221017 0.0773869 -0.00934532 -0.00706018 0.0160106 0.0141381 -0.00285196 -0.033437 -0.0167955 0.00877159 0.0219999 9.77888e-05 -0.00138591 0.24449 0.00230802 0.106808 -0.000819188 -0.0508021 0.0271157 -0.00570831 -0.000871727 -0.0131593 0.0783519 0.00952506 0.00422885 0.00227869 -0.000241438 0.00105411 0.00627458 0.00631802 -0.0365532 0.0179853 -0.00107011 0.0419835 0.00288212 -0.015007 -0.00365066 -0.00199031 -0.112342 0.0234688 0.0530047 0.00145417 0.000125425 0.0394982 0.0279207 -0.0254602 -0.0108248 -0.000372907 -0.0284269 0.0715943 -0.0556005 -7.89336e-07 -0.104777 -0.00393044 0.00817027 -0.0986047 -0.136255 -0.0342044 0.0905245 -0.00375292 0.11733 0.0148632 0.0349243 -0.0386141 -0.00778899 -0.109533 2.61612e-05 0.0758731 -0.0454817 -0.00136708 0.000526111 -0.00220875 -0.0753265 -0.00510811 0.00285998 0.012543 0.000529409 0.0687945 -0.000299967 0.00964863 -0.0785632 0.0473682 0.000332372 -0.0230583 -0.0854358 0.0173817 0.012457 0.000404279 -0.0514743 -0.0175542 -0.000837767 -0.0024716 -0.0753794 0.017317 -0.00157002 -0.0167094 0.0157872 -0.0207613 
0.00157615 -0.000850634 0.000190531 0.000259981 -0.000478294 -0.000201574 -0.00108815 -0.000564098 -0.000280891 -0.00115245 -0.00199858 -0.000609825 -0.000368977 -6.56218e-08 -0.00017267 0.00230802 0.0128503 0.00213702 -0.000131381 -0.000620651 -0.00078349 -0.000789982 -0.000125435 -0.000194037 0.00545428 0.00123174 -0.000125604 0.00138878 -1.84206e-05 5.97232e-05 -0.000278472 -0.00011901 -0.000721266 -0.00163339 -0.000105244 -0.00114347 0.000630961 -0.000960351 -0.00013152 0.000269526 -0.00434988 0.00295503 0.00443067 -2.03941e-05 6.00679e-05 -0.00024493 0.000872674 -0.000269767 0.00013282 -7.62071e-05 -0.00204486 0.000428363 -0.00174841 4.18069e-06 -0.00436685 0.000153627 -0.000249932 -0.00289315 -0.00381077 -0.00260411 0.00401475 0.000151634 0.0037737 -0.000849742 -0.000124001 -0.000703127 0.00213098 -0.00463253 -2.24452e-07 0.00378035 -0.00225806 5.54076e-05 0.000667242 3.38586e-05 -0.00106121 0.000367007 0.0018251 -0.000326857 0.000871571 0.00736339 5.5954e-05 0.000139611 -0.00289997 0.0018015 -6.89443e-05 -0.000738605 -0.00273813 -0.000445975 -0.00173664 0.00136318 -0.00113937 -0.00167962 -5.42875e-05 8.7202e-05 -0.00295957 -0.000160705 -0.000100987 -0.00255958 -7.26715e-05 -0.000238839 
0.0180113 0.0174532 -0.00195889 0.0395715 -0.00734894 -0.00520414 0.0114572 0.00645758 -0.00500037 -0.0397607 -0.0226661 -0.0074805 -0.00608869 -5.94958e-05 0.0035004 0.106808 0.00213702 0.249993 -0.00199465 -0.0504125 0.0440605 0.0106383 -0.00183764 -0.0099955 0.0525082 0.0189134 0.00107536 0.0130922 -0.000554289 -0.00491391 -0.00444382 0.00037303 -0.0406956 0.035018 -0.00148877 0.00742936 0.000473135 0.000524266 -0.00565482 -0.00656092 -0.0845504 0.0145251 0.0598391 -0.00255644 5.99217e-05 0.0100207 0.0237426 -0.0219466 -0.0122068 -0.00115301 0.028441 0.102741 -0.071903 0.000355242 -0.112629 -0.0051384 0.00498891 -0.115876 -0.0856831 -0.0456311 0.0847698 -0.00568256 0.104583 0.0322841 0.0330338 -0.0389959 -0.000694973 -0.0855084 -0.000298717 0.0750985 -0.0307737 -0.0011002 -0.0042402 -0.0029111 -0.0638968 -0.00287239 0.000771071 -0.0135302 0.000185818 0.0614707 1.14549e-05 -0.00950519 -0.0969285 0.0977981 -0.000781886 -0.0265379 -0.0970281 -0.00830695 0.038273 -0.00275685 -0.0211248 -0.0348729 5.75883e-05 -0.0114651 -0.0547807 0.00556123 -0.00562225 -0.0374482 0.0515897 -0.0286377 
-0.00252115 -0.00120736 0.000445363 -0.0022842 0.00105306 2.86835e-05 0.000336993 -0.000516479 -0.000153655 -0.00028069 -0.00133181 -0.00137962 0.000182138 -2.32509e-06 -7.48075e-05 -0.000819188 -0.000131381 -0.00199465 0.01364 0.000252142 0.00478858 0.0016906 0.00108007 -0.000236786 -0.00196774 -0.000169929 -0.000189821 5.48309e-05 -2.8114e-05 0.000169268 0.000124868 0.000108644 -0.000608316 0.00225986 0.000374941 -0.00161273 2.15762e-05 -0.00118334 -5.22227e-05 -0.000110868 -0.00296962 -0.000562519 -0.00151276 -4.92623e-05 -6.67458e-06 -0.00198659 0.00255262 -0.000359204 -0.000216197 0.000461043 -9.8517e-05 0.000800131 6.477e-05 -3.63106e-06 0.00352293 0.000192592 0.00152242 -0.00144237 -0.00247068 0.000675829 -0.00119902 5.51433e-05 0.00172152 0.0045465 -0.00390864 0.0033412 0.000822244 -0.00311842 -7.41577e-06 -0.00498734 0.00463325 0.000872575 0.000206943 1.50473e-05 0.00150613 4.80487e-05 3.65108e-05 0.000445719 4.70876e-05 -0.00149379 9.77501e-06 0.00240475 0.00520669 -0.00380557 0.000109299 -0.000204067 -0.00256926 -0.000386407 0.000303465 -1.53053e-05 -0.00376524 0.00245904 6.49614e-05 -7.60635e-05 -0.00204236 0.00238427 -0.000145497 -0.00282632 -0.00613768 -0.000420514 
-0.037722 -0.0094472 0.00143243 -0.0343118 -0.00348728 0.00120381 -0.0108135 -0.00636396 -0.00320782 -0.00941527 0.0288697 -0.0117323 -0.00199848 -7.84472e-05 -0.000224034 -0.0508021 -0.000620651 -0.0504125 0.000252142 0.127811 -0.015382 -0.0093952 0.000286923 0.018078 -0.0296734 -0.0083297 -0.00075532 0.0033904 -0.000143085 0.00273012 -0.00232686 -0.00180856 0.00643642 -0.0115494 -0.00136432 -0.0169472 -0.000380207 -0.0069052 -0.00137662 -0.00226698 0.0304388 -0.0144412 -0.0358141 -0.000425161 1.58613e-05 -0.0211357 0.00248193 0.0427334 0.00443983 -2.52374e-05 0.00860495 -0.0512054 0.0542217 -0.000106467 0.0372536 -0.00151274 -0.00534439 0.0631282 0.0570309 -0.00057128 -0.031428 0.0050393 -0.0470593 -0.0221472 -0.0391794 0.00354183 0.00091154 0.0136341 5.00406e-05 -0.0401814 -0.0162279 9.72514e-06 0.0011484 0.00325758 0.0601514 0.000677428 0.000901062 -0.00334647 -0.000409547 -0.0228541 0.000127084 -0.000980397 0.0352828 -0.0349392 -0.000546797 0.010044 0.0343425 -0.00658294 -0.000710834 7.39359e-05 0.0191897 -0.00410953 -0.00040914 0.0092148 0.0346262 -0.00136481 0.00279853 0.0157897 -0.00152632 0.00217508 
-0.0328264 -0.0113134 -0.000703203 -0.0327536 -0.000190407 -0.00335338 0.0484488 -0.00966319 0.000376094 -0.00975486 0.0523117 -0.0202637 0.0180112 3.61303e-05 0.00176072 0.0271157 -0.00078349 0.0440605 0.00478858 -0.015382 0.159678 0.025551 0.00161545 -0.00677052 -0.0213482 -0.00426515 0.0255586 -0.000567033 -0.000470138 0.00721131 0.0127833 0.00328618 -0.0156675 0.0621543 -0.00157164 -0.0212822 -0.000356303 -0.0138509 -0.00242132 -0.00159772 -0.0259513 -0.0037093 -0.013021 -0.000244578 -8.95941e-05 -0.0287737 0.0391775 -0.0116412 -0.00502774 0.00168634 0.0349661 0.0308726 -0.0251926 -5.44572e-05 -0.0302446 -0.00228078 0.000173915 -0.038699 -0.00377712 0.00824133 -0.0192107 -0.00198632 0.00992664 0.0806697 -0.0495664 0.00494405 0.00092709 -0.0400991 -0.000110015 -0.0548755 0.0161342 0.000237604 0.000728414 -0.00115771 -0.00410696 -0.00438669 0.00128067 0.0105481 0.000875144 -0.0229769 5.87258e-06 0.0167633 -0.0217791 0.0108413 -0.00123855 -0.00805777 -0.0219395 0.0229439 0.0306059 -0.000315084 -0.0412713 -0.0102533 -0.000433111 -0.00080455 -0.0306107 0.0113669 0.000995656 -0.0608555 -0.00889131 -0.00887036 
0.00887366 -0.00374116 0.00141433 0.0144168 -0.000269415 -0.000121094 0.0209832 -0.00499698 -0.00132246 -0.00945482 0.0023413 -0.00282633 0.00238547 7.9218e-05 0.00475905 -0.00570831 -0.000789982 0.0106383 0.0016906 -0.0093952 0.025551 0.0991358 0.00446642 -0.00308515 -0.00488967 -0.00428004 0.0114186 0.00160459 -0.000211892 0.00598811 0.00494039 -0.000771557 -0.000761691 0.0205121 0.00474691 -0.0222417 -0.000262026 -0.00900441 -0.00119016 -0.000548039 -0.03391 -0.00223798 0.0206426 0.000493269 6.89911e-05 0.002298 0.00727364 -0.00519649 0.00255568 0.00165316 0.0235817 0.0176028 -0.0140437 0.00038759 -0.0258826 -0.00192702 -0.00121455 -0.0175727 -0.0264495 -0.0398122 -0.0216195 -0.000158685 0.0199556 0.0139529 0.00152271 0.00481387 0.0109504 -0.0365013 -8.3134e-05 -0.0052479 0.00167325 0.000350179 0.000361279 -0.000624362 -0.00485098 0.00217985 0.00076349 -0.00109804 -0.000236144 -0.0147477 -7.31256e-05 0.0096355 -0.0147444 0.0317911 -0.000107911 -0.00607236 -0.0228155 -0.00123211 0.0195017 -7.23739e-05 0.0069212 -0.0103968 -0.000394591 -0.000343045 -0.0200981 -0.000969385 0.000712987 -0.0244502 -0.000365673 -0.00616725 
-0.00271991 -0.000709714 0.0011477 -0.000167075 0.000963582 -9.06661e-05 3.73885e-05 -0.000566464 6.12114e-05 -0.000883083 -0.00345092 -0.00122984 0.000663071 6.30061e-06 0.000355824 -0.000871727 -0.000125435 -0.00183764 0.00108007 0.000286923 0.00161545 0.00446642 0.0146636 -0.000498299 -0.00144279 8.95918e-05 -0.000295727 -0.000474226 6.24418e-05 0.00341856 0.000941955 -5.91955e-05 0.00154403 0.00190561 0.00105947 -0.000446778 0.000887237 -0.00076596 -0.000143802 0.000178676 -0.00333471 -0.000776402 -0.000621626 0.000190852 -2.48952e-07 -0.00212974 0.00127853 -0.000760296 0.00351471 0.000496348 -0.00152271 -0.00299343 -0.00227668 7.30159e-07 6.56423e-05 0.00206867 0.000220979 -0.00265301 -0.0025319 -0.000636114 -0.0012311 0.000550354 -0.00129313 0.000581038 -0.00192116 0.00174175 0.00214684 -0.00180407 0.000406912 -0.0041261 0.0045399 0.000195371 0.00149405 6.32502e-05 0.000423047 0.00449724 0.000770868 0.00019457 -2.43728e-05 -0.00105334 2.45239e-05 0.00504604 -0.00152139 -0.00298449 0.000158174 -6.60291e-05 0.000655938 -0.000881844 -0.000886948 0.000166889 -0.000279466 -0.00106601 7.91189e-05 -4.76327e-05 -0.00205392 0.000213452 0.000107281 -0.0014428 -0.00770224 7.40543e-05 
-0.0103492 -0.000930677 0.000172476 -0.00680904 0.000427266 0.000772779 -0.00354095 -0.00211145 -0.000786629 -0.00304757 0.0176011 -0.00584413 -0.00174989 -2.96032e-05 -0.000278048 -0.0131593 -0.000194037 -0.0099955 -0.000236786 0.018078 -0.00677052 -0.00308515 -0.000498299 0.0460644 -0.00708131 -0.000231023 -2.31806e-05 0.00220276 0.000176807 -0.000583454 -0.00151767 -0.000754588 -0.004115 -0.00402062 -0.000416451 -0.0057473 -0.000470765 -0.0023474 -0.00064482 -0.000297603 0.00942378 -0.001216 -0.00956739 -0.000341103 -3.27095e-05 -0.00675893 -0.00367464 0.0153794 0.000693189 -0.000233054 0.000415776 -0.0159113 0.0223478 -1.08317e-06 0.00842646 -0.00043039 0.000659112 0.0173212 0.0104801 -0.00751652 -0.0101735 0.000951469 -0.00778414 -0.00500448 -0.00773186 -0.0027715 -0.00216391 -0.00493466 -2.13203e-05 -0.00773997 -0.00497195 -0.000251042 0.000430555 0.000760567 0.0118851 -0.000364963 -0.00058659 -0.00202887 -0.000108231 0.00389493 0.000141006 -0.00256185 0.000214794 -0.00769717 4.13192e-05 0.00269508 0.00493296 -0.0028064 0.0119961 -0.000123053 -0.00105279 -0.00509395 -0.000224603 0.00248142 0.00691866 -0.0021486 0.000524858 -0.0049487 0.00618586 0.00194818 
0.0671109 -0.0165795 -0.00107099 0.091094 -0.00988334 -0.00518182 -0.024078 0.0125518 -0.000262714 -0.0274777 -0.0324089 0.0406786 -0.00833094 -9.15881e-05 -0.00257602 0.0783519 0.00545428 0.0525082 -0.00196774 -0.0296734 -0.0213482 -0.00488967 -0.00144279 -0.00708131 0.214479 0.0120373 -0.00529327 0.00896574 0.000787713 -0.00342483 -0.00720525 -0.00265832 -0.0109976 -0.0293695 -0.000513451 -0.00256831 -0.00030236 -0.0204724 -0.00430586 -0.00478387 -0.107821 0.011154 0.081312 0.000756742 0.000340072 0.0488252 -0.0166471 -0.0164358 0.000930341 -0.00181518 -0.0256363 0.0425822 -0.0458527 -0.000287821 -0.0913258 0.00452002 0.0045351 -0.0724312 -0.0887864 -0.0404831 0.0777706 -0.000458666 0.114714 -0.0294102 0.0631909 -0.0291759 0.0086461 -0.0929678 -2.91279e-05 0.109089 -0.0429298 -0.00216631 -0.00167741 -0.0012252 -0.0410043 0.0014041 0.00256942 -0.00864683 -3.90093e-05 0.0736589 -0.000300872 -0.0110763 -0.063174 0.0885799 0.0017659 -0.0135796 -0.065302 -0.0171445 -0.0257567 -0.000525557 0.0149325 -0.0334549 -0.00062163 -0.00667972 -0.0687742 -0.00580943 -0.0013466 0.015523 0.0230916 -0.0168721 
6.3733e-05 0.0048819 -0.000119585 0.00287369 -0.00104368 0.000424003 -0.00388933 -0.00266583 0.000162985 -0.000653026 -0.0102783 -0.00612864 -0.00144492 5.58795e-06 -0.000998713 0.00952506 0.00123174 0.0189134 -0.000169929 -0.0083297 -0.00426515 -0.00428004 8.95918e-05 -0.000231023 0.0120373 0.0549542 -0.00269987 0.000318622 -8.50442e-05 -5.63759e-05 -0.00103479 -0.000730892 -0.00192339 -6.70166e-05 -0.000285352 -0.00316373 -0.000659716 -0.00445337 -0.000303086 0.00167748 -0.00498555 0.00884853 0.0155496 1.02871e-05 3.69156e-05 -0.00482602 0.00205283 -0.00364318 -0.0013629 -0.000314017 -0.00836885 0.00655312 -0.00880877 0.000143899 -0.0130824 -0.00106512 4.11791e-06 -0.0117264 -0.00972509 0.013761 0.01687 -0.000375455 0.00616021 0.0122274 -0.00700535 -0.00392058 -0.00275113 -0.00742645 -3.02181e-05 0.017012 -0.00199498 0.000703772 0.000491991 -0.00025619 -0.00998924 -0.000108192 -0.000455888 -0.00132328 -8.70884e-05 0.028228 0.000132773 -0.00241466 -0.0108641 0.00243922 1.42405e-05 -0.00291021 -0.0135041 -0.00230906 -0.000440547 0.00105725 -0.0125322 -0.00110905 0.000131554 -0.0014658 -0.0138626 -5.87744e-05 -0.000701694 -0.0168479 0.00579392 -0.00276839 
-0.0151473 -0.00414387 -9.83155e-05 -0.0089668 -0.00117319 -0.000286103 0.0282324 -0.00152215 0.000113276 -0.00436499 0.0272964 -0.00430981 0.0182342 1.15349e-05 -0.000551173 0.00422885 -0.000125604 0.00107536 -0.000189821 -0.00075532 0.0255586 0.0114186 -0.000295727 -2.31806e-05 -0.00529327 -0.00269987 0.0461153 0.00222617 0.000125798 0.00558562 0.00648184 0.00183046 -0.00428986 0.0200726 -0.000408049 -0.00836201 -0.000155103 -0.00379718 -0.000556994 0.00103372 -0.0154318 -0.00336707 -0.0110251 0.000534232 6.02554e-05 -0.00709881 0.0109621 0.000501924 -0.000433702 0.00263318 0.0134089 -0.00317085 -0.00539513 5.51705e-05 -0.014831 -0.00179079 -0.00138727 -0.00888276 -0.00995501 -0.0134664 -0.0141423 -0.000179158 -0.00871075 0.0153993 -0.0109642 0.000210803 0.000868564 -0.0187694 -2.54009e-05 -0.0182713 -0.00600237 -0.000246049 0.000830986 -0.000265743 0.00137857 -0.00111739 -0.000327427 0.0141851 -6.28651e-05 -0.00628889 0.000351964 0.0109718 -0.00526572 -0.000862247 -0.000555879 -0.00252896 -0.0122671 0.0121106 0.0144508 0.000515654 -0.00509906 -0.000261848 -0.000248017 0.0055122 -0.0117192 0.00313335 0.00316719 -0.0136582 -0.00638111 -0.00291139 
-0.0108197 -0.00217095 0.00012428 -0.00793371 -0.000358482 -0.00101473 -0.000115504 -0.000519096 -0.00122881 -0.00426623 -0.00203234 -0.00105576 -0.000769514 -2.50374e-05 -0.000722579 0.00227869 0.00138878 0.0130922 5.48309e-05 0.0033904 -0.000567033 0.00160459 -0.000474226 0.00220276 0.00896574 0.000318622 0.00222617 0.0542735 0.000428848 0.00154731 -0.00101518 0.00173807 -0.00178183 0.00575496 -0.000601989 0.00162048 -0.000272065 -0.00483106 -0.000190326 -0.000904524 -0.0217337 -0.00520871 -0.00116126 -0.00029383 3.92018e-05 -0.00289054 0.0014698 -0.000273102 0.0032761 -0.000187736 -0.00468501 0.000560556 -0.00639022 6.28582e-05 -0.00879414 0.00160126 0.000744442 -0.00754708 -0.0092012 -0.0130326 0.010618 0.000938297 0.0154759 0.00947517 -0.01225 0.000882554 0.0131607 -0.0206552 2.25828e-05 0.00314209 0.00266419 -0.000310554 0.000616325 -0.000145278 0.000812636 0.00403657 0.00412456 -0.000800377 0.000141816 0.0144462 0.000460834 0.00338166 -0.00353222 0.00155026 -0.000243687 -0.00187879 -0.0104127 -0.0030746 0.00782305 0.00188553 0.00111836 -0.00556789 -0.000136907 0.00263878 -0.0114309 -0.00117962 1.58265e-06 -0.00707036 -0.00250521 -0.00191818 
0.000161046 -0.000132083 -9.23855e-06 0.000259084 4.42412e-05 4.02312e-05 -0.000220228 -9.57329e-05 -3.64009e-05 -2.11302e-05 0.000127246 8.24752e-05 -6.97251e-05 1.29537e-05 -5.22578e-05 -0.000241438 -1.84206e-05 -0.000554289 -2.8114e-05 -0.000143085 -0.000470138 -0.000211892 6.24418e-05 0.000176807 0.000787713 -8.50442e-05 0.000125798 0.000428848 0.00349844 1.29757e-05 4.80205e-05 -1.69998e-05 0.000644359 -0.000386258 2.83932e-05 -0.000109757 9.05114e-05 -0.00015013 3.24302e-05 -4.09521e-06 -0.000387218 -0.000320671 0.000368012 1.4453e-05 1.9013e-05 4.89278e-05 -0.000201988 2.31783e-06 0.000323046 1.00322e-05 -0.000336315 -0.00076215 -0.000240871 1.10076e-05 -0.000377681 1.95957e-05 -5.9855e-05 0.000395326 -0.000617109 -0.000406744 0.000248103 0.000110919 0.000180159 1.31636e-05 -0.000379106 -3.43106e-05 0.000151856 -0.000203865 2.7135e-05 8.81363e-05 6.05601e-06 -1.78812e-05 5.22089e-05 1.43859e-05 -1.90912e-05 0.000163199 -1.35793e-06 -5.27522e-05 -2.68262e-06 0.000308252 3.29045e-05 5.01237e-06 -0.00028104 -0.000260693 -1.05654e-05 -0.000137046 0.000369136 -3.39808e-05 -8.68615e-05 -1.90111e-05 -0.000165819 5.86367e-05 4.19466e-06 0.000274608 -0.000900877 -9.41342e-05 2.54394e-05 -7.66904e-05 -0.00046264 -1.78895e-06 
-0.0030378 5.29228e-05 0.00110639 -0.0076113 -1.81332e-05 0.000869552 0.00769368 -0.00175291 0.00082289 -0.00252265 -0.0012778 -0.00327884 0.00469726 3.84811e-05 0.000406905 0.00105411 5.97232e-05 -0.00491391 0.000169268 0.00273012 0.00721131 0.00598811 0.00341856 -0.000583454 -0.00342483 -5.63759e-05 0.00558562 0.00154731 1.29757e-05 0.0338611 0.00555263 0.00106333 0.000508922 0.00844506 -0.000164741 -0.00270462 0.0007235 -0.00175999 8.7425e-05 0.00170889 -0.00919944 -0.00171135 -0.000357933 0.00154351 0.000119842 -0.00331987 0.00300879 -0.000814895 0.00585071 0.000712608 0.000405678 -0.00674055 -0.00432973 2.97006e-06 -0.00980748 0.00257012 -0.000987096 -0.00302976 -0.00294046 -0.00741002 -0.0108838 0.00133501 -0.0078282 0.00310372 -0.0102722 0.000707999 0.01011 -0.00915106 8.5485e-05 -0.00614327 -0.00109079 0.000477849 0.00615159 0.000532003 0.0022863 0.00487167 0.0036817 0.00642878 0.000521364 0.000390047 2.23354e-05 0.00968326 -0.00542466 -0.00176165 2.76968e-05 -0.00200598 -0.00321352 0.00531481 -0.00283517 0.00334634 0.00382708 -0.00163443 2.65718e-05 0.00148222 -0.00894321 0.000412453 0.00120081 -0.00738147 -0.0138989 0.000566896 
-0.00292502 -0.00197078 5.53855e-06 -0.00513425 -0.000977441 -5.56167e-05 0.0188384 -0.00148952 8.69017e-05 -0.00233605 0.00341678 -0.00278993 0.00971623 2.0762e-05 -3.61473e-05 0.00627458 -0.000278472 -0.00444382 0.000124868 -0.00232686 0.0127833 0.00494039 0.000941955 -0.00151767 -0.00720525 -0.00103479 0.00648184 -0.00101518 4.80205e-05 0.00555263 0.0309676 0.00415399 -0.000690702 0.0129324 -5.09743e-05 -0.00343299 0.000240192 0.000491663 -0.000409326 -7.71075e-05 -0.0116687 -0.00256971 -0.00427398 0.00249173 3.68607e-05 -0.00150378 0.0114484 -0.00196259 5.48115e-05 0.00152442 0.00497718 0.00133321 -0.00486912 2.52783e-05 -0.0097619 -0.000611697 -0.000951486 -0.00642786 -0.00325656 -0.00894404 -0.00572551 -0.000245185 -0.00941191 0.00265039 -0.00657606 0.00392698 -0.000628966 -0.00815415 4.65626e-05 -0.00840556 0.00133821 -0.00020657 0.000578419 -5.24938e-05 -0.000743495 -0.000627996 -0.00034402 0.00741985 -9.22579e-05 -0.00479153 -4.72164e-05 0.00959389 -0.00520882 -0.000861444 -0.000167049 -0.00184148 -0.00817686 0.00796294 0.00306747 0.000109577 -0.00273084 -0.000728196 3.04002e-05 0.00391407 -0.00811726 0.00279459 0.00209903 -0.0053923 -0.00729342 -0.00187243 
-0.000661205 -0.00141131 1.75554e-05 -0.000566233 -0.000494088 0.00109399 0.00336075 -0.000204015 0.00057109 -0.000501395 -0.00185873 0.000695479 0.00392526 2.75566e-05 0.000224063 0.00631802 -0.00011901 0.00037303 0.000108644 -0.00180856 0.00328618 -0.000771557 -5.91955e-05 -0.000754588 -0.00265832 -0.000730892 0.00183046 0.00173807 -1.69998e-05 0.00106333 0.00415399 0.0169571 -0.00131698 0.00212347 -3.19329e-06 0.000928916 -2.16126e-05 -0.00136218 -6.75272e-05 0.000424418 -0.00512273 0.000190125 0.000627243 0.000602907 -1.22901e-05 0.003068 0.00700541 -0.000720136 -0.000374313 0.000202751 0.000723593 0.00251672 -0.00244022 2.77878e-06 -0.00372505 0.000252514 -0.000158547 -0.00210087 -0.00699985 -0.00496355 -0.00251662 -0.000142052 0.00142264 -0.000823724 -0.00161667 0.000807008 -0.000448774 -0.00646123 2.10368e-05 -0.00127183 1.33777e-05 0.000568541 0.000139881 -2.95838e-05 -0.00176741 -0.000346539 -8.60631e-05 0.0026338 6.93329e-05 -0.00113849 -1.79073e-05 0.00171943 -0.00259559 0.000472158 -0.000107223 -0.000935091 -0.00399165 0.00281846 0.00155609 -0.000100341 -0.00162606 0.000995591 -2.20304e-05 0.00104739 -0.00371378 0.00115442 0.000133101 -0.00372902 -0.00362541 -0.000867406 
0.00137531 -0.00373888 0.000716969 -0.0104061 0.0042273 0.000746688 -0.00830107 -0.00332106 0.00346562 0.0138386 -0.0172023 0.00591089 -0.00407163 3.11176e-05 -0.00135284 -0.0365532 -0.000721266 -0.0406956 -0.000608316 0.00643642 -0.0156675 -0.000761691 0.00154403 -0.004115 -0.0109976 -0.00192339 -0.00428986 -0.00178183 0.000644359 0.000508922 -0.000690702 -0.00131698 0.0858434 -0.00914533 0.00139413 -0.00998807 0.000280544 -0.0014889 0.00177803 0.000826906 0.0169256 -0.00378766 -0.00662076 0.000335846 2.45678e-05 -0.0102151 -0.0078491 -0.0022428 0.00674015 -0.000327868 -0.00948343 -0.0309304 0.00313217 -0.000129801 0.0259853 0.00396849 0.00103039 0.0255915 0.0206138 0.0124343 -0.00514122 0.00069527 -0.0240109 -0.0024297 -0.00667995 0.0148606 0.00559988 0.0350709 0.000172728 -0.0146447 0.0225922 -0.000370482 -0.000443825 -0.00010614 0.00413163 0.00454007 -0.000268338 -0.00307531 -0.000181629 -0.0160363 -0.000184642 -0.00378197 0.0162278 -0.0229646 0.000798326 -0.000291977 0.0188443 -0.00356706 -0.0129111 -0.000156741 0.0127158 0.00463271 -0.000135118 -0.0011929 0.00888883 -0.00386236 -0.000351967 0.00605854 -0.018966 0.000299934 
-0.0408357 -0.0129951 -0.000395812 -0.0154941 0.0136243 0.000616547 0.0410281 -0.00570054 0.00345665 -0.0117283 0.0256344 -0.0130453 0.013712 6.09344e-05 0.0028077 0.0179853 -0.00163339 0.035018 0.00225986 -0.0115494 0.0621543 0.0205121 0.00190561 -0.00402062 -0.0293695 -6.70166e-05 0.0200726 0.00575496 -0.000386258 0.00844506 0.0129324 0.00212347 -0.00914533 0.125699 0.00021223 -0.0178615 0.000987248 -0.0107104 -0.00153076 0.000405839 -0.0479111 -0.011049 -0.0267595 0.00186677 3.45142e-05 -0.0219509 0.0371937 -0.00883778 -0.00268635 0.00264312 0.0263475 0.00643625 -0.0215767 0.000216216 -0.0234044 0.00131144 0.00741482 -0.025494 -0.00211223 -0.00209406 -0.000500686 -0.00149506 0.0190644 0.0613353 -0.0288741 -0.00164723 -0.00699148 -0.0490041 0.000114284 -0.0460072 0.0364593 7.26499e-05 0.000883707 -0.000888153 -0.00783841 0.000638146 -0.00127211 0.00774784 -0.00033851 -0.0124894 -0.000108751 0.0264481 -0.016735 0.00578235 -0.00163395 -0.00802872 -0.0323972 0.00783573 0.0453489 -0.000171395 -0.029825 -0.00917367 -0.000286916 0.000654908 -0.0313759 0.00911843 0.00246135 -0.0395943 -0.0107552 -0.00706039 
