0.199752 -0.00716208 0.00630553 0.0187576 -0.00109379 0.000927023 0.00053712 -0.00233994 0.0286569 0.000904305 -0.00161745 -0.0363126 0.00334322 0.00381211 -0.0347872 -0.00152049 0.0155104 0.0334174 0.0100961 0.00299309 7.70471e-05 -0.000735231 0.0163546 -0.0131173 -0.018333 -0.00193934 -0.00163408 0.0520218 -0.00401236 0.00542557 0.0460379 0.000965828 0.0210921 0.0147772 0.0266381 -0.00109252 -0.0171019 -0.00426295 0.0062196 -0.00283179 -0.0641768 -0.0580127 -0.00648569 0.000146652 0.00810666 -0.0381534 -0.0749132 -0.0541679 -0.00649626 -0.00913811 -0.0803868 -0.025085 0.00686124 0.00664648 -0.0061658 0.0284376 -0.000336137 0.0230626 -0.00997394 0.0158194 0.0213706 0.00624279 -0.000498725 -0.00293647 0.0100768 0.000168523 0.00365507 0.00219652 0.00304082 0.0286514 0.0231798 -0.0055134 0.0193713 0.0444369 -0.00424123 -4.98012e-05 0.000249759 0.00199089 0.0490799 -0.0482035 -0.0415168 -0.0559849 -0.016853 0.00413374 0.0187988 0.00701312 -0.063448 0.00162227 0.0124828 -0.0119268 -0.000149889 0.0180158 0.00461946 -0.00403384 0.00349001 0.00010258 0.00346149 -3.05489e-05 -0.0526169 0.000235292 
-0.00716208 0.0314525 -0.00097955 0.00195143 0.00262253 0.00347435 0.000322293 -0.000238081 -0.00204991 -2.1523e-05 0.00032548 0.00264513 0.000224343 -0.000615685 -0.00282947 -0.000481245 -0.00345753 0.0025377 -0.000162722 -0.000182146 0.000120484 0.000109492 -0.00421861 0.0028158 -0.00229287 -0.00031015 -0.00344191 -0.00208372 0.00118572 0.00010145 -0.00465183 -0.000146106 0.000627468 -0.000458187 -0.00233725 -9.01309e-05 0.000858035 -0.00076928 -0.000807312 0.000169753 -0.000782781 0.00347695 -0.000842629 -0.000252301 0.000261435 0.00311752 0.00306581 -0.000241657 -0.00577022 0.00268173 0.00151563 -0.000413287 -0.00255714 9.54995e-05 0.000437718 -0.000376617 -4.61058e-05 -0.00236521 0.000441472 -0.00116835 -0.000390696 -0.00117118 -5.62869e-05 -0.000232682 -0.000581322 -5.68872e-05 -0.00051351 -0.000133849 -0.0013909 -0.000562847 -0.000701403 0.00180448 -0.00215098 -0.004869 -0.000467915 0.000133449 0.000402099 -0.00179799 -0.00198595 -0.00425467 0.000663814 0.00304658 -0.00125929 1.81696e-05 -0.00123577 0.00251316 0.00348258 -0.00012597 -0.00159436 -0.00121638 -0.000126362 -0.0015369 -0.00208774 0.000752305 0.000441488 -1.01267e-05 -0.000679528 0.000187455 0.00530495 0.000405905 
0.00630553 -0.00097955 0.0766797 -0.0192868 -0.00161061 0.00250834 0.00068726 0.000156065 -0.0019603 -8.8923e-05 -0.00114185 -0.0093756 -6.29972e-05 -0.00217016 -0.00296669 -6.00538e-05 0.0182241 0.00554026 0.00633194 -0.00041295 -0.000269032 0.000445234 -0.0130436 0.0182837 0.00191812 -4.51793e-05 0.00261141 0.0146324 0.0095451 0.00789848 0.0152008 -0.00014609 0.0109104 0.0109842 0.00566296 -0.000717193 0.00519126 -0.00373214 -0.00230931 -0.00129039 -0.0149054 -0.00831391 -0.00146705 0.000416093 -0.00122592 -0.0140856 -0.00359122 -0.0135968 0.0105062 -0.00638866 -0.00951992 -0.00610839 -0.0044549 -6.57398e-05 -0.00107749 -0.013039 -9.86558e-05 -0.00299157 -0.00246962 0.006987 0.0103415 -0.00393097 -0.000165895 -0.000653574 -0.000963804 -0.000273245 -0.000552146 0.000533422 -0.00402854 0.00449382 0.0031629 0.000596113 -0.00836953 -0.0101155 -0.00124987 -2.93533e-05 -0.000709975 -0.00442522 0.00571306 -0.0106049 -0.0201687 -0.00635791 -0.0160271 -0.000991638 -0.00017232 0.0133835 -0.0164099 -0.000201031 -0.00424404 -0.00294174 -0.000324824 -0.000764869 -0.00386818 -0.00118423 7.43197e-05 -0.000131389 0.000420806 1.29766e-06 0.0084236 0.000159005 
0.0187576 0.00195143 -0.0192868 0.229402 0.00386606 -0.0190249 -0.00299956 0.000911794 0.00356699 -0.000379164 -0.00554809 0.0074847 0.00956286 -0.000839421 0.00462987 -0.00935756 -0.0647309 -0.0189917 -0.00573994 -0.00120335 0.00104144 -0.000512608 0.00166906 -0.0753848 -0.0712746 -0.00341089 -0.0479424 -0.0742871 -0.0626839 -0.0267966 -0.0931807 -0.00121266 -0.0358323 -0.0612505 -0.0183768 0.000408878 -0.007917 -0.0228172 -0.00191743 -0.00352205 0.0430164 0.0925076 -0.00526566 -0.00243133 -0.00776727 0.0923793 0.0477824 0.0707708 -0.0334531 0.0338635 0.0533744 -0.00326829 -0.000828965 -0.0035817 0.00219465 0.071531 2.36445e-05 0.0326754 -0.00762098 -0.0182257 -0.0532794 0.00331851 -0.000376326 -0.00368968 0.000981571 -0.0011186 -0.0020836 -0.00199189 -0.0120514 -0.0467165 -0.00870661 -0.00731266 0.0220752 0.0242481 -0.00664994 -0.000225933 -0.00184332 -0.0464986 -0.0368243 0.00247534 0.115462 0.056172 0.0131926 -0.00587559 0.00826059 -0.029603 0.100831 0.000385524 -0.0261189 -0.00184603 -0.00106201 0.00359866 -0.0349588 -0.00847607 0.00459041 -0.000217143 -0.00392453 -0.000700143 0.00282267 -0.00077165 
-0.00109379 0.00262253 -0.00161061 0.00386606 0.032838 0.00514279 0.00101381 0.000215621 2.07269e-05 0.000196737 -0.000127861 -0.00150253 0.000581182 -0.000765377 -0.000614699 0.000737638 -0.00144974 0.00727625 -0.000457157 0.000432575 0.000182748 -0.000113984 -0.000375144 -0.000722407 -0.00301425 2.43462e-06 -0.00122631 0.000910576 -0.000885139 -0.00103391 -0.000356907 -9.55539e-05 -7.32043e-05 -0.000830702 -0.00146678 0.000177114 -0.00403362 -0.000817183 0.000326904 0.000720406 -0.00765864 -0.00398471 -0.00114162 -0.000256262 0.00280697 -0.00453631 -0.00175815 -0.00715236 -0.0056572 -0.000471173 -0.00640429 0.00246228 -0.0010685 0.000947085 0.000326468 0.000422991 5.09756e-05 -0.000148874 0.00219398 -0.00119412 0.0059361 0.000724012 -3.85758e-05 -0.000393206 -0.000292682 2.33642e-05 -0.000423417 -0.00020068 0.00214956 0.0104753 0.00169577 6.80769e-05 0.00151262 0.00099241 -3.93737e-05 3.62081e-06 2.46785e-05 0.00126669 0.00322148 -0.00705419 -0.00385467 -0.00465431 0.00370206 0.000374126 -0.000829553 -0.00029891 -0.00730631 -6.32299e-05 0.0017278 -0.00125424 -5.26026e-05 -0.00125244 0.00313295 -0.000540818 -0.000507017 -4.05095e-05 -0.000611687 0.000809004 -0.0104749 -3.21349e-05 
0.000927023 0.00347435 0.00250834 -0.0190249 0.00514279 0.0673162 -0.000447786 0.000700959 -0.00391136 0.000983225 0.000945271 -0.00549919 -0.000467066 0.000567171 -0.00220623 0.00586476 0.0230472 0.00612557 -0.000631884 0.000793756 -4.67439e-05 -7.08738e-05 -0.0132924 0.0288719 0.0265041 -0.000781174 -0.00284336 0.0176517 0.0172932 -0.00490505 0.0154635 -0.000258789 0.000299603 0.00875024 -0.00563848 0.000239987 -0.00331886 0.00941353 0.0017769 -0.0010126 -0.0196081 -0.0148622 -0.00258517 -0.000405345 0.00352851 -0.0127431 -0.013637 -0.0206099 3.77406e-05 -0.00470063 -0.0193406 -0.00530955 -0.00569796 0.00229469 -0.00110933 -0.0135605 -0.000140652 -0.00379304 -0.00194856 0.00491951 0.00711379 -0.00341566 -0.00015101 -0.00106233 -0.000788067 0.000174423 -0.000580881 0.00134379 -0.0051641 0.00801366 0.00888488 0.00674518 -0.00841095 -0.0106068 0.00347896 0.000259459 -4.43359e-05 -0.00349337 0.0208612 -0.0130715 -0.0179943 -0.0113131 -0.0114331 0.00199915 -0.00134435 0.00579019 -0.0227345 -3.3619e-05 -0.00436383 -0.000645924 0.000206432 0.000140423 0.000935188 -0.000618378 0.000256529 -0.000222486 -0.000131298 0.00140463 -0.000879924 -0.000137255 
0.00053712 0.000322293 0.00068726 -0.00299956 0.00101381 -0.000447786 0.0175249 -0.00011976 -0.000117501 5.70496e-05 0.000354931 0.00258101 -0.000245586 -0.000202534 -0.00290613 -0.000232175 0.00314127 0.00411361 8.14399e-05 0.000530248 0.000395917 -1.23496e-05 0.00345738 0.0017392 0.00160051 -0.000164053 0.00404792 0.00658918 0.00319885 0.00317668 0.00668663 -2.47616e-05 0.000430605 0.00208555 -0.000520643 -0.000177402 -0.00339661 0.000429601 0.00246948 -0.000350124 -0.00365771 -0.00753405 0.0032247 -0.000116655 0.00281191 -0.00916479 -0.00305681 -0.00635855 -0.00612176 -0.00132172 -0.00582335 -0.000496534 4.28703e-05 0.00320384 -0.000175027 -0.00300721 -8.19886e-06 -0.00112251 -0.000420069 -0.000160424 0.0051808 -0.000984901 4.42575e-06 0.00017887 -0.000349989 -1.54156e-05 -0.000276071 0.000106298 -0.000780547 0.00556281 0.000906595 -0.000323004 -0.00160194 -9.98783e-05 0.000212161 -3.90516e-06 0.000312901 0.00303225 0.00285934 -0.00500327 -0.00729548 -0.00170074 0.00206944 -0.000243913 -0.000123275 -0.00162697 -0.00879555 0.000164917 0.00174671 -0.000933691 -1.59266e-06 -0.000193004 -0.000485978 -9.56544e-05 -0.000172031 -4.85592e-05 -0.000246136 5.38226e-06 -0.00704023 2.53784e-05 
-0.00233994 -0.000238081 0.000156065 0.000911794 0.000215621 0.000700959 -0.00011976 0.0111009 0.000686332 8.12409e-06 -6.5153e-05 0.00304118 -0.000190805 -0.000174475 -0.00137834 0.000443165 0.00117693 -0.00071025 -0.000139941 -3.25484e-05 0.000139081 4.54577e-05 -0.00165153 -0.000356701 -0.00105185 -4.07499e-05 -0.00100564 0.000852526 -0.000533371 -7.26387e-06 0.000842329 -2.58525e-05 0.00101143 0.000757535 0.000338347 -5.75346e-05 -0.000776941 0.000961553 9.93121e-05 -0.000142809 0.00229128 -0.000886258 -0.000119815 6.8775e-05 -0.00015609 -0.00202702 0.000548845 -0.00168411 -0.00239579 -0.000234704 0.000313871 0.00102569 -0.000938343 -0.000161123 0.000657179 -0.00176867 -1.81644e-05 -0.000448656 -0.000496908 0.0010317 -0.000937072 -0.000665884 2.43476e-05 -8.6354e-05 -0.000127981 9.96462e-06 -5.70288e-05 -5.51213e-05 -0.000540678 -0.000645649 -4.58028e-05 0.00029796 -0.00102091 -0.00094587 4.10285e-05 5.01343e-05 -1.39045e-05 -0.000116009 0.00121633 -0.0050233 -0.000146548 -0.0017647 0.00257022 0.000233099 0.00027905 -0.0004565 -0.0010713 -1.45114e-05 -0.000926344 0.000218777 1.61159e-05 0.000211996 0.00159523 -0.0001377 -5.32618e-05 7.69982e-05 -0.000205749 -9.03846e-06 0.00114896 2.61789e-05 
0.0286569 -0.00204991 -0.0019603 0.00356699 2.07269e-05 -0.00391136 -0.000117501 0.000686332 0.0644757 0.000143394 -0.000405752 -0.00936559 -0.00127786 0.00326757 -0.0128307 -0.00152788 0.0147732 0.00310794 0.0042692 0.00288586 0.000646862 -0.000181696 0.0211626 -0.0116566 -0.017115 0.000164132 -0.00143896 0.0209369 -0.00959832 -0.0019975 0.0251456 0.000179819 0.0125619 0.000537444 0.0358124 -0.000287559 -0.0278278 0.00181775 0.00427888 -0.000823143 -0.0204603 -0.0322949 -0.00238612 0.000259661 0.00636733 -0.024531 -0.0328764 -0.0280555 -0.0243541 -0.00694411 -0.027513 -0.00538375 -0.000539091 0.000645147 -0.00152989 0.0277148 6.56322e-06 0.0170993 -0.00171173 0.00834901 -0.00197716 0.00135822 8.26516e-05 -0.000962272 0.00178945 0.000384604 0.0104512 0.00267108 0.00792575 0.00143321 0.00208822 -0.00187804 0.0135627 0.0423146 -0.000267559 0.000152196 0.00120737 -0.00496992 0.0173923 -0.0241634 -0.0283065 -0.0367563 -0.0101484 0.000912878 0.020404 -0.00579586 -0.0314294 0.00285283 0.0078013 -0.00388763 0.000482324 0.0254927 0.0275693 -0.00141559 0.00105928 0.000911961 -0.000670468 7.86603e-05 -0.0346163 0.000279174 
0.000904305 -2.1523e-05 -8.8923e-05 -0.000379164 0.000196737 0.000983225 5.70496e-05 8.12409e-06 0.000143394 0.00227486 -2.70382e-05 -0.000413305 -5.00552e-05 8.29578e-05 -0.000229494 -1.72622e-05 0.000459506 0.000963034 1.87133e-05 0.000632329 1.26487e-05 -7.15745e-06 -0.000424065 7.17003e-05 -0.000298511 -1.2059e-05 -0.000186988 0.000839589 -0.000106161 -0.000143917 0.000832512 6.9325e-06 -0.000219042 -0.000283527 0.000123363 0.000100756 -0.000969967 -5.86694e-05 0.00032927 -2.12984e-06 -0.000645433 -0.00110219 -6.93339e-05 -1.64408e-05 0.000575251 -0.000811513 -0.000847404 -0.00106252 -9.14043e-05 -0.000176431 -0.000841225 -0.000220263 5.85917e-05 0.000979108 -1.54145e-05 -0.000328335 -4.35841e-06 -0.000133753 -9.06174e-05 0.000417929 -0.000453544 0.000131057 -3.617e-06 -1.66089e-05 4.56092e-05 1.95682e-05 -2.67976e-05 8.17065e-05 -8.20045e-05 0.00136889 0.00126803 5.38182e-05 -0.000240297 0.000246026 -3.62525e-05 5.92274e-06 2.31699e-05 -0.000155274 0.00110664 -0.000344871 -0.000839944 -0.00128829 -0.000157952 3.69837e-05 0.000178958 -0.000208919 -0.00100784 3.99097e-05 3.67757e-05 -1.69663e-06 1.30827e-05 0.00067335 -0.000265321 -4.29496e-05 5.19566e-06 2.38032e-05 3.10458e-05 8.04951e-06 -0.000912142 1.04389e-05 
-0.00161745 0.00032548 -0.00114185 -0.00554809 -0.000127861 0.000945271 0.000354931 -6.5153e-05 -0.000405752 -2.70382e-05 0.015674 -0.00286343 -0.00041913 -0.000449786 0.00446289 0.00261574 0.00592486 0.000879095 6.6354e-05 -3.19274e-05 0.000108006 3.6937e-05 -0.00288085 0.00449937 0.00541044 -6.35192e-05 -0.000569803 0.00977636 0.00985415 0.000514025 0.00666714 -4.2927e-05 0.00292791 0.0105713 0.00244825 -2.05649e-05 -0.00677549 0.00677021 0.0049368 -0.000195288 -0.00446838 -0.00923946 -0.000331991 0.00095954 0.00044892 -0.00907418 -0.0081318 -0.0106008 -0.00592492 -0.00149832 -0.00705366 -0.000829021 -0.00120256 0.000669504 -0.000203936 -0.00449851 -2.21095e-05 -0.000948862 -0.000446242 0.00152881 0.0104747 -0.000988886 -1.21539e-05 -0.000133912 -0.000325313 6.07922e-06 -0.000273751 9.76137e-08 -0.00115862 0.000940636 -6.15127e-05 0.000602359 -0.00194686 -0.00308825 0.000149518 3.02285e-05 0.00110015 0.00309043 0.00455143 -0.00856756 -0.00872768 -0.00714809 -0.00293245 0.000994865 -0.000498982 0.00726316 -0.00915412 8.73586e-06 -0.00114641 -0.000863907 -7.29286e-05 -0.000862198 0.00625311 0.00582115 0.000484017 -4.8277e-05 -0.000230291 0.000459301 -0.00560942 -3.40937e-05 
-0.0363126 0.00264513 -0.0093756 0.0074847 -0.00150253 -0.00549919 0.00258101 0.00304118 -0.00936559 -0.000413305 -0.00286343 0.1548 -0.00122763 -0.000503407 -0.0248533 -0.00362766 -0.0257466 -0.0182073 -0.00293391 -0.000585603 0.000233793 -0.000210707 -0.0129391 -0.0308693 -0.0188819 0.000230252 -0.0110888 -0.0321259 -0.0161488 0.00150626 -0.0204772 -0.000591802 -0.0101213 -0.0190478 -0.0130329 0.000347789 0.00598838 -0.0113584 -0.00413071 -0.00296877 0.0308478 0.0346259 0.00440775 -0.00118543 -0.00306056 0.026388 0.03994 0.0338128 -0.0106288 -0.0147983 0.0306414 0.0215565 -0.00134577 -0.00127259 0.0046165 0.0143467 -0.000117654 -0.00270184 -0.00558006 -0.00725941 -0.0139266 -0.00278507 0.000273993 -0.00125578 -0.00416961 -0.000564294 -0.00204984 -0.00160283 -0.00755947 -0.0162 -0.00618394 -0.000321383 -0.00125493 0.00325792 -0.00280577 -9.69812e-05 -0.00167646 -0.00909674 -0.0217591 0.0132225 0.0294343 0.0264271 0.035741 -0.00201791 -0.00642657 -0.0176438 0.0391599 -0.000770321 -0.00318427 -0.0046069 -0.000641822 -0.00791399 -0.0162551 -0.0011778 -0.00405481 -0.000178506 -0.00280694 -0.000538251 -0.0101147 -0.000956679 
0.00334322 0.000224343 -6.29972e-05 0.00956286 0.000581182 -0.000467066 -0.000245586 -0.000190805 -0.00127786 -5.00552e-05 -0.00041913 -0.00122763 0.0309323 -0.000262969 -0.00173038 0.000561798 -0.00723506 -0.00271392 -0.000141327 -0.000217558 0.000213018 -2.51203e-05 -0.00290751 0.000544682 -0.00605505 -0.000359683 -0.00490168 -0.00864695 -0.00501019 -0.00238302 -0.00916163 -8.01894e-05 -0.00353051 -0.00561542 -0.00299704 -5.21315e-05 -0.00115704 -0.00194317 -0.00114246 -0.000484746 -0.002608 0.00989537 -0.000903312 -0.000189072 -0.000687199 0.0108773 0.0103903 0.00241345 0.00217845 0.000975732 0.00526188 -0.00132626 -0.00241623 -0.000623347 -0.000291497 0.0028826 -4.72169e-07 0.00457289 0.000553342 -0.0018251 -0.00218078 -0.000762592 -5.67136e-05 -0.00030447 -1.57002e-05 -9.61461e-05 -0.000110372 -0.000228936 -0.00239067 -0.00526144 -0.00121894 -0.000202681 -0.000299486 -0.00408505 -0.000412061 -1.52064e-05 -0.000199245 -0.00396045 -0.00495849 -0.00190733 0.0116095 0.00681914 -0.000432666 -0.000441892 -0.000813122 0.000637414 0.00439083 -0.000137699 -0.00277615 -0.00143221 2.03441e-05 -0.00169983 -0.00437729 -0.000865189 4.64078e-05 -8.72337e-05 9.50342e-05 -8.70157e-05 0.00568267 0.000117401 
0.00381211 -0.000615685 -0.00217016 -0.000839421 -0.000765377 0.000567171 -0.000202534 -0.000174475 0.00326757 8.29578e-05 -0.000449786 -0.000503407 -0.000262969 0.0343304 -0.00447389 -0.000345441 -0.00673629 -0.00155474 -0.000409888 0.000357756 2.10166e-05 -5.49395e-05 0.0125286 0.00281005 -0.00369173 9.58348e-06 0.00823083 -0.00701836 -0.00363006 -0.00162172 -0.00738321 0.000216025 -0.00389869 -0.00628561 0.00148184 0.00136928 -0.00206431 0.000216883 -0.000532674 -0.000532594 -0.00694828 -0.000447763 0.000314378 -0.000311468 -0.000253819 0.00943867 -0.0102018 0.00446205 -0.00238448 -0.00330431 -0.0101412 -0.00320339 -0.00199351 -0.000464994 0.00225494 0.00349397 -5.32179e-05 -0.000402699 -0.00102055 -0.00162159 -0.0074931 -0.000408595 8.75862e-05 0.00080366 0.00142849 0.000210718 -0.00028128 0.00131022 0.00259946 -0.000197527 -0.00100165 -4.32128e-05 0.00940173 0.0130891 0.00190396 0.00011898 0.000490283 0.00219959 -0.0048428 0.00500007 -0.00607956 0.00076177 -0.00711 -0.000592432 0.000630039 -0.00212582 -0.00329238 0.000181654 0.00348691 -0.00193167 -0.000119199 0.000392614 -3.39675e-05 -0.000667801 0.000795032 4.89533e-05 0.00264749 4.55852e-05 -0.00183096 0.000123025 
-0.0347872 -0.00282947 -0.00296669 0.00462987 -0.000614699 -0.00220623 -0.00290613 -0.00137834 -0.0128307 -0.000229494 0.00446289 -0.0248533 -0.00173038 -0.00447389 0.167952 -0.000825354 -0.0201136 -0.00809372 -0.00138147 -0.000758487 -0.000338306 0.000225864 -0.0290003 -0.0277743 -0.027225 -0.00152236 -0.0264292 -0.0231562 -0.0136657 -0.0137875 -0.0326701 -0.000776525 -0.00675509 -0.00690262 -0.00571038 -0.00103648 -0.0056945 0.00899749 0.00232365 0.00322948 0.00727761 0.0381984 -0.00340167 0.00143355 -0.00486895 0.0312516 0.0443458 0.0266272 0.00882065 -0.006004 0.0363299 -0.0122233 0.00738133 -0.0028729 -0.00350285 -0.00875322 -0.0002532 -0.00577208 -0.000107188 -0.00525594 0.00296544 -0.00292916 -0.000365716 -0.00168344 -0.00395181 -0.00038992 -0.00333601 -0.00200475 -0.0122182 -0.0103144 -0.00779699 0.00478437 -0.0185979 -0.0359773 -0.000831496 -0.000138292 -0.00131282 -0.0272664 -0.0111108 0.0313522 0.0514481 0.0192045 0.00281316 -0.00111024 -0.00613927 0.0058242 0.0365748 -0.000751529 -0.0171951 0.0231484 0.000402794 -0.0116174 -0.00870058 0.00258837 -0.00351113 -0.000636003 0.00160421 -0.000144858 0.0130109 -0.000737971 
-0.00152049 -0.000481245 -6.00538e-05 -0.00935756 0.000737638 0.00586476 -0.000232175 0.000443165 -0.00152788 -1.72622e-05 0.00261574 -0.00362766 0.000561798 -0.000345441 -0.000825354 0.0278314 0.00660894 0.00326566 -1.94337e-05 -3.96639e-05 5.12901e-05 0.000265211 -0.00563774 0.00931354 0.00685286 -0.000250236 0.00142275 0.00722507 0.00478751 0.0011337 0.0100826 0.000332686 0.000482909 0.00542366 -0.0023247 -0.000235619 -0.00677773 0.00317371 0.00122361 -7.55317e-05 -0.00511628 -0.00838197 -0.00045041 -5.49787e-05 -0.000142127 -0.0096581 -0.00373794 -0.011024 0.00193147 -0.00225053 -0.00703997 -0.00082732 -0.00160829 3.86338e-05 -0.00013001 -0.0075597 -4.80417e-05 -0.00200577 -0.000366196 -0.000870306 0.00290937 -0.00140494 7.87867e-05 -0.000245615 -0.000425663 4.43778e-05 -0.000196188 -8.60236e-05 -0.00193137 0.00454973 0.00343291 0.00153917 -0.00349112 -0.00524398 0.00219434 4.12912e-05 3.22035e-05 0.00816801 0.0102134 -0.00740962 -0.0119926 -0.00356785 0.00495836 0.00219726 0.000952455 0.00260211 -0.0123452 0.000118127 -0.00190147 0.00158875 6.76331e-05 0.000494312 0.00070717 -0.000325294 -0.000224958 -5.40853e-05 -0.000419146 0.000953144 -0.00365895 3.86186e-05 
0.0155104 -0.00345753 0.0182241 -0.0647309 -0.00144974 0.0230472 0.00314127 0.00117693 0.0147732 0.000459506 0.00592486 -0.0257466 -0.00723506 -0.00673629 -0.0201136 0.00660894 0.204593 0.0050885 0.00400066 0.000973815 -0.000534289 -0.000262909 0.00351408 0.060003 0.0756274 0.00226237 0.032431 0.123509 0.0907662 0.0211563 0.131952 -0.000710214 0.0440946 0.08881 0.0298536 -0.000225235 -0.00529286 0.018342 0.00444395 -0.00433716 -0.0725745 -0.102793 0.00488487 0.00218368 0.00571923 -0.119151 -0.108045 -0.123088 -0.0505886 -0.0250848 -0.103847 -0.0138676 -0.00367799 0.000481843 -0.00426409 -0.00896977 -0.000159766 -0.00903852 -0.00615379 0.0232949 0.0844107 -0.00697615 -0.000296398 -0.00371946 -0.00234597 -0.000318468 0.00104445 0.00509974 0.000791772 0.0120407 0.00563074 0.00244168 -0.0138079 0.00475867 0.00553808 0.00017904 -0.000481902 0.0352831 0.0616218 -0.0638033 -0.120589 -0.07014 -0.0558242 0.00467034 0.00575463 0.0213067 -0.120672 0.000811053 0.00550423 -0.00751186 -0.000836042 0.0192352 0.058757 0.0103515 0.00253468 1.14654e-05 -0.000147819 0.000960055 -0.057573 0.00159092 
0.0334174 0.0025377 0.00554026 -0.0189917 0.00727625 0.00612557 0.00411361 -0.00071025 0.00310794 0.000963034 0.000879095 -0.0182073 -0.00271392 -0.00155474 -0.00809372 0.00326566 0.0050885 0.119462 0.00553584 0.00285449 -0.000225675 -0.000262615 -0.0020298 -0.00149087 -0.0143174 0.000207775 0.00542774 0.0459845 -0.00100996 0.0186728 0.0340802 0.00043635 0.0164291 0.016994 0.0129083 -0.00110946 -0.0180106 0.00986238 0.0130174 -0.00238197 -0.0230957 -0.0618208 -0.00371134 -0.000896588 0.0101485 -0.0573381 -0.0407025 -0.0467242 -0.0146455 0.000406133 -0.0319934 -0.00799566 -0.00229679 0.0117937 -0.00247946 -0.0111529 -0.000187078 -0.0087478 -0.00301714 0.00148071 0.0168556 -0.0016224 -0.000209373 -8.26782e-05 0.000495911 -9.25979e-05 0.00187525 0.00150013 0.0091405 0.0682697 0.023145 -0.000915548 -0.00112409 0.00649683 0.000833114 0.000155923 0.00266341 0.0249925 0.0427531 -0.0363285 -0.0473282 -0.0536692 -0.000250431 0.00113882 0.000238256 0.00110557 -0.0525744 0.000147989 0.00995092 -0.006185 0.000295318 0.00498576 0.0181776 -0.00135608 -0.00202147 0.000279827 -0.000989458 0.000371471 -0.0226636 0.00144208 
0.0100961 -0.000162722 0.00633194 -0.00573994 -0.000457157 -0.000631884 8.14399e-05 -0.000139941 0.0042692 1.87133e-05 6.6354e-05 -0.00293391 -0.000141327 -0.000409888 -0.00138147 -1.94337e-05 0.00400066 0.00553584 0.0188261 -3.63389e-05 -4.76321e-06 3.47952e-05 -0.000953016 -0.00230044 -0.00454262 -0.000171324 -0.00135981 0.0103291 -0.00146928 0.00516327 0.00956098 -1.26059e-05 0.00981724 0.0079665 0.00755906 -0.000159984 -0.00173573 -0.000532915 -0.000638196 -0.000162473 -0.00581285 -0.0101126 -0.000410627 0.000322153 0.000371196 -0.00943247 -0.00787136 -0.0106268 -0.000607966 -0.00185299 -0.00758977 -0.00149944 -0.00166852 9.08946e-06 -0.00028196 -0.00244595 -2.36821e-05 0.00236991 -0.0008263 0.00348991 0.00542462 -0.000733398 -7.28487e-06 -0.000301272 6.00834e-05 8.45514e-05 0.00176228 9.86737e-05 -0.000716613 0.00533298 0.00295928 -0.000433591 -0.00163681 0.000573567 -0.00036213 -3.54273e-07 -0.000138036 -0.000638172 0.00801302 -0.00912684 -0.00889642 -0.0104073 -0.00176316 0.000793754 0.00345809 0.00256078 -0.0105008 0.000457618 0.000698346 -0.00110309 -8.85842e-05 0.00187854 0.0017886 -0.000299192 -0.000218213 -4.2764e-05 -0.000244314 -1.20449e-05 -0.00774825 0.000414743 
0.00299309 -0.000182146 -0.00041295 -0.00120335 0.000432575 0.000793756 0.000530248 -3.25484e-05 0.00288586 0.000632329 -3.19274e-05 -0.000585603 -0.000217558 0.000357756 -0.000758487 -3.96639e-05 0.000973815 0.00285449 -3.63389e-05 0.00723913 0.000278061 8.82464e-06 -0.000370216 -0.00119823 -0.00128215 7.93241e-05 -0.00098919 0.00287789 -0.00023397 -0.000312226 0.00434507 -5.08859e-06 0.000397402 -0.000303516 0.00107204 -1.17892e-06 -0.00546289 0.000996209 0.00220635 -1.24644e-05 -0.00211332 -0.00450054 -0.000115218 7.1548e-05 0.00254894 -0.00379337 -0.0029792 -0.00400194 -0.00199575 -0.000653155 -0.0027111 -0.000220404 0.000777827 0.00282186 -0.000133323 -4.61563e-05 -1.37658e-05 -0.000468272 -0.000107006 0.00133424 0.000357717 0.000117344 -1.11783e-05 4.77744e-05 0.000411552 0.000107024 -7.11748e-05 0.000301431 0.000305507 0.00248351 0.00323847 0.000200815 -0.000348107 0.00235948 0.000142923 7.61348e-06 -6.15395e-05 0.000163442 0.00353947 -0.00233666 -0.0034101 -0.0047294 0.00130433 0.000124064 0.000351169 -0.000355133 -0.00411679 1.76215e-05 0.000432091 -0.000263265 4.8327e-05 0.00115015 -0.000178252 4.04054e-05 -9.74749e-05 4.53892e-06 0.000252099 3.06447e-05 -0.00354613 1.25716e-06 
7.70471e-05 0.000120484 -0.000269032 0.00104144 0.000182748 -4.67439e-05 0.000395917 0.000139081 0.000646862 1.26487e-05 0.000108006 0.000233793 0.000213018 2.10166e-05 -0.000338306 5.12901e-05 -0.000534289 -0.000225675 -4.76321e-06 0.000278061 0.00366385 3.94957e-05 -0.00068996 -0.000386707 -0.000383889 -3.93313e-05 -0.000451797 -0.000150326 -0.000270917 -0.000254324 5.7999e-05 -5.11039e-06 0.000123978 -0.000319757 -0.000166854 -1.53695e-05 -0.00178962 1.36698e-05 0.000327377 -4.97669e-05 0.000204175 -0.000229232 1.61177e-05 1.93302e-05 0.000845108 -0.000676066 0.000125306 -0.000331013 -0.00113415 0.000638096 0.000367844 0.00101396 0.000121269 7.61181e-05 -2.75627e-05 -4.45418e-05 -4.11257e-06 0.000212085 -3.6906e-05 0.000161215 -0.000155801 -1.9879e-06 9.64466e-06 0.000400318 6.17598e-05 1.13603e-05 0.000244841 0.000103262 -0.000259774 -0.000138189 4.71864e-05 -5.97972e-05 -0.000310755 -0.000117889 3.85632e-05 5.39412e-06 7.89977e-05 -6.20205e-05 0.000196649 -0.00138867 0.000265273 -8.85451e-05 0.00155615 -1.03698e-05 0.000252545 -0.000349071 -0.00095629 3.34491e-05 -0.000299356 -9.97986e-05 -1.64491e-05 0.000153765 -0.000361935 -6.59012e-05 2.11338e-05 7.40698e-06 -3.20345e-05 5.15344e-05 -0.00143489 -2.00164e-06 
-0.000735231 0.000109492 0.000445234 -0.000512608 -0.000113984 -7.08738e-05 -1.23496e-05 4.54577e-05 -0.000181696 -7.15745e-06 3.6937e-05 -0.000210707 -2.51203e-05 -5.49395e-05 0.000225864 0.000265211 -0.000262909 -0.000262615 3.47952e-05 8.82464e-06 3.94957e-05 0.00389867 -0.000594156 -6.6737e-05 -0.00045448 -2.97837e-05 -0.000561895 -2.62168e-05 -6.11295e-05 9.52997e-05 -0.00027521 6.83906e-05 0.000222696 0.000288141 -0.000210766 -2.80593e-05 -0.000849463 1.4799e-05 8.54599e-06 -3.57835e-05 -0.000328329 5.60213e-05 -1.2606e-06 3.00327e-05 0.000118579 -0.000119696 0.000684999 -0.00016745 0.000607914 2.89576e-05 0.000785251 -4.82211e-05 -0.000196098 -2.34319e-05 1.07916e-05 -0.000746231 -2.26801e-06 -0.000201057 -5.68327e-05 0.00010634 0.000340671 -0.000171626 -5.46739e-06 7.83414e-05 8.53785e-05 -9.84769e-06 -3.01202e-05 -3.35551e-05 -0.000226374 -0.000367803 -0.000134775 1.02218e-05 -0.000383602 -0.000723117 6.51236e-05 -2.41903e-06 -9.11423e-07 1.48458e-05 7.15043e-05 -0.000184451 0.000123862 0.000274473 0.000207616 -1.61811e-05 -4.59478e-06 0.000265093 0.000326179 -1.17517e-05 -0.000341974 0.000240222 -1.41452e-06 -0.000170538 -0.000363202 7.58589e-06 -7.53155e-05 3.76523e-05 9.62308e-06 -7.65835e-06 0.000420451 -1.41405e-05 
0.0163546 -0.00421861 -0.0130436 0.00166906 -0.000375144 -0.0132924 0.00345738 -0.00165153 0.0211626 -0.000424065 -0.00288085 -0.0129391 -0.00290751 0.0125286 -0.0290003 -0.00563774 0.00351408 -0.0020298 -0.000953016 -0.000370216 -0.00068996 -0.000594156 0.179932 -0.00307854 -0.00158975 0.00375126 0.0464849 -0.0153543 -0.0185111 0.00722463 -0.00918881 -1.37498e-05 -0.0145626 -0.0182135 0.0207403 0.00108496 -0.0052376 0.00333007 0.000565702 -0.00373146 -0.0454752 -0.0355554 0.0115629 -0.00123289 -0.00506042 -0.0120779 -0.0805476 0.00767651 -0.062783 -0.0201382 -0.0747511 -0.018491 0.0193432 -0.00408187 -0.00273047 0.0700456 0.00107994 0.0247308 -0.000532996 -0.00854687 -0.0281829 0.0176882 0.000817906 0.000839469 0.00756965 0.000743897 0.0048683 0.00133795 0.0455862 0.00261982 -0.00636606 -0.00359317 0.0735595 0.0928233 0.00219578 6.3289e-05 0.00358013 0.0161412 -0.0274664 0.0243387 -0.0407911 -0.0217802 -0.0415361 -0.00262261 0.00723883 -0.0198553 -0.0257508 -0.000270481 0.0426293 -0.0109753 -9.4725e-05 0.0133097 0.0217101 -0.00517997 0.00107964 0.000436196 0.00583737 -0.00018653 -0.0565183 0.000411175 
-0.0131173 0.0028158 0.0182837 -0.0753848 -0.000722407 0.0288719 0.0017392 -0.000356701 -0.0116566 7.17003e-05 0.00449937 -0.0308693 0.000544682 0.00281005 -0.0277743 0.00931354 0.060003 -0.00149087 -0.00230044 -0.00119823 -0.000386707 -6.6737e-05 -0.00307854 0.193944 0.10041 -0.00218186 0.0204939 0.0440578 0.0805996 -0.000758517 0.0452588 -0.00107945 -0.00506109 0.0316137 -0.0157665 0.000834581 0.0107241 0.00983946 -0.000924321 -0.00481999 -0.0368847 -0.0413179 -0.00386995 -0.00077137 0.000930725 -0.0395485 -0.0303829 -0.0539126 0.00865136 -0.0135377 -0.0336621 -0.0111395 -0.0182017 -0.00117938 -0.0034516 -0.0541343 -0.000288212 -0.0187299 0.00228649 0.00568882 0.0301902 -0.0152537 0.00054967 -0.000338931 -9.88819e-05 -9.29597e-05 -0.00381089 0.0026622 -0.0121933 0.0103643 -0.00450059 0.00640053 -0.018267 -0.0407508 0.00906492 0.000247963 0.0026525 0.022228 0.0128149 -0.0131552 -0.0701302 0.00782391 -0.0432173 0.00139871 -0.0078255 0.0364149 -0.0542925 -0.000737122 -0.00265587 -0.0120866 -0.000494878 -0.010425 -0.00303266 0.000564835 0.00549558 -0.000556917 -0.00249038 0.0014486 0.0412791 0.000526915 
-0.018333 -0.00229287 0.00191812 -0.0712746 -0.00301425 0.0265041 0.00160051 -0.00105185 -0.017115 -0.000298511 0.00541044 -0.0188819 -0.00605505 -0.00369173 -0.027225 0.00685286 0.0756274 -0.0143174 -0.00454262 -0.00128215 -0.000383889 -0.00045448 -0.00158975 0.10041 0.222827 -0.0026129 0.0270899 0.0633766 0.0967186 0.00730662 0.0608374 -0.000532904 0.00573242 0.052537 -0.0235901 0.000292268 0.0119294 0.0128258 -0.00148695 -0.00506387 -0.0294381 -0.0396985 0.00358255 -0.00106793 0.00114501 -0.0623558 -0.0444665 -0.0629605 -0.000844886 -0.000294222 -0.0519036 -0.00295943 -0.00209055 -0.000379659 -0.00673561 -0.046311 -0.00036413 -0.0140018 0.00309416 0.00909073 0.055111 -0.0154709 -0.000281534 4.62198e-06 -0.00209142 -0.000356833 -0.00492567 0.00182986 -0.0169515 -0.0129697 -0.000518578 -0.00165115 -0.0278125 -0.0485771 0.0074453 -1.98159e-05 0.000668938 0.0283645 0.0177928 -0.0212178 -0.0758088 0.00414775 -0.0367121 0.00340768 -0.0109429 0.0159284 -0.0611026 -0.00104873 -0.00451977 -0.00949404 -0.00107438 -0.0077253 0.00583697 0.00536995 0.00345683 -0.000983376 0.000193916 0.00122983 0.00570155 2.10668e-05 
-0.00193934 -0.00031015 -4.51793e-05 -0.00341089 2.43462e-06 -0.000781174 -0.000164053 -4.07499e-05 0.000164132 -1.2059e-05 -6.35192e-05 0.000230252 -0.000359683 9.58348e-06 -0.00152236 -0.000250236 0.00226237 0.000207775 -0.000171324 7.93241e-05 -3.93313e-05 -2.97837e-05 0.00375126 -0.00218186 -0.0026129 0.0112223 0.00621482 -0.00106069 -0.00143811 -0.000386104 0.000688088 0.000274087 -0.000819912 -0.00163619 0.00278156 0.000352387 -0.000551328 -0.000311015 0.000460922 -0.000187099 -0.00315641 -0.00511667 0.000960276 0.000103985 -0.000240978 -0.00437085 -0.00504999 0.000281983 -0.00394533 -0.00117783 -0.00485306 -0.000523212 0.00324409 -0.00017363 -8.62935e-05 0.00343481 0.000173618 -0.000909654 7.30402e-06 -0.000118545 -0.00195801 0.00544475 4.78513e-06 3.7904e-05 -0.000161195 -1.15282e-05 0.000247845 -1.98276e-05 0.00734967 -0.000106407 -0.000399023 -1.95363e-05 0.00449653 0.0079295 -9.24268e-05 6.7955e-06 0.000466384 0.00170551 -0.00130666 0.00266337 -0.00530769 -0.00732251 -0.00257772 5.76493e-05 -0.000159678 -0.000122614 -0.00421725 0.000118801 0.00448595 0.000819582 3.52501e-06 0.00132354 0.00412231 0.000402627 -0.000158359 0.000384429 -0.000143158 -2.51433e-05 -0.00486973 4.71403e-05 
-0.00163408 -0.00344191 0.00261141 -0.0479424 -0.00122631 -0.00284336 0.00404792 -0.00100564 -0.00143896 -0.000186988 -0.000569803 -0.0110888 -0.00490168 0.00823083 -0.0264292 0.00142275 0.032431 0.00542774 -0.00135981 -0.00098919 -0.000451797 -0.000561895 0.0464849 0.0204939 0.0270899 0.00621482 0.142386 0.0385216 0.0344193 0.0132982 0.0417224 0.00071169 -0.00544949 0.0166108 0.0143035 0.00161537 0.00798051 0.00829367 0.00456504 -0.00300127 -0.0308805 -0.0582919 0.014723 -0.000909476 -0.00364593 -0.0573216 -0.0648542 -0.0355678 -0.0380576 -0.0143463 -0.0661183 -0.00657179 0.00646092 -0.000821769 0.0044049 -0.00423835 1.18344e-05 -0.00919681 -0.00323336 0.00113814 0.0150203 0.011148 0.000500254 -0.000909249 -0.000587025 0.000551091 0.00037562 0.00036875 0.0259982 0.0259875 -0.000441993 0.000620617 0.0188969 0.0325639 0.00837934 -4.17169e-05 0.00243682 0.0311392 0.00260617 -0.00924276 -0.072021 -0.0243394 -0.0275458 0.000208772 -0.00295387 0.00305948 -0.0652588 -0.000215463 0.0356012 -0.00754724 -0.000463091 0.00439649 0.0270172 0.00184655 0.000268684 1.99049e-05 -0.000448335 5.24625e-05 -0.0350685 0.000977307 
0.0520218 -0.00208372 0.0146324 -0.0742871 0.000910576 0.0176517 0.00658918 0.000852526 0.0209369 0.000839589 0.00977636 -0.0321259 -0.00864695 -0.00701836 -0.0231562 0.00722507 0.123509 0.0459845 0.0103291 0.00287789 -0.000150326 -2.62168e-05 -0.0153543 0.0440578 0.0633766 -0.00106069 0.0385216 0.202415 0.0986027 0.0496375 0.162486 0.000176449 0.0792895 0.121234 0.0384211 -0.000786367 -0.025986 0.0234884 0.0217094 -0.0035231 -0.0662362 -0.148449 0.00350488 0.00450437 0.0171619 -0.15082 -0.130234 -0.183009 -0.0510091 -0.0250389 -0.123023 -0.01542 -0.016974 0.0122243 -0.00362638 -0.0416446 -0.000331135 -0.00335241 -0.010746 0.0426222 0.118822 -0.0169195 -0.000506987 -0.00245095 -0.00262614 -0.000602499 0.00183501 0.00469736 -0.0159582 0.0565228 0.026297 -0.00134199 -0.0293813 -0.0138663 0.0058262 0.000172001 0.00373922 0.0614094 0.106198 -0.109976 -0.147746 -0.0964557 -0.0287983 0.0110764 0.0138996 0.020264 -0.155819 0.00195907 -0.00443019 -0.0161537 -0.00108514 0.0223255 0.0579868 0.015482 0.00121213 -0.000432937 -0.00029344 0.00077859 -0.061502 0.00239125 
-0.00401236 0.00118572 0.0095451 -0.0626839 -0.000885139 0.0172932 0.00319885 -0.000533371 -0.00959832 -0.000106161 0.00985415 -0.0161488 -0.00501019 -0.00363006 -0.0136657 0.00478751 0.0907662 -0.00100996 -0.00146928 -0.00023397 -0.000270917 -6.11295e-05 -0.0185111 0.0805996 0.0967186 -0.00143811 0.0344193 0.0986027 0.157822 0.0193203 0.0909581 -0.000815561 0.0233451 0.0775823 -0.00759031 0.00019792 0.00477978 0.0142166 0.00648771 -0.00354861 -0.0310677 -0.0653748 0.00488805 0.000483999 0.00283444 -0.0856474 -0.0667434 -0.0955087 -0.0288605 -0.0126795 -0.0658715 -0.000466776 -0.0127137 0.00227521 -0.00127846 -0.0431394 -0.000300797 -0.0116962 -0.00215656 0.0163613 0.0813376 -0.0114526 -0.000113396 -0.00109248 -0.000484831 -0.000488508 -0.00311447 0.00185296 -0.0145763 -0.000103783 0.000736254 0.00388216 -0.0239699 -0.0387008 0.00752674 -6.0522e-05 0.000789714 0.0321934 0.0333104 -0.0585968 -0.097727 -0.010774 -0.036709 0.0036395 -0.00682379 0.0269739 -0.0884647 -0.000696372 -0.00486483 -0.0113959 -0.000732685 -0.00689739 0.0139386 0.0130055 0.00349107 -0.000642478 -0.00127307 0.00159379 0.000638184 0.00105058 
0.00542557 0.00010145 0.00789848 -0.0267966 -0.00103391 -0.00490505 0.00317668 -7.26387e-06 -0.0019975 -0.000143917 0.000514025 0.00150626 -0.00238302 -0.00162172 -0.0137875 0.0011337 0.0211563 0.0186728 0.00516327 -0.000312226 -0.000254324 9.52997e-05 0.00722463 -0.000758517 0.00730662 -0.000386104 0.0132982 0.0496375 0.0193203 0.070641 0.0465797 -7.94998e-05 0.0351687 0.0438554 0.00779223 -0.000672257 -0.00171219 -0.000629535 -0.00123649 -0.00142504 -0.0160474 -0.0472512 0.00784944 -0.000497201 0.003151 -0.0426451 -0.0381368 -0.0479101 -0.0123386 -0.00783232 -0.0337687 -0.00394959 -0.00363702 0.00150574 0.000708443 -0.00862865 6.62709e-05 -0.00376822 -0.00262082 0.00530969 0.0334625 -0.00415649 -0.000144824 -0.000109505 -0.00133166 -0.000233766 -0.000737279 -0.000372391 -0.00377105 0.0244755 0.00722492 -0.00171051 -0.00857205 -0.00929652 -0.000829996 4.02113e-05 0.000297891 0.0339932 0.0186969 -0.0211176 -0.0421384 -0.024001 -0.0068854 0.00246713 -0.00114826 -0.000978359 -0.0429322 -0.000260674 0.00376573 -0.00459957 -0.000340192 0.000694835 0.00813847 0.00350934 -0.000980716 -0.000239766 0.00185007 -0.000142188 -0.0173622 0.000691645 
0.0460379 -0.00465183 0.0152008 -0.0931807 -0.000356907 0.0154635 0.00668663 0.000842329 0.0251456 0.000832512 0.00666714 -0.0204772 -0.00916163 -0.00738321 -0.0326701 0.0100826 0.131952 0.0340802 0.00956098 0.00434507 5.7999e-05 -0.00027521 -0.00918881 0.0452588 0.0608374 0.000688088 0.0417224 0.162486 0.0909581 0.0465797 0.221299 -0.000181182 0.0735531 0.113061 0.0424465 -0.00110018 -0.0262458 0.0283839 0.0138996 -0.00304159 -0.0690485 -0.151657 0.00801871 0.00398897 0.0154619 -0.15971 -0.119123 -0.165046 -0.0521129 -0.0276313 -0.119312 -0.0139412 -0.00525905 0.00867466 -0.00439875 -0.0302419 -0.000341047 -0.00701592 -0.00976171 0.0393459 0.102788 -0.012876 -0.000440721 -0.00258169 -0.00214549 3.55399e-05 0.00405904 0.00498183 -0.00504368 0.0531082 0.0216137 -0.000357152 -0.0240266 0.00203476 0.00598155 0.00016298 1.27176e-05 0.0519464 0.094043 -0.0876211 -0.162082 -0.0989755 -0.0280748 0.0104487 0.0104369 0.0198967 -0.163353 0.00158591 0.0126391 -0.0151532 -0.000612828 0.0210114 0.0607327 0.0142947 0.0010157 0.000208312 -0.000375443 0.00133089 -0.0738758 0.00212276 
0.000965828 -0.000146106 -0.00014609 -0.00121266 -9.55539e-05 -0.000258789 -2.47616e-05 -2.58525e-05 0.000179819 6.9325e-06 -4.2927e-05 -0.000591802 -8.01894e-05 0.000216025 -0.000776525 0.000332686 -0.000710214 0.00043635 -1.26059e-05 -5.08859e-06 -5.11039e-06 6.83906e-05 -1.37498e-05 -0.00107945 -0.000532904 0.000274087 0.00071169 0.000176449 -0.000815561 -7.94998e-05 -0.000181182 0.00476292 2.20982e-05 -0.000401368 0.000268926 3.75922e-05 1.91136e-05 -0.00011354 3.62752e-05 0.000152427 -0.000441685 -0.000917511 0.000132443 -1.85706e-05 0.000136264 -0.000569314 -0.00045707 9.09414e-05 0.000803147 -0.000234149 -0.00074217 -7.22404e-05 -0.000186118 0.00013676 -7.58862e-05 -0.000777668 3.2672e-05 -5.94379e-05 0.000240872 0.000351157 -0.00022176 6.32509e-05 3.61201e-05 0.000140455 1.0017e-07 1.96971e-06 0.000195243 -3.15831e-05 0.000384413 0.00113468 0.00043134 -6.26451e-05 -1.85994e-05 0.00069696 -7.27681e-05 -3.44828e-06 0.000151591 0.000452196 0.000358808 -0.000102588 -0.000621798 -0.0011208 0.00018775 2.386e-06 -4.69385e-05 -0.000374781 -0.000737965 4.26339e-05 0.00101341 -7.28976e-05 3.67836e-07 0.000107954 -3.83692e-05 -0.000103323 -9.7931e-05 -6.26661e-06 5.59637e-05 5.04277e-06 -0.000394424 -2.2272e-05 
0.0210921 0.000627468 0.0109104 -0.0358323 -7.32043e-05 0.000299603 0.000430605 0.00101143 0.0125619 -0.000219042 0.00292791 -0.0101213 -0.00353051 -0.00389869 -0.00675509 0.000482909 0.0440946 0.0164291 0.00981724 0.000397402 0.000123978 0.000222696 -0.0145626 -0.00506109 0.00573242 -0.000819912 -0.00544949 0.0792895 0.0233451 0.0351687 0.0735531 2.20982e-05 0.100233 0.0772176 0.0284604 -0.000858764 -0.011343 0.0118938 -2.79793e-05 -0.000343003 -0.0293987 -0.0701366 -0.000240216 0.0052381 0.011495 -0.0648086 -0.0555271 -0.0754551 -0.0217942 -0.0118594 -0.0508171 -0.00549261 -0.00576464 0.00287076 -0.00109876 -0.0140209 -9.348e-05 0.00340801 -0.00450265 0.037591 0.0608539 -0.00702499 -0.000238109 -0.00147635 -0.0020099 -0.000356789 0.00159733 0.000256899 -0.00853854 0.0276083 0.00906337 -0.00245244 -0.0135386 -0.0087283 -0.00154438 2.15967e-05 -0.000949478 0.0214093 0.0555847 -0.0541331 -0.0611111 -0.0639988 -0.00954209 0.0086898 0.00584353 0.0083183 -0.0650782 0.000244601 -0.00679366 -0.00639393 -0.000260315 0.00622379 0.0257914 0.0137912 -0.000796172 -0.000148263 0.000555747 -0.000179031 -0.0388619 0.00125809 
0.0147772 -0.000458187 0.0109842 -0.0612505 -0.000830702 0.00875024 0.00208555 0.000757535 0.000537444 -0.000283527 0.0105713 -0.0190478 -0.00561542 -0.00628561 -0.00690262 0.00542366 0.08881 0.016994 0.0079665 -0.000303516 -0.000319757 0.000288141 -0.0182135 0.0316137 0.052537 -0.00163619 0.0166108 0.121234 0.0775823 0.0438554 0.113061 -0.000401368 0.0772176 0.147274 0.0205952 -0.00126788 -0.00424092 0.025414 0.00324161 -0.00206239 -0.046215 -0.096993 0.00538861 0.00480237 0.00643015 -0.102809 -0.0859133 -0.116907 -0.0372232 -0.0178729 -0.0799163 -0.00976851 -0.00894483 0.00100039 -0.00127947 -0.0332263 -0.00020738 -0.0058683 -0.00680453 0.0297893 0.10357 -0.0110666 -0.000275582 -0.00194918 -0.00325379 -0.000340322 -0.000968523 0.000519831 -0.0132822 0.0248221 0.00610267 -0.00183279 -0.0216681 -0.0276712 0.00461801 2.64665e-05 -0.000828764 0.0395969 0.0699089 -0.0763881 -0.0974359 -0.0604141 -0.0290834 0.00923203 -6.24916e-05 0.0272741 -0.10243 -3.34542e-05 -0.0070254 -0.0104284 -0.000497147 0.000416545 0.0408615 0.0182189 0.00117986 -0.000564793 -0.000500521 0.000488433 -0.0469635 0.00160395 
