0.00724685 0.00115482 -0.00012728 -6.92177e-05 -0.000266826 -0.00139256 7.23179e-05 0.000426474 -0.000458317 7.33471e-06 -0.000158058 0.000196844 -4.05788e-05 5.90787e-05 -0.000105907 -0.00163412 -0.000161873 -0.0011984 -0.000569174 -0.000235875 -3.96096e-05 -0.000140763 0.000364432 -0.000327768 -0.000213316 0.00028776 -0.000658677 -0.000444135 -0.00018677 0.000563742 -0.000427392 0.000435253 -0.000622855 -0.00176652 0.000231006 -0.001885 -0.00130313 -9.82632e-05 0.00032256 0.00071499 0.000660767 -9.56844e-05 -0.000386503 -0.000109205 -0.000304511 -0.000407329 8.06623e-06 -5.60534e-05 -0.000363015 -0.000432105 -0.000248578 0.000569924 -8.13572e-05 8.76947e-05 0.00033187 7.13164e-05 0.000443112 0.000874204 0.000413754 -9.45934e-05 1.70689e-05 -0.000261449 -1.44961e-05 -0.00106099 7.1568e-05 0.000816313 -0.000462989 0.000112329 -8.57011e-05 -0.000782441 -0.000398298 0.000310325 -1.59216e-05 -0.000218781 -3.16018e-05 -0.000142616 -7.70944e-05 -0.00109244 -0.00065208 -0.000119573 0.000864126 7.8115e-05 0.00259667 -8.36416e-05 -0.000888948 0.000707621 0.000118804 -0.000219563 -0.00129682 0.000312281 0.00102798 -2.69642e-06 0.00102308 0.00140127 0.000465521 -6.6473e-05 0.000530208 -0.00207799 0.000570451 0.000595999 
0.00115482 0.198302 -0.0125874 -0.00471935 0.085797 0.0784724 0.0367429 0.0382242 -0.00884473 -0.00341944 0.00243726 0.019901 0.0101451 -0.0151661 -0.00774612 -0.034741 -0.0330029 0.0311029 -0.0339325 -0.0245359 -0.00676732 -0.034469 0.0173699 -0.0147219 -0.0438762 0.00262029 -0.0130251 -0.00900174 -0.0131475 0.00692677 0.0474367 -0.0160799 -0.028848 0.0113171 -0.00895434 0.0566655 -0.072182 -0.00602851 0.00907593 -0.0484558 -0.0195592 -0.0019572 -0.00719429 -0.00301847 -0.00941172 -0.0191774 -0.000442881 -0.00547845 -0.0153381 0.0124576 -0.0131686 0.028946 0.00869896 0.00165502 -0.0473454 -0.0295577 -0.0172133 0.0310306 -0.023379 0.010541 -0.0064082 0.0895487 -0.0195949 -0.00180156 -0.00274503 0.0100354 0.0153307 0.0125312 0.00878985 0.0142366 0.0523237 -0.00519088 0.00916063 -0.0107326 -0.00273674 -0.011937 -0.00386248 -0.0171317 -0.0163771 -0.00898021 -0.0045206 -0.00485392 -0.0275909 -0.00335577 0.0127517 -0.038167 -0.00681827 -0.0233157 -0.00794527 -0.0394454 -0.0169046 -0.00478223 0.000278669 -0.00407528 3.82441e-05 -0.00502645 0.00202679 0.0390531 -0.0155719 0.00324009 
-0.00012728 -0.0125874 0.113227 0.000472669 -0.0302286 -0.0604988 -0.00314413 -0.00681144 0.00839865 -0.00229894 -0.0023468 -0.0297833 -0.00353617 -0.0182619 0.00480565 0.0459882 0.0677337 -0.0093549 0.0565668 0.0448055 -0.00679749 0.0727817 -0.0124108 0.0458747 0.0679718 -0.00173452 0.0303865 -0.0100819 0.0181554 -0.0153609 -0.0321046 -0.0155243 0.0188652 -0.0262577 -0.000536726 -0.0242115 0.0475451 -0.00388398 -0.00207594 0.0402523 -0.0191019 0.00695244 -0.00695567 0.00551618 0.0173333 -0.0081962 0.000236371 -0.000953025 -0.0180178 -0.00364693 0.0306006 -0.0174393 -0.00805504 0.000804666 -0.0318648 -0.00964592 -0.00787287 -0.0340879 -0.00120947 -0.00150866 0.00216634 -0.0275211 -0.00340412 -0.0485061 0.00100003 -0.022298 -0.00890969 -0.00764157 -0.00148326 -0.019855 -0.0102543 0.0328347 0.0023123 0.0130802 0.00794161 0.00720203 -0.0032961 -0.0223634 -0.0120226 0.00468741 0.00010602 0.00264685 -0.00545172 0.0011918 -0.0201245 -0.0310721 -0.00517816 0.0184598 -0.0158559 0.0150954 -0.00126126 -0.000979191 -0.0153713 -0.0249315 0.00166455 0.000352414 -0.00123475 -0.043778 -0.00714769 0.00244137 
-6.92177e-05 -0.00471935 0.000472669 0.022117 -0.00486569 -0.00713529 -0.00217776 -0.00208281 -0.00190343 -0.000443439 -5.036e-05 5.53005e-05 -0.000493067 -0.00303594 -0.000401527 0.0053468 0.0046125 -0.00155112 0.00680244 0.00677777 -0.00128261 0.00779011 -0.000998511 0.000130657 0.0104137 -0.000502034 -0.00100102 -0.00165272 0.0011769 -0.000646667 -0.00600836 -0.00168127 -0.00545885 -0.00125251 -0.000179486 -0.00290939 0.00448713 -0.000246452 0.00177867 0.00406444 0.00218888 -0.000869757 -0.00037664 0.000104631 0.000181794 0.000345487 -1.32543e-05 0.0012244 0.00113955 -0.000194417 -0.00076072 -0.00277715 -0.00278244 9.19091e-05 0.00215324 0.000836713 0.00279728 -0.00218939 0.00259341 -0.000280538 -0.000146322 -0.00564109 -0.00265145 -0.0052231 -0.00015188 -0.00275833 -0.00178369 -0.000702429 -0.000336644 -0.00303937 -0.00105137 0.000955028 -0.0004637 0.000952061 0.000496485 0.000904484 -0.000112267 0.000875542 0.000553497 0.000213399 -0.00135786 -0.000131357 -0.000936363 0.000204906 -0.00199475 -0.0012032 -0.000528892 0.00322272 -0.000940424 0.0061538 -0.000599822 0.000446282 -0.00186245 -0.00102182 0.000215595 -0.000171455 -0.000207676 -0.00592057 -0.000926285 -1.94285e-05 
-0.000266826 0.085797 -0.0302286 -0.00486569 0.229399 0.110907 0.0224515 0.0481579 0.0076913 0.00644473 -0.00723619 -0.0559511 0.00470303 0.0442304 -0.00861019 -0.0876226 -0.0493862 0.030995 -0.0555474 -0.0289618 0.00404739 -0.0645789 -0.0544342 -0.0243256 -0.0684446 0.000515287 -0.0198591 -0.00125622 -0.0159512 0.0555825 0.000622407 -0.00411325 -0.0213804 0.0811092 -0.0114974 0.128357 -0.063154 0.0160344 -0.0196184 -0.0674192 0.0489439 -0.0116087 0.0113073 -0.00414211 -0.015527 -0.00734297 -0.000397067 -0.00509807 0.033877 0.0257608 -0.0231138 0.0214421 -0.000622571 0.000481945 -0.0829751 -0.0421348 -0.0160188 0.0104856 -0.0447958 0.012949 0.00179388 0.10033 -0.0267549 0.01561 -0.00322346 0.0201825 -0.0220197 0.00213221 0.00448141 -0.0356485 0.0189717 -0.0251676 0.00446228 -0.0138751 -0.00469601 -0.0155889 -0.00497892 -0.082085 0.0286089 -0.0097019 -0.00485285 -0.00152607 -0.0357782 -0.00344231 -0.0160869 0.04124 -0.00132003 -0.0131978 0.0767358 -0.0640116 -0.0328721 0.000993248 -0.00183915 -0.0197028 0.00224316 -0.00769736 0.000827595 0.119087 -0.0152668 -0.000172214 
-0.00139256 0.0784724 -0.0604988 -0.00713529 0.110907 0.227499 0.0263441 0.0307603 -0.0160433 0.0011099 -0.00292491 0.0391393 0.00541047 0.0149744 -0.010694 -0.071244 -0.092248 0.0370515 -0.0976645 -0.0552983 -0.00777184 -0.0983388 -0.0153645 -0.0439832 -0.11784 -0.00181295 -0.0414401 0.0249227 -0.030145 0.0385341 0.0580686 0.0218754 -0.0425043 0.0840463 -0.0174921 0.0957985 -0.091169 0.00985075 -0.0185858 -0.0789466 0.0391038 -0.00938104 0.00987349 -0.00422258 -0.0292831 0.00492719 -0.000722404 -0.00819626 0.036425 0.0201583 -0.0357067 0.02846 0.00494252 -0.00178911 -0.0454622 -0.0222992 -0.0377197 0.0325556 -0.0108521 0.00527403 -0.00712963 0.0924123 -0.0290567 0.0634364 -0.00623966 0.0114945 0.0178678 0.000931246 0.00713284 0.0283638 0.0336859 -0.0341657 0.00228428 -0.0239494 -0.00630631 -0.0225273 0.00442202 -0.0130719 0.0262385 -0.00761131 -0.0187373 -0.00381243 -0.0403312 -0.00250475 0.0343439 0.030649 -0.0101545 -0.0312871 0.0496562 -0.0531439 -0.0274929 -0.00735201 -0.000460831 0.000113407 -0.00188505 -0.00918992 0.00131047 0.11653 -0.0236479 -0.00112768 
7.23179e-05 0.0367429 -0.00314413 -0.00217776 0.0224515 0.0263441 0.125143 0.033148 -0.00992844 -0.00288751 0.00108403 -0.00373328 0.000751723 -0.0191627 0.000113257 -0.00764919 -0.0192882 0.0183798 -0.0157333 -0.0134278 -0.0105686 -0.0224825 0.0239202 -0.00676193 -0.0208498 -0.00117555 0.0285018 -0.00687693 -0.00455922 -0.00938938 0.0440203 -0.0159764 0.00525032 -0.0137431 0.0027638 0.0133471 -0.0133367 -0.00390724 -0.0105655 -0.0242451 -0.0147019 -0.00450107 0.00868247 -0.000875982 -0.00233306 -0.00678804 -0.000148904 -0.00304831 -0.0166174 -0.0104294 -0.00884761 -0.012393 0.0338888 -7.99029e-05 -0.00409938 0.0167077 -0.000723001 0.00359402 -0.00226278 0.0058052 -0.00288343 0.0468772 -0.00736406 -0.0259538 -0.00126427 -0.00567903 -0.00998897 0.00124061 0.00242577 -0.00808121 0.015719 -0.00883788 0.00211825 -0.00596035 0.00163826 -0.0054307 -0.0022735 0.0150312 -0.00277832 -0.00327549 0.0163823 -0.00192842 -0.00513583 -0.00159639 -0.0170103 -0.0190106 -0.00645421 -0.011726 -0.00158058 -0.0166935 -0.00172074 -0.0023037 -0.0141461 -0.0144626 -0.0014799 0.00742859 -0.000713522 0.00177803 -0.00728395 0.00108572 
0.000426474 0.0382242 -0.00681144 -0.00208281 0.0481579 0.0307603 0.033148 0.103012 -0.0052037 -0.00118427 -0.00224346 -0.026396 0.00130056 0.00135196 -0.00120955 -0.0190405 -0.0173458 0.0434978 -0.0174103 -0.0134784 -0.00736215 -0.0222521 0.00868128 -0.00819366 -0.0217162 0.00276343 0.0227984 0.00205192 -0.00581488 0.0307072 0.0357727 -0.00518094 -0.00892574 0.0383516 -0.00260714 0.0474405 -0.0175194 -0.00257237 -0.013315 -0.0225098 -0.00612352 -0.00510196 0.00982899 -0.0018904 -0.00361338 -0.00685726 8.53059e-05 -0.00233777 -0.00583089 -0.00173285 -0.0078766 0.00432935 0.0202936 0.00248302 -0.0208877 -0.00431954 0.00393394 -0.0232674 -0.0152328 0.00408306 -0.00211943 0.0524161 -0.0170603 -0.0424359 -0.00124835 -0.028504 -0.00849361 -0.00473405 0.000794729 -0.0178988 0.0034697 -0.00904663 0.00334535 -0.00475185 -0.000911142 -0.00514638 -0.00206688 -0.0297106 0.00438639 -0.00235288 0.0177568 -0.00258065 -0.00777126 -0.000425498 -0.0143012 -0.00926327 -0.00397281 -0.0134467 -0.0125286 -0.0193676 -0.00812833 -0.00210678 -0.00410347 -0.0111889 -0.0012475 -0.000145334 -0.000369572 0.0340905 -0.00644705 -0.000419891 
-0.000458317 -0.00884473 0.00839865 -0.00190343 0.0076913 -0.0160433 -0.00992844 -0.0052037 0.115056 0.0114369 -0.00156312 -0.0233487 -0.00222595 0.0617029 -0.00230949 0.00672732 0.0176849 -0.0149373 0.0197891 0.00524288 0.0124247 0.00478091 -0.0482705 0.000781061 0.0153034 0.0127512 -0.00751131 -0.00489016 0.000538712 0.00528797 -0.0289922 -0.00903126 -0.0194359 0.0034666 -0.00377638 -0.00751632 0.023279 0.000823358 -0.00988055 -0.0150527 -0.00765225 -0.00340626 -0.0125606 0.000294005 -0.00465741 -0.00118796 0.000156984 2.3343e-05 -0.0117803 -8.72942e-05 -0.00234344 -0.0133683 -0.0168201 0.00106949 -0.00934208 -0.0102418 5.83119e-05 -0.031055 -0.0118993 -0.00201079 0.000507308 -0.00106388 0.0332554 0.034281 -0.00113795 -0.0231137 -0.0104027 -0.00735722 3.77073e-05 -0.0157432 -0.00613529 0.00590155 0.000115713 0.00114538 -0.000843756 0.00535041 -0.00243426 -0.0400766 0.00894692 0.00221917 -0.00212433 0.00157041 -0.0061596 -0.00102352 -0.00377852 -0.00448956 0.0192068 0.0410243 0.00835789 0.00201275 -0.0118758 0.00295034 -0.0139655 -3.53991e-05 -0.000574483 -0.0011869 -0.0016323 0.0325693 0.00123387 -0.000764011 
7.33471e-06 -0.00341944 -0.00229894 -0.000443439 0.00644473 0.0011099 -0.00288751 -0.00118427 0.0114369 0.0238014 0.000173237 -0.00528562 0.000903062 0.0135395 -0.000519916 -0.00469591 -0.00191519 -0.00366308 -0.00241504 -0.00185963 0.00673293 -0.00340131 -0.0137035 -0.00141478 -0.00228713 0.00212527 -0.00210514 0.000584413 -0.000928877 0.005578 -0.00777632 0.00338392 -0.00487718 0.00827739 -0.000731105 -0.00525283 -0.00568551 0.00200677 -0.00192874 -0.00472283 0.00107867 -0.000927034 -0.00188671 0.000649286 -0.00115828 0.000925796 3.31941e-05 -0.000595596 -0.000249897 0.00106196 -0.00153529 0.000625029 -0.00268547 0.000200672 -0.00590453 -0.00246628 -0.000642248 -0.00580574 -0.00232778 -0.000331465 0.000710916 0.00303992 0.00453435 0.00752354 -0.000209725 -0.00507242 -0.0018526 -0.000973992 0.00022625 -0.0030456 -0.00231942 -0.00202812 0.000410503 -0.000846741 -0.000206248 -0.000515233 0.00100882 -0.0087864 0.00219715 -0.000589626 -0.0014368 0.00366663 -0.00189654 -0.000193088 0.00464564 0.00296036 0.00656379 0.00324444 0.00354153 -0.00170134 -0.00225752 0.00201334 -0.00260337 0.00347785 0.00128009 -0.000482222 0.000407192 0.00717789 -0.000172516 -0.000200541 
-0.000158058 0.00243726 -0.0023468 -5.036e-05 -0.00723619 -0.00292491 0.00108403 -0.00224346 -0.00156312 0.000173237 0.0286031 0.0129099 -0.000310925 -0.00276263 -0.00020576 0.0111716 0.000422715 -0.00298097 0.00403201 0.00158686 0.00220369 -0.000368792 0.00125978 -0.000601541 0.00042483 0.00322507 -0.00262245 5.66663e-05 0.000538188 -0.00432992 0.00127099 -0.00361573 -0.00239934 -0.00599868 -0.000487681 -0.00817039 -0.0077064 -0.000897818 0.000165525 -0.00409607 -0.00533628 -7.86239e-05 -0.00248858 0.000818341 0.00106259 0.000247855 5.19268e-06 -0.00041491 -0.00352261 -0.00235082 -0.00118667 -0.00381222 0.000683916 -0.000236513 -0.000435454 -0.00148087 -0.000106996 -0.00204348 0.00507513 -0.000595803 -0.0010848 6.11129e-05 0.00219532 0.00532589 -0.000281552 -0.00572122 0.00453517 -7.19403e-06 0.000288835 0.0162495 -0.00140746 0.00138889 0.000490691 -0.000220049 0.000380287 0.000407772 -7.21859e-05 0.00698195 -0.00170768 -0.000680345 -0.000308328 0.000612282 -0.00245113 -0.000197057 0.00560196 -0.00793204 0.000336158 -0.000533394 -0.0066286 0.000426244 -0.00106636 -0.000448411 -0.000895647 -0.00418162 0.000663491 0.000878915 -6.58606e-05 -0.00637814 0.00433986 -0.000185987 
0.000196844 0.019901 -0.0297833 5.53005e-05 -0.0559511 0.0391393 -0.00373328 -0.026396 -0.0233487 -0.00528562 0.0129099 0.211873 0.0040081 -0.0500416 -0.000516547 0.0143737 -0.0291926 -0.0280444 -0.0274996 -0.0151853 0.00336625 -0.00996899 0.0419225 -0.0107534 -0.0292991 -0.00566305 -0.0302563 0.0172612 -0.00376753 -0.0435314 0.0610166 0.00276781 -0.022651 -0.0464882 -0.000489899 -0.0638197 -0.081583 -0.00840103 0.0200775 0.00110626 -0.0341629 0.009102 0.00257144 0.00124871 -0.00923298 -0.00495131 -0.000755586 -0.00514913 -0.0225378 -0.0206151 -0.0056724 0.00457745 0.00803915 -0.00188069 -0.0024014 -0.00025812 -0.000996558 0.0579632 0.0489085 -0.00690423 -0.00638162 0.018158 -0.00341817 0.0211494 -0.00220131 0.0425458 0.0410689 0.00852892 0.00291846 0.071729 0.0302534 0.0056245 -0.000433839 -0.0060509 -0.00284206 -0.000742904 0.00547862 0.092845 -0.0288661 -0.00707426 -0.0290897 -0.00182341 -0.00139071 -0.00170319 0.0416719 -0.0472051 -0.00767547 -0.0175712 -0.0579364 0.0142877 0.0117125 -0.00484173 0.0345523 0.0211398 -0.00404978 0.000112206 -6.51824e-05 -0.0445071 -0.0047106 0.00158716 
-4.05788e-05 0.0101451 -0.00353617 -0.000493067 0.00470303 0.00541047 0.000751723 0.00130056 -0.00222595 0.000903062 -0.000310925 0.0040081 0.0310225 -0.00298987 -0.00150842 -0.00696897 -0.0041967 -0.00177035 -0.00494513 -0.00354531 -0.000477906 -0.000989479 -0.00369941 -0.00192283 -0.00533027 -0.00104066 -0.00297604 -0.00134611 0.0016475 -0.000861025 -0.00655217 -0.000296435 -0.0107325 0.00680041 -0.00103341 0.00729805 -0.00761644 -0.000238271 0.0073911 -0.00516184 -0.00167878 0.00681682 -0.000177163 -0.000318367 -0.00106202 0.000212539 0.000111942 -0.000562003 -0.00453641 0.00308488 -0.00143662 0.0069769 0.00166095 3.59018e-05 -0.00430965 -0.00418461 -0.000258666 0.0047131 -0.00349117 0.00108432 -0.000891761 0.00351352 -0.00418957 -0.00480098 -0.000232196 0.00239029 0.00426289 0.00771734 0.00170894 0.00464412 0.0081506 0.0041566 0.000554746 -0.000759037 -0.000323935 2.22308e-05 -0.000444358 -0.00876655 0.000949271 -0.000746106 -0.00240602 -0.000159068 -0.0026886 0.000229681 0.00550082 -0.00269754 0.00055272 -0.00339369 -0.00230004 -0.00597641 -0.00169716 -7.07052e-05 -0.00103533 0.00142406 -0.000393568 -0.000404092 -7.50906e-05 -0.00197138 -0.00084314 0.000231247 
5.90787e-05 -0.0151661 -0.0182619 -0.00303594 0.0442304 0.0149744 -0.0191627 0.00135196 0.0617029 0.0135395 -0.00276263 -0.0500416 -0.00298987 0.203455 -0.00626823 -0.0236608 -0.00891139 -0.0191029 0.000220925 -0.0199565 0.0203193 -0.0297515 -0.0706983 -0.0192472 -0.0213451 0.0122435 -0.0181548 -0.00563683 -0.0110346 0.0416016 -0.0476707 0.0191258 -0.0487054 0.0352534 -0.00907345 0.0240568 0.0279105 -0.000293471 -0.0211206 -0.0395882 0.0373684 -0.00695981 -0.0231514 -0.00528536 -0.00955574 0.00770361 -8.56692e-05 -0.00151571 0.00863299 0.00482297 -0.0131861 0.00436401 -0.0139949 0.0012801 -0.00764944 -0.0289917 -0.0032691 -0.0580351 -0.0298983 -0.00373898 0.00458366 0.00597663 0.044691 0.0613958 -0.00232861 -0.031151 -0.0203915 -0.0133574 -0.00278865 -0.0267058 -0.0124598 -0.0101982 -0.00145012 -0.00629153 -0.00260271 0.00049586 0.00367498 -0.0757556 0.0337328 0.0068423 0.0106165 0.00703828 0.00116848 -0.0018643 -0.0164792 0.0568716 0.0275298 0.0339991 0.0142654 -0.0238147 -0.0117389 0.00227176 -0.0198408 0.0231483 0.00340824 -0.00426319 0.00261501 0.0766118 0.0171356 -0.00184974 
-0.000105907 -0.00774612 0.00480565 -0.000401527 -0.00861019 -0.010694 0.000113257 -0.00120955 -0.00230949 -0.000519916 -0.00020576 -0.000516547 -0.00150842 -0.00626823 0.0532192 0.00807945 0.0069105 -0.00260021 0.00366397 0.00198497 -0.00346799 0.00832304 -0.00784167 0.00806439 0.0124284 -0.00200886 0.00141082 0.00435527 0.00193083 0.00537754 -0.00340282 -0.0037651 0.018869 -0.00574562 0.00447955 -0.000409158 0.00647605 -0.0014452 0.00204637 0.0115909 -0.00226262 -0.00151418 0.000277282 -0.000986711 0.00530632 -0.00267923 0.000541951 -0.000878222 5.84424e-05 0.000786406 0.00792046 -0.00544935 -0.00285187 4.41971e-05 -0.00672431 0.00900804 -0.00146718 0.00393953 0.00404827 -0.000953072 -0.00167597 -0.0107984 -0.00644004 -0.0188972 0.000164921 0.00291845 -0.00410171 -0.00112212 -0.00103629 -0.00646909 -0.00615119 0.0018034 -0.000905418 -0.000143408 0.00178882 -0.00137915 -0.000969614 0.00187696 -0.0006307 0.00162704 -0.00142892 -0.000911058 0.00285909 -0.000105757 -0.00964649 -0.00576787 -0.00172957 0.00161878 -0.00577722 0.00470438 -0.00318145 -0.000772507 -0.000785766 -0.00501069 -0.000507213 -0.000953308 -0.00067358 -0.0185253 -0.00253943 0.000163632 
-0.00163412 -0.034741 0.0459882 0.0053468 -0.0876226 -0.071244 -0.00764919 -0.0190405 0.00672732 -0.00469591 0.0111716 0.0143737 -0.00696897 -0.0236608 0.00807945 0.219409 0.0622729 0.0148893 0.0706595 0.0482993 -0.0018468 0.0763301 0.0257576 0.0304177 0.0785257 -0.00326043 0.0303347 0.00179166 0.0226724 -0.0282301 0.0141695 -0.0371857 0.0252954 -0.0647464 -0.00106013 -0.065422 0.0113058 -0.00965311 -0.00303206 0.0377629 -0.048621 0.00210828 -0.00861362 0.00588172 0.00414943 -0.0222192 3.5854e-05 -0.00254391 -0.0333791 -0.0266572 0.0246116 -0.0384658 -0.0052178 -0.000655137 -0.0051503 0.0136195 0.00187922 -0.0312145 0.0410459 -0.00570501 -0.00293046 -0.037862 0.0196072 -0.0269217 -0.00155176 -0.0556033 0.00904967 -0.0075812 0.000718541 0.0322809 -0.00649185 0.0349061 -0.00598799 0.0101139 0.0083969 0.017588 -0.00746078 0.0452282 -0.0353586 0.00898825 -0.012375 0.00233193 -0.000118902 6.31205e-05 -0.0142087 -0.0990562 -0.00807921 0.0319276 -0.0570463 0.0801983 0.00438909 -0.00445526 -0.0290069 -0.0575709 -0.000505418 -0.000188081 -0.00176767 -0.0794095 -0.00786401 -0.00116145 
-0.000161873 -0.0330029 0.0677337 0.0046125 -0.0493862 -0.092248 -0.0192882 -0.0173458 0.0176849 -0.00191519 0.000422715 -0.0291926 -0.0041967 -0.00891139 0.0069105 0.0622729 0.131494 -0.024029 0.0754475 0.0646602 0.000898178 0.0972356 -0.0303989 0.0511216 0.0947312 0.00105855 0.0177257 -0.0131831 0.0296101 -0.0231341 -0.0612339 -0.0111531 0.0107879 -0.0393967 -0.00195387 -0.0252993 0.0590849 -0.00515362 0.00767194 0.0526995 -0.0128877 0.0109776 -0.0105614 0.00650259 0.0224671 -0.0095607 0.00033218 -0.00173519 -0.0193269 -0.00767638 0.0317164 -0.0142081 -0.0180518 0.00105242 -0.013493 -0.0119346 0.00891347 -0.038043 -0.00314151 -0.00221671 0.00365922 -0.0479669 -0.00472925 -0.0477175 0.00239777 -0.0223856 -0.0112747 -0.00934185 -0.00321468 -0.0220557 -0.0165627 0.0446854 0.000497637 0.0153853 0.00579061 0.0122365 -0.00343034 -0.041938 -0.0176936 0.0130351 -0.00945151 0.00381743 -0.00571754 -7.06825e-05 -0.0190841 -0.029864 -0.00213304 0.0466213 -0.027518 0.0190423 -0.00650621 0.00108739 -0.0155865 -0.0229246 0.00297333 -0.00170788 -0.00172706 -0.0572844 -0.00695769 0.00121059 
-0.0011984 0.0311029 -0.0093549 -0.00155112 0.030995 0.0370515 0.0183798 0.0434978 -0.0149373 -0.00366308 -0.00298097 -0.0280444 -0.00177035 -0.0191029 -0.00260021 0.0148893 -0.024029 0.181933 -0.0162749 -0.00398139 -0.0140397 -0.0258347 0.0207663 -0.012285 -0.0194165 -0.000180867 0.0184887 -0.00021312 -0.00316905 0.0223712 0.0508688 -0.0108172 -0.00460882 0.0255679 -0.00565203 0.0243396 -0.0275585 0.00291311 -0.024511 -0.0339324 -0.00400776 -0.00514826 -0.00919824 -0.00154925 -0.00887997 -0.011879 -5.5302e-05 0.00231924 -0.00293411 0.00653331 -0.0132577 -0.00487839 0.00380336 0.00163756 -0.00512232 0.00644404 -0.00907291 -0.00551143 -0.00521691 0.00462807 -0.000974745 0.0153086 0.000404187 -0.0100977 -0.00135171 -0.0429453 0.0151493 -0.00115677 -0.00138086 0.0116326 0.012727 -0.0164945 0.00564671 -0.0034988 -0.000743281 -0.000180914 -0.0024464 -0.0151793 -0.00381742 3.58302e-05 0.00558112 -0.00653518 -0.0100043 0.0018526 0.00602435 -0.0354032 -0.00820239 -0.0187203 0.00484628 0.00574905 -0.015015 0.00142308 -0.0230215 -0.0415393 -0.00061407 0.00127414 0.000903039 0.0325112 -0.0112514 -0.00060562 
-0.000569174 -0.0339325 0.0565668 0.00680244 -0.0555474 -0.0976645 -0.0157333 -0.0174103 0.0197891 -0.00241504 0.00403201 -0.0274996 -0.00494513 0.000220925 0.00366397 0.0706595 0.0754475 -0.0162749 0.14122 0.0548741 0.000521084 0.0845032 -0.0189922 0.0319789 0.0909853 -0.000834288 0.0199838 -0.0140288 0.0198038 -0.0184791 -0.0592097 -0.0134931 0.00207164 -0.0420504 -0.00303401 -0.0413396 0.0582601 -0.00441376 0.00735182 0.0331948 -0.0130361 0.0036458 -0.0131893 0.00468835 0.00539969 -0.0096895 0.000634934 0.00397911 -0.0254979 -0.0101103 0.0235432 -0.0191749 -0.010794 -1.94083e-06 0.00595981 -0.00719842 0.00689371 -0.0332694 0.009934 -0.00253179 -0.000876093 -0.0484614 0.0213278 -0.0326258 0.00101435 -0.0301126 -0.0116739 -0.0072606 -0.00329838 -0.0179375 -0.0159582 0.0300367 -0.00329535 0.00506042 0.00382591 0.0106774 -0.00271001 -0.0207585 -0.00992795 0.00446965 0.00684863 0.000485513 0.00356845 -0.0013309 -0.024439 -0.0302027 0.000261378 0.0343885 -0.0293919 0.0444667 -0.00831908 0.00160609 -0.01898 -0.014258 0.00151994 -0.00254374 -0.0020021 -0.0554053 0.00682665 0.00113573 
-0.000235875 -0.0245359 0.0448055 0.00677777 -0.0289618 -0.0552983 -0.0134278 -0.0134784 0.00524288 -0.00185963 0.00158686 -0.0151853 -0.00354531 -0.0199565 0.00198497 0.0482993 0.0646602 -0.00398139 0.0548741 0.112029 0.000266464 0.0714146 -0.0269624 0.0307268 0.0579082 -0.00506715 0.0134359 -0.00948146 0.0235103 -0.0193354 -0.0361072 -0.0134582 0.0179589 -0.0243027 -0.0019399 -0.0251223 0.0205711 0.00217483 0.0154693 0.0221866 -0.00516519 -0.00223479 -0.00830068 0.00628409 0.00312772 -0.00888718 0.000115264 0.00285406 -0.0101797 -0.00613242 0.0174515 -0.0146229 -0.0165276 0.00034317 -0.00823973 -0.00146968 0.00360839 -0.0179059 0.0111425 -0.00054641 0.00238428 -0.0286659 -0.0168139 -0.0396822 0.000742922 -0.0120101 -0.00790393 -0.00529251 -0.00248085 -0.0120912 -0.0162295 0.0313738 -0.000754055 0.00676435 0.00176033 0.000450141 -0.00296339 -0.0187195 -0.0141253 0.00406084 -0.00729145 0.000628861 0.00314749 -0.000841672 -0.016373 -0.0213583 -0.00545751 0.0259595 -0.00520712 0.0258521 -0.00665114 0.00551621 -0.0130382 -0.020931 0.00378389 -0.00225674 -0.00121532 -0.0466901 -0.00629733 0.000560885 
-3.96096e-05 -0.00676732 -0.00679749 -0.00128261 0.00404739 -0.00777184 -0.0105686 -0.00736215 0.0124247 0.00673293 0.00220369 0.00336625 -0.000477906 0.0203193 -0.00346799 -0.0018468 0.000898178 -0.0140397 0.000521084 0.000266464 0.0750161 0.000865635 -0.0180656 -0.00320806 0.00159111 0.00286654 -0.0109119 -0.00226203 0.000678374 0.00267052 -0.0150153 -0.00503255 -0.0111119 0.00167026 -0.00192829 -0.00489897 -0.0164471 0.00121472 0.0145809 -0.00731382 -0.0022112 0.0017856 -0.00303897 -0.00110926 -0.000281071 -0.00309973 -0.000146365 -0.00169817 0.00442094 -0.000487506 -0.000835801 0.00194901 -0.00896767 2.11484e-05 -0.018416 -0.00931807 -0.00136783 -0.000515245 0.00386708 -0.000900749 -5.25796e-06 -0.0110079 0.0130237 0.0174383 -8.90953e-05 0.00917469 0.000301677 -0.00068728 -0.00115791 -0.00247314 -0.00638277 0.00416561 -0.00154496 0.00271647 -0.000218372 0.00476028 -0.000766764 -0.0123458 0.000523014 -0.00195352 -0.00189742 0.00429582 -0.00400751 -0.000409923 0.00447516 0.00289689 0.00807957 0.00533971 0.00481139 -0.00129676 0.00316646 0.0031097 -0.00405149 0.00102635 0.00224325 -0.00179678 0.000884551 -8.05862e-06 0.00481117 -0.000109822 
-0.000140763 -0.034469 0.0727817 0.00779011 -0.0645789 -0.0983388 -0.0224825 -0.0222521 0.00478091 -0.00340131 -0.000368792 -0.00996899 -0.000989479 -0.0297515 0.00832304 0.0763301 0.0972356 -0.0258347 0.0845032 0.0714146 0.000865635 0.15609 -0.0095798 0.054088 0.107531 -0.00549252 0.0168937 -0.0116222 0.0354526 -0.0266102 -0.0550361 -0.0225376 0.0185552 -0.0493177 -0.00321716 -0.041512 0.0475327 -0.00553965 0.0296414 0.0724428 -0.0301997 0.0187868 -0.00404849 0.00642237 0.0208423 -0.0137016 0.000118013 0.000735168 -0.0280648 -0.00984655 0.0362252 -0.0214884 -0.0177327 0.000396856 -0.030287 -0.0178358 0.00678268 -0.0245431 0.0176743 -0.00306573 0.00286487 -0.0547941 -0.012828 -0.0630538 0.0032519 -0.014802 -0.00728637 -0.00405953 -0.00399945 -0.0230947 -0.0100808 0.0534385 0.00190293 0.019678 0.00596493 0.0164045 -0.00511328 -0.018488 -0.0232406 0.00767884 -0.0124974 0.00295734 0.00134756 0.00164632 -0.0269194 -0.0536556 -0.00719671 0.0339868 -0.0372717 0.0452461 -0.00143789 0.00159742 -0.0169228 -0.0298422 0.00113945 -0.00337626 -0.00192989 -0.084993 -0.0106384 0.00203651 
0.000364432 0.0173699 -0.0124108 -0.000998511 -0.0544342 -0.0153645 0.0239202 0.00868128 -0.0482705 -0.0137035 0.00125978 0.0419225 -0.00369941 -0.0706983 -0.00784167 0.0257576 -0.0303989 0.0207663 -0.0189922 -0.0269624 -0.0180656 -0.0095798 0.23702 -0.0167262 -0.00268228 -0.000722587 0.0246304 -0.0123016 -0.0111032 -0.0576028 0.0996962 -0.0370392 0.0403788 -0.0590894 0.0101942 -0.0418789 -0.00878138 -0.0150733 -0.00181848 0.0300363 -0.0926386 -0.00163624 0.018932 -0.00597484 0.00685532 0.000972311 -0.000195116 0.00274254 -0.0403407 -0.0179507 -0.00367816 -0.00937962 0.034658 0.00077616 0.0420855 0.0414324 0.0101713 0.0403493 0.0225624 -0.00269999 -0.0113207 0.0298088 0.00190239 -0.000620566 0.000673099 0.00927617 0.0154052 0.00911662 -0.00377869 0.0342583 0.0190688 -0.0273571 0.00656437 0.000648089 0.00181204 0.00624311 -0.00278523 0.134794 -0.0511002 -0.0113683 0.00159849 -0.00551057 0.0151592 0.000828238 0.00869839 -0.076521 -0.0216493 -0.0568074 -0.0637111 0.0270267 0.0295412 -0.00585882 0.0119038 -0.0270582 -0.00779259 0.00626232 0.000740029 -0.0323894 0.00132829 0.000170281 
-0.000327768 -0.0147219 0.0458747 0.000130657 -0.0243256 -0.0439832 -0.00676193 -0.00819366 0.000781061 -0.00141478 -0.000601541 -0.0107534 -0.00192283 -0.0192472 0.00806439 0.0304177 0.0511216 -0.012285 0.0319789 0.0307268 -0.00320806 0.054088 -0.0167262 0.0681688 0.0472333 -0.0024494 0.0180283 -0.00523227 0.025693 -0.0101233 -0.0278747 -0.00931321 0.0178542 -0.0193433 0.000136165 -0.0133505 0.0277491 -0.00237528 -0.0035589 0.0346413 -0.0143073 0.00369543 -0.00272046 0.00745325 0.0191326 -0.005765 0.000186243 -0.00166949 -0.0107032 -0.00010114 0.0365765 -0.0104376 -0.00751322 0.000215752 -0.0196867 -0.00925144 -0.00585899 -0.0163478 -0.00433513 -3.26449e-05 0.00277474 -0.0225904 -0.0110757 -0.0319036 0.000791872 -0.0112857 -0.00461543 -0.00423018 -0.0013846 -0.0118854 -0.00818984 0.0286864 0.00148295 0.010809 0.00326703 0.00182874 -0.00200288 -0.0210478 -0.00969223 -0.00071839 -0.00243513 -0.00104538 -0.00484059 0.000128477 -0.0124501 -0.0214749 -0.00331702 0.0127907 -0.0143579 0.00612376 -0.000698062 -0.00071108 -0.00799773 -0.01332 0.000996667 -0.000164954 -0.000891785 -0.0354359 -0.00421504 0.00117344 
-0.000213316 -0.0438762 0.0679718 0.0104137 -0.0684446 -0.11784 -0.0208498 -0.0217162 0.0153034 -0.00228713 0.00042483 -0.0292991 -0.00533027 -0.0213451 0.0124284 0.0785257 0.0947312 -0.0194165 0.0909853 0.0579082 0.00159111 0.107531 -0.00268228 0.0472333 0.161873 -0.000252756 0.0266589 -0.015725 0.0253602 -0.0248384 -0.0576002 -0.0240966 0.0148979 -0.0485698 0.00620753 -0.0461218 0.0681641 -0.00686509 0.0121489 0.0726248 -0.0276779 0.00700756 -0.0114065 0.00403954 0.0286647 -0.0119038 0.000568183 0.00185347 -0.0237428 -0.00947515 0.0324202 -0.0241127 -0.016434 0.00106314 -0.00666063 0.00243438 0.0162569 -0.0283298 0.0119182 -0.00410864 0.00158865 -0.063258 0.00265377 -0.0548663 0.00230379 -0.0274945 -0.012975 -0.00627188 -0.00417752 -0.0269335 -0.0198754 0.0349046 -0.00124806 0.0202216 0.00746213 0.0177927 -0.00477078 -0.00679857 -0.0246262 0.00933011 -0.0118819 0.000803204 -0.00391436 0.00201543 -0.025148 -0.0523166 -0.00531748 0.0367914 -0.0346737 0.0542998 0.00140075 -0.000134366 -0.0198625 -0.0353008 0.000927644 -0.00119722 -0.00185978 -0.079883 -0.00722915 0.00153142 
0.00028776 0.00262029 -0.00173452 -0.000502034 0.000515287 -0.00181295 -0.00117555 0.00276343 0.0127512 0.00212527 0.00322507 -0.00566305 -0.00104066 0.0122435 -0.00200886 -0.00326043 0.00105855 -0.000180867 -0.000834288 -0.00506715 0.00286654 -0.00549252 -0.000722587 -0.0024494 -0.000252756 0.0426453 -0.00366226 -0.00246489 -0.00138506 0.00128893 0.00464323 -0.00489831 0.000775525 -0.00159805 -0.00118026 -0.00846383 -0.00169083 -0.00117261 -0.00282375 -0.00660943 -0.00585238 -0.0015772 -0.00364306 -0.00021732 0.000761427 0.002477 -8.18175e-05 -0.000804711 7.94354e-05 -0.000594207 -0.00291476 -0.00126256 -0.00377838 8.41023e-05 -0.00105698 -0.00130924 0.00046009 -0.0103638 -0.00428896 0.000471287 -0.0015556 -0.0012327 0.0111216 0.00717667 -0.000411915 -0.00631503 0.00378782 -0.00181023 0.000533478 0.00241845 -0.003141 -0.00238912 -0.000163708 0.0004685 -0.000335286 -0.00117426 -0.000892388 -0.000745487 -0.00359406 -0.00120667 0.00648916 -0.000454347 -0.000299445 0.000162251 0.00028442 7.43561e-05 -0.000242165 0.00769747 -0.007235 0.00199996 -0.00165179 -0.000325257 -0.0037456 -0.00539033 9.20977e-05 0.00128705 0.000694589 0.0103877 0.00111787 0.000267028 
-0.000658677 -0.0130251 0.0303865 -0.00100102 -0.0198591 -0.0414401 0.0285018 0.0227984 -0.00751131 -0.00210514 -0.00262245 -0.0302563 -0.00297604 -0.0181548 0.00141082 0.0303347 0.0177257 0.0184887 0.0199838 0.0134359 -0.0109119 0.0168937 0.0246304 0.0180283 0.0266589 -0.00366226 0.123004 -0.00932942 0.0117445 -0.0076125 0.0217512 -0.0162804 0.0353973 -0.0166191 0.0105899 -0.0114796 0.0305405 -0.00468101 -0.0162235 0.0220866 -0.0284306 -0.00557393 0.0150173 0.00275508 0.0061649 -0.00354146 0.000931069 -0.00175275 -0.0229154 -0.00753642 0.00640878 -0.0167894 0.0386281 0.00126172 -0.000577904 0.028439 0.0212888 -0.0211905 -0.00300543 -7.2353e-05 0.000141361 -0.00528046 -0.0135522 -0.0546631 -0.00116467 -0.0303474 -0.00968218 -0.00728176 -0.00264111 -0.0192971 -0.0106261 -0.000805292 -0.0018033 -0.00191648 0.00230424 -0.00505192 -0.00132096 0.0133767 -0.0161561 0.000279058 0.0158472 -0.000426137 0.00749066 0.000314083 -0.0203716 -0.0340061 -0.00616322 0.000223704 -0.0280246 0.0107091 -0.00294667 -0.00183739 -0.011892 -0.0201799 -0.00222382 0.00786593 -0.00127742 -0.0377891 -0.00699617 -0.000317949 
-0.000444135 -0.00900174 -0.0100819 -0.00165272 -0.00125622 0.0249227 -0.00687693 0.00205192 -0.00489016 0.000584413 5.66663e-05 0.0172612 -0.00134611 -0.00563683 0.00435527 0.00179166 -0.0131831 -0.00021312 -0.0140288 -0.00948146 -0.00226203 -0.0116222 -0.0123016 -0.00523227 -0.015725 -0.00246489 -0.00932942 0.0796057 -0.00326658 0.0221773 0.00775808 0.00852152 0.00189357 0.0189674 -0.00152821 2.55573e-05 -0.0253426 0.000269578 -0.00822625 -0.00535056 0.00960745 0.000357577 -0.00684844 -0.000913291 -0.00381033 -0.000250939 -0.000184397 -0.00201179 0.0296174 0.000427448 -0.00361176 0.00662032 -0.00614602 -0.000818191 -0.015681 -0.00433216 -0.00610391 -0.0174399 0.00742962 -0.00135693 -0.00187927 -0.00711121 -0.00633631 0.0179893 -0.000554846 -0.00657831 0.00855792 -0.00512603 -8.90619e-05 0.0199508 -0.00695153 -0.00449594 -0.00201107 -0.00323602 -0.000298338 -0.00319283 0.00604333 -0.000547497 0.0115452 0.00166937 -0.00658872 -7.97285e-05 -0.00573684 -0.000292063 0.0095067 -0.00517995 -0.00129956 -0.00379036 -0.00136527 0.0059911 0.000168779 -0.00140556 0.00196655 -0.00162438 -0.000989639 -0.000672981 -0.000473835 0.00489331 -0.003774 -0.000649695 
-0.00018677 -0.0131475 0.0181554 0.0011769 -0.0159512 -0.030145 -0.00455922 -0.00581488 0.000538712 -0.000928877 0.000538188 -0.00376753 0.0016475 -0.0110346 0.00193083 0.0226724 0.0296101 -0.00316905 0.0198038 0.0235103 0.000678374 0.0354526 -0.0111032 0.025693 0.0253602 -0.00138506 0.0117445 -0.00326658 0.0566618 -0.00594132 -0.0167723 -0.00661952 0.00206261 -0.0127743 -0.00107174 -0.00321135 0.00595328 -0.00160567 -0.00319599 0.00997085 -0.00863417 0.0102544 -0.00312785 0.00445887 0.00672389 -0.00400446 1.49157e-05 -0.00105359 -0.00601692 -0.00448039 0.0154378 -0.00515214 -0.00366804 -4.61176e-05 -0.0109286 -0.00419186 -0.000668966 -0.0133269 -0.000540802 0.000307333 -0.000838664 -0.0185843 -0.00353383 -0.0182236 7.73428e-05 -0.00864379 -0.00065178 -0.00120559 -0.0011772 -0.00510641 -0.00066409 0.0262481 0.00179406 0.00978396 6.41809e-05 0.00762805 -0.00138596 -0.0158484 -0.00698155 -0.000303254 -0.00232295 0.00176014 -0.00479811 -0.000552974 -0.00707829 -0.0153215 -0.00216489 0.0066544 -0.010214 0.0119999 -0.00360105 9.50431e-06 -0.00688985 -0.0111221 -6.58728e-05 0.000345753 -0.00013075 -0.0252365 -0.00236935 -0.000215012 
0.000563742 0.00692677 -0.0153609 -0.000646667 0.0555825 0.0385341 -0.00938938 0.0307072 0.00528797 0.005578 -0.00432992 -0.0435314 -0.000861025 0.0416016 0.00537754 -0.0282301 -0.0231341 0.0223712 -0.0184791 -0.0193354 0.00267052 -0.0266102 -0.0576028 -0.0101233 -0.0248384 0.00128893 -0.0076125 0.0221773 -0.00594132 0.142627 -0.0224744 0.0207722 -0.0352529 0.0713057 -0.00603044 0.0534414 -0.00749659 0.00110839 -0.0206131 -0.0291755 0.038717 -0.00537124 -0.0154455 -0.00315693 -0.00843061 0.00899608 -7.44421e-05 -0.00272902 0.0430427 0.0136021 -0.0080284 0.0136602 -0.0163911 0.00160675 -0.0238077 -0.0204327 -0.014255 -0.0363798 -0.0200534 0.00148806 0.000798906 -0.00390502 -0.0141565 0.0118687 -0.00156989 -0.0405401 -0.00951432 -0.00860889 -2.18838e-05 -0.0171901 -0.0148935 -0.00828017 -0.00347346 -0.00606119 -0.00147445 -0.00622643 0.00262861 -0.0667702 0.0399713 0.000843195 0.0079201 0.000322638 -0.0117997 -0.000710643 -0.000181543 0.0340001 0.00642121 0.00984712 0.029816 -0.0184008 -0.0132458 -0.000739676 -0.00660739 0.00447845 0.0009943 -0.00375124 0.00148054 0.0525076 -0.0023763 -0.000808355 
-0.000427392 0.0474367 -0.0321046 -0.00600836 0.000622407 0.0580686 0.0440203 0.0357727 -0.0289922 -0.00777632 0.00127099 0.0610166 -0.00655217 -0.0476707 -0.00340282 0.0141695 -0.0612339 0.0508688 -0.0592097 -0.0361072 -0.0150153 -0.0550361 0.0996962 -0.0278747 -0.0576002 0.00464323 0.0217512 0.00775808 -0.0167723 -0.0224744 0.245829 -0.0404877 0.0592765 -0.0265274 0.00853046 -0.021589 -0.0814957 -0.0152364 -0.00571363 -0.0136654 -0.0645484 -0.017328 0.021432 -0.00256023 -0.0120185 -0.0161298 -0.000432816 -0.00322396 -0.0124007 -0.0233594 -0.0207907 -0.031496 0.0524276 0.000729427 -0.00864783 0.0487431 0.00824793 0.0328157 0.0298674 0.000498679 -0.00925224 0.071978 -0.00971189 -0.0348631 -0.00398506 0.0106758 0.0218318 -0.000400881 0.00619271 0.0311519 0.0230569 -0.0325498 0.00553142 -0.00664637 -0.00303397 -0.0109629 -0.00454291 0.113337 -0.0447701 -0.00877922 0.00435339 -0.00431454 0.0137993 -0.000481474 -0.015059 -0.0628006 -0.0168738 -0.0357423 -0.0458274 0.0237886 0.00611782 -0.00503743 0.00772034 -0.0234066 -0.0054586 0.00451703 -0.00140178 0.00460092 -0.0172045 0.000869831 
0.000435253 -0.0160799 -0.0155243 -0.00168127 -0.00411325 0.0218754 -0.0159764 -0.00518094 -0.00903126 0.00338392 -0.00361573 0.00276781 -0.000296435 0.0191258 -0.0037651 -0.0371857 -0.0111531 -0.0108172 -0.0134931 -0.0134582 -0.00503255 -0.0225376 -0.0370392 -0.00931321 -0.0240966 -0.00489831 -0.0162804 0.00852152 -0.00661952 0.0207722 -0.0404877 0.11123 -0.0473925 0.0316787 -0.00414454 -0.00517943 -0.000406801 0.00258446 -0.00528119 -0.0126597 0.0466093 0.00110028 -0.0105991 -0.00147425 -0.00580994 0.0194972 -2.61196e-05 -0.00112882 0.00807985 0.00832611 -0.00668604 0.0457293 -0.0100247 -0.000862093 0.020321 -0.01389 -0.00200812 -0.00811696 -0.0114202 -0.00185644 0.0034422 -0.0227743 -0.0053007 0.0258532 -0.000822062 -0.0050978 0.00322737 -0.00807487 -0.00167438 0.00264492 -0.0132831 -0.00605971 -0.00345574 -0.00508858 -0.001949 -0.00406249 0.0158185 -0.0280734 0.00389384 0.00423542 -0.0065627 0.00051852 0.0084988 0.000888291 0.0285158 0.0522666 0.00710162 -0.00849464 0.00511585 -0.0236131 0.00312577 -0.00139266 0.0134911 0.0543239 0.00119213 -0.0022278 0.00026197 0.0157855 0.00336043 -0.000949091 
-0.000622855 -0.028848 0.0188652 -0.00545885 -0.0213804 -0.0425043 0.00525032 -0.00892574 -0.0194359 -0.00487718 -0.00239934 -0.022651 -0.0107325 -0.0487054 0.018869 0.0252954 0.0107879 -0.00460882 0.00207164 0.0179589 -0.0111119 0.0185552 0.0403788 0.0178542 0.0148979 0.000775525 0.0353973 0.00189357 0.00206261 -0.0352529 0.0592765 -0.0473925 0.2414 -0.053361 0.018552 -0.0248102 0.0131364 -0.00161303 0.0144059 0.0451757 -0.0463912 -0.016061 0.0285933 0.00210209 0.015936 -0.0125267 -0.000229134 -0.00534481 -0.0016956 -0.0113906 0.0223334 -0.0402049 0.0226174 -0.00175433 -0.00798113 0.0348596 -0.000633497 0.0236479 0.00739744 0.00238312 -0.000861267 0.000152573 -0.0204947 -0.0508451 0.00384568 0.0481861 -0.0183219 0.011413 -0.0059005 -0.0226079 -0.036997 -0.0128237 -0.00553896 -0.000592316 0.000510228 -0.0124788 -0.00997531 0.0667597 -0.0317647 -0.00653247 0.0113397 -0.00381553 0.0177246 0.000176881 -0.0657099 -0.0257591 -0.0164259 -0.0177481 -0.00610323 0.0297155 0.0166115 -0.000187588 0.00694273 -0.0336911 -0.00224326 0.00190694 -0.0041261 -0.0406002 -0.00866337 0.00169778 
-0.00176652 0.0113171 -0.0262577 -0.00125251 0.0811092 0.0840463 -0.0137431 0.0383516 0.0034666 0.00827739 -0.00599868 -0.0464882 0.00680041 0.0352534 -0.00574562 -0.0647464 -0.0393967 0.0255679 -0.0420504 -0.0243027 0.00167026 -0.0493177 -0.0590894 -0.0193433 -0.0485698 -0.00159805 -0.0166191 0.0189674 -0.0127743 0.0713057 -0.0265274 0.0316787 -0.053361 0.194719 -0.00797586 0.0957481 -0.0103157 0.00820379 -0.0198665 -0.0453173 0.0507826 -0.00893724 -0.00630749 -0.00131762 -0.0126925 0.0235517 -0.000184465 -0.00140408 0.0454952 0.0352269 -0.0184062 0.0269277 -0.0187918 0.00119099 -0.0261488 -0.0219486 -0.0248965 -0.0450938 -0.0269482 -0.00188643 -0.0054932 0.0188855 -0.0327591 0.0272409 -0.00262592 -0.0417581 -0.00638239 -0.0125746 0.000977815 -0.0120033 -0.00975457 -0.0225332 -0.000420883 -0.0106013 -0.00380849 -0.0108064 0.00658519 -0.0722564 0.0497721 0.00104282 -0.00585448 -0.000910454 -0.0265673 -0.00150144 0.0215602 0.0627094 0.000837344 -0.00510574 0.0599896 -0.0407037 -0.0237405 0.000141482 -0.0195922 0.00127087 0.00198045 -0.00441208 0.000666858 0.0924481 -0.0140368 -0.00217666 
0.000231006 -0.00895434 -0.000536726 -0.000179486 -0.0114974 -0.0174921 0.0027638 -0.00260714 -0.00377638 -0.000731105 -0.000487681 -0.000489899 -0.00103341 -0.00907345 0.00447955 -0.00106013 -0.00195387 -0.00565203 -0.00303401 -0.0019399 -0.00192829 -0.00321716 0.0101942 0.000136165 0.00620753 -0.00118026 0.0105899 -0.00152821 -0.00107174 -0.00603044 0.00853046 -0.00414454 0.018552 -0.00797586 0.034937 -0.0116843 0.00517488 -0.00120034 0.00223755 0.0130115 -0.00712565 -0.0015943 0.00233139 -0.000190088 0.00393708 -8.91716e-05 0.0002683 0.000360154 -0.00235068 -0.00262388 -0.000521047 -0.00528645 0.008925 -2.20802e-05 0.00367126 0.0140623 0.0068029 0.00682644 0.00496357 -0.000835873 -0.000684227 -0.00859581 -0.00350044 -0.0135242 0.000432082 0.00317154 -0.00279643 -0.00103379 -0.000711364 -0.00462967 -0.0052894 -0.00280232 -0.000866616 -0.000963196 0.000256664 -0.00140395 -0.000669351 0.0166923 -0.00458896 0.000967613 0.00178407 0.00132572 0.0105974 0.000519052 -0.00615412 -0.00272193 -0.00162766 -0.00337117 -0.00533044 0.00492415 0.0075151 -0.000666012 0.00200354 -0.00182358 -0.000543228 0.00385366 -0.000356314 -0.0157278 -0.00186081 0.000105399 
