0.000646226 0.00012633 -0.000422571 9.5333e-08 2.28441e-05 4.36719e-06 0.000139716 2.16269e-05 -9.02639e-07 4.62476e-05 -6.65036e-07 1.49873e-05 0.000111209 -0.00028416 1.59612e-05 2.72694e-05 6.7968e-06 1.27636e-05 8.42577e-06 -8.14131e-06 7.98513e-05 -2.70301e-05 8.83331e-06 5.4659e-06 -5.64969e-06 2.62117e-05 -3.58007e-05 0.000148518 4.89406e-05 3.96043e-05 0.000185333 -0.00022819 -0.000141692 2.3936e-05 2.39657e-05 -0.000166725 -3.37434e-05 1.7427e-05 4.95868e-06 1.5802e-06 7.04146e-05 7.7346e-05 -2.01427e-06 -1.99419e-06 -9.8756e-05 -2.59325e-05 7.58917e-05 0.000100062 8.51685e-06 -9.76548e-05 7.77103e-05 6.81072e-05 1.53277e-05 1.52062e-06 9.90325e-05 -0.000110043 5.59154e-07 1.08102e-05 6.16238e-05 -6.6453e-06 -0.000224284 2.23351e-07 1.10295e-05 2.25818e-06 -0.000295818 2.55977e-07 1.01608e-05 -3.09965e-05 4.01779e-05 -5.52124e-06 1.42252e-05 1.65052e-06 0.000149674 3.08145e-05 1.53201e-05 1.40601e-05 2.12733e-05 -0.000281991 -0.000234048 2.11284e-05 -1.49316e-05 -2.49508e-06 0.000107169 2.71005e-05 1.49903e-05 3.69215e-05 1.36932e-05 1.32296e-05 2.91463e-05 1.35786e-05 2.78622e-06 3.33768e-05 2.41028e-05 2.66262e-07 -0.00015585 4.04342e-06 3.27156e-05 -0.000459636 0.000125205 0.000106892 
0.00012633 0.222015 -0.0482409 5.17628e-05 0.000398108 0.00153499 0.00174624 0.000871145 0.00219596 0.00610773 -0.00228554 0.0150646 0.0955853 -0.115047 0.00072229 -0.00098873 0.000911183 -0.000242144 -7.72531e-05 -0.0142329 0.0124197 0.00568842 -0.0110687 7.34371e-05 0.0689611 0.000162449 -0.0234634 0.00287551 0.000181724 -0.000569964 0.022583 -0.0012303 -0.0139718 0.00546385 -0.000505067 0.0174015 -0.0431097 -0.00240539 0.000635678 -0.000155945 0.000668944 0.000577244 -0.00319938 -0.00377093 -0.000398046 0.0119805 0.00366533 0.00199894 -0.00123146 -0.0131887 0.000517361 0.00234816 0.00132094 0.000386626 0.000987053 -0.0232551 0.00254636 -0.000245424 -0.0006405 0.0830545 -0.143617 -6.98789e-05 4.75889e-05 0.00171777 -0.0572123 0.000404345 0.000167789 -0.00425796 0.0569741 0.00551699 -0.000328893 -0.00279712 -0.0154133 0.00125592 0.00107823 0.00660325 -0.00177944 -0.158976 -0.0722837 0.000233195 -0.00822228 0.00282843 0.0306071 0.00882689 -0.00174745 -0.0085379 0.00384113 0.00126405 -0.00147212 -0.000298381 7.44118e-05 0.00119046 0.00206091 0.00464003 0.0178282 0.0045475 0.00193742 -0.00146048 0.0457355 0.00878806 
-0.000422571 -0.0482409 0.105388 -6.49089e-05 -0.000933271 -0.00180421 -0.00408382 -0.0031337 -0.000601788 -0.0101837 0.000854791 -0.0125853 -0.0338086 0.034072 -0.00331425 -0.0032265 -0.00160936 -0.000593078 -0.000666028 0.00495656 -0.0125761 -0.00225136 0.000736957 -0.000871123 -0.0056455 -0.0027344 0.00782079 -0.00331715 -0.00453107 -0.00167104 -0.0350673 0.00637018 0.006192 -0.0123108 -0.00100434 0.0063693 0.00911615 0.000566264 -0.000897239 -6.2288e-05 -0.00317171 -0.00362343 0.000742413 0.000420787 0.00822578 -0.0115178 -0.00793287 -0.00417969 -0.00099899 0.0141577 -0.00127461 -0.00756604 -0.00256046 -0.000945819 -0.00255718 0.0111616 -0.00140317 5.89569e-05 -0.00325073 -0.024245 0.0498608 -1.96058e-05 -0.000306756 -0.00128718 0.0397088 -0.00549523 -0.000509328 -0.0122616 -0.0176584 -0.00602455 -0.00405148 7.89387e-05 0.0114072 -0.00235281 -0.00401887 -0.00658889 -0.00042468 0.0534844 0.0389695 -0.00143244 0.00226375 -0.000945433 -0.00153507 -0.00742271 -0.000298776 -0.0103211 -0.0053418 -0.00158119 -0.00106538 -0.000600194 -0.000126042 -0.00455641 -0.00292071 -0.00619678 -0.00203628 -0.00334718 -0.00419801 0.0229727 -0.0254757 -0.0121172 
9.5333e-08 5.17628e-05 -6.49089e-05 0.000179012 6.56309e-06 2.98306e-05 3.67179e-06 -4.42326e-07 1.90287e-05 8.09681e-06 -1.92031e-06 3.80533e-05 7.46163e-05 -6.7618e-05 2.70999e-07 -1.42594e-06 3.43337e-06 5.71856e-06 2.85041e-06 -7.34985e-06 -5.66622e-06 2.69107e-06 -4.20027e-06 8.64104e-06 -2.56829e-05 5.55249e-06 -7.71163e-06 1.38538e-05 3.10568e-06 1.1367e-06 2.17646e-05 -2.34032e-05 -2.13864e-05 1.52462e-06 2.49278e-06 -9.59156e-05 -1.32147e-05 2.69756e-08 2.22622e-06 2.91847e-06 1.9066e-05 1.75276e-05 5.80315e-06 -1.03424e-06 -6.38874e-05 -6.79432e-06 4.79029e-07 2.17232e-06 2.0661e-06 -3.94285e-05 1.43677e-05 1.72671e-05 8.25033e-06 -6.72099e-07 5.42427e-07 1.17003e-05 5.15879e-06 -7.35632e-08 3.54655e-06 1.30216e-05 -5.76449e-05 5.17756e-07 -7.49082e-08 6.14738e-06 -4.70896e-05 2.83138e-06 1.76768e-06 1.35565e-05 3.57752e-05 1.4162e-05 3.07228e-06 2.57262e-06 -2.26445e-05 2.45949e-09 1.12074e-05 -2.40983e-06 -4.40328e-07 -7.38304e-05 -9.28761e-05 1.16006e-05 -4.41184e-06 -1.21576e-06 -3.27313e-05 1.99728e-05 2.28999e-06 -5.10358e-07 -8.65287e-08 9.04453e-06 8.87074e-08 1.63325e-06 2.59568e-06 6.09306e-06 -7.21308e-07 2.77195e-05 -1.05945e-05 2.89527e-07 5.37038e-06 -3.21845e-05 -5.86565e-06 4.98501e-05 
2.28441e-05 0.000398108 -0.000933271 6.56309e-06 0.00354463 2.95621e-05 0.000710971 0.000894899 8.88635e-05 0.000820824 -3.84532e-05 6.05473e-05 0.000121675 -0.000984945 0.000371975 9.8884e-05 -2.64739e-06 3.99534e-05 0.000232746 -8.77715e-05 0.000695068 -6.8119e-05 5.53748e-05 4.94888e-05 0.000444119 0.000265642 -0.000166468 0.000237032 0.000943005 0.00017857 -0.000231826 -0.000734209 -0.0012219 -9.02571e-06 0.000291977 -0.000511681 -0.000435891 4.82219e-05 5.89211e-05 2.2346e-05 0.000223139 6.72007e-05 -1.70416e-05 2.03653e-05 -0.00075629 -0.000240712 -1.78597e-05 -3.91385e-05 0.000410647 -0.00147479 0.000251327 0.000460027 0.000418261 2.69287e-06 0.000220777 -0.000424235 5.28676e-06 -5.17378e-07 0.000281327 -0.000740165 -0.0012292 5.67267e-06 2.66562e-05 -8.20111e-06 -0.00123175 0.000283776 4.07549e-05 -0.000252568 -0.000113741 -4.20994e-05 0.000182641 -3.32482e-05 -0.000208095 5.86421e-05 0.000253553 6.68377e-05 1.14973e-05 -0.00142603 -0.00215475 0.000232488 -4.0654e-05 9.22126e-05 2.98316e-06 0.000767487 6.6864e-05 -2.70637e-05 -1.57126e-05 0.000257828 2.77776e-05 0.000208536 3.0974e-05 0.000779006 0.000210661 9.66456e-05 -0.000598061 0.000546627 0.00047579 -0.00105142 -0.00031555 6.53149e-05 
4.36719e-06 0.00153499 -0.00180421 2.98306e-05 2.95621e-05 0.00255286 0.000272115 0.000138407 0.000446493 0.000865297 6.62735e-05 0.00129912 0.00140731 -0.00111809 6.61504e-05 3.08109e-06 0.000238071 0.000130161 8.95643e-06 -0.000120201 0.000684949 0.00013217 -8.28133e-05 6.58164e-05 -0.000396219 5.02428e-05 -0.000183415 2.40477e-05 0.000231143 1.01815e-05 3.56724e-06 -0.00031803 -0.00143109 0.000128534 5.66849e-06 -0.00066927 -0.000209228 -1.01841e-05 3.18837e-05 -9.21695e-07 0.000168505 0.000156866 -2.53922e-05 -4.29592e-06 -0.0011392 0.00039769 4.62452e-05 0.000220274 -5.27526e-06 -0.00204378 5.78911e-06 0.000396193 0.000387433 9.76938e-06 -1.1451e-05 -0.00044409 0.000105295 2.15484e-06 -3.53525e-06 -0.000336135 -0.0014794 2.20083e-06 2.79292e-05 4.37941e-05 -0.00218189 0.000230928 1.20644e-05 0.00103839 9.95227e-05 0.000256085 8.70732e-06 -2.24199e-05 -0.000403497 0.000124649 0.000334445 -2.46307e-05 -1.18069e-05 -0.00164762 -0.00210892 8.77603e-06 -6.36411e-05 3.92124e-05 0.000151566 0.00111727 -2.38135e-05 -7.43206e-05 0.000114732 4.01551e-05 -1.24112e-05 3.18028e-06 1.15284e-05 6.57979e-05 7.93071e-05 0.000803191 0.000119829 4.14531e-05 0.000304145 -0.000819214 0.000640902 0.00115317 
0.000139716 0.00174624 -0.00408382 3.67179e-06 0.000710971 0.000272115 0.00754667 0.000346985 0.000328637 0.000408805 0.000122417 0.00277356 0.00250494 -0.00204872 3.55731e-05 -1.88485e-05 1.78869e-05 -6.54842e-05 0.000386309 -7.56522e-05 0.000430912 0.000313011 -0.000208713 0.000367726 -0.00080811 0.000439327 -0.000376976 0.00201535 0.000613177 0.000426233 0.000819061 -0.0019827 -0.000420937 0.000294809 0.000722986 -0.00247759 -0.000924796 -3.20326e-05 0.000322481 3.11227e-05 0.000647444 -0.000356638 -3.77274e-05 -6.18605e-05 -0.00103631 0.000724654 0.000227215 -9.79627e-05 0.000174376 -0.0017184 0.000942538 0.00111703 0.000177816 -1.89497e-05 0.000978695 -0.000666516 0.00023175 -5.60321e-06 0.00101141 0.00120513 -0.00341347 4.53373e-06 0.000145463 0.000112909 -0.00479429 0.000164645 0.000140316 -0.000969828 0.00261088 0.0015622 0.000194744 3.34315e-05 -0.000815121 0.000148966 0.00111508 0.000300548 6.20377e-06 -0.00434432 -0.00365074 0.000564008 -0.000159067 7.35112e-05 -0.000740572 5.75095e-05 3.7171e-05 0.000694207 -2.89302e-06 0.000447885 0.000270284 0.000499582 4.97562e-05 0.000628737 0.000282555 0.000482362 -0.00202068 0.000204871 0.000176799 -0.00343156 -0.000607126 -0.000113872 
2.16269e-05 0.000871145 -0.0031337 -4.42326e-07 0.000894899 0.000138407 0.000346985 0.00566503 0.000433767 0.00151158 -6.94944e-06 6.11942e-05 0.000761797 -0.00118819 0.00248969 0.000193931 7.76418e-06 -1.34622e-05 0.000233417 -0.000170234 0.00415992 -0.000242417 -0.000114601 5.62974e-05 0.00239899 0.000271966 -0.000385542 2.70587e-05 0.00396355 0.000215584 -0.000133663 -0.00252903 -0.00423485 -9.55621e-05 8.655e-05 0.000742054 -0.000692843 0.000356224 3.46431e-05 1.03528e-05 0.00151952 -0.000422854 -4.56635e-05 -4.40886e-05 -0.000424279 0.000522485 6.27175e-05 -0.000124321 0.000487005 -0.00489045 4.97691e-05 0.000459428 0.00099707 -2.32509e-05 4.46672e-05 -0.000681203 3.11399e-05 -4.88896e-06 0.000199161 -0.00326311 -0.00319577 3.99913e-06 9.4163e-06 4.23725e-05 -0.0040825 0.000940723 -1.14906e-05 -0.000680828 -0.000636294 -0.00012121 0.000154223 8.99622e-05 -0.000906842 -3.19101e-06 0.000320362 -5.43556e-05 7.84815e-05 -0.0034228 -0.00392871 0.000180259 -8.12047e-05 7.2013e-06 0.00201332 0.00315843 -1.06948e-05 -1.01124e-05 -5.40432e-05 0.000206998 0.00010235 3.53599e-05 1.25684e-05 0.00284871 0.00234446 0.000160021 -0.00322981 0.00174231 0.00075407 -0.00109884 -0.000726873 -0.00041183 
-9.02639e-07 0.00219596 -0.000601788 1.90287e-05 8.88635e-05 0.000446493 0.000328637 0.000433767 0.00705013 0.000730328 1.74567e-05 0.00137209 0.00162228 -0.000893812 7.21064e-05 -7.99935e-06 0.000326976 7.92815e-05 1.38312e-05 -0.000173981 0.000964341 -0.000252215 -0.000211313 2.6227e-05 -0.00071409 0.000169341 -0.000383294 -3.07175e-05 0.00032471 1.98189e-05 -0.000113447 -0.000563799 -0.00167153 -3.92675e-05 4.64619e-06 -0.000442128 -0.000344746 -2.55129e-05 1.87843e-05 1.79045e-05 3.44442e-05 -0.000638261 -1.93184e-05 -1.13389e-05 -0.00080851 -0.000191465 6.7304e-06 -0.00016935 0.000205799 -0.00226581 1.51521e-05 2.56844e-05 0.000756457 -1.04074e-05 -2.42053e-06 -0.000841119 0.000266139 -7.82593e-07 -1.02531e-05 -0.000574265 -0.00239522 4.10473e-06 2.58293e-05 0.000116014 -0.00227708 5.4016e-05 4.5882e-06 -9.53507e-05 0.000476181 0.000141879 2.86782e-06 -8.31843e-06 -0.000703654 -2.54008e-05 7.80201e-05 -8.19954e-05 7.39204e-05 -0.00218739 -0.00234656 2.3086e-05 -0.000119604 1.67158e-05 0.000408968 0.00142105 2.40803e-05 -0.000214926 -3.02847e-05 7.37746e-05 9.88236e-08 1.47621e-05 1.26066e-05 0.000137139 8.5356e-05 0.000754592 -0.000216912 0.00046078 0.000230259 0.000383033 -0.000445717 0.000485125 
4.62476e-05 0.00610773 -0.0101837 8.09681e-06 0.000820824 0.000865297 0.000408805 0.00151158 0.000730328 0.0202553 -0.000124658 0.00132899 0.0046581 -0.00492762 0.00073449 0.000663212 0.000447301 6.45426e-05 8.33912e-05 -0.00120069 0.00485311 -0.000513683 0.000820442 0.000121227 -0.00038231 0.00106712 -0.000529522 -2.49537e-05 0.00191605 0.000484562 0.00126576 -0.00102688 -0.00593619 0.00141272 6.5199e-05 -0.000119847 -0.0015053 0.00039207 -2.87234e-05 1.6986e-05 0.000410262 0.00339825 -0.000174259 0.000470072 -0.00375087 0.000997741 7.18664e-05 0.000816012 0.000518982 -0.00782674 1.30406e-05 0.00334925 0.00186343 -2.63454e-05 -5.51439e-05 -0.0028821 0.000802449 1.61489e-05 7.42752e-07 -0.00193909 -0.00697373 1.12832e-05 5.45467e-05 -4.00704e-05 -0.00935483 0.00349195 -3.74973e-05 0.00319013 -0.00177723 -0.000280575 0.000752661 -0.000131229 -0.0026248 0.00118731 0.000858177 0.00115915 -3.19194e-07 -0.00747671 -0.00898607 0.000497765 -0.000265411 -1.59499e-05 0.000826742 0.0042404 0.000222068 -0.000625469 1.94385e-05 0.000641844 -0.000104326 1.68467e-06 1.23388e-05 0.00127094 0.000600942 0.00196615 -0.000499983 0.000582254 0.00137671 -0.00825579 0.00242442 0.00134204 
-6.65036e-07 -0.00228554 0.000854791 -1.92031e-06 -3.84532e-05 6.62735e-05 0.000122417 -6.94944e-06 1.74567e-05 -0.000124658 0.0161045 -0.000126158 -0.00152165 0.00500427 1.28925e-05 -0.000250779 -1.81533e-05 0.00012911 7.67432e-06 -0.000277678 0.00115251 -0.000238767 -0.000407357 1.96241e-05 0.00150326 -5.66531e-05 -0.00043397 -8.813e-05 0.000580892 0.000402445 -0.000321349 -0.00035886 4.2983e-05 -0.000305285 1.10079e-05 -0.00233645 0.00284017 0.00031969 -2.23009e-05 1.20879e-05 -0.000139197 -0.00120913 -2.86577e-06 -5.06408e-05 0.000107665 0.000234189 -0.000161221 3.85016e-06 5.19274e-05 -0.00211117 -2.29888e-05 -0.000107248 1.63764e-05 -1.18449e-05 -0.000103766 0.00479438 -4.03561e-05 1.81768e-05 0.000112393 -0.005868 -0.0029192 -1.07263e-06 5.26117e-06 -6.36502e-05 0.000554205 1.81197e-06 0.000116511 -0.00183256 -0.000292129 -0.000188267 -0.000174096 0.000382132 -0.00238998 -8.20615e-05 5.00782e-06 -0.000239475 -0.000112809 -0.000375896 -0.000224218 1.24707e-05 -0.00034245 -7.85556e-05 -0.00222373 -0.000161348 -0.000131182 0.00214038 -5.92186e-05 -4.48405e-05 0.000261518 -2.54584e-05 1.36759e-06 -3.20806e-05 -2.90386e-05 3.66244e-05 -0.00500399 -7.4514e-06 -1.88478e-05 -7.54272e-05 -0.00123674 -0.000644424 
1.49873e-05 0.0150646 -0.0125853 3.80533e-05 6.05473e-05 0.00129912 0.00277356 6.11942e-05 0.00137209 0.00132899 -0.000126158 0.028036 0.0156386 -0.0117246 5.86849e-05 -0.000213441 0.000872668 8.44517e-05 6.95115e-05 -0.00168464 -0.000470603 0.000779044 -0.000609604 0.0001229 -0.00382764 -0.000130895 -0.00199724 0.000692486 0.000168557 -3.15219e-05 0.00133037 -0.000691055 -0.00125406 0.000370082 4.08249e-05 -0.00724437 -0.00378868 -0.000344003 0.000534381 1.32119e-08 0.000414062 -0.00111389 -0.000246077 -0.000273011 -0.00304598 0.00334185 0.000934693 -0.000291711 1.87718e-05 -0.00407276 0.000166129 0.00125566 0.000906562 0.000306543 -0.000133656 -0.00485838 0.000285181 -2.66018e-05 7.33329e-05 0.00808365 -0.0140821 2.13246e-05 0.000121344 0.00123309 -0.0184841 -8.49077e-05 0.000104413 0.0035966 0.0156703 0.00702146 0.000215083 -0.000228781 -0.00387127 0.000376377 0.00191043 -0.000233095 -0.000188991 -0.0177737 -0.015505 0.000160439 -0.000642594 0.00106384 -0.000609556 0.00180349 -0.00021583 -0.000281439 0.000248344 0.000157518 1.49912e-06 5.67831e-05 6.83948e-05 0.00099094 -5.06169e-05 0.00307258 0.00364353 0.000179544 0.000442749 -0.00112142 0.00130558 0.00409554 
0.000111209 0.0955853 -0.0338086 7.46163e-05 0.000121675 0.00140731 0.00250494 0.000761797 0.00162228 0.0046581 -0.00152165 0.0156386 0.206974 -0.0845245 0.00150176 -0.00196082 0.000623143 -0.00166736 -0.000130785 -0.0150732 0.00309103 0.00575197 -0.0048732 4.77999e-05 0.0181945 -0.00127636 -0.0185088 0.00130198 0.000593653 -0.00119962 0.0205778 -0.00116474 0.00301037 -0.000357836 -0.000492499 -0.0128797 -0.0388666 -0.00200752 0.000509824 -2.01193e-05 0.00158796 0.0127066 -0.000947512 -0.00352576 0.000567331 0.0131838 0.00427546 0.003654 -0.00160355 -0.00766942 0.000261679 0.00707213 0.00105958 0.000104343 -0.000992444 -0.0130167 0.00123029 -0.000265434 -0.000772091 0.0653786 -0.0519337 -3.2358e-05 0.000103216 0.000969836 -0.048781 0.000418814 -0.0002716 -0.0208472 0.0465224 0.00731798 -2.61147e-05 0.00038967 -0.0303968 0.000707852 6.36002e-05 0.000839654 -0.00113582 -0.0940276 -0.0666392 0.000370286 -0.00570579 0.00302247 -0.0171248 0.0082725 -0.000887012 -0.00671208 0.00221175 4.36017e-05 -0.000322848 -0.00031733 7.78652e-05 0.00128269 0.0020549 0.00521283 0.0200249 0.00368501 -0.000224019 -0.00465921 0.003425 -0.0035913 
-0.00028416 -0.115047 0.034072 -6.7618e-05 -0.000984945 -0.00111809 -0.00204872 -0.00118819 -0.000893812 -0.00492762 0.00500427 -0.0117246 -0.0845245 0.248765 -0.00244072 -0.000505321 -0.000561398 0.00218548 -0.000209684 0.00629384 -0.00727912 -0.010056 -0.00200646 -5.72851e-05 -0.0145158 0.000444663 0.0227249 -0.00228333 -1.37063e-05 6.33849e-05 -0.0257259 0.000725424 0.0320225 -0.0037271 -0.000115811 0.0186968 0.0595286 0.00228441 -0.000816867 -9.86378e-05 0.00107698 -0.0279878 6.14789e-05 0.000793779 0.00874486 -0.0139556 -0.00371528 -0.00400425 0.00136747 0.00786924 -0.000756534 -0.00659518 -0.00125479 -0.000567789 -0.00171042 0.0522384 -0.0019071 0.000180693 -0.000981651 -0.0609639 0.0665638 -1.25538e-05 -0.000104095 -0.00112651 0.0406485 0.00124375 -0.000450641 -0.0147039 -0.0508856 -0.0058053 -0.00256497 0.00173152 -0.0553966 -0.00217295 -0.000230753 -0.00414755 -0.0015932 0.109535 0.0450621 -0.000935015 0.00507139 -0.00422468 -0.0714915 -0.00778718 -0.00136969 0.0106912 -0.00317124 -0.00125644 0.0007147 -0.000629527 -8.78131e-05 -0.00193026 -0.00158515 -0.00357637 -0.0482915 -0.00378335 -0.00371769 0.0144841 -0.0767614 -0.0134736 
1.59612e-05 0.00072229 -0.00331425 2.70999e-07 0.000371975 6.61504e-05 3.55731e-05 0.00248969 7.21064e-05 0.00073449 1.28925e-05 5.86849e-05 0.00150176 -0.00244072 0.00791757 -2.87987e-05 5.30149e-05 -4.40463e-05 0.000111011 5.13302e-05 0.00246546 -6.15029e-05 -0.000150843 2.7416e-05 -6.73332e-06 8.80196e-05 -0.000304943 -5.39192e-06 0.00241251 5.93835e-05 0.000423831 -0.00201569 -0.00316924 -0.000159771 4.27812e-05 -0.000878724 -0.00084029 2.68715e-05 0.000204836 2.40208e-05 0.00127777 7.18119e-05 -7.43664e-05 -3.09283e-05 -0.000911036 -8.90215e-05 0.000158647 7.69316e-05 0.000173261 -0.00332076 6.46776e-05 0.00036382 0.000972445 -1.31404e-06 -3.31679e-05 -0.00118825 0.000233624 -1.20873e-06 8.47635e-05 -0.0014196 -0.00211841 7.67525e-06 1.79497e-05 2.40264e-05 -0.00322168 0.00067982 -1.0794e-05 -0.000654208 -0.000251022 3.36879e-05 0.000225444 -4.46936e-05 -0.000302311 1.3107e-05 2.94991e-05 -3.70282e-05 6.3315e-05 -0.00216334 -0.00232201 0.000202133 0.000105131 3.61666e-05 0.00121837 0.00197612 -6.15442e-05 -0.000161204 -5.62715e-05 0.000136852 0.000149278 8.81841e-06 2.20547e-05 0.00257571 0.0018671 7.95292e-05 -0.00271984 0.00116313 0.000875283 -0.000227039 0.000139923 -0.000275762 
2.72694e-05 -0.00098873 -0.0032265 -1.42594e-06 9.8884e-05 3.08109e-06 -1.88485e-05 0.000193931 -7.99935e-06 0.000663212 -0.000250779 -0.000213441 -0.00196082 -0.000505321 -2.87987e-05 0.0185893 -1.36262e-05 8.19841e-05 2.7512e-05 -0.000742152 0.00167464 -0.000563445 -0.000501943 -1.48469e-05 -0.000877872 0.000338194 -0.000990717 -5.16659e-05 0.00022248 0.000344981 0.00182256 -0.000386268 -0.000104268 -0.000157346 -9.82036e-06 9.11532e-05 -0.00102915 -5.34015e-05 -3.91756e-05 -3.65942e-06 -0.000134463 -0.00148471 0.000556754 -0.000209846 -0.00202878 -0.000846416 -0.000122964 0.000401958 0.000305615 -0.000233363 -2.54017e-05 0.0011395 0.000225945 0.00010555 0.000815936 -0.00352136 -5.5721e-05 1.45541e-05 -3.26358e-05 0.00251552 0.000246877 -7.42942e-07 -1.80536e-06 6.31342e-06 -0.00103061 0.000102648 -2.55976e-05 -0.00172659 -2.22067e-05 0.000168179 0.000755507 -0.000156296 -0.00198051 0.000117093 2.24605e-07 0.00167452 1.16063e-05 -0.000797586 -0.00155666 1.93981e-05 -0.000244611 -0.000113151 1.10171e-05 0.000591126 0.00028552 -0.000496503 1.05796e-05 5.51325e-05 -9.49735e-05 -5.42671e-06 1.33696e-06 1.13092e-05 -4.8445e-05 1.80794e-05 0.00162791 -6.52425e-06 0.000253218 -0.00510099 9.19547e-05 -0.00147319 
6.7968e-06 0.000911183 -0.00160936 3.43337e-06 -2.64739e-06 0.000238071 1.78869e-05 7.76418e-06 0.000326976 0.000447301 -1.81533e-05 0.000872668 0.000623143 -0.000561398 5.30149e-05 -1.36262e-05 0.00266116 0.000207654 2.06503e-06 -9.31162e-05 0.000118108 -5.13462e-05 0.000133208 1.06715e-05 -0.000217797 9.81282e-06 -0.000171401 5.08099e-05 2.84121e-07 -3.98783e-06 0.000416514 -0.000446721 -0.000760744 0.000110157 -1.05405e-06 -0.000676543 -0.000345863 -1.86961e-05 5.09429e-05 -3.63004e-07 0.000187939 0.000238337 -2.30649e-05 3.69333e-05 -0.00060748 -0.000194442 8.10717e-06 -4.51719e-05 2.37714e-05 -0.000900549 8.14866e-05 0.000146641 0.000490378 6.14541e-05 6.13828e-06 -0.000102966 4.23045e-05 -5.24562e-07 8.61879e-06 -0.000104186 -0.000947474 7.71553e-06 4.92725e-05 9.35843e-06 -0.00146568 7.36645e-05 2.82378e-06 0.00123971 -0.000249646 3.15021e-05 0.000118213 -2.16346e-05 -0.000376426 4.98253e-06 -1.38833e-05 -2.72724e-05 -1.37295e-05 -0.000969215 -0.00115277 0.000100115 -4.77652e-05 7.6839e-05 -2.71787e-05 0.000683292 -2.60175e-05 -2.48339e-05 0.000101126 1.03086e-05 2.35073e-06 -1.37321e-06 1.29436e-06 4.19442e-05 4.76552e-05 0.00052535 -0.000161393 2.38226e-05 0.0001345 -0.000331723 -3.47445e-05 0.000966395 
1.27636e-05 -0.000242144 -0.000593078 5.71856e-06 3.99534e-05 0.000130161 -6.54842e-05 -1.34622e-05 7.92815e-05 6.45426e-05 0.00012911 8.44517e-05 -0.00166736 0.00218548 -4.40463e-05 8.19841e-05 0.000207654 0.00997234 -7.88658e-06 -0.00040314 0.000716655 -0.000121304 7.54406e-05 -1.0894e-05 -0.0040442 0.000294231 0.000638222 -3.54482e-05 5.10448e-05 1.09716e-05 -0.000708364 -0.000466869 -0.00131792 -7.86443e-05 -3.36905e-06 -0.00229254 0.0039502 -0.000116223 9.85261e-06 1.75898e-06 0.000333061 -0.000576559 -4.26468e-07 4.69152e-07 -0.00281727 -0.000545621 -4.86952e-05 1.25263e-05 -4.81495e-05 -0.00060649 2.1002e-06 0.000437694 0.000217975 3.24698e-05 -3.47051e-05 -7.8627e-05 5.59582e-05 9.30725e-05 2.88057e-06 -0.00324447 -0.00157928 7.02583e-06 1.85076e-05 5.58275e-05 -0.000467215 3.51473e-05 -6.36892e-06 0.00300624 -0.00157649 -0.000172905 -5.89111e-05 -9.29675e-05 -0.000309385 -2.49377e-05 4.37238e-05 -0.000139266 -3.63228e-05 0.000614125 -0.00232437 -1.18758e-05 -0.000165187 -1.84505e-05 -0.00038577 0.000664704 0.000385098 0.000139106 7.58391e-05 5.06859e-05 -4.33624e-05 -8.68115e-06 1.91458e-06 -1.17131e-05 -2.93463e-05 0.000149433 0.000517147 0.000124229 0.000255309 -0.00164659 0.00023984 0.00302887 
8.42577e-06 -7.72531e-05 -0.000666028 2.85041e-06 0.000232746 8.95643e-06 0.000386309 0.000233417 1.38312e-05 8.33912e-05 7.67432e-06 6.95115e-05 -0.000130785 -0.000209684 0.000111011 2.7512e-05 2.06503e-06 -7.88658e-06 0.00114444 0.000136134 0.000308091 6.75583e-06 -3.34643e-05 7.15073e-05 8.77299e-05 0.000151644 -5.10674e-05 0.000209881 0.000315853 0.000169676 -1.87002e-05 -0.000597798 -0.000668097 3.22184e-05 0.000300181 -0.000354377 -0.00010489 1.26388e-05 7.75437e-05 3.23611e-06 0.000139569 -7.38621e-05 7.03874e-08 -6.81056e-06 -0.00033089 0.000157211 6.54206e-05 1.60668e-05 7.40598e-05 -0.00069925 0.000327518 0.000299925 0.000126047 -4.00743e-06 0.000197839 -3.00955e-05 8.47049e-06 5.55159e-06 0.000258565 -0.000294376 -0.000481162 1.55367e-06 4.4454e-05 1.21151e-05 -0.000653014 8.72225e-05 3.91779e-05 -0.0001222 2.45661e-05 7.28864e-06 1.11286e-05 1.30286e-05 6.88099e-05 2.85987e-05 0.000315466 7.65686e-05 2.89407e-05 -0.000632155 -0.000509158 5.93618e-05 -2.4548e-05 8.90292e-06 0.000279858 9.83866e-05 7.56266e-05 5.60828e-05 3.53299e-05 9.05543e-05 3.01063e-05 0.000265695 1.73035e-05 0.000214852 8.40843e-05 3.41933e-06 -0.000715249 5.62303e-06 0.000119081 -0.000570526 3.56922e-05 -6.3091e-05 
-8.14131e-06 -0.0142329 0.00495656 -7.34985e-06 -8.77715e-05 -0.000120201 -7.56522e-05 -0.000170234 -0.000173981 -0.00120069 -0.000277678 -0.00168464 -0.0150732 0.00629384 5.13302e-05 -0.000742152 -9.31162e-05 -0.00040314 0.000136134 0.0625028 -0.000324495 -0.00129917 2.19079e-05 7.86596e-05 -0.0242745 -0.000361004 -0.000435082 -7.80018e-06 -0.000484277 -0.000282452 -0.00356091 -0.0017343 -0.00753368 -0.00141483 -5.98416e-06 -0.00163922 -0.00613119 -0.00037403 0.000255789 -3.69386e-05 -0.000595745 -0.00296225 0.000194118 0.000551368 0.00104391 -0.00305781 -0.000308264 0.00049395 -0.000419776 -0.00583493 1.69509e-05 -0.00176422 -0.000101835 -8.03006e-05 -0.000429714 -0.01206 0.000801045 2.83276e-05 6.20363e-05 -0.00765925 0.0122971 -7.2559e-06 8.38374e-06 -0.000236724 0.00362674 -0.000739265 -0.000141801 -0.00446087 -0.00385465 -0.000813909 -0.000264185 -0.000694775 0.00915128 -0.000314621 0.000113374 0.00177388 -0.000146267 0.0146256 0.00478765 -0.00014579 0.0007848 -0.000257229 0.00941809 -0.000379338 -0.000303102 -0.00162021 -0.000673986 -1.7941e-05 0.000179423 0.000150512 1.19659e-05 -0.000172049 -0.00030097 -0.000334695 0.00539423 -0.000469514 -0.000397034 0.00561157 -0.00557098 -0.00358128 
7.98513e-05 0.0124197 -0.0125761 -5.66622e-06 0.000695068 0.000684949 0.000430912 0.00415992 0.000964341 0.00485311 0.00115251 -0.000470603 0.00309103 -0.00727912 0.00246546 0.00167464 0.000118108 0.000716655 0.000308091 -0.000324495 0.046284 -0.000944522 -0.00148564 0.000176124 0.00839046 0.000903143 -0.00153514 1.9796e-05 0.00484494 0.00139344 -3.13005e-05 -0.0020371 -0.0146018 0.00101447 0.000212683 0.00695104 0.00060731 0.0010102 0.000333808 -5.85405e-06 0.00147239 -0.00176725 -0.000141342 -0.00038875 -0.000709962 0.00764687 0.000356083 0.000472497 0.000662881 -0.0216563 3.97008e-05 0.00179621 0.000835439 -9.84862e-05 4.06617e-05 -0.00115002 0.0015907 1.67907e-06 5.24086e-05 -0.0119683 -0.0166841 -9.70145e-06 1.04456e-05 -0.00018181 -0.0125335 0.00348423 -8.8829e-05 0.00213666 -0.00181299 -0.000871153 -0.00022267 0.000823943 -0.00285085 0.000711833 0.00190607 0.0021404 -0.000138045 -0.0153353 -0.0153663 0.000107727 -0.000449391 -0.000147362 0.013116 0.00511043 0.000120168 -0.000146714 0.000337257 1.45359e-05 0.00014117 5.27675e-05 1.59676e-05 0.00270979 0.00223663 0.0010107 -0.0092939 0.00192615 0.000932872 -0.0111422 0.00272457 0.00375908 
-2.70301e-05 0.00568842 -0.00225136 2.69107e-06 -6.8119e-05 0.00013217 0.000313011 -0.000242417 -0.000252215 -0.000513683 -0.000238767 0.000779044 0.00575197 -0.010056 -6.15029e-05 -0.000563445 -5.13462e-05 -0.000121304 6.75583e-06 -0.00129917 -0.000944522 0.0467231 -0.000755024 -4.12663e-05 -0.00441299 -0.00031038 8.4143e-05 -0.000222614 -0.000374557 -0.000190071 -0.00283085 0.000200645 0.00143564 0.00138052 5.65873e-05 -0.00367403 -0.00112462 -0.000480538 0.000162753 1.14462e-05 -0.000439266 1.68291e-05 3.54586e-06 -0.00052955 -0.00221905 0.00926369 -0.00022828 -0.000312013 -0.000437297 -0.000572694 6.7813e-05 -0.000678221 -0.000133558 -5.76385e-05 -0.000167634 -0.00556996 0.000592825 7.89261e-06 -0.00021021 0.00949038 -0.00200098 -4.77887e-06 -1.01365e-06 0.000247454 -0.00984381 -0.000258266 -5.53933e-05 -0.00339978 0.00385159 0.00149581 -0.00012309 0.000374399 -0.00618306 0.000201245 2.94363e-05 -0.000722183 -0.000167321 -0.00436447 -0.00293967 0.000159433 -8.51387e-06 3.19065e-05 -0.00506366 -0.000657129 0.000215666 -0.0014756 0.000162403 -5.28053e-06 -0.000246637 3.68818e-05 1.20817e-07 -5.88839e-05 -0.000137604 -0.000379699 0.000397269 0.000473233 -0.000148511 -0.00478618 -0.00217071 -0.0019833 
8.83331e-06 -0.0110687 0.000736957 -4.20027e-06 5.53748e-05 -8.28133e-05 -0.000208713 -0.000114601 -0.000211313 0.000820442 -0.000407357 -0.000609604 -0.0048732 -0.00200646 -0.000150843 -0.000501943 0.000133208 7.54406e-05 -3.34643e-05 2.19079e-05 -0.00148564 -0.000755024 0.0462315 0.000222603 -0.0155111 0.000111707 -0.00310263 -0.000289243 -0.000119023 -0.000118121 -0.000446466 0.000587746 8.80218e-05 0.0011211 0.000159279 -0.005175 -0.00225983 -0.000346138 -4.83304e-05 3.40976e-05 -0.000446889 0.00673189 0.000930326 -0.00013841 -3.70886e-06 -0.0035175 -0.000398595 -0.00135824 0.000709541 0.000305509 -9.65622e-05 -0.00120321 -7.46114e-06 0.000118996 -0.000356175 -0.00693063 -6.50299e-05 -1.51763e-05 -3.84446e-05 0.0018414 0.00964385 4.82255e-05 -1.47746e-05 -0.000199076 -0.00330027 0.000130425 -9.89554e-05 0.00429111 -0.00285445 -0.000671934 0.000186145 -0.000460231 -0.0030963 -3.57954e-05 -0.000285715 -0.000616863 9.02407e-05 0.00680272 0.00380026 -6.21617e-05 -0.000727813 0.000243313 -0.00143774 0.000162982 -0.00043594 -0.000205215 -0.000157114 8.32423e-05 -0.000277954 -9.361e-06 -5.0903e-07 1.93992e-05 -0.000192441 0.000107067 0.00246007 -0.00028711 -2.35704e-05 -0.00434266 -0.00228579 -0.00252948 
5.4659e-06 7.34371e-05 -0.000871123 8.64104e-06 4.94888e-05 6.58164e-05 0.000367726 5.62974e-05 2.6227e-05 0.000121227 1.96241e-05 0.0001229 4.77999e-05 -5.72851e-05 2.7416e-05 -1.48469e-05 1.06715e-05 -1.0894e-05 7.15073e-05 7.86596e-05 0.000176124 -4.12663e-05 0.000222603 0.00193906 0.000144859 0.000289714 -0.000103911 0.000202929 0.000207161 0.000108821 0.000188273 -0.000325742 -0.000235531 0.000157104 0.000189203 8.05728e-05 -0.000183905 4.42089e-05 8.55585e-05 5.6158e-06 -2.39959e-06 -5.65402e-05 -4.96115e-06 -1.97923e-05 -0.00018271 0.000232599 0.000127542 -7.62722e-06 1.40205e-06 -0.000543196 9.37803e-05 -3.45583e-05 2.16071e-05 -4.79777e-06 0.000181936 -0.000263411 6.95681e-05 2.03768e-06 0.000231201 0.000182261 -0.000529529 1.08037e-06 2.66094e-05 -7.52047e-06 -0.000595628 0.000208521 -2.72454e-06 -0.000198848 -3.61748e-07 2.53187e-05 6.5395e-05 2.01148e-05 -0.000283422 1.22663e-06 0.000200685 -1.94896e-05 -3.1592e-06 -0.000602846 -0.000227062 2.96009e-05 -3.60358e-05 -1.57645e-05 -0.000318875 6.86267e-06 2.64137e-06 9.60276e-05 1.26238e-05 0.000112691 1.90955e-06 0.000164131 2.23582e-06 8.47556e-05 2.19144e-05 5.29242e-05 -0.000877622 3.42818e-05 -6.05884e-06 -0.000522135 -0.000182802 -0.000115818 
-5.64969e-06 0.0689611 -0.0056455 -2.56829e-05 0.000444119 -0.000396219 -0.00080811 0.00239899 -0.00071409 -0.00038231 0.00150326 -0.00382764 0.0181945 -0.0145158 -6.73332e-06 -0.000877872 -0.000217797 -0.0040442 8.77299e-05 -0.0242745 0.00839046 -0.00441299 -0.0155111 0.000144859 0.249666 0.000185248 -0.0102775 0.00146556 0.00369178 0.0014468 0.011202 -0.000538087 0.00329372 0.00107509 0.000109094 0.0471086 -0.012897 0.000272224 -0.00048941 -0.000168414 0.000667021 -0.0282654 -0.00377122 -0.00429331 0.0110013 0.0138023 -0.00187939 -0.00194887 0.00156243 -0.00638494 -4.22117e-05 -0.00462762 -0.000409091 -0.00144797 0.0031134 0.0539898 0.000224565 -0.000243685 7.79217e-05 0.00659541 -0.103063 -0.000126636 -7.21341e-05 -0.000510437 -0.0195409 0.00232388 0.000566077 -0.0411721 0.0277389 -0.00736767 -0.00336549 0.00227229 -0.0187394 -0.00185518 -0.00152246 0.00338346 -0.0012305 -0.0939834 -0.0120573 8.65515e-05 -0.00945793 -0.000242026 -0.00538782 0.00374469 -0.00359103 0.00100928 -0.000278712 -0.000426579 -0.000269381 -0.000460982 -9.61822e-05 0.000717754 0.00194555 -0.000462776 -0.0502406 0.00209596 -0.00142745 0.00206567 -0.012287 -0.01604 
2.62117e-05 0.000162449 -0.0027344 5.55249e-06 0.000265642 5.02428e-05 0.000439327 0.000271966 0.000169341 0.00106712 -5.66531e-05 -0.000130895 -0.00127636 0.000444663 8.80196e-05 0.000338194 9.81282e-06 0.000294231 0.000151644 -0.000361004 0.000903143 -0.00031038 0.000111707 0.000289714 0.000185248 0.00716377 -2.23093e-06 0.000268435 0.00105899 0.000551385 -0.000395877 -0.00132555 -0.00069603 0.00083041 0.000188923 -0.00111204 0.00164413 8.34336e-05 9.28404e-05 2.81686e-05 0.000207352 0.000558704 -4.27563e-05 1.82728e-05 -0.00170441 -0.000167985 -5.97591e-05 0.00050727 0.000212976 -0.00139821 0.000261147 0.000523587 0.000284437 8.83326e-05 0.00038454 0.000388943 4.50257e-05 1.04294e-05 0.000289902 -0.000429735 -0.00245195 -1.06009e-06 3.18811e-05 -4.09371e-05 -0.00156007 0.00120439 2.80432e-05 0.00123138 -0.000851876 -0.000111374 3.8404e-05 1.83743e-05 -0.000576787 0.000102306 0.000566924 -7.78551e-07 5.08453e-05 -0.00117536 -0.00116601 0.000172977 -0.00012817 -3.77458e-05 -0.00094704 0.00019103 -3.97581e-05 -1.09575e-05 1.73345e-05 0.000302931 -1.00906e-05 0.000175409 1.95379e-05 0.000301898 0.000100802 0.000236129 -0.0024402 0.000116314 0.000193452 -0.00294829 0.000598686 3.80498e-05 
-3.58007e-05 -0.0234634 0.00782079 -7.71163e-06 -0.000166468 -0.000183415 -0.000376976 -0.000385542 -0.000383294 -0.000529522 -0.00043397 -0.00199724 -0.0185088 0.0227249 -0.000304943 -0.000990717 -0.000171401 0.000638222 -5.10674e-05 -0.000435082 -0.00153514 8.4143e-05 -0.00310263 -0.000103911 -0.0102775 -2.23093e-06 0.0667543 -0.000109149 -0.000567961 -8.86473e-05 -0.00449688 0.000421551 0.00379952 -0.00151 -8.9291e-05 -0.00773646 0.01406 0.00150075 -0.000147564 4.43795e-05 0.00195335 -0.00666189 0.000661066 -0.000248664 -0.000921311 -0.0057149 -0.000798347 -0.000878775 -0.000393459 0.00203205 -4.64555e-05 -0.000828887 -0.000228334 -0.000291721 -0.000485057 0.000820093 -0.000279817 4.52364e-05 -0.000262157 -0.0283353 0.0165387 1.13953e-05 -2.1693e-05 -6.98579e-05 0.00853476 -0.00063541 -2.80898e-05 0.000992284 -0.0105275 -0.00107327 -4.04788e-05 -3.10113e-05 -0.00678133 -0.000333188 -0.000218984 -0.00128613 -0.000437465 0.0215223 0.00735908 -1.36219e-05 0.00826432 -0.000731436 -0.0103229 -0.00141962 -0.000417018 -0.00125082 -0.00040864 -0.000176968 -0.000125295 -8.88012e-05 -1.01947e-05 -0.000448574 -0.000363932 -0.000693083 -0.00772091 -0.000544053 -0.000645001 -0.00634749 -0.0116128 0.00281028 
0.000148518 0.00287551 -0.00331715 1.38538e-05 0.000237032 2.40477e-05 0.00201535 2.70587e-05 -3.07175e-05 -2.49537e-05 -8.813e-05 0.000692486 0.00130198 -0.00228333 -5.39192e-06 -5.16659e-05 5.08099e-05 -3.54482e-05 0.000209881 -7.80018e-06 1.9796e-05 -0.000222614 -0.000289243 0.000202929 0.00146556 0.000268435 -0.000109149 0.00843952 7.44393e-06 0.00022568 0.00235295 -0.00200649 -4.51515e-05 0.000537735 0.000470671 -0.00146516 -0.000616424 4.74946e-06 0.000348374 1.37598e-05 0.00118026 0.000146956 -7.17472e-05 -0.000116225 -0.00108676 -2.05603e-05 0.000263114 0.000856694 0.000137984 -0.000400321 0.00123842 0.000721534 1.88166e-05 -1.11189e-05 0.00113653 0.00136361 2.20016e-05 -3.45414e-06 0.000935335 0.00207935 -0.00426138 2.36361e-06 0.00013085 1.70289e-05 -0.00349458 2.79048e-05 0.000378236 -0.000789531 0.00073057 0.000247411 0.000192263 -4.99425e-06 -0.00119426 0.000156341 0.000109345 -5.66496e-05 -5.99313e-05 -0.00357075 -0.00264782 0.000865861 -0.000207584 3.49298e-05 -0.00133707 -0.000124229 -7.55088e-06 0.00043795 9.18434e-05 0.000406938 0.000202917 0.000230773 2.09764e-05 0.000134544 0.000483636 -2.46679e-05 -0.00364124 0.000397508 -3.62998e-05 -0.00310352 -0.000492024 8.16701e-06 
4.89406e-05 0.000181724 -0.00453107 3.10568e-06 0.000943005 0.000231143 0.000613177 0.00396355 0.00032471 0.00191605 0.000580892 0.000168557 0.000593653 -1.37063e-05 0.00241251 0.00022248 2.84121e-07 5.10448e-05 0.000315853 -0.000484277 0.00484494 -0.000374557 -0.000119023 0.000207161 0.00369178 0.00105899 -0.000567961 7.44393e-06 0.00943447 0.000757028 0.000581396 -0.00346125 -0.00482393 0.000157304 0.00024954 0.000800025 -0.000292644 0.000384928 3.35771e-05 3.66027e-05 0.00150582 -0.000671231 -8.41414e-05 -6.7391e-05 -0.000490275 0.00119069 0.000312644 4.28572e-05 0.000483867 -0.00599346 5.80442e-05 0.000352898 0.00110141 -1.09314e-05 0.000170679 0.000618892 0.000102463 -1.91389e-07 0.000449665 -0.00408148 -0.00484515 6.02015e-06 2.64815e-05 1.18425e-05 -0.00539538 0.00173777 -5.69976e-06 -0.00108496 -6.67511e-05 -0.000196045 0.000256816 0.000337494 -0.00145127 2.43773e-05 0.000733779 -4.97591e-05 9.06031e-05 -0.00451034 -0.0051181 0.000176771 -0.000139868 6.97569e-05 0.000830485 0.00325638 -3.77552e-05 0.00127911 3.15207e-05 0.000262587 0.000301266 0.000102627 1.263e-05 0.00309747 0.00222118 0.000257516 -0.00569503 0.00158662 0.000965042 -0.00228723 -0.00111372 -0.000817343 
3.96043e-05 -0.000569964 -0.00167104 1.1367e-06 0.00017857 1.01815e-05 0.000426233 0.000215584 1.98189e-05 0.000484562 0.000402445 -3.15219e-05 -0.00119962 6.33849e-05 5.93835e-05 0.000344981 -3.98783e-06 1.09716e-05 0.000169676 -0.000282452 0.00139344 -0.000190071 -0.000118121 0.000108821 0.0014468 0.000551385 -8.86473e-05 0.00022568 0.000757028 0.00479844 0.000572138 -0.000748277 -0.000858393 0.000151578 0.000489273 -0.000107335 0.000564697 0.000392685 -3.05323e-06 2.80877e-05 -4.09335e-05 -0.000342905 -9.88772e-06 -5.95278e-05 -0.00117365 0.000762609 6.81329e-05 2.27677e-06 0.000304843 -0.00176421 0.000204944 0.000215538 -3.6705e-07 -1.45033e-05 0.000808167 0.000963231 1.56311e-05 2.09725e-06 0.000622897 -0.00138609 -0.00239024 1.9606e-06 3.64827e-05 -1.03909e-05 -0.0010658 0.000313169 0.000211835 -0.000447791 0.000509116 -1.42443e-06 0.000271219 6.87638e-05 -0.000166579 4.91392e-05 0.000716198 0.000106144 -2.32756e-05 -0.00159123 -0.00073749 0.000264567 -0.000105277 0.000227047 7.64305e-06 0.00014993 -2.11171e-05 0.000545679 0.00012732 0.000135184 0.000124407 0.000204273 1.49303e-05 7.76198e-06 -5.34995e-06 -3.3222e-05 -0.00273079 7.94528e-05 0.000139854 -0.00233229 0.000493222 -0.000355421 
0.000185333 0.022583 -0.0350673 2.17646e-05 -0.000231826 3.56724e-06 0.000819061 -0.000133663 -0.000113447 0.00126576 -0.000321349 0.00133037 0.0205778 -0.0257259 0.000423831 0.00182256 0.000416514 -0.000708364 -1.87002e-05 -0.00356091 -3.13005e-05 -0.00283085 -0.000446466 0.000188273 0.011202 -0.000395877 -0.00449688 0.00235295 0.000581396 0.000572138 0.0745403 -0.00270136 0.00148267 0.0052496 0.000137972 -0.00725483 -0.00690333 -0.000809875 -3.17853e-05 1.14778e-05 -0.00017257 -0.00502603 -0.000202399 -0.000700481 -0.000758066 -0.000956057 0.00479755 0.0012383 0.000281853 0.000881382 0.000158964 0.000198732 7.24765e-05 -3.15107e-05 0.00194766 -0.000240176 5.70123e-05 -7.89648e-05 0.00260606 0.0162023 -0.0294033 -1.54938e-05 4.13386e-05 -1.5097e-05 -0.0126926 7.9313e-05 0.000505046 -0.000474306 0.0148572 -0.000689183 0.0018535 0.00106171 -0.00551997 6.44231e-05 -0.000368449 0.00229377 -0.000504903 -0.0337259 -0.0183495 0.000271944 -0.00164538 -7.01139e-05 -0.00396809 0.00276732 7.49404e-05 0.00643435 0.00360259 0.000472419 0.00113658 -5.34606e-05 -2.25041e-06 0.000186897 0.000876782 0.000826614 -0.00527245 0.00089162 0.00140436 -0.00725088 0.00847186 -0.00241354 
-0.00022819 -0.0012303 0.00637018 -2.34032e-05 -0.000734209 -0.00031803 -0.0019827 -0.00252903 -0.000563799 -0.00102688 -0.00035886 -0.000691055 -0.00116474 0.000725424 -0.00201569 -0.000386268 -0.000446721 -0.000466869 -0.000597798 -0.0017343 -0.0020371 0.000200645 0.000587746 -0.000325742 -0.000538087 -0.00132555 0.000421551 -0.00200649 -0.00346125 -0.000748277 -0.00270136 0.0166373 0.00468253 -0.00118881 -0.000794927 0.0034669 -0.000562813 -0.000308029 -0.000336369 -8.4131e-05 -0.00259787 0.000326425 -1.38466e-05 -8.81719e-05 0.00212496 8.9541e-06 -0.00120773 -0.000798576 -0.00121128 0.00475361 -0.00135278 -0.00155517 -0.00159925 -0.000211655 -0.00188792 -0.00174796 -0.0001487 -6.73738e-06 -0.00169422 0.00206127 0.00509754 -2.39324e-05 -0.000285375 -0.000144565 0.00654286 -0.00110839 -0.000470836 5.74803e-05 -0.00234751 7.18978e-06 -0.000475591 -0.000102884 -0.000117156 -0.000179609 -0.00054156 -0.000508813 -0.000118268 0.0061228 0.00426153 -0.000966263 0.000354665 -0.000132185 -0.00184154 -0.00250835 -0.000358904 -0.00173225 -0.00011636 -0.000806629 -0.00156845 -0.000479608 -4.97072e-05 -0.00257601 -0.00256143 -0.000399105 0.00726349 -0.00159296 -0.00172417 0.00351801 -5.19866e-05 -0.000662975 
-0.000141692 -0.0139718 0.006192 -2.13864e-05 -0.0012219 -0.00143109 -0.000420937 -0.00423485 -0.00167153 -0.00593619 4.2983e-05 -0.00125406 0.00301037 0.0320225 -0.00316924 -0.000104268 -0.000760744 -0.00131792 -0.000668097 -0.00753368 -0.0146018 0.00143564 8.80218e-05 -0.000235531 0.00329372 -0.00069603 0.00379952 -4.51515e-05 -0.00482393 -0.000858393 0.00148267 0.00468253 0.0768743 -0.000547346 -0.000384062 -0.00534067 0.0100583 0.000114626 -0.000273654 -1.62684e-05 -0.00115747 -0.00191325 0.000615355 -0.00337222 0.00437162 -5.37288e-05 0.000458453 -0.00148605 -0.000882784 0.0203872 -0.000560864 -0.00496521 -0.00241669 0.000122589 -0.000303104 0.0143909 -0.000975165 -0.000116429 -0.000511833 0.0295745 0.0104551 -5.10093e-05 -0.000135558 -0.000161106 0.0135047 -0.00227023 4.13704e-05 -0.022127 0.00956579 0.00151902 -0.000499571 0.000150882 -0.0388252 -0.00179519 -0.00229594 -0.00196632 -0.00103475 0.0130909 0.0135833 -0.000205635 0.00121309 -0.000664189 -0.0481084 -0.0103338 -0.000250164 0.00218898 -0.00187135 -0.000811271 -0.000395619 -0.000561583 -2.72172e-05 -0.0032015 -0.00242645 -0.00179393 -0.00516652 -0.00303197 -0.00389779 0.00816434 -0.0372921 -0.00489688 
