0.134191 0.0119761 0.00036053 -8.89163e-05 -5.55316e-05 -0.00017756 -0.0381505 -0.0003601 0.0183072 0.00115194 0.00141189 -1.48635e-05 2.7131e-05 -0.0339976 -0.000976871 -0.000244639 -0.000444667 -6.88611e-05 -3.28059e-05 -0.00268668 -0.00670334 0.000584808 0.00279065 3.33805e-05 -0.00368785 -0.0237239 -0.00945605 4.31508e-05 0.0011188 -2.94986e-06 0.00021752 -0.00324315 -0.000530361 -0.00594704 0.0017835 -0.00315496 -0.000181568 -0.000226575 8.91344e-06 0.000327563 0.00381138 -6.95567e-06 0.000333877 -0.000428376 -0.00057092 0.000322718 4.43869e-05 0.000105381 0.000270802 -0.0418738 -0.000164973 0.00560384 -0.000166026 9.12472e-07 0.000206077 0.0125133 0.000655087 -0.00043984 -0.000331905 -0.023359 0.0140518 0.000284117 0.00135063 0.0316032 9.6057e-05 0.0143864 0.0169325 -0.000401666 -3.22759e-05 0.00249917 -6.25228e-05 -0.000772282 -0.00648091 -0.039587 -0.000425411 -0.00231244 -4.49661e-05 0.000853628 -0.00540183 -0.0313723 0.000723032 -0.00128628 -2.43184e-05 0.00427709 0.00717752 -0.00011887 0.000632553 -0.000160516 0.000183056 0.000569203 -0.033022 -0.00569696 1.34422e-05 6.78025e-06 0.0314925 0.00128229 3.34975e-05 0.00244911 -0.000116316 -0.000281666 
0.0119761 0.0651036 0.000201053 7.57042e-05 -1.85327e-05 0.000387712 -0.0224246 -4.09666e-05 0.00486155 -9.84836e-05 -5.32452e-05 3.87467e-05 -7.69076e-06 -0.00479441 -0.000262517 0.000238956 0.00141231 -7.43085e-05 -1.41623e-05 -0.00968543 -0.00497212 -0.00020272 -0.000307473 -8.47768e-05 -0.00153795 -0.0100857 -0.00229898 4.46711e-06 -5.05418e-05 -2.65785e-06 1.22683e-05 -0.00163813 -8.16429e-05 -0.00509889 0.000567914 -0.00097618 -2.20056e-05 -0.000236439 1.69376e-05 -0.000312128 -0.00361654 1.84933e-06 -0.000110549 -0.000124862 0.000390162 0.000249957 5.14406e-05 0.000288145 -6.56281e-05 -0.00732372 -9.94669e-05 0.00620347 -1.30915e-05 -1.17955e-06 0.000153545 0.0165857 0.000674222 0.000182891 7.68772e-07 -0.0102116 0.000879851 3.87004e-05 -0.0133763 0.00915387 -8.84152e-05 0.00437726 0.00723765 6.20113e-05 3.14664e-06 -0.00063098 4.33355e-05 -0.000365911 -0.00167862 -0.0133191 -0.000281664 -1.53117e-07 -1.24111e-05 0.000113988 -0.0103923 0.00177819 -0.00019376 -0.000576861 3.65302e-05 0.00587748 0.00010025 -0.000112256 0.00060708 -2.07448e-05 8.81842e-05 -0.000302217 -0.019065 -0.000551832 3.58253e-05 -1.32442e-05 0.0091797 -0.00216749 3.29106e-05 0.0010127 -0.000106873 -0.000132725 
0.00036053 0.000201053 0.00194517 4.31343e-06 2.20325e-05 5.04448e-05 -5.20984e-05 1.79626e-05 3.52126e-05 0.000241402 0.000206251 6.16005e-06 1.51124e-05 -0.000321993 3.05007e-06 3.43275e-06 2.06902e-05 0.000138141 7.6017e-07 -6.42834e-05 -0.000583399 1.13779e-05 0.000175785 3.5589e-05 2.98254e-05 7.73074e-05 -9.40862e-05 1.42022e-07 9.52168e-06 3.06857e-06 6.17681e-07 0.000266629 3.75396e-05 -0.000401932 6.05837e-06 0.000232979 7.28236e-05 3.87477e-05 7.01393e-06 0.00012027 0.00012428 4.07119e-06 4.41863e-05 2.23713e-05 9.97135e-07 0.00010277 9.88084e-07 0.000166254 2.14328e-05 -0.000432447 6.41574e-05 0.000777446 2.97627e-05 6.0204e-06 5.12647e-06 0.00021478 1.37051e-05 0.000418016 -8.53476e-06 -0.000104918 0.0004336 -1.94036e-06 -0.000606808 0.00011734 3.65073e-06 -0.000574304 -0.000442904 5.53161e-05 4.432e-06 0.000238487 9.3574e-06 0.000123861 0.000280411 -0.00110287 0.000179765 9.19533e-05 1.48991e-05 9.42341e-05 -0.000622903 -0.000841069 -3.08831e-06 -0.000413099 3.26085e-06 -0.000738989 -0.000370404 6.80813e-05 1.94122e-05 0.0001127 1.28845e-05 2.15436e-05 -0.000198237 -8.84886e-05 3.20075e-06 3.89048e-05 -0.000701802 0.000181161 1.64659e-05 0.000206581 1.40051e-05 1.17086e-05 
-8.89163e-05 7.57042e-05 4.31343e-06 0.00104101 6.40791e-05 0.000124801 -0.000280695 3.54783e-05 2.81491e-05 0.000157612 6.39517e-05 0.000138949 1.71211e-05 -0.000266927 6.85614e-05 0.000110014 4.90946e-05 1.75568e-05 -3.2429e-07 -0.000283277 -0.000547576 2.46034e-05 -2.38936e-05 8.59225e-05 -1.22967e-05 -7.5542e-05 0.000171362 5.90651e-06 3.0593e-06 -4.65124e-08 1.96302e-07 0.000134948 1.91386e-06 -0.00028319 -3.7949e-07 0.000212043 0.000128089 0.000182165 5.56822e-05 1.68286e-07 0.000272585 -5.69913e-08 0.000192895 4.45518e-05 3.02599e-05 3.92262e-06 -2.01426e-07 5.49142e-05 5.7692e-07 -0.00020185 3.77272e-05 -3.41908e-05 2.26935e-05 -5.44439e-08 4.30165e-07 -0.000291891 -2.31125e-07 4.1456e-06 -1.05058e-05 -6.35126e-05 -5.23222e-05 2.03681e-07 -0.000313711 4.94486e-05 1.72477e-06 -0.00026402 -0.000299769 2.4828e-06 3.34623e-06 1.42453e-05 0.000118679 0.000166585 4.73831e-05 -0.000324957 3.08097e-05 0.000173174 9.25995e-07 7.1636e-05 -0.000297958 -3.1651e-05 2.30309e-05 -0.000211128 3.94845e-06 5.5043e-05 -0.000465153 -1.55383e-06 5.44265e-05 8.58324e-07 1.23899e-05 -1.35477e-06 -8.30322e-05 2.34996e-07 4.91745e-06 3.86753e-05 -0.000317598 0.000374493 0.000113907 6.43525e-05 1.28356e-05 2.28503e-05 
-5.55316e-05 -1.85327e-05 2.20325e-05 6.40791e-05 0.000467681 2.86851e-05 -9.19159e-05 3.82185e-06 -2.78662e-05 -5.31037e-06 2.59376e-05 6.71268e-05 7.76909e-06 -0.000254054 -2.12947e-06 3.35261e-05 1.04694e-05 3.52272e-06 -1.45605e-07 4.02092e-05 -0.000189326 5.20554e-06 -7.6686e-06 5.58198e-05 -5.52127e-06 -7.14845e-05 0.000138888 -6.19344e-08 -6.63481e-07 -2.08839e-08 -3.13588e-10 0.000266169 8.75058e-06 -0.000204373 3.22307e-05 1.10647e-05 2.94343e-05 4.65996e-05 2.45534e-05 1.55088e-05 0.000348404 -2.55889e-08 9.70399e-05 1.28153e-05 4.71348e-05 -4.09906e-07 5.25157e-07 0.000101392 4.28938e-06 -6.74989e-05 4.91331e-05 3.68801e-05 3.2535e-06 2.42e-06 5.07383e-07 -4.7385e-05 3.53787e-07 4.55026e-05 -3.22556e-06 -6.36136e-05 0.000105605 3.77581e-07 -0.000319219 -6.70435e-05 4.63988e-06 -0.000390599 -0.000266171 6.87601e-07 9.30723e-07 -7.2882e-06 4.09088e-05 0.000251191 -8.3163e-06 -0.000147647 0.000139183 -2.19683e-06 1.30373e-06 -4.75804e-06 -0.000110169 -0.000117284 4.57233e-05 -0.000237182 3.39434e-07 -1.57823e-05 -0.000250151 6.59248e-07 -1.0942e-06 2.02611e-05 9.73173e-06 -1.68456e-06 7.42225e-05 -1.11091e-05 2.84931e-06 3.68225e-05 -0.000280714 0.000329434 4.02446e-05 2.67987e-05 5.07724e-05 1.37518e-05 
-0.00017756 0.000387712 5.04448e-05 0.000124801 2.86851e-05 0.00480527 -0.00106141 0.00059201 0.000813984 -0.000116799 0.000103107 7.24538e-05 1.5422e-05 -0.000910942 2.83996e-05 0.000440567 6.02201e-06 5.76581e-05 -8.02603e-07 -0.00106135 2.29965e-06 -3.00796e-06 0.000340609 4.21355e-05 0.000381723 0.000469316 0.00105806 2.28308e-06 1.14018e-06 -2.04405e-07 -1.37246e-06 0.00125922 0.000164316 2.64618e-05 1.45127e-05 -0.00010318 8.43921e-05 7.49862e-05 5.41947e-05 -1.08032e-05 0.000127041 3.69263e-07 0.000144802 0.000138058 0.000647361 3.16937e-05 7.76525e-05 2.48474e-05 1.03542e-05 -0.00131677 0.000442579 0.000635697 0.000762173 -1.63378e-07 1.01783e-05 0.00070372 1.14954e-05 7.35853e-06 -4.91698e-05 0.000865458 -0.000143199 1.55289e-05 -0.00204355 -0.00026684 5.51363e-06 -0.00103548 -0.0010746 4.95473e-05 -6.1094e-08 -5.28688e-05 7.35576e-05 0.000299972 0.00072656 -0.000870408 8.30223e-05 0.000112319 1.62964e-06 -3.54147e-05 -0.00275211 -0.000609979 -5.26692e-06 -0.000935124 8.80352e-07 0.000395189 -0.00184476 2.16566e-05 -1.68538e-05 -4.85594e-08 1.20026e-05 -1.6343e-05 -0.000522513 -0.0001815 -3.70385e-06 2.65579e-06 -0.00139687 -1.24271e-05 6.2981e-05 0.00023128 0.000219378 0.000176761 
-0.0381505 -0.0224246 -5.20984e-05 -0.000280695 -9.19159e-05 -0.00106141 0.227632 0.000210755 -0.0145135 -0.00656809 0.000154415 -8.99397e-05 -0.000182697 0.00551936 -0.0014118 -0.000464703 -0.00194085 0.00069331 1.52688e-05 -0.0223022 -0.00665419 -0.000932265 0.000884967 -0.00035158 0.0120557 0.0246928 -0.010466 -1.65312e-05 -0.000194752 1.15586e-05 -7.68117e-05 -0.00336136 -0.000272596 -0.00176836 -0.00137423 0.000790248 -0.000589437 -0.000594321 -9.15287e-05 0.00105648 -0.023238 1.45014e-05 -0.00111474 -0.000823177 -0.0017793 -0.00132194 -0.00081669 -0.000267946 -0.000487594 0.0219562 -7.79699e-05 -0.0115716 -0.000316949 -1.20642e-05 -0.000513682 -0.0695582 -0.000490958 -0.00150083 0.00105872 0.0335731 -0.0120199 -0.00040035 0.0293336 -0.0235082 -0.000322008 -0.0118423 -0.0380206 -0.00117535 -4.00254e-05 -0.00282783 -0.000117064 -0.000656646 0.0167713 0.0116654 -0.000917609 0.000456972 9.95424e-05 -0.000835991 0.00855283 -0.0287138 0.00025673 -6.60552e-05 -6.72241e-05 -0.0327735 -0.0136357 -1.07034e-07 8.5912e-05 -0.000232283 1.30413e-05 1.00093e-05 0.0598861 -0.0142119 -0.000267514 -5.18873e-05 -0.0207591 -0.000812328 3.61396e-05 -0.00305708 -0.000612155 0.000627779 
-0.0003601 -4.09666e-05 1.79626e-05 3.54783e-05 3.82185e-06 0.00059201 0.000210755 0.0078693 0.000488786 -0.000219642 2.32369e-05 9.57677e-06 3.38961e-06 -0.00152447 5.64985e-05 0.000186245 -4.26108e-05 5.60003e-05 1.10871e-05 -0.00143767 -0.000145342 3.52e-08 0.000686637 0.000295077 8.10838e-05 0.00300012 7.27217e-05 -6.2774e-07 8.12673e-05 7.23736e-07 -3.71076e-06 0.00163493 1.84634e-05 -0.000825969 4.0711e-05 6.89555e-05 0.000254736 -2.27887e-05 1.25941e-05 0.000304895 0.00159011 2.22175e-06 0.000128286 0.000225725 0.00058842 5.23671e-06 0.000111469 5.87788e-06 -1.14498e-05 -0.000755526 0.000534358 0.000138176 0.00055814 -1.6997e-07 3.18152e-05 0.00199373 2.79283e-05 8.81413e-05 6.10237e-05 0.00464495 -0.000323829 1.1873e-05 -0.00235175 -0.000958849 2.11884e-05 -0.00304906 -0.00261793 8.71627e-06 8.31016e-06 0.000250074 1.30957e-05 8.21561e-05 0.000941898 -0.000681054 8.60318e-05 -7.79853e-05 4.49329e-06 0.000185157 -0.00164667 -0.00328206 0.000226901 -0.00109259 -2.68766e-06 -0.00224918 -0.00170761 1.32309e-06 -6.4389e-05 -8.2188e-06 -1.77869e-06 5.4193e-05 -0.000112293 -0.000291783 2.43559e-06 6.89425e-05 -0.00349935 0.000283646 2.05215e-05 -3.76207e-05 0.000237962 8.60892e-05 
0.0183072 0.00486155 3.52126e-05 2.81491e-05 -2.78662e-05 0.000813984 -0.0145135 0.000488786 0.0684985 -0.000937941 0.000798133 -2.71315e-05 -3.8468e-05 -0.0360677 -0.000284261 -8.33876e-05 -0.000819249 0.000141581 -9.67422e-06 0.000399832 -0.00887246 -0.000174574 -0.00160547 9.74121e-05 0.000201058 -0.00524727 0.00535662 3.15977e-05 0.000207432 2.10958e-06 8.07491e-07 -0.000262397 -0.000241927 -0.00643712 -1.19236e-05 -0.00189717 9.52793e-05 0.00014334 9.16293e-05 -0.000103612 -0.00291078 -1.87867e-06 0.000190201 0.000549234 0.00143862 -0.000249762 -0.000103591 0.000261601 1.90857e-06 -0.0151201 0.000235935 0.00613593 9.26511e-05 2.81325e-06 -7.17304e-05 0.00396903 0.000248909 -0.000499792 -0.000463655 -0.00123458 0.00968815 0.000205087 0.00136423 0.0141893 0.000403074 -0.00067595 0.00866185 0.000391405 9.90182e-06 -0.000505038 -3.61666e-05 -0.000416909 -0.00258743 -0.0209899 8.21142e-05 -0.000962302 -2.32922e-05 0.00222423 -0.0114678 0.00745942 0.000682069 -0.00223009 -2.17746e-05 0.00695694 0.0026368 -8.63777e-05 0.00151919 -3.01205e-05 9.61395e-05 -0.000217653 -0.0219202 -0.00296877 1.37989e-05 1.49604e-05 -0.00719491 -0.00170552 0.000136972 0.00137306 0.000623653 -0.000100263 
0.00115194 -9.84836e-05 0.000241402 0.000157612 -5.31037e-06 -0.000116799 -0.00656809 -0.000219642 -0.000937941 0.0326261 0.00449703 3.54149e-05 2.52659e-05 0.00454919 0.00137098 6.82273e-05 -0.000339157 -2.73029e-05 2.18923e-05 -0.00760208 -0.00885658 0.000251654 -0.000480151 -3.24403e-05 -0.000831781 -0.00335242 -4.42136e-05 9.0638e-06 4.14154e-05 8.35956e-06 -1.63926e-05 -0.000541817 0.000726967 -0.0016777 -0.000143835 0.000432564 5.31282e-07 -0.000111111 -1.65248e-06 -3.03002e-05 -0.0014072 4.27558e-06 -0.000154546 0.000180142 -0.000199392 0.000157195 4.89094e-05 0.00010263 -1.3901e-05 -0.000200468 -5.25286e-05 0.00426376 -2.78771e-05 2.90256e-06 -1.14954e-06 -0.00691995 -9.82186e-07 0.000402583 9.5081e-05 -0.00170458 -0.00205784 -2.42651e-05 0.0028776 0.00152945 -3.27709e-05 0.00234963 0.00217124 0.000590972 -1.01567e-05 0.0024121 -1.5233e-05 0.000285284 -0.000552447 -0.00248123 4.28924e-05 0.000444743 6.22414e-05 0.000184596 0.00219554 -0.00279621 -0.000179673 0.000201752 2.74234e-06 -0.00340369 -0.0012586 0.00018281 0.000345927 0.000118142 0.000108708 0.000322115 -0.0109832 -0.000900663 -1.00466e-05 -1.9126e-06 -0.000954567 0.000627599 -1.10259e-05 -0.000227312 -4.21376e-05 0.000131518 
0.00141189 -5.32452e-05 0.000206251 6.39517e-05 2.59376e-05 0.000103107 0.000154415 2.32369e-05 0.000798133 0.00449703 0.0181706 4.72213e-05 -7.64235e-06 0.00188002 0.00112706 2.56223e-05 0.000385799 0.000212594 2.18833e-05 -0.00163053 -0.00434666 4.68215e-05 0.000305936 -1.88854e-05 -0.000397695 -0.00130094 -0.00186708 7.76056e-06 4.89756e-05 1.04848e-05 2.01416e-05 0.000473484 0.000348596 0.000544416 -4.18926e-05 5.40171e-05 5.34442e-05 -1.03043e-05 3.47783e-05 -1.0061e-05 -0.00120292 -1.12474e-07 0.000163835 3.70004e-05 -6.79768e-05 0.000289184 8.34699e-05 7.09465e-05 -2.34018e-06 -0.000290793 -1.13516e-05 0.000841039 -1.78021e-05 4.055e-06 -1.1267e-05 -0.00246295 0.000106541 2.25854e-05 -9.79207e-05 -0.00261769 -0.000446632 -1.26576e-05 0.000261496 6.32285e-05 -2.04144e-05 -0.00179143 0.00105523 0.000321856 3.07993e-05 0.000370047 -6.73139e-06 -4.18939e-05 0.00114684 -0.00334437 0.000260579 0.000609654 3.33308e-05 -5.9187e-05 -0.00132398 -0.00468293 -6.94838e-05 -4.27509e-05 1.11454e-05 -0.00134368 -0.00259258 0.000122942 0.000901474 0.00021539 1.97205e-05 5.35798e-05 -0.00339717 -0.000950349 6.33208e-05 -7.09268e-07 -0.00245554 7.53545e-05 2.10941e-05 0.000667697 -3.34975e-05 5.6999e-05 
-1.48635e-05 3.87467e-05 6.16005e-06 0.000138949 6.71268e-05 7.24538e-05 -8.99397e-05 9.57677e-06 -2.71315e-05 3.54149e-05 4.72213e-05 0.000464961 1.49376e-05 -0.000222818 9.42298e-06 9.88233e-05 4.57172e-05 2.54327e-05 -1.44758e-07 7.22833e-06 -0.000204334 4.74104e-06 7.77377e-06 9.14345e-05 -2.65417e-06 -3.55916e-05 8.40946e-06 3.04954e-06 3.23799e-06 2.79238e-07 1.31287e-06 9.30011e-05 1.53633e-05 -0.000343152 5.89865e-06 7.61024e-05 9.17283e-05 0.000104124 5.22558e-05 3.68437e-07 0.000257344 -2.54401e-08 0.00027651 9.69126e-07 1.15906e-05 9.5058e-06 -4.78085e-07 3.16086e-05 3.2501e-06 -0.000111463 1.10491e-05 5.01948e-05 5.31282e-06 2.53475e-07 -2.0369e-08 -0.000143625 3.60406e-06 4.93661e-06 4.11353e-05 -0.000118062 -1.17061e-05 1.11622e-06 -0.000141881 -3.19711e-05 3.92305e-06 -0.00031195 -0.000204482 -1.61348e-06 1.08752e-06 1.32981e-05 0.000125744 0.000104187 -1.05807e-05 -0.000311002 8.78549e-06 7.68769e-06 1.39357e-06 2.84386e-05 -0.000196945 -0.000158836 2.68349e-06 -0.000199431 -5.95021e-08 -4.02735e-05 -0.000162427 9.75057e-07 3.02362e-06 2.19833e-06 9.44722e-07 8.94127e-06 8.79431e-05 -1.89347e-05 3.24198e-06 2.56453e-05 -0.000131873 0.000264346 0.000112858 6.82166e-05 7.89127e-08 2.29944e-05 
2.7131e-05 -7.69076e-06 1.51124e-05 1.71211e-05 7.76909e-06 1.5422e-05 -0.000182697 3.38961e-06 -3.8468e-05 2.52659e-05 -7.64235e-06 1.49376e-05 0.000683011 -0.000108421 1.14348e-05 2.2329e-05 -6.14814e-07 1.46124e-05 1.42865e-07 0.000125775 -0.000236435 -6.2426e-07 -6.6975e-06 6.22606e-06 -7.43738e-06 0.000101347 -2.80241e-05 -2.3803e-08 2.5062e-05 -3.05059e-08 4.24614e-07 1.56188e-05 1.00509e-05 -0.00016371 6.12132e-05 0.000196835 1.83918e-05 2.33047e-05 9.69039e-06 1.77047e-05 0.000150814 -2.62675e-08 1.12757e-05 6.85866e-06 4.73416e-06 2.79133e-05 -1.0536e-06 2.00681e-05 1.80228e-06 -2.88717e-05 1.89832e-05 -2.61526e-05 2.6675e-07 1.86514e-07 6.2543e-06 3.64281e-05 1.57002e-06 3.85916e-05 2.96116e-05 -2.87371e-05 2.76685e-05 4.0466e-06 -0.000127926 -5.9405e-05 -9.82317e-08 -4.26524e-05 -0.000311732 1.89574e-05 5.75448e-06 4.87194e-05 5.1821e-07 1.09096e-05 -1.13535e-05 -0.000195461 1.78333e-05 7.2141e-06 2.62866e-06 0.000102812 -6.56447e-05 -6.51117e-05 -2.95867e-06 -6.63371e-05 -1.00338e-07 -0.000250611 -6.38149e-05 1.93169e-06 -4.68496e-06 7.01802e-06 2.49195e-07 7.39469e-06 -0.00014375 0.000110917 -3.17156e-07 8.11582e-06 -0.00019427 0.000232635 1.71441e-05 1.44884e-05 7.16913e-06 7.79526e-07 
-0.0339976 -0.00479441 -0.000321993 -0.000266927 -0.000254054 -0.000910942 0.00551936 -0.00152447 -0.0360677 0.00454919 0.00188002 -0.000222818 -0.000108421 0.156837 0.000223915 -0.000635588 -0.00107587 1.2367e-05 -9.01095e-06 -0.0221119 0.00990738 -3.24731e-05 0.00199162 -0.000834262 -0.00221501 -0.00301333 -0.0233416 -5.55963e-05 -0.000669694 -3.11773e-06 -0.000189895 -0.00577376 0.000154642 0.0111901 -0.00297008 0.00103254 -0.000859548 -0.000213013 -0.000297921 -0.000945225 -0.018431 2.57416e-06 -0.00265576 -0.00045649 -0.0011863 0.000450453 -0.000309654 -0.00103643 -0.000429951 0.0332978 -0.000687807 -0.00804432 -0.000508626 -1.94908e-05 -0.000293467 0.00432704 -0.000515804 0.000244372 -0.000404133 -0.00575664 -0.0244003 -0.00089256 0.0150078 -0.0216459 -0.000374773 0.00372032 -0.0059373 -0.00236796 -9.67452e-05 -0.000335543 -0.000146611 -0.001394 0.00391317 0.0158698 -0.00114609 0.00165139 3.3771e-05 -0.00544243 0.0208787 -0.0108767 -0.00113785 0.00453111 -4.39996e-05 -0.0132279 -0.0023745 9.46495e-05 -0.00279599 1.32727e-05 -0.000238788 0.000102116 0.0176409 0.00699595 -0.000214446 -0.000167856 -0.0199094 -0.0155175 -0.000361673 -0.00474923 -0.00100615 -0.000818571 
-0.000976871 -0.000262517 3.05007e-06 6.85614e-05 -2.12947e-06 2.83996e-05 -0.0014118 5.64985e-05 -0.000284261 0.00137098 0.00112706 9.42298e-06 1.14348e-05 0.000223915 0.00697149 4.31952e-05 3.4133e-05 -8.17861e-06 1.91374e-05 0.000143854 -0.00194168 -4.62806e-06 4.29298e-05 -6.72771e-06 6.38488e-05 0.00224691 0.000475078 7.24846e-06 8.94372e-05 8.66442e-06 -2.30644e-06 -0.000105725 0.000292692 0.000319249 -2.06948e-05 0.000335102 -2.69031e-06 -1.88943e-05 -2.81151e-06 0.000232819 -0.000170342 -5.06252e-08 -1.02804e-05 1.20767e-05 1.49276e-05 7.31938e-05 -1.03403e-05 9.30219e-06 2.81409e-06 0.00187362 1.80274e-06 -0.000397108 1.62327e-05 3.39987e-06 -5.11614e-06 -0.00114921 1.21464e-05 9.5187e-05 -1.63824e-05 0.000141793 1.81588e-05 -1.02741e-05 -0.000986396 0.000153875 -5.50629e-06 0.000144532 -0.00230484 0.000137774 2.02043e-05 -8.98948e-06 -3.26927e-06 0.000122844 -0.000114395 -0.000347177 0.00016001 -5.61379e-05 3.26774e-05 1.40172e-05 1.99597e-05 0.00106903 -3.6364e-05 -4.34623e-05 2.29573e-05 -0.0011907 -0.00272356 5.65959e-05 0.000260152 8.47463e-05 1.13299e-05 2.3386e-05 -0.00113538 7.25232e-06 2.98088e-06 -4.52579e-07 -0.00312542 -6.90297e-05 -1.57793e-06 -2.58667e-05 4.47253e-05 0.000110747 
-0.000244639 0.000238956 3.43275e-06 0.000110014 3.35261e-05 0.000440567 -0.000464703 0.000186245 -8.33876e-05 6.82273e-05 2.56223e-05 9.88233e-05 2.2329e-05 -0.000635588 4.31952e-05 0.00306938 0.000142568 2.03884e-05 2.14189e-06 -0.000554288 -0.000219084 3.38641e-05 3.96099e-06 2.27742e-05 7.71064e-05 0.000123355 0.000583996 -4.07538e-07 3.89528e-05 2.18136e-07 -1.38612e-06 0.00031728 5.66863e-05 -0.000225665 -4.0441e-06 -1.4106e-05 2.21571e-05 3.50446e-05 5.37429e-05 3.36921e-05 5.38898e-05 1.13162e-06 0.000130818 4.58418e-05 7.12753e-05 3.66637e-05 3.32551e-05 8.60023e-06 9.09733e-07 -0.000363041 6.0424e-05 0.000318441 0.000268813 -1.60853e-07 -4.50112e-06 0.00024713 4.87415e-05 4.07576e-05 8.18788e-05 -4.29233e-05 -6.42009e-05 1.81923e-05 -0.00122703 -0.000240161 2.10161e-06 -0.000893126 -0.000482928 -7.99416e-06 4.17146e-06 3.93585e-05 6.25301e-05 7.08494e-05 0.000151615 -0.000405555 1.39451e-05 0.000555973 1.31673e-06 -2.59097e-05 -0.000614112 -0.000369278 -1.05103e-05 -0.000289652 2.86117e-07 -2.75212e-05 -0.000496382 3.47595e-06 6.50269e-07 8.87582e-07 1.4658e-05 -1.41412e-05 0.00022109 -0.000109827 -3.615e-06 3.0593e-06 -0.000728284 0.000103462 8.11179e-05 9.61079e-05 1.16201e-05 5.48691e-05 
-0.000444667 0.00141231 2.06902e-05 4.90946e-05 1.04694e-05 6.02201e-06 -0.00194085 -4.26108e-05 -0.000819249 -0.000339157 0.000385799 4.57172e-05 -6.14814e-07 -0.00107587 3.4133e-05 0.000142568 0.0133005 8.59765e-05 7.68225e-06 0.00241502 0.00032063 -2.50934e-05 0.000774782 -1.08665e-05 -6.48436e-05 0.00283862 -0.00129825 -1.09571e-06 -4.93616e-05 -3.68424e-07 -5.86526e-06 7.9771e-06 -4.59704e-05 -0.000258447 0.000209097 0.000596643 4.1403e-05 6.88748e-05 1.08799e-05 9.63177e-05 -0.000327487 6.35156e-06 5.64929e-05 4.00653e-05 -0.000122076 7.71369e-06 -1.38603e-06 1.26539e-05 4.62124e-05 0.00198875 9.63963e-06 0.000732535 2.62714e-06 3.35118e-06 9.73663e-06 0.00188006 4.74791e-05 3.57726e-05 -3.26293e-05 -0.000812345 -0.000112961 5.25746e-05 -0.00146277 -0.00112925 5.37619e-05 -0.000709831 -0.00430059 -3.46071e-05 1.50862e-05 0.000597187 4.08941e-05 4.98178e-05 7.52238e-05 -0.00016211 -1.00477e-05 -0.000221465 1.80503e-06 -9.52731e-05 -0.0019101 -0.00565688 -4.85773e-05 -0.000329254 5.25531e-06 -0.00225951 -0.00100521 -1.00986e-05 -7.46311e-05 8.64057e-06 -6.38647e-06 -2.98264e-06 0.000370615 -0.00079741 -1.22271e-05 1.19405e-06 -0.00236695 0.00104314 6.50243e-05 0.000311521 -2.22815e-05 8.14366e-06 
-6.88611e-05 -7.43085e-05 0.000138141 1.75568e-05 3.52272e-06 5.76581e-05 0.00069331 5.60003e-05 0.000141581 -2.73029e-05 0.000212594 2.54327e-05 1.46124e-05 1.2367e-05 -8.17861e-06 2.03884e-05 8.59765e-05 0.00364257 1.25179e-05 -0.00108123 -0.00108371 1.78127e-06 0.000310023 8.60398e-05 -5.95184e-05 -0.00018616 -0.00037087 2.8383e-06 2.81957e-05 8.14601e-07 6.9972e-06 2.04342e-05 -1.13306e-05 -0.00104823 8.74371e-06 0.000529996 0.000324395 2.05178e-05 -1.47528e-06 0.000176936 0.000487393 4.00061e-07 0.000251213 5.56837e-06 8.50316e-05 9.29685e-05 2.23646e-05 6.70553e-06 -4.14152e-06 -1.22152e-05 3.28129e-05 0.00144138 6.38193e-06 1.86455e-06 3.9638e-05 0.00129703 2.52727e-05 0.000727476 3.74132e-05 0.000708223 -0.000191016 1.46351e-05 -0.000967752 -0.000182609 -6.63651e-07 -0.00084129 -0.000495281 3.2812e-05 4.54523e-05 5.89471e-05 1.18761e-05 -1.23761e-05 0.000199161 -0.00155095 4.57955e-06 0.000298211 1.69491e-05 0.00021643 -0.0004502 -0.00134073 -4.4083e-06 -0.00056637 8.16234e-07 -0.00170371 -0.000152464 -2.73098e-06 5.16293e-05 2.68585e-05 9.42532e-06 3.9273e-05 -0.000581667 -1.50238e-05 -1.91752e-06 4.76781e-05 -0.000384411 0.000338066 1.27888e-05 0.000140931 2.70979e-06 -7.19778e-06 
-3.28059e-05 -1.41623e-05 7.6017e-07 -3.2429e-07 -1.45605e-07 -8.02603e-07 1.52688e-05 1.10871e-05 -9.67422e-06 2.18923e-05 2.18833e-05 -1.44758e-07 1.42865e-07 -9.01095e-06 1.91374e-05 2.14189e-06 7.68225e-06 1.25179e-05 0.000311092 5.95521e-05 -4.09298e-05 -4.07491e-07 7.74534e-06 4.70309e-06 8.75906e-06 9.63455e-05 -2.96943e-05 -1.89688e-08 -1.24999e-06 -1.38894e-08 1.29987e-07 -4.33625e-06 8.46314e-06 -8.2342e-05 -1.4206e-06 6.55841e-05 1.01094e-05 2.8552e-06 1.89923e-06 1.19841e-05 -7.21797e-06 3.7187e-07 5.55284e-06 4.57942e-06 -3.74539e-06 7.58287e-06 -2.10706e-07 1.20369e-06 9.14566e-09 7.25714e-05 2.77525e-06 -1.08926e-05 2.81141e-07 -1.62579e-08 4.73115e-07 -3.24752e-05 -6.21808e-07 9.91912e-06 9.42317e-06 7.54689e-05 -1.16259e-05 -3.61644e-07 -2.88652e-06 -3.40884e-05 -3.60827e-07 -6.96471e-06 -9.07012e-05 1.4827e-06 8.05786e-06 2.92716e-07 -1.78889e-07 -1.39708e-06 -1.06984e-05 -8.87461e-05 7.81246e-07 -3.72159e-06 -6.39219e-08 4.35503e-05 -5.68945e-05 -0.00012867 -1.42461e-06 -5.92492e-06 -1.21568e-07 -0.000133573 -3.44158e-05 -2.81439e-07 3.52659e-06 6.50846e-06 1.32907e-06 3.75136e-06 -1.52998e-05 9.26319e-06 5.6724e-07 1.64848e-06 -6.26139e-05 -2.39455e-06 1.64888e-06 1.32556e-06 -5.20316e-07 9.11143e-07 
-0.00268668 -0.00968543 -6.42834e-05 -0.000283277 4.02092e-05 -0.00106135 -0.0223022 -0.00143767 0.000399832 -0.00760208 -0.00163053 7.22833e-06 0.000125775 -0.0221119 0.000143854 -0.000554288 0.00241502 -0.00108123 5.95521e-05 0.249131 0.00118815 -0.000505513 0.00240293 0.00013485 -0.00550802 0.0230628 -0.0106188 -1.66307e-05 1.90802e-05 5.74506e-06 -2.16648e-05 0.00205626 -0.00116108 -0.0158832 -0.000236866 0.00401213 -0.000265395 4.90936e-05 0.000242976 -0.000389786 0.00804381 1.51541e-05 -0.000458785 -0.000566038 -0.00294244 -0.00110516 -0.000527755 -2.73012e-05 0.000574665 0.0132857 -0.000538605 -0.0121071 -0.00055529 1.20484e-05 5.63542e-05 -0.0453066 0.000191732 0.000877676 -0.000213547 -0.0173864 0.018196 -0.000587045 0.0175501 -0.0174269 2.57299e-05 0.00478543 -0.0198432 -0.000565383 1.66152e-05 -0.00429541 -0.0001399 0.000315758 -0.00936498 -0.00465348 -9.31827e-05 -0.00547138 -0.000102462 0.000918844 -0.00431773 -0.0360346 -0.00142684 -0.00053695 -2.90021e-05 -0.00131418 -0.00229947 0.000422485 -0.00362456 0.000201453 -8.1729e-05 -0.000167782 -0.0259268 -0.00089389 -0.000390405 -3.82371e-05 -0.0302955 0.00605745 0.00016474 9.28241e-05 -0.000276546 -0.000260038 
-0.00670334 -0.00497212 -0.000583399 -0.000547576 -0.000189326 2.29965e-06 -0.00665419 -0.000145342 -0.00887246 -0.00885658 -0.00434666 -0.000204334 -0.000236435 0.00990738 -0.00194168 -0.000219084 0.00032063 -0.00108371 -4.09298e-05 0.00118815 0.0707318 -0.000388418 0.00035767 -0.000348165 0.000607105 0.00702318 -0.0011905 -5.04386e-05 -0.00051402 -1.52367e-05 -5.08634e-05 -0.00092824 -0.00103699 0.0087395 -0.000439063 -0.00904734 -0.000539412 -0.00044323 -0.000135436 -0.00100649 -0.00665774 -1.7222e-05 -0.00108134 -0.000547198 0.000332665 -0.000976373 0.000165858 -0.000798763 -0.000174328 0.0130768 -0.000157903 -0.0109327 2.27052e-06 -4.60923e-06 -0.00047049 -0.00451568 -2.60241e-05 -0.00121319 0.000602021 -0.00800455 -0.000267095 -0.000259422 -0.0056853 -0.00228595 -0.000217755 -0.00214615 4.7274e-05 -0.00092307 -2.52453e-05 -0.00197163 -7.98554e-05 -0.00066525 -0.00186669 0.0175653 -0.000878474 -0.00297229 -6.99256e-05 -0.00332188 -0.00249861 -0.0126219 1.85863e-06 0.00075617 -3.49983e-05 0.00844351 0.000139141 -8.83297e-05 -0.00123038 -0.00041978 -0.00046892 -0.000518314 0.0178251 -0.00683097 -0.000122376 -0.00018956 0.00393866 -0.0135107 -0.000146651 -0.00174729 -0.000220213 -0.000180381 
0.000584808 -0.00020272 1.13779e-05 2.46034e-05 5.20554e-06 -3.00796e-06 -0.000932265 3.52e-08 -0.000174574 0.000251654 4.68215e-05 4.74104e-06 -6.2426e-07 -3.24731e-05 -4.62806e-06 3.38641e-05 -2.50934e-05 1.78127e-06 -4.07491e-07 -0.000505513 -0.000388418 0.00485619 -6.64651e-05 9.90145e-06 -6.05767e-05 -0.000380732 -0.000300734 1.65405e-06 -1.28642e-06 -2.17811e-07 -6.22676e-07 7.26554e-05 1.20967e-05 -0.000732847 -1.4022e-05 -2.69203e-05 2.26612e-05 -2.03505e-05 1.08385e-06 -1.87348e-05 0.000522302 3.10896e-07 -8.89753e-06 3.57588e-07 4.99494e-05 5.35194e-05 -6.31838e-06 -4.3845e-06 1.14677e-05 -0.000979184 -7.10379e-06 0.000101102 5.27953e-06 1.56158e-07 -5.9827e-06 -0.000405442 2.20298e-05 4.96378e-05 -1.00557e-05 -0.000426637 -0.00016009 -4.68234e-06 -0.000214821 -0.000144668 -5.3882e-06 -0.000446618 0.000359454 2.97035e-05 -2.1791e-07 3.95425e-05 -1.17196e-06 1.14069e-05 -7.95817e-05 -4.37897e-05 -1.82471e-05 0.000148332 -1.39938e-06 -3.41457e-05 -0.000223395 -0.000171192 -1.0758e-06 -2.12849e-05 1.27138e-06 0.000259973 5.94241e-05 -4.14326e-06 6.1811e-05 -3.1002e-06 6.02261e-06 -1.14986e-05 -0.000993786 0.000260006 5.31355e-06 7.43603e-07 -0.000175078 0.000359315 2.05802e-06 0.000155232 -8.39989e-06 -1.83785e-06 
0.00279065 -0.000307473 0.000175785 -2.38936e-05 -7.6686e-06 0.000340609 0.000884967 0.000686637 -0.00160547 -0.000480151 0.000305936 7.77377e-06 -6.6975e-06 0.00199162 4.29298e-05 3.96099e-06 0.000774782 0.000310023 7.74534e-06 0.00240293 0.00035767 -6.64651e-05 0.0270381 -2.88104e-05 0.00120314 0.00824988 -0.00270013 -5.36884e-07 0.000173704 6.01423e-06 3.75474e-05 0.000379977 0.000161299 0.0003818 4.08601e-05 -0.000315163 7.58736e-06 -4.37791e-05 -1.28794e-05 0.000617204 -0.000804303 2.04568e-06 8.95667e-05 -1.02432e-05 1.8678e-05 -2.01253e-05 0.000153346 -4.06377e-05 -2.97281e-05 -0.000792457 0.00040263 -0.000182344 0.000396106 6.80332e-07 -1.20301e-05 0.0049292 0.000390878 0.000310051 0.000655617 -0.00174459 -1.86641e-05 1.40437e-05 -0.00139138 -0.00363162 5.55793e-05 -0.00574238 -0.00999866 -0.00013705 3.96188e-05 -0.000240033 8.57901e-06 0.000436732 0.00107973 -0.00342897 0.00022006 -0.000155971 1.97262e-05 0.000288053 -0.00643986 -0.0101931 1.72787e-06 -0.00165353 1.35464e-05 -0.00869884 -0.00104094 0.000146008 -3.28193e-05 -1.07471e-05 -1.16592e-05 0.000223234 0.00416008 -0.0014871 -1.89211e-05 -2.4682e-06 0.00136475 -0.00115642 5.56046e-05 -0.000206915 6.07934e-05 1.57615e-05 
3.33805e-05 -8.47768e-05 3.5589e-05 8.59225e-05 5.58198e-05 4.21355e-05 -0.00035158 0.000295077 9.74121e-05 -3.24403e-05 -1.88854e-05 9.14345e-05 6.22606e-06 -0.000834262 -6.72771e-06 2.27742e-05 -1.08665e-05 8.60398e-05 4.70309e-06 0.00013485 -0.000348165 9.90145e-06 -2.88104e-05 0.00130946 -1.17722e-05 0.000174821 2.70246e-05 3.01533e-06 -3.24042e-06 8.41478e-07 -8.63905e-07 0.000572796 1.193e-05 -0.000958398 4.06588e-05 0.000339231 0.000349334 0.000122234 5.3262e-05 -1.17908e-06 0.0010862 -4.94846e-08 0.000289419 3.93769e-05 7.86669e-06 4.82151e-05 3.79849e-06 8.96764e-05 -4.00644e-07 -0.000350425 3.95906e-05 1.08471e-06 5.48835e-06 3.35372e-06 1.68118e-05 -0.000321919 -1.48499e-06 4.45407e-05 -1.66066e-05 0.000231913 9.1047e-05 5.27961e-06 -0.000337262 -0.000185275 -3.04269e-08 -0.000926373 -0.000755997 -4.98516e-06 1.919e-05 2.38014e-05 8.38129e-05 0.000264735 -5.22053e-05 -0.000428343 9.56691e-05 -2.38421e-06 -2.78818e-07 0.000218255 -0.000260103 -0.000620306 2.55835e-05 -0.000622023 3.43337e-07 -2.73999e-05 -0.000303625 -1.4626e-06 -1.18883e-05 1.85828e-05 1.70326e-07 5.28131e-05 0.000289178 -5.85532e-05 1.80992e-06 7.41893e-05 -0.000468759 0.00105725 3.41705e-05 0.000100838 3.23491e-05 4.7828e-05 
-0.00368785 -0.00153795 2.98254e-05 -1.22967e-05 -5.52127e-06 0.000381723 0.0120557 8.10838e-05 0.000201058 -0.000831781 -0.000397695 -2.65417e-06 -7.43738e-06 -0.00221501 6.38488e-05 7.71064e-05 -6.48436e-05 -5.95184e-05 8.75906e-06 -0.00550802 0.000607105 -6.05767e-05 0.00120314 -1.17722e-05 0.0279061 0.0143789 0.000453163 -1.6031e-06 0.000144006 7.72873e-06 9.92551e-06 0.000559675 0.00141306 0.000754354 -0.000117962 0.000652478 -2.63251e-05 -0.000108826 -1.72811e-05 0.000690677 -0.00240998 5.37315e-06 -8.35457e-05 -1.05801e-05 0.00052861 -0.000141832 9.8653e-05 -2.21672e-05 -4.77637e-05 0.00244245 0.000306658 -0.00100617 0.000152479 5.44914e-08 -5.2294e-05 -0.00424557 -5.25806e-05 -0.000140266 0.00106568 0.014357 -0.00173019 5.50519e-05 0.000446215 -0.00292166 -1.4154e-05 -0.00876418 -0.0132697 -0.000155963 -7.35695e-06 -4.41016e-05 -1.23498e-05 0.000119176 0.00735199 0.00115154 -4.21942e-05 0.000726009 1.07392e-05 0.000147665 -0.000762265 -0.0109208 4.10662e-05 -0.000740042 -5.50192e-06 -0.0123649 -0.00569021 2.51424e-05 -0.00016085 -3.89466e-05 -8.32923e-06 -1.8385e-06 0.000792286 -0.000872597 -3.07782e-05 -3.75287e-06 -0.0112315 -1.17759e-05 4.68538e-06 -0.000274849 0.000151298 0.00130923 
-0.0237239 -0.0100857 7.73074e-05 -7.5542e-05 -7.14845e-05 0.000469316 0.0246928 0.00300012 -0.00524727 -0.00335242 -0.00130094 -3.55916e-05 0.000101347 -0.00301333 0.00224691 0.000123355 0.00283862 -0.00018616 9.63455e-05 0.0230628 0.00702318 -0.000380732 0.00824988 0.000174821 0.0143789 0.160887 -0.00810658 -1.51917e-05 0.000694564 2.47739e-05 -4.68959e-05 0.00295423 0.000950603 -0.00130324 -0.000514269 0.00245704 -8.68944e-05 -0.000732587 -8.86113e-05 0.00287424 -0.00244093 9.78118e-06 -0.000124114 -9.85201e-05 -0.000997614 -0.000254892 -0.00042635 -0.000298062 2.12686e-05 0.0293956 0.000313736 -0.00904877 0.000465613 1.00848e-05 -0.000372431 -0.00502163 -0.000221348 0.00134517 0.00542981 0.0531933 -0.00429212 0.000169961 -0.00173178 -0.0215782 -9.66263e-05 -0.0115798 -0.0784166 -0.00131989 2.31424e-06 -0.00241704 -0.00010099 0.000503524 0.00523479 0.00335392 0.000117783 -0.00202584 7.5373e-06 0.000599567 -0.0209525 -0.040972 0.000258528 -0.00102628 7.99122e-05 -0.0455393 -0.0109819 0.000334096 -0.00171382 -0.000184289 -7.25545e-05 -9.49762e-05 0.00689036 -0.00077321 -0.00023545 -2.79334e-05 -0.0382884 -0.0041454 0.000131314 -0.000217827 2.64818e-05 0.00118417 
-0.00945605 -0.00229898 -9.40862e-05 0.000171362 0.000138888 0.00105806 -0.010466 7.27217e-05 0.00535662 -4.42136e-05 -0.00186708 8.40946e-06 -2.80241e-05 -0.0233416 0.000475078 0.000583996 -0.00129825 -0.00037087 -2.96943e-05 -0.0106188 -0.0011905 -0.000300734 -0.00270013 2.70246e-05 0.000453163 -0.00810658 0.104258 -4.39647e-07 -0.000196721 -3.57735e-06 -1.67945e-05 0.0016122 -0.000189121 0.00240744 0.000487957 -0.00238399 -4.81965e-05 0.000112608 5.47072e-05 -0.000349246 -2.80711e-05 -4.58852e-06 0.000976267 0.00038575 0.00344063 -0.000390116 7.07161e-05 0.000148585 -0.000150376 -0.0263668 0.000873875 -0.00358993 0.000388642 -4.3283e-07 -6.97101e-05 -0.00816458 -5.98461e-05 -0.000577696 -0.000200699 -0.0096866 -0.00466356 -0.000118942 -0.0126888 0.00466606 0.000110302 -0.000311327 0.00811089 0.00209636 -1.39405e-05 -0.00159072 5.55747e-05 0.000367456 -0.00235748 -0.00299483 0.000358043 -0.00134966 -3.12994e-06 -0.00107391 -0.00614397 0.0375733 0.000333828 -0.0016144 -7.23474e-06 0.00899299 -0.00782093 -9.84673e-05 0.000928719 -9.79888e-05 0.000101447 -0.000543376 -0.0229344 -0.00313804 0.000174559 3.26816e-05 0.00441978 8.76881e-05 3.49438e-05 0.000772729 0.000931291 0.000543138 
4.31508e-05 4.46711e-06 1.42022e-07 5.90651e-06 -6.19344e-08 2.28308e-06 -1.65312e-05 -6.2774e-07 3.15977e-05 9.0638e-06 7.76056e-06 3.04954e-06 -2.3803e-08 -5.55963e-05 7.24846e-06 -4.07538e-07 -1.09571e-06 2.8383e-06 -1.89688e-08 -1.66307e-05 -5.04386e-05 1.65405e-06 -5.36884e-07 3.01533e-06 -1.6031e-06 -1.51917e-05 -4.39647e-07 0.000132349 -2.89816e-07 7.38536e-07 5.65993e-07 2.01496e-06 4.23492e-06 -3.99363e-05 1.10685e-06 5.05989e-06 1.2071e-05 9.92848e-06 2.60846e-06 -1.50439e-07 1.76441e-05 -7.23899e-09 1.50963e-05 8.97813e-07 -1.27539e-06 1.12541e-06 4.84017e-07 1.86858e-06 3.15342e-07 -2.44018e-05 3.04678e-06 5.79589e-06 -8.2891e-08 -6.91542e-09 1.28418e-06 -1.79035e-05 -2.50062e-07 2.53247e-06 -8.47291e-07 -1.75332e-05 1.10431e-05 -1.1336e-07 -1.87143e-05 5.46508e-05 -2.62183e-07 -1.59147e-05 5.32252e-06 1.02734e-06 5.61762e-07 1.26036e-05 3.69057e-06 6.39522e-06 -3.837e-06 -6.94046e-05 5.02397e-06 -2.12922e-06 -4.60945e-08 9.30331e-06 -1.16462e-05 -2.79086e-05 1.02223e-06 -1.31078e-05 2.14829e-06 -4.23377e-06 -4.93172e-06 7.93807e-07 5.76012e-06 3.57649e-06 8.41724e-07 3.51225e-07 -4.52962e-05 -8.73491e-06 1.9937e-06 1.36863e-06 -8.04869e-06 1.63685e-05 9.72622e-07 5.98829e-06 1.39711e-07 2.32408e-06 
0.0011188 -5.05418e-05 9.52168e-06 3.0593e-06 -6.63481e-07 1.14018e-06 -0.000194752 8.12673e-05 0.000207432 4.14154e-05 4.89756e-05 3.23799e-06 2.5062e-05 -0.000669694 8.94372e-05 3.89528e-05 -4.93616e-05 2.81957e-05 -1.24999e-06 1.90802e-05 -0.00051402 -1.28642e-06 0.000173704 -3.24042e-06 0.000144006 0.000694564 -0.000196721 -2.89816e-07 0.00460243 1.82513e-07 -1.96116e-06 -3.63809e-05 0.00010442 -0.000306411 3.39364e-05 0.000153169 -1.47481e-06 1.71797e-06 3.47069e-06 0.000332029 -0.000224809 -1.75093e-07 -3.10294e-06 1.13213e-05 -1.90162e-05 -1.40363e-05 -2.22228e-08 -5.60469e-06 -1.4459e-06 -0.000664496 8.93148e-06 1.26539e-05 1.94113e-05 4.02876e-07 2.27587e-06 -0.000700301 2.32227e-05 3.26771e-06 0.000248162 -0.000540019 0.000562565 8.27742e-07 3.96392e-05 0.000102068 -2.59187e-06 -6.06842e-05 -0.000760081 1.00269e-05 6.64355e-06 0.000348836 -2.32469e-06 0.000122637 -7.11192e-05 -0.000776415 2.24509e-05 -2.34164e-05 4.98983e-06 0.000152852 -0.000721142 -0.00116268 -6.49197e-06 -0.000162107 1.41381e-05 -0.00110868 -0.000350082 1.01988e-05 -2.71667e-05 -9.76568e-07 3.7888e-06 7.2175e-05 -0.000649433 1.59378e-05 4.3476e-06 1.65987e-06 0.000171175 6.90972e-05 4.80053e-05 -1.21372e-06 6.42253e-06 8.35137e-06 
-2.94986e-06 -2.65785e-06 3.06857e-06 -4.65124e-08 -2.08839e-08 -2.04405e-07 1.15586e-05 7.23736e-07 2.10958e-06 8.35956e-06 1.04848e-05 2.79238e-07 -3.05059e-08 -3.11773e-06 8.66442e-06 2.18136e-07 -3.68424e-07 8.14601e-07 -1.38894e-08 5.74506e-06 -1.52367e-05 -2.17811e-07 6.01423e-06 8.41478e-07 7.72873e-06 2.47739e-05 -3.57735e-06 7.38536e-07 1.82513e-07 4.46313e-05 -3.39466e-08 1.78894e-06 7.87961e-06 -5.04507e-06 -2.03755e-07 4.23046e-06 3.04186e-07 -8.18608e-08 3.94194e-08 1.99515e-06 -1.1308e-06 -2.44095e-09 -9.65855e-08 8.01207e-07 8.72278e-07 3.35367e-06 -1.29028e-07 1.99225e-06 -8.47453e-08 1.24592e-06 9.96139e-07 1.29613e-07 1.82775e-07 -2.33184e-09 -9.15068e-08 -8.61041e-06 5.04441e-07 5.79171e-06 3.61031e-06 6.57559e-06 3.06917e-07 -8.69304e-08 -6.85284e-06 -5.24072e-06 1.11593e-07 -1.23178e-05 -3.01249e-05 1.19957e-07 -2.0387e-08 1.47645e-06 2.98978e-08 3.52463e-06 5.396e-06 -1.89446e-05 4.50913e-06 -1.88105e-07 9.55683e-08 2.88228e-06 -3.84599e-06 -1.01912e-05 -2.47403e-07 -9.00498e-06 1.71453e-07 -2.44408e-05 -2.20923e-05 4.78535e-07 1.92386e-07 4.09143e-06 4.02443e-07 9.9209e-07 2.6351e-06 -1.49833e-06 -6.20701e-08 1.44979e-07 -2.35278e-05 2.447e-06 1.33857e-06 -1.98244e-07 3.79434e-08 2.22479e-06 
0.00021752 1.22683e-05 6.17681e-07 1.96302e-07 -3.13588e-10 -1.37246e-06 -7.68117e-05 -3.71076e-06 8.07491e-07 -1.63926e-05 2.01416e-05 1.31287e-06 4.24614e-07 -0.000189895 -2.30644e-06 -1.38612e-06 -5.86526e-06 6.9972e-06 1.29987e-07 -2.16648e-05 -5.08634e-05 -6.22676e-07 3.75474e-05 -8.63905e-07 9.92551e-06 -4.68959e-05 -1.67945e-05 5.65993e-07 -1.96116e-06 -3.39466e-08 0.000759988 -7.05369e-06 -1.10547e-07 -8.20807e-05 -5.1649e-07 -1.62476e-05 4.28997e-06 -2.95587e-06 8.03525e-06 4.663e-06 -1.01524e-05 -4.15945e-08 1.36483e-05 4.47628e-07 2.81288e-05 1.04576e-05 3.09022e-06 1.70315e-05 8.57813e-06 -0.000203127 9.42181e-07 4.39019e-05 1.15792e-07 2.1582e-07 -8.25972e-07 -0.000114571 1.99605e-05 2.31068e-06 3.70522e-06 -0.000179071 8.46556e-05 -4.36877e-07 -2.73889e-07 0.000346651 2.49076e-07 -0.000120012 5.26528e-05 1.78142e-05 3.54149e-06 -7.07972e-06 7.73895e-07 -6.93326e-07 -1.6543e-05 -0.000271353 -1.8723e-07 -1.27231e-06 2.46256e-07 1.46383e-05 -6.08953e-05 -3.28221e-05 4.26151e-06 -2.58226e-05 -8.2307e-09 -1.31655e-06 -4.0907e-07 -4.34673e-07 -1.6819e-06 9.0726e-07 5.95842e-07 5.71136e-06 -0.00017926 6.07834e-05 -4.57695e-07 -9.13401e-08 -7.14675e-05 -2.64671e-05 3.13194e-06 4.07551e-05 -6.8148e-07 -1.47359e-06 
-0.00324315 -0.00163813 0.000266629 0.000134948 0.000266169 0.00125922 -0.00336136 0.00163493 -0.000262397 -0.000541817 0.000473484 9.30011e-05 1.56188e-05 -0.00577376 -0.000105725 0.00031728 7.9771e-06 2.04342e-05 -4.33625e-06 0.00205626 -0.00092824 7.26554e-05 0.000379977 0.000572796 0.000559675 0.00295423 0.0016122 2.01496e-06 -3.63809e-05 1.78894e-06 -7.05369e-06 0.0235632 0.000661096 -0.000368209 0.000211826 0.000630993 0.000579599 0.000201849 9.54374e-05 -9.53426e-06 0.00826156 -1.19831e-06 0.000383827 0.000574977 0.00184761 5.86607e-05 0.000206386 0.000314764 -2.83575e-05 -0.00601148 0.000816579 0.000260325 0.000804137 1.21163e-05 -2.3171e-05 0.00415585 -3.41899e-06 0.000152765 -0.000265273 0.00281158 2.79473e-05 1.71159e-05 -0.00970347 -0.00330193 6.61724e-06 -0.0139551 -0.00468161 -9.55664e-05 -2.30696e-06 -0.000163619 0.000142686 0.00256975 0.00290034 0.000492464 0.00152121 0.000541223 1.73915e-05 0.000212411 -0.00244239 -0.0070379 0.000155446 -0.00303932 3.36894e-05 0.0010059 -0.00697163 3.16328e-05 -0.000226348 5.86303e-05 -5.94466e-06 -3.03769e-05 0.00636671 -0.00047989 2.58429e-05 0.000127567 -0.0062909 0.00464195 3.73241e-05 -4.099e-05 0.000701195 0.000140858 
