0.0618829 0.00441166 0.000586842 0.000342339 -0.00426545 -0.000313021 -0.00261593 -0.00687543 -0.00241651 -0.013543 0.00151125 0.00113368 -0.00039055 -0.00335853 -0.000155143 9.9298e-05 0.00219871 -0.000169224 -2.06873e-05 -0.000549287 -0.00433216 -0.000969101 -0.000181984 0.0013417 -0.000510508 0.0106932 -0.00582827 -0.00863983 -0.00131231 -0.000943518 -0.00351728 0.00014143 0.00252457 -0.00951699 -0.00060406 0.00670077 0.00555911 -0.000338643 0.000145573 -0.00451263 8.16132e-05 -4.03947e-05 -0.00736762 0.009179 0.00413029 -0.00734298 0.00734593 0.00990929 -0.000309844 -0.000401968 0.0117617 -0.00350597 0.00413174 -0.0112336 -0.00247383 0.00036465 0.00114868 -2.88235e-05 0.0101981 0.00198676 -2.26854e-05 -6.5665e-05 0.00419508 0.000766071 -0.003032 0.00627816 -0.00231927 0.00189117 -7.39272e-05 -0.000277017 -0.0153865 -0.00259721 0.000728917 0.00490803 -0.00899984 -0.00334665 -0.00041192 0.000722543 -0.00365983 0.000795316 0.00169917 -0.00588541 -0.00377789 -2.96121e-05 -0.0161428 0.00433738 -0.000553507 -0.00458143 2.16531e-05 -0.00461665 -0.000298051 0.00159594 -0.000868306 -0.00273085 0.00059772 -0.000116506 3.61929e-05 -0.00013834 0.000476428 -4.36298e-05 
0.00441166 0.229864 0.000667614 0.000608186 -0.0240258 5.83553e-05 -0.0142606 0.0573287 0.0557722 -0.088186 0.00329487 5.54259e-05 -0.00528627 -0.0248008 0.00504861 0.00621688 0.00801426 0.0005694 -0.00063775 -0.00430468 0.0485387 -0.00782739 0.000996074 0.0768344 -0.00704006 -0.0749972 0.0754851 -0.0468446 -0.00972283 -0.000421726 -0.0367292 0.00025715 0.027961 0.0372985 -0.00416569 0.0434124 0.00412176 0.000719277 -0.000292419 -0.0408641 -0.00909618 0.00132298 -0.0166825 0.0290575 0.0213034 -0.079618 -0.0153366 0.00145844 -0.00126862 0.00495994 0.052426 0.016754 -0.033106 -0.0579868 -0.00890928 -0.00506043 0.00940811 -7.99555e-05 0.0849284 -0.0197269 0.000344101 -0.000357959 0.00158023 -0.000230009 0.0264825 -0.0795521 -0.012213 0.0189611 -0.00633293 0.00300438 -0.0656738 -0.0350165 0.00992471 -0.0634164 -0.0165946 -0.000767767 -0.00322209 0.00868058 -0.0503784 -0.0890825 -0.0177262 -0.0142766 0.0864863 -0.000562013 0.0330952 -0.0102263 -0.00541052 -0.0134709 0.000555635 -0.00500454 0.0110965 -0.00524676 -0.00224435 -0.0239353 -0.00333713 0.00210036 0.00558885 0.00552872 0.0352659 0.00370834 
0.000586842 0.000667614 0.00687211 8.17968e-05 -0.000512131 5.00563e-05 0.00157848 0.000965812 0.000581486 -0.00212486 7.41496e-05 -1.38787e-05 0.000972801 -0.0014925 -2.00492e-05 0.000296361 6.8696e-05 8.70919e-06 2.60883e-05 0.000555266 0.000672059 0.000417542 0.000209579 0.00349221 -0.000483588 -0.00140043 0.00380969 0.000678071 0.000255617 -3.82984e-05 -0.00244883 -4.64011e-06 -0.000190216 0.00181262 -0.000112467 -7.70401e-05 -0.000105022 0.000143582 5.2694e-05 -0.00165456 0.00078913 2.6523e-05 -0.000322036 0.001505 0.00213394 -0.00175635 -0.000726706 0.000902645 4.81737e-05 0.000631009 0.000203981 0.000221303 -0.000839639 -0.000734366 -0.000617167 2.42277e-05 -0.000151455 2.60689e-06 0.00103142 -0.000675754 1.11587e-06 2.10695e-05 -0.00187286 0.000284674 -0.00010885 -0.00142732 0.00116291 -0.000601919 -0.000118688 1.13324e-05 -0.00279162 -0.00155408 5.54517e-05 -0.00219965 -0.000490252 -0.000428959 -5.99965e-05 -0.0034116 0.00164202 -0.00232704 -0.000901776 0.000158516 -0.000229833 -8.89963e-06 -0.00219593 -0.000168378 7.22325e-05 -0.000645357 1.74644e-05 -8.83134e-06 0.000402222 -9.98699e-05 0.000169111 0.000827829 1.5617e-05 0.000113843 0.000310975 0.000147279 -0.000118941 0.000409077 
0.000342339 0.000608186 8.17968e-05 0.00175716 0.000262949 3.34801e-05 0.000209454 8.23912e-05 -9.24102e-05 -0.000131069 1.40197e-05 3.09511e-05 3.17597e-05 -0.000566365 0.000100348 0.000120141 2.03648e-05 1.9409e-05 3.72199e-05 0.000174335 -0.000447559 -1.70476e-05 7.62908e-06 -1.62339e-05 -0.000134355 -0.000229353 -8.74627e-05 -0.000355377 0.000145607 -1.5422e-05 -0.000498365 7.2099e-07 0.000214609 0.000251009 4.60871e-05 0.000632201 3.51928e-05 9.3065e-06 2.60499e-05 -0.000376039 6.03087e-05 1.83293e-05 0.000321842 0.000735186 -0.000274481 -0.000780182 0.000290908 -0.000364768 4.19891e-05 -1.86196e-05 -4.80807e-05 -7.35898e-05 0.000156027 -0.000342808 -0.000172316 8.10838e-05 1.19217e-05 5.24839e-06 0.000458615 -0.000182038 7.18492e-06 -5.6778e-07 -0.000516379 0.00013626 0.000249693 -0.000131632 -4.68504e-05 -0.000878787 -3.39142e-05 2.19596e-05 -0.000234398 -0.000329291 2.70617e-05 -0.000800623 0.000162782 -3.32125e-05 -1.41151e-05 -0.000359752 0.000270836 -0.000759208 -0.000172502 -9.77733e-05 -0.000146492 -2.67147e-06 -0.00054187 0.000103753 -1.69319e-05 0.000383038 6.51264e-05 0.000452261 4.51727e-05 5.39788e-05 3.72834e-05 7.458e-05 3.72266e-05 8.78505e-05 4.76193e-05 6.49848e-05 0.0002579 0.000278186 
-0.00426545 -0.0240258 -0.000512131 0.000262949 0.177815 0.000292944 0.026064 -0.0143397 -0.0220477 0.0510855 -0.00173466 -0.00016661 0.00812153 0.0253753 -0.000525415 -0.000434758 -0.0018863 0.000326082 0.00725935 0.00383954 -0.0399381 -0.00494404 -0.000518022 -0.0307834 0.00629583 0.00053869 -0.0159612 0.00419542 0.0191578 -0.00158509 0.026463 -0.000430356 -0.00846732 0.0151308 0.00288426 -0.0178964 -0.00634255 -0.00128006 -0.000585 0.0136148 -0.00526756 -0.000578742 0.0288686 -0.00896675 -0.0600665 -0.0149654 -0.0240108 -0.0291933 -0.000877207 -0.00263232 -0.0327365 -0.0122849 -0.0126376 0.0102061 0.0300852 0.0026125 -0.00692466 -0.000100779 -0.00688861 -0.00550484 -0.00023677 0.000439329 -0.00246246 -0.000380095 -0.00252923 0.01592 1.82811e-07 -0.0489471 -0.002492 -0.0019595 0.0193366 -0.0295913 -0.0036567 -0.0124489 0.0302887 -0.016894 -0.00188538 0.0133224 0.0361212 0.020572 -0.0279519 0.0109223 -0.0331647 0.000290739 -0.0221639 -0.00934556 -0.00291302 0.00671898 -4.17193e-05 0.024447 -0.00521669 0.002561 -0.000506775 0.0220995 0.00184239 -0.000970964 -0.0022704 -0.00195022 -0.0140851 0.000993138 
-0.000313021 5.83553e-05 5.00563e-05 3.34801e-05 0.000292944 0.0071304 0.000825258 0.00165972 0.000151625 -1.51694e-05 2.35223e-05 7.67025e-06 0.000191612 -0.00260041 -0.000163462 0.000316197 -9.48438e-06 8.28476e-06 -8.53087e-05 0.000101384 -0.000723509 -1.15923e-05 6.27742e-05 -0.000481255 -0.000437756 -0.00146164 0.000516531 0.000852235 -0.000245421 -8.72668e-05 -0.00218165 2.24402e-06 -0.000517779 0.00201842 -9.59701e-05 0.000723061 -8.23357e-08 -5.08799e-05 -1.12963e-05 -0.00170988 -8.49703e-05 0.000156401 0.00224689 0.00044039 -1.67013e-05 0.000130377 -0.000254142 -0.000140003 1.35509e-05 -5.37588e-05 -0.000536058 0.000693523 0.00046804 0.000525691 -0.000658517 0.0021285 -0.000171844 3.12624e-06 1.14988e-05 -0.000374151 1.72809e-05 1.90915e-05 -0.00150955 0.000248393 -0.000312681 0.000871728 3.29231e-05 -0.00341874 -4.34624e-05 0.000263797 -0.00124803 -0.00140906 0.000134502 -0.000806745 -0.00032922 0.000148793 5.63955e-05 -0.00264907 0.00199592 -0.00316531 -0.000402116 -0.000372249 0.000996238 -1.97495e-06 -0.00285338 0.00114315 -6.73028e-05 -2.38879e-05 1.49802e-05 0.000492922 0.000112088 0.000381676 -5.92834e-05 0.000768345 0.000958438 0.00016894 0.0005082 0.00010045 0.000602306 0.000284748 
-0.00261593 -0.0142606 0.00157848 0.000209454 0.026064 0.000825258 0.060405 0.00164782 -0.00507829 0.00845367 -0.000380215 -0.000148353 0.0219721 -0.0192276 0.000639855 -0.00072451 -0.000871051 -2.85218e-05 0.00754762 0.00741851 -0.00808517 1.78575e-05 -0.000189729 -0.00238528 -0.00554561 -0.0115496 0.00836118 0.0192195 0.00781527 -0.00113878 -0.0167158 -0.000113283 -0.00400825 0.0325929 0.00204432 -0.00466074 -0.00247695 -0.000455833 -0.000199583 -0.0156136 -0.00147802 -0.000317734 0.0371551 0.000296771 -0.0113363 -0.0140027 -0.00475818 -0.00425858 -0.000213065 -0.000464728 -0.0167245 -0.000851971 -0.00153881 0.0215732 -0.00686547 0.00160852 -0.0022325 -2.74449e-05 -0.0130723 -0.00608738 -0.00011224 0.00105021 -0.0186085 -0.000796635 -0.00220233 0.00772782 -0.00198785 -0.0336732 -0.00101308 -0.000796198 0.00936738 -0.0138368 -0.00146001 -0.0171378 0.0101761 0.00174077 -0.000460902 -0.0301203 0.0414569 -0.0247801 -0.00668874 0.0162369 -0.0076157 -4.94048e-05 -0.0286577 -0.0024997 -0.00013532 -0.00114334 1.2937e-05 0.0206748 -0.00121975 -0.00116425 0.00206218 0.024965 1.32946e-05 -0.000295674 -0.000655667 -0.00075623 -0.00387627 -0.000483693 
-0.00687543 0.0573287 0.000965812 8.23912e-05 -0.0143397 0.00165972 0.00164782 0.108943 0.0388594 -0.0204481 0.000920264 -0.000102143 0.0152415 -0.0259734 0.00389271 0.000559341 0.00290161 0.00040782 -0.000695316 0.00419671 0.0289452 -0.00349633 0.00127115 0.0286154 -0.00860255 -0.0364469 0.0424757 0.0190182 0.000175402 -0.00178373 -0.0375579 -1.50058e-05 -0.00644191 0.0523519 -0.000663159 0.0220516 0.00239213 0.000302721 -8.44684e-05 -0.0309632 -0.00130958 1.81645e-05 0.0129335 0.0032842 -0.0103937 -0.0504854 -0.00835111 -0.00902146 -0.000429836 0.00318039 -0.00775584 0.02345 -0.0150116 -0.0194342 -0.0120162 -0.00265188 -0.0022679 -1.36227e-05 0.00348107 -0.0105953 0.000283922 0.00137486 -0.0262392 0.00118802 0.0145996 -0.0215103 -0.00262887 -0.0289389 -0.00174784 0.00184457 0.00590707 -0.0249916 0.00731977 -0.0632825 0.0112175 -0.00176648 -0.000928195 -0.0191235 -0.00448475 -0.065226 -0.0103884 -0.00996121 0.0526765 -0.00019386 -0.00869659 -0.00345831 9.78205e-05 0.00859758 0.000270345 0.0194679 0.00574284 -0.00363252 -0.000450885 0.00453696 0.000819494 0.00306208 0.00531228 0.00870023 0.00454209 0.00276133 
-0.00241651 0.0557722 0.000581486 -9.24102e-05 -0.0220477 0.000151625 -0.00507829 0.0388594 0.0967032 -0.0323669 0.00298841 0.000238408 0.0147641 -0.0310133 0.00263899 -5.76943e-05 0.00660672 0.0001901 -0.000521999 -0.00037147 0.0317697 -0.00265962 0.00100365 0.0598599 -0.00714304 -0.0322652 0.037421 0.000108057 -0.00407596 0.000547726 -0.0362406 -5.09443e-05 -0.00635746 0.0363737 -0.00119133 0.0174185 0.00364717 0.000298618 0.0023648 -0.0227192 0.00182039 -0.000109198 0.00875414 0.00975251 -0.00298595 -0.0486266 -0.0101128 -0.0125067 -0.000639052 0.00724483 -0.0114504 0.0108477 -0.0149847 -0.0204003 -0.012151 -0.00224054 0.0070964 0.000380019 0.000404695 -0.00368753 0.000190676 0.000489854 0.00152988 -0.000303923 0.0144075 -0.0390043 -0.00103949 -0.011714 -0.00187742 0.00414367 -0.0218552 -0.019557 0.00628373 -0.0585446 -2.62766e-06 0.00537028 -0.00102226 -0.0203995 -0.00941165 -0.0567688 -0.00532267 -0.00860455 0.0672885 -0.000163543 0.0103223 -0.00406259 0.0018146 -0.00428814 0.000237136 0.00597428 0.00957671 -0.00276783 0.000861223 -0.00012626 -0.0006142 0.00190771 0.00363695 0.00503678 0.0181541 0.000181058 
-0.013543 -0.088186 -0.00212486 -0.000131069 0.0510855 -1.51694e-05 0.00845367 -0.0204481 -0.0323669 0.229314 -0.00284495 -0.000295029 0.0152474 0.0311305 0.00597154 -0.00468537 -0.00459466 -4.13899e-05 0.0043256 0.000589976 0.0123813 -0.00975135 -0.000895413 -0.0547549 0.00412259 0.0697431 -0.0270234 0.02847 -0.0019352 0.000795876 0.0367464 -0.000413646 -0.0191712 0.00562571 0.00150724 -0.0343813 -0.0106723 -0.00014037 -0.000994385 0.0525153 -0.0125515 -0.00177969 0.00595813 -0.0206939 -0.0325472 -0.0173096 -0.0118062 -0.0721739 -0.00144172 -0.00406008 -0.0845044 -0.00769764 -0.00838273 0.0258969 0.0191284 0.0019601 -0.0117571 -0.000163547 -0.0622946 0.00615932 -0.000142956 7.47949e-06 -0.0462094 -0.00145315 -0.00742233 0.021755 -0.0022397 -0.0390316 0.0107706 -0.0031698 0.114836 -0.00490193 -0.00796722 0.0209868 0.0127274 -0.00390728 -0.00119398 0.0505395 0.0277278 0.0484432 -0.0415122 -0.024808 -0.0387377 0.000222581 -3.45049e-05 -0.0129903 -0.00510976 0.00544651 -0.000240371 0.00476107 -0.00848522 -0.00329267 -0.00146196 0.0244758 0.00300809 -0.00162779 -0.00393797 -0.00132053 -0.0207819 -0.00228176 
0.00151125 0.00329487 7.41496e-05 1.40197e-05 -0.00173466 2.35223e-05 -0.000380215 0.000920264 0.00298841 -0.00284495 0.0086798 0.000148891 0.000601553 -0.0023141 0.00020052 4.26485e-05 0.000216707 5.95027e-05 -8.3751e-05 -1.56152e-07 -0.000175949 -0.000132949 8.23706e-05 0.00285134 -0.000391005 -0.00180835 0.00136613 -0.00245214 -0.000308572 -7.35571e-05 -0.00269371 7.78211e-05 -0.000345842 -0.000239236 -0.000134039 0.00262504 0.000694026 -1.79054e-05 0.000102395 -0.00195414 8.41851e-05 -1.5549e-05 -0.00130854 0.00304664 0.00107036 -0.00123051 -0.000144923 0.000878438 3.82044e-05 0.000155738 0.00116047 0.00134475 0.000818131 -0.00212292 -0.000967202 0.000289416 0.000293991 9.85744e-05 0.00132446 -0.000947052 1.27548e-05 -1.41297e-05 -0.00119208 -0.00010139 0.00030203 -0.00195489 -0.000270261 -0.0019256 6.93349e-05 0.000700305 -0.00191971 -0.00141232 0.00154385 -0.00337348 -0.000569739 -0.000442037 -5.37667e-05 -0.00371312 -0.00140797 -0.00391631 -5.85674e-05 -0.000448381 0.0034591 -1.10538e-05 -0.00037389 0.000369833 -5.46665e-06 -0.000275347 5.74938e-05 0.000252243 0.00191782 0.000150574 0.000367173 -0.000368335 -0.000143678 0.000592673 0.000512134 0.000227165 0.00101204 4.8324e-05 
0.00113368 5.54259e-05 -1.38787e-05 3.09511e-05 -0.00016661 7.67025e-06 -0.000148353 -0.000102143 0.000238408 -0.000295029 0.000148891 0.00252105 -3.6133e-05 -0.000190774 -2.30265e-05 3.62337e-05 2.75801e-05 2.14408e-05 2.28479e-05 -2.83028e-05 -0.000634465 -4.99293e-05 1.77414e-06 7.39244e-05 0.000133828 7.97241e-05 -0.000270773 -0.00122265 5.00719e-05 0.000102814 -0.000229167 4.36827e-06 -0.000113623 -0.00035863 -2.12443e-05 0.000487925 0.000174722 5.98375e-06 0.00011232 -2.00999e-05 0.000408459 -2.31173e-06 5.17691e-05 0.000484418 -0.000468932 -0.000773125 0.000486916 -0.000112276 -4.60055e-06 -1.76156e-05 0.000187181 5.15954e-06 0.000713595 -0.000525309 0.000253504 9.16846e-05 0.000484473 3.7171e-05 0.000404496 0.000320065 6.77144e-06 2.40218e-06 -0.000391366 5.02763e-05 -0.000104298 -0.00064057 -8.03607e-05 -0.000495956 4.31403e-05 5.21852e-05 -0.000714218 -1.08649e-05 0.000147113 -3.13932e-06 -0.000339695 -0.000163416 1.4808e-05 8.54148e-05 -0.000413395 -0.0003393 -9.15761e-05 -0.000237646 0.000179541 2.00144e-05 -0.000673512 0.000174258 6.4535e-06 9.30818e-06 1.20615e-05 0.000245112 5.82015e-05 -1.25876e-05 1.51081e-05 -0.000117642 -2.75536e-05 3.37773e-05 4.01569e-05 -3.50441e-05 2.1302e-05 0.000103215 
-0.00039055 -0.00528627 0.000972801 3.17597e-05 0.00812153 0.000191612 0.0219721 0.0152415 0.0147641 0.0152474 0.000601553 -3.6133e-05 0.109175 -0.0449755 -0.00175279 -0.000751689 0.000260044 9.15632e-05 0.0101762 0.00523323 0.00370738 0.00368846 0.00129353 0.0144621 -0.0111882 -0.0131283 0.0217371 0.0340753 0.00144732 -0.00144225 -0.024938 2.42479e-05 -0.00771482 0.0632698 0.00410534 -0.0107289 -0.00360033 -0.000463805 0.00104142 -0.0256793 0.00113129 -0.000622615 0.0378668 -0.00107486 -0.00779087 -0.0433913 -0.00562797 -0.026425 0.000575726 0.00196606 -0.0340724 0.00191998 -0.0080711 0.0394175 -0.0136447 0.0035184 -0.00332618 1.79968e-05 -0.0209667 -0.00685941 -0.000149557 0.00221374 -0.0348095 -0.000741239 0.000560946 -0.00619333 0.006845 -0.0527471 -0.000762769 -0.000729064 0.0043485 -0.0242164 -0.00276301 -0.04183 0.0133994 0.0220571 -0.000773504 -0.0490448 0.0430142 -0.0495037 -0.00517675 0.00098809 0.00740613 -6.08301e-05 -0.0206316 -0.00405253 0.000522984 0.00241604 0.000376431 0.0231312 -0.00145486 -0.00391331 0.00512115 0.0487317 -0.0011251 -0.00052183 -0.00126854 0.00214612 0.0050482 0.000746229 
-0.00335853 -0.0248008 -0.0014925 -0.000566365 0.0253753 -0.00260041 -0.0192276 -0.0259734 -0.0310133 0.0311305 -0.0023141 -0.000190774 -0.0449755 0.242071 0.000526433 -0.00347524 -0.00198743 -0.00102684 -0.00665191 -0.00527138 -0.026278 -0.0107 -0.000980856 -0.0393937 0.035898 0.0205847 -0.0405984 -0.0536762 0.006126 0.00214799 0.106701 -0.000120987 0.00902292 -0.0759633 -0.00221046 -0.0359592 -0.00676679 -0.000619316 -0.00129838 0.0816201 -0.00929181 0.00117564 -0.0662835 -0.0250457 -0.0523316 0.00933848 -0.017244 -0.0119617 -0.00158616 -0.00490517 0.0226392 -0.0216005 -0.0145628 -0.0631309 0.0566441 -0.00877491 -0.00189276 -0.000177016 0.019133 -0.016996 0.000114712 -0.00120548 0.0238227 -7.15307e-05 -0.0117221 -0.0275377 -0.0030874 0.0506597 0.000572087 -0.000841302 0.0401504 0.0673062 -0.00806022 0.0440799 -0.00683467 -0.0133675 -0.000819613 0.0993887 -0.0609316 0.118336 -0.0348302 -0.0258922 -0.0402716 -0.000173777 0.0363135 -0.0133627 -0.00169648 -0.0016129 -0.000394181 -0.0171634 -0.00923653 0.00731486 -0.00473588 -0.035422 -0.00400434 -0.00190258 -0.00182534 -0.00795176 -0.0337373 -0.00422488 
-0.000155143 0.00504861 -2.00492e-05 0.000100348 -0.000525415 -0.000163462 0.000639855 0.00389271 0.00263899 0.00597154 0.00020052 -2.30265e-05 -0.00175279 0.000526433 0.0303681 -0.000299231 0.000263045 -3.13999e-05 0.000983163 4.17761e-05 0.00245925 -0.000612185 -0.000137599 -0.00245889 -0.00212559 -0.00508818 0.00428258 0.00628655 0.000533385 7.93532e-05 -0.00859069 -2.7934e-05 -0.00190202 0.00750038 -0.000127176 0.00509509 -0.00103466 0.000298391 1.24307e-05 -0.00383672 -0.000730419 -0.000101741 0.00387316 0.00111906 -0.00179099 -0.00899652 0.000964261 -0.00374489 -1.17622e-05 -0.000344778 -0.00559393 -0.0017658 -0.00238719 -0.00261361 -0.000726243 -0.000706768 -3.82473e-05 4.87467e-06 -0.00371113 -0.00105126 -3.40771e-05 -5.06364e-05 -0.00936572 -0.000272613 0.00605587 -0.00385234 0.000155519 -0.00184514 -0.000426622 -0.000135089 0.00597336 -0.00170654 -0.000339191 -0.00564102 0.00188272 -0.00197399 -3.14857e-05 0.00701826 0.000717685 -0.00906826 -0.00366123 -0.00158573 0.00468267 -2.87257e-05 -0.00438132 -0.00155343 -7.17081e-05 0.000431625 1.07614e-07 0.00194869 -0.000413084 -0.000906126 -0.000467912 -0.000837381 0.000476159 -8.36904e-05 0.000190988 -0.000346992 -0.000698888 0.000288833 
9.9298e-05 0.00621688 0.000296361 0.000120141 -0.000434758 0.000316197 -0.00072451 0.000559341 -5.76943e-05 -0.00468537 4.26485e-05 3.62337e-05 -0.000751689 -0.00347524 -0.000299231 0.0139168 -8.10338e-05 6.83567e-05 -0.000197821 0.000161457 -0.00431272 -0.000257797 -3.30641e-05 0.00402302 -0.000470974 -0.0019379 0.00151569 -0.00688061 -0.000222347 -1.81385e-05 -0.00276154 0.000197508 0.00155663 -0.00316664 -0.000158696 0.0053882 0.00161026 -3.31188e-06 0.000195864 -0.00255047 8.18841e-05 0.000173056 -0.0021076 0.00197786 -0.00121342 -0.00101353 0.000646618 -2.36432e-05 2.82486e-05 1.31328e-05 0.00598108 0.00108721 0.00195343 -0.00238223 -0.00057291 0.00019073 -1.4348e-05 1.28708e-05 0.00543194 -0.0015294 1.53142e-05 -3.47394e-05 -0.000776791 0.000386525 0.00136773 -0.00338454 -0.000405646 -0.00121779 -0.000202557 0.000346639 -0.00570405 -0.0023478 0.00230171 -0.00292664 -0.00190339 -0.00116249 -0.000105148 -0.00642613 -0.00267132 -0.00436701 0.0017756 0.00191971 -0.000449031 -1.93557e-05 -0.00114046 0.00175993 1.07079e-05 0.00239392 2.89732e-05 0.000799381 0.00119515 7.22247e-06 6.55486e-05 -0.00126358 -1.26033e-05 0.000447269 0.000770629 0.000970586 0.00659759 0.00180061 
0.00219871 0.00801426 6.8696e-05 2.03648e-05 -0.0018863 -9.48438e-06 -0.000871051 0.00290161 0.00660672 -0.00459466 0.000216707 2.75801e-05 0.000260044 -0.00198743 0.000263045 -8.10338e-05 0.014057 1.82332e-05 0.000224891 -0.000118803 0.000984157 -0.000374142 0.000820827 0.00581663 -0.000240566 -0.00351191 0.00283311 -0.00729107 -0.000499919 -3.93127e-05 -0.00133023 2.37184e-06 0.000976276 -0.00118531 -0.000170221 0.00335266 0.00119121 0.000769711 0.000155165 0.000693725 -0.000560376 0.00014231 -0.00267271 0.00202801 -0.00175633 -0.00628539 -0.00174862 -0.00397871 -9.44385e-05 7.76697e-05 0.00284752 0.000955986 -0.0020588 -0.00320219 -0.00102752 -0.00015567 -0.00012908 1.93917e-09 0.00296164 -0.00104641 -8.59545e-06 8.88236e-05 -0.000823662 0.000491671 0.0017138 -0.00555665 -0.00049262 -0.00123791 -0.000224642 0.00108447 -0.00535101 -0.00278729 0.00189154 -0.00877973 0.0016224 0.000923498 -0.000131302 -0.000253975 -0.00305767 -0.00428854 -0.00178235 -0.000994572 0.00674225 -2.41286e-05 0.00343331 0.000428618 -0.000154278 -0.000538733 -1.36451e-05 -0.000529704 0.00186956 -0.000215418 0.000120112 -0.000830458 -0.000196636 0.000568935 0.00179947 0.000442268 0.00188464 0.000588992 
-0.000169224 0.0005694 8.70919e-06 1.9409e-05 0.000326082 8.28476e-06 -2.85218e-05 0.00040782 0.0001901 -4.13899e-05 5.95027e-05 2.14408e-05 9.15632e-05 -0.00102684 -3.13999e-05 6.83567e-05 1.82332e-05 0.00498799 1.02977e-05 7.80539e-05 -0.000646452 0.000112464 -2.53472e-05 -0.000745189 -0.00024546 -0.000921027 -0.00072099 -0.000381911 0.000656626 -3.89519e-05 -0.000313186 -4.64262e-06 -0.000142476 -0.000134475 0.00018968 0.000807339 6.17009e-06 2.21716e-05 1.73184e-05 -0.000942645 -0.000181393 -2.46359e-05 0.000986371 -6.66894e-05 -0.00131804 -0.000775923 0.000855305 -0.0007422 -1.69548e-05 -6.24295e-05 -2.48492e-05 0.000197323 0.000800328 0.000377635 -0.000334164 -1.66787e-07 0.000623284 4.40629e-06 -0.000110156 0.00116222 8.78373e-07 1.01497e-06 -0.00134654 0.000115771 -9.47247e-05 -0.000360412 7.31208e-05 -0.00129412 2.15136e-05 0.000133335 0.000397934 -0.000329199 0.000390117 -0.00102213 -0.000214438 0.00024319 4.44729e-05 -0.000587876 8.88593e-05 -0.0012277 0.000394512 -8.89943e-05 0.000464744 3.23712e-05 -0.000314112 -0.000237495 -6.58823e-05 -0.000302324 2.07033e-05 0.000468004 -1.31741e-05 -9.85195e-05 5.83126e-05 0.000427273 -3.68659e-05 0.000501883 0.000464476 7.673e-05 -0.000279679 2.88152e-05 
-2.06873e-05 -0.00063775 2.60883e-05 3.72199e-05 0.00725935 -8.53087e-05 0.00754762 -0.000695316 -0.000521999 0.0043256 -8.3751e-05 2.28479e-05 0.0101762 -0.00665191 0.000983163 -0.000197821 0.000224891 1.02977e-05 0.0224077 2.95554e-05 -0.00581538 -0.000144619 0.000435382 0.000991913 -0.0018164 -0.00618889 0.0079368 0.00552775 -0.000285958 4.28531e-05 -0.00454986 -3.64437e-05 -0.0017894 0.0109925 -5.89381e-05 -0.00117412 -0.000782235 0.000164322 0.000240071 -0.00551192 -0.000533478 -9.81764e-05 0.00918434 0.00100231 -0.00492631 -0.00742302 -0.00275274 -0.00500783 -1.38785e-06 -0.000215193 -0.00637101 -0.000281576 -0.00170475 0.00978211 -0.00158876 0.000480933 -0.000772279 2.39717e-05 -0.00464402 0.000152382 -1.67146e-05 0.000262581 -0.00874172 -9.32854e-05 0.000164965 -0.00323028 -0.000408366 -0.0123826 -0.000200879 -2.62788e-06 0.00369105 -0.00485026 -0.000300931 -0.0100007 0.002866 -0.0012458 -0.000187824 -0.00792184 0.0115189 -0.0103542 -0.00278747 0.000885974 0.00140847 5.06463e-05 -0.00658664 -0.000571595 0.000197372 0.00154794 1.67426e-05 0.00694626 0.000119155 -0.000571351 0.000360874 0.0128227 -3.74748e-06 -6.01918e-05 0.000109784 5.46858e-05 -2.95442e-05 0.000885506 
-0.000549287 -0.00430468 0.000555266 0.000174335 0.00383954 0.000101384 0.00741851 0.00419671 -0.00037147 0.000589976 -1.56152e-07 -2.83028e-05 0.00523323 -0.00527138 4.17761e-05 0.000161457 -0.000118803 7.80539e-05 2.95554e-05 0.0173487 -0.00518741 0.00195253 0.000113776 -0.00138242 -0.00115907 -0.00371543 -0.0012865 0.00418719 0.00354267 -0.000296095 -0.0045237 -1.07119e-05 -0.00147401 0.00809104 0.00038009 0.000205707 -0.000178054 -0.000116205 5.63413e-06 -0.00401942 -0.000585113 -8.73299e-05 0.0098248 -0.000846333 -0.00617558 -0.00617141 -0.00124361 -0.00260354 -3.9449e-05 2.01807e-06 -0.00357639 -0.000386295 0.000779974 0.00224891 -0.00143659 0.000279801 -0.00059704 5.43391e-06 -0.00308016 -0.00175638 -3.55092e-06 0.000568593 -0.00588018 -3.22646e-05 -0.00077467 -0.000739581 -1.09079e-05 -0.0116944 -0.000322028 -2.61679e-05 0.00289803 -0.0044812 0.00066954 -0.00768461 0.00374972 0.00127385 -2.51536e-05 -0.00897836 0.010753 -0.00835655 0.00177135 0.00148268 -0.00149141 0.000101158 -0.00860533 3.1931e-05 -0.000104419 0.00461462 2.43375e-07 0.00990258 -0.000221368 0.000236151 0.00254266 0.00733139 0.000326746 0.000666918 0.000364799 0.00158036 -0.000479983 0.00023605 
-0.00433216 0.0485387 0.000672059 -0.000447559 -0.0399381 -0.000723509 -0.00808517 0.0289452 0.0317697 0.0123813 -0.000175949 -0.000634465 0.00370738 -0.026278 0.00245925 -0.00431272 0.000984157 -0.000646452 -0.00581538 -0.00518741 0.229609 -0.00761831 0.000464623 0.0339373 -0.0207377 0.0098093 0.0436115 0.055403 -0.0109129 0.00179701 -0.0789666 -0.000452716 -0.0150667 0.0354218 -0.00406956 -0.0109616 -0.00550659 0.000398574 -0.00111362 -0.0138341 -0.0047181 -0.000932432 -0.0396831 0.00482231 0.0721402 -0.0525819 -0.0152785 -0.00318426 -0.00193333 0.00526538 -0.058657 0.0191361 -0.0282666 -0.0468318 -0.0315759 -0.00684501 0.00405476 -0.000153117 -0.0285584 -0.00606364 9.54391e-05 -0.00065663 0.040144 -0.00122281 0.00849564 0.0402946 -0.00985019 0.0186431 0.000342891 -0.00339187 0.00815879 -0.0100158 -0.00472435 -0.0146445 -0.0261674 0.0103194 -0.00336636 0.0473607 -0.0183122 -0.0187196 -0.0389908 -0.023086 0.0525344 -0.000281198 0.00208314 -0.0205032 -0.00431325 -0.0351019 0.000190956 -0.0196685 0.00116707 -0.00462706 -0.00384805 -0.0177036 -7.37019e-05 -0.00153479 -0.00232295 0.00371813 0.000386814 -0.00505675 
-0.000969101 -0.00782739 0.000417542 -1.70476e-05 -0.00494404 -1.15923e-05 1.78575e-05 -0.00349633 -0.00265962 -0.00975135 -0.000132949 -4.99293e-05 0.00368846 -0.0107 -0.000612185 -0.000257797 -0.000374142 0.000112464 -0.000144619 0.00195253 -0.00761831 0.0314351 -9.03507e-05 0.0021405 -0.00277355 -0.0077813 0.00343449 0.00176764 -0.000378602 0.000299959 -0.00982902 -3.12011e-05 -0.00148087 0.00494017 0.000159974 -0.000534551 -0.00114395 0.000466468 8.94581e-05 -0.00315977 0.00381548 0.000285481 0.00406793 -0.000771106 0.00254855 0.000630976 0.00297496 -0.00483294 0.000577622 -4.76985e-05 -0.000705127 -0.000934863 0.00409172 0.0142685 -0.00314053 -0.00033203 0.00215226 -5.11397e-06 -0.00589904 0.00180626 -3.90707e-05 -7.53963e-05 -0.00612764 -0.000131126 -0.000691531 -0.00637072 0.00831946 -0.000667521 -0.0004255 -0.000180707 -0.00607124 0.000946938 -0.000722241 0.00140897 -0.00123748 0.0106309 0.00239273 -0.015268 0.00842117 -0.0127099 0.0130835 0.00664959 -0.00324036 0.000425506 -0.00514857 0.000482541 0.00207062 0.00013773 -2.6533e-05 0.00158801 -0.000173739 -0.0002906 0.00389907 0.00539012 -0.000121501 -0.00013099 -0.000251529 -0.00020257 -0.000486175 0.000239555 
-0.000181984 0.000996074 0.000209579 7.62908e-06 -0.000518022 6.27742e-05 -0.000189729 0.00127115 0.00100365 -0.000895413 8.23706e-05 1.77414e-06 0.00129353 -0.000980856 -0.000137599 -3.30641e-05 0.000820827 -2.53472e-05 0.000435382 0.000113776 0.000464623 -9.03507e-05 0.00671706 0.0014558 -0.000479466 -0.0014454 0.00255567 0.000433469 0.000215502 -4.0277e-05 -0.00144461 -1.01217e-05 -0.000399323 0.00174494 -6.80711e-05 -0.000365944 -0.000220328 -7.69201e-06 7.66439e-05 -0.00125629 0.000176596 -2.70069e-07 0.00125981 0.000551302 0.000305254 -0.00200949 -0.000364769 7.93002e-05 -3.42391e-05 -2.01605e-06 -0.000868841 0.00016494 -0.00057958 -0.00015149 -0.000732031 0.000159201 -0.000201652 1.99708e-05 -0.000485346 -0.00017547 1.48391e-05 0.000269703 -0.00202399 9.67408e-05 -0.000235062 0.000171066 -0.000189047 -0.00258512 -9.70312e-05 0.000130516 -0.000781117 -0.00027335 -0.00010652 -0.00201452 0.000596636 -8.42628e-05 -8.2738e-06 -0.00213885 0.000959961 -0.00114065 -0.000526155 -0.000631336 0.000553622 -9.93664e-06 -0.00115331 -7.97216e-05 -4.20171e-05 0.000213507 7.63907e-07 0.00103091 8.81718e-05 4.4103e-05 9.24973e-05 0.00123002 0.000232107 -6.27012e-06 0.000106449 2.0903e-05 -0.000245634 0.000236156 
0.0013417 0.0768344 0.00349221 -1.62339e-05 -0.0307834 -0.000481255 -0.00238528 0.0286154 0.0598599 -0.0547549 0.00285134 7.39244e-05 0.0144621 -0.0393937 -0.00245889 0.00402302 0.00581663 -0.000745189 0.000991913 -0.00138242 0.0339373 0.0021405 0.0014558 0.142661 -0.00973467 -0.0463114 0.0787358 -0.00785145 -0.00544289 0.00197216 -0.0464732 0.000214942 0.00569203 0.03986 -0.00293992 0.0125058 0.00493098 0.000575427 0.00209062 -0.0337277 0.00610282 -0.000463069 -0.00340315 0.0280367 0.035838 -0.0442935 -0.0187966 0.0136637 -0.00023201 0.00996861 0.0118196 0.0135145 -0.0232961 -0.0170263 -0.0146466 -0.00147584 0.00255157 0.00026716 0.0176354 -0.0128123 -0.00011165 0.00032424 -0.00543788 -0.000606494 0.020253 -0.0539834 0.00111234 0.00629282 -0.00288319 0.00180192 -0.0665089 -0.0289039 0.00628266 -0.0536295 -0.0198478 0.00305259 -0.00124461 -0.0485149 -0.0198618 -0.0766631 -0.00429452 0.00256739 0.0560113 -0.000251289 0.0193645 -0.00438773 0.00520071 -0.0163252 0.000167872 -0.00472716 0.014276 -0.00425279 0.00247381 -0.00364074 -0.00198787 -0.000149252 0.003541 0.00455409 0.0282434 -0.000511566 
-0.000510508 -0.00704006 -0.000483588 -0.000134355 0.00629583 -0.000437756 -0.00554561 -0.00860255 -0.00714304 0.00412259 -0.000391005 0.000133828 -0.0111882 0.035898 -0.00212559 -0.000470974 -0.000240566 -0.00024546 -0.0018164 -0.00115907 -0.0207377 -0.00277355 -0.000479466 -0.00973467 0.0841896 0.000240079 -0.015055 -0.0332134 0.0042878 -0.000663728 0.0494406 -2.06121e-05 0.000473082 -0.0330706 0.000416254 -0.00783225 -0.00265413 -0.000331325 -0.000266456 0.0201118 -0.0028479 0.000218997 -0.0203548 -0.00301559 -0.0226609 0.0157987 -0.00779665 0.000736358 -0.000128249 -0.00121233 0.00548574 -0.00498601 -0.00828969 -0.0196111 0.0161794 -0.000387199 0.00152545 -3.03229e-05 -0.00675636 -0.0024234 -5.15242e-05 -0.000283327 0.0127034 -0.000403447 -0.00321845 -0.022313 -0.00179804 0.0158032 0.00151784 0.000269973 0.00138372 0.0144101 -0.0012778 0.0129177 -0.00507836 -0.00383939 0.000117453 0.025403 -0.0212981 0.0308059 -0.00884219 -0.00831856 -0.0109864 4.05378e-05 0.0268912 -0.00414736 -0.000918434 0.00116131 -9.01441e-05 -0.00724306 -0.000614365 0.00813594 -0.000847093 -0.00897403 -0.00144199 -0.000326876 -0.000199704 -0.00192554 -0.0066268 -0.00118311 
0.0106932 -0.0749972 -0.00140043 -0.000229353 0.00053869 -0.00146164 -0.0115496 -0.0364469 -0.0322652 0.0697431 -0.00180835 7.97241e-05 -0.0131283 0.0205847 -0.00508818 -0.0019379 -0.00351191 -0.000921027 -0.00618889 -0.00371543 0.0098093 -0.0077813 -0.0014454 -0.0463114 0.000240079 0.214256 -0.0521663 0.0104301 -0.00460643 -0.00232646 0.0429395 -0.000369459 -0.00325326 -0.0709616 0.00124987 -0.0203575 -0.00185327 0.000648073 -0.00114842 0.0483555 -0.00510108 -0.0013222 -0.027099 -0.0123301 0.000460361 0.0145758 0.00433205 -0.0206069 -0.00178581 -0.00402632 -0.0330824 -0.00947635 -0.0182424 0.00314713 0.00719843 -0.00505215 -0.00566021 -0.00014007 -0.0184399 -0.0133509 0.00018062 -0.000924847 0.00682844 0.000677128 -0.0159187 0.0258579 -0.000390497 0.0123956 0.0083877 -0.00334322 0.0657003 -0.0217968 -0.00608719 0.0545445 -0.00413395 0.00617959 -0.00174901 0.0644423 -0.00544858 0.0985293 -0.0233023 -0.0164173 -0.0457765 0.000384965 0.0225181 -0.0138765 -0.00212505 -0.00898457 -0.000198657 -0.0158374 -0.00704757 0.00213695 -0.00366613 -0.0179516 -0.00322418 -0.00139511 -0.00391088 -0.00439925 -0.0126524 -0.00453943 
-0.00582827 0.0754851 0.00380969 -8.74627e-05 -0.0159612 0.000516531 0.00836118 0.0424757 0.037421 -0.0270234 0.00136613 -0.000270773 0.0217371 -0.0405984 0.00428258 0.00151569 0.00283311 -0.00072099 0.0079368 -0.0012865 0.0436115 0.00343449 0.00255567 0.0787358 -0.015055 -0.0521663 0.149268 0.0309693 -0.00488044 0.00206698 -0.060819 0.000136238 -0.00944012 0.080683 -0.00255156 -0.00209112 -0.00668959 0.000875625 -0.000352843 -0.0459518 0.004665 -0.000660963 0.00109047 0.0239465 0.0480869 -0.0582947 -0.0191464 0.0177494 -0.000620129 0.00874338 -0.0234416 0.0204939 -0.027297 0.00301202 -0.0184388 0.00124245 -0.003384 -6.97307e-05 0.00163572 -0.0112321 -0.00013004 5.00943e-05 -0.0451264 7.89875e-06 0.0241747 -0.0348731 -0.000866478 -0.00462008 -0.00276722 -0.00179485 -0.0347289 -0.0386418 -0.0013725 -0.0559069 -0.0152123 -0.00559538 -0.00154629 -0.0324325 0.00469328 -0.0856321 -0.0218048 0.00277951 0.0622012 -0.000231072 -0.00607556 -0.00747868 0.00255477 -0.0166183 0.000225302 0.00340203 0.0104375 -0.00486127 0.000985386 0.00903587 -0.00109097 -0.000786141 0.000324709 0.00365709 0.019819 -0.000537172 
-0.00863983 -0.0468446 0.000678071 -0.000355377 0.00419542 0.000852235 0.0192195 0.0190182 0.000108057 0.02847 -0.00245214 -0.00122265 0.0340753 -0.0536762 0.00628655 -0.00688061 -0.00729107 -0.000381911 0.00552775 0.00418719 0.055403 0.00176764 0.000433469 -0.00785145 -0.0332134 0.0104301 0.0309693 0.219179 0.00726302 -0.00500643 -0.0738775 -0.00017311 -0.0478792 0.0963848 0.000933835 -0.0237368 -0.0164494 -0.000941077 -0.00130395 -0.064419 0.00583767 -0.00229505 0.0608928 -0.00201881 0.0451113 -0.025617 0.00139693 0.0195955 0.000441783 0.00080926 -0.108137 0.00550951 -0.0125972 0.0435048 -0.036097 0.00264358 -0.0134786 -0.000276771 -0.0935055 0.00641188 -0.000237352 0.000849948 -0.0343253 -0.000245998 0.00308945 0.0772309 -0.00162752 -0.041559 -0.00281823 -0.00445259 0.05208 -0.0256784 -0.0100491 -0.0282216 0.0147256 -0.00296728 -0.00135282 -0.0258528 0.0722733 -0.0497204 -0.00107878 0.0125725 0.0107602 5.92458e-05 -0.0634942 -0.00175171 0.00148087 -0.00837068 8.29269e-05 0.0196274 -0.00870443 -0.00857413 0.000554467 0.0279854 0.00448625 -0.00255703 -0.00547637 0.00262672 -0.00976899 -0.00251978 
-0.00131231 -0.00972283 0.000255617 0.000145607 0.0191578 -0.000245421 0.00781527 0.000175402 -0.00407596 -0.0019352 -0.000308572 5.00719e-05 0.00144732 0.006126 0.000533385 -0.000222347 -0.000499919 0.000656626 -0.000285958 0.00354267 -0.0109129 -0.000378602 0.000215502 -0.00544289 0.0042878 -0.00460643 -0.00488044 0.00726302 0.0413653 -0.000499085 0.00297858 -6.15795e-05 -0.00312804 0.00719641 0.00275303 -0.00393265 -0.0016882 -0.000235344 -0.000142448 -0.000524049 -0.000987558 -0.000186079 0.0109063 -0.00194048 -0.0175628 -0.00701672 -0.00513071 -0.0026034 -0.000194992 -0.000503614 -0.0108155 -0.00251711 -0.00326864 -0.00320205 0.00254154 -0.000171916 -0.000940117 -1.56663e-05 -0.00836662 0.00265833 -1.23435e-05 0.000557761 -0.00259283 -0.000378548 0.000804059 0.0100677 -0.00162634 -0.0183375 -0.000697771 -0.000424517 0.00770007 -0.00404966 -0.000941964 -0.0145578 0.013867 -0.000379498 3.19229e-05 0.00123484 0.0112771 0.00212863 -0.00495338 0.00582574 -0.00632089 -3.27642e-05 -0.0127463 -0.0019596 -0.000596637 0.00547942 -3.63539e-06 0.0122551 -0.000988775 0.000397092 -0.000268945 0.00278758 -0.000367333 -0.000163131 -0.000429815 -0.000449959 -0.00340189 0.000661363 
-0.000943518 -0.000421726 -3.82984e-05 -1.5422e-05 -0.00158509 -8.72668e-05 -0.00113878 -0.00178373 0.000547726 0.000795876 -7.35571e-05 0.000102814 -0.00144225 0.00214799 7.93532e-05 -1.81385e-05 -3.93127e-05 -3.89519e-05 4.28531e-05 -0.000296095 0.00179701 0.000299959 -4.0277e-05 0.00197216 -0.000663728 -0.00232646 0.00206698 -0.00500643 -0.000499085 0.0212907 -0.000626361 -1.29254e-06 -0.00145108 -0.000990114 -7.6923e-05 -0.00132838 -0.000380653 0.00040335 0.000383161 -0.000175986 -0.000312188 0.000126599 -0.00333707 -0.00107654 0.00184348 -0.00121078 -0.001202 -0.00150367 -0.000126254 0.000340928 0.000768145 -0.000411076 -0.000610397 -0.00435754 -0.000290745 -0.000281028 0.00110182 8.53966e-05 1.79295e-05 -0.00177397 5.69132e-05 -6.18318e-05 0.000470599 0.000580889 0.00279249 0.00371633 -0.000328431 0.000481513 -0.000266682 -9.1884e-06 -0.00112139 0.0010975 -0.000200098 0.000834839 -0.00172832 -0.00147982 0.000216308 0.00209007 -0.0041004 0.00293999 -0.000563666 -0.000314824 -0.000903293 -3.41767e-05 -0.00151818 8.03617e-05 -0.00024962 -0.000227351 -9.65021e-06 -0.000993216 0.00105686 -7.40213e-05 0.000220535 -0.00117857 0.000769409 -6.25576e-05 0.00023411 -0.000232131 -0.000254023 4.06433e-05 
-0.00351728 -0.0367292 -0.00244883 -0.000498365 0.026463 -0.00218165 -0.0167158 -0.0375579 -0.0362406 0.0367464 -0.00269371 -0.000229167 -0.024938 0.106701 -0.00859069 -0.00276154 -0.00133023 -0.000313186 -0.00454986 -0.0045237 -0.0789666 -0.00982902 -0.00144461 -0.0464732 0.0494406 0.0429395 -0.060819 -0.0738775 0.00297858 -0.000626361 0.233797 -0.000449033 0.0331959 -0.0865823 0.00105248 -0.0252839 -0.00354287 0.000285294 -0.000447516 0.0748318 -0.0131975 0.000650111 -0.0433362 -0.0213027 -0.0928569 0.0317551 -0.0150975 -0.0387228 -0.00187586 -0.00534282 0.026275 -0.0234818 -0.0207987 -0.00284981 0.0603259 -0.00705757 -0.0067387 -0.000156609 0.0177816 0.00216547 -1.48528e-05 -0.000251893 0.0265951 0.000393199 -0.0148949 -0.070781 -0.0016051 0.0327317 0.00286022 -0.00132302 0.0365933 0.0193502 -0.00782425 0.0409758 0.0140878 -0.00526767 -0.000759919 0.0734777 -0.0506456 0.111952 -0.0111449 -0.0235179 -0.0514388 -3.9983e-06 0.0836352 -0.0200673 -0.00479991 0.0158118 -0.000360793 -0.0146739 -0.00852264 0.00848984 -0.00163269 -0.0111353 -0.00586384 -0.00159811 -0.00320009 -0.00580445 -0.0256963 -0.00453257 
0.00014143 0.00025715 -4.64011e-06 7.2099e-07 -0.000430356 2.24402e-06 -0.000113283 -1.50058e-05 -5.09443e-05 -0.000413646 7.78211e-05 4.36827e-06 2.42479e-05 -0.000120987 -2.7934e-05 0.000197508 2.37184e-06 -4.64262e-06 -3.64437e-05 -1.07119e-05 -0.000452716 -3.12011e-05 -1.01217e-05 0.000214942 -2.06121e-05 -0.000369459 0.000136238 -0.00017311 -6.15795e-05 -1.29254e-06 -0.000449033 0.00209196 -0.000105287 -0.00031553 -1.41705e-05 0.000466357 0.000396574 -8.48773e-06 1.75525e-05 -0.000410595 0.000342014 -9.34954e-06 -0.000363945 -5.47845e-05 0.000324742 0.000178558 -0.000103866 0.00045191 0.000208346 -1.56538e-05 0.000437061 -7.59052e-05 5.1033e-05 -0.000197312 -0.00012729 2.3109e-05 -2.66886e-05 9.17679e-06 0.000117002 -0.000177744 2.75245e-06 -5.42614e-06 -0.000566497 2.73654e-05 0.000249338 -0.00045497 -3.71856e-05 -4.59772e-06 2.6001e-05 5.33764e-05 -0.000778812 -0.000234668 0.000299479 -0.000153081 -0.000337153 -0.000138828 -1.21357e-06 -0.000626771 -0.00033076 -0.000378505 0.000603727 -9.48646e-05 0.000252685 -1.47932e-07 -0.000147834 0.0008086 0.000145573 -4.25766e-05 5.72527e-06 5.45086e-05 6.62135e-05 -6.05171e-05 -2.77888e-05 -0.000186178 6.56536e-06 2.46815e-05 1.15594e-06 3.73482e-05 0.000443404 0.000129765 
0.00252457 0.027961 -0.000190216 0.000214609 -0.00846732 -0.000517779 -0.00400825 -0.00644191 -0.00635746 -0.0191712 -0.000345842 -0.000113623 -0.00771482 0.00902292 -0.00190202 0.00155663 0.000976276 -0.000142476 -0.0017894 -0.00147401 -0.0150667 -0.00148087 -0.000399323 0.00569203 0.000473082 -0.00325326 -0.00944012 -0.0478792 -0.00312804 -0.00145108 0.0331959 -0.000105287 0.0786394 -0.0225999 -0.00143681 0.0129729 0.0085942 7.03694e-05 -6.93155e-05 0.017495 -0.00361824 0.00109306 -0.0163554 0.000584933 -0.00856419 -0.00701309 -0.00039093 -0.00607445 -0.000503128 -0.00105132 0.0419366 -0.00500507 0.00078945 -0.0171869 0.0134248 -0.000601921 -0.00215614 -3.02845e-05 0.0458584 -0.00480505 6.71072e-05 -0.00024282 0.0155153 0.000549164 -0.00317349 -0.031667 0.000229488 0.0140392 2.86816e-06 -9.46941e-05 -0.0324535 0.00164463 0.000584615 0.00849024 -0.00962667 0.00494868 -0.000626143 0.000543767 -0.0185175 0.00838531 0.000756857 -0.00616651 -0.00915586 -0.000133855 0.0186999 -0.0031463 -0.00122542 -0.00832413 1.32767e-05 -0.00776029 -0.000350319 -0.000688792 -0.00069115 -0.00682046 -0.00146765 -0.000201547 0.00103482 -0.00117366 0.0043338 -0.0009051 
-0.00951699 0.0372985 0.00181262 0.000251009 0.0151308 0.00201842 0.0325929 0.0523519 0.0363737 0.00562571 -0.000239236 -0.00035863 0.0632698 -0.0759633 0.00750038 -0.00316664 -0.00118531 -0.000134475 0.0109925 0.00809104 0.0354218 0.00494017 0.00174494 0.03986 -0.0330706 -0.0709616 0.080683 0.0963848 0.00719641 -0.000990114 -0.0865823 -0.00031553 -0.0225999 0.234227 0.00367122 -0.00519141 -0.0145056 0.000176022 0.000963208 -0.0918384 0.00766398 -0.000378836 0.0931189 0.012641 0.0143943 -0.0919514 -0.0016213 -0.000112696 -0.00058412 0.00530299 -0.0823719 0.0153622 -0.01862 0.0341489 -0.0380124 0.00672597 -0.0104475 5.71567e-05 -0.0422034 0.000764977 -0.000205497 0.00194856 -0.0752244 -0.00337174 0.0171022 0.0128251 0.00775312 -0.0731487 -0.00538033 -0.00153985 0.0103679 -0.0495996 -0.00597293 -0.0836662 0.0251299 0.0107049 -0.00193094 -0.0611655 0.0898484 -0.132253 -0.022624 0.00899948 0.0536488 -0.000237516 -0.0814338 -0.0121871 0.000789017 0.000331201 0.000140946 0.0430111 0.00132277 -0.0113798 0.00476657 0.0570553 0.00420119 -0.00109221 -0.00118929 0.00684028 -0.000324553 0.00130565 
