0.071755 -0.00347541 0.010304 -0.00373039 -0.00583021 -0.00127736 -0.00724238 -0.00686945 0.00625387 -0.00231975 -0.00287321 -0.0154701 -0.00608396 0.0182703 0.0025317 -0.00347129 -0.00148815 -0.00161881 -0.00265785 -0.00451347 0.008289 -0.00303311 -0.00339572 0.00534351 -0.000451812 0.0174382 0.00187701 0.00185517 -0.0106598 -0.00550863 -0.00262929 -0.00730782 -0.013798 -0.0051364 -0.00241096 -0.00454568 -0.00491212 0.00452698 -0.000711098 -0.00136174 -0.00458928 6.49436e-05 -0.00154388 -0.00296203 -0.00709575 -0.0162294 -0.0072192 -0.0012205 -0.00338768 -0.0178716 -0.00306941 0.000498124 -0.00258489 0.00636322 -0.0172226 -0.00188261 -0.00496137 0.00932328 -0.00252461 -0.00829834 0.00766399 -0.00266046 0.00364572 -0.00192031 -0.00137275 -0.00621084 -0.0056944 0.0198533 0.00251337 -0.00259328 0.0146084 -0.00379463 -0.00462557 0.033461 -0.00612951 -0.0039721 -0.00530572 -0.00197723 -0.000703264 -0.00135386 -0.000581988 -0.000492168 0.00396097 0.00724457 -0.00281628 -0.00822227 -0.000407921 0.00845112 -0.00296063 0.0156757 0.00811905 -0.000980807 -0.000770449 0.00922727 0.0166909 -0.00697275 -0.0046973 0.00402354 -0.00365034 -0.00151914 
-0.00347541 0.0696104 -0.00939626 -0.00537308 0.00354195 -0.00115392 -0.00523806 0.0026102 -0.0119652 -0.00130482 -0.00203123 0.00777855 0.0135193 -0.0165684 -0.00110082 -0.000795795 -0.000396211 -0.00250432 -0.00402944 0.00110752 0.00419024 -0.0108129 -0.00134854 -0.018484 0.00086704 0.0247299 -0.00477559 0.00192745 -0.011022 -0.00111775 0.00379622 -0.00879431 0.0121985 -0.0159556 -0.00199961 0.000245128 0.00446933 -0.00981409 -0.00107893 0.00325268 0.00759708 0.000362283 -0.00139422 0.00480212 -0.0048141 0.0185877 -0.00742625 0.00553451 0.00206332 0.0209644 -0.000297396 -1.45748e-05 0.00314009 -0.00463664 0.00922989 -0.000141365 0.000621317 0.023765 -0.00145329 -0.00429064 0.0156311 -0.00300479 -0.0177236 -0.00144039 0.00117374 -0.00596955 -0.0069251 -0.0115292 -0.00234654 -0.00885718 0.000819394 0.00573638 0.000392518 -0.018725 -0.0075294 -0.00283341 -0.0056266 -0.0013326 -0.000132706 -0.000381563 0.00551089 0.000584692 -0.000514356 -0.000532929 0.000103889 0.00229701 0.00295696 0.00909806 0.0163455 0.0168833 -0.00482046 0.00317722 -0.0013043 -0.0034857 -0.0178536 -0.00626177 -0.00960814 -0.0252633 -0.00398534 0.0117697 
0.010304 -0.00939626 0.153692 -0.00400247 0.00519681 -0.0123119 0.00578066 -0.0262416 0.032697 -0.010547 -0.023812 0.0168514 -0.0150335 0.01311 0.00125066 -0.038434 -0.0110877 0.00639335 -0.0221993 -0.0392506 0.00528483 0.015364 -0.0262496 0.030106 -0.00224341 -0.00493375 -0.0129847 -0.00328375 -0.0027699 -0.0189751 -0.00438472 0.0151679 0.0102525 0.040372 -0.0176565 -0.00359753 -0.0407148 0.0338657 -0.0013915 -0.00743304 -0.0247377 -0.00612304 -0.0146014 -0.0284921 0.0129632 0.00437809 -0.00627335 -0.039519 -0.0295457 0.00317916 -0.0161961 -0.00966343 -0.000191322 0.0690855 0.0221131 -0.0092404 -0.0179393 -0.00747552 -0.0173095 -0.00331226 0.0231536 -0.0209394 0.0179723 -0.0144743 0.00114912 0.00112929 0.00572115 0.0134776 0.0038297 -0.0111251 -0.00352525 -0.00346593 -0.026324 0.0340556 0.019642 -0.00881397 0.0232389 0.00155296 0.000615629 -0.0132768 -0.00421999 -0.00256362 0.00119289 0.0154584 0.00100161 -0.0096409 -0.0184432 -0.00615109 -0.0226491 0.0243598 0.00573733 -0.00335349 -0.0093244 0.000631683 0.0370305 -0.0171739 -0.00208337 0.0436973 0.00557087 -0.000524135 
-0.00373039 -0.00537308 -0.00400247 0.112256 0.0221836 0.00197542 0.00416486 0.0180659 0.00993617 0.00351889 0.000644893 -0.0160436 -0.0152087 0.0270779 0.00159329 0.00765395 0.000157297 -0.00387821 0.0125247 -0.00161159 -0.00354564 0.0199705 0.00248639 0.00699247 -0.000537947 -0.014551 -0.00812265 -0.00191626 0.000653824 0.00254437 0.0051216 0.0200886 -0.0244117 0.0230812 -0.0217723 -0.0089575 -0.00370513 0.0440003 0.00102316 -0.0044384 -0.0137897 -0.00210309 0.0036517 -0.00724557 -0.0039713 -0.0358014 0.0176734 -0.0131559 0.00663219 -0.0352211 0.012648 0.00199989 -0.00231029 0.00602918 -0.0271084 0.0033961 0.00227169 -0.0521372 -0.00398489 -0.0357916 -0.022198 -0.00696104 0.032955 0.000188543 0.00012337 0.0249553 0.0150522 -0.00972041 0.000845514 0.00399134 -0.0507279 -0.00582372 -0.00266161 0.0074544 -0.00830362 -0.000888665 -0.00955412 0.00732423 -0.00078934 -0.00174104 -0.00768853 -0.000845191 -0.00674034 0.0111507 0.00367878 -0.013074 -0.00494208 -0.0201796 -0.00425673 -0.0537057 0.030252 -0.00217955 -0.000912293 -0.00448766 0.0184505 0.00888845 0.0172107 0.037029 0.00111793 -0.00987737 
-0.00583021 0.00354195 0.00519681 0.0221836 0.136619 -0.00189692 0.0116849 0.000814335 0.0145232 0.0100135 -0.00441061 0.0189144 -0.016904 -0.0071004 -0.00225342 -0.00453615 -0.000677586 -0.00475394 -0.00270175 -0.000425622 -0.00875382 -0.00015249 -0.00636448 0.00084676 6.00573e-05 -0.0169287 -0.00540542 -0.000470244 -0.00453333 0.00605953 -0.00288199 0.0156799 0.0104472 0.00859558 0.00508238 0.00239344 -0.000757905 0.0105627 0.000419325 -0.0017841 -0.0159245 -0.00113688 -0.000925018 -0.00325345 0.00634377 -0.00600092 -0.00927381 -0.0143766 -0.00392546 -0.00151317 -0.00217507 0.00419555 0.000123008 0.0170543 0.013844 0.00627647 0.00299806 -0.0487517 -0.00450948 -0.0252037 -0.00826049 -0.00346376 0.0114029 0.00236114 0.0010042 0.00373692 0.00680023 -0.0093459 -0.000950126 0.0143039 -0.025738 0.00815772 0.00342369 0.0109735 -0.00905947 -0.00825619 0.00095622 -0.00471443 -0.00154024 -0.00243439 -0.00766139 -0.00200721 -0.00426884 -0.0191072 -0.000952817 -0.013819 -0.00549004 -0.0127476 -0.00464742 -0.0293848 0.0118818 -0.00223838 0.0028947 -0.00163131 -0.0061771 -0.00309631 0.00795517 0.00878995 -0.00630954 0.000678955 
-0.00127736 -0.00115392 -0.0123119 0.00197542 -0.00189692 0.0171225 -0.00229626 0.0121259 -0.002583 -0.00117216 0.0105002 -0.00458319 -0.0023853 0.00280546 -0.00033909 0.0118241 0.00699352 -0.000638052 0.0096286 -0.000861001 -0.00147834 -0.00328422 0.0120798 -0.0032193 0.000267975 -0.00228865 -0.000889043 -0.000850026 -0.00358598 -0.000552022 0.000734038 -0.00225991 -0.00329768 -0.00414704 -0.00167866 -0.0011577 -0.000223586 -0.00272574 0.000437946 0.00109839 -0.00134639 -0.000454148 0.00914988 -0.000628018 -0.0016512 -0.0039789 0.00756486 -0.000956654 0.00965945 -0.0041082 0.00515141 0.00461578 -0.000657977 -0.0085248 -0.00514982 -0.000159568 0.0115489 -0.00604396 0.00701207 -0.00397319 -0.00371533 0.00068652 0.000980257 0.00405878 -0.000311399 -0.00190535 -0.0019947 -0.0067368 0.000706555 -0.00455395 -0.00558967 -0.000820026 0.00478394 -0.00388168 -0.00243294 0.00549224 -0.00312517 -0.000110351 6.90225e-05 0.00664324 -0.00130778 -0.000394226 -0.000964556 -0.000572247 -0.00082311 -0.00180162 -0.000361115 -0.00203846 -0.000965693 -0.00841244 -0.00146889 0.000528285 0.00143456 -0.000460593 -0.00401886 -0.00428946 0.00400432 -0.00626949 -0.000474411 -0.00111457 
-0.00724238 -0.00523806 0.00578066 0.00416486 0.0116849 -0.00229626 0.13442 -0.00163528 -0.0285744 0.0162209 -0.00378848 0.00604876 -0.00341461 -0.0418391 -0.0026354 -0.00669879 -0.00237901 0.0194249 -0.00558715 0.00195357 -0.0127679 0.0512141 -0.00574338 -0.0299544 -0.000846751 -0.0176057 -0.00298044 -0.00743864 0.0249875 -0.000190143 0.00149784 0.0169961 -0.0013788 -0.0330672 -0.00694836 -0.00545897 0.00322497 -0.0176185 -0.000933471 -0.00165514 -0.00726131 0.00462663 -0.00260636 -0.00421065 0.0480482 -0.00235069 -0.0140413 -0.00750521 -0.00617999 0.00847503 -0.00226797 0.00187644 -0.00245728 -0.0445124 0.00446934 0.00506675 -0.00859772 -0.0223419 -0.00177355 0.0279555 -0.018136 -0.00536887 -0.046666 -0.00226603 0.00848267 -0.00550604 -0.0188248 0.0389946 -0.00645016 0.048565 0.00540643 0.00530517 -0.00732873 -0.0240229 -0.0171026 -0.00394303 0.0711247 -0.000734663 0.00445175 -0.00259374 -0.00149762 -0.0019167 -0.00450515 -0.0231047 0.00306333 -0.00169193 -0.00416053 -0.00704609 -0.00428987 -0.033423 -0.0154994 -0.00180757 -0.00387116 -0.000978276 -0.0347319 0.0461991 0.056134 0.0109504 -0.00670145 -0.0106215 
-0.00686945 0.0026102 -0.0262416 0.0180659 0.000814335 0.0121259 -0.00163528 0.0868012 -0.00929223 -0.00813492 0.0251317 -0.0267885 -0.010161 0.0107492 -0.00150133 0.0292391 0.00963999 0.00122187 0.0282987 0.00458912 -0.00425122 -0.00542818 0.0201717 -0.00874271 1.87552e-05 -0.00190868 -0.00278887 0.0001516 -0.0172509 -0.00165545 0.00591109 -0.00835992 -0.0128892 -0.00768267 -0.00601629 -0.00542233 -0.0014114 -0.00138186 0.00341103 0.00508693 -0.00359019 -0.00127572 0.0173658 -0.0026185 0.00403577 -0.0144878 0.0215908 -0.000531142 0.0279019 -0.0134368 0.0109861 0.00445898 -0.0016782 -0.0297073 -0.0242281 7.31652e-07 0.0392984 -0.0266094 0.0165731 0.000716992 -0.0173349 -0.00374231 0.00734246 0.00982887 0.000562732 -0.000982499 -0.00533914 -0.0218513 -0.000158997 -0.00475393 -0.0133916 -0.00479397 0.00837161 -0.0155436 -0.0101352 0.0166691 -0.0081061 0.000978858 0.00189884 0.0129821 -0.0019741 -0.0004128 -0.000204889 0.00657334 -0.00328297 -0.00907924 -0.00137318 0.00280055 0.00152293 -0.0329062 0.00138779 0.00137757 0.00145367 -0.00425346 -0.0121808 -0.0108878 0.0227469 -0.0160877 -0.00398178 -0.00672859 
0.00625387 -0.0119652 0.032697 0.00993617 0.0145232 -0.002583 -0.0285744 -0.00929223 0.170701 -0.0124711 -0.00675533 -0.0122961 -0.0229001 0.0577144 0.000852057 -0.0107158 -0.00300155 -0.00942276 -0.00435209 -0.0171673 -0.0207792 -0.0117465 -0.0102891 0.12217 -0.000789917 0.00453918 -0.0180777 0.000573688 -0.0435475 -0.0147162 -0.00733381 -0.0024506 -0.0171064 0.0967693 -0.0188439 -0.0140144 -0.0146755 0.0603384 0.00298561 -0.0108931 -0.0212961 -0.000831842 -0.00268603 -0.0121163 -0.0166011 -0.0552988 0.031176 -0.0241562 -0.00891275 -0.0553526 -0.000365977 -0.00365468 -0.00519651 0.0870046 -0.0199347 -0.00588074 -0.00891223 -0.0461394 -0.0076918 -0.048058 0.000263192 -0.0111736 0.103134 -0.00671566 -0.000263201 -0.0255169 0.0344606 -0.0649401 0.00290855 -0.0509893 -0.0558699 -0.0113195 -0.0132767 0.104208 0.0730454 -0.00985159 -0.0260885 0.00093082 -0.00190742 -0.00345026 -0.00698451 -0.00549827 -0.00969996 -0.0329604 -0.00802394 -0.0241913 -0.0103176 -0.0461758 -0.0111961 0.00969233 0.0274702 -0.00335315 0.000630444 0.0161218 0.109803 -0.0550463 -0.0324118 0.0720434 -0.0127225 -0.0131562 
-0.00231975 -0.00130482 -0.010547 0.00351889 0.0100135 -0.00117216 0.0162209 -0.00813492 -0.0124711 0.0960949 -0.00246655 -0.010647 -0.0107932 -0.020277 0.00118316 -0.000912718 -0.000982508 0.00162549 -0.00323558 0.006553 0.00973775 0.0273884 -0.000657653 -0.0205406 -0.000513471 -0.0109385 0.000434585 -0.000902957 0.036283 0.0188672 -0.000879111 0.0155926 -0.0135665 -0.0136333 -0.0121549 -0.00401224 0.0115424 -0.0139452 -0.000905814 0.00280439 0.00364217 0.000456126 -0.0022388 0.00642127 0.00711732 -0.0200146 -0.00795127 -0.0051668 -0.00434683 -0.0195384 0.000336881 0.000827766 0.00387095 -0.0390821 -0.0214541 0.00747923 -0.0094394 -0.014336 -0.00143836 -0.0078783 -0.0144519 0.00949674 -0.0152414 0.0085152 -0.000770256 0.0213465 -0.0106053 0.0174517 -0.00257323 0.0451973 -0.0240285 -0.00386744 0.0119662 -0.0219079 -0.0151574 -0.00553995 0.019276 0.000101898 -0.000803351 -0.00112369 -0.00583961 -0.000118773 -0.00139254 0.017632 0.00481272 -0.000245893 -0.00131612 -0.0225902 -0.00483111 -0.0321963 -0.00392528 -0.00184663 0.00122089 0.000669361 -0.0196391 0.0486959 0.0190901 0.0245661 -0.00177584 0.00453698 
-0.00287321 -0.00203123 -0.023812 0.000644893 -0.00441061 0.0105002 -0.00378848 0.0251317 -0.00675533 -0.00246655 0.0408606 -0.0113049 -0.00589635 0.00283964 -0.00073737 0.0277543 0.00976397 0.00163707 0.022364 -0.00133769 -0.00364937 -0.00467332 0.0164722 -0.0042534 -8.07996e-05 -0.00534516 -0.00260562 -0.00180942 -0.00717729 -0.00210813 -0.00086632 -0.00449413 -0.00815113 -0.00878488 -0.0092981 -0.00288848 -0.00182797 -0.00802592 0.0056889 0.000538423 -0.00065154 -0.00125768 0.0155663 -0.00222901 -0.00174244 -0.0038533 0.0140985 -0.00473872 0.025535 -0.00739127 0.00299247 0.00532511 -0.00154035 -0.0180438 -0.00961423 -0.00100708 0.0242885 -0.0150618 0.0174721 0.00268025 -0.00798061 -0.00203052 0.00737304 0.00986446 -0.000678567 -0.00434523 -0.00363771 -0.00882784 -0.00155846 -0.00917969 -0.0106824 -0.00202903 0.00899727 -0.00415012 -0.00372987 0.0117899 -0.002367 0.000627494 9.80222e-06 0.0134584 -0.00267002 -0.000870457 -0.00142101 -0.00105549 -0.0018841 -0.0051501 -0.000520237 -0.00197829 -0.00232729 -0.0212598 -0.00483726 0.000515399 0.000270924 -0.000885521 -0.0086579 -0.00709557 0.0215221 -0.0106631 -0.00241504 -0.0031105 
-0.0154701 0.00777855 0.0168514 -0.0160436 0.0189144 -0.00458319 0.00604876 -0.0267885 -0.0122961 -0.010647 -0.0113049 0.233899 0.0623161 -0.0624783 -0.00566288 -0.0125452 0.000730514 -0.0118934 -0.0169052 -0.026071 -0.0406426 -0.0255234 -0.00599122 -0.00343934 -0.000674192 -0.0301415 -0.0248411 -0.0100291 -0.0152878 -0.0297323 -0.00986161 -0.010689 0.090915 -0.0304399 0.00546733 0.0316124 -0.01016 -0.0466326 -0.00497984 -0.0145861 0.00538878 -0.00922117 -0.00796872 -0.0185607 0.00647303 0.103482 -0.0196793 -0.0216462 -0.0103191 0.129747 -0.004807 -0.00403356 0.00362657 0.0683746 0.147274 -0.00188874 -0.0147631 0.0191163 -0.00324199 0.0380499 0.0709571 -0.0215009 -0.0285421 -0.00816315 -0.00689277 -0.0402356 -0.00879694 -0.0480111 -0.012846 -0.0743899 0.0293721 0.0224845 -0.0182336 -0.0289977 0.0198992 -0.00424873 0.0437284 -0.0111858 -0.00180118 -0.00555082 -0.0124536 0.00159527 -0.00888315 -0.0619803 -0.0143298 0.0208871 -0.00575155 -0.0177787 0.00484731 0.0924814 -0.0341125 -0.00145251 -0.0076769 -0.0110026 -0.0132769 -0.0707624 -0.0308357 -0.0495014 -0.00445227 0.0237993 
-0.00608396 0.0135193 -0.0150335 -0.0152087 -0.016904 -0.0023853 -0.00341461 -0.010161 -0.0229001 -0.0107932 -0.00589635 0.0623161 0.127295 -0.0370522 -0.00264731 -0.00618752 -0.000137125 -0.0051644 -0.00793591 -0.00860178 -0.00967141 -0.0202082 -0.00144703 -0.0189582 -1.93887e-05 0.00671665 -0.0088457 -0.00279696 -0.0172231 -0.0119802 -0.000778084 -0.0194644 0.0403521 -0.0348149 -0.00343923 0.0123727 0.00349905 -0.0298951 -0.00281493 -0.00340386 0.0101539 -0.00465472 -0.00326296 -0.00634715 -0.00535749 0.0642636 -0.0152926 0.00268994 -0.00305579 0.0704853 -0.00159955 -0.000940523 0.000975436 0.0276077 0.0671004 -0.00369428 -0.00737601 0.0459492 -0.00461275 0.0452085 0.0672604 -0.00838895 -0.0348776 -0.00398528 -0.0021163 -0.0208762 -0.0141816 -0.033945 -0.00556145 -0.0372094 0.0272424 0.00363381 -0.00918948 -0.030446 0.00666515 0.00522169 0.0132597 -0.00359751 -0.00113157 -0.00235322 -0.00430206 -0.00030292 0.00122661 -0.0306142 -0.00476895 0.0148465 0.00447695 -0.00736158 0.0199101 0.0620552 -0.018848 -0.00121766 -0.00398562 -0.00281324 -0.028814 -0.0371301 -0.0236006 -0.0492999 -0.00401384 0.0170903 
0.0182703 -0.0165684 0.01311 0.0270779 -0.0071004 0.00280546 -0.0418391 0.0107492 0.0577144 -0.020277 0.00283964 -0.0624783 -0.0370522 0.201927 0.00390497 0.00180452 -0.00147784 -0.0104717 0.0157687 -0.0119053 0.0221954 -0.0341014 0.0107136 0.0655792 -0.00162037 0.0166363 0.0197934 -0.00342125 -0.0415514 -0.0101604 0.0039419 0.016136 -0.0543416 0.064065 -0.0142246 -0.0181436 -0.0167357 0.0770081 0.00382987 -0.00525133 -0.0204609 -0.00296346 0.00452835 -0.00466645 -0.0241361 -0.0730896 0.0337166 0.00190983 0.00283419 -0.0777317 0.016321 -0.00543261 -0.00719116 0.0267009 -0.0835136 -0.00668883 0.00203735 -0.0164612 -0.00514368 -0.0592208 -0.0478334 0.00834341 0.092843 -0.00817357 -0.0046664 -0.00263585 0.0230086 -0.0155726 0.0246262 -0.0267063 -0.0313429 -0.0145088 0.002666 0.0810201 0.00240533 -0.00947954 -0.0548863 -0.0029577 -0.00282528 -0.0035069 -0.00364134 -0.000568772 0.00398152 0.0437065 -0.00535834 -0.0224959 -0.0102977 0.0116161 -0.0111174 -0.0387553 0.0350567 -0.00257338 0.00133197 0.00577283 0.0750455 -0.0330169 -0.0181726 0.0317431 -0.00976541 -0.0108057 
0.0025317 -0.00110082 0.00125066 0.00159329 -0.00225342 -0.00033909 -0.0026354 -0.00150133 0.000852057 0.00118316 -0.00073737 -0.00566288 -0.00264731 0.00390497 0.0200234 0.00119865 -0.000382764 -1.07823e-05 -0.000891892 -0.00126277 0.00426054 0.00081942 -0.000598919 0.00102751 -2.58631e-06 -0.001695 0.000102401 -0.000310029 0.000621134 0.00128711 0.000115102 0.00252102 -0.00398246 0.0045596 -0.00410656 -0.00139632 -0.00107395 0.00209258 -0.000340613 -0.00069637 -0.00114143 -0.000503897 -0.000437203 -0.00063785 -0.00126708 -0.00583338 -0.00140494 -0.00214021 -0.000316518 -0.00580503 -0.000612556 -0.000209737 0.00125559 8.83785e-05 -0.00501428 -0.000549949 -0.00179242 -0.00196923 -0.000537382 -0.00577658 -0.00206457 -0.000505565 0.00403302 0.000293707 -0.000198781 0.00671858 0.00496846 0.000708964 0.0039355 0.000447704 -0.00599667 -0.00115374 0.000823162 0.00256028 -0.00183225 0.00015933 -0.00297018 -0.000345931 -0.000113202 -0.000123524 -0.00118811 8.36361e-05 -0.000583008 0.00284717 0.000112213 -0.00196829 -0.000719629 -0.00245816 -0.00114838 -0.0068798 0.00723295 -0.000350906 -0.000134073 -0.000186748 0.00537478 0.000591472 -0.00153644 0.0066604 0.00384132 -0.00064465 
-0.00347129 -0.000795795 -0.038434 0.00765395 -0.00453615 0.0118241 -0.00669879 0.0292391 -0.0107158 -0.000912718 0.0277543 -0.0125452 -0.00618752 0.00180452 0.00119865 0.0539995 0.0106458 -0.00122036 0.0244292 -0.00126349 -0.00360711 -0.000613949 0.0187834 -0.00924399 0.00229037 -0.00810616 -0.00452952 -0.000432317 -0.00438496 0.000244689 0.00071931 -0.00606934 -0.00936405 -0.0124906 -0.0112416 -0.00248308 0.00299776 -0.00899296 0.00204131 0.00178382 0.0050217 -0.00157545 0.0155914 -0.0025602 -0.00457623 -0.00853273 0.016001 -0.00582213 0.0305175 -0.00959859 0.0059925 0.00675843 -0.00133433 -0.0240134 -0.0115537 -0.000241746 0.0241506 -0.0170245 0.0178506 -0.00888835 -0.0109538 0.000162868 0.0125386 0.0136177 -0.00118541 0.00453552 0.0017804 -0.0119991 -0.00130012 -0.00574027 -0.0227312 -0.00309781 0.0178451 -0.0112678 -0.00746467 0.0122641 -0.00788339 -0.00119455 0.000333772 0.0148222 -0.00426921 -0.00129206 -0.00290368 -0.000197024 -0.002048 -0.00551148 -0.00138889 -0.00734015 -0.00152848 -0.0268063 0.00557081 0.00104681 0.00294062 -0.000451448 -0.0120873 0.000802177 0.0159196 -0.00633533 -8.02772e-05 -0.00235408 
-0.00148815 -0.000396211 -0.0110877 0.000157297 -0.000677586 0.00699352 -0.00237901 0.00963999 -0.00300155 -0.000982508 0.00976397 0.000730514 -0.000137125 -0.00147784 -0.000382764 0.0106458 0.0197589 -0.000893076 0.00876436 -0.00107087 -0.00229249 -0.0037111 0.00935554 -0.00297826 -1.8149e-05 -0.00193903 -0.00154703 -0.000347559 -0.00294977 -0.0015963 -0.000624476 -0.00254001 0.00196406 -0.00383902 -0.00115056 0.000114938 -0.00100719 -0.00378228 0.000800557 8.8017e-05 -0.000263495 -0.000630798 0.00644537 -0.00113961 -0.00169686 -0.000452533 0.00494699 -0.00188792 0.010339 0.00318837 0.000785208 0.00241297 0.00169389 -0.00465967 0.000853788 -0.000241919 0.00893864 -0.005593 0.00586955 -0.00330488 -0.00300288 -0.00100566 0.000347146 0.00272151 -0.000462996 -0.00271288 -0.00197893 -0.00825059 -0.000309315 -0.00653541 -0.00488944 0.00112641 0.00255462 -0.00612285 -0.00157021 0.00499575 -0.00341729 -0.000479415 6.10673e-05 0.00644356 -0.000869867 -0.000322941 -0.00093328 -0.00290051 -0.000862368 5.21615e-05 -0.000224275 -0.00368262 -0.000152017 -0.00355423 -0.00233874 0.00134725 0.00022017 -0.000684366 -0.00456105 -0.00554943 0.00269021 -0.00776758 2.8866e-05 0.00246947 
-0.00161881 -0.00250432 0.00639335 -0.00387821 -0.00475394 -0.000638052 0.0194249 0.00122187 -0.00942276 0.00162549 0.00163707 -0.0118934 -0.0051644 -0.0104717 -1.07823e-05 -0.00122036 -0.000893076 0.0441389 -0.00089231 -0.00158612 -0.00427381 0.0167573 -0.00138506 -0.00834273 -0.000209077 -0.00470959 5.64907e-05 0.0010944 0.00383568 0.000787016 0.00707127 0.00358919 -0.00557109 -0.00150562 -0.00566399 -0.0031275 -0.0017103 -0.00306875 0.000898085 0.00207537 -0.0046023 0.000919046 -0.000258507 -0.00208021 0.0153883 -0.00833423 1.99865e-05 -0.00225359 -0.00175462 -0.00644866 -0.000287917 -0.00087344 -0.000952972 -0.0178148 -0.0101525 -5.406e-05 -0.00199915 -0.0151591 0.00148623 0.011293 -0.00593397 -0.00256768 -0.0133914 -0.000757519 0.00500258 0.00587253 -0.004166 0.0108886 -0.000713256 0.0149722 -0.00357126 -0.00161571 -0.00279304 -0.0102608 -0.00288967 0.00217816 0.0194327 0.0035803 0.00420801 -0.000524907 0.0046891 0.00060613 -0.00019934 -0.00404506 0.00236348 -0.00293445 -0.00173642 -0.000560285 -0.00176886 -0.0193598 -0.00274708 -0.000275366 -0.00113293 -0.0015357 -0.010129 0.020183 0.021266 0.0105666 0.00123949 -0.00361064 
-0.00265785 -0.00402944 -0.0221993 0.0125247 -0.00270175 0.0096286 -0.00558715 0.0282987 -0.00435209 -0.00323558 0.022364 -0.0169052 -0.00793591 0.0157687 -0.000891892 0.0244292 0.00876436 -0.00089231 0.0564643 -0.00215034 -0.00331198 -0.00493375 0.0159499 -0.00179881 -0.000182678 -0.00836931 -0.00193981 7.38771e-06 -0.00820269 0.00177744 0.00120809 -0.00178804 -0.0117557 -0.00226759 -0.00893635 -0.00385618 -0.00156875 0.000791896 0.00421235 0.000792639 -0.00175401 -0.000735211 0.0150323 -0.00160276 -0.000829619 -0.011796 0.0241346 -0.00406265 0.0231199 -0.00989471 0.00708884 0.00286223 -0.00166383 -0.0149148 -0.0169704 -0.00109703 0.0187084 -0.0199935 0.01057 -0.00799243 -0.0114641 -0.00290592 0.0216477 0.00578676 -0.000461559 -0.00222946 -0.0011748 -0.0129217 0.00393964 -0.0134432 -0.0179916 -0.0031638 0.00602565 -0.00981015 -0.00102921 0.00907809 -0.00939161 0.00312142 -0.00044341 0.00882341 -0.00467363 -0.00149367 -0.00250983 0.00774561 -0.00243538 -0.00718162 -0.00199781 -0.00246612 -0.00209239 -0.0257082 0.00229006 -0.000182502 -0.000740623 -0.00204935 -0.00260416 -0.0066392 0.0140568 -0.00408353 -0.00383533 -0.00413232 
-0.00451347 0.00110752 -0.0392506 -0.00161159 -0.000425622 -0.000861001 0.00195357 0.00458912 -0.0171673 0.006553 -0.00133769 -0.026071 -0.00860178 -0.0119053 -0.00126277 -0.00126349 -0.00107087 -0.00158612 -0.00215034 0.0751833 -0.00670364 0.00217846 0.000379437 -0.0204666 0.000160147 0.00739896 0.0200004 -0.000254465 0.0130811 0.0193881 0.000180126 -0.00505454 -0.0154704 -0.0198236 0.018485 -0.00182645 0.0215363 -0.0105275 -0.00119987 0.00544628 0.00260526 0.0103161 -0.000451417 0.0260576 0.000739501 -0.0150395 -0.00761386 0.0325832 0.000426762 -0.0205756 0.000178474 0.00222001 -0.00179531 -0.0380439 -0.0238991 0.0110669 0.00184184 0.00267292 0.0011642 0.0138616 -0.0160267 0.0136745 -0.0227129 -3.65715e-05 0.00208101 0.00186391 -0.00500394 0.0155952 -0.00312013 0.0366738 0.0213206 0.00344754 0.00584518 -0.0188065 -0.0136901 -0.000955388 -0.00995544 0.00125835 -0.000464197 -0.000333115 0.009765 0.0029346 0.005795 -0.00705282 0.000591895 -0.00443254 0.00732099 0.0138207 0.00150072 -0.0207961 -0.00530502 -0.000864219 0.00506982 -0.00092064 -0.018138 0.0326515 0.000950736 -0.0205744 -0.00270522 -0.00579738 
0.008289 0.00419024 0.00528483 -0.00354564 -0.00875382 -0.00147834 -0.0127679 -0.00425122 -0.0207792 0.00973775 -0.00364937 -0.0406426 -0.00967141 0.0221954 0.00426054 -0.00360711 -0.00229249 -0.00427381 -0.00331198 -0.00670364 0.106576 0.000780094 -0.00323245 -0.0275595 -0.000754791 0.0160818 0.0178696 -0.00528617 0.00791634 0.0163022 0.00753651 -0.00254021 -0.0234357 -0.00359107 -0.00597235 -0.00688895 0.000343686 -0.00215571 -0.00188561 0.0136202 0.00356872 -0.00281746 -0.00236238 -0.00149243 -0.0114031 -0.0199122 -0.00783403 0.00172323 -0.00480319 -0.0319284 -0.00225495 -0.000793188 0.00325834 -0.0182249 -0.0325905 -0.00260071 -0.00626194 0.0223336 -0.00318481 -0.0316055 -0.00886008 0.0131886 -0.00579424 0.000965129 -0.00173819 0.0312875 -0.0100871 0.0313026 0.00560875 0.0331602 -0.0123858 -0.00654535 0.0114601 -0.00645041 -0.0146746 -0.000896715 -0.0170635 0.00188513 -0.00059323 -0.00181858 -0.00249355 0.000158431 0.00131465 0.0480689 0.0088594 0.00403569 0.00512247 0.0072027 -0.00154946 -0.00438913 0.0099724 -0.000703274 -0.00151141 -0.00578237 -0.016462 0.0354899 -0.013086 -0.0114429 0.00649606 0.00598148 
-0.00303311 -0.0108129 0.015364 0.0199705 -0.00015249 -0.00328422 0.0512141 -0.00542818 -0.0117465 0.0273884 -0.00467332 -0.0255234 -0.0202082 -0.0341014 0.00081942 -0.000613949 -0.0037111 0.0167573 -0.00493375 0.00217846 0.000780094 0.163647 -0.00767762 -0.00320611 -0.000395699 -0.0228668 -0.00760209 -0.00962149 0.0476577 0.00929683 0.00382729 0.0170976 -0.0297321 -0.0242889 -0.0310644 -0.0129259 -0.00680397 0.00510938 0.000557834 0.00879558 -0.0143676 0.0060748 -0.00292596 -0.00649342 0.033415 -0.050669 -0.0110141 -0.0204871 -0.00534748 -0.0441932 -0.00378133 0.00110069 -0.00380635 -0.0400481 -0.0370337 0.00310935 -0.0124423 -0.0395692 -0.000227589 -0.0188093 -0.0182831 0.00322269 -0.017541 0.00102884 0.00852478 0.0238131 -0.0160209 0.0475002 -0.00799963 0.0771231 -0.0593466 -0.0092126 0.00417478 -0.0103679 -0.00544911 -0.00578283 0.0497647 0.00847766 0.00451512 -0.00291693 -0.0135313 -2.49349e-05 -0.00377862 0.00826231 0.0119388 -0.0120803 -0.00693545 -0.0265277 -0.00972157 -0.0526107 0.00273067 -0.00315841 -0.000740449 0.00191709 -0.00471217 0.0817905 0.0637636 0.0658732 -0.00364046 -0.0125755 
-0.00339572 -0.00134854 -0.0262496 0.00248639 -0.00636448 0.0120798 -0.00574338 0.0201717 -0.0102891 -0.000657653 0.0164722 -0.00599122 -0.00144703 0.0107136 -0.000598919 0.0187834 0.00935554 -0.00138506 0.0159499 0.000379437 -0.00323245 -0.00767762 0.0516398 -0.00694884 -0.000120807 -0.00116849 0.00470282 -0.00290271 -0.007159 -0.00203518 0.000448166 -0.00633287 -0.00336377 -0.0137266 -0.00445921 -0.00228112 -0.00256367 -0.00956225 0.00108457 -0.000536558 -0.00268656 -0.00152518 0.010909 -0.000134091 -0.00366627 -0.00346806 0.00930642 0.00197929 0.0177512 -0.000444145 0.0105341 0.00379592 -0.00055766 -0.0187915 -0.00726172 -0.000744256 0.0201527 0.00107154 0.0106573 0.00150152 -0.0048275 0.00218836 -0.0038347 0.00430603 -0.000954535 -0.00686992 -0.00624699 -0.0112709 0.00369096 -0.00849973 -0.00103118 -0.00216571 0.0077838 -0.00214182 -0.00887378 0.00558595 -0.00557674 -0.00112975 0.000931408 0.00790599 -0.00128487 0.000578369 0.00290007 0.00821736 -0.00216559 -0.00284852 -0.000951671 0.00444833 -0.000920287 -0.0131705 -0.00654972 0.000533113 0.00223578 0.0004634 -0.0132181 -0.011448 0.00945234 -0.0192869 -0.00220648 0.00114762 
0.00534351 -0.018484 0.030106 0.00699247 0.00084676 -0.0032193 -0.0299544 -0.00874271 0.12217 -0.0205406 -0.0042534 -0.00343934 -0.0189582 0.0655792 0.00102751 -0.00924399 -0.00297826 -0.00834273 -0.00179881 -0.0204666 -0.0275595 -0.00320611 -0.00694884 0.192642 -0.00109282 -0.0112528 -0.0212914 0.00676034 -0.0395975 -0.0182599 -0.00624863 0.0101405 -0.0207668 0.107886 -0.0422873 -0.00970334 -0.0163496 0.0692946 0.00314596 -0.0107624 -0.0280962 -0.000237882 -0.00374604 -0.0145218 -0.00349356 -0.0566342 0.0341807 -0.0298722 -0.00647588 -0.0448535 -0.000781484 -0.00545176 -0.00368251 0.102129 -0.0171672 -0.00714928 -0.0144891 -0.0672796 -0.00199419 -0.0417689 0.000706922 -0.0143511 0.108792 -0.00722551 -0.00256305 -0.0289771 0.038218 -0.0884286 0.0062334 -0.0645248 -0.0670368 -0.0108036 -0.0119236 0.0869049 0.077165 -0.00519592 -0.0179751 0.00104505 -0.00123235 -0.00241586 -0.0145289 -0.00588739 -0.0099212 -0.0342104 -0.00841064 -0.0258981 -0.0117096 -0.063582 -0.012331 0.00135228 0.0252376 -0.00294059 0.00168758 0.0192903 0.119857 -0.0520065 -0.00956252 0.0830739 -0.00504272 -0.015679 
-0.000451812 0.00086704 -0.00224341 -0.000537947 6.00573e-05 0.000267975 -0.000846751 1.87552e-05 -0.000789917 -0.000513471 -8.07996e-05 -0.000674192 -1.93887e-05 -0.00162037 -2.58631e-06 0.00229037 -1.8149e-05 -0.000209077 -0.000182678 0.000160147 -0.000754791 -0.000395699 -0.000120807 -0.00109282 0.00753204 -0.000347713 -0.000334536 0.000896059 0.000237346 0.000516811 -1.8961e-05 -0.000669895 0.000755081 -0.00115597 -0.000505458 0.000124245 0.000662692 -0.00122317 -0.000126915 0.00115607 0.000879757 -1.70022e-05 -4.94491e-05 -0.000280764 -0.000590217 0.00115367 -0.000571546 -0.000463068 0.000532848 0.000707497 -0.000200168 0.000782229 4.3378e-05 -0.000683816 0.000276377 2.06505e-05 -0.000203991 -8.42799e-05 0.000662979 -0.00101861 2.76106e-05 0.00123611 -0.00114853 0.00142181 -0.000106522 0.000402037 0.000549768 -7.49152e-05 -0.00016889 0.000440868 -0.000503557 3.91674e-05 0.00207547 -0.00163067 -0.000944012 0.000119424 -0.00119347 -0.000230917 -4.94162e-05 0.000276428 0.000206092 -0.00010106 -0.000347183 -0.00138979 -0.000255976 -0.00059597 -0.000135781 -0.000633759 3.02764e-05 -0.00100818 0.00132804 0.00034697 0.0014084 7.61361e-05 -0.00102017 0.0007749 -0.00111031 -0.00113446 0.000762327 0.000757843 
0.0174382 0.0247299 -0.00493375 -0.014551 -0.0169287 -0.00228865 -0.0176057 -0.00190868 0.00453918 -0.0109385 -0.00534516 -0.0301415 0.00671665 0.0166363 -0.001695 -0.00810616 -0.00193903 -0.00470959 -0.00836931 0.00739896 0.0160818 -0.0228668 -0.00116849 -0.0112528 -0.000347713 0.133472 0.00528574 -0.00124247 -0.02942 -0.0116873 -0.000130558 -0.0189123 -0.0194898 -0.0181242 0.030631 -0.00494027 -0.000952168 -0.0129303 -0.00216393 0.00414818 0.0160111 0.0019264 -0.00344063 0.00809243 -0.013724 -0.00790547 -0.0148131 0.0314007 -0.00240105 -0.00573854 -0.000442799 -0.00131029 -0.0030462 -0.0221684 -0.0323737 -0.00213716 0.00442468 0.0616514 -0.00485745 -0.00691472 0.00286987 0.000492184 -0.0216817 -0.00473976 0.00125425 -0.015078 -0.0165509 0.0133263 -0.000908596 0.000655014 0.0420867 -0.00558264 -0.00821698 0.0225199 -0.0154954 -0.00760187 -0.0243101 -0.00481715 -0.00070884 -0.00220224 0.0232684 -0.00029394 0.00766794 0.0125581 -0.00216407 0.00614045 0.00834237 0.0517118 0.0151414 0.0481697 -0.0171684 0.00369241 -0.00243189 0.00350397 -0.00566197 -0.0263105 -0.0151905 -0.0419403 -0.0096617 0.00109596 
0.00187701 -0.00477559 -0.0129847 -0.00812265 -0.00540542 -0.000889043 -0.00298044 -0.00278887 -0.0180777 0.000434585 -0.00260562 -0.0248411 -0.0088457 0.0197934 0.000102401 -0.00452952 -0.00154703 5.64907e-05 -0.00193981 0.0200004 0.0178696 -0.00760209 0.00470282 -0.0212914 -0.000334536 0.00528574 0.0770141 -0.00210232 0.00272397 0.00874454 -0.000498983 -0.0043083 -0.0169593 -0.0191127 0.014613 -0.00537546 0.00218703 -0.0158817 -0.000904088 0.000793813 0.00071987 0.000395684 -0.00131015 0.0120334 -8.02033e-05 -0.0140947 -0.0083086 0.0266658 -0.003192 -0.0204544 0.000431151 -0.000699046 -0.00283097 -0.0352424 -0.0235567 0.00353316 0.000764072 0.0258291 -0.0018545 0.0088872 -0.0145085 0.0184244 -0.0228558 -0.00269663 -0.000300584 0.000822387 -0.00945506 0.0372898 0.00617686 0.0366575 0.0264259 -0.00155106 0.00901975 0.00305087 -0.0146315 -0.00458186 -0.0110031 -0.00177036 -0.000421366 -0.00145583 0.000263675 0.003177 0.0102278 0.0216417 -0.00204501 -0.00847376 -0.00207146 0.0346532 -0.00085609 -0.0157795 -0.00718305 -0.00067758 -7.95199e-05 -0.000322707 -0.0192856 0.0185049 -0.00627843 -0.0258565 -0.00281791 0.00149243 
0.00185517 0.00192745 -0.00328375 -0.00191626 -0.000470244 -0.000850026 -0.00743864 0.0001516 0.000573688 -0.000902957 -0.00180942 -0.0100291 -0.00279696 -0.00342125 -0.000310029 -0.000432317 -0.000347559 0.0010944 7.38771e-06 -0.000254465 -0.00528617 -0.00962149 -0.00290271 0.00676034 0.000896059 -0.00124247 -0.00210232 0.0554152 0.00596279 0.00357654 -0.00168374 0.00502876 -0.00513327 0.00843156 -0.0106138 -0.00337056 0.00343692 0.00407465 0.00040136 -0.00206634 -0.000970221 2.73724e-05 -0.00115656 0.000977017 -0.00126664 -0.00619337 -0.00354624 0.000174242 -0.00162047 -0.00146559 -0.00215947 -0.000983959 0.000547361 0.00307242 -0.00761854 -0.000435345 -0.00195838 -0.00584041 -0.00130765 0.00347824 0.00472058 -0.00184597 0.00559138 -0.000697185 -0.000659146 0.00283393 0.0133188 0.00103879 0.000984033 -0.00804632 0.00142174 -0.00112771 0.00312487 -0.00743863 -0.00148054 0.00126074 -0.00495665 -0.000606002 -0.000512319 -0.000769229 0.000442291 -0.000132507 -0.000940762 -0.00763771 -0.00114947 -0.00658437 0.00330118 -0.00577309 0.00261213 -0.00320733 0.00286773 0.00660911 -0.000188237 -0.000949641 -0.00341833 0.000844804 -0.00586111 0.0142179 0.00777502 -0.00204457 
-0.0106598 -0.011022 -0.0027699 0.000653824 -0.00453333 -0.00358598 0.0249875 -0.0172509 -0.0435475 0.036283 -0.00717729 -0.0152878 -0.0172231 -0.0415514 0.000621134 -0.00438496 -0.00294977 0.00383568 -0.00820269 0.0130811 0.00791634 0.0476577 -0.007159 -0.0395975 0.000237346 -0.02942 0.00272397 0.00596279 0.166175 0.0408406 0.00240416 0.0382238 -0.0169649 -0.00691606 -0.026123 0.00334707 0.0124341 0.00768132 -0.00238725 0.00638823 -0.00608068 0.0076097 -0.0040915 0.0119284 0.00630018 -0.024811 -0.00968477 -0.00452091 -0.00734106 -0.0236566 -0.00449831 -0.000158831 0.00771357 -0.0431203 -0.0298541 0.00228755 -0.0169068 -0.0303221 -0.00138512 -0.0263033 -0.0215994 0.00993 -0.0354811 0.00399363 0.000942865 0.0528433 0.000744186 0.0498277 -0.00283319 0.0700507 -0.0343564 -0.00463553 0.0055781 -0.061692 -0.0261928 -0.0067777 0.0242784 0.0062815 0.000328217 -0.00329517 -0.0086703 -0.00299812 -0.00408915 0.00691214 0.0187663 -0.013947 0.00373684 -0.0232705 -0.00589401 -0.0601437 0.00577752 -0.000342699 0.000650577 -0.00495151 -0.0261599 0.0926999 0.018601 0.0426311 0.0286322 -0.00172107 
-0.00550863 -0.00111775 -0.0189751 0.00254437 0.00605953 -0.000552022 -0.000190143 -0.00165545 -0.0147162 0.0188672 -0.00210813 -0.0297323 -0.0119802 -0.0101604 0.00128711 0.000244689 -0.0015963 0.000787016 0.00177744 0.0193881 0.0163022 0.00929683 -0.00203518 -0.0182599 0.000516811 -0.0116873 0.00874454 0.00357654 0.0408406 0.0793984 0.00977847 -0.0034859 -0.017795 0.000391455 -0.0117003 -0.00181333 0.0197137 0.0112474 -0.00119606 0.0158912 -0.0029458 0.00633441 -0.00107349 0.0158694 -0.00125058 -0.0240089 -0.00136546 0.00789884 -0.00210491 -0.0261813 0.00123876 0.0025021 -1.36142e-05 -0.0295257 -0.0263574 0.000807703 -0.00709194 -0.0169982 -0.00030598 -0.0170142 -0.0176191 0.0117723 -0.00795977 0.00556317 0.000687988 0.021512 -0.00348186 0.0117704 -0.00187173 0.0386395 -0.0183107 -0.00146525 0.0197941 -0.0243768 -0.0112676 -0.00527426 -0.0120377 0.00970963 -0.000586507 -0.00109551 -0.00451818 -0.000996802 -0.001282 0.0234922 0.0107148 -0.00874616 0.00264074 -0.0157004 -0.00185543 -0.042093 0.0167108 -0.00151419 0.00737521 -0.00224958 -0.018901 0.0509202 -0.0054664 0.00244498 0.000889455 -0.00476974 
-0.00262929 0.00379622 -0.00438472 0.0051216 -0.00288199 0.000734038 0.00149784 0.00591109 -0.00733381 -0.000879111 -0.00086632 -0.00986161 -0.000778084 0.0039419 0.000115102 0.00071931 -0.000624476 0.00707127 0.00120809 0.000180126 0.00753651 0.00382729 0.000448166 -0.00624863 -1.8961e-05 -0.000130558 -0.000498983 -0.00168374 0.00240416 0.00977847 0.0371466 -0.00209431 -0.00645047 0.00212664 -0.00573933 -0.00167743 -0.000902084 0.00819706 -0.000237303 0.0109148 -0.00349005 -0.000225823 0.000686284 0.000685535 -0.000237901 -0.0083367 0.00728829 0.0049615 -0.00114074 -0.0087254 0.010843 -0.000662596 -0.00105299 -0.0134087 -0.0100261 0.000139482 -0.00261856 -0.00729661 0.000892122 -0.00315983 -0.00673046 0.000643792 -0.00306419 0.00042589 0.0013603 0.0090157 -0.0044639 -0.00675038 -0.000694318 0.00842492 -0.0122138 -0.000987564 0.000199139 -0.0119992 -0.00316863 -0.00138174 -0.000233453 0.00550377 0.00108536 -0.000522171 0.000217428 -9.59163e-05 -0.000476327 0.00933102 0.00227859 -0.0042133 -0.00075991 -0.0041311 0.00463672 -0.011665 0.00409821 -0.000464245 -0.000331172 -0.00119088 -0.00379323 0.0127165 0.0046852 -0.00637652 -0.000498135 -0.000286113 
-0.00730782 -0.00879431 0.0151679 0.0200886 0.0156799 -0.00225991 0.0169961 -0.00835992 -0.0024506 0.0155926 -0.00449413 -0.010689 -0.0194644 0.016136 0.00252102 -0.00606934 -0.00254001 0.00358919 -0.00178804 -0.00505454 -0.00254021 0.0170976 -0.00633287 0.0101405 -0.000669895 -0.0189123 -0.0043083 0.00502876 0.0382238 -0.0034859 -0.00209431 0.11512 -0.0264359 0.0430003 -0.0287941 -0.00874829 -0.000663853 0.0341328 0.000114912 -0.00566035 -0.0122933 -0.00200293 -0.0019325 -0.00706167 0.00646054 -0.033326 0.000694567 -0.0147345 -0.00559579 -0.0336017 0.000117642 -0.00236133 0.00140406 -0.000538406 -0.0363666 0.00645996 -0.0107361 -0.0502743 -0.00249007 -0.0274382 -0.0265611 -0.0062907 0.0196719 -0.000416071 -0.000321127 0.0401882 0.0214799 0.00586042 0.00608098 0.017129 -0.0405512 -0.00610973 -0.00438304 -0.0156966 -0.0170504 0.00119691 0.0154897 0.00169826 -0.000167101 -0.00211512 -0.00503432 -0.00125885 -0.00807578 -0.00844781 0.00947622 -0.0135967 -0.0046421 -0.0269112 -0.00806719 -0.0603602 0.00527285 -0.00234326 -0.00187785 0.000457902 0.0216945 0.0358563 0.0273131 0.0649751 0.0209447 -0.00960422 
-0.013798 0.0121985 0.0102525 -0.0244117 0.0104472 -0.00329768 -0.0013788 -0.0128892 -0.0171064 -0.0135665 -0.00815113 0.090915 0.0403521 -0.0543416 -0.00398246 -0.00936405 0.00196406 -0.00557109 -0.0117557 -0.0154704 -0.0234357 -0.0297321 -0.00336377 -0.0207668 0.000755081 -0.0194898 -0.0169593 -0.00513327 -0.0169649 -0.017795 -0.00645047 -0.0264359 0.165594 -0.025046 0.0193645 0.0352875 -0.00219765 -0.0429634 -0.00350672 -0.00971472 0.0138908 -0.00542771 -0.00455343 -0.0103266 0.00300732 0.109361 -0.0171393 -0.0169039 -0.00552587 0.111937 -0.00800368 -0.00251451 0.00761309 0.0467377 0.116334 -0.00215127 -0.0030388 0.0312568 -0.00493568 0.0287282 0.0497358 -0.0121131 -0.0500129 -0.00700171 -0.00399518 -0.0295504 -0.0181669 -0.0377848 -0.00779497 -0.064696 0.0455792 0.0214598 -0.0133386 -0.0348819 0.0117775 -0.00885685 0.011123 -0.00499206 -0.000963308 -0.00355005 -0.00803857 0.000520694 -0.00737819 -0.0299397 -0.0066361 0.0218398 -0.000873337 -0.00407038 0.00686924 0.0819093 -0.0266511 0.00178768 -0.00434587 -0.00779262 -0.031931 -0.0600256 -0.0326668 -0.0609214 -0.00789231 0.0238252 
-0.0051364 -0.0159556 0.040372 0.0230812 0.00859558 -0.00414704 -0.0330672 -0.00768267 0.0967693 -0.0136333 -0.00878488 -0.0304399 -0.0348149 0.064065 0.0045596 -0.0124906 -0.00383902 -0.00150562 -0.00226759 -0.0198236 -0.00359107 -0.0242889 -0.0137266 0.107886 -0.00115597 -0.0181242 -0.0191127 0.00843156 -0.00691606 0.000391455 0.00212664 0.0430003 -0.025046 0.194155 -0.0480517 -0.0165871 -0.00822833 0.0878713 0.00202817 -0.00921721 -0.0259454 -0.00396626 -0.00383078 -0.0145924 -0.0220863 -0.0607503 0.0517267 -0.0283494 -0.00953259 -0.0714611 0.000483553 -0.0053082 0.00164869 0.0915365 -0.0393565 -0.00519022 -0.0221559 -0.0891198 -0.00938385 -0.0663762 -0.0192912 -0.0139769 0.104686 -0.00595885 -0.00281908 0.0229959 0.0554668 -0.0799054 0.0111527 -0.051037 -0.0889979 -0.0134008 -0.0140864 0.051422 0.0690055 0.00303082 -0.0303936 0.00821529 -0.0019144 -0.00389658 -0.0078993 -0.00612162 -0.0138131 -0.010334 0.00705127 -0.0269259 -0.0118732 -0.0659327 -0.0150546 -0.0418815 0.0438701 -0.00484016 -0.000758578 0.00454196 0.112345 -0.0181594 -0.0193699 0.109596 0.0226796 -0.0211071 
-0.00241096 -0.00199961 -0.0176565 -0.0217723 0.00508238 -0.00167866 -0.00694836 -0.00601629 -0.0188439 -0.0121549 -0.0092981 0.00546733 -0.00343923 -0.0142246 -0.00410656 -0.0112416 -0.00115056 -0.00566399 -0.00893635 0.018485 -0.00597235 -0.0310644 -0.00445921 -0.0422873 -0.000505458 0.030631 0.014613 -0.0106138 -0.026123 -0.0117003 -0.00573933 -0.0287941 0.0193645 -0.0480517 0.180916 0.0104161 0.00791746 -0.0448575 -0.00378708 -0.00357772 0.0324112 -0.00133791 -0.00477985 0.0192886 -0.0112225 0.024038 -0.0246023 0.0415088 -0.00997343 0.0288921 0.00135011 -0.00216158 -0.00310704 -0.0533496 0.0205488 0.000974249 9.56107e-05 0.0750633 -0.00811832 0.0247407 -0.0326843 0.00842475 -0.0419127 -0.00704377 0.00399481 -0.0210251 -0.0228186 0.0260356 -0.00407763 0.0193539 0.074021 0.00377002 -0.00654895 0.00798694 -0.0242607 -0.0026309 -0.0382414 -0.00775209 -0.00176069 -0.00408275 0.0298925 0.00234482 0.0066679 0.0156488 -0.00448674 0.0527306 0.00411442 0.0832745 0.0104088 0.0603126 -0.0299054 0.000749858 -0.00060752 -0.00594777 -0.0320342 -0.0275183 -0.0352372 -0.0806156 -0.0134793 0.00686376 
