0.0879971 9.50751e-05 -0.00519511 -0.000570193 0.0325965 0.0221182 -0.0153847 -0.0248445 0.0106088 0.0258694 -0.00160238 0.00199719 -7.27363e-05 -0.00141799 -0.00355481 0.00810219 0.004573 -0.0177578 -0.00363073 -0.00965536 -0.00370163 -0.00569829 0.030161 -0.0116262 0.00206644 5.01862e-05 -0.0116904 0.00128018 -6.48726e-05 -0.0018949 0.00297128 0.000131324 0.00185782 0.0146769 0.00367535 0.0361595 0.0391735 -0.00975258 -0.0152881 -0.00125101 -0.0411887 0.024692 -0.043568 0.00125739 0.00600267 -0.028033 -0.000261833 0.0112228 -0.00961441 -0.0047949 -0.0114615 -6.29332e-06 -0.00315733 0.00499821 -0.00328389 0.0398895 -0.000405274 -0.00900681 -1.80761e-05 -0.0041058 -0.015214 -0.00195641 -0.000471098 -0.0346314 -0.0239431 -0.000408492 0.0066642 -0.0099029 -0.0250758 3.71647e-05 -0.00338616 0.0407761 -0.0199262 0.000496108 -0.00109104 0.0102373 0.048601 0.00270843 -0.00340315 0.011438 -0.000322065 -0.0022437 -0.00104861 -0.000100636 0.0124149 0.0250654 0.0141515 0.000835892 0.0319639 -0.0171744 -0.0451798 -0.00246917 -0.016041 -0.0326592 -0.00950493 -0.0212375 -0.000204231 -0.00199314 -0.00930082 -0.0171645 
9.50751e-05 0.0457868 -0.0128908 -0.000449988 0.00236146 -0.0138397 -0.0079661 -0.013243 0.000892311 -0.00521091 -0.000791733 -7.033e-05 0.000176157 0.00620281 -0.00246523 -0.00219054 0.00817906 -0.00476556 -0.00237149 -0.0035942 0.000541376 0.0087609 -0.00117806 0.0265262 -0.0014898 0.00286449 0.0022054 -8.02979e-05 -2.80133e-06 -0.000971616 0.00028056 0.000187609 0.000875656 0.00330498 -1.69933e-05 0.0176902 0.0134663 0.0276586 0.0044677 -0.000351447 -0.0186544 -0.00224807 0.00839323 -0.000399791 -0.00257089 -0.00793334 -0.000109614 0.000242759 0.00404727 1.11959e-05 0.000923368 3.82904e-05 -0.00158311 0.0271823 -0.00290367 -0.00466175 -0.000905682 -0.00503749 0.000177185 -0.00333814 -0.0098366 4.70445e-05 -0.000220717 -0.0199111 -0.0122114 -0.000241631 -0.00100686 -0.00638644 -0.012169 -0.00858106 -0.00740377 -0.00708946 -0.0173603 -0.000262731 0.000360184 -0.00342543 0.0121006 -0.00057911 -0.00316513 0.00167784 -0.000141619 -0.000892236 -0.0029674 -0.00136209 -0.0049034 -0.00385258 -0.00140316 -0.000339089 -0.00561837 0.0207539 0.00947124 -0.00134603 -0.00386744 -0.0142636 0.00878089 -0.00591648 -0.000120821 -0.000338078 -0.00473333 0.0194722 
-0.00519511 -0.0128908 0.234846 -0.00357216 0.00288542 -0.0690564 -0.0235788 0.0105596 -0.0428781 -0.0611779 -0.000719693 -0.000582898 -0.000503768 -0.00431794 0.000841942 0.00472304 -0.030396 0.0124779 -0.00720802 0.0436449 -0.00961399 -0.0183789 -0.00242307 -0.0233486 -0.00939087 -0.00392157 0.0138421 0.00834396 -0.00801388 0.00627211 0.0054963 -0.000489078 -0.00128255 -0.0326167 -0.00188329 -0.0739221 -0.0478556 -0.0192516 -0.0512719 -0.00410099 0.0844744 -0.0420967 0.0633864 0.00484767 -0.027747 0.114832 0.00136972 0.000195295 0.0291628 0.0141039 0.0116358 -0.00198003 -0.0080813 -0.0669012 -0.0106578 -0.04554 -0.0055136 0.0419964 -0.00171002 -0.0194241 -0.027055 0.0017755 9.6644e-05 0.0734581 0.0422706 -0.00196008 -0.0280306 -0.04158 0.0771878 -0.0536659 -0.033562 -0.00854797 0.0289212 0.00178527 -0.00246665 0.0409826 -0.0409178 -0.0015056 -0.015266 -0.0269533 -0.00117639 -0.0082286 -0.00991037 -0.00919044 -0.013992 -0.00851379 0.00127255 0.00378144 -0.0194599 -0.0356577 0.0764886 -0.00671284 -0.0304515 0.134843 -0.0776968 0.0839526 -0.00142894 -0.00391208 0.0199432 0.0106392 
-0.000570193 -0.000449988 -0.00357216 0.01093 -0.000372651 0.00460181 -0.00171063 -0.0029198 -0.00104628 0.000933334 -0.000126628 0.000227366 3.35993e-05 -0.000121052 0.00115689 -0.000411055 -0.00163523 -0.00201755 0.000461853 -0.000986191 -0.000245959 -0.0005998 -0.000517844 -0.000882113 0.00487377 0.000196972 -0.00143526 -9.06657e-05 0.00263712 -7.50537e-05 -1.56313e-05 0.00021537 -0.000180994 -0.000741328 0.0001305 -0.000481911 -0.00117708 -0.00174843 -0.00181725 0.00150646 -0.00493562 -0.00107599 -0.00622476 -1.08953e-05 0.00162026 -0.00339563 5.77102e-05 0.000827413 -0.00104287 -0.000517447 -0.00176879 0.000271385 0.000537344 -0.00106137 -0.000576308 0.00509986 0.00241818 -0.000512074 2.02213e-05 0.00154668 0.00343953 0.000252523 3.47944e-05 -0.004509 -0.00169896 0.000730271 0.000224736 0.0026984 -0.00312822 0.00579511 0.0029772 0.000181178 0.00121203 1.82026e-05 0.00298096 -0.00242806 -0.000104126 -0.000238084 -0.000688712 -0.000647611 -4.36646e-05 -0.000177092 0.0014433 -9.14913e-06 0.00608944 -0.000662079 -0.000263557 3.21236e-05 0.00440799 -0.00193172 -0.00588163 -0.000316707 -0.000887206 -0.00331857 0.00596052 -0.00211216 0.000305246 -0.000202613 -0.000736146 -0.00203206 
0.0325965 0.00236146 0.00288542 -0.000372651 0.14331 0.0320649 -0.0189447 -0.0344245 -0.00662856 0.0367316 0.00161824 0.000714266 -0.000254701 -0.00205051 -0.00503507 0.00384738 -0.0204452 -0.030776 -0.000316838 -0.0151428 -0.00236031 -0.00260898 0.0558274 -0.0115391 0.000881993 -0.00203701 -0.0149122 0.00123778 -0.00257689 -0.00355447 0.00143918 0.000112819 -0.0012543 -0.0036096 -0.000924308 0.0242471 0.0543694 -0.0032252 -0.0263389 0.00427953 -0.0614183 0.00819671 -0.0627415 -0.000427089 0.041835 -0.0479308 -0.000573039 0.00451604 -0.0180309 -0.00800823 -0.0245487 -0.000638524 -0.00415412 -0.0185492 -0.011155 0.043504 -0.00080078 -0.0179504 -7.46731e-05 -0.000231937 0.0146365 -0.00226021 -0.00129332 -0.0637147 -0.0341288 -0.000461743 -0.00175192 0.00552406 -0.0445815 0.0383127 0.0120841 0.0625896 -0.0373641 -0.000198631 0.00152561 0.0029735 0.0390985 -0.000140638 -0.0117463 0.0348129 -0.000671401 -0.00197715 0.0285559 0.0190597 0.00775134 0.044535 0.0482282 -0.000890015 0.0275774 -0.0162753 -0.0589247 -0.00127819 -0.0136483 -0.0439097 -0.00687747 -0.0304696 -0.000496615 -0.00278395 -0.00649865 -0.0149334 
0.0221182 -0.0138397 -0.0690564 0.00460181 0.0320649 0.24794 -0.0422876 -0.0528298 0.0429052 0.0889109 -0.00309144 -0.000247261 -0.000410062 -0.00516596 0.00166997 0.00970173 0.0289175 -0.0581792 -0.00273208 -0.0368168 -0.0158983 -0.0293497 -0.00209985 -0.054818 0.011087 -0.0077486 -0.049519 -0.00199218 0.00874934 -0.00735125 -0.00415754 -0.00049288 0.00741052 0.0408004 0.00323115 0.0948978 0.110118 -0.0593564 -0.0581929 0.00354197 -0.113972 0.0407109 -0.161791 -0.00151062 0.0194352 -0.0758252 -0.00100057 0.0044669 -0.0157429 -0.0156818 -0.0675306 0.00261949 -0.00668842 0.022953 -0.0164706 0.0960456 0.00512847 -0.0171573 0.00214757 0.0505846 0.0640012 -0.0079246 0.00135807 -0.0899089 0.00196789 -0.000820565 0.0420363 0.0433519 -0.0573762 0.116163 0.0494137 0.0689095 -0.00783468 -0.00186204 0.00598661 -0.0617036 0.0646141 0.00908188 0.0287426 0.0336295 -0.0014412 -0.00338644 0.0277252 -0.00508211 0.0404871 -0.00713368 0.0232826 -0.00168107 0.0567686 -0.060133 -0.160873 -0.0123583 1.51874e-05 -0.0707276 0.0945255 -0.0417842 0.000732715 -0.000367408 -0.0360068 -0.0781416 
-0.0153847 -0.0079661 -0.0235788 -0.00171063 -0.0189447 -0.0422876 0.150354 0.0779235 -0.00329601 -0.0248671 0.00322233 -9.41206e-05 -0.000336755 -0.00290408 0.00113792 -0.00645931 -0.0193831 0.0272405 0.00739751 -0.00590827 0.00452542 -0.00563503 -0.0191078 -0.0187262 -0.00634104 0.000249317 0.0484249 -0.003485 -0.00416494 -0.0026937 -0.000829603 -0.000186033 -0.00750514 -0.0164947 -0.00277985 -0.0541399 -0.0449778 -0.0167289 0.0542713 0.000493194 0.0791784 -0.0192609 0.0595211 -0.00166945 -0.00668581 -0.0124024 -0.00047376 -0.0060602 -0.0145848 0.00706222 0.0442014 -0.000907214 0.017075 -0.0325721 0.0304195 -0.0413824 -0.00252587 -0.0155497 -0.000948033 -0.0176814 -0.00882152 -0.00315808 -0.00136805 0.0829385 0.0224034 0.00251292 -0.0135648 0.0263245 0.0382881 -0.0402813 0.0127131 -0.0274958 0.0188733 0.000375579 -0.0042867 -0.0151157 -0.0622335 -0.00522057 -0.018872 -0.0137629 0.000673379 0.0121692 -0.0104524 -0.00334136 -0.0162705 -0.0243684 -0.0278096 -0.00139588 -0.024033 -0.00363399 0.0505358 0.0110719 0.0512385 -0.000377854 -0.0393201 -0.0195136 -0.000623537 -4.24539e-05 0.00712054 -0.0149514 
-0.0248445 -0.013243 0.0105596 -0.0029198 -0.0344245 -0.0528298 0.0779235 0.205697 -0.0159227 -0.0416451 0.00596479 -0.000481916 -3.75186e-05 -0.00371128 -0.00616899 -0.00927145 -0.0365259 0.0416437 0.0117117 0.0233127 0.0019624 -0.0106254 -0.0262707 -0.0330885 -0.0115053 -0.00078511 0.0196278 -0.00432529 -0.00558338 0.00460423 -0.00273987 -0.000441068 -0.0085208 -0.0266143 -0.00494194 -0.0823087 -0.0931744 -0.0223173 0.040031 0.00124984 0.119248 -0.0329913 0.0850802 -0.00125045 -0.0157402 0.041184 0.00104978 -0.00906355 -0.00491951 0.0114821 0.0413287 -0.000159743 0.0147937 -0.0522383 0.0360873 -0.062971 -0.00508749 0.0257611 -0.00162099 -0.0223254 -0.0381456 0.000216857 8.72351e-05 0.118874 0.0824602 0.00202759 -0.0202042 0.0109011 0.0622265 -0.0599259 2.42387e-05 -0.0599963 0.0211981 0.000221669 -0.00636249 0.00984267 -0.0982712 -0.00694687 -0.0139265 -0.0217349 1.86783e-05 0.00681392 -0.0192998 -0.00310952 -0.0278261 -0.0319677 -0.0431764 -0.000372865 -0.0398743 -0.0174205 0.0813738 0.00910501 0.063944 0.0449035 -0.0561698 0.0211424 -0.000827953 0.000706203 0.0237864 -0.0309821 
0.0106088 0.000892311 -0.0428781 -0.00104628 -0.00662856 0.0429052 -0.00329601 -0.0159227 0.109292 0.0281225 -0.00218027 -0.000118867 4.96501e-05 0.00228229 -0.00371787 0.00199239 0.0579414 -0.00983613 -0.00472848 -0.0117102 -0.00141324 -0.00626568 -0.00930493 -0.00861182 -0.00450944 0.00208908 -0.00873144 -0.00164897 0.00555719 -0.00259515 -0.000667851 -3.90214e-05 0.0130687 0.0707926 0.00649269 0.0580161 0.045831 -0.015319 -0.00666914 8.65767e-06 -0.0372476 0.0282407 -0.0400878 -0.00104922 -0.00917374 -0.0352422 -6.62695e-05 0.00293653 -0.00857134 -0.00610111 -0.0116855 0.00191035 -0.00193199 0.0429046 -0.00178938 0.0169893 -0.00197577 -0.0122958 3.72081e-05 0.00871237 0.00473466 -0.0023417 0.00118949 -0.0364441 -0.0282655 -0.000666213 0.00117401 -0.0125666 -0.0340843 0.000546459 -0.0138374 -0.0011374 -0.0265409 -0.000649703 -0.00268547 -0.0223115 0.0483944 0.0118386 0.0414371 -0.00986834 -0.000280354 -0.00030025 -0.00863457 -0.00665458 0.00502463 -0.0161453 -0.0122528 -0.000447075 0.0189765 -0.00701949 -0.0465764 0.00403393 -0.0132594 -0.0384746 0.0389222 -0.0281956 0.000524341 -0.00183401 -0.0110701 -0.0168689 
0.0258694 -0.00521091 -0.0611779 0.000933334 0.0367316 0.0889109 -0.0248671 -0.0416451 0.0281225 0.234697 -0.00380093 7.92895e-05 -0.000563235 -0.00125145 -0.0138285 -0.0126097 -0.00744707 -0.0307074 -0.00368608 -0.0546637 -0.00726061 -0.00595477 0.0196026 -0.0320739 0.0104884 6.64518e-05 -0.0479403 -0.00919169 0.0067362 -0.0113688 -0.00805072 -0.000589667 -0.00483683 0.0191555 -0.000456885 0.0757519 0.0678396 -0.0206024 -0.0243457 0.00206375 -0.0855964 0.0184595 -0.100113 -0.00551901 0.0451096 -0.060014 -0.00161437 0.00504712 -0.0474335 -0.019992 -0.00610005 -0.000354819 0.00057176 0.0303447 -0.00358329 0.0817638 0.00344931 -0.0211811 0.00147463 0.0371143 0.052685 -0.0102358 0.00092513 -0.0836372 -0.0176508 -0.00259747 0.0169025 0.00836453 -0.080832 0.0848132 -0.00912717 0.0474442 -0.0475723 -0.00245459 0.00246203 0.0141727 0.0636148 0.000448164 0.00526848 0.0343691 -0.000987655 -0.00193472 0.025185 -0.00534795 0.0237125 0.0424145 0.10412 -0.00453498 0.0379095 -0.0305697 -0.103532 -0.00484718 -0.0197747 -0.0744118 0.0554493 -0.0977865 0.00124101 0.00148036 -0.00515068 -0.0747473 
-0.00160238 -0.000791733 -0.000719693 -0.000126628 0.00161824 -0.00309144 0.00322233 0.00596479 -0.00218027 -0.00380093 0.0232613 9.04053e-05 8.51144e-05 -0.000342288 0.00117035 0.000773328 -0.00301119 0.00306476 0.00120694 0.000289548 0.000669358 -0.00150454 0.000358727 -0.00231045 -0.000403675 0.000426231 0.000615552 4.99533e-05 -0.000353805 0.000171009 -0.000289183 4.66953e-05 -0.000370137 -0.00181885 -0.000263779 -0.00595543 -0.00710651 -0.00171646 -0.00154041 0.0014664 0.00439034 -0.00214233 0.000660197 0.000349822 0.00312601 -0.00192057 0.000199616 -0.000332769 -0.00172063 0.00238107 0.00206813 5.27989e-05 0.000302474 -0.00357357 -0.000638816 -0.00437603 -0.000300687 -0.00171811 -9.78766e-05 -0.00174523 -0.00276523 -0.000355603 7.43134e-05 0.00600317 0.006475 0.000599826 -0.00134983 -0.000238121 0.00156741 -0.00252301 0.00387032 0.0010682 -0.000558605 0.000355026 8.42218e-05 -0.00464186 -0.00584586 -0.000262215 -0.00207224 -0.000195662 7.48661e-06 -0.000139198 0.00216751 0.00269449 -0.000751946 -0.00127267 0.00145623 0.00037326 -0.00278301 -0.00372304 0.000788915 0.00360174 0.00604852 -8.28378e-05 -0.00368232 -0.00344254 -7.20457e-05 0.000703789 0.00204844 -0.00344507 
0.00199719 -7.033e-05 -0.000582898 0.000227366 0.000714266 -0.000247261 -9.41206e-05 -0.000481916 -0.000118867 7.92895e-05 9.04053e-05 0.00581095 0.000116128 9.44389e-05 -0.000218705 0.000201121 -0.000217572 -0.000530731 -0.000225589 -0.000153843 -6.93245e-05 -0.00034037 0.00146513 -0.000198705 0.000799637 0.000112699 1.73743e-05 0.000319718 0.000167984 0.000135351 0.00012824 7.31252e-05 0.000448268 -0.000145383 0.000234826 -0.00043298 0.000848103 -0.000446171 -0.000119041 -1.9984e-05 -0.0016566 0.00109228 -0.0015049 0.000540554 0.000129492 -0.00152252 0.000244013 0.0010506 -0.000393233 -4.39451e-05 -5.69483e-05 -6.21607e-06 2.27086e-05 -0.000555738 0.000635272 0.000919356 3.73963e-05 -8.3902e-05 -1.80083e-05 -4.72961e-05 -0.00147898 2.39436e-05 -2.58084e-05 -0.00170996 -0.000549949 -3.19693e-05 -0.000335547 4.6182e-05 -0.00102988 5.73391e-05 -0.000579166 0.00116751 -0.000865142 0.000221148 0.000432016 0.00102555 0.00112242 0.000364455 -0.000272346 -0.000119545 -8.51978e-06 -5.1245e-05 -4.19308e-05 8.58018e-05 0.000310739 0.00113115 -0.0007716 0.00038774 0.000264076 -0.000712904 -0.00148452 5.7159e-05 -0.000233319 -0.00178013 -0.000643773 -0.000658784 1.32142e-05 -4.9167e-05 -0.00065345 -0.000772972 
-7.27363e-05 0.000176157 -0.000503768 3.35993e-05 -0.000254701 -0.000410062 -0.000336755 -3.75186e-05 4.96501e-05 -0.000563235 8.51144e-05 0.000116128 0.00234302 6.23448e-05 -5.11322e-05 0.000380499 0.000184114 0.00079851 -9.09952e-05 -0.000146334 0.00017401 0.000401209 7.08501e-06 0.000900587 -9.17253e-06 0.000202342 -7.32456e-05 1.7005e-05 7.13867e-05 -1.72041e-05 7.47146e-06 9.54662e-05 0.000105923 0.000216531 -2.41049e-06 -3.0007e-05 -0.000248059 0.000417027 0.000497063 7.57332e-05 -0.00010988 0.00020053 -0.00012573 2.13815e-06 -0.000288445 -0.000178577 5.66323e-05 -4.33404e-05 0.000233112 -6.18575e-05 -0.000101144 9.83025e-05 -1.35068e-05 0.000777465 -3.50254e-05 -0.00042344 7.21183e-05 9.76796e-05 5.05999e-07 -0.000105485 -0.000546507 8.75287e-05 6.16707e-05 -0.000516723 -0.000324857 3.32158e-05 -3.89875e-06 -0.00021821 -0.000383382 -0.000463445 -0.000393966 -0.000548994 -0.000819904 1.17743e-05 6.32512e-05 -0.000279667 -4.63849e-05 -1.21715e-05 -4.6829e-05 -0.000194813 7.12285e-06 1.28666e-05 -0.000144926 7.50616e-05 -0.00017887 -7.92437e-05 -0.000738832 6.29799e-06 -0.000170074 0.000838215 0.000266425 -2.97552e-05 -0.000301991 -0.000367977 0.000108563 -0.000129511 8.91767e-06 0.000250971 -2.28133e-05 0.000509175 
-0.00141799 0.00620281 -0.00431794 -0.000121052 -0.00205051 -0.00516596 -0.00290408 -0.00371128 0.00228229 -0.00125145 -0.000342288 9.44389e-05 6.23448e-05 0.0166274 -0.000876421 -0.00077601 0.00523522 -0.00138477 -0.00053405 -0.000594926 0.000694307 0.00151673 -0.00178204 0.0103847 -0.000578145 0.00209059 -0.000348072 -0.000233157 0.000166418 -0.00013991 -4.81751e-05 8.92836e-05 0.000422531 0.00272523 0.000279308 0.00524518 0.001604 0.00977447 0.00495 -0.000132312 -0.00660425 -0.00125091 0.00429606 -0.000111925 -0.0020582 -0.00184086 0.000103551 -0.000453763 0.00331849 5.86292e-05 0.00020812 0.000117622 -0.000464755 0.00926926 -0.000267313 -0.00396979 -0.000278719 -0.00151576 -6.9405e-05 7.4966e-05 -0.0048549 0.00010756 3.46773e-05 -0.00643223 -0.00412161 -6.45555e-05 -0.000725087 -0.00248178 -0.00357254 -0.00416234 -0.0031655 -0.00415701 -0.00651538 -8.48866e-05 0.000637935 -0.00158803 0.00228702 0.00015259 -0.000715163 -0.0014448 -4.34419e-05 -0.000422161 -0.00115576 -0.000309043 -0.00156788 -0.00166818 -0.00271163 -6.01704e-05 -0.00202212 0.00807969 0.00514541 -0.00042532 -0.00234219 -0.00388611 -0.000187616 -2.34061e-05 8.9323e-05 0.000657825 -0.00134634 0.00476741 
-0.00355481 -0.00246523 0.000841942 0.00115689 -0.00503507 0.00166997 0.00113792 -0.00616899 -0.00371787 -0.0138285 0.00117035 -0.000218705 -5.11322e-05 -0.000876421 0.0527391 0.00439061 0.000464033 0.00689663 -0.00102432 0.00103572 0.000872113 -0.00359539 -0.00580239 -0.00546788 0.00164485 0.000849418 -0.00165462 0.000138913 6.45039e-05 0.000944334 -0.000747238 5.95884e-05 -0.00257107 -0.00394244 -0.000903814 -0.0119769 -0.0124456 -0.00873892 -0.0028657 -0.000174149 0.0080909 -0.00391412 0.00281307 -0.000477123 0.000123128 0.00655043 -0.00017713 -0.00163577 0.00745697 0.00171002 -0.00393681 -0.000238264 9.8198e-06 -0.00895168 -0.00232178 -0.00336828 -0.000232104 -0.00238284 -4.48448e-05 -0.0017713 0.00391664 -0.000640664 0.000101345 0.0100289 0.00066581 -1.41696e-05 -0.00320458 0.00330897 0.0136198 -0.000788159 0.0114856 -0.0100302 0.0109878 -0.00018403 0.0020489 -0.0118076 -0.0139581 -0.00162776 -0.00119961 -0.0011487 0.000307239 0.00283785 -0.000229964 -0.00281482 0.00809319 -0.00929432 -0.0139335 -0.000315377 0.000282676 -0.00624392 0.00199747 0.00209553 0.00333132 0.0135295 -0.00185558 0.0105709 0.000102085 0.00144194 -0.00449791 0.00748338 
0.00810219 -0.00219054 0.00472304 -0.000411055 0.00384738 0.00970173 -0.00645931 -0.00927145 0.00199239 -0.0126097 0.000773328 0.000201121 0.000380499 -0.00077601 0.00439061 0.047324 0.00656731 -0.00142964 -0.000941452 -0.00164779 -0.00113289 -0.00255298 -0.00160689 -0.00616793 -0.000897987 -0.000661243 -0.00574808 0.00673153 -3.68293e-06 -0.000329238 0.00420082 0.000354564 0.0125338 0.00584132 0.00417837 0.00555886 0.0158378 -0.00853592 -0.00650384 0.000146423 -0.00811988 0.011532 -0.0175969 0.00552151 -0.00416081 -0.00655117 0.000238171 0.0041312 0.00374547 -0.000864694 -0.00720207 0.00106507 -0.000677571 -0.00346969 -0.000899485 -0.00695498 -0.000658217 -0.00500914 0.000285733 -0.00365287 -0.00242546 -0.000431787 0.000393718 -0.00437514 -0.00883977 -0.000283004 0.0123902 7.26902e-05 0.00166692 -0.00521808 0.0161017 0.0208711 -0.00873547 0.0026243 0.00108476 -0.00371297 0.00994593 0.007117 -0.000763461 -0.00113952 6.93216e-05 -4.73835e-05 -0.00125872 -0.0033608 -4.37676e-05 -0.00493306 -0.016492 0.00377215 0.00145567 -0.00348375 -0.0166694 -0.000750466 -0.008187 -0.00495035 -0.00769431 -0.00271962 -0.000176424 0.00209259 -0.00598192 -0.00119567 
0.004573 0.00817906 -0.030396 -0.00163523 -0.0204452 0.0289175 -0.0193831 -0.0365259 0.0579414 -0.00744707 -0.00301119 -0.000217572 0.000184114 0.00523522 0.000464033 0.00656731 0.148149 -0.0228525 -0.0076865 -0.00259591 0.00345409 0.0019656 -0.0152574 0.0243013 -0.00716838 0.000136475 -0.00443337 0.00444944 0.00365023 -0.000451778 0.00301231 -9.08613e-05 0.0178871 0.0654485 0.00777084 0.051168 0.0451925 0.00915574 0.0106521 -0.00183743 -0.0506971 0.040757 -0.0129081 6.63389e-05 -0.0239036 -0.0189025 0.000427262 0.00253433 0.0167547 -0.00528803 -0.0244957 0.00169068 -0.0031476 0.0399239 0.00154438 -0.012643 -0.00359763 -0.0158774 -0.000226798 -0.00127338 -0.0345232 0.000836623 0.000275028 -0.0460736 -0.0267432 -0.00127362 0.00223197 -0.0140465 -0.0182452 -0.0247645 -0.0155977 -0.0033298 -0.0270394 -0.000946575 -0.003232 -0.0287508 0.0391787 0.0114779 0.0467965 -0.0147122 0.000154587 -0.0011848 -0.0115188 -0.0087143 0.000676736 -0.027454 -0.055641 -0.000356814 -0.001178 0.0289557 -0.019193 -0.00354374 -0.0124732 -0.0281983 0.0230327 0.0099685 -0.0003935 0.00228836 -0.0216056 0.0271031 
-0.0177578 -0.00476556 0.0124779 -0.00201755 -0.030776 -0.0581792 0.0272405 0.0416437 -0.00983613 -0.0307074 0.00306476 -0.000530731 0.00079851 -0.00138477 0.00689663 -0.00142964 -0.0228525 0.166508 0.00379326 0.00972252 0.00404176 -0.0069999 -0.0237578 0.00058367 -0.00816177 0.00651267 0.00392055 -0.00341137 -0.00391126 0.00148672 -0.00324465 2.21794e-05 -0.00687838 -0.017408 -0.00197661 -0.0617347 -0.0747389 -0.0132193 0.0366547 -0.0010266 0.0968934 -0.0251884 0.0660255 -0.00182164 -0.0126621 0.0648031 -0.000119003 -0.00707176 0.0132811 -0.005498 0.0266559 0.000530117 0.0118011 -0.0220715 0.0119272 -0.0496553 -0.00258261 0.0195418 -0.00110178 -0.0182347 -0.00176846 0.000874003 0.00187422 0.0749027 0.011353 0.00234714 -0.0143671 -0.012921 0.0142776 -0.0503148 -0.012863 -0.0465008 0.0219227 -0.00060475 -0.00318652 0.00960594 -0.0715906 -0.00567007 -0.0161436 -0.0180848 0.000971896 -0.000456868 -0.0140984 -0.0084151 -0.01725 -0.0168425 -0.0381829 -0.00140633 -0.0281015 0.00206363 0.0585977 0.0162536 -0.00427713 0.0664734 -0.0395802 0.0321638 0.000120968 0.00197925 -0.00393031 0.0266614 
-0.00363073 -0.00237149 -0.00720802 0.000461853 -0.000316838 -0.00273208 0.00739751 0.0117117 -0.00472848 -0.00368608 0.00120694 -0.000225589 -9.09952e-05 -0.00053405 -0.00102432 -0.000941452 -0.0076865 0.00379326 0.0512768 -0.00108206 0.00590105 0.000528559 0.00297479 -0.00330298 0.00301443 -0.000598243 -0.000879147 -0.000274381 0.00216751 0.00149226 -0.000591408 0.000175197 -0.000546863 -0.00528023 -0.000511533 -0.0158367 -0.01485 0.00590127 0.0110379 -7.61422e-05 0.00321203 -0.00578935 0.0110074 0.000337022 -0.00169056 0.00475745 -4.33331e-05 -0.000598875 -0.00563379 -0.00119213 -0.00772394 -0.0001179 0.00217523 -0.00986665 -0.00116191 -0.0087247 0.00248287 0.0075896 -0.000167996 -0.00116863 -0.0152858 0.00157133 -8.22601e-06 0.0128234 -0.00187364 0.00161142 -0.00140976 -0.00626531 -0.00986876 -0.00789454 0.000180806 0.000601967 -0.000304009 0.000248014 -0.000758812 0.00530393 -0.00633534 -0.00109504 -0.00441687 -0.00381701 -0.0001497 0.0016615 0.000224963 0.00461423 -0.001392 0.0162974 -0.016294 0.000131494 -0.00536729 0.00351524 0.0131109 -0.000955425 0.0105469 -0.00465629 -0.0100491 0.00476839 0.000626301 -0.000879564 0.00921301 -0.00569137 
-0.00965536 -0.0035942 0.0436449 -0.000986191 -0.0151428 -0.0368168 -0.00590827 0.0233127 -0.0117102 -0.0546637 0.000289548 -0.000153843 -0.000146334 -0.000594926 0.00103572 -0.00164779 -0.00259591 0.00972252 -0.00108206 0.0910777 0.00123599 -0.00725752 -0.0116373 -0.00190854 -0.00409177 -0.00105513 -0.00426603 0.00185871 -0.00224533 0.00971277 0.00239054 -1.21269e-05 -0.00208458 -0.0070238 -0.00186628 -0.032774 -0.0387528 -0.00985132 -0.00816383 -0.00137948 0.0372567 -0.0110213 0.0372881 0.000859008 -0.0134472 0.0427592 0.00175179 -0.00301131 0.0166641 0.0184661 -0.00543782 -0.000575725 -0.00184107 -0.0199493 -0.00152999 -0.0248072 -0.00169982 0.0290627 -0.0005932 -0.0106164 -0.0273714 0.00260812 -0.000508231 0.0398994 0.0285454 -0.000388875 -0.00867616 -0.0098477 0.0426341 -0.0264881 -0.0117844 -0.018006 0.0214952 9.2312e-05 -0.00222115 -0.0065326 -0.0346919 -0.00260993 0.00888404 -0.00970377 7.73154e-05 -0.000954388 -0.007214 -0.00542989 -0.00932252 -0.0173696 -0.0383695 0.00141029 -0.0142714 -0.00898484 0.0390351 0.00302115 -0.00816138 0.0448104 -0.0237161 0.0544541 -0.0003722 0.000733762 0.00120452 0.00930086 
-0.00370163 0.000541376 -0.00961399 -0.000245959 -0.00236031 -0.0158983 0.00452542 0.0019624 -0.00141324 -0.00726061 0.000669358 -6.93245e-05 0.00017401 0.000694307 0.000872113 -0.00113289 0.00345409 0.00404176 0.00590105 0.00123599 0.0404426 0.00657144 0.00332888 0.0123096 -0.000922497 0.00159716 -0.00264665 -0.000554831 -0.000149876 0.000301719 -0.000272268 0.000925612 0.00110973 0.00125683 -5.16272e-05 -0.00812661 -0.0117999 0.0098384 0.0158207 0.000630825 -0.00249425 -0.00290539 0.0107874 -8.24819e-05 -4.67917e-05 -0.00739679 7.35514e-05 -0.000498986 -0.00268849 0.000959027 -0.00280113 -0.00011815 0.00147874 -0.00120492 -0.000983103 -0.00844165 -0.00036109 -0.00262269 -0.000209765 -0.00375202 -0.00928186 0.00451372 -5.05314e-05 -0.00120806 -0.00694354 -7.73729e-05 -0.00234706 -0.00365635 -0.00958197 -0.0101475 -0.0082094 -0.00838354 -0.00329504 0.000126323 -0.000527947 0.00601203 -0.000895488 -0.000413647 0.000408302 -0.00382511 0.000243625 0.00336015 -0.00282838 0.00400302 -0.00291456 0.00650376 -0.0073961 0.000108647 -0.00426503 0.0150536 0.0142276 0.00430125 -0.00219282 -0.0109169 -0.0074991 0.00547742 1.23719e-05 0.00235313 0.00162506 0.0098515 
-0.00569829 0.0087609 -0.0183789 -0.0005998 -0.00260898 -0.0293497 -0.00563503 -0.0106254 -0.00626568 -0.00595477 -0.00150454 -0.00034037 0.000401209 0.00151673 -0.00359539 -0.00255298 0.0019656 -0.0069999 0.000528559 -0.00725752 0.00657144 0.0703251 0.0138683 0.0435974 -0.00207082 0.000685084 -0.00325503 -0.00133839 -0.00138742 -0.000934109 -0.00119511 0.000381986 -0.000628437 -0.00125945 -0.000560218 0.0129687 -0.00382471 0.0365135 0.0250635 -0.00101638 -0.0175372 0.00518955 0.0204421 -0.000665069 -0.00785217 -0.0195343 -0.000253165 -0.00125083 -0.00502352 -0.00318563 0.00105492 -0.000415341 6.43859e-05 0.0298861 0.000152878 -0.015793 -0.000441689 -0.00463406 -0.000147401 -0.00594456 -0.0236872 0.00133488 -0.000537073 -0.0257544 -0.0172243 -0.000353906 -0.00369526 -0.0110259 -0.0183327 -0.0161539 -0.0154184 -0.00933963 -0.025925 -0.000400212 -0.00151062 0.0191351 0.0271374 -0.00147674 -0.00454334 -0.0034967 -0.000168964 -0.000449466 -0.00369241 0.00932934 -0.00689281 0.0193797 -0.00613165 -0.000638955 -0.00884467 0.0405038 0.0247163 -0.00210153 -0.0119537 -0.0259397 0.00224987 -0.0135487 -0.000154307 -0.000828033 0.0126506 0.0313604 
0.030161 -0.00117806 -0.00242307 -0.000517844 0.0558274 -0.00209985 -0.0191078 -0.0262707 -0.00930493 0.0196026 0.000358727 0.00146513 7.08501e-06 -0.00178204 -0.00580239 -0.00160689 -0.0152574 -0.0237578 0.00297479 -0.0116373 0.00332888 0.0138683 0.109543 0.0102099 0.00503426 -0.00120227 -0.0144586 -0.00212503 -0.00137571 -0.00215648 -0.000117272 5.08521e-05 -0.00490966 -0.00517425 -0.001214 0.0231397 0.0160976 0.0193874 -0.0106751 -0.000839303 -0.0529047 0.0106004 -0.0292922 -0.00107178 0.00685965 -0.0370614 -0.000411645 0.00398881 -0.0131397 -0.00574647 -0.0171873 -0.000241726 -0.00420679 -0.0013267 -0.00815678 0.0323598 4.51807e-05 -0.00796849 0.000581799 0.00386789 -0.0176444 0.00193268 -0.000660533 -0.0453363 -0.029963 5.04865e-05 -0.001688 -0.0157575 -0.0338057 0.00813955 -0.00555909 0.0350917 -0.033936 -0.000642799 0.00186942 0.0223833 0.0560339 -0.00150602 -0.0133235 0.00971245 -0.000529466 -0.00204415 0.00534006 0.0243102 0.00163872 0.0644645 0.0309019 -0.00105409 0.0239803 0.00332174 -0.0249155 -0.00331955 -0.012975 -0.0412486 -0.0193012 -0.0213878 0.000164022 -0.00334133 0.0113145 0.00363946 
-0.0116262 0.0265262 -0.0233486 -0.000882113 -0.0115391 -0.054818 -0.0187262 -0.0330885 -0.00861182 -0.0320739 -0.00231045 -0.000198705 0.000900587 0.0103847 -0.00546788 -0.00616793 0.0243013 0.00058367 -0.00330298 -0.00190854 0.0123096 0.0435974 0.0102099 0.115992 -0.00390984 0.00677429 0.00499941 0.00101837 -0.00155073 -2.34289e-05 0.00167489 0.000729332 -0.00165173 -0.000355177 0.000372431 0.0136624 -0.00641155 0.0796333 0.0422934 -0.00136485 -0.0331144 0.00208259 0.0469435 -0.00118632 -0.0169418 -0.0147859 -0.000363204 -0.00377871 0.00770254 -0.00415972 -0.00402854 -0.000515282 -0.00390407 0.0510853 -0.00661434 -0.0318636 -0.00144708 -0.00975426 -0.000217846 -0.0115827 -0.0411159 0.0084723 -0.000625396 -0.0470926 -0.0337571 -0.000886344 -0.00957476 -0.0196633 -0.0290547 -0.0339395 -0.0226822 -0.0323466 -0.0396068 -0.000719898 -0.000606608 0.00781837 0.0248085 -0.00337714 -0.00631318 -0.00917904 -2.31908e-05 -0.00211827 -0.00863618 0.0151572 -0.0126789 0.0158191 -0.0256364 -0.000893101 -0.0159179 0.088485 0.0528055 -0.000201913 -0.0158606 -0.0251091 0.00134119 0.0062007 -0.000261953 0.000274224 0.00801682 0.0784993 
0.00206644 -0.0014898 -0.00939087 0.00487377 0.000881993 0.011087 -0.00634104 -0.0115053 -0.00450944 0.0104884 -0.000403675 0.000799637 -9.17253e-06 -0.000578145 0.00164485 -0.000897987 -0.00716838 -0.00816177 0.00301443 -0.00409177 -0.000922497 -0.00207082 0.00503426 -0.00390984 0.0392601 -8.51184e-05 -0.00458046 -0.000677835 0.00824448 -0.000724466 -0.000405103 0.000240668 -0.00148359 -0.0042104 0.000223489 -0.00782256 -0.00961731 -0.00694144 -0.00654295 0.00148383 -0.0173877 -0.00302456 -0.0223422 3.19588e-05 0.0146296 -0.0121615 -0.000109463 0.000519132 -0.00434237 -0.00205102 -0.00596131 -0.000134162 -3.64355e-05 -0.00621301 -0.00283242 0.0180508 0.0101468 -0.00214599 0.000277868 0.00304463 0.0134052 -7.72395e-05 8.51163e-05 -0.0142082 -0.00500283 0.0011815 0.00231453 0.00913195 -0.0104946 0.0226227 0.0147292 0.00748689 0.00590072 -8.23012e-05 0.0064573 -0.00515986 0.00208783 -0.000977294 -0.0043729 0.00494471 -3.37258e-05 -0.000809904 0.0140759 0.000173198 0.0157292 0.00458614 0.00461224 -0.000136422 0.0088025 -0.00748912 -0.0215081 -0.000753164 -0.00636818 -0.0109915 0.0153618 -0.00833136 0.00136077 2.35857e-05 -0.00326537 -0.00777105 
5.01862e-05 0.00286449 -0.00392157 0.000196972 -0.00203701 -0.0077486 0.000249317 -0.00078511 0.00208908 6.64518e-05 0.000426231 0.000112699 0.000202342 0.00209059 0.000849418 -0.000661243 0.000136475 0.00651267 -0.000598243 -0.00105513 0.00159716 0.000685084 -0.00120227 0.00677429 -8.51184e-05 0.0221675 -0.000763021 0.00010047 0.00112758 -0.000416149 -0.000110777 0.000664478 -0.000707429 0.000542816 0.000165388 -0.00143199 -0.00500151 0.00420467 0.00367418 0.000451024 0.000481767 -0.00130649 0.00351722 -0.000184731 -5.72025e-05 -0.000377721 -4.33031e-05 0.000292346 -0.000852715 -0.000370658 -0.000278027 8.02495e-06 0.000386552 0.00509927 -0.000173967 -0.00384758 0.000758121 -0.00181514 4.04935e-05 -0.00178791 -0.00312671 0.00107708 0.00123186 -0.00247406 -0.00213518 0.000604607 -0.00165334 -0.00159194 -0.00481377 -0.00491293 -0.00386367 -0.00508948 -0.00497994 -6.08247e-05 0.00238942 -0.00259806 -0.00207244 -0.000642854 -0.00269382 -0.00163665 -3.41305e-05 -0.000375634 -0.000855047 0.00312027 -0.00184009 0.00278348 -0.00230265 -0.00019387 -0.00153131 0.00480895 0.00518123 0.0029434 -0.00320034 -0.000550386 -0.000384826 -0.00301253 0.000303182 0.00118788 -0.00123581 0.0032661 
-0.0116904 0.0022054 0.0138421 -0.00143526 -0.0149122 -0.049519 0.0484249 0.0196278 -0.00873144 -0.0479403 0.000615552 1.73743e-05 -7.32456e-05 -0.000348072 -0.00165462 -0.00574808 -0.00443337 0.00392055 -0.000879147 -0.00426603 -0.00264665 -0.00325503 -0.0144586 0.00499941 -0.00458046 -0.000763021 0.1144 -0.000107595 -0.00295224 -0.00159816 0.00120492 -0.000206609 -0.00354502 -0.0114911 -0.000958307 -0.0357347 -0.0172085 0.00883169 0.0246852 -0.00112146 0.0501608 -0.0143822 0.0532529 -0.000954531 -0.0142982 0.00778482 -0.000289831 -0.00432299 0.0057023 0.00120829 0.0466975 -0.000798947 0.00639174 -0.0148089 0.0156228 -0.0320802 -0.00259995 -0.0049421 -0.000673876 -0.0138621 -0.0140829 -0.00144294 -0.000857687 0.040382 -0.0126174 0.00130491 -0.011115 0.00115687 0.0281575 -0.0348104 4.81798e-05 -0.0281666 0.0164842 -0.000385647 -0.00166284 -0.00505282 -0.0330272 -0.00340461 -0.0110543 -0.0123879 0.000194386 0.00603547 -0.00924762 -0.00435274 -0.0120984 -0.0201275 -0.0172959 -0.00102958 -0.0184387 0.010191 0.0520272 -0.000255813 0.0219122 0.0202214 -0.026679 0.00348945 -0.00049685 -0.0027782 -0.00578687 0.0137269 
0.00128018 -8.02979e-05 0.00834396 -9.06657e-05 0.00123778 -0.00199218 -0.003485 -0.00432529 -0.00164897 -0.00919169 4.99533e-05 0.000319718 1.7005e-05 -0.000233157 0.000138913 0.00673153 0.00444944 -0.00341137 -0.000274381 0.00185871 -0.000554831 -0.00133839 -0.00212503 0.00101837 -0.000677835 0.00010047 -0.000107595 0.0193192 -0.000387576 0.0015102 0.00471959 3.68506e-05 0.0082686 -0.000298244 0.00333827 -0.00238732 0.00573481 0.00214305 -0.00285194 -0.000142493 -0.00784218 -0.000813926 -0.00312171 0.00702381 -0.00254598 -0.00190969 0.00118059 0.00408458 0.00242839 -0.000555824 -0.00261867 0.000112918 -0.000170282 -0.002741 0.000995948 -0.00395507 -0.000393994 6.22695e-05 -8.25689e-05 -0.00138896 -0.0045947 0.000795655 -8.72519e-05 -0.00705765 -0.00433756 -0.000160131 -0.00013063 -0.00263249 -0.00280942 -0.00354118 -0.00120562 0.00455605 -0.00650373 0.00339488 0.000130843 0.00246947 0.00441838 0.0054982 0.0012099 -0.00160568 -5.7905e-05 1.02565e-05 -0.00113629 -0.000693956 -0.00148947 -0.00224728 -0.00834645 0.00504121 -0.00223436 0.00252093 -0.00281317 -0.000386331 -0.00271039 0.000152782 -0.00325193 0.00538033 -5.55039e-05 -0.000306462 -0.00210513 0.00416076 
-6.48726e-05 -2.80133e-06 -0.00801388 0.00263712 -0.00257689 0.00874934 -0.00416494 -0.00558338 0.00555719 0.0067362 -0.000353805 0.000167984 7.13867e-05 0.000166418 6.45039e-05 -3.68293e-06 0.00365023 -0.00391126 0.00216751 -0.00224533 -0.000149876 -0.00138742 -0.00137571 -0.00155073 0.00824448 0.00112758 -0.00295224 -0.000387576 0.022993 -0.000435229 -0.000199086 0.000330233 0.00122702 0.00459881 4.89552e-05 0.00185688 -0.00296467 -0.00332278 -0.00374225 0.00174895 -0.0107368 0.00172468 -0.0117442 -0.000146292 0.00182578 -0.00586773 -4.50337e-05 0.00128616 -0.00026114 -0.00118729 -0.00357366 0.000425819 -8.72122e-05 0.000614571 -0.000755934 0.00305719 0.0055579 -0.00036198 0.000402471 0.00551786 0.00152709 0.000789688 0.00135412 -0.00954158 -0.00256187 0.000400866 0.00223868 0.00142593 -0.00646138 0.00759634 0.00304954 -0.000169364 -0.00617873 -4.33897e-05 0.00270037 -0.00424541 0.00266172 0.00181226 0.00160342 -0.000698964 -8.87544e-05 -0.00019472 0.00585395 0.000798572 0.00863135 -0.00130614 -0.00448216 -3.88413e-05 0.00386436 -0.00340381 -0.0114449 -0.000554132 -0.0022039 -0.00734021 0.0122486 -0.00457937 0.00195358 -0.000321747 -0.00243686 -0.00461485 
-0.0018949 -0.000971616 0.00627211 -7.50537e-05 -0.00355447 -0.00735125 -0.0026937 0.00460423 -0.00259515 -0.0113688 0.000171009 0.000135351 -1.72041e-05 -0.00013991 0.000944334 -0.000329238 -0.000451778 0.00148672 0.00149226 0.00971277 0.000301719 -0.000934109 -0.00215648 -2.34289e-05 -0.000724466 -0.000416149 -0.00159816 0.0015102 -0.000435229 0.0211417 0.000400861 -2.28134e-05 0.00125576 -0.0017378 -0.000323831 -0.00695347 -0.0084609 -0.00150728 0.000904501 -0.000183215 0.00530455 -0.00110328 0.00292773 0.00155261 -0.00232225 0.00555194 0.00126252 -0.000476032 0.00579147 0.000323061 -0.00121811 9.26946e-05 0.000412632 -0.00415279 0.000251512 -0.00499282 -1.68178e-05 0.00801385 -6.30038e-05 -0.00202335 -0.00366365 0.00197735 -9.87839e-05 0.00400601 0.00224962 0.000105193 -0.00151639 -0.00266462 0.00390198 -0.00506544 -0.00296439 -0.00335321 -0.00119919 0.000734474 -0.000511759 0.0017252 -0.00672124 9.50509e-05 0.00258852 -0.00190087 8.43133e-05 -0.000184188 -0.0015238 -0.000977413 -0.00200974 -0.00279659 -0.00891813 0.00192734 -0.00294533 0.000609329 0.00386149 -0.000308027 -0.00353584 0.0061212 -0.00498412 0.0128346 0.000155067 0.000204399 0.0043292 0.00180315 
0.00297128 0.00028056 0.0054963 -1.56313e-05 0.00143918 -0.00415754 -0.000829603 -0.00273987 -0.000667851 -0.00805072 -0.000289183 0.00012824 7.47146e-06 -4.81751e-05 -0.000747238 0.00420082 0.00301231 -0.00324465 -0.000591408 0.00239054 -0.000272268 -0.00119511 -0.000117272 0.00167489 -0.000405103 -0.000110777 0.00120492 0.00471959 -0.000199086 0.000400861 0.0191056 5.77991e-05 0.00338409 0.00052842 0.00175748 -0.00189287 0.00245332 0.00136727 -0.000814213 -0.000123628 -0.00315701 0.000373717 -0.000360383 0.00334553 -0.0018139 -0.00229803 0.000172108 0.00371538 -0.000511249 -0.000161897 -0.00190242 -3.06267e-05 -0.000461445 -0.00336296 -0.000131633 -0.00178605 -0.00027807 -0.00120976 -6.54703e-05 -0.00198984 -0.00418277 0.000886055 -0.000169052 -0.00354509 -0.00375086 -7.98991e-06 -0.00128848 -0.00222249 -0.000257669 -0.00480669 -0.00199034 0.00578704 -0.00309009 0.00153148 3.86849e-06 0.00286161 0.00380244 0.00282531 0.00211958 -0.00121992 5.41077e-05 2.27901e-05 -0.001274 -0.000617761 -0.0008639 -0.0016279 -0.00483457 0.00226361 -0.00073754 0.00283709 -0.00139863 -0.000313963 -0.00277261 -0.00124736 -0.00415946 0.00234125 -4.65561e-05 -0.000341808 -0.00119453 0.00247105 
0.000131324 0.000187609 -0.000489078 0.00021537 0.000112819 -0.00049288 -0.000186033 -0.000441068 -3.90214e-05 -0.000589667 4.66953e-05 7.31252e-05 9.54662e-05 8.92836e-05 5.95884e-05 0.000354564 -9.08613e-05 2.21794e-05 0.000175197 -1.21269e-05 0.000925612 0.000381986 5.08521e-05 0.000729332 0.000240668 0.000664478 -0.000206609 3.68506e-05 0.000330233 -2.28134e-05 5.77991e-05 0.00206342 0.000139664 0.000159187 2.91985e-05 -0.000196993 -0.000433955 6.25694e-05 0.000204402 0.000174263 -0.000685129 0.000185607 -0.000683985 1.62951e-05 0.000128474 -0.000552949 -4.54197e-06 6.58619e-05 -0.000184779 7.37105e-05 -5.66973e-05 3.90964e-05 -3.68847e-05 0.000332246 -9.58621e-05 -0.000169736 0.000132589 -0.000202058 -3.47256e-06 -0.0001926 -0.000483916 0.000372915 7.64022e-06 -0.000578316 -0.000411036 8.70273e-05 2.95477e-05 0.000113016 -0.000441972 -0.000361803 2.95784e-05 -3.27304e-05 -0.000525955 3.18745e-06 0.000323027 -0.000374165 4.11414e-05 -2.03064e-05 -0.000132794 -0.000135906 9.67251e-07 4.78364e-05 -4.23563e-06 0.000288516 8.91874e-05 0.000166595 -0.0003358 2.26125e-05 0.000214142 0.000403694 -3.7498e-06 3.94591e-05 -0.000235989 -0.000695023 -6.99925e-05 -0.000290399 1.43099e-05 0.000403394 -0.00018879 -9.27385e-05 
0.00185782 0.000875656 -0.00128255 -0.000180994 -0.0012543 0.00741052 -0.00750514 -0.0085208 0.0130687 -0.00483683 -0.000370137 0.000448268 0.000105923 0.000422531 -0.00257107 0.0125338 0.0178871 -0.00687838 -0.000546863 -0.00208458 0.00110973 -0.000628437 -0.00490966 -0.00165173 -0.00148359 -0.000707429 -0.00354502 0.0082686 0.00122702 0.00125576 0.00338409 0.000139664 0.0467138 0.0157655 0.00831097 0.0170275 0.0156956 -0.00298622 -0.00367893 -0.000286282 -0.0204536 0.0092331 -0.0164493 0.00815948 -0.00666632 -0.0153085 0.00183815 0.00634643 -0.00381283 -0.00235563 -0.00501708 0.000803427 0.000555519 0.0112038 -0.000452215 -0.00501556 -0.000766162 -0.001392 -9.87657e-05 -0.00246128 -0.00915682 0.000477157 -0.000239088 -0.0196049 -0.0125629 -0.000362455 0.00682835 -0.00506048 -0.0139042 -0.00754522 -0.0034217 0.0118254 -0.01749 0.00322661 -0.000527258 0.00779931 0.0209541 0.0140235 0.0105806 -0.00350174 -3.34455e-05 0.000846707 -0.0027085 -0.00265444 -0.00366129 -0.00499548 -0.00939823 0.00618737 -0.0013652 0.0072569 -0.0146298 -0.00085745 -0.00870316 -0.0165797 0.00395849 -0.00545721 -9.9125e-05 0.00050395 -0.00242404 -0.00301487 
0.0146769 0.00330498 -0.0326167 -0.000741328 -0.0036096 0.0408004 -0.0164947 -0.0266143 0.0707926 0.0191555 -0.00181885 -0.000145383 0.000216531 0.00272523 -0.00394244 0.00584132 0.0654485 -0.017408 -0.00528023 -0.0070238 0.00125683 -0.00125945 -0.00517425 -0.000355177 -0.0042104 0.000542816 -0.0114911 -0.000298244 0.00459881 -0.0017378 0.00052842 0.000159187 0.0157655 0.094418 0.00839018 0.0587002 0.0466883 -0.00989318 -0.00668507 -0.000672696 -0.0461359 0.0326336 -0.0365032 -0.000356539 -0.0133657 -0.0292245 0.00010465 0.00445672 -0.00679673 -0.00522876 -0.0147482 0.00181507 -0.00332828 0.0416378 -0.00283586 0.00865717 -0.00171628 -0.0115112 -8.7784e-05 0.00193507 -0.0106509 -0.00150062 0.00118726 -0.0431574 -0.0244991 -0.000860618 0.0045661 -0.0156003 -0.0292595 -0.00919677 -0.0144077 0.0103975 -0.0293534 -0.000629358 -0.00202231 -0.0221143 0.0519291 0.0139586 0.0384305 -0.00891278 -0.000115025 -0.0012607 -0.00706669 -0.0034217 0.00542179 -0.0129274 -0.0165936 -0.000239607 0.0154412 -0.00237829 -0.0398089 -0.000931341 -0.0156254 -0.0345999 0.0306201 -0.0194886 -0.000228102 -0.000839423 -0.0108131 -0.00938806 
