0.0295974 0.000638566 -0.000201663 0.000321908 0.00222362 -0.000975802 -6.90365e-05 -0.00200085 -0.00123805 7.419e-05 -6.91122e-05 -0.00311953 -0.00176303 0.000436356 7.32682e-05 0.00540978 -0.000124266 -0.00100857 0.00428832 -0.00210535 -0.00313847 -0.00103673 -0.00234188 -0.000664009 -0.000187636 -0.00202221 -0.000271646 -0.000196864 -0.00142776 -0.00529233 -0.00104425 -0.0011638 -0.000211187 0.00151728 0.000748245 -0.000244593 -2.85075e-05 -0.00174252 -0.00144387 -0.00920647 -0.00088619 -0.000482998 -0.00269576 0.000182102 0.00305133 0.00594489 -0.00238232 0.00011167 -0.00105092 0.00207683 -0.000698804 -0.000673376 -0.000812158 -0.00194924 0.00130208 0.00258218 -0.00048603 -0.00462622 -5.72186e-05 0.000381582 0.00498454 0.00178626 -0.00147982 -0.000657517 -7.28589e-05 -0.00134318 -0.00469209 -0.00107193 -0.000796592 -0.000551146 -0.00222683 -0.00169765 -0.00240194 -0.000340661 -0.000554144 0.00053312 0.0021996 -0.000738789 0.00820063 -0.00201758 0.00535614 -0.00171869 -0.00116574 -7.00119e-05 0.00277506 -0.000935961 7.85107e-05 0.000203991 -0.000550929 -0.000715684 -0.000649346 -0.0017978 0.000122482 0.000421507 -0.00342226 0.00165349 0.00143151 -0.000628967 -0.000109405 0.00284035 
0.000638566 0.0190473 0.00381255 0.000116774 0.00103005 0.000362317 0.000104339 -0.000497181 -0.000266483 -0.00117453 1.55041e-05 0.00276544 -0.000146033 -3.77779e-06 -6.52807e-05 -0.00135529 -2.16075e-05 0.00445964 0.00150607 -0.000125823 -0.00108909 -0.000471677 -0.00258062 0.00017234 0.00052632 -0.00441269 -0.000168727 0.00049123 0.000572027 0.00125623 -0.00209395 0.00025467 -1.69317e-05 -0.000821064 0.00184896 -4.2729e-05 5.50858e-07 -0.00192951 -0.000468291 -0.00216131 0.00013241 -0.00244047 -0.00142889 -8.14352e-05 0.000363569 -0.00442903 0.00272661 -1.89692e-05 -0.000203983 -0.00121515 -6.71342e-05 7.36616e-05 0.00140306 -0.000468033 4.21809e-05 0.00108126 0.0013921 -0.000719153 0.000616644 0.000673173 0.00074124 -0.000399973 -0.00025188 -0.000183631 0.000302902 -0.00126872 0.000469009 -0.00105476 0.000469053 -0.000212553 -0.00488388 0.000217228 -0.00100214 -5.00438e-05 -0.00119441 -8.081e-05 -0.00342145 -0.000194436 -0.0040681 9.29634e-06 0.00187269 -0.000858234 -0.000678696 5.80769e-05 0.000468753 4.50178e-05 -8.49557e-05 -0.000142722 0.000113882 -6.96657e-05 0.000981722 -0.000328769 0.000551294 -0.000250535 -0.00158415 0.00172543 -0.00163535 0.00181922 5.11003e-05 -0.00249674 
-0.000201663 0.00381255 0.118065 -0.000394782 -0.00494766 -0.00240092 -0.00011745 -0.0105623 -0.00729225 -0.00364388 -0.000671728 -0.0173093 -0.00497099 -0.0019502 -0.0025431 -0.0187047 0.000420796 0.0350651 0.0312944 0.00993474 -0.0013027 -0.00911226 -0.0193651 -0.00233363 -0.000332804 -0.0328871 -0.000661073 -0.00205523 -0.00713585 0.0321892 -0.0144561 -0.00666863 -0.00125918 0.0219264 0.00108181 -0.00106794 -0.000490423 -0.0154191 -0.00571985 0.0144285 -0.00444906 -0.0270716 -0.0111074 -0.00129712 0.0292233 0.0290305 0.0239005 4.85705e-05 -0.00341485 0.00469834 -0.00318666 -0.0076366 -0.00592091 -0.00217564 0.00583843 -0.0119926 -0.00909282 0.0196564 -0.00148819 0.00172289 -0.01235 0.00120833 -0.000564786 -0.00291222 -0.000656736 0.00177724 0.0166483 -0.0128047 -0.00211104 -0.00388067 -0.0325929 -0.00921211 -0.00574252 -0.00131196 0.0112247 -0.00062573 -0.0108253 -0.00357225 0.00721112 0.000679047 0.032383 0.000416639 -0.00523962 -0.0025579 -0.00065216 0.0340969 -0.00048459 -0.00119707 -0.00240126 -0.00424425 -0.00438881 -0.0241125 0.00282501 -0.00147704 -0.0181927 -0.00522342 -0.0152718 -0.00737047 -0.000499947 -0.0135205 
0.000321908 0.000116774 -0.000394782 0.00433938 0.000387344 6.37694e-05 0.000513674 1.41312e-05 -0.000182346 -0.000160093 -7.19531e-06 0.00124018 0.000145054 -0.0001193 0.000400358 -0.000878132 5.98725e-05 -0.00172536 0.000428727 0.000538306 -0.000297032 0.00034881 2.27751e-05 0.000255694 4.29647e-05 -0.000657125 8.3647e-05 0.000103696 -5.37041e-05 -0.00128953 0.000218293 -0.000116236 9.0982e-05 -0.00282787 -0.0014098 2.33743e-05 3.7436e-05 -0.000530112 0.00017139 -0.00178671 -9.64433e-05 -0.000706399 0.000628605 0.000452524 -0.000315883 0.000220274 -0.00103189 -3.7217e-06 1.26593e-05 -0.000673168 0.000649498 -3.32911e-05 -5.15811e-05 0.00176903 -0.000240809 5.91722e-05 -0.000193987 -0.000342226 6.07265e-05 0.000183226 -0.00171458 -0.00105572 0.000437124 0.00170019 7.29077e-05 0.000678561 0.00099553 0.00017839 0.000496481 0.000402246 -0.000184398 -0.000147512 -0.000396454 7.27406e-06 -0.00246356 0.000258427 -0.000105934 0.000348475 -0.000291343 -0.000326549 -0.00206555 0.00010146 0.00113259 0.000342518 0.00156295 -0.00241627 3.14736e-05 -4.92459e-05 -4.41503e-05 0.000385606 0.00193215 -0.000581357 -4.41673e-05 0.000437067 0.00049209 0.000899964 0.00081813 0.000663486 -1.91319e-05 -0.00034871 
0.00222362 0.00103005 -0.00494766 0.000387344 0.0522202 -0.000624657 0.00037163 0.0110608 0.00562877 0.00389152 -2.89581e-05 0.00304143 -0.000125695 -0.000877267 0.00223113 -0.0138554 -0.000485566 0.0021037 0.000800306 0.00173219 0.0027765 0.0164763 0.00447366 0.00733594 -0.00020839 -0.0125753 0.000655476 0.00110442 0.000537355 0.00231586 0.00256941 -0.00165132 0.000280771 -0.0150396 -0.00355226 -6.32121e-05 -0.000304114 0.0108502 0.00548333 -0.00977428 -0.00171106 -0.00945556 0.01922 -0.00048126 -0.00341027 -0.0043387 -0.00486491 -2.22265e-05 -0.00166468 -0.00989211 -0.0014695 -0.00257094 -0.00102767 8.54608e-08 -0.00267765 -0.00470781 -0.0063067 -0.00430115 -0.000473268 -7.86888e-06 -0.00379239 -0.0133992 0.00220012 0.00399418 0.000779876 -0.000603049 0.00185192 0.00205454 0.00787945 0.000654333 -0.00957856 -0.00341466 -0.00309412 -8.57613e-05 -0.0156108 0.000101085 -0.0125855 0.00826678 0.000422672 -0.00578364 -0.00558347 0.0106585 -0.00197391 -0.000309293 -0.00218271 -0.0164177 -0.000289187 0.000172157 0.00150783 -0.000506008 -0.000163301 -0.0096436 0.000127659 0.000936058 0.0233828 0.00148584 0.0117132 -0.00299516 0.000160396 -0.00764225 
-0.000975802 0.000362317 -0.00240092 6.37694e-05 -0.000624657 0.0354453 -3.1614e-05 0.00441406 -0.00157075 -0.0020013 8.46802e-05 0.0012073 0.0119563 -0.000155048 0.00285836 -0.00847103 0.000645953 0.000608136 -0.00865198 -0.00766286 -0.00307826 -0.000892803 -0.00589003 -0.000931468 0.00063904 0.00120878 -5.62325e-05 0.000639596 0.000441162 -0.00290857 -0.00504491 -0.0014974 2.30983e-05 -0.00940559 0.00148794 -0.000154539 0.000377461 -0.0025393 0.00134683 0.0134134 -0.000112463 -0.00387992 -0.00272519 -0.000243777 -0.00430904 -0.0199903 -0.00288305 -3.96623e-05 0.0124867 -0.00506048 0.00784673 8.49992e-05 -0.00156863 0.00284096 -0.00248433 -0.00402701 -0.00449408 -0.00601376 -3.50872e-05 -0.000404446 0.010775 0.00355523 0.00646018 0.00409502 0.00083121 0.00149646 -0.00286149 -0.00147836 -0.00142672 0.0116197 -0.00863868 0.00671463 -0.00311568 0.000127416 0.00349544 0.000349085 0.00378752 -5.64098e-05 -0.00483923 -0.00140141 -0.0045893 -0.00153056 0.0114238 0.0012821 -0.00561683 -0.00205561 0.000601127 2.41186e-05 -0.000166682 0.00290797 0.00019726 -0.00466333 -0.000397167 -0.000238831 -0.00199658 -0.00174658 -0.00483523 -0.0016685 0.00102032 0.00529298 
-6.90365e-05 0.000104339 -0.00011745 0.000513674 0.00037163 -3.1614e-05 0.00354214 9.73429e-05 0.000135905 0.000184909 3.49395e-05 0.00133287 -7.54537e-05 -9.04197e-05 0.000223497 -0.000362292 8.48648e-06 -0.00125106 -0.000576669 0.00012451 0.000299238 0.000207797 -9.20034e-05 0.000163818 1.62411e-05 -0.000348645 2.33393e-05 0.000204933 0.000531832 -0.000696607 -7.22627e-05 -3.31082e-05 2.4719e-05 -0.00163085 -0.000764119 0.000118586 1.60519e-05 0.000397238 1.95731e-06 -0.00107608 0.000115107 -0.000449253 -7.10666e-05 0.000157154 -3.88361e-05 -0.000208752 -0.000767809 2.6405e-06 -0.000110053 -0.000481734 0.000134416 -1.21607e-05 1.81448e-05 0.00153377 6.23048e-05 -0.000318292 2.83208e-06 -0.000126589 -2.07401e-05 -4.2674e-06 -0.000974058 -0.000831425 0.000802232 0.000498702 0.000116831 0.000296956 0.00125513 0.000246161 0.000500459 -3.56173e-06 0.000427389 -4.38993e-05 0.000373291 6.40847e-05 -0.00172365 5.13072e-06 -0.000488657 0.000134526 -0.000727294 -0.000141859 -0.00130463 -6.28386e-05 -2.21783e-05 0.000102977 0.000153227 -0.00198732 -1.78789e-05 -2.22022e-05 -1.72389e-05 7.57646e-05 0.000417219 0.00014665 0.000146819 0.000376041 0.000536351 0.000129612 0.000174725 0.00110104 5.27225e-06 -0.000527053 
-0.00200085 -0.000497181 -0.0105623 1.41312e-05 0.0110608 0.00441406 9.73429e-05 0.0827254 0.0021894 -0.0025616 -0.000209397 0.00555814 0.0106799 0.0015128 -5.93963e-06 -0.0144822 -0.000302469 -0.0216354 -0.00268717 -0.00828057 0.00661306 0.0110109 0.00403739 0.000922127 -0.000289665 -0.00361761 0.000277108 -0.00148205 0.00174436 -0.0180529 0.0140839 0.00164385 0.000369491 -0.0130336 0.00920015 -0.00015004 -0.000469771 -0.00274126 0.00588821 -0.0073401 -0.00280721 -0.00777814 0.0176314 -0.000676406 -0.00373806 -0.0297526 -0.0109042 7.02802e-06 0.0046001 -0.0138344 -0.00127097 -0.00206575 -0.00343566 0.00175382 -0.003206 -0.0101942 -0.00872928 -0.0124136 0.00347579 -0.000845206 0.0107853 -0.00207504 0.00731391 0.00309702 0.00179324 0.00124527 0.00890587 0.00106901 0.00152017 0.00562963 -0.00928018 0.000693643 -0.00616113 -0.00103928 -0.00962591 -0.000230135 -0.00619037 0.0051196 -0.00134665 0.00253269 -0.0220663 0.00444655 0.00473218 0.000627974 -0.0141233 -0.0033225 -0.00039891 -0.000674763 0.00121862 -0.00118447 0.00295709 -0.0105782 -0.000961809 0.00015043 0.0252664 -0.00275496 0.0152066 -0.00314699 0.000281028 0.0111116 
-0.00123805 -0.000266483 -0.00729225 -0.000182346 0.00562877 -0.00157075 0.000135905 0.0021894 0.0578709 0.00385919 0.000822939 0.00170867 -0.00120338 -0.00154901 -0.00100899 0.00779759 -0.000538833 -0.0171856 -0.0361568 -0.0137097 0.0328519 0.0116089 -0.00363515 0.0136075 -0.00033145 0.00683805 -0.000644676 -0.00129658 0.0101999 -0.0183717 0.0082472 0.0125354 0.0046634 -0.0385086 -0.0213095 -6.69689e-05 0.000109301 -0.0130167 0.0117323 -0.0241607 0.0125434 0.00991355 0.00990256 0.00186706 -0.00583855 -0.0340768 -0.0150811 -3.96766e-05 -0.00109521 0.00155994 -0.00125258 0.00162684 0.00541576 -0.00305599 -0.0042374 0.0161803 0.0192321 -0.00888539 3.24627e-05 -3.3419e-05 -0.0136402 -0.0111159 -0.00220348 0.0024356 -0.000218309 0.000781434 0.00403038 0.0342551 -0.0016352 -0.00156987 0.0213805 0.00364529 0.0249319 0.00149759 -0.0350291 -0.000183251 -0.0137952 0.0153062 -0.0158124 -0.00767516 -0.0253003 0.0159164 -0.00164227 0.000616341 0.0117455 -0.0396189 -0.000135103 0.000236847 0.0077425 -0.000943866 0.0012998 0.0240628 -0.000610845 -0.000131633 0.00537028 6.71203e-05 -0.0047399 0.0156067 -0.000259972 -0.00850832 
7.419e-05 -0.00117453 -0.00364388 -0.000160093 0.00389152 -0.0020013 0.000184909 -0.0025616 0.00385919 0.0742762 -0.000219612 0.000632061 -0.00321926 -0.000657179 -0.000565333 0.00077251 -0.000231585 -0.0210517 -0.0306696 -0.00124693 -0.000752271 0.00340743 0.0144883 0.00742718 -0.000234434 0.00393739 -0.000324621 -0.00195121 -0.000979066 -0.012715 0.0250948 0.00560252 -0.000421716 -0.0188625 -0.0150403 0.000167914 -0.000329918 -0.0126574 -5.76903e-05 -0.0272744 0.00382154 -0.00629515 0.00912146 -0.000169105 -0.00364352 -0.00191813 -0.0198266 0.00026519 -0.00191294 -0.0106479 -0.00133588 -0.00181452 0.00266421 0.0136966 -0.00219144 0.0117108 0.014562 -0.00175975 -5.52635e-05 -0.000846742 -0.0178704 -0.0185007 -0.00119869 -0.00182921 -5.06424e-05 0.00175258 0.00686839 0.0122665 0.000375836 -0.000217249 0.0152106 0.00845209 0.027341 -5.95143e-05 -0.0320819 0.00039485 -0.0121786 0.00174175 -0.00987702 0.00766534 -0.0195407 0.00229929 -0.00182233 -0.00114778 -0.00466064 -0.0237067 -0.000183359 0.00323982 0.000984446 -0.000170376 0.00101806 0.0126161 0.000277149 0.00083708 0.00806333 0.00644923 0.00572632 0.0164153 -0.000270321 0.0171335 
-6.91122e-05 1.55041e-05 -0.000671728 -7.19531e-06 -2.89581e-05 8.46802e-05 3.49395e-05 -0.000209397 0.000822939 -0.000219612 0.00587093 -0.000265812 -0.00014066 -0.000134418 0.000198066 0.000397957 -4.99512e-05 -0.00227958 -0.00239978 -3.12618e-05 0.000964032 4.9764e-06 -0.000289915 -0.000151933 -3.3382e-05 0.0013266 0.00034946 2.6561e-05 9.30115e-05 -0.00141032 0.001376 0.000316421 -6.13411e-06 -0.0026949 -0.00166181 0.000145489 1.71887e-05 -0.000630273 -0.000247483 -0.00214497 0.000637077 1.01861e-05 -3.00374e-05 7.39031e-05 -0.00058661 -0.00223558 -0.00130603 -8.33945e-06 -1.82264e-05 -0.000294163 -3.773e-05 0.000464561 0.00146371 0.000661907 4.2441e-05 0.002209 0.00216002 -0.000593923 -8.20718e-06 1.38377e-06 -0.00193885 -0.00155949 0.000434188 -5.77937e-05 -8.56491e-06 -0.000125327 -3.74895e-05 0.00158915 -9.35169e-05 0.000924844 0.00102698 0.00111308 0.00144008 2.69135e-05 -0.00210399 -8.97644e-07 -2.57211e-05 0.00025207 -0.000775363 -0.000165297 -0.00269152 -5.65639e-05 0.000474574 8.52572e-05 0.00123299 -0.00331476 4.76747e-05 -4.71941e-05 0.000484786 -0.000108417 0.000433375 0.00175687 -2.6874e-05 -5.0667e-05 -0.000607956 0.000856099 0.000733604 0.00174375 -2.7364e-05 0.000295782 
-0.00311953 0.00276544 -0.0173093 0.00124018 0.00304143 0.0012073 0.00133287 0.00555814 0.00170867 0.000632061 -0.000265812 0.143436 -0.0102977 -0.00174884 0.000487119 -0.00609565 -0.00117484 -0.0127142 0.00769299 0.00667513 -0.00396582 0.00325966 0.00680041 0.0038354 0.000300769 -0.0274174 0.0009442 0.000104367 0.00532211 -0.0301642 -0.0155572 -0.00556778 0.00375578 0.00547031 0.0188002 0.00177974 0.000223149 -0.0128022 -0.00134388 -0.0275256 -0.00402322 0.00777179 0.00285208 -0.000816818 -0.0214137 -0.0176413 -0.00201958 -0.000182426 -0.00438322 -0.00644666 0.00163405 -0.00735839 -0.00541732 0.0303214 -0.0106339 -0.0134517 -0.0153892 -0.0110913 -0.00153799 -0.00087739 0.0144632 0.0163592 0.00999188 0.00286447 0.00155719 0.0218025 0.00858392 -0.0127722 0.00582277 -0.00374042 0.00654101 -0.00424071 -0.00369975 0.00133784 -0.00509447 -0.000489599 0.0163179 -0.00256092 -0.0163636 -0.0130602 -0.0165135 -0.000964897 -0.00306355 -0.00332368 -0.0113411 0.000714502 -0.000556739 -0.00136492 0.000495159 -0.00275478 0.000520266 0.00433748 -0.00185737 0.010027 0.0303617 -0.00586184 -0.00419415 0.00718345 -0.000196596 -0.0144646 
-0.00176303 -0.000146033 -0.00497099 0.000145054 -0.000125695 0.0119563 -7.54537e-05 0.0106799 -0.00120338 -0.00321926 -0.00014066 -0.0102977 0.0668397 0.0104496 0.00518345 -0.0176686 0.00202481 -0.00907015 -0.0348358 0.00247605 0.00237021 0.008781 -0.00560109 0.00488283 0.00029487 -0.0019203 -0.000521024 0.00404014 -0.00069959 -0.0112535 -0.00714206 0.00387633 0.000132471 -0.0194625 -0.0190157 0.000338184 -7.27515e-05 -0.00935654 0.0143714 0.016414 -0.000917369 -0.0129438 0.0229514 -0.000505912 0.0190499 -0.0220708 -0.0178905 2.06757e-05 0.0145557 -0.0125434 0.0115707 0.000169147 -0.00190334 0.00215622 0.00110636 -0.006504 -0.00697811 0.0153254 0.00396354 -0.000314536 -0.00847155 -0.0178878 0.00149955 0.00579444 8.40834e-05 0.0017471 -0.00476874 0.00111918 0.00444899 0.0154484 -0.0174944 0.0179308 -0.00592404 0.000413657 -0.00960566 0.000935845 -0.0246396 0.00535244 -0.0169012 0.0265287 -0.0182906 0.0106659 0.0160181 0.00892139 -5.35035e-05 -0.0112849 0.0007083 0.000284291 -0.000983222 0.00694561 -0.00056065 -0.00777242 0.000500835 -0.000865953 0.012017 -0.00249066 -0.0029683 -0.00542188 -0.000216817 0.00424512 
0.000436356 -3.77779e-06 -0.0019502 -0.0001193 -0.000877267 -0.000155048 -9.04197e-05 0.0015128 -0.00154901 -0.000657179 -0.000134418 -0.00174884 0.0104496 0.0293669 -0.00010561 -0.00894828 0.00067184 0.00888595 -0.00412139 0.00615615 -0.00154587 -0.00164612 -0.00113574 -0.00101409 0.000207278 -0.00547718 -0.000162465 1.44231e-05 -0.00174646 0.00659172 -0.00337986 -0.00061657 -0.000240249 0.00114652 -0.00226624 -0.000120515 -0.000167562 0.000689715 0.000313802 0.00401305 -0.00101657 -0.00763395 0.0073867 -0.000144607 0.00823028 -0.00111719 -0.00517888 0.000145285 0.000281539 -0.00534689 -0.000267891 -0.00083768 -0.0012859 -0.00228741 0.00607071 -0.00312991 -0.0033498 0.00792564 0.00283526 7.27536e-05 -0.00672499 -0.00827812 -0.00074613 -4.7216e-05 -6.78802e-05 -0.00110397 1.11266e-05 -0.00238761 0.0011977 0.000339471 -0.00708032 -0.000845142 -0.00250919 -0.000393601 0.000550306 0.000782515 -0.0121722 5.49754e-05 -0.00760746 0.0121412 0.000337639 0.000206143 -0.000911564 0.0023535 -0.00081443 0.00314169 1.37037e-05 0.000158921 -0.000478852 -0.000725275 -0.00077124 -0.00509145 0.000216121 -0.000329306 0.00619419 -0.00113507 0.00305017 -0.00287001 0.000219134 0.000294528 
7.32682e-05 -6.52807e-05 -0.0025431 0.000400358 0.00223113 0.00285836 0.000223497 -5.93963e-06 -0.00100899 -0.000565333 0.000198066 0.000487119 0.00518345 -0.00010561 0.0212165 -0.00129347 0.00047583 -0.00751315 -0.00943124 0.00279698 -0.00178699 0.00529331 0.00103142 0.000840025 0.000100581 0.00250449 0.000403702 0.00456504 -0.000683542 -0.00664106 0.00259141 0.00466438 8.42824e-05 -0.0147904 -0.00763641 0.00255378 0.000904631 0.00121492 0.00228562 -0.00611031 0.000330368 -0.00440395 0.00111294 0.00035239 -0.0013576 -0.00909855 -0.00560861 1.29705e-05 0.000770918 -0.00250025 0.00442065 0.00217355 0.000521982 0.0054666 -0.0013663 0.00126244 0.00162201 -0.000275958 0.000235088 0.000336438 -0.00875964 -0.00528302 0.00581478 0.00170625 0.00231583 0.00232619 0.00111928 0.00474481 0.00276524 0.00392839 -0.0018301 0.00152485 0.00157069 5.64397e-05 -0.0131039 0.000697127 -0.00136331 0.00072471 -0.00441606 0.000405411 -0.010276 -0.00016778 0.00537767 0.00444567 0.00271249 -0.0143179 0.00147282 0.000690712 0.000838285 0.00273893 0.00196124 0.00227291 -0.000136743 0.00234539 -0.000443046 0.00258577 -0.000124211 0.00272532 -0.000102854 0.00144892 
0.00540978 -0.00135529 -0.0187047 -0.000878132 -0.0138554 -0.00847103 -0.000362292 -0.0144822 0.00779759 0.00077251 0.000397957 -0.00609565 -0.0176686 -0.00894828 -0.00129347 0.223275 -0.00291007 -0.0976489 -0.0220812 -0.0674015 -0.00998788 -0.0154754 0.0256674 -0.00952318 -0.000226276 0.0718634 -0.00297623 -0.00212422 0.007302 -0.0760933 0.0182944 0.00916693 -0.00100628 -0.0133797 -0.0446018 -0.000363171 0.00201194 -0.0535917 -0.012677 -0.0261569 0.0148582 0.0645981 -0.0297623 0.00416796 -0.0302773 -0.0108055 -0.00528092 -0.000391518 -0.0091087 0.0701125 -0.00333576 0.00140364 0.00303984 -0.0162733 -0.0231623 0.0425118 0.0456085 -0.0502212 -2.77586e-05 -0.00415653 0.0546035 0.0613887 -0.0087734 -0.00945807 -0.00229372 -0.0237206 -0.0452548 0.0282345 -0.013715 -0.00783315 0.0883684 0.00285604 0.0254003 0.000483805 -0.0197249 -0.000445033 0.0257136 -0.00298854 0.0303048 -0.0422903 -0.0431034 -0.0182108 0.00264715 -0.00711265 0.0233781 -0.0057122 -8.79159e-05 0.000663852 0.00370428 0.00263696 0.00568012 0.040742 -0.00346877 -0.000604896 -0.0602322 0.00411346 0.00269032 0.0095775 -0.00157051 0.0182968 
-0.000124266 -2.16075e-05 0.000420796 5.98725e-05 -0.000485566 0.000645953 8.48648e-06 -0.000302469 -0.000538833 -0.000231585 -4.99512e-05 -0.00117484 0.00202481 0.00067184 0.00047583 -0.00291007 0.0103743 0.00126594 0.00014776 0.000669006 -0.000811382 7.40976e-05 -0.000523223 0.000106102 -1.44495e-05 -0.00195149 -1.0615e-05 0.00039215 -0.000502658 0.00165521 -0.000957971 -0.000142248 4.20717e-05 -0.0007179 0.000622674 -1.26341e-05 -5.8553e-05 -0.00040672 -5.45216e-06 0.00114772 -0.000291813 -0.00274802 -0.000115239 -7.06719e-05 0.00283888 -0.00205903 -0.000209933 3.62761e-05 0.00118738 -0.00228148 0.000331417 -9.30093e-05 -0.000327288 0.000342346 0.000749318 -0.000535335 -0.000991572 0.000495962 0.000876501 0.000119475 -0.00183841 -0.00174611 0.000171298 8.3469e-05 0.000193101 0.00122388 0.00149591 -0.000406366 0.000458885 0.000358842 -0.00238208 0.000283117 -0.000657547 -4.90945e-05 5.53461e-05 2.72379e-05 -0.0021362 2.19363e-05 -0.000846993 0.00283328 5.83403e-05 0.00031053 0.000716696 8.31036e-05 -0.000873048 0.000133436 -2.88765e-05 -0.000106667 7.78538e-05 7.018e-05 0.000594151 -0.00177808 0.000271487 -0.00014187 -0.00122574 9.62075e-05 -0.000411577 -0.000913591 -1.69059e-05 -0.000163448 
-0.00100857 0.00445964 0.0350651 -0.00172536 0.0021037 0.000608136 -0.00125106 -0.0216354 -0.0171856 -0.0210517 -0.00227958 -0.0127142 -0.00907015 0.00888595 -0.00751315 -0.0976489 0.00126594 0.247249 0.0926476 0.0540633 -6.22925e-05 -0.0217423 -0.0462321 -0.00656634 0.00231381 -0.0890541 -0.00227514 -0.00523921 -0.0173091 0.143416 -0.0451867 -0.0205241 -0.0022351 0.0688174 0.0932801 -0.00187471 -0.00247032 0.0481757 -0.00755474 0.0709968 -0.0136686 -0.086806 -0.0159427 -0.00404219 0.0220238 0.0243964 0.0573762 0.000283625 -0.00491047 -0.0441655 -0.00980765 -0.0217803 -0.0174621 -0.0227993 0.0249701 -0.0465568 -0.0511055 0.0573906 -0.00373695 0.00450719 -0.0156337 -0.046132 -0.0111014 -0.00389116 -0.00119715 0.000888298 0.0330061 -0.0365154 0.00412069 -0.0109182 -0.107324 -0.0296374 -0.0364185 -0.00520334 0.0867344 -0.00120332 -0.0107823 -0.006248 -0.0367854 0.0151282 0.130694 0.00366281 -0.0217061 -0.00116035 -0.0216607 0.0836481 -0.00121315 0.000284666 -0.00567015 -0.0113062 -0.0134074 -0.0662607 0.00487556 -0.00533364 0.0187378 -0.0159555 -0.0286916 -0.0403224 0.00215012 -0.0523533 
0.00428832 0.00150607 0.0312944 0.000428727 0.000800306 -0.00865198 -0.000576669 -0.00268717 -0.0361568 -0.0306696 -0.00239978 0.00769299 -0.0348358 -0.00412139 -0.00943124 -0.0220812 0.00014776 0.0926476 0.215814 0.025151 -0.0341946 -0.0280349 -0.0141679 -0.0243286 -0.000145343 -0.0638127 0.00214859 -0.00887847 -0.0190779 0.075111 -0.0261968 -0.0320206 -0.00382602 0.0863565 0.0831401 -0.00299826 -0.00240125 0.0271791 -0.0270675 0.0384996 -0.018399 -0.0442685 -0.0408834 -0.00376908 0.00119864 0.0823031 0.0685252 -0.000243289 -0.00817202 -0.00813359 -0.0125423 -0.0254617 -0.023815 -0.0019919 0.00784917 -0.0545143 -0.0573846 0.00626726 -0.00650535 0.00151473 0.0256969 0.0293579 -0.00653546 -0.00159103 -0.000384258 0.000282821 0.0127706 -0.0572349 0.00152867 -0.0141512 -0.058218 -0.0436009 -0.0558046 -0.00478035 0.0968497 -0.000588506 0.039083 -0.0188348 0.0468901 -0.0327091 0.0979863 -0.0225902 -0.0169371 -0.0117186 -0.0228656 0.112013 -0.0033444 -0.00259185 -0.00868052 -0.0136884 -0.00762654 -0.0767555 0.0014358 -0.00501143 -0.00459628 -0.0223638 -0.00337797 -0.0368829 0.000567691 -0.0260164 
-0.00210535 -0.000125823 0.00993474 0.000538306 0.00173219 -0.00766286 0.00012451 -0.00828057 -0.0137097 -0.00124693 -3.12618e-05 0.00667513 0.00247605 0.00615615 0.00279698 -0.0674015 0.000669006 0.0540633 0.025151 0.18315 0.00930641 0.00749053 0.00104139 0.0041395 -0.0012488 -0.0458062 0.00262498 -0.000255736 -0.0130555 0.0286867 -0.0100726 -0.00442918 -0.000448727 0.0154642 -0.0174593 0.00352529 -0.0011506 0.0320095 0.00047115 -0.0321528 -0.00842076 -0.0430632 0.028496 -0.00195938 0.039214 0.0363464 -0.0421124 -3.32681e-05 -0.0095665 -0.0294268 -0.00582708 -0.0119256 -0.00768709 0.00881616 0.00938643 -0.0206986 -0.0200029 0.0790613 0.000345024 0.00243046 -0.0921168 -0.0503028 0.00848587 -0.00250767 0.00184315 0.0106156 0.0561799 -0.0183978 0.0135652 -0.00398022 -0.0419002 -0.00835119 -0.01605 -0.00269901 0.0009844 0.000760576 -0.0277061 -0.00523099 -0.0602665 0.0486331 -0.00572501 0.00653366 -0.00998655 0.00508044 0.0198616 0.00119997 -0.000881234 -0.00254225 -0.00254238 -0.00465938 -0.00306572 -0.0241875 0.00267357 0.00608522 0.0448941 0.0063426 0.0128722 -0.0135322 -0.000946678 -0.0239892 
-0.00313847 -0.00108909 -0.0013027 -0.000297032 0.0027765 -0.00307826 0.000299238 0.00661306 0.0328519 -0.000752271 0.000964032 -0.00396582 0.00237021 -0.00154587 -0.00178699 -0.00998788 -0.000811382 -6.22925e-05 -0.0341946 0.00930641 0.10088 0.0175304 -0.00859657 0.0198255 0.00120994 -0.0106644 -0.000953091 -0.00269747 0.0108611 -0.00967853 0.0069469 0.00948031 0.00435444 -0.0279236 -0.0158038 0.00239114 -0.000354367 -0.0163777 0.0205119 -0.0368023 0.00825175 -0.0123877 0.0177021 0.00132352 0.0140787 -0.0370197 -0.0179723 0.000111603 -0.00294803 -0.015533 -0.00275512 -0.00357977 0.00429795 -0.00501248 -0.00365311 0.0019819 0.00616293 0.0132295 0.000361761 0.00149927 -0.0362539 -0.0259369 0.00137207 0.000364977 -0.000234466 -0.000770679 0.0268332 0.0241397 -0.000434317 -0.00169743 0.00388682 0.00579231 0.0242458 0.000670865 -0.0312663 -3.29789e-05 -0.0278996 0.015704 -0.0237734 0.000396687 -0.0276106 0.0249872 -0.00184282 0.00379601 0.0141619 -0.0307679 -0.000598619 -8.07955e-05 0.0075406 0.000203846 0.00215224 0.00515675 -0.000300136 -0.00151012 0.020146 -0.000144605 0.00144152 0.013889 -0.000275067 -0.010899 
-0.00103673 -0.000471677 -0.00911226 0.00034881 0.0164763 -0.000892803 0.000207797 0.0110109 0.0116089 0.00340743 4.9764e-06 0.00325966 0.008781 -0.00164612 0.00529331 -0.0154754 7.40976e-05 -0.0217423 -0.0280349 0.00749053 0.0175304 0.0751977 0.0213314 0.0162584 -0.000252967 -0.00408108 0.00246453 0.00560739 0.00241248 -0.017376 0.00902969 0.00834102 0.00372718 -0.035084 -0.0273389 -6.74388e-06 -0.000423543 0.00265948 0.0296995 -0.0289474 -0.00114079 -0.0123783 0.0350103 -0.000384351 0.00850922 -0.0200029 -0.0209213 -1.66248e-05 -0.0026039 -0.0150937 0.000488451 -0.00250331 -0.00182225 0.00512564 -0.00478489 -0.0025927 -0.00710714 0.000991957 0.000300272 7.19624e-05 -0.0278651 -0.021406 0.0072439 0.00681189 0.00314992 0.00524007 0.00157152 0.0141878 0.0130704 0.000669943 0.00436564 0.00416814 0.00350975 0.00329846 -0.0478129 0.000103725 -0.0321372 0.0157437 -0.00527989 0.00956252 -0.0344264 0.0277635 0.00450805 0.00522287 -0.00603565 -0.046097 -0.000350852 -0.00045011 0.00168612 0.00842786 0.00514695 -0.00408743 -0.000558246 0.000775631 0.0364033 0.00696981 0.0165977 -0.00249775 -0.000384085 -0.0062563 
-0.00234188 -0.00258062 -0.0193651 2.27751e-05 0.00447366 -0.00589003 -9.20034e-05 0.00403739 -0.00363515 0.0144883 -0.000289915 0.00680041 -0.00560109 -0.00113574 0.00103142 0.0256674 -0.000523223 -0.0462321 -0.0141679 0.00104139 -0.00859657 0.0213314 0.142363 0.000136039 -0.00124784 0.0526622 0.00113621 0.00648055 -0.000158313 -0.0386547 0.0187609 0.00551166 -0.000490664 -0.0123762 -0.0457547 -0.000951704 3.3634e-06 0.00455719 0.00541396 -0.0523186 -0.00407488 0.0309695 0.00523588 -0.000754034 -0.0258677 0.00298234 -0.0233224 -0.000159552 -0.00669754 0.0259528 0.00131773 0.00631445 0.00275757 -0.00404128 -0.0104991 0.0133747 0.0129801 -0.0223163 0.00122436 -0.000314738 0.00279671 -0.00213023 0.00240229 -0.000961576 0.000652024 -0.00749886 -0.0195602 -0.00105227 0.00671281 -0.00247362 0.0579171 -0.00200051 -0.00456375 0.00464562 -0.0570924 0.00015498 -0.00128703 -0.00131567 -0.0149782 -0.00249231 -0.055084 0.000330198 -0.00173098 0.00180946 -0.00382572 -0.0193158 -3.44837e-05 -0.00029678 -0.00160322 0.00579506 0.00462731 0.0161736 -0.00167579 0.00183041 0.0122837 0.00659836 0.0286129 0.00187649 -0.000634649 -0.0121883 
-0.000664009 0.00017234 -0.00233363 0.000255694 0.00733594 -0.000931468 0.000163818 0.000922127 0.0136075 0.00742718 -0.000151933 0.0038354 0.00488283 -0.00101409 0.000840025 -0.00952318 0.000106102 -0.00656634 -0.0243286 0.0041395 0.0198255 0.0162584 0.000136039 0.0417858 -0.000158455 -0.00957866 -0.000218411 -0.000994511 0.00340564 -0.0122703 0.00678773 0.00247603 0.00387092 -0.0174204 -0.0138112 0.000477016 -0.000256576 -0.00882541 0.017604 -0.0173411 0.00150231 -0.0105689 0.0251726 -8.74067e-05 0.0143151 -0.014178 -0.0109873 0.000305327 -0.00140587 -0.0097585 -0.000535521 -0.00277284 -0.001425 0.00327706 -0.0021949 -0.00269434 -0.000714665 0.00873873 0.000871506 0.000879166 -0.0184798 -0.0115747 -0.000440771 0.00396816 7.24352e-05 0.00852428 0.00886168 0.00877076 0.00147707 -0.000516508 -0.00219249 0.00329788 0.00749547 0.000601912 -0.0234462 -2.4094e-06 -0.0285487 0.010738 -0.00967195 0.00935546 -0.0180464 0.0238858 0.000246546 0.00396165 -0.0014859 -0.0219354 -0.000238624 0.00192798 0.00214779 -9.96736e-05 0.000423578 -0.00407215 -0.000337663 0.000337111 0.0160644 0.0039984 0.0023279 -0.00196274 -0.000209492 -0.00288849 
-0.000187636 0.00052632 -0.000332804 4.29647e-05 -0.00020839 0.00063904 1.62411e-05 -0.000289665 -0.00033145 -0.000234434 -3.3382e-05 0.000300769 0.00029487 0.000207278 0.000100581 -0.000226276 -1.44495e-05 0.00231381 -0.000145343 -0.0012488 0.00120994 -0.000252967 -0.00124784 -0.000158455 0.0105857 -0.00178411 6.31031e-07 -4.3613e-05 0.000706717 0.00179462 -0.000306698 0.000500443 4.72359e-05 -0.0014578 0.00249128 0.000151686 -4.82814e-05 -0.000978345 -0.000336645 0.000243705 0.000425591 -0.00233516 -0.000766203 -1.92757e-05 -0.00159343 -0.00466388 0.00083527 4.53087e-05 0.000511686 -0.00149825 0.000292377 0.000145735 0.000822043 -0.00055982 0.000322881 -0.000396867 -0.000141495 -0.00100597 0.000447991 -0.000110968 0.000344144 -0.00204251 7.07436e-05 0.000361028 0.000251034 -0.000404614 0.000723718 0.000165895 -0.000259666 0.000260104 -0.00261719 0.000458813 -0.000452481 -0.000126886 -8.72019e-05 6.18196e-06 -4.9671e-05 0.000217524 -0.00153781 -0.000425846 0.00180538 -0.00031326 0.00061518 0.00017298 -0.000606489 -0.000941738 -4.23741e-05 0.000305428 0.000176104 1.39848e-05 0.000633426 -0.000295633 4.13538e-05 -0.000165792 -1.24496e-06 0.000825902 -0.000299845 0.000588282 0.000571729 -0.00100265 
-0.00202221 -0.00441269 -0.0328871 -0.000657125 -0.0125753 0.00120878 -0.000348645 -0.00361761 0.00683805 0.00393739 0.0013266 -0.0274174 -0.0019203 -0.00547718 0.00250449 0.0718634 -0.00195149 -0.0890541 -0.0638127 -0.0458062 -0.0106644 -0.00408108 0.0526622 -0.00957866 -0.00178411 0.197321 -0.0014567 0.00775945 0.00744473 -0.0723815 0.031202 0.0122788 -0.000667381 -0.0413757 -0.0796904 -0.00151038 0.000722048 -0.00466348 -0.00263665 -0.0422328 0.00727029 0.0895909 -0.0302839 0.00359887 -0.054542 -0.0145336 -0.0290779 -0.000277363 0.00490485 0.0508599 0.0107112 0.0237886 0.0127436 -0.0178596 -0.0173134 0.0470376 0.04768 -0.0444633 -0.000893285 -0.00288056 0.0101357 0.0116262 0.00454578 0.000309738 -0.00146253 -0.0209776 -0.0407848 0.0323611 -0.00727963 0.00894064 0.107649 0.0208319 0.0294696 0.00594665 -0.0561978 -0.000771098 0.0237227 -0.00495492 -0.0101768 -0.0324625 -0.0734992 -0.016699 0.0175199 -0.00421859 0.0170584 -0.0467523 0.000934863 -0.000557895 0.0011525 0.0177751 0.00727037 0.0705435 -0.00304776 -0.000313526 -0.0655782 0.0124236 0.0165777 0.0190465 -0.00137997 0.0328255 
-0.000271646 -0.000168727 -0.000661073 8.3647e-05 0.000655476 -5.62325e-05 2.33393e-05 0.000277108 -0.000644676 -0.000324621 0.00034946 0.0009442 -0.000521024 -0.000162465 0.000403702 -0.00297623 -1.0615e-05 -0.00227514 0.00214859 0.00262498 -0.000953091 0.00246453 0.00113621 -0.000218411 6.31031e-07 -0.0014567 0.0109836 0.000137686 -0.000299116 -0.00141472 0.00125732 -0.000195786 0.000116067 -0.00207457 -0.000157478 9.65035e-05 -5.89616e-05 0.00119251 -0.000257293 -0.00313502 -0.000357658 -0.00214038 0.00118581 -2.1662e-05 -0.000892253 0.00110864 0.000298778 -1.20527e-05 -0.000161616 -0.00141141 1.19586e-05 0.000147948 -0.000112661 0.0017858 3.33743e-05 -0.00107759 -0.00107962 -0.00087821 -1.32689e-05 0.000187633 -0.00335239 -0.00115477 0.00029514 0.000983093 0.000636089 -0.000351296 -0.000163863 -0.000821387 0.00109235 3.76535e-05 -0.000190209 -4.40204e-05 -0.000974765 0.000189147 -0.000473185 0.000125928 0.000285276 -0.000104288 0.00198728 0.000675666 -0.00155033 -0.000432654 0.000811138 0.000188989 -0.000763888 -0.00359557 -5.26813e-05 0.00012735 -4.05183e-05 -0.00026022 9.97352e-05 -0.000963218 -1.49606e-05 -5.68001e-06 0.00256276 0.000484256 0.00103534 -0.000762419 -4.93289e-05 0.00130089 
-0.000196864 0.00049123 -0.00205523 0.000103696 0.00110442 0.000639596 0.000204933 -0.00148205 -0.00129658 -0.00195121 2.6561e-05 0.000104367 0.00404014 1.44231e-05 0.00456504 -0.00212422 0.00039215 -0.00523921 -0.00887847 -0.000255736 -0.00269747 0.00560739 0.00648055 -0.000994511 -4.3613e-05 0.00775945 0.000137686 0.0286007 -0.0011186 -0.00700655 -0.00436024 0.000180149 -0.000190833 -0.00736245 -0.00853725 0.00121436 0.00164348 0.0129204 0.00433529 -0.00519331 -0.000804855 0.00529239 -0.000204016 -0.000171089 -0.00403499 -0.00975283 -0.00435988 -1.39126e-05 0.000335821 0.00406174 0.00573262 0.00110938 0.000162615 -0.000271053 -0.00215032 0.00184329 0.00140194 -0.00281189 -0.000229356 0.000644236 -0.000872407 0.00400612 0.00269013 0.00120695 0.000580118 -0.00139944 -0.00318515 -0.00174779 0.00521779 0.00262414 -0.00177314 0.00342586 -0.00251695 0.00012062 -0.0143962 0.000480975 0.00168975 0.000548817 -0.00715842 -0.00119007 -0.00491063 -0.000264129 0.00161597 0.00412409 0.000295988 -0.00990411 0.0011113 0.000270738 -0.000487662 0.00374763 -0.00065354 0.00246126 -3.21909e-05 0.00154937 -0.00132157 0.00114685 -0.00210229 0.00158072 -7.34098e-05 -0.00186761 
-0.00142776 0.000572027 -0.00713585 -5.37041e-05 0.000537355 0.000441162 0.000531832 0.00174436 0.0101999 -0.000979066 9.30115e-05 0.00532211 -0.00069959 -0.00174646 -0.000683542 0.007302 -0.000502658 -0.0173091 -0.0190779 -0.0130555 0.0108611 0.00241248 -0.000158313 0.00340564 0.000706717 0.00744473 -0.000299116 -0.0011186 0.0574063 -0.0152263 0.00571437 0.0116297 0.00236115 -0.0161969 -0.00748049 -0.000296958 0.000273527 -0.000821921 0.00223506 -0.00858102 0.00535599 0.00985079 -0.000563037 -0.000386569 -0.00785991 -0.0194336 -0.000518034 -7.52523e-05 0.00254349 -0.00393424 -0.000123187 0.00334081 0.00869894 -0.00340238 0.00399769 0.00631665 0.0128876 -0.00931193 -0.000701235 -3.72779e-05 0.00471727 0.00275365 -6.28147e-05 -0.00115139 -0.00041348 -0.000501206 -0.00569528 0.00727569 -0.00249421 0.000725971 0.00748621 0.0105706 0.00539886 0.00142036 -0.0170114 -2.63659e-05 -0.00371798 0.00538405 -0.00254761 -0.00808085 -0.00716622 0.00560421 -0.000671679 -0.00136495 -0.00124097 -0.0211724 2.69842e-05 -0.000190119 0.0015499 -0.000685438 -0.0014747 0.0217892 -0.000115893 -0.00104904 -0.00847627 -0.0023359 -0.00916496 0.00682462 -0.0002198 -0.00948554 
-0.00529233 0.00125623 0.0321892 -0.00128953 0.00231586 -0.00290857 -0.000696607 -0.0180529 -0.0183717 -0.012715 -0.00141032 -0.0301642 -0.0112535 0.00659172 -0.00664106 -0.0760933 0.00165521 0.143416 0.075111 0.0286867 -0.00967853 -0.017376 -0.0386547 -0.0122703 0.00179462 -0.0723815 -0.00141472 -0.00700655 -0.0152263 0.22412 -0.0384312 -0.0143257 -0.00278051 0.0514409 0.0824715 -0.00241997 -0.00215603 0.0428075 -0.0138505 0.0710224 -0.0115979 -0.0824611 -0.0158137 -0.00288803 0.00823953 0.043398 0.0496931 0.000262297 -0.00573849 -0.0429799 -0.00772146 -0.0187488 -0.0131594 -0.0157893 0.0259505 -0.0372128 -0.0424542 0.0383307 -0.00321557 0.0016308 -0.0104591 -0.0459981 -0.0118571 -0.00311285 -0.000981918 -0.0109816 0.0322695 -0.0302039 0.00615462 -0.00936272 -0.0789996 -0.0229761 -0.02623 -0.00403858 0.0684993 0.000117605 -0.0239123 -0.00639477 -0.00248075 0.0119319 0.112865 0.000617919 -0.0159563 -0.00284821 -0.0314582 0.0635359 -0.00138584 -0.00239457 -0.00578143 -0.00701034 -0.0100561 -0.0596745 0.00520629 -0.00627032 0.0213882 -0.0128567 -0.00961519 -0.0309332 0.00255895 -0.040656 
-0.00104425 -0.00209395 -0.0144561 0.000218293 0.00256941 -0.00504491 -7.22627e-05 0.0140839 0.0082472 0.0250948 0.001376 -0.0155572 -0.00714206 -0.00337986 0.00259141 0.0182944 -0.000957971 -0.0451867 -0.0261968 -0.0100726 0.0069469 0.00902969 0.0187609 0.00678773 -0.000306698 0.031202 0.00125732 -0.00436024 0.00571437 -0.0384312 0.139827 0.0231893 -0.000707338 -0.0508845 -0.0102966 0.00178811 -0.000691556 -0.0206952 0.00479454 -0.0679444 0.00631896 -0.0313058 0.0078338 0.000322081 0.000111296 -0.0221504 -0.0224723 0.000133603 -0.00338965 -0.0196678 -0.00235519 0.008192 0.010078 0.00413132 0.0011328 0.0118464 0.0264348 -0.0157473 0.00284688 -0.00110521 -0.0465318 -0.0251605 0.00719447 -0.00341654 -5.35005e-05 -0.00385878 0.00530631 0.0376008 -0.00391772 -0.000442985 0.0200093 0.00476498 0.0334389 0.00121864 -0.0437684 -0.000459534 -0.0169599 0.00874243 -0.0010139 -0.00208635 -0.0504857 0.00677282 0.00223393 -0.00150845 -0.00535158 -0.0365113 -0.00010978 0.00479476 0.00966945 0.00373164 0.0101681 0.0198505 -0.00147896 -0.00156923 -0.0022541 0.018603 0.0290308 0.0201475 -0.000767397 0.0469895 
-0.0011638 0.00025467 -0.00666863 -0.000116236 -0.00165132 -0.0014974 -3.31082e-05 0.00164385 0.0125354 0.00560252 0.000316421 -0.00556778 0.00387633 -0.00061657 0.00466438 0.00916693 -0.000142248 -0.0205241 -0.0320206 -0.00442918 0.00948031 0.00834102 0.00551166 0.00247603 0.000500443 0.0122788 -0.000195786 0.000180149 0.0116297 -0.0143257 0.0231893 0.046856 0.000828654 -0.0328908 -0.0174983 0.00100331 -0.000217586 -0.0054431 0.00394348 -0.0192471 0.00931208 -0.0063214 0.00402822 0.00049193 -0.00564574 -0.0245166 -0.0125443 7.16706e-05 -0.000620279 -0.00491488 -0.000113758 0.00763477 0.0115407 -0.000586408 -0.000295492 0.0166951 0.0233996 -0.00495785 0.00240199 -0.000378408 -0.0177241 -0.0132595 -5.2599e-05 -0.000560222 0.000650171 -0.000897668 -0.00452422 0.0229895 -0.000661745 -0.000601558 0.0128136 0.0122435 0.0158261 0.00191805 -0.0305059 -0.000134687 -0.0102809 0.00794479 -0.0139622 0.00284704 -0.0225551 0.00651856 0.000697486 0.000570396 0.00204031 -0.0352473 0.000248378 0.00135698 0.00706692 0.00057899 0.00091115 0.0277673 -0.000319559 -0.000747561 -0.00466489 0.00594562 -0.00774189 0.0179355 -0.000254158 0.00111424 
-0.000211187 -1.69317e-05 -0.00125918 9.0982e-05 0.000280771 2.30983e-05 2.4719e-05 0.000369491 0.0046634 -0.000421716 -6.13411e-06 0.00375578 0.000132471 -0.000240249 8.42824e-05 -0.00100628 4.20717e-05 -0.0022351 -0.00382602 -0.000448727 0.00435444 0.00372718 -0.000490664 0.00387092 4.72359e-05 -0.000667381 0.000116067 -0.000190833 0.00236115 -0.00278051 -0.000707338 0.000828654 0.00979275 -0.00349079 -0.00303583 0.000159567 -3.71594e-05 -0.00187168 0.00259773 -0.00360323 -7.59947e-05 -0.00131588 0.00285397 -2.95323e-05 -0.000950652 -0.00445347 -0.00199267 -9.10844e-06 -0.000283437 -0.00115567 -0.000177977 -0.000432061 -0.000391654 0.000339144 -0.000530952 -0.00100582 -0.00100036 -0.00038215 0.000191269 0.00015027 -0.00341607 -0.00207518 9.81325e-05 0.00288187 0.000806736 0.00150951 0.0019078 0.00147546 0.000227567 -3.08609e-05 0.00168049 0.000419142 0.00117311 0.000657868 -0.00409606 -3.71566e-05 -0.00369171 0.00232093 -0.00208252 -0.00130759 -0.00295742 0.00461189 0.000617257 6.39799e-05 7.00849e-05 -0.0049315 -5.24426e-05 2.80847e-05 0.000741227 0.000880735 0.00192394 0.000836395 -0.000105467 -2.10759e-05 0.00191088 -0.000325523 -0.000551133 -0.000492689 -3.88225e-05 -0.00075297 
0.00151728 -0.000821064 0.0219264 -0.00282787 -0.0150396 -0.00940559 -0.00163085 -0.0130336 -0.0385086 -0.0188625 -0.0026949 0.00547031 -0.0194625 0.00114652 -0.0147904 -0.0133797 -0.0007179 0.0688174 0.0863565 0.0154642 -0.0279236 -0.035084 -0.0123762 -0.0174204 -0.0014578 -0.0413757 -0.00207457 -0.00736245 -0.0161969 0.0514409 -0.0508845 -0.0328908 -0.00349079 0.15558 0.0624612 -0.00281925 -0.00172922 0.010187 -0.0209302 0.0601152 -0.0201028 -0.00129812 -0.0170498 -0.00473233 0.0174769 0.0711347 0.0449367 -0.000106365 -0.0082795 0.00957602 -0.0108211 -0.0209359 -0.0240373 -0.0115865 0.00779856 -0.0420705 -0.0512497 0.0241284 -0.00570373 -0.000396124 0.0490127 0.0397061 -0.014475 -0.0121765 -0.00378966 -0.00116201 -0.00341869 -0.0713905 -0.00577005 -0.0151428 -0.0380073 -0.0246487 -0.0472136 -0.00461787 0.104765 -0.00151998 0.0280436 -0.0223623 0.0369516 0.010331 0.0835314 -0.0170928 -0.0190863 -0.00937076 -0.0233243 0.107625 -0.00202681 -0.00219523 -0.0140485 -0.016093 -0.0198465 -0.0492056 0.00107941 -0.00295778 -0.0054535 -0.0270516 -0.0123038 -0.0343625 0.000359908 -0.0132649 
