0.0170678 -0.00763359 -0.00729274 -1.1833e-05 -2.5393e-05 -0.000105695 -0.00205677 2.1887e-05 -0.0110315 -0.01147 -3.91871e-05 0.000850452 1.59066e-05 0.00210268 -0.000864815 0.000106748 0.000247776 0.00030609 0.000262358 -0.0118423 0.000105916 6.29887e-05 -0.000293304 0.00517726 0.00497771 -7.4657e-05 -0.00631866 -0.000240464 7.53415e-05 0.010671 0.000303601 0.00148209 -0.0038444 -0.00970163 -3.37923e-05 -0.00668371 -0.00023488 -0.00217676 0.000115453 -0.00238322 0.00798345 0.00104456 0.00022995 -0.000123728 -9.16261e-05 0.00404526 3.85355e-05 -5.53307e-05 1.65228e-07 -0.000219832 5.64221e-05 -0.000366236 -3.51444e-06 0.000325711 -1.18441e-05 -0.0114481 0.000128531 -0.000586153 0.0016685 -1.44607e-06 0.00153913 0.00111816 0.00712329 -1.40238e-05 -1.89143e-05 -0.000963223 0.0112772 -0.000175494 -4.37816e-06 -5.51833e-05 0.0076382 0.0109506 -0.00072697 -0.00782565 -0.0116424 0.00189005 0.0105275 0.000290629 4.89826e-05 0.00108699 0.000141273 -0.00025395 0.00078642 -0.00842908 0.000214265 0.000765411 -0.00010246 0.000167826 -0.0109107 -0.00141952 -0.000276792 2.83706e-05 0.00871499 0.000104937 0.00928001 -4.82552e-05 0.000629303 1.76993e-05 0.00491156 0.00140701 
-0.00763359 0.249569 0.0357168 -0.000320562 -0.000199438 -0.00175553 0.0290328 -0.00191469 0.0830249 0.0529507 -0.0010006 -0.00227752 0.000200495 -0.0362633 -0.00029875 0.00101398 -0.00422983 0.00032907 -0.00169823 0.0422107 -0.000449982 3.26628e-05 -0.014413 -0.011466 -0.00875096 -0.00287575 -0.0538811 -0.00800146 -0.00658102 -0.0338669 -0.00869002 -0.00407019 0.0391408 0.0371097 -0.00262012 -0.0391456 -0.0248451 0.0119476 -0.00034241 0.0142034 -0.0562059 -0.00317886 -0.0047618 0.000697243 -0.00088547 -0.0230982 0.00136136 -0.00076817 -7.70201e-06 0.00349275 -0.00312468 -0.00286817 -0.000283054 0.00292774 0.00283348 0.0627812 -0.00662697 -0.00973214 -0.0248115 -0.000833034 -0.0146574 -0.0057173 -0.0122061 -0.00244033 -0.000376164 -0.0159833 -0.0460968 0.00394211 -0.00143454 0.000568154 -0.0472632 -0.0430226 -0.000967744 -0.00462536 0.0141794 -0.00905416 -0.0746185 0.0485792 0.000365914 -0.00731836 0.00421148 0.0013161 0.003055 0.0257713 0.00208048 0.00490224 -0.00282338 -0.00648617 0.0354152 0.0219466 -0.0122824 -0.00120899 -0.0313622 -0.00236198 -0.030615 -0.00110642 -0.00140462 -0.00190527 -0.0377308 -0.00706367 
-0.00729274 0.0357168 0.120029 -0.000969347 -0.00220651 -0.00139257 -0.00131237 0.000242014 0.0529742 0.0529767 -0.000865868 -0.0060172 -0.00102577 -0.0352285 0.00483399 -0.000884929 -0.00145931 -0.00481786 -0.00220169 0.0576431 -0.00334765 -0.000169538 -0.0198069 -0.0139376 -0.0146109 -0.00282683 0.0377593 -0.00756643 -0.00681999 -0.0331033 -0.00451481 -0.0047143 0.0104706 0.0627874 -0.00605374 0.0175231 -0.0094445 0.0140558 -0.002531 0.00783319 -0.0358147 -0.00763316 -0.00442386 -0.000332017 -0.00335249 0.00335419 -0.00295421 8.82589e-05 -0.000431761 -0.0196027 -0.00432756 -0.0118783 -0.000487922 -0.00769961 -0.00115264 0.0461229 -0.0044777 -0.00585327 -0.0248165 -0.00373818 -0.00665798 -0.00969734 -0.0153727 -0.000646522 -0.0022398 -0.0033938 -0.0468108 -0.00190487 -0.000559004 0.000175136 -0.0209244 -0.042914 0.00191894 0.0317801 0.049581 -0.0130907 -0.0332844 0.0269422 -0.00168339 -0.00586776 -0.000359999 0.000310175 -0.00160891 0.0364573 -0.00529218 -0.0239409 -0.00109276 -0.0105712 0.0496367 -0.0100661 -0.0097954 -0.0017769 -0.0288061 -0.00291283 -0.0469633 -0.00120445 -0.00604462 -0.000590229 -0.0234437 -0.00759602 
-1.1833e-05 -0.000320562 -0.000969347 0.0018013 4.19715e-05 -7.10538e-06 0.000156252 1.47221e-05 -0.000442654 2.31055e-05 7.20958e-06 1.55362e-05 3.69745e-05 -3.00881e-05 -8.27034e-05 1.48346e-05 -2.4266e-05 0.000116944 8.02043e-06 -0.000248671 1.36356e-05 2.14275e-06 1.9385e-05 1.52756e-05 7.20071e-05 1.02425e-05 -0.000731424 0.000148796 5.88294e-06 -2.67856e-05 -7.19538e-05 3.25263e-05 3.50501e-05 -0.000656911 1.78403e-05 -0.00055084 8.20322e-05 -0.000600534 1.37596e-05 -0.000132826 0.000278122 6.99031e-05 0.000126961 7.02564e-05 2.85772e-05 -0.000385959 3.72436e-05 9.78942e-08 6.16907e-06 0.00010133 3.74644e-05 2.22375e-05 1.28606e-05 1.27928e-05 1.21577e-05 2.29446e-05 7.86445e-05 0.000307412 1.89661e-05 7.0952e-05 2.71833e-06 0.00013625 6.1585e-05 -2.73547e-06 1.20679e-06 0.000186401 -1.35959e-05 8.14011e-05 7.38492e-05 1.11278e-05 8.16129e-05 5.76082e-05 0.000293909 -0.000135208 -0.000199328 -8.25239e-06 -0.00017698 -0.000901253 1.53744e-05 2.66813e-05 3.2654e-05 -2.71191e-05 -4.02873e-06 -0.000188156 3.24032e-06 0.00040492 0.00012626 0.000439617 -0.000278401 0.000521862 6.19155e-06 2.15611e-05 8.00068e-05 7.56597e-06 0.000171711 5.05205e-05 5.4017e-05 1.39228e-05 0.000176237 6.89699e-05 
-2.5393e-05 -0.000199438 -0.00220651 4.19715e-05 0.00401406 9.43596e-05 0.00183011 5.60593e-06 -0.000655022 -0.00166167 1.09959e-06 0.000274019 4.6075e-06 0.00059849 -8.76503e-05 0.00010066 0.000147908 -1.41293e-05 -8.10073e-06 -0.00125027 0.000329068 4.50129e-06 -0.000100716 -3.08285e-06 -2.39065e-05 0.0007905 -0.00131787 0.000182929 -4.40842e-05 5.27286e-05 5.65592e-05 -3.20447e-05 -0.00211497 -0.00220098 0.00070539 -0.000201715 -0.000207103 -0.00108272 1.35086e-05 -0.000490658 -0.000679107 0.000117759 -1.30046e-05 -3.1523e-05 0.000223641 -0.000916479 0.00014394 0.00012554 7.51739e-06 -4.93905e-05 1.43655e-05 0.00146824 1.0945e-06 0.00124767 -4.11549e-05 -0.00161221 1.1514e-05 -1.68968e-05 4.82686e-05 9.67825e-06 -9.53049e-05 0.000475894 -2.05052e-05 0.000152489 0.0015923 -1.37043e-05 -0.000225315 0.000396689 7.99101e-06 0.00012159 -0.000822255 -0.000228364 0.00132667 6.61519e-05 -0.000546144 5.38702e-05 -0.000638325 -0.000910769 5.76632e-05 5.59837e-05 -7.02196e-05 -7.53767e-05 0.000867173 0.000215806 -0.000168233 0.0012947 0.00109304 0.000550086 -0.00098963 0.000592296 0.000270552 -7.74363e-06 -0.000151418 -5.50813e-06 -0.000196943 0.000665749 1.29748e-05 2.76056e-06 -0.000146797 6.06217e-05 
-0.000105695 -0.00175553 -0.00139257 -7.10538e-06 9.43596e-05 0.00789482 -0.00115128 -3.84131e-05 -0.00294248 0.000532973 3.35498e-06 -5.31726e-06 3.40746e-05 -0.000157673 -0.00035437 9.78821e-05 -4.12758e-05 0.000365651 0.000108263 -0.000441715 -4.86989e-06 -1.60396e-06 -4.30752e-06 -3.66786e-05 -8.73534e-05 0.000529379 0.00116261 0.000628816 -9.89417e-05 0.000312079 2.45195e-05 0.00021956 -0.000545314 0.000873989 0.00014388 0.000421384 0.0017709 -0.000239597 -3.61901e-05 0.00426406 0.000188471 -8.69033e-06 5.40622e-05 -3.67149e-05 3.96847e-05 0.000211149 5.75995e-05 -1.75609e-05 -6.42294e-06 -0.000467018 -4.34862e-05 -7.06645e-05 -4.48951e-06 -8.36049e-05 0.000122065 -0.00190478 -9.74509e-05 -0.000364264 0.000270523 -6.05541e-05 -1.66179e-05 -3.73087e-05 5.01284e-05 2.83845e-05 0.000132843 -0.000343715 -0.000337211 -0.000117298 -1.65498e-05 0.00011672 0.00139995 -5.18531e-05 -0.000304925 -0.00200995 -0.00138366 0.000116887 -0.00100223 -0.00146698 -1.35912e-05 0.000175526 0.000468411 -4.86451e-05 4.42138e-06 -0.00237044 0.000283952 4.66192e-05 3.58414e-05 -4.96706e-05 -0.00104724 -0.000332095 0.00133117 -5.23914e-06 -0.000319659 -3.52321e-05 -0.000138069 1.28339e-05 -5.89514e-05 -2.42327e-05 -0.00038507 -9.9382e-05 
-0.00205677 0.0290328 -0.00131237 0.000156252 0.00183011 -0.00115128 0.175193 -0.00139191 0.0100272 -0.0199957 0.000118109 0.00425495 0.000163887 0.00494499 0.00158875 0.000508034 0.00310208 -0.00125707 -0.000645446 0.00539612 -0.000145588 0.000131582 -0.00316054 -0.00138392 -0.00133155 0.00201647 -0.036159 -0.00173391 -0.00130432 -0.0167228 0.0138891 -0.00155051 -0.0071907 -0.0552973 0.00344118 0.00537625 -0.0105811 -0.00120068 -0.000214217 -0.0347054 -0.0391959 -0.000497455 -0.0015908 -0.0018607 -0.000225866 -0.0466811 0.00168385 -6.6455e-05 0.00045241 -0.00577359 -0.000736424 0.0170657 0.000182025 0.00729087 -0.00029948 -0.0103642 -0.00297692 -0.00652936 -0.00896101 -0.000744248 -0.00593702 -0.000411561 -0.0037944 0.00224736 0.00192072 0.00378338 -0.014651 0.00165991 0.00122879 -6.27616e-05 -0.0385377 -0.0169138 0.010377 0.0428213 0.0237219 -0.000701922 -0.00564152 0.0103938 0.000562078 -0.000651257 -0.00383993 -0.00302696 0.00214988 0.0341292 -0.00854865 0.00492092 0.0026829 0.00241956 0.0145582 0.0077469 0.00889229 0.000110695 -0.0112896 -0.00091113 -0.0114215 0.00246035 0.000383353 0.00148357 -0.0125263 -0.00263693 
2.1887e-05 -0.00191469 0.000242014 1.47221e-05 5.60593e-06 -3.84131e-05 -0.00139191 0.012925 -0.00125595 -0.00115055 0.000367868 -0.000154909 9.89344e-05 -6.8132e-05 0.0017599 0.000177806 0.000268943 -8.17332e-05 -2.1304e-05 0.000850021 -8.97728e-05 1.17199e-05 -0.000217317 -0.000185519 -0.000232833 0.000120055 -0.00310739 0.000609658 -0.000147811 -0.000575195 -0.000462651 3.62987e-05 -0.00267881 -4.38905e-06 -7.79725e-06 0.000592657 0.00277544 -0.00129156 -2.1653e-05 -0.00120172 0.00220344 -8.92911e-06 -2.89418e-05 -7.07865e-05 0.00014788 0.00232745 -8.47476e-05 -2.54391e-05 -2.12925e-06 -0.00102395 3.91554e-05 3.01963e-05 -4.56386e-06 -0.00016613 -0.000102664 0.00182596 -6.73332e-05 0.000359365 -0.000555455 3.58819e-05 -0.000125113 -0.000200581 0.000156842 6.96754e-06 1.02045e-06 0.00125125 -0.000847461 -0.000367035 -4.61774e-06 1.43468e-05 0.0033205 -0.0006405 0.000740106 -0.0019483 0.00164354 -0.000173213 -0.0019593 -0.00313199 -2.48851e-05 4.9861e-05 -0.000249388 1.38061e-05 -0.000196742 -0.00163159 -0.000212756 -0.000570753 9.01792e-06 -4.4717e-05 -0.00399785 0.00175161 -0.000502739 -2.45128e-05 -0.000650019 6.18637e-06 -0.00069883 0.000476408 -5.117e-05 -4.52029e-05 -0.000591099 4.41125e-05 
-0.0110315 0.0830249 0.0529742 -0.000442654 -0.000655022 -0.00294248 0.0100272 -0.00125595 0.163298 0.0696425 -9.95258e-05 -0.00626548 -0.00107404 -0.0508122 -0.00423404 0.000424344 -0.00636878 -0.00577286 -0.00248906 0.0716625 -0.00185099 -0.000120263 -0.0191774 -0.0171956 -0.0149074 -0.00307165 0.0107121 -0.0113092 -0.00929408 -0.0557691 -0.00802476 -0.0045765 0.0390703 0.0650112 -0.00346543 0.0180137 -0.0142918 0.0174797 -0.00210724 0.0149095 -0.0664438 -0.00736102 -0.00532629 -0.00116334 -0.00280901 -0.0105141 -0.00169407 0.000454061 -0.000356948 -0.00582776 -0.00469399 -0.000401449 -0.000403573 -0.00293063 -0.00128257 0.0733888 -0.00822204 -0.00162692 -0.0372089 -0.00390787 -0.0224887 -0.0104183 -0.0184527 -0.00312346 -0.0009017 -0.00954051 -0.0659231 -0.000895645 -0.00070742 -0.000160441 -0.0366435 -0.064666 0.0052268 0.0321635 0.0620375 -0.0132692 -0.076181 0.034234 -0.00134313 -0.0110596 -0.00189771 0.00262682 -0.000506296 0.0541791 -0.000559993 -0.0055738 -0.00223319 -0.00984997 0.0622729 0.0129714 -0.0131831 -0.00226717 -0.0472492 -0.00322198 -0.0500692 -0.000708164 -0.00532158 -0.00205845 -0.0435852 -0.0109667 
-0.01147 0.0529507 0.0529767 2.31055e-05 -0.00166167 0.000532973 -0.0199957 -0.00115055 0.0696425 0.148087 -1.11639e-06 -0.00725164 -0.000631196 -0.0636798 0.0020167 -0.00321469 -0.00470519 -0.00175203 -0.00236589 0.0811799 -0.00138737 -0.000214163 -0.0250737 -0.0142643 -0.0136964 -0.00252082 0.0437496 -0.00182829 -0.00854399 -0.0560427 -0.0217165 -0.00369894 0.0346344 0.105335 -0.00545351 0.0201347 0.00101879 0.014006 -0.00198581 0.0229013 -0.0578771 -0.00662763 -0.00405548 0.000423919 -0.00243839 0.0114134 -0.00297935 -0.000506242 -0.000312471 -0.00238512 -0.00461709 -0.0150952 -0.000412051 -0.00653164 -0.000369491 0.082424 -0.00975485 0.00354251 -0.0373486 -0.00126876 -0.023392 -0.0121313 -0.017383 -0.00311577 -0.00194871 -0.0024977 -0.074704 -0.000908607 -0.000691432 0.000402348 -0.00303054 -0.0668724 -0.00102769 0.018074 0.067753 -0.0147793 -0.0803224 0.00273007 -0.00141585 -0.00769443 0.000878237 0.00298592 -0.00547023 0.017935 0.00437026 -0.00294199 -0.000779326 -0.00684542 0.0723645 0.00390077 -0.0111081 -0.0023128 -0.0500375 -0.00339813 -0.0566597 -0.00423137 -0.00508216 -0.0026502 -0.0367322 -0.0113377 
-3.91871e-05 -0.0010006 -0.000865868 7.20958e-06 1.09959e-06 3.35498e-06 0.000118109 0.000367868 -9.95258e-05 -1.11639e-06 0.00259858 1.18759e-08 3.3794e-05 0.00018841 0.000115493 5.56086e-05 -1.9076e-05 -3.42944e-05 -1.10828e-06 0.000150181 -1.4307e-05 3.94558e-06 -6.9303e-05 1.88002e-05 -3.3178e-05 0.000113242 -0.000350904 0.000161263 1.53658e-05 -0.000209595 -0.000101016 3.66683e-05 -0.00071867 -0.000803611 2.65305e-05 2.17288e-05 0.000546092 -0.00047547 -1.21789e-05 -3.05047e-05 -0.000199112 -1.18484e-06 0.000260797 -1.41882e-05 -8.03799e-06 -0.000338275 2.63906e-06 -9.22084e-07 1.07943e-05 -0.000105219 -1.25891e-05 3.78891e-05 2.24509e-06 -3.22991e-05 3.34853e-05 0.000197326 -2.15673e-05 2.19036e-06 -8.6193e-05 3.66215e-05 -4.812e-05 -3.12952e-06 0.000240663 1.17528e-05 5.57635e-06 0.000716511 -0.000168455 -1.72365e-05 0.000116828 2.67727e-05 6.76937e-06 -0.000124974 0.000852712 0.000313868 0.00028248 -5.83611e-07 -0.000382955 -0.00147578 -4.63585e-06 0.000112962 -6.98097e-05 -1.26454e-05 -5.90722e-06 -9.19162e-06 7.39959e-05 3.25055e-06 7.75248e-05 0.000129576 -0.00048399 0.000118241 -2.49108e-05 -3.68034e-06 -0.000104842 9.31143e-06 -8.91187e-05 0.000109073 -6.93566e-06 2.26635e-05 0.000289981 4.81431e-05 
0.000850452 -0.00227752 -0.0060172 1.55362e-05 0.000274019 -5.31726e-06 0.00425495 -0.000154909 -0.00626548 -0.00725164 1.18759e-08 0.0143184 -1.63714e-05 0.00393086 -0.000567944 0.000166058 0.00394417 -7.09002e-05 8.57201e-05 -0.0085887 0.000867503 0.000188424 0.00204797 0.00321747 0.00337393 0.000486731 -0.00597468 0.000494136 0.000125741 0.00376342 0.00426406 -7.37149e-05 -0.00264294 -0.00866278 0.000471225 -0.00390637 -0.000538834 -0.00104978 -4.17984e-05 -0.00163981 -0.000188172 0.00014538 -3.13505e-05 -1.22112e-05 4.73579e-05 -0.00273132 8.10456e-05 0.000102155 0.000437314 0.00153994 0.00122425 0.00152571 0.000203425 0.00346041 -9.191e-05 -0.00832504 0.000518158 -0.000379446 0.00364548 -0.00014072 0.000518713 0.000247771 0.0016148 0.00099005 0.000579713 -0.000948335 0.00399454 0.0032207 0.000168565 5.25255e-05 -0.000673332 0.00257699 -0.000652426 -0.00606613 -0.00884399 0.000786877 0.00630959 0.000260947 -2.09244e-05 0.00226394 0.000719322 -0.000232986 0.00028009 -0.00493671 -0.000343017 0.00267225 0.000125401 0.00591822 -0.00708887 -0.00103005 0.00127744 0.000693551 0.000867292 -2.6186e-05 0.00198928 -9.75652e-05 0.000220756 -4.73422e-05 0.000401291 -0.000167347 
1.59066e-05 0.000200495 -0.00102577 3.69745e-05 4.6075e-06 3.40746e-05 0.000163887 9.89344e-05 -0.00107404 -0.000631196 3.3794e-05 -1.63714e-05 0.0051106 -0.000286611 0.000114269 0.000163515 -9.87667e-06 0.000576644 -8.33998e-06 -0.00145822 0.000137568 2.22806e-05 -0.00013371 -6.54527e-05 -0.000102006 3.06733e-05 -0.00149932 0.000143268 0.000379016 -0.00021137 -0.000129855 0.000237052 -0.000146887 -0.000742806 5.95569e-05 -0.0018078 0.00061145 -0.00182997 0.0010704 7.48645e-06 7.65159e-05 0.00118099 6.04661e-05 5.67197e-05 2.59491e-05 -0.000394244 0.00106905 2.46963e-05 1.18515e-05 0.000430166 -1.01145e-05 -2.82365e-05 1.53265e-05 0.000498378 0.00109673 0.000277169 -4.58592e-05 5.53797e-05 -0.000146187 0.00156232 -0.000129288 0.000139677 6.65054e-05 -2.12095e-05 1.19593e-05 0.000206211 -0.000378197 1.68741e-05 2.08078e-06 1.53758e-05 0.000233239 -0.000227159 0.000217232 -0.00161018 -0.00131354 9.75039e-05 -0.00085656 -0.00253317 0.000952898 0.00012295 -4.62676e-05 -6.25545e-05 0.000226888 -0.00137977 0.00171302 -2.7475e-05 4.37431e-05 7.76814e-06 -0.0017351 -7.86134e-05 -9.15318e-05 0.000116487 -0.000264294 -1.12855e-05 0.000718886 0.000175688 0.00145236 -1.98954e-05 -3.49771e-05 0.000393814 
0.00210268 -0.0362633 -0.0352285 -3.00881e-05 0.00059849 -0.000157673 0.00494499 -6.8132e-05 -0.0508122 -0.0636798 0.00018841 0.00393086 -0.000286611 0.0823845 -0.000733348 -0.000459943 0.0037839 6.78273e-05 0.00156978 -0.0523436 0.000355737 -6.69051e-05 0.022417 0.00134627 0.00347455 0.00103784 -0.0274775 0.00103744 0.00818404 0.0372458 0.00818025 0.000822767 -0.0223612 -0.0582493 0.00372344 -0.0084587 -0.00059067 -0.00532548 0.000119827 -0.0131515 0.0401772 0.00234765 0.00153943 -0.000582165 0.00212438 -0.0113594 -0.000509808 0.000154899 -0.000115686 0.00231659 0.00393454 0.00999204 0.000197384 0.00309578 -0.001093 -0.047462 0.00754908 -0.00180687 0.0324782 -0.000140376 0.0170224 0.00807905 0.00710576 0.00218597 0.0007162 0.00062335 0.0484277 -0.00171175 0.000244585 -0.00018789 -0.00153642 0.0429331 -0.00270569 -0.0219087 -0.0397165 0.0110493 0.051323 -0.00493685 -0.00016733 -0.000279275 -0.00236148 -0.00149639 0.00022957 -0.0207223 -0.001387 -0.00216307 -5.3655e-05 0.00456544 -0.0483102 -0.00297622 0.00921827 0.0010782 0.0280721 0.00281046 0.0361545 -0.000259902 0.000345757 0.00173005 0.0192144 0.00514171 
-0.000864815 -0.00029875 0.00483399 -8.27034e-05 -8.76503e-05 -0.00035437 0.00158875 0.0017599 -0.00423404 0.0020167 0.000115493 -0.000567944 0.000114269 -0.000733348 0.0531009 -0.000671141 0.000115638 -0.000892299 -9.84344e-05 0.00534635 -0.000411238 -1.05495e-05 -0.00144586 -0.00104843 -0.0011057 0.000174858 0.00683125 -0.000956159 -0.000237824 -0.00446628 -0.0012459 9.97673e-05 -0.0247973 -0.00511763 -0.00038009 -0.0123894 -0.000536602 0.000446507 -0.000166776 -0.00523119 -0.00482114 -0.000408504 -5.73968e-05 0.00152222 0.000402647 -0.00381807 -0.000389975 0.000716321 -3.04595e-05 -0.00322734 -8.92038e-05 -0.00207157 5.37974e-06 -0.000284731 -0.000297526 0.00131139 8.62215e-05 -0.000658141 -0.00232534 -0.00030488 -0.00106958 1.63695e-05 -0.00100968 -0.000205182 -0.000125584 0.00656498 -0.0043327 -0.000415276 0.000250832 3.59008e-05 -0.00887727 -0.00388166 0.00120672 0.00798323 0.00889123 -0.000619311 -0.00703686 0.000233637 -0.000100701 -0.000848595 -0.00130368 -0.000611595 -0.00152448 0.0150983 -0.00109 -0.00155838 0.000515346 -0.000613912 0.010049 -0.00225595 -0.00120006 -0.000184315 -0.00269583 8.86867e-05 -0.0033955 0.00137597 -0.00049195 0.00116759 -0.000693026 -0.000708632 
0.000106748 0.00101398 -0.000884929 1.48346e-05 0.00010066 9.78821e-05 0.000508034 0.000177806 0.000424344 -0.00321469 5.56086e-05 0.000166058 0.000163515 -0.000459943 -0.000671141 0.0174356 5.3407e-05 0.00079497 1.54215e-05 -0.00557697 -0.000118084 0.000171397 -0.000227468 -0.000199913 -4.79432e-05 9.93282e-05 -0.00484242 -0.000219408 -0.000187902 -0.000408616 0.00254543 0.000315758 -0.00107101 -0.00148292 -9.25692e-05 -0.00345831 -0.000457349 -0.00208904 0.000368328 -0.000783255 -0.000891848 0.000875331 -5.19146e-05 -1.79968e-05 -7.1172e-05 0.000800212 0.000316033 -4.72261e-05 5.77531e-05 -0.000515302 -9.76022e-05 0.000435647 -2.14871e-06 0.00185462 0.000286818 -0.0037982 5.17902e-05 -0.000368625 -0.000825792 0.000250562 -0.000156755 0.00152752 0.000836021 9.85624e-05 0.000158661 0.000313097 0.000512896 -3.76253e-05 -3.08857e-05 4.53106e-05 -0.00209223 0.000484155 -0.000335227 0.00216366 -0.00600355 0.000527759 0.000673067 -0.000647943 0.000263721 0.000825591 0.00319368 -5.58054e-06 0.00360355 -0.000163224 0.00126671 0.000219441 8.79522e-05 -1.10066e-05 -0.0059498 7.76587e-06 -0.000333573 8.73117e-05 -0.000279379 3.59261e-06 0.000974514 0.000261528 0.00128969 4.0936e-06 -0.000333227 0.000574033 
0.000247776 -0.00422983 -0.00145931 -2.4266e-05 0.000147908 -4.12758e-05 0.00310208 0.000268943 -0.00636878 -0.00470519 -1.9076e-05 0.00394417 -9.87667e-06 0.0037839 0.000115638 5.3407e-05 0.0185925 -0.000272823 2.37913e-06 -0.0046884 0.00105947 0.00016489 5.5191e-05 0.00163025 0.00203706 0.000629839 -0.00318816 0.000140173 -6.81958e-06 0.00172969 0.00427342 -0.000120383 -0.00515458 -0.0062275 0.000196935 -0.00202018 0.000287924 -0.000812775 -7.98955e-05 -0.000943895 -0.00183763 1.73898e-05 -0.000134219 -0.000170395 -0.000108966 -0.00172723 -0.000124489 4.43951e-05 0.000379169 -0.000185184 0.000614453 -1.15169e-05 0.000204567 0.00172695 -0.000102993 -0.00372338 0.000168665 -0.000471841 0.00122582 -5.35695e-05 0.000327749 -0.00014216 0.00036236 0.00132159 0.000244149 -0.000917912 0.00139908 0.00273756 0.000228738 -5.17139e-06 0.00050799 0.00126068 -0.00049076 -0.00463721 -0.00351791 0.000671144 0.00460633 9.93408e-05 -3.67324e-05 0.00129281 0.00019525 -0.000264238 -0.000439225 -0.00351736 0.000110345 0.000258497 0.000148812 0.00312096 -0.00275803 -0.000910669 -5.55775e-05 0.000944867 0.000364729 5.77063e-05 0.000310569 -4.6952e-05 -8.0289e-05 -0.000100239 -0.000254417 -0.000216888 
0.00030609 0.00032907 -0.00481786 0.000116944 -1.41293e-05 0.000365651 -0.00125707 -8.17332e-05 -0.00577286 -0.00175203 -3.42944e-05 -7.09002e-05 0.000576644 6.78273e-05 -0.000892299 0.00079497 -0.000272823 0.0200658 3.20556e-05 -0.00296912 0.000554697 7.82403e-06 0.00111709 -0.000177824 9.51332e-05 -2.0198e-05 -0.00444598 0.00123527 0.00104831 3.61613e-05 0.000292847 0.00203145 0.00285432 -0.000830984 0.00016567 -0.000930554 0.00313981 -0.00362528 0.000567553 0.00292449 0.00221526 0.00143572 0.000741018 0.000167654 0.000458743 0.00102508 0.000737897 -6.66603e-05 -5.26043e-06 0.00300288 -0.000110225 0.000283122 2.52242e-05 0.000701647 0.000435034 -0.00380225 -7.60048e-05 0.00179593 6.38601e-05 0.00143708 -6.70253e-05 0.00128764 0.00118775 8.28866e-05 2.1077e-05 0.000699558 0.000337438 -0.000606061 -5.72196e-05 -4.98826e-05 0.00102146 0.000849142 -0.00102784 -0.00696376 -0.00948046 0.00068433 -0.00259689 -0.0059616 0.000665827 0.000283193 -0.000223574 0.000143627 -0.000126953 -0.00691323 0.00321919 0.00218088 -4.9001e-05 -2.97473e-06 -0.00538697 -0.000641476 -0.000830844 0.0003396 0.000203711 9.20915e-05 0.00330691 -0.000102632 0.00144058 -8.91144e-05 0.00112313 0.00078199 
0.000262358 -0.00169823 -0.00220169 8.02043e-06 -8.10073e-06 0.000108263 -0.000645446 -2.1304e-05 -0.00248906 -0.00236589 -1.10828e-06 8.57201e-05 -8.33998e-06 0.00156978 -9.84344e-05 1.54215e-05 2.37913e-06 3.20556e-05 0.00343716 -0.00230063 4.20718e-05 5.47596e-06 0.000785206 0.000678902 0.000402076 1.61534e-05 -0.00124059 -1.77579e-05 0.000190215 0.00130549 1.38714e-05 0.000199961 -0.00193665 -0.00193493 -2.11834e-06 -0.000739354 -6.98933e-05 -0.000592035 0.000141982 -0.000351552 0.00215064 0.000399296 -2.07703e-05 1.33051e-05 8.64035e-05 0.000373527 6.35672e-05 -9.2186e-06 5.27292e-06 -0.00012458 0.000330796 -5.18154e-05 1.28464e-05 -1.25403e-05 -7.23171e-06 -0.00227537 -1.57726e-05 -0.000146574 0.00120534 -1.09801e-05 0.000144048 9.92541e-05 0.000652101 7.58997e-05 -6.63621e-06 -5.37347e-05 0.0021431 -9.60589e-05 1.00646e-05 3.59551e-07 0.000608704 0.00222307 -0.000190656 -0.00132175 -0.00206966 0.000575553 0.00207362 -0.0011159 -2.43167e-06 0.000564358 -2.53715e-05 -6.56818e-05 3.43818e-05 -0.0016689 0.000118754 0.000222911 -5.16026e-06 0.000375055 -0.00231664 -0.000165901 -1.10682e-05 6.92501e-05 0.00149315 0.000332936 0.00223059 -2.89795e-05 0.000163299 2.99302e-05 0.00190243 0.000456144 
-0.0118423 0.0422107 0.0576431 -0.000248671 -0.00125027 -0.000441715 0.00539612 0.000850021 0.0716625 0.0811799 0.000150181 -0.0085887 -0.00145822 -0.0523436 0.00534635 -0.00557697 -0.0046884 -0.00296912 -0.00230063 0.121242 -0.00109599 -0.000319889 -0.0217161 -0.0154505 -0.0162524 -0.0020986 0.0504014 -0.0027361 -0.00805702 -0.0600371 -0.0102129 -0.00340705 0.0195535 0.07539 -0.00529463 0.0414891 -0.000882654 0.0161815 -0.00310415 0.0177801 -0.0563682 -0.00752542 -0.0035389 -0.00065457 -0.00236907 -0.00536023 -0.00317418 -0.000316065 -0.000279342 -0.0118832 -0.00508762 -0.00986642 -0.000371725 -0.0079932 -0.00173595 0.0674169 -0.00978546 0.000387632 -0.0409793 -0.0038542 -0.0243073 -0.0145794 -0.0195453 -0.00107739 -0.00204229 0.00354352 -0.0769465 0.00099376 5.06304e-05 8.06138e-05 -0.021774 -0.0702138 0.00523275 0.0417035 0.0841211 -0.0149328 -0.0752017 0.00800827 -0.0016836 -0.00703956 -0.00317718 0.00061087 -0.00401599 0.0471583 -0.00163077 -0.0100047 -0.000209936 -0.00954989 0.0770616 0.00439965 -0.00545322 -0.00218922 -0.0503366 -0.00339659 -0.0558696 -0.00178402 -0.00701859 -0.000421124 -0.0373455 -0.0119823 
0.000105916 -0.000449982 -0.00334765 1.36356e-05 0.000329068 -4.86989e-06 -0.000145588 -8.97728e-05 -0.00185099 -0.00138737 -1.4307e-05 0.000867503 0.000137568 0.000355737 -0.000411238 -0.000118084 0.00105947 0.000554697 4.20718e-05 -0.00109599 0.0107844 0.000138354 0.000809205 0.000317312 3.57471e-05 0.000705196 -0.00260724 0.00100609 -4.92937e-05 0.00114056 0.000472226 0.000228277 0.000210289 -0.00161207 0.000652882 0.000642316 0.000142885 -0.00104175 0.000218587 0.0016077 0.000942749 0.000137997 0.00017374 0.000290132 0.000211401 -3.76119e-05 0.000578392 0.00012449 0.000361959 0.00174561 0.000523017 0.0018316 0.000290392 0.00223106 -5.75541e-05 -0.00310082 4.94108e-05 0.00189052 0.000227817 0.000193018 -0.000211772 -8.01452e-05 -5.26038e-05 0.000475891 0.000451872 -0.000450849 -0.000369317 -0.00035925 6.6747e-06 7.81761e-06 0.000964579 -0.000376319 0.000170419 -0.00390943 -0.00431644 9.58065e-05 -0.000986382 -0.00405628 0.000178961 0.000848489 6.65719e-05 8.70831e-05 0.000251017 -0.00453475 0.000187191 0.000126714 0.00030295 0.00154217 -0.00236074 -0.000589373 -1.66455e-05 0.0005037 -0.000519854 -4.69516e-05 0.000116488 0.000242058 0.000206912 -1.3387e-05 -0.000605441 6.37598e-05 
6.29887e-05 3.26628e-05 -0.000169538 2.14275e-06 4.50129e-06 -1.60396e-06 0.000131582 1.17199e-05 -0.000120263 -0.000214163 3.94558e-06 0.000188424 2.22806e-05 -6.69051e-05 -1.05495e-05 0.000171397 0.00016489 7.82403e-06 5.47596e-06 -0.000319889 0.000138354 0.000911379 -3.40132e-05 0.000191809 0.000129357 4.56653e-05 -0.000262977 1.50916e-05 -1.15759e-05 -2.71434e-05 5.4292e-05 5.99457e-06 -0.000208043 -0.000263476 -4.03277e-06 -0.000430468 -1.22771e-05 -0.000249687 2.06311e-05 -0.000115738 -0.000108478 3.82432e-05 4.83784e-06 2.3437e-05 -1.81395e-06 -0.000119465 6.22277e-05 1.14704e-05 9.34908e-05 7.53758e-06 5.70618e-05 -1.35817e-05 2.70239e-05 0.000183135 1.47552e-05 -0.00014753 -1.01158e-05 -2.51998e-05 -4.94466e-05 8.67211e-05 -2.34555e-05 3.83398e-05 0.000147639 8.09567e-05 1.02741e-05 2.95046e-05 1.99983e-05 -1.10949e-05 3.52763e-06 -1.97015e-06 -0.000141813 1.55546e-05 1.0479e-05 -6.06642e-05 -0.000284183 2.60639e-05 0.000132732 -0.000202715 1.63118e-05 0.000176789 1.85681e-05 9.35358e-06 2.46061e-05 -0.000201488 3.28868e-05 2.37418e-06 1.30183e-05 0.000151837 -0.000216525 1.55022e-05 -2.98859e-05 5.49346e-05 2.60654e-06 2.98173e-06 3.7622e-07 2.1381e-05 9.27552e-05 -5.16917e-06 5.47767e-05 3.84586e-05 
-0.000293304 -0.014413 -0.0198069 1.9385e-05 -0.000100716 -4.30752e-06 -0.00316054 -0.000217317 -0.0191774 -0.0250737 -6.9303e-05 0.00204797 -0.00013371 0.022417 -0.00144586 -0.000227468 5.5191e-05 0.00111709 0.000785206 -0.0217161 0.000809205 -3.40132e-05 0.0381447 -0.000367619 0.000109867 0.000821297 -0.0142539 0.00372808 0.0031609 0.0124662 0.00285414 4.64952e-05 0.00282389 -0.0249343 0.00299151 0.00185813 -0.000862193 -0.000425995 0.000353488 -0.0060998 0.0170348 0.00145188 -0.000229031 0.000871956 0.00278183 -0.00521089 0.00035654 -0.000149207 -3.96608e-05 0.00977701 0.00295403 0.00516934 0.000162752 0.000682038 -0.000420783 -0.0198548 0.00550793 0.00306336 0.012428 0.00136039 0.00274311 0.00061936 0.00148554 6.60328e-05 0.000149272 0.000506662 0.0204138 -0.000205344 -9.08411e-05 -0.00011261 0.00104694 0.0138407 -0.00196151 -0.0152151 -0.0193426 0.0067525 0.0199772 -0.00447078 4.49024e-05 -0.000502327 0.00152225 -0.000741689 0.000183802 -0.0152014 0.000472984 0.00268106 -0.000270321 0.00303018 -0.0239052 -0.000569005 0.00634004 0.000676566 0.00232927 0.000209903 0.0143676 -0.000264323 0.000263886 0.000211537 0.000240291 0.00118784 
0.00517726 -0.011466 -0.0139376 1.52756e-05 -3.08285e-06 -3.66786e-05 -0.00138392 -0.000185519 -0.0171956 -0.0142643 1.88002e-05 0.00321747 -6.54527e-05 0.00134627 -0.00104843 -0.000199913 0.00163025 -0.000177824 0.000678902 -0.0154505 0.000317312 0.000191809 -0.000367619 0.0225518 0.0109976 0.000227048 -0.00815065 0.000231936 -2.09574e-05 0.0115397 0.000613863 0.000592242 -0.0111513 -0.0150802 -3.59683e-05 -0.0107574 -6.79672e-05 -0.00341429 -2.52035e-05 -0.00336108 0.00897002 0.00131199 0.000517246 -0.00020753 -2.88189e-05 0.00651973 -0.000122961 -0.000110203 0.000295855 -0.00096457 0.000435999 -0.000790821 0.000110207 0.000901694 -6.0284e-05 -0.0159018 8.90632e-05 -0.00117047 0.000501572 -0.000245963 0.00239906 0.000195168 0.00909872 0.00043425 -1.80286e-05 -0.00111395 0.0142185 0.00129381 0.000116794 -4.51121e-06 0.0102366 0.0148483 -0.00102814 -0.00895367 -0.0145887 0.00357376 0.0134873 -0.000567845 -3.71744e-05 0.00447145 -0.000138952 -0.000446296 -0.000521393 -0.0108332 -0.000134867 0.00537466 -3.2728e-05 0.00352644 -0.0136384 -0.00204577 0.00101359 0.000277874 0.0109733 0.000411546 0.0121554 -0.000211153 0.000597606 6.70961e-05 0.0128468 0.00114652 
0.00497771 -0.00875096 -0.0146109 7.20071e-05 -2.39065e-05 -8.73534e-05 -0.00133155 -0.000232833 -0.0149074 -0.0136964 -3.3178e-05 0.00337393 -0.000102006 0.00347455 -0.0011057 -4.79432e-05 0.00203706 9.51332e-05 0.000402076 -0.0162524 3.57471e-05 0.000129357 0.000109867 0.0109976 0.0204278 8.20653e-05 -0.00833779 -9.82616e-05 0.000350155 0.0103029 0.00246202 0.000311685 -0.00581382 -0.014366 -3.05861e-05 -0.0108578 -0.00087413 -0.0016071 -7.43524e-05 -0.00322076 0.00824307 0.000870669 0.000190536 -0.000123012 -4.85329e-05 0.0037833 -9.45218e-05 -8.54684e-05 7.27e-05 -0.00111305 0.00102672 -0.000486364 1.817e-05 0.000885958 -0.000268513 -0.0142339 -5.19958e-05 -0.00106733 0.00186644 -0.000225296 0.00187405 0.00115394 0.00593585 0.000276926 7.59737e-05 -0.00129384 0.0137729 0.00300568 0.000313362 -4.52985e-05 0.00794603 0.0132618 -0.00114053 -0.00931182 -0.0158121 0.00176652 0.013631 0.000889284 -7.49099e-07 0.00258382 0.000709654 -0.000385041 -4.83901e-05 -0.00972872 -0.000590876 0.00589565 -0.000139227 0.00447619 -0.0120881 -0.00146676 0.000751962 0.000204054 0.00940236 0.000325432 0.01288 -0.000175534 0.000708839 1.80569e-05 0.00785694 0.000172645 
-7.4657e-05 -0.00287575 -0.00282683 1.02425e-05 0.0007905 0.000529379 0.00201647 0.000120055 -0.00307165 -0.00252082 0.000113242 0.000486731 3.06733e-05 0.00103784 0.000174858 9.93282e-05 0.000629839 -2.0198e-05 1.61534e-05 -0.0020986 0.000705196 4.56653e-05 0.000821297 0.000227048 8.20653e-05 0.00615081 -0.000683993 0.000232829 -3.9526e-05 0.000894345 0.00069901 7.74448e-05 -0.00161767 -0.00261138 0.00192181 0.000880308 0.000146121 -0.00214225 -2.60769e-05 0.000124466 -0.000999545 -4.7019e-05 0.000103907 -4.53394e-05 6.78219e-06 -0.000133019 2.33127e-05 2.31731e-05 0.000240662 0.000266059 -1.69886e-05 0.00186413 0.000105505 0.000652134 -8.53759e-05 -0.00222835 9.23785e-05 -0.000111642 0.00102281 -5.88719e-05 0.00034876 -8.06388e-05 1.11393e-05 0.000501974 0.000932109 0.00017002 0.00097388 -2.57687e-05 5.78593e-05 0.000115248 -0.000738796 2.50398e-05 0.000851529 -0.00158375 -0.00133334 0.000122458 0.00063656 -0.00196564 1.78635e-05 0.000181963 0.000702584 -8.93781e-05 9.57332e-05 -0.0010134 -0.000103774 0.00027146 0.001097 0.000902334 -0.00203423 0.000291253 0.000899955 0.000252953 0.000137048 -2.40813e-05 -0.000357753 0.000580051 -5.30711e-05 6.49146e-06 0.000126862 -3.55408e-05 
-0.00631866 -0.0538811 0.0377593 -0.000731424 -0.00131787 0.00116261 -0.036159 -0.00310739 0.0107121 0.0437496 -0.000350904 -0.00597468 -0.00149932 -0.0274775 0.00683125 -0.00484242 -0.00318816 -0.00444598 -0.00124059 0.0504014 -0.00260724 -0.000262977 -0.0142539 -0.00815065 -0.00833779 -0.000683993 0.248226 -0.00397949 -0.00330209 -0.0389756 0.00476426 -0.000469585 -0.0219489 0.0742295 -0.00267223 0.0147168 0.00217071 0.00881859 -0.00181233 -0.00431596 -0.06048 -0.00398453 -0.000794427 0.00209839 -0.000970627 -0.00535669 -0.00229761 0.000853818 -0.000394054 -0.02286 -0.00245063 -0.00714072 -0.00026344 -0.00772147 -0.00249051 0.00140953 -0.0068352 -0.0184652 -0.0227803 -0.00263094 -0.0127821 -0.00854486 -0.0110186 -0.000360254 -0.00121447 0.00698213 -0.0419515 -0.00405464 -6.94049e-05 -7.83499e-05 -0.0181891 -0.0380238 -0.00812253 0.0598342 0.0558105 -0.00804381 -0.0259663 -0.00157547 -0.000899482 -0.00375026 0.00404231 0.00249556 -0.00231421 0.0470921 -0.0122373 -0.0180467 -0.00109817 -0.00580655 0.0913747 -0.0309456 -0.00169598 -0.00140356 -0.0262258 -0.00174718 -0.0352091 -0.000776942 -0.0044501 -0.000545427 -0.0116535 -0.00651039 
-0.000240464 -0.00800146 -0.00756643 0.000148796 0.000182929 0.000628816 -0.00173391 0.000609658 -0.0113092 -0.00182829 0.000161263 0.000494136 0.000143268 0.00103744 -0.000956159 -0.000219408 0.000140173 0.00123527 -1.77579e-05 -0.0027361 0.00100609 1.50916e-05 0.00372808 0.000231936 -9.82616e-05 0.000232829 -0.00397949 0.0187547 2.23884e-06 0.00181164 -0.00057483 -7.3963e-05 0.00153091 -0.00401896 0.000504115 0.00228972 0.00251095 -0.000954447 9.97842e-05 0.000316384 0.00893329 -7.48282e-05 0.000367929 0.000291918 0.000172226 -0.00219307 0.000340242 -8.62611e-05 4.89317e-05 0.00538355 0.00060132 -0.000138129 7.59141e-05 0.000125377 -0.000261736 -0.00235461 0.00106355 0.00578604 0.00238306 0.000730161 -0.000431342 -0.000162138 -0.000270516 0.000361563 0.000331296 0.00235948 0.00145804 -0.000291797 6.00018e-05 3.3162e-05 0.00835888 -0.000153674 1.73235e-05 -0.00539749 -0.00422748 -6.89411e-05 0.000178375 -0.00983783 9.08651e-06 0.00039614 0.000770613 -0.000113842 7.45531e-05 -0.00877963 0.00120471 0.00420853 0.000366881 0.000958836 -0.00714858 -0.00121455 0.000894365 0.000356431 -0.000500945 -6.28748e-05 0.00175557 1.61701e-05 -9.5765e-05 3.4549e-05 -0.000279661 0.000130597 
7.53415e-05 -0.00658102 -0.00681999 5.88294e-06 -4.40842e-05 -9.89417e-05 -0.00130432 -0.000147811 -0.00929408 -0.00854399 1.53658e-05 0.000125741 0.000379016 0.00818404 -0.000237824 -0.000187902 -6.81958e-06 0.00104831 0.000190215 -0.00805702 -4.92937e-05 -1.15759e-05 0.0031609 -2.09574e-05 0.000350155 -3.9526e-05 -0.00330209 2.23884e-06 0.0133118 0.00416199 -0.000124715 0.000821566 -0.00649585 -0.0081957 3.74138e-06 -0.00359662 0.0019402 -0.00464055 0.000455156 -0.00199772 0.00723153 0.00257867 0.000657292 4.84435e-05 0.000532821 0.000540661 0.00036788 -2.1326e-05 -8.08944e-06 0.000781238 0.000438197 -0.000386809 7.99026e-05 0.000342326 0.000173176 -0.00881496 -0.00012501 -0.000634966 0.00211418 0.00122724 0.00161948 0.0026319 0.00119831 0.000233234 -2.74301e-05 -0.000472331 0.00793296 -0.000249219 -2.3219e-05 2.04187e-05 0.000420555 0.00809107 -0.000696376 -0.00420726 -0.00677565 0.00231114 0.00778906 -0.00567009 0.000346844 0.000958881 -0.000391742 -0.000250234 -0.000141436 -0.00551798 0.000586079 -0.000418771 -9.57642e-05 0.000933975 -0.00752347 -0.00116184 0.000724764 0.000907505 0.00472051 0.00121794 0.0079425 -0.000102574 0.00132894 0.000237941 0.00707927 0.0029365 
0.010671 -0.0338669 -0.0331033 -2.67856e-05 5.27286e-05 0.000312079 -0.0167228 -0.000575195 -0.0557691 -0.0560427 -0.000209595 0.00376342 -0.00021137 0.0372458 -0.00446628 -0.000408616 0.00172969 3.61613e-05 0.00130549 -0.0600371 0.00114056 -2.71434e-05 0.0124662 0.0115397 0.0103029 0.000894345 -0.0389756 0.00181164 0.00416199 0.0824489 0.00257467 0.00245449 -0.0184919 -0.047598 0.00157481 -0.0152699 -0.0010428 -0.00682639 0.000222675 -0.00102726 0.0499377 0.00179817 0.000508904 -0.000664031 8.50914e-05 0.0186954 -0.000169521 0.000140398 -7.85786e-05 0.00566233 0.00242647 0.000490164 6.53893e-05 0.00210144 -0.000571425 -0.0524491 0.00739809 -0.000145643 0.0353565 -0.000781349 0.0218831 0.00535653 0.0129267 4.31521e-05 0.000272679 -0.00412553 0.0591824 -0.0022306 -0.000169322 -0.000214581 0.0191189 0.0575588 -0.00431474 -0.0412897 -0.0668132 0.00848688 0.0489944 0.00184264 -8.72982e-05 0.00556359 -0.000667668 -0.00152341 0.00028557 -0.0426477 0.00315919 0.000211896 -0.000508287 0.00348404 -0.0618683 -0.00668357 0.000405976 0.000629615 0.0417803 0.00258533 0.0376869 -0.000613727 0.00149526 0.000237832 0.0286917 0.00605744 
0.000303601 -0.00869002 -0.00451481 -7.19538e-05 5.65592e-05 2.45195e-05 0.0138891 -0.000462651 -0.00802476 -0.0217165 -0.000101016 0.00426406 -0.000129855 0.00818025 -0.0012459 0.00254543 0.00427342 0.000292847 1.38714e-05 -0.0102129 0.000472226 5.4292e-05 0.00285414 0.000613863 0.00246202 0.00069901 0.00476426 -0.00057483 -0.000124715 0.00257467 0.0415122 -0.000267325 -0.000232111 -0.0179181 0.00166032 -0.00023147 -0.00171478 0.000663221 -0.000176651 -0.00546714 -0.00499183 -0.000240612 -0.000160097 0.000308116 -0.000259302 -0.00537596 3.302e-05 8.05059e-05 1.88529e-05 -0.00166368 0.000666588 0.00592562 4.61765e-05 0.00299147 -0.000443463 -0.0249186 0.000856266 -0.00207418 0.00132825 -0.000437431 0.00128258 0.000438291 -0.000494326 0.000903264 0.000226953 -0.00223937 0.00401684 0.00258537 0.000459019 -0.000111395 -0.00392611 0.00146569 -0.00161158 0.00324961 -0.0113748 0.00175084 0.0147209 0.00373469 -1.49094e-05 0.000998854 0.00576756 -0.000231107 0.00106581 0.000680563 -0.00187743 -0.000829064 -0.000182526 0.00344549 -0.00654933 -0.00334855 0.00316544 0.000422031 0.00133853 -0.000129794 0.00048909 0.000747101 -3.47538e-05 7.93086e-05 -0.0015204 -0.000544361 
0.00148209 -0.00407019 -0.0047143 3.25263e-05 -3.20447e-05 0.00021956 -0.00155051 3.62987e-05 -0.0045765 -0.00369894 3.66683e-05 -7.37149e-05 0.000237052 0.000822767 9.97673e-05 0.000315758 -0.000120383 0.00203145 0.000199961 -0.00340705 0.000228277 5.99457e-06 4.64952e-05 0.000592242 0.000311685 7.74448e-05 -0.000469585 -7.3963e-05 0.000821566 0.00245449 -0.000267325 0.00960745 -0.00298582 -0.00245066 -3.05375e-05 -0.00103308 0.00276645 -0.00275166 0.000162559 7.35438e-05 0.00264128 0.000623456 0.000716885 1.75926e-05 6.31771e-05 0.00332554 3.80527e-05 6.89494e-06 -4.01125e-06 -8.87515e-05 6.90789e-05 -5.42262e-05 3.86438e-05 -6.94685e-06 -6.04878e-05 -0.00476255 -0.000139819 -0.000441315 0.000911711 0.000200947 0.000416311 0.000505284 0.00147051 4.3544e-05 -1.7903e-05 0.000299734 0.00313166 -0.000234263 -1.4314e-05 1.63575e-05 0.00112116 0.00367145 -0.000265586 -0.00277187 -0.00463999 0.000406901 0.00238019 -0.00456866 0.000146116 0.000617943 3.9421e-05 6.87685e-07 -5.89403e-05 -0.00422225 0.00120378 -0.000263227 -1.23823e-05 7.12749e-05 -0.00399851 -0.000757875 -3.58632e-05 0.000315647 0.0027274 0.000196572 0.003739 -6.65099e-05 0.000353935 9.01492e-05 0.00427449 0.00123766 
-0.0038444 0.0391408 0.0104706 3.50501e-05 -0.00211497 -0.000545314 -0.0071907 -0.00267881 0.0390703 0.0346344 -0.00071867 -0.00264294 -0.000146887 -0.0223612 -0.0247973 -0.00107101 -0.00515458 0.00285432 -0.00193665 0.0195535 0.000210289 -0.000208043 0.00282389 -0.0111513 -0.00581382 -0.00161767 -0.0219489 0.00153091 -0.00649585 -0.0184919 -0.000232111 -0.00298582 0.20066 0.0296636 -0.000164336 0.0221209 0.00178859 0.0110946 -0.0010132 0.0106554 -0.0131855 -0.00479024 -0.00471086 -0.000136177 -0.00157537 -0.0156424 -0.000390792 -0.00117613 -0.00029397 0.00734746 -0.00241075 0.00637683 -0.00022676 -0.0053582 -0.00227512 0.0500503 -0.00378203 0.00199515 -0.00928416 -0.000476208 -0.0126868 -0.00617121 -0.00903094 -0.00332906 -0.00126378 -0.0201379 -0.0248355 -0.0052941 -0.00150305 -0.000518273 0.00973758 -0.0275584 -0.0201771 -0.0431108 0.00666138 -0.00585178 -0.0239957 0.00749311 -0.000544673 -0.01074 0.00459395 -0.000172572 -0.00680333 -0.0023004 0.00109286 -0.00339771 -0.00416533 -0.00495999 0.00757443 0.0171126 -0.00156639 -0.00123707 -0.0243788 -0.00302947 -0.0151756 -0.00236335 -0.00225618 -0.00362015 -0.0353927 -0.00773351 
