0.000564326 -3.52943e-05 6.27595e-06 -2.95229e-05 1.97677e-07 7.87651e-06 4.81246e-06 -0.000115495 6.96579e-05 0.00010756 -1.16419e-06 0.000134234 2.25335e-05 1.56288e-05 6.13161e-05 0.000152056 -2.91164e-05 1.73446e-06 1.49717e-05 -0.000253885 4.54006e-06 0.000125175 9.83268e-07 -0.00016164 -1.09097e-05 -0.00015158 9.8686e-05 -2.32551e-05 3.99898e-05 9.21431e-05 -0.000150136 -1.1012e-05 -3.85115e-06 -5.31199e-06 4.94008e-05 -6.69747e-05 4.03476e-05 -9.30319e-06 -0.000168415 -0.000224208 1.84824e-05 2.62867e-05 2.08986e-05 -5.97711e-05 5.91307e-05 2.43826e-05 -9.91206e-05 2.26971e-06 -0.00014456 1.0281e-05 -6.42156e-05 -4.05729e-05 8.85396e-06 -7.72763e-06 0.000140819 -4.78644e-06 -6.18877e-05 4.67852e-05 0.000137856 -0.000204354 7.9077e-06 8.80474e-06 1.89539e-05 -4.00054e-05 -6.34638e-05 -5.03863e-05 1.6356e-06 2.30129e-06 -0.000181454 -1.10675e-05 1.43397e-05 -5.11809e-05 9.01706e-06 4.05826e-06 -2.60371e-05 -8.29647e-05 -2.5765e-05 -4.55405e-05 0.000164756 1.69569e-05 -8.87311e-06 3.48709e-05 -1.87457e-05 -4.51929e-05 1.93315e-06 -6.37736e-07 -1.41608e-06 6.94119e-06 1.44907e-05 2.29894e-05 -2.33981e-05 -1.34683e-05 1.06878e-05 0.000262156 -1.90884e-05 -1.83231e-05 -4.92752e-05 2.86824e-06 0.000227607 -2.94162e-05 
-3.52943e-05 0.210401 -0.0219567 -0.0265366 3.03208e-05 0.00173745 0.000921302 0.0530703 -0.0368184 0.00136604 -0.00047816 0.0311058 -0.00986533 0.00245116 -0.0145453 -0.000387883 -0.0181626 -0.0150567 -0.00264088 0.0596685 -0.013249 -0.00525652 -0.00316264 0.0117231 -0.0253322 0.0288205 -0.00677279 -0.00897703 -0.000775675 0.0418253 0.0554075 -0.0105867 -0.00558158 -0.0258105 -0.0542157 0.0388854 -0.00150341 -0.00176293 0.0592748 0.0703158 0.0145105 -0.00177284 -0.0209505 -0.0443132 0.00779476 -0.00592576 0.0522536 -0.000200631 0.0204721 0.00123217 0.0224233 -0.0506914 -0.0198855 -0.00622887 0.0159874 -0.00794804 -0.0130447 0.000224637 -0.00925589 0.0276121 -0.00284109 -0.00712705 -0.06114 -0.00567381 0.0656197 -0.00170405 0.00202976 -0.000303672 0.013014 -0.0190235 -0.00165197 -0.0390547 -0.000881866 -0.00254366 -0.0170503 0.0360423 -0.0260677 -0.0150571 -0.00665055 -0.000532649 0.00435926 -0.00633415 -0.0167027 -0.0141032 -0.000170882 -0.00136515 -0.00508009 -0.000886396 -0.00317688 -0.0229813 -0.0189831 -0.0174945 -0.000419619 0.00547846 -0.00633529 -0.041127 -0.0385302 -0.00365644 -0.0104299 -0.0512902 
6.27595e-06 -0.0219567 0.0338031 0.0123087 -1.05448e-05 -0.000327379 -0.00331343 -0.0260759 0.0206961 -0.000710267 -2.74313e-07 -0.00872912 0.00106624 -0.00108653 0.00331472 -0.000614844 0.00500134 0.0101896 -0.000304926 -0.0264476 -0.000700134 -0.000288018 0.000932798 -0.0160336 0.0170426 -0.0177022 0.00013594 -0.000455678 0.000124205 -0.0227587 -0.0241301 0.00834408 0.00153373 0.00884056 0.0269865 -0.00557306 0.00021034 -0.00237131 -0.025427 -0.0227786 -0.00276475 -0.000594215 0.00266777 0.0235419 -0.00231535 0.00147838 -0.0286711 4.62155e-05 -0.0200342 -0.000341827 -0.0047527 0.0263343 0.0055425 0.000199477 -0.00231292 -0.000584424 -0.00391123 3.33221e-05 0.00478787 -0.0202791 0.00140644 0.00737455 -0.00229591 -0.00251527 -0.0222435 -0.0032527 -1.67529e-05 -1.35595e-05 -0.0102067 0.0148189 0.000237905 0.0234651 0.000148001 0.000135133 -0.00161331 -0.00317613 0.0193518 -0.00361741 -0.000844084 1.20999e-05 -0.00244116 0.0031846 -0.00125674 -0.00439272 3.96798e-05 0.00064444 0.00387833 0.0002606 0.00066336 -0.00102853 0.00478124 0.00580957 0.000124883 -0.00240409 -0.00129071 0.0190192 0.0247742 0.00331871 0.0012605 0.0270893 
-2.95229e-05 -0.0265366 0.0123087 0.092216 2.90028e-05 -0.000702275 -0.00547717 -0.0518841 0.054532 0.00540981 0.000572718 -0.00575965 -0.00039568 -0.00117464 0.015369 0.00663856 0.0127376 0.0173722 -0.000416849 -0.0548338 -0.00108507 0.00534679 0.00249947 -0.0327676 0.0212498 -0.0508129 -0.000131486 0.00304158 -0.00103404 -0.0493601 -0.0607617 0.024259 -0.00178538 0.0148991 0.052202 0.00750516 0.000428767 0.00181545 -0.04694 -0.0495637 -0.00601464 -0.000871208 -0.00909037 0.0522681 0.000404378 0.00448432 -0.0533461 0.000561466 -0.0539724 0.000377534 -0.000537266 0.040412 0.0164339 -6.16105e-06 0.00363128 -0.00151123 -0.00313409 -0.000168611 0.00131705 -0.0609642 0.00151053 0.000787266 -0.0101358 -0.00955845 -0.0545184 0.0145128 -0.000830651 -5.54427e-05 0.00164791 0.0112291 0.000529846 0.0358842 0.000508174 -9.36661e-05 -0.00477421 -0.00413896 0.0239495 -0.010319 -0.00244926 -0.000138874 -0.00783988 0.000161383 -0.00132703 -0.00421898 8.15051e-05 0.000563831 0.0010161 0.00012771 6.34898e-05 -0.00392446 0.0282351 0.0205904 -0.000178717 0.00254612 -0.00300011 0.0315839 0.0550861 0.000947654 0.00360449 0.0430806 
1.97677e-07 3.03208e-05 -1.05448e-05 2.90028e-05 0.000535136 3.74647e-06 2.19328e-05 -4.58266e-05 1.45315e-05 3.8498e-06 1.44568e-06 5.13322e-05 5.76076e-06 6.86491e-06 9.37299e-06 -5.09133e-07 9.93818e-05 -1.11211e-06 -4.32837e-06 -2.79487e-05 -1.02691e-05 -2.44971e-06 1.54095e-06 -0.000108244 1.21478e-05 -2.21222e-05 -6.96332e-06 9.18961e-06 6.69744e-06 -7.9945e-05 7.46263e-06 1.0539e-05 -8.705e-06 1.36693e-05 -1.96243e-05 8.30837e-05 2.82547e-06 1.74577e-05 1.3629e-05 -1.87723e-05 -3.84016e-05 -3.31062e-06 -3.81717e-05 -2.46352e-05 1.00648e-05 7.24853e-06 -2.03867e-06 1.45831e-06 -1.72485e-05 1.17364e-05 4.52557e-05 -3.29049e-05 9.43508e-06 6.38565e-07 -2.72964e-05 -8.31053e-06 -1.17425e-05 -8.91387e-07 -1.22145e-05 -9.61212e-05 -2.79195e-06 -4.34342e-06 -5.32923e-05 7.586e-06 -5.15241e-05 3.62112e-05 -5.79365e-06 -2.86884e-07 -9.51868e-05 -9.11073e-06 2.07854e-06 -5.2229e-05 -1.92894e-06 2.40916e-06 2.61234e-05 6.65261e-06 1.60132e-06 -6.57888e-06 -5.50066e-06 1.50436e-06 -2.30113e-05 -4.8517e-06 -2.46102e-05 1.08486e-05 -2.10897e-07 8.99313e-07 1.29271e-05 -4.72791e-07 -8.32013e-06 -1.95504e-05 -1.21028e-05 -7.34833e-06 2.34805e-07 -2.42368e-05 7.3047e-07 -1.67721e-05 -5.17971e-05 -7.65482e-08 -1.07308e-05 -1.34512e-05 
7.87651e-06 0.00173745 -0.000327379 -0.000702275 3.74647e-06 0.00989874 -6.77584e-05 0.0011897 -0.00148583 -0.000151847 -1.30641e-05 -0.000861795 0.00135372 -0.000211379 -0.000413254 -0.000303834 -0.000138063 -0.000322592 0.000158572 0.00106105 5.34072e-06 -0.000139264 -5.91606e-05 0.00182816 -0.000371211 -0.000536329 -0.000146744 -0.000512775 8.67835e-05 0.000811927 0.000772856 -0.000340446 -0.000181443 -0.000430189 -0.00124911 -7.55089e-05 -1.50075e-05 -0.000628221 0.000463489 0.000372661 0.0013874 -7.34153e-05 -0.000931678 -0.00105136 -6.37976e-06 -5.86992e-05 0.00107307 -1.96199e-05 0.000981542 1.39345e-05 0.000111807 -0.000876385 -0.000393207 -0.000130406 -5.45355e-05 -0.000189801 -0.000572005 6.9268e-05 -0.000140785 0.00107459 4.12667e-05 -9.52802e-05 -0.000932698 -0.000178234 0.00214725 -0.000716819 -1.6511e-05 1.19712e-06 -0.00262507 -0.000683614 1.2977e-05 -0.00044964 4.73477e-06 -4.19274e-06 -0.000297325 -0.00061933 -0.000454165 -0.000378231 -0.000208183 2.63117e-06 0.00026424 -0.000130933 -0.000263742 -0.000818652 -2.52727e-06 -4.51545e-06 -9.21624e-05 -1.35573e-05 8.00181e-05 -0.000270238 -0.000346463 -0.000414054 -7.91519e-06 5.05275e-05 -5.78377e-05 -0.000620033 -0.00119658 -6.78531e-05 -0.000116779 -0.000802641 
4.81246e-06 0.000921302 -0.00331343 -0.00547717 2.19328e-05 -6.77584e-05 0.10042 0.0101689 -0.0161464 -0.00247025 -0.000142446 0.0180227 -0.00153125 -0.00286457 -0.00323363 -0.00119602 -0.00327556 -0.00411508 -0.000262342 0.0163769 -0.00124601 -0.000252496 -0.000250999 -0.0175711 -0.00363849 0.023832 -0.00113772 0.00986557 -0.00294223 -0.00225849 0.0153861 -0.00584212 -0.00144338 -0.00478683 -0.0124486 0.00892183 -0.000179938 -0.00556574 0.0127792 -0.0167328 -0.00692833 -0.00225736 -0.0094523 -0.0120537 0.00114943 -0.00136141 0.0121594 -0.000343023 0.023184 -0.000942172 0.0201591 -0.00872309 -0.00539661 -0.00213629 -0.00485213 -0.00111977 -0.00706538 -0.00027827 -0.00293821 -0.0109443 -0.000146741 -0.00113502 -0.00346275 0.00365449 0.0194672 -0.00374647 -0.0010352 4.61883e-05 -0.00168207 -0.00831351 8.02794e-06 -0.0110186 -0.000365116 -0.000335656 -0.00166182 -0.0165321 -0.00534987 -0.00437019 -0.00108559 -0.000204677 0.00249507 -0.00139874 -0.0036594 0.0259721 -3.07615e-05 -0.000225442 -0.000899978 -6.69885e-05 -0.000319173 -0.00170876 -0.00466512 -0.00381401 -2.47483e-05 -0.00762662 -0.00200806 -0.0066862 -0.0207012 -0.000582041 -0.00319341 -0.00977551 
-0.000115495 0.0530703 -0.0260759 -0.0518841 -4.58266e-05 0.0011897 0.0101689 0.138255 -0.0865695 -0.000526706 -0.0011667 0.0164706 -0.0034841 -0.000454865 -0.0300707 -0.0094741 -0.0184246 -0.0272979 -0.000528885 0.0947097 -0.000217097 -0.0125487 -0.00435562 0.0403124 -0.0321643 0.0567788 -0.0075721 -0.00505404 0.00344923 0.0744058 0.0930105 -0.0334295 -0.00155595 -0.0329578 -0.0909711 0.00818741 -0.00155979 0.00225096 0.0886184 0.0791244 0.00917738 -0.0056465 -0.00806843 -0.0800952 -0.000430305 -0.0109023 0.0938188 -0.00196379 0.0784767 -0.00573238 0.00893457 -0.0666484 -0.034421 -0.00483663 0.00275685 -0.000147444 0.0182681 -0.000395337 -0.0145938 0.0746043 -0.00343897 -0.00817279 0.0117229 0.0143021 0.0713926 -0.0098906 -0.00104485 3.92747e-06 0.0133161 -0.0251115 -0.00103282 -0.0598519 -0.00118202 -0.00228358 0.000560664 -0.00172475 -0.0369779 0.00941152 -0.00166057 0.000200644 -0.00327891 -0.0093204 -0.0107 0.00972584 -0.000264326 -0.00167645 -0.00739192 -0.000726631 -0.00282921 0.00385615 -0.0351658 -0.0308787 -0.000223091 -0.0104138 0.00263938 -0.0524636 -0.0702024 -0.00406588 -0.0125487 -0.0662621 
6.96579e-05 -0.0368184 0.0206961 0.054532 1.45315e-05 -0.00148583 -0.0161464 -0.0865695 0.15669 0.0047424 1.05776e-05 -0.0157088 0.00482058 -0.00490867 0.0306442 0.0131414 0.0197453 0.022251 -0.000744358 -0.0985847 -0.00196827 0.0140364 0.00148812 -0.0514722 0.0259698 -0.0885172 0.00671686 -0.00251573 -0.00619261 -0.0674427 -0.104141 0.0323016 -0.00085687 0.0281494 0.0982367 -0.0103772 0.000886859 0.00331806 -0.0933032 -0.073958 -0.00873701 0.00756891 -0.00479156 0.0892285 -0.00629684 0.00915146 -0.0884819 0.000715682 -0.088651 0.00618127 -0.0218151 0.0631157 0.0316167 -0.0016202 0.00464692 -0.00172199 -0.00619769 0.000395287 0.0180631 -0.0762952 0.00345052 0.00448017 -0.014199 -0.0213473 -0.0755999 0.027713 0.000874489 -7.76428e-05 -0.00280356 0.0311217 0.000375457 0.053888 0.000148931 -0.000811687 -0.00974024 -0.00298114 0.0345794 -0.0208053 0.00124874 -2.98037e-06 -0.00866629 0.00698631 0.0103594 -0.0153431 8.98867e-05 0.000445029 0.00122052 0.000432495 0.00258823 -0.00533041 0.0314267 0.0300197 0.000262931 0.0150421 -0.00532981 0.0505245 0.0843967 0.00358656 0.0179469 0.0670055 
0.00010756 0.00136604 -0.000710267 0.00540981 3.8498e-06 -0.000151847 -0.00247025 -0.000526706 0.0047424 0.0390486 3.23302e-05 -0.00188321 -0.000435379 0.00181782 -0.00143206 0.00326415 -0.00211372 0.00021418 -0.000279416 -0.0101312 0.00145205 -0.00049199 0.000173708 -0.0141852 -0.00126564 -0.0161314 -0.000438432 -0.000978626 0.000981 -0.00700826 -0.0124629 -0.00144772 -0.000540674 0.000811242 0.000801438 0.00442585 0.000305217 -0.000247585 -0.00365273 -0.00678253 0.0108653 0.0030056 -0.000993754 0.00363959 0.00396815 0.000734002 -0.00217216 0.000138192 -0.0140767 0.00269507 -0.00196593 -0.00144965 0.00249879 4.21316e-05 0.0112264 0.000776832 0.00720255 0.00068054 0.00609441 -0.00984247 0.0012195 -0.000295363 0.000640981 0.00248998 -0.0161725 0.00530713 0.000213118 -2.13137e-05 -0.0135127 0.00264041 -0.000125791 -0.00181387 -2.01023e-05 0.0003158 -0.00131893 0.00264942 -0.00126239 -0.00247065 0.000612242 9.18221e-05 -0.00327489 -0.00022219 -0.00157181 -0.00456044 1.82221e-05 0.000192015 0.000250686 4.63266e-05 -0.000765692 -0.000901916 0.000237598 0.000338385 0.000110981 0.00981209 0.000856448 -0.00111445 0.00960955 5.88026e-05 0.00523739 0.00421983 
-1.16419e-06 -0.00047816 -2.74313e-07 0.000572718 1.44568e-06 -1.30641e-05 -0.000142446 -0.0011667 1.05776e-05 3.23302e-05 0.00223391 0.000857286 -5.30838e-05 0.000510061 0.000342544 0.000639091 -5.66636e-05 0.000330336 -1.24114e-05 -0.00108747 4.67362e-05 0.000166866 0.00043178 -0.000781883 0.000411495 -0.000832272 5.67632e-05 0.000428364 -5.13609e-05 -0.0012087 -0.000943009 0.000704441 -2.81474e-05 -5.69522e-05 0.00020087 0.00106817 3.95837e-05 -4.42989e-05 -0.0011441 -0.00111132 -2.12897e-05 -4.90057e-05 -0.000197685 -0.00017201 0.000636335 -1.33709e-05 -0.00114235 0.000543231 -0.00124292 1.86224e-05 0.00122969 -0.000121318 0.000186349 0.000754371 7.85498e-05 0.000238527 8.24655e-06 1.84161e-05 4.71497e-05 -0.00127536 -1.83672e-05 3.77702e-05 -0.000232205 0.000194918 -0.00120721 -7.48548e-05 -2.01769e-05 4.15393e-06 -6.7523e-05 -5.19252e-05 2.75854e-05 -0.000103616 2.27201e-05 0.000601075 0.000172194 0.00025937 0.000465471 -4.03646e-05 0.000110677 -7.10714e-07 -9.56667e-05 9.3562e-06 -0.000130162 0.000176779 2.41514e-05 0.000449819 -1.14626e-05 -1.10726e-06 -3.25997e-05 -3.28322e-05 0.000106842 0.000125074 1.17925e-06 0.000102239 0.000293685 -0.000102761 -0.000241493 -3.40004e-06 1.03608e-05 -0.00012303 
0.000134234 0.0311058 -0.00872912 -0.00575965 5.13322e-05 -0.000861795 0.0180227 0.0164706 -0.0157088 -0.00188321 0.000857286 0.214119 -0.00149907 -0.00148635 0.0010725 0.0102138 -0.0188744 -0.0076428 -0.000150285 0.0161391 -0.00630376 0.00890927 0.000385928 -0.0823462 -0.0104494 -0.0201396 0.00641467 0.0216997 -0.00660752 0.0112708 0.0233779 -0.00429135 -0.00535529 -0.012322 -0.0178007 0.0692261 -0.000380179 0.00281118 0.0216074 -0.0443894 -0.0110152 -0.00705574 -0.00469204 -0.0225016 0.0321865 -0.000693929 0.0179215 -0.000476935 -0.0185091 -0.00129585 0.0704051 -0.0228738 -0.00419614 -0.00442938 -0.000523841 -0.0023399 -0.00927428 -0.000432359 0.00046928 -0.0526105 -0.00154235 -0.00280401 -0.0193501 -0.00249999 0.0226161 -0.00572417 -0.00579413 -1.85737e-05 0.0358318 -0.0140624 -0.000566975 -0.0192093 -0.00154431 -0.000655331 -0.0117205 -0.0145593 -0.0113522 -0.0289284 0.0159392 -0.000599632 -0.0226565 -0.00300069 -0.00800849 0.0285423 2.54893e-05 7.17565e-05 -0.00290631 -0.000201432 -0.00607132 -0.00846044 -0.00933132 -0.00586832 -0.000188148 0.0135401 -0.00189374 -0.0172836 -0.0332605 -0.00172061 0.00606735 -0.0198211 
2.25335e-05 -0.00986533 0.00106624 -0.00039568 5.76076e-06 0.00135372 -0.00153125 -0.0034841 0.00482058 -0.000435379 -5.30838e-05 -0.00149907 0.045424 -0.000980006 -0.00125438 0.000260783 0.000807882 0.00415924 0.00129672 -0.00584407 0.00308722 6.77371e-05 -0.000217423 -0.000124503 0.00185938 -0.0186661 -0.000795621 -0.000443483 -0.00152865 -0.00407867 -0.00962919 -0.00139724 -0.000336772 0.00531397 0.00766871 -0.00677534 8.46957e-06 0.00319961 -0.00423079 -0.00481922 -0.000919418 0.000169712 -0.0034786 0.00505648 -0.000522443 -0.000416543 -0.00453286 0.000282335 -0.00202057 -0.000473853 -0.000827823 0.00517753 0.00139244 -0.000884785 -0.00104098 -0.000250615 0.00301893 -7.53707e-05 7.8085e-05 -0.00616439 0.00101103 0.000633678 0.000963387 -0.00344207 -0.0121305 0.000920394 -0.000460338 3.04863e-05 -0.00757915 0.0104685 8.89938e-06 0.00201964 0.000295854 -0.00012311 -0.000495649 -0.00728228 0.000274982 -0.00121776 -0.000218765 0.000317519 -0.00427134 0.00194748 0.000573181 -0.00438556 -1.18104e-05 -3.72847e-05 -0.000118142 -4.57448e-05 -0.00050939 0.00229212 0.000305943 0.00197212 1.29182e-05 0.000938412 0.000474776 0.00476313 0.0080058 6.77995e-05 0.000808202 0.00761809 
1.56288e-05 0.00245116 -0.00108653 -0.00117464 6.86491e-06 -0.000211379 -0.00286457 -0.000454865 -0.00490867 0.00181782 0.000510061 -0.00148635 -0.000980006 0.0380684 -0.00135414 2.56654e-05 -0.000221195 -0.000674527 -7.62774e-05 -0.00132753 -0.000558369 -0.000661068 0.000155625 -0.00244087 -0.00103191 0.00935525 -0.000268188 -0.00167105 0.00181583 0.00553161 0.00149987 -0.000132555 0.000209658 -0.00168174 -0.00440825 0.000755051 0.00026204 0.00179425 0.00171238 0.00753931 -0.0018609 -0.000303099 -0.00262958 -0.004013 -0.00146725 -0.000513277 0.0027147 0.000382912 -0.0107688 -0.000179722 -0.000443231 -0.00315566 -0.00160028 0.000287534 0.00133157 0.0019008 -0.00293273 0.000121187 -0.000314263 0.00659768 -0.000318683 -0.000391563 0.00218667 0.00103755 0.00640173 -0.000505923 0.000680193 1.86783e-05 -0.00359998 -0.00189262 -5.85657e-05 -0.00339872 -2.77525e-05 0.00153363 -0.000864914 -0.000816654 -0.00125155 -0.00246372 -0.000111143 -6.21358e-05 -0.00266824 -0.000146948 -0.00218179 -0.0027306 -7.24697e-06 0.000745082 -0.000439754 -3.07461e-05 -0.000754289 6.66884e-05 -0.0015402 -0.000977093 -8.24044e-05 -0.00108882 -0.000825858 -0.00241548 -0.00413457 -0.000276871 -0.000338184 -0.00327359 
6.13161e-05 -0.0145453 0.00331472 0.015369 9.37299e-06 -0.000413254 -0.00323363 -0.0300707 0.0306442 -0.00143206 0.000342544 0.0010725 -0.00125438 -0.00135414 0.0453095 0.00644723 0.010479 0.00605742 0.000437551 -0.0307624 0.000272366 0.00457023 0.00074692 -0.0172123 0.00493202 -0.0195194 0.00364849 0.00219046 -0.00160393 -0.0184383 -0.0266514 0.0164023 -0.000549206 0.00605776 0.0295951 0.00043101 0.000247944 -0.00167047 -0.0293054 -0.0280973 -0.00344812 0.00213768 -0.00365053 0.0190192 -0.000158786 0.00156679 -0.0329395 0.000593393 -0.0234616 0.00195947 -0.000559507 0.017839 0.00661299 0.000913868 -0.00199318 -2.72731e-06 -0.00566099 -3.4473e-05 0.00162121 -0.0261511 0.000202438 0.000127021 -0.00269917 -0.00449784 -0.0196171 0.000788154 -0.000546584 -1.72477e-05 0.00296418 0.00851322 2.85897e-05 0.0120228 7.08956e-05 -7.17523e-05 -0.00244623 0.0008882 0.013937 -0.00511933 0.0033839 1.48391e-05 -0.0022006 0.00349199 0.0030767 0.000647451 4.12061e-05 0.00028612 0.000355075 -2.6498e-05 0.00394639 -0.0013803 0.00668426 0.0055067 -2.64966e-05 0.0101269 -0.00180611 0.0113953 0.0167445 0.000769872 0.005545 0.012168 
0.000152056 -0.000387883 -0.000614844 0.00663856 -5.09133e-07 -0.000303834 -0.00119602 -0.0094741 0.0131414 0.00326415 0.000639091 0.0102138 0.000260783 2.56654e-05 0.00644723 0.0327363 0.000547846 0.00573499 -1.96109e-05 -0.0197389 -0.000754117 0.0056544 0.00198636 -0.0100584 -0.000271884 -0.0143825 0.00350468 0.00227752 -0.000722984 -0.00793165 -0.0156806 0.0100829 -0.000754542 -0.000270158 0.00982784 0.00356733 -5.39603e-05 -0.0011303 -0.0173167 -0.0195985 0.00138877 0.00145073 -0.00259171 0.00483753 0.0078638 0.000566585 -0.0130587 0.00189819 -0.0185784 0.00290866 0.003094 0.000813517 -0.000407621 0.000589972 0.00775148 0.000124607 -0.00252991 0.00056423 0.00247128 -0.016465 -0.000153241 -1.88318e-05 -0.00237061 -0.000519917 -0.0107687 0.00144558 1.62641e-05 -1.67139e-06 0.0032698 0.000324954 -3.12591e-05 -0.00118678 -0.000156989 0.000421252 -0.0014416 -0.00217442 0.00273603 -0.00352218 0.00424286 -6.46175e-05 -0.0032138 0.00144988 -7.77967e-05 -0.000108173 0.00011462 0.000248722 -0.00041375 -4.1281e-05 -0.000318223 -0.000724074 0.00311794 0.00223604 -1.31412e-05 0.0160904 -0.00100755 -0.00154956 0.00671506 -3.8605e-05 0.0084541 0.000300203 
-2.91164e-05 -0.0181626 0.00500134 0.0127376 9.93818e-05 -0.000138063 -0.00327556 -0.0184246 0.0197453 -0.00211372 -5.66636e-05 -0.0188744 0.000807882 -0.000221195 0.010479 0.000547846 0.0753319 -0.00189761 4.31819e-05 -0.0238211 0.000261792 -0.000238725 0.000156114 -0.00576184 0.00513856 -0.00377386 0.00102392 0.00209156 -0.00187058 -0.0163525 -0.0133429 0.00698709 0.00036112 0.00277065 0.0213158 -0.00845017 -5.7873e-05 -0.00356387 -0.0263405 -0.010302 -0.00427865 0.000940749 -0.00591792 0.0144525 -0.0035721 -0.000882746 -0.0216464 -0.000128237 -0.0115495 0.000328248 -0.0120099 0.0172733 0.013464 -0.00108131 -0.00308542 -0.00169491 -0.00712747 -0.000183269 -0.00176566 -0.00804096 -0.000548194 -0.000454237 -0.00506326 -0.00554004 -0.0143165 0.00028939 -0.000120497 -1.25422e-05 -0.0158525 0.00577337 0.000133663 0.0115278 -0.000350182 -0.000203592 0.000944892 -0.00197811 0.0187815 -0.000722839 -0.00203993 0.000207036 0.00210326 0.00196353 0.0105463 -0.00599493 -1.84919e-05 0.000156485 -0.00108694 -5.07354e-05 0.000459725 -0.00200057 0.00238385 0.00563399 -9.08137e-05 -0.00180807 -0.00172143 0.0195915 0.00890927 0.00146759 -0.000405782 0.0181822 
1.73446e-06 -0.0150567 0.0101896 0.0173722 -1.11211e-06 -0.000322592 -0.00411508 -0.0272979 0.022251 0.00021418 0.000330336 -0.0076428 0.00415924 -0.000674527 0.00605742 0.00573499 -0.00189761 0.0358065 -0.000167598 -0.0283818 -0.000655193 0.000387259 0.000795773 -0.009055 0.0154528 -0.0195407 -0.000416609 -0.00201164 0.000698362 -0.0231103 -0.0259866 0.0132841 -0.000334531 0.0180481 0.0273495 -0.00372168 0.000117555 -0.00191769 -0.0264476 -0.0248 -0.00215146 -0.000579592 -0.00167712 0.025326 -0.000575466 0.00191248 -0.0286552 0.000997937 -0.0219929 0.0007683 -0.00149751 0.0226587 0.00493135 0.000266453 0.00110677 -0.000553928 -0.00449178 -7.98689e-05 0.000572069 -0.0219836 0.000440277 0.00314492 -0.0039065 -0.00344484 -0.0222469 -0.00106522 -0.00015462 -2.03431e-05 -0.00172669 0.0109892 0.000121911 0.0175836 0.000373746 0.000268794 -0.00191345 -0.00689926 0.00915347 -0.00404408 -0.000783901 -5.75716e-05 -0.0034551 0.00282068 -0.00044156 -0.00462858 0.000136296 0.000430617 0.00319854 -2.8105e-05 0.000811232 -0.000777571 0.0112651 0.00641674 -3.49001e-05 0.00489149 -0.00106346 0.00963311 0.025563 -0.00012399 0.00062256 0.0199544 
1.49717e-05 -0.00264088 -0.000304926 -0.000416849 -4.32837e-06 0.000158572 -0.000262342 -0.000528885 -0.000744358 -0.000279416 -1.24114e-05 -0.000150285 0.00129672 -7.62774e-05 0.000437551 -1.96109e-05 4.31819e-05 -0.000167598 0.0101577 -6.72388e-05 0.000100791 0.000253324 -4.81664e-05 0.000542427 -0.000313836 -0.00181738 0.000469492 -0.000228287 -0.000355177 0.00120225 2.57072e-05 -0.000113214 7.55549e-05 -0.000273747 -0.000212381 -0.00124964 2.12123e-06 0.00024224 -0.000867726 -0.000266298 -0.000649071 0.000421946 -0.000654057 -0.000649964 -0.000309673 -0.000104636 0.000309052 -1.6511e-05 -0.000125684 -5.2979e-05 -0.000173658 -0.000427056 2.28065e-05 8.6799e-07 -0.000394434 0.000129832 0.000288932 -2.32906e-05 -5.47838e-05 0.000127058 8.36616e-05 -5.81936e-05 0.000858264 -0.000745481 -0.00117642 -0.00044269 -0.000176632 8.81193e-06 -0.0010917 -0.000299564 -3.34658e-05 -0.000496262 -2.73923e-05 6.02975e-05 -0.000137881 -0.00167739 -0.000389675 -0.000705026 0.00136521 0.000120789 0.00107096 -7.89366e-05 0.00194815 -0.000678271 7.68634e-07 2.61925e-05 -0.000139692 9.77788e-06 3.29197e-05 0.00128921 -1.63256e-05 -0.000369712 -5.52037e-06 0.000476686 0.000564853 -0.000354933 -0.000131853 -4.68931e-05 0.000439955 -0.000342597 
-0.000253885 0.0596685 -0.0264476 -0.0548338 -2.79487e-05 0.00106105 0.0163769 0.0947097 -0.0985847 -0.0101312 -0.00108747 0.0161391 -0.00584407 -0.00132753 -0.0307624 -0.0197389 -0.0238211 -0.0283818 -6.72388e-05 0.154618 -0.000566343 -0.0142765 -0.00378773 0.0404879 -0.0317311 0.0769163 -0.0098252 -0.00140311 -0.000246425 0.0669106 0.101322 -0.0380585 -0.00191608 -0.0332875 -0.102106 0.0132326 -0.00159382 0.00524536 0.111604 0.0927402 0.00513676 -0.00956862 0.000751927 -0.0829145 -0.00238729 -0.0112182 0.0979008 -0.00237231 0.0933639 -0.00768569 0.0140511 -0.0702925 -0.0329542 -0.00293563 -0.00797075 -0.000970267 0.0213766 -0.00138605 -0.0218524 0.0748395 -0.00365689 -0.00818178 0.00607538 0.0141476 0.0682887 -0.0042072 -0.00113162 -9.09713e-05 0.01007 -0.0297519 -0.00106809 -0.062054 -0.000919962 -0.00244366 0.00576535 0.00833048 -0.0388559 0.0179423 -0.00495151 -0.000310588 0.00931315 -0.00968671 -0.0142915 0.0120605 -0.00026926 -0.00158282 -0.00356993 -0.000568771 -0.00378332 -0.00265437 -0.0354565 -0.0318586 -0.000490092 -0.0259078 0.0050618 -0.0534051 -0.0813073 -0.00402806 -0.0231821 -0.0712249 
4.54006e-06 -0.013249 -0.000700134 -0.00108507 -1.02691e-05 5.34072e-06 -0.00124601 -0.000217097 -0.00196827 0.00145205 4.67362e-05 -0.00630376 0.00308722 -0.000558369 0.000272366 -0.000754117 0.000261792 -0.000655193 0.000100791 -0.000566343 0.0241683 0.00031262 1.90142e-05 0.0048617 -0.000781372 -0.00907625 -0.000301203 -0.0017119 -0.00048104 -0.00265211 -0.0134727 -0.000737535 0.000431782 -0.000274091 -0.000604968 -0.00413845 -1.99163e-05 0.00210391 0.000911241 0.00150309 0.00127857 0.00326269 -0.00194928 -0.00121883 -0.00143776 -1.39104e-05 0.000120368 -1.9098e-05 -0.00634427 -0.000208194 -0.00381613 -0.00154577 -0.000620677 0.0061484 -0.00166255 0.00352063 0.0107072 5.83715e-05 0.00072248 0.00303071 -5.53249e-05 -0.00016414 0.00456641 -0.000826883 -0.013138 0.00825648 -3.24821e-05 1.09388e-05 -0.0103577 0.00313654 9.11605e-06 -0.00124576 -4.7965e-05 0.000816751 0.00480446 -0.000101064 -0.000880797 0.00718552 -0.000502757 0.00012593 0.000681606 6.27572e-05 0.00175896 0.00058645 5.49577e-07 0.000149711 -7.15479e-05 0.000299812 -9.33299e-05 0.00142374 -0.000714999 -0.000671581 0.000278444 -0.000361709 0.00672207 -0.000463615 -0.00013325 0.000159972 0.0010022 -0.000165781 
0.000125175 -0.00525652 -0.000288018 0.00534679 -2.44971e-06 -0.000139264 -0.000252496 -0.0125487 0.0140364 -0.00049199 0.000166866 0.00890927 6.77371e-05 -0.000661068 0.00457023 0.0056544 -0.000238725 0.000387259 0.000253324 -0.0142765 0.00031262 0.0258271 0.000462753 -0.00667845 -0.00046918 -0.0102438 0.00522455 0.000306708 -0.000997297 -0.00320552 -0.0141361 0.00536575 -0.000398825 -0.000824062 0.0128059 -0.000642683 0.00036596 -0.00049515 -0.0128899 -0.0135809 -0.00184425 0.00148259 -0.00161058 0.00768053 -0.0011006 0.00507384 -0.0133875 8.60263e-05 -0.0119862 0.000687517 1.65786e-05 6.85821e-06 -0.000103695 -0.000184368 0.00204715 0.00138 -0.00230573 5.87352e-05 0.00450029 -0.011856 0.000556104 3.32218e-05 0.000945529 -0.00271545 -0.0106921 0.00216042 -0.000428731 -3.61128e-06 0.00236598 -8.65694e-06 1.45827e-05 0.00308916 -0.000144654 -9.70658e-05 -0.0012151 -0.0026072 0.00134543 -0.00260778 0.00295294 -1.88156e-05 -0.002433 0.00133909 0.000825105 0.002012 5.0072e-05 1.0044e-05 1.88524e-05 0.000524247 -0.000176915 -0.000219697 0.00543855 0.00699191 -2.98968e-05 0.00654571 -0.000954561 0.00172747 0.00585874 -0.000127215 0.00734223 0.00222057 
9.83268e-07 -0.00316264 0.000932798 0.00249947 1.54095e-06 -5.91606e-05 -0.000250999 -0.00435562 0.00148812 0.000173708 0.00043178 0.000385928 -0.000217423 0.000155625 0.00074692 0.00198636 0.000156114 0.000795773 -4.81664e-05 -0.00378773 1.90142e-05 0.000462753 0.00686911 -0.00158069 8.4773e-05 -0.0021432 0.000449957 0.00184791 0.000400253 -0.00356555 -0.00294547 0.00137082 -2.70809e-05 0.000345625 0.00200589 -5.88504e-05 0.000203964 -2.27273e-05 -0.00355878 -0.00374326 -0.000377038 0.000131457 -0.000420844 0.00139679 0.00100731 0.000188308 -0.00312616 0.000214779 -0.00347483 0.000155064 0.00111498 0.00200484 0.000131385 0.000486077 -6.8516e-05 1.5048e-05 -0.000821213 5.34072e-06 0.000175536 -0.00396408 0.000108585 0.00023016 -0.000596666 -0.000558685 -0.0023586 9.57765e-05 -0.00010784 -1.73102e-07 -9.47976e-05 0.000251788 8.01115e-05 0.00107265 8.15304e-06 0.000358538 -9.29323e-05 0.000135426 0.0015729 -0.000355255 0.000269192 -1.32286e-05 -0.000505696 0.000132068 -0.000197701 0.00175929 8.10533e-05 9.18292e-05 0.000283997 -6.18435e-06 -1.61258e-06 -0.000214549 0.00128869 0.00237565 4.69554e-05 0.00118422 1.35129e-06 0.000520852 0.00238377 0.000125902 0.000303522 0.00127945 
-0.00016164 0.0117231 -0.0160336 -0.0327676 -0.000108244 0.00182816 -0.0175711 0.0403124 -0.0514722 -0.0141852 -0.000781883 -0.0823462 -0.000124503 -0.00244087 -0.0172123 -0.0100584 -0.00576184 -0.009055 0.000542427 0.0404879 0.0048617 -0.00667845 -0.00158069 0.24876 -0.0169849 0.0728358 -0.00399277 -0.0170399 0.00755761 0.0562976 0.0354937 -0.0113523 0.00387027 -0.0111977 -0.0356866 -0.066336 -0.000567184 -0.00237405 0.0412259 0.0651812 -0.00758953 0.00296112 -0.00595906 -0.0398477 -0.0221196 -0.00358437 0.0418376 -0.000136936 0.0486543 -0.00101784 -0.0505283 -0.033802 -0.0180522 0.00377584 -0.0118684 0.00533711 -0.0231668 -0.000643194 -0.00881359 0.0896621 -0.0040753 -0.00308922 0.0160322 -0.00215005 0.0540243 -0.018955 -0.00515291 -6.3599e-05 -0.000231584 -0.0223572 -0.000774645 -0.0227596 -0.000202686 0.000434547 0.0158745 -0.0286599 -0.0237736 0.0305397 -0.00690094 0.000249352 0.00975531 -0.00120184 0.00492388 -0.00453576 -8.18486e-05 -0.000781222 -0.00435181 -0.000355663 0.00251781 0.00823372 -0.00787465 -0.0130316 -0.000556879 -0.00353469 0.000688917 -0.0258657 -0.0538487 -0.00252189 -0.0071328 -0.0406583 
-1.09097e-05 -0.0253322 0.0170426 0.0212498 1.21478e-05 -0.000371211 -0.00363849 -0.0321643 0.0259698 -0.00126564 0.000411495 -0.0104494 0.00185938 -0.00103191 0.00493202 -0.000271884 0.00513856 0.0154528 -0.000313836 -0.0317311 -0.000781372 -0.00046918 8.4773e-05 -0.0169849 0.0390902 -0.021471 -0.000369397 0.000253934 -0.00121527 -0.0273169 -0.0290049 0.0171257 -0.000257045 0.0176099 0.0327384 -0.00386664 -3.56982e-05 -0.00270829 -0.0298362 -0.027639 -0.00333508 -0.00114311 -0.00066234 0.027042 -0.00228812 -0.000163082 -0.0339598 0.000280865 -0.0241722 -0.000108435 -0.00454803 0.0283435 0.0154375 0.000581225 -0.00232676 -0.000746869 -0.00511705 -3.98597e-05 0.00175394 -0.0261075 0.00122496 0.00484202 -0.0046546 -0.00384325 -0.0257206 -0.00189549 -0.000329865 -5.56036e-06 -0.00306897 0.0128539 0.000898713 0.0245211 0.000539369 0.000307882 -0.00192346 -0.00584625 0.0200395 -0.0043462 -0.00121893 -0.000108465 -0.00316592 0.00190803 0.00114032 -0.00509993 5.58932e-05 0.000915306 0.00310918 -9.34896e-06 2.58411e-05 -0.00156236 0.00822571 0.003362 6.85614e-05 -0.00217994 -0.00142073 0.0242311 0.0271875 0.00102451 -0.00048884 0.0312516 
-0.00015158 0.0288205 -0.0177022 -0.0508129 -2.21222e-05 -0.000536329 0.023832 0.0567788 -0.0885172 -0.0161314 -0.000832272 -0.0201396 -0.0186661 0.00935525 -0.0195194 -0.0143825 -0.00377386 -0.0195407 -0.00181738 0.0769163 -0.00907625 -0.0102438 -0.0021432 0.0728358 -0.021471 0.248401 -0.00283556 0.00418055 0.00694638 0.0602502 0.105606 -0.0243229 -0.00114542 -0.022275 -0.0739871 -0.0180162 -0.000462463 -0.0147267 0.0628621 0.0647632 -0.00488407 -0.0109341 0.00845129 -0.0642771 -0.00996397 -0.00672015 0.0646408 -0.00191831 0.0874617 -0.00431728 -0.013091 -0.0467101 -0.0261027 -0.00286801 -0.00809752 -0.00212937 -0.0412233 -0.000716085 -0.0150763 0.0875725 -0.00505314 -0.00554422 0.0131955 0.0336588 0.0889968 -0.0412122 -0.00542118 9.97763e-05 0.00696988 -0.034841 -0.000335288 -0.0449452 -7.96544e-05 0.000783355 0.00508713 -0.0179994 -0.0255391 0.00735692 -0.0104919 -0.000263857 0.0100422 -0.00533509 -0.00163413 0.0103044 -0.000173651 -0.000866676 -0.00208775 -0.00057951 -0.00231539 -0.00356745 -0.0240041 -0.0225346 -0.000877493 -0.0282012 -0.00845053 -0.0353144 -0.114314 -0.00285626 -0.0157999 -0.0532511 
9.8686e-05 -0.00677279 0.00013594 -0.000131486 -6.96332e-06 -0.000146744 -0.00113772 -0.0075721 0.00671686 -0.000438432 5.67632e-05 0.00641467 -0.000795621 -0.000268188 0.00364849 0.00350468 0.00102392 -0.000416609 0.000469492 -0.0098252 -0.000301203 0.00522455 0.000449957 -0.00399277 -0.000369397 -0.00283556 0.0224982 -0.00070345 -0.00061039 0.000487906 -0.00868749 -0.000204739 -0.000211135 -0.000624296 0.00504477 -0.00241016 -3.12098e-05 0.000207371 -0.00969448 -0.00827579 -0.00118455 -0.000190924 0.000292462 0.00234852 0.00119731 0.00161089 -0.00488668 -1.45463e-05 -0.00656398 0.000420736 -0.00106404 0.000868797 -0.000294412 -0.000467915 -0.00034149 0.0015904 -0.00234286 3.1167e-05 0.00329259 -0.00375318 -6.01536e-05 -0.00020479 0.00127455 -0.00093305 -0.00122209 -0.00196937 -0.000249191 -1.20624e-05 0.00206296 -0.000775282 -2.11866e-05 0.00315738 -9.92766e-05 2.231e-06 -0.00101127 -0.00100821 0.00160299 -0.00169344 0.00543113 -6.88963e-05 -0.000740037 0.000886544 -0.000627654 -0.000877239 8.17404e-05 -2.3698e-05 -1.03457e-05 5.40957e-05 -0.000450721 0.000577768 0.00223534 0.00258521 4.65687e-05 0.00348456 -0.000792615 0.00146639 0.00207436 0.000220323 0.00534437 0.000195396 
-2.32551e-05 -0.00897703 -0.000455678 0.00304158 9.18961e-06 -0.000512775 0.00986557 -0.00505404 -0.00251573 -0.000978626 0.000428364 0.0216997 -0.000443483 -0.00167105 0.00219046 0.00227752 0.00209156 -0.00201164 -0.000228287 -0.00140311 -0.0017119 0.000306708 0.00184791 -0.0170399 0.000253934 0.00418055 -0.00070345 0.071237 -0.000954228 -0.0333596 0.00791826 0.00493435 -0.00135092 -0.00267818 -0.000531952 0.0159782 0.000197267 -0.00414626 -0.0159421 -0.0221782 -0.00187708 -0.00118559 -0.00323791 -0.00124783 0.00821073 -0.000236782 -0.00253562 0.00027509 -0.00550042 0.000628375 0.0329042 0.000416103 -0.00310295 -0.000397477 -0.00419859 -0.00157863 -0.00925225 -0.000153651 -0.00152758 -0.0276033 0.000604244 -0.000634812 -0.00453572 0.00569807 0.00543716 -0.00696817 -0.000996183 9.09471e-05 0.00349401 -0.00297182 0.00028671 -0.00292039 -0.000332676 0.000551368 0.00148982 -0.00338756 0.00417695 -0.00420467 -0.00152181 -0.000166851 -0.000671639 -0.000157101 -0.00360768 0.0137578 2.11821e-05 0.000183904 -0.000298249 -6.25399e-05 0.000130388 -0.0023541 -0.000403717 0.00115307 -0.000115176 -0.00499108 0.00224422 0.00325433 -0.00281498 0.000319419 -0.000791128 -0.000371139 
3.99898e-05 -0.000775675 0.000124205 -0.00103404 6.69744e-06 8.67835e-05 -0.00294223 0.00344923 -0.00619261 0.000981 -5.13609e-05 -0.00660752 -0.00152865 0.00181583 -0.00160393 -0.000722984 -0.00187058 0.000698362 -0.000355177 -0.000246425 -0.00048104 -0.000997297 0.000400253 0.00755761 -0.00121527 0.00694638 -0.00061039 -0.000954228 0.0437819 0.00631958 0.00527184 -0.000852249 -0.000373613 0.000589496 -0.00325015 -0.0072343 0.000134085 -0.00137325 -0.00347429 -0.000733853 0.000467728 -0.00106359 -0.000108418 -0.00198677 -0.000771473 0.000307076 0.00222026 -3.04054e-05 0.00030097 -0.000418342 -0.00161685 -0.000811984 -0.00239243 -0.000605372 -0.00076192 -0.000542944 -0.00320341 9.46969e-06 -0.000526887 0.00144641 -0.000192943 0.000336769 -0.00270354 -0.00239502 0.00814671 -0.00307631 -2.53979e-05 1.39637e-05 0.00019493 -0.00191549 -0.000114906 -0.00148218 -0.000142798 0.000143457 -0.00220561 -0.00613036 -0.00208862 -0.00230831 -0.000612545 0.000243763 -0.00174198 -5.81987e-05 -0.000420978 0.000369534 9.12143e-05 -6.42768e-05 0.000899426 -3.54897e-05 0.000780425 0.00251657 -0.000814862 -0.000544072 -9.08542e-05 0.00177805 -0.00090016 -0.00279587 -0.00321799 -0.000207333 0.000229135 -0.0020911 
9.21431e-05 0.0418253 -0.0227587 -0.0493601 -7.9945e-05 0.000811927 -0.00225849 0.0744058 -0.0674427 -0.00700826 -0.0012087 0.0112708 -0.00407867 0.00553161 -0.0184383 -0.00793165 -0.0163525 -0.0231103 0.00120225 0.0669106 -0.00265211 -0.00320552 -0.00356555 0.0562976 -0.0273169 0.0602502 0.000487906 -0.0333596 0.00631958 0.215419 0.0814933 -0.029676 -0.000643571 -0.025712 -0.0668985 -0.0359388 -0.00121659 -0.00326214 0.0980348 0.0603521 -0.0159359 -0.00423512 0.010811 -0.0688321 -0.0045955 -0.00764328 0.0725837 -0.00206731 0.066316 -0.00488489 -0.0298265 -0.0555187 -0.0259601 -0.00473605 0.010826 0.00510964 -0.0128555 -0.000585562 -0.00603711 0.104992 -0.0052118 -0.00705955 0.0163107 -0.0359499 0.0724437 -0.0356473 -0.00325095 -0.000208076 0.0379147 -0.025501 -0.000474428 -0.0433411 0.00040617 -0.00230162 -0.000975844 -0.0220106 -0.0340916 0.0171892 0.006927 -0.000255186 -0.0196986 -0.00674587 -0.00861106 0.0130526 -0.000163248 -0.00106777 -0.00623016 -0.000549932 -0.00177571 0.00372475 -0.0237528 -0.0257756 -0.00021629 0.00408932 -0.0152135 -0.0447976 -0.0904203 -0.00377783 -0.00111293 -0.0600246 
-0.000150136 0.0554075 -0.0241301 -0.0607617 7.46263e-06 0.000772856 0.0153861 0.0930105 -0.104141 -0.0124629 -0.000943009 0.0233779 -0.00962919 0.00149987 -0.0266514 -0.0156806 -0.0133429 -0.0259866 2.57072e-05 0.101322 -0.0134727 -0.0141361 -0.00294547 0.0354937 -0.0290049 0.105606 -0.00868749 0.00791826 0.00527184 0.0814933 0.197461 -0.0347576 -0.000491972 -0.0298108 -0.0988627 0.0107329 -0.0012956 -0.0073423 0.0857753 0.0781988 0.000198573 -0.0111134 0.0017944 -0.0863077 0.00805201 -0.00931628 0.0878195 -0.00229319 0.112269 -0.00642842 0.0309899 -0.0616493 -0.0419668 -0.0122937 -0.00151213 -0.00698968 -0.018309 -0.00091003 -0.0185496 0.0837288 -0.00371266 -0.00758789 0.00872283 0.0209351 0.119315 -0.057499 -0.00355503 4.89552e-05 0.027016 -0.0475315 -0.000609505 -0.0622624 -0.00125669 -0.00150028 -0.00934608 -0.00536981 -0.034147 -0.00744363 -0.00282668 0.000179963 0.00203672 -0.00832824 -0.0199461 0.0190285 -0.00025674 -0.00157784 -0.00643623 -0.000701053 -0.00149337 0.00220922 -0.032467 -0.0297895 -0.000778942 -0.0180353 -0.00671651 -0.0476334 -0.100635 -0.00403021 -0.0172422 -0.0700634 
-1.1012e-05 -0.0105867 0.00834408 0.024259 1.0539e-05 -0.000340446 -0.00584212 -0.0334295 0.0323016 -0.00144772 0.000704441 -0.00429135 -0.00139724 -0.000132555 0.0164023 0.0100829 0.00698709 0.0132841 -0.000113214 -0.0380585 -0.000737535 0.00536575 0.00137082 -0.0113523 0.0171257 -0.0243229 -0.000204739 0.00493435 -0.000852249 -0.029676 -0.0347576 0.0553249 -0.000703765 0.00854772 0.036414 -0.00123707 -4.47988e-05 -0.0043956 -0.036972 -0.0300157 -0.00348851 -0.000181626 -0.00623072 0.0257116 -0.00145836 0.00293309 -0.0383493 0.00205758 -0.0312563 0.00267533 0.0019176 0.0196354 0.0084589 0.000931252 0.00133362 -0.00111166 -0.0074933 -0.000147627 -0.00096238 -0.0292241 -0.00019654 0.00154656 -0.00644569 -0.00389328 -0.0239922 -0.000879123 -0.000660162 1.18008e-05 0.0086956 0.0061187 0.000441938 0.0169921 0.000158386 0.000585832 -0.00262204 -0.00761498 0.0192076 -0.00606196 -0.000975857 -0.000163032 -0.00394764 0.00227084 0.000409045 -0.00444169 5.29583e-05 0.000896883 -0.000411482 -7.45246e-06 0.00265319 -0.00217589 0.0145372 0.00503388 -3.75624e-05 0.00793392 -0.00141374 0.015351 0.0263631 0.000370631 0.000595513 0.0194263 
-3.85115e-06 -0.00558158 0.00153373 -0.00178538 -8.705e-06 -0.000181443 -0.00144338 -0.00155595 -0.00085687 -0.000540674 -2.81474e-05 -0.00535529 -0.000336772 0.000209658 -0.000549206 -0.000754542 0.00036112 -0.000334531 7.55549e-05 -0.00191608 0.000431782 -0.000398825 -2.70809e-05 0.00387027 -0.000257045 -0.00114542 -0.000211135 -0.00135092 -0.000373613 -0.000643571 -0.000491972 -0.000703765 0.023798 0.000854929 0.00099638 -0.00387962 -9.08617e-06 -0.000454225 -0.00680401 0.00186396 -0.000369755 0.000138932 -0.000804517 -0.000224436 -0.00137945 0.000440958 -0.00063481 8.89009e-06 0.00101651 6.15719e-05 -0.00379296 0.000464624 -4.89631e-05 0.000579933 -0.00102002 0.000428349 0.000387309 2.51684e-05 0.000599575 0.00346888 0.000330811 0.000609812 0.00211355 0.000192279 -0.00122019 -0.00148284 5.19439e-06 7.65333e-05 -0.00674693 0.000752079 2.42995e-05 -0.000106097 -7.69608e-05 0.00057661 0.00151477 -0.0016987 7.33441e-05 0.00116598 -0.000297725 -1.0027e-07 0.00495984 0.000153146 0.00098537 -0.00218653 -4.28591e-06 9.59156e-05 -0.0002335 0.000130932 -3.71746e-05 0.00221725 -0.00056411 7.72743e-05 6.93412e-05 -0.00136781 0.000145391 0.00111021 0.00195691 0.000886796 -0.000589791 0.00103064 
-5.31199e-06 -0.0258105 0.00884056 0.0148991 1.36693e-05 -0.000430189 -0.00478683 -0.0329578 0.0281494 0.000811242 -5.69522e-05 -0.012322 0.00531397 -0.00168174 0.00605776 -0.000270158 0.00277065 0.0180481 -0.000273747 -0.0332875 -0.000274091 -0.000824062 0.000345625 -0.0111977 0.0176099 -0.022275 -0.000624296 -0.00267818 0.000589496 -0.025712 -0.0298108 0.00854772 0.000854929 0.045034 0.0335366 -0.0073827 0.000381404 -0.00145569 -0.0319653 -0.0279375 -0.00324249 6.19952e-05 -0.000982062 0.0326367 -0.00291285 0.00386407 -0.0333218 -2.32083e-05 -0.0231532 0.00056958 -0.00746554 0.0317141 0.0154373 -0.000599257 -0.0029816 -0.000853485 -0.00563025 5.56606e-05 0.00192018 -0.0272774 0.0016295 0.00424283 -0.00456741 -0.00473404 -0.0234034 0.0014398 0.000448882 -1.57199e-05 -0.00929066 0.0165087 0.000276566 0.02483 0.000456465 -0.00017782 -0.00228521 -0.00625656 0.00907072 -0.004735 -0.00117977 8.75189e-05 -0.00266192 0.00276615 0.00570889 -0.005372 9.12038e-05 -5.16023e-05 0.00378225 2.20794e-05 0.0023545 -0.00112726 0.00860749 0.0058632 3.3112e-05 0.00252764 -0.00138811 0.0203416 0.0298107 0.000135372 -0.000167481 0.0307783 
