0.0332871 0.00248756 0.00531814 0.000236175 -0.000418148 0.000754773 -0.000977982 -0.000626289 -0.00130263 -0.00139603 -0.00404827 -0.00442344 -0.00756849 0.00563077 0.00118118 -0.00105069 -2.10587e-05 -2.71564e-05 -0.00131186 -0.000229241 0.00247731 0.00835668 -0.000442103 0.00444645 -0.0090325 1.64551e-05 -0.00362957 -0.00363106 -0.0129705 0.00345148 -0.0021975 0.00170798 -0.00638745 -0.0013971 -0.00264871 -0.00229274 -0.00255608 -0.00337145 6.23036e-05 0.00205142 -0.000648947 -0.00447731 -0.00563372 0.00585038 -0.00139403 0.00247886 0.000781115 -0.00159706 0.00864404 0.00209214 0.0091062 0.00109572 0.00451809 -0.00345953 0.00199223 0.00278749 -0.00201911 -0.00376847 0.00060515 0.00135287 4.50663e-05 0.00270406 0.000446821 -2.13732e-05 -0.00180214 0.00030385 0.000403643 -0.00908671 -0.000780631 0.00419886 -0.00688599 -0.00353911 -1.21438e-06 -0.00110602 0.00405686 0.000272337 4.58173e-05 -0.00102536 0.00127253 -0.00151152 0.00917974 -0.0106711 -0.00446316 0.00104838 0.00210133 -0.00266502 -0.00457517 -0.00238127 -0.0040671 -0.00566155 5.19034e-05 0.00874539 0.0186774 -0.00223261 -0.0010864 0.000371053 -0.00299121 -0.000219326 0.00213805 -0.0051029 
0.00248756 0.0179071 0.00541551 0.000139333 0.000363807 -0.00075492 -0.000490168 0.0020462 -0.000852028 -0.00229221 -0.00323134 -0.00285037 0.00221407 0.00508874 -0.000355473 -0.000958409 -3.05737e-05 -9.54518e-05 -0.00224905 -5.76819e-06 0.00167891 0.000404867 -0.000127038 -0.00259477 -0.00327346 -0.000751339 0.003671 0.000284539 -0.0061804 -0.00139671 0.00627566 -0.004242 0.000732125 0.0014434 -0.00146896 0.00571195 -0.0008759 0.00668221 5.89485e-06 -0.000221664 -0.00382228 0.00638914 -0.00529626 -0.000261999 -0.00303304 0.00472326 -0.000143795 0.00104638 0.000326809 -0.0038862 -9.6899e-05 1.83714e-05 -0.000136504 -0.00242064 -0.00463935 -0.000688278 -0.000937782 -0.00151708 -0.000751786 0.000976966 -1.2689e-05 0.00288154 0.00194407 8.7986e-05 -0.000291659 -0.00013699 -3.77798e-05 -0.000920027 -0.000635084 -0.000283365 -0.00750362 -0.0025613 2.84794e-05 -0.00031942 -0.00116924 -0.000165368 -2.61182e-06 -0.00103942 -0.001806 -0.000670123 0.00413054 -0.00675604 -0.00139009 0.000421332 0.0021421 0.000212353 -0.004339 -0.0018204 0.00208097 -0.0016075 -9.53713e-05 -0.000157713 0.00386938 0.000424002 -0.0010743 0.000362048 -0.00226496 0.000950633 0.00783722 -0.00341649 
0.00531814 0.00541551 0.0836929 0.000218526 -0.000808469 0.0199031 -0.00163562 0.010196 -0.00396819 0.00927391 0.0150549 -0.0108724 -0.0165836 -0.0150443 -0.00215019 -0.00814027 0.000341335 -0.000362686 0.00659252 -0.000711401 0.000230168 0.0207474 -0.000582115 -0.0130036 -0.0283859 -0.00222848 -0.0115734 0.00361657 -0.0252323 0.0284793 -0.0130247 0.00267438 -0.0110983 -0.000768718 -0.00999502 0.00547832 -0.00539157 -0.00522068 -0.000146701 0.0254939 -0.0148337 -0.00394285 0.00492422 0.0049566 -0.0110108 0.00339249 -0.00059831 0.000500284 0.00845162 -0.0213124 0.0253637 0.000283765 0.0109676 0.00495233 0.013822 -0.000719792 -0.00467552 -0.0138284 0.00734711 -0.00478343 2.74085e-05 -0.00352665 0.00103946 -0.000152472 0.000334028 -0.000963858 0.000439694 -0.0248089 -0.00100542 -0.00756799 0.0029259 -0.00321932 -0.000817399 -0.00194418 0.0306972 0.00203874 -0.000391536 -0.00344954 0.0027291 -0.00333789 0.0204987 -0.0273983 -0.00791051 -0.000473467 -0.0158822 0.00449908 -0.00497064 -0.00634138 0.00428619 -0.00135181 0.0023162 0.00617745 0.0212288 -0.0132404 -0.00585129 -0.00128073 -0.00892385 -0.00370224 -0.00232195 -0.0134588 
0.000236175 0.000139333 0.000218526 0.00443684 9.38464e-05 0.000573577 1.93019e-05 0.00128687 0.000595071 0.00109364 0.000712868 0.000764191 0.000183641 1.44832e-05 0.000569447 -0.000399875 5.65012e-05 0.000303396 -0.000782264 5.78991e-05 1.28688e-05 0.000161291 0.000155475 -0.000584418 -0.00198713 6.43903e-06 -0.000827276 0.000828639 4.80612e-05 -0.000489725 0.000159108 -0.00121305 -0.000417747 -0.000175412 -0.000646126 0.000837434 0.000603734 0.000854449 1.5209e-05 -0.000207574 -0.00130787 -0.000158166 -0.00143084 0.000770537 -0.000694988 5.73735e-05 2.0731e-05 -7.08303e-06 0.00109907 -0.00136029 0.00032846 0.00014255 -0.000173609 0.000325855 -0.00135463 -3.79045e-05 0.00124405 0.00112712 0.00076596 0.000110625 3.16233e-05 0.000336135 -0.00109883 9.27739e-05 -0.000273749 1.76796e-05 5.24442e-05 -0.000845976 8.20371e-05 -0.00035092 -0.00150687 -0.000528545 8.31962e-05 -5.39362e-05 -0.000123649 -5.18382e-05 0.000106235 9.51257e-05 -0.000715369 0.00059145 0.000127552 -0.00103656 0.0002395 0.000143032 -0.00012226 2.65939e-06 -0.00044552 -7.73156e-05 -0.000560299 -0.000653315 8.70083e-05 -9.73699e-05 0.000953035 -7.79735e-05 -0.000250836 0.000200052 -0.000564844 -0.00018659 -0.000181347 -0.000212308 
-0.000418148 0.000363807 -0.000808469 9.38464e-05 0.0386836 0.0015864 -0.00041838 -7.13582e-05 -0.00166549 0.00069814 0.0122029 1.20093e-05 0.00674006 -0.00708571 -0.00265091 -0.00342438 -5.93473e-05 -1.51246e-05 -0.00474614 -2.17626e-05 0.000552027 -0.00294281 0.00064146 -0.00363625 -0.0157421 0.000932939 -0.00126842 -0.00196769 0.0126134 -0.0034251 -0.0085427 -0.00945395 -0.00452773 -0.000113948 -0.00396594 0.00213718 -0.00482643 0.0043552 1.36703e-05 -0.00273282 -0.00999505 -0.000933079 0.00624178 -0.00331688 -0.00613482 0.000426556 -0.000174235 -0.00110674 -0.00251081 -0.0104666 -0.00171846 -0.000369962 -0.00347193 0.0117933 -0.00860633 0.000861306 0.000563316 -0.00224885 -0.0024266 -0.000550818 -3.32614e-05 0.000502435 -0.00912572 -0.000163947 -0.0024174 -0.000296123 -0.000980895 0.0116223 0.00295672 0.00064806 -0.00160352 0.00367999 -6.38131e-05 0.00185644 -0.00348195 -0.000432555 0.000104754 -0.00233854 -0.00563539 0.00185411 -0.00197535 -0.00690669 -0.00196896 0.000613048 0.00703985 8.68512e-05 0.0138783 0.0146871 0.0136152 0.000721792 -0.000480725 -0.00227164 -0.00346009 0.00431618 -0.00174649 0.0029617 0.00162046 -0.000239845 0.00158414 -0.0016771 
0.000754773 -0.00075492 0.0199031 0.000573577 0.0015864 0.0572216 -0.00139831 0.000662517 0.00461058 0.01264 0.0270793 -0.00140103 -0.0159614 -0.0167368 -0.00551314 -0.00352257 0.000113552 -0.000390918 0.00574864 7.94988e-05 -0.00286547 0.0176028 -0.00153453 -0.00768937 -0.0250875 -0.000456784 -0.0131579 -0.00619716 -0.0157345 0.024092 -0.0197067 0.00994484 -0.00666022 -0.00241759 -0.00671109 -0.0052476 -0.00660827 -0.0120391 -0.000204539 0.0143269 -0.00688336 -0.0114452 0.022174 -0.00564199 -0.00577794 -0.000153595 0.000149318 -0.00331256 -0.000114658 -0.0151475 0.0139284 0.000935618 0.00893116 0.0109658 0.0147783 0.00563338 7.11949e-05 -0.00339878 -0.00254752 -0.00415315 0.000160489 -0.00343343 -0.0102216 -8.37298e-05 -0.00313763 1.14745e-05 -0.000776938 -0.0163839 0.00582623 -0.00434875 0.0180561 -0.00333397 0.00101656 -0.000227447 0.0241175 0.000243922 -0.000408878 -0.00155553 0.0015863 -0.000726174 -0.00198527 -0.00772871 0.000848097 -3.43033e-05 -0.0179041 -0.00244551 0.00683017 -0.000737918 0.00680595 -0.00238818 -0.000865018 0.00363009 0.0120937 -0.0114445 -0.00191242 -0.000649788 -0.00422358 9.49772e-05 -0.00933 -0.0129678 
-0.000977982 -0.000490168 -0.00163562 1.93019e-05 -0.00041838 -0.00139831 0.0316185 0.000206786 -8.51552e-05 -0.000104667 -0.00504079 -0.00429198 0.0046513 -0.00251049 -0.00169694 0.0040465 -5.728e-05 -0.000237405 0.00196207 -0.00013368 -0.000524371 -0.00216649 -0.00012964 0.00400764 -0.000593478 0.0017488 -0.00517436 0.00529486 0.0114184 -0.00222355 -0.000151782 -0.000460487 -0.000802642 -0.00140018 0.00241918 -0.000433495 0.0030322 0.00599407 -0.000174125 -0.00177379 -0.00904504 0.00416665 -0.00835193 0.00013489 5.97484e-05 -0.000101439 0.00100881 0.000814858 -0.00272282 -0.0060852 -0.000798654 -0.00030766 -0.0011116 8.31625e-05 -0.00440259 -0.00144439 0.000715139 0.0100475 -0.00173658 -0.00195349 -1.20342e-05 -0.00156035 -0.00639029 0.00176299 -0.000258826 -0.000315637 -0.000857302 -0.00142039 0.0021185 0.000337213 -0.0110927 -0.000970263 6.16612e-05 0.000304378 -0.00132893 -0.000110766 0.000146487 0.00287197 -0.00388201 0.0080092 -0.000258365 0.008271 -0.0036177 -0.000135826 0.00140189 0.00303236 -0.00117824 -0.00124239 -0.0038552 -0.00616081 0.00415074 -0.000874132 -0.00482981 -0.00196571 0.00273908 7.53654e-05 -0.0010709 0.00115167 -0.00388173 0.000534082 
-0.000626289 0.0020462 0.010196 0.00128687 -7.13582e-05 0.000662517 0.000206786 0.0954837 0.00192418 0.0170507 0.0108485 0.0167815 0.0228151 -0.00497164 0.00230089 -0.0090395 -2.5215e-05 -0.000257517 -0.0317265 0.00018795 -0.00300481 0.0089661 -0.00164216 -0.00948173 -0.0332396 -0.00141825 -0.016143 0.0319082 0.034462 -0.0125152 0.02524 -0.0375732 0.0254903 -0.00402411 -0.00690351 0.0139876 0.0142059 0.0211501 -0.000634572 -0.00633697 -0.0299353 0.0258202 -0.0210561 -0.0028476 -0.0126699 0.00291845 -0.000708956 0.0160528 -0.00251291 -0.033034 0.00491506 0.000883989 0.00171636 -0.00248864 -0.0389702 -0.00330207 0.0249105 0.0105001 0.0117382 -0.00650913 -2.27687e-05 -0.00244521 -0.0210913 -4.01381e-05 -0.00612268 0.00173233 0.0055083 0.0277312 0.000815262 -0.00807331 -0.0280299 -0.00740956 -0.00024119 -0.00114775 -0.00731215 7.97864e-05 0.000435366 -0.00495998 -0.0188624 -0.00173069 0.000825804 -0.0292769 0.028375 0.000157856 -0.0187535 0.0156331 -0.0126219 -0.00582899 0.000638337 -0.00813205 0.000894628 -0.0045835 -0.00986895 0.00397406 -0.00688349 -0.000749229 -0.0128415 -0.00458276 0.00763249 0.00419147 
-0.00130263 -0.000852028 -0.00396819 0.000595071 -0.00166549 0.00461058 -8.51552e-05 0.00192418 0.0556213 0.000602687 0.00206313 -0.00223814 -0.012245 -0.00941524 -0.00548093 0.014741 -8.70192e-05 -0.000538398 0.00941027 -8.08461e-05 -0.00279581 0.00571584 -0.000161881 -0.00795094 -0.00998585 0.0010627 -0.00850732 -0.000196286 -0.0153579 -0.00599835 -0.0135298 0.0163025 -0.000152793 0.000453973 -0.00649398 0.0100403 0.00329014 -0.00900149 0.00054248 -0.00297021 0.00949164 -0.00650044 -0.0145293 -0.00528848 0.0076456 -0.000567517 -9.86739e-05 -0.00410411 -0.00260537 -0.00268899 -0.00183242 0.000625213 -0.00143418 0.00396438 0.0135102 0.00336291 0.00521364 0.0152816 -0.00173251 -0.00333881 2.49436e-05 -0.00311219 0.00938462 8.72083e-05 0.00198274 -0.000317981 -0.000789611 -0.00879996 0.00116082 -0.000259861 0.00927821 -0.00364072 0.00246945 -0.00215685 -0.00526994 -0.000407079 0.00025127 0.0142155 0.00671073 0.00806025 -0.000681435 0.00895252 0.00329847 -0.000229023 -0.0155054 0.00339136 0.000311749 -0.00272983 -0.00695551 -0.00162614 0.00139629 -0.00456188 -0.0078703 -0.00635984 0.00423102 -0.000585577 -0.00485663 -0.00153117 -0.00936446 -0.00788463 
-0.00139603 -0.00229221 0.00927391 0.00109364 0.00069814 0.01264 -0.000104667 0.0170507 0.000602687 0.140139 0.0538375 0.0515635 0.024361 -0.00549111 0.0192491 -0.00485263 0.000240421 0.00460507 -0.01723 0.00324537 -0.00304159 -0.00234683 -0.00301466 -0.0220771 -0.0505836 0.0090391 -0.0346004 0.00861848 -0.0127624 0.00281252 0.00707266 -0.0151571 -0.0192465 -0.00491193 -0.016412 -0.0180036 -0.00118536 0.00317718 -0.000176263 -0.00248011 -0.0303104 -0.0156372 -0.00404845 0.0082994 0.0023414 -0.000620885 -0.00104258 0.00623344 0.0175736 -0.047649 0.00970338 0.00399979 -0.00660645 0.0177312 -0.0102168 -0.00280331 0.0161839 0.025623 0.0119983 0.0160752 0.000416239 -0.00109492 -0.0156937 0.000435729 0.00206168 0.00174816 0.000744598 0.00765068 0.0150059 -0.0127256 -0.0290753 -0.0117537 -0.000124361 0.00307212 0.00818238 -0.00179551 0.000141067 -0.00131243 -0.00995658 2.08523e-05 -0.00585582 -0.0476434 0.028269 -0.00141486 -0.00962774 -0.00911054 -0.0074415 -0.00586689 -0.00927924 -0.00917304 0.00374596 -0.00628503 0.0122559 0.00643781 -0.00870779 0.00764666 -0.0162804 -0.00564698 -0.00284635 -0.0179049 
-0.00404827 -0.00323134 0.0150549 0.000712868 0.0122029 0.0270793 -0.00504079 0.0108485 0.00206313 0.0538375 0.186773 0.0477616 0.013031 -0.0486031 -0.0137955 -0.014809 0.000261007 0.00437102 -0.0506375 -8.46829e-05 -0.00885515 -0.00893307 -0.00485632 -0.0329544 -0.0499487 0.0121842 -0.0345274 -0.00327938 0.0230717 0.00658526 -0.0112385 -0.0472077 -0.0234638 -0.0115413 -0.0103453 -0.0131966 -0.0233364 -0.0203067 -0.00102709 0.00591242 -0.0490085 -0.0333565 0.0585143 -0.0156666 -0.0216126 -0.00149031 -0.00192439 -0.00523349 -0.00437915 -0.0848885 0.0143135 0.000893204 0.00534091 0.0574417 -0.0279873 0.0110795 0.0171609 0.0204191 0.0171038 -0.00495896 0.000338507 -0.0123822 -0.0383234 -0.000476475 -0.00993063 0.00108583 0.000692332 0.0401041 0.0217558 -0.0211027 0.0244176 -0.000227428 -0.000465734 0.0122012 0.0103461 -0.00357041 0.00097421 -0.0102608 -0.0323312 -0.0062978 -0.0118392 -0.0563901 0.0567551 -0.000572267 0.0018123 -0.0103363 0.0552769 0.00444608 0.0814259 0.0501627 -0.0013373 -0.0160066 -0.0144454 -0.0171964 -0.00771431 0.00499234 -0.00716331 0.0121728 -0.0135614 -0.0152709 
-0.00442344 -0.00285037 -0.0108724 0.000764191 1.20093e-05 -0.00140103 -0.00429198 0.0167815 -0.00223814 0.0515635 0.0477616 0.164433 0.0343647 0.0268756 0.0497912 -0.0193437 0.000277892 0.00495069 -0.0642103 0.00474183 0.0112787 -0.0213771 -0.00314783 -0.0301195 -0.0491311 -0.00254632 -0.0246491 -0.011278 -0.00428602 -0.0222944 0.0583285 -0.0761324 -0.000407786 -0.0091131 0.00339339 -0.0181288 -0.00699092 0.0238187 -0.00112742 -0.0154702 -0.0589965 -0.0211892 -0.00897642 0.0365468 -0.0293794 -0.000928496 -0.00186582 0.0134952 0.0328245 -0.0441705 -0.00557622 0.00516198 -0.0019286 -2.59422e-05 -0.0782688 0.000266724 0.0180732 0.0274752 0.0269713 0.0237315 0.000108071 0.00584315 -0.0375667 -0.000774838 -0.012694 0.00231468 0.00692824 0.0517407 0.00536541 -0.0178572 -0.0396819 0.0169074 -2.77125e-05 0.0047046 -0.0148947 -0.00322072 -0.000426765 -0.0133346 -0.0376968 -0.008952 -0.00148477 -0.0767001 0.0634266 -0.00159635 0.0406746 -0.0137898 -0.0191733 -0.00694105 0.00867501 0.0356403 -0.00309356 -0.0182724 0.0245673 0.0393309 -0.00844147 0.00107804 -0.0172765 0.00304728 0.0247908 -0.00779251 
-0.00756849 0.00221407 -0.0165836 0.000183641 0.00674006 -0.0159614 0.0046513 0.0228151 -0.012245 0.024361 0.013031 0.0343647 0.245301 0.0695842 0.0234071 0.00582315 -0.000608829 0.00188019 -0.0722047 0.00407993 0.0161009 -0.0208514 -0.00488525 -0.0584069 -0.0662283 0.00961281 -0.00177434 0.0366039 0.0524471 -0.0635897 0.0596105 -0.0865272 0.0201929 -0.00523104 0.0273307 0.0271382 0.0410748 0.0956562 -0.00245336 -0.0382976 -0.0620367 0.0738318 -0.062842 0.0204735 0.0316339 0.00235361 -0.00145063 0.0290475 0.00940586 -0.055135 -0.0204903 0.00187468 -0.0198495 0.0407761 -0.0813199 8.42434e-05 0.0145172 0.0212873 0.00749071 0.0162518 0.000237696 0.0198936 -0.0637368 0.00130325 -0.00643862 0.00283265 -0.000724784 0.0406934 0.0115677 -0.0386356 -0.089203 0.0154952 -0.0016284 0.0109785 -0.0512361 -0.00699086 -0.000394746 -0.00229366 -0.0565671 -0.00366897 -0.0097745 -0.0287052 0.0190384 0.00298058 0.00781276 0.014773 -0.00645453 -0.0154677 0.0118806 -0.0455846 0.00678945 -0.0508451 -0.0155205 0.0458285 -0.0389758 0.00709947 0.000378203 -0.0140586 0.0248758 -0.0342449 
0.00563077 0.00508874 -0.0150443 1.44832e-05 -0.00708571 -0.0167368 -0.00251049 -0.00497164 -0.00941524 -0.00549111 -0.0486031 0.0268756 0.0695842 0.205336 0.0529105 -0.0188729 0.000305638 -0.000190521 -0.0795311 0.00572289 0.0253219 -0.0181797 0.00379056 -0.0389985 0.0108414 -0.0140268 0.0464724 0.00320018 0.00874907 -0.0399896 0.103721 -0.0950305 0.0606731 -0.0111989 0.0300549 0.0104546 0.025452 0.100813 -0.00126322 -0.0202037 -0.0823346 0.0815725 -0.0828237 0.0432844 -0.0277313 0.00269986 -0.00216867 0.040564 0.0352575 -0.0335942 -0.012078 0.00185942 -0.00584732 -0.034661 -0.109244 -0.0101495 -0.0133172 0.0213375 3.09335e-05 0.0355283 -3.70508e-05 0.0392383 -0.0637842 -2.0021e-06 -0.0188213 0.00457031 0.00101257 0.0426445 -0.00994697 -0.0154165 -0.0846576 -0.00941714 -4.45419e-05 -0.00288461 -0.0337027 -0.00416656 -0.000542206 -0.019378 -0.0469121 -0.00979754 0.0019234 -0.054179 -0.014441 0.00361995 0.0838245 0.00193371 -0.0604663 -0.0146257 -0.00581534 0.00292275 -0.00427554 -0.0244677 0.0409281 0.0922224 -0.0115425 -0.0014541 -0.0242198 -0.00351707 0.0594151 -0.0375946 
0.00118118 -0.000355473 -0.00215019 0.000569447 -0.00265091 -0.00551314 -0.00169694 0.00230089 -0.00548093 0.0192491 -0.0137955 0.0497912 0.0234071 0.0529105 0.0890301 -0.00805117 0.000313083 0.00149677 -0.0305505 0.00795033 0.0228145 -0.00926193 0.00324328 -0.0169029 -0.0307152 -0.0046317 -0.0104555 -0.0115871 -0.0283347 -0.0143863 0.0443877 -0.0363768 -0.012648 -0.00433968 -0.00763644 -0.010088 -0.00577993 0.0414263 -0.00059951 -0.0075797 -0.0302028 -0.00534167 -0.0322148 0.0462404 -0.0222405 0.000746128 -0.000791025 0.00968032 0.0453544 -0.016326 -0.00492462 0.00289342 -0.00869107 -0.0135482 -0.0397135 -0.00314627 -3.7751e-05 0.0119145 0.0141873 0.0356316 4.83722e-05 0.0278889 -0.0270515 -0.000296491 -0.00669147 0.00188502 0.00356594 -0.00259031 -0.00290605 -0.00689322 -0.0447955 -0.00336087 0.000717331 -0.00176077 -0.012161 -0.00152458 -0.00046825 -0.00673983 -0.0178618 -0.00422336 0.00224477 -0.0388612 0.00876786 0.000199947 0.0449028 -0.00753523 -0.0241829 -0.0101719 -0.0196493 -0.00131617 -0.00205687 -0.00774041 0.0410627 0.0507606 -0.00744211 -0.000376722 -0.0129 -0.00504585 0.0374876 -0.0109015 
-0.00105069 -0.000958409 -0.00814027 -0.000399875 -0.00342438 -0.00352257 0.0040465 -0.0090395 0.014741 -0.00485263 -0.014809 -0.0193437 0.00582315 -0.0188729 -0.00805117 0.0891661 -0.000132183 -0.000317801 0.0388657 0.000833251 -0.00283743 -0.000650743 -8.66169e-05 -0.0136233 -0.0148741 0.00154977 -0.0125023 -0.00430602 -0.0243813 -0.00975278 -0.0356627 0.0474484 -0.0278482 0.0202809 -0.00597751 -0.00508824 0.00968128 -0.0150585 0.00251363 -0.00220565 0.0402159 -0.0147276 -0.0177043 -0.00952508 0.037038 -0.000359725 0.00198026 -0.00876925 -0.00628979 0.0249058 -0.00447353 -0.00105874 -0.00647972 0.00877418 0.043201 0.00279335 -0.003335 -0.00276451 -0.00554484 -0.00328162 -4.5712e-05 -0.00221581 0.0247926 0.000961482 0.0198777 -0.00100626 -0.00110582 -0.0414752 0.0037157 -0.00332194 -0.00156222 -6.17246e-05 0.00306025 0.00113207 -0.00614823 3.96022e-05 -0.00073543 0.01716 0.0303675 0.0143606 -0.0048914 0.0325808 -0.0106348 0.000230004 -0.0263133 0.00129733 0.00612204 -0.00819314 -0.0147122 -0.027225 0.00201817 -0.0014662 -0.0155035 -0.00998358 -0.00387856 -0.00235391 0.00415148 -0.00209305 -0.0105061 -0.0082082 
-2.10587e-05 -3.05737e-05 0.000341335 5.65012e-05 -5.93473e-05 0.000113552 -5.728e-05 -2.5215e-05 -8.70192e-05 0.000240421 0.000261007 0.000277892 -0.000608829 0.000305638 0.000313083 -0.000132183 0.00241718 4.10017e-06 -5.86187e-05 0.000109134 0.000276148 0.000408181 0.000155711 -0.000164249 -0.000522401 -4.2958e-05 -0.000460196 -0.000144685 -0.000821969 0.00026755 3.46745e-05 -0.000209935 -0.000333976 -7.30022e-05 -0.000171535 -0.000112505 -0.00030116 -8.81009e-05 1.11931e-05 0.000580584 -0.000582937 -0.000238689 -0.000357287 2.70112e-05 -0.000451744 -1.71598e-05 -1.92423e-05 -0.000138375 0.000417878 -0.000642978 0.00033245 -2.17136e-05 0.000598161 -0.000272832 -8.99249e-05 -2.33188e-05 -6.77847e-05 -0.000256554 0.000252272 0.000422232 4.72226e-06 0.000307018 -0.000175815 1.55773e-05 -0.000146144 7.07302e-05 0.000166141 -0.000494186 1.62412e-05 0.000123712 -7.13312e-05 -0.000284714 7.58883e-06 6.15484e-06 0.000557002 0.000151324 7.04319e-06 -0.000149458 -0.000183665 0.000146363 -8.67302e-05 -0.000902949 0.000111956 0.000112606 0.000132439 1.46182e-05 -0.000364058 -0.000163035 -9.52831e-05 -0.000226505 -1.71508e-05 8.8381e-05 0.000821038 0.000156975 4.5027e-05 3.78189e-05 -0.000313584 3.8026e-05 0.000206191 -0.000186641 
-2.71564e-05 -9.54518e-05 -0.000362686 0.000303396 -1.51246e-05 -0.000390918 -0.000237405 -0.000257517 -0.000538398 0.00460507 0.00437102 0.00495069 0.00188019 -0.000190521 0.00149677 -0.000317801 4.10017e-06 0.0114669 -0.0025204 -9.97448e-06 4.90148e-05 -0.000906173 0.000114279 -0.00208056 -0.00342177 -2.49483e-05 -0.00252487 -0.00118056 -0.00196481 -0.00143708 -0.00205776 -0.00241039 -0.00279041 -0.000181461 -0.000822029 -0.000982213 0.000212688 0.000275209 9.23131e-05 -0.000617919 -0.00169205 -0.00146044 0.00167059 0.000613066 -0.00142183 0.000127226 -9.23671e-05 0.000169318 -5.87088e-05 -0.00311844 -0.000184548 4.59737e-05 -0.000675563 0.000978565 -0.00216367 7.65457e-05 -3.92321e-05 0.00223967 0.0022354 0.000229267 3.03475e-05 0.00062004 2.08103e-05 -3.37815e-05 7.35132e-05 0.000885632 0.000257389 -1.12967e-05 -0.000189397 -0.000949704 0.000877584 -0.00164361 -7.00632e-05 0.00226711 -0.000929671 -0.000153037 0.000252901 -0.000563326 -0.000329072 -0.000500115 0.000548321 -0.00365834 0.00314045 8.97938e-05 0.00168342 -0.000655691 0.00139272 0.000251293 0.00131581 -0.000562958 0.000262118 -0.000925133 -0.000265763 -0.000131721 -0.000718161 0.000146809 -0.000786465 0.000516667 0.0015288 -0.0020183 
-0.00131186 -0.00224905 0.00659252 -0.000782264 -0.00474614 0.00574864 0.00196207 -0.0317265 0.00941027 -0.01723 -0.0506375 -0.0642103 -0.0722047 -0.0795311 -0.0305505 0.0388657 -5.86187e-05 -0.0025204 0.216361 -0.0033563 -0.0152214 0.0260255 0.00254287 0.0360859 0.0148442 -0.00814921 -0.0186456 -0.015043 -0.0857978 0.0408783 -0.123922 0.171206 -0.0655844 0.0242057 -0.0389786 -0.0120064 -0.00372163 -0.0669314 0.00253203 0.0331868 0.114266 -0.0539513 0.00586 -0.026943 0.0703284 -0.00201145 0.00159614 -0.026282 -0.0169162 0.0798681 -0.0016317 -0.00256133 0.000742917 -0.00897311 0.163668 -0.00691173 -0.0132362 -0.0261521 -0.0196953 -0.0179063 -0.000292161 -0.0173268 0.112881 -0.000660658 0.0328823 -0.00392986 -0.00602603 -0.130122 -0.00230616 0.026516 0.0482059 -0.0364226 0.00113836 -0.00463634 0.0390381 0.00664677 -0.0021257 0.0399445 0.103008 0.0245562 0.00549973 0.0794224 -0.0381548 -0.00107879 -0.0829551 -0.0127505 0.000528826 0.00715368 -0.0605452 -0.0769693 0.00468191 0.0280995 -0.0150237 -0.0577405 0.0136318 -0.00565102 0.0151368 -0.0159272 -0.0491622 0.00234431 
-0.000229241 -5.76819e-06 -0.000711401 5.78991e-05 -2.17626e-05 7.94988e-05 -0.00013368 0.00018795 -8.08461e-05 0.00324537 -8.46829e-05 0.00474183 0.00407993 0.00572289 0.00795033 0.000833251 0.000109134 -9.97448e-06 -0.0033563 0.0130586 0.00397552 -0.00122595 0.00160028 -0.00238088 -0.00544304 0.000132235 -0.00273948 -0.000954079 -0.00419383 -0.00187527 0.00460918 -0.00457462 -0.00332288 -0.000619973 -0.00161054 -0.00136477 -0.00163069 0.00619773 -6.70708e-05 -0.00100214 -0.00397312 -0.00217288 -0.00410419 0.0040656 -0.00166423 0.000826826 -1.21466e-05 0.00062433 0.00682636 -0.00419757 -0.000476272 0.00150946 -0.00108008 -6.19943e-05 -0.00509055 -0.000186222 0.000272312 0.000592281 0.000792396 0.00706857 0.000216396 0.00452936 -0.00381286 0.000378859 -0.000804693 0.000523832 -0.000123943 -0.00520477 0.000880974 -0.000785671 -0.00500515 -0.0017896 0.000326959 -5.99512e-05 -0.00154035 -0.00021012 1.48548e-05 -0.000725904 -0.00228297 0.000451489 -0.000686687 -0.00557226 0.000915797 0.00109037 0.00423 -0.000997656 -0.00204594 -0.00127229 -0.00237865 -0.00331362 0.000399062 -0.00122465 0.00339361 0.00556103 -0.000935333 0.000365397 -0.00165527 -0.000601236 0.00297734 -0.00172732 
0.00247731 0.00167891 0.000230168 1.28688e-05 0.000552027 -0.00286547 -0.000524371 -0.00300481 -0.00279581 -0.00304159 -0.00885515 0.0112787 0.0161009 0.0253219 0.0228145 -0.00283743 0.000276148 4.90148e-05 -0.0152214 0.00397552 0.0484025 -0.00477204 0.00421768 -0.00706602 -0.0194792 -0.00163957 -0.00615368 -0.00601167 -0.0124096 -0.00727129 0.0245649 -0.0185789 -0.0127064 -0.00234417 -0.00305415 -0.00438791 -0.0072875 0.0244242 -0.000208762 -0.00339529 -0.0151417 -0.00182485 -0.0143745 0.0212534 -0.0108504 0.00308136 -0.000425637 -0.00120802 0.0207355 -0.00595601 -0.00236399 0.000301964 -0.00446202 -0.00551724 -0.0200464 -0.00137609 -0.00296728 -0.00629084 0.00078456 0.0217499 -9.41819e-06 0.0243624 -0.012929 0.000115049 -0.00344073 -0.000585764 -0.00071043 -0.00546258 0.00144447 -0.000445291 -0.0206057 0.00757023 0.000594398 0.00148333 -0.00601361 -0.000669433 -0.000222667 -0.00399526 -0.00911534 -0.00231939 0.00328417 -0.0211774 -0.00449641 0.00177568 0.0253125 -0.00352833 -0.00970803 -0.0045467 -0.00714108 -0.0117831 -0.00106556 -0.0023244 0.0263678 0.0245385 -0.00322709 0.000236923 -0.00449864 -0.00081802 0.026267 -0.00807991 
0.00835668 0.000404867 0.0207474 0.000161291 -0.00294281 0.0176028 -0.00216649 0.0089661 0.00571584 -0.00234683 -0.00893307 -0.0213771 -0.0208514 -0.0181797 -0.00926193 -0.000650743 0.000408181 -0.000906173 0.0260255 -0.00122595 -0.00477204 0.0994642 -0.00225351 0.0042431 -0.021959 -0.00367975 -0.0209963 0.0102049 -0.02061 0.0255389 -0.0400406 0.0294776 0.00526694 0.00142592 -0.0110862 0.0157996 0.0133654 -0.00724827 0.000325601 0.0157358 0.0122176 0.00383482 -0.00123943 -0.00927336 0.0075934 -6.03871e-05 0.00146481 0.00765078 -0.00222704 0.000509884 0.0114863 -0.000775959 0.0173121 -0.0137499 0.0355755 0.00616057 -0.00506989 -0.0110853 -0.00779961 -0.00725853 0.00012666 -0.00611638 0.0158672 0.000291529 -0.00311435 0.00168188 -0.00279998 -0.0308291 -0.00238368 0.00386837 0.00630596 -0.0168882 -0.000404274 -0.00380294 0.0240125 0.00323435 0.000168202 -0.00469437 0.0145468 -0.00147175 0.00630018 -0.00585793 -0.0131315 -0.00142893 -0.0335954 0.0215951 -0.020863 -0.00506035 -0.00700997 -0.0354457 -0.001075 0.0148103 0.0142338 -0.0159438 -0.0010724 -0.00269116 -0.00650197 -0.00443836 -0.0156223 -0.0178152 
-0.000442103 -0.000127038 -0.000582115 0.000155475 0.00064146 -0.00153453 -0.00012964 -0.00164216 -0.000161881 -0.00301466 -0.00485632 -0.00314783 -0.00488525 0.00379056 0.00324328 -8.66169e-05 0.000155711 0.000114279 0.00254287 0.00160028 0.00421768 -0.00225351 0.0277908 0.00134761 0.00227543 -0.000916092 0.00439077 -0.00131696 -0.00849904 -0.000100613 0.00058569 0.00144946 -0.00265086 -0.000368454 -0.00268507 0.00147962 -0.00220631 0.00303669 0.000340265 0.00121251 -0.000204567 -0.000639554 -0.0075864 0.00287327 -0.0036643 0.000251417 -2.64198e-06 0.00108941 0.00272715 -0.00124537 -0.000196047 -0.000160829 -0.000198145 -0.00408191 -0.000128674 -0.000120735 -0.00109507 -0.000484836 -0.00121509 0.00193834 -1.30917e-05 0.0051194 0.000650002 0.000298016 -0.00162446 9.36837e-05 -0.000714184 -0.00943935 -0.000758516 0.0034638 -0.00597361 -0.00181918 0.000625758 -0.000743235 -0.000434793 0.000772629 0.000240637 -0.00063327 0.00300678 0.00112088 -0.000215815 -0.00134096 -0.0024016 0.0014807 0.00429264 -0.00186126 -0.00127102 0.00577669 -0.00230613 -0.00295012 0.00021641 -0.00127838 -0.000613976 0.00446283 0.00033719 -0.000161145 -0.00223957 -0.00134634 0.00245809 -0.000894972 
0.00444645 -0.00259477 -0.0130036 -0.000584418 -0.00363625 -0.00768937 0.00400764 -0.00948173 -0.00795094 -0.0220771 -0.0329544 -0.0301195 -0.0584069 -0.0389985 -0.0169029 -0.0136233 -0.000164249 -0.00208056 0.0360859 -0.00238088 -0.00706602 0.0042431 0.00134761 0.154241 0.0302039 -0.00603504 -0.012642 -0.00507189 -0.00646457 0.0158322 -0.023882 0.0486932 -0.000352132 0.000975207 -0.0195185 -0.0101182 -0.0247961 -0.0305755 0.00011989 -0.00180596 0.0408521 -0.0166816 0.0266984 -0.00924891 -0.0184685 -0.00192474 0.00225134 -0.00755883 -0.0106917 0.0374025 -0.00130667 -0.000442684 0.00931555 -0.0191998 0.0453337 -0.00112948 0.000754677 -0.0102543 -0.00940862 -0.00813226 -0.000128796 -0.0100257 0.0325481 -0.000932396 -0.00197145 -0.00229373 -0.00255499 -0.0107441 -0.00639978 0.0268818 0.0121974 -0.022734 -0.00106578 -0.00668935 0.0243033 -0.000683885 0.00125285 -0.000362644 0.0193641 -0.00601586 -0.00485872 0.0381028 -0.0188963 -0.00169668 -0.018291 -0.00329408 -0.00306754 0.0206641 -0.0226585 -0.0169511 -0.00301589 0.0474293 0.00733918 -0.0357473 0.0182782 0.00263094 0.00897775 -0.00492553 -0.0264043 0.0350602 
-0.0090325 -0.00327346 -0.0283859 -0.00198713 -0.0157421 -0.0250875 -0.000593478 -0.0332396 -0.00998585 -0.0505836 -0.0499487 -0.0491311 -0.0662283 0.0108414 -0.0307152 -0.0148741 -0.000522401 -0.00342177 0.0148442 -0.00544304 -0.0194792 -0.021959 0.00227543 0.0302039 0.249653 -0.0138402 0.0665718 -0.0254544 0.0380587 0.00404192 0.0295739 0.0210164 0.0458675 -0.0031766 0.0166585 -0.00928063 -0.0244521 -0.030413 -0.000767897 0.00271345 0.0287839 0.018662 0.0392229 -0.025102 -0.0167838 -0.00507777 -0.000826547 -0.0116478 -0.0395403 0.0595799 -0.0196875 -0.0054097 -0.0201399 -0.0500542 0.00326907 -0.015428 -0.0157538 0.00948185 -0.0191609 -0.0256169 -0.00040357 -0.0177601 0.011515 -0.00248634 -0.00514514 -0.00197269 -0.00456113 0.017847 -0.0218772 0.0114579 0.0556045 0.00150462 -0.00301948 -0.0101926 -0.0254518 0.00164511 0.000234672 -0.00591896 0.033727 -0.0111384 -0.0133606 0.0571519 -0.0296548 -0.00591294 0.0256976 -0.00482845 -0.00697191 0.00148361 0.00346596 0.0461764 -0.0064402 -0.00930674 -0.0580469 -0.00164218 0.0227041 -0.0100477 0.0259022 0.0152822 0.00161564 0.0490523 
1.64551e-05 -0.000751339 -0.00222848 6.43903e-06 0.000932939 -0.000456784 0.0017488 -0.00141825 0.0010627 0.0090391 0.0121842 -0.00254632 0.00961281 -0.0140268 -0.0046317 0.00154977 -4.2958e-05 -2.49483e-05 -0.00814921 0.000132235 -0.00163957 -0.00367975 -0.000916092 -0.00603504 -0.0138402 0.0498967 -0.00881448 0.0042289 0.00650648 0.000305813 -0.0113888 -0.00417701 -0.011655 -0.0011718 -0.00059389 -0.00169482 0.00497929 -0.011234 -0.000162859 -0.00355135 0.00477974 -0.00816156 0.000781907 -0.00486962 0.00514055 -0.000219957 0.00127242 -0.00264542 -0.00491686 -0.00278972 0.00353117 0.000475939 -3.45938e-05 0.0190834 0.00260476 0.00193608 0.00256302 -0.00439194 0.000417914 -0.000214468 0.000261659 -0.00290258 -0.000144355 0.00242517 0.00228686 0.00117672 -0.000804131 0.000110599 0.00850671 0.000230672 0.00557388 0.00769326 -0.000250412 -0.00087036 -0.00184548 -0.000598551 -0.000157012 0.00236187 -0.00764827 0.00328871 -0.000751787 0.00179125 0.0047314 -0.000460094 -0.0113023 -0.00200927 0.0158337 -0.00384319 0.00414439 -0.0044467 0.00455337 -0.00332629 -0.00677781 -0.0093978 -0.00272379 0.00232277 -0.00066414 -0.00162554 -0.00814321 0.00168605 
-0.00362957 0.003671 -0.0115734 -0.000827276 -0.00126842 -0.0131579 -0.00517436 -0.016143 -0.00850732 -0.0346004 -0.0345274 -0.0246491 -0.00177434 0.0464724 -0.0104555 -0.0125023 -0.000460196 -0.00252487 -0.0186456 -0.00273948 -0.00615368 -0.0209963 0.00439077 -0.012642 0.0665718 -0.00881448 0.180054 0.00478528 0.0241552 -0.016794 0.0283525 -0.0209586 0.0597092 0.000661085 0.0296385 0.00272863 0.0155345 0.00968206 -0.00063855 -0.00176944 -0.0146845 0.0476908 -0.0115494 -0.016016 0.00063317 0.000628878 -0.00113218 0.0137434 -0.0200411 0.012412 -0.00946724 -0.00199183 -0.00996255 -0.0288767 -0.027809 -0.00558149 -0.00647464 -0.00337651 -0.00978553 -0.0149769 -0.000194441 -0.000196803 -0.0100676 -0.000849569 -0.0101156 0.000619291 0.00292265 0.025948 -0.00992114 -0.00432082 -0.00948027 0.00162143 -0.00168155 -0.00790106 -0.0201095 0.00112519 -0.000520134 -0.0138904 -0.00961323 -0.0094113 -0.00370644 0.0261891 -0.00962952 -0.00124165 0.0166131 0.00287132 -0.0155134 0.00242848 -0.00403849 0.0209444 -0.00439538 -0.0191632 -0.0230491 0.0122445 -0.000405544 1.60311e-05 -0.0056883 -0.00327805 0.00210588 0.00487021 
-0.00363106 0.000284539 0.00361657 0.000828639 -0.00196769 -0.00619716 0.00529486 0.0319082 -0.000196286 0.00861848 -0.00327938 -0.011278 0.0366039 0.00320018 -0.0115871 -0.00430602 -0.000144685 -0.00118056 -0.015043 -0.000954079 -0.00601167 0.0102049 -0.00131696 -0.00507189 -0.0254544 0.0042289 0.00478528 0.11108 0.051429 -0.0121705 0.00928966 -0.0269754 0.0370656 -0.00079477 0.00315586 0.0285047 0.0496062 0.0205429 -0.000210414 -0.00879214 -0.026196 0.0468403 -0.0366816 -0.0108436 0.0161045 -5.07585e-06 0.000656691 0.0272564 -0.0112461 -0.0355498 0.00247637 -0.00106294 0.000793286 -0.00151682 -0.0266347 -0.0019778 0.0129228 -0.00525775 -0.00454302 -0.00944228 0.000196709 -0.00684411 -0.0156974 0.00240477 -0.00205108 0.00084067 -0.000797781 0.0160613 0.0103469 -0.0112833 -0.0395808 -0.00865497 -0.000614512 -0.00305979 -0.00720194 -0.000799647 0.000156761 -0.000716211 -0.0174088 0.00854068 0.000872607 0.00689883 0.0032624 -0.000863189 -0.0363475 0.0285187 -0.0105303 -0.00757152 -0.00596022 -0.0281204 0.0091196 -0.00972165 -0.0195392 -0.0160938 -0.00884279 0.00173143 -0.0103206 -0.00695166 -0.0180732 -0.00508324 
-0.0129705 -0.0061804 -0.0252323 4.80612e-05 0.0126134 -0.0157345 0.0114184 0.034462 -0.0153579 -0.0127624 0.0230717 -0.00428602 0.0524471 0.00874907 -0.0283347 -0.0243813 -0.000821969 -0.00196481 -0.0857978 -0.00419383 -0.0124096 -0.02061 -0.00849904 -0.00646457 0.0380587 0.00650648 0.0241552 0.051429 0.244067 -0.0337166 0.0592038 -0.101383 0.0579666 -0.0169684 0.0313836 0.0126768 0.0341125 0.028428 -0.00211584 -0.0275323 -0.0750288 0.05974 0.00574507 -0.0229557 -0.00621714 -0.00390954 -0.000640917 0.0287642 -0.0355427 -0.0396698 -0.0138515 -0.00386392 -0.0247282 0.0011232 -0.109905 -0.0105962 0.0171644 0.0182095 -0.00967324 -0.0271892 -0.000229664 -0.019825 -0.101952 0.00052709 -0.0222647 0.000522552 -0.00239814 0.121883 0.0142329 -0.0164676 -0.0295443 0.02914 -0.00246572 -0.00308291 -0.0368974 -0.00479903 0.000556516 -0.0220061 -0.0681976 0.00571285 -0.0189759 0.035588 0.015304 -0.00238982 0.0355501 0.0215097 0.0385301 0.00250754 0.030603 0.0340221 0.000582105 -0.0265502 -0.0702052 -0.000858345 -0.00306959 -0.000711566 0.0156938 0.00341785 -0.00692155 0.0438751 
0.00345148 -0.00139671 0.0284793 -0.000489725 -0.0034251 0.024092 -0.00222355 -0.0125152 -0.00599835 0.00281252 0.00658526 -0.0222944 -0.0635897 -0.0399896 -0.0143863 -0.00975278 0.00026755 -0.00143708 0.0408783 -0.00187527 -0.00727129 0.0255389 -0.000100613 0.0158322 0.00404192 0.000305813 -0.016794 -0.0121705 -0.0337166 0.128113 -0.0418648 0.04485 -0.00656781 -0.00254344 -0.0200259 -0.0157453 -0.018946 -0.0339993 0.000143261 0.0274593 0.012818 -0.0258057 0.0493634 -0.0129292 -0.0242154 -0.00134594 -0.000407759 -0.0140412 -0.00396129 -0.00905775 0.0213943 -0.000677349 0.0186851 -0.00380619 0.0615159 0.00458847 -0.00873578 -0.0239607 -0.00814607 -0.00663091 -0.00010399 -0.00880707 0.0232571 -0.000412516 -0.00261716 -0.00169718 -0.00158524 -0.0353515 -0.00432316 0.00922744 0.0478603 -0.0122612 -0.00132825 -0.00292352 0.0477007 0.00290378 -0.000560691 -0.00454686 0.0243428 -0.00264097 0.00203896 -0.0173195 -0.0161637 -0.00216951 -0.0405676 -0.00386907 0.000886563 0.0202128 0.00922533 -0.00309178 -0.00220896 0.0172885 0.013551 -0.0290697 0.0150244 0.00124182 0.00172623 0.00485293 -0.0174951 -0.018602 
-0.0021975 0.00627566 -0.0130247 0.000159108 -0.0085427 -0.0197067 -0.000151782 0.02524 -0.0135298 0.00707266 -0.0112385 0.0583285 0.0596105 0.103721 0.0443877 -0.0356627 3.46745e-05 -0.00205776 -0.123922 0.00460918 0.0245649 -0.0400406 0.00058569 -0.023882 0.0295739 -0.0113888 0.0283525 0.00928966 0.0592038 -0.0418648 0.247326 -0.144631 0.0574455 -0.0194132 0.0294726 -0.000706452 0.00147048 0.0845669 -0.00241981 -0.0235087 -0.112267 0.0613227 -0.0467814 0.042685 -0.0443303 0.00332227 -0.00299728 0.0150635 0.0298778 -0.053053 -0.00788125 0.00277195 -0.0149296 -0.0348982 -0.162155 -0.0168271 0.0230583 0.0247862 0.0171733 0.025869 -0.0001462 0.0279274 -0.0909051 -0.00095885 -0.0287817 -0.00295546 0.00669261 0.101588 -0.00287597 -0.0227308 -0.0900893 0.0279614 -0.00115176 9.55752e-05 -0.0409974 -0.00546541 0.00119007 -0.0271109 -0.0755537 -0.0192047 0.00152662 -0.0548745 0.0305196 0.00074515 0.0953474 -0.000490089 -0.0613614 -0.0216006 0.000658329 0.0264421 -0.00589059 -0.0234888 0.0260438 0.0579485 -0.00886766 -0.00151504 -0.015502 0.0135688 0.0707051 0.0203451 
0.00170798 -0.004242 0.00267438 -0.00121305 -0.00945395 0.00994484 -0.000460487 -0.0375732 0.0163025 -0.0151571 -0.0472077 -0.0761324 -0.0865272 -0.0950305 -0.0363768 0.0474484 -0.000209935 -0.00241039 0.171206 -0.00457462 -0.0185789 0.0294776 0.00144946 0.0486932 0.0210164 -0.00417701 -0.0209586 -0.0269754 -0.101383 0.04485 -0.144631 0.233396 -0.0727996 0.0248843 -0.03719 -0.0173479 -0.0181507 -0.0889423 0.00274775 0.0278107 0.148151 -0.0716168 0.0262674 -0.0333182 0.0665159 -0.00307405 0.0027784 -0.0345015 -0.0233538 0.100261 -0.00163046 -0.00329797 -0.00356464 0.00559217 0.199182 0.00459703 -0.018346 -0.0294479 -0.0247495 -0.0236316 -0.000308047 -0.020796 0.124906 -0.00156031 0.0346581 -0.00453564 -0.00600725 -0.141507 -0.0038389 0.0292446 0.0799421 -0.0357574 0.00194229 -0.00706844 0.0404999 0.00550468 -0.00230336 0.0346439 0.108666 0.0175193 -0.000748311 0.0962661 -0.0450735 -0.00262408 -0.093221 -0.0136429 0.0198992 0.0031549 -0.0555523 -0.0642356 1.52476e-05 0.0344816 -0.0156387 -0.0667846 0.0146287 -0.00445222 0.017851 -0.018103 -0.0583691 -0.000414704 
-0.00638745 0.000732125 -0.0110983 -0.000417747 -0.00452773 -0.00666022 -0.000802642 0.0254903 -0.000152793 -0.0192465 -0.0234638 -0.000407786 0.0201929 0.0606731 -0.012648 -0.0278482 -0.000333976 -0.00279041 -0.0655844 -0.00332288 -0.0127064 0.00526694 -0.00265086 -0.000352132 0.0458675 -0.011655 0.0597092 0.0370656 0.0579666 -0.00656781 0.0574455 -0.0727996 0.222905 -0.00694239 0.011253 0.0244913 0.0393847 0.0385628 -0.00198276 -0.0178744 -0.0752512 0.0876526 -0.0331648 -0.0221246 -0.0400369 -0.00301948 -0.00237932 0.0269248 -0.0200764 -0.0326582 -0.00259664 -0.00163888 0.0149368 -0.0357607 -0.071603 -0.00814661 0.00641729 0.0108868 -0.0019906 -0.00755828 3.91503e-05 -0.00867128 -0.0464976 -0.000702046 -0.0204005 0.00171155 -0.00132878 0.0846511 -0.0140921 -0.00798866 -0.0169599 -0.0109298 -0.00253306 -0.00125414 -0.0194772 0.00104452 0.000746462 -0.0226644 -0.04667 -0.0106226 -0.00954979 -0.0346009 0.00749905 -0.00381001 -0.00901393 0.0351546 -0.0478344 0.012735 0.0183594 0.0140772 -0.00668596 -0.0134061 -0.0188138 0.0257577 0.00823 0.0018809 -0.0256713 0.00176343 0.0120322 -0.00209866 
-0.0013971 0.0014434 -0.000768718 -0.000175412 -0.000113948 -0.00241759 -0.00140018 -0.00402411 0.000453973 -0.00491193 -0.0115413 -0.0091131 -0.00523104 -0.0111989 -0.00433968 0.0202809 -7.30022e-05 -0.000181461 0.0242057 -0.000619973 -0.00234417 0.00142592 -0.000368454 0.000975207 -0.0031766 -0.0011718 0.000661085 -0.00079477 -0.0169684 -0.00254344 -0.0194132 0.0248843 -0.00694239 0.0455161 -0.00432927 7.27416e-05 0.00968034 -0.00931277 0.0017085 -0.000319975 0.0270901 -0.0053767 -0.00860348 -0.00468607 0.0180514 0.000439976 0.000245513 -0.00302217 -0.00354067 0.0160369 -0.00247098 -0.000138745 -0.00168336 -0.00523998 0.0238379 0.00110449 -0.00281587 -0.007246 -0.00324517 -0.00338055 -4.46152e-05 -0.00270977 0.024265 -0.000245362 0.0194716 -0.000526308 -0.000898609 -0.0194359 -0.00161453 -0.00117971 -0.00811489 -0.00225573 0.00170465 -0.00195837 0.00522708 0.000122219 -0.000366082 0.00102141 0.0172586 -0.00061686 -0.00145478 0.011487 -0.00549261 -0.000606504 -0.0153669 0.00159256 -0.00913597 -0.000177621 -0.00860803 -0.0140842 -0.000925062 0.00468195 -0.00365952 -0.009503 -0.00248267 -0.00104994 0.000605201 -0.00275907 -0.00755395 -0.00608251 
-0.00264871 -0.00146896 -0.00999502 -0.000646126 -0.00396594 -0.00671109 0.00241918 -0.00690351 -0.00649398 -0.016412 -0.0103453 0.00339339 0.0273307 0.0300549 -0.00763644 -0.00597751 -0.000171535 -0.000822029 -0.0389786 -0.00161054 -0.00305415 -0.0110862 -0.00268507 -0.0195185 0.0166585 -0.00059389 0.0296385 0.00315586 0.0313836 -0.0200259 0.0294726 -0.03719 0.011253 -0.00432927 0.133826 0.000752987 0.0341745 -0.0107853 -0.000638891 -0.0103001 -0.0119314 0.0217502 -0.014653 -0.00206738 0.0330038 -0.000145634 -0.000917494 0.015828 -0.0138617 0.00596936 -0.00376436 -0.00116326 -0.00556446 0.00151601 -0.0414016 -0.00420964 -0.0080949 -0.013474 0.00372192 -0.00962242 5.3189e-05 -0.00534316 -0.0276424 0.000224127 -0.0057391 0.005663 0.00237792 0.0382399 0.00223645 -0.00652123 -0.00450628 0.0393127 -0.00117605 -0.00262679 -0.0189026 -0.0018547 -0.000790319 -0.010461 -0.0232268 -0.00343296 0.00490346 0.00741481 0.00452932 0.00102698 0.0152398 -0.00681678 -0.00588534 -0.0129886 -0.00966497 0.0103041 0.00104909 -0.0120579 -0.0143838 -0.00283557 -0.0102722 -0.00152448 -0.00330334 -0.00420322 -0.00861043 0.00875775 
