0.00868283 0.00193696 0.00073583 8.88783e-05 0.000844366 -0.00155203 0.00290339 0.00070215 -0.000129903 0.00139893 -6.15136e-05 -0.00264475 -2.87839e-05 0.000104066 0.000102835 -7.60204e-05 1.37996e-05 -0.00151802 0.000631929 0.000449021 -5.59748e-05 -0.000502456 -0.000173228 0.000450638 0.00087789 0.000137793 0.000611172 0.000213544 -0.000190202 -0.00291903 -0.000214326 -9.93353e-05 -0.000330609 -0.00153379 -0.000256503 -0.0016136 -0.000249065 -0.000251103 9.81096e-05 -7.31256e-05 0.000294244 -0.000896013 -2.07371e-05 -5.43814e-05 -0.000286094 -0.00121109 0.000116572 0.00018412 0.000784112 0.00221081 -0.000249456 -7.01202e-05 -0.000233108 -0.000814051 -0.000267961 -0.000685714 -1.96771e-05 -0.000103262 0.000841312 0.000152274 5.16421e-05 0.000855583 -0.00122008 -2.15098e-05 0.000227912 -0.00214059 -0.000289141 5.32968e-05 7.89567e-05 -0.00091272 -0.000116443 1.10469e-05 -0.000169033 2.81462e-05 0.000199518 -5.4514e-05 0.000302457 -0.000246483 -0.000721081 0.00270678 0.00113576 -0.000652061 0.00031251 -0.000121353 0.000459989 -0.000237893 -0.00148423 5.73062e-05 -0.000177287 -0.00220303 0.000188149 -0.000142886 -0.00049071 0.00013837 0.000291344 -0.00164362 -0.000413778 0.00012825 4.13818e-05 7.51538e-06 
0.00193696 0.176791 0.0192344 0.00489368 0.0063107 -0.0926923 0.0703439 -0.00908694 0.00128062 0.00413471 0.00668861 0.0221708 -0.000446581 0.00292607 0.00610254 -0.0059001 0.00481916 -0.0740405 -0.00927938 0.00431726 -0.00222418 -0.00583214 -0.00227452 0.00733356 -0.000183946 0.077838 0.0189922 0.00597802 -0.00528608 -0.0744546 0.0607812 0.00152576 0.00331609 -0.0306599 -0.0123967 -0.0256225 0.032874 0.0031347 -8.01313e-05 0.00662392 -0.00250505 -0.00996937 -0.000689781 -0.0515178 -0.00702466 -0.0205443 -0.0210756 0.0546447 0.0707582 0.0501768 0.017045 -0.00169319 0.0118158 -0.0120469 -0.016296 0.0375998 -0.00497473 0.00163184 0.0672875 0.00351827 0.00129047 0.0177812 -0.0653403 -0.0148183 -0.00244847 -0.0916482 -0.00451159 -0.03914 -0.0102953 -0.0773945 -0.00689805 -0.000161252 -0.000184509 -0.0144565 -0.00597767 -0.00118818 -0.00698562 0.0318915 0.0232417 0.0505393 0.0159349 -0.0168027 -0.0118115 0.00561598 0.0028503 -0.00420379 -0.0481647 0.00563728 -0.0293128 -0.0800969 0.00199474 0.0116674 0.0875751 -0.00100005 -0.011372 -0.0462154 -0.00856576 -0.0180596 6.24882e-05 -0.00505642 
0.00073583 0.0192344 0.0725217 -0.00104559 0.0230404 -0.023414 0.0292095 0.0148989 0.0193659 -0.00221772 2.77613e-05 -0.0093716 -0.00149906 0.000364061 -0.000720134 -0.00445528 -0.000984737 -0.0300951 -0.00288526 1.30072e-05 -0.000712071 0.0216684 0.00254754 -0.00717665 0.0152435 0.0263809 0.00920443 0.00488188 -0.000308691 -0.0285063 -0.000916328 -0.000735045 -0.00486712 -0.0330216 -0.000563287 0.0171732 0.0016129 -0.00142262 -0.000485216 -0.000134171 -0.00076133 0.0143541 0.000306439 -0.0172148 -0.00291701 -0.0103406 -0.00712391 0.00433095 0.00204838 0.0401332 0.000702503 0.000484423 0.00126105 -0.00206284 -0.0156644 -0.010061 2.54506e-05 -0.00013099 0.00984131 -0.000774209 0.000483069 0.0282228 -0.0290079 -0.0036018 -0.00561966 -0.0206092 -0.00271727 -0.0140129 -0.0038625 -0.0191624 -0.00237715 -0.000314332 -0.00177668 -0.00580679 -0.00337511 -0.00034395 -0.00257327 -0.000320523 0.0232432 0.0182597 0.00463326 -0.00539792 -0.00430616 -0.00133898 -0.000230989 -0.00222784 -0.0193349 -0.000264462 -0.0129716 -0.0363225 -0.000461252 -0.00090271 0.00648696 -0.000663685 -0.00485148 0.00553262 -0.00450109 -0.00724618 0.000358303 0.000260235 
8.88783e-05 0.00489368 -0.00104559 0.116073 -0.00221767 -0.00675111 0.0196212 0.034708 -0.00480402 -0.00328447 -0.00115541 0.00399987 0.00182525 -0.00126632 -0.00322596 -0.00666114 0.00133783 -0.00176975 -0.0067967 8.1576e-05 0.0115078 0.0342054 -0.00265329 0.0197174 -0.0110544 -0.0156366 0.0251611 -0.00182595 -0.00294125 0.000412051 -0.0107784 -0.000475546 -0.00495449 -0.0185894 -0.00658961 -0.00920321 -0.00572327 -0.000582041 0.000538446 -0.00435307 -0.00427036 -0.00624223 -0.00073002 -0.0258713 0.00367385 -0.0103566 -0.00698061 -0.0104013 -0.0183012 0.024349 -0.000166139 0.00166032 -0.00305688 0.0272695 -0.0102453 -0.0213853 0.00142288 -0.00168679 -0.0136495 0.00199738 -0.00108015 -0.00888913 -0.00864654 -0.0021488 -0.00605607 -0.0207248 -0.00824177 -0.0158125 -0.00107345 0.0103441 -0.00130034 0.000913192 -0.00216335 -0.00309229 -0.00434972 -0.000491742 0.0144493 -0.00610439 0.00670373 0.0147077 0.0062654 -0.00710103 -0.00530314 -0.00284102 0.00410017 -0.00376282 -0.0168211 -0.00152281 -0.011902 -0.00670115 0.00197045 -0.000567725 -0.000860393 -0.00151081 -0.00722366 0.0229822 0.00174301 -0.00128711 0.000721615 0.0058163 
0.000844366 0.0063107 0.0230404 -0.00221767 0.0474327 -0.0174663 0.0339829 0.0123028 0.022449 0.000494795 -0.000283766 -0.0125097 0.00235748 -0.000541209 -0.00284076 -0.00255518 0.000546053 -0.020111 -0.0025584 0.00288774 0.00119701 0.0194161 -0.000560855 0.00761963 0.0131 0.0180067 0.0103458 -0.000947265 -0.000812192 -0.0210538 -0.00422705 -0.000570192 -0.0016124 -0.030933 -0.000351324 0.0126672 -0.00163732 0.00101459 0.000669572 0.000864925 -0.00133313 0.00712705 0.00055818 -0.0116879 0.00186649 -0.00405261 -0.00415948 0.00132912 -0.00325802 0.0329764 -0.000507041 -0.000179076 0.00154211 -0.00136954 -0.0135634 -0.0139222 0.00189179 -0.00026426 -0.000579087 0.00052447 -0.000133276 0.023781 -0.018414 -0.00328922 -0.00368027 -0.0172684 -0.00501186 -0.00957796 -0.00315821 -0.0203516 -0.00167549 0.000982181 -0.00133045 -0.00428692 -0.00208232 -0.000160416 -0.00663791 -0.00287851 0.00990715 0.0189734 0.000462683 -0.00326654 -0.00293837 -0.00119743 -0.00112624 -0.000915007 -0.01573 -0.000443203 -0.00864403 -0.0226087 -0.000233151 -0.00128464 0.000133407 -0.000435212 -0.00304847 0.00650706 -0.00321131 -0.0041994 2.42971e-05 0.00174615 
-0.00155203 -0.0926923 -0.023414 -0.00675111 -0.0174663 0.244008 -0.0814292 0.0173419 0.00348603 0.00213208 -0.00783675 -0.0349472 -0.00921691 -0.00238474 -0.0194681 0.0101128 -0.016409 0.144661 0.0139418 -0.0126929 -0.014122 -0.0180868 -0.00690797 0.0165846 -0.00612416 -0.0991456 -0.0346135 -0.00614428 0.0068376 0.130632 -0.0427822 -0.00329354 -0.0225305 0.0585157 -0.0145629 -0.0204348 -0.0314642 -0.00845104 -0.00469242 -0.0228335 -0.015296 -0.0357769 -0.00215452 0.0444207 -0.0128891 0.00187894 -0.0314679 -0.0350067 -0.045651 -0.0838839 -0.016387 -0.00261242 -0.022592 0.0622048 0.0759077 -0.0715398 -0.0101121 -0.00226163 -0.0525138 -0.00763216 -0.000978002 -0.0308847 0.126814 -0.00398288 0.00494465 0.139744 -0.0227724 0.0756321 -0.0135849 0.0504892 0.000938336 -0.00318968 -0.00492778 -0.0224336 -0.0125748 0.00221582 -0.00903911 -0.0245986 -0.0291367 -0.0463715 -0.0155469 0.0135341 -0.0205904 -0.00793498 -0.00159058 0.00365733 0.00543749 -0.00458257 0.0554908 0.127904 -0.00483935 -0.01239 -0.0382636 0.000928514 -0.0014562 0.0159095 -0.019189 0.036224 -0.000655543 -0.01079 
0.00290339 0.0703439 0.0292095 0.0196212 0.0339829 -0.0814292 0.173726 0.0444977 0.0626671 0.00559406 -0.00104319 -0.0410874 0.0125948 -0.00144619 -0.00364103 -0.0103837 0.0059426 -0.0813563 -0.0113472 0.0183648 0.0242143 0.0690901 -0.0044718 0.0219905 0.0188442 0.0586318 0.0435456 -0.00539709 -0.00475464 -0.078962 0.000796716 -0.000549348 -0.00277898 -0.117599 -0.00917699 0.013432 0.00321112 0.00198154 -8.88811e-07 0.00904188 -0.00657296 0.0265503 0.000522851 -0.0531827 0.01742 -0.0128921 -0.0174021 0.00568915 0.00436212 0.1317 0.00685313 -0.000101399 0.00679125 0.0208777 -0.0494159 -0.0358765 0.01023 -0.00238758 0.0177003 0.00340868 -0.000529823 0.0480206 -0.0622285 -0.0115869 -0.0169004 -0.0798358 -0.021095 -0.0422194 -0.0130424 -0.0506716 -0.00758417 0.00409629 -0.00584519 -0.0173477 -0.00907897 -0.00132862 -0.00955599 -0.00575489 0.0458848 0.0798432 0.0193453 -0.0133844 -0.012629 -0.00511168 0.00534224 -0.00423181 -0.0696107 -0.00149894 -0.0350618 -0.0862602 0.00124431 -0.0045613 0.0182236 -0.00101543 -0.0136334 0.0310046 -0.0133176 -0.0162453 9.39947e-05 0.0149907 
0.00070215 -0.00908694 0.0148989 0.034708 0.0123028 0.0173419 0.0444977 0.24956 0.0979379 -0.00173452 -0.00392012 -0.0128207 -0.00578021 -0.00196223 -0.0221998 -0.0234622 -0.0106321 -0.00437436 -0.0147274 0.0101316 -0.00120463 0.0903255 -0.0035674 0.0990155 0.0365319 0.036908 0.00877173 0.00464171 -0.00216298 0.0177179 -0.0432169 -0.00614625 -0.00452923 -0.0774722 -0.0229731 0.0641063 -0.0226821 -0.0195194 -0.00569026 -0.0262136 -0.014791 -0.013613 -0.00182456 -0.0566557 -0.0127403 -0.0559259 -0.0412796 -0.0333149 -0.0427959 0.0769311 -0.00723318 -0.00167373 -0.0250766 0.0628392 -0.0147205 -0.0209821 -0.00755114 -0.00555476 -0.0295425 0.00404124 -0.00254938 0.0320118 0.00331812 -0.0259168 -0.0144067 0.0331721 -0.038075 -0.0224163 -0.0255542 0.00713169 -0.015369 -0.00147598 -0.0118105 -0.0279337 -0.0157425 0.00102974 -0.0216229 -0.0178031 0.0462957 0.0387932 -0.00112225 -0.0236092 -0.0232482 -0.0107915 -0.00213483 -0.00506152 -0.0340466 -0.00532508 -0.0262407 0.0183564 -0.00330841 -0.0116592 -0.0381327 -0.00623316 -0.0156751 0.0636525 -0.0413847 -0.00161926 -0.000474304 -0.00557496 
-0.000129903 0.00128062 0.0193659 -0.00480402 0.022449 0.00348603 0.0626671 0.0979379 0.248747 0.00309406 -0.0011386 0.00781314 -0.00681866 -0.00282497 -0.00768794 -0.0087263 -0.0108882 -0.0463896 -0.018489 0.0144764 -0.00742469 0.108685 -0.00440963 0.0622266 0.0302892 0.0544169 0.00444917 -0.0130857 0.00206128 -0.00479329 -0.0350392 0.00079309 -0.00112381 -0.108317 -0.0226597 0.100564 -0.0188146 -0.00800675 -0.0064413 -0.0210937 -0.0122707 0.0100423 0.00120852 -0.0620643 -0.0157097 -0.0298119 -0.0347929 -0.0217536 -0.0407378 0.0845297 -0.00773497 -0.00205541 -0.0129638 0.0622276 -0.0837583 -0.0515406 -0.00750864 -0.00492524 -0.00981173 0.00291233 -0.000113823 0.0475997 -0.0368171 -0.0303711 -0.0124583 0.0312098 -0.0388861 -0.059576 -0.0271672 -0.0178479 -0.0112231 -0.000878236 -0.00865026 -0.0329541 -0.0123523 0.000187387 -0.0372628 -0.0197107 0.0589092 0.0529341 0.00886116 0.00716238 -0.0248363 -0.010433 -0.000615937 0.00583295 -0.0703479 -0.00527091 -0.0315893 0.0196429 -0.00433944 -0.00834536 0.00937787 -0.00545834 -0.0177508 0.0919141 -0.0313278 -0.0130767 -0.000767162 -0.0123803 
0.00139893 0.00413471 -0.00221772 -0.00328447 0.000494795 0.00213208 0.00559406 -0.00173452 0.00309406 0.0407718 0.000346366 -0.0114945 0.00112802 0.000152464 -0.00127981 -0.00106359 0.00102732 0.000609119 -0.00013618 0.00176119 0.000479927 -0.00537905 -0.000735182 0.00152951 -0.00232624 -0.000477722 -0.0016052 0.000260574 -0.000471543 0.000537994 -0.000481024 -0.000536873 -0.000112451 -0.00210189 -0.000880249 -0.00299796 -0.00206902 -0.00158407 0.000368532 -0.0021926 0.000879287 -0.00864731 -0.000193224 0.00725784 -0.00111729 -0.00363453 -0.000505683 0.00493079 0.000764532 0.00173585 -0.00106323 -0.000396603 -0.0018643 -0.000196805 0.00248118 -0.00548375 -0.000625871 5.65384e-05 0.00206325 0.000914532 3.23945e-05 0.00549754 0.000284127 -0.00032891 0.000830069 0.00135072 0.00118815 0.00645036 -0.00182624 -0.0047366 -0.00133482 0.000418566 -0.000532777 0.000276538 -0.000850714 0.000100281 -0.0012414 -0.00146569 -0.00204235 0.00988176 0.00103472 -0.00232568 -0.0015752 -0.0006903 -0.000592763 -0.00120528 -0.00220825 -0.000408071 -0.000259845 -0.00346009 0.00194333 -0.000204414 -0.00398057 0.00024146 -0.0010297 -0.0121106 -0.00279924 0.000882543 -3.62507e-05 -0.00118157 
-6.15136e-05 0.00668861 2.77613e-05 -0.00115541 -0.000283766 -0.00783675 -0.00104319 -0.00392012 -0.0011386 0.000346366 0.0198338 0.00725208 0.000468362 -0.000136593 6.543e-06 0.000146822 0.006774 -0.006022 -0.000880018 -0.00059177 -1.6568e-05 -0.00179016 -0.000339315 -0.00510323 -0.00154599 0.00548072 0.00125422 -0.000725133 -0.000268684 -0.00799625 0.00769175 0.000440564 0.000305628 0.00140984 -0.00141893 -0.00245063 0.00107185 0.00199545 0.000682063 0.00197226 -0.000349772 -0.00239277 8.44507e-05 -0.00360777 -0.000329647 -0.00124462 0.000767664 0.00551168 0.00812784 -0.00205049 0.000448085 0.000188692 0.00462416 -0.00904845 -0.00381914 0.000472523 0.000318396 0.00144153 0.00617428 -7.35463e-05 0.000418103 -0.00136378 -0.00580283 -0.000791975 -0.000218436 -0.00614394 0.00255878 -0.00364292 -0.000344419 -0.00157019 0.000688469 -0.00011417 0.00120907 0.000579112 0.00109403 -4.19306e-05 -0.00223501 0.00275915 -0.000720013 -0.000670042 -0.000567354 -1.71563e-05 0.000191393 0.000261893 -0.000359946 -0.000231915 -0.0029956 0.000846189 -0.0028604 -0.00742067 -0.000305518 0.000432833 0.00592916 -0.000196731 0.00215166 -0.00393667 -0.00210907 0.000241244 -3.76011e-05 0.000970067 
-0.00264475 0.0221708 -0.0093716 0.00399987 -0.0125097 -0.0349472 -0.0410874 -0.0128207 0.00781314 -0.0114945 0.00725208 0.249605 -0.00558397 -0.00141996 -0.00293243 -0.00509488 0.00704386 -0.0107065 -0.00377536 -0.00346436 -0.0154392 -0.00314556 -0.00476627 -0.0182828 -0.0362065 0.038997 -0.0110353 0.00109045 0.000364777 0.00994085 0.0341212 0.00297766 0.0163532 0.0656309 -0.0327208 0.0187425 0.0292181 0.015451 0.000381148 0.00746779 -0.00828674 -0.0195905 -2.00837e-05 -0.0488128 -0.0101968 0.015959 -0.0312185 0.0223683 0.0352646 -0.0325292 0.0105904 0.00293885 0.023258 0.00150147 -0.0306243 0.0313784 0.000258298 0.00114972 0.0330472 0.000829118 0.000781604 -0.032377 -0.0295146 -0.0260798 0.0133053 -0.020154 -0.0179238 -0.06127 -0.0195028 -0.0211687 -0.00221281 -0.00230965 0.00531862 -0.0234587 -0.0082847 -0.00162906 -0.0230299 0.0169057 -0.0271346 -0.0185121 -0.00818138 0.0304043 -0.0151342 0.00277305 -0.00783003 0.00623298 -0.00264368 0.00443768 -0.0306768 0.0260984 -0.00499424 0.00485658 0.0440122 -0.00266747 -0.00331803 0.0129103 -0.0244938 0.0161602 -0.000915552 -0.00521595 
-2.87839e-05 -0.000446581 -0.00149906 0.00182525 0.00235748 -0.00921691 0.0125948 -0.00578021 -0.00681866 0.00112802 0.000468362 -0.00558397 0.0288862 -0.000173792 -0.00151486 0.000313208 0.00642422 -0.0085876 -0.000961893 0.00129232 0.0149341 0.00497939 -0.000445318 -0.0103586 -0.00224469 -0.00435394 0.00866219 -0.00121472 -0.000384682 -0.00895093 -0.000726651 -0.000435179 -0.00152065 -0.00991113 0.00229715 -0.00543565 -0.00199175 -0.000210662 0.000448791 0.010777 -0.000198585 0.00198152 9.89786e-05 -0.00401063 0.0130939 0.0100383 0.00257673 0.000551783 -0.00126812 0.0126834 -0.000730235 0.00104488 0.0023035 -0.0116896 -0.00415203 -0.0067937 0.0104477 -0.000234069 0.000834494 0.000956945 -0.000156474 0.00049245 -0.00701045 2.76919e-05 -0.00173216 -0.00887167 0.000795885 -0.00316162 -0.00108634 0.000612777 -0.000908349 0.0021829 -0.000139314 0.00111526 -9.69558e-05 -0.000140308 -0.00300236 -0.00105353 0.000142704 -0.000888278 0.00151651 -0.000465981 -0.000249931 -7.01317e-06 -7.69017e-05 -0.000803378 -0.00663436 -4.72706e-05 -0.00395329 -0.0132057 -0.000220012 -3.79717e-05 -0.00148706 -5.83804e-05 -0.000880182 0.00451534 -0.000676361 -0.000779229 4.92782e-05 0.0102533 
0.000104066 0.00292607 0.000364061 -0.00126632 -0.000541209 -0.00238474 -0.00144619 -0.00196223 -0.00282497 0.000152464 -0.000136593 -0.00141996 -0.000173792 0.01205 0.00102035 0.000333567 -0.000161902 -0.00037365 0.0015258 0.0002731 0.000425783 -0.00416938 0.000164607 -0.00134873 0.00244403 0.00210526 0.00063083 0.000945546 0.000121907 -0.00243782 0.000232908 5.23129e-06 0.00297812 -0.00312423 -0.00086443 -0.0020656 0.000762528 -0.000333411 0.000148889 -0.00045824 -0.000475153 -0.00124019 0.000106593 -0.00155154 0.000311975 -0.00118791 -0.000979991 0.00266002 0.00322953 -0.00158533 3.0714e-05 -8.09933e-05 -5.7218e-05 -0.00248133 0.00281253 0.00411253 -0.000305593 0.000168256 0.00173685 0.000832708 0.000275362 -0.000402612 0.002662 5.33844e-05 0.000460902 -0.00311481 -0.00055652 0.00148328 0.000124478 -0.00367396 -0.000337974 0.000477676 0.000272842 -0.00103794 -0.000448388 -1.84456e-05 -0.000624791 0.000921796 0.000885901 -0.000881067 0.00011999 -0.000917064 -0.000705009 0.000850276 -0.000134299 -0.00020662 -0.00191967 1.28569e-05 0.00185455 -0.00175088 0.00150372 0.000183005 0.00109254 0.000328168 -0.00060761 -0.00453746 0.00115866 -0.000859266 -1.76219e-05 -0.000247603 
0.000102835 0.00610254 -0.000720134 -0.00322596 -0.00284076 -0.0194681 -0.00364103 -0.0221998 -0.00768794 -0.00127981 6.543e-06 -0.00293243 -0.00151486 0.00102035 0.0647362 -0.00328054 -0.00130629 -0.022662 -0.00200613 3.34169e-05 -0.00182199 -0.00872389 -0.000337511 -0.015771 0.00105391 0.0104735 -0.000225506 -0.000504123 -0.00148769 -0.0163053 0.0112595 -0.000131286 0.000738069 -0.00472734 0.00415784 -0.00446019 0.00917467 -0.000834783 0.000655155 -1.75938e-05 0.0132295 0.0108206 0.000485371 -0.000913505 -0.000372269 -0.00703767 0.0181481 0.00579042 0.00583467 -0.0104327 -0.000336275 -0.00036064 0.00780672 -0.0257221 -0.00993861 0.0171877 3.16316e-05 -3.27229e-05 0.0112233 -0.00124405 -0.000469728 -0.00435348 -0.0162186 0.0192381 -0.00505026 -0.0216361 0.0122254 -0.00874066 0.0182888 0.00337809 0.000686968 0.000121825 -0.000834306 0.0103238 -0.000295387 -0.000393033 0.0214242 0.00924825 -0.00179932 -0.00366043 0.00113878 -0.00320406 0.0117378 -0.000413398 -0.00137071 -0.00134929 0.00787958 -0.000414591 -0.00784786 -0.024452 0.000871483 -0.0015246 0.0122649 -0.000214455 0.000142962 -0.017381 0.00608201 -0.00536567 0.000104128 -0.00173623 
-7.60204e-05 -0.0059001 -0.00445528 -0.00666114 -0.00255518 0.0101128 -0.0103837 -0.0234622 -0.0087263 -0.00106359 0.000146822 -0.00509488 0.000313208 0.000333567 -0.00328054 0.0575438 0.0021402 0.0236116 0.00128386 -0.00155227 -0.00168839 -0.0136029 -9.27778e-05 -0.00816457 -0.00408964 -0.0140575 -0.00016291 -0.00273108 0.00427519 0.0123838 0.00195045 0.00104319 0.00635587 0.00843656 0.00344688 -0.0129536 -0.00245817 0.000927204 0.000575978 0.00158038 -0.00250757 -0.00805405 -0.000292931 0.0018012 0.00197846 0.0131604 -0.00559795 0.000182633 -0.0013083 -0.0137068 0.00234496 0.000269687 -0.000394353 -0.0174083 0.0105959 -0.0102076 -0.000184966 0.00148131 -0.00388835 -0.00107588 0.00040592 -0.00389808 0.0090899 -0.00336551 0.00495051 -0.0025917 -0.00408913 0.00717014 -0.00274199 -0.00503043 0.00395909 -0.000453869 0.00804021 -0.00302213 -0.00213341 -0.000275498 -0.00775903 -0.000708489 -0.00253631 -0.00696959 -0.000845387 0.00934228 -0.003211 0.000200595 -0.000797658 -0.000224977 -0.00316158 -0.000236262 0.00744289 0.00735445 -0.000746359 -0.000950591 0.00803648 0.000998756 0.00625185 0.00633997 0.00677671 -0.00112232 -0.000102143 0.000177591 
1.37996e-05 0.00481916 -0.000984737 0.00133783 0.000546053 -0.016409 0.0059426 -0.0106321 -0.0108882 0.00102732 0.006774 0.00704386 0.00642422 -0.000161902 -0.00130629 0.0021402 0.041089 -0.0149133 -0.00204413 -0.00115468 0.00652002 -0.0028107 -0.00088848 -0.0151924 -0.00485898 0.00586469 0.00686701 -0.00151591 -0.000344635 -0.0144816 0.0126133 -0.000272663 0.000616149 -0.00134684 0.000846939 -0.0057835 0.00257023 0.00560019 0.00514829 0.00968117 -0.000402162 0.00211102 -8.4575e-05 -0.00849762 0.0102838 0.00753317 0.00157939 0.00924182 0.00979748 0.00226299 7.84118e-05 0.00102828 0.0142441 -0.0185905 -0.00946466 -0.00424734 0.00989271 0.00257809 0.00979292 -0.00054617 0.000170886 -0.00245789 -0.0139182 -0.00135322 -0.00250228 -0.0160659 0.0047032 -0.00778444 -0.000790141 -0.00476184 -0.000387654 0.000681095 0.00128913 0.000156787 -0.000191846 -0.0001712 -0.00128419 0.00299471 -0.00527837 -0.00337102 0.000777872 0.000161304 0.000252138 -1.95922e-05 -0.000894973 -0.000867317 -0.0034281 0.00172347 -0.00696854 -0.0178401 -0.000121514 -0.000131052 0.0054755 5.46109e-05 -0.000317333 -0.00299002 -6.02151e-05 -0.00339109 0.000149493 0.0126705 
-0.00151802 -0.0740405 -0.0300951 -0.00176975 -0.020111 0.144661 -0.0813563 -0.00437436 -0.0463896 0.000609119 -0.006022 -0.0107065 -0.0085876 -0.00037365 -0.022662 0.0236116 -0.0149133 0.240826 0.0225953 -0.012146 -0.0126461 -0.0385127 -0.00593383 0.000423352 -0.00534069 -0.118569 -0.0286865 -0.0049903 0.0121659 0.0996346 -0.0332873 0.000546572 -0.00779644 0.0815915 -0.0237849 -0.0592089 -0.0226012 -0.00318185 -0.00400836 -0.0149342 -0.016504 -0.0669044 -0.0023268 0.0530982 -0.0132531 0.00541244 -0.0405746 -0.0327442 -0.0285653 -0.0899721 -0.0155457 -0.000731137 -0.0175084 0.0786979 0.123014 -0.0438098 -0.00997286 0.00181363 -0.0492744 -0.0075122 -0.000933356 -0.0364666 0.141321 -0.013603 0.0203536 0.0918563 -0.0332684 0.0798887 -0.0152807 0.0289928 0.00594751 -0.0027674 0.000120943 -0.0207713 -0.0104858 0.00132854 -0.0242168 -0.0217616 -0.0287032 -0.0497602 -0.0147341 0.0221454 -0.0207182 -0.00140629 0.0007145 0.00867708 0.0157165 -0.0032823 0.0967803 0.116194 -0.00545886 -0.00668634 -0.0514907 0.00213401 0.0153032 -0.0189995 -0.0273136 0.0364781 -0.00066968 -0.0101296 
0.000631929 -0.00927938 -0.00288526 -0.0067967 -0.0025584 0.0139418 -0.0113472 -0.0147274 -0.018489 -0.00013618 -0.000880018 -0.00377536 -0.000961893 0.0015258 -0.00200613 0.00128386 -0.00204413 0.0225953 0.0515419 -0.00196533 -0.00200979 -0.0216736 -0.000861317 -0.0125318 -0.0016022 -0.0162796 -0.00459222 6.60502e-05 0.000242844 -0.00600746 -0.00496558 -0.000270191 -0.00199781 0.0148433 -0.00339013 -0.0134218 -0.00228955 -0.00235049 -1.06481e-05 -0.00371421 -0.000561629 -0.00983994 -4.74058e-05 0.0200781 -0.00103859 -0.000966826 -0.00169347 -0.00384307 0.00886085 -0.012296 -0.00229639 -0.000462835 -0.00270099 0.0041441 0.0233492 -0.00372746 -0.001385 -0.000573266 -0.00489802 -0.000265684 -0.000209034 -0.00473787 0.0222157 0.000739444 0.0171369 0.00851509 -0.00276918 0.0220088 -0.00189509 0.00732737 0.00101876 -0.000416451 0.00137556 -0.00133247 0.000567138 1.56562e-05 -0.00538935 -0.00285503 -0.00272475 -0.00675184 -0.00105239 -0.00144919 -0.000436503 -0.000101409 0.00287849 -0.00115377 -0.00496451 -0.000378782 0.0177757 0.0166013 -0.000446037 -0.00116462 -0.0107314 0.00189449 0.00756434 -0.0177069 -0.00510911 0.00713163 3.90573e-05 -0.00171723 
0.000449021 0.00431726 1.30072e-05 8.1576e-05 0.00288774 -0.0126929 0.0183648 0.0101316 0.0144764 0.00176119 -0.00059177 -0.00346436 0.00129232 0.0002731 3.34169e-05 -0.00155227 -0.00115468 -0.012146 -0.00196533 0.0354216 0.00087451 0.0121632 -0.000408651 3.90184e-05 0.00732982 0.0118164 0.000667945 -0.00104107 -0.000320744 -0.0109512 -0.00311756 0.0012011 0.000246009 -0.0212619 -0.00222185 0.0118105 0.0011019 -0.00135133 -0.000439347 0.000404752 -0.00121089 0.00160366 0.000728276 -0.00820628 -0.000792148 -0.0037565 -0.00278702 -0.00261356 -0.00180259 0.0207859 -0.000175023 0.000129621 -0.0022988 0.00148063 -0.00799391 -0.00542493 0.000582151 -0.000134514 0.00392829 0.00130048 -0.00014965 0.0154586 -0.0123539 -0.00225635 -0.00214102 -0.00815371 -0.00361091 -0.00675732 -0.00190523 -0.0145615 -0.00121648 0.000360602 -0.000722759 -0.00279126 -0.00157168 -0.000214118 -0.00374801 -0.00156537 0.0140966 0.0114445 -0.000411255 -0.00218453 -0.00208469 0.000642867 -0.000725564 -0.000741583 -0.00990633 -0.000399445 -0.00383592 -0.0123265 -0.000155483 -0.00043823 0.000710365 -0.000420465 -0.00206752 0.00774503 -0.00293915 -0.00318602 0.000174987 -0.000911674 
-5.59748e-05 -0.00222418 -0.000712071 0.0115078 0.00119701 -0.014122 0.0242143 -0.00120463 -0.00742469 0.000479927 -1.6568e-05 -0.0154392 0.0149341 0.000425783 -0.00182199 -0.00168839 0.00652002 -0.0126461 -0.00200979 0.00087451 0.0439372 0.0110848 -0.000114468 -0.00803498 -0.00137232 -0.00644123 0.0205261 -0.00180229 -0.000909335 -0.015369 -0.00473031 -0.000461807 -0.000256661 -0.0213398 0.00269103 -0.00993956 -0.00320363 -0.000320276 0.000407012 0.00992681 -0.000710373 0.00701176 -8.04992e-05 -0.00819779 0.0211882 0.0102015 0.0041344 -0.00226146 -0.00600978 0.0254891 -0.000463055 0.000570149 0.00232791 -0.00846021 -0.00978517 -0.0133173 0.0108948 -0.00073436 -0.00345299 0.00179606 -0.00030656 -0.000774741 -0.0018726 0.00212714 -0.00351626 -0.0145688 -0.00106556 -0.0065689 -0.000557293 0.00426486 -0.00127834 0.00394761 -0.000856079 4.41602e-05 -0.000396158 -0.000168455 0.00407267 -0.00263057 -0.000254452 -0.000564211 0.000901578 -0.000162034 -0.000297042 -0.000776511 0.00277833 -0.000969282 -0.0105502 -0.000551054 -0.00608089 -0.0206 0.00184247 -0.000917256 -0.00913167 0.00027413 -0.00190269 0.00866798 0.00102193 -0.00267854 0.000297464 0.01455 
-0.000502456 -0.00583214 0.0216684 0.0342054 0.0194161 -0.0180868 0.0690901 0.0903255 0.108685 -0.00537905 -0.00179016 -0.00314556 0.00497939 -0.00416938 -0.00872389 -0.0136029 -0.0028107 -0.0385127 -0.0216736 0.0121632 0.0110848 0.249998 -0.00195225 0.0670867 0.022439 0.0193363 0.0299504 -0.00679695 -0.00141603 -0.028742 -0.0293565 0.00135553 -0.000551731 -0.11671 -0.0207666 0.104083 -0.00996632 -0.00114183 -0.00391813 0.00731796 -0.0102954 0.0456111 0.00151068 -0.0655863 0.00985544 -0.0267411 -0.0372861 -0.0345122 -0.0495859 0.102087 -0.00748957 0.00410822 0.00289635 0.0674078 -0.0873133 -0.0637472 0.00872156 -0.00269491 -0.0223685 0.0023116 -0.00236491 0.0442851 -0.0436227 -0.0134398 -0.00815669 -0.019632 -0.0444543 -0.0621617 -0.0148424 -0.0221984 -0.00531016 -0.000268873 -0.0131752 -0.0322916 -0.0200468 -0.00241595 -0.0105168 -0.023127 0.074802 0.043758 0.00558569 -0.00544482 -0.0267009 -0.00909663 0.00337227 -0.00356759 -0.0943663 -0.00299365 -0.0284869 -0.00835892 -0.00232537 -0.00871953 -0.0211573 -0.00715335 -0.025198 0.0694909 -0.0279532 -0.00575451 -0.000105947 0.00958723 
-0.000173228 -0.00227452 0.00254754 -0.00265329 -0.000560855 -0.00690797 -0.0044718 -0.0035674 -0.00440963 -0.000735182 -0.000339315 -0.00476627 -0.000445318 0.000164607 -0.000337511 -9.27778e-05 -0.00088848 -0.00593383 -0.000861317 -0.000408651 -0.000114468 -0.00195225 0.0226758 -0.00897282 0.00386974 0.000551073 -0.00149776 0.00399638 -0.000148357 -0.0083008 -0.00191854 -6.71049e-05 -0.000489286 -0.00123007 0.0108836 0.00420352 -0.000654489 -0.00100454 0.000460354 -0.000863263 0.001635 0.000856822 0.000317541 0.00518149 -0.000147488 0.00413567 0.00859711 -0.000227533 -0.00301459 -0.00272941 -0.000899849 -0.000124993 -0.00112862 -0.0100195 -0.00352905 0.0055424 -0.000364052 -1.34162e-05 -0.00160955 0.000577168 -1.14781e-05 0.00281411 -0.00706806 2.53232e-05 -0.00114823 0.000123498 0.00357898 -0.000462682 0.00241801 -0.00205481 -0.000622291 0.000732941 -7.82271e-05 0.00934273 0.00717459 -0.000149767 -0.00230417 0.00108546 0.0026593 -0.00266311 -0.000643059 -0.000600438 0.00165063 0.00337948 -0.000553544 2.91213e-05 0.00426759 -0.0002575 -0.00254445 -0.0050875 -3.60552e-05 0.00435589 -0.00432316 0.00094465 -0.000606178 -0.00489747 0.00893041 -0.00219903 8.07521e-05 -0.000628804 
0.000450638 0.00733356 -0.00717665 0.0197174 0.00761963 0.0165846 0.0219905 0.0990155 0.0622266 0.00152951 -0.00510323 -0.0182828 -0.0103586 -0.00134873 -0.015771 -0.00816457 -0.0151924 0.000423352 -0.0125318 3.90184e-05 -0.00803498 0.0670867 -0.00897282 0.244455 0.00821577 0.0328216 0.0156599 -0.0067633 -0.00331775 0.0243803 -0.0238223 -0.00505498 0.0139922 -0.0505592 -0.0294519 0.0287641 -0.0205926 -0.0152329 -0.00330478 -0.0265973 -0.014445 -0.0275592 -0.00166809 -0.0324688 -0.0115045 -0.0545482 -0.0420569 -0.0125138 -0.0242034 0.0247543 -0.000449802 -0.00305007 -0.0236433 0.0558552 0.00529701 0.0160477 -0.00978774 -0.00174553 -0.0330973 0.00380131 0.000219162 0.00556762 0.0546647 -0.0230215 0.000875787 -0.00050271 -0.0297949 -0.000618577 -0.0180059 -0.046418 -0.0103536 -0.00272476 -0.00928803 -0.0354831 -0.0171568 0.000973131 -0.0140139 -0.00726328 0.00220314 0.0216018 -0.00463589 -0.0316755 -0.0239446 -0.00878948 0.00700169 -0.00502076 -0.0160752 -0.00153576 0.016706 0.054984 -0.000424122 -0.00677281 0.00201 -0.00500635 -0.00515527 0.0134365 -0.0189935 -0.0166813 -0.000859708 -0.00971338 
0.00087789 -0.000183946 0.0152435 -0.0110544 0.0131 -0.00612416 0.0188442 0.0365319 0.0302892 -0.00232624 -0.00154599 -0.0362065 -0.00224469 0.00244403 0.00105391 -0.00408964 -0.00485898 -0.00534069 -0.0016022 0.00732982 -0.00137232 0.022439 0.00386974 0.00821577 0.106509 0.0201546 -0.00212245 0.000236917 -0.00210101 -0.0334106 -0.0111147 -0.00147367 0.00235561 -0.0527736 -0.00182648 0.0272915 -0.00868509 -0.00553105 -0.00173857 -0.00639761 -0.00384633 0.00708769 0.000156611 0.000851747 -0.0047344 -0.0181279 -0.00842599 -0.00863009 -0.0125265 0.0282954 -0.00124614 -0.00106588 -0.00660951 0.0171647 0.0037413 0.00465254 -0.00280452 0.00132995 -0.00588939 -0.000180576 0.000217265 0.0308541 0.00154219 -0.0038215 -0.0077336 -0.00127287 -0.00950965 0.00362166 -0.00626887 -0.0209306 -0.00402226 -0.000800521 -0.00273926 -0.00931641 -0.00481534 4.28383e-05 -0.00550015 -0.00200149 0.0318433 0.00552844 -0.00359756 -0.00966838 -0.0057313 -0.00146189 -0.00208934 0.00406755 -0.028175 -0.00121851 0.0148005 -0.0144601 -0.00151692 -0.00375358 -0.0168395 -0.00106656 -0.00695768 0.00123568 -0.00889521 -0.00800638 -0.000243135 -0.00319488 
0.000137793 0.077838 0.0263809 -0.0156366 0.0180067 -0.0991456 0.0586318 0.036908 0.0544169 -0.000477722 0.00548072 0.038997 -0.00435394 0.00210526 0.0104735 -0.0140575 0.00586469 -0.118569 -0.0162796 0.0118164 -0.00644123 0.0193363 0.000551073 0.0328216 0.0201546 0.231505 -0.000860284 0.0100521 -0.00742014 -0.0508718 0.0449297 -0.00211605 0.0136673 -0.0661431 -0.00856513 0.0420878 0.0238969 0.000229639 0.000956259 -0.00496649 -0.003432 0.0241744 0.000850484 -0.0760537 -0.0117552 -0.0448968 -0.0147021 0.0413974 0.05279 0.0638665 0.0182325 -0.0024903 0.00685077 -0.0340644 -0.0692459 0.0509149 -0.00508637 0.000662095 0.0628805 -0.000604246 0.000599265 0.0455786 -0.0822242 -0.0137295 -0.0186194 -0.0677519 0.00297755 -0.0560443 -0.0183314 -0.0471203 -0.0108983 -0.00119288 0.00206778 -0.0194531 -0.0124255 -0.00201451 -0.0030219 0.0286044 0.0226691 0.0315833 0.00502908 -0.0249898 -0.0118128 -0.00337275 -0.00482706 -0.0109917 -0.0320667 0.00367964 -0.0574047 -0.0617455 -0.0012205 -0.00325447 0.0575662 -0.00297597 -0.0196094 0.00971786 -0.0225606 -0.0256936 -0.000577552 -0.00577307 
0.000611172 0.0189922 0.00920443 0.0251611 0.0103458 -0.0346135 0.0435456 0.00877173 0.00444917 -0.0016052 0.00125422 -0.0110353 0.00866219 0.00063083 -0.000225506 -0.00016291 0.00686701 -0.0286865 -0.00459222 0.000667945 0.0205261 0.0299504 -0.00149776 0.0156599 -0.00212245 -0.000860284 0.0794312 -0.00326874 -6.31715e-05 -0.0287198 0.000964559 -0.000896263 0.00151058 -0.0425443 -0.00302693 -0.00741465 -0.00132735 0.00200096 0.00174013 0.00781423 -0.00311893 0.00801126 -0.000467562 -0.0206404 0.0203087 0.000378266 -0.00620142 0.00486728 -0.00347583 0.0422289 0.00412842 0.00211759 0.00479292 -0.010798 -0.0203621 -0.0215905 0.00948308 4.62045e-05 -0.00580702 0.00204808 -0.00032231 0.00388985 -0.0182522 -0.0013428 -0.00657495 -0.033833 -0.00636862 -0.0170481 -0.0029368 -0.0159552 -0.00261681 0.00233644 -0.00206513 -0.00711129 -0.00377461 -0.000537455 0.00348244 -0.000154389 0.0152886 0.0119458 0.0021418 -0.00521117 -0.00503998 -0.00144869 0.00428558 -0.00263379 -0.0240135 -0.000275782 -0.0114862 -0.0369734 0.00252968 -0.00129657 0.0125786 -0.00076304 -0.00503697 0.013368 0.00133149 -0.00771856 0.000451184 0.0151143 
0.000213544 0.00597802 0.00488188 -0.00182595 -0.000947265 -0.00614428 -0.00539709 0.00464171 -0.0130857 0.000260574 -0.000725133 0.00109045 -0.00121472 0.000945546 -0.000504123 -0.00273108 -0.00151591 -0.0049903 6.60502e-05 -0.00104107 -0.00180229 -0.00679695 0.00399638 -0.0067633 0.000236917 0.0100521 -0.00326874 0.0463672 -0.000539897 -0.00146217 -2.90178e-05 -4.64172e-05 -0.00298939 0.00618108 0.00306266 -0.00147384 0.00702927 -0.00175999 -0.000265552 -0.00166184 0.0004558 -0.00138733 -0.000276137 -0.00351947 -0.00197158 -0.00720003 0.00197114 0.000730025 0.00504572 -0.00402761 0.000758781 0.000108665 0.000102602 -0.00901218 0.0038408 0.00757577 -0.000698307 -0.000334812 0.000548234 -0.000534784 -0.000157408 -0.00237435 -0.00876058 0.00238473 -0.000603279 0.00367083 0.00469842 -0.000951421 0.000139136 0.00247446 -0.00010144 -0.000317925 0.00161433 0.0049284 -0.000236061 0.000124147 0.00141483 0.00471426 -0.00286948 -0.000697382 -0.000839776 -0.00350308 -0.000656841 2.26751e-05 -0.000894902 -0.00179446 0.00765261 -0.000441938 -0.00331995 -0.00568175 0.000944218 -0.00124409 -0.00345166 0.000816067 -0.00121572 -0.0138119 0.00077157 -0.000229538 0.000162135 -0.000574575 
-0.000190202 -0.00528608 -0.000308691 -0.00294125 -0.000812192 0.0068376 -0.00475464 -0.00216298 0.00206128 -0.000471543 -0.000268684 0.000364777 -0.000384682 0.000121907 -0.00148769 0.00427519 -0.000344635 0.0121659 0.000242844 -0.000320744 -0.000909335 -0.00141603 -0.000148357 -0.00331775 -0.00210101 -0.00742014 -6.31715e-05 -0.000539897 0.0279722 0.01095 -0.0018762 0.00116256 -0.000557147 0.00259188 -0.00138084 -0.0032866 -0.00207475 -0.000381248 -0.000189713 0.000413962 -0.00114688 -0.00547776 -0.000102937 -0.00429449 -0.000761801 0.001804 -0.00285093 -0.00202385 -0.00297139 -0.00517792 -0.000894182 -0.000129395 -0.00166299 -0.00199603 0.000444015 -0.00829094 -0.000652399 -0.000248531 -0.00337381 -0.000465452 -0.000183796 -0.00168787 0.00715319 -0.00203846 -0.000932404 0.00414537 -0.00243622 0.00200365 -0.00154158 0.00300876 0.0017642 -0.000156837 1.80876e-05 -0.00244597 -0.00105843 -0.00013631 -0.00179891 -0.00168577 0.000293009 -0.00303993 -0.00105527 0.00481797 -0.00160633 -0.000490652 -0.000483606 0.000677216 0.00571867 -0.00011841 0.00827706 0.00450842 -0.000288433 -0.000794085 -0.00425358 -0.000416377 0.00106764 0.00526985 -0.00294954 -0.000193778 -6.49687e-05 -0.000355809 
-0.00291903 -0.0744546 -0.0285063 0.000412051 -0.0210538 0.130632 -0.078962 0.0177179 -0.00479329 0.000537994 -0.00799625 0.00994085 -0.00895093 -0.00243782 -0.0163053 0.0123838 -0.0144816 0.0996346 -0.00600746 -0.0109512 -0.015369 -0.028742 -0.0083008 0.0243803 -0.0334106 -0.0508718 -0.0287198 -0.00146217 0.01095 0.248864 -0.0397144 -0.00499411 -0.0133805 0.084616 -0.0124814 -0.00411339 -0.0323797 -0.0131336 -0.00154705 -0.0246493 -0.0151873 -0.0380096 -0.00250997 0.0124976 -0.0144915 0.00370908 -0.021887 -0.0265405 -0.0424809 -0.0773519 -0.0119307 -0.00300499 -0.029076 0.0145252 0.0473 -0.0360499 -0.0106537 -0.0048875 -0.0516883 -0.00874273 -0.0018106 -0.045808 0.0834506 -0.00360312 0.00128686 0.105378 -0.0105088 0.0379977 -0.00865904 0.0600369 0.000354803 -0.00312308 -0.00164942 -0.0212412 -0.017699 0.00184849 0.00562041 -0.0169499 -0.0334785 -0.0363163 -0.0167112 0.0147109 -0.0155783 -0.010194 -0.00423578 -0.0035004 0.0544334 -0.00379299 0.0139774 0.101714 -5.97936e-05 -0.0133887 -0.00512458 -0.00259193 0.000451543 0.046956 0.00264685 0.0264551 -0.00107076 -0.0127432 
-0.000214326 0.0607812 -0.000916328 -0.0107784 -0.00422705 -0.0427822 0.000796716 -0.0432169 -0.0350392 -0.000481024 0.00769175 0.0341212 -0.000726651 0.000232908 0.0112595 0.00195045 0.0126133 -0.0332873 -0.00496558 -0.00311756 -0.00473031 -0.0293565 -0.00191854 -0.0238223 -0.0111147 0.0449297 0.000964559 -2.90178e-05 -0.0018762 -0.0397144 0.0960519 0.00227048 -0.00116864 0.0167503 -0.00758364 -0.0213436 0.0381091 0.0172137 0.00188396 0.0205578 -0.00131626 0.0109674 -0.000240372 -0.0250462 -0.00173754 -0.000344128 -0.0110918 0.0466403 0.068648 -0.0179396 0.0219996 0.00151398 0.0298387 -0.0249011 -0.00448441 0.0221256 -0.000595518 0.00825404 0.0645576 -0.00158383 0.00149553 -0.00544657 -0.036152 -0.00584354 -0.00151963 -0.0441183 -0.000125235 -0.0187662 -0.00305882 -0.0421836 -0.0016735 -0.000890649 0.00221579 -0.00783994 -0.00320708 -0.000531236 -0.00698299 0.0287371 -0.00507063 0.000618721 0.00408426 -0.00330147 -0.00507015 0.00447982 -0.00118393 0.000375327 -0.0242286 0.0091246 -0.0136666 -0.0429919 -0.00049247 0.00701942 0.0536057 0.000606384 -0.00549112 -0.0483368 -0.00819119 -0.00740836 0.000111256 0.000266082 
-9.93353e-05 0.00152576 -0.000735045 -0.000475546 -0.000570192 -0.00329354 -0.000549348 -0.00614625 0.00079309 -0.000536873 0.000440564 0.00297766 -0.000435179 5.23129e-06 -0.000131286 0.00104319 -0.000272663 0.000546572 -0.000270191 0.0012011 -0.000461807 0.00135553 -6.71049e-05 -0.00505498 -0.00147367 -0.00211605 -0.000896263 -4.64172e-05 0.00116256 -0.00499411 0.00227048 0.0161017 -0.00105177 0.000602968 -0.00078029 0.00245963 0.00580018 0.0021843 -0.000126109 0.00114326 -0.000548659 0.0027667 0.000543633 -0.00296955 -0.000469667 -0.000461848 -0.00161252 -0.000623904 -0.000757679 -0.000604881 0.00114288 0.000894994 0.00378664 0.00388831 -0.00395812 -0.00308968 -0.000324801 0.000514239 0.000919721 -0.000173166 -7.37893e-05 0.000162336 -0.00585406 -5.81601e-05 0.00277658 -0.00272734 -0.00114787 -0.00308682 0.000877359 -0.00226472 0.00364873 -9.27517e-05 0.000615693 -0.00103156 2.51276e-05 -6.3484e-05 -0.00208611 -0.000360436 0.00101267 0.0011868 -4.27509e-06 0.0022495 -0.000708032 5.63343e-05 -0.000370459 9.09696e-06 -0.00333078 -2.94862e-05 0.0012637 0.000150464 0.000820684 0.00213111 -0.0014503 -0.000187834 0.000578569 -0.00235668 -0.00162156 0.00159286 4.24788e-05 -0.000185932 
-0.000330609 0.00331609 -0.00486712 -0.00495449 -0.0016124 -0.0225305 -0.00277898 -0.00452923 -0.00112381 -0.000112451 0.000305628 0.0163532 -0.00152065 0.00297812 0.000738069 0.00635587 0.000616149 -0.00779644 -0.00199781 0.000246009 -0.000256661 -0.000551731 -0.000489286 0.0139922 0.00235561 0.0136673 0.00151058 -0.00298939 -0.000557147 -0.0133805 -0.00116864 -0.00105177 0.0724463 -0.00491586 -0.0013468 -0.00326009 -0.00248315 -0.00269342 0.00102377 -0.00107949 -0.00264497 -0.0111723 0.00109668 -0.00311384 0.00155883 0.00235458 -0.00295721 0.00870843 0.000148779 0.00122055 0.00241228 -0.00030652 -0.000954375 -0.0107128 -0.00832283 0.0278177 -0.00061111 0.000111731 2.04234e-05 0.00544093 -0.00022886 -0.00597261 0.00870288 -0.00363134 -0.000801699 -0.0229404 -0.000933299 -0.0088946 -0.00293443 -0.00812703 -0.000250373 0.000390972 0.000884867 -0.00581849 -0.00209962 -0.000459303 -0.00101931 -0.00073219 -0.00813529 -0.00445374 -0.00236873 -0.00107943 -0.00347905 0.00419896 -0.000909105 -0.000519826 0.0121658 -0.000116945 -0.00402901 0.00891235 0.00235169 -0.00088609 0.000331673 -0.00060642 -0.000348791 0.00176178 0.00229225 -0.00451095 4.74005e-06 -0.00133251 
-0.00153379 -0.0306599 -0.0330216 -0.0185894 -0.030933 0.0585157 -0.117599 -0.0774722 -0.108317 -0.00210189 0.00140984 0.0656309 -0.00991113 -0.00312423 -0.00472734 0.00843656 -0.00134684 0.0815915 0.0148433 -0.0212619 -0.0213398 -0.11671 -0.00123007 -0.0505592 -0.0527736 -0.0661431 -0.0425443 0.00618108 0.00259188 0.084616 0.0167503 0.000602968 -0.00491586 0.2306 0.00515583 -0.0493736 0.0031641 -0.00826294 0.00141822 -0.0102191 0.00601159 -0.0653044 -0.0018618 0.0642099 -0.0183631 0.026134 0.019138 0.0168833 0.0216629 -0.142515 -0.00306696 -0.0030819 -0.00400033 -0.0331219 0.0732889 0.0516193 -0.0111098 -0.00139199 0.00123125 -0.00468294 -1.70943e-05 -0.0624793 0.0395332 0.00809885 0.0230463 0.0504068 0.0289156 0.0458271 0.0145146 0.0401446 0.0112203 -0.00433849 0.0077159 0.0222358 0.0136858 7.05619e-05 0.00700726 0.0123257 -0.0691941 -0.0722958 -0.0176099 0.0165899 0.0163691 0.00511184 -0.00864459 -0.00383244 0.0946021 0.00135638 0.0254679 0.0727427 -0.00269262 0.00643677 -7.07052e-06 0.000969996 0.0207789 -0.0473538 0.0105295 0.0224719 -0.000771534 -0.0174549 
