0.161946 -0.00742674 0.0409525 0.0365846 -0.000182498 -0.00133952 0.0709603 -0.00696038 -0.00283284 0.00530066 -0.045723 0.0907656 -0.000208716 -0.018096 0.0382872 0.0459336 -0.0280196 0.0230385 0.0754641 0.00163588 -0.00143521 0.0342723 0.00418659 -0.00238195 -0.00166691 -0.0375354 -0.0222809 0.0328301 -0.00119263 -0.0950287 -0.0260088 -0.00252682 -0.00827987 -0.0010228 -0.000757964 -0.0160142 -0.000903847 -0.033383 -0.00828993 -0.0374846 0.00013723 0.0464206 -0.00872315 -0.00994381 0.00104287 -0.0046407 -0.0410597 -0.0358774 -0.00577801 0.0443686 0.004531 -0.0438104 -0.00520286 -0.0203564 -0.000742681 -0.0101516 0.000844046 0.000784291 0.0313522 -0.0260176 -0.0260274 -0.00230224 -0.000190032 0.0164942 -0.000842674 -0.000671029 0.000492489 -0.00103422 -0.0405602 -0.00184827 -0.0365285 -0.00470948 0.000333294 0.0106397 0.0163821 0.0167908 -0.00118027 -0.0183116 -0.00108173 -0.00250253 -0.00387152 -0.0547556 -0.00853631 -0.00438586 0.000873912 -0.00730569 -0.00442542 -0.009942 0.0351485 -0.0357088 -0.019847 -0.0636768 0.040026 0.011906 -0.00034844 0.00449315 0.0304068 0.00258974 -0.0155123 0.00717791 
-0.00742674 0.0436574 0.0049935 0.000277587 2.54535e-05 0.000855413 0.00119003 0.000578483 -0.00195914 -0.000208563 -0.00413604 -0.00611016 -0.000230837 -0.00319113 -0.00512449 -9.74911e-05 0.00497655 -0.00058549 -0.00432018 0.0001375 -0.0003839 -0.00174933 -0.00789863 -0.00114317 -0.000173811 -0.00451072 -0.00591248 0.00171496 -0.00195416 0.00234761 -0.00772183 0.00145572 -0.000630933 0.0015208 -7.04511e-05 -0.00154067 0.000441431 -0.00650016 0.000951533 -0.00648585 0.00287542 -0.00609049 0.000226635 -0.00341936 0.00130808 -0.000520409 0.0203753 -0.00687036 0.00394354 -4.37533e-05 -0.00470915 -0.0106541 -0.00130577 -0.006329 -0.000122123 -0.00102172 -0.000270019 -0.000266499 -0.00819339 0.00455925 0.00217238 -0.000301406 0.000991292 0.00121053 -0.00402565 0.000293963 -9.63854e-05 -0.000971818 -0.00150767 0.00699919 0.00650617 -0.000612566 0.000155863 -0.00102061 0.00550383 0.0113148 0.00164626 -0.00289141 -0.000367623 -0.000126986 0.00249355 -0.00676563 -0.001504 -0.000130094 -0.000272805 -0.00107861 -0.000121901 -0.000157348 -1.29611e-05 0.00972016 0.00809044 0.00376823 -0.00489284 -0.000900809 -4.18977e-05 0.00198475 -0.000983432 0.000936191 -0.00222016 -0.00131259 
0.0409525 0.0049935 0.127337 0.062271 0.000387812 0.00303957 0.00808987 -0.000977379 -0.0100681 0.000203057 -0.0523646 0.053942 0.000475808 -0.0120182 0.00493279 0.00523436 -0.0306633 -0.0037913 0.0279242 -0.00195482 -0.0010245 -0.00107051 -0.0279759 0.00239647 -0.00146944 -0.0351063 -0.0112334 0.0247168 -0.00598013 -0.0211934 -0.0126737 -0.00195396 -0.00882616 -9.73192e-05 0.000136477 -0.00574392 -0.000745276 -0.0461816 -0.00468361 -0.0213373 -0.000940372 0.0112673 -0.0518847 0.00409875 -0.00167914 -0.00360498 -0.0100994 0.0150905 -0.0047992 0.05311 -0.00965203 -0.0338584 -0.00553453 -0.0218319 -0.000335469 0.0179787 0.00046227 -0.000664237 0.00146954 0.0320553 -0.0137581 -0.00181696 0.00101889 0.0715058 -0.00507099 -0.000547308 0.00146169 0.0242273 -0.0200316 -0.0166593 -0.0371429 -0.00266517 -0.000157637 0.00340531 0.0374615 -0.0151704 -0.000126926 -0.0134095 -0.000663567 -0.00166824 -0.00238825 -0.0719232 -0.00706586 -0.00290377 -0.000752451 -0.00284927 0.000511446 0.0196623 0.0233183 0.0269598 -0.00655462 -0.0523541 0.0215269 0.0149691 -0.000145412 0.000130213 0.000116791 -0.000387008 -0.0110148 0.0024051 
0.0365846 0.000277587 0.062271 0.170253 0.000469572 0.0020632 0.00290971 0.00585243 -0.0135404 0.000138518 -0.0739241 0.0390083 0.000866732 -0.0126543 -0.0277256 -0.00518256 -0.0420453 -0.0216044 0.0118208 -0.00572117 0.00194497 0.00336177 -0.0248781 -0.00238045 -0.0013569 -0.0572502 0.0206274 0.0331474 -0.00594755 0.00289003 -0.00036896 -0.0025622 -0.0111686 -0.00114508 0.000592507 -0.00406723 -0.000915307 -0.0368927 -0.0104516 -0.035108 -0.00227859 0.0011398 -0.0422352 0.00956941 -0.00335518 -0.00250102 -0.0125896 0.0581474 -0.00469787 0.0508191 -0.0153269 -0.00111772 -0.00359815 -0.0288048 0.00133498 0.0264975 0.000311273 0.000133209 0.014181 0.0734288 -0.0171165 -0.00225082 -0.000729932 0.0769605 0.011201 -0.000808146 0.00266906 0.0376263 -0.00518615 -0.0207151 -0.0601956 -0.0117528 -8.01154e-07 -0.00609754 0.0118505 -0.0364703 -0.000554578 -0.00863254 -0.00153429 -0.00210288 -0.00351601 -0.0447814 -0.0084073 -0.00409973 -0.00199779 -0.00751324 0.012464 0.0183755 0.00902085 0.0514623 -0.0126766 -0.0716206 -0.0052702 0.00191149 -0.000305711 -0.000961994 0.00338098 0.000709702 -0.0178263 -0.00175335 
-0.000182498 2.54535e-05 0.000387812 0.000469572 0.00109464 4.46877e-05 -0.000237057 -3.77268e-05 6.86293e-06 3.02592e-05 -0.000271527 -0.000222408 6.08817e-05 -6.90673e-05 -0.000148977 -0.000152609 -0.000214655 -0.000190119 -9.64612e-05 -5.81217e-08 9.10957e-05 -5.84618e-05 -7.22232e-05 -2.88827e-05 1.35898e-05 -0.000199855 0.000110354 -0.00026031 -4.11394e-05 0.000146808 -8.25158e-05 -1.47852e-05 -1.93067e-06 -9.80637e-06 -8.94271e-06 0.000300346 5.94928e-05 -0.00012271 -2.25688e-06 -0.000106509 -4.21516e-05 -0.000244841 -0.000449259 -4.49125e-05 -1.90864e-05 3.95266e-06 -9.1874e-05 0.000459567 -0.00023422 0.000280349 1.22512e-05 6.5546e-05 0.000104885 -2.00044e-06 7.1921e-05 0.000569585 2.46407e-05 7.6643e-05 3.87972e-05 0.000377011 -0.000104642 6.67813e-05 1.74461e-06 0.000227125 -0.00014152 -1.87843e-06 9.11984e-07 0.000524794 -0.000157816 -0.000120622 -0.000229968 -4.4545e-05 -2.25449e-06 8.54741e-06 6.79788e-05 -0.000279455 2.09945e-09 1.32399e-05 8.64046e-06 -8.38662e-06 2.03189e-06 -0.00030829 3.4408e-05 1.25598e-05 3.11708e-05 -2.35858e-05 6.24657e-06 -7.36516e-05 -3.22052e-05 0.0002403 -0.000189126 -0.000275109 -7.34336e-05 -1.17398e-05 1.0804e-05 -3.151e-05 -8.98677e-05 -6.66356e-06 2.43861e-05 -4.05734e-05 
-0.00133952 0.000855413 0.00303957 0.0020632 4.46877e-05 0.0189628 0.00444722 0.00230441 -0.0013991 8.24214e-05 -0.00750985 -0.000279093 0.000382563 -0.00154361 -0.00414485 0.000533513 -0.00394082 0.00108172 0.00094215 -0.000410962 -0.00021731 4.05547e-05 -0.00378401 0.000233047 -7.3781e-05 -0.00342706 0.00390324 0.000819608 -0.000752662 -0.00269307 -0.00461153 -0.00019286 -0.00155727 -1.98697e-07 -0.000381643 0.000283465 0.000295921 0.00131187 -0.000828638 0.00189421 0.00372849 -0.000556839 -0.00620711 -0.00280728 9.98386e-05 -0.000519389 -0.00164503 -0.00297444 -0.00337533 0.00157822 0.00755079 -0.00575335 -0.000427258 -0.00181679 4.11908e-05 -0.000529664 -0.000206155 3.5105e-05 -0.00236989 0.000291688 0.00120063 -0.000140834 0.000456507 -0.00191089 -0.0023916 0.000243694 -1.62441e-05 7.0667e-05 0.0015287 0.000191957 0.00681772 -0.000471787 2.38212e-06 0.000127623 0.0048658 0.00322568 -5.74079e-05 -0.00158996 -0.000100062 -0.000235446 0.000514584 -0.00652143 3.56342e-05 0.00106287 -4.74463e-05 0.00104763 0.000797445 -0.00119932 -0.000879786 0.000568736 0.00664269 -0.000911909 -0.00199852 3.95843e-05 5.88832e-05 6.90652e-05 0.00168021 0.000127802 -0.00154078 6.63492e-05 
0.0709603 0.00119003 0.00808987 0.00290971 -0.000237057 0.00444722 0.209725 0.00252647 -0.0209712 0.00164936 -0.0712844 0.10453 -0.000208252 -0.030537 -0.00206572 0.0513596 0.0136554 0.00894719 0.0417541 0.000498022 -0.00424362 0.0336105 -0.0129195 -0.00797961 0.000357689 0.00918432 -0.0240697 0.0348392 -0.00880478 -0.0761168 -0.0597295 -0.00081955 -0.0229673 -0.000904976 -0.00295448 -0.0214229 0.00156848 -0.0272996 -0.00895765 -0.0321485 0.0152983 0.0254518 0.0186993 -0.042793 0.00878693 -0.0070152 0.0036969 -0.0706186 0.00497285 0.00932899 0.0290907 -0.0862494 -0.0103115 -0.0122401 -0.0010812 -0.0216364 -0.000766603 0.00188671 0.0228848 -0.0543395 -0.00767962 -0.00176751 -0.000424125 -0.0330701 -0.0252554 7.16227e-05 6.34756e-05 -0.0120154 -0.0207002 0.0579532 0.0475658 -0.00803238 0.00110488 0.0106644 0.00875664 0.0933589 0.000785319 -0.0292821 -0.0033002 -0.00304684 -0.00222718 -0.0455063 -0.00955962 -0.000214503 0.00241721 0.0110861 -0.00516754 -0.034499 0.00963735 -0.0496903 0.05165 -0.050191 0.00267477 0.0116733 0.00036136 0.0018548 0.0392101 0.00199215 -0.0208617 0.0114043 
-0.00696038 0.000578483 -0.000977379 0.00585243 -3.77268e-05 0.00230441 0.00252647 0.0709355 -0.00412348 -0.000210827 -0.0145326 0.00157723 0.000955103 -0.00613515 -0.0142367 0.00914046 -9.88851e-05 -0.0152284 -0.00727088 -0.00149637 -0.000583291 -0.000138749 -0.0161845 -0.000902682 0.000961573 -0.00731014 0.00400166 -0.00418486 -0.00148056 -0.00627534 -0.00823886 -0.000856603 -0.00201142 0.000459763 -0.00134296 -0.00305184 0.000777303 -0.00646965 0.00145198 0.0103313 0.00486873 -0.00234498 -0.00586662 -0.00809057 0.000896842 0.00139334 -0.00345304 0.000236008 -0.0135251 -0.00121967 0.00482677 -0.00201937 -0.00188154 -0.00206352 -0.000149783 0.00405743 -0.000261535 -0.000285789 -0.00283853 0.00345627 0.0107986 0.00205849 -4.26986e-06 0.00201638 -0.00653443 0.000211014 5.0544e-05 0.000247155 -0.00489073 0.0102436 0.00180524 0.000345275 0.000183569 0.00117507 -0.000644638 0.00694941 -7.48643e-05 0.00279009 -0.000391467 -0.000606811 0.00227895 -0.00133206 -0.00225075 0.00306811 -3.86906e-05 -0.00222565 -0.00377473 1.81311e-05 -0.00383815 0.00490678 0.0224401 -0.000537767 -0.00819196 -0.00198397 0.000223864 -0.000749273 0.0147758 0.00234179 -0.00582071 -0.00228598 
-0.00283284 -0.00195914 -0.0100681 -0.0135404 6.86293e-06 -0.0013991 -0.0209712 -0.00412348 0.0706774 0.000123312 0.0347033 -0.0228005 -0.000293268 0.01453 0.0374204 -0.00241967 0.00998385 -0.00789241 -0.0079576 0.00626098 0.000970362 -0.00335644 -0.000563792 -0.000970793 -0.000924049 -0.00480097 0.0119326 -0.0150975 0.00982914 -0.00475839 0.0166538 -0.000240531 0.023961 -0.000549896 -0.00123961 0.00587322 -0.000517172 0.016295 0.000763498 -0.0068938 -0.00175709 0.00794729 0.00776136 0.000397252 -0.000441353 0.00849435 -0.0168323 -0.0168237 -0.0125288 -0.00936873 -0.00714614 0.0244246 0.00215066 0.00980432 -0.000120494 -0.00505423 0.000602597 2.5511e-05 0.00139482 -0.0154455 -0.00515176 -0.000134874 -6.7682e-05 -0.0188611 -0.010722 0.000235682 -0.000282362 -0.00333345 -0.0126099 -0.0084557 -0.0196265 0.00264621 -0.0001489 -3.83968e-05 -0.0145555 -0.016564 0.000726405 0.0254676 0.0031519 0.00196435 -0.000335481 0.0302476 -0.00267754 -0.00172291 0.000521733 -0.00293558 -0.000392226 -0.0123761 -0.00139832 -0.0223549 -0.0132826 -0.00987915 0.0110459 -0.00198486 0.00038348 -0.00186131 -0.00386444 0.000521004 0.00953472 -0.00212774 
0.00530066 -0.000208563 0.000203057 0.000138518 3.02592e-05 8.24214e-05 0.00164936 -0.000210827 0.000123312 0.00954624 -0.00240679 0.00329819 9.47158e-05 -0.00116647 -0.000676318 0.000570591 -9.34101e-05 -0.00134255 0.00357249 0.000552007 0.000263241 0.000777994 0.00227299 -0.000272151 -4.23363e-05 -0.0025128 -0.00133645 -0.00066296 -8.1898e-05 -0.0054031 -0.0014813 -9.29313e-05 -5.05447e-05 0.000174063 0.0010564 -0.000694393 -4.4589e-06 -0.00243547 0.000622216 -0.00141105 4.58871e-05 -0.00141505 -0.00325719 -0.000577957 0.000189112 -0.000251467 -0.0018543 -0.00238732 0.00205956 -0.000276744 0.000517213 -0.00194508 -0.000192284 -0.000455992 7.44427e-05 -0.00021302 -2.55488e-05 0.000387648 -0.000963507 -0.00149721 -0.000809213 0.000274143 7.74113e-05 -0.000254947 -0.000467749 7.8376e-05 -2.03767e-05 -0.000319599 -0.00186819 -0.000724689 -0.0011394 -0.000335097 5.82568e-05 0.00148031 -0.00195876 0.00454301 -4.22172e-05 -0.000665817 -9.98692e-05 -9.52718e-05 6.52906e-05 -0.00377727 -0.000239635 -0.000201805 -7.79291e-05 -0.000206596 -0.000501147 0.00178692 0.00595054 -0.001599 -0.000943212 -0.00151477 0.00461614 -7.46581e-05 1.56199e-05 0.00399692 -0.000383912 0.000196028 -0.000712983 0.00019201 
-0.045723 -0.00413604 -0.0523646 -0.0739241 -0.000271527 -0.00750985 -0.0712844 -0.0145326 0.0347033 -0.00240679 0.249727 -0.0774542 -0.00206388 0.0410684 0.0671913 -0.0124112 0.0343389 0.0443988 -0.0257435 0.00608273 0.000709503 -0.018592 0.0542711 -0.00042882 -0.00311688 0.0647994 0.0131939 -0.0541863 0.00688515 0.0165424 -0.00461575 -0.00362637 0.0399702 0.000694445 -0.00662304 -0.000523034 -0.00211538 0.101888 0.0189119 0.0292746 -0.00340593 0.0327669 0.0976348 -0.0211574 0.00325409 0.00950925 0.0209839 -0.054427 -0.0271227 -0.0498453 -0.0183274 0.00447829 0.0105581 0.0400676 -0.00126062 -0.0244476 -2.27118e-06 -0.00110721 0.0294252 -0.0924349 -0.0420523 0.00257747 -0.00151535 -0.0948731 -0.058827 -0.0007639 -0.00234576 -0.0188958 0.0024067 -0.0193218 0.0167448 0.0224945 -0.00101221 -0.00890093 -0.0271458 -0.0368355 -9.7497e-05 0.027414 0.00320071 0.00110678 0.0050866 0.0912424 0.0141689 -3.20573e-05 -0.00402546 -0.00387993 -0.00772761 -0.0543506 -0.011587 -0.0890281 -0.0431676 0.0596538 -0.000869334 -0.013862 -4.26469e-05 -0.0108006 -0.0152029 -0.00296016 0.0429464 -0.0150573 
0.0907656 -0.00611016 0.053942 0.0390083 -0.000222408 -0.000279093 0.10453 0.00157723 -0.0228005 0.00329819 -0.0774542 0.246032 -0.000455018 -0.0434732 -0.00614569 0.0541024 -0.0380925 -0.0191719 0.0493309 -0.00265164 -0.00343732 0.0272079 -0.033475 -0.005929 -0.000857902 -0.0585522 -0.0306534 0.0830723 -0.00440999 -0.0848518 0.0109491 -0.00294038 -0.0239742 0.00234678 0.000123106 -0.010783 -0.00256041 -0.0531535 -0.0218509 -0.0805664 0.0165264 0.027677 -0.0203732 0.0167897 0.0063422 -0.00860479 0.00520425 -0.00563044 0.0162458 0.0382111 -0.0139068 -0.0493713 -0.0155053 -0.0329319 -0.00178568 -0.0190658 -0.00058223 0.00153076 0.0219829 -0.00724971 -0.0356981 -0.00393382 -0.000734518 0.0658645 0.0155865 -0.00157265 -0.000324508 -0.000383165 -0.032671 0.0213391 -0.0313306 -0.00443732 0.000283699 0.00657239 -0.0033939 0.0410449 -0.0015578 -0.043346 -0.00503205 -0.00451492 -0.00517112 -0.0718116 -0.0197999 -0.00950769 0.00465314 -0.0027473 -0.000248128 0.0418017 0.0309246 -0.0142067 0.00697001 -0.121995 0.0378445 0.0140983 -0.000921953 0.00448136 0.0384657 0.00147064 -0.0331921 0.0101933 
-0.000208716 -0.000230837 0.000475808 0.000866732 6.08817e-05 0.000382563 -0.000208252 0.000955103 -0.000293268 9.47158e-05 -0.00206388 -0.000455018 0.00589274 0.00010524 -0.000604472 0.000242726 -0.00110945 -0.000425156 0.000236045 -2.06453e-05 5.88626e-05 9.44887e-05 0.000567295 -9.40674e-06 0.000111759 -0.00104147 0.00131235 -0.000839459 -0.000210798 -0.000462542 -0.00101919 -4.92899e-05 -0.000202013 -1.66995e-05 0.00031084 -1.631e-06 0.000203594 0.000620997 -0.000201173 0.000112957 -5.5991e-05 -0.000734681 -0.0019723 -0.000911805 -9.62459e-05 -0.000106882 -0.00102951 -9.1135e-05 -0.000480636 -0.000235287 0.000791862 -0.00100562 -6.64008e-05 -0.000455283 1.28232e-05 0.000713437 5.67851e-05 0.000127726 -0.000572723 -0.000412294 0.000631862 0.00014346 3.93457e-06 0.000958123 -0.000112271 3.65036e-05 8.43633e-05 0.00083548 -0.000251558 -0.000540439 -0.000207304 -0.000239847 6.21181e-05 1.73144e-05 0.0019153 0.000157552 -3.04393e-05 0.000430831 0.000197743 -7.50834e-05 -3.52025e-05 -0.00153009 -2.38892e-06 0.000420491 0.000154013 -0.00013296 -0.000187871 -0.000285052 0.0002712 -0.000347063 0.000836601 -0.000516546 0.000102927 0.000195935 -1.81884e-05 -4.50765e-06 5.95349e-05 6.63292e-05 -3.74815e-05 0.000464521 
-0.018096 -0.00319113 -0.0120182 -0.0126543 -6.90673e-05 -0.00154361 -0.030537 -0.00613515 0.01453 -0.00116647 0.0410684 -0.0434732 0.00010524 0.112309 -0.00537139 -0.0106859 -0.0206896 0.0150323 -0.00533993 -0.001586 -0.00136597 -0.0038528 0.0275794 -0.00193228 -0.0013012 0.000864993 0.0250565 -0.0013579 0.01047 0.00224234 0.0109634 -0.000142044 0.00264407 0.000116394 -0.00232614 -0.000632897 -7.281e-05 0.0522309 -0.00400725 -0.0113435 -0.0028952 0.0331353 0.0256769 -0.00955031 -0.00137405 0.0158072 -0.00933601 0.00550211 -0.0172898 -0.00569488 -0.0157439 0.00835686 0.00301808 -0.00335971 -0.000251824 -0.00192248 -0.00100672 -0.000123712 0.0401554 -0.0171594 -0.00882648 -0.000716487 -0.000911548 -0.0200513 -0.0149683 -0.000233582 0.000768314 0.00481814 -0.0170808 -0.01159 -0.0172762 -0.00298641 -0.000232825 -0.00454975 0.00565884 -0.0278994 -0.00072101 0.0229669 0.00317512 0.00394332 0.00112116 0.018204 -0.00214512 -0.00327828 -0.00168035 -0.00465606 0.00585765 -0.0191093 -0.00772155 -0.0202667 -0.0253438 -0.00101018 -0.00660903 -0.00261996 -0.000277828 -0.00302715 -0.00380119 -0.00126386 0.00555366 -0.0014773 
0.0382872 -0.00512449 0.00493279 -0.0277256 -0.000148977 -0.00414485 -0.00206572 -0.0142367 0.0374204 -0.000676318 0.0671913 -0.00614569 -0.000604472 -0.00537139 0.192323 0.0285911 0.0175614 0.0342429 0.0302991 0.0146827 0.00216976 0.0108286 -0.0197814 -0.00257468 -0.00245345 -0.000795526 0.00158973 -0.0299662 0.00668347 -0.0578283 -0.0110498 -0.00252247 0.047935 -0.000820902 0.000457157 0.00517217 -0.00141704 -0.00436192 0.0147443 -0.00739509 -0.00627036 0.0569123 0.019004 -0.0173647 -0.00109833 -0.000122828 -0.0377579 -0.0436332 -0.0414305 -0.0034304 0.00413796 0.026189 0.00382223 0.000554311 -0.000859162 -0.0160448 0.00169943 -0.00111041 0.00696484 -0.0549531 -0.0249043 -0.000874492 -0.000159847 -0.0449612 -0.0287046 -0.000216566 -0.000667971 -0.0118881 -0.0371665 -0.0243159 -0.0318765 0.00869408 -0.000360115 0.0154326 0.000879526 -0.0344681 0.000627807 0.0262605 -0.000422408 -0.00037624 -0.00406981 0.0275314 -0.00848481 -0.000390849 0.00119004 -0.00933318 -0.0144727 -0.0371297 0.0133373 -0.0565628 -0.0223014 -0.0139392 0.0345876 0.00985331 5.46073e-05 -0.00630505 0.00201232 -0.000406727 0.026426 0.00476294 
0.0459336 -9.74911e-05 0.00523436 -0.00518256 -0.000152609 0.000533513 0.0513596 0.00914046 -0.00241967 0.000570591 -0.0124112 0.0541024 0.000242726 -0.0106859 0.0285911 0.127981 -0.0243939 0.00543139 0.0309863 -0.00104285 -0.00119244 0.0168417 -0.0363091 -0.0028453 -0.000899485 -0.0335748 -0.000645828 0.0243807 -0.000801411 -0.0909589 0.00490472 0.00242137 -0.00113239 0.00345044 0.00204715 -0.00300177 -0.000204402 -0.0069796 -0.00560895 -0.0330146 0.0182566 0.0632518 0.0104431 -0.00454877 0.0101788 0.000753339 0.00517589 -0.030499 -0.0307364 0.0108983 -0.00930142 -0.0168328 -0.00626397 -0.0203381 -0.000588744 -0.0164106 -0.00153671 -0.000239424 0.0153059 -0.0323432 -0.0117844 -0.00145216 -0.000896207 0.00230502 -0.00394013 0.000655354 -0.000481492 -0.0075575 -0.02522 0.024033 -0.0156378 0.00167397 0.00039268 0.00702314 -0.0153933 0.0132452 0.00067755 -0.00383361 -0.00193412 -0.000829786 0.000533647 -0.0156204 -0.0070601 -0.00286188 0.00215378 -0.00496213 -0.00695864 -0.00370472 0.0150385 -0.0475359 -0.00749831 -0.0522359 0.0131253 0.00478125 -0.000194795 -0.00407495 0.0423709 0.00418814 -0.00588857 0.0101363 
-0.0280196 0.00497655 -0.0306633 -0.0420453 -0.000214655 -0.00394082 0.0136554 -9.88851e-05 0.00998385 -9.34101e-05 0.0343389 -0.0380925 -0.00110945 -0.0206896 0.0175614 -0.0243939 0.182993 -0.0326254 -0.0285108 0.012524 0.000646789 -0.0101548 0.0147427 0.00255875 0.00393772 0.0838563 -0.0353333 -0.0408971 -0.00362226 0.0438219 -0.0446683 -0.00110418 0.017639 -0.00139254 -0.00115645 -0.0141941 -0.000126805 -0.0284246 0.0136394 0.0275949 -0.00625233 -0.0433479 0.0193242 -0.0210894 -0.0024342 -0.00404836 0.0176665 -0.0471834 0.0206042 -0.0291383 -0.00709194 -0.0265725 0.00498819 0.0316921 -0.000593684 -0.0088087 -1.37988e-06 -0.000791025 -0.0356098 -0.0316491 0.0135953 0.00118523 0.00111454 -0.0628946 -0.0263499 0.000642206 -0.00100597 -0.0126069 0.0166202 0.0192833 0.0617891 -0.00418174 0.000183129 0.0119998 -0.0145293 0.052531 0.00142253 -0.0051351 7.80699e-05 0.000568286 0.000502082 0.0574014 -0.00347374 0.00335821 0.00423675 0.00865527 -0.0107518 -0.0390317 -0.00781159 -0.0168191 0.0471683 0.0519314 0.000890272 -0.00372881 0.000516144 -0.00298762 -0.0175983 0.00168609 -0.00428907 -0.00672498 
0.0230385 -0.00058549 -0.0037913 -0.0216044 -0.000190119 0.00108172 0.00894719 -0.0152284 -0.00789241 -0.00134255 0.0443988 -0.0191719 -0.000425156 0.0150323 0.0342429 0.00543139 -0.0326254 0.189218 0.0382606 -0.00301617 -0.00213503 0.0224211 0.0383357 -0.00719179 -0.000375299 0.0376514 -0.0196469 -0.0235627 -0.0077761 -0.0354099 -0.0520878 -0.00142888 0.00160698 -0.000763297 -0.00073145 -0.00701343 0.00108001 -0.0073379 0.0170139 0.0477143 -0.00160716 0.0284851 0.0249728 -0.0408882 0.000504723 -0.00358514 -0.00769574 -0.0581438 -0.00129154 0.00299323 0.0339038 -0.0476595 -0.00125407 0.00457483 -0.000212379 -0.0117923 0.00162424 -0.000855117 0.016343 -0.0584763 -0.0234529 -0.000319983 -0.000856338 -0.0537928 -0.0186596 -0.000913832 -0.000172266 -0.0141282 0.0131571 -0.0161705 0.0212467 0.0036686 -0.000113617 -0.00625186 0.0226513 -0.0114677 -0.000798853 -0.00591984 -0.00241708 -0.00307177 0.00533983 -0.0353565 0.0198899 0.00721143 -0.00315953 0.00149252 -0.0155632 -0.043795 0.000852682 -0.0535395 -0.0231866 0.057836 -0.00758152 0.000569049 -0.000344684 -0.00488315 0.0128571 -0.000770328 0.0406355 0.00519803 
0.0754641 -0.00432018 0.0279242 0.0118208 -9.64612e-05 0.00094215 0.0417541 -0.00727088 -0.0079576 0.00357249 -0.0257435 0.0493309 0.000236045 -0.00533993 0.0302991 0.0309863 -0.0285108 0.0382606 0.127405 -0.000309655 -0.00116951 0.0162797 0.00909314 -0.00192807 -0.00120254 -0.0238876 -0.0139773 0.0178031 -0.00309438 -0.0780048 -0.0232662 -0.00215759 -0.00798403 -6.85356e-06 -0.000603937 -0.0103579 0.000392578 -0.0104493 7.94605e-05 -0.0150593 0.00875095 0.0578425 -0.00703274 -0.017854 0.00247463 -0.00389511 -0.0255861 -0.0378887 -8.83627e-05 0.043564 0.00669685 -0.0413552 -0.00418891 -0.0210667 -0.000557032 -0.0109575 0.000318786 0.000938763 0.00865928 -0.0302217 -0.0206022 -0.00165295 -0.000477067 0.00363775 -0.00027616 -0.000431955 0.000753693 -0.00359833 -0.0242499 -0.00561952 -0.0182005 -0.00486502 -0.000183343 0.011353 0.0283115 0.00539707 -0.000717926 -0.0135313 -0.00125218 -0.00193455 -0.000990644 -0.0627437 -0.00404048 -0.00384723 -0.000151208 -0.00220503 -0.00879181 -0.00599903 0.0335603 -0.0360735 -0.0205696 -0.0305318 0.0233715 0.0100517 -0.000370097 0.00847547 0.0140528 -9.63939e-05 -0.00573883 0.00327868 
0.00163588 0.0001375 -0.00195482 -0.00572117 -5.81217e-08 -0.000410962 0.000498022 -0.00149637 0.00626098 0.000552007 0.00608273 -0.00265164 -2.06453e-05 -0.001586 0.0146827 -0.00104285 0.012524 -0.00301617 -0.000309655 0.027854 0.00252321 -0.00087192 -0.00574249 0.00300886 0.000811 0.00874674 -0.00297249 -0.0134619 0.0004072 -0.00770612 -0.00552696 -5.64791e-05 0.00471884 -0.000154179 0.000358452 0.00319154 -0.000152924 -0.00888619 0.00335183 -0.00433025 -0.000776838 -0.00429134 -0.0111337 -0.00205993 0.000264484 -7.23164e-05 -0.00785351 -0.00817606 -0.00454225 -0.00306993 -0.000489523 -0.00551764 -0.000952058 -0.000424846 -7.0169e-05 -0.00316352 0.000698812 0.000156038 -0.00522992 -0.0068976 -0.00231654 -0.000257751 0.000296788 -0.00734232 -0.00424881 0.000684071 -7.64241e-05 -0.00138101 -0.00362504 -0.00195241 0.00777237 0.00184561 -4.76427e-05 0.00656441 0.00255951 0.00715063 0.0003334 -0.00155477 6.95109e-05 0.000341696 -0.000310321 0.00597169 1.81149e-05 0.00345063 0.00457418 -0.00087497 -0.00174633 -0.00400678 0.00230124 -0.00348144 0.00555791 0.00218522 0.0112776 0.00069987 6.39292e-05 0.000848391 7.55991e-05 0.00134136 0.00251037 -0.000943058 
-0.00143521 -0.0003839 -0.0010245 0.00194497 9.10957e-05 -0.00021731 -0.00424362 -0.000583291 0.000970362 0.000263241 0.000709503 -0.00343732 5.88626e-05 -0.00136597 0.00216976 -0.00119244 0.000646789 -0.00213503 -0.00116951 0.00252321 0.0190728 -0.000845898 -0.00218449 0.000396794 0.000152556 -0.00012973 0.000439832 -0.00407666 -0.000624131 0.00256114 0.00274018 0.000286803 -0.00064989 0.000139021 0.00109145 -0.00076991 0.000211484 -0.00170069 3.72657e-05 -0.00181253 -0.000417368 -0.00302245 -0.00549743 0.00154874 -0.000303054 0.00110148 -0.00240585 0.00309396 0.000265366 -0.00052862 0.00026308 0.00277683 0.00115931 -0.00196663 0.00021809 0.000631839 0.000178511 0.00018245 -0.00212126 0.00222298 -0.000447364 0.000181821 0.000222515 0.00127035 0.000691715 0.000213808 -3.40674e-05 -0.000422218 -0.000908744 -0.0022507 -0.00176442 0.00128933 -3.5342e-05 0.000542628 0.00100951 -0.00307459 0.000265216 -0.00116939 0.000794614 4.79025e-05 0.000189404 -0.00251773 -0.000225618 0.000268965 0.000142438 -0.000434708 -0.0010726 0.000632845 0.000475591 0.00343073 -0.000459217 -0.000265493 0.00091741 -6.36285e-05 -7.00902e-06 0.000639066 -0.00125799 0.000433106 -0.000967617 -0.000185585 
0.0342723 -0.00174933 -0.00107051 0.00336177 -5.84618e-05 4.05547e-05 0.0336105 -0.000138749 -0.00335644 0.000777994 -0.018592 0.0272079 9.44887e-05 -0.0038528 0.0108286 0.0168417 -0.0101548 0.0224211 0.0162797 -0.00087192 -0.000845898 0.0539834 0.00917813 -0.00176778 -0.000261552 -0.00855427 -0.00770446 0.0115454 -0.00197736 -0.0335134 -0.0125194 -0.0003353 -0.0036172 -0.000323087 -0.000235422 -0.0046011 -0.000419068 -0.0155418 -0.00320167 -0.0117971 -0.00074891 0.0110094 0.00866499 -0.006756 -4.45737e-06 -0.000631928 -0.00973534 -0.0142837 -0.00284665 0.00647054 0.00819813 -0.0147913 -0.00237792 -0.00687111 -0.000242673 -0.00611856 0.00268574 0.00102196 0.0166941 -0.01439 -0.00477705 -0.000617621 -0.000305548 -0.0101153 0.000675089 -5.86495e-05 0.000829092 -0.00326916 -0.0105976 0.00543275 -0.0088086 -0.00279977 0.000675329 -0.000229006 -0.00223715 0.0127062 -0.000284185 -0.00493476 -0.000385503 -0.000659081 -0.000644749 -0.0205255 -0.00224712 -0.000536894 -0.000307001 0.000158781 -0.00221383 -0.00854652 0.00392516 -0.0169516 -0.00203878 -0.0201505 0.0015056 0.00240068 0.000326138 9.71873e-05 0.0206725 0.000255797 -0.00363678 0.00988898 
0.00418659 -0.00789863 -0.0279759 -0.0248781 -7.22232e-05 -0.00378401 -0.0129195 -0.0161845 -0.000563792 0.00227299 0.0542711 -0.033475 0.000567295 0.0275794 -0.0197814 -0.0363091 0.0147427 0.0383357 0.00909314 -0.00574249 -0.00218449 0.00917813 0.203573 0.000160351 0.000669376 0.0695847 -0.0138516 -0.0104683 0.00353579 0.0128188 -0.0267778 -0.00204287 0.0026397 0.000204145 0.000991318 -0.0198206 -0.000638211 0.0404091 -0.00511507 0.0237949 -0.00652068 -0.00668171 0.0584194 -0.0332651 -0.00307467 0.000384608 -0.0100887 -0.0448258 0.0520255 -0.013963 -0.000290784 -0.0362721 0.0124173 0.0403606 -0.000291551 -0.00943768 0.00390326 0.00128442 0.0188371 -0.064321 -0.0173736 0.00386957 -0.00167948 -0.0434648 -0.018603 -0.000421682 7.38048e-05 -0.00886432 -0.00127003 -0.0185194 0.0121094 -0.00735306 -1.74694e-05 -0.00585386 0.00765804 0.0190197 -0.00145028 -4.31742e-05 0.00519486 -0.00288268 0.00235072 -0.0060995 0.0234631 0.00305437 -0.00144214 0.0145675 0.000903297 -0.0359954 -0.000410685 -0.0847652 -0.0479835 0.0340641 -0.0202979 -0.0072578 0.000120479 0.00392423 -0.0117246 -0.00272936 0.00992405 -0.000517697 
-0.00238195 -0.00114317 0.00239647 -0.00238045 -2.88827e-05 0.000233047 -0.00797961 -0.000902682 -0.000970793 -0.000272151 -0.00042882 -0.005929 -9.40674e-06 -0.00193228 -0.00257468 -0.0028453 0.00255875 -0.00719179 -0.00192807 0.00300886 0.000396794 -0.00176778 0.000160351 0.0338932 0.000291265 0.00990384 3.48773e-05 -0.00690371 -0.00122519 0.00353644 -0.00354162 0.00148425 -0.0015004 -0.000178154 -0.000440184 0.00158319 9.26619e-05 -0.00414595 -0.0012791 -0.00248839 -0.000875838 -0.00256498 -0.0133622 -0.00159322 -0.00057786 -0.000901949 -0.00178129 -0.00223244 -0.00636771 0.00144241 -0.000555685 -0.00631442 -3.3256e-05 0.00322942 -0.000113196 -0.00182137 0.000191798 -0.000186881 -0.00688997 -0.000770576 0.00144584 -6.58515e-05 0.00100261 0.00318228 0.000472729 0.00132225 -3.02722e-05 0.000115601 -0.000557843 -0.00251663 0.00928823 0.00495285 -5.25899e-05 0.00232031 0.0103592 0.00325029 8.24947e-05 -0.00258041 0.00193141 -0.00025623 0.000220938 -0.00391681 0.00465106 0.000680188 0.000245872 -0.000844459 -0.00096742 -0.000407011 -0.000555113 0.00583383 0.000766691 0.00636506 0.00306185 0.000354787 -5.1213e-05 0.000199338 -0.00183816 0.000116716 -0.00199158 -0.000716041 
-0.00166691 -0.000173811 -0.00146944 -0.0013569 1.35898e-05 -7.3781e-05 0.000357689 0.000961573 -0.000924049 -4.23363e-05 -0.00311688 -0.000857902 0.000111759 -0.0013012 -0.00245345 -0.000899485 0.00393772 -0.000375299 -0.00120254 0.000811 0.000152556 -0.000261552 0.000669376 0.000291265 0.0129079 0.00107232 0.00114531 0.000763851 -0.000511301 0.00130879 -0.000880244 -9.20302e-05 -0.00101785 -7.28639e-05 5.72714e-05 -0.000263911 1.83036e-05 -0.00383355 -7.6414e-05 0.000765966 -0.000226947 -0.00303983 -0.00467686 -0.000211695 -0.000197533 -0.000170191 -0.000227555 -0.00121976 0.00316984 -0.000885493 -0.000900835 -0.00188005 -0.000436527 -0.00138151 -1.09377e-05 -0.00025715 -4.42777e-05 7.3734e-06 -0.00151361 0.000905447 0.000875366 -1.67907e-05 0.00025247 -0.00148629 -0.000730941 7.49471e-05 -2.78085e-06 -0.000414858 0.00218132 -0.00102677 0.00402047 -0.000528195 0.000128551 0.00254227 0.00242797 0.00124153 -5.42219e-05 -0.00109819 -7.95333e-05 0.000104046 9.96293e-05 -0.0013872 5.54333e-05 0.000582513 0.00191398 0.00118694 -0.00038498 -0.000989062 -0.000702772 0.000890799 0.00232465 0.000735676 -0.00166215 0.000119468 -1.21413e-05 -4.17626e-05 -0.000413984 0.000373918 -0.000210661 -0.000113056 
-0.0375354 -0.00451072 -0.0351063 -0.0572502 -0.000199855 -0.00342706 0.00918432 -0.00731014 -0.00480097 -0.0025128 0.0647994 -0.0585522 -0.00104147 0.000864993 -0.000795526 -0.0335748 0.0838563 0.0376514 -0.0238876 0.00874674 -0.00012973 -0.00855427 0.0695847 0.00990384 0.00107232 0.210482 -0.0282545 -0.0686022 -0.0120826 0.0424043 -0.0687034 -0.000823124 0.0065734 -0.000617627 -0.00253747 -0.0203949 0.0012288 0.00115428 0.0184845 0.053967 -0.00642402 -0.0243159 0.0370216 -0.0466047 -0.00179983 -0.00667048 0.0061066 -0.0774356 0.0325935 -0.0303536 0.0137429 -0.0682686 0.00797961 0.0627794 -0.000881911 -0.0216314 -0.000684957 -0.000943928 -0.0289772 -0.0723787 -0.0114616 0.00340931 -0.000604602 -0.0770994 -0.0418884 0.0014337 -0.00124987 -0.0158064 0.0130796 0.00676409 0.110351 0.00258742 -0.000306571 0.00536325 0.0278078 0.0530619 0.000847259 -0.0130378 0.00461111 -0.00311892 0.00201429 0.0157586 0.0233604 0.00870649 0.000607531 0.0214644 -0.0109683 -0.0529049 -0.0184383 -0.0527501 0.0199654 0.101059 -0.0162951 -0.00628239 0.00123435 -0.00693863 -0.0199381 -0.00174756 0.0242965 -0.00855204 
-0.0222809 -0.00591248 -0.0112334 0.0206274 0.000110354 0.00390324 -0.0240697 0.00400166 0.0119326 -0.00133645 0.0131939 -0.0306534 0.00131235 0.0250565 0.00158973 -0.000645828 -0.0353333 -0.0196469 -0.0139773 -0.00297249 0.000439832 -0.00770446 -0.0138516 3.48773e-05 0.00114531 -0.0282545 0.146118 0.000609698 0.00218214 0.00608606 0.0305875 -0.00104863 0.00354652 -0.00107762 -0.00132407 0.0019205 -0.000776573 0.0368098 -0.0100145 -0.0250015 -0.00299026 0.017646 0.00221805 -0.0110578 -0.00293034 0.0117327 -0.0128369 0.0233373 -0.0310001 -0.0135846 -0.0103687 0.0271151 0.0017599 -0.0178734 0.000737697 -0.0101096 -0.0018346 0.000317859 0.0378519 0.0108268 -0.0108465 -0.00163846 -0.0011312 -0.0120709 -0.0112805 0.000863189 0.000747565 0.0125567 0.000467001 -0.00854058 -0.00696312 -0.00538948 -6.08014e-05 -0.00491803 0.00441159 -0.0364491 -0.000296402 0.0185501 0.00367308 0.00210641 -0.00254676 0.031464 -0.00415302 0.00159317 -0.00180338 -0.00573326 0.0236456 -0.0205217 -0.0106214 0.00637183 0.00328446 -0.0223522 -0.0128566 -0.0042841 -0.000532238 -0.00372139 -0.00565416 0.00102546 0.0128261 -0.00227091 
0.0328301 0.00171496 0.0247168 0.0331474 -0.00026031 0.000819608 0.0348392 -0.00418486 -0.0150975 -0.00066296 -0.0541863 0.0830723 -0.000839459 -0.0013579 -0.0299662 0.0243807 -0.0408971 -0.0235627 0.0178031 -0.0134619 -0.00407666 0.0115454 -0.0104683 -0.00690371 0.000763851 -0.0686022 0.000609698 0.178777 0.00238378 -0.0271069 0.0433194 0.000305716 -0.0179852 0.00102346 -0.0015823 0.000635436 -0.00356974 -0.0145181 -0.0364817 -0.0736287 0.00769678 0.0271924 0.00395248 0.0214491 0.00250825 0.000912184 0.0341525 0.0249042 0.0346189 0.0234224 -0.0406383 -0.0109281 -0.0185417 -0.0580888 -0.000638436 -0.0137835 -0.00195689 0.000303788 0.0272282 0.0269968 -0.00354351 -0.00792813 -0.000846151 0.0548064 0.017473 -0.00277361 0.000597256 0.00336569 -0.0073649 0.0115704 -0.0347583 -0.00575354 0.00028523 -0.0103744 -0.00252459 0.0156466 -0.00147484 -0.0221627 -0.00189351 -0.000460227 -0.00641768 -0.0338408 -0.0260058 -0.0153103 -0.00118449 -0.00754807 0.00282592 0.0392856 0.00782398 0.0159137 -0.0102624 -0.0900213 -0.00302065 0.00314243 -0.00143613 0.00327131 0.0187524 -0.0014885 -0.0358499 0.00543477 
-0.00119263 -0.00195416 -0.00598013 -0.00594755 -4.11394e-05 -0.000752662 -0.00880478 -0.00148056 0.00982914 -8.1898e-05 0.00688515 -0.00440999 -0.000210798 0.01047 0.00668347 -0.000801411 -0.00362226 -0.0077761 -0.00309438 0.0004072 -0.000624131 -0.00197736 0.00353579 -0.00122519 -0.000511301 -0.0120826 0.00218214 0.00238378 0.0473471 -0.00100451 0.0108843 -0.000262936 0.00452062 -0.000147451 -0.000328566 0.00630437 -0.000287794 0.012496 0.000563342 -0.00870432 -0.00171712 0.00661944 0.00647249 0.0128216 -0.000731072 0.00200922 -0.00717894 -0.00230573 0.00568924 -0.000436322 -0.00550407 0.0171839 -0.000892875 -0.00511794 -0.0001337 -0.00424282 -0.000669354 6.68754e-05 0.00167349 -0.00705659 -0.00575573 -0.000273545 -7.99614e-05 0.00141308 0.00108583 -5.64371e-06 1.77054e-05 0.000230288 -0.00744324 -0.00424896 -0.0128644 -0.000162784 -5.82711e-05 -0.000140597 -0.00810325 -0.0102907 -0.000164969 0.00517416 -0.000133556 0.00343863 -0.00104984 0.00710271 -0.00197254 -0.000833886 -0.000193672 -0.000775845 0.00195142 0.000392006 -0.00122065 -0.0106873 -0.00862549 -0.0152604 0.00841439 -0.00102247 -0.000139038 -0.000280921 -0.00157528 -2.01418e-05 -0.00310152 -0.000470971 
-0.0950287 0.00234761 -0.0211934 0.00289003 0.000146808 -0.00269307 -0.0761168 -0.00627534 -0.00475839 -0.0054031 0.0165424 -0.0848518 -0.000462542 0.00224234 -0.0578283 -0.0909589 0.0438219 -0.0354099 -0.0780048 -0.00770612 0.00256114 -0.0335134 0.0128188 0.00353644 0.00130879 0.0424043 0.00608606 -0.0271069 -0.00100451 0.204735 0.0092738 -0.000519258 -0.00775736 -0.00436473 -0.00635908 0.0034638 -0.000565842 0.0103255 -0.00212509 0.040991 -0.0210013 -0.0959274 -0.0119411 0.0182835 -0.0109275 -0.00331846 0.0226677 0.0633987 0.0271146 -0.0238195 -0.00186429 0.0433181 0.00846658 0.031248 0.0008665 0.0269281 -0.00127069 -0.00100247 -0.0395299 0.0603996 0.0246021 0.0010053 0.000368653 0.00446014 0.00502362 -0.000393704 -0.000917089 0.0113359 0.0535388 -0.0169019 0.0284575 0.00135294 -0.000645925 -0.0149852 -6.48392e-05 -0.0310986 -0.000213927 -3.75315e-05 0.00222509 0.00142067 -0.000169834 0.0562626 0.00940037 0.00308651 -0.00355872 0.000501934 0.0125995 0.00754399 -0.0341988 0.083339 0.0215712 0.0784196 -0.0368478 -0.0146357 -0.000539837 -0.00839648 -0.0549738 -0.00426227 -0.0114195 -0.0198311 
-0.0260088 -0.00772183 -0.0126737 -0.00036896 -8.25158e-05 -0.00461153 -0.0597295 -0.00823886 0.0166538 -0.0014813 -0.00461575 0.0109491 -0.00101919 0.0109634 -0.0110498 0.00490472 -0.0446683 -0.0520878 -0.0232662 -0.00552696 0.00274018 -0.0125194 -0.0267778 -0.00354162 -0.000880244 -0.0687034 0.0305875 0.0433194 0.0108843 0.0092738 0.189021 0.0027432 -0.000406439 0.00101668 0.0051741 0.0120499 -0.00201296 0.00443493 -0.015141 -0.0448099 -0.00189232 -0.00681313 -0.0209433 0.0690399 -0.00213918 0.00933261 -0.00576738 0.0718912 0.00776262 -0.0100941 -0.0361035 0.0903473 -0.00632427 -0.0354541 -0.00031652 -0.0127637 -0.00168117 -0.000677963 0.0149926 0.0600589 0.00774667 -0.00296663 -0.000925838 0.0741222 0.049105 -0.000791386 -0.00080318 -0.000919407 -0.0079206 -0.0220329 -0.076104 0.0043574 -0.000423743 -0.00732162 -0.0503511 -0.0582054 -9.86484e-05 0.00518152 -0.000701703 0.00417551 -0.00354121 0.0265807 -0.0117433 -0.00694723 0.000254558 -0.00831632 0.0156356 0.0827977 -0.00600982 0.0334717 -0.0407385 -0.0676881 -0.00960187 -0.00105669 -0.000865542 0.0027281 -0.0158419 -0.00216917 -0.00803517 0.00673721 
-0.00252682 0.00145572 -0.00195396 -0.0025622 -1.47852e-05 -0.00019286 -0.00081955 -0.000856603 -0.000240531 -9.29313e-05 -0.00362637 -0.00294038 -4.92899e-05 -0.000142044 -0.00252247 0.00242137 -0.00110418 -0.00142888 -0.00215759 -5.64791e-05 0.000286803 -0.0003353 -0.00204287 0.00148425 -9.20302e-05 -0.000823124 -0.00104863 0.000305716 -0.000262936 -0.000519258 0.0027432 0.0149449 -0.000936986 0.000557467 -0.000287254 0.00228832 0.000408135 -0.00335657 -0.000764859 -0.0020841 0.00156426 -0.00199513 -0.00390227 0.0033463 0.000478559 0.000298786 0.00250599 0.00173724 0.00167694 -0.00100819 -0.0018364 0.00173323 -0.000281035 -0.000524568 0.000100138 -0.00140336 -0.000178322 -8.25945e-05 -0.00300428 0.00158496 -5.35323e-05 -0.000113351 0.000203219 0.00174989 0.00272884 0.000599843 0.000104357 -0.000764247 0.00265477 0.000400688 0.000538661 1.90928e-05 0.00015949 -0.000335263 -0.00200689 0.00142803 0.000744974 -0.00132596 -1.61001e-05 0.00032427 0.00127895 -0.00213826 -0.000130144 0.000713417 0.000329929 -0.000427405 -0.000654249 0.0028541 -0.000668394 0.00125231 -0.000449964 0.000719493 0.000292991 -0.000311339 6.81346e-05 -0.000298098 3.32962e-05 0.000191584 -0.00112734 -0.00043404 
-0.00827987 -0.000630933 -0.00882616 -0.0111686 -1.93067e-06 -0.00155727 -0.0229673 -0.00201142 0.023961 -5.05447e-05 0.0399702 -0.0239742 -0.000202013 0.00264407 0.047935 -0.00113239 0.017639 0.00160698 -0.00798403 0.00471884 -0.00064989 -0.0036172 0.0026397 -0.0015004 -0.00101785 0.0065734 0.00354652 -0.0179852 0.00452062 -0.00775736 -0.000406439 -0.000936986 0.0789893 -0.000255425 0.000509473 0.010589 -0.000467045 0.0014631 0.0110618 0.00262508 -0.00132293 0.0164232 0.00824689 -0.0101412 -0.00107937 -7.21762e-06 -0.00533894 -0.0129231 -0.0107075 -0.00975501 -0.00875262 0.0233812 0.00704362 0.0093269 -4.29998e-05 -0.00731906 -1.57544e-05 -0.000412804 -0.00251526 -0.0175725 -0.00369806 0.00141919 -0.000420136 -0.0195955 -0.0105081 -0.000302622 -0.0003305 -0.00215432 -0.0115699 -0.00706209 -0.0208716 -0.00314615 -0.000148844 0.000753904 -0.0150403 -0.0153284 0.000902513 0.0204864 -0.000966337 -0.000624326 -0.000656397 0.0295561 -0.00186064 -0.00134659 -0.000310028 -0.0036439 -0.00495632 -0.0154921 -0.000151181 -0.0257375 -0.0173402 -0.00166942 0.00495897 -0.00232061 0.000132341 -0.00250199 -0.00232401 7.68633e-05 0.02201 -0.00234629 
-0.0010228 0.0015208 -9.73192e-05 -0.00114508 -9.80637e-06 -1.98697e-07 -0.000904976 0.000459763 -0.000549896 0.000174063 0.000694445 0.00234678 -1.66995e-05 0.000116394 -0.000820902 0.00345044 -0.00139254 -0.000763297 -6.85356e-06 -0.000154179 0.000139021 -0.000323087 0.000204145 -0.000178154 -7.28639e-05 -0.000617627 -0.00107762 0.00102346 -0.000147451 -0.00436473 0.00101668 0.000557467 -0.000255425 0.00944582 0.000865587 -0.000613915 -2.58889e-05 -0.000624463 -0.000325267 -0.00199355 0.00283716 0.0009424 0.000166629 5.68312e-05 0.0011152 -3.62796e-05 0.00192663 -0.000269813 0.00033216 -0.00020346 -0.00098058 -0.000542083 -0.000282439 -0.000885381 -6.09071e-06 -0.000846466 0.000253233 -4.32247e-05 -0.00060615 -0.0020171 -0.000384124 -4.66713e-05 0.000113557 0.00148378 0.000459343 0.000132457 4.31775e-05 8.99562e-06 -0.00143503 0.000145435 -0.000259379 0.00161451 -1.37017e-05 -0.000103849 -0.000836031 0.000573647 0.000227673 -0.000842482 -5.82803e-05 -3.99148e-05 0.000455095 -0.0034958 8.22359e-05 -0.000180275 1.96501e-05 -0.000272278 -0.00036974 0.00256087 0.000175854 -0.00235057 -0.00134256 -0.00151575 -1.10875e-05 9.24323e-05 -3.48294e-06 1.23862e-05 -0.000412876 -8.29596e-05 -0.000168775 0.000603067 
