0.043723 -0.00405514 -0.000479255 0.0104156 -0.00878477 0.000432868 -0.0191035 5.44288e-05 0.0136487 0.00802038 0.00837344 -0.00189973 0.000913896 -0.0135936 0.000302768 -0.00283997 -0.000858568 0.000294321 -0.00970424 0.00104279 0.00479908 -0.00127448 0.000786878 0.00302025 0.00827217 -0.00167272 -0.00108184 0.000721408 0.0236885 0.00385958 0.000482649 -0.00917032 0.004593 -0.000431198 0.00106218 0.00038786 -0.0249237 0.0150711 -0.0113243 0.000222595 0.00122959 -0.00107145 0.000716345 0.00162008 0.000113312 0.000108374 0.0125881 0.0165153 -0.00885198 0.00147478 -0.00148116 0.00481804 -0.0130019 0.00153946 -0.00206622 0.000569621 -0.0129315 -0.00133937 -0.00255441 -0.00691997 -0.000154749 -0.00102522 -0.00814868 -0.0183775 0.00034861 -0.00293388 0.000532818 0.000504166 0.00112554 0.000360592 7.44697e-05 -0.000269325 0.00472076 0.00161326 0.00714354 0.00688299 0.00441523 0.00182918 -0.000165051 0.0102925 -0.00115676 0.00044865 0.000443699 -0.0313891 0.00414593 0.00108873 0.00565142 0.00179376 0.00291516 -0.00483065 0.0181227 0.00445197 5.12079e-05 -0.000821695 0.00186722 -0.00739135 7.72188e-05 -0.000152952 -0.015939 -0.0222126 
-0.00405514 0.099716 0.000682324 0.00271117 -0.0143333 -0.000203483 -0.00122547 0.00178987 0.0051908 -0.0104873 -0.000681478 -0.00377907 -0.000438733 -0.00377405 -0.00277864 0.00726105 -0.0135658 -8.4394e-05 0.00116308 -0.000188467 0.00135238 -0.00182194 -0.00343875 0.000796048 -9.47247e-05 -0.00416606 -0.000828303 -2.60144e-05 0.00329623 0.000367821 -2.52354e-05 -0.00347908 -0.000582604 -0.00298293 -0.000253854 0.00221735 -0.0163732 -0.000303642 -0.012316 3.27223e-05 -0.00077732 -0.00088517 4.37462e-05 -0.00381041 0.000171628 0.000172559 -0.0049556 0.00156601 -0.00807804 0.000324158 -0.00106852 -0.000512972 -0.00138847 -0.000423297 -0.0151883 0.000598893 0.000104903 0.00310293 -0.00687588 -0.0125751 -0.000787942 0.00134845 0.0147568 -0.00921332 0.000757488 0.000780072 -9.336e-05 0.00525894 -0.000128857 -0.000138623 0.0012104 -0.0005198 0.00783204 0.00255977 0.000546805 -0.000615002 -0.000596289 -0.00033851 -0.000186554 -6.14944e-05 -0.00122669 8.61222e-05 0.000119505 0.0158074 0.000596752 0.00843566 -0.000759122 0.00329705 0.00149834 -0.0295317 2.87761e-06 -0.00177436 -0.000491847 9.96692e-05 0.0137041 -0.00527223 -0.000978818 0.00164232 0.000770028 -0.00223103 
-0.000479255 0.000682324 0.206058 -0.0206805 -0.033651 -0.000106397 -0.0160473 -0.00148856 -0.0106923 -0.0368524 -0.00122526 -0.010834 -0.00356209 -0.0223857 -0.0022035 -0.0772049 -0.049832 4.26676e-05 0.0418625 -0.000361916 -0.00185136 -0.00376282 -0.0236686 -0.000947852 0.0198823 0.0202185 -0.0079032 0.00179173 0.000234552 0.000348647 -0.000535294 0.076824 -0.00409175 0.0148025 5.35588e-05 0.000817294 0.0154818 0.0065476 -0.043347 3.92603e-05 -0.000863642 0.00900779 0.00381165 -0.00132475 0.00117424 0.00461291 -0.0140981 0.0122602 0.0369456 0.00132746 -0.00683001 0.000417883 0.0654684 -0.00233229 0.0237312 0.00143218 -0.0112341 -0.00286315 0.0374553 0.0218581 0.00177521 0.0118331 0.0427901 -0.0778839 0.00267019 -0.00584063 -0.000141182 -0.00375485 0.000309954 0.00112988 4.48295e-05 0.00726271 0.00542086 -0.00981373 0.00852734 -0.000605171 0.000737798 -0.000283318 -0.00334323 -0.0084401 0.00126828 -0.000566434 -0.000981548 -0.0098634 0.0130283 -0.0062169 -0.000149082 0.00746471 -0.00497598 -0.0716589 -0.0439348 0.00322301 -0.000837366 0.00380209 -0.0724677 0.009776 0.00312534 -0.00157744 -0.0231365 0.0103532 
0.0104156 0.00271117 -0.0206805 0.218172 0.0165111 -0.000140124 -0.00261865 0.00168657 0.0252649 0.00388512 0.00296278 -0.00108813 -0.00528952 0.016952 -0.00407829 0.0460282 -0.0269721 -0.000228158 -0.0648792 -0.00064364 -0.00185878 -0.0102257 -0.0133611 -0.00612304 0.0115846 -0.0184029 0.00311762 -0.00804843 0.04786 -0.00114008 0.000564268 -0.0609957 -0.00826113 -0.0208367 -0.000431721 -0.00177567 -0.0326175 0.00573863 0.0450473 -7.94563e-05 -0.00189254 -0.00418243 -0.00103373 0.00266599 -0.000108618 0.000300385 0.0296142 0.00611705 -0.0474764 -0.00215587 -0.0102601 0.000925193 -0.0960139 -0.0038407 -0.0418134 -0.00231786 0.00193135 -0.00467467 -0.027448 -0.0461586 -0.00264286 -0.0033243 -0.0460476 0.0392918 -0.00241056 -0.0109795 -0.00285435 -0.00268467 -0.000218795 -0.000936325 -0.00033111 -0.00969713 0.00275508 -0.00381787 0.00374708 0.000550885 -0.0011124 -0.00160082 0.00138219 0.00803829 0.00737879 -0.000572421 -0.000463332 0.0112566 0.00856224 -0.0087579 -0.00134375 0.00130397 -0.00278793 0.0109056 0.0407102 -0.00307615 -0.000238716 -0.00806655 0.0790797 -0.0250267 -0.00316187 3.35901e-05 0.0165902 0.010664 
-0.00878477 -0.0143333 -0.033651 0.0165111 0.179372 -0.000154743 0.0238153 -0.00138069 -0.01343 0.0340737 -0.00135689 0.0161824 -0.00435337 0.0147807 -0.000104177 0.0479566 0.0306014 -0.000168761 -0.0487378 0.000777627 -0.0017765 -0.00531944 0.0324145 -0.00973471 -0.0301373 -0.0125934 0.00518806 -0.00394526 -0.0298074 -0.00172597 -0.000125935 -0.0715822 -0.00391258 -0.0143902 -0.000510292 -0.00192384 0.00335667 -0.0191314 0.0305853 -0.00040378 -0.00204851 -0.00415047 -0.00213925 -0.00399154 -0.0010288 -0.00221162 -0.0124484 -0.0167671 -0.0299971 -0.00179072 -0.000590977 -3.80846e-05 -0.0618454 0.00217517 -0.034288 -0.00013687 0.0188233 -0.00953486 -0.0211671 -0.0319905 -0.000767829 -0.0064426 -0.0217653 0.0901078 -0.00197419 -0.00878012 -0.00240276 -0.00243533 -0.00055554 -0.000978746 -0.000656742 -0.00756663 -0.00648283 0.00709342 -0.00523567 -0.00189509 -0.000905969 -0.00084817 -0.00182125 -0.00883868 -0.00153768 -0.000449683 0.000231387 0.00853029 -0.0114289 -0.00878134 -0.00114139 -0.00251799 -0.00402692 0.0850395 -0.0331623 -0.00419316 -0.00144719 -0.0114375 0.0576841 -0.0313399 -0.00234959 -0.00253032 0.0470825 0.013956 
0.000432868 -0.000203483 -0.000106397 -0.000140124 -0.000154743 0.00379026 -0.00125224 8.17355e-05 0.000519298 -0.000549485 0.000237497 0.000144965 -5.50789e-06 -0.000533836 6.88559e-05 -0.000515299 0.000523904 2.92455e-05 -0.00159126 -6.53049e-06 -2.36933e-05 -9.6445e-05 -0.000160678 -8.59974e-05 0.00112726 -0.000221816 -1.03962e-05 4.00786e-05 -0.000153459 -1.2318e-05 6.16674e-05 -0.000603858 -0.000285365 -0.000227144 4.05294e-05 0.000163178 -0.000919221 0.00107909 -0.000616485 -1.27735e-05 3.15336e-06 -5.88066e-05 5.1722e-05 0.00023865 3.41741e-05 0.000105789 0.000136503 0.00133783 -0.000635279 5.10288e-06 -0.000131312 0.000189371 -0.00112352 0.000603799 0.000157722 9.2647e-05 -0.00121281 9.92443e-05 -0.000110778 -0.000522167 3.47508e-06 0.000216979 -0.000650309 0.0004305 -3.08699e-05 0.000334082 -6.79049e-06 -2.75277e-05 0.000130761 1.56696e-05 9.82826e-05 -9.75865e-05 0.000256413 -4.56825e-05 0.000929153 6.81922e-05 0.000704438 0.000430367 8.352e-05 0.000546265 0.000360643 0.000129807 0.000121346 -0.00112147 0.000722232 -0.000107032 0.000556466 3.0459e-05 0.000141877 0.000109249 -0.000705381 -3.33715e-05 -2.17005e-05 -5.92317e-05 -0.000582163 -0.0003677 0.00013194 -1.14582e-05 -0.00111001 -0.000686746 
-0.0191035 -0.00122547 -0.0160473 -0.00261865 0.0238153 -0.00125224 0.110338 -0.00299052 -0.00807557 -0.0125782 -0.00434424 0.00215733 -0.00280163 0.0633482 -0.000856722 0.050872 0.0156032 -0.00068641 0.0472842 -0.00069571 -0.00920789 -0.00674668 0.00290683 -0.015108 -0.0709893 -0.000186946 -0.00120691 -0.0164242 -0.0575187 -0.0100449 -0.000710612 -0.00991537 -0.0129927 -0.00768193 -0.00149345 -0.00720164 0.0668386 -0.0661599 0.041147 -0.00243237 -0.00636101 0.00289428 -0.0106491 -0.0132787 -0.00239161 -0.0124313 -0.00575777 -0.0576387 0.02241 -0.00270718 -0.00730706 -0.0023774 0.0309233 -0.00506587 -0.023452 -0.00209735 0.0745586 -0.020769 -0.00419537 0.0156971 -0.000197553 -0.00319758 0.0253934 0.0150959 -0.00104158 -0.0275637 -0.0113694 4.96679e-05 -0.00207545 -0.00041548 -0.00167184 0.00192624 -0.0147766 -0.00658713 -0.0198995 -0.00826731 -0.00640028 -0.00371739 -0.00219885 -0.00898429 0.000116479 -0.00136728 -0.000890839 0.0226536 -0.0483649 -0.00179466 -0.00607181 -0.0104913 0.000750088 0.0181847 -0.00885486 -0.00526583 -0.00222459 -0.0284175 0.0405026 0.0049365 -0.00141107 -0.00673108 0.0703751 0.0152491 
5.44288e-05 0.00178987 -0.00148856 0.00168657 -0.00138069 8.17355e-05 -0.00299052 0.00808368 0.00197458 -0.000378075 0.000723174 -0.000164493 0.00109351 -0.000989953 -1.09634e-05 -0.00203078 -0.00130641 -3.70742e-06 -0.00434214 6.56933e-06 0.00016699 9.42428e-05 -0.000232563 5.22457e-05 0.00479432 -0.000455385 0.000295735 7.17321e-05 -0.000452777 7.88573e-05 1.07203e-05 -0.00181406 -0.000162474 0.00046512 -2.21709e-05 0.000154871 -0.00218788 0.0019397 -0.00098153 0.00017034 1.12306e-05 -0.00013519 0.000159557 -0.00024725 3.6898e-05 0.000312082 0.000440138 0.00214952 -0.00065094 -1.66066e-05 0.000336588 0.00028088 -0.00232851 6.05998e-06 0.000500589 -1.6217e-05 -0.00419304 0.000705602 0.000137253 -0.000628555 0.000401006 -8.74548e-05 -0.00130805 -0.000482313 0.000557216 0.000681247 0.000275239 -4.7906e-05 3.50989e-06 1.622e-05 0.000144689 -0.000299545 0.000904994 0.0028436 0.000143333 0.000118993 0.000398216 0.000146894 4.93738e-06 0.000563994 8.77146e-05 3.21477e-05 -2.46e-05 0.000306152 0.0019739 -0.000298113 3.27843e-05 -7.20141e-05 -0.000132848 9.64744e-05 0.00119605 -0.000131009 7.21689e-05 0.00027746 -0.00116622 -0.00076378 -1.64011e-05 0.000143804 -0.00313515 -0.00271129 
0.0136487 0.0051908 -0.0106923 0.0252649 -0.01343 0.000519298 -0.00807557 0.00197458 0.0739924 -0.00562474 0.00248933 -0.00108574 0.00382581 0.00469213 0.00166821 0.016373 -0.00375209 4.87072e-05 -0.0182745 -0.000226376 -0.000886799 -0.0031191 -0.00661873 0.000553511 0.0112147 -0.00410326 -0.00181182 -0.00193106 0.00970491 -0.00126814 0.00042041 -0.0117788 -0.00588546 -0.00386822 -1.16762e-05 -0.000330536 -0.0151585 0.00640219 0.00460459 -0.000220074 -0.000288693 -0.00208358 -0.000512986 -9.81351e-05 -3.81228e-05 -0.00144152 0.0245908 0.00758253 -0.0132057 -0.000445099 -0.00491628 0.000121448 -0.0210319 0.00182288 -0.0100515 -0.000431863 -0.00187826 -0.00195947 -0.00278628 -0.00953702 -5.85329e-06 0.00135171 -0.0180397 -0.0207254 -0.000407382 -0.00158557 -0.000964021 0.00310095 0.000818296 0.00021869 0.000209205 0.00107958 -0.00112562 0.00191851 0.00350396 0.00134484 0.00163096 0.000711288 -0.000985497 0.0190139 -0.000641181 0.000842462 0.000717419 -0.0178132 0.00260126 0.00302321 0.00199183 -0.00062361 0.00353153 -0.00323198 0.0299225 -0.000725659 6.93671e-05 -0.00304024 0.0161473 -0.0126599 0.000126622 -0.000208899 -0.0171503 -0.0217875 
0.00802038 -0.0104873 -0.0368524 0.00388512 0.0340737 -0.000549485 -0.0125782 -0.000378075 -0.00562474 0.140647 -1.58924e-06 -0.00329916 -0.00288978 -0.0186591 0.00224035 0.00231969 0.00286255 1.05162e-05 -0.0187732 0.000990108 0.00775909 -0.000148002 0.0102938 0.0121069 0.000999201 -0.00925203 0.00145024 0.00126171 0.0213869 0.00487029 -6.74762e-05 -0.0413531 0.000622272 -0.00887593 0.00042445 -0.000980982 -0.0239064 0.00646751 -0.00475955 0.000784077 0.000904643 -0.00478621 -0.00144575 -0.00312535 -0.00084231 -0.00281593 0.00343342 0.00489374 -0.0231519 0.000342363 0.0054609 -0.000161827 -0.047513 0.00046043 -0.0118778 0.000562628 -0.00271355 -0.00058045 -0.0153469 -0.0170503 -0.00126972 -0.00846017 -0.0143564 0.0140169 -0.00132255 -0.00366148 0.00468481 -0.0015521 0.000371055 -0.000748189 0.000246124 -0.00349943 0.00369003 0.00319366 -0.00289728 0.00389623 0.000426799 -0.000264102 -0.000253736 -0.00107666 -0.0046032 0.000243176 -0.00072759 -0.0189901 -0.00550796 0.00299496 0.001538 -0.00199173 -0.00145938 0.0441327 0.0267975 0.00130793 0.000903997 0.00307304 0.0266352 -0.0184893 -0.00162571 0.0010009 0.0149003 -0.00998306 
0.00837344 -0.000681478 -0.00122526 0.00296278 -0.00135689 0.000237497 -0.00434424 0.000723174 0.00248933 -1.58924e-06 0.0301816 0.00196929 0.00519276 -0.0119187 0.000669919 -0.00262345 0.00432905 7.81767e-05 -0.00897968 0.000725403 0.00307861 -0.000793461 0.00980686 -0.00140799 0.000761351 0.0010962 -0.000797475 -0.000351334 0.00343107 0.0013636 6.48263e-05 -0.0071083 0.0106654 0.00647044 0.000509609 0.000362802 -0.0157609 -0.000431306 -0.00710637 0.00128115 -0.000223664 -0.000688739 0.000668692 0.000465262 8.82314e-05 0.00399612 -0.000872674 0.00199737 -0.00504131 0.000591779 0.0046985 0.00544647 -0.0053223 0.00126497 -0.00465031 0.000114322 -0.00811148 -0.000788351 -0.00258666 -0.00328254 0.000533197 -0.00075919 -0.00627863 -0.00326837 0.00112756 -6.82306e-05 0.00036158 -3.57074e-05 0.00025356 0.000679625 -3.87272e-05 -0.000749236 -3.34508e-05 0.00502302 0.00203685 0.000570279 0.00211504 0.00142938 0.000187404 0.00116549 -6.92206e-06 0.000163599 0.000744481 -0.00513151 0.00131713 4.08293e-05 0.000563501 -0.000134383 0.00200551 -0.00148995 0.00199935 -0.000248148 0.000523163 0.00193397 -0.00110379 -0.00273937 -2.39627e-05 0.00107338 -0.00435115 -0.0190868 
-0.00189973 -0.00377907 -0.010834 -0.00108813 0.0161824 0.000144965 0.00215733 -0.000164493 -0.00108574 -0.00329916 0.00196929 0.042983 0.00290213 0.00077665 -0.000485025 0.0081704 0.0189614 -1.75342e-05 -0.0149314 2.02562e-05 -0.000712688 -0.00188011 0.00405784 -0.00227709 -0.00396836 -0.00261787 0.00218645 -0.00108399 -0.0064008 0.000215381 -6.39574e-06 -0.0121852 -0.00100988 -0.00263425 -0.000131439 -0.000225512 -0.00296908 -0.00379637 0.0089515 8.45716e-05 -0.000222215 -0.000757602 1.88542e-05 0.000346522 -0.000138718 0.00199907 -0.00309697 -0.00304106 -0.00908823 -0.000254375 -0.00102461 -2.41673e-05 -0.013206 0.00216853 -0.00825792 -5.39251e-06 0.000761884 -0.00139451 -0.00448338 -0.00632651 -0.000149292 -0.00230208 -0.00976519 0.0160515 -0.000365428 -0.00223773 -0.000604871 -0.000385565 -0.000116592 8.59634e-06 -0.00011274 -0.00125282 -0.00201577 0.00174706 -0.001021 -0.000406489 -0.000250374 -1.16003e-05 0.000103469 -0.000786279 -0.000116624 8.56252e-05 -6.81919e-05 0.00248069 -0.0011872 -0.000676861 -0.000288612 -0.000765856 -0.000700705 0.0216666 -0.00688375 -0.000832626 -0.000268911 -0.00116912 0.0117456 -0.00279043 -0.000457949 -0.000281059 0.00061045 -0.000481307 
0.000913896 -0.000438733 -0.00356209 -0.00528952 -0.00435337 -5.50789e-06 -0.00280163 0.00109351 0.00382581 -0.00288978 0.00519276 0.00290213 0.0315335 -0.00482415 0.000337534 -0.00389345 0.00171556 2.41304e-05 -0.00428183 0.000148443 -0.000175937 0.00139608 0.00257074 -0.000169619 0.00131342 0.00218886 -3.0796e-05 0.000513441 -0.00239888 -1.24872e-05 -5.41094e-05 -0.00230671 0.0053706 0.00418806 -6.2792e-05 0.000371558 -0.0105712 0.00116021 -0.00435851 0.000178131 -0.000188117 -0.000828093 0.000254975 -0.00122265 0.000150129 0.00274923 -0.00185697 0.000989868 -0.0039058 0.000351888 0.00183328 0.000613317 -0.00137286 0.000930676 -0.000944154 5.84592e-05 -0.00519608 0.000281262 -0.00182645 -0.000291607 0.000250812 -0.00105712 -0.00350939 -0.000983265 0.00121884 0.00559965 0.000273124 0.000339807 -1.79586e-05 7.67453e-05 -4.84402e-05 -0.000463834 0.0021791 0.00166411 -0.000488671 0.000846957 0.000266727 0.000763277 -0.000351014 -6.86907e-05 0.00058294 0.000413793 0.000467566 -2.28978e-05 0.00252069 0.000526608 -0.000139807 -0.000516425 0.00166079 -0.000985198 0.00114458 -0.000567176 -0.00012854 0.0043711 -0.00456682 -0.00130377 0.000425411 0.000285668 -0.00508041 -0.0106164 
-0.0135936 -0.00377405 -0.0223857 0.016952 0.0147807 -0.000533836 0.0633482 -0.000989953 0.00469213 -0.0186591 -0.0119187 0.00077665 -0.00482415 0.158281 0.000765597 0.0569031 0.0211809 -0.000687504 0.0252656 -0.00295925 -0.0114318 -0.00544058 -0.00930656 -0.0229545 -0.0381044 -0.0090382 0.000247088 -0.0186269 -0.0488465 -0.0129832 -0.000502548 -0.0327995 -0.0423135 -0.0306693 -0.00133596 -0.00662453 0.0536231 -0.0434456 0.0517276 -0.00233534 -0.00458984 0.00370586 -0.00706159 -0.00266613 -0.00171853 -0.011112 -0.0019095 -0.0333668 0.0140863 -0.00383288 -0.0265512 -0.00612014 0.00668368 -0.00685642 -0.0102204 -0.00289621 0.0536464 -0.0202828 0.00343338 -7.09088e-05 -0.00152004 -0.0094065 0.028537 0.0190191 -0.00422578 -0.0254553 -0.010708 0.000683062 -0.00165396 -0.00034797 -0.00159794 6.98507e-05 -0.00399785 -0.0087075 -0.0137179 -0.00401469 -0.00445712 -0.00274059 -0.00222687 -0.0106496 0.000958504 -0.000550613 -0.000771486 0.00901352 -0.0313981 0.0013617 -0.00384302 -0.0085255 -0.000941292 0.0360923 0.00851427 -0.0092784 -0.00199972 -0.0354146 0.0461996 -0.00146848 -0.000800325 -0.00562682 0.0443371 0.0175007 
0.000302768 -0.00277864 -0.0022035 -0.00407829 -0.000104177 6.88559e-05 -0.000856722 -1.09634e-05 0.00166821 0.00224035 0.000669919 -0.000485025 0.000337534 0.000765597 0.0289852 0.00203454 -0.00141105 9.53936e-05 -0.000675787 8.82304e-05 -0.000194792 0.000100816 0.000855504 -0.000998303 -0.00183661 0.000981892 0.000128418 0.000533495 -0.00392218 -6.71396e-05 -1.31281e-05 -0.00394537 -0.00145866 0.00164275 -2.23196e-05 -0.000214686 0.000236162 -0.000657623 -0.000647895 0.000239801 6.12397e-05 0.000354552 -0.00016876 0.000426725 0.000113668 -0.000454098 0.000852961 0.00141416 -0.00202886 -0.000177795 0.000179109 0.000283766 -0.00274497 0.00108021 0.00187934 -4.74676e-05 -0.000183108 0.000293674 0.00101712 0.000189163 0.000305283 0.000652599 -0.00465753 0.00178493 -4.10214e-05 -0.00101001 -8.31857e-05 -0.000366512 -7.15727e-05 6.85563e-05 -6.36027e-05 -0.000931475 0.000434142 -0.00051486 0.000360599 0.000122023 0.00115299 0.00161676 -2.7738e-05 0.000421374 0.00218561 6.18594e-05 0.00218379 -0.00368394 -0.00113979 -0.000864547 0.000785367 -0.000126796 -1.78883e-05 0.00527286 -0.00408907 -0.000248737 -0.000136102 -0.00126431 -0.00336965 -0.00120902 1.85824e-05 -0.000272362 -0.00834635 -0.00262447 
-0.00283997 0.00726105 -0.0772049 0.0460282 0.0479566 -0.000515299 0.050872 -0.00203078 0.016373 0.00231969 -0.00262345 0.0081704 -0.00389345 0.0569031 0.00203454 0.249932 0.035505 -0.000392025 -0.0132003 -0.000210962 -0.00427792 -0.0174921 0.00400337 -0.0208206 -0.0406518 -0.0257633 0.00547682 -0.0126099 -0.0139681 -0.00676885 0.000264072 -0.107221 -0.0104436 -0.0255809 -0.001087 -0.00418984 0.0218678 -0.0326543 0.0879681 -0.00124048 -0.00257346 0.000196312 -0.00595903 0.00573862 -0.00153349 -0.00700116 0.0213273 -0.0339042 -0.0780129 -0.00327531 -0.0206627 -0.00110413 -0.094783 -0.00308007 -0.0752815 -0.00229871 0.039869 -0.0119282 -0.0476546 -0.0552137 -0.00385214 -0.00468751 -0.0404515 0.0583464 -0.00351436 -0.0221541 -0.0075093 0.00481462 -0.000943852 -0.00162425 -0.00122453 -0.00489506 -0.0110014 0.00266552 -0.0106946 -0.00403477 -0.00416974 -0.00222477 -0.000310546 0.00209918 0.00744085 -9.98474e-06 0.000662732 0.0105871 -0.026553 0.0134645 -0.00248916 -0.00781656 0.00405183 0.0938125 0.0470997 -0.00946893 -0.0016898 -0.0241895 0.134545 -0.0468954 -0.00526621 -0.00420674 0.0350746 -0.000906778 
-0.000858568 -0.0135658 -0.049832 -0.0269721 0.0306014 0.000523904 0.0156032 -0.00130641 -0.00375209 0.00286255 0.00432905 0.0189614 0.00171556 0.0211809 -0.00141105 0.035505 0.164434 -8.95419e-05 -0.0152303 -0.000162173 -0.00309343 -0.00766209 0.0284875 -0.00781849 -0.0158859 0.00313248 0.00440877 -0.00500347 -0.0360564 -0.00199189 -0.000224702 -0.0385798 -0.00857416 -0.00891979 -0.000251401 -0.00153226 0.00895025 -0.0110949 0.0124653 -0.000419885 0.000120084 -0.00216881 -0.00151557 0.0121129 -0.000729796 0.000514139 -0.00417429 -0.0124596 -0.0302746 -0.00124551 -0.00205667 -0.000554534 -0.0194007 0.00315406 -0.0245323 -0.000731092 0.00877375 -0.00813883 -0.00796364 -0.0312488 -0.00153722 -0.00475918 -0.0202643 0.0443544 -0.000906261 -0.00383187 -0.0028359 0.00127455 -0.000257753 -0.00011698 -0.000515587 0.00107555 -0.00809978 0.00134225 -0.00185248 -0.00179503 -0.000477058 -3.52682e-05 -0.00164363 -0.000774235 -0.00360029 6.80272e-05 0.00128607 -0.0137635 -0.00750485 0.00629546 0.000826748 -0.00284091 0.00745188 0.0543275 -0.00845142 -0.00243583 -0.000710711 -0.00848602 0.0380416 -0.0081371 -0.0014436 -0.00139586 -0.0151782 -0.00304593 
0.000294321 -8.4394e-05 4.26676e-05 -0.000228158 -0.000168761 2.92455e-05 -0.00068641 -3.70742e-06 4.87072e-05 1.05162e-05 7.81767e-05 -1.75342e-05 2.41304e-05 -0.000687504 9.53936e-05 -0.000392025 -8.95419e-05 0.00102371 -0.000383414 5.20859e-10 8.92151e-05 3.41935e-05 8.35671e-05 0.000156095 0.000209721 4.90829e-05 -2.8878e-05 0.00016731 0.000352738 0.000109997 1.86011e-05 -0.000150681 0.000196516 0.000110886 8.76169e-05 0.000161414 -0.000479562 0.000468173 -0.000446522 7.11594e-05 5.52616e-07 -2.54935e-05 1.97587e-05 6.40999e-05 3.92214e-05 0.000121854 0.000114184 0.000413441 -0.000195077 2.76376e-05 -1.10372e-05 4.73892e-05 -0.00024988 0.000140193 -6.25631e-05 4.92249e-05 -0.000687935 0.00019759 -9.46885e-05 -0.000122109 5.69546e-05 -4.09495e-05 -0.000297463 -0.000141946 3.99832e-06 0.000108465 8.67014e-05 2.13154e-06 1.34615e-05 3.29635e-07 2.11455e-06 -1.9111e-05 8.55504e-05 5.77277e-05 0.000208381 0.00021084 0.000277778 0.000146176 0.000123354 0.000231044 6.29883e-05 2.6675e-05 5.14238e-05 -0.000466673 0.000204775 -1.21661e-05 0.000279635 2.57867e-05 3.48387e-05 -7.85733e-05 -0.000189763 9.0326e-06 5.29121e-06 0.000319772 -0.000525123 6.5486e-05 1.04307e-05 7.041e-05 -0.000560559 -0.000401645 
-0.00970424 0.00116308 0.0418625 -0.0648792 -0.0487378 -0.00159126 0.0472842 -0.00434214 -0.0182745 -0.0187732 -0.00897968 -0.0149314 -0.00428183 0.0252656 -0.000675787 -0.0132003 -0.0152303 -0.000383414 0.247629 -0.000474223 -0.00225204 0.000899496 -0.0296442 -0.00937019 -0.05671 0.0247093 -0.010237 -0.00605284 -0.0364436 -0.00342278 -0.000652256 0.0658243 0.00106466 0.0130601 4.93197e-05 -0.00425918 0.0407906 -0.0397422 -0.0346159 -0.00137643 -0.00334267 0.00875011 -0.00638645 -0.0167957 -0.00115248 -0.00903449 -0.0186866 -0.0320658 0.0462708 0.000366008 -0.00993904 -0.00339483 0.113084 -0.00569826 0.0224284 -0.00180846 0.0498436 -0.0145608 0.0188067 0.0409158 0.000865048 0.00407128 0.0460868 -0.0807599 0.00202954 -0.0211496 -0.00791071 0.00345682 -0.00137003 0.00058924 -0.0012068 0.0128733 -0.00569687 -0.0185051 -0.0128601 -0.00228584 -0.00451893 -0.00231191 -0.00399788 -0.0161024 -0.00646491 -0.00081482 -0.00111999 -0.00761009 -0.033119 0.00627422 -0.00361388 -0.00573318 0.00195887 -0.0605486 -0.00118902 0.00219109 -2.07085e-05 -0.0155894 -0.0348897 0.0148201 -0.000146452 -0.00384029 0.0221298 0.00806632 
0.00104279 -0.000188467 -0.000361916 -0.00064364 0.000777627 -6.53049e-06 -0.00069571 6.56933e-06 -0.000226376 0.000990108 0.000725403 2.02562e-05 0.000148443 -0.00295925 8.82304e-05 -0.000210962 -0.000162173 5.20859e-10 -0.000474223 0.00481195 0.000979956 0.00028455 0.00207649 1.9542e-06 0.000529508 -6.58573e-05 0.000235531 0.000105403 0.00157476 0.000153458 5.62117e-05 -0.00101808 0.00159059 0.000400533 2.99947e-05 -1.52847e-07 -0.00244054 6.70648e-05 -0.00205844 6.02632e-05 7.33522e-05 0.000223421 5.38482e-05 -2.95903e-05 8.03944e-05 0.000171257 -0.000285412 4.66001e-05 -0.000900472 -1.35851e-05 0.00086632 0.00095603 -0.00121919 7.93418e-05 -0.000651555 6.60433e-05 -0.000878561 0.000210504 -0.000345417 -0.000570313 0.000111749 -0.000118391 -0.00102244 -0.000316723 7.90734e-05 3.25496e-05 0.000241319 1.73189e-05 1.52947e-05 2.76715e-05 -4.34345e-06 -0.000173544 4.80673e-05 0.000459017 -4.23078e-05 6.85448e-05 0.000243876 6.78846e-06 0.000268389 -8.08294e-05 -5.54281e-05 2.22751e-05 0.000139426 -0.000974095 5.11937e-05 6.46788e-05 5.46582e-05 5.36673e-05 -3.39261e-05 -3.7794e-05 0.000103032 1.59729e-05 4.43743e-05 0.000229689 0.000673515 -0.000666718 4.59393e-05 7.91837e-05 -0.000504596 -0.00234447 
0.00479908 0.00135238 -0.00185136 -0.00185878 -0.0017765 -2.36933e-05 -0.00920789 0.00016699 -0.000886799 0.00775909 0.00307861 -0.000712688 -0.000175937 -0.0114318 -0.000194792 -0.00427792 -0.00309343 8.92151e-05 -0.00225204 0.000979956 0.0184544 2.62196e-05 0.00159227 0.000524068 5.36357e-05 -0.000885166 -0.000215322 0.00237525 0.00710702 0.0074365 2.94345e-05 -0.00507816 0.000506792 -0.000372747 0.000796641 0.000686491 -0.0094511 0.00137976 -0.0102734 0.00128179 0.000399136 -0.000520982 -9.50734e-05 -0.000703554 5.67283e-05 -9.32435e-05 -0.000938573 0.00693201 -0.00343344 0.000764378 0.000593609 0.00138935 -0.00404076 0.000288881 0.000345334 0.000187975 -0.00549649 0.00493359 -0.00140764 -0.00288166 -8.58786e-05 -0.000478291 0.00106169 -0.00175796 -8.90652e-05 -0.000949696 -2.92362e-05 -2.63265e-05 0.000119992 7.05587e-05 -1.11546e-05 0.000182007 0.00737016 0.00165612 -0.000259117 0.002285 0.00179119 0.00044212 0.00123498 0.000168856 -0.000436006 -1.63675e-05 -0.000119337 -0.00485047 -0.000861146 -0.0002475 0.00142526 -0.000115105 -0.000326268 -0.00270894 0.00391981 0.00147017 0.000141356 0.00196429 -0.00105593 0.000779074 -0.000169144 0.000191672 -0.00111063 -0.00330641 
-0.00127448 -0.00182194 -0.00376282 -0.0102257 -0.00531944 -9.6445e-05 -0.00674668 9.42428e-05 -0.0031191 -0.000148002 -0.000793461 -0.00188011 0.00139608 -0.00544058 0.000100816 -0.0174921 -0.00766209 3.41935e-05 0.000899496 0.00028455 2.62196e-05 0.0432643 0.000356027 0.00867859 0.00312332 0.000357155 0.00139648 0.00477555 0.00362043 -0.00065956 1.60765e-05 -0.00109421 -0.00177962 -0.000501145 0.000146353 0.00101186 -0.00607321 0.00355782 -0.013062 0.000209581 2.56773e-05 -0.00026493 -0.000301217 -0.00111551 0.000545851 0.000387669 -0.00375709 0.000491162 0.0120613 0.000244096 0.00745339 -0.000554842 0.00935299 -0.000448589 0.00780949 0.00170516 -0.0070641 0.00400058 0.000726675 0.00971874 0.000420514 -0.00192328 0.0104687 0.00142751 -0.000127094 0.00911825 0.00215133 -0.000401049 0.000322716 0.000348886 -2.60892e-05 0.000243413 0.00121979 -0.00161642 -0.000660454 0.000180825 0.000429783 0.000300853 0.000835771 -0.00190227 -0.000495041 5.17613e-05 0.000218493 -0.00182693 -0.00105758 -0.00103511 -0.000102981 -0.000557824 -0.000854339 -0.011125 -0.00808463 -0.000635622 0.000642701 0.00549633 -0.0186551 -0.00410196 0.00159224 0.0022543 -0.00422523 -0.00372308 
0.000786878 -0.00343875 -0.0236686 -0.0133611 0.0324145 -0.000160678 0.00290683 -0.000232563 -0.00661873 0.0102938 0.00980686 0.00405784 0.00257074 -0.00930656 0.000855504 0.00400337 0.0284875 8.35671e-05 -0.0296442 0.00207649 0.00159227 0.000356027 0.0994091 -0.0048204 0.00155432 -0.00255471 0.00258955 -0.00185515 -0.0102338 -0.00111142 -0.000108526 -0.0330273 0.00974711 0.00425296 -9.66538e-05 -1.14122e-05 -0.0197339 -0.00528144 0.000320496 0.000789928 -0.000972241 -0.002065 0.00111674 0.00223773 7.48689e-05 0.00272332 -0.00710757 -0.00379388 -0.0194097 -0.000728115 0.0160842 0.00283153 -0.0275751 -0.000283564 -0.0109888 -0.000470889 -0.00424931 -0.00229912 -0.0061186 -0.0126937 -0.000340359 -0.000889849 -0.0220656 0.0368524 -0.000361753 0.00732141 0.00225803 -0.000783902 4.0966e-05 -0.000265413 -0.000318082 -0.00345636 -0.00100707 0.0144227 -0.000998649 -0.00106926 -3.17831e-05 -1.42718e-05 -0.000781423 -0.00380961 -0.00190256 -0.000101336 0.000689549 -0.00136668 -0.000188788 -0.000315391 -0.00069992 -0.000876436 0.00116683 0.0255027 -0.0223606 -0.00201012 -4.87748e-05 -0.00174344 0.0149306 -0.00974239 -0.000436298 -0.000458787 0.00744868 -0.0121917 
0.00302025 0.000796048 -0.000947852 -0.00612304 -0.00973471 -8.59974e-05 -0.015108 5.22457e-05 0.000553511 0.0121069 -0.00140799 -0.00227709 -0.000169619 -0.0229545 -0.000998303 -0.0208206 -0.00781849 0.000156095 -0.00937019 1.9542e-06 0.000524068 0.00867859 -0.0048204 0.0518875 0.00835822 0.00250631 -0.000911508 0.00628407 0.0159578 0.00157118 4.31827e-05 0.00494667 0.000799772 0.000479775 5.25785e-06 0.000919216 -0.012128 0.0109515 -0.0105906 0.000461256 0.00172429 -0.00105852 0.000848935 -0.00144017 0.000249051 -0.000149077 0.00796732 0.0050369 0.00169334 0.00357658 0.00419046 -0.000110302 0.00421809 -5.83179e-05 -0.00314364 0.00204231 -0.0106446 0.00608003 -0.00293999 0.00663394 0.000217605 -0.00174116 -0.00307227 -0.0142208 0.00113056 0.00489133 0.00573208 -0.000340314 0.000532692 4.9419e-05 0.000511841 0.000440417 0.000431474 -0.00105231 0.000969651 0.00115596 0.000348578 4.35673e-05 0.000378957 0.00439426 -0.00134132 0.000289479 -0.000326524 -0.0112239 0.000826348 -0.000200292 0.000730261 3.503e-05 -0.000482241 -0.015674 0.00482118 0.000403754 0.00114097 0.0154227 -0.0155048 0.00432923 0.000660578 0.00275256 -0.0132025 -0.00376919 
0.00827217 -9.47247e-05 0.0198823 0.0115846 -0.0301373 0.00112726 -0.0709893 0.00479432 0.0112147 0.000999201 0.000761351 -0.00396836 0.00131342 -0.0381044 -0.00183661 -0.0406518 -0.0158859 0.000209721 -0.05671 0.000529508 5.36357e-05 0.00312332 0.00155432 0.00835822 0.132472 -0.00412996 0.000239555 0.00921908 0.0433623 -3.45925e-05 4.85644e-05 0.00888912 0.00895428 0.00576459 0.000106961 0.00530386 -0.0421319 0.0580319 -0.0238172 0.00114353 0.00387022 -0.00229047 0.0097163 0.0196158 0.000982593 0.0100033 0.00467863 0.042463 -0.0268115 -0.000207617 0.00502649 4.85303e-05 -0.0313903 0.000923005 0.0224752 0.000620764 -0.0665386 0.0172519 0.00996324 -0.0186236 -0.000539918 0.00815245 -0.035472 -0.013217 9.51767e-05 0.0236152 0.010558 -0.00105675 0.00104795 -0.000327957 0.0013528 -0.00220296 0.00507645 0.00930067 0.0164943 0.00253259 0.00188252 0.000757049 0.00115567 0.00449646 0.000245364 0.000463762 -0.000683698 -0.00879165 0.0461573 0.00445054 0.00130471 0.00927876 -0.00220703 -0.0160176 0.00831544 0.000617867 0.00168696 0.0210813 -0.0285511 -0.00708248 0.000984641 0.00526394 -0.0759317 -0.0148851 
-0.00167272 -0.00416606 0.0202185 -0.0184029 -0.0125934 -0.000221816 -0.000186946 -0.000455385 -0.00410326 -0.00925203 0.0010962 -0.00261787 0.00218886 -0.0090382 0.000981892 -0.0257633 0.00313248 4.90829e-05 0.0247093 -6.58573e-05 -0.000885166 0.000357155 -0.00255471 0.00250631 -0.00412996 0.0573802 -0.0013938 0.00166439 -0.0102551 0.000294005 -6.217e-05 0.0310658 0.00888529 0.0197843 8.83897e-05 -0.000270677 0.00524451 -0.0042191 -0.0194461 -0.000138896 -0.000375449 0.000565595 -0.000663892 -0.00326638 9.10744e-05 0.00109973 -0.0028658 -0.00439575 0.00436443 0.0012368 -0.0024361 -0.000419649 0.0354561 -0.000901905 0.0131671 -0.000202331 0.00383077 -0.00181177 0.0114425 0.00545212 -0.000152197 0.00470065 -0.00800888 -0.0190308 0.00351298 0.00016331 -0.000718152 -0.000677993 -9.0062e-05 -4.43562e-05 -0.000151442 0.00248024 -0.00195203 -0.00245281 -0.00108474 -0.000657398 -0.000263058 -0.00029685 -0.000612689 -0.00220392 -0.000347501 -0.000107005 -0.000138562 -0.00887688 -0.00297054 -0.00194353 -0.000433734 -0.000330404 0.00040501 -0.0207233 -0.0148049 0.000839274 2.27858e-05 0.00565918 -0.0259632 0.00359101 0.00132196 0.000468359 -0.0178156 0.00256945 
-0.00108184 -0.000828303 -0.0079032 0.00311762 0.00518806 -1.03962e-05 -0.00120691 0.000295735 -0.00181182 0.00145024 -0.000797475 0.00218645 -3.0796e-05 0.000247088 0.000128418 0.00547682 0.00440877 -2.8878e-05 -0.010237 0.000235531 -0.000215322 0.00139648 0.00258955 -0.000911508 0.000239555 -0.0013938 0.0286327 0.00102603 0.00139485 -0.00025464 0.000114182 -0.00845155 -0.000521642 -0.00156562 -3.19516e-05 -8.77187e-05 -0.00960746 -0.000708451 0.00398684 4.80471e-05 0.000135442 -0.000571932 -5.59576e-05 -0.000336388 0.000329119 -7.78098e-05 -0.00104471 -0.000590069 -0.00500555 -0.000222007 -0.000143963 0.000309942 -0.00896168 0.000724021 -0.00377074 -3.10878e-05 -0.000846909 0.00147223 -0.00284078 -0.0033831 -0.000224567 -0.0006158 -0.00360581 0.0112945 -0.000239316 0.00104191 -0.000359857 4.87818e-05 -5.82445e-05 -7.57446e-05 -2.69035e-05 -0.00112872 -0.000608644 7.81659e-05 -0.000560109 -0.000231068 -0.000199879 3.88973e-05 0.00219491 -0.000276986 -0.000103062 7.61255e-05 0.000185854 -0.00026398 0.000816597 -0.000205957 -0.000208064 -0.000368532 -0.000361439 0.00650245 -0.00151676 -0.000542522 -9.55351e-05 4.79192e-05 0.00573064 -0.00463617 -0.000270398 -0.00022879 -0.00357113 0.00296248 
0.000721408 -2.60144e-05 0.00179173 -0.00804843 -0.00394526 4.00786e-05 -0.0164242 7.17321e-05 -0.00193106 0.00126171 -0.000351334 -0.00108399 0.000513441 -0.0186269 0.000533495 -0.0126099 -0.00500347 0.00016731 -0.00605284 0.000105403 0.00237525 0.00477555 -0.00185515 0.00628407 0.00921908 0.00166439 0.00102603 0.0272132 0.00768085 0.00284642 0.000116471 0.00245415 0.00313122 -6.67099e-06 0.000130199 0.00140832 -0.0120513 0.0106902 -0.0131566 0.00063526 0.00147497 -0.000727678 0.0014864 0.000153719 0.000451598 -0.000371081 -0.00169235 0.00546397 0.000835959 0.00124559 0.00499254 -0.000295606 -0.00141644 0.000318624 0.00736855 0.000714349 -0.0136925 0.00852129 -0.00173176 0.00116507 0.000340696 0.000391833 -0.00422455 0.00452552 0.00128379 0.0113825 0.00237049 -0.000244172 0.000246767 3.33305e-05 0.000326938 0.000575172 0.0018652 -0.00059824 -0.000118744 0.000745418 0.00117401 0.000893823 0.00154479 -0.000980341 -0.000170328 -8.58824e-06 0.000116161 -0.0032153 0.00486051 -0.000878778 0.000779774 0.00115839 -0.000427582 -0.00573596 -0.00392085 0.00228206 0.000334323 0.0083961 -0.016073 -0.0002095 -0.000121415 0.00110967 -0.0115675 0.00180847 
0.0236885 0.00329623 0.000234552 0.04786 -0.0298074 -0.000153459 -0.0575187 -0.000452777 0.00970491 0.0213869 0.00343107 -0.0064008 -0.00239888 -0.0488465 -0.00392218 -0.0139681 -0.0360564 0.000352738 -0.0364436 0.00157476 0.00710702 0.00362043 -0.0102338 0.0159578 0.0433623 -0.0102551 0.00139485 0.00768085 0.157114 0.0070012 0.000893618 -0.00910805 0.0202486 -0.0040975 0.000902753 0.00399636 -0.0881184 0.0480109 -0.017196 0.00103129 0.00436189 -0.00452477 0.00471877 0.0043169 0.000184687 0.0073536 0.0264938 0.0402099 -0.0363697 0.00102877 0.00627765 0.00334447 -0.061015 0.000204085 -0.00588979 0.00223731 -0.0431412 0.0140799 -0.0100697 -0.0282778 -0.00173993 -0.00511983 -0.0172936 -0.0347867 -0.00120571 0.00970626 0.00865381 0.00105168 0.00162245 -1.87258e-05 0.00111083 -0.00548534 0.00782045 -0.0030214 0.0137371 0.00724889 0.00230497 0.000917277 0.00312533 0.00927357 -0.00434723 0.000457352 -0.00112818 -0.0134051 0.0289023 -0.000312542 0.00296922 0.00787096 -0.00376932 -0.0312594 0.0560089 0.00442748 0.00241118 0.0230236 0.00785719 -0.0173763 -0.000832584 0.00507085 -0.034196 -0.0106718 
0.00385958 0.000367821 0.000348647 -0.00114008 -0.00172597 -1.2318e-05 -0.0100449 7.88573e-05 -0.00126814 0.00487029 0.0013636 0.000215381 -1.24872e-05 -0.0129832 -6.71396e-05 -0.00676885 -0.00199189 0.000109997 -0.00342278 0.000153458 0.0074365 -0.00065956 -0.00111142 0.00157118 -3.45925e-05 0.000294005 -0.00025464 0.00284642 0.0070012 0.0185028 1.22287e-05 -0.000315358 0.00150188 0.00137544 0.000717529 0.00153189 -0.00771936 0.00295492 -0.00855385 0.000727931 0.000523611 -0.000481473 7.02418e-05 -0.000107289 -5.73453e-06 0.000710182 -0.0010511 0.00866121 -0.00379307 0.00108848 -0.000708143 0.000987353 -0.00264574 -0.000248664 0.00212657 0.000325893 -0.00672492 0.00372165 -0.00130588 -0.00271842 -5.04709e-05 -0.000248028 -0.0018662 -0.00197065 3.2228e-05 -0.000607562 8.77879e-05 -0.000160314 0.000113612 4.21091e-05 0.000159665 0.000249469 0.00666875 0.000758151 0.000573074 0.00226879 0.001669 0.000385497 0.0013161 0.000512293 -0.000145876 -1.46781e-05 -0.000103197 -0.00467256 0.000928082 -0.000587935 0.00158873 0.000333374 -0.000344796 -0.00307485 0.00132286 0.00174123 -7.30767e-05 0.00247644 -0.00501539 0.00280683 -7.04352e-05 0.000134865 -0.00418512 -0.00115759 
0.000482649 -2.52354e-05 -0.000535294 0.000564268 -0.000125935 6.16674e-05 -0.000710612 1.07203e-05 0.00042041 -6.74762e-05 6.48263e-05 -6.39574e-06 -5.41094e-05 -0.000502548 -1.31281e-05 0.000264072 -0.000224702 1.86011e-05 -0.000652256 5.62117e-05 2.94345e-05 1.60765e-05 -0.000108526 4.31827e-05 4.85644e-05 -6.217e-05 0.000114182 0.000116471 0.000893618 1.22287e-05 0.00209804 -0.000639246 -3.72632e-05 -7.57696e-05 3.44655e-06 -1.59552e-05 -0.00116293 0.000267752 -6.32856e-05 9.36851e-06 0.000185351 -5.33417e-05 -6.4653e-07 0.000187074 1.58088e-05 2.70033e-05 0.000523156 0.000293051 -0.000391292 2.24208e-06 9.33764e-05 3.20619e-05 -0.000596235 0.000256393 -0.000175428 0.00023369 -0.000336602 7.63455e-05 -0.000211301 -0.00029222 -1.81095e-05 -5.63812e-05 -0.000472776 -0.00023593 -1.40795e-05 0.000116006 -1.87478e-05 7.36821e-05 4.02794e-05 2.94971e-05 1.69295e-05 -7.81329e-05 -9.57826e-07 -7.057e-05 2.64662e-05 0.000116688 0.000115913 2.92913e-05 7.11701e-05 0.000683524 -4.63314e-05 1.18757e-05 9.12329e-07 -0.000468587 -6.09944e-07 8.58676e-05 8.82431e-05 -1.51717e-05 6.63344e-05 -0.000374237 0.000578332 -4.4581e-06 3.21879e-05 1.12582e-05 0.000406373 -0.000237201 -2.06366e-05 2.61372e-05 -0.000501229 -0.000374253 
-0.00917032 -0.00347908 0.076824 -0.0609957 -0.0715822 -0.000603858 -0.00991537 -0.00181406 -0.0117788 -0.0413531 -0.0071083 -0.0121852 -0.00230671 -0.0327995 -0.00394537 -0.107221 -0.0385798 -0.000150681 0.0658243 -0.00101808 -0.00507816 -0.00109421 -0.0330273 0.00494667 0.00888912 0.0310658 -0.00845155 0.00245415 -0.00910805 -0.000315358 -0.000639246 0.22301 0.0142312 0.0277226 -0.000217736 0.00183524 0.0234973 0.00853732 -0.0433026 -0.00113397 -0.000403575 -0.000860741 0.00119772 -0.0085035 -0.00069389 0.0037065 -0.0167623 0.00851975 0.0628113 0.000659753 -0.00666217 -0.00308418 0.127535 -0.00170853 0.0540921 -0.0010283 -0.0057997 0.00252963 0.0373154 0.0563831 0.00231272 0.017554 0.0190109 -0.0909178 0.00278982 3.23605e-05 1.81154e-05 -0.00400399 -0.000316697 -0.000613734 0.00095977 0.00876981 -0.0110143 -0.0150719 0.00684987 -0.00336728 -0.00225774 -0.00116366 -0.00206012 -0.00562392 -0.00680145 -0.000573886 -0.00206014 -0.00306742 0.0168688 -0.00854992 -0.00194679 0.00794396 -0.00196384 -0.102565 -0.0547081 0.00787331 0.000322599 0.0129541 -0.112208 0.052394 0.00327263 0.000459565 -0.0265923 0.0173549 
0.004593 -0.000582604 -0.00409175 -0.00826113 -0.00391258 -0.000285365 -0.0129927 -0.000162474 -0.00588546 0.000622272 0.0106654 -0.00100988 0.0053706 -0.0423135 -0.00145866 -0.0104436 -0.00857416 0.000196516 0.00106466 0.00159059 0.000506792 -0.00177962 0.00974711 0.000799772 0.00895428 0.00888529 -0.000521642 0.00313122 0.0202486 0.00150188 -3.72632e-05 0.0142312 0.0820161 0.0265067 7.28134e-05 0.00135812 -0.0266683 0.0133476 -0.0198955 0.000120417 -9.44962e-06 -0.00122371 0.00200811 -0.00465909 -0.000169066 0.00651882 0.00307121 0.0069697 -0.015827 0.000147892 0.01254 0.00337646 -0.000944877 -7.48916e-05 0.000756447 -0.000555851 -0.0171028 0.00134333 -0.00696556 -0.00862344 5.72874e-05 -0.00108421 -0.0220883 -0.00265008 0.00229149 0.0112322 0.00487967 -0.000304521 0.000253176 0.00023646 0.00047703 -0.00276008 -0.00395134 0.00598347 0.00572437 0.00056341 0.000124595 0.000688235 0.00138704 -0.00258677 -0.00130149 -3.38316e-05 -9.47989e-05 0.00363915 0.0118613 -0.00243765 -0.000346847 0.00118576 0.00183023 -0.022482 -0.00803396 -0.000165586 0.000613748 0.0205383 -0.0129839 -0.0101559 0.000253607 0.00171985 -0.0149826 -0.0143274 
-0.000431198 -0.00298293 0.0148025 -0.0208367 -0.0143902 -0.000227144 -0.00768193 0.00046512 -0.00386822 -0.00887593 0.00647044 -0.00263425 0.00418806 -0.0306693 0.00164275 -0.0255809 -0.00891979 0.000110886 0.0130601 0.000400533 -0.000372747 -0.000501145 0.00425296 0.000479775 0.00576459 0.0197843 -0.00156562 -6.67099e-06 -0.0040975 0.00137544 -7.57696e-05 0.0277226 0.0265067 0.0731628 5.11799e-05 0.000872506 -0.00297801 0.0033701 -0.024907 0.000332533 -0.000462636 -0.00119992 6.4766e-05 -0.00391396 0.000587115 0.00392785 -0.00152376 0.000229129 -0.00102035 0.000420482 0.00924252 0.00229166 0.0258796 -0.000128313 0.0198635 -0.000532467 -0.00736372 0.00211331 0.011605 0.00436829 0.000865198 0.0052215 -0.0149646 -0.0173668 0.00272166 0.00916648 0.00183623 -0.000328192 -4.28181e-05 -0.000159405 0.000306952 -0.00229936 -0.0030935 0.00269433 0.00241333 -0.000791586 -2.98433e-05 -1.81583e-06 -7.67117e-05 0.000290025 0.000642522 -8.00496e-06 -5.17572e-05 0.00219826 0.00319735 -0.00121409 -0.000477972 0.000206097 4.8957e-05 -0.0202782 -0.0090448 -0.000787376 0.000816719 0.0130403 -0.0355207 -0.00511275 0.00256619 8.14918e-05 -0.0316178 -0.0127065 
