0.164136 0.023123 0.0307231 0.0675111 0.0638061 -0.0693021 0.105007 -0.00865291 -0.00228431 -0.031457 0.0990551 -0.00127636 -0.00061107 0.0123443 0.047054 0.00887516 -0.00682694 -0.00184932 -7.43858e-05 -0.00251794 -0.00950592 -0.000705997 0.0255617 -0.00525033 0.0157368 -0.00457982 -0.0136507 -0.000715083 -0.00990863 -0.0552429 -0.00578665 0.00129084 -0.00582507 -0.0826531 -0.0324901 -0.00819303 -0.042768 0.00124181 0.000404089 -0.025029 0.00246008 0.0024353 -0.0140473 -0.003721 -0.00189397 -0.0292396 -0.000820015 -0.0252021 0.0570583 -0.000252313 0.000102608 -0.0334303 -0.00380213 -0.0805356 -0.00250006 -0.0267553 0.00168949 -0.00277094 0.0818814 -0.00171475 -0.00290154 0.0134393 0.00130715 -0.0779762 0.00346702 -0.00958171 -0.0145482 -0.0125302 -0.0014129 -0.0282073 0.000845984 -0.00065922 -0.0368798 -0.000152231 -0.0267847 -0.000819764 -0.000314726 -0.0161607 -0.00287218 0.000249429 -0.00404212 0.00637978 0.000774689 -0.00121078 -0.0746529 -0.00238009 1.32296e-05 0.0062211 -0.0334924 0.0557621 0.00151343 -0.0173121 -0.000122864 0.00160421 -0.000866805 0.036605 -0.000798729 -0.0079505 0.0873532 0.00143948 
0.023123 0.12645 -0.0239904 0.00407611 -0.00784525 -0.0168609 -0.00281256 -0.00121169 0.00117495 -0.0103169 0.0308736 0.00292661 -0.000342574 0.00431382 -0.019724 -0.00046748 -0.00213739 -0.00518597 0.000632633 0.00390102 -0.00691941 -0.000274021 0.0102461 -0.00106923 -0.00337593 -0.00333498 0.00082112 0.00107549 -0.00744025 0.00493611 -0.00103013 0.00500244 0.00380706 -0.00863092 -0.0305776 0.00101165 0.0101788 -0.000260902 -7.48624e-05 -0.0209433 -0.000180921 -0.00417217 -0.00242237 -0.00116984 -0.00121035 -0.01351 0.00203232 -0.0136206 0.023527 -0.00017096 -0.000985281 -0.0151402 2.15372e-05 -0.0146864 -0.00298363 0.0275079 0.0156737 0.004859 0.0185698 0.00288719 -0.00457871 0.0313539 0.00121457 -0.0255854 0.000902226 0.00348702 -0.0173535 0.00918883 -0.00145526 0.0230134 -0.00523645 -0.00321626 0.00548901 0.000144447 -0.00608748 -0.000911994 0.0010176 -0.0153556 -0.00274958 -0.000462663 0.0256044 -0.00179865 0.00537929 -0.000756852 -0.0228278 0.0121759 -0.00144823 0.00109663 -0.0433897 -0.0209583 0.00167282 -0.021174 0.00257531 -0.00969242 0.000397808 -0.00671284 0.00112295 -0.00238742 0.00452719 -0.000774427 
0.0307231 -0.0239904 0.241741 -0.050516 0.0348604 -0.021893 0.0475672 0.00649542 -0.00307321 -0.049151 0.0148994 -0.011893 -0.000767272 -0.0119683 0.0474746 0.00294802 -0.0296644 -0.0295518 -0.00320109 -0.00742215 -0.0259347 -0.00129007 -0.0252441 -0.0141191 0.00106189 0.00046071 -0.0160739 -0.00674701 0.00520875 0.0104268 -0.00945119 -0.0122513 -0.0153871 -0.0120299 0.00993693 -0.0189152 -0.040964 -0.00320821 0.0118385 0.0114795 -0.00794558 0.00185274 -0.00573013 -0.0155822 -0.00309498 0.0159077 -0.0187033 -0.0130144 -0.0541359 -0.000266707 -0.00531757 -0.0266071 -0.0149983 0.0280094 0.0031847 0.00880752 -0.00843753 -0.0135335 0.00189144 -0.00169421 0.0193802 0.0272194 0.0337884 0.0655785 0.000558542 0.00478644 0.0115093 -0.0258229 -0.00888852 0.0220162 0.00637909 0.00396084 -0.0228368 -0.00018397 -0.0346116 -0.00136511 0.00245245 -0.0216149 -0.00771162 -0.00222955 -0.0683059 0.0051117 -0.0198763 -0.00330566 0.0442365 -0.0332863 0.00251559 0.00144666 0.00408766 0.0511808 -0.00334009 0.0330346 -0.00529024 0.0102202 -0.000978331 -0.0141038 -0.00729525 -0.00529276 0.039194 -0.00532456 
0.0675111 0.00407611 -0.050516 0.202667 0.0754551 -0.105898 0.0829001 -0.0122646 -0.00274286 0.0272027 0.088747 0.00346405 -0.000374776 0.026677 0.029058 0.00308125 0.015756 0.0420872 0.00141343 -0.00275039 0.00725022 0.000323466 0.0784087 0.00247774 0.013551 -0.00465453 -0.0379526 0.00894667 -0.0131776 -0.0772886 -0.0103266 0.0132287 0.00812743 -0.107752 -0.00182946 -0.00251289 -0.0338012 -0.00184711 -0.00716523 0.00147308 0.0071927 0.000393051 -0.0203132 0.0116565 -0.000638032 -0.0419925 0.024765 -0.0343249 0.121379 -0.000138537 -0.00194858 -0.0530515 -0.00236297 -0.108393 -0.00140464 -0.0427525 -0.00256215 -0.00335114 0.0928845 -0.000929785 -0.00649313 -0.058367 -0.0418752 -0.13584 0.000143086 -0.04555 -0.0311942 -0.0157386 -0.000668545 -0.0362997 0.000546393 -0.00577771 -0.0474569 -0.000251785 -0.0108643 0.000787367 -0.00253282 0.0147065 0.00525968 0.00262402 -0.0132143 0.00155007 0.00281027 0.000225368 -0.0905433 0.0155641 -0.00203673 0.00458403 -0.0104644 0.0599096 -0.0057239 -0.0175243 0.00185391 0.0486143 -0.000745605 0.0841767 0.000790392 -0.000945224 0.0577243 0.00310111 
0.0638061 -0.00784525 0.0348604 0.0754551 0.188844 -0.0826112 0.107136 -0.0034416 -0.00113412 -0.0201996 0.0726979 -0.0015698 -0.000510424 0.00789696 0.0588861 0.00387983 -0.00886937 0.0165651 -0.000571092 0.00151065 -0.0113649 -0.000701332 0.059748 -0.00431225 0.0126426 -0.00344484 -0.0656157 0.0010366 0.00327936 -0.0431841 -0.00706386 0.000293166 -0.00345969 -0.09247 0.0192068 -0.00500419 -0.0583783 -0.0020227 -0.00744017 0.0153739 0.00523897 -0.0056217 -0.014192 0.00498217 -0.00116296 -0.0265714 0.00315217 -0.0204667 0.0633366 -0.000361075 -0.00262791 -0.0422697 -0.00265269 -0.0717125 0.00386408 -0.026575 -0.0115689 -0.0113076 0.0544374 -0.00140517 -0.00394303 -0.0138963 -0.0107385 -0.0757852 0.00118184 -0.0160683 -0.0354622 -0.0148186 -0.00265126 -0.0718591 0.00271156 -0.00109417 -0.0559955 -0.000237906 -0.0311184 -0.00129429 0.00105929 0.00730321 0.00184626 0.000296934 -0.028982 0.00486395 -0.00505478 -0.0015234 -0.0991152 -0.00447335 0.00824869 0.00377397 -0.0198516 0.0795739 -0.00270681 0.00670442 -0.00125056 0.029556 -0.000702305 0.0590995 -0.00182599 0.011915 0.0738837 1.07014e-05 
-0.0693021 -0.0168609 -0.021893 -0.105898 -0.0826112 0.249649 -0.111224 0.00954109 -0.00148051 0.00107076 -0.0807695 -0.00296579 -0.000840865 -0.0250626 -0.0659354 -0.0063221 0.00191778 -0.0330986 -0.000684802 -0.000394073 0.00248401 0.000199043 -0.0696858 0.00529854 -0.0142083 0.00425273 0.0284115 -0.0041428 0.00326464 0.0780407 0.0108589 -0.00767849 -0.00444966 0.162137 -0.0585919 0.00247923 0.0755973 0.00157102 -0.00114775 -0.0557985 -0.00737271 -0.00886978 0.0232607 -0.00324544 0.00123606 0.0520596 -0.0137704 0.0335933 -0.082427 0.000506306 -0.000629609 0.0853804 0.00814252 0.144201 -0.00868508 0.0401092 -0.00299891 -0.000453822 -0.082203 -0.00626442 0.0136113 0.0659373 0.0373641 0.0919652 -0.00236307 0.0506726 0.0109429 0.0189295 0.000345913 0.0185527 -0.0116989 0.00660034 0.0860948 -0.00018096 0.0279454 -0.00116829 0.0013217 -0.0239378 -0.00909076 -0.00177283 0.0280327 -0.00569743 0.000894035 -0.00143465 0.082476 -0.00635286 -0.00458178 -0.00716063 0.0054011 -0.130901 -0.00295979 -0.0565387 0.00112125 -0.111364 -0.0018403 -0.060843 -0.00481208 -0.0109947 -0.0601882 0.000377744 
0.105007 -0.00281256 0.0475672 0.0829001 0.107136 -0.111224 0.204201 -0.011735 -0.00340414 -0.000400592 0.0852592 -0.00212907 -0.000647862 0.0083835 0.074201 0.00800085 -0.00852133 0.0025809 -0.00141028 -0.00388965 -0.00670082 -0.000688717 0.0395163 -0.00325189 0.0148703 -0.00477086 -0.0332153 -0.00261787 -0.00888621 -0.0785992 -0.0106336 -0.00394344 -0.00640442 -0.123184 0.0361408 -0.00963808 -0.0839532 -0.00154919 -0.00364005 0.0226977 0.00567711 0.00459836 -0.0234075 -0.00260588 -0.00287229 -0.0356799 -0.00229498 -0.0340451 0.0574261 -0.000387052 0.000148053 -0.054953 -0.00520347 -0.114089 -1.7353e-05 -0.0431035 -0.00932309 -0.00408632 0.0825757 -0.00333634 -0.0022093 -0.0286201 -0.0144284 -0.0790393 0.00242407 -0.027505 -0.0281562 -0.0186131 -9.38676e-05 -0.0590413 0.00706977 -0.00345379 -0.0614294 -0.00023316 -0.0520374 -1.18476e-05 -0.00186897 0.0159439 0.00566094 -0.000444039 -0.0278768 0.00684202 -0.00453182 -0.00107776 -0.0811741 -0.00850607 0.00475293 0.00650858 0.00293421 0.112136 -0.000205574 0.0280543 -0.00224259 0.0561298 -0.000970113 0.0496965 -0.001107 -0.00213376 0.0850297 -0.00180257 
-0.00865291 -0.00121169 0.00649542 -0.0122646 -0.0034416 0.00954109 -0.011735 0.0431674 -0.000264913 -0.0086883 -0.00733003 -0.000489092 -0.000124709 -0.00511966 -0.00632521 -0.000584195 -0.00253292 -0.00527825 -0.000166302 -0.000118512 -0.0025425 -0.000158895 -0.00717973 -0.00110607 -0.00129823 0.00138906 -0.0171185 -0.000786175 0.00832205 0.0213666 0.00662473 -0.000809138 0.000828762 0.02074 -0.00950192 -0.00141329 0.000536551 -0.000260141 0.00121955 -0.00648031 -0.00114026 -0.00165535 -0.00288524 -0.00223028 0.00215942 0.0109348 0.000653264 0.0126823 -0.0105664 4.91828e-05 -0.00064103 0.00766485 -0.000830369 0.0237955 -0.000191796 -0.0006006 -0.000920033 -0.00205807 -0.00672883 -0.000542403 -0.000313055 0.0181204 0.00456839 0.00367346 -0.000201352 0.0249327 -0.00687055 -0.00109483 -0.000981452 0.0102334 -0.00150113 0.00126625 -0.00419082 -1.40671e-05 -0.00537286 0.00155614 0.00315892 -0.00619494 -0.00120924 -0.000200454 0.000459966 -3.38901e-05 0.000317186 -0.000324953 -0.000719118 -0.00274685 0.000608452 -0.00052938 -0.0158039 -0.0150978 0.000522576 -0.00692863 -0.000339814 -0.00943762 -0.000125094 -0.00606477 -0.000558872 -0.00171422 -0.00456157 -0.000483776 
-0.00228431 0.00117495 -0.00307321 -0.00274286 -0.00113412 -0.00148051 -0.00340414 -0.000264913 0.0128477 -0.000922195 -0.00245748 0.00471659 -3.23281e-05 0.000299365 -0.00266109 -9.87386e-05 -0.000718319 -0.00120981 -4.5987e-05 0.000185317 -0.000715249 -2.39243e-05 -0.00035258 -0.000105947 -0.000329547 -0.00017758 0.00168015 -0.000211655 -0.000197984 0.000575512 0.00023207 -0.00027621 0.000971029 0.00441305 -0.00309589 0.00161775 0.00230584 -0.000123866 -0.00109095 -0.00180695 -0.000295795 -0.00034929 0.000759712 0.00096481 0.00013466 -0.00172176 -9.70149e-05 0.000489607 -0.00133537 1.30884e-05 -8.59681e-05 0.00464128 -9.10362e-05 0.00321517 0.000338506 0.00299838 -0.000166607 -0.000687775 -0.00198358 0.000544207 -0.000732961 0.00468182 0.00115564 -0.00256181 -6.50541e-05 -0.00239544 -0.00151587 0.005194 -0.000235168 0.00376307 -0.00032899 -0.000318292 0.00290113 3.08698e-05 0.00343534 -0.000126974 -0.000107784 -0.00171124 -0.000205183 -3.27602e-05 0.00318844 -9.43098e-05 -0.000522502 -8.5705e-05 -0.00444772 -0.000467828 -0.000180398 -0.000237144 -0.00267874 -0.00402869 7.95155e-05 -0.00173783 -0.000109348 -0.00336603 9.00717e-05 -0.0017853 -8.98401e-05 5.47529e-05 -0.00171717 4.52112e-05 
-0.031457 -0.0103169 -0.049151 0.0272027 -0.0201996 0.00107076 -0.000400592 -0.0086883 -0.000922195 0.165729 -0.0156982 0.00128039 0.000668964 -0.0112223 -0.000398535 -0.000756299 0.0184872 -0.00173773 -0.000882658 -0.00289322 0.025852 0.00122019 0.0323347 0.0097541 -0.00284286 0.00231689 0.00145184 -0.000307626 -0.00329778 -0.036508 -0.00631163 0.00339932 0.0122797 0.00246349 0.0247986 -0.000841676 0.0120833 0.00178228 -0.0012691 0.0139509 -0.00415926 0.0116865 -0.00503136 -0.000170184 0.001763 0.00319878 0.0188725 -0.022795 0.00287627 0.000151147 0.00681406 -0.0133598 -0.00133316 -0.0131216 -0.000496459 -0.0213985 -0.00469865 0.0143845 0.00605569 -0.00343613 0.0117101 -0.0466972 -0.0123929 -0.0104931 -0.000930859 -0.0314345 -0.0159065 0.00304627 0.00248283 -0.0381788 -0.00590603 -0.00482172 0.0210007 0.000285397 -0.0169086 -0.000757128 -0.00215509 0.000866234 0.00924406 -0.000310916 -0.0174353 -0.00137161 -0.00291551 0.00036764 0.0215234 -0.00144787 -0.00186732 0.000526025 0.0414694 -0.0210598 -0.00776976 0.00825432 -0.00040214 0.0165855 -0.000277681 0.00354892 -0.000129738 -0.00204822 -0.024184 -0.00093437 
0.0990551 0.0308736 0.0148994 0.088747 0.0726979 -0.0807695 0.0852592 -0.00733003 -0.00245748 -0.0156982 0.157925 -0.00352553 -0.00034491 0.0225813 0.0395399 0.00533293 -0.00100814 0.0124014 0.000259306 -0.00323564 -0.00581988 -0.00054063 0.0585295 -0.00526783 0.0188038 -0.0041707 -0.0361264 0.00623027 -0.00922666 -0.0542996 -0.00670433 0.012854 0.00117576 -0.0857772 -0.0376838 -0.00610824 -0.0329215 -0.000906782 -0.000623915 -0.0283112 -0.000298947 0.00288498 -0.0152667 0.00292801 -0.00129082 -0.0270964 0.0157512 -0.0234153 0.0779564 -0.000259156 -0.00119717 -0.03779 -0.00486639 -0.0756412 -0.00338826 -0.0284311 0.00287078 0.000451924 0.0987914 -0.00193762 0.00270225 -0.00127852 -0.0179565 -0.0996614 0.00323459 -0.00383183 -0.032322 -0.0123386 -0.000918707 -0.0404284 -0.00611065 -0.00476441 -0.0415667 -0.00014439 -0.0293646 -0.0022192 0.00107421 -0.0241166 -0.00180353 0.00145394 -0.0042524 0.00454034 0.00246488 -0.000872712 -0.0927928 0.00516852 0.000352732 0.0108033 -0.0449287 0.0360192 -0.000573214 -0.0314684 0.000221242 -0.00149612 -0.000420273 0.0732623 0.000216333 -0.00771146 0.0814576 0.00130781 
-0.00127636 0.00292661 -0.011893 0.00346405 -0.0015698 -0.00296579 -0.00212907 -0.000489092 0.00471659 0.00128039 -0.00352553 0.0285224 -7.20836e-05 0.00441105 -0.00359272 7.71142e-05 -0.00127216 -0.00198898 -8.55724e-05 0.000831491 -0.00115999 -5.24621e-05 0.00165316 0.000908505 -0.000455321 -0.00040629 0.000944064 -0.000313128 -8.78041e-05 -0.00254332 -0.000707723 0.000222281 0.00277899 0.00108457 -0.00496302 0.00068728 0.00185994 8.25909e-05 -0.0030783 -0.00383026 -0.000451413 -0.000997434 -0.000678332 0.0036523 -0.000135814 -0.00182478 0.00168559 -0.00199583 0.00436395 -2.16466e-05 -6.29553e-06 0.00330894 -8.53903e-05 -0.0010983 -0.000325128 -0.00142984 0.00225497 -0.000888081 -0.00153395 0.000229029 -0.00196871 0.00369509 0.00180085 -0.0095351 -0.00011938 -0.00213101 -0.00280756 0.00638746 -0.000382018 0.00304441 -0.000695104 -0.000552122 0.00281149 1.23452e-05 0.00452445 -0.000202392 -0.000308678 -0.00252178 -5.6033e-05 -8.98534e-05 0.0042306 -0.000178314 -0.00127009 -0.000164236 -0.00583179 0.00332928 7.18429e-06 -0.000464359 -0.00358242 -0.0011294 -0.000649535 -0.00418654 9.78675e-05 -0.000763265 0.000211757 -0.00230709 4.6679e-07 0.000380814 -0.000625902 -2.71924e-05 
-0.00061107 -0.000342574 -0.000767272 -0.000374776 -0.000510424 -0.000840865 -0.000647862 -0.000124709 -3.23281e-05 0.000668964 -0.00034491 -7.20836e-05 0.00398684 -0.000161909 0.000856961 0.000674333 7.4339e-05 0.000971345 1.17347e-05 -2.13318e-05 -1.45324e-05 4.59407e-05 -0.000621543 -5.9045e-05 -2.95024e-05 0.000205672 -0.000180517 0.000342975 0.000670767 -0.00076619 -8.01517e-05 0.00017598 0.000106049 -0.00121091 0.00107457 -1.31045e-05 -0.000455986 3.2959e-06 -9.40183e-05 0.00126921 8.85686e-05 0.00026121 -0.000278142 0.00016312 0.000297976 -0.00040839 0.000292437 -0.000235712 -0.000402634 -2.74581e-06 0.000264548 -0.000375519 -2.21177e-05 -0.000948822 0.000137525 -0.0004112 -9.74846e-05 -8.53283e-05 -0.000328705 -3.72582e-05 0.000231417 -0.00164506 -0.00112156 -0.000359763 4.53964e-06 -0.000533959 0.000262221 4.80509e-05 -7.00594e-06 -0.000585939 0.000346445 5.56682e-06 -0.000311149 4.16164e-05 0.000538771 -2.58874e-05 -1.93987e-05 3.39387e-05 0.000157434 0.000174942 -0.000374509 -3.08085e-05 -7.48184e-05 6.19129e-05 -0.000426954 -7.32893e-05 6.13546e-05 2.72201e-06 -0.000230181 0.000421606 -0.000129764 0.00124083 0.000148401 0.000498229 0.000186483 -3.67073e-05 0.000274643 0.00103139 -0.000418645 1.92907e-07 
0.0123443 0.00431382 -0.0119683 0.026677 0.00789696 -0.0250626 0.0083835 -0.00511966 0.000299365 -0.0112223 0.0225813 0.00441105 -0.000161909 0.105931 -0.0215789 -0.000833789 0.000944536 0.0138211 0.00116823 0.000767393 -0.0041832 -1.93619e-05 0.0334971 -0.00291355 0.00238858 -0.00251378 -0.00832316 0.0034429 -0.00478397 -0.0277288 -0.00374657 0.00489138 -0.0021615 -0.0409295 -0.0114188 -0.00273326 -0.00720562 0.000397718 -0.0123823 -0.0109517 0.00402266 -0.00269376 0.00206174 0.00776293 -0.000949002 -0.0139428 0.00410596 -0.00980338 0.0445263 -0.000203677 -0.000817755 -0.0139689 -0.00162328 -0.036235 -0.00187578 -0.0149958 -0.00274492 0.00156901 0.0187131 0.00341982 -0.00742342 -0.0158336 -0.016079 -0.0252793 -0.000361497 -0.0135991 0.0108954 -0.00330097 -0.00110435 0.0237944 0.00356951 0.0030606 -0.0174572 -0.000101143 -0.010716 -0.000915626 -0.00124672 -0.006462 -0.00253532 0.000525367 -0.0116264 -0.00164889 0.00398328 0.00173759 -0.0214055 0.00974969 -0.00186892 -0.00132937 0.00884011 0.0277227 0.00716816 -0.0123572 4.26348e-05 0.00705621 0.00174756 0.0227152 0.00769324 -0.00307764 0.0132001 -0.000314351 
0.047054 -0.019724 0.0474746 0.029058 0.0588861 -0.0659354 0.074201 -0.00632521 -0.00266109 -0.000398535 0.0395399 -0.00359272 0.000856961 -0.0215789 0.173168 0.00653396 -0.0104668 0.00104848 -0.000752394 -0.0014884 -0.00553462 -0.000632446 0.00447469 -0.00485715 0.0127399 0.0039808 -0.0511075 -0.00170064 0.0113455 -0.0466787 -0.00680703 -0.00331654 -0.00324264 -0.0666421 0.0461548 -0.00662011 -0.0496077 -0.00202684 -0.00635133 0.0239888 -0.000507626 0.00380509 -0.0091847 -0.0098548 -1.98102e-05 -0.00624552 0.00283534 -0.0234745 0.00571882 -0.000227256 -0.00250956 -0.0319932 -0.00304832 -0.0505744 0.00765023 -0.0336552 -0.00628575 -0.00854119 0.0321938 -0.00304416 0.0129976 -0.0463133 0.00377451 -0.0371042 0.00201454 -0.022524 -0.00982827 -0.0111143 -0.00292056 -0.0602179 0.0112049 -0.00423697 -0.0342728 -8.30634e-05 -0.0183105 -0.00120616 -0.00016935 0.0244798 -0.00110109 -0.000815727 -0.0204274 0.00659436 -0.00354982 -0.00132811 -0.0503753 -0.00766195 0.00598057 0.00240538 -0.0116907 0.0687858 -0.00293216 0.0421444 0.00100821 0.0367508 -0.000707164 0.0194658 -0.00274713 0.0123656 0.0473521 -0.0011803 
0.00887516 -0.00046748 0.00294802 0.00308125 0.00387983 -0.0063221 0.00800085 -0.000584195 -9.87386e-05 -0.000756299 0.00533293 7.71142e-05 0.000674333 -0.000833789 0.00653396 0.0137997 -0.000746955 -0.000700015 0.000133603 -5.64475e-06 -0.000316324 2.84175e-05 -0.00167077 -0.000393918 0.00532504 -0.000230087 -0.00217765 -0.000229986 -0.000537946 -0.00387655 -0.000490638 -0.000236906 -0.000323176 -0.0062856 -0.0017353 -0.000381669 -0.00907006 -6.81465e-06 -0.00118705 -0.00050511 0.0013071 0.00107854 -0.00115358 -0.000475543 3.44185e-05 -0.00216828 0.0016334 -0.00182018 -0.000405738 -1.38596e-05 0.000180528 -0.00265756 0.000422859 -0.00550318 0.000357608 -0.0018587 -0.000614671 -0.00059935 0.00633171 -0.000165963 0.000875031 0.00397269 -0.000941979 -0.00618291 4.84203e-05 -0.00221429 -0.00267134 -0.000683259 -0.00027624 -0.00428939 4.55308e-05 -0.000384672 -0.00302678 -9.87757e-06 -0.00291875 1.7143e-06 -7.51664e-05 -0.0013403 -0.000121612 0.000162844 -0.00147499 0.00372676 0.00110938 5.16513e-05 -0.00768925 -0.000558714 9.7632e-05 0.000489642 -0.00606469 0.00619493 0.000399405 0.000398077 -6.54809e-05 0.000858227 0.000216012 -0.000473226 0.000759429 -1.40105e-05 0.00965305 -1.25633e-05 
-0.00682694 -0.00213739 -0.0296644 0.015756 -0.00886937 0.00191778 -0.00852133 -0.00253292 -0.000718319 0.0184872 -0.00100814 -0.00127216 7.4339e-05 0.000944536 -0.0104668 -0.000746955 0.0536668 0.0096937 0.00096562 0.000378623 0.0275442 0.00111936 0.00291955 0.0156873 -0.000320631 -0.0011106 0.00344039 0.00106306 -0.00273771 -0.0147951 -0.00187272 0.00673837 0.00555767 -0.0155683 0.00176926 0.00188964 -0.00878745 0.000741058 0.00387324 -0.00650123 0.000512368 0.0017692 0.00443587 0.00647665 0.0015387 -0.00835269 0.00590962 -0.00672861 0.00816975 -3.41311e-05 0.00300228 -0.00906163 8.70086e-05 -0.0215823 -0.000552168 -0.00822835 0.000731349 0.0130634 -0.000142928 0.00140705 -0.00201238 -0.026182 -0.0205921 -0.0183283 -0.000119961 -0.0108171 0.00364037 -0.00205205 0.00809534 -0.0155035 0.000858315 0.000327838 -0.00439004 4.86337e-05 0.00806308 0.000950159 4.20142e-05 0.00634948 0.0120415 0.00210682 -0.00168893 -0.000196467 0.00163832 0.00275393 -0.000676402 0.013249 -0.000668573 0.0019085 0.0169785 -0.0138703 -0.00145387 -0.00904727 0.0021657 -0.00880445 -1.8292e-06 0.0177301 0.000772497 -0.000141987 -0.00695197 0.00158959 
-0.00184932 -0.00518597 -0.0295518 0.0420872 0.0165651 -0.0330986 0.0025809 -0.00527825 -0.00120981 -0.00173773 0.0124014 -0.00198898 0.000971345 0.0138211 0.00104848 -0.000700015 0.0096937 0.103816 0.00292961 0.00248094 -0.000127897 -0.000178631 0.020014 0.00220716 0.00120262 0.000713393 -0.0180849 0.00511023 -0.0028244 -0.0316555 -0.00418446 0.00488088 0.00324571 -0.0482021 0.0212067 0.00210037 -0.00674227 -0.000191435 0.00245686 0.0200612 0.0118079 -0.00245351 -0.00552013 0.00505345 -0.000359054 -0.0157412 0.00357616 -0.0126961 0.0509863 -0.000111605 -0.00105706 -0.0224453 0.00154558 -0.0438238 0.00335179 -0.0171978 -0.00370093 -0.00276991 0.00396769 0.00189973 0.00199801 -0.0512585 -0.022035 -0.0401531 -0.000310665 -0.0189194 -0.0128472 -0.00702052 0.00469367 -0.0152327 0.00316908 -0.00277311 -0.024502 -0.000121142 0.0213939 0.00145504 -0.000760532 0.025525 -0.00158841 0.00286072 -0.0026196 -0.000726712 0.00878188 0.00176286 -0.0344379 0.00787975 -0.00145921 -0.000418549 0.00584388 0.0263153 0.00191002 0.0112869 0.00269165 0.022163 0.0004872 0.0140212 0.00459445 0.015717 -0.00299149 0.00251011 
-7.43858e-05 0.000632633 -0.00320109 0.00141343 -0.000571092 -0.000684802 -0.00141028 -0.000166302 -4.5987e-05 -0.000882658 0.000259306 -8.55724e-05 1.17347e-05 0.00116823 -0.000752394 0.000133603 0.00096562 0.00292961 0.00563294 0.00134874 0.000296049 1.11619e-05 0.000475275 6.79414e-05 0.00120067 0.000101263 -0.00263627 0.00107398 -0.000271404 -0.00107754 0.000817747 0.000334437 -8.99463e-05 -0.0019267 -0.00122337 -4.27744e-05 -0.00130681 0.00092733 -0.000287379 -0.000700132 0.00189889 -0.000153053 0.000430001 0.00130988 3.83803e-05 -0.000844506 4.33769e-05 -0.000228722 0.0033068 3.5664e-05 0.000187385 -0.000800232 0.000630939 -0.00178374 5.00639e-05 -0.000221144 0.00019993 -0.00017166 -0.00077973 0.000439415 0.00017684 -0.00219116 -0.00404978 -0.00321223 -2.43907e-05 -0.000706687 -0.000792003 8.52851e-05 -7.83238e-06 -0.00147991 0.000116815 6.12209e-05 -0.000981391 5.52211e-06 -2.05899e-05 0.000120446 -1.19442e-06 0.0016591 -0.00014889 0.0011255 3.16591e-05 3.73621e-05 0.0045201 0.000170245 -0.002926 0.00271269 -5.69713e-05 0.000109571 -0.00232792 -0.00035741 0.000740698 -0.000960337 0.000734519 -0.00100568 0.000113486 0.00112516 0.00141873 -1.60991e-05 -0.000425124 0.000673916 
-0.00251794 0.00390102 -0.00742215 -0.00275039 0.00151065 -0.000394073 -0.00388965 -0.000118512 0.000185317 -0.00289322 -0.00323564 0.000831491 -2.13318e-05 0.000767393 -0.0014884 -5.64475e-06 0.000378623 0.00248094 0.00134874 0.020366 -0.000486612 -3.40308e-05 -0.00160682 0.000934259 -0.000327383 -0.000350649 -0.00888176 -0.000334923 0.000262816 0.00189528 0.00153724 -0.000415155 0.000462001 -0.0031733 -0.000625822 6.41215e-05 -0.00218277 0.00175286 -0.000753564 0.000394356 0.00348756 0.000366372 0.00206255 -0.000591068 0.000133566 -0.000975296 -0.000288414 -0.000522476 0.00358076 7.74077e-06 -3.32194e-06 -0.00278326 0.00221359 -0.00360161 -0.000112849 0.0015633 0.0024269 -0.000916181 -0.0036195 0.0034507 -0.000524204 -0.00160927 -0.00445423 -0.00320177 -2.69367e-05 -0.000329559 -0.00275968 0.0017609 -1.3455e-05 -0.00290681 -0.000569413 0.000742279 -0.00216923 0.000112913 -0.000992149 0.00028121 0.000166517 0.00538018 0.000918248 7.24075e-05 0.0020372 -0.000144829 0.0058853 0.000762727 -0.00754632 0.00693643 0.000442742 -2.01718e-06 -0.00502144 0.00108524 0.00321689 -0.00125452 0.00106247 0.000374686 0.0003085 -0.00151703 0.00307548 0.00176449 -0.00229069 -9.567e-05 
-0.00950592 -0.00691941 -0.0259347 0.00725022 -0.0113649 0.00248401 -0.00670082 -0.0025425 -0.000715249 0.025852 -0.00581988 -0.00115999 -1.45324e-05 -0.0041832 -0.00553462 -0.000316324 0.0275442 -0.000127897 0.000296049 -0.000486612 0.0572282 0.00104699 0.00157564 0.0165564 -0.00107239 0.000508872 -0.00123359 -0.000772561 -0.000334357 -0.00919177 -0.00168793 0.0022161 0.00488536 -0.00955573 0.0128402 0.00260461 -0.00768472 -0.000303726 -0.000861035 -0.00401982 -0.000665245 0.00374781 0.00381271 0.000141894 0.00268174 -0.0081384 0.00715585 -0.00751155 -0.00313489 -6.4556e-05 0.00198985 -0.00706003 0.000593054 -0.0165586 -0.000860146 -0.00863008 0.00101422 0.015799 0.00328358 -0.00034818 -0.00335353 -0.020921 -0.0163276 -0.0149707 -3.09079e-06 -0.0118055 0.00502226 -0.00297531 0.0080496 -0.0116311 -0.00090616 -0.000305196 -0.00293029 9.03898e-05 0.0063885 0.000672292 0.000294292 0.00373519 0.0146637 0.000682937 -0.00440208 -0.000725857 -0.00018754 0.00276766 0.0044813 0.00966756 -0.000555868 0.00168226 0.0120259 -0.0117398 -0.00145691 -0.00584807 0.000740329 -0.000422107 0.000149439 0.014823 0.000713748 -0.000764027 -0.00707776 0.00056636 
-0.000705997 -0.000274021 -0.00129007 0.000323466 -0.000701332 0.000199043 -0.000688717 -0.000158895 -2.39243e-05 0.00122019 -0.00054063 -5.24621e-05 4.59407e-05 -1.93619e-05 -0.000632446 2.84175e-05 0.00111936 -0.000178631 1.11619e-05 -3.40308e-05 0.00104699 0.00365706 0.000263307 0.000233881 -5.34334e-05 -1.51336e-05 0.000252829 6.26641e-05 -0.000145834 -0.000493977 -0.000114557 0.000422122 9.85937e-05 -0.000206414 0.000464418 -2.47258e-06 -0.000311125 0.000156972 -0.000153956 0.000322531 2.30379e-05 -2.52058e-05 0.000213102 0.000272644 9.235e-05 -0.000242483 -1.20333e-05 -0.000453526 -0.000484248 3.20093e-06 0.00010189 -0.000360708 3.19481e-05 -0.00028651 7.67392e-05 0.000104829 -8.30746e-05 0.000181323 -0.000489411 -1.01657e-05 -0.000223558 -0.000780311 -0.00151792 -0.000373758 -1.25082e-05 -0.000629311 0.000530736 0.000293457 0.000166031 -0.000731563 2.53966e-05 4.27287e-05 0.000429574 1.74595e-05 -0.00040919 0.000354936 -2.16563e-05 0.000992738 0.000419627 0.00023207 -0.00022029 0.000110233 -5.94716e-05 4.53461e-06 0.000843929 -8.70127e-05 -5.17174e-05 -2.26007e-05 0.00026646 -0.000739476 -0.000107969 -0.000302075 -9.19216e-06 -7.23105e-05 6.35683e-05 0.000214751 4.06374e-05 -0.000111892 -0.000475894 0.000125578 
0.0255617 0.0102461 -0.0252441 0.0784087 0.059748 -0.0696858 0.0395163 -0.00717973 -0.00035258 0.0323347 0.0585295 0.00165316 -0.000621543 0.0334971 0.00447469 -0.00167077 0.00291955 0.020014 0.000475275 -0.00160682 0.00157564 0.000263307 0.173596 -0.0034111 0.0122799 -0.0049559 -0.0281728 0.00385177 -0.00686105 -0.0419043 -0.00600433 0.0123618 0.00694552 -0.0670174 -0.000209969 -0.00309018 -0.0019013 -0.000753006 -0.0176782 -0.00549259 0.00255506 -0.00388853 -0.00936636 0.00989216 -0.00146141 -0.019292 0.0229309 -0.0145562 0.0740223 -0.00025884 -0.00164821 -0.0347925 -0.00277458 -0.0576821 3.61111e-05 -0.0300688 -0.00270805 0.00472147 0.0456854 0.00177139 -0.0105248 -0.0191379 -0.0298719 -0.069004 -0.000850965 -0.0334793 -0.0067733 -0.00872857 -0.0015539 -0.0332044 -0.00708758 -0.00469804 -0.0452737 -0.000121604 -0.0240981 -0.00225483 -0.00229643 -0.00134301 -0.000507353 0.000429895 -0.0229562 -0.00150979 -2.52346e-06 -0.000960094 -0.0604137 0.00749124 -0.00217859 -0.000667054 -0.013618 0.03802 -0.00252854 -0.0144555 -0.000311648 0.0156565 0.00153798 0.0572019 0.00273184 -0.00337181 0.0317993 0.00135876 
-0.00525033 -0.00106923 -0.0141191 0.00247774 -0.00431225 0.00529854 -0.00325189 -0.00110607 -0.000105947 0.0097541 -0.00526783 0.000908505 -5.9045e-05 -0.00291355 -0.00485715 -0.000393918 0.0156873 0.00220716 6.79414e-05 0.000934259 0.0165564 0.000233881 -0.0034111 0.0317023 -0.000638569 -0.000383001 -0.00704539 -0.000665905 -0.0015125 -0.00679359 -0.00112618 9.44865e-05 0.000238003 -0.0109998 0.00537089 -0.000733791 -0.0032543 0.000849128 0.00150436 -0.00357204 -0.000294625 0.000895485 0.00281563 0.000124298 0.00111289 -0.00436444 0.0027481 -0.00357419 0.000658505 -3.03251e-05 0.000773614 -0.00375872 0.000652082 -0.00956961 -0.000525837 -0.00400568 0.00475529 0.00810653 -0.000771288 -0.000197653 0.000868998 -0.0115782 -0.00674898 -0.0122113 -8.65901e-05 -0.00413368 0.00121415 0.00012426 0.00560519 -0.00535507 0.00024211 -2.49496e-05 -0.00483787 -1.90517e-06 0.00894181 0.000784456 0.000170432 -0.000102345 0.00935625 0.00022437 0.00234692 -0.000483339 4.07739e-05 0.00143614 -0.000417736 0.0107515 -0.000247829 0.000893098 0.0103776 -0.00900309 -0.000935927 -0.0053483 0.0011493 -0.00529153 9.92785e-05 0.0065808 0.000817494 0.00250869 -0.00432859 1.09628e-05 
0.0157368 -0.00337593 0.00106189 0.013551 0.0126426 -0.0142083 0.0148703 -0.00129823 -0.000329547 -0.00284286 0.0188038 -0.000455321 -2.95024e-05 0.00238858 0.0127399 0.00532504 -0.000320631 0.00120262 0.00120067 -0.000327383 -0.00107239 -5.34334e-05 0.0122799 -0.000638569 0.0316353 -0.000690945 -0.0110374 0.00358555 -0.00167377 -0.00839671 -0.000848085 0.00206391 -0.000666102 -0.0134976 -0.00511412 -0.00137752 -0.00860038 -0.000178983 -0.00256881 -0.00427463 0.00100393 0.00117593 -0.0021994 0.00262156 -0.000189192 -0.00505004 0.00224986 -0.00191391 0.00530255 2.29724e-05 -0.000215552 -0.00580828 4.40478e-05 -0.0123487 -0.000164869 -0.00495654 -0.00103359 -0.00138963 0.0153126 -0.000521557 0.00169443 -0.000657413 -0.00780515 -0.0181233 0.000275099 -0.00260439 -0.00586486 -0.00167963 -0.000480432 -0.0111962 -0.000348022 -0.000885772 -0.00756258 -1.49135e-05 -0.00628287 -0.00016501 0.000123773 -0.0030957 -4.39683e-06 0.00131918 -0.00332901 0.00543345 0.00478213 2.21405e-06 -0.0187156 0.000862575 -0.000312991 0.00123453 -0.0128114 0.00938052 0.0011307 -0.00592836 5.49648e-05 -0.00498389 -2.68335e-05 0.0132381 8.30646e-05 -0.00140342 0.0166635 0.000850861 
-0.00457982 -0.00333498 0.00046071 -0.00465453 -0.00344484 0.00425273 -0.00477086 0.00138906 -0.00017758 0.00231689 -0.0041707 -0.00040629 0.000205672 -0.00251378 0.0039808 -0.000230087 -0.0011106 0.000713393 0.000101263 -0.000350649 0.000508872 -1.51336e-05 -0.0049559 -0.000383001 -0.000690945 0.0234461 -0.0068196 0.000807437 0.00664093 -0.00261068 -0.000350588 -0.000514776 0.000425355 0.00458318 0.00191609 -0.000394465 -0.00303055 -0.000270534 0.00200547 0.00115141 0.000397848 0.000468383 0.00336569 -0.000624004 -4.55193e-06 0.00977038 -0.00100823 -0.00240153 -0.00379919 -1.60201e-05 -8.19708e-05 -0.000838979 0.00017496 0.00593892 -0.000222681 -0.00233281 -0.00107457 -0.00062108 -0.00314854 -0.000398086 0.00399334 -0.00263017 0.000501415 0.00412185 -9.03495e-05 -0.00159812 -0.00280343 -0.000818414 -4.01225e-05 -0.00309241 -0.000130984 -0.000515604 0.00392471 -1.89104e-05 -0.000251395 0.00243876 -0.000141809 0.00096835 -0.000616547 5.65552e-05 -0.00135403 0.000553399 0.000946508 -3.09472e-05 0.000181944 -0.000780511 0.000828718 -0.00030039 -0.00357502 -0.00374202 6.15201e-05 0.00310844 0.000281283 -0.00222 -7.58978e-05 -0.00334619 -4.64182e-05 0.000480844 -0.00294121 4.4821e-05 
-0.0136507 0.00082112 -0.0160739 -0.0379526 -0.0656157 0.0284115 -0.0332153 -0.0171185 0.00168015 0.00145184 -0.0361264 0.000944064 -0.000180517 -0.00832316 -0.0511075 -0.00217765 0.00344039 -0.0180849 -0.00263627 -0.00888176 -0.00123359 0.000252829 -0.0281728 -0.00704539 -0.0110374 -0.0068196 0.247617 0.000695827 -0.0216185 0.000499343 -0.00210023 -0.00386852 -0.00663328 0.0262376 -0.000489842 0.00595988 0.0278567 -0.000854568 0.0113274 0.000234521 -0.0125778 0.00273754 0.00173875 -0.00552753 -0.00425034 -0.0180095 -0.0178148 -0.000482323 -0.0518142 -9.7409e-05 0.00382401 0.0178023 -0.00228165 -0.00190296 -0.00619506 0.00687117 -0.00722727 0.00558473 -0.0341341 -0.000912151 -0.0115776 0.00204802 0.0236371 0.0698258 -0.00171702 -0.033532 0.0608286 0.00396316 0.00370114 0.0334828 0.0091062 -0.000364095 0.0227378 0.000312621 0.0404989 -0.00465987 -0.00503314 -0.00753309 -0.00260772 -0.00109863 0.022379 -0.00592929 -0.0218578 -0.0021696 0.0825039 -0.0176446 -0.00188351 -0.00202251 0.061378 -0.0262402 -0.0119518 0.0114099 -0.00304749 -0.0185108 -0.00134032 -0.04246 -0.00699721 -0.0153884 -0.0349757 0.000986561 
-0.000715083 0.00107549 -0.00674701 0.00894667 0.0010366 -0.0041428 -0.00261787 -0.000786175 -0.000211655 -0.000307626 0.00623027 -0.000313128 0.000342975 0.0034429 -0.00170064 -0.000229986 0.00106306 0.00511023 0.00107398 -0.000334923 -0.000772561 6.26641e-05 0.00385177 -0.000665905 0.00358555 0.000807437 0.000695827 0.0253044 -0.000921919 -0.00481934 -0.000804373 0.00266317 0.000274454 -0.00348378 -0.00360521 -0.000394327 9.74494e-05 0.000116622 -0.000421776 -0.00187562 0.000227269 0.00140478 1.63235e-05 0.00568256 1.8385e-05 -0.00128937 -0.000670824 -0.00205722 0.00675477 0.000106441 0.000749323 -0.00299657 -0.000104792 -0.00461652 -0.00015068 -0.00304522 0.000138754 -0.00135528 -0.000308439 0.000312168 0.000554675 -0.00924944 -0.0105723 -0.00605241 4.37481e-05 -0.00508906 0.00150382 -0.000520943 -0.000119582 -0.00307094 -0.000190625 -0.000537318 0.000483547 5.55072e-05 0.00133686 0.000169573 -0.00022233 0.00432326 -0.000675987 0.00135567 -0.000873176 0.000212224 0.00190562 -0.000106295 -7.69831e-06 0.00356038 -0.000242009 0.0011608 -0.00572779 -0.00379808 -0.000373458 -0.00348971 8.95261e-05 -0.00329475 -5.11686e-05 0.00881678 0.00075989 -0.00075574 -0.0010767 0.00103993 
-0.00990863 -0.00744025 0.00520875 -0.0131776 0.00327936 0.00326464 -0.00888621 0.00832205 -0.000197984 -0.00329778 -0.00922666 -8.78041e-05 0.000670767 -0.00478397 0.0113455 -0.000537946 -0.00273771 -0.0028244 -0.000271404 0.000262816 -0.000334357 -0.000145834 -0.00686105 -0.0015125 -0.00167377 0.00664093 -0.0216185 -0.000921919 0.0559979 0.0192573 0.0048421 -0.00081217 0.00455937 0.0107365 0.0056898 -8.94737e-05 -0.0112402 -0.000689193 -0.00244671 0.00261294 -0.00104596 -0.00189672 -0.00145192 -0.00158549 0.000840296 0.0192747 -0.000599345 0.00247897 -0.010126 -4.94536e-05 -0.000746992 0.00747831 -0.000173615 0.0178898 0.000948628 -0.00558669 -0.00259627 -0.000331144 -0.00617786 0.000142878 0.0028936 -0.000219744 0.00116909 -0.00121798 -0.000155738 0.00670336 -0.00782959 -0.00192974 -0.00116684 -0.00481499 -0.00138838 -0.00127797 -0.00267112 -4.55823e-05 0.000551903 0.00121767 0.000414631 -0.00393205 0.00202778 -0.000192402 -0.00369333 0.00168876 -0.0019074 -0.00040221 -0.0121168 -0.00281545 0.00507071 -0.000614643 -0.0147277 -0.00846047 0.000256769 0.000740097 0.000569195 0.00231764 -0.000211674 -0.0032178 -0.000378608 0.00728196 -0.00452707 -0.000640715 
-0.0552429 0.00493611 0.0104268 -0.0772886 -0.0431841 0.0780407 -0.0785992 0.0213666 0.000575512 -0.036508 -0.0542996 -0.00254332 -0.00076619 -0.0277288 -0.0466787 -0.00387655 -0.0147951 -0.0316555 -0.00107754 0.00189528 -0.00919177 -0.000493977 -0.0419043 -0.00679359 -0.00839671 -0.00261068 0.000499343 -0.00481934 0.0192573 0.20906 0.0166745 -0.00620288 -0.00292578 0.12515 -0.0480177 0.0106969 0.0457788 -0.000975062 -0.00613866 -0.0355293 -0.00720936 -0.00704554 0.00725097 -0.00762362 0.000752103 0.0301576 -0.0152796 0.0493182 -0.0656657 0.000477435 -0.00378909 0.0334264 0.00613795 0.124977 -0.00515792 0.0601979 0.00883957 -0.00838646 -0.0517781 0.000346975 -0.0237349 0.0830518 0.0290072 0.0625651 -0.00141835 0.0707935 -0.0107538 0.012927 -0.00616707 0.056894 -0.0117526 0.00141236 0.0209138 0.000132363 -0.00680058 0.000595399 0.00376094 -0.0317717 -0.00712319 -0.00127736 0.0200073 -0.00247532 0.000736369 -0.00201009 0.036123 -0.0106764 -0.000489117 -0.0044589 -0.0630245 -0.0877254 0.0045 -0.0435698 -0.00116003 -0.0411637 -0.00117512 -0.0430649 -0.00453831 -0.00379281 -0.0375932 -0.00176436 
-0.00578665 -0.00103013 -0.00945119 -0.0103266 -0.00706386 0.0108589 -0.0106336 0.00662473 0.00023207 -0.00631163 -0.00670433 -0.000707723 -8.01517e-05 -0.00374657 -0.00680703 -0.000490638 -0.00187272 -0.00418446 0.000817747 0.00153724 -0.00168793 -0.000114557 -0.00600433 -0.00112618 -0.000848085 -0.000350588 -0.00210023 -0.000804373 0.0048421 0.0166745 0.0372936 -0.000699572 0.0013021 0.0170187 -0.00825374 0.000906831 0.00473518 0.000703798 -0.00305539 -0.0051814 -0.000110308 -0.0016462 -0.00136198 -0.00206268 0.000263618 0.00561889 -0.00172692 0.0145812 -0.00789252 2.92316e-05 -0.000538764 0.00774646 0.000124627 0.0132962 -0.000663561 0.00170543 -0.000947852 -0.00168241 -0.0065695 3.66943e-05 -0.00315613 0.0130786 0.00107505 -0.00306067 -0.000170098 0.0177457 -0.00448626 0.00794586 -0.000818876 -0.000395346 -0.00159088 -0.000466703 -0.000962179 1.89268e-05 -0.00442218 0.000577078 0.000305751 -0.00275458 -0.000921851 -9.09939e-05 0.0113291 -0.000144236 0.00303654 -0.000163079 -0.0035689 -0.000417353 0.00106903 -0.000579333 -0.00636458 -0.0122841 -1.99106e-06 -0.00719137 0.000882768 -0.00746975 -0.000146959 -0.0054269 -6.08979e-05 -0.00115602 -0.00509257 -2.33071e-05 
0.00129084 0.00500244 -0.0122513 0.0132287 0.000293166 -0.00767849 -0.00394344 -0.000809138 -0.00027621 0.00339932 0.012854 0.000222281 0.00017598 0.00489138 -0.00331654 -0.000236906 0.00673837 0.00488088 0.000334437 -0.000415155 0.0022161 0.000422122 0.0123618 9.44865e-05 0.00206391 -0.000514776 -0.00386852 0.00266317 -0.00081217 -0.00620288 -0.000699572 0.0238033 0.00259966 -0.00899189 -0.00534556 -0.000267104 -0.00103743 0.000625032 0.00068059 -0.00348567 -0.000318712 0.00140109 -0.000902713 0.00625925 0.000325662 -0.00351258 0.00806287 -0.00140968 0.0146259 -3.0663e-05 -0.000105748 -0.00363655 5.15338e-05 -0.00841031 -0.000500524 -0.00356242 0.000424483 0.00483953 0.00812371 -7.6106e-05 -0.00196291 -0.00845202 -0.0131803 -0.0128751 1.2905e-05 -0.00304417 -0.00224381 -0.000439014 2.11465e-06 -0.00568948 -0.000744804 -0.000489747 -0.00475293 -8.70709e-07 -0.00199696 -0.000103257 -4.17906e-05 -0.00162721 0.000125648 0.000968452 0.00227445 -0.000135377 0.00192164 4.18421e-05 -0.00961139 0.00599036 -0.000342701 0.000261155 -0.00630157 -0.00627344 0.000370748 -0.00468115 0.00144072 -0.00592648 0.000119773 0.0140833 0.000654186 -0.00070999 -0.000585597 0.00160757 
-0.00582507 0.00380706 -0.0153871 0.00812743 -0.00345969 -0.00444966 -0.00640442 0.000828762 0.000971029 0.0122797 0.00117576 0.00277899 0.000106049 -0.0021615 -0.00324264 -0.000323176 0.00555767 0.00324571 -8.99463e-05 0.000462001 0.00488536 9.85937e-05 0.00694552 0.000238003 -0.000666102 0.000425355 -0.00663328 0.000274454 0.00455937 -0.00292578 0.0013021 0.00259966 0.0350214 0.00218336 0.000298391 0.00354913 0.0044852 -0.000306177 9.16919e-05 -0.00199815 -0.000582703 -0.000626424 -0.0022903 -0.00126213 0.000749198 0.000111501 0.0082948 -0.00241037 0.00756329 1.17504e-05 -0.000470639 -0.000333547 0.000766625 -0.00320999 -0.00056395 -0.00253674 -0.000860798 0.0014718 0.00865536 -8.24904e-05 -0.000696664 -0.0105163 -0.00370138 -0.0162873 -0.000149156 -0.00299145 -0.00346619 0.000187661 -0.00042332 -0.00568533 -0.00142956 -0.00084055 -0.00102962 -2.92843e-06 0.00493935 0.000998226 0.000143384 -0.000804989 0.0013354 9.94735e-06 -5.40814e-05 -0.00037876 -0.00093997 -0.00013496 -0.0071372 0.000991903 -0.000181765 0.000502403 -0.0070275 -0.00970204 -0.00077967 -0.00356312 0.00134832 0.000255914 -0.000110555 0.00466012 -0.000385603 0.00202112 -0.00444077 0.000647714 
-0.0826531 -0.00863092 -0.0120299 -0.107752 -0.09247 0.162137 -0.123184 0.02074 0.00441305 0.00246349 -0.0857772 0.00108457 -0.00121091 -0.0409295 -0.0666421 -0.0062856 -0.0155683 -0.0482021 -0.0019267 -0.0031733 -0.00955573 -0.000206414 -0.0670174 -0.0109998 -0.0134976 0.00458318 0.0262376 -0.00348378 0.0107365 0.12515 0.0170187 -0.00899189 0.00218336 0.249165 -0.0782556 0.00925951 0.0844775 0.000384648 0.00267168 -0.0601234 -0.0118028 -0.00560673 0.0199267 -0.00314885 0.00152932 0.0656119 -0.0107511 0.0579349 -0.0948441 0.000786604 0.000443825 0.0948123 0.00295384 0.190333 -0.00792705 0.0669047 -0.00542099 -0.0063048 -0.0723415 -0.00344712 0.00256779 0.108147 0.0459894 0.0943709 -0.00232401 0.0622313 -0.0201878 0.0259987 -0.00796787 0.0450538 -0.0198351 -0.000461351 0.112698 5.98714e-05 -0.0101026 -6.47101e-05 0.00158103 -0.0470418 -0.011094 -0.00199799 0.0310978 -0.00500808 -0.0046568 -0.00255071 0.0835164 -0.0211026 -0.00367405 -0.00741971 -0.0446984 -0.146536 -0.00166961 -0.0618378 -0.0021251 -0.0949013 -0.00190681 -0.0649371 -0.00760069 -0.0127214 -0.0611546 -0.00151505 
