0.000853493 6.38878e-06 0.000137402 5.63446e-06 -3.54921e-05 6.87941e-06 0.000214872 9.99669e-05 -0.000265263 3.22893e-05 -0.000207627 -6.71704e-05 6.7843e-05 -5.47717e-06 8.04109e-05 -1.19725e-05 0.000270939 -5.93746e-05 0.000108212 -0.000178107 2.04698e-06 1.2097e-05 -0.000222515 4.87929e-06 3.11978e-05 -0.000442214 -9.94541e-05 5.99219e-05 -0.000300744 5.70076e-05 -0.000284058 -7.93647e-05 -4.12124e-06 0.000307821 -1.21458e-05 1.13056e-06 -0.000140399 -8.47016e-06 2.52456e-05 2.97629e-06 9.25597e-05 -9.97699e-05 6.92304e-05 3.1876e-06 6.58328e-06 1.80945e-06 1.73291e-05 3.08812e-06 7.11674e-06 3.06342e-05 8.9127e-07 6.51725e-05 1.42282e-05 4.48041e-05 -0.000313346 -1.48505e-05 1.707e-05 0.000102542 -1.67447e-06 -0.000345366 2.24954e-05 4.25637e-06 -0.000338679 6.56291e-05 -0.000109039 5.45096e-05 4.39516e-05 0.000281143 -1.06146e-06 0.000235969 -2.01472e-05 -2.27001e-06 4.71858e-05 -4.23971e-06 8.74064e-05 1.31476e-05 2.67167e-05 3.88043e-05 2.36785e-06 2.76272e-05 1.34286e-05 1.42832e-05 5.36654e-06 1.31837e-05 -4.07474e-06 3.41884e-05 -1.45317e-05 -0.000147874 7.08668e-06 0.000221644 -0.000468676 -5.18446e-07 3.84753e-06 0.000136958 -2.4531e-05 -4.42718e-06 1.75509e-05 6.04621e-05 -1.79116e-06 -3.27295e-06 
6.38878e-06 0.00113047 5.18203e-05 -7.17047e-05 -0.000379926 0.000225837 5.338e-06 3.41348e-05 -0.000236887 5.73776e-05 1.1973e-05 -9.78913e-05 2.9748e-05 6.56999e-05 -2.84192e-05 8.14625e-05 5.82588e-05 0.000266557 -2.44017e-05 -9.5965e-05 8.00101e-05 8.97348e-06 -0.000350137 1.62386e-05 4.18366e-05 -0.000541954 -2.35004e-05 2.40668e-05 -0.000192401 0.000154762 -0.000218893 0.000135944 4.81915e-05 0.000120544 3.95857e-06 1.02093e-06 2.19715e-05 0.000117153 1.8531e-05 -2.21393e-06 -2.13179e-05 -0.000176685 7.57616e-05 8.8623e-05 9.03925e-05 -3.24115e-07 3.83754e-05 6.12468e-05 4.06621e-07 -3.40944e-05 -7.2732e-07 3.05644e-05 2.45087e-05 1.02246e-05 -0.000422524 -9.23388e-05 3.34212e-06 -1.17544e-05 -1.26454e-06 -0.000182129 0.000176953 2.0625e-06 -0.000398971 7.87542e-05 5.47345e-05 0.000203866 8.29782e-05 7.5409e-06 3.4565e-06 1.44782e-05 0.000160095 8.59926e-06 3.62621e-06 8.62736e-06 0.000277121 4.81597e-05 0.00010161 9.72222e-05 1.75322e-05 -1.11446e-05 5.60967e-06 3.28038e-05 8.58829e-05 3.27107e-05 2.51757e-06 9.79007e-07 -4.11905e-05 -0.000488683 4.05922e-05 7.19831e-06 -0.000566178 -6.36582e-07 4.26906e-05 -4.59144e-05 -0.000182424 3.84637e-05 5.05369e-05 -1.40714e-05 2.04502e-05 7.0966e-06 
0.000137402 5.18203e-05 0.0115289 -0.000442146 -0.0002239 -0.000442948 0.00124608 0.00130629 0.000726619 8.43378e-05 -0.000504808 0.000430632 -0.000121885 0.000152699 0.00117132 -0.00106438 0.00137814 0.00109091 -0.000472272 -0.00204559 5.58834e-05 -5.06224e-05 -0.00235869 1.28171e-05 -5.54868e-05 -0.00253683 -0.000833031 -6.82001e-06 -0.000669723 4.31731e-05 0.000131108 0.000185993 -6.05265e-05 0.00129774 0.000973369 -8.76484e-06 0.000288636 -0.000919206 -0.00018046 -1.44592e-05 -0.000314149 0.000376023 -0.000688263 -0.000220304 -0.000114345 -4.71428e-05 1.20418e-05 2.25894e-05 -0.0001643 -0.000112668 3.06003e-05 -0.00117414 -3.44656e-05 -0.000150336 -0.000890814 -0.00114493 -1.69535e-05 -0.000114971 -2.20733e-05 -0.0017255 0.000482995 3.2988e-05 -0.00148982 -0.000632883 0.00173548 -0.000107781 -0.000589438 0.00134212 2.9306e-05 0.00106325 -0.000711731 -4.25124e-05 0.000189331 3.55498e-05 -0.000536837 0.000172896 -0.000146916 -0.000198737 -3.6533e-05 -7.29806e-05 3.14716e-06 -4.25727e-05 -9.30502e-05 1.76161e-06 -0.000250595 0.000259876 -0.000362287 -0.00082524 -8.52385e-05 0.00114573 -0.00310246 1.93519e-08 -0.000111896 -0.000259966 0.000405717 -8.1885e-05 4.74295e-06 0.000147623 -5.56756e-05 -2.75829e-06 
5.63446e-06 -7.17047e-05 -0.000442146 0.171944 -0.00154809 -0.00565629 -0.00411983 -0.000950198 0.00268353 -0.000195315 0.0343069 0.0188825 -0.00452161 -0.000716727 -0.00644433 0.00134391 -0.0113215 -0.0105709 -0.00723291 -0.0201435 -0.000725541 -0.000715713 0.0211943 -0.000421526 0.000287218 0.0067896 -0.0431576 -5.82032e-05 -0.0145304 -0.00331853 -0.00710572 -0.0270379 0.00125583 -0.00809795 -0.000239957 0.000319182 -0.00164849 0.00299424 -0.00478165 -0.000334354 0.0186397 0.00232358 0.0162129 -0.00416941 -0.0020455 -0.00196156 -3.63573e-05 -0.000135156 0.00543862 -0.000301658 -6.02018e-05 -0.00522998 -0.000322128 0.00362402 -0.00221012 -0.01242 0.000371672 0.00397139 -0.000535149 0.0111927 0.00773844 2.1599e-05 0.00594921 -0.00914856 -0.0356382 -0.00812335 -0.00962879 -0.011668 -0.000249726 -0.00643351 -0.0102149 -0.00200004 -0.000616268 -0.000396374 -0.00308493 -0.00088306 -0.0016753 -0.00224026 -0.000866567 0.000674663 -0.000137249 -0.000147165 -0.00179703 -0.000534375 -0.00635576 -0.00282054 -0.00201543 0.00474233 -0.0024075 -0.00377424 0.015423 -0.000170775 -0.00207926 -0.00249887 -0.00196952 -0.00139771 0.00889844 -0.0190567 -0.00145731 -0.000206165 
-3.54921e-05 -0.000379926 -0.0002239 -0.00154809 0.202932 -0.0063622 0.015473 0.00270101 0.0611866 0.000531705 0.0704169 0.0916096 -0.0062867 0.000637528 -0.0103345 -0.0595074 0.00787827 -0.0364003 0.00325302 0.00552541 -0.00268417 -0.00168992 0.0069431 -0.00124471 -0.00238367 0.0722912 -0.0607543 -0.00222716 -0.0344269 -0.00776618 -0.0364049 -0.0485129 -0.00511631 0.00305643 -0.0177276 -0.000904906 -0.00395278 0.00122675 0.00307345 -0.00166896 -0.0179251 0.0235986 -0.0408861 -0.0161884 -0.00372565 0.00234595 -0.000853128 -0.00107646 -0.0152338 -0.00800828 6.99539e-06 -0.00299123 -0.00315299 -0.00765503 0.0518051 -0.0528887 -0.00108669 -0.0087652 0.000262357 0.005564 -0.0339017 -3.21424e-06 0.0160491 -0.00600401 -0.0640068 -0.0134724 -0.0244468 0.0171229 -0.0010494 0.0113132 -0.0225651 -0.00448962 0.00511081 -0.00126311 -0.0379425 0.00117807 -0.00912362 -0.0156265 -0.00295088 -0.00180429 -0.000208754 -0.00376213 -0.00661865 -0.00159302 -0.0107901 0.000522699 0.00530777 0.0437942 -0.00957458 0.00819486 0.0527642 7.83775e-05 -0.00476632 0.0183403 -0.00808552 -0.00547526 -0.00156632 0.0100798 -0.000367589 -0.00173605 
6.87941e-06 0.000225837 -0.000442948 -0.00565629 -0.0063622 0.0665208 0.00164734 0.000203475 -0.0247929 0.00110757 0.0080388 0.00219119 0.0106663 0.000573733 -0.00184387 0.0137508 0.00228051 -0.0027355 0.00153659 -0.00402748 0.000559413 -0.000206009 -0.0300913 0.000175847 -0.000332588 -0.0073771 -0.0192237 0.000579239 -0.0163978 0.0107871 -0.0258974 -0.00258106 0.00248077 0.00573086 0.000838752 3.71311e-05 -0.00715711 0.00188051 -0.00017721 0.000265026 0.000963366 -0.0203284 -0.00116022 0.00886936 0.0065135 -0.000696013 0.000569184 0.0002458 -0.00115132 -0.000323724 0.00018849 0.0121007 0.00023469 0.000742755 -0.0134189 -0.00671574 0.000168334 -0.00266247 -0.000125869 -0.0181381 -0.0028878 3.72051e-06 -0.0145147 0.00692148 -0.0190618 0.00116239 0.0175475 0.000965925 0.000329233 0.00175448 0.040113 0.00342151 -8.44944e-05 0.000531902 0.000343248 1.22484e-05 0.00591581 0.0113154 0.0023245 -0.000565414 -7.73303e-05 0.00120427 0.00706149 9.31986e-05 -0.000570183 -0.000536768 0.00264712 -0.00127044 0.00320809 0.00106243 -0.00703902 1.35407e-05 0.00445666 -0.00357542 -0.0111988 0.00038508 0.00124923 0.00197665 0.00180008 0.000904734 
0.000214872 5.338e-06 0.00124608 -0.00411983 0.015473 0.00164734 0.0721451 0.0106107 -0.00509072 0.0014589 0.0202724 0.0196606 0.00727336 -0.000506614 0.00241779 -0.00892195 0.0393283 -0.00574468 0.0195605 -0.0183601 6.89176e-05 -0.000368115 -0.0241927 -6.43085e-05 -0.000338966 -0.0249836 -0.0126024 -0.000409478 -0.02607 0.00502339 -0.0189845 -0.00974491 -0.00057638 0.0289916 -0.00373995 -0.000144883 -0.00935986 -0.00541327 0.00437249 0.000222159 -0.00245895 0.000513128 -0.0055916 -0.00280883 -0.000344269 0.000574511 1.55824e-05 -0.000212556 -0.000781375 -0.000728506 0.00012814 -0.00441487 -7.40128e-05 -0.000970313 -0.0355331 -0.0123346 -9.58085e-05 0.000315252 -8.61854e-05 -0.0341372 -0.00310403 0.000100703 -0.0241571 -0.00487722 -0.0144506 0.00100133 -0.000644199 0.0356377 -5.43147e-05 0.0298932 -0.00356034 -0.000605149 0.0089036 -0.000362729 -0.00532093 0.00478117 -0.00109961 -0.00186109 -0.000269455 -0.000249686 2.40811e-05 -0.000417075 -0.000326 0.000260572 -0.00198442 0.0020623 -0.000384163 0.00202358 -0.000869793 0.0229702 -0.0433373 -3.46543e-05 0.000233084 0.0288913 -0.00531647 -0.000496461 0.000478528 0.00570807 -0.000216939 -0.000199904 
9.99669e-05 3.41348e-05 0.00130629 -0.000950198 0.00270101 0.000203475 0.0106107 0.019305 -0.00436376 0.000451821 0.00403378 0.00508577 0.00228198 -7.19668e-05 -0.000336841 -0.000704204 0.0123341 -0.00109359 -0.000482732 -0.00374153 0.000140175 -8.59228e-05 -0.0131072 6.46773e-05 -8.75054e-05 -0.0102616 -0.00365996 0.000165609 -0.00754134 0.0015668 -0.0071746 -0.00145799 -0.000110383 0.0112247 -0.00102708 7.61707e-06 -0.00154454 0.000269461 0.00186668 3.42303e-05 -0.000420683 -0.000683559 -0.00192031 -5.9393e-05 -0.000125612 -0.000109194 3.67697e-05 -3.06022e-05 -0.000440901 0.00032829 9.28577e-05 -0.00122935 -1.68016e-05 -0.000143578 -0.0120222 -0.00384403 -2.09297e-05 -0.000580283 -5.24947e-05 -0.0138994 -0.000156162 8.59274e-05 -0.011198 -0.000145671 -0.0053696 -0.000556258 0.00165996 0.0118143 0.000115163 0.0115391 -0.000191047 -0.000165402 0.00114173 8.56049e-05 0.000796909 0.000461961 0.00116586 0.000674212 0.000241633 8.97726e-05 6.51345e-05 6.48091e-05 0.000598709 0.000337224 -0.00056299 0.000592562 -0.000209487 -0.00238773 0.00082828 0.00830717 -0.0107934 1.30102e-06 0.000337481 0.008326 -0.00277231 -0.000124403 0.000392762 0.00422445 -9.58019e-05 -6.33539e-05 
-0.000265263 -0.000236887 0.000726619 0.00268353 0.0611866 -0.0247929 -0.00509072 -0.00436376 0.115362 -0.00196827 0.0152661 0.0225051 -0.0186497 -0.000546984 0.00207975 -0.0671108 -0.0167802 -0.0183706 -0.00590877 -0.011145 -0.00295784 -0.00152983 0.0462741 -0.00151196 -0.00231916 0.0412111 0.0215677 -0.00318155 0.0314251 -0.0134716 0.0350272 -0.0266433 -0.00587478 -0.0123216 -0.00454219 -0.00101774 -0.0157843 -0.0066669 -0.00101842 -0.000608798 -0.0203319 0.0314904 -0.0170241 -0.0235376 -0.0060456 0.000604393 -0.00122313 -0.00108715 -0.00853916 0.000435634 -0.00012851 -0.0203389 -0.00159056 -0.00932106 0.0737342 0.0146553 -0.00131641 -0.0118012 0.000272304 0.0319448 -0.0205091 -4.91396e-05 0.0318446 -0.0100115 0.0164296 0.000847506 -0.0321316 -0.00900275 -0.00129544 -0.00979799 -0.0461199 -0.00553318 -0.00147174 -0.00179785 -0.0411936 -0.000261196 -0.0157145 -0.0193563 -0.00292441 -0.000495885 -0.000325736 -0.00342947 -0.00792246 -0.00244502 0.0027201 -0.00163589 0.00361791 0.0320696 -0.00592715 -0.00813175 0.0524578 6.17279e-05 -0.00658196 -0.00528935 0.0115769 -0.00526187 -0.00389656 -0.0325233 -0.000914077 -0.00116112 
3.22893e-05 5.73776e-05 8.43378e-05 -0.000195315 0.000531705 0.00110757 0.0014589 0.000451821 -0.00196827 0.00652503 0.000337724 0.0017219 0.000590643 0.000197398 -1.62965e-05 0.00108065 0.000810472 -0.000468297 0.000596342 -0.00157735 1.90538e-05 -6.183e-06 -0.00299005 5.68736e-05 -3.39514e-05 -0.00119346 -0.00168518 6.46571e-05 -0.0016593 0.000210766 -0.00157874 -0.000350822 0.000216984 0.00126928 -1.6086e-05 -2.05718e-06 -0.000785402 -0.000323728 -0.000129852 2.39763e-05 -7.93711e-05 -0.00103231 -0.000519888 0.000574347 7.92335e-05 0.000139589 3.66582e-05 -1.31829e-06 -0.000124214 5.31598e-05 8.39348e-06 -0.000393481 -6.95058e-06 -1.32044e-05 -0.003519 -0.000542885 -2.84216e-06 -0.000198096 -1.40498e-05 -0.00238581 -0.000196977 7.18574e-06 -0.00136267 -0.00025213 -7.90227e-05 1.27664e-05 8.55896e-05 0.000816236 0.000128736 0.00122473 0.000888334 0.000108304 0.000344708 3.12181e-05 -0.000148811 -9.96401e-06 0.000161375 0.000532657 -1.35501e-05 -1.61282e-06 5.81594e-06 -2.56895e-05 0.00017297 1.01693e-05 -0.000227274 0.00038018 -0.000195586 0.000153346 5.44481e-05 0.000697484 -0.00121918 -5.26245e-06 3.04063e-05 0.000208845 0.000662433 7.08482e-05 0.000152867 0.00217938 0.000109757 -1.64165e-05 
-0.000207627 1.1973e-05 -0.000504808 0.0343069 0.0704169 0.0080388 0.0202724 0.00403378 0.0152661 0.000337724 0.230534 0.129309 -0.00202689 -0.00126442 -0.0110829 -0.0086818 0.0145806 -0.0194077 0.00374741 -0.0126056 -0.00114473 -0.00261283 -0.0359119 -0.00114939 -0.000530267 0.0505056 -0.0814232 -0.00113189 -0.0644299 -0.00130159 -0.0569733 -0.012874 -0.00400509 0.00693193 -0.0158868 -0.000744713 0.0235861 0.00145114 0.00704967 -0.000545151 -0.0119731 0.00302004 -0.0366905 -0.000674376 0.000266414 -0.00294366 -0.000631184 -0.000644766 -0.00918888 -0.0139863 -1.13638e-05 0.0265714 -0.002375 -0.00998694 -0.0341645 -0.0614663 -0.000861498 -0.0134535 -0.000954173 -0.0105395 -0.00794349 -2.22681e-05 0.00468906 0.00191012 -0.108702 -0.0160817 0.00566175 0.0164591 -0.000546905 0.0137411 0.00517632 -0.000454195 0.00652817 -0.00215404 -0.0163528 0.0014963 -0.00770703 -0.0074177 -0.00219665 -0.00137149 -0.000474395 -0.00297963 -0.00429641 0.000419739 -0.0102377 0.00400699 -0.0132321 0.0125387 -0.00533458 0.00891705 0.0150254 -0.00047633 -0.000602088 0.0185801 -0.0277913 -0.0046923 0.000113862 0.0250705 -0.00096925 -0.00154356 
-6.71704e-05 -9.78913e-05 0.000430632 0.0188825 0.0916096 0.00219119 0.0196606 0.00508577 0.0225051 0.0017219 0.129309 0.23667 -0.00053432 -0.000598504 -0.010441 -0.0148041 0.0164162 -0.0265659 0.00201319 -0.0331143 -0.00145398 -0.00276174 -0.0412234 -0.00103665 -0.00118451 0.0354111 -0.0785509 -0.000471224 -0.0402992 -0.00186257 -0.0374587 -0.0154005 -0.00460113 0.00685761 -0.0214812 -0.000790782 0.00345189 0.00233849 0.00542363 -0.000557296 -0.0149547 0.00617863 -0.0351808 0.000745638 0.000241062 -0.00165009 -0.000537906 -0.00165817 -0.0139453 -0.0128232 -1.51418e-05 0.0174405 -0.00235532 -0.00628219 -0.0324115 -0.0781407 -0.000836266 -0.00981863 -0.000481805 -0.0115793 -0.0158292 2.63305e-05 0.00611628 -0.00127261 -0.0927362 -0.0141999 0.00564953 0.0215052 -0.000463985 0.0154005 -0.00265128 0.00122804 0.00627962 -0.00370139 -0.0231973 0.00157293 -0.00709381 -0.0107491 -0.00229286 -0.00439668 -0.000359589 -0.00281327 -0.00412337 -0.000598922 -0.01539 0.00356529 -0.00987037 0.0159877 -0.00518016 0.0107824 0.0225115 -0.000401481 -0.00145928 0.0182382 -0.00714295 -0.00469868 -0.00203027 0.0386474 -0.000411194 -0.0010035 
6.7843e-05 2.9748e-05 -0.000121885 -0.00452161 -0.0062867 0.0106663 0.00727336 0.00228198 -0.0186497 0.000590643 -0.00202689 -0.00053432 0.0233126 0.000534213 -0.0001658 0.00812175 0.010176 -0.00101846 0.00477329 -0.00401611 0.000515979 -4.00371e-05 -0.0159318 7.98789e-05 0.000208718 -0.0145422 -0.00638034 0.000364003 -0.00837115 0.0104571 -0.0098153 -0.000660177 0.000297956 0.00866289 -0.000708915 4.35327e-05 -0.00205065 0.00037072 0.000820388 9.50723e-06 0.000427221 -0.00974027 8.82089e-05 0.000726252 0.00214175 -7.52264e-05 0.000370112 8.86701e-05 -0.000468797 0.000536547 2.14431e-05 0.00246201 4.67385e-06 0.00226983 -0.0145571 -0.0030809 0.000445641 -0.000578593 -5.08545e-05 -0.0150496 -0.000940719 2.00556e-05 -0.0146729 0.0056869 -0.00610766 0.00179273 0.00699985 0.00711922 0.000412551 0.00690126 0.00971495 0.000707568 0.000450078 -2.61434e-06 0.00386875 3.8446e-05 0.00432332 0.00838493 0.00215253 0.000292863 1.87823e-05 0.000744096 0.00588687 0.000117925 -0.000560575 0.000629542 -0.000819716 -0.00571063 0.00359188 0.00592464 -0.015801 -1.50291e-05 0.00447329 0.00227054 -0.00295294 0.000147553 7.84012e-05 0.00348208 0.000640503 0.000914278 
-5.47717e-06 6.56999e-05 0.000152699 -0.000716727 0.000637528 0.000573733 -0.000506614 -7.19668e-05 -0.000546984 0.000197398 -0.00126442 -0.000598504 0.000534213 0.00802438 -0.000100567 0.00010017 -0.000433404 -0.000244275 -0.000314877 -0.000355028 9.29646e-05 3.18617e-05 -0.00113478 2.85369e-05 -1.02101e-05 -0.000831364 0.00128828 4.4929e-05 0.000372394 0.00092998 0.0006211 -0.000705507 -4.11671e-05 -0.000234907 -7.87276e-05 2.91988e-05 -0.000384148 0.000200042 -0.00014809 5.65832e-05 0.000182434 -0.00197407 -0.00023861 -8.05824e-05 0.000390021 0.000345127 8.75142e-05 1.67436e-05 -0.000133302 -7.58088e-05 4.63447e-06 -0.00054271 0.000186417 0.00024865 -0.000475068 -0.00102068 7.14787e-05 -0.000521629 6.32625e-05 -0.000859249 -0.000382919 4.74308e-06 -0.000228621 0.000141734 0.000923433 0.000174524 7.024e-05 -0.000474693 1.4949e-05 -0.000288522 0.000699133 0.000393473 -0.000215434 1.9247e-05 -0.000238985 3.47912e-05 0.000184677 0.000403103 9.29243e-05 -4.29311e-05 2.62573e-06 2.89843e-05 0.000624372 2.11459e-05 0.000380666 -7.21768e-05 -0.000171025 -0.000557349 0.000525489 -0.000234777 -0.000472822 -6.06343e-06 0.000399207 -0.000741698 -0.000128737 -5.47245e-05 1.32983e-05 -0.00178163 2.50837e-05 -1.32475e-05 
8.04109e-05 -2.84192e-05 0.00117132 -0.00644433 -0.0103345 -0.00184387 0.00241779 -0.000336841 0.00207975 -1.62965e-05 -0.0110829 -0.010441 -0.0001658 -0.000100567 0.0412482 -0.00595539 0.00205991 0.00672273 -0.000900147 -0.00740952 -0.00015766 0.000733029 -0.00321821 -4.52659e-05 -0.000263011 -0.0183404 0.0145147 -0.000213554 0.00406602 -0.000346433 -0.00171009 0.00238603 0.000700662 0.00575459 0.00193234 -4.41471e-05 -0.00666585 -0.00214892 0.000919102 0.000198464 -0.000958048 0.000417856 -0.00198352 -0.00137821 -0.00042879 -0.00013279 7.23008e-06 4.69354e-05 -0.000231286 -0.00111424 1.39603e-05 -0.00433006 8.87077e-05 -0.000494234 0.0028526 0.0167276 -5.61833e-05 -0.00128318 -3.56614e-05 -0.0037578 -0.000869016 1.33452e-05 -0.00152806 -0.00364574 0.0104223 0.000434082 -0.00276436 0.00384896 -6.27483e-05 0.00319021 -0.00161168 -8.20857e-05 0.000706548 0.000239768 -0.00291172 0.000119613 -0.000374485 0.000126903 0.000327701 -0.000143107 0.00010773 8.92328e-05 5.26284e-05 -0.000222244 0.0022904 -0.000418976 -4.53138e-05 0.00116588 0.000261135 0.00137043 -0.00803869 -7.18042e-06 -0.000379906 0.00264574 -0.00179393 -0.000188812 -0.000424789 -0.00460926 -0.000127824 9.46744e-05 
-1.19725e-05 8.14625e-05 -0.00106438 0.00134391 -0.0595074 0.0137508 -0.00892195 -0.000704204 -0.0671108 0.00108065 -0.0086818 -0.0148041 0.00812175 0.00010017 -0.00595539 0.124997 -0.000108818 0.0105767 -0.0011485 0.0266623 0.00169962 -0.000334338 -0.0223066 0.000895632 0.00196605 -0.0222706 -0.029698 0.00175923 -0.0205284 0.008138 -0.0382381 0.0222078 0.00315972 -0.00363892 0.00190253 0.000883685 0.025139 -0.00362818 -0.000640368 0.000441134 0.0174373 -0.0218062 0.0149835 0.018627 0.00474864 -0.00106812 0.000421049 0.000385007 0.00801338 -0.00372828 -1.8285e-05 0.0156439 0.000439626 0.00731668 -0.0669093 -0.0174392 0.00105683 0.0117299 -0.00036466 -0.00952283 0.0133715 -1.23376e-05 -0.0134735 0.0102808 -0.00876424 -0.00330434 0.0243627 -0.0084704 0.00106464 -0.0053299 0.032658 0.00323236 -0.00325309 0.000290763 0.0355588 -0.000131261 0.00901006 0.0144784 0.00122407 -0.000635701 -5.50934e-05 0.00200098 0.00546975 0.00144232 -0.00414051 -0.000428657 -0.00410227 -0.0262933 0.00303947 -0.00457137 -0.0347774 -7.18125e-05 0.00537351 -0.00219778 0.000140873 0.00299088 0.00232649 0.0254539 -0.000249751 0.000941955 
0.000270939 5.82588e-05 0.00137814 -0.0113215 0.00787827 0.00228051 0.0393283 0.0123341 -0.0167802 0.000810472 0.0145806 0.0164162 0.010176 -0.000433404 0.00205991 -0.000108818 0.066294 0.0001756 0.013142 -0.0149366 0.00171688 -3.7607e-05 -0.0277147 0.000684973 -0.00014114 -0.0296148 -0.0104389 0.00125373 -0.0334401 0.00758586 -0.0243679 -0.00445225 4.74201e-07 0.0296218 -0.00239947 6.33862e-06 -0.00408576 -0.00418386 0.00614987 1.13887e-05 -0.000168831 -0.00109484 -0.00467316 -0.000176858 -0.000453437 -0.000603847 2.09742e-05 -0.000160783 -0.000575206 -0.000887614 0.000100742 -0.0032164 0.000609919 0.00142991 -0.0425293 -0.0113595 7.80187e-05 -0.000296156 -7.6926e-05 -0.0346954 -0.00217907 8.84661e-05 -0.0280333 -0.0039395 -0.01333 -0.00080472 0.0014515 0.0412116 0.00034377 0.0327095 0.00214116 -0.00035835 0.00836962 -0.000301894 0.00440831 0.00448774 0.00233905 0.00169923 0.000283847 4.04105e-05 6.48664e-05 -0.000136029 0.000559769 0.000293313 -0.00195801 0.00208556 -0.00146674 -0.00787023 -4.996e-05 0.0249315 -0.0459609 -3.07418e-05 0.000537088 0.0282204 -0.0106012 -0.000240364 -0.000438582 0.0103122 9.62249e-07 9.09404e-05 
-5.93746e-05 0.000266557 0.00109091 -0.0105709 -0.0364003 -0.0027355 -0.00574468 -0.00109359 -0.0183706 -0.000468297 -0.0194077 -0.0265659 -0.00101846 -0.000244275 0.00672273 0.0105767 0.0001756 0.0785397 -0.00220865 0.0050261 0.00149329 0.00207668 0.0024008 0.000824512 3.10634e-05 -0.0113519 0.0164975 0.00011944 -0.0100467 -0.00138242 -0.0125025 0.0215717 0.00387801 -0.00172824 0.00426872 0.000344839 0.017717 -0.00350245 0.00494432 -0.000216177 0.00166771 -0.00754456 0.00313281 0.00788002 -0.000664 -0.00031517 -2.2845e-05 0.000119291 0.000209798 -0.00120559 -6.20826e-05 -0.00531065 8.63131e-05 0.0014687 -0.00122669 0.0171418 9.52044e-05 -0.00436172 4.36693e-05 0.00369958 0.00904216 -2.34897e-05 0.00257597 -0.00222956 0.00658684 -0.000936522 -0.00200544 -0.001715 0.000345241 -0.0030039 0.000206629 -0.00023542 -0.00104176 0.000512496 0.0125537 -0.000425723 0.00178621 0.00134219 -0.000156209 -0.000722507 0.000298546 0.00103563 -0.000320772 0.000300843 0.00596211 -0.000367126 -0.000282118 -0.0139815 -0.000578937 -0.00255034 -0.0192238 -5.90533e-05 -0.000524414 -0.00465191 -0.0126577 0.000584471 -0.00077083 -0.00174387 -0.000411466 -0.00029283 
0.000108212 -2.44017e-05 -0.000472272 -0.00723291 0.00325302 0.00153659 0.0195605 -0.000482732 -0.00590877 0.000596342 0.00374741 0.00201319 0.00477329 -0.000314877 -0.000900147 -0.0011485 0.013142 -0.00220865 0.0534834 -0.0104171 0.000533218 0.000214479 -0.00174074 -3.56797e-05 1.96093e-05 -0.0110481 -0.00688474 -0.000299412 -0.00952428 0.00360277 -0.0133972 -0.00462281 -7.80184e-05 0.00743427 -0.00209817 -5.0427e-05 -0.00519186 -0.00314343 0.00143225 0.000409454 -0.00182338 -0.00485336 -0.003139 -0.000934634 0.000748644 0.00129621 7.6375e-05 -7.09296e-05 -0.000576394 2.65354e-05 9.57837e-06 -0.00237092 -8.00105e-05 -6.04971e-05 -0.00568523 -0.00156145 4.04494e-05 0.00449194 -2.91763e-05 -0.0119532 -0.00126259 -1.74132e-06 -0.0088265 0.000760932 -0.00493132 0.00564625 0.00173237 0.00772473 1.81669e-05 0.00561026 0.00129638 -0.000239359 0.00307983 -0.000103989 -0.00084402 0.00019922 -0.000124918 0.000904196 -0.00015608 -0.000454929 -7.41494e-05 -0.00021546 0.000178767 0.000660632 -0.0014523 0.00140712 -0.00119799 -0.00500844 -0.000492342 0.00401068 -0.0291682 -3.75068e-05 0.000217565 0.0118769 0.00367028 0.00058061 -0.000515769 0.00335576 -0.000240328 0.000230899 
-0.000178107 -9.5965e-05 -0.00204559 -0.0201435 0.00552541 -0.00402748 -0.0183601 -0.00374153 -0.011145 -0.00157735 -0.0126056 -0.0331143 -0.00401611 -0.000355028 -0.00740952 0.0266623 -0.0149366 0.0050261 -0.0104171 0.206647 0.000165935 0.000926449 0.00904714 0.000463016 0.00217725 0.0307872 -0.021041 -0.0023279 -0.0467085 -0.00478219 -0.0384811 0.000446336 -0.000611787 -0.00990616 0.000418919 0.000426898 0.0422759 0.0183797 -0.00404039 -0.000676816 -0.0016761 0.0129557 -0.00601136 0.0023861 -0.000358453 0.000526799 -0.000106127 0.0010971 -0.00404803 -0.00818465 -2.11949e-05 -0.00262788 -0.000281586 -0.000211801 0.00199386 -0.0108728 0.000235623 -0.0039063 -0.00028917 0.0186888 -0.00248802 -6.41141e-05 0.00536411 0.0153475 -0.0237398 -0.00767776 -0.000722241 -0.0156814 -0.000308298 -0.0112244 -0.00145212 -0.00206291 -0.00400964 0.00219946 0.0151773 -0.00217673 0.00156688 -0.000959949 -0.000865567 -0.00074429 -9.1253e-05 0.00118905 -0.00197489 -0.00122784 -0.00660387 -0.00280122 0.00347333 -0.00849614 -0.00283809 -0.00746176 0.029267 0.000275871 -0.000922349 -0.0158781 -0.0152694 0.00234996 -0.00231437 -0.0122756 0.00068541 -0.00048365 
2.04698e-06 8.00101e-05 5.58834e-05 -0.000725541 -0.00268417 0.000559413 6.89176e-05 0.000140175 -0.00295784 1.90538e-05 -0.00114473 -0.00145398 0.000515979 9.29646e-05 -0.00015766 0.00169962 0.00171688 0.00149329 0.000533218 0.000165935 0.00400015 0.000332649 -0.00164732 0.0011206 2.24239e-05 -0.00298991 0.000278188 0.000575241 -0.0008046 0.001138 -0.000797879 0.0010523 8.81015e-05 4.68053e-06 -5.10872e-05 9.0942e-05 0.00180347 6.77172e-06 1.50087e-06 0.000118571 7.4575e-05 -0.00109596 -5.92852e-05 0.000285432 0.000104395 -4.08785e-05 0.000114855 0.000112535 -0.000100156 -0.000108348 1.10654e-05 -3.59628e-05 0.000340319 0.000398877 -0.00254439 -0.000648187 7.96887e-07 0.000184097 -1.00117e-05 -0.00146492 0.000555455 8.68968e-07 -0.00182845 0.000517924 0.000848746 0.00038457 0.001067 0.000280417 0.00013248 1.1015e-06 0.00104066 0.000109892 -8.19663e-05 5.32059e-05 0.00250399 8.79825e-05 0.000697184 0.00064752 0.000138412 -2.86061e-05 2.7134e-05 0.000146611 0.000262468 0.000297164 -0.000127335 0.000179318 -0.000134423 -0.00320749 0.000268613 -4.68117e-05 -0.00280931 -3.2391e-06 0.00013289 -0.000301398 -0.000589978 0.000850941 4.87889e-05 1.14547e-05 -1.58653e-05 9.67317e-07 
1.2097e-05 8.97348e-06 -5.06224e-05 -0.000715713 -0.00168992 -0.000206009 -0.000368115 -8.59228e-05 -0.00152983 -6.183e-06 -0.00261283 -0.00276174 -4.00371e-05 3.18617e-05 0.000733029 -0.000334338 -3.7607e-05 0.00207668 0.000214479 0.000926449 0.000332649 0.00506341 0.000887391 0.000219547 4.54731e-05 -0.00132093 0.00100082 2.58971e-05 -0.000985932 5.16948e-06 -0.000502569 0.000934559 0.000484586 1.99375e-05 0.000247441 1.10843e-05 -0.000417894 0.00125364 0.00076921 -1.14909e-05 0.000203203 -0.00078549 -0.000114088 -5.27882e-05 -2.70378e-05 -1.71678e-05 8.48836e-05 0.000132034 0.00014877 0.000102342 -1.36413e-06 -0.000402809 7.13134e-05 0.000195391 0.000267261 0.00107994 3.13231e-05 -0.000247079 5.33417e-05 -1.34825e-05 0.000464166 -3.84356e-07 -0.000486155 -7.40684e-05 0.000277661 -0.000102249 -0.000266189 1.60412e-05 -5.27284e-06 -0.000174434 -0.000129232 9.66136e-06 8.98253e-05 0.000177922 0.000693167 3.06286e-06 0.000230992 0.000129682 2.50825e-05 1.10625e-05 4.25441e-05 3.16264e-05 4.46181e-05 2.97234e-05 -2.60443e-05 0.000110988 0.000156694 -0.000821096 -7.46728e-06 -0.000111279 -0.0013626 7.71085e-06 -2.74195e-05 -0.000253061 -0.000819304 0.000271259 -3.61636e-06 -0.000518777 4.12264e-05 -1.12796e-05 
-0.000222515 -0.000350137 -0.00235869 0.0211943 0.0069431 -0.0300913 -0.0241927 -0.0131072 0.0462741 -0.00299005 -0.0359119 -0.0412234 -0.0159318 -0.00113478 -0.00321821 -0.0223066 -0.0277147 0.0024008 -0.00174074 0.00904714 -0.00164732 0.000887391 0.178778 -0.00101224 -0.000263805 0.0199199 0.0266947 -0.00113262 0.0159732 -0.0130081 0.0439462 -0.0156775 -0.00105176 -0.0265291 0.00284097 -0.000384732 -0.0185314 -0.000926399 -0.00631359 -0.000624169 0.00223842 0.022848 0.0055282 -0.0151842 -0.00461984 -0.00116097 -0.000955561 -9.15542e-05 0.00503977 0.000538483 -0.000259343 -0.0271102 -0.000771283 0.000594556 0.0612627 0.0286284 -0.000391404 0.00169264 0.000293416 0.0489411 0.00372727 -0.000165124 0.0323776 -0.00720867 0.0320565 -0.00323427 -0.0473912 -0.0304553 -0.000685568 -0.0261394 -0.0399484 -0.00546954 -0.00951137 -0.000452509 -0.00628354 -0.00328894 -0.00866939 -0.0101118 -0.00279283 0.000446807 -0.000320465 -0.00224803 -0.00682782 -0.00217209 0.00507537 -0.00465837 0.00516562 0.00754069 -0.00539707 -0.0202378 0.0233952 -5.2879e-05 -0.00576732 -0.0162692 0.0165032 -0.00111423 0.0011319 -0.0508935 -0.00151325 -0.00050382 
4.87929e-06 1.62386e-05 1.28171e-05 -0.000421526 -0.00124471 0.000175847 -6.43085e-05 6.46773e-05 -0.00151196 5.68736e-05 -0.00114939 -0.00103665 7.98789e-05 2.85369e-05 -4.52659e-05 0.000895632 0.000684973 0.000824512 -3.56797e-05 0.000463016 0.0011206 0.000219547 -0.00101224 0.00198439 1.23511e-05 -0.00116084 0.000433574 0.000334265 -0.000336516 0.0002649 -7.44654e-05 0.0006767 0.000132684 -5.204e-05 -3.09781e-05 5.10248e-05 0.000565621 -2.93885e-05 -2.69143e-06 2.0922e-05 7.17571e-05 -0.000598187 0.000227172 9.14655e-05 5.18379e-05 -1.33785e-05 1.56344e-05 3.11932e-05 -4.4921e-05 -5.78812e-05 2.26174e-05 3.7654e-05 0.000198558 0.000191139 -0.00110989 -0.000303529 2.11083e-05 -5.5714e-05 -4.53444e-06 -0.000775586 0.000140045 1.42928e-06 -0.000976067 0.00018572 0.000355951 0.000149213 0.000585285 8.94294e-05 0.000147069 -4.60646e-05 0.000391871 1.81383e-05 -4.47329e-05 6.31662e-05 0.00108633 7.46965e-05 0.000158265 9.58173e-05 4.97889e-06 -1.71554e-05 1.34786e-05 0.000149251 0.000184605 0.000131567 -4.40776e-05 4.59426e-05 -6.77996e-05 -0.00102228 1.49602e-05 -3.29131e-05 -0.00109997 1.74283e-06 5.15122e-05 3.9985e-05 -0.00028373 0.000718581 -3.4947e-07 -0.000195865 1.33403e-05 6.31107e-06 
3.11978e-05 4.18366e-05 -5.54868e-05 0.000287218 -0.00238367 -0.000332588 -0.000338966 -8.75054e-05 -0.00231916 -3.39514e-05 -0.000530267 -0.00118451 0.000208718 -1.02101e-05 -0.000263011 0.00196605 -0.00014114 3.10634e-05 1.96093e-05 0.00217725 2.24239e-05 4.54731e-05 -0.000263805 1.23511e-05 0.00697716 -0.000847616 -0.00127769 0.000119377 -0.00100738 0.000196697 -0.00029733 0.0007845 0.000146911 -0.00026881 0.000584965 0.000250438 0.00252062 -0.000259209 -0.000183756 -1.31172e-05 0.000425879 -0.00217902 0.0010841 0.00145271 2.52776e-05 -4.74539e-05 3.79934e-05 3.50092e-05 -0.000128557 -0.000269317 -3.05592e-06 0.000127219 0.000341861 0.000996028 -0.0021223 -0.00111015 0.000556592 -0.000210093 -1.88402e-05 -9.24712e-06 -2.48405e-05 8.37943e-07 -0.00225981 0.000161447 -0.000707183 0.000378655 0.000486756 -0.00030679 0.000145785 -0.000222947 0.000609511 -2.76375e-06 -9.18578e-05 0.000221864 0.00200319 -3.48014e-05 0.000390327 0.000373928 -1.71435e-05 5.94115e-05 -6.27876e-06 0.000983469 -4.98374e-05 6.55624e-05 -0.000155462 -6.98609e-05 -0.000248552 -0.0027604 -7.98442e-05 -0.000201618 -0.00180658 -1.91111e-06 2.55315e-05 -0.000342649 -0.000724692 0.000334024 0.000357817 0.000197173 1.75594e-05 -6.35237e-06 
-0.000442214 -0.000541954 -0.00253683 0.0067896 0.0722912 -0.0073771 -0.0249836 -0.0102616 0.0412111 -0.00119346 0.0505056 0.0354111 -0.0145422 -0.000831364 -0.0183404 -0.0222706 -0.0296148 -0.0113519 -0.0110481 0.0307872 -0.00298991 -0.00132093 0.0199199 -0.00116084 -0.000847616 0.168185 -0.040015 -0.00314558 -0.00258641 -0.0134364 -0.00470571 -0.0222934 -0.00390803 -0.0280482 -0.0111826 -0.000157147 0.0133304 0.000826138 -0.00200104 -0.00133371 -0.0191514 0.0110726 -0.0430355 -0.00146846 -0.00370883 0.000794241 -0.00106308 -0.00106892 -0.011056 0.00200318 -0.000177034 0.00116497 -0.00212338 -0.00964127 0.055547 -0.00891374 -0.0011535 -0.028906 -9.35836e-06 0.0378096 -0.0301595 -0.000155949 0.0389996 -0.00372281 -0.045542 -0.0225478 -0.00612643 -0.0257097 -0.000931989 -0.0233347 -0.00525028 -0.000851623 -0.00483673 -0.000620733 -0.0288478 -0.00466448 -0.00716375 -0.00966589 -0.00290013 -0.000323955 -0.000428985 -0.00273731 -0.0062537 -0.00188092 -0.00842162 -0.00151281 0.00353484 0.0410385 -0.00676569 -0.0189334 0.0913805 5.24611e-05 -0.00519103 -0.0213384 0.00194522 -0.00545219 -0.00328852 0.00842618 0.000363453 -0.00188303 
-9.94541e-05 -2.35004e-05 -0.000833031 -0.0431576 -0.0607543 -0.0192237 -0.0126024 -0.00365996 0.0215677 -0.00168518 -0.0814232 -0.0785509 -0.00638034 0.00128828 0.0145147 -0.029698 -0.0104389 0.0164975 -0.00688474 -0.021041 0.000278188 0.00100082 0.0266947 0.000433574 -0.00127769 -0.040015 0.203282 -0.000798466 0.0646811 -0.00456981 0.106856 0.0101356 -5.69787e-05 -0.00591886 0.0127878 -0.000410955 -0.0310067 -0.00289597 -0.00663933 0.000613274 -0.00536591 0.00689432 0.0198147 -0.00938008 -0.00290696 -0.00179731 -0.000375687 -0.000267904 0.00302199 0.000409276 -0.000144174 -0.0295514 0.00152976 -0.00274748 0.0247296 0.067386 -0.000303936 -0.0171648 0.00035435 0.010504 0.00893602 -4.58269e-05 0.0100915 -0.0095367 0.0995382 0.0173418 -0.0159587 -0.0138899 -0.000261635 -0.00933287 -0.0209467 -0.00237236 -0.00546299 -0.00137795 -0.00360335 -0.00122643 -0.00541252 -0.00519407 -0.000452168 -0.00073637 0.000226283 -0.000118849 -0.00249046 -0.001674 0.015717 -0.00095074 -0.00670346 -0.00371176 0.00354329 -0.00755925 -0.00658383 -0.000140499 -0.00282192 -0.0276461 -0.0101487 0.000362946 -0.00424658 -0.058659 -0.00153206 -0.000183037 
5.99219e-05 2.40668e-05 -6.82001e-06 -5.82032e-05 -0.00222716 0.000579239 -0.000409478 0.000165609 -0.00318155 6.46571e-05 -0.00113189 -0.000471224 0.000364003 4.4929e-05 -0.000213554 0.00175923 0.00125373 0.00011944 -0.000299412 -0.0023279 0.000575241 2.58971e-05 -0.00113262 0.000334265 0.000119377 -0.00314558 -0.000798466 0.00974996 -0.00159678 0.00159643 -0.00141841 0.000470139 5.14928e-05 -0.000351581 -0.00027708 8.9302e-05 -0.000109985 -0.000320408 -5.90754e-05 8.4558e-05 0.000781167 -0.00184074 0.00126844 0.000522828 0.000195705 -0.000112548 9.25563e-05 -7.64184e-06 5.39738e-05 -0.000317116 5.0284e-06 0.00199131 0.000533663 0.00103418 -0.00426496 -0.00108112 5.65843e-05 0.000761253 -1.4021e-05 -0.00118878 0.00107922 1.63021e-06 -0.00186331 0.0019342 -0.000588633 0.000111142 0.000505826 -0.000271951 0.000225964 -0.000373562 0.0011509 0.000180621 1.7213e-05 4.49811e-05 0.00362957 -3.40856e-05 0.00165894 0.00110328 0.000116986 -2.11974e-05 1.42775e-05 -3.20151e-05 0.000434833 0.0014525 -0.000212675 -1.16026e-06 -0.000274249 -0.00374486 0.000169464 -0.000133616 -0.00329292 -7.15552e-06 0.000256946 0.00148463 -0.00136067 0.000168138 0.000181101 -0.000240406 -1.53842e-06 6.75703e-05 
-0.000300744 -0.000192401 -0.000669723 -0.0145304 -0.0344269 -0.0163978 -0.02607 -0.00754134 0.0314251 -0.0016593 -0.0644299 -0.0402992 -0.00837115 0.000372394 0.00406602 -0.0205284 -0.0334401 -0.0100467 -0.00952428 -0.0467085 -0.0008046 -0.000985932 0.0159732 -0.000336516 -0.00100738 -0.00258641 0.0646811 -0.00159678 0.247839 -0.00582772 0.0905053 0.010291 -0.00277889 -0.0190302 -0.00766977 -0.00065474 -0.0500567 -0.0110353 -0.0118395 0.000674921 -0.0119114 -0.00877505 0.00704944 -0.00341782 -0.000201171 -0.000267392 -0.000561494 -0.00128038 -0.00346267 0.0120901 -0.000374147 -0.0168892 0.000744121 -0.00561888 0.0529613 0.0188377 -0.000458733 -0.00867344 0.000302135 0.0166599 -0.00915151 -0.000128491 0.0213257 -0.0213103 0.0658981 0.0135212 -0.00769712 -0.0313409 -0.000598637 -0.0221895 -0.00583207 0.000414295 -0.0114048 -0.00217705 -0.0204601 -0.00416776 -0.00714649 -0.00688854 -0.00120792 -0.000699747 -0.000217927 -0.000458284 -0.00253546 -0.0031974 0.00729907 -0.00468762 -0.00484884 0.00581516 0.000542202 -0.0168288 0.0301761 -1.01326e-05 -0.00412387 -0.0349763 0.0335804 -0.0012309 -0.00745121 -0.00332916 -0.00306558 -0.000443309 
5.70076e-05 0.000154762 4.31731e-05 -0.00331853 -0.00776618 0.0107871 0.00502339 0.0015668 -0.0134716 0.000210766 -0.00130159 -0.00186257 0.0104571 0.00092998 -0.000346433 0.008138 0.00758586 -0.00138242 0.00360277 -0.00478219 0.001138 5.16948e-06 -0.0130081 0.0002649 0.000196697 -0.0134364 -0.00456981 0.00159643 -0.00582772 0.0196964 -0.00819247 -0.00276515 0.000125714 0.00563255 -0.000445212 7.27745e-05 -0.00204697 0.00151077 0.000319246 0.000203821 -6.06052e-05 -0.0111864 0.00026437 0.000880362 0.00306539 -0.000232793 0.000834024 0.000241328 -0.000365871 0.000354644 5.99989e-05 0.00237684 0.000281509 0.00115645 -0.0124041 -0.00207732 0.00048082 -0.00131559 -2.92224e-05 -0.0144192 -0.000529431 2.90836e-05 -0.014162 0.00755527 -0.00518597 0.00193643 0.00916282 0.00395587 0.000607066 0.0032679 0.0101882 0.00109639 0.00115942 0.000379857 0.00343378 0.00127506 0.0052763 0.00830809 0.00250061 -7.37694e-05 2.43599e-05 0.000769134 0.00681435 0.00166692 -0.00016452 -0.000243953 -0.000747459 -0.00675007 0.0043908 0.00287034 -0.013115 -6.41275e-06 0.00523941 0.000521361 -0.00299723 5.61749e-05 0.000334134 -0.00347184 0.00093309 0.000995191 
-0.000284058 -0.000218893 0.000131108 -0.00710572 -0.0364049 -0.0258974 -0.0189845 -0.0071746 0.0350272 -0.00157874 -0.0569733 -0.0374587 -0.0098153 0.0006211 -0.00171009 -0.0382381 -0.0243679 -0.0125025 -0.0133972 -0.0384811 -0.000797879 -0.000502569 0.0439462 -7.44654e-05 -0.00029733 -0.00470571 0.106856 -0.00141841 0.0905053 -0.00819247 0.244208 -0.00539572 -0.00145384 -0.0175603 0.010069 -0.000682159 -0.0454919 -0.000276903 -0.0113912 0.000369626 -0.00641291 0.00604423 0.0202515 -0.0135687 -0.00413788 -0.00382698 -0.000572242 2.28631e-05 0.00349016 -0.000565695 -0.000224015 -0.0374508 0.00116874 -0.00615376 0.0262543 0.0197971 -0.000541176 -0.0214314 -0.000252299 0.0222169 0.00516335 -6.78998e-05 0.0214533 -0.0143116 0.0905782 0.0117901 -0.0167223 -0.0288459 -0.00052428 -0.01769 -0.0284398 -0.00228164 -0.010988 -0.00186229 -0.0131957 -0.00307493 -0.00717558 -0.00848374 -0.00118125 -0.0005369 -8.75559e-05 -0.00137065 -0.00372923 -0.00284687 0.0068179 -0.00231608 -0.00994979 0.0162674 0.0018104 -0.0131876 0.0346049 -0.000262178 -0.00408891 -0.0391578 0.00312242 -0.000879294 -0.00389622 -0.0601499 -0.00151389 0.000201694 
-7.93647e-05 0.000135944 0.000185993 -0.0270379 -0.0485129 -0.00258106 -0.00974491 -0.00145799 -0.0266433 -0.000350822 -0.012874 -0.0154005 -0.000660177 -0.000705507 0.00238603 0.0222078 -0.00445225 0.0215717 -0.00462281 0.000446336 0.0010523 0.000934559 -0.0156775 0.0006767 0.0007845 -0.0222934 0.0101356 0.000470139 0.010291 -0.00276515 -0.00539572 0.124669 0.000559154 0.000487183 -0.00441742 4.75228e-05 0.0203526 -0.00667069 0.0036467 0.00039089 -0.00187587 -0.00538859 -0.00582389 0.0111769 0.000716908 -0.000227079 -0.000185144 -0.000395533 0.000922227 0.000912813 -6.60968e-05 0.00597829 0.000601968 -0.0013232 -0.0420927 0.00580563 -0.000195593 0.00131706 -0.000110164 0.000757041 0.00794948 -4.24546e-05 0.00383164 -0.00330588 0.00871954 -0.00178122 0.00727355 -0.00149637 0.000198753 -0.00249212 0.0102555 0.00356698 -0.00340249 -9.26177e-05 0.0261557 -0.000861524 0.000662894 0.00232168 -0.000237234 0.000630699 -1.18995e-05 0.000309393 -0.000826537 -0.000289208 -0.00131558 0.00179741 -0.004885 -0.0208975 -0.000610625 -0.00328996 -0.0409575 -5.22695e-05 -0.000549735 -0.0027357 -0.00110524 0.00263972 -0.00202416 0.0373942 0.000447151 -0.000484477 
-4.12124e-06 4.81915e-05 -6.05265e-05 0.00125583 -0.00511631 0.00248077 -0.00057638 -0.000110383 -0.00587478 0.000216984 -0.00400509 -0.00460113 0.000297956 -4.11671e-05 0.000700662 0.00315972 4.74201e-07 0.00387801 -7.80184e-05 -0.000611787 8.81015e-05 0.000484586 -0.00105176 0.000132684 0.000146911 -0.00390803 -5.69787e-05 5.14928e-05 -0.00277889 0.000125714 -0.00145384 0.000559154 0.00833097 -0.000390032 0.00132368 4.06806e-05 -0.000775483 0.000865863 0.000185779 2.03581e-05 0.00262139 -0.00450503 0.00393651 0.000787525 0.000160822 0.000107608 0.00015451 6.11031e-05 0.00114454 -0.000112109 3.73721e-07 -0.000181906 0.00013513 0.00202501 -0.00161026 -0.000541498 0.000204917 0.000255402 -1.34111e-05 -0.000943762 0.00231625 4.23901e-06 -0.00169917 -0.000142438 -0.00112591 -0.000138185 0.000290672 -0.000494171 0.000272696 -0.000328074 0.00278508 0.000204001 -3.66194e-05 0.000460126 0.0020761 -5.06017e-05 0.00174708 0.00212493 0.000107965 -6.84369e-05 1.66373e-05 0.000126566 0.000579475 -5.91329e-06 -0.000170679 -4.7716e-05 0.000490931 -0.000490158 0.00022698 -0.000239187 -0.00452348 -3.39033e-06 7.67746e-05 -0.00022351 -0.00125756 0.00018645 0.000715357 -0.000453612 -2.46228e-05 0.000128407 
0.000307821 0.000120544 0.00129774 -0.00809795 0.00305643 0.00573086 0.0289916 0.0112247 -0.0123216 0.00126928 0.00693193 0.00685761 0.00866289 -0.000234907 0.00575459 -0.00363892 0.0296218 -0.00172824 0.00743427 -0.00990616 4.68053e-06 1.99375e-05 -0.0265291 -5.204e-05 -0.00026881 -0.0280482 -0.00591886 -0.000351581 -0.0190302 0.00563255 -0.0175603 0.000487183 -0.000390032 0.0508708 -0.00175741 -7.82719e-05 -0.00896069 -0.00340006 0.00418013 -1.24177e-06 -0.0016384 -0.00107903 -0.00337555 -0.00100105 0.000467656 -0.000339041 6.12618e-05 3.80355e-05 -0.000610056 0.00125613 4.94332e-05 -0.00373134 -0.00026468 -0.000701993 -0.0261141 0.000250244 1.45746e-06 -0.00268287 -4.92507e-05 -0.032957 -0.00283327 7.8679e-05 -0.0251462 -0.0031772 -0.0106502 0.000843356 0.00193933 0.0287243 -2.83209e-05 0.0270812 0.00155267 0.000202787 0.00882204 -0.000271814 -0.00303778 0.00328939 0.000164906 0.00141031 0.000299863 0.000489285 7.40492e-05 3.44289e-06 0.00100238 -0.00026494 -0.00139525 0.00101262 -0.000446227 0.00170694 7.59007e-05 0.0225943 -0.0324631 8.95434e-06 0.000308364 0.0195837 -0.00673733 -0.000383816 -0.00024854 0.00819697 3.24907e-05 -0.000176859 
