0.0112643 6.43551e-05 -1.2594e-05 2.11792e-06 -3.92042e-05 -0.000353371 0.000646249 -7.34432e-05 -1.03882e-05 -4.30291e-05 0.000141355 1.74529e-05 0.000847754 6.3385e-05 0.000655231 1.08021e-05 3.21861e-05 -0.000429927 -0.00303185 -1.33874e-07 3.32085e-05 0.000203182 -7.07048e-06 0.000252483 0.00167323 -0.000906998 1.7793e-05 -1.04528e-05 -3.1273e-05 -0.0023944 0.00298118 0.000201743 0.0010924 -0.00533954 9.93832e-05 -0.000346021 -0.000507997 0.000200206 1.88921e-05 0.00454419 8.01684e-06 0.000900723 -0.00375514 1.11506e-05 -0.000660057 1.02915e-06 2.3621e-06 0.000351988 0.000141608 -9.25925e-05 4.5816e-05 -0.000163537 2.11563e-05 4.17825e-05 0.000222265 -0.000332764 -2.11272e-05 -0.00370546 0.000489406 -0.000235907 -0.00198286 -0.000180242 -0.000570809 -7.7689e-06 0.000557025 -0.00111972 -0.00141343 -0.000101925 6.72892e-05 -0.00360777 2.849e-05 1.26484e-05 5.54252e-05 -0.00108873 -7.22233e-05 0.000387455 0.000878468 1.23048e-05 0.000127846 -0.000153495 1.42337e-05 -4.1569e-05 -1.43393e-05 4.77045e-05 0.000149203 -2.9197e-05 -0.000863335 -0.000200689 0.000211297 -0.0016125 -6.67826e-05 -0.000474762 0.002429 0.00206905 0.000260684 0.0022334 0.000393164 -0.00115849 -2.49636e-06 3.23758e-05 
6.43551e-05 0.000953811 -2.08963e-06 -4.14471e-08 1.17665e-05 1.66494e-05 0.000129295 -1.46072e-07 6.54095e-07 2.04078e-05 6.59952e-05 1.63661e-05 3.9503e-05 3.32967e-05 -2.6234e-05 2.49215e-05 9.32143e-05 -1.41517e-05 -0.000297 3.98673e-07 9.84107e-07 0.000153814 5.90312e-05 0.000203646 1.75984e-06 -7.48912e-05 6.64077e-06 -1.53457e-07 5.56376e-05 -0.000178187 0.000257571 -4.52262e-05 5.98868e-06 -0.000356375 1.2938e-05 2.96891e-05 -0.000422687 7.63239e-05 -8.00047e-07 4.89389e-05 1.14382e-05 7.32847e-05 2.48687e-05 2.25168e-06 -0.000147535 4.95139e-06 2.17307e-06 1.85272e-05 -4.13315e-08 3.72503e-06 1.82841e-05 -0.000334957 9.14952e-06 2.52839e-05 6.52457e-06 1.4373e-05 4.19807e-06 -8.025e-05 0.000256914 -0.000226612 1.05458e-05 -5.9184e-06 6.46385e-05 0.000111693 0.000201511 -0.000439316 6.07735e-05 -2.00969e-05 3.29615e-05 -0.00018769 1.48181e-05 6.91038e-05 -3.6742e-07 -6.75292e-05 1.62372e-05 2.64598e-05 4.90482e-06 4.92252e-06 6.81801e-06 -1.24093e-05 2.13595e-06 4.77813e-05 1.18629e-05 -2.44221e-05 5.00585e-06 1.23609e-06 -0.000111212 4.46161e-05 0.000102997 -0.000215038 -2.9146e-06 2.51672e-05 -3.84509e-05 -4.21125e-05 6.20872e-05 4.79397e-05 1.37416e-05 -0.000476768 -1.09504e-06 3.21489e-06 
-1.2594e-05 -2.08963e-06 0.00483028 9.28741e-06 0.000285689 -5.17636e-05 0.000719412 0.000697195 0.000460684 6.91994e-05 3.81293e-05 0.000215725 0.000166717 -2.32739e-05 3.45918e-05 8.63113e-05 6.37072e-05 0.00113038 -0.000880137 2.65625e-05 0.000138869 1.00453e-05 0.00040244 9.22838e-05 0.000404588 -0.00249515 0.000368136 7.27856e-05 6.92942e-05 -0.00107589 0.00112253 0.00078558 0.000401084 -0.00278775 0.000236609 -0.00226863 -0.0024372 0.000181412 5.50618e-05 -0.000407535 6.76281e-05 0.0014316 -0.0030079 0.000134078 -0.000613488 1.64755e-06 0.000202017 1.33569e-05 4.74979e-05 0.000292715 6.0186e-06 -0.00169077 9.49107e-05 -0.000149981 -2.37136e-05 -0.00024318 4.89778e-05 -0.00154418 0.000311531 -0.000596465 -0.00238384 -8.87535e-05 -0.000267085 3.42645e-05 3.34417e-05 -0.00046601 -0.000159698 0.000455289 4.18003e-07 -0.00164357 0.000183492 1.75017e-05 1.56339e-06 -0.000480642 0.00151419 -4.72243e-05 0.00179641 6.28287e-05 0.00016216 0.000656911 0.000480712 0.000133375 -4.73087e-06 0.000569158 -2.34579e-05 0.000539166 6.87501e-05 3.09491e-05 -0.00085398 -0.00175183 -1.31628e-05 0.000395647 0.000952203 0.000970198 -0.000897513 0.00345914 0.00188905 -0.000905576 6.6478e-05 -1.13243e-06 
2.11792e-06 -4.14471e-08 9.28741e-06 6.66844e-05 2.69163e-06 2.13669e-05 1.22451e-05 2.62527e-05 1.8966e-05 8.07796e-08 5.24216e-06 5.65692e-07 -2.47971e-06 1.85882e-06 -8.87045e-07 -7.06784e-08 3.13054e-06 -9.42718e-06 -2.10603e-05 -5.28028e-09 7.40926e-07 3.89152e-06 8.76893e-06 6.03936e-07 4.49789e-06 -2.1716e-05 1.18369e-05 1.27213e-06 5.49846e-06 -6.37778e-07 1.89317e-05 2.76023e-05 1.10869e-05 -4.41056e-05 -7.22901e-07 -3.40146e-05 -3.07369e-05 2.06364e-06 -8.69297e-08 -1.47305e-06 9.15521e-06 4.16228e-06 -4.04366e-05 4.61873e-06 -6.38608e-06 1.2942e-06 2.91423e-07 1.3759e-06 6.48792e-07 6.81039e-06 5.81732e-06 -4.24177e-05 3.98042e-06 -3.30729e-07 3.15164e-07 8.95083e-06 2.83504e-06 -2.40479e-05 2.91312e-05 -4.2684e-05 -3.23811e-05 -1.13455e-06 -1.62318e-06 7.62118e-07 4.05423e-06 -5.06448e-05 -8.98147e-07 1.71164e-05 -1.89878e-08 -3.27521e-05 1.88866e-06 3.04692e-06 1.02857e-05 2.1339e-06 1.91488e-05 6.6626e-06 1.08581e-05 4.92837e-06 1.72778e-06 1.57891e-05 1.1244e-07 4.62245e-06 1.23959e-05 5.79328e-06 1.40165e-05 -9.64936e-08 -6.88947e-06 2.52729e-05 -9.74462e-06 -1.71788e-05 -5.58196e-07 -1.06397e-07 -2.39424e-06 -4.52579e-06 -1.14326e-05 1.32479e-05 3.25616e-06 -5.14541e-05 2.50103e-07 2.35595e-05 
-3.92042e-05 1.17665e-05 0.000285689 2.69163e-06 0.0106722 -0.000154427 0.000545297 0.000116645 9.17825e-05 -8.74196e-06 0.000120841 0.000172017 -0.000401858 -9.19848e-05 -0.000290798 0.00015941 7.9984e-05 0.00449833 -0.00355988 6.14946e-07 3.85346e-05 7.49207e-06 0.000163554 -0.000133814 -0.000135088 0.000719052 8.86871e-06 3.98336e-06 9.48275e-07 0.000237475 -0.000552938 -0.00120223 0.00116036 0.000159113 0.000674844 -0.000752227 -0.000614123 -3.90087e-05 7.95147e-05 -0.000686767 7.95203e-05 -0.000299797 0.000713333 0.000104024 -0.00068782 1.14316e-05 1.1066e-05 -1.92444e-05 0.000109975 -1.65863e-05 4.03831e-05 -0.00034312 9.63496e-06 -0.000354261 -3.61051e-05 -0.000204973 8.35667e-05 -0.00340053 0.000273651 -0.000366615 -0.0017735 -0.00011445 -0.000216661 0.00010755 5.62159e-05 0.000154609 -0.000560722 -8.62798e-05 -1.94954e-06 -0.00126472 -1.04326e-05 9.22735e-07 1.52902e-05 0.000106194 2.61184e-05 -9.65564e-05 0.000962812 -4.62352e-06 -3.43306e-05 -0.000373124 0.000192231 -2.2796e-05 -4.36876e-06 -0.000275208 -0.000301645 0.000323614 -0.000388467 0.000218773 -0.0003338 -0.00344782 -2.53699e-05 0.000439471 -0.000536486 -6.36658e-06 -0.000233909 -0.000149395 0.000556442 3.93582e-05 1.27157e-05 -4.81346e-06 
-0.000353371 1.66494e-05 -5.17636e-05 2.13669e-05 -0.000154427 0.0408294 -0.000927537 0.00234979 0.00047183 0.000459655 0.000806637 1.99976e-05 0.00228629 -0.000678813 -0.000201353 3.29893e-05 -8.71106e-05 -0.00327998 -0.0054756 -8.89358e-06 -1.61067e-05 0.000234456 4.1972e-05 -0.000245859 -0.00233237 -0.000472515 7.23141e-05 0.000174129 6.51869e-05 0.0102954 -0.00286156 -0.000948903 -0.0004729 0.000656846 0.000170785 0.000955117 -0.00223843 3.68571e-05 4.4252e-05 -0.00295668 9.34137e-05 0.000688294 -0.0103208 7.5291e-05 -0.00551217 0.000105254 -9.63707e-06 7.4447e-06 -2.23555e-05 6.68038e-05 0.000874999 -0.00676399 9.97279e-06 -0.000904558 0.000519565 0.00806463 3.57454e-05 -0.00660942 -0.00164079 -0.00145374 -0.0108504 -0.00024205 0.000395853 0.000167489 0.000122863 -0.00920194 0.00654011 0.00203081 6.79313e-07 -0.00335334 -0.000301895 5.83534e-05 9.20271e-05 0.00349848 0.000235321 0.00110038 0.000673149 0.000167365 -0.000199163 0.000147193 -4.12683e-05 0.00100635 0.000430797 0.00131686 0.00299114 -6.65215e-05 -0.00155431 0.0026744 -0.00406904 0.00256792 -0.000252346 4.98914e-05 -0.000225833 -0.00177426 -0.00535821 -3.49454e-05 -0.000160844 -0.00244289 5.47898e-06 0.000274615 
0.000646249 0.000129295 0.000719412 1.22451e-05 0.000545297 -0.000927537 0.0282977 0.00145389 0.00114052 0.000165236 0.0011749 1.31101e-05 0.00391619 0.00305033 0.00154274 7.37571e-06 0.000506958 0.00324136 -0.00802259 -2.90853e-06 2.87022e-05 0.000491265 0.000654446 -0.000103127 0.00158286 -0.0107142 0.000180641 -1.37983e-05 -1.15977e-05 -0.00548409 0.0102255 0.00444632 0.000879836 -0.00751305 -0.000177416 -0.00315035 -0.00682121 0.00032695 6.70173e-05 0.00032518 0.000253905 0.00109863 -0.00715693 1.27657e-05 -0.00438593 -2.45188e-05 0.000183262 -0.00034244 0.000172164 0.000245154 0.000469946 -0.00164463 5.73053e-06 -0.000850523 9.48554e-05 -0.00124512 -3.21222e-05 -0.00952496 0.00585959 -0.00134668 -0.0165532 -0.000177669 -0.000346209 0.000416403 0.00066727 -0.00149361 0.00419491 0.00036948 9.01116e-07 -0.00361878 0.00184359 0.000203864 5.11535e-07 -0.0010045 0.000339744 -0.000791395 0.00153361 0.000159539 0.00144788 6.4481e-05 8.72062e-05 -0.000102992 -2.81836e-05 -0.000660303 -0.000587802 0.000146127 0.0002828 0.00436113 -0.00483227 -0.00158585 -0.000137699 -0.000987633 0.00672165 0.00273168 -0.00542807 0.0128549 0.00247348 -0.00737009 5.95447e-05 7.37352e-05 
-7.34432e-05 -1.46072e-07 0.000697195 2.62527e-05 0.000116645 0.00234979 0.00145389 0.0117316 0.00204808 1.14697e-05 0.000499755 0.000173212 0.00041374 0.000303292 0.000456411 0.000412384 6.61597e-05 -0.00099144 0.00273401 1.67485e-05 5.54827e-05 0.000393509 0.000505032 -1.76585e-05 -0.000484305 -0.00516241 0.00020621 0.000149536 9.73531e-05 -0.00135748 -0.000589301 0.00354664 0.00168878 -0.00227643 8.10665e-05 -0.0037149 -0.000921629 9.34824e-05 4.59463e-05 -0.000498905 0.000393745 -0.000979824 -0.00706657 0.000417586 0.00112459 -1.10908e-05 9.63788e-05 6.46768e-05 0.000189123 -1.23463e-06 0.000979067 -0.00536385 2.2325e-05 -0.000234213 2.11872e-05 0.000133928 -2.33179e-05 3.93839e-05 0.000948588 -0.00289789 -0.00599193 -0.00014578 -0.000571369 1.28864e-05 0.00028404 -0.00267365 -0.00284599 0.00192717 -2.59313e-09 -0.00488594 0.000441547 0.000260815 7.77076e-05 4.27355e-05 0.00132939 0.00115718 0.00161917 0.000421393 8.98414e-05 0.00267503 0.000233422 0.000273288 0.000270718 0.00306727 -8.54414e-05 0.000241928 0.00275522 0.00127284 -0.0020569 -0.00208069 -1.9579e-05 -0.000243707 -0.000709364 0.00106858 -0.00287606 0.0030614 0.00252032 -0.00231776 -1.58429e-06 0.000263664 
-1.03882e-05 6.54095e-07 0.000460684 1.8966e-05 9.17825e-05 0.00047183 0.00114052 0.00204808 0.00382733 -6.46875e-06 0.000421713 9.40734e-05 7.29462e-05 0.000421512 0.000136277 0.000135817 7.75327e-05 0.000478753 -0.00136823 4.25566e-06 9.45346e-07 0.00028613 0.000504553 6.50024e-05 -4.91365e-05 -0.00196417 0.00023919 6.11995e-06 4.99797e-05 -0.000884787 9.46728e-05 0.00216464 0.00042888 -0.0027142 0.000167295 -0.00155035 -0.000637942 0.000148958 7.31402e-06 -7.14871e-05 0.000360291 -0.00012289 -0.00141401 0.000188226 -6.53429e-05 -3.3752e-06 2.39347e-05 0.000362358 0.000162481 5.39597e-05 0.000774862 -0.00229666 3.17096e-05 -0.000119258 4.40195e-05 -0.000135267 0.000105109 -0.00146487 0.00127423 -0.00140685 -0.00194161 -6.76765e-05 -0.000214995 1.3223e-05 0.000154725 -0.00207519 -0.00123422 0.00145608 4.72739e-07 -0.00266806 0.000122946 0.000140048 5.41065e-05 -0.000554355 0.00134509 0.000172559 0.00182804 0.000309302 0.000218774 0.00193493 0.000310013 -1.43867e-05 5.18888e-05 5.41014e-05 -0.000115897 0.000257057 -0.00025604 0.0011724 -0.000305849 -0.00110046 -3.6914e-05 -3.93094e-05 -0.00017068 -0.000193476 -0.000945007 0.00157182 0.00113816 -0.00181253 6.79315e-05 0.000211081 
-4.30291e-05 2.04078e-05 6.91994e-05 8.07796e-08 -8.74196e-06 0.000459655 0.000165236 1.14697e-05 -6.46875e-06 0.0047638 6.32019e-05 5.81539e-06 0.000777032 -2.77471e-05 0.000213998 2.03936e-05 1.15346e-05 0.000333288 -0.000847817 -8.09854e-07 2.91786e-06 -6.81196e-06 3.27723e-05 0.000287986 -2.93931e-05 -0.000787772 1.95454e-05 3.52526e-06 5.40846e-06 0.000455614 0.000100746 -0.000448086 -4.5335e-05 -0.000507569 0.000255637 6.01848e-05 -0.000807862 2.3626e-06 6.70491e-06 -0.000355226 -4.94841e-06 -0.00039245 -0.00123945 -4.83971e-06 -0.000727857 7.7205e-06 4.79322e-06 -1.31332e-05 3.86166e-06 -3.59782e-05 -3.59772e-06 -0.000114489 4.97102e-07 -0.00016361 7.87407e-05 0.00115256 -1.14434e-05 -0.00126293 0.000281469 -2.28522e-05 -0.000542277 -1.26982e-05 -0.000188236 6.58818e-07 -2.45412e-06 -4.74269e-05 0.00111252 7.58621e-06 3.02601e-06 -0.000340057 -4.10465e-05 -5.88975e-07 -9.98318e-08 -8.16731e-05 1.20125e-06 -7.39046e-05 0.000179485 2.35627e-06 -6.97594e-06 -0.000124257 -7.12179e-06 -3.1496e-05 3.88075e-05 -1.48404e-05 0.000182352 3.11984e-06 -4.41824e-05 3.22547e-05 -0.000275748 7.79727e-05 -3.58888e-05 0.000115808 -0.000176448 -6.65665e-05 -0.000717277 -0.00023603 4.79958e-05 -0.000495728 -1.07149e-06 1.04249e-06 
0.000141355 6.59952e-05 3.81293e-05 5.24216e-06 0.000120841 0.000806637 0.0011749 0.000499755 0.000421713 6.32019e-05 0.00813102 0.000463367 0.00108502 0.000789614 0.0011616 0.000384956 7.58476e-05 0.00169724 -0.00225809 1.28516e-05 6.70386e-05 4.29448e-05 0.000138965 0.00110822 0.00131438 -0.00342463 7.03534e-06 1.40334e-05 8.91046e-05 -0.00157327 0.000411762 -6.31983e-05 0.00117198 -0.0016256 0.000312428 -0.000821962 -8.5295e-06 0.000200759 2.18246e-05 0.000743751 0.000112356 -0.000800462 -0.000158172 0.000160555 0.000397825 -7.92013e-06 4.54473e-05 0.000748528 0.000167305 3.91213e-05 0.000213918 -0.00200618 1.65937e-05 -9.95866e-05 6.526e-05 -0.000369839 -1.4396e-05 -0.00173046 0.00137456 -0.00135272 -0.00200175 -0.00016623 -0.0003678 1.37942e-05 5.43771e-05 -0.000653656 -0.00234059 0.000233275 8.84769e-05 -0.00316128 0.000784715 0.000102344 1.1887e-05 -0.000677111 8.31865e-05 0.000510324 -5.76512e-05 6.5116e-05 0.00012684 -6.33296e-05 4.33716e-05 -7.14317e-05 0.000112655 0.000209881 -0.000220557 9.53261e-05 0.00147883 0.0011429 -0.000239861 -0.00207047 -5.59663e-05 -0.000236949 -0.000194233 -0.000379676 -0.001027 0.000416318 0.000580719 -0.00204881 -1.04087e-05 8.04738e-05 
1.74529e-05 1.63661e-05 0.000215725 5.65692e-07 0.000172017 1.99976e-05 1.31101e-05 0.000173212 9.40734e-05 5.81539e-06 0.000463367 0.00200989 0.000242761 0.000118442 0.000508761 0.000195377 0.000117112 -8.04376e-05 1.31718e-06 1.94944e-06 0.000149047 6.90637e-06 7.29506e-05 0.00013926 0.000571678 -0.000945241 2.35152e-05 5.61161e-06 1.33182e-05 -0.000259767 -0.000154909 -0.000178753 0.000261092 -0.000618609 6.54469e-05 -0.00101581 -0.000328643 5.26249e-06 2.8097e-05 5.78582e-05 4.82162e-05 8.89752e-07 -0.000579601 0.000121986 0.000159637 -1.533e-06 9.64782e-06 0.000194749 1.80927e-06 6.97233e-06 3.78616e-07 -0.000524648 1.08065e-05 -5.67812e-05 3.9505e-05 -3.0624e-05 1.59387e-05 9.93007e-05 -3.15465e-05 -0.000736489 -0.00107277 -3.86466e-05 -0.00011169 8.19164e-06 2.26736e-05 -0.000135794 -0.000634974 1.76569e-05 4.56155e-05 -0.00092124 0.000376732 4.89104e-05 1.31079e-05 0.000213395 2.78773e-05 -3.77209e-05 0.000193961 1.4928e-05 -6.6784e-06 -2.62475e-06 0.000136605 3.5479e-05 1.0082e-05 0.000520195 -5.9776e-05 0.000195744 0.00110354 -1.74994e-05 -0.000203887 -0.0015183 1.13142e-05 -8.12725e-05 -1.44157e-05 0.000511605 -9.44423e-05 0.000379828 0.000400891 -0.000301426 -8.23487e-08 1.11192e-05 
0.000847754 3.9503e-05 0.000166717 -2.47971e-06 -0.000401858 0.00228629 0.00391619 0.00041374 7.29462e-05 0.000777032 0.00108502 0.000242761 0.052429 0.00381623 0.00714438 8.37244e-05 2.94314e-05 0.00349994 -0.0139132 3.7245e-05 9.29456e-05 -3.57614e-05 -4.73951e-05 0.000468909 0.00360753 -0.0203782 0.000267805 -3.22496e-05 0.000115744 -0.00546134 0.00732707 -0.000641994 0.00236918 -0.00696939 0.000588786 -0.00152042 -0.00302356 -0.000254554 0.000258864 -0.00117907 -6.19028e-06 -0.00476974 -0.0226379 0.000115463 -0.00321431 3.04546e-05 0.000406678 0.00249769 0.000307646 0.000602482 -7.20168e-05 -0.00308635 -1.0491e-05 -0.00203537 0.00121042 0.00149494 0.000305484 -0.0121895 -0.0021026 0.000172582 -0.018448 0.000680217 -0.00262296 0.00012923 -0.000218414 -0.000521188 0.00921199 0.000143231 3.22838e-05 -0.0117182 0.0012121 0.000434866 0.000164959 -0.00288008 0.000355559 0.000468471 0.000496954 -2.42732e-05 0.000963254 -0.00119233 0.000164737 0.00199116 0.000457299 -0.000940928 0.000722677 -1.73374e-06 0.0016325 0.000404217 -0.00499284 -0.00372473 -0.000180697 -0.0010911 0.00821734 0.0101865 0.00285436 0.0136073 0.00313476 -0.004385 0.000131784 1.98605e-06 
6.3385e-05 3.32967e-05 -2.32739e-05 1.85882e-06 -9.19848e-05 -0.000678813 0.00305033 0.000303292 0.000421512 -2.77471e-05 0.000789614 0.000118442 0.00381623 0.0173016 0.00519037 1.91235e-05 1.29869e-05 0.000538137 -0.00539111 1.31566e-06 6.53141e-06 8.57163e-05 0.000189895 0.000136936 0.00278486 -0.00721069 -4.4352e-05 -2.12562e-05 -4.96489e-05 -0.00177452 0.00155038 0.00414939 8.32481e-05 -0.00596257 -5.55313e-05 -0.00132302 0.000490756 0.000146939 7.98539e-05 0.00555549 0.000249473 -0.00111892 -0.00320974 7.56567e-05 -0.00197301 -6.31653e-06 6.55403e-05 7.4965e-05 1.17182e-07 3.10437e-05 0.00010148 4.28808e-05 2.78837e-05 -0.000573175 0.000337799 -0.000577841 -9.41949e-05 -0.00457882 0.00160689 -0.00071011 -0.00400059 -3.38836e-05 -0.000658764 0.000100287 5.80885e-05 -0.000178996 -0.00257116 -0.000262007 5.44108e-06 -0.00794834 0.000130834 0.000242456 8.38597e-06 -0.00233764 -4.87354e-05 0.00195561 0.0022357 3.32736e-05 0.000310155 0.000818501 2.69553e-06 -0.000205137 7.9915e-05 -3.61496e-05 -0.000282322 0.00048357 0.00101471 0.00163808 -0.00147519 -0.00260689 -0.000109349 -0.000216807 0.00131793 0.00101887 -0.00225989 0.00183875 9.8129e-05 -0.00224542 -9.81445e-06 5.70933e-05 
0.000655231 -2.6234e-05 3.45918e-05 -8.87045e-07 -0.000290798 -0.000201353 0.00154274 0.000456411 0.000136277 0.000213998 0.0011616 0.000508761 0.00714438 0.00519037 0.0420254 1.37793e-05 -0.000161702 -0.000823829 0.00114056 4.37347e-06 0.000227326 -2.06198e-06 6.36247e-05 -0.000102838 0.00343446 -0.00620157 1.44738e-05 -2.85719e-05 -0.000118214 -0.0100783 -0.00173941 0.00409477 0.000652523 -0.00647409 0.000233687 -0.00615435 0.00158458 0.000121742 -3.3566e-05 0.00636295 2.18707e-05 -0.00403854 -0.00575541 -2.81856e-05 0.000355374 -5.03549e-06 1.62191e-05 0.000158824 5.53665e-05 -0.000374031 5.07447e-05 0.00018085 5.3848e-05 -0.000282743 -3.24903e-05 -0.00114517 0.00016677 0.00471279 0.000950316 -6.62705e-05 -0.00981106 -0.000682502 -0.00224277 2.39155e-05 -2.98716e-05 -0.000145282 -0.00945179 -0.000290168 2.79538e-06 -0.0120258 0.000873864 2.48829e-05 4.06098e-05 -0.00169206 -8.86895e-06 0.000314365 0.00279883 1.58437e-05 0.000217699 0.00174042 -1.78532e-05 -0.000616163 0.000369614 0.000727127 -0.00110983 1.11184e-05 0.010503 0.000350754 -0.00603395 -0.00529454 -4.53204e-05 -0.00148864 -0.00151783 0.00553114 -0.0103231 0.000558645 0.00136491 -0.00214367 -3.76067e-05 -3.68582e-05 
1.08021e-05 2.49215e-05 8.63113e-05 -7.06784e-08 0.00015941 3.29893e-05 7.37571e-06 0.000412384 0.000135817 2.03936e-05 0.000384956 0.000195377 8.37244e-05 1.91235e-05 1.37793e-05 0.0010587 1.83274e-05 -4.9417e-05 -0.000126968 3.33728e-05 4.82846e-05 4.36858e-06 0.000158085 0.000218872 0.000134803 -0.00056426 5.38966e-07 1.6942e-05 4.5123e-05 -0.000234809 6.62373e-05 -0.000112739 0.000584254 -0.000668373 0.000347613 -0.000493268 -0.00040284 5.72338e-06 3.60852e-05 -2.3367e-05 9.37434e-05 -0.00011843 -0.000237047 0.000286089 0.000526956 -9.96153e-07 2.16285e-05 0.000248666 0.000219093 1.7494e-05 4.01539e-06 -0.000894796 2.15345e-05 4.78218e-05 9.3221e-07 -4.34389e-05 1.40148e-05 -7.38532e-05 1.30243e-05 -0.00058356 -0.000273358 6.52366e-05 -4.58298e-05 2.74199e-05 4.43479e-05 -0.000457762 -0.000148233 -7.43105e-06 1.77982e-05 -0.000686224 0.000216462 0.000120761 4.08342e-07 9.16414e-05 1.06547e-06 0.000170587 -1.97788e-05 5.54049e-05 6.37213e-05 -4.07329e-05 9.79454e-05 0.000245199 3.74289e-05 7.82604e-05 1.03311e-05 0.000231528 6.24286e-05 -2.82028e-06 -2.80797e-05 -0.00037193 2.26781e-05 -3.38796e-05 -8.94578e-05 -8.29081e-05 -0.000270343 -8.9029e-05 0.000385125 -0.000664079 -1.07705e-06 1.57029e-05 
3.21861e-05 9.32143e-05 6.37072e-05 3.13054e-06 7.9984e-05 -8.71106e-05 0.000506958 6.61597e-05 7.75327e-05 1.15346e-05 7.58476e-05 0.000117112 2.94314e-05 1.29869e-05 -0.000161702 1.83274e-05 0.00534453 -0.000586377 -0.00101817 6.015e-07 6.22893e-05 0.000316807 5.1777e-05 0.000268694 0.00074735 -0.000921031 1.15599e-05 -6.11757e-06 3.382e-05 -0.000712218 0.00113618 0.000648111 5.48593e-05 -0.00203053 -2.64887e-05 -0.000185743 -0.00092951 3.2795e-05 2.07624e-05 -0.000241408 3.26e-05 -0.000709932 -0.00066979 5.41646e-06 -0.000275388 5.46073e-06 4.91158e-06 -8.36732e-05 8.89894e-05 8.58358e-05 0.000130711 -0.000582598 8.04271e-05 4.31485e-05 2.10508e-05 3.53212e-05 4.25971e-05 -0.000350775 0.000155851 -0.000893842 -0.000379924 -0.000100094 0.000561997 0.000201401 0.000309966 -0.000308486 -0.000797929 0.000163876 0.000100781 -7.73118e-05 9.27603e-05 2.50308e-05 2.16768e-06 -0.000600643 5.53092e-06 0.000163655 -7.07174e-05 3.56017e-05 0.000511732 0.000314019 8.20354e-06 7.80155e-05 5.87884e-06 0.000190423 -5.09634e-05 -2.86424e-07 -0.000190112 0.000270314 0.000290955 -0.00109974 2.80853e-05 -0.000173813 0.000289616 -9.01876e-05 0.00118397 0.000135009 0.000103901 -0.00136264 -6.85701e-06 5.86554e-05 
-0.000429927 -1.41517e-05 0.00113038 -9.42718e-06 0.00449833 -0.00327998 0.00324136 -0.00099144 0.000478753 0.000333288 0.00169724 -8.04376e-05 0.00349994 0.000538137 -0.000823829 -4.9417e-05 -0.000586377 0.160005 -0.017477 3.94515e-05 1.49164e-05 9.51638e-05 -0.000280536 -0.00165073 0.00141754 -0.0216735 0.000244955 -0.000108217 -0.000453758 -0.0192043 -0.00899817 -0.00982582 -0.00310115 -0.000101224 0.00433618 0.00251794 0.00769671 -0.000849115 -9.45677e-05 -0.0140127 -0.000309654 0.00242347 0.0153485 9.59037e-05 -0.0155256 -0.000124282 0.000462233 0.00425979 0.000334768 -0.000661108 -0.000105588 -0.00877759 9.87209e-05 -0.00312898 0.000681305 -0.00754715 -0.000107926 -0.0242955 0.00963312 0.000993978 0.0042667 -0.00384573 -0.00351334 -0.000316569 -0.000302776 0.00478127 -0.0338435 -0.00422817 -4.99577e-05 0.00596321 0.000136529 -0.000170113 1.87847e-05 -0.0182869 0.00132306 0.00137448 0.014935 -7.22091e-05 0.000452551 0.000320651 0.000361393 -0.00240023 -0.000370981 -0.00333858 -0.00497361 0.00111661 -0.016598 -0.000708974 0.00946215 -0.00227789 -0.00192792 0.0150867 -0.00778508 -0.00832003 -0.0168553 0.00715875 0.000529289 0.00158852 0.000253349 -0.00038057 
-0.00303185 -0.000297 -0.000880137 -2.10603e-05 -0.00355988 -0.0054756 -0.00802259 0.00273401 -0.00136823 -0.000847817 -0.00225809 1.31718e-06 -0.0139132 -0.00539111 0.00114056 -0.000126968 -0.00101817 -0.017477 0.236492 -5.21058e-05 0.000358456 -0.000761042 -0.000650251 -0.00383414 -0.0132008 -0.015148 -0.000896554 0.00053783 -0.00112567 0.000254609 -0.0328717 -0.0190494 -0.00580879 0.0421004 -0.00446406 -0.0141898 -0.000802487 -0.00115571 -0.000438579 -0.0353726 -0.000401674 -0.0223342 -0.0348381 -0.000360269 0.000155888 -0.000341428 -0.000128052 -0.00441896 -0.0009576 -0.00200621 -0.000687177 -0.00544392 -0.000140485 0.00842241 -0.00191197 -0.000642124 0.000899942 0.103132 -0.0266163 -0.000574201 -0.00698952 -0.00635885 -0.0094786 -0.000495731 -0.00159103 0.0105371 -0.0492933 -0.00321127 -9.52698e-05 0.018055 -0.000366438 -0.00041958 -0.00014888 0.0320387 -0.00105747 -0.00261963 -0.0152744 -0.00016866 -0.00245833 -0.00768839 -0.000653988 0.000226376 -0.000710303 0.00873826 -0.00636779 -0.000912498 0.0405197 -0.00954797 -0.0281521 -0.00245502 0.00181773 0.000199019 -0.0106469 0.00107427 -0.0190196 -0.0162264 -0.00217655 0.0108725 -0.000285397 -0.000125361 
-1.33874e-07 3.98673e-07 2.65625e-05 -5.28028e-09 6.14946e-07 -8.89358e-06 -2.90853e-06 1.67485e-05 4.25566e-06 -8.09854e-07 1.28516e-05 1.94944e-06 3.7245e-05 1.31566e-06 4.37347e-06 3.33728e-05 6.015e-07 3.94515e-05 -5.21058e-05 0.000245728 2.28577e-06 1.55512e-06 1.54204e-05 2.11232e-05 0.000111595 -0.000128529 2.20119e-06 4.396e-06 2.01899e-05 -6.01344e-05 2.60546e-05 -1.78018e-05 6.71178e-05 -0.000161552 5.43484e-05 -0.000114669 -0.000107223 1.18876e-05 9.19072e-06 2.44455e-05 -4.33654e-07 6.19529e-05 -8.99752e-05 5.0663e-05 3.74326e-05 -1.33765e-07 2.725e-05 0.000118159 3.60748e-05 8.60474e-06 -4.83783e-07 -9.89894e-05 1.98536e-05 1.91798e-07 7.05879e-06 -1.17526e-05 2.73206e-06 -9.40233e-05 8.31619e-06 -3.07104e-05 -3.15511e-05 -4.50592e-06 -1.29733e-05 1.48071e-06 1.869e-07 -5.69734e-05 -7.04564e-05 -2.9892e-06 3.4113e-07 -0.000132302 2.47764e-05 3.42945e-06 2.65362e-07 -3.10336e-05 1.74734e-05 1.65186e-05 1.91572e-05 1.26992e-05 3.25615e-07 -8.78149e-06 5.09888e-06 -2.09015e-06 -8.06615e-08 5.80789e-06 -1.56734e-06 4.31933e-05 -1.51349e-05 -3.68481e-06 3.76554e-05 -0.000104488 6.58992e-08 5.31233e-06 1.1288e-05 3.05819e-05 -8.57287e-06 4.27956e-05 7.35113e-05 -6.02119e-05 1.2523e-06 -1.21955e-07 
3.32085e-05 9.84107e-07 0.000138869 7.40926e-07 3.85346e-05 -1.61067e-05 2.87022e-05 5.54827e-05 9.45346e-07 2.91786e-06 6.70386e-05 0.000149047 9.29456e-05 6.53141e-06 0.000227326 4.82846e-05 6.22893e-05 1.49164e-05 0.000358456 2.28577e-06 0.00105133 3.07318e-06 5.43117e-05 2.8217e-05 0.000110718 -0.000529901 7.30768e-05 7.31191e-05 3.53046e-05 -0.00025544 -6.1735e-05 -0.000106745 0.000130443 -0.000178187 3.14937e-06 -0.000678768 -0.000359117 1.49631e-05 8.73925e-06 1.81994e-05 1.02608e-06 0.000156072 -0.000703505 3.60004e-06 -8.99445e-05 -9.88124e-07 2.84837e-05 1.13996e-05 -1.705e-06 1.74025e-05 -5.56948e-07 -0.000172773 1.24823e-05 7.98731e-06 9.34097e-07 -4.00592e-05 -1.12994e-06 0.000145035 -7.1024e-05 -0.000166878 -0.000762988 -2.25366e-05 -4.90001e-05 2.28129e-05 1.94627e-05 -5.51077e-05 -0.000220231 2.05146e-05 1.7167e-05 -0.000438935 0.000204174 -5.61301e-07 2.2235e-06 0.000156859 7.16968e-05 -1.79094e-05 -1.56322e-05 5.14496e-06 3.28995e-05 -3.97487e-05 6.48588e-05 3.86529e-05 -1.0658e-06 0.000265869 -1.52628e-05 9.41779e-05 0.00055969 -2.40018e-05 -0.00019612 -0.000665834 2.4467e-05 2.62999e-06 3.55666e-05 0.000574604 -9.25445e-05 0.000331869 0.000296133 -0.000119101 1.5334e-06 9.56536e-06 
0.000203182 0.000153814 1.00453e-05 3.89152e-06 7.49207e-06 0.000234456 0.000491265 0.000393509 0.00028613 -6.81196e-06 4.29448e-05 6.90637e-06 -3.57614e-05 8.57163e-05 -2.06198e-06 4.36858e-06 0.000316807 9.51638e-05 -0.000761042 1.55512e-06 3.07318e-06 0.00212191 7.38775e-05 0.000306818 0.000619239 -5.97915e-05 -9.24366e-07 -1.31453e-06 1.08332e-05 -0.000432791 0.00123913 0.000577709 0.0001165 -0.00161094 -1.38209e-06 -7.08472e-05 -0.000881997 0.0001335 -2.17183e-06 0.000362442 4.90498e-05 0.000164729 -0.000704315 8.21105e-06 -0.000299849 4.47809e-06 3.45919e-06 -1.27228e-05 2.0264e-05 -1.8056e-05 0.000498349 -0.000802088 8.49992e-05 -5.66755e-05 2.34441e-05 -9.00934e-05 -1.2122e-05 -0.000757446 0.00127419 -0.000573231 -0.000385946 -1.97406e-05 -4.96656e-05 3.94257e-05 0.00102308 -0.00149549 -0.00016605 0.000188755 5.2739e-05 -0.000825784 3.73297e-05 3.74125e-05 1.79241e-05 -0.00027204 0.000149485 0.000235448 8.95977e-05 9.74592e-05 0.00024498 7.77008e-05 -5.43687e-07 -1.45573e-05 1.30204e-05 -6.97535e-05 -4.32902e-05 7.64097e-06 -0.000228129 0.000465512 -0.00019498 -0.00025232 -1.78488e-05 -6.94067e-05 0.000361109 -0.000157758 -0.000478161 0.000183517 1.59325e-05 -0.00150132 -2.52592e-07 6.59448e-05 
-7.07048e-06 5.90312e-05 0.00040244 8.76893e-06 0.000163554 4.1972e-05 0.000654446 0.000505032 0.000504553 3.27723e-05 0.000138965 7.29506e-05 -4.73951e-05 0.000189895 6.36247e-05 0.000158085 5.1777e-05 -0.000280536 -0.000650251 1.54204e-05 5.43117e-05 7.38775e-05 0.0021275 9.64643e-05 2.11012e-05 -0.000666314 0.000143889 2.06886e-05 3.95245e-05 -0.000278114 0.000330683 0.000291127 0.000403892 -0.00101334 0.000189781 -0.000838524 -0.00149248 0.000144784 2.74764e-05 -0.000101891 0.000225293 0.00043145 -0.00097753 0.000159302 -0.000111581 8.36089e-06 2.58759e-05 6.2665e-05 7.22012e-05 0.000223095 5.76919e-05 -0.000875718 6.53633e-05 5.15312e-06 2.692e-05 -9.41817e-05 2.34667e-05 -0.000548276 0.000804771 -0.000768308 -0.000911791 4.07107e-06 0.000142819 0.000219936 0.000146559 -0.00107131 0.000200485 0.000117074 6.04852e-06 -0.000749148 0.000189017 8.38488e-05 3.93211e-06 0.000284299 0.000472244 -3.85824e-05 0.000256334 0.000127754 2.24152e-05 0.000205157 0.000133413 7.14511e-05 2.42968e-05 -7.17487e-05 0.000102664 0.000316542 6.24771e-05 0.000237574 -0.000334647 -0.00106932 -3.96343e-06 -2.81089e-05 6.11612e-05 0.000223926 -0.000479291 0.000707823 0.000842597 -0.00099953 2.36169e-06 2.06644e-05 
0.000252483 0.000203646 9.22838e-05 6.03936e-07 -0.000133814 -0.000245859 -0.000103127 -1.76585e-05 6.50024e-05 0.000287986 0.00110822 0.00013926 0.000468909 0.000136936 -0.000102838 0.000218872 0.000268694 -0.00165073 -0.00383414 2.11232e-05 2.8217e-05 0.000306818 9.64643e-05 0.013418 0.00261051 -0.00551686 0.000249593 -1.12732e-05 0.00022998 -0.00308716 0.00579455 -0.000105444 0.00154184 -0.006067 0.000791202 0.000310033 -0.00137491 0.000116605 6.78238e-05 0.00362555 4.67429e-05 0.000240177 -5.88003e-05 4.26113e-05 -0.000424074 9.96197e-06 -1.23191e-07 0.000333266 0.00040568 5.12178e-05 9.2578e-06 -0.00371887 8.47842e-05 0.00128863 9.35913e-05 -0.000664989 -3.00201e-05 -0.00119631 0.00424547 -0.000884709 0.00173735 -0.000223628 -0.000556444 0.000102308 0.000300805 -0.00154153 -0.00166091 0.000502255 0.000179405 -0.00660533 6.79295e-06 0.000222029 1.45964e-06 -0.00191641 0.0001731 0.00133325 -0.000478523 6.59114e-05 -1.48881e-06 -0.000210226 -2.45968e-06 3.05814e-05 0.000551842 -0.000378127 -8.24311e-05 -1.17348e-05 0.00029193 0.000406652 0.00662908 -7.96388e-05 -6.06902e-05 -0.00032298 -0.00104069 -0.000829597 -0.00224397 -0.000770619 0.000263878 -0.00384493 -1.24546e-05 2.23023e-06 
0.00167323 1.75984e-06 0.000404588 4.49789e-06 -0.000135088 -0.00233237 0.00158286 -0.000484305 -4.91365e-05 -2.93931e-05 0.00131438 0.000571678 0.00360753 0.00278486 0.00343446 0.000134803 0.00074735 0.00141754 -0.0132008 0.000111595 0.000110718 0.000619239 2.11012e-05 0.00261051 0.0583116 -0.00880122 -1.46302e-05 -3.90237e-07 0.000104951 -0.00378467 0.0181938 0.000799892 0.00242633 -0.0253032 0.000672095 -0.00239742 -0.00182434 -5.46563e-05 0.00027174 0.00593831 0.000105789 0.000560762 -0.00634105 0.000158583 -0.00452611 -1.94129e-05 1.76977e-06 0.00311511 0.000496286 -0.000524255 -0.000107615 -0.000934769 0.000113985 -0.00198625 0.000101673 0.000900452 -0.000306724 -0.0144943 0.0104197 -0.000471481 -0.0016783 -0.000580313 -0.00281974 3.4545e-05 0.000441242 -0.00391191 -0.00520428 0.00148404 0.00010223 -0.011658 0.000524732 0.000100216 1.8396e-05 -0.00772649 -0.000357293 0.000123267 0.00343678 6.16544e-06 0.00104283 0.000639223 -9.66008e-06 -0.00067045 8.99303e-05 0.00219944 -0.00097769 0.000390368 -0.00287284 -0.000427016 -0.0038542 -0.00782188 -0.000488354 -0.00175424 0.00514225 0.00107514 -0.00499332 0.00794516 0.00403031 -0.00711236 -1.2737e-05 0.000382796 
-0.000906998 -7.48912e-05 -0.00249515 -2.1716e-05 0.000719052 -0.000472515 -0.0107142 -0.00516241 -0.00196417 -0.000787772 -0.00342463 -0.000945241 -0.0203782 -0.00721069 -0.00620157 -0.00056426 -0.000921031 -0.0216735 -0.015148 -0.000128529 -0.000529901 -5.97915e-05 -0.000666314 -0.00551686 -0.00880122 0.216445 -0.00198392 -0.000484895 0.00018148 0.0220988 0.00119214 -0.0254791 -0.0131714 0.00498734 -0.00149517 0.0265127 0.00577517 -0.00239818 -0.000618254 0.00516871 -0.000278401 -0.0119559 0.0466489 -0.000771086 0.0054052 -9.00172e-07 -0.00153698 -0.000549557 -0.000754548 -0.00290244 -0.00089574 0.0128939 -0.000157662 -0.0011312 -0.00094557 0.00722081 -0.00265576 0.00280369 0.00123016 0.00475462 0.0292249 0.00543779 0.00540833 -0.000417893 0.000356632 -0.00878123 -0.00604278 -0.0113337 -0.000149639 0.017223 -0.00243093 -0.000649571 -0.000164897 -0.0342241 -0.00679531 -0.0147681 -0.00720203 -0.000339766 -8.21848e-05 -0.0200168 -0.000476046 -0.00220189 -0.000862364 -0.0110767 -0.0124588 -0.000706151 -0.0198527 -0.00755741 -0.00865434 0.00340016 -0.00081186 -0.00663298 -0.00819105 -0.0150366 0.0175216 -0.0421093 -0.0121478 0.00547484 -0.000675756 -0.000298114 
1.7793e-05 6.64077e-06 0.000368136 1.18369e-05 8.86871e-06 7.23141e-05 0.000180641 0.00020621 0.00023919 1.95454e-05 7.03534e-06 2.35152e-05 0.000267805 -4.4352e-05 1.44738e-05 5.38966e-07 1.15599e-05 0.000244955 -0.000896554 2.20119e-06 7.30768e-05 -9.24366e-07 0.000143889 0.000249593 -1.46302e-05 -0.00198392 0.0035986 4.85133e-05 5.47247e-05 0.000173801 0.000304272 0.000700721 0.0001067 -0.00087881 -2.27562e-05 -0.00074201 -0.00152448 2.22983e-05 4.2144e-06 -0.000247648 2.1814e-05 0.000210445 -0.00208143 6.61723e-06 -0.00059733 1.12197e-05 4.35037e-06 7.10217e-05 1.27451e-05 2.15854e-05 3.94498e-06 -0.000626665 3.87121e-06 -0.000131115 3.352e-05 -5.54362e-05 7.67856e-05 -0.00117828 0.00026782 -0.0001749 -0.000974174 -4.16477e-05 -0.000197226 1.60328e-05 9.97134e-06 -0.000533649 0.0011515 0.000269925 6.5828e-06 -0.000703568 5.71494e-05 1.60517e-05 1.00216e-05 -1.80898e-05 0.000766631 5.67696e-05 0.000556968 3.7267e-05 3.85431e-05 0.000887248 0.000150453 -2.07248e-05 3.58242e-05 0.000106532 0.000366673 4.7561e-05 6.91202e-06 -2.54525e-05 -0.000487924 -9.27059e-07 1.94807e-05 0.000160554 -3.73621e-05 0.00025953 -0.000609681 0.00177262 0.000486024 -0.0004451 4.6813e-05 2.7743e-05 
-1.04528e-05 -1.53457e-07 7.27856e-05 1.27213e-06 3.98336e-06 0.000174129 -1.37983e-05 0.000149536 6.11995e-06 3.52526e-06 1.40334e-05 5.61161e-06 -3.22496e-05 -2.12562e-05 -2.85719e-05 1.6942e-05 -6.11757e-06 -0.000108217 0.00053783 4.396e-06 7.31191e-05 -1.31453e-06 2.06886e-05 -1.12732e-05 -3.90237e-07 -0.000484895 4.85133e-05 0.00141563 6.66295e-05 0.000494355 -0.000126523 -0.000127708 -1.10522e-05 -1.14145e-05 -7.12908e-06 -0.000238164 -0.000988822 3.61842e-06 3.74307e-07 -0.000132378 1.55998e-05 0.000413042 -0.000882185 4.22215e-06 -0.000207929 2.215e-06 1.06902e-06 8.02886e-06 -2.10927e-06 -1.05561e-05 -3.41513e-07 -0.000335557 1.39254e-05 -3.23623e-05 -5.54483e-06 0.000224663 1.48445e-05 -0.000189099 -0.000105675 -0.000118639 -0.000914615 -2.61424e-05 -2.64858e-05 5.93562e-06 -8.00651e-06 -0.000398432 0.000305725 5.29247e-05 1.21859e-06 -7.90904e-05 0.000141342 -1.41761e-06 -5.54332e-07 0.000623299 0.000211153 -2.34313e-06 1.34416e-05 2.69691e-05 6.29087e-05 -4.89894e-05 7.93009e-06 1.41022e-05 5.6538e-07 1.08931e-05 1.40206e-05 6.22198e-05 -1.3437e-05 -2.26701e-05 -0.000246794 -0.000333396 0.000260986 0.000306232 0.000134522 4.13442e-05 -0.000252984 0.00031153 0.000269788 -0.000122687 4.78723e-05 1.22965e-05 
-3.1273e-05 5.56376e-05 6.92942e-05 5.49846e-06 9.48275e-07 6.51869e-05 -1.15977e-05 9.73531e-05 4.99797e-05 5.40846e-06 8.91046e-05 1.33182e-05 0.000115744 -4.96489e-05 -0.000118214 4.5123e-05 3.382e-05 -0.000453758 -0.00112567 2.01899e-05 3.53046e-05 1.08332e-05 3.95245e-05 0.00022998 0.000104951 0.00018148 5.47247e-05 6.66295e-05 0.00350947 0.000314258 0.000179183 -0.000275549 0.000122685 -0.00037822 0.000109811 -5.18894e-05 -0.000407009 -2.80661e-06 1.19314e-05 -0.00017859 9.43112e-06 -0.000146662 6.74502e-05 3.58232e-05 -5.9318e-05 1.67283e-05 -7.47272e-06 0.000368773 8.42384e-05 4.11581e-05 1.56793e-05 -0.000710178 3.27236e-05 0.00017476 -1.22171e-05 0.000178466 3.72439e-05 -0.000659056 0.000247572 -8.87335e-05 -0.000281981 2.81093e-05 -6.80713e-05 5.4985e-05 -6.67692e-06 -0.00056341 -0.000507106 9.2954e-06 3.03058e-06 -0.000141168 0.000127919 3.67163e-05 1.8819e-06 -5.96719e-05 0.000142577 -4.30174e-05 -0.000131686 4.2485e-06 0.000331612 -2.87901e-05 3.74044e-05 0.000107552 2.93907e-05 -0.000107122 0.000105472 5.79669e-05 -0.00039531 4.29543e-05 0.00046979 -0.000673778 -2.17402e-05 0.000519089 0.000104207 -0.000225897 -0.000202038 -0.000167732 9.04676e-05 -0.000955913 -3.62665e-06 0.000100507 
-0.0023944 -0.000178187 -0.00107589 -6.37778e-07 0.000237475 0.0102954 -0.00548409 -0.00135748 -0.000884787 0.000455614 -0.00157327 -0.000259767 -0.00546134 -0.00177452 -0.0100783 -0.000234809 -0.000712218 -0.0192043 0.000254609 -6.01344e-05 -0.00025544 -0.000432791 -0.000278114 -0.00308716 -0.00378467 0.0220988 0.000173801 0.000494355 0.000314258 0.196859 -0.0127659 -0.0332241 -0.00668974 0.0239042 -0.00305254 0.00994016 -0.0205255 -0.00121398 -3.80327e-05 -0.0166761 0.000333193 -0.0192018 -0.0153644 -0.000275952 -0.0113616 0.00030786 -0.000344821 -0.00112174 -0.000633957 -0.000331282 -0.000326444 0.00726554 -8.91829e-05 -0.00903854 0.000920469 0.0276362 -0.000930731 -0.0224636 -0.0162356 0.000304329 -0.0263195 -0.000877372 0.00248984 0.000121267 -0.0014534 -0.0117015 0.0384986 -0.000379983 -5.37149e-05 0.0145705 -0.00187166 -0.000252038 -7.81468e-05 0.0105364 -0.00187902 -0.00770718 -0.0117535 -0.000169105 -0.000760469 -0.0106335 -0.000187063 -0.0020397 -0.000505533 -0.00566735 -0.000105541 -0.000727737 -0.00540911 -0.00236452 -0.0245058 -0.0110321 0.00364314 0.00802881 0.00594512 -0.0146719 0.0169569 -0.00686557 -0.00271284 4.16984e-05 0.000532419 2.76752e-06 
0.00298118 0.000257571 0.00112253 1.89317e-05 -0.000552938 -0.00286156 0.0102255 -0.000589301 9.46728e-05 0.000100746 0.000411762 -0.000154909 0.00732707 0.00155038 -0.00173941 6.62373e-05 0.00113618 -0.00899817 -0.0328717 2.60546e-05 -6.1735e-05 0.00123913 0.000330683 0.00579455 0.0181938 0.00119214 0.000304272 -0.000126523 0.000179183 -0.0127659 0.0911908 0.00697841 0.00365216 -0.0544661 0.00102819 0.00382014 -0.0167484 0.000496354 0.000121761 0.0124037 0.000279221 0.00277336 -0.0191908 -4.20621e-05 -0.00866047 -6.9683e-06 -0.000217349 0.000706516 0.00080258 0.000211122 0.000417541 -0.000378977 0.00013977 -0.00146277 -0.000172207 -0.00452508 -0.000553374 -0.0325993 0.0240288 -0.00077572 -0.00894169 0.0030543 -0.00360072 0.000238996 0.00314623 -0.00638545 0.0229876 -0.000192124 0.000172748 -0.0185719 -0.000856381 0.000216101 -4.33169e-05 -0.0124643 0.00033619 0.00230961 -0.00254429 0.00016709 0.00348247 -0.00137808 0.00024135 -0.000784556 0.000336075 -0.00247 0.00122071 -0.000269384 -0.00974894 0.00134858 -0.00110114 0.00510542 -0.000542588 -0.000993892 0.0251684 0.00518093 -0.0179499 0.027737 0.00180446 -0.0168903 0.000229504 0.000164014 
0.000201743 -4.52262e-05 0.00078558 2.76023e-05 -0.00120223 -0.000948903 0.00444632 0.00354664 0.00216464 -0.000448086 -6.31983e-05 -0.000178753 -0.000641994 0.00414939 0.00409477 -0.000112739 0.000648111 -0.00982582 -0.0190494 -1.78018e-05 -0.000106745 0.000577709 0.000291127 -0.000105444 0.000799892 -0.0254791 0.000700721 -0.000127708 -0.000275549 -0.0332241 0.00697841 0.11415 0.00268418 -0.01142 -0.00076172 -0.0038209 0.0027095 0.000324245 -1.45977e-05 0.00288872 0.000245371 0.0162623 -0.0114535 0.000253223 -0.0184631 -8.53931e-05 7.78956e-05 -0.00177867 -0.000143835 -0.00085645 0.00106859 -0.00167028 6.47519e-05 -0.00366529 -0.000430992 -0.00574072 -5.69141e-05 -0.0236937 0.00833557 -0.00225928 -0.00259549 -0.00237125 -0.00648394 -0.000129363 0.000718987 -0.000290337 -0.0138611 0.00839048 -9.85183e-06 -0.0179304 -0.000991298 5.61654e-05 1.8266e-05 -0.00272478 0.00436868 0.00366078 0.0111752 0.000262775 8.78019e-06 0.0263181 0.000178804 -0.00115902 0.000925482 0.00715913 0.00293114 0.000137975 -0.0107663 0.00259144 -0.00848828 0.00837565 -0.00118115 -0.0039082 0.0031725 -0.00079366 -0.0183161 0.0122491 0.0035707 -0.0048047 -9.35252e-05 0.000320139 
0.0010924 5.98868e-06 0.000401084 1.10869e-05 0.00116036 -0.0004729 0.000879836 0.00168878 0.00042888 -4.5335e-05 0.00117198 0.000261092 0.00236918 8.32481e-05 0.000652523 0.000584254 5.48593e-05 -0.00310115 -0.00580879 6.71178e-05 0.000130443 0.0001165 0.000403892 0.00154184 0.00242633 -0.0131714 0.0001067 -1.10522e-05 0.000122685 -0.00668974 0.00365216 0.00268418 0.0264476 -0.00286228 0.000966591 -0.00792953 0.00077731 0.000568632 0.000278228 0.00508618 0.000171006 -0.00269021 -0.00571489 0.000421075 0.00778537 -4.01048e-06 8.26446e-05 0.000373427 0.000710613 0.000149588 0.000169304 -0.00193972 9.66615e-06 0.000173933 -1.24287e-05 -0.00111433 0.000370987 -0.00494086 -0.000211716 -0.00179668 -0.00230547 -0.00042579 -0.00116671 9.86236e-05 0.000158726 -0.000292977 -0.00475912 0.000891298 4.22927e-05 -0.0148073 0.000759645 0.000309242 0.000129441 -0.000646999 0.000318292 0.00204878 1.43792e-05 0.000148263 -4.16301e-05 0.000147316 0.000146949 3.25693e-05 7.10711e-05 0.00069729 -0.000390525 0.000265504 0.00370385 0.00152895 0.00271816 -0.00649178 -0.000161353 -0.00107217 0.000392996 0.00502978 -0.00108184 0.00470133 0.00197754 -0.000875693 -2.54707e-05 9.00635e-05 
