0.0306374 0.000923061 0.00588105 -5.68509e-06 0.00312617 0.000495796 -9.83183e-05 -0.00143823 0.000180192 -4.99061e-05 -3.98764e-05 -0.00992916 -0.000123132 -0.00030946 0.000443558 0.000964216 0.000148947 0.00363517 -6.73062e-05 0.000679571 -0.000161034 0.000409499 -0.00202552 -0.000485453 0.00357715 -0.000321319 -0.000697473 0.00135664 -0.00437594 0.000881646 0.00256596 0.000201852 2.41516e-06 0.00386717 -3.14928e-05 -0.00326303 0.00335619 0.00174781 -0.00177039 -2.07354e-05 -0.00797852 0.00345882 0.00362522 -5.04366e-05 0.000782401 -0.00228541 -0.00814297 4.75972e-05 0.00193357 -0.00846078 -0.00257854 -0.000247519 0.000826097 -0.00161437 -0.000607149 0.00528429 0.00191799 -9.52912e-05 0.000209988 0.00227836 -0.00700436 0.00153424 3.46756e-05 0.00190758 2.31515e-05 0.00106312 0.000423767 0.00202002 -0.00341326 -0.0009451 -0.0012008 0.000780201 7.01939e-05 0.00011186 2.51427e-05 -0.000163588 0.00479895 -7.39972e-05 0.00148308 -0.000622632 0.00104194 0.000275991 -0.00435685 -0.000456244 -5.91407e-05 0.000293578 -0.011469 0.000912278 -6.70663e-05 -0.00604633 -0.00257583 0.000591366 -0.0076335 -0.00137589 -0.011893 0.000884221 0.000137396 0.00121179 0.00257529 0.00898544 
0.000923061 0.0390055 -0.00529763 -0.000516679 0.000249713 0.00368373 -8.45205e-05 -0.00240142 0.00309748 9.03886e-05 0.00042098 -0.0143426 0.000122561 -0.000198593 -3.12404e-05 0.00823697 0.000145291 0.00482158 0.00256998 0.000333694 -8.4851e-06 -5.71754e-06 -0.011771 -0.000720338 -1.72441e-05 0.00707816 0.000756826 0.00245159 -0.00222345 0.000450072 0.00414571 -0.000128269 0.000237147 0.00160116 0.000454095 0.0125004 0.002635 0.00227356 0.00126982 0.00025769 0.00228827 -0.0107745 0.0111998 0.000153589 0.000254262 -0.0114208 -0.00971899 -1.98777e-05 0.000890059 -0.013892 -0.00280034 0.00129257 0.00667989 0.00451135 -0.00537518 0.00246307 0.00149273 -0.00540757 0.000868019 -1.28994e-05 -0.00917181 0.00318345 0.000630778 -0.000649861 5.45394e-05 -0.000330921 0.000935184 -0.00026042 0.00160464 0.000804685 -0.000261744 0.00137116 0.000178531 0.00101971 -0.000106336 0.00259636 -0.00174286 0.000335674 0.00187296 0.00448466 0.000890214 0.000373608 -0.00659074 0.000303468 0.000714417 0.00015701 -0.00609296 0.00385278 -2.17574e-05 -0.0125985 -0.00548092 -0.000396039 -0.00373909 -0.00160075 -0.00556425 0.000680859 0.00122898 0.000979027 -0.00503765 -0.0033425 
0.00588105 -0.00529763 0.140264 -0.00149932 0.00775214 -0.00225534 -0.000197777 0.0137124 -0.000429541 -0.000261147 -0.00123306 -0.00790982 -0.000101533 -0.00363041 0.00208402 -0.0138723 -0.000192322 0.0016131 5.05549e-05 0.0044022 -0.00105977 -0.000127601 0.00978673 0.00483809 -8.18807e-06 -3.48576e-05 -0.00209776 -0.00529705 -0.000684916 -0.00137903 -0.00197881 9.58234e-06 -8.15112e-05 0.00358397 0.000492245 -0.0393523 0.000164606 0.0211707 -0.0239614 -6.86188e-05 0.00181792 0.0281112 -0.00577474 -0.000397177 -0.000756671 0.00124675 -0.0207442 0.000172217 0.00743567 0.00119297 -0.00903899 -0.00149948 -0.00783178 -0.0146944 -0.00825258 -0.0061275 -0.000310227 -0.0265097 0.000119626 0.0025367 0.00392139 -0.00278752 -0.000266739 -0.00204616 1.5137e-05 0.00224374 -0.000793869 0.0143907 0.0299603 -0.00773527 -0.000546141 0.000528838 0.000572794 0.000116167 -5.30476e-06 -0.000846081 0.0031668 -0.000155049 -0.0031252 -0.00603497 -0.00297586 -0.000213578 0.00706751 -0.00271852 -0.00013391 -0.000632488 -0.00702027 -0.00331026 -0.000318775 -0.0145862 -0.035381 0.00374412 -0.0199932 0.0028598 -0.0145707 -0.00188725 -0.000140192 -0.000901572 0.00414571 0.0129044 
-5.68509e-06 -0.000516679 -0.00149932 0.0155095 0.00150076 0.00258745 2.57276e-05 -0.00103744 0.000228888 0.000330785 0.000227393 -0.00546381 0.0006758 -0.000305633 -5.85433e-05 0.000403271 0.000277841 -9.37497e-05 8.39523e-06 -0.000114375 0.000273979 0.00197045 -0.000767647 -7.02347e-05 0.00158981 0.000732761 0.000878622 -0.00213941 0.000451545 -0.000102198 -0.000616528 1.15484e-05 9.15995e-05 2.11094e-05 0.000177175 -0.00573738 0.000702748 -0.00169821 -0.00119708 -9.04175e-06 -0.00719226 -0.00468519 0.000667341 -1.80692e-05 4.17763e-05 -0.000455121 -0.00324595 0.000101585 0.00129821 -0.00607765 -0.00733732 5.37848e-05 0.00029305 0.00303089 0.0022385 0.00208973 0.000720273 0.00233962 0.00055252 0.00201617 -0.00255922 0.00125318 0.000170412 0.00251731 6.75262e-06 0.00138908 0.000596584 -0.00125639 -0.00155856 0.000112847 -0.000344544 1.06989e-05 0.000317108 0.000224225 -5.03182e-06 0.000729215 0.00810891 0.000332321 0.00148808 0.00235507 0.00104932 0.000164578 -0.00355282 0.000819452 1.4756e-05 -5.10353e-06 -0.00752784 -0.000264395 0.00023225 -0.00100415 0.00417998 2.77013e-05 -0.00322433 0.00359337 -0.00748952 0.000357474 3.63315e-06 -1.77761e-05 0.000761403 0.00431793 
0.00312617 0.000249713 0.00775214 0.00150076 0.0767163 0.000909669 8.17447e-07 0.0100168 0.00260918 0.0031296 0.00093334 0.00623385 0.000267135 0.00531185 0.00316928 -0.00175664 0.000184093 -0.00116864 0.0031113 0.00209702 -6.06761e-06 0.000227983 -0.0337915 0.000688073 -0.00402703 0.00357935 0.00923546 -0.0101473 0.000174937 0.000931091 -3.31428e-05 0.000933034 0.000393913 0.010359 0.000156662 0.00788041 0.00670617 -0.00600804 -0.0133183 0.000147814 -0.0248955 0.00939857 -0.00427429 8.92574e-05 -0.000124828 8.96939e-05 -0.024813 0.000299735 0.0070534 0.000588337 -0.0190188 -0.000110806 0.00213019 -0.00814571 -0.00693997 -0.00462546 0.00571604 -0.00853585 0.00044605 0.000436255 -0.00824445 -0.00105669 0.000847492 0.00386187 5.43106e-05 0.00120152 0.00117081 0.0131953 0.00955684 -0.0055563 0.0016047 0.000257198 0.000108108 0.00118124 0.00129221 0.00332627 0.00205058 0.00314552 0.00056112 -0.00207645 0.00373902 -0.000144872 0.00282814 0.00377362 0.000197643 0.00177365 -0.0181312 -0.000159943 5.33296e-05 -0.0184092 -0.010505 0.0094925 -0.0350851 -0.0020439 0.0134053 -0.000938418 0.000963597 0.00158335 -0.00319163 0.0010785 
0.000495796 0.00368373 -0.00225534 0.00258745 0.000909669 0.0178209 0.000105903 -0.000846393 0.00360585 0.000602832 0.000335999 -0.0105439 0.000673435 0.000667669 -3.42556e-06 0.00598306 0.000121276 0.00185085 0.000758175 -0.000137506 0.000385111 0.000777922 -0.00742641 -9.29955e-05 0.000997341 0.0037138 -0.000129328 -0.00203314 -0.00162397 0.000745749 0.00315289 0.000338202 0.000228345 0.00225393 0.00114153 0.000742161 0.00357225 0.00232809 -0.00106252 7.88264e-05 -0.00817714 -0.00385056 0.003018 -3.37021e-05 0.000120788 -0.00418128 -0.00522884 1.29085e-05 -0.000707126 -0.00718274 -0.00541829 0.000102542 0.00625326 0.000414868 0.00133625 0.00767748 0.000287966 -0.00565854 0.00102675 0.00143449 -0.0100425 0.00342461 -1.45845e-06 0.00249001 1.38802e-05 0.00121041 0.000362257 -0.000830646 -0.00226867 -0.000941005 0.000425801 0.000228171 0.000249285 0.000172145 3.33439e-05 0.0011836 0.0046922 0.000205532 0.00327642 0.0035075 0.00182427 0.000828289 -0.00536431 0.000395361 0.000533842 0.000160951 -0.00885125 0.00173215 0.000187213 -0.00802831 -0.00134148 0.000922363 -0.00381066 0.000322337 -0.00327998 0.00124721 0.000291632 0.000384008 -0.00181103 0.000515605 
-9.83183e-05 -8.45205e-05 -0.000197777 2.57276e-05 8.17447e-07 0.000105903 0.00625881 -4.9024e-05 0.000309851 8.51781e-05 0.00118709 -9.18402e-05 6.19463e-06 7.15812e-05 0.000235165 -0.000385137 5.86314e-05 -0.000165679 2.24682e-06 -3.16411e-05 0.0002634 -2.90963e-05 -0.00148845 -5.42775e-05 0.000365984 -4.97061e-05 0.000510132 -0.00148705 -0.000460016 0.000341049 -0.000315182 9.26136e-06 2.53163e-06 -4.68755e-05 8.45693e-05 -0.00171374 -4.3512e-05 -0.00010271 4.1122e-05 -3.06094e-07 -0.00147701 -0.000998981 0.000409166 0.000338729 0.000279341 -0.0012622 -0.0020713 -3.96192e-07 -0.000282122 -0.000143485 -0.000566929 0.000197891 0.00197239 0.000344002 0.000398196 8.5461e-05 -9.90503e-06 -0.00258802 2.4808e-05 -1.6228e-05 -0.000713323 0.000374107 0.000189518 -2.22108e-05 4.28238e-05 0.000590352 0.000479227 0.00035863 -0.000507569 0.000610736 0.00126664 -3.81068e-05 -2.4125e-05 0.000126049 1.06524e-05 0.000204414 -0.000216864 0.000199464 0.000128656 -9.86122e-05 -0.000129052 1.49506e-05 0.000709824 0.000727634 -8.02068e-06 -1.94432e-06 0.000341054 -7.06641e-05 0.000158425 -0.00261035 0.00147898 0.000235679 -0.00189458 -0.000385188 0.000781493 5.31237e-05 6.20868e-05 8.17739e-05 0.000343962 -0.000553433 
-0.00143823 -0.00240142 0.0137124 -0.00103744 0.0100168 -0.000846393 -4.9024e-05 0.0818501 -0.00145923 0.00152141 -0.0015662 0.0221514 0.000176235 -0.00154715 0.00298503 -0.00974326 -5.04414e-05 -0.00243946 -0.000421972 0.00187165 -0.000355945 -0.000738617 -0.0345261 0.00554344 -0.00977932 -0.00218912 0.00102647 -0.0219018 0.0163182 -0.000637507 -0.00463613 8.12719e-05 8.94734e-06 -0.000899073 -0.000139335 -0.000173849 -0.00170223 0.00598023 -0.00290003 -6.92446e-05 -0.00771558 0.00313013 -0.00611349 9.54991e-05 -0.00104896 0.0354202 0.0123201 7.09697e-06 0.000123086 0.00575895 -0.00449839 -0.000827012 -0.00501297 -0.0107034 -0.0172983 -0.00938745 0.00168881 -0.0446221 -0.000389427 -0.00154841 0.00503952 -0.00280045 -0.000188149 -0.00214466 3.53818e-05 -0.0010609 -0.000989668 0.0154479 0.000820774 -0.00637119 0.000933706 -0.00052304 -0.00024527 -0.000525295 7.24879e-05 -0.000751125 -0.00632975 0.00129356 -0.00176403 -0.00467249 -0.00186127 -0.000286054 0.00506679 -0.000571361 -0.00017317 -0.000624608 -0.00437568 -0.00166475 -0.000217048 -0.000740699 -0.00344093 0.00837543 -0.00854577 -0.00567495 0.0284734 -0.000743395 -0.000153067 2.75388e-05 -0.00810236 -0.00901865 
0.000180192 0.00309748 -0.000429541 0.000228888 0.00260918 0.00360585 0.000309851 -0.00145923 0.0179019 0.000647562 0.00329689 -0.00677701 7.52033e-05 0.00017188 -3.76876e-05 0.0122775 0.000457357 0.00258716 0.0017139 0.00030461 0.00117156 -5.83017e-05 -0.0084755 -3.98531e-05 -0.000617132 0.0078065 0.0019659 0.00720311 -0.000830746 0.00154351 0.000679127 0.000438688 0.000233667 0.00340018 2.20613e-05 0.00109307 0.00384725 -0.000873434 0.00787656 0.000103348 -0.000220254 -0.00541315 0.00121991 0.000301901 0.000975574 -0.00535569 -0.00764282 -4.70437e-06 -0.00109691 -0.00578206 -0.00737991 0.00068438 0.00194693 -0.000735965 -0.00158435 0.00686796 3.14004e-05 -0.00462748 0.000469025 0.00214766 -0.0107296 0.00147524 0.000408971 0.00269393 0.000170957 0.000372892 0.00129952 -0.00181405 -0.00281481 -0.00152355 -9.53245e-05 -8.86372e-06 0.000207079 0.00129629 2.29229e-05 0.00258993 0.000147352 0.00132664 0.000306238 0.00126399 0.000560222 0.00032125 -0.00933679 0.00373262 0.00113319 0.00291062 -0.01156 0.000418288 -3.11348e-05 -0.0104187 -0.00102157 0.00015306 -0.00650364 -0.000432447 -0.00765563 -8.79219e-06 0.00130664 -6.16687e-05 -0.00201404 -0.000140263 
-4.99061e-05 9.03886e-05 -0.000261147 0.000330785 0.0031296 0.000602832 8.51781e-05 0.00152141 0.000647562 0.00842539 0.00018281 0.00169826 0.000312075 0.00179899 0.000338825 -0.000263831 4.7462e-05 -0.000147452 3.845e-05 -1.30427e-05 0.000512208 -5.37193e-05 -0.0030981 5.01424e-05 -0.000833217 -0.000147722 0.00340493 -0.00128817 -0.000331352 0.000114304 -0.000463635 0.000389439 1.92841e-06 -0.000133544 0.000112152 -0.00182262 0.000717541 -0.00100056 0.00124458 2.72522e-05 -0.00543036 -0.00178905 -0.000610001 0.000580279 0.000732216 0.00175416 -0.00229111 3.44705e-05 0.0010207 -0.000804695 -0.0047474 0.000250702 -0.000281375 -0.000988886 0.00153418 0.00145717 0.00112653 -0.000768099 -6.15844e-06 0.000260303 -0.00168996 -0.000201066 6.69468e-05 0.00166084 0.00016857 8.43317e-05 -0.000108444 -0.000255679 0.000448918 -0.000663374 0.000189291 2.09841e-05 3.27099e-05 -5.00482e-05 0.00012378 -3.49725e-05 0.00156814 0.00330227 0.000836648 9.61754e-05 0.000543167 3.41556e-05 -0.000960493 0.00118364 1.859e-07 0.000268226 -0.00469173 -3.6235e-05 3.05497e-05 -0.00394038 -0.00099351 0.00078815 -0.00395628 0.000375444 -0.000395492 -6.83496e-05 -2.64015e-05 -2.72328e-06 -0.000462098 -0.000235932 
-3.98764e-05 0.00042098 -0.00123306 0.000227393 0.00093334 0.000335999 0.00118709 -0.0015662 0.00329689 0.00018281 0.0190328 -0.00999998 0.000295696 -5.8149e-05 -1.93348e-05 0.00607176 0.000197788 -5.54479e-05 0.000955246 3.9552e-05 0.000939729 -5.67813e-05 -0.00851577 -0.000331475 -0.00159318 0.00906899 0.00186083 0.00601742 -0.000846818 0.000540975 -0.00104484 0.000245316 0.000320856 -6.99022e-05 0.00207703 -0.00371997 0.00106824 -0.00191801 0.0112256 1.13436e-05 0.00274872 -0.00994719 0.0119794 0.000507734 0.000325984 -0.00652816 -0.00897721 1.15496e-05 -5.12632e-05 -0.00583354 -0.00382442 0.00187154 0.0102115 0.00784273 -0.00181395 -0.00112798 -0.000166647 -0.00512691 0.00112759 0.000695179 -0.0138109 0.00974921 0.000625262 0.00060337 2.96988e-05 0.00716722 0.00567922 -0.00210693 -0.00284047 2.84423e-05 0.0050749 -9.92068e-05 6.47557e-05 0.00113205 -3.95642e-05 0.00190333 -0.000900158 0.000796346 -0.000219683 0.00332399 -0.000256786 0.000105419 -0.0094406 0.00215433 0.000228255 0.00111537 -0.0117073 -0.000159228 0.000363928 -0.0145421 0.00282468 0.000129769 -0.0110684 -0.000838161 -0.00878685 0.00215313 0.00173698 -8.86809e-05 -0.00211796 0.00262366 
-0.00992916 -0.0143426 -0.00790982 -0.00546381 0.00623385 -0.0105439 -9.18402e-05 0.0221514 -0.00677701 0.00169826 -0.00999998 0.210007 -0.00196114 0.00213533 0.0010993 -0.0185574 -0.00120625 -0.011728 -0.00346776 -0.00186757 -0.00175184 -0.00514686 -0.028849 -0.00353105 -0.0175319 -0.0175908 0.0044132 0.0102318 0.0204399 -0.00205842 -0.026453 -0.00095193 -0.000765498 -0.0105537 -0.00287653 0.00958694 -0.0150547 -0.0315281 0.0150869 -0.000295608 0.00284149 -0.00266274 -0.03586 5.18392e-05 -0.000926155 0.0536719 0.0146287 -4.80808e-05 -0.0121675 0.0390432 0.00510113 -0.000935795 -0.0270815 -0.0271227 -0.0131906 -0.0190411 -0.00485156 0.013684 -0.00315565 -0.00861914 0.0443102 -0.0167168 -0.00132213 -0.00555708 -0.000219771 -0.00531881 -0.00866673 0.0163067 -0.0274442 -0.0174306 -0.000741024 -0.0030883 -0.0022204 -0.00311546 0.000510842 -0.00523503 -0.0171824 0.000533634 -0.00971336 -0.00994192 -0.00802531 -0.00214774 0.00448011 0.00228424 -0.00163426 -0.00111133 0.0133736 -0.0114023 -0.000886706 0.0341113 0.0226801 0.00218512 0.0007348 -0.0126994 0.0516597 -0.00502446 -0.00343332 -0.00262828 0.00613622 -0.0240575 
-0.000123132 0.000122561 -0.000101533 0.0006758 0.000267135 0.000673435 6.19463e-06 0.000176235 7.52033e-05 0.000312075 0.000295696 -0.00196114 0.00458044 1.06979e-05 2.94204e-05 -0.000153204 0.000166138 -0.000115768 3.95503e-05 8.88779e-06 0.000157106 3.05394e-05 -0.00101354 0.000224745 -0.000213647 0.000405196 5.1649e-05 -0.000762838 -0.00015714 7.68448e-05 -1.03207e-05 8.40445e-05 0.000152648 -2.78145e-05 0.000774975 -0.000773732 -0.000134797 -3.61388e-05 9.89809e-05 4.17994e-06 -0.000718306 -0.00107803 0.000976707 -3.69817e-06 -3.1935e-05 -0.00069447 -0.00110763 -7.16537e-07 0.000259992 -0.00036105 -0.00205553 -1.84662e-05 0.000860884 0.00110634 0.00079917 -0.000373505 0.000188985 -0.00104886 0.000305959 0.000135654 -0.00146415 0.00109172 2.06895e-06 7.47267e-06 1.52959e-05 0.00103822 0.000187852 -0.000378746 -0.000210391 -0.000220408 0.000444103 -2.13705e-05 4.27123e-05 1.45313e-05 1.42951e-05 0.000256186 0.00054981 0.000105276 0.000436365 0.000658291 0.000263982 0.000142718 -0.000795295 -5.92461e-05 3.46328e-05 1.10115e-05 -0.00081512 6.42401e-05 8.79785e-05 -0.0017 -0.00039133 0.00025319 -0.00151813 -0.000129317 0.000465193 1.08064e-05 0.000310182 5.76764e-05 -0.000492063 0.000572629 
-0.00030946 -0.000198593 -0.00363041 -0.000305633 0.00531185 0.000667669 7.15812e-05 -0.00154715 0.00017188 0.00179899 -5.8149e-05 0.00213533 1.06979e-05 0.0249815 -7.06115e-05 4.76977e-05 0.000100742 -0.000644847 0.000534943 -0.000101506 -0.000127299 -0.000161177 -0.0042653 -7.02042e-05 -0.00255149 -4.78426e-05 0.00312663 -0.000562373 -0.00319141 -0.000240453 -0.000182483 2.2006e-05 -3.99107e-06 0.00111037 -0.000152407 0.00059923 0.00113097 -0.00212334 0.000593348 6.56277e-06 -0.00595114 0.00120432 -0.00133464 3.35989e-05 -0.000300721 -0.000674902 -0.00842035 -1.04549e-05 0.000694057 0.00570914 -0.00229241 0.000196144 -0.000592489 -0.0022065 0.00620606 1.97745e-05 0.000758013 0.00229944 5.90612e-05 -0.000292828 -0.000956786 -0.000556578 3.09273e-05 -0.000114632 -9.33666e-06 -0.000533241 -6.50914e-05 -0.00266765 0.000198267 -0.00213402 -0.00151088 -9.3346e-06 -6.85845e-05 3.91035e-05 -4.3158e-05 0.000517125 0.000298791 0.000829359 0.000914377 -0.000717255 0.00213533 9.15602e-05 0.00120417 0.000532573 -5.46017e-05 0.000682744 -0.00040574 -0.000570817 1.22197e-07 -0.000780676 -0.00452255 -0.000196624 -0.00744532 -0.0012818 0.00446009 -0.000179368 -2.35089e-05 -0.000118435 -0.00216308 -0.00178447 
0.000443558 -3.12404e-05 0.00208402 -5.85433e-05 0.00316928 -3.42556e-06 0.000235165 0.00298503 -3.76876e-05 0.000338825 -1.93348e-05 0.0010993 2.94204e-05 -7.06115e-05 0.00467955 -0.000646157 -1.17963e-06 -8.18089e-05 -1.50057e-05 0.00121485 -1.06346e-05 -1.86297e-05 -0.00210333 0.000101846 -0.000291066 -3.41467e-05 1.77466e-05 -0.00134085 -0.000336834 -3.59471e-05 -9.11911e-05 2.39739e-05 6.25118e-05 0.000918099 9.57199e-06 -0.000768705 0.00038771 -0.000567562 -0.000974556 1.60268e-06 -0.00249744 0.00116917 -0.000308891 -4.03714e-07 -8.79802e-05 -0.000218509 -0.00145593 2.54708e-05 0.00164443 4.82229e-05 -0.00227949 6.06248e-05 5.6195e-05 -0.000589871 -0.000940489 -0.00104136 -3.40637e-05 -0.00313684 -1.28862e-05 -7.92538e-05 -0.000164754 -0.000125795 -4.43851e-06 -6.55449e-05 -7.55606e-07 0.000170902 -5.95089e-05 0.00307541 0.000527259 -0.000400191 -0.000104241 -2.28801e-05 -4.62029e-06 -1.5e-06 6.65481e-05 -2.07097e-05 -0.000282913 9.83986e-05 -4.29899e-05 -0.000248651 -5.86036e-05 -1.41957e-05 0.00150156 1.51599e-05 -1.13919e-05 7.49102e-05 -0.00153415 -9.26677e-05 2.42596e-05 -0.00263727 -0.00153579 0.00308268 -0.00352299 -0.00032793 0.00199478 -7.30115e-05 5.65321e-05 0.000240484 0.000191894 -0.000347614 
0.000964216 0.00823697 -0.0138723 0.000403271 -0.00175664 0.00598306 -0.000385137 -0.00974326 0.0122775 -0.000263831 0.00607176 -0.0185574 -0.000153204 4.76977e-05 -0.000646157 0.129291 0.000669312 0.0167335 0.0023083 0.000187552 0.00016117 -0.000407485 -0.0535077 -0.00263451 -0.00580017 0.0196881 0.00230374 0.0713856 0.00988201 0.00465739 -0.00309909 0.000228256 -8.93938e-05 0.00532146 -0.000886196 0.0203204 0.00460983 -0.00302129 0.0661632 0.000237255 0.0145421 -0.0509793 0.00338504 -0.000176284 0.000428616 -0.0176587 -0.00880202 -9.45557e-05 -0.00462458 -0.0450871 -0.00335498 -7.04596e-05 0.00627865 -0.0031274 -0.0128544 0.0434866 -0.00055823 0.00336337 -0.000167576 0.00420628 -0.0184496 0.00284525 0.000397445 0.000557917 -9.93281e-06 -0.00302782 0.00142495 -0.016348 -0.020663 -0.00985376 -0.000692846 -8.42375e-05 0.00179574 0.00379268 -0.000341446 0.00208671 0.00300166 -0.000226343 -0.000962962 0.00421802 -0.00269407 0.000161871 -0.0731238 0.010084 0.00146779 0.00160933 -0.0715689 0.00762891 -0.000415021 -0.0114868 0.0461963 -0.00119355 0.00334499 0.00955981 -0.0570366 0.00124235 0.00248802 -0.00130048 -0.0111337 -0.00473492 
0.000148947 0.000145291 -0.000192322 0.000277841 0.000184093 0.000121276 5.86314e-05 -5.04414e-05 0.000457357 4.7462e-05 0.000197788 -0.00120625 0.000166138 0.000100742 -1.17963e-06 0.000669312 0.00272718 0.000254847 0.000179954 0.000118302 3.62975e-05 0.000149353 0.000125171 1.45641e-05 0.000216339 0.000661651 8.32269e-05 0.000181894 -0.000248578 -1.70127e-05 -2.64043e-05 6.56743e-05 2.39019e-05 0.000146495 4.98588e-05 -0.000325939 -3.83803e-05 -0.00025323 -0.000207932 4.14734e-06 -0.000519164 -0.000274991 0.000276128 3.57409e-05 4.06534e-06 -0.000618626 -0.000788614 1.93469e-06 6.38559e-05 -0.000424027 -0.000948683 2.29333e-05 0.000339265 0.000358048 0.000208122 -0.000250702 0.000160943 -0.000144385 7.05664e-05 0.000418402 -0.00122718 0.00022205 9.67996e-05 7.60174e-05 4.82795e-06 0.000228822 1.93844e-05 -0.000198501 -0.000345904 -0.000135841 -0.000130218 0.000182104 0.000100837 0.000229322 4.24109e-06 0.000124187 3.42417e-05 8.98609e-07 8.51185e-05 0.000104443 5.41523e-06 6.94025e-05 -0.00045066 0.000211254 7.70438e-05 0.000125941 -0.00062292 1.28134e-05 2.83102e-05 -0.000782298 -0.000592448 0.000125715 -0.000513967 -0.00014814 -0.000501035 -2.45946e-05 0.000351621 -2.13257e-05 8.4292e-05 5.30467e-05 
0.00363517 0.00482158 0.0016131 -9.37497e-05 -0.00116864 0.00185085 -0.000165679 -0.00243946 0.00258716 -0.000147452 -5.54479e-05 -0.011728 -0.000115768 -0.000644847 -8.18089e-05 0.0167335 0.000254847 0.0312459 -4.6218e-05 0.00140787 -0.000166993 7.56089e-05 -0.00350623 -0.00040822 0.00149506 0.00568768 -0.000643839 0.0111237 -0.00126841 0.000233924 -0.000452311 0.000107372 6.84163e-05 0.000594348 -0.000182102 0.00428186 0.00359471 0.000211901 0.00552124 6.30572e-05 0.000454836 -0.00465417 -0.000819601 -6.28329e-05 -0.000132224 -0.00973863 -0.0101197 -7.91281e-06 0.000227892 -0.00757652 -0.00103486 0.000582731 -0.000254196 -0.00359833 -0.00162011 0.0113919 -0.000101987 0.00136595 -0.000161911 0.00192619 -0.0131758 -0.000292743 3.74056e-05 0.00249335 1.65779e-05 -0.000650083 -0.000106164 -0.00273387 -0.00332449 -0.00154445 -0.000235426 0.000622307 0.00154616 0.00084207 -9.01896e-05 -3.2691e-05 0.00177989 -9.46594e-05 5.02024e-05 0.00101993 7.12178e-07 -1.67829e-05 -0.0101982 0.000148531 0.000504133 0.000516473 -0.017399 0.00380023 -8.51435e-05 -0.00302121 -0.00113321 -0.000339297 0.00159259 -0.000131326 -0.0135824 0.00142834 0.00093661 0.000192661 0.00225356 -0.00155491 
-6.73062e-05 0.00256998 5.05549e-05 8.39523e-06 0.0031113 0.000758175 2.24682e-06 -0.000421972 0.0017139 3.845e-05 0.000955246 -0.00346776 3.95503e-05 0.000534943 -1.50057e-05 0.0023083 0.000179954 -4.6218e-05 0.00662344 0.000380023 6.95634e-07 1.29289e-05 -0.00309383 0.000195909 -0.000570042 0.0047228 0.000139126 0.00303401 0.00315272 0.000398105 -0.00014043 -9.2677e-06 0.000213112 0.00188782 0.000120213 0.00134925 0.00010031 -0.000781088 0.000160189 0.000144837 0.00102655 -0.00343513 0.00145834 5.98426e-05 0.000377427 -0.00201637 -0.00231933 1.66629e-05 -0.000458941 -0.00234766 -0.00395829 -4.51086e-05 0.001394 0.00106919 -0.00126608 -0.000785552 0.000568904 -0.00296364 0.000961521 -7.53407e-05 -0.00487997 0.00131806 0.000919981 -0.000157063 2.17616e-05 0.000643372 0.00235931 -0.000681539 0.000272909 -0.000303438 0.000321676 0.000309652 8.49698e-05 0.000748361 -1.61648e-05 0.00350272 -0.000481929 5.35259e-05 -3.20468e-05 0.000593403 0.000116686 1.49976e-05 -0.00393732 0.000390297 0.000660974 9.1877e-05 -0.00470229 -4.16082e-05 -1.04424e-06 -0.00529902 0.00103551 -1.92355e-05 -0.00325282 -0.00030762 -0.00295904 0.000657362 0.000484782 -2.07325e-05 -0.000775537 -0.000288332 
0.000679571 0.000333694 0.0044022 -0.000114375 0.00209702 -0.000137506 -3.16411e-05 0.00187165 0.00030461 -1.30427e-05 3.9552e-05 -0.00186757 8.88779e-06 -0.000101506 0.00121485 0.000187552 0.000118302 0.00140787 0.000380023 0.00897779 -6.96113e-05 -1.44946e-05 -0.000397394 0.00047197 -0.000651232 0.000964824 -8.50373e-05 -0.000325874 0.000304304 -5.53536e-05 -0.000422521 -1.75115e-05 0.000131758 0.00120733 -2.78643e-05 -0.00118739 0.000722659 0.000715703 -0.00173666 6.36502e-05 0.000779769 0.00103864 -0.000292405 -9.13333e-06 6.31423e-05 -0.00114367 -0.000903055 2.85314e-05 0.00141642 8.92634e-05 -0.00231749 -6.19892e-05 -0.000150985 -0.00091191 -0.00180593 -0.00167323 0.0006708 -0.00392682 0.000366057 0.000183174 -0.00173477 -0.000253816 6.80036e-06 -8.38041e-05 5.86787e-05 1.52523e-05 0.000104846 0.00228225 0.000823747 -0.000409325 -0.000521574 0.000218828 0.000344183 0.000300952 -2.88734e-06 0.000417098 -0.000564895 4.08623e-05 -0.000150711 -0.00026644 -2.048e-05 -1.16336e-05 -0.000152344 -0.000147291 8.19956e-05 0.000371627 -0.00226565 0.000186905 1.78312e-05 -0.00415453 -0.00244505 0.00124825 -0.0043322 -0.000398556 -0.000981901 4.61315e-05 0.000648618 9.09105e-06 0.000621661 0.000263914 
-0.000161034 -8.4851e-06 -0.00105977 0.000273979 -6.06761e-06 0.000385111 0.0002634 -0.000355945 0.00117156 0.000512208 0.000939729 -0.00175184 0.000157106 -0.000127299 -1.06346e-05 0.00016117 3.62975e-05 -0.000166993 6.95634e-07 -6.96113e-05 0.00898346 6.51822e-05 -0.00144092 0.000237225 -0.000376697 -6.82927e-05 0.00135304 0.000265692 -0.000954749 0.000729215 0.000425624 0.000185931 0.000158126 -0.000253855 0.000555667 -0.000830963 0.000575927 0.000570053 0.00307633 3.95092e-05 -0.00416196 -0.003797 -4.62094e-05 0.000567529 0.000639927 0.0010429 0.00114691 1.0383e-05 -0.000660583 -0.00300272 -0.00353237 0.000406068 0.00122097 -0.000589419 0.00285643 0.00115284 0.000320313 -0.00204535 9.64044e-05 0.000441413 -0.00283882 0.000512271 0.000287243 0.00138526 0.000382717 0.000508634 0.000266037 -0.00086128 -0.000663726 -0.000617045 0.0010411 -2.27444e-05 -2.4854e-05 1.90556e-05 3.24396e-05 -6.24139e-05 -0.000281822 0.00131073 0.000929883 0.000129978 1.26046e-05 5.67032e-05 -0.00241164 0.00119242 0.000110113 0.000278839 -0.00221211 0.000337508 0.000232925 -0.00164348 0.000506508 3.44571e-05 -0.00131457 0.00203053 -0.00355849 0.000268889 6.13369e-05 0.000138966 -0.000771153 -0.000328516 
0.000409499 -5.71754e-06 -0.000127601 0.00197045 0.000227983 0.000777922 -2.90963e-05 -0.000738617 -5.83017e-05 -5.37193e-05 -5.67813e-05 -0.00514686 3.05394e-05 -0.000161177 -1.86297e-05 -0.000407485 0.000149353 7.56089e-05 1.29289e-05 -1.44946e-05 6.51822e-05 0.0097012 0.000979291 -2.0517e-05 0.00399838 0.000105426 -0.000110975 -0.00195513 -0.000314509 -5.41306e-06 0.00289226 -8.56315e-06 1.49647e-05 -0.000143181 -5.86083e-05 -0.00265566 -3.97889e-05 0.00117124 -0.00150505 6.58247e-06 -0.00462808 0.000738898 0.000402875 -1.52909e-05 0.000563687 -0.00181846 -0.00289647 2.56062e-05 0.00103933 -0.00330397 -0.0021762 -7.59487e-05 -0.000224718 0.000422718 0.00237188 0.00242194 0.000882877 -0.000364865 -2.74321e-05 0.000472132 -0.000949784 -0.000191152 3.37409e-05 6.86926e-05 -7.32879e-07 -0.00019788 -7.18235e-05 0.000362799 0.000391066 0.000267634 -9.58152e-05 0.000299722 2.80569e-05 6.62189e-05 -1.75282e-05 0.000169104 0.00379479 2.69963e-05 0.00103058 -0.000119178 -3.43432e-05 3.58208e-05 -0.00185271 -0.000103582 9.62122e-05 -7.74022e-05 -0.00110473 0.000109477 4.63187e-05 -0.000882991 -0.00124392 -8.65256e-05 -5.96868e-06 0.000535802 -0.00409051 0.000218212 6.60572e-06 5.63157e-05 -0.000297211 0.00101616 
-0.00202552 -0.011771 0.00978673 -0.000767647 -0.0337915 -0.00742641 -0.00148845 -0.0345261 -0.0084755 -0.0030981 -0.00851577 -0.028849 -0.00101354 -0.0042653 -0.00210333 -0.0535077 0.000125171 -0.00350623 -0.00309383 -0.000397394 -0.00144092 0.000979291 0.249954 0.00036368 0.0326146 -0.0141436 -0.013773 -0.0624879 -0.0516429 -0.0045122 0.0124408 -0.00147127 -0.000566758 -0.00357141 -0.00231045 -0.0878243 -0.00474255 0.000499411 -0.0967637 -0.00049506 -0.0072068 0.0889541 -0.0118546 -0.000971829 -0.00371176 -0.0614962 -0.00533703 5.38631e-06 0.0115015 0.0433962 0.0206625 -0.00429552 -0.0224226 0.017381 0.0232229 -0.0231395 -0.00274333 0.0397639 -0.001202 0.000408485 0.0191484 -0.0155852 -0.00101332 -0.000418473 -0.000281928 -0.00901051 -0.00493575 -0.00860907 0.0191503 0.0251315 -0.0135727 0.00171044 -0.00134059 -0.00260682 -0.00116131 -0.00402367 0.00759322 -0.00312559 -0.00421093 -0.0100248 -0.00394307 -4.48982e-05 0.0942983 -0.0118102 -0.00102624 -0.00345385 0.0662705 -0.00588661 -0.000754742 0.0270575 -0.0644638 -0.00671133 0.0373853 -0.00652427 -0.0154018 -0.00530606 -0.00288327 -0.00241523 0.0375962 0.0218947 
-0.000485453 -0.000720338 0.00483809 -7.02347e-05 0.000688073 -9.29955e-05 -5.42775e-05 0.00554344 -3.98531e-05 5.01424e-05 -0.000331475 -0.00353105 0.000224745 -7.02042e-05 0.000101846 -0.00263451 1.45641e-05 -0.00040822 0.000195909 0.00047197 0.000237225 -2.0517e-05 0.00036368 0.0189437 -0.000783806 -0.000350612 -0.000343016 -0.00357873 0.00357904 -0.000104026 -0.000479612 5.01155e-06 8.49702e-05 -0.000502035 2.50238e-05 -0.00525238 -0.000681248 0.00212204 -0.00338924 -1.53777e-05 0.00123278 0.00326895 -0.00142222 -3.76019e-05 -0.000304202 -0.00024395 -0.00109234 5.72401e-06 -0.000344494 0.00409857 -0.00222281 -0.000179592 -0.000975267 -0.00136765 -0.00220529 -0.000285913 0.000102122 -0.00579431 0.000276065 -0.000125458 0.000609821 -0.000461618 7.58582e-06 -0.000393027 7.83092e-05 0.000579004 -0.000156601 -0.00102029 0.00126917 -0.000816078 -0.000545857 8.82313e-05 3.40047e-06 -8.33369e-05 -5.10726e-05 0.000319065 -0.00106722 4.85634e-05 0.00020153 -0.00084131 -0.000131277 -2.43141e-05 2.58915e-05 -0.000227576 1.18267e-05 -0.000168867 0.000426571 -0.000177987 -4.3042e-05 -0.00130929 -0.00113216 0.000618573 -0.00282272 -0.00107854 0.00184198 -4.42708e-05 9.20407e-05 -0.000160173 0.00166889 -0.00106718 
0.00357715 -1.72441e-05 -8.18807e-06 0.00158981 -0.00402703 0.000997341 0.000365984 -0.00977932 -0.000617132 -0.000833217 -0.00159318 -0.0175319 -0.000213647 -0.00255149 -0.000291066 -0.00580017 0.000216339 0.00149506 -0.000570042 -0.000651232 -0.000376697 0.00399838 0.0326146 -0.000783806 0.109136 -0.00248665 -0.00345981 -0.0318399 -0.0123205 0.000893227 0.0199139 0.000520302 -9.57111e-05 0.000698191 -0.000572447 -0.0401803 0.00180981 0.00926168 -0.0211113 -6.09121e-05 -0.0421564 0.0269465 -0.00773385 0.000173261 0.00148213 -0.0212546 -0.0244075 5.77547e-05 -0.00558309 -0.0228314 0.00409553 0.000672503 -0.00442764 -0.00937007 0.0158205 0.0442991 -0.00108266 -0.00338223 -0.000342905 -0.000486392 -0.00268794 -0.00314675 -0.000246933 -0.000267083 0.000154621 -0.00262332 -0.00040389 0.00945235 0.000787138 0.00486592 -0.0061133 -1.1298e-05 -0.000355788 -0.000164112 -0.000204768 -0.000338915 0.0235115 -0.000244221 0.00316909 -0.000647738 -0.000637436 -0.00011928 0.0117618 -0.000606555 -4.50491e-05 -0.000914324 -0.0047604 -0.00216702 -0.000107807 -0.0011684 -0.00427746 -0.00137301 0.00553899 -0.00112178 -0.0309636 -0.000209052 -0.000612122 0.000586711 0.0171122 0.00979549 
-0.000321319 0.00707816 -3.48576e-05 0.000732761 0.00357935 0.0037138 -4.97061e-05 -0.00218912 0.0078065 -0.000147722 0.00906899 -0.0175908 0.000405196 -4.78426e-05 -3.41467e-05 0.0196881 0.000661651 0.00568768 0.0047228 0.000964824 -6.82927e-05 0.000105426 -0.0141436 -0.000350612 -0.00248665 0.0325006 0.000231789 0.017518 0.00456404 0.000420527 -0.00121756 -2.63052e-05 0.000542839 0.0038234 0.000399598 0.00293852 0.00219894 -0.00347445 0.0128687 0.000183441 0.0050822 -0.0180332 0.0110522 -4.6283e-05 0.000615404 -0.00964275 -0.0125795 -5.3846e-06 -0.000688037 -0.00870714 -0.0113247 0.000506009 0.00661427 0.00775861 -0.00526994 0.0027458 0.000226313 -0.0031555 0.000863687 0.00220152 -0.0220496 0.00908382 0.000982455 0.000279591 2.48177e-05 0.00362184 0.00459243 -0.0037132 -0.00337815 -0.00226118 0.00225565 0.000244517 0.00109901 0.00313051 -2.85185e-05 0.00461406 -0.00134438 -1.62054e-05 -0.000579417 0.00542882 9.50223e-05 0.000185319 -0.0196673 0.00249097 0.0017098 0.00215534 -0.0235999 0.000973175 4.81801e-05 -0.0180703 0.00488566 0.000112505 -0.00854399 -0.00011265 -0.0150186 0.00220095 0.0027506 -0.000283983 -0.00355688 0.000823023 
-0.000697473 0.000756826 -0.00209776 0.000878622 0.00923546 -0.000129328 0.000510132 0.00102647 0.0019659 0.00340493 0.00186083 0.0044132 5.1649e-05 0.00312663 1.77466e-05 0.00230374 8.32269e-05 -0.000643839 0.000139126 -8.50373e-05 0.00135304 -0.000110975 -0.013773 -0.000343016 -0.00345981 0.000231789 0.0335762 0.00283244 -0.00279385 0.000160996 -0.00173864 0.000513299 1.07164e-05 -0.00127012 -8.61531e-05 0.00247982 0.000375614 -0.00185419 0.00686563 6.70771e-06 -0.00632338 -0.00824605 0.000417926 0.00140296 0.00405862 0.00799986 -0.00481961 2.34278e-05 0.00200507 0.000273715 -0.0116323 0.00157971 0.00021426 -0.00177589 0.00173685 -0.00162548 0.00249563 -0.0017194 -2.79626e-05 3.13546e-05 -0.00355904 -7.00358e-05 0.000589171 0.00243132 0.000354515 0.00103025 -9.91438e-05 -0.00301416 0.0056157 -0.00170543 9.13742e-05 -5.4188e-05 1.93872e-05 0.000477621 0.00041009 -6.96382e-05 0.000206581 0.00495285 0.000532886 -0.00166979 0.000693186 -5.5902e-05 -0.00679687 0.00770573 -4.30641e-05 0.00141814 -0.0126466 0.000146917 4.33171e-05 -0.00617461 -0.00406656 -2.34132e-05 -0.0150604 0.00149618 -0.00267756 -0.000323011 0.000694815 0.000426966 -0.0034196 -0.00297484 
0.00135664 0.00245159 -0.00529705 -0.00213941 -0.0101473 -0.00203314 -0.00148705 -0.0219018 0.00720311 -0.00128817 0.00601742 0.0102318 -0.000762838 -0.000562373 -0.00134085 0.0713856 0.000181894 0.0111237 0.00303401 -0.000325874 0.000265692 -0.00195513 -0.0624879 -0.00357873 -0.0318399 0.017518 0.00283244 0.237146 0.032997 0.00263187 -0.017691 -0.000414407 0.000126925 4.19348e-05 -0.000941383 0.0202874 -0.00800792 -0.0324506 0.102973 6.00418e-05 0.0765264 -0.102241 -1.81433e-05 0.000424344 0.00556423 0.0156126 0.00095544 -0.000122339 -0.0231335 -0.0306729 -0.00707546 -0.000478532 4.67886e-05 0.00850172 -0.0181585 -0.00280874 0.00188017 0.0407863 -8.18719e-05 0.00385644 -0.00941868 0.00715775 0.000876799 -0.00617783 7.15196e-05 0.00633056 0.00178983 -0.0313339 -0.0421179 -0.0150638 0.00668351 -0.000323988 0.00141746 0.00277271 -0.000525156 0.00223814 -0.0187847 -0.000589241 -0.0074436 -0.00127192 -0.00761686 -0.000589928 -0.144795 0.00839966 0.00130047 0.00138232 -0.0639774 0.00323259 -0.000493548 -0.00715069 0.0898661 -0.00481039 0.00391604 0.0123783 -0.0918256 0.0014331 0.00191096 -0.00265994 0.00429341 0.00694286 
-0.00437594 -0.00222345 -0.000684916 0.000451545 0.000174937 -0.00162397 -0.000460016 0.0163182 -0.000830746 -0.000331352 -0.000846818 0.0204399 -0.00015714 -0.00319141 -0.000336834 0.00988201 -0.000248578 -0.00126841 0.00315272 0.000304304 -0.000954749 -0.000314509 -0.0516429 0.00357904 -0.0123205 0.00456404 -0.00279385 0.032997 0.129886 -0.000940866 -0.00724756 -0.000414286 7.85109e-05 -0.00267427 -0.000682207 0.0247129 -0.0047249 -0.0192071 0.031379 -3.13868e-06 0.0272101 -0.0568383 -0.00835115 0.000139256 0.00263438 0.0402485 0.0359194 -7.28515e-06 -0.00888048 -0.0172334 -0.015741 -0.00157334 -0.00873753 -0.00485931 -0.0241776 -0.0246755 0.00148843 -0.00255662 -0.000138661 -0.00262476 0.00195513 0.000488913 0.000546231 -0.0040054 3.26157e-05 0.00401211 0.00356934 -0.00636222 1.00348e-05 -0.00725679 -0.00171672 -0.000109946 0.000544165 0.000350638 0.000220016 0.0044725 -0.0104631 -0.000193166 -0.00321006 -0.00334649 -0.00301365 -0.000472031 -0.0545787 0.00156199 0.00061354 -0.00110717 -0.0316855 -0.000473473 -0.000239659 0.00217323 0.0435311 -0.00124567 0.000306927 0.00369578 -0.00619573 0.000130244 0.000179831 -0.00143797 -0.00893097 -0.0110152 
0.000881646 0.000450072 -0.00137903 -0.000102198 0.000931091 0.000745749 0.000341049 -0.000637507 0.00154351 0.000114304 0.000540975 -0.00205842 7.68448e-05 -0.000240453 -3.59471e-05 0.00465739 -1.70127e-05 0.000233924 0.000398105 -5.53536e-05 0.000729215 -5.41306e-06 -0.0045122 -0.000104026 0.000893227 0.000420527 0.000160996 0.00263187 -0.000940866 0.0111207 -0.000655351 0.000285527 9.02289e-05 -0.000153902 0.000449935 0.00024591 -0.000369946 0.000236118 0.00359275 2.06861e-06 -0.000740761 -0.00413785 0.00210504 0.000101292 -7.27955e-06 -0.00353502 -0.00500318 9.48385e-06 -5.74629e-06 -0.00380502 -0.0011568 0.000329211 0.00476188 0.000558451 0.00060073 0.00466054 -0.000188427 -0.0023054 0.000209063 0.00132724 -0.00322188 0.00167467 0.000276368 0.000307246 5.09926e-05 -6.24462e-05 0.00116205 -0.00122003 -0.00148273 -0.000586686 0.00132626 -4.94013e-05 1.87002e-06 0.000824237 -5.81325e-06 0.000293673 -0.000455363 0.000296539 0.00100968 -0.00040354 -0.000225424 0.000106843 -0.00535621 0.00209038 2.44006e-05 0.000139875 -0.00518376 0.000157812 0.000179647 -0.00650317 0.0051475 0.000130234 -0.00110697 -0.000165117 -0.00410822 0.00117849 4.64767e-06 1.45345e-05 -0.000182783 -0.000361943 
0.00256596 0.00414571 -0.00197881 -0.000616528 -3.31428e-05 0.00315289 -0.000315182 -0.00463613 0.000679127 -0.000463635 -0.00104484 -0.026453 -1.03207e-05 -0.000182483 -9.11911e-05 -0.00309909 -2.64043e-05 -0.000452311 -0.00014043 -0.000422521 0.000425624 0.00289226 0.0124408 -0.000479612 0.0199139 -0.00121756 -0.00173864 -0.017691 -0.00724756 -0.000655351 0.059233 0.000132798 -8.65416e-05 0.00789226 -0.000401408 -0.012604 0.01117 0.0162677 -0.0140447 3.31564e-05 -0.0221327 0.0111801 -0.00440755 -3.39318e-05 0.0027855 -0.000742556 0.00261513 -1.17442e-06 -0.00251121 -0.0206182 -0.00506801 0.000173089 -0.00432209 -0.00701607 0.00071154 0.0165376 0.000113764 -0.0133048 -7.83081e-05 0.0020851 -0.00756188 -0.00182132 -9.96105e-05 0.00365337 -9.68135e-06 -0.00175672 -0.000397017 0.00529034 0.00134826 0.00280377 -0.00254065 0.00143477 0.000101668 -0.000346695 4.52569e-05 -0.00019653 0.0120064 -0.000165157 0.00144609 -0.00227518 0.00253964 -0.000106148 0.00586016 -0.00115885 -4.94251e-05 -0.000434837 0.00377628 -0.000454625 -0.000147325 0.00191326 -0.0176468 -0.000435539 0.00014861 0.00459291 -0.0158269 -0.000186939 -0.00022891 0.0022778 -0.00279709 0.00662719 
0.000201852 -0.000128269 9.58234e-06 1.15484e-05 0.000933034 0.000338202 9.26136e-06 8.12719e-05 0.000438688 0.000389439 0.000245316 -0.00095193 8.40445e-05 2.2006e-05 2.39739e-05 0.000228256 6.56743e-05 0.000107372 -9.2677e-06 -1.75115e-05 0.000185931 -8.56315e-06 -0.00147127 5.01155e-06 0.000520302 -2.63052e-05 0.000513299 -0.000414407 -0.000414286 0.000285527 0.000132798 0.00424122 4.14808e-05 0.000163348 0.000245313 -0.000299562 0.000756681 0.000631763 0.000926084 -2.7657e-06 -0.001121 0.000189686 0.000251484 3.75506e-05 -1.04089e-06 -0.000263053 -0.000851835 5.51691e-06 -0.000182468 -0.00104848 -0.00123198 4.24371e-05 0.000417133 4.05688e-05 -0.000166254 0.00112737 0.000155072 -0.00170621 1.51711e-05 7.22502e-06 -0.00243046 0.000540179 4.13658e-05 0.000644012 4.65512e-05 0.000889478 0.000300965 -0.000347187 -0.000134275 -0.000244274 0.000358242 -4.44603e-06 5.09859e-05 6.25077e-05 -2.06988e-06 1.84787e-05 0.000131734 0.000406166 0.000150648 3.8643e-05 0.000562201 4.49269e-05 -0.00113705 0.000208234 1.95756e-05 0.000107715 -0.00168548 0.000140807 5.12757e-05 -0.0016743 0.000236203 0.000168984 -0.000977929 0.000457388 -0.000737114 0.000154663 7.07497e-05 0.000208299 -0.00050135 -4.60781e-05 
2.41516e-06 0.000237147 -8.15112e-05 9.15995e-05 0.000393913 0.000228345 2.53163e-06 8.94734e-06 0.000233667 1.92841e-06 0.000320856 -0.000765498 0.000152648 -3.99107e-06 6.25118e-05 -8.93938e-05 2.39019e-05 6.84163e-05 0.000213112 0.000131758 0.000158126 1.49647e-05 -0.000566758 8.49702e-05 -9.57111e-05 0.000542839 1.07164e-05 0.000126925 7.85109e-05 9.02289e-05 -8.65416e-05 4.14808e-05 0.00158543 1.61671e-05 1.90908e-05 -8.41067e-05 -4.14928e-05 -0.00012236 0.00020077 4.68919e-05 -0.000251873 -0.000598402 0.00064222 1.18002e-05 0.000109349 -0.000543297 -0.000599623 2.91686e-06 0.000350004 -0.000399285 -0.000888372 0.000119266 0.000530317 0.000182191 8.1582e-05 -5.04194e-05 4.51999e-05 -0.000497912 0.000446285 2.95102e-05 -0.0011327 0.000635705 5.50655e-05 7.15734e-05 5.36667e-06 0.000549345 0.000168913 -5.08847e-05 -0.000110453 -0.000125259 0.000132257 2.77759e-06 1.80457e-05 7.97776e-05 6.14222e-06 0.000151861 0.000181433 4.87355e-05 0.000141747 0.000513686 4.768e-05 8.6775e-05 -0.000475082 0.000149148 1.97284e-05 0.000109279 -0.000892567 5.80987e-05 2.10265e-05 -0.00114232 -0.000366269 0.000213855 -0.00104453 -7.39752e-05 -0.000420596 8.10854e-05 0.000182588 4.51125e-05 -0.000169507 0.000252431 
