0.000424986 2.08336e-05 2.99068e-05 -0.000197768 7.12024e-07 -0.000150993 1.03183e-05 -8.81908e-06 -3.72446e-07 -1.89843e-05 4.35887e-06 -5.88812e-05 3.86978e-06 -5.24256e-07 8.27927e-05 1.6945e-07 3.77535e-07 5.12921e-06 8.92373e-06 -6.42193e-05 -6.70362e-05 1.5894e-05 -6.08964e-06 4.71731e-06 -6.33009e-05 7.91562e-07 7.8378e-05 3.23044e-06 2.27205e-05 4.12936e-05 -6.3539e-07 2.60308e-06 3.77205e-05 5.531e-05 5.40108e-05 5.7488e-06 8.31182e-06 9.24642e-05 -0.000161356 2.39659e-06 1.8401e-05 1.73289e-05 2.75463e-07 3.69093e-06 -1.68859e-05 1.35821e-06 7.43393e-05 0.000111421 -1.2587e-05 7.16768e-06 -9.05546e-05 1.13536e-05 -3.74705e-07 -3.01102e-07 2.99099e-05 3.67807e-07 9.3896e-05 2.52632e-05 8.53807e-06 7.11789e-05 -0.000137236 5.92121e-07 2.17219e-07 3.31179e-05 1.98319e-06 2.51802e-06 2.74451e-06 2.49828e-05 6.15085e-06 -0.000140344 4.17331e-05 2.06382e-06 9.0134e-06 1.03531e-05 2.88674e-06 -0.000126121 1.16295e-05 -0.000204891 -0.000113748 -5.31843e-06 1.48558e-07 -1.60708e-05 -1.58428e-05 2.29251e-05 -4.9685e-05 8.48856e-06 5.61423e-05 -0.000151911 6.20189e-06 2.34383e-07 9.47381e-06 -6.08744e-07 2.10365e-05 8.13567e-05 2.7538e-06 -7.61326e-07 6.04361e-06 8.50827e-06 1.60388e-05 4.2374e-07 
2.08336e-05 0.043784 -3.11942e-06 0.00942694 8.30958e-06 0.0013879 -1.71318e-05 -0.000398758 -8.89952e-06 -0.00259577 -0.000466551 -0.000749614 -9.02498e-05 -0.000658238 -0.00132919 -0.00414308 0.000388917 2.14139e-05 -1.30573e-05 0.00571678 0.000184067 8.86454e-05 -0.00100376 4.06135e-06 -0.00903159 -1.40791e-05 -0.000371103 0.00012322 -0.00115835 -0.00264059 -0.000107847 -6.00551e-05 0.000110818 -0.0015876 0.00596639 -9.23206e-06 0.000928263 -0.000179777 -0.00145998 -0.00150879 -7.18708e-05 8.63197e-05 -8.92527e-05 -5.74732e-05 -0.000687064 -0.000416455 -0.00121026 -0.001216 0.00104042 0.000545568 0.0129535 -0.000216194 -0.000202642 -3.95103e-05 0.00015992 -1.31504e-05 -0.00504472 -0.000197498 -0.00090933 0.00358828 -0.000737312 3.55681e-05 -5.10819e-08 -0.000679245 -6.03957e-05 2.99586e-05 6.26106e-06 -0.000164895 -0.00290653 -0.0171032 -0.00309831 2.53335e-06 -0.000491502 -2.06241e-05 -0.000980339 -0.0165343 0.000149449 0.00286312 -0.000141363 -0.000503787 0.00336101 -0.00176495 0.00254638 -1.67426e-05 -0.0012886 -0.000224968 -0.00152441 -0.00539753 -0.000277054 -3.41244e-05 -0.000342436 -2.56007e-05 -6.40481e-05 -0.00206304 1.01944e-05 0.00151753 -8.62519e-05 -0.000442648 -0.000107643 3.21855e-06 
2.99068e-05 -3.11942e-06 0.000637049 -0.000267505 1.35182e-05 -0.000421621 1.67334e-05 -1.08304e-05 2.0527e-06 2.1477e-05 -9.15088e-06 -0.000257521 3.36744e-06 -8.69281e-06 8.11945e-05 -3.30606e-05 -7.85776e-07 7.08367e-06 6.47802e-05 -0.000168878 -0.000245659 3.11523e-05 -2.94507e-07 3.88711e-06 -0.00015273 3.93768e-06 0.000180213 5.02517e-05 9.95246e-05 9.85758e-05 -1.82301e-06 6.14225e-05 0.00023341 4.39088e-05 -3.22877e-05 4.04177e-05 6.01648e-07 0.000214476 -0.000289758 -2.0886e-05 1.42297e-05 2.52666e-05 1.55862e-05 9.12482e-05 -1.36157e-05 -2.98151e-06 0.000390713 0.000193847 4.25197e-05 -3.02539e-06 -7.1837e-05 8.11658e-05 1.4812e-05 -3.01329e-07 7.14774e-05 9.51871e-07 0.000374073 3.70146e-05 4.25902e-06 6.97295e-05 -0.000322941 -6.24784e-10 3.14721e-07 1.98482e-05 1.18633e-06 4.97161e-06 3.423e-06 0.000169794 -3.63141e-05 -0.000344549 3.57472e-05 1.95186e-05 7.18235e-05 0.000133853 -5.18994e-06 -3.94972e-05 7.70058e-06 -0.000453135 -0.000213534 -4.52285e-06 2.26722e-05 -3.82531e-05 -6.4419e-05 2.86269e-05 -0.000154978 1.01283e-06 -2.65258e-05 -0.000378077 8.82681e-07 1.09969e-05 -1.01569e-05 -8.67866e-07 7.73278e-05 2.75477e-05 -8.12052e-07 -5.05046e-06 5.08327e-05 3.99324e-05 1.86368e-05 2.70238e-06 
-0.000197768 0.00942694 -0.000267505 0.207251 -7.40118e-05 0.0325291 -0.000693934 -0.00423566 8.27893e-06 -0.00942304 -0.00510309 0.00609425 -0.00089746 -0.00506404 -0.0337818 0.014451 0.000265245 -0.00117221 -0.00032491 0.0111876 0.00863763 -0.000243743 -0.000902652 -4.98468e-05 -0.00129799 0.000141336 -0.0424683 -0.000709183 -0.0063061 -0.0171033 0.000739662 -0.000737521 -0.000550243 -0.0206039 -0.0449388 -0.000149622 0.0025924 -0.00437231 0.0365633 0.0010538 -0.000793995 -0.000792541 -0.000610301 -0.000788049 -0.00189076 0.00215633 -0.0426017 -0.0419238 0.00202946 -0.000296766 0.0438725 -0.00288254 -0.00036572 -0.000299288 -0.00168661 9.35642e-06 -0.0485952 -0.00406066 -0.000488765 -0.02899 0.017941 -5.98317e-05 -3.89398e-06 -0.00139649 -0.000159419 -0.000184645 -0.00131646 -0.00411454 -0.0219712 0.012963 -0.0301564 -0.000619269 -0.00329142 -0.00816608 -0.000148343 -0.0107939 -0.00139003 0.0741307 0.00510211 0.00377316 0.0138816 -0.0115681 -0.0125369 -0.00032581 0.0179617 -0.000381075 -0.0178659 0.0256123 -0.00138263 2.82584e-05 0.00344563 0.000221627 -0.00130099 -0.0408679 -0.00054508 -0.000164908 -0.00034808 -0.00242568 -0.00184743 -1.9922e-06 
7.12024e-07 8.30958e-06 1.35182e-05 -7.40118e-05 0.000389704 -8.97972e-05 8.24712e-06 -1.17868e-06 -2.19291e-07 1.62171e-05 -3.3351e-08 -7.73864e-05 -1.23207e-06 2.59601e-05 9.76908e-06 -4.35125e-05 1.02724e-05 7.9236e-06 9.29105e-07 -0.000116403 -7.16184e-05 1.02898e-05 -5.15152e-06 5.58716e-06 4.87103e-06 5.06528e-06 8.10639e-05 4.20398e-05 2.71184e-06 2.68439e-05 -1.27133e-06 2.68218e-05 2.3686e-06 1.22693e-05 -0.000127633 1.1484e-06 9.12686e-06 2.35857e-06 -4.85021e-05 -7.72753e-06 1.05053e-05 8.5205e-06 1.33698e-05 5.81794e-05 1.19456e-05 2.63253e-06 4.27986e-05 1.49291e-05 4.068e-05 -3.24983e-06 2.33249e-06 1.61641e-05 1.89561e-06 8.95997e-06 1.05016e-06 9.53758e-07 -8.85021e-06 2.59428e-05 3.6368e-05 3.49911e-05 -7.57634e-05 1.32423e-06 -4.5873e-09 4.72477e-06 -2.30406e-07 6.64708e-08 7.70159e-07 1.8269e-05 2.96072e-05 -0.00015003 -2.07081e-05 4.6599e-05 2.58035e-05 3.19026e-06 1.87014e-05 2.95213e-05 1.41191e-06 -0.000147607 -7.58495e-05 6.95708e-06 9.85932e-05 -6.70989e-06 3.25453e-07 9.59138e-06 -8.89241e-05 -1.04564e-06 -1.42447e-05 -8.871e-05 1.04604e-07 1.54515e-05 2.06691e-05 -1.0676e-06 2.09989e-07 -8.56912e-05 9.91252e-06 9.01031e-06 6.54157e-06 7.60346e-06 1.16426e-05 1.41431e-06 
-0.000150993 0.0013879 -0.000421621 0.0325291 -8.97972e-05 0.121854 -0.000160503 0.00236251 -0.000119919 0.00198588 0.000845348 0.00177866 -0.00037473 0.000584885 -0.0609378 -0.00174355 0.000937094 3.4322e-05 -0.000302728 -0.00168868 0.010154 -0.000177734 0.00157218 -5.59367e-05 0.0251667 -3.38811e-05 -0.0573515 -0.000987849 -0.0170086 0.00098219 -0.00057838 -0.000760327 -0.00296302 -0.0339248 -0.0179 -0.00010256 -0.00157245 -0.00141132 0.0432574 -0.00189134 -0.00015922 -0.000970179 -0.00099544 -0.000645528 0.00447311 -0.000789778 -0.0514335 -0.0534667 -0.00380509 0.0012647 -0.0186484 -0.000762368 -0.000761827 -0.000291677 -0.00358098 1.19411e-05 -0.0765735 -0.00684559 0.00121488 -0.0427396 0.0209858 -6.42629e-05 -9.62166e-07 -0.00145083 9.03232e-05 -0.000102989 -0.000978822 -0.00196108 0.00726103 0.0437001 0.00967838 -0.000280348 -0.00395099 -0.0064511 0.000852539 -0.019344 -0.000475088 0.0626511 0.00327546 0.000506813 -0.00314211 0.000958466 0.0161969 -0.000174515 0.0219243 -0.00107765 0.00590692 0.0752157 0.000563995 -1.00796e-05 0.00110968 -2.90359e-05 -0.00131948 -0.014215 -0.000401654 0.000284595 -1.50122e-05 -0.00180533 -0.000934675 -0.000194566 
1.03183e-05 -1.71318e-05 1.67334e-05 -0.000693934 8.24712e-06 -0.000160503 0.00144457 -1.74441e-05 5.66605e-06 -4.8877e-05 -1.08884e-05 -0.000715545 -7.33487e-08 6.02134e-05 -9.50528e-05 0.000489965 9.32845e-07 3.55779e-05 1.23691e-05 -0.000840078 -0.000300568 4.1428e-05 0.000700973 5.38099e-06 -0.000343015 -5.87725e-07 -0.00013194 5.03641e-05 -3.5749e-05 1.25948e-05 -9.27334e-06 4.96483e-05 2.76223e-05 -7.48838e-05 0.000166326 9.36115e-06 0.000153106 0.000259126 -0.000753759 -2.84962e-05 0.00026749 0.000261581 0.000116736 0.000102065 -5.24855e-05 -1.43681e-05 -2.67165e-05 -9.9265e-05 5.65807e-05 4.77083e-05 -0.000498036 2.66236e-05 5.73015e-05 5.98616e-06 -6.33939e-07 5.87721e-07 -0.000155066 -1.21867e-06 0.000132968 -8.29281e-05 -0.000371118 3.70624e-06 3.052e-07 0.000171171 2.28479e-05 0.00020047 0.000185673 0.000330724 0.000179163 -0.000687303 0.000486748 5.61672e-06 2.73083e-05 -1.03434e-05 -1.45161e-05 -0.000469536 4.6324e-05 -0.000471361 -0.000933908 -1.97673e-05 -6.82933e-05 1.8177e-05 0.000728763 0.000125495 -0.000222243 2.5106e-06 0.000479905 -0.000398968 9.33632e-05 4.75582e-06 0.00015602 1.21615e-06 3.82456e-05 0.00027651 3.6121e-05 0.000207084 3.85637e-05 -1.36464e-05 0.00034758 3.89981e-05 
-8.81908e-06 -0.000398758 -1.08304e-05 -0.00423566 -1.17868e-06 0.00236251 -1.74441e-05 0.0306637 4.60269e-05 -0.000690735 2.10813e-05 -0.00106884 -8.37369e-05 0.00242198 -0.00189617 -0.000820618 0.000243071 0.000497776 -1.27503e-05 -0.00293862 0.000278344 1.30082e-05 -0.000154432 -2.00378e-06 -0.00236185 -1.32245e-05 -0.00311537 2.39197e-05 -0.000825009 -0.000312961 -2.08651e-05 6.34243e-05 4.3856e-05 -0.00165455 -0.00342977 1.30492e-06 -0.000394088 -0.000478716 0.000315395 -0.00126892 -2.20752e-05 -3.76216e-06 -5.55054e-05 -6.04292e-05 -0.000643454 -0.000210305 -0.00235221 -0.002406 -0.0012812 0.000622816 0.00462588 0.000154625 -1.63363e-05 -2.04728e-05 -0.000127792 -9.29376e-06 -0.00533339 -0.000229817 0.000693479 -0.000907781 0.000715706 1.58598e-05 7.18358e-08 -0.00011127 -2.06732e-05 4.10686e-05 7.12246e-05 -0.000195942 0.00174521 -0.00132439 -0.000703046 -3.43711e-05 0.000277486 0.0010198 0.000813901 -0.00980654 -4.04912e-05 0.00370108 0.000297141 -0.000273657 -0.00129516 -0.00127669 0.000276217 -1.74526e-05 0.000351441 -9.82608e-05 -0.000868842 0.00264707 5.91337e-05 -3.01131e-05 -0.000793509 -4.79283e-05 -7.65743e-05 0.00200916 -5.36933e-05 0.000205446 -9.95507e-06 -0.000277839 -8.48655e-05 -2.19498e-06 
-3.72446e-07 -8.89952e-06 2.0527e-06 8.27893e-06 -2.19291e-07 -0.000119919 5.66605e-06 4.60269e-05 0.000875233 -3.31011e-05 5.87931e-05 -9.28739e-05 1.06221e-06 -7.90462e-07 -1.85285e-05 -1.83518e-05 9.69631e-06 4.20292e-05 8.35479e-07 -0.000224715 -3.62925e-05 5.74917e-07 1.57716e-06 1.65454e-06 0.000144127 -4.90673e-07 -1.02513e-05 4.2844e-05 1.44904e-05 6.48404e-05 7.66254e-06 2.40371e-05 -1.65663e-05 -1.77244e-05 -6.24243e-05 5.34261e-07 6.19988e-05 -6.34086e-06 -8.04734e-05 -4.34581e-05 2.49806e-05 4.15585e-06 2.3349e-05 7.04787e-06 -1.59617e-05 3.28534e-05 -5.95775e-05 -5.49477e-05 -2.6219e-05 2.20635e-05 -0.000161932 -1.88109e-06 5.37056e-05 -3.0822e-07 -3.43969e-06 5.96604e-06 -8.17705e-05 6.29586e-05 0.000113458 6.70762e-06 -6.34565e-05 4.76595e-06 -1.03076e-08 4.47907e-05 -1.31665e-06 5.7584e-06 -7.69995e-07 9.09105e-06 -3.5737e-05 -5.61064e-05 -5.85145e-05 1.91422e-06 2.5516e-05 5.45532e-05 -1.49994e-05 -0.000169534 1.97132e-05 -6.9824e-06 -0.000143492 -7.28852e-06 0.000138126 4.57646e-05 -4.35707e-05 1.29404e-05 -2.65736e-05 1.69503e-06 -3.4616e-05 -6.02762e-05 -4.28697e-06 -1.0972e-06 -1.48707e-05 -8.09998e-07 6.63677e-06 -0.000219186 -1.89563e-06 3.90315e-06 1.34328e-06 -3.17072e-06 1.23354e-05 6.28263e-06 
-1.89843e-05 -0.00259577 2.1477e-05 -0.00942304 1.62171e-05 0.00198588 -4.8877e-05 -0.000690735 -3.31011e-05 0.109109 -0.0017966 0.000251058 0.000727497 -0.00116056 -0.00456549 0.0109904 0.000222664 -0.000360426 3.71305e-05 0.00565725 0.000384775 -4.81915e-05 0.000712433 -3.83345e-06 -0.0287402 -5.06106e-05 -0.00627244 -2.53904e-05 -0.0016623 -0.00310333 -0.000152222 0.000852369 -0.00205903 0.00233077 -0.0202738 6.89901e-06 -0.000266614 0.00169693 -0.000584892 -0.00495693 -0.000168386 -0.000405369 -0.000184094 0.000254618 -0.00244757 -0.00089078 0.00107915 -0.00502383 0.000496489 -0.00124078 0.00246261 9.17639e-05 0.000321505 -4.48801e-05 -0.00021013 3.71946e-05 -0.00712607 -0.000409724 -0.00224947 -0.00526157 -0.00031417 -7.11763e-06 -3.00003e-07 -0.00159277 -7.58459e-05 2.9239e-05 -0.00015579 0.000823923 -0.00752041 -0.00396984 -0.000423427 -5.40093e-05 1.18721e-05 -0.000986521 -0.00279876 -0.0155881 -0.000140282 -0.00665115 0.000793382 0.000866244 -0.00293498 0.0165278 0.00818805 -6.76127e-05 0.000827771 0.000222882 -0.0010214 -0.0192447 0.000444805 -0.000289365 -0.00295803 -0.00018626 0.000449633 0.0126735 -0.000209675 5.67509e-05 0.000531456 -0.000431742 -3.92123e-05 2.3674e-05 
4.35887e-06 -0.000466551 -9.15088e-06 -0.00510309 -3.3351e-08 0.000845348 -1.08884e-05 2.10813e-05 5.87931e-05 -0.0017966 0.0175231 -0.000756296 0.000123418 0.000335529 -0.00143844 -0.000598699 5.83184e-05 4.71337e-05 -2.59603e-06 -0.00323402 0.000202011 4.70089e-06 -0.000266848 9.85082e-06 0.00648276 -1.66921e-05 -0.00165461 0.000158002 0.000355236 0.000838924 -9.25316e-05 4.78916e-05 0.000131862 -0.000878697 -0.000450944 -3.1234e-06 0.000177611 -0.00028977 0.00125983 0.000764744 0.000117033 2.6019e-06 1.00333e-05 -2.88134e-05 -0.000252467 -5.4042e-05 -0.00145637 -0.00138156 -0.000567769 -0.000280161 -0.00574162 0.000249415 0.000108768 -9.75134e-06 -7.45405e-05 1.09564e-05 -0.00249739 0.000322308 0.000526839 -0.00101503 6.00395e-06 1.35623e-05 -9.88228e-08 0.00100505 4.80062e-05 -3.76966e-06 -3.36724e-05 -0.000167585 0.00451685 0.00152232 -0.000157653 -1.28458e-06 -2.69328e-05 -0.000126624 0.000235152 -0.00200205 0.000196691 -0.000759312 -0.000283899 -0.00016122 -0.000593818 0.00102393 -0.00132098 1.97182e-05 0.000466869 -0.000107008 -0.000483849 0.00115679 -7.89669e-05 5.09089e-06 -9.8129e-05 -8.11347e-06 -1.15246e-05 -0.00434946 -2.82508e-05 -4.27028e-05 -2.76824e-06 0.000238533 1.70514e-05 8.69161e-06 
-5.88812e-05 -0.000749614 -0.000257521 0.00609425 -7.73864e-05 0.00177866 -0.000715545 -0.00106884 -9.28739e-05 0.000251058 -0.000756296 0.0153253 2.89337e-05 -0.000303006 -0.00115769 -0.00114818 4.38218e-05 -0.000785787 -0.000223243 0.000587825 0.00187742 -0.000211762 -0.00109965 -6.41553e-05 0.00144339 -4.63035e-06 -0.00165658 -0.000715953 -0.000363345 -0.00179388 -5.33759e-05 -0.000633978 -0.000805952 -0.000180122 -0.00220667 -9.2333e-05 -0.000831118 -0.000946324 0.00530797 0.000139169 -0.000439446 -0.00100621 -0.000268207 -0.000605278 -0.000440587 0.000170159 -0.00192163 -0.00143761 -7.90863e-05 -0.000338487 0.000424855 -0.00109293 -0.000414819 -2.38169e-05 -0.000340637 -3.39537e-05 -0.000251124 -0.00120772 -0.0011965 -0.00149186 0.00181752 -9.2632e-05 -1.72793e-06 -0.000420606 -1.1957e-05 -0.000285559 -0.000539523 -0.000942023 -0.0013455 0.00417058 -0.00391486 -0.000465541 -0.000684394 -0.0010733 -0.000211797 0.00320274 -0.000230347 0.00269183 0.00201332 3.27056e-05 -0.000610097 -0.00142048 -0.00221487 -0.000493544 0.0027609 4.39035e-05 -0.000758662 0.00104806 -0.00028797 -0.000166385 -0.000601714 -4.07909e-05 -0.000213672 -0.000983286 2.40908e-05 -0.000424217 -0.00017292 -0.000357003 -0.000597048 -7.14154e-05 
3.86978e-06 -9.02498e-05 3.36744e-06 -0.00089746 -1.23207e-06 -0.00037473 -7.33487e-08 -8.37369e-05 1.06221e-06 0.000727497 0.000123418 2.89337e-05 0.00557989 0.000929833 0.000245574 -0.00038967 -2.86202e-05 5.3349e-06 2.40252e-06 -0.00193219 -0.000250143 -2.74307e-06 -8.45581e-05 4.33973e-06 -0.000809695 -3.2822e-07 0.000105111 -2.65468e-06 0.000253805 -0.000187183 -3.15496e-05 -1.65516e-05 -5.12576e-05 0.000516559 -0.00237358 3.01998e-06 -4.51269e-05 0.00017172 -0.000645238 -0.000318587 2.2903e-05 4.28998e-05 6.44969e-07 3.20878e-06 -7.07859e-05 0.00023944 0.00045242 0.000135264 -0.000214204 1.20684e-06 -0.000929143 -2.04622e-05 5.47389e-05 -9.06971e-07 5.43037e-05 2.35502e-07 0.000502616 2.66323e-05 -6.86877e-05 8.54638e-05 -0.00170687 -9.9266e-07 -6.60272e-08 0.000320496 -1.10069e-06 -2.04618e-06 1.73916e-07 2.88918e-05 0.000988545 0.000400865 0.00156767 -3.36022e-06 2.95688e-05 -0.000119273 -4.9269e-05 0.00104761 6.70604e-05 -0.0024226 -0.000533645 0.000256077 -0.000317577 -0.000263139 -0.000188861 7.76836e-07 -0.000372182 0.000136306 1.16481e-05 -0.000253911 0.00018638 -7.9059e-06 -9.96329e-05 -1.0511e-05 4.9574e-06 0.000731868 -1.03962e-05 3.98601e-05 2.16196e-05 7.57317e-05 3.69229e-05 3.93366e-06 
-5.24256e-07 -0.000658238 -8.69281e-06 -0.00506404 2.59601e-05 0.000584885 6.02134e-05 0.00242198 -7.90462e-07 -0.00116056 0.000335529 -0.000303006 0.000929833 0.0156667 -0.000821919 -0.000794046 -9.74322e-07 0.000350646 -4.99059e-07 -0.0058839 -3.52713e-05 4.10417e-06 -0.000281063 1.6257e-05 0.00256822 1.21162e-05 -0.00118043 8.06054e-05 -0.000265811 -0.000978312 2.70404e-05 8.30427e-06 -0.000218446 -0.000592491 -0.00598842 2.12817e-05 -0.000212041 2.2664e-05 -0.000786706 -0.000289663 8.99261e-05 8.97337e-05 5.04097e-05 7.83062e-05 0.000262845 0.000160672 -0.000753622 -0.000874806 -0.000726547 8.03543e-05 -0.00394008 -2.51542e-05 5.31868e-05 2.3418e-05 -4.03955e-05 -7.94326e-07 -0.0024543 -6.90983e-05 0.000798122 -0.000588066 -0.000638504 -1.79995e-06 -1.65104e-07 -4.05857e-05 -9.33939e-06 9.31935e-06 -1.77986e-05 0.000189391 0.00596073 0.000591703 0.00291886 5.29131e-05 0.000511645 -0.000320605 6.56115e-05 0.00167927 0.000260691 -0.00234372 -0.000920043 -4.05947e-05 -0.000409846 -0.000764684 0.000370959 -9.27357e-06 -3.51989e-05 -1.70788e-05 0.000410246 0.00311254 -2.71746e-05 6.2627e-05 -0.000239839 3.18479e-05 -7.8504e-06 -0.000276859 4.94791e-06 -7.14728e-08 -1.15694e-05 4.77801e-05 1.84896e-05 8.47659e-06 
8.27927e-05 -0.00132919 8.11945e-05 -0.0337818 9.76908e-06 -0.0609378 -9.50528e-05 -0.00189617 -1.85285e-05 -0.00456549 -0.00143844 -0.00115769 0.000245574 -0.000821919 0.0852011 -0.0135329 -0.000933089 -0.000116589 0.000248905 0.00865052 -0.0106456 0.000125578 -0.00188897 1.44411e-05 -0.0256131 -7.04052e-05 0.0552809 0.000317745 0.00714603 -0.00312456 -0.000171808 -0.000325732 -0.000547561 0.029063 0.0100722 3.27374e-05 -0.00125891 0.00226982 -0.0529024 -0.00297012 -4.74302e-05 0.000788699 0.000848453 0.000142501 -0.00342355 -0.000891927 0.0497962 0.0533707 -0.00381598 -0.00157294 0.0152483 -0.000588143 8.21687e-05 0.000165409 0.00353738 -3.27827e-05 0.0653271 0.00453666 -0.00133211 0.0343747 -0.0189896 5.66575e-05 1.66006e-06 -0.000987921 -8.03639e-05 -3.51637e-05 0.00121392 0.000786047 -0.00758484 -0.0413353 -0.00658212 3.8476e-06 0.00172259 0.00345726 -0.00210957 0.0123768 4.94522e-05 -0.0528902 -0.00205897 -0.00127881 -0.00236599 -0.00373755 -0.00527347 4.8321e-05 -0.0230849 0.000122418 -0.00487376 -0.0589965 -0.000371891 -0.000144409 -0.00242415 0.000105771 0.00111757 0.0184602 -0.000170804 -0.000451426 -0.000125131 0.000652866 0.000559341 5.97168e-06 
1.6945e-07 -0.00414308 -3.30606e-05 0.014451 -4.35125e-05 -0.00174355 0.000489965 -0.000820618 -1.83518e-05 0.0109904 -0.000598699 -0.00114818 -0.00038967 -0.000794046 -0.0135329 0.132497 0.000227044 -0.000199434 -1.08179e-05 -0.030397 0.00215831 -4.79875e-05 0.00538427 -1.1496e-05 -0.025929 3.2802e-05 -0.0140034 -0.000140041 -0.00412537 -0.00175278 -0.000398969 0.000401767 -0.00235684 -0.00615682 0.00416989 2.67753e-05 0.00182952 0.00480102 0.00264927 -0.00597468 2.76784e-05 7.92503e-05 -5.81371e-05 7.40281e-05 -0.00118592 0.000591233 -0.0135161 -0.0123046 -0.00219648 0.00316947 -0.0299491 0.000469451 -1.34066e-05 -6.33767e-05 -0.000537159 -3.52574e-05 -0.0192537 -0.000862413 -0.00166104 -0.00854988 0.0030996 1.42359e-06 -1.36098e-06 0.00205335 -0.000202717 0.000224567 -0.000205869 0.00115227 0.000976893 0.00440898 0.00137181 -0.000300876 -0.000324575 -0.00155709 -0.00228787 -0.0152125 -0.000210124 0.0191995 -0.00678598 0.000927258 -0.00694245 0.00594301 -0.00859279 0.000204167 0.00277627 -0.000168278 0.00214313 0.00867436 -0.000164207 -0.000380559 -0.000860382 -0.000225187 -0.000241159 0.0127286 -0.000535026 0.000471149 -9.51742e-05 -0.000852402 0.000177131 4.97196e-05 
3.77535e-07 0.000388917 -7.85776e-07 0.000265245 1.02724e-05 0.000937094 9.32845e-07 0.000243071 9.69631e-06 0.000222664 5.83184e-05 4.38218e-05 -2.86202e-05 -9.74322e-07 -0.000933089 0.000227044 0.0116734 7.05406e-06 -1.71493e-06 0.00221775 0.000131591 1.28569e-05 -0.000131548 1.11527e-06 -0.00200138 4.83242e-05 -0.0011275 -5.31905e-06 -0.000286319 -0.000189878 1.10906e-05 -2.39032e-05 0.000119686 -0.000564128 -0.00261924 -2.5613e-06 0.000425502 2.55279e-05 0.000580677 -0.00023061 1.06381e-05 -3.26554e-05 4.90691e-05 -3.9974e-06 -0.0003972 -4.20445e-05 -0.000835715 -0.000910555 -0.000297165 -0.000181023 0.00161296 -5.97212e-05 -4.42783e-05 -3.41034e-07 -2.97383e-05 1.37092e-06 -0.00201452 -7.84052e-05 -0.000213638 -0.000523582 0.000192684 1.6384e-06 7.16557e-07 -0.000121921 -4.0551e-06 -5.22733e-07 -2.19982e-05 2.92358e-05 -0.000813943 -0.0003442 -0.000495375 -1.01064e-05 -9.5798e-05 -9.81948e-05 -0.000169266 -0.00445941 -1.95335e-06 0.00124743 -0.000138027 -0.000129388 -4.67811e-05 0.000263952 -0.000940268 -1.43715e-05 0.000154282 -1.31298e-05 0.000196813 0.00145394 -5.26049e-05 1.38271e-05 -7.92925e-05 -1.84714e-05 4.42628e-06 -0.000788676 -4.10658e-05 -7.60516e-05 -1.70266e-05 -8.35863e-05 -8.03396e-06 6.42396e-07 
5.12921e-06 2.14139e-05 7.08367e-06 -0.00117221 7.9236e-06 3.4322e-05 3.55779e-05 0.000497776 4.20292e-05 -0.000360426 4.71337e-05 -0.000785787 5.3349e-06 0.000350646 -0.000116589 -0.000199434 7.05406e-06 0.00329163 7.01375e-06 -0.00133366 -0.000181816 4.03692e-05 4.87258e-05 3.06141e-05 0.000856997 9.56593e-07 4.4428e-06 0.000142572 -6.75025e-05 3.72451e-05 -1.43021e-05 0.000111775 -6.50253e-05 -9.71645e-05 -0.000830394 8.09269e-07 8.18574e-05 4.79583e-05 -0.000458065 -6.87061e-05 9.08086e-05 0.000138125 3.75009e-05 4.21328e-05 0.000161167 1.20952e-05 -0.000229968 -0.000201397 -0.000121506 0.000338433 -0.000967478 6.81332e-05 0.000118881 5.88878e-06 -7.11281e-06 2.17419e-06 -0.000427877 0.000210826 0.00123214 -6.71549e-06 -0.000272041 4.0424e-06 3.16696e-07 0.000356464 3.01473e-05 1.53643e-05 3.85944e-05 6.70532e-06 0.000332249 -0.000253807 1.11487e-05 6.16221e-05 0.000274139 0.000220134 -2.03936e-05 -0.00105512 3.9931e-05 0.000161561 -0.000403281 8.85173e-06 4.88659e-05 -0.000158183 0.000522996 0.000101124 -0.000143378 -9.38116e-06 -0.000100207 0.000160066 -8.31553e-06 1.05082e-07 -3.8414e-05 5.28949e-06 2.30154e-05 -0.000559127 -6.29005e-06 1.24049e-05 7.0608e-06 7.64967e-06 5.98561e-05 8.68127e-06 
8.92373e-06 -1.30573e-05 6.47802e-05 -0.00032491 9.29105e-07 -0.000302728 1.23691e-05 -1.27503e-05 8.35479e-07 3.71305e-05 -2.59603e-06 -0.000223243 2.40252e-06 -4.99059e-07 0.000248905 -1.08179e-05 -1.71493e-06 7.01375e-06 0.000466638 -5.04213e-05 -0.000357135 4.62828e-06 -3.90444e-06 4.73579e-06 -0.000153864 3.21665e-07 0.000236631 2.47336e-05 2.11818e-05 -7.66319e-06 3.17521e-07 4.3478e-06 4.95466e-05 0.000224825 -0.000135426 1.8625e-05 -3.96972e-06 0.000139995 -0.000317532 -2.44812e-05 7.61913e-06 2.24592e-05 6.69744e-06 8.65517e-06 -1.22464e-05 -2.57864e-06 0.000316953 0.000300669 -1.67214e-05 -6.24303e-06 1.65868e-05 1.1788e-05 2.28495e-05 3.23081e-06 0.000175661 -2.5496e-07 0.000264107 4.97615e-05 4.46226e-07 0.000224385 -0.00033726 1.69156e-06 -5.49333e-09 1.30044e-06 -7.01694e-07 5.0224e-06 4.37486e-05 0.000144234 2.3591e-05 -0.000337617 0.000110283 1.09476e-05 7.66711e-05 3.13758e-05 -7.35066e-06 -9.45127e-05 -1.47583e-07 -0.00035172 -0.000212847 -4.63123e-06 -2.0697e-05 -2.20025e-05 -5.89297e-05 2.86842e-05 -0.000284679 -8.36353e-07 3.38424e-05 -0.000252273 4.22121e-06 1.67586e-06 -1.41414e-05 -7.34019e-07 0.000126924 0.000264167 1.79172e-06 -2.87894e-06 3.31986e-05 1.9475e-05 1.39828e-05 2.08636e-07 
-6.42193e-05 0.00571678 -0.000168878 0.0111876 -0.000116403 -0.00168868 -0.000840078 -0.00293862 -0.000224715 0.00565725 -0.00323402 0.000587825 -0.00193219 -0.0058839 0.00865052 -0.030397 0.00221775 -0.00133366 -5.04213e-05 0.201278 -0.00105014 -2.0043e-05 -0.00722797 -4.21257e-05 -0.00802586 -6.16078e-05 -0.00979176 -0.000153721 -0.00363501 -0.00426867 -0.00234405 -0.000196003 -0.000941955 0.000689146 -0.0141667 -7.93041e-05 -0.00135742 -0.00283763 -0.00977138 -0.0027386 -0.000895396 -0.00120501 5.41486e-05 -0.000256984 -0.00878953 -0.00405848 0.0102489 0.00542342 -0.0087381 -0.00180698 0.0440899 -0.000972289 -0.000390156 -6.64722e-06 0.000130606 -5.75845e-05 0.00260961 -0.00233183 -0.00612043 -0.000286538 0.00181129 5.29472e-05 -2.86948e-06 -0.00749911 -0.000322162 -0.000243547 -0.000390561 -0.00126547 -0.0212646 -0.0107668 -0.0102333 -0.000375251 -0.00283523 0.00478057 -0.000624939 0.00980462 -0.00041805 0.00925079 0.0129397 -0.00888149 -0.00112413 -0.00686684 -0.0338366 -0.000592096 -0.00511501 -0.00236073 -0.0195828 -0.0189921 -0.00181732 -0.000410339 -0.00528314 -0.000807898 2.41759e-05 -0.0161909 -0.0017239 -0.00187225 -0.000676957 -0.000126465 -0.00107274 -0.000131609 
-6.70362e-05 0.000184067 -0.000245659 0.00863763 -7.16184e-05 0.010154 -0.000300568 0.000278344 -3.62925e-05 0.000384775 0.000202011 0.00187742 -0.000250143 -3.52713e-05 -0.0106456 0.00215831 0.000131591 -0.000181816 -0.000357135 -0.00105014 0.0149973 -0.000250824 0.000208224 -5.6308e-05 0.00487653 -8.43959e-06 -0.0116628 -0.000411391 -0.00171211 -0.00160167 7.8313e-06 -0.000192695 -6.23216e-05 -0.00846069 -8.25228e-05 -8.66912e-05 0.000205938 -0.00110761 0.0106431 0.000308872 -0.000277676 -0.00080519 -0.000115711 -0.000475408 0.000438076 0.000103463 -0.0121091 -0.0111539 -0.000806266 0.00023652 -0.0066205 -0.00012796 -0.000264622 -5.79893e-05 -0.00273018 -1.5283e-05 -0.0105218 -0.00119117 6.74468e-05 -0.00969572 0.00744601 -2.70045e-05 -3.33191e-06 -0.000248156 -3.08792e-06 -7.45595e-05 -0.00125527 -0.000714403 0.00078224 0.0114224 -0.000300677 -0.00032897 -0.000527879 -0.00168911 0.000368764 -0.00215236 -6.95652e-05 0.0113559 0.00176891 2.68566e-05 1.71336e-05 0.000442547 0.0009554 -0.000360266 0.0103885 -8.44661e-05 0.000301866 0.00983989 -0.00026635 -3.70128e-05 0.000277884 -3.07621e-05 -0.000859056 -0.0059284 -7.86229e-05 1.57649e-05 -4.06013e-05 -0.000155412 -0.00034781 -2.2538e-05 
1.5894e-05 8.86454e-05 3.11523e-05 -0.000243743 1.02898e-05 -0.000177734 4.1428e-05 1.30082e-05 5.74917e-07 -4.81915e-05 4.70089e-06 -0.000211762 -2.74307e-06 4.10417e-06 0.000125578 -4.79875e-05 1.28569e-05 4.03692e-05 4.62828e-06 -2.0043e-05 -0.000250824 0.000510361 -3.86595e-06 1.88319e-05 -7.99365e-05 2.07161e-06 0.000201506 4.80003e-05 -1.68581e-06 8.89476e-05 1.00542e-05 7.4509e-06 9.21985e-05 7.22601e-05 -5.83682e-05 9.33399e-06 -4.60575e-06 0.000142473 -0.000304353 -2.40381e-05 4.57338e-05 0.000174338 2.11361e-05 4.34815e-05 -1.82886e-05 -4.36169e-06 0.000224006 0.000217818 -2.19876e-07 -6.03246e-06 1.62857e-05 1.64192e-05 1.16112e-06 1.36044e-06 8.58343e-05 2.21138e-07 0.000153057 1.5927e-05 2.04683e-05 0.000129467 -0.000317603 8.45983e-07 3.16214e-07 2.63505e-05 -5.67477e-07 1.24814e-05 5.57591e-05 3.16945e-05 -1.73434e-05 -0.000288195 -1.50957e-05 1.5149e-05 5.94934e-05 0.000143471 -2.39809e-06 -1.41956e-05 1.83365e-05 -0.000255197 -0.000229496 -5.92233e-06 2.67495e-05 -3.06287e-05 -5.10535e-05 1.76629e-05 -0.000295534 -6.2135e-07 -3.87267e-06 -0.000228442 2.07593e-05 1.03667e-05 2.5894e-05 1.12795e-07 1.6516e-05 1.72938e-05 -4.60093e-07 -2.4707e-06 4.54921e-06 4.07418e-07 1.20823e-07 1.15002e-07 
-6.08964e-06 -0.00100376 -2.94507e-07 -0.000902652 -5.15152e-06 0.00157218 0.000700973 -0.000154432 1.57716e-06 0.000712433 -0.000266848 -0.00109965 -8.45581e-05 -0.000281063 -0.00188897 0.00538427 -0.000131548 4.87258e-05 -3.90444e-06 -0.00722797 0.000208224 -3.86595e-06 0.0219714 -1.26609e-06 0.00481258 1.61822e-06 -0.00227488 4.08895e-05 -0.000667879 0.000991029 0.000355092 0.000182503 5.02155e-05 -0.000962416 -0.00173735 8.48262e-07 0.000283043 -0.000363852 0.00096649 -0.00129505 0.000136615 0.000106589 0.00011113 9.51892e-05 0.000122735 -0.000106899 -0.00172079 -0.00136711 -0.000987895 0.000108648 -0.00595184 0.000289281 -9.21447e-05 -1.16288e-05 -9.96824e-05 -3.75275e-06 -0.000719846 -0.000179551 -4.55406e-05 -0.00130145 9.78978e-05 -5.23788e-07 1.8133e-06 -0.000202333 6.76838e-05 0.000195491 6.34797e-05 9.85298e-05 -0.000229423 0.000839279 -0.00118244 -4.01665e-05 -0.000160244 -0.000261153 -0.00039048 -0.00365979 -5.02184e-05 0.00196385 -0.00346407 -0.000209655 -0.00105208 0.000384587 0.00285472 2.15908e-05 7.14298e-05 -7.80089e-05 0.000530613 -0.000386656 3.20454e-05 -3.79614e-05 0.00143426 -3.3529e-05 -2.3088e-05 -0.00430092 7.98028e-05 0.000448895 1.14341e-05 -3.13325e-05 0.000256545 3.74345e-05 
4.71731e-06 4.06135e-06 3.88711e-06 -4.98468e-05 5.58716e-06 -5.59367e-05 5.38099e-06 -2.00378e-06 1.65454e-06 -3.83345e-06 9.85082e-06 -6.41553e-05 4.33973e-06 1.6257e-05 1.44411e-05 -1.1496e-05 1.11527e-06 3.06141e-05 4.73579e-06 -4.21257e-05 -5.6308e-05 1.88319e-05 -1.26609e-06 8.99364e-05 -2.82129e-05 3.0527e-06 3.84669e-05 4.74075e-05 -2.09819e-06 5.68494e-08 -5.00904e-07 1.76188e-05 1.32151e-06 1.94941e-05 -3.01679e-05 3.11716e-06 4.19982e-06 2.09714e-05 -6.93215e-05 -4.6032e-06 4.31408e-06 1.00262e-05 8.58197e-06 2.25363e-05 -1.32524e-06 3.94944e-07 1.49828e-05 1.14352e-05 -1.7247e-06 1.45736e-06 -6.24904e-06 3.47904e-06 1.13075e-06 3.97882e-06 1.9769e-05 3.17546e-07 7.01362e-06 3.85725e-05 4.09163e-05 3.96492e-05 -6.36217e-05 1.52605e-07 1.02116e-06 1.78847e-05 4.09256e-07 1.88373e-06 6.78205e-06 8.22644e-06 -1.6066e-06 -5.78055e-05 2.42268e-06 2.19972e-05 1.53609e-05 2.23897e-05 -2.15807e-06 -3.73448e-05 2.64062e-05 -6.26279e-05 -5.73132e-05 -1.02151e-06 3.60496e-05 3.34194e-06 -9.96552e-06 2.39889e-06 -5.07244e-05 2.31186e-06 1.90288e-06 -5.45419e-05 2.23712e-06 7.96573e-07 2.40543e-05 1.23147e-06 1.78229e-05 1.20202e-06 9.82504e-07 -5.38448e-07 2.04041e-06 2.01558e-06 7.33553e-06 1.11858e-07 
-6.33009e-05 -0.00903159 -0.00015273 -0.00129799 4.87103e-06 0.0251667 -0.000343015 -0.00236185 0.000144127 -0.0287402 0.00648276 0.00144339 -0.000809695 0.00256822 -0.0256131 -0.025929 -0.00200138 0.000856997 -0.000153864 -0.00802586 0.00487653 -7.99365e-05 0.00481258 -2.82129e-05 0.223275 0.000102044 -0.0242242 -0.000386383 0.00438766 0.0157654 0.000374994 -0.000270596 0.000145201 -0.0170275 -0.0269572 -9.43419e-05 -0.00278106 -0.00694556 0.0285815 0.0034845 6.01026e-05 -0.000857048 -0.000538611 -0.000636047 -0.0050445 0.0014257 -0.0248826 -0.0264191 -0.00960585 -0.00326183 -0.0862659 0.000806752 -0.00175027 -0.000154343 -0.00159941 -9.30942e-05 -0.0273461 -0.00231267 0.00936985 -0.0145692 0.0129442 -6.52595e-05 -7.59762e-07 0.00286111 -0.000112203 -6.89692e-05 -0.000628933 -0.00297933 0.00267678 0.0466367 -0.0186964 -0.000417144 -1.80406e-05 -0.00102417 0.00386293 0.0662598 -0.000325009 0.0282474 0.00337682 -0.00143613 -0.0155702 -0.000852017 -0.0321397 -0.000225869 0.00484753 -0.00143889 -0.0144636 0.0502233 -0.00180307 -7.00433e-05 -0.0017815 -0.000275844 -0.000809692 -0.0722322 -0.000979548 -0.00129329 -0.00045648 0.00341767 -0.00056217 -0.000108123 
7.91562e-07 -1.40791e-05 3.93768e-06 0.000141336 5.06528e-06 -3.38811e-05 -5.87725e-07 -1.32245e-05 -4.90673e-07 -5.06106e-05 -1.66921e-05 -4.63035e-06 -3.2822e-07 1.21162e-05 -7.04052e-05 3.2802e-05 4.83242e-05 9.56593e-07 3.21665e-07 -6.16078e-05 -8.43959e-06 2.07161e-06 1.61822e-06 3.0527e-06 0.000102044 0.00114228 -3.07088e-05 2.18588e-05 -2.91916e-05 -5.16572e-05 -6.85601e-06 4.24683e-06 -6.56798e-06 -2.52751e-05 -0.000460645 3.08642e-07 -1.52149e-06 -8.3592e-07 6.71796e-05 2.52333e-05 -4.17787e-07 -2.91323e-06 3.51206e-06 1.10617e-05 8.14052e-06 1.89086e-05 -5.02317e-05 -8.06277e-05 1.59172e-06 -1.76931e-05 2.86268e-05 1.39715e-05 5.54482e-06 -1.35954e-07 1.81153e-06 1.01991e-06 -0.000183878 5.74405e-06 -1.9204e-07 -5.64863e-05 1.7671e-06 -3.20052e-07 2.86544e-07 5.26465e-05 1.33672e-06 3.66087e-07 -1.99645e-06 -2.60369e-06 -5.12118e-05 -8.73455e-05 -0.0001038 8.51102e-06 4.836e-06 7.76445e-06 -1.06926e-05 -7.50055e-06 -8.39919e-07 4.73671e-05 -6.44654e-05 1.20169e-05 3.33842e-05 -5.21484e-05 -0.000186095 5.53989e-06 -1.89146e-05 -3.01917e-06 -4.45274e-05 -4.88629e-05 -5.00436e-06 5.62149e-06 5.28586e-05 6.45722e-06 1.07115e-05 -1.399e-05 5.09238e-07 -4.35877e-06 -9.30674e-07 2.26567e-05 -1.41809e-06 7.41233e-07 
7.8378e-05 -0.000371103 0.000180213 -0.0424683 8.10639e-05 -0.0573515 -0.00013194 -0.00311537 -1.02513e-05 -0.00627244 -0.00165461 -0.00165658 0.000105111 -0.00118043 0.0552809 -0.0140034 -0.0011275 4.4428e-06 0.000236631 -0.00979176 -0.0116628 0.000201506 -0.00227488 3.84669e-05 -0.0242242 -3.07088e-05 0.103771 0.000714926 0.00919446 0.00216594 -0.000170584 -2.82119e-06 -0.000570757 0.02613 0.0163648 1.58919e-05 -0.00185115 0.00133524 -0.0443861 -0.00616804 -0.0001204 0.00117631 0.000540804 0.000565507 -0.00462567 -0.00129083 0.0498136 0.0552965 0.00622951 -0.00218975 0.0173557 -0.000376105 0.000148689 0.00017086 0.00340692 -5.08576e-05 0.0636183 0.005507 -0.000927521 0.0383053 -0.0197439 5.56876e-05 1.93846e-06 -0.00158344 -0.000135634 -3.1701e-05 0.00125056 0.00113441 -0.00879191 -0.0452853 -0.00971036 0.000492095 0.00136395 0.00255209 -0.00276719 0.0171849 8.36339e-05 -0.06027 -0.00162867 -0.00145891 -0.000765877 -0.00383241 -0.0111787 6.32222e-05 -0.0242326 -0.000340328 -0.00606147 -0.0583002 -0.000313991 -3.58967e-05 -0.00226646 -9.05103e-05 0.000981985 0.0161995 -0.000484149 -0.000291048 -0.000199165 -4.74771e-05 0.00049156 1.65822e-05 
3.23044e-06 0.00012322 5.02517e-05 -0.000709183 4.20398e-05 -0.000987849 5.03641e-05 2.39197e-05 4.2844e-05 -2.53904e-05 0.000158002 -0.000715953 -2.65468e-06 8.06054e-05 0.000317745 -0.000140041 -5.31905e-06 0.000142572 2.47336e-05 -0.000153721 -0.000411391 4.80003e-05 4.08895e-05 4.74075e-05 -0.000386383 2.18588e-05 0.000714926 0.00152023 8.23841e-06 6.19703e-05 -9.7313e-06 0.000191245 4.88616e-05 0.000206078 -0.000161786 2.35715e-05 6.22774e-05 1.24799e-05 -0.000758113 -8.05439e-05 3.89282e-05 1.65236e-05 9.44443e-05 0.000261709 -4.7183e-05 -1.58108e-05 0.000434492 0.00023931 7.40551e-05 4.31739e-06 0.000216155 8.75442e-05 5.37401e-05 2.31582e-05 9.29042e-05 2.59073e-06 0.000225117 0.000336401 0.000331697 0.000304706 -0.000529136 2.78961e-05 3.82085e-07 8.78193e-05 -1.88418e-07 4.04039e-05 1.85988e-05 0.000190969 -2.09302e-05 -0.0010549 -0.000102443 0.000239301 0.000229533 0.000325569 -2.9061e-05 -0.000209075 0.000123923 -0.000818403 -0.000345695 -2.13373e-05 0.000568443 1.63594e-05 4.37724e-06 4.21226e-05 -0.000706921 -8.96055e-06 2.08543e-05 -0.000860788 -7.20124e-06 4.02946e-05 0.000203403 -2.02498e-06 0.000111573 -0.000155531 1.87289e-05 8.32269e-05 1.47676e-05 3.72044e-05 0.000116601 1.59484e-05 
2.27205e-05 -0.00115835 9.95246e-05 -0.0063061 2.71184e-06 -0.0170086 -3.5749e-05 -0.000825009 1.44904e-05 -0.0016623 0.000355236 -0.000363345 0.000253805 -0.000265811 0.00714603 -0.00412537 -0.000286319 -6.75025e-05 2.11818e-05 -0.00363501 -0.00171211 -1.68581e-06 -0.000667879 -2.09819e-06 0.00438766 -2.91916e-05 0.00919446 8.23841e-06 0.0340635 0.00170924 9.2206e-05 -6.25859e-05 0.00275178 0.000210733 0.0068178 -9.06715e-06 -0.000595724 -0.000390189 -0.00586408 -0.00113253 3.46987e-05 -3.73894e-05 -1.99385e-05 8.91382e-08 -0.0013408 -0.000246395 0.00437641 0.003068 0.003413 -0.000636464 -0.00240956 -7.1399e-05 -0.000103554 -4.67068e-06 0.000251772 -4.39325e-07 0.0148937 -4.80642e-05 -0.000157342 0.00101571 -0.000221289 7.56225e-06 7.34037e-08 -9.67019e-05 -2.37278e-05 -1.2391e-05 -3.38215e-05 -0.000247963 -0.0022043 -0.00170657 -0.00208109 -4.92184e-05 -0.000115194 -0.000240406 -0.000516009 0.00851214 -2.28654e-06 -0.0126993 0.000503659 -0.000468169 -0.00217628 -0.00227685 -0.00374572 -2.77655e-05 -0.00152153 8.19663e-05 -0.00182586 -0.0149661 -0.000106682 8.13003e-05 -0.000382827 -6.72847e-05 -7.17953e-05 -0.00392006 -0.000171414 -0.000288205 -2.58265e-05 0.000116623 4.97758e-05 1.73959e-05 
4.12936e-05 -0.00264059 9.85758e-05 -0.0171033 2.68439e-05 0.00098219 1.25948e-05 -0.000312961 6.48404e-05 -0.00310333 0.000838924 -0.00179388 -0.000187183 -0.000978312 -0.00312456 -0.00175278 -0.000189878 3.72451e-05 -7.66319e-06 -0.00426867 -0.00160167 8.89476e-05 0.000991029 5.68494e-08 0.0157654 -5.16572e-05 0.00216594 6.19703e-05 0.00170924 0.0596673 -0.000335492 0.00116625 -0.000356333 -0.00163423 0.0100827 3.94342e-05 0.000353873 0.000379875 0.00191885 0.000486101 0.000321678 4.80864e-05 -0.000133868 0.000257708 -0.00168833 0.000293099 -0.000870792 -0.00221632 0.00126419 -1.00031e-05 -0.0145876 0.000641039 -0.000360902 -5.27365e-05 0.000569792 -1.14925e-05 0.00173034 -0.000512785 -0.000961324 -0.00205218 -0.00176169 -2.25775e-06 -3.94318e-07 0.00054706 -8.04189e-05 3.87679e-05 8.01392e-05 -0.000106206 -0.00320478 0.00438693 -0.00379546 0.000140032 -0.000601893 -0.000590897 -4.84515e-05 -0.00232566 -0.000156697 -0.0017221 -0.00201245 -0.00057492 -0.00213135 0.000767928 -0.00336264 4.94233e-05 -0.00460536 -0.000339223 -0.00204347 0.00240749 -7.42915e-05 -0.000134548 -0.00167943 -8.37848e-05 -3.78656e-05 -0.0164092 -0.000113375 -0.000365184 -7.23368e-05 0.000705603 0.00010835 5.55485e-08 
-6.3539e-07 -0.000107847 -1.82301e-06 0.000739662 -1.27133e-06 -0.00057838 -9.27334e-06 -2.08651e-05 7.66254e-06 -0.000152222 -9.25316e-05 -5.33759e-05 -3.15496e-05 2.70404e-05 -0.000171808 -0.000398969 1.10906e-05 -1.43021e-05 3.17521e-07 -0.00234405 7.8313e-06 1.00542e-05 0.000355092 -5.00904e-07 0.000374994 -6.85601e-06 -0.000170584 -9.7313e-06 9.2206e-05 -0.000335492 0.00773191 1.43315e-05 8.47393e-05 0.000282308 -0.00157354 -1.31949e-06 -3.30027e-05 -0.000127492 0.000565206 -0.000220038 -1.11085e-05 8.05593e-05 -3.23687e-06 -1.46691e-05 0.0003293 0.000145813 -0.000484667 3.34312e-05 9.53569e-06 0.000127957 -0.000818221 -1.49435e-05 -3.69939e-05 -2.18457e-06 2.48364e-05 -5.00175e-07 7.12188e-05 -6.27409e-05 -4.56016e-06 -0.000232873 0.000150265 -1.71423e-06 1.10831e-06 -8.47124e-05 2.87639e-06 -3.15756e-06 -4.03096e-06 -4.98905e-05 -0.000488477 0.000317319 -0.000683804 -4.82162e-06 0.000151444 -0.000160811 0.000743001 -0.00191315 -1.81944e-05 0.00075878 -0.000303991 3.24036e-05 2.4236e-05 0.000224135 -0.000960038 2.83999e-05 -6.7606e-05 6.74986e-05 -0.000299268 0.000538747 1.04565e-06 1.60551e-05 0.000304025 -4.68422e-06 6.96748e-06 -0.00125858 -1.74239e-05 5.12401e-06 -6.52562e-06 -6.44727e-06 -1.67129e-05 -2.32327e-06 
2.60308e-06 -6.00551e-05 6.14225e-05 -0.000737521 2.68218e-05 -0.000760327 4.96483e-05 6.34243e-05 2.40371e-05 0.000852369 4.78916e-05 -0.000633978 -1.65516e-05 8.30427e-06 -0.000325732 0.000401767 -2.39032e-05 0.000111775 4.3478e-06 -0.000196003 -0.000192695 7.4509e-06 0.000182503 1.76188e-05 -0.000270596 4.24683e-06 -2.82119e-06 0.000191245 -6.25859e-05 0.00116625 1.43315e-05 0.00397526 0.000108596 -0.000125526 0.000591793 1.46448e-05 0.000275923 -8.51119e-05 -8.84485e-05 -0.000110064 3.64515e-05 -3.30051e-06 2.5017e-05 0.000302147 -0.000103712 5.23115e-05 -0.000260534 -0.000306806 0.000315887 -3.45997e-05 -0.000299909 0.000324934 -1.41184e-05 -4.24439e-07 -9.36486e-06 4.25366e-06 -0.000505123 0.000145151 5.99055e-05 -3.40985e-05 -0.000368567 1.26078e-06 2.8637e-07 9.57682e-05 -5.43218e-06 7.25695e-05 -6.1892e-06 0.000254641 -0.00020383 -0.00017786 -0.000349518 0.00018057 0.000154475 0.000198295 -5.64036e-05 -0.00140535 2.84182e-05 2.06941e-05 -0.000632823 5.93833e-05 0.000261795 0.000181141 -0.000650454 3.44871e-05 -0.000209024 1.22129e-05 -0.000133704 -0.000805212 1.44754e-05 -7.73986e-07 1.1097e-05 -8.79636e-06 4.18821e-05 -0.0010259 -1.22522e-05 3.9985e-05 5.16148e-06 -9.45765e-06 0.000165242 2.12873e-05 
