0.0342871 -0.00022313 0.00255927 0.000533169 -3.06226e-05 -0.0171768 0.0016334 -0.000870288 -0.0139029 0.00607395 0.000410855 0.000105704 -0.00146731 0.00179385 0.000884687 0.00194769 4.65136e-05 0.000899208 1.50442e-05 0.000162697 0.0151651 0.00671274 -0.00113271 -0.017255 0.00120084 -0.0127122 -0.00401614 -0.000184189 0.010883 -0.00087683 -0.000251027 -1.09406e-05 0.00578248 0.00927493 0.00350007 0.000585914 -7.71361e-05 -0.0133956 0.00125926 9.9793e-05 0.00456694 -2.33335e-06 0.000252765 -0.000226692 -0.00524667 -0.00520856 -0.00807419 -0.000995021 8.87599e-05 -0.0120901 0.00996052 -0.00289212 3.16831e-05 0.000200851 0.00350141 0.00134493 0.000317617 -0.00673044 -0.000500405 0.000301947 0.000114595 -0.000365028 0.00855885 -0.00034017 0.00792158 -6.50401e-05 0.000990285 -8.80917e-06 0.000838611 0.000127506 -5.89065e-05 0.000178786 0.00435093 -2.22792e-05 -0.000189496 0.00681588 0.00249993 3.41463e-05 0.00300219 -0.00054982 0.0001523 0.000560626 0.0122335 -0.010146 0.00956899 0.00231438 -8.12102e-05 -0.0183896 0.00627555 5.5665e-05 1.43993e-05 -0.0189097 -0.00066791 0.00090353 -0.00836221 0.00161654 0.00127678 0.0035959 -0.0163729 -0.000307827 
-0.00022313 0.0441052 0.000310438 5.16052e-06 3.72204e-05 0.00698702 5.19521e-05 -0.00271802 0.0118522 -0.0083624 -0.000454783 0.000211765 -0.00610534 -0.00190891 0.000169545 -0.000290405 -4.08634e-06 -0.000581546 0.00243775 7.3623e-05 -0.00328786 -0.00161793 -0.00365631 0.000130521 7.96083e-05 0.00143036 -0.00481556 -0.000423661 -0.00198133 -0.00137066 0.00128589 -4.69352e-05 0.000451179 -0.0014285 -0.00146178 -0.000251174 -0.00120124 -0.00925924 4.58497e-05 -0.000283101 -0.000569632 9.77503e-05 0.000117164 0.000257529 -7.48971e-05 0.0198411 -0.011939 -0.00198855 -0.00255153 -0.0130973 -0.00112029 -0.000529102 -3.62432e-05 -3.75686e-05 0.000544974 0.00640134 -0.00365205 -0.00265865 8.79359e-05 -2.97123e-05 -2.78961e-05 -0.00287401 -0.00406285 0.000571728 -0.00220083 -2.93143e-05 -0.000891241 7.06101e-06 0.00017035 1.28621e-05 0.00129899 -0.000111019 -0.0004101 -2.0209e-05 0.00312003 0.000453388 -0.000541118 -0.000127631 -0.000515634 -0.00248195 8.80735e-06 -0.000136647 -0.00152537 -0.00678693 0.000522083 -0.000794438 -0.000313126 0.00302966 0.00757169 7.12887e-05 2.60958e-05 0.00638194 -0.0011417 -0.000281469 -0.000594792 -0.00182569 -0.000168523 -0.00061532 0.00281494 -0.00457791 
0.00255927 0.000310438 0.0339959 7.66181e-05 -8.1853e-08 -0.00974008 -5.86854e-07 0.00781239 -0.010438 -0.00704814 0.000284159 0.000811966 0.00776683 0.00225871 0.00142404 0.00208232 -1.90395e-07 0.000626778 -9.80453e-05 0.000247452 -0.00320272 0.00856266 0.00219823 0.00144146 -0.00029318 -0.00595973 -0.00291764 0.000108646 -0.00206145 0.00123978 8.35778e-05 8.08876e-05 0.000990964 -0.00109144 0.00258186 -4.60982e-05 0.00388466 -0.00236947 0.000499268 5.38104e-05 0.000855748 7.93896e-05 4.90813e-05 -7.92171e-05 -0.00236972 0.0012488 -0.00660514 0.00477899 0.00355925 0.00978479 -0.00141694 0.00110865 8.76777e-06 -3.08951e-05 -0.000397992 -0.0152972 -0.00333501 0.0144988 0.00353545 4.63535e-05 -4.80341e-05 0.00737484 -0.000160766 0.00018896 -0.00196721 0.000169459 -0.000557265 0.000166685 -0.000302473 0.000253017 -0.00089766 0.000207613 4.81705e-05 -2.18043e-05 -0.000225777 -0.00169192 0.00122153 0.000263103 0.00268916 0.00448914 2.03285e-06 -7.41324e-05 -0.00736524 -0.00618278 -0.00221567 -0.000394543 0.00505881 -0.0107167 -0.0150255 -1.23349e-05 4.27334e-06 -0.00236802 -0.000579317 -0.000199247 -0.00979424 -0.0013392 0.000509158 0.00147119 -0.0120648 0.00334972 
0.000533169 5.16052e-06 7.66181e-05 0.00425132 2.97443e-05 -0.00239471 0.000785903 8.13088e-06 -0.0019554 0.00127546 0.000193483 0.000275552 -0.000181312 0.000100792 4.76546e-05 0.000333573 6.24576e-07 -1.59171e-05 2.39298e-05 7.84226e-06 0.00189286 0.00063946 -0.000119531 -0.00246794 0.000222352 -0.00232331 -0.000691176 8.35296e-06 0.00172451 1.65678e-05 9.01844e-06 5.24874e-06 7.31097e-05 0.00142756 -6.18019e-05 0.000701968 0.000167934 -0.00194416 5.02875e-05 5.11339e-05 7.72064e-05 6.97137e-05 0.000183473 5.06965e-05 -0.000714285 -0.00041244 -0.0014279 -0.000149445 -0.000198616 -0.0016117 0.000390136 -0.000356451 6.86189e-05 2.36028e-05 0.000950088 -0.000192302 0.000441403 -0.00093656 1.25483e-05 6.88304e-06 4.3919e-05 -0.000262055 0.000287963 -3.52966e-05 0.00144337 -2.81258e-06 5.91001e-05 0.000163414 5.46316e-05 3.78933e-05 0.000383792 4.22539e-05 0.00118763 1.44616e-05 -9.79731e-06 0.00181268 -2.74241e-05 -6.08716e-06 -4.41369e-05 0.000141869 7.9435e-06 5.949e-05 0.00183898 -0.00180974 0.00177891 0.000407442 -0.000165298 -0.00230355 0.000512682 -2.0314e-06 1.09977e-05 -0.00172195 -8.57589e-05 0.000149269 -0.0016341 0.000435619 6.73253e-05 0.00016863 -0.00194068 -0.000118272 
-3.06226e-05 3.72204e-05 -8.1853e-08 2.97443e-05 0.00182877 -0.000962877 2.58484e-05 1.13437e-05 -0.000730258 -0.000354907 0.000276592 5.2276e-05 0.000471556 0.00060244 1.11176e-05 1.93384e-05 -4.17162e-07 0.000135805 -1.98338e-05 1.00653e-05 -9.82236e-05 0.000860568 -2.0333e-05 -1.60366e-05 1.99272e-06 -0.000987778 -0.000296623 9.22266e-05 0.000111232 0.000164326 -1.39577e-05 5.33465e-05 0.000315643 7.37112e-06 0.000659469 1.73558e-05 -4.61251e-05 0.000315438 1.06225e-05 0.000114125 0.000319895 2.54963e-05 0.000197135 3.03639e-05 -9.1158e-05 -0.000402739 -0.000101425 0.000231895 0.000347315 0.000233545 -8.20562e-05 -6.80157e-05 2.49975e-06 -4.28335e-07 4.25756e-05 -0.000792658 -8.58785e-05 0.000574315 0.000218881 4.77801e-06 -2.19407e-06 0.000404025 -0.000117109 2.59584e-05 1.54325e-05 -1.54239e-06 -5.15627e-06 3.69239e-05 -1.03998e-05 7.43169e-06 -7.24017e-06 -2.14418e-06 3.18373e-05 2.47501e-05 7.38923e-06 -3.89644e-05 0.000182158 0.000117191 -3.26202e-05 0.000244013 -6.3868e-08 3.35966e-06 -0.000255738 -0.000819664 4.96475e-05 -6.14789e-06 4.53689e-06 -0.00095889 -0.000605961 -1.68259e-06 -3.51962e-07 -0.000874101 -3.05348e-05 -8.00606e-06 -0.00102341 -1.21348e-05 3.16413e-05 0.00035036 -0.000785597 0.000800913 
-0.0171768 0.00698702 -0.00974008 -0.00239471 -0.000962877 0.212984 -0.00324743 -0.0358959 0.120663 -0.0137933 -0.0070388 -0.00172944 -0.0375466 -0.0324412 -0.00391906 -0.00297222 -0.00018642 -0.00746877 0.00292504 -0.000769592 -0.0664558 -0.0812808 0.0166371 0.072227 -0.00794011 0.0897304 0.00776421 -0.00345895 -0.0834543 -0.0183545 -0.00410269 -0.000941779 -0.0292428 -0.0431654 -0.0188232 -0.00654048 -0.0154184 0.0593637 -0.00264303 -0.00305217 -0.0303171 -0.00104926 -0.00320331 0.000497541 0.0114001 0.0350215 0.0495592 -0.0169705 -0.0376364 0.0143901 -0.0369085 0.0195565 -0.000254812 -0.000344973 -0.0271948 0.0324252 -0.0229817 -0.0256532 -0.00643457 -0.00044663 -0.0010246 -0.0151436 -0.0375311 -0.00448519 -0.0585869 -0.000494204 -0.00917069 -0.00160843 -0.00274626 -0.00049781 -0.0121191 -0.00306074 -0.015419 -0.00067888 0.00149646 -0.0383943 -0.000477718 -0.00204742 -0.00209554 -0.0318077 -0.000320077 -0.00044661 -0.0503767 0.077298 -0.0539557 -0.0114039 -0.024664 0.13777 -0.00369399 -0.000432264 -0.000275141 0.141365 -0.00801484 -0.00365793 0.0559138 -0.0196259 -0.00257805 -0.0145757 0.102289 -0.0652993 
0.0016334 5.19521e-05 -5.86854e-07 0.000785903 2.58484e-05 -0.00324743 0.00631918 -0.000365867 -0.0029025 0.00246596 0.000123163 0.000258712 -0.000547091 0.000545274 8.46797e-05 0.000107796 1.41172e-05 -6.34197e-05 3.90018e-05 2.37831e-05 0.00285048 -0.000377633 -0.000286831 -0.00371557 0.00014859 -0.00435393 -0.000901945 -3.83584e-05 0.00277456 -0.000107882 -6.32945e-05 -1.05421e-05 0.0006628 0.00342659 0.000173104 0.0005777 3.74209e-07 -0.0029891 0.00020246 0.000191172 0.000778324 5.63639e-06 0.000479066 -2.41869e-06 -0.00209444 -0.00118131 -0.00234253 -0.000305537 -0.000341893 -0.00299542 0.00189327 -0.000484765 8.77525e-06 9.45586e-05 0.00252867 8.4899e-05 0.000216175 -0.00160466 0.000398865 1.26914e-06 0.000163193 4.10096e-05 -0.000548145 -9.72033e-05 0.00313393 4.04676e-07 0.000109386 0.000426588 9.34141e-05 2.44613e-05 5.93052e-05 6.52879e-06 0.00285091 8.12991e-06 -2.94296e-05 0.00406315 0.00031188 5.75223e-05 -3.693e-05 -0.00026674 4.67286e-05 4.68073e-05 0.00303473 -0.0040015 0.00436609 -6.05157e-05 -0.000315676 -0.00372899 0.00182936 3.68934e-06 5.1587e-06 -0.0030485 -0.000160542 0.00041514 -0.00334561 1.81028e-05 9.58537e-06 0.000165315 -0.0036188 -0.000683077 
-0.000870288 -0.00271802 0.00781239 8.13088e-06 1.13437e-05 -0.0358959 -0.000365867 0.0770359 -0.0411604 -0.019578 0.00239827 -0.000206873 0.0499871 0.0121062 0.00104597 -0.000423983 -1.1916e-05 -0.00114996 -0.00122552 0.000440631 -0.00656392 0.0401264 -0.00610765 -0.00448795 -0.000645289 -0.0131193 -0.00903506 0.00240168 0.000257739 0.0102588 -0.00097855 -3.49745e-05 0.00288131 -0.00538438 -0.00187616 -0.000412562 0.0198968 0.00463538 0.00231111 -0.000171466 -0.00220974 0.000591578 -0.000738387 -0.00125686 0.000358582 0.00518262 -0.0295399 0.03012 0.0203276 0.0255047 -0.00333924 -0.00360474 -0.000112775 -4.35204e-05 -0.00323629 -0.0478026 -0.00651617 0.0507595 0.00712776 -7.00768e-05 -0.00018634 0.0198903 -0.00304965 -0.00185209 -0.00704886 0.00034274 -0.001535 1.11148e-05 -0.000683944 -4.53337e-05 -0.00108173 0.0014567 -0.00118937 -3.46125e-05 -0.000673197 -0.00652081 0.00108182 -0.000236903 0.00199329 0.0339798 6.6041e-05 -9.78312e-05 -0.0136508 -0.0380423 -0.00685295 -0.00176139 0.0160389 -0.0520954 -0.033723 -6.51546e-05 -4.54174e-05 -0.023383 -0.00301789 -0.000230239 -0.0144966 0.0087699 0.000686424 0.000573674 -0.0245312 0.028547 
-0.0139029 0.0118522 -0.010438 -0.0019554 -0.000730258 0.120663 -0.0029025 -0.0411604 0.247394 -0.0439917 -0.00529626 -0.000795859 -0.056724 -0.0375595 -0.00262041 -0.0032234 -9.57708e-05 -0.00586897 4.94398e-05 -0.000615827 -0.0501829 -0.0726814 -0.0044315 0.0734454 -0.00591944 0.0752036 -0.0313154 -0.00411546 -0.0605163 -0.0170191 0.00228663 -0.000808494 -0.023241 -0.0343864 -0.0203901 -0.00492343 -0.014262 0.0547432 -0.00264683 -0.00187451 -0.0246049 -0.000975382 -0.000550457 0.00438827 0.0136535 0.0326392 0.0429833 -0.0178445 -0.0473535 0.00274482 -0.0283482 -0.00488678 -0.00037006 -0.000269537 -0.0229793 0.0742735 -0.0204367 -0.0343848 -0.00640989 -0.000332665 -0.000696811 -0.0308686 -0.0172215 -0.00425638 -0.0537413 -0.000505911 -0.000491459 -0.0013969 -0.00221645 -0.000454195 -0.00481172 -0.00259082 -0.0112691 -0.000678327 0.00209847 -0.0345221 -0.00695645 -0.00109075 -0.00735248 -0.0336417 -0.000271799 -0.00118804 -0.0458155 0.0867787 -0.0483492 -0.00575589 -0.0375651 0.128457 0.0290839 -0.000156136 -0.00027793 0.106343 0.00728665 -0.0031365 0.0461843 -0.0194112 -0.00190472 -0.0114544 0.0653416 -0.0515031 
0.00607395 -0.0083624 -0.00704814 0.00127546 -0.000354907 -0.0137933 0.00246596 -0.019578 -0.0439917 0.235269 -0.000432548 0.000195703 -0.0405635 -0.0102075 0.000742459 -0.0016253 2.89595e-05 0.0063876 -0.000824443 6.71814e-05 0.0454009 -0.013946 0.00744472 -0.0664785 0.00438365 -0.0285667 0.0197725 -0.00273136 0.0358653 -0.00985932 -0.00245904 -0.000737002 0.00157937 0.0349139 -0.000911244 0.00469375 -0.00250653 -0.057715 0.000411223 -0.00258631 0.0113435 -1.21595e-07 -0.00179062 -0.0049568 -0.00876752 -0.0664157 -0.0302933 -0.0150116 -0.0228097 -0.0929817 0.0214887 -0.00654957 0.000483029 0.000218435 0.0155576 0.00916638 0.024759 -0.0794639 -0.00930507 0.000105633 0.000769342 -0.0110573 0.0061209 0.006865 0.069708 -0.000445049 0.00388688 0.000341838 -0.000163292 0.000159097 0.00572099 0.000559351 0.0135529 1.55233e-05 -0.00154975 0.0404133 0.00300679 4.86299e-05 0.00820897 -0.0167141 4.27398e-05 0.00111691 0.0896297 0.0118753 0.0458899 -0.00201599 -0.0218367 -0.0131908 0.0119326 5.83742e-05 0.00013412 -0.0369754 -0.00807328 0.00168047 -0.0179785 0.0057745 0.00070254 0.00667024 0.0143638 -0.0357183 
0.000410855 -0.000454783 0.000284159 0.000193483 0.000276592 -0.0070388 0.000123163 0.00239827 -0.00529626 -0.000432548 0.0111631 3.24821e-05 0.00380325 0.00370825 0.000964244 0.000493312 1.54613e-05 0.000779178 -0.000179503 1.60274e-05 0.00187691 0.00419546 -9.08025e-05 -0.00251801 0.00157224 -0.0066359 -0.00157503 6.90021e-05 0.000878247 0.00326366 -8.84287e-05 1.88475e-05 0.00294479 0.00171726 0.00196614 0.000783439 0.00114853 3.66758e-05 4.54375e-05 -0.000119264 0.00150986 0.000116832 0.000209245 -0.000162306 -0.000946066 -0.00278494 -0.00260594 0.00116672 0.00333504 0.000548673 -0.000222678 -0.000855478 -4.20653e-06 2.10039e-05 0.000216897 -0.0051148 -0.000822438 0.00407579 0.00112381 0.000196486 9.04479e-06 0.00409024 -0.00039619 3.95016e-05 0.00134857 2.33594e-05 8.70908e-05 0.000118801 -6.71834e-05 5.47148e-05 -0.000136131 6.99083e-05 0.00096631 0.00012878 -7.96944e-05 0.00118755 -7.38948e-05 0.000453809 0.000124154 0.000606838 4.16121e-06 -3.21455e-05 0.000515885 -0.00753987 0.00198753 -0.000190685 0.000244209 -0.00724672 -0.00343523 -4.30128e-06 1.11499e-06 -0.00617164 -0.000334616 2.66407e-05 -0.00491165 0.000462541 2.0314e-05 0.00226885 -0.00727379 0.00330323 
0.000105704 0.000211765 0.000811966 0.000275552 5.2276e-05 -0.00172944 0.000258712 -0.000206873 -0.000795859 0.000195703 3.24821e-05 0.00422215 -0.000218443 0.000751732 0.00025984 0.000314335 1.76692e-06 0.000128714 9.10704e-05 2.98659e-05 0.000107613 0.000709732 0.000584204 -0.00110044 0.000139314 -0.00227245 -0.000662536 -2.15539e-05 0.000538531 5.92912e-05 -3.58154e-05 1.48598e-05 0.000484551 0.000932794 0.000977597 6.12658e-05 -0.000109099 -0.00122542 3.31004e-05 4.7341e-05 0.00055988 9.31975e-06 3.67377e-05 2.49736e-05 -0.000824452 -0.00100796 -0.000100538 -0.000160773 -0.000283592 -0.00102114 2.07346e-05 -0.000294059 2.52977e-05 2.11905e-05 0.00091017 -0.000648385 -0.000261615 -0.000651495 4.20298e-05 5.41309e-05 4.92872e-05 0.000353343 3.01446e-06 0.000217258 0.00109174 -3.47924e-06 0.000166597 0.000474291 9.47994e-06 0.000139018 0.000323705 5.02802e-05 0.000307198 2.98117e-05 9.39547e-05 0.000635676 0.000100056 0.000310816 0.000242898 -2.30504e-05 1.47188e-05 5.83809e-05 0.00125947 -0.00130329 0.000761311 0.00033372 -0.000295918 -0.00128491 -0.000537444 2.89989e-06 8.14254e-06 -0.00128342 0.000161317 0.000186513 -0.00220447 0.000303245 6.75959e-05 0.000612727 -0.00169271 -0.000246131 
-0.00146731 -0.00610534 0.00776683 -0.000181312 0.000471556 -0.0375466 -0.000547091 0.0499871 -0.056724 -0.0405635 0.00380325 -0.000218443 0.118934 0.0329227 4.68959e-05 -0.000271186 -3.27145e-05 -0.00205329 -0.0020165 0.000239901 -0.014939 0.0541581 -0.00766443 0.00679913 -0.00174946 -0.017455 -0.0152973 0.00280844 -0.00360714 0.0219072 -0.00237805 0.000491673 -4.51633e-05 -0.00849077 0.010002 -0.00111731 0.0147605 0.0288768 0.00256871 0.00031109 -0.00469889 0.000599168 0.000485405 -0.00188749 -0.00267955 -0.0098035 -0.0155238 0.0277628 0.0440985 0.0473617 -0.00705097 -0.00475998 -0.000185852 -7.54389e-05 -0.00517066 -0.0627242 -0.0137686 0.0739606 0.00355013 -4.48721e-05 -0.000264978 0.0249028 -0.0037625 -0.00256731 -0.0162169 -0.000112506 -0.00287295 0.000187746 -0.0012456 -7.60555e-05 -0.00348724 0.00127152 -0.00312608 -0.000230052 -0.0011066 -0.0106811 0.00393894 0.000188079 -0.00105149 0.039799 -3.38332e-05 0.00121448 -0.0340288 -0.043845 -0.0120167 -0.00287285 0.0283864 -0.0612953 -0.0581258 -8.94239e-05 -9.58833e-05 -0.0357598 -0.00420637 -0.000746942 -0.0196471 0.00124798 -0.000110606 -0.00113719 -0.0364884 0.0503346 
0.00179385 -0.00190891 0.00225871 0.000100792 0.00060244 -0.0324412 0.000545274 0.0121062 -0.0375595 -0.0102075 0.00370825 0.000751732 0.0329227 0.0764066 0.000212494 -0.000455627 -4.84287e-07 0.0011123 -0.000952746 0.000218221 -0.00609349 0.0569062 -0.00502946 -0.0112809 -0.000652698 -0.0217321 -0.00868988 -0.000385799 0.00192522 0.0169916 -0.00105932 0.000351357 0.0111612 -0.00182219 0.0232939 0.000408329 -8.54348e-05 0.00911228 0.00331041 0.000182595 0.00291098 0.000134672 0.00201928 -0.000676623 -0.011172 -0.00706897 -0.00024852 -0.00360363 0.0396929 0.00879168 -0.0027654 -0.00763197 7.79829e-05 -5.6026e-05 -0.00193839 -0.033261 -0.00704465 0.0382033 -0.000470726 2.16833e-05 -6.74085e-05 0.0234652 -0.00671707 -0.00219928 -0.000181805 -0.000148224 0.000705506 0.00171555 -0.000489201 -1.70134e-05 -0.000464481 -0.000222225 0.000768042 0.000135662 -0.000226575 -0.00138875 0.00797683 0.00205943 0.00453235 0.0134126 -1.34735e-05 0.00123029 0.00715126 -0.0497486 -0.00211218 -0.00179702 0.0190081 -0.054617 -0.0314788 -8.01726e-05 -2.91145e-05 -0.041873 -0.00294473 -0.000433797 -0.0171838 0.00537899 0.000433051 0.0101431 -0.0513412 0.035719 
0.000884687 0.000169545 0.00142404 4.76546e-05 1.11176e-05 -0.00391906 8.46797e-05 0.00104597 -0.00262041 0.000742459 0.000964244 0.00025984 4.68959e-05 0.000212494 0.00588051 0.000884827 2.01978e-05 0.00117171 -4.8223e-05 0.000198298 0.00193699 0.0024849 0.000325569 -0.0029527 0.000740413 -0.00465086 -0.00101212 4.32019e-05 0.0012207 -3.18614e-05 0.000235581 -7.65715e-06 0.00264804 0.00116546 0.000602745 0.000411533 0.000392599 -0.00211513 -2.32609e-05 -7.29902e-05 0.00258344 5.49554e-05 6.53209e-05 -6.52013e-05 -0.00289732 -0.00139158 -0.00229582 -3.95454e-05 -8.04116e-05 -0.00143944 0.000118484 -0.000477741 1.05102e-06 -9.43942e-07 0.00078624 -0.00158565 -0.00030817 0.0015211 0.00112153 0.000117479 -4.9544e-06 0.00127598 -0.00024288 0.000204708 0.00215115 1.26337e-05 -0.000116088 0.000171157 -1.67778e-05 0.00030045 -6.28089e-05 0.000165606 0.00039194 5.17884e-05 -1.8735e-05 0.00127777 0.000151496 0.000252291 0.00130253 0.00169227 -1.15089e-06 -1.9816e-05 0.00151604 -0.00379008 0.00154029 -7.79937e-05 -0.000130488 -0.00390522 -0.00183878 2.71396e-05 6.17767e-06 -0.00334526 -9.52521e-05 0.000108358 -0.00387127 0.000588407 0.000768146 0.00246648 -0.00360109 0.000125422 
0.00194769 -0.000290405 0.00208232 0.000333573 1.93384e-05 -0.00297222 0.000107796 -0.000423983 -0.0032234 -0.0016253 0.000493312 0.000314335 -0.000271186 -0.000455627 0.000884827 0.00919004 7.1899e-06 0.00016711 0.000477794 5.27242e-05 -7.54422e-06 -0.000487256 0.00466125 -0.000895939 0.000346167 -0.00249541 -0.0010239 0.000498993 0.000206605 2.15571e-05 -6.57079e-05 0.000319872 0.00169861 0.000428366 0.000950681 6.58126e-05 -0.000392524 -0.00392027 5.13415e-05 0.00132858 0.00142755 -1.62494e-05 0.000758939 6.8037e-05 -0.00110271 -0.00118587 0.00240041 -0.000402394 0.000369058 0.00143526 0.000276403 -0.000296385 0.00010012 2.40763e-05 0.000217733 -0.00495097 -0.000221264 -0.000459586 0.0004486 0.000355445 2.62062e-05 0.00215918 0.00155831 0.000472526 -0.000809043 -1.84861e-07 0.000188971 5.56742e-05 0.000294105 0.000263583 0.000555197 0.000107451 0.000238706 -8.45449e-07 -3.37878e-05 -2.85518e-05 0.0014215 -2.52044e-05 0.00114365 0.000412055 4.01587e-05 0.000176956 -0.00121957 -0.00162523 0.000176908 9.10736e-05 -0.0004495 -0.00134388 -0.00112195 2.13197e-05 4.08481e-06 -0.00366154 3.19163e-05 8.72838e-06 -0.00321919 0.000218974 0.000203768 0.000235322 -0.00439457 0.000475307 
4.65136e-05 -4.08634e-06 -1.90395e-07 6.24576e-07 -4.17162e-07 -0.00018642 1.41172e-05 -1.1916e-05 -9.57708e-05 2.89595e-05 1.54613e-05 1.76692e-06 -3.27145e-05 -4.84287e-07 2.01978e-05 7.1899e-06 0.000306439 1.30817e-05 -5.03734e-06 -4.46611e-08 0.000111006 -3.76512e-05 2.64486e-05 -0.000134692 3.99033e-05 -0.000117386 -7.72137e-06 8.33412e-07 5.84127e-05 8.89241e-07 4.78071e-06 1.61204e-06 4.20299e-05 0.00010408 1.7296e-05 4.69651e-06 3.87161e-06 -9.0698e-05 1.65372e-09 -1.35036e-06 0.000118299 -5.53094e-07 1.48053e-05 5.19618e-06 -6.97245e-05 -7.59882e-05 -6.07125e-05 -1.23793e-05 -1.57741e-05 -9.91388e-05 9.67704e-05 -2.65847e-05 -1.85199e-07 2.89769e-06 2.3545e-05 -1.7016e-06 1.00093e-05 -4.77532e-05 2.09742e-05 3.23234e-06 2.88899e-06 -1.44168e-05 6.41614e-05 -5.24372e-06 1.15002e-05 1.31619e-06 5.53951e-06 3.54536e-06 1.24244e-05 5.72797e-07 2.16522e-07 6.72927e-06 1.26828e-05 5.94787e-07 -3.82274e-07 8.17113e-05 -1.74411e-06 6.71224e-07 6.58079e-06 -1.44923e-05 3.83007e-07 5.11924e-07 8.8878e-05 -8.49163e-05 0.00011968 2.28164e-05 -2.10732e-05 -0.000125882 6.87631e-05 2.39609e-06 3.8673e-07 -0.0001782 1.3312e-06 1.58099e-05 -7.39999e-05 3.07172e-05 2.30323e-06 3.17002e-05 -0.000129719 2.43902e-05 
0.000899208 -0.000581546 0.000626778 -1.59171e-05 0.000135805 -0.00746877 -6.34197e-05 -0.00114996 -0.00586897 0.0063876 0.000779178 0.000128714 -0.00205329 0.0011123 0.00117171 0.00016711 1.30817e-05 0.0249582 0.000480833 0.000105058 0.00239879 0.00715399 -0.00174794 -0.013688 6.74401e-05 -0.00683633 0.00312459 -0.000155864 0.00579973 -1.50581e-05 0.00076826 -5.35776e-05 0.0022237 0.00172006 0.00117624 -9.54027e-05 -0.00055297 -0.0104834 0.000341255 8.91562e-05 0.000298412 0.000184488 0.00016914 0.000367796 -0.0020906 -0.00265623 -0.00671616 -0.001009 -0.000630486 -0.0092163 0.00110983 -0.00212148 2.66513e-05 8.71643e-05 -0.000253847 -0.00181047 0.00759719 -0.00146688 0.000211281 3.73675e-05 3.43428e-05 0.00182341 0.000989804 0.000525387 0.0120711 -1.14244e-05 0.000373312 2.33385e-05 -0.000142917 8.84959e-05 0.000814052 0.000553949 0.00287896 -4.118e-05 4.96857e-05 -0.000328142 0.00105059 0.000418727 0.00197 0.00325087 -2.11484e-06 0.000159465 0.00915834 -0.00398062 0.00351788 -0.000367024 -0.00142174 -0.00706494 -0.00214627 -2.13519e-05 4.87749e-06 -0.00661609 -0.000339865 0.000236098 -0.00607787 -0.00110967 0.000518454 0.00555175 -0.00734105 -0.00216688 
1.50442e-05 0.00243775 -9.80453e-05 2.39298e-05 -1.98338e-05 0.00292504 3.90018e-05 -0.00122552 4.94398e-05 -0.000824443 -0.000179503 9.10704e-05 -0.0020165 -0.000952746 -4.8223e-05 0.000477794 -5.03734e-06 0.000480833 0.0216693 7.07219e-05 -0.000149982 -0.00308168 0.000745661 -0.00262611 -7.4393e-05 0.000863524 0.00311617 -0.000133758 -0.00240334 -0.000694872 -0.000153145 -4.44861e-06 -0.000949571 -0.00070712 -0.000836359 -0.000125734 -0.000373891 -0.00842049 -0.00010632 -0.00026239 -0.000922315 -3.3889e-05 -0.000211167 3.55535e-05 3.14093e-05 0.0024939 -0.00587376 -0.00100945 -0.00201901 -0.0082383 -0.00106892 -0.000991304 0.000234304 3.19462e-05 -0.000899561 -0.00620079 0.00212076 -0.00331102 -0.000119872 3.17278e-05 -7.13455e-06 -0.000682125 0.00691896 0.000335298 0.00113651 0.000124306 -0.000317096 2.74314e-05 -1.44072e-05 -1.19906e-05 -4.69527e-05 -9.96693e-05 -0.000333681 4.82928e-05 3.94054e-05 -0.000732858 0.000343333 -6.53479e-05 0.000160732 -0.000580054 7.34945e-06 -3.18887e-05 0.00514498 0.00110369 -0.000347131 0.000862934 -0.00125114 0.00460816 -0.0014718 1.28006e-05 0.00020562 0.00549541 -0.000406101 0.000295638 1.06806e-05 -0.00041793 -0.000101031 -0.000396186 0.0022475 -0.00242657 
0.000162697 7.3623e-05 0.000247452 7.84226e-06 1.00653e-05 -0.000769592 2.37831e-05 0.000440631 -0.000615827 6.71814e-05 1.60274e-05 2.98659e-05 0.000239901 0.000218221 0.000198298 5.27242e-05 -4.46611e-08 0.000105058 7.07219e-05 0.00155692 0.000185315 0.000814357 -8.61447e-05 -0.000731469 2.3569e-07 -0.000632429 -0.000221376 -8.62119e-06 4.98784e-07 0.000298562 0.000340094 -2.58811e-06 0.000244588 -3.54302e-05 0.00018467 8.9736e-06 0.000420105 -0.000540044 7.08019e-05 6.66456e-05 4.12149e-05 1.35231e-05 2.64498e-05 4.92501e-05 -0.00045746 -9.78832e-05 -0.000453423 6.86509e-05 0.000218654 -0.000361192 3.29312e-05 -0.000120978 1.26772e-05 3.59256e-06 2.87171e-06 -0.000652418 -9.47707e-05 0.000506507 0.00013874 -4.1715e-07 -4.28054e-07 0.000311403 -7.16543e-05 -4.91278e-05 0.000341896 -1.64624e-06 -1.35587e-05 3.36572e-05 -4.74597e-06 5.71908e-06 0.000189628 5.75597e-06 0.000165814 -1.01499e-06 5.14882e-06 5.94934e-05 0.000181881 3.42462e-05 0.000441267 0.000378251 2.91933e-06 1.18813e-05 -0.000159352 -0.000848982 7.97278e-05 -2.05238e-05 0.000277022 -0.000865141 -0.000642244 3.75206e-06 4.77981e-06 -0.000231332 -2.39836e-05 -5.48832e-06 -0.000689936 -1.49827e-05 0.000149003 0.000293159 -0.000647351 -7.37257e-05 
0.0151651 -0.00328786 -0.00320272 0.00189286 -9.82236e-05 -0.0664558 0.00285048 -0.00656392 -0.0501829 0.0454009 0.00187691 0.000107613 -0.014939 -0.00609349 0.00193699 -7.54422e-06 0.000111006 0.00239879 -0.000149982 0.000185315 0.111621 0.0118045 -0.00802847 -0.0767924 0.00898791 -0.0461159 -0.0114751 -0.000803727 0.0567258 -0.00370575 0.00126815 -0.000258638 0.0185842 0.0460786 -0.00192425 0.00710402 -0.00122826 -0.0575951 -0.00061588 -0.00151324 0.0243585 0.000291567 -0.000731258 -0.001169 -0.00498096 -0.0244701 -0.0501171 -0.00529513 -0.0108324 -0.0534192 0.030733 -0.0115286 -9.95541e-05 0.000129793 0.027571 0.0207688 0.00691556 -0.0268253 -0.00126881 0.000133483 0.00107571 -0.0128869 0.0184249 0.00589415 0.0532267 -0.000114696 0.00186371 0.000187585 0.00122176 0.000162046 0.000918765 0.00126271 0.0131185 0.000492736 -0.000757258 0.0517952 -0.00243515 -0.000240497 -0.000897734 -0.00428822 0.000242036 6.00565e-05 0.0700414 -0.0275422 0.0577909 0.00936342 -0.00776198 -0.0614583 0.0281316 0.000385243 7.34153e-05 -0.0558448 0.000597955 0.00344592 -0.0290034 0.016945 0.002176 0.00687889 -0.0254462 -0.0103249 
0.00671274 -0.00161793 0.00856266 0.00063946 0.000860568 -0.0812808 -0.000377633 0.0401264 -0.0726814 -0.013946 0.00419546 0.000709732 0.0541581 0.0569062 0.0024849 -0.000487256 -3.76512e-05 0.00715399 -0.00308168 0.000814357 0.0118045 0.151682 -0.0134782 -0.0439684 -0.00011087 -0.0422548 -0.0249704 0.00105225 0.0335716 0.0158784 0.00296917 7.61769e-05 0.0186905 0.00571279 0.0232294 0.00262925 0.00666326 -0.00759776 0.00323054 0.00117551 0.00861029 0.00126008 0.000962816 -0.00124349 -0.00816599 -0.00269425 -0.0351993 0.0136521 0.0478151 0.00814385 0.00710781 -0.0177224 -7.71446e-05 -9.74495e-05 0.00210667 -0.0399317 -0.0037465 0.0656001 0.000587586 -8.86095e-05 2.84087e-05 0.0181816 -0.00633266 -0.00161208 0.0197618 -0.000350998 0.000311018 0.00109703 -0.00117795 -1.95556e-06 0.00302974 0.0022277 0.00673954 0.000291693 -0.000689322 0.00611428 0.00653149 0.00286613 0.00480106 0.044292 0.000141365 0.00118694 0.0166228 -0.0702865 0.0102028 -0.000355615 0.0332883 -0.120317 -0.0516378 -1.24413e-05 -4.10787e-05 -0.080723 -0.00383659 -0.000358639 -0.0357816 0.0130277 0.00297397 0.0158052 -0.0911543 0.0524675 
-0.00113271 -0.00365631 0.00219823 -0.000119531 -2.0333e-05 0.0166371 -0.000286831 -0.00610765 -0.0044315 0.00744472 -9.08025e-05 0.000584204 -0.00766443 -0.00502946 0.000325569 0.00466125 2.64486e-05 -0.00174794 0.000745661 -8.61447e-05 -0.00802847 -0.0134782 0.0824852 0.0131469 -0.000535325 0.00679763 0.00958606 -2.7147e-06 -0.0115051 -0.00215158 -0.00122961 0.000294605 -0.00179876 -0.0042213 0.00402634 -0.00092058 -0.00389952 -0.0144967 -0.000206039 0.00369203 6.1205e-05 -0.000175486 0.00189594 -5.38413e-05 -0.00113331 -0.0115621 0.0283016 -0.00407355 -0.000758952 0.0106786 -0.00446475 0.00811703 0.000381756 -4.4018e-05 -0.00314446 -0.0387631 -0.00355443 -0.00392052 0.000999898 0.000452301 -2.32461e-05 0.015038 -0.00571498 0.0053874 -0.0092531 2.79467e-05 -0.000563435 -0.000168211 -7.64209e-05 0.000192131 -0.00167895 -0.000347259 -0.0013167 -0.000161191 -0.000536496 -0.00540835 0.00422309 -0.000163915 0.00599684 -0.00399275 -4.79833e-05 -0.000239003 -0.0136218 0.0120787 -0.00773079 0.000676811 -0.0050467 0.0192507 -0.0265329 -8.04473e-05 -2.15352e-05 0.00228277 -0.00256686 -0.000520167 -0.00634898 -0.00497446 -0.000344863 -0.000483009 0.000203757 -0.00643799 
-0.017255 0.000130521 0.00144146 -0.00246794 -1.60366e-05 0.072227 -0.00371557 -0.00448795 0.0734454 -0.0664785 -0.00251801 -0.00110044 0.00679913 -0.0112809 -0.0029527 -0.000895939 -0.000134692 -0.013688 -0.00262611 -0.000731469 -0.0767924 -0.0439684 0.0131469 0.174562 -0.00847345 0.0511613 -0.0144568 0.000950542 -0.0807683 0.00165595 -0.00428515 0.000326386 -0.018733 -0.0452954 0.000426319 -0.00687559 -0.00263079 0.0923874 -0.00071494 0.00258214 -0.0182791 -0.000892472 0.00153167 0.001743 0.0108732 0.00861391 0.0820163 0.00415261 0.0106026 0.0891381 -0.0362536 0.0197594 -9.59073e-05 -0.000473681 -0.0264227 -0.00586056 -0.037675 0.0197014 0.00344786 -0.000197582 -0.00114224 0.00579387 -0.0231255 0.00204009 -0.0752463 0.000204836 -0.00637824 -0.00106578 -0.00250181 -0.000367195 -0.0115059 -0.00198545 -0.0151513 -0.00021992 0.000286594 -0.050619 -0.00458679 -0.00139915 -0.00476255 -0.0158126 -0.000505207 -0.00224202 -0.108686 0.0447616 -0.0706706 -0.00942526 0.00644212 0.0930548 -0.0319709 -0.000460852 -0.000326016 0.0662517 0.00222448 -0.00381786 0.0234294 -0.0401764 -0.00328322 -0.00875646 0.0543977 0.0139742 
0.00120084 7.96083e-05 -0.00029318 0.000222352 1.99272e-06 -0.00794011 0.00014859 -0.000645289 -0.00591944 0.00438365 0.00157224 0.000139314 -0.00174946 -0.000652698 0.000740413 0.000346167 3.99033e-05 6.74401e-05 -7.4393e-05 2.3569e-07 0.00898791 -0.00011087 -0.000535325 -0.00847345 0.0132565 -0.00883443 -0.00221471 -0.000101661 0.00510793 -0.000132076 0.000161475 -2.58926e-05 0.00415918 0.0067363 0.000156301 0.00111562 -4.40284e-05 -0.00644058 -5.98895e-05 -0.000175954 0.00354899 -4.97299e-07 0.000165724 -0.000146813 -0.00171627 -0.00243325 -0.00536665 -0.000571089 -0.00103572 -0.00644408 0.00102695 -0.00130981 -1.79375e-05 0.000119209 0.00577607 0.00189989 -0.00111078 -0.00390209 -0.000309488 0.000203211 0.000184933 -0.000864005 0.000950291 -5.15189e-05 0.00591537 -1.28291e-05 0.000767304 5.7916e-05 0.000288413 4.62903e-05 0.000354458 0.000226687 0.00174379 0.000254409 -3.29439e-05 0.00841862 -0.00018411 -4.86192e-05 -1.60858e-05 -0.000841754 7.43973e-05 -3.65769e-05 0.00792443 -0.00767836 0.0102585 0.000827342 -0.000945634 -0.00787429 0.00467 4.93149e-05 -3.92297e-06 -0.00713118 0.000175772 0.000670727 -0.00672791 0.00215267 1.4055e-05 0.00104036 -0.00577266 -0.00141982 
-0.0127122 0.00143036 -0.00595973 -0.00232331 -0.000987778 0.0897304 -0.00435393 -0.0131193 0.0752036 -0.0285667 -0.0066359 -0.00227245 -0.017455 -0.0217321 -0.00465086 -0.00249541 -0.000117386 -0.00683633 0.000863524 -0.000632429 -0.0461159 -0.0422548 0.00679763 0.0511613 -0.00883443 0.129977 0.011179 -0.000625744 -0.0484947 -0.0122448 -0.000550895 -0.000241156 -0.0299791 -0.0433693 -0.0222493 -0.00650061 -0.0126477 0.0279708 -0.00165513 -0.000167588 -0.0363959 -0.000851447 -0.0053695 0.000602686 0.0168571 0.0342429 0.038649 -0.00902601 -0.0238664 0.0280634 -0.0257381 0.00837412 -0.000380031 -0.000382861 -0.032135 0.0230521 0.0024324 -0.0114103 -0.00853753 -0.000590129 -0.00123648 -0.0165233 0.00551754 -0.00220778 -0.0438244 -0.000231037 -0.000762176 -0.00212228 -0.00225605 -0.000623897 -0.00662661 -0.00231503 -0.0161947 -0.000528324 0.000604238 -0.0451589 -0.00262125 -0.00174122 -0.00430102 -0.0141472 -0.000354198 -0.0014225 -0.0460585 0.0693747 -0.0606921 -0.00315086 -0.010252 0.0880803 0.00146332 -0.000319038 -0.00013352 0.0781502 0.00157375 -0.00195268 0.0616219 -0.0169533 -0.00123797 -0.0157206 0.0538571 -0.0236957 
-0.00401614 -0.00481556 -0.00291764 -0.000691176 -0.000296623 0.00776421 -0.000901945 -0.00903506 -0.0313154 0.0197725 -0.00157503 -0.000662536 -0.0152973 -0.00868988 -0.00101212 -0.0010239 -7.72137e-06 0.00312459 0.00311617 -0.000221376 -0.0114751 -0.0249704 0.00958606 -0.0144568 -0.00221471 0.011179 0.153342 0.00162779 -0.00462026 -0.00447719 -0.00212702 0.000206486 -0.00749124 -0.00928728 -0.00401336 -0.00193963 0.000366656 -0.0365585 -0.00100971 -0.00219196 -0.00945944 -0.000242574 -0.000816232 -0.00205661 0.000589369 0.0140028 -0.00307739 -0.0075209 -0.00838534 -0.0464564 0.00137042 0.00621453 0.000697523 0.000167585 -0.00497698 -0.0236555 0.0320165 -0.0209192 -0.00489964 -0.000107508 -0.000339456 -0.00948281 0.00992952 -0.00587895 0.00412177 0.000770455 0.000423471 -0.000345957 0.00190899 -9.70366e-05 0.00331189 -0.000748445 -0.00272489 1.39347e-05 -0.00143215 -0.0138626 0.000987541 -0.00030676 0.00100713 -0.0067988 -6.53098e-06 -0.000398061 0.0282775 0.0024416 -0.00420361 6.74306e-05 0.00143042 0.0189151 0.0183838 -0.000147247 0.000223613 0.0170618 0.00121227 0.000145078 0.0200274 0.00416147 -0.000472222 -0.00355525 0.00458182 -0.011861 
-0.000184189 -0.000423661 0.000108646 8.35296e-06 9.22266e-05 -0.00345895 -3.83584e-05 0.00240168 -0.00411546 -0.00273136 6.90021e-05 -2.15539e-05 0.00280844 -0.000385799 4.32019e-05 0.000498993 8.33412e-07 -0.000155864 -0.000133758 -8.62119e-06 -0.000803727 0.00105225 -2.7147e-06 0.000950542 -0.000101661 -0.000625744 0.00162779 0.00986849 -0.00014537 -6.70692e-05 -0.000185658 0.000134977 0.000227441 -0.000598964 0.000206436 -5.62375e-05 -0.000157893 -0.000978013 -3.8932e-05 0.00118591 -6.79161e-05 4.74623e-06 0.00012472 -5.37398e-05 -5.33369e-05 0.00107403 -0.0012125 0.00184896 0.000567337 0.00279106 -0.0005557 0.00057512 4.90392e-05 6.9411e-06 -0.000310921 -0.00600185 0.000855387 0.00279097 0.000223981 2.22185e-05 -1.30094e-05 -0.000349527 -4.65366e-05 -5.78595e-05 -0.00114246 4.91025e-05 0.000354902 -2.38957e-05 0.000133074 -1.89434e-06 0.000372601 0.000111357 -0.000218739 3.74802e-05 -3.23267e-05 -0.000777275 0.000375417 -4.33615e-05 -0.000141077 0.0018009 5.71819e-07 1.6955e-06 -0.00235577 -0.00109003 -0.000912291 -0.000194086 0.000803961 -0.00173251 -0.00165172 1.4706e-05 1.99534e-05 -0.00228671 0.000603134 -3.33236e-05 -0.000798611 -0.0001275 9.78627e-05 0.000421106 -0.00185682 0.0021453 
0.010883 -0.00198133 -0.00206145 0.00172451 0.000111232 -0.0834543 0.00277456 0.000257739 -0.0605163 0.0358653 0.000878247 0.000538531 -0.00360714 0.00192522 0.0012207 0.000206605 5.84127e-05 0.00579973 -0.00240334 4.98784e-07 0.0567258 0.0335716 -0.0115051 -0.0807683 0.00510793 -0.0484947 -0.00462026 -0.00014537 0.120257 -0.00275434 0.000545341 -0.000159881 0.0133694 0.0368511 -0.00414717 0.00602173 -0.00136807 -0.054049 -0.000533639 -0.0016509 0.0149044 0.000636063 -0.00116712 -0.00175877 -0.00359124 -0.0277433 -0.052925 -0.00116389 -0.00995828 -0.0423601 0.037151 -0.0123137 -0.000165186 0.000234121 0.0287034 0.0180322 0.0257102 -0.0167543 -0.0035774 5.46123e-06 0.000595194 -0.00684054 0.019505 -0.00103205 0.053738 -0.000232993 0.00549379 0.000426235 0.00205639 0.000299732 0.00907793 0.00183581 0.0114412 0.000177308 -0.00113699 0.0403109 -0.00260076 6.33678e-05 -0.00229396 0.0055564 0.000337758 0.00124891 0.0645415 -0.0244382 0.0551298 0.00962084 -0.00599961 -0.0789335 0.0265378 0.000292349 0.000144487 -0.0785148 0.000877685 0.00235315 -0.0124592 0.0235258 0.00148881 0.000314307 -0.0503674 0.0054871 
-0.00087683 -0.00137066 0.00123978 1.65678e-05 0.000164326 -0.0183545 -0.000107882 0.0102588 -0.0170191 -0.00985932 0.00326366 5.92912e-05 0.0219072 0.0169916 -3.18614e-05 2.15571e-05 8.89241e-07 -1.50581e-05 -0.000694872 0.000298562 -0.00370575 0.0158784 -0.00215158 0.00165595 -0.000132076 -0.0122448 -0.00447719 -6.70692e-05 -0.00275434 0.0335858 -0.000498477 0.000224664 0.00186171 -0.00214001 0.00648145 -0.000222637 0.00728463 0.0107024 0.000176327 -0.000409007 -0.00102023 0.000381524 -3.03025e-05 -0.00026653 -0.00483114 -0.00822323 -0.000358784 0.00427202 0.0222957 0.0108145 -0.00196068 -0.00268285 -1.95057e-05 -3.08011e-05 -0.000973371 -0.0187824 -0.00353827 0.0206049 0.0018123 -4.58361e-06 -7.26555e-05 0.0108175 -0.00293642 -0.00138437 -0.00328077 -6.40969e-07 -0.000420743 0.000137102 -0.000261671 -9.15295e-06 -0.00105116 -5.63671e-06 -0.000625387 -7.89666e-06 -0.000219465 -0.00258254 0.00119752 0.00108288 0.000605975 0.0101374 -1.96154e-05 -6.9381e-05 -0.0089282 -0.0210627 -0.00279592 -0.000872002 0.0110498 -0.0203675 -0.015323 -3.45768e-05 -2.21545e-05 -0.0148555 -0.00123581 -0.000212538 -0.0117218 -0.00169038 -9.49067e-05 0.00240612 -0.0141358 0.0164671 
-0.000251027 0.00128589 8.35778e-05 9.01844e-06 -1.39577e-05 -0.00410269 -6.32945e-05 -0.00097855 0.00228663 -0.00245904 -8.84287e-05 -3.58154e-05 -0.00237805 -0.00105932 0.000235581 -6.57079e-05 4.78071e-06 0.00076826 -0.000153145 0.000340094 0.00126815 0.00296917 -0.00122961 -0.00428515 0.000161475 -0.000550895 -0.00212702 -0.000185658 0.000545341 -0.000498477 0.0203293 -2.42482e-05 0.00137047 0.00052049 -0.000727667 0.000105082 -0.000253778 -0.00138816 -2.98878e-05 0.000147753 -0.000172509 -1.38901e-05 0.000937238 0.00122403 -0.000142913 6.53178e-05 -0.00696847 -0.00116 -0.00155965 -0.00377478 0.000467073 -0.00167453 -8.35259e-06 -5.17631e-06 0.000521829 0.00363697 0.00112693 0.00136111 -0.000213325 2.84614e-05 5.14573e-05 -0.00189971 -0.00091934 -0.000779459 0.00247869 3.06688e-05 3.29997e-05 -2.99856e-05 -0.000128982 -1.25623e-06 0.0016329 -5.51078e-05 0.000420104 5.78537e-05 0.000736102 0.00228482 -0.000383875 0.000543018 -0.000223985 -0.000639107 1.12342e-05 7.23035e-06 0.00095648 -3.01828e-05 0.00231915 0.000554789 -0.000582153 -0.00430961 -0.000155498 0.000144924 4.94621e-05 0.00129737 0.00112754 -7.83521e-05 -0.000471118 0.000829422 2.21559e-05 2.5988e-05 -0.0061085 -0.00197501 
-1.09406e-05 -4.69352e-05 8.08876e-05 5.24874e-06 5.33465e-05 -0.000941779 -1.05421e-05 -3.49745e-05 -0.000808494 -0.000737002 1.88475e-05 1.48598e-05 0.000491673 0.000351357 -7.65715e-06 0.000319872 1.61204e-06 -5.35776e-05 -4.44861e-06 -2.58811e-06 -0.000258638 7.61769e-05 0.000294605 0.000326386 -2.58926e-05 -0.000241156 0.000206486 0.000134977 -0.000159881 0.000224664 -2.42482e-05 0.00263606 3.94867e-05 -7.86261e-05 0.000272974 -1.07396e-05 -0.00010673 -0.000774845 6.01987e-05 0.000351663 -7.57893e-05 1.75347e-06 0.000253587 -1.21248e-05 -0.00012075 4.85993e-05 0.00093665 -9.52177e-05 0.000607518 0.000933057 -6.69897e-05 -0.000108962 1.37345e-05 3.37262e-06 -2.89941e-05 -0.001218 -0.000186948 -1.11043e-05 -4.33275e-05 2.35255e-05 1.80472e-05 0.00041172 0.000629986 -2.736e-05 -0.000238036 -2.35857e-06 1.31648e-05 -1.39001e-06 5.23286e-05 9.94245e-06 7.25266e-05 5.53708e-06 3.20326e-05 7.79422e-06 -1.40597e-05 -0.000195102 0.000113161 3.61995e-05 1.42307e-05 -2.01656e-05 -4.19631e-07 2.09544e-06 -0.000787368 -0.000489738 -0.00023767 -3.05694e-05 9.83023e-05 -0.00022122 -2.58431e-05 1.67687e-06 -2.08282e-07 -0.00145564 0.000238479 -2.37858e-06 -0.000438207 -0.00010433 7.86914e-06 7.85425e-06 -0.000841181 0.000885025 
0.00578248 0.000451179 0.000990964 7.31097e-05 0.000315643 -0.0292428 0.0006628 0.00288131 -0.023241 0.00157937 0.00294479 0.000484551 -4.51633e-05 0.0111612 0.00264804 0.00169861 4.20299e-05 0.0022237 -0.000949571 0.000244588 0.0185842 0.0186905 -0.00179876 -0.018733 0.00415918 -0.0299791 -0.00749124 0.000227441 0.0133694 0.00186171 0.00137047 3.94867e-05 0.0473013 0.0119371 0.0115044 0.00272217 -0.00123196 -0.0102629 -1.06046e-05 -0.000392768 0.0203526 3.84123e-05 0.000785739 -0.000102981 -0.00775382 -0.00747743 -0.0125193 0.000114043 0.00925239 -0.00603531 0.00537515 -0.00476184 -2.53336e-05 6.41378e-05 0.0136074 -0.00755215 -0.00416487 0.00771482 0.00293975 0.000167445 0.000156014 0.00573874 -0.00310838 0.00287113 0.00947279 0.00010457 5.99625e-05 0.00107036 0.000524545 0.000219968 0.000442571 0.000503909 0.00186396 0.000278037 -0.000151864 0.0151562 0.00145295 0.000412239 0.00281087 0.00174614 2.24438e-05 -0.000173591 0.0159 -0.0316949 0.015445 0.00110664 -0.000637692 -0.0323475 -0.00707936 5.96048e-05 3.76018e-05 -0.0270291 -0.00162584 0.000191845 -0.0248347 0.00606962 0.000455571 0.0119659 -0.0261539 0.00610613 
0.00927493 -0.0014285 -0.00109144 0.00142756 7.37112e-06 -0.0431654 0.00342659 -0.00538438 -0.0343864 0.0349139 0.00171726 0.000932794 -0.00849077 -0.00182219 0.00116546 0.000428366 0.00010408 0.00172006 -0.00070712 -3.54302e-05 0.0460786 0.00571279 -0.0042213 -0.0452954 0.0067363 -0.0433693 -0.00928728 -0.000598964 0.0368511 -0.00214001 0.00052049 -7.86261e-05 0.0119371 0.0617377 -0.00085015 0.00484659 -0.00141202 -0.0358739 -0.000271695 -0.000337575 0.0233615 5.14591e-05 -0.000293961 -0.00104418 -0.00624058 -0.0180498 -0.0272994 -0.00302794 -0.00648692 -0.0342609 0.0241274 -0.00591389 -8.88432e-05 0.000172525 0.027972 0.00958696 -0.00162313 -0.0212294 -0.000510398 0.000277543 0.00113623 -0.00508622 0.00819682 0.00146315 0.03937 -7.64918e-05 0.00150211 0.000600923 0.000336112 0.000295234 -1.04177e-05 0.001553 0.0110825 0.000215645 -0.000254619 0.0409725 -0.000321333 -4.03848e-05 -0.000505425 -0.00418521 0.000135955 0.000272006 0.0410593 -0.026064 0.04745 0.00245726 -0.0050986 -0.0419927 0.0225913 0.000319766 -3.14799e-08 -0.0397699 -0.0013193 0.00258329 -0.0320346 0.00776437 -0.000133575 0.0039425 -0.0195465 -0.0076317 
