0.00644286 -0.000152582 0.000491105 0.00100577 -0.00118716 -2.31952e-05 -9.27645e-05 -0.000345512 0.000399548 0.000569328 -0.00152099 -0.000252353 -0.00154907 0.000245882 -0.000256743 -0.00194478 5.88158e-05 0.000109966 5.97434e-05 -0.000754424 -0.000526458 -0.000179798 -0.00129107 0.00182148 -2.3702e-05 -0.00123985 2.07176e-05 -2.68548e-05 -8.55708e-07 -0.000441741 -0.000250368 0.000373259 -1.9412e-05 4.70222e-05 -0.00131745 0.000118673 -0.000607689 -8.11347e-05 -0.000210439 -0.000154052 -0.00135083 0.000304382 -0.000993062 -0.000137578 0.00221988 -0.000316269 -0.000114294 0.002886 0.000194112 6.99723e-05 5.42149e-05 4.65041e-05 0.000309438 -2.1908e-05 0.000573758 0.00052238 0.000833954 5.31743e-05 -0.00138514 0.00242622 -0.00124734 -0.000289842 1.36377e-05 0.00151196 0.00167106 0.000650369 -3.47939e-05 0.000825584 -0.00193726 -4.00116e-05 -0.000952001 -0.00149347 -0.00109768 -0.000567919 -0.00115038 -0.00174796 -0.000364002 2.09898e-05 -0.000446894 -0.000721504 0.00170477 -0.000129092 -2.03703e-05 8.30961e-06 -3.00646e-05 0.000866342 -0.00124589 -9.54522e-05 2.19622e-05 -4.79154e-05 -0.000603174 -0.000728551 -3.74725e-05 1.2249e-05 0.00176579 0.000960326 0.00075015 0.000575384 0.000345273 -0.000163731 
-0.000152582 0.0236587 -0.00114969 -0.00625414 0.00221005 0.000117005 -0.000318082 -0.00175757 -5.46096e-05 -0.00984618 0.00161444 -0.00292946 0.00422846 -0.00343714 0.000794514 0.00609034 9.65131e-05 -0.00038628 -0.000965205 -0.005604 0.00285466 0.00019701 0.000235145 -0.00824991 0.00015818 -0.00333712 0.000175781 -0.00016668 0.00133123 0.0023005 -0.000867584 0.000373878 0.000322697 0.000339982 0.00959145 0.000280757 -0.000191019 0.00023021 0.00254979 0.0033646 -0.000435204 0.00176713 0.00424604 -0.000360712 -0.00558136 0.0011924 -0.00036548 -0.00392274 0.000161286 0.000118474 -5.69756e-05 -0.00861021 0.00386348 -2.01698e-05 -0.00110194 -0.00919435 -0.00660679 -0.000103991 0.00302609 -0.00155559 0.0103061 0.00339279 0.000539636 -0.00326293 -0.0022091 -0.00575181 0.00184044 -0.00928599 -0.00267884 0.000677946 0.00828426 -0.0055654 0.00317693 0.00128093 -0.00246065 0.00725843 -0.00292058 0.000932593 -0.00201451 -0.00493248 -0.00443207 0.00345774 0.00154724 0.000300683 0.000392298 -0.00111651 0.000478256 0.000956333 0.00217825 0.000612523 -0.00232242 0.00279137 0.0014387 0.000624409 0.000108465 0.00320656 -0.000126792 -0.000496606 -0.0016212 0.00150694 
0.000491105 -0.00114969 0.0493822 0.0274992 -0.0126007 -0.000233883 -0.00947912 -0.0112575 0.00162803 0.0193178 -0.00773853 0.0174692 -0.0137744 -0.000428509 -0.00475324 -0.015838 -0.000579559 -0.000276986 -0.00142749 -0.0160431 -0.00617356 -0.00736367 -0.0137069 -0.000815066 -0.000438802 -0.00104712 -8.05041e-05 -0.000572904 -0.00144637 -0.00330056 -0.00163209 0.000218797 -0.000167671 -5.99928e-05 -0.00878225 -0.00042031 -0.00499223 -0.000711405 0.000111044 -0.0109166 -0.0125156 -0.000241708 -0.0150052 -0.000885814 -0.00168616 -0.0033704 -0.00261963 0.00077592 0.000147078 -0.000360714 -5.59273e-05 0.020623 -0.000161686 -0.00015693 0.0241001 0.0240262 -0.00158189 0.000342105 -0.000600481 -0.0030485 -0.0104409 -0.00232521 -0.00103169 0.00574699 0.0192716 0.0204665 -0.000887252 0.0267071 -0.0154057 -0.000276276 -0.0076469 0.0140419 0.00488679 0.0181251 0.00360445 -0.0127453 -0.00730136 -0.0001782 -0.00671319 0.0011025 -0.00558431 -0.000334391 -0.0021002 -0.000873833 -0.00057974 -0.0029405 -0.00837991 -0.000920024 -0.000486866 -0.000482212 0.0018197 -0.00362597 -0.00383147 -0.00019711 -0.00190587 -0.00195254 5.30694e-05 -0.00117572 0.00152755 -0.00266296 
0.00100577 -0.00625414 0.0274992 0.207318 -0.0679675 -0.00119399 -0.0468929 -0.0627075 0.00102522 0.0102432 -0.0225706 0.0430305 -0.0779574 -0.0223584 -0.0250472 0.00525869 -0.00285831 0.00339453 -0.000258138 -0.0776719 -0.0307159 -0.0127886 0.0502171 0.0303287 -0.000923734 -0.0492113 -0.000568508 -0.00136619 0.00386277 0.000748569 0.00982985 0.00119431 -0.00127156 -0.000646464 -0.00882477 -0.00251862 0.00963777 -0.00250978 -0.00862557 -0.0165508 -0.0736363 0.00435031 0.0121565 -0.00015364 0.0331157 -0.0112679 0.025997 0.0184158 -0.000237134 0.00138848 -0.000487084 -0.00582192 -0.00461299 -0.000759039 0.0287663 0.0504378 0.0110399 -0.000242202 0.00501174 -0.00586138 -0.0129139 -0.0127887 -0.00604793 -0.0059062 0.0539687 0.0288997 -0.00544244 0.0664723 -0.0214132 -0.00217416 -0.0185782 -0.0458725 -0.0216359 0.0582929 -0.0111413 0.0175945 -0.0130674 -0.00130585 0.0291003 -0.00824112 0.0633139 -0.0116083 -0.0108632 -0.00251282 -0.000964796 0.0058773 -0.0390875 -0.00206909 -0.00157107 -0.00157985 0.00345621 -0.0266473 0.00750165 -0.000475128 -0.00784069 -0.00182006 8.92426e-05 0.00698845 0.0174906 -0.00741183 
-0.00118716 0.00221005 -0.0126007 -0.0679675 0.195832 0.00159152 0.0475059 0.0876992 0.000337316 -0.0276019 0.0445266 -0.0607299 0.124689 -0.0166325 0.0384567 -0.0018475 0.000946128 -0.00452951 -0.0112424 0.0928505 -0.0188547 0.0149952 0.00439035 -0.0742516 0.000318962 0.0516658 -0.000695356 0.000618707 -0.00560897 -0.00166176 -0.00680658 -0.00166905 0.000595911 -0.000644526 0.0029607 0.00271745 -0.0158483 -0.001438 -0.00759587 0.0260475 0.110607 -0.00181269 -0.0377568 -0.00673379 -0.0575869 -0.0167834 -0.0138502 -0.0407174 0.000910043 -0.00168385 0.000475312 0.0364903 0.00720999 -0.000982218 -0.01239 -0.0546131 -0.0483448 -0.000424351 0.00768889 -0.0195137 -0.0148276 -2.34147e-05 -0.00551718 -0.0357749 -0.0411806 -0.060072 -0.00342301 -0.076405 0.0179115 0.00152786 -0.0152528 0.0663933 0.0367621 -0.0528328 0.0478852 -0.0332965 -0.00335152 -0.00144396 -0.0403372 -0.0210391 -0.0562267 -0.00147042 0.00607315 -0.000403443 -0.00045415 -0.0145252 0.0619699 -0.00537975 0.0019897 -0.00140044 -0.0123672 0.0502921 -0.024671 0.000312891 -0.00414709 -0.00165957 -0.00115941 -0.00550777 -0.0203219 0.0116243 
-2.31952e-05 0.000117005 -0.000233883 -0.00119399 0.00159152 0.00463624 9.93644e-05 0.00106349 -9.86508e-06 -0.0015101 0.00115484 -0.000813063 0.0012528 -0.000560018 0.00108198 0.000549699 0.000231405 -8.67708e-05 -0.000143064 0.00077924 -0.000287544 0.00180746 -0.000375804 -0.00136861 4.74516e-05 0.000922677 4.02996e-05 -2.09229e-05 0.000219259 -0.000100311 -0.000201235 8.18478e-05 4.32765e-06 6.41744e-06 0.000221181 8.58225e-06 -0.000204355 1.22646e-05 0.000252736 0.0010272 0.00155398 5.35235e-05 7.15357e-05 -3.87958e-05 -0.0011469 -0.000251217 9.86206e-05 -0.000903881 -1.14503e-05 -4.04103e-06 8.00813e-06 -0.000235598 0.000185546 1.28212e-05 -0.000230149 -0.00195016 -0.00125365 -2.55959e-05 -0.000673073 -0.000267652 0.000454536 0.000568593 -7.33262e-05 -0.000417297 -0.000781757 -0.00112581 4.03323e-05 -0.00189006 -0.000308998 3.62167e-05 0.000173637 0.000327443 4.21301e-05 -0.000633661 -0.000459776 0.00038252 -0.000334041 -2.52634e-05 -0.000414909 -0.000529373 -0.00113928 0.000506611 -8.09359e-06 0.000126311 -1.36479e-05 7.10334e-05 0.000640366 -6.45625e-05 5.52201e-05 -3.5012e-05 -0.000470695 -9.1658e-05 0.000567521 6.01439e-05 -0.000116753 -4.85322e-05 -2.82078e-05 2.96398e-05 -0.000269995 0.000130018 
-9.27645e-05 -0.000318082 -0.00947912 -0.0468929 0.0475059 9.93644e-05 0.157583 0.0888844 -0.000752656 0.000336979 0.0152726 -0.053925 0.0625473 -0.0164988 0.0223231 -0.0466053 -0.00058232 -0.00227613 -0.00254561 0.0820749 -0.0217103 0.0157352 -0.034276 -0.0288189 -0.00182408 0.0627503 -0.00102565 0.00310494 -0.00250456 -0.0092731 -0.00466294 0.000629296 0.00188844 -0.000552934 -0.0279578 0.000131234 -0.0203408 -0.000643351 -0.00815102 0.0245283 0.0747046 -0.00448844 -0.0347093 -0.00548222 -0.0171126 -0.0160887 -0.0102056 -0.0167657 -0.000386314 -0.000702036 0.000519167 0.042861 -0.00136984 0.00174722 -0.00965241 -0.0456007 -0.0255795 -0.000370319 -0.0214887 0.0107537 -0.0290229 -0.00658625 -0.00394237 -0.0250057 -0.0342523 -0.0433679 -0.00170762 -0.0430172 0.0199301 -0.00033276 -0.0270093 0.0580549 0.0335953 -0.0380703 0.0411866 -0.0449484 -0.00264218 -0.000822325 -0.0306641 -0.0180975 -0.037342 -0.00986281 0.018057 0.00014178 -0.00139069 0.00526667 0.077212 -0.00437501 -0.000723232 -0.00121748 0.00248272 -0.00638051 -0.012998 -0.000340533 0.0061642 0.0030277 -0.00137927 -0.00250541 -0.0154264 0.0140432 
-0.000345512 -0.00175757 -0.0112575 -0.0627075 0.0876992 0.00106349 0.0888844 0.172297 5.19716e-08 -0.0341253 0.0521746 -0.0598203 0.128284 -0.0288873 0.039779 -0.0342587 0.0053506 -0.00491699 -0.00797449 0.112052 -0.0247753 0.0313738 -0.0122698 -0.0678413 -0.00183753 0.0889536 -0.00127672 0.000903634 -0.00431844 -0.00748178 0.000467198 -0.00146614 0.00250198 -0.000565571 -0.0319331 0.00330355 -0.0254223 -0.00258286 -0.00958606 0.0502587 0.13365 -0.00514986 -0.0452211 -0.00633562 -0.0518583 -0.017763 -0.0128441 -0.0386731 -0.000337447 -0.00129165 0.000787196 0.0629366 -0.00257029 0.000218293 -0.0113531 -0.0892374 -0.0627351 -0.00076008 0.00259644 -0.0101817 -0.0392095 -0.00853831 -0.00335098 -0.0308149 -0.0399148 -0.0587291 -0.0037992 -0.0874913 0.0145152 2.1757e-05 -0.031036 0.0924995 0.0730275 -0.0411794 0.0544244 -0.0591068 -0.000648232 -0.00108274 -0.0393608 -0.0521651 -0.0580922 -0.0121495 0.0217842 0.0027146 -0.00180173 -0.00948215 0.0940755 -0.0049527 -0.00190943 -0.00155618 -0.022122 0.00541019 -0.0236131 -0.000788882 -0.00416245 0.00389909 -0.00135281 -0.00265153 -0.0176686 0.0245429 
0.000399548 -5.46096e-05 0.00162803 0.00102522 0.000337316 -9.86508e-06 -0.000752656 5.19716e-08 0.00436484 0.000700214 -0.000404335 0.000413178 0.000152092 -0.000452509 -0.000348394 -0.00081661 -1.95574e-05 -4.11214e-05 -0.000105252 -0.000247457 -0.000449524 -0.000403631 -0.00028914 -0.00106763 1.51402e-05 -5.9274e-05 3.79737e-05 -3.50858e-05 -8.26835e-05 -0.000251868 -0.000192609 2.49507e-05 1.72483e-05 0.000125354 -0.000741858 8.07848e-05 -0.000348105 4.49435e-05 -0.000193503 -0.000395984 0.000232908 -2.62662e-05 -0.00100716 -8.56226e-05 -0.00103599 -0.000303679 -0.000185267 0.000126021 0.000269216 -1.482e-05 0.000117309 0.00156733 0.00040974 -2.30082e-05 0.00185518 0.000811084 -0.000406522 8.02548e-05 0.000869547 -0.000263112 -0.000837278 -0.000197042 -5.89615e-05 -0.000269063 0.000694368 -0.000318376 0.000107892 0.000619872 -0.00152432 9.38633e-06 -0.000629988 0.000930291 0.000590717 0.000818911 0.000293716 -0.00118056 -0.000578268 1.73369e-05 -0.000311858 -0.000894981 -0.000485923 0.000442761 -6.68455e-05 -5.79991e-05 -8.8563e-06 -0.000279862 -0.00038039 -5.29898e-05 6.29396e-06 -3.40059e-05 -0.000184298 -2.76935e-05 -0.000528769 -1.30337e-05 -8.31091e-05 -0.000152475 0.000143632 -5.48131e-05 7.93339e-05 -0.000133523 
0.000569328 -0.00984618 0.0193178 0.0102432 -0.0276019 -0.0015101 0.000336979 -0.0341253 0.000700214 0.249912 -0.0660176 0.0280595 -0.0380993 0.0691338 -0.0139299 -0.127677 -0.00390583 0.00810015 0.0210765 0.0196474 -0.0558533 -0.0486207 -0.0890758 0.116962 -0.0037227 0.0497483 -0.00162771 -0.00354952 -0.0116936 -0.0359546 -0.0247546 0.00275686 -0.0014291 -0.00120522 -0.0922488 -0.00138439 -0.04922 0.00237365 -0.0167454 -0.0898172 -0.0256073 -0.0016558 -0.128611 0.0056368 0.0773143 -0.026877 -0.031524 0.0790548 -0.00173767 -0.00168169 0.000626504 0.111989 -0.00572837 -0.000853918 0.0185871 0.159806 0.133039 0.00264042 -0.0999314 0.0181521 -0.0968404 -0.0215088 -0.00720345 0.0529182 0.0104862 0.0994169 -0.00432006 0.161878 0.0660983 -0.00366115 -0.0758852 0.0699103 -0.0310906 -0.0453231 0.00582509 -0.099346 0.00318621 -0.00289712 -0.0309534 0.0840358 -0.00266862 -0.0077313 -0.011351 -0.00947224 -0.00530763 -0.0191213 -0.00146697 -0.0107762 -0.00386617 -0.00387274 0.0450572 -0.0407371 -0.0451622 -0.00153201 0.000844383 -0.0118914 -4.18926e-05 -0.0108991 -0.0154799 -0.0112088 
-0.00152099 0.00161444 -0.00773853 -0.0225706 0.0445266 0.00115484 0.0152726 0.0521746 -0.000404335 -0.0660176 0.20015 -0.0354241 0.0653412 -0.0326437 0.00956448 0.0236412 0.00394505 -0.00409431 -0.00704543 0.0248437 -0.00375926 0.0271564 0.0336651 -0.0611737 -0.00116386 0.0256344 -0.000665833 -0.00179143 -0.00261729 -0.0122642 0.0288303 -0.00273418 0.000959469 9.68435e-05 -0.00805788 0.00125337 -0.00839562 -0.00429232 -0.000692134 0.00587651 0.0615537 0.000470548 0.032605 0.00410163 -0.0603551 -0.0127811 0.00158023 -0.0504554 0.00144926 -0.000713185 -0.000249097 0.00752613 0.00731319 -0.000278886 -0.00746801 -0.0638258 -0.0648953 -0.00139375 0.0305492 -0.0208608 -0.00928833 -0.00815888 0.000110816 0.00863237 -0.00156136 -0.0369383 -0.00245032 -0.0653307 -0.0253899 0.000377777 -0.00108794 0.0168672 0.0356411 0.0180169 0.0221223 -0.0118999 -0.0119126 0.000949986 0.0214496 -0.0503289 -0.0399787 -0.00339594 0.00417616 0.00171203 -0.000979439 -0.0118054 0.0441889 -0.00422268 0.00197886 -0.00109822 -0.0295458 -0.00937101 -0.00202754 -0.000548612 -0.00806963 -0.00583856 -0.000698879 0.0027672 -0.00756335 0.0259938 
-0.000252353 -0.00292946 0.0174692 0.0430305 -0.0607299 -0.000813063 -0.053925 -0.0598203 0.000413178 0.0280595 -0.0354241 0.209266 -0.0670598 0.0295505 -0.0204799 -0.0134601 -0.00329611 0.00179595 0.00692668 -0.0741456 0.00696742 -0.030777 -0.0167971 0.0553879 -0.00102049 -0.0449888 -0.000495292 -0.0016316 -0.00543136 -0.0131476 -0.00232897 -0.00264599 -0.000652168 -0.000484171 -0.0203087 -0.00177612 -0.00778372 -0.00141737 -0.00278717 -0.0472368 -0.0724778 0.00198477 0.0101353 0.00776212 0.0507133 0.00818023 -0.00929642 0.0106269 -0.00134132 -0.000927865 -0.00133945 -0.0306999 -0.00306556 -0.00145617 0.00293314 0.0517654 0.0266314 -0.000596651 -0.0148934 0.00435818 -0.0165433 -0.00922244 0.00391065 0.02767 0.040778 0.0741712 0.000268415 0.0619052 -0.00469993 -0.00281504 -0.0159891 -0.0374028 -0.00729331 0.0348693 -0.0151176 0.00764878 -0.0128138 9.63199e-05 0.0239477 0.0431904 0.058265 0.00190391 -0.00876599 -0.00179386 -0.00212245 -0.0051176 -0.0574459 0.00375527 -0.00126028 0.000397337 -0.00478229 -0.0201538 -0.0113394 -0.000449082 -0.00355213 -0.00492029 0.00145492 0.006075 0.0198935 -0.0104173 
-0.00154907 0.00422846 -0.0137744 -0.0779574 0.124689 0.0012528 0.0625473 0.128284 0.000152092 -0.0380993 0.0653412 -0.0670598 0.220884 -0.0337402 0.0423429 -0.0140468 0.0032024 -0.00744901 -0.00913356 0.114928 -0.018795 0.0195436 0.0106556 -0.0987606 -0.000917561 0.0812364 -0.00185199 -4.92277e-05 -0.00819359 -0.00335446 -0.00355195 -0.00336715 0.00275289 -0.00014215 -0.00895733 0.00405403 -0.0294468 -0.00350557 -0.0136769 0.0381781 0.164001 -0.00530963 -0.0478816 -0.00525912 -0.0837477 -0.0184274 -0.0224821 -0.0489192 6.45794e-05 -0.00208078 0.00141718 0.0606146 0.00676173 -0.00081565 -0.014376 -0.0771966 -0.0761867 -0.00169847 0.0322094 -0.0230347 -0.0309233 -0.0122685 -0.00521869 -0.0360702 -0.0506833 -0.0775355 -0.00535588 -0.102145 0.0450162 -0.000895608 -0.0261351 0.101459 0.0890836 -0.0470453 0.0683494 -0.0546808 0.00667942 7.23994e-06 -0.0578167 -0.0629193 -0.0771921 -0.011534 0.0193917 0.00425962 -0.000135029 -0.021802 0.0997189 -0.00675369 0.00229461 -0.00227522 -0.0289527 0.035514 -0.0407356 -0.000406458 -0.0102209 0.00525503 -0.00156225 -0.00713926 -0.0237466 0.0205748 
0.000245882 -0.00343714 -0.000428509 -0.0223584 -0.0166325 -0.000560018 -0.0164988 -0.0288873 -0.000452509 0.0691338 -0.0326437 0.0295505 -0.0337402 0.126629 -0.010021 -0.042856 -0.0017023 0.00291878 0.0219348 0.00927563 -0.0172101 -0.0198358 -0.0334526 0.0634468 0.000304537 -0.00750722 -0.000230779 -0.000337061 -0.00390892 -0.0107078 -0.00765618 -0.00160337 -0.000686284 -0.000489441 -0.0275764 0.0012135 -0.0116646 0.00531947 -0.00598667 -0.0332329 -0.0285947 -0.00192343 -0.0390261 0.00867515 0.0546838 -0.0114897 -0.00978316 0.0272167 -0.000634454 -0.0010454 0.000275745 0.0256893 -0.00214803 -0.000806962 -0.0037771 0.0623198 0.0749342 0.00388058 -0.0462376 0.0111038 -0.0302808 -0.00625158 -0.00237943 0.012871 -0.0123039 0.061412 -0.00139885 0.0700619 0.028489 -0.00130528 -0.0229519 0.00169491 -0.0384385 -0.0330182 -0.0504528 -0.0274223 -0.0194323 -0.00081949 -0.00172414 0.0808012 0.00237005 -0.000951692 -0.00582346 -0.00366092 -0.00137557 -0.00417346 -0.0318404 -0.00329381 -0.000406911 -0.00135591 0.0209339 -0.0110786 -0.0109894 -0.000493758 0.00385775 -0.00366705 0.000441042 -0.00290209 -0.00549486 -0.00822632 
-0.000256743 0.000794514 -0.00475324 -0.0250472 0.0384567 0.00108198 0.0223231 0.039779 -0.000348394 -0.0139299 0.00956448 -0.0204799 0.0423429 -0.010021 0.0843777 0.00338606 0.00431929 -0.00226644 -0.0046374 0.0328909 -0.00742255 0.0107753 0.00514364 -0.0278022 0.00286201 0.0167354 -0.000498586 -0.00051461 -0.000406075 -0.00266904 0.001333 -0.000743503 -0.000305249 -0.000199544 0.00167221 0.00429873 -0.00110441 -0.000837097 -0.00163342 0.00974443 0.0310368 -0.000378144 -0.00966311 -0.002334 -0.0217561 -0.00611393 -0.00249492 -0.015778 0.000592113 0.000653259 7.52916e-05 0.00847839 0.00177789 -0.000335836 -0.00455324 -0.0396355 -0.0260334 -0.000134758 -0.00696306 -0.00387001 -0.00395282 0.00320963 -0.00114517 -0.0133669 -0.015133 -0.0242818 -0.000570036 -0.0379076 0.00792483 -0.000798552 -0.00379506 0.0108886 0.0132793 -0.0166711 0.0105479 -0.00446436 -0.000961928 -0.000374311 -0.0140164 -0.0150327 -0.0171134 -0.00201447 0.00126591 -0.00212816 0.000732651 -0.00365349 0.0213171 -0.00187392 0.00130711 -0.000822733 -0.00954083 0.00656316 -0.00465638 -5.54855e-05 -0.00119186 0.00458243 -0.000382155 -0.00180327 -0.00598866 0.0135034 
-0.00194478 0.00609034 -0.015838 0.00525869 -0.0018475 0.000549699 -0.0466053 -0.0342587 -0.00081661 -0.127677 0.0236412 -0.0134601 -0.0140468 -0.042856 0.00338606 0.215876 0.000288449 -0.00376532 -0.017007 -0.0661292 0.0549503 0.0137739 0.110354 -0.0838801 0.00514757 -0.0720997 0.00223582 -0.0027017 0.0111616 0.0433256 0.0196595 -0.00309703 -0.00111436 1.08729e-05 0.114974 0.000414132 0.0679046 0.000270279 0.0199931 0.0442421 -0.0264379 0.000330391 0.128731 -0.00556728 -0.0645162 0.0277038 0.0383046 -0.0425453 0.00211038 0.00101867 -0.000882051 -0.134603 0.00828216 -0.000338756 -0.0124871 -0.092381 -0.0760518 -0.00175729 0.0835559 -0.0184578 0.11988 0.0272517 0.00277174 -0.0560691 -0.0223351 -0.0776068 0.00370336 -0.111759 -0.0585407 0.00221981 0.0913191 -0.100555 -0.0146473 0.026809 -0.0370281 0.138699 -0.00314072 0.00184865 0.0497284 -0.0593718 -0.00398779 0.0153864 -0.0118771 0.00729388 0.00606744 0.0160354 -0.0546717 0.00816581 0.00478783 0.00480082 -0.0327174 0.0321309 0.05879 0.00133403 -0.00665963 -0.00197279 -0.00129755 0.00568705 -0.000372594 0.00152544 
5.88158e-05 9.65131e-05 -0.000579559 -0.00285831 0.000946128 0.000231405 -0.00058232 0.0053506 -1.95574e-05 -0.00390583 0.00394505 -0.00329611 0.0032024 -0.0017023 0.00431929 0.000288449 0.0115229 7.09322e-05 -0.000554354 0.00454528 -0.000142433 0.00622856 -0.000649721 -0.00320666 4.38112e-05 0.00274261 -3.78145e-05 -9.0625e-05 0.000483585 -0.000509497 -0.000336494 4.75595e-05 -2.71412e-05 0.000156478 -0.000431255 0.000865403 5.39928e-06 0.000439903 0.00107077 0.000462614 0.00283786 0.000483554 -0.00163959 -0.000287064 -0.00237587 0.000538156 4.83792e-06 -0.00181051 -4.83225e-05 0.00100878 4.88387e-05 3.76028e-05 -0.000180735 0.000168834 -0.000579562 -0.00507344 -0.0032844 -5.77228e-05 -0.00226489 7.1414e-05 -0.000401691 0.00115275 -9.57235e-05 0.00127092 -0.0018673 -0.00253825 -7.66677e-05 -0.0048233 -0.00286899 -3.96105e-05 -0.000119616 0.0013126 -0.0023882 -0.00193694 0.000671153 0.000271377 0.00449748 -2.93328e-05 -0.00150277 -0.00183586 -0.00203341 -0.000306442 5.55859e-05 -0.000202805 0.000107077 0.000163635 -0.00254284 -0.000111975 8.08869e-05 -0.000102788 -0.0012464 0.000745351 0.000481561 8.72169e-05 -7.06948e-05 2.25189e-05 3.74332e-05 0.000478291 7.09276e-05 -0.00015739 
0.000109966 -0.00038628 -0.000276986 0.00339453 -0.00452951 -8.67708e-05 -0.00227613 -0.00491699 -4.11214e-05 0.00810015 -0.00409431 0.00179595 -0.00744901 0.00291878 -0.00226644 -0.00376532 7.09322e-05 0.0252693 0.000923046 -0.0055293 -0.00186619 -0.00103984 -0.00326793 0.0066763 -0.000219356 -0.000623952 -0.000110298 -5.39646e-06 0.000352113 -0.00175084 -0.00100328 -0.000198689 -0.000119339 -6.53426e-05 -0.00417535 -0.0001372 -0.0013531 0.000165679 9.89218e-05 -0.00356796 -0.0062045 0.000211489 -0.00530186 5.2105e-05 0.00423585 0.000193652 -0.000816509 0.00297364 -5.5678e-05 0.000377767 6.9453e-06 -0.00145469 -0.000429687 3.54182e-05 0.00024619 0.00850654 0.00772963 -0.000104718 -0.00818908 0.00236132 -0.00401818 -0.000482224 1.35546e-05 -0.0013656 0.00101098 0.00588577 -0.000358101 0.00930507 0.00169088 -0.000200086 -0.00321476 0.00238468 -0.00485839 -0.00119921 -0.00279432 -0.000523138 0.000425921 -0.000143592 -0.00418752 0.00453807 0.00233911 -0.00123199 -0.000751996 -0.000550986 -0.000283878 0.000517229 -0.0046182 0.000486394 -0.000147029 -0.000181987 0.00312678 -0.00198398 -0.00195624 -9.64041e-05 -7.95286e-05 -0.00100608 0.000264679 0.00103548 0.0053213 -0.00123972 
5.97434e-05 -0.000965205 -0.00142749 -0.000258138 -0.0112424 -0.000143064 -0.00254561 -0.00797449 -0.000105252 0.0210765 -0.00704543 0.00692668 -0.00913356 0.0219348 -0.0046374 -0.017007 -0.000554354 0.000923046 0.053179 0.00280047 -0.00667398 -0.00573744 -0.0150861 0.0201836 -0.000275912 -0.0120864 -0.000211202 -0.000438347 -0.00123793 -0.00370525 -0.00200251 8.45602e-05 -0.000192204 -2.75333e-05 -0.00951368 0.000121681 -0.00630629 0.00202891 -0.00267322 -0.00898112 -0.00628268 -0.000363222 -0.014605 0.00888255 0.0169696 -0.00385421 -0.00294165 -0.00140809 -0.0002911 -0.000418825 -0.000220636 0.016721 -0.000525668 -0.000185779 -0.00230117 0.0177986 0.0187696 0.000872572 -0.0167919 -0.00114736 -0.0114328 -0.0020311 -0.000193266 0.00673962 -0.00196188 0.019661 0.00073706 0.0237485 0.00310006 -0.000348136 -0.00863541 -0.00584074 -0.00785208 -0.00915754 -0.0136675 -0.0152438 -0.00700874 -0.000185132 -3.9315e-06 0.0240388 -0.00211589 0.00166605 -0.00131016 -0.000808441 -0.00062057 -0.00259862 0.00123989 -0.00134417 -0.000690185 -0.000460337 0.012189 -0.00704198 -0.00540789 -4.72649e-05 0.00145988 -0.00111859 -0.000237134 -0.00116477 -0.00345206 -0.00240693 
-0.000754424 -0.005604 -0.0160431 -0.0776719 0.0928505 0.00077924 0.0820749 0.112052 -0.000247457 0.0196474 0.0248437 -0.0741456 0.114928 0.00927563 0.0328909 -0.0661292 0.00454528 -0.0055293 0.00280047 0.22272 -0.0362219 0.0232384 -0.034647 -0.0371629 -0.00165367 0.1047 -0.00193218 0.00172186 -0.00837063 -0.0188268 -0.0133256 -0.000399832 0.000181676 -0.000769058 -0.0544922 0.00318216 -0.0364316 0.00240088 -0.0152688 0.0258371 0.120415 -0.00762691 -0.0803579 -0.00708295 -0.03766 -0.0265742 -0.0240708 -0.013261 -0.00153121 -0.00176207 0.000998162 0.103143 -0.0056562 -0.000162841 -0.0132473 -0.0329324 -0.0234645 0.00084808 -0.0180738 -0.014034 -0.0596316 -0.0126545 -0.00516247 -0.0311379 -0.0476553 -0.0562159 -0.00315516 -0.0461763 0.0384165 -0.000867243 -0.0466367 0.115603 0.0454046 -0.0585057 0.0661836 -0.0724714 -0.00162501 -0.00189306 -0.0544133 -0.00853567 -0.0603032 -0.00609336 0.0205479 -0.000405947 -0.00328862 -0.0181496 0.0904571 -0.00785175 -0.00338759 -0.00283065 9.91814e-06 0.00739035 -0.0393209 -0.00128196 -0.00294344 0.00131668 -0.00203787 -0.0063443 -0.0246751 0.00737163 
-0.000526458 0.00285466 -0.00617356 -0.0307159 -0.0188547 -0.000287544 -0.0217103 -0.0247753 -0.000449524 -0.0558533 -0.00375926 0.00696742 -0.018795 -0.0172101 -0.00742255 0.0549503 -0.000142433 -0.00186619 -0.00667398 -0.0362219 0.109456 -0.00419039 -0.00240184 -0.0270304 -0.000327542 -0.0366115 0.00178755 0.000665934 -0.00308165 0.0161731 -0.00306653 -0.00143095 -0.000560547 0.00176697 0.059101 -0.000983965 0.0152752 0.000109161 0.0178157 0.00840608 -0.0238238 -0.000407038 0.0642559 -0.00195409 -0.0173791 0.0405835 -0.0075452 -0.0219218 -3.47615e-05 0.000484303 -0.000522611 -0.0611369 0.00139848 -0.000287775 -0.00454886 -0.0463833 -0.0338577 -0.000712742 0.0253194 -0.00664343 0.0667424 0.0208981 0.0132296 -0.000495693 0.00919794 -0.0204525 0.00587104 -0.0493902 -0.0285747 0.0018917 0.0646753 -0.0518721 -0.00773809 0.0231655 -0.00969685 0.0473241 0.0237826 0.000429838 0.0210866 -0.0279671 -0.0078211 0.0178616 -0.00475171 0.00427316 0.000364685 0.00342707 -0.028286 0.0126059 0.00222482 0.00340483 -0.0134611 0.0197387 0.0142515 -0.000121851 -0.00321578 -0.00409145 0.000754772 0.000511854 0.0160926 -0.00495783 
-0.000179798 0.00019701 -0.00736367 -0.0127886 0.0149952 0.00180746 0.0157352 0.0313738 -0.000403631 -0.0486207 0.0271564 -0.030777 0.0195436 -0.0198358 0.0107753 0.0137739 0.00622856 -0.00103984 -0.00573744 0.0232384 -0.00419039 0.127124 0.00198926 -0.0308083 0.000288352 0.0163525 -0.000244991 0.000160823 0.00312698 -0.00427903 0.000593455 -0.000605122 0.00057053 -0.000390107 0.00672958 0.000807396 0.0100007 -0.00196789 -0.00381251 0.0403055 0.0205376 -0.00288816 0.0175128 -0.00402726 -0.0210151 -0.00550906 0.0128433 -0.0239737 5.58297e-06 0.000116298 -0.000260353 -0.00689844 -0.00269798 0.00151527 -0.00632385 -0.0602217 -0.0403695 -0.0006808 0.0139912 0.00306111 0.01412 0.00129505 -0.000318871 -0.00646999 -0.01743 -0.0344722 0.000613883 -0.0530816 -0.0248831 -0.000502195 0.00256809 0.00956013 0.00699191 0.00764878 0.00519153 0.00935695 -0.00258002 -0.000700606 -0.00800451 -0.0205221 -0.015074 -0.00304666 0.00782159 -0.0011399 0.000447133 0.0194156 0.0194329 -0.00112045 -0.0011581 0.000123058 -0.0140242 -0.00591954 0.0104663 -0.00012157 0.000501445 0.00478975 -0.00112533 0.00322574 -0.00166859 -0.00475251 
-0.00129107 0.000235145 -0.0137069 0.0502171 0.00439035 -0.000375804 -0.034276 -0.0122698 -0.00028914 -0.0890758 0.0336651 -0.0167971 0.0106556 -0.0334526 0.00514364 0.110354 -0.000649721 -0.00326793 -0.0150861 -0.034647 -0.00240184 0.00198926 0.222283 -0.0353974 0.00237469 -0.0506109 -0.000442324 -0.00161464 0.00637449 0.0261511 0.0316212 -0.00221183 -0.000534334 -0.00070696 0.0365481 0.000631843 0.0259095 -0.00159847 -0.00919204 0.00341557 -0.00709352 0.00420291 0.0695735 -0.00283063 -0.0303571 -0.00746714 0.027476 -0.00288482 0.00217768 0.00164774 -3.21763e-05 -0.084833 0.00701631 -0.000635689 -0.00858646 -0.0453224 -0.0378948 -0.00169375 0.0466584 -0.00977844 0.0333505 -0.0060639 -0.00522704 -0.0555999 -0.00435511 -0.0642391 -0.00586927 -0.0471682 0.00824424 -0.00181182 0.0231699 -0.0687879 -0.00918585 0.0108653 -0.00783517 0.0749681 0.00435279 9.88468e-05 0.0339658 -0.0496554 0.0321755 -0.0113186 -0.00986566 -0.00178935 0.00259676 0.00587212 -0.0316518 -0.00138151 0.00424401 0.000427807 -0.0205982 0.0136769 0.0162943 1.41258e-06 -0.00898794 -0.00303284 -0.000762223 0.00691464 0.00294747 0.00961398 
0.00182148 -0.00824991 -0.000815066 0.0303287 -0.0742516 -0.00136861 -0.0288189 -0.0678413 -0.00106763 0.116962 -0.0611737 0.0553879 -0.0987606 0.0634468 -0.0278022 -0.0838801 -0.00320666 0.0066763 0.0201836 -0.0371629 -0.0270304 -0.0308083 -0.0353974 0.235826 -0.00223268 -0.0154066 -0.00240261 0.00131522 -0.00767396 -0.0285271 -0.00621161 0.00237113 -0.00168268 -0.000788348 -0.064532 -0.00295996 -0.0403521 -0.000407663 -0.0105013 -0.0838459 -0.0833149 0.00227066 -0.0667142 0.0126754 0.145698 -0.00942369 -0.0211974 0.10619 -0.00112896 6.89404e-05 -0.000474199 0.0231792 -0.00602603 -0.00151243 0.00142293 0.129625 0.13799 0.00281108 -0.122543 0.0429266 -0.0713386 -0.0142571 -0.00531239 0.0584941 0.00363282 0.104167 -0.00591753 0.164387 0.0678081 -0.00215009 -0.0527941 -0.0391221 -0.0984321 -0.0377427 -0.0335632 -0.0661435 0.0200329 -0.00210126 0.027554 0.0949361 0.0743806 -0.00927387 -0.0162782 -0.00915597 -0.00369974 0.000879512 -0.0676863 -0.00722582 -0.00193952 -0.00271834 0.0408862 -0.0414286 -0.0269249 -0.000985191 0.0098995 -0.00746468 0.00132676 -4.82107e-05 0.00261295 -0.0189764 
-2.3702e-05 0.00015818 -0.000438802 -0.000923734 0.000318962 4.74516e-05 -0.00182408 -0.00183753 1.51402e-05 -0.0037227 -0.00116386 -0.00102049 -0.000917561 0.000304537 0.00286201 0.00514757 4.38112e-05 -0.000219356 -0.000275912 -0.00165367 -0.000327542 0.000288352 0.00237469 -0.00223268 0.00952165 -0.00279222 9.42638e-05 3.69045e-05 0.000277239 0.00168696 -7.02489e-05 -6.83576e-05 -4.1034e-05 0.000131424 0.00490394 0.000503326 0.00527126 0.000331823 0.00128496 0.000704323 -0.00196397 -7.54265e-05 0.00287041 -3.44477e-06 -0.00161426 -0.000659879 0.0020672 -0.0010454 0.000261638 0.000188084 7.60053e-05 -0.00421852 0.000634819 -4.55776e-05 -0.000361983 -0.00305056 -0.00198057 -1.13982e-05 0.00204125 -0.000312885 0.00323855 0.00168645 -0.000166203 -0.00152688 -0.00170086 -0.00234681 0.000543844 -0.00284779 -0.00224036 -4.91011e-05 0.00230236 -0.00377779 -0.0027126 -0.000587533 -0.00431228 0.00482127 -0.00156498 0.000211983 0.000245534 -0.000579328 -0.000434043 0.00139188 -0.00038695 7.96268e-05 0.00081106 0.000185214 -0.00267273 -0.000175259 5.68072e-05 5.62789e-05 -0.000911426 0.00146419 0.00272168 2.63507e-05 7.455e-05 0.000393009 -5.46308e-05 0.000120958 -0.000457492 -0.000477396 
-0.00123985 -0.00333712 -0.00104712 -0.0492113 0.0516658 0.000922677 0.0627503 0.0889536 -5.9274e-05 0.0497483 0.0256344 -0.0449888 0.0812364 -0.00750722 0.0167354 -0.0720997 0.00274261 -0.000623952 -0.0120864 0.1047 -0.0366115 0.0163525 -0.0506109 -0.0154066 -0.00279222 0.217509 -0.00168732 -0.000255225 -0.00806667 -0.0225345 -0.0137031 -0.00282702 0.00148798 -0.000951939 -0.0602278 0.000366501 -0.0331059 -0.001952 -0.012017 -0.00801844 0.0994731 -0.00664255 -0.0780175 -0.00684027 -0.029727 -0.0171016 -0.0223157 -0.0115332 -0.00151225 -0.00223415 0.000727554 0.111738 -0.00476594 -0.000842008 0.00403862 -0.00103002 -0.0142142 -0.000226363 -0.0192643 -0.0161466 -0.0641016 -0.0141016 -0.00600554 -0.00919794 -0.0194277 -0.0186495 -0.00622383 -0.0115585 0.0247028 -0.0015367 -0.048889 0.135145 0.031824 -0.0474753 0.0701436 -0.0793738 0.0189061 -0.00200797 -0.0611603 -0.00410089 -0.06251 -0.0129972 0.00549939 0.00137496 -0.00328804 -0.0155143 0.0617532 -0.00716055 -0.00378493 -0.00272511 -0.0116889 -0.00433996 -0.0361222 -0.00130135 -0.00953338 -0.0102034 -0.00181286 -0.0061398 -0.0166916 0.00887397 
2.07176e-05 0.000175781 -8.05041e-05 -0.000568508 -0.000695356 4.02996e-05 -0.00102565 -0.00127672 3.79737e-05 -0.00162771 -0.000665833 -0.000495292 -0.00185199 -0.000230779 -0.000498586 0.00223582 -3.78145e-05 -0.000110298 -0.000211202 -0.00193218 0.00178755 -0.000244991 -0.000442324 -0.00240261 9.42638e-05 -0.00168732 0.00883258 -5.13206e-05 -0.000155853 0.00149277 2.35007e-05 -3.2674e-05 -2.52381e-05 6.63152e-05 0.00172892 9.58414e-06 0.00134223 0.000266786 0.000268587 0.00176532 -0.00187023 -0.000138697 0.00136028 -3.82602e-06 -0.00149545 0.000708282 -0.000228604 -0.00120969 0.000160887 -2.51805e-05 6.03686e-05 -0.00181624 0.000133573 -3.19444e-05 -0.000205237 -0.00179382 -0.000887677 -4.05015e-05 0.000873928 -0.000685243 0.00272022 0.00078997 0.000107258 5.99551e-05 -0.000218442 -0.000905258 0.000164679 -0.00163777 -0.0023068 7.65511e-05 0.0035765 -0.00147823 -0.000872178 0.00221033 -0.00162567 0.00269467 -0.000308116 0.000126626 0.000150863 -0.00102074 -0.00101163 0.000401701 -0.000207653 -0.000124745 3.56559e-06 0.00040867 -0.00130779 0.00115097 5.60587e-05 0.000119785 -0.000615905 0.000924888 0.000644931 0.000126208 0.000273569 0.000217207 -4.14076e-05 3.03527e-05 0.000286873 -0.00034331 
-2.68548e-05 -0.00016668 -0.000572904 -0.00136619 0.000618707 -2.09229e-05 0.00310494 0.000903634 -3.50858e-05 -0.00354952 -0.00179143 -0.0016316 -4.92277e-05 -0.000337061 -0.00051461 -0.0027017 -9.0625e-05 -5.39646e-06 -0.000438347 0.00172186 0.000665934 0.000160823 -0.00161464 0.00131522 3.69045e-05 -0.000255225 -5.13206e-05 0.0122342 0.000115167 -0.000707238 9.69138e-05 0.000110005 -2.42179e-05 2.28713e-05 -0.000398512 -3.45921e-05 -0.000709794 -2.07307e-05 -0.000353209 0.000217729 0.00024776 -0.000261938 -0.000584435 -0.000263937 0.00246346 -0.000413658 -0.000316134 -0.00133136 3.36872e-05 0.000133551 -3.23659e-06 -0.00174514 -0.000186703 0.000260792 -0.000343465 -0.00307559 -0.00180119 -3.05562e-05 -0.00285272 0.000818197 -0.00122865 -0.000246164 -6.14263e-05 0.000353392 0.000972025 -0.00115716 7.48951e-05 -0.00110683 0.00385862 0.00010248 -0.000272324 -0.000169821 -0.00154947 0.000408241 -0.000286 -0.000183634 0.0018352 -5.74932e-05 0.000155724 -0.000232179 0.00123077 -0.000402086 0.000121239 -0.000176668 -6.99416e-05 6.34577e-05 0.000300629 3.4368e-05 -6.08091e-05 0.000271215 8.64391e-05 0.00145854 -0.000382114 -1.35103e-05 4.35375e-05 0.000591904 0.000126126 -2.83016e-05 0.00144666 -0.000455518 
-8.55708e-07 0.00133123 -0.00144637 0.00386277 -0.00560897 0.000219259 -0.00250456 -0.00431844 -8.26835e-05 -0.0116936 -0.00261729 -0.00543136 -0.00819359 -0.00390892 -0.000406075 0.0111616 0.000483585 0.000352113 -0.00123793 -0.00837063 -0.00308165 0.00312698 0.00637449 -0.00767396 0.000277239 -0.00806667 -0.000155853 0.000115167 0.0274473 0.00160189 0.00240741 0.00154751 -0.000139042 2.3411e-06 0.00287921 0.000270429 0.011961 4.49281e-05 0.00028934 0.00689784 -0.00695008 0.000863632 0.0175773 -0.000552127 -0.00202651 -0.00192229 0.0172576 -0.00295174 0.000145497 0.0011238 -9.09804e-05 -0.0138375 9.26542e-05 0.00038969 -0.000944183 -0.00672105 -0.00719366 -8.01995e-05 0.00290595 0.00204802 0.0104419 0.000803369 -0.000413968 -0.00450817 -0.00366083 -0.00763695 0.00251824 -0.0107006 -0.00785478 0.000757474 -0.000444433 -0.0120165 -0.00423349 0.00223727 -0.0139299 0.0142389 -0.00453353 0.000289345 0.0043291 -0.00325834 0.0112888 0.00219399 -0.000941448 -0.000565743 0.00174471 0.0066342 -0.00603339 0.000207653 -1.99919e-05 0.000272538 -0.00253601 -0.003483 0.0119666 -2.0615e-05 0.0020046 0.00404944 -0.000143156 0.00202792 0.00185433 0.00022554 
-0.000441741 0.0023005 -0.00330056 0.000748569 -0.00166176 -0.000100311 -0.0092731 -0.00748178 -0.000251868 -0.0359546 -0.0122642 -0.0131476 -0.00335446 -0.0107078 -0.00266904 0.0433256 -0.000509497 -0.00175084 -0.00370525 -0.0188268 0.0161731 -0.00427903 0.0261511 -0.0285271 0.00168696 -0.0225345 0.00149277 -0.000707238 0.00160189 0.0706217 -0.00226086 -0.000334727 0.000738747 1.76355e-05 0.0480311 -8.52572e-05 0.0199884 -0.000683585 0.00751486 0.0296754 -0.00342061 -0.00134701 0.02336 -0.00209316 -0.0210175 0.00811731 0.0101561 -0.0152405 -0.000189947 -0.000198713 -0.000279046 -0.0315776 -0.000267862 -0.00034432 -0.00301863 -0.0255154 -0.0215406 -0.000449805 0.0354944 -0.00619044 0.0423577 0.0144311 -0.000820556 -0.0154699 -0.00977493 -0.0202063 -0.000801295 -0.0318695 -0.0274667 0.000731428 0.0274462 -0.0201299 -0.0112509 -0.00684625 -0.00969592 0.0368187 0.00578194 0.000396299 -0.00594875 -0.0155447 -0.0115919 -0.000887949 0.00055357 0.00292641 0.00205691 0.00623697 -0.0151732 0.0033201 0.000211769 0.00119639 -0.00738475 0.023833 0.0231023 0.000833139 -0.00148027 -0.00115607 -0.000107217 -0.000857767 -0.0035289 -0.00393206 
-0.000250368 -0.000867584 -0.00163209 0.00982985 -0.00680658 -0.000201235 -0.00466294 0.000467198 -0.000192609 -0.0247546 0.0288303 -0.00232897 -0.00355195 -0.00765618 0.001333 0.0196595 -0.000336494 -0.00100328 -0.00200251 -0.0133256 -0.00306653 0.000593455 0.0316212 -0.00621161 -7.02489e-05 -0.0137031 2.35007e-05 9.69138e-05 0.00240741 -0.00226086 0.0529342 -0.000175001 -0.000121407 -2.81679e-05 -0.00169777 0.000423658 -0.000306587 -0.00083101 -0.00196721 -0.00484134 -0.00159551 0.00218392 0.0240963 0.00365575 -0.0124419 -0.00328261 0.00338105 -0.00931979 0.0017417 -6.84767e-05 -8.22028e-05 -0.0174365 0.000743982 0.000513792 0.000998969 -0.0210743 -0.0137526 -0.000271966 0.00463805 -0.00404439 -0.00139937 -0.00212209 -0.00111846 -0.00842721 0.00332203 -0.0128136 -1.98151e-05 -0.0113458 0.00439125 -0.000260935 0.00427193 -0.0174184 0.0110356 0.0153821 0.000603143 0.0119357 -0.00571562 -2.7496e-05 0.023882 -0.0135154 0.00209691 -0.0017564 -0.00170938 -0.000775357 9.9989e-05 -0.00268731 0.00111062 -0.00111981 0.000862602 0.000225376 -0.00597209 -0.0059793 -0.000391279 -0.00017059 -0.00230624 -0.000916426 -0.000244368 0.00365913 0.000413394 0.0129713 
0.000373259 0.000373878 0.000218797 0.00119431 -0.00166905 8.18478e-05 0.000629296 -0.00146614 2.49507e-05 0.00275686 -0.00273418 -0.00264599 -0.00336715 -0.00160337 -0.000743503 -0.00309703 4.75595e-05 -0.000198689 8.45602e-05 -0.000399832 -0.00143095 -0.000605122 -0.00221183 0.00237113 -6.83576e-05 -0.00282702 -3.2674e-05 0.000110005 0.00154751 -0.000334727 -0.000175001 0.0128633 -6.04698e-05 -1.64107e-05 -0.0022979 -2.8291e-05 -0.000744053 -6.12819e-06 -0.000198896 -0.00181176 -0.00241388 -0.000111535 -0.00119151 -0.000135629 0.00045568 -0.000947503 -0.000366469 0.000607997 -3.62827e-05 0.000761629 5.06963e-05 0.000138313 -0.000255089 -2.30518e-06 0.00105319 0.00175194 0.00063171 -5.94503e-05 -0.0025201 0.000729535 -0.00144087 -0.000393525 -3.80315e-05 0.00242033 0.000926612 -0.00040495 0.000852588 0.00136417 -0.000678478 0.000163343 -0.00178366 0.000215601 -0.000773208 0.000942043 0.00177852 -0.000462878 -0.00124101 0.000262354 -0.000442944 0.00129504 0.000165375 0.000209136 0.000248275 -2.28938e-05 9.57171e-06 0.00109842 0.00116884 -0.000154692 -9.66443e-05 0.000108312 0.00159053 -0.000453219 -0.00106791 0.000249939 0.00354157 0.00138859 9.41737e-05 -0.000184796 6.94663e-05 -0.000566789 
-1.9412e-05 0.000322697 -0.000167671 -0.00127156 0.000595911 4.32765e-06 0.00188844 0.00250198 1.72483e-05 -0.0014291 0.000959469 -0.000652168 0.00275289 -0.000686284 -0.000305249 -0.00111436 -2.71412e-05 -0.000119339 -0.000192204 0.000181676 -0.000560547 0.00057053 -0.000534334 -0.00168268 -4.1034e-05 0.00148798 -2.52381e-05 -2.42179e-05 -0.000139042 0.000738747 -0.000121407 -6.04698e-05 0.00507994 -6.39918e-07 -0.000671337 -1.06998e-05 -0.000537375 -7.33863e-05 -0.000240804 0.00150688 0.00296165 -4.82356e-05 -0.000815568 -0.000116716 -0.0013104 -0.000255091 -0.000371466 -0.000942766 -2.38018e-05 -4.05434e-05 2.54864e-06 0.000589782 -5.1777e-05 -1.32857e-05 -0.000122562 -0.00148098 -0.00127062 -2.66601e-05 0.00223219 -0.000256341 -0.000677327 -0.000219273 -5.21585e-05 -0.000681488 -0.000719363 -0.00126542 -0.000104249 -0.00180485 -0.00072218 -3.75993e-06 -0.000738796 0.00198372 0.00203739 -0.000712521 0.00131752 -0.00133613 -0.000305474 -1.37431e-05 -0.00107335 -0.00130969 -0.0013264 -0.000272923 0.000347924 0.000414204 -3.41171e-05 -0.000316003 0.00279778 -8.70158e-05 -5.14723e-05 0.000130485 -0.000485452 0.000244382 -0.000604623 -1.01762e-05 -0.000127114 -0.000158559 -2.46756e-05 -8.52222e-05 -0.000392554 -9.77178e-05 
4.70222e-05 0.000339982 -5.99928e-05 -0.000646464 -0.000644526 6.41744e-06 -0.000552934 -0.000565571 0.000125354 -0.00120522 9.68435e-05 -0.000484171 -0.00014215 -0.000489441 -0.000199544 1.08729e-05 0.000156478 -6.53426e-05 -2.75333e-05 -0.000769058 0.00176697 -0.000390107 -0.00070696 -0.000788348 0.000131424 -0.000951939 6.63152e-05 2.28713e-05 2.3411e-06 1.76355e-05 -2.81679e-05 -1.64107e-05 -6.39918e-07 0.00348818 -7.20213e-05 -1.98616e-05 9.51119e-05 -4.78639e-05 0.000256316 -0.00025767 -0.000485724 0.000418716 0.000796976 5.8994e-05 -0.000491534 0.000171243 -0.000244774 -0.000200261 0.000226903 -3.13049e-06 1.26487e-05 -0.000933094 0.000195165 5.10637e-06 0.000530061 -0.000836205 -0.000675067 1.03532e-05 0.00090015 -0.000165366 0.000766611 6.9683e-05 0.00053074 0.000863396 0.000565613 -2.70171e-05 0.00121639 -0.000787139 -0.000361464 4.39143e-05 0.00109195 -0.00109031 -5.26667e-05 0.000750203 -4.93391e-05 -0.000833863 0.000273578 0.00010721 4.45363e-06 -0.000859585 -0.000680578 0.00130486 4.21013e-05 0.000223859 -2.77096e-05 -0.000216315 -0.000103915 -7.19501e-06 0.000333511 0.000137812 -0.000180962 0.000252212 -0.000162917 2.2231e-05 -0.000113032 -0.000126985 0.000376876 -9.21847e-06 -2.07876e-05 -5.55643e-05 
