0.00827642 0.000332593 -0.00276088 0.00444265 0.000202811 0.00305353 -0.000118932 -2.78699e-06 -0.00181675 0.0012991 -0.0022782 -0.00239003 0.000327769 0.00105653 0.00506643 0.000289467 -0.000266024 0.000822167 0.00138104 -2.98577e-05 0.00153432 0.00171801 0.000112793 0.00104495 7.92169e-06 -0.00136225 -0.00260883 0.000175652 0.0026393 -0.00269722 5.55731e-07 -0.000778422 -2.35406e-05 -0.00039536 6.01451e-06 -0.000542521 0.00477407 -3.21292e-05 0.000700006 -0.00213673 -0.000431785 8.66751e-05 -0.0016588 -0.000865811 -7.98741e-06 -0.00221917 -0.00416801 -0.00125634 3.70585e-05 0.000182571 3.15476e-05 2.56527e-06 -8.1729e-05 3.24431e-05 0.00379144 0.000695856 -0.000281623 -0.000186286 7.26194e-05 0.000899004 -0.000202015 0.000213012 -2.57775e-05 -0.00241582 8.18097e-05 -5.86184e-05 0.000297581 -1.23357e-06 -0.00223136 -0.000668913 0.000798313 2.62875e-05 0.00284142 0.000770585 -0.00156814 -7.36736e-05 -0.00282512 -0.000465262 -0.0019622 -0.000303271 -0.0009956 -0.000683661 0.000138084 -0.000631753 6.77519e-05 -0.00129963 0.00299861 -0.000311276 0.00168119 -0.000103427 -0.00176532 2.12101e-05 1.35749e-05 -0.00281474 -6.61761e-07 1.2458e-06 -4.13059e-05 0.00185538 -0.000225774 -0.00382939 
0.000332593 0.128075 -0.0234693 0.0428914 0.000448608 0.0292893 0.00444525 3.35517e-05 -0.0275574 0.00704665 -0.0351922 -0.027223 0.000496923 -0.000501978 0.000580594 0.00792999 0.0259176 -0.000176931 0.0258307 -0.000828932 0.00487396 0.0160776 9.78186e-05 -0.0135661 -6.35442e-05 0.0298663 -0.0442142 0.0239924 -0.000884291 -0.0191177 -0.000141515 -0.0395632 0.000979367 -0.0062666 -0.00104929 -0.0256801 0.00580311 0.00375127 -6.30266e-05 -0.0282106 -0.00568955 -0.00234172 -0.000175992 0.0254101 0.000114781 -0.0274468 -0.0274532 -0.0148557 2.64516e-05 -0.000132714 0.00181584 -0.000197334 -0.00104143 0.00133999 0.00787843 0.000975507 -0.000447524 0.00503414 0.00189967 0.000570948 -0.00155006 -0.00420218 0.000929103 -0.0228448 -0.000446177 -0.00202547 0.0256519 -3.36202e-05 -0.048468 -0.00261438 0.000556585 0.000872058 0.0114857 0.0122524 -0.0226636 0.00073534 -0.0413225 0.00362687 0.0135541 0.00457209 -0.00211556 -0.010655 -0.00029867 -0.0176711 0.0020007 0.0153212 0.0319993 0.0157977 0.0163563 -0.00487205 0.0212217 0.0164747 -3.70598e-05 -0.0226423 -3.64459e-06 0.0368747 -0.000441039 -0.0157855 -0.00584624 -0.034017 
-0.00276088 -0.0234693 0.239412 0.000541427 0.00183009 -0.0705354 -0.00463596 -0.000153527 -0.0416926 -0.00538973 -0.0754786 -0.0943457 -0.00362356 -0.00985566 -0.0251324 -0.00621755 -0.0158714 -0.00117672 -0.0625156 -0.000201073 -0.00965835 -0.013042 -0.00551041 0.0869205 8.94954e-05 0.0481774 -0.0598524 -0.00234629 -0.00561083 -0.0698234 -0.000470883 -0.0202554 0.000356417 -0.0168009 -0.00189097 -0.00347213 -0.00477357 -0.00311058 -0.0044763 0.1021 -0.012423 -0.00202757 0.0822457 -0.00962666 0.000234695 0.1309 -0.0570381 -0.0203827 4.38842e-05 -0.00328893 -8.14985e-06 -0.000893145 -0.00380416 -0.000785005 -0.0299744 -0.00164229 -0.00179215 -0.00590418 -0.000975067 -0.00403553 0.00234866 -0.0101951 -0.00175395 -0.0868054 -0.00665321 -0.00389058 -0.017264 0.000168894 -0.100821 0.0445468 -0.000832798 -0.000580678 -0.0170177 -0.0103392 -0.0418236 0.00737383 -0.0773012 0.00533129 0.105994 0.00674684 -0.0409674 0.112135 -0.00206418 -0.0155401 -0.00085636 0.0571798 -0.034185 -0.0137721 -0.0359731 0.00857044 0.0548377 -0.0378043 0.00185747 0.1395 -8.39356e-05 -0.0163397 -0.00118512 -0.0134468 0.0860056 0.0808001 
0.00444265 0.0428914 0.000541427 0.197129 0.0029824 0.0573701 0.00201798 -0.000134457 -0.0593506 0.00850629 -0.0684268 -0.0838466 0.00280125 0.00691897 0.0414656 0.0019199 0.0110863 0.00189922 0.0148634 -0.00136459 0.0105837 0.021613 0.00116975 0.0733688 -0.000390893 0.0355935 -0.092155 0.0257979 0.0243873 -0.0678705 -0.000237087 -0.012165 -0.000527543 -0.0129605 2.94519e-05 0.000139901 0.0439948 0.00341154 0.00511089 -0.00500046 -0.00868028 -0.00382576 0.0165817 -0.00813378 0.000108444 0.0241895 -0.0553685 -0.0390823 -0.000143633 -0.00050015 0.000465351 -0.000616246 -0.0018922 -0.000590969 0.0193545 0.00342301 -0.00613997 0.00105869 0.00102543 0.00601666 -0.000717777 -0.00246793 -0.0013175 -0.0657196 -0.00100112 -0.00293429 -0.00745966 -4.66874e-05 -0.0941885 -0.0144846 0.00145583 -0.000231376 0.0140546 -0.00605187 -0.0510782 -0.00157122 -0.0927742 -0.000251324 0.023003 -0.00873672 -0.0206267 0.0274111 0.00166092 -0.023281 0.000249934 -0.00391853 0.00038019 0.000457885 0.0326246 -0.00953116 0.0388547 0.0161099 -0.000258146 0.0203076 -3.51137e-05 0.0225246 -0.000955005 0.00524005 0.0235404 -0.00309271 
0.000202811 0.000448608 0.00183009 0.0029824 0.0120408 -0.00255995 -8.83314e-05 1.01952e-05 -0.00194932 2.141e-05 -0.00277959 -0.00354553 -9.56646e-05 -0.000313096 -0.00045586 7.46007e-06 -0.000348266 0.000200419 -0.00540351 -3.16113e-05 2.85487e-05 0.000479788 -5.7067e-05 0.00255238 2.5551e-06 0.00540268 -0.00312657 0.000298558 -0.000136779 -0.00336159 3.45942e-05 0.00106846 0.000270463 -0.000441755 0.000891162 -0.00368686 -0.00109476 -0.000101742 -0.000152466 0.00329272 -0.000666856 0.000364663 -0.00305638 -0.00062414 0.000339771 0.00318868 -0.00508733 -0.00104631 2.11433e-06 -0.000127521 8.08679e-06 -3.75058e-05 -0.00013261 -2.14437e-06 -0.000637051 0.000179628 -0.000435273 0.000234055 7.67141e-06 0.000239658 4.56178e-05 0.00219073 -7.06266e-05 -0.00324819 0.000180084 3.48772e-05 -0.000303367 -8.54298e-07 -0.00384947 0.00351746 -1.85801e-05 0.000245373 0.000813117 -0.000889692 -0.00177131 -0.000153706 -0.00349836 0.00265412 0.00580337 0.000786167 -0.00104043 0.0033413 0.000856941 -0.00131292 -1.74864e-05 -0.000989719 -0.000935353 -0.00044641 -0.000127598 -4.20989e-05 0.00136069 -0.000604555 5.97002e-06 0.00480267 -2.63413e-06 -0.000194333 2.73286e-06 -0.0019048 -0.00213435 0.00186863 
0.00305353 0.0292893 -0.0705354 0.0573701 -0.00255995 0.183561 0.00521694 -0.000132368 -0.0456456 0.00436173 -0.0344769 -0.0402664 0.00502407 0.0138186 0.0456937 0.0104599 0.022402 -0.0011607 0.0340583 -0.00132916 0.00780094 0.0148451 0.000790721 0.0311856 0.000295629 0.000898343 -0.0431762 0.0139672 0.0161279 -0.0429971 -0.000147315 -0.0447277 -0.000606059 -0.0111242 -0.00129171 -0.0050375 0.0350314 0.0066767 0.00743892 -0.0402065 0.0129681 -0.00261226 0.00905088 0.0197324 -0.000199865 -0.0559241 -0.0283152 -0.0344216 -0.00013208 0.00122509 -7.90528e-06 -0.000300451 0.000606532 0.000352878 0.0460654 0.00260573 -0.00639624 0.00285015 0.00149971 0.00384739 -0.00341953 -0.00424932 -0.00146916 -0.0387298 0.000510767 0.00176061 0.0170912 -5.69276e-05 -0.0141133 -0.0297912 0.000664105 0.000444457 0.0163613 0.0328375 -0.0433443 -0.00219327 -0.0518389 0.00332303 -0.0449483 -0.0125151 0.0201507 -0.00476979 -0.000564692 -0.00578088 0.000766251 -0.014183 0.0396152 0.0081632 0.0274738 -0.00364315 0.0108313 0.0132868 -0.000901689 -0.0626287 3.07105e-05 0.0215928 -0.000298722 0.0441839 -0.00525655 -0.0508329 
-0.000118932 0.00444525 -0.00463596 0.00201798 -8.83314e-05 0.00521694 0.0249858 3.70479e-05 -0.00482834 0.000677159 -0.00316697 -0.00456399 -9.88437e-05 0.00102408 0.000499544 0.000147689 0.00328954 -0.000156593 0.00250406 8.29022e-05 -0.000262086 0.00405445 -7.89912e-05 -0.00618989 -3.18385e-05 -0.00244315 -0.00351907 -0.00016645 -5.39079e-05 -0.00329604 -9.85858e-06 -0.0075697 0.000392558 -0.000650942 -7.99279e-05 -0.000222827 0.00781206 0.00213006 -0.000220143 -0.00510291 -0.000901687 -0.000236162 -0.00249974 -0.00240334 -2.67401e-05 -0.00204837 -0.00891468 -0.00320363 3.08519e-05 -0.000101724 8.10395e-05 1.98568e-05 -9.97208e-05 4.51149e-05 0.000107203 0.000884778 0.000309646 0.000967533 -7.87777e-05 0.00148902 -0.000475821 1.58566e-05 1.54711e-05 0.00190043 -0.000147686 -0.00028898 -0.000448983 -9.41136e-06 -0.00643363 0.00775554 0.000237198 -8.77329e-06 0.00403055 -0.000967071 -0.00413855 -0.000237401 -0.00281023 -0.00139451 -0.00544698 0.0013013 -0.00140941 0.00394125 -0.000259134 -0.00131974 -6.92468e-05 -0.000322304 0.00149474 -9.30363e-05 0.00430754 -0.000170225 -0.00138849 0.00819069 0.000462615 -0.00614671 5.11929e-07 0.00210952 5.67826e-05 0.00487313 0.00255627 -0.00444493 
-2.78699e-06 3.35517e-05 -0.000153527 -0.000134457 1.01952e-05 -0.000132368 3.70479e-05 0.000700875 2.51531e-05 3.59201e-06 0.000151322 8.37278e-05 4.00386e-05 -1.10344e-05 -6.33856e-05 -1.88689e-05 -4.80257e-05 6.43232e-06 -0.000137753 6.07927e-06 6.14274e-05 2.71559e-05 0.000121623 -0.000300213 -8.39228e-08 -0.000132831 0.000174361 -2.41991e-05 9.6048e-05 0.000175208 1.91409e-06 -0.000154963 7.52314e-06 -1.893e-05 -4.05974e-06 -0.000181469 -5.02704e-05 -2.75906e-06 -5.76399e-06 -0.000143256 0.000187434 8.31331e-06 -0.000269192 -7.08771e-05 -7.20071e-07 -0.000347479 0.000125176 0.000244385 6.84449e-07 4.68161e-05 8.75254e-06 3.76293e-06 -6.35742e-06 8.61759e-06 5.6025e-05 -2.39599e-06 -2.65401e-05 2.47361e-05 1.66447e-05 1.36769e-06 4.58594e-05 8.77957e-06 1.24228e-05 0.000237286 2.98427e-06 1.87677e-05 4.58475e-06 3.65705e-07 -0.000157513 -4.99967e-05 -9.20556e-07 2.10756e-05 5.68814e-05 3.66468e-05 0.000124191 -1.281e-05 0.000224587 -3.31041e-05 -0.000108737 7.91071e-06 4.18655e-05 -0.000257164 -4.48698e-06 -6.95174e-05 1.43178e-05 -4.95746e-05 -5.26191e-05 0.000206926 -1.47598e-05 -4.52054e-06 -0.000191174 0.000200655 -1.39007e-07 -0.000231345 2.02758e-06 7.4467e-06 0.000205068 -9.23611e-05 -0.000163311 -3.80218e-05 
-0.00181675 -0.0275574 -0.0416926 -0.0593506 -0.00194932 -0.0456456 -0.00482834 2.51531e-05 0.179256 -0.0026143 0.126353 0.128525 -0.00383875 -0.00553549 -0.0200265 -0.00432027 -0.0183758 -0.00125269 0.030627 0.00049778 -0.00277058 -0.00731867 -0.00195045 -0.106793 -0.00035971 -0.0741574 0.12383 -0.0173122 -0.00870853 0.12019 0.000374357 0.058119 -0.000274566 0.0269327 -0.00235655 0.00706966 -0.0234642 -0.00274323 -0.00243046 -0.0611317 -0.00581287 0.00340916 -0.0944022 -0.0230822 -0.000220749 -0.0723112 0.0811753 0.0909614 6.11407e-05 0.0025357 0.000622759 0.000669158 0.00306862 -0.00061218 -0.0165885 -0.00209237 0.0166646 0.00732372 -0.00078867 -0.00235046 -0.00039981 0.00684391 0.00338344 0.106933 -0.00544957 -0.000361082 -0.0106715 -6.45986e-05 0.0940165 -0.0368836 -0.000653322 -0.000113464 -0.00699952 -0.0196579 0.110934 -0.00418018 0.123364 -0.0130169 -0.0754447 -0.0132196 -0.00277783 -0.104187 0.00242472 0.019442 -0.000709892 -0.0415331 -0.0288712 -0.0100712 -0.00511423 -0.000374865 -0.0725328 -0.01266 -0.00273901 -0.0867063 2.58503e-05 -0.0154069 -0.000989144 -0.0129634 -0.0586892 -0.06338 
0.0012991 0.00704665 -0.00538973 0.00850629 2.141e-05 0.00436173 0.000677159 3.59201e-06 -0.0026143 0.0162153 -0.00380414 -0.00378343 7.12883e-05 0.000202303 0.0037456 0.000840014 0.00280661 0.000848443 0.00331444 -7.9746e-05 0.00648172 0.00593778 0.00153339 -0.000397894 7.91845e-05 -0.003236 -0.00395481 0.00137216 0.00274494 -0.00247542 -1.82045e-05 -0.00404597 -5.39829e-05 -0.000330262 -7.26103e-05 -0.0002676 0.00618635 0.000353201 0.00228927 -0.00423346 -0.000510061 -0.000203179 -0.00874951 -0.000589238 -2.40136e-05 -0.00598999 -0.00728674 -0.00236859 3.43528e-06 -6.59983e-05 0.000302494 -3.66313e-05 -0.00011499 -2.07335e-05 0.00321947 0.000613056 4.65457e-06 -6.16345e-05 7.94995e-05 0.00160144 -0.000223375 -0.000468551 4.31579e-05 -0.00154299 0.00057701 0.000137185 -0.000516242 -6.19166e-06 -0.00302334 -0.000998078 0.000748917 0.000148939 0.00512617 -0.000925388 -0.00266042 -4.48398e-05 -0.00476277 0.000392598 -0.00226776 -0.000804578 -0.00132212 -0.00479796 0.000644859 -0.000888275 0.000652154 -0.000908849 0.0013718 -0.000336499 0.00266469 -0.000208949 0.00100722 0.0039396 3.30467e-05 -0.00567306 -2.54766e-06 0.00351142 -7.85236e-05 -0.00243744 -0.0016348 -0.00644834 
-0.0022782 -0.0351922 -0.0754786 -0.0684268 -0.00277959 -0.0344769 -0.00316697 0.000151322 0.126353 -0.00380414 0.213725 0.140395 -0.0037819 -0.00239598 -0.0127801 -0.00423081 -0.0245005 -0.00146572 0.0436392 0.000960008 -0.00339912 -0.00648529 0.00082309 -0.111625 -0.000342124 -0.0946468 0.128272 -0.0222215 -0.0051783 0.128052 0.00063407 0.0625442 -0.000967604 0.027005 -0.00302535 0.0158955 -0.0272949 -0.00315884 -0.00251544 -0.0722047 0.00175571 -8.21849e-06 -0.103703 -0.0194483 -0.00022531 -0.0851602 0.0996108 0.0770743 -0.000110773 -0.000469405 -0.000346261 0.000447161 0.00265605 -0.000780796 -0.0155189 -0.00182375 0.00973867 0.00338336 -0.00100375 -0.00129556 -0.00326006 0.00685833 0.00215909 0.120629 -0.00310831 0.0050429 -0.0127286 -0.000124692 0.122271 -0.0413183 -0.000827007 -0.000237043 -0.00907746 -0.0216221 0.11052 -0.00514291 0.145498 -0.0124411 -0.0929249 -0.0151713 0.0205885 -0.114279 0.00123875 0.00853484 -0.00103777 -0.0534257 -0.0360958 -0.00590731 0.00461875 -0.0018809 -0.088213 0.0129584 -0.00361298 -0.0993046 3.26783e-05 -0.0189353 -0.000162816 -0.01868 -0.0780929 -0.048735 
-0.00239003 -0.027223 -0.0943457 -0.0838466 -0.00354553 -0.0402664 -0.00456399 8.37278e-05 0.128525 -0.00378343 0.140395 0.232598 0.000220694 -0.00309781 -0.0237911 1.15893e-05 -0.0154254 -0.00117873 0.0497099 0.00154736 -0.00463828 -0.00940049 -0.000942785 -0.148561 -0.000465792 -0.0823762 0.136032 -0.0235513 -0.0134834 0.161706 0.000457116 0.0788503 -0.000278683 0.0242092 -0.0019717 0.010271 -0.03601 -0.00399189 -0.00185108 -0.0942682 0.00297103 0.00365049 -0.0932525 -0.0145996 -0.00040333 -0.11212 0.133612 0.0858796 -0.000167524 0.00122251 -0.00021296 0.00127237 0.00549378 -0.000723252 -0.0235813 -0.00297954 0.0114289 0.00215468 -0.000875782 -0.00376116 -0.00130881 0.0107526 0.00287482 0.136455 -0.00148401 0.00331572 -0.00366168 -0.000109941 0.142573 -0.0553859 -0.00107183 -0.000296081 -0.00280948 -0.0276133 0.113165 -0.0058244 0.165411 -0.0193911 -0.121781 -0.0208233 0.0391475 -0.160577 0.00101046 0.0346012 -0.000839992 -0.0642155 -0.00807647 -0.00173192 0.00581668 -0.0063123 -0.0821726 0.0156541 -0.00368143 -0.120724 5.91586e-05 -0.0188851 0.000433163 -0.0214217 -0.0985053 -0.0569409 
0.000327769 0.000496923 -0.00362356 0.00280125 -9.56646e-05 0.00502407 -9.88437e-05 4.00386e-05 -0.00383875 7.12883e-05 -0.0037819 0.000220694 0.0179097 0.000494691 0.00114655 0.000153385 -0.000582784 -7.08872e-05 -0.000855904 -9.79377e-05 0.00100335 0.00158893 0.000442152 0.00233887 -8.29227e-07 -4.16255e-05 -0.00139469 0.00334045 -0.000400437 -0.00171934 -9.38894e-06 -0.00350951 -6.50609e-05 -0.000749062 3.26019e-05 0.000717788 0.00234038 0.000155572 0.000270398 -0.00222938 0.0017068 0.000502341 0.000388578 -0.000684249 -2.25004e-05 -0.0042003 -0.000104522 -0.00220907 -1.44888e-05 0.0011315 -5.47943e-05 -5.64896e-06 0.000159127 -4.71947e-05 0.0012498 0.00021098 -0.000558803 -0.000268511 1.71044e-05 0.000778407 0.000146824 -0.000584035 -8.52612e-05 -0.00237492 0.000203383 -9.79225e-05 -0.000399343 -7.38388e-06 -0.0014262 -0.00123601 3.30086e-05 -2.82455e-05 0.00118347 -0.00102814 -0.00289706 0.000595058 -0.00287729 -0.000659057 -0.000920864 -0.00105371 0.00224314 -0.00298199 -6.40083e-05 0.000319536 0.000151902 -0.00213817 0.00176496 0.000228474 -0.000356551 -0.000646774 0.0016263 0.00119107 3.91076e-05 -0.00352024 3.693e-06 0.00168362 0.00033878 0.000273 -0.00177689 -0.000591146 
0.00105653 -0.000501978 -0.00985566 0.00691897 -0.000313096 0.0138186 0.00102408 -1.10344e-05 -0.00553549 0.000202303 -0.00239598 -0.00309781 0.000494691 0.026717 0.0133746 -0.000374476 0.00148402 -7.62048e-05 0.00531573 -0.000109108 0.00168882 0.00373828 0.00137885 0.00258661 -4.59308e-05 -0.00644712 -0.00443176 -0.000365462 0.00305502 -0.00507653 -3.11561e-05 -0.00964991 -9.56354e-05 -0.0010551 0.000358534 0.000313869 0.0113964 0.000509656 0.00279139 -0.00637442 0.000184634 -0.000335651 -0.00280371 -0.000681807 -4.3385e-05 -0.010964 -0.0052027 -0.00314441 -2.47976e-05 0.000357423 -0.000122962 -6.76601e-05 -0.000157072 -6.36745e-05 0.0119757 0.000152501 -0.000883476 -2.67932e-05 0.000127913 0.00129291 -0.000618374 -0.000895607 -8.09732e-05 -0.00295829 -0.000185345 -7.69231e-05 -0.000947535 -8.08283e-06 -0.00395107 -0.00309342 0.000482766 -1.40164e-06 0.00649272 0.00505806 -0.00437689 -0.000417303 -0.00548873 -0.00167666 -0.00771216 -0.00127217 0.00132591 -0.00174388 -0.000251404 -0.00125258 -8.18808e-05 -0.00308289 0.00773832 -0.000172061 0.00323421 -0.000856691 -0.00393285 0.00450639 -0.000283112 -0.00980018 -5.92207e-06 -7.77904e-05 -5.11762e-05 0.00696562 -3.27224e-05 -0.0123671 
0.00506643 0.000580594 -0.0251324 0.0414656 -0.00045586 0.0456937 0.000499544 -6.33856e-05 -0.0200265 0.0037456 -0.0127801 -0.0237911 0.00114655 0.0133746 0.0929696 0.0077688 0.00194077 0.00216646 0.0169224 -0.000425894 0.00693947 0.00812732 0.00205094 0.0325082 -3.10602e-08 -0.00534454 -0.0284825 0.00467053 0.0214315 -0.0273043 6.01315e-05 -0.0131085 -0.000325461 -0.00443389 0.00016173 0.000822457 0.0221271 -0.000846048 0.00738847 -0.015741 0.00292859 -0.00115047 -0.00477541 -0.00359834 8.51763e-05 -0.00855483 -0.0153068 -0.0152795 -2.17429e-05 0.00166213 -0.000127889 -0.00016902 -0.000432953 -0.000227647 0.023553 0.00180682 -0.00345678 -0.00119372 0.000158365 0.00446551 -0.00204773 -0.000697981 -0.000551271 -0.0260542 0.0015305 0.000379816 -0.00249973 2.83692e-06 -0.0182767 -0.0105807 0.00188 -8.12731e-06 0.00959213 0.00452975 -0.0190891 -0.00150075 -0.0287846 -0.00304163 -0.0209805 -0.00585465 0.00163293 -0.00141972 0.000507017 -0.00131213 0.00028502 -0.0103678 0.0137129 -0.00362652 0.0234637 -0.00125433 -0.0129817 0.000777579 -0.00029363 -0.017646 -1.28214e-05 -0.00111161 -0.000483853 0.0108286 0.00130917 -0.0216857 
0.000289467 0.00792999 -0.00621755 0.0019199 7.46007e-06 0.0104599 0.000147689 -1.88689e-05 -0.00432027 0.000840014 -0.00423081 1.15893e-05 0.000153385 -0.000374476 0.0077688 0.0309651 -0.000407141 -6.37989e-05 0.00536417 -0.000113332 -0.000186722 9.53466e-05 -8.08262e-05 0.000692947 1.36411e-05 0.00648242 -0.00662388 -0.000545567 0.0062253 -0.00360766 -1.48047e-05 0.000326928 0.000374019 -0.00142136 6.29903e-05 -0.0101347 -0.000282767 -0.000161222 0.000233329 -0.00612234 -0.00150087 -0.000451328 0.00169661 0.00315296 0.000197734 -0.00319798 -0.000252717 -0.00217576 1.79695e-05 -0.000235677 -4.69847e-05 -2.17381e-05 -0.000262968 0.000260897 0.00212244 -0.000191305 -0.000734755 -6.99378e-05 -6.52481e-06 -0.000257681 -0.000205628 -8.99654e-05 1.22813e-05 -0.00730969 -0.000463166 -0.000393221 0.00843515 -1.24578e-05 -0.00487003 -0.00197282 8.59022e-05 -1.54464e-05 0.00297012 0.00359329 -0.00467437 -9.45544e-05 -0.00655715 -0.000990587 -0.00456282 -0.000376839 0.00154653 -0.0068486 2.99975e-05 -0.00090422 0.00117601 -0.0036781 0.0075633 0.00137641 0.00730599 -0.000313621 -0.00509385 -0.00277434 -0.000338321 -0.00495354 6.22935e-06 0.000639862 -0.000129751 -0.000521279 -0.00607095 -0.00400438 
-0.000266024 0.0259176 -0.0158714 0.0110863 -0.000348266 0.022402 0.00328954 -4.80257e-05 -0.0183758 0.00280661 -0.0245005 -0.0154254 -0.000582784 0.00148402 0.00194077 -0.000407141 0.0969567 -0.000389982 0.0121455 -0.000481223 -0.00171285 0.00106834 -0.000779699 0.0117859 -7.54019e-05 0.0178388 -0.0243696 -0.0054513 -0.00775868 -0.0046437 -3.19188e-05 -0.0320124 -7.33903e-06 -0.00188884 -0.00073784 -0.00909642 -0.000281833 0.00197921 0.000699358 -0.00923923 -0.00327178 -0.000269564 -0.00420997 0.0401428 -4.43155e-05 -0.00262361 -0.0319403 -0.0157103 8.32235e-05 -0.00118548 -0.000169125 -0.000254044 -0.000645157 0.0006018 0.000138236 -0.000906199 0.00169147 -0.00214943 -0.000207645 -0.00101077 -0.00195663 -0.00272631 -0.000644998 -0.00880319 -0.00231773 -0.00100487 0.0114757 9.16807e-06 -0.0163562 -0.000742878 0.000732908 8.31771e-05 0.00176354 0.0085684 -0.018073 0.00310558 -0.0307349 0.00104618 -0.00225992 0.00413843 -0.00116813 0.0191086 0.00234062 -0.00581735 -0.000254593 0.00385974 0.0239301 -0.00205506 0.00660184 -0.00285882 0.0247509 0.00145024 -0.000736955 -0.0142528 -2.27797e-05 -0.000197678 -0.000551477 0.00177714 0.0258083 -0.0416915 
0.000822167 -0.000176931 -0.00117672 0.00189922 0.000200419 -0.0011607 -0.000156593 6.43232e-06 -0.00125269 0.000848443 -0.00146572 -0.00117873 -7.08872e-05 -7.62048e-05 0.00216646 -6.37989e-05 -0.000389982 0.00863864 0.00137813 2.78271e-05 0.00198704 0.000926886 0.000496626 -0.00024921 -4.53351e-06 -0.000800864 -0.000815443 -0.000156777 0.00202412 -0.00170629 2.84073e-06 0.0024184 3.62134e-05 -9.03013e-05 0.000172813 -0.0019238 0.000106588 2.00376e-05 0.000141279 -0.000920205 0.000176708 0.000561568 -0.00176842 -0.000995298 3.79499e-05 0.000737639 -0.00168425 4.59895e-06 1.68392e-05 0.000552187 0.000116032 5.56209e-05 -4.8545e-05 1.60377e-05 0.00114602 0.00021384 0.000138006 -0.000145177 4.6723e-05 0.000543485 9.11855e-06 0.000288256 -2.6397e-05 -0.00190121 0.000466596 0.000103488 -0.000195945 -2.40922e-06 -0.00127199 -0.000972925 3.75367e-05 3.3799e-05 0.000983533 -0.000725766 -0.000518248 -0.000108139 -0.00147116 -0.000344235 -0.00139185 -0.000291256 -0.000984921 -0.00111568 7.80083e-05 0.00101201 9.15613e-05 -0.00136745 0.000275094 -0.000227245 0.00147873 -4.51688e-05 -2.69773e-05 0.000135828 0.000224711 0.00106391 -1.81375e-06 -0.000407166 -1.23908e-05 -0.0012823 -0.00175795 -3.73677e-05 
0.00138104 0.0258307 -0.0625156 0.0148634 -0.00540351 0.0340583 0.00250406 -0.000137753 0.030627 0.00331444 0.0436392 0.0497099 -0.000855904 0.00531573 0.0169224 0.00536417 0.0121455 0.00137813 0.177561 -4.06745e-05 0.00556448 0.00640832 0.00306661 -0.0447959 -0.000315736 -0.069455 0.0555205 0.00534548 0.0137455 0.0451071 -0.000123217 0.00327852 -0.00223185 0.00485796 -0.00504809 0.00361659 0.014407 0.000467538 0.000885092 -0.112791 0.00471646 -0.00221975 -0.0389267 -0.00317786 -0.000380195 -0.05567 0.0468232 0.024681 -0.000112705 0.000306479 0.000484655 0.000679619 0.000476505 -0.000167084 0.0130326 -0.000336937 0.00557425 0.00310441 0.000265685 0.00155095 -0.00613123 -0.00206812 -5.21676e-05 0.0431886 -0.00103499 -7.87854e-05 0.00275333 -0.000219167 0.0443309 -0.0558169 0.000312184 -6.50178e-06 0.00698105 0.00825332 0.0317399 -0.000435575 0.0471366 -0.0180639 -0.0782581 -0.0206839 0.00805694 -0.0533196 0.000158955 0.0147033 -0.000595328 -0.0379483 0.00783482 0.00172858 0.0110057 -0.0119082 -0.0500834 0.0124846 -0.00448345 -0.0798541 -3.95015e-05 0.00102282 -0.00191018 -0.00528953 -0.0351648 -0.0621224 
-2.98577e-05 -0.000828932 -0.000201073 -0.00136459 -3.16113e-05 -0.00132916 8.29022e-05 6.07927e-06 0.00049778 -7.9746e-05 0.000960008 0.00154736 -9.79377e-05 -0.000109108 -0.000425894 -0.000113332 -0.000481223 2.78271e-05 -4.06745e-05 0.00615378 -1.29284e-05 2.26758e-05 -2.50799e-05 -0.00180455 1.37262e-06 -0.00187963 0.000466525 -0.000266062 -0.000106299 0.00211112 5.27018e-05 -0.000734622 -5.40233e-06 0.000114378 -4.14706e-05 -0.000818043 -0.000168813 -6.00891e-05 -6.0011e-05 -0.000804474 -0.000310329 -2.71559e-05 -0.00118952 -0.000716388 1.32461e-06 -0.0015073 0.00151978 0.0013951 7.38861e-05 0.000282287 9.55409e-05 -3.97827e-06 4.56581e-05 -9.44329e-06 -0.000222267 -1.78585e-05 -0.000177572 0.000224709 -1.41823e-05 5.63834e-05 -6.93621e-05 0.00146219 1.17578e-05 0.00199796 0.000227034 -4.92556e-05 -0.000191418 1.30418e-06 0.000637657 -0.000749149 1.04425e-05 3.01829e-05 -0.000103947 -1.71891e-05 0.00163134 2.11498e-05 0.00230131 -0.000311272 -0.000839046 -0.000319407 -6.31372e-05 -0.00156781 -2.674e-05 0.00019411 -7.86063e-06 -0.000876347 -0.000577225 -1.58555e-05 -0.000384086 0.000584654 -0.00173967 0.00120887 -3.39822e-05 -0.000851907 8.3241e-06 -0.000246296 5.22752e-06 4.0639e-07 -0.000348103 -0.000567414 
0.00153432 0.00487396 -0.00965835 0.0105837 2.85487e-05 0.00780094 -0.000262086 6.14274e-05 -0.00277058 0.00648172 -0.00339912 -0.00463828 0.00100335 0.00168882 0.00693947 -0.000186722 -0.00171285 0.00198704 0.00556448 -1.29284e-05 0.0284718 0.00811854 0.00229102 -0.00256907 -3.60979e-05 -0.00589913 9.31066e-05 0.0017396 0.00908934 -0.00312125 -1.84921e-05 -0.00383449 -2.00067e-05 -0.000955861 -0.000269508 -0.00315954 0.00857147 -6.92596e-05 0.00440171 -0.00824179 0.00329298 0.000865586 -0.0120068 -0.00296432 -2.96069e-05 -0.0147147 -0.00426479 0.000736255 0.000111578 0.00300129 0.000214444 0.000189087 -0.000263279 2.13839e-05 0.015332 0.00192042 -0.000460252 0.00273613 0.000597111 0.00376881 -0.000580917 -2.60615e-05 0.000175504 -0.00609657 0.0010324 -0.000102095 0.000236047 -1.1514e-05 -0.00441572 -0.00395976 0.000315859 0.000628374 0.00894029 0.00193896 -0.00124027 -0.000382422 -0.000819546 -0.00175914 -0.00229833 -0.000688128 -0.00118096 -0.0133843 -1.2497e-05 -0.000342898 0.000589333 -0.00406768 0.000476063 0.00237656 0.000216681 -0.000861474 -0.00476325 0.00520102 4.76284e-05 -0.0112902 5.04665e-06 0.00251349 -6.02976e-05 -0.00358483 -0.00770745 -0.0136292 
0.00171801 0.0160776 -0.013042 0.021613 0.000479788 0.0148451 0.00405445 2.71559e-05 -0.00731867 0.00593778 -0.00648529 -0.00940049 0.00158893 0.00373828 0.00812732 9.53466e-05 0.00106834 0.000926886 0.00640832 2.26758e-05 0.00811854 0.0350647 0.00224985 -0.00715951 0.000120166 -0.00882373 -0.0128156 0.0110789 0.00962641 -0.00496098 -3.134e-05 -0.0136166 -6.24656e-05 -0.00168464 -0.00037572 -0.000312646 0.0161311 0.00531041 0.00206975 -0.0083952 -0.00234855 -0.00056032 -0.0138605 -0.00541658 -5.34255e-05 -0.0176338 -0.0141084 -0.00395399 -1.75744e-05 0.000394208 0.000266655 7.9811e-05 4.32993e-05 -7.99994e-05 0.00601493 0.00484707 -0.0014035 0.00259442 0.000812717 0.00687054 -0.000630446 -0.000657463 0.00012808 -0.00210607 0.00157128 -0.000162338 -0.000884222 -9.76636e-06 -0.0122738 -0.00232233 0.000497575 0.000413642 0.00719589 -0.00110413 -0.00622374 -0.000554934 -0.0109408 0.00153667 -0.0044107 -0.00124054 -0.00333076 -0.012855 0.000288307 -0.00380728 0.000364295 -0.00268752 0.00140891 0.00238547 0.00775871 -0.000751964 0.00372112 0.0189208 -0.000131922 -0.0136925 3.64451e-06 0.0156466 -0.000177097 -0.00153352 -0.00688572 -0.0169674 
0.000112793 9.78186e-05 -0.00551041 0.00116975 -5.7067e-05 0.000790721 -7.89912e-05 0.000121623 -0.00195045 0.00153339 0.00082309 -0.000942785 0.000442152 0.00137885 0.00205094 -8.08262e-05 -0.000779699 0.000496626 0.00306661 -2.50799e-05 0.00229102 0.00224985 0.0157276 -0.000871914 0.000104121 -0.00485332 0.00343239 0.000505658 0.00458299 0.000513722 0.000129998 -0.00264397 -5.18275e-05 0.000166864 -0.000152524 -0.00100401 0.00124676 0.000262004 1.05602e-05 -0.00432235 0.00872587 0.000104256 -0.00846223 -0.00203087 -2.54081e-05 -0.00517356 0.000310046 -0.00124764 6.08732e-05 0.000893415 1.85299e-06 3.13451e-05 -0.0001116 -3.39773e-05 0.00260016 0.00022794 0.000639866 0.000243369 -6.78941e-06 0.000900925 -0.000322958 0.000534277 -1.65738e-05 0.00225215 0.00372307 1.93237e-05 -0.000681264 -5.47359e-06 0.00365611 -0.00191141 6.2961e-05 0.000186392 -0.000370507 -0.000119272 -0.00233231 -0.000234904 0.00150349 -0.000576691 -0.00469775 -0.00068817 -0.000854581 -0.00503867 0.00146075 0.00108426 0.000167937 -0.00233913 -0.00179202 0.000151498 0.000408223 0.000839083 -0.00195795 0.00258617 -0.000154156 -0.00564905 7.1176e-06 0.000471948 0.00085474 -0.00188507 -0.00319367 -0.00277838 
0.00104495 -0.0135661 0.0869205 0.0733688 0.00255238 0.0311856 -0.00618989 -0.000300213 -0.106793 -0.000397894 -0.111625 -0.148561 0.00233887 0.00258661 0.0325082 0.000692947 0.0117859 -0.00024921 -0.0447959 -0.00180455 -0.00256907 -0.00715951 -0.000871914 0.249349 -1.9507e-05 0.0705352 -0.130182 0.00372662 0.00337287 -0.13031 -0.0003001 -0.0336282 -0.00110174 -0.0202277 0.00250656 0.00917905 0.0277583 -0.00083241 0.00239927 0.0973443 -0.00669141 -0.00623376 0.071233 0.0141649 0.000292794 0.118837 -0.114728 -0.0749912 -0.000257798 -0.00486537 -0.00201366 -0.00182339 -0.00341207 -0.000325861 0.0108536 -0.00349624 -0.0152042 -0.0131964 -0.00151198 -0.000542072 -0.00127091 -0.00682076 -0.00326029 -0.127318 -0.00320556 -0.00425176 -0.00938628 1.22883e-05 -0.106429 0.0400687 0.000543411 -0.00117753 -0.00974356 0.00527446 -0.0966464 0.00430491 -0.148688 -0.00700852 0.12639 0.0085932 -0.0382689 0.147235 0.00182307 -0.0296803 -0.000819729 0.0490214 -0.0156846 -0.0170072 -0.00237364 0.00522606 0.0728478 -0.0316218 0.000654473 0.121911 -9.50491e-05 -0.0157643 -0.00171468 0.0149793 0.105943 0.0576513 
7.92169e-06 -6.35442e-05 8.94954e-05 -0.000390893 2.5551e-06 0.000295629 -3.18385e-05 -8.39228e-08 -0.00035971 7.91845e-05 -0.000342124 -0.000465792 -8.29227e-07 -4.59308e-05 -3.10602e-08 1.36411e-05 -7.54019e-05 -4.53351e-06 -0.000315736 1.37262e-06 -3.60979e-05 0.000120166 0.000104121 -1.9507e-05 0.00198507 -0.000550796 -0.00043176 0.000450213 -6.47487e-05 -0.000460359 7.64886e-07 -0.000948246 -4.24016e-06 1.56708e-05 -9.91442e-07 -0.000198168 -6.45788e-05 0.000638031 -1.82113e-05 0.000574082 3.04203e-05 1.80268e-05 -0.000212571 -0.000141834 -2.70812e-06 -0.000148595 -0.000529999 -0.000279119 1.17857e-05 -1.582e-06 1.15644e-06 1.36113e-05 -4.48903e-06 7.59801e-07 2.48112e-05 6.62233e-05 -4.65095e-05 -1.63931e-05 6.89802e-06 2.8222e-06 -3.58136e-06 -1.35087e-05 -4.12899e-06 -0.00027986 0.000190445 -2.30901e-05 -5.53087e-05 2.30752e-06 -9.161e-05 -4.5376e-05 -4.56252e-06 0.000162656 -0.000100163 0.000397693 -0.000331144 -2.40699e-05 -0.000576432 0.000612765 -0.000387791 -1.62436e-05 -0.000183816 0.0004692 -6.47651e-06 -3.56699e-05 -4.67497e-06 -0.000123757 -6.22911e-05 4.84172e-05 -0.000127641 0.000614836 0.00063173 2.97485e-05 1.14533e-05 0.000168214 2.23962e-07 0.000695353 6.33599e-05 0.000140803 -0.000345723 0.000331236 
-0.00136225 0.0298663 0.0481774 0.0355935 0.00540268 0.000898343 -0.00244315 -0.000132831 -0.0741574 -0.003236 -0.0946468 -0.0823762 -4.16255e-05 -0.00644712 -0.00534454 0.00648242 0.0178388 -0.000800864 -0.069455 -0.00187963 -0.00589913 -0.00882373 -0.00485332 0.0705352 -0.000550796 0.220869 -0.101844 -0.00797258 -0.0189862 -0.0879807 -0.000399571 -9.60829e-05 0.00166111 -0.01501 0.00398175 -0.0271713 -0.0264784 -0.00396253 0.000184749 0.0731534 -0.00580589 -0.00268863 0.069091 0.0221691 0.000412935 0.0704939 -0.0646678 -0.0477698 -0.000262303 -0.00385469 -0.000685488 -0.000442083 -0.00325264 0.00111236 -0.0103466 -0.001284 -0.00869209 -0.0059838 0.000579584 -0.00315279 0.00586251 -0.00647293 -0.00127572 -0.0902985 -0.00204492 -0.00399853 0.0228685 0.000119856 -0.0952281 0.045147 -0.000773338 -0.00052061 -0.00106053 0.00166048 -0.0612653 0.00109794 -0.100557 0.0100756 0.0936709 0.015566 -0.00667075 0.0768475 -0.00104657 -0.0333652 0.00118508 0.0475559 0.0309363 0.00308913 0.0125477 -0.00607615 0.0717039 -0.0293814 0.00174006 0.0977631 -5.65763e-05 0.00153504 -0.00095746 -0.0342477 0.0141987 0.0528625 
-0.00260883 -0.0442142 -0.0598524 -0.092155 -0.00312657 -0.0431762 -0.00351907 0.000174361 0.12383 -0.00395481 0.128272 0.136032 -0.00139469 -0.00443176 -0.0284825 -0.00662388 -0.0243696 -0.000815443 0.0555205 0.000466525 9.31066e-05 -0.0128156 0.00343239 -0.130182 -0.00043176 -0.101844 0.236413 -0.0266112 -0.00147738 0.127001 0.000456348 0.0609459 -0.00084307 0.0225821 -0.00373785 0.0108439 -0.034821 -0.00429772 -0.00446639 -0.0925845 0.0173953 0.00634653 -0.0784586 -0.0357558 -0.000312793 -0.0761841 0.111856 0.0852192 0.000225386 0.00535162 0.000783303 0.00077133 0.00303226 -0.000730111 -0.00625136 -0.00167362 0.0162464 0.00877177 -0.001125 -0.00293337 -0.00162616 0.00516125 0.00257274 0.123923 -0.000439071 0.000603764 -0.0158556 -0.000145691 0.136507 -0.0560758 -0.00117989 0.000649201 -0.00492889 -0.0169213 0.0996254 -0.00429353 0.166557 -0.0141549 -0.117334 -0.0179027 0.00682356 -0.0971681 -0.000300109 0.0405172 -0.00122719 -0.062114 -0.0329674 -0.00292727 -0.0195416 -0.00319159 -0.0987969 -0.00567768 -0.00391931 -0.102854 2.16365e-06 -0.0217123 0.000188622 -9.38529e-05 -0.0710811 -0.0344999 
0.000175652 0.0239924 -0.00234629 0.0257979 0.000298558 0.0139672 -0.00016645 -2.41991e-05 -0.0173122 0.00137216 -0.0222215 -0.0235513 0.00334045 -0.000365462 0.00467053 -0.000545567 -0.0054513 -0.000156777 0.00534548 -0.000266062 0.0017396 0.0110789 0.000505658 0.00372662 0.000450213 -0.00797258 -0.0266112 0.0700435 0.00388665 -0.0192753 -9.7873e-05 -0.0245168 0.000125133 -0.00342996 -0.000384129 -0.000803106 0.0119303 0.00318286 -0.000526122 0.00452451 -0.00563425 -0.00127453 0.00327694 -0.00510934 -7.30576e-05 -0.0104009 -0.00982893 -0.0107828 -2.45397e-05 0.000831856 4.33617e-05 -0.000156694 -0.000299599 -0.000146273 0.00197772 0.000640202 -0.0023784 0.00297645 0.000488122 0.00203691 -0.000406897 -0.00195835 -0.000125788 -0.0146905 0.000292802 -0.00108311 0.00100724 -1.88116e-05 -0.0237367 -0.00451082 0.000129757 0.000300192 -0.000114006 0.00502727 -0.0136247 0.0012905 -0.0237001 0.00576082 0.0127507 -0.00102428 3.30794e-05 -0.00597576 -0.000638504 -0.00567781 0.000373281 0.00897649 0.00701177 0.00493879 0.00493647 -0.00216909 0.0111506 0.0133854 -0.000352253 0.00105312 3.3015e-06 0.0211355 2.12651e-06 0.000330797 -0.00313866 0.00276363 
0.0026393 -0.000884291 -0.00561083 0.0243873 -0.000136779 0.0161279 -5.39079e-05 9.6048e-05 -0.00870853 0.00274494 -0.0051783 -0.0134834 -0.000400437 0.00305502 0.0214315 0.0062253 -0.00775868 0.00202412 0.0137455 -0.000106299 0.00908934 0.00962641 0.00458299 0.00337287 -6.47487e-05 -0.0189862 -0.00147738 0.00388665 0.0805934 -0.0159277 -2.98494e-05 0.0126119 -0.000167474 -0.00418251 -0.000854757 -0.00465013 0.0125766 -0.000403761 0.000438407 -0.0134655 0.00638641 0.000829805 -0.00376297 -0.0134858 -0.000121915 -0.00674422 0.00629521 0.00332926 0.000160149 0.00221694 0.000345901 0.000301482 -0.000742597 -0.000180395 0.0153689 0.00487743 -0.000115041 0.00317063 0.000241223 0.0047613 -0.00144042 0.000696435 -0.000410439 -0.0220356 0.00174781 0.000661287 -0.00413985 -3.80057e-05 -0.0261283 -0.0140102 0.000331195 0.000657261 0.00412917 0.00303902 -0.00649258 -0.00132276 -0.00145919 0.000493438 -0.0225253 -0.00516642 -0.009074 -0.0148486 -0.000107689 -0.00852236 0.000210342 -0.00567733 -0.00817211 0.00273683 0.0145632 -0.00223959 -0.0101438 0.00746692 -0.000685316 -0.0115985 1.67763e-05 0.00327233 0.000581992 -0.00263979 -0.00776614 -0.00381532 
-0.00269722 -0.0191177 -0.0698234 -0.0678705 -0.00336159 -0.0429971 -0.00329604 0.000175208 0.12019 -0.00247542 0.128052 0.161706 -0.00171934 -0.00507653 -0.0273043 -0.00360766 -0.0046437 -0.00170629 0.0451071 0.00211112 -0.00312125 -0.00496098 0.000513722 -0.13031 -0.000460359 -0.0879807 0.127001 -0.0192753 -0.0159277 0.219454 0.000253516 0.0423794 -0.000813342 0.0146595 -0.00341523 0.0113201 -0.0274967 -0.00111489 -0.00304426 -0.0875846 -0.00552186 0.00158851 -0.0871943 -0.00991755 -0.000194835 -0.1068 0.111927 0.0912727 6.07391e-05 0.00238099 0.000913543 0.000768887 0.00510719 -0.000698339 -0.0244167 -0.00294928 0.00669793 0.00482128 -0.0010323 -0.00324913 -0.000930052 0.0112193 0.00285531 0.143941 -0.000416147 0.000994727 -0.00608584 -8.07135e-05 0.109168 -0.0526452 -0.000866991 -0.000539404 -0.00672784 -0.0249149 0.106731 -0.00477515 0.137343 -0.0185639 -0.105502 -0.0194133 0.0206269 -0.142714 0.000350335 0.0332291 -0.000934601 -0.057513 -0.0197058 -0.00290269 -0.00482826 -0.000493908 -0.0627564 0.0228933 -0.00309859 -0.109428 3.65512e-05 -0.0139707 -0.000132028 -0.0153989 -0.0649786 -0.0643564 
5.55731e-07 -0.000141515 -0.000470883 -0.000237087 3.45942e-05 -0.000147315 -9.85858e-06 1.91409e-06 0.000374357 -1.82045e-05 0.00063407 0.000457116 -9.38894e-06 -3.11561e-05 6.01315e-05 -1.48047e-05 -3.19188e-05 2.84073e-06 -0.000123217 5.27018e-05 -1.84921e-05 -3.134e-05 0.000129998 -0.0003001 7.64886e-07 -0.000399571 0.000456348 -9.7873e-05 -2.98494e-05 0.000253516 0.00154588 0.00018588 1.28289e-05 4.90718e-06 -6.21486e-06 -6.04849e-05 -0.000164209 2.078e-05 -1.75013e-05 -0.000345588 0.000177835 3.2251e-05 -0.000714403 -0.00014237 -1.04427e-06 -0.00037725 0.000300938 0.000225713 1.90185e-05 6.29608e-06 5.73626e-06 -6.81729e-07 7.55311e-05 -3.48648e-06 -9.91957e-05 -1.44226e-05 0.000149024 3.99357e-07 8.99522e-06 -1.24791e-05 0.000163839 0.000257564 0.000101832 0.00024404 -1.23172e-05 0.000162638 -7.97299e-05 -6.04627e-07 0.00058695 -7.5934e-05 -8.87442e-07 6.11088e-05 -7.12038e-05 -0.000147649 -7.11968e-05 -2.76869e-05 0.000277551 -8.42557e-05 -0.000393643 -3.37171e-05 0.000117746 -0.000500336 0.000151459 -3.78841e-05 1.92837e-06 -0.00026827 -0.000204749 -6.08644e-05 0.000256142 5.05312e-05 -0.000309496 -6.15894e-05 -4.73761e-06 -0.000446357 6.40596e-06 -8.06237e-05 2.73694e-05 -0.000184302 -0.00043575 -3.23383e-05 
-0.000778422 -0.0395632 -0.0202554 -0.012165 0.00106846 -0.0447277 -0.0075697 -0.000154963 0.058119 -0.00404597 0.0625442 0.0788503 -0.00350951 -0.00964991 -0.0131085 0.000326928 -0.0320124 0.0024184 0.00327852 -0.000734622 -0.00383449 -0.0136166 -0.00264397 -0.0336282 -0.000948246 -9.60829e-05 0.0609459 -0.0245168 0.0126119 0.0423794 0.00018588 0.247104 -0.00065079 0.0137965 0.00153148 0.0152981 -0.035482 -0.00585198 -0.00268461 -0.0201106 -0.00975079 0.000322321 -0.0386446 -0.0625407 0.000291579 0.0168411 0.0712535 0.046197 -0.000322291 -0.000209612 -0.00136093 -0.000378748 0.000900028 -0.00135107 -0.0304765 -0.00193039 0.00782653 -0.00642057 -0.00155777 -0.00414264 -0.000337739 0.00724327 0.000201995 0.0265989 -0.00888917 -0.00135865 -0.0258775 -0.000165379 0.0369286 -0.0139715 -0.00129315 -0.0004904 -0.0115737 -0.0485991 0.0669512 -0.00837164 0.0800979 -0.0135585 -0.0512676 -0.0167431 -0.0097777 -0.0499865 9.93205e-05 0.0147142 -0.00136424 -0.044867 -0.0366937 -0.0142673 0.023253 -0.00839474 -0.0127982 -0.0141423 -0.00258267 0.00938523 -5.13306e-06 -0.0298616 -0.000525192 -0.0489988 -0.0585242 0.0171484 
-2.35406e-05 0.000979367 0.000356417 -0.000527543 0.000270463 -0.000606059 0.000392558 7.52314e-06 -0.000274566 -5.39829e-05 -0.000967604 -0.000278683 -6.50609e-05 -9.56354e-05 -0.000325461 0.000374019 -7.33903e-06 3.62134e-05 -0.00223185 -5.40233e-06 -2.00067e-05 -6.24656e-05 -5.18275e-05 -0.00110174 -4.24016e-06 0.00166111 -0.00084307 0.000125133 -0.000167474 -0.000813342 1.28289e-05 -0.00065079 0.00414782 -0.000151594 0.000725879 -0.00282069 -0.000246038 -4.64932e-05 -4.53279e-05 0.000932162 9.55861e-05 0.00053222 -0.000270678 0.000472977 2.69753e-05 -0.000923875 -0.00133104 8.31381e-05 1.29145e-05 0.000117186 0.000129163 -7.8839e-06 -3.88189e-05 4.69426e-05 -0.000108053 1.17437e-05 6.57818e-05 0.000460931 6.1721e-05 -3.56519e-05 0.000131737 7.00538e-05 0.000315244 -0.00113398 0.000265057 -1.25962e-05 0.00083926 1.98141e-06 -0.00106257 0.00130526 4.21771e-07 2.61867e-05 0.000778156 1.23455e-05 -0.000349015 -1.46466e-05 -0.000687602 0.000240983 0.000661535 0.000819259 -9.37574e-05 -0.00102275 -8.18009e-07 -3.98278e-05 8.29108e-05 0.000165162 0.00189655 0.000211676 0.000497382 0.000273929 -0.000411453 -0.000238458 2.20269e-05 2.34719e-05 2.3434e-06 0.000793671 5.62175e-05 -0.00047688 -0.000359767 -0.000523655 
-0.00039536 -0.0062666 -0.0168009 -0.0129605 -0.000441755 -0.0111242 -0.000650942 -1.893e-05 0.0269327 -0.000330262 0.027005 0.0242092 -0.000749062 -0.0010551 -0.00443389 -0.00142136 -0.00188884 -9.03013e-05 0.00485796 0.000114378 -0.000955861 -0.00168464 0.000166864 -0.0202277 1.56708e-05 -0.01501 0.0225821 -0.00342996 -0.00418251 0.0146595 4.90718e-06 0.0137965 -0.000151594 0.0472939 -0.000234785 0.00245348 -0.00534147 -0.000415626 -0.000424192 -0.0105983 -0.00147891 0.000501662 -0.0225172 -0.00168484 -6.71918e-05 -0.00652847 0.0103383 -0.000939023 4.16429e-05 -0.000476242 -0.000225421 0.000584067 0.000688164 -0.000118404 -0.00374214 -0.00043174 0.00683477 -0.000489105 -0.000146722 -0.000506759 -0.00103911 -0.000494954 0.000101682 0.0231953 8.03526e-05 -0.00013688 -0.00234208 -1.47892e-05 0.0247624 -0.00451666 -0.000147605 -5.70758e-05 -0.00260397 -0.00485576 0.0213354 -0.000877723 0.0239177 -0.00150617 -0.0144645 -0.00106854 0.00289652 -0.0179235 0.00113571 -0.00200763 -0.000130277 -0.00769764 -0.00655752 -0.0021656 -0.0027643 0.000461242 -0.0141584 -0.00224343 -0.000461216 -0.0148057 2.11538e-05 -0.00246506 -0.000188792 -0.0065004 -0.0133995 -0.012757 
