0.0126416 3.71764e-05 3.31961e-05 0.000674113 0.0038368 -0.000324849 0.00116652 -0.00323343 -0.00177136 -0.000821513 -0.0041993 0.000254663 -0.00120174 0.00033307 -0.000610351 -0.00137439 -0.000849581 -0.00450262 0.00343958 0.000360622 -2.84254e-06 0.000276584 -1.00213e-05 0.000564172 0.0032498 -0.00135666 0.000202284 -3.0024e-05 0.000349189 3.90563e-05 -0.00360494 0.0020686 -0.000121749 7.10822e-05 -0.002589 -0.000564316 0.00107915 0.00086041 0.000648135 -0.000619489 -0.000798681 0.000393581 -0.00590525 4.55463e-05 0.00177319 -2.73677e-05 0.0063559 0.000165668 -0.0007604 4.37705e-06 0.005982 0.00114232 0.00393161 -6.91404e-05 0.00153199 0.000145149 -0.000507688 -0.00216464 0.000509875 -6.4748e-05 0.00445517 -0.000731854 0.00365759 -0.00454082 0.000131884 -0.000479083 -0.000332053 -3.18948e-05 -0.00034213 -5.7346e-05 0.000265292 -0.00409975 -2.12756e-05 -0.000930947 -7.07121e-05 -0.00182676 0.0010065 -6.89926e-05 0.000835064 -0.000234613 -0.000193398 -0.000361231 -0.00218713 0.000553552 7.05468e-05 0.000218745 0.000172935 6.29421e-05 0.000186936 -0.0040235 0.000110079 0.000413599 -0.00455513 0.000476259 9.17729e-06 -0.00141019 -0.00460668 0.000792164 0.00135944 0.000246637 
3.71764e-05 0.00253939 0.000512501 8.23318e-06 7.88793e-05 -0.00102271 -0.000207448 -0.000497854 -0.000631371 -0.000307264 -0.000498708 9.68125e-05 9.40778e-05 0.000134648 -0.000165813 0.000106127 -0.000268867 -0.00130109 -8.58191e-05 0.000417849 1.11759e-05 4.05434e-06 6.48381e-06 0.000251271 4.00308e-05 0.000215226 9.55413e-05 0.00013161 0.000594031 8.06913e-06 -0.00101498 -3.58183e-06 -2.37191e-05 9.74529e-06 8.67169e-05 -9.97491e-05 1.60659e-05 0.000207694 0.000178239 4.80227e-05 -0.000204471 9.59148e-05 1.26348e-05 0.000146809 7.67482e-06 0.000326639 0.000917635 9.78784e-06 0.000153219 -6.13784e-05 0.000123588 4.16651e-05 4.30138e-05 2.97918e-05 0.000358571 0.000195894 0.000146164 -0.000491581 8.451e-05 1.04695e-05 5.93529e-05 -0.000339305 0.000241047 -0.000438881 -0.000161095 -0.000112444 -7.18895e-05 -8.46376e-08 -2.50723e-05 8.88228e-05 3.17234e-05 5.52853e-05 -2.59903e-07 -0.000335526 5.49818e-05 -0.000146453 -4.60827e-05 7.24393e-06 -1.25714e-05 2.04855e-05 7.8886e-05 7.05151e-05 -0.000353731 0.000383099 -5.36318e-06 0.000330464 0.000184597 6.12388e-08 -4.73e-05 -0.00025407 8.04945e-05 0.000126398 -4.09347e-05 -2.86595e-05 -1.7691e-05 -0.000462747 -0.00114212 0.000761274 -0.000213359 -6.63332e-05 
3.31961e-05 0.000512501 0.0524014 -0.0002864 0.0036076 -0.0150721 -0.00147715 0.00123238 -0.00991541 -0.00847959 -0.01457 -0.000138287 0.0021606 -0.000105229 0.00257735 0.00203718 -0.0135971 -0.0196312 2.80708e-05 0.00298417 4.06867e-05 0.000417036 0.000195854 -0.000179225 -0.000118607 -0.000844883 0.000441335 0.00662833 0.00377055 0.000147661 -0.0215688 -0.00100119 -0.000577109 -3.02132e-06 -0.0114762 -0.00291857 -0.000314515 0.0104914 -0.000157893 0.0066803 -0.00936266 0.00131836 0.0105183 0.00336324 -0.00196597 0.00387892 0.0137355 -0.000420036 0.0115143 -0.00128067 -0.000212393 -0.000255322 0.000692863 0.000409051 0.0100324 0.000280568 -0.000448535 -0.0131343 0.00219242 -0.000386649 -0.00143663 0.0139683 -0.000499558 -0.0182548 -0.00860266 -0.00204218 -0.00424111 4.54133e-05 0.00321874 -0.000802496 -5.09303e-06 -0.00395319 7.84467e-05 -0.00539931 0.00494889 -0.00725981 -0.000608891 -0.00018503 7.28823e-05 0.00341443 0.00223155 0.0027508 -0.000743629 0.0177783 0.0003026 0.00442109 -6.78526e-05 4.85377e-05 -0.000861586 -0.00661765 0.000989997 0.000657477 0.0110648 -0.000129554 0.000499752 -0.00969919 -0.0144616 0.0164643 0.00168718 -0.00319608 
0.000674113 8.23318e-06 -0.0002864 0.00834805 0.000670489 -0.0013434 0.000743798 -0.0046891 -0.00135455 0.000440344 -0.000861037 -4.09547e-05 0.00118278 0.00016701 -4.41894e-05 0.000535538 -0.000551988 -0.00294704 -3.33815e-06 4.2341e-05 1.64372e-06 -6.80023e-07 0.000280061 0.000944257 0.0011349 0.000938886 0.0011469 -0.00056423 -0.00166242 3.98484e-05 -0.00218578 0.00202288 4.6975e-05 -2.80909e-06 -0.00186894 -0.000422402 0.000281889 -0.00078725 -0.000137047 0.00119627 0.0010397 -1.19791e-05 -0.00321121 -8.69489e-05 6.91058e-05 0.000301235 -0.000723592 -4.28789e-05 -0.000241433 0.00136253 0.00157754 0.000624891 0.00226304 0.000138403 -7.89109e-05 0.000755071 0.000735679 -0.00198172 -8.18601e-05 0.000103041 3.98015e-05 -0.00259184 0.000761678 -0.00183538 -0.000145105 0.000332357 -0.000160455 3.18105e-05 -0.000247302 0.000831321 -1.10531e-06 -0.00250612 7.9506e-05 -0.000178287 -7.2703e-05 -0.000223186 0.00156712 -4.60142e-05 0.000314466 -0.00032708 -8.97236e-05 9.06827e-05 0.0031036 -1.32489e-05 7.34836e-05 -0.00040842 0.000297881 8.81508e-05 0.000389223 -0.000490691 2.37853e-05 0.000272945 -0.000660124 0.000527782 -0.000191773 -0.00215731 0.000442521 -0.000807983 0.000214535 6.78428e-05 
0.0038368 7.88793e-05 0.0036076 0.000670489 0.0159544 -0.000732663 0.00281229 -0.00320851 -0.00278522 -0.0016524 -0.00518107 0.000451902 0.00173866 0.000151909 -0.00107115 0.000739845 -0.00195169 -0.00548851 0.00243131 0.00053436 1.36329e-06 0.000746804 -4.27887e-05 0.000468364 0.00469853 6.10805e-05 -8.90219e-05 -0.000909199 -0.000994414 8.20737e-05 -0.00493028 0.00222577 0.000356978 2.05384e-05 -0.00293927 -0.000666937 0.00153251 -0.00187934 0.000887715 -0.000143788 -0.00169188 -1.0569e-05 -0.00691566 0.000476936 0.00149856 5.72728e-05 0.00666318 8.06584e-05 1.8858e-05 -0.000124134 0.00595128 0.00140048 0.00670982 0.000124795 0.00135229 8.04206e-05 -0.000452977 -0.00899153 0.000328541 0.000367386 0.00337582 -0.00297137 0.00361125 -0.00613712 -0.00115625 -0.000437511 -0.00128024 -5.32466e-05 -0.000392931 -0.000413955 0.000275804 -0.00524959 1.55834e-05 -0.000869438 0.000709496 -0.00229376 0.00184329 0.000250024 0.000698981 0.00221043 0.00031486 0.000456785 0.00129808 0.00352879 0.000186268 -0.000148664 -6.55446e-05 -1.98533e-05 0.000740392 -0.00638613 0.000164587 0.00039286 -0.00152798 0.00167636 -0.000198213 -0.00655663 -0.00781498 -0.00141988 0.00475234 0.00254365 
-0.000324849 -0.00102271 -0.0150721 -0.0013434 -0.000732663 0.0755067 0.00634909 0.0397475 0.00849262 0.00617645 -0.0140962 8.02562e-05 -0.0283907 -0.000998152 -0.0330393 -0.0245723 0.0171383 0.0495925 0.00174303 -0.00203493 -0.000486795 -0.000283938 -0.000148406 -0.00894284 -0.000167349 -0.0211108 -0.0372252 -0.0313745 0.0269503 -0.00106686 0.0662506 -0.00980624 0.000659567 3.78634e-06 0.0115244 0.00441457 -0.00271067 0.0220269 -0.00924065 -0.0257792 0.000510147 -0.00351561 -0.0124996 -0.00328481 0.0176487 -0.00104307 0.00864894 -0.000489141 -0.0417043 0.00141762 -0.00175155 -0.00147253 -0.0025153 -0.00424424 -0.00693576 -0.00624512 -0.0280528 0.0531806 -0.00271933 -0.00209038 -4.97229e-06 0.00495368 -0.00142683 0.0295409 0.0108133 -0.00172024 -0.00456255 0.000370047 -0.0122839 -0.000796818 -0.000306249 0.0302084 -0.000292124 0.00522294 -0.00191207 0.0133757 0.000993637 -0.00468022 -0.000270682 0.00204264 -0.00588108 -0.0190621 -0.0198298 -0.0117607 -8.23558e-05 -0.00272364 -0.00386843 -0.000382264 -0.00025299 -0.0260518 -0.00197392 -0.00515619 -0.038411 -7.26141e-05 -0.000841013 0.0382361 -0.00349527 -0.00958993 0.00572331 0.00668271 
0.00116652 -0.000207448 -0.00147715 0.000743798 0.00281229 0.00634909 0.183794 0.032087 0.0126605 -0.0022551 0.0126293 -0.000852124 -0.0124712 0.000395051 -0.0153962 0.00134164 0.0227383 -0.00955953 0.00431154 -0.00559662 0.000406492 9.62656e-05 -0.000516374 -0.00148789 0.00154331 0.0166531 -0.00256107 -0.00672684 -0.00683677 -8.84689e-05 -0.000286403 0.00129725 0.00558184 -0.000132761 -0.0214989 -0.0111298 -0.00173489 -0.0278875 0.0254628 0.00926917 0.021072 -0.00178315 -0.0330739 -0.000787994 0.0186642 -0.0104096 -0.00514748 0.000875963 -0.0077594 -0.00256871 0.00201033 0.000397022 0.0137287 0.00190293 0.00970018 -0.00301733 -0.00992603 0.00832285 -0.0040654 -0.00258105 0.00290959 0.0173 0.00109726 -0.0555561 -0.00719311 0.00681499 -0.0185042 -0.000952099 -0.00816518 -0.00761637 -0.000225983 -0.0536971 5.32979e-05 -0.0251884 -0.002095 -0.0210775 -6.60034e-05 -0.0010452 0.00306836 -0.00946718 -0.00684014 -0.00032307 0.0367469 -0.00255385 0.000865148 -0.00184449 -0.00110278 0.000461839 -0.00013975 -0.0417963 -0.000672436 0.000178036 -0.00684483 4.02265e-06 0.00962896 0.0222323 -0.0415144 -0.00986181 0.0258719 -0.0110799 
-0.00323343 -0.000497854 0.00123238 -0.0046891 -0.00320851 0.0397475 0.032087 0.200938 0.0137951 -0.0100147 -0.05415 -0.00282927 -0.0422854 -0.00299322 -0.0382493 -0.036467 -0.0150175 0.0589522 -0.00705757 0.00102642 -0.000167945 -0.000641022 -0.00163465 -0.0071956 -0.00451897 -0.0170175 -0.0422689 -0.0175602 0.0761101 -0.00109969 0.0569769 -0.0177533 0.000592568 -0.000208361 -0.0176316 -0.0133496 -0.00284688 0.0173575 0.00284978 -0.0231208 -0.0104662 -0.00142764 0.0340724 0.0004328 0.0333581 -0.00700816 0.0158195 -0.000979071 -0.0305817 -0.00816995 -0.00679563 -0.00159748 -0.00527429 -0.00344277 0.00675078 -0.00615802 -0.0365165 0.0412805 -0.00279371 -0.00194204 0.00199662 0.057443 -0.00923117 0.00575977 0.0259193 -0.00637775 -0.0300106 -0.000790747 -0.00512066 -0.0123156 -0.000328592 0.0472104 -0.000143311 -0.0283041 0.00163097 -0.034499 -0.00663701 -0.00714975 0.00108915 0.0108583 -0.00165035 -0.0191842 -0.0456492 -0.00442328 -0.000850708 0.0124856 -0.00426767 -0.000161991 -0.0100816 -0.0299796 -0.00205932 -0.00375259 -0.0234533 -0.00462734 0.00389243 0.0274313 -0.0636602 0.0116505 0.00693392 0.0178899 
-0.00177136 -0.000631371 -0.00991541 -0.00135455 -0.00278522 0.00849262 0.0126605 0.0137951 0.206532 -0.00365993 -0.00532011 -0.00241025 -0.00843335 -0.000803907 0.0138123 0.00493092 -0.0488323 0.0620267 0.00506943 -0.00715632 0.000161737 -0.000198183 0.000556074 -0.000408419 -0.00267078 -0.00401961 0.00715795 0.00698087 -0.00336557 -0.000196679 0.00704461 -0.00303015 -0.00219472 0.000390685 -0.0176676 0.00302043 0.00331909 -0.085941 0.0242235 -0.0127288 0.00561569 -0.000166771 -0.00406264 -0.0026217 -0.00464874 -0.0201786 -0.0162638 0.00241175 0.00418151 0.00251613 -0.00126044 0.000626339 -0.00125928 -0.000469632 -0.0119577 -0.00224356 0.00508095 -0.0347327 -0.00643302 0.000549243 0.00916847 -0.0238002 0.00134105 0.00220361 0.0545976 0.0161732 0.0157323 -0.000638791 -0.00253309 -0.00294293 0.00015483 -0.0311477 0.000253664 0.0157507 -0.00206738 -0.00106156 0.00405346 -0.00346329 -0.00106639 0.0174796 0.00268653 -0.00472266 -0.00980725 -0.00555334 -0.000312162 -0.00374096 -0.00161017 0.00031056 0.000941197 -9.09929e-05 -0.000183845 -0.000156035 -0.0256003 -0.000538143 -0.000584627 -0.0733876 -0.0293131 -0.0340084 0.012619 0.0355026 
-0.000821513 -0.000307264 -0.00847959 0.000440344 -0.0016524 0.00617645 -0.0022551 -0.0100147 -0.00365993 0.134065 0.0178319 -0.00196352 0.0146987 0.000965287 -0.00483233 -0.0137127 0.00841023 0.012924 0.000415493 -0.00391081 5.51569e-05 -7.19379e-05 0.00126394 9.224e-05 0.00066195 -0.00173948 0.000419403 -0.00567945 -0.0446262 -0.000157822 0.00796487 -0.00173043 -0.000791904 2.67406e-05 0.0355216 -0.00315692 0.000352492 -0.0173096 -0.012052 -0.00795556 -0.0190488 0.000956063 -0.0402419 0.000254924 -0.0170753 -0.00284977 -0.0270619 -0.000245579 -0.00972602 0.00282155 -0.00108891 0.000775118 -0.00137576 -0.000608256 -0.00896417 -0.00174581 -0.00859192 -0.0126105 0.000899475 0.000651202 0.00783788 -0.0229273 -0.00275571 0.0158103 0.00204648 0.00419648 -0.00882428 -0.000581129 -0.00575431 0.00358438 0.000103963 0.0069965 -0.000290815 0.0239286 -0.00189471 0.023421 -0.00170184 -0.00040322 0.00616554 -0.00742464 0.0013479 -0.00327622 -0.0135045 -0.00344243 -0.000245099 -0.00974668 0.000281295 0.000729919 0.00501408 0.00781475 -0.000492429 -0.000803946 0.0112301 -0.000853331 -0.001232 0.00415493 0.0358554 -0.0222375 0.0068597 -0.00951579 
-0.0041993 -0.000498708 -0.01457 -0.000861037 -0.00518107 -0.0140962 0.0126293 -0.05415 -0.00532011 0.0178319 0.238131 -0.00220687 0.0165195 -0.000866193 0.0320635 0.0582154 0.0714489 -0.0047709 0.000774079 -0.0100164 0.000391127 -0.000305551 -0.0021398 0.00253791 -0.0038235 0.0374434 0.0406389 0.00955872 -0.112977 0.00049578 -0.0250461 0.00909994 0.00614259 -0.00022325 -0.00271702 0.00460157 -0.000236692 -0.0937085 0.0159421 0.0180535 0.0273435 -0.00135271 -0.0443305 -0.00158487 -0.0720517 -0.0138321 -0.0530791 -0.00170447 0.011939 0.00246618 -0.0053546 -0.00176865 -0.00134718 0.00322628 -0.017367 0.00112049 0.0196111 -0.0316371 -0.00547693 -0.0040841 -0.00898494 -0.0249872 -0.00333458 -0.0572741 -0.0310562 0.0122221 -0.00811997 -0.000700041 -0.00262322 -0.00395185 -0.000271668 -0.0967409 0.000193045 0.0082277 -0.00372379 0.014108 -0.00289989 0.00833314 0.00312941 -0.020861 -0.00970374 0.0145677 0.0428388 -0.0113771 0.000629756 -0.0184607 0.000703876 -0.000455184 0.00735615 0.0797751 -0.000326186 0.00119281 0.0909997 -0.000561788 0.00442711 -0.00605351 0.0855672 -0.0413917 -0.0326104 -0.0331421 
0.000254663 9.68125e-05 -0.000138287 -4.09547e-05 0.000451902 8.02562e-05 -0.000852124 -0.00282927 -0.00241025 -0.00196352 -0.00220687 0.0125002 -0.000992183 0.000471479 -0.000991541 -0.00148306 -0.000541163 -0.00227064 -0.000246288 0.000593328 3.20513e-06 -1.0609e-05 0.000103522 0.00016308 0.000500084 -0.000870551 -0.000984615 -0.000858369 0.00328195 -8.74479e-06 -0.000288443 -0.000159031 -4.02488e-05 1.96388e-05 -0.00283066 0.000963619 4.06497e-05 0.00438892 -0.000305588 -0.000259943 -0.00166529 -4.2206e-05 -0.00176401 -7.60751e-06 0.00352781 0.00301245 0.00270599 -9.33651e-05 -0.000551808 0.0002633 0.000225066 -4.88127e-05 0.000127023 -8.72914e-07 0.00141513 0.000197619 -0.000471526 0.00210024 -0.000220472 3.52562e-05 -0.000312962 4.30797e-06 0.00140246 -0.00122374 -0.00144359 -0.00065887 6.98006e-05 7.64489e-05 -0.00040347 2.34351e-05 9.87639e-07 -0.00178403 3.42772e-05 5.87051e-05 1.60383e-05 0.00032274 0.000619631 -0.000154457 -0.000243563 -0.000224888 -0.000361243 -0.000249472 -0.00144362 0.00027471 0.000104428 4.84663e-05 0.000104979 -2.49534e-05 0.000321303 -0.00492606 -7.47052e-06 7.86058e-05 -0.00262421 0.000292493 -0.000247194 0.00215908 -0.00083727 0.00138278 -0.000149645 0.000850734 
-0.00120174 9.40778e-05 0.0021606 0.00118278 0.00173866 -0.0283907 -0.0124712 -0.0422854 -0.00843335 0.0146987 0.0165195 -0.000992183 0.100432 -0.000102096 0.0344414 0.0218473 -0.0227566 -0.0411853 -0.00276498 -0.0023857 8.48319e-05 0.000156795 -0.000403695 0.00513123 0.000901139 0.0209671 0.0357263 0.00527984 -0.0352601 0.000549431 -0.0376831 0.00699587 -0.00107764 1.42121e-05 0.00565495 -0.00324846 0.000228204 -0.0233445 -0.000774047 0.0141642 -0.00569699 -0.000354566 0.0136587 -0.000156841 -0.0344741 0.00354163 -0.0162099 0.00113884 0.0221993 -0.00187079 -0.000581748 0.00084008 0.0012776 0.00342308 -0.00469807 0.00345767 0.0241076 -0.0630973 0.00530865 -0.000951577 -0.00287913 -0.0319567 -0.00098002 0.0013597 -0.00896729 -0.00200959 0.00904063 -0.000519449 0.00014278 0.00272012 0.000187201 -0.0172554 -0.000183336 0.00794514 0.000384084 -0.00373628 -0.00180925 0.00565631 -0.00132428 -0.00380157 0.00572373 0.00752654 0.0264145 0.00437665 -6.4173e-05 -0.00518935 0.00267812 -0.000123676 -0.000137876 0.0312377 0.000215545 0.000699158 0.0416784 -0.000849182 0.000244939 -0.0438002 0.0244565 -0.0115681 -0.00444353 -0.00615899 
0.00033307 0.000134648 -0.000105229 0.00016701 0.000151909 -0.000998152 0.000395051 -0.00299322 -0.000803907 0.000965287 -0.000866193 0.000471479 -0.000102096 0.00713078 -0.000600507 -0.00120391 0.00268128 -0.000254109 0.000343966 0.000991003 -6.42349e-07 -8.11467e-06 6.26626e-06 0.00116899 -4.47181e-06 -0.000177293 -7.97679e-05 -8.04428e-05 -0.00155181 -6.74992e-06 -0.00188228 0.000360492 2.97736e-06 -2.41267e-06 0.00148583 0.000984105 0.00035715 -0.0023304 0.000789473 -0.000314048 0.000603563 0.000137479 -0.00279482 -8.88885e-05 -0.00165008 -0.000368836 0.000907527 -3.90904e-05 -0.00037978 0.000533612 0.000459712 0.000427365 0.000339459 -1.26414e-05 -3.9394e-05 0.00100723 7.55841e-05 0.000459579 -0.000193501 0.000204634 0.000100461 -0.00206979 0.000949722 0.000864198 0.000418537 0.000469385 -2.48654e-05 6.17942e-05 -0.000165803 -1.54026e-05 1.67617e-05 -0.000896043 2.09363e-05 -0.000118316 0.000197034 0.00164881 7.64314e-05 -4.10215e-06 8.88427e-05 -0.000313105 -1.77586e-05 -0.000237607 -0.00143688 0.000307806 9.32029e-05 0.00210896 0.00054877 0.000110972 0.000308237 -0.00242831 2.80918e-05 0.000688163 -0.00242882 -6.83033e-05 -0.000115226 0.000598947 -0.00125021 -0.000947673 -0.000721225 -0.000590362 
-0.000610351 -0.000165813 0.00257735 -4.41894e-05 -0.00107115 -0.0330393 -0.0153962 -0.0382493 0.0138123 -0.00483233 0.0320635 -0.000991541 0.0344414 -0.000600507 0.102776 0.0292846 -0.0289496 -0.0383129 0.00425452 -0.000850685 3.52354e-05 3.45763e-05 -0.000568742 0.00227166 -0.000778973 0.0105097 0.0322409 0.0405159 -0.0441423 0.000823573 -0.0468178 0.00699965 -0.00177808 -7.52658e-06 -0.0187403 -0.00601513 -0.000246421 -0.0224659 0.0014741 0.0148418 0.000713093 -0.000330207 0.0178134 -0.00024018 -0.034383 -0.000539245 -0.0174889 0.000394422 0.0374453 -0.00268052 0.000184064 -0.000420364 -0.00292076 0.00120863 -0.00637797 0.00269251 0.033886 -0.0626813 0.00293153 -0.00196193 -0.00353909 -0.017443 -0.00126941 -0.0284009 -0.0150265 -0.000224271 0.0196855 -0.000654906 0.00817199 -0.000779166 4.47637e-06 -0.0515466 -2.70888e-05 0.00827007 0.00115346 -0.0137897 -0.00239965 0.00398901 -0.00107643 -0.00666704 0.00460002 0.00964177 0.0205562 0.00422652 -0.000160144 -0.00316042 0.000961379 1.2765e-05 -0.00199635 0.052886 0.00186829 0.00123623 0.0551769 -0.000325986 -0.00161533 -0.0497826 0.0350674 -0.00724274 -0.00248337 -0.00942423 
-0.00137439 0.000106127 0.00203718 0.000535538 0.000739845 -0.0245723 0.00134164 -0.036467 0.00493092 -0.0137127 0.0582154 -0.00148306 0.0218473 -0.00120391 0.0292846 0.152254 -0.0124392 -0.0200493 -0.00388276 -0.00654186 0.000454107 -3.18466e-05 -0.000941873 0.000223497 0.000184938 0.0322689 0.0372921 0.0152941 -0.0390578 0.000225647 -0.0444137 0.0135467 0.000774984 -0.000111423 -0.0217254 -0.00806496 0.000161541 -0.0539244 0.0156032 0.0143484 0.0200118 0.000373684 -0.00102634 0.0051724 -0.0393002 -0.00908825 -0.026822 0.000818103 0.0249093 -0.00231939 0.00198994 -0.00012463 0.00251826 0.00282285 -0.00310058 0.00248419 0.0325469 -0.0775201 -0.00197224 -0.000550261 -0.00131337 -0.0105911 0.00116681 -0.0382191 -0.0240083 0.00407576 0.0141246 -0.000784261 0.0119133 -0.000678523 -5.30124e-05 -0.0483396 -0.000205699 -0.00556457 -0.00107996 -0.0239178 -0.00229539 0.00867982 -0.000892223 -0.00452834 -0.0023921 0.0139951 0.0587104 -0.00302706 0.000108806 -0.00873355 -0.000160056 -0.000230477 -0.000175509 0.0296353 0.000210845 0.00228265 0.0616708 0.0022907 -0.00226242 -0.057505 0.012165 -3.34851e-05 -0.0130039 -0.014531 
-0.000849581 -0.000268867 -0.0135971 -0.000551988 -0.00195169 0.0171383 0.0227383 -0.0150175 -0.0488323 0.00841023 0.0714489 -0.000541163 -0.0227566 0.00268128 -0.0289496 -0.0124392 0.201694 0.0206484 0.00564132 -0.0034095 -0.0001084 -0.000364772 -0.00157665 -0.00309831 -0.00376888 -0.00965576 -0.02141 -0.0207486 -0.035412 -0.000259893 0.0218753 -0.0012172 0.00751424 -0.000241428 0.0460931 0.00280464 -0.0021293 -0.0256426 0.00253323 0.00169661 0.0433558 -0.00160519 -0.0676527 -0.00258436 -0.0234201 -0.00550899 -0.0146632 -0.000951518 -0.0190209 0.0037474 -0.0030391 -0.000581469 0.00178499 -0.00202054 -0.00648287 -0.00293493 -0.0180073 0.0618437 -0.00425256 0.000473002 -0.00319964 -0.014122 0.00367104 -0.00065761 -0.0106919 0.00249675 -0.0211258 0.000175003 -0.00911296 -0.00529917 -0.000335686 -0.00582732 0.000322399 -0.0144858 -0.00365505 0.0225697 -0.00377847 -0.000825958 0.00325346 -0.0167765 -0.0082626 -0.00075101 -0.00993938 -0.00790819 0.00106504 0.00258923 -0.000962231 -0.000152901 0.00439326 0.0111897 -0.000825605 -0.00196356 -0.0164622 -0.00156339 0.000448231 0.0856566 -0.000722274 -0.0282412 -0.0229679 -0.0238128 
-0.00450262 -0.00130109 -0.0196312 -0.00294704 -0.00548851 0.0495925 -0.00955953 0.0589522 0.0620267 0.012924 -0.0047709 -0.00227064 -0.0411853 -0.000254109 -0.0383129 -0.0200493 0.0206484 0.221397 0.000863173 0.0042325 -0.000163835 -0.000445027 0.000644759 -0.00683922 -0.00643423 -0.0392143 -0.0337079 -0.0312199 0.00226955 -0.00109623 0.0692804 -0.0125337 0.000298595 0.000133097 -0.00698424 0.00673599 -0.00044915 -0.027342 -0.00266833 -0.0275516 0.0110927 -0.00203571 -0.0416479 -0.00418168 -0.00240535 -0.0353328 -0.0351714 -0.000383812 -0.0364024 0.0055603 -0.00773572 -0.00115775 -0.0087498 -0.00202636 -0.0239896 -0.00453664 -0.0265405 0.0540465 -0.00819833 0.00311417 0.00463464 0.0127131 -0.00360147 0.0362026 0.0487424 0.00506505 -0.00460159 -0.000981244 -0.0106068 -0.000987557 -0.000340306 0.0192339 3.29573e-05 0.0197406 -0.00238209 0.0148677 -0.000621381 -0.00667 0.0015446 0.00891879 -0.000570323 -0.0155737 -0.0246326 -0.0159384 -0.000362507 0.0031853 -0.00390028 0.000265273 0.000401967 -0.000162116 -0.00179864 -0.00371975 -0.0502325 -0.000378848 -0.00258267 0.00569188 -0.0161358 -0.0428964 0.0124243 0.0196181 
0.00343958 -8.58191e-05 2.80708e-05 -3.33815e-06 0.00243131 0.00174303 0.00431154 -0.00705757 0.00506943 0.000415493 0.000774079 -0.000246288 -0.00276498 0.000343966 0.00425452 -0.00388276 0.00564132 0.000863173 0.0442913 0.000651039 -2.17345e-05 0.00013372 7.53798e-05 -0.000343759 0.00102409 -0.00306909 -0.000967019 0.00286573 -0.0137666 0.000401029 -0.00508487 0.0041623 0.000652248 2.1344e-05 -0.00835256 -0.00184334 0.000809439 0.000525614 0.00571849 -0.00145043 0.00213913 0.000336318 -0.0194741 -0.000221008 -0.0121869 -0.00203992 -0.000597213 0.00120346 -0.000437116 0.000996702 0.00485921 0.000548736 0.00285564 0.00020547 -0.0016122 -0.000416049 -0.00025286 0.00164668 0.000113175 -0.000523472 0.00271432 -0.00420285 0.00580383 -0.00932123 0.00267197 -0.000262622 0.00291642 7.45502e-05 -0.00106197 0.000418846 0.000218692 -0.0160475 -7.55687e-05 0.00213111 0.000711362 -0.00180349 0.00180357 -0.000375084 0.00232318 -0.00212798 -0.000869209 0.000896441 -0.00861656 -0.00035811 0.000452163 -0.000835167 -0.00010277 6.07082e-06 0.000400247 0.00675655 0.000540864 -0.000249988 2.91356e-05 0.00215717 0.00107723 -0.00321657 0.00459305 -0.00594197 0.00142986 -0.00350869 
0.000360622 0.000417849 0.00298417 4.2341e-05 0.00053436 -0.00203493 -0.00559662 0.00102642 -0.00715632 -0.00391081 -0.0100164 0.000593328 -0.0023857 0.000991003 -0.000850685 -0.00654186 -0.0034095 0.0042325 0.000651039 0.0404448 0.000107861 -3.02756e-05 0.000310051 0.00246842 -0.00040667 -0.00220177 -0.00155255 -0.000931225 0.0182526 -5.71695e-05 -0.00178091 -0.000288589 -0.000582099 0.000131802 -0.00173001 -0.00142186 0.000297465 0.00809039 0.00216278 -0.0018781 -0.00767096 2.80964e-05 -0.00553165 -0.000236885 0.0128189 -0.00184882 0.012877 -0.000303864 -0.00182789 0.000481525 0.000616821 0.000570004 -0.000974354 -0.000202044 0.000407603 0.0027203 -0.000477366 0.00604959 -0.000688206 0.00167771 0.000297852 -0.00769803 0.00314884 -0.00192153 -0.00411924 -0.0021254 -0.00199655 0.000384123 -0.00120534 -0.00111677 -1.64951e-05 0.00569191 -3.28445e-05 -0.00533313 0.00141454 0.000315566 -0.000392257 -0.000487581 -0.000702782 0.00482334 -0.00131287 -0.00143574 -0.0041728 0.00211751 1.62897e-05 0.00303217 0.000866879 0.00013592 -0.000689425 -0.0127072 -4.29395e-05 0.00141083 -0.0113859 -0.000306267 0.000390397 0.00241592 -0.0112368 -0.00138944 -0.00463018 0.00217418 
-2.84254e-06 1.11759e-05 4.06867e-05 1.64372e-06 1.36329e-06 -0.000486795 0.000406492 -0.000167945 0.000161737 5.51569e-05 0.000391127 3.20513e-06 8.48319e-05 -6.42349e-07 3.52354e-05 0.000454107 -0.0001084 -0.000163835 -2.17345e-05 0.000107861 0.0010166 2.38075e-06 1.84829e-07 6.94154e-05 2.4651e-06 0.000600935 0.000508176 7.32869e-05 -0.00020527 2.89335e-06 -0.000684236 -1.16656e-05 1.0298e-05 1.16794e-06 -0.000195215 -5.00499e-05 2.2324e-05 -0.000430133 0.00028033 0.000137901 -0.000138728 2.71294e-06 -3.65482e-05 9.10518e-06 -0.000243433 -6.81929e-05 -0.000141726 1.7969e-05 0.000193669 -4.55159e-06 2.0084e-05 6.99929e-05 1.96407e-05 9.51973e-05 4.03164e-05 5.11315e-05 5.74485e-05 -0.000509333 -3.00552e-05 1.07126e-06 0.000173429 -6.82565e-05 3.83348e-05 -0.000484337 -0.0001042 0.000165289 -6.19809e-05 -2.38299e-06 1.45311e-07 -4.71033e-06 1.07255e-06 -0.000527653 4.71366e-06 -0.000126725 -6.26971e-06 -0.000122242 -1.68399e-05 2.12181e-05 -4.34079e-06 -2.0668e-05 -1.47767e-05 8.36414e-05 0.000246893 -2.28762e-05 -2.44274e-06 -5.93048e-05 7.69734e-06 9.24009e-06 -1.59683e-06 -0.000281843 4.29124e-07 0.000173344 0.000391721 -1.07435e-05 4.8082e-05 -0.00045791 -0.000233971 3.73151e-05 -6.8817e-05 -5.76645e-05 
0.000276584 4.05434e-06 0.000417036 -6.80023e-07 0.000746804 -0.000283938 9.62656e-05 -0.000641022 -0.000198183 -7.19379e-05 -0.000305551 -1.0609e-05 0.000156795 -8.11467e-06 3.45763e-05 -3.18466e-05 -0.000364772 -0.000445027 0.00013372 -3.02756e-05 2.38075e-06 0.00173013 2.19115e-05 4.48713e-05 0.000448978 -3.54636e-05 3.38539e-05 -7.12325e-06 -0.000559448 1.63498e-05 -0.000511799 0.000180529 3.46981e-06 1.82314e-05 -0.000422826 -6.93098e-05 0.000124596 -0.000355467 0.000209817 9.51559e-05 -0.000133654 0.000106535 -0.000952977 -1.14905e-05 -6.64819e-05 -0.000126302 0.000285127 -8.91903e-06 0.000225688 -2.90864e-05 0.000446763 2.31084e-05 0.000563641 5.49955e-05 8.08228e-05 -5.67652e-06 -9.63171e-05 -0.000867208 0.00032777 1.42757e-05 0.000330526 -0.000278573 5.19373e-05 -0.000859048 -0.000239345 7.25573e-05 -0.00014103 -7.06412e-06 -5.87971e-05 -2.10859e-05 1.02524e-05 -0.00105954 4.39341e-05 0.00044911 9.27988e-05 1.94525e-05 0.000100729 0.00011968 2.69178e-05 7.37191e-05 -1.00109e-05 6.46644e-05 0.000317087 0.000498625 3.17528e-05 -6.89061e-05 -1.49551e-06 1.38826e-05 0.000103915 -0.00020322 8.45887e-05 4.0013e-05 0.000241829 0.000488182 -2.14962e-05 -0.000799108 -0.000255091 -0.000235094 0.000693709 1.57103e-05 
-1.00213e-05 6.48381e-06 0.000195854 0.000280061 -4.27887e-05 -0.000148406 -0.000516374 -0.00163465 0.000556074 0.00126394 -0.0021398 0.000103522 -0.000403695 6.26626e-06 -0.000568742 -0.000941873 -0.00157665 0.000644759 7.53798e-05 0.000310051 1.84829e-07 2.19115e-05 0.00645829 0.000112734 0.000719861 -5.37885e-05 -0.000218012 -9.94335e-05 -0.000815481 -9.23211e-06 1.82651e-05 5.00852e-05 -7.70884e-05 4.79821e-07 -0.00139663 0.000870888 0.000238847 0.00113239 -6.94135e-05 -1.15081e-06 -0.00111449 0.000143048 -0.00285815 0.000145783 0.00101479 0.000366219 0.000185389 -4.62095e-05 -0.00042553 0.000292541 0.000279051 4.55843e-05 7.29182e-05 -2.50716e-05 -0.000142209 3.35833e-05 -0.000432804 -0.000228552 -1.208e-05 0.000177115 0.000626944 -0.000424034 0.000245564 -0.00207515 -0.000541896 3.79785e-05 0.00105982 2.48325e-05 -0.000173361 0.000589805 -4.15242e-06 2.81432e-05 2.70963e-05 0.00231538 0.000136962 0.000178461 7.68531e-05 -7.15587e-05 0.000310513 0.000691444 2.20758e-05 -0.000187012 -0.00110609 0.000216986 2.20212e-05 -3.28102e-05 -2.3951e-05 0.000178144 0.000367758 -0.00169227 4.9095e-05 -6.69488e-06 -0.00155538 0.000740532 -0.000149338 -0.00234284 0.000619939 -0.000521581 0.00224668 0.000281065 
0.000564172 0.000251271 -0.000179225 0.000944257 0.000468364 -0.00894284 -0.00148789 -0.0071956 -0.000408419 9.224e-05 0.00253791 0.00016308 0.00513123 0.00116899 0.00227166 0.000223497 -0.00309831 -0.00683922 -0.000343759 0.00246842 6.94154e-05 4.48713e-05 0.000112734 0.0129797 0.000155224 0.0048053 0.00803823 0.00245415 -0.00273432 4.64774e-06 -0.00939579 0.0014798 -7.41449e-05 -2.62767e-06 -0.00283901 -0.000699284 0.00208234 -0.00611917 0.00471829 0.000126874 -0.00106706 0.000663475 -0.000337021 -0.000121807 -0.00178149 -0.000928736 -0.00025357 1.22656e-06 0.00105989 4.38448e-05 0.0020352 0.000892943 0.000700198 0.000490534 -0.00045899 0.00528167 0.00663893 -0.00769591 0.000105522 0.000111828 0.00152031 -0.00448239 0.00153528 -0.00411343 -0.000603535 0.000539083 -0.000690688 -1.78279e-05 0.000129768 -0.00021112 0.000235569 -0.00530714 -1.44345e-05 -0.00146412 0.000263719 -0.00165457 0.000272961 0.000812196 0.000118465 0.000699019 7.56736e-05 0.000372421 0.00231245 0.000922663 5.68254e-06 0.00263605 0.00318573 0.000128031 0.000245645 -0.000120251 0.000121573 0.00368578 0.00262339 -5.40068e-05 -0.000117769 -0.00605229 -0.00189846 -0.00168762 -0.00155985 -0.00076965 
0.0032498 4.00308e-05 -0.000118607 0.0011349 0.00469853 -0.000167349 0.00154331 -0.00451897 -0.00267078 0.00066195 -0.0038235 0.000500084 0.000901139 -4.47181e-06 -0.000778973 0.000184938 -0.00376888 -0.00643423 0.00102409 -0.00040667 2.4651e-06 0.000448978 0.000719861 0.000155224 0.0145773 -0.000108228 0.000494817 0.000472109 -0.0011169 4.52325e-05 -0.00297072 0.00251205 -9.97799e-05 7.63209e-06 -0.000832045 0.000383069 0.000626155 0.00158412 -0.000484977 3.08693e-05 -0.00253201 0.000364968 -0.00535818 0.000583918 0.00172108 0.00208239 0.00393937 -9.76757e-05 -0.000361952 6.99278e-05 0.00573122 0.000726205 0.00598782 -8.85905e-05 0.00136583 -0.00018467 -0.000768327 -0.00740004 -8.30257e-05 -0.000102909 0.0039104 -0.00196954 0.00224953 -0.00478492 -0.00137174 -0.000349418 -0.000344579 -4.43976e-05 -0.000388191 -0.000242302 7.79418e-05 -0.00440141 1.25142e-05 0.00232549 0.000189053 -0.00146192 0.00140649 -9.85492e-05 0.000221787 -0.000501276 -6.64525e-05 -0.000287369 -0.00125806 0.000822323 1.19976e-05 -0.00134481 -9.88421e-05 -1.94916e-05 0.00167282 -0.00533724 0.000231945 0.000326322 -0.001342 0.00191452 -0.000256738 -0.00611403 -0.00271011 -0.00103978 0.00549004 0.00168108 
-0.00135666 0.000215226 -0.000844883 0.000938886 6.10805e-05 -0.0211108 0.0166531 -0.0170175 -0.00401961 -0.00173948 0.0374434 -0.000870551 0.0209671 -0.000177293 0.0105097 0.0322689 -0.00965576 -0.0392143 -0.00306909 -0.00220177 0.000600935 -3.54636e-05 -5.37885e-05 0.0048053 -0.000108228 0.0991859 0.0333255 0.00338672 -0.0157903 0.000534306 -0.0298277 0.012942 0.000186616 -8.41613e-05 -0.0135748 -0.00569407 0.000633035 -0.0400963 0.0178592 0.0171043 0.00940884 -2.99885e-05 -0.000662298 -0.000981466 -0.0234342 -0.00500197 -0.0131042 -0.000397269 0.00786112 -0.00244166 0.000773076 0.000474495 0.00328987 0.00263094 -0.00378616 0.00395158 0.0132985 -0.0303506 -0.00301933 -0.000726571 -0.00114147 -0.0291724 -0.000900483 -0.0280407 -0.013133 0.0103079 -0.00462837 9.21874e-05 -0.0011242 -0.00115645 -2.84429e-05 -0.0268037 -6.62205e-06 -0.0103217 0.00072768 -0.000715909 -0.00118849 0.00609646 -0.00185145 0.001348 -0.00334836 0.00719125 0.0375273 -0.00239683 -0.00014506 0.00414823 0.00239473 0.000283655 -1.05799e-05 0.0108786 -0.000263871 0.00325665 0.0231479 0.00110838 0.00276243 -0.0263735 0.0106845 -0.00916629 -0.0141465 -0.00672281 
0.000202284 9.55413e-05 0.000441335 0.0011469 -8.90219e-05 -0.0372252 -0.00256107 -0.0422689 0.00715795 0.000419403 0.0406389 -0.000984615 0.0357263 -7.97679e-05 0.0322409 0.0372921 -0.02141 -0.0337079 -0.000967019 -0.00155255 0.000508176 3.38539e-05 -0.000218012 0.00803823 0.000494817 0.0333255 0.0838226 0.0133107 -0.0350633 0.000903783 -0.0494959 0.0134165 -0.00110826 -1.91525e-05 -0.0179194 -0.00411127 0.00373935 -0.0337693 0.0111483 0.0163101 -0.00338698 0.000421463 0.00797 -0.000919686 -0.0202467 -0.00597328 -0.0150197 -4.45954e-06 0.028812 -0.000349245 0.00265548 0.00179035 0.00231525 0.00431345 -0.00388348 0.00398188 0.0304796 -0.0550345 0.000105148 0.00182248 0.0035248 -0.0200686 0.000541576 -0.0269801 -0.00639918 0.00580147 0.00447827 -0.000345927 4.52937e-05 -0.00104924 0.000278255 -0.0472418 -8.76472e-05 -0.00625716 -0.000836485 -0.014269 -0.00034033 0.00671258 -0.0010778 -0.00306121 -0.0023163 0.0141257 0.0384376 -0.000637493 -0.00023768 -0.00419028 0.00228256 0.000334429 0.0011086 0.0240657 0.000331592 0.00428471 0.0417525 0.000209607 0.00105311 -0.0449909 0.0193948 -0.0105295 -0.00862935 -0.00692906 
-3.0024e-05 0.00013161 0.00662833 -0.00056423 -0.000909199 -0.0313745 -0.00672684 -0.0175602 0.00698087 -0.00567945 0.00955872 -0.000858369 0.00527984 -8.04428e-05 0.0405159 0.0152941 -0.0207486 -0.0312199 0.00286573 -0.000931225 7.32869e-05 -7.12325e-06 -9.94335e-05 0.00245415 0.000472109 0.00338672 0.0133107 0.0778954 -0.024068 0.000649897 -0.0398917 0.00342716 -0.00124478 -2.96307e-05 -0.0115134 -0.00346506 -0.000403799 -0.0191719 0.00852198 0.0102789 -0.00569798 0.000602408 0.0105532 0.00156318 -0.0148313 -0.00269047 -0.0099453 0.000973051 0.0324878 -0.00181857 0.00253408 -0.000199459 -0.000482612 0.000170646 -0.00123801 0.00464666 0.0192967 -0.0485869 -6.38445e-05 -0.00134525 0.00134651 0.00747262 -0.000709009 -0.0254705 -0.00480079 -0.00107497 0.00965176 -0.000455813 0.00966722 -0.000618186 7.51141e-05 -0.0182485 1.06523e-05 -0.00138348 0.000698224 -0.0134707 -0.00152531 0.00161983 -0.000562526 -0.00417848 0.0106056 0.00774322 -0.00364234 0.00285138 -0.000167198 0.000620918 0.00142021 0.000157833 -0.00164644 0.0297871 0.00175888 0.00179337 0.0328586 -0.000328318 -0.00111386 -0.0342402 0.00858263 0.00510954 0.00657926 -0.0038495 
0.000349189 0.000594031 0.00377055 -0.00166242 -0.000994414 0.0269503 -0.00683677 0.0761101 -0.00336557 -0.0446262 -0.112977 0.00328195 -0.0352601 -0.00155181 -0.0441423 -0.0390578 -0.035412 0.00226955 -0.0137666 0.0182526 -0.00020527 -0.000559448 -0.000815481 -0.00273432 -0.0011169 -0.0157903 -0.0350633 -0.024068 0.245551 -0.000713978 0.0388648 -0.0110849 -0.00281814 4.78588e-05 0.0130347 -0.01461 -0.00125692 0.0632142 -0.00140925 -0.01611 -0.0153303 -0.00237193 0.0468668 -0.00147189 0.0995638 0.00897748 0.0714689 -0.00116504 -0.0283787 -0.00596041 -0.000566696 -0.000861082 -0.00400851 -0.0035453 0.0148434 -0.00329219 -0.0216569 0.0578232 -0.000352063 0.00136173 0.00361978 0.00721281 -0.000172945 0.0667663 0.0155022 -0.0176058 -0.0172454 0.00114764 -0.00336937 -0.00421587 -0.00025248 0.0824408 -0.000325336 -0.045595 0.00273429 -0.0286048 0.00211856 -0.00688716 -0.007743 0.0311107 -0.00421921 -0.0152969 -0.0466155 0.00011134 -0.000393265 0.000537961 -0.00171278 -0.000443292 -0.0079869 -0.113767 -0.00142859 -0.00211355 -0.101135 -0.00497133 -0.00154252 0.0392461 -0.1084 0.0440559 -0.0243183 0.0335322 
3.90563e-05 8.06913e-06 0.000147661 3.98484e-05 8.20737e-05 -0.00106686 -8.84689e-05 -0.00109969 -0.000196679 -0.000157822 0.00049578 -8.74479e-06 0.000549431 -6.74992e-06 0.000823573 0.000225647 -0.000259893 -0.00109623 0.000401029 -5.71695e-05 2.89335e-06 1.63498e-05 -9.23211e-06 4.64774e-06 4.52325e-05 0.000534306 0.000903783 0.000649897 -0.000713978 0.00175044 -0.00135906 0.00072621 -1.05607e-05 1.72692e-06 -0.00040589 -8.04507e-05 3.56504e-06 -0.000364642 5.90879e-05 0.000952344 -0.000137341 1.45355e-05 -7.32899e-05 4.35017e-05 -0.000441909 -9.14791e-05 -0.000222902 3.02639e-05 0.000597833 -2.76541e-05 4.70463e-05 0.000112808 5.85121e-05 3.12101e-05 7.77024e-05 -2.05474e-05 8.99097e-05 -0.00110371 0.000237534 0.000122163 -1.55199e-05 -0.000359286 -1.19768e-06 -0.000855475 -0.000255074 -2.41486e-05 7.82397e-05 -9.36192e-06 3.18271e-05 -5.13327e-05 1.25827e-06 -0.00105578 2.77518e-06 0.000106571 4.67097e-05 -0.000291389 -1.45192e-05 0.000211648 4.46049e-06 -0.0001148 -3.64655e-05 0.00106694 -9.3945e-05 6.4641e-05 3.30139e-05 -0.000120505 -6.73419e-06 -2.43758e-06 -2.42454e-05 0.000540284 7.69081e-05 4.28379e-05 0.000882001 8.71783e-05 7.23839e-05 -0.000783563 0.000428292 -0.000196291 -0.000137613 -0.000153002 
-0.00360494 -0.00101498 -0.0215688 -0.00218578 -0.00493028 0.0662506 -0.000286403 0.0569769 0.00704461 0.00796487 -0.0250461 -0.000288443 -0.0376831 -0.00188228 -0.0468178 -0.0444137 0.0218753 0.0692804 -0.00508487 -0.00178091 -0.000684236 -0.000511799 1.82651e-05 -0.00939579 -0.00297072 -0.0298277 -0.0494959 -0.0398917 0.0388648 -0.00135906 0.112974 -0.0186658 0.000176602 -2.70666e-05 0.0181989 0.00554072 -0.0033562 0.0333521 -0.0231934 -0.0297628 -0.000618872 -0.0036811 -0.00910701 -0.0037572 0.0283807 -0.00101019 0.00469566 -0.00136424 -0.0483799 0.00230312 -0.00826298 -0.00256742 -0.00829429 -0.00457673 -0.00965771 -0.00743209 -0.0371493 0.0760573 -0.00377532 -0.0015291 -0.00217594 0.0107216 -0.00636208 0.0459616 0.0173376 -0.00430255 -0.0084764 0.000337551 -0.012492 -0.000349045 -0.000567562 0.0499903 -0.000287238 0.0102002 -0.00337425 0.0190636 0.000715945 -0.00637598 -0.00202743 0.00290949 -0.00583626 -0.0207298 -0.0274194 -0.0162478 -0.000452866 -0.00249104 -0.00395182 -0.000454975 -0.00222294 -0.0255905 -0.00249771 -0.00549784 -0.0515423 -0.00184258 -0.000726332 0.0545357 0.000107661 -0.00793938 0.00679287 0.0104991 
0.0020686 -3.58183e-06 -0.00100119 0.00202288 0.00222577 -0.00980624 0.00129725 -0.0177533 -0.00303015 -0.00173043 0.00909994 -0.000159031 0.00699587 0.000360492 0.00699965 0.0135467 -0.0012172 -0.0125337 0.0041623 -0.000288589 -1.16656e-05 0.000180529 5.00852e-05 0.0014798 0.00251205 0.012942 0.0134165 0.00342716 -0.0110849 0.00072621 -0.0186658 0.0279108 0.000479141 1.26844e-05 -0.00626272 -0.00103027 0.00230606 -0.00885778 0.0102151 0.00663901 0.00207134 0.00121367 -0.00934625 -9.79472e-05 -0.00740617 -0.00148084 -0.00144815 9.26327e-05 0.000885783 3.84619e-05 0.0051115 0.00163892 0.00451554 0.000396439 -0.000238625 0.000363814 0.00385881 -0.0148208 0.00101158 0.00112621 0.00242976 -0.00800913 0.00476473 -0.0134625 -0.00293971 0.0029107 0.00171462 -0.000117377 -0.000942022 -0.000572372 0.000224526 -0.0165493 -4.29976e-05 -0.00168297 -0.000137407 -0.00409591 9.60711e-05 0.00262924 0.000110848 -0.000465066 -0.000757758 0.00675899 0.00874429 -0.000779385 0.000512419 -0.00104899 0.000139784 0.00012573 0.00212609 0.00258462 0.00038442 0.000265756 0.00599678 0.00314327 -0.000512045 -0.0109082 0.00149269 -0.00373064 -0.0030454 -0.00248214 
-0.000121749 -2.37191e-05 -0.000577109 4.6975e-05 0.000356978 0.000659567 0.00558184 0.000592568 -0.00219472 -0.000791904 0.00614259 -4.02488e-05 -0.00107764 2.97736e-06 -0.00177808 0.000774984 0.00751424 0.000298595 0.000652248 -0.000582099 1.0298e-05 3.46981e-06 -7.70884e-05 -7.41449e-05 -9.97799e-05 0.000186616 -0.00110826 -0.00124478 -0.00281814 -1.05607e-05 0.000176602 0.000479141 0.0170083 1.23333e-05 -0.00254057 0.00218082 -5.68215e-05 -0.0052161 0.00171951 0.00445345 0.00383404 -1.91819e-05 -0.00911751 -0.000176552 -0.000545491 -0.000830909 -0.00152715 -0.000122553 -0.00110208 0.000944435 -0.000128654 -6.02398e-05 0.00191717 9.08276e-05 -0.000688598 -0.000154654 -0.000793095 0.00175905 -0.000478311 -0.000301824 -0.00017044 -0.000924022 0.000295344 -0.00515863 0.000579301 4.0895e-05 -0.00104397 -5.08919e-05 -0.00015141 -0.000268937 -2.77579e-07 -0.00733917 1.20976e-05 -0.00148181 -0.000160898 1.17574e-05 -7.57788e-05 0.000165775 0.00181951 -0.000830213 -0.00052806 0.000324547 0.00113524 -0.000446106 9.57557e-05 -0.000728006 -9.96382e-05 -1.56553e-05 0.000454766 -0.00246394 -4.84548e-05 -0.000103141 -0.00273471 -0.000197836 0.000576723 0.00251795 -0.00010844 -0.00156634 -0.000899368 -0.00135288 
7.10822e-05 9.74529e-06 -3.02132e-06 -2.80909e-06 2.05384e-05 3.78634e-06 -0.000132761 -0.000208361 0.000390685 2.67406e-05 -0.00022325 1.96388e-05 1.42121e-05 -2.41267e-06 -7.52658e-06 -0.000111423 -0.000241428 0.000133097 2.1344e-05 0.000131802 1.16794e-06 1.82314e-05 4.79821e-07 -2.62767e-06 7.63209e-06 -8.41613e-05 -1.91525e-05 -2.96307e-05 4.78588e-05 1.72692e-06 -2.70666e-05 1.26844e-05 1.23333e-05 0.00130726 -7.92867e-05 8.93344e-06 6.99969e-05 -0.000297564 5.33197e-05 -5.70255e-05 -9.6821e-05 1.87315e-05 -0.000399968 -1.33702e-05 0.000238686 -6.18282e-05 0.000152292 3.98462e-05 -5.14388e-05 0.000215019 5.37971e-05 1.8941e-05 4.63567e-05 -6.92692e-06 -5.91582e-05 1.31608e-05 3.5691e-05 -0.000139507 -4.12022e-06 -1.12969e-05 0.000254602 -0.000252959 6.9876e-05 5.5914e-05 0.000483749 1.4491e-05 0.00026773 6.94537e-06 -2.33837e-05 2.86104e-05 1.12576e-05 -0.000209107 3.24918e-06 -0.000124576 1.51458e-05 9.56084e-05 4.3896e-05 -8.83877e-06 3.01895e-05 0.00016125 4.83176e-05 -4.33402e-05 -0.000159284 -6.81189e-06 1.35008e-07 -6.12227e-05 -7.17762e-06 2.45719e-05 -6.66751e-07 -0.000324938 5.20209e-06 -1.03697e-05 -0.000343488 1.40489e-05 -2.70231e-05 -0.000503365 -0.000458984 -0.000160912 0.000158018 9.07587e-05 
