0.172458 0.010307 0.00348763 -0.000452225 0.0241589 0.0629309 -0.00161774 -0.00590226 0.00977694 0.00972253 0.00103356 0.0140809 0.00594498 -0.000853363 0.00146796 0.00121922 -0.027439 -0.0374326 -0.0243181 0.0740644 0.00634286 0.00496604 0.0291621 0.0437851 0.00342387 0.0133199 -0.00035906 -0.00876719 -0.00118428 -0.0663959 -0.0752212 -0.00347532 -0.0147963 0.00303617 -0.0981404 0.00700914 0.00330035 -0.0340054 0.0521062 0.0102975 -0.0922361 0.0283975 -0.000493214 -0.0162653 -0.0173629 -0.0169215 0.0122452 0.00600091 -0.00260654 -0.0559462 0.0138125 -0.00997071 -0.0174986 0.000162642 -0.0148521 0.000194306 -0.00208537 0.0595774 -0.000380165 0.00638321 0.000488812 -0.031594 0.000375607 -0.0343291 -0.0127971 0.0755612 -0.0819103 -0.073171 0.00920613 -0.078037 0.00819486 0.0260908 -0.00634265 -0.0148484 0.00023019 0.0215793 0.0173661 0.000596447 -0.0136441 0.0759747 -0.00246965 0.0013446 0.000465295 0.0007926 0.0326861 -0.0019904 -0.00639184 -0.000652928 0.0121168 0.00861349 -0.00593935 0.00147336 8.9196e-05 0.000368822 -0.000412887 -0.00390305 0.000212607 -0.000255788 -0.0113525 0.0390184 
0.010307 0.0387444 0.000806018 -0.000643085 0.0151414 0.00441123 0.00170182 -0.00126858 0.0204024 0.00605165 -0.000327659 0.000373241 0.00108468 0.00150594 0.0002241 0.00562565 -0.00564466 0.00201139 -0.00322801 -0.00430013 -0.000168683 0.0080574 -0.0202846 -0.00947936 0.000487529 -0.000254719 0.00758096 -0.0280338 -0.000220984 -0.0111713 -0.00349615 0.0156818 -0.00327775 0.0001162 -0.0243127 0.00297283 -0.00577501 -0.0295404 -0.00668705 0.00843228 -0.0204823 -0.0154456 -0.000118172 -0.00291774 -0.00366071 -0.00367994 1.06518e-05 0.000447539 -0.000140828 -0.0133619 0.0142311 0.00870475 0.012443 0.00169337 -0.00499014 0.000400278 0.00818829 0.000591868 0.000557386 0.000879144 0.00490628 0.0045343 0.00206572 -0.00706745 0.0235501 -0.00307747 -0.00683947 -0.0107245 0.0175278 -0.0258783 0.00658778 0.00263986 0.0105548 -0.0013764 -0.00199921 -0.000680591 -0.00331774 -0.000127866 -0.00915925 -0.0136612 0.00089984 0.00267954 -0.000346754 -0.000995749 -0.0254204 0.0100186 -0.00270141 0.00161625 0.0137704 0.0107387 -0.000631547 0.000919017 0.000338062 -0.00228412 0.00162269 0.00814654 0.000527352 0.010534 -0.00366357 0.0088201 
0.00348763 0.000806018 0.0175541 -0.000228834 -9.59627e-05 0.00170664 -0.000464801 -0.000499412 -0.00043598 0.000604576 0.000501812 -0.00026181 -5.94504e-05 0.000312381 -0.000123228 7.00302e-05 -9.41928e-05 -0.00273127 -0.000163843 0.00617039 3.39195e-05 -0.000141835 -0.000398458 0.00118421 -1.08172e-05 0.000257047 0.000282877 0.000126165 -9.1526e-05 -0.00121187 -0.00613755 -0.000543071 0.00293809 0.00012162 -0.00561394 0.000398843 -0.00133994 -0.00402017 -0.0023531 -0.000168245 -0.00397645 0.000841899 -2.46239e-05 -0.000143516 -0.00079189 0.000569506 -4.49662e-05 -0.000580942 0.000168717 -0.0032402 0.000474425 0.000591687 -0.00043438 4.29515e-06 -0.00206452 3.27915e-05 0.00482034 0.00261256 4.74587e-05 -5.88006e-05 0.000253139 -0.00171739 -7.47495e-05 -0.00332025 0.00142238 0.00254008 -0.00615264 -0.00247366 0.00022661 -0.0073403 -1.66376e-05 -0.000557934 -0.000704316 -0.000812554 9.91295e-05 -0.00031178 0.00367721 -4.21053e-05 0.000766825 0.00321597 0.000224154 -0.000242834 8.90551e-05 0.00105275 0.00183902 -8.78276e-05 0.000858526 -4.1185e-05 0.000310274 0.00100568 -0.000710046 0.000294128 3.29708e-06 0.000270258 0.000569719 -0.00190189 0.000792789 0.000755783 -0.00306909 0.00113992 
-0.000452225 -0.000643085 -0.000228834 0.0183777 0.000247472 -0.000729747 0.00114172 0.000287918 -0.000469638 -0.000217685 -0.000382319 -0.000552416 7.62449e-05 -0.000243797 0.000276623 -0.000151688 0.00292876 0.002119 0.000355999 -0.00234738 -5.67993e-05 -1.59525e-05 -0.00333106 -0.00322206 -0.00010348 0.000187061 2.31747e-05 -0.00100538 3.50073e-05 0.00320429 -0.00324799 -0.000623865 -0.00155714 0.000330222 0.00143884 -0.00047921 0.00134204 -0.000704094 0.00327388 -0.000217895 0.00264799 -0.00683374 3.91564e-05 -0.00135201 -0.00166435 0.00176598 -0.000676434 0.000619054 -0.000241316 0.00593585 -0.000685294 -0.00207964 -0.00103649 -4.95131e-05 0.00147141 4.17317e-05 0.000527268 -0.0010674 -3.07316e-05 -0.00016947 -0.000140305 0.00174509 -6.15996e-07 -0.00228572 -0.00137994 -0.00211593 0.000438951 0.00074219 -0.000452206 0.00301276 0.000125206 -0.000686809 -9.49172e-05 -0.000954716 -6.40624e-05 -0.000877478 -0.00105054 -6.05143e-05 -0.00191544 -0.00381027 -0.000216392 -0.00147412 -0.00019044 -0.000602955 0.00153414 -0.000197467 -0.000965265 -5.8316e-05 0.000285628 -0.000623831 -0.000608039 -0.000211214 -2.24502e-05 0.00108081 -0.00060157 0.00012445 -7.9171e-05 7.81304e-05 0.00122494 -0.000475897 
0.0241589 0.0151414 -9.59627e-05 0.000247472 0.127228 0.031897 0.00192101 -0.00247596 0.00919272 0.00039828 0.00640187 -0.00279967 0.000907496 0.00488975 -0.000432021 0.00662816 0.00449029 -0.0107909 -0.00422663 0.00351309 0.000160761 0.00400753 -0.0313036 -0.00991953 0.000994217 0.00103289 0.00976526 -0.0516031 0.000347801 -0.030004 -0.0153057 0.0120607 -0.00695036 0.00219107 -0.0628237 -0.000153613 -0.019443 -0.0389079 0.0146196 -0.00110858 -0.0524757 -0.0297874 -0.000418019 0.00185166 -0.0108149 -0.00988123 0.0028905 0.0050879 0.0010611 -0.0391431 0.000875604 0.00764189 0.0164994 -0.000360764 0.00320833 0.000323959 0.0297272 0.0565982 0.00198078 0.00099899 0.00145907 0.00415486 -0.000504625 -0.000469928 0.056565 0.0152386 -0.0241689 -0.0232854 0.0089678 -0.0581202 0.0016494 -0.00747556 0.0176412 0.0101896 0.010792 -0.00382414 0.0121654 0.00100004 -0.00854208 -0.0176368 -0.000198031 0.024792 -0.000815148 -0.00243479 -0.0190611 0.00499716 -0.0122109 -0.000189397 0.0098007 0.00175722 0.000294385 0.00145236 0.000345147 -0.00562614 0.00864439 0.0141306 0.000143184 0.0270244 -0.0453121 0.0169548 
0.0629309 0.00441123 0.00170664 -0.000729747 0.031897 0.082212 0.000978087 -0.00296086 0.00380284 0.0058085 0.00489794 0.00286669 0.00183714 0.000511085 0.00177808 0.000233281 -0.0100835 -0.0166844 -0.0106473 0.0435067 0.00136452 0.00326206 0.00405758 0.0287244 0.000643028 0.00520467 0.00018192 -0.0217344 -0.000626917 -0.0399874 -0.0289084 -0.000144587 -0.0106019 0.00388045 -0.0516512 0.00429805 -0.00762278 -0.0279706 0.011741 0.0015028 -0.0495 -0.00408356 -0.000309898 -0.00357238 -0.00678105 -0.0106589 0.00521307 0.00436734 -0.000752496 -0.0323807 -0.000249604 0.00693202 -0.00658576 2.43508e-05 -0.00509812 0.000305011 0.00328207 0.0409552 0.000249269 0.00520365 0.000664085 -0.0118878 0.000131107 -0.0149887 -0.00545167 0.0399739 -0.0369899 -0.0309875 0.00579454 -0.0614853 0.00379821 0.00126463 -0.000984846 -0.00403666 0.00702414 0.00424483 0.0231143 0.000423806 0.000666789 0.0231474 -0.000649879 0.00066565 0.000636515 0.000697515 0.0132437 -0.000849691 -0.00508292 -0.000261221 0.00607787 0.00559972 -0.00387809 -0.000563531 0.000150625 -0.00463889 0.00233911 -0.00187573 0.000135972 0.00456437 -0.0257573 0.0355671 
-0.00161774 0.00170182 -0.000464801 0.00114172 0.00192101 0.000978087 0.0316087 0.00105621 0.00109234 0.000609614 -0.000398876 -5.41272e-05 -0.000165012 -0.00037411 -0.000150869 -0.000235062 0.0022165 -0.00214428 -0.00284211 -0.00449007 9.7477e-06 0.00264913 -0.00920422 -0.000954118 -3.82266e-05 -0.000666692 0.00288032 -0.00456112 -5.68431e-05 -0.000131358 0.00654158 -0.00012475 -0.00127637 -1.19433e-05 0.00266543 -0.000478462 -0.00239008 -0.00438702 -0.00309253 0.000515818 0.0031786 -0.00356465 0.000113144 -0.00119885 -0.00133135 -0.00331412 -0.0013758 0.00103074 -3.8081e-05 0.00680714 -0.000319586 -0.00265767 -0.00189076 -9.68228e-05 0.00249111 0.000460325 -0.0018108 -0.00240841 5.05227e-05 -0.000304703 1.80509e-05 0.000565888 -8.84326e-05 -0.00149143 -0.00357127 -0.00604969 0.0018501 0.000927827 0.000773926 -0.00370364 0.00147252 -0.000704373 -0.00115861 2.29048e-05 -0.000232856 -0.00149053 -0.00189309 0.000819395 -0.000948717 -0.0064302 -0.000179487 0.00244862 0.00108374 -0.00120824 0.000860491 -0.000134345 -0.000657935 -9.91291e-05 0.00163069 -0.000250006 -0.00116902 -0.0004328 1.77494e-05 -0.000673506 -0.0011456 0.00171751 7.4209e-05 0.00155086 0.00651947 0.000261792 
-0.00590226 -0.00126858 -0.000499412 0.000287918 -0.00247596 -0.00296086 0.00105621 0.040996 -0.0011269 -0.000621737 -0.00063177 -0.000646961 -0.000193004 -0.000490406 -0.000126912 0.000644876 0.00944596 -0.000548322 -0.00220789 -0.00235549 -0.000479485 -0.000487439 -0.00204629 0.00561069 -0.000226814 0.000566049 -0.00159783 -0.000614408 -0.00023272 -0.0127388 -0.0056609 0.00166746 -0.00467506 -0.000415715 0.00261339 -0.000583092 -0.00109271 0.0013242 -0.00195769 -0.00101459 -0.00855508 0.00430746 -3.76523e-05 0.00324247 -0.00121476 -0.00394429 0.000145353 -2.00608e-05 -0.000356963 0.00148239 -0.00105159 -0.000495458 0.00211372 -9.8257e-06 -0.0009644 0.000178352 0.000774121 -0.0034034 -2.52938e-06 0.000724293 -0.000315713 -0.00642627 8.7332e-05 0.0176345 -0.00540538 -0.00962932 0.00870202 0.0186034 -0.00101941 -0.00437322 -0.000270325 -0.00135318 0.00099094 -0.00200528 -0.000225662 -0.00160398 0.00146358 -0.000119582 -0.00851457 -0.00669943 -0.000501427 -0.00273871 -0.000428193 0.00232176 -0.000403197 5.83124e-05 0.000460648 -0.000106352 -0.0014681 0.000671196 0.00447853 0.000911214 0.000113612 -0.00273022 -0.000452979 -0.000557077 -0.000180126 -0.00127935 -0.000648272 0.00171341 
0.00977694 0.0204024 -0.00043598 -0.000469638 0.00919272 0.00380284 0.00109234 -0.0011269 0.0358906 0.00413756 0.000111149 0.000800097 0.00155682 0.00211702 0.000108197 0.00453507 -0.00549536 -7.32816e-05 -0.00243535 0.00155278 0.0012659 0.00703069 -0.0155971 -0.00601313 0.000553525 0.002393 0.00499165 -0.0185062 -6.01459e-05 -0.0117163 -0.00536873 0.0151656 -0.00302906 0.000331013 -0.0192227 0.00106575 -0.00363497 -0.0186632 -0.00510054 0.00535634 -0.0162101 -0.00955093 1.50374e-05 -0.00185009 -0.00314513 -0.00386246 0.000627348 -0.000444859 0.00125855 -0.0114963 0.0124406 0.000664817 0.0111593 0.00225016 -0.00274103 0.000480378 -0.00305567 -1.7195e-05 9.45714e-05 0.0012434 0.00244523 0.00283013 0.00183991 -0.00593822 0.0165154 -0.0046313 -0.0138852 -0.0100906 0.0145333 -0.0190703 0.00659772 0.00740957 0.0131154 -0.0020133 0.00315553 0.000470767 -0.00244446 -0.000142884 -0.0083659 -0.00466758 0.000663329 0.00429855 -0.000115753 -0.000294832 -0.0204705 0.00937889 -0.00169745 0.00133503 0.00819195 0.00664671 -0.00078574 0.00324392 0.000383153 -0.00229557 0.000844902 -0.00398538 0.000314933 0.00209884 -0.00154404 0.00198413 
0.00972253 0.00605165 0.000604576 -0.000217685 0.00039828 0.0058085 0.000609614 -0.000621737 0.00413756 0.0190474 -6.57231e-05 0.00412185 0.00247367 -0.000255839 0.000975541 0.00433232 -0.0028147 -0.00071915 -0.00192944 0.00695596 0.000349472 6.35196e-05 -0.00660029 0.000451568 9.91436e-05 0.00190549 0.000522409 -0.0106397 -0.000120595 -0.00840854 -0.00610346 -0.0003777 -0.00195179 0.000611279 -0.0109664 0.00238311 -0.00094562 -0.0149352 -0.00196717 0.00685542 -0.00966084 -0.00303944 6.08321e-05 -0.00109451 -0.0014953 -0.00154855 0.000633632 0.000418138 5.90018e-05 -0.00552777 0.00295646 0.00146437 0.000800202 5.34003e-05 -0.000824829 0.000444339 0.00239543 0.00158799 0.000341337 0.00160637 0.0021802 6.82363e-05 -4.65378e-05 -0.00396079 0.000530174 0.000428467 -0.0065624 -0.00576013 0.00220077 -0.011722 0.000519809 0.00716476 0.00132812 -0.000709534 0.000369774 0.000506554 8.62287e-05 0.000101841 -0.00227035 -0.00164497 0.000228488 -0.000435064 -0.000108314 7.1182e-05 -0.0078324 -0.000101902 0.000210731 6.63881e-05 0.000742846 0.00887021 -0.000883686 0.00185909 3.77267e-06 -0.000727308 0.000798282 0.0053825 5.84297e-05 0.00382388 -0.00167499 0.00836922 
0.00103356 -0.000327659 0.000501812 -0.000382319 0.00640187 0.00489794 -0.000398876 -0.00063177 0.000111149 -6.57231e-05 0.0232174 0.00118548 3.9264e-05 0.000202892 -1.04214e-05 -0.000118617 -0.00335773 -0.0029287 -0.00222156 0.00607987 -0.000169134 -0.000176674 -0.00236577 0.00366285 0.000593564 -0.00036543 0.0015077 -0.00716253 0.000212833 -0.00569355 -0.00164568 7.38522e-05 -0.000428214 0.00216066 -0.0098727 0.00123357 0.000112392 -0.00380054 0.00166144 0.000686705 -0.00814874 -0.00592162 1.37448e-05 0.000709291 -0.000871058 1.71805e-05 3.70917e-05 -0.000207445 0.000427385 -0.00656573 -0.000162993 -0.000201393 0.00125889 -8.4371e-05 -0.00122898 0.00028048 -0.000415037 0.00539672 0.000177837 0.00184872 -0.000147921 -0.00272359 3.53437e-06 -0.00328591 0.000199444 0.00325858 -0.0127758 -0.00678914 0.000630261 -0.0067953 -0.00012249 -0.000883317 0.00075082 0.0041691 0.00649207 0.00267612 0.00501697 0.000301104 0.00369486 0.00154359 -0.000216186 0.00550455 -0.000227073 0.000466862 0.00258341 0.00020351 -0.00142595 0.000147218 -0.000497397 0.000462093 -0.000831543 -0.000207283 9.92744e-06 0.00194805 0.00382328 -0.00677089 0.000389452 0.00349856 -0.00618131 0.00229462 
0.0140809 0.000373241 -0.00026181 -0.000552416 -0.00279967 0.00286669 -5.41272e-05 -0.000646961 0.000800097 0.00412185 0.00118548 0.035328 0.00191096 -0.00045782 0.000157697 -2.82395e-05 -0.00281367 -0.00505398 -0.00385881 0.0109005 0.000830978 4.11662e-05 -0.00197488 0.00355261 0.00104168 4.49999e-05 -0.000535788 -0.00317867 4.0681e-05 -0.0167898 -0.0060523 -0.00123525 -0.00291182 -0.000307142 -0.00732866 0.000906091 0.0119152 -0.0117173 0.00467009 0.00726609 -0.0126775 0.00480589 -5.09915e-05 -0.00277466 -0.00263429 -0.00383023 0.00317923 -0.000961322 -0.00016124 -0.00790551 0.00274324 -0.0044622 -0.00283308 -6.02885e-05 0.00149101 6.3357e-05 -0.000893889 -0.00285363 -9.65717e-05 0.00214705 -0.00023174 -0.00533661 5.49939e-05 -0.00432183 -0.00735033 0.00241167 -0.0156511 -0.00793761 0.000912845 -0.00196881 -0.000637747 0.0118407 -0.000812498 -0.000979229 0.00200886 0.00934181 0.00167672 0.000504086 -0.00322191 0.010679 -0.000291383 0.00185204 0.000414194 -0.00101474 0.00161146 -0.000382067 -0.00310495 -9.66188e-05 -0.00113107 0.00135394 -0.00168739 7.94005e-05 -4.73193e-05 0.002595 -0.00119562 -0.00288428 3.70758e-05 -0.00106804 0.00669483 0.00157391 
0.00594498 0.00108468 -5.94504e-05 7.62449e-05 0.000907496 0.00183714 -0.000165012 -0.000193004 0.00155682 0.00247367 3.9264e-05 0.00191096 0.00874005 -5.93177e-05 0.000543248 0.00154502 -0.00102953 -0.00109923 -0.00105758 0.000903298 0.000432273 -4.23858e-05 -0.000425572 -0.00148774 0.000106148 0.00282999 -0.000236776 -0.00303839 -6.91393e-05 -0.00549519 -0.00304505 -0.000145153 -0.00105223 1.01171e-05 -0.00469889 0.000511061 0.000841423 -0.00408219 6.93133e-05 0.00152445 -0.00451963 -0.000922349 -1.97569e-05 -0.000369886 -0.00064926 -0.000735537 0.00107007 0.00146126 -0.000130771 -0.00312664 0.000702845 -0.00164502 -0.000268714 0.000122678 0.00152026 2.65654e-05 -0.000265513 0.000530933 -2.05456e-05 0.000178361 0.000356874 -0.00127872 -4.72946e-06 -0.00157745 -0.000715187 0.00196793 -0.00458226 -0.00301073 0.000842737 -0.00371421 -8.52509e-05 0.00474546 -0.000123655 -0.000244933 -0.000497602 0.00221055 0.000127213 -5.76525e-06 0.000194765 0.00192332 -4.99244e-05 0.000355767 0.000154992 0.000181114 -0.00215389 -8.57413e-06 0.000553845 -1.70577e-05 -0.000127332 0.00221975 -0.000227891 0.000505966 -8.49323e-06 -0.000170318 0.000161854 -0.00088645 -2.18239e-05 0.000861373 -8.66402e-05 0.0028902 
-0.000853363 0.00150594 0.000312381 -0.000243797 0.00488975 0.000511085 -0.00037411 -0.000490406 0.00211702 -0.000255839 0.000202892 -0.00045782 -5.93177e-05 0.0164107 -0.00014698 0.00162523 -0.00223679 0.000327452 0.00193679 -0.000460502 0.000362034 0.000594301 -0.00663889 -0.00270885 -1.51541e-05 3.68773e-05 0.000858664 -0.00389294 0.00018152 0.000458673 -0.00426916 0.00225905 0.00489731 0.000655879 -0.00393626 9.01828e-05 -0.00217446 -0.00368238 -0.000696546 0.000287305 0.000333229 -0.00475284 0.000121026 0.000344521 -0.000400184 0.00188417 0.00167818 0.000465322 0.000974162 -0.00518692 0.000761339 -0.00208133 0.0038462 5.59798e-05 0.00227752 7.02101e-05 0.000306092 0.00201293 4.91501e-06 -0.000152283 0.000215623 0.000107887 5.8508e-05 -0.00256929 0.00656723 -0.00288556 -0.00480924 -0.00293067 0.00241112 -0.00304011 2.35579e-05 -0.000742551 0.00559929 -0.000745695 0.00217874 -0.000647186 -0.000772685 -9.13046e-06 0.000458351 -0.00187022 -6.68046e-05 0.00118125 -9.02997e-05 -0.000162658 -0.00375944 0.00140349 -0.00134782 0.000127734 0.000391437 0.000789899 0.00179021 0.000138492 3.48162e-06 0.000177909 -0.000277076 -0.00229455 0.000756459 0.000265738 -0.00551061 0.000395506 
0.00146796 0.0002241 -0.000123228 0.000276623 -0.000432021 0.00177808 -0.000150869 -0.000126912 0.000108197 0.000975541 -1.04214e-05 0.000157697 0.000543248 -0.00014698 0.0131375 0.00224259 -0.00193293 0.000646311 -0.00092699 5.26695e-05 0.00102948 -0.000106137 -0.000790687 -0.00054031 2.33535e-05 0.00263395 -0.000521574 -0.00218464 -1.57987e-05 -0.00377804 -0.00235204 -0.000120797 -0.00141087 -0.000132046 -0.00389587 0.000228857 0.00170484 -0.00257385 0.00105556 0.00087637 -0.0030858 -0.00423029 4.05975e-05 -0.000873267 -0.000606745 -0.000724973 0.000812474 0.00137097 2.73547e-05 -0.00134017 -0.0001296 -0.0014413 0.000782335 -4.23079e-05 0.00112434 -2.38643e-05 -0.000160799 -2.53167e-05 7.9076e-05 1.9597e-05 0.000178535 0.00215178 -3.41072e-05 -0.000421674 -0.0012637 0.000534877 -0.000136728 -0.00303407 -0.000273213 -0.000236122 -0.000152126 0.00130165 0.000518471 -0.000436409 -0.000470401 0.00118496 -0.000943538 -3.6986e-05 -0.00143666 0.000435138 0.000306181 -0.000117644 9.25452e-06 0.000326523 -0.00186595 -7.66354e-05 -0.00052683 -7.71029e-06 0.000450743 0.00178902 -0.00048069 0.00113642 5.74447e-05 -0.000565489 8.72326e-05 0.00130102 -1.81169e-05 0.00111293 -0.000944183 0.00213456 
0.00121922 0.00562565 7.00302e-05 -0.000151688 0.00662816 0.000233281 -0.000235062 0.000644876 0.00453507 0.00433232 -0.000118617 -2.82395e-05 0.00154502 0.00162523 0.00224259 0.0222859 0.000729809 0.000558412 0.00246928 -0.000321755 0.00144442 -9.60351e-06 -0.0103959 -0.00509432 -0.000109045 0.00387265 -1.08044e-05 -0.0141262 -8.06938e-05 -0.00277939 -0.00566723 0.0011293 -0.00161498 0.000451588 -0.0107619 0.000652756 -0.00323042 -0.0101579 -0.00368638 0.00149417 -0.00683759 -0.00891383 4.45103e-05 -0.00108742 -0.00190322 -0.00182654 0.00172562 0.00328052 -0.000170323 -0.00575478 0.000372486 -0.00166242 0.00891016 0.000291618 -0.000276572 5.5288e-05 0.00516105 -2.43997e-05 0.000233756 7.775e-05 0.00142607 0.00431423 -0.000109897 -0.00199926 0.00941178 -0.00393939 -0.000185141 -0.00145102 0.00273796 -0.00915692 -0.000136135 0.00189973 0.00685155 -0.000583564 -0.000113047 -0.000643998 -0.00152624 0.000119891 -0.00284487 -0.00640031 -0.000285063 -3.6102e-05 -0.000226852 0.00184486 -0.0116243 0.00123024 -0.00147186 2.35879e-05 0.00104774 0.00846898 -0.000526039 0.00496348 6.00434e-05 -0.00103338 0.00146856 0.00565114 4.41633e-05 0.00648137 -0.0074551 0.00679795 
-0.027439 -0.00564466 -9.41928e-05 0.00292876 0.00449029 -0.0100835 0.0022165 0.00944596 -0.00549536 -0.0028147 -0.00335773 -0.00281367 -0.00102953 -0.00223679 -0.00193293 0.000729809 0.138339 0.00899568 -0.00340477 -0.0145878 -0.00170156 -0.00111275 -0.029222 -0.0182222 -0.00115176 -0.00340277 -0.00150791 -0.0144606 0.00278853 -0.00260289 -0.025455 0.000207526 -0.0155958 -0.00101947 0.00721151 -0.00341087 0.00337095 -0.00977069 0.000919769 -0.00468485 -0.021832 0.0183077 -0.000527654 0.0092395 -0.00256848 -0.00712663 -0.00162762 -0.00337604 -0.00244383 0.0302298 -0.00631176 -0.0144965 0.00313182 -0.000663533 0.000252316 0.000103779 0.0187016 -0.00194047 -0.000386827 -0.00112671 -0.000705579 -0.00736795 7.67423e-05 0.0429236 0.00476219 -0.0397154 0.0243351 0.0711804 -0.00400694 -0.00310416 0.000229962 -0.00301285 -0.00465219 0.00123528 -0.00461807 -0.0072466 0.0067507 0.00065062 -0.0229551 -0.0479886 -0.00196665 0.00487289 -0.00196357 -0.000756196 0.000670956 -0.00196262 0.00530761 -0.000355846 -0.00302673 -0.00500159 0.0022466 0.000740352 -0.000157788 -0.0051713 -0.00302081 0.0224144 -0.000672308 -0.000951865 -0.000340682 -0.000602879 
-0.0374326 0.00201139 -0.00273127 0.002119 -0.0107909 -0.0166844 -0.00214428 -0.000548322 -7.32816e-05 -0.00071915 -0.0029287 -0.00505398 -0.00109923 0.000327452 0.000646311 0.000558412 0.00899568 0.160077 -0.00782199 -0.0315221 -0.0015197 -0.00146381 -0.0375532 -0.0288663 -0.00143896 -0.00255221 -0.00692601 -0.011647 -0.00159183 0.00814238 0.0316704 0.00528421 -0.0145315 -0.00245769 0.0105616 -0.00301816 -0.0151352 0.00261489 -0.0236891 0.00408472 0.0162782 -0.0331132 -0.000252993 -0.00349255 -0.0148586 -0.0136018 -0.0103074 0.00548443 -0.000796202 0.0192236 0.000211759 -0.00755031 0.035747 -0.000506353 -0.0163961 -0.000311512 0.00456524 -0.0225062 -0.000517509 -0.00161883 0.00195559 0.0337177 0.00115337 0.0218116 0.0206637 -0.0498353 0.0587734 0.0659695 0.0012015 0.0324545 -0.00321502 -0.00280802 0.010226 -0.000829093 -0.0121564 -0.00889116 -0.0142972 -0.000759383 -0.0345336 -0.0480437 0.00195423 -0.0133646 -0.00144475 0.000170526 -0.021551 0.00374463 -0.00474114 0.00188575 -0.00510692 -0.00438997 0.0103735 0.00153916 -5.02982e-05 -0.00848243 -5.92139e-05 0.0572027 -0.000614154 -0.00262487 0.00525116 -0.0130837 
-0.0243181 -0.00322801 -0.000163843 0.000355999 -0.00422663 -0.0106473 -0.00284211 -0.00220789 -0.00243535 -0.00192944 -0.00222156 -0.00385881 -0.00105758 0.00193679 -0.00092699 0.00246928 -0.00340477 -0.00782199 0.109443 -0.0155417 -0.00152497 -0.00122015 0.0163478 -0.0168382 -0.0010043 -0.00231282 0.00264137 -0.00578812 0.000103931 0.0275225 0.0119942 -0.00260382 0.0162276 -0.00096812 0.023157 -0.00283582 -0.00968399 0.00880608 -0.0238178 -0.00372123 0.041204 -0.0385474 -0.000323844 0.00585617 0.00964341 0.0112131 -0.000789493 -0.0040879 0.00254225 -0.000239453 -0.00396594 0.00544491 -0.00193962 -4.23455e-05 0.0248793 -0.000140331 0.00116692 -0.0162197 -5.76493e-05 -0.00112567 -0.000736524 0.0116935 -0.000808543 0.00225572 0.0291435 -0.0263321 0.016947 -0.000570628 -0.00271531 0.0122613 -0.000431902 -0.00681884 0.00438374 0.0066284 -0.00131142 -0.00438687 -0.00442514 -0.000503884 0.0121442 -0.0207311 -0.000304996 -0.00738861 -0.00108294 -0.00211564 -0.054 -0.000699955 -0.00643281 -9.8593e-05 -0.00283948 -0.00116308 0.00510516 0.000545557 -0.000103826 -0.00132221 -0.00304117 -0.02707 -0.000158956 0.00101101 -0.017873 -0.00297634 
0.0740644 -0.00430013 0.00617039 -0.00234738 0.00351309 0.0435067 -0.00449007 -0.00235549 0.00155278 0.00695596 0.00607987 0.0109005 0.000903298 -0.000460502 5.26695e-05 -0.000321755 -0.0145878 -0.0315221 -0.0155417 0.138461 0.00545564 -0.00152909 0.0161916 0.064232 0.000163322 0.00668308 -0.00429323 -0.00900434 0.000121662 -0.0521891 -0.0498351 -0.00570937 -0.013772 0.00252413 -0.0582729 0.00647661 0.0131172 -0.0180575 0.027202 0.00448221 -0.0755916 0.0509357 -0.000295239 -0.00970636 -0.00344839 -0.0181577 0.00859097 -0.00399072 0.000209713 -0.0359736 0.00338103 0.00640541 -0.011153 -0.00014752 -0.0208247 0.000258962 -0.0014844 0.0416781 -9.99167e-06 0.00655574 -0.000638541 -0.0252071 -0.000176715 -0.0274865 -0.0205433 0.0346911 -0.0667765 -0.0484406 -0.00122649 -0.0722656 0.00222854 0.0170395 -0.000236252 -0.00170413 0.0166799 0.0149586 0.0258335 0.000489038 -0.00369597 0.0549542 -0.00163252 0.00528352 -7.28716e-05 0.00650064 0.0292705 -0.00211158 -0.00845049 -0.000417249 0.0016678 0.00547177 -0.00347571 0.00158416 -0.000100818 -0.0086004 0.00519687 -0.0211848 -0.000336591 -0.00153175 -0.0186229 0.0256328 
0.00634286 -0.000168683 3.39195e-05 -5.67993e-05 0.000160761 0.00136452 9.7477e-06 -0.000479485 0.0012659 0.000349472 -0.000169134 0.000830978 0.000432273 0.000362034 0.00102948 0.00144442 -0.00170156 -0.0015197 -0.00152497 0.00545564 0.0145053 1.78712e-05 -0.00227484 -0.000465487 0.000107118 0.00356421 -0.000428042 -0.000815009 0.000772749 -0.00629535 -0.00482028 -0.000323354 -0.00149048 3.26679e-05 -0.00758214 8.69516e-05 0.00221295 -0.00130962 0.00706715 0.000317612 -0.00669736 0.00258707 2.78441e-05 -0.00126578 -0.00038944 -0.0014754 0.000323567 0.00118121 -0.000120477 -0.00460595 -0.000512978 -0.00322191 -0.000169141 9.97617e-05 -0.000450585 6.83087e-06 -0.00104729 0.00377563 -3.41884e-06 0.000269635 -8.49781e-05 -0.00128927 -9.11227e-05 -0.00284539 -0.00177488 -0.000458134 -0.00668127 -0.00482136 0.000311858 -0.00421924 0.000294093 0.00343194 -0.000201857 0.0014644 -0.000113714 0.00309942 -0.000383577 0.000273029 0.000740768 0.00361732 -0.000127682 0.00425637 -0.00017322 0.000582464 0.00102387 -0.000116902 -0.00101695 -2.34496e-05 -0.000307609 -4.81089e-05 -0.000355591 0.00179293 8.56785e-05 -0.000390873 -0.000334375 -0.000739258 -3.09596e-05 -0.000325212 0.000261421 0.00106596 
0.00496604 0.0080574 -0.000141835 -1.59525e-05 0.00400753 0.00326206 0.00264913 -0.000487439 0.00703069 6.35196e-05 -0.000176674 4.11662e-05 -4.23858e-05 0.000594301 -0.000106137 -9.60351e-06 -0.00111275 -0.00146381 -0.00122015 -0.00152909 1.78712e-05 0.0121136 -0.00659218 -0.002449 0.000211901 -0.000200613 0.00450291 -0.00737629 1.05225e-05 -0.00201796 -0.00180379 0.00513127 -0.000775611 0.000185578 -0.00635687 0.00021075 -0.00170066 -0.0087948 -0.000333595 0.000606203 -0.00535165 -0.00364431 -4.47452e-05 -0.00096882 -0.000906646 -0.00123888 -0.000308144 0.000468049 6.9102e-05 -0.00308439 0.00295117 0.00316195 0.000535214 0.000826757 -0.000900197 0.000173838 -0.000309802 0.000841456 4.21028e-05 -3.00943e-05 0.000817235 -0.000128488 0.00015589 -0.00257789 0.00472898 -0.00180223 -0.00474705 -0.00395308 0.0049836 -0.00785029 0.00561739 0.000226153 0.000918408 0.000945944 -0.000214481 -0.000462864 -0.000836387 0.000676257 -0.00173325 -0.00410736 -0.000105215 0.00302053 -0.000116963 -0.000469028 -0.00553056 0.00210385 -0.000770425 5.34654e-05 0.00556439 0.00132365 -0.000503234 -9.23361e-05 0.000160009 -0.000468799 -9.20694e-05 0.000517691 0.000104994 0.00115299 0.00180423 0.000449154 
0.0291621 -0.0202846 -0.000398458 -0.00333106 -0.0313036 0.00405758 -0.00920422 -0.00204629 -0.0155971 -0.00660029 -0.00236577 -0.00197488 -0.000425572 -0.00663889 -0.000790687 -0.0103959 -0.029222 -0.0375532 0.0163478 0.0161916 -0.00227484 -0.00659218 0.239919 0.0285038 0.000327975 0.00396013 -0.0118574 0.0512027 -0.00550074 -0.00937877 0.0193766 -0.0153993 0.0107143 -0.00240631 0.0222896 -0.00151619 -0.00867977 0.0536424 -0.0180239 -0.00915847 0.0309712 0.0159993 -0.000256856 0.0166781 0.0127966 0.00715219 0.0071504 -0.00854133 -0.00247727 -0.0345787 -0.00412015 -0.0193343 -0.0424032 -0.0018198 0.0204622 -0.00105326 -0.022607 -0.0180061 -0.00134301 -0.00128919 -0.0032367 -0.0362663 -0.00218876 -0.00188232 -0.040683 0.0568414 -0.0266422 -0.054782 -0.0132947 0.0275442 -0.00457405 0.000733039 -0.0218561 -0.0286356 -0.00397161 0.00963939 0.0147942 -0.0029473 0.0263732 0.0909319 0.0011262 -0.0352108 0.00067301 -0.00732394 0.0123335 -0.00776792 0.0164879 -0.0015194 -0.00760388 -0.000103191 -0.00423806 -0.00280711 -0.000494472 0.00943288 -0.00796118 -0.0715206 -0.0015557 -0.0224881 -0.030954 -0.00455638 
0.0437851 -0.00947936 0.00118421 -0.00322206 -0.00991953 0.0287244 -0.000954118 0.00561069 -0.00601313 0.000451568 0.00366285 0.00355261 -0.00148774 -0.00270885 -0.00054031 -0.00509432 -0.0182222 -0.0288663 -0.0168382 0.064232 -0.000465487 -0.002449 0.0285038 0.182705 -9.66051e-05 0.0045052 -0.00831831 0.0266069 -0.00271733 -0.0348139 -0.0374627 -0.0085558 -0.0042081 0.0029227 -0.0133966 0.00126826 0.0110886 0.00723896 0.0110435 -0.000849228 -0.0572256 0.0480619 -0.000659225 -0.0164221 -0.00629872 -0.0244336 0.000870639 -0.00402444 -0.00189976 0.0195315 0.0036389 -0.0114269 -0.00968254 -0.000792909 -0.026831 -0.000281474 -0.0143333 0.0248223 -0.000572886 0.00310031 -0.00174852 -0.0334344 5.74667e-05 -0.00171686 -0.0432416 0.0411662 -0.0423571 -0.0283348 -0.00580363 -0.0360443 0.000322611 -0.00242167 -0.00468246 -0.0183178 0.00730588 -0.00110511 0.0140435 -0.00117931 -0.0311558 0.0729301 -0.00261338 -0.0165643 0.00357614 0.00798723 0.0531366 -0.00315232 -0.013798 -0.00063732 -0.000921289 -0.00613308 0.00172262 -0.00310736 -0.000318358 -0.00937453 0.000516052 -0.0235056 -0.000941397 -0.00963652 -0.0100426 0.0139765 
0.00342387 0.000487529 -1.08172e-05 -0.00010348 0.000994217 0.000643028 -3.82266e-05 -0.000226814 0.000553525 9.91436e-05 0.000593564 0.00104168 0.000106148 -1.51541e-05 2.33535e-05 -0.000109045 -0.00115176 -0.00143896 -0.0010043 0.000163322 0.000107118 0.000211901 0.000327975 -9.66051e-05 0.00852566 -7.66457e-05 -0.000308629 -0.000509125 8.60321e-05 -0.0047759 -0.00195482 0.00037335 -0.000752442 0.000520559 -0.00438321 0.000101723 2.08228e-05 -0.00167362 0.0024991 0.00034754 -0.00389957 0.00119904 -2.45169e-05 -2.56828e-05 -0.000407779 -0.000229107 -5.37617e-05 0.000457729 -3.93694e-05 -0.00288036 0.000953725 -0.00145346 0.000261429 0.00014061 -0.000559631 -3.89106e-06 -0.000142407 0.00126231 2.51458e-05 0.000427489 2.21656e-05 -0.00124783 2.69111e-05 -0.000331761 -0.00106306 0.00175854 -0.00296012 -0.00200921 0.00089828 -0.00233147 -8.23974e-05 0.000440305 0.000311768 -5.69703e-05 -0.000440485 0.00360209 0.000539448 0.00019364 -0.000148264 0.00301941 -7.17662e-05 0.00142145 -4.85216e-05 0.000347043 0.000704252 0.000424342 0.00019743 5.42034e-05 -0.000153341 -0.000208959 -0.000109218 0.000174348 4.14459e-07 0.000656799 -0.000260663 -0.000466366 1.28946e-05 -0.000246342 -0.000478485 0.000279966 
0.0133199 -0.000254719 0.000257047 0.000187061 0.00103289 0.00520467 -0.000666692 0.000566049 0.002393 0.00190549 -0.00036543 4.49999e-05 0.00282999 3.68773e-05 0.00263395 0.00387265 -0.00340277 -0.00255221 -0.00231282 0.00668308 0.00356421 -0.000200613 0.00396013 0.0045052 -7.66457e-05 0.0319813 -0.000858263 -0.00317697 -1.17936e-05 -0.011086 -0.00649219 -0.000333705 -0.00324089 7.76217e-05 -0.00845064 0.000372874 -0.00342811 -0.00410593 -0.00129322 -0.00046796 -0.0111875 -0.00325056 8.86961e-05 -0.00219345 -0.000666846 -0.00371033 0.000595284 0.00712663 -0.000487642 -0.00758857 -0.00099209 -0.00684685 0.00152272 0.000105582 0.00584017 -2.63192e-05 -0.00122056 0.00958912 -3.42045e-05 -8.61574e-05 0.000268294 -0.00280075 0.000344407 -0.00334746 -0.00229526 0.00592646 -0.010143 -0.00887636 -2.5524e-05 -0.00835295 0.000484494 0.00427577 0.00054223 -0.001574 -0.000716724 0.000562635 -0.000432165 6.38203e-05 0.00312899 0.010036 -0.000202136 0.000947394 0.000145538 0.00117394 -5.12508e-05 -0.000170513 -0.0024364 -6.96967e-05 -0.000804195 0.00273201 0.00108547 0.00381123 0.000186204 -0.00131681 -0.000508625 -0.0082906 -0.00010007 0.000910778 -0.0100805 0.00674086 
-0.00035906 0.00758096 0.000282877 2.31747e-05 0.00976526 0.00018192 0.00288032 -0.00159783 0.00499165 0.000522409 0.0015077 -0.000535788 -0.000236776 0.000858664 -0.000521574 -1.08044e-05 -0.00150791 -0.00692601 0.00264137 -0.00429323 -0.000428042 0.00450291 -0.0118574 -0.00831831 -0.000308629 -0.000858263 0.0413755 -0.00961917 0.000627451 0.00684035 -0.00143971 0.00356061 0.0100935 0.0013042 -0.00581958 0.00125293 -0.00377811 -0.0152646 -0.00605291 -0.00109176 -0.00259914 -0.0104646 0.00034181 -0.000453221 -0.00175191 0.00863381 0.00152371 0.000127788 0.00152324 -0.0103834 -2.70749e-05 0.00564192 -0.00249017 -3.81955e-06 0.00352934 0.000498586 0.00636956 -0.00206751 0.000306495 -0.00062628 0.000258575 -0.00480977 0.00015106 -0.00429814 0.00420477 -0.00286284 -0.00708125 -0.00641524 0.00403819 -0.0155812 0.0065333 -0.00160102 -0.00138844 0.00193476 0.000630176 -0.00184128 0.00497245 0.00103352 0.0074478 -0.0143872 -0.000466871 0.00767834 -0.000395137 -0.0015683 -0.0126403 0.000193816 -0.00282518 -0.000135617 0.0124595 0.00130668 -0.000161765 -0.000495017 0.000224308 0.00456051 0.00153228 -0.00212928 0.00106059 0.00942442 -0.00665546 0.000496774 
-0.00876719 -0.0280338 0.000126165 -0.00100538 -0.0516031 -0.0217344 -0.00456112 -0.000614408 -0.0185062 -0.0106397 -0.00716253 -0.00317867 -0.00303839 -0.00389294 -0.00218464 -0.0141262 -0.0144606 -0.011647 -0.00578812 -0.00900434 -0.000815009 -0.00737629 0.0512027 0.0266069 -0.000509125 -0.00317697 -0.00961917 0.152755 -0.00232989 0.0309683 -0.0125777 -0.0208357 0.0121461 -0.00387732 0.050313 -0.00663422 0.0152029 0.0586182 0.0134173 -0.0107027 0.0361742 0.0535817 -0.000350952 -0.0167144 -0.00322349 0.0127943 -0.00459015 -0.0053531 -0.00282251 0.0261989 -0.00909153 -0.0349217 -0.0297846 -0.00203611 -0.000535238 -0.00144406 -0.0291362 -0.0185822 -0.00172677 -0.0068781 -0.00620589 -0.0360066 -0.0020983 0.00674563 -0.0467043 0.0197885 -0.00521247 0.0024236 -0.0182549 0.0603563 -0.00687873 -0.00130031 -0.0257335 -0.0268586 -0.00762969 -0.000233366 -0.00862144 -0.0020645 -0.00433482 0.0551685 -0.0012579 -0.011403 0.00144936 0.000720793 0.0665632 -0.0103197 0.0109599 -0.00169977 -0.0130668 -0.0185824 0.00282078 -0.00660592 -0.00089692 0.00778286 -0.00472286 -0.0168943 -0.000612863 -0.0283909 0.034562 -0.0312627 
-0.00118428 -0.000220984 -9.1526e-05 3.50073e-05 0.000347801 -0.000626917 -5.68431e-05 -0.00023272 -6.01459e-05 -0.000120595 0.000212833 4.0681e-05 -6.91393e-05 0.00018152 -1.57987e-05 -8.06938e-05 0.00278853 -0.00159183 0.000103931 0.000121662 0.000772749 1.05225e-05 -0.00550074 -0.00271733 8.60321e-05 -1.17936e-05 0.000627451 -0.00232989 0.0120937 -0.000867629 -0.00224086 7.57735e-05 0.00155078 -6.34641e-05 -0.00317796 0.000440251 -0.000840243 -0.00175047 0.00478764 0.000427156 -0.003497 0.00227252 -2.17615e-05 -0.000739182 0.000801677 -0.00032916 -0.00048796 8.27192e-05 0.000144972 -0.00107023 -0.000197062 -0.00252639 -0.000454838 6.9811e-05 -0.000809703 0.000283135 -0.000606564 0.00381832 8.993e-05 0.000955265 -5.43215e-05 -0.00127734 0.000195146 -0.00151362 -0.000773658 -0.00240238 -0.00308052 -0.00123662 0.00204207 -0.000905117 0.000479282 -0.000174887 -0.000266655 0.00544602 0.00130745 0.000181554 -0.000771857 0.000199585 0.00234389 -0.00150591 -4.95326e-05 0.00667867 -8.29783e-05 -9.21045e-05 0.000885458 8.57365e-06 -0.000220511 2.40647e-05 -0.000104155 -0.000496612 -0.000347545 0.00011224 3.59634e-05 -0.000402371 -0.000365054 -0.000733187 3.03197e-05 0.000368173 -0.00131338 -0.000798823 
-0.0663959 -0.0111713 -0.00121187 0.00320429 -0.030004 -0.0399874 -0.000131358 -0.0127388 -0.0117163 -0.00840854 -0.00569355 -0.0167898 -0.00549519 0.000458673 -0.00377804 -0.00277939 -0.00260289 0.00814238 0.0275225 -0.0521891 -0.00629535 -0.00201796 -0.00937877 -0.0348139 -0.0047759 -0.011086 0.00684035 0.0309683 -0.000867629 0.219232 0.0559984 -0.0123103 0.0233916 0.0013695 0.0748913 -0.00678464 -0.0446625 0.0301707 -0.0554683 -0.0152281 0.138026 -0.0457194 -3.91801e-05 -0.00631753 0.00350058 0.0242273 -0.0229302 -0.00843769 0.0016634 0.0449219 -0.0203798 0.014679 -0.0156202 -0.000517936 0.00766804 -0.000688342 -0.00388043 -0.0346496 -0.000976623 -0.00938534 -0.0036723 0.0310155 -0.00230339 -0.0217454 0.00567644 -0.034886 0.0647857 0.0188 -0.0092053 0.0590241 -0.000283111 -0.0369707 -0.0137788 -0.00207267 -0.0113991 -0.0298344 -0.015116 9.40321e-05 0.0350737 -0.0241608 0.00175942 -0.015175 -0.000217379 -0.00681647 -0.00334907 -0.0064751 0.00440735 -0.0011007 0.00208743 -0.0124615 -0.00657696 -0.00735444 -0.000820077 0.00658105 -0.000770185 -0.0270348 0.000383725 -0.00324156 0.0165624 -0.0219811 
-0.0752212 -0.00349615 -0.00613755 -0.00324799 -0.0153057 -0.0289084 0.00654158 -0.0056609 -0.00536873 -0.00610346 -0.00164568 -0.0060523 -0.00304505 -0.00426916 -0.00235204 -0.00566723 -0.025455 0.0316704 0.0119942 -0.0498351 -0.00482028 -0.00180379 0.0193766 -0.0374627 -0.00195482 -0.00649219 -0.00143971 -0.0125777 -0.00224086 0.0559984 0.233878 0.00886701 0.00329146 -0.00307261 0.0831058 -0.00779937 -0.0436982 0.0215107 -0.0769176 -0.0075338 0.0886842 -0.0609141 0.00105677 0.0105448 0.0126306 -0.0132816 -0.0146023 -0.000597724 -0.0008633 -0.012532 -0.00926685 0.0194539 0.00452941 -0.000177834 0.0256454 -0.000331775 -0.0114786 -0.0443607 0.000417876 -0.00436263 -0.000205885 0.046828 0.000228055 0.0145191 0.0103124 -0.0398686 0.0745695 0.0214074 -0.00603441 0.0450081 -0.0041705 -0.0193701 -0.00235908 0.0127263 -0.0150445 -0.0153902 -0.00706967 -0.000890324 0.0401033 -0.0155941 0.0037955 -0.0119393 0.00105188 -0.00451837 -0.0411719 0.00303474 -0.00168299 0.00102591 -0.00646081 -0.0131877 0.0061452 -0.0039342 -1.81145e-05 -0.00295874 0.00204869 -0.0341212 -0.000745299 0.00542291 -0.0282606 -0.0240726 
-0.00347532 0.0156818 -0.000543071 -0.000623865 0.0120607 -0.000144587 -0.00012475 0.00166746 0.0151656 -0.0003777 7.38522e-05 -0.00123525 -0.000145153 0.00225905 -0.000120797 0.0011293 0.000207526 0.00528421 -0.00260382 -0.00570937 -0.000323354 0.00513127 -0.0153993 -0.0085558 0.00037335 -0.000333705 0.00356061 -0.0208357 7.57735e-05 -0.0123103 0.00886701 0.0369376 -0.00181036 0.000234685 -0.0111069 0.000127784 -0.00436348 -0.0140627 -0.00793625 0.00308473 -0.0145324 -0.00930412 8.95104e-05 0.00396135 -0.000775848 -0.00294724 -0.000122208 -0.00149867 0.000484628 -0.0112115 0.00867782 0.00233183 0.0164286 0.00133666 0.000673757 0.000167386 -0.000654512 -0.00161866 0.000358468 0.00136941 0.00230457 0.00558077 0.00347723 0.00315554 0.0177675 -0.0105584 -0.00364294 0.00105965 0.0106317 -0.0168981 0.00427085 -0.00143033 0.0158681 -0.00098445 -0.00151845 -0.00129112 -0.000749159 -0.000197985 -0.00650138 -0.0133194 0.000205391 0.00133431 -0.000487479 0.00230632 -0.0207841 0.0116744 0.00238713 0.00204484 0.00665814 0.00133363 -4.74966e-05 0.000923692 0.000763049 -0.00242006 0.00181499 -0.000697494 0.000234485 0.00439113 -0.0105368 -0.00111744 
-0.0147963 -0.00327775 0.00293809 -0.00155714 -0.00695036 -0.0106019 -0.00127637 -0.00467506 -0.00302906 -0.00195179 -0.000428214 -0.00291182 -0.00105223 0.00489731 -0.00141087 -0.00161498 -0.0155958 -0.0145315 0.0162276 -0.013772 -0.00149048 -0.000775611 0.0107143 -0.0042081 -0.000752442 -0.00324089 0.0100935 0.0121461 0.00155078 0.0233916 0.00329146 -0.00181036 0.109304 5.58071e-05 0.0113825 -7.32735e-05 -0.0107254 0.0102864 -0.0172425 -0.00331249 0.0381272 -0.0164289 0.000619336 -0.00368089 0.00901141 0.0255414 5.04277e-06 0.000553664 0.00506685 -0.0125376 -0.00282022 -0.0100935 -0.00794034 -0.000587527 0.0190081 0.000101922 -0.00420783 -0.0103113 -0.000186724 -0.00144843 -0.000802736 -0.0161474 -0.000836024 -0.0164372 -0.00549898 0.0093296 -0.0190436 -0.0267032 -0.000650355 0.00764693 -0.00126847 -0.00759654 -0.00247981 -3.31406e-05 0.00589371 -0.00450868 -0.0029062 -0.000455037 0.0323642 0.011017 0.000539361 0.00347044 0.00315094 -0.00200498 -0.0111315 -0.00110312 -0.00500999 -0.000326529 0.00111927 0.00325779 0.000915813 -0.00150539 -0.000101815 0.0144011 -0.00199387 -0.0294153 0.0025988 -0.00194204 -0.0299755 -0.00683451 
0.00303617 0.0001162 0.00012162 0.000330222 0.00219107 0.00388045 -1.19433e-05 -0.000415715 0.000331013 0.000611279 0.00216066 -0.000307142 1.01171e-05 0.000655879 -0.000132046 0.000451588 -0.00101947 -0.00245769 -0.00096812 0.00252413 3.26679e-05 0.000185578 -0.00240631 0.0029227 0.000520559 7.76217e-05 0.0013042 -0.00387732 -6.34641e-05 0.0013695 -0.00307261 0.000234685 5.58071e-05 0.013548 -0.00365022 0.000584772 -0.00174182 -0.00272603 0.000222555 -0.000184795 -0.00187735 -0.00229467 3.05438e-05 0.00139321 0.000303889 0.00137769 -6.62575e-05 0.000486195 0.000958949 -0.00174661 -0.000336153 0.000417702 -0.000391915 -6.65155e-05 -0.0011016 6.91449e-05 -0.000992434 0.00269857 -7.5305e-06 0.000133787 -0.00010102 -0.00141841 -7.3441e-05 -0.00268058 -0.00223805 0.000616809 -0.00672719 -0.00320976 -0.000120899 -0.0034928 0.000738338 -0.000541401 -0.000287444 -0.000768182 0.000655491 -2.98873e-05 0.00333217 0.000179675 0.0023771 0.00148522 -0.000170014 -0.000856498 6.15729e-05 -0.00011091 0.000111191 -2.37204e-05 0.000120651 -2.01301e-05 0.00068054 -3.85393e-05 -0.000477197 -0.000119296 -6.5814e-06 -0.000464559 0.00115538 -0.0031815 0.000219512 0.000145872 -0.00279209 0.00463761 
