0.0209957 -0.000285356 0.00148499 0.00463013 0.00925189 -0.0176415 -0.00124558 -0.00926952 -0.000183462 -0.0192318 0.00240718 0.000516697 0.000625997 -0.0190076 -0.0190187 0.00018081 -5.93367e-05 0.0136635 0.0121062 0.00321936 0.000697461 0.00634886 -0.00121971 0.014605 0.0117982 0.012542 0.000788213 0.00997809 5.28028e-05 0.000155586 0.00027914 5.36001e-05 0.012701 0.00204046 -0.0152661 -0.0130611 0.00101417 -5.47263e-05 -0.00677344 -0.00559635 -0.0128746 -9.73786e-05 -0.00352957 -0.0143198 -0.000831811 0.000113683 -0.000243814 -3.93304e-05 -0.00942506 0.0157789 0.00147562 -7.04772e-05 -0.000455635 -0.00091848 4.76892e-05 -0.0179345 -0.00747708 0.001057 0.0016131 -0.000118376 1.81644e-05 -4.16501e-05 0.000713319 -0.000726025 0.00156803 0.000123376 0.00268858 -0.000628291 0.00499729 -0.00116327 0.00315504 -0.0143875 0.000185046 3.3481e-05 0.00187574 0.000405057 -0.000626544 0.000990445 -8.22176e-05 0.00019874 -0.00347939 -0.000253839 -0.000674866 -0.00269611 0.00537163 -0.000409722 -4.49153e-05 -0.00350895 0.000578244 1.61092e-05 0.00567384 0.0189511 0.000172015 3.78486e-05 0.000127686 0.00676075 3.96915e-05 8.73305e-05 -0.00141185 0.00939383 
-0.000285356 0.0166851 0.000970906 0.000233128 -0.00111537 -0.00463036 -0.000189081 -0.00448051 -0.000163739 -8.60369e-05 -3.45927e-05 -0.00103829 3.45366e-05 -1.62896e-05 -0.00186183 3.5653e-05 -5.09268e-05 4.64451e-05 -0.000214142 0.000437317 7.02357e-05 0.000260013 -0.000842545 -0.000181879 0.00105945 6.24014e-05 -4.43024e-05 -4.76356e-05 0.00016404 -0.000100242 -0.00110679 -1.75138e-05 0.000638426 5.01206e-05 -0.00503607 -0.00158157 0.000363564 0.000146885 -0.00457361 0.000196666 -0.00139103 -3.84299e-05 -0.00159012 -0.00172348 -0.000332156 3.51419e-05 0.000685585 5.73499e-05 0.00173144 -7.01934e-05 0.000608763 -0.00037455 0.00115958 -0.00046073 2.14004e-07 -0.00140938 0.0029838 0.000300193 -0.000469022 -0.00101001 -7.80898e-05 0.000120775 0.000157246 -0.000217705 -6.58174e-05 -1.45101e-06 0.00186121 0.000526057 0.000163759 0.000406888 0.000470545 0.00221702 -6.42601e-05 -6.47282e-06 0.000304578 2.48415e-05 -0.000308013 -5.4862e-06 -1.05479e-05 -6.44069e-06 0.00220328 -0.000136193 0.000263241 0.00170375 -4.32687e-05 -0.00018265 0.000135265 -0.00238107 1.9468e-05 0.000117029 0.000194908 0.000119159 6.47359e-05 -4.41673e-06 6.63784e-05 0.000259674 1.83928e-06 0.000457446 -0.00107149 0.000275155 
0.00148499 0.000970906 0.0190717 -8.08553e-05 0.00319517 -0.00518283 -0.00520097 -0.00327099 0.00472062 -0.00333092 0.000221915 0.00606239 0.000812688 -0.00186814 -0.00926121 0.000159308 2.69421e-05 0.000371858 0.0011395 0.000680063 0.000311422 0.000182206 -0.000869441 0.00131144 0.00865105 0.0021191 0.000616974 0.000679264 -6.6142e-05 0.0014409 -0.00193523 -1.12684e-05 0.00114577 -8.52931e-05 -0.0136989 -0.00822006 0.000764864 0.000845403 -0.00723952 0.00531659 -0.00652767 -1.95618e-05 -0.00570379 -0.00998082 -0.00249558 0.000194023 0.000773794 -3.20691e-05 -0.00763059 0.00179998 0.000999382 0.000233826 0.00648165 -0.000744003 1.1647e-05 -0.00228615 -0.00342382 -0.00012291 0.00116008 -0.00148894 0.000344004 0.000194779 -0.000185234 0.00161848 0.000192303 9.2776e-06 0.000266286 0.00625995 -0.000276541 -0.000254156 0.000412074 -0.000398215 5.88387e-05 0.000134494 0.00155081 0.000380601 -0.000424949 -1.98812e-05 -4.64141e-06 5.62575e-06 0.00509306 -0.00019575 0.00615988 -0.000491117 0.000421998 0.000314561 0.000245067 -0.00178694 -6.92105e-05 0.000381926 0.00267569 0.00195232 -8.06657e-06 2.29535e-05 0.000623204 0.000124654 2.0126e-05 0.00062224 -0.00150451 0.00235432 
0.00463013 0.000233128 -8.08553e-05 0.0241566 -0.000308677 -0.00864338 -0.000131447 -0.00574117 -0.000437715 -0.0145903 0.00108723 -0.000509737 5.54335e-05 -0.0110314 -0.0103736 0.000155355 -3.82768e-05 0.00564876 0.00385249 0.00203914 0.00152643 0.00399496 -0.000820603 0.00590121 0.00376906 0.00584855 0.00132146 0.000987295 0.00067483 -0.000354055 -0.000893171 -3.70956e-05 0.00947472 0.00249657 -0.00420714 -0.0123101 0.00218909 0.000109448 0.00597898 -0.006598 -0.00489737 0.000105811 -0.00955088 -0.0039303 -0.00123567 0.000189444 -0.000190055 -0.00014693 -0.00770364 0.00305031 0.000406799 -0.000484637 4.40112e-05 0.000497767 -5.18203e-06 -0.00950977 -0.00627613 0.00407568 -0.000700611 0.00195954 -7.82802e-05 0.000196408 0.00330489 -0.000556829 9.84236e-05 1.13856e-05 0.0039908 -0.00119682 0.00771277 -0.000381737 0.0032354 -0.0141436 -9.00601e-05 5.29256e-05 -1.60724e-05 0.000321671 -0.000223544 0.000465197 -4.97031e-05 2.86966e-05 -0.00150127 0.000284517 -0.00142305 0.00410041 0.000731507 -0.000369492 -6.25003e-05 -0.000401285 0.000343282 6.25142e-05 0.00175971 0.00811871 9.23267e-05 -3.35397e-06 0.000636454 0.00266107 5.51218e-05 5.82531e-05 0.00373388 0.00371908 
0.00925189 -0.00111537 0.00319517 -0.000308677 0.0828678 -0.0168133 -0.0174781 -0.035465 -0.00115768 -0.00929051 0.000856814 0.0269187 0.00193105 -0.0106375 -0.0120942 9.65535e-05 -0.000177639 0.00537543 0.00623106 0.00597513 -0.000268778 0.00307482 0.00867296 0.00565787 0.00832362 0.00543093 0.000583765 0.00659253 -0.000623577 -0.000575545 6.52356e-05 -0.000145179 0.00425197 -0.0013082 -0.0530259 0.00266045 0.00119225 -0.000199304 -0.0252196 0.0410241 -0.00817982 -0.000285206 0.0158569 -0.0500182 -0.000598065 -6.14303e-05 -0.000735687 0.00154273 -0.0226336 0.00974968 0.00100518 0.0119135 -0.00218328 0.00101378 0.000106037 -0.00879093 -0.0182241 -6.04275e-05 0.0160633 -0.00719641 0.000250694 -0.000153601 -0.000452274 -0.0021462 0.000629522 2.73478e-05 0.00112248 0.00426051 0.00576524 0.00139791 0.00203936 -0.00184004 -7.87225e-05 0.000371462 0.00177812 0.000264441 0.00734244 -0.000571664 0.000200192 0.000168978 -0.00635334 -0.00106889 -0.00449569 -0.00491013 0.00379769 -0.000695975 0.000763251 -0.00866251 0.000658872 7.9765e-05 0.00322413 0.01102 9.65375e-05 0.000109042 0.000221049 0.00339432 6.12496e-05 -5.86685e-05 -0.0072542 0.00708737 
-0.0176415 -0.00463036 -0.00518283 -0.00864338 -0.0168133 0.100464 -0.015994 0.0389837 0.00100974 0.0244319 -0.00254602 -0.00975186 -0.0030534 0.0241723 0.0266494 -0.000806618 0.000167119 -0.0154056 -0.0132171 -0.0114209 -0.00159797 -0.00842831 0.00427521 -0.0153022 -0.0180198 -0.0158261 -0.00241746 -0.0108237 -0.00125843 -0.000873479 -0.0046523 -3.27567e-05 -0.0178643 -0.00448415 0.0267541 0.0175501 -0.00591688 -0.000574052 0.0257477 0.000966681 0.0108929 -0.000717642 0.00118681 0.0222346 0.00317223 -0.00115826 -0.0015446 4.49437e-05 -0.00464831 -0.0197621 -0.00384812 -0.00818355 -0.000826978 -0.00258987 -0.000175572 0.0260961 -0.00537432 -0.00394597 -0.00460507 0.00542177 -0.00150016 -0.00029543 -0.00441977 0.00320819 -0.00204488 -0.00015825 -0.0076496 0.00167634 -0.00667864 0.00197844 -0.00556337 0.0131878 0.000111365 -0.000495796 -0.00417307 -0.000813538 -0.0015605 -0.00240443 -0.000192949 -0.000334262 -0.00693628 -0.000317256 0.00612285 -0.000651264 -0.0057199 0.00177017 -9.09988e-05 0.012768 -0.00293794 -0.00187089 -0.00848829 -0.023595 -0.000636212 -0.000148028 -0.00147462 -0.00813598 -0.000130876 -0.000744908 0.00391611 -0.0142384 
-0.00124558 -0.000189081 -0.00520097 -0.000131447 -0.0174781 -0.015994 0.220088 0.0159002 -0.00886162 -0.000843979 -0.000444879 0.0144212 -2.9909e-05 0.00056061 0.00520156 -0.000235039 0.00015016 -0.0030402 -0.00159868 0.00234416 -0.00255196 -0.000642405 0.00110862 -0.00321305 -0.00916692 -0.00311877 -0.00131484 -0.000121651 0.000650904 0.00280068 -0.0150981 -0.000117735 -0.00271494 -0.00443671 0.0402498 -0.0687353 0.004033 -0.000893337 -0.0725957 -0.0490735 0.000683529 0.000130064 0.0199798 0.0460407 0.00149972 0.000506407 -0.00126673 -0.00200746 0.0221556 0.00268607 0.000568069 -0.00367926 -0.00665441 -0.00381267 8.63255e-05 -0.00514218 0.0418342 -0.00826044 -0.00869039 -0.016496 0.000434076 0.000454712 0.00487885 -0.00413415 -0.0015052 -5.16018e-05 0.00215547 -0.0062496 0.00706561 -0.0165116 -0.000894333 -0.00312921 0.00114237 7.61151e-05 0.00106276 -0.00023081 -0.00890753 -0.00106993 -0.00308372 -0.000152042 -0.0325041 -0.000534588 -0.0133943 -0.0208614 -0.000821953 0.00173618 -0.000320268 0.00767865 0.00104063 0.00042594 -0.00212249 -0.00194997 0.000339852 -2.56099e-05 -8.60056e-06 7.36474e-05 -6.67048e-05 -0.000350098 -0.00685263 -0.00141403 
-0.00926952 -0.00448051 -0.00327099 -0.00574117 -0.035465 0.0389837 0.0159002 0.246875 0.0129077 0.0119959 -0.00127373 -0.0235822 -0.00151272 0.00931165 0.0171042 -0.000232198 -0.00019688 -0.00732987 -0.00673213 -0.00673591 -0.00103556 -0.00426936 -0.00148016 -0.00867951 -0.00237464 -0.00773748 -0.00150453 -0.00550713 0.000183676 -0.00498779 0.0211786 0.00107114 -0.00952299 -0.00550267 0.0399778 -0.0608065 -0.00297609 -0.000606379 0.0219178 -0.0342352 -0.0416546 0.000274024 -0.0768862 0.0282132 0.000405263 -0.000305233 -0.00100582 -0.00119493 -0.015364 -0.00973422 -0.00243772 -0.0130396 0.00502349 -0.00353793 -0.000113492 0.00939917 -0.0433877 -0.00129211 -0.00987296 0.020397 -0.00238838 0.000309283 -0.00100267 0.0158935 -0.00191179 -8.19038e-05 -0.00484999 0.00253331 -0.0196601 -0.0152103 -0.0028704 -0.0435851 0.00144325 -0.000388013 -0.00228891 -0.000448263 -0.00984816 -0.00133 7.49016e-06 -0.000131562 0.0192052 0.00264097 0.0443437 -0.0421688 -0.00286677 -0.000160118 -0.00168687 0.0589217 -0.00198174 -0.000978954 -0.00389164 -0.0116962 -8.23349e-05 -6.99085e-05 -0.000941573 -0.00390063 -0.000122309 -0.000302267 0.0133301 -0.00602667 
-0.000183462 -0.000163739 0.00472062 -0.000437715 -0.00115768 0.00100974 -0.00886162 0.0129077 0.0303241 -0.00143058 8.28107e-06 -0.00149652 -3.70593e-05 -0.000618357 -0.00213681 -9.93241e-06 -1.88821e-05 -0.000808909 -0.000297522 -0.000411994 -0.000261624 0.000103118 -0.000119529 -0.000334763 0.00606737 0.000493716 0.000759133 0.00010573 -3.85e-05 0.00011428 -0.00187446 2.81842e-05 -0.000401232 -0.000350438 -0.0103151 -0.0118774 -0.000633554 0.000569817 -0.00301726 -0.000493772 -0.00428796 0.000444511 -0.012497 -0.00781715 -0.00103193 0.000160441 0.00106278 0.00121852 -0.00144866 -0.000319731 0.000176347 -0.000843553 0.00468019 0.00234161 -5.76925e-06 -0.000151484 -0.00833367 -0.000396399 -0.000566447 -0.00153342 -4.55825e-05 0.000111425 -4.80006e-06 0.00449705 -4.10695e-05 1.09052e-06 8.21529e-05 0.00415468 -0.00229117 -0.00148783 -2.36234e-06 -0.00462194 0.000465354 7.07641e-06 0.000537372 -7.54515e-06 -1.59112e-05 2.44091e-05 0.000254518 -1.97575e-06 0.0108367 -0.000107994 0.0141403 -0.00515138 0.000206431 0.000732457 -8.0676e-05 -0.00211099 -0.000145932 9.77683e-06 -0.000305559 -0.000106565 5.29226e-06 -7.27417e-06 -7.79406e-05 4.66005e-05 1.23025e-05 1.02019e-05 -0.00159463 0.00179938 
-0.0192318 -8.60369e-05 -0.00333092 -0.0145903 -0.00929051 0.0244319 -0.000843979 0.0119959 -0.00143058 0.0502885 -0.0027254 -0.00310229 -0.00128084 0.0273528 0.0299159 -0.000783535 2.27103e-05 -0.017978 -0.0137156 -0.00540095 -0.00253922 -0.00904332 -0.000566775 -0.0183459 -0.0168933 -0.0175635 -0.00324653 -0.011186 -0.000888463 -0.000526417 -0.00249965 -0.000286118 -0.019567 -0.0055465 0.0221468 0.0276064 -0.00326578 -0.000411369 0.00239632 0.00782553 0.0245974 -0.000262805 0.00904416 0.0212173 0.00319192 -0.00120809 0.000219368 -0.000358236 0.0186792 -0.0176803 -0.00219156 0.000185842 -0.00172509 0.00131255 -6.44977e-05 0.0238636 0.0158288 -0.00551344 -0.00197911 -0.00566229 -0.000463571 -0.000350962 -0.00531177 -0.0011376 -0.00208337 -0.000165454 -0.00798934 0.000422006 -0.0127806 0.00226386 -0.00594656 0.0305304 -0.000352516 -0.00018345 -0.00305292 -0.000826061 0.000562096 -0.00243644 0.000215876 -0.000379089 0.00534363 0.000573475 -0.00135522 -0.00334206 -0.00621807 -0.000700069 -0.000818025 0.00116063 -0.00105613 -0.00024354 -0.00868807 -0.0253353 -0.000565838 -0.000157721 -0.00154684 -0.00790859 -0.000133156 -0.000207217 -0.00543748 -0.0132098 
0.00240718 -3.45927e-05 0.000221915 0.00108723 0.000856814 -0.00254602 -0.000444879 -0.00127373 8.28107e-06 -0.0027254 0.00345707 0.000112057 0.000136111 -0.00268022 -0.00267179 3.18583e-05 -3.66833e-06 0.0012303 0.00192718 0.000286309 4.68059e-05 0.000200336 -0.000229577 0.00240996 0.00158047 0.001598 3.84997e-05 0.00101666 -3.85098e-06 -1.87694e-06 3.66868e-05 3.95599e-05 0.00155707 0.000235634 -0.0020085 -0.00190452 0.000188202 5.08855e-06 -0.000559034 -0.000869318 -0.00160681 -1.43372e-05 -0.00137126 -0.00183937 -0.000323146 2.19089e-06 -3.23287e-05 -1.64043e-05 -0.0012475 0.00214149 2.34172e-05 8.12041e-05 -2.05692e-05 -0.00014771 3.2634e-06 -0.00232452 -0.000980247 8.70035e-05 0.000265622 -0.00014339 -9.27746e-06 -1.21525e-05 0.000174404 -0.000120427 0.000200956 1.83797e-05 0.000391487 -0.000154901 0.00125163 -0.000176556 0.000101614 -0.00224407 -9.73421e-06 5.17695e-06 0.000277161 9.93923e-06 -0.000108765 0.000198839 -2.66124e-06 3.74122e-05 -0.0004357 -3.88705e-05 0.000248481 -2.58666e-05 0.000434615 2.30378e-05 -5.31826e-06 -0.000358749 5.608e-05 3.17424e-05 0.00155354 0.0024691 3.15691e-05 8.28226e-06 1.43738e-05 8.29622e-05 9.00085e-06 1.33899e-05 -7.5942e-05 0.000840934 
0.000516697 -0.00103829 0.00606239 -0.000509737 0.0269187 -0.00975186 0.0144212 -0.0235822 -0.00149652 -0.00310229 0.000112057 0.139284 0.00138623 0.00263733 -0.00650642 0.000221965 0.000450006 -0.0029432 0.000348862 0.00473851 0.00122198 -0.000997456 0.00510744 0.00125121 0.00729695 -0.000854317 -0.00028503 -0.000231648 -0.00107756 -0.000448076 -0.0100227 -0.000148407 -0.00256548 -0.00241369 -0.0389848 -0.0362477 0.00146259 7.84137e-05 -0.0346646 0.0278178 -0.0247831 -0.00104734 0.0131441 -0.0111883 -0.0071798 -0.000289863 0.000874137 0.000748571 -0.0289657 0.00337772 -0.000135242 0.00900553 0.00604754 0.00166571 4.44718e-05 0.00175855 -0.030941 -0.00010221 0.010368 -0.0047697 0.000601938 0.00160209 -0.000519628 -0.000925686 0.000823679 2.59158e-05 -0.00171685 0.00628712 0.00544255 -0.00845456 0.000343777 0.00516893 -0.000643802 0.000309388 0.000688155 0.000518882 0.00162157 -0.00116433 -0.000734334 5.04794e-05 -0.0127461 -0.00143091 0.00717515 -0.0194093 -0.000706638 0.00101707 0.00122854 0.012788 -0.000210247 0.000471984 0.00645678 8.53126e-05 -0.000186782 8.01829e-05 0.000750251 -0.00119312 -5.58467e-06 0.000483411 -0.00451438 -0.000553635 
0.000625997 3.45366e-05 0.000812688 5.54335e-05 0.00193105 -0.0030534 -2.9909e-05 -0.00151272 -3.70593e-05 -0.00128084 0.000136111 0.00138623 0.0045878 -0.002284 -0.00145529 5.14328e-05 -1.14569e-05 0.000185576 0.000811221 0.00177364 2.06921e-05 -2.69741e-05 -0.000111011 0.000690563 0.000667836 -3.9969e-07 7.10754e-05 0.000335448 0.000108514 6.56548e-05 -0.000234519 2.2138e-06 0.000332164 2.03548e-05 -0.00236459 -0.00216922 0.00124755 -1.07911e-05 -0.00179666 0.000457853 -0.00122379 0.000332879 -0.000962174 -0.00238992 -0.000696195 5.97367e-06 -2.3662e-05 0.000236435 -0.00157193 0.000880884 4.40019e-06 0.00253202 8.94413e-05 -0.000178131 1.9431e-05 -0.00256637 -0.000747422 0.00016371 0.0013074 -7.49406e-05 0.000200201 2.19574e-05 0.000637735 -0.000129557 7.75842e-06 1.15021e-05 6.27247e-05 0.000374472 9.90305e-05 -0.000241268 0.000189651 -0.00126021 7.84122e-06 7.32155e-05 0.00174071 0.000222731 0.000285965 0.000174918 -4.38065e-06 3.36727e-05 -0.00017476 -3.57384e-05 -0.000274714 -0.000248005 9.52895e-05 -8.513e-05 6.42099e-05 -0.000738915 7.94955e-05 0.000408678 0.000705545 0.00170374 0.000101378 0.000106293 0.000198968 -9.05633e-06 1.61992e-05 1.31642e-05 5.80921e-05 0.000335766 
-0.0190076 -1.62896e-05 -0.00186814 -0.0110314 -0.0106375 0.0241723 0.00056061 0.00931165 -0.000618357 0.0273528 -0.00268022 0.00263733 -0.002284 0.04516 0.025855 -0.000795321 -0.000289674 -0.017803 -0.0138087 -0.00558091 -0.00135988 -0.0088395 0.00178244 -0.0166343 -0.0136852 -0.0159126 -0.00245937 -0.0111136 -0.00169136 -0.000242038 -0.00435104 -4.01304e-05 -0.0192129 -0.00490827 0.0174178 0.0165424 -0.00355862 -0.000387318 0.00487915 0.00974385 0.0177584 -0.00135728 0.0106083 0.0204821 0.0016019 -0.000918309 0.000422822 -0.000518767 0.0186191 -0.0170069 -0.00199795 -0.00207263 -0.000702077 0.00066415 -6.44381e-05 0.026635 0.00757949 -0.00523576 -0.00222904 -0.00417442 -1.75463e-05 -5.61543e-05 -0.00475355 0.00104538 -0.00198668 -0.000168164 -0.00666694 0.00147744 -0.00762928 -0.000486155 -0.00574555 0.0296415 -0.00011084 -0.000179026 -0.00355004 -0.000660792 -0.000671861 -0.00205527 0.000220714 -0.000333987 0.00309155 -0.000820066 -0.000384504 -7.65192e-05 -0.00620496 0.00071993 1.44279e-05 0.00502699 -0.00157286 -0.000515161 -0.00708124 -0.0254416 -0.000525851 -0.000134025 -0.000915235 -0.00810934 -0.000113398 -0.000136893 -0.00382054 -0.0130057 
-0.0190187 -0.00186183 -0.00926121 -0.0103736 -0.0120942 0.0266494 0.00520156 0.0171042 -0.00213681 0.0299159 -0.00267179 -0.00650642 -0.00145529 0.025855 0.0454116 -0.00102715 2.91762e-05 -0.0162552 -0.0138296 -0.00532826 -0.00245359 -0.00899155 -0.000552272 -0.0179576 -0.0208534 -0.0174483 -0.00309821 -0.0108104 -0.000620603 -0.00295035 -0.000243456 -0.00010936 -0.0191404 -0.0050947 0.0300792 0.0239597 -0.00272447 -0.000839385 0.0140531 0.00231717 0.0237861 1.94756e-05 0.00667872 0.0260124 0.00528854 -0.00101754 -0.000614255 0.000157207 0.0184341 -0.0167165 -0.00303362 -0.00016973 -0.00637737 0.00192375 -6.22296e-05 0.0249619 0.0129857 -0.00488203 -0.00445026 -0.000160003 -0.00072057 -0.000311473 -0.00348556 -0.00135711 -0.00223686 -0.000163933 -0.00778028 -0.00619777 -0.00861586 0.00124572 -0.00609643 0.0191902 -0.000506612 -0.000218378 -0.00320914 -0.00101503 0.00084396 -0.00201432 -0.000251844 -0.000336981 0.00301955 0.000452536 -0.0048954 0.00155111 -0.00571221 -0.00103855 -0.00101306 0.00473311 -0.000988447 -0.00093073 -0.0102457 -0.024384 -0.000320136 -0.000105327 -0.00207553 -0.00773888 -0.000144661 -0.000879489 -0.000610247 -0.0130679 
0.00018081 3.5653e-05 0.000159308 0.000155355 9.65535e-05 -0.000806618 -0.000235039 -0.000232198 -9.93241e-06 -0.000783535 3.18583e-05 0.000221965 5.14328e-05 -0.000795321 -0.00102715 0.00177365 -5.78412e-06 0.000361206 0.000600499 0.000206452 3.95559e-05 4.56804e-05 1.98126e-05 0.000690018 0.000709381 0.000655666 2.03833e-05 0.000180734 6.38708e-05 2.72465e-05 0.000307818 2.37197e-06 0.000653233 0.000489573 -0.000749777 -0.000862631 1.17314e-05 4.79336e-05 -0.000746842 -0.000204231 -0.00104344 4.12354e-05 -0.000617528 -0.000633003 -0.000219853 5.92738e-05 1.30154e-05 -4.60453e-06 -0.000590231 0.000136622 9.22246e-06 -1.45035e-05 0.000317896 5.78198e-05 3.9558e-06 -0.000644921 -0.000522421 7.14074e-06 7.81698e-05 -1.65991e-05 1.88273e-05 1.6517e-05 2.02158e-05 3.27506e-05 0.000245339 1.05386e-06 9.56161e-05 -7.05968e-05 0.000113181 -9.88287e-05 6.02658e-05 -0.000972233 -6.60155e-08 2.30694e-06 5.96472e-05 1.26968e-05 -4.48008e-05 0.000263332 -1.69782e-06 3.67182e-05 0.000242484 1.35308e-05 0.000456962 -0.000243335 6.1012e-05 9.68422e-06 4.30345e-05 -9.98302e-08 5.66805e-05 0.000130442 0.00080756 0.000668304 6.16178e-06 2.12237e-06 4.07058e-05 4.02277e-05 5.64134e-07 2.89396e-05 -6.87563e-05 0.000115584 
-5.93367e-05 -5.09268e-05 2.69421e-05 -3.82768e-05 -0.000177639 0.000167119 0.00015016 -0.00019688 -1.88821e-05 2.27103e-05 -3.66833e-06 0.000450006 -1.14569e-05 -0.000289674 2.91762e-05 -5.78412e-06 0.00431837 -3.94859e-05 -4.52573e-05 -2.47691e-05 -3.58744e-05 -2.71821e-05 0.000129238 -2.45851e-05 1.25267e-05 -6.13284e-05 1.79646e-05 -2.77267e-05 4.09346e-05 -3.26155e-05 -0.000141826 -5.47419e-06 -7.62939e-05 -7.17839e-05 -0.000218084 -0.000176467 -7.94937e-05 1.95664e-05 -0.000134771 -0.000244098 -0.000172502 2.98066e-05 -8.48586e-05 0.000618607 -0.000509145 -1.45399e-05 -1.45374e-05 6.01833e-07 -0.00080506 -6.51649e-05 1.99428e-05 -3.31981e-05 -1.04874e-05 -0.000100813 -1.17381e-06 -0.000146604 -0.000473016 -7.37241e-05 -0.000127113 0.000436553 -2.42966e-05 1.05593e-06 -5.02233e-05 -3.51087e-05 3.89395e-07 -5.67153e-07 -4.67767e-05 -8.45741e-05 -0.000217669 3.21139e-05 -2.52043e-05 -0.000451934 6.62986e-06 -3.33239e-06 -6.76909e-06 -3.97692e-06 -4.09726e-06 -3.18974e-05 8.32879e-06 3.65376e-06 -0.000329418 4.8585e-05 -0.000115577 0.000122996 -2.34059e-05 -6.93046e-05 7.13982e-06 -4.01245e-05 -9.13455e-06 1.3072e-05 -5.59853e-06 -8.35268e-05 7.10437e-08 2.14425e-06 -1.10593e-05 -1.74668e-05 6.23013e-07 1.9025e-05 -5.54997e-05 -5.79277e-05 
0.0136635 4.64451e-05 0.000371858 0.00564876 0.00537543 -0.0154056 -0.0030402 -0.00732987 -0.000808909 -0.017978 0.0012303 -0.0029432 0.000185576 -0.017803 -0.0162552 0.000361206 -3.94859e-05 0.0310711 0.00958096 0.00128425 0.00141597 0.00616766 -0.00190301 0.0121581 0.00831382 0.0109453 0.00127444 0.0076168 0.000212422 -0.000490844 0.0019071 7.34561e-05 0.012872 0.00354498 -0.0118832 -0.0124379 0.00055788 -1.15633e-05 -0.00315649 -0.00692539 -0.0103982 3.7289e-05 -0.0013884 -0.0114799 -8.8823e-05 0.000264093 -0.000269576 2.18372e-05 -0.00967666 0.0114446 0.00147056 -0.000706923 -0.000862394 -0.00103063 2.8296e-05 -0.015898 -0.00940542 0.00321537 -0.000447855 0.004025 -7.77818e-05 -9.74923e-05 0.00134661 -0.00104808 0.00165317 0.000135002 0.00376853 -0.00137845 0.00383209 -0.000520941 0.00317863 -0.0146928 -5.0574e-05 -2.25952e-05 0.000726667 0.000199823 -0.000544273 0.00171961 -0.000143185 0.000173612 -0.00379606 -0.000308315 -0.00269251 -0.00284458 0.00493949 -0.000681632 -7.22646e-05 -0.00261243 0.000470903 -4.27461e-05 0.00363178 0.0166373 6.05803e-05 -3.85683e-06 -6.72087e-05 0.00620945 3.22592e-05 0.000121137 -1.3157e-05 0.00655255 
0.0121062 -0.000214142 0.0011395 0.00385249 0.00623106 -0.0132171 -0.00159868 -0.00673213 -0.000297522 -0.0137156 0.00192718 0.000348862 0.000811221 -0.0138087 -0.0138296 0.000600499 -4.52573e-05 0.00958096 0.0152865 0.0025196 0.000276251 0.00327289 -0.00084724 0.0127541 0.0109096 0.0101855 0.000865997 0.00562814 0.000136134 -5.96565e-05 0.000995996 -1.40562e-05 0.00952135 0.0019837 -0.010605 -0.00921383 0.000944656 2.56214e-05 -0.00397687 -0.00419316 -0.0100214 3.5221e-06 -0.00551868 -0.0105571 -0.000776407 9.64694e-06 -0.000188753 -6.98191e-05 -0.0072544 0.0109082 0.00110872 0.000305869 -0.000465229 -0.000730632 3.00645e-05 -0.0126888 -0.00511874 0.000630614 0.00155057 -2.07751e-05 4.00447e-05 -5.88555e-05 0.000340984 -0.000508918 0.00176126 9.52195e-05 0.000845903 -0.000624301 0.000805165 -0.000785095 0.00107885 -0.0107369 -2.99862e-05 3.29859e-05 0.00164945 0.000264693 -0.000429498 0.00130915 -4.6493e-05 0.000194408 -0.00247894 -0.000173743 -0.000670923 -0.00180199 0.00270982 -0.000381198 -3.97977e-05 -0.00196538 0.000441701 0.000191056 0.00623687 0.0138996 0.000196304 4.92685e-05 0.000213227 0.00313223 9.45376e-06 4.25854e-05 -0.000992514 0.00551239 
0.00321936 0.000437317 0.000680063 0.00203914 0.00597513 -0.0114209 0.00234416 -0.00673591 -0.000411994 -0.00540095 0.000286309 0.00473851 0.00177364 -0.00558091 -0.00532826 0.000206452 -2.47691e-05 0.00128425 0.0025196 0.0167341 -2.54679e-05 0.00114754 -0.000442848 0.00280101 0.00292428 0.00226059 0.000559806 0.00186369 0.000546459 0.000204617 0.000833321 -2.45745e-05 0.00257789 0.000437125 -0.00635402 -0.00440102 0.000865606 -7.82575e-06 -0.00609797 0.00141188 -0.00584517 0.000350808 -0.000682304 -0.0080818 -0.00222261 5.03448e-05 2.54899e-06 6.97045e-05 -0.00378279 0.00361973 1.4853e-05 0.00399386 0.00107442 0.000523094 4.7174e-05 -0.00596442 -0.00328511 0.00175899 0.0015852 -0.00143348 0.00010872 0.000101798 0.00101708 -0.000571699 0.000221243 -7.38669e-07 0.000246978 -0.000410291 0.00386916 -0.000273718 0.00144518 -0.00577125 -3.15634e-05 0.000227143 0.00176157 0.000236414 0.000136249 0.000144215 -6.90333e-05 7.83449e-05 -0.000581921 -5.25122e-05 -0.000550472 -0.00234637 0.000532181 -0.000353415 0.000313232 -0.00275525 0.000740116 0.000963083 0.00323802 0.00471631 0.000520797 0.000141445 0.000985896 0.000180043 5.09224e-05 4.09105e-05 -0.000456386 0.00200011 
0.000697461 7.02357e-05 0.000311422 0.00152643 -0.000268778 -0.00159797 -0.00255196 -0.00103556 -0.000261624 -0.00253922 4.68059e-05 0.00122198 2.06921e-05 -0.00135988 -0.00245359 3.95559e-05 -3.58744e-05 0.00141597 0.000276251 -2.54679e-05 0.0117523 4.53818e-05 0.000833231 0.00151735 0.000483915 1.3761e-05 0.000157784 0.000119933 -6.22802e-06 -9.89361e-07 -0.000351263 2.24726e-05 0.00164812 -5.82382e-05 -0.00286397 -0.00300853 0.000137084 1.95394e-05 0.001263 6.94012e-05 -0.00383179 -1.67514e-05 -0.000781721 -0.000162307 -0.00229426 -3.93762e-05 0.000346692 7.88811e-05 -0.00191524 0.000236451 -2.68119e-05 -0.000318071 0.000346444 -0.000484975 2.16984e-06 -0.0019649 -0.00295398 0.00134534 -0.000350079 0.000752728 -2.4148e-05 1.8761e-05 0.000124529 0.000282411 -2.75387e-05 1.6274e-06 0.000340935 -0.000281328 0.00047677 0.00010426 0.000518417 -0.00143754 3.64272e-05 3.93077e-06 -3.62875e-05 0.000250906 -0.000253614 -2.5697e-05 -5.14532e-05 1.58452e-05 -0.00176498 3.34423e-05 -5.30841e-05 0.00029987 0.000145028 9.50887e-05 0.00021828 0.00156508 -2.46259e-06 0.000104604 0.00066368 0.00103911 -8.58153e-06 1.12657e-06 -5.78929e-07 0.0010166 2.81744e-05 1.29656e-05 0.00287647 0.000433548 
0.00634886 0.000260013 0.000182206 0.00399496 0.00307482 -0.00842831 -0.000642405 -0.00426936 0.000103118 -0.00904332 0.000200336 -0.000997456 -2.69741e-05 -0.0088395 -0.00899155 4.56804e-05 -2.71821e-05 0.00616766 0.00327289 0.00114754 4.53818e-05 0.00960348 -0.000710496 0.00416185 0.0047115 0.00752229 0.000935238 0.00361873 0.000214399 -9.7361e-05 -0.000298632 -1.18379e-05 0.00681983 0.00298246 -0.00654329 -0.00591074 0.0006886 -1.50087e-05 -0.00191846 -0.00269251 -0.0058696 -4.9292e-05 -0.00226424 -0.00660294 -0.000687206 0.00055173 -0.000103959 -2.14834e-05 -0.00372467 0.00470446 0.00111327 -0.000279812 -4.60412e-05 -0.000458951 -3.72449e-07 -0.00881614 -0.00345724 0.00175147 -0.00025164 0.0010733 -4.12673e-05 -2.77016e-05 0.00131911 -0.000329677 4.5752e-05 6.5733e-05 0.00331884 -0.000582967 0.00183855 -0.000512365 0.00345629 -0.00705609 0.000128584 7.79158e-06 0.000116628 4.75112e-05 -0.000263214 0.000420167 -2.67502e-05 4.86489e-05 -0.00141614 -9.86226e-05 -1.3566e-06 -0.00107297 0.00185757 -0.00020341 -2.32955e-05 -0.00188182 0.000114992 -2.73319e-06 0.000158504 0.00883022 5.76787e-05 1.90885e-07 0.00018571 0.00393815 2.19499e-05 3.103e-05 -0.000572595 0.00490526 
-0.00121971 -0.000842545 -0.000869441 -0.000820603 0.00867296 0.00427521 0.00110862 -0.00148016 -0.000119529 -0.000566775 -0.000229577 0.00510744 -0.000111011 0.00178244 -0.000552272 1.98126e-05 0.000129238 -0.00190301 -0.00084724 -0.000442848 0.000833231 -0.000710496 0.07174 -0.000429974 -0.000718917 -0.00141509 -6.66488e-05 -0.000861948 -0.00034877 0.00446247 0.0085225 -8.31434e-05 -0.00169402 -0.00160206 -0.0108645 -0.0130055 -0.00184216 -0.000135806 -0.019127 0.0215791 -0.0366607 0.000135607 0.00637569 -0.0269544 -0.00398116 -8.16723e-05 -0.000734487 0.00264998 -0.0313572 -0.00215398 -0.000192728 -0.00141392 -0.00127997 0.00983985 1.09687e-05 0.00228105 -0.0203997 0.000530933 0.0142845 0.00079762 -3.98417e-05 0.000597042 -0.00098417 -0.00126934 -0.000103765 -1.27546e-05 -0.00103958 0.0126494 0.00364924 0.00215648 -0.000468406 0.000429396 0.00207183 -4.79917e-05 -0.000282425 -8.45191e-05 0.00494719 -0.000576281 -0.000498677 -3.11928e-05 -0.010816 -0.000341961 0.000336985 -0.011275 -0.000439704 0.00382965 0.00113459 0.0210043 -0.000253745 -0.000227008 8.22139e-05 -0.00124004 0.000105938 6.56944e-05 0.000396338 -0.00057304 2.71178e-05 -3.09363e-05 0.00141202 -0.0012776 
0.014605 -0.000181879 0.00131144 0.00590121 0.00565787 -0.0153022 -0.00321305 -0.00867951 -0.000334763 -0.0183459 0.00240996 0.00125121 0.000690563 -0.0166343 -0.0179576 0.000690018 -2.45851e-05 0.0121581 0.0127541 0.00280101 0.00151735 0.00416185 -0.000429974 0.021374 0.0123423 0.0113395 0.00140189 0.00632545 0.000157033 3.71665e-05 0.00152218 6.0516e-05 0.0120188 0.00202098 -0.014458 -0.0127504 0.000399888 0.000163411 -0.00340328 -0.004489 -0.0126207 -3.62621e-05 -0.00441104 -0.0128824 -0.000823678 2.31401e-05 -0.00020477 -3.41943e-05 -0.00932295 0.0133048 0.00155386 -9.74048e-05 4.72631e-05 -0.000812511 2.49841e-05 -0.0150374 -0.00781254 0.0020215 0.00182698 0.00093506 -4.68522e-06 -3.53439e-05 0.000576544 -0.000610613 0.0020326 7.99653e-05 0.00104854 -0.000795787 0.00306091 -0.000668825 0.00145759 -0.0129784 5.40882e-06 1.07486e-05 0.00195134 0.000429917 -0.000538524 0.00168684 -0.000121211 0.000204552 -0.00341189 -0.000259545 -0.000540785 -0.00111072 0.00293952 -0.000227538 8.09018e-05 -0.00273107 0.000504184 1.97335e-05 0.00760403 0.01617 0.000122804 3.50806e-05 0.000102797 0.00387061 1.14882e-06 0.000209642 -0.000836913 0.00615626 
0.0117982 0.00105945 0.00865105 0.00376906 0.00832362 -0.0180198 -0.00916692 -0.00237464 0.00606737 -0.0168933 0.00158047 0.00729695 0.000667836 -0.0136852 -0.0208534 0.000709381 1.25267e-05 0.00831382 0.0109096 0.00292428 0.000483915 0.0047115 -0.000718917 0.0123423 0.0469031 0.0122117 0.00154135 0.00690969 -0.000155175 -0.000258767 0.00488067 -6.41485e-06 0.0089984 0.00189349 -0.0217394 -0.0248683 0.000139876 0.000671417 -0.0101497 -0.00312706 -0.0252118 -5.23521e-05 -0.0214395 -0.0238358 -0.00462239 0.0004661 0.000515688 -5.07904e-05 -0.0123161 0.0123575 0.00185031 -0.00035421 0.00719172 -0.000486673 -9.193e-06 -0.0127688 -0.0155084 0.00182985 0.00196948 0.00158728 0.000211177 2.50698e-05 -6.88074e-05 0.00326315 0.00198418 0.0001025 0.00126234 0.00391422 0.000656917 -0.00130747 0.00232776 -0.0161952 0.000327382 4.25116e-05 0.00180648 0.000596817 -0.000874879 0.00104962 -0.000131364 0.000290773 0.0035699 -0.000108524 0.0144682 -0.0066337 0.00338077 -0.000178704 0.000532962 0.0062634 0.000410726 0.000606837 0.0103007 0.0143683 0.000138507 1.36222e-05 0.000712236 0.00351338 2.26889e-05 0.000757225 -0.00226003 0.00797262 
0.012542 6.24014e-05 0.0021191 0.00584855 0.00543093 -0.0158261 -0.00311877 -0.00773748 0.000493716 -0.0175635 0.001598 -0.000854317 -3.9969e-07 -0.0159126 -0.0174483 0.000655666 -6.13284e-05 0.0109453 0.0101855 0.00226059 1.3761e-05 0.00752229 -0.00141509 0.0113395 0.0122117 0.0206603 0.00220759 0.0067177 0.000442088 0.000101689 0.000651018 -3.57525e-05 0.0132375 0.00431174 -0.0139594 -0.0119496 0.000896877 0.000231799 -0.00465131 -0.00389078 -0.0121971 -3.81983e-05 -0.005575 -0.0136831 -0.00106479 0.00090412 -0.000180812 6.33521e-06 -0.00694268 0.0107492 0.00198867 -0.000466811 0.000121701 -0.000955083 2.5625e-07 -0.0155437 -0.00646372 0.00161819 -8.6057e-05 0.000973089 0.00011395 -5.47865e-05 0.00157812 -0.00052728 0.00107989 0.000112588 0.00392406 -0.000918391 0.00222556 -0.00102823 0.0034863 -0.0136425 9.39489e-05 2.47457e-05 0.000751079 0.000201154 -0.000485426 0.00142485 -7.22717e-06 5.69936e-05 -0.00177071 -6.80463e-05 0.0008349 -0.00241911 0.00258154 -0.000226254 0.000228753 -0.00331712 0.000426303 4.0972e-05 0.00476874 0.0161508 4.11084e-05 -2.1641e-06 0.000262367 0.00524488 4.55415e-05 6.74369e-05 -0.00141194 0.00868561 
0.000788213 -4.43024e-05 0.000616974 0.00132146 0.000583765 -0.00241746 -0.00131484 -0.00150453 0.000759133 -0.00324653 3.84997e-05 -0.00028503 7.10754e-05 -0.00245937 -0.00309821 2.03833e-05 1.79646e-05 0.00127444 0.000865997 0.000559806 0.000157784 0.000935238 -6.66488e-05 0.00140189 0.00154135 0.00220759 0.0054882 0.000380727 0.000131613 0.000124419 3.73771e-05 -6.95993e-06 0.00209413 0.000989404 -0.00199084 -0.0015406 -6.60426e-05 0.000223873 -0.000507568 -0.000997311 -0.00298404 1.35315e-05 -0.000797332 -0.00259204 -0.000793707 0.000270363 6.10691e-06 -1.69497e-05 -0.00141546 0.000757548 0.000717046 -3.20182e-05 0.000262794 -0.000140506 3.2372e-07 -0.00193391 -0.0012818 0.00117003 0.00026121 -4.32823e-05 -1.8936e-05 1.50988e-07 0.000621321 0.000153875 -1.99416e-05 9.43602e-06 0.000605479 -7.66621e-05 0.000250488 0.000443916 0.000262519 -0.00276393 -7.63894e-06 2.03531e-05 0.000100344 3.28654e-05 -4.77333e-05 0.000254844 -3.10667e-05 2.89267e-05 0.00024286 0.000141348 0.000581938 -0.000598636 0.000112605 -1.39822e-05 -4.81811e-06 -0.000334421 0.000103542 7.03972e-05 0.000420643 0.001997 3.27253e-05 3.5416e-06 0.000180335 0.000274969 1.22631e-05 1.55117e-05 0.000827454 0.00160316 
0.00997809 -4.76356e-05 0.000679264 0.000987295 0.00659253 -0.0108237 -0.000121651 -0.00550713 0.00010573 -0.011186 0.00101666 -0.000231648 0.000335448 -0.0111136 -0.0108104 0.000180734 -2.77267e-05 0.0076168 0.00562814 0.00186369 0.000119933 0.00361873 -0.000861948 0.00632545 0.00690969 0.0067177 0.000380727 0.0123989 -2.92333e-05 -0.000103496 0.000627266 4.80647e-05 0.00631415 0.00145559 -0.00928327 -0.00743658 0.000675238 -2.04767e-05 -0.00730851 -0.00325678 -0.00748648 -4.23998e-05 -0.000853446 -0.0084786 -0.000630094 0.000429481 -0.000126556 0.000159944 -0.00481454 0.0102254 0.000559263 -4.2513e-05 -0.000388005 -0.000508837 2.26156e-05 -0.01107 -0.00406977 -0.000163161 0.000775216 -0.000741583 4.013e-05 -4.62005e-05 0.00065229 -0.000294508 0.00111064 0.000112743 0.00297917 -0.000484283 0.00326443 -0.000688985 0.00241567 -0.00867417 5.64085e-05 2.09508e-05 0.00122617 8.76912e-05 -0.000309037 0.000465418 -5.60299e-05 0.000182523 -0.00185347 -0.000151975 -0.000195342 -0.00203243 0.00511569 -0.0003084 -1.71435e-05 -0.00213494 0.00036763 -1.41708e-05 0.00309658 0.0113224 0.000113801 1.0775e-05 2.9195e-05 0.00401239 4.73538e-05 1.76014e-05 -0.00100123 0.0063526 
5.28028e-05 0.00016404 -6.6142e-05 0.00067483 -0.000623577 -0.00125843 0.000650904 0.000183676 -3.85e-05 -0.000888463 -3.85098e-06 -0.00107756 0.000108514 -0.00169136 -0.000620603 6.38708e-05 4.09346e-05 0.000212422 0.000136134 0.000546459 -6.22802e-06 0.000214399 -0.00034877 0.000157033 -0.000155175 0.000442088 0.000131613 -2.92333e-05 0.0089461 0.000182029 0.00132137 -1.53469e-05 0.000701906 0.000241432 0.00168983 -0.00049872 0.000237149 -1.64136e-05 -0.000477183 -0.00240188 -0.00148061 0.000490181 -0.00485401 0.000251241 -0.000466236 1.50421e-06 -1.519e-05 -5.95085e-05 -0.000427301 0.000404058 -3.90816e-05 0.000202046 0.000834806 -0.000355274 -1.34905e-06 -0.001951 -0.00150977 0.000562254 -0.000248453 0.000646416 -4.53204e-05 -2.84533e-05 0.000265152 -6.94175e-05 0.000113681 -1.2809e-06 0.000197266 0.000199169 0.000831897 -0.000170129 0.000240874 -0.0011756 -1.39621e-05 2.45343e-05 0.000345043 -4.29861e-06 -0.00026722 -5.2684e-07 -3.41861e-05 -1.82556e-06 -0.000273115 0.000119463 0.000635491 -0.00121005 -1.14409e-05 -0.000131587 -7.3695e-06 0.000264038 -4.30918e-06 0.000180181 0.000224092 0.000587225 0.000140665 -6.55261e-07 0.000288374 0.000100714 2.14396e-05 -5.86106e-06 -0.000418628 0.000229128 
0.000155586 -0.000100242 0.0014409 -0.000354055 -0.000575545 -0.000873479 0.00280068 -0.00498779 0.00011428 -0.000526417 -1.87694e-06 -0.000448076 6.56548e-05 -0.000242038 -0.00295035 2.72465e-05 -3.26155e-05 -0.000490844 -5.96565e-05 0.000204617 -9.89361e-07 -9.7361e-05 0.00446247 3.71665e-05 -0.000258767 0.000101689 0.000124419 -0.000103496 0.000182029 0.0234413 0.000318158 -2.93832e-05 -0.000116371 -0.000101377 -0.00320048 -0.00454139 -0.000166578 0.00018109 -0.00806752 5.53017e-05 -0.00683267 0.000269971 -0.00103823 -0.00810887 -0.0010645 1.93065e-05 8.42129e-05 0.000335606 -0.00630992 -8.72754e-05 0.000803845 -0.000464036 0.00277055 0.00154547 1.61256e-05 -0.000120827 -0.00399239 0.00058291 0.000597849 -0.00144046 2.76739e-05 0.000159359 -0.000271845 0.000703285 -8.1154e-05 -4.65678e-06 0.000206905 0.00588538 0.00137042 -5.56438e-05 -0.000126587 0.00440112 0.00115545 1.22067e-05 0.000480199 2.19589e-05 -0.000294152 -0.000109344 -0.000165076 -1.56992e-06 -0.00329335 -0.000215284 -0.00107023 -0.00335023 -9.90991e-05 0.00533291 0.00105094 0.00460826 -5.67237e-05 0.000511022 0.000286348 -7.9512e-05 6.03651e-05 2.35886e-06 0.00102079 0.00014337 5.5461e-05 0.000106935 -0.000988033 -0.000292792 
0.00027914 -0.00110679 -0.00193523 -0.000893171 6.52356e-05 -0.0046523 -0.0150981 0.0211786 -0.00187446 -0.00249965 3.66868e-05 -0.0100227 -0.000234519 -0.00435104 -0.000243456 0.000307818 -0.000141826 0.0019071 0.000995996 0.000833321 -0.000351263 -0.000298632 0.0085225 0.00152218 0.00488067 0.000651018 3.73771e-05 0.000627266 0.00132137 0.000318158 0.102263 -7.23459e-05 0.000162138 2.09946e-05 -0.00329214 0.008661 -0.00204506 0.000111441 -0.00606016 0.00113129 -0.0227393 -0.000178202 -0.0122525 -0.0198982 0.000392769 -0.000170034 -0.00059675 5.45038e-05 -0.0135068 0.00132357 9.52498e-05 -0.00151759 0.00214602 0.00124562 -1.63562e-05 -0.000259417 -0.0347566 0.0048362 0.00169292 0.0134641 -0.00070528 -0.000217671 -0.000159571 -0.00333389 0.00118097 -8.82682e-06 -0.00115991 -0.00171014 0.00791716 0.000580239 -0.000237033 -0.00211928 0.000106835 -4.70916e-05 -0.000817182 -2.45524e-05 0.00394279 0.000407063 -0.000718633 0.000115346 -0.00544083 -0.000627861 -0.00356797 -0.0179926 0.00113865 -0.000576145 -0.0002264 0.00566199 0.000244008 1.25684e-05 0.00260721 0.000706018 0.000543965 -4.41262e-06 0.000683088 -0.000754779 2.62439e-05 5.39401e-05 -0.00357503 -0.00192354 
5.36001e-05 -1.75138e-05 -1.12684e-05 -3.70956e-05 -0.000145179 -3.27567e-05 -0.000117735 0.00107114 2.81842e-05 -0.000286118 3.95599e-05 -0.000148407 2.2138e-06 -4.01304e-05 -0.00010936 2.37197e-06 -5.47419e-06 7.34561e-05 -1.40562e-05 -2.45745e-05 2.24726e-05 -1.18379e-05 -8.31434e-05 6.0516e-05 -6.41485e-06 -3.57525e-05 -6.95993e-06 4.80647e-05 -1.53469e-05 -2.93832e-05 -7.23459e-05 0.00228676 9.81553e-06 -9.30829e-06 -0.00010159 -0.00123255 -3.50773e-05 -1.07677e-06 -0.000285475 -0.000403537 -0.000574361 -1.86837e-06 -0.000177875 4.51093e-05 -0.00018611 1.79812e-07 2.83841e-05 2.18996e-05 -0.00044695 4.05775e-05 2.4457e-06 -6.69259e-05 0.000114185 1.92476e-07 2.99767e-06 -0.000109268 -0.000562697 3.27859e-06 -7.28969e-05 0.000461378 -1.48003e-05 -1.01112e-06 5.81843e-05 0.000450188 -1.19204e-05 3.86824e-07 8.41675e-06 -5.40543e-05 -0.000126557 -9.94117e-05 -1.38263e-05 -0.000792309 -8.18246e-06 -8.79637e-07 7.09948e-06 -2.67499e-06 -6.57638e-05 -2.15407e-06 -1.80569e-05 6.77041e-06 9.65448e-06 -1.14445e-05 0.000370296 -0.000306096 5.26617e-05 3.07326e-05 -6.61566e-06 0.000733273 -5.40691e-06 4.33079e-07 -1.07119e-05 5.42663e-05 1.07178e-05 1.09465e-06 2.66783e-05 2.28054e-06 -4.62909e-07 2.74073e-05 0.000798251 3.18668e-06 
0.012701 0.000638426 0.00114577 0.00947472 0.00425197 -0.0178643 -0.00271494 -0.00952299 -0.000401232 -0.019567 0.00155707 -0.00256548 0.000332164 -0.0192129 -0.0191404 0.000653233 -7.62939e-05 0.012872 0.00952135 0.00257789 0.00164812 0.00681983 -0.00169402 0.0120188 0.0089984 0.0132375 0.00209413 0.00631415 0.000701906 -0.000116371 0.000162138 9.81553e-06 0.0217311 0.00521772 -0.0132942 -0.0124631 0.00147549 6.02765e-05 -0.00230702 -0.00605823 -0.0128865 9.14852e-05 -0.00441453 -0.0139573 -0.000131914 0.000679681 -0.000214557 -9.44864e-05 -0.00924416 0.0101647 0.00138167 -0.000367505 3.17683e-05 -0.000891699 3.24089e-05 -0.018222 -0.00642272 0.00426265 -0.000340921 0.00126236 -3.36015e-05 -6.5353e-05 0.00336848 -0.000689187 0.000886527 0.00010907 0.00631041 -0.000950424 0.00479816 -0.00094594 0.00438896 -0.0152187 -1.10964e-06 5.28273e-05 0.000853758 0.000402993 -0.000576054 0.00149196 -0.000141115 0.000104298 -0.00315531 -0.000255142 -0.000753521 -0.000118392 0.00350352 -0.00050043 -5.99489e-05 -0.0034893 0.000517543 0.000159601 0.0040814 0.0176815 0.000235178 -1.6473e-06 0.000602848 0.00668264 7.02801e-05 4.2666e-05 0.000585433 0.0100903 
