0.234468 -0.00369532 -0.000893429 -0.022611 0.00285757 0.0236282 0.00193638 -0.00760268 1.73669e-05 -0.0108349 -0.00212389 0.0651629 -0.0179884 -0.0255305 -0.031578 -0.00700175 -0.00865646 0.0594954 -0.016955 0.0515513 -0.0354388 -0.00584266 0.0023264 -0.00361302 0.0181785 -0.0151455 -0.00104031 -0.00589017 -0.0574743 -0.0180727 0.013041 -0.00530846 -0.0948384 -0.105468 -0.107078 -0.000364612 0.00179809 0.0412284 -0.109435 0.0370202 -0.00172138 -0.00652696 -0.0915624 0.00304797 -0.00161658 -0.0383128 -0.000217477 0.0126746 -0.015101 0.00809056 -0.000632841 0.0252811 0.0139377 0.0851625 0.0341132 0.0399422 6.3408e-05 -0.00319928 0.0105325 0.000258105 -0.00653323 0.0308269 0.0562784 -0.00245705 0.0458903 0.0830893 0.0162216 0.0262768 0.00097325 -0.0174923 -0.014132 -0.0394896 -0.0520364 -0.00222492 -0.0259189 0.00839239 0.0113561 -0.00800781 0.022416 -0.00384722 0.0197716 -0.0093005 0.00247387 0.0693104 -0.00717477 0.030546 0.0124799 -0.0989036 0.0116215 -0.022642 -0.0164246 0.00831052 -0.00238965 0.07927 0.0447265 -0.0328314 0.000168758 -0.0423533 0.00299751 -0.0856791 
-0.00369532 0.0130563 -0.00194791 -0.00197559 0.00230811 -0.00172623 8.18829e-05 -0.00252472 -6.47814e-06 7.8852e-05 0.000633895 0.000607817 0.00112338 9.35135e-05 0.00403552 0.000389093 -0.000742921 -0.0033645 -0.00220878 -0.00113741 9.4814e-05 -0.00128748 0.00303177 -5.23263e-05 -0.000318854 0.000280598 -0.000549241 -0.000586034 -0.00154601 -0.000262318 0.00198589 0.00328432 -0.000112819 0.00134832 0.00147079 6.94475e-06 -0.000144378 -0.002686 0.000270544 -0.00286419 -0.000108956 -0.000179168 -0.000669543 0.000118789 0.000598971 0.000111509 0.000251823 0.00347898 -7.48727e-05 0.00246873 -9.41314e-05 -0.000976085 0.00100779 -0.000638694 -0.0026 -0.00153795 -4.7939e-06 -0.000195492 0.00279492 -7.29616e-05 -0.00012181 -0.00114994 -0.00168708 -1.81299e-06 -0.00309345 -0.00262381 0.00186318 -0.00108885 7.02337e-05 0.000334732 -0.000548254 -0.000829595 0.00363706 -0.000284055 0.000332694 1.44892e-05 0.000620193 0.000270104 -0.00115646 -1.17566e-06 -0.00272489 0.000943551 0.00151314 -0.00235691 0.00242228 0.000484282 0.0012318 -5.22959e-05 0.00129297 0.00279818 -1.57284e-05 -0.000284961 -5.34623e-05 -0.00305551 -0.00279045 -0.00213874 -6.15023e-06 -0.000431042 0.00083587 -0.000290082 
-0.000893429 -0.00194791 0.189742 -0.0837572 0.0514058 0.104128 0.00241302 0.0175437 0.00782358 -0.00284947 1.22398e-05 0.0317744 0.0735698 -0.0143684 -0.00282342 -0.00428769 -0.0193376 -0.0505718 -0.0871971 -0.0348375 0.016877 0.0122365 0.0206144 -0.00235092 0.00101029 0.0103457 -0.00344623 0.0287219 -0.0311402 0.00202846 0.0735597 0.00422808 -0.00464555 -0.0196829 -0.0331942 -0.000372617 -0.00139273 -0.0575337 -0.0163741 0.0519165 0.0012389 0.00382816 0.00998424 0.0045443 -0.00146607 -0.00318627 -0.00165363 0.0640997 0.0165016 -0.00500613 0.000270531 -0.0290083 -0.000574611 0.0232874 -0.0325239 0.0257567 -0.00136415 -0.00996317 -0.00697452 -0.00132466 0.0034268 -0.0369655 -0.0398981 7.29269e-05 -0.0525652 -0.0511846 0.0674746 -0.0186679 -0.000569369 0.0214976 -0.00750775 -0.0270615 -0.020187 0.00223309 0.011571 -0.00467793 0.0702951 0.00235563 0.017796 -0.00273622 -0.00480942 0.0027431 -0.00186585 -0.046184 0.00440106 0.0413839 0.00527135 4.19876e-05 -0.00366737 -0.00753368 -0.0162536 0.0116428 0.00157122 0.00531283 -0.0515999 -0.0578843 -0.00091672 -0.0617241 -0.00169973 -0.0363429 
-0.022611 -0.00197559 -0.0837572 0.248979 -0.0757817 -0.126974 -0.00894231 -0.0151807 -0.00895817 -0.018472 -0.00197099 -0.0811561 -0.0912765 0.0232568 -0.027951 -0.00729085 -0.0132538 0.0990196 0.184629 0.0722854 -0.0307753 -0.0261958 -0.0473801 -0.00384033 -0.0132507 -0.0173224 0.0117629 -0.0264509 0.0731634 -0.00649319 -0.137289 -0.0444015 0.0818768 0.0684187 0.0634787 -0.000602687 -0.00885267 0.0681057 0.0452145 -0.106689 -0.0083176 -0.0079893 0.0249038 -0.00288257 -0.00074034 -0.000326559 -0.00489781 -0.122887 -0.0346935 -0.0325784 -0.00402902 0.00525362 -0.0314343 -0.0561935 0.0353328 -0.0445271 0.00110485 0.00297072 -0.0369424 0.000359559 -0.00178043 0.0418554 0.0365761 -0.00224282 0.0638689 0.0936726 -0.131785 0.0242328 -0.0022556 -0.020169 -0.00929663 0.042516 0.0431121 -0.0148979 -0.0264463 -0.0131954 -0.121668 -0.00731264 -0.0571076 -0.00674144 -0.0221164 -0.010309 -0.0237799 0.104348 -0.028921 -0.110724 -0.0322617 0.0604237 -0.0148814 -0.00646682 0.0318268 -0.0136577 -0.00207452 0.0279246 0.0864509 0.111228 0.000481884 0.156444 -0.00830145 0.0968494 
0.00285757 0.00230811 0.0514058 -0.0757817 0.13656 0.0417362 0.00540848 0.0436788 0.00956065 0.00930224 0.00108444 0.0355338 0.0631599 -0.0108605 0.0319473 -0.00168998 -0.00854679 -0.0409806 -0.0793899 -0.0285758 0.0027475 0.0131479 0.0485861 0.00135742 -0.0220894 -0.0125677 -0.0111466 0.0185238 -0.0429162 -0.00288193 0.0593867 -0.00818283 -0.0426823 -0.0286479 -0.0196122 0.000182355 7.66188e-05 -0.0403442 -0.0105118 0.0721312 0.00372945 0.00340005 -0.0188914 0.00345603 0.00121924 -0.0138253 -0.00165881 0.0515022 -0.010896 -0.00338085 0.000251738 -0.0171013 -0.00701154 -0.0198109 -0.0323721 0.0422064 -0.000719626 -0.00469808 0.0108739 -0.000536552 -0.00106767 -0.020294 -0.027708 0.000640507 -0.0389653 -0.0465477 0.0979783 -0.00557158 -0.000353204 0.0226205 -0.00357855 -0.0196528 -0.0124637 -0.00415144 0.010239 -0.00424995 0.101821 0.00137892 -0.000774867 0.00224194 -0.00251667 0.0107864 0.00947933 -0.0422087 0.0242541 0.0426966 0.00796066 -0.034664 -0.00710489 0.0131312 -0.0229082 -0.000744263 -0.00108264 -0.0215758 -0.0436817 -0.0416795 -0.000683315 -0.060723 0.00349173 -0.032781 
0.0236282 -0.00172623 0.104128 -0.126974 0.0417362 0.242398 0.0050187 -0.0020348 0.0058143 0.0135931 0.000432049 0.058479 0.0949591 -0.0210705 -0.0113333 0.00257611 -0.0284042 -0.0611629 -0.139457 -0.0638006 0.0304517 0.0237581 0.0227461 -0.0020686 0.0454286 0.0234455 0.0136037 0.0305051 -0.0221415 0.00658998 0.118268 0.0441445 -0.0375083 -0.0533663 -0.0667989 -0.000514879 0.00195081 -0.0444294 -0.0505078 0.0684575 -0.00636472 -0.00174522 -0.00960693 0.00478497 -0.00278802 -0.00532968 -0.000675884 0.0986575 0.0333199 0.02709 0.000211573 -0.00877698 5.62124e-05 0.048231 0.000181664 0.0190491 -0.00332507 0.000444904 -0.0121551 -0.00228888 0.000707493 -0.0487591 -0.0606018 -0.00141515 -0.0249493 -0.0638136 0.0658656 -0.0359509 0.00137941 0.0183582 -0.00107341 -0.0550776 -0.0469307 -0.000785398 0.023456 0.00713305 0.0623166 0.00609114 0.0376878 -0.00670409 0.0425239 0.000813801 0.00801396 -0.0673436 0.0254623 0.0800181 0.0327646 -0.0376251 0.0190251 -0.0183834 -0.0471887 0.00494171 0.000409698 -0.028213 -0.0739473 -0.087884 -0.000278263 -0.130904 -0.00118898 -0.065734 
0.00193638 8.18829e-05 0.00241302 -0.00894231 0.00540848 0.0050187 0.0190943 0.00486512 0.000837765 0.000127422 0.000354574 0.00385775 0.00423518 -0.00127066 0.0058707 3.14573e-05 -0.000131372 -0.00541101 -0.00924125 -0.00310842 -0.00121193 0.000813828 0.0120934 -3.58939e-05 -0.00180615 9.35122e-05 -0.00128159 0.00451683 -0.00606925 -0.000276846 0.00995415 0.00218998 -0.00470492 -0.00316458 -0.00358275 -4.71064e-05 0.000110741 -0.00395469 -0.00292355 0.00556511 -0.000101873 0.000303092 -0.00314863 -0.000390614 -0.000128452 -0.00135428 -0.000220207 0.00508426 0.000390783 0.00153002 -6.6656e-05 -0.00218552 0.00029243 -0.00181111 -0.00377347 -0.0012287 -9.91119e-05 -0.000231499 -0.00105874 -9.71246e-05 -3.86196e-05 -0.00204181 -0.00319219 0.000183528 -0.00351276 -0.00595117 0.00556887 2.37326e-05 0.000526732 0.00263199 -0.000314661 -0.000558221 -0.00166613 -8.63155e-05 0.00265358 -0.000254759 0.0111505 -0.000150154 -0.00137332 0.00279966 -0.00511769 0.000103727 0.00432179 -0.00574917 0.0026848 -0.00111422 0.000826885 -0.00358899 -0.000387353 0.00362314 -0.00163532 -0.000523729 -0.000104579 -0.00500832 -0.00482476 -0.00448795 0.000145698 -0.00682426 0.00116575 -0.00391442 
-0.00760268 -0.00252472 0.0175437 -0.0151807 0.0436788 -0.0020348 0.00486512 0.223618 0.00567953 0.00717387 -0.000757464 0.000395684 0.0573471 -0.011393 0.0319222 -0.00329023 -0.00289713 -0.0196946 -0.0232288 -0.0238819 -0.0128702 -0.00734506 0.0260997 -4.78164e-06 -0.0325359 -0.0104471 -0.0215789 0.0158372 -0.0499233 -0.0103114 0.00922808 -0.0251294 -0.0305817 -0.0298535 -0.0109507 -0.000405027 -0.00360779 -0.0331465 -0.000567151 0.0682537 0.00274529 0.00130697 -0.00060866 0.000826614 -0.0015167 -0.0103677 -0.00223307 0.00271527 -0.0256802 0.000502871 -0.000357488 -0.00849396 -0.0168593 -0.00142292 -0.0290615 0.0131351 -0.00101357 -0.00771524 -0.00855075 0.000275978 -0.00129043 -0.00370406 -0.000894748 -0.00105939 -0.0170147 0.00792145 0.0611907 -0.00539105 -0.000925983 0.0102705 -0.00470677 -0.0338457 -0.0219814 -0.00520063 0.0131446 -0.0101045 0.0751641 -0.00505756 -0.0210507 -0.000646991 0.0167087 0.00416044 -0.0035721 0.0204084 0.00962121 0.0259946 -0.0123258 -0.0301396 -0.0154367 0.0169045 -0.0304856 -0.00112468 -0.00194457 0.013654 -0.00676882 -0.0167814 -0.000945308 -0.0194219 -0.00388959 -0.026958 
1.73669e-05 -6.47814e-06 0.00782358 -0.00895817 0.00956065 0.0058143 0.000837765 0.00567953 0.0196963 -0.00012266 1.24327e-05 0.00165128 0.00653643 -0.000931596 0.00274181 0.000392668 0.000263215 -0.00526249 -0.00877713 -0.00421726 -0.00133418 0.00247097 0.00695138 -0.000185397 -0.00234821 -0.00163481 -0.000629043 0.00556182 -0.00573051 -0.000207909 0.00302073 -0.00145678 -0.0050509 -0.00347439 -0.00341332 -4.68154e-05 0.00047261 -0.00466665 -0.000687282 0.00982222 0.00153005 0.000484995 -0.00150677 4.77943e-05 -0.000148648 -0.00157534 -0.000172404 0.00435238 -0.00195367 -0.000644177 0.000950303 -0.00186136 -0.000550318 -0.00372487 -0.00397164 0.00263008 0.000809204 -0.00051721 -0.00174862 -8.73099e-05 -0.000143897 -0.00234531 -0.00292491 0.00119562 -0.00431432 -0.00499525 0.00966693 -0.000585443 0.00029824 0.00247855 -0.000886411 -0.00277166 -0.00155451 -0.000549342 0.000189656 -0.000740763 0.012603 0.000890024 -0.00148933 0.00249874 -0.00290126 0.00248244 0.00131236 -0.00467497 -0.000685976 0.000824869 -0.000506657 -0.00419854 -0.00075158 0.00201142 -0.000566083 0.000310918 -8.95955e-05 -0.000465108 -0.00451251 -0.00545787 -8.87525e-05 -0.00709327 5.81078e-05 -0.00405515 
-0.0108349 7.8852e-05 -0.00284947 -0.018472 0.00930224 0.0135931 0.000127422 0.00717387 -0.00012266 0.0382317 0.000464882 -0.00216214 0.0173175 -0.00103444 0.00130494 0.000632427 -0.000514114 -0.0115929 -0.0183509 -0.00848772 0.006157 -0.00235405 0.00107611 0.000948759 -0.000553776 0.000341786 -0.0018641 0.000670218 -0.00696501 -0.000781505 0.0149256 0.00200146 -0.00867099 -0.0065721 -0.0025798 0.000111427 0.000885538 -0.00906935 -0.0029006 0.0148053 0.00010702 -0.000357591 -0.000982342 -3.26097e-05 0.000636161 -0.000230799 0.000627328 0.0142859 -0.00301175 0.00770998 -0.000109226 -0.00392665 -0.000217214 0.00779807 -0.00661189 -0.00392053 -0.000189979 -0.00154481 0.00407237 -0.000180339 -0.000329468 -0.00429238 -0.00598185 0.000479581 -0.0102541 -0.0114403 0.0155257 -0.00392981 2.385e-05 0.000408249 -0.00127732 -0.00631545 -0.00475044 -0.000604823 0.00566466 0.00311437 0.00926616 0.00617583 0.00828318 -0.000732002 0.011176 0.0033206 0.00322992 -0.0117107 0.007516 0.0186351 0.00296011 -0.00837337 0.00255233 -0.00132917 -0.00712333 -0.000260873 -1.14063e-05 -0.0084256 -0.00942755 -0.00943494 -0.000169536 -0.0141867 0.00217443 -0.00748376 
-0.00212389 0.000633895 1.22398e-05 -0.00197099 0.00108444 0.000432049 0.000354574 -0.000757464 1.24327e-05 0.000464882 0.00514402 -0.000739571 0.00017214 0.000176246 0.000984549 -6.37458e-05 -0.000236606 -0.000669128 -0.00220162 -0.000857024 0.00107496 -0.000362766 0.0012927 -2.87482e-05 -0.000117309 4.2267e-05 -0.000192557 4.26769e-06 0.000196907 0.00145417 0.000499983 0.00142243 -0.00041104 -0.000720378 -0.000686112 1.54508e-05 4.11213e-05 -0.000907444 -0.000823016 -0.000697128 0.000370653 6.6107e-05 -0.000375632 7.31314e-05 4.18668e-05 -0.000209415 -5.48615e-06 0.000585275 0.000343853 0.000149104 5.66666e-05 7.35979e-05 4.04162e-05 -0.00103692 0.000263019 0.000100662 -4.27902e-05 -0.000120923 0.00105335 -1.28012e-05 0.000663409 0.000212168 -0.00069067 0.00060857 -0.000733286 -0.00122933 0.000452297 -2.96121e-05 -7.48387e-06 0.000906488 -0.000139234 -0.000318613 -0.000349685 -0.000118891 0.00120212 0.000995967 -0.000140212 0.000611269 0.000279838 0.000181058 -0.000208673 0.000314855 0.00157263 -0.00133098 0.0015579 -0.000349777 0.000137651 -0.000299846 3.55478e-06 3.99152e-05 -0.000968549 -0.000135338 6.40356e-05 -0.000703166 -0.00109513 -0.00108257 -1.53196e-05 -0.00181127 0.000429791 -0.000838798 
0.0651629 0.000607817 0.0317744 -0.0811561 0.0355338 0.058479 0.00385775 0.000395684 0.00165128 -0.00216214 -0.000739571 0.166671 0.0374049 -0.0141413 -0.00195016 -0.00223394 -0.0138565 -0.0419761 -0.0871922 -0.0211417 0.010887 -0.00302872 0.028829 -0.00146661 -0.00408374 0.0184175 -0.00950317 0.0124029 -0.0451495 -0.00450183 0.0718809 0.0220655 -0.0462534 -0.0355942 -0.0291527 -0.000413047 0.000570247 -0.0506258 -0.0320867 0.040292 -0.00309712 -0.00261191 -0.0384826 0.0054353 -0.000865431 -0.00766493 -0.00123396 0.102809 0.014838 0.0224893 -9.78954e-05 -0.0130564 0.012331 0.0562675 -0.0348658 0.0490626 -0.00177876 -0.00868876 0.00893809 -0.000997768 -0.00240601 -0.0190816 -0.0124802 -0.000586854 -0.0523977 -0.0232965 0.0654536 -0.0132067 0.00111064 -0.0015009 -0.0118942 -0.0236956 -0.0180519 -0.00417323 -0.00423116 0.00610906 0.0643341 -0.00307106 0.0277238 -0.00265676 -0.0304796 -0.000113874 0.0080746 -0.0254839 0.00725924 0.0565314 0.0183747 -0.0396185 0.00454305 0.00270745 -0.0247277 0.000927287 -0.00127864 0.0168417 -0.0445755 -0.0552124 -0.000939886 -0.0612159 0.00250549 -0.0433236 
-0.0179884 0.00112338 0.0735698 -0.0912765 0.0631599 0.0949591 0.00423518 0.0573471 0.00653643 0.0173175 0.00017214 0.0374049 0.21145 -0.00333475 0.0038626 -0.000652765 -0.00431127 -0.0715742 -0.102468 -0.0604268 0.0336454 0.0290486 0.0358948 0.00104614 -0.0014317 0.00945495 -0.00633316 0.02234 -0.0538443 -0.00474554 0.07877 0.0150201 -0.0156111 -0.0210953 -0.0283794 -0.00026916 -0.00542671 -0.0568231 -0.0119722 0.0592162 -0.00185265 0.000663241 0.0144907 0.00300319 0.000819948 0.00240642 -0.000220792 0.0831372 0.0111705 0.0330404 0.000292368 -0.0308626 -0.0114836 0.0066343 -0.041701 0.027483 -0.00172487 -0.00665136 0.00384126 -0.00138701 -0.000284415 -0.0443173 -0.0363093 -0.00143016 -0.0564587 -0.0623075 0.080259 -0.0244599 0.000378315 0.0184571 -0.000883004 -0.047705 -0.0263563 0.000194671 0.0213798 -0.000520171 0.0822502 0.00200207 -0.000498654 -0.00558792 0.00635761 0.00358597 0.00368608 -0.055125 0.025556 0.0782062 0.00895383 -0.0190945 -0.000714589 -0.00596042 -0.0442976 0.000769399 4.58593e-05 -0.029922 -0.0757353 -0.0713382 -0.00118089 -0.0748456 -0.000346014 -0.0351122 
-0.0255305 9.35135e-05 -0.0143684 0.0232568 -0.0108605 -0.0210705 -0.00127066 -0.011393 -0.000931596 -0.00103444 0.000176246 -0.0141413 -0.00333475 0.0721139 0.00238986 -1.97947e-05 0.00413612 -0.00758432 0.0203758 -0.0108538 0.00120026 -0.0080547 -0.00702014 -0.00085747 -0.00495219 0.000264813 -0.00354933 -0.00408148 0.0304107 0.00107101 -0.0189318 -0.00431639 0.0426596 0.0304378 0.0217816 -0.000147471 -0.000896186 -0.0116168 0.0212643 -0.0191029 0.000342655 -0.00150676 0.00942474 0.00019239 6.48119e-05 0.00541882 -0.000923182 -0.010752 0.00100941 -0.00469253 -0.000600411 -0.00435708 -0.00397549 -0.0239212 -0.00653111 -0.0115391 0.000303192 -0.00289598 -0.00468195 0.00024947 -0.00027502 0.000784337 -0.000287038 -8.13931e-05 0.00154906 0.00482167 -0.0191853 -0.000400049 -0.000282179 -0.00324242 -0.00056693 0.00996791 0.0118975 -0.00288882 -0.00248616 -0.00135376 -0.0188808 -9.48051e-05 -0.00860887 0.00196986 -0.0185999 0.00113226 -0.00152724 -0.00571542 -0.00569697 -0.0174168 -0.00477016 0.0203392 -0.00418531 -0.00480636 0.00917724 -0.00245646 -0.00040043 -0.018124 0.0068164 0.00823841 -0.000297757 0.0316661 0.00130612 0.0266237 
-0.031578 0.00403552 -0.00282342 -0.027951 0.0319473 -0.0113333 0.0058707 0.0319222 0.00274181 0.00130494 0.000984549 -0.00195016 0.0038626 0.00238986 0.107729 0.00151739 -0.00144308 -0.0258717 -0.0334213 -0.0119007 -0.00271931 -0.00455789 0.0338928 -0.000800634 -0.0149298 -0.00678861 -0.00763403 0.0100167 -0.00426882 -0.00207671 0.0215737 -0.00597824 -0.00777393 -0.00144145 0.0181932 4.21389e-05 -0.000188527 -0.0205151 0.0136022 0.0214034 0.00778492 0.00642202 -0.00723356 -0.00112844 0.00162471 0.00331981 -0.000763822 0.00690232 -0.00735887 -0.00686344 0.000704454 -0.00468928 0.005463 -0.0369733 -0.0212496 -0.00018 -6.21187e-05 -0.002157 0.0114131 -0.000511751 -0.000495627 -0.00723997 -0.00835669 0.000563162 -0.0130936 -0.0248992 0.0271664 -0.00519777 0.000137957 0.0105019 -0.00233585 -0.00108312 -0.00191082 -0.000593546 0.0171727 -0.00355038 0.03549 0.00173604 -0.0120202 0.00786376 -0.0246341 0.0105217 0.00578411 -0.0214671 0.0132157 -0.0156086 -0.00575506 -0.000826092 -0.00686132 0.0297483 0.0303575 -0.00342903 -0.000754836 -0.02404 -0.0251312 -0.00740161 -0.000331775 -0.00999375 0.00466828 -0.00746367 
-0.00700175 0.000389093 -0.00428769 -0.00729085 -0.00168998 0.00257611 3.14573e-05 -0.00329023 0.000392668 0.000632427 -6.37458e-05 -0.00223394 -0.000652765 -1.97947e-05 0.00151739 0.0210392 0.00921088 -0.000887296 -0.00609444 -0.00422864 -0.000123683 0.00313302 -0.00039585 0.00177477 -0.00111877 -0.000357235 0.000728267 -0.00115471 -0.00109171 0.000121384 0.000672418 0.000321927 -0.00292188 -0.00143681 -0.0030263 2.8949e-05 0.00040812 0.00247237 0.00297165 0.00204299 -0.000112959 0.00127364 0.00255305 -0.000519152 -5.25387e-05 0.00343972 0.000242583 -0.00298687 0.000875155 0.00198708 0.000522293 -0.00101819 -0.00110101 0.000450025 0.00110117 -0.00236833 0.000259229 0.00528669 -0.00157589 0.000227987 0.000208923 -0.00245645 -0.000922834 0.000202709 0.00248656 -0.00602101 0.00117667 -0.00198535 1.05103e-05 -0.000781449 0.00844853 -0.0014987 -0.000882088 -0.000275822 0.00475993 -0.000337433 0.00169038 0.00125242 -0.00036179 0.000413121 0.00252996 0.00158113 0.00173193 -0.00583505 0.000211721 0.00203133 0.00107041 -0.0023089 0.00312509 7.89214e-06 -0.00333443 -0.000431174 0.000130545 -0.00534554 -0.00276389 -0.00298124 0.00090957 -0.0040127 0.000137028 -0.00116124 
-0.00865646 -0.000742921 -0.0193376 -0.0132538 -0.00854679 -0.0284042 -0.000131372 -0.00289713 0.000263215 -0.000514114 -0.000236606 -0.0138565 -0.00431127 0.00413612 -0.00144308 0.00921088 0.0882136 -0.000873663 0.00700242 -0.0119119 -0.0049274 0.0211963 -0.00317634 0.00413188 -0.00218797 -0.00416283 -0.00315142 -0.00327527 -0.0194838 -0.00320623 -0.0207098 -0.00521658 -0.0160774 -0.00284015 -0.00852024 0.000590397 0.00570688 0.0181461 0.0122056 0.000805026 0.00492371 0.0031778 -0.00435692 -0.00205047 0.000984175 0.00508449 0.00242155 -0.0284718 -0.00515789 -0.0027908 0.00234568 0.00599412 0.00564937 -0.00275421 0.00109503 -0.00606239 0.00157642 0.0121181 0.00397347 0.00219006 0.000173886 -0.00388438 0.0207402 0.00159833 0.0250725 -0.0110039 0.00132061 0.00429906 -3.68826e-05 -0.00310951 0.0258738 -0.000970773 0.00213218 0.00859846 0.000378784 -0.000420022 0.000743482 0.00163155 0.000749301 0.00678352 0.00782269 0.000459912 0.00503377 -0.0153612 0.000354025 -0.00246114 -0.00543582 -0.0109055 0.00424602 -0.00302707 -0.00579082 -0.000146888 0.00158899 -0.0172106 0.00566868 7.73463e-05 0.00114525 -0.00270854 0.0005305 -0.00399482 
0.0594954 -0.0033645 -0.0505718 0.0990196 -0.0409806 -0.0611629 -0.00541101 -0.0196946 -0.00526249 -0.0115929 -0.000669128 -0.0419761 -0.0715742 -0.00758432 -0.0258717 -0.000887296 -0.000873663 0.210384 0.0988137 0.103347 -0.0226925 0.0115805 -0.0281531 0.00270531 -0.0153537 -0.0205905 0.0104841 -0.0188433 0.00960366 -0.00261496 -0.0857093 -0.0300469 -0.0191854 -0.044817 -0.0402617 -0.000221465 -0.000705551 0.0964948 -0.0506467 -0.0405958 -0.00539559 -0.00173347 -0.051936 -0.00342342 -0.00062928 -0.0269907 -0.00310292 -0.0897241 -0.026851 -0.0217746 -0.00240562 0.0210046 -0.0186033 -0.00929215 0.0762351 -0.0121995 0.000859336 0.0176304 -0.0179986 0.00200587 -0.000714937 0.0747046 0.0339428 -0.00204219 0.0694882 0.0988111 -0.0665673 0.0311417 -0.00123447 -0.0116594 0.0148121 -0.00974201 -0.0259704 -0.00435978 -0.0166794 -0.00258325 -0.0704887 -0.00103599 -0.031903 -0.00428135 0.0161426 -0.00697752 -0.0139802 0.102984 -0.0129553 -0.067885 -0.0200205 -0.0407621 -0.011649 -0.0212452 -0.0249818 -0.00782723 -0.000425455 0.077808 0.105141 0.056673 0.00218851 0.0482597 -0.00484389 -0.00896999 
-0.016955 -0.00220878 -0.0871971 0.184629 -0.0793899 -0.139457 -0.00924125 -0.0232288 -0.00877713 -0.0183509 -0.00220162 -0.0871922 -0.102468 0.0203758 -0.0334213 -0.00609444 0.00700242 0.0988137 0.24998 0.0778703 -0.0384034 -0.0352347 -0.0489211 -0.00212912 -0.0127922 -0.0141636 -0.00233112 -0.031179 0.0639636 -0.00360407 -0.124498 -0.0347882 0.0661636 0.0621703 0.0600195 -0.000201852 -0.00546099 0.0793466 0.0415829 -0.0725333 -0.00552354 -0.00923599 0.023125 -0.0061996 -0.00021743 -0.000218639 -0.00560772 -0.117924 -0.0212315 -0.0344431 -0.00327643 0.00436011 -0.0340784 -0.0443618 0.0320464 -0.0476663 0.00145389 -0.00437098 -0.0348701 0.00120112 -0.00238107 0.0553098 0.0442629 -0.00175947 0.0529289 0.0996574 -0.124284 0.0336086 -0.00210578 -0.0219132 -0.01198 0.0516148 0.0369311 -0.00282795 -0.0288938 -0.0131857 -0.124268 -0.00824299 -0.0577527 -0.0032614 -0.0230692 -0.0100559 -0.0179986 0.101574 -0.0353778 -0.105904 -0.0299464 0.054955 -0.0123434 -0.0116321 0.0174854 -0.0127402 -0.00195171 0.0257352 0.105245 0.110313 7.67198e-07 0.137374 -0.00873596 0.0831603 
0.0515513 -0.00113741 -0.0348375 0.0722854 -0.0285758 -0.0638006 -0.00310842 -0.0238819 -0.00421726 -0.00848772 -0.000857024 -0.0211417 -0.0604268 -0.0108538 -0.0119007 -0.00422864 -0.0119119 0.103347 0.0778703 0.177224 -0.0210651 -0.0149057 -0.0194481 -0.00192469 -0.00786318 -0.0068428 -0.00362653 -0.0150412 -0.0128831 0.000153152 -0.0394596 -0.00933099 -0.00612593 -0.0266044 -0.0177065 -0.000333889 -0.00346091 0.0437228 -0.0394004 -0.0320676 -0.00267624 -0.00330662 -0.0374163 -0.0026624 4.16883e-05 -0.0190183 -0.00233043 -0.0407372 -0.00390199 -0.0122761 -0.00107636 -0.0204743 -0.00942776 0.00519435 0.0166195 -0.00624336 0.000749759 -0.000836897 -0.00526251 0.000352789 -0.0028812 0.0522597 0.0262988 -0.00105982 0.0140164 0.0659325 -0.0475741 0.0304108 -0.000420036 -0.00874416 -0.010266 0.0116963 -0.0107083 -0.0012366 -0.010642 -0.00711344 -0.0457135 -0.00317405 -0.0194095 -0.00101647 -0.0302248 -0.00511367 -0.0011099 0.0699634 -0.0124991 -0.0424927 -0.00843618 -0.0152269 -0.00729376 -0.0129427 -0.00681148 -0.00358624 -0.00147087 0.0556654 0.0754043 0.0434241 0.0012549 0.0622053 -0.00384794 -0.00152335 
-0.0354388 9.4814e-05 0.016877 -0.0307753 0.0027475 0.0304517 -0.00121193 -0.0128702 -0.00133418 0.006157 0.00107496 0.010887 0.0336454 0.00120026 -0.00271931 -0.000123683 -0.0049274 -0.0226925 -0.0384034 -0.0210651 0.115331 0.0284016 0.00192059 -0.000190681 0.000369114 0.026463 0.0110106 0.0133063 0.00545855 0.00684761 0.0115298 0.00908263 -0.00282849 0.00698841 -0.00193155 0.000348812 -0.000331311 -0.0132205 -0.0101265 -0.0175257 -0.000617784 0.00683985 0.0204443 3.80338e-05 0.000238119 0.0113243 -0.000441775 0.00963395 0.000644322 0.00490679 -2.25339e-05 0.00382746 0.0140634 -0.00553604 -0.00212925 0.00617086 -0.00101466 0.00113803 0.00357824 -0.000802937 0.00523694 -0.0146986 -0.0161316 -0.000309793 -0.021243 -0.0311063 -0.00397908 -0.0131255 0.000640244 0.0122678 0.00828538 -0.0171428 -0.0122569 0.0013499 0.00903094 0.00347419 -0.00598109 0.0053689 0.0249925 -0.00163811 0.0161871 0.00119799 -0.00348978 -0.03441 0.0153637 -0.00288511 -0.0081648 0.00325191 -0.00657819 -0.00221192 -0.00632319 0.000496385 0.00244576 -0.0118147 -0.0287564 -0.0286321 -0.000432383 -0.0233121 -0.000132449 -0.00959374 
-0.00584266 -0.00128748 0.0122365 -0.0261958 0.0131479 0.0237581 0.000813828 -0.00734506 0.00247097 -0.00235405 -0.000362766 -0.00302872 0.0290486 -0.0080547 -0.00455789 0.00313302 0.0211963 0.0115805 -0.0352347 -0.0149057 0.0284016 0.1193 0.00415315 0.00542072 -0.000774197 0.00319628 0.0161327 0.0148169 -0.0224102 -0.00139728 -0.00450479 -0.00580382 -0.0310327 -0.0191564 -0.0247787 0.000453584 0.00247385 0.0173936 -0.0155533 0.00324839 0.00209672 0.0122697 -0.00618451 0.0028492 -2.96426e-05 -0.0024408 0.000554981 -0.0238687 -0.00979373 -0.00357826 -0.000475845 0.0073671 0.00754334 -0.0268153 0.0205643 0.0185851 -0.00016049 0.0236735 -0.00163678 0.000225044 0.00375189 -0.0117873 -0.0107802 -7.03028e-05 0.0238812 -0.0295452 0.00532828 -0.00769622 -5.50182e-05 0.00881631 0.0375018 -0.0197558 -0.0149347 0.0102742 0.000189817 -0.000689038 0.0121882 0.00340077 0.0100322 0.000300404 0.0310963 -0.00218064 -0.00622099 -0.0202977 0.0064138 -0.00494944 -0.00608616 -0.0176011 -0.00592052 -0.0077217 -0.0152441 -0.00374521 0.00319283 -0.00515945 -0.0194664 -0.0179831 0.000901839 -0.0294997 0.000127124 -0.0185474 
0.0023264 0.00303177 0.0206144 -0.0473801 0.0485861 0.0227461 0.0120934 0.0260997 0.00695138 0.00107611 0.0012927 0.028829 0.0358948 -0.00702014 0.0338928 -0.00039585 -0.00317634 -0.0281531 -0.0489211 -0.0194481 0.00192059 0.00415315 0.0953445 0.000154902 -0.0129011 0.00242303 -0.00559025 0.0197372 -0.0323378 -0.00273305 0.0508987 0.00727349 -0.0274587 -0.017615 -0.0152893 -4.52301e-05 -0.00113473 -0.0241665 -0.00943503 0.0402223 0.00495104 0.00184962 -0.0130236 -0.000596234 -0.000264965 -0.00785053 -0.00128648 0.0263572 -0.00691106 0.00516794 4.88522e-06 -0.0112213 0.000147028 -0.0104788 -0.0226082 0.0042321 -0.000801869 -0.00386935 0.00216725 -0.000438261 -0.00116564 -0.0150062 -0.0171892 -0.000654581 -0.0217825 -0.0329837 0.0485375 0.00163579 0.000816677 0.0124375 -0.00215886 -0.00864458 -0.00595169 -0.000339605 0.0163687 -0.00352117 0.0640981 -0.00143178 -0.00663827 0.00388451 -0.0167817 0.00187064 0.00974876 -0.0271671 0.0265687 0.0041282 0.00150751 -0.022588 -0.00454991 0.0161767 -0.00638062 -0.00282748 -0.000595938 -0.0255179 -0.0268207 -0.026757 -0.000430185 -0.0379215 0.000227647 -0.0200885 
-0.00361302 -5.23263e-05 -0.00235092 -0.00384033 0.00135742 -0.0020686 -3.58939e-05 -4.78164e-06 -0.000185397 0.000948759 -2.87482e-05 -0.00146661 0.00104614 -0.00085747 -0.000800634 0.00177477 0.00413188 0.00270531 -0.00212912 -0.00192469 -0.000190681 0.00542072 0.000154902 0.0118432 -0.00123913 -0.000604642 0.00110019 5.03445e-05 -0.00294526 -0.000261826 -0.00182 -0.000951747 -0.00313925 -0.00201319 -0.0017839 0.000142267 0.000906088 0.00420141 -0.00106949 0.00178015 -0.000174111 8.06907e-05 -0.00161593 0.000192902 -5.27925e-05 -0.000912814 0.000207896 -0.00300135 -0.00116504 -0.00056808 9.26299e-05 -0.000901548 -0.000426025 -0.00217075 0.00127825 -0.00101797 -6.98476e-05 0.00389502 0.00030787 0.000174395 -4.36375e-05 0.000527414 -0.000434554 1.77894e-05 0.00166548 -0.00193698 0.00301253 -0.000164408 -6.57571e-05 -6.05914e-05 0.00537596 -0.000474538 -0.000338937 0.00202238 0.000645434 -7.12902e-05 0.00183637 0.000827769 -0.000522823 -0.000224733 0.00392258 1.99268e-05 -0.000482941 -0.00282491 0.00219204 0.000432356 -0.000661617 -0.00229417 -0.000528503 0.000584578 -0.00229749 -0.000306418 0.000572062 -0.00212259 -0.00103004 0.000272653 0.000193075 -0.00236072 1.60775e-05 -0.00122817 
0.0181785 -0.000318854 0.00101029 -0.0132507 -0.0220894 0.0454286 -0.00180615 -0.0325359 -0.00234821 -0.000553776 -0.000117309 -0.00408374 -0.0014317 -0.00495219 -0.0149298 -0.00111877 -0.00218797 -0.0153537 -0.0127922 -0.00786318 0.000369114 -0.000774197 -0.0129011 -0.00123913 0.127006 0.0137988 0.0173543 0.00113846 0.0250608 0.00361344 0.0123919 0.0249427 0.0102928 -0.0152755 -0.0213227 0.000141121 0.00430432 0.00527439 -0.0170156 -0.0158957 -0.00061387 -0.0026105 -0.0110064 -0.00274862 -0.000897635 -0.00294101 0.00300908 0.000597211 0.0224307 0.00608449 0.000270814 0.00651265 0.00588388 0.0336461 0.0122695 -0.0129853 0.000167837 0.00253767 -0.00268497 -0.000809734 -0.00127993 -0.0183837 -0.00536664 -0.000831536 0.0254642 -0.00814675 -0.0326954 -0.0139102 0.000659277 -0.00442466 -0.000243007 -0.0134381 -0.0134758 0.00668471 0.00563916 0.0148429 -0.0361911 -0.00245549 0.00811334 -0.00277676 0.0244633 -0.00271592 -0.00187445 -0.00596913 0.0154266 0.00482425 0.0151287 0.00668319 0.0172133 -0.0101519 0.00131904 -0.00231365 -0.000140168 -0.0245618 -0.0115184 -0.0263825 0.0001123 -0.0281541 -0.00327516 -0.0201578 
-0.0151455 0.000280598 0.0103457 -0.0173224 -0.0125677 0.0234455 9.35122e-05 -0.0104471 -0.00163481 0.000341786 4.2267e-05 0.0184175 0.00945495 0.000264813 -0.00678861 -0.000357235 -0.00416283 -0.0205905 -0.0141636 -0.0068428 0.026463 0.00319628 0.00242303 -0.000604642 0.0137988 0.0786277 0.00683015 0.012485 -0.00510118 0.00851973 0.0220278 0.0302965 0.00875063 0.00327896 0.000902751 0.000374692 -0.000579135 -0.017319 -0.0111965 -0.0184562 -0.00140893 -0.00160653 0.00975157 0.000250779 -9.3986e-05 -0.000700346 -0.000371792 0.0190354 0.019785 0.0072293 -0.000160673 -0.00654011 0.00538069 0.0198776 -0.0150618 -0.0119463 -0.000467475 -0.00349345 0.000456814 -0.000454627 -0.000337883 -0.00927757 -0.00280498 -5.12361e-05 -0.0208504 -0.0139717 -0.0103524 -0.00706189 0.00109429 0.00108268 -0.00332378 -0.00236837 -0.00422335 -0.00129589 0.0029833 -0.00064582 -0.00834264 -9.47611e-05 0.0136025 -0.00119498 -0.00395776 -0.00117561 -0.00154346 -0.015331 0.00157311 -0.00389933 0.00283284 0.0110861 -0.00152184 -0.00100836 -0.0139667 0.00124185 0.00178609 -0.013708 -0.00478975 -0.0192275 -0.000387 -0.0162272 0.000917425 -0.012102 
-0.00104031 -0.000549241 -0.00344623 0.0117629 -0.0111466 0.0136037 -0.00128159 -0.0215789 -0.000629043 -0.0018641 -0.000192557 -0.00950317 -0.00633316 -0.00354933 -0.00763403 0.000728267 -0.00315142 0.0104841 -0.00233112 -0.00362653 0.0110106 0.0161327 -0.00559025 0.00110019 0.0173543 0.00683015 0.0700494 0.00637841 0.0100163 0.00603092 -0.0187249 -0.00411839 -0.0140407 -0.00794504 -0.0105387 0.000202911 0.000922001 0.0317571 -0.0113618 -0.00622123 -0.000629563 0.0010635 -0.00509046 4.92368e-05 -0.000397717 -0.0059664 0.000212655 -0.018871 -0.00675638 -0.00361434 0.000341456 0.0226776 0.0079052 -0.0126568 0.0215767 -0.00901178 -0.000522342 0.0141086 0.00620502 -0.000397923 0.0012195 0.00598294 -0.00302224 3.87785e-05 0.0241397 -0.0125093 -0.0169224 -0.00413883 -0.000190124 0.000710399 0.00934973 -0.00372194 -0.00409623 0.00119239 -0.00381709 0.00024704 -0.0151131 0.00622709 0.00126466 -0.00151168 0.0302062 -0.00126654 -0.00334955 -0.0143131 0.00169997 -0.016797 -0.00318117 -0.00901742 -0.00157502 0.00120645 -0.00672716 0.00112475 0.00308574 -0.0139155 0.0047611 -0.00360146 9.22382e-05 -0.0217158 -0.000375849 0.000139044 
-0.00589017 -0.000586034 0.0287219 -0.0264509 0.0185238 0.0305051 0.00451683 0.0158372 0.00556182 0.000670218 4.26769e-06 0.0124029 0.02234 -0.00408148 0.0100167 -0.00115471 -0.00327527 -0.0188433 -0.031179 -0.0150412 0.0133063 0.0148169 0.0197372 5.03445e-05 0.00113846 0.012485 0.00637841 0.0638378 -0.0139632 0.000257093 0.0214353 0.00295354 -0.0151736 -0.0102921 -0.0130004 -3.36502e-05 -0.000718256 -0.015789 -0.00972403 0.014653 9.9059e-05 0.00127511 -0.0023569 0.00240465 -0.000447497 -0.00350422 0.00023967 0.0101059 -0.00505112 -0.00147327 0.000227209 -0.0051804 0.00722047 -0.00624869 -0.00702572 -0.0030456 -0.000504886 -0.00245781 0.0030921 -0.000390007 -7.60634e-05 -0.0102397 -0.0105769 7.29037e-05 -0.0121965 -0.0187446 0.0138981 -0.00320976 0.000917257 0.0142089 -0.000846233 -0.00815214 -0.00604986 -0.00164609 0.00290128 -0.00237487 0.0267833 0.000331215 0.0107258 0.001218 0.00285031 0.000412053 -0.00205089 -0.0188457 0.00684381 -0.00813408 -0.00221643 -0.0117165 -0.00259709 0.00448457 -0.00695923 -0.00113478 0.00170953 -0.0101136 -0.0148292 -0.0182131 -0.000274148 -0.0244251 -0.000371806 -0.0132947 
-0.0574743 -0.00154601 -0.0311402 0.0731634 -0.0429162 -0.0221415 -0.00606925 -0.0499233 -0.00573051 -0.00696501 0.000196907 -0.0451495 -0.0538443 0.0304107 -0.00426882 -0.00109171 -0.0194838 0.00960366 0.0639636 -0.0128831 0.00545855 -0.0224102 -0.0323378 -0.00294526 0.0250608 -0.00510118 0.0100163 -0.0139632 0.219599 0.0178437 -0.0608278 -0.0137068 0.0946754 0.0586541 0.0728745 0.000109444 -0.00467468 -0.00315297 0.0332244 -0.060365 -0.00518773 -0.00588088 0.0274037 -0.00194645 0.000132675 0.00152517 -0.00328581 -0.0294712 6.99815e-05 -0.0236969 -0.00255639 0.0203647 -0.0116518 -0.069837 0.0612899 -0.0248916 -0.00118619 0.000913402 -0.012869 -0.00183982 1.0222e-05 0.00045776 -0.0231836 -0.00185739 0.0365999 0.0229835 -0.0835334 -0.0154317 -0.00113626 -0.0106635 -0.00449633 0.0300848 0.0188517 -0.012683 -0.00383619 -0.00368432 -0.0785475 -0.00282052 -0.021573 -0.00678216 0.00492231 -0.00182548 -0.015135 0.0245652 -0.00307528 -0.0709321 -0.0182276 0.0676437 -0.0109614 -0.00832952 0.0393247 -0.00885063 -0.00161226 -0.0310713 0.0044211 0.0311984 0.000114104 0.0528909 -0.000619308 0.0546605 
-0.0180727 -0.000262318 0.00202846 -0.00649319 -0.00288193 0.00658998 -0.000276846 -0.0103114 -0.000207909 -0.000781505 0.00145417 -0.00450183 -0.00474554 0.00107101 -0.00207671 0.000121384 -0.00320623 -0.00261496 -0.00360407 0.000153152 0.00684761 -0.00139728 -0.00273305 -0.000261826 0.00361344 0.00851973 0.00603092 0.000257093 0.0178437 0.0369122 0.00323847 0.0116684 0.0119396 0.00658143 0.00408556 0.000320958 0.00031663 -0.00329541 -0.00593868 -0.00917107 -0.000562733 -0.00020762 0.00556857 -0.000346996 -0.00018473 -0.00029456 -0.000423714 0.0062337 0.0142276 -0.00125455 2.47025e-05 0.00079946 -0.00193409 -0.00699402 0.00479359 -0.00226027 -0.000244161 0.000970148 -0.00178869 -0.000191389 0.00183574 -0.000211085 -0.00597225 0.000901039 -0.00509537 -0.00871734 -0.00859825 -0.00296386 -2.45379e-05 0.00145623 -0.000505961 0.00219467 -0.0026638 -0.000328981 0.00259021 1.99691e-05 -0.00682397 0.00207038 -0.00266954 0.000976032 -0.000983789 0.00014145 0.000887679 -0.00933149 0.0015988 -0.00560618 0.000728461 0.013954 -0.000880535 -0.00138253 -0.00510772 -0.000906352 0.000276599 -0.00719315 -0.00171283 -0.00631904 -3.63311e-05 -0.00664308 0.000487324 -0.00213027 
0.013041 0.00198589 0.0735597 -0.137289 0.0593867 0.118268 0.00995415 0.00922808 0.00302073 0.0149256 0.000499983 0.0718809 0.07877 -0.0189318 0.0215737 0.000672418 -0.0207098 -0.0857093 -0.124498 -0.0394596 0.0115298 -0.00450479 0.0508987 -0.00182 0.0123919 0.0220278 -0.0187249 0.0214353 -0.0608278 0.00323847 0.208397 0.0633379 -0.0314724 -0.0380352 -0.0365157 -0.000229876 0.00157387 -0.074087 -0.0311733 0.0713253 2.67746e-06 0.00341379 -0.0183 -0.00491654 -0.00089383 0.00233624 0.00140304 0.121659 0.0504217 0.0343796 -0.00110424 -0.0308967 0.00419122 0.0617139 -0.0608096 0.0162338 -0.00109122 -0.01247 0.000927972 -0.00140514 -0.00315171 -0.043673 -0.044056 -0.0015114 -0.0681658 -0.0880813 0.0909576 -0.0187343 0.00134522 0.0155181 -0.0149765 -0.030681 -0.0297004 0.00731143 0.0258518 0.00465606 0.0856724 -0.00171172 0.0260134 -0.000257134 -0.0235496 0.00482536 0.0220055 -0.0797422 0.0161163 0.0985865 0.0402301 -0.0194659 0.0173519 -0.000207206 -0.0296939 0.0056219 -0.00181185 -0.0409828 -0.0635793 -0.0777602 -0.00127234 -0.104349 0.00251282 -0.0611925 
-0.00530846 0.00328432 0.00422808 -0.0444015 -0.00818283 0.0441445 0.00218998 -0.0251294 -0.00145678 0.00200146 0.00142243 0.0220655 0.0150201 -0.00431639 -0.00597824 0.000321927 -0.00521658 -0.0300469 -0.0347882 -0.00933099 0.00908263 -0.00580382 0.00727349 -0.000951747 0.0249427 0.0302965 -0.00411839 0.00295354 -0.0137068 0.0116684 0.0633379 0.0913481 0.00632036 -0.00332561 -0.0109609 0.000100592 0.000908528 -0.0247757 -0.0157657 -0.0158947 -0.00103598 -0.00194806 -0.00132072 -0.00101934 -0.000384966 0.00500735 0.000918623 0.0407935 0.0472508 0.0302725 1.2995e-05 -0.010897 0.0057175 0.034453 -0.0198407 -0.0145104 -0.000887735 -0.00423136 0.00186994 -0.000496143 -0.000629264 -0.0157337 -0.0167275 0.000149143 -0.0215683 -0.0315625 0.0008605 -0.00978567 0.00156591 -0.00150065 -0.00468134 -0.0060186 -0.00759176 0.00661422 0.00858357 0.00764882 -0.00386236 -0.00128702 0.00730879 0.00210259 -0.0161085 -0.00134631 0.0183054 -0.029207 0.00625189 0.0271377 0.023312 0.0124568 0.0144577 -0.00630741 -0.0194563 -0.00205367 -0.000313687 -0.0257966 -0.016354 -0.0260483 -0.000432503 -0.0358115 0.00072474 -0.0204706 
-0.0948384 -0.000112819 -0.00464555 0.0818768 -0.0426823 -0.0375083 -0.00470492 -0.0305817 -0.0050509 -0.00867099 -0.00041104 -0.0462534 -0.0156111 0.0426596 -0.00777393 -0.00292188 -0.0160774 -0.0191854 0.0661636 -0.00612593 -0.00282849 -0.0310327 -0.0274587 -0.00313925 0.0102928 0.00875063 -0.0140407 -0.0151736 0.0946754 0.0119396 -0.0314724 0.00632036 0.204075 0.100729 0.0894641 -0.000445891 -0.00521041 -0.0517494 0.0733457 -0.0802298 -0.00557392 -0.0067876 0.0684852 0.00111584 -0.000602551 0.0262224 -0.00330405 -0.0158904 0.0261468 -0.00742048 -0.00220079 -0.0312467 -0.0216757 -0.0510729 -0.021791 -0.0395142 0.000423854 -0.0117459 -0.0312856 -0.000541314 0.000485387 -0.0239347 -0.0323105 -0.00111331 -0.0135485 -0.00789175 -0.0701616 -0.0101675 -0.00123395 -0.0120547 -0.0116774 0.0414901 0.0403698 -0.00778085 0.00162589 -0.00602891 -0.0698675 -0.00659422 -0.0312246 -0.00457424 -0.0581927 -0.0029982 -0.0125402 0.00156168 -0.0154886 -0.044776 -0.00928455 0.122392 -0.00702938 -0.00462167 0.032036 -0.0085916 -0.00145671 -0.043204 -0.0127616 0.059606 7.6723e-05 0.0954292 -0.00402621 0.0839673 
-0.105468 0.00134832 -0.0196829 0.0684187 -0.0286479 -0.0533663 -0.00316458 -0.0298535 -0.00347439 -0.0065721 -0.000720378 -0.0355942 -0.0210953 0.0304378 -0.00144145 -0.00143681 -0.00284015 -0.044817 0.0621703 -0.0266044 0.00698841 -0.0191564 -0.017615 -0.00201319 -0.0152755 0.00327896 -0.00794504 -0.0102921 0.0586541 0.00658143 -0.0380352 -0.00332561 0.100729 0.146527 0.106786 0.000124055 -0.00353744 -0.0280797 0.097344 -0.0685707 -0.00424378 -0.00408968 0.0845704 -0.00258631 0.000137025 0.0358547 -0.0021327 -0.0164997 0.00653163 -0.00824094 -0.00156177 -0.0221523 -0.0131556 -0.0560076 -0.0356325 -0.0282902 0.000598074 -0.00660011 -0.0196682 -0.00039893 0.00193621 -0.0258275 -0.02764 -0.00036399 -0.0327525 -0.0366021 -0.0515902 -0.00780748 -0.000809213 -0.00795343 -0.0026132 0.0583168 0.0691606 -0.00444756 -0.00552446 -0.00706683 -0.0423888 -0.00316144 -0.0220834 -0.000685785 -0.0505514 -0.00206255 -0.00726917 -0.0277491 -0.0161169 -0.0388541 -0.0123121 0.110591 -0.00895584 0.00997783 0.0402706 -0.00551451 -0.000428836 -0.0429609 -0.0298813 0.0520441 -0.000342003 0.0873758 -0.00313275 0.0985817 
-0.107078 0.00147079 -0.0331942 0.0634787 -0.0196122 -0.0667989 -0.00358275 -0.0109507 -0.00341332 -0.0025798 -0.000686112 -0.0291527 -0.0283794 0.0217816 0.0181932 -0.0030263 -0.00852024 -0.0402617 0.0600195 -0.0177065 -0.00193155 -0.0247787 -0.0152893 -0.0017839 -0.0213227 0.000902751 -0.0105387 -0.0130004 0.0728745 0.00408556 -0.0365157 -0.0109609 0.0894641 0.106786 0.165513 0.000521185 -0.00273845 -0.0270038 0.090212 -0.0478925 -0.00434736 -0.00344825 0.072592 -0.00339596 0.00304565 0.0236992 -0.00238341 -0.00294103 -0.00168416 -0.0077021 -0.00146513 -0.0210489 -0.0134601 -0.0638033 -0.0324999 -0.0212211 0.000104833 -0.00794721 -0.00732703 -0.000277463 -6.29821e-05 -0.0109691 -0.0257059 -0.000551644 -0.0390844 -0.0350097 -0.0412351 -0.0125157 -0.00094921 -0.00752546 -0.00903532 0.0605111 0.0540464 -0.00896934 -0.00987351 -0.00760618 -0.0393901 -0.00396398 -0.025867 -0.00424528 -0.0490618 0.000814549 -0.00853496 -0.02763 -0.0158366 -0.0349054 -0.0137672 0.0924398 -0.0115614 0.0242961 0.0391976 -0.00663714 -0.00119815 -0.0410005 -0.028074 0.0631037 -0.000351279 0.0756883 0.00444843 0.0954789 
