0.21078 -0.0354382 -0.00579565 0.0738915 -0.00896991 -0.0483333 -0.00361588 -0.00198331 -0.00250763 0.00931535 -0.000641507 -0.000908696 0.000590318 -0.0653183 -0.0333823 -0.00260754 0.0381141 0.000156614 0.0285348 -0.000509117 0.0299922 -0.000255318 -0.00329319 -0.00017522 -0.000172231 -0.00147594 0.00115678 -0.00603284 -0.000955708 -0.00208838 -0.00743245 0.00112167 0.0121073 0.0143534 0.00449908 0.0104766 -0.02163 -0.000159925 -0.000530025 -0.0169318 0.00820049 0.0100216 -0.0019584 0.000144764 0.0272184 -0.0877011 -0.00770471 -0.00402532 -0.00106254 -0.0368472 -0.0553626 -0.00074252 1.98656e-05 0.00215343 -0.00275512 -0.000333244 -0.00398473 -0.000378182 0.00780558 -0.0350833 0.0485667 -0.0611668 0.0387044 -0.0110979 0.00298495 -0.0778417 -0.00712754 0.00163584 0.00225227 0.00750591 0.00739244 0.0160432 0.0632024 -0.00230935 -0.00664122 -0.000167912 0.00157356 -0.000583715 0.00350196 0.0101888 0.0369883 -0.0099961 -0.00755906 -0.00948421 -0.0124497 -0.000224404 0.0362958 -0.00322209 0.037446 4.23093e-05 -0.00109116 -0.0248813 -0.00285361 -0.000656857 -0.000265176 -0.00551728 0.00112744 -0.0190317 -0.000136862 -0.0327169 
-0.0354382 0.167608 -0.00178991 -0.0533517 0.00158176 0.000280354 -0.00211717 -0.000788908 -0.00319951 0.0118299 -0.000936556 0.000175617 0.00113363 0.00877104 0.0146809 0.000647269 -0.0145902 -0.000629149 -0.0300196 -0.000418631 -0.0211324 -0.00066331 -0.000163592 -0.00012124 -0.00515749 -0.0054069 -0.0337774 -0.00437783 -0.000556809 4.10872e-05 -0.00764356 -0.00206244 0.0021288 -0.0140864 -0.00406664 -0.0237566 0.0226047 0.0189124 -0.000398103 0.00090709 0.0070074 0.0254969 -0.00108951 -0.000107138 -0.0198902 0.0408748 0.0178267 -0.00330095 0.000981652 0.0121511 0.0235257 -0.000848794 -0.000968701 -0.00264907 0.00200469 0.0464909 -0.00258636 -0.000819531 -0.00993333 0.00796081 -0.0353661 0.0344513 -0.0212846 0.0156984 -0.0035235 0.0439987 -0.00141568 -0.00801448 -0.0030024 -0.00305534 -0.0104694 -0.00769473 -0.0651514 0.00111364 -0.00679022 -0.000255114 -0.00314223 -0.00328519 -0.011678 0.00713679 -0.0340035 -0.0175543 0.00444469 -0.00477598 -0.000122072 -0.000121349 -0.0306149 -0.00308875 -0.0269541 -3.05664e-05 -0.000823607 0.0165473 0.000738004 0.000685118 -0.000166292 -0.00269111 -0.00197193 0.00802321 -0.000623424 0.0480533 
-0.00579565 -0.00178991 0.0284527 -0.00579941 0.0119871 3.43326e-05 -0.000353556 0.00315622 -0.000563636 -0.00215016 0.00437019 -3.56556e-05 -0.000140568 -0.000273355 -0.00405012 -0.000220295 -0.00434683 0.00073825 -0.0040026 -5.4096e-05 -0.00195423 0.000407545 -0.000601328 9.63824e-05 0.000439522 0.000516367 -0.00563027 0.0104831 0.00015399 0.00321961 0.0132153 0.000579992 -0.00604122 0.000743217 0.000473729 0.00107261 -0.015718 -0.0143894 0.000593716 0.00431171 -0.0156412 -0.0110968 0.00129207 4.6085e-05 -0.00319766 -0.00963153 -0.000483385 0.00890684 0.00068576 -0.000173241 -0.00305028 8.50121e-05 0.00266782 -0.000560108 0.00260364 -0.00454759 -0.000687782 0.00154646 -0.00146763 -0.00112313 -0.0149895 -0.00693484 -0.00340387 -0.00138235 0.00256695 -0.0118912 0.00141072 -0.000389056 -0.000576682 -0.00052437 -0.00103081 -0.00172286 0.010061 0.000737307 0.00612664 5.88988e-05 0.000306419 0.00894605 0.0139806 -0.0159012 -0.00165198 -0.00434791 0.00088169 0.0145144 0.000478628 0.00115948 0.00122201 -0.000402886 -0.00225254 0.000190558 0.00176045 0.016019 -0.000306644 -6.73893e-05 9.38764e-05 -0.00114558 0.000412218 0.0152354 0.000683628 -0.00523272 
0.0738915 -0.0533517 -0.00579941 0.249709 -0.00192673 -0.0104671 -0.0077741 -0.00230849 -0.00097876 -0.00106499 -0.00140721 -0.00161934 0.00412617 -0.0518694 -0.0446514 -0.000174146 0.0232861 -0.00277453 -0.020143 -0.000891382 -0.0246828 -0.00148069 0.00168813 -0.000624531 -0.00753106 0.004698 0.0115333 -0.000456863 -0.000562674 0.000848376 0.00880142 -0.0028919 0.00569866 0.0119977 -0.00302022 0.0251615 0.0222654 0.0503839 -0.000938579 -0.0141971 0.00468329 0.0362867 0.00159247 -9.89555e-05 0.0353054 -0.0326428 -0.00383675 -0.00190233 -0.00123685 -0.0771217 -0.0398809 0.000167089 -0.00146998 0.00248305 -0.00599854 0.00257473 -0.0072754 0.000358056 -0.0104217 -0.0330582 0.0422957 -0.0322754 0.0104886 -0.00433943 0.010401 -0.0151081 -0.00146652 -0.00265232 -0.00476322 -0.00672287 0.0137976 0.00489107 0.0900226 -0.000349885 -0.00889259 -0.000527736 -0.0111089 0.00225501 0.00188429 0.00544487 -0.000397431 -0.0505174 -0.00937368 -0.00552565 -0.0102357 -0.000251584 0.0138806 -0.00717349 -0.00393738 -0.00108849 -0.00198684 -0.0487088 -0.00280197 -0.00131884 -0.0002763 -0.0208688 -0.00197185 -0.0170064 0.000104333 -0.0228261 
-0.00896991 0.00158176 0.0119871 -0.00192673 0.0449229 -0.00746507 0.00167994 0.00221977 -0.000526834 -0.00311391 0.00314532 -4.23767e-05 -0.000672357 -0.00676746 0.00313673 -0.000111153 0.00173668 -2.82753e-05 -0.00283043 -0.000104777 -0.00695485 0.00116771 0.00183024 0.000271162 0.00349842 0.000610936 -0.00731733 0.0107358 0.00111476 0.00289071 0.0154408 1.11971e-05 -0.0143919 -0.00284433 -0.000583332 -0.00354199 -0.0125838 -0.0106016 0.00067674 0.00465722 -0.0157652 -0.00489427 0.00131637 3.21306e-05 0.000695582 -0.0033746 0.0010082 0.00851684 0.000409688 -0.0089104 -0.00214153 0.000157732 0.00237323 -0.000348549 -0.000130655 -0.00513738 -0.000689501 0.00144292 -0.00205287 -0.00376552 -0.0153136 -0.0166074 -0.00353194 0.00852912 0.000819794 -0.00440541 0.00317855 0.00115307 -0.000801432 -0.000245597 -0.00212108 0.000494268 -0.0052638 0.0028959 0.00270959 4.39075e-05 0.00350706 0.0107793 0.0119309 -0.0124757 0.000514099 -0.00468979 0.00212218 0.0111671 0.0065958 0.000439266 0.00289715 0.000622166 -0.00391411 -3.25e-05 0.00207285 0.00483999 -0.000297455 -6.20595e-05 0.000205135 0.000604439 -0.000468216 0.00636487 0.000265157 -0.00520115 
-0.0483333 0.000280354 3.43326e-05 -0.0104671 -0.00746507 0.212732 -0.00521346 -0.00207447 -0.00304511 0.0116752 -0.000740608 0.000312628 -0.00115901 0.0767428 -0.00512212 0.00210219 -0.048349 -0.000335336 -0.0412799 -0.000509362 -0.0169283 -0.00241488 -0.00576523 -0.000491066 -0.00525699 0.00279183 0.00755318 -0.00619143 -0.000945521 -0.0021691 -0.00932088 0.00159319 0.0163186 -0.0182871 -0.0054614 -0.0191763 0.0472532 0.0251346 -0.000674053 -0.0175824 0.0139393 -0.0555591 -0.00222755 -0.000230121 -0.0340999 0.055668 -0.00901942 -0.0024449 -0.00086424 0.0216332 0.021377 -0.00124762 -0.00163541 -0.00492848 -0.00345386 0.0305276 -0.00361835 0.00021978 -0.0050218 -0.0144648 -0.0651615 0.0806042 -0.0259629 -0.00182787 -0.00779444 0.0446318 0.00698982 -0.00882565 -0.00525186 -0.00449017 0.00706688 -0.0202801 -0.0139958 -0.00152428 0.00606789 -0.000227624 -0.00397591 -0.00570227 -0.00980585 0.0103913 -0.0622996 -0.00720136 -0.00398381 0.00117728 -0.00538653 0.000346089 -0.042251 -0.00401873 -0.0331002 -0.000431293 -0.00140263 0.0418168 -0.000561007 0.000203454 -0.000238615 -0.0124746 -0.00119292 0.00675208 -0.00121482 0.0202206 
-0.00361588 -0.00211717 -0.000353556 -0.0077741 0.00167994 -0.00521346 0.0205621 -4.81622e-05 0.000272433 -0.00165313 -0.000161278 0.000243128 -0.000284693 -0.00605242 -0.0019782 -0.000102741 0.000391938 -0.000180709 0.00850394 0.000690923 0.0134101 -4.35822e-05 -0.000484168 -2.49093e-05 -0.000576258 -0.000399041 0.00708068 -1.06148e-05 -6.05065e-05 4.00045e-05 0.000253671 -0.000187795 -0.0015324 -0.00130249 -0.000407306 -0.000575879 -0.013082 -0.0133558 0.000126408 -0.00205799 -0.0064504 -0.00725762 -9.0835e-05 2.18337e-05 -0.00570568 -0.00701604 -0.000598674 0.000370589 1.8913e-05 0.000946046 0.00137878 0.000435155 -4.63839e-05 0.000494278 0.00320505 -0.00457443 -0.000506939 -9.72042e-05 0.00118388 -0.00297608 0.00232704 -0.010743 0.00623331 -0.000955459 0.000103221 0.00217586 0.000116297 -0.000918006 0.000450963 -0.000382292 -0.000865719 0.00433638 -0.00170414 0.000476591 -0.000479896 1.1229e-05 -0.000647436 -0.000260642 -0.000814604 -0.00125279 0.0116595 -0.00389412 -0.000299751 -0.000147907 0.000162151 -6.09293e-05 0.0143491 0.00519404 0.0104899 3.92494e-06 0.000118047 -0.00390247 2.02925e-05 5.26984e-05 6.00381e-05 0.0131774 6.82592e-05 -0.000610478 0.000114458 -0.00611438 
-0.00198331 -0.000788908 0.00315622 -0.00230849 0.00221977 -0.00207447 -4.81622e-05 0.00889352 -9.65595e-05 -0.000121565 0.00127667 3.03487e-05 -0.000200138 0.00152029 0.00090825 -7.25213e-05 -0.00133694 0.00141597 -0.000770821 -3.99588e-06 -0.00178887 -3.93003e-05 -0.00015244 6.54637e-05 0.000418042 0.000854001 -0.00311568 0.00218859 0.000122098 0.000296354 0.00257955 0.000125541 -0.0054 -0.000381201 -3.21361e-05 -0.000564565 -0.00448121 -0.00451904 0.000590137 0.00271324 -0.00515788 -0.00311309 2.39695e-05 0.000116828 -0.00146171 0.000954828 8.73681e-05 0.000512042 0.000264806 0.00112673 0.00314307 7.30501e-05 0.000166946 0.00093397 0.000140832 -0.00222554 -0.000193554 0.00201611 -0.000384895 0.0023851 -0.0041055 -0.00513398 -0.00106843 -0.000419802 -0.000151226 -0.0039026 0.0007677 1.93163e-05 -0.000154537 -7.30315e-05 -0.000464882 -0.000359605 -0.0017531 0.000315562 0.00214213 3.6601e-05 0.000619526 0.00275796 0.00313689 -0.00513052 0.00172496 0.000404823 0.00360411 0.00318916 0.0001003 0.000105209 -0.000993819 0.000457512 -0.00107914 0.000171666 0.000886173 0.00176156 0.000180304 -2.15498e-05 1.38009e-05 -0.000131139 -8.63159e-05 0.00253937 0.000807055 0.000784792 
-0.00250763 -0.00319951 -0.000563636 -0.00097876 -0.000526834 -0.00304511 0.000272433 -9.65595e-05 0.0201655 -0.0015343 -0.000104292 -4.05528e-05 -2.70087e-05 -0.00227955 0.00136636 0.00064291 -0.000874181 -0.000118061 0.00172339 8.10075e-05 -0.00136674 3.37331e-06 0.000844806 -3.40988e-05 0.000870273 0.000234288 -0.00406782 -0.000259493 8.13175e-05 -1.26297e-05 -0.000498283 2.4318e-05 -0.00157377 0.000841339 -0.000123598 0.00114727 0.00331994 -0.0038072 0.000311337 -0.000600662 -0.00141355 0.00515864 0.000106573 1.45453e-05 0.0052155 -0.00460761 0.000524563 -0.000227576 0.000112398 0.00197882 -0.00250355 8.03307e-05 -0.000120918 0.000278046 -0.000273058 -0.000629928 0.00453881 -9.15097e-05 -0.000944725 -0.00259129 0.00185413 -0.00175174 -0.00232772 0.00078685 -0.000639931 -0.00710551 0.000202734 0.00476386 9.39532e-05 0.000522685 0.00222125 0.00230315 -0.00488807 0.000885703 8.02287e-05 0.000178198 0.00168905 0.000496134 -0.000512828 -0.000903741 -0.00129632 0.00861107 0.000731791 0.000281663 0.000587608 1.17918e-05 -0.00240102 -0.000308089 -0.00235297 -1.46285e-05 -1.70682e-05 -0.00304643 1.65792e-05 -6.97792e-06 -2.51561e-05 -0.00071102 -0.000187463 -0.00175108 -7.29139e-05 -0.00429186 
0.00931535 0.0118299 -0.00215016 -0.00106499 -0.00311391 0.0116752 -0.00165313 -0.000121565 -0.0015343 0.0850809 -3.77313e-05 0.000743024 -0.00125786 -0.00207641 -0.00734016 -0.00038845 -0.00290287 -0.000283997 -0.0106278 -0.000163877 -0.0178626 -7.28815e-05 -0.000784096 0.000169594 -0.00257938 -0.00134443 -0.0190951 -0.00159246 -0.00017803 0.00115625 -0.00390044 -0.000111075 0.00279873 -0.00467094 0.000564369 -0.0106201 0.0179716 0.0179379 0.000203304 0.0179011 0.00506923 0.000716165 -0.000715894 -1.02675e-05 -0.0065124 0.00738446 0.0114499 -0.00122622 0.000725734 -0.0140743 -0.0176493 -0.00040565 0.000939144 -0.000918708 -0.00101044 0.0299661 -0.000376438 0.00187442 -0.00311263 -0.00453184 -0.0247422 0.00718491 -0.000551931 0.00874166 -0.00318108 -0.00729511 -0.000417629 -0.000959224 -0.00132021 0.00269025 -0.00165864 -0.00370363 -0.0207671 -0.000475359 -0.000636911 -0.000107131 0.000163127 -0.00191744 -0.00374983 0.00274848 -0.0185608 0.00500452 0.000462803 -0.00313901 0.00370503 -0.000322773 -0.0145214 -0.00140371 -0.0103583 0.000326521 -0.000198168 -0.0212192 0.00179429 5.73024e-05 -3.73709e-05 -0.00440994 0.00110138 -0.00360171 -0.000168261 0.0280441 
-0.000641507 -0.000936556 0.00437019 -0.00140721 0.00314532 -0.000740608 -0.000161278 0.00127667 -0.000104292 -3.77313e-05 0.00806179 1.47787e-05 -0.000137739 -0.00114266 -0.00104446 -1.91013e-05 -0.00110277 0.000426964 -0.000833285 -7.47972e-06 -0.0012975 0.000390187 -0.000103544 0.000288144 0.000888131 0.00107235 -0.00187445 0.00159812 0.000406174 0.000145962 0.00293873 3.38617e-05 -0.0018648 -9.46803e-05 0.000170488 0.000147858 -0.00404869 -0.00267692 0.000547671 0.00147702 -0.00379007 -0.00208161 7.52646e-05 6.51005e-05 0.00126095 -0.00291956 -0.000234916 0.000732358 7.34805e-05 -0.00185207 -0.00125935 7.61714e-06 0.000217271 -1.17095e-05 0.000213487 -0.000514335 -0.00011136 0.000836972 -0.00038878 -0.000223999 -0.00406187 -0.00246548 -0.000955093 -4.63084e-05 0.00086231 -0.00328044 -0.000129977 0.000996066 -0.000159539 0.00087705 -0.000379036 -0.000161668 0.00119383 4.08522e-05 0.00174507 2.71976e-05 0.000430035 0.00300207 0.00426437 -0.00380145 -0.00062707 6.54125e-05 3.8652e-05 0.00194289 -0.000266004 0.000471113 0.000374064 -8.95592e-05 -0.00107696 2.41243e-05 0.00040541 0.00304915 -1.45717e-05 -9.62933e-06 9.93008e-05 -0.000426031 9.77255e-05 0.00198893 0.000798595 -0.00206141 
-0.000908696 0.000175617 -3.56556e-05 -0.00161934 -4.23767e-05 0.000312628 0.000243128 3.03487e-05 -4.05528e-05 0.000743024 1.47787e-05 0.0037112 4.87801e-05 8.60273e-05 -3.73424e-05 -5.97068e-06 -0.000208922 -1.51315e-05 -0.000273727 6.43011e-05 -8.06686e-05 4.94622e-05 0.000105289 4.92625e-06 -4.34307e-05 0.000109391 0.000303246 -6.62219e-06 2.86483e-05 4.01121e-07 -9.65897e-05 8.85249e-05 -9.34131e-05 -8.02262e-05 -5.14168e-05 0.000238195 -0.000407033 0.000240778 8.84415e-05 -0.000253341 -0.000287378 -0.000672024 0.000104216 1.82064e-05 -0.00101798 0.000547066 0.000630934 -3.4574e-05 3.9677e-05 -0.000342477 -0.000520977 1.30504e-05 -1.14094e-05 -1.49484e-05 -2.36312e-05 0.000352999 -9.86286e-05 4.86892e-05 0.000542171 -0.000336167 -0.000595805 0.000542744 3.22919e-05 0.000374096 -8.3622e-05 0.000753446 -8.29866e-05 -2.10959e-05 2.16871e-05 4.16161e-05 -7.7812e-05 -0.000211802 -0.000749719 -2.06802e-06 0.000132689 5.49684e-06 -0.000101159 -2.0021e-05 -0.000164804 -0.000495076 -6.11013e-05 -0.000554349 -8.52194e-05 -5.29207e-05 0.00057874 3.1819e-05 -0.000305125 0.000213645 -0.000181839 -1.19805e-06 2.24129e-05 -0.000795903 1.48566e-05 7.95405e-05 9.07465e-05 0.00042575 0.000414622 -5.19231e-05 0.000108431 -0.000512584 
0.000590318 0.00113363 -0.000140568 0.00412617 -0.000672357 -0.00115901 -0.000284693 -0.000200138 -2.70087e-05 -0.00125786 -0.000137739 4.87801e-05 0.0232383 -0.00481209 -0.00223955 0.000655053 0.0033666 -0.000231581 -0.00175548 -3.79872e-05 -0.00146933 -2.7287e-05 0.00321614 -4.20139e-05 -0.000680688 -9.15727e-05 -0.00338752 -0.000354474 -6.17287e-05 0.000429068 -0.000611487 0.000175871 0.000240487 -0.00125573 -0.000420709 -0.00186203 0.00253221 0.00174291 -4.74546e-05 -0.00266817 0.000642611 0.00766561 -0.000102335 -1.4074e-05 0.0063665 -0.00519194 7.54295e-05 -0.000110906 -5.18623e-05 -0.00313653 -0.00464946 -9.82729e-05 -0.00017284 -0.000191024 -0.000176836 0.00261167 0.000197946 -0.000153804 -0.000688164 -0.00373169 0.0026952 0.00386122 -0.00249267 -0.000985672 -0.000349316 -0.00527114 -5.14234e-05 7.81029e-05 0.000986421 -0.000524594 -0.000859143 0.000194609 -0.000373094 -8.84845e-05 -0.000469582 2.78007e-06 -0.000973776 -0.000545741 -0.000691721 0.00045874 -0.00237754 0.00223057 -0.000590898 -0.000441725 0.0010294 -7.13539e-05 -0.00309621 -0.000391766 -0.00254978 -5.89466e-05 -0.000111182 -0.00132837 -0.000123759 -5.87247e-05 -1.34465e-05 -0.000145311 -0.000229296 -0.00143875 -3.54316e-05 0.000552487 
-0.0653183 0.00877104 -0.000273355 -0.0518694 -0.00676746 0.0767428 -0.00605242 0.00152029 -0.00227955 -0.00207641 -0.00114266 8.60273e-05 -0.00481209 0.233983 0.033445 -0.000732538 -0.0699791 0.00369376 -0.0527414 -0.000532797 -0.0311719 -0.00306571 -0.00778827 -0.000251858 -0.00172797 -0.00424085 -0.0283321 -0.00719339 -0.00116597 -0.00274228 -0.0109239 0.000412351 0.0112825 -0.0154901 -0.00100752 -0.0256379 0.0427988 0.0420055 -0.000694455 -0.0151596 0.0105127 -0.0712991 -0.00404631 -0.000190754 -0.0654539 0.105971 -0.0109109 -0.00441817 -0.00136738 0.0659206 0.0856301 -0.00161695 -0.00144779 -0.000602554 -0.00533411 -0.00937211 -0.00386473 2.21136e-05 -0.00856306 0.053524 -0.0416101 0.0821305 -0.0408556 -0.015185 -0.0154056 0.0275924 0.00724558 -0.0140825 -0.0092148 -0.0105546 -0.00673906 -0.0208985 -0.0626439 -0.00135507 0.00803062 -6.58864e-05 0.00947231 -0.00511895 -0.00871051 0.00638746 -0.0610405 -0.000257086 0.0093262 -0.00144353 -0.0127415 -0.000178108 -0.0612763 -0.00347372 -0.0460986 0.00026551 -0.000674492 0.0678293 0.00305097 -8.62306e-05 -0.000489639 -0.0176102 -0.000423565 0.00768573 -0.000977505 0.0635314 
-0.0333823 0.0146809 -0.00405012 -0.0446514 0.00313673 -0.00512212 -0.0019782 0.00090825 0.00136636 -0.00734016 -0.00104446 -3.73424e-05 -0.00223955 0.033445 0.127567 -0.000732478 -0.0208677 0.00100639 -0.00832268 -0.000265506 -0.0201705 -0.000558332 -0.000444771 7.76391e-05 0.00841551 -0.00349668 -0.0245806 -0.00212427 0.000751802 -0.0011272 -0.00410083 -0.0017589 0.00114691 -0.00575403 -0.000431243 -0.0140974 0.00631895 0.0137584 -5.92072e-05 0.00341279 0.00775881 -0.0229971 -0.000730327 4.42763e-05 -0.0184373 0.0372889 -0.00317627 -0.00210309 -0.000440011 0.0187018 0.0363976 -0.00050893 -0.00114209 0.00613137 -0.000210399 0.000869446 0.00480579 -0.000600467 -0.00471997 0.0264764 -0.00550534 0.0120309 -0.0142074 0.00587589 -0.00632057 0.0215206 0.000299038 0.00364076 -0.00221706 -0.00453155 -0.00278291 -0.00446673 -0.0578574 0.0019483 -0.0046047 -0.000101827 0.00704903 -0.00290335 -0.00720975 -0.000572034 -0.0199953 0.00764133 0.00693049 -0.00428838 0.00482729 -0.000516113 -0.0199187 0.00261484 -0.0139139 -1.65307e-05 -0.000424258 -0.00475161 0.00042504 0.000694048 -0.000175607 -0.00176143 -0.000941744 -0.00289245 -0.000668853 0.0173845 
-0.00260754 0.000647269 -0.000220295 -0.000174146 -0.000111153 0.00210219 -0.000102741 -7.25213e-05 0.00064291 -0.00038845 -1.91013e-05 -5.97068e-06 0.000655053 -0.000732538 -0.000732478 0.011111 0.000817511 5.72886e-05 0.00084122 2.44885e-05 -0.0019151 0.000386599 0.00080705 6.20649e-07 -8.72576e-05 3.05705e-05 -0.00259827 0.000106333 5.85162e-05 0.000198044 -0.000250533 0.000471117 -0.000978606 -0.000746925 -0.000233916 -0.000784271 -0.000483001 -0.00161438 3.83254e-06 0.00120097 -0.000484274 0.000335503 9.36868e-05 2.00087e-05 0.00202753 -0.00108018 0.000672611 -0.00012825 5.28865e-05 0.00106374 0.000110409 9.52084e-05 -3.83163e-05 -0.000107594 -1.65561e-05 0.00024077 -0.00023565 1.62701e-05 0.000134592 -0.00108997 -0.0046171 0.000731311 -0.00103218 0.000870376 -0.000433277 -0.00324214 0.000763611 0.000278531 0.00206807 0.000302267 -0.000225648 -0.000628795 -0.00189054 4.03431e-05 -0.000334964 8.11966e-06 0.000747543 0.000269752 -0.000454095 -0.000496923 -0.00114266 0.00212576 8.00481e-05 -0.000333897 0.00161562 3.65299e-05 -6.38307e-05 -0.000177897 -0.000965472 -9.42981e-06 -4.52191e-05 -0.000897703 0.000153966 0.000156777 1.22971e-05 -0.000544603 -0.000119409 -0.000897672 -4.05901e-05 0.00134735 
0.0381141 -0.0145902 -0.00434683 0.0232861 0.00173668 -0.048349 0.000391938 -0.00133694 -0.000874181 -0.00290287 -0.00110277 -0.000208922 0.0033666 -0.0699791 -0.0208677 0.000817511 0.157947 -0.0010562 0.0520263 -8.22965e-05 0.0433347 0.0017182 0.00515105 -0.000316548 -0.00414565 -0.00537069 0.0261028 -4.85719e-05 -0.000460545 1.52146e-05 -0.00364354 -0.00317857 -0.0165938 -0.0107898 -0.00145169 -0.0191197 -0.0384544 -0.0468434 -0.00039256 0.0113412 0.0013746 0.00915506 -2.32531e-05 -2.39223e-05 0.0270229 -0.052849 -0.004315 -0.00216389 -0.00047952 -0.0201089 -0.0378658 0.00126436 -0.000430207 -0.0022276 -0.00206698 -0.0293137 -0.0012426 -0.00114198 0.0160863 -0.0319712 0.0248232 -0.0424579 0.0410541 0.00409433 -0.001777 -0.0160609 -0.00255581 -0.00582208 0.0117169 0.00436505 -0.00861353 0.00163682 0.0152434 0.000255111 -0.00115866 1.56532e-05 -0.00669234 -0.00340175 -0.00768665 0.00643601 0.0614163 -0.00798426 -0.00291365 -0.0049307 0.00494299 -0.000390668 0.0580293 -0.000439034 0.0464982 -0.000321295 -0.000474264 -0.0359222 -0.00173404 -0.000693703 -7.47512e-05 0.00348127 -0.00121791 -0.0166015 -0.000511348 -0.0310956 
0.000156614 -0.000629149 0.00073825 -0.00277453 -2.82753e-05 -0.000335336 -0.000180709 0.00141597 -0.000118061 -0.000283997 0.000426964 -1.51315e-05 -0.000231581 0.00369376 0.00100639 5.72886e-05 -0.0010562 0.0105522 -0.000277045 8.48511e-05 -0.00141722 -3.04269e-05 -0.00022403 4.6948e-05 0.00151726 -0.000222774 -0.00347092 -3.34981e-05 1.16829e-05 -1.08581e-05 5.23166e-05 -5.93902e-05 -0.00199288 3.95821e-07 0.00029585 -0.000920011 -0.000229416 -0.00109517 2.318e-05 0.00318689 -0.00128002 -0.00337243 -6.77246e-05 -1.66224e-06 -0.000806639 -0.000291092 -0.00041472 -7.4038e-05 0.000116881 0.00241649 0.000243916 -2.78595e-05 0.000113413 0.000650795 -4.5045e-05 0.000161634 5.11404e-05 0.000104727 -0.000335131 0.000776523 -0.00290269 -0.0027309 -0.00130738 -0.000213324 -0.000208263 -0.00419475 -0.000304051 0.000288717 -0.000231198 0.000423412 -0.000233986 0.000412246 -0.00304526 0.000122519 0.0012212 4.68639e-05 0.00167193 0.000662532 0.00126299 -0.00158497 0.000612455 0.00121767 0.00134053 0.00143597 -0.000620235 0.000112002 -0.00171873 -0.000135368 -0.000508547 0.000191463 9.33778e-05 0.00208297 0.000236616 6.74453e-06 5.65022e-05 -0.000551671 -5.82475e-05 0.000489415 -8.23405e-06 0.00102032 
0.0285348 -0.0300196 -0.0040026 -0.020143 -0.00283043 -0.0412799 0.00850394 -0.000770821 0.00172339 -0.0106278 -0.000833285 -0.000273727 -0.00175548 -0.0527414 -0.00832268 0.00084122 0.0520263 -0.000277045 0.138629 0.00100561 0.0694155 0.00426465 -0.00165996 -5.45321e-05 0.00738715 -0.0018331 0.0250668 0.00290703 0.000309018 -0.001326 -0.00353306 -0.000494783 -0.0170081 -0.00337691 -0.00197541 -0.000206458 -0.0696121 -0.0873712 -7.38969e-05 0.0109292 -0.0042822 -0.0273489 0.00092733 -5.6893e-06 0.00918242 -0.0541489 -0.00604408 -0.000411134 -3.65672e-05 0.0279957 -0.0252758 0.00239996 -0.000459845 -0.00210405 0.00461861 -0.042779 0.0107636 -0.000790269 0.0185229 -0.0188973 0.00217684 -0.0716528 0.0399413 -0.00219888 -0.00709988 -0.0452768 -0.00249576 0.00879515 0.0148421 0.0129216 -0.00249679 0.0106282 0.0121259 1.88761e-05 -0.00286415 8.84785e-05 2.46948e-05 -0.00187872 -0.00436692 0.000348071 0.0712657 0.00876427 -0.00218057 -0.00110202 -0.000300441 -0.000521033 0.0743416 0.00325629 0.0803549 -5.62193e-05 0.000638185 -0.0349443 -0.000397685 -0.000138902 4.71711e-05 0.0182197 0.000588162 -0.0130562 0.000267111 -0.0475932 
-0.000509117 -0.000418631 -5.4096e-05 -0.000891382 -0.000104777 -0.000509362 0.000690923 -3.99588e-06 8.10075e-05 -0.000163877 -7.47972e-06 6.43011e-05 -3.79872e-05 -0.000532797 -0.000265506 2.44885e-05 -8.22965e-05 8.48511e-05 0.00100561 0.00309515 0.00140476 -1.48921e-05 -8.28704e-05 -1.95888e-06 0.000129744 5.47201e-05 0.00109899 -4.03889e-05 -5.93965e-06 -1.12665e-05 -9.28628e-05 0.000100097 -0.000393688 -1.94858e-05 -3.25335e-05 0.000411599 -0.00125611 -0.00149937 6.33388e-05 -0.000289272 -0.00101286 -0.000995164 -3.8942e-07 2.34493e-07 -0.00069322 -0.000666765 -4.17564e-05 2.5133e-05 4.1157e-05 6.86395e-05 -0.000524881 1.77895e-05 -1.11367e-05 -4.30062e-05 2.37654e-05 -0.000308047 0.000138701 -1.76559e-05 0.000549337 -0.000483031 -3.83939e-05 -0.00106983 0.000941136 -2.50887e-05 -6.88941e-05 0.000319936 -6.22316e-05 -7.77718e-05 0.000145181 5.51059e-06 -8.67229e-05 0.000192175 -0.000214027 7.53405e-05 0.000117808 7.35033e-06 7.34115e-05 7.73634e-06 -0.000144111 -0.000275162 0.00106368 -0.000444299 -2.01967e-05 3.59881e-07 7.79414e-05 2.51596e-05 0.00127163 0.000267016 0.00110148 1.96704e-05 -5.81787e-06 -0.000439838 -3.36248e-05 -1.09869e-05 9.12667e-06 0.000943109 5.51942e-05 -0.00022857 0.000100327 -0.000629193 
0.0299922 -0.0211324 -0.00195423 -0.0246828 -0.00695485 -0.0169283 0.0134101 -0.00178887 -0.00136674 -0.0178626 -0.0012975 -8.06686e-05 -0.00146933 -0.0311719 -0.0201705 -0.0019151 0.0433347 -0.00141722 0.0694155 0.00140476 0.168615 -0.000258169 -0.0057149 -0.000360546 -0.00148595 -0.00442461 0.0755596 -0.00306359 -0.000681695 -0.00170953 -0.00616481 -0.00186197 0.0023216 -0.0138787 -0.00313322 -0.0078878 -0.0779068 -0.0814559 -0.000392497 -0.025405 -0.00610743 -0.0645508 -0.00142161 -7.73982e-05 -0.0468019 -0.0627915 -0.00881348 -0.00065161 -0.000139659 -0.00262321 -0.0223747 0.000458487 -0.000125432 -0.000865591 0.00593777 -0.0422421 0.00139966 -0.00138705 0.0257424 -0.0329785 0.0434412 -0.0407778 0.0611388 -0.0121701 -0.00665169 -0.0118059 -0.00593937 -0.00849166 0.00829964 -0.000290232 -0.00901161 0.00578747 0.0493532 -0.00052778 0.00524075 8.8171e-05 -0.00400058 -0.00524581 -0.00724765 0.00483058 0.0738405 -0.026839 -0.00551725 -0.00403106 -0.0117652 0.000277995 0.0862931 0.00712011 0.0884708 -0.000188276 0.000190605 0.00734256 -0.00229704 -0.000455363 0.000271569 0.0349633 0.000583614 -0.00635101 0.0002735 -0.0658643 
-0.000255318 -0.00066331 0.000407545 -0.00148069 0.00116771 -0.00241488 -4.35822e-05 -3.93003e-05 3.37331e-06 -7.28815e-05 0.000390187 4.94622e-05 -2.7287e-05 -0.00306571 -0.000558332 0.000386599 0.0017182 -3.04269e-05 0.00426465 -1.48921e-05 -0.000258169 0.00886069 -0.000122004 9.73088e-05 0.000758707 0.000542321 -0.00225041 0.000792299 0.000208983 -1.67334e-05 0.000995361 -0.000111173 -0.00400533 -0.000105566 4.36798e-05 0.00028919 -0.00361646 -0.00244303 5.65718e-05 0.00231446 -0.00139859 0.000888776 -3.07376e-05 3.00795e-05 0.0041355 -0.00296832 1.29388e-05 0.000578029 0.000156882 -0.00073717 -0.00176891 0.000743866 0.000244711 -3.94634e-05 0.000238059 -0.00143883 0.000584627 7.8053e-05 -0.000275421 -0.00136021 -0.00262168 -0.00443667 -0.000964229 0.000943099 -0.000108972 -0.00332884 -9.88349e-05 0.00189306 0.0018611 0.00156254 0.00131744 -0.000165816 0.000489972 0.00019472 -9.56388e-05 3.13407e-06 0.000603157 0.000975187 0.0014071 -0.000852726 0.000942556 0.000529968 -0.00017629 5.92036e-05 0.000892894 -2.80052e-05 0.00178023 -2.63192e-05 -3.86059e-05 -1.33659e-06 0.000362824 -0.000506214 0.000257259 2.636e-05 0.000148993 -0.000322342 6.06272e-05 -4.98132e-05 6.36484e-05 -0.00197843 
-0.00329319 -0.000163592 -0.000601328 0.00168813 0.00183024 -0.00576523 -0.000484168 -0.00015244 0.000844806 -0.000784096 -0.000103544 0.000105289 0.00321614 -0.00778827 -0.000444771 0.00080705 0.00515105 -0.00022403 -0.00165996 -8.28704e-05 -0.0057149 -0.000122004 0.0287783 -1.24695e-05 -0.000382459 0.00264233 -0.00885526 0.000102527 0.000313184 0.000803719 0.000375233 -0.000112698 -0.000959239 -0.000268586 -0.000598779 -0.000770922 0.00189719 0.00582379 2.59823e-05 -0.000668475 -0.00144805 0.0123935 -0.000266095 -1.04553e-05 0.00862568 -0.00413681 0.00316858 -0.000141421 -0.000113478 -0.00576666 -0.00161051 -1.66061e-05 -0.000217449 0.00174882 -0.000398707 0.00364048 0.00051925 -3.60034e-05 -0.00138839 0.000277734 0.000725351 -0.00352941 -0.00359166 0.00346758 -0.000869427 -0.00386494 -0.000539811 0.00148308 0.000431194 0.000327715 -0.000635128 0.00308314 -0.00660727 0.000969696 -0.00112685 -6.91432e-06 -0.00091164 0.000239627 0.0013866 -0.0023536 -0.00414511 0.00290976 -0.000436706 -0.000246538 0.00575674 5.85034e-05 -0.00326724 0.000435641 -0.00379538 -7.78476e-05 -5.77894e-05 -0.00703875 0.000586526 -4.68451e-05 -3.27212e-05 -0.00134626 -0.000336495 -0.00156588 0.000201236 -0.0048473 
-0.00017522 -0.00012124 9.63824e-05 -0.000624531 0.000271162 -0.000491066 -2.49093e-05 6.54637e-05 -3.40988e-05 0.000169594 0.000288144 4.92625e-06 -4.20139e-05 -0.000251858 7.76391e-05 6.20649e-07 -0.000316548 4.6948e-05 -5.45321e-05 -1.95888e-06 -0.000360546 9.73088e-05 -1.24695e-05 0.00200825 0.000624337 0.000327281 -0.000384494 5.13488e-05 0.000368756 0.000120883 0.000391444 0.000222406 -0.000533247 0.000609675 0.000487698 0.000342032 -0.00107831 -0.000380381 0.000226392 0.000187374 -0.000726879 -0.000439266 -8.67824e-06 2.27148e-05 0.000321331 -0.000661726 4.81283e-05 -1.49998e-05 3.25546e-05 -0.000296071 -0.000336687 -7.85818e-06 2.01811e-05 6.74401e-05 -8.2906e-07 -0.00014226 5.65121e-05 0.000210652 -7.69631e-05 0.000864695 -0.000988671 -0.000700837 -0.000227843 4.17722e-05 0.000290381 -0.00077984 5.16442e-05 0.000555314 -3.00895e-05 0.00018497 0.000150328 2.58361e-05 -0.000391587 0.000122472 -1.44721e-05 8.90596e-06 0.00025579 0.000193915 0.00081669 -0.000943685 -0.00037663 0.000499866 -1.77516e-05 -2.68374e-05 -0.000116893 2.78097e-05 -0.000197671 0.0001758 -0.000201011 1.59548e-05 0.000181587 -0.000332482 0.000119637 3.4962e-05 8.5182e-05 -1.16891e-05 7.84597e-05 0.000326607 0.000229149 -0.000245685 
-0.000172231 -0.00515749 0.000439522 -0.00753106 0.00349842 -0.00525699 -0.000576258 0.000418042 0.000870273 -0.00257938 0.000888131 -4.34307e-05 -0.000680688 -0.00172797 0.00841551 -8.72576e-05 -0.00414565 0.00151726 0.00738715 0.000129744 -0.00148595 0.000758707 -0.000382459 0.000624337 0.0327051 0.00120964 -0.00388599 0.00100705 0.00219204 -0.000153894 0.0020631 -0.000266174 -0.00608711 0.0013705 5.34507e-05 0.00187297 -0.00451639 -0.00940834 0.000596811 0.00249088 -0.00275398 -0.0106262 -0.00028578 -3.38623e-06 0.00609913 -0.00785057 -0.00133802 -8.44087e-05 -0.000102025 0.00251794 -0.000520677 -0.000104695 -3.82674e-05 0.000668607 -0.000327268 -0.00586275 0.00472984 0.000291032 0.000508867 0.00388549 -0.00400994 -0.00663786 -0.00132915 0.000595356 -0.000958987 -0.0140973 -0.000250052 0.00978241 0.000822686 0.00530598 0.00341299 0.00186073 -0.00590827 0.0016473 0.000182507 5.82304e-05 0.00796907 0.00144211 0.00315072 -0.00374312 -0.00322446 0.0104202 -4.73843e-05 0.00119294 -0.00179472 -9.60011e-05 -0.00295767 0.00196779 -0.00210537 0.000178417 0.000313375 -0.00196725 -0.000107951 0.000252447 0.000224969 0.00185441 -0.000278964 -0.000244509 0.000430162 -0.00847261 
-0.00147594 -0.0054069 0.000516367 0.004698 0.000610936 0.00279183 -0.000399041 0.000854001 0.000234288 -0.00134443 0.00107235 0.000109391 -9.15727e-05 -0.00424085 -0.00349668 3.05705e-05 -0.00537069 -0.000222774 -0.0018331 5.47201e-05 -0.00442461 0.000542321 0.00264233 0.000327281 0.00120964 0.029585 -0.00231017 0.00103012 0.000543017 0.000292294 0.00235277 0.0023162 -0.00150041 0.00162115 -0.000446353 0.00630615 -0.00439624 -0.000639658 0.000718408 -0.000430898 -0.00602247 -0.00375682 -7.62993e-05 8.12943e-05 0.00547078 -0.00871644 -0.000390873 0.000575121 -5.95733e-05 -0.0026674 -0.00186053 0.000192839 5.52184e-06 0.00101177 -0.00040279 -0.00713561 0.00317431 0.00166572 -0.000712899 0.00293373 -0.00442099 -0.00347066 -0.00350474 -0.00112028 -0.00110117 -0.00309475 -0.000736139 0.00483686 -0.000342879 0.00455281 0.00565284 -0.000282611 0.00467821 0.000271493 0.00029562 9.97285e-05 -0.000643852 0.00232263 0.00947703 -0.00683896 -0.00478779 0.00347151 -0.000600413 0.00168984 -0.000375627 0.000569832 -0.00272041 -2.38405e-05 -0.00262645 -6.09076e-05 0.000127269 0.000175492 -2.69042e-06 -6.78582e-05 3.77131e-05 -0.00103173 -0.000131257 0.000218398 0.00167486 -0.00790433 
0.00115678 -0.0337774 -0.00563027 0.0115333 -0.00731733 0.00755318 0.00708068 -0.00311568 -0.00406782 -0.0190951 -0.00187445 0.000303246 -0.00338752 -0.0283321 -0.0245806 -0.00259827 0.0261028 -0.00347092 0.0250668 0.00109899 0.0755596 -0.00225041 -0.00885526 -0.000384494 -0.00388599 -0.00231017 0.234818 -0.00618687 -0.000799256 -0.00121916 -0.00703672 -0.00234516 0.0207992 -0.0103421 -0.000682046 0.012153 -0.0336385 -0.029331 -0.000825114 -0.0482804 0.00812424 -0.0639493 -6.96784e-05 -0.000184441 -0.0783527 -0.0136355 -0.0102042 -0.00125242 -0.00178624 -0.0376185 -0.0169021 -0.000421395 -0.000639006 -0.00341969 0.000586458 -0.0213536 -0.00752506 -0.00167591 0.0259783 -0.0278611 0.0456103 -0.0220439 0.0556609 -0.00948125 -0.00192703 0.0509138 -0.011134 -0.0114988 -0.000262553 -0.00926792 0.0104003 -0.00490911 0.0752486 -0.00171108 0.00208034 -0.000176527 -0.0125037 -0.00708959 -0.0162048 0.0102283 0.0490281 -0.0411407 -0.00984059 -0.00742027 -0.0134944 -0.00114736 0.0604107 0.00558123 0.0476616 -0.000624897 -0.00132694 -0.0273388 -0.00361277 -0.00126174 -0.00011793 0.0205262 0.000302743 -0.0110571 -0.000332324 -0.0821708 
-0.00603284 -0.00437783 0.0104831 -0.000456863 0.0107358 -0.00619143 -1.06148e-05 0.00218859 -0.000259493 -0.00159246 0.00159812 -6.62219e-06 -0.000354474 -0.00719339 -0.00212427 0.000106333 -4.85719e-05 -3.34981e-05 0.00290703 -4.03889e-05 -0.00306359 0.000792299 0.000102527 5.13488e-05 0.00100705 0.00103012 -0.00618687 0.0227614 0.000379231 0.00345583 0.014487 0.000400496 -0.00828928 0.000289893 -0.000449084 0.00108905 -0.0148624 -0.0150135 0.000695791 0.00922776 -0.013503 -0.00848366 0.00167232 2.67144e-05 0.00190175 -0.00817702 0.000366102 0.0101813 0.000743188 0.00109953 -0.0022844 0.000776133 0.0028824 -0.000469943 0.000878137 -0.006015 -0.000558364 0.00101357 -0.00106885 -0.00181843 -0.0118252 -0.014706 -0.00272733 0.000304266 0.000751386 -0.0101458 0.00125372 0.000553033 0.000564793 0.000228495 -0.000778146 -0.000621394 0.00614257 0.00169966 0.00164015 -1.60026e-05 0.000250144 0.0064064 0.0137977 -0.0162298 0.00324602 -0.00357032 0.000664523 0.0133841 0.0016791 0.000209829 0.00811595 -0.000294948 0.00361845 0.000132529 0.00190158 0.00719071 -0.000137149 -1.64143e-05 0.000110023 -0.000601929 -5.39403e-05 0.00782426 0.000327851 -0.00663673 
-0.000955708 -0.000556809 0.00015399 -0.000562674 0.00111476 -0.000945521 -6.05065e-05 0.000122098 8.13175e-05 -0.00017803 0.000406174 2.86483e-05 -6.17287e-05 -0.00116597 0.000751802 5.85162e-05 -0.000460545 1.16829e-05 0.000309018 -5.93965e-06 -0.000681695 0.000208983 0.000313184 0.000368756 0.00219204 0.000543017 -0.000799256 0.000379231 0.00385563 -1.85848e-05 0.00114913 -1.613e-05 -0.00167702 0.00029152 -3.95874e-05 0.000313258 -0.00105673 -0.001527 0.000471673 0.00046783 -0.00166733 -0.00105607 5.72183e-05 2.0551e-06 0.00145534 -0.00129658 -6.33258e-05 -1.84349e-05 2.50307e-05 -0.000433089 -0.000137982 -2.44195e-06 9.35158e-06 0.000166625 -5.52821e-05 -0.000606453 0.000374433 0.000270207 -9.67478e-05 0.000507611 -0.000996234 -0.00193311 -0.000471058 0.000777596 -6.80322e-05 -0.00112905 2.26734e-05 0.00184223 -5.82332e-05 0.000782588 0.000127232 8.37399e-05 -0.00160312 0.000590346 8.58843e-05 -2.95586e-07 0.00122423 0.00103985 0.00116512 -0.00143931 -0.000482032 0.00104482 7.1857e-06 6.62036e-05 -2.10678e-05 -1.55337e-05 -0.000483129 0.000521437 -0.000380576 2.14792e-05 0.000183859 -0.00019266 1.65145e-05 1.41879e-05 0.000229568 0.000136025 -3.20107e-05 -0.000176749 0.000376587 -0.00113415 
-0.00208838 4.10872e-05 0.00321961 0.000848376 0.00289071 -0.0021691 4.00045e-05 0.000296354 -1.26297e-05 0.00115625 0.000145962 4.01121e-07 0.000429068 -0.00274228 -0.0011272 0.000198044 1.52146e-05 -1.08581e-05 -0.001326 -1.12665e-05 -0.00170953 -1.67334e-05 0.000803719 0.000120883 -0.000153894 0.000292294 -0.00121916 0.00345583 -1.85848e-05 0.0112262 0.00302764 -0.000144784 -0.00138916 -2.53208e-05 9.41166e-05 -0.000369418 -0.00318892 -0.0023083 0.000249119 0.00176368 -0.00346691 -0.000356768 0.000897632 3.65819e-05 -0.00100491 -0.00232577 0.00228578 0.00325774 0.000248113 -0.00167725 -0.00189262 7.05008e-06 0.00120736 -0.000168626 -0.000106156 0.000764133 -0.000263556 0.000363388 -0.000492375 -0.000910476 -0.00439921 -0.00416373 -0.000638346 0.000656211 -3.84445e-05 -0.00236138 0.000252177 -9.17234e-05 8.58443e-05 -0.000222585 -0.000626522 0.000625856 -4.98553e-05 2.73549e-05 0.000706168 -4.23628e-06 -0.000341398 0.00116307 0.00311347 -0.00408322 7.59157e-05 -0.00146811 -0.000207135 0.00259591 0.00045526 5.47586e-05 0.00074289 2.38743e-05 0.000172607 -8.83479e-07 0.00034575 0.000342281 0.000207349 -1.16003e-05 5.4223e-05 -0.000312635 -6.15227e-05 0.00105472 0.00013064 -0.000489235 
-0.00743245 -0.00764356 0.0132153 0.00880142 0.0154408 -0.00932088 0.000253671 0.00257955 -0.000498283 -0.00390044 0.00293873 -9.65897e-05 -0.000611487 -0.0109239 -0.00410083 -0.000250533 -0.00364354 5.23166e-05 -0.00353306 -9.28628e-05 -0.00616481 0.000995361 0.000375233 0.000391444 0.0020631 0.00235277 -0.00703672 0.014487 0.00114913 0.00302764 0.0430768 0.000629429 -0.013607 0.0028009 -8.52256e-05 0.0066575 -0.0137669 -0.01129 0.000853654 0.00596159 -0.0195511 -0.00305353 0.00109227 3.97126e-05 0.00851433 -0.0159248 -5.41293e-05 0.0108316 0.000520891 -0.00760556 -0.00331931 0.000424097 0.0028128 1.98485e-05 -4.77013e-05 -0.00785188 -0.00119936 0.00195703 -0.00223182 -0.00129978 -0.00816364 -0.0184845 -0.00421615 0.00239308 0.00397631 -0.0130076 0.00202321 0.00131678 -0.000871397 -0.000425994 -0.00135254 -0.000888082 0.00673967 0.00243593 0.00263864 4.69076e-05 -0.000154953 0.0111528 0.0161125 -0.0204672 -0.00265739 -0.0068196 0.000306318 0.0142999 0.00157067 0.000627221 0.00635112 0.000209062 -0.00117438 -1.73481e-05 0.00237652 0.0167563 -0.000115914 -2.59367e-05 0.000356902 -0.000747 -0.000314817 0.00919602 0.00103033 -0.0101897 
0.00112167 -0.00206244 0.000579992 -0.0028919 1.11971e-05 0.00159319 -0.000187795 0.000125541 2.4318e-05 -0.000111075 3.38617e-05 8.85249e-05 0.000175871 0.000412351 -0.0017589 0.000471117 -0.00317857 -5.93902e-05 -0.000494783 0.000100097 -0.00186197 -0.000111173 -0.000112698 0.000222406 -0.000266174 0.0023162 -0.00234516 0.000400496 -1.613e-05 -0.000144784 0.000629429 0.018498 -0.000356437 0.00268866 0.000207109 0.00503997 -0.00136974 -0.00127634 0.000109243 -0.000490471 -0.00268661 0.00050335 -0.000138109 2.4352e-05 -0.000281585 -0.00472528 -0.000468172 4.20635e-05 2.17431e-05 0.00102421 -0.00276311 3.08365e-05 -5.09618e-05 0.000322865 0.00021539 0.00236538 -0.000103693 0.000191442 0.000554714 -0.000150385 -0.00309562 0.00197258 -0.00168937 -0.000788999 9.61187e-05 -0.00674541 0.00147822 -0.000565592 0.000943637 0.000630251 -0.000251853 0.000233377 -0.00116547 0.000147849 -8.30707e-05 0.000130694 0.000876064 1.22118e-05 0.0023372 -0.00328199 -0.00320876 0.00198997 -0.000101776 0.000706798 -0.00046044 0.000307522 -0.00191477 3.9684e-05 -0.00133949 6.83028e-05 0.000263586 -0.00180374 0.000163104 0.000216191 2.52535e-05 -0.000536361 0.0017709 0.00163859 0.000470067 0.000832769 
0.0121073 0.0021288 -0.00604122 0.00569866 -0.0143919 0.0163186 -0.0015324 -0.0054 -0.00157377 0.00279873 -0.0018648 -9.34131e-05 0.000240487 0.0112825 0.00114691 -0.000978606 -0.0165938 -0.00199288 -0.0170081 -0.000393688 0.0023216 -0.00400533 -0.000959239 -0.000533247 -0.00608711 -0.00150041 0.0207992 -0.00828928 -0.00167702 -0.00138916 -0.013607 -0.000356437 0.077723 0.00544428 0.0014672 0.00831151 0.0179181 0.0296761 -0.00143946 -0.0253024 0.0130101 -0.00757825 -0.00176346 -0.000210926 -0.0227771 0.00714445 -0.00381535 -0.00419539 -0.00225562 -0.00958324 0.00203401 -0.00200817 -0.0023201 -0.00133031 -0.000325147 0.0122452 -0.00217846 -0.00206534 -0.00411309 0.00953719 0.0218725 0.0310908 0.00121645 -0.0152349 0.00262706 0.0180554 -0.0165107 -0.00354332 -0.00966538 -0.00279252 0.00366513 0.00296707 0.0166406 -0.00271539 -0.00426299 -0.000333783 -0.00415164 -0.00791136 -0.00871123 0.0113151 -0.0197365 -0.0116995 -0.00907356 -0.00869451 -0.00906133 -0.000286689 -0.00658002 -0.00217098 -0.00565916 -0.000503859 -0.00270593 -0.00065617 -0.0008058 7.62404e-06 -0.000504049 -0.00615388 0.000598077 -0.0016583 -0.00118556 -0.0069099 
