0.0426593 -0.000323212 0.000479322 -0.00156112 0.0160837 3.38792e-05 -0.000317765 -0.000277587 0.00787544 -0.00114924 -0.00270846 -0.000195471 0.00267482 -0.00210952 0.0225525 -0.000237549 -0.00402616 -0.00328827 3.93075e-05 -0.000109801 -0.00366383 -0.00436095 -0.00414951 -0.00061605 -7.01997e-05 -0.0142047 0.00328689 0.000343973 -0.000441886 -0.00611599 -0.000589493 0.00305371 0.00305013 0.000200837 -5.36347e-05 0.00698582 -0.00385069 -4.5788e-05 -0.000239203 -0.00136782 0.00663586 -0.00905733 -0.000276673 -0.00108344 0.000344058 -0.00166685 0.000101716 -0.00210437 -0.00346676 0.0127015 -3.74924e-05 -0.00308441 -0.00207844 -0.000236107 -0.00663459 -0.00287429 0.0044137 -0.000264277 0.00627624 -0.00140757 -0.0190293 -0.000633 0.00449415 -0.000573057 -0.00221254 -6.30629e-06 0.00463028 -0.0010371 0.00508771 -0.00303785 -0.000128742 -0.000698463 -0.000506724 0.000732426 0.000241753 -0.00354703 -9.19123e-05 -0.008141 0.00385874 0.00094066 -0.00186994 -0.00139595 0.00166168 -0.00214629 0.00109517 -7.2348e-05 3.85508e-05 -0.000630499 -0.00233799 -0.000216361 0.00170497 -0.00202546 0.000100315 -0.0137178 -0.000155097 0.000559282 -0.00597833 -0.0161895 0.000119748 0.0116671 
-0.000323212 0.062978 -0.00410718 -0.00420801 0.000349391 0.00177642 -0.000229346 0.000157442 0.00562842 0.00155804 -0.00702205 0.000698995 0.000561008 0.00792418 0.00871364 0.000628473 0.00148482 0.0104536 -9.66621e-05 0.00100884 -0.00278164 0.0121048 -0.00536505 0.00167632 0.000450429 -0.00836943 -0.00102667 0.000247401 -0.000357287 -0.00800966 -0.000661603 -0.000467034 0.00247747 -0.000392307 -5.66758e-05 -0.00373971 0.00769083 0.000409411 -0.00592159 0.000854362 -0.00212854 -0.00609571 -0.000539171 -0.0101568 -0.00288305 0.000547505 0.011284 0.011334 0.00988289 -0.0178811 -2.90467e-05 0.00946014 0.010158 0.000284275 -0.0256252 0.0100545 0.000681633 -0.000481343 -0.031005 -0.0198642 -0.0296267 -0.0323059 -0.0174316 0.00488381 -0.00732551 8.56997e-05 -0.0035717 0.00805849 -0.00158053 0.0159052 0.00103823 -0.000529226 0.0100196 0.00168736 0.000419331 0.0176089 -7.10146e-06 0.0035682 0.00358477 -0.00127777 -0.00543004 0.000933041 -0.00221729 -0.00620309 -4.7798e-05 0.000477326 6.64774e-05 0.000949679 -0.00735384 -0.000393418 0.00665196 0.0029959 0.0131055 0.000464869 0.00051609 1.31981e-05 0.0166271 -0.00709626 0.000106439 -0.0110641 
0.000479322 -0.00410718 0.209834 -0.0160414 -0.0112019 3.10759e-05 -0.00235745 -0.00117166 -0.0133109 0.0157715 -0.0366629 0.000287768 -0.00297378 -0.0197446 -0.00134636 0.00372968 -0.00832619 0.0047845 -0.000278107 0.000166388 0.00651124 -0.00720283 0.0135529 0.00394156 0.000498113 0.00110851 -0.00227668 0.000262001 -0.00276576 -0.0353349 -0.00340754 -0.00603498 -0.00126537 -0.00208117 -0.000431804 -0.00206125 0.018488 -0.000444313 -0.006893 0.00400479 -0.0106762 -0.0193142 0.0066426 -0.0436061 -0.011362 0.0135386 0.00660461 0.0211663 -0.0153115 0.00513449 -0.0001313 -0.022833 0.015461 0.00129057 -0.0139418 -0.0113902 0.00795525 -0.00234419 0.00102013 -0.0180289 -0.00406218 0.00951972 0.0103948 -0.00334112 -0.0163926 -0.000322535 0.00392136 0.00509492 -0.00852572 0.00200889 -0.0011689 -7.90306e-05 0.0152989 -0.00179654 8.357e-05 0.00479478 0.000748421 0.0437761 -0.00643943 0.00429678 0.000771559 0.00737772 0.00629482 -0.0252182 -0.000577046 5.96446e-05 -0.000400266 0.00330446 -0.0307246 -0.00130443 0.00596309 -0.0119008 0.042749 0.0339428 -0.000921812 -0.0021698 -0.0357622 -0.0300923 0.000323527 -0.0251285 
-0.00156112 -0.00420801 -0.0160414 0.119854 0.00799819 0.000910314 0.00718148 7.14184e-05 -0.0157186 -0.00408573 0.0104596 -0.000709901 0.000255443 -0.00245193 0.00671122 0.00343786 -0.00951134 -0.00702822 -0.000373237 -0.00024084 0.0143562 -0.0132818 0.00843244 -0.00212821 5.70575e-05 -0.0186636 0.000272694 -0.00128531 -0.00144121 0.019898 -0.00119769 -0.0041405 -0.00240013 -0.000198906 -7.51631e-05 -0.000845018 -0.046621 -0.000213564 -0.0192811 -0.0052152 6.25118e-06 -0.000467239 -0.00289294 0.0147359 0.00383684 -0.0072948 -0.00859355 -0.00894507 -0.0109921 -0.0100221 -0.000116083 -0.00955417 -0.00875666 -0.00099821 -0.0035942 -0.00168782 0.000309474 -0.00061579 0.0208351 0.00476018 0.0113677 0.0313178 -0.00210696 -0.003166 0.0434556 -3.90882e-05 -0.0109702 -0.00347299 -0.00141622 -0.0102544 -0.00072837 -0.000695944 -0.0103481 -0.00076931 -0.000999916 -0.0133072 -0.000296145 -0.00651797 0.0129043 -0.00975259 0.00291377 -0.00478311 0.016576 0.0200429 -0.000275401 3.82908e-05 0.000192396 -0.00400144 -0.0048476 -0.000645058 -0.00210729 -0.00661941 -0.0127218 -0.000186587 -0.000346915 -0.000141915 -0.0182755 -0.0109848 -0.000217224 0.0112567 
0.0160837 0.000349391 -0.0112019 0.00799819 0.0761562 -0.000961809 0.00265765 -0.000218692 0.0138464 -0.00188513 -0.0113404 -0.000431861 0.00951671 0.00402165 0.0427885 0.00363983 -0.00789816 -0.00614709 0.000226195 -0.000199525 -0.00505644 -0.00801093 -0.00538307 -3.01232e-05 -0.000119001 -0.017555 0.0155736 0.000327204 0.000482365 0.00190936 0.00146099 -0.000151425 0.00848541 0.00200464 5.87483e-05 0.00892674 -0.0358058 0.000574361 0.00302987 2.49525e-05 0.00759483 -0.0206597 0.00147838 -0.00229851 0.00116634 -0.00150124 -0.00400137 -0.00211999 -0.00595784 -0.0178102 -9.37678e-05 0.00108007 -0.00267888 6.58155e-06 0.00690958 -0.000221745 0.0167627 0.00929401 0.00663304 -0.0109091 -0.0400767 0.00671161 -0.0129429 0.0007129 0.0236389 0.000816151 0.0281158 -0.000977751 0.0169381 -0.00225369 -0.000327529 -4.61231e-05 -0.00550609 0.00294325 -0.000498173 -0.00643683 -0.00013275 -0.026397 0.012907 -0.00698956 -0.00634535 -0.00110706 0.0209981 0.00888188 0.000686289 0.00032057 7.74348e-06 -0.00189157 -0.0206503 -7.33323e-05 0.000998851 -0.000479362 -0.00633763 -0.0474358 -7.26519e-06 0.00165929 -0.01107 -0.0384077 0.000245908 0.0193889 
3.38792e-05 0.00177642 3.10759e-05 0.000910314 -0.000961809 0.0194122 0.0011091 0.000100925 -0.00241488 0.000370438 -0.00212379 0.000289702 -0.00029249 0.000841128 -0.00126914 5.84077e-05 -0.00151504 0.00275693 -4.91627e-05 7.05383e-05 0.000931418 -0.00144501 -0.000953346 0.000148196 -3.84488e-06 -0.00613847 -0.000392772 -7.81902e-05 5.46856e-05 0.000464022 -0.000265499 0.00304288 0.000165106 -9.43249e-05 1.20039e-05 0.00116727 0.00106954 2.45093e-06 -0.00172425 0.00127567 0.000250935 -0.00586978 -7.39963e-05 -0.0042758 3.37136e-05 0.000863315 0.00296387 9.33227e-05 0.000437482 0.00132942 -3.61377e-05 -0.00117727 0.000577302 -0.000115347 -0.00981075 0.00248183 -0.00193036 0.00139508 -0.00176426 -0.00374972 -0.00282877 -2.4287e-05 0.00166676 0.000123793 -0.00215747 4.86143e-06 -0.0017335 -0.000177594 -0.000373077 0.00175594 9.10946e-05 2.16611e-05 0.0026384 -0.000110783 2.45981e-05 0.00151986 0.000219821 0.00674639 0.00162396 -0.00290639 0.0040519 0.00229211 -0.000110792 0.00127522 1.02326e-05 -1.56053e-05 0.000168011 -6.00017e-05 -0.00480988 7.0099e-05 -0.000292033 -0.000480489 0.00100526 0.00131139 -8.14331e-05 0.000600689 -0.00103437 -0.00860695 -5.57914e-06 0.000591809 
-0.000317765 -0.000229346 -0.00235745 0.00718148 0.00265765 0.0011091 0.0136295 -3.50564e-05 -0.00144828 -0.000297581 -0.000695085 0.000340169 -0.000184447 0.000231907 0.000110784 0.000457039 -0.00126443 0.000523221 -1.83715e-05 5.45068e-05 0.00277931 -0.00133798 -7.42261e-05 -0.000140116 5.47997e-05 -0.00210164 0.000198449 -0.000109904 5.73649e-05 0.00152417 4.75772e-05 -6.04896e-05 -0.000218146 -4.72307e-05 -1.038e-05 -0.000416552 -0.00550757 1.17867e-06 -0.001062 7.53719e-05 9.71626e-05 -0.00381014 -0.00023638 -0.00100068 0.00130167 -0.000670637 -0.000706846 -0.000906403 -0.000800557 -0.00314706 -2.97969e-06 -0.000613316 -0.000291961 -6.2461e-05 -0.00282457 0.00173352 -0.00163733 0.00156465 0.000105478 -0.00259173 -0.00153622 0.00232986 0.000375651 -0.000138495 0.00576631 0.000251484 2.96221e-05 -0.000165112 -0.000285038 -8.92013e-05 5.14803e-05 -4.48032e-06 -0.000927235 1.05628e-05 -0.00010752 -0.00098648 0.000371109 -0.00187339 0.00324002 -0.00966839 -0.000467497 0.000243846 0.00559793 0.00691236 -1.66898e-05 0.000381955 5.01594e-05 -0.000272246 -0.00249942 5.61979e-05 -0.000269429 -0.00022971 -0.00145885 -0.0049415 -6.09754e-05 0.000522769 -0.00165869 -0.00377577 7.49494e-05 0.00656707 
-0.000277587 0.000157442 -0.00117166 7.14184e-05 -0.000218692 0.000100925 -3.50564e-05 0.00665216 -0.000148826 -0.000183134 0.00182344 0.000118509 0.000232412 0.000138909 -0.000493629 -2.26793e-05 -0.000123015 -0.000166275 -1.88001e-05 4.13434e-05 5.38429e-05 -0.000157009 0.000152109 -7.92355e-05 9.03399e-06 -5.48736e-05 -5.43609e-05 4.32947e-05 0.00013474 -9.01727e-06 0.000359162 0.000343929 0.000497729 7.51945e-05 7.34029e-05 -7.58279e-05 -0.00195027 -9.72207e-06 -0.00158212 0.000181416 7.49603e-07 -0.000575101 1.20393e-05 -0.00150361 0.000103959 -0.000213417 -0.000144861 -0.000430845 -0.000437267 -0.00176233 5.5803e-08 0.00100178 -0.000163238 -3.89334e-05 -3.7189e-06 0.00159266 0.00101765 -2.0965e-05 -0.000640812 0.000343239 0.00121261 -0.00197643 -0.00161097 9.2274e-05 -5.72386e-05 1.02586e-05 -0.000490951 -0.000134803 0.000336462 0.00022516 0.000155285 0.000170985 -0.000154928 7.4158e-05 -4.33003e-05 -6.2941e-05 5.1387e-05 0.00118046 -0.000394755 1.28477e-05 -0.000402498 -0.000169233 -5.80272e-05 -0.000426601 1.29937e-05 -1.46631e-05 -3.79351e-06 -0.000153957 0.000351577 7.85057e-05 -4.22975e-05 0.000133273 -0.000654666 0.000122724 1.51486e-06 6.15806e-05 0.000919974 0.000212675 -3.20595e-06 -0.0011271 
0.00787544 0.00562842 -0.0133109 -0.0157186 0.0138464 -0.00241488 -0.00144828 -0.000148826 0.136686 -0.00464582 0.0238947 -0.00101997 0.00597537 0.01114 0.0163366 -0.00223915 -0.0134159 -0.010891 0.000366337 -0.000340362 -0.00667142 -0.0147221 -0.0152748 -0.00217939 -0.000203756 -0.0453053 -0.00131533 -0.00096604 -0.00039367 0.000176866 -0.00159165 0.0104664 0.00400227 0.000735791 -1.70342e-05 0.00282378 -0.0195345 -0.000324534 -0.00959549 -0.00483593 -0.00811314 -0.00806785 -0.00151119 0.0011431 -0.00221774 -0.00123778 -0.00987878 -0.00930909 -0.0130904 0.00721878 0.000999891 0.00201777 -0.00897961 -0.00116217 0.0317265 -0.00455336 0.0423747 -0.00160198 0.019185 0.00631816 -0.00516661 -0.0210664 -0.000611479 -0.00223154 0.00448958 0.00050045 0.00980369 -0.00449273 0.00561062 -0.00957879 -0.000673607 -0.00223999 -0.0123193 0.00265957 -0.000688697 -0.0177904 -0.000416802 -0.00422637 0.00849303 0.00244959 -0.0114464 -0.00598843 -0.00466566 0.00917603 0.00146155 -0.000445597 -7.69216e-05 -0.00385364 0.03651 -0.000978807 0.00167723 -0.00728883 -0.0106365 -0.0366838 0.000187842 0.00277965 -0.0151756 0.00201172 -0.000218966 -0.00153939 
-0.00114924 0.00155804 0.0157715 -0.00408573 -0.00188513 0.000370438 -0.000297581 -0.000183134 -0.00464582 0.0296769 -0.00412456 0.00127718 -0.000426693 -0.00160045 -0.00169003 -0.000166295 0.0106352 0.00172357 9.61519e-05 7.67595e-05 0.00941313 0.012498 -0.00267957 0.00320569 0.000102522 -0.00952579 -0.000449815 0.000153583 -0.000304267 -0.00730986 -0.000227133 -0.00246541 0.000749637 -0.000255199 -3.8312e-05 -0.00229196 0.00216137 0.000829065 -0.0069522 0.00449237 -0.00175564 -0.00765953 0.0124932 -0.0132557 -0.00115529 0.0172598 0.000969372 0.0194965 0.00024383 -0.0144511 -4.96957e-05 -0.00220714 0.0179668 0.00497559 -0.0198737 0.000924736 0.00458197 0.00111043 -0.0226761 -0.0220702 -0.0155966 -0.0190798 -0.0158692 0.000138871 -0.00561246 -1.47305e-05 -0.00299789 0.00839407 -0.00145575 0.00661886 -2.12759e-05 0.00153084 0.00823869 0.000199537 0.000293468 0.00952485 0.000252755 0.0124198 -0.00210772 -0.00168831 -0.00307836 0.0127845 -0.00147299 -0.00462566 -0.000100088 0.000543621 9.53269e-06 0.00601003 -0.0111455 8.05136e-05 0.000302048 -0.000752656 0.0234137 0.000516969 -0.000135231 -0.000240301 -0.00333219 -0.0113852 -4.15744e-05 -0.00742438 
-0.00270846 -0.00702205 -0.0366629 0.0104596 -0.0113404 -0.00212379 -0.000695085 0.00182344 0.0238947 -0.00412456 0.1311 -0.00114725 -0.00115125 0.00773089 -0.0105194 -0.00156505 -0.00866955 -0.00632945 7.62423e-05 -0.000231448 -0.00817552 -0.0108927 -0.00737317 -0.000590289 -9.75937e-05 -0.0269221 -0.00321955 -0.0012935 -0.000875437 0.00712873 -0.00195598 0.00454773 -0.00214738 0.000938471 0.000592389 -0.00633229 -0.029442 -0.000388421 -0.0210394 -0.00436962 -0.0042951 0.00612229 -0.00334194 -0.00101371 0.00232915 -0.00667669 -0.0088355 -0.00777734 -0.0106808 -0.00025629 0.000126407 0.00714324 -0.00421663 -0.00095801 0.0164754 0.0109358 0.00327859 -0.00248 0.00817183 0.0117468 0.02869 -0.00748658 -0.00938958 -0.00386806 0.0329364 -0.000190201 -0.00878955 -0.00392231 -0.00542535 -0.000477327 -0.000330265 -0.00166367 -0.00534308 0.000171155 -0.00126322 -0.0111169 0.000224012 -0.0122831 -0.00861787 0.00515241 -0.0112851 -0.00592596 -0.00737854 0.0262027 0.000615769 -0.000212646 -0.000182434 -0.00321184 0.0395974 -0.000597333 -0.00262229 -0.00565563 -0.0108128 -0.00777354 -0.000227446 -0.000288671 0.00269866 0.0334021 -0.000243702 -0.01779 
-0.000195471 0.000698995 0.000287768 -0.000709901 -0.000431861 0.000289702 0.000340169 0.000118509 -0.00101997 0.00127718 -0.00114725 0.00871304 0.00011444 0.00105137 -0.000654808 0.000865268 0.000530542 0.00296163 6.65855e-05 8.22082e-05 0.000154119 0.00322303 0.000833972 -2.69196e-05 1.68472e-06 0.00145392 4.83444e-05 0.000510633 2.74195e-05 -0.00159428 0.000291758 -0.000260455 0.000406889 -2.16281e-05 6.27445e-05 -0.000328407 -0.00135521 4.95613e-05 -0.00138009 0.000642521 -0.000177695 -0.00133379 0.000155323 -0.00264933 -0.00024235 6.81918e-05 0.000887162 0.000715747 0.00137127 -0.00339696 6.36098e-05 0.00061721 0.00129029 0.000367882 -0.00284538 0.00145585 -0.00049049 -5.79448e-05 -0.00518335 -0.0016764 -0.00272741 -0.00400346 -0.00382123 0.00123404 -0.001266 5.49316e-05 -0.000162091 0.000314458 2.60206e-05 0.000617096 5.54e-05 0.000384113 0.00102083 4.05192e-05 0.000213368 0.00246761 -2.71266e-05 0.000164298 0.000803893 -0.00191099 7.32054e-05 0.00175097 -0.000348108 -0.00123139 -6.21545e-06 0.000165996 7.53174e-05 0.00163591 -0.00286582 0.000172282 0.000149568 0.000904719 0.00216874 0.000276965 3.31607e-05 0.000514067 0.00226035 -0.00206001 4.84639e-05 -0.00211301 
0.00267482 0.000561008 -0.00297378 0.000255443 0.00951671 -0.00029249 -0.000184447 0.000232412 0.00597537 -0.000426693 -0.00115125 0.00011444 0.0183628 0.000310469 0.00931675 0.000460309 -0.00156479 -0.00149272 -9.99225e-06 -4.68407e-05 -0.000598818 -0.00198954 -0.00172256 0.000796685 -2.69074e-05 -0.00558107 0.0032155 0.000523061 7.42361e-05 0.00540711 0.000206786 -0.000536315 0.00146403 0.000260698 1.84705e-05 -0.000308963 -0.0103755 -9.79466e-06 -0.00334432 0.000553405 -0.000676085 -0.00449555 0.000307289 -0.000598195 0.000225668 -0.000598293 -0.000705426 -0.000913944 -0.00131239 -0.00377708 -1.14366e-06 0.000668462 -0.000110394 -2.7257e-05 0.00314866 -0.00118684 0.00891731 0.000695613 0.000919623 -0.00386279 -0.00827505 -0.00244039 -0.00804799 0.00075837 0.00290821 0.000444213 0.00318001 -0.000340613 0.0102034 -0.000163848 -4.86452e-05 0.000546224 -0.000955727 0.000895151 -0.000115262 -0.00171078 3.5074e-05 -0.0030822 0.0017412 -0.00127815 -0.00148562 8.73026e-05 0.000353226 0.000118433 7.53987e-05 -1.1804e-05 -2.39956e-05 -0.000312336 0.0023833 2.70322e-05 0.00211443 -0.000722548 -0.00150408 -0.00731345 -1.6178e-06 0.000322363 -0.00271903 -0.00626637 0.000158785 -0.00381361 
-0.00210952 0.00792418 -0.0197446 -0.00245193 0.00402165 0.000841128 0.000231907 0.000138909 0.01114 -0.00160045 0.00773089 0.00105137 0.000310469 0.0705455 -0.00446694 0.00133638 0.0051911 0.0146967 0.00077282 6.0597e-05 0.00183995 0.00960791 -0.0052466 -9.65069e-05 0.000107248 0.00537436 -0.000972323 0.000215572 0.00114234 -0.00426094 -0.000134491 -0.00095951 -0.00103503 0.00038208 0.000394977 0.00852991 -0.0148571 -0.000193026 0.00840409 0.00230518 -0.00189667 0.00885034 -0.000784095 0.0033613 0.00115672 0.000886122 0.00744092 -0.00354899 0.0174196 -0.0336191 0.000430711 0.0190965 -0.000777347 -0.000217379 -0.00693548 0.0225592 0.000596133 0.00225056 -0.0253958 -0.000719077 -0.0337579 -0.0383083 -0.0370174 0.00792382 0.000269031 0.000102429 -0.00398502 -0.00193186 0.000119844 0.0127806 0.000758784 -0.000288953 0.000644335 0.00225947 4.68346e-05 0.0092675 0.000602107 -0.0222586 0.0180828 -0.00209061 0.00107505 0.000328101 -0.00260029 -0.00339003 -8.21237e-05 0.000164252 0.000444621 -0.000612828 -0.0186701 0.000315614 -0.000878101 0.0121966 -0.00689684 -0.0160629 0.000939538 0.00362345 0.0250945 -0.0106089 6.72813e-05 -0.0139884 
0.0225525 0.00871364 -0.00134636 0.00671122 0.0427885 -0.00126914 0.000110784 -0.000493629 0.0163366 -0.00169003 -0.0105194 -0.000654808 0.00931675 -0.00446694 0.0884226 0.000306095 -0.00974543 -0.00593399 0.000141459 3.96671e-05 -0.00661942 -0.00953964 -0.0112438 -0.000433995 6.3176e-05 -0.0234367 0.00834736 0.000169519 -0.000713956 -0.00465819 -0.00108208 -0.000284989 0.00836487 0.00145168 -8.76818e-05 0.00252609 -0.0121995 -2.06642e-05 0.00600171 -0.00326234 0.00805781 -0.024448 -0.000352571 -0.00245176 -0.000651342 -0.00393022 -0.00125258 0.00074574 -0.00701201 0.00347312 -0.000179162 -0.0014806 -0.00239206 -0.000419546 -0.00279073 -0.00329308 0.0131704 0.00462516 0.00759487 -0.0170999 -0.0411241 0.00240887 -0.00169751 -0.00218203 0.0125739 0.000686337 0.0271194 -0.00092642 0.0155863 -0.00287459 -0.000465951 -0.00141975 -0.000748835 0.00130627 -0.000176239 -0.00680386 -0.00031583 -0.00964175 0.00466502 0.000328429 -0.00732721 -0.00351593 0.0127267 0.00321246 0.00139569 -0.000123022 -2.77165e-05 -0.00242351 -0.00897902 -0.000555781 0.00616565 -0.00488956 0.00341617 -0.0347037 -0.000361737 -9.89127e-05 -0.0128963 -0.0437914 0.000174639 0.0137295 
-0.000237549 0.000628473 0.00372968 0.00343786 0.00363983 5.84077e-05 0.000457039 -2.26793e-05 -0.00223915 -0.000166295 -0.00156505 0.000865268 0.000460309 0.00133638 0.000306095 0.0210591 -0.000317159 0.00204295 1.08955e-05 -1.25049e-06 4.19401e-05 1.21552e-05 0.00036356 -0.000139146 4.58391e-05 -0.00234962 0.003445 -4.63601e-05 -5.13639e-05 -0.00176658 0.000172179 0.00192254 0.00011323 -9.10495e-05 0.000140492 -0.000419436 -0.00564473 0.000151108 -6.26298e-05 -5.18854e-05 -0.00119502 -0.00151575 0.000784688 -0.00216921 -0.000649859 -0.000383373 0.00132194 -0.000714049 -0.00021345 -0.00654518 0.000157963 -0.00159616 -0.000759438 3.78578e-05 -0.00367951 0.000751495 0.00102156 0.00144503 -0.00117672 -0.000643332 -0.00578959 -0.000840911 -0.00338202 0.00326237 0.00161828 0.000100151 6.29812e-05 0.00053901 0.00114545 -0.000352953 -6.48199e-05 0.00058995 -0.00153175 9.06541e-05 4.4796e-05 0.00161614 0.000104701 -0.000874967 0.0039261 -0.00220858 -0.000948827 0.00134352 0.00198468 -0.00136544 -6.60931e-05 0.000300664 -3.12233e-07 -0.000453236 -0.00626437 -9.32715e-05 -0.000336523 -0.000119978 -0.000136516 -0.00110977 0.000540386 0.000606574 -0.00114606 -0.0046302 0.00049207 -0.000200136 
-0.00402616 0.00148482 -0.00832619 -0.00951134 -0.00789816 -0.00151504 -0.00126443 -0.000123015 -0.0134159 0.0106352 -0.00866955 0.000530542 -0.00156479 0.0051911 -0.00974543 -0.000317159 0.0947965 0.0151541 -0.000289533 -0.000200526 0.0125876 0.0478427 -1.66411e-05 -0.000316656 6.25603e-05 0.0225312 -0.00196745 -0.000634655 0.000241325 -0.0202482 -0.000170769 -0.000823454 -0.00177234 -0.000698541 -8.67241e-05 0.0046716 0.0141845 0.000722269 -0.0080564 -0.00313344 -0.000926746 0.0140582 0.0116312 -0.0119144 -0.00168172 0.0173858 -0.00582571 0.00509527 0.0169163 -0.0431648 -0.000130253 0.0207042 0.00216929 0.00357328 -0.022598 0.00242859 0.00459803 -0.00269224 -0.0303113 -0.00321273 -0.013078 -0.045843 -0.0373353 0.00496526 -0.0156386 -0.000165107 -0.0113578 0.00380073 -0.00384456 -0.00473874 0.00029691 -8.28083e-05 -0.00805136 -0.000568588 0.00261158 0.0145202 -0.000239254 -0.00455705 -0.00624692 0.000989338 -0.0135204 0.00821733 -0.00278841 -0.0131114 -0.000315636 0.000401785 2.68308e-05 3.71499e-06 -0.0246593 -0.000566367 -0.0014735 0.0121807 0.00773703 0.0195785 0.000334288 -0.000722769 0.0270695 0.019081 7.2317e-05 -0.014928 
-0.00328827 0.0104536 0.0047845 -0.00702822 -0.00614709 0.00275693 0.000523221 -0.000166275 -0.010891 0.00172357 -0.00632945 0.00296163 -0.00149272 0.0146967 -0.00593399 0.00204295 0.0151541 0.0780484 -8.96143e-06 0.000237295 -0.000829881 0.0224599 0.00617579 -0.000146865 -1.97065e-05 0.0110698 -0.0018779 0.00118243 0.00039835 -0.0106877 -0.00121187 -0.00478311 -0.00142866 -0.000638772 -4.03327e-05 0.00368241 0.00739817 -0.000104882 -0.017744 0.000623762 -0.00473176 -0.00515387 -0.000672756 -0.0333458 -0.00161053 0.00295499 0.0103026 0.00394812 0.018643 -0.02575 -0.000134637 0.016744 0.00269324 -0.000118995 -0.0250558 0.0224405 -0.00600571 0.000742329 -0.0352758 -0.0086412 -0.0151361 -0.0301969 -0.0354683 0.00738957 -0.00857992 -0.000135791 -0.00818569 0.00138603 -0.00311635 0.0115398 0.000896554 -0.00113782 0.00981564 0.000523421 0.00120996 0.0322132 0.000165206 -0.00351223 -0.00188125 -0.000593291 -0.00752619 0.00178429 -0.00364991 -0.0108036 -0.000189876 0.000313672 2.55756e-05 -0.00120219 -0.0187812 -0.000329115 5.87909e-05 0.0131605 0.00809446 0.0116396 -0.000331988 0.000511769 0.030026 -0.00262146 0.000159085 -0.0150799 
3.93075e-05 -9.66621e-05 -0.000278107 -0.000373237 0.000226195 -4.91627e-05 -1.83715e-05 -1.88001e-05 0.000366337 9.61519e-05 7.62423e-05 6.65855e-05 -9.99225e-06 0.00077282 0.000141459 1.08955e-05 -0.000289533 -8.96143e-06 0.00387715 1.03929e-06 -0.000140777 -0.000296488 -0.000196398 0.000192168 4.93501e-06 -0.000828275 3.65654e-05 0.000102914 0.000228689 -0.000351982 6.75518e-05 0.000193117 -7.32332e-06 0.000417914 5.07832e-05 0.000131245 -0.000656255 4.31062e-05 4.36066e-05 0.000199779 9.51464e-05 -0.000319508 0.000117477 -8.21057e-05 -9.47445e-05 3.12718e-05 0.000409797 0.0005176 0.000132775 -0.00112749 4.54735e-05 0.000301337 0.000593703 0.00023093 -0.000402592 0.00100797 0.000719268 0.000333866 -0.000994754 -0.00063028 -0.00140595 -0.00184604 -0.00102263 0.000623457 0.000162049 5.29025e-06 -3.14356e-05 0.000494782 0.000125776 0.000906388 1.7401e-05 2.70863e-05 0.000169767 0.000175531 4.868e-05 0.00063844 1.52969e-05 -0.000753768 0.000189162 -0.000354098 0.000308622 -1.27243e-05 -0.000155722 -0.000122513 0.00010437 2.73748e-05 3.95977e-06 0.00010984 -0.000566621 -4.85239e-07 -6.0762e-05 0.000192685 0.000368165 -0.00194516 -1.11902e-05 0.000305453 0.000465413 -0.00121213 4.49197e-05 -0.000680053 
-0.000109801 0.00100884 0.000166388 -0.00024084 -0.000199525 7.05383e-05 5.45068e-05 4.13434e-05 -0.000340362 7.67595e-05 -0.000231448 8.22082e-05 -4.68407e-05 6.0597e-05 3.96671e-05 -1.25049e-06 -0.000200526 0.000237295 1.03929e-06 0.00304361 0.000317845 0.000702765 4.39315e-06 2.03723e-05 7.49361e-05 -0.000100463 -5.93223e-05 7.95929e-05 7.88695e-06 -0.000538279 2.4291e-05 -0.000213711 -1.07732e-05 -2.12996e-05 4.79307e-06 -0.000129401 2.7143e-05 -1.59012e-06 -0.000389695 0.00037051 -1.23618e-05 -0.000116914 -7.92039e-06 -0.000690708 -2.61327e-05 3.76639e-05 0.000492725 0.00040038 0.000319505 -0.000786686 -5.92961e-07 2.99808e-05 0.000488315 7.80733e-06 -0.000978057 9.06614e-05 -0.000309397 0.00022438 -0.00159589 -0.00132932 -0.000783114 -0.00109864 -0.000581975 -4.80511e-05 -0.000235111 -5.45738e-06 -0.000292532 0.00053789 -0.000114603 0.000824689 0.00011096 6.18548e-05 0.000826347 5.84562e-05 3.53551e-05 0.000540247 0.000108484 0.00029656 -0.000218115 -0.000668864 -0.00025418 0.000348273 -6.67056e-05 -0.000192252 4.90079e-06 0.000258074 1.75211e-05 0.000280883 -0.000533813 3.78904e-05 0.000415785 0.000208513 0.000662461 -0.00014415 3.87043e-05 -2.20574e-05 0.000158559 7.17994e-05 3.4412e-06 -0.000567669 
-0.00366383 -0.00278164 0.00651124 0.0143562 -0.00505644 0.000931418 0.00277931 5.38429e-05 -0.00667142 0.00941313 -0.00817552 0.000154119 -0.000598818 0.00183995 -0.00661942 4.19401e-05 0.0125876 -0.000829881 -0.000140777 0.000317845 0.0815752 0.0144471 0.00822075 0.000122765 0.000527083 0.0014834 -0.00162839 -0.000437571 -0.000256186 -0.00262529 0.00142949 -0.00388219 -0.000739532 -0.000644104 -0.000160665 -0.00263083 -0.0216347 0.000265097 -0.00427741 0.00352616 -0.00202915 0.00328609 0.00901166 0.000520986 0.00732868 0.0203813 0.000894205 0.00310345 0.000330253 -0.0372868 -2.0746e-05 -0.00150618 0.00638613 0.00195166 -0.0152058 -0.00284971 0.010869 0.00295884 -0.0116211 -0.0109798 -0.0138727 -0.0149404 -0.0286687 0.000833137 0.00732518 -4.86314e-06 -0.00894673 0.00207727 -0.00316571 0.00168398 -0.000234697 0.00499519 0.00020324 0.000245331 -0.000268679 -6.42431e-05 0.00152636 -0.000269731 0.00522129 -0.0110908 -0.00700718 0.0119277 0.00165739 -0.00525128 -0.000280823 0.000488135 0.00016348 0.00280443 -0.0252487 0.00213522 -0.000700906 0.00104628 0.00766936 0.00902844 0.000922259 -0.00037209 -0.00805446 0.00413557 0.000205275 -0.0105037 
-0.00436095 0.0121048 -0.00720283 -0.0132818 -0.00801093 -0.00144501 -0.00133798 -0.000157009 -0.0147221 0.012498 -0.0108927 0.00322303 -0.00198954 0.00960791 -0.00953964 1.21552e-05 0.0478427 0.0224599 -0.000296488 0.000702765 0.0144471 0.0973319 -0.00619662 1.62639e-05 0.000360413 0.0220427 -0.00243036 -0.000280288 0.00017294 -0.0196336 -0.000434381 -0.00776824 -0.00172922 -0.000802456 -7.12789e-05 0.0112841 0.0214608 -3.74808e-05 -0.0109275 -0.00259329 -6.20389e-05 0.00760673 0.00753318 -0.019215 -0.00481519 0.0164165 0.00162911 0.00831457 0.0298542 -0.0503063 -0.000201039 0.024298 0.00632982 0.00298713 -0.0294906 0.0109388 -0.00273034 -0.00302171 -0.054748 -0.009703 -0.0242866 -0.0521933 -0.0382828 0.00952237 -0.0171249 -0.000164772 -0.0101466 0.00837495 -0.00453446 0.00531818 0.000947338 -0.00121454 -0.00242602 -0.000446758 0.00326104 0.0225108 -0.000164351 0.00111678 -0.00491612 0.00315311 -0.0131566 0.0102959 -0.00325656 -0.0157011 -0.000312811 0.00150601 -3.48536e-05 0.00252588 -0.0368471 -0.000584433 -0.000878014 0.0174134 0.00887797 0.0183642 0.00115562 -0.000726533 0.0315522 0.0102767 -1.66693e-05 -0.0197972 
-0.00414951 -0.00536505 0.0135529 0.00843244 -0.00538307 -0.000953346 -7.42261e-05 0.000152109 -0.0152748 -0.00267957 -0.00737317 0.000833972 -0.00172256 -0.0052466 -0.0112438 0.00036356 -1.66411e-05 0.00617579 -0.000196398 4.39315e-06 0.00822075 -0.00619662 0.105409 -0.00166007 -0.000124339 0.0266333 -0.00155552 -0.00101901 -0.000342863 0.000501536 -0.00191279 -0.00110547 -0.00164534 -0.00025391 -9.51469e-05 -0.00274426 -0.0300656 -0.000237426 0.00102125 -0.00471965 -0.00503015 0.0288809 -0.00249233 -0.00744567 0.00487296 -0.00301986 -0.00595804 -0.00577918 -0.00296281 -0.0150021 0.000203056 -0.00810799 -0.00734777 -0.000823762 -0.00364679 -0.00105598 0.00284894 -0.00259132 0.00706238 0.010617 0.0178343 0.00566494 -0.00978377 -0.00137375 0.0246483 -0.000173503 -0.00595741 -0.00231348 -0.00221128 -0.00758607 -0.000619409 -0.00146613 -0.00935108 -0.00106644 -0.000889517 -0.00606209 4.41414e-05 -0.0199435 -0.00567002 0.000311122 -0.0107222 -0.00415709 0.00571006 -0.00351324 -0.000197045 -0.000386767 -0.000142949 -0.00253478 -0.0192585 -0.000592225 -0.00201698 -0.00620002 -0.00663374 0.0111239 -6.78331e-05 -0.000714619 0.00562606 0.0361186 5.92449e-05 -0.0167011 
-0.00061605 0.00167632 0.00394156 -0.00212821 -3.01232e-05 0.000148196 -0.000140116 -7.92355e-05 -0.00217939 0.00320569 -0.000590289 -2.69196e-05 0.000796685 -9.65069e-05 -0.000433995 -0.000139146 -0.000316656 -0.000146865 0.000192168 2.03723e-05 0.000122765 1.62639e-05 -0.00166007 0.0156886 0.000148199 -0.0050273 0.00206829 0.00023446 -0.000145705 -0.00325143 0.00164278 -0.00142896 0.00133762 0.000232495 0.000114457 -0.00129987 -0.00376863 0.000618012 -0.00308435 0.00716722 -0.000581114 -0.00429293 0.0017383 -0.00644414 -0.000611739 0.00313537 0.00716662 0.0101181 -0.000945071 -0.00773409 -1.89045e-05 0.000176448 0.0121116 0.00128978 -0.00945723 0.00205133 -0.00111984 0.00330427 -0.0114318 -0.0121561 -0.00831944 -0.00880616 -0.00820471 0.000423024 -0.00122364 0.000194581 -0.000502333 0.00310487 8.60254e-05 0.0101953 3.28999e-05 0.00364034 0.0093624 0.000801357 -5.02821e-05 0.00957359 0.000420346 0.00241654 -0.00107858 -0.00692707 -0.00172293 0.00684244 -0.000724229 -0.00199351 -2.83293e-05 0.000208474 2.06541e-05 0.00106155 -0.00563034 0.000490973 0.000478529 0.00138854 0.010589 -0.00471766 -2.05685e-05 -3.4993e-05 0.000145367 -0.00690084 0.000235837 -0.00390832 
-7.01997e-05 0.000450429 0.000498113 5.70575e-05 -0.000119001 -3.84488e-06 5.47997e-05 9.03399e-06 -0.000203756 0.000102522 -9.75937e-05 1.68472e-06 -2.69074e-05 0.000107248 6.3176e-05 4.58391e-05 6.25603e-05 -1.97065e-05 4.93501e-06 7.49361e-05 0.000527083 0.000360413 -0.000124339 0.000148199 0.001772 -0.000435764 3.42027e-06 5.48691e-06 -6.28731e-06 -0.000214366 -1.92486e-05 -0.000144238 -1.10448e-05 -2.15647e-06 9.11742e-08 -8.53796e-05 -0.000374859 1.77029e-05 -0.000113317 6.01819e-05 -2.20633e-05 -0.000135706 0.000191062 -0.000262826 -5.20816e-05 0.00024856 0.000162541 0.000449041 -3.58531e-05 -0.000663066 1.66244e-07 7.58434e-05 0.000332922 1.02765e-05 -0.000592384 0.000117756 -1.40109e-05 -3.09807e-05 -0.000820421 -0.00070848 -0.000389274 -0.000656571 -0.000517717 6.92891e-05 4.61771e-05 3.03915e-06 -0.000165987 6.82069e-05 -5.7236e-05 0.000304631 1.39756e-06 6.84268e-06 0.00037004 9.16405e-06 -4.32443e-06 0.000166227 2.62728e-05 0.000154067 -2.58244e-05 -0.000189611 -7.62038e-05 6.6082e-05 2.82614e-05 -9.84479e-06 -5.08495e-06 0.000111892 1.56897e-05 -1.71422e-05 -0.000382035 7.19735e-06 0.000321548 -4.85939e-05 0.000694242 -0.000149701 3.23878e-05 -8.27327e-06 -6.71532e-05 -0.000128682 2.75418e-05 -0.000236139 
-0.0142047 -0.00836943 0.00110851 -0.0186636 -0.017555 -0.00613847 -0.00210164 -5.48736e-05 -0.0453053 -0.00952579 -0.0269221 0.00145392 -0.00558107 0.00537436 -0.0234367 -0.00234962 0.0225312 0.0110698 -0.000828275 -0.000100463 0.0014834 0.0220427 0.0266333 -0.0050273 -0.000435764 0.236733 -0.00359749 -0.00226876 -0.00253418 -0.0362854 -0.00464305 -0.0192885 -0.00757162 -0.000534474 -3.31554e-05 -0.00479191 0.0311772 -0.000741779 0.0391262 -0.0149118 0.0151886 0.0746666 -0.00771219 0.0206216 -0.00606754 -0.00834655 -0.0162355 -0.0247134 0.0171049 -0.0243379 -0.000381678 0.00841566 -0.0201114 -0.00206683 0.0453477 0.00164638 -0.0299309 -0.00928205 0.000855507 0.0390971 -0.0139864 0.00929039 -0.017672 0.00197701 -0.0103049 -0.000335034 0.0195796 -0.00285395 -0.00766247 -0.0137798 -0.000604163 -0.00485622 -0.0215648 -0.00316444 0.000350844 -0.00481999 -0.00101803 -0.0822545 -0.00777911 0.0182544 -0.00554347 -0.012271 -0.00112227 -0.0416276 -0.001198 -0.000441023 -0.000224911 -0.00625018 -0.0371762 -0.00236047 -0.000696928 -0.000859321 -0.0302797 0.0526391 0.000893188 -0.00269083 0.027984 0.0506626 -0.000221392 -0.0347012 
0.00328689 -0.00102667 -0.00227668 0.000272694 0.0155736 -0.000392772 0.000198449 -5.43609e-05 -0.00131533 -0.000449815 -0.00321955 4.83444e-05 0.0032155 -0.000972323 0.00834736 0.003445 -0.00196745 -0.0018779 3.65654e-05 -5.93223e-05 -0.00162839 -0.00243036 -0.00155552 0.00206829 3.42027e-06 -0.00359749 0.0238281 0.00182041 -5.54953e-05 -0.0030223 0.00295464 6.51381e-06 0.00397129 0.000115849 7.35755e-05 -4.0086e-05 -0.0110498 0.000952765 -0.00386304 0.00416709 0.00166699 -0.0072019 0.00102704 -0.00854592 0.000264969 -0.000633796 0.00275108 0.00315304 -0.00155726 -0.00746156 -1.16793e-05 -0.00129994 0.00248811 0.000190406 -0.00139259 -0.00043872 0.00278553 0.00602566 -0.00264379 -0.0087978 -0.0132353 0.000553123 -0.00488416 0.00128449 0.00639548 0.000411983 0.0116086 0.00113707 0.00752744 0.00272307 0.00061955 0.00316169 0.00147047 0.000847993 -0.000173903 0.00181236 9.93224e-05 -0.00780695 -7.52406e-05 -0.00794632 -0.0030964 0.00375401 0.00808371 -0.00152708 7.34685e-06 0.00013979 5.10449e-05 0.000648595 -0.00673335 0.000751305 6.86452e-05 0.00135058 0.000836344 -0.013719 0.000166728 0.000362076 -0.00266215 -0.0122361 0.000261271 0.00406232 
0.000343973 0.000247401 0.000262001 -0.00128531 0.000327204 -7.81902e-05 -0.000109904 4.32947e-05 -0.00096604 0.000153583 -0.0012935 0.000510633 0.000523061 0.000215572 0.000169519 -4.63601e-05 -0.000634655 0.00118243 0.000102914 7.95929e-05 -0.000437571 -0.000280288 -0.00101901 0.00023446 5.48691e-06 -0.00226876 0.00182041 0.0101425 0.000453486 -0.00102232 0.00198813 -0.000629252 0.000504236 4.66691e-05 7.70405e-05 -0.000743111 -0.00121761 1.0861e-05 -0.00168962 0.00543591 -0.000420109 -0.00228606 -0.000138241 -0.00299279 0.00209594 -0.000100673 0.00555821 0.0024466 0.00254252 -0.00431749 1.8188e-05 0.000964221 0.0035102 7.23295e-05 -0.00472514 0.00111152 -0.000754354 0.00116522 -0.00641203 -0.00727124 -0.0056976 -0.00554089 -0.00478402 0.000229469 -0.000641581 0.000199326 0.000108256 -0.000253383 0.000464272 0.00510757 0.00165585 0.000675479 0.00588645 1.83956e-05 0.000696338 0.00500984 8.81432e-05 -0.000817665 -0.000485393 -0.00517297 -0.000899593 0.00292088 -3.61681e-05 -0.00134171 5.83439e-06 0.000182698 8.25746e-05 0.0026522 -0.00299465 0.00121514 0.000160594 0.00475444 0.00206928 -0.00364576 -2.08215e-05 0.000422044 0.00297932 -0.0041012 -9.08935e-06 -0.00236755 
-0.000441886 -0.000357287 -0.00276576 -0.00144121 0.000482365 5.46856e-05 5.73649e-05 0.00013474 -0.00039367 -0.000304267 -0.000875437 2.74195e-05 7.42361e-05 0.00114234 -0.000713956 -5.13639e-05 0.000241325 0.00039835 0.000228689 7.88695e-06 -0.000256186 0.00017294 -0.000342863 -0.000145705 -6.28731e-06 -0.00253418 -5.54953e-05 0.000453486 0.0111878 0.000880847 0.000391371 -0.000543387 -0.000131302 0.000331236 -1.21151e-06 5.12223e-05 -0.00286404 1.93289e-05 -0.00137202 0.00163467 -0.0005281 -0.000330262 -0.000178388 0.000158444 0.00244702 0.000535314 0.00017303 0.000160873 0.00221079 -0.00347653 0.000112295 0.00246378 0.000237658 0.000199807 0.000270692 0.00203182 0.000404738 0.00145421 -0.00233954 -0.00193023 -0.00110041 -0.00335062 -0.0028342 0.000826279 -0.000132663 -6.52807e-06 -0.000807461 -3.82784e-05 0.000388083 0.00141138 0.000446671 -2.76675e-05 0.000278038 0.000315404 7.26778e-05 0.00176714 0.000186316 -0.000437458 -0.000400807 -0.000574418 -0.000810393 0.00048534 -0.000307057 -0.00149136 -2.86319e-05 -1.45294e-05 6.77318e-05 0.000438081 -4.00295e-05 8.9809e-05 -0.000210156 0.00305383 -0.000890124 -0.00283409 4.61055e-05 0.000359168 0.000786975 9.882e-06 1.70922e-05 -0.00116127 
-0.00611599 -0.00800966 -0.0353349 0.019898 0.00190936 0.000464022 0.00152417 -9.01727e-06 0.000176866 -0.00730986 0.00712873 -0.00159428 0.00540711 -0.00426094 -0.00465819 -0.00176658 -0.0202482 -0.0106877 -0.000351982 -0.000538279 -0.00262529 -0.0196336 0.000501536 -0.00325143 -0.000214366 -0.0362854 -0.0030223 -0.00102232 0.000880847 0.185401 -0.00406163 -0.0126503 -0.00479254 3.28376e-05 5.99068e-05 -0.011159 -0.0301672 -0.00059094 -0.00204514 -0.00891259 -0.0102328 -0.0221809 -0.00552175 0.0387007 -0.00152152 -0.00952207 -0.00939412 -0.0155968 -0.0106108 -0.00718748 0.00039159 -0.0110279 -0.0146479 -0.00173543 0.00968706 -0.0165518 0.0172123 -0.00444023 0.033411 0.0117037 0.0344475 0.0333794 0.0150174 -0.00778272 0.0152726 -8.11423e-05 -0.0182766 -0.00723213 0.0154452 -0.0148829 -0.000944753 -0.0034957 -0.0152843 -0.00167219 0.000251892 -0.022664 -0.000684009 0.0315686 -0.00175066 0.00125988 0.0233736 -0.0090572 0.00155011 0.0512143 -0.000704108 -0.000506821 0.000150777 -0.00622847 0.0239957 -0.0013521 -0.0026405 -0.0105618 -0.0245807 -0.0200577 -0.00105079 0.00149122 -0.0194885 -0.0190243 -0.000226359 0.0088129 
-0.000589493 -0.000661603 -0.00340754 -0.00119769 0.00146099 -0.000265499 4.75772e-05 0.000359162 -0.00159165 -0.000227133 -0.00195598 0.000291758 0.000206786 -0.000134491 -0.00108208 0.000172179 -0.000170769 -0.00121187 6.75518e-05 2.4291e-05 0.00142949 -0.000434381 -0.00191279 0.00164278 -1.92486e-05 -0.00464305 0.00295464 0.00198813 0.000391371 -0.00406163 0.0181321 -0.00119288 0.00239196 -5.79514e-05 9.19794e-05 -0.000691699 -0.00903334 0.000367831 -0.00377953 0.0121888 -0.000506874 -0.0032013 1.01703e-05 -0.00574006 0.00486664 0.00120549 0.0105657 0.00683173 0.0016127 -0.00896242 -1.13518e-05 0.002109 0.00855222 6.05102e-05 -0.00892139 0.00164973 -0.00168586 0.00545111 -0.0118935 -0.011322 -0.00869286 -0.0096304 -0.00913309 0.0029094 0.000341739 2.01677e-05 -0.00119867 0.000778565 -0.000485917 0.0106089 0.000977187 0.00628222 0.00842986 0.00129391 1.8906e-05 0.00912052 0.000621579 -0.00585485 0.000449384 -0.012002 -0.00246882 0.00657467 0.000186143 -0.00232602 2.26816e-05 0.000390875 0.000126204 0.00684442 -0.00607404 0.00463909 -0.00011854 0.0114061 0.00596245 -0.0102264 0.000302228 -3.2558e-05 0.00289736 -0.00660603 0.000208708 -0.00312046 
0.00305371 -0.000467034 -0.00603498 -0.0041405 -0.000151425 0.00304288 -6.04896e-05 0.000343929 0.0104664 -0.00246541 0.00454773 -0.000260455 -0.000536315 -0.00095951 -0.000284989 0.00192254 -0.000823454 -0.00478311 0.000193117 -0.000213711 -0.00388219 -0.00776824 -0.00110547 -0.00142896 -0.000144238 -0.0192885 6.51381e-06 -0.000629252 -0.000543387 -0.0126503 -0.00119288 0.0839299 0.00220819 -0.000666069 3.36777e-05 -0.00276083 0.0160119 -0.000243935 -0.0048621 -0.00228956 -0.00177552 -0.0237744 -0.00148618 -0.0219869 -0.000991951 -0.00459349 -0.000422785 -0.00194571 -0.00301782 0.0312867 -0.000141231 -0.00657087 -0.00475567 -0.00056443 -0.0113341 -0.000659562 -0.00788296 -0.0023541 0.0114791 0.00687949 -0.000986105 0.00242443 0.0285971 0.00120572 -0.0144122 -2.481e-05 0.00319518 -0.00229744 0.000328197 -0.00569826 -0.000415507 -0.000896444 -0.00738665 -0.000827852 -0.000617052 -0.00347494 -0.000313204 0.016178 0.00303749 -0.0013524 -0.00292575 -0.00224596 -0.00343277 -0.00304522 0.000431217 -1.91421e-05 2.21993e-05 -0.0025784 0.0174494 -0.000499397 -0.000689495 -0.00382961 -0.00760216 0.00409068 5.04331e-05 0.0018769 -0.010861 -0.0165854 -8.46004e-05 0.0137039 
0.00305013 0.00247747 -0.00126537 -0.00240013 0.00848541 0.000165106 -0.000218146 0.000497729 0.00400227 0.000749637 -0.00214738 0.000406889 0.00146403 -0.00103503 0.00836487 0.00011323 -0.00177234 -0.00142866 -7.32332e-06 -1.07732e-05 -0.000739532 -0.00172922 -0.00164534 0.00133762 -1.10448e-05 -0.00757162 0.00397129 0.000504236 -0.000131302 -0.00479254 0.00239196 0.00220819 0.021637 0.000365074 0.000103281 0.000648511 -0.00612121 0.000139573 -0.00419026 0.00470261 0.000220621 -0.00622095 0.000691457 -0.00970329 0.0017621 0.00116462 0.00444617 0.00425242 -0.000422365 -0.00607484 -1.71543e-05 0.00113941 0.00427312 -7.28751e-05 -0.00423579 -0.000330275 0.00509748 0.00153278 -0.00594339 -0.00745067 -0.0120008 -0.00737414 -0.00398235 0.00111788 0.00165583 0.000573767 0.00638459 0.000157139 0.00364489 0.0042162 4.37495e-05 0.00102374 0.00420949 0.00104277 -7.99406e-05 0.00316383 -6.66552e-06 -0.000792039 -0.000771742 -0.00545843 -0.00189306 0.00185927 0.00196047 -0.00187294 0.000259888 0.000270104 0.000104474 0.0018345 -0.00620043 0.00157266 0.00169428 0.00232718 0.00608341 -0.0093192 6.53492e-06 0.000285723 -0.00193048 -0.00910637 1.66275e-05 0.000602117 
