0.0351336 -0.0128668 -0.0117694 0.000267243 -0.00157806 0.000744403 0.00930369 -0.00602369 0.000245009 0.00246395 -0.0010283 -0.000656578 -0.000634258 0.00022743 0.00336925 -0.0014604 0.000289167 0.0124533 0.00733664 0.00157063 4.66683e-06 -0.000770472 -0.0163365 -3.71478e-05 -0.0167726 0.00978295 -0.00765363 -0.0121644 -0.00290635 -0.000126266 -0.0012549 -0.00116966 -0.00770552 -0.0028307 0.00649222 0.000363926 0.00489728 -0.00559374 -0.0100698 -0.000678072 -2.9803e-05 -0.000753306 -0.00124272 0.00727003 -0.00359913 0.0115932 -0.000162131 0.00428209 0.00752288 0.000768153 -0.00208209 0.00189306 -0.00165845 -0.00217903 0.000954891 -0.00283667 0.00053873 0.000484649 -0.00229363 0.0185355 -0.000115811 0.000307277 -0.00284754 0.000716646 -3.57942e-05 -0.000441371 0.000949724 0.00865101 -0.00962578 -0.00696376 0.00012646 0.000358106 -0.00429174 -0.000578397 0.000434449 -0.00120568 0.000332086 0.00350611 0.00168064 -0.000272832 -8.17459e-05 -0.0018994 -0.000494165 -0.000610096 -0.000539851 -2.92564e-05 -1.8895e-05 -0.00501851 -0.00122314 0.00172911 0.00488488 0.00405454 -0.00111579 -0.00210971 0.00940086 5.60552e-07 6.16846e-05 -0.00640693 -0.00100193 -0.000130427 
-0.0128668 0.237344 -0.0838024 0.0240397 -0.00801 0.000279846 -0.0293464 -0.047421 -0.0102365 0.000603399 -0.0340062 -0.0115495 0.00254802 0.01026 -0.0109662 -0.00204037 -0.000994309 0.00256352 -0.0194479 -0.00177448 0.00111299 0.00208672 0.09872 0.0302052 0.142931 -0.0736144 -0.0480133 0.0165655 -0.0459837 0.00183453 -0.0505839 -0.000168159 -0.067023 0.0802876 -0.00105667 0.000297285 -0.00728783 0.0705072 0.095203 0.0063821 0.00136215 0.0239718 -0.00574987 -0.0217798 -0.0487443 0.0160999 0.00179067 -0.0275087 -0.0502491 -0.01076 0.0310142 -0.0125697 0.0128766 -0.00426067 0.0134728 0.0387518 0.000246389 -0.0596922 0.00748481 -0.0530341 -0.0013999 -0.000188579 0.0206099 -8.98472e-05 0.00014306 -0.00317272 -0.0714877 -0.060681 -0.0373565 -0.0791577 -0.00127431 -0.00647588 0.0354 0.00123766 -0.00104513 0.00867138 -0.00124603 -0.00756236 -0.0143327 0.00101001 0.00239876 -0.0250459 -0.00228321 0.0148311 -0.00387164 -0.00115944 0.000562036 0.0310578 0.0107779 -0.00192366 -0.00189992 0.065144 0.0118656 0.0120552 -0.0120336 -0.00680949 -0.000876215 0.0117281 -0.00848943 0.0120687 
-0.0117694 -0.0838024 0.249379 -0.0205585 0.00496663 -0.00386053 -0.000870138 0.0920909 0.0431848 -0.0108507 0.0106275 -0.00150877 -0.00623319 -0.0312199 -0.00197441 0.0111258 -0.000267685 -0.0430385 -0.0118791 -0.000702958 -0.00102033 -0.0163276 0.00584778 -0.0346387 -0.0548666 0.0270388 0.106231 0.0601192 0.0212488 -0.00477794 0.0260947 -0.00725697 0.124199 -0.0627053 -0.0341518 -0.00148415 -0.00498292 -0.0708425 -0.0300205 -0.00531535 -0.00264704 -0.0491972 0.00391166 0.00332512 0.0232767 -0.066098 -0.00557779 0.0244488 0.0136212 0.00292441 -0.0568205 -0.00614935 -0.0187095 -0.0199209 -0.0364093 -0.0438883 -0.00369822 0.0101016 -0.00448401 -0.00363668 -0.000702877 -0.0026196 -0.0153865 0.000288499 -0.000399668 0.00443879 0.0577379 -0.00237342 0.0867028 0.0984296 -0.00190087 -0.00057743 -0.0440384 0.00613755 -2.03432e-05 0.00832037 -0.00105432 -0.00175909 0.00340425 -0.0030159 -0.00349465 0.0190353 0.00540372 -0.0218518 -0.00809206 -0.00130189 -0.000502204 0.0296257 -0.0418579 -0.00354216 -0.0317204 -0.107903 -0.00942257 0.0214305 -0.00174799 0.000551036 -0.000670378 -0.0186875 0.00817089 -0.0146328 
0.000267243 0.0240397 -0.0205585 0.100757 0.000382948 0.000533851 0.00257613 -0.0322262 0.00894644 -0.00263883 -0.00632254 -0.00210022 -0.000870005 -0.00791875 -0.000910734 -0.00335534 5.6245e-05 0.00418057 -0.00171955 -7.96242e-05 4.38768e-05 -0.00345711 0.0268261 -0.0116822 0.0135234 -0.0106365 -0.00929788 0.00729597 -0.00276082 -0.000196046 -0.0022507 -0.0025348 -0.022534 0.0189098 -0.011975 0.000144799 -4.3695e-05 0.00871369 0.02528 -0.00141199 -0.000393111 -0.000367474 -0.00540128 -0.00142762 -0.0121458 0.0120297 0.0013177 -0.01018 -0.0194001 -0.00279502 0.00345957 -0.00410294 -0.00529575 -0.00168315 0.00489432 0.00808308 -0.000343967 -0.0119732 -0.00106696 -0.00380449 -0.000312799 0.000469168 0.0135677 -0.000383545 -3.81601e-05 -0.000316701 -0.0121353 -0.00545303 -0.00345449 -0.0148825 -0.000225653 -0.00122551 -0.013327 -0.000283559 4.76725e-06 0.000819977 -9.25064e-05 0.000330017 -0.00336525 0.0012602 -0.000799521 -0.00695665 -0.00228054 -0.0035861 -0.000545096 -0.000885832 0.000108878 -0.00179234 0.000521762 6.31266e-05 -0.00931788 0.0145608 0.00653565 0.000693358 0.000878651 -8.32125e-05 -0.000182696 0.00307969 0.000758845 0.00387268 
-0.00157806 -0.00801 0.00496663 0.000382948 0.0500485 0.000660874 -0.00126444 -0.00722657 -0.00892329 -0.00129267 0.00265032 0.00357253 0.000774727 0.00675376 0.000591455 -0.00101158 4.70874e-05 -0.00981462 -0.0013335 -0.000176959 0.000344421 0.00339152 -0.00341231 -0.00221407 -0.00340107 0.00160663 -0.00302482 0.00136301 0.0059336 -0.000342067 -0.00409064 -0.00131008 -0.00259953 -0.0109195 -0.00584718 0.00128786 5.45692e-06 0.00677682 0.00104628 0.000844293 -0.00027489 0.000194061 -0.00117355 -0.00108475 -0.00615551 -0.00678214 0.00377942 -0.000278323 -0.00477959 -0.000633056 0.00639129 0.00109402 0.00104032 0.00827132 -0.00203267 0.00643697 -3.14959e-05 -2.20652e-05 0.00770661 -0.00222438 0.00183678 0.000260784 0.000321818 -0.000264 1.53201e-05 0.000163243 -0.00106394 -0.00266599 -0.00394671 0.00812803 -0.000158262 0.000485215 -0.000620407 -0.000767569 4.23198e-05 0.000273192 0.000477106 -0.00016817 0.000124455 0.000900134 1.25322e-05 -0.0025988 -0.000356817 0.000833269 -0.000240674 0.000400931 -9.05833e-05 0.00461464 0.00322362 8.52258e-05 0.000800445 -0.0143948 -0.00108516 -0.0132157 0.000296812 0.000619831 -1.37937e-05 -0.00556903 0.000736413 -0.00212907 
0.000744403 0.000279846 -0.00386053 0.000533851 0.000660874 0.0113074 -0.000697984 -0.00314061 -0.00229585 0.00068052 -0.000603944 0.000135371 -7.56306e-05 -0.000578909 1.98207e-05 -0.00061656 -1.45545e-05 -0.00170363 0.00202335 7.69099e-05 6.80717e-05 0.00273811 0.000568868 0.0016528 -0.00157889 0.00116313 -0.00298462 -0.000677129 -0.0013566 0.000399583 -0.0015355 -0.000290846 -0.00461915 0.00209992 -0.00187972 0.000116133 2.86793e-05 0.00210487 1.56553e-05 0.000127513 2.9991e-05 0.000877564 -0.000631316 -0.000227866 -0.0017519 -9.91805e-06 1.40006e-06 0.000334535 -0.00179258 8.50629e-05 0.000552227 -0.000508825 -0.000509912 0.000507511 -0.000564643 0.00331225 9.40368e-06 0.00101397 0.000546698 -0.000997891 1.26443e-06 0.000566591 0.000734891 -7.61141e-05 -7.00769e-06 -0.000195658 0.000190615 0.000769758 -0.00374853 -0.00263901 0.000100596 -9.34488e-05 -6.62766e-05 -0.000198357 2.93533e-05 -9.5981e-05 -3.77511e-05 7.21045e-05 -0.000465155 -1.2279e-05 0.000105668 -0.000598647 -0.000127042 -0.000140733 0.000816178 -5.27242e-05 -1.11576e-05 0.000288853 0.0016152 -2.35775e-05 -0.000207411 0.00415687 6.99333e-05 -0.000753603 6.64053e-05 0.000459164 -2.29958e-05 0.000407875 -0.000281937 9.32776e-05 
0.00930369 -0.0293464 -0.000870138 0.00257613 -0.00126444 -0.000697984 0.0844044 -0.0148783 -0.0227805 -0.00168653 0.00681877 0.00178342 -0.000840491 0.0145705 0.00249004 -0.00638532 0.000560193 0.0207583 0.0134714 0.00153111 2.25136e-05 -0.00388567 -0.0421527 -0.00314662 -0.0182474 0.0317747 -0.0275059 -0.0277206 0.0078278 8.05618e-05 0.00662939 -0.00154883 -0.0123901 -0.0308227 0.0177965 -0.000225254 0.00562744 0.000578002 -0.023693 -0.000854843 -0.000507367 -0.00418605 -0.00380773 0.0234521 0.0149976 -0.00931618 -0.000641683 -0.00848549 0.00756297 0.00290198 0.00359061 0.0315249 0.00789909 0.00285614 0.00706442 -0.0124055 0.00301997 0.0131131 -0.00540104 0.0190636 0.000572411 -0.00217836 -0.0099475 0.00188129 0.000133609 0.00149673 0.00587845 0.0246269 -0.0361727 0.00110485 -0.000113731 0.00245374 0.00733933 -0.00140423 7.42261e-06 -0.00307769 0.000778876 0.0104824 0.014853 -5.07094e-05 -0.000201385 -0.00490671 -0.00189836 -0.00136455 -0.00203282 0.000148516 0.000309321 -0.0271698 -0.00257654 0.000181326 0.0329597 -0.0190225 -0.00155837 -0.0346093 0.00458433 0.000992795 0.00124939 -0.00974569 -0.00180472 -0.00215526 
-0.00602369 -0.047421 0.0920909 -0.0322262 -0.00722657 -0.00314061 -0.0148783 0.225161 0.074122 -0.0128197 0.00173478 -0.0054094 -0.0109565 -0.0423273 -0.00176272 -0.00877448 -0.000733854 -0.0217263 -0.0484815 -0.0015943 -0.00234464 -0.0190161 0.0218558 -0.0351036 -0.0296671 -0.0376835 0.119976 0.0778529 0.0025574 -0.00562461 0.0125336 -0.00369612 0.116159 0.0169188 -0.0207523 -0.000815159 -0.00490302 -0.0866797 0.0196416 -0.00416053 -0.00321042 -0.0502219 -0.0129172 -0.0143803 0.00384314 -0.0176959 -0.00563135 0.0165935 -0.0253865 0.00408859 -0.0202091 -0.0194416 -0.0293286 -0.0343082 -0.0348624 -0.0600134 -0.00302822 -0.00501595 0.00408701 0.024812 -0.00198513 0.000228991 -0.048747 -4.73309e-05 -0.000459752 0.00115134 0.0405515 -0.0247195 0.116617 0.0309959 -0.00108356 -0.00251467 -0.0420694 0.00391529 0.000462176 0.00613538 -0.00240213 -0.00819113 0.000762098 -0.00295864 -0.00436486 0.01759 0.00480365 -0.0227636 -0.00438391 -0.00230808 -0.000528697 0.0570796 -0.0355557 -0.000792691 -0.0561479 -0.0491468 -0.0118802 0.0841575 -0.000535191 -0.00601104 -0.00128774 -0.00734183 0.00762626 -0.0162778 
0.000245009 -0.0102365 0.0431848 0.00894644 -0.00892329 -0.00229585 -0.0227805 0.074122 0.131709 -0.00939041 -0.0160077 -0.0120111 -0.00772322 -0.0655133 -0.00334854 0.00388174 -0.000616636 0.00262715 -0.0154633 -0.0019317 -0.002688 -0.0305108 0.0477892 -0.00917585 -0.00996148 -0.0361503 0.0719703 0.0730728 -0.0175593 -0.00567112 0.0179291 -0.00370122 0.0667933 0.0407972 -0.0349756 -0.000215984 -0.00734174 -0.0669069 0.0338109 -0.0109881 -0.00266825 -0.033893 -0.0116773 -0.013056 -0.0173116 0.0365926 -0.00238709 0.00681058 -0.0122375 0.000218877 -0.0172759 -0.0290235 -0.043092 -0.0309843 -0.0210182 -0.0111294 -0.00428113 -0.00583613 -0.0124086 0.00979773 -0.00249416 0.000966042 -0.00381513 -0.00173378 -0.000318918 -0.0035254 0.0199718 -0.0113933 0.0839023 0.00325856 -0.00188133 -0.00294576 -0.0607764 0.00235137 0.000220796 0.00288197 -0.00267489 -0.010825 -0.0158116 -0.00245016 -0.00593991 0.00796034 0.00241972 -0.022302 -0.00525601 -0.00335051 -0.000920845 0.0376827 -0.0339879 -0.000180368 -0.0633711 0.00990157 0.00098937 0.0820735 -0.00200321 -0.00353172 -0.00197703 0.015271 -0.00163247 0.00531718 
0.00246395 0.000603399 -0.0108507 -0.00263883 -0.00129267 0.00068052 -0.00168653 -0.0128197 -0.00939041 0.0417075 -0.00308251 5.95738e-05 -0.00078779 0.00953607 0.000830572 -0.0010314 -2.29176e-05 0.0126801 0.00948435 -2.61007e-05 8.61567e-05 0.0056893 -0.0165029 0.00633676 -0.0056971 0.00281329 -0.0140415 -0.0121675 -0.00699326 0.000492312 0.00222676 -0.000228909 -0.00951492 -0.0031436 0.0133365 3.03418e-05 -0.000450327 -0.00161284 -0.012159 0.00167835 -0.000183713 0.0178768 -0.00201366 0.00184284 0.0131475 -0.00185405 -0.000459851 0.000358262 0.00539451 -0.000174472 -0.00661374 0.0016093 0.00378685 -0.000358428 0.00230634 -0.00516539 0.000316078 0.00302616 9.18579e-05 -0.00181688 -8.83775e-05 -0.000441627 -0.00334491 -0.000182354 -5.70225e-05 -0.000457038 0.0080296 0.0093472 -0.0168855 -0.0108301 5.31706e-05 0.000339734 0.00938259 -0.000611755 6.15606e-05 0.000157144 7.86183e-05 -0.000256749 -0.000914113 -0.000179664 -0.000328296 -0.00166396 0.00258782 0.0059399 0.00113677 -3.19636e-05 2.15097e-05 -0.00987535 0.00468739 -0.000190847 0.0031397 -0.00246036 -0.00130679 -0.00770542 0.000462159 0.00247521 6.24222e-06 -0.00281617 -0.00125421 -0.00173452 
-0.0010283 -0.0340062 0.0106275 -0.00632254 0.00265032 -0.000603944 0.00681877 0.00173478 -0.0160077 -0.00308251 0.0748337 0.00980029 -0.000551973 0.00600734 0.00154685 0.00130019 0.000189406 -0.0164127 -0.00601735 0.000254663 0.000138239 -0.000168187 -0.0104097 -0.00606238 -0.0253863 0.0331517 0.00456597 -0.014178 0.0336297 0.000853874 -2.22228e-05 -0.00190713 -0.00287558 -0.0197908 -0.0104996 -0.0002361 0.00212321 -0.00544893 -0.0157669 -0.000610021 -0.000497506 -0.00565432 -0.0033434 0.0037579 0.000968114 -0.0123423 -0.000545978 -0.0114683 -0.00778194 -0.000469625 -0.00225881 0.00709784 -1.88917e-05 0.0106879 0.00200786 -0.00848718 0.000408749 0.013987 0.00696225 -0.00391403 0.00142435 -0.000906494 -0.00772531 0.00187097 -9.49977e-05 0.00107173 0.000200134 0.008931 -0.000739408 0.0405085 0.000617793 -0.000747003 -0.00324332 -0.00071766 -6.4638e-05 -0.00180897 0.00145639 0.00317237 1.66499e-05 -0.000413436 -0.000444274 -0.00208554 0.000750264 -0.00355916 0.00154354 0.00208936 -0.000105823 0.00693314 -0.000925898 -0.000243452 0.00576956 -0.0176786 -0.00150501 -0.00915695 0.00100926 0.000319229 0.000873762 -0.00599745 0.00181697 -0.00413839 
-0.000656578 -0.0115495 -0.00150877 -0.00210022 0.00357253 0.000135371 0.00178342 -0.0054094 -0.0120111 5.95738e-05 0.00980029 0.0207156 0.000549356 0.00706042 0.00304836 -0.000584847 0.000131235 -0.00287511 1.33879e-05 0.000127376 -2.59234e-05 0.00440421 -0.0133332 -0.00156802 -0.00810117 0.00899845 -0.00974718 -0.0124625 0.010341 4.76983e-05 -0.00144874 -0.000164634 -0.00480506 -0.00875404 -0.000899272 -1.64483e-05 0.00226509 0.000819836 -0.00778844 0.000168027 -1.99768e-05 0.0030855 -0.000586422 0.00340449 0.00874496 -0.00482278 0.000675783 -0.00271485 -0.0016999 -0.000120191 -0.00164134 0.00309422 0.00152707 0.0099153 4.06422e-05 -0.00085563 4.509e-05 0.00991391 0.00937108 -0.00260501 0.00057784 -0.00046976 -0.00167943 -9.25415e-05 3.29393e-05 0.000340502 -0.00293954 0.00656147 -0.0111454 0.0117911 0.000134435 0.00070812 -1.09808e-06 -8.13382e-05 -1.98124e-05 -0.000454059 0.00127532 0.00107057 0.000137317 0.000229112 -8.93124e-05 -0.00138645 -0.000396224 0.000186965 -1.27624e-05 0.00104883 -1.57961e-05 -0.00148137 0.0073584 0.000324484 0.00691004 -0.00628265 -0.000758137 -0.0145282 -0.000149676 -0.000183762 -1.81168e-05 -0.00271077 0.00434043 -0.00111479 
-0.000634258 0.00254802 -0.00623319 -0.000870005 0.000774727 -7.56306e-05 -0.000840491 -0.0109565 -0.00772322 -0.00078779 -0.000551973 0.000549356 0.0185104 0.000983894 8.68827e-05 0.00545584 -2.09582e-05 -0.00235835 -0.00120303 -3.5228e-05 -5.30566e-05 -1.03516e-05 -0.000499963 -0.00166419 0.004659 -0.00173353 -0.00723791 -0.00575885 0.00313715 0.000511576 -0.0011946 -0.000172114 -0.00308056 -0.00575948 -0.00294548 -5.3829e-05 0.000928146 0.00998868 -0.004241 0.00137453 0.00136062 0.00134365 0.0108282 -0.000580624 -0.00355602 -0.00355242 0.0018281 -0.00181327 0.00491106 -0.00038317 0.000671475 0.000406278 0.00516286 0.00313945 0.0040217 0.012026 1.41906e-05 -0.00175357 -0.000721995 -0.00251999 0.000118712 -0.000415056 0.00896823 2.82004e-05 9.51162e-07 -0.000315448 -0.00376902 -0.00132099 -0.0091324 -0.000136966 1.9697e-05 8.53182e-05 0.0065995 0.000121045 -2.90547e-05 -0.000516382 -3.06562e-05 -0.000112285 -0.000891309 -4.4419e-05 0.00459662 -0.000913926 -0.000401045 0.00263025 -0.000270355 0.000188027 0.000208702 -0.00389153 0.00217058 3.70078e-06 -0.000398335 -0.000143498 4.4333e-05 -0.0115613 -0.000432307 -0.000232306 9.63872e-05 -0.00334038 -0.000672686 -0.000553773 
0.00022743 0.01026 -0.0312199 -0.00791875 0.00675376 -0.000578909 0.0145705 -0.0423273 -0.0655133 0.00953607 0.00600734 0.00706042 0.000983894 0.0875753 0.001234 -0.00481045 0.000272638 0.00581758 -0.00427966 -0.000176939 0.000409133 0.0237768 -0.0411533 -0.00266766 0.01468 0.0216301 -0.0463023 -0.0408007 0.00161549 0.00410403 -0.0134896 0.000867768 -0.0390782 -0.0386458 0.0488622 -4.52901e-05 0.000875672 0.048925 -0.0355818 0.00642766 -0.000280375 0.0402836 0.00178392 0.00445875 0.0193161 -0.0216717 0.00259157 -0.011313 0.0111936 5.87844e-06 0.00112187 0.0180531 0.0332084 0.0290239 0.00896938 -0.0111001 0.00417903 -0.00471189 0.00300854 -0.00269498 0.00145138 -0.00230661 -0.00413366 0.000895649 0.000180968 0.00445596 -0.0161676 -0.000433851 -0.0545214 -0.0101649 -0.000182701 0.00054661 0.0555748 -0.00151716 -0.000104833 -0.00226754 0.00141723 0.0038164 0.0107089 0.00160005 0.00107576 -0.00740435 -0.00147626 0.0230187 -0.00222979 0.00342034 0.000300053 -0.0279938 0.0359357 0.000132162 0.0536814 -0.0177386 -0.00275217 -0.0551714 -0.00085154 -0.00102697 0.000919549 -0.0187394 -0.000712133 -0.0045437 
0.00336925 -0.0109662 -0.00197441 -0.000910734 0.000591455 1.98207e-05 0.00249004 -0.00176272 -0.00334854 0.000830572 0.00154685 0.00304836 8.68827e-05 0.001234 0.0212312 -0.000900262 3.97127e-05 0.00143889 0.00259078 0.000713304 -2.58067e-05 -0.000487616 -0.0127248 -0.00229317 -0.00993015 0.00565775 -0.00362875 -0.00786758 0.00942482 -0.00022795 -0.0014123 -0.000251092 -0.00112008 -0.00756431 -0.00192771 -3.30958e-05 0.00240289 -0.00324511 -0.00770815 -0.00039372 -0.000110256 0.00183538 -0.000100104 0.00239617 0.00633528 0.00192873 0.000138746 -0.000473385 0.00235749 0.000294 -0.0027271 0.00187975 -0.000129214 0.000851627 0.00158292 -0.0025318 0.000427093 0.0068452 0.00172032 0.00323913 0.000289439 -0.000234012 -0.00208846 -0.000160267 -1.2392e-05 8.57568e-05 -0.0020844 0.00689663 -0.00159267 0.00792128 3.03236e-05 0.000383429 -0.001745 -0.000287884 -2.22919e-06 -0.000659452 0.000596748 0.00135793 0.000167822 9.75789e-06 -1.83044e-05 0.00049884 -0.000348863 -0.00078698 -0.000504912 -2.51225e-05 -3.81065e-05 -0.0016946 0.000128798 0.000590734 0.0033303 -0.00470618 -0.000769277 -0.00416033 0.0028653 -0.000209873 -1.02726e-05 -0.00432251 0.000700131 -0.0011635 
-0.0014604 -0.00204037 0.0111258 -0.00335534 -0.00101158 -0.00061656 -0.00638532 -0.00877448 0.00388174 -0.0010314 0.00130019 -0.000584847 0.00545584 -0.00481045 -0.000900262 0.0733397 -0.000191688 -0.00972959 -0.0056122 -0.000261675 0.000388341 -0.00285406 0.00667392 -0.00720699 0.00376166 -0.000976639 0.00922207 0.00410066 0.00252914 -0.000384151 0.00934985 -0.00275879 0.00893843 -0.0176152 -0.0112024 -0.000316286 -0.00093169 -0.000232218 -0.00432006 0.00130002 0.000422753 -0.00347275 0.0101826 -0.00309774 -0.0121558 -0.00755752 -0.000231523 -0.00638122 0.0136663 -0.00142668 -0.011926 -0.00326044 0.00011258 -0.00265419 -0.00466707 0.0220747 -0.000616156 0.000577013 0.00221089 -0.00826005 0.000324206 -0.000411987 0.0164111 -0.000111103 -1.64712e-05 -0.000875729 -0.00862731 -0.00354239 0.00550428 0.0132042 -0.000324781 -0.000262809 -0.000604532 0.0045637 -5.10452e-05 -0.000887659 -0.000245037 -0.00101928 -0.00401908 -0.000525207 0.00198395 0.00100862 0.000917828 0.00204412 -0.00197257 -0.000399892 2.34031e-05 -0.00326619 -0.00391676 -0.000153987 -0.0089651 -0.0190851 -0.000850887 -0.00351763 -0.00146862 -0.000842519 -9.37705e-05 -0.00617477 -0.000426694 -0.00266885 
0.000289167 -0.000994309 -0.000267685 5.6245e-05 4.70874e-05 -1.45545e-05 0.000560193 -0.000733854 -0.000616636 -2.29176e-05 0.000189406 0.000131235 -2.09582e-05 0.000272638 3.97127e-05 -0.000191688 0.00285829 0.000832918 0.000830335 0.000200301 -1.19568e-06 -0.000144459 -0.00133958 -0.000297782 -0.000690865 0.00019193 -0.0010395 -0.00080344 -0.000341134 3.1396e-05 6.12024e-05 7.74036e-05 -9.73355e-06 -0.00109478 0.00103288 2.05226e-05 0.000306206 0.000200273 -0.00112631 -3.94236e-05 4.28862e-05 -9.92457e-05 -9.44805e-05 0.000978536 0.000553031 -0.000132707 4.69532e-06 9.60996e-06 0.000817247 0.000259175 -0.00019788 0.00022593 2.86432e-05 0.000129226 -8.82702e-05 -0.000370771 2.71197e-05 -9.89847e-05 -6.55495e-05 0.000881835 7.12363e-07 -3.24416e-05 -0.000136735 -6.37398e-06 1.70957e-06 2.82371e-05 -0.000221784 0.000524799 -0.00125782 -0.000203271 -7.83851e-07 0.000125752 3.2438e-05 -5.01405e-05 4.61468e-06 -9.89458e-05 2.13682e-05 0.000267857 0.000435348 1.09676e-05 9.11737e-06 0.00020607 -5.9865e-05 -3.13609e-05 -9.48498e-06 3.19718e-05 2.05042e-07 -0.000836963 0.00025583 -5.57143e-07 0.00116825 -0.00037975 7.92964e-05 -0.00108182 0.000377961 1.50745e-05 9.7687e-05 -0.000508042 -5.31611e-06 -2.2405e-05 
0.0124533 0.00256352 -0.0430385 0.00418057 -0.00981462 -0.00170363 0.0207583 -0.0217263 0.00262715 0.0126801 -0.0164127 -0.00287511 -0.00235835 0.00581758 0.00143889 -0.00972959 0.000832918 0.175493 0.0115807 -0.000159106 -0.000773915 -0.00546281 -0.0455961 -0.0106195 0.00466474 -0.00263704 -0.0591648 -0.0262497 -0.0249266 -0.00153656 0.0219229 -0.0035141 -0.011697 -0.0149859 0.069961 -0.000643959 -0.000425265 0.00408031 -0.0228892 -0.00399956 -0.000438246 0.0126809 -0.00678136 0.0135802 0.0407215 0.0394269 -0.00201204 -0.00297087 0.0323049 0.00572027 -0.0258182 0.0100047 0.00483234 -0.00471711 0.00943325 -0.0124449 0.000210804 0.000360371 -0.00374073 0.0254475 -0.000302526 -0.00440275 -0.0108122 -0.00169528 0.000431673 -0.00198055 0.00177528 0.0178823 -0.0323132 -0.0467339 -0.000870688 0.00345993 0.006073 -0.0027664 0.000153723 -0.00750219 -0.000669122 -0.000520025 0.00172024 -0.000148968 -0.000721365 0.00549793 -0.00383027 0.012379 -0.00521968 -0.000937538 0.000111612 -0.0481029 -0.00538186 -0.000480904 0.0247064 0.00172452 -0.00172043 -0.0276938 -0.000928706 -0.00121365 0.000531489 -0.0275682 -0.00110812 0.0152623 
0.00733664 -0.0194479 -0.0118791 -0.00171955 -0.0013335 0.00202335 0.0134714 -0.0484815 -0.0154633 0.00948435 -0.00601735 1.33879e-05 -0.00120303 -0.00427966 0.00259078 -0.0056122 0.000830335 0.0115807 0.0952807 0.00207881 0.00120815 0.00428868 -0.0240535 0.0271347 -0.0361399 0.0206638 -0.0381033 -0.0465495 -0.0132184 -0.000150277 0.00883978 -0.00039344 -0.0411582 0.00525549 0.000617212 -2.31016e-05 0.00442825 -0.014031 -0.014596 -0.00133232 0.000498988 0.0117511 -0.00337482 0.019414 0.0169605 0.000562174 -0.00024732 0.0146667 0.0126764 -0.00176739 0.00438238 0.0092124 -0.00465014 0.00108182 0.0124003 0.0142727 -0.000204807 0.0227223 -0.00465444 -0.00103831 -9.40226e-05 -0.000301548 -0.00149907 -0.000460692 7.02055e-07 9.89167e-05 0.0100411 0.0425417 -0.0497184 -0.0122531 0.00177821 0.00267842 -0.00974742 -0.0017967 -0.000121065 -0.00319333 0.000749842 0.00699561 0.00105828 0.000585947 -0.000655289 0.000163827 -0.000578551 -0.00410556 0.00693754 -0.000645682 -0.000283116 -0.030829 0.000512814 -0.000157701 0.00840512 0.0242389 0.00149316 -0.0248525 0.00588302 0.00865979 0.000586368 0.0191518 -0.00165456 0.00378123 
0.00157063 -0.00177448 -0.000702958 -7.96242e-05 -0.000176959 7.69099e-05 0.00153111 -0.0015943 -0.0019317 -2.61007e-05 0.000254663 0.000127376 -3.5228e-05 -0.000176939 0.000713304 -0.000261675 0.000200301 -0.000159106 0.00207881 0.00462953 4.49683e-06 -0.000206588 -0.00146379 0.000344947 -0.00191488 0.00132633 -0.000928163 -0.00134236 -0.00033622 -1.93336e-05 -0.00018343 -0.00016473 -0.00134417 -0.00103568 -0.00078827 4.4982e-05 0.00189182 -0.000986439 -0.00119133 -6.95274e-05 5.01708e-05 -0.000424469 -0.000235625 0.00245224 0.000464469 -0.000585115 2.46993e-05 -0.000348538 -0.000783106 6.55544e-05 -0.000286805 0.00132039 -0.000204909 -0.000186942 3.37579e-05 -0.00036151 0.000228795 -0.000291523 -0.000277153 0.000450147 -9.51102e-06 -8.12166e-05 -0.000413084 4.04319e-05 -3.60016e-06 -5.64573e-05 -0.000685505 0.00140227 -0.00137038 0.00092345 5.09631e-05 0.000493522 -0.000531653 -7.91958e-05 2.02488e-05 0.000270634 0.000232631 0.00169389 0.00112018 1.26069e-05 4.60678e-05 -0.000260962 0.000100092 -0.000227679 -9.46262e-05 -1.52726e-05 -8.35443e-06 -0.00100882 -0.000326962 0.000108399 0.0018165 -0.0007989 -3.0098e-05 -0.00140229 0.00259257 9.05364e-06 0.000151487 -0.000464283 -7.54053e-05 -0.000146494 
4.66683e-06 0.00111299 -0.00102033 4.38768e-05 0.000344421 6.80717e-05 2.25136e-05 -0.00234464 -0.002688 8.61567e-05 0.000138239 -2.59234e-05 -5.30566e-05 0.000409133 -2.58067e-05 0.000388341 -1.19568e-06 -0.000773915 0.00120815 4.49683e-06 0.00473196 0.000725552 0.000229937 0.000770274 0.000340104 0.000944682 -0.00153081 -0.00179562 -0.000201404 2.09215e-05 -0.000470021 -2.18469e-05 -0.00153078 0.000204844 2.93291e-05 8.55743e-07 7.24589e-05 0.000676436 0.000333682 0.000532157 0.000100336 0.000201028 -1.41297e-05 -0.00016566 -0.000995077 -0.000854976 7.57499e-06 -0.000216358 0.000188688 -9.30183e-05 0.000676908 -0.000107863 0.000154501 0.000243647 0.000145303 0.000916662 7.75944e-05 -0.000160819 0.000888159 7.50335e-06 5.74471e-05 -1.32583e-05 -0.000472124 6.54855e-05 -3.17084e-06 -6.73926e-05 -0.000618121 -0.000471412 -0.00195968 -0.000172438 0.000107504 -1.11408e-05 0.000735642 -5.71619e-05 -4.10448e-06 0.000233956 -2.78529e-06 0.000163944 1.38943e-05 -1.16027e-05 0.000173861 -0.000325778 0.000108261 0.00035884 0.000437945 4.9936e-06 7.88484e-05 -0.000149379 0.000583702 -2.09622e-05 0.000486699 0.000278949 3.61704e-05 -0.00148023 1.48387e-05 0.000105493 3.83942e-06 -9.75689e-05 -9.5947e-05 2.30163e-05 
-0.000770472 0.00208672 -0.0163276 -0.00345711 0.00339152 0.00273811 -0.00388567 -0.0190161 -0.0305108 0.0056893 -0.000168187 0.00440421 -1.03516e-05 0.0237768 -0.000487616 -0.00285406 -0.000144459 -0.00546281 0.00428868 -0.000206588 0.000725552 0.0659302 -0.00422986 0.00381098 -0.00275457 0.0189529 -0.018586 -0.0142455 -0.00481812 0.00185013 -0.00782301 -0.00180465 -0.0222754 -0.0091139 0.011848 -4.36814e-05 -0.000295341 0.0158162 -0.010161 0.00618774 -6.37257e-05 0.017566 -0.00105914 -0.0012274 0.00855966 -0.0138936 0.000499395 -0.00334104 -0.0115615 0.00192583 -0.00182189 -0.00210772 0.00067714 0.0152719 -0.00333581 -0.0035924 -7.4383e-05 -0.000820418 0.00604751 -0.00852787 0.0002542 -0.000958321 8.59519e-05 -0.000414738 -2.22638e-05 -2.01558e-05 0.00109208 0.00212445 -0.0242266 0.00224392 6.08756e-05 -0.000387193 0.0163338 -0.000889481 -6.98984e-05 -0.00139188 0.00023589 -0.000146741 0.00311119 0.000963599 0.000164663 -0.00517911 -0.00117427 0.0119167 0.00220309 0.000449434 -0.00011596 0.00258436 0.0211441 -0.000175083 0.00987226 -9.7581e-05 -0.00151089 -0.0211564 -0.00145777 0.00175763 2.7664e-05 -0.00817314 0.00191247 -0.00213556 
-0.0163365 0.09872 0.00584778 0.0268261 -0.00341231 0.000568868 -0.0421527 0.0218558 0.0477892 -0.0165029 -0.0104097 -0.0133332 -0.000499963 -0.0411533 -0.0127248 0.00667392 -0.00133958 -0.0455961 -0.0240535 -0.00146379 0.000229937 -0.00422986 0.227972 0.0163855 0.0734693 -0.0529568 0.0516543 0.0889596 -0.0407841 -0.00169163 -0.0274188 -0.00337806 0.0046077 0.0824118 -0.0458966 -0.000109107 -0.00814138 -0.00221335 0.112522 0.00170766 -0.00126159 -0.0307783 -0.00243672 -0.0235364 -0.0887603 -0.0060443 -0.000504844 -0.0112633 -0.0525467 -0.00562057 0.00630836 -0.0315864 -0.0231166 -0.0252412 -0.00880988 0.0222149 -0.00320945 -0.0699538 -0.00498681 -0.0589006 -0.00170697 0.00227475 0.0164375 -0.000101427 -0.000175321 -0.00699109 -0.00673981 -0.0642376 0.0527402 -0.0224458 -0.00194238 -0.00577216 -0.0291032 0.000327544 -0.000564455 0.00842311 -0.00197003 -0.00786196 -0.0185568 -0.00130135 0.000729569 -0.027782 0.00467497 -0.00418266 -0.00421165 -0.00391765 -0.000734261 0.0688548 -0.0266712 -0.00283154 -0.0595678 0.029168 0.0115506 0.0716174 -0.00849723 -0.00634797 -0.00144031 0.0179719 -0.0088387 0.00735418 
-3.71478e-05 0.0302052 -0.0346387 -0.0116822 -0.00221407 0.0016528 -0.00314662 -0.0351036 -0.00917585 0.00633676 -0.00606238 -0.00156802 -0.00166419 -0.00266766 -0.00229317 -0.00720699 -0.000297782 -0.0106195 0.0271347 0.000344947 0.000770274 0.00381098 0.0163855 0.143812 0.0209701 -0.0106231 -0.0448106 -0.0193873 -0.0188735 -0.00120341 -0.0214911 0.00411375 -0.0565821 0.0284434 -0.0102164 0.000415922 -0.00144192 0.00788332 0.00627995 0.000335553 0.000381377 0.0128632 -0.00140395 -0.00124761 -0.0118411 0.00300785 0.00215516 0.00856472 -0.014218 -0.00257976 0.0247409 -0.00380948 -0.0018024 -0.00425467 0.0141005 0.0202414 5.14663e-05 3.96514e-05 -0.00471003 -0.0209172 -0.000425859 -0.00334607 -0.000907705 -0.000686315 3.79429e-05 -0.00186192 -0.00231637 0.00566793 -0.0465087 -0.0277461 1.83464e-05 -0.000516169 0.0103441 -0.00177687 -0.000242801 -0.00317048 -0.000651856 -0.000481615 -0.00676643 -0.000485691 -0.000619908 -0.00714019 -3.72406e-05 0.00454039 0.00828259 -0.000550954 -0.000482096 -0.0228829 0.00516387 -0.00112114 0.00141075 0.0399225 0.00940246 -0.000411431 -0.00211556 0.00308786 -0.0002332 0.0312326 -0.00156233 0.0106866 
-0.0167726 0.142931 -0.0548666 0.0135234 -0.00340107 -0.00157889 -0.0182474 -0.0296671 -0.00996148 -0.0056971 -0.0253863 -0.00810117 0.004659 0.01468 -0.00993015 0.00376166 -0.000690865 0.00466474 -0.0361399 -0.00191488 0.000340104 -0.00275457 0.0734693 0.0209701 0.231636 -0.066333 -0.0458906 0.040453 -0.0227832 0.00220047 -0.0580476 0.00690591 -0.0256717 0.0262009 0.0184974 -3.09685e-05 -0.00702315 0.0768193 0.0622158 0.00559787 0.00136869 0.0180097 0.00175121 -0.0226765 -0.0474549 -0.0102289 0.00221967 -0.0312727 -0.022023 -0.00335867 0.0237177 -0.0126132 0.0132987 -0.000207083 0.00533403 0.0347532 -9.12948e-05 -0.0665883 0.00313814 -0.0500155 -0.000567898 -0.00736687 0.0240715 -0.000957107 6.29387e-05 -0.00442289 -0.052115 -0.064522 -0.0270957 -0.0413265 -0.00214426 -0.00558483 0.0395564 0.00365082 -0.00107187 0.00815966 -0.00226708 -0.00737411 -0.0153494 0.0012313 0.00181254 -0.0243202 -0.00430968 0.0129796 -0.00690221 -0.000567905 0.000254828 0.0105626 0.0150582 -0.0020832 0.0139743 0.0268403 0.00559568 -0.00497818 -0.0139383 -0.00783281 -0.000361336 -0.00727367 -0.00481633 0.0100419 
0.00978295 -0.0736144 0.0270388 -0.0106365 0.00160663 0.00116313 0.0317747 -0.0376835 -0.0361503 0.00281329 0.0331517 0.00899845 -0.00173353 0.0216301 0.00565775 -0.000976639 0.00019193 -0.00263704 0.0206638 0.00132633 0.000944682 0.0189529 -0.0529568 -0.0106231 -0.066333 0.199763 -0.0250061 -0.062602 0.0386522 0.000910263 0.00674873 -0.00614532 -0.0281588 -0.0396894 0.00581233 -0.00105279 0.00349485 -0.0024156 -0.0552138 -0.000879368 -0.000979872 0.00315379 -0.0054168 0.0206345 0.0215798 -0.005287 -0.0016448 -0.0050293 0.00681305 0.00514169 -0.0233606 0.0191199 0.00398098 0.0213619 -0.00577757 -0.0171919 0.000419069 0.0514003 0.000999805 0.000327531 0.00206537 -0.000818027 -0.0139566 0.000782866 -3.53857e-05 0.00288777 0.0100938 0.0471714 -0.0339956 0.0460976 0.000453827 0.00163813 -0.000859073 -0.00421847 -0.000181952 -0.00638265 0.00201877 0.0085508 0.00840471 -0.00134705 -0.000748592 -0.00847545 -0.00198047 0.000515088 0.00379881 0.00166988 -0.000509489 -0.00869475 -0.00415177 -0.00104293 0.0287139 -0.0137974 -0.00654612 -0.0509245 0.00216703 0.00548822 0.00123524 -0.0211778 0.00113916 -0.0118639 
-0.00765363 -0.0480133 0.106231 -0.00929788 -0.00302482 -0.00298462 -0.0275059 0.119976 0.0719703 -0.0140415 0.00456597 -0.00974718 -0.00723791 -0.0463023 -0.00362875 0.00922207 -0.0010395 -0.0591648 -0.0381033 -0.000928163 -0.00153081 -0.018586 0.0516543 -0.0448106 -0.0458906 -0.0250061 0.249784 0.116961 0.00742356 -0.00565585 0.0218849 -0.0117988 0.110946 0.00740934 -0.0658478 -3.35773e-05 -0.00378028 -0.0945064 0.0216893 -0.00758383 -0.00256089 -0.0509 3.76403e-05 -0.0196708 -0.0121609 -0.0416375 -0.00513735 -0.00217192 -0.0254616 0.00167597 -0.0239299 -0.0254682 -0.0255798 -0.0297725 -0.0355092 -0.0387133 -0.00318336 -0.0286281 -0.0157997 0.0156913 -0.00150665 0.00256217 -0.0139633 -6.76054e-05 -0.000510544 -0.00274246 0.0284345 -0.0426113 0.152518 0.0685314 -0.00191994 -0.00190218 -0.0608688 0.00222314 0.000757544 0.00829091 -0.00220387 -0.00656692 -0.00108556 -0.00243214 -0.00361121 0.0175498 0.00573709 -0.0210806 -0.0104818 -0.00197868 -0.000537913 0.0764632 -0.0472568 -0.00186978 -0.0642257 -0.0715158 -0.00483903 0.0947686 0.00299419 -0.00485522 -0.00135229 0.00169711 -0.00324042 -0.0144339 
-0.0121644 0.0165655 0.0601192 0.00729597 0.00136301 -0.000677129 -0.0277206 0.0778529 0.0730728 -0.0121675 -0.014178 -0.0124625 -0.00575885 -0.0408007 -0.00786758 0.00410066 -0.00080344 -0.0262497 -0.0465495 -0.00134236 -0.00179562 -0.0142455 0.0889596 -0.0193873 0.040453 -0.062602 0.116961 0.224716 -0.0238471 -0.004232 -0.0119646 0.000478043 0.101081 0.010211 -0.0319588 0.000365375 -0.00558577 -0.0432212 0.0344342 -0.00770291 -0.00235695 -0.0407921 -0.00507331 -0.0254091 -0.0493596 -0.0306497 -0.00215217 -0.0133671 -0.020491 0.00404759 -0.0188542 -0.0310188 -0.0279132 -0.0251476 -0.0387719 -0.0167233 -0.00249252 -0.0733921 -0.00336886 -0.00183104 -0.0014355 -0.00368936 0.0135552 -0.000693721 -0.000430856 -0.00304044 0.0201319 -0.0618178 0.1063 0.019619 -0.00273537 -0.00293119 -0.0370481 0.00421919 0.000274293 0.00822388 -0.00279481 -0.00759138 -0.00131993 -0.0013968 -0.00410197 -0.00760057 0.00456162 -0.0173766 -0.0141902 -0.00372721 -0.00102849 0.0613556 -0.0220022 -0.000659392 -0.0437205 -0.0525832 0.00217449 0.0710946 -0.000787506 -0.00719138 -0.00154654 -0.00166612 -0.0041675 0.000138392 
-0.00290635 -0.0459837 0.0212488 -0.00276082 0.0059336 -0.0013566 0.0078278 0.0025574 -0.0175593 -0.00699326 0.0336297 0.010341 0.00313715 0.00161549 0.00942482 0.00252914 -0.000341134 -0.0249266 -0.0132184 -0.00033622 -0.000201404 -0.00481812 -0.0407841 -0.0188735 -0.0227832 0.0386522 0.00742356 -0.0238471 0.142976 -0.00164772 -0.0122987 -0.00302116 0.0105074 -0.0368288 -0.0221698 -0.000355046 0.00117828 0.000586039 -0.0177584 -0.000280288 -0.000415275 -0.0136739 0.00384225 -0.000224395 0.00894152 -0.00974546 -0.00136933 -0.0105977 -0.00771389 -0.0004926 -0.00562676 0.0117888 0.00887676 0.00170434 1.95042e-05 -0.00827113 -0.000769546 0.023068 0.00892976 0.00227572 0.00147527 -0.000403605 0.00135321 0.000749018 -0.000191237 8.92224e-05 -0.0210829 0.00559563 0.0136786 0.0625671 0.000209216 -0.000870875 -0.00101423 0.00115507 -0.000100234 -0.00400937 0.00200347 0.00106181 -0.0021998 -0.000825707 0.00131975 0.00482275 -0.00200287 -0.00375671 -6.40655e-06 0.0012482 -0.000151381 0.00478618 -0.0101004 0.00145363 0.0050436 -0.0174219 -0.00513919 -0.012061 0.000667478 -0.000983702 -2.30914e-05 -0.0154608 0.00864658 -0.0081856 
-0.000126266 0.00183453 -0.00477794 -0.000196046 -0.000342067 0.000399583 8.05618e-05 -0.00562461 -0.00567112 0.000492312 0.000853874 4.76983e-05 0.000511576 0.00410403 -0.00022795 -0.000384151 3.1396e-05 -0.00153656 -0.000150277 -1.93336e-05 2.09215e-05 0.00185013 -0.00169163 -0.00120341 0.00220047 0.000910263 -0.00565585 -0.004232 -0.00164772 0.0122097 -0.0012035 0.00261631 -0.00402484 -0.001855 0.00220899 -4.09646e-05 8.29352e-05 0.00554305 -0.00302334 0.000600862 9.92657e-05 0.00331809 3.17633e-05 -0.000147795 -0.000922522 -0.00212631 0.000149454 -0.00106908 0.00177156 -0.000242768 0.000172249 0.000319582 0.001512 0.00248645 2.93514e-05 0.00265313 0.000110775 -0.000193832 -0.0003039 -0.000849518 -7.77783e-06 0.0002184 0.00213351 5.8703e-05 5.25325e-05 -2.62577e-05 -0.00204783 0.000353676 -0.0064424 -0.00264248 0.000389403 -7.2035e-05 0.0060024 -0.000191493 -1.45151e-05 -6.0684e-06 1.2459e-05 0.000231483 -0.000229937 5.89469e-05 -2.36232e-06 -0.000767772 -0.000126496 0.000695248 0.000115704 0.000447091 4.54104e-05 -0.00261582 0.00640257 0.000174281 0.00258546 0.00251368 -0.000240546 -0.00571184 -0.000141356 2.66103e-05 0.000520558 -0.00119886 -0.000294343 -2.04915e-05 
-0.0012549 -0.0505839 0.0260947 -0.0022507 -0.00409064 -0.0015355 0.00662939 0.0125336 0.0179291 0.00222676 -2.22228e-05 -0.00144874 -0.0011946 -0.0134896 -0.0014123 0.00934985 6.12024e-05 0.0219229 0.00883978 -0.00018343 -0.000470021 -0.00782301 -0.0274188 -0.0214911 -0.0580476 0.00674873 0.0218849 -0.0119646 -0.0122987 -0.0012035 0.132508 -0.00180095 0.0322272 -0.0136493 -0.00168198 -0.000369294 -0.00091568 -0.0357698 -0.0392598 -0.00297673 -0.000819485 -0.0116809 0.00714865 0.00689643 0.0218938 -0.00300812 -0.00212083 -0.00392733 0.0267036 0.000739549 -0.0193412 0.00360073 -0.00720677 -0.000339231 -0.00635438 -0.0130495 -0.000937815 0.027052 -0.00771214 0.0107691 -0.000412038 -0.00209873 0.000697937 -0.000999197 1.33783e-05 -0.0012184 0.0200228 0.0223281 0.0239839 0.0131463 -0.000408551 0.00441325 -0.0158192 -0.000624661 0.000241749 -0.00444928 -4.60614e-05 -0.000237511 0.00269981 -4.86111e-05 -0.00094463 0.0116713 0.00272892 -0.00425542 -0.002375 6.71723e-05 0.000317994 -0.0170265 -0.0123063 0.000624724 -0.0129737 -0.0261462 -0.0040892 -0.00592519 -0.00121153 0.00174927 -7.16705e-05 0.00163112 -0.002764 -0.00254095 
-0.00116966 -0.000168159 -0.00725697 -0.0025348 -0.00131008 -0.000290846 -0.00154883 -0.00369612 -0.00370122 -0.000228909 -0.00190713 -0.000164634 -0.000172114 0.000867768 -0.000251092 -0.00275879 7.74036e-05 -0.0035141 -0.00039344 -0.00016473 -2.18469e-05 -0.00180465 -0.00337806 0.00411375 0.00690591 -0.00614532 -0.0117988 0.000478043 -0.00302116 0.00261631 -0.00180095 0.0382296 -0.00299102 -0.00464155 0.00697364 -3.33339e-05 -0.000358628 0.00734254 -0.0127367 0.000676263 0.000854072 0.00825565 0.00274138 -0.00108534 0.000946147 -0.00222486 -0.000503523 0.00552922 0.0111503 -0.000351242 -0.00486471 -0.000502273 0.0037116 -0.000565067 0.00101539 0.00220311 -0.000165127 -0.00171818 -0.00192291 -0.000919263 -0.000133201 -0.000790824 -0.00129727 -0.000277387 1.8511e-05 0.000225405 0.00156023 -0.00120057 -0.0101703 -0.0110558 -0.000124959 -0.000131261 0.0148754 -0.000470891 -5.31792e-05 -0.000307997 -0.000123429 -0.000272698 -0.00184677 -0.000277381 -0.000199253 -0.00256438 0.000136975 0.000192737 -0.000944451 -0.000225565 -1.1363e-05 -0.0117143 0.0142864 -0.000168124 0.00339776 0.0113872 0.000535564 -0.00551847 -0.000878254 -0.000242139 6.8389e-05 -0.00434244 -0.000810206 -0.000433687 
-0.00770552 -0.067023 0.124199 -0.022534 -0.00259953 -0.00461915 -0.0123901 0.116159 0.0667933 -0.00951492 -0.00287558 -0.00480506 -0.00308056 -0.0390782 -0.00112008 0.00893843 -9.73355e-06 -0.011697 -0.0411582 -0.00134417 -0.00153078 -0.0222754 0.0046077 -0.0565821 -0.0256717 -0.0281588 0.110946 0.101081 0.0105074 -0.00402484 0.0322272 -0.00299102 0.249999 -0.0546787 -0.0077893 -0.00104899 -0.00396649 -0.0680002 -0.0213606 -0.00700181 -0.00121519 -0.0511553 0.00762768 -0.0115162 0.00196196 -0.0569223 -0.00438111 0.00485751 0.0229068 0.00737106 -0.0426013 -0.0160229 -0.0200538 -0.0219346 -0.0388839 -0.0292673 -0.00338393 -0.0164171 -0.000954807 0.0325226 -0.00159246 -0.00212186 -0.00606677 -0.000486465 -0.000406357 -0.00232463 0.0312039 -0.02456 0.0991859 0.0595297 -0.00198973 0.000133057 -0.0371375 0.00696897 0.000708835 0.00571965 -0.0024034 -0.00650485 0.00115176 -0.00273267 -0.00370106 0.010579 0.005131 -0.0215937 -0.0105363 -0.00119941 0.000157189 0.0732591 -0.0233546 0.000976436 -0.0402199 -0.113295 -0.0136092 0.0389224 0.00028518 -0.00466319 -0.00122843 -0.0521691 0.00690504 -0.0182804 
-0.0028307 0.0802876 -0.0627053 0.0189098 -0.0109195 0.00209992 -0.0308227 0.0169188 0.0407972 -0.0031436 -0.0197908 -0.00875404 -0.00575948 -0.0386458 -0.00756431 -0.0176152 -0.00109478 -0.0149859 0.00525549 -0.00103568 0.000204844 -0.0091139 0.0824118 0.0284434 0.0262009 -0.0396894 0.00740934 0.010211 -0.0368288 -0.001855 -0.0136493 -0.00464155 -0.0546787 0.248973 -0.0366706 0.00058509 -0.00595018 -0.016744 0.0761991 -0.00107915 -0.000813526 -0.0151075 -0.0229703 -0.0172427 -0.064635 0.0426469 -9.58572e-05 0.017035 -0.0616239 -0.00820115 0.0211687 -0.0234075 -0.0224744 -0.0213817 0.00850323 0.0223779 -0.00175065 -0.00572346 -0.00317413 -0.0186648 -0.00153792 0.0086862 -0.013631 0.000675153 -0.000154341 -0.000786932 -0.00403271 -0.0111449 0.0212229 -0.0925086 0.00126252 -0.00567039 -0.0423519 -0.00370844 -0.000583162 0.00530505 -0.00103165 -0.00575426 -0.0269535 -0.000857855 -0.00202296 -0.0141284 -0.000755738 -0.0192739 0.00977988 -0.00323789 -0.000249281 0.0360422 -0.0370704 -0.00289428 -0.0474425 0.0980265 0.00953396 0.0631365 -0.00523974 0.000487989 -0.00112518 0.0636553 -0.00964753 0.0131772 
