0.00859275 -9.6984e-06 6.0674e-05 5.06099e-05 0.000161599 0.00131297 -0.000160262 -0.00198789 0.000271997 3.21711e-05 -3.63244e-05 -0.000442749 0.000446903 0.000728736 -0.000142124 -0.000688091 -0.00184606 -0.00275491 0.00107447 0.000108425 0.00104694 0.000569231 1.30441e-05 2.34837e-05 4.40945e-05 0.000339401 0.001136 -0.00195102 2.72026e-05 0.000151597 -0.00185973 0.00106815 0.000199669 -0.00145089 -4.24678e-05 -0.000159156 0.000390239 0.00166672 -0.00144367 -0.000128505 -0.000270937 -1.03235e-05 -0.00148807 0.000461752 7.09266e-05 1.45735e-05 -0.00051565 -3.5995e-05 0.000119275 -2.55979e-06 0.00149923 -0.000414053 0.000450847 -7.41531e-05 -0.000197401 2.08504e-05 0.000989497 0.00103643 -0.000836027 -0.000560814 -0.000181676 0.000176597 0.00114761 -0.00128148 -0.000431125 4.50341e-05 -0.00238361 0.000602212 0.000147792 0.000696858 -0.00289766 -0.000828023 0.000454028 -0.00120066 0.000209762 0.000113118 0.000483856 0.000444715 0.000209386 0.000105509 0.000188005 8.51714e-05 -2.70811e-05 0.000731662 0.000769107 -1.98916e-05 0.000593494 -0.0011628 0.000270764 5.85313e-05 0.000838962 5.93976e-05 -0.000791015 0.000137243 -0.000253482 3.31452e-05 1.51756e-05 0.00036787 3.96985e-05 -0.00223713 
-9.6984e-06 0.00795616 0.000140956 0.000127603 -8.52002e-07 -3.11293e-05 -0.00166295 -0.00140914 0.00113069 2.97952e-05 -3.41739e-05 0.000301979 -2.54089e-05 -3.39203e-05 0.000799249 0.00309579 -0.000374565 -0.000489931 -0.000762191 0.00123377 -0.000446384 -0.000662724 -7.52306e-05 -4.39321e-05 6.82288e-05 -0.000419329 0.000204266 -0.00289804 0.000166343 8.46813e-05 -0.00020217 0.000370161 -1.54605e-05 -0.000357725 -7.64465e-05 -0.000323245 -0.00104481 -0.00195848 -0.00173099 -0.000105804 2.15314e-05 -2.29316e-05 -0.00182221 0.00120363 -4.54716e-05 7.95023e-06 -0.00199378 -1.70075e-05 2.96311e-05 -3.35137e-07 -0.000508419 -0.0010211 -0.000736043 0.000170744 0.000193316 -2.325e-06 6.55816e-06 -0.00032035 0.000361362 -0.000556695 0.000324427 0.000128617 -0.000167709 0.00330927 -0.000488754 -1.09977e-05 -0.00217894 -0.000235113 -0.000208842 -8.33953e-05 0.000137072 0.00318344 -3.58147e-05 0.00186928 0.00149472 0.00290753 1.77914e-05 -6.06051e-05 -0.000540024 4.89856e-06 -3.66948e-06 0.00106423 -0.000520217 2.8569e-05 -3.48028e-05 0.000222699 0.00121505 -0.00329213 9.79603e-07 -2.42092e-05 -3.8113e-05 -0.000614258 -0.00082469 -2.4922e-05 0.000387795 3.89818e-07 0.000125075 -0.000189845 0.000182756 -0.00249055 
6.0674e-05 0.000140956 0.0121099 -0.000319068 -4.18949e-05 0.00124947 -0.00479826 -0.00787479 -0.00024935 -5.98777e-05 -2.52241e-05 -0.00537613 -0.000173387 5.72562e-05 0.000152557 -0.00115446 -0.009229 0.00242165 -0.0017461 -7.78994e-05 -0.00183182 -0.00188274 -0.000138547 -5.31116e-05 -0.000328124 -0.000410247 -0.000424122 0.00176071 0.00429123 0.000457101 -0.000573971 0.00318145 -0.000124826 0.000750046 -5.75659e-05 0.000765237 -0.00314092 -0.00203586 -0.00253346 -0.000345948 -0.000526373 -2.78779e-05 -0.00560992 -0.000258935 0.000313944 3.81486e-05 -0.00508782 -4.0139e-05 -8.72265e-05 0.000183559 -0.000969413 -0.00161071 0.000827911 3.17539e-05 0.00140107 0.000123615 6.64063e-05 0.0010547 -0.00215562 0.00499373 0.0040331 0.0085854 -0.000548936 -0.00140397 0.00793167 -3.16544e-05 -0.0027296 0.00316054 -0.000293718 7.60105e-05 0.00120905 -0.00124662 5.23508e-06 -0.000281289 -0.000469043 -0.000324516 0.0084385 0.000395488 0.00071091 -4.12346e-05 0.000511963 -0.000932964 0.00176991 -0.00238724 -0.00021733 0.000767416 -0.00158006 0.00155622 0.000116336 2.97236e-05 -0.00011962 -0.00344025 0.000800748 -1.21057e-05 0.000405102 -1.77374e-06 0.000117897 -0.000196505 -3.33547e-05 0.000618194 
5.06099e-05 0.000127603 -0.000319068 0.0335046 1.52487e-05 -0.00249211 -0.00916727 -0.00353914 0.00341604 0.00107915 0.00186224 0.00770472 0.00453374 0.000729937 0.00491908 0.00166105 -0.0014471 0.00538331 -0.0028983 0.0015248 -0.0040123 -0.00340967 0.000565438 -0.000147151 -0.00120829 0.00192376 -0.000975392 -0.00821675 0.00523583 -0.000401265 -0.000482233 -0.00075134 -0.000440514 -0.00107189 0.000677472 0.00102115 -0.00730212 -0.00775531 0.0133371 -0.00135744 -0.0015995 9.88814e-05 -0.0175679 0.00346812 -0.000423406 -4.99089e-05 -0.0125812 0.000125166 0.000234657 0.00053716 -0.00153112 0.00978972 -0.00492343 0.000289688 -0.00153272 0.000401723 -0.000233451 -0.00370359 -0.000632295 0.000320485 -0.0006906 -0.00242721 -0.000435679 -0.00335434 -0.00623855 0.000265414 -0.0106267 -0.00093011 -0.000906997 0.00164273 0.0134959 0.0076293 0.00030988 0.0175468 -0.000818648 0.00202193 -0.0017779 0.00190606 0.00411698 -0.000191183 0.000394529 -0.000432593 0.00320133 -0.00645843 -0.000478546 -0.000369233 -0.00117552 -0.0103421 0.000450426 0.000800899 -0.000338568 -0.00177155 0.000729687 0.000853989 -0.000784079 3.13172e-05 0.000183545 -0.000760954 0.000103019 -0.00673968 
0.000161599 -8.52002e-07 -4.18949e-05 1.52487e-05 0.00646964 -0.000470217 -0.00146307 -0.00171297 0.000268644 0.000298559 4.94333e-06 -0.00105314 0.000126123 0.000364567 -4.53223e-05 -0.000677123 -0.00112541 -0.00135751 -0.00100947 3.98045e-05 0.000213802 -6.36893e-05 3.22706e-05 0.000191826 0.000752623 0.00124867 -0.000118444 -0.000555094 -0.000218561 -1.23566e-05 -0.00215103 0.000374404 -8.98327e-05 -0.000504532 0.000158071 -0.000119999 0.000452986 -0.000564999 0.000275714 -0.000158219 0.000249203 5.56554e-05 -0.00198114 0.000540173 0.000303609 -7.45977e-06 -0.00257953 2.03027e-05 0.000391583 -7.51476e-06 0.00072597 0.000185113 0.00094104 7.94079e-06 -0.000454745 2.87296e-05 -3.56082e-05 -0.000297135 0.000635409 -0.000202262 2.27519e-05 -0.000152792 -0.000244996 -0.000834736 -0.000664707 7.76952e-05 -0.000748052 -0.000194189 -5.08192e-05 0.000544384 -0.000827213 -0.00050482 -3.8218e-05 -0.000153946 0.000364857 0.000207608 3.73887e-05 0.000389929 0.000548823 0.000377875 0.000623596 0.00068099 0.001664 0.00214551 0.000697875 0.000930143 0.000830475 -0.00147152 0.000394114 0.000315088 0.000146684 0.000121342 -0.000445488 8.41148e-06 0.00110639 1.76899e-05 -1.55994e-06 0.000590513 2.3246e-05 -0.00298941 
0.00131297 -3.11293e-05 0.00124947 -0.00249211 -0.000470217 0.083363 -0.0239473 -0.0204011 -0.000441015 3.74064e-05 -0.00106826 -0.0406601 -0.00023446 -0.000362913 -0.00342956 -0.010526 -0.0118868 0.00142517 -0.0129721 -4.7586e-05 -0.0142917 0.0224043 -0.000362764 0.000387811 0.00202087 -0.00503786 0.00653404 -0.0102591 0.00898314 0.00618324 -0.0139307 0.00774559 -0.00126056 0.00140132 -0.000615435 -0.000141115 0.0154403 0.0195038 -0.0226224 0.00382579 -0.00295947 -0.000163267 0.00534107 -0.00167524 9.91231e-05 1.89378e-05 0.0115945 -0.000267831 4.55961e-05 -0.00014387 -0.00821139 -0.0112538 0.0172074 -0.000364942 0.0221062 0.000174471 0.00678997 0.0218773 -0.0141915 -0.00702624 -0.00035572 0.00831125 0.0089565 -0.00238038 0.0378393 -0.000111978 -0.0176837 0.000569728 -0.00129011 -0.00169231 -0.0134015 -0.0159469 0.00161005 -0.0166172 -0.00268378 -0.00337083 0.00672596 -0.000542844 -0.00593008 -0.000345017 -0.000247933 -0.00360043 -0.0118434 -0.00487943 -0.0014611 0.00840737 -0.00756084 0.0116468 -0.000179335 -0.000137432 0.00480059 0.00731327 -0.00492868 -0.000275991 -0.003697 6.45302e-06 0.000933828 0.00268819 -0.000399737 -0.00156872 
-0.000160262 -0.00166295 -0.00479826 -0.00916727 -0.00146307 -0.0239473 0.243949 0.0457091 -0.00971521 -0.00460538 -0.00404697 0.0711535 -9.30662e-05 -0.00108696 -0.0148312 0.0230874 0.0260847 -0.013142 0.00745051 -0.0012837 0.0172118 -0.0246939 -0.00421562 -0.00158696 -0.00220474 -0.00222612 0.00365295 -0.0028593 -0.00975114 -0.00415803 0.023105 -0.00366041 0.00439692 0.00979431 -0.00277899 -0.00931482 0.0222538 -0.00759156 0.0238993 -0.00534577 0.00109012 -2.60482e-05 0.0374928 -0.00508803 -0.00449466 -0.000440101 -0.0184801 -0.00191515 -0.00418481 -0.000527569 -0.0103876 -0.00942069 -0.0179244 -0.00178953 -0.036257 -0.0013838 -0.0029668 0.00272716 -0.0331822 -0.0176581 -0.00463365 -0.026113 -0.00305349 0.00573873 -0.0271477 -0.000780504 0.0129275 -0.0117228 0.00370575 -0.00855473 0.0145048 0.0133788 -0.00047692 -0.000850858 0.00461565 -0.00505967 -0.0236896 -0.00231347 -0.0181897 -0.00251568 -0.00017861 -0.00508197 -0.00973852 -0.0270764 -0.000690903 -0.017427 -0.0132885 -0.0208099 -0.00119196 -0.00177406 -0.00182216 -0.0309164 -0.0109962 -0.00110019 0.00500816 -8.42693e-05 -0.000966265 -0.00278109 0.00107988 -0.00647411 
-0.00198789 -0.00140914 -0.00787479 -0.00353914 -0.00171297 -0.0204011 0.0457091 0.17905 -9.31771e-05 -0.00121708 -0.00992704 0.0215288 -0.0016815 -0.00285838 -0.0213026 0.00766731 0.0467034 -0.00926905 0.0197819 -0.00100485 -0.0022212 0.0148654 -0.00228201 0.000346279 -0.00342096 -0.00987077 -0.000992099 -0.0209946 -0.0102632 -0.00379295 0.00475493 -0.0165513 -0.000998815 -0.0454104 -0.00299217 0.000808733 0.0255434 0.0365199 0.00151739 -0.00821895 0.00501737 -0.00102496 0.0702033 -0.0119132 0.000111474 -0.00026809 0.0651038 -0.000562518 -0.00470992 -0.000622385 0.00685814 -0.046537 0.00515318 -0.00302816 -0.0232781 -0.00218098 -0.000958914 -0.00978634 0.0309602 0.00920359 -0.00926164 -0.0276545 0.000949384 0.00451064 -0.053149 -0.00096837 0.0633521 -0.0183115 0.0041871 -0.0108357 -0.0254257 -0.0308196 -0.00285312 -0.0340074 -0.00345009 -0.00755974 -0.0391186 -0.0048766 -0.0316703 -0.00134446 -0.00245237 -0.000526032 -0.00980247 0.0065152 0.00127619 -0.0191973 -0.0015798 0.0357855 -0.00130804 -0.00265297 -0.00442927 0.00568088 -0.0554244 -0.002216 -0.0131185 -0.000129157 -0.00157787 -0.00362708 -0.000104031 0.0169459 
0.000271997 0.00113069 -0.00024935 0.00341604 0.000268644 -0.000441015 -0.00971521 -9.31771e-05 0.0306985 0.00218091 -0.000358258 0.00886897 0.000332725 0.000305162 -0.00111172 0.00180765 0.0015681 0.00588681 0.000412187 0.000510855 -0.00350095 -0.00104121 -0.00015132 -6.36482e-05 -0.000627292 -0.00119541 0.00107898 -0.0107273 -0.00118375 0.000338133 -0.00147096 0.000724157 0.000643032 -0.00187482 0.000445668 0.00173972 -0.004193 -0.00859483 -0.00156222 -0.000962171 -0.00134899 -7.40468e-05 -0.00543109 0.0001413 0.000225624 2.95284e-05 0.00134793 4.91212e-05 -0.00024385 0.000224214 -0.000219452 -0.00418149 -0.00353067 0.00113281 -0.000127739 0.000591094 9.18154e-05 0.000101185 0.0018082 0.00113956 0.000766912 -0.00214799 0.00166273 -0.000654282 -0.00578528 0.00027762 0.00117841 0.000706361 0.00132257 0.00131515 0.00137227 0.00395008 0.000274685 0.00659765 0.000638927 0.00182188 -0.00203248 2.84953e-05 -0.000624442 -2.48659e-05 -0.000260376 -0.000443337 -0.000872006 0.00384738 -0.000343303 -0.00140436 0.00202527 -0.00611675 -7.44428e-05 4.63214e-05 0.000984462 -0.00481901 -0.00366118 -5.5748e-05 -0.000593729 2.24373e-05 -2.14878e-05 0.00155265 2.76264e-05 -0.00572126 
3.21711e-05 2.97952e-05 -5.98777e-05 0.00107915 0.000298559 3.74064e-05 -0.00460538 -0.00121708 0.00218091 0.0120903 0.000788739 0.000524305 0.00124531 0.000449685 0.000572972 -0.000793777 -0.000974624 0.00171382 -0.00127275 -2.03827e-06 -3.53684e-05 0.00112519 -6.80888e-05 -7.41105e-06 -0.000255434 -0.000843007 0.000864911 -0.00107657 -0.000625537 0.000383854 -0.00387653 -7.35565e-05 -8.63912e-05 -0.00119107 -8.82788e-05 -0.000338139 9.90088e-05 -0.00163285 -0.0013344 -0.000289558 8.80737e-05 0.000114662 -0.00114743 -0.00023389 0.000646174 -1.0281e-05 -0.00394734 0.000486945 9.36923e-05 7.70617e-05 -0.000429573 0.000215208 -0.00134097 0.000100379 -0.000687814 0.000440568 0.000334451 0.000268209 0.0037324 0.00167283 0.00159848 -0.000545671 0.00110908 -0.00070192 -0.000649424 9.76632e-06 -0.000112535 9.42167e-05 0.00050735 0.00063473 -0.00109878 0.000704496 0.000824387 0.00144405 -0.000447466 -0.000112559 -0.00028922 0.000113447 -0.000513831 3.99653e-06 2.90927e-05 -0.000648988 -0.000815373 0.0028764 -5.67362e-05 -0.000473463 0.000752734 -0.00558984 0.000349513 -4.93598e-05 0.000491696 -0.00269216 0.000581723 7.25288e-05 -0.000487366 1.84415e-05 5.12608e-06 0.0022419 0.000115834 -0.00253599 
-3.63244e-05 -3.41739e-05 -2.52241e-05 0.00186224 4.94333e-06 -0.00106826 -0.00404697 -0.00992704 -0.000358258 0.000788739 0.013968 -0.00160412 0.00119501 0.000393697 0.00488142 -0.0010272 -0.00701616 0.000208607 -0.00207125 5.06324e-06 -5.77761e-05 -0.00232167 0.00120281 -6.54151e-05 -0.000403839 0.00190373 -0.000438778 0.00192774 -0.000441124 2.54661e-05 0.000460587 0.000245602 -0.00022366 1.5627e-05 0.000769456 0.00176064 -0.00413571 -0.004122 -0.000711537 -0.000153298 -0.000149144 3.44247e-06 -0.00734884 0.00146333 -0.000178578 -8.03101e-06 -0.00815869 0.000207595 0.000455049 2.36896e-05 -0.000731456 0.00959825 -0.000757557 -0.000117287 -0.000782847 0.000321804 -0.000113017 0.00148072 -0.00252356 -0.000494157 0.000415002 0.00391156 -0.000567948 -0.00136983 0.0044202 0.000312439 -0.00430473 0.00135047 -0.000378446 0.000420152 0.00175327 0.000845097 0.00075172 0.00200125 -0.000117373 -0.000157222 0.00495558 0.000614107 0.00639539 -7.29724e-05 0.000161451 -0.000729921 0.000733616 -0.00262832 -0.000130774 0.000270364 -0.000880519 -0.0058614 7.15024e-05 7.98063e-05 -0.000145665 -0.00349802 0.00778678 0.00107955 -0.000490794 7.37103e-05 0.000239471 -0.000370293 0.000108746 -0.000567333 
-0.000442749 0.000301979 -0.00537613 0.00770472 -0.00105314 -0.0406601 0.0711535 0.0215288 0.00886897 0.000524305 -0.00160412 0.247725 -0.000364744 -0.000129824 0.00155689 0.0311494 0.0328399 0.0768107 0.0365861 0.000692534 0.0471173 -0.0603036 -0.00624077 -0.00221383 -0.0164425 0.00249074 -0.0113362 0.00595174 -0.0127808 -0.00625615 0.0462194 -0.0216911 0.00367101 0.0267429 0.00137405 0.000117823 -0.0788035 -0.0814848 0.0264208 -0.00577018 -0.00756624 -0.000690245 -0.0167544 -0.0057601 -0.00589633 -0.000120156 -0.0276135 -0.00114159 -0.00466398 0.000346212 0.00462718 0.0308046 -0.0435142 0.0033872 -0.0274114 -0.00282177 -0.00571865 -0.0361855 -0.0154453 -0.0203583 -0.00599229 -0.026476 -0.0203179 0.0245035 -0.0761095 -0.000593772 0.00832269 -0.00766713 0.00555437 0.000720704 0.0747874 0.0710059 -0.00114771 0.0772642 -0.0116136 0.0050163 -0.0250152 -0.00112354 0.000115618 -0.00268736 -0.00286357 -0.0303191 -0.0197461 -0.0190046 -0.0069818 -0.0266839 -0.0247575 -0.0554605 -0.00181249 -0.00333323 -0.00603262 -0.0694356 0.0235799 -0.00104341 0.00225043 -7.51232e-05 -0.00212862 -0.0133281 0.00101692 0.00551408 
0.000446903 -2.54089e-05 -0.000173387 0.00453374 0.000126123 -0.00023446 -9.30662e-05 -0.0016815 0.000332725 0.00124531 0.00119501 -0.000364744 0.0199229 0.000577101 0.000689406 -0.000707181 -0.00251693 0.000480513 -0.00257544 0.000281908 -0.000268712 -0.00148612 -0.000139299 9.46058e-05 -0.000382603 0.0017075 3.23827e-05 -0.000201508 0.00214485 -0.000175619 -0.00348008 0.000608895 -0.000204414 -0.00233096 -0.000115242 -0.000191896 -0.000939967 -0.0031138 0.00431349 -0.000293786 -0.000532823 0.00031328 -0.00298192 0.00164079 0.000425218 -3.31458e-06 -0.00534294 -3.69412e-06 7.68996e-05 0.000156713 -0.000479151 0.00179505 -0.00270747 -0.0001658 -0.00118009 0.000287318 0.000473316 -0.00118898 -0.000811097 0.00144469 0.000474889 -0.00137171 0.000617126 -0.00403041 -0.000309494 0.000318634 -0.00163489 -0.000394986 -0.000366219 -0.000344882 0.00502128 -0.00107033 0.000606719 0.000487924 -0.000183702 0.000551522 -0.00043782 0.00182494 -0.00127565 -7.55352e-05 3.75268e-05 -6.43607e-05 0.000254752 -0.00273828 -1.48573e-05 0.000962169 -0.00063206 -0.00407122 0.000495085 -4.9756e-05 0.000574186 0.000572919 -0.00152906 0.00117676 -0.000386998 2.49712e-05 0.000131363 0.000811669 0.000153728 -0.00236925 
0.000728736 -3.39203e-05 5.72562e-05 0.000729937 0.000364567 -0.000362913 -0.00108696 -0.00285838 0.000305162 0.000449685 0.000393697 -0.000129824 0.000577101 0.00635907 0.000195998 -0.000154746 -0.00236988 -0.000330979 -0.000831161 -1.61561e-05 0.00104006 -0.000323851 0.000373487 -2.62705e-05 -4.02301e-06 0.00149551 -4.45282e-05 -0.00063254 0.000637841 7.3723e-05 -0.00155913 -2.40684e-05 2.06749e-05 -0.00065962 7.52239e-05 -0.000142322 -0.000602361 -0.00142095 0.000842653 9.29121e-06 0.000564248 3.20452e-05 -0.00188296 0.000955199 3.47012e-05 -2.55425e-06 -0.00300319 3.44496e-06 0.000117542 6.71411e-05 -0.000271015 0.0025507 -0.000545237 -1.89023e-05 -0.000468431 9.17881e-05 1.12047e-05 -0.000607745 -0.000405804 0.000676472 8.35442e-05 7.60644e-05 6.33933e-05 -0.000938646 0.000118919 6.95013e-05 -0.00217062 -0.000181296 -1.18666e-05 0.000333395 3.26637e-05 -0.000295984 1.3487e-05 0.000911244 0.000188327 0.000203917 0.000855409 0.000744154 0.00140526 -2.23446e-06 0.000253534 0.000428708 0.000683524 -0.000320171 0.00014711 0.000777514 0.000949158 -0.00323135 0.000398966 0.000198065 0.000151552 0.000831266 1.89103e-05 0.000570622 -0.000204395 4.08908e-05 1.06483e-05 0.000253058 0.00013345 -0.00260344 
-0.000142124 0.000799249 0.000152557 0.00491908 -4.53223e-05 -0.00342956 -0.0148312 -0.0213026 -0.00111172 0.000572972 0.00488142 0.00155689 0.000689406 0.000195998 0.0402743 -0.00223784 -0.00548587 0.00382821 -0.00311745 0.000570813 -0.00188352 -0.00567556 0.000974465 -0.00023354 -0.000682976 -0.00119696 -0.00134248 0.00234214 -0.00134426 -0.00031283 0.00362241 -0.0010595 -0.000747794 -0.00195613 0.000597047 0.00219945 -0.0097003 -0.00974401 0.00174055 0.00057198 -0.000443831 -0.000138666 -0.0143725 -0.000287387 -6.77882e-05 -3.73517e-05 -0.0139366 0.000262994 0.0024296 9.66999e-05 -0.00204973 0.0210563 -0.00473592 -8.01646e-06 -0.0023079 -0.000179647 -0.000334661 -0.00295462 -0.00320057 -0.00258697 0.00134735 0.00680294 -0.00168473 -0.000864683 0.00288183 0.000103038 -0.0143705 0.00202337 -0.00102409 0.00309708 0.00658073 0.0105851 0.000551519 0.0118838 -0.000360243 0.00159089 0.00698513 0.000257099 0.0107221 -0.000240774 0.000210591 -0.000836036 0.000171205 -0.00214384 -0.000606242 -0.00133497 -0.0013338 -0.0120357 -9.07359e-05 0.000168841 -0.000266741 -0.00628299 0.018006 0.000317139 -0.00161012 7.43601e-05 0.000115989 -0.00112591 -0.000110854 0.00273806 
-0.000688091 0.00309579 -0.00115446 0.00166105 -0.000677123 -0.010526 0.0230874 0.00766731 0.00180765 -0.000793777 -0.0010272 0.0311494 -0.000707181 -0.000154746 -0.00223784 0.125949 0.00696102 0.0113883 0.00335265 0.00319575 0.00892598 -0.0173188 -0.00133278 -0.000563793 0.00151397 -0.001308 0.00522525 -0.049137 -0.000121916 -0.00195204 0.00732706 -0.00223938 0.00165056 0.026121 -0.00103525 -0.00322909 -0.0217959 -0.0277589 -0.016529 0.000220113 0.000464682 -0.000318847 -0.0017699 0.002303 -0.000389103 -0.000111064 -0.022875 -0.000546276 0.00028168 -9.32763e-05 -0.00820943 -0.0135454 -0.0177979 0.0026346 -0.0134312 -0.000451118 -0.00123765 0.00292803 0.00498298 -0.0143686 -0.00332895 -0.0105603 -0.00317291 0.0649992 -0.0222434 -0.000422098 -0.0126286 -0.000783017 -0.00108869 -0.00440004 0.0185961 0.0500761 -0.000259448 0.0281823 0.00893733 0.0143911 -0.00919569 -0.000411787 -0.0083883 -0.000954439 -0.00119178 -0.0010839 -0.011361 -0.00634223 -0.00187607 -0.00626997 -0.00806631 -0.0501267 -0.000138614 -0.000690553 -0.00143836 -0.0203374 -0.00157846 -0.000220229 -0.000842336 -2.07227e-05 0.000536281 -0.00239739 0.00169364 -0.0220536 
-0.00184606 -0.000374565 -0.009229 -0.0014471 -0.00112541 -0.0118868 0.0260847 0.0467034 0.0015681 -0.000974624 -0.00701616 0.0328399 -0.00251693 -0.00236988 -0.00548587 0.00696102 0.0690155 0.00122971 0.010137 -0.000451244 0.0037953 0.00749704 -0.00371339 0.000181306 0.000100857 -0.00648218 0.000699845 -0.00951852 -0.0124199 -0.0089536 0.00603961 -0.0103502 0.000495969 -0.0087837 -0.00191819 -0.00659105 0.0114859 0.00591765 0.00454094 -0.000785692 0.00230312 -0.000751914 0.0319991 -0.00422141 -0.00110223 -0.000194962 0.031533 -0.000457708 -0.00264435 -0.00053017 0.0045218 -0.0111906 -0.00529192 0.000328322 -0.00414533 -0.00145855 -0.00133959 -0.0139329 0.0126693 -0.00502894 -0.00997544 -0.0324081 0.000513668 0.00713091 -0.0412207 -0.00123519 0.0147648 -0.0144456 0.00146497 -0.00150552 -0.00317879 0.00638726 -0.00221189 0.00295009 0.000981204 0.00115074 -0.0334742 -0.00452564 -0.0152236 -0.00137052 -0.0034583 0.00295211 -0.0104377 0.00884282 -4.33917e-07 -0.0136392 0.00474562 0.0001766 -0.00180211 -0.0017778 -0.000958617 0.0101815 -0.0175149 -0.00227869 -0.00520603 -0.000114037 -0.00152643 -0.00073936 -0.000131857 0.0060003 
-0.00275491 -0.000489931 0.00242165 0.00538331 -0.00135751 0.00142517 -0.013142 -0.00926905 0.00588681 0.00171382 0.000208607 0.0768107 0.000480513 -0.000330979 0.00382821 0.0113883 0.00122971 0.211672 -0.0247957 0.000201982 0.0283341 -0.0565617 -0.00322091 -0.00233296 -0.0160005 0.0113068 -0.0118625 0.0194454 0.00547484 -0.00185948 0.0381411 -0.0200524 -0.00561478 0.0207561 0.00166258 -0.000426973 -0.0979771 -0.107352 0.0145752 -0.00172447 -0.0108754 0.000232529 -0.0286316 -0.0100649 -0.00214201 -0.000170049 -0.019997 -0.000737494 -0.00543705 0.000331643 -0.0159727 0.0327805 -0.0579011 0.00273675 0.00918324 -0.00258685 -0.00225694 -0.0080941 -0.0102348 -0.0118077 0.00604486 0.00926046 -0.0164244 0.0269886 0.0213352 -0.00109443 -0.0323598 0.00640032 -0.00685733 0.00414722 0.130896 0.0595182 -0.00058446 0.0616259 -0.0217977 -0.00307433 0.0113431 -0.00243054 0.0137921 -0.00423679 -0.00391605 -0.0457639 -0.00475734 -0.0431395 -0.0116408 -0.0173804 -0.0354211 -0.0320792 -0.00241978 -0.000807454 -0.00630915 -0.0381335 0.0390659 -0.00148825 0.00132308 -0.000102339 -0.00148947 -0.0150109 -0.000927331 0.0143297 
0.00107447 -0.000762191 -0.0017461 -0.0028983 -0.00100947 -0.0129721 0.00745051 0.0197819 0.000412187 -0.00127275 -0.00207125 0.0365861 -0.00257544 -0.000831161 -0.00311745 0.00335265 0.010137 -0.0247957 0.139828 -0.00120409 0.0238861 -0.0163818 -0.00169813 -0.000398975 -0.00399194 -0.00804144 -0.0058248 -0.000485308 -0.00909116 -0.001625 0.0158375 4.05148e-05 0.00583195 -0.0212694 -0.000718823 0.00727233 -0.0256953 -0.0049227 -0.020816 0.00228183 0.00668337 -0.00059106 0.0369068 -0.00206086 -0.000977267 0.000221712 0.0350149 -0.000900882 -0.00122937 0.00013937 0.0111725 -0.0168412 -0.00789089 -0.000947402 -0.0101893 -0.000742357 -0.00155244 -0.0126755 -0.017863 -0.00843635 -0.00361401 -0.00891641 -0.00673493 -0.0059921 -0.0227628 0.000404663 0.0341975 -0.00350281 0.0126844 -0.00439578 -0.0432386 -0.0125064 -0.00105326 -0.0224843 -0.00261351 -0.00403915 -0.00836975 -0.000886415 -0.00622118 0.00122537 -0.00119685 -0.00473006 -0.0168049 0.0228052 3.45074e-05 -0.00795273 -0.00271969 0.0187123 -0.00039467 -0.00109353 -0.00169388 0.00724443 -0.0178567 -0.000488 -0.00631464 -3.20745e-05 -0.00040461 -0.00422622 -0.000331327 0.0214659 
0.000108425 0.00123377 -7.78994e-05 0.0015248 3.98045e-05 -4.7586e-05 -0.0012837 -0.00100485 0.000510855 -2.03827e-06 5.06324e-06 0.000692534 0.000281908 -1.61561e-05 0.000570813 0.00319575 -0.000451244 0.000201982 -0.00120409 0.0079258 -0.000591413 -0.00014615 0.000113303 0.000101756 -4.87966e-05 0.000431351 9.8876e-06 -0.00454197 0.000948047 9.49287e-05 -0.000932601 0.000471121 1.29534e-05 0.000544244 0.000119974 -2.88564e-06 -0.00101922 -0.00164798 -0.000410244 -0.000170706 -0.000412726 -3.05472e-05 -0.00351648 0.000656819 -2.12176e-05 -1.23932e-05 -0.00327679 5.77058e-05 0.000200255 1.71756e-05 -0.000647834 0.000237566 -0.000809747 8.74719e-05 -0.000585755 -2.91697e-05 0.000146321 0.000421791 0.000597031 -0.000351414 -0.00021866 -0.000469784 0.000447229 0.0028529 -0.000685779 3.00464e-05 -0.0024668 0.000164232 -0.000185396 0.000530251 0.001066 0.00342629 -2.36769e-05 0.00294925 0.00111833 0.00286163 -0.000303345 0.000106923 -0.000359211 1.77057e-05 2.49124e-06 0.000897374 -0.000450954 -0.000986559 -6.15176e-05 0.000197184 0.00106541 -0.00465491 -5.80896e-06 9.31759e-05 2.91738e-05 -0.00135689 -0.000127676 -5.62928e-06 5.70942e-06 3.19618e-06 8.80763e-05 -0.000169937 0.000180393 -0.00386805 
0.00104694 -0.000446384 -0.00183182 -0.0040123 0.000213802 -0.0142917 0.0172118 -0.0022212 -0.00350095 -3.53684e-05 -5.77761e-05 0.0471173 -0.000268712 0.00104006 -0.00188352 0.00892598 0.0037953 0.0283341 0.0238861 -0.000591413 0.149098 -0.0282069 -0.00155781 -0.000662989 -0.00293497 0.00454988 -0.00577746 -0.00372251 -0.00640262 -0.00344394 0.019439 -0.0081515 0.00112613 -0.020879 -0.00129066 -0.00428123 -0.0347746 -0.0369343 -0.0149944 -0.00120587 0.00404008 -0.000271166 0.0316923 -0.00432184 -1.73248e-05 -0.000164995 0.00901639 -0.000978671 -0.00192388 -1.6401e-05 -0.00902268 0.00351973 -0.0219529 0.00119094 -0.0199218 -0.000873336 -0.00183403 -0.0178373 0.00610378 -0.00108309 -5.84178e-05 -0.00574563 -0.00812302 0.0222075 -0.0235805 -0.000455973 0.0145676 -0.00494352 0.00338923 -0.00509151 0.0120679 0.0309792 -0.000981575 -0.00388721 -0.00502062 -0.00287636 -0.00306111 0.000328505 0.0117367 -0.00139878 -0.00138237 -0.0120858 -0.00813849 -0.0187776 -0.00194388 -0.00795517 -0.019835 -0.0216711 -0.000603198 0.00037654 -0.00191494 -0.0157447 0.00318225 -0.000542563 -0.00440324 -3.06408e-05 -0.00076369 -0.00554656 0.000862624 0.0100991 
0.000569231 -0.000662724 -0.00188274 -0.00340967 -6.36893e-05 0.0224043 -0.0246939 0.0148654 -0.00104121 0.00112519 -0.00232167 -0.0603036 -0.00148612 -0.000323851 -0.00567556 -0.0173188 0.00749704 -0.0565617 -0.0163818 -0.00014615 -0.0282069 0.140749 0.00367852 0.00322295 0.00871589 -0.0101089 0.0184503 -0.0195723 0.00198482 -3.10956e-05 -0.0595926 0.00776494 -0.0015581 -0.0278328 -0.00170949 -0.0054432 0.0846736 0.0812926 -0.0041811 -0.00598139 0.00758517 -0.000419445 -0.00168953 -0.00254948 0.000286317 -0.000208229 0.0140515 0.00146159 0.00134159 -0.000246651 -0.0106283 -0.0236926 0.0460258 -0.00167678 -0.00498821 0.00299008 0.00769249 0.0190364 0.0117853 0.0315556 -0.00423881 -0.00498634 0.0307194 -0.031979 -0.0174982 -0.000404517 0.0160583 -0.00571002 -0.0028863 0.00133549 -0.0707599 -0.0354167 0.000917199 -0.0368792 0.00941124 -0.00182429 -0.00941702 -0.000585585 -0.014517 0.00134322 0.000143261 0.0291053 -0.0107875 -0.000919896 -0.000579571 0.00495241 0.0202074 0.015861 0.000310372 0.000265037 0.00798782 0.0106288 -0.022722 -0.000525571 -0.00339247 1.41941e-05 0.000590537 0.0102099 -0.000696259 -0.0215503 
1.30441e-05 -7.52306e-05 -0.000138547 0.000565438 3.22706e-05 -0.000362764 -0.00421562 -0.00228201 -0.00015132 -6.80888e-05 0.00120281 -0.00624077 -0.000139299 0.000373487 0.000974465 -0.00133278 -0.00371339 -0.00322091 -0.00169813 0.000113303 -0.00155781 0.00367852 0.0131625 0.000350159 -0.000215691 0.00146087 0.000842087 0.000894804 0.000645263 0.000700178 -0.00380647 -0.000291874 0.000106837 -0.0019538 0.000895277 -0.000131308 0.00194568 7.12964e-05 0.00233341 4.53436e-05 0.00091782 0.000138834 -0.00669823 0.00037289 -2.84925e-05 -3.87787e-06 -0.00620906 0.00024086 0.000330422 1.30601e-05 -0.000879295 0.00348092 0.00154026 -0.00014177 -0.00128272 0.000823889 0.000247628 0.00145981 -0.000345553 0.00383952 -4.18788e-05 0.00117031 0.00379921 -0.00317253 0.000819237 1.09465e-05 -0.000691602 0.000452497 -0.00035901 -0.000316288 -0.00347326 -0.00250381 0.000103064 -0.00215707 0.00107162 -0.000273195 0.00196368 1.77566e-05 0.00289967 -4.77194e-05 2.04465e-05 0.00116203 0.00517833 -0.00211419 0.000593126 0.000457054 -0.000288243 -0.00206814 5.62681e-05 0.000627622 8.28417e-05 -0.00122334 0.00307797 0.000282969 0.00064324 8.36746e-07 8.12596e-05 5.17845e-05 -9.83562e-06 -0.00251181 
2.34837e-05 -4.39321e-05 -5.31116e-05 -0.000147151 0.000191826 0.000387811 -0.00158696 0.000346279 -6.36482e-05 -7.41105e-06 -6.54151e-05 -0.00221383 9.46058e-05 -2.62705e-05 -0.00023354 -0.000563793 0.000181306 -0.00233296 -0.000398975 0.000101756 -0.000662989 0.00322295 0.000350159 0.00604861 0.00133517 0.000109113 0.000762245 -0.00103292 -5.72622e-06 4.66536e-07 -0.0030969 0.000235765 4.44128e-05 -0.0011973 -3.51334e-05 -0.000148307 0.000342114 0.00228955 -0.00154431 -9.34382e-05 -0.000232358 1.03134e-05 -0.000922651 -7.48118e-05 -1.68737e-05 1.23893e-05 0.00117657 0.00013159 -1.35847e-06 -9.00761e-06 -0.000281531 -0.000717558 0.00239501 -5.34963e-05 -0.000123313 1.36124e-05 0.00024586 0.00120926 0.000921354 0.00146988 -0.000163355 -6.93676e-05 0.000771659 -0.00126966 -0.000505632 3.95276e-05 0.00145635 -7.68666e-05 7.55599e-05 -5.89466e-05 -0.00279119 -0.00116517 1.47395e-05 -0.00119954 0.000160634 -0.000134927 -0.00036917 8.93676e-05 -0.000221298 0.000464118 -3.81716e-05 0.000231635 -0.000258923 0.000420526 -1.33823e-05 0.000187341 0.000140768 -0.000145602 -1.47281e-05 -3.23074e-05 0.000207877 -0.000284216 -0.000767944 1.15913e-05 -0.000277364 9.93342e-06 4.93705e-06 0.000141576 -2.42218e-05 -0.000212628 
4.40945e-05 6.82288e-05 -0.000328124 -0.00120829 0.000752623 0.00202087 -0.00220474 -0.00342096 -0.000627292 -0.000255434 -0.000403839 -0.0164425 -0.000382603 -4.02301e-06 -0.000682976 0.00151397 0.000100857 -0.0160005 -0.00399194 -4.87966e-05 -0.00293497 0.00871589 -0.000215691 0.00133517 0.0356197 -0.00130094 0.00564825 -0.0168851 0.000141887 -0.000112816 -0.0102172 0.00436972 -0.000359118 -0.00153246 -0.000358941 -0.001128 0.00956434 0.0112179 -0.00425647 0.000149743 -0.00154516 3.33686e-05 0.000120429 0.00146479 3.72304e-05 -4.74672e-05 0.00480528 0.000141775 0.000375331 -5.62045e-05 -0.00315901 -0.00538557 0.00271277 -0.000336642 0.00261153 0.000455595 7.63029e-05 0.00469036 0.000853819 -0.00259329 -0.00111495 -0.000977714 0.00521196 0.00116815 0.00275284 -2.27981e-05 -0.0111584 -0.000977701 -0.000812257 -0.000834342 -0.0149615 -0.00625121 5.40253e-05 -0.00763767 0.00306896 0.00101835 -0.000494748 -0.000300783 -0.00133443 0.00169878 0.000242314 0.0116612 -0.00450046 0.00461691 -0.000465094 0.000632692 0.00875039 -0.0025573 -2.91879e-05 0.000415864 0.00262188 0.0188671 -0.00481284 -9.69807e-05 0.000176837 3.72028e-05 0.000520378 0.00356099 -7.69462e-05 -0.00887411 
0.000339401 -0.000419329 -0.000410247 0.00192376 0.00124867 -0.00503786 -0.00222612 -0.00987077 -0.00119541 -0.000843007 0.00190373 0.00249074 0.0017075 0.00149551 -0.00119696 -0.001308 -0.00648218 0.0113068 -0.00804144 0.000431351 0.00454988 -0.0101089 0.00146087 0.000109113 -0.00130094 0.0742209 -0.00242885 0.00589857 -0.000374598 -0.00129796 0.00174497 -0.00298652 -0.00111859 0.00400095 0.00305806 0.00370515 -0.0167241 -0.0161105 0.0227389 -0.00251583 -0.00325959 0.000196751 -0.0227199 0.00343058 -0.000162419 -2.31682e-05 -0.0241073 -1.32735e-05 0.000325619 -3.31749e-05 -0.00508661 0.020283 -0.00653244 -0.000782221 -0.000795797 1.74421e-05 -0.000800062 -0.00433907 -0.00959094 -0.00321513 -0.000318649 0.00281026 -0.00270529 -0.00894874 0.000655186 0.00056994 -0.00362585 0.000436962 -0.000768767 -0.000345207 0.017422 -0.00661489 -0.000259008 0.000139206 -0.00249085 -0.000691828 0.00678274 0.001256 0.0118367 6.57351e-05 -0.000161012 -0.00342802 0.0283953 -0.010191 -0.0010073 0.00175639 -0.00601457 -0.00810795 -0.000224077 0.000128329 -0.000898505 -0.00259091 -0.00213703 0.00172045 0.00648419 2.32323e-05 -0.000209265 -0.00215239 0.000250823 -0.0119712 
0.001136 0.000204266 -0.000424122 -0.000975392 -0.000118444 0.00653404 0.00365295 -0.000992099 0.00107898 0.000864911 -0.000438778 -0.0113362 3.23827e-05 -4.45282e-05 -0.00134248 0.00522525 0.000699845 -0.0118625 -0.0058248 9.8876e-06 -0.00577746 0.0184503 0.000842087 0.000762245 0.00564825 -0.00242885 0.03503 -0.0192885 0.000399667 0.00172289 -0.0202994 0.00922929 -5.11892e-05 -0.00128443 -0.000119635 -0.00111319 0.016173 0.00588897 -0.00804165 -0.00115523 -0.000382456 0.000297703 -0.00912683 0.000514324 0.000366625 -4.48107e-05 -0.0150944 0.00118463 -0.000284544 -5.37107e-05 -0.003233 -0.00542253 -0.00122155 -0.000172841 -0.00373894 0.0026464 0.00412825 0.0168205 -0.00309952 0.00647349 -0.000436702 -0.00242777 0.0184021 0.00089368 -0.00597448 -0.000111999 -0.00226365 -0.000840409 -0.000261991 -0.000567302 -0.0122369 -0.0029719 0.00163853 -0.00222461 0.00758931 0.000596941 -0.0019224 -0.000369555 -0.00295524 -0.000241326 -5.56731e-05 0.0102623 -0.00471757 -0.00260436 0.000227509 -0.00137226 0.00480521 -0.0134418 0.000142435 -0.000184114 0.00806503 -0.00248513 -0.00142263 -0.000104727 -0.000419266 1.24118e-05 0.000464025 0.0115549 -0.000144738 -0.0131192 
-0.00195102 -0.00289804 0.00176071 -0.00821675 -0.000555094 -0.0102591 -0.0028593 -0.0209946 -0.0107273 -0.00107657 0.00192774 0.00595174 -0.000201508 -0.00063254 0.00234214 -0.049137 -0.00951852 0.0194454 -0.000485308 -0.00454197 -0.00372251 -0.0195723 0.000894804 -0.00103292 -0.0168851 0.00589857 -0.0192885 0.166883 -0.00714784 -0.00086984 0.023667 -0.0119315 -0.000858467 -0.00368471 5.58179e-05 -0.00288189 -0.0165474 -0.0102155 0.0218541 0.00312325 0.00768091 0.000456742 -0.00331461 -0.00362078 0.000295089 -1.65292e-05 -0.000509093 -0.000247256 -0.000746693 -6.71448e-05 0.0123231 0.0225907 0.00534572 -0.00179319 0.0104363 -0.00217742 -0.00735712 -0.0230379 -0.0115354 0.00516694 0.00294094 0.0118422 -0.0224552 -0.0514609 0.0275253 -0.000660246 0.0085985 0.00111134 -0.00494709 -0.00133688 0.0289253 -0.0212964 -0.00146344 -0.00331398 -0.0161124 -0.00952455 0.0117403 0.000442504 0.00722488 -0.000786246 0.00116092 -0.0300125 0.0155369 -0.00787551 0.000325188 0.00494713 -0.0268775 0.0384887 -0.000420753 -0.000202221 -0.00834933 -0.0141495 0.0108405 0.000282166 0.00518316 -7.08487e-05 -0.00189225 -0.0117358 -0.000877351 0.0337219 
2.72026e-05 0.000166343 0.00429123 0.00523583 -0.000218561 0.00898314 -0.00975114 -0.0102632 -0.00118375 -0.000625537 -0.000441124 -0.0127808 0.00214485 0.000637841 -0.00134426 -0.000121916 -0.0124199 0.00547484 -0.00909116 0.000948047 -0.00640262 0.00198482 0.000645263 -5.72622e-06 0.000141887 -0.000374598 0.000399667 -0.00714784 0.0544121 -0.000366585 -0.010923 0.00120399 -0.000454026 0.00487901 -0.000513688 0.000307164 0.000415367 -0.00461872 0.0078735 -0.000354554 -0.000996824 0.000168018 -0.00761373 0.00251698 4.58005e-05 -7.52347e-05 -0.0129588 0.000166284 0.000322959 0.000363397 -0.00472255 -0.000955639 -0.00175147 0.000358241 0.00286282 0.000429334 0.00207022 -0.00230317 -0.00764478 0.000119243 0.0027997 0.0044533 0.0025772 0.000629852 0.0118979 0.000216117 -0.0175809 -0.000951332 -0.00148565 0.000414396 0.0105858 0.00483307 -0.000371074 0.0075407 -0.000331993 0.00285873 0.00588525 0.00238912 -0.00101859 0.000162874 0.00117274 0.000365037 0.0077793 -0.00755395 -0.000898308 0.00670783 -0.00215726 -0.000222897 0.000844323 0.000761222 2.51343e-06 0.000336796 -0.00496233 0.00101006 -0.00116819 1.35351e-06 0.000191885 -0.000759226 -1.89061e-05 -0.0181071 
0.000151597 8.46813e-05 0.000457101 -0.000401265 -1.23566e-05 0.00618324 -0.00415803 -0.00379295 0.000338133 0.000383854 2.54661e-05 -0.00625615 -0.000175619 7.3723e-05 -0.00031283 -0.00195204 -0.0089536 -0.00185948 -0.001625 9.49287e-05 -0.00344394 -3.10956e-05 0.000700178 4.66536e-07 -0.000112816 -0.00129796 0.00172289 -0.00086984 -0.000366585 0.020888 -0.000989615 0.00232203 0.000446627 0.000581509 7.11642e-05 0.00218533 -0.00201623 0.00302493 -0.00533041 0.00153547 -0.00112646 0.000225231 -0.0077307 -0.000239916 -0.000246274 4.73711e-05 -0.00419415 6.32763e-05 -8.45237e-05 6.71175e-06 -0.000747168 -0.00146634 0.00232626 -0.0001945 -0.000167246 0.000564677 0.000961712 0.00780446 -0.00236806 0.000275678 0.000243188 0.00826743 0.0016833 -0.0032948 0.00791827 7.73719e-05 0.00313765 0.00129785 0.000350939 8.22155e-05 -0.00253864 -0.00211876 0.00172757 -0.00151851 -0.000402341 -0.000493536 0.00313629 9.89152e-05 -5.65968e-05 -6.09117e-05 -0.000122029 -0.000712536 -0.0014165 -0.00380106 -0.000335424 0.000564509 -0.00182419 -0.0015058 2.90678e-05 -0.000106301 0.00109609 -0.00590439 0.00380551 -2.2261e-05 -0.000105725 5.2635e-06 0.000417639 0.000186807 -9.01722e-05 0.0012811 
-0.00185973 -0.00020217 -0.000573971 -0.000482233 -0.00215103 -0.0139307 0.023105 0.00475493 -0.00147096 -0.00387653 0.000460587 0.0462194 -0.00348008 -0.00155913 0.00362241 0.00732706 0.00603961 0.0381411 0.0158375 -0.000932601 0.019439 -0.0595926 -0.00380647 -0.0030969 -0.0102172 0.00174497 -0.0202994 0.023667 -0.010923 -0.000989615 0.109808 -0.00750947 0.00124797 0.00701745 0.000628196 0.00341115 -0.0507295 -0.0399015 -0.0107626 0.00414606 -0.00601846 -0.00119148 0.0148932 -0.00496087 -0.00286123 3.09285e-05 0.0169044 -0.00227698 -0.00352763 -0.00013199 0.00223058 0.0111114 -0.0324724 0.000628936 0.00369693 -0.00467833 -0.00739839 -0.0161775 -0.00680009 -0.0242412 -0.000721989 -0.000447919 -0.029308 0.0222097 0.00853194 -0.000741038 -0.00765753 0.00311142 0.00121898 -0.00609636 0.0454563 0.0227402 -0.00123069 0.0225002 -0.0117054 -0.00283869 0.00259674 -0.00419889 0.00800954 -0.00399524 -0.0029135 -0.0216758 -0.00489487 -0.017242 -0.00476321 -0.0214328 -0.0217572 0.00462749 -0.00281149 -0.000697839 -0.0087553 -0.00707994 0.0147538 -0.00152007 0.000538464 -8.50933e-05 -0.000647905 -0.0213186 -0.000263946 0.0454769 
0.00106815 0.000370161 0.00318145 -0.00075134 0.000374404 0.00774559 -0.00366041 -0.0165513 0.000724157 -7.35565e-05 0.000245602 -0.0216911 0.000608895 -2.40684e-05 -0.0010595 -0.00223938 -0.0103502 -0.0200524 4.05148e-05 0.000471121 -0.0081515 0.00776494 -0.000291874 0.000235765 0.00436972 -0.00298652 0.00922929 -0.0119315 0.00120399 0.00232203 -0.00750947 0.0489677 0.00357312 -0.0084519 -0.00020964 0.00172058 0.0116908 -0.00295229 -0.0095964 -0.00153828 -0.0016695 5.06746e-05 -0.0125081 0.00511912 -2.85558e-05 5.02152e-05 -0.0114227 2.46648e-05 0.00018877 4.27428e-05 -0.00430538 -0.0040958 -0.0038138 -0.000307897 0.000550399 0.00163127 0.00323928 0.0121753 -0.00805354 0.00321016 0.00102866 0.00568599 0.00927138 -0.00204506 0.00447603 -7.22334e-05 0.00108945 0.000869387 0.00197103 -0.000748904 -0.021072 -0.0102828 0.00133394 -0.00910492 0.011961 0.000459322 0.00781099 -0.000393933 0.000716007 1.67018e-05 0.000534623 0.0157297 0.000915087 -0.00227914 0.00203433 0.00207478 0.0114819 -0.00212499 -6.45078e-05 0.000705411 0.00754199 0.00416776 -0.00341807 6.37715e-05 0.00148883 1.06146e-05 0.00196876 0.00779437 -0.0001938 -0.00731415 
0.000199669 -1.54605e-05 -0.000124826 -0.000440514 -8.98327e-05 -0.00126056 0.00439692 -0.000998815 0.000643032 -8.63912e-05 -0.00022366 0.00367101 -0.000204414 2.06749e-05 -0.000747794 0.00165056 0.000495969 -0.00561478 0.00583195 1.29534e-05 0.00112613 -0.0015581 0.000106837 4.44128e-05 -0.000359118 -0.00111859 -5.11892e-05 -0.000858467 -0.000454026 0.000446627 0.00124797 0.00357312 0.0184623 -0.00238849 -0.000100456 0.000380325 0.000810922 -0.0040224 -0.0038186 8.91938e-05 0.000259872 3.67159e-05 0.00352629 0.000524601 -0.000199906 5.10637e-05 7.13253e-05 -1.63931e-05 -0.000144321 0.000122765 -0.000508836 -0.00229722 -0.001386 2.61677e-05 -0.0015033 0.000105882 -8.27318e-05 -0.000444291 -0.00268822 -0.000165543 -0.000501459 -0.000538623 -0.000384371 -0.000546609 -0.00269239 3.98654e-05 0.0043251 -0.000601231 0.00317089 -0.000219226 -0.00582637 -0.00189148 -7.9235e-05 -0.0031832 0.0012229 -0.000423399 -0.000879554 -5.42738e-05 -0.000805803 -8.063e-05 6.14447e-05 -5.41661e-05 -0.000427679 0.000858711 0.000812721 -0.000236755 -0.0012066 0.000751783 -6.2674e-05 1.97396e-05 -6.01667e-05 -0.00236584 -0.00247571 -3.86758e-05 -0.000448562 -2.34847e-06 0.00076774 -0.00043891 -3.36395e-05 0.000566719 
-0.00145089 -0.000357725 0.000750046 -0.00107189 -0.000504532 0.00140132 0.00979431 -0.0454104 -0.00187482 -0.00119107 1.5627e-05 0.0267429 -0.00233096 -0.00065962 -0.00195613 0.026121 -0.0087837 0.0207561 -0.0212694 0.000544244 -0.020879 -0.0278328 -0.0019538 -0.0011973 -0.00153246 0.00400095 -0.00128443 -0.00368471 0.00487901 0.000581509 0.00701745 -0.0084519 -0.00238849 0.166938 0.000857078 -0.00789878 -0.031826 -0.0211733 0.00766214 0.00431275 -0.00948131 0.000307401 -0.0617229 0.000732582 -0.00162693 -0.000146814 -0.0574588 -0.000750194 0.000463527 -2.58495e-05 -0.012656 0.0184569 -0.0102783 0.00319234 0.0157765 -0.000693028 -0.00181704 0.00433224 -0.016676 -0.0218044 -0.00304312 -0.00517969 -0.00833339 0.023865 0.01085 -0.000375231 -0.0478178 0.0144518 -0.00536699 -0.00065218 0.0593778 0.0520372 0.000513106 0.0734377 -0.00464171 0.00398804 0.000758005 0.000719983 -0.0125314 -0.00055366 -0.000958269 -0.0138061 0.00417184 -0.0131464 -0.00338149 0.00408844 -0.0128302 -0.0412326 0.000370159 -0.000737128 -0.0024047 -0.0357207 0.0494994 0.000633821 0.00991385 -3.64823e-05 -3.53103e-05 0.00143586 0.000175978 -0.0110376 
