0.156161 -0.00489814 -0.0019022 0.00713999 -0.0452714 0.00686771 -0.00179741 0.00237229 0.0162962 -0.0013343 0.0191557 -0.0544744 0.00681621 0.00304393 -0.0213974 -0.0215128 -0.0424753 0.00313535 -5.01227e-05 -0.000153832 0.0231575 -0.00350716 0.0217461 -0.00752624 0.00346456 0.00515949 -0.000271711 -0.00089033 -0.0024374 -0.00022355 -0.00159054 -0.00105053 -0.000581661 0.000231483 -0.00929639 0.00443885 -0.000947007 0.0156473 0.0285304 0.0316784 4.36407e-05 -0.0218947 -6.36647e-05 0.000311533 -0.000349352 -0.00618254 -0.00117021 -0.00162441 -0.0225929 0.0189908 -0.0056126 -0.000414989 -0.00146672 -0.000582089 -0.00723583 -0.0142022 -0.0038354 -0.00182027 -0.0667272 -0.00914603 0.053515 0.0014846 -0.00082815 -0.00888845 -0.0324067 -0.000637959 0.0117618 -0.018286 -0.00518952 -0.000265873 0.0242458 -4.02788e-05 -0.00488938 0.00158819 0.00076783 0.000774535 -0.00745168 0.00147505 -0.00100717 0.00801254 8.30252e-05 -0.00523114 -0.00322824 -0.0203038 -0.0271889 0.00937084 -0.00678234 0.00186538 0.000974304 0.0525522 0.000246646 0.000211307 -0.000430515 -0.00497478 -0.010158 -0.00742609 0.0019399 0.000672213 -0.00262757 0.0108238 
-0.00489814 0.0512818 0.000380722 0.000157762 0.000134393 8.87775e-05 -5.55988e-05 -0.000229473 0.0140052 -0.00229083 -0.00235805 0.00648279 0.00249591 -0.000206456 0.00310307 -0.00711997 0.00115842 -0.00199141 0.000117002 0.00476792 -0.00684685 -0.00296881 0.000173548 -0.0105175 -0.00062215 0.00561224 -0.000120593 0.000376987 -0.00630142 -0.000195598 -0.00085419 0.000494406 -0.000336902 1.69187e-05 -0.00136598 -0.00179048 0.00202789 -0.000267769 0.00202991 0.0019422 -7.02919e-05 0.00594198 -0.000337668 0.0017458 8.40613e-05 0.00201952 -4.33952e-05 -0.000704928 -0.00410973 -0.00141673 0.00704181 0.000356629 0.00236518 0.000597784 -0.002642 -0.00218323 -0.00129917 0.00673931 -0.00760732 0.00273406 0.000886808 -0.000598768 0.000794495 -0.00181673 -0.00525077 -0.000332744 0.0040043 -0.00254343 -0.000811932 -8.72117e-05 -0.000188678 -0.000173702 -0.000971223 0.00365997 0.000246071 -0.000207324 -0.00486154 -7.64345e-05 -0.000896537 -0.0050823 -0.000871341 0.00321564 -0.000896207 -0.00991595 -0.0110826 -2.35739e-05 0.00481384 2.98865e-05 -0.000477604 -0.00491671 -8.0536e-05 -0.00312327 -0.000302987 -0.00221135 0.00197178 -0.00405829 0.000697481 -9.01374e-05 -0.0131303 3.85473e-05 
-0.0019022 0.000380722 0.0383699 0.00166108 -0.0191154 0.00589275 0.000941485 0.000959621 -0.0142465 0.00093926 -0.0038478 -0.00189969 -0.0196982 6.96351e-05 -0.0194361 0.0104735 -0.0208043 -0.00118062 0.00051745 0.000851787 0.010779 -0.00109701 0.00439338 -0.0158591 -0.0007824 0.00305162 0.000897772 0.00701028 0.00165156 7.45431e-05 0.00294465 -0.000367296 0.000595055 0.000231468 0.0119313 0.0114676 0.00373548 0.0139497 0.00013646 0.00121769 0.000472916 -0.0116019 0.00253574 0.00368738 0.000360877 0.0110677 0.000105711 0.000805186 -0.0102063 0.00350297 -0.010276 0.000550851 0.00184546 0.00963376 0.00743548 -0.00200499 0.00155776 0.00180688 0.0027054 0.00699278 -0.0120078 -9.1149e-05 0.00101579 -0.0066361 -0.0170286 0.00238075 0.0018507 -0.00615906 0.00116806 0.000646244 0.000309786 -0.000263933 0.00395164 -0.00079564 0.000335543 0.000848371 -0.00476156 0.00125531 0.00511364 -0.00649572 0.000524764 0.00373988 0.00213689 -0.0188752 -0.0155715 0.000164452 0.0192564 0.00171973 0.00680091 -0.00080088 0.0051076 0.00481702 0.000752558 0.00232727 0.00224601 -0.0103876 -0.000261323 -4.22356e-05 -0.00410428 -5.23651e-05 
0.00713999 0.000157762 0.00166108 0.015889 -0.00617163 0.000474682 -0.000168988 4.34989e-05 0.00115852 -0.000998863 0.00672629 -0.00462306 -0.00564112 0.000524775 -0.00847999 -0.00209408 -0.00744354 0.000292376 0.000201505 8.15664e-05 0.00061692 -0.00030444 0.00585926 -0.00430865 0.000103129 0.000291055 4.94565e-05 0.000515229 -0.00234522 -1.75912e-05 6.53166e-06 -0.000169167 -7.75959e-05 4.33197e-05 -0.000358451 -0.000375636 0.00124416 0.00339481 0.00390155 0.00635872 0.000712388 -0.00709436 1.39447e-05 0.00134433 9.49295e-06 0.00112975 7.87281e-05 -0.000359483 -0.00369879 0.00138708 0.00129663 0.000151184 0.00101801 0.000309309 -0.000755109 0.000767802 -0.000425344 0.000930825 -0.00622523 -0.00032353 0.00541518 -8.55917e-05 -7.37187e-05 -0.00219866 -0.00861435 0.000773838 0.00388405 -0.0021263 -0.000343385 1.2946e-05 0.00319599 0.000249703 0.00146331 -0.000165215 0.000555647 0.000910104 -0.0019833 0.000223529 0.000320164 0.000226081 -0.000376675 0.000190142 -0.000103086 -0.00538334 -0.00820174 0.000171223 0.00125693 -0.000146781 -3.10793e-05 0.00522936 0.000295079 -0.000365009 1.83047e-05 -0.000542442 0.00143045 -0.00315774 0.000931418 0.000402445 0.00119023 0.00212751 
-0.0452714 0.000134393 -0.0191154 -0.00617163 0.212095 -0.0249463 -0.00636032 -0.00311094 0.0352693 -0.0018166 -0.00220022 0.0304434 0.0220315 -0.00283218 0.0661369 -0.0267603 0.0714672 0.00504908 -0.000911282 0.000477164 -0.0535434 0.00367755 -0.0187155 0.0413043 -0.0039752 -0.0230946 -0.00226228 -0.011447 -0.0444117 -0.00231753 -0.00646499 -0.00244004 -0.00163901 -0.000370109 -0.0286515 -0.0203028 0.000710664 -0.0411804 -0.0380066 -0.00768048 -0.00253787 0.0687638 -0.0030687 -0.00502667 -0.0016892 -0.0206441 -0.00118547 -0.00393588 0.00804308 -0.02799 0.0280728 0.000310363 -0.000145901 -0.0153618 -0.00780786 -0.00337214 -0.0156623 0.00343363 -0.00979894 -0.0205833 0.0190733 -0.00266969 0.000144888 0.0388403 0.0415108 -0.00301188 -0.0146204 0.00691941 -0.000799214 -0.000986904 -0.0314497 -0.00216178 -0.00870736 0.00353965 -0.000813937 -0.00104251 -0.0156389 -0.00318713 -0.0122961 0.000487374 -0.00671855 -0.0175216 -0.00286718 0.0437461 0.0297772 -0.00956617 -0.0245595 -0.00667564 -0.00917052 -0.0208329 -0.00844509 -0.0207064 -0.00286966 -0.00709278 0.00418335 0.046698 -0.000838659 -0.00146677 -0.00423487 -0.00657924 
0.00686771 8.87775e-05 0.00589275 0.000474682 -0.0249463 0.0493303 7.98211e-05 -0.000170792 -0.000168236 -0.00307093 0.00287705 0.00359906 -0.00169623 0.00099322 -0.0188469 -0.00600911 -0.019663 -0.00154926 -5.56794e-05 -0.000975837 0.00131766 -0.0016923 0.00568924 -0.0166851 -0.000205921 0.0120846 0.000592295 0.00433695 0.0161955 -7.9977e-05 0.000577179 0.00018954 8.58679e-05 1.89238e-05 0.0122544 0.000499295 -0.000273972 0.0165673 0.000783423 0.00458776 -0.00021398 -0.0178268 -0.000138255 -0.00112317 -2.68873e-05 0.0162703 0.000103684 -0.000882222 0.00335583 0.017449 -0.00930835 -0.000227752 -0.000472513 0.00399553 -0.000104493 -0.00523228 -0.00133079 -0.000334225 0.00946956 0.0144169 -0.0024158 0.000358979 0.00144897 -0.0061829 -0.0219042 0.000293275 0.000464903 -0.00791879 -0.00173682 -4.8378e-05 -0.00854699 7.0444e-06 -0.00147117 -0.00113572 5.13305e-05 -4.71841e-05 -0.00243293 0.000453404 0.000170382 -0.0105763 0.000255828 0.0139951 -0.000591671 -0.0216358 -0.0188931 0.00122199 0.0167427 -0.00104507 -0.00023803 0.00808887 0.00276131 0.00138723 -0.000352962 0.000146332 -0.00187776 -0.0138135 -3.69785e-05 5.04372e-05 -0.00228584 -0.000442737 
-0.00179741 -5.55988e-05 0.000941485 -0.000168988 -0.00636032 7.98211e-05 0.0126478 0.000315861 -0.00604717 -0.000448235 -0.000852437 -0.00449371 -0.00616843 -0.000118474 -0.00507431 0.00715538 -0.00656855 -0.00016826 5.4921e-05 -4.72747e-05 0.00196433 -0.000420081 -0.00100909 -0.00540701 -0.000156513 -0.000478077 3.82705e-05 0.000264959 -0.00369881 0.000113827 0.000159039 0.000138304 0.000231742 -6.42282e-06 0.00160225 0.00293234 0.000169988 -0.000442062 0.0055098 -0.00121232 6.44839e-05 -0.00446798 0.000312416 0.000555128 0.000119578 -0.000158908 -5.83853e-05 0.00100533 -0.00273632 -0.00211474 -0.00350246 -2.61419e-06 0.00034688 0.00187185 0.00168942 0.00176063 0.00772864 4.11819e-05 0.00200235 -0.000347817 -0.00429647 -5.9438e-05 -2.68239e-05 -0.00398875 -0.00102686 5.16462e-05 -0.000160333 -0.00190262 0.0043319 0.000211847 0.00270182 0.000282037 0.00377874 0.000189436 -2.18847e-05 5.22059e-05 0.00374465 0.000730838 0.00386399 -0.00255781 0.00476294 9.13195e-05 -0.00020066 -0.00520081 -2.48781e-06 0.000128721 -1.49203e-05 0.00185458 0.00185347 -0.00141293 5.39569e-05 0.00256936 0.000275836 0.00317176 0.000120003 -0.0025217 2.41985e-05 -1.3457e-05 0.00161502 -0.00028156 
0.00237229 -0.000229473 0.000959621 4.34989e-05 -0.00311094 -0.000170792 0.000315861 0.00778653 -0.000443477 0.000149849 0.00166514 -0.00125939 -0.00155785 0.000618658 -0.00145059 -0.000552932 -0.00420616 0.000129361 5.15495e-05 -9.77348e-05 0.00158092 0.000739248 -0.000248504 -0.00177098 2.64108e-05 -2.04706e-05 7.76623e-05 2.4966e-05 -0.00123545 -8.84717e-06 -4.12037e-05 -1.71537e-05 -5.23903e-05 2.50182e-05 0.000728631 0.000425258 0.000268262 0.00178137 -0.00106122 0.000108337 0.000164607 -0.00333387 1.53616e-05 -8.16342e-05 -3.03584e-05 0.000193143 5.06672e-05 0.000116651 -0.00175813 0.000296127 -0.00149898 2.21597e-05 6.37052e-05 0.00219743 0.000801013 -0.000545708 0.000200769 0.000927653 -0.00165574 0.000913174 0.00144298 0.000621294 1.77846e-05 -0.000552706 -0.00180366 0.000166151 0.00120341 -0.00121964 8.52546e-06 9.69361e-06 -0.000597427 1.57206e-06 0.000139255 -5.5762e-05 6.64167e-05 0.000518121 -0.000474267 0.000355292 0.000219793 -0.00107555 0.000248498 -0.000181497 0.000211256 -0.00167441 -0.000271404 0.000909438 0.000418825 0.00127194 0.000127947 0.00180014 0.000439603 6.47362e-06 -1.9306e-06 0.000410912 -0.000279822 -0.00140141 8.90203e-05 1.42277e-05 -0.000717356 0.000187316 
0.0162962 0.0140052 -0.0142465 0.00115852 0.0352693 -0.000168236 -0.00604717 -0.000443477 0.243614 -0.00581507 0.030088 0.00882744 0.0386101 0.00300916 0.0157877 -0.0345406 -0.00602861 -0.00840258 -0.000293168 0.00274488 0.0102706 -0.0114483 0.0218143 -0.0125635 -0.000457076 0.0177859 -0.00186219 -0.00668145 -0.00981123 -0.00210577 -0.0109857 -0.00133484 -0.0028969 -0.000256526 -0.0157119 -0.00967731 -0.00336274 0.00308742 -0.00877459 0.0400312 -0.000531032 0.00670036 -0.00269648 0.00604718 -0.00179066 -0.00514829 -0.00362257 -0.0146393 -0.0362696 0.0116807 0.0248088 -0.000986652 0.000298893 -0.00738603 -0.0216218 -0.00939162 -0.010645 0.0131032 -0.0741754 0.00216944 0.0678603 -0.00418746 0.000986957 0.000176146 -0.0533892 -0.00280874 0.00608623 -0.0311181 -1.76142e-05 -0.000425826 0.0395785 -0.000444956 -0.00997622 0.00619046 0.000967253 0.000119675 -0.0460418 -0.00200132 -0.00935586 -0.0406407 -0.00730158 -0.0033248 -0.000320831 -0.0128202 -0.0427358 0.00438197 -0.000736192 -0.00298102 -0.00465354 0.0174094 -0.0158999 -0.0260326 0.00163948 -0.0196031 0.0023076 0.0419734 0.00274551 -0.000242119 -0.062249 0.00249759 
-0.0013343 -0.00229083 0.00093926 -0.000998863 -0.0018166 -0.00307093 -0.000448235 0.000149849 -0.00581507 0.0690413 -0.00935943 -0.0123869 0.00480784 0.000781472 0.0180041 0.0370147 -0.00831261 -0.000769303 0.000790693 -0.000438792 0.0289234 -0.00278475 -0.00737897 -0.0248137 -0.00117629 -0.00213628 3.93937e-05 -0.000401333 -0.0169554 -5.39447e-05 0.00644669 -0.000289521 0.000279873 -2.67544e-07 -0.00127853 0.00886434 -0.0004528 -0.000889985 0.00982088 -0.00941233 0.000109788 0.0016414 0.000321832 -0.00146427 -0.000299184 -0.000231734 -0.000440386 -0.00196983 -0.00955483 -0.00308675 -0.0214644 -0.000145762 -1.9977e-05 0.000935178 0.00529608 -0.00659595 0.0002926 -0.00127413 -0.0059357 -0.000106336 -0.018085 -0.000287057 -0.000326502 -0.0220468 0.00366015 -0.000128181 -0.00145927 -0.0121536 0.00560072 -9.77307e-05 0.0116382 -0.000178363 -0.00228895 -0.00199087 0.000120474 -0.000151281 -0.00165418 0.000531654 5.23328e-05 -0.0201826 0.00127828 -0.00176012 0.00268592 0.00531679 0.00417554 -0.00233123 -0.000213672 0.00282188 0.000759467 -0.00797592 0.00112845 0.00846573 0.0019413 0.00161497 0.00161598 0.0182162 -0.000572242 -4.36221e-05 -0.00466157 0.000119142 
0.0191557 -0.00235805 -0.0038478 0.00672629 -0.00220022 0.00287705 -0.000852437 0.00166514 0.030088 -0.00935943 0.143522 -0.0264394 -0.0103997 0.00281472 -0.0598618 -0.0237678 -0.0631553 0.00374904 -0.000500137 -1.09145e-05 -0.0120643 0.0109709 0.0476431 -0.00563634 0.00426795 -0.00437197 -0.000213155 -0.00023209 -0.0399091 -0.000472668 -0.00280586 -0.00255871 0.000414973 7.98011e-05 -0.00720494 -0.00712107 0.00273289 -0.00536982 0.0319739 0.0553842 -0.000180062 -0.0173485 -0.000944011 0.00506018 -0.000440955 -0.0044255 -0.00075605 0.00125958 0.00740642 0.0135709 -0.0150594 0.000750913 0.00761001 -0.00344337 -0.00398499 0.0179319 -0.0024092 0.013213 -0.0577089 -0.00798168 0.06062 0.00385508 -0.000555767 0.00458721 -0.0737826 -0.000699559 0.0101114 -0.0175589 0.000547962 3.78229e-05 0.0102563 -0.000721302 0.0148325 -0.000751711 0.000568765 0.00243467 -0.0221052 -0.000510764 0.00185258 -0.0174045 -0.00365319 -0.00238504 -0.00160414 -0.0318368 -0.0406243 0.00327438 -0.00560724 0.00233791 -0.0014817 0.0577388 -0.00404685 -0.00778519 1.84921e-05 -0.00268366 0.0230982 -0.0213526 0.00184346 0.000805031 0.0292446 0.00361317 
-0.0544744 0.00648279 -0.00189969 -0.00462306 0.0304434 0.00359906 -0.00449371 -0.00125939 0.00882744 -0.0123869 -0.0264394 0.248974 0.0196437 0.00303567 0.0426764 -0.0294075 0.0172682 -0.00646446 -0.000426296 0.000469007 -0.0134896 -0.0224614 -0.00300859 -0.0445612 -0.00743469 0.0194571 -0.00100828 0.000744418 0.0474619 -0.00158886 -0.00352367 0.000458543 -0.0021633 -0.000291544 0.00471929 -0.0174631 -0.00270515 0.021553 -0.0153587 -0.0046959 -0.00140125 0.0515673 -0.00233676 0.000556404 0.000534536 0.012225 0.00240946 -0.00176292 0.0524444 0.0164459 -0.057364 -0.00128996 -0.0142823 0.00473815 -0.00580379 -0.0273519 -0.0127134 0.00481157 0.0894627 0.0247049 0.00160973 -0.00473675 0.0019811 -0.0278499 -0.0106261 0.000696443 -0.00565078 0.00277479 -0.0207165 -0.000783207 0.000854924 0.000458898 -0.0139785 0.00155382 -0.00030317 -0.000105792 -0.00993326 -0.00278411 -0.00576103 -0.018099 -0.00150033 0.0108891 -0.00572992 -0.0108274 -0.0232975 -0.00458124 0.021082 -0.00738211 -0.00601893 -0.0343976 -0.000927995 -0.0201188 -0.00403406 -0.00492612 -0.00363437 -0.0516217 -0.00295882 -0.000663744 -0.0646857 -0.00304572 
0.00681621 0.00249591 -0.0196982 -0.00564112 0.0220315 -0.00169623 -0.00616843 -0.00155785 0.0386101 0.00480784 -0.0103997 0.0196437 0.117397 -0.00102792 0.0416956 -0.0196881 0.0222687 -0.000756356 -0.000480678 -0.00301021 -0.0148578 -0.0177046 -0.00925177 0.019921 0.000680274 0.00154653 -0.00196768 -0.00344267 -0.00273369 -0.00212437 -0.0016125 -0.000264588 -0.00101228 -0.000366015 -0.0169575 -0.00789681 -0.00304181 -0.0175004 0.00135126 -0.0201193 -0.00234266 0.0306717 -0.00230598 -0.000764921 -0.000938319 -0.00356888 -0.00167193 -0.00581046 0.0164901 -0.0142241 0.016048 -0.00171414 -0.00711561 -0.00949493 -0.0128849 -0.0112315 -0.00901295 -0.00742974 -0.00109465 -0.00249 0.0169887 -0.00533635 -0.00119494 -0.0184213 0.026258 -0.00337194 -0.0049708 -0.00237407 -0.00478281 -0.00133569 0.00401489 -0.000163204 -0.0261241 -0.00260658 -0.000512682 -0.00221381 -0.00393632 -0.00266974 -0.0151099 -0.00336207 -0.00724916 -0.000912412 -0.00413503 0.0225356 0.0194484 -0.00106078 -0.0116566 -0.00457632 -0.00612689 -0.0121411 -0.00210706 -0.00345623 -0.000730589 -0.0081312 -0.0124502 0.027381 -0.00102882 -0.000959328 -0.0185764 -0.000243182 
0.00304393 -0.000206456 6.96351e-05 0.000524775 -0.00283218 0.00099322 -0.000118474 0.000618658 0.00300916 0.000781472 0.00281472 0.00303567 -0.00102792 0.0155445 -0.0039832 -0.00312906 -0.0033663 -0.000279557 -1.28897e-05 0.000214027 0.00179308 -0.000260233 -0.000262117 -0.00343947 0.000674523 0.00183132 -4.72629e-06 -0.000131689 0.000509493 -4.40648e-05 -0.000259874 5.60708e-05 -0.000118825 1.88252e-05 0.000348494 -0.000652485 -0.000178216 0.00182487 -0.00307191 0.0021359 -2.12512e-06 -0.00323609 -9.26165e-05 -0.000233561 -5.57179e-05 0.000800837 0.000267832 -0.000289928 -0.000367916 0.00501393 -0.0029035 -6.91208e-05 8.66872e-05 0.00130264 -0.000480038 -0.00128476 -0.000625543 0.00277177 -0.00232174 0.0022894 0.00524827 0.000302441 -5.56712e-05 -0.00307737 -0.00702846 8.55783e-05 0.00125678 -0.0021322 -0.000741175 -7.45766e-06 -0.00138978 -5.31119e-06 -0.00051326 0.000127006 2.91886e-05 0.000227613 -0.00239938 0.000115548 -9.14544e-05 -0.00254854 -0.000258998 7.19872e-05 7.26885e-05 -0.00307082 -0.0029772 0.000633914 0.000621912 0.0011114 -7.32629e-05 0.00403398 -0.000464592 -0.000849515 2.53903e-05 -0.00014416 -0.000317052 -0.00216519 0.000365989 1.81702e-05 -0.000925598 -0.000144521 
-0.0213974 0.00310307 -0.0194361 -0.00847999 0.0661369 -0.0188469 -0.00507431 -0.00145059 0.0157877 0.0180041 -0.0598618 0.0426764 0.0416956 -0.0039832 0.220918 0.00963129 0.104457 -0.00711873 -0.000311144 -0.0100415 -0.00924265 -0.0167975 -0.0516059 0.00814776 -0.00687808 -0.0314582 -0.00163454 -0.00863391 -0.0037635 -0.00180346 -0.00297901 0.00201799 -0.00255275 -0.000253131 -0.0115538 -0.00588791 -0.00436045 -0.0195217 -0.0312985 -0.0605635 -0.0020342 0.055892 -0.00332352 -0.011079 -0.00137035 -0.0185332 -0.00234828 -0.0170187 0.0082266 -0.0524044 0.014461 -0.000993758 -0.00752958 -0.00984352 -0.00575608 -0.0318034 -0.00624978 -0.0112067 0.0330692 -0.0142267 -0.0432127 -0.00298932 -0.000426338 -0.00459995 0.0976178 -0.00216021 -0.00559336 0.0247613 -0.00133101 -0.00128704 0.00817656 -0.00117664 -0.0282219 -0.0121556 -0.000990607 -0.00272391 0.00756159 -0.000793818 -0.0119328 0.00102159 0.00179493 -0.0146237 -0.00276205 0.0841149 0.075011 -0.0166754 -0.025372 -0.00378463 -0.00681708 -0.0487971 -0.00716085 -0.0103017 -0.00251702 -0.00461827 -0.0260038 0.0610182 -0.00173313 -0.00114168 -0.0820658 -0.00882177 
-0.0215128 -0.00711997 0.0104735 -0.00209408 -0.0267603 -0.00600911 0.00715538 -0.000552932 -0.0345406 0.0370147 -0.0237678 -0.0294075 -0.0196881 -0.00312906 0.00963129 0.201293 -0.0165514 -0.00229239 0.00137352 -0.00321436 0.0564941 -0.00104225 -0.0172273 -0.083776 -0.00324251 -0.0116998 0.000655366 -0.00109907 -0.0341326 0.00213317 0.00847242 0.00273295 -0.000272239 -3.32983e-06 0.00884276 0.0245901 -0.00231104 -0.000794805 0.0500511 -0.0257229 0.00162187 -0.0254969 0.00155914 0.00174114 -0.000668962 -0.00781566 -0.00179122 -0.00193186 -0.0324798 -0.0166133 -0.0591997 -0.000452393 0.00609108 0.000627395 0.0205801 -0.000420031 0.024063 -0.00426902 0.0287654 -0.0107916 -0.0768054 -0.000609828 -0.00117907 -0.0504953 0.0297572 0.000344391 -0.000683519 -0.0374334 0.0221326 0.00073435 0.0453716 -0.000729834 0.012657 -0.00631838 -0.00013851 -0.000913835 0.0266399 0.00215873 0.0098999 -0.0612119 0.0123088 -0.00810629 0.00599216 0.0154367 0.0272922 -0.00758308 0.00274407 0.00766769 0.00734925 -0.0241909 -0.00249894 0.026506 0.00437159 0.00730098 0.00484889 0.0134721 -0.00138382 -0.000442392 0.0333761 -0.00370481 
-0.0424753 0.00115842 -0.0208043 -0.00744354 0.0714672 -0.019663 -0.00656855 -0.00420616 -0.00602861 -0.00831261 -0.0631553 0.0172682 0.0222687 -0.0033663 0.104457 -0.0165514 0.241866 -0.0094041 -0.000702968 -0.00388067 -0.0340666 -0.010567 -0.0575728 0.0752985 -0.00692215 -0.0357643 -0.00203306 -0.0101746 0.00966169 -0.00189276 -0.0100727 0.000588808 -0.00264935 -0.000333908 -0.0197433 -0.00930357 -0.00408783 -0.0339349 -0.0481891 -0.0643632 -0.0023401 0.0437799 -0.00342659 -0.0161392 -0.000273973 -0.0220224 -0.00220465 -0.0122215 0.00957408 -0.0475265 0.0733976 -0.00221795 -0.0083909 -0.0126033 -0.00533961 0.00725211 -0.0147292 -0.0156849 0.0345933 -0.0247732 -0.0552393 -0.00486991 -0.00198856 0.0091195 0.102307 -0.00313496 -0.0139333 0.0425881 -0.00595767 -0.00118892 -0.0333167 -0.00271477 -0.0247131 -0.00739606 -0.00142398 -0.00309529 0.0033658 -0.00217824 -0.0103739 0.0402298 -0.000349099 -0.0138095 -0.0055301 0.0871741 0.101984 -0.0194451 -0.0349729 -0.00946585 -0.00632167 -0.0586342 -0.00843085 -0.0142699 -0.00391552 -0.0106671 -0.0193113 0.0659768 -0.00167775 -0.00131929 -0.022141 -0.00946298 
0.00313535 -0.00199141 -0.00118062 0.000292376 0.00504908 -0.00154926 -0.00016826 0.000129361 -0.00840258 -0.000769303 0.00374904 -0.00646446 -0.000756356 -0.000279557 -0.00711873 -0.00229239 -0.0094041 0.0407228 -5.65427e-05 0.000829672 -0.00327999 0.00675622 0.00113947 0.0103232 0.00200273 -0.00202101 -0.000114614 -0.000460501 -0.00794642 -0.000105288 -0.000250906 0.000106098 0.000810401 -2.06286e-06 -0.00209901 -0.00116439 2.65917e-05 -0.00109693 0.00277477 -0.00286314 -0.000108454 -0.000236436 1.47132e-05 -0.000844755 -5.12806e-05 -0.0011859 0.000439156 0.00310464 -0.00840048 -0.00277344 0.00131634 0.000161565 -0.00137584 -0.00121233 -0.00249848 -0.00160513 0.00050408 -0.00194804 -0.0119283 -0.00171601 0.0141481 0.000907677 -0.000246144 0.00839002 -0.000545234 -0.000203773 -0.000465583 -0.00455657 -0.00135549 -5.85816e-05 0.000418349 -0.000167272 0.00266552 0.00162616 7.10499e-05 7.2358e-05 -0.00379878 -0.00015218 -0.000592895 0.00354819 -0.000668176 -0.000924598 -0.000541808 0.00049361 -0.00504494 -0.00127303 -0.00175814 -0.00048411 -0.000323191 0.0023721 0.0051246 -0.00165451 -0.000243227 -0.00140104 0.00136421 -0.00445243 0.000126021 7.58364e-06 0.00381242 9.86683e-05 
-5.01227e-05 0.000117002 0.00051745 0.000201505 -0.000911282 -5.56794e-05 5.4921e-05 5.15495e-05 -0.000293168 0.000790693 -0.000500137 -0.000426296 -0.000480678 -1.28897e-05 -0.000311144 0.00137352 -0.000702968 -5.65427e-05 0.00362323 0.000131329 0.000966292 1.91733e-05 -9.33077e-05 -0.00138399 -5.73841e-05 -0.000183948 1.34891e-05 -5.11448e-05 -0.000665478 1.3461e-05 0.000159232 -3.23907e-05 -2.13168e-06 2.89362e-06 9.54951e-06 0.000382582 0.000399194 0.000151469 0.000371117 -0.000216429 9.94368e-05 -0.00066147 0.000323939 0.000230763 -8.08875e-06 0.000390808 -1.76581e-05 -5.37307e-05 -0.000926504 -0.000240166 -0.000553361 8.50005e-05 -1.22861e-05 -2.82529e-05 -9.98897e-05 -0.000373609 7.35766e-05 -1.91068e-05 -0.000298671 -6.59023e-05 -0.000743253 -2.6193e-05 -6.53266e-07 -0.000944786 -0.00111218 0.000115395 0.000596031 -0.000556269 0.000283861 2.92311e-05 0.000993032 3.92485e-05 0.00031516 -6.75557e-05 3.85506e-05 2.07235e-05 -0.000409735 0.000195296 7.29086e-05 -0.000307067 8.79894e-05 0.000215534 0.000295441 -0.000434127 -0.000802154 -1.98458e-06 0.00037616 -1.55359e-05 0.000613626 -0.000266804 4.49527e-05 0.000648388 0.00017558 0.000220312 0.000119543 0.000129188 -1.27084e-05 -4.54377e-06 -0.000632809 4.83018e-06 
-0.000153832 0.00476792 0.000851787 8.15664e-05 0.000477164 -0.000975837 -4.72747e-05 -9.77348e-05 0.00274488 -0.000438792 -1.09145e-05 0.000469007 -0.00301021 0.000214027 -0.0100415 -0.00321436 -0.00388067 0.000829672 0.000131329 0.0206189 -0.00129301 -0.000267419 0.00315681 -0.00477358 0.00138378 0.00939577 -1.76176e-05 0.000853733 0.00464553 -6.09568e-05 0.000627776 -3.88028e-05 0.00130595 1.79713e-06 -0.000524908 -0.000254083 0.000867431 -0.000714411 8.09574e-05 0.00608013 -6.80997e-05 0.00266447 0.00061124 0.00121952 0.000199667 0.000605094 0.00138796 0.00169101 -0.00548817 0.00310644 -0.000991187 1.45993e-06 -0.00046207 -0.000193629 -0.00125327 0.000149927 -0.000396352 0.00435552 -0.00859783 0.00777506 0.00526138 -0.000139436 0.000379963 0.00407921 -0.0117012 -0.000119957 2.60945e-05 -0.00256015 0.00058311 8.01929e-05 -0.00298729 0.000779455 -0.000235983 0.00958278 -2.8433e-05 -3.65674e-05 -0.00331853 0.000157284 -0.000337631 -0.00216441 -0.000582651 0.00085677 -0.00014517 -0.0146977 -0.0142897 0.00332425 2.61298e-05 -0.000288972 0.000569199 -0.000485623 -0.00030111 0.000392053 6.50292e-05 -0.000661853 0.000654053 -0.00483948 0.00037126 2.58066e-06 -0.00360957 0.000253816 
0.0231575 -0.00684685 0.010779 0.00061692 -0.0535434 0.00131766 0.00196433 0.00158092 0.0102706 0.0289234 -0.0120643 -0.0134896 -0.0148578 0.00179308 -0.00924265 0.0564941 -0.0340666 -0.00327999 0.000966292 -0.00129301 0.145286 -0.00285448 0.0013475 -0.0549945 -0.000903052 0.0139291 0.000896519 0.000989226 0.00383015 0.000104699 0.00758238 -0.000396178 0.000309099 -8.09357e-06 0.00940228 0.0248361 -0.00167009 0.0227412 0.0234972 0.0052233 0.00154465 -0.0154032 0.00304303 0.0104951 -0.000542835 -5.69573e-05 -0.000762959 -0.00222564 -0.0464588 0.0236781 -0.0521458 -0.000490761 -0.00375045 0.000568447 0.0130816 -0.0150537 0.00411049 -0.00519955 -0.0201761 0.0036939 -0.00907295 0.00111949 0.000600388 -0.0322724 -0.0387665 0.000219031 0.00201567 -0.0223678 0.00703923 0.000820733 0.0632794 -0.000589341 0.00561099 -0.00174905 0.00142525 0.000347679 -0.0188679 0.000835329 0.00805498 -0.0425419 0.00306219 -0.00142016 0.00476409 -0.0281894 -0.0235999 0.00622022 0.0112609 0.00301544 0.00979289 -0.00145753 -0.00197913 0.0183221 0.00375759 0.00830157 -0.00205433 0.000844866 -0.00106882 0.00025082 -0.0248575 0.00361745 
-0.00350716 -0.00296881 -0.00109701 -0.00030444 0.00367755 -0.0016923 -0.000420081 0.000739248 -0.0114483 -0.00278475 0.0109709 -0.0224614 -0.0177046 -0.000260233 -0.0167975 -0.00104225 -0.010567 0.00675622 1.91733e-05 -0.000267419 -0.00285448 0.0578882 0.00156989 0.0147934 0.00465023 -0.00157591 0.00105701 -0.000369542 -0.0141713 0.000104312 -0.000367145 -9.94618e-05 0.00100249 0.000123914 -0.00217375 -0.00221373 -0.000370842 -0.0050898 -0.0151774 0.000976215 0.000289816 -0.0150513 0.000879291 -0.00171418 5.21642e-05 -0.00149491 0.000664885 0.00334391 -0.0164147 -0.00404178 0.0093261 0.00194144 0.00540591 -0.00209388 -0.00301014 -5.35821e-05 -0.00155658 0.000975363 -0.0176052 -0.00230948 0.00705378 0.00570516 -0.000283963 0.0305533 -0.00313766 2.78609e-05 -0.000532372 0.00209611 0.00261586 0.000525919 -0.00807773 -0.000212389 0.0125841 0.002388 -3.31142e-05 0.000307885 -0.0058004 -0.00027856 0.000574869 0.00661928 -0.0017093 -0.000853897 -0.000210041 0.00120929 -0.00289383 -0.000212455 -0.00278205 -0.000494768 0.000502456 0.0123881 0.00102214 -0.00147281 -0.000249822 0.000391544 0.00550952 0.000194134 0.000169577 0.000267973 0.0139928 -0.0015398 
0.0217461 0.000173548 0.00439338 0.00585926 -0.0187155 0.00568924 -0.00100909 -0.000248504 0.0218143 -0.00737897 0.0476431 -0.00300859 -0.00925177 -0.000262117 -0.0516059 -0.0172273 -0.0575728 0.00113947 -9.33077e-05 0.00315681 0.0013475 0.00156989 0.0919267 -0.0331874 0.00187786 0.0118911 8.07434e-05 0.00427745 -0.00878173 -0.000348603 -0.00186597 -0.00165286 0.000632347 0.000157792 -0.000809645 -0.00328185 -0.000809039 0.0136601 0.0374195 0.0568213 0.000122874 0.00151006 0.000409693 0.00822313 -0.000137093 0.00416461 -0.000440318 0.0012021 -0.00369892 0.0158007 -0.0233048 0.000217376 0.00446837 0.00136464 -0.00647433 -0.000265697 -0.00377229 0.00670798 -0.0391624 0.00247966 0.0482275 0.00114239 -0.000537776 0.00859471 -0.0611882 -7.0102e-05 0.00800992 -0.0145577 0.000289159 0.000474028 0.0256499 0.00114187 0.0142359 0.00717586 0.00128388 0.00210021 -0.0154667 -0.000339413 -0.000774245 -0.0248117 -0.00296007 -0.00177686 -0.000624679 -0.0565658 -0.0653274 0.00736734 0.00737478 -0.00105969 -0.000601228 0.0355108 0.00239927 -0.00677312 0.00079505 -0.00353085 0.0170378 -0.0255967 0.00155151 0.00089661 -0.000466144 0.00618803 
-0.00752624 -0.0105175 -0.0158591 -0.00430865 0.0413043 -0.0166851 -0.00540701 -0.00177098 -0.0125635 -0.0248137 -0.00563634 -0.0445612 0.019921 -0.00343947 0.00814776 -0.083776 0.0752985 0.0103232 -0.00138399 -0.00477358 -0.0549945 0.0147934 -0.0331874 0.245589 0.000168127 -0.0270336 -0.00133423 -0.00727822 -0.00755656 -0.00120183 -0.00878474 -0.00508025 0.000288355 -0.000214334 -0.0193609 -0.0169545 -0.0034808 -0.041194 -0.0901578 -0.0451213 -0.00187363 -0.00175113 -0.00212858 -0.0141114 0.000688638 -0.0136112 -0.000363238 0.00481573 -0.00549294 -0.03621 0.10004 -0.000714455 -0.00466776 -0.0135466 -0.0149485 0.0225071 -0.0130623 -0.0198568 -0.0263382 -0.0245938 0.0150665 0.00174802 -0.00291104 0.0600074 0.0527412 -0.000604993 -0.00737756 0.0730377 -0.0139192 -0.000847108 -0.0585613 -0.00304015 -0.010916 -0.00435168 -0.00115368 -0.00179931 -0.0174161 -0.00215431 -0.00735862 0.10937 -0.00911258 -0.00733041 -0.00322144 0.0618301 0.0748566 -0.0109548 -0.0277925 -0.00769063 -0.00396408 -0.00183757 -0.00181333 -0.0154682 -0.00374414 -0.00785713 -0.000890996 0.0306591 -0.000703597 -0.000503202 0.0181594 -0.00683812 
0.00346456 -0.00062215 -0.0007824 0.000103129 -0.0039752 -0.000205921 -0.000156513 2.64108e-05 -0.000457076 -0.00117629 0.00426795 -0.00743469 0.000680274 0.000674523 -0.00687808 -0.00324251 -0.00692215 0.00200273 -5.73841e-05 0.00138378 -0.000903052 0.00465023 0.00187786 0.000168127 0.0216632 0.00275014 0.000370967 0.000432888 -0.00250636 7.26064e-05 0.000246551 0.00112267 8.4686e-05 0.000139806 -0.000841179 -0.00107486 0.000690908 -0.00191599 -0.00111733 0.000866808 -7.15819e-05 -0.00752629 0.000173803 0.000570084 6.64291e-06 0.000277663 0.000172863 0.000832674 -0.00583159 0.000236655 4.66051e-05 -3.61916e-05 0.00203995 -0.000169737 -0.00128124 -0.00118603 0.000374126 -1.08011e-05 -0.00722035 0.00186756 0.00341321 0.000678696 -0.000148839 0.0035869 -0.00257357 -9.31074e-05 0.00126311 -0.00335559 0.0033068 2.74435e-05 -0.000387119 0.000230391 0.00290559 0.000472485 0.0001348 0.000227315 0.000604129 3.27615e-05 -0.000366149 -0.00348841 -0.000411596 0.00047453 0.00022867 -0.004053 -0.00359783 0.00042856 -0.000973213 0.00100874 -0.000116539 0.00629767 -0.000216374 0.000476406 4.68095e-05 -0.000268572 -0.000938325 0.00253471 1.46595e-05 0.000313083 0.00100009 0.000544219 
0.00515949 0.00561224 0.00305162 0.000291055 -0.0230946 0.0120846 -0.000478077 -2.04706e-05 0.0177859 -0.00213628 -0.00437197 0.0194571 0.00154653 0.00183132 -0.0314582 -0.0116998 -0.0357643 -0.00202101 -0.000183948 0.00939577 0.0139291 -0.00157591 0.0118911 -0.0270336 0.00275014 0.07532 0.000116209 0.00411176 0.0244947 -0.000294887 0.0014377 1.29215e-05 0.000398793 1.4937e-06 0.010839 -0.000977326 -0.000537544 0.0177913 -0.00510566 0.01612 -0.000244589 -0.000591402 0.000683291 0.0100318 0.000354723 0.0183233 0.000924307 -0.000680561 -0.0138998 0.0242728 -0.0162206 -0.000303891 -0.00226208 0.00217699 -0.004599 -0.00821567 -0.00337633 0.00226839 -0.00885644 0.03027 0.0191466 -0.000566576 0.0017531 0.0083269 -0.043755 3.2384e-05 -0.000986343 -0.00921754 -0.00250326 0.000320823 0.000738289 0.00281392 -0.00232088 0.0129701 0.000563258 0.00010826 -0.0116171 -0.000164472 -0.00046044 -0.0102406 -0.00192854 0.015355 -0.000748921 -0.0522865 -0.0529356 0.00964343 0.023369 -0.00071544 -0.000235937 -0.000362646 0.00100781 -0.000390127 0.0016797 -0.00153364 -0.000885702 -0.0199361 0.000340754 0.000538941 -0.0228642 -0.000784331 
-0.000271711 -0.000120593 0.000897772 4.94565e-05 -0.00226228 0.000592295 3.82705e-05 7.76623e-05 -0.00186219 3.93937e-05 -0.000213155 -0.00100828 -0.00196768 -4.72629e-06 -0.00163454 0.000655366 -0.00203306 -0.000114614 1.34891e-05 -1.76176e-05 0.000896519 0.00105701 8.07434e-05 -0.00133423 0.000370967 0.000116209 0.00402903 0.00166972 0.000459595 0.000184989 0.00137978 5.14831e-05 0.000157157 0.000250246 0.00195358 0.000554477 5.12492e-05 0.000559574 -0.00111231 -0.000300564 0.000200305 -0.00244574 0.000156745 0.000154648 -1.33797e-05 0.000183394 5.80037e-05 0.000113649 -0.000683059 5.1132e-05 -0.00070601 0.000112398 0.000559653 4.66851e-05 0.000334957 -0.000167128 -2.25502e-05 0.000315264 -0.000585097 0.00141638 -0.000869203 0.000439828 -8.28688e-06 -0.000452699 -0.0016258 0.000464782 0.000286993 -0.00062263 6.1463e-05 0.000456515 -0.000647419 -1.50446e-05 0.000739334 -3.71811e-05 7.30059e-06 0.00018307 -0.000492963 7.06009e-05 0.000946063 -0.000991615 -4.24327e-05 0.000126558 0.00025118 -0.00137141 -0.00151558 -5.99926e-06 0.000355427 0.000336195 0.000903117 3.56623e-05 0.000943886 0.00132669 0.000122371 0.00103732 4.90644e-05 -0.00095862 -2.93387e-05 5.79065e-05 -0.000534289 1.04439e-05 
-0.00089033 0.000376987 0.00701028 0.000515229 -0.011447 0.00433695 0.000264959 2.4966e-05 -0.00668145 -0.000401333 -0.00023209 0.000744418 -0.00344267 -0.000131689 -0.00863391 -0.00109907 -0.0101746 -0.000460501 -5.11448e-05 0.000853733 0.000989226 -0.000369542 0.00427745 -0.00727822 0.000432888 0.00411176 0.00166972 0.0177348 0.00552062 2.16645e-05 0.00284984 4.79963e-05 0.0016482 0.000160342 0.00917891 0.000763618 4.30712e-05 0.0063921 -0.00152248 -0.000334041 5.78105e-05 -0.00288756 0.000594863 0.0020443 6.4712e-05 0.00657884 0.000364372 0.000844492 -0.00105441 0.00435265 -0.00445054 6.22388e-05 -3.90225e-05 0.00372621 -0.000106549 -0.00096011 9.1529e-06 -0.000117059 0.00160001 0.00887038 -0.00283678 0.000136581 0.000249129 -0.00464965 -0.00976942 0.0012277 5.5144e-05 -0.00283861 -0.000499044 0.000454637 -0.0019875 1.49781e-05 -0.000374143 -9.48309e-05 -7.24064e-05 0.000159224 -0.00253145 4.74813e-06 0.000212247 -0.00457168 -0.000385435 0.00277128 0.00035169 -0.0121818 -0.0124113 0.000860453 0.0079349 0.000355221 0.001269 -0.00011653 0.00400626 0.00412981 7.78046e-05 0.00113605 -0.00102037 -0.00452523 -2.7216e-05 2.74771e-05 -0.0034164 0.00250088 
-0.0024374 -0.00630142 0.00165156 -0.00234522 -0.0444117 0.0161955 -0.00369881 -0.00123545 -0.00981123 -0.0169554 -0.0399091 0.0474619 -0.00273369 0.000509493 -0.0037635 -0.0341326 0.00966169 -0.00794642 -0.000665478 0.00464553 0.00383015 -0.0141713 -0.00878173 -0.00755656 -0.00250636 0.0244947 0.000459595 0.00552062 0.244741 -0.000576023 1.62366e-05 -0.00395778 -0.00105916 -0.000104961 0.0188419 -0.0110014 -0.00456017 0.0369949 -0.0446019 0.004449 -0.000226468 -0.00917345 -0.00126891 -0.00638079 0.000698233 0.0171954 0.00211411 0.00122539 -0.00540998 0.0684051 -0.00220282 -0.00152191 -0.0108839 0.00234396 -0.00536041 -0.0214413 -0.00776481 -0.00928548 0.0808999 0.0358889 -0.03532 -0.000671772 0.00196303 0.0228688 -0.01261 -0.000148811 -0.0099037 0.00347504 -0.0132906 -0.000590706 -0.0458705 0.00323557 -0.0169006 0.00439336 -0.00127236 -0.000729772 0.0187867 -0.000796306 -0.00652352 -0.0226808 -0.00612987 0.0110583 -0.0013323 -0.0157224 -0.0230207 -0.00547676 0.0156611 -0.00845098 -0.00384647 -0.0116745 0.00256279 0.00185963 -0.0034738 -0.00786653 -0.024185 -0.0482101 -0.00219143 -0.000168421 -0.027336 -0.00156925 
-0.00022355 -0.000195598 7.45431e-05 -1.75912e-05 -0.00231753 -7.9977e-05 0.000113827 -8.84717e-06 -0.00210577 -5.39447e-05 -0.000472668 -0.00158886 -0.00212437 -4.40648e-05 -0.00180346 0.00213317 -0.00189276 -0.000105288 1.3461e-05 -6.09568e-05 0.000104699 0.000104312 -0.000348603 -0.00120183 7.26064e-05 -0.000294887 0.000184989 2.16645e-05 -0.000576023 0.00377599 0.000593678 0.00023371 0.000116856 9.57109e-06 0.000546509 -0.00010963 -5.64341e-05 -7.86744e-05 0.000838093 -0.000565459 0.000925249 -0.00274461 -5.17636e-06 -4.37781e-05 -9.40434e-06 0.000112405 1.45706e-05 0.000381411 -0.000829928 0.00036858 -0.00108173 8.00575e-05 0.000438788 -7.89789e-05 0.000309392 -0.000363417 0.00232029 -0.000126839 0.000287115 -0.000119583 -0.00127899 0.000103611 -7.90686e-06 -0.000866999 -0.00120777 1.95708e-05 0.000125757 -0.000427039 -0.000133773 9.53043e-05 0.000317379 2.57237e-05 0.00212116 -6.7336e-05 -1.5972e-05 -5.9788e-06 0.00201326 0.000471021 0.00126493 -0.00105293 0.000452956 -8.00714e-05 0.00130041 0.000314473 0.000557608 -8.80952e-05 -0.000175097 0.00117774 -1.9243e-05 -0.000288437 -0.000123339 0.00159167 -2.38332e-05 0.000338393 -0.000129513 -0.000771696 1.17182e-05 4.89058e-05 0.00198607 -1.89307e-05 
-0.00159054 -0.00085419 0.00294465 6.53166e-06 -0.00646499 0.000577179 0.000159039 -4.12037e-05 -0.0109857 0.00644669 -0.00280586 -0.00352367 -0.0016125 -0.000259874 -0.00297901 0.00847242 -0.0100727 -0.000250906 0.000159232 0.000627776 0.00758238 -0.000367145 -0.00186597 -0.00878474 0.000246551 0.0014377 0.00137978 0.00284984 1.62366e-05 0.000593678 0.0229768 0.000219213 0.00127309 0.000128366 0.00517743 0.00921385 0.000146354 -0.00100116 -0.00301539 -0.0024213 0.000169075 -0.0036 0.0018262 0.00274825 -3.00947e-05 0.00115296 0.000259998 -2.89041e-06 -0.00469834 0.00173575 -0.00582843 -4.55935e-05 0.000627782 -8.64443e-05 0.00331535 -0.00244955 0.00272134 -0.00102626 -0.00353747 0.00539362 -0.0067438 0.000279168 -8.44002e-05 -0.0064966 -0.00713287 -0.000151399 -0.000399319 -0.00322854 0.000241016 0.000492431 0.00295958 4.87707e-05 0.000787876 -0.000435944 -2.18091e-05 0.000210798 -0.0024229 0.000572992 0.00260661 -0.00671464 -0.000136723 0.000350391 0.000134922 -0.00643353 -0.00637397 0.000446882 -0.00017445 0.00110705 0.00384177 -0.00227265 0.000784475 0.0161051 0.00143697 0.00767951 -0.000596328 0.0011938 -0.000206955 -1.49289e-05 -0.00408187 0.000460278 
-0.00105053 0.000494406 -0.000367296 -0.000169167 -0.00244004 0.00018954 0.000138304 -1.71537e-05 -0.00133484 -0.000289521 -0.00255871 0.000458543 -0.000264588 5.60708e-05 0.00201799 0.00273295 0.000588808 0.000106098 -3.23907e-05 -3.88028e-05 -0.000396178 -9.94618e-05 -0.00165286 -0.00508025 0.00112267 1.29215e-05 5.14831e-05 4.79963e-05 -0.00395778 0.00023371 0.000219213 0.0178559 -0.000112077 6.79979e-05 0.00120658 0.00100307 -0.000145721 -0.00113016 -0.00315512 -0.00257792 -5.66585e-05 -0.00249049 -0.00010118 0.000217574 -3.63957e-05 5.70365e-05 0.000616686 -0.000390103 -0.00106828 -0.0020723 -0.00323302 -7.03464e-05 0.00082188 0.000832133 0.00170855 -0.00141256 0.000553546 -0.000173133 0.00180098 -1.27306e-05 -0.00452436 -0.000144494 -1.97836e-05 -0.00279155 0.00185121 -0.000100145 0.000153305 -0.00155415 0.00026965 5.66686e-05 0.00148302 -3.01218e-05 0.000192556 -0.00046148 -1.72562e-05 -8.11853e-05 -0.00138814 0.000118299 0.000875274 -0.00207026 0.000615489 1.10654e-05 -3.03347e-05 0.00158969 0.00301107 0.00170562 0.000135141 0.000150505 -3.22625e-05 -0.000767579 -0.000416664 0.000321343 -5.21913e-05 0.000996321 -0.000732813 0.004726 -0.00010885 7.84708e-05 8.05948e-05 -0.000322646 
-0.000581661 -0.000336902 0.000595055 -7.75959e-05 -0.00163901 8.58679e-05 0.000231742 -5.23903e-05 -0.0028969 0.000279873 0.000414973 -0.0021633 -0.00101228 -0.000118825 -0.00255275 -0.000272239 -0.00264935 0.000810401 -2.13168e-06 0.00130595 0.000309099 0.00100249 0.000632347 0.000288355 8.4686e-05 0.000398793 0.000157157 0.0016482 -0.00105916 0.000116856 0.00127309 -0.000112077 0.00923192 2.32028e-05 0.000663798 0.000904474 5.38335e-05 -0.000758975 0.000173302 -0.000752013 0.000115453 -0.00104641 0.000937524 0.00121116 0.000119896 0.000208913 0.00058164 0.00326729 -0.000386282 -0.000643292 -0.00066276 0.000144173 0.000165238 -0.000241889 -0.000163155 -0.000783638 -9.86354e-05 -0.000221496 -0.00315259 0.00088465 0.00046776 0.000402562 0.000125904 0.000866611 -0.00409287 -3.23641e-05 -0.000133139 -0.000792193 0.000420464 0.000329911 -0.000889386 -4.1351e-06 0.00100667 0.00112615 -3.23206e-05 -1.55154e-05 -0.000447134 4.22753e-05 9.15762e-05 -0.00105736 2.05339e-05 -0.000107533 1.73519e-05 -0.00293569 -0.00377484 0.000584918 -0.000418229 7.94133e-05 0.000981601 0.000121413 0.000374614 0.00243688 0.000284829 0.000441927 8.73089e-05 -0.00100111 0.000237577 1.34725e-05 0.000651437 0.000636963 
0.000231483 1.69187e-05 0.000231468 4.33197e-05 -0.000370109 1.89238e-05 -6.42282e-06 2.50182e-05 -0.000256526 -2.67544e-07 7.98011e-05 -0.000291544 -0.000366015 1.88252e-05 -0.000253131 -3.32983e-06 -0.000333908 -2.06286e-06 2.89362e-06 1.79713e-06 -8.09357e-06 0.000123914 0.000157792 -0.000214334 0.000139806 1.4937e-06 0.000250246 0.000160342 -0.000104961 9.57109e-06 0.000128366 6.79979e-05 2.32028e-05 0.000795544 0.000179188 0.000118057 5.58528e-05 1.94401e-05 -0.000214029 8.51994e-06 4.46472e-05 -0.000532966 2.66623e-05 2.5719e-05 -1.83488e-06 3.70638e-05 7.64747e-06 2.87436e-06 -0.000184602 -8.26924e-05 -5.62219e-05 4.71591e-05 0.000186277 3.16175e-05 6.5595e-05 -5.92447e-05 -2.82987e-05 0.000185181 -0.000240032 7.42029e-05 -0.000145165 5.79527e-05 -4.45092e-06 -0.000117895 -0.000215941 4.12271e-05 0.000239358 -8.24975e-05 2.46822e-05 2.19338e-05 -8.77589e-05 1.12876e-05 0.000147602 1.03244e-06 2.04766e-05 2.24935e-05 -0.000108645 9.59598e-06 0.000110579 -9.92184e-05 -8.87491e-07 -8.35282e-06 4.37556e-05 -0.000207973 -0.000244328 5.0471e-06 6.42934e-05 6.50432e-05 7.81491e-05 0.000111455 0.000148667 9.39761e-05 6.6461e-06 6.91884e-05 4.73573e-05 -2.98914e-05 5.93632e-05 4.56273e-06 -0.000181265 -5.2561e-06 
