0.135361 -0.00852399 -0.00390472 0.0259719 -0.000626908 -0.0340005 0.00308125 0.0151825 -0.042536 -0.00567696 0.0108339 -0.00109259 -0.0102131 -0.0255807 0.00959159 0.0177036 0.00329999 0.0125396 0.00409852 -0.00462891 0.0196922 0.0259901 0.0249623 0.0157561 -0.000439769 -0.00435061 0.060591 -0.00172169 -0.0180572 -0.00635241 -0.0109717 -0.0436518 -0.00517825 -0.00497611 -0.000916652 -0.000855169 -0.00152149 -0.00424091 -0.0170986 0.000631082 0.00114371 -0.00118192 -7.62433e-05 -0.000385201 -4.65539e-05 0.0242228 -0.0017578 -0.0360258 -0.0148477 -0.00290656 -0.00918907 0.054488 0.0265813 0.0741645 0.0111314 0.000167566 -0.000143247 0.0103067 -0.00659503 -0.0530497 -0.00118311 -0.0241366 -0.0511565 -0.0210659 -0.0193642 -4.2702e-05 -0.0516923 -0.00450882 -0.00324248 -0.0231053 0.00522367 0.0243623 -0.0234965 -5.08984e-05 -0.00177323 -0.018728 -0.0036553 -0.025497 0.0293679 -0.0117066 0.0294897 0.00273861 -0.0393297 -0.000319857 -0.00288896 -0.0272056 -0.000258219 -0.0126474 -0.000748937 0.0595348 -0.00403418 0.0224724 0.0133009 -0.000927411 0.0106375 0.0009108 -0.0017976 -0.00303051 0.0198614 -0.044477 
-0.00852399 0.0519671 -0.00283466 -0.00453535 -0.000495354 -0.00980166 0.00018821 -0.00413143 0.0281493 -0.00110475 -0.00329935 0.000928578 0.00560469 0.00890759 -0.00925171 -0.00470697 -0.000948095 -0.0183184 -0.00380005 0.00136973 -0.0190881 -0.0335278 -0.0130789 -0.00347695 -5.42614e-05 0.000115722 -0.0140177 -0.00141788 0.0253238 -0.00159819 0.00713569 -0.01107 0.0119324 0.00122547 -0.000370676 0.00292159 0.00151631 -0.0168218 -0.00404426 0.000681108 -0.000243599 -0.000610699 -4.22317e-05 -0.000237029 2.03996e-05 -0.0050012 -0.000189656 0.0213908 0.0127444 -0.00103813 0.00262985 -0.00875851 -0.0131289 -0.0145311 -0.00111084 -0.000441147 5.86863e-05 -0.00510386 0.000986516 -0.0052969 -0.000528009 0.0335367 -0.00805437 0.0138695 -0.00711928 2.99711e-05 0.00125143 -0.00165333 0.000132299 -0.0170716 -0.00353341 -0.00493743 0.0331633 8.03491e-05 -0.000788544 0.000432334 0.00351353 -0.00215449 -0.0103947 -0.000367486 -0.00872484 -0.00159402 0.0294527 0.000337621 -0.00126495 0.0298733 -0.000467621 0.00903899 -0.000127212 -0.0086032 0.00243381 -0.005526 -0.00250236 -0.000121684 -0.00369673 -0.000550368 -0.00101391 0.000555683 -0.00354829 -0.00310371 
-0.00390472 -0.00283466 0.0530428 0.0218761 -0.00054661 -0.00472493 -0.000872747 -0.0062636 -0.0134455 0.000670005 0.00113962 0.00112229 0.0222389 -0.00865264 0.0228249 0.00140059 0.000424116 -0.00376221 -0.00315929 -0.0047468 -0.020568 0.00604418 0.00919277 -0.00229354 5.6027e-05 0.0123745 0.00680126 0.000420518 -0.00560285 0.007267 0.0168358 -0.00478994 0.000622799 -0.00167561 -0.000310003 -0.00258199 -0.00125715 -0.0154084 -0.00486448 -0.000425471 -5.30231e-05 0.00186333 2.20479e-05 1.50991e-05 -1.84856e-05 -0.0030011 -0.00087862 -0.0105378 -0.00194422 0.00169544 -0.00359197 0.0152997 0.00354745 0.00743512 -0.00232565 0.00174399 0.000318723 -0.00152616 -0.000593385 -0.00576574 0.000243156 -0.00729781 -0.0106499 -0.0146727 0.000960378 4.97735e-05 0.0109921 -0.00220909 0.00154028 0.0029075 -0.00221365 -0.00127605 -0.0105873 -9.6229e-06 3.03437e-06 0.020944 -0.000869269 -0.00192048 -0.00410903 -0.00259763 -0.0124911 5.52052e-05 -0.0122708 -0.000123406 -8.37261e-05 -0.00788639 -0.00057336 -0.00225896 5.28509e-05 -0.00536318 -0.000372811 -0.00365771 -0.000121297 0.000197128 0.00136446 -0.000129943 0.00174913 -0.00122323 -0.0045566 -0.00490178 
0.0259719 -0.00453535 0.0218761 0.200204 -0.00119704 -0.0535644 -0.00627974 0.0226601 -0.035213 0.0149592 0.00715982 -0.0133103 0.0178477 -0.0419147 0.0895872 -0.00245543 0.000301214 0.0269076 0.00613694 -0.0204473 -0.10374 0.00673928 0.0256282 -0.00638095 -0.000798754 0.0204942 0.0871856 -0.000964413 -0.0200146 0.0307184 -0.000182797 -0.0326451 -0.00333159 0.000792952 -0.000350476 -0.017174 -0.00604043 -0.0531289 -0.0289512 -0.00130736 0.00106342 0.000729692 7.54448e-05 -4.26634e-05 -1.88735e-05 0.0287065 -0.00348433 -0.0299921 -0.0312081 0.000524 -0.0168793 0.0677256 0.0577997 0.0579698 -0.00107226 0.00193896 7.8867e-06 -0.00671024 0.00138134 -0.0708852 -0.00134234 -0.0138802 -0.13011 -0.00561315 -0.0281776 -0.00038563 -0.0247691 -0.000700555 0.00379504 -0.0824136 0.00808146 0.0242074 -0.00747054 -0.000475065 -0.00472053 0.0396322 0.00310421 -0.00735762 -0.00410602 -0.0180259 0.0361512 -0.00726956 -0.0347535 -0.00027384 -0.00456421 0.0127087 -0.00241915 0.00294045 0.00100517 0.0245574 0.0014385 0.0240631 0.0073852 0.000121312 0.0243164 -0.00112318 0.00700454 -0.0060653 -0.0140705 -0.0292963 
-0.000626908 -0.000495354 -0.00054661 -0.00119704 0.0224086 0.00536102 0.00240899 -0.00821733 -0.00496588 0.00333594 -0.00115439 0.00149296 -0.00145633 -0.00231752 -0.0024447 -0.000500375 -6.1317e-05 0.00167527 -0.00156029 0.00120704 -0.00205813 0.002286 -0.00268771 0.000702184 2.69412e-05 -0.00073689 0.00116722 0.00249593 -0.00206481 -0.00150206 -0.00196403 -0.000361979 -0.000647667 -0.000585288 -0.000128577 -0.00169006 -0.000501415 0.00194692 0.00482054 -0.000170613 -7.40202e-05 0.000535966 6.1216e-05 -4.53221e-05 -2.98237e-06 0.00141499 -2.90698e-05 -0.000405061 -0.00413593 0.00338523 -0.00198151 -0.00120236 0.00275748 -0.00271946 -0.000992981 -0.000119479 -9.50983e-05 -0.000208855 -0.000760769 0.000221014 0.00128292 -0.00137775 -0.00122169 -0.00446047 0.00492094 4.53752e-05 -0.00197732 -9.89557e-05 0.000263447 0.00522768 0.00188012 -0.000917426 -0.0042954 5.83936e-05 -0.000291462 -0.00122985 -0.000552291 -0.00223769 0.00232446 0.00760558 -0.00325491 -0.000578382 -0.00455649 -3.3613e-05 0.000913257 -0.00446462 0.000168129 -0.000960363 6.89672e-05 -0.000595014 -0.00059481 -0.00241998 0.00266024 0.000486906 0.00287985 0.000368661 -0.000707202 -0.000524437 -0.000562481 0.000462431 
-0.0340005 -0.00980166 -0.00472493 -0.0535644 0.00536102 0.187811 -0.000688334 -0.0104275 -0.0202201 -0.0146993 -0.00930057 -0.0127095 -0.00764476 0.0109346 -0.035368 -0.0089118 -0.00390394 0.0217577 -0.00420244 -0.0165597 0.0550272 0.0165603 0.0167847 -0.0143875 -0.000170149 -0.00991527 -0.059082 -0.00444135 -0.0160295 -0.00451238 -0.021804 0.0816491 -0.0052204 -0.00795073 -0.00126796 -0.00904108 -0.00552601 0.101105 0.0635608 -0.00164109 -0.000899138 -0.00155369 -0.000260856 -0.000585286 -4.98555e-05 -0.0167889 0.000392995 0.0511255 -0.0377699 -0.000462978 -0.0125105 -0.0389047 -0.0578382 -0.0395214 -0.0140167 -0.000922992 -0.000925212 -0.00441572 -0.00651626 0.0844722 -0.00180879 -0.032769 0.0871633 -0.0163213 0.0527403 -4.97301e-05 0.0386082 0.0191856 0.00662432 0.0837203 -0.00382696 -0.0207773 -0.0594048 0.000384223 -0.002245 -0.0672106 -0.00620848 0.0440947 -0.0435682 0.0484158 -0.0740494 0.00346387 -0.0410416 -0.000673147 -0.00429232 -0.0627166 0.00174052 -0.00712913 -0.000898235 -0.0362927 -0.00390971 -0.0271642 -0.0118603 0.00100024 -0.0154817 -0.00166438 -0.0039993 -0.00460752 0.0185345 0.0894117 
0.00308125 0.00018821 -0.000872747 -0.00627974 0.00240899 -0.000688334 0.0248991 -0.00695151 0.000231275 -0.00103453 0.000409343 0.00911937 -0.000495819 0.00114462 -0.00477112 0.00202115 -0.000240738 -0.00503917 -0.00165218 0.00325439 -0.00308708 0.00111922 -0.00207616 0.00540764 2.39949e-05 -0.00094663 -0.00377641 0.00254386 0.00060661 -0.0013676 -0.00168276 -0.00405338 0.00105579 0.000439802 0.000145991 0.00345064 -7.62954e-05 -0.0032207 0.000725782 0.000178555 9.04905e-05 8.65534e-05 6.29209e-05 8.50442e-05 6.24245e-06 -0.00192263 0.000524434 -0.000427554 0.00215694 -0.000291688 0.000360124 -0.00269916 -0.00570063 -0.00175574 -0.000893676 0.000733923 -5.55884e-05 0.00122258 -0.0005163 -0.000359701 0.000255225 -0.000698653 0.00745458 0.000197086 0.000583954 -1.94055e-05 0.000107633 0.000469012 0.000474496 0.00703615 -0.00117904 -0.00137136 -0.00385409 -3.47153e-05 0.00131159 -0.00287414 -0.00082724 -0.00177819 0.00164026 0.000524464 -0.00641908 0.00260756 -0.0020076 -4.84906e-05 0.00110104 -0.00294814 -8.35205e-05 -0.00124653 -4.40282e-05 -0.00254042 -0.000363471 -0.00173985 -0.000258052 6.79126e-05 0.000227926 -4.78783e-05 0.000484369 0.000334962 0.00333488 -0.00267846 
0.0151825 -0.00413143 -0.0062636 0.0226601 -0.00821733 -0.0104275 -0.00695151 0.205531 -0.0206354 -0.0044631 0.0198451 -0.00498443 -0.0204205 -0.0337797 0.00391413 0.0206752 0.00208365 0.026724 0.00377985 -0.0321482 0.0635677 0.0478739 0.0482187 -0.000357688 -0.00156049 -0.007922 0.025773 -0.00911905 0.0142146 -0.00403769 -0.0273414 -0.00159756 -0.01093 -0.0129137 -0.00371216 -0.031559 -0.0148132 0.0153287 -0.00836822 -0.000320044 0.000113451 -0.00181691 -0.000712531 -0.00058067 -0.000230836 -0.00472936 -0.00298299 0.0053521 0.0396101 -0.0132322 -0.0204605 0.00627987 0.0321547 0.0117681 -0.0133736 -0.00297944 -0.00273243 0.0143681 -0.0138123 0.00126486 -0.00715136 0.00413088 -0.0116359 0.00473533 -0.0494346 -8.92629e-05 -0.00658642 -0.0274005 -0.00408744 -0.000587453 0.00200548 0.00297151 -0.0185199 3.07763e-06 -0.0166843 -0.0408148 -0.0169425 0.00729687 -0.0121556 -0.0197261 0.00117508 0.0010603 0.0271705 -0.000401772 -0.0049073 -0.0190556 -0.00117143 -0.0307552 -0.000732171 0.0367496 -0.00577798 0.000275215 0.0036459 -0.0015654 -0.00800764 -0.000148315 -0.00940903 -0.0120977 -0.0131336 -0.0339054 
-0.042536 0.0281493 -0.0134455 -0.035213 -0.00496588 -0.0202201 0.000231275 -0.0206354 0.201045 -0.00713633 -0.0113483 0.00641054 -0.00941727 0.07434 -0.0425213 -0.0198521 -0.00402719 -0.0442136 -0.0189488 0.027826 -0.0128935 -0.0801985 -0.0313215 -0.00871529 0.000235609 -0.00239099 -0.0659136 -0.00493913 0.0468963 -0.00920073 0.00857531 -0.00962267 0.0111123 0.011012 0.00163166 0.0228952 0.0145501 -0.051001 -0.0203251 0.00165048 -0.000934338 -0.00222664 -0.000277152 0.000819353 -2.95785e-05 -0.0109563 -0.00137917 0.0461149 0.0427484 -0.0044201 0.0428757 -0.043646 -0.0600309 -0.0541796 -0.00488357 -0.000532294 -0.000357293 -0.016946 0.0138393 0.0205077 0.00240825 0.0615679 0.0467767 0.0320025 -0.00569817 -0.000247283 0.0121953 -0.00116301 0.00149493 -0.0206629 -0.0203449 -0.0245261 0.077778 -1.81647e-05 0.00873073 0.0181062 0.00736422 -0.0089241 -0.0451155 0.00134133 -0.0250454 -0.00517024 0.0623411 0.000430739 -0.00612854 0.0746721 0.000471348 0.0409992 -0.00013742 -0.0384816 -0.000597522 -0.0266888 -0.0131942 -0.000358449 -0.0169211 -0.000711418 0.00998358 0.0140107 -0.0311916 -0.0130131 
-0.00567696 -0.00110475 0.000670005 0.0149592 0.00333594 -0.0146993 -0.00103453 -0.0044631 -0.00713633 0.062329 -0.00440416 0.00668631 0.000218338 -0.00987101 0.00626953 -0.00504154 -0.000846172 -0.00624295 -0.00242418 0.00219821 -0.0286406 -0.0034998 -0.0125173 0.00187647 0.000261745 0.00595059 0.0019107 0.00597048 -0.00660108 0.00205829 0.00679411 -0.00711643 -0.000671226 0.00367797 0.000751775 -0.00484905 -0.00144471 -0.0189842 -0.00673905 -0.000275401 -8.62447e-06 0.000191292 0.000200396 -0.000198194 -4.76945e-06 0.00883509 -0.000728706 -0.0136226 -0.00763434 0.00237086 -0.00270017 -0.000544061 0.0224294 -0.00678273 0.00499495 -0.000212399 -6.62039e-05 -0.00469845 0.00229993 -0.0251187 -0.000728643 -0.00589828 -0.0206525 0.00430096 0.000811363 0.000170938 0.00598248 -0.00279508 -0.000762642 -0.00915101 0.00509369 -0.000152202 0.012252 -0.000142015 -0.00138131 0.0316361 0.00592719 0.00233785 0.02214 -0.00535583 0.0106704 -0.000154355 -0.00657458 -4.77594e-05 0.00301901 0.0145651 -0.000677463 0.000269506 0.000444714 -0.00638059 0.000250164 -0.000692467 0.00534251 -0.000473164 0.00922138 0.000290729 -0.00108573 -0.00112736 -0.00663537 -0.0144946 
0.0108339 -0.00329935 0.00113962 0.00715982 -0.00115439 -0.00930057 0.000409343 0.0198451 -0.0113483 -0.00440416 0.0788565 0.0028402 -0.0024066 -0.00132084 0.0159944 0.0210386 0.000471573 -0.000951636 0.00433958 -0.00856945 0.0129425 0.00846833 0.0362926 0.000313959 -0.000390756 -2.55304e-05 0.00775572 -0.00181902 -0.00401889 0.000376421 -0.00281468 -0.00201784 -0.000842077 -0.00143027 -0.000281526 -0.00552226 -0.00179637 0.00404583 -0.00125937 -0.000333993 0.000500247 -0.000352073 -1.17339e-05 0.000964366 -2.09071e-05 -0.00357083 0.000292951 -0.00729663 0.00238597 -0.00148872 -0.00438962 0.00967104 0.00614425 0.00218614 0.00161297 -0.000730521 -0.000139628 0.00200476 -0.00161736 -0.0174621 -4.10579e-05 -0.0098105 -0.0110518 -0.0121129 -0.00368759 5.30505e-05 -0.0175704 -0.00449094 -0.00182752 -0.00126213 -0.00323677 0.00484217 -0.00822812 0.000245138 -0.00189737 -0.0128151 -0.00293111 -0.00849024 -0.0135321 -0.00473804 -0.0182131 -0.000312068 -0.00772429 -8.41133e-05 0.000282911 -0.0127023 0.000164651 -0.00679146 0.000364998 0.0238335 -0.00171191 -0.00787134 0.0104494 0.000795327 -0.000504318 -0.000595041 -0.00214625 -0.0016732 -0.000267365 -0.0192093 
-0.00109259 0.000928578 0.00112229 -0.0133103 0.00149296 -0.0127095 0.00911937 -0.00498443 0.00641054 0.00668631 0.0028402 0.0537661 -0.00200815 0.00200789 -0.00720314 -0.00219997 0.00112086 -0.025517 -0.00407602 0.000751652 -0.00508222 0.00436374 -0.00846586 0.00614214 0.000427054 -0.00189358 -0.0107065 0.00279996 0.00394129 -0.00325634 0.0113418 -0.0166953 0.00116777 -1.27798e-05 -0.000385006 0.00442358 -0.000534877 -0.0160281 -0.00508151 0.000479338 0.000123117 0.000474135 3.80705e-05 -7.85211e-05 -3.07202e-06 -0.00587791 -0.000447073 -0.00793306 0.0125442 0.00305989 0.00174611 -0.00633062 0.00703051 -0.0103288 -0.0020239 -3.60988e-05 0.000265104 -0.00412624 -0.000435046 -0.00794821 -0.000393122 -0.00328292 0.0154809 -0.00393457 0.00377316 0.000452559 0.00907145 -0.00179229 -0.00139863 0.0106091 0.00109889 -0.00440087 0.00245105 -5.04415e-05 -0.000249573 0.0178076 -0.00180544 -0.00744454 0.0121428 -0.00228152 -0.00825796 0.00221792 0.014458 2.25615e-05 0.0023352 0.00384074 -0.000340179 -0.00156261 -0.000284821 -0.00712944 -2.81205e-05 -0.00416318 0.00328922 4.81334e-05 0.00511315 0.00149603 -0.000198504 0.000196768 -0.00418075 -0.0125286 
-0.0102131 0.00560469 0.0222389 0.0178477 -0.00145633 -0.00764476 -0.000495819 -0.0204205 -0.00941727 0.000218338 -0.0024066 -0.00200815 0.0830734 -0.00826499 0.0251806 -0.0073911 -0.000116124 -0.0079536 -0.00382309 -0.00313723 -0.0443523 -0.00673847 -0.00490953 -0.0048029 -0.000372728 0.0135002 -0.0025381 0.00239857 0.00578543 0.00792623 0.0126621 0.00400626 0.0175396 0.00429814 0.00151048 -0.00364128 -0.000426743 -0.023337 -0.00438529 1.21479e-05 -0.000389881 0.000456412 0.000130486 0.000109136 3.97872e-05 -0.00621373 -0.00114695 -0.0107598 0.0104856 -0.00074901 -0.00472868 0.00486415 -0.00634141 0.00152585 -0.00150714 0.00227138 0.000971988 -0.00688718 0.00183951 0.00243334 0.00102367 0.0136087 -0.0304162 -0.0120729 -0.0051945 -0.000128198 0.0181124 -0.00180723 0.00520006 -0.0188384 -0.00501201 0.00151827 0.00559326 -0.000183899 0.00017359 0.0243561 0.00150281 -0.0120926 -0.013547 -0.00324483 0.00335005 -0.00204665 0.00416209 -9.38388e-05 -0.00188824 0.011276 -0.000449756 -0.00380126 -0.000177523 -0.0129936 -0.000975842 0.00117372 -0.00187351 0.000443827 -0.00578595 -0.000951858 0.00596842 -0.000450867 0.00382273 0.00278723 
-0.0255807 0.00890759 -0.00865264 -0.0419147 -0.00231752 0.0109346 0.00114462 -0.0337797 0.07434 -0.00987101 -0.00132084 0.00200789 -0.00826499 0.143053 -0.0296102 -0.00228152 -0.00272701 -0.0397015 -0.00929854 0.0261773 0.0110853 -0.0542988 -0.00870327 -0.00369957 0.000975066 -0.00615303 -0.0388072 -0.000879489 0.00733742 -0.00828747 0.00460278 -0.00504629 0.00659051 -0.00221698 0.000519288 0.0358944 0.0161391 -0.00430767 -0.0124084 0.00149486 -0.000653703 -0.00136116 -6.07114e-05 0.00134884 -1.78548e-05 -0.000740217 0.00101941 0.0137445 0.0206532 -0.000696321 0.0470124 -0.0254481 -0.0336827 -0.0240329 -0.00358831 0.000962693 0.000816938 -0.000624366 0.011184 0.0208628 0.006535 0.00429207 0.0558422 -0.0132426 0.0115552 -0.000134458 -0.0183005 0.00935798 0.00361906 0.0258365 -0.0114558 -0.0145918 0.00555568 -0.000122428 0.0122759 -0.000438443 0.00273309 -0.0161864 -0.0295163 0.00755081 -0.0401063 0.0031617 0.000880236 -0.000219161 -0.00124288 -0.00726605 0.000134833 0.0309086 -0.000195544 -0.0193968 -0.00414553 -0.017159 -0.00669135 -0.000818412 -0.00680585 -3.76516e-05 0.0170077 0.0164544 -0.0136427 -0.00975788 
0.00959159 -0.00925171 0.0228249 0.0895872 -0.0024447 -0.035368 -0.00477112 0.00391413 -0.0425213 0.00626953 0.0159944 -0.00720314 0.0251806 -0.0296102 0.1558 -0.00100693 0.0076153 0.0108209 0.0106001 -0.0058474 -0.0557919 0.0191345 0.0283588 -0.0108501 -0.000609344 0.015345 0.0483627 -0.0029934 -0.0156521 0.0201415 0.0141983 -0.0104014 0.000805082 -0.0022994 -0.000340408 -0.0157239 -0.00407979 -0.0345399 -0.0198337 -0.00128345 -0.000524208 9.79951e-05 -4.65731e-05 0.00022401 -2.45184e-06 0.0187484 -0.00221167 -0.0287279 -0.0198321 0.000681147 -0.014706 0.036019 0.0470802 0.0205953 0.00393442 -7.7037e-05 -0.000334188 -0.0162098 -0.00606327 -0.0274053 -0.00193637 -0.00624154 -0.0776329 -0.0385159 -0.00559828 -0.00023416 -0.0194142 -0.00165591 -0.0012727 -0.0535859 -0.0036793 0.0268299 -0.0154398 -3.81502e-05 -0.0036943 0.03513 0.00136161 -0.00209501 -0.0270272 -0.0132724 0.0171635 -0.00580725 -0.0115916 -0.000396568 0.000992521 0.0051881 -0.0017039 -0.0129543 0.00074425 0.0199935 0.00293694 0.00169046 0.0134869 0.000306486 0.0209111 -0.00185798 -0.00604626 -0.00454647 -0.020599 -0.013259 
0.0177036 -0.00470697 0.00140059 -0.00245543 -0.000500375 -0.0089118 0.00202115 0.0206752 -0.0198521 -0.00504154 0.0210386 -0.00219997 -0.0073911 -0.00228152 -0.00100693 0.0954652 -0.000201453 0.00371543 -0.00047022 -0.00860713 0.0276532 0.0166452 0.0545466 0.00291253 0.000387761 -0.00128203 0.0136461 -0.00204514 -0.00689445 -0.00328759 -0.00467732 0.00805061 -0.00306041 -0.00214664 -0.000652104 -0.00739916 -0.00224624 0.000133858 -0.00872764 4.92612e-05 0.000132093 0.00384316 -6.85183e-05 7.75437e-05 -2.4838e-05 -0.0094719 0.00157082 -0.0161442 0.0125711 -0.000681917 -0.00185411 -0.00352679 -0.0172945 -0.00781029 -0.000621103 -0.000310078 -0.000561233 0.0271497 -0.00267528 0.00495204 0.000224476 -0.0107112 0.00541892 -0.0274493 -0.00529911 -2.15179e-06 -0.000606098 -0.000620468 -0.0018614 0.0319225 -0.0033759 -0.00796856 -0.0201437 0.000573906 -0.00264922 -0.024089 -0.00445448 -0.00430821 -0.0160466 -0.00678847 -0.0261815 0.00408754 -0.0189183 -7.83354e-05 -0.00141664 -0.0205267 -3.98455e-05 -0.00823568 -0.00032319 0.0289648 -0.00187454 -0.00860971 0.0046053 -9.92168e-05 -0.00061641 0.000843829 -0.00467514 -0.00156198 -0.00105311 -0.0153085 
0.00329999 -0.000948095 0.000424116 0.000301214 -6.1317e-05 -0.00390394 -0.000240738 0.00208365 -0.00402719 -0.000846172 0.000471573 0.00112086 -0.000116124 -0.00272701 0.0076153 -0.000201453 0.0231259 -0.0028708 0.000599536 0.00101764 0.00246333 0.00261775 0.00168299 -0.0013097 7.10928e-05 -0.000686048 0.00143855 0.000110054 6.50614e-05 9.58391e-05 0.00107328 0.000370881 -0.000511217 -0.000356068 -8.73536e-05 -0.001707 -0.000160606 -0.00402631 -0.00163863 0.000493732 -9.24244e-05 -8.41e-05 2.7924e-05 0.000462968 -3.06448e-06 -0.000924363 0.000220878 -0.00414913 0.00312796 -0.000166327 -0.000696533 -0.00110838 0.00320543 -0.0010949 0.000327197 -0.000163144 -7.49637e-05 -0.0011806 -0.000914091 0.00170682 -8.95995e-05 -0.00036414 -0.00273864 -0.0060792 0.00111355 6.74088e-06 -0.00123411 -0.000964609 -0.000196104 -0.00387768 -0.000597204 -0.001388 -0.00264754 0.000125546 -0.000427433 0.00308748 -0.000443293 -0.00197174 -0.00295126 -0.000898492 0.00426847 -0.000426467 0.000399146 -5.03515e-05 -0.000309461 -0.00092099 -3.07502e-06 -0.00190439 0.000376872 0.00252551 -0.000629395 0.000215077 0.000192224 -0.000134749 0.00230119 -2.23223e-06 0.000599515 -0.000431509 -0.00278925 -0.0032841 
0.0125396 -0.0183184 -0.00376221 0.0269076 0.00167527 0.0217577 -0.00503917 0.026724 -0.0442136 -0.00624295 -0.000951636 -0.025517 -0.0079536 -0.0397015 0.0108209 0.00371543 -0.0028708 0.135301 0.00644159 -0.0262992 0.00769869 0.0476562 0.000814506 -0.0117521 -0.00145649 -0.00549147 0.0287862 -0.00272051 -0.0129756 -0.00957263 -0.0433798 0.0373961 -0.0118424 -0.00326086 -0.00234571 -0.0427933 -0.0174168 0.0310656 0.0153999 -0.004113 -0.0003194 0.000718705 -0.000203565 -0.00274855 8.47232e-06 0.00817076 -0.00441039 -0.00565348 -0.0276493 -0.00538411 -0.0439714 0.0175089 0.0038234 0.0178861 0.00683963 -0.00411206 -0.00188582 0.00507786 -0.0129755 0.00284442 -0.00649125 -0.0161852 -0.020866 0.0279961 0.00286766 -0.000634112 0.0201081 0.00604844 -0.00286887 -0.00896639 0.010702 0.0105691 -0.0166072 -0.00015667 -0.0124513 -0.0401615 -0.00712441 0.00699231 0.0135649 0.00753691 0.0394008 -0.0111598 -0.0186872 -0.000360099 -0.00229452 -0.0144113 -0.00473286 -0.0205556 7.58506e-05 0.00513303 0.00225832 0.0172092 -0.00436014 0.000412931 0.00284372 -0.00214537 -0.012203 -0.018918 0.00963515 0.0407124 
0.00409852 -0.00380005 -0.00315929 0.00613694 -0.00156029 -0.00420244 -0.00165218 0.00377985 -0.0189488 -0.00242418 0.00433958 -0.00407602 -0.00382309 -0.00929854 0.0106001 -0.00047022 0.000599536 0.00644159 0.0691751 -0.00097348 -0.00503393 -0.00943467 -0.00298277 -0.00387964 -0.000360112 -0.00230543 0.000809338 -0.00094956 -0.00324679 0.00280133 -0.00680837 -0.00610375 -0.00175862 4.08437e-05 -2.02445e-05 -0.00434065 -0.00119941 0.0156973 -0.0013248 -0.000226679 -0.000241759 -0.000244687 -4.50881e-05 0.000178783 9.38869e-05 -0.00499441 0.00427914 -0.00630293 0.00681713 -0.00134911 -0.00477344 0.00489512 0.0105723 0.00714743 0.0104901 0.000239184 0.000839622 -0.00500985 -0.00118222 -0.00225185 0.0020639 -0.0097325 -0.027345 -0.00867873 -0.00339296 -0.000114379 -0.017573 -8.69403e-05 0.00143366 -0.0225017 0.011874 0.0185144 -0.0024842 9.74593e-05 -0.000680036 -0.0225434 -0.00135757 0.000556858 -0.00919009 -0.00375524 0.0163477 -0.0017287 -0.00945479 0.000213231 -8.04743e-05 -0.0111441 0.0021151 -0.00398895 4.83742e-05 0.0190564 0.00565723 0.0232441 0.00317915 -9.01102e-05 -0.00293715 -0.000466616 0.00530173 -0.00115313 -0.00279196 0.0142549 
-0.00462891 0.00136973 -0.0047468 -0.0204473 0.00120704 -0.0165597 0.00325439 -0.0321482 0.027826 0.00219821 -0.00856945 0.000751652 -0.00313723 0.0261773 -0.0058474 -0.00860713 0.00101764 -0.0262992 -0.00097348 0.104266 -0.0101155 -0.0309437 -0.0226671 0.00265102 0.000728394 -0.000902774 -0.0242216 -0.000514781 -0.000735792 -0.0031166 0.0146613 0.000327037 -0.000532031 0.00164877 0.000700603 0.0321688 0.0179841 -0.0220495 -0.0092234 0.00139881 -0.000332457 -0.000976802 -9.98188e-05 -4.22384e-05 -8.04456e-06 0.00313948 -0.000820184 -0.0120814 -0.0217363 -0.00197767 0.0356854 -0.0130832 -0.0194009 -0.0100467 0.00134123 0.00134001 -8.49403e-05 -0.00797139 0.0101125 -0.00337967 0.00405232 0.0194208 0.0136752 -0.0171145 -0.00926112 -0.000163508 -0.000347157 -0.00363173 -0.00277648 -0.0159943 -0.00565946 -0.00161423 0.0313349 -0.000207266 0.0123476 0.0224243 0.0102911 -0.00195265 -0.0091158 -0.00693707 0.00220302 -0.000985341 -0.00805704 -9.72659e-05 0.000752434 0.0273527 -0.000922447 0.0269156 -0.000248424 -0.0158732 0.00167962 -0.00875901 -0.00503567 -1.65409e-06 -0.00325742 -7.74605e-05 0.00922993 0.0153452 -0.00687873 -0.0149822 
0.0196922 -0.0190881 -0.020568 -0.10374 -0.00205813 0.0550272 -0.00308708 0.0635677 -0.0128935 -0.0286406 0.0129425 -0.00508222 -0.0443523 0.0110853 -0.0557919 0.0276532 0.00246333 0.00769869 -0.00503393 -0.0101155 0.2447 0.0574332 0.0420517 0.00514085 -0.000238954 -0.0208506 -0.0178404 -0.011568 -0.00496632 -0.0218072 -0.0162865 0.0126562 -0.0161231 -0.0157468 -0.00345204 0.0011515 -0.000978879 0.0775005 0.0294506 -6.19877e-05 -0.00105855 -0.00330485 -0.000647121 -0.000592288 -0.000183913 -0.0131044 0.00100089 0.0105219 0.0191472 -0.00923625 0.00575134 -0.0230419 -0.0166059 -0.00562792 -0.0170323 -0.00427851 -0.00103538 0.0229277 -0.0132568 0.0590272 -0.00369397 -0.0215706 0.113491 -0.0220626 0.00289688 0.000345063 -0.0211359 -0.0162694 -0.00881621 0.0913898 -0.016377 -0.018437 -0.0539603 0.00067725 -0.0034212 -0.0681662 -0.0186277 0.0051199 -0.00948987 0.00609957 -0.0508197 0.00656307 0.00824072 -0.000575327 0.00182969 -0.0704965 0.00212036 -0.0310598 -0.00133064 0.0307434 -0.0125923 -0.0198157 0.00301698 -0.00190095 -0.0263595 0.000482587 -0.0137348 0.00056584 0.00577266 -0.00785433 
0.0259901 -0.0335278 0.00604418 0.00673928 0.002286 0.0165603 0.00111922 0.0478739 -0.0801985 -0.0034998 0.00846833 0.00436374 -0.00673847 -0.0542988 0.0191345 0.0166452 0.00261775 0.0476562 -0.00943467 -0.0309437 0.0574332 0.161435 0.0277483 0.00695904 -0.000839854 -0.00612377 0.0470626 -0.00340051 -0.0335866 -0.00511342 -0.0150835 0.0254346 -0.0151341 -0.0142153 -0.00407678 -0.0271064 -0.0174145 0.0126249 0.0104892 -0.00242337 0.000125777 0.00215931 -0.000475895 -0.00214142 -0.000186429 -0.00254078 -0.00599964 -0.0531867 -0.0113823 9.47131e-05 -0.0304032 0.0248662 0.0375606 0.0313455 -0.0196453 -0.00300307 -0.0020422 0.00941984 -0.026474 0.0014097 -0.00897254 -0.0281585 0.0213456 -0.0313659 0.00548286 0.000150485 0.0183876 -0.0083858 -0.00453275 0.0532525 0.00406178 0.00349885 -0.0635947 -0.000179563 -0.01295 -0.0071906 -0.0235168 0.00775013 0.0376829 -0.000269128 0.00289172 0.0010918 -0.0101959 -0.000973292 0.00112982 -0.0534121 -0.00261048 -0.0515773 -0.00149133 0.0173443 -0.00511522 0.00560458 0.00684555 -0.000168965 0.0085984 0.00071423 -0.0207077 -0.0167286 0.0112051 0.00403278 
0.0249623 -0.0130789 0.00919277 0.0256282 -0.00268771 0.0167847 -0.00207616 0.0482187 -0.0313215 -0.0125173 0.0362926 -0.00846586 -0.00490953 -0.00870327 0.0283588 0.0545466 0.00168299 0.000814506 -0.00298277 -0.0226671 0.0420517 0.0277483 0.186361 -0.00185538 -0.000964491 0.00777636 0.0295432 -0.005947 -0.0172098 0.00417411 -0.0116144 0.0287614 -0.00683902 -0.00368421 -0.00143671 -0.0184662 -0.0055268 0.0304872 -0.0171246 -0.000813177 0.000423751 0.00183267 -0.000262494 0.00124665 -9.64328e-05 -0.0128631 0.000695292 0.0265521 -0.000266688 -0.00580486 -0.00992015 0.0133722 -0.0151685 0.00569507 -0.00417343 -5.21722e-05 -0.000800768 0.0189033 -0.00438774 0.0298715 -0.00265238 -0.033145 -0.00289123 -0.0416965 -0.0171006 -0.000129307 -0.0131044 -0.00273873 -0.00151978 0.0175176 -0.0135666 -0.00755029 -0.0521903 0.00072782 -0.00584574 -0.0372226 -0.00812518 0.00904584 -0.0472074 -0.00147078 -0.0545707 0.00868241 -0.0441326 -0.000473073 -0.00432707 -0.0378497 0.00429467 -0.0143891 -0.000454303 0.0431109 -0.00319368 -0.0252321 0.00771363 -0.000860062 -0.0052377 -0.00136207 -0.00970155 -0.00540748 -0.00688735 -0.0361475 
0.0157561 -0.00347695 -0.00229354 -0.00638095 0.000702184 -0.0143875 0.00540764 -0.000357688 -0.00871529 0.00187647 0.000313959 0.00614214 -0.0048029 -0.00369957 -0.0108501 0.00291253 -0.0013097 -0.0117521 -0.00387964 0.00265102 0.00514085 0.00695904 -0.00185538 0.0622675 0.000378599 -0.0015755 0.00705583 0.00203567 -0.00759894 -0.0019348 -0.00212206 -0.0163501 -0.00195057 -0.000217981 -0.000145186 0.0120187 0.00179413 -0.013848 -0.00477176 0.000907971 0.000411053 -0.000161009 -4.53749e-05 0.000215446 -4.37303e-06 -0.00411603 -0.000462663 -0.0150269 0.000121241 0.00111114 0.00589417 0.00504102 0.00983465 0.0207256 -0.0013332 0.00256052 0.000489145 0.00845344 -0.00131568 -0.0171444 0.000304242 -0.00938038 0.00123497 -0.00292348 -0.0051101 3.21095e-05 -0.0188879 0.00046427 -0.00034275 0.0169759 -0.00159493 -0.00352303 -0.0133266 -5.23574e-05 0.00296009 -0.000467819 -0.00215744 -0.00782136 0.0270363 -0.00448496 -0.00615127 0.0070995 -0.0127649 7.75454e-05 0.00141825 -0.0131562 0.00039772 -0.00424932 -0.000127381 0.00904512 -0.00213842 0.00157161 0.00118705 -0.000248678 8.07518e-06 0.000210284 -0.00011929 0.00258967 0.0237061 -0.0125822 
-0.000439769 -5.42614e-05 5.6027e-05 -0.000798754 2.69412e-05 -0.000170149 2.39949e-05 -0.00156049 0.000235609 0.000261745 -0.000390756 0.000427054 -0.000372728 0.000975066 -0.000609344 0.000387761 7.10928e-05 -0.00145649 -0.000360112 0.000728394 -0.000238954 -0.000839854 -0.000964491 0.000378599 0.00527886 -4.06418e-05 -0.000630558 4.3188e-05 -0.000208813 -3.02318e-05 0.00101323 -0.000783115 -7.94217e-05 0.000245377 4.51107e-05 0.00123433 0.000465699 -0.000371331 -0.000313669 0.000158175 -1.30746e-05 -1.37412e-05 -2.32089e-06 0.00020362 -1.4728e-07 0.00016961 -6.52138e-05 -0.00058159 -0.000842056 0.000704984 0.00108295 -0.000708409 0.000163571 -0.000416203 -0.000301486 9.59173e-05 3.61182e-05 2.98678e-05 -3.50121e-05 -0.000153404 0.000891766 -0.000429827 0.000666971 -0.000794633 0.000525847 2.37984e-05 -0.000226862 0.000258758 -5.02104e-05 0.000911705 0.000127619 -0.000389345 -0.000538102 1.0633e-05 0.000247696 0.000503913 0.000142701 -1.73785e-05 0.000100095 -0.000170033 -0.00125668 -9.69343e-06 -0.000677127 -5.46346e-06 -9.89952e-05 -0.000387356 -4.25082e-05 0.000347874 -3.96859e-06 -0.000218793 9.6273e-05 -0.000394501 -8.23519e-05 2.9827e-06 0.000158233 -3.43134e-05 0.000249417 0.000913835 -0.000436173 -0.000612111 
-0.00435061 0.000115722 0.0123745 0.0204942 -0.00073689 -0.00991527 -0.00094663 -0.007922 -0.00239099 0.00595059 -2.55304e-05 -0.00189358 0.0135002 -0.00615303 0.015345 -0.00128203 -0.000686048 -0.00549147 -0.00230543 -0.000902774 -0.0208506 -0.00612377 0.00777636 -0.0015755 -4.06418e-05 0.0383682 0.0150125 -6.71353e-05 -0.00366684 0.0134904 0.0188828 -0.00757264 0.00098974 0.00462493 0.00180035 -0.00297152 -0.000770412 -0.0111448 -0.00437196 -0.000215617 0.000941936 0.00134599 -6.06494e-06 0.000171228 4.37716e-06 -0.00326291 -0.000497106 -0.00742919 -0.0080105 0.000192092 -0.00153659 0.0120261 0.00123047 0.00408033 -0.000245501 0.00161759 0.000457661 -0.00227217 0.00769094 -0.0126719 -0.000450386 -0.00318544 -0.0190912 -0.000454121 -0.00377182 -3.14475e-05 0.000366795 -0.00180246 -0.000668673 -0.0146967 -0.00109731 -0.00151096 0.00204133 -6.63365e-05 -0.000556456 0.0177991 0.00636097 -0.00291738 -0.00673694 -0.0030878 -0.00336095 -0.00112751 -0.00766639 -9.76513e-05 -0.000994259 0.00678945 -0.000308713 0.00167932 0.00075105 -0.000506025 -0.000456504 -0.00358232 0.000509483 6.27478e-06 -0.00193134 -0.000111287 -0.00120824 -0.000595808 -0.00224161 -0.0101683 
0.060591 -0.0140177 0.00680126 0.0871856 0.00116722 -0.059082 -0.00377641 0.025773 -0.0659136 0.0019107 0.00775572 -0.0107065 -0.0025381 -0.0388072 0.0483627 0.0136461 0.00143855 0.0287862 0.000809338 -0.0242216 -0.0178404 0.0470626 0.0295432 0.00705583 -0.000630558 0.0150125 0.192468 0.00326903 -0.0274343 0.00889566 -0.00651557 -0.0644066 -0.00702544 -0.00781342 -0.000881506 -0.0128079 -0.00574021 -0.0113532 -0.0233203 -0.00152612 0.00218431 0.00595805 0.000132622 -0.000583038 -2.68245e-05 0.0418722 -0.00214051 -0.0636762 -0.0289353 0.00387754 -0.0190806 0.0961033 0.0889441 0.106847 -0.00432503 0.000151817 0.000893731 0.0184713 -0.00822932 -0.0713849 -0.00231747 -0.0361538 -0.102142 -0.0340563 -0.0270998 6.26861e-06 -0.0789383 -0.0117566 -0.00372366 -0.0425707 0.0250779 0.0295419 -0.0588648 -0.000134643 -0.00430195 0.00275581 -0.00544307 -0.0336034 0.0434538 -0.0199897 0.0538518 -0.00682541 -0.0450207 -0.00016897 -0.000935726 -0.0540697 -0.00119928 -0.0183239 -0.000351496 0.0705899 -0.00739818 0.0431224 0.0209238 -0.00151901 0.0174684 0.000133241 -0.00502195 -0.00612962 0.00643274 -0.0535279 
-0.00172169 -0.00141788 0.000420518 -0.000964413 0.00249593 -0.00444135 0.00254386 -0.00911905 -0.00493913 0.00597048 -0.00181902 0.00279996 0.00239857 -0.000879489 -0.0029934 -0.00204514 0.000110054 -0.00272051 -0.00094956 -0.000514781 -0.011568 -0.00340051 -0.005947 0.00203567 4.3188e-05 -6.71353e-05 0.00326903 0.0276316 -0.00200168 -0.00102878 -0.00140825 -0.00375634 -0.00038612 0.00171849 0.000262587 0.00061559 -0.000266976 -0.00235242 -0.00224485 0.000249615 0.000320153 0.00181398 0.000684527 0.000291497 2.45981e-05 0.0017488 -0.000162686 -0.00590941 -0.00185074 0.00290413 -0.00026722 0.000750859 0.00329637 -0.000390007 0.00371986 0.000619837 7.58542e-05 0.000335126 0.000324064 -0.00625259 0.00159401 -0.00392523 -0.00641284 0.0049769 0.00049156 2.34513e-05 0.000290823 -0.00117958 0.00070473 0.00348147 0.0033323 0.000919756 -0.0018305 -5.72875e-05 -0.000213806 0.00816836 0.00076908 -0.00313482 0.0115099 -0.00183266 0.00341111 -0.000447599 -0.00793852 0.000245705 0.00305817 -0.00115457 -0.000270329 -0.00164951 0.000167024 -0.00292076 -0.000310569 -0.000842203 0.00194677 -0.000166545 0.00504939 -1.60745e-05 0.00124487 0.000591769 -0.00105918 -0.00230331 
-0.0180572 0.0253238 -0.00560285 -0.0200146 -0.00206481 -0.0160295 0.00060661 0.0142146 0.0468963 -0.00660108 -0.00401889 0.00394129 0.00578543 0.00733742 -0.0156521 -0.00689445 6.50614e-05 -0.0129756 -0.00324679 -0.000735792 -0.00496632 -0.0335866 -0.0172098 -0.00759894 -0.000208813 -0.00366684 -0.0274343 -0.00200168 0.105033 -0.00575565 -0.0049143 0.000812992 0.0106684 0.00293635 -0.000726673 -0.00873281 -0.00194182 -0.0107486 -0.00694405 0.000184691 -0.000562799 -0.00139263 -0.000117886 -0.000393104 3.68447e-05 -0.012374 0.000732395 0.0341779 0.0522257 -0.00283176 -0.00707222 -0.0187264 -0.0250282 -0.0273123 -0.00308684 -0.000753964 0.000396097 -0.00946781 -0.00377602 0.014012 -0.00155858 0.0464906 0.000938434 0.0140393 -0.0148145 -6.91962e-05 0.0115077 -0.00689567 -0.000789218 -0.029817 -0.00804332 -0.0100131 0.0358553 0.000297812 -0.00198798 -0.0233499 -0.00456725 -0.00369347 -0.0213335 -0.00447531 0.00311863 -0.00361851 0.0676703 0.000609807 -0.00232424 0.039638 -0.000169573 -0.00191919 -0.000114716 -0.0132637 0.00819064 -0.00901659 -0.00521207 4.48823e-05 -0.00712896 -0.00103684 -0.00023969 -0.00190584 -0.0142043 -0.000999537 
-0.00635241 -0.00159819 0.007267 0.0307184 -0.00150206 -0.00451238 -0.0013676 -0.00403769 -0.00920073 0.00205829 0.000376421 -0.00325634 0.00792623 -0.00828747 0.0201415 -0.00328759 9.58391e-05 -0.00957263 0.00280133 -0.0031166 -0.0218072 -0.00511342 0.00417411 -0.0019348 -3.02318e-05 0.0134904 0.00889566 -0.00102878 -0.00575565 0.0645173 0.0135063 -0.00939075 -0.000476423 -0.000459224 6.9171e-05 -0.00389476 -0.0011858 -0.00755221 -0.00407521 -0.000108784 -0.00024428 1.0425e-05 -6.2952e-05 9.18606e-05 2.30685e-05 -0.00298875 0.00129846 0.00635985 -0.0021988 0.00044869 -0.00287359 0.00892485 -0.000256188 0.0108508 -0.000301821 0.0029008 0.000341244 -0.00473204 0.00292547 -0.0157286 5.72257e-05 -0.00632355 -0.020057 0.00024148 -0.0074846 -9.19917e-05 -0.00538649 -5.90434e-05 0.00051791 -0.0188451 -0.0041983 0.00126162 -0.00148383 -7.04546e-05 -0.000358702 0.00770693 0.00434935 0.00934184 -0.00977064 -0.00368425 -0.00271315 0.0022995 -0.0105973 -4.3149e-05 -0.00126183 0.00587846 0.000788284 0.00117164 0.000527138 0.00214566 0.0011161 0.00354933 0.000651872 6.91618e-05 -0.00194195 0.000845158 0.00102169 -0.00105132 -0.00475304 -0.00528626 
-0.0109717 0.00713569 0.0168358 -0.000182797 -0.00196403 -0.021804 -0.00168276 -0.0273414 0.00857531 0.00679411 -0.00281468 0.0113418 0.0126621 0.00460278 0.0141983 -0.00467732 0.00107328 -0.0433798 -0.00680837 0.0146613 -0.0162865 -0.0150835 -0.0116144 -0.00212206 0.00101323 0.0188828 -0.00651557 -0.00140825 -0.0049143 0.0135063 0.0905485 -0.0306254 0.00598289 0.00249367 0.00173295 0.0196215 0.00396236 -0.025569 -0.0104169 -0.000541018 -2.23865e-05 -0.000389135 3.47238e-05 -5.40143e-05 -1.56699e-05 -0.00763382 0.000286334 -0.0143327 -0.00632118 0.00529798 0.0146585 -0.00290048 0.010596 -0.014678 -0.00556348 0.000806417 0.00122358 -0.00429335 0.0116125 -0.0198852 0.00109186 0.00364248 0.00255075 -0.0114644 0.00862099 0.000707699 -0.00863437 -0.00404468 -0.00224774 0.00124822 -0.00638065 -0.00502238 0.0129938 -0.00013629 0.00282782 0.0542857 0.0121957 -0.00835827 -0.00278215 -0.00663045 -0.020379 -0.000627005 0.0145996 -6.57809e-05 0.00269422 0.0187562 -0.000831694 0.0135869 0.00112796 -0.0107094 -0.00291026 -0.0119168 0.00271366 -7.14072e-06 -0.000629951 0.000611795 -0.00150573 0.00533649 -0.00844628 -0.0231892 
-0.0436518 -0.01107 -0.00478994 -0.0326451 -0.000361979 0.0816491 -0.00405338 -0.00159756 -0.00962267 -0.00711643 -0.00201784 -0.0166953 0.00400626 -0.00504629 -0.0104014 0.00805061 0.000370881 0.0373961 -0.00610375 0.000327037 0.0126562 0.0254346 0.0287614 -0.0163501 -0.000783115 -0.00757264 -0.0644066 -0.00375634 0.000812992 -0.00939075 -0.0306254 0.24034 -0.00416663 0.0110413 0.0001394 -0.0272781 -0.00766702 0.0325419 0.0293601 -0.00140099 -0.00101499 0.00274512 -0.000445837 -0.000148393 -3.41363e-05 -0.0377851 -0.00579916 0.0416735 -0.0285534 -0.0069951 -0.00892627 -0.0543038 -0.0782088 -0.0705058 -0.00646855 -0.00361404 -0.00260017 -0.0106023 -0.00243386 0.0747315 -0.0073238 0.00459129 0.0524785 0.00560358 0.0142479 -0.000410825 0.10923 0.0157965 -9.99634e-05 0.0462991 -0.0118413 -0.022316 -0.00781632 0.000339815 -0.00636495 -0.0543109 -0.00900866 0.0624424 -0.0565953 0.0183795 -0.0460934 0.00095306 -0.0235934 -0.000611858 -0.00547716 0.00302357 -0.00182055 -0.00723901 -0.00022923 -0.0523549 0.0105657 -0.0325392 -0.0123127 0.00251334 -0.0164425 -0.00341492 -0.0168388 -0.00679485 -0.00395245 0.0743115 
-0.00517825 0.0119324 0.000622799 -0.00333159 -0.000647667 -0.0052204 0.00105579 -0.01093 0.0111123 -0.000671226 -0.000842077 0.00116777 0.0175396 0.00659051 0.000805082 -0.00306041 -0.000511217 -0.0118424 -0.00175862 -0.000532031 -0.0161231 -0.0151341 -0.00683902 -0.00195057 -7.94217e-05 0.00098974 -0.00702544 -0.00038612 0.0106684 -0.000476423 0.00598289 -0.00416663 0.0318682 0.00146961 0.000608856 0.000949854 0.00205294 -0.00888864 -0.00229937 0.000969314 -0.000151236 -0.000322652 7.93201e-05 2.74532e-05 3.80168e-05 -0.00254391 -0.000211396 0.00661007 0.00794976 -0.000221602 0.00140228 -0.00412497 -0.00217073 -0.00773527 -0.00119982 0.000155497 0.000541132 -0.00283354 -1.89646e-05 -0.00150699 0.00158833 0.0143338 -0.0100421 0.000408689 -0.00117742 -3.0376e-05 -0.000271998 -0.00124556 0.000154843 -0.00981002 -0.00222876 -0.00267994 0.0110845 -4.51813e-05 0.00139009 0.00450703 0.000602095 -0.00494389 -0.00556925 0.000365807 -0.00575814 -0.000928057 0.0142027 0.000199509 -0.000808025 0.0123623 -4.28934e-05 0.0036882 4.88875e-05 -0.00493391 -0.000493951 -0.00345196 -0.000773359 -0.000253548 -0.00206575 -0.000226981 0.000527955 0.00183555 -0.000981248 -0.000791735 
-0.00497611 0.00122547 -0.00167561 0.000792952 -0.000585288 -0.00795073 0.000439802 -0.0129137 0.011012 0.00367797 -0.00143027 -1.27798e-05 0.00429814 -0.00221698 -0.0022994 -0.00214664 -0.000356068 -0.00326086 4.08437e-05 0.00164877 -0.0157468 -0.0142153 -0.00368421 -0.000217981 0.000245377 0.00462493 -0.00781342 0.00171849 0.00293635 -0.000459224 0.00249367 0.0110413 0.00146961 0.0336132 0.00360315 -0.00214464 -0.000464075 -0.00595705 -0.00359225 -0.000147736 0.000288139 -8.09906e-05 5.06325e-06 0.000579737 2.55541e-05 -0.00356874 -0.000398891 0.000288477 -0.00178465 -0.000496919 0.00136604 -0.00522549 -0.00602387 -0.00830539 0.00345213 0.000294021 -0.000170038 -0.00183441 0.00649368 -0.00350798 -0.000127975 0.00240113 -0.0106922 0.0126666 -0.00347475 -3.77457e-05 0.00908269 0.0029456 -0.000145033 -0.0098274 -0.00123835 -0.000435645 0.0133775 -1.93803e-06 -0.000233579 0.00383075 0.00346245 -0.0009343 -0.00345843 -0.00223462 0.0041957 -0.000683183 -0.000394799 0.000159662 0.000420332 0.0185872 -0.000277609 0.00152076 0.000200563 -0.00556207 0.00518894 -0.00328329 -0.00162202 -7.47701e-05 -0.00067488 -0.000317252 -0.00143613 0.000658731 -0.00234143 -0.00119961 
