0.068466 0.000412239 0.0409601 -0.000192283 -0.000612661 -0.000334555 -0.00728503 0.0127816 -0.00203365 -0.0218683 -0.0152434 -0.000100157 -0.00300518 2.18405e-06 0.00035676 -0.000112168 -0.00066969 -0.0349969 0.0234813 0.0370051 -0.00520396 -0.001091 -0.00942638 -0.000313811 -0.00623647 0.000734598 0.00862831 0.0175277 0.000514517 -0.00206586 -0.000770258 -0.00389913 -0.000788691 -0.00873724 -0.0060009 -6.54384e-06 -0.0131719 -0.00751458 -0.0200485 0.0207567 0.0239122 -0.00820836 -0.0351921 0.00517036 0.0231629 -0.00376451 -0.000246758 -0.00381534 0.0424376 -0.00147868 3.50901e-05 -0.00162549 -0.00473973 -0.000590507 -2.24552e-05 -0.0305419 0.0397575 0.0459141 0.000198741 -0.00323187 -0.000381185 -0.0101423 -0.000250659 -0.0441233 -0.0236814 0.00547485 -0.000526837 -0.000616823 -0.0129159 -0.00831308 -0.00322865 -0.00020086 -0.0022957 -0.000164329 -0.00445809 0.00014848 -0.00485256 0.00160132 0.0138723 -0.00513633 -0.000907036 0.00274679 0.0438733 -0.0307202 -0.00937059 0.000533908 0.00854528 0.0058447 -0.0328151 -0.0176427 -0.00196032 -5.81106e-06 -0.000462059 0.00629746 -0.0282165 0.0085519 -0.00206782 -0.000167049 0.00109682 7.41425e-06 
0.000412239 0.0196867 0.000740591 -4.85542e-05 0.000100558 -9.46045e-05 -0.00148115 -0.00369143 -0.000201698 0.0030708 -0.00180379 -2.33169e-05 0.00158018 -8.77708e-05 -0.000276808 3.66552e-05 -5.0507e-05 0.00191615 0.00832626 -8.41566e-05 -0.000931 8.11238e-05 0.000757041 0.000861935 -0.00131336 -0.00019149 -0.00150657 0.000115632 -4.67083e-05 -0.000562328 -0.000217064 -0.00184657 0.000571289 -0.00183569 -0.00193078 3.94982e-05 -0.00139994 -0.000767769 -0.00164441 0.000399038 -0.00240047 -0.00515389 -0.00156571 0.000240574 0.00227621 1.43002e-05 -5.03157e-05 -0.000751555 -0.00176934 0.000488467 2.53321e-05 -0.000414326 -0.00217009 -4.857e-05 5.90883e-06 0.00688332 -0.00259075 -0.00242697 0.000695702 -0.00089792 -5.92809e-05 -0.000693141 -4.74754e-05 0.00110615 0.00527443 -0.00177924 0.00036685 -0.000163743 -0.002467 -0.00212904 -0.000913206 -0.000103013 0.00017765 2.25133e-05 4.50248e-05 -0.00037667 -0.00168765 0.00052398 -0.000451982 0.00343176 -0.00017624 -0.00210006 -0.00402957 0.00118979 -0.0018945 -0.000900006 0.00106047 -0.000607585 0.00016272 -0.00259787 -0.000329356 0.000252279 0.000392315 -0.000961605 0.00425371 0.000272715 -0.00124782 4.71368e-05 5.62083e-05 3.22158e-05 
0.0409601 0.000740591 0.147178 -0.000389134 -0.000636979 -0.00583742 -0.0137469 0.0186947 -0.00586993 -0.0426098 -0.0230043 -0.000297906 0.0020431 3.26826e-05 -0.00127024 -0.000243478 -0.00136134 -0.0372649 0.0612618 0.0800708 -0.0130623 -5.33058e-05 -0.020335 -0.000301683 0.000944329 -0.000148518 0.0105372 0.0193407 0.000354014 -0.0031742 -0.00185435 0.00611396 0.00433938 -0.0172132 -0.011008 -6.55813e-05 -0.0226876 -0.0162939 -0.0186953 0.0616262 0.017916 -0.0284959 -0.0737171 0.00401659 0.0407571 -0.000334238 -0.000414433 -0.00494609 0.0635475 -0.000802931 5.29695e-05 -0.00236014 -0.0258115 -0.000707098 -7.13259e-05 -0.0561909 0.0321995 0.0803722 0.000376118 -0.0032955 -0.000627348 -0.0265205 -0.000561283 -0.0800842 -0.0455864 -0.0144797 -0.00150054 -0.00115043 -0.0206641 -0.0102306 -0.0042842 -0.000453443 -0.00380931 -1.43176e-05 -0.00884953 0.00111345 -0.00819221 0.00168074 0.0464448 0.00197761 -0.00208669 0.0133963 0.0731078 -0.0633699 -0.0180749 0.0172561 0.0253828 -0.00806261 -0.0518786 -0.0246585 0.00760336 0.000714073 0.00443258 0.00259301 -0.0544352 0.0170332 -0.00277599 -0.000374382 0.00104508 4.07061e-05 
-0.000192283 -4.85542e-05 -0.000389134 0.00263546 -1.7093e-05 -4.34159e-05 0.00159291 0.00159857 -8.42793e-05 -0.000731389 0.000551937 1.07785e-05 -0.000186144 -1.83967e-05 0.000195365 2.24449e-05 -3.68197e-06 -0.00137823 -0.000978795 -0.000642034 -0.000182217 -2.69731e-05 -0.000257511 -1.68979e-06 5.48884e-05 4.78135e-05 -0.000378504 -0.000270422 2.95232e-05 0.000559048 0.00010412 -0.000331226 -8.26352e-05 0.00132967 -0.000243217 6.03822e-06 -0.000391227 -0.000361588 -0.00116121 -0.00119794 -0.000436241 0.00106244 0.000758464 -3.85741e-05 -0.000380675 0.000547148 4.59158e-05 -0.00010916 -0.00091007 0.000113378 9.53509e-06 0.00146525 0.000345932 -7.04542e-06 1.24847e-05 -0.000809629 -0.000553755 -0.000717146 7.47733e-06 0.000831202 9.73216e-06 -0.000219696 2.18094e-05 0.000890834 -0.000215126 -0.000133402 -2.88572e-05 0.000194197 0.00121943 0.000934632 0.000223885 -2.02361e-06 -5.72132e-05 -5.95251e-06 -0.000118287 0.00078416 -0.000176542 -1.24633e-05 -0.000256271 -0.000196638 -1.43539e-05 -0.000258964 -0.000843481 -0.000975161 0.001397 -7.04562e-05 -0.00119644 -7.44209e-05 -0.000557091 0.000839824 0.000174456 1.90975e-05 -4.26048e-05 -2.46756e-05 0.000287558 -0.00175717 -0.000178695 -1.74389e-06 -3.10905e-06 4.85025e-05 
-0.000612661 0.000100558 -0.000636979 -1.7093e-05 0.00932757 0.000354072 0.000940991 0.00216589 -0.000220437 -0.00125445 0.0012215 1.02808e-05 -0.000477767 -4.61996e-05 0.000151277 4.76419e-05 0.000504574 0.000106432 -0.0024884 -0.00199582 0.00145695 0.000335894 -0.000125011 -4.64936e-05 0.000432784 -4.7011e-05 7.3937e-06 -0.00124114 7.46395e-05 0.000636877 8.09329e-06 0.000172661 -0.000254349 0.00127193 0.000364399 1.51071e-06 -0.000775207 -0.00159744 0.000125275 -0.00157304 -0.000244986 0.00244862 0.00154867 -9.62148e-05 -0.000895063 -0.000203151 1.50101e-05 -0.000442031 -0.00273863 -0.000133264 -2.47684e-06 0.0003179 -9.5008e-05 -6.91762e-05 1.06848e-06 -0.00127172 -0.00139606 -0.00156569 4.63502e-05 0.00154924 -3.13391e-05 0.000375005 5.9108e-06 0.000149192 -0.000287229 -0.00033132 -4.22884e-05 5.57587e-06 0.00164075 0.000538546 -0.000289869 -3.60986e-05 0.000258595 1.41324e-05 0.00165666 -0.000193879 0.00105585 7.52282e-06 -0.000826932 -0.000452267 8.35409e-05 -0.000414462 -0.00191525 -0.00168475 0.000623796 -0.000386664 -0.0030287 -0.000220296 0.000535255 0.002525 0.00092273 8.71587e-06 -0.00014861 -0.000615391 -9.01545e-05 -0.002064 -0.000534136 1.7073e-05 -1.93945e-05 6.11409e-06 
-0.000334555 -9.46045e-05 -0.00583742 -4.34159e-05 0.000354072 0.0455556 -0.00414934 0.00331723 -0.00049281 0.00316574 -0.00466587 0.000182709 -0.00281267 0.000170993 0.000273699 -2.28466e-06 -2.38867e-05 -0.00721819 -0.00299595 -0.00529514 0.00236143 -0.000687544 -0.00361785 -0.000180685 -0.00473305 -5.90921e-05 0.0146939 0.00527266 0.000129955 -0.00106293 -0.000526818 -0.00288704 0.00291214 -0.00518057 -0.00426235 4.34709e-05 -0.00749345 0.0018176 -0.011259 -0.0175774 0.00415911 0.0150214 -0.00850985 -4.50737e-05 -0.0025846 -0.00114297 -6.5969e-05 -0.000616577 0.00301526 -0.000486033 2.05386e-05 -0.000900638 0.0119877 -3.02384e-05 -9.08094e-06 -0.00386468 0.0128745 -0.000393376 -7.36256e-05 -0.00190844 -5.14532e-05 0.00855101 0.000702629 -0.00633116 -0.00565263 0.0146134 0.00511437 0.000233304 -0.000901081 -0.00678094 -0.00193968 0.000616956 -0.000857876 -8.05002e-05 0.0106272 -0.000155007 -0.00523377 -4.64881e-05 -0.00361881 -0.00273349 0.00230455 -0.004043 0.00783313 -0.0029404 -0.00443705 -0.00245679 -0.0143513 0.00366734 -0.00569495 -0.00146698 0.00740883 -0.000111053 -0.000346209 0.00638895 -0.011651 0.00305762 -0.00252951 -9.71616e-05 3.78201e-05 0.000146644 
-0.00728503 -0.00148115 -0.0137469 0.00159291 0.000940991 -0.00414934 0.0895378 0.0357341 -0.00105266 -0.0242609 -0.00165571 -0.000129255 -0.00763289 -0.000555549 -0.000318507 0.000394144 -0.000861495 -0.0150033 -0.0331455 -0.0244513 -0.00585355 0.00131245 0.0235602 -0.000543246 0.0217086 0.0044707 -0.0148881 -0.0148218 -0.000293705 0.0226044 0.000744727 -0.0138506 -0.00248664 0.0433802 -0.0108117 5.85682e-05 0.00889195 -0.0211981 -0.00255106 -0.0476808 -0.0171949 0.0182952 0.0411476 -0.0016353 -0.0119596 0.00228115 -0.000142604 -0.00500247 -0.0361821 -0.00102883 0.000110064 0.0173114 0.00769072 0.000317988 -4.1528e-05 0.0100658 -0.0224316 -0.0272681 -0.000295399 0.0253182 0.000684866 -0.0149251 -0.00014087 0.0334043 0.00664879 -0.00954421 -0.00132113 0.00451717 0.0684838 0.00664657 -0.00302164 -0.000499615 -0.00331866 -0.000205467 -0.0038571 0.00400294 -0.00980728 -0.000459036 -0.0102615 -0.00550114 -0.000600627 -0.00635947 -0.0313937 -0.006455 0.0691542 -0.00489493 -0.0443352 -0.00283814 0.0227764 0.00687969 -0.00554072 -3.10379e-05 -0.00212011 -0.0110535 0.0471737 -0.068606 -0.00652796 -0.000137288 -0.00021956 2.53223e-05 
0.0127816 -0.00369143 0.0186947 0.00159857 0.00216589 0.00331723 0.0357341 0.168176 -0.0070305 -0.0336749 -0.00142195 2.08549e-06 -0.0152555 -0.000655917 0.00260317 0.00027479 -0.00133692 -0.0469621 -0.0355571 -0.00416903 -0.000124654 -0.00022143 -0.0168235 -0.000190164 0.00833127 0.00507151 0.00653241 -0.00715864 -0.000299331 0.0216984 -0.000335085 -0.0210354 -0.000918849 0.028537 -0.0170721 6.2038e-06 -0.0315671 -0.0274364 -0.0218466 -0.0123088 -0.00234105 0.0699175 -0.0110643 -0.00107376 0.00510793 0.00653548 -0.000155991 -0.00940786 -0.0120655 -0.000986057 0.000264282 0.0177438 0.0159187 -0.000950978 -1.53915e-05 -0.0586016 0.00734926 0.00864602 -0.000430549 0.0376899 6.97856e-05 -0.0100501 -0.000243739 -0.0101138 -0.0249461 0.00103591 0.000350654 0.00537938 0.0387055 0.0222095 0.00288441 -0.000170319 -0.00643436 -0.000333915 0.0248689 0.0032787 -0.018371 0.000587988 0.00399506 -0.0151227 0.000586192 -0.00461853 0.0155814 -0.0672559 0.0335941 -0.00521668 -0.0233141 -0.0036271 -0.0448949 0.0386371 0.0211608 -0.000263965 -0.000401175 0.00425197 -0.00505938 -0.0440584 -0.0135137 -0.000201449 0.000437307 8.46799e-05 
-0.00203365 -0.000201698 -0.00586993 -8.42793e-05 -0.000220437 -0.00049281 -0.00105266 -0.0070305 0.0338158 0.0135671 -0.00210633 -4.45613e-05 -0.00113325 -0.000193663 -0.000436504 0.000101959 -0.000237705 0.00603036 -0.00193656 -0.00639347 -0.0018192 9.27763e-05 0.0159194 -0.0001875 -0.00238861 0.000356341 -0.00352802 -0.00366448 6.69921e-05 -0.00100872 0.000237381 -0.00436535 -0.000982435 0.00202513 -0.000362404 8.48111e-05 0.00486624 -0.00584962 0.00128516 -0.00968298 -0.0040619 -0.00779225 0.0112304 -0.000152199 -0.00420618 -0.00207298 -9.44953e-05 0.00399283 -0.00937416 -0.000605605 -2.51358e-05 -0.000807671 -0.00354536 0.00133633 5.01811e-06 0.0153386 -0.00554759 -0.00738055 -6.62059e-05 -0.00184183 7.76366e-05 -5.49572e-05 -5.44796e-05 0.00779536 0.00628843 -0.00206916 -0.000114228 -0.000285212 -0.00318226 -0.00491243 -0.00163167 -0.00012916 -0.00120882 -4.56881e-05 -0.000867437 -0.0005836 -0.00257686 -0.000105315 -0.00241509 0.000654848 -0.000300191 -0.00187214 -0.0075587 0.013845 -0.00108944 -0.0012046 0.00356446 -0.000537404 0.0122262 -0.00466791 -0.00291289 -5.60342e-05 0.000322855 -0.00396688 0.00611499 -0.00496381 -0.000970105 -6.42633e-06 -9.16477e-06 -8.84355e-06 
-0.0218683 0.0030708 -0.0426098 -0.000731389 -0.00125445 0.00316574 -0.0242609 -0.0336749 0.0135671 0.225919 -0.00268965 -0.000447917 0.00318853 -0.00120806 0.00111475 9.90228e-05 -0.00277328 0.06088 -0.0130587 -0.0754052 0.014191 0.000860608 0.0240268 -0.00196048 -0.0169964 -0.00332775 -0.0277627 -0.0505311 -0.000920248 -0.00918579 -0.000687663 -0.0328917 0.00275634 -0.0158596 -0.0119582 -0.000102986 0.000910726 -0.0518422 0.0248681 -0.0482053 -0.0496241 -0.00175482 0.081124 -0.00516464 -0.0438127 -0.0158552 -0.000531353 0.0156797 -0.0942768 -0.00212028 -0.000115152 -0.00785898 0.00163761 0.00245942 -0.000132144 0.0885635 -0.0682571 -0.0838835 0.000418846 -0.0120081 0.000487189 0.0488271 0.00104749 0.087987 0.0619331 -0.0115504 0.00265611 -0.00291492 -0.0187074 0.0117489 -0.0035914 -0.000191324 -0.00929312 -0.000576855 0.0024819 -0.00773586 -0.0214752 -0.000893093 -0.02721 0.0294287 0.00441557 -0.0245988 -0.0751032 0.118848 -0.0270696 -0.00810442 0.0682078 -0.0123735 0.0657866 0.0333912 -0.0064925 -0.000568188 -0.00366028 -0.0163023 0.0533267 0.0152929 -0.0174842 5.96026e-05 -0.00080035 -0.000120374 
-0.0152434 -0.00180379 -0.0230043 0.000551937 0.0012215 -0.00466587 -0.00165571 -0.00142195 -0.00210633 -0.00268965 0.171372 3.77716e-05 0.00123847 -0.00134719 0.00280876 -0.000180869 0.00522659 0.0266985 -0.0390294 -0.0450601 -0.0132661 -0.0029277 -0.0103744 0.000169218 -0.0159474 0.000699365 -0.0282922 -0.028363 3.47357e-05 0.00243363 -0.00141969 0.00588555 -0.00398286 0.0293219 0.0251084 5.98298e-05 -0.00011664 0.0302137 -0.00107276 0.0117159 -0.0310619 0.00636866 0.0430076 -0.00316404 -0.021427 0.0288329 0.0012968 -0.00887475 -0.025258 -0.00146046 -0.000101062 0.00679126 -0.0193684 -0.000242266 3.79573e-06 -0.00281036 -0.0483181 -0.0547746 -0.000607897 -0.00179015 -0.000593193 -0.0136246 -0.000392543 0.0596271 -0.00901507 -0.0170867 -0.00169634 0.00117285 -0.00504791 0.0644835 0.0156935 0.00153626 0.0132824 -0.000130668 -0.00540618 0.00215877 0.0221192 -0.000820418 -0.0199203 -0.0131038 -8.07502e-05 -0.00151349 -0.0520138 0.0153308 0.00778835 -0.0129564 0.0205756 -0.00887948 -0.0237969 0.0131136 -0.00107493 0.000118724 0.00127381 0.0242133 -0.00942814 -0.00522764 0.00158553 0.000244577 -0.000439076 6.18984e-05 
-0.000100157 -2.33169e-05 -0.000297906 1.07785e-05 1.02808e-05 0.000182709 -0.000129255 2.08549e-06 -4.45613e-05 -0.000447917 3.77716e-05 0.00234471 0.000663582 0.000119746 0.000130538 3.59483e-05 7.06748e-06 -0.0012731 -0.000639879 -0.000497669 0.000427136 -2.01123e-05 -0.00018016 -2.85772e-07 -0.000109696 0.000170644 0.000685142 -0.000105171 1.96854e-05 5.12104e-05 0.000175229 3.59139e-05 0.000268167 0.000201723 -1.39207e-05 2.31937e-06 -7.03533e-05 0.000607086 -0.000728343 -0.000440606 -0.000222016 0.000210847 -0.000653453 6.87988e-06 -0.000389582 0.000109726 0.000407844 -1.70871e-05 -3.62582e-05 3.82519e-05 2.85475e-05 -2.19498e-05 0.000350755 2.79435e-05 4.20199e-05 -0.000646032 0.000112104 -0.000255497 3.04353e-05 -8.91977e-05 0.000315473 0.000419553 9.58587e-05 -0.000989196 -0.000561888 0.000170369 0.000292762 0.000228675 -9.10779e-05 6.40206e-05 0.000382147 5.23893e-06 0.000388139 0.000114585 0.000418403 0.000132871 -4.44542e-05 6.66297e-06 -0.000152239 -7.67149e-05 0.000286421 0.000165416 1.64934e-05 -0.000456693 -0.000231707 -6.96393e-05 -0.00010246 -4.74659e-05 -0.000940323 -0.000281739 0.000591231 1.71393e-06 0.000323169 0.000174804 -0.000535357 -0.000188002 -1.13665e-06 2.30774e-05 3.998e-05 1.16856e-05 
-0.00300518 0.00158018 0.0020431 -0.000186144 -0.000477767 -0.00281267 -0.00763289 -0.0152555 -0.00113325 0.00318853 0.00123847 0.000663582 0.0743457 0.00030895 -0.00105154 3.09675e-05 0.000226105 0.003441 0.0173812 -0.00624608 -0.00438768 -0.000935474 -0.002632 -0.000156784 -0.00207258 -0.000845226 -0.00182066 -0.00913784 -0.000406399 -0.00235657 -0.000710364 0.008742 -0.000109911 -0.00550555 -0.0038487 -1.73167e-05 -0.00347814 0.000989852 -0.00378492 0.00461929 -0.011198 -0.00823491 -0.00282091 -0.000881303 -0.00925245 -0.00384113 5.12597e-05 -0.00291169 0.0012997 0.00246764 -3.54659e-05 -0.00187195 -0.00778973 0.000981412 -4.91589e-06 0.0191455 -0.0135204 -0.00471293 0.000344103 -0.00426887 0.000245102 -0.00558613 -0.000259465 0.0027907 0.0182576 -0.00410282 -0.000595964 -0.000677311 -0.00991754 -0.00870978 -0.00287235 -0.000245171 0.00294769 0.000159222 -0.00534635 -0.00154831 0.00165894 0.000335784 -0.00160251 0.00710394 -0.000679775 -0.00393274 -0.00562604 0.00332681 -0.00978148 -0.00138575 0.0157094 -0.00186101 0.00848682 -0.0129691 0.00836548 0.000537264 0.00960601 -0.00383063 0.00502997 0.00976615 -0.00466703 6.48522e-05 4.5725e-05 2.30641e-05 
2.18405e-06 -8.77708e-05 3.26826e-05 -1.83967e-05 -4.61996e-05 0.000170993 -0.000555549 -0.000655917 -0.000193663 -0.00120806 -0.00134719 0.000119746 0.00030895 0.00746468 -3.37271e-05 3.84671e-05 -1.3307e-07 -0.00217759 0.00147807 0.000678402 -0.000452111 4.45554e-05 -0.000875607 -5.89792e-06 -5.51666e-05 -8.56401e-05 -0.00017282 0.00173151 -4.10411e-05 -0.000128799 -1.30017e-05 5.8194e-05 0.000163909 -0.000248265 -0.000706398 2.35718e-06 -0.00113672 0.00206939 -0.00143146 -0.000395013 0.00140352 0.000851019 -0.0026412 4.68073e-05 3.49761e-05 7.24624e-05 3.4276e-05 -9.83561e-05 0.00292153 0.000272666 7.75595e-06 -0.00016604 -0.000518047 -5.09524e-05 7.38335e-06 -0.00148381 0.00174177 0.00250931 1.77352e-05 -0.000174028 0.000119972 -6.18013e-05 4.55815e-05 -0.00199949 -7.95376e-05 0.000445385 -6.54203e-05 -2.21921e-06 -0.0011195 -0.00103565 -0.000326655 -2.81116e-05 -0.000224161 4.47559e-06 -0.000554902 0.00111176 -0.000413537 1.89058e-05 0.000804947 -2.41369e-05 -7.52049e-06 -0.000754409 0.000653175 -0.00124737 -0.000705481 0.000534288 -0.00217061 -1.4105e-05 -0.00213018 -0.00125011 0.00225532 1.39722e-05 0.000554242 1.09837e-05 -0.000973935 0.000134531 0.00131418 -8.59349e-06 7.02458e-05 2.47248e-05 
0.00035676 -0.000276808 -0.00127024 0.000195365 0.000151277 0.000273699 -0.000318507 0.00260317 -0.000436504 0.00111475 0.00280876 0.000130538 -0.00105154 -3.37271e-05 0.0184146 3.53172e-06 -0.000107639 -0.00312696 -0.00404401 0.00163772 -0.000768853 -0.000177759 -0.0023175 -8.0076e-05 -0.00197222 0.00127974 0.00374266 0.0015686 0.000125551 0.00012429 -1.84912e-05 -0.00238724 -0.000194166 0.00186744 -0.000963908 3.72363e-05 -0.00121839 -0.000392895 -0.0017725 0.00319458 0.00138963 0.000653009 -0.00130346 3.75833e-05 -0.00203262 0.00133062 4.26624e-05 -0.000936264 -0.00130534 -0.000347643 -9.10592e-06 0.000762341 -0.00112952 -1.59854e-05 2.3096e-05 -0.00346925 0.00157931 -0.000404708 1.43515e-05 -0.000466519 -3.97837e-06 -0.00149965 -3.04768e-05 -0.00301362 -0.00533852 0.000130209 0.000139317 0.000329631 -0.00214919 0.0050957 0.00222033 -3.37874e-05 -0.000381731 5.16584e-05 0.00324958 0.0014294 -0.00163213 0.000468417 0.00107842 -0.000882545 0.000449084 0.00389063 0.00246034 -0.00489459 0.00107585 0.000851977 0.00166865 0.000918211 -0.00852004 -0.0033369 0.000897341 1.74806e-05 -0.000316793 0.000544545 -0.00443533 -0.000991018 -0.000717041 8.23366e-05 -2.88982e-05 4.46433e-05 
-0.000112168 3.66552e-05 -0.000243478 2.24449e-05 4.76419e-05 -2.28466e-06 0.000394144 0.00027479 0.000101959 9.90228e-05 -0.000180869 3.59483e-05 3.09675e-05 3.84671e-05 3.53172e-06 0.00190938 -9.17977e-06 -0.000323699 -0.000361353 -0.000426951 -6.65747e-05 3.80283e-05 0.00019429 -8.9209e-06 7.11148e-05 0.000114345 -0.000177269 -0.000257814 -1.75105e-06 0.000195153 0.000210373 -0.000174408 -3.88258e-05 0.000503076 -0.000139732 2.75138e-06 0.000190475 -0.000393864 -4.3514e-05 -0.000719938 -0.000200224 0.000115627 0.000575743 -8.38024e-06 -0.000222974 -6.63212e-06 5.11261e-05 -2.2163e-05 -0.000610924 -1.04284e-05 4.45096e-05 0.000163987 -8.03353e-05 4.70658e-05 8.29419e-06 0.000198062 -0.000328961 -0.00045242 7.63388e-06 0.000435254 5.78327e-05 -8.90908e-05 -2.46048e-06 0.000478186 1.56504e-05 -0.00011482 -6.64296e-07 0.000216943 0.000419077 -8.54587e-05 3.83146e-05 -8.79038e-06 -5.2606e-05 3.16422e-06 -1.60606e-05 6.90446e-05 -0.000147018 6.93028e-06 -0.00018745 9.60499e-05 -1.54891e-06 -0.000180048 -0.000461337 0.000122907 0.000509482 -8.56832e-05 -0.0006558 -3.10739e-05 0.000205025 6.02924e-05 -2.60739e-05 -8.58857e-07 -2.98809e-05 -0.000217259 0.000441928 -0.000774798 -0.000111942 -3.42113e-06 -1.81697e-06 9.30428e-06 
-0.00066969 -5.0507e-05 -0.00136134 -3.68197e-06 0.000504574 -2.38867e-05 -0.000861495 -0.00133692 -0.000237705 -0.00277328 0.00522659 7.06748e-06 0.000226105 -1.3307e-07 -0.000107639 -9.17977e-06 0.00905936 0.0015692 -0.00246499 -0.000449135 -0.000305593 -6.36357e-05 -0.00108327 7.09021e-06 -0.000185259 -0.000108456 -0.00108981 -0.000552613 -4.63579e-06 -0.000245177 -4.00523e-05 0.0037503 -0.00020079 -0.000872073 0.00368216 3.50018e-06 -0.00129537 0.00501269 0.000214102 0.00109591 -0.00143752 0.00028423 -0.00199476 -4.50559e-05 0.000191278 0.00327634 7.22491e-05 -0.000528537 0.00296943 6.73814e-05 -9.33786e-07 -0.000143609 -0.000839321 -3.8673e-05 1.54899e-05 -0.00240541 -0.00172203 -0.00204088 1.46564e-05 -0.00037068 -4.08042e-05 -0.00131137 -3.15997e-05 0.00212068 -0.0011792 -0.000403033 -9.86223e-05 -7.18399e-05 -0.00151744 0.00177116 -1.54067e-05 0.000181867 0.00180458 5.74962e-05 -0.00058942 -0.000186034 0.00392173 8.68033e-06 -0.00073371 -0.00050202 -9.1384e-05 -0.000583555 -0.00245956 -0.00191545 -0.000573044 -0.000509165 -0.00241871 -0.000330157 -0.00315926 -0.00128288 0.000284401 2.48052e-05 8.92691e-05 0.00174734 -0.00322876 0.000652495 0.00125521 2.99601e-05 -3.31753e-06 8.96624e-08 
-0.0349969 0.00191615 -0.0372649 -0.00137823 0.000106432 -0.00721819 -0.0150033 -0.0469621 0.00603036 0.06088 0.0266985 -0.0012731 0.003441 -0.00217759 -0.00312696 -0.000323699 0.0015692 0.174965 0.0139969 -0.0425472 0.00531234 0.00180507 0.0273113 -0.00103225 0.0175487 -0.00970629 -0.036591 -0.0436148 -0.00103145 -0.019019 -0.00185069 -0.00697089 0.00167185 -0.0148435 0.00489942 -7.99506e-05 0.014035 -0.0102179 0.0488051 -0.0140489 -0.0523331 -0.0350324 0.0649992 -0.00826003 -0.00895866 -0.00703182 -0.000485011 0.00944206 -0.0621119 0.00239567 -0.00036485 -0.0146108 -0.00759762 -0.000379422 -0.000254382 0.0890225 -0.0702092 -0.073519 -0.000292471 -0.0194994 6.18751e-05 0.0223507 -2.63547e-05 0.0868521 0.0591101 -0.0394317 -0.0014544 -0.00611266 -0.00204966 0.00111291 -0.00449115 -5.72736e-05 0.00405608 -0.0017125 -0.00514719 -0.00823005 0.00443678 -0.00202789 -0.0284887 0.0125139 -0.00173153 -0.00239826 -0.0852341 0.0890275 -0.0101322 -0.0140042 0.0246876 -0.0282141 0.0793903 0.000443488 -0.0234197 -0.000410606 -0.00715509 -0.0240515 0.0476738 0.0147359 -0.0128779 -0.000374595 -0.00157452 -0.000277427 
0.0234813 0.00832626 0.0612618 -0.000978795 -0.0024884 -0.00299595 -0.0331455 -0.0355571 -0.00193656 -0.0130587 -0.0390294 -0.000639879 0.0173812 0.00147807 -0.00404401 -0.000361353 -0.00246499 0.0139969 0.23722 0.0753973 -0.0256643 0.00325271 -0.0112692 0.00165774 0.00156143 -0.00349308 -0.0337507 0.0289326 -0.000849309 -0.0112259 -0.00421454 -0.0199175 -0.00107994 -0.0323445 -0.0276301 -0.000114811 -0.0343762 -0.00600123 -0.0137154 0.0422054 0.00870016 -0.0790275 -0.0400481 0.00134306 0.073116 -0.00847798 -0.000687145 0.0139725 0.0375043 0.00553148 -0.000107083 -0.0088991 -0.0481194 -0.000560194 -2.62152e-05 0.0314623 0.0261735 0.0520731 0.000677104 -0.0191829 0.000379141 -0.025556 -0.00114778 -0.028137 0.0487977 -0.0315701 -0.00180416 -0.00308064 -0.0424679 -0.0394598 -0.0186842 -0.00148248 -0.00855625 3.61684e-05 -0.02358 0.00397642 -0.0257408 0.00153299 0.026419 0.03396 -0.00427454 -0.0037409 0.0138692 0.00744831 -0.0362667 -3.78543e-05 0.00748719 -0.0128311 0.0214069 -0.0716082 -0.00582545 0.000730113 0.00212975 -0.0152748 0.00883752 0.0306681 -0.00547589 -0.000756101 0.000510138 -5.3275e-05 
0.0370051 -8.41566e-05 0.0800708 -0.000642034 -0.00199582 -0.00529514 -0.0244513 -0.00416903 -0.00639347 -0.0754052 -0.0450601 -0.000497669 -0.00624608 0.000678402 0.00163772 -0.000426951 -0.000449135 -0.0425472 0.0753973 0.186336 -0.0133198 -0.00114944 -0.0286855 0.00282041 -0.0110001 -0.000757348 0.0155671 0.0614782 0.000195646 -0.00690345 -0.00186332 0.0105111 -0.00135491 -0.0299504 -0.00348336 -8.2444e-05 -0.0334381 0.0109795 -0.0244048 0.100864 0.0697762 -0.0357348 -0.117475 0.00553476 0.0704646 0.000718745 -0.000627992 -0.00920894 0.119552 -0.00266513 -5.40774e-05 -0.00565182 -0.0239991 -0.00124203 1.5501e-06 -0.0933999 0.0976148 0.135281 -0.000450733 -0.0117579 -0.0012581 -0.0277606 -0.000422473 -0.136388 -0.074021 -0.000156373 -0.00182297 -0.00190882 -0.0462044 -0.0310248 -0.00856823 -0.000518928 -0.00525644 0.000193817 -0.00414882 0.00368511 -0.00192853 0.00176739 0.0609735 -0.00737439 -0.00222085 0.0216006 0.107653 -0.0931836 -0.0324746 0.0230479 0.00327135 0.00177657 -0.0837334 -0.0498126 -0.00159841 0.000525907 -0.000105504 0.0148653 -0.088056 0.0314632 0.0182308 -0.000321746 0.00110122 -4.70517e-05 
-0.00520396 -0.000931 -0.0130623 -0.000182217 0.00145695 0.00236143 -0.00585355 -0.000124654 -0.0018192 0.014191 -0.0132661 0.000427136 -0.00438768 -0.000452111 -0.000768853 -6.65747e-05 -0.000305593 0.00531234 -0.0256643 -0.0133198 0.0855239 0.000190426 -0.00588746 -0.000255308 0.00856788 -0.000712996 0.0316058 -0.00550197 0.000756718 -0.00188466 -0.000787492 -0.00542985 -0.00169556 -0.00964243 -0.00623425 -3.18771e-05 -0.0149399 -0.0209991 0.002311 -0.0338947 0.0061354 0.0266693 -0.0188657 -0.00101864 -0.0134796 -0.000953184 -0.000130611 -0.00380877 -0.0260896 -0.00142026 6.26272e-05 -0.00184243 0.0302509 -0.000113554 -2.48091e-05 -0.00712894 0.00422688 -0.0192263 0.00022115 -0.00459956 -0.000191703 0.043692 0.00136901 -0.0164086 -6.94122e-05 0.0202657 0.00268898 -0.000317913 0.0111486 -0.0106452 -0.000467817 0.000504182 -0.00082363 -0.000207132 0.0329699 -0.00231447 -0.00642581 2.45549e-05 -0.00761579 -0.00219524 0.00156375 -0.00294713 0.00823254 0.00550317 -0.0096775 -0.00123949 -0.0227528 -0.00108575 0.00588216 0.028043 0.00310375 -0.000165573 -0.00177647 -0.00298533 -0.00288157 0.00596516 -0.00615363 0.000336358 -0.000183252 -2.50378e-05 
-0.001091 8.11238e-05 -5.33058e-05 -2.69731e-05 0.000335894 -0.000687544 0.00131245 -0.00022143 9.27763e-05 0.000860608 -0.0029277 -2.01123e-05 -0.000935474 4.45554e-05 -0.000177759 3.80283e-05 -6.36357e-05 0.00180507 0.00325271 -0.00114944 0.000190426 0.0151064 0.00100818 0.000249929 0.00513136 -0.000112906 -0.00223294 -0.00119232 -5.40692e-05 -0.000321558 -2.00277e-05 -0.00125667 0.000133946 -0.00100784 -0.000876301 4.12804e-06 -0.00273587 -0.00238538 0.000691205 -0.00450242 -0.00170019 -0.00219158 -4.00386e-06 -0.000143691 0.000301016 -0.000900281 -7.6118e-06 0.000334768 -0.0034002 0.000254602 7.045e-05 -0.000292075 -0.00157203 0.000984715 8.4093e-05 0.00248886 -0.00290324 -0.00213168 -2.72082e-05 0.00154832 5.32975e-05 -0.000889641 -2.01628e-07 0.0022126 0.0066531 -0.00135671 -3.6347e-05 -5.12848e-05 0.00336312 -0.001475 -0.000864645 -7.89706e-05 -0.000524529 0.00037338 -0.00101972 0.000260462 -0.000236978 0.00011784 -2.81189e-05 0.00473103 -0.00012044 -0.000430192 -0.00463711 0.00296604 0.00172089 0.00121978 -0.00705861 2.53657e-05 0.00251828 -0.00197172 -0.00112457 1.77429e-05 -8.69133e-05 -0.00154363 0.00646125 -0.00529622 -0.000887474 -3.31252e-05 -1.71031e-05 -4.04736e-06 
-0.00942638 0.000757041 -0.020335 -0.000257511 -0.000125011 -0.00361785 0.0235602 -0.0168235 0.0159194 0.0240268 -0.0103744 -0.00018016 -0.002632 -0.000875607 -0.0023175 0.00019429 -0.00108327 0.0273113 -0.0112692 -0.0286855 -0.00588746 0.00100818 0.118636 -0.000496326 0.0167226 -0.00170787 -0.0205778 -0.0194765 -0.000389765 -0.00390351 0.000389703 -0.017884 -0.00274551 0.00371834 -0.0100896 0.000111488 0.0390768 -0.0177655 0.0108385 -0.0393789 -0.0230657 -0.035584 0.046126 -0.00201737 -0.00523895 -0.00890961 -0.000388573 0.0082694 -0.0442473 -0.00146673 -9.17185e-05 -0.00258449 -0.00068819 0.0018014 -1.4708e-05 0.0574984 -0.028381 -0.0326839 -0.00044369 -0.00734107 0.000219921 -0.00316162 -0.000324954 0.0364031 0.0126987 -0.0139085 0.00075381 -0.00123805 0.033158 -0.013253 -0.0024228 -0.000712324 -0.00286896 -0.000375148 -0.00577082 -0.00326522 -0.00957935 -0.000539093 -0.0110424 -0.00250782 0.000516958 -0.00624371 -0.0346595 0.0579215 0.0238793 -0.00666272 0.00531326 -0.00401183 0.0524908 -0.0293367 -0.011265 -9.14989e-05 -0.00081343 -0.0150598 0.040205 -0.0316739 -0.00673791 -0.000174487 -0.000326054 -4.66865e-05 
-0.000313811 0.000861935 -0.000301683 -1.68979e-06 -4.64936e-05 -0.000180685 -0.000543246 -0.000190164 -0.0001875 -0.00196048 0.000169218 -2.85772e-07 -0.000156784 -5.89792e-06 -8.0076e-05 -8.9209e-06 7.09021e-06 -0.00103225 0.00165774 0.00282041 -0.000255308 0.000249929 -0.000496326 0.00688607 0.000512281 -9.66943e-05 -9.5345e-05 0.000717964 6.54555e-06 -0.000107296 -7.88089e-05 0.001392 -3.14936e-05 -0.00044226 -0.00026376 2.11437e-05 -0.00117994 0.000967973 -0.00417715 0.00213609 -0.000172618 -0.00116416 -0.00304053 -7.05622e-05 0.0035605 0.00103733 6.81899e-06 -0.000237099 0.000807464 0.000346385 1.67152e-06 -1.30384e-05 -0.00090179 0.000128696 0.000121889 -0.00160214 0.000180469 0.00157347 2.68854e-05 -0.000313397 -3.50321e-05 -0.000180449 -2.31988e-05 -0.00229418 6.43964e-05 -0.000584817 0.000244844 -1.53926e-05 -0.00104006 -0.000410946 -0.000287989 -1.43157e-05 -7.52156e-05 0.00013477 0.00245123 0.000267999 0.000206265 2.10445e-06 0.00180935 7.8403e-05 -6.02372e-05 -0.000327722 -0.00038214 -0.00212893 -0.000752963 0.00111682 -5.19641e-05 -0.000294393 -0.00244011 -0.0015503 0.000561576 2.82119e-05 0.000210508 0.000465675 -0.000537075 -0.000315782 -0.000360251 4.38888e-05 2.26192e-05 6.51436e-06 
-0.00623647 -0.00131336 0.000944329 5.48884e-05 0.000432784 -0.00473305 0.0217086 0.00833127 -0.00238861 -0.0169964 -0.0159474 -0.000109696 -0.00207258 -5.51666e-05 -0.00197222 7.11148e-05 -0.000185259 0.0175487 0.00156143 -0.0110001 0.00856788 0.00513136 0.0167226 0.000512281 0.101483 -0.00117733 -0.0154483 -0.00932984 -0.000262302 1.77455e-05 7.44668e-05 -0.00815527 0.000427517 0.0072156 -0.00476205 -5.43537e-05 -0.0075623 -0.00598931 0.00400785 -0.0311971 -0.0131075 -0.0157486 0.0196492 -0.00168667 0.00777434 -0.00461148 -0.000350531 5.92257e-05 -0.018881 0.0065865 -2.58147e-05 9.722e-05 -0.00598669 0.000359482 7.09143e-05 0.0246502 -0.0203132 -0.0186584 1.25173e-05 0.000459001 -0.000319045 -0.00531753 -0.000112222 0.020704 0.0343964 -0.0117464 -0.000316163 -0.000884538 0.0470795 -0.0148789 -0.00617561 -0.000406561 -0.00324894 9.30632e-05 -0.00128629 -0.000543143 0.00114062 -0.000166404 -0.00357019 0.00516958 -0.00037238 -0.00874282 -0.0299599 2.61035e-05 0.0201538 -0.00439413 -0.0469965 -0.00436955 0.023497 -0.0161269 -0.00204833 -0.000100465 -0.00135009 -0.00937249 0.0393349 -0.0192964 -0.00723303 -0.000225669 -0.000211396 -3.6301e-05 
0.000734598 -0.00019149 -0.000148518 4.78135e-05 -4.7011e-05 -5.90921e-05 0.0044707 0.00507151 0.000356341 -0.00332775 0.000699365 0.000170644 -0.000845226 -8.56401e-05 0.00127974 0.000114345 -0.000108456 -0.00970629 -0.00349308 -0.000757348 -0.000712996 -0.000112906 -0.00170787 -9.66943e-05 -0.00117733 0.0148953 0.00199326 0.00172382 -3.40485e-05 0.00338862 5.62903e-05 -0.00180306 -0.000249013 0.00376632 -0.000936616 6.62121e-06 -0.000725445 -0.00130092 -0.00365978 -0.00325449 0.00110947 0.00476803 -0.000205274 0.000495571 -0.00165972 0.00137163 7.33987e-05 -0.000837192 -0.000881536 -0.000143534 0.000118708 0.00287191 0.00176666 0.000103829 1.41628e-05 -0.00477508 0.00158874 -0.000314032 0.00017626 0.00246318 0.000456801 -0.00213196 -1.6532e-06 -0.00194508 -0.00422988 0.00268708 0.000102456 0.00118457 0.00247297 0.00140577 2.20019e-05 5.29767e-05 -0.000522259 4.59392e-05 0.000245599 0.00163369 -0.00142023 -1.43467e-05 5.08532e-05 -0.00106382 0.000357976 0.000154109 0.00232952 -0.00548587 0.00413883 -7.20522e-05 -0.00467355 0.00293312 -0.00500218 0.00297558 0.000504817 4.47543e-05 0.00020707 -0.00178804 -0.00235731 -0.00511042 -0.00060517 -2.74863e-06 5.36853e-05 2.70394e-05 
0.00862831 -0.00150657 0.0105372 -0.000378504 7.3937e-06 0.0146939 -0.0148881 0.00653241 -0.00352802 -0.0277627 -0.0282922 0.000685142 -0.00182066 -0.00017282 0.00374266 -0.000177269 -0.00108981 -0.036591 -0.0337507 0.0155671 0.0316058 -0.00223294 -0.0205778 -9.5345e-05 -0.0154483 0.00199326 0.134615 0.0169851 0.000578314 -0.00403466 -0.00126721 0.0120345 0.00569241 -0.0179669 -0.00544118 -5.1472e-05 -0.0136741 -0.0125117 -0.0159901 0.00273226 0.0255066 0.0380066 -0.0699862 0.00208809 -0.0167643 -0.00268997 -0.000208229 -0.00829783 0.0230681 -0.00312366 8.79637e-05 -0.00304394 0.0420662 0.000306872 -4.44553e-05 -0.0524139 0.0420356 0.0257449 -0.000202192 -0.00582135 -0.000624003 0.0216017 0.000558085 -0.0736665 -0.048886 0.0431704 0.00385833 -0.000660385 -0.0167272 -0.013363 0.0011048 0.000720194 -0.000964428 1.8763e-05 0.0313741 -0.00168925 -0.00528735 0.000331268 0.013978 -0.0110531 0.00211415 0.0176651 0.0772765 -0.0514268 -0.0182117 0.0182745 0.000814017 0.00834238 -0.0463955 0.0223196 0.0168767 -3.16441e-05 0.00183642 0.00544264 -0.0561592 0.0211321 -0.00811564 0.0002738 0.000361818 0.000121211 
0.0175277 0.000115632 0.0193407 -0.000270422 -0.00124114 0.00527266 -0.0148218 -0.00715864 -0.00366448 -0.0505311 -0.028363 -0.000105171 -0.00913784 0.00173151 0.0015686 -0.000257814 -0.000552613 -0.0436148 0.0289326 0.0614782 -0.00550197 -0.00119232 -0.0194765 0.000717964 -0.00932984 0.00172382 0.0169851 0.130402 7.25207e-05 -0.00438877 -0.00161166 -0.0115425 -0.00428206 -0.0168055 -0.011173 6.79394e-06 -0.00909287 0.0434118 -0.0226724 0.0316516 0.0736811 -0.00804102 -0.067004 0.00190772 0.0342991 0.00838767 -0.000339091 -0.00526654 0.0719122 -0.00158179 -2.94148e-05 -0.0033028 -0.00101926 -0.0011594 4.14357e-05 -0.0518927 0.0888905 0.0775578 7.79972e-05 -0.0072937 -0.000727416 -0.0199027 -0.000315137 -0.0780466 -0.0450155 0.0354579 -0.00166744 -0.000311383 -0.0285593 -0.0168839 0.000560604 -0.000267522 -0.00495868 -9.15643e-05 -0.000992665 0.00583732 -0.0154859 -0.000291962 0.0103598 -0.00803841 -0.00056438 0.00203408 0.0642518 -0.0567728 -0.0183312 -0.00176204 -0.0513059 0.0252242 -0.0621829 -0.0264492 -0.00292663 0.000842078 -0.00289776 0.022068 -0.0514217 0.0164011 0.0182351 -0.000328077 0.00120771 4.18927e-05 
0.000514517 -4.67083e-05 0.000354014 2.95232e-05 7.46395e-05 0.000129955 -0.000293705 -0.000299331 6.69921e-05 -0.000920248 3.47357e-05 1.96854e-05 -0.000406399 -4.10411e-05 0.000125551 -1.75105e-06 -4.63579e-06 -0.00103145 -0.000849309 0.000195646 0.000756718 -5.40692e-05 -0.000389765 6.54555e-06 -0.000262302 -3.40485e-05 0.000578314 7.25207e-05 0.00663235 -0.000168181 -7.06862e-05 -0.000440995 -0.00017121 -0.0007328 -0.000219895 1.47691e-06 -0.000588706 -0.000466262 -0.00040821 4.1506e-05 -0.000777141 -0.00103922 -0.00180734 0.000126827 -0.000261817 0.000325379 3.82381e-06 0.000490584 0.000275058 -7.0325e-05 -1.81931e-06 8.36341e-05 -0.000423994 -1.12472e-05 -1.11223e-06 -0.00188331 0.00132466 -6.25358e-05 -1.71806e-05 -0.00016883 -3.10756e-05 -0.00041809 7.27751e-05 -0.000801267 -0.00163977 0.00035082 5.38305e-05 -1.36968e-05 2.97706e-05 0.00132837 0.000721928 0.000123802 0.000845276 -5.04156e-06 7.71446e-05 -8.91954e-05 -0.000590272 0.000259151 0.000112151 -0.000411205 0.00013332 0.00154396 0.00235512 -0.000143102 3.80662e-05 -0.000206224 0.000738266 -0.000167392 -0.00121023 -0.000257502 9.65432e-05 -5.77392e-06 -7.13718e-05 0.00085663 -0.00187347 0.000546288 -0.000251602 3.71153e-05 2.25021e-05 6.36132e-06 
-0.00206586 -0.000562328 -0.0031742 0.000559048 0.000636877 -0.00106293 0.0226044 0.0216984 -0.00100872 -0.00918579 0.00243363 5.12104e-05 -0.00235657 -0.000128799 0.00012429 0.000195153 -0.000245177 -0.019019 -0.0112259 -0.00690345 -0.00188466 -0.000321558 -0.00390351 -0.000107296 1.77455e-05 0.00338862 -0.00403466 -0.00438877 -0.000168181 0.0287285 0.000696237 -0.00405715 -0.000909228 0.0204259 -0.00311699 -6.5078e-06 -0.00559887 -0.0069999 -0.00493465 -0.0141241 -0.00474789 0.0197001 0.00857527 -0.000474813 -0.00374442 0.00345208 0.000151659 -0.00187314 -0.0106905 -0.000403158 0.000119962 0.0092973 0.00141107 -0.000248034 8.75002e-06 -0.0116484 -0.00595156 -0.00757579 -7.83347e-05 0.0167482 0.000381898 -0.00368257 8.08561e-05 0.00821631 -0.00390796 -0.00217573 -0.00034081 0.00289379 0.0191097 0.0095132 -0.000265311 -8.70858e-05 -0.00104576 -7.54106e-05 0.00207899 0.00259918 -0.00307779 -0.000129159 -0.00296959 -0.00223798 -0.000217755 -0.00231616 -0.00936762 -0.0120406 0.0201157 -0.00160869 -0.0150112 -0.000606208 -0.00233137 0.0150538 -0.000521142 -3.61392e-05 -0.000638954 -0.00247434 0.0101577 -0.0229811 -0.0020944 1.91523e-05 -6.89331e-05 -4.24267e-06 
-0.000770258 -0.000217064 -0.00185435 0.00010412 8.09329e-06 -0.000526818 0.000744727 -0.000335085 0.000237381 -0.000687663 -0.00141969 0.000175229 -0.000710364 -1.30017e-05 -1.84912e-05 0.000210373 -4.00523e-05 -0.00185069 -0.00421454 -0.00186332 -0.000787492 -2.00277e-05 0.000389703 -7.88089e-05 7.44668e-05 5.62903e-05 -0.00126721 -0.00161166 -7.06862e-05 0.000696237 0.0115289 0.00308708 6.37177e-05 0.000293632 0.00630283 7.53268e-05 0.00661462 5.4941e-05 0.000769473 0.000622422 0.000449797 -0.00113618 0.00303955 0.0008833 -0.00190973 -0.000589847 0.000292544 0.00156499 0.000389869 0.000170452 3.52666e-05 0.000204378 -0.0010884 -4.59147e-05 2.74179e-05 -0.0013046 -0.00183325 -0.00118248 -2.43471e-05 0.000891886 0.000249188 -0.00157388 4.1494e-06 0.00129118 -0.00363269 -0.00101992 -0.0001543 0.000120687 -7.61662e-05 -0.000613395 0.00132363 -4.28894e-05 -0.000256097 1.30502e-05 -0.000967048 -0.000265256 0.00357405 -4.61265e-05 -0.00122143 -0.000749267 -0.000116131 -0.000852944 -0.00274317 -0.000187351 0.000755474 -0.000439279 -0.00128423 -0.000312965 0.000237203 0.000468768 -0.000943558 -2.4217e-05 -0.000265631 -0.00124211 -0.00202554 -0.00124919 0.00165241 5.21155e-05 -2.5138e-05 1.02903e-06 
-0.00389913 -0.00184657 0.00611396 -0.000331226 0.000172661 -0.00288704 -0.0138506 -0.0210354 -0.00436535 -0.0328917 0.00588555 3.59139e-05 0.008742 5.8194e-05 -0.00238724 -0.000174408 0.0037503 -0.00697089 -0.0199175 0.0105111 -0.00542985 -0.00125667 -0.017884 0.001392 -0.00815527 -0.00180306 0.0120345 -0.0115425 -0.000440995 -0.00405715 0.00308708 0.124924 -0.00117822 -0.0120579 0.0476304 6.70873e-05 0.0162511 0.0243825 0.00427793 0.0510153 0.00374026 -0.00928789 -0.0305664 0.00201815 -0.0141601 -0.0029785 0.000103627 -0.00696439 0.0559956 -0.000831503 -6.59003e-05 -0.00336378 -0.00857088 -6.15633e-05 5.48902e-05 -0.0434236 -0.00777204 0.0282902 -0.000414151 -0.00726186 -0.000276354 -0.0201085 -0.000530921 -0.0314652 -0.0331376 -0.00494618 -0.0017446 -0.00124875 -0.0292437 -0.00774156 0.00177327 -0.000173918 0.0136397 0.00122834 -0.00855316 -0.00344081 0.0462339 -0.000462952 0.0138784 -0.00282265 -0.00167144 0.00429601 0.0279375 -0.0404757 -0.0176585 0.0206009 0.00822807 -0.00033107 -0.022467 -0.0132087 0.00864326 -0.000280596 0.00469528 0.000864294 -0.0450951 0.0193058 0.0147556 0.00062805 -7.09041e-05 -1.20818e-06 
-0.000788691 0.000571289 0.00433938 -8.26352e-05 -0.000254349 0.00291214 -0.00248664 -0.000918849 -0.000982435 0.00275634 -0.00398286 0.000268167 -0.000109911 0.000163909 -0.000194166 -3.88258e-05 -0.00020079 0.00167185 -0.00107994 -0.00135491 -0.00169556 0.000133946 -0.00274551 -3.14936e-05 0.000427517 -0.000249013 0.00569241 -0.00428206 -0.00017121 -0.000909228 6.37177e-05 -0.00117822 0.0339059 -0.00414112 -0.00220086 -2.04418e-07 -0.00228542 -0.00449679 -0.00202043 -0.00203164 -0.0041535 -0.00109699 -0.00668055 0.000910777 -0.00401041 -0.00213121 -6.16138e-05 0.000443149 -0.00187554 0.00169573 5.21938e-05 -0.000615747 0.00391121 0.000260936 -2.11969e-05 0.000553643 -0.000487128 -0.000718187 0.000193036 -0.00134602 -8.89236e-06 0.00660929 8.00356e-05 0.000214678 0.00183804 -0.00138916 0.00485139 -0.00026608 -0.00241571 -0.00371152 -0.000893173 -6.92035e-05 -0.000864503 -8.17949e-05 0.00162337 -0.000547644 -0.00266512 0.00011522 0.000571447 0.00264268 0.000524794 0.00230641 -0.000129308 0.00299578 -0.00201066 -0.000104651 0.00209221 -0.00145034 -0.00607908 -0.000115377 0.00213141 -1.14086e-05 0.000202266 -0.00180312 -0.00326043 0.00425762 -0.00191318 -3.78025e-05 -4.36413e-05 -2.2659e-07 
-0.00873724 -0.00183569 -0.0172132 0.00132967 0.00127193 -0.00518057 0.0433802 0.028537 0.00202513 -0.0158596 0.0293219 0.000201723 -0.00550555 -0.000248265 0.00186744 0.000503076 -0.000872073 -0.0148435 -0.0323445 -0.0299504 -0.00964243 -0.00100784 0.00371834 -0.00044226 0.0072156 0.00376632 -0.0179669 -0.0168055 -0.0007328 0.0204259 0.000293632 -0.0120579 -0.00414112 0.110884 -0.0101167 -2.45977e-05 -0.00895276 -0.0126262 -0.00331943 -0.0338623 -0.0204223 0.0328385 0.0441384 -0.00205374 -0.0126537 0.0064649 0.00118913 -0.00721078 -0.0403217 -0.000614685 0.00014482 0.0133233 -0.00188098 5.86946e-05 6.50429e-05 0.00999109 -0.0274895 -0.031715 -0.000451677 0.0304212 0.00111063 -0.0176136 -0.000243913 0.0425289 0.00960456 -0.0109345 -0.00166807 0.00507104 0.0430713 0.0190086 -0.000604584 -0.000350277 -0.00191698 -0.000147446 -0.00398746 0.0042577 -0.00803809 -0.000579116 -0.011007 -0.00502874 0.000705148 -0.0125617 -0.0375201 -0.0117421 0.0509435 -0.00572302 -0.034716 -0.00294307 0.0135345 0.0235052 -0.00431566 -2.5455e-05 -0.000694558 0.00127339 0.0407354 -0.0585339 -0.00823943 -0.000227183 -0.000285155 2.36028e-05 
