0.128121 -0.00191806 0.00242116 -0.000448613 0.00100494 -0.000329225 0.000123032 -0.000449808 -8.14918e-05 -0.00531234 -9.50365e-05 -0.00141219 -0.00386041 -0.00630526 -0.015804 -0.03029 -0.00128208 -0.00547469 -0.00116829 9.04148e-05 -3.65612e-05 0.00643281 -0.0194749 -0.00573014 -0.00115121 -0.00179105 0.0177734 -0.0129062 -0.00184576 -0.00259289 0.000106326 -0.00566205 -3.67666e-05 -5.57073e-05 0.00778204 0.000222782 -0.000150109 -0.000362216 -0.00141084 -0.000161814 0.000524489 0.00938508 -2.87161e-06 -0.00347607 0.000852134 0.00136545 0.00051621 -0.000321912 -2.63116e-05 -0.000120331 0.0136441 -0.000388054 0.000417574 -0.00406192 -0.00198258 -1.68813e-05 -0.00433921 -0.017501 -0.000266337 -0.0381065 -0.00177607 -0.00101962 0.000803054 0.017794 -0.00103595 -0.00129178 -0.000244936 -0.000244837 -0.00217647 -0.00627716 -0.000822443 0.00465417 -0.000600164 -0.0138276 0.00177983 -0.00272631 0.000275679 -0.000263539 -0.000629947 -0.000696005 0.000424069 -0.000212688 -0.000584512 2.47836e-06 0.00263036 -0.00118359 -0.00225521 -0.000180822 0.000496945 -3.90854e-05 0.00657285 -4.64357e-05 1.14711e-05 -0.000462084 -0.000115207 2.7731e-06 0.0216037 -0.00388637 -0.00537785 -0.00164804 
-0.00191806 0.0946179 -0.00984964 -0.00025886 -0.00018904 -0.00291457 -7.85945e-05 -0.000226928 -6.79225e-05 -0.00234682 -0.000101476 -0.00921949 -0.00579055 -0.0163947 0.000186082 0.0176102 0.00349006 0.000171912 -0.000424752 -0.00056373 -5.36097e-07 -0.0114903 0.00584939 -0.00504573 6.03815e-05 -0.00251962 -0.00627319 0.000577988 -0.00162059 -0.00407374 -0.000277744 -0.00196297 -7.85836e-05 -3.51933e-05 -0.00236997 -0.000183427 5.88284e-05 -0.000174893 -0.00106837 -0.00060816 -0.000163795 0.0140172 -2.64765e-05 0.00579944 -0.000115859 -0.000948832 -0.000206138 -0.00771398 0.00014443 -9.29692e-05 0.0138089 0.00108577 -0.000248608 -0.00813869 0.000243794 -4.19604e-05 -0.00217766 -0.00577909 0.000572441 -0.00720865 5.01871e-05 -0.000115417 -0.000120576 -0.0169104 8.15674e-05 0.000812561 0.000470433 0.00481029 0.00768762 -0.00262612 -5.03157e-07 -0.00583178 -0.000145814 -0.011971 -0.00970488 -0.00471835 0.00202882 0.000145289 0.00527108 0.00107465 -0.000554963 -0.00147723 0.00093311 -1.58135e-06 0.000190993 0.000149837 0.00153873 0.000430211 0.000430354 -9.62799e-05 -0.00128514 0.000297912 0.000100826 -0.000722233 -0.000143519 1.29965e-05 -0.00315266 -0.00181156 -0.00314215 0.000710811 
0.00242116 -0.00984964 0.0874355 -0.00620271 -0.00459978 -0.00871 6.20174e-05 -0.00253321 -0.000633115 0.00348217 -0.000319445 0.00184226 0.0226367 0.00494615 -0.00810856 0.00716925 0.0420204 -0.0237301 -0.00903132 -0.00347269 -0.000274215 -0.0267235 -0.0139901 0.00313763 -0.00415575 0.00216138 -0.0169895 -0.00912833 -0.00941682 0.000557824 -0.000648843 -0.0118297 -8.63228e-05 -0.000376643 -0.00772349 -0.00105534 -0.000373466 -0.000255841 -0.00278549 -0.00263141 -0.00320285 -0.00489024 -0.000172065 0.00402109 -0.000468543 -0.019797 -0.000733572 -0.0246725 -0.000460109 -0.000617381 0.0304212 -0.00299713 -0.00286995 0.0162125 -0.0124403 -0.000505571 -0.00824776 -0.023344 -0.00210131 -0.0208192 -0.00565431 -0.00161518 -0.00187695 0.00403491 7.8433e-05 -0.00123887 -0.000433753 0.00840588 0.0265589 -0.00997574 -0.0070905 0.00962114 -0.00508953 0.0395254 0.00805076 -0.00536134 -0.00144481 -0.000814631 -0.00309139 -0.00612936 -0.00416853 -0.000591253 -0.0036127 -0.000215837 -0.0011041 -0.0112948 -0.00972446 -0.00441246 0.000261525 -0.00232915 0.000470984 -0.00102474 -0.000288122 -0.000205012 -0.000568027 -6.21731e-05 0.0474777 0.00301335 0.0273375 2.88679e-05 
-0.000448613 -0.00025886 -0.00620271 0.0112219 0.00176981 0.000222045 1.03765e-07 0.000135432 0.000590643 7.89416e-05 8.29071e-06 0.00785482 -0.00330274 -0.00753803 -0.00124347 -0.00740102 -0.00743002 -0.000357412 0.00639958 0.000513926 -1.57603e-06 -0.00465379 -0.00160116 -0.000835196 0.000547761 -2.02544e-06 0.0027773 -0.000781113 0.0067051 0.000571014 0.000942081 -0.000205227 0.00011735 1.19586e-05 0.00630089 0.000613395 -1.13098e-06 0.000201057 -0.000143917 0.000225816 0.000326151 -0.000327577 -1.2244e-05 -0.000371637 3.55058e-05 -0.000507574 0.000423044 -0.00327074 4.3304e-05 -4.52406e-06 -0.00653877 -0.000159885 -3.71461e-05 -0.00753702 0.00675695 0.000175697 0.00399605 0.00728016 0.000292557 0.000716398 3.48301e-05 0.00244921 0.00212919 -0.00168903 1.10452e-05 -0.000138653 6.09682e-05 -0.000827722 -0.000574171 0.00898959 0.00203212 -0.00843525 0.001328 -0.00441255 -0.00645929 -0.000969665 -2.95067e-05 -1.91936e-05 -6.36256e-05 -0.000112014 0.00325484 8.8749e-05 -4.56612e-05 8.14823e-05 8.48001e-05 0.000751471 0.0069947 0.00138254 -0.000308337 0.00024736 -0.000112784 0.000380376 1.46897e-05 0.000112025 -1.44917e-05 -1.50541e-06 -0.00607927 -0.000322046 -0.00634687 -0.000146211 
0.00100494 -0.00018904 -0.00459978 0.00176981 0.00764733 -0.00018268 -1.28708e-06 3.63574e-05 0.000405797 -0.000452922 3.04307e-05 0.00126907 -0.00172365 -0.00304758 -0.000366767 -0.0033411 -0.00524772 0.000381497 0.00310666 1.13725e-05 5.39811e-05 -0.000656003 -0.00103308 -0.00023026 0.00135232 -0.000198567 0.000903084 -0.000586525 0.0033002 0.000607111 0.000395493 0.00382946 5.6192e-05 2.90607e-05 0.00252987 0.000415835 2.47494e-05 2.82893e-05 0.000132481 0.000382202 0.000931147 -8.97616e-05 1.94491e-05 -0.000320581 -3.43069e-06 0.00162205 0.000582936 -0.00159149 0.000171311 0.000192885 -0.00485803 0.00096827 0.00021319 -0.00429503 0.00285596 0.000207785 0.00101259 0.00238189 0.000621519 -0.000530073 -6.67131e-05 0.000534608 0.000452792 -0.00139306 -3.20478e-05 -9.91908e-06 6.11649e-08 -0.00335306 0.000273523 0.00229973 0.000391875 -0.00447118 0.000763212 -0.00287678 -0.00376532 -0.000416335 -1.90916e-05 -9.61193e-06 0.000413718 0.00086059 0.00217038 -5.84904e-05 0.000664769 8.68863e-05 0.000572904 0.000558681 0.00263863 0.00119844 -0.000163884 0.000957633 0.000367129 0.000103174 3.56652e-05 0.000415347 4.46284e-05 7.65776e-06 -0.00381754 -0.00019727 -0.00301835 -8.26132e-05 
-0.000329225 -0.00291457 -0.00871 0.000222045 -0.00018268 0.0371087 3.69263e-05 0.000323256 -2.81676e-05 -0.00167253 2.53042e-05 -0.00292725 -0.0184495 0.00443179 0.00269871 -0.00483791 -0.016898 0.00733086 -3.12847e-05 0.00184355 1.7979e-05 0.015596 0.00754111 -0.00163762 -0.000340169 -0.00123651 0.00490783 0.00336877 0.00190161 -0.00092097 -4.28247e-05 -0.00514502 -1.71537e-05 3.05115e-05 0.00236344 -0.000104765 -9.97106e-06 0.000932361 -0.000197139 0.0028356 -9.57587e-05 0.00257563 8.48303e-05 -0.00119868 -2.64896e-05 0.00196597 0.000487653 0.0073356 -5.46688e-06 0.000465162 -0.015441 -0.000389242 0.000597411 -0.00115617 0.00113951 0.000215149 -0.000384991 -0.000433988 0.000388971 0.000375546 0.0012278 0.000281902 -0.000111544 0.0147326 0.00234332 0.00411858 -0.00019766 0.000899201 -0.0141982 0.000648945 -0.000271408 0.00150421 0.00110055 -0.0200212 -0.000321628 -0.00104637 0.000286041 0.000224168 -0.000212032 0.00314237 8.54079e-05 0.00103135 0.000608745 1.43124e-05 0.000414597 0.00143652 0.00064723 0.000117803 -0.000155537 -0.000103866 -9.375e-05 -0.000136248 3.56844e-05 -1.88271e-05 -5.44737e-05 4.83648e-05 -0.0154309 -0.00108218 -0.00445398 -0.000422681 
0.000123032 -7.85945e-05 6.20174e-05 1.03765e-07 -1.28708e-06 3.69263e-05 0.00212325 -3.40218e-06 1.97939e-05 -4.08409e-05 1.70472e-05 0.000170782 8.30792e-05 -0.000475332 0.000172584 -2.20218e-05 -8.52124e-05 -8.1168e-05 -4.81517e-06 1.54372e-06 2.58852e-05 -0.000295032 -0.000170756 2.00909e-05 7.12054e-06 1.4826e-05 -0.00010793 4.94765e-06 9.3008e-06 8.40748e-05 6.64517e-05 6.52871e-05 1.1737e-05 3.92383e-05 0.000247471 0.000109156 4.28505e-05 2.15578e-05 8.52889e-05 5.23148e-05 1.62744e-05 -9.24097e-05 1.93834e-05 0.00015589 6.01485e-06 -8.3909e-05 -1.07368e-05 -0.000238776 1.21838e-05 1.49928e-05 -0.000341054 3.38765e-06 9.11362e-06 -0.000198622 2.88444e-06 3.60168e-05 3.73541e-05 -0.000232705 9.05723e-07 -0.000344324 9.36222e-05 -7.95553e-06 -2.12193e-06 0.000219088 1.3772e-05 5.33604e-05 6.84634e-05 -0.000328419 -7.06576e-05 3.14935e-05 2.5367e-05 3.12935e-05 1.02234e-05 -8.8573e-05 -0.000292264 3.61896e-05 -7.01668e-06 2.9293e-06 3.43134e-06 -2.66102e-05 2.72374e-06 -1.45112e-05 6.47238e-06 5.45593e-06 7.16275e-06 -1.63089e-05 1.33916e-05 -8.75526e-07 8.35626e-06 1.84745e-05 -1.8767e-05 -4.4973e-06 3.44205e-06 -2.94778e-06 5.39369e-05 4.38033e-06 -0.000469647 -7.82287e-06 -0.000463294 -1.39708e-05 
-0.000449808 -0.000226928 -0.00253321 0.000135432 3.63574e-05 0.000323256 -3.40218e-06 0.00320738 7.44807e-06 -0.000252483 2.98099e-05 -0.000274918 -0.00166136 -0.0012111 0.00135141 -9.24107e-06 -0.00179186 0.00156796 0.000209365 7.65512e-05 3.75394e-05 0.0012402 0.00152751 -0.000105619 0.000215511 -0.000115526 0.00100965 0.000197269 0.000403161 -0.0001029 2.93326e-05 5.36095e-05 2.47997e-06 1.58151e-05 -1.03954e-05 0.000109895 7.02773e-05 7.90005e-06 7.44848e-05 0.000142327 0.000403979 -0.000178475 1.9149e-05 -8.5544e-05 4.03931e-05 0.000983148 8.58535e-08 0.00158715 1.28439e-06 -7.41235e-06 -0.00236732 -5.3015e-05 2.20546e-05 -0.000463469 0.000113492 4.73276e-05 0.000322232 0.000869055 2.5536e-05 0.000879008 0.000602061 -5.10031e-06 2.07562e-05 -0.000475335 3.49862e-05 0.000181674 4.20237e-05 -0.00106691 -0.00134181 0.000260369 0.000177421 -0.000235848 1.10906e-05 -0.00160959 -6.89798e-05 0.001049 1.11099e-05 5.2005e-05 3.7715e-06 -6.7317e-05 1.08468e-05 8.86679e-05 8.99133e-05 1.21273e-05 -1.62459e-06 0.000130964 0.000328707 0.0001852 -7.47694e-05 0.000164704 -3.42791e-05 0.000136525 7.54537e-06 -3.97535e-05 8.96553e-06 -3.01311e-07 -0.00219683 -0.000130871 -0.00171783 -3.51155e-05 
-8.14918e-05 -6.79225e-05 -0.000633115 0.000590643 0.000405797 -2.81676e-05 1.97939e-05 7.44807e-06 0.00078556 -1.51653e-05 1.44412e-05 0.000315602 -0.000222503 -0.000536916 -0.000119708 -0.000580553 -0.000646553 4.34814e-05 0.000645326 -7.56367e-06 4.4834e-05 -0.0003219 -0.000119476 -4.94412e-05 0.000163517 -6.03041e-07 8.27893e-06 -5.92585e-05 0.000601926 1.24414e-05 0.000178585 0.000307534 1.25485e-05 3.42029e-05 0.000613448 0.000187555 4.84716e-05 2.09066e-06 4.93964e-05 8.64956e-05 0.000137806 -4.13124e-05 1.06994e-05 1.15799e-05 1.22647e-06 -1.50682e-05 3.43072e-05 -0.000220906 1.29777e-06 8.01912e-06 -0.000608584 -4.37273e-06 3.86092e-06 -0.000723452 0.000442995 1.43924e-05 5.4658e-05 0.000516097 4.11765e-05 -0.000245111 -3.1985e-06 4.08192e-06 8.57423e-05 -0.000162436 5.85581e-06 4.73399e-05 4.92198e-05 -0.000554254 -0.000189014 0.000635639 2.82309e-05 -0.00066355 8.48466e-05 -0.000397527 -0.000689382 -6.83737e-05 -4.30859e-06 -7.32036e-07 3.30285e-07 1.47711e-05 0.000481788 2.96017e-05 4.21229e-05 3.8157e-05 2.53265e-05 2.47032e-05 0.000653936 0.000308881 -2.06855e-05 0.000103993 -4.18913e-06 5.87485e-05 3.17818e-06 -1.01513e-07 1.24815e-05 1.06716e-06 -0.00056927 -3.00601e-05 -0.000491063 -2.84989e-07 
-0.00531234 -0.00234682 0.00348217 7.89416e-05 -0.000452922 -0.00167253 -4.08409e-05 -0.000252483 -1.51653e-05 0.0765601 0.00052375 0.0394667 0.0127474 0.00278175 -0.00751964 -0.0311364 -0.00206484 -0.00288281 -0.000463183 -0.000101291 -2.46803e-05 -0.0246958 -0.0121889 -0.00500635 0.000172465 0.00177107 0.000507238 -0.00684886 0.000143067 0.00221937 0.000575009 -0.00908363 0.000137018 1.90837e-05 0.00279177 0.000143528 3.84559e-05 0.00075514 -0.00103302 -0.000271966 -0.000348447 -0.00349231 -8.08963e-05 0.00183211 -5.24926e-05 -0.00369934 0.00277369 -0.0230058 -4.76899e-05 -3.07604e-05 0.00827918 -0.000239616 -0.000269078 -0.00142522 -0.000113603 0.000143152 0.00511507 -0.00365406 -8.85799e-05 -0.0175309 -0.000223583 0.00305073 -0.000111851 -0.0115484 0.000321113 -0.000724253 -1.6316e-05 0.00349266 0.0171827 0.0105504 0.00378455 -0.0106097 0.000409275 0.0192703 -0.00133043 -0.00448182 -0.000172672 -0.000144464 -0.000413174 -0.00154875 -0.000376615 0.00142111 -0.000423218 2.93897e-05 -3.35771e-05 -0.000169686 -0.000508878 0.000265538 -0.00212214 0.000296071 -0.000213494 0.000274099 -7.27444e-06 0.00207396 -0.000196453 -9.52108e-06 -0.00218844 -0.00135755 -0.0192219 0.00016826 
-9.50365e-05 -0.000101476 -0.000319445 8.29071e-06 3.04307e-05 2.53042e-05 1.70472e-05 2.98099e-05 1.44412e-05 0.00052375 0.00211952 0.000859576 -0.000368781 -0.000149686 7.30905e-06 -0.00101292 -0.000594458 -5.76598e-06 2.38034e-05 -9.40787e-06 9.31646e-05 -0.000599268 -0.000215817 -0.00010983 -1.28032e-06 4.31512e-05 -0.000117059 -8.93557e-05 6.04831e-05 3.05801e-05 3.55487e-05 -0.000219546 5.30898e-06 8.86293e-05 3.51801e-05 0.000191029 0.000244046 4.98011e-05 0.00020593 0.000219964 1.79926e-05 -3.99061e-05 3.99776e-05 0.000256733 1.23246e-05 -0.00010591 5.41781e-06 -0.000400155 -1.00792e-06 4.98375e-05 -9.18977e-05 -2.51855e-05 4.32407e-05 -0.000128296 4.19294e-06 1.84434e-05 0.000262881 9.71827e-06 6.6606e-06 -0.000505953 1.88479e-05 5.41812e-05 2.52075e-05 -8.71635e-05 0.000136846 0.000133482 0.000226078 -0.000151407 -0.000249204 0.000254805 0.00017553 -7.65303e-05 9.18172e-05 -0.000108158 -0.000347241 -0.000133617 3.42483e-05 6.59506e-07 -2.12584e-05 3.06549e-05 1.93342e-05 0.000412646 0.000151576 3.591e-06 0.000221647 1.79329e-05 2.01459e-06 3.12386e-05 -2.50084e-05 2.50471e-05 3.0476e-07 0.000162688 -5.33984e-07 0.000125425 6.8803e-05 2.47736e-07 -0.000756457 -6.13857e-05 -0.000801894 1.29277e-05 
-0.00141219 -0.00921949 0.00184226 0.00785482 0.00126907 -0.00292725 0.000170782 -0.000274918 0.000315602 0.0394667 0.000859576 0.139389 0.017781 -0.0378311 -0.0120636 -0.0923356 -0.00547752 -0.00799986 0.00658181 0.00251776 -3.65333e-05 -0.0630508 -0.0226096 -0.01152 -8.32662e-05 0.00987394 0.015568 -0.0110411 0.00868599 0.00157518 0.00319864 -0.0103379 0.000139023 2.9265e-05 0.0183138 0.00134132 8.63509e-05 0.00111558 -0.00168861 -0.000228684 -0.000232051 -0.00921155 -0.000161457 0.00522725 0.000538682 -0.00789928 0.00352873 -0.0404072 0.000947975 0.000287399 0.00531354 -0.00230156 0.000678394 -0.0106487 0.00787259 0.000539257 0.0198051 0.011705 0.000213047 0.00803288 -0.000695876 0.00677177 0.00189399 -0.0103683 0.00114873 -0.00119812 0.00105867 0.00534403 0.0410372 0.0331521 0.00645773 -0.0367269 0.0019694 0.0264288 -0.0125751 -0.00872249 -0.000800845 -0.000296666 -0.00152819 -0.00340119 0.00437276 0.00432347 -0.000857236 0.000100177 -0.000230587 -0.00127432 0.00751009 0.001663 -0.00441902 0.00107258 -0.00162046 0.00212771 -3.6952e-05 0.00237773 -0.000349562 -2.41093e-05 -0.00444138 -0.00733794 -0.0315153 -0.00205524 
-0.00386041 -0.00579055 0.0226367 -0.00330274 -0.00172365 -0.0184495 8.30792e-05 -0.00166136 -0.000222503 0.0127474 -0.000368781 0.017781 0.17541 0.0166026 -0.0324888 -0.00193858 0.0231145 -0.0138785 -0.00491874 -0.00359027 -0.00028502 -0.0400829 -0.0573558 -0.0130536 -0.00211156 0.00634557 -0.0126833 -0.0115661 -0.00811894 -0.00662755 -0.000551269 0.0154285 -0.000401356 -0.000333988 -0.00176692 -0.000513679 -0.000358021 -0.000703706 -0.00036147 -0.00340371 -0.000594745 -0.0219525 -0.000610388 -0.00337793 -0.000295934 -0.0117599 -0.00139394 -0.0449254 -0.000358592 -0.000818524 0.0304354 -0.000753874 -0.00255599 0.0102628 -0.00734911 -0.00061551 -0.0136967 -0.0379161 -0.00157595 0.0127201 -0.00466005 -0.000161697 -0.00222757 -0.0321065 -0.00407385 -0.00782418 -0.00129919 0.00188163 0.03957 -0.00459515 -0.00422083 0.0041819 -0.00101996 0.071041 0.0100943 -0.00908132 -0.00137658 -0.000707495 -0.00481178 -0.0117995 -0.00186882 -0.00167793 -0.00166906 -5.85482e-05 -0.0013409 -0.00632468 -0.00181298 -0.00226927 -0.00185602 -0.000223732 -0.00677794 -0.00115877 -0.000218009 -0.000454724 -0.000495352 -0.000129461 0.0435996 -0.00529657 0.0131659 -0.000479355 
-0.00630526 -0.0163947 0.00494615 -0.00753803 -0.00304758 0.00443179 -0.000475332 -0.0012111 -0.000536916 0.00278175 -0.000149686 -0.0378311 0.0166026 0.210864 -0.0682026 0.00440413 0.00972132 0.00358617 -0.0072582 -0.00494187 -0.000178538 0.0258967 -0.0229575 -0.00418223 -0.00414328 -0.017549 -0.00676354 -0.00130934 -0.00964338 -0.0132686 -0.00297424 -0.0401001 -0.000724087 -0.000324474 -0.00922103 -0.00248523 -0.000312241 -0.000798304 -0.000340401 0.00143827 -0.00246291 0.000815843 -2.88356e-05 0.00075071 -0.000590089 0.00209248 -0.00143863 -0.0113555 -0.00125504 -0.000474844 0.0569422 0.0014271 -0.000479654 0.0133221 -0.0101571 -0.000593547 -0.0158315 -0.0603125 -0.000924478 -0.0269679 -0.00383905 -0.00547663 -0.00292382 0.0352009 -0.00211252 -0.000747593 -0.002535 0.0223403 -0.0461955 -0.0282083 -0.00393135 0.0361917 -0.00199845 0.0262396 0.0168161 -0.031471 0.00120751 0.000147611 -0.00220637 0.00361748 -0.00492481 -0.00146905 -0.00116334 -0.000289706 -0.000338237 -0.00613017 -0.01064 -0.00305856 0.00803063 -0.00179278 -0.000388646 -0.00370553 -5.18466e-05 0.000991149 -0.000777497 -2.15903e-05 0.0192249 0.00880988 0.0489361 0.00266007 
-0.015804 0.000186082 -0.00810856 -0.00124347 -0.000366767 0.00269871 0.000172584 0.00135141 -0.000119708 -0.00751964 7.30905e-06 -0.0120636 -0.0324888 -0.0682026 0.13302 0.0278415 -0.00439763 0.00933765 -0.00127971 0.00183582 -1.33796e-06 0.0248544 0.0378848 0.00664732 -0.000936994 0.00300878 -0.00153384 0.00804712 -0.000116218 0.0104321 -1.71242e-05 0.0212999 0.000200186 -4.28322e-05 -0.00517433 -5.44307e-05 -0.000131007 0.000691512 -0.00101752 -0.00120583 0.000300772 0.00870982 -0.000119705 -0.00532063 -0.000265826 6.81945e-05 -0.000597863 0.0359651 -8.66474e-05 -0.000174418 -0.0594024 -0.00203474 -0.000946078 -0.000686286 -0.00162105 5.91582e-05 -0.00273269 0.0308916 -0.000328104 0.0219207 0.00516864 0.00158174 -0.000249092 -0.0109454 0.000167336 0.00282308 -0.000384142 -0.0209429 -0.0151851 0.00302611 -0.00117041 -0.00482262 0.000620346 -0.0517792 -0.000232626 0.030338 -0.000116731 2.72692e-05 0.000859152 0.00251698 -0.000787213 -0.00215406 -0.000800956 -4.69922e-05 -0.00120901 0.00286959 -0.00228799 -0.000614292 -0.00356178 -0.000333707 -0.00165162 8.17717e-05 -1.4942e-05 -0.000653529 0.000367038 1.13085e-05 -0.0410538 -0.00275681 -0.036319 -0.00167399 
-0.03029 0.0176102 0.00716925 -0.00740102 -0.0033411 -0.00483791 -2.20218e-05 -9.24107e-06 -0.000580553 -0.0311364 -0.00101292 -0.0923356 -0.00193858 0.00440413 0.0278415 0.189874 0.0140098 0.0046895 -0.00736953 0.000445223 -0.000191861 0.0356115 0.0297237 0.00634552 -0.00487411 -0.0128208 -0.0459402 0.0032035 -0.0108748 -0.0030483 -0.00345837 0.0170316 -0.000493827 -0.000308983 -0.0229925 -0.00193168 -0.000808264 -0.00144312 0.000480698 -0.00295844 -0.000294556 0.007033 -0.000221201 -0.00296093 -0.00166017 0.00216038 -0.00477718 0.0240521 -0.00117632 -0.000566331 -0.0122894 -0.000669591 -0.00367615 0.0131991 -0.00967952 -0.000657261 -0.0234807 -0.0105552 -0.00175273 0.0123925 0.00106024 -0.0061543 -0.0023581 -0.0229951 -0.00292689 -0.0006029 -0.000806059 -0.00313748 -0.00783282 -0.033361 -0.0088748 0.0317561 -0.00380953 -0.00194311 0.0106442 0.0140014 0.000536956 0.000197889 0.000361607 0.00186953 -0.00583324 -0.00938742 -0.00071966 -0.000243628 -0.000962315 7.4521e-05 -0.00893413 -0.00307954 -0.0015021 -0.00152374 -0.00217786 -0.00235161 -4.65305e-05 -0.00400574 3.72878e-05 -2.39461e-05 0.0041323 0.00211292 0.0169295 0.00143928 
-0.00128208 0.00349006 0.0420204 -0.00743002 -0.00524772 -0.016898 -8.52124e-05 -0.00179186 -0.000646553 -0.00206484 -0.000594458 -0.00547752 0.0231145 0.00972132 -0.00439763 0.0140098 0.104928 -0.0226769 -0.00820525 -0.0052911 -0.00024629 -0.0251894 -0.00967207 -0.00594225 -0.00386257 -0.000741792 -0.0117635 -0.00599196 -0.0139482 -0.00313746 -0.000794061 -0.0116469 -0.000479996 -0.000416603 -0.0106771 -0.00168651 -0.000438305 -0.00163673 -0.00679634 -0.00347085 -0.00343504 -0.00301275 -0.000199481 0.000720499 -0.000238977 -0.0199694 -0.00254755 -0.0142806 -0.00021821 -0.00117984 0.0452606 -0.00414338 -0.00196115 0.0130715 -0.0126613 -0.000764118 -0.00835959 -0.017801 -0.00204779 -0.00993802 -0.00657783 -0.00310559 -0.00195997 0.0053116 -0.00227335 -0.00397513 -0.00024632 0.00650621 0.0182911 -0.0172042 -0.00875407 0.00713261 -0.00533938 0.0308609 0.00785368 -0.00412441 -0.00160444 -0.000979779 -0.000464116 -0.00728254 -0.00401535 -0.00516232 -0.00438442 -0.000215016 -0.00304658 -0.00795369 -0.0108934 -0.00402269 0.00132676 -0.00194576 -0.000634313 -0.00062807 -0.000156562 -0.00172065 -0.000528365 -6.88506e-05 0.0446661 0.00211621 0.0318277 0.000423762 
-0.00547469 0.000171912 -0.0237301 -0.000357412 0.000381497 0.00733086 -8.1168e-05 0.00156796 4.34814e-05 -0.00288281 -5.76598e-06 -0.00799986 -0.0138785 0.00358617 0.00933765 0.0046895 -0.0226769 0.0483878 0.000236599 0.00117117 1.04672e-05 0.0249886 0.0164614 -0.00307828 0.000677137 -0.000998395 0.00597296 0.0110447 0.000855768 -0.00152179 -0.000248097 -0.0002209 -3.89329e-05 -1.77574e-05 -0.00163564 -0.000219178 -6.58012e-05 -4.49347e-05 -0.000355581 0.000500705 0.000559804 -0.0021135 -1.71632e-05 -0.00263976 1.84071e-05 0.00973412 0.000433468 0.0247003 -6.86141e-05 6.12786e-05 -0.0207685 -0.000567534 0.00237447 -0.00292098 -0.000728119 9.36736e-05 -0.00168602 0.00326111 0.000775702 0.0131866 0.0039017 -0.000361901 -9.4617e-05 -0.00161945 0.000155743 0.00147808 -0.000275525 -0.00717301 -0.0190738 0.000699373 0.00152685 0.0036361 0.000603734 -0.0257787 0.00165483 0.00564668 0.000179822 0.000635372 -0.000251294 0.00185899 -0.000219284 -0.000195038 0.00104191 0.000105501 -6.68132e-06 9.68638e-05 0.00172659 0.00139445 -0.000489839 0.000536381 -0.000346117 -0.000125406 3.87571e-05 -0.000154639 1.04527e-05 2.72213e-05 -0.0250683 -0.00201811 -0.0187452 -0.00053118 
-0.00116829 -0.000424752 -0.00903132 0.00639958 0.00310666 -3.12847e-05 -4.81517e-06 0.000209365 0.000645326 -0.000463183 2.38034e-05 0.00658181 -0.00491874 -0.0072582 -0.00127971 -0.00736953 -0.00820525 0.000236599 0.0107864 0.000482295 3.56171e-06 -0.00388376 -0.00122073 -0.000831182 0.00162223 -0.000103459 0.00278923 -0.000805667 0.00720894 -4.16045e-05 0.000591024 0.00164329 4.61767e-05 1.42199e-05 0.00724482 0.000674235 4.24952e-07 0.000122518 -0.000115355 0.000478377 0.000647475 -0.000419004 4.06986e-06 -0.000657048 8.85688e-06 -2.48961e-05 0.000407033 -0.00285056 0.000237838 7.17089e-05 -0.00759562 0.000115953 0.000250551 -0.00890254 0.00734446 0.000230569 0.00549467 0.00834045 0.00069532 0.00151531 0.000275982 0.00137456 0.00187341 -0.00122403 -9.7887e-05 -0.000144141 3.97745e-05 -0.00236339 -0.000606092 0.00845123 0.00193571 -0.00905455 0.00206887 -0.00549931 -0.00683685 -0.000974845 -3.55879e-05 -1.27661e-05 0.000421201 0.000370053 0.00394079 1.94818e-06 0.000261725 0.000151589 2.94935e-05 0.00139573 0.00760132 0.00206425 -0.000322442 0.000571546 -5.75189e-05 0.000492451 2.00861e-05 2.78645e-05 2.89366e-05 4.31578e-06 -0.0076627 -0.000483934 -0.00656028 -0.00013513 
9.04148e-05 -0.00056373 -0.00347269 0.000513926 1.13725e-05 0.00184355 1.54372e-06 7.65512e-05 -7.56367e-06 -0.000101291 -9.40787e-06 0.00251776 -0.00359027 -0.00494187 0.00183582 0.000445223 -0.0052911 0.00117117 0.000482295 0.0156432 7.31557e-07 0.000276579 0.000325561 0.000273792 -0.000124306 -0.000324801 0.000485561 -0.000408716 0.000393571 0.000666376 -2.01249e-05 -0.000859046 2.11935e-05 4.23505e-05 0.000107462 -4.40725e-05 -2.2807e-05 -2.63937e-05 -2.96086e-05 -7.87731e-05 0.000265845 -0.000787697 -1.42464e-05 -0.000827538 8.86131e-05 0.000781998 8.17753e-05 0.00365056 -1.38498e-05 5.23581e-05 -0.00620964 -0.000260204 -3.47834e-05 -0.000862886 0.00119922 7.4329e-06 0.000835732 0.00249582 -2.63832e-05 0.00142601 -7.8574e-05 -5.55536e-05 0.000318091 0.00136814 -2.8521e-05 -0.000122328 -7.41099e-05 9.00929e-05 -0.00227352 0.000978357 0.000141002 -0.000525 0.000157439 -0.00240138 -0.000210071 0.00105084 -3.80162e-05 1.83807e-05 -0.000141466 -0.000148316 -2.19821e-05 -9.51686e-05 3.55985e-05 -5.78488e-06 0.000744558 0.00206295 2.11544e-05 -4.41116e-05 -0.000315604 -1.03452e-06 5.95795e-05 -6.66625e-07 1.04722e-05 0.000160418 -2.26311e-05 -8.68535e-07 -0.00324709 -0.000530216 -0.00582806 -0.000164608 
-3.65612e-05 -5.36097e-07 -0.000274215 -1.57603e-06 5.39811e-05 1.7979e-05 2.58852e-05 3.75394e-05 4.4834e-05 -2.46803e-05 9.31646e-05 -3.65333e-05 -0.00028502 -0.000178538 -1.33796e-06 -0.000191861 -0.00024629 1.04672e-05 3.56171e-06 7.31557e-07 0.000408855 -8.95085e-05 6.32988e-07 4.13205e-06 4.87589e-05 -8.97046e-06 -6.77818e-06 5.8247e-06 2.54546e-05 -1.90039e-06 7.23219e-05 6.20081e-06 5.49069e-06 0.000114604 4.53294e-05 0.000201894 0.000204826 8.26925e-06 0.000208536 0.000170738 6.85976e-05 2.85329e-05 4.32936e-05 0.000159568 4.54389e-06 3.1828e-05 4.33935e-05 -7.86454e-05 1.13913e-05 1.86889e-05 -0.000226922 2.45546e-05 1.0518e-05 -0.000210786 1.37999e-05 5.96829e-05 -3.35636e-06 -3.89589e-05 3.91716e-05 -0.000217623 2.99143e-06 1.4229e-05 1.31543e-05 -4.53044e-05 9.29716e-05 0.000176158 0.00020946 -0.000286562 -0.000127925 -2.79062e-06 -7.09316e-06 -0.000132739 1.36801e-05 -0.000205938 -0.000322027 -2.41904e-05 3.54727e-06 1.9445e-07 1.11631e-05 3.12032e-05 2.56936e-05 0.000129013 0.000202363 7.17664e-06 2.9087e-05 2.72457e-05 1.7281e-05 4.79832e-05 1.27816e-05 2.42347e-05 1.27221e-06 0.000152281 3.08722e-06 2.47328e-05 7.98627e-05 4.83044e-06 -0.000239576 7.63899e-07 -0.000181476 1.99891e-07 
0.00643281 -0.0114903 -0.0267235 -0.00465379 -0.000656003 0.015596 -0.000295032 0.0012402 -0.0003219 -0.0246958 -0.000599268 -0.0630508 -0.0400829 0.0258967 0.0248544 0.0356115 -0.0251894 0.0249886 -0.00388376 0.000276579 -8.95085e-05 0.244615 0.028981 0.025052 -0.00251474 -0.00329655 0.0113349 0.023436 -0.00235835 -0.00478595 -0.00211269 -0.0199089 -0.000221947 -8.69061e-05 -0.00815785 -0.00145048 -0.000329303 -0.000358315 -0.000138013 0.00127199 0.00119961 0.0030667 -0.000120597 -0.0163889 -0.00039501 0.0225669 -0.000997626 0.111999 -0.000754282 6.25049e-05 -0.0625944 -0.00186066 -0.000219705 0.0049488 -0.0041383 -0.000202118 -0.016965 -0.00143223 -0.000306967 0.00823287 0.00514424 -0.00340271 -0.00147555 0.0395456 -0.00191179 0.0052214 -0.00096639 -0.0154767 -0.148601 -0.0118046 -0.000213759 0.0346581 0.000392866 -0.123581 0.0160026 0.0233536 0.0013545 0.000728422 -0.00208549 0.00413945 -0.00328011 -0.00310657 0.000708642 -0.000105865 -0.000547835 0.0031999 -0.00299293 -0.000980318 0.0047263 -0.000219641 0.00303012 -0.00304385 -7.09757e-06 -0.0033639 -0.000425139 2.28562e-05 -0.0430752 -0.00330543 -0.0339737 -0.00211884 
-0.0194749 0.00584939 -0.0139901 -0.00160116 -0.00103308 0.00754111 -0.000170756 0.00152751 -0.000119476 -0.0121889 -0.000215817 -0.0226096 -0.0573558 -0.0229575 0.0378848 0.0297237 -0.00967207 0.0164614 -0.00122073 0.000325561 6.32988e-07 0.028981 0.129455 0.00559673 -0.000178541 -0.00216545 -0.00373367 0.0246168 -0.00161319 0.00417184 -0.000579867 -0.00167043 7.65244e-05 4.69453e-06 -0.00514323 -0.00050914 -0.000219432 -0.000246457 -9.33892e-05 -0.000497393 -0.000100894 0.00103046 0.000104014 0.00362494 -0.000191188 0.0100164 -0.000912148 0.0625621 -0.00013289 -0.000204927 -0.0481552 -0.00254391 0.000853227 0.000796729 -0.000647799 4.50639e-05 -0.00508425 0.0317705 -0.000202386 0.0186158 0.00535659 -0.00128499 -0.000563854 -0.00533342 0.0021879 0.000849841 -0.000642789 -0.00730792 -0.0387 -0.00512703 -0.0013217 0.00486848 -0.000829782 -0.055671 -0.00457946 0.0134242 0.00025919 0.000859942 0.000851972 -0.000786833 -0.00110738 -0.00202061 -0.000425265 -5.1645e-05 -0.00155459 0.00632426 -0.00238684 -0.000272022 -0.0037497 0.000263522 -0.00192416 -0.000825626 1.0341e-06 -0.00107419 0.000491848 7.0973e-05 -0.0482356 -0.00234392 -0.0308207 -0.00106898 
-0.00573014 -0.00504573 0.00313763 -0.000835196 -0.00023026 -0.00163762 2.00909e-05 -0.000105619 -4.94412e-05 -0.00500635 -0.00010983 -0.01152 -0.0130536 -0.00418223 0.00664732 0.00634552 -0.00594225 -0.00307828 -0.000831182 0.000273792 4.13205e-06 0.025052 0.00559673 0.0715669 -0.000407581 0.00608286 -0.00521427 0.0158066 -0.000273444 0.00800234 -0.000344349 -0.00767578 0.0003031 -3.17068e-05 -0.00208883 0.000265937 8.96943e-05 -6.14006e-05 0.00562138 -0.000640149 -0.000242502 0.000296711 1.35157e-05 -0.00269514 5.32159e-05 -0.000735513 -3.25853e-05 0.0319878 -0.000159077 -0.000101339 -0.0270256 0.000113234 -0.000571881 0.000245086 -0.00142566 -7.13189e-05 -0.00323548 -0.000604737 -0.000197187 -0.0298444 -0.000265773 -0.000224706 -0.000292605 -0.00923961 -0.000165104 0.00118851 -0.000224612 -0.0121697 -0.0266046 -0.001824 -0.0015947 0.00679461 -0.000320264 0.000443665 -0.00415752 0.0154993 0.000133449 -9.17934e-05 -0.000366517 -0.000360107 -0.000567685 0.000204945 0.000868733 -1.66783e-05 0.000421147 0.000221735 -0.00160344 -0.000461134 -0.00164849 -0.000217007 0.00121104 -0.00046327 -1.49458e-05 -0.000251354 0.000937526 2.09974e-05 -0.00710726 0.00390423 -0.011328 0.00324303 
-0.00115121 6.03815e-05 -0.00415575 0.000547761 0.00135232 -0.000340169 7.12054e-06 0.000215511 0.000163517 0.000172465 -1.28032e-06 -8.32662e-05 -0.00211156 -0.00414328 -0.000936994 -0.00487411 -0.00386257 0.000677137 0.00162223 -0.000124306 4.87589e-05 -0.00251474 -0.000178541 -0.000407581 0.0143932 0.00113223 0.000447709 -0.00107416 0.00191261 0.00308283 0.000360563 0.00202255 0.000132743 7.73301e-05 0.000452975 2.59939e-05 -6.02752e-06 9.86546e-05 -9.06551e-05 8.99277e-05 0.000899356 -0.000331716 1.74283e-05 -0.000558989 -1.63782e-05 0.000857922 0.000846912 -0.00187811 0.000121515 0.000112114 -0.00431943 0.00162129 0.00111188 -0.00388612 0.00191238 9.34245e-05 0.00323264 0.00552464 0.0015519 -0.0014634 -8.04738e-05 0.000428593 1.71077e-06 -0.00151775 8.22069e-05 -8.18507e-05 -3.30524e-05 -0.00283772 -1.24328e-05 0.00253829 0.000624905 -0.010131 0.000428739 -0.00229732 -0.00273562 -0.000694895 0.000247383 0.000147375 0.00028588 0.000305671 0.000770248 5.99234e-05 0.0011045 0.000257425 -0.000101006 0.00237029 0.0030712 0.00273083 0.00044201 0.00167499 0.00018611 0.000500942 5.48507e-05 2.08876e-05 -4.09981e-06 7.04133e-06 -0.00375262 -8.78197e-05 -0.0024875 2.36021e-05 
-0.00179105 -0.00251962 0.00216138 -2.02544e-06 -0.000198567 -0.00123651 1.4826e-05 -0.000115526 -6.03041e-07 0.00177107 4.31512e-05 0.00987394 0.00634557 -0.017549 0.00300878 -0.0128208 -0.000741792 -0.000998395 -0.000103459 -0.000324801 -8.97046e-06 -0.00329655 -0.00216545 0.00608286 0.00113223 0.0405404 -0.00274781 0.00661047 0.000849548 0.00134033 0.000920035 -0.00257076 0.000567622 1.09145e-05 0.000520625 0.000442724 -2.85106e-05 0.000443843 2.58157e-06 -0.000350719 -0.000187081 -0.00240766 -1.98911e-05 -0.000682733 0.000133301 -0.00203445 3.00836e-05 0.00286876 2.07708e-05 -7.88099e-05 -0.0102093 -1.49976e-05 0.000460181 -0.00167224 -0.000385377 1.94547e-05 0.000311313 0.00198001 -3.78417e-05 -0.0102965 -0.000356525 0.00154208 -0.000119991 -0.00844275 -3.30711e-05 -0.000267197 0.000146129 -0.00581856 0.00317382 0.00449145 0.000347928 -0.00255267 0.000486707 0.00313917 -0.00446692 0.00043508 -0.000140066 -1.91827e-05 -0.000264466 -0.000827015 0.000347113 0.00117165 -0.000138768 5.43111e-05 0.000597091 -0.000617761 -0.000180469 0.000742707 -0.00104681 0.00017074 -0.000334164 0.000256395 -5.66618e-06 -0.000196391 -2.30169e-06 -4.62714e-06 0.00298213 -0.000715092 -0.00406338 -0.000379619 
0.0177734 -0.00627319 -0.0169895 0.0027773 0.000903084 0.00490783 -0.00010793 0.00100965 8.27893e-06 0.000507238 -0.000117059 0.015568 -0.0126833 -0.00676354 -0.00153384 -0.0459402 -0.0117635 0.00597296 0.00278923 0.000485561 -6.77818e-06 0.0113349 -0.00373367 -0.00521427 0.000447709 -0.00274781 0.0917735 0.00110217 0.00401572 -0.00433933 0.00159735 -0.00296427 -6.12927e-05 1.41126e-05 0.0060563 0.000267679 -1.74776e-05 0.000481621 -0.00107554 0.000580621 0.000589835 -0.00293316 7.92973e-05 -0.00254499 0.0010876 0.00556536 0.00132952 0.00460645 0.000610788 3.07473e-05 -0.00489799 -0.00166108 0.000530094 -0.00585316 0.0027116 0.000480287 0.00548836 0.00498906 0.000254858 0.00153512 -0.000100304 0.00230991 0.00089862 0.0122562 0.00235527 0.000264057 -0.000554775 -0.0017433 -0.0155579 0.00790574 0.00189814 -0.0135119 0.000338894 -0.0346603 -0.00241274 -0.000342428 -0.000398548 -2.54961e-05 -0.000181229 -0.000118778 0.00198877 0.000867588 -0.000328874 5.38721e-06 -0.0001624 0.00195182 0.00472643 -7.94867e-05 -2.80094e-05 0.000376643 0.000359371 0.00110532 -1.04346e-05 0.000643532 -0.000233368 -2.35069e-06 -0.00954449 -0.00443836 -0.014681 -0.00117568 
-0.0129062 0.000577988 -0.00912833 -0.000781113 -0.000586525 0.00336877 4.94765e-06 0.000197269 -5.92585e-05 -0.00684886 -8.93557e-05 -0.0110411 -0.0115661 -0.00130934 0.00804712 0.0032035 -0.00599196 0.0110447 -0.000805667 -0.000408716 5.8247e-06 0.023436 0.0246168 0.0158066 -0.00107416 0.00661047 0.00110217 0.0828053 -5.42028e-05 -0.00118862 -0.000272002 -0.00977754 0.000134874 -3.95992e-05 -0.00209281 0.000207424 1.10693e-05 7.0183e-05 0.00180382 0.000358753 -0.00024854 -0.00368168 0.000258253 -0.0001401 -0.00019498 0.00354469 -0.000620195 0.0305702 -0.000128334 -0.000166494 -0.022752 -0.000341591 0.000183007 0.000559254 -0.00156867 -2.21859e-05 -0.00403327 -0.00250009 -0.000125815 0.00155786 0.00158554 -0.000271737 -0.00037554 -0.009161 0.00188578 0.000704477 -0.000358486 -0.010643 -0.0313702 -0.00096297 -0.0011338 0.00840107 -0.000232232 -0.0246416 -0.00732012 -0.00382409 0.000150381 0.000387234 2.79505e-05 -0.000143653 -0.000680082 -0.00035027 0.000401689 -1.43812e-05 0.000328129 -0.00127955 -0.00130575 -0.000498467 -0.00134824 -0.00033978 -0.00101183 -0.00064658 -2.29552e-05 -0.000288849 0.000703158 5.75643e-05 -0.0118846 -0.00374939 -0.00788546 -0.000429778 
-0.00184576 -0.00162059 -0.00941682 0.0067051 0.0033002 0.00190161 9.3008e-06 0.000403161 0.000601926 0.000143067 6.04831e-05 0.00868599 -0.00811894 -0.00964338 -0.000116218 -0.0108748 -0.0139482 0.000855768 0.00720894 0.000393571 2.54546e-05 -0.00235835 -0.00161319 -0.000273444 0.00191261 0.000849548 0.00401572 -5.42028e-05 0.0186562 -0.000126135 0.00146165 0.00148375 0.000398486 7.36082e-05 0.00806234 0.000823245 -1.01164e-05 0.00109839 -0.000114849 0.000593604 0.00128439 -0.000969677 -1.6274e-06 -0.000489621 7.24561e-05 0.00151095 0.0014008 -0.00261155 0.000150503 0.000532526 -0.0134021 5.9227e-05 0.000453181 -0.00983715 0.0078019 0.000237363 0.00589317 0.00905233 0.00130785 -0.000900579 0.000548556 0.00201403 0.00169042 -0.002473 0.000153815 0.000976888 -0.000100072 -0.00234519 -0.00292076 0.0116565 0.0028142 -0.0095021 0.0019923 -0.0081797 -0.00697445 -0.0004946 -7.54372e-05 6.2565e-06 0.000114186 0.00102075 0.0040258 0.00100197 0.00062049 0.000159065 0.000366482 0.00037624 0.00888643 0.00309793 -0.000558838 0.000833006 4.20237e-05 0.000787508 5.72733e-05 0.000243187 -1.41523e-05 1.54268e-05 -0.0109554 -0.000523188 -0.00929897 -0.000218087 
-0.00259289 -0.00407374 0.000557824 0.000571014 0.000607111 -0.00092097 8.40748e-05 -0.0001029 1.24414e-05 0.00221937 3.05801e-05 0.00157518 -0.00662755 -0.0132686 0.0104321 -0.0030483 -0.00313746 -0.00152179 -4.16045e-05 0.000666376 -1.90039e-06 -0.00478595 0.00417184 0.00800234 0.00308283 0.00134033 -0.00433933 -0.00118862 -0.000126135 0.0544664 0.000571624 0.00919708 0.000588485 1.47009e-05 -0.00154353 0.000351078 -5.98588e-05 7.52765e-05 0.00126517 -0.000529818 0.000368643 0.000387458 -3.92486e-05 -0.00283887 -0.000105612 -0.00158443 -0.000253294 0.0083825 8.59323e-05 0.000430682 -0.0224614 0.00162337 -0.000402585 -0.00153132 0.00170893 -6.06155e-05 0.00311936 0.00704425 2.89996e-07 -0.00720332 0.000127863 0.00104753 9.45555e-05 -0.00605125 -0.00045311 -0.000517796 -0.000360229 -0.00709498 0.00219017 0.00582101 0.000481477 -0.0113046 -0.000203554 -0.00419942 0.000490647 0.00455415 3.47756e-05 -6.47394e-05 -0.00024231 0.000331758 0.00021859 0.00044872 0.000214922 0.000111888 -0.000158665 0.00406039 -0.000828551 0.000304598 -0.00150621 0.000738522 0.000710957 -0.000182209 3.77018e-05 -0.000179267 -5.0842e-05 1.05539e-05 -0.0194516 0.00606502 -0.0134022 -0.000487345 
0.000106326 -0.000277744 -0.000648843 0.000942081 0.000395493 -4.28247e-05 6.64517e-05 2.93326e-05 0.000178585 0.000575009 3.55487e-05 0.00319864 -0.000551269 -0.00297424 -1.71242e-05 -0.00345837 -0.000794061 -0.000248097 0.000591024 -2.01249e-05 7.23219e-05 -0.00211269 -0.000579867 -0.000344349 0.000360563 0.000920035 0.00159735 -0.000272002 0.00146165 0.000571624 0.0051086 -0.000407219 0.000171891 0.000121849 0.000921535 0.000734444 0.000112364 0.000254856 5.68235e-05 0.000125789 0.000133601 -0.000285288 2.48109e-05 0.00019833 9.22685e-05 -0.00019831 0.000136905 -0.00133264 0.000477203 6.06432e-05 -0.00150452 1.26492e-05 0.00014866 -0.00260982 0.000602048 8.77823e-05 0.00105875 0.00155735 1.70727e-05 -0.000833481 -4.75131e-05 0.000207989 5.99311e-05 0.000126011 6.25657e-05 0.000122633 0.000294638 -0.00133839 0.000769385 0.00217149 0.000277578 -0.00349025 4.07288e-05 -0.000172014 -0.00265277 -0.000332306 -2.37085e-05 7.02775e-06 3.87637e-05 -6.25438e-05 0.00166891 7.45425e-05 4.29842e-05 2.38033e-05 0.00030866 3.3749e-05 0.00085652 0.000167957 -0.000134844 0.000169861 6.03199e-05 0.000203901 2.35522e-05 7.17809e-05 1.50936e-05 5.19832e-06 -0.00106727 -0.000164116 -0.00216887 -5.6327e-05 
-0.00566205 -0.00196297 -0.0118297 -0.000205227 0.00382946 -0.00514502 6.52871e-05 5.36095e-05 0.000307534 -0.00908363 -0.000219546 -0.0103379 0.0154285 -0.0401001 0.0212999 0.0170316 -0.0116469 -0.0002209 0.00164329 -0.000859046 6.20081e-06 -0.0199089 -0.00167043 -0.00767578 0.00202255 -0.00257076 -0.00296427 -0.00977754 0.00148375 0.00919708 -0.000407219 0.128395 -2.07183e-05 -1.00606e-05 -0.000548849 0.000572849 -0.000149365 -0.000386479 0.00253289 -0.00090118 0.00254992 -0.00210987 -0.000116676 -0.0048958 -0.000378144 0.00834102 -0.000356425 -0.0213229 0.000361651 0.000495544 -0.0205465 0.00183654 0.000166824 -0.00094564 0.00375996 -8.07002e-05 -0.000223639 0.00426514 0.000640838 0.0172635 0.000487972 -0.00102468 0.000134059 -0.0270449 -0.00121492 -0.00212879 -0.000282078 -0.0188219 0.0425863 -0.00341735 -0.00162764 -0.0169453 -4.77144e-05 0.000359729 -0.00526505 0.00298185 -0.000618457 -6.30522e-05 -0.000228961 0.000600367 0.000720602 -0.00105489 0.00198542 0.000104707 -0.000721731 0.00335764 0.00523846 0.000896634 -0.00429571 0.00135487 -0.000948904 -0.000988851 1.42441e-05 -0.000404617 0.000288149 -6.15972e-06 -0.0214384 -0.00255547 0.00348175 -0.0017564 
-3.67666e-05 -7.85836e-05 -8.63228e-05 0.00011735 5.6192e-05 -1.71537e-05 1.1737e-05 2.47997e-06 1.25485e-05 0.000137018 5.30898e-06 0.000139023 -0.000401356 -0.000724087 0.000200186 -0.000493827 -0.000479996 -3.89329e-05 4.61767e-05 2.11935e-05 5.49069e-06 -0.000221947 7.65244e-05 0.0003031 0.000132743 0.000567622 -6.12927e-05 0.000134874 0.000398486 0.000588485 0.000171891 -2.07183e-05 0.00140619 8.46471e-06 0.000141481 6.83098e-05 4.9248e-06 0.000169444 4.1793e-05 -8.46037e-06 2.76444e-05 3.14306e-06 3.33332e-07 -3.03432e-05 4.02577e-06 -1.11884e-05 3.45353e-05 0.000259136 1.5627e-05 8.93776e-06 -0.000725535 0.000103004 4.32405e-05 -0.000416965 8.58083e-05 -3.21039e-07 4.96912e-05 6.82393e-05 2.3666e-05 -0.000715096 -1.19418e-05 5.96312e-05 2.47434e-05 -0.000203092 1.84936e-05 6.5474e-05 5.74426e-06 -0.000505145 1.03324e-05 0.000275564 7.92032e-05 -0.000434717 3.49276e-05 -0.000270656 -0.000439994 2.89617e-05 -2.58408e-06 3.41584e-07 1.3264e-06 -2.04325e-05 0.000168754 3.34691e-05 7.36154e-05 1.68125e-05 4.83926e-05 0.000163343 9.80717e-05 0.000146849 -3.17576e-05 8.99116e-05 2.56515e-05 2.15914e-05 -2.22705e-07 -1.35062e-05 7.1291e-07 1.71115e-06 -0.000342292 0.000184308 -0.000517954 -1.0824e-05 
