0.196487 -0.000146182 -0.00128696 -0.017937 0.00533056 -0.0023439 0.00150933 -0.00928039 0.0426339 -0.00397028 0.00271511 -0.0114388 -0.0201972 0.0243 0.000376294 -0.00789658 -0.0256955 -0.0125427 -0.00568118 0.0027136 -0.0103986 -0.00117712 -0.0398105 -0.0150229 0.0240395 -0.0327508 -0.0546813 -0.0143247 -0.027478 -0.0156917 0.00439593 -0.0162734 -0.0402264 -0.0466474 -0.00631985 -0.00848538 0.00307341 -0.0176012 -0.00333575 0.0118896 -0.00482079 -0.0267676 0.00148983 -0.0111355 -0.0129484 -0.0170854 0.0230371 -0.00871187 -0.00556129 0.0115536 0.00538065 -0.00562885 0.00341955 0.000249505 -0.00613054 -0.0206612 0.00196666 0.0928306 -0.022988 -0.00572894 0.0220816 0.0160667 0.0204639 -0.0215102 -0.0045928 -0.00886881 -0.0227589 -0.0049992 0.0479062 -0.00235517 0.00482349 0.0696461 0.0400482 0.0809995 -0.0267585 -0.0107262 0.0104823 0.00118602 -0.0238052 -0.016075 -0.0696829 -0.000272392 -0.0217546 0.0132962 -0.0132936 -0.0115718 -0.00306115 0.0466377 0.0810831 0.00285164 0.0122694 0.00563171 -0.0093221 -0.000548233 -0.0224292 -0.00107939 -0.0404585 0.00135325 -0.000255095 0.0167701 
-0.000146182 0.00131959 0.000126847 4.31764e-05 0.000330669 -5.02233e-06 9.00804e-06 3.64301e-05 -0.00020941 -2.77803e-05 -4.48167e-06 0.000295812 -8.75133e-05 0.000120604 -9.55337e-06 0.000112368 0.000404083 -7.74043e-05 2.3058e-05 -1.28796e-05 -4.54541e-05 2.17211e-05 0.000285414 -5.57277e-05 -0.000130143 0.000185639 -0.000304876 -9.30488e-05 -6.19906e-05 3.29544e-05 9.2286e-05 -8.85927e-05 -0.000299628 -0.000220816 5.37334e-06 -2.35223e-05 -0.000150748 -0.000140407 2.00645e-05 -4.81099e-05 0.000155474 0.000516949 -2.13066e-06 -3.14871e-06 0.000319245 0.00038523 -3.26122e-05 -4.82176e-06 -5.84777e-05 0.000738711 4.03883e-06 5.79485e-05 -9.18212e-06 -2.56181e-06 -0.000281539 -9.11046e-05 -0.000371308 -0.000166886 -5.69224e-05 -7.54466e-05 -8.46113e-05 2.8448e-06 6.71411e-05 -7.16481e-05 -2.41891e-06 -3.11438e-05 -2.45134e-05 0.000144011 -0.000380443 2.42862e-05 -0.000125508 -0.000227544 -0.000260627 -0.00039681 0.000178934 -6.62126e-05 -0.000100524 5.60535e-05 -0.000394003 -2.1759e-05 0.000396308 5.99687e-06 -9.12571e-05 -6.41009e-05 0.000181556 1.47324e-05 1.66797e-05 2.78785e-05 -0.000181283 -0.000486688 0.000269949 -0.000404774 -0.000447558 4.28033e-05 0.000319724 2.47437e-05 -0.000107311 3.59192e-05 -2.06695e-06 -8.00135e-05 
-0.00128696 0.000126847 0.00868363 -0.000391304 -0.000430153 9.3287e-05 -4.02501e-05 -0.000197442 -0.00161849 -0.000179833 -3.94317e-05 -0.000326232 0.00170345 -0.000208679 0.000354184 -0.000535681 -0.000752153 -0.000301971 -0.00014983 -8.75678e-05 -4.12622e-05 -2.82433e-05 -0.000383887 -0.000739464 -0.0016138 0.00236258 -0.00243881 0.00250305 0.00152007 -0.000738524 -0.000653477 -0.0004863 -0.00185047 0.00206208 -0.000166468 0.000277244 -0.00177172 0.00186659 -0.000119416 -0.000139593 -0.000179596 0.000462129 3.86742e-05 -2.85267e-05 -0.00130489 -0.000392705 0.000183819 -0.000292634 -0.000714512 0.00226276 -0.000513612 0.000819563 -6.69073e-05 4.74298e-05 0.00324178 -0.00123128 -0.00256543 -0.0001635 0.00116349 -0.000427968 -0.00100429 -0.000248652 -0.0012864 -0.00162676 -0.000277369 0.000220693 -0.000811557 0.000187124 -0.000514836 -8.03127e-05 -0.000655191 -0.00110581 0.00247367 -0.000638174 -0.000749415 -0.000239439 0.000854541 -0.00027782 -0.00268454 -0.000372735 0.00285124 -3.04657e-06 -0.00109164 0.00114732 4.19788e-05 0.00241555 -0.000152249 0.000346749 -0.000474815 0.00176367 0.000758871 -0.00228298 -0.00128062 6.69382e-05 -1.03716e-05 4.7232e-05 -0.00131583 -7.79346e-05 9.14734e-05 0.00182204 
-0.017937 4.31764e-05 -0.000391304 0.183542 -0.00519408 -0.00286141 -0.000303842 0.00108481 0.00297297 -0.0058939 -0.0042539 0.00802584 -0.0392676 -0.00994001 -0.00336802 -0.00217869 -0.0206482 -0.00297396 -0.00288857 0.00117376 -0.00801402 0.00207617 0.0189598 0.0395397 0.0189986 -0.0126665 0.0689267 -0.0701034 0.0281034 0.00458715 0.00676081 0.0272995 0.0577773 -0.032737 -0.00170125 -0.00746829 -0.0126098 -0.021967 0.00257367 3.31451e-05 -0.00455298 -0.00212535 -0.000815107 -0.010169 -0.0420551 -0.00659335 -0.00891333 -0.00463858 -0.0138583 -0.0158973 0.0205164 0.0169321 -0.00213211 -0.000745189 -0.0336453 -0.0142995 0.0304429 -0.0236339 0.00733765 -0.00968496 -0.0136051 -0.000967405 -0.00670751 0.0641604 0.000718668 -0.000332176 0.0486969 0.00651056 -0.0283 -0.00296612 -0.0185638 -0.0269484 -0.0526769 -0.0566499 0.0223065 0.00585018 -0.0258067 -0.00377983 0.0998831 -0.00872888 -0.0359827 0.000690319 0.0102823 -0.02044 0.00404147 -0.00169144 -0.00247704 -0.0175286 -0.0659655 -0.0604526 -0.0266436 0.0651428 0.0614096 -0.000172446 -0.0173815 -0.000310699 0.0595781 -0.000912207 -0.000151295 -0.0217091 
0.00533056 0.000330669 -0.000430153 -0.00519408 0.0951962 0.00198222 0.00021353 0.0148931 -0.00895409 0.00403761 0.00273484 0.011801 -0.0107899 0.00237434 -0.0019208 -0.00255113 0.0139324 -0.00299808 0.00412242 -0.000509012 -0.00112392 -0.00115347 0.0258005 -0.0073644 -0.0133558 0.00525922 -0.0247647 0.00777721 0.0143866 -0.00927464 -0.00571522 -0.00681233 -0.00624812 -0.00511993 0.00319039 0.00549635 0.0216949 0.000426086 -0.000700357 0.0120436 0.00137938 0.00677743 -7.92633e-05 0.000748298 0.0299358 0.0144004 -0.00188186 0.0131929 0.00553516 0.0172495 0.0015028 -0.00422482 -0.000846652 -0.000286524 -0.00503939 0.0165773 -0.0319622 -0.0157818 -0.00708231 -0.00112156 -0.00707083 -0.00234927 -0.0117284 -0.0166126 -0.00198517 0.00146894 -0.0140323 -0.00125708 0.00104778 0.00197687 -0.00901996 -0.0202033 0.0013714 0.00335931 -0.0055711 -0.00580185 -0.00762266 0.00132473 -0.0212079 -0.00133859 -0.00382608 -0.000234949 -0.00863187 0.00936744 -0.000230045 0.00389838 0.00606522 -0.00579437 0.00679121 -0.026684 -0.00606942 -0.0122838 -0.0211213 -9.77432e-05 0.0183727 0.000144108 -0.0191057 -0.00126229 -0.000473281 -0.000608271 
-0.0023439 -5.02233e-06 9.3287e-05 -0.00286141 0.00198222 0.0170794 0.00037374 0.000626844 -0.00186441 -0.000331652 0.000642314 -0.000482416 -0.00216135 0.0020698 -5.74637e-05 0.00212649 -0.000595488 -0.000104418 -0.000356283 0.000204092 0.00070891 -0.000110331 -0.00529834 -8.8627e-05 -0.00259245 -0.00156703 -0.00352372 0.00631436 0.00634658 -0.00122617 0.000955821 -0.00113249 -0.00119143 0.00464724 8.0191e-05 0.00162541 0.00205693 0.000594609 -0.000508625 -0.00024336 0.00149558 -0.00423738 -5.55348e-05 -0.000798504 0.00149826 -0.00106155 -0.000521756 0.00116518 0.00451657 -0.00121014 -0.00206612 -0.000753672 0.000128634 8.00299e-05 -0.000116514 0.00130247 -0.00192904 -0.000975925 0.00119764 0.000397857 -0.000391263 0.000548034 -0.00140698 -0.00316905 -0.000551051 0.00160286 -0.00306009 -0.000165125 -0.00295517 0.00035373 0.00158135 0.00236396 -0.00298491 0.00207717 0.000937095 -0.00021828 -0.00390526 0.000448657 -0.00296208 0.000589501 0.000797014 -3.60649e-05 -0.0018285 0.00686196 0.000568 0.00167577 8.18776e-05 -0.000637962 -0.00185639 -0.00368039 -0.0019113 -0.00465822 -0.0034398 1.19514e-06 -0.00117547 0.000295114 -0.00199939 -1.4906e-05 -0.00010967 0.00439609 
0.00150933 9.00804e-06 -4.02501e-05 -0.000303842 0.00021353 0.00037374 0.00599521 0.00104112 0.00160914 -7.26131e-05 0.00162648 0.000495447 -0.000764055 0.000297417 1.36739e-05 0.00114522 -0.000304459 -0.000461223 -7.01891e-05 1.97266e-05 -5.46529e-05 0.000171672 -0.00163955 -0.000254127 0.00150062 -0.000773277 -7.6804e-05 -0.00174236 -0.000295866 0.000356852 -0.000144739 -0.000216114 -3.36233e-05 -0.00100372 -9.94027e-07 -0.000209016 7.64385e-05 -0.00121298 -0.000131891 2.62269e-05 -7.51877e-05 -0.00147157 6.35778e-05 -0.000196616 0.00042327 1.80602e-06 0.000119418 0.000179915 0.000646702 -0.000428687 -0.00102735 -4.57455e-07 3.25467e-05 -7.11974e-06 -0.000832725 -0.000246184 -0.000769865 0.000349564 -8.43017e-06 -1.45565e-05 0.00133451 0.00252047 -0.00122461 -0.000317242 0.000396458 -1.75842e-05 -0.000317851 -7.87706e-05 -0.000955349 0.0001359 1.63951e-05 0.00117196 -0.00103095 0.000386804 -0.000785299 -2.09494e-05 -0.00164728 0.000600925 -0.000294553 -3.83846e-05 -0.00132356 5.23902e-05 -0.000624323 0.000219085 0.000870048 -0.000302734 0.000440181 0.00069222 -0.000675442 -0.00196208 -0.00061205 2.41184e-05 6.85575e-05 4.61012e-06 -0.000477629 -5.52266e-06 -0.000443195 0.000184044 -1.23341e-05 0.000636469 
-0.00928039 3.64301e-05 -0.000197442 0.00108481 0.0148931 0.000626844 0.00104112 0.0452635 -0.00499235 0.00187306 0.000988249 0.012824 -0.00895014 -0.000700356 -0.000775193 -0.00107116 0.0134492 -0.00439882 0.00296364 -0.000709623 -0.00116037 0.000750569 0.000760282 -0.00117034 -0.00687624 -0.00655143 0.00133955 0.00115919 0.00651199 -0.00383833 -0.000170144 -0.00299033 0.00173356 0.00498764 0.0044382 0.00253834 0.0252735 0.00417496 -0.00134262 -0.000636833 0.000316748 -0.00380381 0.00019696 0.00479407 0.0121699 0.00727662 -0.00192355 0.0121855 0.00666487 -0.00133453 -0.00789646 -0.000179661 -0.000350887 -8.94063e-05 -0.00967403 0.0242189 0.00129782 -0.013041 -0.0024521 -0.000407932 -0.00503647 -0.00124337 -0.00754823 -0.00658373 0.00159921 0.00505491 -0.00679489 -0.00089139 -0.000481794 0.000959048 -0.00330988 -0.0128106 -0.0179039 -0.00898446 0.00845895 0.00329896 -0.0160529 0.00163236 -0.00120424 0.0113477 -0.00960038 -5.33315e-07 -0.0018828 -0.00223375 -0.000356293 0.000511058 0.00499778 -0.00426432 -0.0127452 -0.0165682 -0.0096659 -0.00516906 -0.00396869 3.54294e-05 0.0079295 2.61803e-05 -0.00563747 -0.000538421 -0.000233532 -0.00500831 
0.0426339 -0.00020941 -0.00161849 0.00297297 -0.00895409 -0.00186441 0.00160914 -0.00499235 0.159089 -0.00564647 0.00188518 -0.000541285 -0.0265015 0.00141459 -0.000334357 -0.00617367 -0.0191686 -0.0110818 -0.00414859 -0.000153223 -0.00751747 0.000414789 -0.0424685 -0.00970109 0.0513069 -0.0227756 0.0149486 -0.0333219 -0.0225771 0.0299091 -0.00589951 0.00539639 0.0256337 -0.0264683 -0.00418617 -0.00605766 0.0124802 -0.0350376 -0.00319715 0.000279082 -0.00177611 -0.0472476 -0.000137565 -0.00537064 -0.0278817 -0.0112177 0.0177719 -0.00625513 -0.00748726 -0.0134457 -0.0111124 -0.00253706 0.00173322 0.000117774 -0.0248326 -0.0228128 0.0394298 0.0201447 -0.00111325 0.010094 0.0193815 0.00894957 0.013854 -0.0147551 -0.00442458 -0.00322834 -0.00104613 0.00866918 0.0390759 -0.000781786 -0.00916897 0.0133797 -0.00335008 0.0200832 -0.0301287 -0.0117617 -0.0241501 0.00325058 0.0156594 -0.00452432 -0.0471191 0.000143167 0.0433845 -0.00970595 -0.00719226 -0.0109747 -0.00297922 0.0195864 0.0145718 0.0363514 -0.0114014 0.00786524 -0.00245489 -0.000298191 -0.0172097 -0.000664471 0.0123789 0.00241188 0.000822387 -0.00794013 
-0.00397028 -2.77803e-05 -0.000179833 -0.0058939 0.00403761 -0.000331652 -7.26131e-05 0.00187306 -0.00564647 0.0332979 0.00295998 0.00127436 -0.00605937 -0.00212816 0.00129664 0.00112374 0.015108 -0.00201713 0.00715538 0.000364137 -0.000997486 -0.000228343 0.00488928 -0.00239068 -0.00413146 -0.00435162 0.00848718 -0.00776419 -0.000589782 0.00383014 -0.00126867 -0.00150596 -0.00552134 0.00897012 0.0116911 0.0081116 0.0027235 -0.00407489 -0.000867518 5.65242e-05 0.00158208 -0.00563632 -9.47491e-05 0.0103795 0.00697462 0.0136278 0.000813543 0.0103044 0.000899599 0.000133371 -0.0052499 -0.00153225 -0.000229253 -1.18428e-05 -0.00438622 0.0163712 -0.00491968 -0.00510264 -0.00022786 0.00306703 -0.00123811 0.00216242 -0.0022274 -0.00531165 0.00116927 -0.000767823 -0.00357677 -0.000592265 -0.00839637 0.00072334 -0.00117425 -0.0067196 -0.012621 -0.015548 -0.00369059 0.00237856 -0.0107404 0.00251096 -0.00639922 0.00243996 -0.0067731 -2.49696e-05 -0.000358322 -0.00129764 0.000937224 0.00265544 0.00356546 -0.000168339 -0.00656304 -0.00814792 -0.0050829 -0.00579202 -0.0037723 0.000625409 0.0104569 0.00013166 -0.00396591 -0.000244233 -0.000156757 -0.00239919 
0.00271511 -4.48167e-06 -3.94317e-05 -0.0042539 0.00273484 0.000642314 0.00162648 0.000988249 0.00188518 0.00295998 0.0181685 0.00148249 -0.00156108 -0.00098442 0.000533596 -0.000314993 0.00207569 -0.00118099 0.00126337 0.000614098 0.000235645 -5.96662e-05 -0.00159882 -0.00148012 -0.00031866 -0.000252705 -0.00222114 -0.00328544 -0.00117604 0.00170507 -0.00155662 -0.00143704 -0.00191059 0.00218435 0.00186364 0.000331716 0.00118668 -0.00372334 -0.000272992 -0.000622265 0.000616072 -0.00428144 1.86002e-05 0.00104349 0.00104985 0.00140692 0.0014763 0.00251787 0.00429068 -0.000896735 -0.00271656 -0.000810057 8.86969e-05 -1.28652e-05 -0.000202635 0.0035424 -0.00467561 0.00253676 -0.0013339 0.000933478 0.000558583 0.00296693 -0.00108562 -0.00331591 -6.13462e-05 0.000585703 -0.00268899 -0.000207739 -0.00217348 -0.000181202 -0.000342763 0.00111862 -0.00171319 0.000400944 -0.00226465 0.000342898 -0.00223812 0.000495547 -0.00497079 0.000214938 -0.00238022 -1.05884e-05 -0.0014234 0.00222955 -2.06682e-05 -0.000786856 0.000307625 0.00279525 0.00202347 -0.000272348 -0.00211768 -0.00230197 -0.00348996 8.92554e-05 0.000194007 0.000157355 -0.00329545 -2.71084e-05 0.000117967 0.0012378 
-0.0114388 0.000295812 -0.000326232 0.00802584 0.011801 -0.000482416 0.000495447 0.012824 -0.000541285 0.00127436 0.00148249 0.0452533 -0.0085998 -0.00275196 -0.000994202 -0.00318422 0.0115877 0.00187955 0.00461728 -0.000730967 0.0012051 -0.000396941 0.0175584 0.0023838 -0.000266447 -0.00436166 0.0100641 -0.0118989 -0.00397858 0.00663887 -0.00399368 0.000811952 0.00189086 -0.00510423 0.00245116 -0.000473614 0.00746107 -0.00651067 -0.00107559 -0.00158121 0.00414251 -0.00261193 0.000302325 0.00363806 0.00945136 0.0122467 -0.00172413 0.0138013 0.00630571 -0.000829141 0.00176969 0.000353921 -0.000111537 -0.000135722 -0.00802565 0.0127762 -0.011365 -0.0135656 -0.00243191 0.000191282 -0.00371739 -0.00130892 -0.00917495 0.0073269 0.00362996 0.00146293 0.00672779 0.00316675 -0.00995265 0.000820349 -0.00494222 -0.0125557 -0.0158062 -0.0226585 0.00310869 0.003365 -0.010688 -0.000507536 0.00645339 0.00446542 -0.00762689 0.000157475 0.00186032 -0.00406412 -0.00239376 -6.03261e-05 0.00500467 -0.00435121 -0.0159083 -0.0158126 -0.00359481 -0.00570961 -0.00519425 -5.21386e-05 0.00734337 2.59754e-05 0.00125491 -8.56283e-05 -0.000115578 -0.00538184 
-0.0201972 -8.75133e-05 0.00170345 -0.0392676 -0.0107899 -0.00216135 -0.000764055 -0.00895014 -0.0265015 -0.00605937 -0.00156108 -0.0085998 0.156296 -0.00234438 -0.000332998 -0.0013791 -0.0123598 0.0146764 -0.00375854 -0.00180393 0.0201391 -0.000551168 0.0565933 -0.0177104 -0.0440437 0.0571948 -0.0544314 0.0739819 -0.0250298 -0.0140878 -0.0178294 -0.013566 -0.0434252 -0.000876954 -0.00419951 0.00170307 -0.0510816 0.0155374 0.00199818 -0.00981756 2.40351e-05 0.0450851 -0.000169733 -0.00935896 0.0215246 -0.00404379 -0.00688372 -0.00772912 0.00545215 0.00094893 0.0150615 -0.0118625 -0.000987721 0.000566299 0.0766754 -0.0277583 -0.0627764 0.0141702 -0.0127209 -0.0103412 -0.0211291 -0.00375422 -0.0359389 -0.0113133 -0.00559419 -0.00666902 -0.00412799 -0.00276397 -0.0229206 2.4824e-05 -0.0216307 -0.0150881 0.0950579 0.0313912 -0.0375658 -0.012289 0.101148 -0.000609705 -0.060253 -0.0130068 0.0841397 -0.00019884 -0.0225928 -0.0109361 -0.00426431 0.00343623 -0.00355267 0.00524434 0.0700298 0.0560355 0.0690097 -0.0760788 -0.0611896 -0.000496998 0.00156511 -0.000584114 -0.0357715 0.00214916 -0.000451452 -0.00959045 
0.0243 0.000120604 -0.000208679 -0.00994001 0.00237434 0.0020698 0.000297417 -0.000700356 0.00141459 -0.00212816 -0.00098442 -0.00275196 -0.00234438 0.0698152 -0.000324793 0.00869046 -0.00667701 -0.00408339 -0.00117154 -0.000576965 -0.00267291 -0.000422398 -0.0129489 0.00265979 -0.0053253 -0.0090619 -0.0169285 0.0049673 0.00177259 -0.0065928 0.0174624 -0.00447341 -0.0121678 -0.013946 -0.00134488 -0.00237306 0.00161578 -0.0048094 -0.00193776 0.00451441 -0.00124268 0.00842546 0.000730559 -0.00381631 0.00254402 -0.00470819 0.000255487 -0.00244381 0.000440126 0.0086964 0.0125756 0.00126923 0.0003372 0.00106508 -0.0125735 -0.0116935 -0.0118589 0.00498562 -0.0065063 -0.00240548 0.0103132 0.00107804 0.00177347 -0.0099702 -0.00228335 -0.00191794 -0.00430983 -0.000563759 0.00869273 0.000430975 0.00945764 0.00848693 0.0121915 0.0174211 -0.00848989 -0.00450999 0.0150585 0.00808871 -0.0170869 -0.00333989 -0.012153 -0.000118242 -0.00495118 0.001883 0.0026034 -0.00341091 -0.00142923 0.000419123 0.0114335 -0.00558257 0.00650548 -0.00625861 -0.0105887 -0.00013233 -0.00476783 -0.000181211 -0.0140384 0.000481964 -0.000234235 0.000744817 
0.000376294 -9.55337e-06 0.000354184 -0.00336802 -0.0019208 -5.74637e-05 1.36739e-05 -0.000775193 -0.000334357 0.00129664 0.000533596 -0.000994202 -0.000332998 -0.000324793 0.0251955 -0.00133774 0.000804515 0.00110438 -0.000347929 -0.00011515 2.67539e-05 -0.000164911 -0.00780736 -0.00202454 -0.00427255 -0.00104296 -0.00351059 0.00266106 -0.00114322 -0.00209926 -0.00221219 -0.00160367 -0.00257152 -0.00146541 -0.000391294 0.000523464 -0.0036404 0.00582694 0.000375247 -0.00112582 -0.000259406 -0.00723107 -6.76655e-05 0.00358287 -0.00328592 -0.00133355 0.000448849 0.00010397 -0.000997999 5.12528e-05 -0.00407236 0.00276337 0.00112879 -1.46814e-05 0.00198118 0.0017142 0.00530665 -7.65978e-06 0.00643929 7.46363e-06 -0.00266757 0.000171002 0.00538962 -0.00295305 0.000550468 -0.000985732 -0.00291233 -0.00031453 -0.00282065 -0.000256144 -0.00084373 0.00468989 0.00514602 -0.00118218 0.00534946 -0.000315779 -0.00375695 -0.000641321 -0.00156952 0.000121192 0.00440387 3.21977e-05 -0.00284062 -0.00176169 0.000136366 0.00340225 -0.000415856 0.0089297 -0.00156378 0.0012217 -3.94498e-05 -0.00825437 -0.00579732 0.000249457 0.000495814 0.000180596 -0.00132745 0.00186866 0.000475708 5.01037e-05 
-0.00789658 0.000112368 -0.000535681 -0.00217869 -0.00255113 0.00212649 0.00114522 -0.00107116 -0.00617367 0.00112374 -0.000314993 -0.00318422 -0.0013791 0.00869046 -0.00133774 0.0708723 -0.0020634 -0.00115604 0.00191301 4.70027e-05 -0.000683028 -8.28166e-05 -0.00606992 -0.000410042 -0.00710773 -0.00426634 0.00473604 -0.0100801 0.00231357 -0.00224996 0.0156374 -0.00237738 -0.00121013 -0.00720838 0.00236189 -0.00232621 -0.00333582 -0.00809595 0.00163062 0.00639873 -0.000947299 -0.00101883 -1.23519e-05 0.000818349 0.00328387 -0.00371221 -0.00240326 -0.00189866 -0.00120809 -0.00472813 0.0101503 0.00246887 0.000220295 0.000777163 -0.00785975 -0.00378379 -0.00228248 -0.0124306 -0.00180992 0.00332904 0.000355717 0.0024576 -0.00786324 0.000421304 0.000265843 0.00309394 -0.00395801 -0.00119033 -0.0113932 -0.000123586 0.00395832 0.00234322 -0.00296855 -0.00172611 0.00130508 0.00581501 0.00390529 0.00832324 0.0107159 0.000733597 -0.00199818 7.18319e-05 -0.0011035 -0.0047512 0.0129232 -0.0035665 -0.00101896 -0.00636805 -0.0054613 -0.00957074 0.00569591 -0.00104094 0.00748503 0.000145729 -0.00563156 0.000106867 -0.00561476 -0.000777935 -0.000328723 -0.00438242 
-0.0256955 0.000404083 -0.000752153 -0.0206482 0.0139324 -0.000595488 -0.000304459 0.0134492 -0.0191686 0.015108 0.00207569 0.0115877 -0.0123598 -0.00667701 0.000804515 -0.0020634 0.0935159 -0.00271302 0.0116336 -0.00121904 -0.000137045 -0.000735826 0.0170934 -0.00946332 -0.0167144 0.00499884 0.00319864 0.00695991 -0.0142342 -0.00564257 -0.00480406 -0.0015964 -0.0172273 0.0166637 0.0107161 0.00577124 0.0221738 0.0101057 0.00500686 -0.00340278 0.00480845 -0.000523161 0.000294295 0.0261663 0.0319094 0.0256263 -0.00340307 0.0209223 0.00175066 0.00161692 -0.0138999 -0.00316205 -0.000742374 -0.000131737 -0.0148141 0.0423028 -0.00764703 -0.0199903 -0.00528076 0.00194216 -0.00712348 -0.00264645 0.014808 -0.0163057 0.0047332 -0.0027082 -0.017076 -0.00215411 -0.00880933 0.00082618 -0.0054595 -0.0167708 -0.0204638 -0.0284088 0.022181 0.00667756 -0.023343 0.00400899 -0.0287034 0.0149027 0.00996206 -4.72047e-05 -0.00188337 -0.00330262 -8.41034e-05 0.00780834 0.00624178 -0.0089748 -0.0197406 -0.018464 -0.00921414 -0.0275867 -0.0268783 0.000493933 0.0383018 0.000532452 -0.0112871 -0.00113781 -0.000467041 -0.00922768 
-0.0125427 -7.74043e-05 -0.000301971 -0.00297396 -0.00299808 -0.000104418 -0.000461223 -0.00439882 -0.0110818 -0.00201713 -0.00118099 0.00187955 0.0146764 -0.00408339 0.00110438 -0.00115604 -0.00271302 0.0897401 -0.00194054 0.00144985 0.0151211 0.00103365 0.0412945 0.00468444 -0.021008 0.0218412 -0.0136945 0.00533019 -0.000641101 -0.00765221 -0.00685318 -0.00225731 -0.0137995 -0.0029086 -0.00138446 0.000412237 -0.0260492 -0.000445222 -0.000733508 -0.00446664 -0.000787336 0.00226825 -0.000403176 -0.00432095 -0.0015469 -0.00798312 -0.00185693 -0.0026338 0.0114444 -0.00729814 0.013672 -0.00409537 0.00205994 -2.75817e-05 0.0447074 -0.0160094 -0.0362036 -0.00596172 -0.000705436 -0.00511097 -0.0109497 -0.00313503 -0.0258738 0.0222058 0.00858635 -0.00372709 0.0149214 -0.00137761 -0.0259556 -0.000767163 -0.00996588 -0.0187237 0.0322154 -0.0112741 -0.0225803 -0.00373034 0.0457973 -0.00191141 0.00398837 -0.00671838 0.0213818 0.000234681 -0.0114768 -0.00314024 -0.0053918 0.00755034 -0.0015125 -0.00849899 0.0143256 0.00216539 0.0426614 -0.0276106 -0.0197875 -0.000204711 -0.00281072 -0.00024733 -0.00872426 -0.000484325 -0.000237535 -0.00706688 
-0.00568118 2.3058e-05 -0.00014983 -0.00288857 0.00412242 -0.000356283 -7.01891e-05 0.00296364 -0.00414859 0.00715538 0.00126337 0.00461728 -0.00375854 -0.00117154 -0.000347929 0.00191301 0.0116336 -0.00194054 0.0218337 -0.000215867 -0.000567076 -0.000138002 0.00254267 -0.00227005 -0.0043399 -0.00312162 0.00631267 -0.00616532 -0.00378724 0.000207372 -0.000499027 -0.000699751 -0.000162511 0.00509575 0.0068401 0.00262399 0.00600102 -0.00200439 -0.000249976 -0.000854444 0.00290564 -0.00644425 6.35083e-05 0.00311419 0.00771215 0.0121515 -0.000537523 0.010131 0.00245543 -0.000924105 -0.00387657 0.00166119 -7.89387e-05 0.000208243 -0.00538835 0.0150991 -0.00251575 -0.00284151 -0.00141721 -0.00118751 -0.00259358 -0.000332887 -0.00589842 -0.00390788 0.000294506 0.00333318 -0.00377311 -0.000496602 -0.00664742 0.000431141 -0.00238394 -0.00389849 -0.00797651 -0.0111004 0.00568911 0.00683282 -0.00733148 0.00165608 -0.0031919 0.00506612 -0.00486935 0.000150362 -0.00158918 -0.00172757 0.00144278 -0.000649926 0.00332451 -0.00222178 -0.00692077 -0.00562569 -0.00439041 -0.0064785 -0.00722473 0.000325994 0.00795625 0.000271329 -0.00271067 -7.44307e-05 -9.59378e-05 -0.00251351 
0.0027136 -1.28796e-05 -8.75678e-05 0.00117376 -0.000509012 0.000204092 1.97266e-05 -0.000709623 -0.000153223 0.000364137 0.000614098 -0.000730967 -0.00180393 -0.000576965 -0.00011515 4.70027e-05 -0.00121904 0.00144985 -0.000215867 0.0165121 -0.000514654 0.000658027 -2.18481e-05 0.00180915 -0.0025178 -0.000417888 0.00122759 -0.00257599 0.000190266 -0.00124539 0.00236236 0.000727581 0.00141161 -0.00310328 -7.42965e-05 -0.000469082 -0.00406264 0.000539585 0.000172993 -0.00015356 7.44201e-05 -0.00136531 -5.999e-05 -5.52181e-05 -0.00159287 -0.00121092 0.000562235 -0.000461899 8.8908e-05 -0.000920607 0.00068919 -0.000442026 0.000377442 -3.64485e-05 -0.00137394 -0.00189942 -0.00045861 0.00220144 -0.00108636 -9.93353e-05 -0.000889809 0.000234848 0.000653171 0.00286656 -1.68716e-05 -0.000230009 -0.000339881 -0.000172021 -0.000249071 -0.00019573 0.00131887 -0.000606472 -0.00263484 -0.00169503 -0.000987864 -6.08485e-05 0.0014861 -0.000323748 0.00288005 -0.00131505 -0.00265068 3.87071e-05 -0.00193674 0.00109396 0.000915715 -0.000535122 -0.000182877 0.000200618 -0.0010454 -0.00471212 -0.000466767 0.00313159 0.00225098 2.29902e-05 -0.00114458 2.50393e-05 0.00191631 -6.08962e-05 -8.11307e-05 -0.000339544 
-0.0103986 -4.54541e-05 -4.12622e-05 -0.00801402 -0.00112392 0.00070891 -5.46529e-05 -0.00116037 -0.00751747 -0.000997486 0.000235645 0.0012051 0.0201391 -0.00267291 2.67539e-05 -0.000683028 -0.000137045 0.0151211 -0.000567076 -0.000514654 0.044651 8.84765e-05 0.0225389 -0.00311551 -0.0100905 0.0196268 -0.0118581 0.00697553 -0.00492815 -0.0041749 -0.00459859 -0.00252203 -0.0091128 0.00150791 -0.0007672 -7.90855e-05 -0.0094388 -0.00889242 -6.36218e-05 -0.00219629 -0.000288148 0.00763472 -8.72058e-05 -0.0022586 -0.000801341 -0.00155015 -0.00103914 -0.000316324 0.00100242 -0.00317405 -0.00160043 -0.00215433 0.000519409 1.44853e-05 0.0267356 -0.00568985 -0.017389 0.00348826 -0.00390079 -0.00265467 -0.00531594 -0.0014678 -0.00953627 -0.000687608 0.0028632 -0.000734729 -0.000927934 0.000884501 -0.0131798 -0.000162029 -0.00541838 -0.0138446 0.0219543 -0.00382565 -0.0141597 -0.0025278 0.021066 -0.00122619 -0.00988095 -0.00330928 0.0242665 2.26989e-05 -0.00545923 -0.00147016 -0.00245749 0.00398068 7.37638e-05 -0.00346403 0.0133752 0.0150898 0.0234146 -0.0194657 -0.018457 -0.000105345 -0.00237775 9.33983e-06 -0.00865604 0.000326586 0.000205173 -0.00296526 
-0.00117712 2.17211e-05 -2.82433e-05 0.00207617 -0.00115347 -0.000110331 0.000171672 0.000750569 0.000414789 -0.000228343 -5.96662e-05 -0.000396941 -0.000551168 -0.000422398 -0.000164911 -8.28166e-05 -0.000735826 0.00103365 -0.000138002 0.000658027 8.84765e-05 0.0127584 0.000119131 0.00423244 -0.00185414 -0.000374315 0.00402659 -0.00278264 0.000129094 -0.000645046 0.000335008 0.000438369 0.00192337 -0.000381991 -0.000206045 -0.000439108 -0.000412601 -0.00298482 -4.86213e-06 -0.000273484 -0.000132935 0.0023561 -5.14507e-05 -0.000564848 -0.00139007 0.000136528 0.000182025 -0.00028261 0.000614416 -0.00088435 0.000142183 -0.00101338 2.11831e-05 -1.92113e-05 -0.000528906 0.000113647 0.00162472 -0.00130734 -0.000686723 -0.00057957 -0.00132653 -0.000386132 -0.00283816 0.000372076 0.000492721 -4.40556e-05 0.00263626 7.81323e-05 -0.0041045 -1.73244e-06 -0.00124133 -0.00391884 -0.00284571 -0.00662818 -6.53062e-06 0.00184858 0.00040165 -4.96191e-05 0.00331897 0.00283138 -0.00174977 0.000242317 0.000821657 -0.000998784 9.86766e-06 -0.000573084 0.000115623 -0.00111934 -0.00134611 -0.00232845 0.00065663 0.00151443 0.00171681 -9.84685e-06 -0.0010787 1.82897e-05 0.00554275 8.51084e-05 7.70829e-05 -0.00150353 
-0.0398105 0.000285414 -0.000383887 0.0189598 0.0258005 -0.00529834 -0.00163955 0.000760282 -0.0424685 0.00488928 -0.00159882 0.0175584 0.0565933 -0.0129489 -0.00780736 -0.00606992 0.0170934 0.0412945 0.00254267 -2.18481e-05 0.0225389 0.000119131 0.24595 0.0219917 -0.0727208 0.0655918 0.0115342 0.0131977 0.00626679 -0.0193506 -0.0322956 0.0123508 -0.0130834 -0.0339467 0.00258476 -0.00442619 -0.0855594 -0.0362504 0.000853196 -0.0130459 0.00106692 0.113855 -0.000878929 -0.00654684 0.0396513 0.0435357 -0.00753864 0.0113934 0.00677845 0.0225823 0.0742874 -0.0151796 -5.25638e-05 -0.00114291 0.0570953 -0.030329 -0.13382 -0.0258217 -0.016555 -0.0186067 -0.0427618 -0.0108969 -0.0714816 0.0590107 0.0128523 -0.0103686 0.0526957 -0.00319503 -0.0882147 -0.00137206 -0.0455462 -0.0837418 0.0555083 -0.0554639 -0.0574678 -0.00428774 0.114999 -0.00415164 -0.00899198 -0.0199214 0.0525323 0.000130993 -0.0393541 -0.0324686 -0.00820104 -0.00180744 0.00595989 -0.0378323 0.0456024 -0.0215235 0.0823837 -0.0436028 -0.039433 -0.000656318 0.0130009 -0.00123945 0.013769 -0.00270292 0.000482403 -0.0460464 
-0.0150229 -5.57277e-05 -0.000739464 0.0395397 -0.0073644 -8.8627e-05 -0.000254127 -0.00117034 -0.00970109 -0.00239068 -0.00148012 0.0023838 -0.0177104 0.00265979 -0.00202454 -0.000410042 -0.00946332 0.00468444 -0.00227005 0.00180915 -0.00311551 0.00423244 0.0219917 0.0965675 -0.0110988 -0.0134725 0.0441417 -0.0343271 0.0130756 -0.00177758 0.00566492 0.0142681 0.0152185 -0.020505 -0.00165487 -0.00366226 -0.0199542 -0.0241209 -0.000892695 -0.000487892 -0.00202276 0.0222595 -0.000368913 -0.0066199 -0.0174079 -0.00359245 -0.00181077 -0.00412658 -0.000215767 -0.00663564 0.0268958 0.00346165 -0.000717577 -0.000158645 -0.0176637 -0.0151887 -0.00207221 -0.0105512 -0.00428875 -0.00287841 -0.00715959 -0.0024676 -0.0163221 0.0518681 0.00759067 -0.00193461 0.0421211 -0.000817361 -0.0303245 -0.000933484 -0.00386704 -0.0127736 -0.0317073 -0.0444533 0.00533315 0.00636004 0.0111229 0.000351474 0.0411377 -0.000286778 -0.0266009 0.00071931 -0.00645082 -0.00683235 0.00324742 -0.00475882 0.000614326 -0.00995885 -0.0310463 -0.0341509 -0.00353653 0.0383868 0.0357914 8.70464e-06 -0.00803122 -0.00035501 0.0354896 -0.00130489 -0.000256982 -0.0111313 
0.0240395 -0.000130143 -0.0016138 0.0189986 -0.0133558 -0.00259245 0.00150062 -0.00687624 0.0513069 -0.00413146 -0.00031866 -0.000266447 -0.0440437 -0.0053253 -0.00427255 -0.00710773 -0.0167144 -0.021008 -0.0043399 -0.0025178 -0.0100905 -0.00185414 -0.0727208 -0.0110988 0.181598 -0.0271474 0.00342223 -0.0538415 -0.0240912 0.0441034 -0.0137019 4.26346e-05 0.00963224 -0.00235222 -0.00494023 -0.00640663 0.0534999 -0.0288746 -0.00398479 0.00756462 -0.00128662 -0.0558062 -0.000559528 -0.00698651 -0.024961 -0.0187031 0.0037736 -0.00663139 -0.0164332 -0.0159674 -0.026894 0.0119814 -0.00136334 -0.000581637 -0.0361771 -0.0211123 0.0520083 0.0153583 -0.0123131 0.0012227 0.0328767 0.0106793 0.0585255 -0.0353724 -0.0076342 -0.00593052 -0.0148608 0.00782625 0.0646413 -0.00161624 0.00203929 0.051418 -0.0248705 0.0378701 0.00562177 -0.014119 -0.0668992 -0.00109796 0.00951701 -0.0166835 -0.0324285 -0.000299183 0.0644635 -0.000424934 -0.00830612 -0.0112762 -0.00243866 0.00672256 -0.0123474 0.0378944 -0.0475431 0.056691 0.026516 -0.000572894 -0.0174194 -2.34777e-05 -0.00608011 -0.000568964 -0.000529346 0.0174825 
-0.0327508 0.000185639 0.00236258 -0.0126665 0.00525922 -0.00156703 -0.000773277 -0.00655143 -0.0227756 -0.00435162 -0.000252705 -0.00436166 0.0571948 -0.0090619 -0.00104296 -0.00426634 0.00499884 0.0218412 -0.00312162 -0.000417888 0.0196268 -0.000374315 0.0655918 -0.0134725 -0.0271474 0.12735 -0.0401613 0.0389358 -0.0130571 -0.00974451 -0.0143564 -0.00884146 -0.0347211 -0.0103837 -0.00357928 0.000227808 -0.0424436 0.0124436 0.00679007 -0.00710376 -0.000913322 0.0466304 -0.000699674 -0.00264791 0.0220078 -0.0043099 -0.00488803 -0.00547877 -0.000957068 0.0080314 0.0150889 0.00080047 -0.000672218 -0.000269075 0.0611669 -0.026704 -0.0554982 -0.0203807 -0.0080575 -0.00768999 -0.0145296 -0.00450274 0.00287392 -0.0219337 4.79211e-06 -0.00704219 -0.00794857 -0.000175918 -0.0137325 -0.00164139 -0.0149038 -0.03733 0.0668096 0.00536897 -0.0113421 -0.0102795 0.0574826 -0.00397791 -0.0434013 -0.0144638 0.090422 -0.000220435 -0.019066 -0.0124168 -0.00143285 0.0122549 -0.00251576 -0.00845893 0.0334229 0.0229612 0.046816 -0.0502842 -0.0569379 -0.000296853 0.00845282 -0.000465295 -0.0251055 -0.000473278 -0.000118156 -0.00989181 
-0.0546813 -0.000304876 -0.00243881 0.0689267 -0.0247647 -0.00352372 -7.6804e-05 0.00133955 0.0149486 0.00848718 -0.00222114 0.0100641 -0.0544314 -0.0169285 -0.00351059 0.00473604 0.00319864 -0.0136945 0.00631267 0.00122759 -0.0118581 0.00402659 0.0115342 0.0441417 0.00342223 -0.0401613 0.218736 -0.096103 0.036044 0.0197431 0.0032954 0.0414355 0.115081 -0.000489628 0.00313535 -0.00489031 -0.0161634 -0.0511115 -0.00365828 -0.00536967 -0.00332061 -0.00410311 -0.00045726 0.00379679 -0.0394605 0.0151521 -0.0073844 0.000100081 -0.0186539 -0.0186694 0.000144025 -0.000945217 -0.000695536 -0.00096532 -0.0703245 0.0303233 0.0577706 -0.0242326 0.0333056 0.0132557 -0.0190259 -0.00627071 -0.06005 0.0735047 0.00981306 0.00571263 0.0648524 0.00573277 -0.0513644 -0.00246838 -0.00804395 -0.0651471 -0.120174 -0.128828 0.00327004 0.0306945 -0.0430456 -0.00509961 0.135363 0.00824606 -0.0732079 0.000790224 0.0380966 -0.0214166 0.0122387 -0.0134721 0.00447475 -0.0286343 -0.106531 -0.041001 -0.0508466 0.0893181 0.109343 0.000548233 -0.0121024 -0.000418183 0.120751 0.000636466 0.000779711 -0.0351072 
-0.0143247 -9.30488e-05 0.00250305 -0.0701034 0.00777721 0.00631436 -0.00174236 0.00115919 -0.0333219 -0.00776419 -0.00328544 -0.0118989 0.0739819 0.0049673 0.00266106 -0.0100801 0.00695991 0.00533019 -0.00616532 -0.00257599 0.00697553 -0.00278264 0.0131977 -0.0343271 -0.0538415 0.0389358 -0.096103 0.234323 0.0075777 -0.0327676 -0.0187311 -0.0258377 -0.0637 0.038094 -0.00692138 0.00885117 -0.000627684 0.0756588 -0.00234774 -0.0143358 -0.0007914 0.025588 0.001271 -0.0059059 0.0270606 0.00215428 -0.00220553 -0.00239252 0.0114891 0.0212824 -0.0196605 -0.0116222 -0.00175002 0.000386592 0.0464031 -0.00702892 -0.0449885 0.00398704 -0.00915245 -0.0171195 -0.0201895 -0.00855115 0.0136597 -0.0553453 -0.0125269 0.00138321 -0.0417508 -0.00619643 0.0213852 0.000214758 -0.00776631 0.00836753 0.0803095 0.0645261 0.0126861 -0.00800399 0.0409579 -0.00347625 -0.107021 0.00103137 0.0872282 -0.00068902 -0.0326108 0.0146938 -0.0053375 0.0148582 -0.00407263 0.00435942 0.0681396 0.037539 0.0211673 -0.107142 -0.0837412 -0.000884761 0.0169224 -4.73117e-05 -0.0670199 -0.00135967 -0.00205479 0.0277639 
-0.027478 -6.19906e-05 0.00152007 0.0281034 0.0143866 0.00634658 -0.000295866 0.00651199 -0.0225771 -0.000589782 -0.00117604 -0.00397858 -0.0250298 0.00177259 -0.00114322 0.00231357 -0.0142342 -0.000641101 -0.00378724 0.000190266 -0.00492815 0.000129094 0.00626679 0.0130756 -0.0240912 -0.0130571 0.036044 0.0075777 0.151731 -0.0203652 -0.00397929 0.0120665 0.0576263 0.031429 -0.0017013 0.0045905 0.00984563 -0.00383424 -0.00554238 0.000779822 -0.00212211 0.0124692 -0.00027547 -0.0105474 -0.0312984 0.00888615 -0.00495161 -0.00145976 -0.000106752 -0.000333012 -0.0049452 -0.00143059 -0.00174169 -0.000437105 -0.0188024 0.0134305 0.00904761 -0.0306991 0.0305889 -0.00229405 -0.0208061 -0.00527217 -0.0255647 0.0254408 -0.00185138 0.013831 0.00906158 -0.00233725 -0.0339932 -0.000496835 -0.00643821 -0.0295719 -0.0351237 -0.0461502 -0.00736664 0.0027047 -0.0202229 -0.00453136 0.0285045 0.00554511 -0.0182362 -0.000204346 -0.0096764 0.00386196 0.0162786 0.00811385 0.000532841 -0.0149854 -0.040081 -0.0143994 -0.0293813 0.0247454 0.0326879 0.000761539 -0.0101464 0.000707227 0.0377829 -0.00203108 -0.00066387 -0.00782128 
-0.0156917 3.29544e-05 -0.000738524 0.00458715 -0.00927464 -0.00122617 0.000356852 -0.00383833 0.0299091 0.00383014 0.00170507 0.00663887 -0.0140878 -0.0065928 -0.00209926 -0.00224996 -0.00564257 -0.00765221 0.000207372 -0.00124539 -0.0041749 -0.000645046 -0.0193506 -0.00177758 0.0441034 -0.00974451 0.0197431 -0.0327676 -0.0203652 0.104368 -0.0029234 0.00526325 0.000212641 0.00226428 0.0039204 0.00243253 0.0212115 -0.0185623 -0.00147693 -0.00407743 0.0011438 -0.0118401 -0.000434131 0.00152568 -0.0147908 -0.00541877 -0.00464263 0.00218186 -0.000925054 -0.00616754 0.00449407 0.00667271 -0.000373066 -0.000169919 -0.0185666 -0.00744885 0.0204419 -0.0118573 -0.00736466 0.00880769 0.0291748 0.00315946 0.00434037 0.000413499 -0.00212928 0.000342162 0.0122705 0.00915163 0.00798274 -0.000591819 -0.000511611 0.00965822 -0.0286026 -0.0126501 -0.00235934 -0.00730195 -0.0268858 0.00087654 0.00580331 -0.00499228 -0.0135359 -8.17218e-05 0.0292204 -0.00577785 -0.000711748 -0.00373642 -0.00164385 -0.0012847 -0.0232514 -0.00302518 -0.0139474 0.0208856 0.00573984 0.000112741 -0.00547399 0.000297317 0.00349999 -0.000264197 0.00130434 -0.00532469 
0.00439593 9.2286e-05 -0.000653477 0.00676081 -0.00571522 0.000955821 -0.000144739 -0.000170144 -0.00589951 -0.00126867 -0.00155662 -0.00399368 -0.0178294 0.0174624 -0.00221219 0.0156374 -0.00480406 -0.00685318 -0.000499027 0.00236236 -0.00459859 0.000335008 -0.0322956 0.00566492 -0.0137019 -0.0143564 0.0032954 -0.0187311 -0.00397929 -0.0029234 0.0942848 -0.00672536 -0.0102908 -0.0213835 0.000643095 -0.00310912 -0.00203686 0.0170089 0.0015575 0.00914249 -0.00108219 -0.0120099 0.000491885 -0.00225545 0.0120703 -0.00764576 -0.00436169 -0.00385481 -0.00245976 -0.00386371 -0.00556145 0.00505599 -0.000710343 0.000430733 -0.0248259 -0.0136295 0.0166568 -0.0036853 -0.00576188 0.00663536 0.0232042 0.00156103 0.00825209 0.00888043 0.00092407 -0.00206548 -0.0118385 -0.000711426 0.0181934 -0.000165438 0.0334637 0.0185609 -0.0254429 0.0158501 0.02541 -0.00625443 -0.0177333 0.00306019 0.0185162 -0.00539575 -0.0176381 -2.01868e-05 -0.00452234 0.00502825 0.016497 -0.00451502 -0.00155703 -0.00450271 -0.0264742 -0.0437876 -0.00569843 0.0204814 0.0257675 0.000102595 -0.00774955 0.000178621 -0.00558898 -0.000521412 5.36367e-06 0.0047448 
-0.0162734 -8.85927e-05 -0.0004863 0.0272995 -0.00681233 -0.00113249 -0.000216114 -0.00299033 0.00539639 -0.00150596 -0.00143704 0.000811952 -0.013566 -0.00447341 -0.00160367 -0.00237738 -0.0015964 -0.00225731 -0.000699751 0.000727581 -0.00252203 0.000438369 0.0123508 0.0142681 4.26346e-05 -0.00884146 0.0414355 -0.0258377 0.0120665 0.00526325 -0.00672536 0.0815243 0.0414587 -0.0059462 -0.00157425 -2.0533e-05 -0.0156747 -0.0203095 -0.00165985 -0.000118566 -9.52332e-05 0.00360688 -0.000364286 -0.00391795 -0.0159499 0.00262177 -0.00263502 -0.00154276 -0.00482383 -0.00612888 0.00989865 0.00292616 -0.000464922 -0.000171956 -0.0162081 -0.00503663 0.00175458 -0.0135788 0.00639183 0.000974006 -0.00505862 -0.00226924 -0.0147096 0.0319268 -0.000863479 0.00093267 0.0274418 0.00557967 -0.0252585 -0.000349602 -0.00426463 -0.0208765 -0.0279266 -0.0391499 -0.0106398 0.00292563 -0.00091696 -0.0012723 0.0416403 -0.00563588 -0.0160725 6.65132e-05 0.00547009 -0.00712757 0.00658011 -0.00329184 -0.000347405 -0.00881857 -0.0323194 -0.0175081 -0.0167844 0.0288081 0.0307599 0.000158839 -0.00289542 -0.000305973 0.0394661 0.000493627 2.58618e-05 -0.0112058 
-0.0402264 -0.000299628 -0.00185047 0.0577773 -0.00624812 -0.00119143 -3.36233e-05 0.00173356 0.0256337 -0.00552134 -0.00191059 0.00189086 -0.0434252 -0.0121678 -0.00257152 -0.00121013 -0.0172273 -0.0137995 -0.000162511 0.00141161 -0.0091128 0.00192337 -0.0130834 0.0152185 0.00963224 -0.0347211 0.115081 -0.0637 0.0576263 0.000212641 -0.0102908 0.0414587 0.181451 0.0078355 -0.00299815 -0.00429427 0.00847593 -0.0374038 -0.00483923 0.00919437 -0.00347063 -0.0101568 -0.000469495 -0.00587527 -0.0398446 0.00176447 -0.00649886 -0.00331977 -0.0129522 -0.0102512 -0.00578015 -0.00996721 -0.000352495 -0.000658367 -0.0533608 0.0253145 0.0552108 -0.0199729 0.0389124 0.00661136 -0.0221983 -0.00685833 -0.0544737 0.0508081 -0.00148615 0.0118719 0.0388136 0.00533964 -0.031925 -0.000764279 -0.0103239 -0.0634532 -0.0877128 -0.0817032 -0.0257869 0.0127011 -0.0383829 -0.00407286 0.114283 0.0117879 -0.0637522 0.000124223 0.0330403 -0.0112948 0.0114079 -0.0126337 -0.000877392 -0.0209269 -0.0726516 -0.0139962 -0.0480205 0.0762038 0.084275 0.000333994 -0.0177478 -0.000584446 0.110535 -0.000121354 0.000162346 -0.0230893 
-0.0466474 -0.000220816 0.00206208 -0.032737 -0.00511993 0.00464724 -0.00100372 0.00498764 -0.0264683 0.00897012 0.00218435 -0.00510423 -0.000876954 -0.013946 -0.00146541 -0.00720838 0.0166637 -0.0029086 0.00509575 -0.00310328 0.00150791 -0.000381991 -0.0339467 -0.020505 -0.00235222 -0.0103837 -0.000489628 0.038094 0.031429 0.00226428 -0.0213835 -0.0059462 0.0078355 0.175726 0.00791961 0.0225673 0.0531087 0.0173428 -0.00505157 -0.00890229 0.00456579 -0.0311889 2.12765e-05 0.00545499 -0.00596233 0.00671238 -0.00594293 0.00660819 0.0126073 -0.00586065 -0.0338961 -0.00152023 -0.00132721 0.000129135 0.01693 0.0497267 0.00554478 -0.0336529 0.0162381 -0.00042618 -0.00818999 -0.0066115 -0.026508 -0.0340596 -0.00296744 0.015447 -0.0264999 -0.00338948 -0.025545 0.00509812 -0.00450268 -0.00774971 -0.00599884 -0.00514121 -0.0044089 0.00918593 -0.0327865 -0.00157875 -0.0277195 0.0274202 0.0145671 -0.000444679 0.0167352 0.0195371 -0.00671731 0.0105193 0.00145285 -0.0107031 -0.00201982 0.038596 -0.0302741 -0.0292316 -0.0199905 0.000191988 0.00567136 0.000508485 -0.00665564 -0.00167038 -0.000892305 0.0163116 
