0.00432913 0.000448609 -0.000426722 -1.35984e-05 0.000242161 6.73292e-05 -0.000961055 -0.00109533 2.39165e-06 -0.000898425 3.5338e-05 -2.22305e-05 -0.000556992 0.0004128 -0.00117322 -0.000249133 -3.95777e-05 -0.00147817 0.000148458 -4.93741e-06 -6.34411e-05 -5.01946e-05 -0.00102028 5.89401e-07 -0.000236175 0.000517311 -0.000462382 -1.0309e-05 0.00146194 1.78681e-05 5.96275e-05 -1.30612e-05 0.00158553 -5.3727e-05 -1.73512e-05 -0.00146152 6.14275e-07 1.15797e-05 -6.24693e-07 5.20134e-05 1.81174e-06 4.32976e-05 3.43005e-05 -7.88356e-05 3.62982e-06 -0.00069193 0.000189694 2.45588e-07 2.05046e-05 -3.94222e-08 -0.00129745 1.57331e-08 3.59767e-05 0.000258722 4.26467e-05 7.16381e-06 0.00111589 5.72956e-05 0.000348439 4.74781e-05 0.000137526 -0.00135131 0.000497079 -0.000971979 -9.9247e-06 -5.45746e-05 5.44344e-07 -3.75946e-05 -1.50297e-05 -0.00016509 -2.85572e-05 1.67864e-05 -5.96691e-05 0.00104172 3.44089e-07 8.94697e-06 6.53098e-06 0.00168408 6.68921e-07 -0.000275435 1.17161e-06 1.81071e-05 8.68824e-06 -1.35661e-07 -6.65986e-05 3.2591e-05 1.64395e-07 -1.11349e-05 -4.42046e-06 8.36495e-06 0.00013156 -0.00010985 -5.54008e-05 -3.59756e-05 5.80263e-05 2.52325e-06 0.0001519 6.46709e-07 -5.01524e-05 0.000271181 
0.000448609 0.0310164 -0.00190152 0.00150287 0.000455967 0.000703745 -0.00680327 -0.0108436 -0.000112869 -0.0158215 2.93156e-06 -0.00113245 0.000457836 0.00638053 -0.016791 -0.00292179 -0.000742558 -0.0189031 0.00016928 7.85899e-05 0.00216413 0.000288813 -0.00314831 -1.57914e-05 0.00310221 0.00824605 -0.000221057 -9.53975e-05 0.014716 -4.99839e-05 -0.00428109 -0.000102475 0.00798153 0.0001198 -0.000135346 -0.0136316 -5.23225e-06 3.34055e-05 0.000625345 0.000300111 0.00100636 0.000118048 1.896e-05 -0.0016536 5.311e-05 -0.00692354 7.47e-05 8.00433e-07 2.99403e-05 1.76142e-07 -0.0202085 1.24179e-05 -2.81938e-05 0.00236352 -0.000400736 2.72555e-05 0.00397998 -0.000313517 0.0134029 -4.38135e-05 0.00151525 -0.00291724 0.00244912 0.0124571 0.000933755 -0.000568301 -3.96151e-07 -0.000429102 -0.000102208 -0.00140291 -0.000314261 -1.06636e-05 -0.00150125 0.00280631 1.70993e-05 -1.96578e-05 1.18409e-05 0.00293486 -1.55692e-05 -0.00404962 0.00232671 -0.00237866 6.05165e-05 4.53937e-06 0.00718619 0.000275088 1.2661e-05 -0.000139493 -3.72501e-05 6.21091e-05 0.000613669 0.00677076 -0.000509172 7.21436e-05 4.11808e-05 -8.12692e-05 0.00204492 -0.000569066 -0.000485266 0.000284923 
-0.000426722 -0.00190152 0.139567 -0.0149914 -0.00106727 0.00500021 -0.0248673 0.00317133 -0.000411618 0.0112295 -0.000207388 0.00625599 -0.0170193 -0.00557599 -0.00421035 0.00427506 -0.000220398 -0.023287 0.0155169 -0.000183557 -0.00191295 -0.000792308 0.00334415 6.45489e-05 -0.000439102 -0.00342807 -0.00511236 0.000135804 -0.0120966 -0.000237353 0.0267746 0.000353973 -0.00639234 0.003204 -0.00018601 -0.034115 -3.13343e-05 -4.29819e-05 -0.000677025 -0.00156253 -0.000536028 -7.8053e-05 6.04543e-05 0.0126922 7.88973e-05 0.0115639 0.000385966 -2.29059e-05 5.63163e-05 9.46322e-07 -0.00382082 0.000275013 -1.65165e-05 -0.0158011 0.00245351 -5.81082e-05 -0.00448378 0.00339136 0.00371055 0.000272881 0.000501701 -0.00524519 -0.000895355 -0.0127625 0.000334086 0.00311068 -2.84787e-06 -0.0029117 -0.000486128 -0.00655096 -8.07065e-05 -8.82715e-05 0.00541979 -0.00182355 -1.09037e-05 -6.28221e-05 -0.000466775 -0.00130677 -3.38527e-06 0.00132731 -0.000265664 -0.00881 -3.72028e-05 1.13189e-06 -0.0170495 0.000148078 -4.4322e-05 -0.000291771 -0.000138968 -0.000114008 -0.000879748 -0.000159875 -0.000544481 0.00232321 6.34175e-05 0.000611925 -0.0149126 -0.00168876 -0.00378645 -4.20387e-05 
-1.35984e-05 0.00150287 -0.0149914 0.237837 -0.00155005 0.00647344 0.0849704 -0.055118 -0.000267872 -0.0170451 -0.000291573 -0.0114811 0.0923197 -0.0660933 -0.00477451 0.0277121 0.0021663 0.0128395 0.0222503 -0.000422837 0.00574185 -0.00128221 -0.0118685 -0.000163612 -0.0229544 -0.0263169 -0.0351554 0.00127517 -0.0390207 0.00023448 -0.0128011 -0.000533671 -0.00515631 0.0052411 0.00102131 0.0253793 -7.40377e-05 6.71906e-05 0.00180076 -0.00607077 -0.00115599 0.00143771 0.000100736 0.0104279 0.000104151 -0.064525 -6.01233e-05 0.00012429 -0.000706312 -2.35562e-06 0.0241206 -0.00156853 -0.000216098 -0.0495494 0.00359453 -0.000174308 0.00197615 -0.00200644 2.44042e-05 -0.00240036 -0.00155842 -0.00676015 -0.00235647 -0.0553206 -0.00116087 -0.00242695 -4.41353e-06 0.00881271 -0.000988423 -0.00523206 -0.00291345 2.94088e-05 -0.002267 0.00549734 -1.06558e-05 0.000149782 -0.00304386 0.00181354 -4.50774e-05 -0.0351586 0.00186465 -0.0013271 6.8644e-05 -7.46502e-06 -0.00252624 0.00287098 -0.000102902 9.28121e-05 -0.000532541 -0.000466816 0.000132802 -0.00154743 -0.00514933 -0.00481805 -0.000142813 0.00110921 0.00462409 0.000302847 -0.00647038 3.81342e-05 
0.000242161 0.000455967 -0.00106727 -0.00155005 0.00930941 3.30447e-05 -0.000477454 -0.00136157 -1.84048e-05 -0.000598538 1.60368e-05 0.000681888 -0.00160715 0.00117299 -0.00279235 -0.000660598 -0.00020685 -0.00367793 -0.00122907 1.76645e-05 6.53831e-05 9.54408e-05 0.000701206 -4.84362e-06 5.24947e-05 -0.00039292 0.000234661 -2.84972e-05 0.00198616 4.90179e-05 0.000263651 4.53489e-05 0.00138495 -0.000114346 -1.04325e-05 -0.00247658 -2.35171e-06 5.3079e-06 -3.40712e-05 0.000417148 -4.05369e-06 6.31889e-05 -3.9249e-06 -0.000186971 9.43295e-06 -0.00156517 0.000220781 4.12055e-06 2.70823e-05 -8.5206e-08 -0.00239746 -2.00559e-06 -2.02738e-05 0.000412728 -7.71808e-05 7.66024e-06 0.000782622 -0.000125598 0.00120232 0.000294821 0.000268666 -0.00030542 0.00198938 -0.000648852 8.55942e-06 -0.000156283 6.50097e-08 -0.000409467 -5.32904e-05 -0.000375369 -6.83459e-05 6.204e-07 -0.000120577 0.000301749 5.57519e-06 -1.81605e-07 -9.02879e-05 0.000148224 3.93407e-06 -0.000592599 -4.02588e-05 0.000262828 -1.12014e-06 4.21837e-07 0.00179954 4.37101e-06 1.66207e-05 -3.33456e-05 -9.53946e-06 3.06051e-05 0.000111375 0.000438129 0.000195885 -0.000121478 1.72426e-05 3.49516e-05 4.09689e-05 -0.000102305 -0.000128475 1.68167e-05 
6.73292e-05 0.000703745 0.00500021 0.00647344 3.30447e-05 0.0158336 0.0017139 -0.00820399 0.000272727 -0.000855928 -2.87276e-06 0.00145781 0.00316402 0.00205036 -0.00368382 0.00276813 0.000862706 -0.00710029 0.000940537 -2.18278e-05 0.00115764 -0.00320762 -0.00640014 4.3787e-05 -0.000754382 -0.00200706 -0.00177742 0.000346788 -0.00322271 -4.00657e-05 0.00327998 0.000160382 -0.000675647 0.00307876 -4.29454e-05 -0.00434269 1.23478e-05 4.7684e-06 0.000338452 -0.000218011 -8.43991e-05 0.0005896 3.64848e-05 0.00330978 2.59817e-05 0.000892294 8.52077e-05 2.5894e-06 -2.52342e-05 2.65206e-07 0.00217216 -5.28712e-05 -3.61614e-05 -0.0036503 0.000409864 -8.48398e-06 0.000363443 0.000335003 -0.00175243 6.20746e-05 0.000934095 -0.00321646 -2.56024e-05 -0.00317776 -4.24696e-05 0.000273471 8.95428e-08 0.000518972 -1.7354e-05 -0.000250649 -0.000130174 -1.22332e-05 0.000170682 0.000210858 6.77163e-06 6.65843e-06 -9.82299e-05 -1.28518e-05 8.69491e-05 -0.00180347 0.000148972 -0.00248569 3.47695e-05 1.40008e-06 -0.00271576 0.000622758 5.18693e-05 9.43322e-05 6.02374e-06 -1.8958e-05 4.32569e-05 0.000250747 0.000312873 -0.000150345 1.76542e-05 1.33796e-05 -0.000488132 0.00119981 -0.000263526 2.13915e-05 
-0.000961055 -0.00680327 -0.0248673 0.0849704 -0.000477454 0.0017139 0.249695 -0.0298356 -0.000629549 0.0899967 0.000148815 0.00611744 0.0526046 -0.0266509 0.0793127 0.0200169 0.00654394 0.0607261 -0.00141651 -0.000537227 0.00145126 -0.00305609 -0.0358435 -8.23371e-05 -0.0182795 -0.0615787 -0.0236382 0.00177528 -0.0895594 -0.000991055 -0.00314958 0.000495773 -0.0478567 0.000904714 0.000594268 0.0625614 3.62792e-06 0.000138214 0.000778894 -0.00741997 -0.00188254 0.000765693 0.000120997 0.0211952 -0.000335321 -0.0459766 -0.000347843 -8.06009e-05 -0.000881809 -3.47503e-06 0.0583938 -0.00178585 -6.48146e-05 -0.0411892 0.00580811 -0.00031844 -0.00944748 -0.000421727 -0.100186 -0.00309119 -0.00162066 0.00238893 -0.00622215 -0.109835 -0.00157332 -0.0062485 -9.53937e-07 -0.0149813 -0.000533083 0.00873245 -0.00236444 -0.000290885 0.011079 -0.00575013 -1.26097e-05 1.74944e-05 -0.00162612 -0.000669394 9.42446e-05 -0.0195273 0.00105965 -0.00933199 -3.31873e-05 -1.78323e-05 -0.0202078 0.00118445 -3.64492e-07 0.00158002 -0.000602478 -0.000671485 -0.00289967 -0.0202863 0.00049847 -0.00537686 -0.000323416 -0.000400145 -0.00837477 0.0046282 -0.00822094 -0.000447147 
-0.00109533 -0.0108436 0.00317133 -0.055118 -0.00136157 -0.00820399 -0.0298356 0.182115 -0.00147274 0.0267454 -0.000254616 -0.0063366 -0.0587269 -0.0175125 0.0149498 -0.00742151 -0.00500746 0.051685 -0.0285521 0.000111265 -0.00720986 0.000819954 0.0198156 3.28172e-05 0.00162991 -0.00982828 0.00431669 -0.000670673 -0.00917096 -0.000425238 -0.0112085 -0.000155503 -0.0218174 -0.00101483 -0.00246982 0.0154517 3.94128e-05 -2.88008e-05 -0.00309098 0.000426654 0.000225025 -0.000643808 -0.000242788 -0.00664432 -0.00014419 0.0220168 1.75944e-05 -0.000126783 -0.00031477 -1.58453e-06 0.00864773 0.000584497 0.000415544 -0.0124097 -0.00185862 -0.000360022 -0.0156118 -0.00114338 -0.00336768 0.000220258 -0.00141833 0.00740261 -0.0061849 0.00524225 0.000162146 0.00174977 -5.54449e-06 -0.00226128 0.000978261 0.00531472 0.00242785 -0.000152923 -0.00713861 -0.00737444 -3.98218e-05 -0.000181465 0.000846853 -0.00523297 -8.69222e-05 0.0215406 -0.00486906 -0.00311179 -5.55568e-05 -5.8036e-06 -0.00933357 -0.00114232 -5.81626e-05 0.000232318 5.86752e-05 -0.000241927 -0.00121176 -0.00048457 -0.00348901 0.0006665 -0.000263814 -0.000743321 -0.00969467 0.00144998 0.00567595 -0.000700557 
2.39165e-06 -0.000112869 -0.000411618 -0.000267872 -1.84048e-05 0.000272727 -0.000629549 -0.00147274 0.00505629 -0.00185066 8.12336e-06 -0.000182288 -0.000640693 -0.000905593 -0.00115507 0.000514291 -4.02268e-05 -0.000678778 -5.52102e-05 4.41534e-05 9.35025e-05 -0.00010362 7.33615e-05 2.46351e-06 -0.000197215 0.000652807 -0.000425637 -3.0247e-06 0.000377668 4.01091e-06 0.00110364 0.000221272 0.0005118 0.000138437 -4.88586e-06 -0.000325134 9.31149e-06 9.15057e-07 -8.93352e-06 6.03073e-06 4.02336e-05 0.000215059 2.03453e-05 0.000232951 -3.45866e-06 -0.000713878 3.35137e-05 1.71907e-05 3.95413e-06 -4.60779e-08 -0.00123338 3.26912e-05 1.702e-05 -0.00143582 -1.35983e-05 3.01511e-05 -2.95077e-05 0.000665425 0.000853234 1.8035e-05 1.10229e-05 -9.17907e-05 2.69197e-06 0.0012972 3.20792e-05 -5.83335e-05 -9.10265e-08 0.00040431 3.62608e-05 -0.000186655 5.84791e-05 1.66356e-06 0.000308589 -2.2011e-05 1.46178e-06 1.45428e-05 -3.06908e-05 -1.28666e-05 1.41031e-05 -0.000559033 -6.30812e-06 -0.000475005 4.92594e-06 2.62282e-06 0.000515655 8.82573e-05 1.87188e-05 9.06767e-05 -4.47544e-06 1.19912e-05 -1.35267e-05 -7.77201e-05 0.000161076 -3.03367e-05 -1.4685e-06 3.34591e-06 0.000184683 -1.04943e-05 -5.02446e-05 1.34046e-05 
-0.000898425 -0.0158215 0.0112295 -0.0170451 -0.000598538 -0.000855928 0.0899967 0.0267454 -0.00185066 0.217937 0.00014335 0.00602792 0.0100327 -0.0157688 0.125813 0.0147354 0.00209377 0.079547 -0.00431101 -0.000771151 -0.0109146 -0.0042109 -0.0574901 -0.000113984 0.00561578 -0.0772503 -0.0173957 0.000492759 -0.0996195 -0.00175983 0.00778238 0.000469633 -0.0666776 -0.00116449 -0.00023558 0.0455571 -1.801e-05 -3.93579e-07 -0.00160842 -0.00445804 -0.00266296 -0.0010257 -9.40942e-05 0.0138689 -0.000450489 0.0253264 -0.000432125 -0.000166784 -0.00108104 -4.11238e-06 0.0830891 -0.00184342 -3.45877e-05 -0.0182413 0.00220274 -0.000384226 -0.0165164 0.000644454 -0.113391 -0.00328498 -0.000649164 0.00287573 -0.00583826 -0.0895044 -0.00199663 0.00257824 -8.61829e-06 -0.0099524 -0.000378339 0.00797228 0.00136444 -0.000410056 0.0100336 -0.0102163 -3.44849e-05 -6.02517e-05 -0.00105516 -0.00507156 0.000135267 0.0208126 -0.00169378 -0.00906104 -0.000125396 -1.72393e-05 -0.0630168 -0.00249896 2.82842e-05 -0.000465347 0.000384606 -0.000945936 -0.00435235 -0.02864 9.76128e-07 -0.00306039 -0.000387528 -0.000605751 -0.0163878 0.00344183 -0.00148559 -0.000607738 
3.5338e-05 2.93156e-06 -0.000207388 -0.000291573 1.60368e-05 -2.87276e-06 0.000148815 -0.000254616 8.12336e-06 0.00014335 0.00163682 -1.04807e-05 -0.000186686 -4.28829e-05 0.000258929 -0.00011238 0.000114116 0.000155513 7.60482e-06 -2.43027e-06 -5.27932e-07 -0.000271767 -0.000313627 1.81251e-06 0.000140466 -0.000152356 -0.00012614 4.82174e-05 -7.59181e-05 -4.37794e-06 2.03117e-05 -3.29616e-06 -0.000108571 -2.37805e-05 1.50183e-05 0.000183381 1.62302e-06 5.01226e-07 7.58517e-06 5.07535e-05 -7.78778e-06 -4.90537e-07 2.35604e-05 0.000107672 1.37273e-06 5.43462e-05 -2.34081e-06 3.19692e-06 -5.60204e-07 -1.48649e-08 8.96777e-06 -4.64719e-06 3.5639e-05 0.000129255 0.000121252 7.38556e-06 4.95791e-05 7.66855e-05 -0.000355009 -1.25368e-05 5.60192e-05 -0.000195977 -5.45715e-06 -0.000366686 3.04404e-06 -1.17406e-06 -2.93655e-08 -3.70104e-05 1.70318e-05 9.37403e-05 3.22497e-05 4.01682e-06 0.000106399 -1.2398e-05 -8.97586e-08 1.41799e-06 1.28726e-05 3.98069e-05 4.58623e-06 9.7653e-05 1.62722e-05 -0.000345754 4.33063e-07 -1.24553e-09 -0.000253477 -8.36162e-06 2.6838e-06 -2.19554e-06 2.09031e-05 -1.51699e-06 -9.96947e-06 -6.72884e-05 1.96095e-05 -1.79421e-05 -6.55178e-07 -2.13742e-06 -0.000224405 -6.45057e-06 -2.0525e-05 9.6576e-06 
-2.22305e-05 -0.00113245 0.00625599 -0.0114811 0.000681888 0.00145781 0.00611744 -0.0063366 -0.000182288 0.00602792 -1.04807e-05 0.0525999 -0.00353215 0.00938351 0.00156935 -0.0044122 0.00157749 -0.0113635 -0.00406177 -5.40349e-05 -0.000635184 -0.000266106 -0.0151012 3.11575e-05 -0.00151583 0.00127105 0.00272216 0.000291971 -0.00505729 -0.000167868 0.0016989 0.000118717 -0.00364642 -0.00068351 -0.000229021 -0.0137333 -9.21413e-06 -1.75752e-05 5.27697e-07 -0.000469247 -5.88072e-05 -9.9545e-05 7.57887e-05 0.00186415 -3.61248e-05 0.00274056 -0.00014675 -1.52936e-05 -5.44061e-05 9.06073e-07 0.0028646 0.000448106 -7.30925e-05 0.00181503 0.00162269 3.20827e-05 -0.000232154 -0.000162783 -0.0102388 0.00040347 0.000479092 -0.000929168 0.000187041 7.60047e-05 -0.000127607 -0.000820781 2.91192e-07 -0.00226591 -0.00023229 0.000467118 -0.000284374 4.14491e-05 0.00442278 -0.000713236 -3.25957e-06 -3.71633e-05 -0.000504423 -0.000536744 1.94539e-05 0.00222695 9.83035e-05 -0.00469286 -1.39743e-05 -2.10733e-06 -0.00363386 0.000249601 8.52395e-06 -9.29292e-05 7.29304e-05 -5.64608e-05 -0.000272646 0.00370163 0.000445523 -0.000403089 0.000176305 -0.000228724 -0.00392492 -0.000275052 -0.00115534 9.9089e-05 
-0.000556992 0.000457836 -0.0170193 0.0923197 -0.00160715 0.00316402 0.0526046 -0.0587269 -0.000640693 0.0100327 -0.000186686 -0.00353215 0.197909 -0.0344338 0.0117504 -0.00397639 0.00636362 0.00656991 -0.0106495 -0.000230626 0.000749171 0.0028037 -0.0485613 -0.000140268 -0.0100303 -0.0269895 -0.0304832 -0.000201217 -0.0268201 -0.000457903 -0.0398352 -0.000692661 -0.00937114 0.00114878 0.00186575 0.0467366 -7.99072e-05 -9.90379e-06 0.00361548 -0.00048364 0.000693876 -0.000845932 4.71409e-05 0.00114237 -2.8093e-05 -0.0312643 -0.000715007 3.48916e-05 -0.000437781 -1.34179e-06 0.0325813 -0.00119913 -0.000697105 0.0101472 -0.000328161 -7.69384e-06 -0.00345291 0.00392328 -0.0125041 -0.00173053 -0.000914573 0.00119376 -0.00268372 -0.0510654 -0.00102757 -0.00044126 -4.66763e-06 -0.0045458 -2.7403e-05 -0.00148444 -0.00283883 -5.37584e-05 -0.00571523 -0.00178628 2.64333e-06 0.000188801 -0.00123037 0.000786188 -8.00278e-05 -0.0331845 0.00347398 0.00364112 1.77998e-05 -8.05715e-06 -0.00265475 0.00231337 -0.000105893 -0.00079158 -0.000123975 -0.000225295 0.00157405 -0.00726252 -0.00356365 -0.00226953 -0.00010915 0.00102426 0.00937995 -0.000784509 -0.00643854 9.23051e-05 
0.0004128 0.00638053 -0.00557599 -0.0660933 0.00117299 0.00205036 -0.0266509 -0.0175125 -0.000905593 -0.0157688 -4.28829e-05 0.00938351 -0.0344338 0.199075 -0.0418008 -0.0428281 0.00264842 -0.0538679 -0.0447226 5.69106e-05 8.51842e-05 0.00360487 -0.0428531 -0.000128887 0.0101851 0.0128365 0.00329859 -0.00240826 0.0396731 -0.0012319 -0.0249143 -0.00154801 0.0210738 -0.0015515 -0.000529152 -0.0175894 -0.000152534 -7.38875e-05 0.000678956 0.00296533 0.00126156 -0.00142398 -0.000124482 -0.0182119 -3.93768e-05 0.0384166 -0.000491332 -0.000192506 7.25983e-05 1.42062e-06 -0.0147395 -0.00167485 0.000151286 0.0740231 -0.00807974 0.00011827 0.0047898 -0.00567821 -0.00592216 0.0018652 0.00211619 -0.00167465 0.00341932 0.0253788 0.000521159 -0.00257357 -9.94194e-06 -0.0112439 -0.00137539 -0.00297666 -0.000495289 -3.77578e-05 -0.020945 0.0015332 1.43446e-05 -0.000438232 0.00137573 0.000248205 -0.000174132 0.0119903 0.00153368 0.0231464 2.85454e-05 3.69683e-06 0.0283031 -0.00270133 4.13237e-05 -0.00183573 0.000116231 0.000254822 -0.00310294 0.00687982 0.00186884 -0.000736277 1.60413e-05 -0.00174886 0.0173089 -0.0067245 -0.00411118 0.000287377 
-0.00117322 -0.016791 -0.00421035 -0.00477451 -0.00279235 -0.00368382 0.0793127 0.0149498 -0.00115507 0.125813 0.000258929 0.00156935 0.0117504 -0.0418008 0.200357 0.0132721 0.00126266 0.0936173 0.00472152 -0.000814811 -0.010469 -0.0035453 -0.0329556 8.90042e-06 0.000532518 -0.0706161 0.000230493 0.000766934 -0.116785 -0.00092048 0.0118199 0.000751907 -0.0636707 -0.00331881 0.000155601 0.0535633 2.94173e-05 -7.99376e-05 -0.00288842 -0.00388301 -0.0025402 -0.000485467 -5.30928e-05 0.0153439 -0.000498089 0.0265175 -0.000613234 -4.96091e-06 -0.000925337 -4.05344e-06 0.0802567 -0.000701125 0.000111702 -0.0186132 0.00369395 -0.000407655 -0.0141833 0.00188235 -0.112318 -0.00453208 -0.00259857 0.00530519 -0.00937974 -0.0744981 -0.00223117 0.000104308 -1.72404e-06 0.00134702 -0.000501641 0.00855137 0.00182795 -0.000348983 0.0137279 -0.00725242 -4.02324e-05 9.03062e-05 -0.00177985 -0.00560686 6.34682e-05 0.0171091 -0.00306566 -0.0108777 -0.000137374 -2.11958e-05 -0.0854843 -0.00131586 -1.23743e-05 0.000530822 0.000182219 -0.000958731 -0.00362252 -0.0309295 0.00378461 -0.0023789 -0.000335514 -0.000342283 -0.0162988 0.0037881 0.0039583 -0.000691716 
-0.000249133 -0.00292179 0.00427506 0.0277121 -0.000660598 0.00276813 0.0200169 -0.00742151 0.000514291 0.0147354 -0.00011238 -0.0044122 -0.00397639 -0.0428281 0.0132721 0.0886287 -0.000771151 0.0138367 0.0483835 -0.000123428 -0.000250427 -0.00463182 0.000392629 1.95148e-05 -0.00658196 -0.00445149 -0.00393133 0.000460079 -0.0153016 -2.86684e-05 0.0457816 0.00168964 -0.00979564 0.00521086 0.000101444 -0.0169063 -1.34681e-05 3.93731e-05 -7.36724e-05 -0.00200189 -0.000441303 0.000363266 4.58715e-05 0.00893772 0.000111124 -0.0205616 4.01141e-05 0.000147582 -0.000169498 -8.91159e-07 -0.0165929 -0.000180368 -0.000247876 -0.0633623 0.000404951 -5.99527e-05 -0.00220543 -0.000414411 -0.00765265 -0.000593492 -0.000477006 -3.2734e-05 -0.0015114 -0.0168485 -0.000228578 -0.000199843 5.17302e-07 0.00233024 6.29315e-05 -0.00220382 -0.000418783 -2.72699e-05 0.00536589 -0.00120483 -3.28999e-06 0.000138196 -0.000460818 -0.00129637 0.000338551 -0.0105782 0.000418682 -0.00905067 -3.70206e-06 2.06405e-07 -0.0168101 -0.000234985 1.7544e-05 0.000341782 -8.85197e-05 -0.000120219 -0.000364251 -0.00145583 0.00213134 -0.00146479 3.5318e-05 0.000486272 -0.0073593 0.00270396 0.000190683 -7.93499e-05 
-3.95777e-05 -0.000742558 -0.000220398 0.0021663 -0.00020685 0.000862706 0.00654394 -0.00500746 -4.02268e-05 0.00209377 0.000114116 0.00157749 0.00636362 0.00264842 0.00126266 -0.000771151 0.0250031 0.00245738 -0.00173476 3.43247e-05 1.68073e-05 -0.00281862 -0.0121335 2.90187e-05 -0.000492025 -0.00317314 -0.0028453 0.000265495 -0.00337127 -6.76228e-05 -0.00260949 -2.67778e-05 -0.000904577 4.36269e-05 -3.48796e-05 0.00282936 3.44691e-05 4.17838e-07 -6.93062e-05 -9.28124e-05 0.000170237 7.09096e-05 4.84417e-05 0.00361587 1.00865e-05 -0.00342195 -4.31813e-05 2.64167e-05 -4.64891e-05 -2.32666e-07 0.00228549 -8.49421e-05 0.000239595 -0.00143674 0.00108844 -1.38794e-05 -0.000773787 4.17513e-05 -0.00606468 -0.000121411 0.000213042 -0.00244597 -0.000384274 -0.00665241 -7.39298e-05 -0.000280804 3.46259e-06 -0.000838751 0.000784173 0.00471927 0.000107567 2.60509e-06 0.000530149 -0.000307756 -1.42277e-06 -4.58575e-06 -0.000164369 -0.000301764 3.70566e-05 -0.00165512 1.59216e-05 -0.0031052 1.16251e-06 -6.29628e-08 0.00209467 -0.000167332 -4.8684e-06 -6.92657e-05 -3.34028e-05 -3.2167e-05 -0.000237088 -0.000714886 4.91185e-06 -0.0003272 -1.85687e-05 3.42258e-05 -0.00368101 0.00104982 -0.000630299 -2.14567e-07 
-0.00147817 -0.0189031 -0.023287 0.0128395 -0.00367793 -0.00710029 0.0607261 0.051685 -0.000678778 0.079547 0.000155513 -0.0113635 0.00656991 -0.0538679 0.0936173 0.0138367 0.00245738 0.182748 -0.00989096 -3.50574e-05 -0.00329596 -0.000400537 -0.020282 -5.84072e-05 -0.00866472 -0.0679393 -0.032729 0.000248434 -0.0916377 -7.28765e-05 -0.00694797 -0.000396519 -0.0591427 -0.00172293 -0.000485332 0.0938235 7.41302e-05 1.78823e-05 -0.00254697 -0.000703278 -0.00278355 -0.000349167 -0.000129373 0.00438501 -0.000449755 -0.00342728 -0.000596427 -6.57763e-05 -0.00126359 -5.36238e-06 0.070605 -0.000521049 0.000117976 -0.0249193 0.000539904 -0.000499486 -0.0150076 5.86338e-05 -0.0487504 -0.00445232 -0.00529226 0.00848767 -0.0106168 -0.0539456 -0.00138736 -0.00505661 4.99544e-07 0.0039754 0.00115439 0.011546 0.00139197 -0.00028119 0.0032303 -0.00931967 -5.13665e-05 0.000126589 -0.000682912 -0.00441769 -3.28934e-05 0.0139681 -0.00408339 -0.0060688 -9.02548e-05 -2.05532e-05 -0.0437937 1.90108e-05 -0.000158456 0.000464204 3.62272e-05 -0.000846747 -9.84364e-05 -0.0272878 -0.00209873 -0.00710878 -0.00040585 0.000326278 -0.00954938 0.00415941 0.00103767 -0.000751529 
0.000148458 0.00016928 0.0155169 0.0222503 -0.00122907 0.000940537 -0.00141651 -0.0285521 -5.52102e-05 -0.00431101 7.60482e-06 -0.00406177 -0.0106495 -0.0447226 0.00472152 0.0483835 -0.00173476 -0.00989096 0.163974 -0.00019646 -0.00267635 -0.00507685 0.00391073 -3.1441e-05 -0.00578627 0.0215 -0.0119016 0.000271916 0.00584436 0.000110841 0.0617275 0.00020959 0.00838828 0.00490788 0.000574606 -0.0518632 4.6425e-05 3.62502e-05 -0.000646649 -0.000733272 -0.00101833 -0.000453721 -4.70078e-05 0.00803615 0.000191415 -0.0311756 -1.54906e-05 0.00011498 -0.000148526 -8.18509e-07 -0.0489127 0.000328569 -0.000381858 -0.0588613 0.00215055 -2.78489e-05 0.000212841 -0.0018812 0.0195692 -0.000982073 -0.00159126 -0.00562304 -0.0023024 -0.00327303 0.000860561 -0.00208205 4.28669e-06 0.00501324 -0.000118225 -0.00447503 -0.00131573 0.00011039 0.00635229 0.00352667 -5.85273e-06 9.06143e-06 -0.000834927 0.000185394 0.000263833 -0.0130359 -0.00058737 -0.0127872 -3.53048e-05 -3.23968e-06 -0.0267576 -0.00125989 -7.48635e-06 -0.000814786 -0.000201734 -0.000211511 5.87904e-05 -0.00215654 0.00363771 -0.002417 9.4873e-05 -0.000235037 -0.00189992 0.00334928 -0.00415654 -7.98763e-05 
-4.93741e-06 7.85899e-05 -0.000183557 -0.000422837 1.76645e-05 -2.18278e-05 -0.000537227 0.000111265 4.41534e-05 -0.000771151 -2.43027e-06 -5.40349e-05 -0.000230626 5.69106e-05 -0.000814811 -0.000123428 3.43247e-05 -3.50574e-05 -0.00019646 0.00149363 3.01214e-05 1.64182e-05 -6.42145e-05 -8.40382e-07 3.69328e-05 4.57708e-05 -0.000158283 -5.41619e-06 0.000466608 5.21003e-07 -0.000174885 -6.293e-06 0.00017535 -3.63754e-06 -5.75041e-06 -4.93687e-05 4.35135e-06 -1.29361e-07 1.63871e-06 0.000151026 3.61738e-05 -2.55796e-06 1.88525e-06 -8.37057e-05 -8.79024e-07 -0.000125418 -2.18308e-06 9.14174e-06 1.55077e-05 -1.35625e-08 -0.000627265 6.22268e-06 -3.45902e-06 -7.49488e-05 -2.26949e-05 6.10294e-07 -3.31959e-05 4.30295e-05 0.000673012 1.78391e-06 3.22098e-05 -8.80879e-06 2.45496e-05 0.000575396 5.23418e-06 -5.66646e-06 1.06541e-07 7.15614e-05 1.37096e-05 -3.47529e-05 -6.74871e-06 2.88772e-06 -6.50036e-05 -2.48828e-05 1.76644e-06 2.26967e-08 8.14835e-06 2.00447e-07 -8.02325e-07 -0.000159483 4.03219e-06 -9.7481e-06 2.44534e-07 1.04705e-07 0.00069911 -6.53218e-06 -4.48582e-07 -2.86655e-06 -2.60258e-06 1.21774e-05 -1.23601e-05 0.000152001 -1.92644e-05 -1.73508e-05 -6.5907e-07 -2.6676e-06 6.06156e-05 2.89658e-05 -2.30702e-05 1.55544e-06 
-6.34411e-05 0.00216413 -0.00191295 0.00574185 6.53831e-05 0.00115764 0.00145126 -0.00720986 9.35025e-05 -0.0109146 -5.27932e-07 -0.000635184 0.000749171 8.51842e-05 -0.010469 -0.000250427 1.68073e-05 -0.00329596 -0.00267635 3.01214e-05 0.0184757 0.000194464 -0.000283441 -8.83702e-06 -0.000909171 0.000570952 -0.00159352 9.23489e-05 0.000460176 0.000204043 -0.00143236 -4.05064e-06 0.000942169 0.000562013 1.09521e-05 -0.00093528 -1.04555e-07 2.41906e-05 4.51546e-05 -0.000268838 6.34985e-05 0.000278291 7.57518e-06 -0.000888883 4.34132e-05 -0.00375021 0.000113991 -2.33337e-06 -2.24639e-05 2.40384e-07 -0.00489348 -5.34448e-05 -2.31191e-05 -0.00436283 -0.000261948 1.50512e-05 0.00092896 -0.000252947 0.00662529 0.000194857 -9.81958e-05 0.000116097 0.000263745 0.00180876 0.000132915 -0.000344524 1.04051e-06 0.000540469 5.30483e-05 0.000355361 -7.40014e-05 -1.07602e-06 -0.00098847 0.000202231 6.75864e-06 -9.22728e-06 -5.18511e-06 0.0016306 -2.95078e-06 -0.000620167 0.000535237 0.000383365 2.05822e-05 -6.68879e-07 0.00652518 0.000427779 -1.52698e-07 0.000189496 -3.01061e-05 -4.75343e-06 0.000838725 0.00468553 -0.000243073 -0.000333282 7.5761e-06 6.53083e-05 0.000621122 -0.000274464 -0.000402545 -1.08562e-05 
-5.01946e-05 0.000288813 -0.000792308 -0.00128221 9.54408e-05 -0.00320762 -0.00305609 0.000819954 -0.00010362 -0.0042109 -0.000271767 -0.000266106 0.0028037 0.00360487 -0.0035453 -0.00463182 -0.00281862 -0.000400537 -0.00507685 1.64182e-05 0.000194464 0.0158561 0.0055944 -6.36796e-05 -0.00042806 0.00195866 -0.00169385 -0.000779476 0.00344145 -0.000197398 -0.00303883 -0.000604453 0.00156506 -0.0016981 -3.94507e-05 0.00306595 -0.000235506 -7.91478e-05 9.75105e-06 -5.39674e-05 -0.000258993 -0.000443205 -0.000126294 -0.00737308 -4.16612e-05 -0.00142025 -0.000128589 -7.67212e-05 4.87192e-06 1.46117e-07 -0.001602 -0.000264136 -0.000469465 0.00774039 -0.00235453 -1.89772e-05 0.000213661 -0.000368305 0.00555367 4.39134e-05 -0.00086282 0.00330259 0.000141197 0.00279387 -0.00036532 -0.000736591 -8.73357e-06 0.000518398 -0.00112776 -0.00382289 -0.00105189 -4.17036e-05 -0.00292819 -1.5445e-05 5.19169e-07 -5.80712e-05 4.25001e-05 -9.06274e-05 -0.000289792 -0.00221113 -0.000350852 0.00731985 -1.72177e-05 -2.26578e-06 0.00269231 -7.39379e-05 -6.78028e-05 -0.000315519 -0.000149717 1.84598e-05 0.000110213 0.000577544 -0.00119241 -0.000445947 -2.83221e-05 -0.000173679 0.00556933 -0.00381355 -0.00211484 -2.93613e-05 
-0.00102028 -0.00314831 0.00334415 -0.0118685 0.000701206 -0.00640014 -0.0358435 0.0198156 7.33615e-05 -0.0574901 -0.000313627 -0.0151012 -0.0485613 -0.0428531 -0.0329556 0.000392629 -0.0121335 -0.020282 0.00391073 -6.42145e-05 -0.000283441 0.0055944 0.244868 -1.38077e-05 -0.00527981 0.0385798 0.0187315 0.000436516 0.0347579 0.000702408 0.0110451 -7.36908e-05 0.00587706 -0.00479524 -0.000436389 -0.00521028 -0.000180438 -6.76146e-05 -0.00292871 -0.00561779 -0.000586364 0.000321343 -0.000144521 -0.0205572 -8.65096e-05 -0.0354419 -0.00151059 6.41042e-05 0.000733437 -1.11617e-06 -0.0235164 0.00093508 -0.000892175 -0.00487402 -0.00212617 -4.07707e-06 -0.00162987 -0.00660876 0.0229511 0.000688673 -0.00298483 0.00430584 -0.000189656 0.00922586 0.000244583 0.0023064 -1.9942e-06 0.00400309 -0.00134254 -0.0165295 0.000978073 9.22488e-05 -0.0066953 -0.00205697 -4.41386e-06 -0.000134631 -0.00288593 -0.00457984 -0.000194394 -0.0186557 -0.00416841 0.0123603 -8.84887e-05 -1.07673e-05 0.0296487 0.000733501 -5.61932e-05 0.000630021 -0.000692614 0.000117504 -0.00225524 0.00565398 0.000540174 -0.00217435 -3.85923e-05 -0.000440607 0.00108899 -0.00432974 -0.00447375 -0.000566836 
5.89401e-07 -1.57914e-05 6.45489e-05 -0.000163612 -4.84362e-06 4.3787e-05 -8.23371e-05 3.28172e-05 2.46351e-06 -0.000113984 1.81251e-06 3.11575e-05 -0.000140268 -0.000128887 8.90042e-06 1.95148e-05 2.90187e-05 -5.84072e-05 -3.1441e-05 -8.40382e-07 -8.83702e-06 -6.36796e-05 -1.38077e-05 0.000791439 -3.12295e-05 3.01644e-05 0.000178397 -1.80649e-06 -7.39696e-05 1.64923e-05 0.000273351 4.36011e-05 -4.84932e-05 8.41687e-05 6.68058e-07 -0.00025968 2.65699e-07 9.0074e-07 -1.64711e-06 -7.5032e-06 9.14273e-06 3.27921e-06 1.17904e-06 0.000152565 2.58288e-06 -9.80547e-05 4.89734e-06 -1.30919e-07 3.01685e-06 -7.1814e-09 -7.50964e-05 6.07825e-05 6.78721e-06 -0.000219414 2.19031e-05 3.23653e-07 -1.56196e-05 3.49397e-05 -5.9893e-05 -1.44969e-06 2.16157e-05 -1.59136e-05 -8.04718e-06 -7.38876e-05 4.15673e-06 2.53943e-06 6.5248e-07 1.66083e-05 1.20539e-05 4.45719e-05 2.91281e-06 2.30646e-07 0.000124203 -9.75246e-06 2.40538e-08 1.5668e-06 1.32666e-05 -4.79982e-06 5.40262e-06 -5.04261e-05 5.19999e-06 -0.000295382 7.41834e-07 1.22746e-07 -0.000122459 5.22833e-06 3.82677e-08 1.81308e-05 6.55261e-07 -1.02785e-06 -2.76936e-06 -5.4191e-06 -4.79883e-06 3.7854e-06 1.0307e-06 2.30532e-06 -8.444e-05 5.62492e-05 0.000100079 1.0259e-06 
-0.000236175 0.00310221 -0.000439102 -0.0229544 5.24947e-05 -0.000754382 -0.0182795 0.00162991 -0.000197215 0.00561578 0.000140466 -0.00151583 -0.0100303 0.0101851 0.000532518 -0.00658196 -0.000492025 -0.00866472 -0.00578627 3.69328e-05 -0.000909171 -0.00042806 -0.00527981 -3.12295e-05 0.0649025 0.00215732 0.00485654 -0.000199525 -0.000823706 -0.000176272 -0.00418559 -0.000231483 -0.00295763 -0.000968918 0.000146595 -0.00330092 -1.18871e-05 4.80396e-06 -0.000221855 0.00190309 0.00010169 -0.000143421 -2.7227e-05 0.00052806 -2.99e-05 0.00751125 -0.000200528 -1.21915e-05 6.35056e-05 9.00748e-07 -0.0075994 -0.000262279 -6.09535e-05 0.0112562 -0.000388962 1.93103e-05 0.000233788 -0.000877466 -0.00381897 0.000355198 0.00045712 0.000360813 0.0026254 0.0172786 -0.000106423 -0.000194786 -1.20522e-06 -9.15496e-05 0.000180942 0.000200083 0.0001043 3.18624e-06 -0.00124492 -0.000536064 4.61113e-06 -1.83603e-05 0.000857161 -0.000761461 6.39707e-05 0.00166896 -0.000467393 -0.00970336 -5.68439e-06 -1.32338e-06 -0.00612796 -0.00044958 2.06131e-05 -0.000215502 0.00020491 4.57681e-05 2.51125e-05 -0.00199485 -0.000452508 -0.000578549 -1.87168e-06 0.000156972 -0.00683742 -0.000741484 1.69935e-05 -2.65115e-07 
0.000517311 0.00824605 -0.00342807 -0.0263169 -0.00039292 -0.00200706 -0.0615787 -0.00982828 0.000652807 -0.0772503 -0.000152356 0.00127105 -0.0269895 0.0128365 -0.0706161 -0.00445149 -0.00317314 -0.0679393 0.0215 4.57708e-05 0.000570952 0.00195866 0.0385798 3.01644e-05 0.00215732 0.118638 0.024493 -0.000448797 0.0812659 0.000427351 0.00895653 4.28783e-05 0.0463489 -0.00112305 -0.000339339 -0.0611122 -4.50554e-05 -4.02998e-05 -0.000775409 -0.000565011 0.000719345 9.42847e-06 -5.50131e-05 -0.00756409 0.000120492 -0.021695 -0.000381364 2.23049e-05 0.00104118 2.88611e-06 -0.0785331 0.00172879 -0.000179217 0.00266476 -0.00183664 0.000296178 0.00796598 -0.00234817 0.0489849 0.00186462 -0.000917224 -0.00281663 0.00371283 0.0655114 0.00146436 -0.00214924 3.80279e-06 -0.00364526 -0.0007397 -0.00698327 -0.000991631 0.000378673 -0.00505014 0.00607457 9.48427e-06 -7.3216e-05 0.000857419 0.00187771 -4.56711e-05 -0.0152639 -0.0012066 0.000965222 7.74861e-06 1.12463e-05 0.0342199 -0.000841998 2.19801e-05 -0.000594696 -0.000191758 0.00057121 -0.000580633 0.0185642 -0.000299635 0.00121761 0.000411607 -0.000667178 0.00693223 -0.00219067 -0.000542025 0.000183698 
-0.000462382 -0.000221057 -0.00511236 -0.0351554 0.000234661 -0.00177742 -0.0236382 0.00431669 -0.000425637 -0.0173957 -0.00012614 0.00272216 -0.0304832 0.00329859 0.000230493 -0.00393133 -0.0028453 -0.032729 -0.0119016 -0.000158283 -0.00159352 -0.00169385 0.0187315 0.000178397 0.00485654 0.024493 0.122024 0.000631509 0.0107727 0.000602942 5.76235e-06 0.00117838 0.00596207 -0.00208731 -0.000656375 -0.0364708 -2.69874e-05 -3.47188e-05 -0.00084754 -0.00180151 0.000512441 2.06383e-05 5.11346e-05 0.00199776 8.95682e-05 0.0016115 -1.49909e-05 1.65476e-05 0.000388161 3.38794e-06 -0.00143417 0.00194707 -0.00011866 -0.00440487 0.00375127 -4.32658e-05 -0.000966128 -0.00032683 -0.0294754 0.000350624 0.000301371 0.00102117 -0.000245149 0.028497 -0.000451679 0.00519676 9.63738e-08 -0.00374018 -0.000511477 -0.00408448 0.000910917 -2.52459e-05 0.0183076 -0.000505277 8.51062e-06 6.65528e-05 -0.000486994 -0.000815625 -1.85161e-05 -0.0122667 -0.00121711 -0.0075227 -2.44842e-05 5.28497e-06 -0.00922455 -0.000292581 -4.0377e-05 0.000435173 -5.49471e-05 -6.80565e-05 -0.00110379 0.0074213 0.000458864 0.00743409 4.27601e-05 -0.000179306 -0.00258927 -0.00175819 0.0144484 5.15768e-05 
-1.0309e-05 -9.53975e-05 0.000135804 0.00127517 -2.84972e-05 0.000346788 0.00177528 -0.000670673 -3.0247e-06 0.000492759 4.82174e-05 0.000291971 -0.000201217 -0.00240826 0.000766934 0.000460079 0.000265495 0.000248434 0.000271916 -5.41619e-06 9.23489e-05 -0.000779476 0.000436516 -1.80649e-06 -0.000199525 -0.000448797 0.000631509 0.00385094 -0.000707431 3.76661e-06 0.000705611 9.4172e-05 -0.000386163 0.000111917 2.84065e-05 9.74546e-05 2.78395e-06 8.64772e-08 -1.83495e-05 -7.81678e-05 -2.4391e-05 0.000308661 6.00925e-05 0.00116563 4.8417e-06 -0.000583956 2.26093e-05 1.15412e-05 -3.25104e-06 -3.50507e-08 0.000238943 -5.74067e-06 4.01585e-05 -0.00234316 0.00119294 3.30788e-06 -0.00012335 -4.56393e-05 -0.00139006 -2.80509e-05 0.000105449 -0.000576665 -4.97154e-05 -0.00101161 -1.19915e-05 -4.10726e-05 2.64091e-07 -4.07848e-05 -1.13486e-06 2.67572e-05 -6.66815e-06 1.3818e-05 0.0021466 -6.08602e-05 1.67244e-06 1.46285e-05 3.95723e-05 -1.32191e-05 2.58311e-05 -0.00010671 1.54157e-05 -0.00213932 -3.28036e-07 -1.60134e-07 -0.000575779 0.000107211 7.44691e-06 7.70112e-05 4.64062e-06 -5.06348e-06 4.17478e-05 -9.61105e-05 -1.50094e-05 -4.11939e-05 -2.47253e-06 -2.01902e-06 -0.00276031 0.000124609 -8.48598e-05 -2.55882e-06 
0.00146194 0.014716 -0.0120966 -0.0390207 0.00198616 -0.00322271 -0.0895594 -0.00917096 0.000377668 -0.0996195 -7.59181e-05 -0.00505729 -0.0268201 0.0396731 -0.116785 -0.0153016 -0.00337127 -0.0916377 0.00584436 0.000466608 0.000460176 0.00344145 0.0347579 -7.39696e-05 -0.000823706 0.0812659 0.0107727 -0.000707431 0.183226 9.39249e-05 -0.000323702 -0.000755988 0.0664937 -0.000908649 -0.000280854 -0.0625838 -6.22e-05 -7.21465e-05 0.001282 0.00417628 0.00287479 -0.000416785 -1.03327e-05 -0.0135446 0.000359 -0.0254231 0.000306552 -2.29711e-05 0.00117392 3.28733e-06 -0.107694 0.000380156 -0.000145617 0.019402 -0.0036628 0.000508293 0.00905866 -0.00280586 0.085312 0.00245596 0.00321534 -0.00398001 0.00825139 0.0818365 0.00218654 -0.00325777 7.50563e-07 -0.00593856 -0.00101955 -0.0124173 -0.002168 0.000428447 -0.011171 0.00720988 2.46575e-05 -7.75279e-05 0.0011411 0.00232302 -4.04872e-05 -0.0144803 0.000126863 0.00547349 4.37109e-05 1.55704e-05 0.0683599 -0.00117368 2.76764e-05 -0.000983748 -0.000175936 0.000936086 0.000384965 0.0265328 -0.00305733 0.00169415 0.000274061 -0.000911161 0.0161974 -0.00380155 -0.00297899 0.000676061 
1.78681e-05 -4.99839e-05 -0.000237353 0.00023448 4.90179e-05 -4.00657e-05 -0.000991055 -0.000425238 4.01091e-06 -0.00175983 -4.37794e-06 -0.000167868 -0.000457903 -0.0012319 -0.00092048 -2.86684e-05 -6.76228e-05 -7.28765e-05 0.000110841 5.21003e-07 0.000204043 -0.000197398 0.000702408 1.64923e-05 -0.000176272 0.000427351 0.000602942 3.76661e-06 9.39249e-05 0.00392208 0.000597433 5.73988e-05 -5.7048e-06 5.51379e-06 3.73303e-05 2.22421e-05 9.44761e-06 2.55738e-06 -2.19921e-05 -4.51067e-05 7.33291e-05 -3.94415e-06 1.10746e-05 5.17882e-05 -1.41009e-06 -0.000605173 -7.7858e-06 1.16133e-05 3.45416e-06 -3.57008e-08 -0.000201325 0.000418025 -5.19206e-06 -0.000997838 8.18458e-06 1.16018e-09 -8.93568e-06 7.15966e-05 5.93996e-05 -1.37767e-05 -3.18401e-05 -3.63468e-05 -5.71946e-05 0.000283711 2.01584e-05 0.000137832 2.5517e-06 7.72955e-06 8.21436e-05 7.42325e-05 0.000162927 -3.06285e-07 0.000180728 -2.67042e-05 8.66575e-07 2.7343e-05 8.09413e-05 8.08137e-05 4.16989e-06 -0.000270532 -2.04741e-05 -0.000688362 3.05156e-07 1.14674e-07 -0.000192019 -1.64754e-05 -1.1424e-06 1.6364e-05 -2.88413e-06 -3.52717e-06 0.000222272 0.000117657 -5.87145e-05 3.92128e-05 2.32953e-06 7.59116e-06 0.000133021 8.41035e-05 0.000527983 2.63924e-05 
5.96275e-05 -0.00428109 0.0267746 -0.0128011 0.000263651 0.00327998 -0.00314958 -0.0112085 0.00110364 0.00778238 2.03117e-05 0.0016989 -0.0398352 -0.0249143 0.0118199 0.0457816 -0.00260949 -0.00694797 0.0617275 -0.000174885 -0.00143236 -0.00303883 0.0110451 0.000273351 -0.00418559 0.00895653 5.76235e-06 0.000705611 -0.000323702 0.000597433 0.154283 0.00208987 -0.0061866 0.0048941 -0.000428302 -0.0552725 -1.85052e-05 -2.29902e-05 -0.000916768 0.00035559 -0.000569186 0.000661426 1.23557e-05 0.0105295 0.000155699 -0.020107 -3.86905e-05 9.80838e-05 0.000141403 -1.46161e-06 -0.0460572 0.00237911 -0.000496544 -0.058782 -0.00024335 0.000112137 -0.00257877 -0.00119607 -0.00241947 -0.00121682 0.000395964 0.000778009 -0.0022382 0.00483427 0.000313697 -0.00126889 1.07469e-06 0.00816647 -0.000123874 -0.00635452 -0.00202562 3.70908e-05 0.0178221 -0.00273868 -3.47653e-07 1.21248e-05 0.000835068 -0.00224471 0.000332899 -0.0164068 -0.000922094 -0.0155932 -2.73561e-05 3.51526e-06 -0.0266116 -0.000797349 6.62604e-05 -0.000682959 -0.000265158 -0.000170694 -0.00016274 -0.000897807 0.00368472 -0.00154026 0.000130374 -0.000885641 -0.00276452 0.00117157 5.69368e-05 -7.26515e-05 
-1.30612e-05 -0.000102475 0.000353973 -0.000533671 4.53489e-05 0.000160382 0.000495773 -0.000155503 0.000221272 0.000469633 -3.29616e-06 0.000118717 -0.000692661 -0.00154801 0.000751907 0.00168964 -2.67778e-05 -0.000396519 0.00020959 -6.293e-06 -4.05064e-06 -0.000604453 -7.36908e-05 4.36011e-05 -0.000231483 4.28783e-05 0.00117838 9.4172e-05 -0.000755988 5.73988e-05 0.00208987 0.00456472 -0.000451981 0.000113874 -1.47357e-05 -0.00158949 -4.47159e-07 6.92764e-06 -1.90839e-05 -7.67429e-05 0.000113224 0.000142647 3.74529e-06 0.000772602 -1.23429e-06 -0.000969142 3.44591e-05 1.92829e-05 -6.9161e-06 2.25089e-07 -0.00122057 0.000558212 -3.04633e-06 -0.00312233 0.000102301 -1.81693e-06 -0.000127754 4.03968e-05 -0.0012742 -1.69588e-05 0.000197669 -0.000135853 -7.17197e-05 0.000757786 -5.58251e-06 -1.48482e-05 1.41786e-06 -8.52887e-05 4.05548e-05 -5.58746e-05 0.000199734 4.76214e-06 0.000994232 -7.98027e-05 -2.53146e-07 1.2148e-05 6.64977e-05 -4.40331e-05 6.26508e-05 -0.000500569 5.52774e-05 -0.0012408 1.6141e-06 1.00483e-08 -0.000751124 1.20066e-05 1.42969e-05 8.7917e-06 -5.65626e-06 -5.42687e-06 -1.43957e-05 -5.4671e-05 -7.00439e-06 -1.29496e-05 4.01017e-07 -5.94341e-06 -0.000405043 0.000130407 0.000479146 6.67207e-06 
0.00158553 0.00798153 -0.00639234 -0.00515631 0.00138495 -0.000675647 -0.0478567 -0.0218174 0.0005118 -0.0666776 -0.000108571 -0.00364642 -0.00937114 0.0210738 -0.0636707 -0.00979564 -0.000904577 -0.0591427 0.00838828 0.00017535 0.000942169 0.00156506 0.00587706 -4.84932e-05 -0.00295763 0.0463489 0.00596207 -0.000386163 0.0664937 -5.7048e-06 -0.0061866 -0.000451981 0.0976474 -0.000433671 0.000128115 -0.03257 -3.23753e-05 1.98737e-05 1.70056e-06 0.00011568 8.82588e-05 -4.50218e-05 5.12254e-06 -0.00624442 8.89563e-05 -0.00958979 0.0011125 3.99979e-05 0.000329447 9.05601e-07 -0.0609629 -0.000326022 0.000163014 0.0163753 -0.00150438 0.00018301 0.0137026 -0.00119689 0.0463417 0.000433182 0.000739721 -0.0058721 0.00491932 0.0344517 0.000399946 -0.00223758 -8.75536e-07 0.000270523 -0.000369235 -0.00539686 -0.00126101 0.00022672 -0.005265 0.00891733 2.35446e-05 2.28344e-05 0.00219733 0.00356306 -5.14074e-05 -0.0110497 0.000795635 0.00629516 4.39574e-05 1.56792e-05 0.028022 -0.000268249 4.72907e-07 -0.000437929 -0.000131175 0.000682642 0.00165244 0.00901236 -0.00175374 0.0010237 5.89349e-05 -0.000315516 0.00704348 -0.00187623 -0.00149188 0.000490781 
