0.0064073 -0.000727177 0.000826616 8.40366e-05 -6.78002e-05 0.000535307 -0.000976833 0.000322964 1.32495e-05 0.000252979 -0.0011417 0.000607165 -0.000706317 -0.00104916 4.82364e-06 -1.2066e-05 0.000873177 0.000192131 0.000149732 0.000562232 -0.000623284 7.61679e-06 0.000303318 -9.93912e-05 0.000110172 4.16783e-05 -5.00046e-05 -5.53009e-05 -0.0011979 -0.00229241 0.000527785 0.000572029 -0.000224746 -1.61519e-05 7.2778e-05 -4.66377e-05 4.8121e-05 0.000116638 0.000680276 2.09952e-05 -0.000760611 0.00012174 -2.84546e-05 0.000288916 0.0014508 0.000130341 -3.78161e-05 9.00558e-05 -3.18196e-05 -1.79264e-05 0.000341934 -9.20483e-05 -0.000653024 0.00070454 0.000122253 5.97886e-05 0.000781332 4.70712e-05 -2.17906e-05 6.0579e-05 -6.58556e-06 0.000103112 -0.00173861 5.16916e-06 -8.73249e-05 -0.000386317 3.76877e-06 -0.000111038 0.00105084 -0.00362137 0.000167747 -0.000324555 -0.00227595 -0.00025742 -0.00022668 -0.000237641 5.20704e-05 7.44245e-05 7.66808e-05 -6.59018e-05 8.00529e-05 -2.08969e-05 -2.02991e-05 0.000574364 -0.00324619 -5.14193e-05 -0.000808808 5.70609e-05 0.000592322 9.20239e-06 0.00114032 0.000175372 0.000748549 0.000378013 9.97898e-05 2.14051e-05 -1.02235e-05 0.000323991 0.000902727 0.000258162 
-0.000727177 0.249536 0.0040235 0.00989874 -0.0055877 0.0117008 -0.027183 -0.00376894 -0.00366806 -0.0608339 0.0538928 0.02731 0.0271268 -0.00510396 -6.99611e-05 -0.000545698 -0.0123106 -0.00380431 -0.00173727 0.0035612 -0.0647211 -0.00293025 0.00263386 -0.00409688 -0.000231974 0.00225426 0.000799351 0.00754921 0.011294 -0.0499665 -0.000981195 0.0631496 0.0137563 0.0362677 -0.000264242 0.00014318 0.0639996 0.016981 -0.000860917 -0.000909162 0.00724143 0.00912516 -0.00501843 0.00103129 0.0193732 -0.000112375 -0.00433982 0.00118074 -0.0200114 -0.00132331 -0.00902658 0.00237963 -0.0258388 0.00338694 -0.00140565 0.0023497 0.0120015 -0.00389752 -0.000111428 -0.000914273 -0.000341579 -0.00355692 0.0122336 -0.000177463 -0.000968201 -0.0195442 -0.000812344 -0.0145777 0.0100623 -0.0275993 -0.00372119 -0.0835442 -0.0548197 -0.0375575 -0.017316 -0.0292081 0.000703865 0.000631597 0.00143651 -0.0116856 -0.00177359 -0.000281127 -0.000649349 0.00091035 0.0046185 0.00687055 0.0235179 0.0186613 -0.00392533 -0.0109012 0.00518754 -0.0492564 -0.0266071 -0.0183552 -0.0123332 -0.00148062 -0.0102705 0.0147881 -0.00501583 0.00501257 
0.000826616 0.0040235 0.0467761 0.00435723 -0.000453534 0.0125936 -0.0265054 2.96512e-05 -0.000521509 0.00757526 0.000924259 0.0283208 -0.00574703 -0.00241221 0.00035083 -8.45241e-05 0.00177576 0.00166146 -0.000854875 -0.000542301 -0.00564403 3.48864e-05 0.00105237 -0.000757157 0.000321064 0.000134426 0.000597425 0.0148918 -0.0156444 -0.0195645 0.000730672 -0.00709772 -0.00100254 0.0140562 0.000559975 0.00541436 0.00393191 0.00992573 0.0142563 4.96825e-05 -0.0286558 0.0148614 0.000447802 0.00121089 -0.00243772 -9.78915e-05 -0.00183354 0.0010028 -0.00131534 -0.000142142 0.000919184 0.000722868 -0.00486024 0.00156723 0.000103835 -6.30427e-05 -0.00133022 -1.32632e-05 0.00175878 0.000285497 7.81097e-06 0.000743718 -0.0100106 0.00024752 -4.83371e-06 -0.00300826 -8.68236e-05 -0.00112443 0.0017057 -0.0306968 0.00017517 0.00512688 -0.0214943 -0.000704581 0.00100873 0.00391667 0.00120991 0.000481925 0.00091061 -0.00235598 0.00107753 -0.000315497 0.000340273 -0.0117109 -0.0214233 0.0102221 -0.0186534 0.00420027 0.00735506 0.00557259 0.011986 -0.00992205 0.00967057 -0.00182629 -0.00139161 -0.000154271 -0.000947423 -0.00138483 -3.22026e-05 0.000817986 
8.40366e-05 0.00989874 0.00435723 0.0857359 -0.000160273 0.000751726 -0.0198206 -0.00109839 -2.78132e-05 0.00296991 0.00303067 0.0152271 -0.00321073 -0.00253317 -0.00021584 -7.98209e-05 -0.00230585 -0.000992294 -0.00329404 0.00923823 -0.00139048 -0.000417223 0.000169318 -0.00151818 8.70736e-06 0.00551562 0.000540881 0.00862765 0.00366719 0.00933196 0.00446561 0.00808721 0.0017515 0.000298307 -3.95021e-05 -0.00232252 -0.0136182 -0.0278415 -0.00635859 -0.000137992 -0.014787 0.00075021 0.000821983 -0.000149999 -0.00619214 -0.000629032 -0.00441837 0.000341594 0.000485346 -6.1352e-05 -0.00600094 0.0074366 0.0146001 0.00196955 0.00119275 -0.000304133 0.00726729 -0.000888865 -0.00042333 0.000492115 -2.58016e-05 0.00244797 -0.0145372 -0.000166188 -0.000416805 -0.00555615 -3.82476e-05 -0.00187293 -0.00277903 -0.0056566 -0.00259764 -0.00802251 -0.00843049 -0.00989954 0.00273071 -0.0118558 -7.8519e-05 0.000387564 -0.000570722 0.0101979 4.96414e-05 -0.000428272 0.000642865 -0.00931548 0.00397115 0.00170506 0.00275991 -0.00401986 -0.000138618 -0.00220502 -0.0036032 -0.00964829 5.15651e-05 -0.00610376 -0.00154128 0.00045741 -0.0019861 -0.00439046 0.00156847 0.00103749 
-6.78002e-05 -0.0055877 -0.000453534 -0.000160273 0.0183761 -0.000335051 -4.42244e-05 -0.000399111 -0.000156126 -0.00239932 -0.00323939 -0.00171642 -0.00793434 -0.00391785 3.03841e-05 1.1379e-05 0.000305954 -0.000436457 0.000120192 -0.000865566 0.00378918 -1.40746e-05 -0.000347978 0.000490173 6.5317e-06 -0.000206206 -0.000233569 -0.000506625 -0.00485095 -0.00613674 5.07753e-06 -0.0101339 -0.00133618 -0.000520564 5.51318e-05 0.00135158 -0.00420449 -0.00682177 -0.00312183 0.000665652 -0.00238841 4.67758e-05 -0.000291108 0.00102636 -0.000720165 0.00240991 0.000419888 0.00153096 0.00143009 0.000794737 0.0023269 -0.000148381 7.25332e-05 0.000756189 -6.55862e-05 -0.000343181 0.00498764 9.24753e-05 0.000366779 5.85762e-05 4.4077e-06 -0.0001395 -0.00977048 -3.65115e-06 3.56125e-05 0.00282928 6.96189e-06 0.00564113 0.000883323 -0.00489838 -0.000169786 0.00180879 0.000449122 0.0115578 0.000619095 0.0079086 0.000474837 -0.000231204 0.00113862 0.000119252 2.72819e-05 -9.99191e-05 0.000208178 0.000194827 0.000440337 -0.000164699 -0.0103306 -0.000673056 0.000170672 0.00629693 0.000234578 0.00550768 -0.000189214 0.00646157 0.00131822 7.98571e-05 0.000823311 -0.000647834 0.000599944 5.58154e-05 
0.000535307 0.0117008 0.0125936 0.000751726 -0.000335051 0.0324516 -0.0124324 0.00160789 -0.000518055 -0.00328039 0.000607425 0.00950419 -0.0158842 -0.00732026 0.000168484 0.000250631 0.000505305 0.00439864 0.00391757 0.00135534 -0.00421848 0.000336415 0.000327845 0.00161288 0.000173967 -0.000454457 0.0019972 0.00965065 -0.0238693 -0.0139229 0.000916595 -0.0139592 -0.00276143 0.0170479 0.000403647 0.0038427 -0.00265788 -0.000383801 0.0184004 -5.62108e-05 -0.018153 0.0170176 2.09431e-06 -0.000865869 -0.00244356 0.000194166 0.000394742 0.00103889 -0.000174727 -4.69108e-05 0.000985678 -0.000233587 -0.00355529 0.00589128 -6.34297e-05 -3.02237e-05 0.00618284 -2.60568e-05 -0.000227433 0.000544166 4.15458e-05 -0.000125776 -0.0161294 0.000878173 0.00225636 0.00323671 -6.96282e-05 -0.000879355 0.0034064 -0.0227929 0.00201463 -0.00607464 -0.010951 0.00189351 -0.00168882 -0.00246109 0.000885126 0.00022661 0.00127669 -0.000776951 0.000411125 0.00118801 0.000959011 -0.0112971 -0.0192507 0.0157735 -0.00789449 0.00345631 0.00214696 -0.000736463 0.0229402 -0.00454907 0.00186324 -0.000592877 -0.000262655 -0.000127105 -0.000217039 0.0007297 0.00239071 -0.000533402 
-0.000976833 -0.027183 -0.0265054 -0.0198206 -4.42244e-05 -0.0124324 0.135395 0.00205002 0.00155082 -0.0017715 -0.0187408 -0.0536444 0.0023575 -0.0209296 -0.000928097 -0.000251564 -0.00279267 0.00257679 -0.00750138 0.000736975 0.00614707 0.000204704 -0.0104315 0.00209767 -0.000799992 -0.0104363 -0.00206884 -0.0207002 0.0214593 0.0460123 -0.00989778 -0.000173172 -0.00427331 -0.0195445 -0.000461151 -0.0060933 -0.00685102 0.0195011 0.00171584 -0.000784728 0.0509355 -0.0173902 -0.0033343 -0.00126819 0.0032552 -0.000835647 -0.00510525 -0.00371985 -0.00635415 0.00021171 -0.0155102 -0.0114802 0.00290614 -0.00304344 -0.00211905 -0.00600088 -0.00222665 0.000840545 -0.00529049 -0.0022702 -0.000720689 -0.00188482 0.0232596 -8.02045e-05 -0.000633834 0.00583798 -0.00136195 0.00359502 -0.00337194 0.038454 -0.00527289 -0.000564739 0.0504658 0.00308196 -0.0138822 0.00464859 -0.00313593 -0.00543749 -0.00198312 -0.012728 -0.00472409 -3.62618e-07 -0.000294577 0.028948 0.0142207 -0.0119417 0.0288536 -0.0258581 -0.0104417 -0.00841428 -0.015194 0.0151699 -0.0170653 0.00220403 0.000306791 0.000113593 0.00173294 0.00633849 -0.0059196 -0.0042865 
0.000322964 -0.00376894 2.96512e-05 -0.00109839 -0.000399111 0.00160789 0.00205002 0.02458 0.000437978 0.000779448 -0.00197067 -0.000534866 -0.00602267 -0.00496045 -5.56376e-06 -2.72308e-05 0.00110515 0.00140394 0.000255431 0.000481285 0.00011015 0.00101758 -1.75033e-06 0.000539504 -1.1485e-05 -0.000197776 -0.000176482 -0.000673067 -0.00649321 -0.00623799 -0.000221029 -0.00639259 -0.000294809 -0.00104718 0.0001256 0.000168264 -0.00319422 -0.00452138 0.00604235 -5.24666e-06 -0.000389454 0.00219399 0.00159947 -0.00018952 -0.000270902 -0.000162371 0.00420228 -3.50049e-05 0.000579112 -4.59575e-05 -0.000665991 -0.000251006 -0.00386442 0.00108695 -0.000123597 0.000812328 -0.00108603 0.000284043 -0.000200576 -0.000105289 0.000121202 6.5884e-05 -0.00765956 0.00042613 -9.69164e-05 0.00207506 1.26726e-05 0.00036782 0.000522669 -0.00189758 0.00290774 -0.00228429 0.000351343 0.0026727 -0.00109497 -0.00245717 -2.35404e-05 -0.000288817 7.41805e-06 0.000656428 -0.000192884 0.000196024 0.000565434 -0.00109948 -0.00489152 0.00259101 0.00132456 0.000144457 -0.000661098 -9.77617e-05 0.00467964 0.001535 0.000941768 -0.000155164 0.00127072 6.32358e-05 0.00200589 0.000118041 0.000147804 0.000961023 
1.32495e-05 -0.00366806 -0.000521509 -2.78132e-05 -0.000156126 -0.000518055 0.00155082 0.000437978 0.0198142 0.000337239 0.00157627 6.13194e-05 -0.00119524 -0.000404534 -2.56504e-05 -3.76836e-05 -0.000412088 -0.000500225 -0.000418134 0.00178172 -0.00059725 0.000147828 9.171e-05 -0.000129969 1.3402e-05 8.71866e-05 0.000124245 -0.000479574 0.00043842 -0.00469805 0.000243562 0.000480545 -0.00146752 -0.00145073 -8.52146e-06 -0.000435447 -0.00279026 0.00287269 -0.00104096 0.000139151 0.00122608 -0.000621414 -0.000243176 0.000129195 0.001196 -6.30571e-05 -2.99975e-05 1.13898e-05 -0.000520539 5.62751e-06 -0.000322386 -0.0002928 0.00363887 -0.000156035 6.7835e-05 -0.00027868 -0.00119171 5.86347e-05 0.000187617 -8.18131e-05 -2.67905e-06 0.000141479 -0.000220972 -3.5341e-06 -5.99907e-05 -0.00121109 0.00020004 -6.95916e-05 9.08334e-05 -0.00212604 -0.000360665 -0.00271479 -0.00284828 -0.00168384 -0.00100805 -0.00252305 -7.79093e-05 -0.000118609 -0.000128212 -7.26268e-05 -8.32443e-05 -6.50698e-05 0.000117695 0.00386509 -0.00316356 -0.000388403 0.0005029 -0.000841001 -0.000315963 -0.000203535 -0.000758224 0.00107126 -0.00137241 0.000927598 -0.000326311 0.000220515 0.000413135 0.00170693 0.000233917 0.00130847 
0.000252979 -0.0608339 0.00757526 0.00296991 -0.00239932 -0.00328039 -0.0017715 0.000779448 0.000337239 0.163972 -0.0397759 0.01749 -0.00944916 0.0146372 -0.000304399 -0.000307387 0.0234751 0.00702654 0.00351394 -0.00293668 0.0259928 0.000788996 0.0013225 -0.00240937 4.16664e-05 -0.00295006 -0.000112454 -0.00510253 -0.0154247 0.0248858 -0.000605354 -0.0120133 -0.0139651 -0.00796521 0.000241909 -0.00307338 -0.0266418 -0.0268266 -0.014819 -0.000503536 0.00152714 0.0013466 -0.00236034 -0.00262297 -0.00752936 -0.00126448 -0.00665293 -0.0014334 -0.00209685 2.77278e-05 0.00317069 -0.000286358 0.000418762 -0.00195496 0.000285567 -0.00171081 -0.00380128 0.000102631 -0.000416081 0.000450175 0.00012249 0.00443996 -0.0141342 0.000184774 0.00107658 0.000704242 5.9673e-05 -0.00294046 -0.00185014 -0.00281715 -0.00128769 0.0623645 0.00496515 -0.00219693 -0.00165853 -0.00732728 -0.000354749 0.001492 -0.000760415 -0.00309859 -0.001726 -0.000673771 0.000966092 -0.0448048 -0.0220219 -0.0054026 -0.0253379 0.00662457 0.000331097 0.0116877 -0.013329 -0.00299456 0.0321303 0.00134366 0.0123069 -0.000311947 0.00310243 -0.00657125 0.00642457 -0.00575902 
-0.0011417 0.0538928 0.000924259 0.00303067 -0.00323939 0.000607425 -0.0187408 -0.00197067 0.00157627 -0.0397759 0.196751 0.0218405 0.0152164 -0.0147231 -0.000704142 -0.000638367 -0.0113326 -0.00446287 -0.00722095 -0.0121765 -0.0264839 -0.00138693 -0.000393796 -0.00160796 -0.000163642 0.00303909 -0.00355323 -0.000993776 0.0136663 -0.00270114 -0.00246238 0.0237515 -0.0154576 -0.00346722 -0.000134894 -0.00511644 0.0339462 0.0400927 0.00781847 -0.000568056 0.00533608 0.0022735 -0.00053711 -0.00496694 0.0126541 -0.00177643 0.00293114 -0.00188466 -0.0119495 -0.000628648 -0.00677483 0.00094078 -0.0306179 -0.0015416 -0.000685702 0.000279405 -0.0117205 -0.000928491 -0.000247277 -0.00136934 -0.000338917 -0.00127287 0.00629654 9.40812e-05 -0.00366683 -0.0179276 0.000634163 -0.00704404 -0.00481309 -0.00075005 -0.00505411 -0.0543389 -0.0343976 -0.0300472 -0.00755757 -0.026872 -0.00112196 0.00275783 -0.000810287 -0.0110803 -0.00140499 -0.00182967 0.000235394 0.0553888 -0.0138303 0.00270197 0.037061 0.00507802 -0.00534423 -0.0084274 0.00429967 0.000996962 -0.0318211 -0.00738795 -0.00836108 5.14029e-05 -0.0053185 -0.00456201 -0.00239659 -0.00214031 
0.000607165 0.02731 0.0283208 0.0152271 -0.00171642 0.00950419 -0.0536444 -0.000534866 6.13194e-05 0.01749 0.0218405 0.134311 -0.00369812 0.0148475 -0.000123411 -0.000397969 0.00296533 -0.00107842 -0.00181497 -0.00415095 -0.00581302 -0.000340059 0.00378765 -0.00237286 0.000451761 0.0016983 -0.00132081 0.00923732 -0.0155941 -0.0439388 0.00351822 0.00359791 -0.00361962 0.0163793 0.000438219 0.00314822 0.00488931 0.00397913 0.00171229 -0.000281502 -0.0305404 0.0158259 0.00408588 0.00402266 -0.0108709 -0.000829777 0.00575004 -0.000408014 -0.00299078 -0.000391614 -0.00241219 0.00672377 -0.00991158 0.000214854 -8.52467e-05 0.000935523 0.00135354 -0.00143795 2.33436e-06 0.000228553 -0.000218213 0.000738126 -0.0249737 -5.69757e-05 -0.00128722 -0.00892557 0.000256077 -0.00351738 -0.00161989 -0.0287734 0.00530196 0.000644258 -0.0429477 -0.00129816 -0.00298732 -0.00613504 0.000354195 0.00140026 -0.000533776 -0.00604326 -0.00121856 -0.000829297 -9.55144e-05 -0.0430361 -0.0187884 0.0100143 -0.00588736 0.0124598 0.00249743 0.00829816 0.0107666 -0.0107989 0.0186982 -0.00860708 -0.00361364 -0.000614495 -0.00261654 -0.00827835 -0.001223 -0.00065168 
-0.000706317 0.0271268 -0.00574703 -0.00321073 -0.00793434 -0.0158842 0.0023575 -0.00602267 -0.00119524 -0.00944916 0.0152164 -0.00369812 0.131734 0.0189875 -0.000285607 -0.0019985 -0.0155033 -0.00783576 -0.0144768 0.000420993 -0.0344891 -0.00416769 0.000353187 -0.0117341 -0.000341605 -0.000990134 -0.00149941 -0.00569619 0.0479911 0.0241267 -0.00961961 0.0674864 0.00401292 -0.00216017 -0.000897686 -0.0017038 0.0520976 0.0431791 0.00621997 -0.00100684 0.0227189 -0.0120731 -0.0060645 0.00151838 0.00819762 -0.00325221 -0.0125907 -0.00190981 -0.0098378 -0.00186486 -0.00533233 -0.000968928 0.00257501 -0.00614737 -0.000821789 0.000206512 -0.00172441 9.94148e-05 0.000309191 -0.00344698 -0.000191646 -0.00213734 0.0711925 -0.00112289 -0.00880674 -0.0343625 -0.000645934 -0.0190084 -0.000655782 0.0179207 -0.017829 -0.026249 -0.0172117 -0.0564041 -0.00278613 -0.022794 2.29253e-05 -0.00189283 -0.000716761 -0.0102466 -0.000344112 -0.00114498 -0.0012125 0.0269876 0.0103714 -0.00846934 0.0319586 -0.00690606 0.00133645 -0.0141224 -0.0205559 -0.0562124 -0.0121563 -0.0154943 -0.0177592 -0.000813005 -0.0169158 0.0073982 -0.0178163 0.00314952 
-0.00104916 -0.00510396 -0.00241221 -0.00253317 -0.00391785 -0.00732026 -0.0209296 -0.00496045 -0.000404534 0.0146372 -0.0147231 0.0148475 0.0189875 0.180763 -0.000466401 -0.000530788 -0.00630762 -0.00489845 0.000252525 -0.00363228 0.0229941 -0.00078599 0.00638048 -0.00341015 0.000290575 0.00257489 0.00482821 -0.00348519 0.00577553 0.0377572 -0.00414416 0.00797743 -0.014001 -0.00903669 -0.000259139 -0.00322847 -0.0409469 -0.0232607 -0.0420532 -1.50048e-05 0.00395385 -0.00407937 0.00272278 0.00052562 -0.0126992 -0.000764929 -0.00725526 -0.00168203 0.0180823 -0.000185722 -0.0085459 0.00432999 0.033876 -0.00332507 0.000141122 0.000105338 -0.00705039 0.000638404 -0.00149447 -0.00115913 -0.000156911 -0.00128376 -0.000820065 -0.000158826 -0.00347908 -0.0120889 0.000614469 -0.00586883 -0.00532429 0.0204023 -0.0013773 0.0291663 -0.00950098 -0.00840512 0.00450579 -0.00333931 -0.000945096 -0.000325599 -0.00155377 -0.00441858 -0.00166559 -0.000298918 -0.00104851 -0.0219107 0.000281381 -0.00522202 -0.0396024 0.0103132 -0.00106413 -0.000461936 -0.0153458 -0.0306131 0.0212538 -0.00878205 -0.00470563 0.000176289 -0.00433048 0.00639778 -0.00618806 -0.00320888 
4.82364e-06 -6.99611e-05 0.00035083 -0.00021584 3.03841e-05 0.000168484 -0.000928097 -5.56376e-06 -2.56504e-05 -0.000304399 -0.000704142 -0.000123411 -0.000285607 -0.000466401 0.00288082 1.15796e-05 -3.8906e-05 -3.15264e-07 4.16124e-05 0.000154182 -0.000150978 4.19205e-05 6.32295e-05 0.000147204 8.20644e-06 4.72225e-05 -4.12799e-07 3.29199e-05 -0.000481958 -0.000812271 -2.89676e-05 -0.00136782 0.000211193 3.36749e-05 6.7808e-06 0.000633175 -0.000985191 0.00015621 0.000144687 1.47768e-05 -0.00103898 0.000232823 0.000295283 9.79915e-05 -0.000118945 0.000194706 7.81962e-05 0.000732389 0.000106997 3.57337e-05 0.0010462 -2.01977e-05 -0.000372128 3.94549e-05 8.69757e-05 -3.44699e-05 -0.000113125 -1.89655e-06 0.000644833 -4.39368e-08 5.78344e-05 -1.94046e-05 -0.000514102 -1.64331e-06 8.91752e-05 0.000324237 -7.58513e-07 6.5174e-06 0.000669594 -0.000976041 0.000351931 0.000153774 -0.000605626 0.000945343 0.000103334 -0.000201368 0.000355706 -5.46702e-06 0.000420031 1.56297e-05 0.000497905 0.0002244 6.22209e-05 -0.000828978 -0.000976554 0.000101125 -9.805e-05 -6.84125e-05 8.67853e-05 0.000161914 0.000178735 -0.000473959 -0.000143363 -8.68753e-05 -7.48329e-05 1.91219e-05 -3.75172e-05 7.94563e-05 -4.87641e-05 0.00017713 
-1.2066e-05 -0.000545698 -8.45241e-05 -7.98209e-05 1.1379e-05 0.000250631 -0.000251564 -2.72308e-05 -3.76836e-05 -0.000307387 -0.000638367 -0.000397969 -0.0019985 -0.000530788 1.15796e-05 0.00357079 0.000326064 0.000142152 0.000807267 0.000262333 0.000793729 0.000665326 -2.9721e-05 0.000422932 -5.2283e-07 -1.86943e-05 -3.67016e-05 2.6333e-05 -0.00197776 -0.000406987 -5.70512e-05 -0.00182512 -0.00034971 -0.000185913 4.34037e-06 -8.47004e-05 -0.00178816 -0.000825743 -0.000395347 9.66011e-06 -0.00140387 -3.08148e-05 -3.11249e-05 0.000103012 -0.000267608 0.000800912 0.000876133 7.6096e-05 -8.32131e-05 6.26998e-05 0.000138235 7.51901e-08 -0.000175074 4.31832e-05 1.878e-05 -7.76589e-06 -9.11597e-05 -1.51927e-05 -2.41226e-05 0.000168184 -7.77816e-06 -2.3844e-09 -0.00163251 -7.31322e-06 0.00124271 0.00179123 2.21555e-05 0.00136346 -8.48966e-05 0.00027536 0.000930301 0.000388235 0.000214314 0.00167629 -0.000175487 -0.000142773 -1.23189e-05 -1.89839e-05 -7.59402e-06 -3.84089e-05 -1.59439e-05 0.000105584 8.52676e-06 -0.00122853 -0.00144226 -1.61866e-05 -0.00119447 0.000287407 -9.2933e-06 -7.59404e-05 0.000862434 0.000511586 -0.000272462 6.75652e-05 0.000342987 -1.11517e-05 0.00167465 0.000142961 2.74655e-05 -0.000109068 
0.000873177 -0.0123106 0.00177576 -0.00230585 0.000305954 0.000505305 -0.00279267 0.00110515 -0.000412088 0.0234751 -0.0113326 0.00296533 -0.0155033 -0.00630762 -3.8906e-05 0.000326064 0.0425108 0.00243403 0.00329125 0.00106261 0.00670312 0.000796977 -0.000791342 -0.000308273 -3.03122e-05 -0.00074429 -0.000294018 -0.00162914 -0.0182766 -0.00776826 0.00232345 -0.00322482 -0.00344146 0.00118451 0.000147683 -0.000668681 0.00221915 -0.0104007 -0.0041235 -0.000110495 -0.00670995 0.00201584 -0.000201732 -0.000201392 -0.00178831 0.000532351 -0.000829559 7.1901e-05 -2.54305e-05 0.000216752 -0.000843314 0.000323505 -0.00533678 0.00230034 0.00121119 -0.000524276 -0.000840865 -0.000214045 0.000697856 0.00140132 7.42328e-05 0.000379398 -0.0153712 -2.76505e-05 0.00129261 0.0016151 0.000615186 0.00118489 0.000827563 -0.00647467 0.00347476 0.0143635 -0.00620547 0.00588965 0.000333231 -0.00259225 9.60688e-05 0.000914137 0.000279253 -0.00126496 -0.000416244 -0.000176682 4.06768e-05 -0.0159303 -0.0120472 -0.000361572 -0.0243772 0.00357336 0.00218991 0.00801964 0.000773117 0.0104389 0.0248678 0.00722262 0.0061801 4.6126e-05 0.00622032 -0.00283318 0.00593481 -0.00121365 
0.000192131 -0.00380431 0.00166146 -0.000992294 -0.000436457 0.00439864 0.00257679 0.00140394 -0.000500225 0.00702654 -0.00446287 -0.00107842 -0.00783576 -0.00489845 -3.15264e-07 0.000142152 0.00243403 0.026459 0.000919385 0.00289706 -0.00119302 0.000235955 -1.77267e-05 0.00220688 4.76775e-05 -0.000372672 0.000345518 -0.000575756 -0.00520957 0.00236892 -0.000171111 -0.00655161 -0.00141425 0.00155373 0.000191604 -6.09422e-06 -0.0035984 -0.00645994 0.00523351 -2.43052e-05 7.89025e-05 0.00304615 -8.90391e-05 -0.000596881 -0.00154155 -0.000216733 -0.00114766 -0.00012373 -0.000508892 1.20271e-05 -0.000788726 -0.000368661 -0.00162894 0.002585 -0.000114424 -0.000323976 0.00172459 0.000507659 -0.000187397 -0.000107478 0.000168931 -5.79883e-05 -0.00591381 0.000604646 6.90503e-05 0.00149377 -4.63979e-06 -0.000551104 -0.000239827 -0.00403163 -0.000111945 0.00253461 0.00387704 -0.000110972 -0.00108615 0.000139129 4.98666e-05 -0.000239456 0.000758823 -0.00115017 -0.000160028 0.00117769 0.00060261 -0.00967257 -0.00366272 0.00279213 0.000144104 -0.00169036 -0.000501352 0.000378095 0.00326302 -0.000198965 5.90844e-05 -0.000734752 0.000240594 -0.00010243 0.000214403 -0.000667175 0.000226669 -0.00080787 
0.000149732 -0.00173727 -0.000854875 -0.00329404 0.000120192 0.00391757 -0.00750138 0.000255431 -0.000418134 0.00351394 -0.00722095 -0.00181497 -0.0144768 0.000252525 4.16124e-05 0.000807267 0.00329125 0.000919385 0.0347932 -0.000852208 0.00607752 0.000957371 -0.000499001 0.000341685 9.8145e-05 0.000268555 0.000156189 -0.00106506 -0.0193795 -0.00224263 0.00310685 -0.0104886 -0.00278825 -0.000161317 4.06398e-05 -0.000353043 -0.0077841 -0.010691 -0.00280013 -1.62531e-05 -0.00488573 0.00412492 -0.000349101 -0.000526222 -0.00266079 0.000460321 0.00557644 0.00113379 -5.4222e-06 0.000237722 0.00748288 -0.000480095 -0.00133847 0.000500476 0.000139147 0.000474718 -0.00122779 8.85002e-05 -1.48736e-05 0.00170341 -3.45694e-05 -9.96555e-05 -0.0134314 -9.40111e-07 0.00206792 0.0052689 0.000710695 0.000159439 0.00140372 -0.00173321 0.00468399 -0.00151198 -0.00194776 0.00620305 -0.00161806 -0.00458158 0.000256633 0.00102612 -6.84714e-06 0.000364615 0.000117806 0.000421587 -0.000152402 -0.0122837 -0.00816905 -3.93238e-06 -0.0112082 0.0112618 -0.000732994 0.00240655 0.00653959 0.00993084 0.00324758 0.00916331 0.0113106 -7.53826e-05 0.00478271 -0.00146219 0.00581362 -0.00119056 
0.000562232 0.0035612 -0.000542301 0.00923823 -0.000865566 0.00135534 0.000736975 0.000481285 0.00178172 -0.00293668 -0.0121765 -0.00415095 0.000420993 -0.00363228 0.000154182 0.000262333 0.00106261 0.00289706 -0.000852208 0.0528819 -0.00575298 0.000213282 0.00216192 -0.000516961 -1.62273e-05 0.00328894 0.000616063 0.00026532 0.000312795 -0.00609295 0.000265045 0.0073045 0.00992077 0.00102521 -5.54757e-05 0.000490248 -0.00850632 -0.0096766 0.00839509 -6.51887e-05 0.000640537 -0.00071805 -0.00108495 5.60008e-05 0.00117987 0.00129645 -0.00250012 -0.00023607 0.000233394 -7.50757e-05 -0.00307314 -0.000318785 0.00398263 0.00115955 0.000830795 0.000153125 0.00188062 0.00041927 -0.000240074 -3.64869e-05 -9.22537e-05 -0.000221592 -0.00147981 -3.30025e-05 -0.000588097 -0.00261289 -0.000236784 -0.000653187 0.00465886 -0.00798048 -0.00159308 -0.00778389 -0.00437595 -0.00598489 -0.00194488 -0.00794425 -8.73431e-05 -0.000228856 0.000312662 0.0019125 0.000611017 0.000548124 7.45162e-05 -0.00721951 -0.0102166 0.000369226 -0.00373487 -0.0033127 -0.00111713 -0.00069393 -0.00215975 -0.00991432 0.00406226 -0.0010337 -0.000761307 0.00013072 -0.000775569 0.0041939 8.42555e-06 0.0105328 
-0.000623284 -0.0647211 -0.00564403 -0.00139048 0.00378918 -0.00421848 0.00614707 0.00011015 -0.00059725 0.0259928 -0.0264839 -0.00581302 -0.0344891 0.0229941 -0.000150978 0.000793729 0.00670312 -0.00119302 0.00607752 -0.00575298 0.126535 0.0030843 -0.000668621 0.00525434 5.63695e-05 0.00182479 0.000767289 -0.00509123 -0.0163211 0.0202194 0.000527559 -0.0611781 -0.0142973 -0.0126036 -0.000110157 -0.00292145 -0.0819472 -0.037641 -0.025577 0.000643741 -0.011111 -0.00432429 0.00726919 -0.000712753 -0.00729272 0.000822087 0.00749359 -0.000360649 0.0240634 0.0012631 -0.00375995 0.00210025 0.00204309 -0.001544 0.00102268 -0.000580688 -0.00857233 -0.000597985 -0.000457452 0.00102538 -0.000149442 0.00139093 -0.0260144 7.27503e-05 0.00295458 0.0193289 0.000306318 0.0178074 -0.00367686 0.0160845 0.00761568 0.0650926 0.0261903 0.0354547 0.0126458 0.012665 -0.000593673 0.000275237 -0.00084248 0.00127776 -0.00103619 -0.000460486 0.000386905 -0.0245167 -0.0174128 -0.00330929 -0.0307209 0.00114265 -0.00218336 0.00614236 -0.00115808 0.0126794 0.0118324 0.0130807 0.0127993 0.00222516 0.0114074 -0.00894373 0.00531993 -0.00503538 
7.61679e-06 -0.00293025 3.48864e-05 -0.000417223 -1.40746e-05 0.000336415 0.000204704 0.00101758 0.000147828 0.000788996 -0.00138693 -0.000340059 -0.00416769 -0.00078599 4.19205e-05 0.000665326 0.000796977 0.000235955 0.000957371 0.000213282 0.0030843 0.00706088 -0.000116853 -1.63724e-05 2.90761e-05 -5.29528e-05 -0.000114587 0.000104445 -0.00393169 -0.00134341 -6.86929e-05 -0.00368565 -0.000590618 -0.000497957 3.08757e-06 -7.80851e-05 -0.00358524 -0.00160268 0.000107861 3.03267e-05 -0.00263851 0.00045781 0.00100908 -5.34906e-05 -0.00050552 0.0008599 0.00237082 7.10453e-05 0.000567939 2.98822e-05 -6.45831e-05 8.32424e-05 -0.000387638 -7.89078e-06 1.62095e-05 -0.000104008 -0.000484547 -1.08331e-05 2.79124e-05 9.93921e-05 -9.58714e-06 -1.92851e-05 -0.00289131 9.78911e-06 0.00150916 0.00117314 9.89709e-06 0.00179972 -0.000117483 0.000539627 0.00181627 -7.18047e-07 0.0012297 0.00301495 -4.76998e-05 2.12196e-05 4.52607e-05 -8.21988e-05 -1.33735e-05 0.000230246 2.04857e-05 -2.92468e-05 0.000112167 -0.00224263 -0.00348528 0.000181696 -0.00154972 -6.3889e-05 -0.000119893 -5.3346e-05 0.0019072 0.00108145 0.000347107 0.000239211 0.000997458 -1.89108e-05 0.00350022 -0.000340924 6.69777e-05 -0.000245515 
0.000303318 0.00263386 0.00105237 0.000169318 -0.000347978 0.000327845 -0.0104315 -1.75033e-06 9.171e-05 0.0013225 -0.000393796 0.00378765 0.000353187 0.00638048 6.32295e-05 -2.9721e-05 -0.000791342 -1.77267e-05 -0.000499001 0.00216192 -0.000668621 -0.000116853 0.0261497 -8.22482e-05 0.000232153 0.00308433 0.00072161 0.000105537 -6.43431e-05 -0.00699217 0.00143089 0.00136008 0.00362091 0.00215706 0.000119252 0.000264251 -0.00787999 -0.0052431 -0.00380396 0.000138255 -0.00195652 0.000149838 -0.000392542 0.0011461 0.00239138 -0.00010027 -0.000793391 -2.62891e-05 0.000820622 1.78429e-05 0.00196145 0.000402828 -0.00219559 0.000186997 1.93852e-05 -0.000109539 -0.00158188 0.0018933 0.000157469 -2.13147e-05 3.90492e-05 -0.000163206 -0.00109081 8.57086e-05 -0.000232965 -0.0014097 -9.31546e-05 -0.000406422 0.00188551 -0.013615 -0.000171602 0.00693189 -0.0134103 -0.00158522 0.000590707 -0.00025255 -1.46182e-05 0.00020153 -6.51149e-05 0.00255225 0.000690513 -9.63699e-05 -1.00832e-05 -0.00417417 -0.00238554 0.000688173 -0.00476455 0.00442131 0.000320425 7.04646e-05 -0.000564376 -0.00541531 0.00125732 0.000175815 -0.000669256 -2.49962e-05 -0.000282752 0.00060817 0.00076747 0.00697456 
-9.93912e-05 -0.00409688 -0.000757157 -0.00151818 0.000490173 0.00161288 0.00209767 0.000539504 -0.000129969 -0.00240937 -0.00160796 -0.00237286 -0.0117341 -0.00341015 0.000147204 0.000422932 -0.000308273 0.00220688 0.000341685 -0.000516961 0.00525434 -1.63724e-05 -8.22482e-05 0.0171575 3.26064e-05 0.000194206 0.000298391 -0.000676961 -0.00206426 -0.00214282 0.000538475 -0.0116957 -0.00102584 -0.000707636 9.76303e-06 -0.000236947 -0.0109241 -0.00565307 -0.00127523 2.54017e-05 -2.87661e-06 0.000387399 0.000467439 -0.000287025 -0.000654793 0.000113737 -0.000145683 -2.82157e-05 0.00122216 0.000312899 -0.000750563 -0.000283811 -0.000556553 0.000890092 -8.63537e-05 -0.000122826 -0.000276475 -0.000133601 -0.000160169 -1.74472e-05 2.21517e-05 -0.000128993 -0.00988434 0.00012757 0.00158976 0.00766754 -1.18518e-05 0.00169214 -0.000330164 -0.00152394 0.00151176 0.00621045 0.0042145 0.0102381 0.000260453 0.0033037 -5.53019e-05 0.000101237 0.000107103 0.00308258 8.48488e-05 0.000611914 0.000126542 -0.00171064 -6.3204e-05 0.000338214 -0.00173703 -0.000490552 -0.000248915 0.000985243 0.0010434 0.00702704 -0.000890609 0.000989894 -0.000256208 0.00029559 0.000597355 -0.000354063 8.31378e-05 -0.000420957 
0.000110172 -0.000231974 0.000321064 8.70736e-06 6.5317e-06 0.000173967 -0.000799992 -1.1485e-05 1.3402e-05 4.16664e-05 -0.000163642 0.000451761 -0.000341605 0.000290575 8.20644e-06 -5.2283e-07 -3.03122e-05 4.76775e-05 9.8145e-05 -1.62273e-05 5.63695e-05 2.90761e-05 0.000232153 3.26064e-05 0.00138418 0.000177307 -1.09969e-05 1.0796e-05 -0.000227167 -0.000312555 0.000130593 -0.00029222 -1.13874e-05 7.20728e-05 9.75357e-05 0.000156471 -0.000399875 -0.000313924 -9.86002e-05 5.74304e-05 -0.000579957 0.000132411 5.98963e-05 0.000110382 -4.38473e-05 7.60972e-05 5.63117e-05 4.6404e-05 0.000174278 1.41188e-05 2.44579e-05 -6.21433e-06 -0.000153544 5.67867e-05 5.13526e-06 -1.0005e-06 6.83504e-05 2.88386e-05 7.71069e-05 1.85727e-05 1.28177e-06 3.01259e-05 -0.000629517 1.03116e-05 -5.56793e-06 4.43381e-05 3.10765e-05 5.10001e-05 -4.42185e-06 -0.00041425 3.45843e-05 0.000284508 -0.000553248 0.000269673 -2.5165e-05 8.21546e-05 2.59768e-05 3.15648e-06 3.48052e-05 4.96928e-05 1.07981e-07 2.91327e-05 1.00704e-05 -0.00044366 -0.000276306 8.2092e-05 -0.000266164 0.000169615 8.9492e-05 6.33826e-05 0.000239183 -6.23464e-05 0.000151771 -5.58912e-05 7.37559e-06 2.67576e-05 -6.23432e-07 -7.23096e-05 3.66863e-07 7.68724e-05 
4.16783e-05 0.00225426 0.000134426 0.00551562 -0.000206206 -0.000454457 -0.0104363 -0.000197776 8.71866e-05 -0.00295006 0.00303909 0.0016983 -0.000990134 0.00257489 4.72225e-05 -1.86943e-05 -0.00074429 -0.000372672 0.000268555 0.00328894 0.00182479 -5.29528e-05 0.00308433 0.000194206 0.000177307 0.0180226 0.000511931 0.00114325 0.00097452 -0.00245952 0.00310407 0.00146453 0.00218927 -0.00134008 3.22901e-05 -3.59067e-06 -0.00716154 -0.00573346 -0.00203507 0.000155541 -0.00420516 -0.000369331 0.00209276 -0.00021828 0.000451269 -7.61881e-05 0.000762995 0.000109653 0.000897954 -3.39242e-05 -0.000602735 0.000677696 -0.00165565 3.91132e-05 0.000203198 0.000590259 -0.000997474 -3.4138e-05 0.000558776 2.16941e-05 -3.00985e-06 0.000125555 -0.00184333 1.83107e-05 -0.000183466 -0.000883759 3.96385e-05 -6.42981e-05 0.000454461 -0.00268222 -0.000464077 0.000497292 -0.00520779 -0.00131128 0.00198682 -0.00217654 0.000211311 0.000814187 9.69953e-05 0.00422819 0.000352764 0.000187095 0.000223986 -0.00504516 -0.00264181 0.00175521 0.00113669 -0.000466796 -7.30928e-05 -0.00060649 -0.000472375 -0.00455042 5.12949e-05 -0.0009424 -0.000254064 -2.3805e-05 -0.000198432 -0.000866997 0.000503635 0.00339367 
-5.00046e-05 0.000799351 0.000597425 0.000540881 -0.000233569 0.0019972 -0.00206884 -0.000176482 0.000124245 -0.000112454 -0.00355323 -0.00132081 -0.00149941 0.00482821 -4.12799e-07 -3.67016e-05 -0.000294018 0.000345518 0.000156189 0.000616063 0.000767289 -0.000114587 0.00072161 0.000298391 -1.09969e-05 0.000511931 0.0239712 0.000923496 -0.00372694 -0.00390779 -0.000152393 -0.00400715 -0.00114177 0.000156384 5.94594e-05 -0.000423377 -0.00525749 -0.0062862 0.00192554 0.000105158 -0.00149493 0.000839255 5.21126e-05 0.000484865 -0.000753755 0.00027489 -1.47722e-05 2.25857e-05 0.00015545 6.76777e-05 -0.000808836 0.00043741 0.000993002 0.000317061 4.49935e-05 -0.000250903 0.00163926 -4.96805e-05 -3.77245e-05 0.000147671 8.60949e-05 -0.000222204 -0.00160879 4.98671e-05 0.000211256 -0.000740735 4.18315e-06 0.000615101 -0.000487464 -0.00219113 -0.000523694 0.000776619 -0.000117169 0.00109535 0.000853121 0.00210961 -7.09145e-05 -0.000263937 -3.71258e-06 -0.00116095 -6.59999e-05 0.000296647 6.31331e-06 0.000890067 -0.00363742 0.00107487 -0.00305643 0.00137152 8.45563e-05 -0.000664315 0.00207453 -0.00448466 -0.00257224 -0.000691151 0.000919144 -4.60386e-05 0.000674174 0.000880007 0.00114873 0.000250639 
-5.53009e-05 0.00754921 0.0148918 0.00862765 -0.000506625 0.00965065 -0.0207002 -0.000673067 -0.000479574 -0.00510253 -0.000993776 0.00923732 -0.00569619 -0.00348519 3.29199e-05 2.6333e-05 -0.00162914 -0.000575756 -0.00106506 0.00026532 -0.00509123 0.000104445 0.000105537 -0.000676961 1.0796e-05 0.00114325 0.000923496 0.0422643 -0.00831353 -0.0138352 0.00209142 -0.00431419 0.00399666 0.00823032 0.00014339 0.000651007 0.00265809 0.00507541 0.0136343 0.000144279 -0.0229312 0.0101494 -0.000285037 -0.00095526 -0.0022488 -0.000279814 -0.00183744 5.5805e-05 -0.000470848 -0.000131594 0.00073462 0.00251277 0.00471311 0.000834485 0.000197725 0.00023079 -0.000480145 -0.000421966 0.000433246 0.000354314 -3.15756e-05 0.000242875 -0.00175237 -5.96939e-05 0.000276843 -0.00251306 8.74372e-05 -0.00104176 -0.000745863 -0.0150227 -0.000302196 -0.00495784 -0.00773947 -0.00247226 0.00583168 -0.00274134 0.00023976 0.000255343 0.000169696 0.00265697 0.00258537 -0.000277052 0.000223611 -0.011967 -0.0113078 0.00889924 -0.00768356 -0.000198218 0.00815753 -0.000637625 0.00845646 -0.00879555 -0.00136219 -0.00289928 -0.00119971 -0.000196737 -0.000916668 7.53182e-05 0.00124858 -0.00102379 
-0.0011979 0.011294 -0.0156444 0.00366719 -0.00485095 -0.0238693 0.0214593 -0.00649321 0.00043842 -0.0154247 0.0136663 -0.0155941 0.0479911 0.00577553 -0.000481958 -0.00197776 -0.0182766 -0.00520957 -0.0193795 0.000312795 -0.0163211 -0.00393169 -6.43431e-05 -0.00206426 -0.000227167 0.00097452 -0.00372694 -0.00831353 0.0986341 0.0236984 -0.00388804 0.0405981 0.00997331 -0.0159801 -0.000920217 -0.00623568 0.0179089 0.0184832 -0.00871678 -0.00112299 0.033912 -0.0256431 -0.00479246 -0.00024871 0.00632992 -0.00339259 -0.0119484 -0.00330098 -0.00836627 -0.0010902 -0.00577257 -0.000612266 0.00256922 -0.00706156 -0.00119031 -0.00247021 -0.00681768 -0.000573631 -0.00117867 -0.00362626 -0.000325098 -0.00081151 0.0545557 -0.00113956 -0.00795142 -0.01498 -0.0006826 -0.00683338 -0.00482921 0.0284887 -0.0147901 -0.00688946 0.0126238 -0.025088 0.00117009 -0.00593906 -0.00281129 -0.00347056 -0.00274948 0.00336489 -0.000860702 -0.000717077 -0.00129266 0.0318642 0.041341 -0.017287 0.0444395 -0.0159749 -0.0033149 -0.00924091 -0.0357744 -0.0192582 -0.0233621 -0.0177875 -0.017639 -0.000192034 -0.0155154 0.00184609 -0.0135836 0.0017094 
-0.00229241 -0.0499665 -0.0195645 0.00933196 -0.00613674 -0.0139229 0.0460123 -0.00623799 -0.00469805 0.0248858 -0.00270114 -0.0439388 0.0241267 0.0377572 -0.000812271 -0.000406987 -0.00776826 0.00236892 -0.00224263 -0.00609295 0.0202194 -0.00134341 -0.00699217 -0.00214282 -0.000312555 -0.00245952 -0.00390779 -0.0138352 0.0236984 0.248261 -0.00784424 0.0130802 -0.0270725 -0.0263782 -0.000618417 -0.00884884 -0.0131806 0.0126694 -0.0293148 -0.000904973 0.0362961 -0.0152357 -0.00260662 -0.00107123 -0.0145789 -0.00447308 -0.0172064 -0.00316777 0.00237272 -2.59354e-05 -0.0170232 -0.00243375 0.0143234 -0.00601235 -0.00157377 -0.00126687 -0.014759 -0.000853341 -0.00365863 -0.00242766 -0.000588598 -0.00151422 0.0295262 -0.000442805 -0.0010906 -0.00992144 -0.00159081 -0.0128889 -0.0127609 0.0634374 -0.0110504 0.021759 0.0357887 -0.0328671 -0.0102297 -0.0249386 -0.00214052 -0.000104394 -0.00320112 -0.0171276 -0.00441639 0.000128963 -0.000731245 -0.00204458 0.0323969 -0.01176 0.00145531 -0.0208842 -0.00560537 -0.0130577 -0.0282235 -0.00267001 -0.00442067 -0.00208977 -0.00431876 0.00029571 -0.00592857 -0.0096463 -0.0110925 -0.0105316 
0.000527785 -0.000981195 0.000730672 0.00446561 5.07753e-06 0.000916595 -0.00989778 -0.000221029 0.000243562 -0.000605354 -0.00246238 0.00351822 -0.00961961 -0.00414416 -2.89676e-05 -5.70512e-05 0.00232345 -0.000171111 0.00310685 0.000265045 0.000527559 -6.86929e-05 0.00143089 0.000538475 0.000130593 0.00310407 -0.000152393 0.00209142 -0.00388804 -0.00784424 0.0246177 -0.000820764 0.0022494 -3.06221e-05 7.20132e-06 0.000190798 -0.00360403 -0.00723637 -0.000789487 0.00032386 -0.00422077 0.000380393 -0.000118508 0.00167223 -0.00123985 -0.000201065 0.0013212 0.000325623 -0.000950316 -5.2302e-05 0.000767933 0.00158117 -0.00101189 0.00114874 0.000722497 0.000125422 -0.00092627 -0.000138368 0.000129896 0.00150995 7.86095e-06 0.00057356 -0.00697602 3.14874e-05 0.00154609 0.000372124 0.000158016 0.000558889 -0.000208386 -0.00598101 0.00116674 -0.00133156 -0.00360033 1.75397e-05 0.00184311 -0.00300998 -4.40531e-05 0.000509995 -0.000171889 0.00342087 0.000156267 0.000169434 0.000340001 -0.00586709 -0.000800362 0.000940319 -0.000803567 0.00367 -0.000415025 0.000765803 0.000137512 0.00139647 0.00152546 0.00137971 0.0021258 -0.000105722 0.000240848 -0.00151432 0.00720566 0.00105243 
0.000572029 0.0631496 -0.00709772 0.00808721 -0.0101339 -0.0139592 -0.000173172 -0.00639259 0.000480545 -0.0120133 0.0237515 0.00359791 0.0674864 0.00797743 -0.00136782 -0.00182512 -0.00322482 -0.00655161 -0.0104886 0.0073045 -0.0611781 -0.00368565 0.00136008 -0.0116957 -0.00029222 0.00146453 -0.00400715 -0.00431419 0.0405981 0.0130802 -0.000820764 0.180001 0.0167908 0.00812916 -0.000849146 -0.00723556 0.0839802 0.0366016 0.00355738 -0.00123483 0.029085 -0.0119089 -0.00988235 0.00293871 0.010235 -0.00522058 -0.0130216 -0.00409451 -0.0252909 -0.00217215 -0.0234346 -0.00166799 -0.0183585 -0.00427706 0.000318834 0.000448008 -0.00429136 0.000572622 -0.0012794 -0.00189994 -0.000655558 -0.000801193 0.0606849 -0.00121206 -0.00716979 -0.0439345 -0.00185943 -0.02202 -0.00626505 0.0127691 -0.0177077 -0.05031 -0.0414761 -0.0836503 -0.0170046 -0.0393056 -0.00266189 -0.000632904 -0.00283345 -0.00840912 -0.00331382 -0.000933601 -0.00169305 0.0229281 0.023737 -0.00660439 0.0408007 -0.00103757 0.00150015 -0.0155031 -0.0250334 -0.0335648 -0.00843185 -0.00762944 -0.011989 -0.0026427 -0.0130728 0.000267345 -0.0073491 0.00779302 
-0.000224746 0.0137563 -0.00100254 0.0017515 -0.00133618 -0.00276143 -0.00427331 -0.000294809 -0.00146752 -0.0139651 -0.0154576 -0.00361962 0.00401292 -0.014001 0.000211193 -0.00034971 -0.00344146 -0.00141425 -0.00278825 0.00992077 -0.0142973 -0.000590618 0.00362091 -0.00102584 -1.13874e-05 0.00218927 -0.00114177 0.00399666 0.00997331 -0.0270725 0.0022494 0.0167908 0.0937927 0.0100229 -0.000102567 0.00292851 0.00870057 -0.0208511 0.00595518 6.06926e-05 0.00169136 -0.00223381 -0.00206494 0.000132223 0.00506345 -0.000484354 -0.0024231 -0.000618259 -0.00374668 -0.000304321 -0.00384161 0.000934367 -0.00297562 -0.000563526 -0.000204426 -0.00118659 -0.00419385 0.00203991 -0.000553635 -0.00034363 0.000139101 -0.000639686 0.011591 -0.000221011 -0.00158946 -0.00543127 -0.000273549 -0.00240118 0.0019337 -0.0141409 -0.00308933 -0.0115213 -0.0191233 -0.0117315 0.00509983 0.00367305 -0.000535516 -0.00106176 -4.7928e-05 0.0114602 0.00112201 -0.000340841 -0.000342179 0.00321368 0.0188753 -0.00146368 0.0124048 -0.00628652 -0.00157006 -0.00142269 -0.00732951 -0.0177206 -0.000937287 -0.00513088 -0.00255582 -0.000392294 -0.00231406 -0.00324988 0.000179689 0.0106056 
