0.00966265 0.0019657 -8.91753e-06 0.00227177 8.28451e-05 6.16385e-05 0.00224246 -0.000470975 0.000231256 0.000522085 -0.000887642 -0.00054068 0.000638273 -0.00228928 -0.000116095 -0.00178903 -0.00134315 -5.71747e-07 0.000493033 -0.000471933 0.000393475 -0.00110506 -0.00209857 0.000866759 -0.000665689 -0.00113428 -4.59233e-06 0.00397337 5.96554e-05 7.54744e-05 -0.00374504 -0.00019424 -0.00278627 2.12883e-05 -0.00118669 6.76035e-06 -0.0030652 0.000787503 -0.00019532 -0.00321047 0.000507863 -0.00101527 -2.68153e-05 -0.000914042 0.000444005 -0.000603914 -0.00152294 -1.20774e-05 -0.000258908 0.000186217 0.000370906 0.000169799 6.18991e-05 0.00177838 4.33139e-06 -0.000994839 4.67764e-05 0.00333979 -0.000222084 -3.69875e-05 9.02661e-05 -6.87558e-05 5.13271e-05 -0.000178713 0.00200438 -3.09859e-05 0.000213979 0.000591458 0.00154984 7.64848e-05 2.59595e-05 -2.69955e-05 -0.000209475 -0.000144107 0.00307497 -0.000993729 0.000183288 -0.00126705 -0.00233125 0.000213871 -0.000520291 2.23574e-07 -0.0016893 -0.000618007 0.000356934 -6.19079e-05 -0.00012053 -0.000110718 0.00159636 -0.00163932 0.00391112 0.00121623 -0.00424925 0.0020729 -0.00108559 -0.00175774 0.00112878 0.00035221 0.00021417 -0.000169413 
0.0019657 0.017263 0.00011355 0.00362376 9.03837e-05 3.80125e-06 0.00372922 -0.000350167 0.000807042 0.00184226 0.00144779 -0.000606528 0.00123481 -0.00255748 -0.00245528 -0.00176426 0.00466647 0.000101831 0.00256384 0.00412052 0.00245462 -0.00576514 -0.000671428 -0.00186542 -0.00053913 -0.00255489 8.65866e-05 0.00353603 0.000535777 0.000230415 -0.00522183 8.91623e-05 -0.00439966 0.000188851 -0.00451506 0.000381335 -0.00243009 -0.000414418 0.000425533 -0.00465309 -0.00157425 -0.000883322 0.000149613 -0.00085957 0.000878088 -0.000475064 -0.00244156 -2.9162e-05 -0.000762508 0.000258769 0.00024844 0.000731415 0.000785651 0.00330866 0.000312739 -0.00283468 2.63635e-05 0.00700672 -0.000200595 -7.88005e-05 0.00203312 0.000371485 0.000203489 0.000562261 -0.0045843 0.000280019 0.000204916 0.00069093 0.00209112 0.000263675 0.00106533 -6.47117e-05 -0.000388733 -7.87869e-05 0.00327426 0.0018145 0.000201529 -0.00190557 -0.00282108 0.00124431 -0.00106847 6.03834e-06 -0.00219008 -0.0006785 6.21145e-05 0.00128164 0.000285575 -0.000113104 0.00161242 -0.00762339 0.00214561 -2.17167e-05 -0.00775817 0.00336093 -0.000744752 -0.0104503 0.000501624 -0.000204894 4.23182e-05 0.00279201 
-8.91753e-06 0.00011355 0.00446468 -0.000419353 2.76872e-07 0.000160758 -2.62262e-05 -0.000435616 -0.000452398 -1.70712e-05 -0.00121902 0.00291857 0.00067132 0.000237032 0.00280547 -0.0011976 -0.00130289 4.07533e-05 -1.19292e-05 -0.000461223 4.38169e-05 -0.00209563 -0.00103964 -0.000900899 0.00334471 -0.000727654 1.73936e-05 -0.00037655 0.00107987 -2.86872e-05 -0.00272349 4.15446e-05 -0.00231927 3.46646e-07 9.49571e-05 -4.99906e-06 -0.00229017 -0.000316032 0.00120515 -0.00131237 -0.000182519 0.00283698 -4.47977e-06 0.00219808 -2.48494e-05 0.0031832 -0.00349412 5.81476e-05 9.53518e-06 4.7285e-05 -1.41456e-05 0.00013785 3.67396e-05 0.000856858 6.03227e-05 -0.0011051 0.000117904 -0.000194643 0.00058472 2.22594e-05 0.000342096 0.00137597 -2.89005e-05 -2.94129e-05 -0.00195268 -7.00652e-05 -1.63781e-05 -1.90237e-05 -0.000199203 8.3288e-06 0.000147171 -6.13163e-05 -0.000119675 -1.65733e-05 -3.23649e-05 -0.000949968 -7.12925e-06 0.00309265 0.00196316 -2.50441e-05 0.000678885 5.92579e-06 -0.000668947 0.000953977 6.15624e-06 0.000167275 -0.000134195 -6.81448e-05 -6.26353e-05 -0.0015607 -0.000238854 -0.000480028 -0.00192077 -0.000209317 0.000888923 -0.000534914 -3.7169e-05 -0.00293341 9.25199e-05 -2.88104e-05 
0.00227177 0.00362376 -0.000419353 0.184103 6.26652e-05 2.13359e-05 0.0022009 -0.00132884 0.00286461 -0.00054266 -0.0123001 -0.0109088 -0.00063571 -0.00177541 -0.0179862 -0.0546051 0.0258332 -0.000241041 -0.000485246 -0.0123104 -0.00260208 -0.0846536 -0.0212178 0.0508924 -0.00977401 -0.0262727 -9.88442e-05 0.00972106 0.000561094 -0.00129455 0.00758422 -0.00428447 0.0272808 -0.000201766 0.0332772 -0.000208647 0.0306387 -0.00436736 0.00108429 0.0285705 -0.022789 -0.0158593 -0.00014336 0.0177045 -0.00114553 -0.00305732 -0.00283441 -0.000461512 0.0149038 0.00237491 -0.000270173 -0.00116668 -0.00260329 0.00536977 -0.000239172 -0.0323248 -0.00119061 -0.000693357 -0.00322676 0.00235872 0.000429504 -0.00196956 -0.0015423 -0.00512786 0.0315388 -0.00267694 -0.000526908 0.000503481 -0.00427358 -0.000426388 -0.000451943 -0.00244923 0.00165749 0.00459226 0.00184144 -0.0313566 -5.13823e-05 -0.027371 -0.0234866 -0.00156261 0.00220248 -2.97277e-05 -0.0380647 -0.0105855 -0.000382945 -0.00864574 -0.00618644 -0.00152901 0.000432931 0.0487839 0.00716329 -0.020418 -0.00436167 0.00728155 -0.0220151 0.00459142 -0.00171519 0.00266525 0.00208482 0.00465488 
8.28451e-05 9.03837e-05 2.76872e-07 6.26652e-05 0.000841846 8.44203e-06 8.13681e-05 3.70369e-05 -6.3315e-05 9.5348e-05 -0.000208551 -2.40648e-05 0.000147777 -0.000201865 -5.72253e-05 -0.000101905 0.000272582 4.43299e-06 0.000104322 -8.09991e-05 0.00014131 -4.64074e-05 -0.000218874 0.000306332 -2.88412e-05 -0.000144165 1.55752e-05 0.000327045 -1.44785e-05 3.23296e-05 -0.00057364 2.97428e-07 -0.00047428 9.52897e-06 -0.000222872 1.55832e-05 -0.000431819 -4.49593e-05 -2.48835e-05 -0.000492053 -0.000117536 -1.66099e-05 1.36034e-05 -3.06301e-05 3.51619e-05 -4.4391e-05 -0.000143968 1.25031e-05 -8.55942e-06 2.88003e-05 1.22098e-05 -1.90862e-07 8.01476e-07 9.59447e-05 1.58343e-05 -0.000166938 2.72351e-05 0.000230054 1.32407e-05 5.9045e-06 5.66575e-05 3.23944e-05 3.62069e-05 1.27363e-05 0.000146241 2.96952e-05 1.54581e-05 1.48762e-05 0.000161382 6.46267e-05 7.34143e-07 2.87801e-05 2.92922e-05 -1.76221e-05 8.58292e-05 -7.55037e-05 6.32805e-06 -8.88326e-05 -1.02166e-05 7.33791e-05 -1.91094e-05 -8.07378e-09 -0.000105233 -1.71276e-05 7.20297e-05 6.87727e-05 1.77196e-06 0.000122679 7.05993e-05 -0.000135275 0.000446341 0.000324585 -0.000339059 7.89483e-05 -6.5638e-05 -0.000263563 2.47922e-05 -5.99765e-05 -3.13272e-07 7.74204e-06 
6.16385e-05 3.80125e-06 0.000160758 2.13359e-05 8.44203e-06 0.0025153 5.67452e-05 0.000482348 7.75013e-05 5.44151e-06 -0.000552855 0.0010568 7.63085e-05 -0.00103593 0.000916924 -0.000470858 -0.000123386 3.54113e-05 1.41678e-05 -0.00022312 -2.8937e-05 -0.000509239 -0.00069177 -0.000464802 0.00072229 -0.000147115 6.15109e-05 0.000284553 -4.87605e-05 1.42388e-05 -0.000919719 6.39296e-05 -0.000499588 1.90189e-05 0.000156673 0.000165963 -0.00136442 0.000346096 2.38981e-05 -0.00118262 -0.00037942 0.000371365 3.78196e-05 0.000224594 -7.46157e-06 0.000296923 -0.00102826 3.68143e-05 1.50792e-05 3.47354e-05 9.75661e-05 0.000478861 3.67535e-06 5.34771e-06 8.47645e-06 -0.000207708 3.74237e-05 0.000538186 0.000385328 -5.0792e-06 -3.40337e-05 0.00020748 3.94193e-05 -1.15411e-05 -0.00074902 6.06794e-05 4.47248e-05 -1.18572e-05 0.000367677 1.68122e-05 0.000161335 -1.39401e-05 -3.40607e-05 -3.72601e-05 0.000348038 -0.00042409 3.99601e-06 0.000718367 0.000202561 8.14365e-06 0.000359072 2.37726e-06 -0.00022893 0.000528303 8.86189e-05 -6.3516e-05 1.01402e-06 3.91813e-05 0.000174848 -0.000684666 0.000355274 -8.01269e-05 -0.00115616 0.000278383 0.000674278 -0.000827446 0.000287394 -0.00138057 0.000601492 0.0001355 
0.00224246 0.00372922 -2.62262e-05 0.0022009 8.13681e-05 5.67452e-05 0.0140123 -0.000209599 7.14625e-05 0.000376144 -0.00339789 -0.000759338 0.00184563 -0.00557526 -0.000753204 -0.00348955 -0.00172577 -2.52606e-05 0.00132827 -0.00113117 0.000964453 -0.00293492 -0.00249917 -0.0005358 -0.000454599 -0.00157888 3.14587e-05 0.00632075 0.000144562 0.000210934 -0.00778845 -0.00021527 -0.00509565 0.000183248 -0.00261344 0.000556402 -0.00522609 0.00119418 0.000909887 -0.00625975 -0.00152519 -0.00053634 6.4287e-05 0.000481016 0.000323074 -0.000338912 -0.00643089 -8.93119e-06 -0.000438424 -9.91976e-05 0.000271888 0.000381189 0.000250414 0.00677298 0.00014942 -0.00124735 -2.83319e-05 0.00604244 -0.00014759 8.45708e-05 0.000734603 0.000429947 -3.61146e-06 -0.000133322 -0.00335611 0.000593119 0.000547879 0.00209548 0.00556668 1.68567e-05 -2.1427e-05 0.00159602 -0.000319981 -0.000339659 0.00475374 -0.00123594 0.000318459 -0.000421897 -0.0022358 3.31544e-05 0.000165964 -7.76983e-07 0.00140691 -1.78278e-05 5.39446e-05 0.00414843 -0.000338092 -6.48562e-05 0.00312366 -0.00452986 0.00452639 0.000114684 -0.00690371 0.00622446 -0.000758099 -0.00506385 0.000361679 0.000530257 0.000210856 6.42481e-06 
-0.000470975 -0.000350167 -0.000435616 -0.00132884 3.70369e-05 0.000482348 -0.000209599 0.122617 0.0354078 0.0010736 -0.00614648 -0.0066277 -0.000867095 -0.0606397 -0.021172 0.0160821 -0.0157439 -0.000232979 0.000424411 -0.00659973 -0.00262289 -0.0180094 0.00595852 -0.0119532 -0.00878052 -0.0286647 -0.000128314 0.000681419 -0.00317782 0.0017073 -0.000623082 0.00756107 0.00227598 7.87333e-05 0.0443942 5.37421e-05 -0.00790691 0.0298071 -0.000326251 -0.0320116 -0.0156785 -0.0126757 -0.000159428 -0.00966008 0.000426776 -0.0075435 0.016822 -6.24394e-05 -0.000223395 0.000461011 0.00216129 0.000449099 0.0033728 -0.00673778 -0.000153442 0.0393771 -0.000531418 0.0039622 -0.00329639 0.000250234 -0.00325148 -0.00186547 -0.000369623 -0.00256829 0.0191472 -0.00224846 0.000349604 -0.000726199 0.00174849 0.00150219 0.000270044 -0.00135018 -0.00297841 -0.0032378 0.000628706 0.0408663 0.000151549 -0.0194431 -0.0366395 0.0015799 -0.00451134 -2.49041e-05 -0.0122507 -0.00359252 -0.00013681 -0.00581052 0.00353824 -0.000156355 -0.000619065 -0.0131299 0.0137294 -0.00363305 -0.00298277 0.000476713 -0.0131911 0.00105233 0.000138378 0.0073657 -0.000229288 -0.00177129 
0.000231256 0.000807042 -0.000452398 0.00286461 -6.3315e-05 7.75013e-05 7.14625e-05 0.0354078 0.097396 -0.00010952 -0.0150915 -0.00567304 -0.000773403 -0.0370535 -0.0165063 -0.0105195 -0.00590062 -0.00019127 0.000232546 -0.0138152 -0.00179762 -0.0414095 0.0125533 -0.0118743 -0.00688131 -0.0203437 -2.69232e-05 -0.00288753 -0.000312074 0.000334313 0.00453485 0.00923388 0.00510503 9.56104e-05 0.042753 0.0013871 0.0106061 0.0364799 0.000407873 -0.0145832 -0.0119401 -0.0081841 0.000417789 -0.00778903 -0.000372055 -0.00488169 0.0122132 -0.000263377 0.00382344 0.00197019 0.00238476 0.000568214 0.00289283 -0.00189511 -0.000114639 0.0212506 -0.000595472 -0.00420993 -0.00244508 -0.000608351 -0.00165243 -0.00126513 -0.000618871 -0.0029553 0.0128289 -0.00148233 3.94019e-05 -0.000688844 -0.00134027 0.000395447 0.00152428 -0.000547535 -0.00068933 -0.000222568 0.00097497 0.0334157 -5.51472e-05 -0.0163415 -0.0276256 0.000255775 -0.00423212 -2.23946e-05 -0.0150788 -0.00720327 0.000192591 -0.000197995 -0.00163305 -0.000445578 -0.00129003 -0.00788746 0.00691117 -0.0112255 0.000361102 -0.00881085 -0.0121158 0.00371246 -0.000170435 0.00617486 -0.000241282 0.00271737 
0.000522085 0.00184226 -1.70712e-05 -0.00054266 9.5348e-05 5.44151e-06 0.000376144 0.0010736 -0.00010952 0.00693632 -0.000982911 -0.000231551 4.04702e-05 -0.00174355 3.08231e-07 0.000167725 6.62454e-05 1.42415e-05 0.00177625 0.000585592 0.000874595 0.000474022 -0.000665311 -0.000932431 -0.000267371 -0.000635224 1.19755e-05 0.000211699 -0.000113246 0.000163796 -0.00121588 0.000252469 -0.000972685 0.0001577 -0.00131497 -1.7638e-05 -0.00269518 3.93193e-05 -0.000213878 -0.00308858 -0.00062994 -0.000603416 0.000381174 -0.000678024 0.00156195 -0.000276754 -0.000183797 1.75286e-06 -4.63152e-05 0.0005441 0.000221862 0.000654948 0.000563073 -1.66271e-05 0.000111291 -0.00108702 0.000323322 0.00214511 -7.91518e-05 -4.91696e-05 -0.000128973 0.000109883 0.000521405 0.000582258 -0.000704479 0.0006784 9.1236e-05 9.43099e-05 0.000446497 0.000633282 0.000288255 6.225e-05 -0.000174388 -1.16135e-05 0.000205381 0.00185306 6.41644e-05 -0.000889036 -0.00129381 0.0015882 -0.000287104 2.1861e-06 -0.000864778 -0.000429112 0.000121486 -0.00016681 0.000512789 0.000366627 0.000785515 -0.00250679 0.000852438 0.00291032 -0.00301292 -0.000494392 0.000361913 -0.00318343 -2.61999e-05 -0.00197304 0.000178437 5.02756e-05 
-0.000887642 0.00144779 -0.00121902 -0.0123001 -0.000208551 -0.000552855 -0.00339789 -0.00614648 -0.0150915 -0.000982911 0.213972 -0.0177705 -0.00197042 0.0399964 -0.0505767 0.00127328 -0.00825555 -0.000572266 -0.00100523 0.0188198 -0.00159738 0.0491745 0.103872 -0.0420916 -0.0198573 -0.00363115 -0.000328179 -0.022056 -0.00356867 -0.000702602 0.0189307 -0.000185086 -0.0036478 0.000174518 -0.0553526 -0.00159043 0.0888255 -0.00594355 -0.0024356 -0.000142096 0.021328 -0.0297796 -0.00117191 -0.0324038 -0.00165774 -0.0183169 0.0281607 -0.000651095 -0.00941837 -0.00119568 -0.00124214 -0.00372019 -0.00166583 -0.0158639 -0.000352248 0.073092 -0.00249391 -0.00746416 -0.00756967 -0.00231729 -0.00692044 -0.00417556 -0.000808149 -0.0090614 -0.0413634 -0.00133082 -0.000420539 0.00025089 -0.00432654 -0.000752276 -0.000183207 -0.00223113 0.0132474 -0.0044691 -0.00156541 -0.0394644 -0.000418695 -0.0413018 -0.0593186 -0.00156833 -0.0187819 -6.95583e-05 0.0830818 -0.0165707 -0.000599141 -0.0115604 0.00195043 -0.00328314 -0.00333864 -0.07038 -0.00844512 -0.00273198 0.00708136 0.0232463 -0.0421984 0.00190113 -1.31442e-05 0.0242267 -0.00245291 0.00740452 
-0.00054068 -0.000606528 0.00291857 -0.0109088 -2.40648e-05 0.0010568 -0.000759338 -0.0066277 -0.00567304 -0.000231551 -0.0177705 0.0546674 0.00346155 -0.00475594 0.0374851 -0.0103924 -0.0132941 0.00115863 -0.000169596 -0.00467439 -0.000769564 -0.0241836 -0.0167442 -0.0111714 0.038078 -0.000720348 0.000375237 -0.00488269 0.00198371 -0.000408909 -0.026108 -0.000401193 -0.0114489 -1.68595e-05 0.00205695 -0.000103591 -0.0309115 -0.00361377 0.00819831 -0.0143254 -0.00659908 0.0374265 1.63656e-05 0.0276363 -2.86859e-05 0.025544 -0.0409483 0.000885362 -0.00218491 -0.000160618 -0.000158441 0.00222016 0.000175745 -0.000879582 0.000547804 -0.0149181 0.00341737 -0.00295694 0.0185997 -0.000360988 0.00298469 0.00944645 0.000643428 0.00229778 -0.0240353 8.15634e-05 -0.000180049 -0.000357189 -0.00302182 -5.7028e-05 0.00113394 -0.000740081 -0.00144719 0.000103605 -0.000563987 -0.0102548 -6.80433e-05 0.0407947 0.029632 -0.000239867 0.0173491 0.000147234 -0.00500004 0.0164961 5.43403e-05 0.00240797 -0.0012953 0.000918453 -5.43424e-05 -0.00777033 -0.00291711 -0.0031107 -0.00711797 -0.00520803 0.0212235 -0.0100421 -0.000579242 -0.0394126 0.00164969 -0.000366803 
0.000638273 0.00123481 0.00067132 -0.00063571 0.000147777 7.63085e-05 0.00184563 -0.000867095 -0.000773403 4.04702e-05 -0.00197042 0.00346155 0.00709694 -1.65583e-05 0.00287929 -0.001873 -0.00167424 0.000169019 0.000734874 -0.00109742 0.00139375 -0.00269882 -0.002008 -0.00106151 0.00340742 -0.00165266 0.00011864 0.00119918 0.00093227 0.00012106 -0.00603068 4.38889e-05 -0.00456546 3.31129e-05 -0.00176137 0.000157569 -0.0041372 -0.000459255 0.00344615 -0.00454711 -0.000907228 0.00341615 7.10652e-06 0.00292158 8.42095e-06 0.00303883 -0.00566375 3.15352e-05 -0.000310096 -6.21628e-05 3.10225e-05 0.000163885 -5.17395e-05 0.00283958 0.000197424 -0.00179777 2.84329e-05 0.00163646 0.00302706 -2.97384e-05 0.000546129 0.00361819 5.37296e-05 -0.000180065 -0.0022895 -8.51735e-06 1.47139e-05 0.00101019 0.000518311 3.7258e-05 0.000130048 5.90885e-05 -3.26717e-05 -0.000171469 0.00143674 -0.0014963 3.35765e-05 0.00248006 0.00207866 1.56381e-05 -3.32481e-05 1.92236e-05 -0.000590145 0.00272362 4.28005e-05 0.000862806 -0.000174826 -7.30752e-05 0.000857398 -0.00368312 0.00147956 -0.000566947 -0.00482454 0.00180859 0.00111501 -0.00376056 6.02249e-05 -0.0035102 -2.64286e-05 -0.000124346 
-0.00228928 -0.00255748 0.000237032 -0.00177541 -0.000201865 -0.00103593 -0.00557526 -0.0606397 -0.0370535 -0.00174355 0.0399964 -0.00475594 -1.65583e-05 0.249906 -0.0149805 -0.04194 0.0278563 -0.000422547 -0.00150615 -0.00188516 0.00694928 0.0129709 0.0325857 0.022207 -0.00344724 0.000839073 -0.000176742 -0.0216453 0.00620165 -0.00224935 0.0144526 -0.00893423 0.00954302 -0.000572275 -0.045444 -0.00163216 0.0379773 -0.0310961 0.00396886 0.0340133 0.0336151 -0.00547682 -0.000289287 -0.0154473 -0.00149185 -0.0118791 0.0203643 -0.00046168 -0.0171432 -0.00333433 -0.00270641 -0.00409211 -0.00376699 -0.0118517 -0.000289823 -0.0138964 -0.00184215 -0.0213717 -0.00236637 -0.00267534 -0.00165816 0.000415093 -0.000758597 -0.00427724 -0.0316332 0.00229222 -0.00183024 -0.000736631 -0.0103506 -0.0015404 -0.00152243 -0.00214395 0.00438625 -0.00501981 -0.00490133 -0.0509369 -0.000275359 -0.0138261 0.0403542 -0.00181262 -0.0126428 -4.3347e-05 0.0194568 -0.00977694 -0.000256178 -0.0187638 -0.00376533 -0.00460914 -0.00500373 0.0145916 -0.0252645 -0.000677898 0.0115978 0.00353984 -0.0388338 0.00758637 -0.00315118 0.0134752 -0.00391292 0.00250496 
-0.000116095 -0.00245528 0.00280547 -0.0179862 -5.72253e-05 0.000916924 -0.000753204 -0.021172 -0.0165063 3.08231e-07 -0.0505767 0.0374851 0.00287929 -0.0149805 0.157533 -0.0299718 -0.0408477 0.00119046 -0.000581067 -0.0199368 -0.00371627 -0.00230026 -0.0443912 -0.0221449 0.0398278 0.0484931 0.000443467 -0.00537151 -1.59494e-05 -0.00125054 -0.0295408 -0.00266582 -0.0122623 -0.000199256 -0.0103426 0.000325898 -0.0761325 -0.0119487 0.00444804 -0.00112859 -0.00627013 0.0517626 0.000133553 0.0279379 0.000543636 0.030715 -0.049068 0.00121507 -0.00492825 -0.00054447 -0.000663706 0.00503898 -0.000292643 0.00715805 0.000309893 -0.0393023 0.0036104 -0.00266671 0.0172449 -0.00128088 0.00290404 0.00826281 0.000432418 4.12097e-05 -0.032059 0.00103783 0.00017171 -0.000934406 0.00145173 -0.000596117 0.000664839 -0.00130925 -0.00365279 -0.00139786 -0.000779926 -0.0357256 -0.000179398 0.0794492 0.0476002 -0.000939812 0.0276395 0.000124318 -0.0213222 0.0214351 0.000209885 0.00500458 -0.00450686 0.000598768 0.0033541 0.0209603 0.00109799 0.014083 -0.00772251 -0.0089302 0.0395903 -0.0115278 -0.00126863 -0.0427319 0.00400729 -0.00218615 
-0.00178903 -0.00176426 -0.0011976 -0.0546051 -0.000101905 -0.000470858 -0.00348955 0.0160821 -0.0105195 0.000167725 0.00127328 -0.0103924 -0.001873 -0.04194 -0.0299718 0.199655 0.0330477 4.59024e-05 -0.000206281 0.021623 -0.00429344 0.0759243 -0.0268162 -0.0279397 -0.0182223 -0.0017702 -0.000226226 -0.0136437 -0.00549135 0.00224176 0.0161966 -0.00164625 -0.0324327 -6.38574e-05 -0.0196805 -0.000266178 -0.00628581 -0.0116985 -0.0128931 -0.0158431 -0.00681948 -0.0232112 -0.000315979 -0.0205727 0.00210133 -0.0161372 0.0202119 -9.22857e-05 -0.00479093 -0.00116269 -0.000932867 -0.000105732 0.00106953 -0.0111002 -0.00020585 -0.00634382 -0.000283598 0.00688064 -0.00665177 -0.00202437 -0.00370968 -0.0033949 -0.00165365 0.0101166 0.0295479 -0.00443993 -0.0011259 -0.00175001 -0.00179248 2.09922e-05 -0.000953848 -0.00276554 -0.00751115 -0.00464501 -0.00264221 0.0810867 -0.000237037 -0.0262391 -0.00173009 0.00150233 -0.0137934 -5.43109e-05 -0.00733456 -0.0016259 -0.000305581 0.00216291 0.0176414 0.00103776 0.00254369 -0.0243452 -0.00954546 0.035188 0.0075148 -0.00797104 0.0216801 -0.0219786 -0.00155862 0.0117752 -0.00192701 -0.00502372 
-0.00134315 0.00466647 -0.00130289 0.0258332 0.000272582 -0.000123386 -0.00172577 -0.0157439 -0.00590062 6.62454e-05 -0.00825555 -0.0132941 -0.00167424 0.0278563 -0.0408477 0.0330477 0.209192 -0.000121862 0.000655403 0.00585552 0.000817218 0.00542303 -0.0371105 0.0330016 -0.0163904 -0.0303646 -2.28222e-05 -0.00619207 -0.00628225 4.82443e-05 0.0203139 -0.00213212 0.0212279 0.000161044 -0.0385347 0.000666367 -0.00874286 -0.0178537 -0.0118145 0.0206131 -0.0392889 -0.0137129 -0.000549031 -0.0172284 0.000132612 -0.0181779 0.0362132 -0.000571453 -0.00329411 -0.000786753 -0.00134908 -0.000329287 -0.0022956 -0.00868749 -0.00020864 -0.0638468 -0.00220959 0.0114018 -0.00718996 -0.00121268 -0.000824238 -0.00368793 -0.00261937 0.00152881 0.0357189 -0.0046088 -0.000758129 -0.0019892 -0.00623014 -0.000560004 -6.20035e-05 -0.00162968 -0.00456175 -0.00502267 -0.000918955 0.0116353 -8.12629e-05 -0.0334042 0.0193548 -0.000607057 -0.016803 -6.83683e-05 -0.0426091 -0.00808569 0.000487573 -0.00606688 0.00438114 0.000154951 0.000753992 0.0412641 -0.00874191 0.00138167 0.00395979 0.00243431 0.0100857 -0.0122909 -0.00152723 0.0185005 -0.00125472 0.00261806 
-5.71747e-07 0.000101831 4.07533e-05 -0.000241041 4.43299e-06 3.54113e-05 -2.52606e-05 -0.000232979 -0.00019127 1.42415e-05 -0.000572266 0.00115863 0.000169019 -0.000422547 0.00119046 4.59024e-05 -0.000121862 0.00204028 8.32107e-05 0.000284484 -3.15644e-05 -0.000557725 -0.00044958 -0.000236196 0.000989037 -3.80596e-05 1.8515e-05 -0.000122415 0.000156411 -4.26334e-07 -0.000983597 5.69403e-05 -0.00119936 1.13621e-05 -0.000503479 7.33981e-05 -0.00114274 -0.000124749 0.000671481 -0.00119836 -0.000202655 0.000651969 5.07304e-06 0.0003827 0.000118483 0.000428342 -0.0012325 0.000151725 -7.51168e-05 2.69029e-05 7.08054e-06 3.22988e-05 4.591e-05 -9.19727e-05 9.8297e-06 -0.000493248 0.000130092 0.000247816 0.000303257 -1.42057e-05 0.000354296 0.000500951 -1.70067e-06 0.00067281 -0.000816532 -4.00666e-05 8.9222e-07 -4.40903e-06 -7.73434e-05 3.45508e-06 0.000419861 -2.63772e-05 0.000169972 -5.45922e-05 2.31895e-06 -0.000215941 2.30333e-06 0.00113149 0.000825623 5.32704e-05 -0.000107089 5.684e-06 0.000262552 0.000573725 4.96728e-05 0.000495429 0.000202099 7.93866e-05 -1.1706e-05 -0.000902769 -7.70166e-05 0.000126904 -0.00156401 -7.28368e-05 0.000883487 -0.00073635 -1.70548e-05 -0.00161798 0.000166207 0.00017986 
0.000493033 0.00256384 -1.19292e-05 -0.000485246 0.000104322 1.41678e-05 0.00132827 0.000424411 0.000232546 0.00177625 -0.00100523 -0.000169596 0.000734874 -0.00150615 -0.000581067 -0.000206281 0.000655403 8.32107e-05 0.00412431 -2.67368e-06 0.00146914 -0.000718358 -0.000543445 -0.000526321 -0.000218647 -0.000853412 1.88869e-05 0.000642698 6.69489e-05 0.000247109 -0.00202396 7.68556e-05 -0.00169998 0.000146705 -0.000960423 0.000145745 -0.00196823 2.39419e-05 0.000163895 -0.00255002 -0.000507995 -0.000247442 0.000130248 -0.000299196 0.000832558 -0.00023874 -0.00106017 -7.70326e-06 -0.000139812 0.000215831 0.000150207 0.000496132 0.000443303 0.00132071 0.000246021 -0.000763572 0.0001537 0.00212106 -7.54456e-05 -1.28749e-05 0.000361935 0.000124654 0.000346329 0.000355887 -0.00128122 0.000374304 3.88261e-05 0.000338922 0.000307528 0.000295493 0.000202125 -3.99785e-06 -6.10511e-05 -0.000109038 0.000881855 0.00127198 0.000117659 -0.000555685 -0.000994607 0.000999131 -0.00025022 3.41058e-06 -0.000359178 -0.000269847 0.000125004 0.000870541 0.000478677 6.27232e-05 0.000736317 -0.00212681 0.000525808 0.000646402 -0.00313615 0.000873088 0.000107335 -0.00280006 0.000161794 -0.00116761 5.66407e-06 0.000239673 
-0.000471933 0.00412052 -0.000461223 -0.0123104 -8.09991e-05 -0.00022312 -0.00113117 -0.00659973 -0.0138152 0.000585592 0.0188198 -0.00467439 -0.00109742 -0.00188516 -0.0199368 0.021623 0.00585552 0.000284484 -2.67368e-06 0.133665 -0.00305568 0.0296941 0.00958812 -0.00997913 -0.00963546 0.00270473 -6.90275e-05 -0.00871364 -0.00364514 0.00122728 0.00826276 -0.000214834 -0.0139419 -0.000172722 -0.00963986 -0.00032208 0.0136506 -0.00878623 -0.00570241 -0.00974064 -0.0102445 -0.0112411 7.19746e-06 -0.0117463 0.00176018 -0.00653051 0.00577868 -0.000347916 -0.000660676 -0.00030891 -0.000565742 -0.00126144 -0.00179206 -0.00806188 -9.51374e-05 0.0208982 -0.000137653 0.0151013 -0.00339908 -0.000973482 -0.00171532 -0.00173102 -3.63564e-05 0.0123314 -0.0375648 -0.00138049 -0.000394187 -0.000690546 0.00220424 -0.000110316 0.000214651 -0.000395838 -0.00356796 0.00532672 -0.000681188 -0.0136133 -0.000183062 -0.00712212 -0.0169503 0.00178909 -0.00714865 -2.8024e-05 0.0130519 -0.00261818 -0.000193428 0.00109091 0.00614053 0.00351272 2.50823e-05 -0.0157254 -0.00775933 0.0113976 -0.00016075 -0.000445499 -0.0029987 -0.023799 -0.000965268 -0.000316304 -0.000808082 0.00206733 
0.000393475 0.00245462 4.38169e-05 -0.00260208 0.00014131 -2.8937e-05 0.000964453 -0.00262289 -0.00179762 0.000874595 -0.00159738 -0.000769564 0.00139375 0.00694928 -0.00371627 -0.00429344 0.000817218 -3.15644e-05 0.00146914 -0.00305568 0.0235521 -0.00145793 -0.000642551 0.0011608 -0.000762431 -0.00333736 6.97757e-05 -8.38481e-06 7.26708e-05 0.000737632 -0.0014841 -0.000176863 -0.00235056 3.60718e-05 -0.00334517 0.000214962 -0.00266294 -0.00161256 0.00190015 -0.0048422 -0.00054659 0.00245776 0.000151251 -0.00197481 0.000204911 -0.00119851 -0.00151459 8.36752e-05 -0.000787088 5.34615e-05 -8.86087e-05 0.000304411 7.62301e-05 0.00178458 0.000230608 -0.00283477 -1.92069e-05 0.00161761 -0.000554704 -0.000100536 0.000641876 4.55348e-05 0.000453646 -0.000715596 0.000558116 0.00243553 0.00011745 0.000686276 0.000155587 0.000414875 3.406e-06 0.000836001 0.00143161 -0.000441549 0.000938105 0.000470756 0.000285171 -0.000752961 0.000455132 0.000803677 -0.000240878 4.25093e-06 -0.00126241 -0.00116841 0.000306305 0.000598702 -0.000488341 -0.000149244 0.00156666 -0.000789711 0.000602045 0.000460577 -0.00309433 0.00357821 -0.00211552 -0.00380956 0.000135755 0.000171278 -0.000105468 -0.000415053 
-0.00110506 -0.00576514 -0.00209563 -0.0846536 -4.64074e-05 -0.000509239 -0.00293492 -0.0180094 -0.0414095 0.000474022 0.0491745 -0.0241836 -0.00269882 0.0129709 -0.00230026 0.0759243 0.00542303 -0.000557725 -0.000718358 0.0296941 -0.00145793 0.249986 0.00267502 -0.0547602 -0.0349478 0.0630454 -0.000357515 -0.0116349 -0.00288772 -0.000827132 0.0229935 -0.00798752 -0.0207117 -0.000304781 -0.0904936 -0.00238111 -0.0263029 -0.0293511 -0.0246737 -0.00621737 0.0203986 -0.0280258 -0.000591499 -0.0502377 0.00216365 -0.0273477 0.0429881 -0.000382524 -0.0134352 -0.00352092 -0.00234759 -0.000557444 -0.00104905 -0.0153268 -0.000471975 0.0123224 -0.00143061 0.0171575 -0.0118839 -0.00287075 -0.0117921 -0.00673957 -0.00109672 0.00760257 -0.000219986 0.00314031 -0.000432529 -0.00126488 0.00804269 -0.000739082 -0.00220171 -0.000231962 -0.00237027 -0.00792448 -0.00100717 -0.000517723 -0.000514483 -0.0116899 0.00417428 0.00107542 -0.0207888 -0.000106405 0.0356628 -0.00863247 -0.0011653 -0.00323672 0.0127566 0.0018306 0.00462811 -0.019163 -0.00988036 0.0497492 0.00805013 0.00913382 0.013203 -0.00978151 -0.000844655 0.0269938 -0.00218776 -0.00714092 
-0.00209857 -0.000671428 -0.00103964 -0.0212178 -0.000218874 -0.00069177 -0.00249917 0.00595852 0.0125533 -0.000665311 0.103872 -0.0167442 -0.002008 0.0325857 -0.0443912 -0.0268162 -0.0371105 -0.00044958 -0.000543445 0.00958812 -0.000642551 0.00267502 0.215917 -0.0424212 -0.0159592 -0.0124574 -0.000306148 -0.0300091 0.00239344 -0.00190712 0.0204577 0.0110128 0.0152508 2.38385e-06 -0.00886467 -0.000771837 0.0855628 0.0148717 0.0132457 -0.028666 0.0332859 -0.0294965 -0.00113352 -0.031943 -0.00156639 -0.0182904 0.0286909 -0.000729281 -0.0132687 -0.00102142 -0.00177541 -0.00297018 0.00169963 -0.0177719 -0.00033555 0.0958988 -0.00212133 -0.0113342 -0.00761895 -0.00199813 -0.00724289 -0.00412481 0.000269894 -0.00951208 -0.0547217 -0.00259057 -0.000606533 0.000235963 -0.00352693 1.39352e-05 0.00117266 -0.00286194 0.014857 -0.00660392 -0.00296532 -0.01191 -0.000449928 -0.0322687 -0.0741428 -4.97796e-05 -0.0202761 -7.21194e-05 0.10194 -0.0144041 -0.000293737 -0.00931788 -0.00521047 -0.00481103 -0.00474202 -0.104619 -0.0105586 -0.0204108 0.00533703 0.0217728 -0.042291 0.0152656 -0.00257286 0.0238587 -0.00229981 0.00775717 
0.000866759 -0.00186542 -0.000900899 0.0508924 0.000306332 -0.000464802 -0.0005358 -0.0119532 -0.0118743 -0.000932431 -0.0420916 -0.0111714 -0.00106151 0.022207 -0.0221449 -0.0279397 0.0330016 -0.000236196 -0.000526321 -0.00997913 0.0011608 -0.0547602 -0.0424212 0.174761 -0.010732 -0.0196764 -0.000124083 0.0331152 -0.00198219 -0.00113199 -0.0147009 -0.00344537 0.00314487 3.11499e-05 0.0187789 0.000321923 0.00773269 -0.00509957 -0.00436698 0.0126723 0.00461188 -0.00720877 -0.00049872 -0.00731741 -0.00142024 -0.0116426 0.00630854 -0.000122394 -0.00385995 -0.00121993 0.00136069 -0.0021921 -0.00217358 0.00119915 -0.000109609 -0.0333781 -0.00142154 -0.00777764 -0.00513625 -0.000708465 0.00921792 -0.00119592 -0.00151757 -0.003117 0.0489179 0.000675448 -0.000177538 -0.000439453 0.000801161 -0.000606269 -0.00118588 0.00426138 -0.00127161 0.00387234 -0.000141554 -0.0129546 0.00018494 -0.0242403 0.00844752 -0.00133013 -0.00641686 -1.77832e-05 -0.0260478 -0.00636038 0.000512949 0.0013242 -0.00701896 -0.00179419 -0.00271781 0.0481139 0.00864473 -0.0222807 0.00260189 -0.00819235 -0.0224447 0.0190106 0.0021538 0.0132187 -0.00144727 -0.00321046 
-0.000665689 -0.00053913 0.00334471 -0.00977401 -2.88412e-05 0.00072229 -0.000454599 -0.00878052 -0.00688131 -0.000267371 -0.0198573 0.038078 0.00340742 -0.00344724 0.0398278 -0.0182223 -0.0163904 0.000989037 -0.000218647 -0.00963546 -0.000762431 -0.0349478 -0.0159592 -0.010732 0.0688417 -0.00499465 0.000393758 -0.00496643 0.00443726 -0.000547646 -0.0254997 -0.000616646 -0.0145208 -4.34889e-05 0.0025878 -0.0002882 -0.0326806 -0.00490334 0.0149146 -0.00717074 -0.00142881 0.039302 -3.29439e-05 0.0348935 -0.000299007 0.0336936 -0.0476778 0.000967543 0.000198622 -0.000138823 -0.000110075 0.00209831 -5.35614e-05 0.00236095 0.000486607 -0.0182225 0.00213827 -0.00418622 0.0155516 0.000244622 0.00185305 0.00992106 0.000238685 -0.0008858 -0.0313295 -0.00139893 -0.000115204 -0.000375696 -0.0026671 -0.000102835 0.000996521 -0.00101245 -0.00121333 -0.00121059 -0.000708627 -0.0111624 -0.000122992 0.046551 0.0377894 -0.000495029 0.0183584 0.000145578 -0.00563283 0.017232 -0.000111588 0.00192838 -0.00232963 0.000119032 -0.00094255 -0.0132985 -0.00394905 -0.00777554 -0.00860231 -0.00522675 0.0220583 -0.000902583 -0.000604361 -0.0387572 0.00160555 -0.00139722 
-0.00113428 -0.00255489 -0.000727654 -0.0262727 -0.000144165 -0.000147115 -0.00157888 -0.0286647 -0.0203437 -0.000635224 -0.00363115 -0.000720348 -0.00165266 0.000839073 0.0484931 -0.0017702 -0.0303646 -3.80596e-05 -0.000853412 0.00270473 -0.00333736 0.0630454 -0.0124574 -0.0196764 -0.00499465 0.181641 8.03829e-05 -0.014527 -0.0048961 -0.000681724 0.00551702 -0.00465074 -0.00203996 -0.000302123 -0.0381237 -0.000118416 -0.0407257 -0.0138129 -0.0127989 0.0166842 -0.00613733 0.00138609 -0.000334043 -0.00774894 0.00150266 -0.00112714 -0.00300121 7.42171e-05 -0.00855054 -0.00133892 -0.00134046 0.00115907 -0.00123353 0.000320191 -6.70406e-05 -0.0158746 0.00275253 -0.00119023 -0.0029905 -0.00139875 0.000253733 -0.00292265 0.000127829 0.00993602 -0.0379263 0.00467648 7.40814e-05 -0.00102086 0.001377 -0.000668618 -0.00102735 -0.000463894 -0.00730483 -0.00347554 -0.00192909 -0.0331071 -0.000266605 0.0344081 0.0408234 -0.000111526 0.00557446 -3.74209e-05 0.00421913 0.00516593 -0.000177692 0.000379164 -0.00212501 0.00196422 0.00371143 0.00596452 -0.00510565 0.0146789 0.00365051 -0.00481564 0.0248877 -0.0306874 -0.00164382 -0.00581375 0.000725525 -0.00145696 
-4.59233e-06 8.65866e-05 1.73936e-05 -9.88442e-05 1.55752e-05 6.15109e-05 3.14587e-05 -0.000128314 -2.69232e-05 1.19755e-05 -0.000328179 0.000375237 0.00011864 -0.000176742 0.000443467 -0.000226226 -2.28222e-05 1.8515e-05 1.88869e-05 -6.90275e-05 6.97757e-05 -0.000357515 -0.000306148 -0.000124083 0.000393758 8.03829e-05 0.00124111 0.000248033 0.000324082 1.37154e-05 -0.000587684 -6.38056e-06 -0.00039152 4.20013e-06 -0.000257417 1.53553e-05 -0.000610555 -7.10074e-05 -4.98411e-05 -0.000174112 -0.000166834 0.000301007 5.39776e-05 0.000122895 7.26156e-06 0.000150254 -0.000700063 0.000221556 -1.02426e-05 -1.39382e-06 9.72218e-05 0.000173443 2.04746e-05 0.000285796 0.000252059 -0.000314401 3.43847e-05 1.84233e-05 0.000274341 -2.39432e-06 8.15077e-05 0.000380832 -2.49072e-07 5.54226e-05 -0.000451017 5.0836e-05 2.9509e-05 5.22608e-06 -3.24626e-05 2.08391e-07 5.4607e-06 1.65131e-05 -3.20091e-05 -1.69584e-06 7.21642e-06 -0.000201197 4.97271e-06 0.000559349 0.000526379 -2.85261e-06 9.91192e-05 8.48675e-07 -0.000275868 0.000474354 1.56383e-05 0.000166326 -1.50384e-05 0.000194473 2.86429e-05 -7.78725e-05 -5.34531e-05 -3.66829e-05 -0.000609842 -0.000107757 2.09698e-05 -0.000654554 -4.91054e-06 -0.000591299 3.10206e-05 4.44577e-06 
0.00397337 0.00353603 -0.00037655 0.00972106 0.000327045 0.000284553 0.00632075 0.000681419 -0.00288753 0.000211699 -0.022056 -0.00488269 0.00119918 -0.0216453 -0.00537151 -0.0136437 -0.00619207 -0.000122415 0.000642698 -0.00871364 -8.38481e-06 -0.0116349 -0.0300091 0.0331152 -0.00496643 -0.014527 0.000248033 0.110827 0.00707586 0.000888567 -0.0366063 -0.00236783 -0.0248464 0.00026517 -0.00507821 0.00126822 -0.019788 0.00896087 -0.00347495 -0.0163639 0.00375382 -0.00533356 -2.94345e-05 -0.00144225 -0.000432418 -0.0027705 -0.00739966 -2.02917e-05 0.00465418 -0.000113539 0.00412462 -0.000597753 -3.13744e-05 0.0133429 0.000286727 -0.0101838 -0.000914963 0.00883953 -0.00101424 0.000667138 0.00692962 0.00046847 -0.000483082 -0.0030385 0.0216027 0.000424785 0.00190452 0.00210492 0.0189457 -9.23317e-05 -0.000511055 0.00690842 -0.00432355 0.00125692 0.00812493 -0.0137926 0.000573663 -0.00923532 -0.00490646 -0.000451753 9.05393e-05 5.90664e-06 -0.0132153 -0.00243386 0.00100262 0.008742 -0.00286898 -0.00127023 0.00222499 0.0101012 0.0218078 8.54068e-05 -0.0113545 0.00863959 -0.00855685 0.00509271 0.00714784 0.00435599 -0.000171113 -0.00120508 
5.96554e-05 0.000535777 0.00107987 0.000561094 -1.44785e-05 -4.87605e-05 0.000144562 -0.00317782 -0.000312074 -0.000113246 -0.00356867 0.00198371 0.00093227 0.00620165 -1.59494e-05 -0.00549135 -0.00628225 0.000156411 6.69489e-05 -0.00364514 7.26708e-05 -0.00288772 0.00239344 -0.00198219 0.00443726 -0.0048961 0.000324082 0.00707586 0.0282459 -0.000217042 -0.00433148 -0.000708438 -0.00496768 -2.73982e-06 0.000381519 0.000636817 -0.000243932 -0.00145974 0.00267469 0.000179572 0.00760114 0.000618667 0.000361019 -0.000603345 4.03142e-05 0.00109654 -0.00580096 0.000198091 0.00141616 0.000204909 3.6447e-05 0.000587743 -0.000167138 0.00365553 0.000418982 -0.00142154 -0.000126734 -0.000572571 0.0011047 0.000380765 0.00194252 0.00290388 -6.45651e-05 -0.000434673 -0.00384356 0.000390041 -7.9175e-05 5.90503e-05 -0.000823946 -3.63461e-05 -0.000124114 -0.000153704 -0.000401326 0.0001677 -2.30676e-06 -0.00525781 -1.97351e-05 0.00124041 0.00236959 -9.89342e-05 -0.000400954 1.13377e-05 0.000469484 -0.000826487 -1.24786e-05 0.000554705 -0.000722388 -0.000222369 -0.000353492 -0.00301006 -0.00147408 -0.00361926 -0.00590062 5.19331e-05 -0.00323204 0.000279432 0.000281246 -0.0026682 -3.82464e-05 0.000293912 
7.54744e-05 0.000230415 -2.86872e-05 -0.00129455 3.23296e-05 1.42388e-05 0.000210934 0.0017073 0.000334313 0.000163796 -0.000702602 -0.000408909 0.00012106 -0.00224935 -0.00125054 0.00224176 4.82443e-05 -4.26334e-07 0.000247109 0.00122728 0.000737632 -0.000827132 -0.00190712 -0.00113199 -0.000547646 -0.000681724 1.37154e-05 0.000888567 -0.000217042 0.00826938 -0.000922017 0.000205622 -0.00201342 9.9164e-05 0.00135274 0.000172358 -0.0013632 0.00105018 -0.000224794 -0.00115624 -0.00109548 -0.000458312 -3.67707e-06 -0.000741709 -1.76262e-05 -0.000384347 0.00015681 2.8509e-05 -0.000198141 -1.71894e-05 0.000801227 -7.804e-05 -4.25252e-05 0.000232532 2.58431e-05 9.05738e-05 -3.10263e-05 0.000186542 -0.000170814 -4.18538e-05 -0.000139595 -8.12782e-05 0.000169263 -0.000205958 0.00183599 8.08724e-05 0.000165889 4.5191e-05 0.000353299 0.000246125 -3.3888e-05 -2.05515e-06 -0.000123261 -0.000105458 0.000933224 0.00107815 3.53291e-05 -0.000820884 -0.0017687 6.23339e-06 -0.000487051 -8.92677e-07 -0.0015852 0.000100559 7.51002e-05 0.000187348 0.000445809 -7.3911e-05 0.000455821 -0.000182637 0.00164138 0.000166571 -0.00128483 0.000234844 -0.00105456 -0.00186431 0.000271969 0.000582272 -3.76422e-05 -1.66595e-05 
-0.00374504 -0.00522183 -0.00272349 0.00758422 -0.00057364 -0.000919719 -0.00778845 -0.000623082 0.00453485 -0.00121588 0.0189307 -0.026108 -0.00603068 0.0144526 -0.0295408 0.0161966 0.0203139 -0.000983597 -0.00202396 0.00826276 -0.0014841 0.0229935 0.0204577 -0.0147009 -0.0254997 0.00551702 -0.000587684 -0.0366063 -0.00433148 -0.000922017 0.113836 -0.000433223 0.064872 -0.000281895 0.00873179 -0.00303797 0.0585369 -0.00779317 -0.011672 0.0538478 -0.00313785 -0.0319447 -0.000126373 -0.0334975 -0.000793324 -0.0234181 0.0493017 -0.000967375 0.00304999 0.000299469 -0.00462944 -0.00211708 0.000207899 -0.0203191 -0.000929782 0.00356718 -0.00356606 -0.0066321 -0.0144003 -0.000681528 -0.0186565 -0.00982645 -0.00109117 -0.00272877 0.0112713 -0.00148682 -0.00271835 -0.00351785 -0.0222566 -0.000369256 -0.000383034 -0.00445629 -0.00213546 0.00131584 -0.00858959 0.0143515 -0.000622094 -0.026418 -0.0239316 -0.00105785 -0.0169195 -0.000131794 -0.01483 -0.0137324 -0.00112213 -0.0239608 0.000678842 -0.000346495 -0.00387818 0.0311176 -0.0250849 -0.0131189 0.0222175 -0.0148823 -0.00383815 0.00765705 -0.00673927 0.0287892 -0.00128522 -0.000768126 
-0.00019424 8.91623e-05 4.15446e-05 -0.00428447 2.97428e-07 6.39296e-05 -0.00021527 0.00756107 0.00923388 0.000252469 -0.000185086 -0.000401193 4.38889e-05 -0.00893423 -0.00266582 -0.00164625 -0.00213212 5.69403e-05 7.68556e-05 -0.000214834 -0.000176863 -0.00798752 0.0110128 -0.00344537 -0.000616646 -0.00465074 -6.38056e-06 -0.00236783 -0.000708438 0.000205622 -0.000433223 0.0275768 0.000266078 0.000155582 0.00526011 0.00204381 -0.000675441 0.00718764 0.00331276 -0.0129431 -0.00210492 -0.00248013 -8.02486e-05 -0.0028705 -4.94985e-05 -0.00122583 0.00164135 6.46629e-05 -0.00062471 0.000859266 0.000253871 0.000582197 0.000279483 -0.00120478 1.81275e-05 0.00523442 -0.000115898 -0.000951109 -0.000336508 -9.36033e-05 -0.000187023 0.000158665 0.000215646 -0.000637055 -0.000889389 -0.000186319 0.000131276 -0.000111563 0.0017138 0.000845331 0.00150749 -0.000200445 0.000153331 -0.000587585 -0.000231674 0.00294661 -2.69803e-05 -0.00214124 -0.00612735 1.31783e-05 -0.00167295 4.20194e-06 0.00302541 0.00198276 0.000751356 -0.000388943 -0.000574022 -0.000322208 -6.87767e-05 -0.0108972 0.000396715 -0.00196942 -0.000400916 0.00095163 -0.00245972 -0.0032406 -0.000260765 0.000906288 0.000413118 0.00111351 
-0.00278627 -0.00439966 -0.00231927 0.0272808 -0.00047428 -0.000499588 -0.00509565 0.00227598 0.00510503 -0.000972685 -0.0036478 -0.0114489 -0.00456546 0.00954302 -0.0122623 -0.0324327 0.0212279 -0.00119936 -0.00169998 -0.0139419 -0.00235056 -0.0207117 0.0152508 0.00314487 -0.0145208 -0.00203996 -0.00039152 -0.0248464 -0.00496768 -0.00201342 0.064872 0.000266078 0.183769 1.43848e-05 0.0168959 -0.00314145 0.0498793 0.00325679 -0.00677787 0.0581884 -0.0227859 -0.0168395 9.31721e-05 -0.0184972 -0.00265472 -0.0136244 0.0350326 -0.000707556 0.00594092 0.000613802 -0.00292211 0.000325053 -0.00114959 -0.0151852 -0.000732394 -0.00924067 -0.00412903 -0.00854515 -0.00601925 0.000664121 -0.0142547 -0.00707718 -0.00102633 -0.011932 -0.000902421 0.0007759 -0.00206139 -0.00311694 -0.0221019 -0.000642738 -9.44254e-05 -0.00350639 -0.00293122 0.00049998 -0.00717133 -0.0121399 -0.000501767 -0.01148 -0.0209708 -0.00249192 -0.00546853 -0.000103255 -0.0218711 -0.00831565 -0.000878249 -0.0310989 -0.0051905 -0.00539812 -0.00725483 0.0488271 -0.0152928 -0.0412546 0.0172032 -0.0225957 -0.00673304 0.0154868 -0.0052914 0.0160835 0.000521447 0.000652341 
