0.0479121 0.000263388 -0.00311467 -0.00427479 -0.00229507 0.00385743 0.00660634 -0.00402293 -0.004615 -0.00678521 0.000217579 -0.023814 -0.000984058 0.011304 -0.00394454 9.32703e-05 0.0161196 0.00436263 -0.000128471 -0.00162951 -0.00186369 -0.0135044 0.00322265 0.00272674 -0.000879972 -0.00485532 -0.00121729 -0.000611321 -0.000201947 -0.00444121 0.000148521 -0.00501008 -0.00121816 -0.00570012 -0.00037928 -0.000838965 -2.18257e-05 0.00123917 -0.000110906 0.0075731 -0.000179077 -0.00147126 0.000323467 0.00020249 -0.00202175 -0.00100405 -0.0044087 0.000987189 -0.00119167 0.000161698 -0.000943268 -0.00014297 0.00324237 0.00566548 0.00445601 -0.000867919 -0.00602396 0.00948251 0.00260238 -0.000631213 -0.00257354 -0.00214176 0.000376962 -0.000666585 -0.00174508 0.00870911 -0.00177733 -0.00380555 -0.000911481 -0.000286933 0.000113978 -0.00188598 -0.00730492 -0.00166073 -0.00210413 -0.000274134 9.87092e-06 -0.000487589 -0.00046405 -0.000171916 -0.000107907 0.00197388 6.37553e-05 -0.00903386 0.000309169 0.00348195 -0.000397572 -0.00139367 -4.0555e-05 0.000675193 0.00344197 -0.00263757 -0.00249356 0.0007718 -0.000909363 -0.00191779 0.00153532 -8.21956e-05 0.00347897 0.00491229 
0.000263388 0.125924 0.00287446 -0.0270927 -0.00704907 -0.0439432 -0.0271611 -0.00568268 0.00279079 -0.00597799 -0.000478585 0.0301653 -0.0188678 0.0263212 0.0160882 -0.00100136 0.0240726 0.0226779 -0.0431693 0.0130061 0.0430105 0.00658511 0.0288769 -0.00190465 0.010083 -0.0191357 -0.00353374 -0.00143748 0.000126525 -0.0146334 -0.00168948 0.0269469 -0.00681028 -0.0140385 -0.000805626 0.00964969 0.000750919 4.13223e-05 -0.00160866 -0.0488618 -0.000323634 -0.00406624 -0.00160724 -0.00130321 -0.00103701 -0.00617605 0.0001546 0.00412225 0.00125204 0.00456657 -0.00266965 0.000149064 -0.0492365 -0.0469088 0.00139729 -0.00299322 -0.00264287 0.00224052 -0.00447568 -0.00238798 0.00405543 -0.0218309 0.00101112 -0.00138196 0.0146403 0.00116359 -0.00359272 0.0386144 0.0112257 0.000563355 9.70736e-05 -0.00532783 -0.0232548 -0.00227022 0.00017262 -0.00860515 4.72829e-05 -0.00156728 -0.00211684 0.00484778 0.000689404 2.83915e-05 0.00107927 -0.0315823 -0.00053181 0.004371 -0.00135215 0.00204673 0.000997072 0.0191208 -0.0332193 -0.00243499 0.00790968 0.00491874 -0.0047491 -0.00495987 0.0131896 -8.20784e-05 0.00131739 0.0333268 
-0.00311467 0.00287446 0.10522 -0.0141026 0.0080846 -0.0113409 -0.0361453 -0.00958233 -0.0178475 -0.0127569 -0.00010259 0.0257573 -0.0115402 -0.022891 0.00209927 -0.000609889 -0.0183233 -0.0182551 -0.0434324 0.00429243 0.0299074 0.0322185 -0.00861505 0.0489565 -0.0015205 0.0107328 -0.00620188 -0.000808255 -0.000255903 0.0186005 -0.0008864 -0.0132034 0.00445609 -0.01529 -0.00197494 0.00566009 0.00429342 -0.000636037 -0.000172365 -0.0218443 0.000234979 0.013327 0.00284585 -0.0014665 -0.00284189 -0.00240485 0.0437714 -0.00619122 -0.00259723 -0.00154538 -0.00185327 -0.000371723 -0.037553 -0.0369807 0.00321012 -0.00223515 -0.00952815 -0.0544285 -0.00202515 0.00607697 0.0123141 0.00774234 -0.00215761 -0.00175221 -0.0032173 -0.0399319 0.000165682 0.0123408 0.023825 -0.000440727 -0.00057694 -0.00644598 0.0124676 -0.00375259 0.00506332 -0.0056224 -7.10492e-06 -0.00213193 0.000559016 3.19259e-05 -0.000441104 -0.000481229 0.000404631 0.00331018 -0.000280539 0.0087772 -0.00089755 0.00024519 -0.000258893 0.0169707 -0.00456914 -0.00238739 -0.00477971 -0.0062413 -0.0017948 0.024163 -0.00422574 -0.00105298 -0.00162857 0.047552 
-0.00427479 -0.0270927 -0.0141026 0.161901 0.0246416 0.00786191 0.0694794 0.055791 -0.000151078 -0.0215162 -0.00108073 -0.020774 0.075206 -0.0556887 -0.0176976 -0.00102121 -0.0108196 -0.0240917 0.00964399 -0.00814383 -0.0501158 -0.0324418 0.0411953 0.00169326 -0.00139298 -0.0271131 -0.0109229 -0.00228634 -0.00151333 0.0265026 -0.00303484 -0.0277195 -0.0124067 0.00465863 0.00428318 -0.00025546 -0.00115973 0.00104018 0.0017214 0.0955622 0.00136371 -0.000613287 -0.00771594 -0.00260397 -0.00878366 0.0274102 -0.00476374 -0.00879864 -0.0057999 -0.00327236 0.00149161 -0.000674842 0.051487 0.0748085 0.00340574 -9.4546e-05 -0.002204 0.0139298 0.0178343 -0.00353011 -0.016543 0.0231652 -0.00375696 -0.00482734 -0.00745693 0.0125395 0.00624676 -0.0143171 -0.0254247 -0.000720303 -0.000574814 -0.00432795 -0.0314211 -0.00770934 -0.0109992 -0.0139383 -0.000102407 -0.00138219 -0.00348913 -0.00269548 -9.78135e-05 -0.00275845 -0.000562069 -0.0295228 -5.76585e-06 -0.0627059 0.00401077 -0.0080652 -0.000187071 -0.00658735 -0.0251425 -0.00959421 -0.0125951 -0.0158396 -0.00546247 -0.00708182 -0.022928 -0.000630175 -0.00217955 -0.0315697 
-0.00229507 -0.00704907 0.0080846 0.0246416 0.117935 0.0291125 0.0451152 0.00920151 -0.043137 -0.0403859 -0.00267792 0.0421307 0.0164988 -0.0776242 -0.00366912 -0.00624464 0.00201748 -0.0128113 0.0322349 -0.0109164 0.0111661 0.0324321 0.0433787 0.0197427 -0.0100947 -0.00974676 -0.0398782 -0.00530747 -0.00281263 0.0295761 -0.00987311 -0.0473445 0.00224069 0.00913916 -0.0032938 -0.00560548 -0.00335488 -0.000407875 -0.0039633 0.0448445 -0.00101132 0.0027523 -0.0154519 -0.00993036 -0.0265814 0.00532906 0.00738546 -0.0291003 -0.0211357 -0.00805909 -0.0084172 -0.00190901 0.0518266 0.0665725 -0.0122702 -0.00603941 -0.0150672 0.025457 0.00253478 -0.00273938 -0.00634433 0.0637373 -0.00995433 -0.00215159 -0.00898942 0.0438831 0.00261812 -0.00771983 -0.0101132 -0.00565344 0.000436806 0.00606566 -0.0157151 -0.0332003 -0.0155403 -0.0139519 -0.000270358 -0.00628825 -0.00812749 -0.00357049 -0.00198296 -0.00372506 1.12938e-05 0.0100915 -0.00211016 0.0404759 0.000132925 -0.0178436 -0.000453293 -0.00266224 -0.012604 -0.0329928 -0.0474302 -0.0347301 -0.0116658 0.00423226 -0.0202583 -0.00565884 -0.00135351 -0.00376705 
0.00385743 -0.0439432 -0.0113409 0.00786191 0.0291125 0.229981 0.0521912 -0.00191344 -0.0450216 -0.0169011 0.00145529 -0.0140945 -0.0303818 -0.0273599 -0.0208196 -0.00155147 0.00849494 0.00388305 0.0879282 -0.0138408 -0.091651 0.0378933 -0.0237672 -0.0660207 -0.00732514 -1.8929e-05 -0.0110464 -0.0025993 -0.00182853 -0.00964465 -0.00147956 -0.0364342 0.00937558 0.000594039 -0.00570058 -0.00863874 -0.0079386 0.000849383 -0.000334604 0.017183 -0.00132201 -0.0118549 -0.00614704 -0.00247187 9.71424e-05 -0.0125045 -0.027339 -0.0108005 -0.00448562 -0.00540919 -0.00421443 -0.00171028 0.0916933 0.0674496 -0.0196479 -0.00776941 -0.0198638 0.0361931 -0.00722674 -0.00160017 -0.0219233 0.0247978 -0.00462131 -0.00556646 -0.00996277 0.0460051 0.0120069 -0.0283139 -0.0165493 -0.00224358 0.00141333 0.00687031 0.00333466 -0.00870556 -0.0175663 -0.0108704 -0.000155076 0.00192525 -0.00364546 -0.00452573 -0.000794345 -0.00655722 -0.00069274 0.0795378 -0.00114195 0.025067 0.00185398 -0.0116693 -0.000727597 -0.0192892 0.0354516 -0.00812451 -0.0172643 -0.0204688 -0.00265852 0.00782412 -0.0156705 -0.00325332 0.00153133 -0.0447875 
0.00660634 -0.0271611 -0.0361453 0.0694794 0.0451152 0.0521912 0.240559 0.0172861 -0.0158565 -0.0619626 -0.00215343 -0.0419703 0.0485846 -0.0658768 -0.0310144 -0.0019802 0.0159022 -0.0233189 0.0662893 -0.0171522 -0.0937438 -0.0119436 0.0403377 -0.0412386 -0.00618812 -0.0680969 -0.0223108 -0.00637111 -0.000684965 0.00518846 -0.00179359 -0.0506234 0.0126559 0.0279882 0.00221997 -0.0114744 -0.00238744 0.00118917 -0.000699319 0.118092 0.00119381 -0.00966176 -0.0148706 -0.0053132 -0.0115688 0.0144504 -0.0245531 -0.0168057 -0.0118834 -0.0086345 -0.00521611 -0.00115254 0.138752 0.108533 -0.000903998 -0.00257366 -0.008708 0.0826677 0.00842949 -0.00566319 -0.0305852 0.0517166 -0.0084896 -0.00851864 -0.0153543 0.0652962 -0.0103837 -0.0307935 -0.055575 -0.00112656 0.000892969 0.00742623 -0.0497963 -0.0166726 -0.0219853 -0.0224544 -0.000166223 -0.000336662 -0.00632446 -0.00380466 -0.00177152 -0.00497276 -0.0011285 0.012538 -0.00109431 -0.00812261 0.0020309 -0.0144063 1.2652e-05 -0.0123063 0.00848236 -0.0162145 -0.0230974 -0.0218697 -0.0136632 -0.012901 -0.0327396 -0.000255977 0.0032032 -0.0587426 
-0.00402293 -0.00568268 -0.00958233 0.055791 0.00920151 -0.00191344 0.0172861 0.108555 0.0102595 -0.0165525 -0.00010019 0.000323292 0.0489887 -0.0181674 0.000493095 -0.000502403 -0.0106881 -0.0158918 -0.00462445 -0.000733989 -0.0277031 -0.0305873 0.0346732 -0.00538731 0.0100535 -0.00615103 -0.00330197 -0.00147494 -0.000653269 0.00639978 -0.00354376 -0.00374661 -0.00816475 -0.0228193 0.00822041 0.00757327 0.00460605 0.00105449 0.000298151 0.0379622 0.000950451 -0.000400943 -0.00173514 -0.000115801 -0.00537555 0.0215497 -0.00669956 -0.00320027 -0.00155932 0.00356397 -0.00142743 -0.000453109 0.00531173 0.0110153 0.00127966 0.000502068 -0.00669709 -0.0124138 0.00126672 -0.0013527 -0.00573276 -0.000433184 -0.00156047 -0.00155157 0.009949 0.00876914 0.00693571 0.00259637 -0.00134563 0.000531503 0.00127764 -0.00719922 -0.0010364 -0.00425401 -0.00545766 -0.00846412 -3.49979e-05 -0.00213145 -0.00174667 0.00157208 0.000119019 -0.00231806 -0.000226958 -0.022835 7.82902e-05 -0.0579444 0.00307951 -0.00376248 7.95455e-05 -0.00541711 -0.0135315 -0.00639451 0.000454253 -0.00713459 -0.0039535 -0.0023007 -0.0140436 0.000535013 -0.00181179 -0.017108 
-0.004615 0.00279079 -0.0178475 -0.000151078 -0.043137 -0.0450216 -0.0158565 0.0102595 0.134877 0.0242816 0.000607895 -0.0264473 0.0134881 0.0266308 0.00568602 0.00093358 -0.0167522 -0.0032847 -0.0642599 0.00869456 -0.0341386 -0.0300828 -0.0127148 -0.0126891 0.00770918 -0.0106429 0.020864 -0.000953667 0.00117532 -0.00812997 -0.00187154 0.047989 -0.0069071 0.000410621 0.00408777 -0.0011147 0.00916364 -0.000528589 0.00264472 -0.00410197 -1.21346e-05 -0.00284894 -0.00129282 0.00388649 0.0159766 0.00281087 -0.00154495 0.0191639 0.0123891 0.00466373 0.00452725 0.000734198 -0.013931 -0.0453973 0.0208664 0.00306635 0.0135295 -0.0140747 0.00899952 -0.000323537 -0.000894502 -0.0204334 0.00483171 -0.0013183 0.0137905 -0.0287449 -0.00444779 0.0143934 0.000741988 0.00354958 -0.000859305 -0.00633087 0.0126342 0.0219148 0.011574 0.00283967 0.000190109 0.000264498 0.00503524 -0.000791523 0.000269428 -0.000355349 -0.000314519 -0.0191583 0.000915357 -0.0554472 -0.000491615 0.00786679 0.000226413 -0.00655789 -0.000809263 0.0196398 0.0360946 0.02514 0.000558607 -0.00381396 -0.00968294 0.00421352 -0.00162454 -0.0168424 
-0.00678521 -0.00597799 -0.0127569 -0.0215162 -0.0403859 -0.0169011 -0.0619626 -0.0165525 0.0242816 0.150639 0.00181258 -0.015049 -0.0224369 0.0247308 0.0107508 0.00316076 -0.0160918 0.0124881 -0.00344823 0.00562817 0.00985893 -0.0110095 -0.0242044 -0.00303098 -0.00197108 0.0308174 0.0229314 0.00938991 -0.00120272 -0.00577165 0.00414255 0.046408 -0.00176866 -0.00360833 0.00103651 -0.00555793 -0.00395067 -0.000916565 0.000303511 -0.0478174 -0.00135884 -0.00121499 0.0149656 -0.00167142 0.025005 -0.00744863 -0.00909989 0.0241773 0.00305041 -0.00104954 0.0105189 -0.000473557 -0.043599 -0.0309988 -0.00378543 -0.00335179 0.0204921 -0.00536303 -0.00292608 -0.00251855 0.00143691 -0.0204077 0.00760722 -0.00196483 0.00188129 -0.0568974 -0.00191587 0.00567508 -0.00378528 0.00124503 -0.00101228 -0.00214459 0.0139722 0.0217446 0.0107094 0.002316 -1.62808e-05 0.00578275 0.002376 -0.00141508 -0.000288344 0.00110869 -0.000320602 -0.0291711 -0.000387865 -0.0240173 -5.91947e-05 0.0187181 0.000111964 -0.00524889 -0.00733193 0.0294298 0.0242502 0.019046 0.01169 -0.00495421 0.000538518 -0.000286978 -0.00157503 -0.00749505 
0.000217579 -0.000478585 -0.00010259 -0.00108073 -0.00267792 0.00145529 -0.00215343 -0.00010019 0.000607895 0.00181258 0.00825767 -0.00183923 -0.000574749 0.00248157 0.000969435 0.000405363 -0.000352499 0.000671443 -0.00168379 -0.000337154 -0.00263431 -0.000643956 -0.0031779 -0.00148619 0.000186899 0.00187233 0.0012293 -5.73588e-05 -6.01284e-05 -9.05372e-05 0.000980727 0.000177266 0.000454874 -0.000165739 -4.79713e-05 -0.000251797 -6.34419e-05 0.000110471 0.000174339 -0.0017845 1.13851e-05 -0.000190882 0.000582943 0.000117729 0.00224576 -0.000134164 -0.000234009 0.0015424 0.000137245 0.000376045 4.70026e-05 -3.95328e-06 -0.00295914 -0.00308382 -8.37031e-05 -9.90927e-05 0.00010559 -0.00109367 -0.000310204 -4.6389e-05 0.00019758 -0.00324922 2.01213e-05 0.000192402 -0.00022371 -0.003416 -0.000241985 -0.000331263 0.00245123 7.75421e-06 7.28428e-05 -0.000220555 0.00185512 0.000481409 0.00082224 0.00102584 7.59866e-06 0.000337043 0.000979371 0.00101404 0.000557126 -9.92879e-05 -7.28783e-06 0.00117821 3.93246e-05 -0.00278725 1.57601e-05 0.000254638 -1.51991e-05 -0.000553507 0.00107547 0.000552839 0.000810242 1.4973e-05 0.000630458 0.000807761 -0.000265765 6.82395e-06 0.000107803 -0.00125241 
-0.023814 0.0301653 0.0257573 -0.020774 0.0421307 -0.0140945 -0.0419703 0.000323292 -0.0264473 -0.015049 -0.00183923 0.209884 -0.0200866 -0.0462223 0.0172029 -0.00516228 -0.0107452 -0.00337048 0.00305821 0.00122479 0.0608853 0.0647995 0.019645 0.0302766 0.00114089 0.00985558 -0.0162449 -0.00640594 -0.00226928 0.0170303 -0.00733815 -0.0247895 0.00187462 0.00881636 -0.00719111 0.0143034 -0.00054402 -0.00273468 -0.0083279 -0.0425045 -0.00333101 0.00372525 -0.0051138 -0.0091444 -0.019495 -0.00941263 0.024488 -0.0184043 -0.00155084 -0.00256731 -0.00874524 -0.00199418 -0.0288198 -0.0149807 -0.00516856 -0.00683606 -0.00494006 -0.0278314 -0.0119829 -0.00215532 0.00916911 0.00713594 -0.000492387 0.00258311 0.00761707 -0.0156141 0.00737553 0.0126336 0.00838713 -0.00326407 -0.000221792 -0.00224737 0.0157297 -0.0149424 -1.73332e-05 -0.00143091 4.24817e-05 -0.00498363 -0.0008973 -0.000746907 0.000228933 -0.00391366 0.000626704 0.0224854 -0.00197504 0.0395467 -0.00375457 -0.00828299 0.000357235 0.0129848 -0.0595952 -0.0157104 -0.0203847 -0.0454455 -0.00317745 0.00844216 0.0072035 -0.00774247 -0.00627728 0.00237972 
-0.000984058 -0.0188678 -0.0115402 0.075206 0.0164988 -0.0303818 0.0485846 0.0489887 0.0134881 -0.0224369 -0.000574749 -0.0200866 0.117378 -0.0319889 -0.011434 -0.000763652 -0.0158612 -0.0185423 -0.0140851 -0.00542634 -0.0270766 -0.0418642 0.0219753 0.0143122 -0.000550478 -0.0189954 -0.00710757 -0.00170644 -0.000491604 0.02974 -0.00415089 -0.0160534 -0.00568065 -0.0170769 0.00668331 -0.00300211 0.00239998 0.000113372 0.00294117 0.0788979 0.00297966 0.000391349 -0.00536017 -0.00165647 -0.00600363 0.0330979 -0.00161775 -0.00700301 -0.00401597 -0.00268313 -0.000178813 0.000138336 0.0323825 0.0462709 0.0126873 0.00311919 -0.0076478 0.0159185 0.0158838 -0.00168478 -0.0115036 0.0146374 -0.00194823 -0.00165085 -0.00385268 0.0034388 -3.77665e-05 -0.00843909 -0.0177806 -0.000496284 -0.000323609 -0.00320103 -0.0171952 -0.00470357 -0.00657865 -0.00845286 -6.54661e-05 -0.00163251 -0.00227997 -0.00114648 -0.000633931 0.000108472 -0.000382038 -0.0239365 0.000131887 -0.0618708 0.0025518 -0.00552529 -9.80846e-05 -0.00458979 -0.0157253 -0.00644196 -0.00701629 -0.00991654 -0.00456603 -0.0047281 -0.0168555 0.000674953 -0.00172704 -0.0217378 
0.011304 0.0263212 -0.022891 -0.0556887 -0.0776242 -0.0273599 -0.0658768 -0.0181674 0.0266308 0.0247308 0.00248157 -0.0462223 -0.0319889 0.210291 -0.00175498 0.0033544 0.00734457 0.0306791 -0.0235183 0.00869636 0.0297559 -0.0549304 -0.04148 -0.0362242 0.00624995 0.0229293 0.0327226 0.00205173 0.00212954 -0.0579935 0.00689649 0.056825 -0.0120999 -0.0382545 0.00118951 -0.00329508 -0.00463748 -0.00015901 0.00242717 -0.0768999 1.49012e-05 -0.00992896 0.00824499 0.00875551 0.0170556 -0.0123502 -0.0275867 0.0261521 0.0149446 0.00769918 0.00286974 0.00181977 -0.0744122 -0.0834191 -0.00216581 0.00441432 0.00178124 -0.00425423 -0.00839213 0.000275274 0.0013193 -0.0528779 0.00551077 -0.0019575 0.00785245 0.00293045 -0.00701823 0.0098328 0.0300561 0.00289041 -0.00093121 -0.00888899 0.00941423 0.0267862 0.012469 0.02413 9.90622e-05 0.000297743 0.00421365 0.00172143 -0.000417096 0.00220673 -0.000161643 -0.00409075 0.00133042 0.00292545 -0.000854629 0.0151428 -3.27817e-05 0.00143003 0.0349407 0.0291221 0.0361636 0.0480076 0.00782679 -0.00980064 0.0545458 0.00472925 0.00500718 0.0146672 
-0.00394454 0.0160882 0.00209927 -0.0176976 -0.00366912 -0.0208196 -0.0310144 0.000493095 0.00568602 0.0107508 0.000969435 0.0172029 -0.011434 -0.00175498 0.0893265 -0.00044203 0.00645619 0.00675717 -0.0148109 -0.00262945 0.00849648 0.00989616 -0.0128787 -0.0050973 0.000298441 0.0199107 0.00198719 -0.00170909 0.000358375 -0.000288308 -0.00151486 0.00933779 -0.000565357 -0.00121486 -0.0016364 -0.0020575 0.000480952 -0.00041163 -0.000927284 -0.029827 -0.000700062 0.00034431 -0.00168341 0.00186671 0.0051607 -0.00381887 0.000561312 0.00690561 -0.00099582 0.00461435 0.00132316 3.31688e-05 -0.0440515 -0.0455988 -0.00412689 0.000438645 -0.00649788 -0.0170545 -0.00338357 0.00324443 0.0211057 -0.0244497 0.00609856 0.0116763 0.00706673 0.00550911 -0.00181111 0.0228365 0.0175143 -0.000308296 0.000852305 -0.00477874 0.0219711 -0.00296709 0.00374054 0.00703486 -1.30399e-05 0.000819322 0.000532385 0.0063164 0.00150857 -0.000647171 -8.46736e-05 -0.0148111 -0.000100998 -0.0146517 -0.000823139 -0.00347921 0.000251446 -0.0042057 0.0111789 -0.00129185 -0.00070495 -0.00525542 -0.000932308 0.00697526 -0.0115075 -0.000534548 -0.00126091 0.00479901 
9.32703e-05 -0.00100136 -0.000609889 -0.00102121 -0.00624464 -0.00155147 -0.0019802 -0.000502403 0.00093358 0.00316076 0.000405363 -0.00516228 -0.000763652 0.0033544 -0.00044203 0.00849879 -0.0011569 0.00224896 0.000797368 -0.000189344 0.000683224 -0.00269441 -0.000254528 -0.000937023 4.04133e-05 0.00311133 0.00479195 0.00130199 0.000109774 -0.00170453 0.00455907 0.001181 -6.88498e-05 -0.000348926 3.57999e-05 -0.000390188 -0.000167842 0.000155506 -7.66988e-05 -0.00229585 -3.35926e-05 0.000154541 0.00504036 0.000130943 -0.000151807 -0.000105013 -0.000775833 0.00228172 0.00115133 -0.000116612 0.000328942 -7.51303e-06 -0.00302339 -0.00361116 -0.000490287 0.000270643 -0.000667752 -0.00236684 -0.000180996 6.51905e-05 0.000214429 -0.0048107 0.000621056 -0.00017281 -0.00016008 -0.00471708 -0.000267236 -0.00041814 0.00200724 0.000110678 -1.92958e-05 -0.000419034 -0.000923298 0.000219472 -8.65918e-05 -4.60329e-05 8.2785e-06 0.00177997 0.000120147 -0.000125256 0.000108574 0.000601225 7.00652e-07 -0.00234982 0.000120719 -0.00210216 -1.18061e-05 0.0030461 5.61114e-05 3.04573e-05 -0.000870809 3.5839e-05 -9.55883e-05 -0.000170623 0.00261961 -0.000365627 0.000850423 0.000232572 0.000121168 0.00143601 
0.0161196 0.0240726 -0.0183233 -0.0108196 0.00201748 0.00849494 0.0159022 -0.0106881 -0.0167522 -0.0160918 -0.000352499 -0.0107452 -0.0158612 0.00734457 0.00645619 -0.0011569 0.136287 0.0302718 0.0126017 -0.0063272 -0.00488642 -0.0172671 0.0186125 -0.0297031 -0.00191378 -0.0101705 -0.00659797 -0.00251764 -0.000341547 -0.0342903 -0.00130806 0.00645609 -0.00422665 0.00858756 -0.00234 -0.00564441 -0.00157742 -4.59297e-06 -0.000603569 0.00434125 0.00036382 -0.00624747 -0.0056436 0.000224352 -0.00202875 -0.00616596 -0.0141711 0.00334863 -0.00201978 -0.00174459 -0.00174721 -0.000492131 0.00984459 -0.0010588 -0.00658734 -0.00331185 -0.0120639 0.047 -0.0013261 -0.00257094 -0.00712901 -0.00140255 -0.00180375 0.00178399 -0.000975115 0.0433237 -0.00331188 -0.00431525 -0.008269 -0.00118256 -0.000677609 -0.00565935 -0.0258623 -0.00564748 -0.00186818 0.000946161 -1.32174e-05 -0.000389411 -0.00252864 0.000345895 0.000140425 -0.00100567 0.000288214 -0.0224632 -0.000507495 0.019743 1.68903e-05 -0.00608478 -4.35499e-05 -0.00159145 0.00329574 -0.00570736 -0.00819601 -0.00821952 -0.00571732 -0.00663534 0.0078659 -0.000989283 0.0068709 -0.00708059 
0.00436263 0.0226779 -0.0182551 -0.0240917 -0.0128113 0.00388305 -0.0233189 -0.0158918 -0.0032847 0.0124881 0.000671443 -0.00337048 -0.0185423 0.0306791 0.00675717 0.00224896 0.0302718 0.145908 -0.00698586 0.000353959 0.0198187 -0.0146911 0.0100027 -0.0121276 -0.00394731 0.00997119 0.00545553 0.000438418 -0.000529137 -0.0214594 0.00326852 0.011315 -0.00703047 -0.0254187 -0.00250689 -0.00360255 -0.00364648 0.000962105 -0.000119081 -0.030472 -0.000383544 0.000649548 0.00800992 -0.00204508 0.000915935 -0.0060628 -0.0100982 0.0098817 0.00826662 -0.00243275 0.00411041 -0.000810576 -0.027922 -0.0260059 -0.00965619 -0.000522477 -0.0135334 0.0114139 -0.000783631 -0.00300476 -0.00119447 -0.00887654 0.00464628 -0.00444763 0.00406034 0.00130228 -0.00179181 -0.00111325 0.00858636 -0.00050162 -0.00022744 -0.00389661 -8.87997e-05 0.00279562 0.000237609 -0.0037365 -7.24992e-05 0.00442219 -0.00213791 -0.000680543 -0.000795352 -0.00170503 0.000820496 -0.00877131 -0.000360581 0.00634508 -0.000184542 0.00106796 9.90654e-05 0.00157068 -0.0212282 0.000131997 -0.003223 -0.00882573 0.00902717 -0.00700953 0.0258047 -0.00175117 0.00370803 -0.00142365 
-0.000128471 -0.0431693 -0.0434324 0.00964399 0.0322349 0.0879282 0.0662893 -0.00462445 -0.0642599 -0.00344823 -0.00168379 0.00305821 -0.0140851 -0.0235183 -0.0148109 0.000797368 0.0126017 -0.00698586 0.224454 -0.0216987 -0.0349434 0.0137613 0.00409172 -0.0716062 -0.0142202 0.0139292 -0.0130722 0.000128701 -0.000539262 -0.0227365 0.00622593 -0.0468829 0.00675289 0.0268585 -0.00799403 -0.0135307 -0.0116336 -0.00118435 -0.00543343 0.0274399 -0.00286792 -0.0196113 0.000535815 -0.00374481 -0.0124515 -0.0112219 -0.0546781 -0.0194707 -0.0119476 -0.0109482 -0.00450905 -0.00238304 0.0831936 0.101121 -0.035208 0.00237386 0.0156069 0.0688348 -0.0147898 -0.00419284 -0.00990183 0.0241992 -0.00553492 0.00040325 -0.0168344 0.0743844 0.00246668 -0.0445073 -0.0455064 -0.00255166 8.31523e-05 0.0121487 -0.027363 -0.0166219 -0.0243826 0.00447378 -0.000181508 0.00253472 -0.00579774 -0.00797379 -0.00297901 -0.00496243 -0.000985938 0.0413793 -0.00178623 0.0590963 -0.000443239 -0.00796713 -0.000736005 -0.019279 0.0396431 -0.0138281 -0.0320932 -0.0228116 0.000971311 -0.0146956 0.0103632 -0.00382213 -0.000241555 -0.052574 
-0.00162951 0.0130061 0.00429243 -0.00814383 -0.0109164 -0.0138408 -0.0171522 -0.000733989 0.00869456 0.00562817 -0.000337154 0.00122479 -0.00542634 0.00869636 -0.00262945 -0.000189344 -0.0063272 0.000353959 -0.0216987 0.0430897 0.0148027 -0.00711189 -0.00258285 0.00559626 0.00588902 -0.000701539 0.00695235 0.000907268 -1.6208e-05 -0.000620932 -0.00106786 0.0171769 0.00123195 -0.00897868 -6.89572e-05 0.00485495 0.000427239 -0.000110383 -8.89179e-05 -0.0125185 -0.000249597 0.00325199 0.000723319 -7.66218e-05 0.0010817 -0.00177622 0.00582751 0.00504934 0.00459302 0.00197607 0.000795644 -4.86708e-07 -0.0197588 -0.0207424 0.00308562 -0.000882881 -0.00236909 -0.0229948 0.000851088 -0.000351553 -0.00128761 -0.0118672 0.000328732 -0.0010819 0.00991546 -0.0210415 -0.00113958 0.0170685 0.00387125 0.000159857 -0.000107212 -0.0018769 0.00683588 0.0074543 0.00287348 -0.00173138 1.62359e-05 0.000323529 -0.000140873 -0.000128353 0.000337089 0.0014303 9.53232e-05 -0.0101523 1.04801e-05 -0.0109351 -0.000400952 0.00246833 7.37431e-05 -0.00174421 -0.00856881 0.00171298 0.012666 0.0103254 0.000229689 -0.0012123 -0.00131851 -0.000323232 -7.16753e-05 0.0189672 
-0.00186369 0.0430105 0.0299074 -0.0501158 0.0111661 -0.091651 -0.0937438 -0.0277031 -0.0341386 0.00985893 -0.00263431 0.0608853 -0.0270766 0.0297559 0.00849648 0.000683224 -0.00488642 0.0198187 -0.0349434 0.0148027 0.247291 0.00844598 0.0418036 0.0836304 0.00257162 0.036936 -0.00224029 0.0039383 -3.80299e-06 0.00855471 0.00267116 -0.0034563 -0.0134932 -0.0235958 -0.00528725 0.0189308 -0.00375677 -0.00112928 -0.00575489 -0.0767514 -0.00135325 0.0133187 0.0147731 -0.00271181 -0.0216325 -0.0145044 0.0285597 -0.00730406 -0.000314467 0.000509589 -0.00154103 -0.00012361 -0.123901 -0.0499793 -0.00323114 -0.00593856 -0.00912886 -0.0699953 -0.00925056 -0.000101755 0.0248209 -0.0131923 -0.00065233 -0.00121451 0.00899471 -0.0397246 -0.00424041 0.0243136 0.0324162 -0.00233065 -0.00152796 -0.0106638 0.00543675 -0.0112746 0.0121429 0.00690252 5.80095e-05 -0.00337389 -0.000709465 -0.000435996 0.000264784 0.00787947 0.0011446 -0.0635846 -0.000533779 0.0465223 -0.00387074 0.00460765 0.000636756 0.0332971 -0.047684 -0.0170457 -0.00899408 -0.00366516 0.00866312 -0.00404343 0.0346739 -0.00300219 -0.00108493 0.0749914 
-0.0135044 0.00658511 0.0322185 -0.0324418 0.0324321 0.0378933 -0.0119436 -0.0305873 -0.0300828 -0.0110095 -0.000643956 0.0647995 -0.0418642 -0.0549304 0.00989616 -0.00269441 -0.0172671 -0.0146911 0.0137613 -0.00711189 0.00844598 0.218371 -0.0214863 0.00313305 -0.00381341 -0.00248641 -0.0165868 -0.00547143 -0.00127729 0.00345115 -0.00863062 -0.0357067 0.00194079 0.0197684 -0.00495369 -0.00116024 0.000845608 -0.000969306 -0.00272405 -0.0530376 -0.00141241 -0.00261034 -0.0101301 -0.00361499 -0.0045056 -0.012814 0.0138607 -0.0128989 -0.00532628 -0.00468094 -0.00361206 -0.0012539 0.0317026 0.00319477 -0.00596423 -0.0061258 0.00806201 -0.0170108 -0.00904595 0.00052594 0.00089932 0.0180481 -0.00523295 -0.00222719 -0.00995057 -0.00426395 0.00593284 0.00374422 0.00243575 -0.00243582 -0.0011238 0.00469441 0.022246 -0.0108518 0.00282819 -0.011607 0.000126517 -0.00392024 0.00181577 0.00120912 0.00232635 -0.00343271 9.58763e-05 0.050187 -0.00127215 0.0574446 -0.00268505 -0.00623365 -0.000243177 -0.00368774 -0.0270344 -0.0140552 -0.013991 -0.0248967 -0.0104134 0.0194578 -0.0198256 -0.00325689 -0.00394222 0.0102861 
0.00322265 0.0288769 -0.00861505 0.0411953 0.0433787 -0.0237672 0.0403377 0.0346732 -0.0127148 -0.0242044 -0.0031779 0.019645 0.0219753 -0.04148 -0.0128787 -0.000254528 0.0186125 0.0100027 0.00409172 -0.00258285 0.0418036 -0.0214863 0.225585 0.0277898 0.000312747 -0.0114948 -0.0129623 -0.00404064 -0.00127984 -0.00602197 -0.00189137 -0.0172398 -0.0331511 -0.00608579 0.00235507 0.00334091 -0.000363989 0.00100158 -0.00721335 0.0476432 -0.000993215 -0.000581451 0.00325336 -0.00135715 -0.0307869 0.0055348 0.00121501 -0.00444039 -0.0117433 0.000490128 -0.0051282 -0.00143966 0.00888912 0.0409474 -0.00618549 -0.0111903 -0.00515443 0.00314605 0.00184493 -0.0100612 0.000953666 0.0192902 -0.00369559 -0.00801703 0.00366055 0.0406586 -0.00157604 0.00675479 0.00711647 -0.00189528 0.000401468 0.000282949 -0.0785876 -0.0253594 -0.0173714 -0.0361644 -0.000175471 -0.00798818 -0.00878324 -0.00282589 -0.00259636 -0.00889195 0.000223463 -0.0967072 -0.00122055 0.0161081 0.00141115 -0.00831948 0.000597374 0.0131824 -0.0473335 -0.0244989 -0.0200234 -0.0126526 -0.00873225 -0.0215331 -0.0187218 -0.00131415 -0.000820083 0.0159679 
0.00272674 -0.00190465 0.0489565 0.00169326 0.0197427 -0.0660207 -0.0412386 -0.00538731 -0.0126891 -0.00303098 -0.00148619 0.0302766 0.0143122 -0.0362242 -0.0050973 -0.000937023 -0.0297031 -0.0121276 -0.0716062 0.00559626 0.0836304 0.00313305 0.0277898 0.179837 -0.0022622 0.0229801 -0.00991989 0.00098498 -0.0015041 0.0457029 -0.0015651 -0.0297206 0.00165578 -0.00461378 0.00172189 0.0141912 0.00262789 -0.000297281 -0.000787681 0.00313159 -0.000862396 0.0243883 0.00870757 -0.00365066 -0.011242 0.011269 0.0588747 -0.0083926 -0.00498691 -0.00176982 0.00137368 0.000157259 -0.0624771 -0.00822227 0.0185281 -0.00479243 -0.0153439 -0.0663771 0.00545298 -0.00234911 0.00209984 0.00929603 -0.00235491 -0.0035381 -0.0047181 -0.0737843 -0.00385874 0.0052189 0.0146416 -0.00143784 -0.00099099 -0.00630664 0.00194879 -0.00892803 0.00906224 -0.0103332 -2.06314e-05 -0.00267168 0.00207801 -0.00122013 0.000852323 0.00807372 0.000814986 -0.0406647 -0.00018563 0.0138132 -0.00207299 -0.00497779 0.000155835 0.0244494 -0.0526762 -0.0133411 -0.011237 -0.0115481 0.00537655 0.00955726 -0.00964749 -0.00197826 -0.00266478 0.0528661 
-0.000879972 0.010083 -0.0015205 -0.00139298 -0.0100947 -0.00732514 -0.00618812 0.0100535 0.00770918 -0.00197108 0.000186899 0.00114089 -0.000550478 0.00624995 0.000298441 4.04133e-05 -0.00191378 -0.00394731 -0.0142202 0.00588902 0.00257162 -0.00381341 0.000312747 -0.0022622 0.024454 -0.00432442 0.00356515 -9.6405e-05 -0.000178749 -0.0042163 -0.000473982 0.00836103 -0.00152264 -0.00529488 0.00269699 0.00843788 0.00314497 0.000257691 1.50294e-05 -0.00497096 0.000193093 -0.000263551 0.000881563 1.06446e-05 0.00145009 0.000939487 -0.00101848 0.00227722 0.00533952 0.00263628 -0.000334147 -8.15373e-05 -0.0105338 -0.0113713 0.00513163 -0.000312152 -0.00116372 -0.0122907 -0.000742063 -0.000270666 -0.00161729 -0.012795 -0.00023784 -0.000597332 0.0101159 -0.0111889 -3.98599e-05 0.00948813 0.00289287 0.000517168 0.000221412 -0.00150004 0.00368318 0.00413535 0.00357574 -0.00135279 9.6908e-05 -0.000380722 0.00150222 0.00216647 0.00203451 0.000381277 6.32994e-05 -0.00532193 -4.19497e-05 -0.0139925 -3.07674e-05 0.00106418 0.000178396 -0.000404203 -0.00596919 0.000160868 0.0113673 0.00275158 -0.000550801 -0.00081483 -0.000579377 0.00024949 -0.00012225 0.00210375 
-0.00485532 -0.0191357 0.0107328 -0.0271131 -0.00974676 -1.8929e-05 -0.0680969 -0.00615103 -0.0106429 0.0308174 0.00187233 0.00985558 -0.0189954 0.0229293 0.0199107 0.00311133 -0.0101705 0.00997119 0.0139292 -0.000701539 0.036936 -0.00248641 -0.0114948 0.0229801 -0.00432442 0.152071 0.00761993 0.00633717 -0.000953418 -0.00335751 0.0115821 0.00579755 -0.00365253 -0.000865397 -0.00275001 -0.00926348 -0.00249696 -0.000233387 -0.00211553 -0.0493849 -0.00139136 -0.0051664 0.0169606 0.00126952 -0.00212463 -0.00687245 0.000706616 0.00385976 0.00287014 -0.000836616 0.00160335 -0.000599883 -0.0735573 -0.0386857 -0.0124642 -0.00211787 -0.0197707 -0.0450563 -0.00680183 -0.000401042 0.0119688 -0.0287559 0.00517819 0.00859789 0.00041846 -0.0161227 0.00145795 -0.0047074 0.0440231 0.000253729 -5.21073e-05 -0.00569543 0.0112811 -0.00127607 -0.00289326 0.0161749 -5.52897e-05 0.00276888 0.00114168 -0.000640378 -0.000741718 -0.00068062 0.000346751 -0.0194421 -0.00024725 0.0253077 -0.000501942 0.00161441 -0.0002925 -0.00320589 0.0231252 -0.00549952 -0.00457993 -0.000792616 0.0113606 0.00919432 -0.00234576 -0.0020311 1.4675e-05 0.0174603 
-0.00121729 -0.00353374 -0.00620188 -0.0109229 -0.0398782 -0.0110464 -0.0223108 -0.00330197 0.020864 0.0229314 0.0012293 -0.0162449 -0.00710757 0.0327226 0.00198719 0.00479195 -0.00659797 0.00545553 -0.0130722 0.00695235 -0.00224029 -0.0165868 -0.0129623 -0.00991989 0.00356515 0.00761993 0.0567499 0.00381706 -0.000263276 -0.00897045 0.00641708 0.0212184 -0.00186249 -0.00762686 0.000746198 -0.00141397 -0.000743722 0.000108948 0.000114221 -0.0193776 -0.000239424 -0.00103131 0.00954721 0.00449731 0.00881143 -0.00232986 -0.00497397 0.0174663 0.00855931 0.00323359 0.00354681 -0.000153997 -0.0263981 -0.0271813 -0.00178826 0.000774265 -0.000897722 -0.014642 -0.00153165 -0.000754631 0.00262228 -0.0313128 0.00951341 -0.000307687 0.00475164 -0.0268159 -0.00121622 0.00703543 0.0118281 0.000370456 -0.000283442 -0.00110509 0.0107055 0.0215056 0.00673364 0.00147189 2.21286e-05 0.00321813 0.00170308 -0.000586369 0.000260917 0.00162939 -0.000130426 -0.0110361 0.000378961 -0.0219321 -0.000367197 0.0120979 7.54315e-05 -0.00327843 -0.00385541 0.0143241 0.0171412 0.0113214 0.00646191 -0.00237815 0.00882795 0.000184471 -5.456e-05 0.00207313 
-0.000611321 -0.00143748 -0.000808255 -0.00228634 -0.00530747 -0.0025993 -0.00637111 -0.00147494 -0.000953667 0.00938991 -5.73588e-05 -0.00640594 -0.00170644 0.00205173 -0.00170909 0.00130199 -0.00251764 0.000438418 0.000128701 0.000907268 0.0039383 -0.00547143 -0.00404064 0.00098498 -9.6405e-05 0.00633717 0.00381706 0.0190459 -4.83086e-05 0.000126124 0.0028784 0.00317946 0.000207579 -0.00215166 -0.000157997 -0.000188025 -0.000467811 1.29387e-05 0.00044096 -0.00536723 1.04942e-05 -0.000289648 0.00398036 0.000463723 -0.000167656 -0.000331422 -0.00107164 3.07937e-05 0.00047974 -0.000223302 0.00029226 -3.37694e-05 -0.00734232 -0.00147044 -0.000568003 -0.00024556 -0.00127591 -0.000527361 0.000321626 7.21543e-05 0.000746542 -0.00227054 0.00148244 -0.000298196 -0.000178658 -0.00671889 -0.000166387 0.00045674 -0.000775053 0.000299683 -7.71805e-05 -0.000163958 -0.00203625 0.00193341 -0.000329371 0.000957931 -8.07368e-06 0.00161543 0.000783494 0.000128316 -1.79883e-06 0.00152215 -2.74884e-05 -0.00399959 0.000162155 -0.00292178 7.87809e-05 0.00508756 3.14826e-05 -7.77638e-05 -0.00142097 0.00212611 0.000506544 0.00259336 0.00395115 -0.000787797 0.000564981 -0.000106855 -0.000169978 0.0024532 
-0.000201947 0.000126525 -0.000255903 -0.00151333 -0.00281263 -0.00182853 -0.000684965 -0.000653269 0.00117532 -0.00120272 -6.01284e-05 -0.00226928 -0.000491604 0.00212954 0.000358375 0.000109774 -0.000341547 -0.000529137 -0.000539262 -1.6208e-05 -3.80299e-06 -0.00127729 -0.00127984 -0.0015041 -0.000178749 -0.000953418 -0.000263276 -4.83086e-05 0.00870101 -0.00183568 0.000404284 0.00131703 0.000115163 0.000317369 0.000512618 -0.000234964 0.000434099 4.21508e-05 0.000202415 -0.0017087 0.000270159 -0.000232834 -0.000176522 0.00125677 -0.000224514 -0.000336105 -2.8812e-05 -0.000397812 -4.31052e-05 0.000316939 -0.000208338 0.000164213 -0.000880776 -0.00427317 2.6867e-05 0.00116235 0.000817057 -0.00231445 0.000432988 0.000837299 0.00127977 -0.000381476 -9.77527e-05 -1.32162e-05 -0.000216602 0.00161694 5.9831e-05 -0.000449747 0.000161114 4.70758e-05 1.61613e-05 0.000125436 -0.000100149 -0.000253989 -0.000313979 0.000113054 9.25724e-06 0.000285654 3.86216e-05 -4.32392e-05 3.33723e-05 7.45311e-05 -1.19114e-05 0.000846867 7.19653e-05 0.00189097 -5.13274e-05 -0.000284428 -1.61169e-05 0.000114836 0.00239952 -0.000382626 4.45255e-05 0.00112442 -0.000290195 -0.000252707 0.00136879 0.000914478 -6.74726e-05 0.00116448 
-0.00444121 -0.0146334 0.0186005 0.0265026 0.0295761 -0.00964465 0.00518846 0.00639978 -0.00812997 -0.00577165 -9.05372e-05 0.0170303 0.02974 -0.0579935 -0.000288308 -0.00170453 -0.0342903 -0.0214594 -0.0227365 -0.000620932 0.00855471 0.00345115 -0.00602197 0.0457029 -0.0042163 -0.00335751 -0.00897045 0.000126124 -0.00183568 0.184496 -0.0054625 -0.0166545 0.00337596 -0.0224435 -0.00281556 0.000698117 -0.00457863 -0.00017995 0.00039932 0.0482191 -0.000366654 0.0102649 -0.00352134 -0.00383739 -0.00774863 0.00906288 0.0209544 -0.0121548 -0.00604086 -0.00409329 -0.00175575 -0.000724469 -0.00812431 0.0405067 0.00734471 -0.00223227 -0.0160905 -0.00411799 0.00356095 -0.00383767 -0.014786 0.0300371 -0.00169011 -0.00463633 -0.00224017 -0.0442828 -0.00555912 0.0072813 -0.0164517 -0.00211262 -0.000136974 -0.00165707 0.011909 -0.0063252 -0.00357403 -0.0130744 -6.74195e-05 -0.00306298 -0.0031225 -0.00148485 -0.00113454 0.00345204 -0.000116842 0.009667 -0.000350827 -0.0274368 0.000227036 -0.00248058 -4.9953e-05 -0.00506943 -0.0342365 -0.00835432 -0.0130878 -0.0175895 -0.0043194 0.0131998 -0.0199096 -0.00121395 -0.00339598 0.000468691 
0.000148521 -0.00168948 -0.0008864 -0.00303484 -0.00987311 -0.00147956 -0.00179359 -0.00354376 -0.00187154 0.00414255 0.000980727 -0.00733815 -0.00415089 0.00689649 -0.00151486 0.00455907 -0.00130806 0.00326852 0.00622593 -0.00106786 0.00267116 -0.00863062 -0.00189137 -0.0015651 -0.000473982 0.0115821 0.00641708 0.0028784 0.000404284 -0.0054625 0.0317319 -0.00190419 -0.000453486 0.00264431 -0.000452169 -9.61754e-06 -0.000662473 0.000220537 -0.000431347 -0.00923769 -0.000168099 -0.00123687 0.0105322 0.00024804 -0.00121073 -0.00131908 -0.00207658 0.00119073 0.00131675 0.00117972 -0.000243844 7.78573e-05 -0.00776598 -0.00393365 -0.0019028 0.000300453 -0.00205277 -0.00785268 -0.000912345 1.75708e-05 0.00250558 -0.00992388 0.000587912 0.000513508 -0.000774437 -0.00537777 -0.00107297 -0.0022217 0.00616013 0.000276609 8.16403e-05 0.000429595 -0.00512843 -0.00112197 -0.00115048 0.00250801 -1.89344e-06 0.00286158 -4.31435e-05 -0.000276671 -0.00014297 0.000837792 -4.34666e-05 -0.00473667 -6.91958e-05 0.00329399 -1.02007e-05 0.0037137 9.41182e-05 0.00217267 0.00179935 -0.0016979 -0.000662122 -0.00197198 0.00681012 -0.00116197 0.00265988 -0.000232497 0.000372982 0.00191028 
-0.00501008 0.0269469 -0.0132034 -0.0277195 -0.0473445 -0.0364342 -0.0506234 -0.00374661 0.047989 0.046408 0.000177266 -0.0247895 -0.0160534 0.056825 0.00933779 0.001181 0.00645609 0.011315 -0.0468829 0.0171769 -0.0034563 -0.0357067 -0.0172398 -0.0297206 0.00836103 0.00579755 0.0212184 0.00317946 0.00131703 -0.0166545 -0.00190419 0.13962 -0.00499729 -0.0132273 0.00106785 -7.35652e-05 0.00325373 -0.000614698 0.00407104 -0.0385311 -0.000295617 -0.00579082 0.00276872 0.00424906 0.0212816 -0.00646874 -0.0105557 0.0195153 0.0108587 0.00515141 0.00510295 0.000454913 -0.0474771 -0.0702341 0.00817879 -0.000743181 0.00378362 0.00164452 -0.000917725 -0.00145366 -0.00865755 -0.0250782 0.00255777 -0.00314364 0.0224763 -0.0243618 -0.00371402 0.0215522 0.0029316 0.00412825 -0.000379958 -0.00501344 0.00651768 0.0199182 0.00686928 0.00247297 9.44401e-05 0.00227648 0.00123463 0.000544996 -0.000827601 -0.00181684 -0.00020072 -0.0260764 0.000436693 -0.0415108 -0.0010714 0.0164123 9.99764e-06 -0.00484777 0.00295238 0.0195665 0.0369589 0.0473696 -0.00140475 -0.00518616 0.00310714 0.00285521 -0.000861158 0.0140905 
-0.00121816 -0.00681028 0.00445609 -0.0124067 0.00224069 0.00937558 0.0126559 -0.00816475 -0.0069071 -0.00176866 0.000454874 0.00187462 -0.00568065 -0.0120999 -0.000565357 -6.88498e-05 -0.00422665 -0.00703047 0.00675289 0.00123195 -0.0134932 0.00194079 -0.0331511 0.00165578 -0.00152264 -0.00365253 -0.00186249 0.000207579 0.000115163 0.00337596 -0.000453486 -0.00499729 0.0642811 0.0199293 -0.00112464 -0.00198247 0.00264797 -0.000223575 -0.000752831 -0.00575458 -0.000146841 0.00552882 -0.000939262 -0.00103596 0.00410471 -0.000806428 0.00495526 -0.00185051 -0.00133903 -0.00121875 -0.000140237 -0.000263057 0.0093365 0.0086018 -0.000294569 5.25104e-05 -0.00761933 0.00338752 -0.0008215 0.000889341 -0.0036081 -0.000995796 -2.14013e-05 0.000929954 -0.0023587 -0.0148835 -0.00186138 -0.00389473 -0.00829214 -0.000238711 0.000160139 0.00333994 0.0162267 -0.00101679 -0.00172587 0.00114755 1.41983e-05 0.00502057 0.00115678 0.000403868 -0.000292429 0.00132871 -0.000190701 0.0195769 -0.000232135 -0.00728673 -0.000484312 -0.00255341 -0.000119512 -0.00347544 0.000685571 -0.00187773 -0.00358696 -0.0042659 0.00311596 0.00108011 -0.00652371 -0.000571147 -0.00060051 -0.000887921 
-0.00570012 -0.0140385 -0.01529 0.00465863 0.00913916 0.000594039 0.0279882 -0.0228193 0.000410621 -0.00360833 -0.000165739 0.00881636 -0.0170769 -0.0382545 -0.00121486 -0.000348926 0.00858756 -0.0254187 0.0268585 -0.00897868 -0.0235958 0.0197684 -0.00608579 -0.00461378 -0.00529488 -0.000865397 -0.00762686 -0.00215166 0.000317369 -0.0224435 0.00264431 -0.0132273 0.0199293 0.174082 -0.00310888 -0.00788554 -0.0029923 -0.000145635 -0.00228872 0.00107779 -0.00112336 0.00116597 -0.00671421 -0.00320606 -0.00113262 -0.00778557 3.18658e-05 -0.00964395 -0.00243256 -0.00407888 -0.00285932 -0.000402437 0.0410272 0.0130919 -0.00636145 -0.00268388 0.028864 0.00817283 0.00152777 -0.00242036 -0.0129424 0.00841768 -0.00346858 0.00222321 -0.00778133 0.0112986 -0.00486026 -0.0171701 -0.0322253 1.54038e-05 -0.000825924 0.00655345 0.00145331 -0.00675223 -0.00550831 0.0152168 8.26822e-06 0.00684825 0.00168492 -0.000915327 -0.000145215 -0.00303229 -0.000603881 -0.00126598 -0.000778104 0.0211817 -0.00162948 -0.00870943 -0.000247088 -0.00414329 0.00507914 -0.0113138 -0.00892845 -0.00813641 0.00464789 -0.00546712 -0.00753863 -0.00228912 -0.00235539 -0.0182636 
