0.00242485 0.00153621 2.01016e-05 7.93462e-05 0.00169801 2.66603e-05 0.000191095 -0.000243004 -0.000110379 0.00033071 -1.7531e-05 -1.09489e-05 0.00138345 -0.000541695 -0.00130725 5.6208e-05 -0.000599354 0.000228173 0.000135156 -6.18651e-05 9.63504e-06 -0.000893046 0.000668163 -0.000183371 -0.000604299 -0.000383685 -7.10242e-05 -0.000239105 1.20647e-05 -8.84492e-06 -0.000860972 9.63199e-05 -0.000673562 -8.33464e-05 -8.36721e-05 0.000254878 -0.000297649 -0.000679057 -0.000381731 -8.06253e-06 0.000179816 -0.00115832 -9.59135e-05 -0.000199466 -2.87202e-06 -0.000246261 0.000864463 -0.0010437 -0.00125997 -0.000243338 -0.000429426 8.45423e-05 -4.70613e-05 1.18268e-06 -9.22028e-05 -0.000125675 -8.75391e-06 3.84007e-05 -0.000300422 0.000379897 -0.000120019 -3.2226e-05 -0.000978415 7.55352e-05 0.000287515 0.00053547 -0.000533218 -0.000433805 0.00131547 0.000146719 8.67499e-06 0.00150244 0.000298444 3.681e-05 9.54828e-05 1.64975e-06 -0.000643342 6.48764e-06 2e-05 -6.3687e-06 -0.000121818 -1.21098e-06 0.000206739 -4.88037e-06 0.000402571 0.000894978 6.19432e-06 -6.08404e-05 2.50507e-05 -0.000438157 3.66985e-05 0.000217023 -0.000407265 0.00043553 -7.85357e-05 3.20993e-05 -4.69531e-05 -1.97662e-05 -9.13425e-05 0.00032809 
0.00153621 0.104051 0.00200597 -0.0237093 0.0327142 0.000630969 0.00379845 -0.0156363 -0.00290821 -0.0151949 0.00442218 0.00183026 0.0114395 -0.00739867 -0.0172778 2.51038e-05 -0.0316464 -0.0123787 0.0265389 -0.00202737 0.000508949 -0.0310668 0.0098838 0.00718101 -0.0189428 0.0160428 -0.0010395 -0.0123834 -0.00403322 -7.44394e-05 -0.0274178 -0.00056598 -0.0205597 -0.00360359 -0.00253814 0.0319598 -0.00717679 -0.027391 -0.0175497 -8.56393e-05 0.0405165 -0.0271673 0.000270057 0.00789629 0.000942233 0.0214033 0.0121299 -0.0093088 -0.00724426 -0.0261849 -0.0198824 0.000438057 3.27626e-05 -3.3118e-05 -0.00410289 -0.00203503 -0.000485208 0.00307098 -0.00636807 0.0423423 -0.00528278 -0.00168964 0.00773164 -4.53083e-06 0.0130938 -0.0131314 -0.0232742 -0.00794966 0.0064792 -0.00324236 -6.21635e-05 0.00611113 0.00311339 -0.000132613 0.0128983 -0.000124381 -0.0409154 0.000915994 0.00206319 0.000342164 -0.00702191 -0.000685771 0.0139938 -0.00035885 0.00645409 0.0174334 -0.000511594 -0.00674843 0.00318687 -0.0126288 0.0171249 0.00882659 -0.00720008 0.0409917 0.000792922 0.0015786 -0.00327687 -0.00370927 -0.00834225 0.00496803 
2.01016e-05 0.00200597 0.0105946 -0.00474907 -0.000320568 0.000625767 -4.44571e-05 -0.00117237 -0.000243375 0.000395519 0.00375417 -0.000113325 0.00164357 0.00297269 -0.00240526 0.000332823 -0.00280047 -0.00086475 0.00243777 0.000424792 0.000527134 -0.00346872 0.000425603 0.0024875 -0.00201786 0.000810882 0.000952521 -0.00153065 0.000899454 0.000262714 -0.000452608 0.000442771 0.000829959 0.000941138 4.02311e-05 0.0015493 -0.000186473 -0.00311073 -0.00137855 0.000212297 -0.00053189 -0.00389126 -0.000238583 0.00311098 0.000143748 -1.2742e-05 0.00125023 -0.000103774 -0.00307305 -0.00231735 -0.000428564 0.000339563 -0.000357969 1.31727e-05 -0.000341759 0.000590666 6.3577e-06 -0.000127101 0.000202335 0.00186339 -0.000337271 -0.000135738 -0.000124096 9.68416e-06 0.000241852 -0.0018806 -0.00194189 0.000594035 0.000344201 -0.00253825 8.23682e-05 -0.000340144 0.00108563 -0.000143336 -0.000547665 0.000273269 -0.00385443 0.000379442 0.000757582 1.15354e-05 0.0014967 7.63735e-05 -0.000553024 -3.76554e-05 5.94282e-05 0.000369214 -6.87303e-06 -8.19193e-05 0.000198795 -0.000116217 -0.00089374 0.00113161 -0.00116847 0.000935311 -0.000369578 0.000399563 0.00096745 -0.000390584 -0.000637356 -0.000141669 
7.93462e-05 -0.0237093 -0.00474907 0.243016 0.0137444 -0.00246932 -0.000168853 0.0475974 -0.020607 -0.0776605 -0.0298455 0.000461684 -0.0224442 -0.126965 0.116081 -0.00353797 0.148136 0.0367554 -0.0389889 0.00712919 -0.00310009 0.129121 -0.00132598 -0.0420343 0.111102 -0.100924 -0.0145774 0.0518715 -0.00565294 -0.00374876 -0.0402813 -0.110991 -0.0987711 -0.00911767 -0.0411309 -0.0154504 -0.0730697 0.146072 0.0497483 -0.00121338 0.00459158 0.17332 0.0238321 -0.016957 -0.00330668 -0.0592039 -0.0218201 0.022746 0.1015 0.070849 -0.101436 -0.0054467 -0.00412033 0.000387549 -0.0225057 0.00371975 -0.0016754 -0.000951155 -0.075461 -0.105821 -0.0105842 0.00436898 0.0299254 -0.00393318 -0.0256717 0.0699261 0.0312777 -0.111752 -0.0141166 0.109973 -0.000413992 0.00890508 -0.00594336 -0.00688017 0.0210783 -0.0011291 0.119135 -0.00343596 0.00235181 0.0004448 0.00430127 -0.00278071 -0.0110249 -0.0027298 -0.00646164 -0.0452716 -0.00449439 -0.038283 -0.00535383 -0.095069 -0.000631971 -0.00899397 0.0555 -0.0893514 -0.00626424 -0.00410331 -0.0463223 -0.0147357 -0.0463344 -0.0157421 
0.00169801 0.0327142 -0.000320568 0.0137444 0.121951 -0.00136664 0.00412604 0.0152554 -0.00647942 -0.00438656 -0.00538745 2.47006e-05 0.012015 -0.0245853 -0.0318666 -0.00131659 0.000130702 0.0197555 0.0249827 -0.000719081 -0.00124916 -0.0302572 0.00892055 -0.00439557 -0.0200067 -0.00377485 -0.00445921 0.0151769 -0.00115266 -0.000126319 -0.00401166 0.00354979 -0.0248975 -0.00538169 -0.00321238 0.0265841 -0.0147534 -0.015537 -0.0127686 -0.000416573 0.0239965 -0.00773197 0.00355893 -0.00381605 -0.00205978 0.00536153 0.00258183 -0.0119902 -0.0174708 -0.0264166 -0.0260891 -0.00055623 -0.00388588 1.17453e-05 -0.0053425 -0.00234838 -0.000313288 0.00380266 -0.0150256 0.00970745 -0.00199411 -0.0011028 0.00964237 -0.000503343 0.00651739 0.0119521 -0.0289078 -0.0146091 0.0123725 -0.00627923 0.000460085 0.0211713 0.00047045 0.000483786 0.0223184 -6.60966e-05 -0.00667814 0.000325461 -0.00434963 0.0011302 -0.00609642 3.05223e-05 0.0070367 -0.000629628 -0.000227343 0.011931 0.000314962 -0.000937092 -0.000193463 -0.026742 0.00496026 0.0103588 -0.0113873 0.0145108 -0.00683091 -0.000374915 -0.0123292 -0.00334907 -0.00903511 0.00286141 
2.66603e-05 0.000630969 0.000625767 -0.00246932 -0.00136664 0.0128826 -2.63817e-05 -0.00276095 0.000595619 -0.0012945 0.000579541 -6.36911e-05 0.00132285 0.00156943 -0.00442996 9.26643e-05 -0.003108 -7.50985e-05 -0.00180327 -0.00018059 -8.00894e-05 0.00105763 -0.000513901 0.0012817 0.00186134 0.00121683 -6.49491e-05 -0.00159624 0.00119079 0.000532123 -0.00444328 -0.000580584 -0.00278363 -0.000196076 0.000273924 -0.00175743 -0.000798008 -0.00121452 0.000667504 -5.33079e-05 -0.00095731 -0.00163449 0.00111614 -0.00111094 0.0015787 0.00052332 0.00139529 -0.00302047 -0.00364192 0.000520466 -0.000394748 -0.000195369 0.000487756 2.96463e-05 -0.000276164 -0.000615264 0.000212209 8.6889e-05 0.00170364 0.00230256 -0.000567172 -0.000201391 -0.00549452 7.88431e-05 0.000128541 4.44688e-05 0.000658983 0.00198855 0.00216699 -0.000479312 -1.93493e-05 0.000491481 -0.000127085 0.000384005 -0.000551163 -3.51904e-05 0.000513093 0.00021054 0.00155808 -8.34347e-05 -0.000568097 7.84097e-05 3.71724e-05 0.000211862 0.000286882 0.000282101 8.56304e-06 -0.0010074 0.0010967 0.000768697 -0.000747592 0.000400963 -0.000164631 0.00179633 0.00138332 0.000154318 0.00277516 -0.000210373 -0.000543018 0.000438258 
0.000191095 0.00379845 -4.44571e-05 -0.000168853 0.00412604 -2.63817e-05 0.00749624 -0.00119812 -1.97429e-05 -0.00121954 -0.000277787 -6.14365e-05 0.000212136 -0.00111148 -0.00271383 6.53727e-05 -0.00153517 0.000275548 0.00232283 -0.000156049 -7.05086e-06 -0.0011771 0.00067741 0.000103464 -0.000684302 0.000595073 -0.000289726 -0.000267189 -0.000208405 6.81932e-06 -0.000867636 0.000383798 -0.00142907 -0.000217312 -0.00035642 0.00210837 -0.000894226 -0.00206667 -0.00050798 -2.25269e-05 0.00179591 -0.0018787 -0.000612502 -0.000617312 -9.96308e-05 0.00204767 -0.00015578 0.00054532 -0.00238169 -0.00157771 -0.00121544 0.000185842 -9.24788e-05 1.81537e-05 -0.000255915 -0.000305577 2.01803e-05 0.000263504 -0.000700616 0.000824052 -0.000326928 -0.000112535 0.000369506 -5.08417e-05 4.54157e-05 -0.000749057 -0.00143332 -0.00106582 -0.0005059 -0.000524555 3.99185e-06 0.000295968 0.000112236 -5.58334e-05 0.00269555 3.04667e-05 -0.00247272 -1.63209e-05 8.01639e-05 8.44221e-05 -0.00041062 -3.63719e-05 0.00184813 -3.87785e-05 0.000219185 0.00103625 -3.32396e-05 -0.000398519 -6.07849e-05 -0.00124363 0.00123182 -3.01202e-05 -0.000936923 0.0022802 3.43735e-05 -3.39121e-05 -0.00015087 -6.92414e-05 -0.00042777 0.000175477 
-0.000243004 -0.0156363 -0.00117237 0.0475974 0.0152554 -0.00276095 -0.00119812 0.237702 -0.0115772 0.0332343 -0.00524416 0.00328698 -0.0201933 -0.00707801 0.0172883 -0.0011661 0.0620421 0.0504348 0.00164537 0.0022137 -0.00414171 -0.00664009 -0.00598821 -0.0288557 -0.0594289 -0.0304253 0.00380508 0.0452926 -0.019135 -0.00211391 0.104488 0.0121611 0.0274316 0.000207475 0.0309751 -0.00850166 -0.0427958 -0.0122374 -0.0581642 0.00138564 0.0393038 0.0262798 -0.0440992 -0.00381812 -0.00460895 0.0287399 -0.0175695 -0.0233792 0.00664103 -0.0485039 -0.00396126 -0.00148187 -0.00847594 -0.000209771 0.0179918 0.00818938 -0.00196202 -0.00373208 -0.00119193 -0.0431576 -0.00106946 0.00258045 0.123944 -0.00195166 -0.0223033 0.00740079 -0.0503661 -0.033588 -0.0294683 -0.037389 7.02396e-05 -0.0253377 -0.00490723 -0.00759075 0.0190356 -6.23253e-05 0.00242354 0.000434918 -0.0189761 0.00164146 0.0085327 -0.000671421 -0.00267085 -0.000755539 -0.012579 -0.00890826 -0.000353453 -0.0141974 0.00067155 -0.0180985 -0.00316539 -0.0159566 -0.0157151 -0.0401512 -0.00360467 -0.00247146 -0.0352066 -0.00634852 -0.0137664 -0.0118491 
-0.000110379 -0.00290821 -0.000243375 -0.020607 -0.00647942 0.000595619 -1.97429e-05 -0.0115772 0.0583422 0.0085824 0.00679281 -0.000225575 -0.00259962 0.0247768 -0.0233573 0.000888981 -0.028333 -0.00646661 -0.00745835 -0.00143567 -0.000479261 -0.00926943 -0.00169751 0.00880752 -0.0190767 0.0223283 -0.00201344 -0.00488256 0.00260275 1.99443e-05 0.0131738 0.0104607 0.0216254 -0.00180142 0.0028558 -0.00571451 0.0198195 -0.0167858 -0.00503205 -0.000256524 -0.00102335 -0.018018 -0.0058693 -0.00502699 0.00226665 0.00268962 -0.00104859 -0.00152313 -0.0183621 -0.0175354 0.0214829 0.000606199 -0.000190252 -0.000110413 -0.00140374 0.00381574 0.00150772 -6.78211e-05 0.0146551 0.00578764 -0.00302269 -0.000309014 -0.0144145 -0.000318889 -0.00334515 -0.00924251 -0.0100416 0.0238443 -0.00486688 -0.0204886 -7.40944e-05 -0.00474518 -0.000710601 -0.00108429 -0.00512251 6.42813e-05 -0.024682 -0.000356885 -0.00337208 -0.000295235 -0.00230095 -0.000229329 0.00705885 0.000368171 -0.00156901 0.0059534 -0.000359989 0.0107693 0.00157716 0.0299829 0.0012837 -0.0019164 -0.00948949 0.0170496 -0.00250357 0.00026309 0.00966659 0.00301695 0.0101092 -0.00162028 
0.00033071 -0.0151949 0.000395519 -0.0776605 -0.00438656 -0.0012945 -0.00121954 0.0332343 0.0085824 0.174101 0.00770158 -0.000409893 0.00447504 0.106629 -0.0902503 0.000702672 -0.0342506 -0.0074933 -0.0108263 -0.00511287 -0.00271087 -0.071742 -0.00406248 -0.00190298 -0.0751547 0.056925 0.0087323 -0.0287443 0.00111227 -0.00110104 0.0889159 0.102244 0.109559 -0.00690101 0.0442719 -0.024286 0.027242 -0.0831213 -0.0285458 -0.0005878 -0.0287086 -0.0947063 -0.0238676 -0.00822069 -0.00347701 0.0452157 -0.00480396 0.0198099 -0.0924262 -0.0629179 0.0996296 -0.00145814 -0.00811349 -0.000426008 0.029612 -0.00885829 0.000484315 -0.00295885 0.0638154 -0.00336806 0.00316389 -0.00369864 -0.0181274 0.00224939 -0.0125214 -0.0307821 -0.0423608 0.0681451 -0.00879436 -0.0766988 -0.000377727 -0.00765402 -0.00215054 -0.00339836 -0.0210785 0.000353773 -0.0719025 0.00169344 -0.0138818 -0.000862527 -0.00383939 0.00189834 -0.0109301 0.00173779 -0.0112845 0.0199267 -0.00167095 0.0463132 -0.00127755 0.0832671 -0.0244921 -0.00341198 -0.0344458 0.00482014 -0.00962333 -0.000485154 0.0148161 0.0133584 0.0489053 -0.00734894 
-1.7531e-05 0.00442218 0.00375417 -0.0298455 -0.00538745 0.000579541 -0.000277787 -0.00524416 0.00679281 0.00770158 0.0591604 -4.89293e-05 0.00589732 0.0312391 -0.013686 0.000524394 -0.0273571 -0.00539307 -0.000789198 -0.00145316 0.000286616 -0.0204847 -0.000984861 0.0170754 -0.0224096 0.0160693 0.00289456 -0.00796103 -0.00135962 -0.000288695 0.00934019 -0.00117953 0.0225712 0.00193621 0.00965869 -0.00359731 0.0155934 -0.0227341 -0.0100344 0.000854592 0.00473795 -0.0239537 -0.0035627 0.00429919 -0.000403828 0.00424726 0.00383416 -0.0127786 -0.00233397 -0.0135201 0.0137015 0.00141452 -0.00208199 -3.90552e-05 -0.000313701 0.00175314 -1.81305e-05 -0.000699002 0.00895986 0.0222823 -0.00320847 -0.000688214 -0.00533567 -0.000197176 -0.002102 -0.0131483 -0.0121725 0.0141624 -0.00267561 -0.0214154 4.0879e-05 -0.0051599 9.76222e-05 -0.000766023 -0.00595325 6.73634e-05 -0.0241818 0.00190019 -0.00316694 -0.000361226 0.00100103 -2.95399e-05 -0.00284394 0.0006797 0.00138567 0.00573401 9.85113e-05 0.00285056 0.000654496 0.0190494 0.000283274 0.00245339 -0.00974823 0.0175819 -0.00270538 0.0019649 0.00683858 -0.00124098 -0.00132892 0.000242605 
-1.09489e-05 0.00183026 -0.000113325 0.000461684 2.47006e-05 -6.36911e-05 -6.14365e-05 0.00328698 -0.000225575 -0.000409893 -4.89293e-05 0.0152575 -0.000106236 -0.000642166 0.00303498 8.57002e-05 -0.00252448 0.000651158 0.00146533 -0.000438008 1.69471e-05 -0.00169461 -0.000365875 -0.000107075 -0.00433709 0.000220633 -0.000508071 -0.00166574 -0.000549978 -7.10882e-05 0.00279381 0.000157221 0.00104764 -0.000291395 0.000900615 0.00069278 -0.000681488 -0.00452836 -0.00212143 -4.9383e-05 0.00406513 -0.00366775 -0.0019608 -0.00054862 -5.39548e-05 0.00259948 0.000421844 -0.00141229 0.00070542 -0.00360382 -0.000848274 3.65207e-05 0.000301193 -4.44438e-06 9.96431e-05 0.000155885 -6.70569e-05 -8.01503e-05 -0.00092322 0.00180113 -0.000694568 -0.000161037 0.00197511 -5.78236e-05 0.000561333 -0.00190336 -0.001973 -0.000537878 -0.000532538 -0.00185319 -2.80316e-05 -0.000975055 -6.17007e-05 0.000176764 -0.00142127 1.72496e-05 -0.00042029 -1.51201e-05 -0.00120674 -4.17992e-05 0.000568898 -9.82929e-05 0.00108011 3.44224e-05 0.00186003 -0.000349575 3.66581e-05 -0.000358163 0.000323385 -0.000377112 0.00123365 -0.000763041 -0.00220665 0.00161691 0.00186695 0.000175781 -0.00153244 -0.000329884 -0.000967175 1.09436e-05 
0.00138345 0.0114395 0.00164357 -0.0224442 0.012015 0.00132285 0.000212136 -0.0201933 -0.00259962 0.00447504 0.00589732 -0.000106236 0.0596741 -0.00143859 -0.028861 0.00352271 -0.0258324 -0.00278171 -0.00504129 -0.000143802 -0.000741598 -0.0151645 0.00628133 0.000802897 -0.000591919 -0.00575004 -0.000223421 -0.00884266 0.0165362 -0.000241143 -0.0213175 -0.00697259 -0.0129851 0.00735803 -0.00476735 -0.00432183 -0.00277844 -0.0227298 -0.00208577 -0.000132732 -0.00276789 -0.0331628 0.0208126 -0.00560856 -0.000542673 -0.00914496 0.0188601 -0.0348075 -0.0220108 0.00399009 -0.000383897 0.000672965 7.52387e-05 7.11638e-05 -0.00232906 -0.00288478 0.00035012 0.00169959 -0.0016898 0.0121637 0.000756202 -0.000388004 -0.0240013 0.000945891 0.00827468 0.000259266 -0.00307215 0.0015492 0.0374 0.00380862 -2.85537e-05 0.0249144 0.00533038 0.00333225 0.00369059 4.04827e-05 -0.0123177 0.00064438 0.000983789 -0.000363798 -0.00152227 0.00137391 0.00733214 0.000391093 0.0111637 0.0283766 0.000589955 0.00533368 -0.000310757 -0.00394086 0.00137902 0.0245121 -0.0111896 0.00400987 0.00222373 0.00235311 0.0118301 -0.00107514 -0.00101466 0.00958722 
-0.000541695 -0.00739867 0.00297269 -0.126965 -0.0245853 0.00156943 -0.00111148 -0.00707801 0.0247768 0.106629 0.0312391 -0.000642166 -0.00143859 0.18713 -0.117936 0.00134374 -0.099442 -0.0252906 -0.0145098 -0.00562696 -0.00200704 -0.0836441 -0.00797666 0.0484057 -0.0918101 0.10613 0.0092132 -0.0359681 0.00132065 -0.000154499 0.0942425 0.107157 0.131595 -0.00479029 0.0466398 -0.0266495 0.0667002 -0.100058 -0.0386382 -0.000697315 -0.0233448 -0.118357 -0.0286034 -0.00825309 0.00130116 0.0504589 -0.00266741 0.00828423 -0.103357 -0.0743221 0.12085 -0.00221324 -0.00855907 -0.000479224 0.0274832 -0.00792489 0.000760881 -0.00324425 0.0863467 0.0547845 -0.0109679 -0.00512354 -0.0390988 0.00272626 -0.00733842 -0.0473117 -0.049224 0.120038 -0.0197501 -0.109193 -0.000218988 -0.0203318 -0.00185922 -0.00405319 -0.0267141 -0.000317377 -0.103597 0.00193524 -0.0149867 -0.000988561 -0.0131032 0.000493294 -0.00942057 0.0027941 -0.00990563 0.0216847 -0.00229443 0.0400998 0.00180507 0.126275 -0.021498 -0.00475303 -0.0444458 0.0569065 -0.00894265 0.00232014 0.0278319 0.0106572 0.0548979 -0.00607759 
-0.00130725 -0.0172778 -0.00240526 0.116081 -0.0318666 -0.00442996 -0.00271383 0.0172883 -0.0233573 -0.0902503 -0.013686 0.00303498 -0.028861 -0.117936 0.240998 -0.00317477 0.102857 0.00821672 0.0204153 0.0023009 0.00208405 0.0694954 -0.0010654 -0.0335574 0.0701093 -0.084766 -0.0109832 0.0241982 -0.0234915 -0.00226514 -0.0634804 -0.104987 -0.0868501 0.00153263 -0.0368255 0.0202816 -0.0450461 0.0974159 0.0315088 -0.000210074 0.0299101 0.12064 -0.00106249 0.0283581 -0.000727584 -0.0528561 -0.0108599 0.0120119 0.161169 0.0769287 -0.0973484 0.00376622 0.00612736 -0.000431878 -0.0235036 0.00751272 -0.00208563 -0.00613812 -0.0733191 -0.0433766 0.00419319 0.00411142 0.0570665 -0.00405336 -0.00764514 0.0200329 0.0577177 -0.109966 -0.022746 0.0936074 -0.000117491 -0.0167397 -0.00132399 -0.00246513 -0.0183168 0.000435824 0.0879961 -0.00319908 0.00179307 -0.00164887 0.0213131 -0.00104459 -0.00485377 -0.00314304 -0.00292215 -0.0425819 0.00179919 -0.0373327 0.000610508 -0.0912292 0.0138206 -0.0151424 0.0454572 -0.0506433 0.00475987 -0.000631229 -0.0402728 -0.00769044 -0.0496886 -0.0110555 
5.6208e-05 2.51038e-05 0.000332823 -0.00353797 -0.00131659 9.26643e-05 6.53727e-05 -0.0011661 0.000888981 0.000702672 0.000524394 8.57002e-05 0.00352271 0.00134374 -0.00317477 0.0105965 -0.00473669 -0.000478015 -0.000974207 -0.000176563 -5.1302e-05 3.73129e-05 -0.000234141 0.000759551 -0.000191337 -0.000101357 0.000317455 -0.000592765 0.00397654 -2.58009e-05 -0.00134017 0.000131261 -0.000906729 0.000228012 -0.000862105 -0.00142814 0.000234003 -0.00297126 -0.00105667 1.24539e-05 -0.000480363 -0.00366773 0.0019524 0.000452405 0.00033006 -0.00115721 0.000936538 -0.00281554 -0.00375885 0.0014337 0.00211331 0.000666751 -6.62544e-05 7.60203e-06 3.4941e-05 0.000111681 0.000335721 0.00029458 -0.000645336 0.000738225 -0.0005534 -0.000123513 -0.00191793 0.000109348 -0.000509759 -0.00142316 -0.001918 0.00112982 0.00319029 -0.00322016 1.52078e-05 0.00228271 0.000192829 -0.000106023 0.00040687 -1.43591e-05 -0.00344613 6.0028e-05 -0.000638476 -4.79906e-05 -0.000466571 0.000178188 0.00394911 -3.61556e-05 0.00139848 0.00421767 -8.06279e-05 0.000790511 -8.3194e-05 -5.21412e-05 0.00025934 0.00325492 -0.00181084 -0.000153467 -0.000417854 0.000215736 -2.65626e-05 -2.64947e-05 -0.000104979 9.9315e-05 
-0.000599354 -0.0316464 -0.00280047 0.148136 0.000130702 -0.003108 -0.00153517 0.0620421 -0.028333 -0.0342506 -0.0273571 -0.00252448 -0.0258324 -0.099442 0.102857 -0.00473669 0.227522 0.025239 -0.0279592 0.00245816 -0.00199709 0.0856643 -0.00153471 -0.0509879 0.0870498 -0.106939 0.00232538 0.0352771 -0.0139977 -0.00316564 -0.0073121 -0.0744531 -0.0642985 -0.0067528 -0.0260127 -0.0198163 -0.0754909 0.110192 0.0326007 0.000829917 -0.000287379 0.146826 0.00371896 0.0020707 -0.0065447 -0.0466232 -0.0185875 0.0389335 0.0909736 0.0565084 -0.0758795 -0.00467221 0.000893969 -0.000277266 -0.0108802 0.00096757 -0.00224345 -0.00477316 -0.0569274 -0.116313 0.013971 0.00431149 0.0484828 -0.0031645 -0.0275784 0.053942 0.0334837 -0.104679 -0.0194522 0.0999575 -0.000441172 0.000860624 -0.0043219 -0.00884753 0.0143828 -9.03556e-05 0.103232 -0.00195183 0.0106794 0.00169996 0.00902235 -0.00162876 -0.0297354 -0.00275875 -0.00996531 -0.0560543 -0.00242848 -0.0204001 -0.00281473 -0.0949751 -0.0167636 -0.0173277 0.0577151 -0.109894 0.00285817 -0.00398546 -0.0383514 -0.0122847 -0.0263765 -0.0146518 
0.000228173 -0.0123787 -0.00086475 0.0367554 0.0197555 -7.50985e-05 0.000275548 0.0504348 -0.00646661 -0.0074933 -0.00539307 0.000651158 -0.00278171 -0.0252906 0.00821672 -0.000478015 0.025239 0.113585 0.00161271 0.00287006 -0.000731503 0.0070968 -0.00128128 -0.00925767 -0.01496 -0.0283381 -0.00310198 0.016418 -0.00469934 -0.00059044 0.0307432 -0.0173031 0.00216965 -0.00260054 -0.00682794 -0.00167368 -0.0161895 0.000950927 -0.0144791 -0.000469074 -0.00420585 0.020353 -0.0130543 -0.013732 -0.000129985 -0.0145578 0.000391578 -0.00545109 -0.00621072 -0.00409164 -0.0234776 -0.00100391 -0.00462735 0.000547757 -0.00374041 -0.0046083 -0.000633802 -0.000621784 -0.0150964 -0.0247765 0.00206626 -0.00103145 0.0276946 1.31073e-05 -0.00296467 0.0163538 -0.0138413 -0.0196936 0.00024343 -0.0187578 0.000358044 0.003277 -0.000394381 -0.000115364 0.0256171 -0.000234583 0.0424799 -0.000635869 -0.00186376 0.00199024 0.00757866 -0.000216958 -0.00259886 -0.000243973 0.000179028 -0.0125586 0.000251461 -0.00871447 -0.00130212 -0.0169808 -0.00393177 -0.00442049 0.00061823 -0.0218913 0.00634856 -0.000868956 -0.0100467 0.000211091 -0.00927301 0.00274957 
0.000135156 0.0265389 0.00243777 -0.0389889 0.0249827 -0.00180327 0.00232283 0.00164537 -0.00745835 -0.0108263 -0.000789198 0.00146533 -0.00504129 -0.0145098 0.0204153 -0.000974207 -0.0279592 0.00161271 0.141011 -0.00287516 0.00733136 -0.059638 0.00175529 -0.000608676 -0.0549288 0.0216542 0.00139877 -0.020702 -0.0100956 0.00197924 0.00169703 0.0221759 0.0127428 -0.00383679 -0.00181748 0.0795854 0.0114218 -0.0549474 -0.0234859 0.000523105 0.00894699 -0.0670091 -0.0247189 0.0351193 -0.00156355 0.0227677 -0.00494218 0.0279994 0.0131098 -0.0467642 -0.010375 0.0102965 -0.00170085 -0.000277873 -0.00553958 0.0116322 -0.000427498 0.000856569 -0.0149965 0.0468976 -0.000334672 0.00021387 0.0473135 -0.000652535 0.0251918 -0.0325584 -0.0291027 -0.0121257 -0.00574003 -0.032316 0.00103485 -0.00951561 0.00571035 0.00375929 0.00927193 0.00122463 -0.056343 0.000705475 -0.00284646 0.00013437 0.0249925 0.00215438 0.0208528 -0.000743519 0.0126467 -9.3211e-06 0.00544948 -0.00183405 0.00134379 -0.0257547 0.00227857 -0.00241862 -0.0129878 0.0316065 -0.0070132 -0.000683417 -0.0140923 0.00637293 -0.0112185 0.0131769 
-6.18651e-05 -0.00202737 0.000424792 0.00712919 -0.000719081 -0.00018059 -0.000156049 0.0022137 -0.00143567 -0.00511287 -0.00145316 -0.000438008 -0.000143802 -0.00562696 0.0023009 -0.000176563 0.00245816 0.00287006 -0.00287516 0.0328472 0.000994 -0.00270188 2.52081e-05 -0.00199776 0.0129032 -0.00472691 -0.000460487 0.000235171 -6.94879e-05 0.000675007 -0.00825674 -0.00639261 -0.00582729 0.000100364 -0.00280932 -0.00129954 -0.00391057 0.0101575 -0.00425224 0.00038709 -0.00629274 0.00782792 0.00556513 -0.00107643 0.000104116 -0.00440647 -0.00143155 -0.00382447 -0.000812153 0.00442544 -0.00355601 -0.000337605 -0.000853309 0.000164547 -0.000887903 0.000224671 -0.000139303 -2.75606e-06 -0.00108698 -0.00496814 -0.000931387 0.000156813 0.00523653 -5.62009e-06 -0.00177499 0.00754741 5.70892e-05 -0.00464934 -0.00210002 0.00271068 0.000240596 -0.00167471 0.000193464 -0.000457065 0.00117099 0.000293669 0.00914009 -0.000118606 0.00262598 3.75679e-05 0.000179001 -0.000185312 0.000815081 -1.14775e-05 -0.00124409 0.00178233 -0.00019619 -0.00262954 -7.3563e-05 -0.0032893 -0.00281027 8.3219e-06 0.000322148 -0.00506772 -0.00148193 -0.000248266 -0.00061633 -0.0010312 -0.00230643 -0.000859959 
9.63504e-06 0.000508949 0.000527134 -0.00310009 -0.00124916 -8.00894e-05 -7.05086e-06 -0.00414171 -0.000479261 -0.00271087 0.000286616 1.69471e-05 -0.000741598 -0.00200704 0.00208405 -5.1302e-05 -0.00199709 -0.000731503 0.00733136 0.000994 0.0124429 -0.0031252 0.00164863 -0.000248996 -0.00133531 -0.00041341 2.69592e-05 -0.00118556 -0.000751673 0.000214423 -0.00392104 -0.00266202 0.000124134 -0.000266541 -0.00123748 0.00646117 0.00144007 -0.00250533 -0.000864429 4.96368e-05 -0.00168474 -0.00383142 -0.00163748 0.00289786 -6.24865e-05 -0.00153345 -4.90887e-05 0.00166566 0.00192977 -0.00244017 -0.00205065 0.00118552 0.000200328 -1.37889e-05 -0.000484255 0.00219715 -6.53071e-05 -4.60497e-05 -0.00148773 0.00100185 -0.000435782 -0.00015618 -0.00087281 -5.2467e-05 0.00233812 -0.00165607 0.000222374 -0.00100666 -6.11092e-05 0.00253966 0.000298328 -0.00044965 0.00203263 0.000981436 -0.000797021 0.000283712 -0.00344234 0.000120685 0.00123334 4.34682e-05 0.00416448 0.000441188 0.000455672 -6.53212e-06 0.00434574 -0.00226565 0.000743214 -0.000499342 -2.25975e-05 -0.00208015 -0.000585527 -0.000651552 0.00102425 -0.00126489 0.000190161 -2.73957e-05 -0.00050436 9.32944e-06 -0.000963521 0.00228944 
-0.000893046 -0.0310668 -0.00346872 0.129121 -0.0302572 0.00105763 -0.0011771 -0.00664009 -0.00926943 -0.071742 -0.0204847 -0.00169461 -0.0151645 -0.0836441 0.0694954 3.73129e-05 0.0856643 0.0070968 -0.059638 -0.00270188 -0.0031252 0.238956 -0.00596659 -0.0250436 0.106014 -0.0822299 -0.00917817 0.0493103 0.0114354 -0.0026746 -0.0512232 -0.0852871 -0.0880689 0.000116609 -0.0349423 -0.0376256 -0.0443241 0.136888 0.0799539 -0.000673961 0.00797622 0.134926 0.0349056 -0.0186932 0.000728495 -0.0622328 -0.0165673 0.0202107 0.0536061 0.0843551 -0.0625769 -0.00571585 0.00203403 0.000506082 -0.0145896 0.00309774 -0.00111749 0.00141075 -0.0506595 -0.0862535 -0.0180997 0.00158875 -0.00449975 -0.00277944 -0.0250187 0.0556186 0.0309846 -0.0707722 -0.011406 0.0694353 -0.000884833 -0.00256912 -0.00528441 -0.00386599 0.0034067 -0.000924421 0.103883 -0.00287002 -0.000876894 -0.00102223 -0.0070709 -0.00227228 0.000335132 -0.00161392 -0.00891927 -0.02964 -0.0034549 -0.0235335 -0.00381222 -0.0575687 0.00733242 -0.00418644 0.029133 -0.0636558 -0.00240226 -0.00281342 -0.0135432 -0.0153483 -0.0287206 -0.0145791 
0.000668163 0.0098838 0.000425603 -0.00132598 0.00892055 -0.000513901 0.00067741 -0.00598821 -0.00169751 -0.00406248 -0.000984861 -0.000365875 0.00628133 -0.00797666 -0.0010654 -0.000234141 -0.00153471 -0.00128128 0.00175529 2.52081e-05 0.00164863 -0.00596659 0.0434771 -0.00102787 -0.00743069 -0.00451843 -0.000180617 0.00346769 -0.00131054 -0.000242348 -0.00570977 -0.00734358 -0.0101439 -0.000442605 -0.00428515 0.00321339 -0.00249428 -0.00569123 -0.00693636 0.000113117 0.00688787 -0.00351659 -0.000435284 0.00372438 -0.000545439 -0.00722967 0.00855724 -0.00440303 -0.000620831 0.00100571 -0.00723125 -0.000152445 0.00112673 3.13204e-05 -0.0016269 -0.00164212 -0.000264081 0.00014156 -0.00428345 0.00178536 -0.00032629 -0.000407359 -0.00354056 0.000570367 0.00625026 0.00436941 -0.00247063 -0.00667724 0.00599552 0.0124864 -6.96211e-05 0.00975539 0.00237958 0.00269765 -0.0032782 0.00037145 -0.000897253 0.00019467 -0.00197011 0.000239569 -0.00188778 0.000620409 -0.00234698 -0.000241063 0.00863176 -0.00287577 -0.000337954 -3.93892e-05 0.000364232 -0.00786313 0.00106807 0.00102886 0.000111018 -0.00129542 0.00145739 -9.30814e-05 -0.00273581 0.00123663 -0.00283519 0.0012488 
-0.000183371 0.00718101 0.0024875 -0.0420343 -0.00439557 0.0012817 0.000103464 -0.0288557 0.00880752 -0.00190298 0.0170754 -0.000107075 0.000802897 0.0484057 -0.0335574 0.000759551 -0.0509879 -0.00925767 -0.000608676 -0.00199776 -0.000248996 -0.0250436 -0.00102787 0.0785562 -0.0295219 0.0489118 -0.00163826 -0.0105147 -0.000673828 0.000791593 0.0216475 0.0171346 0.0311483 -0.000522233 0.00140536 -0.00657836 0.0369831 -0.0327316 -0.0102122 -0.00035271 -0.00336325 -0.0336866 -0.00758212 -0.00655607 0.0035356 0.00461218 0.0024425 -0.00581343 -0.0208172 -0.0235279 0.0211773 -0.000629523 -0.00280772 -0.00012886 -0.00277928 -0.00340561 -0.000257757 -0.000813415 0.0149098 0.0486095 -0.00525906 -0.00168995 -0.0206741 0.00143085 0.00282251 -0.0107268 -0.0154483 0.0460594 -0.00523099 -0.0329586 -1.66048e-05 -0.0058225 -0.000234392 -0.000518821 -0.0104345 -0.000226206 -0.0298804 0.000544849 -0.00614999 -0.000410274 -0.00562172 -0.000429606 -0.00302571 0.000199935 -0.000187838 0.00863661 -0.000457816 0.00294825 0.0013632 0.0455949 -0.00327911 -0.000652264 -0.0151352 0.0474837 0.000612612 0.000848181 -0.00167324 0.000677572 0.0033304 -5.55479e-05 
-0.000604299 -0.0189428 -0.00201786 0.111102 -0.0200067 0.00186134 -0.000684302 -0.0594289 -0.0190767 -0.0751547 -0.0224096 -0.00433709 -0.000591919 -0.0918101 0.0701093 -0.000191337 0.0870498 -0.01496 -0.0549288 0.0129032 -0.00133531 0.106014 -0.00743069 -0.0295219 0.241766 -0.0770433 -0.00180402 -0.00334243 0.020909 -0.00173614 -0.108306 -0.0882381 -0.11084 -0.00212656 -0.0404687 -0.038754 -0.0504245 0.136786 0.0818659 0.000157764 -0.0524969 0.127678 0.0686384 -0.0182314 -0.000609145 -0.0592485 -0.00991121 0.0251655 0.0576073 0.127035 -0.0701377 -0.00566796 -0.00322234 0.000803836 -0.0153428 -0.0118627 -0.000670043 0.00286307 -0.049456 -0.0837019 -0.00113407 -0.00298674 -0.0608111 -0.00261412 -0.0238185 0.0536488 0.07303 -0.0724464 0.0146204 0.120533 -0.000563488 0.0264127 -0.00478448 -0.00385527 0.00596201 -0.000879106 0.11352 -0.00286924 0.0302366 -0.000483096 -0.0129445 -0.00321702 -0.00636564 -0.0014373 -0.0150127 -0.0122909 -0.00416124 -0.0275574 -0.00383932 -0.0715836 -0.00299157 0.0166321 0.0709801 -0.0639215 -0.0110907 -0.00282703 -0.00462306 -0.0136358 -0.0315813 -0.0124891 
-0.000383685 0.0160428 0.000810882 -0.100924 -0.00377485 0.00121683 0.000595073 -0.0304253 0.0223283 0.056925 0.0160693 0.000220633 -0.00575004 0.10613 -0.084766 -0.000101357 -0.106939 -0.0283381 0.0216542 -0.00472691 -0.00041341 -0.0822299 -0.00451843 0.0489118 -0.0770433 0.197773 -0.00282876 -0.0345423 -0.00496788 0.000830994 0.0707771 0.0919834 0.088812 -0.00915097 0.0335492 -0.000983166 0.0581026 -0.0945194 -0.0317065 -0.000899765 -0.0288494 -0.108424 -0.0283175 0.00619342 0.00265749 0.0779658 -0.00258604 0.0375018 -0.0772813 -0.083121 0.0904956 -0.00230499 -0.00844769 -0.000357261 0.0128164 -0.0102684 0.000900829 0.000856783 0.0589328 0.0796164 -0.0115991 -0.00520854 -0.0304055 0.00217874 0.0193388 -0.0439473 -0.0543103 0.108356 -0.0134994 -0.086439 0.000120213 -0.0164999 8.80201e-05 -0.00217794 -0.00216151 -0.000381114 -0.113568 4.31362e-05 -0.0196774 -0.000935024 -0.0174926 -0.000661749 -0.0110312 0.00108543 0.00403093 -0.00453325 -0.00102675 0.0262186 0.00138258 0.0962669 -0.024726 -0.00959738 -0.0355337 0.073131 -0.009972 -0.000615851 -0.00106883 0.0109047 0.0260738 0.00707016 
-7.10242e-05 -0.0010395 0.000952521 -0.0145774 -0.00445921 -6.49491e-05 -0.000289726 0.00380508 -0.00201344 0.0087323 0.00289456 -0.000508071 -0.000223421 0.0092132 -0.0109832 0.000317455 0.00232538 -0.00310198 0.00139877 -0.000460487 2.69592e-05 -0.00917817 -0.000180617 -0.00163826 -0.00180402 -0.00282876 0.0379728 -0.00499027 0.00223373 0.000170897 0.00368725 0.00781298 0.00485968 -0.00155345 0.00535248 -0.00391388 -0.00192086 -0.00743056 -0.0018916 0.00167241 -0.00764346 -0.0066224 -0.000719288 0.00389774 -0.00024803 0.00660816 -0.000378355 0.0063827 -0.0105762 -0.00487375 0.00774676 -0.000457038 -0.000349482 0.00018535 0.00565969 -0.00101282 -0.000201289 1.88634e-05 0.00984506 -0.00402305 0.00350938 0.000310472 -0.000774146 0.00035897 0.00116481 -0.00725506 -0.00388333 0.000675846 -0.00208663 -0.00616415 -1.20387e-05 -0.00256312 3.13785e-05 0.000446455 -0.000519713 4.66444e-05 -0.00941197 0.00304008 0.00293115 0.000197039 -0.00194598 0.00010354 -0.00125876 7.16829e-05 -0.000636557 -0.00399106 -7.33056e-05 -0.00169756 -2.22174e-06 -0.000842349 -0.0031223 0.000481171 0.00753707 -0.0047562 -0.00105469 1.40857e-05 0.00512776 0.000444187 0.00368804 0.000326577 
-0.000239105 -0.0123834 -0.00153065 0.0518715 0.0151769 -0.00159624 -0.000267189 0.0452926 -0.00488256 -0.0287443 -0.00796103 -0.00166574 -0.00884266 -0.0359681 0.0241982 -0.000592765 0.0352771 0.016418 -0.020702 0.000235171 -0.00118556 0.0493103 0.00346769 -0.0105147 -0.00334243 -0.0345423 -0.00499027 0.129016 -0.00708316 -0.000960599 0.0134319 -0.0338204 -0.038138 0.00538339 -0.0138732 -0.016841 -0.0192747 0.0472706 -0.0019438 0.00014759 0.0312573 0.0580227 -0.00396312 -0.0090198 -0.000884302 -0.0237216 -0.00623375 -0.0294162 0.0288302 0.00501411 -0.031372 -0.00169194 -0.00366947 -3.46097e-05 -0.00597557 0.00211032 -0.000949464 -0.00021001 -0.0206069 -0.030561 -0.00809386 0.000233309 0.0298019 -0.00105439 -0.00820545 0.0372543 -0.0094353 -0.0308956 -0.00765818 0.00216139 -0.00035693 -0.00321372 -0.00154657 -0.00106495 0.00368882 -0.000369689 0.0471976 -0.000905091 -0.00891803 0.000415735 -0.0056353 3.4388e-05 -0.0043055 -0.000731318 0.00569923 -0.0120355 -0.000394228 -0.00941081 -3.78246e-05 -0.0250661 0.00789101 -0.00692606 -0.00173829 -0.0253581 -0.0049279 -0.00097248 -0.0119489 -0.00639738 -0.0129954 -0.00531439 
1.20647e-05 -0.00403322 0.000899454 -0.00565294 -0.00115266 0.00119079 -0.000208405 -0.019135 0.00260275 0.00111227 -0.00135962 -0.000549978 0.0165362 0.00132065 -0.0234915 0.00397654 -0.0139977 -0.00469934 -0.0100956 -6.94879e-05 -0.000751673 0.0114354 -0.00131054 -0.000673828 0.020909 -0.00496788 0.00223373 -0.00708316 0.0574248 -0.000182342 -0.0118901 -0.0040393 -0.00593841 0.00427522 -0.00562839 -0.00941887 -0.00277179 -0.00407909 0.0130857 -0.000152533 -0.00848379 -0.0107001 0.0303986 -0.00654102 3.70493e-05 -0.0100363 0.00133338 -0.0092523 -0.0242763 0.0101758 0.00748065 -0.000201932 3.33532e-05 0.000114358 -0.00176803 -0.00320693 0.000504903 0.00241128 -0.00412426 -0.0125112 -0.00264228 -0.00105608 -0.0282848 -0.000268993 -0.0038765 0.00483314 -0.00586897 0.00279487 0.0172077 -0.0112429 -0.000121734 0.0136914 -0.000635858 -0.000743563 0.000729186 -7.92142e-05 -0.0029782 -0.000317332 0.00307156 -0.000280574 -0.00326275 -0.000292182 0.0136889 0.000242613 -0.00231928 0.0236053 -0.000586816 0.00658759 -0.000637447 0.00519529 0.00107938 0.0208533 -0.00326193 -0.00786787 -0.00311455 -0.000349762 0.0133044 -0.00174528 0.00223335 -0.0023517 
-8.84492e-06 -7.44394e-05 0.000262714 -0.00374876 -0.000126319 0.000532123 6.81932e-06 -0.00211391 1.99443e-05 -0.00110104 -0.000288695 -7.10882e-05 -0.000241143 -0.000154499 -0.00226514 -2.58009e-05 -0.00316564 -0.00059044 0.00197924 0.000675007 0.000214423 -0.0026746 -0.000242348 0.000791593 -0.00173614 0.000830994 0.000170897 -0.000960599 -0.000182342 0.00781858 -0.00157835 0.00240647 -0.000449826 0.000433073 0.000345162 0.00134427 0.00130281 -0.00221321 -0.00124606 0.00011041 -0.000598371 -0.00238639 -0.000689305 0.00131045 0.00118567 0.00206414 -0.000131283 -0.00138613 -0.00200159 -0.00148911 0.000100132 6.15119e-05 0.000291032 -1.12999e-05 0.000105949 0.000129565 5.47553e-05 5.53606e-05 0.00214691 0.00241985 0.000263709 -9.96362e-05 -0.000966585 0.00021216 0.00171292 -0.00113891 0.000809134 0.00226953 0.000317907 -0.00189999 6.81143e-05 -0.000569393 0.000261122 0.000199027 -0.000443884 3.02239e-05 -0.0018945 6.35716e-05 0.000647791 -2.85678e-05 0.000123509 0.000141632 4.36736e-05 0.000214407 0.00014011 -0.000357829 0.00032637 -0.000537338 0.000370465 0.000549134 -0.00072318 -0.000116607 -0.000480517 0.00204101 0.000525257 9.57468e-05 0.000648263 0.000215932 0.0008879 0.000861159 
-0.000860972 -0.0274178 -0.000452608 -0.0402813 -0.00401166 -0.00444328 -0.000867636 0.104488 0.0131738 0.0889159 0.00934019 0.00279381 -0.0213175 0.0942425 -0.0634804 -0.00134017 -0.0073121 0.0307432 0.00169703 -0.00825674 -0.00392104 -0.0512232 -0.00570977 0.0216475 -0.108306 0.0707771 0.00368725 0.0134319 -0.0118901 -0.00157835 0.248745 0.0768637 0.127332 0.00113651 0.0401686 -0.0257669 0.0361024 -0.0910755 -0.0584358 0.000241416 -0.00653927 -0.0554221 -0.0623857 -0.00921713 -0.00247189 0.0428447 -0.0210984 0.0230032 -0.0664393 -0.105666 0.0826017 -0.00208267 -0.0123924 -0.000431479 0.0196837 -0.00355495 -0.000359885 -0.00411199 0.0496074 0.000322245 -0.00865008 -0.00492561 0.0509421 0.0008681 -0.0154491 -0.0249711 -0.0884274 0.0648292 -0.035349 -0.107501 2.79752e-05 -0.0311696 -0.00498437 -0.00792303 0.0139119 -0.000127649 -0.0641665 -2.18928e-05 -0.0273306 0.00170356 -0.00486708 -0.00154394 -0.0227877 0.000691363 -0.0135884 -0.0209221 -0.00105765 0.0295338 -0.000735153 0.0791601 -0.0279558 -0.0234216 -0.0353185 0.00164672 -0.00197666 -0.00240919 -0.0121489 0.0110982 0.0325132 -0.0106657 
9.63199e-05 -0.00056598 0.000442771 -0.110991 0.00354979 -0.000580584 0.000383798 0.0121611 0.0104607 0.102244 -0.00117953 0.000157221 -0.00697259 0.107157 -0.104987 0.000131261 -0.0744531 -0.0173031 0.0221759 -0.00639261 -0.00266202 -0.0852871 -0.00734358 0.0171346 -0.0882381 0.0919834 0.00781298 -0.0338204 -0.0040393 0.00240647 0.0768637 0.182078 0.0989382 -0.00951055 0.0459686 0.00517119 0.0475853 -0.0955353 -0.0396904 -0.00025718 -0.0257579 -0.121147 -0.0333967 0.00498811 -0.00328397 0.0741259 -0.00635459 0.0291532 -0.106342 -0.0719082 0.0970524 0.000238321 -0.00814947 -0.000473643 0.0264547 -0.00981053 -0.000380932 -0.00139328 0.0649014 0.0436303 0.000453974 -0.00452018 0.000602068 0.00102086 0.00235973 -0.0404457 -0.037726 0.0888852 -0.0171145 -0.0960168 -3.91734e-05 -0.0166588 -0.0027976 -0.00181189 -0.0152394 0.000395551 -0.0956521 0.00115119 -0.0135532 -0.000903114 -0.010646 0.000173693 0.00144827 0.000697558 -0.0119386 0.0317535 -0.00146281 0.0278538 -0.00199914 0.073579 -0.0230746 -0.0103937 -0.0379919 0.0472021 -0.0133911 -0.000849656 0.013403 0.0152692 0.0544667 -0.00372836 
-0.000673562 -0.0205597 0.000829959 -0.0987711 -0.0248975 -0.00278363 -0.00142907 0.0274316 0.0216254 0.109559 0.0225712 0.00104764 -0.0129851 0.131595 -0.0868501 -0.000906729 -0.0642985 0.00216965 0.0127428 -0.00582729 0.000124134 -0.0880689 -0.0101439 0.0311483 -0.11084 0.088812 0.00485968 -0.038138 -0.00593841 -0.000449826 0.127332 0.0989382 0.208554 -0.00738222 0.0505282 -0.00433412 0.0650779 -0.109199 -0.0444401 -0.000984325 -0.0283734 -0.116335 -0.042255 -0.00342334 -0.00102532 0.0458674 -0.0136528 0.0387863 -0.0869595 -0.0904202 0.11225 0.00245812 -0.0107344 -0.000537523 0.0252002 0.0077571 0.000557053 -0.00394473 0.0727014 0.0221886 -0.00535435 -0.00204203 -0.00678499 0.00207968 -0.0107939 -0.0572877 -0.0597382 0.0993462 -0.0285414 -0.11623 0.000646788 -0.025758 -0.00119183 -0.0051079 -0.0172003 -0.000183769 -0.09827 0.000688746 -0.0176605 0.000442695 0.00876399 -0.000429091 -0.00964917 0.00168093 -0.0125742 0.00110314 -0.000190408 0.0410127 0.000494256 0.116523 -0.0248774 -0.0152602 -0.0460455 0.0292234 -0.0106208 -0.000655981 0.0159159 0.0153841 0.0507474 -0.00675657 
-8.33464e-05 -0.00360359 0.000941138 -0.00911767 -0.00538169 -0.000196076 -0.000217312 0.000207475 -0.00180142 -0.00690101 0.00193621 -0.000291395 0.00735803 -0.00479029 0.00153263 0.000228012 -0.0067528 -0.00260054 -0.00383679 0.000100364 -0.000266541 0.000116609 -0.000442605 -0.000522233 -0.00212656 -0.00915097 -0.00155345 0.00538339 0.00427522 0.000433073 0.00113651 -0.00951055 -0.00738222 0.0508177 -0.00455223 -0.00122643 -0.000180436 -0.00703365 0.000703412 9.37944e-05 0.00440092 0.00335379 0.00140401 0.000427861 8.66751e-05 -0.00490037 0.00318832 -0.0150142 0.000915717 0.0100707 -0.00806025 -0.000197597 0.00495361 -4.05231e-05 -0.00141982 -0.00081704 0.00137779 -0.000575099 -0.00568161 0.00673482 0.00518795 -7.12856e-06 0.00377383 -8.53317e-05 0.000913896 0.000971065 0.00116774 -0.00613576 0.00389996 -0.00656569 0.000138863 -0.000969693 0.0010285 0.00208028 0.0028134 -8.15101e-05 0.0065491 5.41888e-05 0.00124765 0.000132648 0.00010553 0.00168659 -0.00296681 -1.14835e-05 -0.000324541 0.00239671 0.000823785 -0.00388789 -0.00019105 -0.00418822 0.00356657 0.00427943 -0.00677599 -0.00243633 0.00473085 0.00177495 0.00489209 -0.00111674 -0.00416236 -0.000258488 
