0.229884 0.00600841 -0.00509353 -0.0111614 0.105434 -0.00713157 -0.00500706 -0.0213889 -0.0237529 -0.0137517 -0.0526407 -0.0136325 -0.0106893 -0.0399331 -0.00442758 0.04539 0.0010348 -0.0032956 -0.00749226 -0.0401029 -0.0073924 -0.000680338 -0.0677513 -0.00537167 -0.0342089 0.00123718 -0.026515 -0.0228208 -0.0198387 -0.0558629 0.043931 -0.0177137 -0.00722675 -0.0106903 -0.0334167 0.0216079 -0.00826465 -0.0125767 0.0287714 0.062386 -0.0221096 0.0147179 -0.0173359 -0.0086119 -0.0108866 -0.0159172 0.0519377 0.0357868 -0.0119615 -0.0462688 -0.00367194 -0.000591469 -0.0139831 -0.00539373 6.14763e-05 0.0378673 0.0595148 -0.00887307 -0.00456116 0.00200581 -0.00414396 -0.0285609 0.0968097 -0.00475022 0.0628449 -0.00199056 -0.00733191 0.0653906 0.0108458 -0.000717234 -0.0626675 -0.0120022 0.0833259 -0.0304698 -0.00453124 0.0451012 0.0256046 0.00119452 -0.00626157 -0.0687441 -0.0102134 -0.00875772 -0.00266109 -0.0118629 -0.0304675 -0.0293341 0.0302661 0.00794108 -0.0156353 0.0661244 -0.0201132 -0.0071286 -0.0247749 -0.017107 -0.035779 -0.0445669 -0.00805739 -0.0176911 0.0200693 0.0132248 
0.00600841 0.0484746 -0.00183821 0.00493728 0.0124799 -0.000318462 0.0006748 -0.000358118 0.00546312 0.00822084 -0.0022912 -0.00484588 -0.00112506 -0.00509937 -0.000568696 -0.0107306 -0.0015924 0.000560736 -5.63442e-05 -0.00338449 -0.000836178 -0.000104344 -0.00613081 -2.35536e-05 -0.00435055 -0.000351269 0.00212647 0.000126971 -0.00532802 -0.00604979 0.00946435 -0.0061966 -0.00661648 0.00318959 -0.00246687 0.0110749 -0.000101097 -0.00255022 0.0135515 0.00596011 -0.00350401 0.00560458 -0.00306953 -0.00113719 -0.00077594 0.000370514 -0.0138004 -0.00123397 -0.00121385 -0.00454606 -0.00111345 -6.14156e-05 -0.00153638 -0.000313747 0.00119987 -0.00532746 0.00965929 -0.00385788 -0.000324588 0.00335866 0.00221353 0.00724088 0.00771815 -0.000533209 -0.00117184 -0.00299325 0.00113269 -0.00712375 0.00260909 -0.000351893 -0.00424337 0.0021698 0.00783571 -0.00424738 -0.00298813 0.00438065 -0.00442754 0.000285587 -0.000417791 -0.00421217 -0.000603575 -0.0022702 0.000812672 -0.000887354 -0.0061744 -0.00419982 -0.00523632 -0.00152689 -0.00118893 -0.0100056 -0.00274408 -0.000160401 -0.00267528 -0.00216601 -0.000898991 -0.0025734 -0.00203401 -0.00106112 -0.00609715 0.0114391 
-0.00509353 -0.00183821 0.0922197 -0.011046 -0.0328111 -0.00149769 0.00161118 0.00936079 0.00472954 0.0132614 0.00228929 -0.00510756 -0.000849259 0.0136212 0.00315569 -0.0306313 0.016318 0.00116887 -0.00255242 -0.00236824 0.0303504 0.000564602 0.00255828 0.00448692 0.00657364 -0.000653265 -0.00663477 0.0141449 -0.022486 0.0140009 -0.0394887 0.0462102 0.0389219 0.00936423 -0.00263778 0.0134148 0.0167992 0.0346679 -0.0142069 -0.04741 -0.00481189 0.0272167 -0.00384115 0.00543467 -0.00142946 -0.00239891 -0.0263855 -0.00957587 0.00254393 -0.0197735 0.00721832 0.00011847 -0.00121367 0.00336619 -0.000441579 0.000810862 -0.0453037 0.0117484 -0.000118117 0.00222355 -0.000237138 -0.0138243 -0.0381118 0.000455233 -0.00812747 0.0399802 -0.00224794 0.0150438 -0.00945672 0.000216856 0.000835 -0.00382904 -0.0544235 0.0138641 0.0137557 -0.0247001 -0.00372076 0.000148134 -0.00066289 -0.0107326 0.000713626 -0.00810858 -0.00078084 -0.00125631 -0.00496163 -0.00611847 0.00186045 0.00995558 0.00600677 -0.0111849 -0.00608587 0.0020556 -0.00641924 0.0156227 0.000984428 -0.00774138 0.0257508 -0.0034541 0.00889803 -0.03783 
-0.0111614 0.00493728 -0.011046 0.115094 0.00734054 -0.00143672 0.00104123 0.000408881 0.0117808 -0.00801274 0.017288 -0.0057176 0.00107133 0.000381231 0.000154457 -0.0213094 -0.00576614 0.00876958 -0.000688149 0.00958712 -0.00908433 0.000222383 0.0167482 -0.00232568 0.00353264 0.00075997 -0.00206611 0.000277963 0.00144045 -0.00344806 0.0175571 -0.0130021 -0.0116517 0.00493746 0.00290842 -0.0232081 -0.0108774 -0.0102592 -0.0232339 -0.00581537 -0.00572452 -0.0085294 -0.00388805 0.000644035 0.0044537 0.0258635 -0.0203474 0.00601171 0.00768733 0.0227925 -0.0011472 0.004188 0.00598672 0.00142023 0.00405934 0.00278792 -0.0201555 -0.0043285 -6.77126e-05 -0.00781174 0.00168945 -0.0112307 -0.0196341 -0.000575995 -0.0159235 -0.00826793 0.00478308 -0.00368262 0.00347682 0.000792523 0.0161288 -0.00104943 -0.00730061 -0.00553489 -0.00794263 -0.0111599 -0.00642444 0.00136641 0.000552769 0.022229 -0.0011358 -0.00963442 0.00329849 0.00462973 0.00645676 0.00817797 -0.00793034 -0.014142 -0.00105848 -0.0135632 0.00413903 4.9096e-05 -0.00933303 -0.00289594 0.00358749 0.0137004 -0.00653781 -0.00438186 0.0041802 0.0100774 
0.105434 0.0124799 -0.0328111 0.00734054 0.202823 -0.00812502 -0.00266106 0.0312153 -0.00423501 -0.000451046 0.0115263 0.0142388 -0.013019 -0.0249052 -0.00306875 0.0145887 -0.00278867 -0.00379471 -0.0170084 -0.0392813 -0.0391109 -0.00160266 -0.0428707 -0.0114803 -0.0441871 0.00109282 0.0126942 -0.0221496 -0.0369241 -0.0755102 0.0396479 -0.0362047 -0.0435177 -0.0249792 -0.0229819 0.0162867 -0.0015235 -0.0358058 0.010923 0.0455852 -0.0255289 0.00518985 -0.0331308 -0.00948967 -0.00681718 -0.00885517 0.0567126 0.0299337 -0.0075467 -0.0104907 -0.0221125 0.00128771 -0.0133392 -0.00900341 -0.000703903 0.0185697 0.100633 -0.0210322 -0.00444742 0.00491314 -0.00322615 -0.00821825 0.11344 -0.00479872 0.0492349 -0.0398614 0.00163808 0.0229351 0.013697 0.00169346 -0.0386645 -0.0142077 0.0836042 -0.0554373 -0.0276463 0.0541856 0.0326486 0.000797054 -0.00485591 -0.0413238 -0.00888111 0.0152215 -0.00134359 -0.0138738 -0.017651 -0.0244934 0.0398099 0.0120026 -0.0123341 0.0507082 -0.0219603 -0.00676221 -0.0326666 -0.00737966 -0.0339643 -0.0461085 -0.0351487 -0.0218251 0.0348007 0.016594 
-0.00713157 -0.000318462 -0.00149769 -0.00143672 -0.00812502 0.0188558 -8.1711e-05 -0.00133733 -0.000602816 0.00119618 -0.0028251 -0.00140676 0.00372453 -0.000971664 4.35045e-05 0.00114201 -0.00137978 0.000161361 0.00338351 0.00327487 -0.000621529 -2.75582e-05 -0.00127953 -0.000276219 0.000252837 1.82061e-05 0.00266862 8.9294e-05 0.00479522 0.000398484 -0.0049143 -0.00243883 -0.00118191 -0.00111655 0.0013948 -0.00601851 -0.00120079 -0.00175578 0.00215337 -0.00550177 0.00711722 -0.000274533 0.00429143 0.00013172 0.000131512 0.000138766 0.00247679 -0.00236699 -0.000315363 -0.00117133 0.00361057 -0.000223483 7.97187e-05 -1.30604e-05 3.40458e-05 -6.49954e-05 -0.00381786 -0.000737415 -2.19584e-05 0.0023566 0.000137882 0.00257699 -0.00380285 0.00015701 -0.00374833 -0.000873541 -0.000427647 -0.00290205 -0.000596232 -5.63958e-05 -0.00100977 0.00397425 0.0023901 0.00055431 -0.00143092 -0.00333266 0.0018754 -6.05341e-06 -4.27155e-05 0.000824858 -0.000289149 -9.18284e-05 -8.94216e-05 0.000739516 -0.00149486 -0.000141136 -0.00197035 -0.00284491 -0.000523922 -0.00253983 0.000105601 -6.67037e-05 0.00804752 0.000432613 0.00461648 0.00162499 -0.00085305 0.00429416 -0.00152467 -0.0031588 
-0.00500706 0.0006748 0.00161118 0.00104123 -0.00266106 -8.1711e-05 0.010491 -0.000680413 0.0016044 0.00213423 0.00101711 -0.000942701 -0.000240729 0.000145545 -7.96327e-05 -0.00303678 -0.000737583 0.000270935 -0.000273794 0.000395538 0.00331426 0.000134756 0.000734995 0.00269098 0.00123247 0.000241873 0.000731868 0.00411011 -0.0015697 -0.000289141 -0.00133279 0.00149545 0.000819341 0.000851317 -0.00039634 0.00168634 -0.000674454 0.000146326 0.00102401 -0.00313147 -0.000777328 -0.000677044 -0.000572847 -6.49409e-05 0.000287588 7.22424e-05 -7.7573e-05 -0.00120267 7.82207e-05 -9.26646e-05 9.78311e-05 0.000715725 0.000288865 0.00030723 0.000361459 -0.00194471 -0.00130149 0.000300727 0.000236941 -0.00017828 0.000558275 -0.000315816 -0.00260488 0.000215278 -0.00175213 0.00212111 3.86198e-05 -0.000691654 -0.00092295 -7.38745e-05 -7.11538e-05 0.000810152 -0.00386839 0.00119564 0.00266138 -0.00121771 -0.00196682 -6.30877e-05 -5.95317e-05 -1.82901e-05 -0.000194559 0.000116744 4.85898e-05 0.000264494 -0.000959552 0.00034932 -0.00164941 -0.00128906 -0.000126431 -0.0024175 -0.000316763 -9.19069e-05 -0.000818849 -0.000209963 0.000210508 -0.000160089 0.00275626 8.14033e-05 -0.00120226 -0.00168711 
-0.0213889 -0.000358118 0.00936079 0.000408881 0.0312153 -0.00133733 -0.000680413 0.190507 0.0357258 0.0358619 0.0967842 0.0526235 -0.0016118 0.0250321 0.00327507 -0.0738001 -0.0016699 -0.00308326 0.00186058 -0.00641864 -0.0124371 -0.000162882 0.0169143 -0.00794932 0.000802991 0.000436309 0.0468437 0.0020342 -0.0475019 -0.00915778 -0.0960128 0.0387707 0.0128995 0.00320287 0.000534628 -0.0236631 0.0289556 0.0179917 -0.0562142 -0.0674784 0.0077009 0.0373869 -0.0215831 -0.000979745 -0.00546549 -0.00403252 -0.0187761 -0.0342652 0.00732338 0.0586982 -0.00914544 -0.000204123 -0.00105744 -0.00917034 -0.00100465 -0.0388855 -0.0080309 0.016045 0.000242349 -0.00488014 -0.00244986 -0.0233269 -0.0322106 0.00198852 -0.040229 -0.00121307 0.00615459 -0.0567372 0.0207275 0.00625867 0.0143314 -0.0091487 -0.0425218 -0.00742689 -0.019422 -0.059757 0.0415805 -0.000844247 -0.0023382 0.0067483 -0.000269424 0.0208352 0.00309986 -0.0057582 0.0371389 0.021739 0.0166469 0.00903058 0.00863244 -0.0212868 -0.000984939 -0.00218906 -0.0187791 0.0221737 -0.0129767 -0.00548474 -0.0113263 -0.0100503 0.0350588 -0.0764458 
-0.0237529 0.00546312 0.00472954 0.0117808 -0.00423501 -0.000602816 0.0016044 0.0357258 0.0746965 0.0169159 0.0323139 0.00637638 0.00143997 0.00271736 -0.000268751 -0.0337253 -0.0045602 0.000200422 -0.00151919 0.00152019 0.00277824 7.56915e-05 0.0154693 -5.44662e-07 0.00710406 -0.000282194 0.0261346 0.00431659 -0.0154169 -0.00404028 -0.0232655 0.0201113 0.00283879 0.00678156 0.00113289 -0.0124491 -0.0041832 0.00627631 -0.0151404 -0.0326628 -0.00416306 0.013359 -0.00801959 0.000880818 -0.000396885 0.00580647 -0.0275432 -0.0112446 0.00462413 0.0206088 0.000241538 -0.000461465 0.00101126 0.000243525 0.000164041 -0.0111064 -0.0249627 0.0046632 0.00059463 -0.00165658 -0.00132147 -0.0021028 -0.0172291 0.00180377 -0.0166572 0.0021465 0.0069469 -0.0170852 -0.00655017 0.00163782 0.0158704 0.000328277 -0.0220116 0.0120311 0.00338185 -0.0204103 0.000344791 -0.000452159 -0.000643183 0.0149529 -0.000750762 -0.00422867 0.0036512 -0.000676614 0.0103398 -0.00644321 -0.00134921 -0.00693908 0.0024398 -0.0161171 0.00688801 -0.000293951 -0.00574937 0.0120163 0.00263741 0.00382164 0.00380078 -0.00307297 -0.00417847 -0.0258181 
-0.0137517 0.00822084 0.0132614 -0.00801274 -0.000451046 0.00119618 0.00213423 0.0358619 0.0169159 0.0970807 0.0308631 -0.00890966 -0.00167298 -0.006166 -0.000778663 -0.0249627 -0.00751905 -0.000170181 -0.000464902 -0.00773723 0.0135548 0.000511674 -0.00600225 0.00220629 -0.008115 -0.000510968 0.0295409 0.0155709 -0.0155721 -0.00645158 -0.034636 0.0163564 0.00372216 0.00199415 0.000870464 0.0188174 0.0163437 0.00953243 -0.00106381 -0.0346721 -0.00116127 0.0423678 -0.00753078 -0.000978488 -0.00266587 -0.00394259 -0.0258494 -0.0141119 0.00187353 -0.0186867 0.00239663 -0.00101434 -0.00235003 -0.00149137 -0.000120742 -0.0111317 -0.0102491 0.023508 0.000265018 0.00235693 0.0029949 -0.0147811 -0.00413908 0.000634824 -0.00771439 0.0131479 0.00114842 -0.0130762 -0.00804921 0.00119864 0.00187858 0.00549474 -0.022755 0.00238462 0.00868338 -0.0197081 -0.0185814 -0.000346286 -0.00121189 -0.00478022 -0.00258189 0.012249 0.00128902 -0.00225934 -0.00148215 -0.0100868 0.020816 -0.0100446 -0.00221226 -0.00816752 6.33285e-06 -0.00041898 -0.00164592 0.00166683 0.00481329 -0.00688016 0.0111605 -0.0015766 -0.0166082 -0.028878 
-0.0526407 -0.0022912 0.00228929 0.017288 0.0115263 -0.0028251 0.00101711 0.0967842 0.0323139 0.0308631 0.178212 0.0313946 -0.00348964 0.0159352 0.00205722 -0.0603112 -0.00582196 -0.000221075 -0.00728185 0.0151863 -0.0118667 -9.65049e-05 0.0312233 -0.00533946 0.0113414 0.0019577 0.0372272 0.00365739 -0.0341671 -0.000938888 -0.0528229 0.037463 0.00540222 -0.00697152 0.0144173 -0.0152694 0.0287059 0.0102158 -0.0620098 -0.0400684 -0.0149949 0.0174808 -0.0209157 -0.00160266 0.00121457 0.0139981 -0.0477573 -0.0263322 0.0115727 0.0568601 -0.0114234 0.0029473 -0.00102728 -0.00497362 -0.000436022 -0.0276559 -0.0122088 0.0154579 -0.00113883 -0.020665 -0.00309618 -0.015348 -0.0359468 0.00293837 -0.0401772 -0.00311981 0.00681012 -0.049138 -0.00557058 0.000942931 0.0382255 -0.00853671 -0.050577 -0.00711558 -0.0162472 -0.0484198 -0.00577456 -0.000608656 -0.00169394 0.036982 -0.0032872 0.00791821 0.00254482 0.000867284 0.0295101 0.00679757 0.0137544 0.0125918 0.00768261 -0.0252126 0.00536254 0.00278507 -0.0217647 0.0264681 0.00218069 0.0142739 -0.0113861 -0.00921758 -0.000674934 -0.0361669 
-0.0136325 -0.00484588 -0.00510756 -0.0057176 0.0142388 -0.00140676 -0.000942701 0.0526235 0.00637638 -0.00890966 0.0313946 0.119071 -0.00347902 0.0270761 0.0019318 -0.026707 0.00380018 -0.00327323 -0.00314043 -0.00157817 -0.00827968 -0.000274548 0.00977717 -0.00609909 -0.00153798 0.00031007 0.00507484 -0.00501623 0.0012805 0.00767232 -0.0563581 0.0147668 -0.00145311 -0.0125802 -0.00401066 -0.0415303 0.00315149 0.00732249 -0.0541098 -0.0152814 0.000581986 -0.0122559 -0.00881933 -0.00161952 0.00244055 -0.00586372 0.0184153 -0.0165956 -0.00116947 0.0478329 -0.00569378 -0.00079885 0.00143541 -0.00486145 -0.0008531 -0.0116351 -0.00923078 -8.81919e-05 0.000708965 -0.00427563 -0.00348788 -0.0143015 -0.0181831 -3.01392e-05 -0.0280474 -0.00696174 -0.00168246 -0.0227395 0.0255734 0.00124912 -0.000917094 -0.00620289 -0.0192643 -0.0106117 -0.00810478 -0.0276673 0.0398622 -0.000606694 -0.000975343 -0.00502993 0.00490534 0.0190339 -0.0012336 -0.00377298 0.039371 0.0450783 -0.0122329 0.0151137 0.011862 -0.00946504 -0.0065871 -0.000208934 -0.00984702 0.00497625 -0.0109718 -0.00673638 -0.00645744 -0.00570429 0.0631014 -0.0303465 
-0.0106893 -0.00112506 -0.000849259 0.00107133 -0.013019 0.00372453 -0.000240729 -0.0016118 0.00143997 -0.00167298 -0.00348964 -0.00347902 0.0270834 -0.000333892 -0.000152464 -0.00691889 -0.00148966 0.00296352 0.00448652 -0.00151494 -0.00170671 1.32278e-05 0.000458959 0.00375302 0.00206356 -3.52924e-05 0.00147587 0.000897645 0.000747832 -0.00409571 -0.00946853 -0.00300279 -0.00123715 -5.12396e-05 -0.00120876 -0.00921427 -0.00204822 -0.00244693 0.00637534 -0.0123456 0.0147117 -0.0028191 0.0101707 0.000508395 -0.000197332 -0.000350874 0.00713307 -0.00141632 5.37324e-05 -0.00184993 0.00437818 -9.07366e-05 0.00054373 0.000788479 6.12722e-05 -0.00169545 -0.00729448 -0.000586724 0.000342496 0.00607394 0.000886962 0.0139902 -0.000494209 0.000227707 -0.00444611 -0.00162487 -0.000140424 -0.00444202 -0.00195488 0.000478237 0.000674401 0.00763639 0.00250936 -0.0015021 -0.00211239 -0.00287166 0.00631784 6.93239e-05 0.000792501 -6.06226e-06 0.000304247 -0.00213225 2.48452e-07 -0.0004918 -0.00330166 -0.00287036 -0.00421793 -0.00427746 -0.000601083 -0.00594042 -0.00199193 -0.000182066 0.01564 -0.000595331 0.0101024 -0.00131448 -0.00112465 0.0112047 -0.00461145 -0.00915844 
-0.0399331 -0.00509937 0.0136212 0.000381231 -0.0249052 -0.000971664 0.000145545 0.0250321 0.00271736 -0.006166 0.0159352 0.0270761 -0.000333892 0.0914497 0.00822932 -0.0245272 0.0154 -0.00252925 0.00662329 0.00437131 -0.00503716 0.000399294 0.0360338 0.00210897 0.010397 -0.000467116 -0.00557198 0.00342731 0.00230865 0.0183204 -0.0369317 0.00963383 0.011522 -0.000985516 -0.00280569 -0.0327458 -0.000349606 0.00868445 -0.0366724 -0.0422164 0.0199808 -0.0102487 0.0140984 0.00783161 0.00511434 -0.00285011 -0.0138431 -0.0140796 0.00760565 0.0177566 0.00764565 0.00136533 0.0181457 0.00568814 -0.000523165 -0.0115779 -0.0376149 -0.00149772 0.00377001 0.00330834 -0.000449654 -0.0125606 -0.054286 -0.000365522 -0.00496392 -0.00114759 -0.00159698 -0.0205621 0.0144555 0.0019361 0.0179495 0.000563493 -0.0562346 -0.00503842 -0.00533211 -0.023241 0.0087126 -0.000592203 0.00305303 -0.00167726 0.010439 -0.00125463 -3.75677e-05 -0.000956842 0.0206251 0.0356449 -0.018465 0.0137637 0.0144112 -0.0227937 -0.00129139 0.00467054 0.00372917 0.0168384 0.00197754 -0.00533265 -0.0036831 0.00268314 0.0400189 -0.0352534 
-0.00442758 -0.000568696 0.00315569 0.000154457 -0.00306875 4.35045e-05 -7.96327e-05 0.00327507 -0.000268751 -0.000778663 0.00205722 0.0019318 -0.000152464 0.00822932 0.0113764 -0.00292394 0.00107971 -0.000420285 -0.000356734 -0.000317518 -0.000847125 5.97794e-05 0.00460944 -0.000365426 -0.000690633 -2.4506e-05 -0.000850007 -0.000404718 0.00092368 3.17264e-05 -0.0035173 0.00316217 0.0038893 -0.000839258 -0.000772527 -0.00366668 0.00143816 0.000893365 -0.00558863 -0.00503621 -0.000950219 -0.00117086 0.00106968 0.0048075 0.0015615 -0.00021171 -0.0038624 -0.00127842 0.00299214 -0.00231486 0.000991994 4.71652e-05 0.0048465 2.47689e-05 4.65175e-05 -0.0012548 -0.00339129 -0.000641495 0.000729312 -0.000954785 -0.000221985 -0.00156234 -0.00625894 4.47557e-05 -0.000617865 0.00149744 -0.00027288 -0.00185454 -0.000635261 0.000404533 0.00365303 3.47014e-05 -0.00683179 -0.000874237 -0.000860143 -0.00216789 0.00101283 6.45035e-06 0.000175898 -0.00130123 0.00117807 -0.000719025 -6.2578e-05 -0.000249364 -0.000590412 0.000960022 -0.00204958 0.00423209 0.00174453 -0.00213594 0.000271387 0.000281004 -0.000693847 0.00557027 -0.000726976 -0.000965816 -0.000489647 -0.000476946 0.00365061 -0.00352931 
0.04539 -0.0107306 -0.0306313 -0.0213094 0.0145887 0.00114201 -0.00303678 -0.0738001 -0.0337253 -0.0249627 -0.0603112 -0.026707 -0.00691889 -0.0245272 -0.00292394 0.247902 -0.0196897 -0.0113325 0.00246343 0.00148069 -0.0174899 -0.000367789 -0.0284545 0.00249146 -0.0213631 0.000233063 -0.0280012 -0.0180091 0.0706972 -0.010571 0.0651709 -0.0561634 -0.0356891 -0.0318716 0.0176776 0.0160461 -0.0227458 -0.0341702 0.0395921 0.0796015 0.00372429 -0.0292003 0.0213509 -0.00802069 -0.00500624 -0.0188188 0.0401367 0.0300842 -0.00970308 -0.030824 0.0151606 -0.000466711 -0.00416043 0.00273867 -0.000228295 0.0274402 0.0321787 -0.0329721 -0.00312455 -0.0100304 0.00396636 -0.0142959 0.0413258 -0.00202528 0.057358 -0.0189302 -0.00165237 0.0290627 -0.0116648 -0.00354092 -0.0209487 0.00767202 0.0655988 -0.0174657 -0.00469347 0.0445805 -0.0304046 -0.00256616 0.00142858 -0.00220659 -9.31642e-05 -0.00506982 -0.000299402 -6.43188e-05 -0.0554393 -0.0253019 -0.00873832 -0.0144875 -0.0130602 0.0481388 -0.00608212 -0.00124535 0.00752358 -0.0123194 -0.0104737 -0.00124371 -0.0197615 -0.00195802 -0.0358167 0.0659625 
0.0010348 -0.0015924 0.016318 -0.00576614 -0.00278867 -0.00137978 -0.000737583 -0.0016699 -0.0045602 -0.00751905 -0.00582196 0.00380018 -0.00148966 0.0154 0.00107971 -0.0196897 0.0705732 0.00168672 -0.0030216 0.00201746 -0.00323039 -8.79432e-05 0.00830447 0.000472881 0.0027012 -0.000706698 -0.00990887 -0.00215349 -0.0105609 0.0146361 -0.0051141 -0.00324816 -0.000127075 -0.00352719 -0.00410606 -0.0238766 -0.00373678 -0.00339721 -0.0276406 -0.0192656 0.00581662 -0.00545563 -0.000743413 -0.000315707 9.66437e-05 -0.00204312 -0.00534581 0.00135207 0.00123693 -0.00825996 -0.000596709 0.000696091 0.00217847 0.00300145 -0.00021162 0.0215961 -0.0188284 -0.0044247 0.000283066 0.00869172 -0.00187163 -0.00907586 -0.00889083 -0.000210332 0.00204856 -0.0036701 -0.00189121 0.0132194 0.00178426 -0.000319622 0.00253994 -0.00290567 -0.0195426 -0.00251702 -0.00567387 -0.00179573 0.0133039 0.000192395 -0.000180632 -0.00668783 0.00290615 -0.00230236 -0.000721388 -0.000412145 0.00221931 0.00873103 0.00738155 0.0281909 0.00611143 0.00994335 -0.00213135 0.00324671 -0.00138442 0.00319538 0.00035272 -0.00244937 -0.00252643 -0.00310195 0.0385275 -0.0236568 
-0.0032956 0.000560736 0.00116887 0.00876958 -0.00379471 0.000161361 0.000270935 -0.00308326 0.000200422 -0.000170181 -0.000221075 -0.00327323 0.00296352 -0.00252925 -0.000420285 -0.0113325 0.00168672 0.0379983 -0.00192167 0.00338141 -0.00229621 -4.20799e-05 -0.00155997 0.00188072 0.00241447 0.00044421 -0.00307147 0.00248317 -0.00376547 -0.00382825 -0.00611721 -0.004254 -0.00253539 -0.00015273 -0.000356823 -0.0127921 -0.00292866 -0.00330152 -0.00833089 -0.0143004 0.00426036 -0.00117845 -0.00062696 -0.000435629 -0.000389263 0.00770014 -0.00316418 2.26012e-05 0.000257168 -0.00123519 0.000788987 0.00097674 -0.000930865 0.0018701 0.000351131 0.00939345 -0.0119914 -9.00514e-05 9.93883e-05 0.00616807 0.000550715 0.00128192 0.00416559 0.00111188 -0.00888985 -0.000878403 -0.000246973 0.00690035 -0.00334804 0.000113972 -0.000924091 -0.00016841 0.00194414 -0.000915108 -0.00251205 -0.00685724 -0.000297508 0.0011017 -0.000413559 0.00212455 -0.000790713 -0.00273598 0.000307754 0.00618526 0.00435445 -0.00318305 0.00470937 -0.00202689 -0.000930376 0.000554743 0.000846975 -0.000682733 0.00721424 -0.00095743 0.0120769 0.00395766 -0.000965032 0.00389538 0.00545615 -0.00768596 
-0.00749226 -5.63442e-05 -0.00255242 -0.000688149 -0.0170084 0.00338351 -0.000273794 0.00186058 -0.00151919 -0.000464902 -0.00728185 -0.00314043 0.00448652 0.00662329 -0.000356734 0.00246343 -0.0030216 -0.00192167 0.0605301 -0.00103005 0.000420494 0.000105925 -0.0010383 -0.00125027 0.000622399 0.000953506 -0.00515158 -0.00149445 0.0210202 0.00166857 -0.0157222 6.7531e-05 0.00564573 0.0213914 -0.00233825 -0.0176379 0.000802396 0.00353824 0.00935347 -0.0194824 0.0204246 -0.00141405 0.0195215 -0.000111047 -0.000500935 -0.00188588 -0.0075865 -0.00922259 -0.00100561 0.0102433 0.0105014 -0.000175191 0.00358013 0.00146119 -0.000367019 -0.00593731 -0.0201665 -0.00162345 -0.000255447 0.0101568 0.00295895 -0.00586341 -0.0322163 -5.31219e-05 -0.00903039 0.000817586 -0.00110498 -0.0163476 0.000288817 0.00334608 -0.00507159 0.0138315 -0.00805543 0.00112815 -0.0044769 -0.0131618 0.0166813 -0.00043913 0.00258085 -0.00431491 0.000330856 0.00111158 0.00236487 -0.00136235 -0.00286298 0.0182729 -0.0119613 -0.0057214 -0.000763949 -0.0157672 0.00110593 -0.000913144 0.0129944 0.000403324 0.00912969 -0.00173286 -0.00153103 0.0098245 9.63741e-06 -0.0140808 
-0.0401029 -0.00338449 -0.00236824 0.00958712 -0.0392813 0.00327487 0.000395538 -0.00641864 0.00152019 -0.00773723 0.0151863 -0.00157817 -0.00151494 0.00437131 -0.000317518 0.00148069 0.00201746 0.00338141 -0.00103005 0.0785044 -0.00426575 5.24282e-05 0.0247815 0.000763484 0.0355429 -0.000621483 -0.00783431 0.000168092 0.00686254 0.0391134 0.00381456 -0.000357323 -0.00810376 -0.00111626 0.0135992 -0.014829 -0.00577901 -0.0030056 -0.0235172 -0.0038512 -0.0096451 -0.00997146 -0.00422815 0.000198758 0.00432819 0.0179636 -0.0303408 -0.00994031 0.00113106 0.017893 -0.00366188 8.45663e-05 -0.00113615 0.00793537 0.000444179 -0.00754754 -0.0314366 -0.00357078 0.00108833 -0.00852899 0.00269477 -0.0119132 -0.035393 0.00251265 -0.0169476 -0.00505017 0.00265978 -0.0153411 -0.00406065 -0.000586616 0.02811 -0.00320396 -0.0152514 0.00939011 -0.00629405 -0.0151689 -0.0176852 -0.000236208 -0.000589062 0.0295823 0.00208469 -0.00432336 0.000103352 0.0134568 -0.00200089 0.0162742 -0.0115928 0.00320564 0.00525151 -0.0147609 0.0097504 0.00323017 -0.00471099 0.00469375 0.0183886 0.0337828 -0.00385708 -0.00137335 -0.00893746 0.0156441 
-0.0073924 -0.000836178 0.0303504 -0.00908433 -0.0391109 -0.000621529 0.00331426 -0.0124371 0.00277824 0.0135548 -0.0118667 -0.00827968 -0.00170671 -0.00503716 -0.000847125 -0.0174899 -0.00323039 -0.00229621 0.000420494 -0.00426575 0.0751333 0.000308959 -0.00868468 -0.00105177 0.00569444 0.000304212 -0.0026993 0.0147347 -0.0175632 0.00926384 -0.0194321 0.0484554 0.0435878 0.0220252 0.00202644 0.0445631 0.00816223 0.0438329 0.0241357 -0.0186588 -0.00856686 0.0128866 -0.00774536 0.00193882 -0.00205862 -0.00355217 -0.0164043 -0.0116022 -0.000158904 -0.018365 0.00096966 -0.000747709 -0.00235415 -0.00329842 -7.88766e-05 -0.0145377 -0.0239215 0.0226561 -0.000703147 -0.00700615 0.00198119 -0.0105793 -0.031373 -0.000269587 -0.0165326 0.0395347 -0.00173684 0.00258735 -0.00341611 -0.000666521 -0.00779529 -0.00203107 -0.0419826 0.0350763 0.0312697 -0.0118856 -0.0116916 -5.17863e-05 0.000510185 -0.00285455 -0.00097984 -0.00461825 -0.000311256 -0.00196622 -0.00138622 -0.0105341 -0.0141555 -0.0109094 -0.0019714 -0.0191535 -0.00656574 0.00155192 -0.00616446 -0.000660846 -0.00619838 -0.00393148 0.0419198 -0.0027652 -0.0199853 -0.0167123 
-0.000680338 -0.000104344 0.000564602 0.000222383 -0.00160266 -2.75582e-05 0.000134756 -0.000162882 7.56915e-05 0.000511674 -9.65049e-05 -0.000274548 1.32278e-05 0.000399294 5.97794e-05 -0.000367789 -8.79432e-05 -4.20799e-05 0.000105925 5.24282e-05 0.000308959 0.00271596 0.000702624 0.0005967 0.000685802 3.91176e-05 0.000102236 0.000304021 -0.000101098 0.000408391 -0.000369847 0.000477575 0.000256346 0.000169186 0.000380613 0.000199367 0.000388314 0.000445126 -0.000529958 -0.000961312 -0.000147203 0.000270817 0.000372373 2.46091e-05 -1.15807e-05 -5.5955e-05 -0.00112206 -0.000205522 4.64703e-05 -0.000467795 0.00010113 0.000116223 0.00038011 0.000378843 4.55822e-05 -0.000210268 -0.0010798 0.000487238 0.00033179 -0.000203709 -2.73561e-06 -0.000403842 -0.00135097 5.29189e-05 -0.00046471 0.000519185 -6.14595e-06 0.000173641 -0.000260072 -2.75429e-05 0.000518636 0.000193771 -0.00142896 0.000264202 0.000395589 -0.000510198 -0.000601553 6.39383e-05 0.000201675 0.000174447 0.000353649 -0.000114017 6.04528e-05 0.000118577 -0.000362 5.66544e-05 -0.000249655 -0.000205219 -2.35966e-05 -0.00041245 -6.59469e-05 0.00011325 -0.00011158 -0.00010135 0.000288978 -1.56581e-06 0.000407117 0.000110595 -0.000627118 -0.000698592 
-0.0677513 -0.00613081 0.00255828 0.0167482 -0.0428707 -0.00127953 0.000734995 0.0169143 0.0154693 -0.00600225 0.0312233 0.00977717 0.000458959 0.0360338 0.00460944 -0.0284545 0.00830447 -0.00155997 -0.0010383 0.0247815 -0.00868468 0.000702624 0.11062 0.000281641 0.0256975 0.000905125 0.0137336 0.00282291 0.00751465 0.0368164 -0.0188785 -0.0014389 -0.00822253 -0.00559304 0.00264896 -0.0349507 -0.00221427 -0.0037964 -0.0536907 -0.0248978 -0.00440554 -0.0136321 -0.00112768 0.00596027 0.0126294 0.0118713 -0.0415976 -0.0169413 0.0139726 0.0366772 -0.00327699 0.00315957 0.0122107 0.00590554 -0.000615679 -0.0208103 -0.0327331 0.00321617 0.00521478 -0.00969033 -0.00253025 0.00791858 -0.0630533 0.00102284 -0.0232126 -0.00639655 0.00529141 -0.0308865 -0.00141811 -0.00102529 0.0673872 -0.00428022 -0.0446017 0.00233574 -0.00425808 -0.0268043 -0.0162667 -0.000643171 0.00137494 0.0361327 0.00860391 -0.00805892 0.00367651 0.000927911 0.0220771 0.0283391 -0.0151911 0.0132481 0.0146061 -0.0300696 0.0336212 0.00334024 -0.00712589 0.00724125 0.00496684 0.0214231 -0.00634446 -0.00137394 0.00430913 -0.0121928 
-0.00537167 -2.35536e-05 0.00448692 -0.00232568 -0.0114803 -0.000276219 0.00269098 -0.00794932 -5.44662e-07 0.00220629 -0.00533946 -0.00609909 0.00375302 0.00210897 -0.000365426 0.00249146 0.000472881 0.00188072 -0.00125027 0.000763484 -0.00105177 0.0005967 0.000281641 0.0441774 0.00505448 -4.32929e-05 -0.00282455 0.00514568 -0.00720124 0.00699501 -0.000901606 -0.00370854 -0.00296664 -0.00180338 0.00226552 -0.00482931 -0.00358765 -0.00442243 0.00511732 -0.00746444 0.000947912 -0.00382521 0.000445736 -0.000958754 -0.000224145 0.00242952 -0.00674746 -0.000324782 -0.000439909 -0.00647586 -0.000736677 0.000152485 -0.000626099 0.0106807 0.000289143 0.000908265 -0.00311693 -0.00263897 0.00104168 -0.000186121 0.000854469 0.00792079 0.000657452 -0.000138523 0.00665771 -0.000559135 -0.000272757 -0.00378437 -0.00180709 -0.000225308 0.00205153 0.000354243 0.000711323 -0.000394674 0.000100309 -0.00106715 -0.00540852 -0.000248575 -0.000306961 0.000630918 0.000792255 -0.00375549 1.92985e-05 0.00313578 -0.00452871 -0.000472706 -0.0062598 0.000972648 -0.00034971 -0.0072075 -0.00161284 0.000918572 0.00327937 -0.00116576 0.0115826 0.00109443 -2.38503e-05 0.00419774 -0.00675217 0.000613501 
-0.0342089 -0.00435055 0.00657364 0.00353264 -0.0441871 0.000252837 0.00123247 0.000802991 0.00710406 -0.008115 0.0113414 -0.00153798 0.00206356 0.010397 -0.000690633 -0.0213631 0.0027012 0.00241447 0.000622399 0.0355429 0.00569444 0.000685802 0.0256975 0.00505448 0.0848726 0.000721862 -0.00762454 0.00356143 -0.00537779 0.0387039 -0.00101805 0.0152245 0.00560304 0.0138887 0.00886162 -0.00360306 -0.000718598 0.00821871 -0.0133517 -0.0174694 -0.00706992 -0.00918806 -0.00678054 -0.000996066 0.00168928 0.0127216 -0.0298602 -0.00862324 0.00177359 0.0188055 -0.00428712 0.000297598 -0.000393671 0.00526055 -0.000499923 -0.0132064 -0.0367012 0.0010608 0.00349557 -0.00752866 -0.00132984 -0.00702097 -0.0453225 0.00130671 -0.020237 0.00443194 0.00202953 -0.0170594 -0.0069306 -0.000703831 0.0220688 -0.00290213 -0.0308669 0.0202259 -0.00278823 -0.0212128 -0.0145418 -0.000182848 0.00046168 0.0231303 0.00245035 -0.00728696 0.000143837 0.00972659 0.00407103 0.0111265 -0.00995331 0.00284064 0.00648571 -0.0194682 0.00478926 0.00429296 -0.00537729 0.00624616 0.0146834 0.0241491 0.00462774 -0.00154798 -0.00810859 -0.00417012 
0.00123718 -0.000351269 -0.000653265 0.00075997 0.00109282 1.82061e-05 0.000241873 0.000436309 -0.000282194 -0.000510968 0.0019577 0.00031007 -3.52924e-05 -0.000467116 -2.4506e-05 0.000233063 -0.000706698 0.00044421 0.000953506 -0.000621483 0.000304212 3.91176e-05 0.000905125 -4.32929e-05 0.000721862 0.0107683 0.00113875 -0.000379339 -0.00120588 -0.00157107 -0.00346371 0.000769453 0.000435297 0.00114065 -0.000727573 -0.0014551 -0.000422748 0.000851327 0.000183117 -0.0010535 -0.00075116 -0.000800729 -0.00029387 -0.000127359 2.55406e-05 8.90835e-05 0.00109592 -0.00135563 0.000534023 0.00378698 -0.000250536 0.000849904 5.24266e-05 0.000147632 4.34966e-05 -0.000593167 -0.000963616 -0.000358374 -3.75706e-06 -0.000169257 -5.90891e-05 -0.000928826 -0.00168065 1.24279e-05 0.000976014 0.000180153 0.000502848 2.10288e-05 -0.000626399 6.27528e-05 -0.000127009 -0.000459701 0.000613157 -0.000234056 -0.00019785 -0.00223099 0.00225792 -3.6415e-06 -0.000115515 -0.000592587 -6.09796e-05 -0.000231619 0.000691905 -0.000169014 -0.000512545 -0.000397887 -0.000971982 -0.000950794 -0.000267583 -0.00140732 -0.000306261 -6.65288e-05 -0.000542799 -2.64254e-05 -0.000792489 -0.00073615 8.81867e-05 0.000305877 5.35337e-05 -0.00299381 
-0.026515 0.00212647 -0.00663477 -0.00206611 0.0126942 0.00266862 0.000731868 0.0468437 0.0261346 0.0295409 0.0372272 0.00507484 0.00147587 -0.00557198 -0.000850007 -0.0280012 -0.00990887 -0.00307147 -0.00515158 -0.00783431 -0.0026993 0.000102236 0.0137336 -0.00282455 -0.00762454 0.00113875 0.117072 0.000420714 -0.0210649 -0.0160221 -0.0521231 0.00923853 -0.0152511 -0.00960393 -0.00522908 -0.00100813 0.0126653 -0.00592818 -0.00196922 -0.0463585 -0.00361728 0.029726 -0.00172439 -0.00163776 -0.000955989 0.000844706 -0.00229362 -0.0138367 0.00342869 -0.000283367 0.000358736 3.2784e-05 0.000356469 -0.000600856 -0.000562686 -0.0130877 0.0204192 0.0233457 -0.000359746 -0.00124935 0.00253059 0.01661 0.0167164 -0.000546249 -0.011145 -0.00543537 0.00630181 -0.0305454 -0.0126848 -0.000657707 0.0211745 0.0067758 -0.000677732 -0.00831676 -0.00511527 -0.0155806 0.0186993 -3.89408e-05 0.000552185 -0.000514874 0.000708438 0.0173151 0.00145324 -0.00329566 0.00580814 -0.0108588 0.0195269 -0.0121545 -0.000939622 -0.0242085 0.0046126 -0.000663089 0.00331153 -0.00317976 -0.000812677 -0.0108648 -0.00147007 0.000517665 -0.013683 -0.0431054 
-0.0228208 0.000126971 0.0141449 0.000277963 -0.0221496 8.9294e-05 0.00411011 0.0020342 0.00431659 0.0155709 0.00365739 -0.00501623 0.000897645 0.00342731 -0.000404718 -0.0180091 -0.00215349 0.00248317 -0.00149445 0.000168092 0.0147347 0.000304021 0.00282291 0.00514568 0.00356143 -0.000379339 0.000420714 0.0459914 -0.00607774 0.00816515 -0.0143582 0.0142668 0.0139511 0.00548525 0.00447235 0.00306245 -0.000348231 0.0108468 -0.0051682 -0.0208744 0.00173084 0.00281398 -0.00114376 -9.18359e-05 -0.00131203 -0.000527383 -0.00966677 -0.00576015 -0.000120175 0.000236691 -0.00018778 0.000603727 5.76133e-05 -0.00016471 0.000383763 -0.00716586 -0.0173739 0.00511508 0.00175688 -0.00157917 0.00148824 -0.00223089 -0.0183103 0.000542863 -0.0116597 0.0126234 -0.000408329 -0.000888584 -0.00377293 -0.000183296 -0.000818879 0.00302122 -0.0244703 0.0114494 0.0160467 -0.00901136 -0.0138426 0.000342647 -0.000188829 0.00350278 -0.00101012 -0.00303979 -0.000111894 0.00126168 0.00819689 0.00180098 -0.000725828 -0.00649096 -0.000850273 -0.00969738 0.00269112 -0.000165687 0.000326832 0.000238184 0.00808892 0.00299167 0.0154455 0.00337819 -0.0052472 -0.0131983 
-0.0198387 -0.00532802 -0.022486 0.00144045 -0.0369241 0.00479522 -0.0015697 -0.0475019 -0.0154169 -0.0155721 -0.0341671 0.0012805 0.000747832 0.00230865 0.00092368 0.0706972 -0.0105609 -0.00376547 0.0210202 0.00686254 -0.0175632 -0.000101098 0.00751465 -0.00720124 -0.00537779 -0.00120588 -0.0210649 -0.00607774 0.177177 0.0160162 0.0252657 -0.0360753 -0.0194762 -0.00391812 0.00970746 -0.0511302 -0.0159514 -0.0229004 -0.0341324 0.040539 0.020464 -0.018883 0.0364247 0.00520138 0.0103934 -0.00579405 -0.00954629 0.00393323 -0.00089718 0.00370683 0.013191 -0.0016307 0.0100287 0.00191361 0.000798348 0.0294734 -0.0538526 -0.0165266 0.000733883 -0.000721888 -0.00165518 0.00126767 -0.0131402 3.06046e-05 -0.0220474 -0.0127625 -0.00495352 0.0218624 -0.0160875 -0.00109735 0.00298703 0.0229083 0.018164 -0.00585591 -0.00902127 -0.013839 -0.0261913 -0.00123867 0.00346552 0.00930806 0.00471775 -0.00262483 0.000397148 -0.00368706 -0.00439241 0.0142755 0.00861948 -0.0149405 -0.00162786 0.00830597 0.0245779 -0.00237904 0.0178388 -0.00755246 0.0141337 0.0144523 -0.0114563 0.0119512 0.00410315 0.0137843 
-0.0558629 -0.00604979 0.0140009 -0.00344806 -0.0755102 0.000398484 -0.000289141 -0.00915778 -0.00404028 -0.00645158 -0.000938888 0.00767232 -0.00409571 0.0183204 3.17264e-05 -0.010571 0.0146361 -0.00382825 0.00166857 0.0391134 0.00926384 0.000408391 0.0368164 0.00699501 0.0387039 -0.00157107 -0.0160221 0.00816515 0.0160162 0.142362 -0.00539656 0.0135812 0.00374128 0.0166654 0.0285526 -0.012036 -0.00233136 0.0134995 -0.0294821 -0.00343729 -0.00860898 -0.0147281 -0.00867463 -0.00040076 0.00754838 0.00514854 -0.0637167 -0.0116344 -0.000434576 0.0284536 -0.0105704 -0.000365872 0.000331057 0.0104733 -0.000720429 -0.0289195 -0.0573737 0.00291121 0.00355564 -0.0152906 7.09981e-05 -0.0166632 -0.076279 0.00169932 -0.0289815 0.00283434 -0.00246998 -0.0347637 -0.0004748 -0.00088018 0.0285252 -0.00689769 -0.0484202 0.0341459 0.00685011 -0.0317404 -0.0239886 -0.000247948 4.31993e-05 0.0344942 0.0083148 -0.0039598 -0.000781844 0.0118228 0.0255043 0.0474862 -0.0289074 0.0260156 0.00987219 -0.031459 0.0175941 0.00403453 -0.0145462 0.00153577 0.0120356 0.0448765 0.00918517 -0.00654902 -0.00227322 0.016267 
0.043931 0.00946435 -0.0394887 0.0175571 0.0396479 -0.0049143 -0.00133279 -0.0960128 -0.0232655 -0.034636 -0.0528229 -0.0563581 -0.00946853 -0.0369317 -0.0035173 0.0651709 -0.0051141 -0.00611721 -0.0157222 0.00381456 -0.0194321 -0.000369847 -0.0188785 -0.000901606 -0.00101805 -0.00346371 -0.0521231 -0.0143582 0.0252657 -0.00539656 0.249096 -0.063608 -0.0437522 0.000643791 0.0148341 0.0477742 -0.0319573 -0.0372567 0.0414209 0.123636 -0.0421397 -0.0410794 -0.014621 -0.00363151 -0.00555683 0.00847625 0.00402401 0.0362909 -0.00570968 -0.0257415 -0.0266236 -0.00228677 -0.00329251 -0.00715962 0.0011779 0.00532071 0.062068 -0.0323292 -0.00158861 -0.0274362 -0.0021372 0.0110599 0.0496952 -0.00215707 0.0423381 -0.0289282 -0.00343941 0.036297 -0.0121669 -0.00463538 -0.0161585 -0.00476164 0.0676677 0.00353512 0.0037303 0.0922554 -0.0568908 0.000170946 -0.00050113 0.017293 -0.00714392 -0.0214876 -0.00330289 0.00803593 -0.044331 -0.0306565 -0.0148982 -0.00193307 -0.0112971 0.0357767 0.0065128 -0.00523945 -0.0284094 -0.0194075 -0.0154313 0.0271187 -0.0177121 -0.0166407 -0.0483731 0.134352 
-0.0177137 -0.0061966 0.0462102 -0.0130021 -0.0362047 -0.00243883 0.00149545 0.0387707 0.0201113 0.0163564 0.037463 0.0147668 -0.00300279 0.00963383 0.00316217 -0.0561634 -0.00324816 -0.004254 6.7531e-05 -0.000357323 0.0484554 0.000477575 -0.0014389 -0.00370854 0.0152245 0.000769453 0.00923853 0.0142668 -0.0360753 0.0135812 -0.063608 0.134601 0.0651369 0.0224469 -0.00198004 0.033412 0.0276066 0.0706121 -0.0018134 -0.0580148 -0.0197959 0.0241772 -0.0163194 0.00455265 -0.00306855 -0.00403025 -0.0382528 -0.0219124 0.00345526 0.00136991 -0.00367915 -0.00115858 -0.00279608 -0.0034088 -0.000527762 -0.0263478 -0.0398404 0.0318634 -0.00134569 -0.0142397 -0.000201164 -0.018892 -0.0477916 0.00175877 -0.0326769 0.0481693 -0.0012533 -0.00779538 -0.0149804 0.000297928 0.0026904 -0.00640356 -0.0709689 0.0329994 0.0272325 -0.0382721 0.0087556 -9.10083e-05 -0.000978955 -0.00273094 -0.00121766 -0.010053 -0.000413843 -0.00312286 0.0231123 -0.0108491 -0.0102689 0.000501998 0.00461838 -0.0283582 -0.012699 0.00259448 -0.0123192 0.0232707 -0.00521598 -0.008806 0.039119 -0.00596308 -0.0179536 -0.0481858 
-0.00722675 -0.00661648 0.0389219 -0.0116517 -0.0435177 -0.00118191 0.000819341 0.0128995 0.00283879 0.00372216 0.00540222 -0.00145311 -0.00123715 0.011522 0.0038893 -0.0356891 -0.000127075 -0.00253539 0.00564573 -0.00810376 0.0435878 0.000256346 -0.00822253 -0.00296664 0.00560304 0.000435297 -0.0152511 0.0139511 -0.0194762 0.00374128 -0.0437522 0.0651369 0.127069 0.0300429 -0.00588042 0.0274464 0.0176623 0.049731 -0.00340114 -0.0353069 -0.00400526 0.0148401 0.0062853 0.00775826 -0.00297789 -0.00506926 -0.0203061 -0.0139292 0.00465942 -0.0117767 0.00955189 -0.00049384 0.00589146 -0.00315949 -0.000625625 -0.00419795 -0.0339057 0.0183116 -0.00109603 -0.010234 0.00022883 -0.0192411 -0.0445585 0.00309212 -0.0181596 0.0469279 -0.00289255 0.0075742 -0.00831447 0.00173396 -0.0111249 -0.00525036 -0.0654588 0.027754 0.0222305 -0.0284285 0.00651027 0.00140318 0.0022748 -0.0125953 -0.00200756 -0.0106348 -0.000490909 -0.00380149 0.00717994 -0.00885459 -0.012197 -0.00639034 -0.000405592 -0.0163578 -0.00789807 0.00123287 0.00411491 0.0150967 -0.00691466 -0.0110733 0.0358348 0.000198498 -0.00844506 -0.0441402 
-0.0106903 0.00318959 0.00936423 0.00493746 -0.0249792 -0.00111655 0.000851317 0.00320287 0.00678156 0.00199415 -0.00697152 -0.0125802 -5.12396e-05 -0.000985516 -0.000839258 -0.0318716 -0.00352719 -0.00015273 0.0213914 -0.00111626 0.0220252 0.000169186 -0.00559304 -0.00180338 0.0138887 0.00114065 -0.00960393 0.00548525 -0.00391812 0.0166654 0.000643791 0.0224469 0.0300429 0.102632 0.00769161 0.00940768 0.00578839 0.0236211 0.0228657 -0.0256478 -0.00490847 0.00536021 -0.000769053 -0.000674642 -0.00188529 0.00800327 -0.0365615 -0.0162768 0.000442005 0.0208927 -0.00240122 -0.00101913 0.000957262 -0.00063273 -0.000676721 -0.0162654 -0.0248306 0.00413833 2.20955e-06 0.0102567 0.000703265 -0.014755 -0.0529727 0.000842952 -0.0107483 0.0135386 0.000187278 -0.0155319 -0.000894928 0.00282843 -0.00751234 -0.000546684 -0.0278771 0.0334976 0.00593775 -0.0207046 0.00825152 -0.000443501 0.00137089 0.00807421 -0.00231815 -0.00565927 0.00086877 0.000506534 -0.00223301 0.00382029 -0.0163779 -0.00857265 -0.00307616 -0.0248027 -0.00224238 -0.000878875 -0.00527806 0.000492622 0.00170753 0.0118092 0.0130534 -0.00195048 -0.0101992 -0.0098455 
-0.0334167 -0.00246687 -0.00263778 0.00290842 -0.0229819 0.0013948 -0.00039634 0.000534628 0.00113289 0.000870464 0.0144173 -0.00401066 -0.00120876 -0.00280569 -0.000772527 0.0176776 -0.00410606 -0.000356823 -0.00233825 0.0135992 0.00202644 0.000380613 0.00264896 0.00226552 0.00886162 -0.000727573 -0.00522908 0.00447235 0.00970746 0.0285526 0.0148341 -0.00198004 -0.00588042 0.00769161 0.0747513 -0.00344344 -0.00443148 0.000724022 -0.0102134 0.00505469 -0.0044634 -0.0067301 -0.00480387 -0.0020623 -0.00128524 0.00456773 -0.0200007 -0.00839849 -0.00161231 0.0251831 -0.00415764 0.000632334 -0.00188402 -0.000895885 7.98039e-05 -0.0152961 -0.0167201 -0.00304345 -0.000400891 -0.00796093 0.00145034 -0.00736943 -0.0363559 0.00233027 -0.0152109 -0.000755464 0.000884947 -0.0176967 0.00091464 -0.000332472 0.00491367 -0.00220728 -0.0201717 0.0164077 0.00636655 -0.0132445 -0.0206462 -0.000414738 0.00121242 0.0412021 -0.0012158 -0.00388612 4.03307e-05 0.01113 -0.00159615 0.00338623 -0.01272 -0.00433211 -0.00198838 -0.0129113 -0.00295677 0.00395084 -0.00748795 0.00517277 0.00267203 0.0354714 -0.000206389 -0.00286093 -0.0129345 0.026145 
