0.16355 -0.00161899 0.0174347 -0.0012623 0.0266697 -0.00904517 0.012672 -7.53649e-05 -0.000654448 -0.000241463 0.000872428 -0.000182806 -0.00266714 -0.00196688 -0.00174352 -0.000860008 -0.00189404 -0.011807 -0.0158674 -4.26092e-05 0.000262519 -0.0118745 -0.00244306 0.016724 -0.00410919 -0.00659885 0.00620836 -0.00526099 -0.00060577 -0.0567664 0.0272594 -0.000234337 0.0149791 5.70558e-05 -0.0304329 -0.00525545 -0.00270513 -3.23937e-05 -0.00876526 -0.0153114 -0.00125911 -0.00128514 0.000144196 -0.00175599 -7.36178e-05 -0.00067233 -2.40658e-07 -0.00045821 -0.00119715 -0.00210265 -0.000396184 0.0092252 -0.00428925 -0.000231386 -0.000360753 -0.000386895 -0.00201701 -0.0105039 -0.000668849 -0.000138546 -0.000699318 -0.0254447 0.000217915 -0.00681974 -0.0196397 -0.00610246 -0.00124008 -0.000410269 -0.00124009 -0.000385817 -6.30822e-05 -0.00699529 -0.000763227 0.0552294 -0.00636219 -0.0316894 0.000166066 -1.84331e-05 -0.0158858 0.000646419 -0.000984069 0.00803389 0.0012099 -0.00673473 0.000303065 -0.00769293 -5.84087e-05 -0.000267673 -0.018317 -0.000864307 -0.00435151 0.00362206 -0.000636051 -0.000790145 -0.00127608 0.00214808 0.0289016 -0.000146766 -0.000632718 -0.00190333 
-0.00161899 0.00936033 0.000565084 -2.90119e-05 -0.00477184 1.2059e-06 -0.00358723 1.94057e-05 0.00030893 0.000118711 1.9111e-05 0.000628377 0.00319503 -0.000177443 0.00289532 4.73082e-05 6.06415e-05 -0.000107068 0.000111635 2.07851e-05 0.0004236 -0.0018797 0.000605392 -0.000148404 0.000442975 0.000185101 -0.00452877 -0.000167407 0.000496419 -0.00419044 -0.00302889 6.89479e-05 -0.0050397 2.71864e-05 -0.00199985 0.00362073 0.00379497 4.64504e-06 0.00491756 -0.000868298 0.000789556 -0.00481006 -0.000129938 -3.20193e-05 -1.94445e-05 0.0010761 2.58261e-06 3.58022e-06 0.000934393 0.00104011 0.00140043 -0.00478923 9.71322e-05 3.22648e-05 2.73469e-07 -2.95142e-05 0.00107905 0.00117994 -8.01113e-05 5.07599e-05 -3.1898e-05 -2.35871e-05 -5.70644e-06 0.00438524 0.00331287 -0.000205947 -8.34898e-05 3.83629e-05 7.41635e-05 -2.48504e-05 3.22335e-05 0.000618087 -1.18518e-05 -0.00279457 0.00389874 -0.00312755 -9.15813e-05 3.34409e-05 0.000214763 0.000134745 0.000967536 -0.00507222 -0.000316984 0.00162294 1.6103e-05 0.00329811 8.80318e-07 2.02457e-05 0.00206031 0.000193322 -0.000216001 -0.00438862 0.000774004 0.00243705 0.000149652 -0.00467516 -0.00338586 -2.17832e-06 3.69572e-05 0.00254611 
0.0174347 0.000565084 0.0899048 -0.000779694 -0.0280724 0.00193351 -0.000122592 -2.89089e-05 0.000112183 -3.78157e-05 0.000776344 -4.9084e-05 0.00313017 0.00289434 0.00132016 3.78926e-05 -0.000999131 -0.0121378 0.00069191 0.000271805 -0.00140769 -0.00727465 -0.000562645 0.00448055 0.00137176 -0.00218486 -0.00871543 -0.00288364 -6.02077e-05 -0.0105861 -0.00485326 0.000198394 -0.00518974 0.000113781 -0.0446654 0.00388228 0.00346486 -1.45546e-05 0.00251643 -0.0108265 -9.14874e-05 -0.00927889 -0.000761045 -8.19091e-05 -0.000108835 0.00029893 -6.54514e-05 -0.000267915 0.000354499 -0.000125477 0.000854095 -0.0199811 0.000362906 -0.000143159 -9.32099e-05 -2.82747e-05 0.000122893 -0.00440233 -8.80288e-05 -2.71887e-05 -0.000202729 -0.00824192 0.000220312 0.0129517 -0.00770015 -0.00192282 0.000170101 0.000131201 -0.000163421 0.000181041 0.00184957 0.00563996 2.94521e-05 0.00611083 0.000623455 -0.0107606 0.00183317 1.62436e-05 0.013873 -0.000731539 -0.000126098 -0.00276702 0.000539194 0.000129022 0.000763764 -0.00213203 -1.56597e-05 -0.000100151 0.0231445 -0.000139782 0.00110352 -0.00270142 0.000878417 0.00289502 -9.04137e-05 -0.00545908 0.00809834 1.46395e-05 -7.43102e-05 0.00203493 
-0.0012623 -2.90119e-05 -0.000779694 0.0126833 0.000501305 -0.000482708 5.4141e-05 3.36763e-05 -2.94436e-05 8.97795e-05 -6.57419e-05 0.000112057 0.000317477 -4.41755e-05 0.000133915 -3.23863e-05 -7.41028e-05 0.000552849 0.00165685 8.62348e-06 -7.9201e-05 -0.00176773 0.000731251 -0.000170311 0.000854436 -0.000302136 -0.000184077 -0.000241212 -6.3722e-06 -0.000748339 -0.00233133 6.6431e-05 -0.00100987 6.55009e-05 -0.000515629 0.000244444 -0.000169458 2.27914e-06 -0.000511562 -0.00107598 0.000131979 -0.00106337 -0.000161062 0.000154826 2.25788e-05 1.11776e-05 6.72622e-05 0.000244878 0.000124979 -6.8868e-05 -3.26306e-05 0.000680979 2.94686e-05 -9.9827e-07 0.000166714 8.20069e-05 -7.49621e-05 -1.57549e-05 0.000928396 3.95519e-05 -4.97407e-05 -0.000955194 -7.48557e-06 -0.000352798 0.000769171 -0.000283489 2.6125e-05 -3.9456e-06 -5.61107e-05 0.000132583 9.77684e-05 0.000268117 0.000458992 -0.0033308 7.23281e-05 -0.000334931 -0.000153866 4.45211e-06 -0.00136343 4.0364e-05 0.000317006 -0.000530812 -0.000346834 0.000296239 0.000172765 0.000415833 3.82344e-05 3.07884e-05 -0.000630482 -2.55698e-05 0.000330266 2.17264e-05 -4.05435e-05 -6.89114e-05 0.00043081 -5.36717e-06 -0.00305468 0.000192822 7.20228e-05 -5.60675e-05 
0.0266697 -0.00477184 -0.0280724 0.000501305 0.184517 -0.0279889 0.00538654 -0.000571637 -0.00125273 -0.000506443 -0.00119281 -0.0036656 -0.0191124 -0.00949844 -0.00563621 -7.73299e-05 0.000376916 0.0127845 -0.0110151 -0.00111951 -0.00582673 -0.0119507 -0.00322889 -0.0106012 -0.01065 0.00585261 0.0332142 0.00533694 -0.00256743 0.0271636 0.0135601 -0.000747353 0.0464495 -1.42462e-05 0.0934105 -0.0187847 -0.0143045 -5.00619e-05 -0.0255946 0.0227669 -0.00581754 0.0397001 -0.00148866 -0.000490927 -5.9289e-05 -0.00197018 -0.000405974 -0.00184258 -0.00487168 -0.00831672 -0.00222435 0.0619743 -0.0105903 -0.000551036 -0.000186318 0.000421197 -0.00606974 -0.0296898 -0.00125449 2.32693e-05 -0.000384366 0.00068077 -0.000181869 -0.0510223 -0.050532 0.000699991 -0.00148473 -0.00256294 -0.00363789 -0.00227197 -0.00364439 -0.0215487 -0.000319536 0.0445887 -0.0225242 0.0264747 -0.0158345 -0.000179919 -0.0460469 0.000228445 -0.00231942 0.0301652 -0.00212642 -0.0151284 -0.00130609 -0.0291324 -0.000235415 -0.000771772 -0.0886979 -0.0021121 -0.0191882 0.00924952 -0.00194198 -0.00745416 -0.0015805 0.0224063 -0.0163688 -3.60325e-05 -0.00164075 -0.00775454 
-0.00904517 1.2059e-06 0.00193351 -0.000482708 -0.0279889 0.0656293 0.00297178 0.000228247 0.000788777 0.000277496 0.000578156 -0.000162058 -0.00180331 0.00440047 -8.94975e-05 -0.000178075 -0.000607559 9.30301e-05 0.00269492 0.000557353 0.000286547 0.00202833 0.000269992 0.000143807 0.00103051 -0.00124227 -0.00487139 -0.00173235 0.00154404 -0.0126442 -0.000403097 1.44793e-05 -0.0342627 -5.68289e-05 -0.0203026 0.000259519 -4.46458e-05 -2.63927e-06 0.00617994 -0.00458217 0.000167869 -0.00236239 0.00200912 -0.000471501 -0.000123356 -0.000137719 1.54715e-06 -0.000220961 0.000167741 0.00140832 -0.000112312 -0.0221787 0.00138758 3.45448e-06 1.16393e-05 -0.000134989 0.00115129 0.0096143 -0.00015204 1.51902e-05 -9.33609e-05 -0.004209 -2.33114e-05 0.00504103 0.000874069 -0.00180895 0.000777718 0.00224204 0.003008 0.000496465 0.00015492 0.0076521 0.00019104 -0.0133571 -0.000149415 -0.00232516 -0.000125068 8.01808e-05 0.00260265 0.00191734 -0.000111922 -0.00485293 0.00410881 0.00657091 0.000741317 0.00283778 -8.13147e-06 6.46957e-05 0.00778031 0.00096375 0.0144145 -0.000559143 0.000197259 -0.000258381 0.000276358 -0.0025642 0.00523827 -2.95194e-05 0.000605143 0.000185583 
0.012672 -0.00358723 -0.000122592 5.4141e-05 0.00538654 0.00297178 0.0695723 -9.48925e-05 -0.000499967 -0.00034166 -0.00136211 -0.00216138 -0.0129642 -0.00147743 -0.00685537 -0.00136836 -0.00378018 -0.0128736 -0.00320948 -0.000973954 -0.00988839 0.0082461 -0.0032138 0.0017883 -0.00582637 -0.00652578 0.0141653 -0.00998104 -0.000320017 -0.00291606 0.0334566 -0.000420355 0.0182235 -0.000420969 -0.0127547 -0.0106319 -0.0101465 -0.000106002 -0.0171644 -0.0327619 -0.0036988 0.0145907 0.000805094 -0.00124707 -0.000633412 -0.00219739 -0.000364013 -0.00107468 -0.00184179 -0.0025472 -0.0024138 0.0124495 -0.00436856 -0.000687975 -0.000195182 -0.000933241 -0.00284883 -0.00528966 -0.00180943 -0.000298181 -0.000277124 -0.0267896 -0.000117171 -0.00972503 -0.000817181 -0.0119531 -0.00154901 -0.000434831 -0.0014925 -0.00051584 -0.00190464 -0.00340124 -0.000949601 0.0201074 -0.0104964 0.00190547 0.00128982 -4.00548e-05 0.00624796 -0.00046309 -0.00290399 0.0157495 0.00177184 -0.00643783 4.54151e-05 -0.00397651 -4.78207e-05 -0.000282326 0.00690646 -0.00211382 0.00284574 0.0184581 -0.00201692 -0.00815452 -0.00303235 0.0130063 0.0339354 -0.000252107 -0.000790208 -0.00851656 
-7.53649e-05 1.94057e-05 -2.89089e-05 3.36763e-05 -0.000571637 0.000228247 -9.48925e-05 0.00131459 3.39041e-06 2.45458e-05 -3.8201e-06 8.85876e-05 0.000329336 0.00015137 2.24979e-05 4.68563e-07 8.16474e-06 -9.80808e-05 0.000178182 1.52962e-05 -2.41304e-05 2.25276e-05 2.79461e-06 -4.95332e-05 8.56048e-05 -2.49973e-05 -0.000500162 -1.69467e-05 0.000255576 -0.000434371 -0.000100198 4.36202e-05 -0.000633411 -1.92725e-07 -0.000506514 5.74095e-05 7.25326e-05 5.23473e-07 8.1167e-05 -0.000150382 9.71837e-05 -0.000542272 6.30754e-05 -3.55304e-06 9.82683e-07 1.63606e-05 5.16437e-05 1.18005e-05 0.000159337 8.64996e-05 1.13914e-05 -0.000568682 -3.4288e-05 -2.60381e-06 2.08207e-06 1.84797e-05 5.97468e-05 0.000438492 7.68671e-05 4.9788e-06 -4.27139e-06 -3.07049e-05 4.88513e-07 0.000241586 0.000577524 -2.68988e-05 2.44408e-05 0.000217635 4.6728e-06 -1.05274e-06 3.67477e-06 0.000171601 1.00845e-05 -0.000515311 0.000249808 -0.000634477 -1.18624e-05 4.47465e-06 0.000298075 2.22096e-06 5.794e-05 -0.000689826 5.1558e-05 0.000410167 9.02014e-06 0.000449811 8.23967e-06 2.1482e-06 0.000313182 3.61158e-05 0.000104073 -0.000216341 4.08452e-06 5.58544e-05 2.0689e-05 -0.000509862 -0.000358154 3.21711e-06 -5.9698e-07 -6.52043e-06 
-0.000654448 0.00030893 0.000112183 -2.94436e-05 -0.00125273 0.000788777 -0.000499967 3.39041e-06 0.00410111 1.63437e-05 1.05041e-05 1.21681e-05 0.000228845 0.0001399 0.000157958 3.37771e-05 -8.10791e-06 -0.000218245 0.000826624 1.74568e-06 -2.63707e-05 0.000996532 2.81089e-05 -9.76639e-05 -7.65474e-05 6.6508e-05 -0.000120149 -0.000107397 1.03324e-05 -0.000579248 -0.00097643 4.14196e-05 -0.00187738 -3.28421e-06 -0.000432131 0.000319865 0.000147036 1.14061e-06 0.000451749 -0.000185484 8.08533e-05 -0.000145439 2.76304e-05 -3.74814e-05 -7.05496e-06 1.99199e-05 1.3182e-06 8.45557e-05 4.79407e-05 -1.72591e-05 0.000125334 -0.000288077 0.000124884 6.01349e-06 3.36306e-06 -6.9336e-06 0.00010631 0.000196993 -4.90134e-06 1.55289e-05 -8.00013e-06 0.00105414 2.9848e-06 4.75913e-05 -0.000280158 0.000152184 -3.06522e-05 -1.34548e-05 8.08405e-05 2.56772e-05 1.30644e-06 0.000453229 3.47077e-05 -0.000934445 0.000281673 0.000400532 -6.27234e-05 -1.06179e-06 -0.000318187 -2.53033e-05 -5.78062e-06 -0.0005229 2.27404e-05 -5.2108e-05 -2.83357e-05 -0.000180653 3.16814e-06 -8.99791e-06 -0.000614788 4.1062e-06 -6.72478e-05 -0.000476445 0.000172315 0.000291623 7.31066e-06 -0.000313501 -0.00140568 -4.74375e-06 0.000126915 0.00019871 
-0.000241463 0.000118711 -3.78157e-05 8.97795e-05 -0.000506443 0.000277496 -0.00034166 2.45458e-05 1.63437e-05 0.00140663 5.99326e-05 4.78306e-05 0.000343372 0.000153134 6.56161e-05 -6.65341e-06 -8.32811e-06 2.42177e-05 1.54145e-05 1.38201e-05 6.94489e-05 -0.000116963 0.000137663 2.5302e-06 0.00013122 3.23491e-05 -0.000399645 2.4473e-05 4.70453e-06 -0.00032399 -0.000174536 1.74453e-05 -0.000577245 4.63927e-06 -0.00020133 0.000184275 0.000160146 1.57387e-06 0.000391077 7.11087e-05 0.000127285 -0.000419989 8.55523e-06 1.64827e-05 7.42435e-06 6.04681e-05 1.77184e-05 -3.26024e-06 4.78267e-05 6.84522e-05 5.61277e-05 -0.000566429 6.05204e-05 4.44602e-06 -1.15031e-06 -2.34814e-06 5.68234e-05 1.5665e-06 8.48725e-06 1.69302e-05 6.63804e-06 -8.24565e-05 -5.71785e-07 0.000307956 0.000222767 2.36222e-05 1.16096e-05 7.01645e-05 -6.00661e-06 8.13093e-06 1.10555e-05 4.33763e-05 6.60984e-06 -0.000567546 0.000255493 -0.000400056 -1.42219e-05 5.27836e-06 -9.65148e-05 0.000123235 5.24969e-05 -0.000350779 1.18872e-05 0.000130017 6.54803e-06 0.000107392 7.67251e-06 5.01377e-06 -1.24564e-05 7.32769e-05 0.000104728 -0.000359914 3.08004e-05 0.000243805 -3.6029e-07 -0.000382302 -0.000316871 1.26013e-06 1.98081e-05 0.000180053 
0.000872428 1.9111e-05 0.000776344 -6.57419e-05 -0.00119281 0.000578156 -0.00136211 -3.8201e-06 1.05041e-05 5.99326e-05 0.0122775 -8.18958e-05 0.000120482 -0.000226419 -4.07908e-05 3.84408e-05 9.43521e-05 -0.00114528 -0.000716698 -2.98751e-06 -0.000265023 -0.00199198 -0.000166889 -0.000406014 -0.000238866 0.000306372 0.000399843 4.24879e-05 -2.32195e-05 -0.00448413 0.00148816 -8.64182e-06 -0.00445281 1.57081e-05 0.000353735 -0.000265345 -0.000106388 -1.60301e-06 0.000301041 0.000391096 -9.55705e-05 0.000488872 0.000873581 2.10982e-05 -2.64897e-05 8.5532e-06 -8.52295e-06 -3.03808e-05 -6.95902e-05 -2.4524e-05 5.32428e-05 -0.000385378 0.000717128 3.58687e-05 1.13575e-05 -5.31512e-05 -5.7812e-05 0.000414407 -8.04942e-05 -4.862e-06 -3.74117e-05 -0.000854494 -1.65901e-05 -0.000374514 -0.000709089 -0.000230222 -9.87783e-05 -2.52044e-05 3.47903e-05 -3.58109e-05 2.51795e-05 -0.000130142 -3.76185e-05 0.00260603 -0.00039424 -0.00101318 -0.000253784 6.54694e-06 -0.00148915 5.9462e-05 9.22827e-06 -0.000195732 0.000615866 5.30597e-05 0.000132593 -0.000586914 -3.55744e-06 0.000105462 -0.00183757 0.000409722 0.000346636 -0.000168898 -1.28935e-05 -0.00010109 -4.95606e-05 0.000119553 0.00147094 -9.92614e-06 7.02736e-05 -8.2505e-05 
-0.000182806 0.000628377 -4.9084e-05 0.000112057 -0.0036656 -0.000162058 -0.00216138 8.85876e-05 1.21681e-05 4.78306e-05 -8.18958e-05 0.00694963 0.00269427 -0.00017108 0.00142602 -1.81996e-05 2.9196e-07 -0.00080764 -0.000113939 4.36686e-05 0.000220872 -0.00159575 0.000714212 -5.97647e-05 1.79653e-05 -0.000161899 -0.00494303 -0.000135244 0.001161 -0.00363958 -0.00116583 0.000161173 -0.0026036 -4.47171e-06 -0.00237156 0.00229656 0.00336567 1.71772e-05 0.00242057 -0.000782878 0.000214395 -0.00447267 6.37404e-05 8.27113e-05 5.38033e-06 0.000372058 3.87919e-05 -3.95217e-05 0.000582324 0.002252 0.000629626 -0.00417131 -0.000152364 3.07457e-05 8.64266e-06 -9.69191e-07 0.0015168 0.00051699 -1.32683e-06 7.80735e-06 -2.06336e-05 -0.000835208 4.25696e-06 0.0043194 0.00377245 -0.000233418 -6.95337e-05 0.000225177 -4.5933e-05 -1.47514e-05 -5.13155e-06 2.15916e-05 -1.79589e-05 -0.00142671 0.00407439 -0.00504476 -7.88229e-05 1.07448e-05 0.00165074 6.3341e-05 0.000750908 -0.00517292 -0.000137668 0.000754733 3.51112e-05 0.0041238 9.06899e-05 0.00023881 0.00313541 1.6006e-05 -0.000408964 -0.00459359 0.000297069 0.0017632 2.96211e-05 -0.00449144 0.000309353 -1.41181e-06 -1.15849e-05 0.00193896 
-0.00266714 0.00319503 0.00313017 0.000317477 -0.0191124 -0.00180331 -0.0129642 0.000329336 0.000228845 0.000343372 0.000120482 0.00269427 0.0488447 0.00188749 0.0060354 -0.000183711 0.000390245 -0.0060668 0.00395579 0.000779318 0.0027386 -0.00569488 0.00475797 -0.00160701 0.00225127 -0.00121366 -0.0151527 -0.000389195 0.000286343 -0.0148531 -0.0165905 0.000248457 -0.0196455 3.40443e-05 -0.0153346 0.0140216 0.0106086 7.04095e-05 0.0152555 -0.00489196 0.00318606 -0.0136461 0.000276827 0.000392593 0.000305332 0.0012876 0.000338279 0.000976372 0.00297708 0.00349314 0.00209628 -0.0149968 0.00194022 0.000232375 0.00012029 0.000391974 0.00356846 0.00311325 0.000834543 5.74949e-05 -0.000141005 -0.00184924 8.95215e-05 0.0140823 0.0124481 -6.76984e-05 0.000501755 0.000733589 0.00184048 0.000488158 -0.000191342 0.00323989 -0.000136694 -0.00892787 0.0163649 -0.0115486 -0.000747482 4.07295e-05 -0.000809098 0.000113641 0.00217573 -0.0169755 0.00222212 0.00397287 0.00111487 0.011783 3.34219e-05 1.1637e-05 0.00335027 0.000851402 -0.000483955 -0.0108122 0.00178379 0.00675951 0.000995694 -0.0143222 -0.00763422 2.40562e-06 0.000114476 0.00823354 
-0.00196688 -0.000177443 0.00289434 -4.41755e-05 -0.00949844 0.00440047 -0.00147743 0.00015137 0.0001399 0.000153134 -0.000226419 -0.00017108 0.00188749 0.0242066 -8.32655e-06 2.17968e-05 -0.000260377 -0.00131495 0.000795891 -1.34801e-05 -0.000372243 -0.00245525 0.000507842 0.000901435 7.37695e-05 8.91447e-05 -0.00125965 -9.34697e-05 -4.31384e-05 0.00175692 -0.00330712 -6.66359e-06 -0.0055571 1.09985e-06 -0.0085789 0.00196428 -0.000101038 -2.16542e-06 0.00207892 -0.000904665 0.000378911 -0.00172435 0.000952873 -2.94723e-05 -3.13948e-05 -2.40206e-05 2.77064e-05 0.000180874 0.000251107 -0.000188486 3.49728e-05 -0.00922227 0.000568394 -2.75322e-05 1.73271e-06 0.000310352 -9.51772e-05 6.0892e-05 0.000324968 -9.62566e-06 -4.28693e-07 -0.000736049 3.19964e-05 0.0018626 0.00158629 1.96081e-05 -0.00019873 0.000262262 0.000533848 0.0001279 0.000217914 0.00146723 0.000316787 -0.00734811 -0.000559266 -0.00127703 0.000931439 9.47878e-06 0.00203461 -0.000162855 0.000123296 6.83906e-05 6.08902e-05 -0.000671844 1.23404e-05 -0.0004752 5.16336e-05 1.92472e-06 -0.000514088 1.49604e-05 0.00715706 -0.000152672 9.88746e-06 0.000774972 -0.000119434 -0.00104752 -0.000619785 -3.33526e-06 -4.89032e-07 0.000285072 
-0.00174352 0.00289532 0.00132016 0.000133915 -0.00563621 -8.94975e-05 -0.00685537 2.24979e-05 0.000157958 6.56161e-05 -4.07908e-05 0.00142602 0.0060354 -8.32655e-06 0.00958138 3.4641e-05 0.000149644 -0.000785896 0.000445769 0.000110295 0.00191504 -0.00186559 0.00209334 -0.000403925 0.00130538 0.000490912 -0.00706986 -9.06071e-06 8.92326e-05 -0.00486143 -0.00580047 0.000143923 -0.00644425 3.33118e-05 -0.00384137 0.00591 0.00584537 3.9972e-05 0.00685315 -0.00055589 0.000461112 -0.00680105 0.000228744 0.000342237 -6.33344e-06 0.000982786 0.000126514 3.11049e-05 0.000309591 0.00123056 0.00168177 -0.00640713 -0.000240797 0.000148813 -3.81855e-06 -3.14996e-05 0.00218306 0.000213262 0.000101212 0.000115476 -4.27826e-05 -0.00107443 3.30528e-05 0.00627631 0.00419655 -0.000264884 1.24377e-05 0.000479486 -4.89135e-05 -4.34718e-06 -4.34451e-05 0.000598354 1.60876e-05 -0.00295765 0.005914 -0.0035055 -0.000172983 2.06192e-05 -0.00010509 3.29143e-05 0.00154477 -0.00713726 -0.000175733 0.00166672 3.24201e-05 0.00333866 3.31034e-07 3.70781e-05 0.00229534 0.000136609 -0.000322344 -0.00624626 0.00112414 0.00389448 0.00022676 -0.00660824 -0.0040361 3.71802e-05 6.04737e-05 0.00501878 
-0.000860008 4.73082e-05 3.78926e-05 -3.23863e-05 -7.73299e-05 -0.000178075 -0.00136836 4.68563e-07 3.37771e-05 -6.65341e-06 3.84408e-05 -1.81996e-05 -0.000183711 2.17968e-05 3.4641e-05 0.00598081 -4.24703e-05 0.000119073 3.21747e-05 1.16933e-05 6.73445e-05 -0.000124692 3.83166e-05 -0.000105499 -4.62927e-05 0.00046201 0.000136349 0.00141966 -6.84026e-06 0.000605214 -0.00188959 -5.62471e-06 -0.00114069 2.4191e-05 0.000367046 -0.000145651 -1.52158e-05 3.39134e-07 -0.000208408 0.00147502 -4.25768e-05 0.00018991 -6.63776e-05 -1.34329e-05 -2.96698e-06 2.40873e-06 -5.77426e-06 0.000114355 -1.57555e-05 -4.21337e-05 -7.4014e-06 0.000221781 5.4019e-06 -2.70363e-06 9.97184e-06 7.23522e-06 -5.31714e-05 -0.00016401 3.4763e-05 -3.67274e-06 8.24886e-06 0.00126758 1.50356e-05 -0.000285037 -0.000437077 0.000216105 -4.60287e-05 -1.57183e-05 9.35296e-05 -2.0299e-05 -1.48483e-05 -1.56133e-05 -2.84376e-06 -0.000810084 -0.000164683 -0.000988067 -0.000143167 -2.13315e-06 -0.000162384 -4.81386e-05 -1.84922e-05 -0.000454713 -0.000188778 -7.43942e-05 -3.41816e-05 0.000103231 -8.94658e-07 1.44627e-05 -4.45718e-06 3.12923e-05 -0.000170062 -0.000662142 -7.47649e-06 8.1044e-05 -2.24088e-05 0.000125004 -0.00194355 2.92963e-05 8.34376e-05 5.68465e-06 
-0.00189404 6.06415e-05 -0.000999131 -7.41028e-05 0.000376916 -0.000607559 -0.00378018 8.16474e-06 -8.10791e-06 -8.32811e-06 9.43521e-05 2.9196e-07 0.000390245 -0.000260377 0.000149644 -4.24703e-05 0.0145141 0.00211809 0.000124757 2.78484e-05 0.00044342 0.00198926 -0.000215374 -0.000414734 0.000360382 0.000153846 -0.000410788 0.000409704 2.45165e-05 -0.005839 -0.000357359 1.16076e-05 -0.00664013 3.22069e-05 -0.00161287 -0.000458419 -0.000220639 -2.37503e-06 0.00237904 0.00108714 -3.30686e-05 -0.000292651 0.00055077 0.000529444 0.000124882 9.85257e-05 2.95192e-05 0.00020488 -9.39384e-05 -0.000127195 -9.60946e-06 0.000742418 0.00102481 0.000404223 8.55847e-05 3.18071e-05 0.000356548 0.0042232 0.000581892 4.97738e-05 -1.83263e-05 0.000861344 4.0351e-05 -0.000945256 -0.000518426 -0.000394449 0.000185667 -4.20243e-05 0.000327945 4.63894e-05 -3.49266e-05 -0.000321233 0.000104813 0.00134909 -0.000340783 0.000765962 -0.000222597 -4.61209e-06 -0.00193025 -8.50935e-06 0.000204284 -0.00342876 -0.00010084 0.000128192 -7.61927e-05 -0.000691056 -3.62246e-06 1.51438e-05 -0.00312252 0.000679079 -0.000349521 -0.00137627 0.000101743 -0.000130343 0.000622627 -4.82052e-06 -0.000745958 -1.18962e-05 0.000120335 -0.000121728 
-0.011807 -0.000107068 -0.0121378 0.000552849 0.0127845 9.30301e-05 -0.0128736 -9.80808e-05 -0.000218245 2.42177e-05 -0.00114528 -0.00080764 -0.0060668 -0.00131495 -0.000785896 0.000119073 0.00211809 0.141665 -0.0091968 0.000644716 0.0103301 -0.00273944 -0.000525524 -0.00431419 -0.00106184 0.0224942 0.00635589 0.000159764 -0.000397812 -0.0162653 -0.00291679 -0.000142526 -0.0173142 -0.000129632 0.0390045 -0.00360424 -0.00182522 3.27982e-05 -0.0036093 0.0121829 9.12136e-06 0.0016005 -0.00152928 -0.00128612 -0.00033366 0.000510319 -0.00011853 -0.000714033 -0.000803613 -0.000848284 -0.000454819 0.00957885 -0.00275137 0.000466938 -0.000172072 -0.000458116 -0.000527 0.00802628 -0.00164374 3.6303e-05 -0.000425099 0.00940374 -0.000196313 -0.00952249 -0.0199414 -0.0031536 -0.00102899 -0.000708103 -0.000905544 0.000655142 -0.000562806 -0.00545435 -0.00014115 -0.0192418 -0.00355502 -0.00199485 -0.00348528 -6.02789e-05 -0.0252473 0.000454794 -0.000773043 0.00123716 -0.004052 0.00466443 0.000383639 -0.00347323 -5.74343e-05 0.000100329 -0.0317799 0.000393381 -0.00290489 -0.0116843 -0.000474595 -0.00114777 -0.000789349 0.00274293 -0.0132484 -3.0019e-05 0.000406216 -0.000146486 
-0.0158674 0.000111635 0.00069191 0.00165685 -0.0110151 0.00269492 -0.00320948 0.000178182 0.000826624 1.54145e-05 -0.000716698 -0.000113939 0.00395579 0.000795891 0.000445769 3.21747e-05 0.000124757 -0.0091968 0.0835321 0.000225125 0.000119153 0.00366889 0.000800067 -0.00318366 0.00727169 -0.00205878 -0.0143769 0.000988644 0.000428947 0.0262714 -0.0315761 0.000382224 -0.0229687 0.000139922 -0.0127936 0.00160888 -0.000703996 1.02024e-05 -0.00153804 -0.00324456 0.00113228 -0.00267342 -0.00166416 0.00244005 0.000768185 0.000106833 0.000256896 0.00112095 0.00269908 0.00136359 -4.12953e-05 -0.00692244 -0.00117831 -0.000121154 0.000237771 0.000483793 -0.000496767 0.00455238 0.00445998 0.000166996 -0.000292358 0.00791566 -0.000124353 0.000189319 -0.00318865 0.00193787 0.00372831 0.000377981 0.00139298 0.00111898 0.000149315 0.00999615 0.000644965 -0.0271891 0.0108034 -0.00310122 -0.00160151 5.41681e-05 0.0151894 0.000160055 0.000753439 -0.00789294 -0.00223049 0.00864202 -0.000383698 0.00354612 3.79779e-06 1.16304e-05 0.00623202 -0.00030113 -0.00448075 -0.000577835 -0.000318026 -0.000493056 0.00371194 -0.00433861 -0.030715 3.73313e-06 -0.000234046 -0.000205316 
-4.26092e-05 2.07851e-05 0.000271805 8.62348e-06 -0.00111951 0.000557353 -0.000973954 1.52962e-05 1.74568e-06 1.38201e-05 -2.98751e-06 4.36686e-05 0.000779318 -1.34801e-05 0.000110295 1.16933e-05 2.78484e-05 0.000644716 0.000225125 0.00202458 0.000752059 -0.000105369 0.000415643 0.000118366 0.00024427 0.000344361 -0.000893677 1.59994e-05 4.86254e-05 -0.00110703 -0.000669203 8.55458e-06 -0.00123878 8.72631e-07 -0.000791018 0.000538278 0.00061876 1.16201e-05 0.000546796 -0.000158335 0.000623496 -0.00154926 0.000150184 -6.54046e-06 -2.99051e-06 7.9904e-05 1.75338e-05 5.63591e-07 0.000126916 0.000244991 4.16162e-05 -0.00153674 -4.75978e-05 2.64113e-05 -6.32939e-06 -1.00376e-05 0.000101002 0.00015766 -7.9605e-06 8.8771e-07 -9.06264e-06 -0.000228297 3.62321e-05 0.00113379 -6.89536e-05 -5.75017e-05 -1.59097e-06 0.000127048 2.42479e-05 5.66826e-05 7.47341e-05 7.61161e-05 -2.32475e-06 -0.000790919 0.000816445 -0.000842192 5.70657e-05 1.21582e-06 9.83265e-05 0.000336502 1.18272e-05 -0.0006523 -3.762e-05 0.00121256 0.000435084 0.000540695 3.40789e-08 2.27467e-05 0.000123511 8.58509e-05 -6.92521e-05 -0.000997073 6.13685e-05 3.875e-05 4.98184e-05 -0.00150447 -0.000554509 1.08262e-05 6.79004e-06 0.000669152 
0.000262519 0.0004236 -0.00140769 -7.9201e-05 -0.00582673 0.000286547 -0.00988839 -2.41304e-05 -2.63707e-05 6.94489e-05 -0.000265023 0.000220872 0.0027386 -0.000372243 0.00191504 6.73445e-05 0.00044342 0.0103301 0.000119153 0.000752059 0.0282714 -0.00343759 0.0027972 0.000451677 0.00261171 0.000965936 -0.00469691 0.00382997 -2.30256e-05 -0.00756749 -0.0104852 2.97252e-05 -0.00655028 3.99204e-05 -0.0026118 0.00386664 0.00289633 5.26993e-05 0.00320219 0.00684163 0.000967909 -0.00990688 0.00137227 -0.000153929 -3.49967e-05 0.000495625 7.91151e-07 -4.73826e-05 0.000680522 0.00150481 0.000306389 -0.0035917 -0.000271722 0.000290495 -2.74388e-05 -7.70932e-05 0.000673798 0.00160619 -0.000112223 0.000138366 -4.38367e-05 0.0048161 -3.8328e-05 0.00325773 -0.00226253 0.000221676 -0.000256075 -3.19579e-05 0.000625659 0.000419021 0.000180441 -4.92941e-05 -4.74419e-05 -0.00690145 0.00333741 0.00209989 -0.000519571 4.78938e-05 -0.00354275 -0.000288162 0.000128263 -0.00595791 -0.000482711 0.00369218 0.000384548 0.00163248 -5.74147e-06 -4.37384e-05 -0.00353245 0.000420465 -9.18432e-05 -0.00735367 0.00055853 0.00110188 0.000358948 -0.00342985 -0.00642124 0.000110748 0.00042829 0.00344101 
-0.0118745 -0.0018797 -0.00727465 -0.00176773 -0.0119507 0.00202833 0.0082461 2.25276e-05 0.000996532 -0.000116963 -0.00199198 -0.00159575 -0.00569488 -0.00245525 -0.00186559 -0.000124692 0.00198926 -0.00273944 0.00366889 -0.000105369 -0.00343759 0.179535 -0.00122562 0.000378327 -0.00294887 -0.00144569 0.0071944 -0.00512411 -0.000655284 -0.0350237 -0.0229703 -3.07682e-05 -0.00269848 -0.000182099 -0.0559855 -0.00568749 -0.00448868 -3.24532e-05 0.00249309 -0.0194613 -0.000432488 0.00457263 0.00445492 0.00108934 0.000144436 -0.0003452 0.000186164 -0.000253137 -0.00101974 -0.00230884 -0.000660451 0.0163837 -0.00306498 0.000451588 0.000666966 0.000466544 0.000243089 0.0155401 -0.000192212 -0.000143347 0.00117468 0.00704984 4.7996e-05 -0.0061436 0.0118522 -0.000924065 3.74801e-05 -0.00056887 -0.000240549 -0.000278599 -0.00125349 -0.00113202 -0.000648028 -0.0111544 -0.00316795 -0.00439251 0.00614873 -7.45858e-05 -0.0116053 -0.00123763 -0.000365306 0.000795051 0.00351263 -0.00311059 0.00104158 -0.00122449 -7.26822e-05 -0.000197927 0.000131299 0.000126279 -0.00452161 0.00352147 -0.00073416 -0.0026959 0.00030495 0.00471298 -0.0131102 6.47075e-05 0.00105522 -0.00221864 
-0.00244306 0.000605392 -0.000562645 0.000731251 -0.00322889 0.000269992 -0.0032138 2.79461e-06 2.81089e-05 0.000137663 -0.000166889 0.000714212 0.00475797 0.000507842 0.00209334 3.83166e-05 -0.000215374 -0.000525524 0.000800067 0.000415643 0.0027972 -0.00122562 0.0169027 -0.000415561 0.000331296 0.000204402 -0.00348103 0.00039013 -2.84622e-05 -0.000197387 -0.00791394 3.31616e-05 -0.00291074 1.43389e-06 -0.0038834 0.00445262 0.00328555 6.35788e-05 0.00280061 -0.00106071 0.000440719 -0.00307654 0.000509258 0.000698987 2.73972e-05 0.000401706 1.25935e-05 0.000623222 8.95722e-05 0.00158602 0.000436023 -0.00328247 0.000240233 0.000201203 1.34643e-05 7.71742e-05 0.00132852 -0.00031551 7.46403e-05 -7.05289e-06 -3.95791e-05 0.000809014 3.56682e-05 0.00287295 -0.000310414 0.000538141 5.05571e-05 5.46515e-06 -5.82825e-05 3.41288e-05 -6.20893e-05 -9.37924e-05 0.000107302 -0.00570554 0.0035782 0.0010182 -0.000384895 4.14212e-05 -0.00246915 -0.000122225 0.000331711 -0.00287688 6.55799e-06 0.000461031 -1.21571e-05 0.00253138 1.23968e-06 -2.85711e-05 -0.00319349 3.86521e-06 -0.000804397 -0.00374162 0.000527832 0.00129352 5.96488e-06 -0.00331478 -0.00606642 0.000308539 7.63043e-06 0.00374256 
0.016724 -0.000148404 0.00448055 -0.000170311 -0.0106012 0.000143807 0.0017883 -4.95332e-05 -9.76639e-05 2.5302e-06 -0.000406014 -5.97647e-05 -0.00160701 0.000901435 -0.000403925 -0.000105499 -0.000414734 -0.00431419 -0.00318366 0.000118366 0.000451677 0.000378327 -0.000415561 0.0469568 0.00189978 -0.00142302 -0.00572497 -0.00120343 6.00418e-05 -0.00972168 0.00406206 -2.26723e-05 0.00270803 6.33471e-05 -0.017217 -0.00133379 -0.000442793 -7.6981e-06 -0.00116141 -0.00488723 0.000297021 -0.00876525 -0.000742506 -0.000166369 -3.54799e-05 -0.000160344 -6.87277e-06 -0.000218447 -0.000303402 0.000591957 -6.20386e-05 -0.00871249 -0.000734927 -9.72689e-05 0.000278619 -4.64295e-05 -0.00047593 -0.000408511 0.000509237 -2.90494e-05 -0.000183952 -0.00490081 0.000202566 0.00566071 -0.000319893 -0.00121283 -5.97986e-05 2.11573e-05 -0.000215632 0.000143239 0.00107907 2.07191e-05 -2.21867e-05 0.00235178 -0.00123458 -0.0149144 0.00700329 5.48952e-06 0.00120743 0.00064 -0.000156224 -0.00132357 -0.000815811 0.000159622 -0.000349685 -0.000278193 8.54723e-06 3.2429e-05 0.00587936 0.00017399 0.000962122 0.000421983 -0.000136574 -0.000303866 0.000155572 -0.00111675 0.00561258 -3.40228e-05 -0.000180133 -0.000310194 
-0.00410919 0.000442975 0.00137176 0.000854436 -0.01065 0.00103051 -0.00582637 8.56048e-05 -7.65474e-05 0.00013122 -0.000238866 1.79653e-05 0.00225127 7.37695e-05 0.00130538 -4.62927e-05 0.000360382 -0.00106184 0.00727169 0.00024427 0.00261171 -0.00294887 0.000331296 0.00189978 0.0228798 -0.000154452 -0.0106884 0.000119541 0.000398613 -0.0011009 -0.00806668 0.000391217 -0.0128137 0.000122376 -0.00666555 0.00205246 0.0013886 2.60359e-05 0.00297309 -0.0012525 0.0014692 -0.00756646 -0.000183871 0.00173548 0.000505581 0.000505836 0.000165596 0.000505032 0.000858704 0.00112592 0.000275806 -0.00978542 0.000284638 0.00011271 0.000108793 0.000179734 0.000312183 0.00869719 0.00144025 0.000147422 -9.79129e-05 -0.000346039 -1.56254e-05 0.00729174 0.00447831 -0.00065772 0.00268772 0.000419544 0.000699451 0.00109561 0.000872179 0.00708985 0.000210167 -0.00955952 0.00242615 -0.00358035 0.000918402 4.34496e-05 0.00464999 -2.44814e-05 0.00110887 -0.0113871 -0.000247859 0.00675276 -0.000113703 0.000691365 9.35576e-06 6.43758e-05 0.00595221 0.000374674 -8.20947e-05 -0.00449575 0.000126429 0.000461177 0.00280612 -0.00280629 -0.00496678 7.6598e-05 9.44246e-05 0.00115039 
-0.00659885 0.000185101 -0.00218486 -0.000302136 0.00585261 -0.00124227 -0.00652578 -2.49973e-05 6.6508e-05 3.23491e-05 0.000306372 -0.000161899 -0.00121366 8.91447e-05 0.000490912 0.00046201 0.000153846 0.0224942 -0.00205878 0.000344361 0.000965936 -0.00144569 0.000204402 -0.00142302 -0.000154452 0.0370232 0.00125242 0.000386349 -5.23464e-05 -0.00488461 -0.00498903 -3.78898e-05 -0.0128578 8.50581e-06 0.00919571 -0.000518295 -0.000158003 3.27443e-05 0.000531616 0.00581536 9.3903e-05 6.99333e-05 -0.000201081 -0.000290379 -5.46728e-05 2.29868e-05 -2.1019e-05 -0.000195236 -0.000114172 0.000378639 -1.68786e-05 0.00111714 -0.000876654 0.000205619 -6.73576e-05 6.2397e-05 -0.000197641 0.000955954 -0.00037376 4.68301e-05 -0.000126593 0.00104395 7.9427e-05 -0.00177745 -0.00425247 -0.000985701 -0.000117834 -0.000188732 -0.000317998 -6.55408e-05 7.50211e-05 -0.00129575 7.3458e-05 -0.00737775 -0.00033325 0.00158696 -0.000895692 -1.5182e-05 -0.00595379 0.000893815 -0.000153309 -0.000742256 -0.00119397 0.00171856 0.000266564 -0.00118786 -1.08269e-05 0.000155393 -0.00858434 0.00012614 -0.00215371 -0.00642251 0.000259323 5.58985e-05 -0.000198911 -0.000332192 -0.00198898 1.87019e-05 0.000208206 0.000507323 
0.00620836 -0.00452877 -0.00871543 -0.000184077 0.0332142 -0.00487139 0.0141653 -0.000500162 -0.000120149 -0.000399645 0.000399843 -0.00494303 -0.0151527 -0.00125965 -0.00706986 0.000136349 -0.000410788 0.00635589 -0.0143769 -0.000893677 -0.00469691 0.0071944 -0.00348103 -0.00572497 -0.0106884 0.00125242 0.0565211 0.000773283 -0.00263746 0.0108766 0.0112949 -0.00101159 0.0220036 -0.000541883 0.0244191 -0.0146367 -0.0143382 -8.34082e-05 -0.0171759 0.0036156 -0.00367942 0.026798 -0.000155528 -0.00266098 -0.00106509 -0.00167572 -0.00053179 -0.000243489 -0.00505913 -0.00888695 -0.00272568 0.0372567 0.000818705 -0.00027854 -0.000481787 -0.000231426 -0.00436444 -0.00600927 -0.00231531 -0.000159275 5.28914e-05 0.00643339 -0.000275539 -0.0289275 -0.0186888 0.00113706 -0.00394331 -0.00219185 -0.000602163 -0.000870298 -0.000910493 -0.00977764 -0.000422875 0.0203326 -0.0247542 0.0248577 -0.00610361 -0.000189761 -0.0199304 -0.000899105 -0.00261458 0.0262026 -0.00136964 -0.0094578 -0.000134016 -0.0174624 -0.000134276 -0.000757506 -0.0277418 -0.00088946 -0.00341805 0.0151373 -0.00210742 -0.00812528 -0.00361732 0.0233718 0.00363441 -5.42467e-05 -0.000499746 -0.00862633 
-0.00526099 -0.000167407 -0.00288364 -0.000241212 0.00533694 -0.00173235 -0.00998104 -1.69467e-05 -0.000107397 2.4473e-05 4.24879e-05 -0.000135244 -0.000389195 -9.34697e-05 -9.06071e-06 0.00141966 0.000409704 0.000159764 0.000988644 1.59994e-05 0.00382997 -0.00512411 0.00039013 -0.00120343 0.000119541 0.000386349 0.000773283 0.031475 -8.48859e-05 0.00430305 -0.00972314 -2.65339e-05 -0.00108611 -1.56617e-05 0.00997253 -9.51315e-05 0.000330896 2.04529e-05 -0.000416112 0.0141682 0.000190655 -0.00212476 -0.000738716 -0.000219579 -4.9487e-05 9.70889e-07 4.38109e-05 -0.000126983 -9.46757e-05 1.11319e-05 8.36862e-06 0.00250221 -0.000608415 -4.01151e-05 -3.49574e-05 -6.26596e-06 -0.000229109 -0.000173615 -0.000275028 1.59575e-05 -2.50188e-05 0.0107967 -1.59914e-05 -0.00107338 -0.00366175 0.00240042 -0.000283214 -0.000128725 0.000471938 7.27525e-05 -7.12003e-05 -0.00107697 4.90093e-05 -0.0103509 -0.000235357 0.000200344 -0.000789638 7.28707e-06 -0.00267404 -0.000270494 -0.000104952 -0.00141884 -0.000528645 4.88174e-05 -0.000259882 -0.000421392 -9.28195e-06 -6.87745e-06 -0.00403271 0.000198636 -0.000992953 -0.00322316 1.01978e-05 0.000165668 -0.000134204 1.80414e-05 -0.0165242 7.92908e-06 8.93374e-05 0.00035122 
-0.00060577 0.000496419 -6.02077e-05 -6.3722e-06 -0.00256743 0.00154404 -0.000320017 0.000255576 1.03324e-05 4.70453e-06 -2.32195e-05 0.001161 0.000286343 -4.31384e-05 8.92326e-05 -6.84026e-06 2.45165e-05 -0.000397812 0.000428947 4.86254e-05 -2.30256e-05 -0.000655284 -2.84622e-05 6.00418e-05 0.000398613 -5.23464e-05 -0.00263746 -8.48859e-05 0.00376871 -0.00180645 0.000204644 4.77751e-05 -0.00250136 1.61796e-05 -0.00155408 6.97978e-05 0.00143975 1.85523e-06 9.88793e-05 -0.000425218 0.000176433 -0.00279878 -5.70416e-05 -1.27698e-05 -8.4007e-06 0.000146799 2.2941e-05 -7.87469e-06 0.000427475 0.00146803 4.66258e-05 -0.00308895 -5.08512e-05 1.44785e-05 -3.73607e-06 -1.72716e-05 0.000941247 0.00113175 -9.43239e-06 6.73041e-06 -1.07764e-05 -0.000296548 1.44042e-06 0.00244105 0.00163224 -0.000116807 -3.31832e-05 0.000371895 -1.5736e-05 7.67917e-06 -1.25269e-05 0.00026329 -1.01017e-05 -0.00146849 0.00127162 -0.00244615 0.000110036 6.08288e-07 0.00219762 0.000125827 9.50034e-05 -0.00281712 -3.02404e-05 0.00143696 0.000112784 0.00268149 4.00354e-05 0.000308946 0.00241296 0.00026125 0.000181655 -0.00161086 2.38997e-05 0.00033037 -2.38348e-05 -0.0024296 -6.8589e-05 -3.41298e-06 4.80476e-05 5.32551e-05 
-0.0567664 -0.00419044 -0.0105861 -0.000748339 0.0271636 -0.0126442 -0.00291606 -0.000434371 -0.000579248 -0.00032399 -0.00448413 -0.00363958 -0.0148531 0.00175692 -0.00486143 0.000605214 -0.005839 -0.0162653 0.0262714 -0.00110703 -0.00756749 -0.0350237 -0.000197387 -0.00972168 -0.0011009 -0.00488461 0.0108766 0.00430305 -0.00180645 0.236172 -0.0247916 -0.000195328 0.0470675 -3.73645e-05 0.0610389 -0.012924 -0.0101937 -2.49215e-05 -0.0201693 0.0160837 -0.00286757 0.02187 -0.0135594 0.00213579 0.000108454 -0.00118101 -0.000386518 0.000869245 -0.00105899 -0.00572321 -0.00175352 0.00579157 0.000679909 -0.000878564 -0.00047337 0.000794186 -0.00600993 -0.0165341 0.00228049 8.85436e-05 -0.000255603 0.0296104 -0.000619325 -0.025122 -0.0243389 0.0101405 0.00286124 -0.00209377 4.33236e-05 -0.00103579 0.00152818 0.00305229 0.00104252 -0.048894 -0.0123429 0.0289658 -0.0101002 -9.71387e-05 0.0016853 -0.00214049 -0.00113732 0.0197786 -0.0139489 -0.00399767 -0.00427051 -0.00856179 -1.67687e-05 -0.000856999 -0.0313887 -0.00195597 -0.00398253 0.00922363 -0.00238155 -0.00567205 -9.27009e-05 0.0143016 -0.0563746 0.000268794 -0.00130067 -0.00617734 
0.0272594 -0.00302889 -0.00485326 -0.00233133 0.0135601 -0.000403097 0.0334566 -0.000100198 -0.00097643 -0.000174536 0.00148816 -0.00116583 -0.0165905 -0.00330712 -0.00580047 -0.00188959 -0.000357359 -0.00291679 -0.0315761 -0.000669203 -0.0104852 -0.0229703 -0.00791394 0.00406206 -0.00806668 -0.00498903 0.0112949 -0.00972314 0.000204644 -0.0247916 0.138992 -0.000586859 0.0138525 -0.000430108 0.014399 -0.0178093 -0.00807477 -9.06542e-05 -0.0111724 -0.0299759 -0.0029537 0.0118467 -0.00109081 -0.003852 -0.000695538 -0.00192619 -0.000259503 -0.00263224 -0.00418601 -0.00103474 -0.00161565 0.0067333 -0.00684085 -0.000512965 -0.00157116 -0.00309768 -0.0020817 -0.00639921 -0.0043831 -0.000375878 -0.000691337 -0.0604948 7.44277e-05 -0.00789815 0.000414694 -0.0220216 -0.00325393 -5.80893e-05 -0.004032 -0.00121966 -0.00109024 -0.0126184 -0.00140674 0.052015 -0.0115312 -0.01274 0.00222189 -5.43466e-05 0.00532044 0.000432095 -0.00229238 0.0114978 0.000684024 -0.00586201 -0.00102199 -0.00809996 3.92145e-06 0.000268416 0.00875306 -0.0005164 0.0030201 0.0137005 -0.00207825 -0.00479293 -0.00345934 0.00959028 0.0698354 -0.000552725 -0.000486832 -0.00797833 
-0.000234337 6.89479e-05 0.000198394 6.6431e-05 -0.000747353 1.44793e-05 -0.000420355 4.36202e-05 4.14196e-05 1.74453e-05 -8.64182e-06 0.000161173 0.000248457 -6.66359e-06 0.000143923 -5.62471e-06 1.16076e-05 -0.000142526 0.000382224 8.55458e-06 2.97252e-05 -3.07682e-05 3.31616e-05 -2.26723e-05 0.000391217 -3.78898e-05 -0.00101159 -2.65339e-05 4.77751e-05 -0.000195328 -0.000586859 0.00129137 -0.000658233 7.46748e-07 -0.000573327 0.000265553 0.000274661 8.27577e-07 0.000274712 -0.000146499 7.89934e-05 -0.000581204 8.11589e-06 0.00025219 1.33811e-05 6.86778e-06 4.39558e-05 -2.95783e-06 0.000208919 5.86448e-05 1.72719e-05 -0.000732723 -2.16118e-05 2.50644e-06 6.67691e-06 1.99267e-05 0.000193927 4.79372e-05 0.000142992 2.77856e-05 -4.69499e-06 -0.000128583 8.42859e-07 0.000436458 0.000196354 4.61678e-06 0.000267862 0.000173646 2.08781e-05 2.70218e-05 0.000209667 0.000443534 0.000117496 -0.000613141 0.000612846 -0.000533299 1.72966e-05 3.25159e-06 0.000241074 3.59984e-05 3.85908e-05 -0.000756886 5.45166e-05 0.000287212 5.53721e-06 0.000247655 1.66482e-05 2.60601e-05 0.000324105 4.22489e-05 5.20498e-05 -0.000529281 0.000111573 0.000146745 0.000220147 -0.000458783 -0.000451466 1.34788e-05 3.18865e-05 9.60217e-05 
0.0149791 -0.0050397 -0.00518974 -0.00100987 0.0464495 -0.0342627 0.0182235 -0.000633411 -0.00187738 -0.000577245 -0.00445281 -0.0026036 -0.0196455 -0.0055571 -0.00644425 -0.00114069 -0.00664013 -0.0173142 -0.0229687 -0.00123878 -0.00655028 -0.00269848 -0.00291074 0.00270803 -0.0128137 -0.0128578 0.0220036 -0.00108611 -0.00250136 0.0470675 0.0138525 -0.000658233 0.169467 -0.000192601 0.0316878 -0.0114885 -0.0105099 -7.98674e-05 -0.0292319 0.00330141 -0.00323058 0.0123487 -0.0103745 -0.00151499 -0.000658738 -0.0019969 -0.000565076 -0.00202334 -0.00208491 -0.00568835 -0.00233462 0.0273032 -0.00483023 -0.00106744 -0.000865541 0.000202981 -0.00781834 -0.0398468 -0.00410249 -0.000125818 0.000640289 -0.00300721 -0.000299517 -0.0136897 -0.0156335 0.00325166 -0.00428938 -0.0029332 -0.00459917 -0.00271503 -0.00157558 -0.0165726 -0.0008449 0.0134676 -0.0180718 0.00792715 0.00128526 -0.000201059 -0.00145308 -0.00296124 -0.00270318 0.0351069 -0.00786936 -0.0204469 -0.00387061 -0.00916983 -2.30372e-05 -0.00147041 -0.00540449 -0.00295471 -0.0135182 0.017073 -0.00247182 -0.00752622 -0.00554921 0.0146097 -0.00305368 -2.53694e-05 -0.00163817 -0.00711074 
