0.19466 0.00732289 -0.00143985 -0.00167611 -0.0036253 -0.0313616 -0.0215789 -0.00104047 -0.0235568 0.099944 -0.000175761 0.00224496 0.0351932 -0.00629595 0.0193994 -0.00430197 0.0274803 -0.0815501 -0.00717357 0.00533956 -0.00902469 -0.0281951 -0.00259134 0.0273973 -0.0702133 -0.049517 0.00972192 0.00010363 -1.61004e-05 0.00138739 0.00144929 0.0061348 0.0121181 -0.0122461 -0.050804 0.00621724 -0.0078486 0.0348468 0.0797673 0.0149682 -0.0193498 0.00734041 0.00759473 0.00480678 -0.0017351 0.0421548 0.000737896 0.0882832 0.0681545 -0.0499561 0.115123 -0.00466435 -0.0500637 -0.0010974 -0.00107408 -0.00357673 -0.0169711 -0.0554498 0.0379332 0.0574198 -0.0204269 0.00600461 0.0260671 0.105479 -0.000659389 -0.0551103 -0.0455011 -0.0118891 -0.0338485 -0.0439107 -0.000412064 -0.00921368 -0.0491713 -0.00839799 -0.0115807 -0.00254547 0.0138457 -0.0358693 -0.00451632 -0.0125207 -0.0221509 -0.0513236 -0.00183794 -0.0112519 -0.0334579 -0.0426038 -0.0226098 -0.0055241 -0.0114903 -0.000910164 0.0809589 -0.0361722 0.0544424 -0.00973165 -0.0275203 -0.00266571 -0.000256328 -0.034939 -0.0222149 -0.00163649 
0.00732289 0.222016 -0.00137099 -0.0632329 -0.00226043 -0.0439064 -0.0461535 0.0333256 -0.0320762 0.0480347 9.30508e-05 -0.0134157 0.0340931 -0.0168281 -0.0287792 -0.00555545 -0.0103852 -0.0631663 -0.00884737 -0.02592 -0.0417251 -0.131794 -0.00236766 -0.0142518 -0.0134283 0.105365 -0.0114517 -0.000189522 -0.00567151 -0.00106714 -0.0046597 0.0025428 0.0117387 -0.0191612 -0.0862584 -0.00546618 -0.000946265 0.00297305 0.014462 -0.0103253 -0.0275261 -0.00455622 -0.0126402 -0.00783231 -0.00420712 0.0230615 -0.0022294 -0.04652 0.000338262 -0.0365567 -0.0269968 0.00658421 -0.068399 -0.000412612 0.00136373 -0.0189758 0.151249 -0.0542928 -0.0265837 -0.0370222 -0.0232107 0.00638089 -0.00269526 -0.00102085 -0.00228909 0.128603 -0.0647623 -0.0110524 -0.0440301 -0.019386 -0.000384403 0.0463857 0.0580742 0.00425269 -0.0117394 0.00839467 -0.0857964 0.0543856 0.015565 0.0272435 0.0965102 -0.133077 0.00542926 -0.0468169 0.109951 0.122721 -0.00374612 6.79842e-05 0.0349317 -0.000715675 0.00514865 0.0965612 0.143517 -0.00292531 -0.045746 -0.00371005 6.54756e-05 0.0279072 -0.0646444 -0.00349936 
-0.00143985 -0.00137099 0.00905209 -0.000293523 -0.000178141 0.000594349 0.000763617 -0.000947179 0.000371677 -0.000508584 1.8914e-05 0.000294977 -0.001605 -0.000285787 -0.0010487 0.00128346 0.000261629 0.000572162 1.82981e-05 0.000141728 -0.000798083 -0.00116236 5.58652e-06 -0.000506393 -0.00115798 -0.00118573 -0.000684687 3.811e-05 5.19806e-05 0.00030208 -8.2998e-05 9.18536e-05 0.000295635 0.000132798 -0.00111435 0.000391052 -0.000154956 -0.000295351 -0.0024248 -7.29485e-05 0.000234327 -0.000150424 0.00301825 -0.00019978 0.000832889 -0.000833613 0.00071367 0.000385072 -0.000280974 -7.29471e-05 -0.00138231 -7.64061e-06 -0.000114642 0.000112593 0.00062656 0.000182151 -0.00114042 0.00162663 -8.80795e-06 -0.000194858 -0.000387458 0.00115013 4.21395e-05 -0.00162057 0.000251283 -0.000810767 -0.00112204 0.000286982 -0.000559939 0.00160642 -4.21174e-05 0.000445611 -0.00165183 -0.000249718 -0.000142464 -9.59197e-05 -0.000436085 -0.000211846 -0.000194068 0.00145033 -0.000651735 0.000154772 0.000712095 0.00067392 -0.000972866 0.000283975 -2.61156e-05 -0.000442536 -0.000119587 -1.47106e-05 0.00158646 -0.00155441 -0.000392046 0.000293867 -0.000208628 0.000658882 5.72155e-05 9.13746e-05 0.00136031 9.23524e-05 
-0.00167611 -0.0632329 -0.000293523 0.194127 -0.00283095 0.00362473 0.0614745 -0.0205218 -0.00355699 -0.0449866 0.000506553 0.00329652 -0.0360931 0.000945973 -0.0115402 0.00711007 -0.00981783 0.032266 -0.00683113 0.0305681 0.0425463 0.0460168 0.000240725 0.00956644 -0.0350763 -0.0167367 0.0139482 -1.69999e-05 -0.00500161 0.000645933 0.00572466 -0.00257541 -0.010881 0.0213488 0.0156941 -0.00317203 -0.00695961 -0.00438916 -0.0369564 0.00814683 -0.0172616 -0.0016316 -0.00736814 0.00292492 0.00149067 -0.00980426 0.000968371 0.0160743 -0.0191008 0.0381503 0.0140549 -0.00170242 -0.0133622 1.48926e-06 0.00202462 0.00935681 -0.0554569 -0.00396011 0.024297 0.0351825 -0.000673284 -0.00171615 -0.000475704 0.0395933 0.000443368 -0.0418683 -0.00152395 -0.00269682 -0.0160572 0.00647106 -0.00227879 -0.0350277 -0.0350438 -0.0108458 -0.0107807 -0.00335376 0.0757289 -0.0280613 -0.0117089 0.0284566 -0.041975 0.0291757 -4.05237e-05 0.0677676 -0.0501805 -0.0404027 0.0238723 0.0239303 -0.0164496 0.00137509 -0.00521077 -0.0664448 -0.0786479 0.0100349 0.00180421 0.00187396 0.000176841 -0.0117814 0.012457 0.000554699 
-0.0036253 -0.00226043 -0.000178141 -0.00283095 0.0293819 0.0106644 0.00468251 0.00302573 0.000798126 -0.00752144 0.000164123 -0.00112361 0.00516725 0.00427095 0.000692565 0.00924927 0.00196308 -0.00571659 0.000377089 -0.00124814 -0.00356385 -0.00405547 0.00104343 -0.000935393 -0.00226854 -0.00294764 -0.00227847 -2.30757e-06 -0.000128285 1.46307e-05 -0.000126081 0.000236288 0.000540417 0.000899017 -0.000399539 -0.000171871 -0.000941898 -0.000432015 -0.00294564 -0.00114091 -0.0020719 -0.000384374 -0.000545157 -8.45414e-05 -0.000438882 -0.00605782 -0.000234419 -0.00627275 -0.00404313 -0.00124014 -0.00835439 0.00174951 -0.00473027 0.00159193 0.00469775 -0.00146366 -0.00701934 0.00541246 0.00260987 -0.00420839 0.00178027 -0.00133874 -0.00148109 -0.00794906 -0.0001792 -0.00414212 0.00712942 0.00662483 -0.00185265 -0.00243785 0.00199123 -0.00414747 0.0023423 0.00401789 0.00186846 -0.00154204 0.000146612 -0.00221448 0.00433333 0.00263359 0.00963822 0.00699588 -0.00334376 0.00774518 -0.00228399 -0.00229871 -0.00167331 0.000953584 0.00598538 -3.62165e-05 0.000365384 -0.00578747 -0.00832063 -0.000294991 -0.00308411 0.00331797 0.000506669 -0.00308647 -0.00581825 -0.000304232 
-0.0313616 -0.0439064 0.000594349 0.00362473 0.0106644 0.127174 0.0246376 -0.00191374 0.035647 -0.0568146 0.000166524 -0.00297365 -0.0349268 0.0266791 -0.0047708 0.0064494 -0.0197908 0.0501286 0.00304878 0.0134362 0.0187273 0.0529471 0.000121903 0.00338853 0.0544504 -0.035303 -0.00920802 0.000160422 -0.00134891 -0.000688533 -0.000432151 -0.0017368 0.00456931 0.00627558 0.0314421 -0.0021218 -0.000370809 -0.0045579 -0.0353242 5.08326e-05 0.0101485 -0.00274904 -0.00484225 0.00293416 -0.00298072 -0.0262004 -0.00127797 -0.0392831 -0.0349118 0.0124656 -0.0618394 -0.00223785 0.0500887 0.00116123 0.000763654 0.00934411 -0.0439396 0.0393489 -0.011935 -0.0208047 0.0178725 -0.00680059 -0.00784304 -0.0507356 -0.000321842 -0.0380978 0.0251738 0.00949714 0.0296596 0.0309182 0.00281113 -0.0215414 -0.0209041 0.0124422 0.00950927 -0.00762001 0.0203068 -0.00966131 0.00382462 0.00169505 -0.0159112 0.0613962 -0.00713745 0.0244969 -0.0277908 -0.0422355 -0.0043751 0.00841268 -0.00565506 0.000123399 -0.0365085 -0.0293479 -0.0659858 -0.00335432 0.0248202 0.00771966 0.000306716 0.00314598 0.0467906 0.000818734 
-0.0215789 -0.0461535 0.000763617 0.0614745 0.00468251 0.0246376 0.129431 -0.0108931 0.00417111 -0.0427519 0.000177097 -7.26627e-05 -0.0387011 0.0123711 -0.0273921 0.00971024 -0.0115162 0.0400071 -0.00117421 0.0324765 0.0277187 0.0281356 -0.000915065 0.00869619 -0.00524778 -0.0227428 -0.00890787 2.01568e-05 -0.00339914 -0.000649579 0.00100103 -0.00184205 -0.00566766 0.0128164 0.0178233 -0.00151153 0.00169247 -0.00266714 -0.0386988 0.00611053 0.00541894 -0.00129813 -0.00431848 -0.00163702 -0.000415976 -0.0192981 -0.00118048 -0.0135345 -0.0247528 0.0109367 -0.0277776 0.00207371 0.00302117 0.00151184 0.00126135 0.0189556 -0.0414459 0.0271839 0.00643251 -0.00547069 0.00559332 -0.00442677 -0.0044409 -0.00898478 0.00034935 -0.0281768 0.0152218 0.00886089 0.00993322 0.0146228 -4.17743e-05 -0.0236914 -0.0353713 -0.00167219 0.000635071 -0.00485019 0.0304225 -0.00600463 -0.00420371 0.014155 -0.027193 0.0473897 0.00460582 0.0684698 -0.0304426 -0.036808 0.0220143 0.0163942 -0.00850121 0.00115211 -0.0236777 -0.0376548 -0.0611388 0.00605891 0.00331139 0.00453638 -1.42761e-05 -0.0169772 0.0213931 0.00205286 
-0.00104047 0.0333256 -0.000947179 -0.0205218 0.00302573 -0.00191374 -0.0108931 0.117198 -0.00477383 0.028556 0.000608684 -0.00108797 -0.0412838 0.00672722 -0.0244952 -0.00488874 -0.0141652 -0.00511632 -0.0036269 -0.00416391 -0.00522463 -0.031086 -0.00120346 -0.00853757 0.0151 0.017404 0.00791024 -7.8788e-05 -0.00298013 0.000365321 -0.000443046 -0.000216365 -0.0030756 -0.00457159 -0.0307985 -0.00126238 -0.00258794 -0.00778707 -0.00428328 0.000112611 -0.00928197 -0.000985993 -0.00554885 -0.00190087 -0.00256761 0.0264819 -0.000786445 -0.00885022 0.000253416 -0.0234388 -0.0173286 0.000317851 -0.0142455 0.00103014 -0.0025636 -0.00639292 0.0494237 -0.0217583 -0.0120031 -0.00428524 -0.0078244 -0.00587449 -0.0021681 -0.00972421 0.000125631 0.0335696 -0.0213813 -0.00455543 -0.00877752 -0.020423 -0.000135652 -0.0103777 -0.00412799 0.0209131 -0.00480818 0.0331351 -0.0242256 0.0278758 0.021768 -0.0106941 0.0324726 -0.0436338 -0.00378696 -0.00303984 0.0524795 0.0118742 -0.00715655 0.0162163 0.0118396 0.000181159 -0.0295391 0.0538705 0.0287738 -0.00861914 -0.0136083 -0.000357363 4.34297e-06 -0.015354 -0.0168499 -0.000904951 
-0.0235568 -0.0320762 0.000371677 -0.00355699 0.000798126 0.035647 0.00417111 -0.00477383 0.0926917 -0.0406699 -0.000191881 -0.00381905 -0.0350858 0.0108383 -0.0112369 -0.00399841 -0.0136562 0.057683 -0.00262584 -0.0038637 0.0166596 0.0511121 -0.000883851 -0.0026323 0.0443001 -0.0243559 -0.00299498 0.00013291 -0.00246193 -0.000561487 -0.000940282 -0.0015406 0.00785429 -0.000674108 0.0393735 -0.00114876 0.00208448 -0.00383193 -0.0236447 -0.00169744 0.0291175 -0.00182084 -0.00394252 -5.63054e-05 -0.00193479 -0.0204674 -0.000774761 -0.0305473 -0.0240445 0.014966 -0.0397669 -0.000704926 0.0516475 -0.000420108 -0.00233598 -0.000461302 -0.0305496 0.00725044 -0.0100614 -0.0153263 -8.06306e-05 -0.00523524 -0.00235912 -0.0428505 -0.000411442 -0.0242352 -0.000566062 -0.00383916 0.0201641 0.0490029 0.000553223 -0.0156331 -0.0220186 0.00210946 0.000725469 -0.00484629 0.0304952 -0.0140423 -0.00127379 -0.00531233 -0.0162574 0.0434137 -0.0128418 -0.00589474 -0.020666 -0.0314196 -0.0032924 -0.00353455 -0.00541449 -0.000207734 -0.0290765 -0.012243 -0.0476074 0.00300064 0.0462806 0.001721 -0.00022877 0.0344068 0.057865 0.00464501 
0.099944 0.0480347 -0.000508584 -0.0449866 -0.00752144 -0.0568146 -0.0427519 0.028556 -0.0406699 0.240814 -0.000401533 0.008625 0.0437944 -0.0143915 0.00214097 -0.0133614 0.029486 -0.10627 -0.00879911 -0.0169272 -0.0269096 -0.097348 -0.00271846 0.00917916 -0.0833467 -0.0195668 0.00749841 -0.000149886 0.00473065 0.00240923 -0.00326721 0.00627729 -0.00400054 -0.0236816 -0.0853293 0.00205765 -0.0075967 0.016408 0.0925912 0.00307366 -0.0264668 0.0094043 0.0129167 0.00244109 0.0016279 0.0778454 0.00403868 0.0961925 0.0842186 -0.0584891 0.119525 -0.00370516 -0.065281 -0.000300748 0.000109932 -0.0115419 0.0487402 -0.074778 0.0228225 0.0438131 -0.0315232 0.0199738 0.018387 0.132628 -0.00025783 -0.00489583 -0.057753 -0.0152517 -0.0479529 -0.0671805 -0.00159152 0.0133653 -0.0408277 0.00094307 -0.0198462 0.0223588 -0.046332 0.00305343 0.00575832 -0.0322991 -0.00679503 -0.0906243 0.0271657 -0.0426356 0.0151909 0.0201273 -0.0303558 -0.00771035 -0.00691899 -0.000940578 0.0936363 0.019191 0.122905 -0.0130823 -0.0502794 -0.00506205 -0.000202085 -0.0532533 -0.0587314 -0.0038165 
-0.000175761 9.30508e-05 1.8914e-05 0.000506553 0.000164123 0.000166524 0.000177097 0.000608684 -0.000191881 -0.000401533 0.00319907 4.06501e-05 -0.00057274 0.000262543 -0.000375479 1.14706e-05 -0.000314533 -0.000206096 -8.58862e-05 -2.6529e-05 0.000199132 -0.000139466 5.04195e-05 -0.000135336 0.000165879 0.000480346 3.85764e-05 -7.35221e-07 -4.8138e-06 -1.44848e-05 7.20377e-05 -1.52245e-05 -0.000146399 -7.24406e-06 -0.000484053 -2.56271e-05 -7.07829e-05 -0.000148835 -0.000301394 -6.93263e-05 -0.000194759 -1.42581e-05 4.33935e-05 8.3117e-05 8.35308e-05 9.34676e-05 -1.38216e-05 -0.000229259 -0.000622552 -0.00046733 -0.000634 8.59299e-07 -0.000685451 9.30176e-05 5.74652e-05 -0.000170416 0.00033716 -0.000385993 -0.000159065 0.000368269 -0.00019539 -5.32979e-05 -0.000165185 9.64052e-05 -3.72519e-07 8.70824e-05 -0.000507258 -0.00013473 -0.000347212 -0.000592257 -1.47237e-05 0.000227553 0.000229766 0.000297701 -0.000112671 5.24349e-05 -0.000126571 0.00074512 0.000161888 -9.25054e-05 0.000622359 -0.00081973 0.000276394 0.000239318 0.000436682 0.000225212 -0.000201104 0.000245992 9.9365e-05 1.54847e-06 -0.000300366 0.000434827 8.34175e-05 9.89649e-05 -0.000226539 0.000212028 1.33568e-05 -0.000399965 -0.000489347 -3.24711e-05 
0.00224496 -0.0134157 0.000294977 0.00329652 -0.00112361 -0.00297365 -7.26627e-05 -0.00108797 -0.00381905 0.008625 4.06501e-05 0.0432948 -0.00573707 0.00336761 0.00195183 0.000100606 0.0112354 0.000371661 -0.00109915 -0.000277957 0.0109146 0.00586834 -9.60259e-05 -0.00117441 -0.0107274 -0.00957655 -0.00291837 4.19217e-05 0.00111495 0.000126546 -0.000327839 0.00430195 -0.000766612 0.000908467 -0.00728291 3.81373e-05 -0.00140798 -0.00200388 0.00657574 -0.00126526 -0.000953138 -4.24726e-05 -0.00110757 0.000424211 0.000110281 0.0106511 0.000490581 0.0214851 0.0114115 -0.00380265 0.0113017 -3.3166e-05 -0.00625638 -0.000192499 0.00167767 0.00382799 -0.0120635 -0.009589 0.000526916 0.0189509 -0.00275538 -0.000438384 -0.00151969 0.0167967 0.000658206 -0.0109089 -0.0057175 -0.000801557 -0.00385388 -0.00868754 -0.000105292 -0.00441575 -0.00865538 -0.00109786 -0.00201427 0.00133163 -0.000835665 -0.00356727 -0.00186301 -0.00384613 -0.00796371 0.00779409 -0.000901362 0.00223252 -0.00844521 -0.00744286 -0.00213225 -0.00134811 -0.0026521 0.0009485 0.010059 -0.0121354 -0.00133247 -0.00254028 -0.0039904 0.000461058 8.69494e-05 -0.00695702 -0.00546715 -0.000355061 
0.0351932 0.0340931 -0.001605 -0.0360931 0.00516725 -0.0349268 -0.0387011 -0.0412838 -0.0350858 0.0437944 -0.00057274 -0.00573707 0.248694 -0.0111035 0.0772661 -0.00106541 0.0451842 -0.10874 -0.00793156 -0.0287607 -0.0457689 -0.0375816 0.00232716 -0.00496478 -0.0828399 0.012179 0.00396378 -0.0001621 0.00752327 -0.00147883 -0.00316971 0.00470591 0.00450153 -0.00921012 -0.0383836 0.000880895 -0.0138902 6.00463e-05 0.0911058 -0.0164686 -0.0350788 0.00105033 0.010931 -0.000982061 0.00119085 0.00389405 -0.00126865 0.0540602 0.05085 0.0337517 0.0933957 -0.00490904 -0.0370028 -0.000993739 -0.00263248 -0.0172761 0.00842927 0.0115322 -0.00156277 0.0168624 -0.00584061 0.0204625 0.00493628 0.067507 -0.000345385 -0.00581059 0.0127016 -0.0150409 -0.0395735 -0.00572402 -0.00169494 0.0449285 0.0482739 -0.0105709 0.0165079 -0.017723 -0.0511869 -0.0438349 -0.010086 0.0130578 -0.0123359 -0.0273165 -0.000164165 -0.0408321 -0.0213242 0.0332258 -0.0396833 -0.0154413 -0.0150522 -0.00163235 0.06855 -0.0460929 0.0603267 0.00452714 -0.062589 -0.00162578 -7.53443e-05 -0.0116604 -0.0820968 -0.00500711 
-0.00629595 -0.0168281 -0.000285787 0.000945973 0.00427095 0.0266791 0.0123711 0.00672722 0.0108383 -0.0143915 0.000262543 0.00336761 -0.0111035 0.0498116 -0.00170112 0.000926562 -0.00510658 0.0145371 4.53455e-06 0.00594201 0.0143104 0.0111975 -0.000148176 -0.00252376 0.00216322 -0.0097946 -0.00400745 0.000152785 -0.000364025 -0.000208494 -0.000165449 -0.000372433 -0.000724072 0.00861809 -0.00281555 -0.000443554 -0.000502933 -0.00280683 -0.0152274 -0.000281237 -0.000977254 -0.00102831 0.000110704 -0.000396238 0.000616739 -0.00277993 -0.000286361 -0.00433153 -0.00612816 -0.0011505 -0.0129391 0.000596385 -0.00191976 0.00067905 0.000190011 0.0100325 -0.0151718 -0.00131594 -0.00514292 -0.00315791 0.00701484 -0.00189445 -0.00262972 -0.00341247 0.000433215 -0.0109891 -0.0067339 0.00300197 -0.00122447 0.00433735 0.000616227 -0.00593025 -0.0122472 0.00840564 -0.00146788 -0.00145535 -0.00184584 0.000457237 0.00364916 0.00210886 -0.00460618 0.0165201 0.00795373 0.0212891 -0.0102879 -0.0131595 0.00473797 0.00816622 -0.00201455 0.000301699 -0.0108081 -0.0144932 -0.0180593 0.0013318 -0.00252138 0.00305507 -9.42896e-06 -0.001602 0.00125555 0.000228473 
0.0193994 -0.0287792 -0.0010487 -0.0115402 0.000692565 -0.0047708 -0.0273921 -0.0244952 -0.0112369 0.00214097 -0.000375479 0.00195183 0.0772661 -0.00170112 0.16854 0.00151301 0.0466703 -0.0269862 -0.000137177 -0.0154266 -0.0103758 0.0459346 0.00209622 -0.000364112 -0.0304322 -0.0395559 0.0024146 -4.60382e-05 0.00953342 -0.00066559 -0.00104989 -9.1011e-05 -0.00452996 0.00492274 0.0233768 0.00129824 -0.0043431 -0.0114351 0.0620642 -0.00967036 -0.00571468 -0.0012312 -0.00435552 0.00213051 -0.00195621 -0.0131191 -0.00109875 0.0519394 0.0402499 0.0399905 0.0604431 -0.00346346 0.0149594 -0.00119582 -0.00477761 -0.0101289 -0.0594469 0.0035254 0.00368868 0.0211241 0.00487796 0.00659945 -0.00333704 0.0237766 -0.00101623 -0.0496767 0.0356553 -0.0117382 0.000110499 -0.00941293 0.000470758 -0.0273878 0.0115969 -0.00190103 0.0174374 -0.0104672 0.01519 -0.0290371 -0.00770138 -0.0159304 -0.0360908 0.0348817 -0.0208159 -0.0207615 -0.041435 -0.0230787 -0.0199867 -0.0130353 -0.0110419 -0.000735727 0.0288564 -0.0572474 -0.0248246 -0.00274908 -0.0202374 -0.00200488 -0.000449465 -0.0216633 -0.0284843 -0.00213361 
-0.00430197 -0.00555545 0.00128346 0.00711007 0.00924927 0.0064494 0.00971024 -0.00488874 -0.00399841 -0.0133614 1.14706e-05 0.000100606 -0.00106541 0.000926562 0.00151301 0.0502806 0.00665965 -0.00405141 0.00110987 0.00800543 -0.00412094 -0.0110119 0.00268865 0.00119492 -0.00845482 -0.00356498 -0.00424778 1.58679e-05 -0.000270896 0.00039634 0.000724447 0.000420424 -0.00068835 0.00567101 -0.00200554 0.000548289 -0.00114414 -0.0015543 -0.0109994 4.58079e-05 -0.00307319 -0.000680317 -0.000787494 -0.00021092 0.000121251 -0.00916535 0.00104651 -0.00859499 -0.00628743 -0.00167057 -0.0114835 0.00256005 -0.0105732 0.00194338 0.0132856 -0.00029376 -0.0121477 0.00759059 0.012257 -0.00155222 0.000591258 0.000366498 -0.00233984 -0.0136345 -0.000293391 -0.00378896 0.000136003 0.00598891 -0.00350281 -0.00777284 0.00245099 -0.00751569 0.00497778 -0.0019027 0.00332077 -0.00245537 0.0180635 -0.00401962 -0.00167778 0.0095108 0.00392355 0.00672662 -0.000664831 0.0161229 -0.00716557 0.00249507 0.00553423 0.00121816 0.00333939 -0.000140688 0.00940589 -0.0136941 -0.00874447 -0.00342641 -0.00625616 0.00369427 0.000601926 -0.00214682 -0.0082419 -0.000197305 
0.0274803 -0.0103852 0.000261629 -0.00981783 0.00196308 -0.0197908 -0.0115162 -0.0141652 -0.0136562 0.029486 -0.000314533 0.0112354 0.0451842 -0.00510658 0.0466703 0.00665965 0.121022 -0.0168502 -0.00375991 -0.00872984 -0.0155033 -0.00204079 0.000321585 -0.00542705 -0.0411279 -0.023383 -0.00296782 -2.53185e-05 0.00938764 -0.000117808 0.00353548 0.0063223 -0.00639803 0.00521219 -0.0291225 0.00426625 -0.0044401 -0.00328156 0.0270713 -0.00387366 -0.0118335 0.00316373 -0.00317756 0.00261198 -0.00191118 0.00101623 0.0012424 0.0647486 0.0322809 0.00434857 0.0491859 0.00116483 -0.0337336 -0.000614708 -0.000963435 -0.00706889 -0.0246789 -0.0318545 0.015963 0.0307447 -0.00877204 0.00265025 -0.0043314 0.0366616 1.70086e-05 -0.0223302 -0.0176816 -0.00695881 -0.0193404 -0.024585 -0.000801805 -0.0122735 -0.00592393 -0.00529206 -0.00365194 -0.00686969 0.00758487 -0.0207455 -0.00528227 -0.00114758 -0.0139171 0.00673427 -0.00947557 -0.00806543 -0.0238601 0.00177576 -0.00917994 -0.00789149 0.000241142 -0.000436806 0.0692401 -0.0381313 0.0275098 -0.00444792 -0.0173667 -0.00110626 -0.00032944 -0.0112071 -0.0246571 -0.00126758 
-0.0815501 -0.0631663 0.000572162 0.032266 -0.00571659 0.0501286 0.0400071 -0.00511632 0.057683 -0.10627 -0.000206096 0.000371661 -0.10874 0.0145371 -0.0269862 -0.00405141 -0.0168502 0.231726 0.0107623 0.00796863 0.025677 0.112567 -0.00139812 -0.0153583 0.0962521 -0.0259797 -0.0135048 -9.7823e-06 -0.000685885 -0.00198447 0.00222688 -0.00534676 -0.010763 0.0203287 0.0909544 -0.00298897 0.00927104 -0.0223421 -0.0866408 -0.00721762 0.0471789 -0.00710722 -0.0116668 -0.00301327 -0.00680824 -0.0469982 -0.00235855 -0.0648845 -0.069445 0.016793 -0.108376 0.00481145 0.0780245 -0.00166301 -0.00742231 0.0101845 -0.0604224 0.0260363 -0.0146541 -0.0360271 0.0220434 -0.0181567 -0.0150092 -0.0906551 -4.77726e-05 -0.0226976 0.0388424 0.0140866 0.0698248 0.0493521 -0.00076959 -0.0463492 -0.0236355 -0.000231343 -0.0070291 -0.0134528 0.0463466 -0.00218319 -0.0082826 -0.00351857 -0.0104121 0.106826 -0.0226056 0.0253666 -0.026828 -0.0532436 0.0410999 -0.00546992 0.00175731 0.000443253 -0.0726955 4.25107e-05 -0.10832 -0.00551163 0.0802922 0.000731358 -0.000875621 0.0277027 0.0952575 0.00535624 
-0.00717357 -0.00884737 1.82981e-05 -0.00683113 0.000377089 0.00304878 -0.00117421 -0.0036269 -0.00262584 -0.00879911 -8.58862e-05 -0.00109915 -0.00793156 4.53455e-06 -0.000137177 0.00110987 -0.00375991 0.0107623 0.0307549 0.000293137 -1.37549e-05 0.00609126 0.000627501 -0.00121095 0.0166983 -0.00426744 -0.00155795 1.04778e-05 -0.000231343 0.000205398 0.000402873 -0.000531716 -0.00178972 -0.000289782 0.0152776 -0.000481037 0.00114775 -0.00148626 -0.00756516 -0.0010751 0.00930245 -0.000334045 -0.00122568 0.00145001 -0.000443467 -0.00678134 -0.000254841 -0.00944051 -0.00737747 -0.00579127 -0.0128515 -0.000572303 0.00967214 0.000114413 -0.000497993 0.00150443 -0.00575644 0.0167623 -0.00107919 -0.00454376 0.00611097 -0.00151663 -0.00158075 -0.0139098 -0.000214369 -7.07781e-05 0.0173774 0.0121426 0.0141571 -0.00662201 0.000210617 -0.00303617 0.00384183 -0.000162732 0.00116453 -0.00176419 -0.00327455 -0.000469923 -0.00112833 -0.00359171 -0.00251578 0.00963978 -0.00305279 -0.00197749 -0.00324305 -0.00645768 0.00400072 -0.00208567 -0.000565029 3.64647e-05 -0.00943463 0.00904742 -0.0132288 -0.0013258 0.00449605 -0.000111545 -3.95278e-05 -0.00399149 0.00740551 -0.000353802 
0.00533956 -0.02592 0.000141728 0.0305681 -0.00124814 0.0134362 0.0324765 -0.00416391 -0.0038637 -0.0169272 -2.6529e-05 -0.000277957 -0.0287607 0.00594201 -0.0154266 0.00800543 -0.00872984 0.00796863 0.000293137 0.0765428 0.0232598 -0.000232669 -0.00011174 0.0234153 -0.00652247 -0.0126854 -0.00496398 0.000187074 -0.00107109 -0.000240409 0.00124184 -0.000567506 0.00210287 0.0136048 -0.0146334 0.00126755 0.000554368 0.0190819 -0.0227872 0.0244603 -0.00369173 0.00379695 -0.000316222 -0.000945295 -0.000654358 -0.0103012 -0.000251023 -0.0190255 -0.018166 -0.00432605 -0.00574824 -0.00129226 -0.013907 0.00158989 0.000877298 0.0225582 -0.0205348 0.00987611 0.00632099 -0.00442646 0.00417605 -0.00356026 0.00214102 -0.00659883 -9.9706e-06 -0.0164026 -0.0128647 0.00403555 0.000699913 -0.0140863 -0.000345445 -0.0119297 -0.0155007 -0.000310762 -0.00347146 -0.00233597 0.0164172 0.00103442 -0.000636243 0.00554365 -0.0127248 0.00225412 0.0177544 0.0463234 -0.0155442 -0.0215598 0.00805822 0.0106116 -0.00468245 0.000756673 -0.00559702 -0.0191847 -0.0227969 1.42396e-05 -0.00446503 0.00284094 0.000179613 -0.00918484 0.017733 0.00105576 
-0.00902469 -0.0417251 -0.000798083 0.0425463 -0.00356385 0.0187273 0.0277187 -0.00522463 0.0166596 -0.0269096 0.000199132 0.0109146 -0.0457689 0.0143104 -0.0103758 -0.00412094 -0.0155033 0.025677 -1.37549e-05 0.0232598 0.128905 0.0412265 -0.000838594 0.000374776 -0.00925283 -0.0232652 -0.00495028 0.000164731 -0.00356036 -0.000191637 0.0032849 -0.00155016 0.00141751 0.0143436 -0.00399151 -0.00193562 0.00132382 -0.00396069 -0.00967043 0.00155604 0.00803282 -0.00211725 -0.00618704 0.00233669 0.00224005 0.00409993 0.000524287 0.00655798 -0.0110538 0.00566813 -0.0135689 -0.00187991 -0.00163498 -0.000399373 -0.00357609 0.0199476 -0.0365287 -0.00414183 -0.0107697 0.0234103 0.00337207 -0.00691078 -0.00764674 0.000593332 0.000537924 -0.0181854 -0.0143061 0.00702737 -0.00712626 0.00395223 -0.000144402 -0.0209128 -0.0260953 -0.000889546 -0.00339776 -0.0014096 0.013805 0.00191262 -0.00333636 0.0123719 -0.0257152 0.04002 0.00941147 0.0416311 -0.0236096 -0.0305564 0.00784752 0.00721396 -0.0077601 0.00240676 -0.0269612 -0.0251124 -0.0561725 0.0160437 -0.00188371 0.00380644 -8.08681e-05 0.000109195 0.00737643 0.00139979 
-0.0281951 -0.131794 -0.00116236 0.0460168 -0.00405547 0.0529471 0.0281356 -0.031086 0.0511121 -0.097348 -0.000139466 0.00586834 -0.0375816 0.0111975 0.0459346 -0.0110119 -0.00204079 0.112567 0.00609126 -0.000232669 0.0412265 0.24858 -0.0010689 -0.0200642 0.0462434 -0.0887483 0.00422787 -0.000114119 0.0012188 -0.00198089 0.00551209 -0.00503204 -0.00798475 0.0175196 0.113328 0.00258965 0.00134689 -0.0242607 -0.00702216 -0.0123523 0.03848 -0.00759687 -0.00476021 0.00438427 -0.0064416 -0.0411982 -0.00313202 0.0134861 -0.0179057 0.0501064 -0.01524 -0.00614521 0.104792 -0.00231833 -0.0115999 0.00231456 -0.1349 0.058422 -0.00965196 0.0206769 0.0310421 -0.0148444 -0.0090971 -0.0405236 0.00288055 -0.108239 0.0773262 0.00238364 0.0540542 0.060885 -0.00137452 -0.0541468 -0.0444249 -0.0012701 0.0161465 -0.0162537 0.0806932 -0.0498208 -0.0142235 -0.0209338 -0.0761837 0.158935 -0.0379729 0.0146631 -0.0898425 -0.123703 0.00569617 -0.0130785 -0.0284431 3.28248e-05 -0.0518677 -0.0766341 -0.155339 0.0036253 0.0715707 0.00180967 -0.00102477 0.00210536 0.080606 0.00462673 
-0.00259134 -0.00236766 5.58652e-06 0.000240725 0.00104343 0.000121903 -0.000915065 -0.00120346 -0.000883851 -0.00271846 5.04195e-05 -9.60259e-05 0.00232716 -0.000148176 0.00209622 0.00268865 0.000321585 -0.00139812 0.000627501 -0.00011174 -0.000838594 -0.0010689 0.0110753 -0.000674721 -0.00169868 0.00210778 -8.63028e-05 4.27668e-05 9.3288e-06 -3.83253e-05 0.000320822 6.30398e-05 0.000139055 0.000176913 0.00108748 -0.000146495 -0.000229331 -3.80972e-05 -0.000268556 -0.000425712 -0.000654013 3.77923e-05 0.000443549 -0.000118578 0.000818521 -0.00141779 0.000105436 -0.00116376 -0.00147306 0.00282306 -0.00126003 0.000218896 0.000559593 0.000242305 -7.88409e-05 -0.00010491 -0.00160838 0.00216604 -0.000576525 -0.000455253 0.000440598 0.000438513 -0.000273316 -0.00175541 -7.94092e-06 -0.000868089 0.00230596 -0.000368413 -0.000963338 -0.000226266 0.00018072 1.03045e-05 0.00496671 -0.000466595 0.0010643 -0.000568605 0.00254192 -0.00114165 -0.0004669 0.000423719 -0.00080404 -0.00195742 -5.13708e-05 -0.000372604 -0.00142261 0.00209404 -0.000695355 -0.000578716 0.000348054 3.60305e-05 -0.00144985 -0.00176447 -0.00314776 0.00122302 -0.000681717 3.27167e-05 -1.47344e-06 -3.17046e-05 -0.00110334 -3.97172e-05 
0.0273973 -0.0142518 -0.000506393 0.00956644 -0.000935393 0.00338853 0.00869619 -0.00853757 -0.0026323 0.00917916 -0.000135336 -0.00117441 -0.00496478 -0.00252376 -0.000364112 0.00119492 -0.00542705 -0.0153583 -0.00121095 0.0234153 0.000374776 -0.0200642 -0.000674721 0.0719117 -0.010197 -0.0142686 -0.00389779 0.000156023 -0.000173926 -0.000261438 -0.00064378 -0.000597791 0.00589753 0.000779333 -0.00417115 0.00139003 -0.000812269 0.0208055 -0.0024402 0.0232555 -0.0014887 0.00906859 -4.45276e-05 -8.66301e-05 -0.00048948 -0.0102466 -0.000136283 -0.00167209 0.00404379 -0.00634226 0.0197237 -0.000585928 -0.0112729 -7.10685e-05 0.00176026 0.010529 -0.0199995 -0.00793059 0.0214845 -0.00325864 -0.00444179 0.000231855 0.00604617 0.0133735 -0.000580256 -0.0164007 -0.00551941 -0.00249924 0.00218644 -0.0149423 0.000777123 -0.00883168 -0.0143821 -0.00341685 -0.00129606 -0.00326812 0.0109445 -0.00893399 -0.00294982 -0.000323536 -0.00803054 -0.00965286 0.00313536 0.012717 -0.0148178 -0.00918523 -0.00521054 0.0040729 -0.00226283 -0.000178696 0.0190502 -0.0189218 -0.00237984 -0.00558572 -0.00142694 -0.000511535 0.000312747 -0.00994268 0.00874561 0.000131659 
-0.0702133 -0.0134283 -0.00115798 -0.0350763 -0.00226854 0.0544504 -0.00524778 0.0151 0.0443001 -0.0833467 0.000165879 -0.0107274 -0.0828399 0.00216322 -0.0304322 -0.00845482 -0.0411279 0.0962521 0.0166983 -0.00652247 -0.00925283 0.0462434 -0.00169868 -0.010197 0.209734 0.0205906 -0.0046836 -9.48406e-05 -0.0042401 -0.00100439 -0.00229581 -0.00467866 -0.0109755 -0.0116759 0.0691021 -0.00449139 0.0113642 -0.0159304 -0.07954 -0.00855416 0.0441484 -0.00549396 -0.0123224 0.00010341 -0.00600513 -0.0526181 -0.00254521 -0.0909792 -0.0709013 -0.00883508 -0.134557 -0.000688047 0.0797209 -0.00140554 -0.00351673 -0.0062847 0.00282017 0.0487169 -0.0261616 -0.0461989 0.0248614 -0.0154074 -0.0157643 -0.125233 -0.00166581 0.0286916 0.0415035 0.0143988 0.0817882 0.0314149 0.00231562 0.000602203 0.0218116 0.0119914 0.000193993 -0.0102204 0.014717 0.0354922 0.00277845 -0.0253888 0.0321396 0.0400637 -0.032447 -0.0244043 0.03467 -0.00246307 0.00929902 -0.0130768 0.014205 -0.000579667 -0.0837865 0.0619696 -0.0558741 -0.0165647 0.0677477 -8.94564e-05 -0.000559799 0.0356854 0.0778785 0.00430245 
-0.049517 0.105365 -0.00118573 -0.0167367 -0.00294764 -0.035303 -0.0227428 0.017404 -0.0243559 -0.0195668 0.000480346 -0.00957655 0.012179 -0.0097946 -0.0395559 -0.00356498 -0.023383 -0.0259797 -0.00426744 -0.0126854 -0.0232652 -0.0887483 0.00210778 -0.0142686 0.0205906 0.191178 0.00269522 -9.92321e-05 -0.00371414 -0.00109016 -0.000221105 -0.00186859 -0.00844591 -0.00593347 -0.0586141 -0.00428472 -0.00200442 -0.0112035 -0.0491986 -0.0112468 -0.0207952 -0.00400957 -0.00443475 -0.00552786 0.00376853 0.00346918 -0.00116817 -0.0698819 -0.054194 -0.0281086 -0.0723092 0.0093726 -0.0650997 -0.000776728 -0.00100463 -0.0118028 0.118002 -0.0169687 -0.0230645 -0.0268351 -0.0109032 0.00197791 -0.0119616 -0.0304306 -0.00134932 0.138696 -0.0467372 -0.012006 -0.029577 -0.0291757 -0.000427652 0.0607439 0.083855 -0.000703991 -0.0118989 -0.000207849 -0.048173 0.0652787 0.00600982 0.0245325 0.0894017 -0.110693 0.0202016 -0.0145085 0.101722 0.132229 0.0187463 -0.00250377 0.0351511 0.000407906 -0.0386507 0.0864689 0.0810403 0.0183825 -0.0358053 -0.00268593 -2.29993e-06 0.0299028 -0.0489723 -0.00263627 
0.00972192 -0.0114517 -0.000684687 0.0139482 -0.00227847 -0.00920802 -0.00890787 0.00791024 -0.00299498 0.00749841 3.85764e-05 -0.00291837 0.00396378 -0.00400745 0.0024146 -0.00424778 -0.00296782 -0.0135048 -0.00155795 -0.00496398 -0.00495028 0.00422787 -8.63028e-05 -0.00389779 -0.0046836 0.00269522 0.0781583 0.000101597 0.000358759 0.000363719 0.000766271 0.001069 -0.00261384 -0.00509735 -0.000288747 0.00204503 -0.00187451 -0.00144369 0.00853737 -0.00246429 -0.00451057 -0.000625249 0.00185391 0.00213093 -0.000173218 0.0135939 0.000463744 0.00823537 -0.0037677 -0.000737123 0.0152474 -0.00155607 0.00631792 -0.000474762 -0.00274388 -0.00485508 0.00235381 0.000510075 -0.00296643 0.0178528 -0.00455746 -0.00060513 0.00276515 0.00922177 0.00037069 -0.00372966 -0.0017264 -0.00420559 -0.00287661 -0.000596806 -0.000641219 -0.00137167 0.00242481 -0.000704033 -0.00301231 0.00718146 0.00695605 -0.00859093 -0.00263857 -0.00580928 -0.00658681 -0.0182498 -0.00783608 -0.00907923 -2.42646e-05 -0.0127338 -0.00785491 0.00181716 -0.00252639 -1.58607e-05 -0.00767922 -0.00267848 -0.00258034 0.000502051 0.00154774 -0.00106687 -7.75951e-05 -0.00354603 -0.00147949 -0.000580512 
0.00010363 -0.000189522 3.811e-05 -1.69999e-05 -2.30757e-06 0.000160422 2.01568e-05 -7.8788e-05 0.00013291 -0.000149886 -7.35221e-07 4.19217e-05 -0.0001621 0.000152785 -4.60382e-05 1.58679e-05 -2.53185e-05 -9.7823e-06 1.04778e-05 0.000187074 0.000164731 -0.000114119 4.27668e-05 0.000156023 -9.48406e-05 -9.92321e-05 0.000101597 0.000730554 -1.29962e-05 1.13663e-05 5.39122e-07 0.00015094 0.000207884 8.00901e-05 -0.000157456 2.97638e-05 -4.22767e-06 0.000228211 -7.74027e-05 0.000189027 -4.12594e-05 6.42293e-07 4.90403e-05 1.19661e-06 1.68538e-05 -0.000115355 1.67629e-05 -0.000129312 -0.000156855 -4.14537e-05 -8.1966e-06 8.45521e-06 -5.00045e-05 3.8356e-06 -1.87616e-05 0.000200137 -0.000149803 -6.27863e-05 -6.01275e-05 -3.4445e-05 -1.13584e-05 -1.10928e-05 3.02726e-05 -0.000102053 1.28051e-05 -0.000119605 -0.000121983 5.31481e-05 -8.35837e-05 3.41521e-05 -5.45042e-06 5.96519e-06 -7.06985e-05 2.07408e-05 -1.056e-07 -3.83622e-05 -0.000108845 -8.54392e-05 2.24488e-05 7.78087e-05 -0.000100919 -0.000168807 3.8356e-05 0.00014787 -9.82642e-05 -9.9767e-05 -1.69345e-05 7.27702e-06 3.34565e-06 -2.73386e-06 -0.000164573 -0.000151203 -0.000179968 1.92854e-05 -8.1893e-05 2.01923e-05 5.92557e-07 9.69406e-05 8.8373e-05 4.02244e-07 
-1.61004e-05 -0.00567151 5.19806e-05 -0.00500161 -0.000128285 -0.00134891 -0.00339914 -0.00298013 -0.00246193 0.00473065 -4.8138e-06 0.00111495 0.00752327 -0.000364025 0.00953342 -0.000270896 0.00938764 -0.000685885 -0.000231343 -0.00107109 -0.00356036 0.0012188 9.3288e-06 -0.000173926 -0.0042401 -0.00371414 0.000358759 -1.29962e-05 0.0262726 2.08821e-05 -0.000255373 -0.000286687 -0.00127617 0.000349804 -0.00461259 0.00307179 -0.000814652 -0.00118617 -0.00345586 -0.000988893 -0.00201075 -0.000315892 0.00195356 0.00192433 -7.82504e-06 -0.000887974 3.81975e-05 0.00944597 0.00125635 0.00241053 0.00464124 -0.000289781 -0.00466169 -0.000125345 -0.000799447 -0.001086 -0.00559882 -0.00105067 0.00358711 -0.000780441 6.43655e-05 0.00430692 -0.00100007 0.00636817 0.000917593 -0.00528188 -0.0026252 -0.00153021 -0.00145054 -0.00451213 0.000381169 0.00126366 -0.000537463 0.00210939 -0.000748346 -0.00039826 -0.0053109 -0.00210713 -0.000830546 -0.0021289 -0.0037881 0.00466694 0.00236012 -0.00186074 -0.00474732 -0.00146084 -0.00170475 -0.00170644 -0.000101695 -0.000105662 0.00717382 -0.0061729 0.00726589 0.00125346 -0.00203475 -0.000215326 -4.52293e-05 -0.00404628 -0.00447572 -0.000277089 
0.00138739 -0.00106714 0.00030208 0.000645933 1.46307e-05 -0.000688533 -0.000649579 0.000365321 -0.000561487 0.00240923 -1.44848e-05 0.000126546 -0.00147883 -0.000208494 -0.00066559 0.00039634 -0.000117808 -0.00198447 0.000205398 -0.000240409 -0.000191637 -0.00198089 -3.83253e-05 -0.000261438 -0.00100439 -0.00109016 0.000363719 1.13663e-05 2.08821e-05 0.00583255 -5.58407e-05 4.6365e-05 -5.85735e-05 -0.000240804 -0.0015664 0.000100536 -0.000189257 -0.000139892 0.00037297 0.000427391 -0.000421359 -5.26709e-06 -3.78043e-05 0.000510701 0.000212524 0.00200278 0.000274769 0.00211065 0.0019474 -0.0011682 0.00190296 -0.000109393 0.000147761 9.86067e-05 0.00100664 -0.000218115 0.00131746 -0.000786609 0.000919772 0.00109994 -0.000383109 -3.51802e-05 -2.85327e-05 0.00134916 -1.83579e-05 -0.000994349 -0.000755925 0.000228311 -0.000744758 -0.00112926 -4.14236e-05 -0.000344922 -0.000758765 -0.000234904 -0.000222084 0.000779532 -0.000415968 -0.000602833 -3.74773e-05 -0.000434071 -9.16758e-05 -0.00186918 -0.000584842 -0.000153007 0.000569977 -0.0013473 -0.000380055 0.000131787 -6.19577e-05 9.45333e-06 0.000489977 0.000710422 0.000707675 -2.00268e-06 -0.000826974 -4.42739e-05 2.33676e-05 -0.000749607 -0.000986995 -5.93151e-05 
0.00144929 -0.0046597 -8.2998e-05 0.00572466 -0.000126081 -0.000432151 0.00100103 -0.000443046 -0.000940282 -0.00326721 7.20377e-05 -0.000327839 -0.00316971 -0.000165449 -0.00104989 0.000724447 0.00353548 0.00222688 0.000402873 0.00124184 0.0032849 0.00551209 0.000320822 -0.00064378 -0.00229581 -0.000221105 0.000766271 5.39122e-07 -0.000255373 -5.58407e-05 0.0148857 -0.000164135 -0.000696257 0.001984 0.000492413 0.000117926 0.000125084 -8.57456e-05 -0.00371774 0.000533784 0.000416759 1.97664e-05 -0.000570398 0.00155386 -8.43823e-05 -0.0013767 0.000167759 -0.000171959 -0.00256834 -0.00201897 0.00172615 -0.000139084 -0.00169639 0.000108573 -0.000401735 0.000155784 -0.00436707 -0.00155159 0.00197196 0.00515163 0.000630814 -0.000653416 -0.000541229 0.000680644 7.72595e-05 -0.00268123 -0.00107904 4.23034e-05 -0.000105327 -0.00214607 -2.52935e-05 -0.002441 -0.00319005 -0.000502885 -0.000582851 -0.000500385 0.00580488 -0.00199073 -0.000527127 0.00251237 -0.00302284 0.00215211 0.000370074 0.00430084 -0.00303937 -0.00297785 0.00241997 -0.000355332 -0.000872291 0.000204002 -0.00108595 -0.00401702 -0.00624347 -5.34579e-05 -0.000168305 0.000357507 -2.96713e-05 -0.0001065 0.00132444 0.000133937 
0.0061348 0.0025428 9.18536e-05 -0.00257541 0.000236288 -0.0017368 -0.00184205 -0.000216365 -0.0015406 0.00627729 -1.52245e-05 0.00430195 0.00470591 -0.000372433 -9.1011e-05 0.000420424 0.0063223 -0.00534676 -0.000531716 -0.000567506 -0.00155016 -0.00503204 6.30398e-05 -0.000597791 -0.00467866 -0.00186859 0.001069 0.00015094 -0.000286687 4.6365e-05 -0.000164135 0.0172955 0.000464541 -0.00093391 -0.00489401 0.000320918 -0.000557216 0.00231122 0.00657496 -0.000325197 -0.00146782 -3.58522e-05 -0.000334744 -0.000172126 -0.000387833 0.0021952 -5.15787e-05 0.00369988 0.00289142 -0.00305593 0.00504912 -4.4784e-05 -0.0036946 -1.70659e-05 0.000294497 -0.000679693 0.00209437 -0.00366413 -0.00105726 0.00459699 -0.00106162 0.000969734 0.000647994 0.00520299 4.8795e-06 -0.0014353 -0.00308562 -0.000486641 -0.00216952 -0.00324557 -0.000138948 -0.00117473 -0.00241455 -0.000411795 -0.000758615 0.00026936 -0.00108781 -0.00216888 -0.000160567 -0.000843572 -0.00141452 -0.00623514 -0.00157584 -0.00107862 -0.00179251 -0.00200792 -0.00185098 -0.000275897 -0.000385439 -1.83255e-05 0.00662606 -0.00350815 0.00549727 -0.00123671 -0.00208734 0.000205786 -3.72211e-05 -0.00227712 -0.00261661 -0.000145875 
0.0121181 0.0117387 0.000295635 -0.010881 0.000540417 0.00456931 -0.00566766 -0.0030756 0.00785429 -0.00400054 -0.000146399 -0.000766612 0.00450153 -0.000724072 -0.00452996 -0.00068835 -0.00639803 -0.010763 -0.00178972 0.00210287 0.00141751 -0.00798475 0.000139055 0.00589753 -0.0109755 -0.00844591 -0.00261384 0.000207884 -0.00127617 -5.85735e-05 -0.000696257 0.000464541 0.0625632 -0.00238461 -0.00190905 -0.000177097 -0.000399826 0.0202417 0.0135835 0.003455 -0.00238394 -0.000252512 -0.00204027 -0.00121378 -0.00133768 -0.00577422 -0.000446073 -0.00372662 -0.00199111 0.000705697 0.00540983 -0.00113446 0.00460339 -0.000121204 -0.000298342 0.00143593 0.00461101 0.00170656 -0.00347467 -0.00213722 -0.00362347 -0.0021713 0.0113063 -0.00478927 -0.000196404 -0.00746403 -0.00363058 -0.00378719 -0.00906776 0.00922971 -0.000108714 -0.00405082 0.00344143 -0.00152956 0.0072684 -0.000270738 -0.01281 -0.00847112 0.00159418 -0.000853006 0.00349577 -0.00230278 -0.00666399 -0.00440731 -0.00384377 -0.0100136 -0.00673347 -0.00260606 4.1093e-05 -0.00017063 -0.00431708 -0.00162534 0.00275194 -0.00139664 -0.00354017 0.00144548 0.00021957 0.013653 -0.00181287 0.000332204 
-0.0122461 -0.0191612 0.000132798 0.0213488 0.000899017 0.00627558 0.0128164 -0.00457159 -0.000674108 -0.0236816 -7.24406e-06 0.000908467 -0.00921012 0.00861809 0.00492274 0.00567101 0.00521219 0.0203287 -0.000289782 0.0136048 0.0143436 0.0175196 0.000176913 0.000779333 -0.0116759 -0.00593347 -0.00509735 8.00901e-05 0.000349804 -0.000240804 0.001984 -0.00093391 -0.00238461 0.0593844 -0.000376961 0.00050181 -0.00160642 -0.00255259 -0.0183124 0.00681607 -0.00307178 -0.000996841 -0.00103946 -0.00125494 0.000218985 -0.0102163 -0.000538053 -0.00432637 -0.0104844 0.0135773 -0.00738103 0.000671515 -0.0136552 -0.000244614 0.000384886 0.012958 -0.0181241 -0.00391966 0.00520282 -0.00441171 0.000910643 -0.00114263 -0.00156859 0.00545915 6.28835e-05 -0.0127619 -0.00724254 0.00229277 -0.00732069 -0.00560258 -0.000341326 -0.00899005 -0.00758611 0.00118114 -0.00135667 -0.00271477 0.0162601 -0.0037601 -0.000646783 0.00696986 -0.00625058 0.018291 0.00567592 0.0334071 -0.0126206 -0.0123216 0.0134638 0.0103435 -0.00264214 2.02511e-05 -0.000518328 -0.0182064 -0.0224664 0.000980369 -0.00638601 0.00108347 -3.96918e-05 -0.00498542 -0.00586024 -0.000136849 
