0.0448782 0.00151951 5.43748e-05 0.00189477 0.000292472 0.000636256 0.000150458 -0.000434745 0.00094256 0.00123772 0.000204223 -0.00104382 -0.00658671 -0.00673203 -5.07901e-05 0.000818721 0.00707297 -0.00092525 -0.000266304 1.26334e-05 0.000478553 -9.29317e-05 0.000634282 -0.000322945 -0.000349025 -0.00101259 -0.000207936 -0.000398603 -0.000658763 -0.0025875 0.00244573 -0.000362068 -0.000194187 0.000605035 -0.00159965 -0.000696281 -8.57702e-05 0.000143955 -0.00197501 -0.00147915 -0.0005825 0.000546596 -0.000923458 -0.00792545 -0.00375662 -0.000111466 0.000241923 0.000588036 0.00290325 0.000563404 -5.26723e-05 0.000792783 -7.1946e-05 -0.00185781 -0.000279393 -0.000788797 -5.17548e-05 -0.00396521 0.00368549 -0.000319966 -0.000234025 -0.000396378 -0.000130631 -0.00392716 -0.00160527 0.000184082 -4.12097e-05 -0.000860642 2.39497e-05 -0.000384964 -0.000326718 0.00105736 0.000583995 -0.00196739 1.32653e-05 0.000513498 0.000554294 -9.29438e-05 -6.01983e-05 0.000763864 -0.000635355 -0.00110263 -0.0135251 -0.000409272 -0.000951982 -0.00176283 -0.000885758 -3.80593e-05 -0.000361861 -0.00368396 -0.000529798 -0.000767504 -0.000450811 0.00162431 0.00234082 0.00025897 -9.66746e-05 0.000962983 0.00176947 -1.65192e-05 
0.00151951 0.108048 -0.0075682 -0.00265838 0.00601727 0.017075 -0.0176209 0.00210476 0.00765873 0.00827459 -0.000668461 0.00922475 -0.0362167 0.0246174 -0.0258504 -0.000784279 0.0106924 0.00370557 -0.000401125 -0.000205149 -0.00319044 0.00540322 0.00090187 0.00174892 -9.46325e-05 0.0072668 0.0148897 -0.00101586 -0.00452611 -0.0049615 -0.0040792 -0.00172795 -0.000726661 0.00734524 -0.0134346 -0.00223001 -0.00163099 -0.00384861 -0.00920409 0.0135266 -0.00144972 -0.000431502 -9.07507e-05 -0.0298582 -0.00200095 0.0156471 0.0114069 -0.0151809 -0.0126728 -0.00342169 -0.000111584 -0.000809 -0.000367781 -0.00813112 0.00508548 -0.0164972 0.000127006 -0.0160691 0.00211104 0.00348025 0.028354 -0.00145372 0.000858659 0.003529 0.00919943 0.0019404 9.31164e-06 -0.0233229 0.00027079 0.00354845 0.00125049 0.000123515 -0.0273988 -0.0101612 -0.000103488 0.000390597 -0.00130268 0.00387562 -0.00026771 0.00673986 0.00670205 -0.00538112 -0.0378471 -0.00135855 -0.0018283 -0.00441285 -0.0177059 0.000136848 -0.0172746 0.0177674 0.00689 0.011488 0.0032851 -0.0214845 0.0299364 0.000163604 1.98779e-06 -0.000932709 -0.0023151 -5.19879e-05 
5.43748e-05 -0.0075682 0.238175 -0.00907918 -0.00270974 -0.00951459 -0.0629763 -0.00241761 0.0580259 0.00388151 -0.0035337 -0.0110246 0.101739 0.071197 -0.087763 -0.00822267 0.0705431 -0.00917863 -0.00508133 -0.000563789 -0.0178621 -0.00418536 -0.00038184 -0.0030761 -0.00359903 0.00376685 -0.0247021 -0.00718999 -0.011908 -0.0273408 -0.012232 -0.0082597 -0.00518767 0.0457023 -0.0499421 -0.0128714 -0.00881652 0.00211604 0.104 0.00423812 -0.00912889 -0.00178014 -0.0179766 -0.0174333 0.0575643 -0.0315852 -0.0158313 0.0427912 0.0352189 -0.0195746 0.000107679 0.0184743 -0.000524309 -0.032346 -0.00399409 -0.0553407 -0.0010964 0.0425178 0.0226237 -0.00638685 0.104283 -0.00310024 0.000435704 -0.018516 0.0210349 0.00386512 -0.00161209 -0.0549758 0.00203862 -0.00357015 -0.00483093 -0.0214787 0.0928042 -0.0155113 0.0206384 -0.00203179 -0.00841474 -0.0106781 -0.00112913 -0.00382491 -0.0128927 -0.0158956 0.0118402 -0.00340885 -0.0626115 -0.022278 -0.0578508 -0.00046985 -0.0393159 0.0111441 -0.00454447 -0.0360572 -0.0053793 -0.0911423 -0.0157078 -0.0135241 -0.00338259 -0.00516313 -0.0213516 1.33908e-05 
0.00189477 -0.00265838 -0.00907918 0.173466 -0.000561718 -0.000975799 -0.0137336 0.00100791 0.00622071 -0.00960818 0.000899313 -0.0028363 0.00408281 -0.0118817 0.00534763 -0.00465865 -0.0451331 -0.00243954 -0.0010668 0.00024892 9.56355e-05 -0.00228372 -0.000744105 -0.000503218 0.00426842 -0.00440334 -0.00294433 -0.001084 -0.00861359 -0.000600675 0.0119526 -0.000966537 -0.00140854 -0.00488747 -0.0114843 -0.00530093 -0.00292386 -0.00538456 -0.0232134 -0.0147377 -0.00200529 5.54262e-05 0.00623286 -0.0353311 -0.0400804 0.00252774 -0.000968351 -0.0437615 0.00102851 0.0237776 -0.00015873 0.0252858 -0.000207239 -0.000659121 -0.00153055 -0.0153481 -7.27916e-05 0.0585543 0.0363187 -0.00284782 0.00249058 -0.00355491 -0.000265533 -0.00355724 -0.0111573 -0.0124995 0.00172882 -0.0171191 -0.00117878 -0.000139106 -0.00187062 -0.00165113 -0.0062626 -0.000153633 0.00777584 0.000647166 -0.000203623 -0.00196736 -0.000511524 -0.000743074 -0.00356125 -0.00699703 -0.0226106 -0.00264791 0.0212272 -0.00609903 -0.00673151 -0.000133728 -0.00054295 0.0098813 0.00131991 0.00610935 -0.00131588 -0.0100492 0.00598855 0.0225896 -0.00130067 0.00634749 0.0145686 -2.71493e-05 
0.000292472 0.00601727 -0.00270974 -0.000561718 0.0124572 0.00179083 -0.000935124 0.000785606 -3.93699e-05 -0.000768142 7.15925e-05 0.00108432 0.000415247 0.0014681 -0.00215538 -0.000119738 -0.000381033 1.76467e-05 -7.95476e-05 3.45797e-06 -0.000323012 6.3047e-05 0.00107409 4.19549e-05 0.000447967 -0.000147186 0.00178698 -6.78942e-05 -0.000499183 0.000153487 -0.000263242 -7.66362e-05 -2.03198e-05 -0.00118447 -0.00129677 -0.000233625 -0.000182405 -0.000261715 -0.0050602 -0.000713713 -0.000130109 9.27228e-05 -0.000301785 -0.00380009 -0.00252126 0.00271846 0.00176319 -0.003688 -0.00429257 -0.000192747 -8.94628e-06 -0.00104372 -3.34492e-05 -0.000518272 4.9055e-05 -0.00168061 5.56361e-05 -0.00130499 0.00269466 -0.000150776 0.00189033 -0.000207522 0.000188977 -0.00123095 0.00160178 -0.000688639 9.32402e-05 -0.00255854 -1.04455e-06 0.000254119 -9.76543e-05 0.00139609 -0.00562884 -0.00110584 -0.000397617 -8.68993e-06 -0.000119496 9.22534e-05 4.74392e-06 0.000515195 0.00200314 -0.000535644 -0.00406953 -7.12713e-05 0.00187876 -0.000353661 -0.00177439 3.5801e-06 -0.00190874 0.000987514 0.0024012 0.00313842 0.00149184 -0.0018623 0.00358547 0.00262459 -2.11425e-05 8.19227e-05 0.000819418 -8.58649e-06 
0.000636256 0.017075 -0.00951459 -0.000975799 0.00179083 0.03834 -0.00470422 0.00345997 -0.00868561 -0.000273166 6.75382e-06 -3.02337e-05 -0.0151599 0.00717741 -0.00777803 0.00157529 -0.0096093 0.00831858 -0.000208963 1.58095e-05 -0.0012061 0.000126192 0.000414232 0.00244497 -5.02866e-05 0.00248378 0.00549885 0.000843616 -0.00173183 -0.00228814 -0.00173726 -0.000207699 0.000116234 -0.00670768 -0.00228476 -0.000617864 0.00122867 -0.0014166 -0.0136347 -0.0025227 -0.000276476 0.000164825 1.44984e-05 -0.00917697 -0.00206385 0.00591821 0.00174049 -0.00641224 -0.0132745 0.00266457 8.10173e-05 -0.00652033 -4.35323e-05 -0.00261336 0.0027648 -0.0048377 0.000660345 -0.00988747 0.004533 0.00373169 0.00967517 -0.000131247 -5.69806e-05 0.0144553 0.00577773 0.00287383 0.000173343 -0.0068889 0.000387801 0.00473642 0.000550348 0.00320297 -0.00817717 -0.00217129 0.00459427 0.000417426 1.58462e-05 -6.05047e-06 -6.89435e-05 0.00153411 0.0143989 -0.00155327 -0.0128309 -0.00016582 -0.00949308 -0.0014096 -0.00601768 0.000141316 -0.00105324 0.016261 0.00459318 0.00299157 0.00176146 -0.00587375 -0.00133278 -0.00034026 0.00108309 0.000266151 0.00015236 0.000153232 
0.000150458 -0.0176209 -0.0629763 -0.0137336 -0.000935124 -0.00470422 0.148059 -0.00163573 -0.0546772 -0.0130606 0.000810516 -0.000740493 -0.0725494 -0.0920015 0.0897346 -0.0102123 -0.0522383 -0.00536734 0.00465871 0.000206377 0.0082952 0.000726506 -0.00036002 -0.00165187 -0.0019248 -0.00267681 -0.00392618 0.00709578 -0.00593453 0.0233978 -0.0062804 0.0041987 0.00327967 0.0107234 0.0982698 -0.00248678 0.0157606 -0.00327171 -0.0433076 -0.0131081 0.00695594 -0.00106101 0.0146092 0.0779876 -0.0550227 -0.0124505 -0.00606019 -0.0381451 -0.00906152 -0.0172139 -0.000185227 -0.0175758 0.00146254 -0.00355032 -0.00109825 0.0933923 -0.000179474 -0.0462884 -0.0225743 0.00102017 -0.0988213 -0.00189339 -0.00172919 0.0152595 -0.0200464 -0.00985575 -0.000504415 0.0880265 -0.000586051 -0.00137611 0.0044243 -0.00466315 -0.0990923 0.0014797 -0.0154812 -0.000968119 0.00331218 0.00411335 0.00035231 -0.00300818 -0.00801791 0.024446 -0.0146438 0.00704284 -0.0230979 0.000525443 0.119175 0.000253895 0.101979 -0.0149254 0.000554619 -0.000739612 -0.000956414 0.10766 -0.0454769 -0.00453033 0.00343007 -0.00140849 -0.00306633 -9.32565e-05 
-0.000434745 0.00210476 -0.00241761 0.00100791 0.000785606 0.00345997 -0.00163573 0.0171654 -0.0018765 -5.64467e-05 5.46233e-05 -0.000494225 -0.00277391 -0.00124702 -0.00335533 0.000761771 -0.00260183 0.000814307 -5.81223e-05 0.000124525 -0.000307161 3.76239e-06 9.15099e-05 0.00029914 0.00023645 0.000848777 -0.000294271 -0.000191014 -0.000452478 0.000458587 0.000587054 -3.54787e-05 -0.000113899 -0.00682962 -0.00175961 -0.000417288 -0.000258075 0.000502211 -0.005428 0.000181882 -0.000154218 0.000111887 0.00204177 -0.00567041 -0.00226588 0.00142145 -0.000114207 -0.00170312 -0.00631863 0.00441197 6.10768e-05 -0.000276267 -1.76932e-05 -0.00116818 0.000900608 -0.00157865 0.000971167 0.000856562 -0.00236454 0.00187238 -0.000525065 0.000987041 0.000389824 0.00228862 -0.000118515 0.000234499 0.000325808 0.000660338 0.000119635 0.00124138 -0.000112869 0.000746432 0.000241775 -0.00140951 -0.00074186 6.40418e-06 1.97914e-05 -6.59326e-05 -3.95555e-05 -0.000210964 0.00294109 -0.000259357 0.00157144 0.000562775 -0.00214738 -0.000103227 -0.00148718 0.000126161 -0.00301993 0.00652058 0.00026482 0.00208162 0.00191313 -0.00266866 -0.00319009 0.00145875 0.000401695 -0.000145212 0.00367629 -1.55871e-06 
0.00094256 0.00765873 0.0580259 0.00622071 -3.93699e-05 -0.00868561 -0.0546772 -0.0018765 0.132041 0.00868591 -0.00261653 0.0018369 0.0672109 0.0761846 -0.0658338 -0.0212503 0.0509073 -0.0087797 -0.00525821 -0.00110411 -0.0124239 -0.00126806 -0.000171131 -0.00566332 -4.12698e-06 -0.000814328 -0.00159577 -0.00983428 -0.0161932 -0.0128301 -0.00885747 -0.00589122 -0.00748014 0.0451455 -0.0505251 -0.00500645 -0.0119512 -0.0122402 0.0667708 0.00526753 -0.0125362 -0.00172539 -0.0155656 -0.0273852 0.0469961 0.00651039 0.00075026 0.0298666 0.0337837 -0.0212923 -0.000547299 -0.0107985 -0.0018399 -0.0145963 -0.00266026 -0.0637511 -0.00335621 0.0358438 0.0204991 -0.00619494 0.0796723 -0.00441649 -0.000705443 -0.0204388 0.00501851 0.00635372 -0.00188608 -0.0514376 -0.000854066 -0.00341469 -0.00543956 -0.0149573 0.0769915 -0.0198416 0.0102187 0.000186917 -0.00793926 -0.00674388 -0.00148731 -0.000321239 -0.0150775 -0.0227304 -0.00779975 -0.00986454 0.0154687 -0.0119657 -0.049708 -0.000705705 -0.0489119 0.00421565 -0.00558985 0.00283629 -0.00173621 -0.0680667 0.0354132 -0.00454988 -0.00445359 -0.00761442 -0.0236338 -0.000111847 
0.00123772 0.00827459 0.00388151 -0.00960818 -0.000768142 -0.000273166 -0.0130606 -5.64467e-05 0.00868591 0.0833457 -0.000476913 0.00190818 0.00737511 0.0160087 -0.0151332 -0.00514293 0.00915667 -0.00297713 -0.000618772 -0.000159292 -0.00178583 -0.000654737 -3.97618e-05 -0.00085007 0.00206778 -0.000725391 0.00227978 -0.00134731 -0.00418382 -0.00266448 -0.00519658 -0.00118775 -0.000514506 0.00626522 -0.00882096 0.000220138 -0.00199797 -0.0012562 0.0163282 0.000466857 -0.00104917 0.000508647 -0.00189618 -0.0101245 0.0167407 0.000226977 0.000628676 0.0157908 0.00328834 -0.0135876 -0.000119881 -0.013899 -0.000262225 -0.00437984 0.00124408 -0.0101488 -0.000456434 -0.0149683 -0.00954359 -0.00106437 0.00977123 -0.00184428 -0.000850215 0.00534353 -0.00499685 -0.000708786 -0.000221642 -0.0155042 -0.000274418 0.000557327 -0.000597992 -0.00167013 0.0154426 -0.00417125 -0.0018828 -0.000261456 -0.00126055 -0.000692816 -0.000162101 0.00222137 -0.00366468 -0.00384533 -0.00449298 -0.00102988 -0.00852174 -0.0013521 -0.0107555 -8.47828e-05 -0.0142306 0.0119302 -0.000718135 0.0027644 -0.000618036 -0.0151479 0.0173065 -0.0038202 -0.00049055 -0.000793066 -0.00552628 -7.62048e-05 
0.000204223 -0.000668461 -0.0035337 0.000899313 7.15925e-05 6.75382e-06 0.000810516 5.46233e-05 -0.00261653 -0.000476913 0.00635265 -0.000248443 -0.00186869 -0.00315064 0.00333411 0.000305285 -0.00217696 -0.000184904 -3.38361e-05 0.000111184 0.000200325 -8.03009e-05 -8.82529e-06 2.29527e-05 0.000240223 -0.000153342 -0.00032884 6.73593e-05 3.1782e-05 0.000623043 0.000276896 0.000386387 0.000182507 -0.00261416 2.68639e-05 -8.32943e-05 0.000154993 -0.000134489 -0.00353002 -0.000507242 0.000272994 0.000142367 0.000451901 -0.000216686 -0.00166208 1.40173e-05 -0.000159947 -0.00108375 -0.000354969 0.000411662 -3.96481e-06 0.000399396 -6.39079e-06 0.00051043 -3.74896e-05 0.00106528 2.87851e-05 0.000592542 7.39564e-05 0.000175948 -0.00257166 -2.30591e-05 0.000441002 -0.000594772 -0.000744634 -0.000305656 9.93911e-05 0.000716813 -4.37681e-05 -2.38308e-05 -9.6723e-05 0.000708263 -0.00289523 0.000948341 -0.00056129 -1.49361e-05 0.000586489 0.000194818 5.74715e-05 -3.89663e-05 0.000224741 0.000516265 0.00117189 0.000133491 0.0023242 0.000160161 0.000819183 4.10905e-06 0.000534344 -0.000780027 -4.58262e-05 -3.43813e-05 3.6595e-05 0.00302771 -0.000754221 0.00166387 0.000121483 0.000771409 0.00169167 -2.71966e-06 
-0.00104382 0.00922475 -0.0110246 -0.0028363 0.00108432 -3.02337e-05 -0.000740493 -0.000494225 0.0018369 0.00190818 -0.000248443 0.0523583 -0.0057087 0.00570338 -0.00163872 -0.00327598 0.00713591 -0.00110736 0.000185008 0.000109858 -5.28611e-05 -0.000242726 0.000156912 -0.000332251 0.000601361 -0.000869845 0.00496301 -0.000177242 -0.00147321 0.00280963 -0.00196369 0.00103839 -7.99302e-05 0.00477285 -0.00410584 -0.00069634 -0.000149501 -0.00208288 -0.00560282 0.00498679 0.00258834 0.000205677 0.00138303 0.00316309 0.00840671 -0.00183959 0.000134028 -0.0053408 0.00188422 -0.00683068 -2.26931e-06 -0.00908992 -0.000121524 -0.00106351 0.000151496 -0.00435615 -0.000144706 -0.0145181 -0.00465611 0.00161459 -0.000130743 -0.000724116 -0.000547791 -0.00433121 -0.00593667 0.00730852 -8.12499e-05 -0.00777802 0.000673426 -0.000326401 -0.000825533 -0.000607133 -0.00778251 0.000415923 -0.00308863 0.000495283 -0.000545659 0.00461766 6.22904e-05 -0.000457937 -0.000429752 -0.000628304 -0.00246579 -0.00059528 0.00868209 -0.000704952 -0.0014714 -3.49706e-05 -0.00239457 -0.00652424 0.00102548 0.00158843 0.00269887 -0.00396998 0.00441403 -0.000479954 -0.000284213 -2.52344e-05 -0.00323538 -3.97824e-05 
-0.00658671 -0.0362167 0.101739 0.00408281 0.000415247 -0.0151599 -0.0725494 -0.00277391 0.0672109 0.00737511 -0.00186869 -0.0057087 0.244142 0.0817277 -0.0863506 -0.00883787 0.0646529 -0.000638542 -0.00362307 -0.000401941 -0.0110251 -0.00668206 -0.000447646 -0.00123558 0.0009052 -0.00748968 -0.0209517 -0.00684693 -0.00760685 -0.0245463 -0.0167168 -0.0054831 -0.00465594 0.0207343 -0.062364 0.00392256 -0.012003 -0.010943 0.0630489 -0.00914081 -0.00735185 -0.000694297 -0.0121689 -0.0534404 0.0382388 -0.0105486 -0.00978191 0.0236136 0.0211968 -0.00262023 -0.000141122 -0.00781948 -0.00125932 -0.00179234 -0.00362551 -0.0727324 -0.00198915 0.0565149 0.0536904 -0.00695017 0.101113 -0.000937332 0.00064525 -0.030896 0.0138947 -0.00717532 -0.00148807 -0.0825394 -0.000936041 -0.00344349 -0.00802271 -0.0204742 0.135129 -0.0110758 0.0228717 -0.00216383 -0.00747607 -0.0112342 -0.000707236 -0.00385993 -0.010048 -0.0185462 0.0183672 -0.00652141 0.0188791 -0.00179086 -0.0746339 -0.000488352 -0.0594589 -0.00639468 -0.00645353 -0.0182953 -0.00328966 -0.0941362 0.00793044 -0.00424105 -0.00339432 -0.00563693 -0.0246195 0.000108336 
-0.00673203 0.0246174 0.071197 -0.0118817 0.0014681 0.00717741 -0.0920015 -0.00124702 0.0761846 0.0160087 -0.00315064 0.00570338 0.0817277 0.237417 -0.104563 -0.0340309 0.0661785 -0.00734373 -0.00423299 -0.00104448 -0.0142871 -8.05807e-05 0.000546288 -0.0032567 0.000959185 0.00599867 0.0119966 -0.00799162 -0.0286734 -0.0241154 -0.0265271 -0.00911126 -0.00495174 0.0645616 -0.0700426 -0.0138283 -0.010799 -0.0184065 0.0786812 0.00268286 -0.00895151 -0.0030462 -0.0115265 -0.0277795 0.0971932 0.00490659 0.00246406 0.0549149 0.0269552 -0.0480755 -0.000109484 -0.0542518 -0.00184298 -0.0328202 0.00178064 -0.0795136 -0.00163378 0.0191332 0.00835652 -0.00227198 0.145088 -0.0117254 -0.00193773 -0.00830342 0.0195767 0.0145669 -0.00113778 -0.0865207 0.000217607 0.00158988 -0.00163477 -0.0217173 0.107105 -0.0253878 0.00860707 -0.00161179 -0.00740475 -0.00724505 -0.00113182 0.00301225 0.00310091 -0.0253242 0.0131802 -0.00684062 -0.0273436 -0.0220287 -0.0898287 -0.000387665 -0.0746442 0.0354526 -0.0013673 -0.0096865 -0.000128094 -0.112706 0.0527263 -0.0175785 -0.002871 -0.00612736 -0.0301156 -0.000174444 
-5.07901e-05 -0.0258504 -0.087763 0.00534763 -0.00215538 -0.00777803 0.0897346 -0.00335533 -0.0658338 -0.0151332 0.00333411 -0.00163872 -0.0863506 -0.104563 0.189898 0.00543462 -0.069559 -0.00685538 0.00298219 0.000462542 0.0148531 -0.00194024 -0.000730687 -0.002182 -0.00121745 -0.00648041 -0.00608341 0.00693836 0.00627058 0.0231597 0.0173789 0.00867447 0.00612062 -0.0292668 0.0647542 -0.00118557 0.0108055 0.00429268 -0.0697663 -0.0175969 0.00962965 -0.000269554 0.00774274 0.0559945 -0.0746428 -0.0105848 -0.00662847 -0.026615 -0.00355875 0.0108932 -0.000151466 0.0106576 0.000761951 0.0245843 -0.00155094 0.0785952 -0.00048879 -0.0224306 -0.0328914 0.00274659 -0.122058 -0.00356114 -0.00139169 -0.000527079 -0.0253678 -0.0124954 0.00073952 0.0809338 -0.00104441 -0.00162109 0.00184929 0.0177856 -0.110397 0.0247205 -0.0219726 -0.000908365 0.00791706 0.0093159 0.000420258 -0.00370896 -0.00591057 0.0211211 0.0158457 0.00377483 0.00415193 0.00732347 0.0874964 5.49476e-05 0.0671327 -0.0174724 0.00167495 -0.00187102 -0.00216864 0.119394 -0.0467497 0.00861071 0.00216291 0.00652048 0.0214047 -2.30809e-05 
0.000818721 -0.000784279 -0.00822267 -0.00465865 -0.000119738 0.00157529 -0.0102123 0.000761771 -0.0212503 -0.00514293 0.000305285 -0.00327598 -0.00883787 -0.0340309 0.00543462 0.0668268 -0.0156354 0.0127094 0.00051056 0.000144702 0.00256538 0.000382016 4.67649e-05 0.00602476 -0.00074394 -0.00163917 -0.00111026 0.00138583 0.0350792 -0.000759055 0.00862874 0.00315256 0.000847274 -0.0478385 -0.00815462 0.0132005 -0.00138679 0.0194332 -0.0204627 0.0163329 0.00181062 0.000560388 -0.00079943 -0.0177811 -0.0155841 0.00259718 0.00227625 -0.0134584 -0.0216095 0.0271533 0.000459165 0.0288613 0.000331023 0.0286727 -0.00033159 -0.00440862 0.00102233 -0.00676543 -0.00320795 0.000236446 -0.0303779 0.01386 0.000330096 -0.00326832 0.00315307 -0.00217927 0.000210323 0.00117867 0.000681648 7.0453e-05 -0.00121168 0.0179865 -0.0093455 -0.00307386 -0.00358772 0.00124395 0.000888777 -0.000978728 0.000824142 -2.06442e-05 0.00353439 0.00234341 0.00475275 0.00036012 0.00202667 0.0147269 -0.00927014 3.889e-05 -0.0123184 -0.00879833 0.00081106 -0.000384845 0.000828217 0.00630497 -0.0167537 -0.00139562 6.4299e-05 0.000271059 0.0144515 8.8027e-05 
0.00707297 0.0106924 0.0705431 -0.0451331 -0.000381033 -0.0096093 -0.0522383 -0.00260183 0.0509073 0.00915667 -0.00217696 0.00713591 0.0646529 0.0661785 -0.069559 -0.0156354 0.229887 -0.00908919 -0.00281361 -0.000395286 -0.0097661 -0.00176847 -3.61875e-05 -0.00340365 -0.00144694 -0.0017969 -0.00386332 -0.0045461 -0.0154241 -0.0172237 -0.00569236 -0.00492414 -0.00330204 0.0433749 -0.0425095 -0.00834679 -0.00761766 -0.00769706 0.0667075 0.00367817 -0.0057528 0.000454687 -0.0103901 -0.0454444 0.0602985 -0.0192969 -0.00801265 0.0382891 0.0288823 -0.0228013 -0.000208659 0.00238945 -0.000934607 -0.020519 -0.00139282 -0.0458029 -0.00172077 0.00989409 -0.00180745 -0.00203261 0.0829273 -0.0060202 -1.90933e-05 -0.0306253 0.0299646 0.00287836 -0.00116771 -0.0541962 -0.000692527 -0.00229794 -0.00429179 -0.00926453 0.0737728 -0.0205982 0.0204148 0.000652681 -0.00469461 -0.00360959 -0.000537139 0.000379049 -0.0154132 -0.0156066 -0.0262063 -0.00399946 -0.000299469 -0.0145034 -0.0601298 -0.000312139 -0.0574971 -0.0343857 -0.00674638 -0.0197154 -0.00138547 -0.0648993 0.0536948 -0.0165234 -0.00231373 -0.00342913 -0.0183109 -7.28616e-05 
-0.00092525 0.00370557 -0.00917863 -0.00243954 1.76467e-05 0.00831858 -0.00536734 0.000814307 -0.0087797 -0.00297713 -0.000184904 -0.00110736 -0.000638542 -0.00734373 -0.00685538 0.0127094 -0.00908919 0.0356647 0.000740995 0.000168733 7.75307e-05 0.00110039 0.000328078 0.00720009 -0.000360281 0.00189821 -0.000243084 0.00114931 0.0109808 -0.00172905 0.00151113 0.000707051 0.000426041 -0.0145551 -0.00439687 0.00900464 -0.000357067 -0.000307853 -0.0175619 0.00278159 0.000149407 0.000603229 -0.000224287 -0.0127569 -0.012897 0.00393112 0.00392467 -0.0205882 -0.0180665 0.0150488 -1.76817e-05 0.0083525 0.000298708 0.00715109 0.00124213 -0.00479947 0.000278128 -0.00766722 0.00205734 0.00236916 -0.000972605 0.00478058 0.00144419 0.00764492 0.00687955 -0.000812292 -4.8306e-05 -0.00661737 3.3458e-05 0.00150829 -0.000404305 0.00061263 0.00230045 0.000443104 0.00987153 0.000457047 0.000257626 -0.000194267 0.000625498 0.00180152 0.0105029 0.000340968 -0.00823143 -0.000260094 0.0065483 0.00884155 -0.0061759 0.000290412 -0.00219742 0.00245576 0.00299372 -0.00140012 0.00176277 -0.0079938 -0.00877738 -0.00166004 0.000770245 -0.00015482 -0.000939475 0.00037677 
-0.000266304 -0.000401125 -0.00508133 -0.0010668 -7.95476e-05 -0.000208963 0.00465871 -5.81223e-05 -0.00525821 -0.000618772 -3.38361e-05 0.000185008 -0.00362307 -0.00423299 0.00298219 0.00051056 -0.00281361 0.000740995 0.00885329 1.86526e-05 0.000960725 0.00109543 -2.85562e-06 0.000448494 -8.25107e-05 0.000820552 -0.000334837 0.000996675 0.000275737 0.00223238 -0.000447953 0.000146608 6.59604e-05 -0.00129121 0.00342925 0.000549506 0.00123922 -0.000266216 -0.00547619 -0.000484088 0.00122208 3.07433e-05 0.00362077 0.00262426 -0.00328943 0.000193633 0.00025732 -0.00463628 -0.00290171 -0.000136095 -1.0957e-06 -0.00152549 0.000153572 0.000443283 0.000149162 0.00362026 -2.03099e-05 -0.00281884 -0.00154634 0.00045903 -0.00478431 -5.52891e-06 1.22661e-05 0.000689606 -0.00103968 6.6342e-05 4.97046e-06 0.00201345 2.45651e-05 -3.28152e-05 4.03449e-05 -3.61316e-05 -0.00372198 -0.000167002 -0.000408786 3.15662e-06 0.000843837 0.000876168 0.000280793 0.000461053 -7.02223e-06 0.00140002 9.77031e-05 0.000576924 9.80562e-05 0.00107114 0.00327978 0.000131587 0.0040254 -0.00125107 -0.000160837 7.32362e-05 0.000172757 0.00390304 -0.00198882 -0.000344779 0.000131785 6.10767e-05 -0.000377515 7.31128e-06 
1.26334e-05 -0.000205149 -0.000563789 0.00024892 3.45797e-06 1.58095e-05 0.000206377 0.000124525 -0.00110411 -0.000159292 0.000111184 0.000109858 -0.000401941 -0.00104448 0.000462542 0.000144702 -0.000395286 0.000168733 1.86526e-05 0.00195551 0.000353799 -1.02723e-05 2.36533e-07 1.82489e-05 0.000103805 -4.28446e-05 3.01304e-05 0.000121117 0.000168161 2.31275e-05 0.000141285 4.94156e-05 8.08581e-05 -0.00092294 6.17784e-05 9.16535e-05 8.4096e-05 3.47236e-05 -0.000952325 -0.000120468 0.000231035 1.49398e-05 0.000305338 -0.000307639 -0.000570778 -9.82213e-05 -3.96227e-05 -0.0009467 -0.00041949 0.000362292 1.69967e-05 0.000449752 1.57283e-05 0.000217944 -4.18671e-06 0.000242908 7.61602e-05 -0.000448373 -0.000153565 0.000113939 -0.000881735 6.71208e-05 2.82941e-06 -7.15628e-05 -0.000170982 -7.56241e-05 0.000116363 -0.000233895 2.4033e-05 7.84058e-05 6.67985e-05 1.05515e-05 -0.000596677 0.000276725 0.000211336 -9.28805e-06 2.99387e-05 5.84116e-05 3.72763e-05 -1.90913e-05 7.46806e-05 0.000218832 0.000461708 8.67361e-05 0.000434239 0.000465173 0.000182391 1.0418e-05 5.90197e-05 -0.000147409 0.000171882 1.74497e-06 0.00011933 0.000226496 -0.000459694 0.000208756 -2.37695e-06 0.000253635 0.000614756 1.78593e-05 
0.000478553 -0.00319044 -0.0178621 9.56355e-05 -0.000323012 -0.0012061 0.0082952 -0.000307161 -0.0124239 -0.00178583 0.000200325 -5.28611e-05 -0.0110251 -0.0142871 0.0148531 0.00256538 -0.0097661 7.75307e-05 0.000960725 0.000353799 0.0317617 0.000854637 -3.38359e-05 -0.000145231 0.000912504 -0.000398393 -0.000357139 0.00365828 0.00342922 -0.000718149 0.000372357 -0.000155455 0.00191541 -0.0089172 0.00546703 0.00215638 0.000246267 0.00199494 -0.0185343 -0.0012363 0.00364338 4.96701e-05 0.00166068 0.00208838 -0.00771914 -0.000336714 -0.00070835 -0.00990206 -0.00560696 0.00435741 -3.26021e-05 0.0053292 0.000176651 0.00596526 -7.25802e-05 0.00791129 0.000428263 -0.0109729 -0.00488004 0.00131359 -0.0181557 0.000806735 -6.94081e-05 -0.000748659 -0.00335981 -0.00127412 -1.84545e-05 0.0016193 -0.00018044 -0.000120253 0.00381215 0.00330529 -0.012869 0.00372438 -0.00277598 -0.000166798 0.000799027 0.00125282 0.000294042 -0.000297015 -0.000726579 0.00242813 0.00456359 0.000564672 0.00402031 0.0073406 0.00933938 0.000102195 0.00635031 -0.00446298 0.0010051 0.000175836 -6.5456e-05 0.0141065 -0.00336466 0.00213131 -0.000100903 0.00104791 0.00938274 -3.17279e-05 
-9.29317e-05 0.00540322 -0.00418536 -0.00228372 6.3047e-05 0.000126192 0.000726506 3.76239e-06 -0.00126806 -0.000654737 -8.03009e-05 -0.000242726 -0.00668206 -8.05807e-05 -0.00194024 0.000382016 -0.00176847 0.00110039 0.00109543 -1.02723e-05 0.000854637 0.0139513 0.000176546 0.000733585 -0.000100838 0.00413965 0.0017426 0.00161005 0.000353898 -0.000538474 -0.000533022 5.63603e-05 0.000176242 0.000270509 0.00139889 -5.47441e-05 0.000896359 0.000529564 -0.00315607 0.00205656 8.90852e-06 -0.000101497 0.00012753 -0.00124253 -0.00211973 0.00170192 0.0054608 -0.00608288 -0.00398367 0.000105486 -6.41723e-06 0.000483736 0.000111007 -0.000587593 0.00140104 9.43537e-06 -3.22978e-05 -0.0030118 -0.000566772 0.000518268 -0.000719634 -0.000229765 -5.84951e-05 0.0015315 -0.000790373 0.000540964 1.13442e-05 -0.00115863 0.000132271 2.85142e-05 0.00196781 0.00133702 -0.00678003 -0.00138331 -0.000508034 0.000456464 0.000245808 0.000974888 0.00023746 0.00164082 0.000504354 0.000461838 -0.00458798 1.72169e-05 -0.00109325 -0.000115162 0.000904713 0.000143656 0.000915421 -0.0010592 0.000910158 0.000173731 0.000317615 0.000327619 -0.000537809 -0.000691896 0.000150953 -3.0702e-05 -0.000599196 4.36506e-05 
0.000634282 0.00090187 -0.00038184 -0.000744105 0.00107409 0.000414232 -0.00036002 9.15099e-05 -0.000171131 -3.97618e-05 -8.82529e-06 0.000156912 -0.000447646 0.000546288 -0.000730687 4.67649e-05 -3.61875e-05 0.000328078 -2.85562e-06 2.36533e-07 -3.38359e-05 0.000176546 0.00408158 0.000159469 -2.0246e-05 -2.61769e-05 0.000189001 2.08995e-05 3.33415e-05 4.90365e-05 -0.000224604 1.88803e-05 3.11888e-05 -0.000310302 -0.000254284 6.77815e-05 2.43266e-05 2.79932e-05 -0.00107703 -7.61079e-05 8.73317e-06 -1.16188e-05 -1.65821e-05 -0.000167885 0.000547032 0.00117355 0.000587495 1.35865e-05 -0.00116691 -0.000320154 -1.32525e-06 -0.00084053 -2.01791e-06 -0.000216035 5.96548e-05 -0.000273149 8.04731e-06 -0.00218088 -5.62347e-05 -5.5664e-05 -0.000102589 -1.85477e-05 7.11317e-05 -0.000242365 4.80061e-05 0.000313635 -7.64118e-06 9.1632e-05 1.65412e-05 7.02098e-06 6.44127e-05 0.000378677 -0.000643874 -0.00033166 -0.000296101 3.52874e-05 -5.30903e-05 5.4434e-05 -6.27432e-06 0.000100102 0.000448821 -4.8436e-05 -0.00147697 -1.52383e-05 -0.000648183 -3.24497e-05 -0.000455213 1.00654e-05 -0.000433922 -0.000251484 0.000963413 0.000387418 0.000298722 -0.000485931 0.000764571 6.14141e-05 -7.36132e-06 -2.67091e-05 0.000242947 8.00626e-06 
-0.000322945 0.00174892 -0.0030761 -0.000503218 4.19549e-05 0.00244497 -0.00165187 0.00029914 -0.00566332 -0.00085007 2.29527e-05 -0.000332251 -0.00123558 -0.0032567 -0.002182 0.00602476 -0.00340365 0.00720009 0.000448494 1.82489e-05 -0.000145231 0.000733585 0.000159469 0.00988993 -1.25141e-05 0.000815266 0.000163279 0.000385038 0.00365623 -0.000482679 0.00015525 0.000632361 4.10004e-05 -0.00685072 -0.00118148 0.00244322 -0.000201303 0.000183924 -0.00642772 0.00132669 0.000298173 0.0001836 0.000383833 -0.0033331 -0.00354294 0.00118735 0.00217993 -0.00569412 -0.00641296 0.00591883 9.70105e-06 0.000790418 0.000135321 0.00103304 0.000488445 -0.000796638 0.000237585 -0.000849118 -7.30138e-05 0.000756787 -0.00144934 0.000724901 4.75412e-06 0.00214203 0.00243123 -0.00031264 9.59568e-05 -0.00191832 0.00026012 0.00044908 -5.96879e-05 0.000332677 -0.000557923 -0.000498919 0.000842261 0.000414204 0.000370421 0.000150983 7.15941e-05 0.000771256 0.00424645 0.00115265 -0.00198412 4.59922e-05 0.00096263 0.00246261 -0.00165526 7.49622e-05 -0.00103574 -0.000340046 0.00131537 -0.000203299 0.000865852 -0.00210348 -0.00188253 -0.000212232 0.000221807 -2.32352e-05 -0.000213097 8.35063e-05 
-0.000349025 -9.46325e-05 -0.00359903 0.00426842 0.000447967 -5.02866e-05 -0.0019248 0.00023645 -4.12698e-06 0.00206778 0.000240223 0.000601361 0.0009052 0.000959185 -0.00121745 -0.00074394 -0.00144694 -0.000360281 -8.25107e-05 0.000103805 0.000912504 -0.000100838 -2.0246e-05 -1.25141e-05 0.0110665 -0.00028005 0.000489656 -6.03379e-05 -0.000524145 0.000264038 0.000966485 -7.81777e-05 -8.84593e-05 -0.00115261 -0.00136168 -0.000249413 -0.000229657 -0.000376996 -0.00221965 -0.00051374 -0.000151837 7.70015e-05 9.77546e-05 -0.00366645 -0.00270501 0.000167788 -0.000228879 -0.00373614 -0.000914679 0.00225509 6.38478e-06 -0.00168357 -1.83641e-05 -0.000612921 5.75158e-05 -0.0014763 0.000197259 0.000865684 -0.000308674 -8.05325e-05 0.000215651 -0.000165991 0.000196534 -0.000830258 -0.000592604 -0.000416118 0.000514738 -0.00216766 -4.51645e-05 7.51092e-06 6.42421e-05 0.000337679 -0.00104226 0.00117349 0.000319083 -5.74359e-05 -5.32982e-05 -0.000166278 -9.22283e-06 0.000644734 0.000575446 -0.00042335 -0.00106778 -5.67596e-05 0.00440305 -0.000276968 -0.00160693 -4.01215e-06 -0.00187723 0.000174526 2.03787e-05 -0.000435406 0.000367601 -0.00182521 0.00484428 0.00206361 -6.65368e-05 0.000999485 0.001724 1.12576e-05 
-0.00101259 0.0072668 0.00376685 -0.00440334 -0.000147186 0.00248378 -0.00267681 0.000848777 -0.000814328 -0.000725391 -0.000153342 -0.000869845 -0.00748968 0.00599867 -0.00648041 -0.00163917 -0.0017969 0.00189821 0.000820552 -4.28446e-05 -0.000398393 0.00413965 -2.61769e-05 0.000815266 -0.00028005 0.032328 0.00143622 0.000375207 -0.0012888 -0.00131536 -0.00187592 -0.000343686 -0.000176687 0.00228052 -0.00173154 -0.000795896 -0.000223348 -0.00110025 0.000309255 -0.00150524 -3.74002e-06 -0.000229925 -4.2586e-05 -0.0013914 0.00346694 -0.000641888 0.00235007 -0.00417835 -0.00237719 -0.00336258 -3.1146e-05 -0.00210151 -1.35377e-05 -0.00230337 0.00220782 -0.00238586 0.000247758 0.00123816 -0.00219269 0.00311041 0.0064639 -0.000623429 0.000173135 0.00506199 -0.00151096 -0.000873554 -2.77825e-05 -0.00432546 0.000206778 0.000673644 0.00109486 -0.00147163 -0.00441688 -0.00288603 -0.00188436 -0.000157263 -7.35226e-05 0.00100303 -7.16989e-05 0.00108741 0.00179304 -0.000281806 -0.000179223 0.000219374 -0.00682244 -0.000989595 -0.00252778 0.000254752 -0.00239789 0.0073064 0.000311863 -0.00146951 0.000333653 -0.00272157 -0.00456588 -0.00157345 0.000569444 -0.000306234 -0.00137166 0.0001564 
-0.000207936 0.0148897 -0.0247021 -0.00294433 0.00178698 0.00549885 -0.00392618 -0.000294271 -0.00159577 0.00227978 -0.00032884 0.00496301 -0.0209517 0.0119966 -0.00608341 -0.00111026 -0.00386332 -0.000243084 -0.000334837 3.01304e-05 -0.000357139 0.0017426 0.000189001 0.000163279 0.000489656 0.00143622 0.0580871 4.12891e-05 -7.68682e-05 -0.0029494 -0.00135167 -0.000935224 0.000178267 0.00630661 -0.000496102 -0.00124567 0.00202729 -0.000427623 -0.00840765 0.0036712 -0.000662094 -7.48475e-05 -0.000847774 -0.00802468 0.00491119 0.000499095 0.00330907 -0.00103262 -0.00638617 -0.00666021 0.00020158 -0.00437882 -8.75149e-05 -0.00190509 0.00216768 -0.00324554 -0.000287431 -0.00803141 -0.00737272 0.000127359 0.00895697 0.00102242 0.000377525 0.00638349 0.00639175 -0.000907991 -4.54657e-05 -0.00694131 -0.000299989 0.00262669 0.00141712 -0.00118555 -0.0185065 -0.00370602 -0.00370601 -0.000230422 -0.000598733 0.00101688 -2.31716e-05 0.00197223 0.00347798 -0.00104951 -0.00720243 -0.000537881 0.0110443 -0.00137085 -0.00414858 -1.4209e-05 -0.00599113 0.00422786 0.0038651 0.00428838 0.000235281 -0.00426197 0.0114683 -0.00110702 -2.40698e-05 -0.000558551 -0.00144977 -6.83311e-05 
-0.000398603 -0.00101586 -0.00718999 -0.001084 -6.78942e-05 0.000843616 0.00709578 -0.000191014 -0.00983428 -0.00134731 6.73593e-05 -0.000177242 -0.00684693 -0.00799162 0.00693836 0.00138583 -0.0045461 0.00114931 0.000996675 0.000121117 0.00365828 0.00161005 2.08995e-05 0.000385038 -6.03379e-05 0.000375207 4.12891e-05 0.014865 0.00142862 0.000103475 0.000924876 0.000414504 0.00133495 -0.00304281 0.00648457 -0.000122171 0.0026297 0.00173965 -0.00854228 -0.000915982 0.0012346 0.000217796 0.00136438 0.00248553 -0.00594108 -0.000771511 -0.000148844 -0.00902384 -0.0056363 0.00167164 -1.38736e-05 0.00177045 0.000877409 0.000234151 0.000282315 0.00503209 2.84359e-05 -0.00607451 -0.00138434 0.000295621 -0.00724739 -0.000133648 -0.000147006 0.00186873 -0.000209131 -0.000607144 7.1934e-05 0.000590478 3.11318e-05 0.00037164 0.00200637 0.00159367 -0.0091652 0.00426019 -0.000325423 7.0105e-05 0.000751092 0.0014844 0.000289736 0.000483365 0.000867697 0.00231824 -0.00404644 0.000129749 -0.00185971 -3.19823e-05 0.00729972 0.000261807 0.00703226 -0.00181328 0.000821685 -0.00103658 5.64227e-05 0.0070864 -0.00393434 -0.000145669 0.00151072 0.000198966 0.00147009 3.64725e-05 
-0.000658763 -0.00452611 -0.011908 -0.00861359 -0.000499183 -0.00173183 -0.00593453 -0.000452478 -0.0161932 -0.00418382 3.1782e-05 -0.00147321 -0.00760685 -0.0286734 0.00627058 0.0350792 -0.0154241 0.0109808 0.000275737 0.000168161 0.00342922 0.000353898 3.33415e-05 0.00365623 -0.000524145 -0.0012888 -7.68682e-05 0.00142862 0.048593 -0.000980839 0.00796109 0.00155359 0.000231831 -0.0354779 -0.00487764 0.0136276 -0.000810132 0.0166651 -0.019634 0.011237 0.00322815 0.000810352 -0.00122921 -0.0151486 -0.0138663 0.00183709 0.00174598 -0.0125257 -0.017199 0.015327 0.000411882 0.0252633 0.000559084 0.0280432 -0.000271474 -0.00122669 0.0011612 -0.0121742 -0.00690524 0.000745082 -0.0261444 0.0140559 0.00116158 -0.00406743 0.00156948 -0.00177139 -4.28574e-05 -0.00074116 0.000456988 -0.000365716 -0.000359368 0.00954353 -0.00967778 0.00216558 -0.00183997 0.000298196 0.000442602 0.00203437 0.000779343 -0.000867432 0.00274415 0.0055695 0.00439386 0.000894058 0.0109233 0.0183865 -0.00459311 4.32968e-05 -0.00794094 -0.00695651 0.00065335 -0.00216487 -0.000103471 0.00419398 -0.0121193 -0.000918812 -0.000120936 -0.000348556 0.0121762 4.49621e-05 
-0.0025875 -0.0049615 -0.0273408 -0.000600675 0.000153487 -0.00228814 0.0233978 0.000458587 -0.0128301 -0.00266448 0.000623043 0.00280963 -0.0245463 -0.0241154 0.0231597 -0.000759055 -0.0172237 -0.00172905 0.00223238 2.31275e-05 -0.000718149 -0.000538474 4.90365e-05 -0.000482679 0.000264038 -0.00131536 -0.0029494 0.000103475 -0.000980839 0.0585353 -0.00190755 0.00135604 -9.33836e-05 -0.00730673 0.0163413 5.3821e-05 0.00149777 -0.000875894 -0.0195525 -0.000972986 0.00525424 0.000517919 0.009829 0.0198189 -0.016158 0.00104403 -0.000341768 -0.0105822 -0.00345476 -0.00248567 6.82632e-05 -0.00924673 -0.000155411 0.00356042 -0.000293446 0.019296 0.000583606 -0.0123617 -0.0117548 0.000265142 -0.0330408 0.000593199 -0.000742571 0.00231655 -0.0070791 -0.00222173 0.000408195 0.0241201 0.000137215 -0.00046951 -0.00058917 0.00338232 -0.0248877 -0.00136751 -0.00456003 -0.000400034 0.00132855 0.000817953 2.26037e-05 -2.05887e-05 -0.000831359 0.00189194 0.00445229 0.00255866 -0.00118009 0.0011763 0.0214861 -8.28377e-06 0.0171901 -0.000807099 -0.000448444 0.00691038 0.00206866 0.0305904 -0.0124069 0.00211485 0.000230391 -0.000152242 0.00235921 -6.37671e-05 
0.00244573 -0.0040792 -0.012232 0.0119526 -0.000263242 -0.00173726 -0.0062804 0.000587054 -0.00885747 -0.00519658 0.000276896 -0.00196369 -0.0167168 -0.0265271 0.0173789 0.00862874 -0.00569236 0.00151113 -0.000447953 0.000141285 0.000372357 -0.000533022 -0.000224604 0.00015525 0.000966485 -0.00187592 -0.00135167 0.000924876 0.00796109 -0.00190755 0.0565839 0.00223624 0.000493682 -0.0266942 -0.00666512 -8.2822e-05 -0.000829404 0.00708583 -0.0176432 0.000664431 -0.000410488 0.00179125 -0.00146242 -0.0149635 -0.02243 -0.00393467 0.000764152 -0.0248337 0.000651711 0.0341865 -4.82569e-05 0.0290198 0.00046225 0.011039 -0.000116862 -0.00494318 0.000366739 0.0135547 -0.00306723 -0.000255746 -0.0220264 -0.000446191 -8.42518e-05 -0.00450913 -0.00634915 -0.00302357 0.00171668 0.00386902 -7.06663e-05 -0.000466843 -0.000876221 0.00836126 -0.0180253 0.0188985 -0.00255561 0.000830574 0.00257284 0.00209517 0.000261265 0.00175641 0.0031849 -0.00132635 -0.000497332 -0.000586562 0.0172636 0.0020852 -0.00220598 -3.4506e-05 -0.00766822 -0.00787391 -0.000565862 -0.00337948 7.20888e-05 0.00199937 -0.00185296 0.00749435 -0.000207776 0.00651739 0.0176887 2.99286e-05 
-0.000362068 -0.00172795 -0.0082597 -0.000966537 -7.66362e-05 -0.000207699 0.0041987 -3.54787e-05 -0.00589122 -0.00118775 0.000386387 0.00103839 -0.0054831 -0.00911126 0.00867447 0.00315256 -0.00492414 0.000707051 0.000146608 4.94156e-05 -0.000155455 5.63603e-05 1.88803e-05 0.000632361 -7.81777e-05 -0.000343686 -0.000935224 0.000414504 0.00155359 0.00135604 0.00223624 0.016392 0.000759308 -0.00666023 0.00279323 0.000652935 0.000735583 -3.25428e-05 -0.00860485 -0.000410615 0.00180576 -6.07639e-05 9.01308e-05 0.00208306 -0.00543021 -0.000274633 0.000392081 -0.00471121 -0.00287099 0.00261309 3.77941e-05 -0.000548442 5.2965e-05 0.00237546 -1.05593e-05 0.00480221 1.64178e-05 -0.00373965 -0.00177665 0.00117009 -0.00984656 2.50914e-05 3.99495e-05 -0.000557344 -0.00102005 -0.000680357 0.000348696 0.008682 -8.63063e-05 1.07558e-05 -0.000224495 0.00201554 -0.00777765 0.000237351 -0.00111552 0.000572045 0.0041984 0.0011472 -6.67956e-06 -0.000180235 -0.000221932 0.00226873 0.0011514 0.0005112 -0.00150478 0.001066 0.00514404 0.000117544 0.00199442 -0.00184664 0.000494429 -0.000239023 0.00102492 0.00863925 -0.00271691 -0.000695741 0.000245097 0.00119564 0.000943721 0.000130462 
-0.000194187 -0.000726661 -0.00518767 -0.00140854 -2.03198e-05 0.000116234 0.00327967 -0.000113899 -0.00748014 -0.000514506 0.000182507 -7.99302e-05 -0.00465594 -0.00495174 0.00612062 0.000847274 -0.00330204 0.000426041 6.59604e-05 8.08581e-05 0.00191541 0.000176242 3.11888e-05 4.10004e-05 -8.84593e-05 -0.000176687 0.000178267 0.00133495 0.000231831 -9.33836e-05 0.000493682 0.000759308 0.0104297 -0.00248713 0.00264188 -6.41555e-06 9.76455e-05 0.00035672 -0.00404072 -0.000292957 0.00029843 3.44706e-05 0.000759728 0.00344247 -0.00328447 -0.000752159 7.67651e-06 -0.000983552 -0.00219069 0.0016439 -3.39445e-07 -0.00156238 -9.75489e-06 0.000294766 8.49108e-06 0.00461511 1.25246e-06 -0.00338414 -0.00194541 0.000410784 -0.0058519 -0.000156283 -0.000147795 -0.000295019 -0.000758286 -0.00052417 -1.66384e-05 0.0050712 -2.20428e-05 0.000180017 0.000295821 0.00131992 -0.00609816 0.00367757 -0.000885391 -3.13478e-05 0.000799099 0.00078468 2.94568e-05 0.000303333 0.00134061 -6.34675e-05 0.00130564 1.64475e-06 -0.00129915 0.000463102 0.00285113 6.59725e-05 0.00263825 -0.000411068 0.000684821 0.000393631 0.000256764 0.00485301 -0.00275775 -0.00030141 0.000267927 -3.05903e-05 0.000687073 -1.00398e-05 
0.000605035 0.00734524 0.0457023 -0.00488747 -0.00118447 -0.00670768 0.0107234 -0.00682962 0.0451455 0.00626522 -0.00261416 0.00477285 0.0207343 0.0645616 -0.0292668 -0.0478385 0.0433749 -0.0145551 -0.00129121 -0.00092294 -0.0089172 0.000270509 -0.000310302 -0.00685072 -0.00115261 0.00228052 0.00630661 -0.00304281 -0.0354779 -0.00730673 -0.0266942 -0.00666023 -0.00248713 0.131286 0.0150936 -0.0216187 0.0027117 -0.0223039 0.0617205 -0.0132936 -0.00544895 -0.00244854 -0.00571605 0.0372565 0.036464 -0.0152495 -0.00747251 0.0320288 0.0324002 -0.0662058 -0.000594216 -0.05073 -0.00123036 -0.0465726 -0.00156691 -0.000425457 -0.00413663 0.00344436 0.00583931 -0.0043717 0.0667334 -0.0146162 -0.00108476 0.0020494 0.00352714 0.00438415 -0.00239508 -0.00933054 -0.00107896 -0.00242941 0.0019921 -0.0300711 0.0298068 -0.0145803 0.0090655 -0.00157898 -0.00484805 -0.00103865 -0.00113917 -0.0018944 -0.0166848 -0.00624197 -0.0161425 -0.00278104 -0.0290553 -0.0319267 0.00984392 -0.000335312 0.019548 0.00405795 -0.00202651 -0.0122128 -0.0031921 -0.020711 0.016392 -0.0184113 -0.00204762 -0.00779285 -0.0434751 -0.000227786 
