0.230236 0.00382438 -0.01549 -0.00144939 -0.0787491 -0.0135313 0.153761 0.00496521 -0.183904 -1.5383e-05 -0.178032 -0.00375111 -0.094987 0.000730383 0.0883644 0.0124201 -0.0065266 -0.0208855 0.101858 -0.0145189 0.0905425 -0.00164703 0.00118813 -0.0202159 0.0965012 -0.00167707 -0.00451572 -0.0905271 0.000279743 0.050676 -0.00516028 0.0045413 -0.147076 -0.158563 -0.0905472 0.00782783 -0.0902816 -0.0146304 -0.00145 0.013474 0.0441395 0.0231086 -0.043987 0.0801948 -0.0364948 0.0212682 -0.00613997 -0.0072185 0.0143113 0.102453 0.000875522 0.0173191 0.0100807 0.0238306 0.00716683 0.00282331 -0.00872113 -0.00542694 0.00673599 0.00612285 0.0036277 -0.00710493 -0.00542886 0.100421 -0.107167 -0.0343073 0.0129166 0.0516339 -0.0399488 -0.0648165 -0.00286975 -0.0031592 0.00619862 0.0415989 -0.00175981 0.0177425 -0.0228433 0.000734073 -0.0301248 0.00563453 -0.000663446 0.00985517 -0.0080369 0.00219492 -0.149755 0.0273568 -0.000192444 -0.0139789 0.000454426 0.0697204 -0.0462176 -0.00128955 0.000570945 0.0351798 -0.00323156 0.0781805 0.0111902 0.0633304 0.130615 -0.00176136 
0.00382438 0.0152907 0.00175698 0.000253737 -0.00233424 -0.00046639 0.00123214 0.00121136 -0.00302633 4.14752e-05 -0.00286785 0.000441107 -0.000397795 6.37811e-05 -0.00175997 -0.00103334 0.000985391 -0.00503581 -0.00129269 -0.00108019 0.00711804 -1.28738e-05 0.000219649 1.48938e-05 0.00394448 -8.20872e-05 -0.000113862 -0.00478765 1.61438e-05 0.00322881 -0.000238651 -0.000154359 -0.00353938 -0.00402643 -0.00255331 -0.000971894 -0.00123613 -0.000317807 3.33394e-06 -0.000404988 -0.00185419 -4.42587e-05 -0.00464873 -0.000537877 -0.000887563 -0.00213532 -0.000621206 -0.00020005 -0.000283366 0.00279576 1.57229e-05 0.000914563 -0.00303077 0.000240902 0.00414063 -0.00048914 -0.000306707 -0.000148725 0.000545709 0.00112856 0.00184466 0.0014996 -0.000151728 0.00528483 -0.00395131 -0.00669402 0.000702756 0.00273101 0.000370677 0.00365583 -5.97275e-05 -0.00307308 -0.00537387 0.00442939 0.000292411 0.00271529 0.00189441 0.00015612 -0.00307592 3.50545e-06 -0.000382488 -2.98702e-05 -0.000806682 -0.000151137 -0.00510106 -0.00063966 2.24303e-06 -0.000257792 -0.00101424 -0.000740914 -0.00468858 0.00016093 0.000131129 0.00435842 -0.000215043 0.00435024 0.000233423 0.000703996 0.0028205 0.0015594 
-0.01549 0.00175698 0.0886624 0.000582337 0.00469632 -0.00203643 -0.012096 0.0073462 0.0176542 3.73928e-05 0.0189001 0.000441768 0.0223416 0.000178809 -0.0178816 -0.00810943 0.00739595 -0.0235099 -0.012605 -0.00577151 -0.00706868 -0.00109147 0.00157347 0.024101 -0.0100127 -0.000568291 0.00351855 0.018634 0.000475542 0.00071565 0.00851707 -0.000784515 0.0215801 0.0215148 0.00865224 -0.0020364 -0.0118059 -0.00233461 0.000139034 -0.000701957 -0.0146937 0.00361272 0.00106312 -0.0124905 -0.00348186 -0.0161291 -0.00293598 -0.000726465 -0.00135383 -0.0231383 0.00100221 -0.00332388 -0.0116716 -0.000928342 0.00190162 -0.00310963 0.00238121 -0.00133991 0.000947588 -0.00102297 -0.00302835 0.000873301 0.00214217 -0.0164469 0.0290851 -0.00209322 0.00145126 -8.17364e-05 -0.0002223 0.0175876 0.000136479 -0.0169443 -0.0274887 -0.00979399 -0.00320979 -0.00530886 0.00651319 0.00053665 -0.011727 -0.00164459 0.00225169 -0.000990241 0.000754157 0.00032447 0.0224816 -0.00278381 -0.000437515 -0.00271681 -0.00343184 -0.00725061 0.00511705 0.000154744 -9.69423e-05 -0.00232149 -0.000124671 -0.00836898 -0.00227869 -0.0127476 -0.010412 0.00246813 
-0.00144939 0.000253737 0.000582337 0.00440969 0.000399516 0.000455055 -0.00124068 0.000146263 0.00147231 4.99231e-06 0.00139928 0.000226509 0.00156619 3.05166e-05 -0.000959077 -0.000104918 0.000543132 -0.00135323 -0.00128183 -0.000131478 -0.00044833 8.37578e-05 0.000372733 0.000567562 -0.000721833 2.27901e-05 0.000420856 0.000630509 5.21217e-06 -0.000394448 0.000142908 -3.63957e-05 0.00127304 0.000973511 0.000656515 -0.000386149 0.000277327 -9.23912e-05 0.000132397 3.65178e-05 -0.000656016 -0.000241495 0.00106273 -0.000426228 0.000467345 -0.00119911 -9.69866e-05 5.09628e-05 -0.000151828 -0.00128768 3.11892e-05 -0.000115568 -0.000573797 -0.000212016 0.000172761 -5.534e-05 0.000310617 3.52567e-05 5.48903e-05 -0.000152669 -5.08182e-05 0.000353378 -4.72884e-06 -0.000350853 0.000355237 -0.00050455 -5.62683e-05 -0.000343269 -2.30252e-06 0.00104477 -1.079e-06 -0.000639944 -0.00149116 -0.000642961 -0.000168274 -0.000847611 0.00095075 -4.29014e-06 -0.000466891 -6.21135e-05 -3.95199e-05 -9.93318e-05 -0.000412542 1.58499e-06 0.000898712 -0.000162925 2.75484e-05 -1.24612e-06 0.000429802 -0.000585734 -0.000400354 -2.71562e-05 -5.13518e-06 -0.000219301 0.00013671 -0.000574978 -0.000133499 -0.00056587 -0.00106585 0.00023005 
-0.0787491 -0.00233424 0.00469632 0.000399516 0.188722 -0.00383852 -0.0618342 -0.00893587 0.0846575 -0.000887431 0.0892843 -0.00196119 -0.0107992 -0.000302094 -0.0499666 -0.00921855 -0.00241666 0.0195348 -0.0604213 0.0124915 -0.0325308 -0.000301907 -0.000669907 0.000274078 -0.0378823 -0.000254871 -0.00396809 0.0143932 -0.000704274 -0.0214507 0.00708921 -0.00221879 0.0397182 0.0882117 0.058988 -0.019302 0.0862931 -0.00720912 -0.000840705 -0.0153214 -0.0148417 -0.0114027 -0.000880077 -0.0363576 0.0538768 0.0293446 -0.00174202 0.0026326 -0.00833937 -0.0192706 -2.66993e-05 -0.00721475 -0.00832522 -0.0109944 -0.00582028 -0.00780015 -0.00789814 -0.001875 -0.002571 -0.0058363 0.000277547 0.000586602 -0.000699084 -0.0495602 0.0524553 -0.0422714 -0.00582076 -0.0226214 0.012055 0.0742622 0.00171692 -0.0365385 -0.034094 0.00579657 0.0130283 0.0201608 -0.00123625 -0.000317806 -0.0390644 -0.00188902 0.00314925 -0.00509819 0.00103647 -0.00255902 0.0292698 -0.0156929 -0.001049 0.00777807 -0.00930711 -0.0251585 0.0134863 0.00198592 -0.000372045 -0.0155148 -0.00159766 -0.0302564 -0.00757143 -0.0303667 -0.0555023 0.00202222 
-0.0135313 -0.00046639 -0.00203643 0.000455055 -0.00383852 0.063061 -0.0147333 0.000788886 0.0146118 -0.00022651 0.0140581 0.00303032 0.0127303 -8.7829e-05 -0.00464528 0.00245563 -0.00095077 0.00877972 -0.018489 -0.00339297 -0.00680556 0.00104477 -0.000964558 -0.00483723 -0.00691674 -0.000437926 0.00180914 0.0108186 0.000236809 -0.00574783 -0.00197135 0.000293899 0.0217206 0.0139903 -0.00464422 -0.000315245 -0.010677 -0.00223904 -0.00028497 -0.00364546 -0.00717242 -0.00364013 0.000952977 -0.0018629 -0.00796495 -0.0179541 -0.00252191 -0.00115485 -0.00230814 -0.0198691 -0.000399305 -0.00252045 -0.00135664 -0.00315541 0.000862999 0.0046503 0.00119382 -0.00105458 -0.00116317 -0.00144419 -0.00266111 -0.000300345 -0.000355832 0.00354703 -0.00632005 0.0178616 -0.00186409 -0.00654567 0.00689107 0.00323748 -0.00017082 0.00690246 -0.00209977 -0.0104578 -0.00309161 0.00158395 -0.000896786 -0.000191963 0.00886577 -0.000729216 -0.00137949 -0.00151285 -0.00477094 -0.000624407 0.02346 -0.0034932 -0.000769368 -0.00157859 0.000723556 -0.00779301 0.0133044 -0.000453915 -8.09214e-05 -0.000991177 0.00440441 -0.00800405 0.000551358 -0.00370753 -0.00990386 -0.000702027 
0.153761 0.00123214 -0.012096 -0.00124068 -0.0618342 -0.0147333 0.207536 0.00214068 -0.151096 0.000101294 -0.145008 -0.00299944 -0.0801174 -0.000403244 0.0685238 0.0215122 -0.00440948 -0.0195485 0.0784147 -0.0128578 0.0763183 -0.00144848 -9.20574e-05 -0.0207494 0.0910712 0.000372407 -0.00177274 -0.0881505 0.00010958 0.0391671 -0.00981291 0.00378415 -0.131129 -0.130626 -0.0705474 0.0235838 -0.0730015 -0.00980677 -0.00123454 0.0112872 0.0437202 0.0250413 -0.0421807 0.0734718 -0.0251969 0.0317181 0.00289186 -0.00565635 0.00643632 0.112549 0.00146056 0.0247024 -0.0061274 0.0300213 0.00532168 -0.00411745 -0.00730132 -0.00230795 0.00379241 0.00823103 0.00764516 -0.00549186 -0.00348971 0.0766958 -0.0866551 -0.0445452 0.0149538 0.0465434 -0.0314432 -0.0669797 -0.000942737 -0.00760505 0.000532217 0.0340431 0.00265817 -0.00493869 -0.0196093 0.00109376 -0.037387 0.004575 -0.00430622 0.00672655 -0.0180573 0.00133698 -0.130546 0.0308761 0.000959142 -0.0114926 -0.0105149 0.0782612 -0.0698188 -0.000486297 0.000606372 0.0344956 0.00108958 0.0734801 0.000736361 0.0532497 0.0759048 -0.00282282 
0.00496521 0.00121136 0.0073462 0.000146263 -0.00893587 0.000788886 0.00214068 0.0388587 -0.0102926 -9.33974e-05 -0.0101633 -5.45072e-05 -0.000646771 8.80855e-05 0.00866953 -0.00259393 0.00310293 -0.00794739 0.00708073 -0.00245217 -0.00042371 -0.000137491 0.00025065 -2.29467e-05 -0.000479763 -1.999e-08 0.00160828 0.00035483 0.000753995 0.0120703 -0.000221311 0.000305786 -0.00808811 -0.0123595 -0.00722943 -0.00362731 -0.0094712 -0.000960782 0.0007565 0.00250439 -0.00167896 0.00547421 -0.00373361 -0.00357107 -0.00515138 -0.0110797 -0.00132653 -0.000718286 -0.000620915 -0.00314684 5.95328e-06 -0.000612999 0.000407253 0.00194404 0.00258085 -0.00071649 0.00638035 0.000406646 0.00078776 0.00247536 -0.00231464 -0.000801608 0.00105693 -0.0037283 -0.00891226 0.0019915 0.00130963 0.00944094 -0.000136964 -0.00767214 -0.000202333 0.00608453 -0.00240384 0.000607694 -0.000376524 0.00288286 0.00242596 0.000507963 0.00264587 -0.000289983 0.000656024 -0.000618927 0.00480277 0.000645175 -0.0065528 0.00149245 1.42093e-05 -0.00201775 0.00140912 -0.00157625 -0.00490503 1.93569e-05 -3.68638e-05 3.1787e-07 -0.000466281 -0.0015534 0.00267593 -0.00108492 0.00870016 0.001374 
-0.183904 -0.00302633 0.0176542 0.00147231 0.0846575 0.0146118 -0.151096 -0.0102926 0.24442 -0.000207638 0.20553 0.0033202 0.103479 -0.0010886 -0.103442 -0.0213439 -0.000453876 0.0301089 -0.127229 0.00137434 -0.0855858 0.00283433 -0.00501194 0.026983 -0.0944126 -0.00187061 -0.0016218 0.0963271 -0.00160764 -0.0500535 0.00258151 -0.00753099 0.173268 0.183396 0.100018 -0.0129416 0.0916135 0.00486674 -0.0017518 -0.0408571 -0.0469726 -0.0318553 0.0396558 -0.0749873 0.0371045 -0.0241594 -0.012993 0.00798686 -0.0202953 -0.095943 -0.00099664 -0.0219805 -0.0126403 -0.0286887 -0.0123491 -0.00279574 0.00597385 -0.00565963 -0.00995505 -0.0106374 -0.00139661 0.00756257 0.000327262 -0.0806374 0.12152 0.0370115 -0.0168483 -0.0530412 0.0318211 0.0829434 0.000445807 -0.0140724 -0.0252842 -0.0405931 0.00310182 -0.0281648 0.0211094 -0.00142828 0.0157273 -0.00658426 -0.00071098 -0.0135024 0.0080411 -0.00598008 0.170499 -0.030767 -0.0048619 0.0117313 -0.0104527 -0.0674558 0.0561689 0.00118166 -0.000880939 -0.0389332 0.000527622 -0.0783098 -0.0131169 -0.0729694 -0.123874 -0.000853386 
-1.5383e-05 4.14752e-05 3.73928e-05 4.99231e-06 -0.000887431 -0.00022651 0.000101294 -9.33974e-05 -0.000207638 0.00426049 -0.000138478 7.53439e-05 0.000411022 8.77625e-07 -0.000667581 -0.000285701 0.000117488 -0.00177364 -0.000860143 -0.00022934 0.00104036 0.000144634 0.000110267 4.99097e-05 -0.000146133 3.14982e-05 0.000140956 -0.000696131 7.22587e-05 -0.0001453 4.40457e-05 7.50587e-05 -4.49681e-05 -0.00028892 -0.000420207 0.00077448 -0.000538196 0.000217907 1.54609e-05 0.000313545 -0.000265935 -5.21368e-05 0.00108338 0.000428974 -0.000389988 -0.00110412 -5.58825e-05 -2.12309e-05 -3.55937e-05 -0.000300426 4.36617e-05 0.000651074 -0.000716967 -0.000157971 0.000274724 -0.000102962 -6.91329e-05 0.000160188 8.35355e-05 -7.62362e-05 0.00126921 0.000135155 0.000336345 0.000378549 -0.000755169 -0.000806223 0.000154419 0.000567704 0.000274447 -0.000924064 -2.00158e-05 -0.000123775 -0.00054215 -0.000366316 8.19153e-05 -0.00072294 0.000104168 1.63309e-05 0.000360565 -5.85629e-05 -0.000107768 0.000193426 -0.000430415 5.00947e-05 9.64845e-05 0.00118054 0.000218059 -0.000117548 0.000153316 0.000457304 -0.000248926 3.45207e-05 2.35812e-05 1.26462e-05 -7.40656e-05 4.48697e-05 3.34608e-05 -0.000189004 -0.000480728 -2.05119e-06 
-0.178032 -0.00286785 0.0189001 0.00139928 0.0892843 0.0140581 -0.145008 -0.0101633 0.20553 -0.000138478 0.249133 0.003894 0.115646 -0.000906968 -0.123622 -0.014564 -0.000766151 0.0383656 -0.142037 -0.000361528 -0.0814163 0.0031147 -0.00435631 0.0312507 -0.0891729 -0.00236223 -0.000967514 0.085565 -0.00145083 -0.0487286 5.4372e-05 -0.00702683 0.155331 0.189517 0.10604 -0.0187434 0.108741 0.00302718 -0.00194399 -0.0406055 -0.0427401 -0.0291587 0.0356616 -0.0737364 0.041814 -0.0125573 -0.0137131 0.00909993 -0.0216963 -0.0811018 -0.000780176 -0.0208801 -0.0329158 -0.027725 -0.0100566 -0.0101632 0.00569428 -0.00501036 -0.00970229 -0.00864941 0.00142594 0.00802968 0.00045601 -0.0774345 0.120336 0.021987 -0.0158092 -0.0525659 0.036108 0.0882344 0.000479573 -0.0183404 -0.0473114 -0.0303808 0.00632779 -0.0158755 0.0248605 -0.00127346 0.00172516 -0.00603138 -0.00532985 -0.0123535 -0.00311332 -0.00502358 0.160664 -0.0298921 -0.00419382 0.0104102 -0.0172093 -0.063503 0.0395666 0.00175249 -0.000808133 -0.0352615 -0.000890674 -0.0715844 -0.0110731 -0.070681 -0.12286 0.00114204 
-0.00375111 0.000441107 0.000441768 0.000226509 -0.00196119 0.00303032 -0.00299944 -5.45072e-05 0.0033202 7.53439e-05 0.003894 0.012909 0.00379865 -9.21684e-06 -0.00325064 -0.000158905 0.000142006 -0.00150392 -0.00348738 -0.000426048 -0.000446447 0.000486347 -0.000115718 -0.000216286 -0.00194629 2.92717e-05 0.000617742 0.00128843 9.19175e-05 -0.00066573 -0.000252074 -4.05156e-05 0.00316491 0.00208834 -0.00168183 -0.000419489 0.000992021 -0.000216119 4.95597e-05 0.000167397 -0.00258898 -0.000362882 0.00140294 -0.00186043 -0.000374025 -0.00380309 -8.18633e-05 0.000125871 -0.000125084 -0.00303662 -5.10807e-05 -0.000269124 -0.00186135 -0.000464266 0.00250188 -0.00012339 0.000333607 0.000128344 -0.000110149 -0.000224211 5.4372e-05 0.000332366 0.000553605 -0.00195608 -0.0024236 0.00156879 -0.000349971 -0.000495997 0.00243578 0.000349726 -8.33057e-06 1.93878e-05 -0.0013951 -0.00172065 0.00017878 -0.000114112 0.00355838 -3.35028e-05 -0.000161554 0.000163455 -0.000136339 -9.90461e-05 -0.000828166 0.000239186 0.002622 -7.25773e-05 0.000114335 -0.00025667 0.000194491 -0.00132185 -9.58681e-05 4.78703e-06 2.04921e-05 0.0013726 0.000174825 -0.000407513 -0.000149241 -0.00178049 -0.00318108 0.00022226 
-0.094987 -0.000397795 0.0223416 0.00156619 -0.0107992 0.0127303 -0.0801174 -0.000646771 0.103479 0.000411022 0.115646 0.00379865 0.200579 -0.000281473 -0.0682534 -0.00698278 0.0099414 0.00661838 -0.0843649 -0.00594288 -0.037955 -0.00105101 0.00162954 0.0286337 -0.0462952 0.000676546 0.00300583 0.0480608 0.00033864 -0.0254392 -0.00408462 -0.00246726 0.0932409 0.0977817 0.0612091 -0.0101739 0.0245376 0.00821871 0.00231355 -0.0142616 -0.0246851 -0.0149829 0.0110114 -0.0372703 -0.00807997 -0.0508974 -0.0110375 0.00177748 -0.0110221 -0.0737332 -0.000120619 -0.0104652 -0.0254634 -0.0141075 0.00249735 -0.00730448 0.0131232 0.000721909 -0.00158039 -0.00500413 -0.000140764 0.00688812 0.00578022 -0.040207 0.0767267 0.0293592 -0.00285882 -0.0283511 0.0200367 0.0290263 0.000510867 -0.0112994 -0.0514406 -0.0343363 2.33106e-05 -0.0194476 0.0413407 -0.000499257 0.0233017 -0.00390176 -0.0078426 -0.00603707 -0.0116541 -0.00199192 0.0998369 -0.0141946 -0.000719378 0.00533288 -0.0128918 -0.032904 0.0140398 -0.000899384 -0.000214569 -0.0106173 -0.0027477 -0.0350262 -0.00754586 -0.0343016 -0.0675489 0.00178187 
0.000730383 6.37811e-05 0.000178809 3.05166e-05 -0.000302094 -8.7829e-05 -0.000403244 8.80855e-05 -0.0010886 8.77625e-07 -0.000906968 -9.21684e-06 -0.000281473 0.00261332 0.00104979 -0.000224647 0.000410396 -0.000419496 0.000869983 3.57708e-05 -0.000245568 -1.58802e-05 6.62448e-05 -0.000193472 -0.000440408 -1.34102e-05 1.34488e-05 0.0002916 0.000152664 0.000374323 0.000395381 -2.55009e-05 -0.000676631 -0.00110432 -0.000610647 -0.000214456 -0.000703491 -0.000136655 6.12114e-05 0.000157314 -0.000360153 -4.94011e-05 -0.000506954 -0.000390584 -0.000275298 -0.000177828 -8.42063e-05 -5.31682e-05 0.000502476 -0.000509226 -1.04417e-05 -8.80988e-05 0.00142016 0.000258883 9.33369e-05 6.96774e-06 7.80497e-05 -4.04389e-06 -3.95723e-05 7.05527e-05 -0.000150745 -1.45558e-05 -3.40018e-05 5.61866e-05 -0.000839936 -0.000297132 3.00646e-05 -0.000195113 0.000309832 -0.000840289 1.37972e-05 0.000507867 0.000819386 -0.000217995 -0.00011949 0.000616002 0.000191982 4.18273e-06 0.000148653 -3.31948e-05 -5.37731e-06 -5.401e-05 0.000236414 -2.66249e-05 -0.00103846 -0.000147495 -2.29723e-05 -0.000116853 -5.4645e-05 -0.000339095 0.00118526 1.02576e-05 -1.0891e-06 -0.000180446 1.0619e-05 -5.76081e-05 0.000232514 -0.000364385 0.00099479 0.000422353 
0.0883644 -0.00175997 -0.0178816 -0.000959077 -0.0499666 -0.00464528 0.0685238 0.00866953 -0.103442 -0.000667581 -0.123622 -0.00325064 -0.0682534 0.00104979 0.202916 -0.00926308 -0.00507294 -0.0223881 0.129337 0.0101974 0.0137288 -0.00487114 -0.00356208 -0.0237759 0.0202043 -0.000844892 8.54634e-05 -0.00201678 -0.00103328 0.0400494 -0.000481543 0.00254792 -0.082035 -0.104288 -0.0618088 0.0195638 -0.0755352 -0.00799936 -0.00129827 0.0107017 0.0314835 0.00591276 0.00899376 0.0243987 -0.0279819 0.00845525 0.00195972 -0.00558348 0.0129242 0.0285675 -0.000372877 0.00366234 0.028211 0.0136196 -0.00613386 0.002615 -0.0043962 -0.000100879 -0.000850387 0.0060814 -0.0124967 -0.00494889 -0.00190812 0.0234601 -0.069101 0.0398207 -0.0100004 0.0135778 -0.0204575 -0.0395078 -0.00206919 0.0162963 0.0790749 0.0168969 -0.0103446 0.0262933 -0.020313 -0.000607355 0.0124652 0.00190731 0.00760277 -0.00302355 0.00702616 0.00083372 -0.0841023 0.00541982 -0.00182235 -0.0102173 0.00962104 -0.00461318 -0.00775701 -0.00199708 -0.000295478 -0.0118574 -0.000718723 -0.0156199 0.00676618 0.0264253 0.0771054 -0.00349623 
0.0124201 -0.00103334 -0.00810943 -0.000104918 -0.00921855 0.00245563 0.0215122 -0.00259393 -0.0213439 -0.000285701 -0.014564 -0.000158905 -0.00698278 -0.000224647 -0.00926308 0.106778 -0.00167656 0.00311955 -0.0119915 0.00333746 0.00889067 -0.00133356 -0.00123191 0.00208029 0.0193394 0.000462853 -0.00214727 -0.0290928 -0.000491068 -0.00709488 -0.0048154 0.00110947 -0.0221286 -0.0245753 -0.0151694 -0.00351543 -0.0133114 0.000296393 0.000701278 0.00252044 0.022048 0.00191173 -0.0249699 0.0231523 -0.00441234 0.0132123 -0.00265449 -0.00237812 -0.00274512 0.0311119 -0.000539724 0.0024935 -0.00526513 -0.00137274 -0.000571307 -0.00205243 -0.000738052 0.0004877 -0.00164787 0.00119186 0.00507791 -0.00171378 -0.000289957 0.0293955 -0.0218152 -0.0144989 0.000757565 -0.00365785 -0.0068321 -0.00712513 0.0020864 0.00229291 -0.0126018 3.86994e-05 0.00859049 0.00434828 -0.000158379 -0.000238022 -0.0171656 -0.000754112 -0.00278321 0.00240151 -0.00840867 -0.000639292 -0.0208385 -0.00155669 0.000152248 0.00250562 -0.00634546 0.0167936 -0.0194402 -0.000164623 0.000204473 0.00927516 0.0041836 0.0230197 0.00261917 0.0252704 -0.00969927 -0.0011139 
-0.0065266 0.000985391 0.00739595 0.000543132 -0.00241666 -0.00095077 -0.00440948 0.00310293 -0.000453876 0.000117488 -0.000766151 0.000142006 0.0099414 0.000410396 -0.00507294 -0.00167656 0.0230675 -0.00565585 -0.00508943 1.93676e-05 -0.000464096 -9.79813e-05 0.00621211 0.00113627 -0.00287551 0.00225483 0.00413444 -0.000675454 0.00178045 -0.00133662 -0.000274274 0.00141385 -0.000562288 -0.00391717 0.00382571 0.000855005 -0.00338367 0.00190308 0.00325869 0.00730058 -0.00407532 0.000757898 -0.00510543 -0.00358643 -0.0018286 -0.00703679 -7.44499e-05 -0.00039752 -0.000521028 -0.00629252 5.04192e-05 0.000397918 -0.0005797 0.000919482 0.00616579 -0.000723311 0.00321121 0.00426176 0.00430333 0.000641392 -0.000955193 -0.000271844 0.0048735 -0.00402818 -0.00162609 -0.00646697 0.00566262 -0.00137515 0.00315144 -0.00655649 0.000586796 -0.00442523 -0.00543037 -0.0028183 -0.000712336 0.000247255 0.00635881 0.000465582 -0.000138176 -0.000386957 6.38673e-05 -0.000384135 -0.0011669 0.000790415 -0.00284188 -0.000431942 0.00051265 -0.000609337 -0.00114284 0.00107116 -0.00344322 0.000439112 0.000195341 0.00237837 -0.000261762 -0.00146071 0.000158363 -0.00330237 -0.00419601 0.00379382 
-0.0208855 -0.00503581 -0.0235099 -0.00135323 0.0195348 0.00877972 -0.0195485 -0.00794739 0.0301089 -0.00177364 0.0383656 -0.00150392 0.00661838 -0.000419496 -0.0223881 0.00311955 -0.00565585 0.249721 -0.049649 0.00756859 -0.0227117 -0.00278582 -0.00345067 0.00477375 -0.0147398 -0.00334507 -0.00505378 0.00819954 -0.000609539 -0.0362344 -0.00156259 -0.00359795 0.00296436 0.0251935 0.0429683 -0.0188945 0.0407881 -0.0213009 -0.00198017 -0.0248323 0.0404573 -0.0235871 -0.00247202 -0.00719255 0.0167804 0.0488476 -0.0149567 0.00121421 -0.017961 0.00569609 -0.00189253 -0.017114 0.0319214 -0.0204837 -0.00524462 -0.00938123 -0.00209157 -0.00573418 -0.00606636 0.00121033 0.00168993 -0.00617908 -0.00752649 0.0127597 0.00791748 0.00125746 -0.0103307 -0.0354729 -0.00805708 0.00899841 -0.00143199 -0.0427333 -0.0102739 -0.00420809 0.000730746 -0.00583193 -0.00398855 -0.00148122 0.0033709 0.00191155 -0.00680162 -0.00343851 0.0308457 -0.00417907 -0.00284916 -0.0217217 -0.00321328 -0.0136351 -0.0279957 -0.000941207 0.00179621 -0.000948603 -0.000659193 -0.0093111 0.0024935 -0.0049896 0.00677266 0.0129544 -0.0317866 -0.00339771 
0.101858 -0.00129269 -0.012605 -0.00128183 -0.0604213 -0.018489 0.0784147 0.00708073 -0.127229 -0.000860143 -0.142037 -0.00348738 -0.0843649 0.000869983 0.129337 -0.0119915 -0.00508943 -0.049649 0.218769 0.00272589 0.0122731 -0.00316299 -0.00220819 -0.027352 0.0181142 0.000564458 0.00037621 0.00133798 -0.000851888 0.0513192 0.005445 0.00101516 -0.0923146 -0.119255 -0.076055 0.0091358 -0.0871458 -0.00121015 -0.000853621 0.020372 0.000272288 0.020481 0.0136503 0.0122598 -0.0362783 0.0213196 0.0205717 -0.00620334 0.0245409 0.0373288 -0.000460168 0.00573871 0.0407666 0.0217436 -0.00536426 0.00685712 -0.00931082 0.00343606 -0.000760341 0.00695655 -0.0154965 -0.00587839 -0.00321169 0.01269 -0.0777629 0.0278814 -0.00934398 0.0305305 -0.0238955 -0.0629549 -0.00103088 0.0496588 0.09301 0.0157406 -0.0101114 0.0221076 -0.0237615 4.96119e-05 0.0271743 0.00239084 0.0103681 0.00292923 0.000619196 0.00457566 -0.0945968 0.0152132 6.49876e-05 -0.00960844 0.0239781 0.00501701 -0.00473316 -0.0016769 -0.000245268 -0.00997673 -0.00268703 -0.000970063 0.00106337 0.00823817 0.101259 -0.00396693 
-0.0145189 -0.00108019 -0.00577151 -0.000131478 0.0124915 -0.00339297 -0.0128578 -0.00245217 0.00137434 -0.00022934 -0.000361528 -0.000426048 -0.00594288 3.57708e-05 0.0101974 0.00333746 1.93676e-05 0.00756859 0.00272589 0.0841461 -0.011072 -0.00136862 -0.000938366 -0.00844803 0.000755591 -0.000345663 -7.17216e-05 -0.00527318 -0.000372885 -0.00815003 -0.00290926 -1.05253e-05 -0.0270873 -0.0139815 0.00643833 0.00767277 0.000363246 -0.00169311 -0.000236889 0.0104023 0.0332546 -0.00236823 -0.0178765 0.00398716 0.00718088 0.02057 -0.00111541 -0.00183018 -0.00181018 -0.000375073 -0.000387781 -0.00321183 0.012463 -0.00305762 -0.00116812 -0.00107113 -0.000116649 0.00303391 0.000549106 0.00478516 -0.00400912 -0.001609 -0.000143458 -0.0181765 -0.011598 0.00428009 -0.000667115 -0.0073563 0.00120424 -0.0101153 4.44228e-05 -0.00473872 0.0282995 0.0146627 -0.00128488 0.0218178 -0.00212077 -0.000209295 -0.00833618 0.00125443 0.00748965 -0.00116722 -0.00378153 -0.00135128 -0.0296878 -0.00391463 0.000212189 -0.0033203 -0.00330818 -0.0107359 -0.0082407 0.00165674 -0.0001447 -0.00401801 7.82463e-05 -0.00937565 -0.00163554 0.0166626 -0.0157183 -0.000738154 
0.0905425 0.00711804 -0.00706868 -0.00044833 -0.0325308 -0.00680556 0.0763183 -0.00042371 -0.0855858 0.00104036 -0.0814163 -0.000446447 -0.037955 -0.000245568 0.0137288 0.00889067 -0.000464096 -0.0227117 0.0122731 -0.011072 0.144574 -0.00151419 0.00500558 -0.00872716 0.0865623 0.000154451 -0.000719588 -0.101314 6.50503e-05 0.00922128 -0.00648327 0.00431653 -0.0793477 -0.0731629 -0.0400755 0.0160875 -0.0257033 -0.00318542 -0.000226742 0.0228993 0.00937926 0.0266111 -0.0406213 0.0513371 -0.00571365 -0.0199429 -0.00174936 -0.00338075 0.000782772 0.0475794 0.000888171 0.0238009 -0.0296031 0.011123 0.0163096 -0.00494939 -0.00339539 -0.00138349 0.0116286 -0.00530453 0.0107063 -0.00058481 -0.00132074 0.0600473 -0.0548243 -0.0755621 0.0203807 0.046237 -0.0185262 -0.0283761 -0.000881963 -0.030034 -0.0486876 0.0335099 0.00904961 0.00429528 -0.00456226 0.0013331 -0.0266254 -0.00129315 -0.00447993 0.011432 -0.0132371 0.000963054 -0.0809624 0.0263593 0.0050104 -0.00641934 -0.00852938 0.0631342 -0.0565075 -0.00044779 0.000980231 0.0476672 -0.000626025 0.0800575 0.00440132 0.0398564 0.0415941 0.000913272 
-0.00164703 -1.28738e-05 -0.00109147 8.37578e-05 -0.000301907 0.00104477 -0.00144848 -0.000137491 0.00283433 0.000144634 0.0031147 0.000486347 -0.00105101 -1.58802e-05 -0.00487114 -0.00133356 -9.79813e-05 -0.00278582 -0.00316299 -0.00136862 -0.00151419 0.0215778 -0.000321719 -0.00115599 -0.000859054 6.12968e-05 3.46437e-05 0.000127858 -4.87642e-05 -0.0010075 -0.000609934 -0.000184542 0.003169 0.00276273 -0.00146162 -0.000121672 0.00236066 0.000479494 6.42558e-05 -0.000898553 -0.00192741 -0.000966347 0.00137707 -0.000691759 -0.00155011 0.00187806 -0.000456403 0.000233336 -0.000674115 -0.000692831 -8.40642e-05 -0.000753918 -0.000840759 0.000335481 -0.000579296 0.000686827 -0.000491692 -0.000131397 -0.000397421 -0.000399433 -5.36488e-06 0.000344652 -0.000139267 2.26565e-05 -0.00221138 -9.71666e-05 -0.000757432 -0.00146552 0.00184978 0.000654663 -7.51309e-05 -0.00126172 -0.00098242 0.000264367 0.000272407 -0.00331902 -0.000994248 4.51906e-05 -0.0033698 0.00058429 -0.000396418 0.000187866 0.00122764 -0.000142134 0.00299303 -0.00124477 2.69982e-05 0.000176974 -0.000502988 1.73003e-05 0.0021135 5.50383e-05 2.19432e-06 -0.000995439 -4.02233e-05 0.00216938 0.000472885 -0.000198767 -4.80073e-05 5.61291e-05 
0.00118813 0.000219649 0.00157347 0.000372733 -0.000669907 -0.000964558 -9.20574e-05 0.00025065 -0.00501194 0.000110267 -0.00435631 -0.000115718 0.00162954 6.62448e-05 -0.00356208 -0.00123191 0.00621211 -0.00345067 -0.00220819 -0.000938366 0.00500558 -0.000321719 0.0194682 -0.000144611 0.00290473 0.00118599 0.00226301 -0.00592303 0.000872274 -0.000666304 0.00200839 0.000875912 -0.00648454 -0.00417761 0.000936097 -0.00109895 7.01878e-05 0.00036434 0.00193297 0.0076579 -0.00192798 0.00431508 -0.00579402 -0.0020792 -0.000260865 -0.00549309 -0.000607893 -0.000182915 0.000452351 -0.00539842 -9.70894e-05 0.00171201 -0.00352187 0.000132665 0.00663201 -0.000610154 0.000828296 0.00253397 0.00494917 -0.000714024 -0.000715495 5.80724e-05 0.00297118 -0.00094178 -0.00104954 -0.00804058 0.0072907 0.00380799 0.000260662 -0.00318853 0.000116444 -0.0045995 -0.00708978 -0.0019605 -0.000747681 -0.000532517 0.00444783 0.00040422 -0.00300768 -0.00023179 0.00115 0.000571477 -0.00152172 0.000676584 -0.00604771 0.000804125 0.00102082 -0.000595321 -0.000594128 0.00331984 -0.00601037 -8.02073e-05 0.000470994 0.00719488 -0.000399576 0.00248126 0.000627589 -0.00161146 -0.0012196 0.00189285 
-0.0202159 1.48938e-05 0.024101 0.000567562 0.000274078 -0.00483723 -0.0207494 -2.29467e-05 0.026983 4.99097e-05 0.0312507 -0.000216286 0.0286337 -0.000193472 -0.0237759 0.00208029 0.00113627 0.00477375 -0.027352 -0.00844803 -0.00872716 -0.00115599 -0.000144611 0.0879094 -0.00866271 -0.00056732 0.00166472 0.0101977 6.33618e-05 -0.00810651 0.00298062 -0.00030044 0.0286926 0.0325158 0.0119401 -0.00560154 -0.00409623 -0.00425938 -8.9353e-05 -0.00532537 -0.0164202 -0.00299166 0.00254719 -0.0107348 -0.00550103 -0.00862655 -0.00399365 -0.00132401 -0.0033102 -0.0188516 -7.42916e-05 -0.00234992 -0.0178713 -0.00533358 -0.000475858 -0.00250582 -0.000408761 -0.00142391 -0.00197439 -0.00336945 0.00765841 0.0024332 0.00241052 -0.00299575 0.0307272 -0.00561179 -0.00111574 -0.00501979 -0.00821783 0.0108759 -0.000690048 -0.0169816 -0.0316283 -0.0144524 0.00300129 -0.0141634 0.00816786 -0.000236848 -0.00373793 -0.00176204 -0.0016082 -0.00180984 0.011272 -8.0957e-06 0.0321635 -0.00443661 0.00110428 0.00292518 -0.00597876 -0.00157145 0.00741845 0.000302903 -7.39732e-05 -0.000407438 -0.00144149 -0.00610354 0.00134374 -0.00898454 -0.0212971 0.000542375 
0.0965012 0.00394448 -0.0100127 -0.000721833 -0.0378823 -0.00691674 0.0910712 -0.000479763 -0.0944126 -0.000146133 -0.0891729 -0.00194629 -0.0462952 -0.000440408 0.0202043 0.0193394 -0.00287551 -0.0147398 0.0181142 0.000755591 0.0865623 -0.000859054 0.00290473 -0.00866271 0.14213 0.000134833 -0.00247394 -0.111198 3.62153e-05 0.012458 -0.00742913 0.000963622 -0.0886561 -0.0804291 -0.0410885 0.0164124 -0.0435435 -0.00638288 -0.000505237 0.0148603 0.0372567 0.0203088 -0.0427291 0.0897462 -0.00564161 -0.0188091 -0.00120296 -0.00343876 -0.00239516 0.0727986 0.000747245 0.0184003 -0.0325373 0.00919305 0.00710778 -0.00400912 -0.00357444 -0.000198408 0.0106914 -0.00364081 0.00443508 -0.00278844 -0.00182215 0.0606382 -0.0528548 -0.060932 0.0182683 0.0365354 -0.0197296 -0.043916 -0.00144194 -0.010769 -0.0341193 0.0231319 0.00364221 -0.00789193 -0.0119771 0.00118622 -0.0292622 0.000860415 -0.00473769 0.00789742 -0.016674 -0.00143163 -0.0830106 0.0182415 0.00364705 -0.00649198 -0.00774556 0.0703645 -0.0595955 -0.000490654 0.000506336 0.0376126 -0.00097835 0.0784052 0.00363147 0.07798 0.0347781 -0.000297052 
-0.00167707 -8.20872e-05 -0.000568291 2.27901e-05 -0.000254871 -0.000437926 0.000372407 -1.999e-08 -0.00187061 3.14982e-05 -0.00236223 2.92717e-05 0.000676546 -1.34102e-05 -0.000844892 0.000462853 0.00225483 -0.00334507 0.000564458 -0.000345663 0.000154451 6.12968e-05 0.00118599 -0.00056732 0.000134833 0.00796263 -9.88609e-05 -0.00234635 0.000641517 -0.00056846 -0.000197535 0.000963354 -0.00190911 -0.00193534 0.000462449 0.00284256 -0.00116496 0.00316916 0.00197724 0.00113219 -0.00159909 0.000609999 -0.000858564 -0.000430334 -0.000518761 -0.00172616 0.00224428 -0.000104536 0.000182622 0.000240864 -2.46015e-05 0.00294115 -0.001546 0.000148311 0.000138381 -0.000214562 -0.000141871 0.00342444 0.000433331 -0.000133213 0.000102756 -8.10503e-05 0.00280938 -0.000522772 0.000862667 -0.00284096 0.00125946 0.000510843 -0.000199224 -0.00308824 0.000483226 -0.000471685 0.000361786 -0.00080345 -0.000297931 -0.000772824 0.000202342 9.22446e-06 -0.00122102 -0.000116806 -7.90123e-05 -0.000120314 -0.000518335 8.24207e-05 -0.00181831 0.000820325 0.000184915 -0.000209689 -0.000246478 0.00181333 -0.00158269 0.000113413 4.91763e-05 -0.000413776 8.34604e-05 -0.000362721 2.00311e-05 -0.000490967 -0.00147003 0.000381588 
-0.00451572 -0.000113862 0.00351855 0.000420856 -0.00396809 0.00180914 -0.00177274 0.00160828 -0.0016218 0.000140956 -0.000967514 0.000617742 0.00300583 1.34488e-05 8.54634e-05 -0.00214727 0.00413444 -0.00505378 0.00037621 -7.17216e-05 -0.000719588 3.46437e-05 0.00226301 0.00166472 -0.00247394 -9.88609e-05 0.0208126 0.00308703 4.215e-05 0.00080994 -0.000362144 4.09632e-05 0.000532549 -0.00123152 -0.00181005 0.000548191 -0.00432596 -0.000318288 0.000225863 0.00647142 -0.00403784 -0.000281068 0.000981849 -0.00285965 -0.00180192 -0.00331129 0.000694343 3.38728e-05 1.64832e-05 -0.00575687 -4.56505e-05 -0.000580159 -0.00222671 -0.000297358 0.0041825 -0.000246223 0.000865829 0.0032039 0.00146371 -0.00041814 -0.00117053 0.00053815 0.00329856 -0.00350662 -0.000693027 0.0024097 0.00227985 -0.000569087 -0.000485053 -0.000361672 -0.000178316 -0.00237367 -0.00268498 -0.00325346 -0.000950566 -0.00121621 0.00251597 9.62018e-05 0.00392916 -0.000124337 3.21044e-05 -0.00033232 -0.000920898 0.000373742 0.00125474 0.000252226 0.000605716 -0.00103867 0.000813054 -0.00181536 -0.00342579 -5.37784e-05 0.000106639 0.00292589 0.000217743 -0.00111419 -0.000518588 -0.001817 -0.00387861 0.000562486 
-0.0905271 -0.00478765 0.018634 0.000630509 0.0143932 0.0108186 -0.0881505 0.00035483 0.0963271 -0.000696131 0.085565 0.00128843 0.0480608 0.0002916 -0.00201678 -0.0290928 -0.000675454 0.00819954 0.00133798 -0.00527318 -0.101314 0.000127858 -0.00592303 0.0101977 -0.111198 -0.00234635 0.00308703 0.200906 -0.00132431 -0.00850375 0.010457 -0.00498827 0.127003 0.0788494 0.0209362 -0.018073 0.00161061 0.00197402 -0.00288242 -0.021798 -0.052806 -0.0288452 0.0698818 -0.0807738 -0.0199535 -0.0142266 -0.000822602 0.00415836 -0.00207888 -0.102773 -0.00146359 -0.0259113 0.04514 -0.0175165 -0.0140493 0.0076134 0.00466704 -0.00204076 -0.0135482 0.00401655 -0.0204402 0.00339728 0.000687843 -0.0613029 0.065375 0.116744 -0.0242639 -0.0449362 0.0295953 0.026959 0.000509679 0.0323149 0.0708254 -0.0660968 -0.0235979 -0.0208938 0.00510807 -0.0015562 0.0523864 -0.00572542 0.00528214 -0.0147851 0.0187413 -0.00130416 0.120776 -0.0272385 -0.00730725 0.00641082 0.0155171 -0.0824734 0.0931097 -0.000752123 -0.000964646 -0.0476202 0.00100061 -0.0992523 -0.00427319 -0.0706985 -0.0360113 -0.00339434 
0.000279743 1.61438e-05 0.000475542 5.21217e-06 -0.000704274 0.000236809 0.00010958 0.000753995 -0.00160764 7.22587e-05 -0.00145083 9.19175e-05 0.00033864 0.000152664 -0.00103328 -0.000491068 0.00178045 -0.000609539 -0.000851888 -0.000372885 6.50503e-05 -4.87642e-05 0.000872274 6.33618e-05 3.62153e-05 0.000641517 4.215e-05 -0.00132431 0.00522754 -0.000298826 -0.000151622 0.000539838 -0.000793202 -0.00110389 -0.000434081 -4.68196e-05 -0.00107994 0.000265246 0.000860661 0.000176567 -0.000432728 0.000442916 -0.00114262 -4.7252e-05 -0.000185265 -0.00106764 -5.18226e-06 -7.40148e-05 9.31879e-05 -0.000635099 -8.74531e-06 0.000692174 0.000597523 0.000320386 6.12366e-05 -2.28454e-05 0.000561422 0.00057978 -5.06003e-05 0.000360462 0.000645359 -2.08244e-05 0.000561512 0.000294333 -0.00074668 -0.00226301 0.000795534 1.48539e-05 0.000364433 -0.00169683 9.1582e-05 -0.000545856 -0.00140504 -0.000518953 -0.00014928 -0.000401042 0.00073486 1.84108e-05 -0.000682146 -5.50928e-05 8.66659e-06 0.000164896 0.00033147 0.000315698 -0.00141799 0.00073127 4.12578e-05 -0.000176884 -0.000146603 0.00201117 -0.000302958 0.000182986 6.94618e-05 -0.000157778 4.94684e-06 0.000594127 0.000959363 -0.000207267 0.000180253 0.00104018 
0.050676 0.00322881 0.00071565 -0.000394448 -0.0214507 -0.00574783 0.0391671 0.0120703 -0.0500535 -0.0001453 -0.0487286 -0.00066573 -0.0254392 0.000374323 0.0400494 -0.00709488 -0.00133662 -0.0362344 0.0513192 -0.00815003 0.00922128 -0.0010075 -0.000666304 -0.00810651 0.012458 -0.00056846 0.00080994 -0.00850375 -0.000298826 0.0897461 0.00123631 2.29069e-05 -0.042823 -0.0424541 -0.0250675 -0.00297466 -0.0273868 -0.00490341 -0.000293347 0.0027572 -0.00881994 0.0116746 -0.00139672 0.00575757 -0.0128711 0.00109762 -0.00160877 -0.00194799 0.00573617 0.0276068 0.000261939 0.00123397 -0.00833817 0.0158579 0.000971381 -0.00221174 -0.00251422 -0.000810093 0.00497351 0.00557737 -0.0039286 -0.00210322 -0.000615668 0.00820948 -0.0308435 -0.0105615 0.000999016 0.0233733 -0.0110192 -0.0125757 -0.000847846 0.0190535 0.00331881 0.0229693 -0.00128777 0.0223098 -0.00647712 0.00105804 -0.00233524 -0.00112222 0.000996204 0.00164297 -0.00537796 0.00157928 -0.0384636 0.00782957 -0.000757672 -0.0052389 0.00331569 0.0109477 -0.0216553 -0.000674467 -8.70503e-05 0.000702359 -0.0015155 0.00131745 -0.000478006 0.000562425 0.0452253 -0.00103144 
-0.00516028 -0.000238651 0.00851707 0.000142908 0.00708921 -0.00197135 -0.00981291 -0.000221311 0.00258151 4.40457e-05 5.4372e-05 -0.000252074 -0.00408462 0.000395381 -0.000481543 -0.0048154 -0.000274274 -0.00156259 0.005445 -0.00290926 -0.00648327 -0.000609934 0.00200839 0.00298062 -0.00742913 -0.000197535 -0.000362144 0.010457 -0.000151622 0.00123631 0.0441731 -0.000396996 0.00208583 0.00759325 -0.000893081 -0.00132674 -0.00224194 -0.00110439 -0.000200854 -0.00041603 -0.0103934 0.000139325 0.000856888 -0.00723168 0.00255359 -0.00703956 0.000834422 -3.94514e-05 0.0038925 -0.00973274 -5.96341e-05 -0.00187005 0.00118612 -0.00157153 -0.000948031 -0.00110517 -0.00143958 -0.00041767 -0.000848374 -0.00182314 -0.00129701 0.0017702 -0.00050788 -0.00787145 0.00739863 -0.00595422 -0.00176052 0.000116751 -0.00254577 0.00867012 -0.000279878 -0.00338667 0.000413013 -0.00331991 -0.00146412 0.000933067 -0.00231723 -0.0001 0.00234265 -9.86873e-05 0.00423564 0.00127626 0.00227015 0.00210198 0.00222375 -0.00172476 -2.42362e-05 -0.00193936 0.00400004 -0.00615201 0.00890609 -2.39324e-05 -2.66219e-05 -0.00315469 -0.000148091 -0.00458228 -0.000338351 -0.00634785 0.00232927 0.000229062 
0.0045413 -0.000154359 -0.000784515 -3.63957e-05 -0.00221879 0.000293899 0.00378415 0.000305786 -0.00753099 7.50587e-05 -0.00702683 -4.05156e-05 -0.00246726 -2.55009e-05 0.00254792 0.00110947 0.00141385 -0.00359795 0.00101516 -1.05253e-05 0.00431653 -0.000184542 0.000875912 -0.00030044 0.000963622 0.000963354 4.09632e-05 -0.00498827 0.000539838 2.29069e-05 -0.000396996 0.0136789 -0.00703029 -0.00516589 -0.00269332 0.00498123 -0.00161927 0.00163922 0.000844417 0.0066317 0.000207781 0.00389477 0.000163028 0.00379186 -0.00154047 -0.00215922 0.000731481 -0.000260278 0.000145216 -0.00242901 0.000177035 0.00199197 -0.00232889 0.000110129 0.0012404 -0.00041514 0.000166246 0.00121633 0.00200386 -0.000356114 0.000183097 -0.00025072 0.000643373 -0.000721887 -0.00441086 -0.0028992 0.00200438 0.00272987 -0.00124057 -0.00346273 0.000647417 -0.000126804 -0.00090412 -0.00124309 -0.000649066 -0.00194085 -0.000588656 8.14892e-05 -0.0003689 -3.62534e-05 -0.000272332 0.000316147 -0.00121202 0.0019056 -0.00643537 0.00403883 0.000382338 -0.000724228 -0.000744136 0.00544684 -0.0044151 -4.70162e-05 7.74295e-05 0.00156562 0.000952997 -0.00122641 0.00125408 0.00204869 -0.00115486 0.00013352 
-0.147076 -0.00353938 0.0215801 0.00127304 0.0397182 0.0217206 -0.131129 -0.00808811 0.173268 -4.49681e-05 0.155331 0.00316491 0.0932409 -0.000676631 -0.082035 -0.0221286 -0.000562288 0.00296436 -0.0923146 -0.0270873 -0.0793477 0.003169 -0.00648454 0.0286926 -0.0886561 -0.00190911 0.000532549 0.127003 -0.000793202 -0.042823 0.00208583 -0.00703029 0.248973 0.154437 0.0580078 -0.0148742 0.0440991 0.0123199 -0.00165595 -0.0336349 -0.0807078 -0.0294979 0.0653397 -0.073349 -0.00264189 -0.0684213 -0.00514555 0.00839339 -0.0118372 -0.122797 -0.000365622 -0.0208084 0.00627175 -0.023985 -0.0115962 0.00963935 0.0086386 -0.00685649 -0.0115045 -0.0123224 -0.00980598 0.00579943 0.00105044 -0.0657872 0.119547 0.0687688 -0.0181677 -0.0466708 0.0362127 0.0526019 0.00137382 0.019121 -0.0010099 -0.0811238 -0.00814131 -0.0624176 0.00952062 -0.0012764 0.0413171 -0.00834147 -0.00618765 -0.0122768 0.0147295 -0.00506352 0.200716 -0.0294904 -0.00468866 0.019726 0.00791149 -0.0700605 0.0960186 -0.00115577 -0.000736368 -0.0357237 -9.36422e-06 -0.0741866 -0.00807395 -0.0685189 -0.0897134 -0.00192261 
-0.158563 -0.00402643 0.0215148 0.000973511 0.0882117 0.0139903 -0.130626 -0.0123595 0.183396 -0.00028892 0.189517 0.00208834 0.0977817 -0.00110432 -0.104288 -0.0245753 -0.00391717 0.0251935 -0.119255 -0.0139815 -0.0731629 0.00276273 -0.00417761 0.0325158 -0.0804291 -0.00193534 -0.00123152 0.0788494 -0.00110389 -0.0424541 0.00759325 -0.00516589 0.154437 0.249363 0.105625 -0.0084708 0.104591 0.00774058 -0.00179333 -0.0368408 -0.0454182 -0.0244384 0.0555307 -0.0671572 0.0364337 -0.0311107 -0.00694339 0.0102528 -0.017395 -0.102249 -0.000266293 -0.0178769 -0.0496394 -0.026607 -0.0119371 -0.00762991 0.00455531 -0.00767653 -0.00950321 -0.0148298 0.00414044 0.00799146 -0.00112618 -0.0738074 0.14774 0.0170217 -0.0131883 -0.0425038 0.0187818 0.0956696 0.000522756 -0.031579 -0.0606347 -0.0432185 -0.00138626 -0.0490298 0.0193842 -0.00118096 0.000374044 -0.00600988 -0.00690166 -0.00871751 0.0024641 -0.00239678 0.162026 -0.024365 -0.0032091 0.0119192 -0.00544379 -0.0532869 0.0310593 0.00015759 -0.000685537 -0.0319024 -0.00470173 -0.068454 -0.0103101 -0.0642486 -0.111726 -0.0017273 
