0.2041 -0.0156811 -0.00228714 0.00149576 0.00929838 -0.0155006 -0.0712199 -0.0447942 0.0062567 -0.00361213 0.00505178 -0.00158386 -0.0139104 0.011758 0.00473273 -0.0344015 0.00485465 0.0189343 -0.0312985 0.00497685 -0.0121669 0.0220809 -0.00206876 -0.00466815 0.00242324 0.0668011 -0.0892936 0.0151917 0.000361673 0.0859062 -0.033635 0.00180805 -0.00168711 -0.00218061 -0.0101958 0.00370146 -0.0376943 -0.0289565 -0.050809 -0.00118539 -0.00705398 -0.068346 -0.0387615 0.00134851 0.00243209 0.00581144 8.5281e-05 -0.00115449 -0.0182862 -0.00474646 -0.00228442 -0.0289343 -0.00065192 -0.0482108 5.23896e-05 0.0770661 0.0834094 0.104865 -0.02582 -0.0120567 -0.00123555 -0.0892231 0.0383966 -0.00774132 -0.0019898 -0.0315871 -0.00677744 0.0435717 0.0215621 -0.069547 0.00754664 0.000355994 0.00119595 0.0969699 -0.0276233 0.0441899 0.000842204 -0.0391386 -0.00486553 0.0460656 -0.0137045 0.0611197 -0.00428532 0.0587078 0.00316517 -0.0285325 -0.00106229 -0.0036401 -0.0161425 -0.0092071 -0.0024352 -0.0161294 -0.0231097 -0.0430753 0.0225748 -0.0159253 -0.00301086 -0.0210152 -0.00100569 0.0560799 
-0.0156811 0.0970304 -0.000368935 -0.00350291 0.00776293 -0.0490429 0.0303889 0.00578904 -0.00324088 0.0044305 -0.00138016 0.000450202 0.00399857 -0.00944621 -0.00154973 0.007127 -0.0182359 0.00732548 -0.000840648 -0.000669102 0.0005736 -0.00645584 -0.00035987 0.00352541 -0.00409941 0.0105053 -0.0436045 -0.0217339 -0.00080145 -0.0183397 0.0058334 -0.00264059 0.000774804 0.000871984 0.00037001 -0.0189075 0.0139193 0.0104106 -0.00606627 0.00494726 0.0389493 0.0240235 -0.0189452 0.00318309 0.000581046 -0.00284302 0.00079374 0.00155699 -0.00460737 0.00629048 0.0038393 0.00302574 0.0110609 -0.0330036 -0.00464358 -0.0433624 -0.046134 -0.0163046 -0.00641436 0.0225141 -0.00384809 0.00133106 -0.0119671 0.00469692 0.00518187 -0.0157385 0.00371509 -0.0229385 0.0274237 -0.00546694 0.00737829 0.00226702 0.00444947 -0.00551214 0.0069734 -0.00954526 0.0044375 0.00513279 0.00160321 0.00359107 0.0126491 0.0137817 0.00297477 -0.0302697 -0.00174356 0.014205 7.83634e-06 0.0223619 -0.0295479 0.0344483 -0.00094525 0.013819 -0.00107464 -0.0107207 0.0540007 0.0192871 0.00566406 -0.0230956 -0.00231761 -0.0252766 
-0.00228714 -0.000368935 0.0407523 -0.000922605 -0.00160472 -0.0113342 -0.0103904 -0.00206553 -0.000690558 -0.000365039 0.000546524 -0.000124514 -0.00166214 0.00418631 0.000685476 -0.00436394 0.0114815 0.00509906 -0.00627238 -0.000298158 -0.00393601 0.0113572 6.12382e-05 -0.000321648 0.00519841 -0.00854605 -0.00725846 0.00810328 -0.000235346 0.00203758 -0.00283596 -0.000835529 0.0206967 -0.000311594 -0.00040746 -0.00510776 0.0016231 -0.00247421 -0.00700094 -0.000381706 -0.0102214 -0.00635029 -0.0173657 -0.000420049 0.000385451 -0.00564222 -0.000178782 -0.000127744 -0.00344016 0.00168698 -0.000432742 0.000783636 -0.000855736 0.0132217 0.00304816 0.00183023 -0.00894332 -0.00265736 -0.00307805 0.00438089 0.00453002 -0.00437559 0.000252202 0.00118619 -0.000219392 0.00283563 -0.000335033 0.00789264 0.00139307 0.0102716 0.000859194 7.43196e-05 0.00644595 -0.00795339 0.000665367 -0.00199279 0.00049264 -0.00490768 0.00521753 -0.00220379 -0.00340393 -0.00497456 0.000538983 -0.00409242 0.00016412 0.00578893 -1.153e-05 0.00816316 -0.00227649 -0.0052814 -0.000802271 0.000632031 -0.000406004 -0.0055748 -0.00544769 -0.00544398 -0.000917555 -0.00743531 0.00470693 0.0108958 
0.00149576 -0.00350291 -0.000922605 0.0348268 2.00897e-06 -0.000188235 -0.00669451 -0.00666022 5.47349e-05 3.64591e-05 0.000948858 -0.000114252 0.000124843 -0.00225839 0.00313769 0.00360113 -0.00300454 -0.00227767 -0.00540178 0.0006158 -0.00160927 -0.0020579 0.000162523 0.000585491 0.00826083 -0.00191238 -0.00683557 -0.00294339 0.00327739 0.0124745 -0.00315925 0.00650224 -0.000838767 -0.000276743 0.00749658 -0.0046239 -0.00230158 -0.00352953 0.0010345 0.00061647 -0.00678876 -0.00147991 -0.000570702 0.00235854 0.00933915 0.00369833 0.000453833 -5.38212e-06 0.0167227 0.000624331 0.00292603 -0.00128725 0.000209063 -0.00953629 0.0018488 -0.00621131 -0.00248474 -7.75827e-05 -0.00333627 -0.00255772 -0.00187932 -0.00933749 0.00485128 0.000752616 -0.000109546 -0.0017877 9.5861e-05 -0.0128688 -0.000633244 -0.00350213 -0.00108041 -0.000313204 -0.00786354 -0.00462865 -1.14724e-05 0.00916305 -0.000551338 0.00146187 -0.000368544 -0.00157444 -0.00172703 -0.00537322 -0.000526476 -0.00947219 0.00677435 -0.00093195 0.000147752 -0.00232523 -0.00279933 -0.004057 0.00804458 0.00346393 0.00868633 0.012992 -0.00603944 0.00661888 0.00380088 -0.00388446 0.000851527 -0.0120449 
0.00929838 0.00776293 -0.00160472 2.00897e-06 0.0404342 -0.00988144 0.00156264 0.00672285 0.000861167 -0.000134868 -0.000537189 -0.000211864 -0.00217891 -0.00293496 -0.000514622 -0.00371592 -0.00557746 0.00662902 0.00621687 0.000519698 0.00462596 -0.0037751 -5.01248e-05 -1.70512e-05 -0.000446388 0.0111531 -0.0132163 -0.00800816 0.00138491 0.00216942 -0.0033904 -0.000204473 -0.00160482 -0.0001755 -0.000752004 -0.0108436 -0.00330925 -0.000624893 -0.00417947 0.00119125 0.00698767 -0.00152327 -0.00340134 0.00371992 8.16362e-05 -0.00285346 -0.00010456 -7.07976e-05 0.00306168 -0.000523193 -0.000390467 -0.00320437 0.00150348 -0.0160363 -0.00151173 -0.0107881 -0.0101404 -0.002906 -0.00584009 0.00550582 -0.00199766 -0.00914788 0.00227496 -0.00168712 -0.000110863 -0.00564387 -0.00111157 -0.014043 0.0175827 -0.010977 0.00630676 -0.000188406 -0.00248722 0.0130671 -0.00481407 -0.00250097 0.00101473 -0.000937384 -0.000186746 0.0123165 -0.000988935 0.0121285 -0.000481693 -0.00792727 -0.000224076 -0.00557054 -0.000413973 0.00171131 -0.00434663 0.0117389 0.00207339 0.0146633 -0.0011656 -0.00234045 0.0177426 -0.00154226 0.00119934 -0.00400575 -0.00103571 -0.0121545 
-0.0155006 -0.0490429 -0.0113342 -0.000188235 -0.00988144 0.24851 -0.0213758 -0.0289613 -0.0065905 -0.00528389 -0.000906258 -0.000874768 -0.0100766 -0.00162679 -0.000116809 -0.0203309 -0.0202589 -0.0344086 0.00898898 -0.00605335 -0.0264663 0.000633467 0.000647573 -0.00722833 -0.016237 -0.103675 0.103074 0.0192475 -0.000423365 0.0116294 -0.0251572 0.0083519 -0.0171126 -0.00362604 -0.000725054 -0.00579741 -0.0108178 -0.0183262 0.0317892 -0.00579107 -0.0522666 -0.0205079 0.100124 -0.00792175 -0.00191245 0.0125632 -0.00117923 -0.00247602 0.0138565 -0.00925568 -0.00285836 -0.00687303 -0.012815 0.05183 -0.00507485 0.0163468 0.0668761 -0.0327152 0.0531705 -0.0117538 0.0175174 0.0640888 -0.0472071 -0.0139868 -0.00437624 0.0456595 -0.0105874 0.0340043 -0.0710781 0.0120446 -0.0122921 -0.00426089 0.0295119 -0.0321802 -0.0208812 -0.0082423 -0.0200741 -0.0141037 0.00115452 -0.0744433 -0.0347621 -0.0489967 -0.00552383 0.0556537 -0.0102631 -0.0137002 -0.00499459 -0.0245089 0.0977321 -0.0643526 0.00291566 -0.00126145 0.0149296 0.0511476 -0.0832287 -0.00838684 -0.00782564 0.0677609 -0.00876303 0.0603264 
-0.0712199 0.0303889 -0.0103904 -0.00669451 0.00156264 -0.0213758 0.197806 0.018061 -0.00835082 0.00408057 -0.00391142 0.000750199 0.0221883 -0.0100057 -0.00476398 0.0739996 -0.0472251 -0.00902015 0.0409103 -0.00167329 0.0133009 -0.0254555 -0.000382517 0.00110089 -0.00925867 -0.0152788 0.00978569 -0.0449127 -0.000461725 -0.0538396 0.0448409 -0.00303327 -0.0086164 0.00523852 0.000369586 -0.0470955 0.00963814 0.0487273 0.0652328 0.000510335 0.0510474 0.138502 0.0365962 0.00127961 -0.00261919 -0.00155596 -0.000430998 4.60129e-05 0.023494 -0.00190962 -0.00106185 0.0254798 0.0058857 -0.0469394 -0.011071 -0.116801 -0.112399 -0.0711672 0.00308595 -0.0167143 -0.0125945 0.0297678 -0.0286372 -0.00806417 0.00279336 -0.0192132 0.00507111 -0.0587338 0.000561608 -0.0179156 0.0019884 0.00156039 -0.0460804 -0.0517133 0.0123504 -0.0235163 -0.000931291 0.0795102 -0.000837695 -0.00634061 0.029302 -0.0132059 0.00961078 -0.0694154 -0.00198129 0.0251826 0.000786879 -0.0183389 0.00329616 0.0526567 -0.00159982 0.0158552 0.020704 0.0224127 0.00681715 0.0412386 0.00991838 0.0122764 -0.00203084 -0.0907847 
-0.0447942 0.00578904 -0.00206553 -0.00666022 0.00672285 -0.0289613 0.018061 0.183815 0.000158785 -0.000159741 -0.00433972 0.000658274 -0.00867134 -0.00714218 -0.00432562 0.00101412 0.0309175 -0.00185309 -0.0155395 -0.000845544 0.0539124 0.00948183 -0.00196839 -0.00286088 -0.00956646 0.049028 0.0179966 0.00414067 -0.00195714 -0.0294823 0.0333202 -0.00600933 0.00203027 0.00348219 -0.0126976 0.0586776 0.00279099 0.00630785 -0.0365023 4.71606e-05 0.00825372 0.009695 0.00868192 -0.00439314 -0.00383981 -0.00023461 -0.000694756 0.000274541 -0.0207094 -0.00401852 -0.0044367 -0.0170344 -0.00379222 0.0396062 0.0216989 0.0344417 -0.0181967 -0.0240099 -0.0407773 -0.0211068 -0.00843367 -0.0290602 -0.0146049 -0.00944088 -0.000777208 0.00720543 0.00347565 0.0067632 0.00911579 -0.0152999 0.00141124 -0.000268208 -0.0284258 -0.022633 0.00637948 -0.0215737 -0.00252749 0.00753916 -0.00167413 0.00663445 0.0214067 -0.0039495 5.60699e-05 -0.0197586 -0.00371202 -0.0255981 0.00302398 -0.00909083 -0.0485567 0.0402784 -0.00569018 -0.0116666 -0.000629079 -0.0351745 0.0168073 -0.0071567 -0.00475514 -0.034246 -0.000870879 0.0141196 
0.0062567 -0.00324088 -0.000690558 5.47349e-05 0.000861167 -0.0065905 -0.00835082 0.000158785 0.0391675 -8.44073e-05 0.000596468 -0.000142427 -0.00132726 -0.00296108 0.000622954 -0.00418428 0.0118754 -0.000161369 -0.00216167 -0.000435199 -0.000482043 -0.00224134 -0.000193435 -0.000270867 0.000488579 0.0172982 0.00164077 -0.00446103 -0.000186511 -0.0075897 -0.00499685 0.00136257 0.000175787 -0.00029434 -0.00206388 0.0089152 -0.00175772 -0.00353813 -0.00784432 0.00102525 -0.00549848 -0.00813466 -0.0131439 -0.00069499 0.000385742 0.0153939 -0.000156366 -4.7703e-05 -0.00123253 -0.000707094 -2.70026e-05 -0.00312833 -0.000629932 -0.00764091 -0.00117507 0.00508854 0.0107059 0.0146579 -0.00940679 -0.00355989 -0.00207648 -0.00985384 0.014306 -0.000892367 -0.000238668 -0.00582366 -0.000728355 0.00201439 -0.000397117 0.00292091 0.000143893 0.00052997 -0.00764249 0.0126772 0.000511759 0.000510941 0.000929217 -0.00190249 -0.000307748 0.0191064 -0.00282158 0.00506987 -0.00034541 0.000604729 0.000102752 -0.00284949 -0.00034075 0.000419718 -0.0096904 -0.00413069 -0.000700538 -0.00271694 -0.00199493 -0.00545043 -0.00105433 -0.00173283 -0.000952983 -0.00560763 -0.000913232 -0.00398008 
-0.00361213 0.0044305 -0.000365039 3.64591e-05 -0.000134868 -0.00528389 0.00408057 -0.000159741 -8.44073e-05 0.0174086 -1.47961e-05 0.000158444 -0.000814393 0.00218271 0.000153793 0.00354683 -0.00188423 0.00311608 0.00142867 7.18539e-05 0.00185146 -0.000746723 0.000397383 0.000643341 -4.58519e-05 0.00312165 -0.0021957 -0.00272182 8.07322e-05 0.00191325 -0.000236036 0.000151647 0.000220784 1.25555e-05 -0.000239963 -0.00243957 0.0002637 0.000865372 -0.00293028 0.000758331 0.00374664 0.00378532 -0.00373264 0.000336361 0.00188374 0.00126126 7.85926e-05 0.00015975 0.000728772 -3.88113e-05 0.00440242 0.00131847 0.00027402 -0.00444512 -0.000395036 -0.00418063 -0.00603645 -0.00308997 -0.00300233 0.00071798 -0.000940366 -0.0039911 -0.000269494 0.0014379 0.000617109 -0.00191166 2.28483e-06 -0.00377295 0.00174068 -0.00352443 9.2004e-05 -7.67024e-05 -0.00230737 -0.00294713 -0.000322493 0.00139421 8.19714e-05 -0.00040327 0.000154469 0.000765551 0.000173891 -0.00182378 0.000218062 -0.00406191 -8.7908e-05 0.00362714 0.000274047 0.000433665 -0.00371987 0.000895319 0.000100026 0.00355401 -0.000585561 -0.00234844 0.00348925 0.00450841 0.00138276 -0.00354909 -0.000109157 -0.00494766 
0.00505178 -0.00138016 0.000546524 0.000948858 -0.000537189 -0.000906258 -0.00391142 -0.00433972 0.000596468 -1.47961e-05 0.0188698 -6.56809e-05 -0.00112575 0.00238618 0.00124677 0.00148375 0.000578028 0.00477341 -0.00198329 9.18762e-06 -0.00116091 -0.00173974 0.000978194 -0.000229789 0.0012733 0.00268293 -0.00702334 -0.00117642 0.00010013 0.00593258 -0.00196106 0.00374372 0.000634608 -9.11446e-05 -0.000372921 -0.00400482 -0.00231265 -0.000999073 -0.003828 -0.000109511 -0.00413025 -0.00109345 -0.00565159 0.000355788 0.00178917 0.000597717 0.000103266 1.48384e-05 0.00621184 -0.000356094 -0.000154973 -0.00175184 -0.00022674 -0.00758035 -0.000873604 -0.000904334 0.00364296 0.00491148 -0.00370219 0.00186332 -0.000544975 -0.00659376 0.00149822 -0.00081519 -0.000137645 -0.00295962 -0.000542711 -0.00262664 0.000710915 -0.00575632 0.00146987 0.000125391 -0.00186153 0.00112837 -0.00182452 0.0071393 0.00207424 -0.00222692 -6.19206e-05 0.00403222 -0.00126058 0.00211218 -2.39551e-05 0.00247621 -0.000252288 0.00113191 -4.81832e-05 0.000871806 -0.00103051 -0.0018231 0.00139199 0.00346021 -0.000509949 -0.000378487 -0.00267911 0.000146383 0.002349 0.00018569 0.000426181 -0.00439975 
-0.00158386 0.000450202 -0.000124514 -0.000114252 -0.000211864 -0.000874768 0.000750199 0.000658274 -0.000142427 0.000158444 -6.56809e-05 0.0059273 -0.000293424 -0.000565292 -5.02746e-05 -0.000340803 0.00160737 -0.00019517 -0.000631523 -3.41798e-05 0.000813683 -0.000535303 0.000193362 7.19578e-05 -0.00010289 -0.00141575 0.00114561 -0.000999394 -4.0748e-05 -0.00150027 0.00186109 -0.000114949 -0.000128039 0.000418008 -0.000172291 0.000508973 0.00285747 -0.000153808 -0.000559833 9.27473e-05 -0.00107154 -0.000349787 -0.00169931 -7.92652e-05 -8.26573e-05 0.00166555 4.5276e-05 0.000423536 -0.000655513 -6.15694e-05 0.000569058 0.00144862 2.65711e-05 -0.000192828 -0.000215527 -0.000527026 -0.00153331 -0.00157219 -0.000889024 -0.000159287 -3.68872e-05 0.00238998 0.000584265 0.000863308 -1.98766e-05 0.000594565 0.00150023 -0.00241394 -0.000714172 0.00154061 -0.00021455 0.000461968 -0.00120734 -0.00128427 0.00259012 -0.000701436 -2.63384e-05 -0.000511165 7.9963e-05 -0.000136651 0.00178789 -0.000672399 0.000232366 -0.00172514 9.48712e-05 -0.000194588 8.57817e-06 -0.000351636 -0.00116819 0.000183085 -9.05349e-05 -0.00052361 2.26301e-05 -0.00011522 0.000384082 0.000515254 -0.000118097 -0.00127436 -0.000110116 -0.00187642 
-0.0139104 0.00399857 -0.00166214 0.000124843 -0.00217891 -0.0100766 0.0221883 -0.00867134 -0.00132726 -0.000814393 -0.00112575 -0.000293424 0.0602955 -0.00557573 -0.000442353 0.00770326 -0.011439 -0.00374664 0.0262241 -0.000268821 -0.0042141 -0.00505747 -0.000201603 0.00335435 -0.00114982 -0.0136024 -0.0115665 -0.00932375 -0.000297835 -0.0127756 0.00561261 -0.000649411 -0.0014671 0.000449455 0.0106998 -0.0161913 0.00224984 0.0237028 0.0265866 -0.000362679 0.0279401 0.0226822 0.00702134 0.000210149 -0.000843844 -0.0127768 -0.000256322 -0.000319562 0.00615604 0.00285474 -0.000547483 0.00152904 0.000115654 -0.0151022 -0.00199137 -0.0270859 -0.0226186 -0.0122657 0.00810832 0.00403471 -0.00252654 0.00312992 -0.00544888 -0.00142144 0.00119444 -0.00667783 -0.000665258 -0.00980048 0.00211493 0.015019 -0.0014976 -3.14082e-05 -0.00233482 -0.00647803 -0.00561263 -0.00553331 -0.00148379 0.0167943 -0.000672859 -0.00263235 0.000314951 -0.00650533 0.00207271 -0.0172501 -0.00047188 -0.00411468 -0.000692776 0.000681516 0.0097275 0.00670973 -0.000531951 -0.00410146 0.00392337 0.016536 -0.00527493 -0.00346095 -0.00063986 -5.59337e-05 -0.00124855 -0.0226948 
0.011758 -0.00944621 0.00418631 -0.00225839 -0.00293496 -0.00162679 -0.0100057 -0.00714218 -0.00296108 0.00218271 0.00238618 -0.000565292 -0.00557573 0.103359 0.00274355 0.0136849 -0.0190339 0.0284783 -0.00387905 -0.000649597 -0.00706373 0.031673 0.00173445 -0.000141704 -0.00386244 -0.0162619 -0.0215874 0.030584 -0.000451233 0.061309 0.00327543 -0.00238908 0.00408126 -7.12531e-05 -0.00410175 0.0102815 -0.0156149 -0.00413976 -0.023986 -0.00137282 -0.0165406 0.00414923 0.0152121 0.00527133 -0.000305964 -0.028256 -0.000628478 -0.000582746 0.00457922 -0.00227809 -0.00169643 -0.00896676 -0.00266862 0.00577406 -0.0019897 0.00254883 -0.00111726 -0.00293841 -0.0254238 0.00885225 -0.00540275 -0.0368719 -0.0149867 -0.00154755 -0.000862486 -0.00775419 -0.00107674 0.0302443 -0.00488582 -0.0382288 0.00170578 -0.000624183 -0.0189602 -0.0176711 -0.0119898 0.00842597 0.00682743 -0.00969028 -0.000245144 -0.0177672 -0.00778246 -0.0137662 -0.000259503 0.0234613 -0.000316734 0.0215435 -0.00136088 0.00154887 0.0461776 -0.012562 -0.0022072 0.0237651 -0.00422443 -0.0174082 -0.0193302 -0.0148298 0.00633392 -0.0262619 0.0102226 0.0310295 
0.00473273 -0.00154973 0.000685476 0.00313769 -0.000514622 -0.000116809 -0.00476398 -0.00432562 0.000622954 0.000153793 0.00124677 -5.02746e-05 -0.000442353 0.00274355 0.0193398 -0.000543681 -0.00224996 0.00376832 -0.00171401 -0.000192483 -0.000977956 0.00271796 0.000178851 0.00100585 0.00183325 -0.0033253 -0.00205946 0.000128743 0.000823047 0.00804529 -0.00242489 0.00101902 0.000855374 -0.000144936 0.000785629 -0.00249681 -0.00132249 -0.00156495 -0.00244225 5.131e-05 -0.00157969 -0.00234952 -0.00269182 0.000297954 0.00334456 -0.00249565 0.000152667 -8.06104e-05 0.00249216 0.000134659 0.000297111 -0.000805158 -0.000126555 -0.00638316 -0.00049488 -0.0039959 0.0017648 0.000553533 0.0018668 0.00108355 0.000523557 -0.00594887 0.000463059 0.000627882 -5.47728e-05 -0.000977435 0.000308502 0.0010938 -0.00211464 -0.0042632 0.000259847 -7.85942e-05 0.00123843 -0.000334935 -0.00114205 -0.00156595 0.00127023 -0.00168165 0.000254425 -0.00214102 -0.00144443 -0.00222228 -2.68704e-05 -0.000563543 0.00220443 0.00453838 -0.000137754 -6.69972e-05 0.0011403 -0.00246101 0.000497274 9.19948e-05 -0.000906535 -0.000908953 -0.00299519 -0.000717537 0.000810958 0.00200931 0.00162928 0.0021549 
-0.0344015 0.007127 -0.00436394 0.00360113 -0.00371592 -0.0203309 0.0739996 0.00101412 -0.00418428 0.00354683 0.00148375 -0.000340803 0.00770326 0.0136849 -0.000543681 0.121402 -0.0291781 0.00314627 0.0327978 0.000274154 -0.00199359 -0.0127261 0.000981855 0.00252332 -0.00457359 -0.0107982 -0.0114754 -0.023432 -0.000124631 -0.00368765 0.0150808 0.00150859 -0.00448046 0.00172353 -0.00387076 -0.0332293 -0.0115899 0.0143172 0.0174642 -0.00144824 0.0208212 0.0736041 0.0186026 0.00297389 0.00243894 0.00420335 -0.000357958 2.49481e-05 0.0333605 -0.0017001 -0.000459608 0.0159313 0.000873016 -0.0403496 -0.00661905 -0.0659503 -0.0579715 -0.0352554 -0.0010428 -0.000995517 -0.00736849 -0.00111883 -0.0178253 -0.00371095 0.00198112 -0.017185 -0.00105522 -0.032788 0.00451306 -0.0422814 -0.00324949 -0.000538046 -0.027086 -0.0278946 -0.00278504 -0.000910785 0.00681163 0.0519484 -0.000859665 -0.00538507 0.00153204 -0.0114579 0.00650198 -0.0383577 0.00181823 0.0253304 -0.00042133 -0.00840057 0.0218523 0.0200773 0.00329044 0.024859 0.00767556 0.00678558 -0.00458423 0.0344234 0.020772 0.000376799 0.00323381 -0.0535429 
0.00485465 -0.0182359 0.0114815 -0.00300454 -0.00557746 -0.0202589 -0.0472251 0.0309175 0.0118754 -0.00188423 0.000578028 0.00160737 -0.011439 -0.0190339 -0.00224996 -0.0291781 0.166424 -0.0183153 -0.028671 0.00026553 0.0154505 0.0109816 -0.00149154 -0.0035211 0.00507311 0.0463867 0.0356749 0.00381007 -0.00176841 -0.0207923 0.0150399 0.000697112 0.0151437 -0.00148568 -0.00881881 0.0751439 0.022291 -0.0136925 -0.0435686 -0.000761648 -0.0436395 -0.0471502 -0.0656315 -0.005292 -0.00145485 0.071473 -0.000854947 9.30472e-05 -0.0231446 -0.000938975 -0.000427586 0.0118007 -0.00501898 0.0297421 0.00941493 0.06808 0.0206135 0.0290913 -0.0417585 -0.0159644 -0.00554882 -0.0147312 0.0495251 0.00638732 -0.0017438 0.00335286 0.00129754 0.00921484 -0.0229578 0.040036 -0.00588742 -0.00170681 -0.0271591 0.0175088 0.0267322 -0.00475046 -0.00791236 -0.0267242 0.00092695 0.0227231 0.00148333 -0.013151 -0.00223819 -0.00897929 -0.00122285 -0.0189122 0.00187374 -0.00527028 -0.0543635 -0.0113337 -0.00322342 -0.0265016 -0.00416249 -0.0285281 -0.00901215 -0.00644291 -0.00677975 -0.0267626 -0.0035312 0.00671991 
0.0189343 0.00732548 0.00509906 -0.00227767 0.00662902 -0.0344086 -0.00902015 -0.00185309 -0.000161369 0.00311608 0.00477341 -0.00019517 -0.00374664 0.0284783 0.00376832 0.00314627 -0.0183153 0.0993196 -0.00571604 0.00053741 0.0138339 0.00683341 0.00119093 0.000200359 -0.00239181 0.0152322 -0.0401581 -0.00352864 -0.000417247 0.0289428 -0.00269897 -0.00279112 0.00579826 0.00332254 -0.00343311 -0.021721 -0.0125335 0.00364127 -0.0157312 0.000425633 -0.00970907 0.0015005 -0.0301506 0.00943634 -0.000493456 -0.0299311 0.000172414 -8.77325e-05 0.00151004 0.00227416 -0.00214851 -0.0120643 0.000555915 -0.0305735 3.53182e-05 -0.0137438 -0.0195471 0.00704092 -0.0192626 0.0189508 -0.00318487 -0.0367315 0.00473573 -0.0031137 -0.000815735 -0.0145977 -0.0013671 0.00206371 0.0428197 -0.0331963 0.0175273 0.00232122 -0.00584238 0.00907086 -0.011626 0.0136725 0.0254948 -0.0138794 -0.000471542 0.0226723 0.00758413 0.0265349 3.55341e-05 -0.0165823 0.000281255 0.0168267 -0.00184537 0.0142927 0.00076737 0.00680835 -0.00120217 0.0268369 -0.00729514 -0.0147024 0.0145233 -0.015095 0.00511118 -0.031565 0.00279817 -0.00287953 
-0.0312985 -0.000840648 -0.00627238 -0.00540178 0.00621687 0.00898898 0.0409103 -0.0155395 -0.00216167 0.00142867 -0.00198329 -0.000631523 0.0262241 -0.00387905 -0.00171401 0.0327978 -0.028671 -0.00571604 0.138119 -0.00143534 -0.0138823 -0.0150531 -0.000256547 0.0039556 -0.0063749 -0.0352879 0.0125988 -0.0259408 -0.000781753 -0.0269378 -0.00871255 0.000456562 -0.00589759 -0.00106347 0.00256245 -0.0377721 -0.00927361 0.0176598 0.0487348 -0.00188733 0.0208638 0.0333777 0.0239513 -0.00185384 -0.00211083 -0.0252251 -0.000223252 -0.000791611 0.0202173 -0.00174321 -0.00117401 0.00979908 -0.00137699 -0.0192665 -0.0062327 -0.0695793 -0.0459455 -0.034346 0.0345343 0.023326 0.00433015 0.0391045 -0.0154057 -0.00342633 0.00113951 0.00686018 -0.00201784 -0.0203308 -0.000305081 0.017703 8.74216e-05 -0.00131725 0.0118039 -0.00600595 -0.0104329 -0.0107591 -0.000982194 0.0294059 -0.000210661 -0.0185154 -0.0127802 -0.0169009 0.000550438 -0.0385381 -0.00292004 0.000826266 -0.00291659 -0.00194246 0.0398615 -0.00928298 -0.00271557 0.0333465 -0.00853145 0.0185942 -0.0165918 -0.00403075 0.00164849 0.0472441 -0.00274775 -0.045086 
0.00497685 -0.000669102 -0.000298158 0.0006158 0.000519698 -0.00605335 -0.00167329 -0.000845544 -0.000435199 7.18539e-05 9.18762e-06 -3.41798e-05 -0.000268821 -0.000649597 -0.000192483 0.000274154 0.00026553 0.00053741 -0.00143534 0.0126579 0.00063725 -0.000620486 -1.66935e-05 0.00028476 0.00320189 0.00561418 -0.00593076 0.00250402 6.14564e-06 0.0021733 -5.93833e-05 -0.00029591 -0.000334234 2.51355e-06 -0.000310848 -4.84977e-05 -0.0015719 -6.47313e-05 -0.00231693 0.00042631 0.00279884 -0.00166875 -0.00587985 7.80006e-05 -8.11657e-05 -0.000961054 6.8344e-05 -2.21847e-05 -0.00117193 -2.47925e-05 -6.68224e-05 -0.000874612 0.000796606 -0.00266357 0.000802304 0.00347802 0.00198296 0.00459809 -0.00312115 -0.000857934 -0.00056811 -0.00448273 0.00465529 0.000124188 -6.13357e-05 -0.00181715 -0.000150739 -0.0040233 0.00507754 -0.00307039 -0.000108445 2.53463e-05 -0.001936 0.00420187 0.000137459 0.00208296 0.000346153 -0.00063826 -0.000200814 0.0028192 0.000935155 0.000193757 0.000168479 -0.00095616 0.00158968 -0.00164209 0.000115706 -0.000125496 -0.0046932 0.00167867 -0.000231491 -0.00121931 -0.000156551 -0.00200694 0.00190248 -0.000482753 -4.60541e-05 -0.00326972 0.000103829 -0.00213339 
-0.0121669 0.0005736 -0.00393601 -0.00160927 0.00462596 -0.0264663 0.0133009 0.0539124 -0.000482043 0.00185146 -0.00116091 0.000813683 -0.0042141 -0.00706373 -0.000977956 -0.00199359 0.0154505 0.0138339 -0.0138823 0.00063725 0.101314 0.00729999 -0.000796041 0.000452497 -0.00293635 0.037101 -0.0115035 -0.0174174 -0.000953818 -0.0181984 0.0324525 -0.00283138 0.00152166 0.0055287 -0.00362695 0.0280769 0.0194714 0.00905337 -0.0171237 -1.06614e-05 -0.00483485 0.00790217 -0.0255665 -0.00193345 -0.00225188 0.000265099 -0.000247371 0.000550057 -0.0138648 -0.000232512 -0.00125509 -0.00586122 0.000458425 0.0125263 0.0101415 0.0120923 -0.0292578 -0.00201889 -0.0278312 -0.0108659 -0.00606696 -0.0113931 0.0127566 -0.000638604 -3.02898e-05 -0.00866063 -0.000663803 -0.032397 0.0129264 -0.00538092 0.00155312 0.00279199 -0.0222567 -0.0113878 0.0120263 -0.00825974 0.0044527 -0.00660531 -0.000846145 0.0302167 0.0318368 0.00572515 0.000478007 -0.0243696 0.00246541 -0.00956851 0.0058216 -0.0061228 -0.0434866 0.0373548 -0.00213439 -0.00968493 -0.00424395 -0.0181694 0.0157968 -0.00979039 -0.00256617 -0.0294245 -0.00221361 -0.0156753 
0.0220809 -0.00645584 0.0113572 -0.0020579 -0.0037751 0.000633467 -0.0254555 0.00948183 -0.00224134 -0.000746723 -0.00173974 -0.000535303 -0.00505747 0.031673 0.00271796 -0.0127261 0.0109816 0.00683341 -0.0150531 -0.000620486 0.00729999 0.0887163 -0.00085682 -0.00185456 -0.00363458 -0.0176222 -0.0205588 0.0268649 -0.000637798 0.0315305 -0.00393271 -0.00193661 0.0136471 -0.000747786 -0.00142878 0.0269252 -0.00932018 -0.0104366 -0.0200956 -0.000110055 -0.016772 -0.0232114 0.00641453 -0.00108851 -0.00154249 -0.0179368 -0.000481569 -0.000433939 -0.0101544 -0.00103214 -0.00202433 -0.0107051 -0.00233386 0.0370806 0.0113422 0.0374626 0.00864714 0.00322256 -0.0127812 -0.00373575 0.00157061 -0.0261616 -0.0096902 -0.000418354 -0.000373461 0.00776786 -0.00205059 0.038297 -0.0115303 -0.0165677 -0.00111731 -0.000994614 -0.00963462 -0.0183718 -0.0112832 -0.0109077 -0.00244158 -0.0120485 0.000696148 -0.0127447 -0.00777338 -0.0106777 -0.00128984 0.0201619 -0.000146436 -0.00339957 0.00108454 0.000442843 0.0186149 -0.0119655 -0.00247849 -0.0107703 -0.00635234 -0.0128038 -0.0158984 -0.0138159 -0.0019526 -0.0210822 0.00302681 0.0540384 
-0.00206876 -0.00035987 6.12382e-05 0.000162523 -5.01248e-05 0.000647573 -0.000382517 -0.00196839 -0.000193435 0.000397383 0.000978194 0.000193362 -0.000201603 0.00173445 0.000178851 0.000981855 -0.00149154 0.00119093 -0.000256547 -1.66935e-05 -0.000796041 -0.00085682 0.00906989 0.00035124 1.37358e-05 -0.0020597 8.75548e-05 -0.00163774 0.000628105 0.0023839 -0.000432495 0.000137877 -0.000285257 -4.53393e-06 -0.000199026 -0.0026754 -0.000883894 -0.000644327 0.000577158 -7.81229e-05 -0.00134194 0.00136508 -0.000487448 0.00260545 0.00010064 -0.000516053 -2.70623e-05 2.08538e-05 0.00225344 6.38631e-05 0.000338075 -0.000416638 -3.7568e-05 -0.0026769 -0.000420388 -0.00422732 -0.00158186 -0.00207162 -0.000249729 0.00110361 0.00114309 -0.000239704 -0.000659848 0.000499787 0.000103463 -0.000490761 -0.000235766 -0.00213658 0.000395751 -0.00177276 0.00113929 -3.22968e-05 5.25802e-05 -0.0015858 -0.00090545 -3.96323e-05 0.000906048 -0.000549733 -5.147e-05 -0.000474919 -0.000438939 -0.00077456 1.82182e-05 -0.00217162 -0.000135507 0.00261984 -0.000105484 0.000975532 0.00336019 -0.000726576 0.00142645 0.00369316 0.00164401 0.000726069 -0.00116203 0.000206301 0.00126584 0.000379079 0.00080821 -0.00270294 
-0.00466815 0.00352541 -0.000321648 0.000585491 -1.70512e-05 -0.00722833 0.00110089 -0.00286088 -0.000270867 0.000643341 -0.000229789 7.19578e-05 0.00335435 -0.000141704 0.00100585 0.00252332 -0.0035211 0.000200359 0.0039556 0.00028476 0.000452497 -0.00185456 0.00035124 0.0202787 0.00132681 -0.00366383 -0.00541285 -0.00202606 -5.98907e-06 -0.00366625 -0.00215534 -0.00051964 -0.000323111 2.40544e-05 0.00040285 -0.00417199 0.00293076 0.00730527 0.00112829 0.00139486 0.00723804 0.00507872 -0.0039299 -0.000183146 0.000371027 -0.00498072 0.000220711 7.19786e-05 0.00189612 0.00129298 0.0015011 0.00464729 0.00234356 -0.00645866 -0.000940154 -0.00631552 -0.00614388 -0.00487491 -0.00271969 0.00636156 -0.000987578 0.00222972 0.00262876 0.00543035 0.00125766 -0.00293949 0.000161182 -0.00945911 0.00575517 0.00327679 -0.000495216 -7.71805e-05 -0.00312522 -0.00402797 5.21382e-05 -0.000822461 0.00177759 -0.000667714 -0.000133625 0.00389954 -7.50148e-05 0.000825443 -0.000192431 -0.00362464 0.000534852 0.000185336 -0.000225105 0.00223613 -0.000321841 0.00259741 -0.000231395 0.00221233 -0.000799911 -0.00227431 0.00303563 -0.00120794 0.000271761 -0.0045826 0.000829397 -0.00719044 
0.00242324 -0.00409941 0.00519841 0.00826083 -0.000446388 -0.016237 -0.00925867 -0.00956646 0.000488579 -4.58519e-05 0.0012733 -0.00010289 -0.00114982 -0.00386244 0.00183325 -0.00457359 0.00507311 -0.00239181 -0.0063749 0.00320189 -0.00293635 -0.00363458 1.37358e-05 0.00132681 0.0466779 0.00685731 -0.00672484 0.00346969 0.00148933 0.00239715 -0.00124845 0.00235029 0.00250875 -0.000327045 0.00481086 -0.00484474 0.00525485 0.00187638 -0.00327198 0.000874041 -0.00410049 -0.00816593 -0.0223612 0.00098567 0.00433307 0.00011783 0.000341085 0.000144065 0.0019799 0.00327584 0.00537799 0.0101162 0.00169914 -0.0020746 -0.000502541 0.00239714 0.00377836 0.00854556 -0.00629006 -0.00371516 -0.0024868 -0.00395848 0.0132525 0.00889715 -0.000392869 -0.00493203 0.00165086 -0.0189517 0.00720024 0.0102429 -0.00136381 6.59544e-05 -0.00586259 -0.00204576 0.0138102 0.00531003 -0.000275106 -0.00146113 0.000548527 0.0029643 0.000435356 -0.0023764 -0.000704111 -0.00784867 0.0083168 -0.00126903 0.00251859 -0.00130209 -0.0195898 -0.00289106 0.00107759 -0.00554505 -0.0017503 -0.00201959 -0.00309264 0.00221699 -0.00117648 0.000250933 0.00394897 -0.0138568 
0.0668011 0.0105053 -0.00854605 -0.00191238 0.0111531 -0.103675 -0.0152788 0.049028 0.0172982 0.00312165 0.00268293 -0.00141575 -0.0136024 -0.0162619 -0.0033253 -0.0107982 0.0463867 0.0152322 -0.0352879 0.00561418 0.037101 -0.0176222 -0.0020597 -0.00366383 0.00685731 0.226825 -0.0604198 -0.0311512 -0.00231296 0.00422261 0.00242269 0.00095419 -0.000189534 -0.00017016 -0.0156939 0.0425364 -0.0154038 -0.0126859 -0.0658985 0.00169258 0.0263954 -0.0183525 -0.0861021 -0.000567732 0.00111092 0.0297984 -0.00105121 0.000225756 -0.026726 -0.00308311 0.00305057 -0.014231 -0.000263475 -0.0503122 0.00320284 0.0491921 0.0103759 0.092053 -0.077781 -0.0210548 -0.0184711 -0.0979784 0.0587881 -0.00826395 -0.000264722 -0.0454282 -0.00155836 -0.00595332 0.0493126 -0.0459191 0.0111899 0.00029249 -0.033313 0.0838748 0.000560931 0.040225 0.00350055 -0.010374 -0.00463266 0.0883067 0.0224722 0.0611349 -0.00183257 -0.015587 0.00281114 -0.0207886 0.00586792 -0.00912129 -0.109637 0.0490756 -0.00637292 -0.0130884 -0.0138218 -0.0565766 0.0705625 0.0047359 -0.00392532 -0.0490147 -0.0026797 -0.00704874 
-0.0892936 -0.0436045 -0.00725846 -0.00683557 -0.0132163 0.103074 0.00978569 0.0179966 0.00164077 -0.0021957 -0.00702334 0.00114561 -0.0115665 -0.0215874 -0.00205946 -0.0114754 0.0356749 -0.0401581 0.0125988 -0.00593076 -0.0115035 -0.0205588 8.75548e-05 -0.00541285 -0.00672484 -0.0604198 0.249963 0.00208442 -0.000695188 -0.0392266 0.00910639 0.00166296 -0.00913988 -0.00325573 -0.00283559 0.0385133 0.0256072 -0.00795939 0.0319321 -0.00390586 -0.0574187 -0.00122484 0.0490454 -0.00882226 -0.00489902 0.0362651 -0.00170418 -0.0016264 0.00497262 -0.00984254 -0.00163815 0.0332237 -0.0121182 0.0693747 0.0068935 -0.00349437 0.00705812 -0.0750669 0.0263489 -0.0190061 0.00705086 0.0964387 -0.0110277 0.00129734 -0.00369454 0.0421651 0.00609195 0.0024311 -0.0641889 0.0575059 -0.00913409 -0.00447042 -0.00125226 -0.0471061 0.0239644 -0.0219998 -0.0195904 0.00502519 0.00171635 -0.0696948 -0.0174274 -0.0716021 -0.00509002 -0.0176177 -0.0111795 0.00785804 -0.00655314 -0.0294136 0.0331956 -0.0532159 -0.000264866 -0.0111256 0.0166218 0.0420859 -0.0675198 0.00626862 -0.0119295 0.062647 -0.000665542 4.91877e-05 
0.0151917 -0.0217339 0.00810328 -0.00294339 -0.00800816 0.0192475 -0.0449127 0.00414067 -0.00446103 -0.00272182 -0.00117642 -0.000999394 -0.00932375 0.030584 0.000128743 -0.023432 0.00381007 -0.00352864 -0.0259408 0.00250402 -0.0174174 0.0268649 -0.00163774 -0.00202606 0.00346969 -0.0311512 0.00208442 0.166809 -0.000145158 0.0278324 -0.022997 -0.00453297 0.00173789 -0.00142684 -0.00266366 0.037967 -0.0145055 -0.0214857 -0.0207093 -0.00274448 -0.0244137 -0.0421602 0.0124865 -0.00513292 -0.0029015 -0.00206687 -0.000889634 -0.00103027 -0.0238108 -0.00371285 -0.00196231 -0.0056677 -0.00492062 0.0774679 0.00258486 0.0640501 0.0662003 0.00450051 -0.00138064 -0.0160856 -0.0015161 -0.00102874 0.00112173 0.000518702 -0.00180666 0.0167892 -0.00150158 0.0570444 -0.0206702 0.0129398 -0.00501154 -0.00143408 -0.0221908 -0.0190482 0.00219877 -0.00549186 -0.00456409 -0.0288116 -0.000721048 -0.027812 -0.016774 -0.0267279 -0.00275509 0.0615688 -0.00236663 -0.0205462 -0.00232014 -0.00664216 0.0398235 -0.0260083 -0.00348704 -0.0243441 -0.0102415 -0.0196631 -0.033957 -0.0220306 -0.00519468 -0.0392729 0.00444587 0.058484 
0.000361673 -0.00080145 -0.000235346 0.00327739 0.00138491 -0.000423365 -0.000461725 -0.00195714 -0.000186511 8.07322e-05 0.00010013 -4.0748e-05 -0.000297835 -0.000451233 0.000823047 -0.000124631 -0.00176841 -0.000417247 -0.000781753 6.14564e-06 -0.000953818 -0.000637798 0.000628105 -5.98907e-06 0.00148933 -0.00231296 -0.000695188 -0.000145158 0.00915025 0.00222153 -0.00110319 0.00035476 -0.000235233 -6.62411e-05 0.00135178 -0.00244642 -0.000488399 -0.000599797 0.00287815 0.000448331 -0.000445267 -0.000756569 0.00110879 0.0013199 0.000701225 0.00051648 5.34339e-05 -4.16896e-05 0.00343795 0.000110943 2.52708e-05 -0.000926247 0.000207283 -0.00114235 -0.000363331 -0.00325867 -0.00191773 -0.0017453 0.00134199 -0.000339647 -0.000149359 -0.000244415 -0.000489342 -0.000388049 -3.99577e-05 0.000797938 -0.000243403 -0.00359064 -5.78581e-05 -0.00154127 -0.000250696 -8.25056e-05 -0.00114206 -0.00145065 -0.000663663 -0.0005431 -8.10289e-05 -0.000153118 -0.000151124 -0.00102815 -0.00071684 -0.00122236 -0.000154978 -0.00198157 0.00102542 -0.000942731 -9.1296e-05 -0.000362182 0.00189441 -0.000947992 0.00359317 0.0016025 0.00140317 0.00436687 -0.00094663 0.000886834 0.00152962 0.000748728 -5.10743e-05 -0.00294571 
0.0859062 -0.0183397 0.00203758 0.0124745 0.00216942 0.0116294 -0.0538396 -0.0294823 -0.0075897 0.00191325 0.00593258 -0.00150027 -0.0127756 0.061309 0.00804529 -0.00368765 -0.0207923 0.0289428 -0.0269378 0.0021733 -0.0181984 0.0315305 0.0023839 -0.00366625 0.00239715 0.00422261 -0.0392266 0.0278324 0.00222153 0.202475 -0.0142849 0.00348493 0.0016517 -0.00188814 -0.00567665 0.00270578 -0.0325181 -0.0253672 -0.0459759 -0.00281072 -0.0382039 -0.0323629 0.00441811 0.00742512 0.0066811 -0.00841244 -0.000937019 -0.00112228 0.0196819 -0.00476699 0.000747909 -0.0244475 -0.00644236 -0.0234315 0.00604308 0.0369369 0.0373238 0.0342727 -0.0358455 -0.000836406 -0.00252306 -0.0878199 -0.00491845 -0.0054664 -0.00192627 -0.0154451 -0.00439803 0.0434903 0.00506343 -0.0671323 0.00659879 -0.00119843 -0.00228453 0.0322384 -0.0251271 0.053308 -0.00113055 -0.0252633 -0.00310559 -0.0211751 -0.0229651 -0.00688599 -0.00328637 0.0225345 0.00231924 0.00595454 -0.00302925 -0.00655056 0.0364827 -0.0280828 0.0067681 0.0183529 2.50064e-05 -0.0174758 -0.0177174 -0.0116339 0.00593018 -0.0250837 0.00875364 0.0482025 
-0.033635 0.0058334 -0.00283596 -0.00315925 -0.0033904 -0.0251572 0.0448409 0.0333202 -0.00499685 -0.000236036 -0.00196106 0.00186109 0.00561261 0.00327543 -0.00242489 0.0150808 0.0150399 -0.00269897 -0.00871255 -5.93833e-05 0.0324525 -0.00393271 -0.000432495 -0.00215534 -0.00124845 0.00242269 0.00910639 -0.022997 -0.00110319 -0.0142849 0.119336 -0.00242553 0.00057008 0.00468471 -1.83097e-06 0.0238506 0.030631 0.0182519 -0.00946299 -0.000793869 -0.00872806 0.033239 -0.0010507 -0.000341386 -0.00149491 0.0232893 0.00012632 0.00144282 -0.00837491 0.00174314 -0.001541 0.0096181 0.000722899 -0.00255035 0.0057651 -0.0202493 -0.0414644 -0.0293272 -0.0306808 -0.0108304 -0.00651857 -0.000141335 -0.00975922 -0.00180878 -0.000547253 -0.00866217 0.00396832 -0.0311654 -0.00939949 0.000809214 -0.00173838 0.00357496 -0.0292837 -0.0250948 0.0315769 -0.0123072 -0.00325667 0.0141226 0.000329803 -0.0094461 0.0323526 -0.0161286 0.00639946 -0.0358935 -0.000425949 0.00195402 0.00148031 -0.00832485 -0.0262958 0.0336053 -0.000524141 -0.00689689 0.0121812 -0.00384174 0.00581017 0.0110151 0.00131543 -0.017778 -0.00095461 -0.0316802 
0.00180805 -0.00264059 -0.000835529 0.00650224 -0.000204473 0.0083519 -0.00303327 -0.00600933 0.00136257 0.000151647 0.00374372 -0.000114949 -0.000649411 -0.00238908 0.00101902 0.00150859 0.000697112 -0.00279112 0.000456562 -0.00029591 -0.00283138 -0.00193661 0.000137877 -0.00051964 0.00235029 0.00095419 0.00166296 -0.00453297 0.00035476 0.00348493 -0.00242553 0.0280069 -0.000278918 -0.000230385 0.000347111 -0.00273408 -0.00231232 -0.00287899 -0.00313874 -0.000117061 -0.00680169 -0.00199067 -0.00220693 0.000115689 0.00361958 0.00965641 -0.000147057 -6.26902e-05 0.0110291 -0.000453914 0.00160099 0.000371807 -0.000678484 -0.00524225 -0.000790025 -0.00752161 0.00160758 0.00447067 -0.00502831 -0.00181238 -0.00123307 -0.00266866 0.000266546 -0.00094066 -0.00019876 -0.00263673 -0.000853929 -0.00553732 -0.00371133 -0.0010396 -0.000458107 -0.000187181 -0.00427358 0.00144241 -0.00283467 0.00568021 -0.00111403 0.000721315 -0.000130872 -0.0035242 -0.00227557 -0.00374569 -0.000329569 -0.00561744 -2.83457e-05 0.00117434 2.33405e-05 -0.00176975 -0.00328809 -0.00361821 0.00199239 0.000430717 0.00393989 0.00846287 -0.00502955 0.00620108 0.00145305 0.0109839 1.85134e-05 -0.00548171 
-0.00168711 0.000774804 0.0206967 -0.000838767 -0.00160482 -0.0171126 -0.0086164 0.00203027 0.000175787 0.000220784 0.000634608 -0.000128039 -0.0014671 0.00408126 0.000855374 -0.00448046 0.0151437 0.00579826 -0.00589759 -0.000334234 0.00152166 0.0136471 -0.000285257 -0.000323111 0.00250875 -0.000189534 -0.00913988 0.00173789 -0.000235233 0.0016517 0.00057008 -0.000278918 0.0379116 -0.000139467 -0.000393117 0.000195582 -0.00101982 -0.00120738 -0.00543072 0.000328168 -0.00856226 -0.00522476 -0.0197629 -0.000405683 -0.000218083 -0.00616558 -9.95768e-05 -7.62143e-05 -0.00427447 0.0016366 -0.000805462 -0.00272318 -0.00034782 0.00805021 0.00358264 0.00395651 -0.01007 -0.00139774 -0.00430512 0.00403384 0.00224478 -0.0107063 0.000508182 -0.000924983 -0.000243236 0.00117174 0.000445329 0.00793871 -0.00211036 0.0102272 -0.000545084 -9.82168e-05 0.00667234 -0.00643578 -0.00182856 -0.00331813 0.000180323 -0.00431778 0.0037826 0.00283973 0.000654652 -0.00330241 0.000609798 -0.00451719 0.000458123 0.00505178 0.000828198 0.00905756 -0.00717656 -0.00218789 -0.00087136 0.00017385 -0.00118974 -0.00578491 -0.00361427 -0.00505362 -0.0006148 -0.00657553 0.00309929 0.00897707 
-0.00218061 0.000871984 -0.000311594 -0.000276743 -0.0001755 -0.00362604 0.00523852 0.00348219 -0.00029434 1.25555e-05 -9.11446e-05 0.000418008 0.000449455 -7.12531e-05 -0.000144936 0.00172353 -0.00148568 0.00332254 -0.00106347 2.51355e-06 0.0055287 -0.000747786 -4.53393e-06 2.40544e-05 -0.000327045 -0.00017016 -0.00325573 -0.00142684 -6.62411e-05 -0.00188814 0.00468471 -0.000230385 -0.000139467 0.00816337 -0.000400739 -0.00142622 0.00123956 0.00487977 -0.000643374 5.51653e-05 -3.76921e-05 0.00475568 -0.00346675 0.000162247 -0.000157925 -0.00133864 7.50651e-05 0.000137514 -0.000943203 1.91206e-05 -3.81885e-05 -0.00042914 0.000271392 -0.00216578 -0.000326036 -0.00369579 -0.00356057 -0.00209909 -0.00193837 -0.000733098 -0.000437013 -0.00207738 -0.000621633 -0.000166294 -3.02445e-05 -0.000884317 0.000223267 -0.0039584 0.00207399 -0.00219907 0.000290094 0.00163428 -0.00186892 -0.0017199 0.00142605 -0.000921629 0.00211139 -0.000419239 -4.94242e-05 0.00267842 0.00521241 0.000452157 0.000707328 -0.00240587 0.000350373 6.08728e-05 0.000339898 -0.000488236 -0.00280257 0.00560098 -0.000181937 -0.000606828 -0.000398966 -0.00132907 0.00181269 -0.000535145 0.00074355 -0.00245782 -8.17842e-05 -0.00321549 
