0.0027672 -0.000885236 7.09227e-05 0.000288974 0.000233869 0.000348038 -0.00099235 0.000759493 0.000208548 7.72341e-06 0.000207742 0.000638536 0.000882083 -0.0012156 4.85091e-05 3.72381e-05 -0.000945992 0.000262562 -0.00105924 2.17554e-05 0.000132292 0.00032554 -0.000552462 0.000199467 0.000217424 1.4147e-05 -6.15121e-05 -0.00142238 0.00012731 0.000318474 -0.00149512 0.000666538 2.89634e-05 0.000326837 6.90975e-05 -2.28189e-05 0.000297831 0.000420251 -8.8905e-05 -1.71651e-05 3.56715e-05 -0.000247349 0.000184497 0.000293052 -0.00031879 -0.000290051 0.000354894 0.000381389 4.75058e-05 -1.11315e-06 0.000772023 -0.000952638 -0.000107821 1.55254e-05 0.000471121 0.000134149 -0.000122735 -0.000641229 -9.00096e-06 5.32862e-05 0.000899622 -3.72763e-05 -0.000147259 0.000143652 0.000587864 7.10795e-05 -0.000230982 -0.000376685 -2.89163e-05 -0.000660019 -0.000781765 -0.000439068 3.21047e-06 -0.000552012 0.000583119 0.000197916 -0.000726938 0.0004582 -4.0094e-06 -3.197e-05 -8.80993e-06 -0.00069685 -0.00056979 -0.000131649 -0.000797999 0.000471319 0.000303136 -5.78944e-06 0.000322306 -2.13471e-05 0.000114628 0.000236869 0.000218884 -2.98292e-05 0.000142388 0.000261366 2.9054e-06 -6.69079e-05 0.000202303 -9.58666e-05 
-0.000885236 0.100082 -0.00166665 -0.00324515 -0.00724586 -0.00940261 0.0319582 -0.0414304 -0.0127578 -0.0004086 -0.00162241 -0.00780474 -0.0109786 0.0104814 -0.00397058 -0.00902723 0.0378418 -0.00253951 0.00224544 -0.00107592 -0.0160445 -0.0179155 -0.0081559 -0.0129593 0.012941 -0.00159675 0.00242135 0.0339062 -0.00160773 -0.0205078 0.0259347 -0.0104156 -0.00431105 -0.00122908 0.00449467 -0.00679604 -0.00655709 -0.00912262 -0.00167961 -0.00997202 -0.014006 0.0107372 0.00837045 -0.00958113 -0.00303104 0.0120155 1.73881e-06 -0.0109644 -0.0161028 -0.000514383 -0.0107449 0.0162629 0.00844814 -0.00593494 -0.0219404 -0.00780589 0.00321301 0.0300862 -0.00873571 -0.0032688 -0.0195588 0.000592553 -0.0167893 -0.00972299 -0.00776054 -0.00487088 -0.00517413 -0.00923083 0.0130117 0.0240852 -0.0104232 0.0160782 -0.000346075 0.00690847 -0.00261457 -0.00184658 0.007267 -0.0123346 -0.000322002 -0.000483299 -0.00822289 0.021004 0.0463901 0.00109017 0.0377209 -0.00730396 -0.001003 -0.000747716 0.0053159 -0.00475407 0.00031855 0.00152349 -0.00105287 0.00223765 -0.00672822 -0.00526023 -3.07199e-05 -0.00302068 -0.0421575 0.00233614 
7.09227e-05 -0.00166665 0.00938781 -1.26247e-05 -3.28594e-05 0.00207927 0.000542864 -0.000376575 0.000938105 -4.68286e-06 0.000133791 5.32413e-05 -0.000203015 -0.00275413 0.000205652 5.60723e-05 -0.00280828 9.88373e-05 0.0018392 2.26449e-06 -0.000212072 -0.000285994 0.0020518 -9.65883e-05 0.00145529 -3.63373e-05 -0.000258686 -0.000208151 -6.61288e-05 -9.41002e-05 -0.000262008 -3.62609e-05 1.79474e-05 9.48592e-05 -0.000494904 0.000459078 -4.08302e-05 -0.00020667 -0.000588237 -0.000712436 -4.10494e-05 0.000519647 -0.00197087 0.000357845 -4.00164e-05 -0.00105416 3.85741e-05 -6.97823e-05 0.000203204 2.98132e-05 -5.18288e-05 0.000390635 0.00184606 0.000994169 -0.000123112 -0.00011759 -0.000874293 -0.00391827 0.000368715 5.40454e-05 -3.91533e-06 0.000112454 0.000245924 0.0003871 -5.07212e-05 5.40085e-05 3.00035e-05 -0.000392702 0.00174889 -0.00163803 0.00125535 0.00206464 2.73919e-05 -7.62478e-05 0.000198023 -0.00017185 -0.000479077 -7.5991e-05 4.91808e-06 -3.96603e-05 0.000567294 -0.00219685 -0.00281679 -0.000351966 -0.00169436 -5.98282e-05 5.17165e-05 0.000177493 0.000323016 -0.000185591 0.000700807 -0.000168194 -6.31567e-05 -0.00100389 8.19931e-05 1.69726e-05 4.23404e-06 -0.000461056 -0.000317492 -0.000375399 
0.000288974 -0.00324515 -1.26247e-05 0.00564688 0.000158412 -6.7944e-05 -0.00347533 0.00433909 0.00299012 0.000160721 -6.4614e-05 0.000231638 0.00259498 -0.00287962 0.0020431 -0.000494784 -0.00227047 9.45494e-05 -0.00332253 4.19028e-06 0.00293445 0.00221019 -0.00130205 0.00124853 -0.000626233 0.000181147 -0.000127312 -0.00427994 -4.02566e-05 0.000485581 -0.00325558 0.00109577 0.000489207 0.000319912 -9.43566e-05 0.000698242 0.00233649 0.00311188 0.000486722 0.000822014 0.000776457 -0.000771205 0.00176338 0.00162812 -0.000459436 -4.91214e-05 4.84596e-05 0.000410204 -0.000347261 1.48246e-06 0.0012127 -0.00248049 -0.000677812 6.62029e-05 0.00140036 0.000439437 -0.000489659 -0.00216621 0.000423537 -3.06495e-05 0.00312883 0.000210397 -0.000301393 4.63384e-05 0.000410415 0.000714697 -0.0004691 -0.000796647 -0.00087928 -0.00206705 -0.00124638 -0.00195633 -2.1695e-05 -0.00133174 0.000545329 0.00121307 -0.00236736 0.00265353 -4.7384e-06 1.06663e-05 0.000182509 -0.00245848 -0.0021097 -7.51121e-05 -0.00323594 0.000136287 -3.23343e-05 1.03202e-05 8.62008e-05 -2.64007e-05 -0.000199774 -0.000213509 -5.00645e-05 8.89858e-05 -4.44674e-05 0.000818529 -3.50707e-06 -0.00068487 0.000357814 -0.000150506 
0.000233869 -0.00724586 -3.28594e-05 0.000158412 0.0104035 -0.000133465 -0.00529621 0.00663508 0.000212465 3.75449e-05 -0.000175434 0.00126689 0.000610559 -0.0046042 -4.81498e-05 0.000283478 -0.00529751 0.000365288 -0.00221079 -1.06381e-06 0.00245418 0.00196659 -0.000893381 0.00328237 -0.00120331 0.000201176 -0.000607223 -0.0065114 0.000206207 0.00519173 -0.00595426 0.00394257 -4.20226e-05 0.000273179 0.000448025 0.000381346 -4.30285e-05 0.00273097 0.00118375 0.000619963 0.00131454 -0.000822561 -0.000872773 0.00215843 -0.00103169 -0.0020593 -1.00782e-05 0.00373321 0.00159626 9.44715e-06 0.000447882 -0.00374285 -0.000567753 0.000569243 0.00581868 -0.000238573 -0.00119756 -0.00455936 9.2108e-05 -1.91326e-05 0.00326098 -5.91962e-06 0.000946439 0.000459425 0.00351517 0.000606737 0.00124074 -0.00074594 -0.00173465 -0.00241904 -0.00113202 -0.00290205 4.11531e-05 -0.00215446 0.00040146 0.000605461 -0.00252689 0.000526029 1.51134e-05 -0.000141605 0.00236745 -0.00330803 -0.00595183 -0.000617374 -0.00629584 0.00331219 -8.51552e-05 1.13468e-05 -0.000731372 0.000507408 0.000744187 0.000760484 9.78015e-05 -0.000346641 0.00137585 0.000966919 -3.39969e-06 -0.000280611 0.006672 -0.000458675 
0.000348038 -0.00940261 0.00207927 -6.7944e-05 -0.000133465 0.0464807 -0.00329597 0.00199858 0.00415162 -3.6024e-05 0.00254346 0.00182457 0.00237447 -0.00257684 -8.67446e-05 0.00388225 -0.0098108 0.0019125 0.00345186 0.0011645 0.00210114 0.00207996 0.00519264 -0.0002283 -0.00414218 -8.20534e-05 6.19509e-05 -0.00176578 0.00010554 -0.00113958 0.000740958 -0.000702579 -0.000206744 0.000352747 -0.00204229 0.00229273 0.00153685 -0.000339201 -0.00367824 -0.00260089 -0.00049181 -0.00682371 -0.00571835 -0.000101373 0.00349001 -0.00248346 -3.34783e-05 -0.000452994 0.00389771 0.0001018 0.00241436 -0.00401951 0.00298091 0.00105124 0.000280729 -0.00248801 -0.000220713 -0.0108256 0.00249507 0.00085916 4.55162e-06 -0.000631723 -0.00193091 0.00226792 -0.00031015 -0.000368373 -0.0008862 0.00981092 0.00363083 -0.00396272 0.00339601 -0.0063635 3.68794e-05 0.00674563 -1.11168e-05 -0.00094436 -0.00437176 0.00184371 5.50083e-06 -0.00037052 -0.000382545 -0.00368046 -0.0123251 -0.00112146 -0.012815 -0.000172082 0.000541638 0.000223421 -0.00133326 -0.000130152 0.00466486 -0.00385764 -0.000149235 -0.00539495 0.00250673 0.000198771 -3.89448e-05 -0.00123953 -0.00155813 0.000222291 
-0.00099235 0.0319582 0.000542864 -0.00347533 -0.00529621 -0.00329597 0.228625 -0.0548517 -0.00624852 -0.00044286 0.00184543 -0.00580127 -0.0237584 -0.00614775 -0.00573153 -0.0370022 0.00851266 -0.00553015 0.0419662 -0.00213548 -0.00995206 -0.0383048 -0.00622469 -0.00973297 -0.0136781 -0.00250716 -0.0105634 0.0624777 -0.00124391 -0.0274992 0.0558073 -0.00438813 -0.00367955 -0.00376772 0.00255861 -0.0209802 -0.00687567 -0.0117602 0.0168973 0.00106967 -0.00926233 0.016992 0.067288 -0.0101694 -0.025478 0.0340693 0.000511081 -0.00736991 -0.0375744 0.000310877 -0.0206524 0.0580131 0.0345753 -0.00109225 -0.0172369 0.00344335 -0.0133362 0.00321383 -0.00364947 0.00168085 -0.0135998 -0.00489755 -0.0259095 -0.0515486 -0.00653379 -0.00667833 -0.0113073 0.0248596 0.00929122 0.0348033 -0.0273876 -0.0105692 0.000102755 0.0284101 -0.0058979 -0.0105226 0.030617 -0.0137965 -0.000339613 -0.00445485 -0.00948142 -0.0109543 -0.0233754 0.00279696 0.00866745 -0.00532185 -0.000361701 0.000526365 -0.00456777 -0.00410381 -0.00245035 -0.0152592 -0.00696086 0.0104778 -0.0117868 -0.00651022 -0.000482076 0.0110209 -0.0465884 -0.0145953 
0.000759493 -0.0414304 -0.000376575 0.00433909 0.00663508 0.00199858 -0.0548517 0.121943 0.00921035 0.000233648 -0.00210134 0.00562537 0.00702115 -0.0323152 0.00364425 -0.00637076 -0.0560682 0.000807511 0.0142243 0.000423779 0.0134562 0.028502 0.0313198 0.00979742 -0.00414348 0.000509786 -0.00758614 -0.0255102 -0.000262244 0.0247329 -0.0605438 0.00852116 0.00241802 0.00106643 -0.00353208 -0.00283846 0.00543445 0.00987208 0.000327335 0.00638939 0.0117641 -0.00171231 -0.0223553 0.0112408 -0.0166566 -0.0271163 -0.000633642 0.00981557 0.00107148 4.3439e-07 0.0108165 -0.000478213 -0.00178603 0.00208933 0.0229528 0.00240023 -0.013739 -0.0305338 0.00238091 -0.000424993 0.0169781 0.000642181 0.0112675 0.00849996 0.00843798 0.00290103 -0.00534553 -0.00782181 -0.00568881 0.00443133 0.0388408 0.0104301 -0.000160693 -0.0278375 0.0031237 0.00497864 0.0180518 0.0118776 0.000345124 -0.00178249 0.0108681 -0.0416287 -0.038199 -0.0086576 -0.02551 0.00725671 -0.00137985 -7.09885e-05 -0.0133649 0.00152389 -0.00186175 0.010001 -0.000524761 -0.0110736 0.000812054 0.00548902 1.45711e-05 -0.0105191 0.0505119 -0.00623374 
0.000208548 -0.0127578 0.000938105 0.00299012 0.000212465 0.00415162 -0.00624852 0.00921035 0.0805049 0.000464909 -0.00117374 0.00113483 0.00468796 -0.00548136 0.00813512 0.0152487 0.00921182 0.00286013 -0.0268166 -4.28686e-05 0.00369151 0.0274401 -0.0152671 0.00407593 -0.0101082 0.000341821 0.000963842 -0.0247412 0.0003918 -0.000686105 0.00645959 -0.000824768 0.00068535 0.000298517 -0.00438416 0.019911 0.00458319 0.00194211 -0.00104818 -0.00655171 0.00399191 -0.0126593 0.0130798 0.00195273 0.0263208 0.0158783 -0.000250668 -0.000102516 0.0240901 -3.19822e-05 0.00117225 -0.0169173 -0.00962194 -0.000437195 -0.000411436 -0.00250724 -0.00271312 -0.0323264 0.00252148 0.00243203 0.00416192 0.000155238 -0.00503629 0.0147783 -5.13822e-05 0.00625366 0.0089317 0.000977122 -0.00991287 -0.00601086 -0.0208114 -0.028874 0.000112732 0.00901039 0.00138256 0.00284427 -0.0223363 0.00608845 -0.000136702 0.000257907 -0.00143596 -0.0244276 -0.037324 0.0156427 -0.0334995 0.000394951 0.00181008 -9.99946e-06 0.0237889 -0.000886766 0.000624748 -0.00793088 -0.000116519 -0.00619027 0.00708188 0.00361622 -6.11358e-05 -0.00770923 -0.000426229 -0.00279822 
7.72341e-06 -0.0004086 -4.68286e-06 0.000160721 3.75449e-05 -3.6024e-05 -0.00044286 0.000233648 0.000464909 0.000883707 1.16348e-05 1.7657e-05 7.70248e-05 -0.000236602 0.000119387 0.000266449 -8.81373e-05 5.59447e-05 -0.000486424 2.50171e-05 8.15955e-05 0.000544051 -0.000224103 0.000182523 -7.19952e-05 3.89692e-06 3.25779e-05 -0.000677999 8.62916e-06 0.000106665 -0.000380431 -4.45776e-06 9.35377e-05 2.54151e-05 -2.9767e-05 0.00050958 5.31248e-05 2.6848e-06 -0.000115084 6.35214e-05 0.000159348 -0.000122787 -0.000132494 0.000230922 0.000107648 -0.000106069 -5.13663e-06 3.34522e-05 0.000330493 -3.75776e-08 6.05581e-05 -0.000510075 -0.000101642 8.33072e-05 9.70816e-06 0.00017138 -9.09506e-05 -0.000302445 5.87154e-05 1.14693e-06 3.05149e-05 8.64389e-05 -3.6549e-05 0.000336186 1.16109e-05 0.00012779 0.000215786 -4.5602e-05 -0.000138365 -0.000289723 -0.000360899 -0.000347824 1.59938e-06 -9.86557e-05 -3.48506e-06 0.000198993 -0.000386593 0.000158762 -1.79457e-06 2.09793e-06 4.41578e-06 -0.000120358 -0.000291829 0.000160359 -0.000482108 2.3334e-05 2.91423e-05 8.90632e-06 8.15627e-05 2.99215e-05 3.96959e-05 -6.9559e-05 3.95408e-05 -5.9037e-05 0.000245933 0.000128291 4.87527e-06 -9.65546e-05 0.000147762 -2.16262e-05 
0.000207742 -0.00162241 0.000133791 -6.4614e-05 -0.000175434 0.00254346 0.00184543 -0.00210134 -0.00117374 1.16348e-05 0.0261469 0.000816839 -0.000569274 -9.60054e-05 -0.000183467 -0.00210596 0.00206945 -8.29901e-05 -0.00188554 1.69177e-05 -0.000184348 -0.00104114 -0.00573845 -0.000315778 -0.00194624 -7.60976e-05 -0.00098182 0.00153608 0.00022512 -0.000361975 -0.00113522 0.000926716 -0.000171931 0.00180039 0.00559319 -0.000300946 0.000113977 -0.000348525 0.000850787 -0.00112548 -0.000486986 -0.000931395 -0.00111342 -2.83113e-05 -0.00165931 -0.00361816 0.000282629 0.000146824 -0.00204452 2.33434e-05 -4.99526e-05 -0.00916593 -0.00112355 0.000391483 -0.000132512 0.000895684 -0.00050151 0.00188148 9.37345e-05 -2.10332e-05 0.000438506 0.000496758 -0.000700333 -0.00251942 0.000492001 0.000250203 -0.00291236 0.00436308 0.00138011 0.00234379 -0.00642614 -0.00510773 9.91776e-05 0.00499121 0.00044943 -0.000109879 -0.00412196 0.000803295 -1.19413e-07 0.00176599 -0.000494004 0.00528767 0.00224205 -0.00100374 0.00440885 0.000464521 -5.14119e-05 -3.28159e-06 -0.002099 0.00016358 -0.000767083 -0.00141811 -0.000242416 -0.00140623 -0.000267687 -8.55855e-05 3.97074e-05 -0.00247426 -0.00248544 0.000328004 
0.000638536 -0.00780474 5.32413e-05 0.000231638 0.00126689 0.00182457 -0.00580127 0.00562537 0.00113483 1.7657e-05 0.000816839 0.0123905 0.0042073 -0.00368061 -5.99209e-05 -0.000229574 -0.00446033 0.00141007 -0.00405073 0.000610756 0.00180799 0.00110826 -0.000663403 0.00179876 -0.00128558 0.000723994 -0.000505013 -0.00531256 0.000479963 0.00112851 -0.00506307 0.00320037 0.00015647 5.20411e-05 -0.000658037 0.000110397 0.0016835 0.000584935 -0.000529511 0.000542508 0.00031797 -0.00134965 -0.00118793 0.0011285 0.000293133 -0.000702537 0.000437484 0.00146581 0.00204448 4.72791e-05 0.00379554 -5.99349e-05 -0.00143717 0.000373519 0.00332705 -0.000151438 -0.00120459 -0.00405994 0.00117405 0.000373853 0.00386502 -0.000155616 -0.000166127 0.00115145 0.00204965 0.000210998 -0.000552063 -0.000422665 -0.00211533 -0.0021151 -0.000252053 -0.00327394 0.00024218 -0.000916395 0.00125008 1.99022e-05 -0.00124025 0.00276407 2.36388e-05 -0.000149167 0.00124061 -0.00461789 -0.00635299 -0.000125261 -0.0061862 0.00136641 0.00135602 4.33037e-05 0.000617026 0.000250844 -2.31965e-05 -4.32942e-05 0.000349352 -0.000481664 0.00179708 0.00165041 9.97495e-06 -0.00141656 0.00259144 -0.000370744 
0.000882083 -0.0109786 -0.000203015 0.00259498 0.000610559 0.00237447 -0.0237584 0.00702115 0.00468796 7.70248e-05 -0.000569274 0.0042073 0.0648784 -0.00804567 0.00283394 0.00683551 -0.000296707 0.00655407 -0.0370218 0.00250921 0.00204101 0.0162863 -0.0183985 0.00433992 0.0151756 0.00122352 0.00120863 -0.0278114 0.000534748 -0.00174933 -0.00752076 0.00358949 0.000583665 2.03445e-05 -0.00150542 0.00059672 0.00974817 0.00460737 -0.00770269 0.00774889 0.00357529 -0.00480288 0.00467037 0.000115844 0.00704482 0.00147438 0.000200248 0.000579848 0.0175498 -4.36837e-05 0.0265809 -0.0202594 -0.00805011 -0.000599311 0.00481043 -0.00481576 0.0025577 -0.00220274 0.00246604 2.93319e-05 0.0101918 -0.00050997 -0.00368782 0.00980624 0.00219986 0.00110652 -0.00361955 -0.00887017 -0.0121156 -0.025452 -0.0103774 -0.0143142 0.000119308 -0.00446753 0.0030065 -0.000749629 -0.0251072 0.0131415 -6.42901e-05 -0.00102109 -0.00154845 -0.0132667 -0.00386572 -0.0029551 -0.0222001 0.000634106 0.00653325 -0.000147813 0.0139157 0.00423453 0.00277356 0.00695625 0.0027754 0.00791072 0.0094903 0.00485167 4.23789e-05 -0.00428286 -0.000812901 0.000655741 
-0.0012156 0.0104814 -0.00275413 -0.00287962 -0.0046042 -0.00257684 -0.00614775 -0.0323152 -0.00548136 -0.000236602 -9.60054e-05 -0.00368061 -0.00804567 0.239373 -0.0034566 -0.0164084 0.0912699 -0.00339892 -0.0515642 -0.00124241 -0.00357389 -0.0360437 -0.0774688 -0.00573064 0.000793354 4.49617e-05 0.0144544 0.0189946 0.00130704 0.00266785 0.0596292 -0.010989 -0.00120339 -0.00286367 0.00282101 -0.00123653 -0.00577752 -0.00970597 -0.00303768 0.0128698 -0.00263303 -0.0431411 0.0510345 -0.00838513 0.00937162 0.0536747 -0.00186921 -0.00332848 -0.00829098 -0.000545218 -0.00793141 -0.0264899 -0.0476645 -0.00414878 -0.00748946 -0.0128317 0.0216682 0.106622 -0.0018059 0.00150437 -0.0110194 0.00133623 -0.0190746 0.0285394 -0.00655276 -0.00451818 -0.0366208 -0.0218452 -0.0423261 -0.0873643 -0.0582265 -0.0579824 -0.00181907 -0.00072519 -0.00154223 -0.00302282 -0.0511735 -0.00622536 -0.000664881 0.00472484 -0.00547382 0.0648917 0.042326 0.0191099 -0.00669082 -0.0048383 -0.0080524 -0.0014398 -0.000882283 0.00148539 -0.00340684 0.0084579 -0.00306544 0.0408613 -0.0085576 -0.00439837 0.000133582 0.0286393 -0.0166842 0.0153956 
4.85091e-05 -0.00397058 0.000205652 0.0020431 -4.81498e-05 -8.67446e-05 -0.00573153 0.00364425 0.00813512 0.000119387 -0.000183467 -5.99209e-05 0.00283394 -0.0034566 0.0112784 0.00405982 -0.00139434 0.00101627 -0.00543024 3.20968e-05 0.00185236 0.00641952 -0.00221661 0.00177385 -0.00118857 9.32352e-05 -0.00034981 -0.00843742 -4.04485e-06 0.00112859 -0.00409078 0.000452271 0.000285816 6.80815e-05 -0.000585604 0.00426696 0.00285596 0.00238427 -0.000535399 -0.000215233 0.00229109 -0.00138878 -0.000435852 0.000245071 0.00249698 -0.000523981 -7.25645e-05 0.000201921 0.0053578 -6.40693e-06 0.00121615 -0.00566986 -0.00125279 -5.17488e-05 0.00063558 -0.00014776 -0.00128908 -0.00523655 0.000364345 -6.40929e-05 0.00272077 0.000599415 -9.10827e-05 0.00431025 0.000146946 0.00152385 0.00291739 -0.00170332 -0.00168312 -0.0049041 -0.00239295 -0.00390853 1.94774e-05 -0.00145729 0.000470674 0.00165969 -0.00473771 0.00326395 -2.2535e-05 -0.00013395 0.000134797 -0.00438637 -0.00608574 0.00090562 -0.00640624 0.000190181 0.000710927 -2.20129e-05 0.00349568 -0.000170856 0.000630482 -0.00102197 0.000165344 -0.00131321 0.00243583 0.00150225 5.2092e-06 -0.00113769 0.000547449 -0.000459384 
3.72381e-05 -0.00902723 5.60723e-05 -0.000494784 0.000283478 0.00388225 -0.0370022 -0.00637076 0.0152487 0.000266449 -0.00210596 -0.000229574 0.00683551 -0.0164084 0.00405982 0.0939869 0.0140592 0.00430421 -0.0340893 0.000484064 -0.00270319 0.0559717 -0.0123323 0.00401384 -0.00761784 0.000829109 0.00880931 -0.0533931 -0.000472382 -0.000783727 -0.00043278 -0.00212097 0.00236166 -0.000217924 -0.00338548 0.0304745 0.000716436 0.00234921 -0.0111321 -0.00576341 0.00478733 -0.00523367 -0.0268819 0.000674636 0.0498973 -0.0143555 0.000185224 -0.00081187 0.0538501 -2.91882e-05 0.00720345 -0.050341 -0.00832211 -0.00089088 5.23521e-05 -0.00731168 0.00475004 -0.0242521 0.000482195 -0.000675605 0.0005939 0.00148829 -0.00244773 0.0203534 -0.000559887 0.00487387 0.0457876 0.00273252 -0.0157908 -0.0130246 -0.00745341 -0.0217444 0.000707866 -0.00970826 0.000198323 0.00240238 -0.0333655 0.000512268 -0.000136155 -0.00105522 -0.00102284 -0.0123323 -0.0102124 0.00323226 -0.0208892 -0.00074314 0.00223988 -0.000207911 0.0269027 0.000881584 0.00240431 -0.00920586 0.00765802 -0.0100533 0.0109502 0.00108249 0.000149172 -0.00681763 0.0144218 0.00147429 
-0.000945992 0.0378418 -0.00280828 -0.00227047 -0.00529751 -0.0098108 0.00851266 -0.0560682 0.00921182 -8.81373e-05 0.00206945 -0.00446033 -0.000296707 0.0912699 -0.00139434 0.0140592 0.249363 -0.00176457 -0.110676 5.00679e-05 -0.0156217 0.00987089 -0.0826072 -0.00790595 0.00305237 0.00041605 0.0253502 -0.00257937 0.00196118 -0.0137667 0.0887329 -0.00514292 -0.0016087 -0.00199861 0.0155844 0.0126484 -0.00482099 -0.00669714 -0.01093 -0.0177602 -0.00661588 -0.0527264 0.0888699 -0.00651985 0.0551692 0.0802106 0.000612157 -0.00635709 0.0173204 -0.000543406 -0.00577543 -0.0616058 -0.0364931 -0.00372243 -0.0144915 -0.0227273 0.0263408 0.0636088 -0.00303458 0.00198911 -0.0116913 0.000833661 -0.0201357 0.0156517 -0.00568381 -0.00260926 -0.00643351 -0.00268288 -0.0611124 -0.0198655 -0.0772312 -0.0741623 -0.000303154 0.0056305 -0.00494403 -0.00601185 -0.102056 -0.00919203 -0.000948511 0.0020368 -0.0104732 -0.0132106 0.0399014 0.0301006 -0.0185128 -0.00473994 0.00321574 -0.00110175 0.044509 0.00366554 -0.00604763 0.00487569 -0.00121227 0.0318398 -0.00125342 -0.00414139 6.74833e-05 0.00987751 -0.0493557 0.00672447 
0.000262562 -0.00253951 9.88373e-05 9.45494e-05 0.000365288 0.0019125 -0.00553015 0.000807511 0.00286013 5.59447e-05 -8.29901e-05 0.00141007 0.00655407 -0.00339892 0.00101627 0.00430421 -0.00176457 0.0100962 -0.00594084 0.00101859 -9.461e-05 0.00664792 -0.00282044 0.000622716 0.00121658 0.000462514 -5.68953e-05 -0.00828748 -1.89586e-05 1.02181e-06 -0.00447613 -0.000188855 0.000165959 6.13753e-06 -0.000386606 0.00224004 0.00308881 0.000140292 -0.00126937 -0.000671287 0.000266947 -0.000280562 -0.00318618 -5.57494e-05 0.00270559 -0.00196251 0.000283903 -4.09178e-05 0.00816076 2.32067e-06 0.00480199 -0.00585253 -0.00104525 -9.63471e-05 0.000197042 -0.000664314 -0.00106557 -0.00465589 0.000822108 -3.652e-05 -2.09916e-05 -6.92122e-05 -0.000739673 0.00636323 1.11111e-05 0.000223237 0.000391551 -0.00151283 -0.00179571 -0.00421573 -0.00393937 -0.00346872 1.47156e-05 -0.00201893 0.000815195 -8.07776e-05 -0.00428351 0.00337662 4.54294e-06 -0.000152388 -0.000160751 -0.00445464 -0.00481729 -0.000136931 -0.00561466 -5.58462e-05 0.00415391 -3.17487e-05 0.00582712 7.86383e-05 0.0023757 -0.000321362 0.00169765 -0.00113113 0.00570919 0.0034508 2.25736e-05 -0.00124447 -0.000560837 9.23287e-05 
-0.00105924 0.00224544 0.0018392 -0.00332253 -0.00221079 0.00345186 0.0419662 0.0142243 -0.0268166 -0.000486424 -0.00188554 -0.00405073 -0.0370218 -0.0515642 -0.00543024 -0.0340893 -0.110676 -0.00594084 0.23724 -0.00187449 0.00505251 -0.0323501 0.10014 -0.00866729 -0.0188466 -0.0018851 -0.0218354 0.0609621 -0.00438334 -0.00429735 -0.0362693 -0.00836009 -0.00268455 -0.00181742 -0.022181 -0.0272141 -0.00663394 -0.00743432 0.0169804 -0.00487091 -0.00472904 0.0413306 -0.051998 -0.00469233 -0.0586641 -0.074078 -0.00252583 -0.00337243 -0.0470115 0.000348831 -0.0237857 0.0794897 0.0378468 0.00249186 -0.00746612 0.0158975 -0.0227781 -0.0528686 9.91494e-05 -0.00121563 -0.00976876 -0.0025052 0.0127361 -0.0411164 -0.00532539 -0.00522517 -0.00239309 0.01613 0.0473281 0.0593765 0.107916 0.0793707 -0.000747708 0.00649172 -0.00195711 0.00112559 0.104735 -0.0109479 0.000604196 -0.00453792 0.00365837 0.00147196 -0.0265799 -0.0332598 0.0405544 -0.00325122 -0.0100231 0.000397822 -0.0626713 -0.0114268 -0.00371801 -0.0135329 -0.00269301 -0.0447672 -0.0120631 -0.0049258 -0.000341568 0.0143013 0.0171298 -0.00981015 
2.17554e-05 -0.00107592 2.26449e-06 4.19028e-06 -1.06381e-06 0.0011645 -0.00213548 0.000423779 -4.28686e-05 2.50171e-05 1.69177e-05 0.000610756 0.00250921 -0.00124241 3.20968e-05 0.000484064 5.00679e-05 0.00101859 -0.00187449 0.00452013 0.000220386 0.00149552 -0.000810486 7.46854e-05 0.00090823 5.81597e-05 0.000483028 -0.00238421 6.2267e-06 -0.000179174 -0.00155282 -1.33487e-05 3.37886e-05 1.57212e-06 -8.16312e-05 -0.000163994 0.001542 0.000105703 -0.000112202 -0.000233081 4.06352e-06 -0.000544405 -0.000626471 -4.81448e-05 0.00041349 -3.96076e-05 2.80356e-05 2.5245e-06 0.00210176 3.91686e-06 0.00250856 -0.00217311 -0.000426413 -2.66332e-05 -4.74876e-05 -0.00025488 -3.21716e-05 -0.000915925 0.00058602 4.92067e-05 -2.11414e-05 -6.87784e-05 -0.000319355 0.00147398 -4.56238e-05 -3.51326e-05 -0.000275948 -0.000165071 -0.000579183 -0.00197507 -0.00167301 -0.00142261 1.63182e-05 2.07614e-06 2.65133e-05 -9.5737e-05 -0.00152955 0.0014214 1.01301e-05 -6.45226e-05 -8.67092e-05 -0.00116048 -0.0015355 -0.000131271 -0.00247108 -2.12715e-05 0.00200552 -4.19989e-06 0.00128743 -2.07023e-05 0.00063776 0.000127527 0.000167448 -2.40871e-05 0.00194074 0.000720605 2.26371e-05 -0.00034161 -0.000188959 -7.52907e-05 
0.000132292 -0.0160445 -0.000212072 0.00293445 0.00245418 0.00210114 -0.00995206 0.0134562 0.00369151 8.15955e-05 -0.000184348 0.00180799 0.00204101 -0.00357389 0.00185236 -0.00270319 -0.0156217 -9.461e-05 0.00505251 0.000220386 0.038345 0.00262967 0.0046916 0.0033755 -0.00431171 0.000553161 -0.00185345 -0.00400162 -0.00025268 0.00547241 -0.00913245 0.00485415 4.59856e-05 0.000577096 -0.000639208 -0.000622886 0.00203234 0.00600183 0.00656711 0.00154004 0.000506252 -0.00419115 -0.00579996 0.00204506 -0.00424437 -0.00789429 4.98277e-06 0.00309774 -0.00228711 6.06253e-05 0.000236211 0.0021797 -0.00218537 0.000712848 0.00504436 0.00403775 -0.00261975 -0.0132662 0.00367456 -9.38746e-05 0.00629176 0.00017676 -0.00102999 -0.00081041 0.0032774 0.00077583 0.00108744 0.000268152 -0.00237302 -0.00831477 -0.00499357 -0.00494606 -9.0501e-05 0.00331282 0.000428266 0.00334513 0.00316746 0.0035162 1.38953e-05 -0.000153133 0.000933011 -0.00213913 -0.0134247 -0.00238657 -0.00765308 0.00249405 -0.000719627 0.000108465 -0.00420071 -0.000501102 -0.000717759 0.000525849 -0.000245136 -0.00274729 -0.00014797 0.000147085 -2.89402e-05 -0.0022573 0.00723136 0.000450686 
0.00032554 -0.0179155 -0.000285994 0.00221019 0.00196659 0.00207996 -0.0383048 0.028502 0.0274401 0.000544051 -0.00104114 0.00110826 0.0162863 -0.0360437 0.00641952 0.0559717 0.00987089 0.00664792 -0.0323501 0.00149552 0.00262967 0.171892 -0.00766908 0.00423109 -0.00668537 0.00135955 0.0105815 -0.0675718 -0.00160464 0.00445259 -0.00133399 -0.00161792 0.00234198 6.356e-05 0.000446067 0.0261742 0.00666736 0.0032195 -0.0193896 -0.00302144 0.00886639 -0.0143596 -0.0175298 0.00132921 0.048664 -0.0234648 -0.000217634 -0.00065565 0.0631447 -3.38371e-05 0.0165258 -0.0705662 -0.0234048 0.00174816 0.00359697 -0.00876508 -0.0183084 -0.0536697 0.0034467 -0.00122271 0.00234333 0.00281156 0.00328573 0.0253808 0.000757376 0.00467404 0.0589703 0.0285095 -0.0313018 -0.000120776 0.00410679 -0.0454139 0.00112902 -0.008307 0.0021296 0.00628582 -0.048232 0.011169 -0.000340496 -0.00190823 -0.00102752 -0.0581953 -0.0319923 0.00437194 -0.0503358 -0.000247706 0.00539765 -6.84629e-06 0.039758 0.00167606 0.00303389 -0.00758484 0.00536268 -0.0245408 0.0142212 0.00659459 0.000172947 -0.00646873 0.0160192 -0.00735309 
-0.000552462 -0.0081559 0.0020518 -0.00130205 -0.000893381 0.00519264 -0.00622469 0.0313198 -0.0152671 -0.000224103 -0.00573845 -0.000663403 -0.0183985 -0.0774688 -0.00221661 -0.0123323 -0.0826072 -0.00282044 0.10014 -0.000810486 0.0046916 -0.00766908 0.205414 -0.00416165 -0.0153258 -0.00105238 -0.00919892 0.0270471 -0.00221122 0.00147744 -0.0536951 -0.0060385 -0.00199727 0.000194766 -0.014818 -0.012168 -0.00301653 -0.0010132 -0.00311556 -0.0142167 -0.00367474 0.0325158 -0.087427 -0.00085758 -0.0314257 -0.0568331 -0.000969719 -0.00331954 -0.0222051 0.000434943 -0.0118171 0.0607139 0.0364599 0.00555138 -0.00421656 0.000485062 -0.0202254 -0.0595111 0.00300344 -0.00204418 -0.00452795 -0.00290897 0.0213058 -0.0318323 -0.00250391 -0.00270717 -0.00162309 0.0202705 0.0630521 0.0740885 0.103177 0.0897463 -0.00141524 -0.0219154 -0.00217546 0.00621662 0.0994359 -0.00527092 0.000449755 -0.00329281 0.00241417 -0.0508198 -0.0399114 -0.0191213 -0.00305544 -0.00187536 -0.00417664 0.00133977 -0.0312296 -0.00591125 0.000141321 -0.01593 -0.00110445 -0.0357451 -0.00554246 -0.00156282 -0.000233138 -0.0350665 0.0341598 -0.0111321 
0.000199467 -0.0129593 -9.65883e-05 0.00124853 0.00328237 -0.0002283 -0.00973297 0.00979742 0.00407593 0.000182523 -0.000315778 0.00179876 0.00433992 -0.00573064 0.00177385 0.00401384 -0.00790595 0.000622716 -0.00866729 7.46854e-05 0.0033755 0.00423109 -0.00416165 0.0156863 -0.00212727 0.000708082 -0.00086366 -0.0123588 0.000220921 0.00524811 -0.00998415 0.00464966 0.00225179 0.000943474 -0.000144783 0.0028251 0.00165703 0.00598581 0.000784614 0.00372688 0.00273401 -0.0022329 -3.80654e-05 0.0034362 -0.00122065 -0.00118786 0.000113789 0.0044382 0.00407464 1.54135e-05 0.00344515 -0.00661624 -0.00195705 -2.8163e-05 0.00782735 -0.000213393 -0.00128588 -0.00471076 0.000107127 -8.58849e-06 0.00844814 -0.000147622 -0.000852841 0.00293508 0.00432504 0.00367137 0.000779073 -0.00273309 -0.00282725 -0.00893862 -0.00364359 -0.00634039 0.000218819 -0.00431453 0.0015272 0.00049491 -0.00618318 0.00401424 -2.01423e-05 -0.000224793 0.00234922 -0.0042993 -0.00794057 -0.000852951 -0.00945313 0.00286399 -0.000141282 -4.8506e-05 -0.00137519 0.00033028 -0.00013467 -0.00109425 0.00020811 0.00159886 0.00295675 0.00133568 1.41671e-05 -0.00108993 0.0101697 -0.00070435 
0.000217424 0.012941 0.00145529 -0.000626233 -0.00120331 -0.00414218 -0.0136781 -0.00414348 -0.0101082 -7.19952e-05 -0.00194624 -0.00128558 0.0151756 0.000793354 -0.00118857 -0.00761784 0.00305237 0.00121658 -0.0188466 0.00090823 -0.00431171 -0.00668537 -0.0153258 -0.00212727 0.120996 -0.000397081 -0.000258061 0.00532642 0.000181133 0.00408793 0.00671575 0.000542343 -0.000124238 -0.000403147 0.00713022 -0.00613512 0.000180092 -0.00175286 -0.00173436 -0.00269185 -0.00271985 0.00249511 -0.00856095 -0.00249622 -0.0167942 -0.0142011 -0.000300268 -0.00169594 -0.00498554 -3.47086e-05 0.00543112 -0.0175131 -0.00229388 -0.000109544 -0.00327481 -0.00467604 -0.00545307 0.01411 -0.00156375 -0.000963712 -0.00245812 1.45421e-05 0.00224268 0.025442 -0.0009619 -0.00109921 -0.0127186 -0.0141144 -0.0208428 -0.0395017 -0.0085428 0.0169998 0.000657528 -0.00650086 0.00105619 -0.00308266 -0.0173088 -0.00058878 -0.000173703 -0.000173922 0.000474064 0.00879361 0.0169285 -0.0076817 0.0168377 -0.0012189 0.00150848 -0.000325158 0.00180955 0.00169004 0.00580944 0.0291569 0.000510296 -0.00101125 0.000798949 0.000812376 0.000283224 0.000845339 -0.0122466 0.0093662 
1.4147e-05 -0.00159675 -3.63373e-05 0.000181147 0.000201176 -8.20534e-05 -0.00250716 0.000509786 0.000341821 3.89692e-06 -7.60976e-05 0.000723994 0.00122352 4.49617e-05 9.32352e-05 0.000829109 0.00041605 0.000462514 -0.0018851 5.81597e-05 0.000553161 0.00135955 -0.00105238 0.000708082 -0.000397081 0.00599693 0.00108096 -0.0023301 2.82473e-05 -0.0001204 -0.000491289 0.000392011 0.000116159 0.000274866 -0.000130005 0.00112373 0.000589554 0.00025964 -0.000237555 -4.03118e-05 4.8497e-05 -0.000798879 -0.000924517 0.000233316 0.00254989 -0.000647933 3.91549e-05 8.73263e-05 0.0015102 1.9809e-05 0.000662407 -0.00200433 -0.000597061 -5.72191e-05 0.000121653 -0.000226541 -0.000450488 -0.000600487 0.00013763 -1.91635e-06 0.000686899 1.20461e-05 -0.000431413 0.000984702 0.000471588 0.000214172 0.000653206 -0.000423314 -0.000848501 -0.00236646 -0.00123249 -0.00181449 -2.85601e-05 -0.000306016 0.00139249 -1.09819e-05 -0.00213819 0.000980513 -4.48372e-06 0.00015023 -0.000124915 -0.0003796 -0.00167943 0.000496593 -0.00237767 0.00016857 0.000346843 -1.54053e-05 0.000108267 -0.000114548 0.000131308 -0.000287765 0.000217331 -0.000663889 0.000519479 0.000697291 1.83149e-06 -0.000321903 8.81542e-05 0.0015442 
-6.15121e-05 0.00242135 -0.000258686 -0.000127312 -0.000607223 6.19509e-05 -0.0105634 -0.00758614 0.000963842 3.25779e-05 -0.00098182 -0.000505013 0.00120863 0.0144544 -0.00034981 0.00880931 0.0253502 -5.68953e-05 -0.0218354 0.000483028 -0.00185345 0.0105815 -0.00919892 -0.00086366 -0.000258061 0.00108096 0.0553013 -0.011789 0.000538954 -0.000353543 0.0138242 0.00113784 -6.64526e-05 0.00146436 0.000277036 0.00280868 -0.000566343 -0.0011264 -0.00600902 -0.00179782 -0.000839369 -0.00668248 0.0132728 -0.000833285 0.0240901 0.0159053 -0.000192522 -0.000639161 0.0111517 -6.84245e-05 0.00537273 -0.0219474 -0.00592566 -3.6787e-05 -0.00157845 -0.00444924 8.74395e-05 0.00208397 0.000102625 0.000691615 -0.00120243 0.000696962 -0.00415531 0.00337611 -0.000638652 2.16028e-05 0.000821052 -0.00099528 -0.00795532 -0.0139866 -0.0140001 -0.018371 2.67261e-05 0.0139994 -0.000185138 -0.000647855 -0.0233175 -0.000783386 -9.25558e-05 0.000773797 -0.00134678 -0.0110599 -0.00080825 0.00797853 -0.0272227 -0.000532766 0.000632201 -3.37942e-05 0.0133059 -0.000490339 -0.000638226 -0.00500749 -0.000230817 0.000470137 0.000392788 -0.000250155 -3.37291e-05 -0.000858825 -0.00600146 0.00480129 
-0.00142238 0.0339062 -0.000208151 -0.00427994 -0.0065114 -0.00176578 0.0624777 -0.0255102 -0.0247412 -0.000677999 0.00153608 -0.00531256 -0.0278114 0.0189946 -0.00843742 -0.0533931 -0.00257937 -0.00828748 0.0609621 -0.00238421 -0.00400162 -0.0675718 0.0270471 -0.0123588 0.00532642 -0.0023301 -0.011789 0.111464 -0.000497788 -0.015356 0.0248005 -0.00784441 -0.00466652 -0.00149415 -0.00206456 -0.0303339 -0.00951377 -0.0111734 0.0103196 -0.00384511 -0.0148567 0.0106065 0.0141165 -0.0101727 -0.0466388 0.0102282 -0.00143475 -0.00870865 -0.0671848 7.08699e-06 -0.0296751 0.0671018 0.014409 0.000695396 -0.0194818 0.00648576 0.00694774 0.0348615 -0.00264654 -0.000405638 -0.015998 -0.00323278 -0.00145333 -0.0345575 -0.00806726 -0.00701429 -0.0345219 0.00135971 0.0206387 0.036685 0.0210336 0.0387282 -0.000861996 0.00642821 -0.00385173 -0.00476729 0.0488326 -0.016666 9.30846e-05 0.000599331 -0.00527231 0.0342002 0.0260911 -0.00991421 0.0531722 -0.00634946 -0.00859133 0.000206785 -0.0383848 -0.00493169 -0.00642764 0.00144932 -0.00701213 0.00687634 -0.0173477 -0.00802107 -0.000308907 0.00905428 -0.0245804 -0.000239663 
0.00012731 -0.00160773 -6.61288e-05 -4.02566e-05 0.000206207 0.00010554 -0.00124391 -0.000262244 0.0003918 8.62916e-06 0.00022512 0.000479963 0.000534748 0.00130704 -4.04485e-06 -0.000472382 0.00196118 -1.89586e-05 -0.00438334 6.2267e-06 -0.00025268 -0.00160464 -0.00221122 0.000220921 0.000181133 2.82473e-05 0.000538954 -0.000497788 0.00807867 0.000202982 -5.80106e-05 0.000823713 3.91762e-05 7.53925e-05 -0.000279715 -0.000189549 6.47194e-05 3.62694e-05 -0.00023248 0.000624954 -3.02037e-05 -0.00111753 0.00162064 7.35267e-05 0.0012042 0.00195219 1.12279e-05 0.000693985 -0.000167974 -7.65111e-07 0.000426192 -0.00116977 -0.000847089 -5.5648e-06 0.000572466 -0.00054503 0.00254623 0.000427457 1.25545e-05 0.000500931 0.000738477 3.23243e-05 -0.000425285 -0.000260198 0.000350501 -5.69758e-05 -0.000997556 -0.000839952 -0.00122116 -0.00278346 -0.0023332 -0.000983643 9.93605e-06 -0.000519693 2.41865e-06 -0.0001713 -0.00230015 0.000228213 -6.66137e-06 -2.64214e-05 0.000215765 -0.000739351 -0.000422944 0.00146261 -0.00124852 0.00033919 -8.77591e-05 -8.62491e-06 3.69843e-05 0.000824078 -0.000256611 0.00171434 -7.06194e-05 0.00170719 2.51898e-05 -1.05589e-05 -6.24472e-06 -0.000747224 4.23932e-05 -0.00020695 
0.000318474 -0.0205078 -9.41002e-05 0.000485581 0.00519173 -0.00113958 -0.0274992 0.0247329 -0.000686105 0.000106665 -0.000361975 0.00112851 -0.00174933 0.00266785 0.00112859 -0.000783727 -0.0137667 1.02181e-06 -0.00429735 -0.000179174 0.00547241 0.00445259 0.00147744 0.00524811 0.00408793 -0.0001204 -0.000353543 -0.015356 0.000202982 0.0443102 -0.0220051 0.0059021 0.000728477 0.000155289 0.00273715 -0.000311041 -0.000102036 0.00523069 0.00287153 -0.000720506 0.00570865 -0.00479732 -0.00402688 0.00432703 -0.00491161 -0.00712568 -0.000246711 0.00839972 0.00439645 -3.36227e-06 0.00173386 -0.0125652 -0.00420261 0.00119654 0.0152348 -0.000816172 -0.00427367 -0.008881 -0.000313306 1.8026e-07 0.00604394 0.000351424 0.00908464 0.00898027 0.00495285 0.000772982 0.000705282 -0.00310626 -0.00448607 -0.0111216 0.00393508 -0.00479026 2.30221e-05 -0.00807552 -0.00011291 0.00193973 -0.00765258 0.00225896 -2.829e-05 -0.000370262 0.00777825 -0.00627755 -0.0146601 -0.00226083 -0.0112715 0.00569952 -0.000956939 -8.8863e-05 -0.00387031 0.00174281 -0.000288261 0.00872965 0.00042974 -0.00106206 0.000814126 0.00107441 9.65095e-05 -0.00311284 0.0218203 -0.00107859 
-0.00149512 0.0259347 -0.000262008 -0.00325558 -0.00595426 0.000740958 0.0558073 -0.0605438 0.00645959 -0.000380431 -0.00113522 -0.00506307 -0.00752076 0.0596292 -0.00409078 -0.00043278 0.0887329 -0.00447613 -0.0362693 -0.00155282 -0.00913245 -0.00133399 -0.0536951 -0.00998415 0.00671575 -0.000491289 0.0138242 0.0248005 -5.80106e-05 -0.0220051 0.203277 -0.00509383 -0.00259245 -0.00356786 0.00150068 0.00405534 -0.00764659 -0.0103198 -0.0258366 -0.0125043 -0.00775332 -0.0146744 0.0765961 -0.0100032 0.0295369 0.0544992 -0.00149439 -0.00701236 -0.00138934 0.000318049 -0.0113468 0.00523458 -0.0234746 -0.00305269 -0.0177996 -0.0236946 0.00925099 0.0201898 -0.00260034 0.00162069 -0.0123355 -0.00133234 -0.0110745 -0.00731059 -0.00760708 -0.00450731 0.00489205 0.0283382 -0.0560883 -0.0147558 -0.0293843 -0.0673215 0.000463094 0.0406094 -0.0055484 -0.0128671 -0.0565627 -0.0139571 -0.000918652 0.00223019 -0.00795931 -0.00441924 -0.00813606 0.0177607 -0.0101673 -0.00653001 -0.00406036 -4.11306e-05 0.0162644 -0.000116236 -0.00558053 -0.016186 -0.00363354 0.0160247 -0.00876752 -0.00721405 -0.000181167 0.0208928 -0.0373383 0.00669123 
0.000666538 -0.0104156 -3.62609e-05 0.00109577 0.00394257 -0.000702579 -0.00438813 0.00852116 -0.000824768 -4.45776e-06 0.000926716 0.00320037 0.00358949 -0.010989 0.000452271 -0.00212097 -0.00514292 -0.000188855 -0.00836009 -1.33487e-05 0.00485415 -0.00161792 -0.0060385 0.00464966 0.000542343 0.000392011 0.00113784 -0.00784441 0.000823713 0.0059021 -0.00509383 0.0263529 0.000561281 0.00157717 -0.000250312 -0.0010438 0.00100222 0.00585566 0.000845427 0.00204034 0.00061355 -0.00198007 0.00704276 0.00445607 -0.00228452 8.53786e-05 5.57233e-05 0.00668449 -0.00126415 -3.98263e-06 0.00297055 -0.0012762 -0.0014187 -3.80602e-05 0.00907499 -0.000656986 -0.00304724 -0.0064756 -4.45289e-05 0.000708327 0.0118169 -0.000151977 -0.000858138 -0.00315333 0.00765363 0.000481779 -0.00236758 -0.00351682 -0.00365383 -0.00768732 -0.00583401 -0.00697668 0.000198141 0.00198548 0.000996327 -0.000206193 -0.00733271 0.00213101 5.51806e-05 -0.000274761 0.00148817 -0.00827606 -0.0124144 -0.000224327 -0.00869932 0.00662884 0.000218225 1.78617e-05 0.00319822 0.00198174 0.00036619 0.00344686 -6.75678e-05 -0.00113425 -0.000224802 -0.000161594 -7.47289e-06 -0.00200794 0.00639996 -0.000891163 
2.89634e-05 -0.00431105 1.79474e-05 0.000489207 -4.20226e-05 -0.000206744 -0.00367955 0.00241802 0.00068535 9.35377e-05 -0.000171931 0.00015647 0.000583665 -0.00120339 0.000285816 0.00236166 -0.0016087 0.000165959 -0.00268455 3.37886e-05 4.59856e-05 0.00234198 -0.00199727 0.00225179 -0.000124238 0.000116159 -6.64526e-05 -0.00466652 3.91762e-05 0.000728477 -0.00259245 0.000561281 0.00874842 0.000349469 9.16588e-05 0.001077 0.00020503 0.00135034 -2.72927e-05 0.00138451 0.00177968 -0.000791426 -0.000522574 0.00170377 2.75558e-05 -0.00109655 6.51322e-05 0.00111386 0.00180541 7.03265e-06 0.00102319 -0.00498235 -0.000964504 -6.36022e-05 0.00205003 -0.000519154 -0.00068907 -0.00056343 -8.32882e-05 7.69716e-05 0.00220083 -8.84609e-05 2.41211e-05 0.0027557 0.000320594 0.000832578 0.00099609 -0.00112658 -0.00120246 -0.00430866 -0.000908879 -0.000981893 4.33792e-05 -0.00135652 0.000467031 -0.000195467 -0.00354628 0.000950345 -1.61856e-05 -7.56375e-05 0.000762012 -0.000582255 -0.000675813 1.66221e-05 -0.00128885 0.000349344 -0.000137066 -2.07761e-05 -0.000656856 -7.11903e-05 0.000340869 -1.7816e-05 0.000474076 9.99196e-05 0.000684187 0.000546779 9.13952e-06 -0.000382954 0.00302778 0.000133007 
0.000326837 -0.00122908 9.48592e-05 0.000319912 0.000273179 0.000352747 -0.00376772 0.00106643 0.000298517 2.54151e-05 0.00180039 5.20411e-05 2.03445e-05 -0.00286367 6.80815e-05 -0.000217924 -0.00199861 6.13753e-06 -0.00181742 1.57212e-06 0.000577096 6.356e-05 0.000194766 0.000943474 -0.000403147 0.000274866 0.00146436 -0.00149415 7.53925e-05 0.000155289 -0.00356786 0.00157717 0.000349469 0.0121795 0.000924434 0.00122425 0.00024791 0.00113455 -0.00146055 0.000545641 -8.45695e-05 0.000260881 -0.0037484 0.00131385 0.00061328 -0.00190227 0.000197335 0.000445532 -0.000404823 -1.7637e-06 0.000137727 -0.00468316 -0.000570833 0.000159513 0.000568255 -0.000702323 -0.000652527 -0.000455083 8.92802e-05 -1.06405e-05 0.00133222 0.000326597 -0.000770889 0.000333069 0.00148165 0.00091155 -0.00121116 -0.000877637 0.000938936 -0.00247624 -0.000704241 0.000799582 -5.92587e-05 0.00236843 0.00111597 0.00023206 -0.00123649 0.000851708 -7.49714e-06 0.000826392 0.000240091 -0.0017844 0.00050415 -0.000296516 -0.00165196 0.000620113 -6.46934e-05 -1.77105e-05 -0.00043142 4.43552e-05 0.000986078 -0.000940371 0.000224077 -0.00135997 0.000230074 8.07049e-05 5.23538e-05 -0.00149688 0.00163446 0.000865411 
