0.0769014 -0.00362349 -0.0152772 -0.00293561 -0.00433628 -0.00438563 -0.00431205 -0.000716513 -1.63888e-05 0.0138592 0.0261547 0.0273124 -0.0180189 0.00248439 -0.0139718 0.000308253 0.0190232 -0.0015301 0.0166652 -0.00122046 -0.0113299 -2.16346e-05 -0.0163821 -0.00123778 -0.0133593 -0.0172963 -0.010015 -0.00461902 0.00803455 0.00544115 -0.00185432 0.00267671 0.000464344 -0.0067549 0.00218216 -0.000259508 -0.000543283 0.00754227 -0.0228256 0.00545118 0.00188666 -0.000375596 -0.00063609 6.17651e-05 -0.000561449 -0.00133293 -0.00292132 -0.0039343 -0.00031453 -0.00726545 -0.00814095 -0.0145371 0.016408 0.00366341 0.00608683 -0.0127886 -0.00378106 0.00202801 -0.000983737 -0.000225109 -0.00380206 -0.0017526 0.00438743 -0.000600511 -0.000391084 -0.00875213 0.00981504 -0.0182491 0.00162797 -0.00297838 -0.000926549 -0.00561385 -0.000322622 0.000426333 0.0231317 -0.00699169 -0.0228138 -0.00124452 -0.00679844 -0.0109515 0.000408719 -0.000236254 0.00756707 -0.00119186 0.00891717 -0.00144278 -0.012935 -0.00557669 -2.39655e-05 -0.00403658 0.00344957 0.010834 0.00176324 0.0105684 -0.00914819 0.0169725 -0.000420182 0.00455822 0.0138048 -0.00102638 
-0.00362349 0.0512824 -0.00835037 0.00681422 0.00609373 -0.000457702 0.00712306 -0.000358329 -0.00161337 0.000631995 -0.0115212 -0.00747553 0.0153716 0.0096153 -0.0107854 -0.000709312 0.0121042 0.00153049 0.00532904 -0.00277322 0.00304098 -0.000692939 -0.00889886 -0.00168726 -0.00789778 -0.0111771 -0.00959272 -0.00316637 0.0200871 -0.00319959 -0.000395655 -0.000591064 0.000221012 -0.00442381 -0.000777692 -6.89346e-05 -0.000168017 0.00258513 -0.0188171 -0.00164045 -0.000172751 -0.000147343 -0.000176007 -2.23255e-05 -0.000682459 -0.000894408 0.00776983 -0.00257834 0.000695244 -0.00448119 0.00175315 -0.00903858 -0.00590532 -0.00131607 -0.00212745 0.00196021 -0.00854431 -0.000581116 0.00731385 -0.0011283 -0.00365967 0.0288982 0.00637955 -0.000594334 0.00233149 0.00445822 -0.0168706 -0.0165813 -0.00466682 0.00432503 0.00257434 0.00140825 2.16495e-05 0.000590291 -0.0076074 -0.00365416 -0.0144813 -0.00126789 -0.0048832 -0.00762148 0.00219952 -0.000783053 -0.000790722 -0.000191825 -0.0116107 -0.00123694 0.00193142 -0.00711943 0.000199481 0.00215421 0.00979774 0.00586965 4.65775e-05 0.00321209 -0.0121762 0.00694321 0.0200632 0.000703706 -0.000271332 0.00929723 
-0.0152772 -0.00835037 0.163282 -0.000716758 -0.00860342 0.00194676 -0.0136168 -0.00147974 0.00477991 -0.0402909 -0.00594301 -0.0329812 -0.0291301 -0.0328716 0.0178285 -0.0157539 -0.0529903 -0.00431979 -0.0268451 -0.00288622 -0.0188678 0.0105661 0.0578008 0.000230298 -0.00123997 0.0280322 0.0629856 -0.00348423 -0.000226464 -0.0132263 0.00969536 -0.00293114 -0.000892457 -0.00532805 -0.00621233 -0.00086086 -0.00164434 -0.0051142 0.0498342 -0.0195624 -0.00713359 -0.0012491 0.00343526 -0.000102768 -0.000907389 -0.0151308 -0.00506933 0.0288616 -0.00110519 -0.012125 0.0293711 0.0148005 -0.0197369 -0.00698766 -0.0101868 0.0229692 0.0231253 0.00037827 -0.00131337 0.00190871 -0.0144398 -0.0394656 -0.0210494 -0.00138191 -0.000958133 -0.0288967 0.0220543 0.0679232 -0.0230528 0.00425726 0.00359324 -0.0184249 0.000126088 -0.00276116 -0.0246545 -0.0104875 0.0490342 2.85555e-05 0.0106477 -0.00399979 -0.00553518 -0.00229688 -0.00463854 -0.00407243 0.0218982 -0.00126891 -0.0124132 -0.00237374 -0.000731228 0.0197541 -0.024076 -0.0255307 -0.00257115 -0.010784 0.0520674 -0.0251854 -0.00810422 -0.00200698 -0.0104994 0.00113906 
-0.00293561 0.00681422 -0.000716758 0.0386615 0.00748183 0.00165828 0.00347061 0.000340767 -0.00341622 -0.009657 -0.00685764 -0.00462311 -0.00300893 0.00304092 -0.0044056 -5.79467e-05 -0.0130138 0.00425301 -0.00650419 -0.00074704 0.00306986 -0.00166113 -0.00413402 0.00152651 0.00543146 -0.00552061 -0.00506906 0.00189191 -0.00149005 -0.000476217 0.00408242 -0.00013851 0.000622769 -0.000776358 -0.00130018 -0.000115311 0.00130094 0.000270045 -0.000296169 -0.00365762 -0.000395942 4.25303e-05 -8.4802e-05 5.56889e-05 -0.000253561 0.00543934 0.00632783 -0.00202203 0.00148298 0.000179891 0.00595557 -0.00398488 -0.00227684 -0.000466137 0.0019187 0.000886359 -0.00617704 0.0015665 0.00953227 0.00126639 0.00188861 0.00770565 -0.00484659 0.000357615 0.00110692 -0.00975665 -0.00518191 -0.00422535 -0.00423734 0.00187282 0.00125319 0.00868824 0.000474824 -0.000366292 -0.00491429 0.00181342 -0.00915904 0.00238792 -0.00235941 -0.007761 0.0033391 -0.000119478 -0.00101292 0.00038454 -0.00994168 -0.000148022 -0.0100321 -0.00172578 0.000114829 0.000584247 2.57835e-05 0.000709823 -0.000531807 0.00513544 0.00264385 -0.0093357 0.0141153 8.76138e-05 0.00133487 0.00729986 
-0.00433628 0.00609373 -0.00860342 0.00748183 0.0626238 0.0103686 -0.00324717 0.00161821 -0.00501303 -0.0146897 -0.000832616 -0.0127793 -0.0120165 -0.00485471 0.00607141 -0.00435211 -0.0166727 0.00125164 -0.0117017 0.00430273 -0.00705562 -0.00239202 -0.000934148 -0.00261094 -0.0085109 0.0152697 0.000311213 -0.00441484 -0.00995769 -0.00630432 -0.00077658 -0.000999593 -0.00032104 0.00714924 0.00104327 -0.000167576 -0.000507099 0.000184886 0.0146721 -0.00433903 -0.0005914 0.000165807 -0.000240606 -0.000101765 -0.000548653 -0.001707 -0.000124405 0.00234225 0.00352037 0.0060892 0.0221358 0.0131922 0.00162019 -0.00211228 -0.000322909 0.0114253 0.00388387 0.000835023 0.00900856 -0.000560488 -0.00559571 -0.00343236 -0.026403 0.00102293 0.000738353 -0.0208329 -0.0053026 -0.0066225 -0.00393408 -0.00193414 -0.000112962 -0.00386585 0.000309607 -0.000549603 -0.011294 0.0118525 0.0161784 0.000947538 -0.00446087 -0.00433314 0.00313206 -0.000277169 0.000535789 -0.00134088 0.0148132 0.000415684 -0.0084682 -0.00745635 0.000154186 -0.000948817 -0.00522755 0.0144164 -0.00090549 0.00441002 -0.000965858 -0.0166471 0.00901166 8.77884e-05 -0.00209294 0.00701723 
-0.00438563 -0.000457702 0.00194676 0.00165828 0.0103686 0.0679263 0.00285921 -7.87351e-06 -0.010601 -0.0270522 -0.00579654 -0.00610168 -0.0056289 -0.00479761 0.00200495 0.00145477 -0.0220351 -0.000140283 -0.0127947 -0.00236564 0.00615474 0.000454908 0.00411596 -4.04074e-05 0.0213618 -0.000601477 0.00227333 0.00269595 -0.0179214 -0.00439034 0.0123643 0.00016836 0.000121813 -0.00241222 0.00245801 -0.000285985 3.35399e-05 -0.000389887 0.0216246 -0.0023874 -0.00063749 0.000949142 -0.000252399 0.000112652 -0.000920954 0.00850544 0.000263176 -0.00368245 0.000231681 0.0140488 -0.00109468 0.00628941 -0.00787771 -0.00227077 -0.00267258 -0.00575578 -0.00412317 0.000508104 0.00160074 0.00411226 0.00522675 -0.00799942 -0.0194117 -0.000728502 0.000615584 -0.0225543 0.011385 -0.0115509 -0.00613959 0.000121946 -0.000744342 0.00220711 -0.000131619 -0.000958875 -0.0128451 0.0119296 0.014496 0.00564481 0.0045226 -0.00373499 -0.00153666 7.01137e-05 -0.00161047 -0.000479462 0.0110662 0.000565792 0.000501856 -0.00834597 0.000515307 -0.000109548 -0.0167031 0.00334386 -0.000532873 -0.00244997 0.0231603 -0.0188947 0.00373313 -9.62341e-05 -0.00320849 0.00287549 
-0.00431205 0.00712306 -0.0136168 0.00347061 -0.00324717 0.00285921 0.074833 0.000410747 -0.0145644 -0.027766 -0.0197777 -0.00672617 0.0520477 0.0360407 -0.0180501 0.0509931 -0.010349 0.00733253 -0.00437543 -0.00376558 0.0551457 -0.00526909 -0.0173029 0.000270453 0.0200676 -0.0152707 -0.0113134 -0.00678959 -0.0163587 -0.0065391 0.00632386 0.00237559 -0.000300789 -0.00684476 -0.00109359 -0.000241821 -0.000273018 -0.00212213 -0.0330868 -0.00295856 -0.00220107 0.00101798 -0.000405528 0.000194799 0.00214634 0.03776 0.0115478 -0.00445445 -0.000135006 0.0344327 -0.00685574 -0.0165657 -0.00998699 -9.00176e-05 -0.00274539 -0.0100956 -0.0488418 -0.000860058 -0.000800526 -0.00228745 0.0304966 0.0434653 0.0271199 -0.000956264 0.00123677 0.0121896 -0.0331209 -0.0178255 0.00687575 0.00586193 -0.000528859 0.0547934 -7.38876e-05 -0.000283348 -0.0153933 -0.00442589 -0.0236567 -0.00164218 -0.00746218 -0.0181851 -0.00266884 -0.000727112 -0.00246702 0.0112136 -0.0270232 -0.00234692 0.0226887 -0.00792466 0.000672903 -0.00082106 -0.0205643 -0.031265 -0.00119976 -0.00307161 -0.0217951 -0.0214352 0.0101858 -0.000755098 -0.00546241 -0.00147191 
-0.000716513 -0.000358329 -0.00147974 0.000340767 0.00161821 -7.87351e-06 0.000410747 0.0108079 -0.00229046 -0.0042741 -0.00140164 -0.00163903 0.00145945 -0.000474778 0.00321478 0.00105498 -0.00359527 0.00154422 -0.00186074 0.000170013 0.00112766 -0.000385051 0.000696894 0.000143577 -0.00117474 0.00315348 0.00253902 -0.000680459 -0.00451018 -0.000916162 -0.000460868 -8.07018e-05 -3.07019e-05 0.00211245 -1.42753e-05 9.03759e-05 5.17509e-05 -5.60932e-05 0.00129419 -0.000406342 0.000724096 0.000660829 -5.25942e-05 0.000151412 2.56166e-05 0.0025952 0.00182196 -0.00022846 -8.08317e-05 -0.000428122 0.00209113 0.00279593 6.86524e-05 0.000142124 0.000778236 0.00375923 -0.00277029 3.40249e-05 1.10891e-05 0.000171047 0.00164679 0.00100556 -0.00204652 0.000477755 0.000170601 -0.00195523 -0.00421391 -0.00128605 0.000296351 0.00057182 0.000107438 0.00118454 6.17189e-05 -0.000107994 -0.00172464 0.00120352 0.00221973 5.989e-05 -0.00126831 -0.00226247 -0.000360918 1.77141e-05 -0.000280787 0.00139703 0.00173902 0.000979186 -0.00150401 -0.00102868 6.04492e-05 0.000236946 -0.00306977 -0.00248097 -0.000170051 -0.000379392 -0.00276886 -0.00413736 0.00120087 -5.61248e-05 -0.000657072 -0.000164521 
-1.63888e-05 -0.00161337 0.00477991 -0.00341622 -0.00501303 -0.010601 -0.0145644 -0.00229046 0.176735 0.0810202 -0.0329921 -0.0171724 -0.0109847 -0.0208136 -0.0426451 -0.0167839 0.0559739 -0.00768727 -0.0117416 -0.0202534 -0.0254813 0.0297912 -0.0153444 -0.00238459 -0.0262856 -0.0493986 0.00379354 0.00520243 0.0976566 -0.0119524 -0.0146728 -0.00329759 -0.00107996 -0.0194188 -0.00589226 -0.000799535 -0.00157556 -0.00699651 -0.0667038 -0.00853124 -0.00688037 -0.00155543 -0.00158593 -0.00103406 -0.00231802 -0.0177536 -0.00676118 -0.00580081 -0.00219104 -0.0228442 -0.0131779 -0.0470458 -0.0268052 -0.00516626 -0.0136767 -0.0348523 0.0271346 -0.00459326 -0.00270111 -0.00479145 -0.0208292 -0.0404614 0.0309961 -0.00144548 6.2688e-05 0.0316624 0.0855152 0.059997 -0.0213202 -0.00553968 -0.00210872 -0.0174083 -0.000375892 -0.00022161 0.0272432 -0.0185381 -0.0506158 -0.00483207 -0.0122727 -0.0179826 -0.00763829 -0.00345112 -0.00699337 -0.00480662 -0.0572132 -0.00687397 0.0379921 0.00377764 -0.000607777 -0.00135603 0.102504 0.0307412 -0.0025794 -0.00533284 0.0104865 0.0874274 0.00351137 -0.00315114 0.00596153 0.0139277 
0.0138592 0.000631995 -0.0402909 -0.009657 -0.0146897 -0.0270522 -0.027766 -0.0042741 0.0810202 0.248148 -0.0285209 0.0260431 0.0279096 0.0081978 -0.069688 -0.0266715 0.109522 -0.00935128 0.0459837 -0.0187569 -0.0236582 0.00607701 -0.0680158 -0.00774837 -0.0614082 -0.10038 -0.0586687 0.0119563 0.118479 0.00587499 -0.0348791 -0.00541152 -0.00233351 -0.0329904 -0.00752119 0.000643816 -0.00167292 -0.00951079 -0.112628 0.0177807 -0.00989402 -0.00211339 -0.00291653 -0.00190561 -0.000612191 -0.0356599 -0.00877324 -0.0202819 -0.00248652 -0.0404633 -0.0341241 -0.0620197 -0.000152433 0.00521687 -0.0170244 -0.0611056 0.0515241 -0.00243808 -0.00475568 -0.00602816 -0.0270486 -0.000954782 0.108931 -0.00133937 -0.00181289 0.106238 0.0594596 0.0150987 0.00416055 -0.00471855 -0.00669735 -0.0365588 -0.00193008 0.00109939 0.0522232 -0.0301439 -0.118356 -0.00590251 -0.00219348 0.0227422 -0.0108906 -0.00382544 -0.00629818 -0.00783911 -0.0875229 -0.0103555 0.0533323 0.0106331 -0.000184978 -0.0178266 0.121881 0.0471148 -0.0035022 -0.00466105 -0.0263651 0.169382 -0.0161544 -0.00370995 0.00705602 -0.00512884 
0.0261547 -0.0115212 -0.00594301 -0.00685764 -0.000832616 -0.00579654 -0.0197777 -0.00140164 -0.0329921 -0.0285209 0.207889 0.00587275 -0.0502947 -0.0311347 0.0161491 -0.0108644 -6.80736e-05 -0.00228738 -0.0119131 0.0404881 -0.0441591 -0.0124349 -0.0183466 -0.0106053 -0.0278199 0.0295098 -0.00561711 -0.0145829 -0.0531475 -0.0236874 -0.00836937 -0.00442188 -0.00212248 0.000910008 -0.00309732 -0.000144314 -0.0021741 -0.004613 0.0766575 0.00975272 -0.00743772 -0.00109146 -0.0016104 0.000381382 -0.00131333 -0.0193967 -0.00908902 0.00470088 -0.00203708 -0.0105698 0.0168833 0.0166184 0.0327895 -0.00470631 0.00334072 0.000841892 0.0354613 0.001641 -0.00538885 0.0116002 -0.0257361 -0.0375381 -0.0464153 0.00141846 -0.000808744 -0.0584308 0.0148097 -0.0184845 0.00899932 -0.00197886 0.000850235 -0.0254394 -0.000681242 -0.00264103 0.016623 0.0406565 0.0442394 -0.00192641 0.00824592 0.0234241 0.00543809 -0.00245413 0.0177024 -0.00661603 0.112263 -0.00246035 -0.0259538 -0.010251 -0.000923596 -0.00933644 -0.0340146 0.00818513 -0.00381022 0.0017441 0.0292447 -0.0192737 -0.0236403 0.00248551 0.014776 -0.0117432 
0.0273124 -0.00747553 -0.0329812 -0.00462311 -0.0127793 -0.00610168 -0.00672617 -0.00163903 -0.0171724 0.0260431 0.00587275 0.158458 -0.00696307 0.00316817 -0.0198544 0.000797644 0.0181226 0.00185464 0.0720891 -0.00382649 0.00744767 -0.0106739 -0.0404208 0.0151489 0.00517136 -0.036891 -0.0382428 0.00666371 -0.00859494 0.0491554 -0.000511922 0.00385795 0.00282556 -0.0108408 0.00346883 0.000768191 0.00114532 0.0172674 -0.0518254 0.0121425 0.00808814 2.88605e-05 -0.00143465 0.000536933 -0.000244314 0.00196147 -0.00255917 -0.00882164 0.000870124 -0.00521211 -0.0193495 -0.0180509 0.0019783 0.0198301 0.00319972 -0.0208797 -0.0290012 0.000374251 -0.00367868 -0.000907698 0.0171619 0.0191457 0.048077 -0.000997714 0.000161372 0.0434379 -0.00353307 -0.0462699 0.00269134 -0.00667077 -0.00128618 0.000690294 0.000661347 0.00290305 0.0556278 -0.01653 -0.055734 -0.00330805 -0.00375962 -0.0101967 0.00377393 0.000517298 0.00597788 -0.00368831 -0.0323807 -0.00271475 -0.0245539 0.0251773 -0.000112261 -0.00943498 -0.0293376 -0.0239163 0.00690917 0.00492463 -0.0231558 0.0124105 0.00305965 0.00350238 0.00174419 -0.00833976 
-0.0180189 0.0153716 -0.0291301 -0.00300893 -0.0120165 -0.0056289 0.0520477 0.00145945 -0.0109847 0.0279096 -0.0502947 -0.00696307 0.201553 0.0530252 -0.0556667 0.0441338 0.0362784 0.0110295 0.0114171 -0.0188905 0.0874316 -0.0171287 -0.041472 -0.000905211 -0.0060322 -0.0459152 -0.0324814 -0.0199222 0.0285772 -0.0198036 -0.00261872 -0.000247248 -0.00101946 -0.0192936 -0.00398342 -0.000510782 -0.00157089 -0.00611544 -0.0964302 0.00632665 -0.00786715 0.000946394 -0.00200601 -0.000478216 0.00413338 0.0331452 0.0200523 -0.016824 -0.000223672 0.0294663 -0.0261457 -0.048051 -0.0346931 0.004095 -0.00965046 -0.0273905 -0.0507414 -0.00511208 -0.00373605 -0.00779153 0.0346359 0.0927354 0.0883894 -0.00290416 0.000507662 0.110158 -0.0647356 -0.0305172 0.0131929 0.0178292 -0.00345137 0.0568575 -0.000674018 0.0061215 -0.0239563 -0.0320718 -0.0625844 -0.00617744 0.0178833 -0.00650259 -0.0103752 -0.00210168 -0.00850491 0.0151064 -0.0730741 -0.006338 0.0978195 -0.0240067 0.000301751 -0.00796108 0.019752 -0.0482404 -0.002095 -0.0116509 -0.0604465 0.0431653 0.000776904 -0.00527454 -0.0179127 -0.00531174 
0.00248439 0.0096153 -0.0328716 0.00304092 -0.00485471 -0.00479761 0.0360407 -0.000474778 -0.0208136 0.0081978 -0.0311347 0.00316817 0.0530252 0.144589 -0.0307745 0.037991 0.0131704 0.00361004 0.0192846 -0.0105537 0.0535338 -0.0110517 -0.0383492 0.00216362 0.0027073 -0.0365551 -0.0335649 -0.0111684 0.0106415 0.0081742 0.000503818 0.00234236 -0.00104932 -0.0142828 -0.00163716 0.000590805 0.000158172 0.00417849 -0.061761 -0.000367963 0.00313968 0.000801713 -0.0012219 0.000495133 0.000904617 0.0302551 0.00605323 -0.0098538 -0.000474117 0.0281648 -0.0123323 -0.0291596 -0.00289667 0.000684636 -0.00752304 -0.0278995 -0.0500438 -0.000912849 0.00138459 -0.00424155 0.031034 0.0531164 0.0539693 -0.00183169 -0.000760798 0.0325046 -0.0345981 -0.0302693 0.0239139 0.00123502 -0.00191711 0.047147 6.96122e-05 -4.34449e-06 -0.0170304 -0.000931236 -0.0487298 -0.00326492 -0.00998875 -0.0183854 -0.0026985 -0.00204964 -0.00433141 0.0116061 -0.0559189 -0.00449536 0.0343454 0.000113896 0.000504391 -0.00621225 0.000309744 -0.0202202 -0.00043975 0.00867143 -0.0467373 0.00355945 0.0121016 0.00161866 -2.93667e-05 -0.00344901 
-0.0139718 -0.0107854 0.0178285 -0.0044056 0.00607141 0.00200495 -0.0180501 0.00321478 -0.0426451 -0.069688 0.0161491 -0.0198544 -0.0556667 -0.0307745 0.17776 -0.0155296 -0.0400289 -0.00366916 -0.0331708 0.010673 -0.0370412 -0.00472294 0.083403 -0.0060966 -0.0137136 0.0902316 0.0230372 0.00136754 -0.0981747 -0.00943497 -0.0167014 0.00325123 0.000134883 0.0434318 0.0175879 0.000707941 0.00023365 -0.00116677 0.0996201 -0.000420668 0.0145454 0.000232105 0.00373288 0.000203588 -0.000972217 -0.0156174 -0.00854938 0.0104635 -0.000640281 -0.00947287 0.0161605 0.110393 0.034941 -0.000981371 0.0170577 0.0791086 0.0244607 0.00522397 0.00147702 0.00357244 -0.0108162 -0.0378198 -0.100142 0.00306911 -0.000767709 -0.0755145 -0.0490497 -0.018625 -0.00661194 -0.00709966 0.000668372 -0.0215555 -0.000366372 -0.00171087 -0.0167254 0.0262704 0.0906737 0.000849671 -0.014546 0.0177631 0.00148663 0.00250419 -0.000183764 -0.00439053 0.0949469 0.0107739 -0.0893852 0.0068099 -0.000569323 0.0128898 -0.0490497 0.00504818 -0.00144732 -0.00191083 -0.00239114 -0.0796228 -0.0148795 0.00288475 -0.00222879 -0.00556359 
0.000308253 -0.000709312 -0.0157539 -5.79467e-05 -0.00435211 0.00145477 0.0509931 0.00105498 -0.0167839 -0.0266715 -0.0108644 0.000797644 0.0441338 0.037991 -0.0155296 0.0767864 -0.0119147 0.00768847 -0.00727133 0.00141239 0.050813 -0.00482464 -0.0186655 0.000635377 0.0186934 -0.0134995 -0.0133065 -0.00441864 -0.0282986 -0.00395621 0.0023259 0.00322228 -0.000139707 -0.00636565 0.000567842 -4.64383e-05 -0.000464144 -0.0011411 -0.0290151 -0.00201493 -0.00129943 0.00136921 8.89282e-05 0.000878707 0.0020891 0.0357939 0.00476537 -0.0031743 -0.000345232 0.0362943 -0.00667717 -0.015177 -0.00472718 0.00148797 -0.00240283 -0.0128877 -0.0461591 0.000876443 -0.00161288 0.000294937 0.0343934 0.034573 0.0259972 -0.000858224 0.000272676 0.0115231 -0.032845 -0.0179124 0.0109487 0.00356914 -0.000452416 0.0552154 0.000128007 0.000148229 -0.0121606 -0.00259622 -0.0245815 -0.00173523 -0.00831846 -0.0175326 -0.00147374 -0.000867013 -0.000727034 0.0129153 -0.0190903 -0.00208437 0.0216252 -0.000442166 0.000417387 -0.00296382 -0.0234489 -0.0334933 -0.00121195 -0.00365982 -0.0242906 -0.0255896 0.000839566 -5.27564e-05 -0.00294651 -0.00352111 
0.0190232 0.0121042 -0.0529903 -0.0130138 -0.0166727 -0.0220351 -0.010349 -0.00359527 0.0559739 0.109522 -6.80736e-05 0.0181226 0.0362784 0.0131704 -0.0400289 -0.0119147 0.242048 -0.00721947 0.0595371 -0.0285845 -0.019435 0.00719195 -0.038053 -0.0118141 -0.0772868 -0.0434885 -0.0741587 0.00285741 0.090948 -0.00016237 -0.0307438 -0.00632059 -0.00327936 -0.0277162 -0.00477091 0.00105173 -0.00103707 -0.000318272 -0.0932327 0.020593 -0.00265053 -0.00102472 -0.00211488 0.000518523 -0.00313349 -0.0300158 -0.00659311 -0.0200044 -0.0017453 -0.0346048 -0.0322547 -0.0537135 -0.000969327 0.00795027 0.00113729 -0.0413356 0.0314084 -0.00744775 -0.00685899 -0.000500411 -0.038304 0.0271294 0.0609271 -0.0036264 -0.00170176 0.0814417 0.0251794 0.00774187 -0.02182 -0.00218393 -0.00314995 -0.0168356 -0.00168373 0.00578573 0.0774853 -0.0199889 -0.070508 -0.00813128 0.0110838 -0.0214248 -0.00540845 -0.00373539 -0.000106323 -0.00623116 -0.0297612 0.000222194 0.00284488 0.000717297 -0.000604921 -0.0112951 0.061671 0.0246322 -0.0025608 -0.0014479 -0.0589348 0.112851 -0.0130676 -0.0041521 0.00683004 -0.00605849 
-0.0015301 0.00153049 -0.00431979 0.00425301 0.00125164 -0.000140283 0.00733253 0.00154422 -0.00768727 -0.00935128 -0.00228738 0.00185464 0.0110295 0.00361004 -0.00366916 0.00768847 -0.00721947 0.0357537 4.42389e-05 0.0105527 0.0132178 -0.00222325 -0.005281 -0.000655071 0.00622715 -0.0007225 -0.00356721 -0.00120634 -0.0131835 -0.0028918 0.0018114 0.000876877 0.000877267 0.000503359 -0.000322733 1.20706e-05 -0.000248655 -0.000528865 -0.00196468 -0.00246639 -0.000917042 0.000237773 9.26398e-05 -4.46736e-05 2.71594e-05 0.00867578 0.00855893 -0.00121798 0.000549635 0.00477785 -0.00102777 -0.00521075 -0.00345454 0.00104309 -0.000978647 0.00483624 -0.0124597 0.00118616 4.88695e-05 0.00160247 0.00823894 0.00960448 0.00436412 -0.000334924 -3.41184e-05 -0.000344189 -0.0118093 -0.00330859 -0.00139009 0.00380079 0.000524773 0.00936288 0.00055136 5.35933e-05 -0.00506388 -0.00163573 -0.00391117 -0.000699699 -0.00410863 -0.0040386 0.00105382 -0.000219855 -0.000526877 0.00226947 -0.00393839 -5.27409e-05 -0.00186815 -0.00405765 -9.07387e-06 7.22246e-05 -0.00910011 -0.0136505 -0.0003282 -0.00183915 -0.00837068 -0.00775961 0.00644832 0.000359837 -0.0022303 -0.0009043 
0.0166652 0.00532904 -0.0268451 -0.00650419 -0.0117017 -0.0127947 -0.00437543 -0.00186074 -0.0117416 0.0459837 -0.0119131 0.0720891 0.0114171 0.0192846 -0.0331708 -0.00727133 0.0595371 4.42389e-05 0.159079 -0.00488235 0.00388475 -0.0132285 -0.0326754 0.0036386 -0.0209528 -0.0393484 -0.0401163 -0.00418727 0.0356841 0.0567224 -0.00271164 0.00201874 0.00149891 -0.0134143 0.00138624 0.000999407 0.00115952 0.0183305 -0.0749908 0.0028015 0.00893478 -0.000190411 -0.00137026 0.000956047 -0.00184541 -0.0075039 -0.00104715 -0.0100582 0.00226642 -0.0205233 -0.019079 -0.0331259 -0.0125177 0.0202131 -0.00461638 -0.0253021 -0.0237443 -0.00141685 -0.00305513 -0.00100976 -0.00200513 0.0363444 0.0617836 -0.00181516 0.000740569 0.0662169 0.0105046 -0.0347554 -0.00392444 -0.000560247 -0.000471103 -0.00740831 -0.000248819 0.00609911 0.0513377 -0.0294898 -0.0529313 -0.00429259 0.0102241 -0.0296248 0.00371014 0.00247761 -0.00135163 -0.00367712 -0.0577298 -0.00553081 -0.0271399 0.0125138 -0.000343815 -0.00748432 -0.0161771 -0.0294175 0.00809833 0.002169 -0.0146419 0.0398981 0.01498 0.00645033 -0.00466083 -0.00669858 
-0.00122046 -0.00277322 -0.00288622 -0.00074704 0.00430273 -0.00236564 -0.00376558 0.000170013 -0.0202534 -0.0187569 0.0404881 -0.00382649 -0.0188905 -0.0105537 0.010673 0.00141239 -0.0285845 0.0105527 -0.00488235 0.114491 -0.00825534 -0.00577369 -0.00823151 -0.000933029 -0.000719395 0.0129906 -0.011046 -0.00574705 -0.044542 -0.00469991 -0.000300795 -0.000420189 0.00099058 0.00603242 -0.00474187 -0.000284742 -0.000509078 -0.00166833 0.0372963 3.37818e-05 -0.00514382 -0.000553187 0.000525114 0.000619013 2.39144e-05 -0.00258515 -0.0030112 0.00783037 0.000227438 0.000846771 0.0233199 -0.00344778 0.00338809 -0.00359843 0.00302439 0.00498595 0.0054174 0.00706457 -0.00160812 0.00612863 -0.000254213 -0.0196599 -0.029006 0.000263108 0.000501576 -0.0299263 -0.00979025 -0.0103751 0.0185165 -0.00125642 -9.25023e-05 -0.00587008 0.00112491 -0.000305398 -0.00894598 0.0389035 0.00641949 -0.000526104 0.00558064 0.00365991 0.0077229 0.000361544 0.00189636 -0.00178614 0.0350715 -0.000385282 -0.0121076 0.00229586 1.16654e-05 -0.00160677 -0.0208431 -0.0143976 -0.000854772 -0.00622136 0.016895 -0.0272584 -0.00391579 0.00533487 0.000729171 -0.00541186 
-0.0113299 0.00304098 -0.0188678 0.00306986 -0.00705562 0.00615474 0.0551457 0.00112766 -0.0254813 -0.0236582 -0.0441591 0.00744767 0.0874316 0.0535338 -0.0370412 0.050813 -0.019435 0.0132178 0.00388475 -0.00825534 0.139719 -0.0110263 -0.0321927 0.0139612 0.0367296 -0.0314319 -0.0212658 -0.0109106 -0.0176609 0.00120673 0.017015 0.00332513 0.000738028 -0.0139163 -0.00290475 -0.000584833 0.00169801 -0.00264101 -0.0567847 -0.00542729 -0.00380063 0.00186123 -0.00138903 -0.000128237 0.0033421 0.0471111 0.0145695 -0.00958522 0.000363201 0.0525805 -0.0164964 -0.0333362 -0.0242846 0.00225562 -0.00896248 -0.0247331 -0.0725606 -0.000941364 -0.00242954 -0.00487625 0.0498875 0.0652456 0.0589188 -0.00198354 -0.000952496 0.0495799 -0.0484875 -0.017668 0.0145616 0.00930836 -0.00104305 0.0691794 0.000628533 0.00282298 -0.030395 -0.0152282 -0.0453 -0.00293627 0.0100647 -0.0153344 -0.00594786 0.000217233 -0.00524304 0.0158728 -0.0646795 -0.00511593 0.063851 -0.00120225 0.00100238 -0.00724801 -0.0265775 -0.0738254 -0.00116007 -0.00560828 -0.0264357 -0.0111419 0.00568953 -0.00229991 -0.011145 -0.0056607 
-2.16346e-05 -0.000692939 0.0105661 -0.00166113 -0.00239202 0.000454908 -0.00526909 -0.000385051 0.0297912 0.00607701 -0.0124349 -0.0106739 -0.0171287 -0.0110517 -0.00472294 -0.00482464 0.00719195 -0.00222325 -0.0132285 -0.00577369 -0.0110263 0.0684882 0.0144982 -0.00104589 -0.00741492 -0.00975012 0.0123395 0.0163084 0.0225085 -0.00470114 -0.0029929 -0.00115892 0.00111533 -0.00465981 -0.002784 -0.000292204 -0.000630337 -0.00221061 -0.0106176 -0.0060408 -0.00179462 -0.000185618 0.000426066 -0.000286748 -0.000477345 -0.00327366 -0.000753531 -0.000804556 -0.000724042 -0.00742971 -0.00320045 -0.0096183 -0.00647461 -0.00247143 -0.00387569 -0.00415004 0.00400132 0.000465965 0.000184251 -0.000929643 -0.00495093 -0.0146285 -0.018726 -0.000405441 0.00122267 -0.0140084 0.0282045 0.0240116 -0.00842697 -0.0015853 0.00111677 -0.00592913 0.000180671 -0.000864714 0.00155996 -0.00814669 -0.0105746 -0.00127921 -0.00745955 -0.0127207 -0.00224334 -0.000323342 -0.00212449 -0.00158728 -0.00865598 -0.000742408 -0.00832587 0.00985721 -0.000103632 0.00158407 0.0171623 0.0122717 -0.000812935 -0.00182109 0.01852 0.0113637 0.00501297 -0.000829153 0.00239403 0.0126565 
-0.0163821 -0.00889886 0.0578008 -0.00413402 -0.000934148 0.00411596 -0.0173029 0.000696894 -0.0153444 -0.0680158 -0.0183466 -0.0404208 -0.041472 -0.0383492 0.083403 -0.0186655 -0.038053 -0.005281 -0.0326754 -0.00823151 -0.0321927 0.0144982 0.176092 -0.00696371 -0.00367771 0.0829314 0.0694589 -0.00124473 -0.0446821 -0.0158472 -0.00490511 -0.000685861 0.000363581 0.0277348 0.00990188 0.000259751 -0.000718685 -0.00627221 0.0822211 -0.0219461 0.00583809 -0.000902273 0.00467466 -0.000292559 -0.000542558 -0.013565 -0.00583815 0.0193605 -0.000935733 -0.0170723 0.0184047 0.0714136 0.00831111 -0.0054279 0.00667147 0.0697925 0.0227888 -0.000201043 0.000984834 0.000165353 -0.0142595 -0.0379411 -0.0892202 0.00102 -0.00084749 -0.058313 -0.0163961 0.0291155 -0.0264538 -0.00221049 0.00330954 -0.0204467 -0.000351214 -0.00207195 -0.0324298 -0.0254092 0.0927624 0.00132191 -0.00232319 -0.00165392 -0.00495025 0.00363487 -0.00556163 -0.003677 0.0595429 0.00853807 -0.0613647 -0.0106358 -0.000424489 0.0263317 -0.0357421 0.00116014 -0.00255054 -0.00693565 0.0109968 -0.0545323 -0.00355579 -0.00212939 -0.00881709 0.0120079 
-0.00123778 -0.00168726 0.000230298 0.00152651 -0.00261094 -4.04074e-05 0.000270453 0.000143577 -0.00238459 -0.00774837 -0.0106053 0.0151489 -0.000905211 0.00216362 -0.0060966 0.000635377 -0.0118141 -0.000655071 0.0036386 -0.000933029 0.0139612 -0.00104589 -0.00696371 0.0447242 0.0216091 -0.00887635 -0.000381643 0.0031661 -0.00895686 0.0154884 0.00229622 0.0040857 0.00318765 -0.00239457 -0.00107734 -0.000147246 0.00234539 -0.000653376 -0.00902753 -0.00239508 0.000710775 0.000384603 -0.000276823 -4.85015e-05 0.000742221 0.0050625 0.00253432 -0.000625758 -0.000299745 0.00732799 -0.00224169 -0.00448953 -0.00678158 0.00103057 -0.00236124 -0.00708149 -0.0168605 0.00147552 -0.000842954 -0.00110648 0.0066326 -0.00179756 0.00960251 -0.000218425 0.000136433 0.0116156 0.00158892 -0.00195069 0.00187014 -0.000356787 -0.000574062 0.0047822 0.000918253 -0.000136228 0.0010446 -0.0030814 -0.0116223 0.00177201 -0.00219706 -0.00424378 -0.00149933 -0.000435405 -0.00141723 0.00178234 -0.0157759 -0.000932863 0.00560178 0.0203555 -0.000103925 -0.00186274 -0.0111689 -0.0245463 0.0016139 3.43435e-05 0.00509423 -0.0113797 0.00152364 0.000912891 -0.0023133 -0.00150329 
-0.0133593 -0.00789778 -0.00123997 0.00543146 -0.0085109 0.0213618 0.0200676 -0.00117474 -0.0262856 -0.0614082 -0.0278199 0.00517136 -0.0060322 0.0027073 -0.0137136 0.0186934 -0.0772868 0.00622715 -0.0209528 -0.000719395 0.0367296 -0.00741492 -0.00367771 0.0216091 0.198473 -0.000711925 0.0232593 0.0178288 -0.0412838 0.0220201 0.0447622 0.00647321 0.00265871 0.00771576 -0.000786765 -0.000907763 0.00204129 0.00377181 0.0284267 -0.0157906 0.000391761 0.00107608 -0.00213658 -0.000789876 -0.000867165 0.0424398 0.00659936 -4.53753e-05 -0.00116482 0.0395638 -0.0140927 -0.00533858 -0.0119906 -0.00326649 0.000257746 0.00185091 -0.0465734 -0.00129259 -0.00283606 -0.0020625 0.0405302 -0.00256191 0.00522732 0.000105758 -0.0014954 -0.0275936 0.0174793 -0.017579 -0.0143094 -0.00244282 -0.00148587 0.030325 0.000344327 -0.00382047 -0.0282113 0.002112 0.0122793 0.00297589 -0.0146093 0.00181727 0.00297134 6.44468e-05 -0.00799685 0.00474261 -0.0287663 -0.00175954 0.0145207 -0.00286987 0.000543017 -0.00649246 -0.0408933 -0.0300562 0.00583263 -0.00548846 0.0298553 -0.0758985 0.00550053 0.000360819 -0.0157184 -0.00571638 
-0.0172963 -0.0111771 0.0280322 -0.00552061 0.0152697 -0.000601477 -0.0152707 0.00315348 -0.0493986 -0.10038 0.0295098 -0.036891 -0.0459152 -0.0365551 0.0902316 -0.0134995 -0.0434885 -0.0007225 -0.0393484 0.0129906 -0.0314319 -0.00975012 0.0829314 -0.00887635 -0.000711925 0.186088 0.0665728 -0.00519839 -0.0993014 -0.0150021 -0.00720744 -0.000298671 -0.00110102 0.055169 0.00476127 0.000394861 -0.000986659 -0.00596466 0.115742 -0.0187849 -0.00198524 -7.40708e-05 0.0034545 0.000750643 4.96137e-05 -0.0122865 -0.00811425 0.0271545 0.000511865 -0.00947567 0.0377023 0.0727897 0.0161361 -0.00422114 0.0204894 0.093525 0.0266605 -0.00136631 1.78504e-05 8.95753e-05 -0.0101441 -0.0337672 -0.106859 0.00550827 -0.00182258 -0.0743502 -0.0608363 0.0317178 -0.0125032 -0.00538783 0.00121151 -0.0152517 0.000797685 -0.000714076 -0.0230013 0.00699142 0.130213 0.00146353 -0.0122399 0.00233203 0.00386002 0.0064043 0.00283029 -0.00415217 0.0980783 0.0182237 -0.075115 -0.00527107 -0.000361575 0.0164948 -0.0631895 -0.00284246 -0.00332214 -0.00201809 -0.0108057 -0.0997214 -0.016584 -0.00453037 -0.00995381 -0.00335619 
-0.010015 -0.00959272 0.0629856 -0.00506906 0.000311213 0.00227333 -0.0113134 0.00253902 0.00379354 -0.0586687 -0.00561711 -0.0382428 -0.0324814 -0.0335649 0.0230372 -0.0133065 -0.0741587 -0.00356721 -0.0401163 -0.011046 -0.0212658 0.0123395 0.0694589 -0.000381643 0.0232593 0.0665728 0.17152 -0.00816497 -0.0211869 -0.0183256 0.00798499 -0.00361836 -0.0014146 0.0163205 -0.00206588 -0.000809554 -0.00166311 -0.00620844 0.0670577 -0.0206833 -0.00708537 -0.00177536 0.00245652 -0.000499984 0.0011002 -0.00617196 -0.00270039 0.0327797 -0.0019283 -0.0129555 0.0253735 0.0270405 -0.010549 -0.00747289 -0.000988137 0.0444122 0.015262 -0.00423625 -0.00282678 -0.00541368 -0.0107936 -0.0392061 -0.0542605 0.000847334 -0.000550156 -0.0522819 0.0128278 0.0614406 -0.0194545 0.000564381 0.0036971 -0.0120993 -0.000582943 -0.0029246 -0.0372308 -0.0264758 0.0796369 0.000230715 -0.0162711 -0.0064349 -0.0053356 0.00103095 -0.00457095 -0.00299549 0.0254697 -0.00291411 -0.00669037 -0.015033 -0.000570737 0.0207337 -0.015519 -0.00177888 -0.00256952 -0.00476747 0.025545 -0.0470536 -0.000681707 -0.00392944 -0.0114932 0.0117184 
-0.00461902 -0.00316637 -0.00348423 0.00189191 -0.00441484 0.00269595 -0.00678959 -0.000680459 0.00520243 0.0119563 -0.0145829 0.00666371 -0.0199222 -0.0111684 0.00136754 -0.00441864 0.00285741 -0.00120634 -0.00418727 -0.00574705 -0.0109106 0.0163084 -0.00124473 0.0031661 0.0178288 -0.00519839 -0.00816497 0.0814436 0.00789235 0.0141923 -0.00055767 0.00202058 0.00261261 0.00131105 -0.00282187 0.000133079 5.2895e-05 -0.00126123 0.00780589 -0.00641007 -0.00113376 -0.000333028 -0.000190657 -0.000282802 -0.000551945 -0.00613345 -0.0030918 -0.00378025 -0.000364965 -0.00883012 -0.00741508 -0.00238041 0.00279665 0.00196821 0.00969858 -0.00621392 0.00780811 0.00704226 -0.00149632 -0.00107736 0.00352814 -0.0171573 -0.0127665 -0.000309104 -0.000318766 -0.00760341 0.0167653 0.0066858 -0.0111438 -0.00275475 -0.000661319 -0.00688737 -0.000104078 -0.000511566 0.0161855 -0.00561307 -0.0109032 0.000671502 -0.0088448 -0.00399403 -0.000837311 0.000648004 -0.00257 -0.00187732 -0.00820087 0.00789093 -0.0125814 0.0192425 -5.06478e-05 -0.00229719 -0.00208007 0.00619596 0.00108089 -0.00171255 0.0117764 -0.00727885 -0.0068364 -0.00177638 -0.00299514 -0.00248782 
0.00803455 0.0200871 -0.000226464 -0.00149005 -0.00995769 -0.0179214 -0.0163587 -0.00451018 0.0976566 0.118479 -0.0531475 -0.00859494 0.0285772 0.0106415 -0.0981747 -0.0282986 0.090948 -0.0131835 0.0356841 -0.044542 -0.0176609 0.0225085 -0.0446821 -0.00895686 -0.0412838 -0.0993014 -0.0211869 0.00789235 0.249448 0.00974207 0.00189334 -0.006337 -0.0013052 -0.0452755 -0.0165134 -0.000817796 -0.00205199 -0.000773315 -0.118694 -0.00817308 -0.00939633 -0.0013582 -0.0029751 -0.00170912 -0.00167317 -0.0275226 0.000874857 -0.0200743 -0.00142003 -0.0437438 -0.0232294 -0.0968522 -0.0332548 -0.00869487 -0.0198465 -0.0660218 0.0276049 -0.00873884 0.00202233 -0.00768771 -0.0340442 0.00892857 0.0751998 -0.00518166 0.000832226 0.085649 0.0917763 0.0417948 -0.0306086 0.00641337 -0.00155085 -0.0295527 -0.00127157 -0.000285376 0.0327066 -0.0463241 -0.0863315 -0.00772518 0.00628028 -0.0250513 -0.00810555 -0.00587036 -0.0146602 -0.0102298 -0.0961707 -0.0101758 0.066857 -0.0121244 -0.000773088 -0.00686443 0.119755 0.0637283 0.00213324 0.00293215 0.0158725 0.154142 0.0139913 -0.00450576 0.00236982 0.0175687 
0.00544115 -0.00319959 -0.0132263 -0.000476217 -0.00630432 -0.00439034 -0.0065391 -0.000916162 -0.0119524 0.00587499 -0.0236874 0.0491554 -0.0198036 0.0081742 -0.00943497 -0.00395621 -0.00016237 -0.0028918 0.0567224 -0.00469991 0.00120673 -0.00470114 -0.0158472 0.0154884 0.0220201 -0.0150021 -0.0183256 0.0141923 0.00974207 0.0943847 0.0107296 0.0080931 0.00561093 -0.00268325 -0.00113681 0.000509231 0.00297182 0.0172435 -0.0369388 -0.00805975 0.0110121 0.00011471 -0.00043695 0.000770191 -0.000806695 0.00524548 -0.000586858 -0.00475982 0.000802723 -0.00877464 -0.00982889 -0.016243 -0.013049 0.0115739 0.00467324 -0.0153027 -0.0289292 0.0029356 -0.00201338 -0.00128953 0.0118272 0.00672477 0.0203036 -0.000567488 0.000133835 0.0237196 0.0116517 -0.01689 -0.00706925 -0.00338375 -0.000387363 -0.00181557 0.00107835 0.00206606 0.0263418 -0.014565 -0.0268184 -0.000946266 -0.00536373 -0.0216077 0.00435704 0.00391109 -0.00255632 -0.00148403 -0.0384774 0.00117315 -0.0270066 0.0314152 7.82434e-05 -0.00460736 -0.0195526 -0.0241543 0.0105376 0.00132728 0.00664929 -0.00430271 0.0105173 0.00701437 -0.00331795 -0.00428626 
-0.00185432 -0.000395655 0.00969536 0.00408242 -0.00077658 0.0123643 0.00632386 -0.000460868 -0.0146728 -0.0348791 -0.00836937 -0.000511922 -0.00261872 0.000503818 -0.0167014 0.0023259 -0.0307438 0.0018114 -0.00271164 -0.000300795 0.017015 -0.0029929 -0.00490511 0.00229622 0.0447622 -0.00720744 0.00798499 -0.00055767 0.00189334 0.0107296 0.0805606 0.00164804 0.00218565 -0.0069131 -0.00306027 -0.000309567 0.00159516 0.00827995 0.00653202 -0.00753949 -0.000136643 0.00246628 -0.000679372 -0.000184106 -0.00099717 0.0220829 0.00294843 -0.000294761 -0.000166286 0.0173166 -0.00319554 -0.0154144 -0.0105349 -0.00276902 -0.00305493 -0.0115066 -0.0220676 -0.00188323 -0.000450996 -0.00139299 0.00628734 0.00470608 0.000651201 -0.00055156 -0.000694487 -0.0141701 0.0164101 0.00317183 -0.0120093 -9.77928e-05 0.00121446 0.00942085 -0.000205396 -0.00123496 -0.013516 -0.00184521 0.00954017 0.00255797 0.0168309 -0.0145314 0.00282396 0.000151142 -0.0023255 -0.00126403 -0.0126442 -0.00225595 0.00945414 -0.00882958 0.000107986 -0.00255566 -0.0235698 -0.0189958 0.00662287 -0.00387483 0.0294144 -0.0314391 0.00751477 0.000705492 -0.00515844 -9.41574e-06 
0.00267671 -0.000591064 -0.00293114 -0.00013851 -0.000999593 0.00016836 0.00237559 -8.07018e-05 -0.00329759 -0.00541152 -0.00442188 0.00385795 -0.000247248 0.00234236 0.00325123 0.00322228 -0.00632059 0.000876877 0.00201874 -0.000420189 0.00332513 -0.00115892 -0.000685861 0.0040857 0.00647321 -0.000298671 -0.00361836 0.00202058 -0.006337 0.0080931 0.00164804 0.0206199 0.00339752 0.00266806 0.0024029 7.64583e-05 0.000174051 0.000986246 -0.00472265 -0.000448735 0.00325233 4.86484e-05 0.000173182 -4.40641e-06 3.23131e-05 0.00181981 0.000100029 -0.000743604 -8.57946e-05 0.00194721 -0.00187359 -0.000511664 -0.00285245 0.00188826 0.00164113 -0.000979779 -0.00899238 0.000602767 -0.000190201 -0.000311375 0.00738377 -0.00121021 -0.000245303 0.000604137 3.45792e-05 0.00062891 -0.00413377 -0.00393684 0.000330114 -0.000561353 -0.000291023 0.0032375 0.000472739 0.000708498 -0.00123824 -0.00180837 -0.0027987 -0.000113933 -0.00271643 -0.00374932 -0.000624963 0.00153793 -0.000647112 0.00207018 -0.00556061 0.00163477 -0.00135079 0.00426454 0.000339995 -0.000742933 -0.00506257 -0.0102674 0.00176361 -0.000211398 7.28506e-05 -0.00711705 -0.00067996 0.00241195 -0.00121271 -0.000806324 
0.000464344 0.000221012 -0.000892457 0.000622769 -0.00032104 0.000121813 -0.000300789 -3.07019e-05 -0.00107996 -0.00233351 -0.00212248 0.00282556 -0.00101946 -0.00104932 0.000134883 -0.000139707 -0.00327936 0.000877267 0.00149891 0.00099058 0.000738028 0.00111533 0.000363581 0.00318765 0.00265871 -0.00110102 -0.0014146 0.00261261 -0.0013052 0.00561093 0.00218565 0.00339752 0.00966934 -0.000105394 -2.82466e-05 -3.43764e-05 0.000450759 0.000330638 -0.00337932 -0.000761568 0.000951201 -2.04831e-05 -1.84408e-05 1.90893e-05 3.55667e-05 0.0011492 0.00115479 -0.000488646 4.57915e-05 -0.000923517 -0.000482576 -0.000857938 -0.00149004 0.000982551 0.000498128 -0.000477716 -0.00504017 0.000699542 0.000173827 -8.77393e-05 0.0023681 -0.000856927 -0.00281222 -2.43063e-05 0.000180907 0.00031334 -0.0010482 -0.00235896 -0.000326698 -0.000252923 -6.01037e-05 -0.000656927 0.000246486 0.000339289 0.000790695 -0.00112333 -0.00150178 -1.95242e-05 -0.000859173 -0.00194351 -0.000206924 0.000509347 -0.000273858 -6.48721e-05 -0.0026493 0.000189511 -0.00259127 0.00269157 2.90279e-05 -0.000323982 -0.00186128 -0.00384551 0.000591 -0.000229154 0.00233353 -0.00233864 0.00110414 0.00114107 -9.25006e-05 0.000292081 
-0.0067549 -0.00442381 -0.00532805 -0.000776358 0.00714924 -0.00241222 -0.00684476 0.00211245 -0.0194188 -0.0329904 0.000910008 -0.0108408 -0.0192936 -0.0142828 0.0434318 -0.00636565 -0.0277162 0.000503359 -0.0134143 0.00603242 -0.0139163 -0.00465981 0.0277348 -0.00239457 0.00771576 0.055169 0.0163205 0.00131105 -0.0452755 -0.00268325 -0.0069131 0.00266806 -0.000105394 0.0802692 0.00923965 0.000535395 0.000698934 -0.00204409 0.042737 -0.00784379 0.00279734 0.000286962 0.00137964 -0.000210739 0.000178996 -0.00521181 -0.00243849 0.00107633 0.000589515 -0.00637213 0.00269936 0.0391645 0.0115696 -0.00143041 0.0176618 0.0535959 0.00836171 -0.000102611 0.000661897 -0.0012762 0.00392895 -0.0112735 -0.0426237 0.00654069 0.000253757 -0.0283867 -0.036865 -0.00341634 -0.00445061 -0.00217171 -0.000704057 -0.00837553 0.000188552 -0.000508121 -0.00961352 0.00104814 0.0465811 0.00181499 -0.00984494 0.00503437 0.00218466 0.00563915 -4.63561e-05 -0.000958167 0.0342857 0.00769355 -0.0370375 0.000618601 -8.34152e-05 0.00354322 -0.0260579 -0.000765525 -0.000992375 0.00216855 -0.0169984 -0.0396024 -0.00440485 -0.00148472 -0.00278432 -0.00289562 
0.00218216 -0.000777692 -0.00621233 -0.00130018 0.00104327 0.00245801 -0.00109359 -1.42753e-05 -0.00589226 -0.00752119 -0.00309732 0.00346883 -0.00398342 -0.00163716 0.0175879 0.000567842 -0.00477091 -0.000322733 0.00138624 -0.00474187 -0.00290475 -0.002784 0.00990188 -0.00107734 -0.000786765 0.00476127 -0.00206588 -0.00282187 -0.0165134 -0.00113681 -0.00306027 0.0024029 -2.82466e-05 0.00923965 0.0391827 0.000440289 4.7124e-05 0.00230247 0.00631659 0.00267275 0.00939408 0.000352726 0.000395568 -2.03149e-05 -0.000303372 -0.0019475 -0.00100199 -0.00134292 -0.000215066 0.00187792 -0.00316334 0.0163036 0.00447786 0.00337715 0.000831199 0.0103692 -0.00232752 -0.000852903 0.00063282 -0.000412208 0.000586274 -0.00264915 -0.00486956 0.000629545 0.000439471 -0.00782557 -0.00891003 -0.0118671 -0.00449997 -0.00110512 -0.000194063 -0.000390756 -0.000169276 -6.30283e-05 -0.000232155 -0.00240553 0.00735098 0.000540489 -0.00382058 0.00314886 -0.000992509 0.000804281 -0.000322452 0.000914349 0.00884905 -0.000568379 -0.0135741 -0.00304396 3.64947e-05 0.000299941 -0.0067791 -0.00260191 0.0013468 -0.00109388 -0.00446043 -0.00926687 -0.00130522 0.00206486 -0.00051007 -0.00133303 
