0.142077 -0.0120295 -0.000708497 0.000269544 0.000635084 0.0158802 -0.0196045 0.00276384 -0.0358387 -0.00876823 0.00774042 -0.00154405 -0.0165231 -0.00132043 0.000321644 -0.00189295 -0.00466508 0.00226827 0.00347407 -6.54734e-05 -0.00179642 1.57109e-05 -0.00110648 -0.00494689 0.0602416 -0.0359135 -0.00587483 -0.00149385 -1.68698e-05 -0.00302527 -0.0125899 0.00051183 0.00012895 -5.43153e-05 -0.00418031 -0.0317114 -0.00489682 -0.00744518 -0.0364049 0.00294643 -0.0336817 -0.00106428 0.00500718 -0.00258944 -0.000248145 -0.0161057 0.022886 0.0560993 0.0029895 -0.041465 0.00406117 0.0421008 -0.0121887 0.0514572 0.0221762 -0.000782136 0.00123174 0.0127577 -0.0444789 -2.05546e-05 -0.0144701 -0.0216133 0.00163575 0.0103374 0.0520885 -0.000113366 0.000442675 -0.0301708 -0.0124374 -0.000538511 0.0273751 0.00104007 0.000312937 -0.00109058 -0.0637101 0.0105401 -0.00126665 -0.00448143 -0.00204149 0.00180212 1.57531e-05 0.000504601 0.0162796 -0.011467 -0.00208047 0.00747408 -0.00127696 0.0205753 -0.0361289 0.00939132 -0.00980333 -0.0100849 0.00653103 -0.000555531 0.000209057 -0.00482603 0.000211725 0.00421623 -0.00233403 0.00650782 
-0.0120295 0.249968 -0.00208304 0.00150003 -0.000303337 0.0199649 -0.0809934 -0.0041189 0.112283 -0.0212402 -0.00761817 -0.0049215 0.0962836 0.000658476 -0.00177169 -0.0106583 -0.0257846 -0.00154562 -0.00930918 -0.000102074 -0.00399132 -0.000723735 -0.00482628 -0.0106989 -0.00726814 -0.0356769 -0.00256569 -0.00755105 -0.000455148 -0.00888592 0.0364729 0.000258495 -0.00128358 -0.00556226 -0.0101343 0.0449448 -0.0162268 0.00213025 0.0841313 -0.00228083 0.0731011 0.000263837 -0.0453064 -0.000512799 -0.0017393 0.0386892 -0.0126619 -0.00403748 -0.000375893 0.0877269 0.0354488 -0.0782584 -0.0271374 -0.0228063 -0.108583 -0.00471232 0.000167048 -0.0348845 0.0730205 -0.000790751 -0.085013 0.0943871 0.00256176 -0.0373758 -0.0355455 -0.00134423 -0.00130194 -0.0283011 0.0177996 8.78675e-05 -0.0235058 -0.0174171 -0.0496175 -0.0110245 0.0221018 -0.0206148 -0.00499874 -0.00958786 -0.0203128 -0.0320136 -0.012037 -0.00207067 -0.00740683 0.0199181 -0.000121792 0.00128073 0.000556322 -0.0354956 0.0673191 -0.00106659 0.00513781 -0.0703554 -0.0150828 -0.00112327 0.000186016 -0.033423 2.85427e-05 0.00328163 -0.013001 0.0199155 
-0.000708497 -0.00208304 0.0059358 -2.72338e-05 -3.70593e-05 -0.00022723 0.0025764 1.29456e-05 -0.00205498 -0.000380463 -3.84295e-05 -2.9869e-05 -0.00221384 5.38803e-05 0.00012056 0.000948122 0.000247528 -7.24263e-05 -1.61734e-05 -2.60585e-06 0.00012212 4.24393e-05 8.57324e-05 -0.000148856 -0.000875726 0.00286672 0.000196624 2.06224e-05 5.05465e-06 0.000331291 -0.000834234 -1.37366e-05 8.20682e-06 -0.000200551 -0.000827271 -0.00109597 0.000279176 -9.16148e-05 -0.0013501 0.000131494 -0.000793622 -6.28964e-05 0.00186775 -8.01072e-05 0.000140215 -0.000913233 -0.000146999 5.26735e-05 -3.96273e-05 -0.00173513 -0.00161886 0.000107213 0.00208153 -0.000820803 0.00196853 0.000217087 -0.000113275 0.000464133 -0.0019813 2.8295e-05 0.00235106 -0.00152268 3.92874e-05 7.84117e-05 -0.000820242 -1.58078e-05 -9.31829e-06 0.000768993 -0.000841624 -2.58815e-05 -0.000219997 7.67908e-05 -0.000701326 0.000261007 0.000501203 -7.06761e-05 -0.000128505 -2.15773e-05 -0.000195896 -0.000729931 -0.000184834 0.000229521 -0.000117514 -0.000390827 -9.02581e-05 -9.06605e-05 0.000132228 -0.000347964 -0.00175897 -0.00024552 4.58105e-05 0.00232686 -0.000197023 -1.4689e-05 -9.53437e-06 0.00221639 -1.25543e-05 0.000192659 0.000509779 -0.00024257 
0.000269544 0.00150003 -2.72338e-05 0.00703911 1.1299e-05 7.56641e-05 -0.00150166 0.00062003 0.00251506 -0.000164834 -0.000282046 -4.28708e-05 0.0031378 5.68549e-05 -3.55248e-05 -0.000198769 -0.000214096 0.000883296 -0.000280599 4.27788e-05 1.42955e-05 -1.72277e-05 8.6537e-06 -0.000195635 -0.000955863 -0.00131499 -0.000206492 -7.39522e-06 -1.17065e-06 7.2323e-05 0.00320595 6.82456e-05 1.56284e-06 0.000123691 -0.000519844 0.000711013 -0.000288008 0.00133401 0.0010215 -8.76878e-05 -3.4412e-05 0.000200127 -0.00254943 0.00027545 -1.01321e-05 -0.00126291 0.00117931 -0.000994023 0.000379818 0.00157991 2.4913e-05 -0.00208257 -0.000661181 -0.0011145 -0.00343797 -8.60749e-05 0.000193848 -0.000806951 0.00249945 1.46575e-05 -0.00288505 0.002373 -2.39695e-05 -0.000524312 -0.00175434 -1.03984e-05 -2.3155e-05 -0.00114787 -0.000403028 0.000100559 -0.000583409 -0.000257582 -0.000996406 0.000270378 0.00100026 7.05709e-05 -0.000105677 -0.000171808 -0.000283094 -0.00148712 5.44506e-05 -0.000262315 -0.000150609 0.000356041 0.000160285 -0.000168489 -4.38403e-05 -0.000315438 0.00173481 0.000125123 0.000568063 -0.00298275 0.000156483 2.54988e-05 4.97358e-05 -0.000437398 0.000108986 -0.00186089 -0.000361226 0.00040783 
0.000635084 -0.000303337 -3.70593e-05 1.1299e-05 0.0260944 -0.00136985 0.00782118 0.000192522 -0.00568868 0.0018158 -0.00101744 -7.55644e-06 -0.00343626 -0.000171734 0.00014046 -8.32896e-05 0.00249135 0.000600988 -0.000354493 2.94513e-05 -0.000338696 1.01937e-05 0.000262562 -0.000639984 -0.00239183 -0.00014873 -0.000759161 9.23756e-05 7.20336e-05 -0.000554892 0.00116998 7.24174e-05 0.000122918 0.000490169 0.00656383 -0.000471737 -0.000867825 -0.000973745 -0.00126687 -0.000358975 -0.00391617 -0.000140666 -0.00827553 -0.000379488 0.000285512 0.00307178 -0.00076233 -0.00624416 -0.000309865 -0.00174994 -0.00679901 0.0044779 -0.00244163 0.000863067 0.00181513 0.000765828 -0.000310841 -0.00225391 -0.00452293 0.000144591 0.00148271 0.00143274 7.0971e-05 0.00276367 -0.00206371 -5.01076e-05 -1.83051e-05 0.00137241 -0.00316993 -0.00012607 -0.00199825 0.000793079 0.00510802 -0.000118826 0.00364498 -0.00132559 -0.000634193 -0.000747176 0.0012732 0.00229455 0.00128913 -0.00107151 -0.000482737 -3.39035e-05 -0.000285007 0.000291998 -0.000235483 -0.0023604 -0.00635208 -0.000250089 -0.00143522 -0.000933101 -0.000263316 4.56646e-05 -2.97591e-06 0.000386473 5.30484e-05 -0.000337331 0.00267317 -0.00144474 
0.0158802 0.0199649 -0.00022723 7.56641e-05 -0.00136985 0.0729949 -0.0180718 -0.000657798 0.0016709 -0.00719049 0.0011996 -0.000544456 0.00782752 -0.000313711 -0.000231487 -0.00214737 -6.56414e-05 -0.000707349 0.000577673 4.02265e-05 -0.000212917 -0.000172324 -0.000625777 0.000189845 0.0347253 -0.0161575 -0.00155293 -0.00105068 4.52897e-06 -8.88766e-05 -0.00672201 0.000594521 -0.000191392 0.000366685 0.00399985 -0.0103473 -0.00310936 -0.00120644 -0.0155006 0.00296986 -0.00367047 -0.000539601 0.00110283 -0.000851931 -0.000286441 0.00047531 0.00141886 0.0307018 0.00446378 -0.0212835 0.0153652 -0.00622775 0.00184098 0.0230367 -0.0114371 -0.000939247 0.00357936 -0.00701533 -0.0190992 -0.000160392 -0.0196305 -0.0063908 0.000713175 -0.00522467 0.0158899 -0.000201355 0.000481836 -0.0102669 -0.0111423 -0.000283277 -0.00638248 -0.000913747 -0.0125602 -0.00136234 -0.0386031 -0.00458372 0.00353928 -0.00216749 -0.000461324 -0.0159618 -0.00165332 -0.00381364 -0.00194962 -0.00505193 -0.000576394 -0.000606052 3.52041e-05 0.00240034 -0.0042851 -0.000733746 -0.00362798 0.0216839 -0.00209967 -0.00027369 2.47305e-05 -0.00523496 0.000311875 -0.000361923 -0.00163153 0.0378645 
-0.0196045 -0.0809934 0.0025764 -0.00150166 0.00782118 -0.0180718 0.183845 0.000852621 -0.102077 0.0223164 -0.00316795 -0.00150971 -0.0889274 -0.00180492 0.000680074 0.0171341 0.00860939 -0.00395654 -0.00503223 -9.11121e-05 -0.00113545 -0.000104998 0.000459352 0.00421156 -0.0348578 0.056711 0.00833707 0.00279362 0.000403311 -0.000916808 -0.0339459 -0.000200609 -0.000231925 0.0058401 0.0357416 -0.0409738 -0.00180054 -0.00967009 -0.0582961 -0.00139174 -0.0544272 -0.00230414 0.0220445 -0.00317743 0.00176619 -0.00206103 -0.0104404 -0.0465462 -0.00238272 -0.0663777 -0.0696556 0.0557833 0.0324827 0.0161871 0.0829164 0.000995928 -0.00433171 0.00170877 -0.06784 0.000303659 0.103313 -0.0557766 -0.000782332 0.0339685 0.0299175 0.000864011 0.000488164 0.0872955 -0.030042 -0.00111531 -0.0109158 0.0135235 0.0565855 0.00526912 0.0243253 -0.00673822 -0.000812114 -5.06635e-05 0.0207402 0.0372561 -0.000476525 -0.00520188 -0.00302862 -0.0134979 -0.00307332 -0.00591981 -0.00233036 -0.00255992 -0.0836673 0.000283713 -0.00761481 0.0678511 -0.00584521 -0.000893228 -0.00010603 0.0334388 -0.00036693 0.00460073 0.0091213 -0.0207396 
0.00276384 -0.0041189 1.29456e-05 0.00062003 0.000192522 -0.000657798 0.000852621 0.0145844 -0.00438882 -0.000243711 -0.000130331 0.000129401 -0.00286859 -1.12913e-05 3.03767e-05 -0.000360092 0.000307986 7.52533e-05 -0.000193694 2.47789e-05 0.000445842 8.53229e-05 3.21793e-05 -0.00027871 -0.000390916 0.00268194 0.00112812 -0.000268941 4.77744e-06 0.000901609 -0.00149113 0.000305469 2.77697e-05 0.00381566 -0.00377991 -0.00156099 -0.000293542 0.000102914 -0.00254771 -0.000150145 -0.00467327 -1.48122e-05 0.00354484 -0.000205711 1.18247e-05 -0.00584976 0.00285004 0.000380108 0.000355091 -0.00338287 -0.00115303 0.00271192 -0.00243527 0.000434511 0.00327683 -7.97883e-06 0.00058249 0.00247306 -0.00419007 1.7772e-05 0.00244613 -0.00319247 -2.15467e-05 -0.000138576 -0.000525958 -1.2007e-05 0.000322783 -0.000123662 -0.00136399 -5.54628e-05 0.00249536 -0.000137845 -0.00151248 0.0036398 -0.00328295 0.00171083 -0.000224139 -0.000105564 -0.000428711 0.000815615 0.000945539 0.000298282 0.0019256 -0.000963339 -7.62606e-05 -0.000137927 3.35623e-05 0.00202018 -0.00525401 0.000248808 0.00115226 -0.000271023 9.02853e-05 -4.13881e-05 2.24201e-05 -0.000100187 4.75622e-05 -0.00028623 0.00109494 -0.00117051 
-0.0358387 0.112283 -0.00205498 0.00251506 -0.00568868 0.0016709 -0.102077 -0.00438882 0.249668 -0.0160162 -0.0224179 -0.00453853 0.169233 0.00315761 -0.00224431 -0.0131223 -0.0204617 -0.0013234 -0.0178432 -1.89587e-05 -0.00868773 -0.00123564 -0.00548312 -0.00277176 -0.0208782 -0.055837 -0.0130104 -0.00486833 -0.000358849 -0.00646417 0.0649861 -0.00071176 -0.000938164 -0.00889047 -0.0496392 0.0865173 -0.0166397 0.0172006 0.128243 -0.00693311 0.114472 0.00309102 -0.0663107 0.00736541 -0.00178744 0.0685381 -0.00705747 -0.0374504 -0.00400813 0.146774 0.100159 -0.141152 -0.00945067 -0.0583481 -0.161709 -0.00408451 0.00581991 -0.0592199 0.142349 -0.000562587 -0.150944 0.116464 -0.00283956 -0.0363254 -0.105882 -0.00137888 -0.00236644 -0.0760546 0.0587794 0.00214686 -0.0537889 -0.0175194 -0.056517 -0.0151662 0.0901498 -0.0306062 -0.0028426 -0.00345929 -0.023406 -0.0805782 -0.00682552 -0.0145078 -0.0123387 0.0280089 0.00245331 -0.00577063 0.00324653 -0.0460722 0.168393 -0.0102689 0.0161732 -0.104718 -0.00531404 0.00154898 -0.000227102 -0.0302534 0.00025212 -0.00633089 -0.0303364 0.0235014 
-0.00876823 -0.0212402 -0.000380463 -0.000164834 0.0018158 -0.00719049 0.0223164 -0.000243711 -0.0160162 0.095644 -0.0042937 -0.000550446 -0.0271553 -0.000742183 0.0002382 -0.000346817 -0.000871665 -0.00343453 -0.00176744 -3.594e-05 0.00146874 0.000168405 -7.64782e-05 -0.00360006 -0.018245 0.0243154 -0.00407045 0.00129833 0.000107987 -0.00201721 -0.0015381 5.93748e-05 0.000362563 0.00803445 0.00319312 -0.00181807 -0.00402782 -0.00245823 -0.00592437 -0.000917676 0.00103843 -0.000828327 -0.0248785 -0.00112002 -0.000330863 -0.0110112 -0.00495567 -0.0310941 -0.00114079 -0.0109772 -0.0249046 0.011595 -0.0108053 -0.00848667 0.0251078 0.00356631 -0.000204747 -0.00501724 -0.0219755 0.000364931 0.0312522 -0.0138292 -0.000992131 0.0264837 0.00184461 0.0010041 0.000247137 0.024916 -0.0156168 -6.70291e-05 -0.00890519 0.00462385 0.0247333 0.0036258 0.00624213 -0.00569057 -0.00138504 -0.00278607 0.0108406 0.0238648 0.00427359 -0.000287102 -0.00158816 -0.00440858 -0.00135214 -0.000769082 -0.00100653 -0.00799282 -0.0278349 -0.00379283 -0.00416488 0.0267494 -0.00215877 0.000262083 0.000163031 0.010316 4.45524e-05 -0.00357193 0.00903398 -0.00738983 
0.00774042 -0.00761817 -3.84295e-05 -0.000282046 -0.00101744 0.0011996 -0.00316795 -0.000130331 -0.0224179 -0.0042937 0.0460205 0.000210276 -0.011444 -0.000407245 -0.000245303 -0.0014164 -0.000400769 0.00135617 0.000740023 -9.80408e-06 -4.45181e-05 -9.21925e-05 -0.00019169 0.00261034 0.0106739 -0.00301499 0.00285585 -0.000132937 -2.02686e-05 0.000854857 -0.00704947 9.48088e-05 -0.000120362 -0.0015448 -0.00414825 -0.00917584 0.00646969 -0.00204042 -0.0136769 0.00148321 -0.00747012 4.90886e-05 0.0131646 -0.000685821 -3.21246e-05 -0.00758713 0.00728381 0.0172172 0.00154635 -0.0139998 -0.00620465 0.00605324 0.0117633 0.0084282 0.00590586 0.00076028 -0.000475676 0.00646661 -0.0147617 -2.01521e-05 0.000457687 -0.0150178 0.00231215 -0.000534011 0.0082414 -5.18839e-06 -0.000301793 0.0021164 -0.00355649 -0.000185838 0.0100269 -0.00157038 0.000224913 0.00028665 -0.0175886 0.0106792 0.00152429 0.00339417 -0.00261172 0.00392517 -0.000582291 0.0009742 0.00055198 -0.0031096 -0.000158379 0.000570569 0.000254889 0.0137207 -0.0163765 -8.0071e-05 -0.00181811 -0.00474807 0.000776754 -0.000147344 7.44718e-05 -0.00350649 -9.8475e-05 -0.000509457 0.000100024 -0.00327458 
-0.00154405 -0.0049215 -2.9869e-05 -4.28708e-05 -7.55644e-06 -0.000544456 -0.00150971 0.000129401 -0.00453853 -0.000550446 0.000210276 0.0130749 -0.00425744 -1.9733e-05 3.52959e-05 -0.000333959 0.00323869 -0.000372865 0.00211491 0.000115209 8.91169e-05 0.000211697 0.000102341 0.000715007 -0.000555143 -0.00026123 0.00242602 0.00239384 -4.50729e-06 0.00448069 -0.00137633 -3.04995e-05 0.000143865 0.00262114 0.00139551 -0.00204263 0.00165469 0.0010743 -0.00358541 -1.32894e-05 -0.00391001 -3.69388e-05 0.000541209 -1.44825e-05 0.000132223 -0.00337558 -8.97901e-05 -0.003053 -0.000203363 -0.00348288 -0.000513699 0.00182613 5.4559e-05 -0.000132546 0.00189934 0.000352144 0.000381609 -0.000909909 -0.00319182 7.00144e-05 0.00156863 -0.00290844 -0.000112621 0.00210065 0.0010073 6.48769e-06 0.00014033 -0.00118793 -0.000681105 -5.39512e-05 -0.000645793 0.00227183 -0.00125451 1.45719e-06 -0.00648194 -0.000394608 -0.000113831 -0.000202773 0.00476443 0.00139644 0.000961699 0.00047237 -9.98164e-05 -0.00070656 0.00010269 -0.000220258 -9.79577e-05 0.00129597 -0.00271658 4.82021e-05 0.0011056 0.00342552 0.00150785 5.6026e-05 -1.47945e-05 0.000604521 6.36795e-05 -0.00123233 0.00133622 -0.00114019 
-0.0165231 0.0962836 -0.00221384 0.0031378 -0.00343626 0.00782752 -0.0889274 -0.00286859 0.169233 -0.0271553 -0.011444 -0.00425744 0.248369 0.00347736 -0.00217348 -0.0136738 -0.0223525 0.0114923 -0.0170165 -0.000150702 -0.00880154 -0.00114128 -0.00164823 0.00741502 -0.00669629 -0.0950714 -0.0165021 -0.00558959 -0.000399687 -0.00625056 0.0746562 8.88849e-05 -0.000897837 -0.0144832 -0.0650727 0.0819048 -0.0191766 0.0140947 0.128483 -0.00605918 0.0890945 0.00340174 -0.0703485 0.0083064 -0.00175573 0.0732121 0.00148963 -0.0160117 -0.00394312 0.149656 0.11011 -0.145592 -0.017245 -0.0280816 -0.204642 -0.00232395 0.00492156 -0.0622658 0.172295 -0.000829621 -0.182364 0.13806 -0.00128641 -0.0306843 -0.104041 -0.00110253 -0.00306267 -0.0704309 0.0747545 0.00255891 -0.0503887 -0.0187102 -0.0598611 -0.0136385 0.0852589 -0.0280924 -0.000273792 -0.00272612 -0.0233127 -0.0987396 -0.00313088 -0.0216295 -0.00963651 0.0306191 0.00204395 0.000296204 -0.00258272 -0.0513304 0.16765 0.00264733 0.0197994 -0.146973 -0.00456448 0.000854795 0.000148337 -0.0280977 0.000304911 -0.00899292 -0.0288392 0.0235672 
-0.00132043 0.000658476 5.38803e-05 5.68549e-05 -0.000171734 -0.000313711 -0.00180492 -1.12913e-05 0.00315761 -0.000742183 -0.000407245 -1.9733e-05 0.00347736 0.00860442 -4.06329e-05 -0.000248163 -0.000452984 -0.000126246 -0.000346763 -3.47277e-06 -3.83041e-05 3.59506e-05 -2.13295e-05 0.00066131 -0.00108385 -0.00123673 -0.000237179 -0.000153164 -3.68346e-06 0.000125106 0.000949498 3.64788e-05 -2.24046e-05 -0.000264099 -0.00295812 -0.000964011 -0.000442972 6.97622e-06 0.00354814 -0.000122192 -0.00281511 4.96401e-05 -0.00099857 0.00021511 -1.95551e-05 0.00104876 -0.000293815 -0.0019931 -6.27582e-05 0.00442446 0.00307361 -0.00252341 -0.00207209 -0.00136146 -0.00374175 -8.42996e-05 9.00122e-05 -0.00111586 0.00397958 2.6096e-05 -0.00331487 0.00199593 -5.92606e-05 -0.000455977 -0.00209524 -1.76321e-05 -3.71054e-05 -0.0012893 0.0032228 0.000347165 -0.000695136 -0.000366014 -0.00122957 -9.13354e-05 0.00245837 -0.000310158 -6.2902e-05 0.000246959 -0.000397168 -0.00171212 0.000205052 -3.52935e-05 -0.000259809 0.00399577 -2.07134e-05 -0.000239845 2.63801e-05 -0.000912834 0.00330008 2.91507e-06 -0.000313536 -0.00318521 -6.3344e-05 -3.60904e-05 4.99678e-06 -0.00045781 -6.2221e-06 -0.000832003 -0.000522722 -0.000427203 
0.000321644 -0.00177169 0.00012056 -3.55248e-05 0.00014046 -0.000231487 0.000680074 3.03767e-05 -0.00224431 0.0002382 -0.000245303 3.52959e-05 -0.00217348 -4.06329e-05 0.00533488 0.000673627 0.00158489 -0.000172851 0.000640699 -2.19252e-06 2.86819e-05 1.74916e-05 -4.10201e-05 -0.000188992 -0.00049371 -0.000208129 0.0002756 0.000524307 7.94525e-07 -6.65776e-05 -0.000650276 3.84026e-06 2.5354e-05 2.76704e-05 0.00205818 -0.00090354 -9.82719e-05 -0.000203832 -0.00124031 0.00019052 -0.00140275 -5.31354e-05 -0.000687392 -5.3836e-05 3.52808e-05 9.05648e-05 -0.000230706 -0.000287214 -8.17525e-05 -0.00156932 -0.00111699 0.00185019 -0.000552828 0.000431219 0.00213794 0.000418477 -6.97718e-05 0.000472219 -0.00174298 1.4722e-05 0.00210923 -0.00156022 7.9969e-06 -0.000199357 0.00165263 0.000112988 6.91764e-05 0.00122363 -0.000840143 -2.61283e-05 -0.000456497 2.58086e-05 -0.000124773 -0.000133095 -0.00118849 -0.000314345 -6.08676e-05 -0.00010449 0.000351467 6.63142e-05 0.000133058 -0.000159995 0.000485398 -0.000333226 -6.00847e-05 -0.000140212 1.41257e-05 -0.000315141 -0.00236285 -3.2945e-05 -0.000279395 0.00163849 8.02751e-05 -2.51753e-05 1.57647e-06 0.00107792 -4.30186e-06 -0.000189289 0.000605713 -0.000287706 
-0.00189295 -0.0106583 0.000948122 -0.000198769 -8.32896e-05 -0.00214737 0.0171341 -0.000360092 -0.0131223 -0.000346817 -0.0014164 -0.000333959 -0.0136738 -0.000248163 0.000673627 0.0323935 0.00370421 -0.000926198 0.00179602 1.49724e-05 0.00108925 -1.1875e-05 -0.000475194 -0.0010729 -0.0056096 0.0128979 -0.000643736 0.00354725 0.000109131 -0.000715109 -0.00425622 -3.23204e-05 -9.10331e-05 -0.000810401 0.0118867 -0.00471853 -0.000330532 -0.00147037 -0.00798012 8.02677e-05 -0.0087843 -0.000366182 -0.00331194 -0.000545665 0.000814937 -0.00282065 -0.00154428 -0.00612635 -0.000338312 -0.00936444 -0.0110856 0.00960853 0.00928597 -0.00131634 0.0130671 -0.000114837 -0.00077415 -0.000744188 -0.0114616 -1.16234e-05 0.0153773 -0.00857126 -7.04046e-05 -0.000377466 0.0107347 0.000116962 0.000264181 0.00524655 -0.00535107 -0.000158953 -0.00240697 0.00232338 -0.000525045 -0.000474669 -0.00265883 -0.00187131 -0.00058526 -0.000875717 0.00295318 0.000410728 -0.000448502 0.00162642 -0.000955562 -0.00197049 -0.000425326 -0.000852877 -0.000334747 -0.0032886 -0.0150042 -0.00113884 -0.0019153 0.0111907 -0.00100417 -0.000160406 -4.19702e-05 0.0139427 -8.13983e-05 0.000752773 0.00224436 -0.00234947 
-0.00466508 -0.0257846 0.000247528 -0.000214096 0.00249135 -6.56414e-05 0.00860939 0.000307986 -0.0204617 -0.000871665 -0.000400769 0.00323869 -0.0223525 -0.000452984 0.00158489 0.00370421 0.0612191 -0.00149805 0.0153863 0.000187336 0.00196206 0.000360774 -0.000152039 -0.00168642 -0.0110656 0.00605451 -0.00190057 0.0106977 0.000125776 0.000428735 -0.00681291 -3.30313e-05 0.000257268 -0.000426911 0.0258512 -0.0124397 0.00572277 -0.00210972 -0.0170039 4.43371e-05 -0.0169697 -0.000602533 -0.0139455 -0.00100506 0.000765752 -0.0100553 -0.00300624 -0.0139397 -0.000613858 -0.0198551 -0.0208671 0.0271199 0.00736526 0.0120483 0.0168682 0.000985431 -0.000950134 0.00582382 -0.0215568 0.000539242 0.0242942 -0.0156191 -0.000267536 1.63697e-05 0.0132801 0.000273449 0.000266592 0.00828717 -0.0106645 -0.000162469 -0.00343577 0.0104804 -0.00155772 -0.000573158 -0.00861008 -0.00320459 0.000395205 -0.00177177 0.0128093 -0.00211576 0.00874722 -3.30636e-06 0.00107905 -0.00450275 -0.00108485 -0.00160519 0.000618567 -0.00488672 -0.0302929 -0.00131686 -0.00277339 0.0237191 -7.40443e-05 -0.00032064 -1.13071e-05 0.0156743 -0.000119928 -3.03333e-05 0.011636 -0.00280501 
0.00226827 -0.00154562 -7.24263e-05 0.000883296 0.000600988 -0.000707349 -0.00395654 7.52533e-05 -0.0013234 -0.00343453 0.00135617 -0.000372865 0.0114923 -0.000126246 -0.000172851 -0.000926198 -0.00149805 0.0332162 -0.000658874 7.32245e-05 -0.000279504 -7.1045e-05 0.00102061 0.00154601 -0.001748 -0.000570838 -0.000208241 -0.000390428 -1.13963e-05 -0.000162802 0.00273816 -2.95335e-05 2.8615e-05 -0.000596302 -0.0125348 -0.00403425 -0.00112859 0.000183327 0.000846618 0.000347232 0.00257956 -3.48482e-05 -0.000151769 0.000440703 -3.58814e-05 0.00413534 0.00235469 0.00581267 0.00090081 0.00100365 0.00416303 -0.0080942 -0.00563666 -0.00124694 -0.0102839 -0.000416701 0.000112424 -0.00401327 0.011891 5.12204e-05 -0.00833055 0.00744721 0.000778156 -0.00234026 -0.00682149 -3.84213e-05 -0.000207217 -0.00645559 0.00526919 4.85102e-05 0.000850509 -0.00140368 -0.0045412 0.000110449 0.000495436 0.000595219 -0.000508971 0.00116734 -0.00181031 -0.00706398 0.00198997 0.000373779 -0.00066933 -0.00176825 -8.19453e-05 0.00452572 -0.000281365 -0.00382978 0.00852958 0.00249862 0.000393205 -0.0104805 0.00254897 -8.04972e-05 1.77529e-05 0.00148306 0.000143175 -0.00240378 -0.00172482 -0.00207037 
0.00347407 -0.00930918 -1.61734e-05 -0.000280599 -0.000354493 0.000577673 -0.00503223 -0.000193694 -0.0178432 -0.00176744 0.000740023 0.00211491 -0.0170165 -0.000346763 0.000640699 0.00179602 0.0153863 -0.000658874 0.0394487 9.02571e-05 0.0017034 0.000514113 0.000241016 -0.0012729 -0.0026628 0.00460853 -0.00165776 0.00383175 -6.32008e-06 -0.000931983 -0.00609195 -4.93431e-05 1.74326e-05 -0.000833871 0.0101022 -0.00762649 0.00388034 -0.00152168 -0.011802 0.000452454 -0.015099 -0.000205788 -0.00855691 -0.000642959 0.000344703 -0.0225782 -0.00109868 0.00196205 0.00014556 -0.0123687 -0.00861121 0.0235359 -0.00558635 0.0121438 0.0138399 -0.000126586 -0.000866148 0.0123959 -0.0149938 0.000387996 0.0172828 -0.0106077 0.000102482 0.00052742 0.0192481 0.000101562 0.000684104 -0.00504879 -0.00652979 3.93626e-05 0.0134614 0.0052312 -0.00244899 0.000216426 -0.0191138 0.00113244 0.000773497 -0.000745185 0.0075928 0.00208268 0.00183831 0.00700362 0.0037956 -0.00214648 -0.000107706 -0.00091824 -0.000247063 -0.00149753 -0.0202725 -0.000764666 -0.0023743 0.00715858 -0.00067166 -0.000235483 1.70018e-07 0.00167309 -9.39543e-05 -4.83577e-05 0.0106051 -0.00304361 
-6.54734e-05 -0.000102074 -2.60585e-06 4.27788e-05 2.94513e-05 4.02265e-05 -9.11121e-05 2.47789e-05 -1.89587e-05 -3.594e-05 -9.80408e-06 0.000115209 -0.000150702 -3.47277e-06 -2.19252e-06 1.49724e-05 0.000187336 7.32245e-05 9.02571e-05 0.00057003 0.0001473 1.80712e-06 6.1543e-06 3.93561e-06 6.24706e-05 8.46903e-05 -1.37031e-05 8.46943e-05 1.30229e-06 8.57184e-06 -5.26867e-05 -6.07905e-07 2.06257e-05 8.82434e-05 2.97244e-05 -1.62561e-05 0.000104665 3.32762e-07 -0.00010622 4.86903e-06 -4.92411e-05 6.17208e-05 -0.000226396 -5.13401e-06 2.315e-06 -0.000240357 3.54689e-05 -0.000103002 6.59364e-05 -0.000100951 -0.000118225 2.91007e-05 2.66711e-05 -7.51713e-05 -6.89602e-05 -8.46305e-06 -6.99318e-06 -1.0189e-05 -0.000141829 1.15926e-05 6.26597e-05 -0.000123914 -1.55367e-06 -1.59261e-05 9.75246e-05 -9.56649e-07 9.11014e-06 -0.000176402 -7.33367e-05 5.08533e-06 3.59842e-05 0.000147004 -8.87051e-05 7.23756e-05 -0.00021148 8.17807e-05 2.49917e-07 9.08196e-06 0.000163576 -6.73519e-05 1.92644e-05 9.63046e-05 -1.63365e-05 -1.29542e-05 5.8103e-06 1.43877e-05 8.94806e-06 -3.578e-05 -0.000145465 -1.5401e-07 2.45184e-05 4.8937e-05 -1.47605e-06 2.0529e-05 -4.79147e-07 1.30561e-05 9.19456e-06 -0.000171065 -5.57321e-06 -4.02089e-05 
-0.00179642 -0.00399132 0.00012212 1.42955e-05 -0.000338696 -0.000212917 -0.00113545 0.000445842 -0.00868773 0.00146874 -4.45181e-05 8.91169e-05 -0.00880154 -3.83041e-05 2.86819e-05 0.00108925 0.00196206 -0.000279504 0.0017034 0.0001473 0.0190649 0.000312845 0.000421853 -0.000786838 -0.00101305 0.0108104 0.000423801 -0.000170197 6.98763e-05 0.00039979 -0.00296598 1.21623e-05 0.000103336 0.00167354 0.00134754 -0.00313482 -0.000581493 -0.000479407 -0.00511278 3.70902e-05 -0.00632962 -7.61498e-05 0.000547025 -0.000320584 0.00014842 -0.00945837 0.00030021 0.0016922 0.00293311 -0.00590641 -0.00568846 0.00482367 -0.000830279 -0.00162966 0.00778182 -0.000150666 -0.000320369 0.00560836 -0.00788147 -1.02973e-05 0.00859506 -0.00575965 -6.38828e-05 0.000198539 0.00611171 -6.98927e-06 0.000369432 -0.000191747 -0.00316673 -9.81993e-05 0.00360921 9.58187e-05 -0.00237975 0.00458909 -0.0080448 0.00227044 -0.00026197 0.000100937 0.00069952 0.00148042 0.000332244 0.00455537 -0.000210449 -0.0013705 -0.000110073 -3.20681e-05 -4.08962e-05 0.000245039 -0.0096691 -0.000709315 -0.000854357 0.00653182 -0.000251158 -9.57738e-05 -4.85698e-06 0.00139593 -3.56573e-05 -0.000225395 0.0066295 -0.00163617 
1.57109e-05 -0.000723735 4.24393e-05 -1.72277e-05 1.01937e-05 -0.000172324 -0.000104998 8.53229e-05 -0.00123564 0.000168405 -9.21925e-05 0.000211697 -0.00114128 3.59506e-05 1.74916e-05 -1.1875e-05 0.000360774 -7.1045e-05 0.000514113 1.80712e-06 0.000312845 0.00276562 8.72736e-05 -6.48901e-05 -6.07638e-05 0.000713513 -6.84687e-05 0.000126112 -1.92241e-06 -3.40031e-05 -0.000359571 1.8877e-05 2.06073e-05 -4.33137e-05 -0.000222678 -0.000496871 -4.73356e-05 -0.000120685 -0.000562338 2.27216e-06 -0.00103804 -2.84255e-05 -0.000431464 -4.54362e-05 2.27292e-05 -0.00176085 -1.78592e-05 -0.000138797 8.92786e-05 -0.000795716 -0.000900398 0.00107785 -0.000647377 5.04808e-05 0.00112065 -2.04524e-05 -4.33591e-05 0.00125343 -0.000980463 4.83491e-06 0.000745992 -0.000862803 -9.21757e-06 -9.21104e-05 0.000438044 -1.31406e-06 4.02528e-05 -3.75118e-05 -0.000349356 -1.27433e-05 0.000873944 -4.27446e-05 0.000191631 0.000290551 -0.000401235 0.000552898 -6.29771e-05 -4.45744e-05 0.000172276 0.00100304 0.000164945 0.000423545 -3.57868e-05 -0.000155944 -4.02427e-05 -4.34377e-05 -1.78943e-05 -6.48493e-06 -0.00113796 0.000150241 -7.11845e-05 0.000474724 5.03152e-05 5.99666e-06 -1.59283e-06 -0.000132001 -7.01244e-06 -0.000119079 0.00169144 -0.000213121 
-0.00110648 -0.00482628 8.57324e-05 8.6537e-06 0.000262562 -0.000625777 0.000459352 3.21793e-05 -0.00548312 -7.64782e-05 -0.00019169 0.000102341 -0.00164823 -2.13295e-05 -4.10201e-05 -0.000475194 -0.000152039 0.00102061 0.000241016 6.1543e-06 0.000421853 8.72736e-05 0.0149476 0.00145328 -0.00172918 0.00457337 0.000205452 -0.000137444 4.9756e-05 0.000503647 -0.00152452 -1.14287e-06 0.000209142 -0.000271168 -0.00266587 -0.00204607 0.000234424 -0.00032256 -0.00224501 -0.000149589 -0.00377074 -9.39611e-05 0.00543121 -0.000171557 1.29245e-05 -0.000861733 0.000382928 -0.000175093 0.000284928 -0.00356884 -0.00169927 0.000953489 -0.00221184 -0.000926901 0.00186434 -0.000131226 -0.00017024 0.00130864 0.000275332 1.18783e-06 0.00259912 -0.00292899 -5.83919e-05 -0.000234643 -0.00153539 -1.7769e-05 -4.83749e-05 0.000359868 0.000903215 9.46336e-06 0.00307901 -0.000260623 -0.000721103 -0.000432993 -0.001782 0.000912025 -0.000123777 0.000193914 -0.00043738 -0.000764764 0.00042375 0.00145574 -0.000159444 0.000187446 -0.000125139 -0.000297762 -4.07391e-05 -0.00056525 0.00134545 0.00164925 7.3519e-05 0.000434776 6.4919e-06 -6.4714e-05 7.5559e-05 -0.000122263 0.000240771 0.000361389 0.000601833 -8.88209e-05 
-0.00494689 -0.0106989 -0.000148856 -0.000195635 -0.000639984 0.000189845 0.00421156 -0.00027871 -0.00277176 -0.00360006 0.00261034 0.000715007 0.00741502 0.00066131 -0.000188992 -0.0010729 -0.00168642 0.00154601 -0.0012729 3.93561e-06 -0.000786838 -6.48901e-05 0.00145328 0.0416941 0.00262818 -0.0068708 0.00116481 -0.000374797 -2.01155e-05 0.000813384 -0.00427397 5.64974e-07 -9.67804e-05 -0.00105072 -0.0157349 -0.00619207 0.000887066 -0.000433768 -0.00503476 -0.000279687 -0.0124632 -9.63827e-05 0.0117542 0.00104602 -6.15107e-07 0.00293711 0.000269347 0.00293515 -0.000569776 -0.00456092 0.0111785 -0.00638865 0.00716142 0.0134405 -0.0117277 -0.00019462 -0.000741174 -0.004037 0.00315583 0.000116202 -0.00983622 -0.0103819 -0.000286386 0.00185426 -0.00626784 0.000213634 -0.000123657 -0.00287793 0.0137054 0.000307396 0.00259497 0.000143423 0.00358821 -0.000167845 0.00601306 0.000379266 0.00476622 0.00610456 -0.000496169 -0.00530548 -0.0008616 -0.00196282 -0.00104375 0.000203297 2.74473e-05 -0.00127758 -0.000180258 0.000648113 0.00289542 0.00592947 -0.00216405 -0.0105177 -0.000168139 -0.000109762 -4.45671e-05 -0.00281057 0.00010302 -0.00167294 -0.00261558 0.00120306 
0.0602416 -0.00726814 -0.000875726 -0.000955863 -0.00239183 0.0347253 -0.0348578 -0.000390916 -0.0208782 -0.018245 0.0106739 -0.000555143 -0.00669629 -0.00108385 -0.00049371 -0.0056096 -0.0110656 -0.001748 -0.0026628 6.24706e-05 -0.00101305 -6.07638e-05 -0.00172918 0.00262818 0.152111 -0.0305617 -0.00662097 -0.00284507 -8.76053e-05 0.0015998 -0.0209345 0.000811448 -0.000193911 0.000864264 -0.0409306 -0.0269628 0.0106635 -0.00674343 -0.0373682 0.00412254 -0.0217143 0.000410818 0.0427007 -0.000290513 -0.000625905 -0.0373401 0.0262767 0.0815672 0.00513523 -0.0457314 0.0392443 0.0293693 -0.0206735 0.0285909 0.0133496 -0.00290658 0.00393947 0.0180339 -0.0547499 -0.000307206 -0.040812 -0.0200818 -0.00114437 -0.00834958 0.0310445 -2.85234e-05 -0.000889446 -0.0466669 -0.00484795 -0.000934747 0.0354243 2.36828e-05 0.00204098 0.00300596 -0.0769434 0.0263674 0.00314894 0.00458242 -0.00808514 0.00738491 -0.00484361 -0.00094559 0.0055175 -0.00909445 0.00254394 0.00362148 -0.00128125 0.0433099 -0.0103552 -0.00122404 -0.00930263 -0.0116354 0.00557158 -0.000450594 -0.000118538 -0.0139021 -8.89906e-05 -0.00411744 -0.00812837 0.019732 
-0.0359135 -0.0356769 0.00286672 -0.00131499 -0.00014873 -0.0161575 0.056711 0.00268194 -0.055837 0.0243154 -0.00301499 -0.00026123 -0.0950714 -0.00123673 -0.000208129 0.0128979 0.00605451 -0.000570838 0.00460853 8.46903e-05 0.0108104 0.000713513 0.00457337 -0.0068708 -0.0305617 0.194517 0.0103009 0.00137535 0.000221992 -0.00120563 -0.0380654 -0.000366694 0.000188663 -0.00111607 0.0081941 -0.0394452 0.00280419 -0.00699981 -0.0505716 -0.00115393 -0.00919723 -0.00240402 0.0552706 -0.00437396 0.00160433 -0.0160674 -0.00913831 -0.00680067 0.00388886 -0.0655639 -0.0646309 0.0166983 0.0375135 -0.0354603 0.0936527 -0.00153016 -0.00561189 0.0247751 -0.0657005 -7.88445e-05 0.111472 -0.0696278 -0.000460298 -0.00569257 0.00148616 -0.000434858 -0.000817655 0.0396648 -0.0418847 -0.00137281 0.0111258 0.000301103 0.00180023 0.012041 -0.000104015 0.00915539 -0.00290119 0.00300646 -0.00297975 0.0289745 -1.7831e-05 0.0232515 -0.00626615 -0.0159768 -0.00296437 -0.00140103 0.00231162 -0.0113354 -0.055825 -0.00992641 -0.0103562 0.0930464 -0.00719547 -0.00131571 -0.000259723 0.0314289 -0.00046273 0.0075144 0.0179329 -0.0139323 
-0.00587483 -0.00256569 0.000196624 -0.000206492 -0.000759161 -0.00155293 0.00833707 0.00112812 -0.0130104 -0.00407045 0.00285585 0.00242602 -0.0165021 -0.000237179 0.0002756 -0.000643736 -0.00190057 -0.000208241 -0.00165776 -1.37031e-05 0.000423801 -6.84687e-05 0.000205452 0.00116481 -0.00662097 0.0103009 0.0450852 0.000236935 6.27358e-06 0.00710452 -0.00533688 1.09483e-05 -3.04134e-05 0.00543077 -0.00174266 -0.00716871 7.94945e-05 0.000699974 -0.0133677 0.000943545 -0.00548223 -0.000422765 0.0196739 -0.000730911 -7.05417e-05 0.00397289 -0.000797903 -0.00266573 -2.19206e-05 -0.0136536 -0.00432394 -0.00848234 0.00494027 -0.00642881 0.0124262 0.000907085 0.000738023 -0.00146845 -0.00670229 -0.000100679 0.0165685 -0.0138922 0.000969518 -0.00176394 -0.00784787 -6.07077e-07 0.000968748 0.00254733 -0.00619933 -0.00024317 -0.00347803 -0.000198849 -0.00534021 0.000167354 -0.0121207 0.00199043 0.000707948 0.00517967 -0.00155625 0.00874776 -0.00145533 -5.12193e-05 -0.00109405 -0.00297957 -0.000333028 0.000542639 0.00130478 0.0102655 0.00110652 -0.00170939 0.00299883 0.0148579 -0.000200059 4.45504e-05 -7.33326e-05 0.000214866 5.17555e-05 0.00101178 -0.00105738 -0.00333094 
-0.00149385 -0.00755105 2.06224e-05 -7.39522e-06 9.23756e-05 -0.00105068 0.00279362 -0.000268941 -0.00486833 0.00129833 -0.000132937 0.00239384 -0.00558959 -0.000153164 0.000524307 0.00354725 0.0106977 -0.000390428 0.00383175 8.46943e-05 -0.000170197 0.000126112 -0.000137444 -0.000374797 -0.00284507 0.00137535 0.000236935 0.0197846 2.51881e-05 0.00145715 -0.000189487 -5.21745e-05 0.000151267 1.85452e-05 0.00718416 -0.00349343 -0.000281915 -0.000651376 -0.0046992 9.56465e-05 -0.00319604 -0.000165656 -0.00438393 -0.000251211 0.000537073 -0.00186306 -0.000744277 -0.00619924 -0.000336664 -0.00541394 -0.00614695 0.00362407 0.00476633 -0.00143038 0.00295152 0.000372826 0.000263686 -0.00087957 -0.0041553 0.000202021 0.00605626 -0.00547174 -0.000120026 0.000559067 -0.000130407 8.03398e-05 0.0001087 0.000114578 -0.00306767 -1.91756e-06 -0.00238338 0.0045244 8.99673e-05 2.99358e-05 -0.00121657 -0.00130952 -0.000324554 -0.000474508 0.00389589 -0.00157209 0.00262777 -0.00040819 -0.000566477 -0.00104778 -0.000305185 -0.000378271 -9.23182e-05 -0.00140863 -0.00635816 -0.000689058 -0.00104756 0.00581366 0.00149508 -4.90632e-05 1.74419e-05 0.00589381 -3.72195e-05 -0.000918192 0.000689593 -0.00150733 
-1.68698e-05 -0.000455148 5.05465e-06 -1.17065e-06 7.20336e-05 4.52897e-06 0.000403311 4.77744e-06 -0.000358849 0.000107987 -2.02686e-05 -4.50729e-06 -0.000399687 -3.68346e-06 7.94525e-07 0.000109131 0.000125776 -1.13963e-05 -6.32008e-06 1.30229e-06 6.98763e-05 -1.92241e-06 4.9756e-05 -2.01155e-05 -8.76053e-05 0.000221992 6.27358e-06 2.51881e-05 0.00112461 0.00012562 -0.000102044 -5.55368e-07 3.43108e-06 5.09709e-05 0.000119249 -0.000206933 -3.66043e-05 -3.3106e-05 -0.000311802 -9.2327e-06 -0.000101847 -8.65633e-06 -8.142e-05 -1.73201e-05 3.74411e-06 -0.000125269 -1.92425e-05 -0.00024171 -1.87435e-06 -0.000325231 -0.000182829 0.000260201 0.000148849 7.47345e-05 0.000338989 3.86733e-05 3.78297e-05 -9.85051e-05 -0.000415084 1.17136e-07 0.000225388 -0.000260022 7.41115e-06 0.000103695 1.22202e-06 -1.62908e-06 2.345e-05 6.60077e-05 -0.00016718 -3.61471e-06 4.59671e-05 6.54084e-05 9.48415e-05 4.11775e-05 -0.000104777 6.00162e-07 -1.31359e-05 -3.26884e-05 7.88647e-06 -8.36389e-05 -1.1649e-06 4.82856e-05 -2.51477e-05 -2.88913e-05 -1.5504e-05 6.09873e-06 -5.61386e-06 7.47863e-05 -0.000205059 -9.29712e-06 1.67344e-05 0.000259491 4.28475e-06 -4.45035e-06 -1.23254e-06 9.75271e-05 8.3075e-06 -3.36399e-05 -3.8648e-05 8.77013e-06 
-0.00302527 -0.00888592 0.000331291 7.2323e-05 -0.000554892 -8.88766e-05 -0.000916808 0.000901609 -0.00646417 -0.00201721 0.000854857 0.00448069 -0.00625056 0.000125106 -6.65776e-05 -0.000715109 0.000428735 -0.000162802 -0.000931983 8.57184e-06 0.00039979 -3.40031e-05 0.000503647 0.000813384 0.0015998 -0.00120563 0.00710452 0.00145715 0.00012562 0.0324852 -0.00483017 7.1986e-05 0.000217459 0.00863182 -0.00262678 -0.00594007 0.000691777 0.00110763 -0.00926102 2.50526e-05 -0.0013491 1.23105e-05 0.00963542 -0.000271697 0.000703148 -0.00154422 2.64573e-05 0.00033032 0.000804027 -0.0097186 0.00971281 -0.00497969 0.00322421 -0.00420223 0.00540122 0.00355693 0.00474566 -0.00217988 -0.00947232 7.98363e-05 -0.00192852 -0.00727596 0.000318671 0.00307376 -0.00834146 5.33027e-05 0.000951213 -0.0061798 -0.000954794 -0.000132458 -0.00270037 0.000562262 -0.00474775 0.00314153 -0.00903375 -0.0011039 -0.000268457 -0.000406246 0.000497871 -0.00221212 0.00174784 -0.000119352 -0.000622585 -0.00228947 0.000712441 0.000481737 0.000664852 0.00936768 -0.000544584 -0.001225 0.00529588 0.00816248 0.00198621 0.000720664 -1.64186e-05 0.00246029 0.000178866 -0.00237157 -0.000890749 1.29714e-05 
-0.0125899 0.0364729 -0.000834234 0.00320595 0.00116998 -0.00672201 -0.0339459 -0.00149113 0.0649861 -0.0015381 -0.00704947 -0.00137633 0.0746562 0.000949498 -0.000650276 -0.00425622 -0.00681291 0.00273816 -0.00609195 -5.26867e-05 -0.00296598 -0.000359571 -0.00152452 -0.00427397 -0.0209345 -0.0380654 -0.00533688 -0.000189487 -0.000102044 -0.00483017 0.131369 -0.000258886 -5.41162e-05 -0.00576547 0.019531 0.0471307 -0.00510871 0.00156792 0.0504043 -0.00222408 0.0245564 -0.00166447 -0.055248 -0.00193551 -0.000560416 0.0282757 -0.0032121 -0.0349954 -0.00254066 0.0707029 0.000407129 -0.0489369 -0.00630854 -0.0254232 -0.0753944 -0.000606785 0.00148496 -0.0211356 0.069791 0.000122839 -0.065346 0.058705 -0.00108702 -0.0102468 -0.0391437 -0.000328123 -0.00108736 -0.0222402 -0.00967052 0.00101626 -0.0189538 -0.00573405 -0.0179088 -0.00540672 0.0456866 -0.0106386 -0.00258394 -0.00314965 -0.00803524 -0.0325685 0.00199382 -0.00720223 -0.00440432 0.0236773 -0.00231179 0.00210515 -0.0013719 -0.0199777 0.0571783 -0.00203675 0.00315609 -0.0600553 -0.00222589 0.000991233 0.000299784 -0.00916456 -0.000278247 0.00272105 -0.00827886 -0.00225003 
0.00051183 0.000258495 -1.37366e-05 6.82456e-05 7.24174e-05 0.000594521 -0.000200609 0.000305469 -0.00071176 5.93748e-05 9.48088e-05 -3.04995e-05 8.88849e-05 3.64788e-05 3.84026e-06 -3.23204e-05 -3.30313e-05 -2.95335e-05 -4.93431e-05 -6.07905e-07 1.21623e-05 1.8877e-05 -1.14287e-06 5.64974e-07 0.000811448 -0.000366694 1.09483e-05 -5.21745e-05 -5.55368e-07 7.1986e-05 -0.000258886 0.00331457 -7.82175e-06 0.000484861 -0.0009127 -0.000451952 0.000269053 -9.30647e-05 0.00014307 -4.04438e-06 -0.00120323 1.82116e-05 0.000534841 -2.92577e-05 -8.04016e-06 -0.000961837 0.00036284 0.00083785 0.000217791 -0.000548287 -0.000574122 0.000250339 -0.00066422 0.000765707 9.8931e-05 3.78969e-05 3.7297e-05 0.00012668 -0.000940744 2.05464e-05 -0.000391782 -0.000744428 -7.50942e-07 -9.6998e-05 0.000813481 4.32245e-05 3.0027e-05 -0.000140647 -0.00039294 -8.90358e-06 0.00039358 -5.37323e-05 -0.000435762 0.000222222 -0.00139672 0.000141442 5.45253e-05 4.03319e-05 -4.28818e-07 -0.000121281 -3.61863e-05 -6.14871e-06 0.000539303 -0.000147374 2.11087e-05 -6.12305e-05 -2.25645e-05 0.00050021 -0.00130739 0.000113628 -0.000132894 -0.000190835 -8.86526e-05 1.66927e-05 2.51704e-05 6.03905e-05 6.1537e-06 -0.000393131 2.68062e-05 0.000761849 
0.00012895 -0.00128358 8.20682e-06 1.56284e-06 0.000122918 -0.000191392 -0.000231925 2.77697e-05 -0.000938164 0.000362563 -0.000120362 0.000143865 -0.000897837 -2.24046e-05 2.5354e-05 -9.10331e-05 0.000257268 2.8615e-05 1.74326e-05 2.06257e-05 0.000103336 2.06073e-05 0.000209142 -9.67804e-05 -0.000193911 0.000188663 -3.04134e-05 0.000151267 3.43108e-06 0.000217459 -5.41162e-05 -7.82175e-06 0.00312062 0.000513621 0.000833118 -0.000408859 6.41282e-05 -4.01074e-05 -0.000633259 9.54106e-06 -0.000585358 -1.57892e-05 -4.55747e-05 -1.77501e-05 1.20194e-05 -0.000888843 6.15126e-05 -0.000156226 -2.25893e-05 -0.000675164 -0.000920263 2.30721e-05 -0.000489402 -0.00018717 0.000682793 5.29426e-05 4.80852e-05 0.000293237 -0.000676125 7.43402e-06 0.000390389 -0.000712961 -2.12623e-05 0.000597239 -7.668e-06 6.82608e-05 9.55642e-05 -0.000313456 -0.00036145 -1.05449e-05 -0.000102759 0.000284884 0.000471095 -5.67856e-05 -0.000620074 -5.01097e-05 -2.20621e-05 -5.15749e-05 0.000349536 0.000771929 0.000155199 0.000469128 2.27951e-05 -0.000152314 -3.47596e-05 0.000622856 -7.24509e-06 -0.000152454 -0.000130761 -8.79174e-06 -7.13576e-05 0.000714372 0.000139001 -6.93363e-06 -2.34618e-06 0.000371159 7.87973e-07 -0.000395423 1.01253e-05 -8.01718e-05 
