0.0427277 -0.00115299 0.00165848 -0.0004585 -0.00688042 -0.00746287 -0.00630132 0.000445072 0.000740868 -0.00355221 -0.00424389 -0.00477431 -0.0121274 -0.000882616 -0.0017466 -7.56054e-05 -0.00187131 0.0130061 -0.0011249 0.00979057 0.0146244 0.00118722 -0.000446681 -0.000823672 -0.000133336 -0.000101951 -0.00851465 -0.0159716 -0.00203423 -0.00627486 0.00228901 -2.90533e-05 -0.00216039 -7.03779e-05 -0.0039539 0.000416599 0.00156052 -0.0105089 0.00140942 0.000172144 -4.90915e-05 0.000115662 0.00275145 0.00896717 -0.00101241 -0.000627348 0.0044922 -9.32255e-05 -0.00390048 -0.00827845 0.00940824 -0.00427647 -0.00337905 -0.00332692 -0.00542464 3.25396e-05 0.00806814 -0.000652056 0.00517386 -0.00263839 -0.000717084 -0.00612714 0.000894766 0.00190284 0.000516631 -0.000768878 -0.00386411 -0.00041341 -0.00165571 0.00494624 -0.00185112 0.00706121 -0.000974053 -0.00505252 -0.000147452 -0.00120275 -0.00151816 -0.000593049 -0.000105386 -0.000449285 0.00505724 -0.00163745 -0.000611924 0.000157023 -0.00334954 0.00347568 0.00554759 0.00488262 -0.00136657 0.00292506 -0.00433917 0.00115949 -0.000178684 0.0119512 -0.00889849 -0.00209697 -0.00208012 0.00647431 0.00222739 -0.000880677 
-0.00115299 0.0926152 0.00514688 -0.00162708 -0.0187606 -0.0030331 0.0116676 0.0129361 -0.00370533 0.00539915 0.00288704 0.000240898 -0.00559295 -0.00393641 -0.00362568 -0.000174579 0.00124456 -0.00255886 0.0121919 -0.00856222 -0.00529982 0.000296021 -0.00069421 -0.00132227 -0.0037121 -8.65851e-07 -0.000888095 -0.0192338 -0.00651931 -0.00275124 -0.0245783 0.000655391 0.0155164 0.000480431 -0.00362526 -0.0186438 0.0146279 0.00158916 -0.00403703 -0.000190423 -0.00218407 -0.000589153 0.00156201 0.00396579 0.00490238 0.00996181 0.0204003 0.00178568 -0.0137236 -0.0244302 -0.0060441 -0.0171307 -0.00878553 -0.0102012 0.0012163 -0.000234794 -0.000968989 0.0220086 0.0142901 -0.004102 -0.0221087 -0.0179922 0.0110903 -0.00311265 -0.00178505 0.00888989 -0.024311 0.000960902 0.0152261 -0.000518196 -0.00720048 0.0209637 0.00152851 -0.0111128 -0.00948417 0.0104342 0.00613364 -0.000950401 -4.77892e-05 -0.000150531 0.00796217 -0.00150023 0.000621043 0.0123418 -0.00864004 -0.00147022 -0.0110062 0.00224401 0.017479 0.00430348 -0.019756 -0.000231136 -0.000555202 -0.00434442 -0.0198234 -0.00136091 -0.00278453 0.0106767 0.0122434 0.00218079 
0.00165848 0.00514688 0.104361 0.00248113 -0.0184754 -0.0167694 0.0366899 0.0248229 -0.00382727 -0.00786357 -0.0109135 -0.00965159 -0.0198961 -0.00850505 0.00805394 -0.000180323 -0.00737659 0.00129329 -0.00355349 0.0234898 0.0299601 -0.000790488 0.00563128 -0.00228948 -0.00731258 0.00029029 -0.0205653 -0.0507443 -0.0108274 -0.0255995 -0.011689 1.43724e-06 0.0118025 -0.000131986 -0.0296314 -0.0247832 0.00606834 -0.0271437 -0.00487843 0.00332403 -0.00310991 -0.000471096 -0.00391534 0.0371415 0.00109227 -0.0208934 0.0147353 -0.000768812 -0.0174559 -0.0295074 -0.00580047 -0.00485965 -0.0122778 0.015415 0.00712797 0.000410617 -0.0013812 0.0241585 0.0295763 -0.00512218 -0.0293476 -0.0225033 0.0106021 -0.0038785 -0.00130931 -0.00642796 -0.0168674 0.00102173 -0.00231711 0.0245312 -0.0194922 0.0126149 -0.00211184 -0.0257243 0.032747 -0.000861823 0.0209146 -0.00116163 0.00092896 -0.00440595 0.0229875 0.0225795 0.00345846 0.0150334 -0.0123729 0.00110769 0.00963538 0.00779687 0.0129291 -0.00249199 -0.0124999 -0.0174762 0.000321025 0.0118723 -0.017285 0.00767397 -0.0105664 -0.000793469 0.0164142 0.00895466 
-0.0004585 -0.00162708 0.00248113 0.0200166 -0.00231865 0.00194429 -0.00163223 -0.00198177 -4.90003e-05 0.00797665 -0.00168834 -0.00257309 -0.00200299 -0.0014316 0.000252859 -3.68962e-05 -0.00190693 0.00081492 -0.00028711 0.00152594 0.00409702 -4.46681e-05 0.000220064 -0.000133585 0.000542716 1.33144e-05 -0.00442852 -0.00211606 -0.00105127 -0.00502608 0.00394419 -5.13601e-05 -0.00280725 -2.43899e-05 -0.00503983 -0.00501969 -0.000368737 -0.00439075 -0.000750704 -7.55537e-05 -0.000434869 -0.000147289 -0.000780498 -0.00060214 -0.000389321 -0.00522161 -0.00148786 -2.10759e-05 0.000870159 0.00289053 -0.00106476 0.00297634 -0.00371873 -0.00399283 -0.00129366 0.00402789 -0.000185515 -0.00185429 0.0018665 0.000543741 -0.00316109 0.00520703 -0.00208742 -1.41627e-06 0.000228191 -0.0012845 0.00758733 0.000168097 -0.000311073 0.00868558 0.00331139 -0.0031706 -0.00102847 -0.00228991 0.00280288 0.000338598 0.00031367 -0.000215936 -6.19399e-05 0.000329965 0.00273099 -0.000129009 0.000203588 -0.00397533 -0.00328028 -5.36551e-05 0.00517595 -0.000991068 -0.00144667 -0.00196436 -0.000390104 -0.00315679 -8.91007e-05 0.00415242 -0.004371 0.00351654 0.00630113 -0.0041294 -8.27748e-05 0.000130731 
-0.00688042 -0.0187606 -0.0184754 -0.00231865 0.194419 0.0267494 -0.00345521 -0.0265446 0.00496132 -0.0203781 0.0104266 -0.00912141 -0.0169619 0.020258 -0.00346695 5.78156e-06 -0.00713503 -0.0186418 -0.006922 -0.00298266 -0.0152379 -0.000492867 -0.00358268 -0.00354432 0.030306 -0.000394851 0.0421991 0.0721497 -0.0197012 0.0353142 -0.0048635 -0.000719865 -0.0471913 -0.000120981 0.0315667 0.066684 -0.00604724 -0.00777676 -0.00252744 -0.00161963 0.00120964 0.000172032 -0.00955826 -0.0137854 -0.00723674 0.0185158 -0.0192107 -0.000533397 0.0318145 0.0182965 0.00779065 -0.0192444 0.0282868 0.0133455 -0.00423223 -0.00471095 0.0037164 -0.0196799 -0.00861947 0.0108139 -0.0346234 -0.00990679 0.00139947 -0.0031331 -0.00687602 -0.0101808 0.0373191 -0.00361524 -0.0139836 -0.0101956 -0.0113147 -0.0494518 -0.0117712 0.0894 0.0131733 -0.00414434 -0.0387878 -0.00167536 -0.000914191 0.0107764 -0.044932 -0.0137867 -0.00300513 -0.0231412 0.00737504 -0.00279594 -0.00143215 -0.00995288 -0.028977 -0.0276613 0.0301386 -0.0302725 -0.00154248 -0.0187995 0.0139298 -0.00212108 -0.0105798 -0.0445746 -0.0116662 -0.00402162 
-0.00746287 -0.0030331 -0.0167694 0.00194429 0.0267494 0.168733 -0.0188559 -0.0253542 0.00903853 0.0489886 -0.0279077 -0.0333815 0.00997586 0.00197692 -0.0073927 -0.000480068 -0.0169268 -0.00441455 0.000712248 -0.0227365 -0.0180343 0.00118484 -0.00347378 -0.00195833 0.0174644 -0.000450163 0.0122805 0.0509192 -0.0137572 -0.0357397 0.0619797 -0.000164014 -0.0333082 -0.000259851 -0.0484779 -0.0112173 0.00117334 -0.0167154 0.00108291 -0.00126084 0.00107656 -0.00190197 -0.00794979 -0.0103092 -0.00068876 -0.0552599 -0.00720147 0.000387043 -0.0100012 0.0633543 0.0029187 0.0218208 -0.0340931 -0.0483702 -0.0317824 0.0142058 -0.00583569 -0.011351 0.0203066 0.0103693 0.0169054 0.0581361 0.0216063 -0.00378209 -0.00619453 -0.0154987 0.0704537 -4.262e-05 -0.00913887 0.0191843 0.0533552 -0.0382955 -0.0125503 0.030352 -0.00863355 0.00707989 -0.0320665 -0.00236583 -0.000774935 0.0079183 0.00824657 -0.0150756 -0.00246417 -0.00445715 -0.0130723 -0.00191648 -0.00450628 -0.0085684 -0.00127547 -0.0257479 0.0411198 -0.0352842 -0.00106118 -0.00505422 -0.0167142 -0.00977072 0.0100225 -0.0104269 -0.00655457 -0.00745341 
-0.00630132 0.0116676 0.0366899 -0.00163223 -0.00345521 -0.0188559 0.193273 0.0660566 -0.00203542 -0.023409 0.00364985 -0.019476 -0.0257106 -0.0111507 0.0267026 -0.000488 -0.0114507 -0.00851226 -0.00137507 -0.000548467 0.0156042 0.00298536 0.0061014 -0.00279737 0.00631545 0.00155867 -0.0252545 -0.0426487 -0.0149227 -0.0147158 -0.0349152 -3.77339e-05 0.0266786 -4.34062e-05 -0.0262248 -0.0460754 -0.00134475 -0.0346206 -0.00813843 0.00286576 -0.00746405 0.0014627 -0.00777124 0.0291102 -0.000176921 -0.00206886 0.00232299 -0.0012841 -0.0322952 -0.0485248 -0.010598 -0.0450232 0.0055137 0.054357 0.031397 -0.00306927 0.00661026 0.0375102 0.0436991 -0.00495014 -0.0224451 -0.0470839 0.0128126 -0.00155901 0.011643 -0.00741077 -0.0242906 -0.000586506 0.0267178 -0.0206679 -0.0407675 0.00436726 -0.00477583 -0.0319776 0.0641961 0.000715528 0.0481637 -0.00200645 2.85165e-05 -0.0143627 0.00297644 0.0463424 0.00723882 -0.00458798 0.00476336 -0.00480232 -0.0148302 -0.0102884 -0.00599312 -0.0120903 0.0115703 -0.0109682 -1.47704e-06 0.00961952 -0.0117141 0.00399072 -0.0201777 -0.025799 0.00383196 0.0174426 
0.000445072 0.0129361 0.0248229 -0.00198177 -0.0265446 -0.0253542 0.0660566 0.154276 -0.00623808 -0.0182882 0.0108033 -0.0238539 -0.0128915 -0.00437164 0.0280585 -2.11966e-05 -0.00637823 -0.0104285 0.00396333 0.0123171 -0.00788814 -0.00263671 0.00438882 -0.00267345 0.00291978 0.000649781 -0.00977501 -0.0506272 -0.0128975 -0.00512824 -0.0478841 -0.00039208 0.0338095 -8.02148e-06 -0.0320855 -0.0288995 0.00455429 -0.0181741 -0.00830286 0.00175402 -0.00481595 0.00181026 -0.0053566 0.02339 -0.00324036 -0.00165025 0.0211233 -0.000848577 -0.0134431 -0.029548 -0.0232861 -0.0305834 0.000210515 0.0506231 0.0184634 -0.00440902 0.0173056 0.0348666 -0.0116663 -0.0104471 -0.0270948 -0.0260344 0.00956057 -0.0057283 -0.00605872 -0.00277793 -0.0262558 -0.0006964 0.0225694 -0.0229487 -0.0211784 0.0193765 0.00585564 -0.0329239 0.0463165 -0.00233802 0.0270473 0.000234524 0.00115509 -0.00832678 0.0233162 0.0320908 0.00353164 0.0268869 -0.000708868 0.000586339 -0.0142604 -0.000399997 -0.00218746 -0.00805859 0.0134229 -0.0168587 0.00137481 0.00134088 -0.0186024 0.00250792 -0.0171065 -0.0205449 0.00504015 0.0123471 
0.000740868 -0.00370533 -0.00382727 -4.90003e-05 0.00496132 0.00903853 -0.00203542 -0.00623808 0.0375116 -0.00490346 -0.00428971 -0.00621423 0.0123739 0.00498239 -0.00151609 -5.65996e-05 -0.0018352 -0.000346231 -0.000992035 -0.00454827 0.000280338 0.00120126 -0.000597612 0.00122097 0.0143262 -0.000228802 0.00625501 0.00877913 -0.00359484 -0.00295857 0.0041591 -0.00011619 -0.00663553 -7.21298e-05 -0.0102604 -0.00623111 -0.000540473 -0.00828184 0.00721028 -0.000175613 0.00186026 -0.000322496 -0.000956256 -0.00309537 -0.00104815 -0.00904007 -0.00328184 0.000119459 -0.00164298 0.0203881 0.00204279 0.00690886 -0.00591048 -0.00688922 -0.00659501 0.000473589 0.001093 -0.00407659 0.00167737 0.0155933 0.0076889 -0.00350175 -0.000137068 -0.000222923 0.00072441 -0.0026513 -0.00218737 -0.000522077 -0.0032748 -0.0044656 0.00846553 -0.00768781 -0.00200745 0.00816697 0.000303261 -0.00123195 -0.00677077 0.000245959 -0.00021469 -0.003712 -0.00937585 -0.00286743 -0.000431726 7.18506e-05 0.00571294 0.000890186 -0.00444661 -0.00117584 -0.00584784 -0.00450622 0.0153374 -0.0056335 -0.000185744 -0.00262273 -0.00398527 -0.00174966 -0.00383716 2.33885e-05 -0.00184134 -0.00062553 
-0.00355221 0.00539915 -0.00786357 0.00797665 -0.0203781 0.0489886 -0.023409 -0.0182882 -0.00490346 0.165331 -0.0206224 -0.0303548 0.0284169 -0.0117993 -0.00542888 -0.000349444 -0.0183413 0.00396726 0.00121076 -0.013949 0.00415221 0.000459556 -0.000998056 -0.00410057 0.00144952 -0.00245132 0.00220577 0.0301941 0.00302315 -0.0326798 0.066771 -0.000649347 -0.0341009 -0.000236821 -0.0398752 -0.0207484 0.00119989 -0.000821422 -0.00281373 -0.00173414 -0.0046891 -0.00176747 -0.00742887 -0.00979827 -0.00229826 -0.0508172 -0.0103678 0.00273672 0.00636437 0.0281419 -0.00761912 0.0388614 -0.0368172 -0.0534798 -0.0216622 0.0103426 -0.00832023 -0.015742 0.037977 0.00236958 -0.00366629 0.0583881 -0.0125739 -0.0044783 -0.00420957 -0.011581 0.0601489 0.00255553 -0.00477835 0.0421431 0.0554795 -0.0370635 -0.00426442 -0.00193603 -0.0178489 0.00529482 -0.0169017 -0.00132837 -0.000743103 0.00731874 0.0163136 -0.0132308 -0.00241723 -0.0122807 -0.00917347 -0.00355724 0.0266351 -0.00130813 -0.0152102 -0.0242906 0.00257339 -0.0264498 -0.00118769 0.0466619 -0.000398973 -0.00232832 0.00926285 -0.0364228 -0.00151459 -0.00791366 
-0.00424389 0.00288704 -0.0109135 -0.00168834 0.0104266 -0.0279077 0.00364985 0.0108033 -0.00428971 -0.0206224 0.153505 -0.00662432 0.0308325 0.0252265 -0.00673303 0.000778858 -0.00210044 -0.0162528 -0.00618237 -0.00606818 -0.00984443 -0.00292864 0.00250316 0.00221513 -0.0117873 -3.38507e-07 0.0573679 0.00111754 -0.00217342 0.106053 -0.0650997 -0.000558357 -0.00081098 0.000794782 0.0727603 0.0444971 0.000850354 0.0656669 -0.00793978 -0.00113874 -0.004948 -0.00110078 -0.00518609 -0.00910833 -0.00425006 0.0694148 -0.0141101 -0.00142265 0.00500176 -0.0341905 -0.0203163 -0.0288682 0.069721 0.0504443 0.0732849 -0.00150438 -0.000186892 -0.0194072 -0.0341363 -0.00287284 -0.0455157 -0.0293213 -0.0180196 -0.00513903 -0.0050041 0.0116647 -0.0470642 1.85067e-05 -0.0144639 -0.0147408 -0.0656952 -0.01011 0.0392042 0.00941723 -0.0141473 -0.00551137 -0.0323627 0.00580042 0.000747135 -0.0119958 -0.0800494 -0.0120402 -0.00280866 -0.0165936 0.0107788 -0.00312012 -0.0105831 -0.00921546 -0.0260575 -0.0133237 -0.0464016 0.0264549 -0.000593187 -0.0214534 0.0642755 0.00207316 -0.0161087 -0.0549525 0.0023902 -0.00271862 
-0.00477431 0.000240898 -0.00965159 -0.00257309 -0.00912141 -0.0333815 -0.019476 -0.0238539 -0.00621423 -0.0303548 -0.00662432 0.167647 -0.012619 -0.00769016 -0.00630999 0.000256447 0.0308862 -0.0131112 -0.0071825 0.011374 -0.0143637 -0.00226134 -0.000644216 0.00027892 -0.0178689 -0.00121829 -0.00665803 -0.00602284 0.0283457 0.0195621 -0.0540542 0.000335573 0.0149112 -0.000133892 0.0569303 0.0219423 -0.00450248 -0.0131687 -0.00856047 0.000687394 -0.000483634 0.00121741 0.0176454 -0.013125 0.00388379 0.0505106 0.00888854 -0.00120599 0.00185901 -0.0476444 -0.00785367 -0.0387832 0.014166 0.0184023 -0.000727049 -0.00447187 -0.00418429 -0.000226603 -0.0315538 -0.00504691 -0.0142763 -0.0228856 -0.0102107 -0.00261656 -0.00181046 0.0160268 -0.0677063 0.00100073 -0.00358348 -0.00878859 -0.0343794 0.049477 -0.00253155 -0.0106921 -0.0122839 -0.00507102 0.0260477 -0.000544683 -0.000258142 0.0118781 0.00133677 -0.0109605 2.07388e-06 -0.00529596 -0.0172635 0.00229049 -0.0202687 -0.003226 0.0248231 0.042364 -0.0226148 0.0570398 0.00152348 -0.0208234 0.00719676 0.011183 0.0264105 0.0253769 -0.00128102 0.0031253 
-0.0121274 -0.00559295 -0.0198961 -0.00200299 -0.0169619 0.00997586 -0.0257106 -0.0128915 0.0123739 0.0284169 0.0308325 -0.012619 0.213987 -0.00397944 -0.00907019 0.000568477 0.00265785 -0.021806 -0.00208933 -0.035785 -0.0285791 -0.00331319 0.00169005 0.00757747 0.0126209 -0.00143081 0.0554186 0.0162827 0.000375023 0.0356459 -0.0256089 -0.000975843 -0.0185166 0.000194376 0.00926832 -0.00289452 0.00506171 0.0124536 0.00749908 -0.00213639 0.00725794 -0.00202577 -0.00121967 -0.0180007 -0.00772952 0.00541167 -0.0128945 0.00185903 -0.00841923 0.0619314 -0.0270623 0.0170691 0.0011221 -0.0185993 0.030689 0.00386116 -0.00715836 -0.024018 -0.0156562 0.0209245 0.0115604 0.000605009 -0.0139743 0.000936013 -0.00814583 0.00448216 -0.0232168 -0.00115963 -0.0213964 -0.00674343 0.0294811 -0.0278178 0.0195346 0.00424419 -0.0203645 -0.00474098 -0.0256726 0.00109825 -0.000861882 -0.0267272 -0.0603941 -0.0150328 0.000454982 0.00090314 0.0201031 -0.0045948 -0.00492608 -0.00969847 -0.0359226 -0.00762057 0.0327035 0.0157606 -0.00106531 -0.0355784 0.0407642 -0.00175896 -0.013224 -0.0224453 0.0105784 -0.00638139 
-0.000882616 -0.00393641 -0.00850505 -0.0014316 0.020258 0.00197692 -0.0111507 -0.00437164 0.00498239 -0.0117993 0.0252265 -0.00769016 -0.00397944 0.0770983 -0.00323731 0.000334092 0.00110063 -0.00651208 -0.000309298 -0.00953763 -0.00923785 -0.00126487 0.00086548 -0.000465453 0.00372439 -0.000698944 0.0332716 0.000583115 -0.00575192 0.038726 -0.0224441 -0.000221147 -0.0139961 0.000116261 0.0316194 0.0242991 0.00220024 0.0229659 -0.00207803 -8.02004e-05 0.00114749 -0.000674661 -0.00249755 -0.00694272 -0.000695278 0.0152363 -0.00601618 -0.000317896 0.0138878 -0.00209132 -0.00898747 -0.00941758 0.0242316 0.0166299 0.0203511 -0.000169162 -0.000664947 -0.00742773 -0.0184421 0.00573478 -0.0190741 -0.00903067 -0.00679904 -0.00208115 -0.00327728 0.00695989 -0.0230982 -0.00129453 -0.00734153 -0.00915146 -0.0257187 -0.0117817 0.017966 0.0192341 -0.00590601 -0.00262378 -0.0152993 0.00358938 0.00276617 -0.00615742 -0.0364087 -0.0024853 -0.000751318 -0.00761753 -0.00339617 -0.0012948 -0.0044927 -0.00495594 -0.0120613 -0.00830152 -0.00833515 0.00884737 -0.00053992 -0.0144684 0.0350521 -0.000746432 -0.00733321 -0.0231551 -0.00263585 0.000558231 
-0.0017466 -0.00362568 0.00805394 0.000252859 -0.00346695 -0.0073927 0.0267026 0.0280585 -0.00151609 -0.00542888 -0.00673303 -0.00630999 -0.00907019 -0.00323731 0.0422253 -8.45716e-05 -0.00369436 0.00039146 0.00217818 0.00134842 -0.000571375 -0.000454902 0.000274863 -0.00034172 0.00176951 0.0009969 -0.0104082 -0.0181769 -0.00403411 -0.0115102 -0.00361388 -0.000124663 0.00566396 -8.0332e-05 -0.0131986 -0.0129373 -0.000654637 -0.0175175 -0.00220991 0.000417301 -0.00125377 0.000942915 -0.00151523 0.00164277 -0.000924934 -0.00868199 0.000830004 -0.000305454 -0.00551293 -0.00598675 -0.00381765 -0.00778011 -0.0081753 0.0125679 0.00134099 -0.000373824 0.00314523 0.0157236 0.00362847 -0.00239715 -0.00124973 -0.00233357 0.00415925 -0.00127504 0.000296166 -0.000962369 0.0018408 -0.00025701 0.00968512 -0.00455713 -0.00626307 -0.00514128 -0.00242751 -0.0078334 0.0264119 -0.00139521 0.0167759 -8.20923e-05 0.000102399 -0.00220829 0.0130298 0.0215412 0.00144758 0.000311227 -0.00343791 -0.000811824 -0.00269234 -0.00233024 -0.0053958 0.00073371 0.0123323 -0.00626676 0.000877405 0.00162601 -0.0114896 0.00129675 -0.00364444 -0.0118043 -0.00110295 0.00920421 
-7.56054e-05 -0.000174579 -0.000180323 -3.68962e-05 5.78156e-06 -0.000480068 -0.000488 -2.11966e-05 -5.65996e-05 -0.000349444 0.000778858 0.000256447 0.000568477 0.000334092 -8.45716e-05 0.00237252 0.000158426 -0.000187665 0.000270668 -8.96512e-05 -0.000205306 -3.22167e-05 0.000129646 2.60301e-05 -0.000276959 -2.2452e-05 0.000981049 -0.000776072 -0.000160275 0.00124744 -0.000852212 -6.01073e-06 -0.000356547 2.10724e-05 0.00102793 0.000909054 0.000234882 0.000805147 -8.54132e-05 -1.79058e-05 -4.78802e-05 5.00652e-06 -2.13579e-05 -0.000211092 -4.25873e-05 0.000979567 -0.000169783 1.68411e-05 -0.000149171 -0.000540176 -0.000266609 -0.000472126 0.000893555 0.00104833 0.00112644 -6.01068e-05 -3.29552e-05 -0.000241431 -0.000652352 -1.66324e-05 -0.000469839 -0.000482087 -0.000236469 -6.04541e-05 -7.12271e-05 4.28676e-05 -0.000917127 -3.4493e-05 -0.000224281 -0.000254926 -0.000958621 -0.000363873 0.00106437 -0.00024344 -0.000235351 -7.45634e-05 -0.000235929 -1.24715e-06 1.49198e-05 -0.000140883 -0.00109147 -0.000115948 1.79016e-05 0.000325258 -3.68605e-05 -5.4096e-05 -0.000166782 -0.000136518 -0.000369076 0.000211474 -0.000655155 0.000488854 1.28821e-05 -0.000541167 3.22083e-05 0.000407636 -0.000196992 -0.000569171 0.000100383 -3.77357e-05 
-0.00187131 0.00124456 -0.00737659 -0.00190693 -0.00713503 -0.0169268 -0.0114507 -0.00637823 -0.0018352 -0.0183413 -0.00210044 0.0308862 0.00265785 0.00110063 -0.00369436 0.000158426 0.0852751 -0.0033481 -0.00366368 0.0012028 -0.0106823 -0.000723661 -0.000904322 0.00482249 -0.0101489 -0.000749563 -0.00623776 -0.00263358 0.00512376 0.0118437 -0.0333091 0.000880308 0.0292388 0.000315097 0.0298803 -0.00343096 -0.00252111 -0.00364235 -0.00360809 0.000555974 0.000716005 0.000716462 0.0198875 -0.0060386 -0.00033184 0.0166594 -0.00230186 -0.000184897 -0.00326466 -0.0210028 -0.0110574 -0.0166897 0.0093557 0.0166108 -0.00393646 -0.00290374 -0.00144024 -0.00380835 -0.0224168 -0.000710324 0.0160146 -0.0179995 -0.00521639 0.000496992 -0.00347692 -0.00595356 -0.0320258 -0.000991504 -0.00276417 -0.0109873 0.00358947 0.0279408 -0.0014542 -0.00582967 -0.0116855 -0.000695067 0.0111539 -0.00166184 -0.000208463 -0.0052205 -0.00198179 -0.00725493 -0.000832472 -9.69624e-05 0.00691844 -0.000448628 -0.0133393 -0.00350045 0.0203278 0.0322855 -0.0214382 0.0304984 0.000881807 -0.0214104 0.00104988 -0.00219804 0.00132733 0.0198093 0.000724737 -0.00277105 
0.0130061 -0.00255886 0.00129329 0.00081492 -0.0186418 -0.00441455 -0.00851226 -0.0104285 -0.000346231 0.00396726 -0.0162528 -0.0131112 -0.021806 -0.00651208 0.00039146 -0.000187665 -0.0033481 0.0827978 0.00332055 0.00444008 0.0325703 0.00453131 -0.00109347 -0.000192919 -0.0106703 -0.000471846 -0.0219229 -0.0125632 -0.00474158 -0.0238639 0.0412269 0.000891337 -0.00170559 -0.000156408 -0.0242312 -0.0159732 -0.00208548 -0.00336226 0.00180322 -3.58049e-05 -0.000455188 -0.000583263 -0.000865871 -0.00336848 -2.78135e-05 -0.0249227 -0.00683107 -0.000409978 -0.00742738 -0.000667381 0.0247434 0.0196696 -0.0176072 -0.0239219 -0.0154865 0.000934702 -0.00281034 -0.00837611 0.0245334 -0.00469407 0.0319056 0.0158268 -0.00501064 0.0114559 0.0119258 -0.00774621 0.0295047 -0.000203368 0.00200549 0.00726441 0.00830928 -0.00696665 -0.00481955 -0.0205582 -0.00881157 0.00349146 0.00155787 -0.000191864 -0.000278648 -0.00512214 0.0214139 -0.00464919 -0.000783917 -0.01399 -0.00273096 0.0023581 0.0102285 0.0113728 0.000723892 -0.00403073 -0.0172637 -0.00709214 -0.000443849 0.0442353 -0.0203669 -0.00447008 0.00289432 0.0106605 -0.00279234 -0.00210239 
-0.0011249 0.0121919 -0.00355349 -0.00028711 -0.006922 0.000712248 -0.00137507 0.00396333 -0.000992035 0.00121076 -0.00618237 -0.0071825 -0.00208933 -0.000309298 0.00217818 0.000270668 -0.00366368 0.00332055 0.0507 -0.00315996 -0.00370924 -0.00019395 -0.000615112 -0.000711797 -0.0057786 -0.000530616 -0.00808546 -0.0197793 -0.00467453 -0.0073155 -0.000551799 0.000107084 0.00750895 -1.89187e-06 -0.0094465 -0.012498 0.0043122 0.000442259 0.00208237 -0.000404984 -6.64546e-06 0.000481113 -1.63899e-05 0.000713594 0.00389335 -0.00275241 0.00596101 6.01887e-05 -0.00658615 -0.00435801 -0.00202137 0.000852939 -0.00613445 -0.00706968 -0.00345612 0.000383948 -0.00131423 0.0134213 0.0105674 -0.00246755 -0.00161796 -0.00445907 0.00252333 -0.00147264 -0.000971046 0.00573343 -0.00244546 0.00305525 0.0153828 -0.00160635 0.00368932 0.00955706 0.000684472 -0.0116039 -0.00300647 0.0105957 0.00220638 -0.000468802 0.000672339 -0.00349995 0.0031358 0.00736882 -0.000254894 0.00226441 -0.001611 -0.000146142 -0.0035127 0.00825651 0.00661431 0.00308593 -0.0104992 0.000659197 -4.66586e-05 -0.000262622 -0.0106628 -0.00128159 -0.00456202 -0.000661185 -0.00180602 0.00296018 
0.00979057 -0.00856222 0.0234898 0.00152594 -0.00298266 -0.0227365 -0.000548467 0.0123171 -0.00454827 -0.013949 -0.00606818 0.011374 -0.035785 -0.00953763 0.00134842 -8.96512e-05 0.0012028 0.00444008 -0.00315996 0.110948 0.0185929 -0.00171435 0.000539814 -0.00173098 -0.00490407 -0.00116381 -0.0199316 -0.0455842 -0.0117825 -0.023336 -0.00181641 0.000171036 0.0185441 -0.000204256 -0.0141381 -0.0171815 -0.00356116 -0.0388904 -0.00498965 0.0021223 0.000128919 0.00354218 0.0005475 0.0255906 -0.00252604 -0.0145501 0.0165053 -0.00070835 -0.00986432 -0.0230172 -0.00792457 0.00526035 -0.0150832 -0.00219017 -0.00702057 -0.00401288 0.00489877 0.00635722 0.00761028 -0.00769143 -0.0236937 -0.0150045 0.00121934 -0.00199993 -0.00291083 -0.00687814 -0.00895819 0.00306503 0.0036797 0.00554144 0.00637699 0.03352 -0.00460592 -0.008395 0.0127817 -0.00268293 0.00461779 -0.000414602 -8.64962e-05 0.00132076 0.041959 8.17159e-05 -0.000427844 0.01857 -0.0145508 0.00884897 0.0109431 0.0262417 0.040183 0.0157928 -0.0179511 -0.00836231 0.000875003 0.00261567 -0.0279391 0.000239558 -0.00196891 0.0057808 -6.0501e-06 0.00922007 
0.0146244 -0.00529982 0.0299601 0.00409702 -0.0152379 -0.0180343 0.0156042 -0.00788814 0.000280338 0.00415221 -0.00984443 -0.0143637 -0.0285791 -0.00923785 -0.000571375 -0.000205306 -0.0106823 0.0325703 -0.00370924 0.0185929 0.104808 0.00803547 0.00195398 -0.00235202 -0.00641066 0.000268375 -0.0266586 -0.0273153 0.000538807 -0.0289953 0.041073 -0.000304178 -0.0140701 -0.000160035 -0.0346497 -0.0180152 -0.000195727 -0.00693027 0.00724621 0.00141468 -0.0032413 -0.000917401 -0.00303768 0.012075 0.00178287 -0.0321085 -0.00884816 -0.000369058 -0.00882209 -0.0196433 0.0311021 0.0202132 -0.0209345 -0.0208115 -0.00761492 -0.000123276 -0.00285554 -0.00951704 0.053609 -0.00693137 0.00729262 -0.00619823 -0.00339544 0.00546711 0.0193757 -0.00967464 0.024039 0.00108074 -0.00849749 0.0265003 -0.00938772 -0.00737197 -0.00320805 -0.0249838 0.00727095 -0.00196418 -0.00233975 -0.00138369 -0.00032123 -0.0045522 0.0123621 0.00153986 0.000612842 -0.0178336 -0.00183525 0.00394449 0.0193456 0.00823467 -0.0042512 -0.0109612 -0.0222561 -0.0140857 -0.000561715 0.0554256 -0.0125951 0.00150527 -0.00633917 0.00633845 0.0034314 0.00171471 
0.00118722 0.000296021 -0.000790488 -4.46681e-05 -0.000492867 0.00118484 0.00298536 -0.00263671 0.00120126 0.000459556 -0.00292864 -0.00226134 -0.00331319 -0.00126487 -0.000454902 -3.22167e-05 -0.000723661 0.00453131 -0.00019395 -0.00171435 0.00803547 0.0159381 -0.000142148 -0.000161475 -0.00128727 0.000501968 -0.00349542 -0.000995399 0.00173316 -0.00388761 0.00602611 -3.5347e-05 -0.00224635 -2.02318e-06 -0.00388687 -0.00294306 -0.00014501 -0.00356988 0.00284921 4.87781e-06 -0.00035289 -0.000145728 0.00026992 -0.000367158 8.07496e-05 -0.00389431 -0.00130256 6.57906e-05 -0.00166096 -0.00321505 0.00839183 -0.00260149 -0.0030558 -0.00397588 -0.0027015 -0.000470933 0.000671738 -0.00139099 0.00846852 -0.00054404 0.00450875 -0.00163722 -0.000321966 0.00149042 0.00498461 -0.00123088 0.00190825 0.00012526 -0.00090059 0.000882671 -0.000892388 -0.00156467 -0.000876209 -0.00261561 -0.0013058 0.000247468 0.000531422 -0.000332166 -8.61546e-05 0.00136397 -0.00254566 -0.000181278 0.000276835 -0.00326567 -0.00181472 0.000287855 -0.00123633 0.000177879 -4.18647e-05 -0.00094868 -0.00151454 -3.8891e-05 -6.35273e-05 0.00795783 -0.00270842 -0.000359002 0.000392078 0.00167176 0.000526381 -0.000405223 
-0.000446681 -0.00069421 0.00563128 0.000220064 -0.00358268 -0.00347378 0.0061014 0.00438882 -0.000597612 -0.000998056 0.00250316 -0.000644216 0.00169005 0.00086548 0.000274863 0.000129646 -0.000904322 -0.00109347 -0.000615112 0.000539814 0.00195398 -0.000142148 0.0163826 0.00036687 -0.00142493 6.22209e-05 0.000430545 -0.00848273 -0.000890145 0.000566429 -0.00600409 -3.27947e-05 0.000783187 1.5459e-05 -0.000404423 -0.000651511 0.00159112 -0.00294323 -0.000709438 0.000758746 -0.000498436 0.000334119 -0.000402093 0.00153616 7.25868e-06 -0.00236248 -0.000823332 -4.11261e-05 -0.00240613 -0.00438681 -0.00173076 -0.003852 -0.00164064 -0.000487667 0.00489556 -9.28004e-05 -0.000437081 0.00165815 0.00168431 -0.000589647 -0.00310093 -0.00345975 -0.000845563 -0.000396288 0.0015508 -0.000368555 -0.00662839 0.000164229 -0.00104716 -0.000721566 -0.0077549 0.00188443 0.00334298 -0.00322129 0.00520696 -0.00053324 0.00853324 -0.000277025 -3.80072e-05 -0.000922243 -0.000650704 0.00427523 0.00133755 0.0006202 -0.00236638 -0.00031401 0.00200181 -0.000823329 -0.000480316 0.00167021 -0.00192649 0.00174292 -6.34935e-05 -0.00115948 -0.000922081 0.00382932 -0.00145826 -0.000727976 0.00184938 0.00131347 
-0.000823672 -0.00132227 -0.00228948 -0.000133585 -0.00354432 -0.00195833 -0.00279737 -0.00267345 0.00122097 -0.00410057 0.00221513 0.00027892 0.00757747 -0.000465453 -0.00034172 2.60301e-05 0.00482249 -0.000192919 -0.000711797 -0.00173098 -0.00235202 -0.000161475 0.00036687 0.0207986 -1.45251e-05 0.000319173 0.000792874 4.72456e-05 -0.000208061 0.00121739 -0.00637623 -1.49426e-05 0.00791672 9.78053e-06 -0.00174671 -0.00544068 -0.000138349 -0.00558879 0.000311185 -0.000151639 0.0010106 -0.000170795 -0.000263147 -0.00117255 -0.000540113 -0.00220301 -0.00146585 0.000178644 -0.00287772 0.000451982 -0.00186879 -0.000629353 -0.00266845 -0.00307479 -0.000947509 0.00125197 -0.000436315 -0.000922342 -0.00444233 0.00777836 0.00785164 -0.000300821 -0.00177362 0.0028485 0.000755494 0.00125462 -0.00665229 -0.000305503 -0.000766577 -0.00228985 0.00359406 0.00268216 -0.000704744 -0.00226979 -0.00179902 -0.000889122 0.00552865 -0.000214862 -0.000124287 -0.00165584 -0.00117443 -7.18539e-05 0.000687622 -0.00113912 0.000819541 5.782e-05 -0.00168173 -0.000802939 0.00167112 0.00488238 0.000825859 0.00534013 0.000667044 -0.00509827 -0.00453054 0.00154523 0.00289026 -0.000245696 0.000649126 0.000309666 
-0.000133336 -0.0037121 -0.00731258 0.000542716 0.030306 0.0174644 0.00631545 0.00291978 0.0143262 0.00144952 -0.0117873 -0.0178689 0.0126209 0.00372439 0.00176951 -0.000276959 -0.0101489 -0.0106703 -0.0057786 -0.00490407 -0.00641066 -0.00128727 -0.00142493 -1.45251e-05 0.110797 -0.000742167 0.00769749 0.023756 -0.0057738 -0.0211279 -0.00993153 -3.55525e-05 -0.0206681 -0.000238774 -0.0308056 0.00261243 0.00292647 -0.0409566 0.000856029 -0.00037238 0.00871141 -0.000264578 -0.00429172 0.000126269 -0.00376625 -0.0253906 0.00368887 0.000117087 0.00631269 0.0452051 -0.0106074 -0.00106198 -0.0152323 -0.0157739 -0.0185673 0.00139487 0.0117391 -0.00417728 0.00671178 0.0134988 -0.0176335 0.00318786 0.00703939 0.000812212 -0.00323569 -0.00977511 0.00148673 -0.00186647 -0.00559608 0.000131216 0.0295726 -0.0167998 -0.00767585 0.0482769 0.0303873 -0.00465202 -0.00962154 -0.00017147 -0.00059584 -0.0109036 -0.00164266 -0.0030499 -0.00168467 0.00629199 -0.0106631 -0.00105613 0.00178613 -0.00588774 -0.0128824 -0.012951 0.0557862 -0.0196443 -0.000651132 -0.0052559 -0.0142188 -0.00574643 -0.00615667 -0.0181707 -0.000269316 -0.00237494 
-0.000101951 -8.65851e-07 0.00029029 1.33144e-05 -0.000394851 -0.000450163 0.00155867 0.000649781 -0.000228802 -0.00245132 -3.38507e-07 -0.00121829 -0.00143081 -0.000698944 0.0009969 -2.2452e-05 -0.000749563 -0.000471846 -0.000530616 -0.00116381 0.000268375 0.000501968 6.22209e-05 0.000319173 -0.000742167 0.0122081 0.0012973 0.000876582 -0.00083354 0.000439156 5.13622e-05 -1.42687e-05 0.00146772 0.000117612 -0.000812817 0.00160623 9.48135e-05 -0.000548873 0.00107964 -5.99871e-05 -0.000254546 -6.85113e-05 -0.000194407 -0.000785135 0.000967039 -9.96714e-05 -0.000331237 0.000298041 -0.000269492 -0.000886769 0.00147304 -0.00157164 -0.000483271 0.000627943 0.00125638 -0.000358062 -0.000428502 0.000698025 0.000140599 0.000203169 -0.000475765 -0.00160059 0.00350343 -0.000351809 0.000738003 3.05933e-05 0.000890096 -0.000156466 0.000506579 -0.00119757 -0.00229145 -0.00139908 -0.000275313 0.00168149 -0.000295265 -0.000133549 0.000576531 -0.000194702 -6.01957e-05 0.000685007 -0.00177752 0.000342694 0.000193341 -0.00118965 -4.28961e-05 -0.000109605 -0.000891339 -0.000738323 -0.000963351 -0.0013006 0.000230235 -0.00169978 0.000196429 -0.00223882 -0.00248268 0.000853772 -0.000291827 0.000520009 0.000212497 9.15039e-05 
-0.00851465 -0.000888095 -0.0205653 -0.00442852 0.0421991 0.0122805 -0.0252545 -0.00977501 0.00625501 0.00220577 0.0573679 -0.00665803 0.0554186 0.0332716 -0.0104082 0.000981049 -0.00623776 -0.0219229 -0.00808546 -0.0199316 -0.0266586 -0.00349542 0.000430545 0.000792874 0.00769749 0.0012973 0.192201 0.0519057 0.000951626 0.0992059 -0.0443309 -0.000739272 -0.0380535 0.000649423 0.0566231 0.0878893 0.00335685 0.0446376 -0.00811701 -0.00199521 -6.5241e-05 -0.00112596 -0.00842318 -0.0214358 -0.00656988 0.0441036 -0.0188011 0.000573004 0.0320512 0.00709884 -0.0134578 -0.0254729 0.0340852 0.0136376 0.046285 -0.00384182 0.000449658 -0.0276774 -0.0495893 0.0160959 -0.053147 -0.0217389 -0.00457185 -0.00444681 -0.00816326 -0.0106767 -0.0339291 -0.003606 -0.0232591 -0.013899 -0.0487273 -0.0499254 0.0247453 0.0695262 -0.0246384 -0.00826317 -0.043788 -3.25017e-05 -0.000324266 -0.0026788 -0.0892402 -0.0188792 -0.00338195 0.00888954 0.00562224 -0.00356712 0.0055105 -0.0144988 -0.0355206 -0.0246761 -0.00970725 -0.00145227 -0.00120502 -0.0411698 0.0520628 0.00353163 -0.0138946 -0.0630248 0.00038192 -0.00371446 
-0.0159716 -0.0192338 -0.0507443 -0.00211606 0.0721497 0.0509192 -0.0426487 -0.0506272 0.00877913 0.0301941 0.00111754 -0.00602284 0.0162827 0.000583115 -0.0181769 -0.000776072 -0.00263358 -0.0125632 -0.0197793 -0.0455842 -0.0273153 -0.000995399 -0.00848273 4.72456e-05 0.023756 0.000876582 0.0519057 0.230628 0.0134571 0.0323174 0.0627227 -0.00149417 -0.0533021 0.000123748 0.0212943 0.0501943 -0.0175935 0.0560513 0.00637256 -0.004843 -0.000676158 -0.00376825 -0.016441 -0.0535605 -0.0111466 0.0189292 -0.0444459 0.00146594 0.0441098 0.0696545 0.0189011 0.0377472 0.0266472 -0.0214208 -0.0300005 -0.00401263 -0.00597914 -0.0554042 -0.030634 0.0165933 0.0157623 0.0529744 -0.00600583 -0.00610441 -0.00704396 -0.0187463 0.0922763 -0.00557232 -0.0303488 -0.00752804 0.0285455 -0.0843828 -0.0265048 0.0716918 -0.0320684 -0.00376107 -0.0650801 5.62762e-05 -0.00285319 0.0144843 -0.0463982 -0.04781 -0.00794777 -0.0379348 0.0435024 -0.00649113 -0.00595447 -0.0179133 -0.0562261 -0.0478076 0.0439834 -0.0364589 -0.00223921 0.00812358 0.0267904 -0.00935312 0.00993269 -0.0305679 -0.025418 -0.0190298 
-0.00203423 -0.00651931 -0.0108274 -0.00105127 -0.0197012 -0.0137572 -0.0149227 -0.0128975 -0.00359484 0.00302315 -0.00217342 0.0283457 0.000375023 -0.00575192 -0.00403411 -0.000160275 0.00512376 -0.00474158 -0.00467453 -0.0117825 0.000538807 0.00173316 -0.000890145 -0.000208061 -0.0057738 -0.00083354 0.000951626 0.0134571 0.0961742 0.0242894 -0.0075629 -0.000148057 -0.0148161 0.000247565 0.0370063 0.00580566 -0.00326161 0.0244052 -0.00357192 -0.000677522 -0.00284896 -0.000857519 0.00756201 -0.00964627 -0.00170471 0.0245079 -0.00679135 -0.000565765 0.0240416 -0.0204262 0.0124446 -0.0127501 0.00690648 -0.00234176 0.00175536 -0.00392259 -0.00314941 -0.0108088 -0.0195083 -0.00141583 0.00579681 -0.00438742 -0.0107991 0.00235832 0.00658284 0.00580192 -0.0226401 -0.00127379 -0.00988086 -0.00290242 -0.0287099 0.00440878 0.00314443 -0.0181593 -0.00917955 -0.00232322 0.000646093 -0.000514784 -0.000285062 0.00737214 -0.0285325 -0.00639531 -0.000144602 -0.018232 0.013804 -0.00194339 -0.00621404 -0.00621644 -0.0105788 0.0129218 -0.0243673 0.0340052 -8.92344e-05 0.0115522 0.0342127 0.00458972 0.00823792 -0.00662673 0.00195258 -0.00258076 
-0.00627486 -0.00275124 -0.0255995 -0.00502608 0.0353142 -0.0357397 -0.0147158 -0.00512824 -0.00295857 -0.0326798 0.106053 0.0195621 0.0356459 0.038726 -0.0115102 0.00124744 0.0118437 -0.0238639 -0.0073155 -0.023336 -0.0289953 -0.00388761 0.000566429 0.00121739 -0.0211279 0.000439156 0.0992059 0.0323174 0.0242894 0.19735 -0.083323 -0.000793457 -0.0225402 0.00105505 0.135124 0.0953812 -0.000932535 0.0982112 -0.0124146 -0.00212307 -0.0062239 -0.00173754 -0.00434481 -0.0245885 -0.0050753 0.128481 -0.0223989 -0.0010257 0.0532655 -0.0521355 -0.019681 -0.0565163 0.115333 0.0855988 0.0763857 -0.00756321 -0.00406426 -0.0298594 -0.0681764 0.000941448 -0.0626383 -0.0519203 -0.0206918 -0.0070228 -0.00830728 0.0250515 -0.0705513 -0.0040774 -0.0257873 -0.028681 -0.11154 -0.0273799 0.0395894 0.0312101 -0.0317088 -0.0049995 -0.0482133 0.00316802 0.00136248 -0.000495631 -0.135612 -0.0197794 -0.00352554 -0.0306185 0.0347595 -0.00593115 -0.0169809 -0.0162806 -0.0435814 -0.0172172 -0.0772814 0.0424017 -0.00077026 -0.0351715 0.1103 0.00472417 -0.0174007 -0.0799067 -0.000319596 -0.00530217 
0.00228901 -0.0245783 -0.011689 0.00394419 -0.0048635 0.0619797 -0.0349152 -0.0478841 0.0041591 0.066771 -0.0650997 -0.0540542 -0.0256089 -0.0224441 -0.00361388 -0.000852212 -0.0333091 0.0412269 -0.000551799 -0.00181641 0.041073 0.00602611 -0.00600409 -0.00637623 -0.00993153 5.13622e-05 -0.0443309 0.0627227 -0.0075629 -0.083323 0.241209 -0.000956933 -0.0605252 -0.00056165 -0.086348 -0.0300745 -0.0122702 0.0116944 0.0208941 -0.00265049 -0.0038251 -0.00278965 -0.0131889 -0.0280333 0.00015751 -0.0951484 -0.0327092 0.00247021 -0.00582741 0.0766747 0.0573756 0.116428 -0.0615231 -0.0828312 -0.0662449 0.00247947 -0.0183853 -0.0373072 0.0524164 0.00414839 0.07379 0.0913429 0.00380772 0.00739754 0.0111865 -0.0280086 0.162554 0.00109615 -0.0138563 0.0226543 0.0668409 -0.0702097 -0.0234436 -0.00161311 -0.0213687 0.0118114 -0.0521438 0.000427871 -0.00164743 0.0164306 0.0523399 -0.0251029 -0.00441029 -0.0160759 0.0147934 0.000581689 0.0328251 0.0139591 -0.0133561 -0.0469468 0.0238271 -0.0610127 -0.00231318 0.0626607 -0.0382119 -0.0113174 0.0203316 0.0191204 -0.0166967 -0.00822569 
-2.90533e-05 0.000655391 1.43724e-06 -5.13601e-05 -0.000719865 -0.000164014 -3.77339e-05 -0.00039208 -0.00011619 -0.000649347 -0.000558357 0.000335573 -0.000975843 -0.000221147 -0.000124663 -6.01073e-06 0.000880308 0.000891337 0.000107084 0.000171036 -0.000304178 -3.5347e-05 -3.27947e-05 -1.49426e-05 -3.55525e-05 -1.42687e-05 -0.000739272 -0.00149417 -0.000148057 -0.000793457 -0.000956933 0.00323641 0.00112073 -5.54052e-06 -0.000238202 -0.000842125 0.000115101 -0.000835354 -0.000142587 9.74417e-05 8.49209e-05 -1.77059e-05 0.00019474 0.000147286 0.000173237 -0.000527329 0.000873678 -1.76377e-05 -0.000486427 -0.00081891 -0.000259314 -0.000619216 -0.000605261 -0.000721175 -0.000442743 0.000138343 -7.1338e-05 0.000967914 0.000139085 -0.000171157 0.000379485 -0.000558508 0.000318889 0.000267745 0.000335759 -4.34571e-05 -0.0011676 2.03389e-05 0.000577368 -4.4643e-05 0.000106206 0.00208501 -0.00019075 -0.000487452 -0.000325712 0.00013703 0.00121387 -3.7757e-05 -1.48753e-05 -0.000121272 0.000967312 -0.000149146 -4.56389e-05 -0.000144717 -0.000491493 6.73293e-05 -0.000338761 -4.64772e-05 0.00192275 0.00106083 -0.0010346 0.000607448 2.3523e-05 -0.00057049 -0.000859148 -0.000131103 0.000574358 0.00137345 -3.44708e-05 -9.50263e-05 
-0.00216039 0.0155164 0.0118025 -0.00280725 -0.0471913 -0.0333082 0.0266786 0.0338095 -0.00663553 -0.0341009 -0.00081098 0.0149112 -0.0185166 -0.0139961 0.00566396 -0.000356547 0.0292388 -0.00170559 0.00750895 0.0185441 -0.0140701 -0.00224635 0.000783187 0.00791672 -0.0206681 0.00146772 -0.0380535 -0.0533021 -0.0148161 -0.0225402 -0.0605252 0.00112073 0.171169 0.000565865 -0.025835 -0.0527492 -0.00100981 -0.0395719 -0.00823184 0.000406302 0.00171711 -7.07676e-05 0.000370309 0.0255946 0.0071296 -0.00379634 0.0278839 -0.00123358 -0.0304202 -0.0374214 -0.0266486 -0.0248203 -0.0167444 -0.00176161 -0.0136426 0.00583078 0.0069995 0.0406018 0.00814638 -0.00155528 0.00612779 -0.0262145 0.0043541 -0.0040511 -0.00407918 0.0140701 -0.0587112 0.00376439 0.049955 -0.00403711 0.0310461 0.0907506 -0.0087839 -0.0445028 0.00147867 -0.00202507 0.0669069 -0.00381925 -0.000183352 -0.00161038 0.0499275 0.0217712 0.000137132 -0.00360763 -0.00285394 0.00297603 -0.0228712 0.00467726 0.0620128 0.02205 -0.0203689 0.00773867 0.00217432 -0.0200503 -0.0353959 -0.00199564 0.00551345 0.0228878 -0.0041563 0.000944849 
-7.03779e-05 0.000480431 -0.000131986 -2.43899e-05 -0.000120981 -0.000259851 -4.34062e-05 -8.02148e-06 -7.21298e-05 -0.000236821 0.000794782 -0.000133892 0.000194376 0.000116261 -8.0332e-05 2.10724e-05 0.000315097 -0.000156408 -1.89187e-06 -0.000204256 -0.000160035 -2.02318e-06 1.5459e-05 9.78053e-06 -0.000238774 0.000117612 0.000649423 0.000123748 0.000247565 0.00105505 -0.00056165 -5.54052e-06 0.000565865 0.00199326 0.00110578 0.000121629 7.44724e-05 0.000886242 -8.09259e-05 -1.3758e-05 -6.24241e-05 1.22007e-05 -6.08611e-05 -0.000163308 7.51489e-06 0.000815886 -0.000158384 -1.51018e-05 -2.13445e-05 -0.000511527 5.06867e-05 -0.000432206 0.000155035 -2.56741e-05 0.000270509 -6.20045e-05 -9.2152e-05 -0.000192081 -0.000445977 -2.99186e-05 -0.00033621 -0.000374892 -0.000156654 -2.27545e-05 1.04588e-05 -0.000103304 -0.000144438 -2.27037e-05 -0.000161313 -0.000173695 -0.000826842 -0.000313226 0.00033302 -0.000275271 -0.000224931 -3.69009e-05 -0.000350914 -8.8396e-06 6.88548e-05 0.000139356 -0.000965061 -0.000109051 -2.4379e-05 -0.000158784 0.000505661 -4.34448e-05 -0.000226086 -0.000118659 -0.000306975 -0.000177061 -0.0006093 0.000116626 -1.35584e-05 -0.000267595 0.000407928 0.000106654 -5.08366e-06 -0.000539059 3.60034e-06 8.5513e-05 
