0.0071992 0.00116579 0.00124471 0.00010374 0.000121662 0.000424158 0.000635074 8.76199e-06 0.00100809 0.000160292 -0.00104212 -0.000224926 -0.000241697 -6.17224e-05 -0.000320749 1.0678e-05 0.00230683 -2.43879e-06 -0.00015774 -2.58877e-05 0.00306059 -1.31884e-06 -0.00190734 -7.73184e-05 0.00109303 -0.00111752 -4.76536e-05 -0.00227693 -0.000299668 1.51039e-06 -0.00171667 -0.00266791 0.00175714 0.00121499 -0.00123583 0.00043518 -0.00306766 -0.000357908 -0.00194531 -0.000109983 -0.000548698 0.00217489 0.000577431 0.00164109 -1.4616e-05 -0.000240451 -0.00017784 -7.14296e-05 -0.000307959 -0.000240625 -0.0020785 -0.000748616 -0.00125763 -0.0023941 6.2202e-05 -0.000650482 -3.66259e-05 -0.000160002 -0.000212172 0.000314837 0.000200106 -0.000249294 0.00345767 6.10216e-05 -0.00171046 -0.000457863 -0.000492379 -0.00184047 -0.00349563 -0.000412471 -0.00131524 0.000380082 -0.00069721 4.66271e-06 0.000464308 -0.000681312 -0.000784307 2.21337e-06 0.000120898 1.4175e-05 0.00234215 -3.30451e-05 0.000317221 0.00133391 0.000380177 -0.000242313 0.000616331 0.00121517 -6.44468e-05 0.00127094 0.00179484 0.00028486 -0.000162432 -0.0019114 -2.49218e-05 0.000573389 -1.75782e-05 -0.0015012 0.000421343 0.00216266 
0.00116579 0.0166982 0.000867093 -0.00416225 -0.000304712 0.000342108 0.000632997 2.65538e-05 -0.000429416 -0.000286652 0.00979216 -0.00148773 -0.000577406 -0.000407356 0.00146582 0.000108316 -0.00118925 -5.9227e-06 0.00130998 -8.04512e-06 -0.00139919 -7.91254e-06 0.0061702 0.000177528 0.000175084 -0.00588858 0.000628062 0.00542727 -0.00586743 0.00134749 -0.00162429 -0.0107028 0.00852741 3.88106e-06 0.00205373 -3.47413e-05 -0.00767566 0.00380774 -0.00687287 -0.000322713 -0.00147329 2.17955e-05 0.000292811 0.000877747 0.000536499 0.00658887 -0.000671949 -0.000199263 -0.00273988 0.0107326 -0.00557645 -0.00177664 -0.00456681 -0.00951593 -0.000797912 0.0103658 -3.27394e-05 -0.000613283 0.00146131 -0.000134352 8.39724e-05 0.0027659 0.0116467 -3.36246e-05 -0.00390775 -0.00462571 -0.000952017 -0.00588833 -0.00989258 -0.00433474 -0.00790183 0.00369948 -0.00229755 1.32052e-05 0.000669934 -0.0011179 0.00459172 -1.50319e-05 0.000142483 -5.42808e-05 -0.0037589 -0.000284306 0.00100611 0.00113081 0.00276607 -0.000493248 0.000418803 -0.00198577 -9.74276e-05 -0.0042141 0.0122513 -0.00344292 -4.07903e-05 -0.00133644 -0.000241163 0.000157282 -3.70361e-05 -0.00170442 0.00649524 -0.00343255 
0.00124471 0.000867093 0.0104994 -0.0022051 -0.000241801 0.0050524 0.0014277 0.00136 -0.00412164 0.00343101 -0.000754668 -0.000243325 8.02941e-05 -0.000309585 0.000478891 -2.44788e-05 0.000341594 8.71974e-05 -0.000134094 -2.86968e-05 0.0014713 -8.0598e-06 -0.000515606 -0.000784831 0.000965128 -0.00300494 0.000369503 -0.00527354 -0.00548613 0.000996742 -0.0017899 -0.00713055 0.00133568 0.00519462 -0.0019021 0.000111531 -0.00555114 0.000543257 -0.00437322 -9.07609e-05 0.00392809 0.00144302 0.000155229 0.00522415 -1.23996e-05 0.00253551 0.000213352 -0.00010989 -0.0015315 0.000389787 0.00201908 -0.00110818 -0.0028142 -0.00485322 -0.00118081 0.000642819 5.88997e-05 0.00464773 -8.11225e-05 0.00128676 0.000600664 0.000514679 0.00233222 -3.00469e-05 0.00209527 -0.00374552 -8.59201e-05 2.13881e-05 -0.00523973 -0.00275872 -0.00767071 6.07596e-06 -0.00101804 1.11531e-05 8.04959e-05 -0.00185873 0.00383482 2.85306e-05 0.00120937 0.000130939 0.00286321 9.26651e-05 0.000614399 0.000526723 -0.000427885 0.00531437 0.000159421 -0.000964888 0.000943619 -0.00407526 0.00223137 0.0052843 0.000206976 -0.0035099 0.00106186 0.000461621 2.17736e-05 -0.00136804 -0.000727501 9.60174e-05 
0.00010374 -0.00416225 -0.0022051 0.192704 -0.00558954 0.000445856 0.00144718 -0.00116302 0.0910808 -0.0172218 -0.0183388 -0.00498418 0.0138955 -0.00460636 0.00311994 -0.000543687 -0.0209891 -0.000320025 -0.00947947 -0.000303782 -0.0141778 -0.000194218 -0.0555034 -0.0155681 -0.00450826 -0.0993505 -0.00191713 0.0116897 -0.0222729 -0.00200161 0.0361792 -0.0131186 -0.000778801 -0.00768142 -0.0381906 0.0014495 -0.0977987 -0.0151615 0.0889235 -0.0001969 0.0177843 0.000317595 -0.00147144 -0.00229242 -0.000826092 -0.0104235 0.00360816 0.00347523 -0.0300485 -0.0173866 0.0975204 -0.0179588 -0.0422361 0.0498682 0.0730839 -0.0180018 0.0027846 0.0037662 0.00121268 -0.00171147 -0.00101892 -0.00816925 -0.00581185 0.00133286 0.0992078 -0.0988506 0.0129366 0.118698 -0.0465994 0.0472621 0.00162394 -0.0100156 0.00134435 0.000104501 0.000655234 -0.0521529 -0.020351 -0.000155372 -0.000502167 0.000273308 -0.0659339 0.00387788 0.00151449 -0.0120322 -0.00492774 0.0102196 -0.000581585 0.0345861 -0.0010511 0.0292624 -0.0195842 0.0397243 -0.00124226 -0.0356452 -0.00181839 -0.000415498 -0.000657819 -0.0151468 -0.00980127 -0.0639345 
0.000121662 -0.000304712 -0.000241801 -0.00558954 0.022651 -0.000584148 -8.46949e-05 -2.56308e-05 -0.00932235 0.000313522 -0.0010165 -0.00141673 -0.000693211 7.94086e-06 -0.000332334 -6.14135e-05 0.000660642 4.55553e-05 -0.000405104 -2.05866e-05 0.00117652 -1.2723e-05 0.0070854 0.00426623 -0.000368231 0.00917403 0.000181456 0.00119684 0.00253246 0.000159872 -0.00381249 0.000713129 -0.00120243 -0.00152526 -0.00143795 -2.6478e-05 0.00380743 0.00214451 -0.00814553 -0.000113648 -0.00170115 0.000185061 -4.10133e-05 -0.000294417 -5.36431e-05 0.00112192 -0.000827645 -0.000277731 0.000705507 0.000635202 -0.00673137 3.97771e-05 0.000365267 -0.00110644 -0.00325655 0.000255822 -0.000128747 -0.000805954 0.00144551 -0.000161168 0.000146498 0.00121541 -0.00105902 -7.5634e-05 -0.00584318 0.0083849 -0.00070907 -0.00708747 0.00381637 0.00201416 0.000331252 5.6082e-05 -0.00244857 -1.77379e-06 -0.000222792 0.00154251 -0.000465837 -7.01527e-06 -0.000183871 -2.5174e-05 -0.000262453 -0.000286263 -0.000205553 -0.00162283 -0.000508505 -0.000871516 -8.66464e-05 -0.00155912 -0.000109481 0.000628147 0.000373087 -0.00340531 -0.000496638 0.00212034 -0.00102145 -0.000543126 -2.17529e-05 -0.00387475 -0.00052468 0.00403776 
0.000424158 0.000342108 0.0050524 0.000445856 -0.000584148 0.0289242 0.00103251 0.00138831 -0.00253715 0.00395244 -0.00632687 -0.000784232 -0.00042853 -0.000980119 -0.000374617 -5.57461e-05 -0.00115765 5.93614e-05 -0.00104864 5.87377e-06 0.00202799 -1.46874e-05 -0.00761626 0.000523015 0.00137541 -0.00355442 -4.08062e-05 -0.00643993 -0.00471011 -0.000377721 -0.00449599 -0.0022482 -0.00237381 0.00827397 -0.00323041 0.000450241 -0.00724798 -0.00186725 -0.000816475 0.00253825 0.00808803 0.000175961 7.54831e-05 0.00664779 -7.08736e-05 3.2894e-05 0.00309164 0.00202247 -0.00457274 -0.00272788 0.00421378 -0.00288178 -0.00505473 -0.00308969 0.0005735 -0.00337389 8.39942e-05 0.00597326 -0.000507632 -0.000365337 0.000656277 -0.00106173 -0.00291049 2.04206e-05 0.00582519 -0.00258816 0.00242089 0.00432632 -0.00598161 -0.00096169 -0.00952999 -0.00058453 -0.000174913 -1.58114e-05 -0.000167373 -0.00242016 0.00099312 8.63993e-05 -3.47001e-05 0.000211382 0.0101663 7.75662e-05 0.00166713 -0.00181198 -0.00132077 0.0053103 5.55198e-05 0.000383835 0.000985185 -0.00300713 -0.0038522 0.00591902 -0.000301463 -0.00390999 -0.000823281 -0.000190991 -4.9176e-05 -0.000858078 -0.00159359 -0.00079368 
0.000635074 0.000632997 0.0014277 0.00144718 -8.46949e-05 0.00103251 0.00563137 0.000172556 -0.000115612 0.000149292 -0.000890222 -0.000470197 0.000428642 -0.000182684 -0.000143179 -1.51239e-05 9.97807e-06 -3.33502e-06 -0.000182845 -2.2343e-06 0.00040716 -4.30139e-06 -0.00146974 -0.000375963 0.00046362 -0.000737172 -4.31579e-05 -0.00277488 -0.00268035 9.67208e-05 0.000212637 -0.00353729 0.00213732 0.000966172 -0.00129181 3.53178e-05 -0.00287839 0.000406784 -7.38639e-05 -8.32907e-05 0.00209571 0.000566841 2.81025e-05 0.00163246 -1.24565e-05 8.27788e-05 -0.000184225 0.000100412 -0.00059313 -0.000340965 0.000867168 -0.000588743 -0.001147 -0.00137529 0.00193599 0.00023302 -2.35485e-08 -2.75841e-05 -0.000116148 0.000122729 0.000274812 -0.000174533 0.000698071 2.20912e-05 0.00143005 -0.000556363 -3.82546e-05 0.000742112 -0.00237162 -0.00119315 -0.000980576 -0.000188159 -0.000771576 7.97849e-06 0.000507509 -3.57414e-05 -0.000503977 1.46582e-05 0.000100179 5.96425e-05 0.000465401 -8.00974e-05 0.000410261 -9.04266e-06 0.000187886 0.000233314 0.000180063 0.000432596 -4.09139e-05 0.0010235 0.00104542 0.000274454 -3.87147e-05 -0.00191648 0.000223169 -4.78531e-05 3.95791e-07 -0.000646583 -0.000358914 8.66331e-05 
8.76199e-06 2.65538e-05 0.00136 -0.00116302 -2.56308e-05 0.00138831 0.000172556 0.00506315 -0.00266669 0.000264968 0.00160169 -2.52356e-05 0.000280548 -0.000166901 -1.77734e-05 3.41113e-05 -0.000452755 0.000118342 -0.000151998 0.000329206 -4.15658e-05 -3.86513e-06 0.00105992 0.0021294 0.000738627 -0.00202059 2.11927e-05 -0.00103256 -0.00316563 7.91321e-05 -0.00104415 -0.00362832 -3.29899e-06 0.00131169 0.00182514 -7.07491e-06 -0.00266976 0.00201514 -0.00220919 -8.36584e-05 0.00134482 -4.02931e-05 -3.50979e-05 0.00138489 -1.48682e-05 0.00312942 0.000264413 -3.15913e-05 -0.000744673 0.0024419 0.00038486 -0.000539405 -0.00139047 -0.00260329 -0.000748281 0.00228594 -1.13402e-05 0.00200602 0.000926117 -4.86392e-05 1.93532e-05 0.00241101 0.00192898 -1.66455e-05 6.49324e-05 -0.00216146 0.000170548 -0.000919047 -0.00281805 -0.00134371 -0.00380746 -0.000245078 -0.000459249 1.26886e-05 -2.45814e-05 -0.000641674 0.00312831 3.20169e-06 0.00167556 0.000226628 8.06456e-06 -6.89345e-05 -2.20413e-06 -0.000439712 -0.000249393 0.00183311 7.85273e-05 -0.000607691 0.000350597 -0.00357084 0.00189884 0.000474515 -0.000118625 -0.00161808 0.000699944 -5.06788e-05 -1.13718e-05 -0.00120216 -0.000232611 -0.00158475 
0.00100809 -0.000429416 -0.00412164 0.0910808 -0.00932235 -0.00253715 -0.000115612 -0.00266669 0.248922 0.00574205 0.0166119 0.00131217 -0.00944547 0.00587674 -0.0166414 -0.000329269 -0.0303474 -0.000332654 0.00704753 -4.66987e-05 -0.0229191 0.000219615 -0.0188419 -0.0378799 -0.00739431 -0.148492 -0.00408717 0.0681912 -0.0416332 -0.00392111 0.0689096 -0.0329781 0.0142848 -0.00848466 0.0208013 0.000940477 -0.0689575 -0.026221 0.158519 0.00287875 0.0179931 0.00126447 0.00277603 -0.00564456 -0.000965602 -0.0137381 -0.00926236 0.00387615 -0.0209546 0.00570034 0.0849594 -0.0491109 -0.0809296 0.0377656 0.0487635 0.0113903 0.0016163 -0.0189531 -0.0126148 0.00459441 -0.00220543 -0.0148557 0.0168772 0.00139562 0.1038 -0.136385 -0.0142161 0.106254 -0.0711686 -0.00642352 -0.00639107 0.00926155 0.0157286 -9.81411e-05 0.00325297 -0.0794998 0.00393348 -0.000146057 -0.00493929 -0.000337429 -0.0851296 0.000576821 -0.00184498 0.0253311 0.0174984 -0.0148726 -1.83834e-05 0.0297921 -0.00264207 -0.0210116 0.00580096 0.0226748 -0.00405433 0.0413922 0.00817258 0.00891523 -0.0013182 -0.0614125 0.0151014 -0.129514 
0.000160292 -0.000286652 0.00343101 -0.0172218 0.000313522 0.00395244 0.000149292 0.000264968 0.00574205 0.0673574 0.00295392 -0.00519905 -0.00240343 0.00833434 -0.000977647 -0.000188496 -0.00191968 0.000242621 0.0241542 2.05078e-05 0.0066894 -5.51647e-05 0.00815537 0.000353315 0.00019467 -0.0222456 0.00237278 -0.0146979 -0.0423866 -0.000454752 -0.0177142 -0.035176 -0.00529086 0.0136683 -0.0159349 0.000151005 -0.0364555 -0.00440987 0.00710535 -0.00129233 0.0247939 -0.000451159 -0.00037548 0.00470714 0.000197159 -0.00200191 -0.00217198 -0.00050068 0.0280079 0.00373025 0.0194427 -0.0075795 -0.0148235 -0.0415967 -0.00935726 0.00330158 0.000179177 0.00180989 -0.00145477 0.00907843 0.000574273 -0.00244306 0.00789134 -6.03106e-05 0.0244791 -0.0232501 0.00593419 0.0195569 -0.0308346 -0.00786452 -0.0149252 -0.000866819 0.0201616 -3.89706e-05 0.000745888 -0.0126053 0.0209538 0.000294129 0.000982939 -8.73408e-05 0.0212615 0.00295953 0.00476885 -0.00333472 0.0130158 7.8804e-05 -6.41235e-05 0.000946938 -6.51585e-05 -0.0107603 0.00778144 0.038754 0.000397433 -0.0200713 0.00682741 0.0143143 -6.74622e-05 -0.0146131 0.00356457 -0.0206836 
-0.00104212 0.00979216 -0.000754668 -0.0183388 -0.0010165 -0.00632687 -0.000890222 0.00160169 0.0166119 0.00295392 0.183469 -0.0140088 -0.00709463 -0.00784569 0.00550514 -0.000280806 -0.0201894 0.000599807 -0.000801752 0.00160634 -0.00389233 -0.000150658 0.0966989 0.00242758 0.00264088 -0.0377708 0.00521494 0.0854666 -0.057084 0.00702415 -0.00176087 -0.0700651 0.0576193 -0.0166332 0.0104265 0.000933871 -0.0641681 0.0236592 -0.0684684 -0.00273222 -0.0225587 -0.00130949 -0.00043731 -0.00358665 0.00228908 0.0253432 -0.00915234 0.000628313 -0.0417016 0.0698155 -0.0659788 -0.0246902 -0.0614959 -0.054371 0.0277549 0.0822999 -7.64133e-05 -0.00804181 0.00206052 0.00930962 -0.000694536 0.0258416 0.111728 -0.000843867 -0.0528883 -0.0296147 -0.000490355 -0.0656234 -0.0758684 0.00965566 -0.0649915 -0.00480358 -0.0311509 5.5897e-05 0.00517883 -0.0100152 0.00972152 -0.000158957 0.0106683 -0.000557829 -0.0802989 -0.00293206 0.00520294 0.0137513 0.0442979 -0.00787194 0.00141699 -0.0285309 -0.000280314 -0.011232 0.09896 -0.0158458 0.00897094 0.0454826 0.0281111 0.00773149 -0.00059381 0.00627262 0.0442696 -0.0310664 
-0.000224926 -0.00148773 -0.000243325 -0.00498418 -0.00141673 -0.000784232 -0.000470197 -2.52356e-05 0.00131217 -0.00519905 -0.0140088 0.0898127 0.0184655 -0.0033518 0.0188553 0.00160714 -0.00772769 -4.47548e-05 -0.00326563 -3.44415e-05 -0.0067936 0.000140328 -0.0101475 0.00231899 -0.00185199 -0.0198609 -0.000816929 0.00614417 -0.00171759 -0.000430258 0.0443247 -0.00676624 -0.00981153 -0.0038393 0.0286639 -0.000407141 0.0074767 -0.0070766 0.0179658 0.00129054 -0.00174732 0.000469998 0.00151198 -0.00131773 -0.000176223 -0.00192382 0.0253593 -0.000823716 -0.0141221 -0.00912298 0.0161924 -0.00769024 -0.0165507 0.0303528 -0.0136256 -0.00921552 -0.000517645 0.0190147 0.0134143 -0.00216334 -0.000352577 -0.0027948 -0.0140889 -0.000349278 -0.0135285 -0.0173095 0.0241209 0.0119612 0.0262978 -0.00861835 -0.0385131 0.0100814 0.00633318 6.11943e-05 -0.0009355 -0.0186171 -0.0109594 0.000226275 -0.00160879 -0.000370319 -0.0246665 0.00445304 0.00101648 0.0173708 -0.00347939 0.0217319 -0.00034403 -0.0110487 0.00400971 -0.0499366 -0.0154592 -0.00170799 -0.000773628 0.0158696 -0.00485671 -0.00319699 -0.000131844 -0.0200725 -0.00600322 -0.0267182 
-0.000241697 -0.000577406 8.02941e-05 0.0138955 -0.000693211 -0.00042853 0.000428642 0.000280548 -0.00944547 -0.00240343 -0.00709463 0.0184655 0.0330214 -0.000792999 0.0165578 0.00100106 -0.00301904 -1.87444e-05 -0.00129316 -7.19499e-05 -0.00383034 -2.56343e-05 -0.00949933 0.00551489 -0.000662473 -0.0109709 -0.000284239 -0.0185467 -0.0152208 -0.000163567 0.0136412 -0.0216934 -0.0029063 -0.000905446 -0.00289906 -0.000144276 -0.0158493 -0.00233176 -0.00586884 6.35903e-05 0.0106312 -0.000277904 -0.000237481 -0.000496606 -8.424e-05 -0.00107627 0.0161789 0.00029953 -0.00578083 -0.00289034 0.0185389 -0.00277669 -0.00687636 0.0111023 -0.00132468 -0.00338387 -0.000164728 0.020439 0.0134458 -0.000787173 -0.000135743 -0.00069334 -0.00590975 -5.92439e-05 0.000145514 -0.0130228 0.0230626 0.013124 -2.84564e-05 -0.00140663 -0.0190297 -0.00166055 0.0034797 8.63594e-05 0.000274575 -0.00639654 -0.00376058 3.18887e-05 -0.000656002 -8.34596e-05 -0.00995466 0.00765184 0.0019803 -0.00321231 0.0014556 0.0245972 -0.000123972 -0.000176126 0.00312565 -0.016355 -0.00534578 0.0105973 0.000802804 -0.0107747 -0.000975106 -0.00107633 -3.39859e-05 -0.00696192 -0.00234561 -0.00978332 
-6.17224e-05 -0.000407356 -0.000309585 -0.00460636 7.94086e-06 -0.000980119 -0.000182684 -0.000166901 0.00587674 0.00833434 -0.00784569 -0.0033518 -0.000792999 0.034316 -0.00153875 -8.24544e-05 0.00760211 -1.34861e-05 0.00922507 1.47036e-05 0.00191613 -1.40801e-05 -0.00987733 -0.000154957 -0.000673376 -0.00826833 -0.000167351 -0.0189534 -0.017739 -0.000444218 -0.00721948 -0.00711783 -0.00338418 0.000218288 0.00467123 -0.000144713 -0.00508089 -0.00103111 0.0134136 0.000317368 0.0103385 -0.000337749 -0.000140073 -0.000225818 -0.000123 -0.000371049 -0.00127639 -0.000213551 0.020708 -0.00286655 0.0172444 0.00477826 0.00876629 -0.0148602 -0.00475401 -0.00362793 0.000493743 -0.00132981 -0.000790619 -0.000633437 0.000121763 -0.00108631 -0.00567487 0.0014736 0.0131107 -0.00967707 -0.00248381 0.0150847 -0.0141148 -0.00984924 0.00708639 -0.000329336 0.0100171 0.000121633 1.0243e-05 -0.00352646 0.0259378 -2.6157e-05 -0.00060155 0.000388481 0.015495 0.00148877 -0.000644132 -0.0031961 -0.00204895 -0.00144243 -1.76223e-05 0.00411194 -0.000164503 -0.021478 -0.00532853 0.00506849 -0.000947629 -0.0117288 -0.00169118 0.000470448 0.00154287 -0.00773618 -0.00205277 -0.0117657 
-0.000320749 0.00146582 0.000478891 0.00311994 -0.000332334 -0.000374617 -0.000143179 -1.77734e-05 -0.0166414 -0.000977647 0.00550514 0.0188553 0.0165578 -0.00153875 0.0445416 0.00122672 -0.00414372 0.000101279 0.00258619 3.27064e-05 -0.000410762 -3.45097e-05 0.00651955 0.006322 -0.000823754 -0.0124607 0.000132792 -0.00521571 -0.0228259 0.00877509 0.0190775 -0.0262123 0.00598722 -0.00121441 -0.000655192 0.000338443 -0.021603 0.00184186 -0.0139761 -0.000945738 0.00416638 -0.000313596 -0.00025797 -0.000483362 0.000268543 0.0104388 0.0131453 -0.000300942 -0.00768537 0.00284449 0.00909972 -0.00481721 -0.0123706 -0.00115303 -0.000227859 0.00797794 -0.000269806 0.0162346 0.0108362 0.00035484 0.00111274 0.0069185 0.00934855 -0.000152033 -0.0076993 -0.0154681 0.0259147 0.00295113 -0.00420445 0.00383795 -0.0307905 -0.00168556 -0.00299316 1.14241e-05 -0.000455942 -0.0094016 -0.00217725 4.54217e-06 -0.000237448 0.000282204 -0.0151436 0.00552809 0.000419932 0.0080095 -0.000476933 0.0197146 -5.71806e-05 -0.00516893 0.00187874 -0.0220361 0.00412006 0.00411649 -0.000141351 -0.0123378 0.0011002 -0.000806383 -0.000111041 -0.011174 -0.00313077 -0.0095049 
1.0678e-05 0.000108316 -2.44788e-05 -0.000543687 -6.14135e-05 -5.57461e-05 -1.51239e-05 3.41113e-05 -0.000329269 -0.000188496 -0.000280806 0.00160714 0.00100106 -8.24544e-05 0.00122672 0.00268478 -0.000237607 7.12179e-06 -3.5927e-06 -8.59939e-06 -0.000350264 2.09887e-05 -0.000168724 0.000791705 -5.18251e-05 -0.000732958 -2.5258e-05 -0.000117965 -0.000534218 2.57883e-05 0.00173205 -0.000901415 -3.94867e-05 -0.000189196 0.00176067 -1.23238e-05 -0.000258942 -0.00016672 -4.91826e-05 4.75231e-06 -0.000243136 -1.09459e-05 0.000487692 -3.81489e-05 -8.55595e-06 0.000240919 0.00125875 -3.10869e-05 -0.000473362 1.70432e-06 0.000228833 -0.000183683 -0.000642916 0.000574845 -0.000381758 7.28919e-05 1.44002e-05 0.000992309 0.000989927 -5.35721e-05 -9.21468e-06 7.34016e-05 -0.000128882 -7.96656e-06 -0.000778119 -0.0010395 0.000875948 -0.000590339 0.000612023 -0.000655094 -0.00186772 0.000850608 -0.00033246 9.91234e-07 -7.47516e-06 -0.000572788 -0.000258352 1.21821e-05 -4.45688e-05 -9.83075e-06 -0.000883449 -3.74495e-05 -3.96262e-05 0.000244192 -0.000145406 0.00105983 -9.21353e-06 -0.000315188 8.59834e-06 -0.00185911 -0.000148867 -0.000486329 -6.2586e-05 4.45118e-05 -7.01462e-05 -8.22677e-05 -4.0602e-06 -0.000682375 -0.000134063 -0.000901059 
0.00230683 -0.00118925 0.000341594 -0.0209891 0.000660642 -0.00115765 9.97807e-06 -0.000452755 -0.0303474 -0.00191968 -0.0201894 -0.00772769 -0.00301904 0.00760211 -0.00414372 -0.000237607 0.0815251 -9.60818e-05 -0.000644383 -0.000331198 0.0151199 -1.4019e-05 -0.02482 0.0036692 -0.000570037 0.0355137 -0.000482256 -0.048059 0.0219363 -0.00119015 -0.0238056 0.0106911 -0.00773663 0.00021334 -0.0157087 -0.000194341 0.0219258 -0.00151992 -0.0268484 -0.00133134 -0.00353531 0.00309461 -0.000360798 0.00016029 -0.000239285 -0.00316493 -0.00269109 -0.000852855 0.043207 -0.0082227 -0.0187758 0.0121415 0.0433114 -0.0402747 -0.0135211 -0.00996426 -0.000559998 -0.00317792 -0.0026193 -0.0013486 0.0010814 -0.00300668 -0.00589164 5.6186e-05 -0.0180253 0.0309459 -0.00592676 -0.0206083 0.00795404 -0.0228112 0.0171548 -0.00378873 -0.00356801 -5.33336e-05 -0.000725918 0.0464377 0.00166597 -5.0159e-05 -0.00154632 -0.000237757 0.0551783 -0.00084974 -0.00152486 -0.00355186 -0.00585248 -0.00355579 -0.000119528 -0.00807344 -0.00081266 0.0104016 -0.0117953 -0.00390711 -0.00163075 -0.0283635 -0.00392529 -0.00134874 0.00157742 0.0122515 -0.00495244 0.0324025 
-2.43879e-06 -5.9227e-06 8.71974e-05 -0.000320025 4.55553e-05 5.93614e-05 -3.33502e-06 0.000118342 -0.000332654 0.000242621 0.000599807 -4.47548e-05 -1.87444e-05 -1.34861e-05 0.000101279 7.12179e-06 -9.60818e-05 0.00127391 0.000269459 1.28615e-05 -2.38663e-05 -5.46545e-07 0.00054739 0.000212319 5.33711e-05 -0.000367927 7.31128e-05 -3.67006e-05 -0.000712263 0.000125119 -8.79238e-05 -0.000868172 0.000197834 2.30221e-05 1.4189e-06 -3.80593e-06 -0.000618143 0.000347916 -0.000425332 3.64809e-05 -2.09786e-05 -5.42734e-06 -5.23445e-06 6.25018e-05 1.06354e-05 0.000311403 7.15819e-06 -9.5178e-06 -0.000170844 0.000650548 -0.000233667 -0.000130589 -0.000285209 -0.000670008 -0.00014606 0.000619713 4.91116e-05 9.3587e-05 5.68799e-05 -1.37842e-06 9.92129e-06 0.000413338 0.000619252 -3.2732e-06 -0.000111847 -0.000329303 -5.66273e-05 -0.000329261 -0.00059931 -0.000293974 -0.000909373 -3.23948e-05 -0.000150891 2.46103e-06 -1.16455e-05 0.000147729 8.90673e-05 1.79341e-06 7.7182e-05 4.13842e-07 -0.000272337 -1.56668e-05 0.000186168 1.61014e-05 0.000449078 0.000167131 1.37651e-05 -0.000153019 6.58034e-06 -0.000248236 0.000723906 8.35016e-05 -2.45291e-05 -6.6922e-05 0.00013108 0.000141333 -2.88799e-06 -0.000165505 0.000206524 -0.000345321 
-0.00015774 0.00130998 -0.000134094 -0.00947947 -0.000405104 -0.00104864 -0.000182845 -0.000151998 0.00704753 0.0241542 -0.000801752 -0.00326563 -0.00129316 0.00922507 0.00258619 -3.5927e-06 -0.000644383 0.000269459 0.0366232 -8.34969e-06 0.00294715 -2.84385e-05 0.00099624 -0.00177331 -0.000697808 -0.0146512 0.00110272 -0.0100481 -0.0221127 0.00284565 -0.00395677 -0.0253516 -8.77333e-05 0.00168372 -0.00587372 -9.37044e-05 -0.0183608 -0.00123134 0.0111534 -0.000728249 0.0154373 -0.000348154 -0.000271147 -0.000472734 0.000179771 0.00292403 -0.00130653 -0.000325808 0.0214462 0.0020118 0.0145228 -0.00402322 -0.00479088 -0.0210204 -0.00577684 0.00166897 -0.000248754 -0.00110796 -0.000637449 0.00119275 -2.14213e-05 0.00132468 0.00168086 1.9213e-05 0.0167285 -0.0156552 0.000460081 0.0145306 -0.0190445 -0.00924087 -0.00219056 -0.000114705 0.0178965 1.28952e-05 0.000108043 -0.00744606 0.0142188 7.16968e-05 -0.000319698 -8.39233e-05 0.0136662 0.0016141 0.000749666 0.00085291 0.00198138 -0.00146346 -4.93797e-05 -0.000319659 -0.000278535 -0.0161474 0.00131134 0.0168405 -0.00053335 -0.0121202 -0.000165487 0.00569641 -6.68796e-05 -0.00962108 -0.00106817 -0.0122398 
-2.58877e-05 -8.04512e-06 -2.86968e-05 -0.000303782 -2.05866e-05 5.87377e-06 -2.2343e-06 0.000329206 -4.66987e-05 2.05078e-05 0.00160634 -3.44415e-05 -7.19499e-05 1.47036e-05 3.27064e-05 -8.59939e-06 -0.000331198 1.28615e-05 -8.34969e-06 0.00369246 -0.00047762 -1.97041e-06 0.00141114 0.00137836 -3.1307e-05 -0.00145307 1.6839e-05 0.00123585 -0.00189636 -4.64362e-05 0.000289326 -0.00206985 -0.000181792 -0.000224518 0.00190932 -1.67999e-05 -0.0011331 0.00113132 0.000249069 0.000286598 -0.000325156 -2.83416e-05 -2.05587e-05 -5.0894e-05 3.76053e-05 0.00125844 -8.44963e-05 0.000840511 -0.000635842 0.00107974 0.000379814 -0.000243744 -0.000861743 -0.000179659 -0.000288468 0.00101848 4.41237e-05 -3.06593e-05 0.00053776 -2.8059e-05 -1.54683e-05 0.00102447 0.000892663 -7.207e-06 0.000616795 -0.00152811 0.000675032 0.000370105 -0.000986232 -0.000826759 -0.00150142 -8.81593e-05 -0.000349434 -5.9075e-08 -3.99579e-05 -0.000601475 0.00143532 -1.18615e-06 8.47818e-05 -1.40576e-05 -0.00117558 1.55037e-06 0.000336931 -0.000247228 -0.0001437 -8.40534e-05 -9.07041e-06 -0.000355966 0.000110641 -0.00234811 0.00089064 -0.000729056 -0.000100043 -0.000795748 0.000321304 -3.97476e-05 -5.50244e-06 -0.000910769 -0.000240421 -0.00123376 
0.00306059 -0.00139919 0.0014713 -0.0141778 0.00117652 0.00202799 0.00040716 -4.15658e-05 -0.0229191 0.0066894 -0.00389233 -0.0067936 -0.00383034 0.00191613 -0.000410762 -0.000350264 0.0151199 -2.38663e-05 0.00294715 -0.00047762 0.113604 -9.57414e-05 -0.00820755 -0.00410641 0.0120581 0.0194619 0.00284377 -0.0244056 -0.00405131 -0.00124702 -0.029675 -0.00948781 -0.000387928 0.0173579 -0.0278557 0.00143309 -0.0163729 -0.00200573 -0.0271178 -0.00253634 0.0137774 0.00255425 -0.000564099 0.00431709 0.000172989 -0.00344203 -0.00475748 -0.00101079 0.0324539 -0.00915736 -0.0108841 -0.0117653 0.00732112 -0.0571241 -0.0083298 -0.00795326 -0.000749127 0.00134881 -0.0036337 -0.00164784 0.00109593 -0.00430589 0.00308628 0.000310961 -0.00473531 0.0130062 0.006623 -0.00518602 -0.0158931 0.00423909 0.0080668 -0.00437822 0.0118343 -5.53201e-05 0.00470659 0.0199599 0.00235074 -0.00013033 -0.00136641 0.000635771 0.0409626 -0.000842942 -0.00123867 0.000111274 0.00316785 -0.00195893 0.00116761 -0.00511886 -0.00117502 0.0164403 -0.00611261 0.010429 -0.00269072 -0.0202419 -0.00501565 0.000888234 -0.000309881 -0.0255271 0.0041309 0.0224376 
-1.31884e-06 -7.91254e-06 -8.0598e-06 -0.000194218 -1.2723e-05 -1.46874e-05 -4.30139e-06 -3.86513e-06 0.000219615 -5.51647e-05 -0.000150658 0.000140328 -2.56343e-05 -1.40801e-05 -3.45097e-05 2.09887e-05 -1.4019e-05 -5.46545e-07 -2.84385e-05 -1.97041e-06 -9.57414e-05 0.000758923 -8.79747e-05 -5.35208e-05 -1.44311e-05 -0.000183167 -7.30763e-06 0.000199389 -6.69935e-05 -1.01253e-05 0.000469224 0.000197403 -7.74868e-05 -5.02718e-05 0.000468403 -3.47692e-06 0.000339208 -5.37695e-05 0.000358478 0.000237105 -6.91294e-05 1.50652e-05 0.000442906 -1.08697e-05 -1.8584e-06 -2.95835e-05 1.20843e-05 3.56155e-05 -0.000115418 -7.06143e-05 -0.00022903 -3.21519e-06 -0.000124887 0.00024914 -6.86387e-05 -8.70562e-05 1.84997e-05 -2.86086e-05 -2.30488e-05 -1.78635e-05 -2.24148e-07 -2.72936e-05 -0.000140627 -2.7429e-06 -0.000213803 -0.000230577 -5.66162e-05 -0.000262708 0.000231061 -0.000205705 -0.000424604 0.000249258 -7.44948e-05 5.52156e-06 -7.86058e-06 -0.00010772 -8.21964e-05 -6.08661e-08 -1.35207e-05 -2.48243e-06 -0.000214573 -1.27411e-05 -1.24739e-05 0.000452677 -4.83161e-05 -3.26963e-05 -3.2295e-06 -6.16907e-05 6.1149e-05 -0.000447865 -0.00012157 -0.000156743 -1.11007e-05 0.00037012 -3.91257e-05 -2.51363e-05 2.87418e-06 -0.000123735 -1.61845e-05 -0.000218422 
-0.00190734 0.0061702 -0.000515606 -0.0555034 0.0070854 -0.00761626 -0.00146974 0.00105992 -0.0188419 0.00815537 0.0966989 -0.0101475 -0.00949933 -0.00987733 0.00651955 -0.000168724 -0.02482 0.00054739 0.00099624 0.00141114 -0.00820755 -8.79747e-05 0.205652 0.0117167 0.00158642 0.00992618 0.00451493 0.106227 -0.0475816 0.00640003 -0.0172915 -0.0377901 0.0323217 -0.0195931 0.0290888 -0.000466508 -0.00975587 0.0122418 -0.0648035 -0.000686626 -0.026846 -0.00209514 -0.000108517 -0.00425969 0.00169174 0.020503 -0.0100267 -0.00156198 -0.0426884 0.0461525 -0.074798 -0.0289606 -0.0718464 -0.0159434 -0.00524192 0.0556519 -0.001514 -0.0106831 -0.000909399 0.00945754 -0.000259072 0.020786 0.0639943 -0.00103811 -0.0512811 0.0133629 0.00216819 -0.0769075 -0.0257842 0.0230125 -0.0618784 0.00122282 -0.0360581 -6.6053e-05 0.00284045 -0.0255592 -0.00310713 -0.0001123 0.00971255 -0.000694469 -0.0888239 -0.00401708 0.00311247 0.0185508 0.0329005 -0.010006 0.000973536 -0.0245849 -0.000976354 -0.00574879 0.0713572 -0.0271376 0.00542514 0.095256 0.0186815 0.00770685 -0.000636807 -0.00766955 0.0321826 -0.00856131 
-7.73184e-05 0.000177528 -0.000784831 -0.0155681 0.00426623 0.000523015 -0.000375963 0.0021294 -0.0378799 0.000353315 0.00242758 0.00231899 0.00551489 -0.000154957 0.006322 0.000791705 0.0036692 0.000212319 -0.00177331 0.00137836 -0.00410641 -5.35208e-05 0.0117167 0.0700738 0.000167231 0.0150365 0.00130746 0.00144709 -0.00323765 -0.000891008 -0.0120918 -0.00433162 -0.00302353 -0.00386373 0.0212656 -0.000272121 -0.00498325 0.0088409 -0.0316052 0.000650007 -0.00571396 -0.00037165 -0.000517785 -0.000710977 -3.64731e-05 0.0108241 0.00558982 0.000664333 -0.00213272 0.00635816 -0.0144132 0.000363166 0.0004102 -0.00046508 -0.00846881 0.00528174 -0.000577765 0.00713346 0.013254 -0.00123306 -0.00028614 0.0092428 0.00299968 -0.000261831 -0.0199721 0.014237 0.013687 -0.0209584 0.00837908 0.00581058 -0.0146704 -0.00210376 -0.00212209 3.75088e-05 -0.000764161 0.000569745 0.00803693 8.95446e-05 0.00234432 -0.000291094 0.00522054 2.22504e-05 0.0064686 -0.00717759 -0.00202045 0.00431801 5.68123e-05 -0.00831053 0.00219272 -0.0178356 0.00705537 -0.0123471 -0.00103143 -0.0142471 -0.000565984 -0.000937671 0.000692776 -0.0163275 -0.00383739 0.00385389 
0.00109303 0.000175084 0.000965128 -0.00450826 -0.000368231 0.00137541 0.00046362 0.000738627 -0.00739431 0.00019467 0.00264088 -0.00185199 -0.000662473 -0.000673376 -0.000823754 -5.18251e-05 -0.000570037 5.33711e-05 -0.000697808 -3.1307e-05 0.0120581 -1.44311e-05 0.00158642 0.000167231 0.0190196 0.00519085 0.00105949 0.000140827 -0.0014039 -8.3397e-05 -0.00507506 -0.00179628 0.00171792 0.00385766 -0.00382606 -6.24032e-05 -0.0036765 0.000387591 -0.00842904 -0.000313319 -0.00108598 0.000785065 0.000108845 0.00164923 3.07663e-05 0.000292897 -0.000717853 -0.000236123 -0.00240338 0.00117676 -0.00591136 -0.00120237 -0.00167284 -0.00945827 -0.00264905 0.00116396 -0.000138629 2.30501e-05 -0.00034861 -0.000187535 6.39323e-05 -9.78567e-05 0.0039241 -6.15582e-05 -0.0047334 0.00493335 -0.00078163 -0.00662441 -0.00356783 0.00163088 -0.00152297 -0.000669069 -0.00233296 -3.82993e-06 0.00116387 0.0015184 -0.00131221 -2.08057e-05 0.00193766 2.8276e-05 0.00415065 -0.000338583 -0.000205639 0.00156783 0.00168067 -0.000296476 0.000673171 -0.00179444 -0.000134683 0.00258457 0.00249513 -0.00287582 0.000565163 6.91871e-05 -0.000257653 0.00124849 -4.90029e-05 -0.00206518 0.00381209 0.00590829 
-0.00111752 -0.00588858 -0.00300494 -0.0993505 0.00917403 -0.00355442 -0.000737172 -0.00202059 -0.148492 -0.0222456 -0.0377708 -0.0198609 -0.0109709 -0.00826833 -0.0124607 -0.000732958 0.0355137 -0.000367927 -0.0146512 -0.00145307 0.0194619 -0.000183167 0.00992618 0.0150365 0.00519085 0.240108 -0.00359706 -0.0349901 0.104123 -0.00468967 -0.0618655 0.093931 -0.0245552 -0.00510935 -0.0220298 -0.00152375 0.138244 0.00761026 -0.12971 -0.00587415 -0.0379127 0.00078654 -0.00245361 -0.00279957 -0.00116936 -0.0145406 -0.0113027 -0.00506179 0.0151837 -0.0324368 -0.123728 0.0481772 0.0956834 -0.0027781 -0.0478671 -0.0361493 -0.00339042 -0.0123267 -0.00704194 -0.00891294 0.000474742 -0.013376 -0.046504 -0.00140526 -0.11666 0.197782 -0.0157717 -0.135621 0.102153 0.0123211 0.0722034 -0.00955857 -0.0302475 -0.000285445 -0.00407217 0.086391 -0.0390527 0.00013762 -0.00239991 -0.00140687 0.0885023 -0.00689184 -0.00648734 -0.0192931 -0.020857 -0.0152561 -0.000369564 -0.0254747 -0.00351515 0.0700945 -0.0300424 -0.0595405 0.00384943 0.016072 -0.019476 -0.0124144 0.00113373 0.0563424 -0.0204262 0.147745 
-4.76536e-05 0.000628062 0.000369503 -0.00191713 0.000181456 -4.08062e-05 -4.31579e-05 2.11927e-05 -0.00408717 0.00237278 0.00521494 -0.000816929 -0.000284239 -0.000167351 0.000132792 -2.5258e-05 -0.000482256 7.31128e-05 0.00110272 1.6839e-05 0.00284377 -7.30763e-06 0.00451493 0.00130746 0.00105949 -0.00359706 0.00987329 0.00165723 -0.00499366 0.000366896 -0.00163933 -0.00650375 -0.000146724 0.000391774 0.000256468 -5.54227e-07 -0.00496615 0.00261905 -0.00386013 -0.000197074 0.000799004 -8.51028e-05 2.51126e-05 0.000320599 0.000824227 0.00314507 -0.000179767 -7.87786e-05 -0.000391965 0.00323455 -0.00125445 -0.00106678 -0.00267725 -0.00568276 -0.00103066 0.00313604 5.63446e-06 0.000627906 0.00193165 0.00033084 -2.69232e-05 0.00179762 0.00571496 6.55054e-06 -0.000298103 -0.00343553 0.000664659 -0.00154409 -0.00582042 -0.00117595 -0.00476678 -0.000489878 -0.000250744 2.58183e-05 0.0012212 -0.00139682 0.00328955 -4.77528e-06 0.0012195 1.62542e-05 -0.00135098 -8.62754e-05 0.000148216 0.000844792 0.00151421 -1.83356e-05 -2.01944e-05 -0.00109506 -5.44728e-05 -0.00310758 0.00395334 0.00219087 -0.000121642 -0.00190446 0.000268599 0.00235675 -2.71617e-05 -0.000956123 0.00178995 -0.00218373 
-0.00227693 0.00542727 -0.00527354 0.0116897 0.00119684 -0.00643993 -0.00277488 -0.00103256 0.0681912 -0.0146979 0.0854666 0.00614417 -0.0185467 -0.0189534 -0.00521571 -0.000117965 -0.048059 -3.67006e-05 -0.0100481 0.00123585 -0.0244056 0.000199389 0.106227 0.00144709 0.000140827 -0.0349901 0.00165723 0.240543 0.0160593 -0.000714598 0.0564778 0.0179951 0.0157046 -0.034107 0.0438028 -0.000245393 -0.0119058 -0.00514316 0.0204234 0.0011752 -0.0533991 -0.00267519 0.00222393 -0.00799894 0.00122304 0.00809174 -0.0124206 0.000256034 -0.0812155 0.0279622 -0.0462291 -0.049447 -0.12513 0.0530593 0.026833 0.0333834 -0.0014426 -0.0194241 -0.00712206 0.00190142 -0.00229395 0.00871847 0.0460697 -0.00204356 -0.0202731 -0.0193078 -0.0029811 -0.0205049 -0.00521163 0.0834879 -0.0352655 0.0151676 -0.0481913 -0.000257024 0.00219551 -0.0686892 -0.0353175 -0.000236107 0.00386854 -0.00170039 -0.15107 -0.00791521 0.00329872 0.0254877 0.0221416 -0.0214573 -5.26913e-05 -0.0294314 -0.00273997 -0.00065384 0.0412421 -0.0445714 0.00279956 0.123317 0.0069083 -0.000331969 -0.00140135 -0.0323768 0.0244987 -0.0595747 
-0.000299668 -0.00586743 -0.00548613 -0.0222729 0.00253246 -0.00471011 -0.00268035 -0.00316563 -0.0416332 -0.0423866 -0.057084 -0.00171759 -0.0152208 -0.017739 -0.0228259 -0.000534218 0.0219363 -0.000712263 -0.0221127 -0.00189636 -0.00405131 -6.69935e-05 -0.0475816 -0.00323765 -0.0014039 0.104123 -0.00499366 0.0160593 0.235028 -0.00824948 0.00560999 0.131268 -0.0544688 -0.015021 -0.00886044 -0.00157612 0.12828 -0.0167048 -0.0158755 -0.00721219 -0.0497127 -0.000352727 -0.000582515 -0.00691441 -0.00113406 -0.0238397 -0.0158897 -0.00458816 -0.0126474 -0.0510176 -0.0700267 0.0244768 0.045598 0.0836069 -0.0486992 -0.0639034 -0.00399438 -0.0191921 -0.0130213 -0.0126637 -0.00120011 -0.0211679 -0.0727902 -0.00192715 -0.0608413 0.12465 -0.0232973 -0.049664 0.110108 0.0422326 0.0923334 0.0061325 -0.0128673 -0.000498219 -0.00493479 0.0330983 -0.0631731 -0.00026292 -0.0099307 -0.00232999 0.0304804 -0.00966097 -0.00617896 -0.00688926 -0.0351682 -0.0216957 -0.000664776 -0.00253976 -0.00564136 0.0672157 -0.0754593 -0.0507793 -0.00331488 0.037842 -0.0288464 -0.0185235 -0.000308943 0.0389818 -0.0297213 0.0945127 
1.51039e-06 0.00134749 0.000996742 -0.00200161 0.000159872 -0.000377721 9.67208e-05 7.91321e-05 -0.00392111 -0.000454752 0.00702415 -0.000430258 -0.000163567 -0.000444218 0.00877509 2.57883e-05 -0.00119015 0.000125119 0.00284565 -4.64362e-05 -0.00124702 -1.01253e-05 0.00640003 -0.000891008 -8.3397e-05 -0.00468967 0.000366896 -0.000714598 -0.00824948 0.0133388 0.00490125 -0.00960932 0.00892965 -0.000517324 0.000608189 0.00031921 -0.00713268 0.00491541 -0.00504363 -0.000189786 -0.000448943 6.16417e-05 -8.16548e-05 -0.000170587 0.00010056 0.00964168 0.000291798 -0.000138662 -0.00223328 0.00588437 -0.00230967 -0.00144631 -0.00364168 -0.00681262 0.000785865 0.00862285 -7.39218e-05 0.000363404 0.000327265 0.000743603 0.000769092 0.00684186 0.00947389 -4.23107e-05 -0.00321973 -0.0057722 8.99434e-05 -0.00418017 -0.00731323 -0.00263177 -0.00971854 -0.00044421 -0.00179306 -1.56278e-06 -0.000137191 -0.00178358 0.00124497 -1.34801e-05 0.000632789 0.000263507 -0.00451302 -9.78413e-05 -0.000197615 0.00584417 -0.00057094 0.00113612 4.84595e-05 -0.00125059 0.00041595 -0.00623972 0.00830148 -0.00122415 -0.000289367 -0.00428129 0.00188224 0.000287012 -3.08465e-05 -0.00178219 -0.000777022 -0.00224044 
-0.00171667 -0.00162429 -0.0017899 0.0361792 -0.00381249 -0.00449599 0.000212637 -0.00104415 0.0689096 -0.0177142 -0.00176087 0.0443247 0.0136412 -0.00721948 0.0190775 0.00173205 -0.0238056 -8.79238e-05 -0.00395677 0.000289326 -0.029675 0.000469224 -0.0172915 -0.0120918 -0.00507506 -0.0618655 -0.00163933 0.0564778 0.00560999 0.00490125 0.19761 0.0130642 -0.014943 -0.0132262 0.0613956 -0.00091788 0.00405851 -0.0148025 0.0980447 0.000168187 -0.00403588 -0.0013604 0.00238563 -0.00389611 -0.000517436 0.00283171 0.0162702 0.00372845 -0.0392244 -0.0160709 0.0619502 -0.0176915 -0.0505917 0.0801282 -0.00387318 -0.016186 -0.00153607 0.0078706 0.00389443 -0.00565866 -0.000874494 -2.15077e-05 -0.0297917 -0.000833554 0.0363335 -0.0549738 0.0151846 0.0575456 0.0244694 -0.00364297 -0.0170267 0.0161514 -0.0124964 2.74677e-05 -0.00156288 -0.0554458 -0.0213006 0.000117764 -0.00394088 -0.000826169 -0.0829026 0.00214675 -0.0024774 0.0156735 -0.0142122 0.0134567 -0.000822975 -0.0174433 0.00120445 -0.0679857 -0.0309398 -0.00802759 -0.00449427 0.0300834 -0.00955799 -0.00880769 -0.000623615 -0.0645142 -0.0146786 -0.0861964 
-0.00266791 -0.0107028 -0.00713055 -0.0131186 0.000713129 -0.0022482 -0.00353729 -0.00362832 -0.0329781 -0.035176 -0.0700651 -0.00676624 -0.0216934 -0.00711783 -0.0262123 -0.000901415 0.0106911 -0.000868172 -0.0253516 -0.00206985 -0.00948781 0.000197403 -0.0377901 -0.00433162 -0.00179628 0.093931 -0.00650375 0.0179951 0.131268 -0.00960932 0.0130642 0.201232 -0.0585778 -0.00311823 0.0224166 -0.00106607 0.137375 -0.0232138 0.0302439 0.00278144 -0.0526701 -0.00301666 4.65321e-05 -0.00374874 -0.00233542 -0.026688 -0.013209 -0.00258034 -0.00804014 -0.0687268 -0.0299652 0.0290802 0.0585461 0.0960395 -0.0188477 -0.082523 -0.00415289 -0.0220697 -0.0176356 -0.0156269 -0.00082142 -0.0260469 -0.0973442 -0.00164093 -0.0246143 0.105664 -0.0294584 -0.0152242 0.118637 0.0473105 0.0962203 0.00628376 -0.0110377 -0.000264928 -0.00687661 0.0102929 -0.0362962 -1.96855e-05 -0.00878242 -0.000901963 0.0232826 -0.0121945 -0.00480612 -0.010222 -0.0435769 -0.0291027 -0.00152318 0.00595705 -0.00496896 0.0365025 -0.0906812 -0.0647335 -0.00253828 0.0463593 -0.0367114 -0.0166573 0.000548087 0.0138223 -0.0406827 0.0607919 
0.00175714 0.00852741 0.00133568 -0.000778801 -0.00120243 -0.00237381 0.00213732 -3.29899e-06 0.0142848 -0.00529086 0.0576193 -0.00981153 -0.0029063 -0.00338418 0.00598722 -3.94867e-05 -0.00773663 0.000197834 -8.77333e-05 -0.000181792 -0.000387928 -7.74868e-05 0.0323217 -0.00302353 0.00171792 -0.0245552 -0.000146724 0.0157046 -0.0544688 0.00892965 -0.014943 -0.0585778 0.0948353 -0.00658695 -0.00546658 0.00198534 -0.0522081 0.0241024 -0.0365728 -0.00210603 -0.0057123 0.00118147 -0.000184428 5.85511e-05 -0.000144371 0.0186546 -0.00425664 -0.000721741 -0.0164496 0.0470597 -0.0240684 -0.0112708 -0.0227794 -0.0518262 0.0337067 0.0574122 -6.80481e-05 -0.00373618 0.000495287 0.0036873 0.000832194 0.0161187 0.0727501 -0.000183452 -0.0165157 -0.0329296 -0.00645779 -0.0274033 -0.0612601 -0.00755151 -0.0356639 -0.00134735 -0.014369 7.37002e-05 0.00238787 0.0118544 0.00939176 -0.000123167 0.00346596 0.000386257 -0.0270447 -0.00124476 0.000523968 0.00967699 0.0241397 -0.00178259 0.000805721 -0.00681113 -5.60902e-05 0.00388736 0.0723751 -0.0135604 -0.00156884 -0.00330932 0.0197993 0.00401113 -0.000271873 -0.000298743 0.025806 -0.0180966 
0.00121499 3.88106e-06 0.00519462 -0.00768142 -0.00152526 0.00827397 0.000966172 0.00131169 -0.00848466 0.0136683 -0.0166332 -0.0038393 -0.000905446 0.000218288 -0.00121441 -0.000189196 0.00021334 2.30221e-05 0.00168372 -0.000224518 0.0173579 -5.02718e-05 -0.0195931 -0.00386373 0.00385766 -0.00510935 0.000391774 -0.034107 -0.015021 -0.000517324 -0.0132262 -0.00311823 -0.00658695 0.0658869 -0.014362 0.000124321 -0.0108714 0.000594925 0.00437877 -0.000804085 0.0186595 0.000280639 -0.000503071 0.0108025 -0.000246842 -0.000681224 -0.00181879 -0.000715857 0.0175205 -0.00671936 0.0187889 -0.00457686 0.00579871 -0.0273076 -0.0028728 -0.00832394 -0.000475049 0.00722612 -0.00166226 -0.000927482 0.00115414 -0.00256533 -0.0117949 0.000263068 0.0188221 -0.00482038 -0.002539 0.0156715 -0.020121 -0.0109297 0.00595662 -0.00300142 0.0078469 -4.67233e-05 -0.000674319 -0.00206281 0.0175026 4.93516e-05 -0.000861186 0.00119124 0.0371057 -0.000108706 -5.02547e-05 -0.00617961 -0.00456858 0.00502839 0.000682333 0.00343709 0.000469457 -9.2026e-05 -0.00925398 0.0221692 -0.000783491 -0.0196917 -0.00337851 8.60682e-05 -4.40042e-05 -0.0113222 -0.00250659 0.000278737 
