0.00039591 9.04697e-06 4.68861e-05 0.000104176 -1.70584e-05 5.70307e-06 4.78156e-07 1.31384e-05 -7.59733e-05 7.56248e-08 4.11271e-06 0.000115744 4.93634e-05 -6.59136e-08 -1.24033e-05 -1.10487e-05 1.88452e-05 1.34375e-05 3.54404e-06 1.43123e-06 -1.33357e-05 -3.53916e-06 5.92852e-05 3.32261e-07 -8.45227e-08 1.51073e-06 1.6724e-06 -1.21918e-05 6.85887e-05 7.44929e-07 1.65586e-05 -8.45924e-06 -0.000100829 2.63159e-05 -0.000130701 -2.33865e-06 5.56896e-05 -2.03278e-06 -0.000148466 -0.000128277 -8.8106e-07 4.66338e-06 -3.18473e-05 -9.5178e-08 -1.10688e-05 -4.62754e-05 -6.01016e-05 6.84085e-06 -6.02021e-08 6.71515e-06 -1.24233e-08 5.67027e-06 -1.10485e-06 9.72219e-07 -3.0742e-05 1.72008e-06 -7.62679e-08 1.9132e-05 -5.86444e-05 3.18076e-05 -2.76991e-05 -2.98801e-07 -1.32022e-07 9.58551e-05 -1.67859e-05 2.24137e-06 3.28627e-07 5.77953e-05 -2.15509e-06 -0.000140825 -9.79977e-05 -7.34833e-05 8.41491e-08 5.29477e-06 4.4982e-06 -2.81677e-05 5.40364e-06 -2.70932e-07 3.38744e-05 -1.31012e-06 2.88958e-06 -8.29583e-07 -1.92601e-06 5.59271e-05 -7.06297e-05 -1.85429e-05 -6.38704e-05 -2.17861e-05 5.86026e-05 9.05411e-07 2.49183e-05 2.3472e-05 -6.20858e-05 -2.09875e-06 3.21132e-06 5.44256e-05 -2.97821e-06 1.4497e-06 -3.50341e-06 2.38029e-05 
9.04697e-06 0.00161812 0.000222845 -9.60819e-06 -0.000114328 1.19887e-05 4.92924e-07 3.56374e-05 -0.000315766 9.20875e-07 6.7983e-05 4.59636e-05 0.000354967 -8.53934e-07 8.30883e-05 -3.18904e-05 0.000274829 1.4016e-05 0.000210947 -2.10859e-06 -1.03595e-05 3.04593e-05 5.37508e-05 7.28298e-05 -4.01093e-06 0.000272867 1.81806e-06 -4.48315e-05 0.000542703 3.26402e-07 0.000233207 0.000383978 -0.00108906 0.000168438 -0.000776957 -6.09032e-07 -0.000260937 3.21778e-06 -0.000735524 -0.00050282 -1.01517e-05 -1.66569e-05 0.000118683 1.43339e-05 2.80063e-05 -0.000447351 -0.000530511 -4.17743e-06 -2.46353e-07 -2.37711e-05 3.80515e-08 -8.35733e-06 -2.92114e-06 1.55227e-06 -0.000192014 1.18053e-05 -3.1311e-06 0.000423417 -0.000565454 5.9917e-05 -0.00010148 2.02217e-05 3.64709e-05 0.000396215 -0.000447164 0.000267087 3.70443e-05 0.000443673 2.80689e-05 -0.000553532 -0.000361021 -0.000637787 -2.33071e-05 1.85682e-05 0.000178789 0.000224667 9.84209e-06 4.14688e-06 0.00022032 0.000261228 8.61469e-05 3.80664e-05 1.39345e-06 0.00032186 -0.000351941 -0.000203136 -0.000543839 -0.000241186 0.000532074 3.31968e-05 6.44493e-05 -0.000131573 -0.000464866 -2.91051e-06 0.00013227 0.000528597 0.000374399 7.52641e-05 4.24682e-05 1.94311e-05 
4.68861e-05 0.000222845 0.00151952 -1.5167e-05 -9.35633e-05 -4.23182e-06 2.5066e-06 -3.41609e-05 -0.00024392 4.24049e-06 0.000118335 -6.81164e-05 0.000559738 -1.27089e-06 0.000440423 -2.68458e-05 0.000460023 3.04594e-05 4.03445e-05 3.03593e-06 -1.1071e-05 0.000285891 -4.72734e-05 6.69689e-05 -1.17069e-06 7.66474e-05 2.39155e-06 5.04434e-05 0.000764608 -7.65572e-07 0.000447785 -5.21731e-05 -0.00049313 -0.000765619 -0.000355558 3.17221e-05 -0.000294342 -6.9774e-06 -0.000237076 -0.000590173 8.73196e-05 0.000169351 -0.0001413 0.000172956 -5.36723e-05 -0.000982657 -0.00079796 1.90422e-05 -2.31319e-07 -2.56857e-05 -4.77348e-08 1.59827e-05 -3.723e-06 2.61137e-06 -0.000205789 1.14724e-05 1.286e-05 0.000733646 -0.000765948 0.000178479 -9.57099e-05 -7.14772e-07 6.28161e-06 0.000385314 -0.000600498 0.000140479 4.02427e-05 0.000632383 -1.06052e-05 -0.000681804 -0.000462345 -0.000268394 -6.01921e-06 5.09056e-05 0.000427791 -0.000115971 2.96023e-05 2.79231e-06 0.000167659 6.07686e-05 -9.1631e-06 -6.7953e-05 -1.00035e-05 0.000579384 -0.000413956 -0.000120677 -0.000865751 0.000347424 0.000758471 1.38705e-05 0.000839584 -0.000935871 -0.00120155 1.48247e-05 0.000144437 0.000746896 0.000195964 -7.14068e-06 -2.73497e-05 5.7494e-05 
0.000104176 -9.60819e-06 -1.5167e-05 0.0332671 -0.00268901 9.66349e-05 -2.80408e-05 0.00519764 -0.00484314 0.000636069 -1.26984e-06 0.00250467 0.00548847 -3.16644e-05 -0.00397274 0.00309232 -5.89586e-05 2.79972e-06 1.31466e-05 0.000790977 0.000172471 0.00312519 0.00395848 -6.39231e-06 0.000540736 -7.56473e-05 -1.30428e-05 -0.000955197 0.000698677 0.000690171 0.00124758 0.00120852 -0.0241812 0.0113161 -0.0149249 0.00043853 0.000152024 0.00047708 -0.0171805 -0.00590233 -0.000520137 0.0004809 0.00104797 -0.000396872 0.00814784 0.00188931 1.88132e-06 0.000584777 1.72296e-05 0.00154252 1.39971e-05 0.00101475 -6.23783e-05 0.000371571 -0.0050486 1.49364e-05 6.48716e-05 -0.00228578 -0.00176384 0.00545253 -0.00173079 0.000108518 7.57081e-06 0.00332062 0.00287609 -2.88201e-05 -3.27581e-06 5.72216e-05 0.000583499 -0.0131515 0.000274177 -0.0117349 0.00553178 1.9203e-05 -0.00190745 0.00173908 2.74727e-05 0.000124987 0.000144956 0.000245068 -0.000161291 0.00073934 -5.7805e-05 0.000286928 -0.0118841 0.00407132 -0.000616409 0.00175479 4.94665e-05 -2.25125e-06 -0.00104549 0.0108725 -0.00120284 -6.56501e-05 0.000267378 1.62868e-05 -0.000588826 2.18457e-05 -1.64594e-06 0.000144684 
-1.70584e-05 -0.000114328 -9.35633e-05 -0.00268901 0.0743198 3.41783e-05 0.000339986 -0.00194513 -0.00394591 -0.000272192 -4.31572e-05 -0.00321483 -0.000394868 -5.32481e-05 0.0455438 -0.00253187 -0.000196472 5.34786e-06 -9.69276e-06 -0.000333997 -0.0064099 -0.00264678 -0.0045031 0.000106753 -0.00021617 -0.000159834 -4.4208e-05 -0.00225474 -0.000321752 -6.5752e-05 -0.00133216 -0.0118315 0.0118777 -0.0386396 -0.0362357 -0.000524924 0.0480063 -0.000386084 0.0377674 0.0106551 0.000630946 -0.00089328 -0.00836824 -0.000538476 -0.00309531 -0.0528533 -0.000874459 -0.00052912 -5.29039e-06 -0.00183486 -2.53624e-06 -0.000556129 -0.000125512 -0.000463643 0.0522293 -1.59069e-05 0.000471803 -0.00742607 0.000591706 -0.0019226 -0.0057863 -6.01343e-05 5.64807e-05 -0.00320037 -0.0396684 -6.99955e-05 -5.63261e-06 -9.82828e-05 -0.00132441 0.00253804 -0.0612083 -0.0254787 -0.00165043 -1.93469e-05 0.0451287 -0.00582322 -3.24495e-06 -9.94458e-06 -0.000101892 -0.000522502 -0.00103529 -0.00364995 -0.000270013 -5.44607e-05 0.0404492 0.0430446 0.000723198 -0.0145674 -0.000130405 -5.15603e-06 -0.00265746 -0.0466256 0.00393429 -7.65305e-05 -0.000358429 -0.000112483 -0.000725046 -0.000462653 -0.001649 -0.000111283 
5.70307e-06 1.19887e-05 -4.23182e-06 9.66349e-05 3.41783e-05 0.00337526 -3.48107e-06 0.000275838 0.00104222 0.000302029 -2.17157e-06 0.000461842 3.0635e-05 -8.5724e-07 -0.000231769 0.000311571 8.86436e-06 -1.10423e-06 0.000128836 1.68627e-05 -0.00013316 0.00136492 2.7129e-05 9.49628e-06 -1.03888e-05 6.64306e-06 1.85504e-05 -8.461e-05 -6.12018e-06 6.10739e-06 -1.69621e-05 -0.000460116 -0.00243857 0.00153013 -0.00220657 -1.57198e-05 -0.000439161 -1.36429e-05 -0.00126995 -0.00188348 -5.13686e-05 -1.10674e-05 0.00133943 -3.34192e-05 0.000240197 0.000336928 6.83535e-06 2.65295e-06 9.22966e-06 -2.48427e-05 9.37695e-08 -1.76524e-05 -7.36332e-07 5.53978e-06 -0.00050327 -1.67311e-07 -4.68724e-06 -0.000354372 -1.38651e-06 5.11674e-05 -0.000219701 -1.06614e-06 1.40933e-05 -6.96441e-05 0.000738984 8.82778e-07 -3.25277e-07 -3.26318e-06 0.000191261 -0.00194033 -0.000377853 -0.00140827 1.42474e-05 6.48232e-06 -0.000187858 0.00205178 7.37217e-06 1.19944e-05 2.21517e-05 0.000696356 -2.85985e-05 -0.000127482 0.00020497 1.43191e-05 -0.000860392 -7.23117e-06 -1.1947e-05 -0.000486574 -2.52811e-06 -2.05431e-07 -0.000174085 0.000930431 0.000164309 -1.11684e-05 3.61123e-06 -1.93858e-06 -2.50609e-06 2.34155e-05 -6.24444e-05 5.62747e-05 
4.78156e-07 4.92924e-07 2.5066e-06 -2.80408e-05 0.000339986 -3.48107e-06 0.00114792 -2.66746e-05 -0.000129637 4.99484e-06 -5.8134e-07 -5.26358e-05 1.93264e-05 -1.03844e-06 -2.10673e-05 -1.6665e-05 -2.19509e-06 1.63641e-06 5.85894e-07 2.58489e-05 -3.82833e-05 -2.52277e-05 -7.60989e-05 5.30782e-06 4.82791e-07 -1.65267e-06 5.12816e-07 -1.36945e-05 -1.84815e-06 2.44803e-06 1.01491e-05 -9.94505e-05 0.000110209 -0.000501536 -0.000588142 -5.98794e-06 0.000498352 6.22237e-06 0.000295065 0.000210725 -6.57385e-06 -1.56515e-05 -6.49197e-05 -1.38746e-05 -2.36238e-05 -0.000480458 -1.83124e-06 1.29019e-05 1.14204e-07 -2.381e-05 -3.6048e-08 -6.34421e-06 -1.2392e-06 -3.8655e-06 0.000401759 -2.64147e-07 -1.96466e-06 -0.000132852 -2.10805e-05 6.22983e-05 -7.36466e-05 -8.67016e-07 7.31692e-06 -4.20527e-05 -0.000593884 -4.95093e-07 6.56288e-07 1.27554e-06 3.07529e-05 2.2488e-05 -0.000401711 0.000187261 -1.50074e-05 -6.92215e-07 -3.57627e-05 -8.14834e-05 6.00579e-09 1.04719e-06 1.56033e-06 -7.86963e-06 -1.25969e-05 -5.6122e-06 -7.78093e-06 1.11169e-06 0.000261705 0.000606745 2.09991e-07 -0.00017653 1.01607e-06 -8.10217e-08 -4.46697e-05 -0.000388316 3.11482e-05 4.67685e-06 4.96434e-06 1.00864e-06 4.13314e-06 1.81014e-06 -1.45744e-05 4.73924e-06 
1.31384e-05 3.56374e-05 -3.41609e-05 0.00519764 -0.00194513 0.000275838 -2.66746e-05 0.0239056 -0.00445749 0.000357784 2.07422e-05 0.00491534 0.000111468 -1.2239e-05 -0.00320435 0.00179154 -4.07438e-05 5.40992e-06 6.73409e-05 -7.73833e-05 0.00629246 0.00549532 -0.000523656 -1.97455e-06 0.00150605 -2.61046e-05 7.85945e-06 0.000522596 0.000533692 -4.15483e-05 -0.000412432 0.00313181 -0.0152561 0.00943682 -0.00558988 0.00138227 -0.00114036 -8.9271e-05 -0.0121442 -0.00825644 -0.000405769 9.95529e-05 0.00314613 5.33075e-05 0.000229098 0.000804123 5.5924e-05 6.74628e-05 -4.47149e-07 0.00143307 2.36466e-06 0.000472236 -5.5972e-05 0.00167878 -0.00358172 -4.55481e-06 -3.51431e-05 0.000962723 -0.00146372 -0.00067466 -0.00163596 0.000157256 -6.87e-08 0.00255223 0.00387495 -2.0122e-05 -2.09812e-06 -1.3517e-05 0.00296625 -0.00906771 0.00149092 -0.00808679 0.00286947 1.94987e-07 -0.00136834 0.00523241 -1.25529e-06 2.10365e-05 0.000127345 -1.78862e-05 -0.000217238 -0.000874765 0.000178749 -2.06367e-05 -0.0110382 -0.00479516 -0.00175457 0.000957431 -1.95622e-05 3.68343e-06 0.00112573 0.004069 -0.00141934 -9.11017e-05 -4.52072e-05 -4.00303e-05 -0.000445228 0.000209533 0.000382775 0.000246902 
-7.59733e-05 -0.000315766 -0.00024392 -0.00484314 -0.00394591 0.00104222 -0.000129637 -0.00445749 0.178652 -0.000616687 -0.000144274 -0.00827495 -0.00368207 -0.000221604 0.00113867 -0.00476469 0.000341023 -4.78659e-05 -0.000114963 -0.000473481 -0.0138311 -0.00147733 -0.0164457 -3.19315e-05 -0.000645242 0.000153811 2.91149e-05 -0.00661487 -0.000860203 -0.00040012 -0.000561434 0.00384116 0.00700515 -0.0264081 0.00164986 -0.00148618 -0.0223614 -0.000962945 0.0245424 -0.0356831 -0.0032736 -8.54428e-06 -0.00504127 -0.0013961 -0.00435815 0.0126424 0.000520912 -0.00111957 2.10007e-05 -0.005001 -4.27165e-06 -0.000515515 -0.000180979 -0.000870874 -0.0244452 -5.01952e-05 0.000518349 -0.0178558 0.00167855 -0.00599615 0.0103071 -0.000162231 -1.57634e-05 -0.00585668 0.0579756 -0.000165858 -1.66234e-05 -0.000317658 -0.001364 0.00468566 0.00536161 -0.0631664 -0.00179963 -9.8286e-05 -0.00966454 0.0117839 -2.68606e-05 -8.1932e-05 0.000340755 0.00248818 0.00226615 -0.00791052 0.00142209 -0.000276634 0.0120581 -0.0198087 0.00177829 0.00251444 -0.000492995 -1.38743e-05 -0.00781688 0.0114698 -0.00241371 -0.00107872 -0.000326882 -0.000386498 -0.000385152 -3.13053e-05 -0.00381698 -0.000494015 
7.56248e-08 9.20875e-07 4.24049e-06 0.000636069 -0.000272192 0.000302029 4.99484e-06 0.000357784 -0.000616687 0.00344409 -1.42712e-06 0.000826171 0.00148312 6.07679e-06 -0.000473526 0.00208437 2.06929e-05 1.68429e-06 -1.81807e-06 0.00120871 -0.000159671 0.00206938 -0.000260911 -4.78902e-07 1.05328e-05 1.39996e-06 2.39895e-06 -0.00011285 2.04382e-05 3.73628e-05 0.00127586 0.000560046 -0.00285685 0.000343604 -0.00231801 -1.9602e-05 4.46128e-05 -1.8691e-05 -0.00174844 -0.00205307 -5.66062e-05 3.24997e-05 0.000153774 -1.50023e-05 0.00159389 -0.000619347 -2.48311e-05 0.00141672 1.7708e-05 -5.32884e-07 -1.08404e-07 -1.12586e-05 -5.96314e-07 4.21103e-05 -0.00048088 1.18056e-05 -5.66556e-06 -0.000397375 -0.00144287 0.000967693 -0.000243049 2.90482e-05 2.22577e-06 -0.000124788 -0.000852866 4.34181e-05 2.01401e-07 -1.19648e-06 0.000859733 -0.00316592 -0.000572741 -0.00153711 0.00115968 1.65169e-06 -0.000165096 0.00128871 2.05003e-06 -7.97452e-07 5.30167e-06 0.000197342 -3.46602e-05 0.00120374 6.25454e-05 2.04858e-05 -0.00159407 0.000501252 -0.00112463 -0.00060543 -4.28124e-06 1.13413e-06 -0.000166986 -0.000227453 -0.000167348 -1.0069e-05 -1.51091e-06 -1.72131e-06 -5.01015e-05 0.000286424 -6.20498e-05 3.53549e-05 
4.11271e-06 6.7983e-05 0.000118335 -1.26984e-06 -4.31572e-05 -2.17157e-06 -5.8134e-07 2.07422e-05 -0.000144274 -1.42712e-06 0.000640789 4.01029e-05 0.000498629 -2.14836e-08 0.000428008 -1.62417e-05 0.000489499 5.00205e-06 -6.24407e-07 -7.37575e-07 3.31043e-05 7.02272e-05 -4.7031e-05 4.96161e-07 9.77178e-06 -7.38175e-09 -3.09724e-07 -1.75019e-05 0.000526308 -1.12135e-06 0.000431676 0.000193127 -0.000458084 -0.000282338 -0.000402594 7.44361e-06 -0.000126183 -2.49934e-06 -0.000319254 -0.000428667 -1.01008e-05 -6.56951e-07 -6.38874e-05 2.5481e-05 -2.24104e-05 -0.000465222 -0.000526236 1.47811e-06 -9.74624e-08 -1.46933e-05 -2.01123e-08 5.90744e-05 1.81134e-06 5.59818e-06 7.96338e-05 1.14748e-05 -1.23873e-06 0.000455142 -0.000522987 1.15281e-05 -3.49362e-05 2.61626e-06 -2.13733e-07 1.57992e-05 -0.000324086 0.000409757 4.08286e-06 0.000292686 -1.88465e-06 -0.000512386 -0.000411873 -0.000285875 -1.28849e-05 2.45693e-05 0.000473605 -3.28449e-05 8.42408e-07 2.11694e-06 3.23429e-06 -4.0684e-06 -5.97279e-06 -3.1593e-05 3.71433e-06 0.000250033 -0.000303685 -0.000127018 -0.000525273 -8.37196e-05 0.00052175 3.9924e-07 9.29275e-05 -0.000317354 -0.000511052 -3.24215e-06 0.000458822 0.000519393 0.000143489 -1.65308e-06 -2.80871e-06 1.65033e-06 
0.000115744 4.59636e-05 -6.81164e-05 0.00250467 -0.00321483 0.000461842 -5.26358e-05 0.00491534 -0.00827495 0.000826171 4.01029e-05 0.0458488 -0.000743301 -4.05198e-05 -0.00599721 0.00236621 -3.37212e-05 -1.03941e-05 0.000193416 -0.000171633 -0.000775426 0.00173409 -0.00211649 -8.0325e-06 -0.000128093 -8.11199e-05 -3.33213e-05 -0.00110387 1.55286e-05 -6.0774e-05 -0.000667252 0.00501722 -0.0114436 0.0158167 -0.0160914 -0.000237016 0.00785334 -0.000252932 -0.0212942 -0.0207778 -0.000758414 -0.000255905 0.0109142 -0.000571938 0.000507579 0.00428768 9.48487e-05 -0.000299275 -1.66138e-07 0.00333333 4.80021e-06 0.000114441 -3.09919e-05 -0.000238457 -0.00682449 -7.87138e-06 -7.54239e-05 -0.0026916 0.000345901 -0.000812936 -0.00260614 8.74158e-05 -2.8119e-06 0.00331761 0.00704996 3.15543e-05 -3.54859e-06 -3.84733e-05 0.000160174 -0.00711938 -0.00122183 -0.0151427 -0.000280795 0.000115687 -0.00224537 0.0123158 -5.18752e-06 1.76941e-05 4.696e-06 -0.00026477 5.179e-05 -0.00266509 -0.000210527 -8.01404e-05 0.00199057 -0.00154168 0.000184116 -0.00532894 -2.46836e-05 -1.71814e-06 -0.00247943 0.0146073 0.00171064 -4.318e-05 3.51417e-06 -9.61527e-06 -0.000760548 -0.000131066 -0.000699937 0.000147256 
4.93634e-05 0.000354967 0.000559738 0.00548847 -0.000394868 3.0635e-05 1.93264e-05 0.000111468 -0.00368207 0.00148312 0.000498629 -0.000743301 0.0196369 1.28249e-05 0.00156772 0.00159565 0.00111887 1.57555e-05 -9.33249e-07 0.00242547 -0.0008919 0.00302896 -0.000183728 5.83575e-05 0.000236429 3.68642e-05 3.98787e-05 -0.000587331 0.00145141 0.000787853 0.00757723 0.00406311 -0.012369 0.000387891 -0.0101027 9.03335e-05 0.00103791 3.22845e-05 -0.00793339 -0.00215531 -0.000276537 -0.00022408 -0.00139653 0.000418954 0.00603366 -0.0018242 -0.00141618 0.00118152 3.85542e-05 -0.000234387 1.66035e-06 3.37444e-05 -2.60093e-05 0.000143918 -0.00138228 0.00011725 -3.29232e-05 0.000981973 -0.00465429 0.00831303 -0.000688873 9.41936e-05 1.56316e-05 0.000115542 -0.00939765 0.000707804 1.8231e-05 0.000916516 0.000770502 -0.00911126 -0.00525551 -0.00751688 0.00357539 5.17082e-05 0.00128891 -0.00107975 5.44454e-06 -5.90743e-06 7.93285e-05 -2.85695e-05 -0.00013948 0.00694832 -9.66145e-05 0.00112258 -0.0071925 0.00733362 -0.00270623 -0.00323565 0.00122529 5.32062e-06 -0.000289299 -4.47137e-05 -0.00106642 7.41655e-06 0.00116962 0.00121681 0.000147679 0.000415277 5.12409e-05 2.31597e-05 
-6.59136e-08 -8.53934e-07 -1.27089e-06 -3.16644e-05 -5.32481e-05 -8.5724e-07 -1.03844e-06 -1.2239e-05 -0.000221604 6.07679e-06 -2.14836e-08 -4.05198e-05 1.28249e-05 0.000951016 -0.000149188 0.000389729 3.57915e-05 2.28007e-05 9.50198e-06 3.5247e-06 0.000512094 -1.50154e-05 0.000477657 1.41484e-07 -1.66057e-06 1.12916e-06 7.52609e-06 -3.0528e-05 -3.96255e-06 7.32188e-05 2.22512e-05 -0.000133551 -0.000231688 -0.000465515 -3.85584e-05 -6.87379e-06 3.42498e-05 0.000420729 -7.51869e-05 -8.87904e-05 9.19355e-06 -1.29882e-05 -9.85741e-05 -1.19375e-05 0.000419522 -0.000670515 -0.000124783 -2.19541e-06 2.55308e-07 -2.19062e-05 -2.98586e-08 -3.2122e-06 -6.44318e-07 8.70498e-05 0.000741446 1.03676e-06 -5.50119e-07 -6.80231e-05 5.48486e-07 0.000103873 -6.10204e-05 2.7393e-05 6.04704e-08 -3.41863e-05 -8.30757e-05 -8.88662e-07 5.30176e-08 -1.37316e-06 -1.11813e-05 3.43471e-05 -0.000612651 0.000106844 -1.83311e-05 -5.73364e-07 -3.09626e-05 -7.01544e-05 -1.51483e-07 7.48832e-07 -2.27957e-07 -6.68085e-06 -1.25459e-05 -5.84635e-05 -5.23386e-06 -1.05321e-06 -0.000343334 -0.000184607 -0.000108575 -0.000175573 -7.8124e-07 -6.71105e-08 0.000234273 -0.000603557 2.47223e-05 5.9078e-05 3.18327e-06 -1.59423e-06 -5.92449e-06 7.61982e-06 0.000211213 -6.91569e-07 
-1.24033e-05 8.30883e-05 0.000440423 -0.00397274 0.0455438 -0.000231769 -2.10673e-05 -0.00320435 0.00113867 -0.000473526 0.000428008 -0.00599721 0.00156772 -0.000149188 0.132233 -0.00459209 0.000722491 -1.99441e-05 -5.9811e-05 -0.000494271 -0.0118293 -0.00244547 -0.0111583 4.76571e-05 -0.000260648 0.000219381 -7.00403e-05 -0.000249649 0.00140753 -0.000193594 -0.000280732 -0.0180584 0.016238 -0.000902367 -0.0444658 -0.00102643 0.0181826 -0.000635189 0.019638 -0.00254616 -0.0014872 -0.000177324 -0.012201 -0.00125399 -0.00519724 -0.0363119 -0.00172373 -0.000880153 -1.19344e-06 -0.000737272 -4.61918e-06 -0.000869306 -0.000430101 -0.000450595 0.02582 2.45317e-05 0.000457181 0.0180593 -0.000560388 -0.00289103 -0.00967665 -0.000103581 -1.25094e-05 -0.00552897 -0.0191889 0.000549216 -7.39581e-06 0.000778051 -0.0020615 0.000223528 -0.0506093 -0.0574982 -0.00310167 0.000229717 0.0347564 -0.00398622 -2.95659e-06 0.000103321 -8.09333e-06 -0.000773304 0.00318703 -0.0093539 0.00195233 0.000880602 0.0429131 0.0401322 -0.000479784 -0.0162503 0.001116 -2.10083e-06 -0.00698831 -0.041709 0.00173997 -0.00061824 8.97891e-05 0.000989953 -0.00230918 -9.0095e-06 -0.00285861 -0.000227537 
-1.10487e-05 -3.18904e-05 -2.68458e-05 0.00309232 -0.00253187 0.000311571 -1.6665e-05 0.00179154 -0.00476469 0.00208437 -1.62417e-05 0.00236621 0.00159565 0.000389729 -0.00459209 0.0334037 0.000208021 9.12741e-05 2.71922e-06 0.000866884 5.39672e-05 0.0146525 0.00297826 2.72169e-06 -1.78915e-05 -4.69751e-05 -2.74023e-07 -0.000453527 3.37213e-05 0.000492634 0.00147329 -0.000251809 -0.019429 0.000871341 -0.0133294 -1.82715e-05 -0.00140671 0.00130964 -0.0124106 -0.0124831 -0.000207138 -0.000476009 0.0105453 -1.28588e-05 0.0131633 -0.00221868 -5.4434e-05 0.0051406 7.03962e-05 0.00700733 -5.1865e-07 0.00080909 -5.96209e-05 0.000174642 0.000232351 3.94138e-05 7.06591e-06 -0.00272624 -0.00153795 0.00241989 -0.00231024 0.000408552 8.43301e-06 -0.000793761 -0.00162382 2.78762e-05 -1.67674e-07 -3.66678e-05 0.00435159 -0.0143231 -0.00653899 -0.00862217 0.0101471 -1.62409e-05 -0.00178262 0.0117821 2.09938e-05 1.29199e-05 0.000111821 -1.2498e-05 -0.000334393 0.00013919 0.000129546 1.88351e-05 -0.0152959 -0.00146889 -0.0011355 -0.00322266 -5.96911e-05 9.53841e-06 -0.000977626 0.00362708 -0.00149478 0.000240328 2.06086e-05 -4.667e-05 -6.90809e-05 0.000161357 0.000176643 0.000221982 
1.88452e-05 0.000274829 0.000460023 -5.89586e-05 -0.000196472 8.86436e-06 -2.19509e-06 -4.07438e-05 0.000341023 2.06929e-05 0.000489499 -3.37212e-05 0.00111887 3.57915e-05 0.000722491 0.000208021 0.0026282 2.69186e-05 9.592e-06 2.72715e-06 2.2792e-05 0.000607373 -0.000163449 2.13536e-05 6.44499e-05 1.70027e-05 1.39311e-05 5.96619e-05 0.00116908 -8.09631e-07 0.00116003 0.00067049 -0.0014642 -0.000616851 -0.00111931 5.49735e-05 -0.00049794 4.94597e-05 -0.0012678 -0.00182273 -3.6836e-05 -1.72429e-05 0.000369237 0.000179403 0.000283535 -0.00121555 -0.00125498 5.12703e-05 3.31057e-06 -2.14432e-05 3.95665e-08 0.00011224 -3.03974e-06 0.000124935 3.41124e-05 5.08943e-05 1.60919e-06 0.00101016 -0.00131941 -2.40148e-05 -8.80678e-05 6.3012e-05 8.52162e-06 0.000154245 -0.000846147 0.000729007 2.53914e-05 0.000806765 0.000104138 -0.00126167 -0.000998411 -0.00108126 0.000169017 3.19057e-06 0.000879669 0.000209854 9.59177e-06 4.70853e-06 7.00522e-05 7.88933e-05 -1.7256e-05 -6.13224e-06 4.43699e-05 0.00057862 -0.000993148 -0.000343903 -0.00138981 -0.000192269 0.00116251 9.96978e-06 0.000474354 -0.000677823 -0.00125979 6.5865e-07 0.000724262 0.00111243 0.000347675 4.90897e-05 1.19272e-05 3.72373e-06 
1.34375e-05 1.4016e-05 3.04594e-05 2.79972e-06 5.34786e-06 -1.10423e-06 1.63641e-06 5.40992e-06 -4.78659e-05 1.68429e-06 5.00205e-06 -1.03941e-05 1.57555e-05 2.28007e-05 -1.99441e-05 9.12741e-05 2.69186e-05 0.000325938 7.3985e-06 2.80797e-06 4.62165e-05 4.10801e-06 6.36393e-05 1.40765e-06 1.70517e-05 8.05554e-06 3.55376e-08 -4.62749e-06 3.5356e-05 1.30019e-05 2.3982e-05 6.82105e-05 -7.50031e-05 -0.000149544 -4.12571e-05 4.19044e-05 -1.85469e-05 4.52306e-05 -8.47353e-05 -9.27214e-05 -2.1757e-06 4.59848e-05 -2.7436e-05 2.04313e-06 4.69092e-05 -0.000182957 -6.86711e-05 1.95587e-05 -4.95588e-08 -6.92247e-06 -1.02269e-08 1.7715e-05 -7.20627e-07 3.20838e-05 0.000109755 2.74728e-06 -6.29882e-07 2.00017e-05 -8.07862e-05 3.1014e-05 4.7897e-06 1.09874e-05 1.35763e-07 4.00276e-05 -5.27833e-05 1.02734e-05 2.50202e-06 3.47741e-05 -6.59602e-07 -6.27611e-05 -6.92227e-05 -7.67261e-05 3.84321e-05 1.90362e-06 1.90318e-05 -2.42152e-05 2.24812e-06 1.36586e-06 9.65885e-06 5.25403e-06 -4.17218e-06 -1.83919e-05 -1.66303e-06 1.92951e-05 -4.07771e-05 -2.46506e-05 -0.000108371 1.01315e-05 3.75351e-05 3.61035e-06 5.28355e-05 -0.000166286 -9.6344e-05 7.03896e-06 1.14811e-05 3.7954e-05 8.78637e-06 -1.52103e-06 2.51168e-05 7.79808e-07 
3.54404e-06 0.000210947 4.03445e-05 1.31466e-05 -9.69276e-06 0.000128836 5.85894e-07 6.73409e-05 -0.000114963 -1.81807e-06 -6.24407e-07 0.000193416 -9.33249e-07 9.50198e-06 -5.9811e-05 2.71922e-06 9.592e-06 7.3985e-06 0.00109391 2.19114e-06 5.41012e-05 0.000125818 -2.49166e-05 9.78982e-06 2.06013e-05 0.000198988 3.13081e-06 -2.27839e-05 0.000198254 7.10308e-07 -1.26758e-05 -9.14892e-05 -0.000646649 0.000236482 -0.000702186 9.41722e-06 -2.75253e-05 3.48179e-05 -0.000434589 -0.000553734 -7.44807e-06 -1.45557e-05 0.000325725 -1.4183e-05 1.55203e-05 -0.000296031 -0.000196378 -8.40694e-07 2.0021e-07 7.74853e-05 -3.435e-08 -8.57452e-07 -1.15486e-06 5.64304e-05 -7.63977e-05 5.72607e-06 -1.42674e-06 -3.36745e-05 -0.000222938 -2.15102e-05 -6.00135e-05 1.39627e-05 1.66127e-05 0.000269399 0.000102126 6.61554e-05 1.18948e-05 0.000161731 2.96495e-06 -0.000461491 -0.000366939 -0.00020406 1.80736e-05 1.65959e-05 -5.63944e-05 0.000206931 8.27018e-06 2.26953e-05 0.000175554 0.000237679 8.32123e-05 -6.68687e-05 -3.72554e-06 0.000110305 -0.00027581 0.000111191 -0.000222165 4.43642e-05 0.000184647 3.08006e-05 -2.1692e-05 -0.000145091 -0.000162954 -2.94741e-06 2.35851e-05 0.000178377 0.000208043 4.70976e-05 9.56407e-05 3.73921e-05 
1.43123e-06 -2.10859e-06 3.03593e-06 0.000790977 -0.000333997 1.68627e-05 2.58489e-05 -7.73833e-05 -0.000473481 0.00120871 -7.37575e-07 -0.000171633 0.00242547 3.5247e-06 -0.000494271 0.000866884 2.72715e-06 2.80797e-06 2.19114e-06 0.00425123 -0.00034753 0.00125966 -0.000306893 -1.2093e-06 6.30175e-05 4.57063e-06 2.87946e-05 -0.00010289 -9.41934e-06 2.47484e-05 0.00337772 0.00245249 -0.00266852 -0.0012271 -0.00180811 2.1799e-05 -0.000717851 -2.19439e-05 -0.00184245 -0.000922982 -6.97392e-05 -5.94353e-05 -0.000200869 6.5525e-05 0.000865076 -0.000384112 -3.27813e-05 0.00098017 6.26215e-06 -9.84389e-05 -1.33919e-07 -2.63146e-05 -1.02095e-06 5.51407e-05 -0.00062574 2.98187e-05 -5.82589e-06 -0.000493661 -0.00201841 0.00193048 -0.000112192 2.06792e-06 5.05463e-06 -7.72573e-05 -0.0024928 7.18094e-06 -4.10057e-07 -4.95874e-06 0.000549406 -0.00213406 -0.000411599 -0.00186567 0.000903536 -2.57159e-06 -0.000189444 -0.000171771 2.98365e-07 7.239e-07 3.65403e-05 6.13337e-05 -5.10619e-05 0.00318441 -5.5507e-06 0.00013671 -0.00188347 0.00158479 -0.00120469 -0.000804087 -3.43422e-06 3.76781e-07 -0.000216493 -5.34626e-05 -0.000264807 -1.5646e-05 0.000268027 -1.75025e-06 -6.37704e-05 0.000147426 -7.07174e-05 -6.17515e-06 
-1.33357e-05 -1.03595e-05 -1.1071e-05 0.000172471 -0.0064099 -0.00013316 -3.82833e-05 0.00629246 -0.0138311 -0.000159671 3.31043e-05 -0.000775426 -0.0008919 0.000512094 -0.0118293 5.39672e-05 2.2792e-05 4.62165e-05 5.41012e-05 -0.00034753 0.0804032 0.00353758 -0.00234368 -2.30761e-05 0.00242349 0.000276147 1.68619e-06 0.00156942 0.00136476 -0.000146326 -0.00100784 -0.00294369 -0.00356493 0.00874706 0.00323927 0.0028037 -0.0103058 0.00119203 -0.0223742 -0.031911 0.0012875 0.00295164 -0.00323152 0.000315614 0.000160487 -0.0022011 -0.000209133 -0.000508928 -1.42538e-06 -0.0010629 -2.76587e-06 0.00485119 -0.000203734 0.00478771 0.000265794 -1.34563e-05 -0.00011364 -0.00863934 -0.0022312 -0.00257062 0.00398523 0.00019922 -2.09707e-05 0.00163498 0.0270304 -2.24187e-05 9.38648e-06 -5.71098e-05 0.00163696 -0.00239302 0.0080536 0.0202739 0.00166875 -3.77564e-05 -0.00470347 0.000567857 -5.18772e-06 5.76587e-05 0.000121089 -0.000408432 0.0016241 -0.00460782 0.000846855 -0.000114642 -0.0282003 -0.0181318 -0.00478629 -0.00566831 -1.01484e-05 -1.78326e-06 0.00697407 -0.00162777 -0.00967587 -0.000417001 0.000354437 -8.48434e-05 -0.00112124 -0.000234755 0.009272 0.000716357 
-3.53916e-06 3.04593e-05 0.000285891 0.00312519 -0.00264678 0.00136492 -2.52277e-05 0.00549532 -0.00147733 0.00206938 7.02272e-05 0.00173409 0.00302896 -1.50154e-05 -0.00244547 0.0146525 0.000607373 4.10801e-06 0.000125818 0.00125966 0.00353758 0.0325448 -0.00185649 1.23161e-05 0.00211034 0.000416391 0.000100722 -0.000445759 0.00229352 -2.0638e-05 0.00175178 -0.00367211 -0.0254485 0.0124851 -0.0219659 0.000981628 -0.00539369 -0.000148251 -0.0168692 -0.0246243 -0.000516939 -0.000245413 0.0129369 -0.000406311 0.0104382 -0.00137206 -0.000640689 0.00492014 6.24363e-05 0.00848958 -5.64004e-08 0.000178655 -9.14382e-05 0.00304816 -0.00475964 3.66368e-05 -5.95976e-05 -0.00296266 -0.00500453 0.000997747 -0.00223249 0.000303336 5.4007e-05 0.0018796 0.00653483 0.000260692 -1.95691e-06 0.000477718 0.00767247 -0.0228096 -0.00757793 -0.0127963 0.01472 -9.60788e-06 -0.00127431 0.0185354 3.69739e-05 1.59283e-05 0.000570215 0.00143305 0.000512786 0.000244719 0.0022994 0.000645986 -0.0139732 -0.00144679 -0.00480833 -0.00132915 0.000542435 2.85812e-05 0.00106469 0.00523881 -0.00391392 -0.000164365 0.00031409 0.000500563 -5.60339e-05 0.00057782 -0.000200644 5.15737e-05 
5.92852e-05 5.37508e-05 -4.72734e-05 0.00395848 -0.0045031 2.7129e-05 -7.60989e-05 -0.000523656 -0.0164457 -0.000260911 -4.7031e-05 -0.00211649 -0.000183728 0.000477657 -0.0111583 0.00297826 -0.000163449 6.36393e-05 -2.49166e-05 -0.000306893 -0.00234368 -0.00185649 0.0742275 2.41175e-05 -0.000246293 0.000343951 0.00031684 -0.00167428 -0.000165038 0.000604898 -0.00131331 -0.00715091 -0.02272 -0.00611265 0.00501717 1.10781e-05 -0.00895397 0.000985351 -0.00283983 0.012894 -0.000660904 -0.000795672 -0.0032343 -0.00112112 0.0033751 0.00110674 0.000134319 -0.000138516 -1.06403e-05 -0.000330312 2.38944e-06 -0.000369031 0.000799528 -0.000423074 0.00372495 9.41836e-06 -8.29401e-05 0.0134126 0.000649306 0.00575517 -0.004816 1.14821e-05 3.61743e-06 -0.00176245 -0.00303365 -6.94371e-05 1.11669e-05 4.32053e-06 -0.000796796 0.00327974 0.0075348 -0.00179541 -0.00138921 5.31861e-05 -0.00412187 0.000606838 3.75281e-05 1.43641e-05 -4.92017e-05 -0.000366846 -0.00100875 -0.00050762 -0.000100845 -6.16044e-05 -0.0197106 -0.0169803 0.000412763 0.00826365 -4.39838e-05 -2.59271e-06 -0.00204353 -0.00479754 0.00302317 0.00156994 0.000114377 -4.1554e-05 0.00309425 0.00224778 0.000573431 3.11715e-05 
3.32261e-07 7.28298e-05 6.69689e-05 -6.39231e-06 0.000106753 9.49628e-06 5.30782e-06 -1.97455e-06 -3.19315e-05 -4.78902e-07 4.96161e-07 -8.0325e-06 5.83575e-05 1.41484e-07 4.76571e-05 2.72169e-06 2.13536e-05 1.40765e-06 9.78982e-06 -1.2093e-06 -2.30761e-05 1.23161e-05 2.41175e-05 0.000283164 -7.77338e-07 3.63799e-05 1.24511e-06 -9.15151e-06 8.89046e-05 -5.00254e-07 8.30387e-06 -3.94462e-05 -9.19003e-05 -0.000100989 -0.00013827 -1.56183e-06 8.55733e-05 2.06409e-07 9.67511e-06 -8.18982e-05 1.01919e-05 -2.7217e-06 -9.70281e-06 5.65555e-06 -4.66877e-06 -0.000187085 -9.21222e-05 -1.86989e-06 4.58357e-08 -2.56687e-06 -8.88443e-09 -1.51255e-06 -7.90123e-07 -1.52025e-06 9.97729e-05 1.90453e-07 5.56391e-06 3.90411e-05 -8.62587e-05 -2.52263e-07 -2.04048e-05 -1.13686e-07 7.42781e-06 5.62402e-05 -0.000125955 6.42447e-06 2.49506e-05 7.78359e-05 1.19951e-06 -9.4344e-05 -0.000205457 -7.97565e-05 5.79742e-06 4.45162e-06 2.74115e-05 -2.1762e-06 -4.50736e-08 9.17356e-07 4.65907e-05 2.02538e-05 -1.4629e-06 -1.13035e-05 -1.50659e-06 5.65552e-05 -3.78646e-06 7.47109e-05 -8.69215e-05 -4.32221e-05 8.73408e-05 7.60225e-06 3.57779e-05 -0.000160202 -8.23263e-05 4.39909e-06 -1.08233e-06 8.7659e-05 8.64933e-05 8.06358e-06 -4.27928e-06 1.09521e-05 
-8.45227e-08 -4.01093e-06 -1.17069e-06 0.000540736 -0.00021617 -1.03888e-05 4.82791e-07 0.00150605 -0.000645242 1.05328e-05 9.77178e-06 -0.000128093 0.000236429 -1.66057e-06 -0.000260648 -1.78915e-05 6.44499e-05 1.70517e-05 2.06013e-05 6.30175e-05 0.00242349 0.00211034 -0.000246293 -7.77338e-07 0.00320481 0.000167497 7.27792e-06 0.000592251 0.00108183 -4.82289e-06 0.00016951 -0.000161684 -0.00188065 0.000860119 -0.00177745 0.00120246 -0.000262778 -2.99296e-06 -0.00143628 -0.00216492 -4.33605e-06 -1.1021e-05 -0.000286519 0.000145003 -8.18881e-05 -0.00239213 -7.6426e-05 1.44857e-05 1.86933e-10 6.71442e-05 -1.00848e-07 8.88291e-05 -8.72434e-06 0.0024951 -0.00027216 -7.38983e-07 -3.66857e-07 -0.000362522 -0.00262899 -9.37193e-05 -0.000149129 4.96633e-05 2.34505e-05 0.00212607 0.000589262 5.58741e-06 2.42454e-06 2.25843e-05 5.98153e-05 -0.00163319 9.21081e-05 -0.000468447 0.00217987 -1.14766e-06 -0.00011754 -0.000238997 1.39995e-05 6.45107e-07 0.00025168 1.54027e-05 0.000558644 2.85876e-05 2.98764e-05 2.52269e-05 -0.00135489 -0.000590863 -0.00273497 0.00200853 1.97399e-05 2.65111e-06 0.00177633 -0.0019291 -0.00262538 -1.20259e-05 1.25773e-07 1.06488e-05 -7.55999e-06 -9.54816e-07 0.000307801 7.84258e-06 
1.51073e-06 0.000272867 7.66474e-05 -7.56473e-05 -0.000159834 6.64306e-06 -1.65267e-06 -2.61046e-05 0.000153811 1.39996e-06 -7.38175e-09 -8.11199e-05 3.68642e-05 1.12916e-06 0.000219381 -4.69751e-05 1.70027e-05 8.05554e-06 0.000198988 4.57063e-06 0.000276147 0.000416391 0.000343951 3.63799e-05 0.000167497 0.00237984 1.85165e-05 -4.34227e-05 0.000710644 3.94233e-06 -2.07832e-05 -2.94066e-05 -0.000732418 -0.000150246 -0.000356499 -9.22062e-06 -0.000243078 2.65159e-06 -0.000436084 -0.0007284 -3.9274e-05 1.22775e-05 -0.000215531 -2.54509e-05 -7.54829e-06 -0.000850191 -0.000316377 -9.51522e-06 4.851e-08 -4.61201e-05 -7.48262e-08 5.5323e-05 -5.76566e-06 0.000426224 -9.09796e-05 1.1285e-05 -1.57525e-06 0.00031526 -0.000624047 -6.28472e-05 -0.00012613 2.92447e-05 6.4927e-05 0.000525868 0.000189271 9.2173e-05 2.52375e-05 0.000245826 0.000138775 -0.000468653 -0.000659372 -0.0008254 3.88909e-05 4.2187e-06 -0.000120843 -9.76895e-05 1.78315e-05 8.79274e-07 0.000349121 0.000507495 0.000594068 -0.000136113 0.000274427 0.000189556 -0.000425179 -0.000380441 -0.000775898 0.00071507 0.000265929 3.80652e-05 -4.53663e-05 -0.00121751 -0.00116894 -3.29777e-07 2.09602e-05 0.000247738 0.000897559 0.000210798 -2.7864e-06 2.76751e-05 
1.6724e-06 1.81806e-06 2.39155e-06 -1.30428e-05 -4.4208e-05 1.85504e-05 5.12816e-07 7.85945e-06 2.91149e-05 2.39895e-06 -3.09724e-07 -3.33213e-05 3.98787e-05 7.52609e-06 -7.00403e-05 -2.74023e-07 1.39311e-05 3.55376e-08 3.13081e-06 2.87946e-05 1.68619e-06 0.000100722 0.00031684 1.24511e-06 7.27792e-06 1.85165e-05 0.000742415 -2.11168e-05 9.52298e-06 7.77669e-06 4.90675e-05 -4.95656e-05 -0.000227284 -0.000171572 -0.000107501 -1.8194e-06 -6.33997e-05 -3.18701e-06 0.000159453 -5.74054e-05 2.96863e-06 -1.08293e-05 -5.84734e-05 1.48314e-06 2.58785e-05 5.6197e-09 -2.11657e-05 -1.18261e-06 -3.51532e-08 -1.55225e-05 8.78067e-08 2.85848e-06 -7.39205e-07 1.18778e-05 0.000163302 1.04034e-06 4.12023e-06 -5.28628e-05 -7.19329e-05 1.8393e-05 -1.30785e-05 2.77282e-06 1.94123e-06 1.42648e-05 -0.000225275 -1.04704e-07 3.63975e-06 1.2106e-05 -7.97974e-06 -0.000109639 -0.000299224 0.000102783 6.48784e-05 -2.03061e-07 -3.98238e-05 3.15952e-05 2.97066e-06 -2.41564e-07 3.60237e-05 6.42813e-05 -8.13534e-06 5.49944e-05 2.39031e-05 2.82709e-05 -0.000137501 -0.00010375 -0.000160088 3.26991e-05 9.43604e-06 -5.23792e-08 3.30221e-05 -0.000362009 -7.69461e-06 2.35297e-05 3.43294e-07 5.66683e-06 0.000165593 4.73564e-05 -1.20273e-05 1.73922e-05 
-1.21918e-05 -4.48315e-05 5.04434e-05 -0.000955197 -0.00225474 -8.461e-05 -1.36945e-05 0.000522596 -0.00661487 -0.00011285 -1.75019e-05 -0.00110387 -0.000587331 -3.0528e-05 -0.000249649 -0.000453527 5.96619e-05 -4.62749e-06 -2.27839e-05 -0.00010289 0.00156942 -0.000445759 -0.00167428 -9.15151e-06 0.000592251 -4.34227e-05 -2.11168e-05 0.0323285 0.00040248 -5.62618e-05 0.00142801 0.0107657 0.00207556 -0.00496975 0.00334212 4.58494e-05 -0.00345937 -0.000129048 -0.0151642 6.99859e-05 0.000898779 0.00120667 0.000608152 0.00436644 -0.00111168 0.00194278 6.21034e-05 -6.91301e-05 -3.26175e-06 0.00306693 6.84207e-07 0.000563267 0.000161853 0.000752045 -0.00397199 -6.27654e-06 0.000176517 -0.00213892 -0.00041486 -0.000339354 0.00734684 -9.57774e-06 5.08427e-06 0.000939117 -0.0106079 -2.98911e-05 -6.90193e-07 -3.72813e-05 0.000168187 0.000731116 0.00342777 -0.00945771 -1.84933e-05 -5.90423e-07 -0.0018151 -0.00238807 -1.91145e-06 -8.13528e-06 -2.1764e-06 0.000134727 0.00195091 0.00588524 -8.60423e-05 -3.68568e-05 -0.0112969 -0.00367624 -0.000610285 -0.0041805 -2.94971e-05 -1.31358e-06 -0.00126245 0.00844706 -0.00365757 -2.25807e-06 0.000228509 -4.85266e-05 -0.00023534 -0.000183936 -0.000258689 0.000314164 
6.85887e-05 0.000542703 0.000764608 0.000698677 -0.000321752 -6.12018e-06 -1.84815e-06 0.000533692 -0.000860203 2.04382e-05 0.000526308 1.55286e-05 0.00145141 -3.96255e-06 0.00140753 3.37213e-05 0.00116908 3.5356e-05 0.000198254 -9.41934e-06 0.00136476 0.00229352 -0.000165038 8.89046e-05 0.00108183 0.000710644 9.52298e-06 0.00040248 0.00474689 7.28718e-06 0.00103986 -0.000155731 -0.00290398 0.000554806 -0.00307292 0.00028628 -0.000523386 -8.84432e-06 -0.00236216 -0.00343529 -6.36129e-05 1.7539e-06 -0.000432406 6.34081e-05 -7.19297e-05 -0.00305588 -0.00179274 4.9379e-05 -2.91653e-07 -1.07185e-05 -1.49608e-07 0.000275045 -1.29496e-05 0.00154758 -0.000404768 6.30371e-05 -6.93665e-06 0.00110684 -0.00307693 0.00015297 -0.000341003 3.83461e-05 6.29323e-05 0.00219768 -0.000128145 0.00077607 5.58308e-05 0.00134633 0.000156895 -0.0027678 -0.00126622 -0.00187428 0.00122177 5.99382e-05 0.000958926 -0.000192158 5.19077e-05 1.19285e-06 0.0005563 0.000315701 0.00136943 -0.000282882 0.000304163 0.00103863 -0.00202823 -0.000666879 -0.00342412 0.00099657 0.00169884 4.94526e-05 0.0014972 -0.00200592 -0.00387912 -2.29187e-05 0.000777682 0.00162201 0.000648288 0.000113626 0.000301979 0.000109264 
7.44929e-07 3.26402e-07 -7.65572e-07 0.000690171 -6.5752e-05 6.10739e-06 2.44803e-06 -4.15483e-05 -0.00040012 3.73628e-05 -1.12135e-06 -6.0774e-05 0.000787853 7.32188e-05 -0.000193594 0.000492634 -8.09631e-07 1.30019e-05 7.10308e-07 2.47484e-05 -0.000146326 -2.0638e-05 0.000604898 -5.00254e-07 -4.82289e-06 3.94233e-06 7.77669e-06 -5.62618e-05 7.28718e-06 0.00176304 9.82502e-05 -9.96416e-05 -0.00138066 6.10017e-05 -0.00132848 -7.93419e-06 0.0010871 0.00048645 -0.000781654 0.000281093 -5.64198e-06 -2.42464e-05 -0.000103118 -2.61889e-05 0.00151903 -0.000559059 -3.80087e-05 1.60404e-05 4.23154e-06 2.91245e-05 -5.53984e-08 -8.91846e-06 6.55101e-06 -6.12457e-06 0.000232231 9.20517e-06 1.69324e-05 -0.000200721 -1.97308e-05 0.00155295 -0.0001246 1.75646e-06 2.54461e-06 -6.70434e-05 -0.00108277 9.28993e-07 2.19259e-07 -2.32548e-06 9.74526e-06 -0.000755772 -0.00108718 -0.000772466 0.000145229 2.54732e-06 -5.74674e-05 -9.43745e-05 1.50967e-05 -1.15259e-06 -2.51282e-06 1.19717e-05 -2.19921e-05 -5.45712e-05 -8.79105e-06 -2.19364e-07 -0.000741543 0.000579811 -1.70397e-05 -0.000337553 8.43718e-09 6.64375e-07 -9.11093e-05 0.000166563 4.19281e-05 5.58563e-06 4.86512e-05 6.19919e-07 -2.35865e-05 -7.3496e-06 -1.22161e-05 -3.46789e-06 
1.65586e-05 0.000233207 0.000447785 0.00124758 -0.00133216 -1.69621e-05 1.01491e-05 -0.000412432 -0.000561434 0.00127586 0.000431676 -0.000667252 0.00757723 2.22512e-05 -0.000280732 0.00147329 0.00116003 2.3982e-05 -1.26758e-05 0.00337772 -0.00100784 0.00175178 -0.00131331 8.30387e-06 0.00016951 -2.07832e-05 4.90675e-05 0.00142801 0.00103986 9.82502e-05 0.0180841 0.010075 -0.00738323 -0.00584885 -0.00313251 -2.02771e-05 -0.00105959 1.99341e-05 -0.00826792 -0.00141765 -0.000223538 -0.000212431 -0.00126974 0.00170246 0.00213358 -0.000817771 -0.00114427 0.000964329 1.35441e-05 -0.000331637 -2.55661e-07 0.000155783 -8.54867e-06 0.000323832 -0.00145105 0.000135932 -2.36699e-05 -0.000252356 -0.00436008 0.00442877 0.00252232 1.19565e-05 2.80329e-06 -0.000223723 -0.00891713 0.000635045 1.68194e-05 0.000729524 0.000295339 -0.00381906 -0.00145179 -0.00802782 0.000799057 -4.69687e-06 0.000239966 -0.0011161 -1.59846e-06 3.71954e-06 6.22888e-05 3.14831e-05 -0.000176139 0.00776738 -4.38469e-05 0.00084713 -0.00769573 0.00379188 -0.00251543 -0.00338483 0.0010454 -4.98855e-07 -0.000442592 0.00163041 -0.0019084 2.49188e-05 0.00134441 0.00102975 -6.86251e-06 0.000195411 -0.000313912 -5.17299e-06 
-8.45924e-06 0.000383978 -5.21731e-05 0.00120852 -0.0118315 -0.000460116 -9.94505e-05 0.00313181 0.00384116 0.000560046 0.000193127 0.00501722 0.00406311 -0.000133551 -0.0180584 -0.000251809 0.00067049 6.82105e-05 -9.14892e-05 0.00245249 -0.00294369 -0.00367211 -0.00715091 -3.94462e-05 -0.000161684 -2.94066e-05 -4.95656e-05 0.0107657 -0.000155731 -9.96416e-05 0.010075 0.128606 -0.01222 -0.0168031 0.014847 -0.000438311 -0.0122668 -0.000674573 -0.0575122 0.00277027 0.00053382 0.00340989 -0.004317 0.00509446 0.0021709 0.0131848 7.79617e-06 0.000527162 -2.16517e-05 -0.00260527 -4.43243e-06 -0.000403366 0.000513186 -0.000592035 -0.0179834 9.56039e-05 9.28138e-05 0.00918801 -0.00241994 0.0059509 0.0322493 -5.44021e-05 -2.91499e-05 0.00481627 -0.0399416 0.000205324 3.37462e-06 6.32841e-05 -0.000489162 0.00213946 0.0241454 -0.0447253 -0.000325319 -6.76463e-05 -0.00800093 -0.00291114 -2.12775e-05 -7.30357e-05 -0.000126736 0.00180358 -0.000922833 0.034635 -0.00090399 0.000150357 -0.054968 -0.0202716 -0.000514709 -0.0191891 0.000314113 -2.78661e-06 -0.00632315 0.0412418 0.00216032 -0.000479647 0.00137724 0.000205915 -0.000845128 -0.000304777 0.000213267 -0.000104506 
-0.000100829 -0.00108906 -0.00049313 -0.0241812 0.0118777 -0.00243857 0.000110209 -0.0152561 0.00700515 -0.00285685 -0.000458084 -0.0114436 -0.012369 -0.000231688 0.016238 -0.019429 -0.0014642 -7.50031e-05 -0.000646649 -0.00266852 -0.00356493 -0.0254485 -0.02272 -9.19003e-05 -0.00188065 -0.000732418 -0.000227284 0.00207556 -0.00290398 -0.00138066 -0.00738323 -0.01222 0.136584 -0.0551761 0.0571666 -0.0031761 0.015263 -0.00153378 0.0614451 0.0263916 0.00253873 0.00101434 -0.0376067 0.000668023 -0.0295982 -0.00854283 0.00128516 -0.00538651 -0.000116434 -0.007965 -1.84579e-05 0.000270565 4.68834e-05 -0.00232459 0.0221409 -0.00017265 0.000206536 -0.00550717 0.00711032 -0.0148704 0.00670638 -0.000571847 -0.00015638 -0.00748874 -0.0164424 -0.000736599 -5.60674e-05 -0.0011266 -0.00956704 0.0335244 0.000103133 0.0450811 -0.016468 -0.000200741 0.00757923 -0.042443 -0.000114414 -0.000195855 -0.00103921 -0.00466031 0.000750996 -0.00875848 -0.0020888 -0.00125021 0.0545248 0.00281857 0.00484479 -0.0244175 -0.00143127 -5.62703e-05 0.00395763 -0.0350424 -0.000419028 -0.00055551 -0.00227694 -0.00133076 0.000391722 -0.0034321 -0.00128913 -0.000355386 
