0.0209338 0.00300081 -0.000219111 -1.04109e-05 0.00110833 -0.00603995 4.35002e-05 -0.00407616 -0.00761501 0.00278199 -7.5481e-06 0.000433202 4.22424e-06 0.000195402 -0.0065944 0.00844251 -0.00464707 0.00502716 4.69701e-05 9.81821e-05 -0.00266977 -3.53796e-05 1.7079e-05 -0.000763335 -0.00348911 9.52479e-06 0.00631309 0.000700294 0.00606377 0.00217617 -0.00442879 0.00109045 0.00106494 0.000619053 0.000188163 8.80644e-05 9.99095e-05 0.000195017 0.0068995 0.00145575 9.75872e-06 0.000484759 0.00264822 -0.00459105 -0.0092808 -7.49938e-06 0.00125459 0.00180196 0.00509272 -0.00489309 -3.60606e-05 -0.0158246 0.000552325 -0.00534131 0.000252093 -4.41415e-05 -0.00725378 -3.57645e-06 -0.00125802 -0.00626028 0.00599176 -0.00123531 -0.00173482 0.000692746 0.00136837 0.000285405 0.000117536 4.28157e-05 -0.00662211 -0.000171667 -0.00144157 0.00587939 -0.000772991 4.0291e-05 -0.00242103 -0.00166671 -0.00429377 0.00336892 0.00407376 1.336e-05 -0.00456591 -0.000509725 -0.000136997 2.86562e-05 0.0095318 0.00768141 0.000215598 -0.00137975 1.80741e-06 0.00179978 0.000145974 0.00022823 8.52122e-05 0.000230791 3.0693e-05 0.000186401 -0.00228544 0.00138098 1.73686e-05 -4.29565e-06 
0.00300081 0.23241 0.164344 -0.000323686 -0.00155742 0.133256 -0.000124718 0.0697994 -0.165926 -0.00339787 -0.000155727 -0.000403424 -1.96757e-05 -0.000115577 -0.127842 -0.0145741 -0.0797188 0.200067 -0.000388581 -2.67989e-05 -0.0426716 -0.00391144 -3.90691e-05 -0.0146372 -0.105571 -3.55957e-05 -0.00266046 -0.000146896 -0.0222815 0.0377592 -0.0802727 -0.000294356 0.00712872 -0.0392789 -0.000259264 -0.000265795 0.000968679 -0.00011402 -0.00262745 -0.0005398 -5.10181e-05 -0.00274569 -0.0568408 0.0783584 0.0346948 -0.000177309 -0.0100724 -0.00418428 0.015855 0.121537 -0.00123956 -0.0287098 0.0117424 0.107799 -0.0013362 -0.000951426 0.00907536 -7.80799e-05 -0.0246399 -0.106414 -0.00186546 -0.0229738 -0.0912881 -0.0218802 -0.00308236 -0.000188293 2.60653e-05 -2.52606e-05 -0.119184 -0.00319713 -0.048 -0.0089416 -0.0125629 -0.000208493 -0.0415251 -0.0310917 0.112071 -0.0833977 -0.00102563 -0.000789727 0.0964913 -0.0155532 -0.00129478 -0.000365883 0.00344746 -0.0300223 -0.000381994 -0.0890924 -6.407e-06 0.00236143 0.000209875 -0.000351956 -0.000157678 -9.02953e-05 -7.10069e-05 -0.000131259 0.138329 -0.00435051 9.32717e-06 -2.43485e-05 
-0.000219111 0.164344 0.249305 0.000262236 -0.00188274 0.172084 -0.000136504 0.0994204 -0.188045 -0.00505312 -0.000220297 -0.000305413 -2.97517e-05 -0.000103487 -0.178902 -0.0215098 -0.117189 0.166228 -0.000257898 -4.27749e-05 -0.0148583 0.0014875 2.29114e-05 -0.0206804 -0.14716 -5.01227e-05 -0.00382668 -0.000306647 -0.0205419 0.0396574 -0.100087 -0.000430523 0.00774669 -0.0404356 -0.000300233 -0.000370622 0.00198147 0.00382212 -0.00415515 -0.000729876 -5.96761e-05 -0.00362877 -0.0759052 0.117423 0.0528862 -0.000105156 -0.00432051 -0.00485963 0.0387923 0.157892 0.000670938 -0.0317523 0.014352 0.157387 -0.00189025 -0.00129412 0.0147565 -0.000109187 -0.029772 -0.151933 -0.00305726 -0.0165553 -0.112031 -0.037617 -0.00251285 -0.000269484 -1.68473e-05 -3.72845e-05 -0.15676 -0.00157744 -0.0355126 -0.00920197 -0.0112624 -5.76974e-05 -0.0236643 -0.0288007 0.137177 -0.123176 -0.00204747 -0.00104981 0.143575 -0.0231721 -0.00155784 -0.000426347 0.000418584 -0.00236779 -0.000482647 -0.129317 2.29083e-06 0.00474131 0.00010531 8.10901e-05 -3.34762e-05 8.52604e-05 -6.96605e-05 4.32594e-05 0.155778 -0.00637981 -7.15593e-07 -5.33989e-05 
-1.04109e-05 -0.000323686 0.000262236 0.00106937 -3.18999e-06 0.00013074 6.3189e-07 0.000189314 -0.000354228 -4.68085e-06 3.20527e-07 -5.17659e-07 9.50479e-08 4.68869e-07 -0.000245457 -2.99687e-06 -0.000234694 -0.000418424 4.88538e-06 -2.66043e-09 0.000157388 7.11338e-06 -4.28934e-08 -1.37475e-05 -0.000200838 -1.10524e-07 -5.95218e-06 9.96715e-07 -5.14031e-05 0.000100415 0.000235122 -2.87334e-07 -1.70678e-05 -9.53667e-05 -7.50431e-07 -7.70284e-07 -6.95345e-06 3.99416e-05 -3.21959e-06 1.73936e-07 -1.55478e-08 -7.42824e-06 -0.000275139 0.000251781 3.94557e-05 -5.20982e-07 2.08622e-05 -1.4198e-05 3.29448e-05 0.000393601 9.59722e-06 -5.06519e-06 1.01452e-05 -7.55924e-05 -1.18012e-06 -2.78067e-06 -1.14715e-05 9.43104e-08 -5.70128e-05 -0.000292461 -3.89413e-06 -8.32932e-05 2.75684e-08 -9.7854e-05 5.20885e-06 -5.5412e-07 1.02421e-07 -8.4844e-08 -0.000337834 0.000357242 -0.000129326 -1.58836e-05 0.000483233 1.33753e-05 0.000623399 -7.92356e-05 -0.000270466 -0.000256099 -2.13776e-06 3.60481e-05 0.000293883 -4.77882e-05 6.28157e-06 -4.9593e-07 -1.82141e-05 -3.84245e-05 -7.42824e-07 -0.000261302 -1.90908e-08 -1.62061e-06 -2.70264e-07 1.24781e-05 -4.82203e-07 1.32409e-05 -3.10068e-07 2.28505e-06 -0.000407395 -1.2757e-05 -5.27286e-08 -2.94486e-07 
0.00110833 -0.00155742 -0.00188274 -3.18999e-06 0.00433101 -0.00161806 8.05836e-06 -0.000310655 0.00130166 0.000241569 1.18644e-06 8.37855e-05 1.0208e-06 0.000102505 -0.000512863 0.00259205 -0.000825438 -0.00175926 -3.07481e-06 1.59155e-05 -0.000346266 -3.12409e-05 6.82508e-07 0.000554374 2.69532e-05 7.06449e-07 0.000557683 0.000132326 0.00144976 6.97915e-05 0.00157206 0.000113232 -8.68886e-05 0.00155692 5.2193e-06 3.85538e-06 -3.10448e-05 -2.511e-05 0.000568197 4.79451e-05 9.4918e-07 9.1861e-06 -0.000595355 -0.000451403 -0.00223563 -1.91697e-06 0.000465807 -3.25594e-05 -0.000149023 -0.00121078 -1.54734e-05 -0.000759916 -0.000136214 -0.00165065 -4.12932e-06 -7.9574e-06 -0.00137513 2.18501e-06 5.73085e-05 -0.000876002 0.000550151 0.000381833 0.0011806 -0.000287108 0.000272562 0.000205693 7.77108e-05 3.62775e-05 -0.00136738 -6.91736e-05 -0.000215893 0.000488477 -9.01648e-05 3.48961e-06 -0.00038715 -0.000114261 -0.00169161 0.00117488 0.000784284 -3.29657e-06 -0.000122402 -0.000170461 -2.74172e-05 1.08011e-06 0.000768825 0.000540091 9.53119e-06 0.000402415 1.89093e-07 -2.05623e-05 1.74625e-05 6.64126e-06 1.31509e-05 4.5302e-05 2.60673e-06 -1.24464e-06 -0.00127879 0.000398234 -2.14258e-07 -1.19662e-06 
-0.00603995 0.133256 0.172084 0.00013074 -0.00161806 0.244079 -0.000108456 0.102904 -0.152109 -0.00570719 -0.000239755 -0.000506883 -2.51769e-05 -0.000158726 -0.154463 -0.0198918 -0.107353 0.135401 0.000197 -6.04943e-05 0.0246528 0.00279697 -4.6764e-05 -0.0171022 -0.164474 -5.31664e-05 -0.00464356 -0.000560454 -0.0128219 -0.0212178 -0.0998922 -0.00132631 0.00316818 -0.0453443 -0.000246633 -0.000439515 0.00172733 0.00341555 -0.00482649 -0.00120796 -6.50929e-05 -0.00311885 -0.108222 0.132827 0.0607831 -7.84469e-05 -0.00825004 -0.00804379 0.0287414 0.175653 -3.11988e-05 -0.00113853 0.00990672 0.166488 -0.00112025 -0.00134739 0.0174913 -0.000115298 -0.0341058 -0.161442 -0.00389667 0.00148518 -0.139089 -0.0463131 -0.00420947 -0.000294007 2.03057e-05 -3.38928e-05 -0.15737 0.00110797 -0.0563158 -0.0119257 -0.0110542 -0.000404639 0.026908 0.0192024 0.15492 -0.137673 -0.00256572 -0.000999111 0.14733 -0.0255043 -0.00123519 -0.000519623 -0.00380662 0.000976163 -0.000532149 -0.145004 -2.19998e-06 0.00299814 -0.00024001 -0.000256176 -0.000186881 -0.000293103 -3.09091e-05 -0.000154254 0.135793 -0.00699397 -1.07844e-05 3.35887e-05 
4.35002e-05 -0.000124718 -0.000136504 6.3189e-07 8.05836e-06 -0.000108456 0.000364489 -0.000215604 1.73335e-05 0.000148592 -1.55742e-07 8.7363e-05 -2.06093e-08 6.6174e-06 -7.00322e-05 0.000158751 -7.74342e-05 -0.00014694 8.54602e-06 8.94582e-07 3.37124e-05 6.26e-06 6.43518e-07 -1.29074e-05 -5.45712e-05 2.06799e-07 9.68546e-07 5.39176e-06 -2.35565e-05 -0.000294075 -6.7395e-05 -9.32102e-07 -4.64324e-06 1.12371e-05 3.72978e-07 -2.81286e-07 -2.69734e-06 4.31265e-05 1.83418e-05 9.97297e-08 -5.82788e-08 7.3607e-05 2.8667e-05 -8.77188e-05 -9.45274e-05 -1.77449e-07 -6.20302e-06 -1.54385e-06 -2.2797e-05 -1.40961e-06 1.01344e-06 -9.6732e-05 7.30431e-06 -1.6793e-05 -9.64433e-07 -8.51139e-07 -0.000151966 4.24459e-06 0.000171917 -8.50383e-05 3.49093e-06 0.000268061 -4.10716e-05 9.28149e-05 -8.96726e-07 1.22375e-07 -4.11687e-07 1.82213e-07 -0.000106231 -1.80737e-06 -4.10873e-05 2.76566e-05 6.11457e-05 2.85125e-08 5.95761e-05 5.23292e-05 -0.000103168 2.21632e-05 1.16815e-05 -8.35143e-07 -7.74979e-05 -1.08769e-05 2.05189e-05 0.000107782 8.2253e-06 -2.7711e-05 3.04401e-05 -9.04588e-06 -6.50243e-09 1.7412e-05 -2.43434e-07 -4.42664e-07 0.000116016 -5.68896e-07 -1.67219e-08 -2.17023e-07 0.000160575 1.78454e-05 -1.79597e-08 -1.00304e-07 
-0.00407616 0.0697994 0.0994204 0.000189314 -0.000310655 0.102904 -0.000215604 0.161464 -0.0721462 -0.00512757 -0.000317105 -0.000693511 -4.20237e-05 -0.000137784 -0.105292 -0.00937668 -0.0779312 0.0729238 -0.000216478 -7.97174e-05 0.0171453 -0.0034591 -1.46258e-05 -0.00545914 -0.112783 -3.14749e-08 -0.00631375 -0.000617774 0.00541494 0.00218598 -0.0267091 -0.00105123 0.00271459 0.00100572 -0.000190054 -0.000291888 0.00125154 0.0012123 -0.00635984 -0.00166261 -7.70084e-05 0.000675459 -0.0875077 0.121302 0.0411977 7.29702e-05 -0.0143401 -0.00605756 0.018567 0.0999497 -0.000749598 -0.0131628 0.00600219 0.0980163 -0.002712 -0.00179583 0.00835552 -1.04761e-05 -0.024246 -0.121243 -0.0052183 0.00594563 -0.049968 -0.0554369 -0.000324659 -0.000306674 4.40931e-05 -4.08103e-05 -0.102883 0.00213601 -0.0432292 -0.00379966 -0.0136154 5.18372e-05 0.0124557 0.00344554 0.103029 -0.11661 -0.0032316 0.000166143 0.12087 -0.0336451 0.00116983 -0.000454498 -0.00534667 0.00845507 -0.000719236 -0.101408 -2.28964e-06 0.00170527 -2.15276e-07 1.4748e-05 -0.000143008 0.000162825 -0.000117639 -0.000233813 0.0669729 -0.00878656 -8.77265e-06 -8.8186e-05 
-0.00761501 -0.165926 -0.188045 -0.000354228 0.00130166 -0.152109 1.73335e-05 -0.0721462 0.249827 0.000492197 0.000191277 -0.000126888 -1.14743e-05 -0.000185965 0.139587 0.0131343 0.0815276 -0.166755 -0.000388228 -4.82763e-05 0.0167996 -0.00161735 -3.07763e-05 0.0164799 0.119996 2.59672e-05 -0.00393265 -0.00051787 0.0132217 -0.038661 0.0902746 -0.000858632 -0.00859361 0.0462689 -6.33095e-05 0.00027491 -0.00264756 -0.00451843 -0.00370365 -0.000567065 4.97826e-05 0.00344449 0.0615056 -0.0879513 -0.0391835 0.000121636 0.00786697 -0.00120378 -0.0353262 -0.132041 -0.00159111 0.0317772 -0.0156219 -0.120269 -0.000382566 0.00114461 -0.0049945 8.21352e-05 0.0231367 0.121388 -0.00337006 0.0285245 0.104045 0.0207131 -5.09093e-05 0.000102654 -0.00020222 4.17986e-06 0.119556 -0.00419939 0.0458519 0.00334115 0.00796833 -3.6852e-05 0.00514691 0.0208097 -0.10546 0.0940664 -0.00178142 0.000666044 -0.104184 0.015165 0.00149993 -9.52816e-05 -0.00921415 0.00511987 1.98446e-05 0.105513 -3.60466e-06 -0.00549047 -0.000157114 -0.000393093 -6.55218e-05 -0.000350691 2.27265e-05 -0.000188394 -0.129329 0.00455059 -2.03586e-05 -4.22758e-05 
0.00278199 -0.00339787 -0.00505312 -4.68085e-06 0.000241569 -0.00570719 0.000148592 -0.00512757 0.000492197 0.00982693 4.76383e-05 0.000369921 1.72325e-07 0.000174057 0.000334407 0.00496129 0.00055373 -0.00289005 3.85954e-05 6.29451e-05 -0.00125484 -8.35384e-05 8.03782e-06 0.000591928 0.000692405 5.37525e-06 0.00278795 0.000454743 0.00316599 -0.000212335 0.00238727 0.000262634 -0.000141433 0.00278418 1.34585e-05 7.26529e-06 -4.08985e-05 -7.78697e-06 0.00306736 0.000165957 3.54692e-06 0.00108745 0.00149207 -0.00442573 -0.00518912 6.99184e-06 0.000778439 0.000744265 0.00185817 -0.00512116 1.25846e-05 -0.00235067 -0.000321312 -0.00556266 9.71291e-06 6.03286e-05 -0.00549689 4.39647e-05 0.000544663 0.00181102 0.00227301 6.78884e-05 0.00289502 0.000192987 0.00041382 8.1929e-05 0.000220493 1.63245e-05 0.000674363 0.000886693 -0.00111507 0.00297655 0.000603148 4.6779e-05 -0.000884931 -0.000819594 -0.00512468 0.00216798 0.0015706 -7.88912e-06 -0.00455093 -6.63331e-05 0.000153706 0.000245906 0.00304022 0.00124568 0.000148459 0.00258783 -4.36704e-08 0.000130259 8.14512e-05 4.15391e-05 0.000132545 5.6414e-05 -8.97072e-07 1.02035e-05 -0.0038326 0.000940198 7.52223e-06 5.47398e-07 
-7.5481e-06 -0.000155727 -0.000220297 3.20527e-07 1.18644e-06 -0.000239755 -1.55742e-07 -0.000317105 0.000191277 4.76383e-05 0.000426951 3.98082e-06 6.64746e-07 -3.05021e-07 0.000233569 3.44427e-05 0.000256293 -0.000174737 7.13668e-08 -4.53948e-08 -3.50365e-05 -1.60978e-06 -7.9181e-08 0.000154029 0.000231451 8.33679e-07 8.17264e-06 -5.62043e-07 -8.37372e-07 -7.19702e-05 0.000262829 2.79127e-06 -7.87995e-06 -3.46075e-05 -6.81661e-08 6.25938e-06 -3.55026e-06 3.54715e-06 6.95242e-06 -1.32255e-06 -2.38257e-08 1.28177e-05 -0.000104747 -0.000235746 -0.0003269 -2.07872e-07 4.51434e-06 -8.29532e-07 -3.9984e-05 -0.000224712 -1.37253e-06 4.80815e-05 -1.5605e-05 -0.000274881 1.53699e-05 1.99394e-05 -0.000226977 -7.98256e-08 1.55935e-05 0.000266356 5.12202e-07 -3.61416e-05 0.000308575 1.88084e-05 1.90885e-05 5.90017e-07 4.17733e-07 4.39251e-08 0.000192042 5.38525e-06 -5.85814e-05 1.36614e-06 8.62769e-05 1.2334e-06 -4.5806e-05 -3.63988e-05 -0.000230744 0.000226584 -4.81332e-07 1.05685e-08 -0.000268593 0.000196733 6.46909e-06 1.26072e-05 1.42733e-06 -4.92658e-05 1.40152e-05 0.000285659 -7.61721e-09 -5.46565e-06 1.10372e-06 -2.62999e-07 1.05446e-06 -6.66428e-07 8.09617e-07 2.46799e-06 -0.000191601 1.00947e-05 -2.10387e-08 -6.38852e-09 
0.000433202 -0.000403424 -0.000305413 -5.17659e-07 8.37855e-05 -0.000506883 8.7363e-05 -0.000693511 -0.000126888 0.000369921 3.98082e-06 0.00113616 -6.42915e-08 0.000124877 -0.000263396 0.000458462 -0.000248887 -0.000454657 2.92927e-05 2.36347e-05 3.5848e-05 0.000199442 3.00025e-06 -4.55679e-05 -0.000181626 4.49231e-07 0.000296314 0.00037547 0.000138015 -0.000309919 -0.000206684 1.45085e-05 2.4657e-05 1.39344e-05 1.62603e-05 3.41141e-06 3.26789e-06 4.44855e-05 0.000452687 8.20597e-05 6.06264e-06 6.08009e-05 0.000605774 -0.00044822 -0.000498528 -1.09117e-07 0.000255643 -1.10956e-05 0.000208194 -0.000584275 -2.53921e-06 -0.000703094 -1.27596e-05 -0.000273616 3.35917e-06 2.23155e-06 -0.000572082 5.55784e-06 8.60517e-06 -0.000140784 0.000122373 0.000361866 -0.000209075 2.54079e-05 0.000120679 2.26446e-05 1.13795e-06 8.18763e-06 -0.000153506 -2.07808e-05 0.000348653 0.000480655 -2.10971e-05 4.2869e-06 -0.000107358 -6.73384e-05 -0.000631581 -4.0752e-05 0.000458235 1.57251e-06 -0.000355806 -2.91989e-05 1.38007e-06 7.68911e-05 0.000499875 0.00021566 3.3494e-05 -0.000224219 6.86043e-08 -2.21687e-07 -2.60699e-08 6.04131e-06 9.61203e-05 3.80308e-06 -3.29458e-07 2.61452e-05 -9.79456e-05 0.000426894 3.10641e-07 6.75988e-07 
4.22424e-06 -1.96757e-05 -2.97517e-05 9.50479e-08 1.0208e-06 -2.51769e-05 -2.06093e-08 -4.20237e-05 -1.14743e-05 1.72325e-07 6.64746e-07 -6.42915e-08 5.6519e-05 -4.03631e-08 2.90569e-05 2.84941e-06 2.98361e-05 -2.07205e-05 1.73457e-05 -6.00706e-09 -2.52543e-06 3.17183e-05 -1.0478e-08 3.49441e-05 -9.28872e-06 -5.83561e-09 2.47548e-05 7.21214e-07 7.22829e-07 -3.36573e-05 -3.02828e-06 5.90058e-07 -2.98603e-07 -3.47431e-06 7.49734e-08 3.8973e-07 -2.80914e-07 2.08016e-05 1.05065e-06 8.07995e-07 -9.03414e-09 2.71867e-07 6.77087e-07 -3.92401e-05 -3.59847e-05 -2.75075e-08 7.50753e-07 1.17833e-05 -5.97326e-06 -3.03702e-05 2.39038e-05 -3.28379e-06 -1.26793e-06 -3.456e-05 2.88021e-05 9.53972e-06 -2.84885e-05 6.99078e-07 -2.80567e-06 2.8675e-05 1.88616e-06 -1.06634e-06 4.2957e-06 7.51333e-06 7.28333e-07 2.26298e-07 -6.3818e-08 -4.4797e-09 2.90217e-05 -8.74805e-07 -1.25022e-07 7.46999e-06 5.81626e-06 -5.58641e-08 -6.38016e-06 -3.16253e-06 -3.00392e-05 6.96813e-06 1.22e-06 2.48317e-07 -3.54964e-05 9.10149e-07 -1.72789e-07 2.42199e-05 2.69092e-06 -4.8452e-06 1.13731e-06 2.83217e-05 2.45455e-06 -6.34376e-07 -3.77361e-08 -6.86199e-08 -3.54332e-08 -8.81879e-08 -1.63713e-08 8.55247e-07 -2.47715e-05 6.55631e-07 2.4166e-07 1.1289e-06 
0.000195402 -0.000115577 -0.000103487 4.68869e-07 0.000102505 -0.000158726 6.6174e-06 -0.000137784 -0.000185965 0.000174057 -3.05021e-07 0.000124877 -4.03631e-08 0.000713601 -0.000221973 0.00024406 -0.000144966 -0.000127258 2.47377e-05 7.67966e-06 -7.10569e-05 4.03664e-06 1.15651e-06 -2.06937e-05 -5.8105e-05 9.26272e-07 0.000154265 0.000167293 8.07018e-06 -3.54597e-05 -2.92831e-05 4.18698e-05 0.00015579 6.76079e-05 7.3475e-06 2.37133e-06 -3.4689e-06 -6.0432e-06 0.000181291 5.51456e-06 3.37475e-06 -5.71507e-06 0.000133095 -0.000111414 -0.000212708 1.39191e-05 0.000255613 -9.04828e-08 2.0805e-05 -0.000263601 8.16313e-06 -0.000448266 0.000131285 -0.000305461 3.31896e-06 -1.88456e-06 -0.000281444 5.47966e-07 1.62112e-05 -0.0001447 8.97564e-05 0.000114728 -6.57679e-05 -5.50393e-05 -1.96183e-06 3.15859e-05 1.34927e-06 1.11434e-05 -0.000166058 1.0653e-05 3.47428e-05 0.000261758 -1.69344e-05 -6.13512e-08 -3.21186e-05 -4.50248e-05 -0.000331297 -3.51224e-05 0.00017741 5.59771e-06 -0.000128899 -3.12006e-05 1.95096e-05 4.26893e-06 0.000303082 8.76887e-05 1.38578e-06 -0.000163116 7.61539e-08 6.7651e-05 3.02899e-05 4.06638e-06 4.96344e-06 5.90525e-05 2.37606e-07 8.41628e-07 -0.000198247 0.000166053 -3.51739e-08 5.92445e-07 
-0.0065944 -0.127842 -0.178902 -0.000245457 -0.000512863 -0.154463 -7.00322e-05 -0.105292 0.139587 0.000334407 0.000233569 -0.000263396 2.90569e-05 -0.000221973 0.230376 0.0109406 0.142152 -0.141221 0.000277889 -3.75507e-05 0.0058356 -0.00140324 -5.6542e-05 0.0234268 0.163848 -2.69923e-05 -0.00254788 -0.000418801 -0.0111123 -0.0176946 0.0882819 -0.000409754 -0.00717964 0.00010742 -0.000153319 0.000235103 -0.00219335 -0.00308359 -0.00303178 -0.000502309 1.75628e-05 -0.00136528 0.0771451 -0.130328 -0.048467 -0.000146902 0.0010663 0.00655189 -0.0372448 -0.14901 -0.000206131 0.0347783 -0.0125637 -0.151745 0.00156019 0.00153241 -0.00664507 7.42524e-05 0.0286251 0.16757 -0.0024052 -0.0157411 0.101513 0.046897 -0.00218261 2.17123e-05 -0.000341592 -5.3473e-06 0.174963 0.00120148 0.0270601 -0.00606564 0.013308 -0.000198044 0.0198564 0.00812898 -0.15344 0.136138 -0.00162886 9.99995e-05 -0.161857 0.0277685 -0.00295193 0.000335441 -0.00713549 -0.0313507 0.000169166 0.146782 -1.79622e-06 -0.00456693 -0.000167112 -0.000237746 -0.000100747 -0.000523459 -4.03689e-05 -5.72311e-05 -0.139032 0.00433634 -1.34721e-05 8.20365e-05 
0.00844251 -0.0145741 -0.0215098 -2.99687e-06 0.00259205 -0.0198918 0.000158751 -0.00937668 0.0131343 0.00496129 3.44427e-05 0.000458462 2.84941e-06 0.00024406 0.0109406 0.0429103 -0.00440582 -0.0115186 0.000203414 8.07362e-05 -0.0019636 -0.000478631 1.55378e-05 0.00611439 -0.001609 2.33058e-05 0.00621752 0.00055353 0.0217582 -0.000597232 0.00680907 0.00125584 -0.000706623 0.0197619 0.000186742 9.91843e-05 -0.000219574 -0.000240866 0.00626131 0.000968298 1.81887e-06 0.00221709 0.0031391 -0.0082043 -0.0287082 -1.55432e-05 0.0030758 0.000195304 0.00794329 -0.0147967 -7.86685e-05 -0.00805518 -0.00153613 -0.0205483 0.000248528 8.06978e-05 -0.0156768 6.85791e-05 0.000502032 -0.00364955 0.00562375 0.000472932 0.0112235 -0.00115049 0.00285522 0.000317788 8.92496e-05 3.78725e-05 -0.00602064 -0.000129254 -0.00297002 0.00426438 0.000437879 0.000193205 -0.00216951 0.000278327 -0.0197304 0.00911775 0.00357978 0.000212849 -0.00669448 -0.00103521 3.85128e-05 0.000459271 0.00751499 0.0078457 0.000337849 0.0136804 2.32101e-07 0.000466851 0.000165071 0.000202799 0.000219368 0.000131467 2.09977e-05 -2.47639e-05 -0.0155086 0.00234409 1.56537e-05 -1.04039e-05 
-0.00464707 -0.0797188 -0.117189 -0.000234694 -0.000825438 -0.107353 -7.74342e-05 -0.0779312 0.0815276 0.00055373 0.000256293 -0.000248887 2.98361e-05 -0.000144966 0.142152 -0.00440582 0.1759 -0.090354 0.000228355 -2.35088e-05 -0.00305903 -0.000424244 -4.12934e-05 0.0211913 0.122768 -2.14178e-05 -0.00166041 -0.000261177 -0.0167335 -0.00652949 0.0531531 -0.000497632 -0.0046141 -0.0198039 -9.12485e-05 4.0619e-05 -0.00160027 -0.00203208 -0.00193172 -0.0005398 1.52364e-05 -0.00138794 0.0458318 -0.107243 -0.0353543 -9.72121e-05 -0.00171101 0.00470101 -0.0280997 -0.112222 -0.000189675 0.0242908 -0.00821667 -0.114686 0.001919 0.00140067 -0.00473053 1.06707e-05 0.0188726 0.131567 -0.00154245 -0.0198984 0.0692868 0.0411666 -0.00246023 1.96143e-05 -0.000204656 -1.48676e-06 0.137667 0.00237266 0.0141659 -0.00491186 0.0118924 -0.000189946 0.00439199 -0.00246697 -0.100293 0.106632 -0.00103719 -0.000238665 -0.139372 0.0269744 -0.00196246 0.000247126 -0.0045825 -0.022205 0.000269568 0.113273 -2.84433e-07 -0.0028898 -9.58897e-05 -0.000253319 -0.00012572 -0.000349124 -2.96996e-05 1.88209e-05 -0.0951165 0.00227134 -9.8198e-06 0.000112905 
0.00502716 0.200067 0.166228 -0.000418424 -0.00175926 0.135401 -0.00014694 0.0729238 -0.166755 -0.00289005 -0.000174737 -0.000454657 -2.07205e-05 -0.000127258 -0.141221 -0.0115186 -0.090354 0.244605 -0.000348914 -1.02881e-05 -0.0508707 -0.0033329 -4.64391e-05 -0.0163325 -0.116689 -2.70164e-05 0.000219822 5.44016e-06 -0.0106232 0.0409708 -0.084962 0.000412198 0.00851245 -0.0303284 -0.000213288 -0.000157513 0.00125385 0.00112382 0.000387182 -0.000115812 -6.57543e-05 -0.00260981 -0.0572962 0.0847597 0.0325022 -0.000178153 -0.0142316 -0.00443708 0.0274208 0.118447 -0.00133021 -0.0325115 0.0110236 0.111806 -0.00110264 -0.000858184 0.00433664 -8.88453e-05 -0.0295754 -0.116032 0.00104485 -0.023923 -0.0930164 -0.0235556 -0.00050981 -0.000215357 -1.48309e-06 -3.0684e-05 -0.125232 -0.00355812 -0.0472983 -0.00638401 -0.0141751 -0.000168914 -0.0492052 -0.0355338 0.122394 -0.0908709 5.62732e-05 -0.000796368 0.10455 -0.0180397 -0.00239809 -0.000348965 0.00550425 -0.0209262 -0.000402325 -0.0967675 -5.65121e-06 0.00401227 0.000202012 -0.000363765 -0.000181842 -0.000121847 -8.42027e-05 -0.000143737 0.143679 -0.00436549 1.92124e-05 -5.22274e-05 
4.69701e-05 -0.000388581 -0.000257898 4.88538e-06 -3.07481e-06 0.000197 8.54602e-06 -0.000216478 -0.000388228 3.85954e-05 7.13668e-08 2.92927e-05 1.73457e-05 2.47377e-05 0.000277889 0.000203414 0.000228355 -0.000348914 0.00154739 3.12418e-06 0.000182865 0.000623923 -2.87296e-07 0.000374413 -0.000353382 6.22151e-08 5.33568e-05 1.78421e-06 0.000179812 -0.000367845 -0.000312348 -4.35642e-06 3.83798e-05 0.000230688 -9.51076e-07 2.93776e-06 -3.48236e-07 9.83111e-05 2.83987e-05 2.52623e-05 8.41181e-07 4.15979e-05 -3.01394e-05 3.08049e-05 -6.45564e-05 2.59013e-05 -3.9817e-05 -7.73301e-06 -3.27775e-05 -0.000338771 8.56343e-05 -0.000410462 3.71436e-05 -0.0003309 0.000162876 3.83434e-05 -0.000198257 2.42561e-06 -9.90146e-05 3.93055e-05 -1.94235e-06 -7.42676e-05 -0.000356844 -9.97724e-05 2.34179e-05 -8.02205e-07 -5.05388e-07 6.88282e-07 0.000386264 0.000118022 0.000222731 1.85113e-05 0.000142331 -1.46508e-06 0.00034077 5.18506e-05 -0.000575598 -0.000257941 9.04309e-06 3.31698e-06 -0.000194509 -4.44057e-05 -1.20821e-05 2.24023e-05 8.82268e-05 -0.000122826 2.68256e-05 -0.000233457 -2.76379e-08 -1.84868e-05 -1.01247e-06 2.42407e-05 1.06173e-05 8.95975e-06 2.49556e-06 2.1322e-05 -0.000299752 2.55467e-05 -7.63357e-08 1.06292e-05 
9.81821e-05 -2.67989e-05 -4.27749e-05 -2.66043e-09 1.59155e-05 -6.04943e-05 8.94582e-07 -7.97174e-05 -4.82763e-05 6.29451e-05 -4.53948e-08 2.36347e-05 -6.00706e-09 7.67966e-06 -3.75507e-05 8.07362e-05 -2.35088e-05 -1.02881e-05 3.12418e-06 0.000106266 -1.24943e-05 -1.29873e-06 9.13632e-07 -4.07247e-06 -1.89992e-05 1.12496e-08 8.12669e-05 1.8063e-05 4.21007e-05 -4.85505e-06 -2.42613e-05 2.35608e-05 4.01843e-07 7.84641e-06 3.3556e-06 3.84679e-07 -8.16695e-07 -1.03048e-06 8.89258e-05 4.67098e-06 7.19022e-08 -8.8858e-07 2.31755e-05 -7.27808e-05 -9.31434e-05 -5.17219e-08 3.09946e-05 8.47541e-07 4.89421e-05 -5.59673e-05 -4.10623e-07 -8.91404e-05 -4.21632e-07 -6.67516e-05 9.19444e-07 -2.80471e-07 -9.51213e-05 -2.26265e-08 -6.85894e-06 -3.08606e-05 5.93983e-05 -3.50307e-06 -1.56375e-05 -3.81509e-06 8.25265e-06 4.72277e-06 2.22635e-09 5.02688e-07 -3.73822e-05 -1.95826e-06 -1.47711e-05 5.32782e-05 -3.08735e-06 1.66163e-06 -1.24561e-05 -9.04739e-06 -5.90978e-05 1.87256e-05 6.05375e-05 -2.43422e-07 -7.47466e-05 -4.7443e-06 -9.72544e-07 -9.76902e-08 0.00010242 5.68268e-05 5.59909e-07 -1.69099e-05 -1.89529e-09 1.09734e-05 1.06823e-07 6.93197e-07 9.22265e-07 -1.32485e-07 7.58106e-07 9.0341e-07 -4.54951e-05 5.69937e-05 5.03208e-08 -2.92358e-08 
-0.00266977 -0.0426716 -0.0148583 0.000157388 -0.000346266 0.0246528 3.37124e-05 0.0171453 0.0167996 -0.00125484 -3.50365e-05 3.5848e-05 -2.52543e-06 -7.10569e-05 0.0058356 -0.0019636 -0.00305903 -0.0508707 0.000182865 -1.24943e-05 0.111785 -0.000612445 -1.8237e-05 -0.00291921 -0.0346305 9.05762e-07 -0.000755197 -7.3667e-05 -0.000703128 -0.0396343 -0.0117653 -0.000438142 -0.000689545 -0.00503871 1.25445e-05 -8.74752e-05 0.000885692 -0.000857827 -0.000761423 -0.000363299 -1.31393e-05 -0.000503626 -0.0191978 0.029302 0.00932515 2.78742e-05 -0.00441454 -0.0019246 -0.0135905 0.0165624 -0.000194815 0.00485217 -0.00290949 0.0380284 0.000210844 -0.000248528 0.00306071 -9.59944e-06 -0.00296066 -0.0308853 -0.000895712 0.0128202 -0.0225281 -0.0116916 0.000166976 -5.28507e-05 3.11097e-07 -1.896e-06 -0.0051965 -0.000868465 2.08392e-05 0.00364123 -0.00288834 -7.14224e-05 0.0552214 0.0337953 0.0264394 -0.0295411 -0.000551928 0.000253717 0.0186813 -0.00512372 0.000703947 -4.10268e-05 -0.00202954 0.00182246 -5.74785e-05 -0.0306015 -2.25337e-06 -0.000795492 -8.48861e-05 0.000192795 8.44951e-06 7.59144e-05 3.37099e-06 2.74906e-05 -0.024278 -0.00150182 -5.96032e-06 5.45485e-05 
-3.53796e-05 -0.00391144 0.0014875 7.11338e-06 -3.12409e-05 0.00279697 6.26e-06 -0.0034591 -0.00161735 -8.35384e-05 -1.60978e-06 0.000199442 3.17183e-05 4.03664e-06 -0.00140324 -0.000478631 -0.000424244 -0.0033329 0.000623923 -1.29873e-06 -0.000612445 0.0126823 8.96155e-07 0.00117975 -0.00157803 -1.32642e-06 7.60187e-05 4.88104e-06 -0.000614517 -0.00408785 -0.00101729 -3.35972e-05 -1.80736e-05 -0.000888727 2.86043e-06 7.53778e-05 2.1848e-05 0.000240554 6.27097e-05 0.00015505 9.36878e-06 -9.55939e-05 0.00173564 0.000449895 0.000883949 1.08032e-05 0.00370154 -5.90059e-05 -0.00103761 -0.00427095 0.00016824 -0.000874145 0.000363429 0.000850309 0.000391511 0.000277184 0.000132862 -5.241e-07 -0.000839558 0.00169551 -5.39386e-05 0.00127198 -0.00278486 -0.000328109 -8.73965e-05 -5.71677e-06 -1.02835e-05 6.54844e-06 0.00178549 0.000376298 0.00530166 0.000263139 0.0012012 -9.35335e-06 0.000513338 0.000132462 -0.00192902 -0.00278299 0.000129185 -9.34834e-06 0.00147028 -0.000539604 -0.000105366 2.29253e-05 -1.49729e-05 0.000364849 -5.84862e-06 -0.0024557 4.72644e-06 -0.000155886 9.75598e-06 -1.32749e-05 9.84611e-06 6.63284e-06 1.67233e-05 0.000177853 -0.0013465 3.63674e-05 -4.88361e-07 1.71325e-05 
1.7079e-05 -3.90691e-05 2.29114e-05 -4.28934e-08 6.82508e-07 -4.6764e-05 6.43518e-07 -1.46258e-05 -3.07763e-05 8.03782e-06 -7.9181e-08 3.00025e-06 -1.0478e-08 1.15651e-06 -5.6542e-05 1.55378e-05 -4.12934e-05 -4.64391e-05 -2.87296e-07 9.13632e-07 -1.8237e-05 8.96155e-07 0.000185343 -7.19396e-06 -2.88296e-05 -1.91392e-08 1.45194e-05 5.08271e-07 4.55298e-06 -2.05082e-05 -2.58826e-05 1.55892e-07 -1.6311e-06 -1.72029e-05 9.33925e-07 -1.43009e-07 -5.7416e-07 -9.61268e-07 1.88392e-05 5.54005e-06 -2.96295e-08 -1.02771e-06 -1.41211e-05 -1.93244e-05 -5.272e-06 1.65338e-07 3.11228e-05 1.28091e-05 1.14412e-05 4.17845e-05 6.48376e-06 -2.62861e-05 -3.78219e-08 3.47203e-05 -6.88604e-07 -3.66996e-07 -1.14798e-05 -3.94669e-08 -2.30015e-06 -4.96197e-05 1.15903e-05 6.7778e-05 -8.39557e-06 2.33464e-05 2.14599e-06 9.37378e-07 1.24027e-07 4.96419e-07 -5.60828e-05 1.24843e-05 -1.2255e-05 4.94904e-05 2.17832e-05 1.50114e-07 -1.14714e-05 4.70006e-07 -5.28216e-05 -2.76427e-05 1.29434e-05 -3.13484e-07 2.64719e-05 -7.95315e-06 5.92925e-05 8.21332e-07 1.61056e-05 -7.77481e-06 -2.05596e-07 -3.97161e-05 -3.3059e-09 5.26122e-06 -1.23764e-07 -2.25055e-07 1.25046e-06 3.21879e-07 4.92408e-06 -1.10337e-07 -1.22922e-05 5.69643e-06 1.47976e-06 -5.09954e-08 
-0.000763335 -0.0146372 -0.0206804 -1.37475e-05 0.000554374 -0.0171022 -1.29074e-05 -0.00545914 0.0164799 0.000591928 0.000154029 -4.55679e-05 3.49441e-05 -2.06937e-05 0.0234268 0.00611439 0.0211913 -0.0163325 0.000374413 -4.07247e-06 -0.00291921 0.00117975 -7.19396e-06 0.0386809 0.0142948 3.19424e-06 -0.000110417 -1.94258e-05 0.00250339 -0.00372192 0.020325 2.64702e-05 -0.000832979 0.000495923 3.81842e-06 2.37621e-05 -0.000328079 1.42434e-06 -0.000326795 -0.000126171 -6.25327e-06 0.000154576 -0.0092624 -0.0110259 -0.00966742 -1.49264e-05 -0.00142852 -0.000375825 -0.00349825 -0.0194478 7.61171e-05 0.00454729 -0.00136706 -0.0232586 0.000403645 0.000272644 -0.00843433 3.08412e-05 0.000522459 0.0172913 -0.000255935 -0.00304579 0.0192812 -0.00317496 -0.000288832 1.92545e-07 -4.47969e-05 -1.94433e-07 0.0168506 0.0034318 -0.00535013 -0.00111149 0.00881664 -2.55837e-06 0.00277605 -0.00287731 -0.0197581 0.00953816 -0.000176041 0.000274705 -0.013924 -0.00090096 -0.000271312 0.000267182 -0.000782471 -0.00444348 0.000136599 0.0152006 1.87011e-06 -0.000500043 -1.75537e-05 -3.17989e-05 -1.99115e-05 -6.07748e-05 -1.16743e-05 -1.68787e-05 -0.017962 -7.7453e-05 -1.39638e-06 2.4168e-05 
-0.00348911 -0.105571 -0.14716 -0.000200838 2.69532e-05 -0.164474 -5.45712e-05 -0.112783 0.119996 0.000692405 0.000231451 -0.000181626 -9.28872e-06 -5.8105e-05 0.163848 -0.001609 0.122768 -0.116689 -0.000353382 -1.89992e-05 -0.0346305 -0.00157803 -2.88296e-05 0.0142948 0.210227 -4.28744e-06 -0.00179946 -0.000291035 -0.0147763 0.0182688 0.103049 0.000503564 -0.00565653 -0.000235293 -0.000140687 0.000216007 -0.00220058 -0.00285688 -0.00211715 0.00027591 6.51927e-05 -0.00188166 0.0825309 -0.143948 -0.0429232 -0.00012222 0.00892018 0.00698807 -0.0350915 -0.15067 -0.000493728 0.0288244 -0.0108768 -0.163782 0.00088829 0.0015539 -0.00493822 4.20204e-05 0.0378719 0.185113 -0.00190346 -0.0178229 0.119024 0.0524825 -0.00128157 0.000128064 -0.000250764 9.56167e-07 0.158953 -0.00195485 0.0312696 -0.00597287 0.0127616 -0.000284678 -0.014278 -0.0185831 -0.16373 0.151203 -0.00104652 -6.22177e-05 -0.166662 0.0301431 -0.00253991 5.50072e-05 -0.00451034 -0.0270074 0.000286796 0.155158 -2.33789e-06 -0.00230716 -0.000110202 -2.57623e-06 -0.000103633 -0.000421488 -1.43576e-05 4.6247e-06 -0.120998 0.0069093 -1.23602e-05 -1.55493e-05 
9.52479e-06 -3.55957e-05 -5.01227e-05 -1.10524e-07 7.06449e-07 -5.31664e-05 2.06799e-07 -3.14749e-08 2.59672e-05 5.37525e-06 8.33679e-07 4.49231e-07 -5.83561e-09 9.26272e-07 -2.69923e-05 2.33058e-05 -2.14178e-05 -2.70164e-05 6.22151e-08 1.12496e-08 9.05762e-07 -1.32642e-06 -1.91392e-08 3.19424e-06 -4.28744e-06 0.000103234 1.64148e-05 -1.43911e-07 7.65001e-05 3.40884e-06 8.09936e-06 4.17207e-06 6.3995e-06 6.42473e-05 2.82481e-06 2.63146e-06 -7.13705e-07 -7.45197e-07 1.19628e-05 1.20291e-06 -1.65019e-08 1.32567e-06 8.92072e-06 1.08534e-05 -4.43815e-05 2.06087e-06 -1.31456e-06 4.93754e-07 1.84538e-05 -5.02356e-05 4.67763e-07 -3.25995e-05 -3.27732e-06 -4.88401e-05 1.34237e-06 6.05312e-07 -1.99618e-05 -2.19807e-08 -2.74733e-06 -2.57033e-05 1.22422e-05 1.62186e-05 3.32526e-05 -7.30162e-06 2.49302e-05 -5.34416e-08 -1.16571e-07 1.25151e-07 -3.2488e-05 -8.57925e-07 2.14669e-06 1.96651e-05 -1.22116e-06 -1.02042e-07 -1.15673e-05 -8.48345e-06 -2.41683e-05 -1.58137e-05 2.14025e-06 1.63525e-07 3.88646e-06 -3.47556e-06 1.57108e-05 8.05415e-07 2.18596e-05 2.49476e-05 2.7855e-06 -3.96409e-06 -1.84119e-09 2.45665e-06 5.32928e-08 -3.11997e-09 1.3055e-08 3.83359e-07 -2.99042e-08 2.94104e-07 -4.00027e-05 -8.24864e-07 -5.08536e-09 1.04932e-07 
0.00631309 -0.00266046 -0.00382668 -5.95218e-06 0.000557683 -0.00464356 9.68546e-07 -0.00631375 -0.00393265 0.00278795 8.17264e-06 0.000296314 2.47548e-05 0.000154265 -0.00254788 0.00621752 -0.00166041 0.000219822 5.33568e-05 8.12669e-05 -0.000755197 7.60187e-05 1.45194e-05 -0.000110417 -0.00179946 1.64148e-05 0.00839464 0.000454166 0.00569159 0.00090275 -0.00114852 0.000911131 0.00012702 0.00015112 0.000217056 6.57465e-05 -4.45706e-05 0.000157613 0.00698563 0.000687127 1.12458e-06 -3.81085e-05 0.000947998 -0.00452208 -0.00711557 -2.3425e-06 0.00160938 0.000342284 0.00406813 -0.00422104 6.09777e-05 -0.00497933 -0.000224328 -0.00473192 0.000749651 -4.76513e-06 -0.00757193 -4.69244e-08 -0.000311924 -0.00171122 0.00591307 -0.00043222 0.00212883 -0.000528736 0.00196881 0.000135595 0.000132852 2.03179e-05 -0.00282441 0.000148445 -0.0011293 0.0056638 -0.000181878 9.45323e-05 -0.000868072 -0.000727101 -0.00409359 0.00258943 0.00329812 6.93529e-05 -0.00548655 -0.000267508 8.48052e-06 0.000179355 0.00731526 0.00455749 0.000251844 -0.000700114 2.67124e-06 0.000407619 4.8792e-05 0.000132655 1.69926e-05 0.000101113 4.347e-05 7.67275e-05 -0.00336764 0.000816447 1.74941e-05 4.41545e-06 
0.000700294 -0.000146896 -0.000306647 9.96715e-07 0.000132326 -0.000560454 5.39176e-06 -0.000617774 -0.00051787 0.000454743 -5.62043e-07 0.00037547 7.21214e-07 0.000167293 -0.000418801 0.00055353 -0.000261177 5.44016e-06 1.78421e-06 1.8063e-05 -7.3667e-05 4.88104e-06 5.08271e-07 -1.94258e-05 -0.000291035 -1.43911e-07 0.000454166 0.00139195 0.000236678 6.05253e-05 -0.000305463 7.09671e-05 0.000290197 -8.41392e-05 1.16814e-06 1.22914e-05 -9.24131e-06 5.17056e-05 0.000684541 0.000138295 2.08832e-06 2.65691e-06 0.000355471 -0.000518552 -0.000706473 -6.78359e-07 0.000165027 -1.99246e-05 0.000618893 -0.000408756 4.12256e-05 -0.00105699 0.000298214 -0.000638855 3.20605e-05 -3.23407e-06 -0.000698464 3.36574e-07 -8.60455e-05 -0.000366649 0.000382435 -8.79733e-05 -0.000243808 -0.000109575 9.24506e-05 4.98007e-05 1.25484e-05 1.12117e-05 -0.000441187 0.000144183 -7.72822e-05 0.000529021 -1.155e-05 5.97557e-05 -7.5291e-05 -0.000117595 -0.000505017 -0.000105478 0.000715343 5.35852e-05 -0.000504208 -5.6824e-05 6.72557e-05 3.57301e-06 0.000858931 0.000348614 8.15408e-06 -0.000319571 6.40312e-08 7.54141e-06 7.61384e-06 2.62744e-05 9.01508e-06 4.37474e-05 2.24071e-06 2.60259e-05 -0.000498649 0.000478802 2.65357e-06 1.19433e-06 
0.00606377 -0.0222815 -0.0205419 -5.14031e-05 0.00144976 -0.0128219 -2.35565e-05 0.00541494 0.0132217 0.00316599 -8.37372e-07 0.000138015 7.22829e-07 8.07018e-06 -0.0111123 0.0217582 -0.0167335 -0.0106232 0.000179812 4.21007e-05 -0.000703128 -0.000614517 4.55298e-06 0.00250339 -0.0147763 7.65001e-05 0.00569159 0.000236678 0.0739277 0.0096363 0.00450899 0.000628727 0.0041683 0.0448532 0.000503677 0.000111106 1.19991e-05 -0.000226244 0.00618265 0.00175514 -8.99349e-06 0.00191711 0.00575766 0.00894668 -0.0208186 0.000157777 0.0023297 -0.000139589 0.00881793 -0.0251133 0.000206398 -0.0118346 -0.00217166 -0.0219256 0.000715116 -0.000139664 -0.0124576 7.67738e-05 -0.00501384 -0.0172207 0.00497644 -0.00521668 0.00815504 -0.00699788 0.00760066 0.000110277 1.51998e-05 1.31751e-06 -0.0197763 -0.000420273 0.00814738 0.00515476 -0.00114173 6.94903e-05 -0.00777827 -0.00619293 -0.00426841 -0.00451036 0.00244999 0.000579127 0.0118301 -0.00346567 0.0013701 0.000290601 0.00612644 0.0220494 0.000182708 0.000879001 -7.11405e-07 -0.000243295 6.54732e-05 0.000202059 -1.74958e-05 0.000198884 1.14487e-05 2.4185e-05 -0.0288053 0.000512194 1.32626e-05 5.45219e-06 
0.00217617 0.0377592 0.0396574 0.000100415 6.97915e-05 -0.0212178 -0.000294075 0.00218598 -0.038661 -0.000212335 -7.19702e-05 -0.000309919 -3.36573e-05 -3.54597e-05 -0.0176946 -0.000597232 -0.00652949 0.0409708 -0.000367845 -4.85505e-06 -0.0396343 -0.00408785 -2.05082e-05 -0.00372192 0.0182688 3.40884e-06 0.00090275 6.05253e-05 0.0096363 0.112449 0.00790164 0.000167632 0.00266121 0.0115117 3.18146e-05 3.40433e-05 -0.00130992 0.000835618 0.000931364 0.000215496 -3.50399e-05 -0.000946549 0.012989 -0.00971735 -0.00602645 -7.73498e-05 -0.00442389 0.0011766 0.0126743 -0.0174014 0.000303417 -0.0123787 0.00297005 -0.0246033 -0.000686537 -0.00126109 -0.00339464 3.89937e-07 0.00326489 0.0111426 0.000852065 -0.0421732 0.023072 -0.00235081 0.00133323 4.2325e-05 1.03436e-05 -3.18997e-05 0.00110208 -0.0015968 0.00420113 -0.000486478 -0.00142483 6.28289e-05 -0.0497861 -0.0548121 -0.0190425 0.0168637 0.000389275 -3.44117e-05 -0.00569047 7.93964e-05 -0.000634581 -0.000197913 0.00246735 -0.0120201 -0.00019804 0.0188511 -2.59734e-06 0.00111789 6.42279e-05 0.00014788 -0.000233544 0.000131682 -0.000126501 5.01975e-05 0.00242161 0.000357582 5.5155e-06 -7.59135e-05 
-0.00442879 -0.0802727 -0.100087 0.000235122 0.00157206 -0.0998922 -6.7395e-05 -0.0267091 0.0902746 0.00238727 0.000262829 -0.000206684 -3.02828e-06 -2.92831e-05 0.0882819 0.00680907 0.0531531 -0.084962 -0.000312348 -2.42613e-05 -0.0117653 -0.00101729 -2.58826e-05 0.020325 0.103049 8.09936e-06 -0.00114852 -0.000305463 0.00450899 0.00790164 0.178425 0.000592886 -0.00392186 0.00957623 -0.000165547 0.000155133 -0.00133713 -0.0019081 -0.00128393 -0.000324056 -1.74222e-05 0.001815 -0.00501949 -0.0400762 -0.0263548 -2.83104e-05 -0.000939244 -0.0028535 -0.0215493 -0.0851138 -0.000829378 0.0275765 -0.00833628 -0.0920034 0.000342211 0.00017013 -0.0155237 0.000135519 0.0249321 0.0969817 -0.001334 -8.882e-05 0.117854 -0.0103869 0.00351733 2.27158e-05 -7.75813e-05 -1.39685e-05 0.0745245 0.00116102 -0.0175327 -0.00155256 0.0121633 7.86492e-06 0.00270938 -0.00689596 -0.0998906 0.0514444 -0.000992162 0.000742878 -0.0727521 -0.00621945 0.000348094 0.000159883 -0.00399284 -0.0198818 2.62612e-06 0.0725836 -2.07895e-06 -0.00236694 -2.18564e-05 -8.16971e-05 -7.84181e-05 -0.000238076 -6.10764e-05 -0.000137196 -0.0946257 0.00140423 -1.00502e-05 -3.96039e-05 
0.00109045 -0.000294356 -0.000430523 -2.87334e-07 0.000113232 -0.00132631 -9.32102e-07 -0.00105123 -0.000858632 0.000262634 2.79127e-06 1.45085e-05 5.90058e-07 4.18698e-05 -0.000409754 0.00125584 -0.000497632 0.000412198 -4.35642e-06 2.35608e-05 -0.000438142 -3.35972e-05 1.55892e-07 2.64702e-05 0.000503564 4.17207e-06 0.000911131 7.09671e-05 0.000628727 0.000167632 0.000592886 0.00370053 0.000889179 1.33477e-05 1.88396e-06 1.96902e-05 3.29605e-05 -3.46583e-05 0.000659648 0.000107935 5.01744e-06 -2.75774e-05 0.00079779 -0.00106357 -0.00139934 -1.80764e-06 0.000184606 0.00024548 0.000267235 -0.00166857 1.75935e-05 -0.00130528 0.000194929 -0.0014212 -3.89843e-06 9.97556e-06 -0.00134501 1.92033e-06 0.0001349 -0.000156683 0.000784124 -0.000138436 0.000823573 0.000498259 0.000376613 2.05516e-06 -1.24931e-06 9.94508e-07 -0.000795431 -6.07063e-05 -0.000381347 0.000323049 -2.31268e-05 -2.15996e-06 -0.000398265 -0.000292044 -0.00124109 0.000914513 0.00023636 2.64815e-06 -0.00111629 -0.000137832 -3.09674e-05 2.18975e-05 0.0010772 0.000318875 6.68583e-05 0.000501531 -6.62387e-08 2.98044e-05 1.85869e-05 0.000165535 2.69375e-06 6.54924e-06 5.14639e-06 1.54003e-05 -0.00149449 0.000270991 4.61705e-06 1.09782e-05 
0.00106494 0.00712872 0.00774669 -1.70678e-05 -8.68886e-05 0.00316818 -4.64324e-06 0.00271459 -0.00859361 -0.000141433 -7.87995e-06 2.4657e-05 -2.98603e-07 0.00015579 -0.00717964 -0.000706623 -0.0046141 0.00851245 3.83798e-05 4.01843e-07 -0.000689545 -1.80736e-05 -1.6311e-06 -0.000832979 -0.00565653 6.3995e-06 0.00012702 0.000290197 0.0041683 0.00266121 -0.00392186 0.000889179 0.0207562 0.0012358 0.00014084 -1.18703e-05 0.000308918 0.000149813 -5.41325e-06 7.1055e-05 -6.71821e-08 -0.000133078 0.00719345 0.00380789 0.0013598 3.57589e-07 0.000956171 -0.000220057 0.000136744 -0.00427455 0.000373478 -0.0155129 0.00650399 0.000756329 -1.55177e-05 -4.81297e-05 -0.000482149 -2.20362e-06 -0.00142944 -0.00569511 3.4629e-05 -0.00185627 -0.00396946 -0.00159854 0.000611571 -9.63218e-06 -1.97764e-05 -1.08068e-06 -0.00584651 -0.000198326 0.00102792 -0.000241618 -0.000672079 -6.23671e-06 -0.00225708 -0.00172656 0.00517026 -0.00448002 4.54989e-05 -2.34817e-05 0.00410396 -0.00085262 -0.000163088 2.57573e-05 0.00193604 -0.00154673 -1.39409e-05 -0.00502465 -3.78171e-07 -0.000192164 0.000293064 -3.33352e-06 -1.59444e-08 4.13361e-05 1.59117e-06 -1.04773e-05 -0.00452187 -0.000224583 2.85549e-06 2.13776e-05 
