0.00102945 -6.12426e-06 1.51858e-07 -0.000497919 5.7514e-06 1.67057e-06 -2.99314e-05 -0.00072479 -1.7474e-06 0.000680078 -2.27967e-07 -1.4296e-05 1.65023e-05 -9.01359e-05 -6.11323e-06 -9.89883e-06 -0.000109542 0.000124617 -7.24366e-06 0.000165169 -3.1365e-05 -4.11585e-06 -0.000422628 -4.18455e-05 4.75275e-06 0.00038261 0.000874556 -0.000163986 6.60374e-07 -3.44554e-05 6.74147e-06 0.000647408 -5.2039e-06 -1.05635e-06 -7.78339e-06 -2.77995e-06 -4.18772e-06 1.26758e-05 0.000264268 -5.81089e-05 0.000861465 0.000309473 1.07231e-05 -0.000224791 -0.000699089 0.000147126 -9.91422e-05 -1.76296e-06 -0.000273384 -2.59415e-05 -9.62308e-05 -0.000745648 -1.41123e-06 1.86826e-05 -7.10876e-05 2.19398e-05 -0.000414814 0.000841919 1.54547e-06 -1.55267e-08 -0.000873488 1.89284e-07 -8.65726e-05 -0.000330797 -4.97445e-06 -5.67676e-05 0.000111248 -0.000737569 -1.93812e-05 -1.69095e-05 -1.91138e-05 -6.67963e-05 1.19203e-05 0.000847162 0.000286347 1.07035e-06 -2.68679e-05 0.000543086 0.000430798 0.000298075 -9.00705e-05 -3.76393e-05 0.000612174 -0.000367151 1.54914e-05 -0.000466903 3.67907e-05 0.000304757 -8.85061e-06 -3.10516e-05 -4.70062e-05 7.8309e-05 1.55977e-05 -0.000507351 -0.00058432 -0.000517397 7.72691e-05 -1.36473e-05 -0.000244829 -1.59641e-05 
-6.12426e-06 0.01149 1.26955e-05 -0.00483939 4.9296e-05 -2.12147e-06 0.000676145 -0.000108048 -3.53455e-06 -0.00156832 2.22135e-05 0.000518402 0.000979049 -0.00129579 1.47547e-05 0.000602463 -0.000659001 -3.73401e-05 0.00156444 0.000106327 -0.000708975 0.000272305 0.000346594 -0.000262529 2.94455e-07 -0.00135492 -3.71132e-06 0.00352258 2.12e-05 -0.00124641 3.52212e-05 0.000124674 -6.64293e-05 0.000226302 -7.15129e-05 0.000745339 0.000151689 -1.06772e-05 -0.00682681 0.00101201 -7.71995e-05 -0.000735408 1.37767e-05 0.0049224 -0.00607605 0.00321565 -0.00119199 0.000135126 0.00490664 4.19132e-05 -0.000752079 -5.45353e-05 0.000465505 -0.000161078 -0.00050026 0.00056901 -0.00473222 0.000274263 0.000359097 0.000701106 -0.0027284 6.63192e-06 -0.00124528 0.00478263 -2.25441e-05 -0.000827718 7.45071e-05 0.000319429 0.000704987 -0.000217806 0.000268704 0.000518698 0.000100625 -7.49985e-05 -0.00520913 -1.63824e-06 0.00150026 -0.000512262 -0.0039689 0.000631715 -0.000793926 -0.000309165 -3.74438e-05 -0.00318773 0.000103833 -0.000358562 0.000771527 0.00217948 0.000280064 0.00094789 0.00133395 2.95394e-06 2.50297e-05 0.0018272 -0.00347767 -0.00485649 0.000757611 0.000260066 0.00502133 0.000664552 
1.51858e-07 1.26955e-05 0.000143735 -1.7331e-05 3.04871e-07 1.32855e-09 2.25419e-05 -9.47167e-05 -2.43762e-07 -2.79627e-05 5.57208e-06 9.4706e-06 3.18883e-05 5.34937e-05 2.07333e-06 1.19072e-05 5.87772e-05 9.06435e-07 -8.5345e-07 -3.10546e-07 -2.31301e-06 3.96216e-07 -4.82551e-05 4.67461e-06 -2.05411e-08 -1.55529e-05 9.74352e-07 3.79852e-05 -8.14775e-08 4.51507e-05 3.44077e-06 5.41107e-06 3.82016e-06 6.64556e-09 9.20944e-07 2.70973e-05 1.91327e-05 9.12182e-07 -6.9405e-05 1.47864e-05 4.49597e-06 4.96842e-05 7.84653e-07 2.17669e-05 -0.000100461 3.39787e-06 6.12987e-05 6.23474e-06 -1.66785e-05 -8.38666e-05 7.71943e-05 -9.4129e-05 4.73368e-06 6.96661e-06 4.87536e-05 6.69554e-06 -4.77495e-05 3.06301e-05 -4.64854e-07 1.47366e-05 -0.00011089 -1.38948e-08 4.32038e-05 6.32436e-05 -5.52065e-07 4.45683e-05 1.69218e-06 -7.99488e-05 6.67293e-05 -3.45906e-06 3.24978e-05 -1.31121e-05 -6.53736e-08 1.27585e-06 -1.95061e-05 -3.35861e-08 3.26649e-05 1.10654e-06 -5.71937e-05 1.51097e-05 -9.48153e-06 -4.06471e-06 -1.42388e-06 -5.1373e-05 -4.15038e-08 -4.92257e-05 1.28983e-05 -1.46395e-05 2.60378e-05 4.15642e-05 -2.95427e-06 -1.22181e-06 5.50364e-07 -5.84594e-05 -9.60819e-05 -7.54125e-05 1.05997e-05 2.03388e-06 1.84428e-05 -2.71111e-07 
-0.000497919 -0.00483939 -1.7331e-05 0.248543 -0.00023285 4.99752e-05 -0.0118819 0.0613529 -0.000627372 0.0112204 -0.000209567 -0.00707554 -0.00445209 -0.0569765 -0.00308162 -0.00522563 -0.0565762 -0.00185277 -0.00170198 -0.00157832 -0.0133527 -0.00119384 0.0279946 -0.0195835 2.10021e-05 -0.0103888 -0.00183131 -0.0964802 -0.000194865 -0.0241214 -0.00134821 -0.00497441 0.000487351 -0.000441873 0.00231562 -0.00254993 -0.00250028 -0.000393597 0.0856837 -0.0258438 -0.00196546 -0.019977 -0.00055189 -0.0664054 0.0942884 -0.011843 -0.055401 -0.00122527 -0.100442 0.0554593 -0.0474888 0.062198 -0.00118289 0.00468903 -0.0460503 -0.00402349 0.056086 -0.00479542 -0.00143434 -0.0103874 0.0301925 -4.09945e-05 -0.0502352 -0.135902 -0.000306378 -0.0415403 -0.00201055 0.0266606 -0.00768916 -0.00225595 -0.00936499 0.00906579 -0.000194212 -0.00178278 0.106071 -9.95557e-05 -0.0141996 -0.0248779 0.0769238 -0.0088518 -0.0644985 -0.00890944 0.00103855 0.0821266 -0.000152897 -0.00471837 -0.00033026 -0.0136075 -0.00244765 -0.0103143 -0.00307763 -0.00176197 -0.000392711 -0.000466994 0.10693 0.117465 0.00254766 0.0057697 -0.121806 -0.00814557 
5.7514e-06 4.9296e-05 3.04871e-07 -0.00023285 0.000661307 -1.47326e-07 -1.82945e-05 8.24696e-05 7.22346e-07 -1.17214e-06 8.51379e-07 -2.37751e-06 1.61947e-05 -6.94681e-05 4.73542e-05 -6.40241e-06 -7.83802e-05 2.26978e-06 7.27564e-05 8.71311e-06 -3.71532e-05 -1.30709e-06 -1.53643e-05 -2.17754e-05 -9.45559e-08 -6.04945e-05 2.16823e-06 0.000163235 -3.75062e-07 -5.79882e-05 1.14263e-05 -1.97091e-05 -4.86504e-07 -2.96583e-07 -4.38058e-06 -2.75028e-06 9.27872e-06 3.56876e-06 -0.000135039 7.99706e-05 5.64834e-06 -4.14675e-05 3.63781e-06 0.000162091 -0.000230685 0.000170221 -7.32622e-05 4.78117e-05 0.000197921 6.64969e-05 -6.91701e-05 7.338e-05 1.84248e-06 -7.7786e-06 -2.74158e-05 -5.94251e-06 -3.66443e-05 7.10314e-06 -2.11762e-06 -1.31769e-05 -1.47312e-05 -6.39613e-08 -6.40559e-05 9.73212e-05 2.52482e-06 -4.87604e-05 9.25971e-06 2.01585e-05 -1.2678e-05 -7.04345e-06 -5.48633e-06 -4.52132e-05 3.99068e-07 6.10587e-06 -0.000310465 -1.54606e-07 -1.1014e-05 -1.97395e-05 -3.25067e-05 3.46709e-06 -5.12895e-05 4.06433e-05 -1.47551e-06 -7.79669e-05 1.38672e-06 -2.15422e-05 2.2907e-05 2.88721e-05 -7.08903e-06 -1.56056e-05 -1.28649e-05 2.75496e-05 1.89126e-06 8.25977e-05 -0.000184324 -0.000274757 -5.39444e-06 2.81538e-05 0.000145293 2.58672e-05 
1.67057e-06 -2.12147e-06 1.32855e-09 4.99752e-05 -1.47326e-07 0.000222584 -3.29936e-07 2.5978e-06 3.35992e-08 1.35709e-05 -3.93036e-08 5.12266e-06 6.7713e-07 -2.38396e-05 4.19348e-07 2.40863e-06 -2.86795e-05 2.11801e-06 4.32994e-05 2.10476e-05 -2.82968e-06 5.77011e-07 4.8374e-06 -7.60543e-06 3.57077e-07 9.68511e-06 1.19494e-05 -4.57835e-05 -1.26184e-07 -1.64839e-05 2.9204e-07 6.84005e-06 1.75882e-06 -2.08394e-07 8.38902e-07 3.47337e-06 4.45894e-06 6.4246e-07 1.03687e-05 -3.08201e-07 2.08977e-05 6.83326e-06 8.80851e-07 -3.59203e-05 6.93568e-06 -4.5664e-06 -2.50049e-05 -2.26239e-09 -4.00408e-05 -8.99158e-05 -1.95085e-05 1.63972e-06 6.74964e-07 -2.45776e-06 -2.26978e-05 1.30333e-07 3.65658e-05 1.24746e-05 -7.19917e-07 5.71773e-06 -6.92557e-05 -2.15187e-08 -2.84943e-05 -7.02629e-05 1.64683e-07 -2.13758e-05 2.55149e-06 -6.3206e-06 -3.35708e-06 -4.75851e-06 4.4774e-08 -4.69197e-06 -1.01244e-07 1.41071e-05 2.9547e-05 1.29243e-06 -3.57777e-06 -1.0454e-05 -1.52844e-05 -1.21396e-06 -2.36226e-05 4.56793e-07 5.62135e-05 -5.57641e-05 1.35011e-08 9.64688e-06 6.01228e-07 3.14695e-05 2.47372e-05 1.36187e-06 -9.96444e-06 3.88792e-06 7.91564e-07 -2.465e-05 2.42248e-05 4.15456e-05 4.53029e-06 -2.68439e-07 -3.79369e-05 -8.30927e-07 
-2.99314e-05 0.000676145 2.25419e-05 -0.0118819 -1.82945e-05 -3.29936e-07 0.0290336 -0.024709 0.000424228 -0.0063178 -1.17856e-05 -5.47073e-05 0.00215219 0.0202048 0.000316467 0.00906362 0.0233554 -0.000115262 0.000217947 -5.91856e-05 0.00170835 0.00240345 -0.0129868 0.00326774 -1.58768e-06 -0.00308991 -0.000305119 0.0138862 -5.96329e-06 0.00421848 -2.91745e-05 -0.000973021 -5.00575e-06 0.000200309 1.27738e-05 0.000640145 2.39458e-05 -2.91697e-05 -0.0174059 -0.00155964 -0.000203281 -0.00036337 0.000392368 -0.00534893 -0.0221128 -0.000240778 0.0202031 0.00016714 0.00420219 -0.0240735 0.023839 -0.0246895 0.000146058 -0.000458179 0.00575642 0.00372956 -0.0131879 0.00201476 0.000106097 0.0149859 -0.00445547 4.51607e-07 0.00971037 0.0164011 0.000303563 0.00567505 -0.000127953 -0.0196226 0.00146633 -0.000216059 0.0112741 -0.00290596 4.35117e-05 -0.000191062 -0.0132849 2.95408e-05 0.00941484 -0.000400016 -0.0150484 0.00157382 0.0223552 -0.00102498 -0.000749786 -0.0119968 0.000146992 -0.0158339 0.000231745 -0.00308218 0.00489306 0.0196691 0.00198106 0.00242252 3.62851e-06 -0.0138862 -0.0175477 -0.0151855 0.000872818 -0.000218545 0.0105425 -0.000336347 
-0.00072479 -0.000108048 -9.47167e-05 0.0613529 8.24696e-05 2.5978e-06 -0.024709 0.141051 -0.00140405 0.031508 -0.000196498 -0.000348638 -0.00667664 -0.115563 -0.00116118 -0.00804706 -0.121816 -0.0035818 0.00513903 -0.00119211 -0.041873 -0.00422366 0.072332 -0.0336829 -8.58617e-06 0.0101842 -0.00233049 -0.102566 -0.000290912 -0.0820235 -0.00202128 -0.00446187 -0.00620845 -0.000250048 -0.00153808 -0.00336486 0.000156474 -0.000586368 0.0827933 0.00781551 -0.00626783 -0.0536851 -0.000605487 0.00854984 0.11732 0.000746991 -0.114803 -0.000616648 -0.00440042 0.130771 -0.108284 0.138136 -0.00203889 0.00152301 -0.0967979 -0.00746725 0.074077 -0.0075743 -0.00213997 -0.0168345 0.038986 -3.49646e-05 -0.107745 -0.085698 -0.000494171 -0.0889395 -0.00265931 0.0869195 -0.0182941 0.00357983 -0.0142631 0.00490098 -0.000312681 -0.00242292 0.0433831 -0.000179833 -0.0195787 -0.0396481 0.0778382 -0.0122912 -0.0998096 0.00515605 0.000688668 0.0590464 -0.000179563 0.0856777 -0.000709661 0.0141584 -0.00407976 -0.0228382 -0.0175554 -0.0029112 -0.000402635 0.0808342 0.103521 0.0767926 -0.00118498 0.00251319 -0.032695 -4.00334e-05 
-1.7474e-06 -3.53455e-06 -2.43762e-07 -0.000627372 7.22346e-07 3.35992e-08 0.000424228 -0.00140405 0.00169279 -0.000348715 7.77514e-07 8.00007e-06 2.52175e-05 0.00138277 -9.82596e-06 0.000139043 0.00138955 -2.75013e-06 -5.33155e-05 -3.30498e-06 4.8271e-05 7.93773e-05 -0.00073591 0.000837449 3.54859e-08 -0.000195531 -1.38003e-05 0.00122583 6.72267e-07 0.000860366 -2.33047e-06 -5.47701e-05 -1.17726e-05 6.19909e-06 -1.22012e-05 2.75645e-05 -9.7063e-06 -2.21541e-06 -0.00100531 -9.16661e-05 -1.25617e-05 -2.1771e-05 1.05796e-05 9.7038e-06 -0.00131422 -2.24489e-05 0.001141 8.38496e-07 -0.000231589 -0.00136771 0.00114122 -0.00140129 3.4866e-05 -2.10707e-05 0.000848379 0.000242311 -0.000750191 -4.86507e-06 3.44502e-05 0.000283127 8.24688e-06 1.13882e-07 0.00122154 0.000959303 3.27778e-05 0.000903079 -5.20717e-06 -0.00106392 -2.15355e-05 -1.17163e-05 9.06535e-05 6.46652e-05 -7.71114e-07 -1.10318e-05 -0.000964817 1.57038e-05 2.18718e-05 8.6991e-05 -0.000855515 5.22941e-06 0.00119547 -5.9146e-05 -4.40136e-05 -0.000612215 1.59933e-06 -0.000863131 -1.38555e-06 -0.000169305 7.66349e-05 0.000160384 0.000254231 3.48505e-05 -6.69574e-07 -0.000822611 -0.00114457 -0.000901369 2.71444e-05 2.24763e-05 0.000212287 1.00779e-07 
0.000680078 -0.00156832 -2.79627e-05 0.0112204 -1.17214e-06 1.35709e-05 -0.0063178 0.031508 -0.000348715 0.172088 -9.22755e-05 -0.00313208 -0.00207472 -0.0302049 -0.00134429 -0.00207376 -0.0325746 0.000143583 -0.000548632 9.6428e-05 -0.0121615 0.000152477 0.0157959 -0.0091509 -6.94909e-06 -0.00705252 0.00637088 -0.0358653 -2.62996e-06 -0.0230529 -0.000218984 -0.00100384 -0.00162151 0.000100453 0.000322438 -0.00101266 -0.000974468 -1.17499e-05 0.0437645 -0.0121037 0.00248834 -0.0114324 -8.6694e-05 -0.0395073 0.0328629 -0.00421718 -0.0301148 -0.000384649 -0.0391826 0.0344574 -0.0286847 0.0313886 -0.00025156 -0.00270651 -0.0261757 -0.0017701 0.0305628 0.00155124 -0.000655089 -0.00389347 0.00878478 -9.77076e-06 -0.0284468 -0.0724563 -0.000801424 -0.0246121 -0.00057182 0.00516791 -0.00488563 0.00344922 -0.00431817 0.00489588 -2.61874e-05 0.00346364 0.0543972 -3.07476e-05 -0.00471742 -0.00974059 0.056282 -0.00246965 -0.0256928 0.0122794 0.0042709 0.00794876 -8.34607e-06 -0.0152606 0.00216392 0.00751196 -0.00182018 -0.00604893 -0.0106341 -0.00208889 7.39915e-05 -0.0130517 0.0521429 0.0109434 0.00506798 -0.00194221 -0.0474395 -0.00372632 
-2.27967e-07 2.22135e-05 5.57208e-06 -0.000209567 8.51379e-07 -3.93036e-08 -1.17856e-05 -0.000196498 7.77514e-07 -9.22755e-05 0.000425896 0.000365219 0.000283663 -5.71147e-05 1.62098e-05 2.69284e-05 -6.33496e-05 -1.85807e-06 9.24854e-05 -8.11487e-07 -2.56407e-05 -9.33483e-07 -2.82737e-05 -1.64561e-05 -6.08818e-08 -6.19729e-05 -4.45601e-06 0.00015747 -1.52603e-07 -4.52107e-05 4.03148e-07 7.83164e-05 -3.31006e-06 -4.41355e-07 -1.57519e-06 0.000285195 -2.38945e-07 -5.56675e-07 -0.000265868 0.000218633 -1.89876e-06 -2.69441e-05 1.37927e-05 0.000281522 -0.000302684 0.000272878 -5.78408e-05 5.71531e-05 -6.24462e-05 1.29406e-05 -4.48001e-05 -2.65389e-05 1.79381e-05 8.54463e-05 -4.61876e-05 6.45553e-06 -0.000149774 -3.43914e-06 1.6666e-07 -1.73429e-07 -0.00031282 -4.11828e-08 -5.64677e-05 0.000207446 -2.0747e-06 -4.69362e-05 2.33012e-07 -0.000232704 6.22594e-05 -1.00471e-05 -1.80232e-06 -3.7158e-05 2.63957e-06 -2.77202e-06 -0.000232343 4.67121e-07 0.000145866 -2.01938e-05 -0.000194845 -9.11761e-06 -6.01949e-05 -1.70717e-05 -6.64633e-06 -0.000156739 1.32542e-07 0.000167683 5.87366e-07 -2.21149e-05 -4.56442e-06 -1.19501e-05 2.74935e-05 1.25308e-06 8.90245e-08 -0.000183461 -0.00027554 -0.000220049 -7.32638e-06 4.18649e-05 0.000250544 0.000299697 
-1.4296e-05 0.000518402 9.4706e-06 -0.00707554 -2.37751e-06 5.12266e-06 -5.47073e-05 -0.000348638 8.00007e-06 -0.00313208 0.000365219 0.014068 0.00297527 -0.00179093 7.56191e-05 0.000406614 -0.00194927 -6.15034e-05 0.0026677 -3.77063e-05 -0.000877593 -8.6809e-05 0.00318447 -0.000483488 -1.72591e-07 -0.00209544 -0.000147678 0.00373219 -7.99996e-06 -0.00153794 -9.05028e-06 -3.05802e-05 -9.52827e-05 -1.14389e-05 -7.77761e-05 0.0031284 0.000114451 -1.57016e-05 -0.00891727 0.00942834 -0.000105869 -0.000884604 7.54839e-05 0.00969939 -0.00910601 0.00552165 -0.00196284 0.000464352 0.00459845 0.00148874 -0.0012735 0.000772872 0.000285798 0.000594459 -0.00140186 -6.40443e-05 -0.00055456 -7.36094e-05 2.12951e-05 0.000763886 -0.00846104 -1.12388e-06 -0.00184533 0.0081195 -6.87869e-05 -0.00152057 -4.22742e-05 -0.00175357 0.000166497 -0.000300101 -0.000193843 -0.00133702 2.37432e-05 -9.28498e-05 -0.00861547 2.66567e-06 0.00153614 -0.000673508 -0.00694989 -0.000302683 -0.00173506 -0.00055855 -0.000296056 -0.00573716 3.52407e-06 0.00548922 0.000244716 0.00136199 9.31353e-05 -0.000134463 0.000201296 -8.3533e-06 5.06507e-05 0.00051545 -0.00848296 -0.00727101 -0.000235325 0.000230456 0.0102948 0.00759773 
1.65023e-05 0.000979049 3.18883e-05 -0.00445209 1.61947e-05 6.7713e-07 0.00215219 -0.00667664 2.52175e-05 -0.00207472 0.000283663 0.00297527 0.0101781 0.000906713 0.00058683 0.00106935 0.0008322 0.00138194 0.000921424 -5.09475e-05 0.000665027 5.33115e-05 -0.0025321 -8.74653e-05 7.16388e-06 0.000259168 2.42267e-05 0.00267544 4.5491e-06 -0.000947478 0.000212528 0.00150607 0.00101355 1.0214e-05 7.50286e-05 0.00428369 0.000779522 9.68621e-06 -0.00348337 0.00159592 0.000393508 1.44002e-05 0.000258186 0.0031676 -0.00532341 0.0024179 0.00110783 9.54008e-05 0.000106994 -0.00469531 0.00256523 -0.00558071 0.000680271 0.000112041 -0.00062047 0.000366433 -0.00363203 0.00299993 0.000195668 0.00177573 -0.00448462 -2.60662e-07 -0.00014548 0.00332254 -3.71495e-05 -0.000517155 0.00149909 -0.00681998 0.0021281 -8.27521e-05 0.00176608 0.00117514 0.000347268 0.000114672 -0.00559134 1.92862e-05 0.00456859 -0.000329506 -0.00363353 0.000742402 0.00102561 -8.97729e-05 1.62515e-05 -0.00200829 2.98531e-05 -0.00185111 0.00112057 -0.000894788 0.000206188 0.00244563 0.000824587 0.000561959 4.68852e-05 -0.00353905 -0.00640528 -0.00389245 -0.000156103 0.000105911 0.00386402 0.00291529 
-9.01359e-05 -0.00129579 5.34937e-05 -0.0569765 -6.94681e-05 -2.38396e-05 0.0202048 -0.115563 0.00138277 -0.0302049 -5.71147e-05 -0.00179093 0.000906713 0.120414 -0.000241384 0.00706589 0.117275 -0.000591672 -0.00555722 0.000976709 0.0275335 0.000669061 -0.0600054 0.0348277 -2.00072e-05 -0.019422 -0.00117666 0.0996482 -4.33598e-05 0.0746437 0.00168088 -0.00454045 -0.00103373 -0.000131562 -0.000823777 -0.000361092 -0.000794129 -0.000121092 -0.079242 -0.00783022 -0.000868818 0.0428918 0.00042474 -0.00678064 -0.108608 -0.00272534 0.113792 0.000563917 0.0093925 -0.112173 0.100788 -0.115615 0.000929801 -0.00207707 0.0984865 0.00679501 -0.0613985 0.000373203 0.00175033 0.0132327 -0.029902 3.30552e-05 0.105666 0.0833928 0.000450504 0.0903931 -0.000141902 -0.0672664 0.0167928 -0.00305016 0.00879728 -0.00772558 -6.25968e-05 -0.000886007 -0.0442858 0.000128498 0.0158852 0.0398558 -0.0717352 0.00687061 0.0945165 -0.0056559 -0.00353424 -0.0549228 5.61638e-05 -0.0733479 -0.00120923 -0.0142204 0.00346002 0.013223 0.0137836 0.002053 0.000190687 -0.0694434 -0.0982426 -0.0748883 -0.0015823 -0.00230512 0.0323337 -0.00192339 
-6.11323e-06 1.47547e-05 2.07333e-06 -0.00308162 4.73542e-05 4.19348e-07 0.000316467 -0.00116118 -9.82596e-06 -0.00134429 1.62098e-05 7.56191e-05 0.00058683 -0.000241384 0.00655715 0.000213863 0.000356523 0.000373182 0.000505333 -8.57929e-06 0.00167636 7.98479e-05 -0.00260319 -0.000197065 -5.20948e-07 0.00209236 -3.59762e-05 0.000406146 9.25886e-06 -0.000127058 3.09527e-05 0.000210164 0.000360677 3.21848e-05 0.000111245 0.000290389 7.3274e-06 -1.95725e-06 -0.00176447 -0.000323575 0.000108089 -0.000216479 2.95389e-07 -0.00110882 0.000146039 9.30352e-05 -0.000227816 -7.98823e-06 -0.00135014 -0.00296604 0.000449336 -0.00167475 0.000151439 -2.95101e-06 -0.000400999 -2.2808e-05 -0.0026656 0.000311454 -1.95777e-05 0.000362927 -0.000526423 1.39781e-07 0.000646868 -0.00023884 6.07541e-05 -0.000404787 0.000453061 -0.000835743 -1.14618e-05 -0.000143815 0.000417506 0.000412351 7.27606e-06 7.0823e-05 -0.000288396 -1.23104e-06 0.000237372 0.000502544 0.000816994 -4.6598e-05 0.00144685 0.00107252 0.000343785 0.00176477 -1.19459e-06 -0.00216507 2.47716e-05 7.37007e-05 0.000215044 0.00101253 -5.33874e-05 0.00010091 -3.76148e-06 -0.0001678 0.000346044 0.000710911 -8.71996e-05 1.57824e-05 -0.00018236 -1.97671e-05 
-9.89883e-06 0.000602463 1.19072e-05 -0.00522563 -6.40241e-06 2.40863e-06 0.00906362 -0.00804706 0.000139043 -0.00207376 2.69284e-05 0.000406614 0.00106935 0.00706589 0.000213863 0.00974607 0.00774243 -3.24127e-05 0.00103083 3.28424e-05 -0.000347548 0.00178795 -0.00414608 0.000413108 2.11577e-06 -0.000227251 -0.000101706 0.00132542 -4.93432e-06 -0.000919366 1.20434e-05 -0.000320932 5.14977e-05 0.000116426 -4.04713e-05 0.000660646 -1.23172e-06 -5.11549e-06 -0.00615506 -0.000171988 -1.81598e-05 -0.00053907 0.000211487 -0.00195107 -0.00762398 0.000396128 0.0049966 0.000196915 0.00133636 -0.00762294 0.00694805 -0.00784074 -1.55362e-05 -0.000139744 -1.70132e-05 0.00334466 -0.00429811 0.00132603 7.82825e-05 0.00770366 -0.00505965 -6.51376e-07 -0.000635377 0.00452358 5.62662e-05 -8.61216e-05 -3.59666e-05 -0.00783375 -2.31426e-05 8.91341e-05 0.00405175 -0.000936035 5.56461e-05 -6.01262e-05 -0.0043998 8.83369e-06 0.00336589 -0.000467387 -0.00480486 0.00112654 0.0067146 -0.000283207 -0.000198434 -0.00395672 0.000140492 -0.00500321 -3.49149e-05 -0.00105628 0.0042403 0.00881658 -9.08293e-05 0.00105813 1.25315e-05 -0.00387272 -0.00681163 -0.00521682 0.00115434 0.000340201 0.00478138 0.000172996 
-0.000109542 -0.000659001 5.87772e-05 -0.0565762 -7.83802e-05 -2.86795e-05 0.0233554 -0.121816 0.00138955 -0.0325746 -6.33496e-05 -0.00194927 0.0008322 0.117275 0.000356523 0.00774243 0.131437 -0.000525388 -0.00580726 0.000953518 0.032031 0.00219017 -0.0663549 0.034083 -2.00324e-05 -0.0189882 -0.00134616 0.10142 -2.58301e-05 0.0781794 0.00166641 -0.0049283 -0.000562155 5.4471e-05 -0.000522338 -0.000344196 -0.000877336 -0.00013674 -0.0818819 -0.00869233 -0.000965109 0.0444916 0.000416464 -0.00990889 -0.110254 -0.00294633 0.115438 0.000553927 0.0060354 -0.118839 0.106087 -0.121822 0.000926593 -0.00207409 0.0983432 0.00726798 -0.0679269 0.000462698 0.00181672 0.0152431 -0.0298757 3.41537e-05 0.10792 0.0849513 0.000501646 0.0902881 -0.000149747 -0.0711199 0.0165178 -0.00330683 0.0119843 -0.00789977 -6.22694e-05 -0.000938082 -0.0408686 0.000126175 0.0156603 0.0396298 -0.0731358 0.00824377 0.0985504 -0.00514235 -0.00384689 -0.0543792 0.000166412 -0.0813831 -0.00143872 -0.0148328 0.00398036 0.0193758 0.0165353 0.00197756 0.000185471 -0.0732306 -0.0968079 -0.0740982 -0.0012511 -0.00212369 0.0308341 -0.00207411 
0.000124617 -3.73401e-05 9.06435e-07 -0.00185277 2.26978e-06 2.11801e-06 -0.000115262 -0.0035818 -2.75013e-06 0.000143583 -1.85807e-06 -6.15034e-05 0.00138194 -0.000591672 0.000373182 -3.24127e-05 -0.000525388 0.00434185 -0.000147709 8.31377e-05 0.00322779 0.000481287 -0.00189178 -0.00018442 2.56577e-06 0.003552 0.000485671 -0.000914142 0.000105995 -1.37504e-05 4.17137e-05 0.00327343 0.00234967 7.30499e-06 9.13702e-05 1.7109e-05 -2.19624e-05 9.31691e-05 0.0014084 -0.000245178 0.00185217 0.00265531 1.10342e-05 -0.000976166 -0.000542888 -6.0953e-05 -0.000601439 -1.31028e-05 -0.00129387 -0.00318716 -0.000566476 -0.00354713 2.13949e-05 6.04679e-05 -0.000478499 1.74548e-05 -0.0019031 0.00309147 2.97652e-05 -4.43744e-05 -0.00214408 -4.21502e-07 -0.000539519 -0.00167592 -2.08252e-05 -0.000487148 0.00232746 -0.00356282 -9.52441e-05 -0.000107125 -5.64694e-05 0.00195577 9.3502e-06 0.000440129 -0.000412745 2.37145e-05 -0.000103269 -0.000100101 0.000520078 0.00280519 -0.00047591 0.000352352 0.000405016 0.000956684 1.52187e-05 -0.00213631 -3.5758e-06 -0.000177515 -2.76497e-05 -0.000110769 -0.000208924 0.000143672 4.7046e-05 -0.0016617 -0.00197769 0.000788437 0.000597383 -8.02147e-05 -0.00104128 -7.35618e-05 
-7.24366e-06 0.00156444 -8.5345e-07 -0.00170198 7.27564e-05 4.32994e-05 0.000217947 0.00513903 -5.33155e-05 -0.000548632 9.24854e-05 0.0026677 0.000921424 -0.00555722 0.000505333 0.00103083 -0.00580726 -0.000147709 0.0451217 6.63888e-05 -0.00193146 0.00103825 -0.000741077 -0.0017017 6.61654e-05 0.003059 0.00058269 -3.93864e-05 -2.08344e-05 -0.00431811 0.000160768 -0.000981343 -0.00017248 -1.37635e-05 -2.93313e-05 0.0011555 0.00046474 -5.2172e-05 -0.020784 0.000183129 8.68696e-05 -0.00268417 -1.29655e-05 -0.00268674 -0.00509217 0.00450745 -0.00623504 1.25633e-05 -0.00293446 0.00493267 -0.0049279 0.00552316 1.27487e-05 -0.00057529 -0.00532299 1.95291e-05 -0.0132985 0.000543522 -0.000138562 0.000310601 -0.00659249 -8.44773e-07 -0.00597647 -0.00346259 2.92783e-05 -0.00516156 -0.000117239 0.00352637 -0.000563346 -0.000394888 -0.000557842 -0.00321449 0.000292894 -0.000249153 -0.000479858 -8.73275e-06 -0.000268859 -0.00227265 -0.00162197 0.00117334 -0.00496707 -0.00159812 0.00793844 -0.00145385 0.000180347 0.00325561 0.00236161 0.0157922 0.00178853 0.000630356 0.00185286 -7.72744e-05 -3.61586e-05 -0.0100672 0.00634729 -0.0013001 0.00485674 0.00714386 0.000119103 0.00156994 
0.000165169 0.000106327 -3.10546e-07 -0.00157832 8.71311e-06 2.10476e-05 -5.91856e-05 -0.00119211 -3.30498e-06 9.6428e-05 -8.11487e-07 -3.77063e-05 -5.09475e-05 0.000976709 -8.57929e-06 3.28424e-05 0.000953518 8.31377e-05 6.63888e-05 0.00598852 -0.00034036 -1.74202e-05 -0.000567162 -0.000137436 -8.6088e-07 -0.000483721 0.00017588 0.00144752 -2.07029e-06 0.000347178 -1.28079e-05 3.56931e-05 -3.86302e-05 6.78138e-06 2.77675e-05 -5.07307e-07 -1.09538e-05 1.07295e-06 -0.00013997 -0.000194359 0.000231713 0.000365952 1.38132e-05 -0.00109426 -0.00199538 0.000123788 0.000681822 -3.14676e-06 -8.37536e-05 -0.00122219 3.81519e-05 -0.00115764 -7.77075e-06 -8.18595e-05 0.00113671 0.000178173 -0.000621421 0.000211919 -7.75991e-06 8.60434e-05 -0.00132859 5.00656e-06 0.000736825 0.00138687 -3.00444e-05 0.00101199 7.34513e-05 -0.000404421 0.00022113 -3.90015e-05 1.36885e-05 -0.000341681 8.60179e-07 0.000230436 -0.000943029 3.82573e-06 -9.64536e-05 0.00120675 -0.00118607 0.00182657 0.000518363 -0.00018627 -5.91524e-05 -0.00196426 4.1939e-06 -0.000314983 -8.83403e-06 6.7646e-06 -3.23529e-05 -1.12456e-05 0.000321919 -1.73371e-05 7.19601e-05 -0.00165309 -0.00161449 -0.00170714 0.000106073 6.15077e-05 0.00169767 -2.35011e-05 
-3.1365e-05 -0.000708975 -2.31301e-06 -0.0133527 -3.71532e-05 -2.82968e-06 0.00170835 -0.041873 4.8271e-05 -0.0121615 -2.56407e-05 -0.000877593 0.000665027 0.0275335 0.00167636 -0.000347548 0.032031 0.00322779 -0.00193146 -0.00034036 0.0579538 0.00203134 -0.0237528 0.00098416 -3.81503e-06 0.00179968 -0.000208496 0.0259744 0.000297713 0.0382581 0.00101892 0.00487175 0.00664618 -4.80618e-05 0.00221306 -0.000252413 -0.000348467 0.000532476 -0.0244804 -0.00347556 0.00353474 0.0331737 -5.52852e-05 -0.0130071 -0.026379 -0.0012875 0.0271179 -0.000154216 -0.0160555 -0.0433099 0.0253568 -0.0420264 0.000153969 -0.00040278 0.0275582 0.000143993 -0.0251606 0.00215451 0.000153149 0.00148318 -0.0144901 -4.08145e-06 0.0316596 0.0207073 -0.000251738 0.0290449 0.00207515 -0.040937 -0.000300001 -0.00115392 0.00265422 0.000413001 -8.15658e-06 0.00011108 0.00507687 1.41308e-06 -0.00130064 0.0213524 -0.0237767 0.00732587 0.0259983 -0.00192678 -0.000815314 -0.0140419 -1.47792e-06 -0.0242444 -0.00046404 -0.00523812 -0.000321868 0.00508518 0.00923946 -0.000194568 -3.21586e-05 -0.024213 -0.0240644 -0.0123627 0.00161629 -0.00100285 -0.00837411 -0.00104253 
-4.11585e-06 0.000272305 3.96216e-07 -0.00119384 -1.30709e-06 5.77011e-07 0.00240345 -0.00422366 7.93773e-05 0.000152477 -9.33483e-07 -8.6809e-05 5.33115e-05 0.000669061 7.98479e-05 0.00178795 0.00219017 0.000481287 0.00103825 -1.74202e-05 0.00203134 0.00640004 -0.00276834 -0.000274741 1.0524e-05 0.00272064 0.0003476 -0.000282359 1.67491e-05 0.00125727 7.76097e-05 0.00039092 0.00108791 0.000125328 6.13085e-05 -1.13787e-05 -2.5628e-05 1.25174e-05 -0.00134697 -0.000299104 0.000599677 0.00148758 -2.84414e-07 -0.0014121 -0.00187116 -5.07562e-05 -0.000332188 -1.50877e-05 -0.00137653 -0.00430536 0.000983197 -0.00419231 -6.45034e-06 -8.41358e-05 -0.00062677 0.00118395 -0.00261856 0.000660834 0.000105504 0.00225778 -0.0026002 -5.2261e-07 -0.000714068 -0.000451036 5.41277e-05 -0.000682683 0.000103748 -0.00456658 -7.19014e-05 -0.000155725 0.000644441 0.000481907 5.20401e-06 0.000221225 0.00127577 1.3995e-05 -8.49395e-06 -0.000305121 -0.00048994 0.00149895 0.00106413 0.000992695 0.000149236 -0.000381302 0.000133918 -0.00333686 5.49488e-05 -0.000339085 0.00136681 0.0031862 0.000157985 0.000215507 7.52406e-06 -0.000951055 -0.000667088 -0.000927683 0.0018994 0.000356336 -0.000725455 -0.000107701 
-0.000422628 0.000346594 -4.82551e-05 0.0279946 -1.53643e-05 4.8374e-06 -0.0129868 0.072332 -0.00073591 0.0157959 -2.82737e-05 0.00318447 -0.0025321 -0.0600054 -0.00260319 -0.00414608 -0.0663549 -0.00189178 -0.000741077 -0.000567162 -0.0237528 -0.00276834 0.245804 -0.0161576 1.82665e-05 -0.0557546 -0.00243164 -0.0560419 -0.000177654 -0.0467165 -0.00117618 -0.00598348 -0.00334367 -0.000232276 -0.000156858 -0.00123112 0.00213051 -0.000522406 0.00285774 0.0273961 -0.00362731 -0.0281004 -0.000163724 0.0677773 0.0568534 0.00308881 -0.0596536 -0.000227814 0.0786978 0.0664684 -0.0564996 0.0734507 -0.00110065 -0.00195487 -0.0500914 -0.00391407 0.121873 -0.00403435 -0.000945401 -0.00885211 0.0145428 -3.32671e-05 -0.0560328 0.0169855 0.000574263 -0.0451886 -0.00172366 0.0461113 -0.00965617 0.0041359 -0.00745225 -0.0372219 -0.000186644 -0.00245055 -0.0600466 -9.20723e-05 -0.0104195 -0.0210985 -0.0861449 -0.00790296 -0.0576146 -0.0108964 -0.00700119 -0.0720176 -0.000112899 0.11287 -0.00321225 -0.0201936 -0.00281825 -0.0120286 -0.0151347 -0.00197584 -0.00020054 0.057039 0.00648497 -0.0270581 0.00163598 -0.00303816 0.0349226 0.00626699 
-4.18455e-05 -0.000262529 4.67461e-06 -0.0195835 -2.17754e-05 -7.60543e-06 0.00326774 -0.0336829 0.000837449 -0.0091509 -1.64561e-05 -0.000483488 -8.74653e-05 0.0348277 -0.000197065 0.000413108 0.034083 -0.00018442 -0.0017017 -0.000137436 0.00098416 -0.000274741 -0.0161576 0.042558 -5.73123e-06 -0.00634345 -0.000395819 0.0306099 -1.74121e-05 0.0167322 0.000339888 -0.00134438 -0.000338389 -3.40836e-05 -0.000321526 -0.000204489 -0.0001185 -5.23502e-05 -0.022259 -0.00167122 -0.000383906 0.00513469 8.80544e-05 0.0051494 -0.0325322 -0.000786973 0.0349791 0.000274346 0.00666119 -0.0326573 0.0347732 -0.033656 0.000152293 -0.000668288 0.0293525 0.00146058 -0.0169575 -0.000343997 0.000364634 0.00101334 -0.00391266 1.57281e-05 0.0337045 0.0257084 -0.000197629 0.0260393 -0.00016077 -0.016779 0.00331648 -0.00109374 0.000690335 -0.0032293 -2.00113e-05 -0.000272053 -0.0264339 7.70935e-05 0.00403877 0.00314883 -0.0227724 -0.000933804 0.0331052 -0.00168681 -0.00106125 -0.0169951 -5.582e-06 -0.0203146 -0.000426518 -0.00424111 -0.000260507 -0.000324315 -0.00101394 0.000460087 0.00010141 -0.020722 -0.0309182 -0.0236041 -0.000797327 -0.000799663 0.0181035 -0.00051079 
4.75275e-06 2.94455e-07 -2.05411e-08 2.10021e-05 -9.45559e-08 3.57077e-07 -1.58768e-06 -8.58617e-06 3.54859e-08 -6.94909e-06 -6.08818e-08 -1.72591e-07 7.16388e-06 -2.00072e-05 -5.20948e-07 2.11577e-06 -2.00324e-05 2.56577e-06 6.61654e-05 -8.6088e-07 -3.81503e-06 1.0524e-05 1.82665e-05 -5.73123e-06 0.000142868 3.34191e-05 1.21167e-05 -3.10564e-05 1.19014e-07 -4.72252e-06 3.43203e-06 -2.80464e-06 -6.84177e-07 1.40877e-07 3.90536e-06 -6.65208e-07 5.98564e-08 -3.11304e-08 -1.07719e-05 -9.75772e-08 1.08038e-05 3.07377e-06 -1.47784e-07 -2.69207e-06 9.87205e-06 -2.32499e-06 -1.93924e-05 -1.84883e-07 -2.9376e-05 -3.77686e-06 -1.82248e-05 1.12048e-07 -4.08288e-07 1.02159e-07 -1.70209e-05 6.70005e-07 2.69897e-05 1.89715e-05 1.30461e-06 -1.23547e-07 -2.08301e-05 -1.3811e-08 -1.86369e-05 -4.88346e-05 -7.14398e-07 -1.57902e-05 4.71827e-06 -3.61532e-05 -3.17356e-06 -1.8929e-06 -1.06257e-06 1.38178e-05 1.6128e-06 2.75927e-06 -4.35925e-05 -3.33836e-08 -2.57873e-06 -5.11783e-06 -1.53016e-05 8.40844e-07 -1.89785e-05 1.03817e-05 2.47433e-05 -2.59014e-05 2.14302e-07 1.91224e-05 1.59708e-06 1.2965e-05 -2.75162e-07 -1.93175e-06 6.42373e-06 2.36109e-05 -8.22012e-08 9.15371e-06 -4.3637e-05 -2.6393e-05 2.26982e-07 3.65278e-05 -3.10487e-05 4.99914e-06 
0.00038261 -0.00135492 -1.55529e-05 -0.0103888 -6.04945e-05 9.68511e-06 -0.00308991 0.0101842 -0.000195531 -0.00705252 -6.19729e-05 -0.00209544 0.000259168 -0.019422 0.00209236 -0.000227251 -0.0189882 0.003552 0.003059 -0.000483721 0.00179968 0.00272064 -0.0557546 -0.00634345 3.34191e-05 0.125493 0.00197704 -0.0305111 0.000312346 -0.00964354 -0.000233407 0.0121063 0.00609296 0.00017989 0.0015402 -0.000622217 -0.00079815 0.000774143 0.0347184 -0.00823519 0.00561623 0.000596342 -8.19644e-06 -0.0326021 0.0261781 -0.00357313 -0.0201549 -0.000381826 -0.0425985 0.00502927 -0.0186943 0.01014 -0.000317159 -0.00134391 -0.0172517 -0.000579563 -0.0470055 0.0045285 -0.000354958 -0.00146323 -0.00115176 -1.35224e-05 -0.0189899 -0.055152 -0.000589543 -0.0162209 0.0022814 -0.00286484 -0.00324959 -1.5345e-05 -0.00281526 0.00716201 -3.28482e-05 0.00230309 0.0396187 2.87998e-05 -0.00365445 -0.00655801 0.0547796 0.0046636 -0.0194457 0.00444907 0.00657338 0.0505196 0.000113184 -0.00758093 -0.000150886 -0.000874852 0.00156986 -0.00230907 -0.00647755 0.00125715 -3.71622e-05 0.0276206 0.0301429 0.0530996 0.00386452 -0.00219967 -0.0346387 -0.00249307 
0.000874556 -3.71132e-06 9.74352e-07 -0.00183131 2.16823e-06 1.19494e-05 -0.000305119 -0.00233049 -1.38003e-05 0.00637088 -4.45601e-06 -0.000147678 2.42267e-05 -0.00117666 -3.59762e-05 -0.000101706 -0.00134616 0.000485671 0.00058269 0.00017588 -0.000208496 0.0003476 -0.00243164 -0.000395819 1.21167e-05 0.00197704 0.0103488 -0.00177721 -3.38593e-07 -0.000628966 0.000351763 0.00284928 -7.05141e-05 -9.15542e-06 -2.7629e-05 3.8275e-05 5.30242e-05 0.000137047 0.00255958 -0.000581836 0.00371953 0.00201142 0.000120484 -0.00217209 -0.00237327 6.52065e-05 -0.00121216 -5.77853e-06 -0.00265431 0.000731773 -0.00105332 -0.00249571 1.35281e-05 -1.82515e-05 -0.00100311 1.74534e-05 -0.00214572 0.00329689 4.12631e-06 6.32242e-05 -0.00399194 1.22489e-07 -0.00112797 -0.00373343 -1.58655e-05 -0.000882709 0.000194923 -0.00285321 -0.000102881 -0.000176777 -0.000166406 -0.000571008 8.91996e-05 0.00329299 0.00283572 1.95233e-05 -0.000134285 0.000491209 0.00409963 0.000513039 -0.00102495 -2.34894e-06 0.00428798 -0.000686606 2.09695e-05 -0.00434774 0.000833521 0.00387392 -9.14795e-05 -0.000275124 -0.000498865 0.000423377 0.000156464 -0.00398277 -0.000168826 -0.00296097 0.000576683 1.4535e-06 -0.00242401 -0.000175337 
-0.000163986 0.00352258 3.79852e-05 -0.0964802 0.000163235 -4.57835e-05 0.0138862 -0.102566 0.00122583 -0.0358653 0.00015747 0.00373219 0.00267544 0.0996482 0.000406146 0.00132542 0.10142 -0.000914142 -3.93864e-05 0.00144752 0.0259744 -0.000282359 -0.0560419 0.0306099 -3.10564e-05 -0.0305111 -0.00177721 0.17932 -4.24956e-05 0.0670264 0.00149941 -0.00621336 -0.0013855 1.85289e-05 -0.00157497 0.0022872 -0.000661573 -0.000176499 -0.109551 -0.00082922 -0.000974707 0.0373243 -6.56965e-05 0.0323252 -0.139908 0.0104935 0.0986797 0.00089309 0.0500198 -0.0987498 0.0878747 -0.103979 0.00193432 -0.00268457 0.0882428 0.00390858 -0.0812996 -0.00159371 0.00180794 0.00906922 -0.0245981 6.08688e-05 0.0985977 0.126266 0.000726296 0.0806347 -0.000112717 -0.0524214 0.0160204 -0.00266398 0.00748388 -0.0127651 1.83352e-06 -0.00126966 -0.0824076 9.09298e-05 0.0156483 0.0363578 -0.0817757 0.00531048 0.0942462 -0.0081732 -0.00595461 -0.0769438 -2.56773e-05 -0.045172 0.00145593 0.0189417 7.36038e-05 0.00848145 0.0171247 0.00192182 0.000206697 -0.0752126 -0.0953382 -0.118928 -0.00313429 -0.00296062 0.0734904 0.00216614 
6.60374e-07 2.12e-05 -8.14775e-08 -0.000194865 -3.75062e-07 -1.26184e-07 -5.96329e-06 -0.000290912 6.72267e-07 -2.62996e-06 -1.52603e-07 -7.99996e-06 4.5491e-06 -4.33598e-05 9.25886e-06 -4.93432e-06 -2.58301e-05 0.000105995 -2.08344e-05 -2.07029e-06 0.000297713 1.67491e-05 -0.000177654 -1.74121e-05 1.19014e-07 0.000312346 -3.38593e-07 -4.24956e-05 0.000566457 3.19138e-05 -9.14405e-07 0.00018954 0.000245645 1.85351e-05 9.88914e-05 -1.94896e-06 -3.24434e-06 0.000163171 4.93068e-05 -3.13514e-05 7.63691e-05 0.000253805 2.68047e-06 -9.45848e-05 -2.76463e-05 -1.20032e-05 -3.30633e-05 -1.12518e-06 -6.27594e-05 -0.000342611 -2.66143e-05 -0.0003015 3.65805e-05 -5.59565e-06 -4.99922e-05 -3.877e-06 -0.000224793 3.85972e-05 1.65613e-06 -1.34125e-06 -0.000126101 1.45218e-07 -2.25034e-05 -0.000109187 4.33296e-06 -3.67812e-05 2.30166e-05 -0.000254389 -5.62071e-06 -7.90737e-06 -1.69864e-06 5.73979e-05 -2.57745e-07 4.42371e-06 -7.29939e-06 -1.32418e-07 2.59677e-05 5.72947e-07 -0.000154672 0.000170752 8.4095e-06 2.55547e-05 -9.24544e-06 -1.8469e-05 -1.63635e-07 -0.000116801 3.49538e-05 -2.75139e-05 -5.2828e-06 2.51178e-05 -1.06144e-05 2.03128e-05 1.88654e-06 2.4626e-05 -6.30319e-05 0.000120107 6.82414e-05 -9.12207e-06 -9.94674e-05 -8.96686e-06 
-3.44554e-05 -0.00124641 4.51507e-05 -0.0241214 -5.79882e-05 -1.64839e-05 0.00421848 -0.0820235 0.000860366 -0.0230529 -4.52107e-05 -0.00153794 -0.000947478 0.0746437 -0.000127058 -0.000919366 0.0781794 -1.37504e-05 -0.00431811 0.000347178 0.0382581 0.00125727 -0.0467165 0.0167322 -4.72252e-06 -0.00964354 -0.000628966 0.0670264 3.19138e-05 0.096162 0.00152201 -0.00103636 0.00345061 -9.9887e-05 0.00146456 -0.000518103 -0.000615797 -1.83577e-05 -0.0564829 -0.00612552 0.00123236 0.0504001 -7.69257e-05 -0.0105443 -0.0690179 -0.00211822 0.0736638 -0.00010511 -0.017375 -0.0794745 0.0651784 -0.0824201 0.000895704 -0.00142762 0.0760555 0.00360932 -0.0471914 -0.000730609 0.00111387 0.0016606 -0.0261272 4.02709e-06 0.0763792 0.0531673 0.000125366 0.0747296 -6.52051e-05 -0.0642099 0.00939947 -0.00268074 0.000824352 -0.0032905 -4.21238e-05 -0.000458171 -0.0110176 6.67083e-05 -0.00127559 0.0362203 -0.0466907 0.00591033 0.0597739 -0.00409042 -0.00181386 -0.0328604 -2.56723e-05 -0.0553352 -0.000858174 -0.0101949 -0.000835789 0.00264398 0.017765 -0.000328166 5.66183e-05 -0.0530475 -0.0626941 -0.04295 -0.000895099 -6.43525e-05 -0.000612949 -0.00177654 
6.74147e-06 3.52212e-05 3.44077e-06 -0.00134821 1.14263e-05 2.9204e-07 -2.91745e-05 -0.00202128 -2.33047e-06 -0.000218984 4.03148e-07 -9.05028e-06 0.000212528 0.00168088 3.09527e-05 1.20434e-05 0.00166641 4.17137e-05 0.000160768 -1.28079e-05 0.00101892 7.76097e-05 -0.00117618 0.000339888 3.43203e-06 -0.000233407 0.000351763 0.00149941 -9.14405e-07 0.00152201 0.00272331 7.8841e-05 -2.03465e-06 -8.84235e-07 8.78023e-06 0.000146307 6.08686e-05 -1.56778e-06 -0.00149854 -0.000107592 0.000239506 0.00132967 -3.90977e-07 -0.000479694 -0.00201427 5.64854e-05 0.00167547 -6.40492e-06 -0.000584194 -0.00186853 0.00162605 -0.00199631 5.37194e-05 -3.48143e-05 0.00149717 2.52761e-05 -0.00118435 0.000310089 1.303e-06 -4.30932e-05 -0.00133694 -2.63944e-07 0.00170925 0.00107587 -5.8974e-06 0.00173975 5.4954e-05 -0.00198507 0.000326292 -6.69297e-05 -3.19415e-05 2.06385e-05 0.000120703 0.000120945 -0.000386993 6.65089e-06 0.00037426 0.000752286 -0.000963032 -3.14133e-05 0.00106521 1.62501e-05 0.000196984 -0.000673949 7.4116e-06 -0.0014267 0.000161431 -3.34321e-05 -2.09204e-05 -2.30068e-05 0.000313455 8.00484e-05 6.44633e-06 -0.00127654 -0.0016969 -0.0013645 8.21686e-06 1.24657e-05 -0.000481979 3.19221e-06 
0.000647408 0.000124674 5.41107e-06 -0.00497441 -1.97091e-05 6.84005e-06 -0.000973021 -0.00446187 -5.47701e-05 -0.00100384 7.83164e-05 -3.05802e-05 0.00150607 -0.00454045 0.000210164 -0.000320932 -0.0049283 0.00327343 -0.000981343 3.56931e-05 0.00487175 0.00039092 -0.00598348 -0.00134438 -2.80464e-06 0.0121063 0.00284928 -0.00621336 0.00018954 -0.00103636 7.8841e-05 0.0320589 0.00422512 -3.11918e-05 0.00106089 0.000426477 -0.000129582 0.0005616 8.92921e-05 -0.00142642 0.00608945 0.00529414 0.000113517 1.02267e-05 0.00173008 0.000656165 -0.00457026 -5.12174e-05 -0.00500726 -0.00100418 -0.00416863 -0.00439955 9.66094e-05 0.000166975 -0.00381566 -0.000139277 -0.0124526 0.00476798 -4.0867e-05 -0.000526574 -0.00479924 -1.49383e-06 -0.00425441 0.000334437 -0.00013927 -0.00361312 0.00199662 -0.00463062 -0.000446638 0.00250257 -0.000349704 -0.000857715 2.00655e-05 0.00277573 0.00457508 3.32642e-05 -0.000213949 -0.000954804 0.00254189 0.00375734 -0.00453385 -0.000395181 0.00242679 -0.00300309 4.68235e-06 0.00412128 2.00861e-05 0.000132785 -0.000237236 -0.000928514 0.000829984 -6.50527e-05 0.000131922 -0.00580081 -0.000815629 0.00523606 0.00135318 -0.000578171 -0.00505258 -0.000211938 
-5.2039e-06 -6.64293e-05 3.82016e-06 0.000487351 -4.86504e-07 1.75882e-06 -5.00575e-06 -0.00620845 -1.17726e-05 -0.00162151 -3.31006e-06 -9.52827e-05 0.00101355 -0.00103373 0.000360677 5.14977e-05 -0.000562155 0.00234967 -0.00017248 -3.86302e-05 0.00664618 0.00108791 -0.00334367 -0.000338389 -6.84177e-07 0.00609296 -7.05141e-05 -0.0013855 0.000245645 0.00345061 -2.03465e-06 0.00422512 0.00775967 2.75876e-05 0.00168053 1.863e-05 -4.0879e-05 0.000473615 0.00174863 -0.000427843 0.00231226 0.0060249 -7.85541e-06 -0.00174883 0.000922545 -0.000182449 -0.00102664 -1.75764e-05 -0.0023272 -0.00621119 -0.000342396 -0.00625574 7.54418e-05 0.000101649 -0.000802438 1.04704e-05 -0.00337368 0.00193923 -6.97868e-06 4.95917e-05 -0.00311589 -6.55927e-07 -0.000822487 -0.00283679 -2.54016e-05 -0.000799754 0.00168035 -0.00617023 -0.000151117 -0.000195233 -0.000146621 0.00128026 2.06657e-05 8.31073e-05 0.00127687 7.26168e-06 -0.000169018 -0.000284468 -0.00192127 0.00305603 -0.000438965 0.000115187 7.11514e-05 0.00221317 4.04865e-05 -0.0029804 1.41947e-05 -0.000835801 0.000177529 0.000984241 -0.000347566 -7.67054e-06 -1.74289e-06 -0.002574 -0.000665072 0.00297235 0.00119316 -0.000140307 -0.00185445 -0.000125669 
