0.222758 -0.00173577 -0.0176511 -0.00278013 -0.00148465 -0.000715197 -0.0642325 0.000426244 -0.00412795 0.00564145 -0.00504188 0.00278531 -0.00351609 0.0365124 -0.0276509 0.071732 0.0104193 -0.00216872 0.0678275 -0.000447467 0.0260427 -0.00330713 -0.0290181 0.060308 0.100618 -0.000717916 -0.0276023 0.0429155 -0.000203465 -0.0900276 -0.0206892 -0.0129118 -0.00471587 -0.0623965 -0.00484846 -0.00379235 -0.0140571 0.0370397 -0.0331028 0.028593 -0.00137052 -0.00175968 -0.0242064 -0.0219314 0.0610597 -0.0870543 -0.00378036 -0.0618368 -0.00133297 0.0284357 0.0618201 -0.00011666 -0.0288207 0.0329374 -0.00115451 -0.00253983 -0.000158481 -0.0353334 -0.000462792 -0.00497678 -0.0255131 0.0389754 4.23559e-06 0.0772236 -0.00132304 -1.46463e-05 -0.0313963 -0.0168712 -3.81076e-05 0.00866355 -0.021291 -0.0355335 -0.0683817 -0.0376357 0.00348877 -0.000316083 -0.00685388 -0.000659351 -0.0129602 -0.0310934 -0.0138322 -0.00885575 -0.0106472 0.0578667 -0.00159983 -7.63984e-05 0.00921041 0.049546 0.00873273 -0.000128079 -0.00185622 0.000585249 -0.000475418 -0.00653832 -0.00907985 -0.0185525 -0.0357934 -0.0247939 -0.000725296 -0.0135549 
-0.00173577 0.00264192 0.000176683 -7.0994e-06 0.000710317 7.81175e-05 -0.000185356 -8.23519e-06 5.09688e-05 -6.43908e-05 -2.01272e-05 -4.24321e-05 -0.000530154 -0.00222947 0.00151375 -0.000964933 -8.23268e-05 -1.0301e-05 0.000915102 6.94054e-06 -0.000279131 0.000601651 0.00221611 -0.000779189 -0.000340433 0.000218085 -0.000133854 6.70005e-05 1.85896e-07 -0.000362342 0.000605775 -0.00122971 -3.18637e-05 3.92529e-06 0.000144974 0.000914447 8.83519e-05 -0.00036502 8.6605e-05 -0.00247423 -7.7278e-07 0.00027727 0.000753889 0.00192721 0.00123788 -0.000531151 0.000197414 -0.000826004 6.67002e-05 -0.000611627 -0.000744985 2.13769e-05 0.00177128 0.000231348 2.54517e-06 -8.99695e-06 1.36728e-06 -0.00127968 0.000153648 0.000229406 -0.000181105 -0.000566852 -9.85188e-06 -0.00150305 -5.11989e-05 -0.000202374 0.000198678 -0.000334685 4.37977e-07 -7.53907e-05 -0.000154987 -0.00134903 -0.000267712 -0.00136584 -6.11077e-05 8.70024e-06 -0.000100682 1.83116e-05 -6.4122e-05 -0.000178199 0.00134572 -1.67553e-05 0.000238059 -0.000734289 0.00059068 -5.25136e-07 -0.000401208 0.00113015 -0.000210658 1.51186e-05 3.91814e-05 0.000126109 6.13318e-05 6.47492e-07 -1.23005e-06 -8.07301e-05 -0.000790551 0.00174509 0.000114043 0.0010372 
-0.0176511 0.000176683 0.111134 0.00139995 -5.85271e-06 -0.000102479 -0.0125552 -0.000138677 -0.00186835 -0.00310663 -0.000415101 0.00183911 0.0106481 -0.0114683 0.010073 -0.0449519 -0.00353026 0.000739746 -0.0232809 -3.73351e-05 -0.010818 0.0086718 0.00488356 0.0159123 0.0136393 -0.000169377 -0.00430297 0.0558927 -7.46384e-05 -0.0101951 0.00355454 -0.0277266 -0.00085195 -0.012289 -0.00388191 -0.000255044 0.000738063 0.0403167 -0.0029358 -0.00768472 0.00115191 -0.00110033 -0.00339379 0.0110663 -0.0332053 -0.0155211 -0.000857267 -0.0178885 -2.41987e-05 0.0309135 -0.0369892 1.46625e-05 0.0121386 0.0157103 -0.000231672 -0.000624137 0.000829447 -0.0544675 -0.00429254 0.00272561 0.00338462 0.0172852 -0.00045538 -0.0114969 0.0204788 0.00908427 -0.0078562 -0.00860069 1.22574e-05 -0.00410468 -0.00714867 -0.0454099 -0.0118612 -0.0547495 -0.00120352 1.39452e-05 -0.00320105 -0.000145223 -0.00278744 -0.00599289 0.00333041 0.000680036 -0.00132101 0.0491501 -0.000118219 -2.37582e-05 0.0657253 0.0328698 -0.00755511 9.7956e-05 -0.000252381 -0.00097875 0.00168915 0.00265366 0.00129329 0.019742 -0.0367158 0.00051244 -0.000569238 -0.000733151 
-0.00278013 -7.0994e-06 0.00139995 0.00590814 1.1156e-05 4.92845e-06 0.000609624 -2.51423e-05 0.0002293 -0.000133384 0.000415441 -9.619e-05 0.000130932 -0.00193416 -0.00024587 -0.00145454 0.000291259 -1.57373e-05 -0.00278737 -4.35418e-06 -0.000448672 -0.000176696 -0.000467032 -0.00169487 -0.00358339 2.37048e-06 0.000497611 -0.000403348 -3.31395e-06 0.00178029 -0.000364416 0.00220981 -6.80605e-05 -7.81438e-05 -9.38811e-05 -2.59622e-05 -0.000170894 -0.000686351 0.00131477 0.000158163 -8.24999e-06 -4.72198e-05 0.000529074 -8.35417e-05 -0.00163002 0.00327333 6.97135e-06 0.00147641 3.96777e-05 -0.00129715 -0.00122503 8.91135e-07 -0.000576854 -0.00109476 -2.37907e-06 9.47656e-06 9.64766e-06 -0.000108656 -0.000183102 -5.57549e-05 -0.00031408 -0.000973222 -4.1955e-05 -0.00297586 0.00232416 -0.000548854 -0.00028495 -0.000752386 -6.12837e-07 -0.000116887 -0.000117102 0.00141338 0.0016684 -0.000237714 -0.000126016 6.53808e-05 -0.000209489 1.12176e-05 2.55796e-05 0.00130634 -0.000332827 1.46853e-06 0.000626077 0.000447948 -2.87004e-06 -1.17826e-06 0.000773524 -0.00181721 0.000773567 -1.72829e-06 -5.86833e-06 -2.28032e-05 0.000630722 0.00079782 0.00148216 2.613e-05 0.000956231 -0.000597733 8.74738e-05 -0.000183732 
-0.00148465 0.000710317 -5.85271e-06 1.1156e-05 0.00285017 0.000256481 5.6251e-06 -6.56885e-06 -1.17768e-05 -6.26786e-05 -2.25384e-05 -2.46194e-06 -0.00158448 -0.00222854 0.00132623 -0.000968577 8.76028e-05 1.33589e-05 0.000357919 -1.57782e-06 -0.000390192 0.000593789 0.00191028 -0.000947116 -0.00152846 5.70739e-05 0.000183755 -0.00126053 5.96875e-05 -0.000377456 0.000733287 -0.00121324 2.43126e-05 0.000607252 0.000691628 0.000280633 0.00039229 -0.000212455 7.57235e-05 -0.00218485 -1.71879e-07 0.000738061 0.00137438 0.00161846 0.000869857 -0.000598024 0.000593054 -0.000761424 0.000324403 -0.00056874 -0.00077472 5.58686e-05 0.000951836 -0.000494661 1.06225e-06 5.56382e-05 -9.08712e-06 -0.00134278 0.000143763 0.000371243 -0.000137905 -0.000595911 3.10646e-05 -0.00150699 -0.00010455 -0.000142181 0.000992625 -0.000305605 5.27495e-07 -7.36792e-05 -0.000168575 -0.00105393 -0.000290326 -0.00123555 -5.17441e-05 1.94752e-05 0.000226088 8.89776e-05 -6.23772e-05 5.62897e-05 0.000870034 0.000201896 0.000869934 -0.00110917 0.000378077 -5.66651e-07 -0.000510093 0.000154226 -3.90275e-05 2.90022e-05 0.000212303 -7.60156e-06 3.06784e-05 0.000202537 0.000271071 0.000136698 -0.000542561 0.00195489 0.000965662 0.000963683 
-0.000715197 7.81175e-05 -0.000102479 4.92845e-06 0.000256481 0.00117906 2.45771e-05 -4.52065e-06 0.000101957 -2.86784e-05 -7.473e-06 -1.39907e-05 -0.000627254 -0.000930634 0.000323258 -0.000424575 -3.7085e-05 -4.25398e-06 -0.000187011 2.04457e-07 -0.000194891 -3.39904e-05 0.000816296 -0.000380721 -0.000666616 1.01605e-05 -2.4107e-05 -0.000417065 7.82099e-05 -0.00016064 -4.3073e-05 -0.00054679 1.89586e-05 0.00043118 -1.58946e-05 5.73965e-06 0.000359597 -0.000204219 -0.000125299 -0.00107565 6.15864e-07 5.86369e-05 0.000600924 1.64248e-05 0.000366314 -0.000236417 1.60094e-05 0.000359086 0.00084434 -0.000272714 -0.000344305 7.82475e-06 0.000385962 -1.51731e-05 -1.91862e-07 4.20819e-05 1.28992e-06 -0.00055553 0.00012889 2.7124e-05 -7.79745e-05 -0.000269752 2.28415e-05 -0.000643388 -2.71119e-05 -9.21021e-05 0.000896972 -0.000130093 1.41162e-06 -3.45039e-05 -4.80936e-05 -0.000555196 -0.000118446 -0.000584272 -2.36035e-05 -6.56264e-07 2.14228e-07 0.000297909 -2.81617e-05 -2.032e-05 -1.36105e-05 8.54056e-07 0.000611427 -0.000324645 1.25511e-05 -1.11797e-07 -0.000188053 0.000107701 -0.000103596 -5.43745e-08 0.000692195 -1.42022e-05 3.02035e-05 0.00067623 0.00085939 5.40851e-05 -0.000352374 0.000227206 1.83198e-06 0.00100948 
-0.0642325 -0.000185356 -0.0125552 0.000609624 5.6251e-06 2.45771e-05 0.0968008 3.71959e-05 -0.00139544 -0.00232114 0.00487204 -0.00177894 0.00909932 0.00170366 -0.00487799 -0.0183721 -0.00122077 -0.000431564 -0.0480046 -8.34721e-05 -0.0121169 -0.0142918 -0.00946559 -0.0354685 -0.0834977 -0.000186071 0.00961501 -0.0479437 7.32016e-06 0.0786545 -0.00733054 0.0289378 -0.000869975 0.0475807 0.00315984 -0.000465685 -0.00345997 -0.0167763 0.0114817 0.00514851 -0.00025062 -0.000761939 0.00942966 -0.00392595 -0.037097 0.0459701 0.000728392 0.0271202 -2.75388e-05 -0.0249225 -0.0222631 -9.80996e-06 -0.0110215 -0.021671 0.000918231 0.000910662 -0.00033041 0.0535474 -0.00369169 -0.000853946 0.017805 -0.0244237 -0.000417305 -0.0135851 -0.00380545 -0.0129792 -0.00477334 -0.0039966 -1.11972e-05 -0.00222096 0.0133294 0.0439645 0.0611378 0.0510747 -0.00202888 -1.45596e-05 -0.00333927 0.000224519 0.0150647 0.0208768 -0.00742041 0.00623649 0.00117597 -0.044458 0.000680355 -1.65391e-05 -0.0150713 -0.0485056 -0.00657388 -3.03555e-05 0.000277018 -0.00151406 0.000154071 -0.000879601 -0.000771792 -0.00378954 0.0627963 -0.0109479 -0.000129275 -0.00529801 
0.000426244 -8.23519e-06 -0.000138677 -2.51423e-05 -6.56885e-06 -4.52065e-06 3.71959e-05 0.00470146 2.00586e-05 0.00094216 -3.38742e-05 -3.20512e-05 -0.00130748 -0.000103003 6.51075e-05 0.00226596 0.000837346 -7.73497e-06 -0.000924359 5.5052e-06 0.000976245 -0.000366901 -0.000173532 -0.00101931 -2.88251e-05 -7.2282e-06 -0.00012259 -0.00104524 3.83494e-05 -0.000168851 -3.65471e-05 0.000372126 7.09419e-05 -0.00024484 8.56449e-07 -2.74654e-05 4.99085e-06 -0.000669367 -0.00034394 -3.72878e-05 2.797e-05 3.43621e-05 -0.000208677 3.0254e-06 0.000153445 -0.000937902 -3.15389e-05 -0.00163867 -4.18766e-06 0.000884113 0.00138726 1.65405e-06 -0.000204788 0.000187859 -6.83769e-06 3.03975e-05 -1.36356e-05 0.00143799 -0.000125232 3.32145e-06 -0.000229566 0.000731468 -2.51269e-05 -0.0010895 -0.000261316 -0.000271763 -0.000274949 -0.000198358 1.53907e-05 0.000305273 0.000825798 -0.000317966 -0.000474842 0.000869677 0.000241252 -2.04855e-06 0.000138644 -7.03308e-06 -8.22054e-05 -2.135e-05 -5.88791e-05 -5.28123e-05 -5.0639e-05 -0.00136798 -1.07672e-05 2.84132e-06 -0.000824117 -0.00172555 -0.000207546 4.0486e-06 -1.30596e-05 -4.20919e-05 -5.03828e-07 -5.45932e-05 -6.12686e-05 -0.000155039 -0.000123126 -0.000235918 0.000376255 -0.000131646 
-0.00412795 5.09688e-05 -0.00186835 0.0002293 -1.17768e-05 0.000101957 -0.00139544 2.00586e-05 0.0176175 -0.000109299 -3.20676e-05 0.000157922 -0.00153593 -0.00175536 -0.000209717 -0.00398705 -0.000603837 -4.47102e-05 -0.0039697 6.34166e-06 0.00476831 0.00335772 0.00138692 0.00689234 0.000873194 0.000398353 0.000790852 0.005885 -9.27748e-06 5.19596e-05 5.33941e-05 -0.00342281 -5.44933e-05 -0.00145995 2.84762e-05 0.00118782 3.85521e-05 -0.00180904 0.00456877 -0.000838479 4.30073e-05 -0.000150154 -0.000834901 0.000143397 0.00176513 -0.00118464 -4.86337e-05 -0.00114537 6.36743e-05 0.00413415 -0.00499964 -2.54043e-07 0.000271624 0.00155965 -2.65919e-05 -0.000124683 -3.89369e-05 -0.00563696 -0.000450716 -5.69588e-05 -0.00105861 0.0039325 0.000182305 -0.00690114 0.000733055 -0.00130109 -0.000991306 -0.00187076 5.05026e-06 -0.00057436 -0.000819185 -0.00626519 0.000796497 -0.00634626 3.07542e-05 9.56047e-06 -0.000636873 3.86352e-05 -0.000202708 0.000571276 0.000439693 4.73254e-05 -0.000183125 0.00545516 6.65501e-05 -1.91193e-06 -0.00119863 0.00557455 -0.0011465 4.27889e-07 3.16323e-05 0.000769287 -1.15905e-05 0.000177525 0.000300419 -7.31911e-06 -0.00257525 -0.00157337 -0.000260398 0.000260728 
0.00564145 -6.43908e-05 -0.00310663 -0.000133384 -6.26786e-05 -2.86784e-05 -0.00232114 0.00094216 -0.000109299 0.0240085 -0.000187005 -0.000369283 -0.0135204 0.00176016 -0.00113566 0.0110102 0.00115857 0.00044539 -0.00437126 -1.8948e-05 0.00305956 -0.00286437 -0.00226532 -0.00358059 0.00365038 -3.58588e-05 0.000486944 -0.00830447 7.08183e-06 -0.00317234 0.00202551 0.00897776 0.00111047 -0.00254857 -0.000508649 -0.00012149 -0.000788077 -0.00334347 -0.00127634 0.00131499 -5.64697e-05 -0.000198177 -0.0010761 -0.000796156 0.00467862 -0.000809561 -0.000226765 -0.00799763 -5.77394e-05 0.00323674 0.0102086 -5.44727e-06 -0.00245673 -0.00122096 -3.6831e-05 7.83747e-05 -4.12142e-05 0.0080664 -0.000417139 -0.000197164 -0.001629 0.000588666 -0.000148621 -0.00245367 -0.00140176 -0.00243699 -8.75617e-05 -0.0027966 2.55087e-06 0.00237749 -0.00129042 0.00450522 -0.00238 0.00761044 -0.000438452 -1.25788e-05 -0.000782966 -1.25364e-05 0.000425539 -0.0015105 0.00319174 -0.000319194 -0.000429424 -0.00914641 -5.60767e-05 1.80426e-05 -0.00338122 -0.00986525 -9.15099e-05 -6.05759e-06 -6.44073e-05 -0.000262452 -5.7345e-05 -0.000128055 -0.000249136 0.000548853 0.00368979 -0.00224968 0.000143448 -0.0014494 
-0.00504188 -2.01272e-05 -0.000415101 0.000415441 -2.25384e-05 -7.473e-06 0.00487204 -3.38742e-05 -3.20676e-05 -0.000187005 0.00789563 -0.000131723 0.000520365 3.20918e-05 -0.000373781 -0.00261645 -0.000280515 -2.85857e-05 -0.00394512 -6.01006e-06 -0.00110745 -0.000878387 -0.000676724 -0.00247176 -0.00486518 -1.44551e-05 -0.000155221 -0.00302761 -5.10682e-06 0.00463356 -0.000471267 0.0012996 -7.46737e-05 0.0024172 -0.000168229 -5.11946e-05 -0.000264616 -0.00133902 0.000186545 0.000364986 -1.85467e-05 -7.34728e-05 0.000386359 -0.000250311 -0.0035109 0.0039726 -7.5122e-05 0.00268304 -1.86964e-05 -0.0017152 -0.00214107 -1.71677e-06 -0.000822777 -0.00146644 -9.07566e-06 -6.57756e-05 -1.92159e-05 0.00303899 -0.000194714 -7.10561e-05 0.000770925 -0.00178017 -1.60052e-05 -0.000435507 -6.60472e-05 -0.000920883 -0.0002047 0.000589284 -8.20659e-07 -0.000251534 0.000806161 0.00215421 0.00450679 0.0033678 -7.5016e-05 6.78169e-06 0.00102533 -4.30541e-06 0.00178502 0.000148139 -0.000592971 3.9345e-05 0.000392404 -0.00294756 6.34649e-05 -9.55601e-07 -0.00115096 -0.00357889 -0.000450036 -2.0366e-06 -1.86359e-05 -8.79002e-05 0.000135588 0.000377578 0.000356747 -1.7043e-05 0.00368737 -0.000732804 -0.000114072 -0.000315309 
0.00278531 -4.24321e-05 0.00183911 -9.619e-05 -2.46194e-06 -1.39907e-05 -0.00177894 -3.20512e-05 0.000157922 -0.000369283 -0.000131723 0.0165206 0.00156363 0.00113933 -0.00077985 -0.00329822 -0.000384737 -3.24799e-05 -0.00678802 -1.12971e-05 0.00396451 0.000459788 -0.00141599 0.00630043 0.0030845 -2.88891e-05 -0.000751929 0.00576152 9.13515e-07 -0.00229818 -0.000944824 -0.00736331 0.000132735 -0.00172281 -0.000368123 -5.41238e-05 -0.00055 0.00715039 -0.00143845 0.000890383 -1.00557e-05 -7.97229e-05 -0.000864268 -0.000619991 -0.00398673 -0.00367235 -0.000141494 -0.00517736 -3.17421e-05 0.00779687 -0.00489405 -9.67675e-07 -0.00161493 0.00590146 -3.07251e-05 -5.81031e-05 1.45506e-05 -0.00722805 0.000504539 -0.000119541 0.000676788 0.00689725 -8.08773e-06 0.000910757 -0.000524422 0.000919117 -0.000807282 -0.000978531 -1.19924e-06 -0.000491756 -0.000911886 -0.00820706 -0.00173504 -0.00811007 7.85707e-05 -1.07786e-05 -0.000561637 -2.08507e-05 -0.000347017 -0.00109296 -0.00119675 -0.00022695 -0.000265049 0.00611213 -4.05893e-05 -2.60887e-06 0.00459358 0.00697482 -0.00099189 -1.575e-06 -4.52136e-05 -0.000142811 2.95457e-05 0.000117779 -0.000186611 -0.000578111 -0.00482545 -0.000858329 -0.000195215 -0.000684725 
-0.00351609 -0.000530154 0.0106481 0.000130932 -0.00158448 -0.000627254 0.00909932 -0.00130748 -0.00153593 -0.0135204 0.000520365 0.00156363 0.10893 0.0208056 -0.0132721 -0.0335312 -0.0181912 -0.00176443 -0.0077389 -0.000414311 0.00325556 -0.0119247 -0.00869881 0.0126968 -0.00276623 -0.000986145 -0.00833487 0.0310169 -0.000530827 0.0126283 -0.0168706 -0.0116681 -0.00615928 0.0107903 -0.0103337 -0.00301983 -0.0122546 0.00369704 -0.00401816 0.0161571 -0.00103458 -0.00618934 0.000996721 -0.00995229 -0.00418101 0.0149022 0.000335912 0.0255631 -0.00088436 0.00496993 -0.0255097 -8.96272e-05 -0.00736258 0.020154 0.000100452 -0.000216709 -0.000490811 -0.0110295 -0.00662148 -0.00465141 0.00521485 0.0126363 9.24566e-05 0.00576756 0.00324707 0.00219351 -0.00473245 0.00184916 -2.63833e-05 -0.0209517 -0.00259287 -0.012568 0.00876882 -0.025215 -0.000223096 1.08619e-05 -0.0130085 -0.000796285 7.20961e-05 -0.00166462 -0.0179217 0.0010337 0.000939678 0.034902 -0.000494635 -9.06147e-05 0.0195124 0.0235594 -0.00516894 -0.000157702 -0.000300206 -0.000410833 0.000346279 0.000222353 -0.00042251 -0.00199429 -0.0267788 -0.0144882 -0.0104706 0.00446017 
0.0365124 -0.00222947 -0.0114683 -0.00193416 -0.00222854 -0.000930634 0.00170366 -0.000103003 -0.00175536 0.00176016 3.20918e-05 0.00113933 0.0208056 0.0830959 -0.0296855 0.0186587 -0.00636304 0.000153701 0.0023645 -0.000663448 0.00122849 -0.0254687 -0.0347477 0.0198155 0.0251335 -0.00111942 -0.0178938 0.00337506 -0.000396327 -0.00507412 -0.0247374 0.00545652 -0.000104838 -0.00166426 -0.00520286 -0.00510238 -0.0158172 0.0017637 -0.00984087 0.0387426 -0.00125515 -0.00416405 -0.00498749 -0.0285997 -0.00971665 -0.00331598 -0.00116162 0.0191318 -0.00115249 0.0137337 0.0102609 -0.00021893 -0.0262386 0.00417952 8.80638e-05 -0.000893727 -8.6843e-05 0.0124472 -0.000373275 -0.005422 0.00528863 0.0145728 5.27967e-05 0.0506615 -0.0104253 -0.0104729 -0.0042413 0.00959347 -6.3436e-05 0.00183233 0.00242391 0.01302 -0.00921554 0.0112732 0.00147323 -0.000484444 -0.00438334 -0.000602882 -0.000557753 -0.0185523 -0.035024 -0.00543441 -0.00786319 0.0196737 -0.00175302 3.87608e-06 0.00341729 0.00630729 -0.00552922 -0.000137204 -0.00117025 -0.000698657 -0.0010566 -0.00181258 -0.0107126 0.00342543 -0.00214612 -0.0267727 -0.00936623 -0.00400791 
-0.0276509 0.00151375 0.010073 -0.00024587 0.00132623 0.000323258 -0.00487799 6.51075e-05 -0.000209717 -0.00113566 -0.000373781 -0.00077985 -0.0132721 -0.0296855 0.0448629 -0.0171923 -0.00162038 -0.000185661 0.022306 0.000452786 -0.00630066 0.0235091 0.0305632 -0.0147748 0.000836909 0.000256068 -0.00252541 0.0119404 0.000281211 -0.00641847 0.0208248 -0.0219093 0.000775871 -0.00460872 -0.00150206 0.00322278 0.024942 -0.00851755 0.00773279 -0.0374383 0.0019878 0.00110829 0.00256084 0.0243733 0.0191435 -0.0104898 -0.000349243 -0.00711465 0.000416394 -0.0111556 -0.0129851 7.64916e-05 0.0394701 -0.00444515 -8.34428e-05 -0.000445744 -7.53917e-05 -0.0228077 0.00156787 0.00551303 -0.00320246 -0.00993784 -0.000311668 -0.0255698 -0.00160219 0.0227071 0.00423607 -0.00440425 5.23567e-05 -0.00159873 -0.00262181 -0.0229674 -0.00489702 -0.0227505 -0.000236705 -3.06047e-05 0.00289782 2.12273e-05 -0.00112382 -0.00328522 0.0289908 -0.000665765 -0.000390931 -0.00380753 0.000744736 -8.95545e-06 -0.00815625 0.0137669 -0.0041392 0.000142443 9.59887e-05 -0.00054325 -5.4402e-05 -0.000479698 -0.000196971 -0.00180864 -0.0143103 0.0272807 0.00266289 0.00465388 
0.071732 -0.000964933 -0.0449519 -0.00145454 -0.000968577 -0.000424575 -0.0183721 0.00226596 -0.00398705 0.0110102 -0.00261645 -0.00329822 -0.0335312 0.0186587 -0.0171923 0.231972 0.0178792 -0.000854526 0.0296936 -0.000278844 -0.00170917 -0.0319951 -0.0306988 -0.0375301 0.015164 -0.000546459 -0.0128985 -0.0963425 1.97553e-05 -0.0301022 -0.0124727 0.0963563 0.000826415 -0.0190165 0.00056367 -0.00213493 -0.0119547 -0.0234754 -0.0153153 0.0201801 -0.000848117 -0.00140343 -0.0127238 -0.0134583 0.0275581 -0.0236404 -0.00146162 -0.0351065 -0.000843488 -0.0294036 0.139628 -6.78756e-05 -0.034523 -0.0514513 4.7461e-05 -0.000617106 -0.000362827 0.102028 -0.00406168 -0.00291463 -0.0171449 -0.0196424 -0.000513266 0.0480262 -0.0133815 -0.0439078 -0.0234436 -0.0276229 -2.43999e-05 0.0187216 0.0184421 0.0750309 -0.0228851 0.100807 0.00485505 -0.000178395 -0.00368318 -0.000270826 -0.00202575 -0.00558779 -0.0115403 -0.00452674 -0.00405789 -0.0812058 -0.000601514 9.80734e-05 -0.0530827 -0.0834403 0.0235008 -7.58841e-05 -0.000728862 -0.00325722 -0.00111781 -0.00475369 -0.00299575 -0.013868 0.0828316 -0.0251579 0.00233929 -0.0215386 
0.0104193 -8.23268e-05 -0.00353026 0.000291259 8.76028e-05 -3.7085e-05 -0.00122077 0.000837346 -0.000603837 0.00115857 -0.000280515 -0.000384737 -0.0181912 -0.00636304 -0.00162038 0.0178792 0.0344504 -7.54032e-05 -0.00672981 -2.77542e-05 -0.00429875 -0.00341165 -0.00313415 -0.011172 -0.00761011 -5.54428e-06 0.00361378 -0.0148802 8.23345e-05 -0.00365123 -0.00207237 0.0161625 -0.000313687 -0.00280735 0.00620175 -0.000169208 -0.00116255 0.00322867 -0.00418207 0.00180584 -6.48649e-05 0.000238529 -0.00172434 -0.0012807 -0.00510275 -0.00575603 -0.00024967 -0.010542 -7.4306e-06 -0.00777948 0.0205717 1.8008e-05 -0.00364943 -0.00608798 -3.39062e-05 1.79859e-05 -0.00011222 0.00903813 -0.00115723 -0.000180643 -0.00236913 -0.00788757 0.000252383 -0.00170273 0.00290172 -0.00434846 -0.00185929 -0.00405122 -3.1505e-06 0.0109303 -0.00144937 0.0114317 -0.00323673 0.0151623 -0.000727599 -7.30257e-06 -0.00126684 -4.5702e-06 -0.000649493 0.004586 0.00324048 -0.000486797 -0.000520107 -0.0126586 -6.85524e-05 -1.49375e-06 -0.00516509 -0.0149103 0.0113857 -6.7334e-06 -8.1525e-05 -0.000341284 -4.20669e-05 -0.000340059 -0.000270484 -0.00153509 0.0214669 -0.00362022 0.00598967 -0.00209149 
-0.00216872 -1.0301e-05 0.000739746 -1.57373e-05 1.33589e-05 -4.25398e-06 -0.000431564 -7.73497e-06 -4.47102e-05 0.00044539 -2.85857e-05 -3.24799e-05 -0.00176443 0.000153701 -0.000185661 -0.000854526 -7.54032e-05 0.00404837 -0.00170934 -3.16032e-06 1.66701e-05 -0.000454392 -0.000370766 -0.000642217 0.000590484 6.39698e-06 0.00176628 -0.00049336 -2.35508e-06 -0.000495911 0.000828021 0.00150762 0.00151641 -0.000384977 0.000590051 -2.67881e-05 -0.000121114 -0.000206484 -0.000427288 0.000212504 -8.68348e-06 -3.54957e-05 -0.000184837 -0.000116996 -0.0018139 0.000492693 -3.69394e-05 -0.00143186 -7.3321e-06 0.00223297 -0.000544664 -8.35463e-07 -0.000413702 -0.000771735 -6.61065e-06 0.000381845 5.8606e-05 -0.00152226 -9.86916e-05 -3.14511e-05 -0.000144694 -7.72507e-05 1.0838e-05 -0.0013964 0.00069917 -0.000493489 0.00178792 -0.000158624 -4.19135e-07 0.000441178 9.60047e-05 0.000943494 -0.000391621 0.000379516 6.51373e-05 9.05755e-06 7.60294e-05 3.08126e-06 -5.05062e-05 -0.000259987 -0.000299008 0.00042018 -2.14273e-05 -0.000153068 -4.52613e-06 3.52942e-05 0.000832651 -0.00139615 -0.000306668 4.84642e-07 -9.24531e-06 -2.79719e-05 -1.21731e-05 0.000115483 -2.96894e-05 0.00264344 -0.000346772 -0.000399199 -4.96806e-05 -0.000143254 
0.0678275 0.000915102 -0.0232809 -0.00278737 0.000357919 -0.000187011 -0.0480046 -0.000924359 -0.0039697 -0.00437126 -0.00394512 -0.00678802 -0.0077389 0.0023645 0.022306 0.0296936 -0.00672981 -0.00170934 0.249591 0.000352363 -0.038718 0.0263104 0.0310213 0.0103926 0.0714466 0.000276331 -0.0275138 0.00673242 0.000130462 -0.0677157 0.0153492 -0.0263794 -0.00361934 -0.0405644 -0.00932473 0.00189358 0.0156105 -0.0412844 -0.0238487 -0.023706 0.00101266 0.00235819 -0.0160622 0.0151033 0.0751908 -0.0690767 -0.00381565 -0.00147827 -0.000365823 -0.0786503 0.0549785 2.49619e-05 0.0475417 -0.0252914 -0.000804661 -0.00163978 -0.00014736 -0.0216308 0.0108081 0.00256465 -0.0336571 -0.0453872 -5.84716e-05 0.0505484 -0.0226084 0.0445814 8.20294e-05 -0.000197907 1.4238e-05 0.00119298 -0.00800511 -0.0167485 -0.0522551 -0.015181 0.00367851 -0.00031334 0.0126453 -0.000285728 -0.0110526 -0.0321808 0.0300259 -0.00718426 -0.00486199 0.00687841 -0.00027879 1.07262e-05 -0.0457844 0.029435 -0.00486961 0.000107417 -0.00129717 -0.0057213 -0.0013544 -0.00680213 -0.0062903 -0.0192372 -0.0293625 0.0427634 0.00247681 0.0164538 
-0.000447467 6.94054e-06 -3.73351e-05 -4.35418e-06 -1.57782e-06 2.04457e-07 -8.34721e-05 5.5052e-06 6.34166e-06 -1.8948e-05 -6.01006e-06 -1.12971e-05 -0.000414311 -0.000663448 0.000452786 -0.000278844 -2.77542e-05 -3.16032e-06 0.000352363 0.000776862 -3.89065e-05 0.000516104 0.000594339 -0.00024188 -8.40357e-05 3.7321e-06 -3.87268e-05 -0.000280081 9.31731e-06 -0.000104996 0.000561818 -0.000358341 -1.01247e-05 -5.90185e-05 -2.56754e-05 8.29298e-05 3.87845e-05 -0.000140173 0.000313458 -0.000688523 4.11216e-05 0.000212571 -3.30594e-05 0.000538523 0.000177028 -0.000153282 2.60466e-06 -0.000251947 2.43939e-06 -0.000150988 -0.000180786 1.47075e-06 0.000172704 -2.39263e-06 -1.42164e-06 2.28012e-06 3.08005e-06 -0.000341789 3.08261e-05 0.000158074 -5.24189e-05 -0.000173016 -5.55822e-06 -0.00043572 -3.7794e-05 0.000199983 -4.35791e-05 -7.37083e-05 -8.01655e-08 -2.64806e-05 -1.57352e-05 -0.000390154 -7.78448e-05 2.48936e-05 -9.78606e-06 -5.05405e-07 0.000482631 1.1869e-06 -1.63139e-05 -5.41159e-05 0.000645005 -1.06362e-05 -1.0983e-05 -0.000248639 -5.27293e-07 -1.43017e-07 -0.000140504 -9.97882e-05 -6.76634e-05 4.0588e-08 -1.38307e-06 6.89845e-05 -2.49884e-06 -7.04052e-06 -1.03934e-05 -3.31699e-05 -0.000235606 0.000556466 0.000441528 -1.90162e-05 
0.0260427 -0.000279131 -0.010818 -0.000448672 -0.000390192 -0.000194891 -0.0121169 0.000976245 0.00476831 0.00305956 -0.00110745 0.00396451 0.00325556 0.00122849 -0.00630066 -0.00170917 -0.00429875 1.66701e-05 -0.038718 -3.89065e-05 0.138866 -0.0182417 -0.00986648 0.0391439 0.0234181 -0.000177238 -0.00405791 0.0346243 5.72624e-05 -0.0150415 -0.00487099 -0.0167877 -0.00148562 -0.015848 -0.00519124 0.000482919 -0.00397825 0.00959089 -0.00595887 0.00643312 -0.000232434 -0.0015623 -0.00739545 -0.00600974 0.0167757 -0.0318022 -0.00141731 -0.0540174 -0.000326512 0.0671572 -0.0142439 -3.12468e-05 -0.0129341 0.0540973 -0.000270474 0.000488146 -0.000521905 -0.00987944 0.00813169 -0.00126145 -0.00591496 0.0726908 -0.00110308 -0.0390194 0.0079982 -0.00604933 -0.0104095 -0.0163981 1.31406e-05 -0.0041588 -0.00909177 -0.0456039 -0.011691 -0.0406217 -0.00305057 -5.59442e-05 -0.00596288 -0.000186749 -0.000182419 -0.00704556 -0.00341528 0.000359099 -0.00281951 0.0224602 0.000208911 -2.04561e-05 0.0113679 0.0285515 -0.0103341 -4.60214e-05 -0.000467164 0.00585026 -0.000429257 -0.00157789 -0.00219343 -0.00351453 -0.0376478 0.00662642 -0.00230748 -0.00755409 
-0.00330713 0.000601651 0.0086718 -0.000176696 0.000593789 -3.39904e-05 -0.0142918 -0.000366901 0.00335772 -0.00286437 -0.000878387 0.000459788 -0.0119247 -0.0254687 0.0235091 -0.0319951 -0.00341165 -0.000454392 0.0263104 0.000516104 -0.0182417 0.115891 0.0268974 0.0275229 0.0195009 0.00103423 -0.00623594 0.0405435 1.30284e-05 -0.0177184 0.0289218 -0.0455328 -0.000271434 -0.0130478 -0.00435705 0.00251935 0.0134533 -0.0106917 0.0290449 -0.0277277 0.000716138 0.00259209 -0.00365843 0.0242139 0.0273017 -0.0161413 -6.37202e-05 -0.0049985 -8.85251e-05 -0.0082945 -0.0274843 9.80957e-05 0.0216824 -0.0247464 -0.000239656 -0.00118406 2.42364e-05 -0.0589731 -0.00126642 0.00582819 -0.0018181 -0.0158742 0.000490946 -9.4907e-05 -0.00297773 0.0181317 -0.00417405 -0.00751645 2.86157e-05 -0.00400829 -0.00304634 -0.0390365 -0.0138713 -0.0494073 0.00241904 -7.144e-05 0.007618 -0.000144431 -0.00311774 -0.009186 0.0274041 -0.00184318 -0.00200922 0.0296176 0.000283137 -1.96234e-05 -0.00728514 0.0452282 -0.00878324 9.12727e-05 -0.000344628 0.00225423 -0.000353906 -0.00107551 -0.00142612 -0.00344575 -0.0392717 0.0198451 0.00336982 -0.00226111 
-0.0290181 0.00221611 0.00488356 -0.000467032 0.00191028 0.000816296 -0.00946559 -0.000173532 0.00138692 -0.00226532 -0.000676724 -0.00141599 -0.00869881 -0.0347477 0.0305632 -0.0306988 -0.00313415 -0.000370766 0.0310213 0.000594339 -0.00986648 0.0268974 0.0848864 -0.0199876 0.00810338 0.00103003 -0.00472754 0.0234641 0.000268267 -0.0127522 0.0217388 -0.0403404 -0.00014789 -0.00466789 -0.00210313 0.00341022 0.0158453 -0.00776622 0.00386016 -0.0427217 0.000175805 0.00306204 0.0026891 0.0274839 0.0434325 -0.0199181 0.000548035 -0.0191096 0.00121104 -0.0126098 -0.0259608 0.000117031 0.055036 0.0159854 -0.000153637 -0.00077181 1.78494e-05 -0.0444242 0.00306515 0.00475979 -0.00625044 -0.0118255 0.000181306 -0.0467324 -0.00161696 0.0086839 0.019309 -0.0109716 3.77761e-05 -0.00312749 -0.00476579 -0.0379081 -0.00924624 -0.0423757 -0.00126473 -3.8063e-06 0.00402245 0.000286511 -0.00224385 -0.00648404 0.0270845 -0.000152195 0.00440502 0.0126756 0.000816528 -1.6045e-05 -0.0146567 0.0346749 -0.00795009 8.14986e-05 0.000567929 0.000588396 0.000190991 -0.000202576 0.00245728 -0.00379286 -0.0280772 0.0475601 0.00466406 0.0400584 
0.060308 -0.000779189 0.0159123 -0.00169487 -0.000947116 -0.000380721 -0.0354685 -0.00101931 0.00689234 -0.00358059 -0.00247176 0.00630043 0.0126968 0.0198155 -0.0147748 -0.0375301 -0.011172 -0.000642217 0.0103926 -0.00024188 0.0391439 0.0275229 -0.0199876 0.222716 0.062632 0.000250849 -0.015986 0.13355 -0.000140621 -0.0453026 -0.0147462 -0.105043 -0.0021578 -0.0330049 -0.0106881 -0.000512626 -0.0100145 0.0479556 -0.00245701 0.0134348 -0.000594167 -0.00179542 -0.0159221 -0.0100713 0.039961 -0.0701592 -0.00269276 -0.0333971 -0.000468555 0.0795114 -0.0789 -5.59197e-05 -0.0128138 0.0320537 -0.000596608 -0.00300138 0.000539461 -0.102021 -0.00258603 -0.000524893 -0.00773767 0.0942184 0.000291035 0.0298853 0.00416273 0.0256005 -0.0191854 -0.00464082 -1.24684e-05 -0.00987367 -0.0159479 -0.13101 -0.0345781 -0.129553 0.00168924 -0.000206513 -0.00915722 -0.00041814 -0.00398828 -0.0212848 -0.0142321 -0.00473602 -0.00586658 0.121053 -0.000573075 -3.41545e-05 0.0361628 0.129101 -0.0238088 -4.96294e-05 -0.000949182 0.00449387 -0.000866912 -0.004352 -0.00471744 0.00316979 -0.086513 -0.0226588 -0.0040405 -0.0140814 
0.100618 -0.000340433 0.0136393 -0.00358339 -0.00152846 -0.000666616 -0.0834977 -2.88251e-05 0.000873194 0.00365038 -0.00486518 0.0030845 -0.00276623 0.0251335 0.000836909 0.015164 -0.00761011 0.000590484 0.0714466 -8.40357e-05 0.0234181 0.0195009 0.00810338 0.062632 0.153724 -0.000107506 -0.0277531 0.0783012 -0.000265703 -0.102244 0.00889551 -0.0449747 0.00157608 -0.0669103 -0.0130641 -0.000552232 0.00156063 0.0249107 -0.0225084 -0.000646441 -0.000679396 -0.00130943 -0.024604 -0.000567213 0.0541554 -0.0788609 -0.00374629 -0.0490118 -0.0010297 0.0430152 0.0160393 -9.32916e-05 0.0127974 0.0370533 -0.00144024 -0.00209065 0.000421692 -0.0763915 0.00560167 -0.0020142 -0.021322 0.0392362 0.000360357 0.0454301 -0.00121973 0.0176613 -0.00158303 0.00374478 1.40729e-05 0.00345823 -0.0194414 -0.0646197 -0.0801335 -0.0753519 0.00381966 -0.000430017 -0.000698928 -0.000627139 -0.015322 -0.0499696 0.00236024 -0.00946532 -0.0106953 0.0706456 -0.00155362 1.11101e-05 0.0219659 0.0788323 -0.00882664 -2.00994e-05 -0.0019452 0.00248002 -0.000722692 -0.000265281 -0.0101953 0.00401763 -0.0909809 0.0123262 -0.00622376 0.00434213 
-0.000717916 0.000218085 -0.000169377 2.37048e-06 5.70739e-05 1.01605e-05 -0.000186071 -7.2282e-06 0.000398353 -3.58588e-05 -1.44551e-05 -2.88891e-05 -0.000986145 -0.00111942 0.000256068 -0.000546459 -5.54428e-06 6.39698e-06 0.000276331 3.7321e-06 -0.000177238 0.00103423 0.00103003 0.000250849 -0.000107506 0.00185602 -4.47108e-05 0.000407979 1.62184e-06 -0.000207833 0.00058087 -0.00079016 0.000128363 -1.68347e-05 6.14829e-05 0.000735563 0.00017111 -0.000316301 0.000804649 -0.0013272 3.71558e-05 7.76914e-05 0.000243759 0.000755719 0.000449782 -0.000260328 2.25159e-05 -0.000517428 3.99349e-05 -0.000367486 -0.000293901 9.78697e-06 0.00035162 -0.000267227 6.22064e-07 1.24948e-05 -2.79562e-06 -0.000722022 5.67844e-05 0.000146625 -7.55627e-05 -0.000295779 -8.95666e-06 -0.000819773 0.000228057 -0.000148774 0.000148935 -0.000132216 -1.91733e-07 -2.87992e-05 -7.86954e-05 -0.000525327 -0.000162352 -0.000598843 -7.14408e-06 -9.42118e-07 0.000198565 -1.46851e-06 -1.8739e-05 -0.000106457 0.000848916 -1.47439e-05 5.29891e-05 -0.000509311 0.000105882 -3.68631e-07 -0.000265403 0.000594441 -7.85265e-05 1.82595e-06 7.64391e-06 0.000365238 -5.45096e-06 -2.36282e-05 2.34419e-07 -5.13274e-05 -0.000487031 0.000319399 1.80476e-05 0.000296141 
-0.0276023 -0.000133854 -0.00430297 0.000497611 0.000183755 -2.4107e-05 0.00961501 -0.00012259 0.000790852 0.000486944 -0.000155221 -0.000751929 -0.00833487 -0.0178938 -0.00252541 -0.0128985 0.00361378 0.00176628 -0.0275138 -3.87268e-05 -0.00405791 -0.00623594 -0.00472754 -0.015986 -0.0277531 -4.47108e-05 0.0512487 -0.0241871 3.04241e-06 0.023216 0.00477059 0.0214392 0.00255577 0.00369847 0.0095515 -0.000339132 -0.00176446 -0.00443547 -0.00408169 0.00284905 -0.000124888 0.000176849 -0.00212028 -0.00200795 -0.0217587 0.0272484 -0.000549151 0.00345584 1.63595e-06 -0.00256536 -0.00819543 1.21121e-05 -0.00559497 -0.00992107 -2.99241e-05 0.00360081 -2.14374e-05 0.0152166 -0.00158978 -0.000408766 0.00102048 -0.0124424 0.000414373 -0.0216979 0.000581317 -0.00603674 0.0102991 0.0041387 -5.58704e-06 -0.000832804 -0.00118484 0.0214066 0.0239308 0.0232264 0.000105807 0.000444899 -0.00159711 0.000161037 0.00228038 0.0298695 -0.00336095 0.00500344 0.00256136 -0.0204841 0.000724275 6.89152e-06 -0.0059047 -0.0239415 0.00670236 -1.52674e-05 0.000147647 -0.000661304 -6.84353e-05 0.00132586 0.00422261 0.00930693 0.0217009 -0.00568008 0.000803455 -0.00167144 
0.0429155 6.70005e-05 0.0558927 -0.000403348 -0.00126053 -0.000417065 -0.0479437 -0.00104524 0.005885 -0.00830447 -0.00302761 0.00576152 0.0310169 0.00337506 0.0119404 -0.0963425 -0.0148802 -0.00049336 0.00673242 -0.000280081 0.0346243 0.0405435 0.0234641 0.13355 0.0783012 0.000407979 -0.0241871 0.248504 -0.000267039 -0.0560129 -0.012414 -0.139738 -0.00184167 -0.0475324 -0.0147409 0.000996644 0.0102773 0.0637621 0.00978559 -0.0103461 0.000995586 -0.00417497 -0.0180666 0.00605227 0.0817484 -0.0841797 -0.00251814 -0.0326425 -0.000539837 0.0927565 -0.124954 -6.77965e-05 0.0384512 0.0734477 -0.000839 -0.00401722 0.000496926 -0.182483 -0.0132116 -0.000561001 -0.0132901 0.105082 -0.000792085 -0.0289615 0.0212156 0.0437668 -0.00854037 -0.0203133 9.02192e-06 -0.0155972 -0.0225397 -0.174118 -0.0451665 -0.212739 -0.000944777 -0.000221309 -0.020125 -0.000617851 -0.00917085 -0.0308217 -0.0062706 -0.00415565 -0.00582373 0.197827 -0.000849953 -8.78648e-05 0.0681518 0.195023 -0.03544 -6.0546e-05 -0.00105468 0.00566995 -0.000359026 -0.0041925 -0.00502116 0.00618447 -0.136599 -0.00305182 -0.006735 0.0187128 
-0.000203465 1.85896e-07 -7.46384e-05 -3.31395e-06 5.96875e-05 7.82099e-05 7.32016e-06 3.83494e-05 -9.27748e-06 7.08183e-06 -5.10682e-06 9.13515e-07 -0.000530827 -0.000396327 0.000281211 1.97553e-05 8.23345e-05 -2.35508e-06 0.000130462 9.31731e-06 5.72624e-05 1.30284e-05 0.000268267 -0.000140621 -0.000265703 1.62184e-06 3.04241e-06 -0.000267039 0.000734637 -5.72686e-05 0.000156422 -0.000143976 3.29209e-05 -3.71257e-05 2.3714e-05 1.21864e-05 0.000251902 -4.15386e-05 -5.9999e-05 -0.000328603 6.47571e-06 2.46521e-05 8.48658e-05 6.07861e-05 0.000208938 -0.000146943 7.59222e-06 -0.000246648 0.000117566 -6.96572e-05 -3.43217e-05 4.14735e-07 0.000265729 -3.43334e-05 -1.34431e-06 -4.55408e-06 5.35226e-06 -2.47917e-05 0.000134129 5.61373e-05 -4.74799e-05 -0.000101982 9.93495e-06 -0.00034309 -3.36202e-05 6.12749e-05 0.000125854 -4.21671e-05 7.57528e-07 -1.68311e-05 -2.76024e-05 -0.000130903 -4.73864e-05 -1.73386e-05 -1.21627e-05 -4.77915e-07 3.98086e-05 1.19499e-05 -3.05299e-06 5.83546e-07 0.000150707 5.43715e-06 3.94382e-05 -0.000295669 -1.52125e-06 -1.45745e-07 -0.000130767 -1.65855e-06 -3.69691e-05 3.75107e-07 2.99607e-06 -9.9652e-07 -1.72233e-06 -9.8486e-06 9.92989e-05 -2.98678e-05 -3.61075e-05 0.000412537 0.000149464 0.000146259 
-0.0900276 -0.000362342 -0.0101951 0.00178029 -0.000377456 -0.00016064 0.0786545 -0.000168851 5.19596e-05 -0.00317234 0.00463356 -0.00229818 0.0126283 -0.00507412 -0.00641847 -0.0301022 -0.00365123 -0.000495911 -0.0677157 -0.000104996 -0.0150415 -0.0177184 -0.0127522 -0.0453026 -0.102244 -0.000207833 0.023216 -0.0560129 -5.72686e-05 0.118433 -0.00898414 0.0389798 -0.00128056 0.055689 0.00587954 -0.000813736 -0.00453133 -0.0226629 0.0214041 0.00742325 -0.00031471 -0.00114069 0.011302 -0.00432893 -0.0565558 0.0754718 0.00125105 0.0498107 -0.000269947 -0.0285866 -0.0322551 -2.74498e-05 -0.0142934 -0.0278097 0.00112435 0.000581223 -0.000414516 0.0651862 -0.0048316 -0.00110249 0.0224778 -0.0283245 -0.000968767 -0.0271307 -0.00432424 -0.0168793 -0.00638599 -0.00189716 -1.24327e-05 -0.00442283 0.0150974 0.0534973 0.0779211 0.0632735 -0.00292442 3.57487e-05 -0.0039896 5.36216e-05 0.0152698 0.0382466 -0.0101205 0.00723917 0.00161629 -0.053523 0.000639793 -2.64369e-05 -0.0123746 -0.0608197 0.000588235 -3.95858e-05 0.000644515 -0.00180734 -0.000108534 -0.00096112 0.001706 -0.00224373 0.0711458 -0.0144045 -0.00151253 -0.00788682 
-0.0206892 0.000605775 0.00355454 -0.000364416 0.000733287 -4.3073e-05 -0.00733054 -3.65471e-05 5.33941e-05 0.00202551 -0.000471267 -0.000944824 -0.0168706 -0.0247374 0.0208248 -0.0124727 -0.00207237 0.000828021 0.0153492 0.000561818 -0.00487099 0.0289218 0.0217388 -0.0147462 0.00889551 0.00058087 0.00477059 -0.012414 0.000156422 -0.00898414 0.0632555 -0.00895023 0.00202613 -0.00580901 -0.00171885 0.00204171 0.00946536 -0.00852182 0.00571554 -0.0249997 0.000458654 0.00309086 -0.000746871 0.0232815 0.00467919 0.00817315 -0.000366435 -0.0143541 -0.000141366 -0.00600907 0.00193805 5.27436e-05 0.0168991 -0.00947632 -0.000118131 0.000510594 -8.40728e-05 -0.0155348 0.00363401 0.00367074 -0.00409007 -0.015622 -0.000198082 -0.023603 -0.00291098 0.00983212 0.00434456 0.00450268 2.7225e-05 -0.00125513 0.000116693 -0.00240202 -0.00686545 0.00586809 0.00090062 -2.99583e-05 0.0130294 -2.70576e-05 -0.00133707 -0.00462461 0.0292052 -0.00071648 -0.000807706 -0.0263166 0.000316494 -2.05298e-06 -0.0110297 -0.0134362 -0.00364334 0.000111289 -0.000177784 0.00199272 -0.000106847 0.00127904 -0.000881723 0.00512182 -0.0198304 0.0271487 0.0043131 -0.00280973 
-0.0129118 -0.00122971 -0.0277266 0.00220981 -0.00121324 -0.00054679 0.0289378 0.000372126 -0.00342281 0.00897776 0.0012996 -0.00736331 -0.0116681 0.00545652 -0.0219093 0.0963563 0.0161625 0.00150762 -0.0263794 -0.000358341 -0.0167877 -0.0455328 -0.0403404 -0.105043 -0.0449747 -0.00079016 0.0214392 -0.139738 -0.000143976 0.0389798 -0.00895023 0.248954 0.00267591 0.00135541 0.00865611 -0.0027068 -0.0154899 -0.054408 -0.025744 0.0251899 -0.001075 -0.00375773 -0.0147924 -0.0150398 -0.0592142 0.0613705 -0.00205884 0.0182294 -0.00102821 -0.0581895 0.115416 -8.85823e-05 -0.0480356 -0.0670704 -0.000560321 0.00135995 -0.00131181 0.151287 -0.00500773 -0.00296305 -0.0183725 -0.0727734 -0.000668612 0.0193767 -0.00796906 -0.0514612 -0.0153258 -0.0159852 -4.71759e-05 0.0133524 0.0173241 0.152039 0.0409911 0.158226 -0.00179305 0.00013896 -0.00567347 5.8658e-05 0.00381151 0.0328068 -0.012188 0.00633386 -0.000912608 -0.140726 0.000253324 6.13234e-05 -0.0191216 -0.147727 0.0381576 -9.74776e-05 -0.000474773 -0.00431243 0.000169508 0.00193067 0.00161436 -8.43293e-05 0.126461 -0.0315235 8.02521e-05 -0.0265704 
-0.00471587 -3.18637e-05 -0.00085195 -6.80605e-05 2.43126e-05 1.89586e-05 -0.000869975 7.09419e-05 -5.44933e-05 0.00111047 -7.46737e-05 0.000132735 -0.00615928 -0.000104838 0.000775871 0.000826415 -0.000313687 0.00151641 -0.00361934 -1.01247e-05 -0.00148562 -0.000271434 -0.00014789 -0.0021578 0.00157608 0.000128363 0.00255577 -0.00184167 3.29209e-05 -0.00128056 0.00202613 0.00267591 0.0129923 -0.000302044 0.00121634 0.000160412 0.000967177 -0.00186706 -0.000509514 -0.000913162 0.000269598 -8.38289e-05 9.08448e-05 -0.000229188 -0.00281708 0.000819679 -9.26029e-05 -0.00113426 -2.81587e-05 0.000359272 -0.000651254 -3.0844e-06 0.000394602 -0.00256938 -2.36074e-05 0.000394838 -1.26262e-05 -0.0018417 -0.000390552 -0.000109877 -0.000728406 -0.00231343 -5.01268e-05 -0.000519098 -0.000686034 -0.000710573 0.00351487 0.00122385 5.27581e-06 0.00229059 0.000896481 0.00306574 -0.00105387 0.00249846 0.00180344 -5.95852e-06 0.000515815 4.1426e-06 9.41774e-05 -0.00088134 0.000163475 4.49006e-05 -0.00013575 -0.00275314 -2.18131e-05 2.56011e-05 -0.000573418 -0.00212168 -0.0010509 -1.22841e-06 -1.73399e-05 2.56831e-05 -2.72065e-05 0.00024978 -0.000171767 0.00276473 0.00154029 -0.000264097 -0.000147271 8.94404e-06 
-0.0623965 3.92529e-06 -0.012289 -7.81438e-05 0.000607252 0.00043118 0.0475807 -0.00024484 -0.00145995 -0.00254857 0.0024172 -0.00172281 0.0107903 -0.00166426 -0.00460872 -0.0190165 -0.00280735 -0.000384977 -0.0405644 -5.90185e-05 -0.015848 -0.0130478 -0.00466789 -0.0330049 -0.0669103 -1.68347e-05 0.00369847 -0.0475324 -3.71257e-05 0.055689 -0.00580901 0.00135541 -0.000302044 0.0937108 0.00428645 -0.000557079 -0.00337542 -0.0155393 0.0149074 0.00275543 -0.000241924 0.00163709 0.0286788 -0.00176817 -0.0355783 0.0464201 0.0047806 0.0362212 0.000664775 -0.0246775 -0.0249286 4.79465e-05 -0.0106289 -0.0189815 0.00127462 5.71186e-05 -4.69672e-05 0.0420526 -0.0030105 -0.000910196 0.0222183 -0.0219188 -0.000218692 0.000345395 -0.00391128 -0.0125666 0.0144129 0.0142958 -1.03589e-05 -0.00356936 0.000891551 0.043062 0.031825 0.0437828 -0.00196753 0.000290683 0.00147562 0.000483978 0.0122749 0.00719156 -0.00725514 0.00167733 0.0104047 -0.0402865 -0.000147874 -1.37383e-05 -0.0132564 -0.046387 -0.00505809 -2.26467e-05 0.00184186 -0.00102766 4.54572e-05 0.0006909 0.00371706 -0.00475412 0.0333298 -0.00573756 6.10111e-05 0.000988051 
