0.249722 0.152293 -0.0328904 0.00474857 0.16529 -0.000396042 0.0729436 0.0354566 -0.0282453 -0.0615391 -0.00217358 -9.73342e-05 -0.00210761 -0.0120408 -0.00133386 0.000381298 0.122136 -0.136031 -0.00186071 -0.00172074 -8.64722e-05 0.0146579 0.000334953 0.0317499 -0.175746 -0.00011276 -1.67227e-06 -0.176394 -0.00193458 -0.00544407 -0.0015535 0.0711512 0.000339657 -0.0560576 -0.00143037 0.1541 -0.00248943 -0.01888 -0.00208093 0.00227131 -0.0322174 4.37698e-05 -0.00119649 -0.0682994 -0.0322704 -0.00649986 -8.59597e-05 -0.0001007 -0.00308817 -0.000377628 -0.00180545 0.000355532 -0.0953663 -0.123934 0.0209435 -0.000249743 0.180153 -0.0654751 -0.0538949 0.00131658 -0.00366261 -0.0317268 -0.0377073 -0.00759431 0.0148073 -0.000354039 0.00281876 0.168113 0.115493 3.43158e-05 -0.0710487 -0.00161484 -0.0151008 0.0183196 -0.00288445 -0.147168 0.00169318 -0.0350264 -0.0582596 0.0402991 -0.00305097 -0.188914 0.0125794 0.0610893 -0.0180367 -0.0648998 0.136784 -0.024677 -5.77046e-05 -0.0227275 -0.0140522 -0.00713929 -0.00293454 0.00750284 0.00291511 -0.00133776 -0.0526486 -0.00932004 0.180903 -0.0142876 
0.152293 0.225189 -0.032041 -0.00187375 0.102279 -0.000339551 0.0937114 0.016823 -0.0298708 -0.0673248 -0.0026718 -6.81273e-05 -0.00254723 -0.0140471 -0.000656915 0.000233001 0.111892 -0.0875311 -0.00125357 -0.00122137 -6.83949e-05 -0.00782626 0.00174144 0.052156 -0.124598 -0.000385223 -0.000119317 -0.115061 -0.0163306 -0.00401937 -0.00298472 0.0131487 -0.000478722 -0.0486711 -0.00266881 0.138412 0.00139045 -0.00686552 -0.00249689 -0.00436078 -0.0184953 -0.00014718 -0.00326559 -0.0448862 -0.0309238 -0.00404033 -0.00757671 2.72506e-05 -0.00173262 -0.00530025 -0.00115352 -0.00894526 -0.0530366 -0.116834 -0.0020907 -0.000241635 0.136936 -0.0441119 -0.0788171 -0.000543626 -0.00235374 -0.0236602 -0.0404824 -0.00686012 0.0272596 -0.000320834 0.00275101 0.168855 0.115154 -1.00358e-05 -0.0550049 -0.00114473 -0.022291 -0.0178354 -0.00772005 -0.106573 0.000603109 -0.0235474 -0.0186752 0.039631 -0.0022467 -0.123566 -0.0100821 0.000350809 -0.0139615 -0.0552852 0.122111 -0.0238018 -0.000311605 -0.0176677 -0.0109097 -0.00555105 -0.00376524 0.00914779 -0.00162459 -0.00124998 -0.0554302 -0.00635598 0.136927 -0.0102115 
-0.0328904 -0.032041 0.0992959 -0.000487973 -0.0432125 6.29598e-05 -0.0542281 -0.00594394 0.0307063 0.0529048 0.00172194 9.17105e-05 -0.000318208 0.00266203 -0.000115239 -7.72691e-05 -0.029049 0.0452721 0.00118234 0.00203426 1.53629e-05 0.00616314 -0.000368705 -0.0231754 0.0468054 0.000205453 1.37778e-05 -0.0138076 0.0100852 0.007044 0.0013974 -0.0304433 0.000231659 0.0543185 0.000358929 -0.0128031 -0.00176695 0.0280754 -0.000662565 -0.00132853 0.0223041 -2.31366e-05 -0.000680817 -0.00808175 0.0359845 0.0014561 0.000944998 3.94564e-05 0.00168115 0.00416953 -0.000347859 -0.00175029 -0.0334618 0.00463716 -0.0164375 0.000141135 -0.0311428 -0.0149436 0.000964092 -0.00014817 -0.000586215 0.0416169 0.0535088 0.000734576 -0.00325011 0.000490527 -0.000584341 -0.0256268 -0.0583095 -9.74107e-06 0.0432263 0.0015604 0.010142 -0.00110207 0.014676 -0.0283281 -0.000358055 0.00860064 -0.0480818 -0.0531982 0.000839618 -0.00461968 -0.00300948 -0.0154064 0.00115586 0.0616443 -0.0458448 -0.0144035 -9.3461e-05 0.0339462 0.00709236 0.014133 -2.53117e-05 -0.0039395 0.000462724 -0.000761334 -0.0250152 -0.00205484 -0.0303297 -0.00212547 
0.00474857 -0.00187375 -0.000487973 0.00962673 0.00348809 -7.20886e-06 0.000696083 0.000450295 -0.000868773 -0.0018863 -4.86219e-05 -1.40682e-06 -6.92739e-05 -0.000148912 -2.46465e-05 1.01621e-05 0.00322103 -0.00225863 -3.55415e-05 -3.45845e-05 -1.96941e-06 0.00160985 8.06884e-06 0.000559119 -0.00400002 -1.39776e-05 -2.80291e-06 -0.00360495 -9.49659e-06 -0.000112345 -6.6645e-05 0.00172864 2.26255e-06 -0.00138732 -8.20895e-05 0.00101315 -0.000417489 -0.00101482 -4.5262e-05 -3.66483e-05 -0.00068053 0.00010599 1.32208e-05 -0.00145386 -0.000831181 -0.0002342 0.000974163 6.28524e-08 5.38925e-06 0.000164628 -1.30006e-05 0.00237415 -0.00348222 -0.00213287 8.54343e-05 -1.08695e-05 0.00481971 -0.0014166 8.40058e-05 6.72285e-05 -7.2835e-05 -0.000618522 -0.000866516 -0.000120836 -0.000728467 -9.20255e-06 8.68681e-05 -0.00125592 0.00182684 1.32273e-05 -0.00170474 -3.2452e-05 -0.000603163 6.52011e-05 -0.000149906 -0.00329485 -3.19817e-06 -0.000688045 -0.00435207 0.00105167 2.32109e-05 -0.00397192 0.000217359 0.00538049 -0.000195002 -0.00160307 0.00346383 -0.00124562 -9.71647e-06 -0.00050087 -0.000309007 -0.000146297 -0.0001111 8.8954e-05 0.000339151 1.25798e-05 -0.0019441 -0.000186394 0.00538463 -0.000289426 
0.16529 0.102279 -0.0432125 0.00348809 0.240195 -0.000287059 0.0504743 0.030075 -0.0122933 -0.0258126 -0.00340524 -8.62623e-05 -0.000477717 -0.00704922 -0.00092488 0.000207813 0.0482597 -0.137189 -0.00209976 -0.00192343 -8.72217e-05 0.00881358 -0.000856456 0.0102343 -0.141722 -6.17841e-05 -3.30114e-06 -0.135917 0.00416402 -0.00663172 -0.00245294 0.103955 0.00018527 -0.0315388 0.00251723 0.122178 0.0055651 -0.0133556 0.00139968 0.0048749 -0.0295841 -5.68597e-05 0.00180257 -0.0664171 -0.0299628 -0.0108574 0.00345647 -0.000149965 -0.00379871 -0.00610828 -0.00334873 -0.00976641 -0.0818183 -0.0852017 0.0428165 -0.000263581 0.138815 -0.0365101 -0.00918391 0.000826096 -0.00288363 -0.0303445 -0.0229467 -0.00865185 0.00614719 -0.000373549 0.00218777 0.123999 0.068855 2.7009e-05 -0.0410876 -0.00191039 -0.0102087 0.0154913 -0.00657165 -0.0981947 0.00126455 -0.0435058 -0.0521322 0.0275696 -0.00409896 -0.148197 0.01295 0.0513449 -0.0209991 -0.041827 0.0664908 -0.0452097 -3.48529e-05 -0.0253164 -0.0110794 -0.00972409 0.00424016 0.00328875 0.0017817 -0.00283053 -0.0220183 -0.0115142 0.138633 -0.0140671 
-0.000396042 -0.000339551 6.29598e-05 -7.20886e-06 -0.000287059 0.00122582 -0.000126416 -8.21373e-05 -1.85014e-05 -5.20256e-05 8.43943e-05 -2.00726e-07 3.90758e-06 -1.08189e-05 4.11098e-06 -9.69912e-07 -2.12326e-06 0.000380143 5.00063e-06 1.99432e-06 1.62914e-06 -4.38321e-05 5.65388e-06 -5.95923e-05 7.78551e-05 -1.38289e-06 -3.05931e-07 0.000133071 1.37259e-05 2.38069e-05 -8.71832e-06 2.17622e-05 -7.16004e-07 -6.27512e-05 8.20409e-05 -0.000222994 3.44248e-06 -9.66676e-05 1.02198e-05 5.03288e-05 9.068e-05 5.88487e-07 -2.96808e-06 0.000310076 -0.00010308 9.23225e-05 2.289e-06 -6.28934e-07 8.81001e-06 -1.00507e-06 7.99042e-05 1.56949e-05 -6.30446e-05 0.000133219 -4.35031e-05 3.21875e-07 -0.000281871 -0.000122163 -3.89575e-05 -1.71627e-06 1.0015e-05 -5.70152e-05 -7.68865e-05 2.43333e-06 4.52094e-05 -1.16184e-06 -7.42627e-06 -0.000319413 -0.000205119 -1.11577e-07 -0.000122526 -3.72658e-06 -5.00389e-05 -1.90449e-05 -2.57326e-05 0.000427745 -4.17603e-06 0.000103909 -0.000132992 5.29194e-05 -6.13414e-06 0.000319283 1.61191e-05 -0.000142413 6.12406e-05 -0.0001077 -6.75655e-05 0.000312856 3.8272e-05 -3.42382e-05 -4.14421e-05 -1.68454e-05 -5.17618e-06 -4.95208e-05 -4.94927e-06 1.18863e-05 -0.000168239 -1.32274e-05 -0.000292002 0.000126121 
0.0729436 0.0937114 -0.0542281 0.000696083 0.0504743 -0.000126416 0.204426 0.0202615 -0.0608197 -0.112279 -0.00624726 -0.000115177 -0.00514865 -0.023 -0.00057481 0.000181882 0.105556 -0.061366 -0.00156587 -0.00256974 -8.03656e-05 -0.00205889 0.000418486 0.104833 -0.0963159 -0.0009914 -0.00011061 -0.00571138 -0.0354475 -0.00352861 -0.00529109 0.0315888 -0.0011226 -0.0933366 -0.00683559 0.0772766 -0.00580905 -0.0366271 -0.00518755 -0.00764498 -0.0317448 -0.000359217 -0.00405089 -0.00131792 -0.0600815 -0.0101815 -0.00765139 -0.000126842 0.00138264 -0.0103148 0.000642869 0.00715902 0.013598 -0.0659839 -0.0115795 -0.000104566 0.095407 0.0240159 -0.0626521 -0.000935334 0.000513384 -0.0492202 -0.0837351 -0.00636747 0.00213049 -0.000667857 0.000540063 0.0893267 0.128714 -3.54189e-05 -0.0805649 -0.00223125 -0.0268819 -0.0374784 -0.0161513 0.0223958 3.64454e-05 -0.0110492 0.0331109 0.0827846 -0.00211859 -0.0177737 -0.0183966 -0.0120424 -0.0175019 -0.0936647 0.0949139 0.0223961 -0.000408997 -0.0360689 -0.0080057 -0.00921926 -0.00668799 0.00570233 -0.0037059 -0.000462711 -0.0146837 -0.00412414 0.0902951 -0.0169601 
0.0354566 0.016823 -0.00594394 0.000450295 0.030075 -8.21373e-05 0.0202615 0.0724928 -0.00672347 -0.0175361 -0.000652945 -1.27982e-05 -0.00056057 -0.00344474 -0.000218782 0.000152963 0.0315333 -0.0295175 -0.00030642 -0.000291621 -1.54294e-05 0.00149933 -0.000435567 0.0132656 -0.032745 -0.000101363 -2.62193e-05 -0.0292215 -0.0041432 -0.000924992 -0.000734897 0.00932818 -0.000124832 -0.0114277 -0.00106786 0.0371197 -0.00178514 -0.00786328 -0.000574937 -0.000961054 -0.00452239 -5.06793e-05 -0.000760259 -0.0108926 -0.0072368 -0.00212329 -0.00169114 -1.37767e-05 -0.000551397 -0.00312978 -0.00038997 -0.00422742 -0.0256705 -0.027981 -0.0103901 -4.49656e-05 0.04639 -0.0110649 -0.018539 -0.000133412 -0.000558296 -0.00551652 -0.00935914 -0.00133314 -0.00290177 -6.98969e-05 -0.000359583 0.0375411 0.0241606 1.45786e-06 -0.0138502 -0.00025899 -0.0051806 -0.00489497 -0.00164427 -0.0267183 8.90371e-05 -0.00563591 -0.0304356 0.00922256 -0.000447526 -0.0319101 -0.0025681 0.0105212 -0.00274629 -0.0128451 0.0230898 0.00842588 -9.86526e-05 -0.00338056 -0.000762206 -0.00123973 0.000415421 -0.00178597 -0.000411431 -0.000495161 -0.0151817 -0.00149585 0.044978 -0.00235057 
-0.0282453 -0.0298708 0.0307063 -0.000868773 -0.0122933 -1.85014e-05 -0.0608197 -0.00672347 0.0833949 0.0645138 -7.09232e-05 0.000142161 0.000301853 -0.00203465 -0.000171978 -7.20679e-05 -0.0488655 0.0178168 -6.53924e-05 0.00163211 6.13968e-05 0.000955969 -5.54803e-05 -0.0426872 0.0493499 0.000631029 2.92457e-05 -0.0339143 0.0301449 -0.00065374 0.00427994 -0.0105135 0.000393347 0.0690086 0.0096611 0.00352442 0.0121766 0.019718 0.00534332 0.000923695 0.0318339 8.29308e-05 -0.000810389 -0.0140097 0.0250048 -0.00343278 0.00877235 9.00659e-05 -0.00065849 0.00727597 -0.000552027 -0.00589606 -0.0306625 -0.0193173 -0.0159244 -7.92282e-05 -0.0309556 -0.0136045 0.00161405 0.000997886 0.000336009 0.041018 0.069782 -0.00113077 0.00927089 0.000485839 -5.76668e-05 -0.0164701 -0.052338 5.52967e-06 0.0567351 0.000567364 0.0250866 0.00857117 0.00494195 -0.0268068 -0.000309746 -0.00651586 -0.0440231 -0.0761753 -0.000663153 -0.0355643 -0.00279848 -0.013292 0.00653364 0.0712184 -0.046726 -0.0217086 6.3383e-05 0.0295004 0.00672123 0.00057021 0.00594379 -0.00385158 -0.000433613 -0.000576779 -0.0208041 -0.00173026 -0.0307565 -0.00115258 
-0.0615391 -0.0673248 0.0529048 -0.0018863 -0.0258126 -5.20256e-05 -0.112279 -0.0175361 0.0645138 0.178165 -0.000985574 9.49703e-05 0.00313381 0.0108722 0.00144296 -0.000182382 -0.117088 0.0530159 0.000243654 0.00270484 3.98367e-05 0.00289842 -0.00120292 -0.0918245 0.094607 0.00051987 1.51605e-05 -0.0168122 0.031665 -0.0019597 0.00443597 -0.0116053 0.000384471 0.104381 0.00712607 -0.0521993 0.00887525 0.0369189 0.00483942 0.00724346 0.0309115 -4.85441e-06 0.00468392 -0.0213759 0.064838 -0.00782463 0.00764102 -7.67103e-05 -0.00116067 0.0130629 -0.00126056 -0.0139589 -0.0417577 0.0465753 0.0111073 -0.000238707 -0.0810171 -0.0217373 0.060746 0.000387039 0.000795017 0.053681 0.0849863 0.00170517 0.00140193 0.000592653 -0.000945654 -0.0681438 -0.129577 1.15326e-05 0.0916185 0.00176773 0.0289755 0.0333748 0.0158782 -0.0290323 -0.000504652 -0.0129465 -0.042708 -0.0889025 -0.00117286 -0.00499337 0.0141475 0.00341121 0.00864285 0.102003 -0.115903 -0.0545449 0.000329624 0.0396865 0.00429783 0.00816923 0.00658218 -0.00978674 0.00296563 -0.0015113 -0.000893101 -0.00422542 -0.0774904 -0.00203557 
-0.00217358 -0.0026718 0.00172194 -4.86219e-05 -0.00340524 8.43943e-05 -0.00624726 -0.000652945 -7.09232e-05 -0.000985574 0.00928675 -1.20909e-06 -1.17722e-05 0.00156037 -2.20279e-05 8.30265e-06 0.00103152 2.04646e-05 0.000253014 0.000104012 1.48969e-06 -0.000312528 0.000279976 -0.00198314 -0.00188393 1.97161e-05 -2.18879e-06 0.00118112 0.00205573 0.00181774 0.00013206 -0.000637068 0.000865956 -0.000496427 -0.000140027 -0.00421618 -0.000408986 -0.000883554 -6.65895e-05 -5.97398e-05 0.00499402 0.000113396 1.88757e-05 -0.00127528 -8.62397e-05 0.00707384 0.00102319 0.000116974 5.88303e-05 -0.000202444 0.000431606 -2.5821e-05 -0.00294252 0.00143783 -0.00156795 0.000161215 -0.00326092 -0.00111616 0.0055486 2.89704e-05 -4.94475e-05 -0.000306107 0.00064513 0.00161198 -0.00068431 -3.67444e-06 -2.10494e-05 -0.00331155 -0.00521823 1.81075e-07 -0.00133936 -1.90422e-05 0.000243334 0.0010177 0.000129151 -0.00294248 8.39591e-05 0.00507937 0.000221948 -0.00032153 0.00286209 0.00262047 0.000356695 -0.000951195 -0.000108742 -0.000775826 -0.00425991 -0.00204747 0.00014598 -7.42765e-06 0.00333175 -7.74487e-05 0.000384726 0.000335352 0.000240681 0.000166765 0.00225198 -0.000160077 -0.00251148 -0.000186137 
-9.73342e-05 -6.81273e-05 9.17105e-05 -1.40682e-06 -8.62623e-05 -2.00726e-07 -0.000115177 -1.27982e-05 0.000142161 9.49703e-05 -1.20909e-06 0.000217819 -3.7445e-07 -4.95366e-06 -6.19349e-07 -1.72173e-07 -0.000102799 -3.83269e-06 -7.76872e-07 -6.41043e-07 4.78085e-07 5.48332e-06 9.27308e-06 -6.66183e-05 0.000110799 8.17378e-06 2.89217e-07 -6.25886e-05 0.000112297 8.5328e-06 1.50573e-05 -4.27069e-06 4.14715e-07 7.82102e-05 2.73101e-07 -6.15954e-05 3.57445e-05 3.86898e-05 3.18169e-06 2.39047e-06 3.73667e-05 9.14214e-06 1.6588e-06 -5.17555e-06 -1.352e-05 -3.72692e-06 5.87297e-05 1.01661e-05 -1.56232e-06 2.50433e-05 -1.29945e-06 -2.33113e-06 -7.7696e-05 -4.26994e-05 -2.24058e-05 4.06975e-07 -7.21872e-05 -2.6213e-05 2.5669e-05 -9.52549e-08 2.37164e-06 4.32547e-05 0.000103504 -3.91713e-06 1.05469e-05 6.71536e-07 5.38753e-10 -8.06336e-05 -0.000126173 2.13527e-07 9.89446e-05 1.62303e-06 0.000104087 5.90985e-05 3.59988e-05 -3.64181e-05 -1.51558e-07 -1.2512e-05 -7.06586e-05 -0.000144929 -1.72992e-06 -6.24707e-05 -4.9892e-06 -3.09002e-05 -5.46632e-06 0.000127947 -9.98047e-05 -2.89541e-05 1.94236e-06 4.58695e-05 -1.10316e-06 -2.89942e-06 1.03992e-05 -8.26828e-06 -1.2691e-06 -9.62255e-07 -4.33655e-05 -4.23561e-06 -7.09651e-05 1.28416e-05 
-0.00210761 -0.00254723 -0.000318208 -6.92739e-05 -0.000477717 3.90758e-06 -0.00514865 -0.00056057 0.000301853 0.00313381 -1.17722e-05 -3.7445e-07 0.00757638 0.00391816 1.29588e-07 1.77689e-07 -0.00397723 0.00255458 -2.60054e-05 3.28447e-06 -9.5781e-07 -0.000301974 -5.02075e-05 -0.0062329 0.00289146 6.2535e-06 -5.03886e-07 8.24922e-05 0.00074689 -3.84091e-05 -3.08594e-05 0.000535102 4.73111e-05 0.00150162 -0.00013002 -0.00336271 -0.000239522 -0.000520722 0.000135146 -6.47146e-05 2.76067e-05 3.7792e-06 0.000260409 -0.000735415 0.00395368 0.000474047 4.60371e-05 4.87655e-06 -5.18036e-05 -2.42943e-05 -2.66392e-05 -0.000473481 0.0012218 0.00338182 0.000403609 4.30013e-06 -0.00276967 -0.00104058 0.00448408 5.21834e-05 -2.88328e-05 0.00085529 0.000586577 0.00037369 -0.000563953 1.71838e-05 -3.35276e-05 -0.00280664 -0.00432262 9.6148e-07 0.000755016 -1.73809e-05 -7.92524e-05 0.00114264 0.000275641 -0.00172019 2.82271e-05 -0.000519598 0.000690562 -0.000743027 -3.1399e-05 0.00071413 0.00069961 0.00367184 -0.000178814 0.000623991 -0.0039265 -0.00148996 -8.85326e-07 -0.000316591 -0.000220297 -4.7292e-05 0.00021978 -0.000322465 3.21384e-05 -5.40815e-05 0.00306136 -0.00014035 -0.00268258 8.08303e-05 
-0.0120408 -0.0140471 0.00266203 -0.000148912 -0.00704922 -1.08189e-05 -0.023 -0.00344474 -0.00203465 0.0108722 0.00156037 -4.95366e-06 0.00391816 0.0438313 9.27857e-05 -2.90508e-05 -0.0121348 0.0163817 -9.89979e-05 0.000186766 -5.09621e-06 -0.00181335 0.000543717 -0.0301603 0.0139757 0.000155921 -1.81957e-05 0.00447928 -0.000752598 0.00126637 -0.000379623 -0.000281281 -3.46055e-05 -0.00137174 -0.000770885 -0.0186672 -0.0015822 -0.00282681 -9.80473e-05 0.000671688 -0.00116545 -1.93441e-05 0.000510621 -0.000781815 0.00706985 0.00597634 -0.0016066 0.000134568 0.000103585 -0.00114014 9.36141e-05 0.000938716 0.0126732 0.0236011 0.0151431 7.80368e-05 -0.0164062 -0.00320965 0.0223267 -0.000211718 -8.0986e-05 0.000255228 3.40435e-05 0.00778704 -0.00335777 -2.12796e-05 -0.00026867 -0.0142233 -0.022952 -6.76631e-07 -0.000328615 0.000101187 -0.000555249 0.00795138 -0.000864932 -0.00607472 -0.000136963 0.000613847 0.0107143 0.00228957 -0.000325424 0.00939175 0.00327484 0.01316 -0.00141294 -0.00351135 -0.0153059 -0.00822761 -5.10797e-05 -0.00236803 0.000362813 -0.000320432 -0.000281191 -0.00197872 0.000216584 -0.000171373 0.0112707 -0.000163682 -0.0158898 -0.000451027 
-0.00133386 -0.000656915 -0.000115239 -2.46465e-05 -0.00092488 4.11098e-06 -0.00057481 -0.000218782 -0.000171978 0.00144296 -2.20279e-05 -6.19349e-07 1.29588e-07 9.27857e-05 0.00283471 -2.24656e-06 -0.00146495 0.000274042 2.02366e-05 -3.1059e-06 -5.36952e-08 -0.000102761 -1.99237e-05 -0.000615573 0.000240645 -5.23865e-06 -1.26721e-06 0.00136329 -0.000152065 -3.27563e-05 0.00014998 -0.000737296 -3.95903e-06 0.000457354 -4.35166e-05 -0.00132113 -0.000102301 0.000341465 -2.06151e-05 -8.98767e-06 -2.33032e-05 -1.67093e-06 0.000138548 -0.000396837 0.000920074 -0.000106213 -8.71927e-05 -2.01216e-07 2.14424e-07 0.000143125 4.35634e-05 -0.000177936 0.000509189 0.000856102 0.000446178 -3.24356e-06 -0.00101712 6.38639e-05 0.000452375 -9.29389e-06 -1.7785e-05 0.000476803 -0.000142993 0.000349284 -0.000187751 -2.15778e-06 -1.69579e-05 -0.00104383 -0.000623709 -2.58441e-07 0.000303979 3.07973e-05 -0.000109008 -0.000152809 -5.67514e-05 0.000599687 -9.28755e-06 1.54221e-05 0.000358268 -0.000327982 2.73164e-05 0.00149649 -6.84789e-05 -0.000321506 0.000699484 0.000375265 -0.00143718 -0.000640966 -2.30778e-06 0.000213327 -7.63809e-05 -1.22135e-05 -3.14859e-05 1.37357e-06 -1.48929e-05 -1.53097e-05 0.000967674 0.000179588 -0.00100433 -6.88538e-05 
0.000381298 0.000233001 -7.72691e-05 1.01621e-05 0.000207813 -9.69912e-07 0.000181882 0.000152963 -7.20679e-05 -0.000182382 8.30265e-06 -1.72173e-07 1.77689e-07 -2.90508e-05 -2.24656e-06 0.000789642 0.000287586 -0.00022626 -5.18148e-07 -2.9298e-06 -1.60099e-07 1.94613e-05 2.45059e-05 8.6228e-05 -0.000332914 -1.41682e-06 -3.61538e-07 -0.000281541 -6.37397e-06 -8.64269e-06 -6.2761e-06 -3.74778e-05 1.17789e-05 -0.000116843 4.40727e-07 0.0002626 -2.89085e-05 -8.04502e-05 -5.78948e-06 -1.06343e-05 -5.36469e-05 -4.28165e-07 -7.50575e-06 -0.000121568 -7.26175e-05 3.11235e-05 2.92661e-05 6.50588e-07 9.88571e-07 -2.23797e-05 9.9447e-06 -2.50828e-05 -0.00027758 -0.0002926 -0.000140421 -8.12788e-07 0.000393809 -0.000115283 -0.000109608 -1.28544e-06 -4.74008e-06 -5.57425e-05 -9.10103e-05 2.03863e-05 3.38155e-05 -7.48102e-07 -3.7303e-06 0.000316627 0.000263889 1.94823e-07 -0.000140146 -2.65709e-06 -5.23021e-05 -2.31914e-05 2.52703e-05 -0.000280466 3.43209e-05 -4.36582e-05 -0.000255269 7.54968e-05 -5.23047e-06 -0.000309681 -2.31359e-05 -6.84499e-05 -3.19156e-05 -0.000132549 0.000219374 -6.89953e-05 -1.05544e-06 -3.78047e-05 -1.76222e-05 -1.25244e-05 2.32322e-05 2.05625e-05 1.34106e-06 7.93173e-06 -0.000149992 -1.52305e-05 0.000438042 -2.37893e-05 
0.122136 0.111892 -0.029049 0.00322103 0.0482597 -2.12326e-06 0.105556 0.0315333 -0.0488655 -0.117088 0.00103152 -0.000102799 -0.00397723 -0.0121348 -0.00146495 0.000287586 0.24593 -0.0616255 -0.00021901 -0.00203727 -5.36295e-05 0.00701577 0.00124479 0.0820327 -0.118026 -0.000681453 1.65928e-05 -0.0660475 -0.0280697 0.00326192 -0.005036 -0.00739917 -0.000495544 -0.081551 -0.00442791 0.10129 -0.00732498 -0.0290277 -0.004033 -0.00743616 -0.0252853 -0.000114524 -0.00540099 0.00188715 -0.0510418 0.00587147 -0.00454443 1.29426e-05 0.00148409 -0.0103763 0.00225307 0.025371 -0.035412 -0.119541 -0.0322119 0.000336046 0.131596 -0.0493464 -0.0875859 -0.00135594 -0.00240933 -0.0392223 -0.0614173 -0.00138051 0.00822145 -0.000528257 0.00116086 0.131809 0.11928 -1.9844e-05 -0.0981098 -0.00140908 -0.0255602 -0.0287134 -0.0122928 -0.0588429 1.45704e-05 0.0196957 -0.0273253 0.066508 0.00260602 -0.074414 -0.0156914 0.00764248 -0.00834153 -0.0803298 0.167001 0.0410497 -0.00040626 -0.028577 -0.0147608 -0.00452337 -0.0062559 0.0113259 -0.00271235 0.00109791 -0.0742866 -0.00376363 0.128595 -0.00984233 
-0.136031 -0.0875311 0.0452721 -0.00225863 -0.137189 0.000380143 -0.061366 -0.0295175 0.0178168 0.0530159 2.04646e-05 -3.83269e-06 0.00255458 0.0163817 0.000274042 -0.00022626 -0.0616255 0.238736 0.00114229 0.0019441 7.16736e-05 -0.0113946 -0.000166034 -0.0364887 0.148945 0.000304223 -4.32786e-05 0.0961627 -0.00943672 0.0050655 -9.16212e-05 -0.103595 -0.000561392 0.0517009 -0.000778663 -0.0955789 -0.00824244 0.0209735 -0.00156839 -0.00437503 0.0272781 -1.12428e-05 -0.0017854 0.0609279 0.0385326 -0.000605302 -0.0107618 9.7854e-05 0.00278757 0.00578084 0.00260061 0.00141757 0.0475197 0.0700155 -0.0363915 0.00025994 -0.110187 0.00438299 0.00466151 -0.00133642 0.00117032 0.0372014 0.0304305 0.00391996 -0.0173505 0.000347515 -0.00216917 -0.0979299 -0.0773331 -1.9318e-05 0.066199 0.00141243 -0.00595115 -0.0127888 0.00499911 0.0677547 -0.00136107 0.0160997 -0.00159073 -0.0311825 0.000246607 0.111363 -0.0127275 -0.0374895 0.0201933 0.0593879 -0.0551621 0.0318537 -0.000152693 0.0245039 -0.000900758 0.00675786 -0.00444319 -0.0145632 -0.00170465 0.00236167 -0.0335478 0.00273928 -0.110071 0.0116209 
-0.00186071 -0.00125357 0.00118234 -3.55415e-05 -0.00209976 5.00063e-06 -0.00156587 -0.00030642 -6.53924e-05 0.000243654 0.000253014 -7.76872e-07 -2.60054e-05 -9.89979e-05 2.02366e-05 -5.18148e-07 -0.00021901 0.00114229 0.00395802 1.2001e-05 6.54172e-05 0.000184742 0.00014855 7.85392e-05 0.00175684 5.86194e-06 -4.51308e-07 0.00186259 -9.05509e-06 0.000548126 9.87199e-05 -0.00127426 -5.63058e-06 0.000913597 8.88524e-07 -0.00199751 -1.09342e-05 0.000579035 7.05102e-05 -1.6263e-05 -3.38006e-06 -9.46002e-07 -5.39869e-06 -0.000302651 -8.79637e-05 0.000348394 -4.12903e-05 8.84142e-06 0.000518426 -4.22893e-05 6.30479e-06 -0.000136356 -0.00130406 0.00202058 -0.000631031 2.96597e-06 -0.00145606 -0.000127843 0.00143593 1.17207e-05 1.27113e-05 4.83022e-05 0.000752858 0.000486913 -0.000172041 -1.13956e-06 -1.23124e-05 -0.00157489 -0.00225316 4.16514e-07 -9.42309e-05 -1.49435e-06 0.000850608 -0.000220949 -3.25674e-05 -0.00125388 -1.3513e-05 0.00161208 -0.00106592 -0.000377288 0.000512125 0.00182878 -0.000106233 -0.000533815 0.000685132 0.00130342 -0.00201913 -0.000111769 -4.85165e-06 0.000227211 9.73584e-05 0.000243857 -4.34442e-05 -5.66611e-05 -2.27701e-05 0.000314736 -0.000194296 0.000143188 -0.00143703 -1.35008e-05 
-0.00172074 -0.00122137 0.00203426 -3.45845e-05 -0.00192343 1.99432e-06 -0.00256974 -0.000291621 0.00163211 0.00270484 0.000104012 -6.41043e-07 3.28447e-06 0.000186766 -3.1059e-06 -2.9298e-06 -0.00203727 0.0019441 1.2001e-05 0.00369361 1.03045e-05 -1.98035e-05 1.66059e-05 -0.00264375 0.0019667 1.08585e-05 -1.17385e-06 -0.00104936 -4.68638e-05 -5.08612e-06 6.2007e-05 -0.00155894 3.55776e-05 0.0028104 0.000233 0.000134011 -0.000119486 9.42501e-05 -1.99489e-05 -2.91329e-05 0.00227551 2.77026e-05 2.43299e-05 -0.00045508 0.00293721 -0.000115162 -0.000101125 2.86224e-05 -2.06743e-05 0.00032937 -1.868e-05 -0.000161929 -0.00117142 -0.000218334 -0.000500072 -1.6189e-06 -0.00137502 -0.00055162 -0.000201179 9.68376e-06 -2.81551e-05 0.0026835 0.00258615 -4.21064e-05 -0.000238877 1.87934e-06 -1.05243e-05 -0.00114403 -0.00222776 -3.3704e-07 0.00260216 3.98238e-05 -7.52384e-05 7.68893e-06 7.85756e-05 -0.001208 -9.5012e-06 -0.000216438 -0.0016722 -0.00277581 -1.00262e-05 -0.000225143 -5.82378e-05 -0.000475293 0.000277665 0.00261632 -0.00196414 -0.000866279 4.73376e-05 0.00132142 -0.000117838 9.24046e-05 3.42695e-06 -0.000153919 -1.70402e-05 -2.74519e-05 -0.000652227 -6.87203e-05 -0.00132556 0.000120287 
-8.64722e-05 -6.83949e-05 1.53629e-05 -1.96941e-06 -8.72217e-05 1.62914e-06 -8.03656e-05 -1.54294e-05 6.13968e-05 3.98367e-05 1.48969e-06 4.78085e-07 -9.5781e-07 -5.09621e-06 -5.36952e-08 -1.60099e-07 -5.36295e-05 7.16736e-05 6.54172e-05 1.03045e-05 0.000202548 9.36527e-06 1.69135e-05 -4.39681e-05 8.77586e-05 1.86696e-05 -9.26822e-08 2.31214e-05 3.93617e-05 1.00639e-06 2.90561e-05 -7.40264e-05 -1.71716e-07 8.40801e-05 7.13658e-06 -8.64507e-05 3.03e-06 5.05451e-05 2.42825e-05 -2.71505e-06 4.27003e-06 5.30986e-07 7.85651e-06 -9.42694e-06 -1.52902e-05 -6.36528e-06 -4.15328e-06 1.35517e-05 1.37028e-05 -6.88383e-06 3.37413e-06 -1.25751e-05 -5.76955e-05 2.53254e-05 -3.55604e-05 3.87996e-06 -6.84802e-05 9.28976e-06 4.80454e-06 3.96556e-07 -7.96828e-07 -1.21209e-06 6.83674e-05 5.58323e-06 -6.11126e-06 -1.9178e-07 4.19478e-06 -7.33281e-05 -0.000101741 -1.84176e-08 5.89724e-05 5.9662e-07 0.000104539 2.23226e-05 1.8467e-05 -3.708e-05 -7.38625e-07 5.96817e-09 -2.53333e-05 -9.7824e-05 1.24692e-05 -2.2109e-06 -3.06616e-06 -3.11296e-05 1.98758e-06 6.89759e-05 -9.17723e-05 -1.59479e-05 8.49891e-08 7.5718e-05 1.07052e-05 4.52355e-06 -1.27122e-06 -5.98775e-06 -1.1801e-06 8.11786e-06 -3.36915e-05 -2.81637e-06 -7.25343e-05 1.25126e-05 
0.0146579 -0.00782626 0.00616314 0.00160985 0.00881358 -4.38321e-05 -0.00205889 0.00149933 0.000955969 0.00289842 -0.000312528 5.48332e-06 -0.000301974 -0.00181335 -0.000102761 1.94613e-05 0.00701577 -0.0113946 0.000184742 -1.98035e-05 9.36527e-06 0.0433063 -0.000200546 0.00169506 -0.00758946 6.01332e-05 -1.59203e-05 -0.0159157 0.00409081 -0.000514245 4.24045e-05 0.00381896 -2.80278e-05 0.00362386 -0.000400701 0.0057329 -0.000843999 0.00367672 -0.000300204 -0.000234727 -0.00302288 -1.12921e-05 -7.77059e-05 -0.00689603 0.00029059 -0.00194674 0.00245742 -1.13244e-05 -0.00026545 -0.000972665 -0.000207752 -0.000980247 -0.0162947 -0.0104539 -0.00436317 -3.44484e-05 0.0142505 -0.00664118 -0.00352641 0.000589056 -7.21213e-05 0.0014636 0.00520208 -0.000590679 -0.00274837 5.2534e-05 0.000154683 -0.00104124 0.00413019 3.77589e-06 -0.00133402 0.000143285 0.00468923 0.000773244 0.00400014 -0.015084 4.24514e-05 -0.00308421 -0.0203191 -0.00562496 -0.000348348 -0.0168156 -0.000735138 0.00241025 -0.00141927 0.00266507 0.00438048 0.00717785 -3.16748e-05 0.00372645 -0.0014192 0.00350877 0.000215771 8.04308e-05 0.000292527 -0.000104405 -0.00891478 -0.000706929 0.0147621 -0.00132513 
0.000334953 0.00174144 -0.000368705 8.06884e-06 -0.000856456 5.65388e-06 0.000418486 -0.000435567 -5.54803e-05 -0.00120292 0.000279976 9.27308e-06 -5.02075e-05 0.000543717 -1.99237e-05 2.45059e-05 0.00124479 -0.000166034 0.00014855 1.66059e-05 1.69135e-05 -0.000200546 0.00695937 -0.000947909 -0.000164736 0.000246858 -2.48408e-06 -0.00168801 0.000614661 0.00047605 0.000380467 0.00172887 4.71893e-05 -0.000777676 -8.05992e-05 0.000567385 0.000608072 -0.000359012 0.000160056 1.74672e-05 0.000701648 8.31885e-05 0.000193235 -0.000484621 -0.000610264 0.00196441 0.000135794 0.000214142 6.01534e-05 -0.00020457 0.000143976 -0.000365401 -0.00154515 -0.000384824 -0.000605313 6.37479e-05 -0.000630537 -0.000140551 0.000313448 2.02436e-06 1.92139e-05 -0.000367253 -0.000424533 -3.9189e-05 0.000108726 -4.21232e-06 3.97016e-05 -0.000584163 -0.00114046 8.40628e-07 -0.000917525 2.818e-05 6.77826e-05 0.000443888 0.000396188 -0.000820828 0.000453634 -0.000429722 0.000136416 0.000350318 5.26619e-05 -0.00171292 2.48251e-05 -0.000329919 -8.88019e-05 -0.000320159 -0.00161063 -0.000524255 9.24843e-05 -0.00028018 4.81511e-05 9.35907e-05 -4.24504e-06 0.000659238 2.73304e-05 -4.2873e-06 -0.000835941 -0.000108699 -0.000573675 -4.922e-05 
0.0317499 0.052156 -0.0231754 0.000559119 0.0102343 -5.95923e-05 0.104833 0.0132656 -0.0426872 -0.0918245 -0.00198314 -6.66183e-05 -0.0062329 -0.0301603 -0.000615573 8.6228e-05 0.0820327 -0.0364887 7.85392e-05 -0.00264375 -4.39681e-05 0.00169506 -0.000947909 0.142409 -0.0574427 -0.00120445 -3.12727e-05 0.0235604 -0.0257365 -0.000176383 -0.0054649 -0.000766305 -0.000894762 -0.0574382 -0.00661843 0.0466944 -0.00195418 -0.00974308 -0.00543308 -0.00792619 -0.0240304 -0.000246681 -0.00593022 0.0104412 -0.0552733 -0.00527392 -0.00443598 -0.000244743 0.00105693 -0.01099 0.000717728 0.007254 0.0126233 -0.0497011 -0.0296271 -4.87026e-07 0.0621356 0.0193439 -0.058099 -0.000433459 3.47668e-05 -0.0415484 -0.0516436 -0.00726772 0.00619484 -0.000630032 0.000525786 0.05446 0.0908285 -4.34421e-05 -0.0466946 -0.0014244 -0.012054 -0.0442143 -0.0120484 0.0219372 -0.000570731 0.00990073 0.0109492 0.0535583 0.00107891 0.00787083 -0.0238469 -0.024185 -0.00884554 -0.0499263 0.077422 0.0310997 -0.00040989 -0.0228807 -0.00305012 -0.00504103 -0.00546638 0.00620784 -0.00429026 0.000903078 -0.0178759 -0.000807193 0.0570365 -0.00612285 
-0.175746 -0.124598 0.0468054 -0.00400002 -0.141722 7.78551e-05 -0.0963159 -0.032745 0.0493499 0.094607 -0.00188393 0.000110799 0.00289146 0.0139757 0.000240645 -0.000332914 -0.118026 0.148945 0.00175684 0.0019667 8.77586e-05 -0.00758946 -0.000164736 -0.0574427 0.244479 0.000224344 -2.70182e-05 0.111146 0.0195099 0.0047607 0.00411917 -0.0776338 -0.000166145 0.0840597 0.00394554 -0.132029 0.0103069 0.0355249 0.00317538 -0.00304162 0.0226608 -0.000125817 0.00133159 0.0619098 0.0376259 -0.00720952 0.00484197 5.48096e-05 0.0022743 0.000998467 -0.00137358 -0.00650811 0.0458591 0.111475 -0.0393568 0.000181467 -0.155441 0.0113539 0.0342065 -0.000629728 0.00403604 0.0400438 0.0666088 0.00512262 -0.00666329 0.000461883 -0.00199743 -0.136831 -0.132926 -2.10783e-05 0.0921483 0.00188218 0.0345163 -0.0014879 0.00890082 0.077575 -0.00149648 0.0115183 0.00985062 -0.0674412 -0.000879375 0.123364 -0.0118561 -0.0452441 0.0185903 0.0958249 -0.119766 0.0236023 -9.64592e-05 0.029805 0.00516711 0.00927369 0.00349196 -0.0172203 -0.0020991 -0.00042007 -0.0145598 0.00383933 -0.153586 0.0162362 
-0.00011276 -0.000385223 0.000205453 -1.39776e-05 -6.17841e-05 -1.38289e-06 -0.0009914 -0.000101363 0.000631029 0.00051987 1.97161e-05 8.17378e-06 6.2535e-06 0.000155921 -5.23865e-06 -1.41682e-06 -0.000681453 0.000304223 5.86194e-06 1.08585e-05 1.86696e-05 6.01332e-05 0.000246858 -0.00120445 0.000224344 0.00190169 3.6167e-07 -0.000646165 7.31161e-05 -1.39785e-05 0.000108469 0.000342841 4.01332e-05 0.000375527 1.58328e-05 0.00018548 -4.09586e-05 -0.000139018 5.87417e-05 6.89608e-05 0.000513418 5.89639e-05 4.51524e-05 -0.000256404 0.00035915 1.63007e-05 2.62103e-05 0.000132579 -1.3663e-05 8.75189e-05 8.23062e-06 -9.12204e-05 -0.000572028 0.000211103 0.000410595 6.4594e-06 -0.000513365 -0.000244951 0.000386022 -8.85314e-06 -1.46291e-05 0.00040015 0.000217277 -3.04021e-05 -0.000132791 9.67412e-06 3.19151e-06 -0.000557054 -0.000885457 -8.43261e-08 0.000166296 -1.09509e-06 0.000239179 0.000629592 6.17349e-06 -0.000537276 1.36655e-06 -0.000139197 1.72493e-05 -0.000546531 8.6157e-06 -0.000704431 0.000422967 0.00045372 5.95039e-05 0.000321592 -0.000744783 -0.000396294 5.12554e-05 0.000255177 8.16832e-05 -2.12863e-05 -1.25095e-05 -6.40281e-05 -9.12091e-06 -4.98166e-06 0.00023675 -3.68864e-05 -0.000517621 2.58777e-05 
-1.67227e-06 -0.000119317 1.37778e-05 -2.80291e-06 -3.30114e-06 -3.05931e-07 -0.00011061 -2.62193e-05 2.92457e-05 1.51605e-05 -2.18879e-06 2.89217e-07 -5.03886e-07 -1.81957e-05 -1.26721e-06 -3.61538e-07 1.65928e-05 -4.32786e-05 -4.51308e-07 -1.17385e-06 -9.26822e-08 -1.59203e-05 -2.48408e-06 -3.12727e-05 -2.70182e-05 3.6167e-07 0.00045728 -4.30254e-05 -1.33866e-05 2.09149e-06 7.99534e-07 -1.22687e-05 -4.83492e-07 1.72482e-05 4.02185e-06 9.04409e-05 -2.01028e-05 -4.07793e-05 -3.35155e-06 -4.37848e-06 2.15402e-05 7.96248e-08 1.57713e-06 3.35062e-05 7.80647e-06 -1.9434e-05 -1.19465e-05 3.21118e-07 1.11082e-05 -1.08067e-05 7.44247e-06 0.000137991 -2.23188e-05 -0.000127706 -6.52103e-06 6.6669e-06 -7.47266e-06 -5.20004e-05 -7.24581e-05 7.39457e-06 -3.60598e-06 2.82416e-05 -3.10497e-05 -9.56972e-06 -1.18037e-05 -4.33079e-07 -2.72201e-06 -8.01614e-05 -8.58371e-05 -4.15908e-08 -2.60638e-06 -1.5382e-06 -7.0691e-06 9.26211e-06 -1.01695e-05 0.000169658 -6.07044e-07 3.55127e-05 -0.000143586 -3.12954e-05 -3.62147e-06 -6.63755e-05 -1.16741e-05 6.55811e-05 5.35743e-05 8.39997e-06 8.03801e-05 -5.27049e-05 1.23345e-06 1.86799e-05 5.86669e-06 -6.78605e-06 1.74922e-05 -1.41009e-05 -1.25381e-06 2.03806e-05 -5.92347e-05 6.34836e-05 1.3418e-05 4.08172e-05 
-0.176394 -0.115061 -0.0138076 -0.00360495 -0.135917 0.000133071 -0.00571138 -0.0292215 -0.0339143 -0.0168122 0.00118112 -6.25886e-05 8.24922e-05 0.00447928 0.00136329 -0.000281541 -0.0660475 0.0961627 0.00186259 -0.00104936 2.31214e-05 -0.0159157 -0.00168801 0.0235604 0.111146 -0.000646165 -4.30254e-05 0.235143 -0.019341 0.00501075 -0.000791461 -0.047365 -0.000383904 -0.0200593 -0.00667355 -0.157395 -0.00934604 -0.0116099 -0.00265721 -0.00393551 -0.0087931 -0.000113192 -9.25488e-05 0.0758717 -0.0107987 0.00514084 -0.00622491 -0.000165238 0.0037655 -0.00953795 0.00199216 0.00690778 0.123731 0.139545 -0.0118069 0.000166141 -0.140202 0.0818026 0.0577577 -0.00197443 0.00314648 -0.0217322 -0.0314039 0.00595518 -0.0254989 -0.000351447 -0.00225465 -0.143069 -0.0471118 -3.17299e-05 0.00228371 -0.00025985 0.00016438 -0.0223456 -0.00906345 0.159586 -0.00140053 0.041941 0.100621 0.0373793 0.00359009 0.21292 -0.00973954 -0.0482477 0.00967743 -0.0132623 -0.0772104 0.0415092 -0.000103171 -0.0154049 0.0064471 -0.00219243 -0.00493233 -0.00200192 -0.00219454 0.00179553 0.0709402 0.0116173 -0.137197 0.0160512 
-0.00193458 -0.0163306 0.0100852 -9.49659e-06 0.00416402 1.37259e-05 -0.0354475 -0.0041432 0.0301449 0.031665 0.00205573 0.000112297 0.00074689 -0.000752598 -0.000152065 -6.37397e-06 -0.0280697 -0.00943672 -9.05509e-06 -4.68638e-05 3.93617e-05 0.00409081 0.000614661 -0.0257365 0.0195099 7.31161e-05 -1.33866e-05 -0.019341 0.0508326 8.44043e-05 0.00407182 0.00675418 0.00110829 0.0288705 0.00436436 -0.0204495 0.0111608 0.0133783 0.00471298 0.000494912 0.000608112 0.00024801 0.000521575 -0.00809447 -0.000396378 0.00393948 0.0135495 0.000146439 -0.000374457 -0.00141174 -0.000309124 -0.00353057 -0.0194936 0.00206347 -0.00588468 -5.94358e-05 -0.0198161 -0.00716501 0.0207787 0.000719151 0.00105114 0.00312228 0.0357677 -0.000226826 0.00617631 0.000156215 7.00179e-05 -0.0151015 -0.0312435 3.54942e-05 0.0194407 7.74405e-05 0.0274723 0.0174256 0.00780169 -0.0166422 0.000760688 -0.00326461 -0.0182636 -0.0355513 -0.000264881 -0.0200147 0.00498699 -0.000878293 -0.00191752 0.0307442 -0.0285741 -0.0127598 0.000152924 0.0033422 -0.000456585 0.000516355 0.0054745 -0.000930988 0.00252319 -0.000376406 -0.00550363 -0.00102583 -0.017484 7.37938e-05 
-0.00544407 -0.00401937 0.007044 -0.000112345 -0.00663172 2.38069e-05 -0.00352861 -0.000924992 -0.00065374 -0.0019597 0.00181774 8.5328e-06 -3.84091e-05 0.00126637 -3.27563e-05 -8.64269e-06 0.00326192 0.0050655 0.000548126 -5.08612e-06 1.00639e-06 -0.000514245 0.00047605 -0.000176383 0.0047607 -1.39785e-05 2.09149e-06 0.00501075 8.44043e-05 0.0119432 -5.04798e-06 -0.00337585 0.000270137 -0.00136805 -0.00018603 -0.00580893 -0.000142324 -0.00066312 -9.89952e-06 -0.000125159 0.000474902 4.97367e-06 -0.000100236 0.000546481 -0.00077766 0.00204717 -0.000152386 5.43049e-05 0.000830663 -0.000429619 -1.62718e-05 0.000206205 -0.00235588 0.00458829 -0.00193042 0.00012644 -0.00445192 0.000295941 0.0035875 -4.16802e-05 0.000164544 -0.00063037 0.00170478 0.00172463 -0.000832717 -6.07763e-06 -7.03283e-05 -0.00452974 -0.00694104 -1.09905e-06 -0.00180975 0.000287975 0.000950701 -0.000564713 -0.000243471 -0.00317922 -1.47252e-05 0.00802884 -0.00373535 0.000783803 0.000997863 0.00615353 -0.000393703 -0.00185024 -0.000126757 0.00332733 -0.00570559 0.00105632 3.05416e-06 -0.000624036 0.000606122 0.00298372 -0.000116922 -0.000299807 -4.80771e-05 -5.7205e-05 -0.00106068 0.000188456 -0.0042462 -0.000216512 
-0.0015535 -0.00298472 0.0013974 -6.6645e-05 -0.00245294 -8.71832e-06 -0.00529109 -0.000734897 0.00427994 0.00443597 0.00013206 1.50573e-05 -3.08594e-05 -0.000379623 0.00014998 -6.2761e-06 -0.005036 -9.16212e-05 9.87199e-05 6.2007e-05 2.90561e-05 4.24045e-05 0.000380467 -0.0054649 0.00411917 0.000108469 7.99534e-07 -0.000791461 0.00407182 -5.04798e-06 0.00928796 -4.23154e-06 0.000190065 0.00371932 0.000504107 -0.00438767 0.000210813 0.00218145 0.000618924 -4.75119e-05 -0.000238279 0.000127906 0.000571441 -0.000484028 0.00229026 -0.000296625 0.00118182 0.000122351 -2.96341e-05 -0.000379252 -5.78905e-05 -0.000506075 -0.00134615 0.00267106 -0.00123362 -1.06977e-05 -0.00347016 -0.000649699 0.00139487 0.000418675 6.37762e-05 0.00252105 0.00443108 0.000288369 0.000239531 1.60577e-05 3.13207e-05 -0.00315905 -0.00473466 6.36518e-07 0.000606238 1.25647e-05 0.00411966 0.00332155 0.000923442 -0.00185758 0.000132377 -0.00059221 -0.00182135 -0.00512789 -6.61579e-05 -0.00113281 -3.49459e-05 -0.00121683 0.000149218 0.00431736 -0.0042259 -0.00160113 8.62559e-05 0.00108305 -0.000250583 0.00104956 0.000163331 -0.000235669 0.000250974 -6.19556e-05 -0.00150505 -0.00011149 -0.00335956 0.000512904 
0.0711512 0.0131487 -0.0304433 0.00172864 0.103955 2.17622e-05 0.0315888 0.00932818 -0.0105135 -0.0116053 -0.000637068 -4.27069e-06 0.000535102 -0.000281281 -0.000737296 -3.74778e-05 -0.00739917 -0.103595 -0.00127426 -0.00155894 -7.40264e-05 0.00381896 0.00172887 -0.000766305 -0.0776338 0.000342841 -1.22687e-05 -0.047365 0.00675418 -0.00337585 -4.23154e-06 0.249952 0.000467575 -0.0420157 -0.00197381 0.0447939 -0.00779291 -0.0476716 -0.00133401 0.00543106 -0.00898185 4.39678e-05 0.00257204 -0.0318206 -0.0204396 0.000187417 0.011917 -8.22996e-05 -0.00282976 -0.0060054 -0.00270916 -0.0177769 -0.0554799 0.00688678 0.0633067 -0.000290196 0.0555225 0.0208161 0.0419248 0.000941962 -0.00125551 -0.0248665 -0.0288592 -0.00249727 -0.0300052 -0.000284552 0.000411443 0.00716333 0.00795365 1.37067e-05 -0.0618789 -0.00151606 0.0101733 0.0234006 -0.00700733 -0.0153827 0.000472168 -0.029584 -0.0221532 0.0267465 -0.00317128 -0.057353 0.0167411 0.0501412 -0.0189924 -0.0455143 -0.0258187 -0.0362373 0.000248844 -0.0177732 0.00572783 -0.00732885 0.00451137 -0.0106605 0.00238973 -0.00271311 0.0370556 -0.00896128 0.0726804 -0.0103609 
0.000339657 -0.000478722 0.000231659 2.26255e-06 0.00018527 -7.16004e-07 -0.0011226 -0.000124832 0.000393347 0.000384471 0.000865956 4.14715e-07 4.73111e-05 -3.46055e-05 -3.95903e-06 1.17789e-05 -0.000495544 -0.000561392 -5.63058e-06 3.55776e-05 -1.71716e-07 -2.80278e-05 4.71893e-05 -0.000894762 -0.000166145 4.01332e-05 -4.83492e-07 -0.000383904 0.00110829 0.000270137 0.000190065 0.000467575 0.00161283 4.63863e-05 -1.82127e-05 -0.000800228 -3.46088e-05 -1.53322e-05 3.8764e-06 8.8706e-05 -4.93372e-05 8.65406e-05 2.28827e-05 -0.000221587 0.000154112 0.000368276 0.00104139 6.005e-05 1.54601e-05 -6.75908e-05 -9.8295e-06 -7.84628e-05 -0.000594314 0.00012337 -0.00020787 -7.7652e-07 -0.000599637 -0.00021387 0.000959182 1.97892e-05 -1.10664e-05 -7.58585e-05 0.00104174 -3.2375e-06 -0.000101681 8.8186e-07 -6.94261e-06 -0.000638453 -0.000962965 8.19805e-07 -0.000204425 0.000122435 0.000498588 0.000796171 0.000158882 -0.00061096 2.60108e-05 0.000177693 -0.000636317 -0.00106009 8.27507e-05 -0.000430795 0.000390958 -4.28677e-05 -6.31889e-05 7.05903e-05 -0.000845604 -0.000243439 8.58092e-05 1.43993e-05 3.08398e-05 8.07212e-05 0.000224968 9.81398e-05 0.000380279 -1.19291e-05 -0.000230937 3.57492e-05 -0.000170371 2.1915e-05 
-0.0560576 -0.0486711 0.0543185 -0.00138732 -0.0315388 -6.27512e-05 -0.0933366 -0.0114277 0.0690086 0.104381 -0.000496427 7.82102e-05 0.00150162 -0.00137174 0.000457354 -0.000116843 -0.081551 0.0517009 0.000913597 0.0028104 8.40801e-05 0.00362386 -0.000777676 -0.0574382 0.0840597 0.000375527 1.72482e-05 -0.0200593 0.0288705 -0.00136805 0.00371932 -0.0420157 4.63863e-05 0.125992 0.00814674 -0.0244621 0.0131743 0.0504952 0.00494283 0.000320709 0.0350971 1.43251e-05 0.00069541 -0.0167105 0.0524197 -0.00582655 0.00423491 -1.49549e-05 -0.000108556 0.0115029 -0.000835005 -0.00935024 -0.0433319 0.00361349 -0.0254502 -0.000103396 -0.0540933 -0.0218189 0.0112644 0.000695196 0.00173681 0.0590183 0.0904587 -0.00108428 0.00896849 0.000699181 -0.000403912 -0.0370559 -0.0884087 -2.4303e-06 0.0998701 0.00216305 0.0219102 0.0045294 0.0160049 -0.0348969 -0.000531888 -0.0097618 -0.070096 -0.0959024 -0.000607406 -0.0126819 -0.00447619 -0.0203293 0.0134753 0.114646 -0.0777624 -0.0307793 -2.98632e-05 0.0444563 0.00639391 0.00949598 0.00624828 -0.00645332 -0.000358954 -0.000964771 -0.0312848 -0.00266079 -0.0535657 0.00123035 
