0.0053476 1.97516e-06 -0.0027223 0.000116038 5.09449e-05 0.000177974 -4.02412e-06 -3.68939e-06 3.6404e-05 -0.000647116 0.00272269 -0.002183 -0.00256168 -0.00301212 -0.000319464 0.000141202 -0.000224833 0.000167066 -0.00152915 -7.34492e-05 5.86835e-06 6.12392e-06 -0.000958084 1.51382e-07 2.48553e-05 -0.00270968 2.31724e-06 0.000116124 -0.000134981 0.00142358 0.0028119 -0.0026873 1.69328e-05 0.000718138 -0.000423835 8.9399e-06 5.12928e-06 -2.3311e-05 -0.00272455 0.000765301 0.000150556 9.21944e-06 -7.40177e-08 0.000495325 0.000135211 -7.2035e-06 -0.000766045 0.000675935 4.80888e-05 -2.45383e-05 0.00139135 2.5643e-07 0.00144462 -2.60834e-07 0.000807378 -0.00256537 3.13545e-05 0.000156178 1.54168e-05 2.60036e-05 -4.76717e-08 9.91544e-06 -4.98437e-08 0.00238566 5.58111e-06 6.92834e-05 0.000970297 4.68721e-05 0.00107546 0.00109544 0.00236594 0.00150439 -0.000101017 -0.00152089 1.78623e-05 -3.30563e-05 3.85796e-05 1.56481e-05 3.23107e-05 0.000950323 -2.17325e-06 0.000744258 7.25014e-06 -0.00020908 -5.42977e-06 -0.00305304 0.000197957 1.65135e-05 2.42586e-05 8.39e-06 5.17336e-05 -9.79319e-05 -4.92122e-05 5.80599e-06 3.48046e-05 -0.000319808 -1.13737e-06 1.96128e-06 -2.54087e-05 -6.34249e-06 
1.97516e-06 0.000281465 -4.27116e-05 3.82119e-06 2.32309e-06 2.76234e-06 1.61335e-06 -2.40908e-07 -5.79763e-08 -0.000103962 -3.2558e-05 -0.000116883 -0.00010927 3.23966e-05 -5.10623e-05 -4.89012e-05 8.36866e-05 8.68341e-06 -7.22934e-05 -3.35586e-06 -1.66968e-06 1.18866e-06 4.27244e-05 -4.01239e-07 1.37784e-07 -1.17716e-05 2.03455e-07 -5.02813e-07 -1.56707e-05 2.98776e-06 -1.68132e-05 -5.23332e-05 4.49952e-06 2.09201e-06 -2.89458e-05 2.58635e-07 9.79886e-06 1.60604e-05 -8.29503e-05 -6.45045e-06 1.3706e-05 8.68965e-06 1.94378e-07 3.00417e-07 4.49019e-07 -1.17376e-06 4.56566e-05 2.20232e-05 9.54546e-05 7.38283e-06 -5.38455e-05 -3.7192e-08 1.15172e-05 1.77468e-06 -9.66826e-05 -9.06389e-05 5.6172e-08 2.77629e-07 -3.60639e-06 8.56587e-08 -2.49636e-09 7.72482e-07 1.49546e-07 5.82417e-05 1.01838e-06 -1.14631e-06 2.02342e-06 1.71986e-05 5.4961e-05 0.000113981 1.25002e-05 -9.99836e-06 -9.38169e-06 -3.98246e-05 -2.49254e-07 1.94693e-05 3.48694e-05 -1.02795e-07 7.67069e-08 1.17115e-05 8.75085e-07 -4.32064e-05 -3.17183e-07 -1.25032e-05 9.57087e-06 1.31519e-05 2.98743e-05 5.46549e-05 2.00187e-05 1.93414e-06 2.96281e-06 -3.42706e-05 3.87909e-07 6.54363e-07 4.96071e-07 -2.25822e-05 -5.95592e-08 -1.13741e-07 5.08667e-05 -1.20257e-07 
-0.0027223 -4.27116e-05 0.0845576 -0.00161619 -0.0033001 -0.00249907 -0.000290913 -1.71058e-05 -3.6497e-05 0.0526382 -0.0352842 0.0461993 0.0608003 0.0609266 0.00907342 -0.00249669 0.00295384 -0.000145446 0.0245115 0.000651127 -0.000210004 -0.000256541 0.0170987 -0.000835714 -0.000122668 0.043666 -0.00012479 -0.00212512 0.00344397 -0.0516008 -0.0527455 0.0469271 -9.51162e-05 -0.00112319 0.00272256 4.22269e-05 -0.000813318 0.000496802 0.0535355 -0.0545644 -0.00561758 -0.000832202 -8.88248e-06 -0.0545679 -0.00414578 -0.000612526 0.0152458 -0.00214866 -0.000889183 0.000459019 -0.0491059 -0.000108703 -0.0563053 1.03433e-05 -0.019783 0.0522106 -0.000422175 -4.20112e-05 -0.00953996 3.7354e-06 -2.06483e-07 -0.0038468 -5.91355e-05 -0.0316989 -4.49916e-05 -0.00130043 -0.0034106 -0.000142067 -0.0290442 -0.00144475 -0.0608193 -0.0275189 -0.00256779 0.0312742 -1.82525e-05 -0.00251474 -0.00287751 -0.000303708 -7.24181e-05 -0.0388549 -1.99724e-05 -0.0514528 0.000121293 -0.0030727 5.62391e-05 0.0610467 -0.00393087 -0.000345375 -0.000629167 -0.000104305 -0.000313122 0.00617594 0.00066045 -0.000733743 -0.000240252 0.0060992 -9.17267e-06 3.2118e-05 0.00112155 -0.000172763 
0.000116038 3.82119e-06 -0.00161619 0.00197299 0.000198266 0.000302375 0.000262503 -2.49008e-08 -4.07088e-07 -0.00123636 0.000497158 -0.000989709 -0.00123944 -0.001285 -0.00139934 4.96102e-07 1.19699e-05 5.65945e-05 -0.000645995 -5.77159e-05 -9.43547e-06 9.54836e-05 -0.000358082 1.09474e-05 2.00735e-06 -0.00108211 2.67741e-07 0.000662858 -6.85114e-05 0.00137647 3.26198e-05 -0.00101268 4.55689e-05 9.12466e-05 -0.000196918 2.68593e-05 0.000114442 -5.81302e-06 -0.00117612 0.00118618 0.00024234 -9.22364e-06 -3.94721e-08 0.00119959 -1.99839e-07 -4.17501e-06 -0.000315673 2.94644e-05 0.000110712 2.76028e-05 0.000869204 1.10552e-06 0.00109633 -7.13495e-07 6.08266e-05 -0.00112216 6.77903e-05 -4.12897e-06 1.91223e-05 2.52609e-05 8.24715e-08 -5.05971e-06 3.55492e-06 0.000527729 2.43506e-05 4.1181e-05 0.000176755 4.11321e-06 0.000529005 -6.46138e-05 0.00119485 0.000338349 -6.09276e-05 -0.000686244 -3.27949e-07 0.0006334 5.82237e-05 6.59227e-05 2.74756e-06 0.00129829 -2.21307e-07 0.00110772 -7.19391e-07 -4.46238e-06 4.42556e-05 -0.00123649 0.000552159 0.000103862 0.000189901 1.50161e-05 1.72251e-05 -0.000306276 -1.61121e-05 1.98562e-06 2.34562e-06 -0.00152964 -4.18202e-07 -7.98646e-07 -3.28621e-05 3.18156e-05 
5.09449e-05 2.32309e-06 -0.0033001 0.000198266 0.00829351 0.00019174 3.75366e-05 -6.76744e-06 -1.01111e-06 -0.003949 0.000875332 -0.00244923 -0.0042881 -0.00171064 -0.00198206 -8.02339e-05 0.00100029 7.60277e-05 -0.00130103 0.000201942 6.08965e-05 9.4977e-06 -0.000102818 8.06265e-06 3.99956e-06 0.000119551 1.72682e-06 -6.87937e-06 -0.000221183 0.00138001 0.00176531 -0.00281246 1.09418e-06 7.34608e-05 -0.00070561 -9.15027e-06 3.76258e-05 0.000229942 -0.00397818 0.00256442 0.00270021 -3.20475e-05 1.48857e-06 0.00176685 0.00011796 0.000138244 -2.63858e-05 -8.18055e-06 0.000250893 -1.48497e-05 0.000476825 3.88841e-05 0.00244624 -2.40821e-06 -0.000356357 -0.00289829 1.63353e-05 9.19023e-05 0.000101847 -5.59067e-06 -7.4156e-08 7.01562e-05 8.71851e-07 -0.00137042 1.26336e-05 -3.65394e-05 0.000138032 -4.54953e-06 0.00133878 0.000197142 0.000994921 0.000836926 2.99475e-05 -0.000658427 6.4513e-06 0.000533853 0.000228225 3.79909e-05 1.25414e-05 0.00157008 2.43305e-05 0.000350008 -1.22985e-05 -0.000352823 2.00006e-05 -0.00169085 0.00264098 0.000524198 6.15579e-05 3.90672e-05 1.62868e-05 -0.000350483 0.000264521 1.17969e-06 2.01232e-05 -0.000818318 1.89742e-06 4.87924e-07 4.24953e-05 0.000196492 
0.000177974 2.76234e-06 -0.00249907 0.000302375 0.00019174 0.00284867 2.87711e-05 -2.17783e-06 -2.99397e-07 -0.00188612 0.00103003 -0.00145022 -0.00193071 -0.00193053 -0.00181605 6.93732e-05 -0.000104101 6.72772e-05 -0.000958123 -5.5516e-05 -9.36776e-06 4.19176e-05 -0.000540044 2.096e-05 -2.21824e-07 -0.00142191 -4.15923e-07 0.000101342 -0.00014639 0.00128483 0.0015314 -0.0015268 1.12797e-05 3.94199e-05 -0.000317472 -1.89226e-06 0.000151925 -2.25004e-05 -0.00212178 0.00217042 0.000219633 4.88931e-05 -5.70414e-08 0.00200047 -8.17082e-06 -9.51011e-06 -0.000496244 -2.80843e-05 4.34142e-05 -1.47487e-05 0.00184037 1.95595e-06 0.00226509 4.40456e-06 0.000193313 -0.0016489 2.322e-05 -6.73807e-06 2.39896e-05 9.59795e-06 -2.53306e-08 8.89537e-06 4.17498e-06 0.00136198 7.85938e-06 -3.08781e-06 7.09194e-06 7.00578e-06 0.000761976 -0.000141823 0.00188701 0.00166402 -9.74755e-05 -0.00094565 1.72637e-06 2.18845e-05 4.89442e-05 3.96903e-05 3.52748e-05 0.000851671 3.41251e-08 0.0017639 -3.97465e-06 -8.2776e-05 1.51714e-05 -0.00197115 -2.60113e-05 2.81026e-05 3.06783e-05 9.52553e-06 9.49713e-05 -0.000454192 -2.55454e-05 4.28915e-05 1.3402e-06 -0.000690341 4.84542e-07 -2.31907e-07 -5.54002e-05 8.72554e-06 
-4.02412e-06 1.61335e-06 -0.000290913 0.000262503 3.75366e-05 2.87711e-05 0.00204004 1.88508e-05 5.79016e-06 -0.00115678 0.000168466 4.05016e-05 -0.000755796 -4.6131e-05 -0.000517302 -0.000189685 0.000153011 0.000126466 0.000375626 -5.66113e-05 -9.44004e-06 0.000125655 0.000657107 4.29686e-06 5.89816e-07 9.78177e-05 -2.19838e-07 1.42657e-05 7.68857e-06 6.37538e-05 -0.00033418 -0.000135811 9.13076e-05 4.84851e-05 -0.000193637 5.40746e-05 0.000166597 6.53812e-05 -0.000125958 -3.81053e-05 7.61871e-05 -4.45604e-06 -4.08163e-08 5.61137e-05 -4.09655e-06 1.76554e-05 -0.00020384 0.000255711 0.000167836 0.000124743 -0.000243246 2.63292e-07 -2.56431e-05 -9.90562e-07 -0.000911159 -1.1272e-05 2.45586e-05 3.92946e-06 7.54875e-05 3.27795e-05 1.04097e-07 6.27817e-06 3.15494e-06 -0.000121535 1.27914e-05 -1.90806e-06 0.000125771 2.04235e-05 -0.00044275 -0.000100121 -8.3904e-05 -3.98621e-05 -3.69195e-05 0.000264913 -1.54311e-06 8.40936e-05 2.57527e-05 6.3141e-07 5.41986e-07 2.45241e-05 8.40369e-07 -7.34837e-05 5.68979e-06 -4.72226e-05 0.000170555 -1.58995e-05 0.000206259 0.000156287 0.000334421 1.01861e-05 1.30648e-05 -0.000217108 9.44879e-06 3.09669e-06 1.79609e-05 -0.000623729 2.57867e-06 -8.25843e-07 -3.18915e-05 0.000107212 
-3.68939e-06 -2.40908e-07 -1.71058e-05 -2.49008e-08 -6.76744e-06 -2.17783e-06 1.88508e-05 0.000854935 -1.76201e-07 0.000179897 0.000290668 -0.000411706 -0.000228636 6.62559e-06 1.30846e-05 -1.37617e-05 0.000462591 -1.19309e-06 -0.000105183 -2.62813e-05 -5.14201e-06 -5.07239e-07 -0.000115236 -1.46737e-06 2.12159e-06 -0.000227857 2.19869e-07 8.8954e-06 -9.41524e-07 -1.94354e-05 0.00027695 -1.26096e-05 -7.78153e-07 -3.48452e-07 1.00178e-05 -6.91721e-07 -8.47671e-07 -5.41254e-06 -0.000411901 -3.8633e-05 -5.54261e-06 -5.19044e-06 -1.70848e-08 -2.64567e-05 -4.32179e-06 -2.8006e-06 9.1566e-06 -2.37709e-05 -1.64983e-06 -2.03276e-06 9.12036e-05 -1.13034e-07 -7.67013e-05 -4.14628e-07 0.000198701 -0.000451266 -2.92241e-07 1.97468e-05 -8.87965e-06 2.82559e-09 -7.58691e-09 1.49229e-05 7.54289e-07 -0.000191613 -4.54454e-08 -1.22328e-06 -3.28544e-06 -6.33743e-07 0.000162867 -4.65212e-05 -3.94617e-05 -2.04571e-05 -2.08613e-05 -0.000198209 4.80914e-06 -9.26616e-06 1.24529e-06 -3.12413e-07 -7.07922e-08 3.38585e-06 -3.4587e-07 3.91634e-05 1.84104e-06 4.33544e-05 4.3303e-07 0.000113697 -4.88417e-05 -5.45431e-07 -1.00996e-09 -9.88485e-08 -4.84478e-07 -4.77014e-05 -6.4687e-06 9.26327e-06 -3.20215e-07 5.24469e-06 -1.81012e-07 2.90988e-06 5.7066e-05 5.35627e-07 
3.6404e-05 -5.79763e-08 -3.6497e-05 -4.07088e-07 -1.01111e-06 -2.99397e-07 5.79016e-06 -1.76201e-07 0.00020588 -1.03287e-06 3.71918e-05 1.22613e-05 -1.63882e-06 -5.33869e-05 -3.65044e-06 -1.04135e-05 -8.79293e-06 2.60592e-06 -4.00418e-05 2.1228e-06 -8.19066e-08 3.83348e-06 -1.05227e-05 -3.58481e-07 4.79702e-07 -2.38635e-05 -2.998e-08 1.3866e-06 -1.14972e-05 -1.15517e-05 2.50227e-05 -3.6359e-05 3.22384e-06 1.93359e-05 -1.15907e-05 3.06359e-06 1.37182e-05 -1.67724e-06 -4.55239e-05 -1.06727e-05 4.82193e-07 1.0914e-05 -4.11158e-09 -1.16828e-05 1.07003e-05 1.02748e-05 -3.41702e-05 1.69379e-05 3.69772e-05 -3.79315e-07 2.1218e-05 -2.72023e-08 -2.21034e-05 1.58911e-06 -7.70808e-05 9.06826e-07 5.84861e-08 4.9769e-07 5.31582e-06 2.77441e-06 2.03964e-08 1.21028e-05 -1.01915e-07 6.16771e-05 1.1224e-06 3.49226e-06 2.39162e-05 2.44465e-05 -0.000110591 4.83632e-05 1.19899e-05 2.20835e-05 -7.14623e-06 -3.60451e-05 -1.82305e-07 -2.59859e-07 4.07935e-06 6.6926e-07 4.57185e-06 -1.26041e-05 5.65284e-09 -4.00295e-05 5.33202e-06 -1.00063e-05 6.37048e-07 -6.22194e-05 1.37794e-05 3.73467e-06 1.72362e-05 -2.37886e-08 8.34068e-08 8.20193e-06 1.62101e-06 1.52929e-06 -9.06144e-08 -1.21687e-05 -4.35617e-08 5.6986e-09 -4.13877e-06 5.66224e-07 
-0.000647116 -0.000103962 0.0526382 -0.00123636 -0.003949 -0.00188612 -0.00115678 0.000179897 -1.03287e-06 0.202163 0.00339089 -0.00620722 0.113398 0.0208098 0.00825578 -0.000719797 0.00392729 -0.00103216 -0.0703576 0.00525482 -0.00355503 -0.000156432 -0.0765042 -0.000911669 -1.643e-05 -0.0293498 -7.12037e-05 -0.00146486 0.00814519 -0.0406331 -0.0147388 -0.00507802 -8.58081e-05 -0.00060439 0.0113155 -0.000342286 -0.000641722 -0.00490406 0.0208327 -0.0382502 -0.00437244 -0.00134251 -8.36147e-06 -0.0413697 -0.00326749 -0.00100912 -0.00300544 -0.0106284 -0.00014051 -0.00278126 -0.0121685 -8.42201e-05 -0.0375218 -0.000249566 0.0830494 0.00773081 -0.00033525 0.000304029 -0.00667904 6.33902e-05 -7.26127e-08 -0.00189329 -8.7275e-05 0.0168661 -3.67718e-05 -0.00140314 -0.00257915 -0.000713648 0.0296228 0.0053369 -0.0358082 -0.00743399 -0.00746206 -0.0551621 7.13352e-05 -0.00278147 -0.00266686 -0.000251344 -5.69395e-05 -0.0336645 -0.000235524 -0.0349946 1.51902e-05 -0.00413919 -0.000632347 0.0207415 -0.0185361 -0.000669999 -0.00132192 -8.29832e-05 -0.000217326 0.014402 0.00163199 -0.000511188 -0.000166325 0.00845322 -7.6254e-07 -9.42055e-07 0.00469349 -0.00021488 
0.00272269 -3.2558e-05 -0.0352842 0.000497158 0.000875332 0.00103003 0.000168466 0.000290668 3.71918e-05 0.00339089 0.169209 -0.107708 -0.0558961 -0.112198 -0.000815328 0.00611784 0.00635762 -0.000343051 -0.01158 0.00544862 -0.00116776 0.000235374 -0.0393655 8.46546e-05 0.000113317 -0.0585147 7.3754e-05 0.00121447 0.010456 0.0269405 0.123195 -0.0918857 0.000139527 0.00147608 0.0418059 -0.000225106 0.000340242 -0.00203083 -0.101048 0.0254429 0.00129441 -0.00068117 -3.85251e-06 0.0183024 -0.000452796 0.0013129 -0.0327363 -0.00225158 0.00242677 -0.00112768 0.114253 5.27199e-05 0.014262 -7.24071e-05 0.0522883 -0.121458 2.99584e-05 0.000970033 0.00702039 0.000196338 -5.68653e-07 0.00104528 5.28253e-05 0.0145564 7.64059e-06 0.00255805 0.00292555 -7.00516e-06 0.0642194 0.0108505 0.0433794 0.0146076 0.00413739 -0.0771399 0.000341072 -0.0023089 0.00204506 -3.75219e-05 -5.37301e-06 0.0161226 -8.49138e-05 0.0864944 2.70816e-05 0.0230233 -0.000163145 -0.109673 -0.0111258 0.000233235 0.000517307 -2.14365e-05 0.000255435 0.0515871 -0.00139406 0.000479755 0.000168214 0.000881535 6.14788e-05 2.36786e-05 -0.00244865 0.000615471 
-0.002183 -0.000116883 0.0461993 -0.000989709 -0.00244923 -0.00145022 4.05016e-05 -0.000411706 1.22613e-05 -0.00620722 -0.107708 0.249571 0.0609228 0.142853 -0.000389287 -0.00676609 -0.00979881 0.000560049 -0.0183086 -0.0134279 0.00199022 -0.00023696 0.0691052 -0.000905074 -0.000133596 0.0814246 -7.55331e-05 -0.00182764 -0.0194937 -0.031114 -0.165962 0.129269 -0.000156336 -0.000817119 -0.0521341 0.000503326 -0.000501875 0.00156767 0.0953333 -0.0364654 -0.00446979 -0.00179234 -8.73035e-06 -0.0332117 -0.00271711 -0.000421538 0.0247805 0.00386832 -0.0021734 0.00142165 -0.130062 -6.41536e-05 -0.0184308 0.000154721 -0.099627 0.173543 -0.000244428 -0.00134589 -0.00747594 7.03236e-05 -2.28371e-06 -0.00259826 -0.000218849 -0.0168375 -2.14671e-05 -0.00212882 -0.00203689 -8.54805e-05 -0.134098 -0.0295706 -0.050008 -0.00553195 -0.0177594 0.078003 -0.000234709 -0.0057005 -0.00169789 -0.000162187 -2.10141e-05 -0.030397 -6.4047e-05 -0.115775 -0.000174089 -0.0234929 0.000113607 0.136931 0.0172441 -0.000580861 -0.000667037 -3.40879e-05 -0.000192842 -0.0867336 0.00158384 -0.000372257 -8.24415e-05 -0.000859269 -6.83219e-05 -6.04313e-05 -0.00558196 -0.00114186 
-0.00256168 -0.00010927 0.0608003 -0.00123944 -0.0042881 -0.00193071 -0.000755796 -0.000228636 -1.63882e-06 0.113398 -0.0558961 0.0609228 0.209905 0.0717312 0.00583816 -0.000350529 -0.00405807 -0.000246138 -0.0767255 -0.00626508 -0.000980492 -0.000262201 -0.0321972 -0.0010249 -0.00015904 0.00867006 -9.22245e-05 -0.00177761 0.00425149 -0.041451 -0.0794997 0.0497252 0.000137497 -0.000850273 -0.0165059 0.00014022 -0.00068486 -0.00159262 0.0723371 -0.0460842 -0.00507441 -0.000742429 -8.91473e-06 -0.0406014 -0.00354336 -0.000542181 0.000117345 -0.0096053 -0.00281128 -0.00257954 -0.0643595 -9.10235e-05 -0.0428735 -4.29893e-05 0.0215007 0.0776197 -0.000324295 -0.00108996 -0.00978677 4.76459e-05 9.24565e-07 -0.00271591 -0.000165596 0.00496843 -3.27459e-05 -0.00147033 -0.00268443 -0.000587947 -0.0351774 -0.00335487 -0.0580753 -0.0139532 -0.0169592 -0.00344442 -0.00033505 -0.00436781 -0.00252771 -0.000241675 -5.79329e-05 -0.0346647 -0.000211644 -0.0594807 0.000374351 -0.0163117 -0.000460434 0.0615877 0.0013774 -0.000979024 -0.00181483 -7.47374e-05 -0.00029143 -0.0141737 0.00188028 -0.000512645 -8.43333e-05 0.00750199 1.57021e-05 -4.05547e-05 0.00409938 -0.00180107 
-0.00301212 3.23966e-05 0.0609266 -0.001285 -0.00171064 -0.00193053 -4.6131e-05 6.62559e-06 -5.33869e-05 0.0208098 -0.112198 0.142853 0.0717312 0.216673 0.00233888 -0.00890383 0.00943356 0.000167809 -0.0187462 -0.0161602 0.000981822 -0.000334053 0.0578968 -0.00118255 -0.000145957 0.079147 -9.90393e-05 -0.00224884 -0.0139589 -0.0408967 -0.183983 0.1552 -0.000418758 -0.00133996 -0.0716874 0.000135919 -0.000616568 0.00297681 0.107414 -0.0443441 -0.00382531 0.000721556 -5.29505e-06 -0.0551089 -0.0035666 -0.000921038 0.0500289 -2.80341e-05 -0.00138812 0.00153502 -0.179466 -8.42324e-05 -0.0367373 9.93446e-05 -0.0761045 0.158712 -0.000320539 0.00059135 -0.00983574 -0.000224712 6.59108e-07 -0.00352523 -0.000165724 -0.00541093 -3.04847e-05 -0.00252479 -0.00246615 -7.48555e-06 -0.081671 -0.0331645 -0.0539103 -0.0285264 -0.023414 0.10634 -7.1264e-05 -0.00746431 -0.00164464 -0.000236687 -2.74146e-05 -0.0342966 9.64363e-05 -0.146804 -4.56957e-05 -0.0293647 0.000147113 0.189475 0.0134276 -7.92183e-05 -0.000146587 -7.09616e-05 -0.000353097 -0.107094 0.00128867 -0.000657815 -0.000367485 0.00103441 -8.75689e-05 7.93658e-05 0.0044939 -0.000249548 
-0.000319464 -5.10623e-05 0.00907342 -0.00139934 -0.00198206 -0.00181605 -0.000517302 1.30846e-05 -3.65044e-06 0.00825578 -0.000815328 -0.000389287 0.00583816 0.00233888 0.033464 0.00582755 0.00128782 -0.000917936 0.00919549 0.000656941 8.26192e-05 -0.000196195 -0.00169415 8.10363e-06 2.39517e-06 0.00266764 -1.37527e-06 -0.000826667 0.000458164 -0.00718365 0.00189114 0.00153802 -0.000274586 -0.000240135 0.00296024 -6.61507e-05 -0.000156014 -0.0036955 0.00528351 -0.00914961 -0.000724167 -4.09147e-05 -5.07451e-06 -0.0078665 9.60246e-05 6.64323e-05 -0.000308612 -0.00535026 1.83993e-05 -0.000537996 -0.00251293 -9.9651e-06 -0.015176 2.75647e-07 0.00702079 -0.00162912 -0.000248103 6.57727e-05 -4.44493e-05 -8.91045e-05 2.0737e-07 -5.73613e-05 -2.33765e-05 -0.0043829 -3.56144e-05 -9.27383e-07 -0.0001197 1.56575e-05 -0.0027624 0.00190248 -0.00635442 -0.00523555 0.00091689 -0.00597304 6.85665e-06 -0.00102455 -0.000516043 -0.00018771 -6.59431e-05 -0.00616564 -3.96877e-05 -0.00283892 1.03736e-05 -4.53177e-05 -0.000337908 0.00250481 -0.0114663 -0.000222899 -0.000331201 -0.000102918 -0.000151717 0.0048434 -0.00127058 -1.13846e-05 -8.92005e-05 0.00752722 -2.80444e-05 -2.11843e-05 0.000397073 -0.000134477 
0.000141202 -4.89012e-05 -0.00249669 4.96102e-07 -8.02339e-05 6.93732e-05 -0.000189685 -1.37617e-05 -1.04135e-05 -0.000719797 0.00611784 -0.00676609 -0.000350529 -0.00890383 0.00582755 0.0290895 0.00119923 -0.000180009 -0.00234777 0.000565832 -0.000646053 -7.74226e-05 -0.0175144 4.3073e-05 7.81043e-06 -0.00593657 4.36605e-06 -9.47343e-05 0.00139601 0.00176822 0.0100558 -0.0108588 -2.77389e-05 4.42377e-05 0.00287578 1.60102e-05 -1.81025e-05 -0.00275351 -0.00572879 0.00187917 0.0002656 -0.000640494 -1.85678e-06 0.00235959 0.000132675 7.50566e-05 -0.00385458 -0.00394874 7.86613e-05 -0.00185283 0.00854861 2.19486e-06 -8.42433e-05 -8.33506e-06 0.00957182 -0.0106289 -4.07469e-06 3.55612e-05 0.000392911 -1.73299e-05 -5.56321e-07 0.000122399 -6.52451e-06 0.0042525 -7.85036e-07 -9.15337e-06 9.07615e-05 -0.000117096 0.00457134 0.00166423 0.00282623 0.00245207 0.000984575 -0.0123113 1.84495e-05 0.000408333 3.5338e-05 8.09371e-06 -7.44767e-08 0.00108231 -0.000108356 0.00653773 4.17318e-05 -0.000352024 -0.000608031 -0.00872618 -0.00215876 -3.43426e-05 -0.000144181 -1.70134e-05 -1.19536e-05 0.00465653 -0.00177088 8.4813e-06 1.34496e-05 0.00113491 -8.24491e-06 -2.16959e-05 9.01183e-05 -0.000351522 
-0.000224833 8.36866e-05 0.00295384 1.19699e-05 0.00100029 -0.000104101 0.000153011 0.000462591 -8.79293e-06 0.00392729 0.00635762 -0.00979881 -0.00405807 0.00943356 0.00128782 0.00119923 0.048892 -9.01417e-05 -0.00984117 -0.00113784 -0.00028759 6.20527e-05 -0.00654969 -8.73955e-05 3.44854e-05 0.00333271 -2.88279e-06 -9.51464e-05 -0.00251443 -0.00206762 0.00182757 0.00745291 -3.77462e-05 -3.97267e-05 -0.00393872 -3.94879e-05 0.000119799 -0.000365596 -0.0108341 -0.00296597 0.000851093 -0.000153086 -1.02927e-06 -0.0032144 -0.000262925 6.41247e-05 -0.00117634 -0.00125752 0.00186117 -9.21857e-05 -0.0024614 -5.16522e-06 -0.00509989 2.45542e-05 0.00758946 -0.0141323 -1.84331e-05 0.000752232 -0.00056128 -3.29924e-05 1.95404e-06 -0.000191762 0.000102565 -0.0026186 1.25105e-06 -0.000215309 -3.63938e-05 -4.68059e-05 0.00468984 -0.00163695 -0.00225368 -0.00229062 -0.00159123 -0.00834766 1.65168e-06 -0.000579717 0.000220992 -1.88212e-05 -4.04263e-06 -0.00256968 -1.27813e-05 -0.00982677 0.000147511 -0.00234157 -3.39851e-05 0.0126086 0.000533037 0.000686858 0.000855365 -8.66206e-07 -7.09835e-06 -0.00473838 -0.000306357 5.93776e-05 -1.88728e-05 0.000517031 -9.19387e-06 4.98413e-05 0.00307851 -3.35965e-05 
0.000167066 8.68341e-06 -0.000145446 5.65945e-05 7.60277e-05 6.72772e-05 0.000126466 -1.19309e-06 2.60592e-06 -0.00103216 -0.000343051 0.000560049 -0.000246138 0.000167809 -0.000917936 -0.000180009 -9.01417e-05 0.00191009 -0.000286727 2.35592e-05 3.43773e-05 3.60989e-05 -1.45471e-05 -3.08713e-06 -1.87316e-07 0.000209352 1.18805e-06 -4.88749e-06 -0.000111667 -6.95004e-05 -0.000486425 -0.000180537 0.000173204 0.00011915 -0.000213727 7.41395e-05 2.09708e-05 0.000441553 -0.000105393 -0.000114898 -8.35857e-06 0.00010094 1.61789e-07 2.27713e-05 -3.44721e-06 -5.57843e-06 -0.00027988 0.000813986 1.83925e-05 5.19628e-05 -0.0004232 -2.52807e-07 0.000197547 1.13932e-06 -0.00109429 0.000599441 5.45343e-06 -3.74339e-06 -7.08146e-06 7.6272e-05 -1.69686e-08 -1.52076e-06 -2.58271e-07 0.000270188 5.73169e-06 9.46188e-06 6.30089e-08 3.05404e-05 -0.000916454 -3.96122e-05 -7.34561e-05 0.000641966 -6.05363e-05 0.000650139 -4.94269e-07 6.42964e-05 2.26197e-05 5.1346e-06 3.05417e-05 -8.24236e-05 3.20422e-06 -0.000337171 3.90755e-05 -4.27274e-05 3.06294e-05 1.54742e-05 0.000689298 5.17506e-05 2.44453e-05 3.87567e-05 9.65942e-05 -0.000307142 6.61857e-06 2.38704e-05 5.61607e-06 -0.000695599 -4.04844e-07 4.59353e-06 -1.18807e-06 7.5492e-06 
-0.00152915 -7.22934e-05 0.0245115 -0.000645995 -0.00130103 -0.000958123 0.000375626 -0.000105183 -4.00418e-05 -0.0703576 -0.01158 -0.0183086 -0.0767255 -0.0187462 0.00919549 -0.00234777 -0.00984117 -0.000286727 0.224616 0.000548094 6.0127e-05 -8.06087e-05 0.0642262 0.000679387 -8.57829e-05 0.0542558 -3.49098e-05 -0.000895732 0.00858237 -0.017168 0.0217972 -0.0155853 -0.000210048 -0.000908686 0.0336758 0.000148084 -0.00030786 0.000701224 -9.90023e-05 -0.0210421 -0.000411504 -0.00131149 1.89782e-06 -0.0209414 0.00257859 -0.000588499 -0.00459714 0.000931624 -0.00122879 0.00240193 0.00242228 -1.93034e-05 -0.0324817 6.64528e-05 -0.0571526 -0.0154942 -0.000152847 -0.000638379 0.00230583 -0.000243127 -1.06511e-06 -0.00146585 8.99916e-05 -0.0758975 -1.74715e-05 0.000865241 -0.00120996 0.000321891 -0.0209885 0.00551352 -0.0303306 -0.0290205 0.0192769 0.051582 -0.000247571 0.00371756 -0.00137155 -7.65182e-05 -2.80409e-05 -0.00985431 0.00018025 0.0266579 -0.000387237 0.0140718 0.000442871 -0.0166675 -0.0208037 -0.000541216 1.18692e-05 -3.00224e-05 -0.000122191 0.0421843 -0.00114906 -0.000224161 -0.000109316 0.00137789 -1.71238e-05 -6.46296e-05 -0.00534265 0.000117229 
-7.34492e-05 -3.35586e-06 0.000651127 -5.77159e-05 0.000201942 -5.5516e-05 -5.66113e-05 -2.62813e-05 2.1228e-06 0.00525482 0.00544862 -0.0134279 -0.00626508 -0.0161602 0.000656941 0.000565832 -0.00113784 2.35592e-05 0.000548094 0.0304652 0.000100911 1.96484e-06 -0.00520865 -3.16134e-05 7.53301e-05 -0.00297594 3.42785e-07 -4.69709e-05 -0.00110709 -0.0017936 0.0153501 -0.0150179 4.51615e-05 -5.26646e-05 0.000668999 -3.1336e-05 -2.14718e-05 -0.000105272 -0.00315905 -0.00184833 -0.000191989 -0.000152323 2.83068e-07 0.000610071 -0.000134866 -0.000104689 -0.00297133 0.000596058 0.000231865 -0.000161849 0.013179 -4.08848e-06 -0.00138359 -1.40974e-05 0.0064896 -0.00979428 -1.24384e-05 -1.06665e-06 -0.000416908 -9.57059e-06 -2.78897e-07 0.000503819 1.77213e-05 -0.0016508 -1.05948e-06 -8.1913e-05 -0.000103882 -3.04186e-05 0.00921708 0.00404313 0.00145767 -0.000722951 0.00284126 -0.00670133 1.99307e-05 -0.00016289 -9.00852e-05 -6.96219e-06 2.75436e-07 -0.00139958 1.63302e-05 -0.00271208 3.54627e-05 -0.00114734 4.04174e-05 -0.0144761 -0.00184389 4.48494e-05 -7.05095e-05 2.00885e-05 0.000108646 0.0159202 -0.000222471 6.17886e-05 -2.19469e-05 -0.000189907 -4.4293e-07 1.52705e-05 3.87953e-05 8.31492e-05 
5.86835e-06 -1.66968e-06 -0.000210004 -9.43547e-06 6.08965e-05 -9.36776e-06 -9.44004e-06 -5.14201e-06 -8.19066e-08 -0.00355503 -0.00116776 0.00199022 -0.000980492 0.000981822 8.26192e-05 -0.000646053 -0.00028759 3.43773e-05 6.0127e-05 0.000100911 0.00597325 -2.85124e-06 0.0011144 -8.37255e-06 -1.37622e-06 0.00162217 -8.74897e-07 2.9842e-06 -0.000351827 -0.000107458 -0.00150659 0.00160787 -4.3761e-06 -1.48027e-05 -0.000652998 -7.19159e-07 -1.05321e-06 -5.10859e-05 0.000584901 0.000155776 -2.91638e-05 -3.42431e-05 -1.19987e-07 0.000201161 -3.00667e-05 -1.96196e-05 -0.000699644 -3.70648e-05 -2.4555e-05 0.000192254 -0.000946358 -5.27171e-07 0.00022181 3.03251e-06 -0.00363888 0.00185659 -2.62164e-06 -1.51043e-05 -8.33441e-05 6.12467e-06 -5.32831e-08 9.96625e-05 -1.96306e-06 -0.00132872 3.9475e-06 -2.5554e-05 -2.41641e-05 -2.19117e-06 -0.00333589 -0.000333842 -0.000323335 -9.76695e-06 -0.000172035 0.00307644 -5.04238e-06 -5.06517e-05 1.16914e-05 8.36912e-08 1.7806e-06 0.000151319 6.38206e-06 -0.000983029 1.36653e-05 -0.000240299 2.73041e-06 0.000891083 0.00181682 -1.00006e-05 1.49972e-05 1.44058e-05 1.24753e-05 -0.000893348 -2.11776e-05 6.14678e-05 3.71879e-05 -5.15815e-05 -1.27125e-06 -6.27717e-07 -0.000106645 -6.34989e-06 
6.12392e-06 1.18866e-06 -0.000256541 9.54836e-05 9.4977e-06 4.19176e-05 0.000125655 -5.07239e-07 3.83348e-06 -0.000156432 0.000235374 -0.00023696 -0.000262201 -0.000334053 -0.000196195 -7.74226e-05 6.20527e-05 3.60989e-05 -8.06087e-05 1.96484e-06 -2.85124e-06 0.000592449 -5.22296e-05 -6.20868e-07 1.36783e-06 -0.000257752 -5.29718e-08 1.21836e-06 2.08862e-06 5.95726e-05 0.000128944 -0.000285659 2.04609e-05 4.9993e-06 3.20894e-05 4.69588e-06 0.000146724 -2.06134e-06 -0.000287364 0.000128164 2.97956e-05 -7.81489e-07 -1.18362e-08 -1.23591e-05 7.54257e-06 2.17307e-06 -0.000103481 4.20449e-05 0.000142583 4.82289e-05 0.000111681 -7.83089e-08 0.000154947 5.79416e-07 -8.16343e-05 -0.00025117 2.49428e-05 6.46205e-06 9.80995e-05 2.65629e-06 1.69661e-08 -1.30862e-07 -2.48945e-07 0.000118464 4.71296e-06 7.03331e-07 6.07302e-05 3.1033e-06 5.55596e-05 -1.13931e-05 0.000171013 0.000119315 -2.35003e-06 -7.87265e-05 -5.24812e-07 3.43476e-05 -1.13384e-06 3.25023e-06 8.45096e-06 1.73231e-05 7.14948e-08 1.36525e-05 1.70464e-06 -1.02056e-05 5.95848e-05 -0.00029635 7.92654e-06 0.000134875 0.000149088 5.98707e-06 1.57088e-05 -2.75597e-05 2.46124e-05 1.34595e-06 6.58337e-07 -0.00011762 2.52374e-07 -2.39485e-07 -9.20845e-06 6.856e-05 
-0.000958084 4.27244e-05 0.0170987 -0.000358082 -0.000102818 -0.000540044 0.000657107 -0.000115236 -1.05227e-05 -0.0765042 -0.0393655 0.0691052 -0.0321972 0.0578968 -0.00169415 -0.0175144 -0.00654969 -1.45471e-05 0.0642262 -0.00520865 0.0011144 -5.22296e-05 0.154594 -0.000326636 -4.93652e-05 0.0609542 -2.76362e-05 -0.0006518 -0.0111131 -0.0114768 -0.0632894 0.0638328 -0.000117729 -0.000479473 -0.0202604 0.000293244 -0.00016479 0.00373104 0.0370627 -0.0124501 -0.00175519 -0.00082887 -2.71604e-06 -0.0157557 -0.000994587 -0.000422791 0.0256141 0.00252592 -0.000774743 0.00314188 -0.0547581 -2.24248e-05 -0.0105195 5.3756e-05 -0.106501 0.0669006 -8.65255e-05 -0.000431457 -0.00271564 -6.86955e-05 -1.16127e-06 -0.00102441 -8.01787e-05 -0.0376622 -7.72841e-06 -0.000841788 -0.000686824 0.000383743 -0.0687597 -0.0104435 -0.0178898 -0.016624 -0.00616889 0.0779556 -0.00012859 -0.00289787 -0.000700449 -6.12469e-05 -1.36787e-05 -0.0111681 7.3058e-05 -0.0433284 -0.00026342 -0.00705993 0.000703207 0.0547149 -0.00248935 -0.000256659 0.000291346 -2.20787e-05 -9.36347e-05 -0.0308217 0.000601348 -0.00017984 -0.000128087 -0.00305154 -1.43083e-05 -5.56328e-05 -0.00343695 2.38729e-05 
1.51382e-07 -4.01239e-07 -0.000835714 1.09474e-05 8.06265e-06 2.096e-05 4.29686e-06 -1.46737e-06 -3.58481e-07 -0.000911669 8.46546e-05 -0.000905074 -0.0010249 -0.00118255 8.10363e-06 4.3073e-05 -8.73955e-05 -3.08713e-06 0.000679387 -3.16134e-05 -8.37255e-06 -6.20868e-07 -0.000326636 0.00173782 -4.53396e-07 -0.00083963 -7.56714e-08 3.48215e-06 -4.93636e-05 2.41542e-06 0.0010736 -0.000897411 2.16129e-06 -5.40323e-06 0.00088716 -1.90463e-06 1.98652e-06 -1.6372e-05 -0.00119485 7.41463e-05 0.000301911 -7.82897e-06 7.87463e-07 4.48978e-05 0.000891691 2.14313e-05 -0.000202803 -5.02046e-05 -6.22558e-06 -9.14567e-06 0.000358547 8.50337e-06 -0.000142331 -8.43561e-07 0.000283097 -0.00103035 8.03494e-06 -3.101e-07 0.000840045 -1.16476e-06 -1.54356e-08 1.536e-05 7.83841e-06 -0.000435003 1.74208e-07 1.85026e-06 -7.98654e-06 -2.81657e-06 0.000543317 -9.15092e-05 -0.000112537 -0.000122874 0.000969675 -0.000635171 8.20325e-06 -2.48697e-06 -6.64778e-06 7.40884e-06 -1.44027e-07 0.000249295 2.2763e-05 0.00129937 -2.92305e-06 0.000972641 -1.75734e-06 -0.00120053 -0.000102737 -2.90357e-06 -5.51782e-06 5.17667e-06 5.08099e-06 0.00109856 -1.62767e-05 2.3664e-05 1.04813e-06 -8.81582e-05 1.75762e-05 -7.03286e-07 -3.69504e-05 1.81687e-06 
2.48553e-05 1.37784e-07 -0.000122668 2.00735e-06 3.99956e-06 -2.21824e-07 5.89816e-07 2.12159e-06 4.79702e-07 -1.643e-05 0.000113317 -0.000133596 -0.00015904 -0.000145957 2.39517e-06 7.81043e-06 3.44854e-05 -1.87316e-07 -8.57829e-05 7.53301e-05 -1.37622e-06 1.36783e-06 -4.93652e-05 -4.53396e-07 0.000260377 -0.00010725 3.01764e-06 1.60817e-06 -1.08711e-05 3.57269e-05 0.000131494 -0.000124242 -2.36851e-07 2.22156e-05 -2.52983e-05 -1.40502e-07 4.80866e-06 -2.33931e-06 -0.000140303 -6.29003e-06 1.5196e-05 2.38781e-05 -5.20021e-09 -1.56748e-05 1.99372e-05 -1.08579e-06 -3.08107e-05 4.82318e-05 0.000109334 -1.39319e-06 -6.46842e-06 -1.07138e-09 7.22829e-06 1.82417e-08 7.30336e-06 -0.00014688 -1.22771e-07 4.46926e-06 -2.83281e-06 8.37554e-07 -2.30927e-09 2.45612e-06 -1.289e-07 0.00012538 -1.38325e-08 4.88459e-06 4.5141e-05 2.00318e-07 8.77828e-05 0.000124499 0.000191186 -1.35442e-06 -6.58278e-06 -9.43522e-05 2.38054e-06 -2.59781e-06 4.90016e-05 -9.50912e-08 -2.15474e-08 -1.09184e-05 -1.05275e-07 -5.21031e-05 1.44047e-06 -1.26556e-05 -3.04468e-07 -0.000120828 -1.29646e-05 3.2118e-05 4.46412e-05 2.3658e-07 6.74759e-07 -3.81022e-05 3.22088e-06 -2.58063e-07 -1.98925e-07 -4.89127e-06 -5.50956e-08 8.50339e-07 -4.40749e-06 1.95948e-05 
-0.00270968 -1.17716e-05 0.043666 -0.00108211 0.000119551 -0.00142191 9.78177e-05 -0.000227857 -2.38635e-05 -0.0293498 -0.0585147 0.0814246 0.00867006 0.079147 0.00266764 -0.00593657 0.00333271 0.000209352 0.0542558 -0.00297594 0.00162217 -0.000257752 0.0609542 -0.00083963 -0.00010725 0.238972 -8.48388e-05 -0.0019505 -0.00431993 -0.0307974 -0.0746673 0.0912861 -0.000383317 -0.00133727 -0.0267131 0.000100346 -0.000549505 0.00344135 0.0697974 -0.0276851 -0.00151443 -0.000497869 -2.25788e-06 -0.0357184 -0.00287769 0.000903516 0.0441939 0.00556617 -0.00192588 0.00188744 -0.0652991 -7.17001e-05 -0.0455146 0.000129031 -0.0893366 0.056069 -0.000243763 -0.00111589 -0.00640453 -7.96527e-05 1.46657e-07 -0.00241563 4.94308e-06 -0.110613 -2.74885e-05 -0.001977 -0.00194678 0.000277849 -0.0829443 -0.0170612 -0.0407206 -0.0320004 -0.0111847 0.0573599 -0.00026977 -0.0008891 -0.00104356 -0.000176853 -3.29215e-05 -0.0319943 0.000134858 -0.0700927 -0.000141349 -0.0110217 0.000319863 0.0676437 0.0167526 -0.000479864 -0.000602262 -4.11036e-05 -0.000205359 -0.0404603 0.00133928 -0.000468559 -0.000298136 -0.000394121 -6.35651e-05 1.45145e-05 -0.00900641 -0.00123818 
2.31724e-06 2.03455e-07 -0.00012479 2.67741e-07 1.72682e-06 -4.15923e-07 -2.19838e-07 2.19869e-07 -2.998e-08 -7.12037e-05 7.3754e-05 -7.55331e-05 -9.22245e-05 -9.90393e-05 -1.37527e-06 4.36605e-06 -2.88279e-06 1.18805e-06 -3.49098e-05 3.42785e-07 -8.74897e-07 -5.29718e-08 -2.76362e-05 -7.56714e-08 3.01764e-06 -8.48388e-05 0.000145568 -4.13577e-07 2.35383e-06 5.24756e-05 9.32319e-05 -7.78078e-05 -1.324e-07 2.2086e-05 -2.33859e-06 -1.59286e-07 3.81133e-06 -1.38221e-06 -0.000109422 2.55509e-05 3.3146e-05 3.21252e-08 -2.90692e-09 8.15125e-05 1.41382e-05 -3.95847e-07 -2.58319e-05 3.0043e-07 1.88345e-05 -7.78797e-07 1.05548e-06 6.47434e-07 1.06917e-05 -7.05475e-08 2.37879e-05 -8.59231e-05 -6.8629e-08 3.49773e-06 4.62045e-05 -2.80745e-08 -1.29089e-09 3.70929e-05 -7.20552e-08 4.69704e-05 -7.73239e-09 4.90176e-08 5.67629e-06 6.4135e-06 4.77975e-05 6.00594e-05 0.000113066 -1.50864e-06 9.64755e-06 -5.3035e-05 -1.1778e-07 -5.85783e-07 5.751e-06 1.80177e-07 -1.20451e-08 3.25754e-05 -5.88486e-08 6.01145e-05 -1.33346e-07 -6.79674e-06 -1.70198e-07 -0.000101098 -8.62369e-06 7.16259e-06 1.45385e-05 -1.68188e-08 -8.24324e-08 -7.43731e-06 -1.45415e-06 9.66854e-07 2.22134e-07 -1.10305e-05 -3.07985e-08 7.85037e-09 -2.5689e-06 1.0793e-06 
0.000116124 -5.02813e-07 -0.00212512 0.000662858 -6.87937e-06 0.000101342 1.42657e-05 8.8954e-06 1.3866e-06 -0.00146486 0.00121447 -0.00182764 -0.00177761 -0.00224884 -0.000826667 -9.47343e-05 -9.51464e-05 -4.88749e-06 -0.000895732 -4.69709e-05 2.9842e-06 1.21836e-06 -0.0006518 3.48215e-06 1.60817e-06 -0.0019505 -4.13577e-07 0.00366668 -0.000201305 0.00165008 0.00108133 -0.00156439 -1.44683e-06 2.02867e-05 -5.07679e-05 -4.02645e-06 -1.69028e-06 -1.12732e-05 -0.00194848 0.00134347 -2.1025e-06 2.2585e-05 -1.79262e-08 0.00119779 1.2643e-05 1.82239e-05 -0.000629983 -2.5113e-05 -5.95346e-06 -2.31991e-06 0.00191999 1.05829e-06 0.00133621 -1.78331e-06 0.000813204 -0.00201922 4.63185e-06 -8.69092e-06 3.24462e-05 -2.68194e-06 -3.26313e-08 -1.49583e-05 1.81191e-06 0.000496139 6.61565e-06 0.000173638 0.000412925 -6.02985e-06 0.00108825 -0.00013922 0.00136978 0.000639478 -1.92056e-05 -0.00117984 -2.35919e-07 0.000512905 6.88185e-05 5.71785e-05 -3.04477e-07 0.00133292 -8.2092e-07 0.00201857 -5.8572e-06 0.000860125 -3.34675e-06 -0.00222856 0.000313749 -6.25812e-06 2.14685e-05 2.27485e-06 4.64959e-06 0.000589212 -2.61028e-05 5.43534e-05 5.17798e-06 -0.00108918 -6.78531e-07 -1.38677e-06 -5.71823e-05 -5.86333e-07 
-0.000134981 -1.56707e-05 0.00344397 -6.85114e-05 -0.000221183 -0.00014639 7.68857e-06 -9.41524e-07 -1.14972e-05 0.00814519 0.010456 -0.0194937 0.00425149 -0.0139589 0.000458164 0.00139601 -0.00251443 -0.000111667 0.00858237 -0.00110709 -0.000351827 2.08862e-06 -0.0111131 -4.93636e-05 -1.08711e-05 -0.00431993 2.35383e-06 -0.000201305 0.0573375 -0.00286318 0.0237885 -0.0285305 -6.6124e-06 -0.000136831 -0.00163602 -2.42671e-05 -5.40404e-05 -0.000429352 0.00722979 -0.00273292 -0.000285031 -0.00029614 -1.2193e-06 -0.0001607 -2.85023e-05 0.000295859 -0.0102393 -0.000887323 -0.000256678 -0.000294785 0.00734841 -3.35578e-06 -0.00517641 -2.11797e-05 0.0128348 -0.0233406 -1.87861e-05 -2.2631e-05 -0.000617148 -4.01647e-05 8.58543e-07 -2.65574e-05 -1.76343e-05 0.000356325 -2.76647e-07 1.78941e-05 -0.000160996 -1.0896e-05 0.00850829 -0.000591515 -0.00380843 -0.00282689 -0.000875659 -0.0142653 -2.80629e-05 -0.000465955 -0.000214746 -1.60294e-05 -4.84113e-06 -0.000623837 -1.96171e-05 0.0163507 0.000108719 0.00382859 -6.22555e-05 -0.0172655 -0.00350455 -0.000105356 -8.84344e-05 -7.05455e-06 -2.22426e-05 0.00261672 -0.000147172 -4.00193e-05 4.8158e-05 0.000129468 3.37059e-06 -1.86258e-05 -0.000289444 -0.000106434 
0.00142358 2.98776e-06 -0.0516008 0.00137647 0.00138001 0.00128483 6.37538e-05 -1.94354e-05 -1.15517e-05 -0.0406331 0.0269405 -0.031114 -0.041451 -0.0408967 -0.00718365 0.00176822 -0.00206762 -6.95004e-05 -0.017168 -0.0017936 -0.000107458 5.95726e-05 -0.0114768 2.41542e-06 3.57269e-05 -0.0307974 5.24756e-05 0.00165008 -0.00286318 0.0566695 0.0345821 -0.0315161 1.02123e-05 0.000644298 -0.00500812 -6.18687e-05 0.000116135 -0.000565478 -0.037512 0.0378025 0.000249191 0.00022046 -8.18938e-08 0.0396696 2.66536e-05 2.53948e-05 -0.0105157 -0.000284937 5.04255e-06 -0.00031464 0.0361872 4.24446e-05 0.0373654 -1.69558e-05 0.0144196 -0.0356412 0.000363483 -8.45748e-05 0.0016623 -2.45626e-05 -2.12494e-07 0.00115668 -6.02489e-07 0.0199913 2.56082e-05 0.000795443 0.00285085 -6.44764e-05 0.0199976 -0.00078893 0.0431815 0.011616 -3.13192e-05 -0.021906 -2.57232e-05 0.000263339 0.00262555 0.000237515 5.9551e-06 0.0354751 -2.13431e-05 0.0400007 -8.75152e-05 0.000130514 -6.86445e-05 -0.0410077 0.00417686 -0.000102307 7.92198e-05 4.10333e-05 6.97879e-05 -0.00751862 -0.000558578 0.00025159 0.000220272 -0.00507406 -6.04635e-06 -2.30297e-05 -0.00123237 2.29115e-05 
0.0028119 -1.68132e-05 -0.0527455 3.26198e-05 0.00176531 0.0015314 -0.00033418 0.00027695 2.50227e-05 -0.0147388 0.123195 -0.165962 -0.0794997 -0.183983 0.00189114 0.0100558 0.00182757 -0.000486425 0.0217972 0.0153501 -0.00150659 0.000128944 -0.0632894 0.0010736 0.000131494 -0.0746673 9.32319e-05 0.00108133 0.0237885 0.0345821 0.227018 -0.15969 0.000257936 0.00113508 0.0670186 -0.000368736 0.000466608 -0.00308737 -0.113125 0.0379912 0.00416943 0.000208757 2.85466e-06 0.0390493 0.00337019 0.000615456 -0.055096 -0.00367688 0.00213035 -0.00163934 0.165782 7.17871e-05 0.0205425 -0.000118725 0.0827176 -0.184204 9.89333e-05 0.000622539 0.00925549 7.53654e-05 1.88604e-07 0.00337279 0.000232968 0.00944078 -8.75963e-06 0.00241737 0.00227072 6.13784e-05 0.10492 0.0350445 0.0529744 0.017234 0.0222443 -0.113194 0.00034461 0.00626989 0.00171035 5.27497e-05 1.5431e-05 0.0273569 -0.000137551 0.141439 0.000237823 0.028607 -0.000250928 -0.172074 -0.0187266 8.95885e-06 0.000218079 -3.34594e-05 0.000242579 0.103015 -0.00173338 0.000450972 9.20492e-05 0.00295513 7.68862e-05 -2.11176e-05 -0.00326058 0.000329709 
-0.0026873 -5.23332e-05 0.0469271 -0.00101268 -0.00281246 -0.0015268 -0.000135811 -1.26096e-05 -3.6359e-05 -0.00507802 -0.0918857 0.129269 0.0497252 0.1552 0.00153802 -0.0108588 0.00745291 -0.000180537 -0.0155853 -0.0150179 0.00160787 -0.000285659 0.0638328 -0.000897411 -0.000124242 0.0912861 -7.78078e-05 -0.00156439 -0.0285305 -0.0315161 -0.15969 0.248729 -0.000417265 -0.00111191 -0.0501428 1.73964e-06 -0.000512551 0.00300318 0.0822347 -0.0317293 -0.00439056 -0.000113656 -2.20637e-06 -0.0435371 -0.00273428 -0.00134501 0.0539175 0.00404771 -0.00179061 0.000816222 -0.130797 -6.6549e-05 -0.0404572 0.000112006 -0.0935447 0.12425 -0.000211158 -0.00048162 -0.00776305 -0.000121428 5.05174e-08 -0.00278477 -0.000180408 -0.0458214 -2.81493e-05 -0.00226293 -0.00218104 -4.85927e-05 -0.108922 -0.0295921 -0.0419256 -0.0458427 -0.0185411 0.105611 -0.000233078 -0.00629794 -0.00109439 -0.000183263 -3.64388e-05 -0.0301139 0.000146115 -0.114929 -0.000369981 -0.0244519 9.95337e-05 0.150305 0.0191132 -0.000725779 -0.000965993 -5.70357e-05 -0.0002788 -0.0798301 0.00103713 -0.000500991 -0.000249328 -0.00183631 -6.65928e-05 7.99898e-05 0.00194354 -0.00109586 
1.69328e-05 4.49952e-06 -9.51162e-05 4.55689e-05 1.09418e-06 1.12797e-05 9.13076e-05 -7.78153e-07 3.22384e-06 -8.58081e-05 0.000139527 -0.000156336 0.000137497 -0.000418758 -0.000274586 -2.77389e-05 -3.77462e-05 0.000173204 -0.000210048 4.51615e-05 -4.3761e-06 2.04609e-05 -0.000117729 2.16129e-06 -2.36851e-07 -0.000383317 -1.324e-07 -1.44683e-06 -6.6124e-06 1.02123e-05 0.000257936 -0.000417265 0.000908584 8.04782e-05 1.90535e-05 8.24606e-05 1.45435e-05 1.11661e-05 -0.000208367 -4.87943e-05 -8.36586e-06 2.05913e-05 1.81842e-07 2.44046e-05 2.14144e-06 -3.74688e-06 -0.00015139 6.02343e-05 1.09765e-05 1.04575e-05 0.000257693 -1.20133e-07 2.3578e-05 2.70377e-06 -3.67293e-05 2.21083e-05 2.01576e-06 -2.37943e-06 -2.55029e-06 6.10778e-05 -8.06345e-09 -3.2639e-06 -4.50088e-07 0.000331308 5.17392e-06 1.75043e-06 -7.01141e-07 1.72436e-05 -9.75612e-05 9.20929e-05 -5.21118e-05 0.000236712 -1.53042e-05 -9.36649e-05 6.94888e-07 4.91748e-05 3.76008e-06 2.67964e-07 1.89143e-06 -2.8574e-06 8.21295e-07 -1.91883e-05 2.45619e-05 6.7095e-06 1.47369e-05 -0.000427313 -1.8331e-05 1.72394e-05 1.89175e-05 2.08949e-05 4.12073e-05 5.47619e-05 1.74501e-05 5.96557e-06 1.82762e-06 -0.000111859 2.74286e-07 -3.22948e-07 -6.28623e-06 9.7446e-06 
