0.0398937 0.000463072 0.00216322 -3.5505e-06 -0.00589929 -0.00114377 0.000291293 0.00830834 -0.000122132 -8.82915e-05 7.96431e-05 0.00936101 -3.14288e-05 -4.53389e-05 0.00330885 -0.00188815 -0.000277718 -0.000720625 -0.00702052 -0.000901252 0.00651039 -0.00124215 -0.00318829 -0.000731865 -0.00360845 -0.000326806 -0.000226418 -0.0040414 -0.00042907 -0.000303702 -0.000421707 0.00889068 -7.88759e-05 -0.000460664 0.000229085 -1.26077e-05 -0.000335422 -5.51114e-05 -0.00671103 -1.56961e-05 0.0139816 -0.0088712 0.0072238 -0.00722372 -6.69649e-05 -0.00282517 -0.00284853 -0.000145027 -0.000314625 -0.00650931 0.0095008 -0.000581371 -0.00148358 0.00473062 -2.38173e-05 -0.000105385 -0.00228371 -0.00286699 -0.00119194 -0.000390842 0.00434571 0.00647224 -0.0021142 -0.000530974 -0.00155757 -0.0010466 -0.000151951 -4.36935e-06 -4.57759e-05 -0.0072323 -0.00369204 -0.000357336 -0.00296609 -0.0045006 -0.00102851 -0.00518793 -0.000409598 -0.00185963 -0.00013341 -0.000300224 -0.00695971 -0.00598698 -6.39283e-05 -2.27008e-05 -0.000525585 -0.00179121 -0.0130228 -0.000468283 -0.00288341 -0.00135365 -0.00139807 -2.48869e-05 -0.000268056 -8.37078e-05 -0.00317775 -2.17339e-05 -0.00116557 -0.000161382 0.0157211 0.00908686 
0.000463072 0.0745732 0.0165289 -2.31391e-06 -0.00223654 -0.00029507 0.0284047 -0.00242515 -1.79856e-05 -1.53838e-05 -9.93992e-05 0.0143961 -8.09759e-06 -1.40845e-05 0.0136983 -0.000131424 -0.00109478 -6.05444e-05 -0.0128823 -7.92548e-05 0.00258978 -0.00012923 -0.00564999 -0.00143145 -0.0351853 -7.18069e-05 -3.67926e-05 -0.00138943 4.44439e-05 0.00108957 -3.92898e-05 0.0053676 -3.63543e-06 -2.5727e-05 -0.000241481 -1.54475e-06 -3.45038e-06 -1.22616e-05 -0.00638211 2.76101e-06 0.00603237 -0.00112208 0.00673201 -0.00189064 2.92642e-05 -0.00109044 -0.00114329 -0.0333151 -5.70954e-06 0.00188527 -0.0180804 0.000732308 -0.00235995 -0.00936149 2.0399e-05 -5.99863e-05 0.00520317 -1.59517e-05 -0.00041087 -0.00086596 0.00253244 0.0102006 0.000355347 -3.09729e-05 -0.00276568 0.00039938 -7.01956e-05 -3.14266e-07 -0.00181688 -0.00740012 -0.00254548 -0.00010583 0.00389818 0.000502491 -8.22442e-05 -0.000892216 -0.000320725 -0.000213687 -1.49694e-05 -0.0299232 0.000698798 -0.00256586 2.10553e-05 0.000520398 -0.000168152 -0.000105708 0.00121061 9.6702e-05 -0.0026524 -0.00016855 9.98001e-06 -2.45194e-06 -0.000141943 0.000201333 -0.00068428 -0.000160254 -0.000468148 -0.00128031 0.00205113 -0.00622324 
0.00216322 0.0165289 0.0777698 -1.56055e-06 -0.00134914 -0.000272683 0.00966828 0.00105853 3.83345e-05 -1.53461e-05 0.000310073 0.00131262 1.06139e-06 -1.22741e-05 0.00931463 -0.000308399 3.78641e-05 -8.57256e-05 -0.00336202 -8.78979e-05 0.000356015 -7.93507e-05 -0.00270286 0.00300707 -0.023441 3.41453e-05 -3.30305e-05 -0.000624297 -2.80057e-05 -0.00840495 -5.11779e-05 -0.000321152 -6.7512e-06 -8.60042e-06 -1.13421e-05 1.46006e-06 6.09469e-05 5.17315e-06 -0.00108358 -2.82791e-06 -0.00088971 -0.00098554 0.000841855 -0.00182015 -7.2315e-06 -0.000842121 0.00290235 -0.0221311 -2.08813e-05 0.00174565 -0.0154827 0.000218372 -0.00309095 -0.0105251 9.4443e-05 0.000116687 -0.00134706 -0.000180694 -0.000598127 -5.56544e-05 0.000343276 -0.000657543 -0.000131466 -3.79606e-05 -0.000111288 -0.000381092 -0.000125729 1.29276e-07 0.0018052 -0.00222941 -0.00215769 0.000273845 -0.00836327 0.000396378 -8.90151e-05 -0.000424738 -0.000356113 -1.74846e-05 -1.54012e-05 -0.0233185 -0.000677381 0.00233782 2.34733e-06 -1.76399e-05 -4.52724e-05 -0.000113488 -0.000336907 -0.000726042 0.000876726 -8.67075e-05 -0.000180292 -8.01087e-07 0.000166779 -3.44437e-05 -0.000824252 -0.000296132 0.000213959 -0.00128146 0.00189147 0.00741309 
-3.5505e-06 -2.31391e-06 -1.56055e-06 3.53543e-05 -9.4377e-07 1.56106e-06 -5.39694e-06 -7.94477e-06 8.57936e-07 -7.13239e-09 9.43475e-07 -6.75205e-06 -3.75987e-09 -1.75297e-08 4.18928e-06 8.56731e-09 3.04155e-06 -3.74349e-08 -4.10289e-06 -3.86204e-08 -6.64439e-06 2.09536e-06 -2.73745e-06 6.27942e-06 -1.30167e-05 5.08971e-06 2.06194e-07 1.76767e-06 -2.48455e-08 2.39934e-06 2.00264e-06 -3.78657e-06 -3.21971e-09 -4.95571e-08 -3.03591e-07 -6.72934e-10 -2.65662e-08 -5.52057e-09 -3.13874e-06 -2.66463e-09 -1.22731e-06 1.00481e-07 -1.47117e-06 -6.32097e-07 1.93789e-07 6.08829e-06 -5.80755e-07 -8.58608e-06 3.08956e-07 3.36187e-06 -1.76899e-05 1.40595e-06 -3.29974e-06 1.29917e-05 -3.18738e-08 1.41145e-06 2.13349e-06 1.84805e-06 -1.25617e-07 4.80832e-06 -8.88689e-07 -7.67013e-06 2.80006e-06 1.82781e-07 -1.18058e-06 4.16867e-06 1.09031e-07 4.2899e-08 4.48931e-06 -3.75722e-06 -9.98818e-07 -1.01892e-07 1.06279e-05 2.5235e-07 2.00372e-06 -1.34644e-07 1.48646e-06 -9.88671e-08 6.15474e-07 -9.32937e-06 -6.33328e-07 -1.06583e-06 -8.98856e-09 -9.38803e-08 9.91612e-07 -1.23097e-07 1.91107e-06 -2.6833e-07 6.1681e-06 -7.49255e-08 4.79412e-07 -1.06813e-09 -6.60984e-08 2.02745e-06 3.65687e-06 -1.74202e-07 8.44484e-08 3.00508e-07 -2.93686e-06 -1.71852e-05 
-0.00589929 -0.00223654 -0.00134914 -9.4377e-07 0.0268727 -0.000119131 -0.00317172 -0.000186592 -4.91326e-06 0.000172514 -9.27072e-05 -0.0220855 3.44166e-05 4.71974e-06 -0.0125429 0.00140396 0.00217599 0.000713083 0.0192463 0.000607189 -0.0123032 -5.36193e-05 -0.00238902 -0.000645843 0.0142319 3.67836e-05 0.000244838 0.00480797 -1.58655e-05 0.00951749 4.05251e-05 -0.0253086 1.30499e-05 -3.77819e-05 -0.000233598 -1.92681e-07 -2.03438e-05 -7.04173e-07 0.0230905 2.3838e-06 -0.0245681 -0.000101033 -0.024311 0.00439179 -4.27734e-06 0.000300952 0.00520819 -0.0124717 -8.41458e-06 -0.00191703 0.00449179 -2.70973e-05 0.000758606 -0.0062471 1.77073e-05 -2.38969e-05 -0.000331448 -0.000145169 0.00235567 2.2937e-05 -0.0201721 -0.0236301 -7.58732e-05 2.63697e-05 0.0157389 2.53569e-05 0.000312181 -4.19133e-07 0.0070491 0.0238051 0.00427148 0.00010791 -0.00378339 -0.000440343 -3.11419e-05 0.0038706 -0.000148056 0.000568363 6.85804e-05 0.0125789 0.000816312 0.0203572 -6.25945e-06 6.42828e-05 5.21357e-05 -8.22105e-05 -0.00118551 0.000993986 0.00461189 0.00146428 -6.27939e-05 1.25396e-06 -3.50067e-06 -9.06571e-06 -0.00064477 -0.000116591 0.000113545 0.0099809 -0.0197948 0.00139862 
-0.00114377 -0.00029507 -0.000272683 1.56106e-06 -0.000119131 0.00484897 0.000150805 -0.00102413 2.48565e-06 -9.38544e-07 0.000195705 -0.000835262 1.90404e-06 1.80628e-06 0.000493055 -1.52075e-05 5.17268e-05 -3.94817e-06 -0.000707611 -5.25601e-06 -0.000482604 0.000133261 0.000192612 0.000527367 -0.000889893 0.000217041 3.24355e-05 0.000199228 1.22758e-05 0.000839211 6.68338e-06 -3.31385e-05 4.56258e-07 2.51811e-05 -3.00563e-05 -8.16328e-08 2.49275e-05 4.61375e-07 -0.000674798 7.77204e-07 -7.71488e-05 0.000231353 -0.00031487 0.000169271 8.77306e-07 0.000394874 -5.97621e-05 0.000339663 2.69382e-06 0.000283908 -0.00214696 7.6412e-05 -0.000378581 -0.000101944 -1.60397e-06 8.21618e-07 -4.11641e-05 0.000534939 -4.45646e-05 4.87806e-05 -0.00047566 -0.000320793 3.88267e-05 1.54194e-06 -0.000134268 5.999e-05 2.13129e-07 -2.12992e-07 0.000411662 -0.000453738 -3.2484e-05 -4.93161e-06 0.000334705 0.000105205 1.38878e-05 -7.43003e-05 0.000112011 -1.0937e-05 4.00366e-05 7.56306e-05 -0.000162473 -0.000208008 1.1439e-05 -1.27705e-06 0.000189836 0.000118257 0.000478059 -4.85625e-05 -0.000191631 -1.03262e-05 -3.25886e-06 5.30568e-07 3.29014e-05 1.09238e-05 0.000496566 -4.99744e-06 1.15792e-06 2.94314e-05 -0.000279365 -0.000488939 
0.000291293 0.0284047 0.00966828 -5.39694e-06 -0.00317172 0.000150805 0.133029 -0.0111404 -3.76352e-05 -1.04607e-05 0.00108368 0.00306056 -1.1768e-05 2.51124e-06 0.00794413 -0.000377397 -0.0033422 -0.000151659 0.0045301 -0.00016728 0.0026011 -0.000193214 -0.0146472 -0.0019831 -0.0299165 -0.000122498 -6.63666e-05 -0.00224923 6.00307e-05 0.0394903 -1.58267e-05 -0.00235792 4.56793e-06 -2.25178e-05 -0.00118761 -2.96263e-06 3.4853e-05 -1.8647e-05 0.00243849 -4.07181e-07 -0.00483525 0.000691987 0.000741143 -0.00382005 9.53355e-06 -0.00170695 -0.0019197 -0.0615524 2.2028e-05 0.00589507 -0.0255433 -8.17296e-05 -0.00593346 -0.0250826 -7.49982e-05 -4.81535e-06 -0.00184126 0.00236091 -0.00138065 -0.00134018 -0.00550304 0.00463158 -0.000113654 0.000234074 0.000996835 -0.000278888 -0.000474856 -2.77259e-06 0.00495306 -0.000363434 -0.00533812 9.25535e-05 0.0297852 0.00508998 -4.49121e-05 -0.00111075 -0.000576629 -0.000420342 -3.41234e-06 -0.0523124 -0.00665036 -0.00387149 2.41145e-06 0.000329777 -0.000257617 -7.56721e-05 -0.00119095 -0.000698741 -0.000401006 -0.000329968 -0.00027542 -4.77305e-06 -4.71206e-06 0.000108426 -0.00416514 -0.000568984 -0.000419689 0.0018227 -8.74691e-05 0.0013007 
0.00830834 -0.00242515 0.00105853 -7.94477e-06 -0.000186592 -0.00102413 -0.0111404 0.0406176 -0.000220293 -4.38876e-05 -0.000275624 0.0140738 -1.68114e-05 -8.00582e-05 -0.00446055 -0.000880709 -0.000129971 -5.99219e-05 -0.00694858 -0.000201522 0.00395529 -0.000844736 0.000299337 -0.00672851 -0.00130892 -0.000635691 -0.000110838 -0.000753408 -0.000250259 -0.00428115 -0.000625561 0.00203737 -4.04706e-05 -0.00037999 4.3541e-05 -6.55933e-06 -0.000468806 -2.29546e-05 0.00160613 -2.7581e-05 0.00234794 -0.0026287 3.73693e-05 -0.000575458 -6.16372e-05 -0.00346751 0.000306256 -0.00360797 -0.000220606 -0.00393176 0.0070409 -0.000170298 0.00297961 0.00587347 1.85286e-05 -0.000260299 -0.00164748 -0.00236488 0.000373509 -0.00237415 0.00138996 0.00209622 -0.00188897 -0.000423237 -6.95758e-05 -0.0029566 -0.000163783 -9.82369e-06 -0.00382969 0.000958235 -0.00168953 -7.78918e-05 -0.00182661 -0.00197842 -0.000701601 -0.000226638 -3.26209e-05 -0.000416609 -8.80925e-05 -0.000118454 -0.00382197 0.00171551 -5.45496e-05 2.65765e-05 -0.00042557 -0.000500507 -0.00299546 -0.000291891 0.000497942 -0.000245244 -0.000555763 -2.47408e-05 -6.73114e-05 -6.27277e-05 -0.00948808 -1.76284e-05 -0.00208278 -0.00242646 0.00404743 0.00374771 
-0.000122132 -1.79856e-05 3.83345e-05 8.57936e-07 -4.91326e-06 2.48565e-06 -3.76352e-05 -0.000220293 0.000246872 -4.98147e-08 -9.93218e-07 -0.000191139 2.96263e-06 -1.22432e-07 -8.15224e-05 5.0385e-05 8.92898e-06 2.83854e-06 3.18933e-05 4.10804e-06 -0.000230635 2.24908e-05 2.36983e-05 0.000189636 -6.30929e-05 7.17507e-05 3.08547e-05 7.09501e-05 3.26472e-07 -2.52645e-05 3.36969e-05 -0.000217911 1.05529e-06 -3.46121e-07 -2.21879e-06 -4.69996e-09 1.31811e-05 3.50589e-06 -2.70458e-05 -1.86105e-08 -4.98481e-05 5.54501e-05 -2.38115e-05 -4.87775e-06 1.48995e-06 0.000196781 3.77171e-07 -6.46293e-05 1.38962e-05 -1.57127e-06 -9.53709e-05 2.43462e-06 -2.32453e-05 -5.33863e-05 -2.22616e-07 1.03641e-06 6.74347e-06 7.4511e-06 -2.73982e-06 8.44094e-05 -8.55856e-05 -0.000200992 5.38131e-05 1.77134e-05 -7.81165e-06 3.1423e-06 4.09541e-05 1.14285e-08 0.000143764 -8.40676e-06 6.39052e-05 5.42995e-05 -1.75628e-05 -3.30237e-06 3.25156e-05 -3.14172e-06 -1.33619e-06 8.72059e-06 1.74175e-06 2.31733e-06 2.03377e-05 2.37786e-07 -5.16676e-08 1.41004e-05 5.21315e-05 2.49581e-06 3.59683e-05 -2.10481e-06 -4.65516e-06 7.32254e-07 3.79795e-05 1.50148e-05 -1.28317e-07 1.18127e-06 0.000173535 -5.5001e-07 8.0751e-06 -1.53165e-06 -6.47886e-05 -4.05963e-05 
-8.82915e-05 -1.53838e-05 -1.53461e-05 -7.13239e-09 0.000172514 -9.38544e-07 -1.04607e-05 -4.38876e-05 -4.98147e-08 0.000201693 -7.15332e-07 -0.000158933 4.34102e-07 3.44423e-07 -8.78684e-05 9.15044e-05 1.02031e-05 4.08308e-05 0.00015263 1.08796e-05 -0.000114976 -4.02205e-08 -1.0926e-05 -4.80892e-06 9.47492e-05 -1.85527e-07 2.65299e-06 5.69554e-05 -1.41765e-07 6.41964e-05 8.61488e-07 -0.00018361 -1.83712e-08 -2.82765e-07 -2.30283e-06 -3.83966e-09 -1.51582e-07 -3.14995e-08 0.000167227 -1.5204e-08 -0.000183244 7.30997e-06 -0.000179308 1.72398e-05 -3.54401e-08 3.677e-06 2.22196e-05 -8.26153e-05 -7.56971e-08 -1.20678e-05 2.23245e-05 -1.25429e-06 -1.05304e-05 -4.56203e-05 1.29244e-07 -2.51649e-07 -5.4029e-07 8.17812e-06 5.03617e-05 -2.39171e-06 -0.000181174 -0.000172267 -5.70222e-07 -2.25047e-07 8.03625e-05 7.64803e-06 2.45742e-06 -8.81799e-09 1.76861e-05 0.000168555 4.23218e-05 -5.48044e-07 -2.44053e-05 -2.26271e-06 -2.3235e-07 5.5337e-05 -1.0805e-06 6.84699e-06 -3.85064e-08 5.88852e-05 1.98746e-05 7.37029e-05 -5.12873e-08 -7.25861e-07 -4.91647e-07 1.30961e-07 -8.36031e-06 2.71797e-06 2.88082e-05 2.99947e-05 -5.342e-08 -6.09459e-09 3.45075e-07 -9.69956e-08 -2.27484e-06 -9.93969e-07 -1.07761e-06 6.67539e-05 -0.000180419 -2.68675e-05 
7.96431e-05 -9.93992e-05 0.000310073 9.43475e-07 -9.27072e-05 0.000195705 0.00108368 -0.000275624 -9.93218e-07 -7.15332e-07 0.00440758 -0.000159148 2.88475e-06 -1.06171e-06 0.00191611 1.64537e-05 0.000573916 4.8569e-06 -0.000218275 -4.04711e-06 8.41445e-05 5.54372e-05 -0.000452579 1.27539e-05 -0.00190727 1.02847e-06 4.81523e-06 -3.35774e-05 -3.11113e-06 -8.07396e-05 5.72125e-06 0.000141342 -4.03168e-07 2.75008e-06 9.93184e-05 -3.98195e-08 1.17863e-07 -6.57946e-07 -0.000481635 1.44116e-07 0.000181969 0.000196084 0.000219596 -9.83347e-05 -7.77757e-07 4.16936e-05 0.00013239 -0.00200041 6.38775e-07 -0.000183846 -0.0024444 1.09086e-05 -0.000381892 0.00110043 3.91991e-06 -2.34483e-06 1.40259e-05 2.40565e-05 -1.96324e-05 4.6364e-06 -0.000826849 -0.000140121 3.95528e-05 1.09723e-05 -0.000150849 0.000703732 3.89573e-05 -1.93517e-07 -5.18612e-05 -0.000353971 -4.51748e-05 -3.70318e-06 0.000563731 -2.43698e-05 2.90676e-05 -7.2696e-05 0.000237866 2.39311e-05 -1.00605e-07 -0.00165188 -0.000164835 -4.60957e-05 -2.81092e-07 0.000215093 -7.03397e-06 1.65082e-05 -0.000168585 -3.78364e-05 0.00100698 4.89401e-05 -1.03371e-05 -6.70833e-08 -3.74342e-06 2.93586e-07 -0.000106903 -1.83689e-05 -4.38411e-05 -2.53764e-05 3.41866e-05 -0.00100089 
0.00936101 0.0143961 0.00131262 -6.75205e-06 -0.0220855 -0.000835262 0.00306056 0.0140738 -0.000191139 -0.000158933 -0.000159148 0.156558 -7.96022e-05 -0.000328167 0.0575756 -0.00317514 -0.00703069 -0.000656678 -0.0880161 -0.000758906 0.0295067 -0.000510283 -0.00843331 -0.00407248 -0.0792631 -0.000655549 -0.000357765 -0.0129683 1.47084e-05 -0.00875019 -0.000376135 0.0503384 -5.02264e-05 -1.47972e-05 0.000873831 -1.43682e-05 -0.000156868 -7.06585e-05 -0.0679294 -2.98772e-05 0.0523209 0.0017841 0.0589157 -0.00355165 -2.6674e-05 -0.00894239 -0.00749334 0.0126883 -4.00859e-05 0.0119645 -0.0175455 -0.00206059 -0.0133815 0.0163288 4.69142e-05 -0.000248481 0.000394231 -0.000173776 -0.00272747 -0.00507634 0.0323989 0.0751957 -0.00058592 -0.000206582 -0.0250318 -0.00408878 -0.00142926 -6.05064e-06 -0.0194995 -0.0601004 -0.0214415 -0.00079073 0.0241644 0.00240119 -0.000466459 -0.0063372 0.00071032 -0.00213462 -0.000138031 -0.0585312 -0.00389717 -0.0306985 -1.31649e-05 -0.000346358 -0.00122198 -0.000659261 0.00621407 -0.000492069 -0.0132336 -0.0016578 -7.06837e-05 -2.13628e-05 -0.000402152 2.43852e-05 -0.0106576 -0.00139156 -0.007149 -0.01281 0.0194402 0.00184959 
-3.14288e-05 -8.09759e-06 1.06139e-06 -3.75987e-09 3.44166e-05 1.90404e-06 -1.1768e-05 -1.68114e-05 2.96263e-06 4.34102e-07 2.88475e-06 -7.96022e-05 0.000106333 7.25051e-07 -4.03029e-05 2.91021e-05 3.03389e-05 2.98512e-07 4.81901e-05 1.39172e-05 -7.41655e-05 2.9744e-06 -2.6537e-06 -9.05932e-08 3.64324e-05 3.79109e-06 2.85124e-07 2.78648e-05 -7.47318e-08 1.68906e-06 2.18538e-06 -7.10073e-05 6.01427e-07 1.39538e-06 2.51939e-06 2.4202e-06 2.86759e-07 -1.66051e-08 5.36655e-05 1.85865e-06 -8.28368e-05 1.30392e-05 -6.87402e-05 9.63577e-07 -1.86824e-08 1.42054e-05 1.75393e-07 -3.55893e-05 2.72676e-06 2.15448e-06 -3.89915e-06 2.16024e-06 1.25521e-05 -2.28553e-05 2.37461e-07 7.84535e-08 9.18481e-06 5.42357e-07 3.56451e-06 5.92163e-06 -3.42559e-05 -8.32931e-05 5.31052e-06 8.60359e-06 1.49376e-05 4.82518e-06 4.11501e-06 -4.64843e-09 1.35372e-05 4.36092e-05 3.60828e-05 -1.84253e-07 -1.39483e-05 2.55257e-06 6.10849e-07 3.90123e-07 -5.64334e-07 1.40582e-05 3.52568e-08 5.17227e-05 2.19645e-05 3.27199e-05 -2.70363e-08 4.37292e-06 2.84083e-06 -1.47027e-08 1.03228e-06 -8.41742e-07 3.2702e-06 2.41908e-06 1.84866e-06 -3.21278e-09 -1.98814e-07 -5.11316e-08 -1.68143e-06 -2.90641e-07 1.14614e-05 2.37468e-06 -5.5323e-05 -2.20948e-05 
-4.53389e-05 -1.40845e-05 -1.22741e-05 -1.75297e-08 4.71974e-06 1.80628e-06 2.51124e-06 -8.00582e-05 -1.22432e-07 3.44423e-07 -1.06171e-06 -0.000328167 7.25051e-07 0.000495565 -0.000184085 -1.28431e-06 4.10219e-06 -3.47193e-07 -1.96997e-05 -3.19374e-07 -0.000102818 9.44415e-07 0.000100396 -7.19692e-06 0.000188158 1.47735e-06 -1.91434e-07 1.27105e-05 -3.48423e-07 -3.69695e-05 2.4138e-06 -3.84104e-05 6.59592e-08 3.41614e-06 -2.11534e-06 -9.43694e-09 -3.72552e-07 -7.74182e-08 -2.90082e-05 1.81879e-08 -1.69247e-05 -9.30231e-06 -0.000246499 3.23747e-05 7.57341e-07 1.54798e-05 -7.49982e-06 0.000170102 1.04729e-06 -1.2505e-05 3.54175e-06 -5.62158e-08 0.000114424 -9.54407e-05 -4.46985e-07 1.94818e-06 4.10731e-07 7.86734e-06 1.14543e-05 -4.92682e-06 -4.59666e-05 -0.000169352 2.79853e-06 -8.64437e-08 -1.15456e-05 2.12999e-06 3.45733e-07 -2.16725e-08 1.87027e-05 1.21972e-05 8.85544e-05 -1.30666e-06 -7.26833e-05 -1.72498e-06 -1.37725e-07 -3.73618e-06 -2.68291e-06 5.35753e-07 -2.79727e-08 0.000134466 5.80047e-05 -1.62362e-05 8.62837e-07 -2.17322e-07 1.32361e-05 4.56263e-06 -9.98116e-06 -3.62243e-06 -1.766e-05 1.62705e-06 1.43193e-06 2.07243e-07 -4.71318e-09 -2.38391e-07 6.344e-05 8.60151e-06 0.000106262 -4.62898e-06 -8.93119e-06 -2.79771e-05 
0.00330885 0.0136983 0.00931463 4.18928e-06 -0.0125429 0.000493055 0.00794413 -0.00446055 -8.15224e-05 -8.78684e-05 0.00191611 0.0575756 -4.03029e-05 -0.000184085 0.247951 -0.00131992 0.00133776 -0.0003786 -0.0454966 -0.000430315 0.016941 -0.00036489 -0.0042845 0.00265725 -0.1616 -0.000305071 -0.000203202 -0.0074841 -0.000169024 -0.00466944 0.000146674 0.0310101 -4.02334e-05 0.000439498 -6.50839e-05 -8.53289e-06 3.06814e-06 -2.24265e-05 -0.0205549 8.67263e-06 0.0352452 0.00141316 0.0380642 0.00302161 -4.52645e-05 -0.00445914 -0.0032984 0.00176247 -7.75426e-05 0.0161108 -0.0795483 -0.00129951 -0.0175775 0.0503903 4.62691e-05 -2.11397e-05 0.00224973 0.000343382 -0.0045452 -0.00154366 0.0120868 0.0412159 0.000226065 -0.000122098 -0.0151564 -0.000231884 -0.000715884 1.16786e-05 -0.00914468 -0.0411851 -0.0140357 0.000188751 -0.0103852 -0.000159055 -0.000389948 -0.0064903 0.00155407 -0.00124163 -7.06987e-05 -0.11442 -0.00564516 -0.0224185 -4.49975e-05 -0.000410357 -0.000478827 -0.000492133 0.0121119 0.00335766 0.00733718 -0.000959584 -0.000422299 -1.23047e-05 -0.000327352 -7.78302e-05 -0.00765629 -0.00174384 -0.00405632 -0.00678659 0.0132213 0.00778255 
-0.00188815 -0.000131424 -0.000308399 8.56731e-09 0.00140396 -1.52075e-05 -0.000377397 -0.000880709 5.0385e-05 9.15044e-05 1.64537e-05 -0.00317514 2.91021e-05 -1.28431e-06 -0.00131992 0.00507422 -6.59097e-05 0.0002526 0.00299903 0.000144184 -0.00161612 5.26242e-05 7.42015e-05 -3.39349e-05 0.0017807 8.85393e-06 2.66323e-05 0.00162774 -3.19522e-06 -2.75314e-05 0.000115492 -0.00284475 2.29911e-05 -6.18222e-06 4.14648e-06 -5.263e-08 -2.9212e-06 1.34925e-05 0.00209288 9.71168e-07 -0.0028623 0.000218862 -0.00282151 0.000429301 9.15113e-07 0.000429531 0.000275578 -0.00181231 2.83418e-05 -0.000279008 0.000474635 7.04898e-05 -3.69445e-05 -0.00102412 -3.13131e-06 2.73378e-05 -2.82813e-05 4.97388e-05 7.73776e-05 7.70115e-06 -0.00165663 -0.00302549 0.000153839 0.000117066 0.000815586 -6.73311e-06 2.14577e-05 8.99285e-07 4.2885e-05 0.00233623 0.00159545 1.60016e-05 -0.000615008 -6.64961e-05 9.99702e-05 0.000488429 -2.54648e-05 0.000397349 1.39315e-06 0.00130075 0.00110798 0.00124831 -3.74427e-07 -5.84596e-07 1.60813e-05 1.14315e-05 -6.72976e-05 -4.36174e-05 0.00116818 0.000260236 0.000105035 -1.54084e-07 6.93161e-06 -2.18558e-06 4.23088e-05 -2.09296e-05 6.25045e-05 0.000144912 -0.00239686 -3.95428e-05 
-0.000277718 -0.00109478 3.78641e-05 3.04155e-06 0.00217599 5.17268e-05 -0.0033422 -0.000129971 8.92898e-06 1.02031e-05 0.000573916 -0.00703069 3.03389e-05 4.10219e-06 0.00133776 -6.59097e-05 0.0278578 -1.64004e-05 0.00123475 -1.96066e-05 -0.00123262 0.000508042 -0.00116418 0.000101296 -0.00607855 0.000195646 3.30936e-06 0.00140868 0.000145956 -0.0012115 8.33909e-05 -0.00395827 9.54373e-06 3.46216e-05 -0.00012967 1.44208e-05 -4.20596e-06 -4.47827e-06 0.00417404 9.02735e-06 -0.00409273 0.00173237 -0.00300609 -0.000184846 2.49059e-05 0.000398117 -0.000161163 -0.0065813 -2.39515e-06 0.00171311 -0.0043096 0.000115216 -0.000125951 -0.00181933 -1.04337e-05 3.38565e-05 0.000957676 0.000121949 0.000189103 0.00134874 -0.005229 -0.00680535 0.000292965 -1.2817e-05 0.00235079 0.000874868 1.70555e-05 8.90795e-07 7.51821e-05 0.0025979 -0.000376793 0.000155512 0.00582989 0.000291132 0.000331911 0.000768832 0.000219984 -6.95563e-05 2.34145e-05 -0.000863005 -0.0011039 0.00504815 1.04196e-05 7.34935e-05 3.72806e-05 0.000607422 -0.000137891 -0.000185568 0.00198314 1.2854e-05 -4.33923e-05 5.06687e-06 -1.223e-05 2.9788e-05 -0.000637361 -5.36899e-05 -7.52344e-05 -5.736e-05 -0.00238325 -0.0041864 
-0.000720625 -6.05444e-05 -8.57256e-05 -3.74349e-08 0.000713083 -3.94817e-06 -0.000151659 -5.99219e-05 2.83854e-06 4.08308e-05 4.8569e-06 -0.000656678 2.98512e-07 -3.47193e-07 -0.0003786 0.0002526 -1.64004e-05 0.00105769 0.000571781 0.000118666 -0.000140213 -2.12446e-06 0.000136956 -1.95288e-05 0.000364425 -9.73753e-07 1.05978e-05 6.43182e-05 1.37816e-06 8.24388e-06 2.20704e-05 -0.000839491 4.6258e-06 1.29367e-06 -1.16088e-05 -2.01527e-08 5.48854e-07 2.53467e-06 0.000724019 -7.97991e-08 -0.000821206 0.000163993 -0.000750872 0.000313371 6.25102e-07 -8.78054e-06 0.000380486 -0.000399966 6.55825e-06 -4.91656e-05 4.98005e-05 -5.55234e-06 3.64068e-05 -0.000193179 -1.3232e-07 1.54903e-05 -1.04291e-06 1.31451e-07 0.000359785 -1.11946e-05 -0.000744425 -0.000788979 4.53516e-05 1.53744e-05 6.72352e-05 0.000133569 -3.05587e-06 -4.62818e-08 -2.64976e-05 0.000744763 5.6644e-05 2.24486e-05 -9.7619e-05 -1.44774e-05 1.66939e-06 0.000607023 1.7062e-07 2.0517e-05 -6.87702e-08 -0.000303148 0.000101689 0.000604932 -2.35852e-07 3.91249e-06 -4.8044e-07 -1.41978e-06 8.23793e-05 2.38951e-05 0.000373667 0.000190645 3.69425e-05 -3.19879e-08 9.54274e-06 -5.09088e-07 -9.11e-06 -4.63914e-06 8.51541e-05 1.00166e-06 -0.000811993 -0.000462475 
-0.00702052 -0.0128823 -0.00336202 -4.10289e-06 0.0192463 -0.000707611 0.0045301 -0.00694858 3.18933e-05 0.00015263 -0.000218275 -0.0880161 4.81901e-05 -1.96997e-05 -0.0454966 0.00299903 0.00123475 0.000571781 0.162595 0.00020934 -0.0162448 -0.000401165 -0.01665 -0.00243934 0.0537134 -6.68281e-05 0.000222336 0.0078493 -0.000122474 0.0123588 -4.00566e-05 -0.0412426 2.68789e-05 -0.000250674 -0.00177208 3.74376e-06 -0.000142164 1.47354e-05 0.0701964 1.47317e-05 -0.0489949 -0.00421959 -0.0346933 -9.82034e-05 -2.49119e-05 0.00211673 0.00635647 -0.0645788 -6.62589e-05 -0.0141295 0.0143732 0.000426204 0.0074373 -0.0176081 -5.15535e-05 5.49242e-05 -0.0020554 -0.00039212 0.00269153 0.00274403 -0.0249935 -0.0500502 -0.000497123 -0.000105128 0.0239928 0.0011919 -0.000338367 -2.08818e-06 0.0144956 0.0476208 0.00118277 -0.000335758 -0.027679 -0.00315136 -0.000215681 0.00341438 -0.000917688 0.000655991 5.36486e-05 0.029352 0.00540473 0.0269064 -4.13541e-05 2.80593e-07 -0.000213627 -0.000682214 -0.00831649 0.000247953 0.0215625 0.000493885 -0.000493825 -5.61826e-06 0.000347172 -7.27343e-05 -0.000721074 -0.000623313 0.000262237 0.0107179 -0.0156229 0.00591763 
-0.000901252 -7.92548e-05 -8.78979e-05 -3.86204e-08 0.000607189 -5.25601e-06 -0.00016728 -0.000201522 4.10804e-06 1.08796e-05 -4.04711e-06 -0.000758906 1.39172e-05 -3.19374e-07 -0.000430315 0.000144184 -1.96066e-05 0.000118666 0.00020934 0.00109115 -0.000956303 -2.20321e-06 0.000370239 -3.43929e-06 0.000207797 -2.37926e-07 9.91591e-06 0.000105373 2.04348e-06 -7.79745e-05 8.31863e-05 -0.000821592 1.36116e-05 2.98689e-05 -1.14027e-05 -2.0791e-08 2.33477e-06 3.06277e-06 0.000707201 9.28785e-07 -0.000945872 0.000736437 -0.000679199 3.14506e-05 1.65254e-06 0.000203745 5.23659e-07 -0.00043473 3.71568e-05 -4.20563e-06 -5.77294e-05 -3.23296e-06 0.000476003 -0.000195325 7.81894e-07 1.3004e-05 0.000172287 5.95801e-06 0.00036568 -3.75331e-06 -0.000515687 -0.000813953 5.47235e-05 8.9237e-05 5.01061e-05 1.17356e-05 0.000136493 -4.77476e-08 -8.76386e-06 0.000662026 0.000498241 0.000120419 -9.88968e-05 -1.18734e-05 2.17863e-05 0.000171427 -4.36639e-06 0.000539623 -1.08504e-07 0.000360254 -6.65749e-06 2.58373e-05 5.55623e-07 5.13628e-06 -2.35105e-06 0.000102308 0.000201425 0.000279716 5.74579e-06 0.000442518 0.00016946 7.66999e-07 -1.97551e-06 2.0859e-06 -2.23256e-05 6.84528e-07 0.000318803 5.59769e-05 -0.000985105 -0.000781741 
0.00651039 0.00258978 0.000356015 -6.64439e-06 -0.0123032 -0.000482604 0.0026011 0.00395529 -0.000230635 -0.000114976 8.41445e-05 0.0295067 -7.41655e-05 -0.000102818 0.016941 -0.00161612 -0.00123262 -0.000140213 -0.0162448 -0.000956303 0.0417764 -0.000713245 -0.00836567 -0.0022787 -0.0176149 -0.000762413 -0.000347818 -0.0111211 -0.000112624 -0.00854958 -0.000499262 0.0272115 -4.60329e-05 -0.000108335 3.12366e-05 -1.71908e-05 -0.000326542 -7.55122e-05 -0.0197563 -3.52965e-05 0.0225447 -0.0024672 0.0273076 0.000562322 -2.30033e-05 -0.00914328 -0.00297247 0.00806326 -0.000120352 0.000336862 -0.000810268 -0.00269154 -0.0147329 0.0079406 -4.78172e-05 -0.000118795 -0.000563328 -0.00118401 -0.00111227 -0.00226585 0.0218771 0.032068 -0.00114066 -0.000358978 -0.0120547 -0.000543133 -0.00108533 -2.2016e-06 -0.0139485 -0.0262584 -0.00996435 -0.000783282 0.00321031 -5.54206e-06 -0.000613908 -0.00193806 -1.78267e-05 -0.00241585 -0.00011715 -0.0177146 -0.000590499 -0.0130739 -2.7705e-05 3.84941e-05 -0.00152286 -0.000370426 -0.00113101 -0.000959636 -0.000994507 -0.00131091 -0.0004004 -2.61913e-05 -5.08744e-05 -0.000100996 -0.00415848 0.00014043 -0.00487581 -0.00787775 0.0115399 0.00173012 
-0.00124215 -0.00012923 -7.93507e-05 2.09536e-06 -5.36193e-05 0.000133261 -0.000193214 -0.000844736 2.24908e-05 -4.02205e-08 5.54372e-05 -0.000510283 2.9744e-06 9.44415e-07 -0.00036489 5.26242e-05 0.000508042 -2.12446e-06 -0.000401165 -2.20321e-06 -0.000713245 0.00201289 -0.000172852 0.00034862 -0.000854667 0.00018239 3.99634e-05 0.000129216 7.24048e-05 9.76616e-05 0.000109849 -0.000444174 1.38545e-07 2.64173e-05 7.22427e-05 5.07272e-06 8.80668e-06 1.68506e-06 -0.000196387 2.99243e-06 -0.00105525 0.000842409 -0.000449014 -4.61264e-05 3.4579e-05 0.000404575 -1.24308e-05 -0.000962538 7.2765e-06 0.000887494 -0.00116297 0.000194193 3.48097e-05 0.000522617 -1.96108e-07 8.62843e-06 0.000299759 0.000825739 -5.52335e-06 0.00019211 -0.000433526 -0.000743924 0.00062451 4.04833e-05 -6.46955e-05 2.6955e-06 0.000127631 1.11837e-07 0.000163895 -8.02118e-05 0.000241187 2.2454e-05 0.00107632 0.000198323 0.000655032 3.38447e-05 0.000185442 0.00016516 5.60261e-05 -0.000400096 -5.97582e-05 -3.26161e-05 2.92206e-05 -4.57947e-06 0.000129751 0.000516044 0.000966413 0.000151273 -7.66906e-05 0.000147815 6.43001e-05 4.42795e-06 1.36403e-05 6.58191e-05 -2.28603e-05 -7.84894e-06 2.21392e-05 0.000294223 -0.00117797 -0.00113742 
-0.00318829 -0.00564999 -0.00270286 -2.73745e-06 -0.00238902 0.000192612 -0.0146472 0.000299337 2.36983e-05 -1.0926e-05 -0.000452579 -0.00843331 -2.6537e-06 0.000100396 -0.0042845 7.42015e-05 -0.00116418 0.000136956 -0.01665 0.000370239 -0.00836567 -0.000172852 0.0970041 0.000125527 0.00681352 4.83803e-05 2.44199e-05 0.000752921 -4.84058e-05 -0.00942626 0.000135035 0.0017808 1.62982e-05 0.000211734 -0.000133391 -7.71838e-07 1.03744e-05 3.75254e-05 -0.00895034 4.57388e-06 0.00619403 0.00105994 -0.0199229 0.000423736 -4.3453e-06 0.00152384 -0.00173121 0.0289904 2.44325e-05 -0.00697225 -0.00246343 -0.000626439 0.0199372 -0.000513233 -7.95224e-05 -2.3687e-05 -0.000836236 -0.000608688 0.000480366 -0.00106156 0.00129252 -0.0273769 0.000503792 2.03893e-05 -0.0018738 -0.000680648 0.000554887 4.74191e-06 -0.000708955 0.000563736 0.0025522 0.000100006 -0.000376976 -0.00035893 1.52822e-05 -0.00140539 4.188e-05 0.000187029 -1.45888e-05 -0.00332353 -0.00455662 -0.00540982 -2.79631e-06 -3.68002e-05 0.000123013 0.00124047 0.00370735 -0.000781019 -0.00440534 -2.38815e-05 0.000859513 5.03365e-06 -1.43045e-05 -2.80711e-05 0.00582044 -1.08017e-05 0.00451716 -0.0015664 0.00246582 -0.0168968 
-0.000731865 -0.00143145 0.00300707 6.27942e-06 -0.000645843 0.000527367 -0.0019831 -0.00672851 0.000189636 -4.80892e-06 1.27539e-05 -0.00407248 -9.05932e-08 -7.19692e-06 0.00265725 -3.39349e-05 0.000101296 -1.95288e-05 -0.00243934 -3.43929e-06 -0.0022787 0.00034862 0.000125527 0.0232697 -0.00583883 0.000589321 0.000109427 0.000426939 1.20038e-05 -0.00212696 0.000170094 -0.0002938 -5.59735e-07 0.000123153 -0.000132338 2.52406e-06 0.000375933 2.20556e-05 -0.0033049 5.85897e-06 0.00142313 -4.17665e-05 0.00127916 -0.000482404 1.52566e-05 0.0035447 -0.000341455 0.00390463 2.44107e-05 -0.00103848 -0.00738206 -6.44641e-05 -0.00195626 0.00373513 2.00984e-05 -5.29186e-06 0.000405521 -9.85437e-05 -0.000254225 0.0013876 2.93414e-05 0.000230331 0.000487775 6.6738e-06 -0.000804075 0.00244732 8.06801e-05 1.13579e-06 0.00159564 -0.00242309 6.23198e-05 2.32899e-05 0.00157377 -0.000274651 0.000181211 -0.000445051 6.26536e-05 -1.82042e-05 1.5561e-05 -0.003383 -0.000807617 -0.00130718 -4.0493e-06 -9.00533e-06 0.000467382 7.3548e-05 -0.000568834 -0.000263735 -0.000772137 -4.15952e-05 0.000269636 2.39576e-05 -3.64326e-05 3.6051e-06 0.0057755 -0.000109153 0.000432137 -0.000280652 0.000315074 -0.00668991 
-0.00360845 -0.0351853 -0.023441 -1.30167e-05 0.0142319 -0.000889893 -0.0299165 -0.00130892 -6.30929e-05 9.47492e-05 -0.00190727 -0.0792631 3.64324e-05 0.000188158 -0.1616 0.0017807 -0.00607855 0.000364425 0.0537134 0.000207797 -0.0176149 -0.000854667 0.00681352 -0.00583883 0.248636 -2.75516e-05 0.000162018 0.00884346 -0.000279162 -0.0197842 -0.000264631 -0.0313967 4.55161e-06 -0.000511958 -0.00256237 -6.65829e-06 -0.000192476 2.19824e-05 0.0223737 -4.91146e-06 -0.0303187 -0.00944215 -0.0495387 -0.000746964 -7.23185e-05 0.00341464 0.00284777 0.0579407 -0.000157716 -0.0302474 0.0634169 0.000682238 0.00368557 -0.0733228 -0.000320338 7.29571e-05 -0.0063912 -0.00202011 0.000252691 -0.000236763 -0.0136888 -0.0529687 -0.00110763 -0.000221168 0.0166344 -0.000641721 0.000141406 -1.07859e-05 0.00971643 0.0396007 0.0168865 -0.000210405 -0.0457305 -0.00643432 -0.00050542 0.00224672 -0.00243349 0.000943786 3.73167e-06 0.145879 0.00487828 0.0166277 -5.85289e-05 -0.00098723 0.000495604 -0.000924524 -0.0176292 -0.00304459 -0.00459315 0.00073192 -0.00107709 -7.03443e-06 -6.04435e-05 -0.000205062 0.00832961 0.0011565 0.00381854 0.0072589 -0.00917087 0.0220035 
-0.000326806 -7.18069e-05 3.41453e-05 5.08971e-06 3.67836e-05 0.000217041 -0.000122498 -0.000635691 7.17507e-05 -1.85527e-07 1.02847e-06 -0.000655549 3.79109e-06 1.47735e-06 -0.000305071 8.85393e-06 0.000195646 -9.73753e-07 -6.68281e-05 -2.37926e-07 -0.000762413 0.00018239 4.83803e-05 0.000589321 -2.75516e-05 0.000918821 8.43164e-05 0.000462152 2.71537e-05 7.73576e-05 8.40156e-06 -0.000628855 2.16249e-07 1.35537e-06 1.11293e-06 2.27138e-06 1.85534e-05 4.6751e-07 -7.45243e-05 3.60847e-06 -0.000250909 8.78007e-06 -0.000419707 -2.17004e-05 2.38435e-07 0.000664756 -1.04621e-05 -0.000141676 3.43269e-06 1.37672e-05 -0.000473631 0.000168829 -7.68893e-06 -0.000167857 -3.73544e-07 -3.58334e-07 -7.69621e-07 3.258e-05 -8.91517e-06 0.000253167 -0.000528096 -0.000623652 5.26338e-05 3.60738e-06 5.14599e-06 5.89182e-06 6.66667e-07 -6.86632e-09 0.000744576 6.63553e-05 0.000147361 9.20163e-05 0.000104382 -4.72348e-06 1.76963e-05 -7.67644e-06 -3.66534e-06 9.00605e-06 3.86245e-05 0.000173023 -2.76645e-05 9.36308e-05 -2.3381e-07 1.37354e-05 0.000332881 1.34536e-05 -1.48749e-05 -5.23734e-06 -2.84031e-05 6.31771e-06 -5.85649e-08 2.51833e-05 7.25097e-07 3.38004e-06 0.000432723 -4.198e-06 1.74687e-05 0.000128506 -0.000220255 -2.42409e-05 
-0.000226418 -3.67926e-05 -3.30305e-05 2.06194e-07 0.000244838 3.24355e-05 -6.63666e-05 -0.000110838 3.08547e-05 2.65299e-06 4.81523e-06 -0.000357765 2.85124e-07 -1.91434e-07 -0.000203202 2.66323e-05 3.30936e-06 1.05978e-05 0.000222336 9.91591e-06 -0.000347818 3.99634e-05 2.44199e-05 0.000109427 0.000162018 8.43164e-05 0.000453128 0.000208412 2.81428e-07 5.53526e-05 -5.35981e-07 -0.000404379 2.03161e-07 6.90902e-06 -3.66378e-06 5.80382e-08 9.82603e-06 -7.07855e-08 0.000225379 8.99167e-07 -0.000314952 1.26806e-05 -0.000370923 4.58112e-06 -7.96406e-08 0.000146248 0.000114965 -0.0001612 4.63228e-07 -3.13311e-05 -8.75548e-05 3.77904e-05 -2.532e-05 -0.00010071 2.63575e-06 -3.76614e-07 -4.08417e-06 -2.4011e-06 2.20923e-05 -1.48286e-06 -0.000398569 -0.000384084 2.8163e-05 4.48317e-06 7.79906e-05 2.05726e-05 -1.71592e-07 -1.98157e-08 0.000145086 0.000286218 0.000142199 1.54158e-05 -6.87488e-05 -6.66253e-06 5.93342e-06 5.97732e-05 -1.38639e-06 1.69545e-05 1.93912e-05 0.000183052 1.07116e-05 0.000241517 -1.04141e-07 1.58911e-05 0.000108406 2.81052e-06 -8.65e-06 2.54557e-05 0.000140476 4.26152e-06 8.73676e-06 1.67641e-05 -6.03077e-07 -8.46344e-08 7.11888e-05 -2.04475e-06 2.64557e-06 0.000129256 -0.000326311 -5.35549e-06 
-0.0040414 -0.00138943 -0.000624297 1.76767e-06 0.00480797 0.000199228 -0.00224923 -0.000753408 7.09501e-05 5.69554e-05 -3.35774e-05 -0.0129683 2.78648e-05 1.27105e-05 -0.0074841 0.00162774 0.00140868 6.43182e-05 0.0078493 0.000105373 -0.0111211 0.000129216 0.000752921 0.000426939 0.00884346 0.000462152 0.000208412 0.0172619 7.68583e-06 -0.000283847 -3.40674e-07 -0.0136712 9.87767e-06 -2.24062e-05 -7.87506e-05 1.20211e-05 4.83073e-06 4.76898e-05 0.00761771 1.53424e-05 -0.0108617 2.45974e-05 -0.0128454 -5.01824e-05 -9.97889e-07 0.00548367 0.00189946 -0.0032751 2.2069e-06 -0.00103453 0.00177575 0.00225484 0.00253024 -0.00397042 -5.79591e-06 -8.96269e-06 -0.000158286 -9.6955e-05 0.000522435 0.000488238 -0.0103169 -0.0134892 9.64012e-05 0.000216554 0.00248815 0.000115561 2.64923e-05 6.87522e-07 0.00259622 0.012714 0.00740319 0.000463274 -0.00263685 -0.000248843 1.37182e-05 0.000982415 -8.31886e-05 0.00114899 4.22461e-05 0.00957887 0.00133921 0.00675752 4.61073e-06 0.000156901 0.00151984 -5.30423e-05 -0.000692275 0.000526152 0.00264449 0.000575598 -4.19077e-05 2.21914e-05 -2.66008e-06 -7.54818e-06 0.000478569 -1.89622e-05 -1.12843e-05 5.67139e-05 -0.00560939 0.00125876 
-0.00042907 4.44439e-05 -2.80057e-05 -2.48455e-08 -1.58655e-05 1.22758e-05 6.00307e-05 -0.000250259 3.26472e-07 -1.41765e-07 -3.11113e-06 1.47084e-05 -7.47318e-08 -3.48423e-07 -0.000169024 -3.19522e-06 0.000145956 1.37816e-06 -0.000122474 2.04348e-06 -0.000112624 7.24048e-05 -4.84058e-05 1.20038e-05 -0.000279162 2.71537e-05 2.81428e-07 7.68583e-06 0.000702239 -1.94442e-05 9.3136e-06 -4.68095e-05 6.35823e-06 2.01499e-06 6.03371e-06 2.50885e-06 5.2053e-06 -1.09728e-07 -4.14149e-05 7.02593e-07 -0.000319163 0.000320293 1.89329e-05 -1.09681e-05 1.2321e-06 1.66167e-05 -4.53209e-06 -0.000268636 5.28141e-05 0.000355309 -0.000338084 2.95123e-06 -5.45569e-06 2.16934e-05 2.88869e-06 3.6345e-06 0.00016263 9.37451e-05 -6.44154e-06 4.19858e-05 -6.60762e-05 -1.69032e-05 5.97136e-05 1.95938e-05 -1.75391e-05 1.65768e-05 -2.24842e-06 -3.07173e-08 2.11084e-05 -4.11348e-05 -1.97363e-05 -5.25215e-07 0.000403127 0.000129262 0.000111435 4.28008e-05 3.03074e-06 -9.53989e-07 7.02142e-06 -0.000213675 6.92033e-06 6.10906e-05 5.66579e-06 -2.43963e-06 5.24292e-06 8.01089e-05 0.000430245 -8.59052e-06 -2.76511e-05 -1.48923e-06 1.59213e-05 8.00992e-07 6.97328e-07 2.03066e-05 6.79087e-07 1.62642e-06 1.51266e-05 1.3883e-05 -0.000373291 -0.000386651 
-0.000303702 0.00108957 -0.00840495 2.39934e-06 0.00951749 0.000839211 0.0394903 -0.00428115 -2.52645e-05 6.41964e-05 -8.07396e-05 -0.00875019 1.68906e-06 -3.69695e-05 -0.00466944 -2.75314e-05 -0.0012115 8.24388e-06 0.0123588 -7.79745e-05 -0.00854958 9.76616e-05 -0.00942626 -0.00212696 -0.0197842 7.73576e-05 5.53526e-05 -0.000283847 -1.94442e-05 0.0996207 7.45412e-05 -0.0202701 -8.14103e-06 2.29367e-05 -0.00060426 -1.19133e-06 -1.31719e-05 -1.27436e-05 0.0141929 -3.06818e-06 -0.0223276 0.000281799 -0.0179063 -0.00239722 1.82535e-05 -0.000266486 -0.000243972 -0.0481734 1.42386e-05 0.00458817 -0.00624881 0.000407867 -0.0058251 -0.0175054 -8.52841e-05 -5.28996e-05 -0.00158791 0.00225077 -2.81396e-05 -0.000151028 -0.019448 -0.0163601 -0.00013427 -4.35359e-05 0.0145296 -0.000729352 -0.000132001 -3.51604e-06 0.0137302 0.0212756 -0.0021565 1.97362e-05 0.0281873 0.00189627 -8.05202e-05 0.00268318 -0.000577819 -0.000251454 0.000106237 -0.0237318 -0.00406651 0.00944354 2.72719e-05 -0.000346665 -6.42073e-05 0.000207767 -0.00112906 -0.00104633 0.00339571 -0.000194267 -7.66437e-05 -1.82339e-06 3.15708e-05 -1.14863e-05 -0.00299777 -0.000283198 0.00026373 0.0126764 -0.0111565 0.0032467 
-0.000421707 -3.92898e-05 -5.11779e-05 2.00264e-06 4.05251e-05 6.68338e-06 -1.58267e-05 -0.000625561 3.36969e-05 8.61488e-07 5.72125e-06 -0.000376135 2.18538e-06 2.4138e-06 0.000146674 0.000115492 8.33909e-05 2.20704e-05 -4.00566e-05 8.31863e-05 -0.000499262 0.000109849 0.000135035 0.000170094 -0.000264631 8.40156e-06 -5.35981e-07 -3.40674e-07 9.3136e-06 7.45412e-05 0.00118091 -0.000248955 3.41455e-06 4.29872e-05 -3.29632e-06 6.63856e-08 1.30449e-05 7.04278e-07 -6.89585e-05 1.13312e-06 -0.000389038 0.000372517 -4.43745e-05 1.69262e-05 1.71478e-05 7.77597e-05 -1.3743e-05 -8.63811e-05 7.42897e-05 0.000312563 -0.000428307 2.63694e-06 -5.35746e-05 -0.000103113 3.11898e-07 2.14029e-05 9.50949e-05 0.000207185 1.8704e-05 0.00013981 -5.35766e-05 -0.000512676 0.000237325 0.000102525 -1.70273e-05 5.40289e-05 1.84655e-05 -4.0569e-08 0.000110384 -4.35161e-05 1.87566e-05 1.07705e-05 0.000163244 0.00014551 0.000161783 -1.311e-05 -4.26432e-06 5.66716e-05 1.0441e-05 -0.000212652 1.71159e-06 -3.59902e-05 2.12164e-06 1.25701e-06 -2.08142e-06 4.90947e-05 0.000345045 7.16455e-06 -4.97291e-05 2.75056e-05 0.000131627 1.14206e-06 -1.12148e-06 1.72649e-05 0.000112207 -4.49208e-06 0.000137236 4.8202e-05 -0.00043487 -0.00046282 
0.00889068 0.0053676 -0.000321152 -3.78657e-06 -0.0253086 -3.31385e-05 -0.00235792 0.00203737 -0.000217911 -0.00018361 0.000141342 0.0503384 -7.10073e-05 -3.84104e-05 0.0310101 -0.00284475 -0.00395827 -0.000839491 -0.0412426 -0.000821592 0.0272115 -0.000444174 0.0017808 -0.0002938 -0.0313967 -0.000628855 -0.000404379 -0.0136712 -4.68095e-05 -0.0202701 -0.000248955 0.0638732 -4.11328e-05 9.2899e-05 0.000416252 -1.6017e-05 -2.15499e-05 -6.26478e-05 -0.0491081 -2.15539e-05 0.0544857 -0.000481114 0.0527678 -0.00457531 -4.94305e-05 -0.00804967 -0.00885162 0.0264588 -6.89458e-05 0.00312561 -0.00956423 -0.00259353 -0.00853627 0.0141598 -4.99955e-06 -0.000205723 0.000425245 -0.000120293 -0.00273408 -0.00187018 0.0394824 0.0548177 -0.000574618 -0.00033621 -0.031004 -0.000362632 -0.000842414 -1.18025e-06 -0.0186774 -0.0569943 -0.0111311 -0.000920593 0.00381077 0.000960417 -0.000477205 -0.00993942 0.000325652 -0.00250404 -0.000120888 -0.0194804 -0.00278542 -0.0347036 1.97872e-06 -0.000500867 -0.00148896 -2.34735e-05 0.00222279 -0.0011076 -0.00948819 -0.00196919 -0.000123215 -2.39727e-05 -0.000432051 -7.24169e-05 -0.000128679 0.000256905 -0.00165438 -0.0144701 0.0242176 -0.00371737 
-7.88759e-05 -3.63543e-06 -6.7512e-06 -3.21971e-09 1.30499e-05 4.56258e-07 4.56793e-06 -4.04706e-05 1.05529e-06 -1.83712e-08 -4.03168e-07 -5.02264e-05 6.01427e-07 6.59592e-08 -4.02334e-05 2.29911e-05 9.54373e-06 4.6258e-06 2.68789e-05 1.36116e-05 -4.60329e-05 1.38545e-07 1.62982e-05 -5.59735e-07 4.55161e-06 2.16249e-07 2.03161e-07 9.87767e-06 6.35823e-06 -8.14103e-06 3.41455e-06 -4.11328e-05 9.10584e-05 9.39021e-07 7.77157e-06 2.45382e-06 2.05379e-06 2.74669e-07 3.23909e-05 2.64699e-08 -7.32084e-05 5.14198e-05 -2.19164e-05 4.14866e-06 2.06224e-07 1.5217e-06 5.67079e-06 -3.29692e-05 6.59916e-06 2.65116e-05 -2.58968e-05 1.66179e-06 1.62179e-05 -1.72293e-05 -3.76542e-08 1.26418e-06 4.4552e-07 9.39718e-06 4.05625e-06 6.0164e-06 -1.43164e-05 -3.66666e-05 1.5987e-05 4.40952e-06 5.33994e-06 -6.85414e-07 -3.20169e-07 -3.98063e-09 4.13892e-07 3.36379e-05 8.09937e-06 -2.62446e-07 1.18814e-05 1.41544e-05 2.11733e-06 1.22061e-05 8.85003e-07 1.53453e-05 4.08262e-06 7.34113e-06 5.74988e-06 1.59093e-05 4.65737e-07 -1.94336e-07 -2.2194e-07 9.82934e-07 3.71504e-05 -5.37721e-08 7.8559e-06 -1.92988e-07 1.5153e-05 -2.75123e-09 -1.59141e-07 -4.37859e-08 2.78016e-06 -4.48699e-07 2.76091e-05 -1.51552e-06 -7.04815e-05 -4.6858e-05 
