0.052389 -0.000858218 -0.00136634 -0.00276797 -0.000506821 -0.0011629 -0.0136446 -7.85198e-05 -0.00316057 -0.00012409 0.00362821 -0.0107803 0.01004 0.0240697 -0.0044104 -0.0119099 0.00014822 -0.0143706 0.00193215 0.00936494 0.000252036 -0.0175772 0.0101617 -0.011895 -4.83492e-05 -0.00294017 -0.00294674 0.0191717 0.000239779 -0.000137766 0.000957055 0.00709393 -0.00444256 -0.0118334 -0.00109261 -0.00496103 -0.0075662 0.00341207 -0.000519574 -0.000124271 7.31097e-06 -0.00335937 -0.00158401 -0.00417079 0.000587333 0.0105781 0.002128 -0.00557344 -0.00254244 0.0038487 0.0156506 0.000761282 -0.0207462 -0.00275176 -0.000547005 -0.000246039 -0.000240805 -0.0129112 6.23655e-06 -0.00214119 -7.64322e-06 0.00896229 -0.00700961 -0.00787295 -0.00115026 0.00435805 -0.000184126 -0.000237656 0.0137126 -0.00236719 0.00185184 -0.0116738 0.0112773 0.000859087 -2.43548e-05 -0.000371698 -0.00585339 -2.9133e-05 0.0236617 -0.000221983 0.000251659 -0.00250709 -0.00136894 0.000163096 0.000129356 0.00996143 -0.00149905 -0.00023532 -0.0148151 7.23882e-05 -0.000276615 -0.000129241 -0.00915308 -0.00989678 0.0142985 0.0171524 -0.00675146 -0.00103792 -0.0050947 -0.00532998 
-0.000858218 0.050067 -0.00119978 -0.00635987 0.000970655 -0.00138022 -0.0100133 -0.000355879 -0.00519005 0.000689317 -0.00239502 -0.0159733 -0.000389091 0.0017595 -0.00634281 0.00769671 -3.84227e-05 -0.013768 -0.000140718 -0.00117598 -0.000348002 -0.0180353 -0.00535744 -0.0119021 -0.000179782 0.0102147 0.00415416 0.0217191 -0.000333947 -0.000170885 0.000717931 0.0176209 0.00224514 -0.0149073 0.0225517 -0.00313706 -0.00955693 -6.11472e-05 -0.000629617 -0.000332796 -8.40919e-06 -0.00318644 -0.0065153 -0.0025545 0.0121624 -0.00156378 -0.00267801 0.0174128 -0.00239171 0.0141549 -0.00213143 0.00328574 0.0190452 -0.00873126 -0.000492807 0.0255499 0.000370296 -0.00546547 2.10597e-05 -0.00207012 1.23435e-06 0.0127836 -0.0100404 -0.00480128 0.00186805 -0.00205055 -0.000153233 -0.000220397 -0.00514229 -0.00300321 0.00132931 -0.0105238 -0.00910325 0.000198492 -4.26579e-05 -0.000569597 0.0157431 0.000183191 -0.00857834 -0.000129833 -0.00893716 -0.00452099 -0.000603955 -0.000238897 -0.000194715 0.0161217 -0.00234144 -0.000618493 -0.013286 -1.715e-05 -0.000274259 -0.00184629 -0.0109148 0.00236467 0.0159814 -0.0163631 -0.00780048 -0.00310915 -0.00253367 -0.00270239 
-0.00136634 -0.00119978 0.0275731 0.0120132 -0.000244945 -0.000241239 -0.00577709 -0.000215703 0.0173697 -0.000181083 -0.00120142 0.0105833 0.0105732 -0.00242797 0.0128511 -0.00615954 -2.19116e-05 0.0115681 0.000211746 -0.000360913 -0.000425742 0.0115886 -0.00996668 0.00427027 0.00153754 -0.0118909 -0.00240124 -0.00791411 -0.00014943 -8.60934e-05 -0.000132759 -0.0116088 0.00435434 -0.00430138 -0.00589845 -0.00251997 -0.00285325 -0.000473592 -0.00103209 0.0016782 -1.81909e-05 -0.00112166 -0.00295817 0.00794552 -0.00951657 0.000585417 -0.000968729 0.0142192 -0.0013867 -0.0112807 0.00328799 -0.000284754 -0.00884782 -0.0051769 -0.000175205 -0.00744115 -0.000277778 -0.00330634 -5.87526e-06 0.00572961 -1.63407e-05 -0.0081919 0.0144058 -0.00229668 0.00193791 -0.00070837 -0.000152078 -1.65517e-05 -0.00260814 -0.00177769 0.000320746 -0.00315041 -0.00544646 -0.00010228 -2.77233e-06 0.00513453 -7.15216e-05 6.43744e-05 -0.00404146 -4.65909e-05 0.00949908 0.00134325 0.000891556 -9.15435e-05 -9.75269e-05 -0.0113975 -0.00110311 6.79135e-05 0.0119618 1.4828e-05 -0.000143906 -0.00108532 0.00701121 -0.00530953 -0.0093963 -0.0101067 -0.0032891 -0.00174254 -0.000847411 -0.00353432 
-0.00276797 -0.00635987 0.0120132 0.109616 0.000214018 0.0166995 0.00615583 -0.000111346 0.0566745 -0.000163648 -0.00519069 0.032382 0.00925747 -0.0270614 0.0260395 -0.017505 -9.42775e-05 0.0212547 -0.000332047 -0.00284799 0.00575424 0.0487355 -0.0227952 0.0445499 0.00186619 -0.0307369 -0.0101769 -0.0372603 4.28908e-05 -6.35138e-05 -0.000367825 -0.0258102 0.0161967 -0.0146409 -0.0264146 -0.0113731 -0.00584577 -0.000665482 -0.00454743 0.000604836 -7.42872e-05 -0.00757087 -0.0147911 0.0176637 -0.026521 0.001535 -0.00564174 0.0133677 0.000579414 -0.0335157 0.0019362 -0.00163887 -0.050755 0.0319556 0.000879298 -0.0320358 0.000593052 -0.0339781 -1.68687e-05 0.0304988 1.54525e-05 -0.0316514 0.0579049 -0.00324837 0.00639894 -0.000569062 0.00252267 1.24218e-05 -0.0127821 -0.00319215 -0.00144115 -0.0101951 -0.0222139 -0.00044337 -1.9592e-05 0.00454529 -0.0140513 0.000304517 -0.0102464 -5.7003e-05 0.0221666 -0.0102334 -0.00312222 0.00030344 0.000558385 -0.0374534 -0.00159392 -0.000936545 0.032049 2.98704e-05 -0.00054737 -0.00336464 0.0715722 -0.0265052 -0.0100309 -0.00862247 0.00418381 -0.0129526 -0.0116493 -0.0128385 
-0.000506821 0.000970655 -0.000244945 0.000214018 0.0150906 -0.000644011 -0.00322431 -2.51975e-05 -0.00124736 -9.91002e-05 -0.000294155 -0.00221368 0.000901982 -0.00254327 -0.00204172 -0.00394169 1.90333e-06 -0.00536849 -6.4408e-05 -0.000355544 0.000160449 -0.00186704 0.00263942 0.00543184 -4.23975e-05 0.00617835 0.00306774 -0.000250348 2.32468e-05 0.000189511 -3.27726e-05 -0.00016407 -0.00711876 -0.00278288 0.000519697 -0.00141279 -0.00260435 0.000238346 -0.000535392 7.74619e-05 -1.20439e-05 -0.000938038 -0.0014613 -0.0011802 0.00114449 0.00426576 -0.000761561 0.000104232 0.000442759 0.00171474 0.000935247 -0.000168554 -0.00562852 0.00492994 0.00014465 -0.00295851 0.00088005 -0.00467547 1.94251e-05 8.6817e-05 6.88511e-07 -0.00158507 -0.0028181 -0.00338347 -0.000972178 -0.000354272 -3.19714e-05 0.000378844 0.00318948 -0.00104111 -0.000163981 -0.00495988 0.00286929 1.4134e-05 8.14961e-06 -2.57602e-05 -0.000600918 4.53465e-05 0.00545853 -6.03293e-05 0.00191478 -0.00299232 -0.000334681 -4.26494e-05 7.90326e-05 -0.000767874 -0.000693769 -0.000180188 -0.00553494 -5.03886e-06 -8.52744e-05 -0.000569475 0.00396133 -0.000146565 0.00701569 0.00603882 0.00550715 0.00164992 -0.00156728 -0.00217765 
-0.0011629 -0.00138022 -0.000241239 0.0166995 -0.000644011 0.0780633 0.0407252 -0.000699429 0.0390285 0.0010807 -0.0018716 0.0413098 0.0177689 -0.0237285 -0.00193113 0.0168312 1.44736e-05 0.0353067 -0.000167403 -0.00191561 -0.00137566 0.036789 -0.033365 -0.0038942 0.00010714 -0.0425221 -0.00653019 -0.0216213 -0.000479909 -0.000266003 -0.000290338 -0.0370135 0.025116 0.00570461 -0.0168781 -0.00274252 0.00231197 -0.00231891 -0.00310202 -0.00042609 3.83717e-05 -0.00144198 -0.00736359 0.00477721 -0.0380477 -0.00283572 -0.00335564 -0.00581204 -0.00430018 -0.033821 -0.00384878 -0.00111547 -0.01782 -0.00424517 0.00344449 -0.0229767 -0.000596553 0.00937191 -2.30448e-06 0.0113762 -1.29025e-05 -0.0178409 0.0241396 0.0323489 0.0271827 -0.000375011 0.00202946 0.000415604 -0.0028216 -0.00385598 -0.000424642 0.0319621 -0.0105504 -0.0002827 -5.95221e-05 0.000549258 -0.00654419 -8.20808e-05 -0.0163902 4.50748e-05 -0.0127049 0.022796 -0.00159054 -0.000366361 0.000383194 -0.0387946 -0.00190876 -0.000763237 0.0412953 6.26651e-05 -0.000404089 -0.00283217 0.00761804 -0.0153098 -0.0326682 -0.0365607 -0.0129826 -0.0137912 0.00416581 0.00320908 
-0.0136446 -0.0100133 -0.00577709 0.00615583 -0.00322431 0.0407252 0.230455 -0.00218812 0.0288173 0.00287677 -0.002335 0.184304 0.0167192 -0.106518 -0.0122677 0.116288 -0.00023897 0.173123 -0.00100754 -0.00859751 -0.00476149 0.133381 -0.141134 -0.0323189 -0.00112344 -0.170859 -0.0296538 -0.100815 -0.001476 -0.00092593 -0.00138634 -0.161872 0.118732 0.105561 -0.0805177 0.0523226 0.054104 -0.0123239 -0.0132375 -0.000630001 -7.69691e-05 0.0184004 0.0281976 0.0156454 -0.15488 -0.0108887 -0.0109457 -0.0302025 -0.0177361 -0.146859 -0.0305979 -0.0044932 -0.00391279 -0.0322694 -0.000499096 -0.0977725 -0.000576705 0.157926 -2.27363e-05 0.00577796 -9.04809e-05 -0.096193 0.0292321 0.125566 0.04208 -0.0110845 0.000828929 0.00220227 -0.0109563 0.0375682 0.00118942 0.180818 0.00317762 -0.0010891 3.25556e-05 -0.00396154 0.0188809 -0.000347613 -0.0557897 -9.13526e-05 -0.0516464 0.091139 0.0101123 -0.000458486 -0.000500761 -0.166439 -0.0020497 -0.00421481 0.183616 -9.21549e-06 0.00144895 0.0064364 -0.0299333 -0.0667685 -0.133233 -0.139585 -0.0565905 -0.0601019 0.057891 0.0699838 
-7.85198e-05 -0.000355879 -0.000215703 -0.000111346 -2.51975e-05 -0.000699429 -0.00218812 0.00845113 -0.00068143 -5.48426e-05 -0.000335669 -0.00192607 -0.000461588 -0.0012611 -0.00116261 -0.000390103 -4.50833e-06 -0.00151879 6.66894e-06 -7.25452e-05 0.000841001 -0.00143038 -0.00201213 -0.00122587 -2.87031e-05 -0.000169178 -0.000620685 -0.00230543 0.000825615 -2.73107e-05 0.0013249 0.0020346 0.000642083 -0.00206633 0.00272889 -0.000475598 -0.000957436 0.000334174 -0.000217877 -2.01432e-05 -2.95421e-06 3.34206e-05 -0.000199368 0.000227702 0.00243882 -0.000299892 -0.000102 0.00179639 0.00322139 0.00164271 -0.000731775 -8.29228e-05 0.00197872 -0.00124921 0.00128038 0.00305711 -7.11437e-05 -0.00115932 -1.18811e-06 -0.000229669 -9.2935e-07 0.0023057 -0.000817423 -0.00102446 -0.00059328 -0.000224566 6.27663e-05 -4.70939e-05 -0.000895154 -0.000559072 6.07594e-05 -0.00150576 6.66045e-05 -1.11456e-05 -5.35556e-06 -9.09251e-05 -0.00039683 2.71099e-06 -0.00161791 0.00011751 -0.00135023 0.00101615 -7.89548e-05 0.000264716 -2.44832e-05 0.0017537 0.000551645 -8.63477e-05 -0.00143039 4.34276e-05 -4.38638e-05 0.00223984 -0.00119518 0.000815111 -0.0028475 0.00342611 -0.000755337 -0.000941639 -0.000748203 -0.00107045 
-0.00316057 -0.00519005 0.0173697 0.0566745 -0.00124736 0.0390285 0.0288173 -0.00068143 0.104206 -0.000146552 -0.00443827 0.0566722 0.0425452 -0.0262959 0.0265286 -0.0124783 -9.22994e-05 0.0530648 4.4742e-06 -0.00207359 -0.00184837 0.0562174 -0.0466861 0.021635 0.00201186 -0.0585707 -0.0099581 -0.0312336 -6.90618e-05 -0.000295347 -0.000538758 -0.0535795 0.0320084 -0.0114597 -0.025286 -0.00936505 -0.00668345 -0.00391656 -0.00435036 0.0018672 6.25655e-05 -0.00513763 -0.0134547 0.0280388 -0.0541996 -0.00125488 -0.00481787 0.0148361 -0.00585913 -0.0473839 0.000225947 -0.00152764 -0.0488046 0.0018042 0.00215143 -0.0322192 -0.00126818 -0.0143563 -1.60629e-05 0.0299289 -4.52666e-06 -0.0255918 0.063556 0.0191898 0.0330838 -0.00199428 0.00146414 0.000409177 -0.00952743 -0.00694585 -0.000462066 0.018708 -0.0171068 -0.000436988 -4.54148e-05 0.00598878 -0.013207 0.000173085 -0.0194375 -8.01137e-06 0.00318559 0.0221975 -0.00266279 -0.000429969 -0.000465764 -0.0549611 -0.000580239 -0.00105119 0.0588785 8.48442e-05 -0.000666287 -0.00186556 0.0350282 -0.0258953 -0.0427711 -0.0411025 -0.0170145 -0.0157868 -0.0118474 -0.015834 
-0.00012409 0.000689317 -0.000181083 -0.000163648 -9.91002e-05 0.0010807 0.00287677 -5.48426e-05 -0.000146552 0.00665638 0.000961877 0.00257748 -0.000124752 -0.00161938 0.000835564 0.00146018 3.31918e-05 0.00291193 4.29106e-06 0.000155236 -8.88065e-05 -0.00158077 -0.0025138 -0.00121455 4.6614e-05 -0.00315711 -0.000517375 -0.0015919 -2.99474e-05 -1.77587e-05 1.15112e-05 -0.00292681 0.00175322 0.00180008 -0.00146965 -0.000236441 0.0017747 -0.000217952 -0.000176113 -1.68636e-06 -2.59973e-06 -0.000214695 0.00212951 -0.000478697 -0.00268978 -0.000170425 0.000218603 -0.00060819 -0.000339694 -0.00261205 -0.00025367 8.47277e-05 0.00204955 -0.000952464 -6.01166e-05 -0.00170656 -1.68064e-05 0.00220239 -1.26532e-06 -0.000253586 -3.72305e-06 -0.00228768 -0.000243863 -0.000171929 -0.000245401 -1.86096e-05 -3.39466e-05 -3.20907e-05 0.000198577 0.000212584 0.000121164 0.0030002 0.000402489 0.000211522 -2.40247e-06 6.37987e-05 0.00051441 4.91197e-06 -0.00119057 3.74691e-05 -0.0010377 -0.000697123 0.000152544 5.42693e-06 7.77017e-05 -0.00300115 -0.000257318 0.000283748 0.00290416 -6.3708e-07 8.70621e-05 -0.000238032 -0.000964944 -0.00115672 -0.0020746 -0.00326791 -0.000992285 -0.00105731 0.0036283 0.00337078 
0.00362821 -0.00239502 -0.00120142 -0.00519069 -0.000294155 -0.0018716 -0.002335 -0.000335669 -0.00443827 0.000961877 0.0438008 0.00689808 -0.00310541 0.000623173 0.00973654 -0.0107553 0.000518053 0.00517268 0.000308487 0.0114568 -0.00072908 -0.0128685 -0.01558 -0.00946863 -0.00011545 0.00220396 -0.00320916 -0.00858627 -0.000178609 -2.43134e-05 -0.000194189 -0.017481 -0.0141967 0.0251805 -0.0103642 -0.00268758 0.0297388 -0.000890033 -0.00124812 0.000439117 -1.59672e-05 -0.00012963 0.0256926 -0.00405516 -0.0206804 0.000784464 0.0215864 -0.00461177 -0.00229702 -0.0168527 0.00639458 -0.000329179 0.00887896 -0.0088296 0.00112833 -0.0112917 -0.000217274 -0.00710786 -7.78788e-06 -0.00145239 -2.41278e-05 -0.00264889 0.0220686 -0.0105241 -0.0035324 0.0132062 6.77231e-05 0.000895222 0.0125235 -0.00290978 0.000126108 -0.00861747 0.0232309 0.000668079 0.000322848 -0.000140208 -0.00518076 -6.02782e-05 0.00825666 -0.000181034 -0.00759513 -0.00794341 -0.000914479 -0.000219485 -6.32139e-06 -0.0118985 0.00321448 0.00806259 -0.00463285 -1.40669e-05 0.000426787 -0.000820702 -0.0089913 0.0127728 -0.015202 -0.0051521 -0.0060138 0.00381037 -0.00315057 -0.000788811 
-0.0107803 -0.0159733 0.0105833 0.032382 -0.00221368 0.0413098 0.184304 -0.00192607 0.0566722 0.00257748 0.00689808 0.249261 0.0347469 -0.111177 0.0151958 0.0967419 -0.000171169 0.207352 0.000123919 -0.00425885 -0.00568544 0.161657 -0.178132 -0.0259373 0.000872313 -0.211943 -0.037479 -0.125575 0.00143 -0.00102677 -0.00153023 -0.207417 0.133087 0.119399 -0.103798 0.0491984 0.0638692 -0.0164655 -0.0171 0.00159567 0.000219504 0.0307106 0.0312045 0.0432381 -0.199977 -0.00288956 0.00217257 -0.0191047 -0.0239146 -0.188182 -0.0174233 -0.00612362 -0.026112 -0.0469905 -0.000699322 -0.127963 0.00142873 0.157506 -3.61351e-05 0.0206008 -8.3328e-05 -0.115084 0.0740573 0.123446 0.0399606 -0.00334601 0.0024614 0.00269429 -0.00390136 0.0311358 0.00126869 0.177514 0.017 -0.00127026 0.000261324 0.00443086 0.0167038 -0.000142329 -0.0521197 0.00198911 -0.0509086 0.102173 0.0128193 0.000864501 0.00172362 -0.21237 0.0186741 -0.0041673 0.216789 3.57242e-05 0.00189647 0.0141934 -0.0247139 -0.0813116 -0.165356 -0.142828 -0.0677239 -0.0707947 0.0533273 0.0623693 
0.01004 -0.000389091 0.0105732 0.00925747 0.000901982 0.0177689 0.0167192 -0.000461588 0.0425452 -0.000124752 -0.00310541 0.0347469 0.0893495 0.000965165 0.00296273 0.000176869 7.54104e-06 0.0317012 0.00314738 0.00389804 -0.00134986 0.0258624 -0.0238616 -0.00287203 0.000357378 -0.0340453 -0.00757229 -0.00128822 -0.000267172 -0.000333078 -0.000257646 -0.038102 0.0152414 -0.0155765 -0.0194186 -0.0045908 -0.014142 -0.00243162 -0.00277431 0.00154979 -4.11716e-05 -0.00574136 -0.0096438 0.014497 -0.0385705 0.0114743 -0.00559189 -0.00197805 -0.00465291 -0.0299603 0.0130288 6.45396e-05 -0.0416012 -0.00935449 0.000301317 -0.0240806 0.000496835 0.00194752 -9.70642e-06 -0.00164243 -2.04284e-05 0.000333467 0.0159776 0.0275478 0.0370794 -0.0036425 -0.000237259 -0.000400122 0.0035902 -0.00572247 0.00247308 0.0159079 -0.00252312 0.000273606 -7.87369e-05 0.00374737 -0.011155 -0.000131952 0.000425712 -0.000154112 0.00244553 0.0366497 -0.00185549 -3.38113e-05 -3.06124e-05 -0.0339129 -0.00389377 -0.00102391 0.028355 4.89033e-05 -0.00053554 -0.00373043 -0.00915647 -0.0204601 -0.0186446 -0.0211128 -0.013681 -0.012839 -0.0104593 -0.0131703 
0.0240697 0.0017595 -0.00242797 -0.0270614 -0.00254327 -0.0237285 -0.106518 -0.0012611 -0.0262959 -0.00161938 0.000623173 -0.111177 0.000965165 0.213261 0.0141299 -0.0448993 -5.30745e-05 -0.101274 0.00114768 0.0031581 -0.00104671 -0.137793 0.106561 -0.0677933 0.000983515 0.101263 0.01771 0.146823 -0.00172076 -0.00093174 0.000831165 0.112955 -0.0431727 -0.0707366 0.0809569 -0.0289476 -0.0402156 -0.00256246 0.0212804 0.00172884 -5.20734e-06 -0.0159273 -0.0220305 -0.0273754 0.0904301 0.0135792 -0.00297839 -0.013386 -0.0109803 0.115785 0.046683 0.00505486 0.0510349 -0.0367083 -0.00172317 0.118478 0.000411477 -0.0935061 -1.37305e-05 -0.0120949 -0.000108245 0.138902 -0.0378685 -0.0694994 -0.0221012 -0.00307403 -0.00159749 -0.00155461 0.0184717 -0.0176879 -0.000854195 -0.101413 0.00692916 0.0011154 -0.000223946 0.00336558 -0.0259852 -0.000229642 0.0122407 -0.00118594 -0.0330041 -0.0548169 -0.00736973 -0.000905612 0.000196021 0.118486 -0.0114033 -0.00216375 -0.118055 -7.56219e-05 -0.00143173 -0.00939471 -0.0653501 0.0486002 0.062253 0.0691223 -0.0303526 -0.00924665 -0.0305248 -0.0333595 
-0.0044104 -0.00634281 0.0128511 0.0260395 -0.00204172 -0.00193113 -0.0122677 -0.00116261 0.0265286 0.000835564 0.00973654 0.0151958 0.00296273 0.0141299 0.123131 -0.0230748 -6.87703e-05 0.0278453 -0.000146518 0.00660929 -0.00234434 0.00490033 -0.0339478 -0.00979288 0.00235357 -0.0185875 -0.00544631 -0.0123714 -0.000511179 -0.000407256 -0.00037734 -0.029822 -2.87373e-05 0.0278753 -0.0299915 -0.00461114 0.0327604 0.00116791 0.0112392 0.00248263 0.000102391 0.00170484 0.00874606 0.00556957 -0.0317198 -0.00205592 0.0212917 0.0165359 -0.00729938 -0.0334158 0.0202368 0.00159755 0.0173635 -0.0203662 0.000434849 -0.0043805 -0.00147824 -0.0233213 -2.08758e-05 0.0127722 -7.96567e-05 -0.0112337 0.0604839 -0.0148762 -0.00566188 0.00663162 1.34123e-06 -0.00020227 -0.00862969 0.000764178 -0.00138325 -0.0142545 -0.0141735 0.00131001 -6.49504e-05 0.00619621 -0.0103983 -2.05255e-05 -0.0193258 -0.000367106 0.00118179 -0.0244722 -0.00352267 -0.00046827 -8.45878e-05 -0.0272267 0.000719861 0.0076213 0.0245011 4.77982e-05 0.000354335 -0.0038359 0.0047405 0.030687 -0.0456615 -0.0567235 -0.0182991 0.00243215 -0.0036343 0.00567054 
-0.0119099 0.00769671 -0.00615954 -0.017505 -0.00394169 0.0168312 0.116288 -0.000390103 -0.0124783 0.00146018 -0.0107553 0.0967419 0.000176869 -0.0448993 -0.0230748 0.196882 -0.00021335 0.0891299 -2.15022e-05 -0.0063804 -0.00324724 0.0664435 -0.0742109 -0.0545334 -0.000746719 -0.0995751 -0.0218768 -0.0492979 -0.000566055 -0.00072975 -0.000477002 -0.0803316 0.0894318 0.0691667 -0.0376503 0.0535182 0.00545571 -0.00889613 -0.00790975 -0.00111588 -2.5282e-05 0.00461372 0.0084146 -0.0107037 -0.0800781 -0.00563562 -0.0124143 -0.0187749 -0.0138807 -0.0726761 -0.0128983 -0.00233734 0.0163324 -0.0406925 -0.0025504 -0.0317717 0.00275367 0.119944 -4.61717e-06 -0.00971223 -0.000139357 -0.0383364 -0.0223813 0.119327 0.0214613 -0.00915472 -5.41459e-05 -0.00140252 -0.0262529 0.0391717 -0.000277863 0.11444 -0.0272895 -0.000945541 -0.000194204 -0.00222366 0.0294512 -0.000349211 -0.0475436 0.000742173 -0.0437261 0.0626484 0.00831683 0.000729082 0.00048553 -0.0850526 -0.000119485 -0.00330128 0.0963305 2.3977e-05 0.00241666 0.00554558 -0.0518018 -0.0558829 -0.0759173 -0.11137 -0.0401063 -0.0454745 0.052307 0.0676696 
0.00014822 -3.84227e-05 -2.19116e-05 -9.42775e-05 1.90333e-06 1.44736e-05 -0.00023897 -4.50833e-06 -9.22994e-05 3.31918e-05 0.000518053 -0.000171169 7.54104e-06 -5.30745e-05 -6.87703e-05 -0.00021335 0.000798106 -0.000282341 8.70454e-06 0.000331445 -1.22651e-05 -0.000367801 -0.000140546 -0.000142667 1.91218e-07 4.11939e-05 -5.27346e-05 -2.03453e-05 -5.29515e-06 -2.42061e-06 -2.56807e-06 -0.000288284 -0.000448094 0.000255556 -6.80552e-05 -6.79467e-05 0.000370059 -1.4712e-05 -2.23259e-05 1.07368e-05 -5.05493e-07 -4.19447e-05 0.00048619 -8.07358e-05 -0.000288529 -1.98863e-05 0.000447289 -8.23374e-05 -2.36282e-05 -9.03218e-05 -4.50503e-05 8.37954e-05 5.44865e-06 -0.000135037 4.54832e-05 -0.00021394 5.908e-06 -0.000254141 -1.70683e-07 2.31396e-05 2.18641e-07 0.000136958 0.000316428 -0.000187144 -5.88618e-05 0.000568655 9.90656e-06 4.9438e-05 0.000521805 -5.08568e-05 -2.55711e-06 -0.000260548 0.000307663 0.000166832 1.82008e-06 -7.91914e-06 -9.178e-05 3.1502e-06 9.7752e-05 -3.24969e-06 3.48741e-05 -0.000159143 -1.43358e-05 -8.07654e-08 6.8772e-06 -6.83662e-05 3.39719e-05 0.000212287 -0.00033657 5.5511e-08 4.73108e-05 -2.85592e-05 -0.000138317 0.000174428 -0.000271992 -0.000124215 -5.26401e-05 -6.22906e-05 -8.36675e-05 -0.000112584 
-0.0143706 -0.013768 0.0115681 0.0212547 -0.00536849 0.0353067 0.173123 -0.00151879 0.0530648 0.00291193 0.00517268 0.207352 0.0317012 -0.101274 0.0278453 0.0891299 -0.000282341 0.24473 -0.000885835 -0.00763882 -0.00653891 0.159999 -0.166817 -0.0287237 0.00101435 -0.195997 -0.0343708 -0.117699 0.000542656 -0.00126588 -0.00149545 -0.189921 0.123515 0.116025 -0.0959453 0.0475258 0.0691238 -0.0143115 -0.0155 0.0022745 0.000273914 0.0293351 0.023 0.0387975 -0.182441 -0.0104786 -0.00275527 -0.0115594 -0.0220247 -0.174742 -0.0191189 -0.00552755 -0.0129101 -0.0528701 -0.00243459 -0.115216 -0.000472225 0.151573 -3.18979e-05 0.0111339 -9.58262e-05 -0.102175 0.0727998 0.116674 0.0388137 -0.0111313 -9.50193e-05 -0.00154866 -0.0222655 0.0271557 -0.000522275 0.16852 0.00293684 -0.00146104 -6.82936e-05 0.00477404 0.0129017 -0.000504159 -0.0598483 0.00116728 -0.0427542 0.105886 0.0102069 0.000698662 -0.000542355 -0.1898 0.0112425 -0.00392881 0.207007 -1.42738e-07 -0.000444337 0.0128809 -0.0299512 -0.0649242 -0.156171 -0.144584 -0.0613159 -0.053563 0.0461411 0.0568701 
0.00193215 -0.000140718 0.000211746 -0.000332047 -6.4408e-05 -0.000167403 -0.00100754 6.66894e-06 4.4742e-06 4.29106e-06 0.000308487 0.000123919 0.00314738 0.00114768 -0.000146518 -2.15022e-05 8.70454e-06 -0.000885835 0.00617382 0.00211891 -9.01029e-05 -0.000285178 0.000238216 -0.000891386 -1.1099e-05 -0.00109387 -0.000230368 -0.000199657 -1.12398e-05 -8.68238e-06 1.03757e-05 -0.00123751 -0.00115823 0.000676818 -0.00130087 7.01537e-05 -0.000530277 0.000378656 4.72775e-06 -2.74725e-05 -2.19331e-06 -0.000323918 0.00105437 -3.4655e-05 -0.00201787 0.00183166 0.000739786 -0.000534047 -0.000177392 -0.000754809 0.00234878 0.00030105 -0.00224712 -0.000692555 5.83552e-05 -0.00163619 -5.53126e-05 -0.000574806 7.57248e-06 -0.000191402 -3.44634e-06 -0.000889891 5.04123e-05 0.000395744 0.000840756 0.000419423 -2.84376e-06 -3.2682e-05 -0.00025123 -0.000297609 -2.92752e-06 -0.000125411 0.000240801 0.00011273 -3.76228e-06 -5.16903e-05 -0.000660591 -7.94779e-06 0.000768574 -1.44641e-05 0.000588036 0.000572897 -5.41084e-05 8.17699e-06 4.49599e-05 -0.00147611 6.09838e-05 0.000294863 -0.000552648 1.29824e-05 -7.16402e-06 -0.000234347 -0.000608676 -0.000933634 -0.000361559 -0.000201704 0.000124882 -0.000563058 -0.000585637 -0.000437625 
0.00936494 -0.00117598 -0.000360913 -0.00284799 -0.000355544 -0.00191561 -0.00859751 -7.25452e-05 -0.00207359 0.000155236 0.0114568 -0.00425885 0.00389804 0.0031581 0.00660929 -0.0063804 0.000331445 -0.00763882 0.00211891 0.0250328 -0.000365428 -0.00486814 -0.00480887 -0.00507761 7.44658e-05 0.00338449 -0.00220202 -0.000855045 -0.000133727 -2.89684e-05 -2.14431e-05 -0.00965019 -0.0104416 0.0085897 -0.00576829 -0.0019081 0.00878995 -9.36401e-05 -0.00031255 -3.22203e-05 -1.57915e-05 -0.000819405 0.0154246 -0.00135641 -0.0108827 0.00353281 0.0152174 -0.00029146 -0.00118199 -0.00576017 0.00825089 0.0010536 0.0012077 -0.00505265 0.000636167 -0.00599316 -0.000191583 -0.00697873 -2.56806e-06 -0.000858592 -1.19596e-05 -0.00384751 0.00823996 -0.00556179 -0.00165471 0.00849662 -0.000115681 9.11504e-05 0.00516023 -0.00153075 0.000857655 -0.00743601 0.00634635 0.00155549 -4.6095e-06 -0.000141089 -0.00272331 -1.2676e-05 0.00559902 -6.42315e-05 0.00177613 -0.00407262 -0.000332409 -9.24403e-05 4.65556e-05 -0.00491359 0.00256887 0.00807588 -0.00789568 2.40338e-05 0.000419319 -0.000642718 -0.00553727 0.00596792 -0.00562492 -0.00243724 -0.0037033 0.000481904 -0.00244401 -0.00156296 
0.000252036 -0.000348002 -0.000425742 0.00575424 0.000160449 -0.00137566 -0.00476149 0.000841001 -0.00184837 -8.88065e-05 -0.00072908 -0.00568544 -0.00134986 -0.00104671 -0.00234434 -0.00324724 -1.22651e-05 -0.00653891 -9.01029e-05 -0.000365428 0.0163451 -0.00220472 0.00264455 0.0055944 -5.17102e-05 0.00593469 -0.00093253 -0.00163285 -8.88218e-05 -2.53474e-05 0.000208342 0.00791498 -0.00137461 -0.00501003 0.00194226 -0.00153931 -0.0029092 0.000873715 -0.000295997 -9.31356e-05 -6.50677e-06 -0.000991171 -0.00208372 -0.0014623 0.00694161 -0.000355904 -0.000960149 -0.000571671 0.00364395 0.0042258 -0.00131661 8.20093e-05 -0.00219869 0.0048313 0.000385899 0.0022225 9.63038e-05 -0.0051769 -1.5629e-06 -0.000628689 2.58918e-07 4.78969e-05 -0.00310361 -0.0035029 -0.0012029 -0.000466226 0.000120918 -9.15178e-05 -0.00167428 -0.00111534 -0.000179109 -0.00555073 -0.00327796 -5.40732e-05 -1.3255e-05 -0.000195213 -0.00100654 1.19104e-05 -9.43603e-06 -6.46238e-05 0.00141939 -0.00325018 -0.000387842 0.000121045 4.51469e-05 0.0056867 -0.000591781 -0.000110019 -0.00686551 2.19827e-05 -9.6854e-05 0.000187357 0.00591529 -0.00170621 0.00752836 0.00711411 0.0013959 -0.000321214 -0.00171475 -0.0017897 
-0.0175772 -0.0180353 0.0115886 0.0487355 -0.00186704 0.036789 0.133381 -0.00143038 0.0562174 -0.00158077 -0.0128685 0.161657 0.0258624 -0.137793 0.00490033 0.0664435 -0.000367801 0.159999 -0.000285178 -0.00486814 -0.00220472 0.25 -0.115351 0.050452 0.000503159 -0.152035 -0.0343329 -0.144813 0.00174849 0.00122634 -0.00163367 -0.158367 0.077965 0.0758386 -0.0992295 0.0345438 0.0328938 -0.0149627 -0.0180338 -1.31142e-05 0.000170414 0.0230351 0.00145187 0.0421093 -0.136437 -0.00840105 -0.0056328 -0.00887756 -0.0111493 -0.138663 -0.0287758 -0.00642513 -0.0703169 0.0212405 7.61197e-05 -0.133714 0.000161284 0.11011 -2.80316e-05 0.0167082 1.80722e-05 -0.135614 0.0655236 0.10957 0.0379734 -0.00696199 0.00237214 -0.00195606 -0.0379146 0.0155121 -0.00120348 0.129501 -0.0240599 -0.00172629 -9.38382e-05 0.00277529 -0.0042002 0.000124372 -0.0420537 0.000899989 0.00957926 0.0866039 0.00795525 0.00144004 -0.000356702 -0.167752 0.016771 -0.0015265 0.166757 0.000143277 -0.00209575 0.0152202 0.0521131 -0.0787329 -0.100156 -0.0917621 -0.00104281 -0.0305299 0.0250216 0.0241261 
0.0101617 -0.00535744 -0.00996668 -0.0227952 0.00263942 -0.033365 -0.141134 -0.00201213 -0.0466861 -0.0025138 -0.01558 -0.178132 -0.0238616 0.106561 -0.0339478 -0.0742109 -0.000140546 -0.166817 0.000238216 -0.00480887 0.00264455 -0.115351 0.240392 0.0546511 -0.000705214 0.170508 0.0315328 0.0901943 -0.00222453 0.00148171 -6.57368e-06 0.163576 -0.139017 -0.107185 0.0618011 -0.0378788 -0.0735908 0.00986603 0.00986915 -0.00154992 -0.000300129 -0.0249077 -0.0384993 -0.0391637 0.163491 0.0140458 -0.0198805 -0.0280928 0.0136734 0.159302 0.0231033 0.00611692 -0.028255 0.0720874 -0.00297592 0.070346 0.000682862 -0.128509 2.66792e-05 -0.0161213 3.00412e-05 0.0773634 -0.0795385 -0.0947192 -0.0311045 -0.0140969 -0.00223962 -0.00212146 0.00821185 -0.0246011 -0.00354257 -0.136876 0.00325408 0.000135191 -0.000145402 -0.00324474 -0.0390042 -0.000134098 0.071388 -0.00160948 0.0673269 -0.0809135 -0.0101677 -0.00042285 3.1652e-06 0.16562 -0.0175729 -0.0048007 -0.181539 -0.000139796 -0.00240693 -0.0119428 0.0467499 0.0242183 0.167959 0.151562 0.0868283 0.0535552 -0.0423234 -0.0524465 
-0.011895 -0.0119021 0.00427027 0.0445499 0.00543184 -0.0038942 -0.0323189 -0.00122587 0.021635 -0.00121455 -0.00946863 -0.0259373 -0.00287203 -0.0677933 -0.00979288 -0.0545334 -0.000142667 -0.0287237 -0.000891386 -0.00507761 0.0055944 0.050452 0.0546511 0.182574 -0.000522405 0.0404463 -0.0044422 -0.070104 -0.00100658 0.00218268 -0.00102175 0.010118 -0.0615052 -0.0445518 -0.0316248 -0.0204135 -0.0381967 0.00923164 -0.00871604 -0.000743117 -0.000179663 -0.0139639 -0.0192044 0.0257041 0.0341116 0.00188748 -0.0126186 0.00473559 0.0201393 0.00587858 -0.0133342 -0.00295949 -0.094636 0.1099 0.000146011 -0.059133 0.000297037 -0.0484662 1.92072e-06 0.0189697 0.000227951 -0.0705437 0.00193027 -0.0376308 0.0011606 -0.00830728 -0.000142181 -0.00105378 -0.0135014 -0.0163298 -0.00279398 -0.0465803 -0.0178568 -0.000848195 -5.22947e-06 -0.00185999 -0.0226435 0.000484198 0.0498266 -0.000727006 0.0962508 -0.0212381 -0.00411242 0.000592278 0.000136135 0.0110968 -0.00911721 -0.00250487 -0.0285832 -4.60008e-05 -0.001415 -0.00581856 0.130643 -0.0379337 0.0666289 0.0657628 0.0946364 0.0451483 -0.0200645 -0.0307498 
-4.83492e-05 -0.000179782 0.00153754 0.00186619 -4.23975e-05 0.00010714 -0.00112344 -2.87031e-05 0.00201186 4.6614e-05 -0.00011545 0.000872313 0.000357378 0.000983515 0.00235357 -0.000746719 1.91218e-07 0.00101435 -1.1099e-05 7.44658e-05 -5.17102e-05 0.000503159 -0.000705214 -0.000522405 0.00339362 -0.0012787 -0.000263451 -0.000603429 2.18124e-06 -1.07874e-05 -1.67003e-05 -0.00113405 -0.00104686 -0.000284452 -0.000726587 -0.000260277 -0.000316855 -7.25348e-05 0.000101919 0.00110055 -2.34275e-06 -0.000180862 -0.000380601 0.000115742 -0.00133251 8.53799e-05 -2.92322e-05 0.0010303 -0.00016986 -0.00103613 0.00191866 0.00010287 -0.00108048 -0.000477657 -6.07848e-08 -0.00065272 1.36138e-05 -0.000956628 2.56123e-06 0.000669991 -2.00476e-06 -0.000448806 0.001887 -0.000579332 -0.000209789 -0.000115376 1.59558e-05 5.02776e-05 -0.00034171 -0.000219224 -3.1427e-05 -0.00076389 -0.00060628 7.77845e-05 9.07681e-06 0.00169314 -0.000374165 -1.16676e-06 -0.000575071 -5.98743e-06 0.00153402 -0.00059657 -6.85362e-05 -1.12989e-05 2.47932e-05 -0.00100443 -7.47208e-05 2.54859e-05 0.000509629 -3.62778e-07 -5.60397e-06 -0.000134803 0.00031512 -0.000369101 -0.00116714 -0.00142966 -0.000431454 -0.000413208 -0.00032632 -0.000211479 
-0.00294017 0.0102147 -0.0118909 -0.0307369 0.00617835 -0.0425221 -0.170859 -0.000169178 -0.0585707 -0.00315711 0.00220396 -0.211943 -0.0340453 0.101263 -0.0185875 -0.0995751 4.11939e-05 -0.195997 -0.00109387 0.00338449 0.00593469 -0.152035 0.170508 0.0404463 -0.0012787 0.249173 0.0358764 0.112996 -0.0026777 0.00134828 -0.00130925 0.185433 -0.138828 -0.106378 0.0918563 -0.0489111 -0.0547506 0.00862513 0.0163396 -0.00168822 -0.000333992 -0.0300248 -0.0201208 -0.0452879 0.176781 0.00601986 0.000580914 0.0136636 0.023102 0.175059 0.0177413 0.00411844 0.024272 0.0509407 0.000786258 0.111225 0.000393917 -0.154307 9.48888e-06 -0.018773 2.18937e-05 0.105365 -0.068492 -0.120993 -0.040356 0.00259443 -0.00263866 -0.00206471 0.0124656 -0.0336096 -0.00394627 -0.176728 0.000641221 0.000564336 -0.000242804 -0.00543815 -0.0219319 -0.000170692 0.0558134 -0.00213355 0.0497081 -0.107115 -0.0130667 -0.00136237 -0.00172094 0.192503 -0.0173743 0.00387232 -0.211156 -0.000169346 -0.00208823 -0.0166198 0.0290992 0.0850734 0.15931 0.144381 0.0708766 0.0658469 -0.0547482 -0.0616953 
-0.00294674 0.00415416 -0.00240124 -0.0101769 0.00306774 -0.00653019 -0.0296538 -0.000620685 -0.0099581 -0.000517375 -0.00320916 -0.037479 -0.00757229 0.01771 -0.00544631 -0.0218768 -5.27346e-05 -0.0343708 -0.000230368 -0.00220202 -0.00093253 -0.0343329 0.0315328 -0.0044422 -0.000263451 0.0358764 0.079258 0.030937 -0.000466054 -6.42295e-05 -0.000370436 0.0418929 -0.042903 -0.0238967 0.00856587 -0.00743251 -0.0149978 -0.00140503 0.000379732 -0.000426567 -6.2129e-05 -0.00519447 -0.0108488 -0.00838768 0.0313819 -0.00259323 -0.00326686 0.000979383 -0.00133259 0.0375505 0.00620267 -9.30681e-06 -0.00704747 -0.00352183 -0.000612713 0.010592 0.000237834 -0.0256078 3.5676e-05 -0.00315078 7.05257e-05 0.0117653 -0.017124 -0.0200987 -0.00671301 -0.0034733 -0.000346099 -0.000208446 0.0132465 -0.00315164 -0.000654272 -0.027981 0.0130273 6.08971e-05 -5.44681e-05 -0.000771621 0.00367074 0.000572846 0.0196807 -0.000124163 -0.00923567 -0.0173591 -0.00210525 -0.000299837 -0.000152416 0.035003 -0.00396698 -0.00107125 -0.0366452 -3.36393e-05 5.6643e-05 -0.00328682 -0.00659461 0.0369585 0.0286268 0.0278688 0.00363103 0.0191026 -0.00759961 -0.00583187 
0.0191717 0.0217191 -0.00791411 -0.0372603 -0.000250348 -0.0216213 -0.100815 -0.00230543 -0.0312336 -0.0015919 -0.00858627 -0.125575 -0.00128822 0.146823 -0.0123714 -0.0492979 -2.03453e-05 -0.117699 -0.000199657 -0.000855045 -0.00163285 -0.144813 0.0901943 -0.070104 -0.000603429 0.112996 0.030937 0.218743 -0.0013004 -0.00106264 0.00051615 0.134036 -0.0275894 -0.0899345 0.108505 -0.0296394 -0.0518766 0.00109943 0.0227288 -0.00147343 -9.15534e-05 -0.0193867 -0.035458 -0.027322 0.107236 0.00215684 -0.0145255 0.00533379 -0.00617042 0.13191 0.0154944 0.00572473 0.0511756 -0.038502 -0.00174838 0.130968 -0.000486414 -0.0918692 2.56907e-05 -0.0125009 -0.000101347 0.155258 -0.0532498 -0.0665285 -0.0183726 0.00205029 -0.00159941 -0.00080943 0.0247675 -0.0152055 0.00182409 -0.09814 -0.00450924 0.00108375 -0.000249921 -0.00320263 -0.00851385 -4.35933e-05 0.00992374 -0.00118626 -0.039864 -0.0526027 -0.00771943 -0.00120078 -0.00120208 0.135509 -0.0128948 -0.00338924 -0.120701 -9.70237e-05 -0.00141115 -0.0118916 -0.0712641 0.0593536 0.08155 0.0650236 -0.0384275 -0.00416512 -0.0314307 -0.0368882 
0.000239779 -0.000333947 -0.00014943 4.28908e-05 2.32468e-05 -0.000479909 -0.001476 0.000825615 -6.90618e-05 -2.99474e-05 -0.000178609 0.00143 -0.000267172 -0.00172076 -0.000511179 -0.000566055 -5.29515e-06 0.000542656 -1.12398e-05 -0.000133727 -8.88218e-05 0.00174849 -0.00222453 -0.00100658 2.18124e-06 -0.0026777 -0.000466054 -0.0013004 0.0065854 2.18638e-06 0.000834459 -0.00149649 0.00131958 0.00139989 -4.03828e-05 0.000439584 3.31592e-05 0.000299661 -0.000182396 1.75261e-05 4.23479e-07 0.00172106 -0.0006253 0.000284899 -0.00155633 -0.000223489 0.000465083 -0.000488708 0.000107618 -0.00166005 -0.000516448 -8.5803e-05 -0.00108633 -0.000753643 -4.18179e-05 -0.000836911 -3.30198e-05 0.00126892 9.09449e-06 8.46424e-05 -3.52514e-06 -0.000135954 0.00123703 0.00144358 -0.000230542 0.000594176 4.63469e-05 -3.41106e-06 -0.000727879 -0.000322381 -5.49454e-05 0.0010809 -0.000579871 -2.31086e-05 -5.13312e-06 0.000333597 -0.000681586 -8.28857e-06 -0.00127965 -8.6826e-06 -0.0011009 0.0025286 0.000519285 0.000404087 5.43674e-05 -0.0017074 0.00376709 0.000106537 0.00209997 2.19697e-05 2.00742e-05 0.00134735 -0.000841734 -0.000196001 -0.00229033 0.00133724 -0.00101658 -0.00062096 -0.000607436 -0.000900384 
-0.000137766 -0.000170885 -8.60934e-05 -6.35138e-05 0.000189511 -0.000266003 -0.00092593 -2.73107e-05 -0.000295347 -1.77587e-05 -2.43134e-05 -0.00102677 -0.000333078 -0.00093174 -0.000407256 -0.00072975 -2.42061e-06 -0.00126588 -8.68238e-06 -2.89684e-05 -2.53474e-05 0.00122634 0.00148171 0.00218268 -1.07874e-05 0.00134828 -6.42295e-05 -0.00106264 2.18638e-06 0.00339451 -1.67493e-05 -0.000640414 -0.00195364 0.000265818 -0.000382903 -0.000279918 -0.000406911 -0.000104111 -0.000121281 4.86263e-06 -1.67679e-06 -0.000158286 -0.000234383 -0.000203184 0.000313415 -5.60635e-05 -2.30317e-05 -0.000280374 -2.1929e-05 0.00130549 7.53575e-06 -2.02415e-05 -0.00128571 0.00226025 -2.6859e-05 -0.000873866 3.39369e-05 -0.00100211 -5.38959e-07 -0.000115812 -8.60847e-07 -0.00113374 -0.000322916 -0.000730923 -0.000258814 -6.55511e-05 -9.12715e-06 -1.62719e-05 -0.000360358 -0.000216442 -3.92942e-05 -0.00107441 0.000197114 -1.23411e-05 2.44316e-05 -6.6708e-06 -0.000352058 9.73319e-05 3.36805e-05 -1.36689e-05 0.00198057 -0.000676999 -7.54703e-05 3.1341e-05 6.12224e-05 -0.0006746 4.97931e-05 8.0413e-06 -0.0013278 -1.3187e-06 -1.56872e-05 -4.95519e-05 0.00200253 -0.000477711 0.00163844 0.00147196 0.00224437 0.00090365 -0.000329661 -0.000396296 
0.000957055 0.000717931 -0.000132759 -0.000367825 -3.27726e-05 -0.000290338 -0.00138634 0.0013249 -0.000538758 1.15112e-05 -0.000194189 -0.00153023 -0.000257646 0.000831165 -0.00037734 -0.000477002 -2.56807e-06 -0.00149545 1.03757e-05 -2.14431e-05 0.000208342 -0.00163367 -6.57368e-06 -0.00102175 -1.67003e-05 -0.00130925 -0.000370436 0.00051615 0.000834459 -1.67493e-05 0.00497075 0.00182005 0.00114662 -0.00124842 0.00212911 -0.000219678 -0.000827072 0.000521009 0.000127571 -2.37568e-05 1.15176e-06 0.000141957 -0.000601388 -0.000353158 0.00157158 -0.00011252 -0.000232727 0.000212147 0.000586523 0.00156487 -0.000192405 0.000459765 0.000541395 -0.000652313 -4.18999e-05 0.00230207 -5.45239e-05 -0.000956801 6.49914e-06 -0.000200565 -6.52253e-07 0.00202996 -0.000762488 -0.000511376 -0.000318559 -7.96713e-05 1.43205e-05 -2.27518e-05 -0.000481924 -0.000194321 4.38718e-05 -0.00106166 -0.000799947 5.09409e-05 -3.29958e-06 -3.04241e-05 -0.000421988 1.81104e-06 -0.000448403 -6.34727e-06 -0.000823489 0.000146232 -1.67289e-05 6.58524e-05 -1.86867e-05 0.0015028 0.000109768 -9.19674e-06 -0.00144787 1.78844e-05 -2.87958e-05 0.000644739 -0.00101366 -0.000764223 -0.000255169 0.0010516 -0.000777815 -0.000767624 -0.000397384 -0.000533246 
0.00709393 0.0176209 -0.0116088 -0.0258102 -0.00016407 -0.0370135 -0.161872 0.0020346 -0.0535795 -0.00292681 -0.017481 -0.207417 -0.038102 0.112955 -0.029822 -0.0803316 -0.000288284 -0.189921 -0.00123751 -0.00965019 0.00791498 -0.158367 0.163576 0.010118 -0.00113405 0.185433 0.0418929 0.134036 -0.00149649 -0.000640414 0.00182005 0.248768 -0.0887888 -0.132963 0.107326 -0.0437922 -0.0756851 0.0176345 0.0174712 -0.00247706 -0.000182091 -0.0259933 -0.0508078 -0.0415908 0.203408 -0.00504703 -0.018233 0.0135143 0.023585 0.183229 0.0065511 0.00469486 0.0305878 0.039435 -0.000671542 0.142706 -0.00114123 -0.135453 1.05663e-05 -0.0187856 7.05511e-05 0.121422 -0.0878734 -0.10965 -0.0357633 -0.00492251 -0.00100679 -0.00252402 -0.000919745 -0.0277454 -0.00213259 -0.15524 -0.0266415 -0.000612403 -0.000296073 -0.00425964 -0.00938791 0.000131594 0.0429744 -0.00169653 0.0174279 -0.090537 -0.0116732 -0.000639212 -0.00114524 0.212148 -0.0196194 -0.0054316 -0.195311 -4.21288e-05 -0.00280047 -0.0127123 0.013205 0.072547 0.155873 0.14135 0.042893 0.0411308 -0.0479654 -0.0555675 
-0.00444256 0.00224514 0.00435434 0.0161967 -0.00711876 0.025116 0.118732 0.000642083 0.0320084 0.00175322 -0.0141967 0.133087 0.0152414 -0.0431727 -2.87373e-05 0.0894318 -0.000448094 0.123515 -0.00115823 -0.0104416 -0.00137461 0.077965 -0.139017 -0.0615052 -0.00104686 -0.138828 -0.042903 -0.0275894 0.00131958 -0.00195364 0.00114662 -0.0887888 0.232396 0.0498587 -0.00934788 0.0328218 0.0189185 -0.0106717 -0.00720119 -0.00174982 0.000252069 0.016209 0.00202521 0.0290556 -0.0874779 -0.0184661 -0.014841 0.00637841 -0.0185649 -0.0929 -0.0388742 -0.00679308 0.0404317 -0.0614452 -0.00427066 -0.00248252 -0.00131563 0.110483 -5.56188e-05 0.00929586 -7.13574e-05 -0.0231739 0.0258245 0.0837915 0.027318 -0.00214803 0.000657392 0.000539649 -0.0194625 0.0216094 0.0035448 0.121031 -0.0390475 -0.00164635 -7.07431e-05 -0.00145836 0.0303173 -0.000370914 -0.0828016 0.00144492 -0.0724145 0.0719175 0.00888818 0.000739574 -0.000803059 -0.0979392 0.00873891 -0.00670871 0.142359 0.000116457 0.00100099 0.00741107 -0.051707 -0.0728458 -0.111019 -0.102109 -0.0948475 -0.0889357 0.0387576 0.0431646 
-0.0118334 -0.0149073 -0.00430138 -0.0146409 -0.00278288 0.00570461 0.105561 -0.00206633 -0.0114597 0.00180008 0.0251805 0.119399 -0.0155765 -0.0707366 0.0278753 0.0691667 0.000255556 0.116025 0.000676818 0.0085897 -0.00501003 0.0758386 -0.107185 -0.0445518 -0.000284452 -0.106378 -0.0238967 -0.0899345 0.00139989 0.000265818 -0.00124842 -0.132963 0.0498587 0.211994 -0.0692156 0.0476145 0.103618 -0.00849694 -0.0106472 -0.000431601 -0.000111452 0.0217891 0.0660818 -0.011246 -0.134196 -0.00641652 0.0291947 -0.0239345 -0.0156647 -0.109456 -0.0111997 -0.0035165 0.032886 -0.0426513 -0.000319735 -0.0784875 -0.00213423 0.102861 -1.78298e-05 -0.00162179 -0.000150958 -0.0811887 0.0571802 0.0690222 -0.00376988 0.0113624 0.000212715 0.00164406 -0.00392587 0.0280754 -0.00201143 0.10461 0.0372671 -0.000265316 0.000331742 -0.00147474 0.0039909 -0.000437636 -0.0349116 -0.000830287 -0.0311625 0.0261527 -0.00278468 -0.00101817 0.000288313 -0.125535 0.0162128 0.00784091 0.112827 -2.72988e-05 0.000867646 0.00243425 -0.0426321 -0.0166049 -0.104834 -0.10075 -0.0355448 -0.0203745 0.0340574 0.0617432 
