0.194446 -0.00364206 -0.000576542 -0.00701683 -0.00567812 -0.171891 0.00842024 0.00853913 -0.172172 -0.00537672 0.00181066 -0.160577 0.000937768 0.000944131 -0.0138761 0.000499431 0.00640635 -0.000558569 -0.0753931 0.180355 -0.00429401 0.000718344 -0.0122798 -0.156601 -0.00924272 0.022881 -0.0209838 -0.0024086 0.00590045 -0.00608495 -0.000364534 -0.163742 -0.000304293 -0.0933137 -0.00257585 0.168429 -0.170931 0.000342773 -0.138409 0.138882 -0.0203757 -0.00212603 0.145507 -0.0124458 0.00262155 -0.008622 0.00351484 -0.0038239 -1.21155e-05 -0.00112086 -0.00172633 0.144405 -0.00161414 0.0421062 0.169422 4.96401e-05 0.147993 -0.0491531 0.0640774 -3.23446e-05 -0.00107236 0.00184208 -0.00572236 3.15956e-05 -0.0517163 0.000625923 -0.00934832 0.00978052 0.0514305 -0.000268663 0.17107 -0.0220383 0.0158093 -0.00392787 0.129891 0.00376012 0.162559 -0.0465439 -0.000156261 -0.00249099 -0.00417258 0.00240155 0.00017892 0.147416 -0.0153613 -0.0012756 -0.15305 -0.123892 0.00519121 -6.69551e-06 -0.157165 0.1243 -0.0465414 -0.000547598 -0.00195927 -0.0824906 9.20976e-06 -0.0765243 0.0247246 -0.00461318 
-0.00364206 0.0166645 -3.50483e-05 0.0107569 0.0106379 -0.00667677 -4.25168e-05 0.00263966 -0.00642793 -0.00026243 -0.000130427 -0.00531897 2.45577e-06 -3.82069e-05 0.0044802 0.00930314 -3.27701e-05 -1.14316e-05 -0.00338045 -0.00322544 0.000518146 0.00018067 0.00167854 -0.0074638 -0.000477966 -0.0014456 0.00801913 -0.000118453 -0.000200017 -0.000290934 -3.26641e-05 -0.00642967 2.56782e-05 -0.00188785 0.00376443 -0.00458824 -0.00615332 -1.76173e-05 -0.0084564 -0.00384684 -0.00108693 0.0086984 -0.00424522 0.000839578 -5.93568e-05 -0.000571773 -0.000105579 0.00816698 2.26605e-05 -0.000252522 0.000305649 -0.00524249 0.000216654 -0.00101227 0.002751 -6.46546e-06 -0.00255386 -0.00242462 0.00578293 8.30384e-06 0.0102344 2.02898e-05 0.0106039 3.78312e-05 -0.00219513 -9.2056e-05 0.000337791 -0.000602472 -0.00082127 -4.40722e-06 -0.00439014 0.00965678 -0.00026746 -0.000257222 -0.00331457 -1.56574e-05 -0.00353191 -0.00176396 -6.72802e-05 0.0005876 0.0098245 2.07489e-05 -1.5376e-05 -0.00383684 -0.000982723 0.000417149 -0.00544776 -0.00527172 8.64223e-05 1.97513e-05 -0.00721659 -0.00727086 -0.00289822 0.000153557 0.000282525 -0.00692418 7.82915e-05 -0.00456265 0.00451731 0.00760297 
-0.000576542 -3.50483e-05 0.00228577 0.000253881 4.07674e-06 -0.00137445 -2.63055e-05 0.00181096 -0.00139304 -1.29472e-05 -1.33805e-05 -0.00129622 -1.29823e-06 1.88142e-06 0.000648509 0.00168121 -1.56954e-05 3.53573e-05 -0.000611036 -0.000329564 8.41202e-05 -4.28447e-06 -0.000105232 -0.00126888 -5.96028e-05 0.00157328 -0.000116597 -1.79779e-05 3.67997e-05 -3.6592e-05 -2.35932e-06 -0.00140674 -2.45105e-06 -0.000713436 0.00017833 -0.000253267 -0.00141973 2.49131e-05 -0.00105828 0.00121212 -0.000178645 -3.45418e-05 -0.000660657 -0.000109837 -9.01006e-06 -8.34967e-05 -1.36037e-05 -3.33077e-05 -1.11955e-07 -5.45913e-05 -1.4109e-05 0.00129799 -1.40586e-05 -4.22802e-05 0.00131427 4.09929e-05 -0.00037526 -0.000313922 -0.000585483 1.17946e-06 5.95658e-05 -9.47848e-06 0.000418376 -8.10534e-06 -0.000117824 0.000671401 1.98529e-05 -8.47323e-05 -6.84852e-05 3.98017e-06 -0.000625813 0.00144625 -5.03599e-05 -4.56979e-05 0.00132674 -2.49742e-05 0.0013497 -0.000132873 0.000445647 0.000858859 2.31741e-05 0.000224098 1.02045e-06 0.0011273 -0.000165927 -4.25669e-06 -0.00115902 -0.00108052 -1.54844e-05 -1.01187e-07 -0.00137739 -0.000859794 -0.000403202 2.12719e-06 -1.56669e-05 -0.00161419 0.000134658 -0.000601766 0.00155187 0.000989253 
-0.00701683 0.0107569 0.000253881 0.0279313 0.0209085 -0.0152713 -0.000200451 0.0101095 -0.0140582 -0.000578525 -0.000172028 -0.0100189 -2.21868e-06 -6.71813e-05 0.0101451 0.020306 -0.000216034 -7.88726e-05 -0.00559859 -0.00317899 -0.000278317 -5.74859e-05 -0.00131482 -0.0146577 -0.00100901 2.09157e-05 0.0172571 0.000312985 -0.000139649 -0.000689967 -6.30322e-05 -0.0139781 0.000107723 -0.0108348 0.00649223 -0.00899376 -0.0138419 0.000129198 -0.0102394 -0.00281707 0.00104099 0.0164436 -0.00780151 -0.00109149 -8.23664e-05 -0.000958444 -0.000157161 0.012674 3.37725e-05 -0.000329291 -0.000156549 -0.00851614 -0.000168139 -0.00125333 0.00586687 2.6976e-05 -0.00515543 -0.00257893 0.0181678 2.32606e-05 0.0200426 -2.83241e-05 0.0208497 -9.25995e-05 -0.00565643 0.000269636 0.00064098 -0.00106921 -0.00474723 1.58157e-06 -0.00791572 0.0194157 -0.000611915 -0.00055266 -0.00355254 -0.00020328 -0.00521189 -0.00513166 0.000180628 0.0021305 0.0151684 -0.000184855 -2.55789e-05 -0.00518226 -0.00201563 0.000304768 -0.0121342 -0.0160626 -0.000226697 1.97076e-05 -0.0147743 -0.0147407 -0.000712489 0.000379281 0.000177915 -0.013309 0.000242806 -0.00699138 0.0111512 0.014771 
-0.00567812 0.0106379 4.07674e-06 0.0209085 0.0257564 -0.0157152 0.000122451 0.00854471 -0.0146553 -0.000430507 -0.000171038 -0.00968443 8.5464e-05 0.000553666 0.0112642 0.0197078 0.000496546 -8.44321e-05 -0.00438196 -0.00309794 -0.000284721 -2.80655e-05 -0.00104562 -0.0167516 -0.000930493 -0.000869501 0.016253 0.000216798 4.65351e-05 -0.000621878 3.66292e-05 -0.0145167 0.000654658 -0.00961307 0.00697185 -0.00739669 -0.0145684 0.000177629 -0.0113109 -0.00276052 -0.000475525 0.0162813 -0.0062429 -0.000355281 0.000195464 -0.000791335 4.92884e-05 0.0132403 3.34516e-05 -5.41537e-05 -0.000162323 -0.00793172 -0.000161202 -0.00117775 0.00529557 2.07651e-05 -0.00282552 -0.00333387 0.0156576 0.000134061 0.0194457 -1.94682e-05 0.0192013 -8.53308e-05 -0.00520471 0.000122502 0.000645213 -0.000339405 -0.00346435 3.33795e-05 -0.00555531 0.0185056 -0.000173149 -0.000453485 -0.00365939 0.000114869 -0.00383095 -0.00482378 1.33736e-05 0.00271552 0.0142605 -3.263e-05 -1.92114e-05 -0.00569448 -0.00127757 0.000438268 -0.0132455 -0.0149433 -0.000133488 9.9204e-06 -0.0153968 -0.0121355 -0.00282515 0.000471015 0.000154291 -0.013668 0.000331154 -0.00768799 0.00921557 0.0137528 
-0.171891 -0.00667677 -0.00137445 -0.0152713 -0.0157152 0.218457 -0.00792953 -0.0269241 0.197586 0.00617044 -0.00448152 0.185312 -0.0011007 -0.00220936 -0.00769944 -0.0352886 -0.00691404 -0.0024479 0.0855462 -0.177146 0.00485831 -0.00104586 0.013166 0.184394 0.0111273 -0.0311473 -0.00182895 0.000729867 -0.0057239 0.00670473 0.000466489 0.190401 -0.000629718 0.114337 -0.00598634 -0.166192 0.196905 -0.00080309 0.155525 -0.142374 0.0156659 -0.0139361 -0.131181 0.00980305 -0.00258292 0.00877918 -0.00329575 -0.00814905 -2.88233e-05 0.000651788 0.00185051 -0.14478 0.00150734 -0.0421152 -0.186593 -0.000221071 -0.149753 0.0512396 -0.0864099 -0.000116795 -0.0216039 -0.00229025 -0.0148935 -0.000293464 0.0630105 -0.00197725 0.00915377 -0.00703269 -0.0517051 0.000119107 -0.169826 -0.0101122 -0.0146936 0.00502245 -0.134525 -0.00418359 -0.174189 0.0553716 -0.0042169 -0.00778084 -0.0104673 -0.00387938 -0.000235233 -0.154778 0.0190538 0.000499458 0.173387 0.158274 -0.00630563 -1.56941e-05 0.186068 -0.109396 0.0475043 -0.00169417 0.0012972 0.106301 -0.00101883 0.0847609 -0.0438111 -0.0121193 
0.00842024 -4.25168e-05 -2.63055e-05 -0.000200451 0.000122451 -0.00792953 0.0117386 -9.1939e-05 -0.00751053 -0.000217138 0.000124316 -0.0071381 6.09173e-05 0.00111327 -0.00151142 -0.000428144 0.00653003 -2.46472e-05 -0.0033306 0.00798294 -0.000184869 3.06551e-05 -0.00049758 -0.00740874 -0.00038966 -0.000988412 -0.000766508 4.52723e-05 0.00601498 -0.000284191 8.91909e-05 -0.00821612 7.16488e-05 -0.00397456 -0.000116169 0.00711691 -0.00751117 -1.31296e-05 -0.00611484 0.000664242 -0.000742975 0.000826215 0.00756519 -9.63701e-05 0.00341485 -0.000395571 0.00129357 -0.000184681 -5.80521e-07 0.000530131 -5.85758e-05 -0.00123569 -6.18871e-05 -0.00054974 0.000437904 1.15691e-05 0.00669597 -0.00218825 0.0036468 1.08214e-05 0.00124716 0.00050396 -0.000161399 0.00067907 -0.00236344 -0.000117054 -0.000421065 0.00677988 -0.00017161 -1.05546e-05 0.00791628 -0.00114173 0.0074817 1.19818e-05 -0.00100051 0.000620312 0.00112424 -0.00219223 -2.34048e-05 -0.000127116 -9.75237e-05 -3.53181e-05 -1.06157e-05 -4.47137e-07 0.00121384 -5.74358e-05 -0.00678565 -0.00420553 0.000124637 1.27531e-06 -0.00793721 0.00532485 -0.0018711 -1.96635e-05 -8.78936e-05 -0.00635244 -1.77183e-05 -0.00278308 0.00101862 -0.000183107 
0.00853913 0.00263966 0.00181096 0.0101095 0.00854471 -0.0269241 -9.1939e-05 0.0381768 -0.0260392 -0.000643673 -7.75648e-05 -0.0228991 -4.31154e-06 -4.71185e-05 0.00387431 0.0162029 -0.000231036 0.000137392 -0.0113521 0.0144297 -0.000304953 -2.37031e-05 -0.00184103 -0.0254642 -0.00140541 0.00984293 0.00463994 7.73689e-05 -0.000213116 -0.000652781 -7.9624e-05 -0.0270267 7.37811e-05 -0.0148545 0.00152537 0.0131947 -0.0258697 0.000312643 -0.0207962 0.0172893 -0.00215173 0.00639492 -0.00184038 -0.00189823 -9.95677e-05 -0.000882476 -0.000155517 0.00334258 1.3935e-05 -0.000354842 -0.000263631 0.0142908 -0.000243966 0.00508046 0.02314 8.9181e-05 0.00300889 -0.00726784 0.00654657 2.00171e-05 0.00944347 3.30792e-05 0.0091822 -0.00014826 -0.00764181 0.000282728 -0.000801022 -0.000627504 0.00761487 -2.18515e-05 0.0050198 0.014896 -0.000573568 -0.000805459 0.0169258 -0.000264124 0.0186526 -0.00704539 0.00501889 0.00726266 0.00628175 0.00230817 3.1515e-05 0.0176004 -0.0028764 -0.000164484 -0.0232242 -0.0225969 -0.000292294 -5.00397e-07 -0.0277291 0.000947462 -0.00702448 0.000257264 -0.000293344 -0.0267594 0.000924159 -0.0118943 0.0200397 0.0067139 
-0.172172 -0.00642793 -0.00139304 -0.0140582 -0.0146553 0.197586 -0.00751053 -0.0260392 0.225895 0.00676355 -0.00464975 0.202427 -0.00105522 -0.00192636 0.000274125 -0.0317233 -0.00626576 -0.00229611 0.0893536 -0.187557 0.00228025 -0.0010394 0.0136672 0.18018 0.0103393 -0.0419694 0.00802427 0.00263848 -0.00550865 0.00573165 8.46463e-05 0.182345 -0.000641908 0.0954076 -0.00482634 -0.17997 0.211609 -0.00115935 0.167611 -0.157731 0.0239479 -0.0142986 -0.127119 0.0146975 -0.0024577 0.0099621 -0.0031202 -0.00911571 -2.09425e-05 -0.00153265 0.00217324 -0.150862 0.00209587 -0.040818 -0.202476 -0.000174504 -0.144498 0.0614346 -0.0686092 -0.000114191 -0.0210763 -0.00207657 -0.0150042 5.6824e-05 0.0560142 -0.00187929 0.00950874 -0.00787276 -0.0659621 -0.000167708 -0.174733 -0.0159391 -0.0140845 0.00145973 -0.129658 -0.00303439 -0.168555 0.0536779 -0.00417009 -0.00756285 -0.0104026 -0.00338272 -0.000308663 -0.150407 0.0194248 0.000606995 0.187863 0.139737 -0.00601304 -1.37628e-05 0.176443 -0.123265 0.0591946 -0.00163445 0.00220728 0.10196 -0.000982043 0.0932577 -0.0427451 -0.0112173 
-0.00537672 -0.00026243 -1.29472e-05 -0.000578525 -0.000430507 0.00617044 -0.000217138 -0.000643673 0.00676355 0.0203276 -0.000153201 0.00720556 -3.07777e-05 -5.31355e-05 -0.00223869 -0.000884723 -0.000170354 -7.8435e-05 -0.00239703 -0.00549734 -0.000271598 -2.2922e-05 0.000477957 0.00532923 -0.000352048 -0.00102085 -0.00148546 -0.000206814 -0.000149105 -0.000172571 0.000103778 0.00536378 -8.862e-06 0.00667677 -5.03849e-05 -0.00704001 0.00302788 -2.0913e-05 -0.000279459 -0.00606259 -0.00146139 -0.000437037 -0.00500532 -3.17968e-05 -7.64274e-05 -0.000730688 -0.000115194 -0.000294496 -1.0144e-06 -0.000163515 0.000140712 0.00350028 -7.07489e-05 -0.00127985 -0.00626972 -4.52842e-06 -0.00439979 -0.00282008 -0.00659565 1.14577e-06 -0.000646238 -9.70112e-05 -0.000472746 -4.96074e-05 0.00423376 -0.000135358 -0.000508127 0.00063599 -0.000422627 2.76461e-06 -0.00439968 0.00401814 -0.000422913 -0.000247683 -0.00380361 7.22476e-06 -0.00499689 0.00858124 -4.44966e-06 -4.70317e-05 -0.000325222 -0.000206798 -1.81569e-05 -0.00457293 -0.0002028 -7.50501e-05 -0.00311103 0.00763284 -0.000192845 1.94275e-07 0.00462331 -0.00203001 -0.00306863 -5.31791e-05 -0.000129368 -0.000203129 1.85535e-05 0.00288448 -0.00118643 -0.000171159 
0.00181066 -0.000130427 -1.33805e-05 -0.000172028 -0.000171038 -0.00448152 0.000124316 -7.75648e-05 -0.00464975 -0.000153201 0.00790121 -0.00450455 1.54274e-05 -2.00388e-05 0.00117454 0.000150783 0.000234244 0.00039431 -0.00200318 0.00262316 -8.34755e-05 -4.71726e-06 -0.000347464 -0.00115981 -0.000148194 -0.000235565 -0.000278666 -5.47284e-05 0.00018166 -0.000186825 -1.24875e-05 -0.000886594 -2.90279e-06 -0.0010453 -6.06233e-05 0.00438818 -0.00452307 -1.14307e-05 -0.00215931 0.00291585 -0.000337207 6.31119e-05 3.33199e-05 -0.000353521 1.2288e-05 0.000386081 -1.49591e-05 -0.000127492 -3.89206e-07 0.000135357 -2.85052e-05 0.00267132 -3.16074e-05 -0.000111246 0.00455885 2.40512e-05 0.000442638 -0.00137363 -0.000752413 -1.42337e-06 -7.59237e-05 0.000139609 -0.000135261 5.61627e-05 -0.0013828 0.000159929 -0.00026585 0.00015937 0.000191645 4.64982e-05 0.00373906 0.00163638 0.000279826 -0.000157217 0.000282432 0.000127745 0.00059541 -0.000825298 -3.7042e-05 -2.71062e-05 -0.000112223 -9.51908e-05 1.73295e-06 0.00195649 -0.000552997 -3.8007e-05 -0.00321459 -0.00161542 0.000259622 -3.51772e-07 -0.00110208 0.00340992 -0.00136755 1.68834e-05 -3.82381e-05 -0.000633306 -8.12795e-06 -0.000592946 -0.000247899 -6.44053e-05 
-0.160577 -0.00531897 -0.00129622 -0.0100189 -0.00968443 0.185312 -0.0071381 -0.0228991 0.202427 0.00720556 -0.00450455 0.237674 -0.000988107 -0.000882464 0.00444137 -0.0263908 -0.00536043 -0.00212028 0.0929466 -0.17703 0.00118027 -0.00099169 0.0153666 0.162176 0.012125 -0.0382265 -0.00511909 0.00157108 -0.00503393 0.00614138 0.000224269 0.16706 0.00016678 0.0927156 -0.00368658 -0.16976 0.192072 -0.000986734 0.153668 -0.15627 0.0130882 -0.0116366 -0.119083 0.0131474 -0.00223037 0.00934322 -0.00287573 -0.00610372 -2.45253e-05 -0.00484656 0.00239675 -0.144524 0.00200573 -0.0380408 -0.187379 -0.000183721 -0.134995 0.0451556 -0.0775702 4.41148e-05 -0.0167403 -0.00223986 -0.0112005 -0.000156741 0.0564394 -0.00260926 0.00685747 -0.00687083 -0.0575248 -0.000163348 -0.166477 -0.0109125 -0.0133242 0.00108542 -0.120686 -0.00259297 -0.155909 0.0479921 -0.00381027 -0.00625371 -0.00800704 -0.00282986 -0.000300283 -0.140145 0.0227049 0.000736854 0.170093 0.139343 -0.00566345 -9.24234e-06 0.160235 -0.113828 0.0469 -0.00113428 0.00251081 0.0929423 -0.000739451 0.0719037 -0.0378421 -0.00765395 
0.000937768 2.45577e-06 -1.29823e-06 -2.21868e-06 8.5464e-05 -0.0011007 6.09173e-05 -4.31154e-06 -0.00105522 -3.07777e-05 1.54274e-05 -0.000988107 0.00162612 6.27367e-06 -0.000138344 9.39215e-05 3.85211e-05 -1.83252e-06 -0.000468543 0.000835714 -2.71158e-05 0.000199068 2.89164e-05 -0.00105303 -5.66551e-05 0.000682047 2.84326e-05 -9.27035e-06 0.000107445 -2.55219e-05 -4.95131e-07 -0.00115227 9.69495e-06 -0.000623131 -6.60613e-06 0.000442712 -0.00105617 -7.70427e-08 -0.000846044 0.000626283 -7.92417e-06 2.77141e-05 0.000783233 3.37341e-05 1.65611e-05 -5.86907e-05 0.00013886 -1.64028e-05 -7.95929e-08 -2.56561e-05 -9.7045e-06 0.000448123 -7.18368e-06 0.000253622 0.000758864 2.87878e-06 0.00114212 -0.00019573 -0.00029866 -2.91081e-07 6.74674e-06 0.000235627 -2.56703e-05 5.35053e-06 -0.000323317 -1.07103e-05 -6.46045e-05 0.00010566 0.000830642 -1.70455e-06 0.00105223 -0.000108384 0.000421264 3.96781e-05 7.52664e-05 0.000162012 0.000794292 -0.000294048 -5.06213e-06 0.000161039 -1.59404e-05 3.89045e-05 5.8571e-05 -0.00015548 4.80045e-05 -1.7181e-06 -0.000962988 -0.000871383 0.000549499 4.39173e-07 -0.000819443 0.000611879 -0.000280314 1.52803e-05 -1.29375e-05 -0.00109439 5.7815e-07 -0.000487778 0.000176715 -1.86291e-05 
0.000944131 -3.82069e-05 1.88142e-06 -6.71813e-05 0.000553666 -0.00220936 0.00111327 -4.71185e-05 -0.00192636 -5.31355e-05 -2.00388e-05 -0.000882464 6.27367e-06 0.00366591 0.000876942 0.00112658 0.00220178 0.000178723 -0.000482382 0.00111739 -6.14124e-05 8.86756e-05 0.000319672 -0.00238467 -6.24823e-05 0.000255457 -0.000146065 -8.09569e-06 0.000888759 -3.59652e-05 4.75878e-06 -0.00217884 0.000893065 -0.00108878 9.33114e-05 0.00138776 -0.00192963 9.93115e-05 -0.00178344 -0.000883292 -0.000278443 -3.5819e-05 0.000844962 0.000363501 0.00040153 -0.000130712 0.000194459 9.33626e-05 -1.79802e-07 -7.54333e-05 -9.33105e-07 -0.000697182 -1.94451e-05 0.000116051 -0.000410084 8.42999e-06 0.00193549 -0.0005365 -0.000950993 0.000119331 0.000391982 -7.46539e-07 -6.20007e-05 -1.22696e-05 -0.000677908 4.65493e-05 -0.000102696 0.00168424 0.00244936 -2.89506e-06 0.00155405 0.000185136 0.00124442 -4.70399e-05 -0.000537104 -2.35425e-05 0.00101362 -0.000658532 -4.14488e-06 0.000728653 -2.57538e-05 6.15318e-05 -3.1957e-06 -0.000285887 0.000592531 0.000119025 -0.00209098 -0.000676625 -2.17957e-05 7.81936e-07 -0.00258002 0.00048211 -0.000426122 0.000292557 2.46517e-06 -0.00197165 0.000110709 -0.0010533 -0.000224661 5.93755e-05 
-0.0138761 0.0044802 0.000648509 0.0101451 0.0112642 -0.00769944 -0.00151142 0.00387431 0.000274125 -0.00223869 0.00117454 0.00444137 -0.000138344 0.000876942 0.139308 0.0211447 0.000241145 0.00225638 -0.00902888 -0.016217 -0.00267303 -1.42848e-06 -0.00182175 -0.00720886 -0.00537159 -0.00824636 0.00699009 -0.0011046 -0.00131163 -0.0034812 4.53658e-05 -0.00369877 0.000803734 -0.0173695 0.00702286 -0.0187473 -0.00486583 8.78982e-06 0.00456593 -0.00937459 0.016928 0.00917626 -0.0196045 -0.000714543 -0.000559537 -0.00329915 -0.000988839 0.00799843 7.35897e-07 0.00282137 -0.0005833 -0.0178522 -0.000358727 -0.00794642 -0.00507139 5.49376e-05 -0.00381221 0.0255247 0.0246471 7.70245e-05 0.0151971 -0.000399235 0.00932051 -0.000558507 -0.0252222 0.000799956 -0.00114579 -0.00267468 -0.0167212 0.000297654 -0.00491007 0.0200032 -0.00301132 -0.00315714 -0.00179908 -0.001415 -0.00625983 -0.0151827 -0.00035754 0.00223249 0.0062336 -0.0017034 -0.000149811 -0.00389755 -0.0120454 -0.00022063 -0.00747067 -0.0338669 -0.00143776 1.09889e-05 -0.00766348 -0.00204288 -0.0167562 0.00186411 -0.00120059 -0.0152322 0.000332055 0.0137805 -0.00307706 0.00948878 
0.000499431 0.00930314 0.00168121 0.020306 0.0197078 -0.0352886 -0.000428144 0.0162029 -0.0317233 -0.000884723 0.000150783 -0.0263908 9.39215e-05 0.00112658 0.0211447 0.0555205 0.000642261 0.00240351 -0.0144255 0.00936773 -0.00062411 2.88458e-05 -0.00225133 -0.0323131 -0.00205099 0.0131411 0.012773 -5.58538e-05 -0.000144963 -0.00117112 -0.000115839 -0.0355585 0.000885295 -0.0217989 0.00822925 0.00494763 -0.031632 0.000627803 -0.0268408 0.00911181 0.00180943 0.0140653 -0.00229376 -0.00221086 -9.48067e-05 -0.00150883 -0.000254076 0.0111611 3.20612e-05 -0.000446735 -0.000300345 0.00505019 -0.00024309 -0.000625744 0.0228358 0.00017273 0.00644477 -0.00273018 0.0171515 0.000148022 0.0220241 -0.000262183 0.0191919 -0.000180117 -0.011288 0.000869637 0.000385166 -0.00158361 0.00488337 1.98867e-05 0.00615367 0.0224738 -0.00100604 -0.00110317 0.00470985 -0.000443826 0.0166542 -0.00988122 0.00391291 0.00840013 0.0136952 0.00149837 -1.59974e-05 0.00717241 -0.00418666 0.000336623 -0.0273207 -0.0315358 0.000891787 1.9983e-05 -0.032352 -0.00691573 -0.00980845 0.00173311 -0.000192575 -0.0300376 0.000937273 -0.0155107 0.018601 0.0167008 
0.00640635 -3.27701e-05 -1.56954e-05 -0.000216034 0.000496546 -0.00691404 0.00653003 -0.000231036 -0.00626576 -0.000170354 0.000234244 -0.00536043 3.85211e-05 0.00220178 0.000241145 0.000642261 0.0106962 1.32849e-05 -0.00287138 0.00581752 -0.000177153 0.000149229 -0.000371679 -0.00627921 -0.000347169 -0.000719603 -0.000762814 0.000143409 0.00611502 -0.000254257 -1.08665e-05 -0.0069899 0.00078678 -0.00327766 0.000135109 0.00614988 -0.0063881 -1.88313e-05 -0.0053485 -0.000998215 -0.000650616 0.000816115 0.00591618 -6.3021e-05 0.00296999 -0.00035171 0.000722762 -3.31197e-05 -1.39513e-07 -0.00011943 -4.90867e-05 -0.00279471 -6.22202e-05 -0.000533952 -0.00137102 3.93203e-05 0.0058446 -0.00172308 0.00283162 1.96009e-05 0.00185074 0.000255355 -0.000198476 0.000666764 -0.00206822 -4.89586e-05 -0.000348035 0.00723299 0.00125432 -9.10508e-06 0.00668588 -0.000748212 0.00723089 -0.000100726 -0.000899068 0.000333149 0.000113296 -0.00197161 -3.73832e-05 0.000501274 -0.00015025 -0.000113418 -9.87725e-06 -0.00155723 0.000855401 -2.45572e-05 -0.00580475 -0.00346825 8.93156e-05 1.46686e-06 -0.00663647 0.0039212 -0.00162863 0.000219837 -6.3489e-05 -0.00661339 1.91162e-06 -0.00253607 -0.000279727 -8.18616e-05 
-0.000558569 -1.14316e-05 3.53573e-05 -7.88726e-05 -8.44321e-05 -0.0024479 -2.46472e-05 0.000137392 -0.00229611 -7.8435e-05 0.00039431 -0.00212028 -1.83252e-06 0.000178723 0.00225638 0.00240351 1.32849e-05 0.00385925 -0.000938911 0.000713907 -5.38769e-05 -1.81251e-06 7.61152e-05 -0.00242799 -0.00012682 0.000726057 -0.000257341 -3.70237e-05 3.86488e-05 -7.75585e-05 -1.25299e-06 -0.00215632 5.50396e-05 -0.00106421 0.000553553 0.00105694 -0.00223143 4.62817e-05 -0.00202658 -3.89798e-05 -0.000154725 5.27494e-05 -0.000852354 4.16019e-05 -1.1081e-05 0.000167721 -1.65705e-05 -3.12793e-05 -1.89322e-07 0.000595697 -8.00981e-06 -0.000421083 1.49928e-05 -0.000127518 0.00213096 2.0289e-05 0.000609578 -0.000228007 0.00116814 4.65207e-06 0.00202866 2.63464e-06 0.000185132 1.1506e-05 -0.000729914 9.15875e-05 -0.000103187 -0.000100341 -0.00015672 7.19233e-05 0.00236929 9.25504e-05 -5.01505e-05 -6.43486e-05 0.000742752 -1.01106e-05 0.00249148 -0.000689655 6.64244e-06 0.00123173 -6.00069e-05 -6.60244e-06 -3.58837e-06 0.00256446 -0.000275991 1.41859e-05 -0.00179359 -0.00161271 -2.31578e-05 -1.71113e-07 -0.00235914 0.000702658 -0.000670549 0.00137201 -3.06307e-05 -0.000853332 2.64892e-06 -0.0011579 -0.000101294 0.000513522 
-0.0753931 -0.00338045 -0.000611036 -0.00559859 -0.00438196 0.0855462 -0.0033306 -0.0113521 0.0893536 -0.00239703 -0.00200318 0.0929466 -0.000468543 -0.000482382 -0.00902888 -0.0144255 -0.00287138 -0.000938911 0.204914 -0.0858577 0.00457734 -0.000470947 0.0119476 0.0606592 0.00971571 -0.011353 0.00339918 -0.000132626 -0.00325078 0.00266206 0.000224906 0.0795754 -0.000291758 0.0288013 -0.00113459 -0.0978679 0.0964673 -0.00035156 0.0726087 -0.0570313 0.00434372 -0.00532559 -0.0712965 0.0145619 -0.000984131 0.014756 -0.00157206 -0.00233551 -1.1835e-05 -0.000577562 -0.000802051 -0.0790711 0.000600033 -0.0176451 -0.0877615 -0.000103804 -0.0639177 0.0106125 -0.0257475 3.20244e-05 -0.00821455 -0.00108697 -0.00593588 0.000328094 0.097818 -3.91059e-05 -0.00497706 -0.00920338 -0.034176 -0.000155781 -0.088222 -0.0349002 -0.00630953 0.00696353 -0.0568917 -0.000289504 -0.0738241 0.0397036 -0.00182587 -0.00304904 -0.00435195 -0.00237308 -0.000192599 -0.0658571 0.00853179 0.00219457 0.0994175 0.0625953 -0.00264709 -1.05163e-05 0.0709312 -0.131315 0.031194 -0.000694157 0.000359959 0.0484765 -0.000308709 -0.0450603 -0.0187422 -0.00460871 
0.180355 -0.00322544 -0.000329564 -0.00317899 -0.00309794 -0.177146 0.00798294 0.0144297 -0.187557 -0.00549734 0.00262316 -0.17703 0.000835714 0.00111739 -0.016217 0.00936773 0.00581752 0.000713907 -0.0858577 0.213288 -0.00497143 0.000811906 -0.0121239 -0.163643 -0.0103887 0.0368953 -0.0210088 -0.00260941 0.00590911 -0.00506655 -0.000190509 -0.166643 -0.000283931 -0.0870963 -0.00281544 0.181861 -0.186405 0.000722349 -0.158826 0.143828 -0.0225833 0.000498368 0.137623 -0.0119575 0.00246833 -0.00991146 0.00335501 -0.00290205 -1.29258e-05 -0.000988293 -0.00194644 0.147324 -0.00182047 0.0421983 0.182439 4.85112e-05 0.14534 -0.0577111 0.0583241 -3.96471e-05 0.00217939 0.0018804 -0.00162817 -0.000131474 -0.0578384 0.000557566 -0.00873063 0.0111902 0.0665014 -0.000309554 0.183331 -0.00987718 0.0147974 -0.00384281 0.129039 0.00327451 0.165137 -0.0506106 0.0012551 -0.000916857 -0.00224808 0.00295684 0.000223081 0.148574 -0.0170761 -0.00121836 -0.175055 -0.12183 0.00582316 -7.82081e-06 -0.160412 0.134184 -0.0541107 -0.000526153 -0.00219049 -0.083155 -4.79121e-06 -0.0819835 0.0300922 -0.00238778 
-0.00429401 0.000518146 8.41202e-05 -0.000278317 -0.000284721 0.00485831 -0.000184869 -0.000304953 0.00228025 -0.000271598 -8.34755e-05 0.00118027 -2.71158e-05 -6.14124e-05 -0.00267303 -0.00062411 -0.000177153 -5.38769e-05 0.00457734 -0.00497143 0.0164763 -3.55754e-05 9.19281e-05 0.00412638 0.000516882 0.000780775 -0.00120792 -0.000148214 -0.000212896 1.5492e-05 0.000280881 0.00429045 -2.24964e-05 0.00871575 -0.000182622 -0.00514749 0.00455251 0.000135724 -0.000739289 0.000498924 -0.00101645 -0.000359716 -0.00489165 -0.00022009 -6.41685e-05 0.00410417 -9.00057e-05 -0.000230166 -8.18864e-07 -0.000158153 0.000613148 -0.00445963 0.000630939 -0.000998896 -0.00413752 -6.35607e-07 -0.00366643 -0.00224159 -0.00527673 -2.76135e-06 -0.000522655 -7.50914e-05 -5.23335e-05 0.000168744 0.00750468 -0.000140261 -0.000355829 -0.000570535 -0.000692227 -1.08034e-05 -0.00510828 -0.00144682 -0.000363523 0.00105362 -0.0029629 -0.000154678 -0.00395342 0.000377508 0.000118432 0.000222077 -0.000225301 0.000238538 5.60553e-06 -0.00367981 -0.000808935 4.07877e-05 0.00540184 0.00635514 -0.000155938 -7.40106e-07 0.00403346 -0.00791394 -0.00259212 -4.24552e-05 -0.000118502 0.00207959 -8.77041e-06 -0.00412133 -0.000750502 -0.000299034 
0.000718344 0.00018067 -4.28447e-06 -5.74859e-05 -2.80655e-05 -0.00104586 3.06551e-05 -2.37031e-05 -0.0010394 -2.2922e-05 -4.71726e-06 -0.00099169 0.000199068 8.86756e-05 -1.42848e-06 2.88458e-05 0.000149229 -1.81251e-06 -0.000470947 0.000811906 -3.55754e-05 0.00227231 0.000269942 -0.00112811 -1.99753e-06 0.000494549 -7.76996e-07 -2.17164e-05 -4.57211e-06 -3.35437e-06 3.8597e-06 -0.00105584 6.39041e-05 -0.000453032 -4.65308e-06 0.000769842 -0.00107087 9.8621e-06 -0.00113849 0.000454078 -0.000150245 -3.48208e-05 0.000749145 0.000252577 1.28876e-05 -7.93084e-05 -7.87472e-06 2.89349e-05 -1.11294e-07 2.22551e-05 -1.3841e-05 0.000502519 -1.08534e-05 -8.13482e-05 0.000498171 5.69803e-06 0.00109631 -0.000150535 -0.000523602 7.3743e-07 4.44661e-05 0.000339479 -3.24506e-05 1.00568e-05 -0.000403898 3.28717e-05 -3.3178e-05 0.000138848 0.00147578 -2.06123e-06 0.00117781 -0.000209625 6.33734e-06 5.12995e-05 -0.000166837 -2.06934e-05 0.00113308 -0.000385039 9.33308e-06 0.000188469 -2.7907e-05 0.000251576 9.82194e-06 7.47621e-05 -0.000137778 -3.36439e-08 -0.00125402 -0.000768361 0.000395265 9.66077e-07 -0.00114863 0.000599752 -0.000395666 2.59619e-05 -1.55259e-05 -0.00141953 9.61139e-06 -0.00056815 0.00098565 -2.2926e-05 
-0.0122798 0.00167854 -0.000105232 -0.00131482 -0.00104562 0.013166 -0.00049758 -0.00184103 0.0136672 0.000477957 -0.000347464 0.0153666 2.89164e-05 0.000319672 -0.00182175 -0.00225133 -0.000371679 7.61152e-05 0.0119476 -0.0121239 9.19281e-05 0.000269942 0.0443816 -0.0103638 0.00189148 0.0109236 0.000305611 0.000320581 -0.000562525 0.00998229 2.86254e-05 0.0126054 -3.51063e-05 0.0197947 -0.00040068 -0.0153256 0.0155974 -5.89104e-05 -0.0130212 -0.0144433 -0.00356357 -0.00105426 -0.0134148 0.0286375 -0.000155297 -0.00168751 -0.000268582 -0.000397319 -2.27466e-06 -0.00103771 0.00121972 -0.0160993 0.00187905 -0.00289739 -0.014397 -9.98688e-06 -0.0100646 -0.00323483 -0.0130841 8.8924e-06 -0.00127117 -3.96298e-05 -0.00101479 0.000827045 0.0109215 -0.000254478 3.32355e-05 -0.000717447 0.0169514 -4.55806e-05 -0.0134486 -0.00569402 -0.00101177 0.00342181 -0.00934622 0.00115039 -0.0113779 -0.00658251 -0.000283235 -4.21367e-05 -0.000515533 0.00302652 -2.11472e-05 -0.0106405 0.00169004 0.000801978 0.00431898 0.0145549 -0.000254421 -1.33664e-07 0.00148649 -0.0207681 -0.00222793 -6.5911e-05 -0.000246547 0.0073176 -6.32215e-05 -0.012138 -0.0028266 -0.000691449 
-0.156601 -0.0074638 -0.00126888 -0.0146577 -0.0167516 0.184394 -0.00740874 -0.0254642 0.18018 0.00532923 -0.00115981 0.162176 -0.00105303 -0.00238467 -0.00720886 -0.0323131 -0.00627921 -0.00242799 0.0606592 -0.163643 0.00412638 -0.00112811 -0.0103638 0.227318 0.0110138 -0.0482648 -0.00579439 0.00116567 -0.00542074 -0.00445799 -0.00108761 0.176598 -0.000747769 0.0962686 -0.00602843 -0.144665 0.177535 -0.00107792 0.163316 -0.131199 0.0231563 -0.0138068 -0.117962 -0.0164415 -0.0024898 0.00994195 -0.00309547 -0.00936492 -2.11151e-05 0.00112222 0.00138219 -0.122003 0.00107348 -0.0389565 -0.167561 -0.000179052 -0.141197 0.0594166 -0.0761566 -0.000113104 -0.0216421 -0.00250628 -0.0145927 -0.000574686 0.0457098 -0.0012666 0.00644386 -0.00993857 -0.067972 0.000180695 -0.153951 -0.00272578 -0.0131968 -0.00250523 -0.123951 -0.0053476 -0.161598 0.0601343 -0.00398121 -0.00784717 -0.0103571 -0.00683293 -0.000208716 -0.139245 0.0134553 -0.00151934 0.171762 0.143334 -0.00581058 -1.35461e-05 0.182151 -0.0850021 0.0454978 -0.00161035 0.00183236 0.0998382 -0.00097564 0.0974978 -0.0414718 -0.0116969 
-0.00924272 -0.000477966 -5.96028e-05 -0.00100901 -0.000930493 0.0111273 -0.00038966 -0.00140541 0.0103393 -0.000352048 -0.000148194 0.012125 -5.66551e-05 -6.24823e-05 -0.00537159 -0.00205099 -0.000347169 -0.00012682 0.00971571 -0.0103887 0.000516882 -1.99753e-06 0.00189148 0.0110138 0.0344489 -0.00242071 -0.00275932 -0.000332603 -0.000328237 0.000236713 -7.51303e-05 0.00994761 -5.28926e-05 0.0140776 -0.000394678 -0.01015 0.011291 -6.76704e-05 0.00254601 -0.00863357 -0.00175916 -0.000792795 -0.00922607 0.00127714 -0.000118755 -0.000677333 -0.000145315 -0.00055028 -1.74577e-06 -0.000828103 -0.000116191 -0.0115113 1.2321e-05 -0.00222498 -0.0094563 -1.29812e-05 -0.00786264 -0.00620514 -0.0111731 -5.67338e-06 -0.00118225 -0.000152023 -0.000650655 -9.34764e-06 0.00682157 -0.000200673 -0.000505391 -0.00103367 -0.00225304 -4.63168e-06 -0.0104531 -0.00416009 -0.000741924 -0.000396941 -0.00720288 -0.000345259 -0.00916094 -0.000567093 -0.000226232 -0.0004338 -0.000456754 3.03839e-05 -2.74384e-05 -0.00805653 0.00905944 -4.86316e-08 0.0117539 0.0143019 -0.000334398 -3.77864e-07 0.00869097 -0.00670708 -0.0034238 -8.70558e-05 -0.000180067 0.00596758 -5.38514e-05 -0.00495769 -0.00228453 -0.000638562 
0.022881 -0.0014456 0.00157328 2.09157e-05 -0.000869501 -0.0311473 -0.000988412 0.00984293 -0.0419694 -0.00102085 -0.000235565 -0.0382265 0.000682047 0.000255457 -0.00824636 0.0131411 -0.000719603 0.000726057 -0.011353 0.0368953 0.000780775 0.000494549 0.0109236 -0.0482648 -0.00242071 0.0807773 -0.00463913 -0.000686958 0.000133995 0.00649236 0.000353917 -0.0285781 7.48207e-05 -0.00702345 -0.000842972 0.0289668 -0.038066 0.00119132 -0.0455329 0.0302955 -0.00662059 -0.00130667 0.00617369 0.0117864 -0.00030424 -0.00301327 -0.00025043 -0.0012443 -1.40898e-06 -0.00166082 -0.000384216 0.0243709 -4.90754e-05 0.0185568 0.0388875 -1.72714e-05 0.0157601 -0.0162452 -0.0222058 -7.02862e-06 3.98842e-05 0.000181487 0.000858232 -5.16132e-05 -0.000756119 0.000851603 -0.0026809 -0.00145278 0.0581307 -5.35899e-05 0.0234472 0.00166066 0.000237518 0.00445402 0.00120837 -0.000268257 0.0289072 -0.0137347 0.00417301 0.00535555 -0.000309898 0.00684495 0.00024751 0.0144485 -0.00604517 0.000502522 -0.0447509 -0.0159546 0.00549122 -8.70187e-07 -0.0258218 0.0140868 -0.0155845 3.77422e-05 -0.000578703 -0.0272305 0.000102641 -0.0256429 0.0131181 8.14301e-05 
-0.0209838 0.00801913 -0.000116597 0.0172571 0.016253 -0.00182895 -0.000766508 0.00463994 0.00802427 -0.00148546 -0.000278666 -0.00511909 2.84326e-05 -0.000146065 0.00699009 0.012773 -0.000762814 -0.000257341 0.00339918 -0.0210088 -0.00120792 -7.76996e-07 0.000305611 -0.00579439 -0.00275932 -0.00463913 0.0732266 0.00196286 0.000234323 -0.00138443 5.92831e-05 0.00485293 -5.03711e-06 -0.0294815 0.00410279 -0.0271188 0.00660143 -4.62719e-05 0.0185202 -0.0159959 0.00822942 0.0112829 -0.019838 0.0095198 -0.000224318 -0.00118151 -0.000441268 0.00855478 3.76568e-05 0.000260158 -0.000203024 -0.0273912 -0.000224939 -0.00476651 -0.012851 -1.42425e-05 -0.0157276 0.0152488 0.0406069 -1.31842e-05 0.0140993 0.000932018 0.0154693 0.000209392 -0.0154454 -0.000385093 -0.000376941 -0.00173582 -0.0136132 -6.01568e-05 -0.0223205 0.0107647 -0.0016895 -0.00145124 -0.0159666 0.000605129 -0.0195084 -0.0138407 -0.00049525 0.000764657 0.0120031 -0.000296023 -6.50304e-05 -0.0178919 0.000575964 0.000316505 0.00980727 -0.0322222 -0.000157583 2.0353e-05 0.0027503 -0.0365281 0.0389826 7.81114e-05 8.94751e-05 -0.0032989 3.24684e-05 0.0180578 0.00501636 0.00984753 
-0.0024086 -0.000118453 -1.79779e-05 0.000312985 0.000216798 0.000729867 4.52723e-05 7.73689e-05 0.00263848 -0.000206814 -5.47284e-05 0.00157108 -9.27035e-06 -8.09569e-06 -0.0011046 -5.58538e-05 0.000143409 -3.70237e-05 -0.000132626 -0.00260941 -0.000148214 -2.17164e-05 0.000320581 0.00116567 -0.000332603 -0.000686958 0.00196286 0.0101903 0.000161552 -0.000185765 -1.62039e-05 0.00207937 -9.48602e-06 -0.000639629 0.00011271 -0.00241099 0.00250854 -1.78757e-05 0.00345481 -0.000651994 -0.000245136 7.75171e-05 -0.00242239 0.00138792 2.01294e-05 -0.000247271 -3.57501e-05 -6.23064e-05 2.09686e-06 -0.000259031 -2.39516e-05 -0.00332397 -5.35819e-05 -0.000625758 -0.00279337 2.03841e-05 -0.00219346 -0.000876433 0.00196598 -1.84006e-06 0.000139195 -2.3808e-05 0.000262361 0.000212182 -0.00179174 -8.00946e-05 -0.000345373 -0.000271606 -0.00175486 -3.35306e-06 -0.00282561 0.000141276 8.44066e-05 -3.81418e-05 -0.0020512 0.000460862 -0.00264058 -0.00020178 -6.22662e-05 -7.55644e-05 0.000262438 -7.54595e-05 -8.65111e-06 -0.00233277 0.000222703 -4.80886e-05 0.00279114 -0.000552202 -6.59657e-05 -2.88086e-07 0.00089308 -0.00226687 0.00314172 -2.34379e-05 0.000817083 0.00102122 -1.2687e-05 0.00118961 -0.000230797 2.7438e-05 
0.00590045 -0.000200017 3.67997e-05 -0.000139649 4.65351e-05 -0.0057239 0.00601498 -0.000213116 -0.00550865 -0.000149105 0.00018166 -0.00503393 0.000107445 0.000888759 -0.00131163 -0.000144963 0.00611502 3.86488e-05 -0.00325078 0.00590911 -0.000212896 -4.57211e-06 -0.000562525 -0.00542074 -0.000328237 0.000133995 0.000234323 0.000161552 0.0126067 -0.000281442 0.000111341 -0.00613186 0.000258913 -0.00432438 -0.000107382 0.0046679 -0.00611698 -2.28902e-05 -0.00400682 -0.00146553 -0.000650806 0.000805126 0.00635408 -0.000158548 0.002964 -0.00035667 0.00165899 -0.000181233 -6.24018e-07 -0.000278576 -2.52552e-05 -0.00291604 -6.92714e-05 -0.000614451 -0.00140441 5.11849e-06 0.00522633 -0.00197882 0.00205631 6.64012e-06 0.0015952 0.00052789 -0.000142019 0.000597921 -0.00228857 -0.000121786 -0.000497025 0.00749903 5.38245e-05 -1.16972e-05 0.00582965 -0.000936234 0.00697056 0.000543313 -0.00110356 0.000262276 -0.000690087 -0.00209678 -6.50536e-05 -4.20649e-05 -6.10306e-05 -0.000131599 -8.71186e-06 -0.00128786 0.000967904 -5.42117e-05 -0.00561353 -0.00403135 0.000267837 2.10267e-06 -0.00502825 0.00351449 0.000275356 2.78326e-05 -8.29709e-05 -0.00641534 -1.51267e-05 -0.0010887 -0.000231217 -8.44635e-05 
-0.00608495 -0.000290934 -3.6592e-05 -0.000689967 -0.000621878 0.00670473 -0.000284191 -0.000652781 0.00573165 -0.000172571 -0.000186825 0.00614138 -2.55219e-05 -3.59652e-05 -0.0034812 -0.00117112 -0.000254257 -7.75585e-05 0.00266206 -0.00506655 1.5492e-05 -3.35437e-06 0.00998229 -0.00445799 0.000236713 0.00649236 -0.00138443 -0.000185765 -0.000281442 0.0235656 -2.86412e-05 0.00589088 -2.91305e-05 0.00289813 -0.00024793 -0.00714156 0.00696538 -2.35072e-05 -0.00840123 -0.00676966 -0.00170771 -0.00053476 -0.00661704 0.0121558 -9.1027e-05 -0.000754279 -0.000140015 -0.000311497 -1.18007e-06 -0.000575826 0.000185541 -0.00480692 0.000357714 -0.00128805 -0.00680816 -1.81034e-06 -0.00513744 -0.00255778 -0.00776438 -2.3601e-06 -0.000780929 -5.27725e-05 -0.000453972 0.000277104 0.00900391 -0.000142763 0.0035912 -0.000902076 0.00834235 -2.055e-05 -0.00711754 -0.00281922 -0.000526413 0.0046467 -0.00370461 7.82128e-05 -0.00530415 0.000456519 8.95998e-05 0.000108539 -0.000174772 0.00200618 -1.53386e-05 -0.00520371 0.0032382 0.00106441 -0.00258853 0.00901563 -0.000108959 7.78739e-08 0.00513757 -0.0109818 -0.00416723 -4.48474e-05 -8.94365e-06 0.00338269 -2.72346e-05 -0.00632996 -0.0013512 -0.000409351 
-0.000364534 -3.26641e-05 -2.35932e-06 -6.30322e-05 3.66292e-05 0.000466489 8.91909e-05 -7.9624e-05 8.46463e-05 0.000103778 -1.24875e-05 0.000224269 -4.95131e-07 4.75878e-06 4.53658e-05 -0.000115839 -1.08665e-05 -1.25299e-06 0.000224906 -0.000190509 0.000280881 3.8597e-06 2.86254e-05 -0.00108761 -7.51303e-05 0.000353917 5.92831e-05 -1.62039e-05 0.000111341 -2.86412e-05 0.00222276 0.000399957 9.63955e-05 0.00104258 -1.40098e-05 -0.000580506 -0.000234988 3.81272e-05 -0.000797504 0.000830662 -0.000164463 -8.76882e-06 -0.00034931 -3.5024e-05 8.325e-05 -4.87399e-05 0.000106703 0.00014208 -1.08861e-07 -2.28694e-05 3.38686e-05 -0.000618307 -8.13681e-06 -8.64778e-05 -0.000421183 -8.49653e-07 -0.000331992 -0.00042607 -0.000725369 2.09077e-06 -7.4178e-05 0.000156264 -4.52918e-05 4.96699e-06 0.000454918 -1.75324e-05 4.02173e-07 0.00145515 0.000462935 3.44909e-05 0.000183024 -0.000175913 9.40982e-05 0.000434979 -0.000424151 -9.53968e-06 -0.000524715 0.000167777 1.40959e-05 3.83174e-06 -2.24902e-05 -1.16437e-05 -5.20558e-07 -0.000496245 0.00025385 -3.9852e-06 -0.000853225 0.00065303 -8.79015e-06 -9.83911e-08 0.000446214 -0.000238773 -0.000225661 -5.71054e-06 1.28038e-05 -0.00111328 1.29754e-06 -0.000571526 -0.000133812 -3.75404e-05 
-0.163742 -0.00642967 -0.00140674 -0.0139781 -0.0145167 0.190401 -0.00821612 -0.0270267 0.182345 0.00536378 -0.000886594 0.16706 -0.00115227 -0.00217884 -0.00369877 -0.0355585 -0.0069899 -0.00215632 0.0795754 -0.166643 0.00429045 -0.00105584 0.0126054 0.176598 0.00994761 -0.0285781 0.00485293 0.00207937 -0.00613186 0.00589088 0.000399957 0.202564 -0.00065401 0.105695 -0.0057285 -0.152983 0.181812 -0.000742934 0.146878 -0.131181 0.0182893 -0.012318 -0.132097 0.0124124 -0.00271556 0.00851132 -0.00357651 -0.00742403 -2.72431e-05 0.000552438 0.00176943 -0.136664 0.00152802 -0.0408121 -0.170736 -0.000171346 -0.150744 0.0490164 -0.0834561 -0.000123434 -0.021075 -0.0020415 -0.0145212 0.000141324 0.0554274 -0.00171827 0.00800117 -0.00604786 -0.0423507 0.000202309 -0.158816 -0.00663312 -0.0154684 0.00425605 -0.133226 -0.00366205 -0.171677 0.0510638 -0.00427163 -0.00803676 -0.0104975 -0.00393393 -0.000261459 -0.145261 0.0165365 0.000558557 0.162297 0.150428 -0.00650787 -1.69805e-05 0.180994 -0.101922 0.0491047 -0.00158961 0.00184627 0.107008 -0.00107367 0.0822928 -0.044681 -0.0128052 
-0.000304293 2.56782e-05 -2.45105e-06 0.000107723 0.000654658 -0.000629718 7.16488e-05 7.37811e-05 -0.000641908 -8.862e-06 -2.90279e-06 0.00016678 9.69495e-06 0.000893065 0.000803734 0.000885295 0.00078678 5.50396e-05 -0.000291758 -0.000283931 -2.24964e-05 6.39041e-05 -3.51063e-05 -0.000747769 -5.28926e-05 7.48207e-05 -5.03711e-06 -9.48602e-06 0.000258913 -2.91305e-05 9.63955e-05 -0.00065401 0.00161043 -0.00023634 5.0347e-05 0.000237763 -0.000773449 1.20764e-07 -0.000523162 -0.000253484 -4.61965e-05 7.95527e-05 -0.000114751 -2.51667e-05 2.90674e-05 -2.85518e-05 2.84025e-05 0.000104343 -7.88236e-08 7.76251e-05 6.3227e-06 -0.000535843 -6.5204e-06 -9.23182e-05 -0.000403978 1.76257e-06 0.00059355 -0.000114774 -0.000308208 8.36729e-06 0.000588566 2.42957e-05 7.83331e-05 -5.30114e-06 -0.000273125 -9.81665e-06 -5.08121e-05 0.00047707 0.000760641 2.50897e-05 0.000293772 0.000571134 7.09766e-05 -1.43237e-05 -0.000315576 -1.52724e-05 0.000429959 -0.000192915 2.43164e-05 0.000735431 0.000104103 -1.56904e-05 -1.18104e-06 -0.00032564 -7.80736e-05 2.5016e-05 -0.00075243 -0.000587332 3.28014e-06 5.84313e-07 -0.000658503 -0.000366936 -0.000102307 0.000283865 9.36561e-06 -0.00106624 1.59463e-05 -0.00043427 -5.88989e-05 0.00013191 
-0.0933137 -0.00188785 -0.000713436 -0.0108348 -0.00961307 0.114337 -0.00397456 -0.0148545 0.0954076 0.00667677 -0.0010453 0.0927156 -0.000623131 -0.00108878 -0.0173695 -0.0217989 -0.00327766 -0.00106421 0.0288013 -0.0870963 0.00871575 -0.000453032 0.0197947 0.0962686 0.0140776 -0.00702345 -0.0294815 -0.000639629 -0.00432438 0.00289813 0.00104258 0.105695 -0.00023634 0.236549 -0.00382384 -0.0612707 0.0975846 -0.000243473 0.0450889 -0.0658162 -0.0150689 -0.00711419 -0.104483 0.00930199 -0.00120566 0.0109331 -0.00210824 -0.00407606 -1.81214e-05 0.000432521 0.000626936 -0.0763031 0.00242564 -0.0225693 -0.0904825 -0.000128266 -0.0813729 -0.0385497 -0.116181 -6.37956e-05 -0.0117186 -0.00171382 -0.00849559 -0.000435157 0.0626537 -0.00327348 -8.30326e-05 0.00353358 -1.32124e-06 0.000403213 -0.0736801 0.0215229 -0.0077322 0.00564164 -0.0745392 -0.00233743 -0.0933617 0.0130544 -0.00228625 -0.00379786 -0.00570649 -0.000645241 -1.45981e-05 -0.0821456 0.00588229 0.000423451 0.0664147 0.143141 -0.00339934 -1.09499e-05 0.0976639 -0.00884879 -0.0513787 -0.000783902 0.000272161 0.0539162 -0.00056391 0.00500725 -0.0234501 -0.00690683 
