0.218983 0.00866728 -0.00456947 -0.0145555 4.59975e-06 -0.000898719 -0.0193421 -0.0237805 0.0209951 -0.0126248 -0.00804542 -0.00970668 -0.0367025 -0.0445054 -0.0216301 -0.000467608 -0.0231982 -0.000540503 0.00513646 0.0223227 -0.0013414 0.0262243 0.0606452 0.0469052 0.0276041 -0.0111738 0.0187964 -0.0195766 0.0324803 -0.00258894 -0.000485262 -0.0252031 -0.000544512 -0.0140612 -0.00574058 -0.00053738 -0.000341511 -0.00333572 -0.000529057 0.020993 -0.0137629 -0.0637862 -0.0377976 0.00759798 0.0121646 -0.0872043 0.0468406 0.0810698 -0.00452472 -0.0083397 -0.00575844 0.00347112 -0.000977229 -0.0264023 0.00314344 0.00791602 -0.00200887 0.0341257 0.0341946 -0.000529335 -0.00867833 0.0552394 -0.00992339 -0.0120894 -0.00968972 -0.0105507 -0.00778291 -0.0242088 -0.00936472 0.00799839 0.00948186 -0.0723049 -0.012832 -0.000453139 0.00710491 -0.0269294 -0.0113891 -0.00371647 -0.00902155 0.000152464 -0.00349298 0.0316983 0.00247063 -0.00152927 0.0492918 -0.00456871 -0.0314598 -0.000179306 -0.00113696 -0.00791308 0.00160497 0.0224726 -0.0127162 -0.0293848 -0.0133575 -0.00700889 -0.0129623 -0.00437767 -0.0117476 9.12341e-05 
0.00866728 0.0862707 -0.00234177 -0.00426387 0.0327648 -0.000293066 -0.00469401 -0.0106452 0.00534528 -0.00399166 0.00437406 -0.00249607 0.00017848 -0.00584558 -0.00629272 -6.72894e-05 -0.000901707 -0.000169276 -0.0386297 -0.0120282 -0.000190362 0.00189599 0.00483243 -0.0293988 0.00103738 0.000770129 -0.00536853 -0.00464676 -0.000441317 -0.000645256 -7.80286e-05 -0.005417 -6.27565e-05 0.0226388 0.00723872 -0.000293877 0.000781776 0.000290158 0.0201081 0.00695925 -0.00120028 -0.0209162 -0.0130989 -0.00400957 -0.000153535 -0.0188756 0.00552852 -0.000178143 -0.0015673 -0.0409392 -0.00116652 -0.00699662 0.00108046 -0.00340363 -0.00315886 0.00550843 -0.00100565 -0.0166611 0.0124106 0.00251048 -0.00443648 -0.0156221 0.0102204 -0.00353399 -0.00158765 0.006688 0.00924271 -0.00692897 0.00165189 -0.00633904 0.00703884 -0.0108697 -0.00213217 9.73146e-05 0.0126784 0.0138471 0.00750669 -0.00103694 -0.00266376 -0.000612979 -0.00122399 -0.00429891 -0.000794268 7.35046e-05 -0.00890934 -0.00111201 0.00191922 -0.00135717 9.29904e-05 0.000121313 -0.000220976 -0.00343158 0.0115888 -0.00692325 0.00730606 0.00892863 0.00078301 0.00159356 0.0241454 -0.000146556 
-0.00456947 -0.00234177 0.0239775 0.0103741 0.000940931 0.000332154 -0.000257359 -0.0115286 -0.0187263 0.0049616 0.00293107 0.00538782 0.00244422 0.00717616 0.0168058 0.000139377 0.0113492 -1.74173e-05 -0.00720938 -0.00344092 0.000279267 -0.018776 -0.0103195 -0.0147043 -0.0173742 0.000753726 0.00472003 -0.000312818 -0.00535295 -0.000254258 -2.57569e-05 0.000250398 -4.65979e-05 -0.00123672 -0.000435277 0.000254583 6.57857e-05 -7.75147e-05 -0.00181377 0.0124843 0.00712722 0.000164632 0.0131642 0.00343329 0.00366648 -0.00702127 0.00196481 -0.0156129 0.000594675 -0.010206 0.00702347 0.00346238 -0.000182971 0.00971143 0.00300591 -0.000522467 -3.90451e-05 -0.0118666 -0.00834893 0.00128032 0.00776041 -0.0134016 -0.00312167 0.0133025 -0.000181103 -0.000365934 -0.00105886 0.0157199 -0.00248466 0.00395229 -0.000985657 0.0111081 0.00522289 -1.11087e-05 -0.000980428 -0.00506543 0.000334387 0.00421909 0.00166077 -0.000228871 -0.000992291 -0.0124147 0.00110524 -6.79977e-05 -0.0139675 -0.000379817 -0.00225629 -0.000311679 0.000269894 0.000807829 -8.65079e-05 -0.000876063 -0.00123654 0.0133706 -0.000981822 -0.000604327 -0.00107498 -0.000327928 -0.00271763 -0.000258263 
-0.0145555 -0.00426387 0.0103741 0.0429446 -0.00305046 0.000245175 -0.00308332 -0.026277 -0.0386526 -0.00504167 0.00350972 0.0214842 0.015042 0.0281483 0.0405809 2.25346e-05 0.0241205 9.23295e-05 -0.0255602 -0.00408795 -0.00025592 -0.0407787 -0.0193657 -0.0315686 -0.0312682 -0.000356792 -0.00163778 -0.00346314 -0.0109882 0.000569041 0.000378334 0.0181021 -4.17422e-05 -0.00216289 -0.000703146 0.00107617 3.69766e-06 0.0016746 -0.0024678 0.00810419 0.0110546 -0.00956918 0.0185681 -0.00375011 -0.0020029 -0.0136013 -0.00541185 -0.0305207 -0.00109813 -0.0111216 0.00943711 -0.00375811 -0.000332731 0.0352832 -0.000246124 -0.000571808 0.000113331 -0.0222268 -0.017095 0.00129093 0.0254087 -0.0257557 -0.00663165 0.0269812 -0.000912544 0.00110354 0.000259079 0.0404841 -0.00464173 -0.00311677 -0.0021658 0.00958779 0.0285484 0.000100836 -0.00178198 0.00170529 0.00592472 0.00856264 -0.000190728 0.000230725 0.00782761 -0.0216152 -3.83387e-05 0.0002217 -0.0325555 -0.000758676 -0.00446229 0.0104141 7.97892e-05 0.00346179 -0.000152134 -0.00424683 -0.00224745 0.0351506 0.0037833 -0.000419371 -0.00203096 0.00604672 -0.0029434 -0.000497687 
4.59975e-06 0.0327648 0.000940931 -0.00305046 0.0641518 0.0014108 -0.00333082 -0.00267568 0.00187028 0.016957 0.00655435 -0.00165122 0.0141619 0.00810266 -0.00391297 0.000168302 0.0118108 0.000285593 -0.0364561 -0.0077414 0.000408801 -0.00708046 -0.00602485 -0.0401397 -0.0209012 0.00502604 0.0030823 -0.00425123 -0.0107403 -0.000395332 -8.0829e-06 0.000881526 -8.95607e-05 0.00837417 0.00921801 -9.577e-05 0.000793249 0.000870524 0.0149131 0.0200955 0.00545056 -0.0138049 -0.00954218 0.00358832 0.00890921 -0.0191642 0.00641451 -0.0107445 0.000660482 -0.0328514 0.000377701 0.000611407 0.000287099 -0.00474623 0.00275306 0.00416395 -0.000940613 -0.0152549 0.00861622 0.00101684 0.00875486 -0.0315622 -0.00609085 -0.00226506 0.000190522 0.0107522 -0.00173524 9.21886e-05 -0.00579886 0.00115572 0.00516128 -0.000335948 -0.00333999 3.88309e-05 0.00235801 0.00359254 -0.00113659 -0.000484955 -0.00170376 -0.000614385 -0.00111767 -0.0200672 0.00288403 0.000165729 -0.0211046 -0.00101209 0.0102117 -0.000346288 0.00229889 0.00173769 -0.000235971 0.00279657 0.00679653 -0.00214387 0.0138989 0.000927436 0.00593053 -0.00275385 0.0144921 -0.000489206 
-0.000898719 -0.000293066 0.000332154 0.000245175 0.0014108 0.00683851 -0.000239101 0.00067919 -0.00108733 0.00495889 -0.000101255 0.000319658 0.00263095 0.00327524 0.000669795 -7.24007e-06 6.69846e-05 -1.47304e-05 -0.00063189 -0.000843026 -3.13428e-05 -0.00278621 -0.00236888 -0.00477554 -0.00493681 0.000750218 0.00151478 -0.000334803 -0.00167089 -2.73165e-05 7.2666e-06 0.000870022 5.88058e-05 0.00109113 0.000858282 -2.58017e-05 3.30209e-06 0.00012197 0.000190359 0.00216 -0.000106939 0.00131553 -0.000848203 0.00142916 0.00291561 -0.000551986 0.00136202 -0.0034337 0.000199702 -0.00328583 -9.197e-05 0.00344023 -3.70722e-05 -0.000341815 0.000675379 -0.000221861 -7.58489e-05 -0.00333423 -0.00283844 -1.80001e-05 0.00155678 -0.0039561 0.00128171 0.000232869 -0.000244248 0.0009407 -0.000243759 0.00198561 -0.000580652 0.000120816 -9.72503e-05 0.000823597 -0.000125521 3.71883e-05 -0.000275336 -0.00135245 -0.000179356 0.000568478 5.7971e-05 -1.84347e-05 -0.000196757 -0.00449304 7.06537e-06 -3.82481e-05 -0.00420135 -9.63069e-05 1.9546e-05 -2.36059e-05 0.000722317 0.000422981 -1.96409e-05 0.000127849 -0.000123667 0.000306581 0.00176654 4.72832e-05 0.0019871 -0.000300521 -0.000496345 -8.16697e-05 
-0.0193421 -0.00469401 -0.000257359 -0.00308332 -0.00333082 -0.000239101 0.0646095 0.00211295 0.0067868 0.00462093 -9.53926e-05 -0.000161612 -0.00565767 -0.00814838 -0.00235482 8.33236e-05 -0.00562704 9.99175e-05 0.018512 -0.00576359 -0.000431745 0.00437972 -0.0236055 0.014023 0.0104847 -0.000253971 -0.0045624 0.00407521 0.00882054 -0.000656998 -0.000102632 9.03321e-05 -0.00017102 -0.00192438 -0.000487072 -0.000285339 -0.000105635 -0.000543743 -0.00530498 -0.00145357 -0.0030019 0.0342903 0.00904974 0.0109307 -0.00307539 0.0155275 -0.00505584 -0.0322071 0.00325 0.00476715 -0.00124075 -0.00296058 -0.000196168 -0.00704577 -0.000973142 -0.00193319 -0.00101871 -0.00325052 -0.0126129 -0.000236445 -0.0063106 0.00557965 -0.00902308 -0.00231007 0.000518912 -0.00170703 -0.00323431 -0.00544867 -0.0052334 1.53499e-05 -0.00357057 0.00508072 -0.00404178 -7.73279e-05 -0.00213523 -0.0136019 -0.00211446 -0.000750588 0.015521 -0.000671327 -0.00160084 0.00874034 -0.00107996 -0.000517265 0.0113101 -0.00047399 -0.00297891 -0.00168313 -0.000181543 -0.00203841 7.17875e-05 -0.00566654 -0.00139873 -0.00629443 -0.00203037 -0.00116627 -0.00117382 -0.00140715 0.000103798 -8.17515e-05 
-0.0237805 -0.0106452 -0.0115286 -0.026277 -0.00267568 0.00067919 0.00211295 0.239646 0.0575672 0.0128108 0.00176159 -0.0187334 -0.0130402 -0.0244636 -0.0384101 -0.00144111 -0.0240493 -0.00129763 0.0356056 -0.0167391 -0.00228514 0.0380598 -0.022391 0.0419852 0.0448919 0.00233835 -0.00511442 0.0021408 -0.0791925 -0.00542126 -0.000833423 -0.0113692 -0.00013995 0.00642672 0.0017564 -0.00230141 -0.000119586 -0.00978496 -0.0285038 -0.0229246 -0.0122345 0.00840108 -0.00634287 -0.000226567 -0.00993874 0.0341814 -0.0223881 0.01425 0.00108733 0.0577594 -0.00952451 -0.002481 0.00257207 -0.0141161 -0.0142282 0.0109524 0.00161864 -0.0117044 0.0599476 -0.00300636 -0.029491 -0.00346658 0.0176342 -0.0204684 0.00376659 -0.00443733 0.000346978 -0.0363957 0.0201912 -0.0331565 -0.0289185 0.0219836 -0.0318823 7.51268e-05 -0.00179471 0.0187539 -0.00974044 -0.00648111 -0.00877832 -0.0068046 -0.00996224 0.0338067 -0.00929057 -0.00393824 0.0471949 0.000907828 0.00191728 -0.013808 0.000852348 -0.0170992 -0.00123912 -0.0161269 0.00275066 -0.0377798 -0.00558971 0.00030107 0.0108737 -0.0200574 0.0103886 -0.00393636 
0.0209951 0.00534528 -0.0187263 -0.0386526 0.00187028 -0.00108733 0.0067868 0.0575672 0.119583 0.00169291 -0.00665951 -0.0254715 -0.0232355 -0.035484 -0.0566681 -0.000119049 -0.0301683 -0.000598086 0.0488803 0.0114362 -0.0042226 0.0653503 0.0492612 0.0591314 0.0552802 -0.00864942 -0.00565415 0.00316605 0.0178715 -0.00751269 -0.00116461 -0.0294768 8.64697e-06 0.000894095 -0.0019293 -0.00272537 -0.00100885 -0.00913631 -0.00455238 -0.0180244 -0.0159437 0.00987925 -0.0284066 -0.000134453 -0.00302924 0.0343581 0.0047461 0.0477477 0.000604468 0.0192118 -0.0140346 -0.00465707 0.000931487 -0.0504444 -0.00682893 -0.00322581 -0.00277978 0.0371182 0.0342018 -0.00186486 -0.0511229 0.044964 0.0138733 -0.0319208 0.00132343 -0.0113009 -0.00953363 -0.0593557 0.0130489 -0.00293586 0.00136204 -0.00838003 -0.0480746 -0.000294089 -0.00881691 -0.00838997 -0.0177622 -0.00930792 -0.00444267 -0.00800141 -0.0170758 0.042787 -0.00700796 -0.000337463 0.0619627 -0.00134318 0.00653815 -0.0155276 -0.000758046 -0.0162259 -0.000109584 -0.00690877 0.0028687 -0.0566727 -0.0135523 -0.00161638 0.00517619 -0.028259 -0.00104476 0.000532169 
-0.0126248 -0.00399166 0.0049616 -0.00504167 0.016957 0.00495889 0.00462093 0.0128108 0.00169291 0.11821 0.0113569 -0.00163979 0.0357936 0.0313975 -0.000756987 0.000594139 -0.00295734 -0.00026737 -0.00348509 -0.0150857 0.000187324 -0.00825384 -0.0371313 -0.0530881 -0.0643318 0.00646993 0.0232679 -0.0047114 -0.0228084 -0.000678954 -5.78027e-05 0.0327552 -0.000129386 0.00726209 0.00796816 -0.000210737 0.000259506 -0.00173416 0.00425055 0.0296301 0.0112154 0.0312272 -0.0149245 0.0374829 0.0290108 -0.0023989 0.0208983 -0.0386788 0.00706671 -0.0434972 -0.00116918 0.045395 -0.000607278 -0.0122773 0.0156626 -0.0038975 0.000674407 -0.0471056 -0.028697 -0.000585205 0.00503591 -0.0559025 -0.00585886 -0.000333274 -0.000568026 0.00853977 -0.00670133 0.00573 -0.010915 0.00623074 -0.000546992 0.0189642 -0.00616607 -0.000158608 -0.00201965 -0.0246902 -0.00473229 -0.000956398 0.00352541 5.21998e-06 -0.00377696 -0.0630997 0.0051345 -0.000306449 -0.0487548 -0.00111272 0.0231369 -0.000949852 0.00243632 -0.00198799 -0.000448358 -0.00128877 0.00101066 -0.00443461 0.0156223 -0.00274425 0.017161 -0.0018435 0.0167971 -0.000246707 
-0.00804542 0.00437406 0.00293107 0.00350972 0.00655435 -0.000101255 -9.53926e-05 0.00176159 -0.00665951 0.0113569 0.0257627 0.000777976 0.0114278 0.00912676 0.00655906 7.70076e-05 0.00600163 7.72762e-06 -0.0111787 -0.00288007 3.03168e-05 -0.0121002 -0.010712 -0.0158199 -0.0148846 0.00361092 -0.00167797 -0.00134797 -0.0061522 -9.9911e-05 -2.83517e-05 0.0100186 -5.23201e-05 0.00523064 0.00405242 -8.93377e-05 0.000936944 -0.000234552 0.000366389 0.00189889 0.00858165 -0.0018222 -0.00201625 -0.001097 0.000741401 -0.000883835 -0.00299697 -0.0172014 -0.000349312 -0.0104909 0.00466947 0.00194692 -5.09716e-05 0.003156 0.000153946 0.00142678 -0.000253951 -0.0120793 -0.00802194 -3.596e-05 0.00495042 -0.0127964 -0.00350979 0.0070839 -0.000306149 0.00702777 -0.000578259 0.00711223 -0.00194098 -0.0011566 -0.00116649 0.00517323 -0.000124942 0.000296322 -0.00089583 0.00275239 -0.000829548 -0.000214636 -0.000571756 -0.000311309 0.000406305 -0.0147582 -0.000306498 0.000244634 -0.0157198 -0.000268714 0.00352136 -0.000397761 0.00142515 -0.000651589 -9.04486e-05 -0.00105348 0.00378113 0.00725263 0.00785431 3.58403e-05 0.00546309 -0.000198736 0.00594865 -7.11623e-05 
-0.00970668 -0.00249607 0.00538782 0.0214842 -0.00165122 0.000319658 -0.000161612 -0.0187334 -0.0254715 -0.00163979 0.000777976 0.0304793 0.00900356 0.0159393 0.0273949 -8.19801e-05 0.00961974 -5.0352e-05 -0.0149906 -0.00189357 -0.000164445 -0.0266085 -0.013218 -0.0192396 -0.0203494 -0.00099128 0.000182316 -0.00242009 -0.00725037 -9.3005e-05 0.000135607 0.0135869 1.54362e-05 -0.0014678 -0.000546086 1.83737e-05 -4.48044e-05 -0.000263694 -0.00214357 0.0110393 0.00181555 -0.00258121 0.0126884 -0.00164612 -0.00152388 -0.00881785 -0.00260276 -0.0212783 0.00111347 -0.00963896 0.00276869 -0.00148953 -0.000225546 0.0202072 0.00130695 -0.000727979 -0.000165607 -0.0152373 -0.0125075 9.16461e-05 0.0138643 -0.0173895 -0.00468357 0.0171317 0.000728278 0.00037997 -0.00141809 0.0251364 -0.00316334 0.000492898 -0.00124051 0.00219163 0.0212573 -1.319e-05 -0.00124174 -0.000516129 0.000415085 0.00505113 0.00439572 -9.55613e-05 0.00589785 -0.00934235 -0.00017476 -4.14489e-05 -0.0195026 -0.000522355 -0.00301569 0.00980097 -4.07282e-05 0.0019011 -0.000109655 -0.00312763 -0.00144477 0.019482 0.00160092 -0.000277292 -0.00142159 0.007226 -0.00305263 -0.00037439 
-0.0367025 0.00017848 0.00244422 0.015042 0.0141619 0.00263095 -0.00565767 -0.0130402 -0.0232355 0.0357936 0.0114278 0.00900356 0.104833 0.0920563 0.0215118 0.000917396 0.0191465 7.76772e-05 -0.0340098 -0.00532452 -0.000634318 -0.0262477 -0.0233582 -0.081134 -0.084112 0.00492305 -0.00875336 -0.000123728 -0.0280057 0.00630167 0.000235249 0.0435344 0.000512627 0.00611933 0.00781665 -0.000409105 8.6413e-05 -0.00013804 0.0153954 -0.00488067 0.029721 0.0169603 -0.010757 -0.00561572 -0.00293633 -0.00822531 -0.011163 -0.0340751 -0.00134039 -0.0626077 0.00470465 0.00432775 7.70739e-06 0.00769192 0.00708116 -0.00280054 0.00292501 -0.0534362 0.00352907 0.000199383 0.0266554 -0.0670813 -0.0158664 0.0138945 0.00135329 0.0195332 -0.00532513 0.0297147 -0.00975631 -0.00634834 -9.7944e-05 0.0460932 0.0105529 0.000128551 -0.00275427 0.00455868 -0.00226947 0.00210049 -0.00381449 0.00359673 0.0176786 -0.0771023 -0.00127763 0.00395127 -0.0857511 -0.00196531 0.0614408 0.00799725 0.00199071 0.011831 -0.000292015 -0.00954723 -0.000927289 0.0253767 0.029108 -0.000478725 0.0218857 0.00503761 0.0245257 -0.000923793 
-0.0445054 -0.00584558 0.00717616 0.0281483 0.00810266 0.00327524 -0.00814838 -0.0244636 -0.035484 0.0313975 0.00912676 0.0159393 0.0920563 0.1293 0.035611 0.00136532 0.0277712 9.23906e-05 -0.0369012 -0.00221812 -0.000712859 -0.0378889 -0.0255777 -0.100892 -0.102802 0.00330826 -0.00900494 0.00393014 -0.0350228 0.00645143 0.000361946 0.0517604 0.00150288 0.00286983 0.00546688 -0.00033656 -0.000111264 0.00157524 0.0180566 -0.00184888 0.0356949 0.0156209 -0.00395394 -0.00631138 -0.00164179 -0.00566381 -0.00575136 -0.0407351 -0.00193264 -0.0719643 0.00935224 0.00746549 -0.000507338 0.0193766 0.00641274 -0.00348849 0.00487307 -0.0691827 -0.0011404 0.000465452 0.0334258 -0.0850678 -0.0196467 0.0230212 -0.000278441 0.0155289 -0.00509335 0.0429946 -0.0123988 -0.0080994 0.00119639 0.0606297 0.022506 0.000230279 -0.00181053 0.000399315 -6.19086e-06 0.00574148 -0.00455989 0.00363938 0.0191297 -0.0889322 -0.00130202 0.00385649 -0.10545 -0.00254775 0.0677857 0.0104413 0.00194388 0.0129167 -0.000440239 -0.0116945 -0.00203053 0.0405421 0.024105 -0.00097505 0.0271216 0.010383 0.024131 -0.00120681 
-0.0216301 -0.00629272 0.0168058 0.0405809 -0.00391297 0.000669795 -0.00235482 -0.0384101 -0.0566681 -0.000756987 0.00655906 0.0273949 0.0215118 0.035611 0.0629179 3.99187e-05 0.0303942 0.000233131 -0.0348509 -0.00698087 -0.000282557 -0.0567012 -0.029007 -0.0443213 -0.0433505 0.0026988 0.001164 -0.0047152 -0.0162905 0.00305841 0.00055376 0.0256121 -6.38735e-05 -0.00300366 -0.000945913 0.00183798 1.69321e-06 0.0022857 -0.00166525 0.0183952 0.0158905 -0.0079913 0.0251576 -0.00346547 -0.0025737 -0.0199021 -0.00722584 -0.0444292 0.00155438 -0.0180859 0.0128761 -0.00380884 -0.000500901 0.0426402 0.0028633 -0.00170404 -0.000155034 -0.0332719 -0.0246009 0.00157799 0.0354878 -0.0378582 -0.00993186 0.0338541 -0.000846766 0.00410177 0.00112005 0.0553739 -0.00696626 -0.0014636 -0.00331062 0.0153348 0.0371834 5.56222e-05 -0.00255609 0.00407868 0.00905418 0.00959689 0.00372371 0.000690147 0.00996375 -0.0340893 0.000178556 0.000330179 -0.0455112 -0.00113391 -0.00473353 0.0106117 0.000322574 0.00670214 -0.000223527 -0.00620752 -0.00319702 0.0481852 0.00645104 -0.000886587 -0.0030461 0.0130732 -0.00377189 -0.000705685 
-0.000467608 -6.72894e-05 0.000139377 2.25346e-05 0.000168302 -7.24007e-06 8.33236e-05 -0.00144111 -0.000119049 0.000594139 7.70076e-05 -8.19801e-05 0.000917396 0.00136532 3.99187e-05 0.00300449 0.000368239 0.000144143 -0.000168077 -0.000201954 7.68334e-06 -2.53503e-05 0.000228933 -0.0018732 -0.00159128 -2.96552e-05 0.000145928 0.000436648 -0.000652027 4.14215e-05 -2.9772e-06 0.000517701 -3.59664e-06 -3.52559e-05 -4.03878e-05 -3.77075e-06 2.19623e-05 1.74691e-05 0.00017166 0.000216307 0.000197045 0.00069473 -0.000270871 0.000438125 0.000332965 0.000696246 0.000476524 -0.000496259 -6.67223e-05 -0.00106958 0.000145646 0.000394792 -2.2889e-05 -0.000233072 0.000268296 -8.13561e-05 0.000613907 -0.00113553 -0.000528493 -1.61393e-05 -0.000112438 -0.00151842 -0.000265348 7.41542e-05 7.58629e-05 -5.71786e-05 9.58006e-06 -6.32126e-06 -0.000278773 -5.43199e-05 0.000319455 0.000859344 -0.0001537 8.68326e-07 -7.62806e-05 -0.000443635 0.000194125 -7.68916e-06 -8.15102e-05 -1.11942e-06 0.00016314 -0.0020224 -3.38065e-05 0.000120313 -0.00202719 -3.38292e-05 0.00124516 5.38249e-05 -7.18468e-06 -2.3806e-05 -8.49355e-06 0.000178243 0.000558168 0.000380772 -2.80936e-05 0.000225965 0.000309428 3.1405e-05 0.000195981 -9.71315e-06 
-0.0231982 -0.000901707 0.0113492 0.0241205 0.0118108 6.69846e-05 -0.00562704 -0.0240493 -0.0301683 -0.00295734 0.00600163 0.00961974 0.0191465 0.0277712 0.0303942 0.000368239 0.0817537 0.00152769 -0.0492686 -0.0065629 -0.000454024 -0.0308995 -0.00183695 -0.0509785 -0.0287265 0.00349526 -0.000533939 -6.10251e-05 -0.0215593 -0.000825391 0.000270404 0.00187179 0.000393484 -0.00356917 -0.00126539 0.00209693 -9.30024e-05 0.00034262 0.00681543 0.020215 0.023152 -0.0197315 0.0190739 -0.00687935 -0.00104669 -0.012024 -0.00849579 -0.0260508 -0.00189396 -0.0239257 0.0124894 -0.00722669 -0.000573702 0.0322735 -0.00103473 -0.000387601 -0.000549118 -0.0317723 -0.00105638 0.00168111 0.0261212 -0.0460784 -0.0022902 0.0195427 0.00465916 -0.0014059 -0.00119531 0.0320684 0.00351208 -0.00460469 0.00763577 0.0429643 0.0180503 0.000137651 -0.00042475 -0.0131494 0.00985223 0.00727098 -0.000670197 -0.00104077 -0.00128705 -0.0354307 -0.00115532 0.00551343 -0.036131 -0.00120304 0.0111155 0.00167049 0.000329451 0.00716186 -0.000279751 -0.0072289 0.00385712 0.0397132 -0.00212863 -4.22708e-05 -0.00360839 -0.00222505 -0.000417193 -0.00109591 
-0.000540503 -0.000169276 -1.74173e-05 9.23295e-05 0.000285593 -1.47304e-05 9.99175e-05 -0.00129763 -0.000598086 -0.00026737 7.72762e-06 -5.0352e-05 7.76772e-05 9.23906e-05 0.000233131 0.000144143 0.00152769 0.00229207 -0.001129 0.000631541 -1.1888e-05 -0.00052903 0.000269116 -0.000989144 4.04978e-06 4.85381e-05 -0.000150445 -0.000177378 -0.00024211 -2.27674e-05 6.53969e-05 -4.71025e-05 7.56308e-06 1.17293e-06 -3.85599e-05 0.000136565 1.40377e-05 0.000109411 -0.00017469 6.98617e-05 0.000249861 -0.000416393 -0.000215977 -0.000191194 -0.000106909 -9.73328e-05 -0.000271018 -0.000575433 -6.20624e-05 0.000369224 -3.24502e-06 -0.000192689 -1.72025e-05 0.000549078 0.000110959 -6.86693e-05 -3.72848e-05 -0.00010832 -0.000454806 1.13802e-05 0.000746309 -0.000537719 -0.000295587 8.04581e-05 -3.49225e-05 -6.66421e-05 0.000215879 0.000313303 -0.000226276 -6.88396e-05 0.00012048 -0.000144564 0.000613052 8.20026e-06 -1.07154e-05 0.000198596 0.000872687 -3.33147e-06 -4.89622e-05 -2.79586e-05 -8.18563e-05 -0.00115333 -5.14054e-06 8.9624e-05 -0.00110381 2.67299e-05 0.000605852 -1.90438e-05 -4.30998e-07 -6.04446e-05 -7.88748e-06 -9.27542e-05 0.00108678 0.000353584 -1.56273e-05 0.00041579 -8.05222e-05 -3.67729e-05 0.000177669 -1.62679e-05 
0.00513646 -0.0386297 -0.00720938 -0.0255602 -0.0364561 -0.00063189 0.018512 0.0356056 0.0488803 -0.00348509 -0.0111787 -0.0149906 -0.0340098 -0.0369012 -0.0348509 -0.000168077 -0.0492686 -0.001129 0.24069 0.0078531 -0.00346017 0.0447535 -0.0141771 0.0915273 0.056587 -0.0118838 -0.0177249 0.00751311 0.0361438 -0.00565932 -0.000832729 -0.0217535 -0.00061501 -0.0224735 -0.0107222 -0.00237605 -0.00091773 -0.00811477 -0.0290729 -0.0290709 -0.020683 0.0542931 0.00211624 0.00465372 -0.0058886 0.032752 -0.00245064 0.0340478 0.00399754 0.0491161 -0.010592 0.00905469 -0.00272382 -0.035771 -0.00661394 -0.0148163 0.00158488 0.0977393 0.0146395 -0.00289042 -0.0411991 0.114393 -0.0341371 -0.0202531 -0.0108972 -0.0187472 -0.0127586 -0.0419838 -0.0530927 0.00490088 -0.0229928 -0.0562261 -0.0318894 -0.000745721 -0.0220401 0.00996983 -0.0205558 -0.00629076 0.0072374 -0.00643881 -0.0237854 0.0685306 -0.0078016 -0.00437044 0.071368 0.0058828 -0.0125696 -0.0127839 -0.00204729 -0.0169073 0.00042169 -0.0106969 -0.00865626 -0.0370777 -0.0235102 -0.00828926 0.00508427 -0.0251606 -0.0170681 0.00174048 
0.0223227 -0.0120282 -0.00344092 -0.00408795 -0.0077414 -0.000843026 -0.00576359 -0.0167391 0.0114362 -0.0150857 -0.00288007 -0.00189357 -0.00532452 -0.00221812 -0.00698087 -0.000201954 -0.0065629 0.000631541 0.0078531 0.123841 -0.00102053 0.00985238 0.0666409 0.0173176 0.0140822 -0.00524783 -0.00944606 -0.00692456 0.0300366 -0.00127352 -0.000199459 -0.00878696 0.00150225 -0.00561311 -0.00237989 -0.000583615 -0.000261342 -0.00288572 -0.00944767 -0.0106481 -0.00201604 -0.0133995 -0.00445019 -0.0116171 -0.0070193 -0.0246951 0.00386634 0.0185542 -0.00353397 -0.0106633 -0.00248074 -0.00981958 -0.00101426 -0.0110922 -0.00422575 -0.00219361 -0.000353811 0.0334999 0.0080463 -0.000845584 -0.0124808 0.0219931 -0.0103011 -0.00415885 -0.00373669 -0.00466447 -0.00520122 -0.00828435 -0.00773227 -0.00238458 0.00131179 -0.00756905 -0.00550213 -0.000222887 -0.00422101 -0.0268908 -0.0044963 0.000572938 -0.00407956 -0.00157555 -0.00475903 0.0175136 -0.00218976 -0.000869116 0.0135566 -0.00198173 0.00544791 -0.000330352 -0.000440553 -0.0036693 -0.000353744 0.00105301 -0.00293554 -0.0115054 -0.00572817 -0.00106328 0.0030302 -0.00442078 -0.0128173 -0.00146662 
-0.0013414 -0.000190362 0.000279267 -0.00025592 0.000408801 -3.13428e-05 -0.000431745 -0.00228514 -0.0042226 0.000187324 3.03168e-05 -0.000164445 -0.000634318 -0.000712859 -0.000282557 7.68334e-06 -0.000454024 -1.1888e-05 -0.00346017 -0.00102053 0.00706351 -0.00252666 -0.00281261 -0.00453927 -0.0049915 0.00169146 0.00353684 0.00245042 -0.00141825 0.000421323 0.000521343 0.000131531 -1.41671e-05 -0.000299205 0.00311521 2.45634e-05 0.000102233 0.00371315 0.00348499 0.000227371 -0.000292605 -0.000947212 0.000959358 0.00381468 0.00518542 -0.00208494 -0.000147161 -0.00355779 0.000680059 -0.00301225 0.00128196 0.000980144 -4.6843e-05 -0.000339853 0.000609067 -0.000191007 0.00021165 -0.0033955 -0.00274598 -3.55016e-05 3.95272e-05 -0.00365456 0.000759789 -5.92423e-05 -8.12229e-05 0.00157547 -0.000249728 8.02461e-05 0.000624382 -0.000396207 0.00146506 0.00136704 0.000320834 0.000194502 0.000159441 -0.000874866 -0.000193725 -7.70932e-05 -0.000193478 0.00189231 8.70839e-05 -0.00449189 0.00307999 2.16154e-06 -0.00458734 -0.000117156 -0.000523657 0.000700313 -2.02113e-05 0.00380107 5.4758e-06 0.00270953 -0.000354489 0.00327875 0.00202027 -0.000156239 -0.000247874 0.000841422 -0.000896801 -5.10012e-05 
0.0262243 0.00189599 -0.018776 -0.0407787 -0.00708046 -0.00278621 0.00437972 0.0380598 0.0653503 -0.00825384 -0.0121002 -0.0266085 -0.0262477 -0.0378889 -0.0567012 -2.53503e-05 -0.0308995 -0.00052903 0.0447535 0.00985238 -0.00252666 0.0795231 0.0369053 0.0589581 0.0561267 -0.0128307 -0.00360097 0.0054176 0.0206935 -0.00428008 -0.00120528 -0.0270964 3.64845e-05 -0.00100137 -0.00481443 -0.00200145 -0.00116335 -0.0064245 -0.00390848 -0.0191213 -0.0143987 0.0117107 -0.0254018 0.00198295 -0.00508905 0.0235004 0.00709695 0.0572753 5.73812e-05 0.0254906 -0.0147657 0.00204057 0.000409479 -0.0430354 -0.00558587 0.000682645 0.000339787 0.0421352 0.0323489 -0.00172076 -0.0434314 0.0492727 0.0116934 -0.033605 0.00149261 -0.0164494 -0.00194678 -0.0630809 0.00875286 -0.000204026 0.00233533 -0.0151377 -0.0402291 -0.000357376 0.00312517 -0.00688752 -0.0112439 -0.0097763 -0.00198902 -0.00284073 -0.00899328 0.0455838 -0.0047073 -0.000357539 0.0595556 0.00109884 0.00614605 -0.0127637 -0.00302543 -0.0118007 0.00027164 -0.000220612 0.00207433 -0.0550962 -0.0198433 0.000360806 -0.00332997 -0.013845 0.00408331 0.000716027 
0.0606452 0.00483243 -0.0103195 -0.0193657 -0.00602485 -0.00236888 -0.0236055 -0.022391 0.0492612 -0.0371313 -0.010712 -0.013218 -0.0233582 -0.0255777 -0.029007 0.000228933 -0.00183695 0.000269116 -0.0141771 0.0666409 -0.00281261 0.0369053 0.245563 0.0447317 0.0460719 -0.0146443 -0.00459975 -0.00118959 0.0393859 -0.00438025 -0.000620633 -0.0374547 0.00102541 -0.0160105 -0.00758978 -0.00133206 -0.000769561 -0.00534036 0.0147117 -0.0180001 -0.0120705 -0.0218244 -0.0139776 -0.0273197 -0.0131445 -0.0212518 0.0205741 0.0501583 -0.00681498 -0.0238415 -0.00702863 -0.0255801 -0.00102081 -0.0375812 -0.00289943 -0.00543902 -0.00166851 0.0350166 0.0632733 -0.000275039 -0.0344199 0.020982 0.0225099 -0.0160059 0.0079379 -0.0110231 -0.0196331 -0.0331893 0.0394632 0.00462985 0.0196279 0.0268201 -0.0247163 -0.000466365 -0.00910821 -0.0855945 -0.0147027 -0.00467777 -0.0133965 -0.00426277 -0.00661156 0.0360655 -0.00470706 0.00219359 0.0550539 -0.00631231 0.00215357 -0.00591503 -0.00149381 -0.00477049 -0.0001189 -0.00232667 -0.0123232 -0.0248191 -0.0173447 -0.00723398 0.00254991 -0.0204024 -0.0544398 -0.00369168 
0.0469052 -0.0293988 -0.0147043 -0.0315686 -0.0401397 -0.00477554 0.014023 0.0419852 0.0591314 -0.0530881 -0.0158199 -0.0192396 -0.081134 -0.100892 -0.0443213 -0.0018732 -0.0509785 -0.000989144 0.0915273 0.0173176 -0.00453927 0.0589581 0.0447317 0.206824 0.13178 -0.0123586 -0.0247897 -0.00166821 0.0623555 -0.00658121 -0.00106484 -0.052217 -0.00164095 -0.0234932 -0.0119408 -0.00204245 -0.00114048 -0.0082592 -0.0399222 -0.0457785 -0.0317493 0.00370294 -0.00893841 -0.0175393 -0.0289496 0.022366 -0.0158481 0.0777161 -0.00221793 0.103946 -0.0126446 -0.0321398 0.000930564 -0.0352657 -0.0139175 0.000700837 -0.00489829 0.125456 0.0215212 -0.00299242 -0.040487 0.150567 0.00896388 -0.0255944 -0.000904618 -0.0235346 -0.0179665 -0.0536027 0.017075 0.00769604 -0.0167115 -0.0573195 -0.0387042 -0.000492083 -0.0135525 -0.00740493 -0.0245288 -0.00830055 0.00526515 -0.0075623 -0.0173896 0.133542 -0.00981235 -0.00525877 0.16062 0.00421003 -0.0647786 -0.0107918 -0.00248548 -0.0209608 0.000373196 0.0046331 -0.0245385 -0.0568538 -0.0299787 -0.0135949 -0.0240908 -0.0300312 -0.0463417 0.00220912 
0.0276041 0.00103738 -0.0173742 -0.0312682 -0.0209012 -0.00493681 0.0104847 0.0448919 0.0552802 -0.0643318 -0.0148846 -0.0203494 -0.084112 -0.102802 -0.0433505 -0.00159128 -0.0287265 4.04978e-06 0.056587 0.0140822 -0.0049915 0.0561267 0.0460719 0.13178 0.164363 -0.0101269 -0.0288578 -0.0014297 0.0488741 -0.00756677 -0.000943587 -0.055553 -0.00125098 -0.00388712 -0.0121605 -0.0011148 -0.00103791 -0.00996825 -0.0272915 -0.0367047 -0.0331538 -0.00512674 0.000496269 -0.0297435 -0.0373416 0.028447 -0.0243619 0.0511727 -0.00306278 0.0948522 -0.0136663 -0.0394884 0.000494141 -0.0208235 -0.0166892 0.005089 -0.00487003 0.0958363 0.0337137 -0.00106305 -0.0383018 0.11582 0.0103885 -0.0282679 0.0014291 -0.0244839 0.0064682 -0.0508869 0.0145889 0.00262536 -0.0126857 -0.0516625 -0.0290644 -0.00049883 0.000931521 0.00630086 -0.00049925 -0.00746607 0.00261414 -0.00899009 -0.0201265 0.127939 -0.0121529 -0.00584015 0.134228 0.00329488 -0.0530855 -0.0131651 -0.00268976 -0.0222363 -0.000170726 0.00054082 0.00275448 -0.0526286 -0.0327783 0.00337383 -0.0266052 -0.0180117 -0.0223012 0.000915828 
-0.0111738 0.000770129 0.000753726 -0.000356792 0.00502604 0.000750218 -0.000253971 0.00233835 -0.00864942 0.00646993 0.00361092 -0.00099128 0.00492305 0.00330826 0.0026988 -2.96552e-05 0.00349526 4.85381e-05 -0.0118838 -0.00524783 0.00169146 -0.0128307 -0.0146443 -0.0123586 -0.0101269 0.0356508 -0.00151103 -0.00161563 -0.00804778 0.000844501 0.000435539 0.00242381 -6.946e-05 0.000459797 0.00472304 0.000783914 0.000127848 0.00286061 0.00613108 0.000265908 0.00110041 -0.00232353 0.00564964 0.00118944 0.00256635 -0.00281902 -0.00240772 -0.0114656 -0.000619803 -0.0026319 0.00172921 -0.000566585 0.000133162 0.00460619 -0.000802976 -0.000574436 -0.000572395 -0.012239 -0.00956873 4.08194e-05 0.00750675 -0.013824 -0.00444917 0.00079242 -0.000448278 0.01101 0.00282571 0.00721494 -0.00226433 -0.001496 0.000410043 0.00687837 0.00422036 -3.23169e-05 0.000641179 0.00306387 0.00578832 0.000272267 -0.000865901 0.000542496 3.75231e-05 -0.0123384 0.00206793 0.000137568 -0.0123268 -0.000574895 0.00343227 -0.000134407 0.00230469 0.00378554 -0.000113564 0.00466637 -0.0013986 0.00903624 0.0113096 -0.000191407 0.00221879 0.00232787 -0.00299206 -0.000265098 
0.0187964 -0.00536853 0.00472003 -0.00163778 0.0030823 0.00151478 -0.0045624 -0.00511442 -0.00565415 0.0232679 -0.00167797 0.000182316 -0.00875336 -0.00900494 0.001164 0.000145928 -0.000533939 -0.000150445 -0.0177249 -0.00944606 0.00353684 -0.00360097 -0.00459975 -0.0247897 -0.0288578 -0.00151103 0.0709008 -0.00102178 -0.0181152 -0.000227734 0.000190014 -0.00167598 -0.000150587 -0.00360379 0.000956127 0.000693835 0.000226969 0.00347443 0.00195934 0.0349932 -0.00288448 -0.0125025 -0.000906339 0.0315233 0.0322408 -0.00822272 0.0259985 0.00373014 0.00461381 -0.00827598 0.000746441 0.0271425 -0.000465406 -0.00332397 0.00562498 -0.00119965 -0.000728634 -0.0294745 -0.0253387 -0.000383688 0.000488937 -0.0379972 0.0179877 4.14072e-05 -0.00234883 -0.00168411 -0.000192438 0.00299003 0.00899559 0.000374388 0.00243724 0.003921 0.00327008 0.000208612 0.0022073 -0.0106442 -0.000706607 -0.000138902 -0.000463665 0.00313932 0.0050973 -0.0390976 0.00777658 -0.000215806 -0.0170744 -0.00117135 -0.00762836 0.000501907 -0.000227676 0.00296975 0.00014652 0.00696229 -0.00107061 0.00127175 -0.00223962 -0.00174575 -0.00216158 0.00713409 -0.000897343 -0.000151492 
-0.0195766 -0.00464676 -0.000312818 -0.00346314 -0.00425123 -0.000334803 0.00407521 0.0021408 0.00316605 -0.0047114 -0.00134797 -0.00242009 -0.000123728 0.00393014 -0.0047152 0.000436648 -6.10251e-05 -0.000177378 0.00751311 -0.00692456 0.00245042 0.0054176 -0.00118959 -0.00166821 -0.0014297 -0.00161563 -0.00102178 0.0718208 -0.000228105 -0.000792301 -9.25907e-05 -0.00722172 0.000584913 -0.00321803 0.000889334 -0.000183421 -0.000131224 0.000996984 0.00261333 -0.00596515 -0.00270827 0.00390981 0.00540086 0.00481528 0.00165111 0.0198591 -0.00297242 -0.00851946 0.00132349 -0.0145357 -0.000939044 -0.00296742 -0.000548625 -0.00763453 -0.00145361 -0.00227367 -0.000300813 -0.0136926 0.00383961 -4.05964e-05 -0.00709675 -0.00288494 0.00924364 -0.00269377 0.00322782 -0.0015952 -0.00229448 -0.00521896 0.0104486 -0.00566004 0.00337782 0.0298328 -0.00431836 0.000139842 -0.00293468 -0.0126894 -0.0025825 -0.00090361 0.00208096 -0.000189839 -0.00180846 -0.00171955 4.56723e-05 -3.1313e-05 0.00033915 -0.00125024 0.00676522 -0.00191621 -0.000252945 0.000241617 -1.01665e-05 -0.00353271 -0.00390146 0.0013029 -0.00296117 -0.00131032 0.00524306 -0.00317688 -0.00931986 -0.000458917 
0.0324803 -0.000441317 -0.00535295 -0.0109882 -0.0107403 -0.00167089 0.00882054 -0.0791925 0.0178715 -0.0228084 -0.0061522 -0.00725037 -0.0280057 -0.0350228 -0.0162905 -0.000652027 -0.0215593 -0.00024211 0.0361438 0.0300366 -0.00141825 0.0206935 0.0393859 0.0623555 0.0488741 -0.00804778 -0.0181152 -0.000228105 0.185195 -0.00250196 -0.000368574 -0.0240481 -0.000630481 -0.00957196 -0.00313733 -0.000928493 -0.000370255 -0.00298875 -0.000160127 -0.0211674 -0.0111004 0.018594 0.00524125 -0.0159081 -0.0116948 -0.0292138 -0.0167279 0.00961246 -0.00417197 0.00938131 -0.00438516 -0.0182912 -0.0016169 -0.0243688 -0.00454219 -0.00447833 -0.00385026 0.0777129 -0.0222928 0.00068379 -0.0149495 0.100059 -0.0115794 -0.00914167 -0.00375238 -0.00752579 -0.0113019 -0.0192157 -0.0124031 0.0156381 0.00372858 -0.0482899 -0.0133782 -0.00026895 -0.00834828 -0.0314082 -0.00902878 -0.00290935 0.00503584 -0.00268973 -0.00980986 0.0605106 -0.00389068 -0.00185681 0.0580807 -0.00171307 -0.0196476 -0.00201493 -0.000856707 -0.00726893 4.13148e-05 0.0220375 -0.0121012 -0.0225653 -0.00952845 -0.00480304 -0.0105103 -0.0118801 -0.0308424 -3.91091e-05 
-0.00258894 -0.000645256 -0.000254258 0.000569041 -0.000395332 -2.73165e-05 -0.000656998 -0.00542126 -0.00751269 -0.000678954 -9.9911e-05 -9.3005e-05 0.00630167 0.00645143 0.00305841 4.14215e-05 -0.000825391 -2.27674e-05 -0.00565932 -0.00127352 0.000421323 -0.00428008 -0.00438025 -0.00658121 -0.00756677 0.000844501 -0.000227734 -0.000792301 -0.00250196 0.0102859 0.000221618 0.00715376 -2.22285e-05 -7.71676e-05 -8.71766e-05 -1.00334e-05 9.22463e-05 0.00077027 0.00626301 -0.00100552 -0.000199005 -0.000805318 -0.00149365 4.03376e-05 6.34327e-05 -0.00283129 -0.00123561 -0.0032461 0.000518676 -0.00441149 -0.000115515 -0.000568862 -4.26593e-05 -0.000896189 0.000305166 -0.000290149 4.5484e-05 -0.00461092 -0.00405888 -4.28522e-05 0.00124582 -0.00547268 -0.00136144 -0.000157388 -0.000373391 0.00725149 3.3471e-05 0.00320999 -0.00106691 -0.000736033 5.25889e-05 -0.00250848 0.00283782 0.000121023 0.000225306 0.00415583 9.94143e-05 -1.49294e-05 -0.00031673 0.00539023 0.00580878 -0.00709129 0.000679431 -4.25391e-05 -0.0073385 -0.000168522 0.00288009 0.00232295 4.76406e-05 0.00648944 -2.79105e-06 -6.38289e-05 -0.000115447 0.00475214 0.00674279 0.000215957 -0.000321428 0.00782346 -0.000507093 0.000361909 
-0.000485262 -7.80286e-05 -2.57569e-05 0.000378334 -8.0829e-06 7.2666e-06 -0.000102632 -0.000833423 -0.00116461 -5.78027e-05 -2.83517e-05 0.000135607 0.000235249 0.000361946 0.00055376 -2.9772e-06 0.000270404 6.53969e-05 -0.000832729 -0.000199459 0.000521343 -0.00120528 -0.000620633 -0.00106484 -0.000943587 0.000435539 0.000190014 -9.25907e-05 -0.000368574 0.000221618 0.00151288 0.000372964 -2.37659e-06 1.30176e-06 0.000350812 5.84743e-05 3.08437e-05 0.000693985 0.000587243 3.04595e-05 8.28791e-05 -9.039e-05 -8.9887e-05 -0.000105975 0.000307024 -0.000382577 -0.0001681 -0.000990607 -2.00126e-05 -0.000516913 0.000427401 -3.84238e-05 -1.0014e-05 0.000634821 0.000213233 -4.75953e-05 -1.514e-05 -0.000748421 -0.000613952 -6.17636e-06 0.000505994 -0.000862415 -0.000210672 0.000159002 -4.48237e-05 0.000434003 0.000206196 0.000411248 -0.000150961 -7.08529e-05 -3.51071e-05 -0.000137254 0.000498715 3.9041e-06 -4.76902e-05 0.000560792 0.000388523 1.98111e-05 -4.69328e-05 0.000165505 -2.36874e-05 -0.00107893 0.000619695 -1.05964e-05 -0.00114539 -2.51177e-05 -1.94603e-05 0.000118533 -4.49979e-06 0.000687598 -5.13752e-06 0.00041267 2.10023e-05 0.000974984 0.000869625 0.000269333 -5.45029e-05 3.24937e-05 -9.42596e-05 -1.09644e-05 
-0.0252031 -0.005417 0.000250398 0.0181021 0.000881526 0.000870022 9.03321e-05 -0.0113692 -0.0294768 0.0327552 0.0100186 0.0135869 0.0435344 0.0517604 0.0256121 0.000517701 0.00187179 -4.71025e-05 -0.0217535 -0.00878696 0.000131531 -0.0270964 -0.0374547 -0.052217 -0.055553 0.00242381 -0.00167598 -0.00722172 -0.0240481 0.00715376 0.000372964 0.0923827 -7.67706e-05 0.00465902 0.00573355 -0.000315785 -5.79042e-05 0.00250183 0.00522857 -0.000514689 0.0139531 0.0124985 -0.00367787 0.00539103 -0.00280515 0.00165239 -0.00474609 -0.0504896 0.00114495 -0.0230108 0.00149048 0.0194074 -0.00050736 0.0146962 0.00859235 -0.00309293 0.00268002 -0.047551 -0.0350198 -0.0003945 0.0200788 -0.050434 -0.0149056 0.0137305 -0.000719997 0.010972 0.000687993 0.0312442 -0.0104206 -0.00205878 -0.00155399 0.00529666 0.0212361 -7.34089e-05 -0.000631796 0.00873699 0.00320556 0.0022109 -0.0016412 0.00578619 0.013609 -0.0434996 0.00216857 0.00112864 -0.0594218 -0.00153285 0.0203023 0.0135989 0.00116385 0.00661396 6.57767e-05 -0.00918737 0.0039731 0.019033 0.0214184 -0.00140593 0.00891758 0.0222275 0.0181768 -0.000461278 
-0.000544512 -6.27565e-05 -4.65979e-05 -4.17422e-05 -8.95607e-05 5.88058e-05 -0.00017102 -0.00013995 8.64697e-06 -0.000129386 -5.23201e-05 1.54362e-05 0.000512627 0.00150288 -6.38735e-05 -3.59664e-06 0.000393484 7.56308e-06 -0.00061501 0.00150225 -1.41671e-05 3.64845e-05 0.00102541 -0.00164095 -0.00125098 -6.946e-05 -0.000150587 0.000584913 -0.000630481 -2.22285e-05 -2.37659e-06 -7.67706e-05 0.00269785 -0.000123241 -4.3856e-05 -1.00256e-05 -4.24558e-06 -2.12799e-05 9.55061e-05 -0.000142359 0.000729929 -0.000427787 1.07273e-05 -0.000155235 -9.86118e-05 6.66649e-05 0.000942933 6.18054e-05 -6.71777e-05 -0.00139957 -4.44399e-05 -2.55853e-05 -1.86409e-05 -0.000254078 -2.89614e-05 -4.24947e-05 0.000393995 -0.00120242 0.000911804 1.61953e-05 4.81473e-05 -0.00148618 2.85126e-06 -2.43726e-05 0.000147736 -8.8956e-05 -0.000101593 -2.03701e-05 0.000354266 -0.000179032 1.63903e-05 0.00160187 -1.51757e-05 -3.2506e-06 -3.64256e-05 -0.000669656 -9.2147e-05 7.56036e-05 -8.67196e-05 -2.22773e-05 -2.66705e-05 -0.000934011 -3.47328e-05 -1.59096e-05 -0.00134124 -4.25461e-05 0.00143625 5.11664e-05 -4.61321e-07 -4.18795e-05 -1.6044e-07 -0.000264192 6.63699e-05 -0.00012601 -0.00010578 -1.14061e-05 0.00022557 -3.31547e-05 0.00015878 -2.82514e-05 
-0.0140612 0.0226388 -0.00123672 -0.00216289 0.00837417 0.00109113 -0.00192438 0.00642672 0.000894095 0.00726209 0.00523064 -0.0014678 0.00611933 0.00286983 -0.00300366 -3.52559e-05 -0.00356917 1.17293e-06 -0.0224735 -0.00561311 -0.000299205 -0.00100137 -0.0160105 -0.0234932 -0.00388712 0.000459797 -0.00360379 -0.00321803 -0.00957196 -7.71676e-05 1.30176e-06 0.00465902 -0.000123241 0.048749 0.00614752 -7.76632e-05 0.000454505 -8.785e-05 -0.00072 -0.00358712 0.00110808 -0.00881412 -0.00670212 -0.0033768 -0.000276457 -0.00549597 -0.00599367 -0.0117099 -0.000865074 -0.00608554 -0.000738089 -0.00153096 0.00011273 0.00382353 -0.00105208 -0.000307693 -0.000142075 -0.0215145 -0.0113427 -0.000152206 -0.00267869 -0.0151211 0.00976477 -0.00183018 -0.00162401 0.00466729 0.0185353 -0.00284928 -0.00279277 -0.00388715 -0.00185873 -0.00564539 0.000199732 1.18295e-05 0.0108009 0.0257184 0.0145143 -0.000327723 -0.00155841 -0.00050218 -0.000953617 -0.0115253 -0.000463135 -0.000294076 -0.0221397 -0.000497858 0.00355539 -0.000862348 0.000688286 -0.00119027 -0.000155197 -0.00311226 0.0169207 -0.00446363 0.00939112 0.0157396 0.0059654 0.00476042 0.0263371 -0.000255159 
