0.154481 0.0027925 0.0293687 -0.000571241 0.042745 -0.0400823 -0.0150731 0.00120613 -0.0131374 0.000775543 -0.0387407 -0.000422824 -0.0426953 -0.000527055 -0.0370824 0.000246626 0.00136432 -0.0324678 -0.0283021 0.0210771 0.00336013 0.0353642 -0.00727992 -0.0104218 0.0368399 -0.00590075 0.010885 0.00374846 0.000217414 -0.094997 0.017975 0.00149662 0.00165873 -0.0602593 0.00128772 -0.011397 0.0217094 0.0111364 1.64448e-05 0.00479873 0.0199565 0.00863548 0.00543466 0.000750759 0.00349546 0.00018118 5.23698e-05 0.000432392 0.000611787 0.00647549 -0.00264175 -4.24302e-05 -0.0211883 -0.00500779 -0.00369553 0.0018337 -0.000538308 0.0123437 -0.0111028 0.0345253 0.00979665 -0.0513442 0.00951901 -0.0396411 -0.035132 -0.00239963 -0.00384929 -0.00233765 0.0140644 0.0050431 0.0323991 0.000841908 -4.61126e-05 0.00174138 0.0117504 -0.00158866 -0.00851641 -0.00116917 -0.00219408 -0.0280883 0.0111484 0.0272057 -0.000344002 0.0177757 -0.019898 -0.0154597 0.00225662 -0.0056706 -0.000503394 -0.00200757 -0.00202931 -0.000132563 -0.00280351 -0.000747795 -0.0190321 0.0285524 2.46506e-05 0.0573601 -9.84066e-05 -0.000151173 
0.0027925 0.0312444 9.47319e-05 0.00318682 0.00300807 -0.00584444 -0.00340471 -0.000279087 -0.00440848 0.000825382 -0.0104176 -2.94058e-05 -0.0108699 0.00103214 -0.0026251 -2.19525e-05 -0.000125538 0.0155117 -0.0148258 -0.00142848 -0.000518527 0.00803017 -0.00533324 -0.00193433 0.00406324 -0.00193216 -0.000674417 -8.92887e-05 -5.01736e-05 -0.0074072 -0.00662697 0.00390362 -0.00603904 -0.00843329 0.00219704 3.81183e-05 0.00218734 -0.000620483 -6.78169e-07 0.00049277 0.00464142 -0.00120187 -3.08632e-05 -4.34954e-05 -0.000825994 -9.30821e-05 0.00013378 -7.06669e-05 -3.27417e-05 0.000329871 -0.000744927 1.58116e-05 -0.00454081 -0.000767477 -0.0022074 -0.0068131 -0.000102159 0.0106004 0.00127889 0.010051 0.0100217 0.000661688 0.00148419 0.00182685 -0.00828409 0.00162584 0.000310857 -3.38639e-05 -0.00182926 0.0104484 0.00743293 -3.57084e-05 -9.296e-06 -0.00061333 -0.000855553 0.000362122 -0.00246958 0.000470805 -0.000423628 -0.00846312 0.00569927 -0.00176496 -2.35726e-05 -0.00350819 -0.0112329 -0.00941034 2.02691e-05 -0.000273925 2.31637e-05 -7.33736e-05 0.00621242 0.000247922 0.00174471 -0.000140465 -0.00159263 0.00643458 1.17223e-05 0.00194448 -4.19554e-05 -0.000148434 
0.0293687 9.47319e-05 0.0526487 -0.000903644 0.0207746 -0.0140141 -0.00571863 -0.000520037 -0.00419631 0.000409266 0.00800985 0.000527699 -0.0225725 -0.000301901 -0.021584 0.000384064 0.00220686 -0.00265916 0.00932484 -0.00390682 -0.00104987 -0.00299817 -0.00652723 -0.00317935 0.016506 -0.000585537 -0.00144362 -0.000379841 7.08044e-05 -0.0329774 0.0263565 -0.0038548 0.0206081 -0.0261466 -0.000713206 -0.0033866 -0.00509438 1.90605e-05 -8.46523e-06 -5.90167e-05 -0.00105655 0.000435884 -0.000915909 0.000103458 0.00136868 -0.000124193 -1.25068e-05 -7.82876e-05 0.00040962 -0.00216858 -0.0012873 6.28701e-06 -0.0125186 -0.00135941 -0.00583806 0.00294948 -0.000179091 -0.0045349 0.00618884 -0.00902394 -4.05493e-05 -0.0174246 -0.00140918 -0.0190106 -0.0129289 -0.000738013 -0.00114545 -0.00186802 0.00533106 -0.00166317 -0.0031948 0.00129769 4.41636e-06 0.00143711 0.0129113 -0.000641936 0.00324791 -0.000328765 -0.000397641 -0.0138813 -0.00210104 0.00985435 0.000242472 0.0210179 -0.00270964 -0.00347911 0.00566782 -0.00230153 -0.000216938 -0.000661239 -0.00156027 -0.000544958 -0.00109607 -0.00034137 -0.00691641 0.00421719 -5.9398e-06 0.0374556 0.00052736 -0.00149844 
-0.000571241 0.00318682 -0.000903644 0.0159833 -0.00515893 0.00462406 -0.0043132 -0.000228923 -0.00214214 0.0020702 -0.0133738 -8.51934e-05 0.00237239 0.000194005 -0.00382454 -7.56908e-07 -7.03483e-05 -0.0037356 -0.00956571 -0.00177999 -0.000280908 0.0066501 -0.0026734 -0.00103733 0.00677641 -0.0011471 9.22544e-05 -6.90552e-05 8.99696e-05 -0.0106911 -0.00785882 -0.000886224 -0.00782565 -0.00784381 0.00189538 0.00100543 0.00775453 0.00117114 -8.04377e-07 -0.000113764 0.0137056 -0.000931439 -5.13861e-05 -5.61787e-05 -0.000436816 -2.38705e-05 4.03992e-05 -7.42973e-05 -4.03136e-05 -0.000847025 -0.000386476 2.84083e-05 -0.00328901 -0.000497721 0.000241331 -0.0100019 4.95711e-05 -0.00132391 -0.00401212 0.0020756 -0.000127561 0.00550848 -0.000346044 0.00950833 -0.0067199 0.0100589 0.00731842 -0.000482893 -0.00104795 0.00968777 0.00995091 -5.60728e-05 4.91851e-06 -0.000402729 -0.000604286 -2.26392e-05 0.00136467 0.00575881 -8.97223e-05 -0.00399866 0.0136557 -0.000653723 4.18764e-05 -0.00576593 -0.005442 -0.00584006 -0.000285384 -0.000206012 -6.65557e-05 0.00155929 -0.000434875 -3.38383e-05 0.000347273 0.000165025 -0.00219902 0.000969259 4.32577e-06 -0.00263237 0.000115165 -0.000413206 
0.042745 0.00300807 0.0207746 -0.00515893 0.226859 -0.0420607 -0.066486 -0.00070735 -0.0079206 -0.0022019 -0.00197559 -0.00168249 0.0328229 -0.000718703 0.0563849 -0.000220919 -0.000447131 -0.0250608 0.0168653 -0.00812967 0.0074075 -0.00295298 -0.0117805 0.0189545 -0.0655456 0.014895 -0.00539205 2.66544e-05 0.000220015 -0.0104456 -0.0131592 0.00366175 -0.0500441 0.0502164 -0.00397301 -0.0140796 -0.047856 0.00241727 -4.27109e-05 0.00216447 -0.0304558 0.00505318 -0.00484575 -0.00133865 -0.00381771 -0.000351519 -5.43377e-05 -0.00144214 -0.000786992 0.00291549 0.000590838 4.57004e-05 -0.0607498 -0.00294015 -0.0341707 0.0162316 -0.000953967 -0.00220056 -0.0395773 0.0185222 0.00557187 -0.106041 -0.00615709 -0.0793919 0.068691 -0.0045999 -0.00764118 0.0119013 0.0157993 -0.00661353 -0.00448337 0.000413423 -7.35105e-05 0.00394299 0.00989966 -0.0026668 -0.00191144 -0.00208963 -0.00454118 0.0575947 -0.00830573 0.0275693 -0.000658366 -0.078424 0.0630413 0.0939127 -0.00432971 -0.00771373 0.00152832 -0.0040601 0.000291781 -0.00349567 -0.00808874 -0.00138516 0.00812675 0.0033842 -3.78986e-05 -0.00188934 -0.000448164 0.00232371 
-0.0400823 -0.00584444 -0.0140141 0.00462406 -0.0420607 0.194171 0.0139529 -0.00139701 -0.0230195 0.00079693 -0.0102598 -5.65744e-06 0.00463263 0.00141824 0.0208041 -0.000206197 -0.00102757 -0.0107666 -0.0163861 -0.0201214 -0.00405106 -0.00738297 -0.0196856 -0.006046 0.00513951 -0.0164135 -0.00536319 -0.000729445 -3.69549e-05 0.0453805 -0.0263407 0.00168594 0.009842 0.00649535 -0.00164201 0.0103004 0.0158815 0.0013941 -4.92356e-05 -0.00198114 0.0126956 -0.0159342 -0.00364815 -0.00096491 -0.00541308 -0.000778117 -4.15824e-05 -0.00120384 -0.000747071 -0.0106685 -0.00274877 -0.000216058 0.0403668 -0.00649338 0.0390621 -0.00898371 0.00146577 -0.0294204 -0.0145465 -0.00779167 -0.00592778 0.0489525 -0.00653385 0.0881624 -0.0367333 0.00382467 0.00870293 -0.00277364 -0.0202499 -0.00511375 -0.00875499 -0.000901239 -1.30938e-05 -0.000159083 -0.00956539 0.00425562 0.0140812 0.00143279 0.00163237 0.0151464 0.000667288 -0.0179134 -0.000430474 0.00294848 -0.0273727 -0.0411306 -0.0045812 0.021829 -0.000324129 0.00430616 -0.000934818 0.00210329 -0.00572833 0.000475225 -0.0203151 -0.0138053 -6.04997e-05 -0.0284186 -3.30548e-05 -0.00634185 
-0.0150731 -0.00340471 -0.00571863 -0.0043132 -0.066486 0.0139529 0.199818 0.00380475 -0.0399627 -0.00199538 0.0308898 -0.00123767 -0.110783 -0.0013549 -0.109971 -0.000189153 0.000564633 0.054094 0.0287984 0.00926886 -0.00527591 -0.0196494 -0.0461361 -0.0184092 0.110917 -0.0180888 -0.00642675 -0.00174028 -0.000418712 -0.022533 0.0977094 -0.0188174 0.129333 -0.104255 -0.00366415 0.0175599 0.0836538 -0.00218413 -1.11418e-05 -0.000405392 -0.0132686 -0.0084228 -0.00464775 -0.00110465 9.66543e-05 -0.000288797 -4.77958e-05 -0.00152249 -0.000776958 -0.0144261 -0.00645055 -0.00031956 0.0705209 -0.000861243 -0.0219412 0.0154417 -0.000465481 -0.0378337 0.0825984 -0.0347646 -0.00447082 0.133876 -0.00344627 0.0797464 -0.112014 -0.00310016 -0.00603661 -0.00963327 -0.024905 -0.00777145 -0.0114052 0.000279602 -2.27373e-05 -0.00502515 -0.0084001 -0.00325591 0.0238709 -0.00191405 -0.00287318 -0.0723386 -0.00995657 -0.0189315 -0.00064861 0.0794244 -0.0899019 -0.108374 0.00165653 -0.0110469 -0.00111208 -0.00227411 0.00312465 -0.00276205 0.00558697 -0.0017631 -0.0242917 -0.0113884 -1.12888e-05 0.0662786 -0.000546232 -0.00759785 
0.00120613 -0.000279087 -0.000520037 -0.000228923 -0.00070735 -0.00139701 0.00380475 0.0185299 -0.00149068 -0.000157153 -0.00178295 0.000165506 -0.00136535 -9.30698e-05 -0.00159486 1.60868e-05 -0.000126016 -0.002315 0.000453091 0.00137995 -0.00037351 -0.00208156 -0.00185905 -0.000335376 0.00230647 -0.000254459 -0.000432091 -1.0031e-05 -1.82612e-05 -0.00200338 0.00211014 0.000722408 0.00136365 -0.00336111 -0.000197462 -0.000811849 0.00136789 0.000340481 -3.58949e-06 0.000458377 0.000426825 0.000430763 -0.000282762 -5.13997e-05 -0.000297277 6.09091e-06 -1.71458e-06 -6.89894e-05 -3.62542e-05 -0.000752138 -0.000296963 3.81231e-07 -0.000953823 0.0011507 -0.00120704 0.000961932 -5.69287e-05 -0.00103916 0.00843949 -0.0037043 0.000150202 0.00383162 0.000507301 0.00102308 -0.00467291 -0.000180744 -0.00038239 0.000417278 -0.0016231 -0.000234422 -8.55909e-05 -7.4471e-06 -5.01e-06 -2.02798e-05 0.00042149 0.000105413 7.36913e-06 -8.33143e-05 2.80389e-05 -0.00270283 -0.000775786 -0.00116611 -4.76581e-05 0.00140561 0.00124945 -0.00505976 -0.000138527 -0.00035327 2.92411e-07 -5.5875e-05 -0.000448971 -0.00014888 -0.000152711 -0.000111017 -0.00231412 -0.00102554 -1.96872e-06 -7.74878e-05 -4.65618e-05 -0.000317908 
-0.0131374 -0.00440848 -0.00419631 -0.00214214 -0.0079206 -0.0230195 -0.0399627 -0.00149068 0.124576 -0.00134736 -0.00312083 -0.000442426 0.070654 -5.66892e-06 0.0330133 5.95356e-05 -0.00035977 -0.0364905 0.00908634 -0.00589055 -0.00224558 -0.0128833 0.0759124 0.019317 -0.0676106 0.0250254 0.00235215 -0.000695251 3.24183e-05 0.0320044 -0.0478966 -0.0071927 -0.0677138 0.0579216 0.00178004 -0.00785596 -0.0349873 -0.00322849 -2.22634e-05 -0.00100674 -0.0178769 -0.00885016 0.00416996 0.00169012 0.0022011 0.000520414 -3.23763e-05 -0.000134467 0.0013109 -0.00579724 0.00805912 -0.000195818 -0.0307357 -0.00317375 0.0069677 -0.00497052 -0.00032227 0.021604 -0.0337067 -0.0242585 -0.00279239 -0.0512251 -5.73704e-05 -0.0493485 0.0781754 -0.0017818 0.00283988 0.00244522 -0.00497822 -0.00526386 -0.0124423 -8.73999e-05 -3.97557e-05 -0.00344162 -0.00419024 -0.000595641 -0.0101226 -0.000679699 -0.002102 0.0275003 -0.00520274 -0.00777231 -0.000384329 -0.0162575 0.069597 0.0546838 -0.00236611 0.00143306 0.000580035 0.00110389 -0.00412163 0.0024282 -0.00350398 0.00259919 0.0214215 -0.00947138 2.84538e-05 -0.0340752 0.000123995 -0.00358563 
0.000775543 0.000825382 0.000409266 0.0020702 -0.0022019 0.00079693 -0.00199538 -0.000157153 -0.00134736 0.0113489 -0.00328675 0.000655987 -0.00229936 1.38396e-06 -0.00282651 0.000190687 3.90787e-05 -0.000879721 -0.00684073 -0.00105535 -0.000240461 0.00342345 -0.00168581 -0.00068887 0.00165131 -0.000368754 -0.00023842 9.70821e-05 1.84091e-05 -0.00271211 -0.00327898 -0.000300833 -0.000735836 -0.00174418 0.000126482 -0.000246196 0.00456212 0.000497561 -2.00353e-06 -1.98395e-05 0.00420997 -0.000583499 -0.000180599 0.000140284 -0.000206311 -3.21557e-05 -2.19814e-06 0.000169121 0.000172633 -0.000531495 -0.000199412 -7.366e-07 -0.0004861 -0.000245162 -5.62585e-05 -0.00106744 -2.45862e-05 -0.000724527 -0.00257703 0.00335971 0.00063434 0.00168537 -0.00020831 0.00348215 -0.00289665 0.00116581 0.000620063 -0.000248856 -0.000625091 0.00285829 0.00428839 1.16375e-05 4.54385e-06 -6.02979e-06 -0.000197138 -1.85661e-05 0.000370891 0.00052901 0.000143704 -0.00177432 0.00256208 -0.000635101 4.01908e-05 -0.00426926 -0.00258308 -0.00292224 0.000317332 -0.000370108 -1.22178e-05 0.000291485 0.00108367 -0.000111265 0.000384493 -4.16892e-05 1.42077e-05 0.00216779 -2.51598e-06 0.0009239 0.000108024 -0.00023635 
-0.0387407 -0.0104176 0.00800985 -0.0133738 -0.00197559 -0.0102598 0.0308898 -0.00178295 -0.00312083 -0.00328675 0.132387 0.000177294 -0.00867068 -0.00251135 -0.00350373 -0.000126528 -0.000920794 0.0203343 0.0730454 -0.0107572 -0.00355423 -0.0452724 -0.0136131 -0.00958081 0.00204261 0.00350785 -0.0175136 -0.00454757 -0.000102637 0.0315763 0.0619476 -0.0100325 0.0617412 0.0213839 -0.00926435 0.00360462 -0.00446743 -0.0144956 -0.000100444 -0.00348289 -0.0476251 0.00320849 -0.0123476 -0.00266941 -0.00176149 -0.000845282 -0.000212916 -0.00185812 -0.00206783 -0.00200278 -0.00837157 -0.000276054 0.0207976 0.00405278 -0.0195584 0.0368447 -0.00113523 -0.018638 0.0287516 -0.044165 -0.0134504 0.0185979 -0.0174587 -0.0129404 0.0122883 -0.010745 -0.0144471 -0.0048886 -0.0117376 -0.0219758 -0.0442085 -0.000273747 -2.22434e-05 -0.00049413 0.000765555 -0.00676916 0.0226581 -0.00554761 0.00130584 -0.00495075 -0.0377038 -0.00942699 0.000112659 0.0353358 0.00977993 0.00133216 0.00125705 -0.0153979 -0.00095476 -0.00352748 -0.00417144 -0.00641536 -0.000735501 -0.00478047 0.0118507 -0.0133917 -0.000105258 0.0181241 -0.000665378 -0.00151436 
-0.000422824 -2.94058e-05 0.000527699 -8.51934e-05 -0.00168249 -5.65744e-06 -0.00123767 0.000165506 -0.000442426 0.000655987 0.000177294 0.00702287 -0.00266521 9.98816e-06 -0.00120564 5.93544e-05 -2.23483e-05 0.00140004 -0.00232158 0.000657485 -0.00014917 -0.000171542 -0.000430097 -0.000246702 -0.00159084 3.18945e-05 8.44834e-05 -8.72974e-06 -1.12544e-05 5.17119e-05 0.000220153 -0.000364056 0.00169084 0.000700385 9.1068e-05 0.000512365 0.000358029 -0.000109659 9.5142e-06 -2.47591e-06 -0.000510588 0.000747219 8.98493e-05 8.32905e-06 0.000157777 8.85141e-06 1.71256e-06 -2.08903e-05 5.64731e-05 0.00048337 0.000668392 -8.94953e-06 0.00171379 0.00140603 -0.000630822 -0.000166951 -2.07351e-05 6.02025e-05 0.000873854 0.00112669 -1.53759e-06 0.00087851 9.24506e-05 -0.000971046 -0.000883916 -7.29853e-05 -0.000115324 -0.000210385 1.20548e-05 -0.000101577 0.000603032 -2.11143e-05 7.29795e-06 -6.06777e-05 0.000219959 -7.97316e-05 -0.00137049 -2.55402e-05 7.79956e-05 -0.00158717 -0.000204862 -0.000475432 2.23192e-06 -0.00146324 -0.00225682 -0.00152138 0.00205472 -0.000240264 -2.07407e-05 0.000315775 0.000203097 -6.77074e-05 -6.71554e-05 0.000101172 -0.000428575 -0.000245006 -1.13048e-06 -4.6454e-05 -6.97432e-06 0.000713635 
-0.0426953 -0.0108699 -0.0225725 0.00237239 0.0328229 0.00463263 -0.110783 -0.00136535 0.070654 -0.00229936 -0.00867068 -0.00266521 0.246595 0.00117206 0.154546 -0.00025372 -0.0023971 -0.0932077 0.0313533 -0.0197472 -0.00671772 -0.040367 0.0851844 0.030842 -0.133761 0.0232748 -0.00592411 -0.00233127 0.000557154 0.0809294 -0.121041 0.0200791 -0.151381 0.146435 -0.00219977 -0.0173819 -0.0882708 -0.00828246 -8.26134e-05 -0.00162823 -0.00999777 -0.0226704 -0.00286981 -0.000484545 6.35957e-05 8.73826e-06 -8.45633e-05 0.000582583 -0.000198427 -0.0227989 0.00928375 -0.000366782 -0.0885298 -0.00442592 0.0413074 -0.0107326 0.00137035 0.00200059 -0.0904945 -0.0332995 -0.00914794 -0.110825 -0.007612 -0.0691308 0.138793 0.00383169 0.011191 0.0143931 -0.0362768 -0.00788281 -0.0216822 -0.00103382 5.65213e-05 0.000462372 -0.0121629 0.00265473 0.0115401 0.00250405 0.00314529 0.135417 -0.0104858 -0.0143361 -0.000919525 -0.0309838 0.15604 0.129492 -0.00755731 0.0165636 0.00190814 0.00279144 -0.00859018 0.00125047 -0.00957931 0.00186211 0.0572523 -0.014584 3.79581e-05 -0.108142 -0.000783802 -0.0116898 
-0.000527055 0.00103214 -0.000301901 0.000194005 -0.000718703 0.00141824 -0.0013549 -9.30698e-05 -5.66892e-06 1.38396e-06 -0.00251135 9.98816e-06 0.00117206 0.00553342 0.00204368 -2.96078e-06 -3.76088e-05 -0.000300375 -0.00157651 -0.000371363 -0.000131712 0.000139835 -0.000583492 -0.000153359 -0.00102275 -0.000317001 -0.000108501 -4.23072e-05 8.20559e-05 0.000403996 -0.0019154 0.00257969 -0.00223737 -0.000529968 2.52454e-05 -6.47161e-05 -0.00044848 -0.000113796 -1.11646e-06 1.98101e-05 0.0020511 -0.000252164 -9.31121e-05 -1.41527e-05 -0.000124538 -2.41269e-06 6.10148e-06 -2.73547e-05 5.64822e-06 -0.00024239 -5.3427e-05 2.68869e-06 -0.000850102 0.000508278 0.0023428 -0.00224168 0.000200769 0.000717103 -0.00137938 0.00025795 0.000963894 -0.00118904 -0.00011558 -0.000361897 -0.00146952 0.000115217 0.00105668 3.16824e-05 -0.000496546 0.000831668 0.000657016 -1.87626e-05 1.32864e-06 -0.000125385 -0.000174363 0.000442874 -0.000410871 0.000101246 0.000238654 -0.000238546 0.000126767 -0.000316064 1.31558e-05 0.000172965 0.000490295 -0.00131318 -7.43673e-05 0.000691659 -5.49359e-06 0.000344127 0.000574866 7.54108e-05 -9.37e-05 2.6456e-05 -0.00053263 0.000622191 6.1109e-06 -0.000506541 -8.65172e-06 -0.000128982 
-0.0370824 -0.0026251 -0.021584 -0.00382454 0.0563849 0.0208041 -0.109971 -0.00159486 0.0330133 -0.00282651 -0.00350373 -0.00120564 0.154546 0.00204368 0.241791 -0.00032509 -0.00265975 -0.0372423 -0.00460421 -0.0348084 0.00561683 -0.0172747 0.0477503 0.0267836 -0.153975 0.00110874 -0.00797109 -0.00287581 0.000450715 0.0946995 -0.129108 0.0332905 -0.141132 0.160925 -0.00383425 -0.00825205 -0.0977779 -0.00750896 -6.89101e-05 -0.00216956 -0.0128311 0.00425625 -0.00556595 -0.00143889 -0.00854814 -0.000716563 -7.92665e-05 0.000361734 -0.000925878 0.0145892 -0.000618083 -0.000374183 -0.049842 -0.00566752 0.0471054 -0.000323574 0.000984389 0.0318055 -0.0892106 0.0240548 -0.00528681 -0.123285 -0.0111382 -0.0806085 0.131271 -0.00315207 0.00160223 0.0167841 -0.00087844 -0.0113243 -0.0262016 -0.0013084 6.3374e-06 0.00150415 -0.0127816 0.000492391 -0.0262936 -0.00188571 0.00438958 0.116393 -0.0182386 -0.0200357 -0.000365964 -0.045751 0.125478 0.0807594 -0.00726333 0.0190151 0.000772802 -0.000777567 0.00083491 -0.00155821 -0.00841702 -0.000878171 0.0260078 -0.0179297 -6.97293e-05 -0.101315 -0.000674455 0.0116893 
0.000246626 -2.19525e-05 0.000384064 -7.56908e-07 -0.000220919 -0.000206197 -0.000189153 1.60868e-05 5.95356e-05 0.000190687 -0.000126528 5.93544e-05 -0.00025372 -2.96078e-06 -0.00032509 0.000828934 -3.45518e-06 -0.000214437 -0.000215376 0.000147634 -6.45829e-06 -6.87491e-05 -0.000112224 -2.55567e-05 9.70957e-05 0.000264586 3.98573e-05 7.73932e-05 3.03169e-06 -0.000529899 6.15503e-06 -4.9752e-05 -0.000187306 -0.000351268 5.63966e-05 -5.42383e-05 -0.000124143 0.000211743 3.54465e-06 -4.74511e-06 -8.32235e-05 4.14241e-05 7.64471e-05 0.000336114 -1.146e-05 -2.41765e-07 8.76167e-06 0.00022311 0.000251997 6.95708e-06 -1.67818e-05 2.77958e-07 -0.000191982 3.86902e-05 -7.69924e-05 -0.000353588 -2.53657e-06 7.96351e-05 3.08395e-05 -0.000162218 2.79668e-05 -0.000266864 0.000118291 -0.000273538 0.000329864 6.4381e-07 2.40701e-05 -1.96216e-05 0.000318857 1.15793e-05 7.82729e-06 1.12347e-06 -2.67415e-07 -9.74588e-06 -3.24725e-06 -5.14712e-06 -0.000399875 6.56825e-05 -3.61835e-06 -0.000199832 0.000113632 -6.18595e-05 -1.02742e-06 1.19573e-05 -8.56234e-05 0.0001734 5.40552e-05 -2.74458e-05 1.98437e-06 -6.37884e-06 -2.20948e-05 2.21181e-06 6.22395e-05 -4.72106e-06 -5.28453e-05 0.000134438 3.83923e-07 0.000193813 0.000216912 -2.02501e-05 
0.00136432 -0.000125538 0.00220686 -7.03483e-05 -0.000447131 -0.00102757 0.000564633 -0.000126016 -0.00035977 3.90787e-05 -0.000920794 -2.23483e-05 -0.0023971 -3.76088e-05 -0.00265975 -3.45518e-06 0.00712665 -0.00140771 -0.00105752 -0.000220328 0.000409101 0.00164667 -0.000383333 -8.39173e-05 0.00204759 -0.000392791 0.000150642 -2.85073e-05 -8.86135e-06 -0.0042535 0.001177 -0.000357987 0.000766276 -0.00330809 -3.96339e-05 -0.000406964 0.000280637 0.000567576 3.98196e-06 0.000352286 0.00387518 0.000426884 -7.36164e-06 -2.48297e-05 3.94848e-05 -1.31011e-06 -4.06575e-07 -3.60506e-05 0.000116304 6.21435e-06 -0.000124342 -5.48221e-06 -0.000326189 2.99917e-05 0.00095527 -0.000314605 -1.78226e-05 -0.000367737 -0.000649757 -0.000618055 0.000313291 -0.00198162 -3.70458e-05 -0.00136282 -0.00214424 -4.08146e-05 0.000366779 -0.000137289 -0.000251545 0.00010417 0.000840423 0.000107623 5.13751e-05 -0.000175565 0.00101979 2.78059e-05 -0.000164936 -4.06061e-05 0.000245491 -0.0017601 -0.000278365 -0.00028774 2.32242e-05 0.00191754 -0.000181773 -0.00266646 0.00209301 5.64223e-05 -1.60508e-05 0.00025753 -0.000179761 0.000503195 3.59409e-05 0.000252954 -0.000964393 0.000458905 4.56714e-06 0.00260191 2.82036e-05 -0.000151148 
-0.0324678 0.0155117 -0.00265916 -0.0037356 -0.0250608 -0.0107666 0.054094 -0.002315 -0.0364905 -0.000879721 0.0203343 0.00140004 -0.0932077 -0.000300375 -0.0372423 -0.000214437 -0.00140771 0.192748 -0.0198115 -0.0109367 0.00411784 0.00405503 -0.0434789 -0.0150137 0.0113336 -0.0140323 -0.00600048 -0.0018902 -0.000391065 0.0332469 0.0218468 -0.00283058 0.0596204 -0.014335 -0.00158677 0.0236272 -0.0251615 -0.00537035 7.54245e-06 -0.000885994 -0.0246182 0.0133998 -0.00392642 -0.00103166 -0.00650728 -0.000503546 2.13661e-05 -0.000883386 -0.000711243 0.0214788 -0.0053704 -4.24606e-05 0.0760628 0.00371962 -0.0241663 0.00622798 -0.000561945 0.0153518 0.0548467 0.0319485 0.00412774 0.0671143 0.000391975 0.0234308 -0.0491732 -0.00310151 -0.00508723 -0.00700986 0.0202521 0.000616293 -0.00511399 -0.000233103 -6.2896e-05 0.000301336 0.00143089 -0.00168782 -0.0162773 -0.00162513 -0.00129478 -0.0567139 -0.00455155 -0.00799531 0.000161883 0.00472766 -0.0751154 -0.0645874 0.000316091 -0.00742122 -0.00071762 -0.000531021 0.018456 -0.00171161 0.00717238 -0.00147034 -0.0130494 -0.0055631 -2.79228e-05 -0.0200467 -0.000424942 0.01389 
-0.0283021 -0.0148258 0.00932484 -0.00956571 0.0168653 -0.0163861 0.0287984 0.000453091 0.00908634 -0.00684073 0.0730454 -0.00232158 0.0313533 -0.00157651 -0.00460421 -0.000215376 -0.00105752 -0.0198115 0.169186 -0.00719164 -0.0131552 -0.0605859 0.0069088 -0.00257523 0.0130996 0.0133699 -0.0197441 -0.00331557 -0.000228593 0.0146765 0.0634427 -0.00796636 0.0477622 0.0155881 -0.0103473 0.000348025 -0.0183174 -0.0147485 -4.49387e-05 -0.00341845 -0.0427235 -0.0160726 -0.0131159 -0.00276771 0.000715356 -0.00067501 -0.000189283 -0.00275447 -0.00194624 -0.0360782 -0.00318347 -4.87075e-05 -0.0289583 0.00437895 -0.0105667 0.0298592 -0.000725048 -0.0452954 0.0315578 -0.0739159 -0.0152833 0.00281502 -0.0153663 -0.02292 0.0113212 -0.00679661 -0.0103503 -0.000254036 -0.0389928 -0.02388 -0.0362746 -0.000282852 2.03452e-06 0.00403438 0.00263533 -0.00408739 0.0577226 -0.00421055 -0.00248177 0.021146 -0.0292845 -0.00466576 -0.000555382 0.055019 0.0390559 0.0365676 0.0010423 -0.0101548 -0.00119182 -0.00338084 -0.0125358 -0.00710635 -0.00622596 -0.0043749 0.019584 -0.0149722 -7.59373e-05 0.0132378 -0.000669925 -0.0214659 
0.0210771 -0.00142848 -0.00390682 -0.00177999 -0.00812967 -0.0201214 0.00926886 0.00137995 -0.00589055 -0.00105535 -0.0107572 0.000657485 -0.0197472 -0.000371363 -0.0348084 0.000147634 -0.000220328 -0.0109367 -0.00719164 0.0996151 -0.00083687 -0.00266269 -0.00733912 -0.00162668 0.0243008 -0.00658532 0.0125526 0.00294258 -0.000109885 -0.0314017 0.0222321 -0.00534556 0.011098 -0.0353101 0.00496626 -0.00610016 0.00911938 -0.000185925 3.35334e-06 0.003904 -0.0111412 0.000172777 0.0113353 0.00298752 0.0049502 0.0015849 2.1882e-06 0.00201275 0.00142077 0.00256558 0.00436445 0.000269932 -0.00241774 0.00753743 -0.0100469 -0.00879412 -0.000224363 0.00869107 0.0304538 -0.0124815 0.00492238 0.00961192 0.0159801 -0.0111086 -0.0127737 -0.0014085 0.000573426 -0.0022383 0.00474138 -0.00253979 0.000238768 0.000614515 -2.88785e-05 0.00110358 0.00927765 0.0040827 -0.011071 -0.000431009 -0.000955554 -0.0227629 0.00357036 -0.00204506 8.46064e-05 -0.0154762 -0.0295164 0.00683407 0.000313244 -0.00161294 -0.000228089 -0.00097271 -0.00172223 0.00387027 0.00256774 0.00306704 -0.0110183 0.0112184 5.30814e-05 0.0123531 0.00110991 -0.000936931 
0.00336013 -0.000518527 -0.00104987 -0.000280908 0.0074075 -0.00405106 -0.00527591 -0.00037351 -0.00224558 -0.000240461 -0.00355423 -0.00014917 -0.00671772 -0.000131712 0.00561683 -6.45829e-06 0.000409101 0.00411784 -0.0131552 -0.00083687 0.0242426 0.0103618 -0.000940936 0.00103577 -0.00817729 -0.00142516 0.00114913 0.000389567 -3.35032e-05 -0.000722558 -0.00502941 -0.00117177 -0.00880898 -1.39876e-05 0.00087605 -0.00154136 -0.00404196 0.00120618 -1.87704e-06 0.000277272 -0.00213929 0.00636742 0.00119099 -6.61747e-05 -0.000608918 -6.77767e-05 -3.49747e-06 5.43113e-05 -5.96696e-05 0.0157383 -0.000404407 -1.78119e-05 0.0079748 -0.000652557 -0.00178002 -0.00123431 -6.55835e-05 0.0127827 -0.00582287 0.00944555 0.00194345 -0.00826781 -0.000600093 -0.00813563 0.00915949 -0.000282425 -0.000289729 -0.000217977 0.0133371 -0.000704064 -0.000941046 -6.28538e-06 -4.41342e-06 -0.000459559 -0.000821348 -0.000268226 -0.0158691 5.93252e-05 -0.000213873 -0.00349081 -0.000345538 -0.000966953 -5.95466e-05 -0.008929 -0.00429965 -0.00618626 -0.000364086 -0.000361009 -4.4248e-05 -1.58636e-05 -0.000120412 0.000949374 0.000623002 0.000255617 -0.00243342 -0.00173505 1.09089e-06 -0.00169712 -2.89161e-05 0.0112461 
0.0353642 0.00803017 -0.00299817 0.0066501 -0.00295298 -0.00738297 -0.0196494 -0.00208156 -0.0128833 0.00342345 -0.0452724 -0.000171542 -0.040367 0.000139835 -0.0172747 -6.87491e-05 0.00164667 0.00405503 -0.0605859 -0.00266269 0.0103618 0.102453 -0.0167627 -0.00571032 0.020603 -0.00687445 0.00749633 0.00214399 -0.00016856 -0.042643 -0.0193806 0.0015839 -0.0277912 -0.0343435 0.00434629 -0.00732958 0.0209233 0.0105503 0.000112916 0.00169824 0.0387977 0.0103241 0.00466927 -6.14411e-05 -0.00128063 -0.000251531 0.000102043 -0.000490546 0.000373039 0.0262772 -0.0024804 -0.000112001 0.0195409 -0.00310552 0.00186 -0.0142252 -0.000308132 0.0247514 -0.0276291 0.0660289 0.0090795 -0.0135111 0.00451708 0.00766092 -0.0154092 0.00464228 0.000912042 -0.00321418 0.0265416 0.0169322 0.0394992 -0.000156706 -2.53192e-05 -0.00285547 -0.00289635 -0.00141366 -0.0253745 0.00176335 -0.000473882 -0.028209 0.0288638 0.015717 0.000400181 -0.0244749 -0.0319325 -0.0277428 -0.00179166 -0.00443769 -0.000461465 -0.000355092 0.000276473 0.00215761 0.00130363 -0.000639321 -0.015497 0.0108964 -1.52888e-05 0.0078819 -0.000255783 0.0130904 
-0.00727992 -0.00533324 -0.00652723 -0.0026734 -0.0117805 -0.0196856 -0.0461361 -0.00185905 0.0759124 -0.00168581 -0.0136131 -0.000430097 0.0851844 -0.000583492 0.0477503 -0.000112224 -0.000383333 -0.0434789 0.0069088 -0.00733912 -0.000940936 -0.0167627 0.140018 0.0141019 -0.0801995 0.0121404 0.00465643 -0.000669833 8.76707e-06 0.0399571 -0.0720498 -0.00828388 -0.0752696 0.0731082 -0.00152034 -0.00808097 -0.0402308 -0.00354099 -2.7926e-05 -0.000909415 -0.018155 -0.0104931 0.002675 -0.000100131 0.00384766 0.000710672 -4.01898e-05 0.000154204 0.000561846 -0.00776225 0.0143387 -0.000157864 -0.037592 -0.00497386 0.0158807 -0.00261135 -0.000137777 0.0153123 -0.0420872 -0.0188046 9.47884e-05 -0.0581994 0.00148413 -0.0551104 0.0763234 -0.00217175 -0.000913952 0.0057627 -0.0103818 -0.00609812 -0.0102682 -0.000491731 1.6525e-06 -0.00241646 -0.00190013 -0.00071395 -0.00829527 -0.00102622 -0.00237911 0.0619741 -0.00626705 -0.0108743 -0.00038488 -0.017183 0.0815895 0.0581559 -0.00229901 0.00679696 0.00152252 0.00313768 -0.00473768 -0.000343557 -0.00413977 0.00317374 0.0327299 -0.0119248 0.000103225 -0.0426288 -0.000377177 -0.00424889 
-0.0104218 -0.00193433 -0.00317935 -0.00103733 0.0189545 -0.006046 -0.0184092 -0.000335376 0.019317 -0.00068887 -0.00958081 -0.000246702 0.030842 -0.000153359 0.0267836 -2.55567e-05 -8.39173e-05 -0.0150137 -0.00257523 -0.00162668 0.00103577 -0.00571032 0.0141019 0.0622846 -0.0320108 0.000584747 0.000698518 -0.000439822 -4.5918e-05 0.0167533 -0.0225569 -0.0027073 -0.0299566 0.0269003 0.0011958 -0.00308148 -0.0160141 -0.000571645 -1.0313e-05 -0.000371894 -0.00901561 -0.00256248 0.00155419 0.000177238 0.000612053 0.000248465 -1.81614e-05 0.000374287 0.000374928 -0.000244149 0.0072301 -7.17227e-05 -0.0145327 -0.00176326 -0.00109846 -0.00619532 -0.000138294 0.00049132 -0.0143119 -0.00626656 -0.001268 -0.0234555 -0.000904045 -0.0218596 0.0356282 -0.000829431 0.00198564 0.0112009 0.000649886 -0.00234077 -0.00545758 -0.000133409 2.45324e-05 0.00116442 -0.00252241 0.000306162 -0.0114144 -0.00044389 -0.000984061 0.0257941 -0.00284974 -0.00255616 -0.000108771 -0.027401 0.0268493 0.0272001 -0.00113879 0.00731643 0.000847679 0.00243726 -0.00184462 0.00222266 -0.00162574 0.00279249 -0.00701825 -0.0050262 6.37207e-06 -0.0152594 0.000118591 0.00043634 
0.0368399 0.00406324 0.016506 0.00677641 -0.0655456 0.00513951 0.110917 0.00230647 -0.0676106 0.00165131 0.00204261 -0.00159084 -0.133761 -0.00102275 -0.153975 9.70957e-05 0.00204759 0.0113336 0.0130996 0.0243008 -0.00817729 0.020603 -0.0801995 -0.0320108 0.249942 -0.0276867 -0.00451018 0.000153013 -0.000516301 -0.106998 0.138563 -0.0170223 0.139879 -0.180935 -0.00183394 0.00136887 0.106483 0.00745394 4.6964e-05 -0.00122433 0.0569389 -0.00628981 -0.00574304 -0.00138044 0.00390371 -0.000465674 7.99416e-05 -0.00218073 -0.000747169 -0.019243 -0.0116046 0.000359664 0.0349678 -0.000365957 -0.0130327 -8.59093e-05 -0.000846059 -0.0419184 0.0908273 -0.0284457 -0.00131329 0.134177 0.003146 0.106791 -0.172115 0.00561856 0.00226533 -0.0158165 -0.0176359 0.0137806 0.0262284 -0.000522308 -5.64076e-05 -0.00322509 0.00266863 0.00113797 0.0383567 0.00191743 0.00243649 -0.124476 0.0186221 0.0122263 0.00029282 0.0961312 -0.129766 -0.12342 0.0044619 -0.00945789 -0.00207813 -0.00397733 -0.0121923 -0.00260574 0.00836936 -0.00284385 -0.0556983 0.0231925 -7.63174e-05 0.116379 0.000255724 -0.0129006 
-0.00590075 -0.00193216 -0.000585537 -0.0011471 0.014895 -0.0164135 -0.0180888 -0.000254459 0.0250254 -0.000368754 0.00350785 3.18945e-05 0.0232748 -0.000317001 0.00110874 0.000264586 -0.000392791 -0.0140323 0.0133699 -0.00658532 -0.00142516 -0.00687445 0.0121404 0.000584747 -0.0276867 0.0659586 -0.00156213 -0.00021655 -6.24121e-05 0.00757825 -0.00780181 -0.00430497 -0.0231472 0.0266245 -0.000743211 -0.00265178 -0.0156366 -3.81129e-05 -7.12343e-06 -0.000467451 -0.00848577 -0.00154186 -0.000873474 0.000264231 -0.000408356 -0.000144607 -9.42991e-06 -9.13218e-05 0.000792208 -0.0034233 0.00240499 -3.57314e-05 -0.0160239 0.00102886 -0.00554375 0.00181242 -0.000176611 0.00272333 -0.0117499 -0.0128781 -0.00131011 -0.023606 -0.00171157 -0.0231962 0.030943 -0.000935651 -0.00118418 -0.00164607 -0.00108918 -0.00249626 -0.00417555 9.31866e-05 -3.63276e-07 -3.54615e-05 -0.00219353 -0.000896334 0.00253 -0.000311862 -0.00109991 0.00631306 -0.00280589 0.00119606 0.000128097 -0.0162833 0.0292484 0.033694 -0.000784379 -0.00271494 0.000267047 -0.000754304 -0.00105621 -0.000586895 -0.00167053 -0.000404847 0.0259882 -0.00562708 3.00876e-05 -0.0134055 8.36213e-05 -0.00189322 
0.010885 -0.000674417 -0.00144362 9.22544e-05 -0.00539205 -0.00536319 -0.00642675 -0.000432091 0.00235215 -0.00023842 -0.0175136 8.44834e-05 -0.00592411 -0.000108501 -0.00797109 3.98573e-05 0.000150642 -0.00600048 -0.0197441 0.0125526 0.00114913 0.00749633 0.00465643 0.000698518 -0.00451018 -0.00156213 0.0267631 0.00197211 -2.19458e-05 -0.0126554 -0.0127287 -0.00187632 -0.0107957 -0.00784501 0.00594541 -0.00175925 -0.00360389 0.00343382 2.45337e-05 0.000636269 0.00563968 -0.00146109 0.0129576 0.0028546 0.00167101 0.000948876 4.30717e-05 0.00183869 0.00151974 0.00193614 0.00377098 8.39773e-05 -0.00176792 -0.000579819 -0.00131766 -0.0116672 -7.39837e-05 0.00943334 -0.00434058 0.00748611 0.00492713 -0.00627153 0.0139264 -0.00283751 0.000899385 1.58609e-05 0.00162869 -0.000595028 0.015041 -6.61157e-05 0.0103957 0.000414478 5.64033e-06 -0.000503918 0.00181249 0.00108862 -0.0126293 0.000165361 -0.000293796 -0.00437862 0.0098489 0.00557392 -5.18814e-05 -0.0113474 -0.00728028 0.00974301 4.09904e-05 -5.25376e-05 4.13556e-05 0.000121877 -0.000222252 0.00421339 -0.000431426 0.00278584 -0.0030745 0.000213994 2.27471e-05 -0.00670352 0.000664658 -0.000168967 
0.00374846 -8.92887e-05 -0.000379841 -6.90552e-05 2.66544e-05 -0.000729445 -0.00174028 -1.0031e-05 -0.000695251 9.70821e-05 -0.00454757 -8.72974e-06 -0.00233127 -4.23072e-05 -0.00287581 7.73932e-05 -2.85073e-05 -0.0018902 -0.00331557 0.00294258 0.000389567 0.00214399 -0.000669833 -0.000439822 0.000153013 -0.00021655 0.00197211 0.00805839 -1.33998e-05 -0.00361561 -0.00203206 -0.000256537 -0.000490399 -0.0023456 0.00143883 -1.71945e-05 0.000407912 0.000292173 5.881e-06 0.000822701 0.000470919 0.000210922 0.00293417 0.000775569 0.00141263 2.89576e-06 4.83327e-05 0.00109083 0.000229785 0.000722448 0.000413988 -2.26351e-06 0.00143873 -0.00022245 -0.000516705 -0.00306475 -2.31169e-05 0.00262629 -0.000961758 0.00392618 0.000912547 -0.00131729 0.00137935 -0.000940636 -0.000915715 -5.32058e-05 -6.02773e-05 -0.000276156 0.00159177 0.000818357 0.00191569 0.000165533 -2.50765e-06 0.000821272 -0.000127044 -3.32404e-05 -0.00310151 0.000160209 -0.000131468 -0.00203596 4.80093e-05 -0.000467463 4.67473e-05 -0.00365453 -0.00284072 -0.00113029 -0.000116289 -0.000259832 2.63412e-05 -8.83109e-05 0.000441975 0.00101866 8.75067e-05 6.82964e-05 -0.00104489 0.00311488 1.39127e-05 -2.01015e-05 3.67496e-06 0.000743493 
0.000217414 -5.01736e-05 7.08044e-05 8.99696e-05 0.000220015 -3.69549e-05 -0.000418712 -1.82612e-05 3.24183e-05 1.84091e-05 -0.000102637 -1.12544e-05 0.000557154 8.20559e-05 0.000450715 3.03169e-06 -8.86135e-06 -0.000391065 -0.000228593 -0.000109885 -3.35032e-05 -0.00016856 8.76707e-06 -4.5918e-05 -0.000516301 -6.24121e-05 -2.19458e-05 -1.33998e-05 0.0016466 -0.000166848 -0.000286984 0.000505119 -0.000363153 9.17732e-05 -1.30968e-05 -5.3354e-05 -0.000323342 2.08664e-05 -3.30927e-07 -3.94355e-06 7.76966e-05 -7.72361e-05 -2.68272e-05 -3.29835e-06 -4.4465e-05 1.94252e-05 -3.29369e-07 -1.05912e-06 4.3239e-06 -8.34924e-05 -1.2567e-05 -1.66387e-06 -0.0003661 0.000103922 0.000314159 -0.000146144 2.12703e-05 -0.000119121 -0.000365906 -0.000339264 -2.99366e-05 -0.000521086 -4.45988e-05 -0.000404231 -0.00013584 5.71414e-05 9.89942e-05 0.000109894 -0.00013188 -1.91196e-05 -5.99815e-06 -2.31786e-06 1.6635e-05 8.79169e-06 0.000138181 2.31908e-05 -9.86627e-05 1.4034e-05 4.1699e-05 0.000604895 -2.92334e-05 5.84416e-07 3.0054e-06 0.000128855 0.000942665 0.000165111 -2.15228e-05 -2.49673e-05 2.4156e-05 1.38315e-05 -4.62178e-05 -1.13264e-05 -1.98968e-05 -5.06644e-06 -3.85342e-05 -5.38887e-05 -2.74281e-07 -0.000235798 1.37728e-05 -4.39901e-05 
-0.094997 -0.0074072 -0.0329774 -0.0106911 -0.0104456 0.0453805 -0.022533 -0.00200338 0.0320044 -0.00271211 0.0315763 5.17119e-05 0.0809294 0.000403996 0.0946995 -0.000529899 -0.0042535 0.0332469 0.0146765 -0.0314017 -0.000722558 -0.042643 0.0399571 0.0167533 -0.106998 0.00757825 -0.0126554 -0.00361561 -0.000166848 0.206113 -0.0632425 0.00957813 -0.0439008 0.123756 -0.0072478 0.00677699 -0.0685196 -0.0113428 -8.50112e-05 -0.00238856 -0.0462939 -0.00819546 -0.00843339 -0.00258769 -0.00393403 -0.000275023 -0.000146155 -0.000699447 -0.00110821 0.0026855 0.00429444 -0.000703471 0.0160223 0.00197958 0.0143446 0.0152878 0.000731977 0.00871812 -0.0280841 -0.00963228 -0.0109907 -0.00276182 -0.0152136 -0.00702018 0.080712 -0.00898745 -0.00407794 0.00770503 -0.0146861 -0.0191261 -0.0458044 -0.00157712 -8.26818e-05 -0.00186483 -0.0194259 -0.00097361 -0.00656889 -0.00456521 -0.000848767 0.0708438 -0.0298329 -0.0244667 -0.000789323 -0.0520118 0.0586311 0.0393586 -0.00877344 0.0108545 0.000975221 0.000809747 0.00734438 -0.00358434 -0.00773705 -0.000325482 0.0245675 -0.0256671 -5.03957e-05 -0.101237 -0.00144214 0.00471824 
0.017975 -0.00662697 0.0263565 -0.00785882 -0.0131592 -0.0263407 0.0977094 0.00211014 -0.0478966 -0.00327898 0.0619476 0.000220153 -0.121041 -0.0019154 -0.129108 6.15503e-06 0.001177 0.0218468 0.0634427 0.0222321 -0.00502941 -0.0193806 -0.0720498 -0.0225569 0.138563 -0.00780181 -0.0127287 -0.00203206 -0.000286984 -0.0632425 0.249876 -0.014916 0.159344 -0.141351 -0.00620263 -0.000787789 0.0691149 -0.00927114 -5.42226e-05 -0.000395963 -0.0215161 0.0116564 -0.0080874 -0.00181801 0.0029271 -0.000248185 -0.00011812 -0.00263054 -0.00104726 -0.00802037 -0.011095 -8.22549e-05 0.0316108 0.0127874 -0.0480056 0.0276646 -0.00138927 -0.0422996 0.0973042 -0.0497066 -0.0076167 0.0941908 -0.0109325 0.0339619 -0.107264 -0.00641313 -0.0104262 -0.0111471 -0.0138583 -0.012302 -0.0326286 0.000693809 -0.000101179 -0.000306214 0.0141547 -0.00369455 0.0270897 -0.0033449 -0.00307442 -0.107939 -0.019902 0.012149 0.000393222 0.0898136 -0.0762806 -0.079915 0.00700573 -0.0163198 -0.00182258 -0.00574648 -0.00953101 -0.00489625 0.00420849 -0.00289421 -0.0379539 0.00986949 -9.46329e-05 0.117725 -0.000389946 -0.00895419 
0.00149662 0.00390362 -0.0038548 -0.000886224 0.00366175 0.00168594 -0.0188174 0.000722408 -0.0071927 -0.000300833 -0.0100325 -0.000364056 0.0200791 0.00257969 0.0332905 -4.9752e-05 -0.000357987 -0.00283058 -0.00796636 -0.00534556 -0.00117177 0.0015839 -0.00828388 -0.0027073 -0.0170223 -0.00430497 -0.00187632 -0.000256537 0.000505119 0.00957813 -0.014916 0.066595 -0.0264209 0.00710265 -0.000725086 -0.0024451 -0.0167224 -0.001134 -9.56127e-06 0.000681174 0.00613824 0.0072429 -0.000986387 -0.000260647 -0.000704381 -8.81766e-05 6.02235e-05 -0.000257763 -0.000113871 0.00413924 -0.0015018 1.88657e-05 -0.0126627 0.00268093 0.0143351 -0.00368481 0.00111028 0.0143157 -0.0139176 0.00832423 2.85587e-05 -0.0226317 -0.0014296 -0.0159481 0.00167435 -0.000152039 0.00304948 0.00602122 -0.000443706 -0.00126232 -0.00284499 -0.000246903 1.70419e-05 -0.00127399 0.000264304 0.0021366 -0.00843265 -0.000438972 0.00106581 0.00832181 -0.00341734 0.000989896 -0.000124794 0.00544582 0.00989883 -0.00749548 -0.00109499 0.00649842 1.88194e-05 0.000210261 0.00508968 0.000593212 -0.00171104 6.38668e-05 0.00400396 0.00605277 -4.04146e-06 -0.014858 -4.90032e-05 0.000756661 
0.00165873 -0.00603904 0.0206081 -0.00782565 -0.0500441 0.009842 0.129333 0.00136365 -0.0677138 -0.000735836 0.0617412 0.00169084 -0.151381 -0.00223737 -0.141132 -0.000187306 0.000766276 0.0596204 0.0477622 0.011098 -0.00880898 -0.0277912 -0.0752696 -0.0299566 0.139879 -0.0231472 -0.0107957 -0.000490399 -0.000363153 -0.0439008 0.159344 -0.0264209 0.249815 -0.117016 -0.00612515 0.0235329 0.080271 -0.00741455 -6.48241e-05 -0.00108387 -0.0134744 -0.00102852 -0.00813602 -0.0019037 0.00291739 -0.000476318 -0.000115117 -0.00170345 -0.00124435 -0.0168618 -0.00915163 -0.000308217 0.0722983 0.00413723 -0.0369873 0.0283959 -0.00116366 -0.0573823 0.0977319 -0.0292211 -0.00957113 0.135539 -0.0109491 0.0726353 -0.135391 -0.00631323 -0.0105 -0.0159219 -0.0155091 -0.00881449 -0.0184041 0.000696357 1.6103e-06 0.00473083 0.00633495 -0.00453867 0.0367094 -0.00332592 -0.00332461 -0.0934063 -0.0243231 -0.00265991 0.00070377 0.0682657 -0.121123 -0.109017 0.00796413 -0.0151819 -0.00171773 -0.0019535 0.00119956 -0.00497479 0.00531443 -0.00304247 -0.0418901 0.0087279 -8.18301e-05 0.105063 -0.000408205 -0.0102473 
-0.0602593 -0.00843329 -0.0261466 -0.00784381 0.0502164 0.00649535 -0.104255 -0.00336111 0.0579216 -0.00174418 0.0213839 0.000700385 0.146435 -0.000529968 0.160925 -0.000351268 -0.00330809 -0.014335 0.0155881 -0.0353101 -1.39876e-05 -0.0343435 0.0731082 0.0269003 -0.180935 0.0266245 -0.00784501 -0.0023456 9.17732e-05 0.123756 -0.141351 0.00710265 -0.117016 0.249959 -0.00557738 0.00664077 -0.107173 -0.00936802 -6.1799e-05 -0.00284534 -0.043991 -0.00655022 -0.00707978 -0.00162536 -0.00600589 -0.000579076 -0.00013263 0.000202249 -0.000978963 0.0015816 0.00704845 -0.000498228 -0.0340467 -0.00400204 0.021041 0.0122119 1.40954e-05 0.0127281 -0.0822311 0.0100009 -0.00935349 -0.099411 -0.0105972 -0.078656 0.156168 -0.00646705 -0.00909561 0.0128139 -0.00646383 -0.0154283 -0.0227894 -0.00155876 4.10997e-06 0.00328235 -0.0163125 -0.00478307 -0.00944499 -0.00319844 0.00103499 0.126606 -0.0249518 -0.0185199 -0.000384828 -0.0809741 0.131256 0.119938 -0.00746202 0.00548273 0.00188852 0.00103647 0.00544358 -0.00379112 -0.0104211 -0.00203171 0.0565084 -0.0290569 -7.10707e-07 -0.128403 -0.00120712 0.00309703 
