0.000912377 -5.85083e-06 -7.21381e-05 0.000117838 -0.000100885 -5.25271e-06 0.000514799 -0.000128395 -0.000260324 0.000133545 -6.8269e-05 -2.15156e-05 -1.88127e-05 -8.80954e-07 -0.000575602 -4.11609e-05 9.56642e-06 -1.18345e-05 2.00076e-05 0.000256082 -0.000108838 -1.84301e-05 -9.97095e-06 1.85975e-05 -0.000718811 -2.40337e-06 -0.000132319 0.000352094 -3.55545e-07 -3.43308e-05 -0.000538801 6.23993e-05 3.68348e-06 -0.000109738 3.20452e-05 -8.69598e-05 -6.57672e-06 -0.000529416 -4.30546e-06 0.00057529 9.24266e-05 -7.41104e-06 3.50938e-05 2.24897e-05 -4.4649e-06 0.000170945 -0.000103956 -6.42776e-05 -0.000600253 0.000134614 -0.000133499 -0.00041442 -2.01021e-05 3.58813e-05 -3.61545e-05 -0.000270347 0.000132944 0.000144259 -1.55364e-05 -6.18835e-06 -5.01322e-07 -0.000176761 -7.24452e-05 0.0003934 -1.85474e-05 0.000186297 -3.29887e-06 4.14487e-07 -9.26161e-05 0.000565533 -0.000278405 -7.64419e-07 0.000515528 0.000106672 -6.91507e-07 -3.42782e-06 0.000295462 -4.3002e-05 -4.99987e-06 -5.67443e-06 0.000195194 0.000106596 -5.33506e-05 -3.62515e-05 -0.000175655 0.000383219 4.08993e-06 -3.89295e-06 0.000147118 1.38965e-05 -0.000174162 1.24739e-05 -1.24622e-06 9.99448e-06 -1.73666e-05 0.000163156 -0.000262782 -3.48047e-06 -0.000257025 9.91114e-05 
-5.85083e-06 0.010087 -0.000135456 2.35959e-05 0.00336636 -4.87646e-05 -0.00234606 -0.000604196 -0.000313978 0.000655959 -0.000625393 -0.000195708 0.000820375 -5.44198e-06 0.00119472 0.00472825 -0.00142879 0.00485123 6.04014e-05 -0.00105719 0.00296872 -0.000200246 0.00170607 -1.214e-05 -0.00105815 1.13832e-05 -0.00135511 -0.00227522 8.19841e-07 -0.000300346 0.000637467 -0.000110217 -1.98645e-06 -0.00116042 -4.60982e-05 -9.09052e-05 -7.55974e-05 0.000849487 -1.83572e-05 -0.00228856 -0.000157423 -6.2299e-05 -0.00157927 -3.51967e-05 2.05356e-05 -0.00246032 0.000893782 -0.000572461 0.00285215 -0.000207832 0.000195076 -0.00335353 -0.000151389 -3.79055e-05 0.000396677 0.00486584 -5.58116e-05 -0.000789876 -0.000126079 -1.56332e-05 3.06945e-05 0.000942637 -0.00085861 -0.00048389 -0.000175332 -6.97656e-05 -2.42577e-05 0.000263299 -0.00115219 -0.0019939 0.000138245 3.71553e-05 0.00193794 -0.003796 0.000142204 -2.65923e-05 -6.19259e-05 -0.000430617 0.000614959 0.00142929 -6.09967e-05 9.57204e-05 -0.000334025 -0.000408516 -0.000963352 -0.000120866 -0.00246406 0.000167834 -0.00239289 -0.000586011 -0.00114178 -4.22595e-05 1.86619e-06 -4.1712e-05 -0.000212194 -7.01657e-05 -0.00190219 -2.86271e-05 -0.00215656 0.00037676 
-7.21381e-05 -0.000135456 0.0740934 0.000734471 0.00510587 -0.000204851 -0.019016 0.00205666 -0.011888 -0.00254093 -0.000577537 -0.00163229 -0.0043318 -2.67857e-05 0.0278478 0.00135984 -0.0118757 -0.00124687 -0.00504757 -0.0261664 0.0042594 -0.00114552 -0.000733655 -0.000368988 0.0077889 7.10307e-05 0.0111332 -0.0211164 2.47736e-05 -0.00253989 0.029973 -0.000830401 -3.91277e-06 -0.00638959 0.000112513 -0.00579181 0.00526937 0.0278475 0.000343525 -0.0202626 0.00304934 -0.000652879 -0.0172232 -0.000189966 -0.000326315 -0.0184003 0.0119577 0.00244594 0.024087 -0.00653825 0.01499 0.00241871 -0.0016996 -0.000704625 -0.000141717 0.0173485 0.000794256 0.0211305 -0.000714665 -0.000343703 -2.82955e-05 0.00513362 -0.0010465 -0.00387595 0.00308923 -0.00230563 -0.00025857 -0.000196224 -0.00887879 -0.0178675 0.0177803 -0.000114222 -0.0272644 -0.0247343 0.000321503 0.00055641 -0.000445617 -0.0040343 -0.000945451 -0.00105581 -0.00124751 -0.00269161 -0.00629141 -0.00520801 -0.00331138 -0.00322583 -0.0112474 -0.000282998 -0.0206418 -0.00541408 0.00876859 -0.000358519 0.000423977 -0.000309952 -0.00136563 -0.00101409 -0.0122594 -0.000270901 0.0199537 0.00680193 
0.000117838 2.35959e-05 0.000734471 0.1322 -0.00888932 -0.00125159 -0.0038464 -0.0132237 0.0228254 -0.00486632 0.00451084 -0.00381208 -0.00566188 -5.81752e-05 0.0319802 0.00720187 -0.0179555 0.000245386 0.00246437 -0.028043 8.83603e-05 -0.00220599 -0.000741406 -0.000480367 -0.0238534 -0.000364072 -0.0168666 -0.0203111 -8.98915e-05 -0.00537386 0.0311305 0.00724621 -1.09319e-05 -0.00297777 -0.00281235 -0.00608876 0.000274828 0.0223063 -0.000702959 -0.0128572 0.00337615 -0.00117473 -0.0245313 0.00118295 -0.000452708 -0.0373953 0.0141508 -0.00773502 0.0380309 -0.0151946 0.0107978 -0.000696349 -0.00239811 -0.00170866 -0.00648151 0.0440699 -0.00423963 0.057266 0.000561242 -0.000545891 0.000116822 0.00734678 -0.00772525 -0.00641589 -0.00288501 0.00367499 -0.000483016 -0.000374984 -0.0209936 -0.0217575 -0.0149084 -0.000143439 -0.0200124 -0.0142058 0.00128465 0.000201068 0.00529572 -0.00564256 0.00481133 0.00149945 0.00335972 -0.00412448 -0.0104691 -0.0108629 -0.0176249 -0.00153278 -0.0275321 -3.95385e-05 -0.0382242 -0.00709756 0.0134372 -4.26603e-05 -0.000214995 0.000604695 -0.00268748 0.00368328 -0.00832678 0.000238496 0.0156653 0.0362206 
-0.000100885 0.00336636 0.00510587 -0.00888932 0.112903 0.0054433 -0.0344332 0.0638381 -0.0234467 -0.00347015 -0.0110288 -0.00261997 -0.0083075 -0.000123251 0.022472 -0.00134413 -0.0113891 0.00108321 -0.00607716 -0.026664 0.0895589 0.00945389 0.00170255 -0.000640934 -0.00893201 0.00203355 0.0219438 -0.0234081 0.000199154 0.00579802 0.00765691 -0.00150771 2.83166e-05 -0.0154301 -0.00123147 0.00973462 0.000612581 0.0214738 0.00320736 -0.028298 -0.00181662 -0.000778818 -0.0261812 1.55512e-06 0.00020879 -0.0276213 0.00687113 0.0593807 0.0195179 -0.00988396 -0.0183925 -0.0236869 0.000775793 0.00255375 0.0366635 -0.029557 0.0183211 -0.031768 -0.00256617 -0.000344451 1.4125e-05 0.00663668 0.00843616 -0.00550003 0.0045469 0.00450162 -0.000345748 -0.000108385 0.00864821 -0.0162353 -0.0063983 0.00017239 -0.0155839 -0.0467574 0.00054644 0.00552419 -0.000481378 -0.00462425 -0.00144218 0.0328545 0.00571297 -0.00319036 -0.00233763 0.00800506 -0.0146076 0.00371234 -0.0294361 -0.000493876 -0.028234 -0.00266782 -0.0182459 -0.000754369 2.06237e-05 3.87095e-05 0.0264184 -0.00160098 -0.0238221 -0.00048439 -0.0327008 -0.00170663 
-5.25271e-06 -4.87646e-05 -0.000204851 -0.00125159 0.0054433 0.00822603 -0.0027853 0.00457375 -0.00247032 0.000819026 -0.00041484 -0.000172413 -0.000344744 -6.7574e-06 -0.00202022 -0.000274073 -0.000609609 -0.000142972 -0.000314966 -0.00118101 0.00540131 0.000216466 3.8537e-05 -4.1414e-05 -0.00394357 0.00109035 0.00452795 -0.00155308 2.08234e-05 0.00190863 -0.00443385 -7.83167e-05 -2.16855e-06 -0.00104764 0.000497764 4.21858e-05 -3.50591e-05 -0.00310916 0.0025873 -0.00220205 -0.000155912 3.78605e-05 -0.00186027 3.09786e-05 -1.99719e-05 -0.0018411 -0.00333431 0.00477103 -0.00213287 0.000714366 -0.00126517 -0.0054579 -0.000196886 0.0035925 0.00538068 -0.00300966 0.00439866 -0.00236184 -0.00015277 -5.66944e-05 -2.39803e-06 -0.00363747 -0.000763991 -0.0003423 0.000298443 8.24194e-05 2.53584e-06 -4.19756e-06 -0.00143105 -0.00152362 0.00129568 -5.93582e-06 0.00137906 -0.00320422 0.000115498 0.00478749 6.92758e-05 -0.000415776 -0.000102453 0.00285173 6.09265e-06 -0.000249822 -8.36656e-05 0.00287541 -0.00141194 0.00155388 -0.00181223 -2.14167e-05 -0.00206948 0.000414584 -0.00161145 -1.7319e-05 1.79601e-05 3.3009e-05 0.00404701 -9.95676e-05 -0.00236192 -2.72689e-05 -0.00236823 -4.25034e-05 
0.000514799 -0.00234606 -0.019016 -0.0038464 -0.0344332 -0.0027853 0.236737 -0.0529728 -0.0496962 0.0126056 0.00152945 -0.00830893 0.0175755 -0.000357696 -0.115 -0.00405711 0.0207352 -0.00342647 0.0135394 0.124087 -0.0417693 -0.0123351 -0.00381439 0.00155653 0.0032277 -0.0010435 -0.0403189 0.11623 -0.000131171 -0.0145405 -0.113397 -0.000338459 -8.59973e-05 -0.0470389 8.94644e-05 -0.0332866 -0.0031524 -0.137682 -0.00141089 0.142791 -0.000428774 -0.0026203 0.0833932 -0.00104851 0.000921861 0.0841916 0.0667097 -0.0269363 -0.11724 0.0218225 -0.0212919 0.00424478 -0.00776377 0.000158591 -0.0155825 -0.0508235 0.00125877 0.0237535 -3.94668e-05 0.000366748 -6.0261e-05 -0.00119236 -0.0323553 0.024697 -0.00771087 0.00699327 -0.00137497 -0.000681797 -0.0345804 0.122245 -0.121787 -0.000151967 0.136927 0.0650528 -0.00175153 -0.00496059 0.0053844 -0.00731244 -0.00210729 -0.0156353 0.00233778 0.00413327 -0.0193158 -0.0134398 -0.0772773 0.0134403 0.0917145 -0.00162973 0.11028 -0.00845076 -0.0356614 -0.000152379 -0.000619485 0.000557496 -0.0117283 0.00644588 -0.102385 -0.00193149 -0.10664 0.0330122 
-0.000128395 -0.000604196 0.00205666 -0.0132237 0.0638381 0.00457375 -0.0529728 0.121964 -0.0256449 -0.00367456 -0.0116983 -0.0034321 -0.00843684 -0.000130512 0.0372928 -0.00607182 -0.0197072 -0.00240317 -0.00899912 -0.0481211 0.0708154 0.00764623 0.000200549 -0.00064421 -0.00677257 0.00205465 0.0253422 -0.0375995 7.57868e-05 0.0033719 0.0251407 -0.00160289 3.20409e-05 -0.0174035 -0.00242716 0.0322548 -3.78782e-05 0.0383033 0.00324569 -0.0381731 -0.00225203 -0.00117251 -0.0304459 8.34557e-05 -3.43908e-06 -0.0292547 -0.00118884 0.0568105 0.0304057 -0.012903 -0.019453 -0.0220565 0.00079463 0.00258208 0.03208 -0.0377323 0.0157211 -0.041895 -0.00231704 -0.00126371 -5.44958e-05 0.00911892 0.0356828 -0.00604195 0.00722372 0.00327055 -0.000478227 -0.000239134 0.0257122 -0.0238363 0.0178173 0.00010311 -0.0371471 -0.049345 0.000619555 0.00416406 -0.00140723 -0.00495734 -0.00278521 0.0323046 0.00499628 -0.00478834 -0.00827753 0.00440453 0.0151253 0.00321612 -0.0368003 -0.000470219 -0.0363994 -0.00893427 -0.0201239 -0.000770331 0.000462126 -0.000394135 0.0276201 -0.00160034 0.013786 -0.000562175 -0.0140827 -0.0109702 
-0.000260324 -0.000313978 -0.011888 0.0228254 -0.0234467 -0.00247032 -0.0496962 -0.0256449 0.218118 -0.00916147 0.0328796 -0.00499054 -0.0145144 -6.46729e-06 0.0974677 -0.014157 -0.0438247 -0.00451148 -0.0205178 -0.118775 -0.00926716 -0.013594 -0.00183628 -0.001354 0.00885079 -0.000692124 -0.0253985 -0.0834684 -0.000273123 -0.00799429 0.110053 0.00508044 -4.18694e-05 0.0599232 -0.00204009 -0.0245325 0.000592305 0.107549 -0.00145027 -0.0828648 -0.00161593 0.000387486 -0.0552007 -0.000996759 -0.000861706 -0.0654485 -0.0195154 -0.0218999 0.07853 -0.0139957 0.0664345 0.0194596 -0.00646751 -0.00340998 -0.0122434 0.104123 -0.01159 0.0622773 -0.00265833 0.000420776 -9.23961e-06 0.00902994 -0.0214919 -0.0154771 -0.00432243 -0.00683562 0.000353165 -0.000805326 -0.0293571 -0.0594134 0.0897169 -0.000402721 -0.10912 -0.0065092 -0.00147396 -0.00365866 -0.00205999 -0.0163042 -0.00655546 -0.0183293 -0.00349475 -0.0104565 -0.0240873 -0.0184128 0.0290224 -0.0112518 -0.0313854 0.00182644 -0.0717723 -0.0215199 0.0102943 0.00148396 -0.000281245 0.000223512 -0.00980505 -0.00288821 0.0777516 0.0029076 0.0752101 0.029581 
0.000133545 0.000655959 -0.00254093 -0.00486632 -0.00347015 0.000819026 0.0126056 -0.00367456 -0.00916147 0.0343663 -0.00139369 5.56503e-05 0.0101653 -3.3733e-05 -0.0122389 0.00231406 0.00156268 0.000751253 0.0045936 0.015163 -0.00494308 -0.00027547 0.000504213 3.85787e-06 -0.00102613 -6.22356e-05 0.0010804 0.00442845 4.62903e-05 -0.000309472 -0.0128631 -0.000713174 -4.26094e-06 -0.00446566 0.00354897 -0.00195357 -0.000321951 -0.0168784 -0.000124456 0.00963076 -0.000492074 -0.00017989 -0.00237554 -0.000175859 -0.000148206 -0.00456743 -0.00707651 -0.00162308 -0.0100358 0.0184069 -0.0055857 -0.00979559 0.000990478 0.00400754 -0.00111325 -0.0075227 0.00438067 0.0056794 0.00131179 0.000240514 -5.47422e-06 0.000492783 -0.00217508 -0.00166476 -0.00054394 0.000640885 -0.000101876 0.000142405 0.0109369 -0.00167742 -0.00948259 -3.78543e-05 0.0172213 -0.00425342 -9.00081e-05 0.00121457 -0.000162299 -0.000464292 -7.47511e-06 -0.0017009 -0.000473386 -0.000162532 0.000917627 0.000388501 -0.00556311 0.0126063 -0.00678412 -0.000149007 0.0113135 0.00218725 -0.00582506 0.00022185 -4.56731e-05 -0.000167752 -0.00111595 0.00175354 -0.00939452 -0.000200981 -0.0103268 -0.00289495 
-6.8269e-05 -0.000625393 -0.000577537 0.00451084 -0.0110288 -0.00041484 0.00152945 -0.0116983 0.0328796 -0.00139369 0.0788453 -0.00207077 0.00944112 -6.78768e-05 0.0228633 -0.00353495 -0.0106443 -0.00169072 -0.0052204 -0.023261 -0.0142985 -0.00259702 -0.000872129 -0.000343948 0.00219595 -0.000233605 -0.00655669 -0.0219642 -2.52864e-05 -0.00251874 0.0257588 0.00195862 -1.68039e-05 0.00605154 0.00106173 -0.00766329 0.00268277 0.0162754 -0.000116922 -0.0224702 0.000279072 0.00142231 -0.0177281 -4.07036e-06 -9.32703e-08 -0.017968 0.0164492 -0.00624244 0.0191444 -0.00525765 0.0434088 0.00518688 -0.00200631 -0.000846635 -0.00400152 0.0242879 -0.00261 0.0455993 -0.000745588 0.00225269 2.64622e-05 -0.00245507 -0.0074147 -0.00397178 -0.00172868 -0.00107143 -0.000169941 -0.000232711 -0.00936576 -0.0145331 -0.00556056 -7.0783e-05 -0.0222344 -0.025362 -0.000361131 -0.00110639 -0.000746017 -0.00345607 -0.00171418 -0.0051189 -0.000863654 -0.00294701 -0.00476131 -0.00571678 -0.0115556 -0.00211241 -0.00143208 -4.56589e-05 -0.0179544 -0.00387468 0.000777779 -0.000150519 -0.000132133 0.000545307 -0.0026979 -0.000340679 -0.0111806 0.0017311 -0.0042988 0.0189569 
-2.15156e-05 -0.000195708 -0.00163229 -0.00381208 -0.00261997 -0.000172413 -0.00830893 -0.0034321 -0.00499054 5.56503e-05 -0.00207077 0.0251681 -0.00133601 1.67103e-05 -0.0151154 -0.00024295 0.0135081 0.000501119 -0.000760412 0.00882032 -0.00373845 0.00306711 -8.7399e-05 0.000256621 -0.00031744 -5.79708e-05 -0.00397498 -0.000182372 6.98756e-06 0.000799719 -0.0126339 -0.000267282 -1.17651e-06 0.00306434 -0.000462666 -0.00208955 3.47791e-05 -0.0106642 -9.49387e-05 -0.00406425 0.00402991 0.00109626 0.0142763 -8.3405e-05 -0.000105507 0.0175522 -0.0124406 -0.00177854 -0.0147498 -0.00252748 -0.00189651 0.00118849 0.0120591 -0.000225405 -0.00125377 -0.00953312 -0.000581463 -0.00929263 -0.000496498 0.000816752 3.34282e-05 -0.0151383 -0.00224037 -0.000195813 0.000477022 -0.000761381 0.00165209 -1.84975e-05 0.00495574 -0.00149252 -0.00812063 3.65947e-05 -0.00697198 -0.00558202 -0.000138543 -0.000288591 -0.000191266 0.00414608 -0.0002209 -0.00152942 -6.68972e-05 0.0125225 0.0111017 0.0198803 0.00101376 -0.000992627 0.0144315 0.0024281 0.0148227 0.00147991 0.00161785 -0.000103558 0.000157945 -4.08431e-05 7.31347e-05 -0.000335798 -0.00577332 -0.000124637 -0.00568176 -0.00282674 
-1.88127e-05 0.000820375 -0.0043318 -0.00566188 -0.0083075 -0.000344744 0.0175755 -0.00843684 -0.0145144 0.0101653 0.00944112 -0.00133601 0.0660187 -4.79593e-05 0.00132746 0.012163 0.00571618 0.00465708 -0.00334035 0.0101198 -0.0112301 0.00812251 0.00098578 0.000252789 0.00597484 -0.000193351 0.0121924 -0.0127861 0.000128052 0.004297 -0.00315333 -0.000900643 6.53362e-07 -0.00888041 -0.00095519 0.000250132 -0.000636882 -0.0150976 -0.000143656 -0.00989923 -0.00136597 -0.000638265 -0.000343206 -0.000419191 0.000220065 -0.00600423 0.00994466 -0.00512863 0.0170515 0.00489026 -0.00738982 -0.00207154 0.00200041 0.000106761 -0.00352269 0.00612816 0.00158842 0.0126813 -0.000416751 0.0010657 -1.58482e-05 0.00581838 -0.00630201 -0.00299712 -0.00045565 -0.000355487 -0.000191087 -3.69774e-05 -0.00275567 -0.0131655 -0.0223273 1.44561e-05 0.0152876 -0.0235264 8.17925e-05 -0.000781437 -0.000451316 0.00208424 0.000345727 0.000160009 -0.00106705 -0.00123186 0.0106153 -0.00464514 -0.0139227 0.00209795 -0.0156365 -0.000311039 -0.010924 0.0112113 0.00405267 0.00019466 -0.000109674 1.43407e-05 -0.00284601 -0.000659245 -0.0117211 -0.00034537 -0.0130878 0.00952182 
-8.80954e-07 -5.44198e-06 -2.67857e-05 -5.81752e-05 -0.000123251 -6.7574e-06 -0.000357696 -0.000130512 -6.46729e-06 -3.3733e-05 -6.78768e-05 1.67103e-05 -4.79593e-05 0.000963747 -9.15619e-05 0.000174683 0.000114611 1.8169e-05 -5.23767e-05 -0.000256137 -9.53195e-05 -3.5457e-05 0.000110918 5.02765e-06 -0.000378908 -2.43836e-06 -0.000132364 3.32909e-05 -9.74185e-07 -3.25063e-05 -1.95151e-05 0.000194203 7.10034e-05 -9.31637e-05 -1.53109e-05 -6.52106e-05 -5.61956e-06 -7.65058e-06 -8.2588e-07 -0.000216348 7.50043e-05 0.000313084 -0.000179815 0.000111584 0.000144175 -9.39865e-05 -0.000351506 -7.02477e-05 -0.000131095 -7.32827e-05 1.33024e-05 -0.000201419 -1.23641e-05 -6.79644e-06 -4.53102e-05 0.000153492 -3.42224e-05 -0.00012176 -1.17631e-05 -5.21431e-06 7.81535e-07 -0.0003677 4.68832e-05 -3.30801e-05 -2.3482e-06 1.33545e-05 0.00015716 -1.38804e-06 3.75951e-05 -0.00021301 7.18294e-05 3.66822e-05 -0.000311369 -0.000142956 -4.90068e-06 -1.34815e-05 -9.89982e-06 0.000337132 4.64541e-05 -2.80874e-05 5.88261e-05 -3.13709e-05 0.000288216 0.000296806 0.00020185 -3.4263e-05 -6.25558e-05 5.0224e-05 -0.000170472 3.58314e-05 0.000338259 1.15234e-05 8.62956e-05 7.4185e-05 0.000222823 -1.00839e-05 3.4503e-05 7.57013e-06 0.000277839 -0.000102655 
-0.000575602 0.00119472 0.0278478 0.0319802 0.022472 -0.00202022 -0.115 0.0372928 0.0974677 -0.0122389 0.0228633 -0.0151154 0.00132746 -9.15619e-05 0.230884 -0.0048645 -0.0919178 -0.00239589 -0.0371522 -0.182078 0.0338897 -0.0193483 -0.00099349 -0.00272503 0.0368737 -0.00135946 0.0342605 -0.151258 0.00010247 0.00237843 0.203094 -0.00210637 -0.000132507 0.035336 -0.00302282 0.0192006 0.0014072 0.20421 -0.00200294 -0.147519 -0.00506484 -0.00579107 -0.113894 -0.000616335 -0.00130457 -0.138687 0.0128462 0.0178708 0.195282 -0.0227814 0.0483265 0.023152 -0.00871868 -0.00674164 0.0032713 0.122475 -0.00783845 0.0810545 0.00102393 -0.00234396 -0.000285318 0.053823 0.0299779 -0.0278648 0.00526441 -0.0179197 -0.00226153 -0.00127469 0.0166892 -0.141839 0.108588 -0.000937067 -0.173311 -0.0818762 -0.00130134 -0.00585371 -0.00563878 -0.0259249 -0.0124382 -0.00378903 -0.0105347 -0.0222922 -0.0440736 -0.0433837 0.0533186 -0.0212565 -0.12052 -0.0016778 -0.158843 -0.0401039 0.0374925 -3.79018e-05 0.000101612 -0.00196965 -0.00438455 -0.00685669 0.105106 -0.000176016 0.0982126 0.0283706 
-4.11609e-05 0.00472825 0.00135984 0.00720187 -0.00134413 -0.000274073 -0.00405711 -0.00607182 -0.014157 0.00231406 -0.00353495 -0.00024295 0.012163 0.000174683 -0.0048645 0.0479709 -0.00249415 0.0116895 0.0100075 0.00891196 0.00612539 -0.0011694 0.00344291 0.000423615 -0.0101615 -0.00010344 -0.00563948 0.00364598 1.41452e-05 -0.00180089 -0.0096931 0.000617108 1.66915e-05 -0.00508187 0.000383825 0.00188123 -0.000384339 -0.00972191 -0.0001415 0.00640974 -0.000609312 0.000477872 -0.00782684 -0.000188339 0.000183363 -0.0107701 -0.00236682 -0.0027884 0.00832307 0.00508661 -0.00487197 -0.0156392 -0.00011507 0.000145585 -0.00204324 0.00945441 -9.93312e-05 0.00222493 0.000627544 -0.000398071 2.53087e-05 0.00237084 -0.000580238 -0.00224962 -0.000848102 0.00135648 0.0003117 0.000776082 -0.00338633 -0.00878411 -0.0083053 -1.22351e-05 0.013982 -0.0162659 0.00305079 0.00420774 0.000598523 0.000400903 0.00816513 0.0115765 -0.000501152 0.000769372 -0.000114237 -0.0005093 -0.00221373 0.000728181 -0.0100846 0.000349064 -0.00680982 -0.00209117 -0.000883667 -0.000234639 0.000212419 -0.000172458 -0.00157288 0.000889092 -0.0102985 -0.000110266 -0.00753291 0.00648136 
9.56642e-06 -0.00142879 -0.0118757 -0.0179555 -0.0113891 -0.000609609 0.0207352 -0.0197072 -0.0438247 0.00156268 -0.0106443 0.0135081 0.00571618 0.000114611 -0.0919178 -0.00249415 0.126011 -0.00155576 0.0135388 0.0849885 -0.0237001 0.0191847 0.00095728 0.00206667 -0.000699801 -0.000418761 -0.00502532 0.0475359 -4.78697e-05 0.00316675 -0.0834261 -0.00226352 1.34062e-05 -0.0171463 -8.9671e-05 -0.00466233 -0.00139724 -0.0821926 -0.000636906 0.0342834 0.000758352 0.00328148 0.0502144 0.000164384 0.00107161 0.0664923 -0.0216318 -0.0102095 -0.067927 -0.00236942 -0.0233155 0.00539795 0.0108661 -0.000570846 -0.00711538 -0.0536401 -0.00264093 -0.0424202 -0.00259726 0.00167641 5.56305e-05 -0.0514487 -0.0117053 0.0103022 -0.00198694 0.000719166 0.00101849 0.000358633 0.0111977 0.0262262 -0.0475054 0.000532654 0.069271 0.010671 -0.000385749 -0.000511432 0.000410809 0.0283043 0.00611328 -0.00837673 -0.000702767 0.0126691 0.0527876 0.028755 -0.0154703 -0.000611089 0.0426971 -0.000468532 0.0556567 0.0448958 -0.00209525 -0.000206954 -0.000191723 0.000883219 -0.00474564 3.64062e-05 -0.0432873 -0.00080312 -0.0403581 -0.0164696 
-1.18345e-05 0.00485123 -0.00124687 0.000245386 0.00108321 -0.000142972 -0.00342647 -0.00240317 -0.00451148 0.000751253 -0.00169072 0.000501119 0.00465708 1.8169e-05 -0.00239589 0.0116895 -0.00155576 0.0208519 0.00352484 0.00360198 0.00458924 -4.1532e-05 0.00264266 -8.02023e-05 -0.00538837 -3.94902e-05 -0.000838415 -0.000689292 6.34731e-05 -0.000578852 -0.00317392 -9.00717e-05 1.02855e-05 -0.0023644 -1.36411e-05 0.00321121 -0.000113222 -0.00311131 -4.20045e-05 -0.000336841 -0.000326546 -4.14646e-05 -0.000184817 -0.000134907 0.000257955 -0.00367334 0.000665416 -0.00109885 0.00393776 0.000252731 -0.0031294 -0.00709576 0.000341706 -0.000213152 0.000165888 0.00429238 -0.000852727 -0.00303515 1.97747e-05 -0.000114779 4.10038e-05 0.00152816 -0.00109974 -0.000373182 -0.000312855 0.000317801 -5.58204e-05 0.000732271 -0.00262567 -0.00396819 -0.00227258 0.000117963 0.00568017 -0.00793735 0.00105211 0.000556583 1.482e-05 0.000311106 0.0028335 0.00497838 -0.000141975 0.000994901 0.00102491 -0.000575019 -0.00225723 -0.000301435 -0.0044769 0.000196805 -0.00295075 -2.39292e-05 -0.000582147 -6.40368e-05 0.000169889 -6.66277e-05 -0.000607829 0.000860993 -0.00478625 -3.22858e-05 -0.00499518 0.00105712 
2.00076e-05 6.04014e-05 -0.00504757 0.00246437 -0.00607716 -0.000314966 0.0135394 -0.00899912 -0.0205178 0.0045936 -0.0052204 -0.000760412 -0.00334035 -5.23767e-05 -0.0371522 0.0100075 0.0135388 0.00352484 0.0601185 0.0364205 -0.00459533 6.48178e-05 0.00244138 -0.000179154 -0.0250185 -0.000169093 -0.00819037 0.0321043 6.54299e-06 -0.00227489 -0.037564 -0.000181869 -1.38627e-05 -0.00786358 0.00572835 0.00147088 -0.00058447 -0.0376088 -0.000284685 0.0368863 -0.000301995 0.00279597 -0.00147665 -0.000381593 0.000165184 -0.000579973 -0.00861075 -0.00463107 -0.0271791 0.0131256 -0.0100229 -0.0132725 -0.000874447 0.00405792 -0.0026033 -0.0206826 0.0025075 -0.00912741 0.00313553 -0.000185401 8.30883e-06 -0.00176716 -0.00346944 -0.00239517 -0.00123617 0.00781444 0.000646696 0.00179169 0.00190292 0.00400439 -0.0202748 0.000360107 0.0390493 -0.00488325 0.00251076 0.00396731 0.00192589 0.0122514 0.010959 0.0021778 -0.000459359 -7.95674e-05 0.00986115 0.00957782 -0.0066781 0.00660224 -0.00858625 8.92173e-05 0.02879 0.015564 -0.0107773 0.000421115 -0.00010394 -0.000242671 -0.0020057 0.00689047 -0.0190094 -0.000345478 -0.0183944 -0.00329534 
0.000256082 -0.00105719 -0.0261664 -0.028043 -0.026664 -0.00118101 0.124087 -0.0481211 -0.118775 0.015163 -0.023261 0.00882032 0.0101198 -0.000256137 -0.182078 0.00891196 0.0849885 0.00360198 0.0364205 0.240256 -0.0425307 0.0107071 0.000642427 0.00149423 -0.00558922 -0.00109799 -0.00733413 0.155944 -9.87556e-05 0.00055772 -0.184882 -0.0054243 -6.85216e-05 -0.047371 0.0011876 -0.0101685 -0.00269703 -0.191014 -0.00170333 0.145998 0.00248883 0.00131391 0.107323 -3.55075e-05 0.000851268 0.123935 0.0239944 -0.0231389 -0.151864 0.024329 -0.0616554 0.00130283 0.00511046 0.000335476 -0.0123426 -0.122195 -0.00846698 -0.0724968 0.00239853 0.00177699 1.61943e-05 -0.0302566 -0.0190269 0.0260938 -0.00717203 0.00111844 0.000219897 0.000501302 0.00577372 0.113746 -0.124382 0.000406802 0.181764 0.0766067 0.00146003 0.00103868 0.000861308 0.0247603 0.0107331 -0.0124913 -0.00292232 0.0178317 0.0397074 0.0229191 -0.0519003 0.00888856 0.0951327 -0.00118115 0.146593 0.0381393 -0.0411228 -0.000411885 -0.000434827 -9.07358e-05 -0.0138163 0.00530122 -0.106456 -0.00199922 -0.10569 -0.0367962 
-0.000108838 0.00296872 0.0042594 8.83603e-05 0.0895589 0.00540131 -0.0417693 0.0708154 -0.00926716 -0.00494308 -0.0142985 -0.00373845 -0.0112301 -9.53195e-05 0.0338897 0.00612539 -0.0237001 0.00458924 -0.00459533 -0.0425307 0.144757 0.00961309 0.00390251 -0.000846079 -0.0196799 0.00211085 0.0257341 -0.0405614 0.000189248 0.00895846 0.0196381 0.00110781 3.9062e-05 -0.0112413 -0.00233196 0.023322 0.0011624 0.0341305 0.00312088 -0.0364202 -0.00109049 -0.000702438 -0.0391109 0.000479479 0.00016614 -0.0425354 -0.0213766 0.0575603 0.0323504 -0.0118834 -0.0252098 -0.0388086 -0.00127983 0.00234909 0.0369754 -0.02781 0.017916 -0.0379576 -0.00348181 -0.00134642 4.94412e-05 0.00910738 0.012297 -0.00807605 0.00410763 0.0107017 -0.000222238 0.00030314 0.01766 -0.0244462 0.0117861 0.000196117 -0.026267 -0.059224 0.000573938 0.00630917 0.0035809 -0.00716032 0.00365041 0.0401769 0.00798946 -0.00507351 -0.0106605 0.00269609 0.00782726 0.00426458 -0.0378255 0.000896751 -0.0437771 -0.00842392 -0.0288109 -0.000827811 0.000937357 0.00021042 0.0286605 -0.000981455 -0.00970502 -0.000747422 -0.0330294 0.00794769 
-1.84301e-05 -0.000200246 -0.00114552 -0.00220599 0.00945389 0.000216466 -0.0123351 0.00764623 -0.013594 -0.00027547 -0.00259702 0.00306711 0.00812251 -3.5457e-05 -0.0193483 -0.0011694 0.0191847 -4.1532e-05 6.48178e-05 0.0107071 0.00961309 0.0417909 0.00041683 0.000188357 -0.00880248 0.000351295 0.00778802 -0.011119 1.84645e-06 0.00436889 -0.0210484 -0.000467878 5.37419e-05 -0.00554667 -0.000212467 0.00310046 -0.000321434 -0.0211632 7.84564e-05 -0.0113067 -0.000833765 -0.000183085 0.00298299 0.000116889 -0.000213489 0.00329677 -0.0159018 0.00649471 -0.00429459 -0.00346283 -0.0059453 -0.0100935 0.00434671 -0.000221719 0.00913113 -0.0140344 0.00986184 -0.0144064 -0.000605899 0.000971408 4.05876e-05 -0.00221733 -0.00319036 -0.00206308 0.00094156 0.00855522 0.000125392 0.000337999 0.00533061 -0.00375997 -0.0132406 0.000227804 0.0137053 -0.0143511 -0.00013297 -3.49137e-05 0.000964619 0.00836611 0.00448712 0.00772648 0.00517537 0.000536373 0.0199993 0.0110131 -0.00813499 0.00337024 -0.00375566 -0.000174972 -0.00214234 0.021631 -0.00460204 -0.000193066 3.1746e-06 -9.90063e-05 0.00845197 -0.000230147 -0.012283 -0.000233701 -0.0106882 0.000272593 
-9.97095e-06 0.00170607 -0.000733655 -0.000741406 0.00170255 3.8537e-05 -0.00381439 0.000200549 -0.00183628 0.000504213 -0.000872129 -8.7399e-05 0.00098578 0.000110918 -0.00099349 0.00344291 0.00095728 0.00264266 0.00244138 0.000642427 0.00390251 0.00041683 0.0108827 -4.27959e-05 -0.00140969 1.16757e-05 -0.00164113 -0.00179507 2.0656e-06 -0.000242215 -0.00217403 -0.000156373 -1.29896e-06 -0.00121875 0.000689097 0.0044865 -8.10028e-05 -0.000716727 -3.27857e-06 -0.00121051 2.62383e-05 0.000461431 -0.0021526 4.52213e-05 0.000192319 -0.00200632 -0.00277501 0.000524121 0.000269232 0.000942309 -0.0015227 -0.00435189 -0.000130321 0.00033268 -0.000387042 -0.000335528 0.000237472 -0.00242074 7.90741e-05 0.000172895 2.79265e-06 -6.55079e-05 -0.000171655 -0.000523736 1.41137e-05 0.00103492 5.52725e-05 0.00117646 0.000358045 -0.00239265 4.19682e-05 9.80161e-05 0.000527947 -0.00383887 -3.67612e-05 0.000167582 -9.47015e-05 0.00237866 0.00128623 0.000513303 -0.000174468 -0.000257154 0.00218769 0.000748786 0.000626734 0.000387363 -0.00251043 0.000428574 -0.000513984 0.00185561 -0.000582233 -5.50011e-05 0.000215721 0.000228322 -0.000101112 -0.000120542 -0.0022888 -5.92237e-05 -0.00262565 -0.00110749 
1.85975e-05 -1.214e-05 -0.000368988 -0.000480367 -0.000640934 -4.1414e-05 0.00155653 -0.00064421 -0.001354 3.85787e-06 -0.000343948 0.000256621 0.000252789 5.02765e-06 -0.00272503 0.000423615 0.00206667 -8.02023e-05 -0.000179154 0.00149423 -0.000846079 0.000188357 -4.27959e-05 0.00585686 -0.000777771 7.16496e-06 -0.000708244 -0.000456301 1.75037e-06 -0.000135699 -0.00279828 -9.72662e-05 5.04193e-07 -0.000252997 2.74554e-05 -0.000413154 -5.65307e-05 -0.00240816 -2.47658e-06 0.000442545 -6.70196e-05 -3.1377e-05 0.00113383 -2.41236e-05 -2.49696e-05 0.00226136 -0.00307717 -0.000388534 -0.00260258 0.000986161 -0.000796684 -0.000601181 0.000206066 0.000150159 -0.0001085 -0.000679557 3.7817e-05 0.00028849 -8.92765e-05 0.000316601 -3.23427e-06 -0.00109825 -0.000525886 -4.45775e-06 -2.3758e-05 8.499e-05 -1.43715e-05 3.40651e-05 -4.29715e-05 0.00141182 -0.00169933 2.25195e-06 0.00217984 0.00110242 -3.117e-05 -6.55265e-05 3.61132e-07 0.000295004 2.97607e-06 -0.000113285 -2.95998e-05 -8.24693e-05 0.00102394 0.000240107 -0.000777143 0.000685123 0.00242142 -9.98054e-06 0.00160156 7.59755e-05 0.00234416 -1.46868e-05 -9.85495e-06 5.24216e-05 -0.00010695 6.18875e-05 -0.0011208 9.07657e-07 -0.00120849 -0.000264939 
-0.000718811 -0.00105815 0.0077889 -0.0238534 -0.00893201 -0.00394357 0.0032277 -0.00677257 0.00885079 -0.00102613 0.00219595 -0.00031744 0.00597484 -0.000378908 0.0368737 -0.0101615 -0.000699801 -0.00538837 -0.0250185 -0.00558922 -0.0196799 -0.00880248 -0.00140969 -0.000777771 0.108775 -0.00206733 0.0103403 -0.00899286 3.67143e-05 0.00225529 0.0363527 -0.00989011 -0.00019583 -0.0072294 -0.00530403 -0.00174489 -0.0014802 0.0329649 -0.00325809 -0.0150432 -0.00622099 -0.00748803 0.0149265 -0.00216328 -0.000979192 0.0151097 0.0354056 -0.00976433 0.0306622 -0.00669933 2.50169e-05 0.0418386 0.00243154 -0.00764999 -0.0127597 0.012724 -0.0179493 -0.00186536 -0.00180503 -0.00099723 -0.000326684 0.0203795 0.00375616 -0.0017299 0.000835202 -0.0221332 -0.00286534 -0.00183077 0.0134578 -0.0135398 0.0111231 -0.000929054 -0.0248035 0.00483477 -0.00237082 -0.00658336 -0.00791516 -0.00844808 -0.0101385 -0.0273565 -0.0134807 -6.7437e-05 -0.00349038 -0.0162355 0.00381793 -0.0209823 0.00341868 -0.00331962 0.000553016 -0.00763872 0.0012927 -0.000397737 -0.000228251 -0.00127224 -0.0226579 -0.0094634 0.0106016 -0.00244703 0.00951192 -0.00361474 
-2.40337e-06 1.13832e-05 7.10307e-05 -0.000364072 0.00203355 0.00109035 -0.0010435 0.00205465 -0.000692124 -6.22356e-05 -0.000233605 -5.79708e-05 -0.000193351 -2.43836e-06 -0.00135946 -0.00010344 -0.000418761 -3.94902e-05 -0.000169093 -0.00109799 0.00211085 0.000351295 1.16757e-05 7.16496e-06 -0.00206733 0.00283056 5.20027e-05 -0.000739302 4.3689e-05 0.00030593 -0.00135619 1.96839e-05 5.93567e-06 -0.000310762 -2.95778e-05 -0.000128099 1.82557e-05 -0.00134508 0.00170439 -0.000716171 -5.44164e-05 2.29489e-05 -0.000640057 5.01602e-05 -5.51372e-06 -0.000699327 -0.00170445 0.00129364 -0.00156249 4.22805e-05 -0.000354076 -0.00236443 -7.01883e-05 0.00147164 0.0020034 -0.000648506 0.00221429 -0.000744544 -2.95497e-05 -2.20023e-05 1.04169e-06 -0.00157424 -0.000189669 -0.000107177 9.5403e-05 6.47863e-05 -8.75421e-06 -7.28097e-07 -0.000590102 0.000173955 0.00114822 2.58613e-05 -0.000413917 -0.00102622 1.44291e-05 0.00180944 -9.23082e-06 -0.000134647 -3.48321e-05 0.00149042 0.000377358 -9.55487e-05 -0.000147137 0.00188046 -0.000558567 0.00100304 -0.00070743 -2.48317e-06 -0.000704169 -0.000190296 -0.000500531 1.90236e-05 3.02409e-05 3.22839e-06 0.00217575 -2.39936e-05 -0.000769389 -1.03399e-05 -0.000600381 -0.000301657 
-0.000132319 -0.00135511 0.0111332 -0.0168666 0.0219438 0.00452795 -0.0403189 0.0253422 -0.0253985 0.0010804 -0.00655669 -0.00397498 0.0121924 -0.000132364 0.0342605 -0.00563948 -0.00502532 -0.000838415 -0.00819037 -0.00733413 0.0257341 0.00778802 -0.00164113 -0.000708244 0.0103403 5.20027e-05 0.137453 -0.0338743 0.00011927 0.0238747 0.0266824 -0.00331323 -2.86109e-05 -0.0162678 -0.000873319 0.0236262 0.0022464 0.0310905 0.000276863 -0.0412752 -0.00189852 -0.00137164 -0.0284398 0.000362385 -0.000595275 -0.0224386 -0.00783302 0.0128455 0.0448834 -0.0104048 -0.0220363 0.00103159 -0.00139531 0.000624521 0.011565 -0.0204379 0.000191958 -0.0375524 -0.00154081 -0.000264092 -2.9549e-05 0.00844716 0.011144 -0.00628343 0.00591497 -0.00250251 -0.000528952 -0.000326407 0.0412038 -0.0369307 0.007397 -0.000184448 -0.0190503 -0.0589444 -0.000422371 0.00233656 -0.00038876 -0.00421419 0.000288245 0.00190158 -0.00271356 -0.00550328 0.0073826 -0.00706826 0.0335052 -0.00519337 -0.0377464 -0.000684523 -0.0401232 0.0118967 -0.00839961 -2.36046e-05 -5.13481e-05 -0.000505958 0.00217061 -0.00195787 0.0223053 -0.00078097 -0.00142515 -0.00922555 
0.000352094 -0.00227522 -0.0211164 -0.0203111 -0.0234081 -0.00155308 0.11623 -0.0375995 -0.0834684 0.00442845 -0.0219642 -0.000182372 -0.0127861 3.32909e-05 -0.151258 0.00364598 0.0475359 -0.000689292 0.0321043 0.155944 -0.0405614 -0.011119 -0.00179507 -0.000456301 -0.00899286 -0.000739302 -0.0338743 0.196063 -0.000126172 -0.00918329 -0.152226 -0.00287331 3.80664e-05 -0.0336015 -0.000992843 -0.0207912 -0.00244846 -0.14826 -0.00113023 0.15428 0.00292758 0.002385 0.0854314 0.000634907 8.72881e-05 0.107408 0.0378737 -0.0190486 -0.142543 0.0183237 -0.0414347 0.00587899 -0.00376687 -0.000115876 -0.0117394 -0.0953423 -0.00735931 -0.0678738 0.00420683 -0.00101159 1.22999e-05 -0.0159371 -0.0168977 0.0317312 -0.00511391 -0.0028077 0.000462118 -0.000364772 -0.0174936 0.117181 -0.0860953 2.35423e-05 0.142819 0.0919983 0.00172235 0.00210322 0.00129133 0.0129512 0.00670625 -0.00935953 -0.000436739 0.0132531 0.0128545 0.0163191 -0.0396818 0.00265177 0.0912176 -0.00105787 0.130109 0.00902092 -0.0476334 -0.00127701 -0.000377459 -0.000350807 -0.0088014 0.00381018 -0.0750245 -0.00127069 -0.0725595 -0.0254925 
-3.55545e-07 8.19841e-07 2.47736e-05 -8.98915e-05 0.000199154 2.08234e-05 -0.000131171 7.57868e-05 -0.000273123 4.62903e-05 -2.52864e-05 6.98756e-06 0.000128052 -9.74185e-07 0.00010247 1.41452e-05 -4.78697e-05 6.34731e-05 6.54299e-06 -9.87556e-05 0.000189248 1.84645e-06 2.0656e-06 1.75037e-06 3.67143e-05 4.3689e-05 0.00011927 -0.000126172 0.00100884 0.000170537 -0.000319285 -1.41278e-05 9.13768e-07 -0.000114059 5.92107e-05 0.000261881 2.63541e-05 4.6893e-05 6.16679e-07 -6.8055e-05 -1.76099e-05 -6.57425e-06 -5.9687e-05 -1.40418e-06 3.5072e-06 -0.000183879 -7.66042e-05 6.70514e-05 8.55659e-05 6.12881e-05 -0.000115015 -0.000235165 -4.13728e-06 3.39853e-05 0.000137648 -0.000357027 0.000262603 9.87476e-07 -3.5296e-06 6.02968e-06 -5.54377e-07 2.92811e-06 9.85501e-05 2.86703e-05 4.73231e-05 3.30096e-05 -1.92577e-06 7.1274e-06 1.20486e-06 -0.000217866 -2.68247e-05 3.93537e-07 -5.84576e-05 -0.000342549 4.74363e-05 1.88237e-05 -4.07456e-06 5.68616e-05 3.17052e-05 3.45881e-05 -1.23676e-05 -2.90905e-05 9.55513e-05 -5.1988e-05 -2.22984e-05 1.41509e-05 -0.000216845 -4.46467e-06 -0.000163982 0.000165236 -0.000153955 -3.2093e-06 2.0597e-06 4.50655e-06 -2.6067e-05 4.91897e-07 -4.42536e-05 -5.62114e-06 -0.000264772 1.24952e-05 
-3.43308e-05 -0.000300346 -0.00253989 -0.00537386 0.00579802 0.00190863 -0.0145405 0.0033719 -0.00799429 -0.000309472 -0.00251874 0.000799719 0.004297 -3.25063e-05 0.00237843 -0.00180089 0.00316675 -0.000578852 -0.00227489 0.00055772 0.00895846 0.00436889 -0.000242215 -0.000135699 0.00225529 0.00030593 0.0238747 -0.00918329 0.000170537 0.036911 0.000579621 -0.000277669 1.40873e-05 -0.00374294 -0.000678084 0.0166693 -0.000242596 0.00429453 0.00076101 -0.0101628 -0.000516069 -0.000146811 -0.00496783 8.92453e-05 -0.000184816 -0.00497152 -0.0129265 0.000488151 0.00769493 -0.00380296 -0.00508004 -0.00045033 0.000662296 0.000773219 0.00201992 -0.00811228 -0.000452146 -0.0134569 -0.000564011 -0.000222242 5.1394e-06 -0.00178112 0.000196151 -0.00184379 -4.95373e-06 -0.000539455 0.000156808 -9.19312e-05 0.0156479 -0.0075183 0.00309356 2.58445e-06 -0.00569682 -0.0130095 -0.000115863 0.001564 -0.000373656 -0.000799522 2.68722e-05 -0.000460545 -0.000212893 -0.000142401 0.00465426 0.00145459 0.0129697 -0.00153462 -0.00754801 0.00014511 -0.00786131 0.00676816 -0.00329806 -0.000204849 0.000114929 9.57785e-05 0.00157889 -0.000484003 0.0035015 -0.000141159 -0.00886585 -0.00379827 
-0.000538801 0.000637467 0.029973 0.0311305 0.00765691 -0.00443385 -0.113397 0.0251407 0.110053 -0.0128631 0.0257588 -0.0126339 -0.00315333 -1.95151e-05 0.203094 -0.0096931 -0.0834261 -0.00317392 -0.037564 -0.184882 0.0196381 -0.0210484 -0.00217403 -0.00279828 0.0363527 -0.00135619 0.0266824 -0.152226 -0.000319285 0.000579621 0.24055 -0.00215172 -0.000126508 0.0403818 -0.00252939 0.0116973 0.00196272 0.201023 -0.00189348 -0.147952 -0.0030347 -0.00441569 -0.0993214 -0.000807461 -0.000742416 -0.123504 0.00589554 0.00540389 0.176305 -0.0258044 0.0552636 0.0294476 -0.00774768 -0.00651304 -0.00429107 0.127889 -0.0122757 0.0779595 -0.0045694 -0.00278192 -0.000190271 0.0443741 0.021099 -0.0261604 0.00240237 -0.0166469 -0.00184569 -0.00149454 0.00832107 -0.126902 0.112684 -0.000876597 -0.179953 -0.0705382 -0.00208308 -0.00668076 -0.00534678 -0.0240576 -0.0118316 -0.00973256 -0.00966101 -0.0205226 -0.0418692 -0.0391907 0.0551098 -0.0234705 -0.100161 -0.000748558 -0.145046 -0.0375694 0.0456052 -0.000237875 0.000140328 -0.00158744 -0.00737337 -0.00700328 0.102413 0.000392199 0.103645 0.0282814 
6.23993e-05 -0.000110217 -0.000830401 0.00724621 -0.00150771 -7.83167e-05 -0.000338459 -0.00160289 0.00508044 -0.000713174 0.00195862 -0.000267282 -0.000900643 0.000194203 -0.00210637 0.000617108 -0.00226352 -9.00717e-05 -0.000181869 -0.0054243 0.00110781 -0.000467878 -0.000156373 -9.72662e-05 -0.00989011 1.96839e-05 -0.00331323 -0.00287331 -1.41278e-05 -0.000277669 -0.00215172 0.0222936 0.000127213 0.000329745 -2.05097e-05 -0.000862992 0.00117385 -0.00196743 -1.67044e-05 -0.00296529 -0.000186331 0.00216169 -0.00406859 0.000452312 4.54698e-05 -0.00391339 -0.00366924 -0.00096506 -0.00268581 -0.00142426 0.00885216 -0.00513642 -0.000422517 -0.000172984 -0.000437477 0.00214593 -0.00010417 0.0105761 0.000288339 0.00139744 0.000247909 -0.00682661 0.000240263 -0.000709363 -0.000221299 0.00472713 0.000166131 -4.9536e-05 -0.00337786 0.00220575 0.00215983 9.028e-05 -0.00377599 -0.0047464 8.41583e-05 -0.000177458 0.00224499 -0.000518038 -0.000423738 0.00168927 0.00375622 -9.90122e-05 -0.000817392 0.000236503 -0.000292885 -0.000160693 0.00252963 0.000192437 -0.00497475 -0.0012735 -0.00188298 4.68296e-05 6.22734e-05 0.00155501 0.0028394 0.00155795 -0.00574148 0.00147598 0.00351614 0.00299064 
3.68348e-06 -1.98645e-06 -3.91277e-06 -1.09319e-05 2.83166e-05 -2.16855e-06 -8.59973e-05 3.20409e-05 -4.18694e-05 -4.26094e-06 -1.68039e-05 -1.17651e-06 6.53362e-07 7.10034e-05 -0.000132507 1.66915e-05 1.34062e-05 1.02855e-05 -1.38627e-05 -6.85216e-05 3.9062e-05 5.37419e-05 -1.29896e-06 5.04193e-07 -0.00019583 5.93567e-06 -2.86109e-05 3.80664e-05 9.13768e-07 1.40873e-05 -0.000126508 0.000127213 0.000261365 4.96964e-06 -3.44949e-06 -2.30956e-05 -7.76121e-07 -9.5141e-05 -1.13256e-06 -3.75042e-05 1.51366e-05 8.5127e-05 -5.52387e-05 4.07112e-05 3.55896e-05 1.05927e-05 -0.000171846 4.66247e-06 -0.000147259 -1.18527e-05 -1.11233e-05 -0.00015412 -6.21176e-06 -1.96827e-06 3.57063e-05 -7.8696e-05 5.44718e-05 -6.95138e-05 -5.27159e-06 -6.23719e-07 2.48982e-06 -0.000137873 -9.11629e-06 -1.02808e-05 -3.16528e-06 6.60783e-05 1.44667e-05 8.1979e-06 3.23217e-06 -8.43498e-06 -5.59762e-05 1.68242e-06 -6.89009e-05 -5.69427e-05 -1.19093e-06 -1.4282e-06 5.59487e-06 0.000145035 -7.82098e-07 6.88707e-05 0.000124135 -4.00527e-06 0.000113838 0.000141771 2.89022e-05 1.91188e-05 4.37701e-05 -1.10027e-06 -4.52399e-05 2.52419e-05 1.74422e-05 -1.60121e-06 1.97018e-05 1.68991e-05 0.000151238 -2.56378e-06 -3.88087e-05 2.75184e-06 2.54659e-05 8.62046e-06 
-0.000109738 -0.00116042 -0.00638959 -0.00297777 -0.0154301 -0.00104764 -0.0470389 -0.0174035 0.0599232 -0.00446566 0.00605154 0.00306434 -0.00888041 -9.31637e-05 0.035336 -0.00508187 -0.0171463 -0.0023644 -0.00786358 -0.047371 -0.0112413 -0.00554667 -0.00121875 -0.000252997 -0.0072294 -0.000310762 -0.0162678 -0.0336015 -0.000114059 -0.00374294 0.0403818 0.000329745 4.96964e-06 0.113287 0.000350107 -0.0105744 0.00270509 0.0444431 -0.000585542 -0.0346718 0.00461142 0.00202673 -0.0210446 -0.000704992 -0.000602747 -0.0212218 -0.0473639 -0.0091187 0.0247121 0.00777925 0.018241 0.00794744 0.000920601 -0.0013727 -0.00609353 0.0225731 -0.00601044 0.00371635 -0.000730734 0.001407 5.55841e-05 -0.00519392 -0.00913596 -0.00538044 -0.000983442 -0.00392316 0.00138465 -0.000351558 -0.0208935 -0.0247396 0.0486069 -0.000110907 -0.0461704 0.0277073 -0.000644902 -0.00127864 -0.00121801 -0.00606314 -0.00258156 -0.00742262 -0.0021454 -0.00122947 -0.00837456 -0.00370931 0.0232195 -0.0050185 -0.0027554 0.0028796 -0.0267881 -0.00868106 0.017928 0.000292393 -8.88562e-05 -0.000294922 -0.00397206 -0.00148381 0.0643237 0.00129438 0.0472416 -0.00966664 
