0.105922 0.0379993 -0.0183492 0.0489017 -0.00109777 -9.14859e-07 -0.00790846 -0.0184953 -0.00191903 -0.0460016 -0.0104898 -0.000328022 -0.0745961 -0.00326324 -0.0559375 -0.00279601 -0.0670663 -0.0345684 -0.000340971 -9.00216e-05 0.00075129 0.0745656 0.0027222 0.0418686 0.0786066 -0.00150435 0.000272791 0.000350907 0.000380356 0.0264962 -0.0629732 -0.00104421 -0.00259801 -0.000816126 -0.0176501 -0.00446701 0.00732331 -0.00146933 0.04901 -0.0177346 -0.00716924 -0.00200401 0.0002269 -0.000413553 -0.0258881 -0.00044966 -8.00599e-05 0.00207187 -0.00382861 -0.00111191 3.57342e-05 -0.00762973 0.0365811 -0.00385842 -0.00620036 0.0774001 -0.000469342 0.00138643 0.00928463 0.000724244 -0.000200236 -0.00568095 -0.00182571 0.0127221 -0.000803114 -0.00502842 -0.000294461 -0.040298 -0.0739258 0.00237547 0.0086836 0.00549935 0.00380046 -0.000250074 -0.000184382 -1.13888e-05 -0.0329688 -0.000866287 0.0318277 -0.016414 -0.00103139 0.0232071 -0.00551102 -0.000535732 -0.0561413 -0.0150419 -7.42935e-05 0.029167 -0.0119193 -0.0399378 -0.00291258 -0.000791689 -0.000205446 0.00153765 -0.00179251 -0.000762273 0.0600547 0.000877955 0.001167 0.0442157 
0.0379993 0.157923 -0.0243929 0.0424928 0.00415314 -3.28128e-05 -0.00623741 -0.0539231 -0.00276772 -0.0727165 -0.0344085 -0.000525896 -0.0596315 -0.000628312 -0.0784064 -0.000539631 -0.0639373 -0.0293239 -0.000308931 0.000130772 0.00354793 0.0438102 0.00753738 -0.00060113 0.0614334 -0.002027 -0.00565256 -0.000437531 0.00699238 0.0607543 -0.0901858 0.00309352 0.0178347 -0.0015027 0.0375019 -0.00695337 0.0288027 0.00340526 0.0568375 -0.0236761 -0.0270302 0.00115608 0.000121814 0.0332192 -0.00562219 -0.00102692 0.0141861 -0.00344955 -0.00235925 0.0020019 -0.000115498 -0.0107732 -0.00645653 -0.00621231 0.00500779 0.0510423 -0.000756635 0.0187494 0.021064 0.000177129 0.00203068 0.00389513 -0.00452654 0.0503152 -0.0088865 -0.00840709 -2.43978e-06 0.00413911 -0.0739316 0.00383395 0.0138026 0.0260521 0.0149263 -0.000466588 3.92493e-07 4.97228e-06 -0.0532956 -0.00100881 0.0127735 -0.0214684 -0.00141448 -0.00309323 -0.00869362 0.00010882 -0.0572025 -0.0130706 -0.000154372 0.0127018 -0.0108583 -0.0346444 -0.00468007 0.00152199 0.000252827 0.000221775 0.0038302 0.000477282 0.0284947 0.000227956 -0.00116084 0.0289985 
-0.0183492 -0.0243929 0.243306 -0.0393215 -0.00447223 5.48725e-05 -0.0252934 0.0897665 0.00576894 0.0168866 -0.036968 -0.000891377 0.0652783 -0.00417135 0.0296688 0.0102594 0.0231428 0.106622 -0.000795414 0.000137108 -0.00207199 -0.0247528 -0.0037859 0.00507009 -0.0382338 0.000423514 0.0489622 -0.00198575 -0.00367184 -0.0220869 0.0867251 -0.00490682 -0.0305 -0.00492518 -0.0202074 -0.0119301 -0.00903709 -0.00494993 -0.0434163 0.0551114 0.0410915 -0.00502686 -0.000329556 -0.0214785 0.040804 0.00245754 -0.0273507 -0.0203923 -0.0191178 -0.005286 2.21909e-05 -0.0216685 -0.0120501 -0.0135004 -0.0259087 -0.0323747 -0.00218137 -0.00687037 -0.00987142 -0.000660882 -0.00237058 0.0188487 0.0110222 -0.0223901 -0.0184849 -0.0183128 -0.00152767 0.0140879 0.0683751 -0.00194281 -0.00438597 -0.0119569 -0.00812634 -0.0016663 -0.000663449 -1.79415e-05 -0.0391465 -0.00395973 -0.0299214 -0.0317097 -0.00278886 -0.0477397 -0.0192457 0.000465362 0.0744629 -0.0182177 -0.000323941 -0.037179 -0.0479314 -0.0158068 0.00599178 -0.00311285 -0.00107636 -0.00303452 -0.00668489 -0.00901724 -0.00594713 -0.00149702 -0.00146863 -0.0419736 
0.0489017 0.0424928 -0.0393215 0.10521 0.00176281 -1.56964e-05 -9.73111e-05 -0.0351959 -0.00201275 -0.0450047 0.00881115 1.38456e-05 -0.081629 -0.00134955 -0.054845 -0.00339488 -0.067704 -0.0665554 0.00102392 -0.00012245 0.00277824 0.0764429 0.00589832 0.0334609 0.084046 -0.00153501 -0.0230187 -0.000305683 0.00375705 0.028121 -0.0828799 -0.0020512 -0.00488665 -0.000794073 -0.0127511 -0.00550146 0.00523321 0.00109564 0.041936 -0.0228623 -0.0168931 -0.000516329 0.000408526 -0.00932146 -0.0418229 -0.000704265 0.0067995 0.00837738 -0.0015472 0.00232267 -1.64853e-05 -0.0036722 0.0302589 -0.00310402 0.0129993 0.0791038 0.000393445 -0.000553653 0.018836 0.000947046 0.00274768 0.00478767 -0.00243728 0.0135495 -0.00468546 -0.00442161 -0.000382846 -0.0441803 -0.0754276 0.00158439 0.0088504 0.00324591 -0.00218726 0.00188003 7.29694e-05 -1.29499e-06 -0.0304276 -0.000872548 0.0559745 -0.0122055 -0.000430019 0.0199703 -0.00408995 -0.000292781 -0.053513 -0.00892751 -4.39655e-05 0.0564008 -0.012599 -0.0480917 -0.00279049 0.000429978 0.00153004 0.00512211 -0.000695473 0.000356847 0.0416665 -0.000525341 0.00419803 0.0674149 
-0.00109777 0.00415314 -0.00447223 0.00176281 0.012145 -1.12289e-06 0.0004518 -0.000572623 -0.000205752 -0.000734834 -0.0071397 -2.74032e-05 -0.00831504 0.00851988 -0.00480884 -0.00020041 -0.00692703 -0.0071358 0.000765396 4.20055e-05 0.000598956 -0.00243035 0.00633027 -0.0013633 -0.00236517 0.00112969 -0.00494938 -7.5258e-05 0.00178228 0.00122519 -0.00793872 -0.000221241 0.000408863 0.000301268 -0.00106142 -0.000211514 -0.000238505 0.0103407 0.00299953 -0.00252885 -0.0103366 0.00926533 0.000167016 0.00620377 -0.00980309 -6.67479e-05 0.000712472 -1.29721e-05 0.000153206 0.000431769 -5.85274e-06 -0.000548969 -0.00158923 -0.000385636 0.00579167 -0.00263616 -2.81725e-05 -0.000226589 0.000952442 -2.00937e-05 -5.61515e-05 2.07499e-06 -0.000302161 0.00207566 -0.000139771 -0.000264863 0.000868881 0.0036613 -0.00756976 0.0013882 0.0013299 -0.0015786 -7.07948e-05 -3.07828e-05 0.000205579 5.12227e-05 -0.00277872 6.50293e-05 0.00290871 -0.00183087 0.00179499 -0.00113046 -0.000360057 0.00197735 -0.00468889 0.00547538 -9.70875e-06 -0.000980204 -0.00147983 -0.00496643 -0.000284731 0.00669445 0.000133981 0.000218039 0.00749585 -0.000412024 -0.0039114 0.00109754 -9.55882e-05 0.00954564 
-9.14859e-07 -3.28128e-05 5.48725e-05 -1.56964e-05 -1.12289e-06 0.000233135 -1.31584e-05 8.94927e-06 -7.60678e-07 -4.29693e-05 -6.11001e-06 4.97515e-07 -1.30999e-05 -4.99956e-07 1.16979e-05 -2.71334e-07 -8.5655e-05 7.73593e-06 5.56918e-06 -2.50225e-07 5.61173e-07 1.56601e-05 -3.15704e-06 3.6393e-05 4.88252e-06 -1.89594e-06 5.92813e-05 -1.65236e-06 -3.03284e-07 -7.31915e-06 2.43696e-05 -4.32373e-06 -1.18946e-05 -4.5264e-06 -5.93583e-05 2.80218e-06 -5.19199e-06 2.89346e-06 5.08649e-05 4.58828e-05 9.87949e-06 -3.78209e-06 3.08389e-07 -2.42761e-05 -1.12076e-05 1.93836e-06 -4.82568e-06 -8.93607e-06 -3.37498e-06 -1.24308e-06 1.78884e-06 -7.06013e-06 4.59277e-05 -7.30771e-06 -1.68272e-05 1.91302e-05 6.00485e-07 -5.59553e-06 8.66411e-07 -1.76443e-07 -1.41403e-06 2.45361e-05 1.8704e-06 -6.33832e-06 -1.08023e-05 -9.84199e-06 5.85488e-08 -1.83033e-05 -1.00569e-05 5.06537e-06 3.05871e-06 -1.05886e-05 -4.75755e-07 8.9286e-07 -3.75045e-07 -2.61197e-08 -6.20577e-05 -1.88072e-06 1.346e-05 -7.12939e-06 -6.97658e-07 -1.04753e-05 -8.91915e-06 1.30036e-06 6.0677e-06 -1.09212e-05 -2.00555e-07 -9.38078e-06 -3.39565e-05 -6.10611e-05 7.71505e-08 -2.00245e-06 7.5006e-06 -1.83648e-06 -3.79479e-06 -2.5718e-06 -8.01701e-06 4.53843e-07 3.93144e-07 -1.05404e-05 
-0.00790846 -0.00623741 -0.0252934 -9.73111e-05 0.0004518 -1.31584e-05 0.0624749 -0.0251429 -0.000953064 -0.0210247 -0.0392366 0.000180739 -0.0421082 0.00018096 -0.028321 -0.00146112 -0.0343374 -0.0329494 0.000848557 3.50554e-06 0.000117219 4.34884e-05 7.51999e-05 -0.00264944 0.0042575 -0.000657388 -0.0288888 -0.000538632 -0.000378817 0.000451355 -0.040129 -0.000650847 0.0389274 0.0127855 -0.0294516 -0.00273692 0.00150086 0.00179828 -0.0329399 -0.010529 -0.045718 0.00575428 -2.77354e-05 -0.00610068 -0.0486628 -0.000365888 0.0398201 0.028994 0.0351134 0.00854584 3.14089e-05 0.0491659 0.0213718 0.0297093 0.0307142 0.0088219 0.00390422 -0.000822834 0.000305579 -2.73879e-05 0.00308692 0.00528896 -0.00146209 0.000330122 0.0347751 0.0403222 0.00210474 -0.0257817 -0.0421454 -0.000130362 -0.000451407 0.0268057 0.00194857 0.00272657 0.00143704 2.48555e-05 0.0277158 0.00257763 -0.00270693 -0.0094736 0.00480377 0.0333399 0.0414031 0.000162429 -0.0238851 -0.00630411 0.000721979 0.00247086 0.0346473 -0.0129522 -0.0014841 0.000863645 0.00150482 0.00294872 0.000887143 0.000556316 -0.019934 0.00159954 0.000228514 0.00143926 
-0.0184953 -0.0539231 0.0897665 -0.0351959 -0.000572623 8.94927e-06 -0.0251429 0.236836 0.00697475 0.108175 -0.0312536 -0.00111251 0.0678196 0.00296802 0.119313 -0.00890338 0.0206775 0.106529 -0.00106754 -0.000358133 -0.00156126 -0.0331233 -0.00343545 -0.00903594 -0.0417104 0.00664331 -0.0584709 -0.00182774 -0.00347916 -0.0234758 0.0780354 -0.00393942 -0.0284877 -0.00608379 -0.0962844 -0.0210693 -0.0113357 -0.000944333 -0.0729438 0.0617295 0.0328983 -0.00143816 -0.000331577 -0.0235598 0.0468803 8.08723e-05 -0.0224151 -0.0176454 -0.0173673 -0.00498456 -0.000106987 -0.0168357 -0.0300242 -0.0124273 -0.0196311 -0.0412931 -0.00201803 -0.00765943 -0.0103346 -0.000489052 -0.002225 0.00519749 0.0122088 -0.0154319 -0.0150934 -0.0169631 -0.0014329 -0.0539458 0.0505306 -0.00188188 -0.00398423 -0.000137383 -0.00858243 -0.00159734 -0.000615835 -3.51762e-05 0.0345087 -0.00314777 -0.0263134 0.0186762 -0.000777334 -0.0393873 -0.0176779 0.000724733 0.0532528 0.00458128 -0.000327883 -0.031111 -0.0405338 0.0225947 0.00906366 -0.000851428 -0.00134566 -0.0029211 -0.0022452 -0.0114187 -0.0392424 -0.00051406 -0.00120577 -0.0339334 
-0.00191903 -0.00276772 0.00576894 -0.00201275 -0.000205752 -7.60678e-07 -0.000953064 0.00697475 0.0166503 0.00460127 -0.00674889 7.02905e-06 0.00426048 0.000178687 0.00814166 -0.000268757 0.00358528 0.00595605 -4.89535e-05 -1.08857e-05 -8.16474e-05 -0.00229921 -0.000239263 -0.00139272 -0.0033601 0.000458173 -0.00365248 -0.000127984 -0.000161693 -0.00126321 0.0042761 -1.77426e-05 -0.000906234 -0.000245157 -0.00578347 0.00149893 -0.000703098 -0.000221902 -0.00851337 0.00240287 0.00168853 -0.000251845 -1.47717e-05 -0.00105234 0.00166687 0.000220663 -0.00115463 -0.000827803 -0.000721686 -0.000186155 3.20937e-05 -0.000823741 -0.00165661 -0.000514955 -0.000463659 -0.00223651 -9.02747e-05 -0.000390875 -0.000458895 -2.97926e-05 -9.77051e-05 0.00426387 0.000406988 -0.00138448 -0.000819481 -0.000696497 -6.55593e-05 -0.00554085 -0.000890236 -9.04764e-05 -0.000363548 -0.00175991 -4.03767e-05 -6.25972e-05 -2.27851e-05 -1.89715e-06 0.00111955 0.000124621 -0.00167903 -0.000750549 -7.2371e-05 -0.00126668 -0.000748677 1.7562e-05 0.00719213 -0.0016838 -1.45669e-05 -0.00154301 -0.00205019 -0.000869932 0.000345997 -0.000130022 -3.78131e-05 -0.000133389 -0.000252823 -0.00051661 -0.0013234 -7.44145e-05 -0.000113692 -0.00196166 
-0.0460016 -0.0727165 0.0168866 -0.0450047 -0.000734834 -4.29693e-05 -0.0210247 0.108175 0.00460127 0.236168 0.0227672 -0.000907044 0.10872 -0.00245119 0.176418 -0.00969079 0.0968047 0.0555619 -0.000997598 -0.000377971 -0.00179933 -0.0780469 -0.00451898 -0.0441409 -0.0790202 0.00437421 -0.100824 -0.00172655 -0.00306311 -0.0289341 0.0918896 0.00265903 -0.0213925 -0.00589582 -0.0786748 -0.0117157 -0.0155044 -0.00119387 -0.131215 0.0522173 0.0351928 -0.00138871 -0.000344249 -0.0321151 0.0516454 -0.000812029 -0.0284581 -0.0182215 -0.0147915 -0.00498537 -1.15072e-06 -0.0178443 -0.0525337 -0.0120755 -0.0222401 -0.0901761 -0.00201582 -0.00826577 -0.0105642 -0.000647108 -0.00230512 -0.014637 0.00624397 -0.0295433 -0.0158005 -0.0162985 -0.00112464 -0.0406306 0.0928058 -0.00187371 -0.00724202 -0.0113461 -0.00615472 -0.00155455 -0.000538457 -4.23543e-05 0.115347 0.000138246 -0.0364346 0.0594681 -0.00302162 -0.0272646 -0.0173398 -0.000976423 0.09219 0.0156648 -0.000317078 -0.0343347 -0.0138383 0.114424 0.00544331 -5.34561e-05 -0.00128575 -0.00291196 -0.000203369 -0.00958234 -0.100362 -0.00205312 -0.00158122 -0.0400591 
-0.0104898 -0.0344085 -0.036968 0.00881115 -0.0071397 -6.11001e-06 -0.0392366 -0.0312536 -0.00674889 0.0227672 0.238152 0.000319825 0.0634884 -0.0145441 0.0299918 -0.00334668 0.0572612 -0.0122344 -0.00157778 -0.000544028 -0.00272588 -0.0168771 -0.00567059 -0.0165148 -0.0150477 -0.00338846 0.0368156 0.0023742 -0.00437034 -0.0267883 0.0457404 -0.00344996 -0.0461118 -0.00998904 0.0633426 -4.72377e-05 -0.0237276 -0.0080717 0.040503 -0.00144228 0.0530876 -0.00990002 -0.000223711 -0.0226213 0.0500945 -0.00178174 -0.0388731 -0.0195036 -0.024701 -0.00724223 -0.000116243 -0.0367613 -0.0251616 -0.0191268 -0.023573 -0.0255187 -0.00299562 -0.0107738 -0.00698993 -0.000472013 -0.00299938 -0.047326 -0.0122497 -0.0290084 -0.022355 -0.0263032 -0.00209435 0.0309049 0.0916825 -0.00271094 -0.0093762 -0.0402386 -0.0126415 -0.00201426 -0.000967053 -5.61978e-05 -1.1176e-05 -0.000565039 0.0108294 0.0480181 -0.0065325 -0.00975294 -0.0260131 -0.00261195 0.023477 0.0256505 -0.000489877 0.0201874 -0.0421609 0.0134525 0.00257721 -0.0044901 -0.00187359 -0.00154689 -0.00454153 -0.00159105 -0.00920296 -0.00364022 0.000398841 0.00449341 
-0.000328022 -0.000525896 -0.000891377 1.38456e-05 -2.74032e-05 4.97515e-07 0.000180739 -0.00111251 7.02905e-06 -0.000907044 0.000319825 0.00309815 -0.000521046 0.000141197 -0.000513837 8.30664e-05 0.000209572 -0.0010994 5.91857e-05 3.31813e-07 -1.24439e-05 7.3713e-05 -2.09181e-05 -0.000178497 0.000134627 4.35668e-05 0.000709026 3.85243e-05 -2.52231e-05 -0.000234339 0.00027506 -1.62107e-05 -0.000231069 -3.4988e-05 0.000762399 0.000327127 -7.356e-05 -3.3142e-05 0.000249955 -0.000581757 -0.000213767 2.09105e-05 5.78021e-05 -0.000272882 -0.000416 -1.23169e-05 -6.36426e-05 0.000372539 -4.46474e-05 6.28403e-05 1.32742e-05 0.000231228 -4.59377e-05 -2.69992e-05 -0.000137699 0.000458757 3.09323e-05 -6.76741e-05 2.21739e-06 4.57018e-05 0.000251266 0.000112674 -4.84341e-05 -0.000253866 -0.00011936 -9.48066e-05 -9.95844e-06 0.000565794 -0.000118626 -1.77571e-05 -6.58465e-05 -0.000107579 -5.54533e-05 0.000385111 -4.10951e-06 9.25189e-06 -0.000822006 7.74809e-05 4.3538e-05 -9.324e-05 0.000519916 1.29389e-05 8.11867e-07 -1.03223e-05 0.000536229 0.000817493 -1.69511e-06 0.000190612 0.000460752 -0.000956246 -7.60138e-05 -2.54235e-07 4.07871e-05 0.000137324 -3.16118e-05 0.000109213 -0.000983698 4.01466e-05 0.000158346 4.7806e-05 
-0.0745961 -0.0596315 0.0652783 -0.081629 -0.00831504 -1.30999e-05 -0.0421082 0.0678196 0.00426048 0.10872 0.0634884 -0.000521046 0.211621 -0.00521155 0.136155 0.000779244 0.146192 0.125314 -0.00195399 -0.00012818 -0.00315528 -0.131738 -0.0089354 -0.0695971 -0.134527 0.00229875 0.0216858 -0.000303715 -0.00312364 -0.0372086 0.147392 -3.18904e-05 -0.0301719 -0.00915428 0.0360561 0.00223821 -0.0136245 -0.00957169 -0.0579254 0.0537169 0.0633372 -0.00995649 -0.000659758 -0.0161878 0.0865899 0.000124437 -0.0450386 -0.034732 -0.0278869 -0.00899818 -0.000129134 -0.0367094 -0.0888311 -0.0224004 -0.0483186 -0.148211 -0.00365243 -0.00339133 -0.0150698 -0.00106064 -0.00356577 -0.0278692 0.00347926 -0.0263778 -0.0317656 -0.0305311 -0.00238031 0.075391 0.174099 -0.00184278 -0.00762905 -0.029166 -0.00387178 -0.00290133 -0.00110803 -7.36826e-05 0.0325861 -0.00203668 -0.0676589 0.0313039 -0.00670686 -0.0663659 -0.0319013 -0.00170613 0.127441 0.0149123 -0.000571852 -0.0627356 -0.00421541 0.087641 0.00692385 -0.00531474 -0.00239524 -0.00516267 -0.00732563 -0.00889155 -0.073559 -0.00324086 -0.00352579 -0.0800383 
-0.00326324 -0.000628312 -0.00417135 -0.00134955 0.00851988 -4.99956e-07 0.00018096 0.00296802 0.000178687 -0.00245119 -0.0145441 0.000141197 -0.00521155 0.0317074 -0.00619453 -0.00016916 -0.00506665 -0.00192393 0.00246899 0.000112223 -1.01032e-05 -0.00256727 0.00466406 0.00144896 -0.00339626 0.00306296 -0.00161893 -5.69233e-05 0.000150656 -0.001774 -0.00358228 -0.000527423 -0.00205591 -0.000187271 -0.000687713 -0.000432684 0.000928231 0.00859931 -3.6102e-05 -0.00612499 -0.00660525 0.00824478 0.000134444 0.0131581 -0.0136556 1.90346e-06 -0.00205283 0.000163374 -0.00138617 -0.000431568 -1.88136e-05 6.71823e-06 -0.00356059 -0.00105018 0.00481316 -0.00745843 0.000421689 -0.000615105 -0.000911502 8.08658e-06 0.000538781 0.00310089 0.00176467 -0.000841021 -0.000773118 -0.00140259 0.000872369 0.0111277 -0.0068712 0.000754553 -8.98156e-05 -0.00409312 -0.000462025 0.0011933 -3.46623e-07 6.32281e-05 -0.00700576 -0.000316957 0.0020184 -0.0036004 0.00187296 -0.00327362 -0.00126653 0.00291439 -0.00843382 0.00634886 -2.67166e-05 -0.000986907 -2.43958e-05 -0.00238752 -0.00052577 0.00556806 0.00125063 -0.000121975 0.00675884 0.00165802 -0.00151492 0.000822103 0.000169685 0.00891525 
-0.0559375 -0.0784064 0.0296688 -0.054845 -0.00480884 1.16979e-05 -0.028321 0.119313 0.00814166 0.176418 0.0299918 -0.000513837 0.136155 -0.00619453 0.248955 -0.010939 0.111405 0.0982909 -0.00135993 -0.000386202 -0.00181389 -0.0922777 -0.00557783 -0.0539492 -0.0969068 0.0053004 -0.0748929 -0.00260719 -0.00411013 -0.035023 0.116167 0.00293457 -0.0277595 -0.0080143 -0.0687149 -0.0018008 -0.0193154 -0.00587429 -0.126212 0.0650475 0.0478934 -0.00590463 -0.000444444 -0.043443 0.067207 -0.000548429 -0.0346816 -0.0231183 -0.0201607 -0.00597618 -2.13557e-05 -0.0236842 -0.062341 -0.0150823 -0.0329979 -0.104681 -0.00248443 -0.00961612 -0.0120857 -0.000793714 -0.00274952 -0.0122334 0.00732401 -0.0305987 -0.0210904 -0.020629 -0.00161963 -0.033411 0.11903 -0.00219326 -0.0086134 -0.0154808 -0.00652623 -0.00195092 -0.000714529 -5.15408e-05 0.0977333 0.000279416 -0.0463428 0.059344 -0.00466087 -0.0392846 -0.0215641 -0.00133641 0.137511 0.00663608 -0.000392864 -0.0423485 -0.0243501 0.0966864 0.00944233 -0.00363327 -0.001661 -0.00365451 -0.00413986 -0.0124402 -0.110738 -0.00296618 -0.00177699 -0.0531069 
-0.00279601 -0.000539631 0.0102594 -0.00339488 -0.00020041 -2.71334e-07 -0.00146112 -0.00890338 -0.000268757 -0.00969079 -0.00334668 8.30664e-05 0.000779244 -0.00016916 -0.010939 0.0280601 0.00409034 -0.000722262 0.000137394 9.67385e-05 -0.000130331 -0.00161053 -0.00015664 0.00441272 -0.00497927 -0.000327354 0.0143657 0.000237398 -0.000245788 -0.00197696 0.00590255 0.000848004 -0.00215915 -0.00042814 0.00930434 0.00148251 -0.000800474 -0.000291948 0.00245125 -0.00371823 0.00268444 -0.000189418 -1.5029e-05 0.00199701 -0.000435745 0.00123127 -0.00201397 -0.00115448 -0.00124872 -0.000272036 -1.54716e-05 -0.00163341 -0.000297269 -0.000931598 -0.00193183 -0.00192873 -0.000130475 -0.000501223 -0.000639927 -4.55329e-06 -0.00014916 0.00403401 -0.000412345 -0.00161557 -0.00151232 -0.0012528 -0.000110505 0.0146189 0.00391517 -0.000150515 -0.000216942 -0.00386647 -0.000564225 -4.92114e-05 -4.16951e-05 4.68566e-06 -0.00829691 -0.000333365 -0.0017468 -0.00418883 -0.000364008 -0.00326434 -0.00129973 0.000136193 -0.00690185 -0.00305295 -1.38624e-05 -0.00252293 -0.00213762 -0.00273228 -0.000654165 -0.000245496 -4.52183e-05 -0.000221975 -0.000462266 0.0024237 0.0108679 -0.000123917 -0.00020867 -0.00306397 
-0.0670663 -0.0639373 0.0231428 -0.067704 -0.00692703 -8.5655e-05 -0.0343374 0.0206775 0.00358528 0.0968047 0.0572612 0.000209572 0.146192 -0.00506665 0.111405 0.00409034 0.243935 0.0698135 -0.00158919 0.000237637 -0.0027535 -0.110844 -0.00694624 -0.0620501 -0.116547 -0.00550663 0.0433679 9.36e-05 -0.00513804 -0.0453185 0.132098 0.0039128 -0.0339162 -0.00725903 0.0585275 0.0128943 -0.0242562 -0.00755533 -0.0502702 -0.00340264 0.0604491 -0.00839695 -0.000544648 0.0039087 0.0643362 0.00131626 -0.0422392 -0.0294123 -0.0235104 -0.00752022 -9.80861e-05 -0.0328744 -0.0693976 -0.0185315 -0.0408767 -0.115711 -0.00305496 -0.0107955 -0.0161567 -0.000867638 -0.00347273 -0.0305516 -0.00760438 -0.0396332 -0.028658 -0.0251401 -0.00190367 0.0610981 0.154645 -0.00313605 -0.0120905 -0.0629734 -0.00918561 -0.00241294 -0.000859867 -6.38178e-05 0.0553702 -0.000112197 -0.0574964 0.0326936 -0.00595065 -0.041241 -0.026616 -0.0024186 0.110626 -0.00481402 -0.000454619 -0.0523432 0.0186052 0.112187 -0.0117924 -0.00374863 -0.00169903 -0.0042531 -0.00604996 -0.00114641 -0.0322445 -0.003986 -0.00384655 -0.0671202 
-0.0345684 -0.0293239 0.106622 -0.0665554 -0.0071358 7.73593e-06 -0.0329494 0.106529 0.00595605 0.0555619 -0.0122344 -0.0010994 0.125314 -0.00192393 0.0982909 -0.000722262 0.0698135 0.242118 -0.00150803 -4.41846e-05 -0.00213376 -0.0805107 -0.00762118 -0.0393216 -0.0824935 0.00115826 -0.000231982 -0.00257228 -0.00411984 -0.0136543 0.104199 0.000581721 -0.0136191 -0.00711277 -0.0248767 -0.0186292 0.00194144 -0.00808028 -0.0663209 0.070169 0.0441394 -0.00853891 -0.000446265 -0.0075945 0.0637184 0.000486936 -0.0326429 -0.0268503 -0.0249111 -0.00702943 -8.3242e-05 -0.0279674 -0.0588582 -0.0189591 -0.0460403 -0.0927759 -0.00298585 0.00136388 -0.0135129 -0.00104644 -0.00274132 -0.00412252 0.00622959 -0.00994631 -0.0242192 -0.0258471 -0.0014486 0.0355772 0.0990511 -0.00115384 -0.00391906 -0.004433 0.00687729 -0.00238689 -0.000875124 -6.42168e-05 0.00829417 -0.00332452 -0.0557674 -0.00396418 -0.00326052 -0.0600984 -0.0269691 -0.000986303 0.109182 -0.000846151 -0.000492863 -0.053081 -0.0236015 0.0339065 0.00925612 -0.00472775 -0.00174492 -0.00403734 -0.00606691 -0.0178174 -0.0625406 -0.00120239 -0.00280949 -0.0622437 
-0.000340971 -0.000308931 -0.000795414 0.00102392 0.000765396 5.56918e-06 0.000848557 -0.00106754 -4.89535e-05 -0.000997598 -0.00157778 5.91857e-05 -0.00195399 0.00246899 -0.00135993 0.000137394 -0.00158919 -0.00150803 0.00293477 4.62193e-05 3.74614e-05 0.00101499 0.000715495 0.00159405 0.00101306 1.50986e-05 -0.000933925 -2.36785e-05 3.76391e-05 -1.90751e-05 -0.00161823 -5.37698e-05 -0.000202966 -5.27581e-05 -0.000956655 0.000100968 0.00100189 0.000808157 -0.00110905 -0.000583383 -0.00142277 0.000666989 8.25495e-05 7.83788e-05 -0.00235888 -1.85231e-05 -0.000154002 0.000701278 -0.000126274 -2.8282e-05 -4.90581e-07 6.36424e-05 0.000192995 -9.46691e-05 0.000920457 -0.000557315 0.000554843 -6.84408e-05 -6.66588e-05 3.23096e-05 0.000450029 0.00138831 0.000377181 -8.91229e-05 -4.58783e-05 -0.000121814 0.000241548 0.000354828 -0.00174754 0.000101272 4.90829e-05 -0.000373912 2.85653e-06 0.000900275 4.10326e-05 2.44036e-05 -0.000848295 -2.07733e-05 0.000483775 -0.000412997 0.000189965 -0.000296548 -6.15707e-05 0.000524163 -0.00114486 -6.2827e-05 -1.26485e-06 0.000712266 -0.000557677 -0.000650174 2.28083e-05 0.000426568 0.00089516 1.83856e-05 0.000415304 0.000905194 -0.000572812 2.63396e-05 0.000292639 0.00224056 
-9.00216e-05 0.000130772 0.000137108 -0.00012245 4.20055e-05 -2.50225e-07 3.50554e-06 -0.000358133 -1.08857e-05 -0.000377971 -0.000544028 3.31813e-07 -0.00012818 0.000112223 -0.000386202 9.67385e-05 0.000237637 -4.41846e-05 4.62193e-05 0.0010719 1.08607e-06 -0.000192264 0.000108256 -8.64144e-05 -0.000136676 -1.45848e-05 0.000481078 -1.01958e-06 -8.9655e-06 -6.91456e-05 8.97695e-05 -9.94808e-06 -4.52722e-05 8.29709e-05 0.000273856 0.000110484 -6.86202e-06 3.29556e-05 -0.000193927 -0.000189519 -8.15913e-06 4.66624e-05 -7.01784e-07 0.000392825 -0.000767198 6.96736e-06 -6.8685e-05 -2.09906e-05 -3.29495e-05 -1.43611e-05 1.00174e-06 4.23058e-06 -0.000111463 -2.63057e-05 -8.2213e-05 -0.00016666 5.48684e-06 -2.05932e-05 -3.22599e-05 -1.059e-06 1.35153e-05 -7.00475e-05 -2.53593e-05 7.23481e-05 -4.95404e-05 -3.65858e-05 1.751e-05 0.000313061 0.000159283 3.55613e-06 -3.99172e-06 -0.000139785 -1.83813e-07 1.81744e-05 -1.53694e-06 3.90917e-07 -0.000273194 1.83974e-05 -9.27587e-05 -0.000151416 2.48435e-05 2.74546e-05 -3.83704e-05 1.21488e-05 -0.000142046 -1.00587e-05 -8.33999e-07 -6.41425e-05 0.000595021 0.00031525 -2.61506e-05 1.46965e-05 1.36503e-05 4.43047e-05 -3.08013e-06 5.51718e-05 0.000266217 -5.5774e-06 1.49342e-05 -1.08422e-05 
0.00075129 0.00354793 -0.00207199 0.00277824 0.000598956 5.61173e-07 0.000117219 -0.00156126 -8.16474e-05 -0.00179933 -0.00272588 -1.24439e-05 -0.00315528 -1.01032e-05 -0.00181389 -0.000130331 -0.0027535 -0.00213376 3.74614e-05 1.08607e-06 0.00514288 0.000120257 0.000558833 -0.000502578 0.000180557 -3.46672e-06 -0.00201903 -3.56098e-05 0.00141056 0.00327975 -0.00349406 -6.82321e-05 0.00212126 3.12885e-05 -0.00124377 -9.68419e-05 0.00168947 0.000414393 0.00162879 -0.000424539 -0.004194 2.33277e-05 2.21317e-06 0.000818106 -0.00226965 -2.66607e-05 0.0031355 5.04776e-05 0.00121498 0.00136204 -2.18115e-06 -0.000334692 -0.000570504 -0.000148877 -0.000259345 -0.000299489 7.45669e-05 3.69297e-05 0.00260938 5.88248e-05 0.00106057 0.000182474 -9.42467e-05 0.00405274 8.19992e-05 -0.000164777 -1.89878e-05 -0.000135206 -0.00309817 0.000987244 0.00273159 0.00231278 0.000671693 5.45671e-05 7.74078e-05 2.32058e-07 -0.00139714 -5.65259e-05 0.000428654 -0.000345167 -4.23348e-06 -0.000550232 -0.000183433 1.45386e-05 -0.00232455 -0.000522024 -2.92392e-06 -0.000405118 5.18623e-05 -0.00194323 -8.48603e-05 7.44073e-05 7.75149e-05 -2.09577e-05 -2.40283e-07 -9.37784e-05 -0.00128474 -3.09515e-05 -2.22549e-05 0.000369306 
0.0745656 0.0438102 -0.0247528 0.0764429 -0.00243035 1.56601e-05 4.34884e-05 -0.0331233 -0.00229921 -0.0780469 -0.0168771 7.3713e-05 -0.131738 -0.00256727 -0.0922777 -0.00161053 -0.110844 -0.0805107 0.00101499 -0.000192264 0.000120257 0.164967 0.000790706 0.0825578 0.136163 -0.0018045 -0.00463943 1.65365e-05 -0.00170726 0.0220041 -0.0905283 -0.00117328 -0.0154524 0.00012761 -0.0342435 -0.0030918 0.00294356 -0.00180801 0.0709404 -0.0342463 -0.00171012 -0.00302558 0.000546839 -0.00383557 -0.0341773 -0.00074445 0.00046088 0.00936878 -0.00665866 0.000787341 0.000115711 -0.00125438 0.0748809 -0.00545667 0.0256234 0.141461 -0.000237053 0.000772297 0.0113901 0.00104103 0.00106843 0.0314249 -0.000487815 0.00479996 -0.00163637 -0.00751201 -0.000557019 -0.0729695 -0.126977 -0.00096136 0.00113846 0.0014452 -0.00398563 0.00208021 -0.000330592 6.13517e-06 -0.047289 -0.000792663 0.0715685 -0.0192109 0.000933296 0.0245483 -0.0045921 0.00012101 -0.0850884 -0.0137369 -0.000102798 0.0680301 -0.0297707 -0.0811884 -0.00473788 -0.00143688 0.00163028 0.00390562 -0.000562445 0.00832339 0.0864129 0.00014336 0.00299276 0.0733732 
0.0027222 0.00753738 -0.0037859 0.00589832 0.00633027 -3.15704e-06 7.51999e-05 -0.00343545 -0.000239263 -0.00451898 -0.00567059 -2.09181e-05 -0.0089354 0.00466406 -0.00557783 -0.00015664 -0.00694624 -0.00762118 0.000715495 0.000108256 0.000558833 0.000790706 0.0144665 -0.00111173 0.0010951 0.000839585 -0.00404204 -3.16038e-05 0.000658211 0.00464225 -0.00867338 -0.000139139 2.73508e-05 -0.000252124 -0.00155127 -0.000135613 0.000641183 0.00585456 0.00398842 -0.00268633 -0.00995854 0.005054 0.000148426 0.00267801 -0.00752875 1.23169e-05 0.00264835 0.000561055 -0.000212084 0.00109278 -7.7534e-06 -0.000471392 -0.00124235 -0.000301302 0.00234473 0.00205541 3.54419e-06 -0.000300874 0.00352104 0.000116922 -4.45193e-05 0.000260878 -0.000335898 0.00482679 0.000660599 -0.000149535 0.00101728 0.000514673 -0.0077733 0.00144794 0.00217183 0.000864074 -8.07418e-05 -1.94909e-05 0.000194464 5.3211e-05 -0.00378925 -0.00016618 0.000743776 -0.00198983 0.000837263 -0.00136948 -2.74776e-05 0.00166256 -0.00565601 0.00251904 1.25837e-05 -0.00113041 -0.000907745 -0.00483726 -0.000327525 0.00431897 0.000260225 0.000133471 0.00438152 -0.000463783 -0.00159753 0.000450635 -2.46147e-05 0.00706614 
0.0418686 -0.00060113 0.00507009 0.0334609 -0.0013633 3.6393e-05 -0.00264944 -0.00903594 -0.00139272 -0.0441409 -0.0165148 -0.000178497 -0.0695971 0.00144896 -0.0539492 0.00441272 -0.0620501 -0.0393216 0.00159405 -8.64144e-05 -0.000502578 0.0825578 -0.00111173 0.110525 0.0714017 0.000388089 0.0129315 0.000193556 -0.00121288 -0.00663587 -0.0321952 -0.00217282 -0.00970396 -0.000378118 -0.0253735 0.000318614 0.00121875 -0.00141278 0.0369031 -0.023322 0.00840611 -0.00155382 0.000216615 -0.012416 -0.0190413 -0.000710145 -0.0082814 0.000695921 -0.00500766 -0.00141276 9.84685e-05 -0.00558343 0.0681074 -0.00400759 0.00892771 0.0750193 -7.06847e-05 -0.00282067 -0.00211581 0.000719889 0.000106351 0.0278043 0.000562964 -0.00886324 -0.00297359 -0.00526202 -0.000244667 -0.0264441 -0.0678483 -0.000431492 -0.001848 -0.0130938 -0.00249355 0.00119542 -0.000200247 1.74042e-05 -0.0309734 2.59292e-06 0.0402409 -0.0107342 -0.00159278 0.013486 -0.00527949 0.000381704 -0.0550817 -0.0158466 -9.20621e-05 0.0352255 -0.0235753 -0.0501978 -0.00297741 -0.00105418 0.0007772 0.0003282 -0.0019416 0.0120767 0.0639818 -0.000332037 0.00130404 0.0332928 
0.0786066 0.0614334 -0.0382338 0.084046 -0.00236517 4.88252e-06 0.0042575 -0.0417104 -0.0033601 -0.0790202 -0.0150477 0.000134627 -0.134527 -0.00339626 -0.0969068 -0.00497927 -0.116547 -0.0824935 0.00101306 -0.000136676 0.000180557 0.136163 0.0010951 0.0714017 0.164883 -0.00208659 -0.0172932 -0.000354012 0.000774957 0.0380119 -0.111226 -0.00079671 -0.00339261 0.0013064 -0.0269141 -0.00602684 0.0144747 -0.00204937 0.0650038 -0.0349889 -0.0126445 -0.00271071 0.000517223 -0.00285825 -0.0387424 -0.00117101 0.00178504 0.0110111 -0.00746479 0.000348957 0.000116589 -0.000299569 0.0607791 -0.00427148 0.0248792 0.136977 0.000337016 0.0088941 0.013558 0.00110714 0.00305001 0.0250158 -0.00233375 0.0181812 -0.004547 -0.00666086 0.000131897 -0.072146 -0.130388 -0.00033501 0.00259824 0.0165681 0.00311873 0.0028251 -0.000272927 -3.9487e-06 -0.0479666 -0.00054495 0.0683309 -0.0176006 0.000245544 0.0294603 -0.00387445 -0.000162709 -0.0917191 -0.0140996 -1.79523e-05 0.0708512 -0.0235741 -0.074966 -0.00475449 -0.00153914 0.00166218 0.00501874 -0.000320695 0.00586683 0.0738816 0.000225292 0.00383421 0.0778745 
-0.00150435 -0.002027 0.000423514 -0.00153501 0.00112969 -1.89594e-06 -0.000657388 0.00664331 0.000458173 0.00437421 -0.00338846 4.35668e-05 0.00229875 0.00306296 0.0053004 -0.000327354 -0.00550663 0.00115826 1.50986e-05 -1.45848e-05 -3.46672e-06 -0.0018045 0.000839585 0.000388089 -0.00208659 0.0144435 -0.00637845 -7.07506e-06 -5.71376e-05 -0.000850794 0.00199346 -0.000248158 -0.0006919 -0.000215657 -0.00552059 -0.000834885 -0.000311406 0.0010687 -0.00551085 0.0026361 0.000193418 0.00102316 5.12488e-05 0.000374383 0.000177021 -5.46998e-05 -0.000960421 -0.000369026 -0.00059382 -0.000162367 -7.08313e-06 -0.000404119 -0.00182638 -0.000456002 -2.75498e-05 -0.00263401 -6.99069e-05 8.06404e-05 -0.000406675 3.21984e-05 -8.43865e-05 0.00340723 0.0022269 -0.000184705 0.000256909 -0.000620942 0.00034166 0.00071828 -0.000935009 9.44487e-05 -0.000256836 0.00137757 -0.000313387 1.75272e-06 -2.25089e-05 2.53581e-05 -0.000667908 -0.00013134 -0.000763753 0.00175922 8.59752e-05 -0.0012713 -0.000664569 0.000439771 -0.00148489 0.00218327 -9.91811e-06 -0.000470891 -0.00124385 -0.00212246 0.000217385 0.000780358 -1.6211e-05 4.46891e-06 0.00111839 -0.000203665 -0.0043701 -5.48117e-05 4.57373e-05 5.55417e-05 
0.000272791 -0.00565256 0.0489622 -0.0230187 -0.00494938 5.92813e-05 -0.0288888 -0.0584709 -0.00365248 -0.100824 0.0368156 0.000709026 0.0216858 -0.00161893 -0.0748929 0.0143657 0.0433679 -0.000231982 -0.000933925 0.000481078 -0.00201903 -0.00463943 -0.00404204 0.0129315 -0.0172932 -0.00637845 0.248067 0.00244737 -0.00360512 -0.0265051 0.0629111 -0.00101273 -0.0341821 -0.00508081 0.115351 0.0248065 -0.0161079 -0.00547674 0.0986809 -0.0191957 0.0480148 -0.00667177 -0.000298795 0.0255868 0.0263301 0.00141646 -0.0282357 -0.0210151 -0.0206821 -0.00585705 7.48857e-05 -0.0233079 0.0103572 -0.0146447 -0.0326961 0.000325186 -0.00221842 -0.0083845 -0.0117312 -0.000488586 -0.00269709 -0.00304249 0.00213915 -0.0148321 -0.0179968 -0.0196493 -0.00163061 0.0883645 0.0542839 -0.00243308 -0.00635612 -0.0577934 -0.00979143 -0.00188939 -0.000731136 -4.96025e-05 -0.108268 -0.00286958 -0.0192298 -0.045899 -0.00242908 -0.0131067 -0.0210455 -0.000701717 0.000846637 -0.00561528 -0.000322866 -0.0232921 0.000551453 -0.0269551 -0.0030989 -0.00311608 -0.000957493 -0.00200021 -0.00685353 0.0101623 0.0853943 -0.00207246 -0.000516302 -0.0336148 
0.000350907 -0.000437531 -0.00198575 -0.000305683 -7.5258e-05 -1.65236e-06 -0.000538632 -0.00182774 -0.000127984 -0.00172655 0.0023742 3.85243e-05 -0.000303715 -5.69233e-05 -0.00260719 0.000237398 9.36e-05 -0.00257228 -2.36785e-05 -1.01958e-06 -3.56098e-05 1.65365e-05 -3.16038e-05 0.000193556 -0.000354012 -7.07506e-06 0.00244737 0.00816175 -3.98024e-05 -9.75953e-05 0.000714425 -0.000124494 -0.000607041 -0.000136691 0.00339719 0.00100805 -0.000240052 -0.0001023 0.00225533 -0.00163279 0.000640963 -0.000121728 -7.08296e-06 0.000591491 0.000799841 -8.89704e-06 -0.000577535 -0.000413666 -0.000316905 -0.000107383 -1.11055e-06 -0.000535398 -0.000291946 -0.00025295 -0.000715239 0.000394963 -4.38006e-05 -8.30053e-05 0.000659289 -1.09091e-05 -4.2647e-05 -0.000782919 -0.000204249 -0.000159021 -0.000300494 -0.000337689 6.83182e-05 0.0021201 0.0010519 3.96571e-06 -0.000144792 -0.000587715 -0.000173685 -3.19444e-05 -1.32357e-05 -9.21793e-07 -0.00218616 6.56955e-05 -0.000564043 -0.000972472 -7.77099e-05 1.97391e-05 -0.000375917 -3.21311e-05 -0.00253014 0.00155977 -6.94447e-06 -0.000629912 2.13077e-05 -0.000522294 -0.000205976 -4.23131e-05 -2.45245e-05 -6.39003e-05 -1.24476e-05 -0.000220237 0.0022115 -5.68728e-05 2.73193e-06 -0.000708906 
0.000380356 0.00699238 -0.00367184 0.00375705 0.00178228 -3.03284e-07 -0.000378817 -0.00347916 -0.000161693 -0.00306311 -0.00437034 -2.52231e-05 -0.00312364 0.000150656 -0.00411013 -0.000245788 -0.00513804 -0.00411984 3.76391e-05 -8.9655e-06 0.00141056 -0.00170726 0.000658211 -0.00121288 0.000774957 -5.71376e-05 -0.00360512 -3.98024e-05 0.00954618 0.00773246 -0.00675221 -0.000106704 0.00403875 -0.000166144 -0.000103458 -0.000464177 0.00389399 0.000839458 0.00333891 -0.00157293 -0.0076889 0.000412056 2.27462e-05 0.000364389 -0.00236664 -5.95886e-05 0.00505982 -0.000120308 0.00239614 0.00127984 -5.92847e-06 -0.000629923 -0.00134557 -0.000292091 -0.000598416 -0.000568028 -4.56536e-05 0.00193159 0.00639175 1.00466e-05 0.000641372 -0.000903278 -0.000239513 0.0073147 -0.000279065 -0.000328937 0.000124184 0.00349504 -0.00569851 0.00108128 0.00533881 0.00405335 0.000843859 -3.79199e-05 -2.64731e-06 1.58698e-06 -0.00288566 -0.000111492 -0.000779372 -0.00113167 -4.94002e-05 -0.00107557 -0.000425594 -3.4388e-05 -0.00442238 -0.000919614 -6.72349e-06 -0.000670121 -0.000845224 -0.0033812 -0.000164182 0.00031136 2.35411e-05 0.000244043 0.000232657 -0.000240389 -0.00220517 0.000310751 -6.47737e-05 0.00108983 
0.0264962 0.0607543 -0.0220869 0.028121 0.00122519 -7.31915e-06 0.000451355 -0.0234758 -0.00126321 -0.0289341 -0.0267883 -0.000234339 -0.0372086 -0.001774 -0.035023 -0.00197696 -0.0453185 -0.0136543 -1.90751e-05 -6.91456e-05 0.00327975 0.0220041 0.00464225 -0.00663587 0.0380119 -0.000850794 -0.0265051 -9.75953e-05 0.00773246 0.0732702 -0.0563439 0.00137072 0.0208787 -0.000108975 -0.00137687 -0.00281859 0.0285529 0.000324988 0.0207777 -0.00894867 -0.0347095 -0.00122511 -4.62708e-05 0.00794363 -0.0101979 -0.000496443 0.021465 -0.000940945 0.0024293 0.00333843 -4.57848e-05 -0.00454225 -0.0100105 -0.00223952 0.000411847 0.0252257 -0.000346826 0.0148449 0.0220541 0.000432426 0.00211169 0.00574323 -0.00159472 0.0454516 -0.00253643 -0.00293688 0.000330981 -0.00295849 -0.0480738 0.00395628 0.0143689 0.0355834 0.0144719 -6.51669e-05 0.000139476 -2.76138e-06 -0.0236537 -0.000903805 0.0013952 -0.00875942 -0.000509875 -0.00707876 -0.00304985 -0.000253468 -0.0358521 -0.0081308 -4.04447e-05 0.000808409 -0.0027627 -0.0209733 -0.00171306 -0.000543088 0.000352623 0.00108004 -0.00120645 -0.00236642 0.00408473 0.000773583 -0.000420884 0.0160163 
-0.0629732 -0.0901858 0.0867251 -0.0828799 -0.00793872 2.43696e-05 -0.040129 0.0780354 0.0042761 0.0918896 0.0457404 0.00027506 0.147392 -0.00358228 0.116167 0.00590255 0.132098 0.104199 -0.00161823 8.97695e-05 -0.00349406 -0.0905283 -0.00867338 -0.0321952 -0.111226 0.00199346 0.0629111 0.000714425 -0.00675221 -0.0563439 0.197533 -0.000878378 -0.0484657 -0.00691168 0.0273136 0.00965055 -0.0278438 -0.00900268 -0.045172 0.0455326 0.0748663 -0.00935145 -0.000639004 -0.0204862 0.0796354 0.00118033 -0.0497647 -0.0356362 -0.0307033 -0.00922852 0.000106769 -0.0307623 -0.0504788 -0.0233393 -0.0447214 -0.101483 -0.00383231 -0.0171835 -0.0205844 -0.00103958 -0.00437445 -0.00439208 0.00580393 -0.0454583 -0.028296 -0.031486 -0.00200137 0.0607607 0.153421 -0.0037186 -0.0131531 -0.0507735 -0.0136512 -0.00291433 -0.00115785 -5.57181e-05 0.0187157 -0.00279524 -0.0626768 0.0212006 -0.00382704 -0.0595528 -0.0331004 -0.00129126 0.119374 0.0160196 -0.000576119 -0.0617455 -0.0118207 0.0610237 0.00568728 -0.00484893 -0.00184279 -0.00426108 -0.00860146 -0.00452964 -0.0401094 -0.00364618 -0.00331664 -0.0802551 
-0.00104421 0.00309352 -0.00490682 -0.0020512 -0.000221241 -4.32373e-06 -0.000650847 -0.00393942 -1.77426e-05 0.00265903 -0.00344996 -1.62107e-05 -3.18904e-05 -0.000527423 0.00293457 0.000848004 0.0039128 0.000581721 -5.37698e-05 -9.94808e-06 -6.82321e-05 -0.00117328 -0.000139139 -0.00217282 -0.00079671 -0.000248158 -0.00101273 -0.000124494 -0.000106704 0.00137072 -0.000878378 0.0198467 0.00151706 -9.05007e-05 0.0017074 0.000553633 0.00169627 -0.000174211 -0.00647602 -0.00324513 0.000257807 -0.000241632 -1.71409e-05 0.00443863 0.00182724 0.000876551 -0.00138622 -0.000961217 -0.000921365 -0.000270097 -8.2413e-06 -0.00121685 -0.00209528 -0.000650702 -0.00119626 -0.00170157 -9.60736e-05 0.00297 -0.00015975 -3.18291e-05 0.000351519 -0.000780626 -0.000461065 0.000781464 -0.000986953 -0.000891568 -3.43214e-05 -0.00259318 -0.00181797 -0.000105929 -0.000352086 0.00026323 0.00123316 0.000111572 -2.61135e-05 -8.35684e-07 0.00529976 0.000302485 -0.00166035 -0.00180446 -0.000240086 -0.0018944 -0.000878775 -9.25078e-05 0.00288809 -0.000180419 -3.96666e-06 -0.00177331 0.000944299 0.00238206 -0.000503808 -0.000131497 0.000135218 -0.000153102 9.8082e-05 -0.000227576 -0.00199312 -7.68579e-05 -0.000156345 -0.00147564 
-0.00259801 0.0178347 -0.0305 -0.00488665 0.000408863 -1.18946e-05 0.0389274 -0.0284877 -0.000906234 -0.0213925 -0.0461118 -0.000231069 -0.0301719 -0.00205591 -0.0277595 -0.00215915 -0.0339162 -0.0136191 -0.000202966 -4.52722e-05 0.00212126 -0.0154524 2.73508e-05 -0.00970396 -0.00339261 -0.0006919 -0.0341821 -0.000607041 0.00403875 0.0208787 -0.0484657 0.00151706 0.0722187 0.00976966 -0.0192714 -0.00311941 0.019384 0.00190605 -0.0234391 -0.00994509 -0.0496422 0.00438262 -7.55884e-05 0.00177178 -0.0359456 -0.000445645 0.0410811 0.017786 0.0335666 0.00794265 -3.07332e-05 0.0325274 0.00726458 0.0231273 0.0182508 -0.00962512 0.00133395 0.010909 0.00342692 -4.31759e-05 0.00174695 0.0023931 -0.00194853 0.0223737 0.0279142 0.0329971 0.00198391 -0.00829658 -0.046724 0.00226681 0.00581938 0.0347703 0.018422 -7.02408e-05 0.00129243 6.22295e-06 0.0195252 0.00217711 -0.00705459 -0.0111056 0.00231424 0.025144 0.0313391 -0.000355468 -0.0255506 -0.00956757 0.000654807 -0.00656668 0.0348176 -0.000747494 -0.00173533 0.000521413 -2.11356e-05 0.000227839 0.00150074 -0.00256878 -0.0257295 0.00068686 -0.000615353 -0.00550596 
-0.000816126 -0.0015027 -0.00492518 -0.000794073 0.000301268 -4.5264e-06 0.0127855 -0.00608379 -0.000245157 -0.00589582 -0.00998904 -3.4988e-05 -0.00915428 -0.000187271 -0.0080143 -0.00042814 -0.00725903 -0.00711277 -5.27581e-05 8.29709e-05 3.12885e-05 0.00012761 -0.000252124 -0.000378118 0.0013064 -0.000215657 -0.00508081 -0.000136691 -0.000166144 -0.000108975 -0.00691168 -9.05007e-05 0.00976966 0.019263 -0.00724263 -0.0010508 0.00037798 0.00132406 -0.00579387 -0.00323497 -0.0091208 0.00306131 -1.53989e-05 -0.00164718 -0.0116892 0.000155936 0.00540663 0.000272923 0.00901344 -0.000222461 3.46875e-06 0.0110333 0.00374418 0.00551268 0.0101451 0.00335161 -1.21861e-05 -0.000304361 -0.000281084 6.65706e-06 0.000213361 -0.000243278 -0.000455222 0.000763238 0.00401603 0.00860614 0.000579891 -0.00626043 -0.0103601 9.84643e-05 -0.000139172 0.00437562 0.000135107 -5.2089e-05 9.39421e-05 2.19435e-05 0.00467656 0.00285059 -0.00159807 -0.00289718 0.000824281 0.00656445 0.00696437 6.46166e-05 -0.00315246 -0.00117807 2.43007e-05 0.0001141 0.0118329 -0.00436012 -0.000459837 0.000654279 9.41288e-05 0.00167405 0.000804949 -0.000350191 -0.00407445 3.82921e-05 -9.58939e-05 -0.0010303 
