0.0534012 -0.000171615 0.00868964 0.00340199 -0.0108883 -0.0110244 0.000641454 -4.3967e-06 0.00284851 -0.00467938 -0.00435784 -0.0036104 -3.91495e-05 -0.00128481 -0.00259807 0.0136885 -0.0075857 -0.000798955 -0.0283362 0.000771718 -3.94497e-05 -3.57639e-05 -0.0145482 -8.14144e-05 0.00310842 -0.000232381 -0.000304309 0.00516769 -0.00521961 -0.000167869 -0.00518383 -0.000277519 2.53605e-05 0.0124017 4.9015e-05 0.00221167 -0.0231227 -4.05574e-05 0.00460818 -0.0325013 -0.00938084 -0.0104774 0.0111547 -0.000385448 -0.00308644 0.0058041 -0.0128659 -0.00101398 0.000280655 -2.19326e-05 0.0101642 -0.00531383 2.69492e-06 0.000301592 -4.9222e-06 0.000859058 -0.00175171 0.00563924 0.00712939 0.00179428 0.00295123 -0.0128606 0.0134117 0.0201102 0.00992527 0.0117747 -0.00234213 -0.000166628 0.000420831 0.00690944 0.000865232 -0.00665231 -0.000303583 9.89608e-05 -0.0150132 8.57621e-05 -0.00117998 0.00676739 0.0134005 0.0047734 0.000498209 0.0222385 0.00059049 0.00595546 0.000652702 -0.00492789 -0.00332334 5.25358e-05 0.005391 -0.000866501 -0.0211166 -0.000517947 1.77674e-05 0.000296923 0.000220021 0.00226961 -0.0106377 -0.000247849 -0.00276823 0.000538119 
-0.000171615 0.0199951 -0.000320602 0.00032427 -0.0135053 0.00207705 -4.81125e-05 -1.73799e-06 -0.000703991 -0.00198633 0.0104273 0.000673435 -4.03643e-05 0.00183361 -0.0131931 -0.000302872 -0.00326607 -0.000230863 0.00286595 -0.00016573 -0.00025746 1.51067e-05 -0.0107004 -1.09878e-05 -0.000573049 3.34573e-05 -0.00011641 0.00059265 0.0130424 -6.30173e-05 -0.00208116 -0.00297328 9.98312e-05 0.0113283 -1.51945e-05 0.000445676 0.00351949 0.00162144 0.000160972 -0.0142057 0.0134306 -0.00210875 -0.00041693 -0.000235008 -0.000344334 0.000160362 0.00999366 4.35501e-06 -3.84661e-05 -3.9671e-05 0.0014021 -0.00156314 -5.39877e-06 0.00198219 1.61275e-05 -9.81673e-06 0.0024812 -2.38255e-05 -0.0128147 -0.0032242 7.04033e-05 -0.004523 -0.00563583 -0.00367185 -0.00433762 0.00505429 -0.000506553 -0.000193982 -0.000244875 -7.94859e-06 -2.35353e-05 -0.00254501 -0.000144675 3.16888e-05 -0.00839952 -0.000146965 -0.000511071 -0.00063225 0.000120559 0.000189349 -3.60969e-05 -0.00532066 6.31342e-05 0.00827237 -3.7406e-05 0.00512031 0.00995431 6.46736e-06 0.000297019 5.20248e-05 8.96829e-05 -0.000327551 -5.72341e-06 -4.27066e-06 -0.00183688 0.000454633 -0.00321917 -0.000168088 0.000282376 -0.000347281 
0.00868964 -0.000320602 0.0199725 0.000349037 -0.0101949 -0.0141783 0.00096866 9.65782e-07 0.000373491 -0.00206754 -0.00286338 0.00152847 0.00010683 0.00445119 -0.00105019 0.0048379 -0.0025483 0.00348772 -0.013457 -6.12378e-05 0.00505617 2.94886e-06 -0.00757283 -3.21666e-05 0.00488204 -4.91395e-05 -0.000134739 0.0044644 -0.00173477 -6.11241e-05 -0.00213203 -0.00609145 7.08784e-05 -0.00208057 1.6275e-05 -0.000913584 -0.00986691 -0.000160632 0.00174407 -0.0145955 -0.00405468 -0.00364457 0.00018407 0.00483522 -0.00115794 0.00173555 -0.000536082 0.00362388 -1.83914e-06 0.00111868 0.0051566 -0.00168962 1.18966e-06 0.00486192 0.000156603 0.000702578 -0.000530984 0.000829827 -0.00168609 0.00104615 0.000769034 -0.00418954 -0.00140527 0.00682447 0.00601005 -0.00635125 0.00396289 0.00473003 0.00130183 0.00520019 0.00133632 0.00139422 0.000116135 6.45177e-05 -0.00425589 -0.000130119 -0.000536459 0.00765885 0.00739675 0.00089156 6.24802e-06 0.00572164 3.66984e-05 -0.00450517 0.000104498 0.00356287 0.00222624 -3.25772e-06 0.00270213 -1.39505e-05 -0.0150065 0.00116793 1.43955e-05 0.00021292 -0.00192061 5.80573e-05 -0.00965899 0.00383967 -0.00109868 0.0019788 
0.00340199 0.00032427 0.000349037 0.00513902 -0.00365923 -0.00304119 4.14266e-06 -7.47299e-07 -0.000146918 -0.000542575 -0.000568248 -0.000130297 -3.65608e-06 0.00029063 -0.00238587 6.09052e-05 -0.0001317 0.000166536 -0.00295595 6.14832e-05 0.000225431 1.77543e-05 -0.00209511 2.84432e-05 0.00114826 -8.06347e-06 -2.02562e-05 0.000196799 -0.000108516 2.6345e-05 -0.000549626 -0.000338609 2.84035e-06 -0.000169665 -5.37922e-06 -0.000119996 -0.00189429 8.1985e-05 0.00288095 -0.00275949 -0.000530431 -6.50783e-05 0.00204439 0.000144431 -0.000260335 0.00296213 -0.000462129 0.000205105 1.63788e-05 -4.13353e-06 0.00322016 -0.000424692 1.12813e-05 0.000234189 1.6916e-08 2.10323e-05 -0.000131536 0.00286209 -0.00215853 -0.000779292 0.00147223 -0.00109095 -0.00174172 -0.000483573 -0.000451687 -0.00180967 0.000120958 0.000397875 -5.45023e-05 0.00310327 0.00014674 -0.000717399 -4.10043e-05 3.32101e-05 -0.00275159 2.19142e-05 -0.000118576 5.21555e-05 0.0035748 0.00288913 3.69378e-05 -0.00107549 1.25867e-05 -0.00151687 3.84968e-05 0.0024611 -0.000263373 2.48653e-07 0.0031291 -8.86576e-05 -0.00306606 2.46453e-05 7.73303e-07 1.92953e-05 -0.000479727 0.00195994 -0.00311166 1.13027e-05 -0.000262737 -5.79328e-05 
-0.0108883 -0.0135053 -0.0101949 -0.00365923 0.101869 0.0361712 -0.00212306 7.7639e-07 -0.000943899 -0.0114164 -0.0455263 -0.0112314 -0.0016713 -0.0209489 0.0504924 -0.00148744 -0.0152879 -0.0100648 0.0132684 0.000714292 -0.00925231 -0.000564005 0.0587372 5.9999e-05 -0.00855982 -0.00295088 0.000170525 -0.0101943 -0.0189224 -0.00194872 -0.00411237 0.0183515 -0.000138575 -0.009472 -0.000431177 0.00293588 0.00796668 -0.0129425 -0.00579917 0.0253428 -0.0245047 0.00805299 0.000144618 -0.00716302 2.41714e-05 -0.00761273 -0.0248794 -0.00626761 7.77131e-05 -0.00159048 -0.0169571 -0.00585439 -0.00012845 -0.0186433 -0.00028528 -0.000740109 -0.0115638 -0.00521205 0.0486645 -0.00169381 -0.00274699 0.0240453 0.017546 -0.00842245 0.00740396 -0.00171357 -0.0102274 -0.00954008 0.00044525 -0.00776237 -0.00118308 0.0116959 -0.000675653 -0.000165549 0.0275598 -0.00551674 -0.00555093 -0.00796175 -0.00973904 -0.00498253 -0.00113409 -0.000997412 -0.00627272 -0.0173335 -0.000918938 -0.0300095 -0.0286867 -1.56696e-05 -0.0101237 -0.00237371 0.0472368 -0.0105039 -0.000109889 -0.000259126 0.00975384 -0.0068795 0.0558554 -0.00884622 0.00285556 0.000544199 
-0.0110244 0.00207705 -0.0141783 -0.00304119 0.0361712 0.159176 -0.00150653 1.72145e-05 -0.000884387 -0.0876836 -0.0270966 -0.00323527 -0.00194079 -0.0156646 0.0900463 -0.00962188 -0.104479 -0.0101373 0.0470997 0.000940913 -0.00706981 -0.000525329 0.0928288 0.000135707 -0.0118558 -0.00276318 -4.18839e-05 -0.00571298 0.01761 -0.00230587 -0.0830015 0.00984693 -0.000244539 0.0189154 -0.000539876 0.00407924 0.089732 -0.0111325 -0.00681228 0.0176123 0.0231479 0.0206902 0.00571651 -0.00559998 0.0102302 -0.00736465 0.0245257 -0.0127472 -0.00195879 -0.00154013 -0.0199241 -0.0381991 -5.4472e-05 -0.0134738 -0.000259933 -0.000758505 -0.0190239 -0.00749298 0.0945418 -0.0890742 -0.00253395 0.0410129 -0.0493203 -0.0793475 0.0185271 -0.0504136 -0.011381 -0.00813939 -0.00872009 -0.014823 -0.00145491 0.015277 -0.00509741 -0.000116313 -0.00071597 -0.00631292 -0.00965027 -0.0169901 -0.0160007 -0.00461247 -0.00137888 -0.0696297 -0.00591694 -0.0619018 -0.00113895 0.00644928 -0.00130624 8.93556e-05 -0.0089326 -0.00161691 0.120935 -0.00392624 -0.00018591 -0.000306329 0.0155475 -0.00108809 0.108704 -0.00852914 0.00831279 -0.00853706 
0.000641454 -4.81125e-05 0.00096866 4.14266e-06 -0.00212306 -0.00150653 0.00258337 -2.69249e-07 -3.92057e-05 0.000720739 -7.34357e-06 -7.2554e-05 7.68886e-05 -5.04626e-05 0.000144348 0.00024463 0.000493476 0.000259652 -0.00171451 -1.98039e-05 0.000116851 7.85994e-06 -0.00141645 9.91625e-07 -7.51556e-05 -1.54693e-05 -1.55657e-05 0.00174998 -0.000270281 -4.30602e-06 -4.98293e-05 -0.00123961 1.17437e-05 -0.000212383 4.51027e-05 -0.000111959 -0.0010752 -4.86892e-05 9.09158e-05 -0.000630008 -0.000139027 0.000174639 0.000172544 -2.63858e-05 -8.11001e-05 -1.10308e-05 -0.000657202 3.27374e-06 -4.19016e-06 4.45569e-05 0.000451157 -0.000111889 9.78442e-07 -4.84487e-05 0.000191139 6.21742e-05 0.000258437 -5.1666e-05 -0.000527086 -0.000140826 -6.00325e-06 -0.000582538 0.000294105 0.00133871 0.00138977 -0.00050684 -0.000109588 -2.31161e-05 -1.79328e-05 4.86257e-05 0.000476989 -0.000279697 -1.30497e-05 2.28077e-06 0.000261441 0.000167225 -1.19966e-05 0.00179036 0.000569637 -1.51616e-05 5.5535e-05 0.00117791 3.66563e-05 0.000188846 2.23335e-05 -0.000566676 -3.20181e-05 -1.41494e-06 -1.99186e-05 0.000750652 -0.00193045 0.00068292 6.06473e-07 2.07882e-05 -0.000252162 -6.90427e-05 -0.00162323 -1.96329e-05 -0.000144095 -2.49147e-05 
-4.3967e-06 -1.73799e-06 9.65782e-07 -7.47299e-07 7.7639e-07 1.72145e-05 -2.69249e-07 0.000159697 8.58119e-07 -1.68535e-05 -2.87657e-07 -2.20214e-06 -4.9061e-07 -5.62741e-06 1.88744e-05 3.969e-06 -2.64655e-05 -2.11409e-06 -3.45782e-05 3.4704e-06 4.11201e-06 -1.34711e-07 3.40174e-05 4.28445e-07 1.35516e-06 6.6991e-07 -9.92806e-08 -1.35879e-06 1.01978e-05 8.137e-07 -1.45902e-05 -2.06078e-06 -9.39167e-08 2.19153e-06 1.19691e-06 -5.45037e-06 3.57558e-05 -9.1591e-07 -2.87669e-06 -4.43517e-06 -6.49351e-06 9.12544e-06 -5.12148e-06 -1.27712e-06 -4.02838e-06 -1.45591e-06 -3.06103e-05 -5.7608e-07 -4.07766e-07 -2.81476e-07 -4.1371e-06 -3.69135e-07 4.86059e-07 -1.65352e-06 -5.92552e-08 -3.44624e-08 -4.23812e-06 -4.03124e-06 2.01613e-05 -2.5108e-05 -5.09296e-07 1.33816e-05 7.197e-06 -2.58108e-05 -1.6566e-05 -1.95146e-05 3.63353e-06 -3.93443e-07 -2.05074e-06 -3.06419e-06 1.09281e-05 -1.75671e-06 -1.41935e-06 -4.50381e-08 -2.01151e-05 -1.15325e-06 -2.24565e-06 -5.33431e-06 -2.89202e-06 -9.0873e-07 -2.79489e-07 -4.32738e-05 -1.1867e-06 -2.23284e-05 -3.29567e-07 -1.32777e-05 -8.22046e-06 1.33556e-06 -1.7676e-06 -2.49293e-06 1.99683e-05 -3.41158e-06 -5.30455e-08 -8.70628e-08 -9.31359e-06 -1.59955e-06 1.27842e-05 -1.58411e-06 3.38544e-05 1.23432e-06 
0.00284851 -0.000703991 0.000373491 -0.000146918 -0.000943899 -0.000884387 -3.92057e-05 8.58119e-07 0.0351085 -0.00148096 -0.00520354 -0.00202279 0.000565115 0.000598329 0.00295189 0.000800708 -0.00236501 0.000361095 -0.0227603 -0.000295127 0.00271846 -9.83063e-06 0.00184723 -3.83947e-05 0.00245903 -7.64026e-05 -0.000172967 -0.000195425 -0.00336007 -8.68422e-05 -0.00205906 -0.0010816 4.61089e-05 -0.00147474 3.95963e-05 -0.000309531 -0.00612694 -0.000509528 -0.00044229 -0.0196133 -0.00627796 -0.00641738 -0.00185597 0.000989964 -0.00189398 -6.89257e-05 -0.00798419 -0.000378063 -2.25758e-05 3.6538e-05 -0.00155865 -0.00205706 -2.94743e-05 0.00118133 -9.87295e-06 1.00639e-05 -0.000646913 -0.000761353 0.00504742 0.0122485 -0.000112315 -0.00375981 0.0145951 0.019458 0.0125422 0.00656791 0.000263781 0.000901821 -0.000229962 -0.000406501 -0.000119415 -0.00334478 0.000761149 -8.6964e-06 0.00571865 0.000965283 -0.000972717 0.000699688 -4.09358e-05 -0.000118343 0.000555419 0.0135267 -6.60012e-05 -0.00270685 -3.53259e-05 -0.00387718 -0.000436795 6.39138e-05 0.000705816 -0.000799719 -0.0128043 -0.000142708 2.35658e-05 -1.29054e-05 -0.00209347 -0.00126614 -0.0109055 0.000130066 -0.00145378 0.000367759 
-0.00467938 -0.00198633 -0.00206754 -0.000542575 -0.0114164 -0.0876836 0.000720739 -1.68535e-05 -0.00148096 0.098581 0.015282 -0.0062304 0.00137326 0.000888986 -0.0720355 0.000666983 0.0851157 -0.00084012 -0.0307593 -0.000909162 -0.00130488 0.000257343 -0.0672849 -0.000157131 0.00465354 0.00224233 -0.00042557 -0.000460698 -0.0122515 0.0010316 0.0829323 0.000783478 5.40839e-05 -0.0119989 0.000553625 -0.00165063 -0.0582943 0.00279453 0.000219307 0.00624443 -0.0193134 -0.0205505 -0.00682443 -0.00133573 -0.00635599 0.000558538 -0.027802 0.00771555 0.00178758 0.000253844 0.00084114 0.0363852 -9.3311e-05 0.000725462 9.0467e-05 -0.000123582 0.0171075 0.000818705 -0.0745676 0.0773971 -0.000330725 -0.0252151 0.0503907 0.0670097 -0.023851 0.0580027 -0.000595939 -0.00120382 0.0067181 0.00488908 0.0001569 -0.0162642 0.00294066 -2.17307e-05 0.0180875 0.00534853 0.00537296 0.00225168 -0.00313512 -0.000369834 0.000450015 0.0647852 0.0031666 0.0669293 0.000947525 -0.0204426 -0.00534588 -8.73659e-05 5.81958e-05 0.000295497 -0.0760927 -0.00238711 7.29886e-05 -5.70029e-05 -0.0084931 -0.00383 -0.0827641 -0.000567578 -0.00588656 0.00243465 
-0.00435784 0.0104273 -0.00286338 -0.000568248 -0.0455263 -0.0270966 -7.34357e-06 -2.87657e-07 -0.00520354 0.015282 0.131443 0.0120763 -7.65468e-05 0.0152365 -0.0918588 -0.00309395 0.0135479 0.00520644 0.0238759 -0.00114849 -0.000415771 0.000440154 -0.0743176 -0.000189441 -0.00307048 0.00164553 0.00103085 -0.000839195 0.00252451 0.00189027 0.0149517 -0.00721044 -4.00838e-05 0.0314882 9.63483e-05 -0.000372948 -0.0282371 0.0107585 -0.00118778 -0.0271585 0.0727321 0.00631483 -0.00465313 -0.00151792 -0.00239583 0.00152146 0.0499905 -0.000308681 -7.53661e-05 -0.000102689 0.00615214 0.0326126 -3.37133e-05 0.00771162 1.90781e-05 -0.000141041 0.00995705 0.00415182 -0.0922149 0.00139499 -9.68151e-05 -0.0350896 -0.0295255 -0.000777232 -0.042145 0.0482702 0.0178502 0.00145565 -0.000299028 -0.00135922 -0.000958383 -0.0171289 -0.00117215 5.87464e-05 -0.0615599 0.00195006 0.0174398 -0.00338265 -0.00351926 -3.46183e-05 0.000289828 -0.00773977 0.00424242 0.0737346 0.000183297 0.0193428 0.0177895 -8.08107e-05 0.00083132 0.0023196 -0.0235656 0.000762045 3.04305e-05 8.50854e-05 -0.0132757 0.0164128 -0.0371408 0.00300715 -0.00338252 -0.00201779 
-0.0036104 0.000673435 0.00152847 -0.000130297 -0.0112314 -0.00323527 -7.2554e-05 -2.20214e-06 -0.00202279 -0.0062304 0.0120763 0.0676602 -0.000165158 0.00883874 -0.00888105 -0.00131402 -0.00162519 0.00698514 0.0159751 0.000842989 0.004148 0.000274342 -0.00538406 -0.000129757 0.00196165 0.000682476 -0.000361022 -0.00109567 -0.00445005 0.00076605 -0.00742536 -0.0043242 -3.7061e-05 -0.00726724 -7.39964e-05 -0.003357 0.0110984 0.00981208 -0.000986389 0.000293339 0.00201024 -0.0087472 0.00241335 0.00351151 -0.00346923 0.000312172 0.0320605 0.00219102 -0.000175623 0.000986266 -0.000365539 -0.00428135 -5.31547e-05 0.00887765 -2.6833e-05 9.05797e-05 -0.00181138 -0.00133022 -0.0101609 -0.0110031 -0.000214685 -0.0100033 -0.0310985 -0.0148368 -0.0163785 -0.0167966 0.00758718 0.00584405 -0.000879825 -0.00118289 -0.000400141 0.00855717 -0.000495237 -1.68141e-05 -0.0195217 -0.000637962 0.000838929 -6.34075e-05 -0.00133105 -0.000335777 -0.000140757 -0.0202763 0.0019725 -0.0118975 -5.19227e-05 0.0277302 0.00832067 -5.3989e-05 0.000127697 -0.00111444 0.000260341 0.00241249 3.26157e-05 -1.88846e-05 -0.00461534 0.00235172 -0.00153981 0.00643923 0.00127328 -0.00107889 
-3.91495e-05 -4.03643e-05 0.00010683 -3.65608e-06 -0.0016713 -0.00194079 7.68886e-05 -4.9061e-07 0.000565115 0.00137326 -7.65468e-05 -0.000165158 0.00306221 0.00154544 -0.00172026 -1.12002e-05 0.00197189 1.95196e-05 -0.00183498 -2.44467e-05 0.00109647 9.22045e-06 -0.00170838 -2.84968e-06 0.000983955 0.000105913 -2.96864e-06 0.000128782 -0.000316942 1.57004e-06 0.000282666 -0.00170085 6.92272e-05 -0.000185534 5.42421e-06 0.000126844 -0.00161777 0.000315536 -2.13615e-05 -0.0020291 -0.000383076 -0.000498661 -2.21862e-05 0.000278464 -0.000144346 0.000776767 -0.000327226 0.000364129 0.000122858 5.56293e-06 0.000260427 -0.000183581 3.69677e-05 0.00163806 1.28049e-05 -3.62093e-06 2.14212e-05 -6.54016e-05 -0.00168853 0.00125755 -9.28324e-06 -0.00065392 0.000806042 0.000428464 -0.000472705 -0.000321976 0.000546597 0.000194766 -3.26029e-06 0.000226231 4.02464e-05 -0.000424095 0.00061246 -8.66135e-07 -0.000441866 0.000361133 -2.66325e-05 -3.87937e-05 0.000293667 0.000442998 0.000334991 0.00020013 0.0010466 0.000350401 6.84259e-07 0.000447788 0.000822177 -4.43564e-07 0.00151221 -5.50929e-05 -0.00199965 -8.91983e-05 4.36876e-06 -1.58543e-06 -0.000301038 -0.000106314 -0.00215691 0.000375766 -0.000141225 6.1057e-06 
-0.00128481 0.00183361 0.00445119 0.00029063 -0.0209489 -0.0156646 -5.04626e-05 -5.62741e-06 0.000598329 0.000888986 0.0152365 0.00883874 0.00154544 0.0383659 -0.0248787 -0.000983414 0.00631264 0.00975947 0.000889283 -0.000322956 0.00987457 0.000415962 -0.0234412 -7.1226e-05 0.00760718 0.00176458 -0.000256583 -0.000381834 -0.0010345 0.000131519 -0.00153583 -0.0147758 8.25907e-05 0.0050161 3.23257e-05 -0.000686711 -0.0129356 0.00846663 0.000160291 -0.0158318 0.00779088 -0.00177206 -0.00191227 0.00722895 0.00100948 0.00252715 0.015937 0.00553415 -9.90128e-05 0.00146988 0.00445356 0.00313678 5.7796e-05 0.0171876 1.23853e-05 5.61459e-05 0.00222741 -0.000235618 -0.0245428 -0.00105498 1.98952e-05 -0.00839142 -0.0139232 -0.00679908 -0.0124099 -0.0010265 0.0173831 0.00902132 -0.000284855 0.000277292 -0.000218048 -0.00472195 0.00127136 2.32024e-06 -0.0191953 0.000385751 0.0016879 0.000403426 0.000864536 0.000830331 0.00052964 -0.0112855 0.00460041 0.00558695 7.45255e-06 0.0158583 0.0119197 -1.37478e-05 0.0054565 -0.000194223 -0.0139252 0.00320524 -1.11832e-05 -1.95e-06 -0.00381888 -0.000602438 -0.0166594 0.00924507 -0.000793563 -0.000764595 
-0.00259807 -0.0131931 -0.00105019 -0.00238587 0.0504924 0.0900463 0.000144348 1.88744e-05 0.00295189 -0.0720355 -0.0918588 -0.00888105 -0.00172026 -0.0248787 0.200482 -0.00326469 -0.0670458 -0.00879539 0.00804409 0.00124749 -0.00591563 -0.000592475 0.150096 -2.13854e-05 -0.0136465 -0.00280091 -0.000786077 0.00148949 0.00498686 -0.00273154 -0.0710281 0.0156766 -0.000172523 -0.0458568 -0.000336777 -0.0191769 0.0883492 -0.0131641 -0.00809163 0.0657892 -0.0659809 0.00367244 -0.0253859 -0.00423375 0.0106084 -0.00655654 -0.0543644 -0.0140332 -0.00176955 -0.00138151 -0.0102688 -0.0685203 -3.3761e-05 -0.0148479 -6.09267e-05 -0.000147828 -0.0226038 -0.00752348 0.177768 -0.0582447 -0.00217864 0.0619401 0.000896259 -0.0387426 0.0728508 -0.11213 -0.0281107 -0.00745601 -0.00478558 -0.00823645 0.000921314 0.0366688 -0.00508575 -0.000103614 0.0851286 -0.00573453 -0.0183742 0.00161587 0.00121169 -0.00411841 -0.000836905 -0.0400854 -0.00531081 -0.142675 -0.000703887 -0.0051391 -0.0184582 0.00011683 -0.00821523 -0.00252599 0.0695161 0.00138649 -0.00020527 -0.000119152 0.0181827 -0.0232381 0.0984338 -0.00689645 0.00481114 0.0019077 
0.0136885 -0.000302872 0.0048379 6.09052e-05 -0.00148744 -0.00962188 0.00024463 3.969e-06 0.000800708 0.000666983 -0.00309395 -0.00131402 -1.12002e-05 -0.000983414 -0.00326469 0.0240719 -0.00108511 -0.000288095 -0.0134269 0.000151954 -0.000312364 -7.42736e-06 -0.00871027 -3.8818e-05 -0.000157288 -0.000138631 -0.000153632 0.00268764 -0.00211374 -7.37101e-05 -0.000341623 0.000164224 6.36209e-05 0.00380267 8.31568e-05 -0.000381812 -0.0112803 0.000170654 0.000337585 -0.0155751 -0.00405957 -0.00466816 0.00300684 -0.000290164 -0.00150029 -0.000114904 -0.00372385 -9.18865e-05 0.00048439 9.89092e-05 0.00281005 -0.00193913 2.42425e-05 -0.000482409 1.93547e-05 0.000363526 -0.000620676 -0.000196126 0.000941936 0.0042152 3.00568e-05 -0.00564634 0.00755355 0.0129728 0.00684632 0.00347989 -0.00106233 -0.00024352 -2.4734e-05 0.000318479 0.000191062 -0.00307889 0.000204275 3.82961e-05 -0.00372845 8.89203e-05 -0.000622021 0.00690518 0.00504828 -0.000149723 1.08262e-05 0.0130984 -5.5119e-05 0.0036138 9.62404e-05 -0.0039171 -0.000913938 -1.20482e-05 -0.000265079 0.00047833 -0.00872128 0.000199779 1.3592e-05 3.90022e-05 -0.000876297 -0.000835101 -0.00250041 -0.000159411 -0.00118623 0.000820977 
-0.0075857 -0.00326607 -0.0025483 -0.0001317 -0.0152879 -0.104479 0.000493476 -2.64655e-05 -0.00236501 0.0851157 0.0135479 -0.00162519 0.00197189 0.00631264 -0.0670458 -0.00108511 0.165986 0.00219855 -0.0179122 -0.00117648 0.000917669 0.000319125 -0.0624105 -0.000138249 0.00615931 0.00232928 0.00111202 -1.05411e-05 -0.0191946 0.00161373 0.0805505 -0.00174794 0.000126032 -0.0236171 0.000337167 -0.00468089 -0.057634 0.00965979 -0.000220615 0.0186612 -0.0310553 -0.00997725 -0.0130913 -4.64148e-06 -0.0105417 0.00172682 -0.0243756 0.00686856 0.0015699 0.000201062 0.00829501 0.0314161 5.42863e-06 0.00517161 -1.90074e-05 -0.000168043 0.0174088 0.000510403 -0.0749303 0.0798866 -0.000624332 -0.0336108 0.0476073 0.0558334 -0.0341933 0.0413969 2.48602e-05 0.000586318 0.00594936 0.00478221 -0.000286526 -0.0249257 0.00432465 -5.47956e-06 0.0135127 0.0052688 0.00414101 0.00830657 -0.00222516 0.000463544 0.000589133 0.0481379 0.00526225 0.0504326 0.000930872 -0.00880985 -0.00311937 -0.000165466 0.00225158 0.000416722 -0.0822926 -0.00138314 9.38072e-05 1.30168e-05 -0.0128424 -0.00683276 -0.0775737 0.00165422 -0.00582529 0.000616052 
-0.000798955 -0.000230863 0.00348772 0.000166536 -0.0100648 -0.0101373 0.000259652 -2.11409e-06 0.000361095 -0.00084012 0.00520644 0.00698514 1.95196e-05 0.00975947 -0.00879539 -0.000288095 0.00219855 0.0142783 -0.000577956 -5.876e-05 0.00605317 4.2536e-05 -0.00828605 -1.80704e-05 0.00468046 0.000328075 -1.05542e-05 -6.87196e-05 -0.0014366 0.000450364 -0.00141607 -0.00773975 1.4192e-05 -0.00131752 1.46569e-05 -0.000641823 -0.00663473 0.00469154 -0.000230874 -0.00433179 -0.000189446 -0.000768593 -0.00122399 0.00484211 -0.000400602 2.57543e-05 0.00862661 0.00417249 -3.57768e-05 0.00117886 -0.000134287 -0.00043477 -6.83686e-06 0.00843051 5.3615e-07 1.58304e-05 0.000734025 6.06771e-05 -0.0097758 -0.00194617 -4.45531e-05 -0.00319349 -0.00702907 -0.00288623 -0.00385272 -0.00366861 0.00844522 0.00734615 -0.00017302 -0.000140239 5.11721e-05 -0.000780077 6.10525e-05 6.92427e-07 -0.00984205 -6.4537e-05 0.00223745 0.000641192 0.000639934 -6.84659e-05 -8.58966e-06 -0.0047761 0.000679845 -0.00169747 8.1272e-05 0.00759166 0.00634256 -7.78145e-06 0.00166105 0.00116635 -0.00766839 0.00404353 -7.8947e-07 6.33598e-06 -0.00138448 0.000678666 -0.00855961 0.00689486 -0.000676211 -0.000288145 
-0.0283362 0.00286595 -0.013457 -0.00295595 0.0132684 0.0470997 -0.00171451 -3.45782e-05 -0.0227603 -0.0307593 0.0238759 0.0159751 -0.00183498 0.000889283 0.00804409 -0.0134269 -0.0179122 -0.000577956 0.21489 0.00178199 -0.00751046 -2.27519e-05 0.0125593 -0.000438202 -0.011234 -0.00105037 0.000591822 -0.00845179 0.00885291 0.000270388 -0.0224696 0.00558231 -0.000226977 -0.00851975 -0.000653574 -0.00454501 0.0424838 0.00350386 -0.00296132 0.058823 0.0171232 -0.00143194 0.00253237 -0.00354327 0.0154258 -0.00519068 0.067904 -0.00837129 -0.00128036 -0.00128885 -0.0146986 0.000671703 -1.86068e-05 -0.00406795 -0.000245676 -0.000672234 -0.0111925 -0.00283373 0.000901484 -0.0423952 -0.00216989 -0.00539019 -0.0645709 -0.0860605 -0.0956749 0.00388137 0.000140192 -0.00357896 -0.00647665 -0.0116193 -0.004318 0.0187186 -0.00411792 -0.000152958 -0.0380979 -0.00575823 0.00377766 -0.013687 -0.0199604 -0.0037456 -0.00114187 -0.0772505 -0.00140826 -0.0143231 -0.000846439 0.0311841 0.012685 -3.68623e-05 -0.00693586 0.00246809 0.0789343 -0.00492202 -0.00011093 -0.000163203 0.0233688 0.0062867 0.0521197 -0.00263021 -0.0126702 -0.0125778 
0.000771718 -0.00016573 -6.12378e-05 6.14832e-05 0.000714292 0.000940913 -1.98039e-05 3.4704e-06 -0.000295127 -0.000909162 -0.00114849 0.000842989 -2.44467e-05 -0.000322956 0.00124749 0.000151954 -0.00117648 -5.876e-05 0.00178199 0.0085287 -0.000107217 4.64438e-06 -0.000299055 -1.10119e-05 0.000596547 0.00010877 -5.0822e-05 -0.000154789 -0.00075667 1.59722e-05 -0.000836022 0.000231433 -5.01395e-06 0.000258471 -4.72112e-06 -0.00020893 -0.000399072 0.000319335 8.22086e-05 0.000706887 -0.00166813 -0.00175615 0.00234805 -7.45535e-05 -0.000359925 7.80758e-05 -0.00143131 -0.000155277 -1.38402e-05 -5.58601e-06 -0.000252563 -0.000567603 -5.73227e-06 -0.000168181 -3.19151e-06 6.31989e-05 -0.000283655 0.000573508 0.00126378 -0.001394 8.41355e-06 -0.000684441 -0.000633028 -0.00159815 -0.00214324 0.00191673 -0.000266668 -6.19734e-05 -6.31203e-05 -5.44502e-06 -1.46039e-05 -0.000742778 -6.23691e-05 6.18671e-07 -0.00469863 -7.15188e-05 0.000366267 -0.000246234 -9.66046e-05 0.000100809 -6.06135e-07 -0.00267467 -4.75829e-05 0.000248754 2.90271e-05 -2.90017e-05 0.000552742 1.56385e-05 6.67992e-05 6.02321e-05 0.00153064 -2.10023e-05 1.15763e-05 1.6552e-06 0.00102105 -0.000226631 0.00143095 -4.22772e-05 0.000688385 -0.000160378 
-3.94497e-05 -0.00025746 0.00505617 0.000225431 -0.00925231 -0.00706981 0.000116851 4.11201e-06 0.00271846 -0.00130488 -0.000415771 0.004148 0.00109647 0.00987457 -0.00591563 -0.000312364 0.000917669 0.00605317 -0.00751046 -0.000107217 0.0147948 7.77094e-05 -0.00558785 -1.01493e-05 0.00762894 0.000116072 -4.57877e-05 -2.38976e-05 -0.000770085 -5.08826e-05 -0.00152383 -0.0100232 8.77902e-05 -0.00164135 1.75689e-05 -0.000595409 -0.00528693 0.0013179 -9.75155e-05 -0.00931285 -0.00267949 -0.000296455 -0.000926516 0.00717506 -0.00017292 0.0010785 0.00488514 0.00503827 -3.72245e-05 0.00146839 0.000325364 -0.00147081 4.19279e-05 0.00982117 6.52758e-06 0.000167319 -0.000395222 -8.92115e-05 -0.00579221 0.000354814 6.38309e-06 -0.0015499 -0.00552387 -0.00206348 -0.0020235 -0.00495023 0.00799873 0.0079062 -0.00017362 0.000327606 0.000221563 -0.00152247 0.00127267 1.97902e-07 -0.0060654 0.000637257 -0.000383492 0.000561628 0.00105543 0.000503139 0.000603801 -0.00419303 0.00125747 -0.00507749 1.25405e-05 0.00661345 0.00527368 1.39928e-05 0.00423564 -0.000100829 -0.00742139 0.000664316 -3.84401e-06 2.68792e-05 -0.00145019 -0.000521575 -0.00785471 0.00604553 0.000232103 -0.000190197 
-3.57639e-05 1.51067e-05 2.94886e-06 1.77543e-05 -0.000564005 -0.000525329 7.85994e-06 -1.34711e-07 -9.83063e-06 0.000257343 0.000440154 0.000274342 9.22045e-06 0.000415962 -0.000592475 -7.42736e-06 0.000319125 4.2536e-05 -2.27519e-05 4.64438e-06 7.77094e-05 0.0008427 -0.0005077 7.48205e-06 2.36643e-05 0.000268759 1.02237e-05 2.13196e-05 -3.2084e-05 6.68249e-05 -3.30461e-05 -0.000104705 -4.95926e-07 -5.28249e-05 1.17025e-06 0.000107179 -0.000261654 0.000412972 2.36571e-05 -0.000296686 8.37851e-05 0.000129123 3.98024e-05 2.98234e-05 -3.49267e-05 0.000114406 4.12716e-05 1.59185e-05 2.71347e-06 7.33648e-05 0.000502155 -4.02856e-05 -6.99903e-07 0.00036021 -3.12896e-07 1.42995e-06 -6.82785e-06 -1.84524e-05 -0.00059292 -6.95319e-05 -2.50044e-06 -0.000191411 -0.00028721 -0.000138727 -0.000238206 -0.000238842 6.79376e-05 9.89409e-05 -7.59556e-06 1.00436e-05 -5.07625e-06 -0.000118508 7.54958e-06 3.16218e-06 -0.000546386 4.30702e-06 0.000217447 -3.10517e-06 -1.50859e-05 -3.4839e-06 7.30722e-06 -0.000164498 0.000299811 0.000229052 2.84819e-05 0.000379403 0.000146743 -5.36754e-07 7.07826e-05 -5.61512e-06 -0.00046562 3.25886e-05 6.28656e-06 -2.48623e-07 -7.94994e-05 9.13601e-05 -0.000461831 5.59581e-05 -1.97196e-05 -1.72475e-05 
-0.0145482 -0.0107004 -0.00757283 -0.00209511 0.0587372 0.0928288 -0.00141645 3.40174e-05 0.00184723 -0.0672849 -0.0743176 -0.00538406 -0.00170838 -0.0234412 0.150096 -0.00871027 -0.0624105 -0.00828605 0.0125593 -0.000299055 -0.00558785 -0.0005077 0.227277 0.000454633 -0.0132623 -0.00284186 0.000348163 -0.00598176 -0.00473662 -0.00221127 -0.0668707 0.0157929 -0.000289859 -0.0322352 -0.000494772 -0.0213239 0.100891 -0.0126471 -0.00836594 0.0651463 -0.0381671 0.0289543 -0.0171749 -0.00505914 -0.000335069 -0.00623798 -0.0303092 -0.0121144 -0.00164274 -0.00135032 -0.0160193 -0.0583986 -4.62063e-05 -0.013878 -0.000218374 -0.000719364 -0.0205672 -0.00912793 0.145274 -0.0653939 -0.00204215 0.0714212 -0.00218839 -0.0538702 0.0645447 -0.110346 -0.0230038 -0.00711329 -0.00431447 -0.00878164 -0.000433454 0.0393551 -0.00495549 -7.28951e-05 0.0587851 -0.00538555 -0.015917 -0.00937184 -0.00470718 -0.00371106 -0.000818378 -0.0609242 -0.00482857 -0.153602 -0.00112974 -0.0170243 -0.0368213 5.10078e-05 -0.00760196 -0.00812112 0.0804648 -0.00268869 -0.00018663 -0.000228835 0.0221208 -0.0179603 0.0963125 -0.00671664 0.00234784 0.00151545 
-8.14144e-05 -1.09878e-05 -3.21666e-05 2.84432e-05 5.9999e-05 0.000135707 9.91625e-07 4.28445e-07 -3.83947e-05 -0.000157131 -0.000189441 -0.000129757 -2.84968e-06 -7.1226e-05 -2.13854e-05 -3.8818e-05 -0.000138249 -1.80704e-05 -0.000438202 -1.10119e-05 -1.01493e-05 7.48205e-06 0.000454633 0.00183592 -5.35511e-05 -6.99615e-06 2.40748e-05 -1.14243e-05 1.45322e-05 -6.98564e-06 -0.00018432 -3.86772e-05 1.31185e-05 0.000168866 -2.10445e-07 -1.85185e-05 0.000214421 -4.62124e-05 1.40579e-05 -0.000206582 0.000246636 0.000593374 -0.000114993 -7.07345e-06 -1.79204e-05 6.76052e-06 -0.00039892 -2.94769e-05 -4.529e-06 -3.60335e-06 0.000185444 -0.000169902 1.04043e-07 -3.18354e-05 5.1764e-07 -2.16595e-06 -2.00209e-05 3.19908e-05 -1.05859e-05 -0.000279145 -1.92041e-06 0.000433173 -0.00051656 -0.000356542 0.000159936 -0.00062015 -4.9996e-05 -2.00193e-05 -2.09488e-05 -1.67921e-05 7.66764e-06 -0.000168772 -3.14469e-06 2.9548e-05 0.000235032 -1.44849e-05 -1.83204e-06 -5.49666e-06 1.05549e-05 1.25659e-06 -2.47832e-07 -0.00050927 -1.021e-05 -0.000302986 -3.79517e-06 -0.00034143 -0.000116446 2.97911e-06 2.62679e-06 -8.03647e-06 0.000248707 -2.99925e-05 -2.44185e-07 2.64186e-06 0.000269854 4.66292e-05 0.000265683 -1.51556e-05 0.000457176 -2.35898e-05 
0.00310842 -0.000573049 0.00488204 0.00114826 -0.00855982 -0.0118558 -7.51556e-05 1.35516e-06 0.00245903 0.00465354 -0.00307048 0.00196165 0.000983955 0.00760718 -0.0136465 -0.000157288 0.00615931 0.00468046 -0.011234 0.000596547 0.00762894 2.36643e-05 -0.0132623 -5.35511e-05 0.0309783 9.44691e-06 -0.000199492 -0.000587534 -0.00311173 0.000156111 0.00489735 -0.00785888 5.72159e-05 0.00044674 6.12308e-05 0.00251113 -0.0169026 -0.000340653 0.000592631 -0.0100558 -0.00353931 -0.00582065 0.00360499 0.00702459 -0.00168963 0.00195947 0.00443934 0.00596574 9.75876e-05 0.00113096 -0.000179517 0.00105778 1.42805e-05 0.00756792 -2.70591e-06 0.000154305 0.00183008 0.00044598 -0.0126004 0.00556648 7.8478e-05 -0.0070482 0.002026 0.00460162 -0.00865159 0.00680587 0.00790276 0.00738984 -0.000124015 0.00160097 -0.000197832 -0.00451288 0.00127543 1.27601e-06 -0.0140437 0.00165623 0.000483194 -0.000181972 0.000970842 0.00144828 0.000369075 0.000549379 0.000432162 0.00438711 6.24453e-06 0.00380789 0.00440837 -1.63357e-05 0.00475681 0.000350795 -0.00990782 -0.000536999 1.16827e-05 -9.99763e-07 -0.00055025 -0.000817548 -0.0122111 0.00432973 -0.00190217 -3.39272e-05 
-0.000232381 3.34573e-05 -4.91395e-05 -8.06347e-06 -0.00295088 -0.00276318 -1.54693e-05 6.6991e-07 -7.64026e-05 0.00224233 0.00164553 0.000682476 0.000105913 0.00176458 -0.00280091 -0.000138631 0.00232928 0.000328075 -0.00105037 0.00010877 0.000116072 0.000268759 -0.00284186 -6.99615e-06 9.44691e-06 0.00668226 -4.2677e-05 9.75716e-05 0.000555895 0.000625933 0.000770786 -0.000349382 -2.02245e-06 -0.000701666 0.00037265 -0.00028176 -0.00122396 0.00267757 -5.31319e-05 -0.000504438 -0.00119665 -0.00118007 -0.000536916 -4.65555e-05 -0.000230274 0.000753565 -0.000517832 3.41266e-05 -1.11307e-05 8.87264e-05 0.00178867 -0.000326386 4.63011e-06 0.00146274 1.67083e-06 -6.28136e-06 -0.000123636 -7.67577e-05 -0.00275235 -0.00045698 -1.65183e-05 -0.00086124 0.000241038 -0.000475296 -0.000879143 -0.00171062 -2.60883e-05 0.000192227 0.000105912 -3.03347e-05 -3.07134e-05 -0.000713078 8.47279e-05 -2.19234e-07 -0.00142248 -2.59765e-05 0.00223139 -0.000212087 -0.000147544 -2.38727e-05 -4.19526e-06 -0.000275108 0.00238324 0.0013693 7.71408e-05 0.00169853 0.00172004 -1.46669e-06 0.00025587 6.77501e-05 -0.00302221 0.000376921 6.99048e-07 -5.67098e-07 -9.62766e-05 -0.000177807 -0.00335752 0.000701892 0.000136714 -0.000130063 
-0.000304309 -0.00011641 -0.000134739 -2.02562e-05 0.000170525 -4.18839e-05 -1.55657e-05 -9.92806e-08 -0.000172967 -0.00042557 0.00103085 -0.000361022 -2.96864e-06 -0.000256583 -0.000786077 -0.000153632 0.00111202 -1.05542e-05 0.000591822 -5.0822e-05 -4.57877e-05 1.02237e-05 0.000348163 2.40748e-05 -0.000199492 -4.2677e-05 0.00669785 -0.000119611 -0.000261177 2.68483e-05 -0.000509134 8.50319e-05 -3.43174e-06 0.00062032 -5.22266e-06 0.000151287 0.000506777 4.63854e-05 -5.07317e-05 -0.000807495 0.00216302 0.00286008 -0.000142844 -7.94078e-05 -0.0003423 -2.52335e-05 0.000207386 -7.19363e-05 -1.59821e-05 -1.36958e-05 0.00018897 0.000562998 -1.86224e-06 -8.42614e-05 -2.43503e-06 -6.77794e-06 -0.000194469 -0.000103224 -0.000556622 -0.000934649 -2.1502e-05 -0.000331827 -0.00212986 -0.00112222 -0.00196905 -0.000832435 -0.000230481 -7.23397e-05 4.0142e-05 -0.00012683 8.04959e-07 -0.000697764 -3.92681e-05 7.00964e-06 -0.00116564 -4.41303e-05 2.55038e-05 -0.00021595 -0.000230538 -3.99359e-05 4.32276e-06 -0.00170733 4.16208e-05 -9.612e-05 2.49526e-05 0.000244688 -0.000400949 -5.45744e-06 -5.85705e-05 7.52136e-05 0.000746632 -0.000223542 -8.61754e-07 1.41465e-05 -0.000639694 0.000711419 0.000786283 -6.93361e-05 -4.61996e-05 -0.00013561 
0.00516769 0.00059265 0.0044644 0.000196799 -0.0101943 -0.00571298 0.00174998 -1.35879e-06 -0.000195425 -0.000460698 -0.000839195 -0.00109567 0.000128782 -0.000381834 0.00148949 0.00268764 -1.05411e-05 -6.87196e-05 -0.00845179 -0.000154789 -2.38976e-05 2.13196e-05 -0.00598176 -1.14243e-05 -0.000587534 9.75716e-05 -0.000119611 0.0189177 0.000463653 0.000246058 -0.00171474 -0.00266867 8.24238e-07 0.0012919 4.57757e-05 -0.000460725 -0.00483885 -9.0285e-06 0.000441818 -0.0076962 5.77287e-05 -0.000709313 7.22332e-06 -0.000223432 -0.000788941 -9.24535e-05 -0.00376411 0.000250957 -2.0213e-05 4.8963e-05 0.00459535 -0.00184816 5.68135e-05 -0.000367452 0.000282888 0.000486585 -0.000291893 -0.00023506 -0.00041771 -0.00151519 -2.69638e-05 -0.00339923 0.000988886 0.00829246 0.0106064 -0.0041626 -0.000805753 -0.000197185 -0.000188114 0.00160802 0.00116152 -0.00113138 -0.000158383 4.10274e-05 -0.000406291 9.94531e-05 -0.000303757 0.00774831 0.00673713 -9.49888e-05 3.43686e-05 0.00763759 0.000215436 0.00188842 7.48665e-06 -0.00295224 -0.000682224 -4.00063e-06 -0.00018773 0.00166495 -0.0102839 0.00272513 1.47492e-05 0.000103041 -0.00186489 -0.000138002 -0.00573893 -7.83909e-05 -0.000877177 0.000270802 
-0.00521961 0.0130424 -0.00173477 -0.000108516 -0.0189224 0.01761 -0.000270281 1.01978e-05 -0.00336007 -0.0122515 0.00252451 -0.00445005 -0.000316942 -0.0010345 0.00498686 -0.00211374 -0.0191946 -0.0014366 0.00885291 -0.00075667 -0.000770085 -3.2084e-05 -0.00473662 1.45322e-05 -0.00311173 0.000555895 -0.000261177 0.000463653 0.0984933 -0.000424276 -0.0117821 0.00021648 5.56279e-05 0.00577155 -4.93221e-05 -0.00445791 0.0441244 0.000506639 0.0017616 5.3654e-05 0.00506948 -0.0158753 -0.00723195 -0.000576961 -0.00489087 -0.000846198 0.0105769 -0.00150496 -0.000280981 -0.00022633 0.000857005 -0.0107787 -4.80183e-05 0.000708511 -1.42023e-05 -0.000121493 0.000184694 -0.00173843 0.00729929 -0.0188705 -0.000298233 0.00794737 -0.0282081 -0.0215284 0.00394146 -0.0204579 -0.0044065 -0.000753241 -0.00133953 -0.00190848 -0.000424959 -0.00474368 -0.000790033 6.349e-05 0.00819933 -0.000930537 -0.00291658 -0.0033719 -0.00160391 -0.000487723 -8.54727e-05 -0.0365355 -0.000510643 -0.018392 -0.000185298 0.025974 0.022878 7.44881e-06 -0.00079822 0.00191541 0.0121769 0.00279251 -3.52629e-05 -4.39192e-05 -0.0089976 -0.00253444 0.00998683 -0.000977284 0.00550405 -0.00206109 
-0.000167869 -6.30173e-05 -6.11241e-05 2.6345e-05 -0.00194872 -0.00230587 -4.30602e-06 8.137e-07 -8.68422e-05 0.0010316 0.00189027 0.00076605 1.57004e-06 0.000131519 -0.00273154 -7.37101e-05 0.00161373 0.000450364 0.000270388 1.59722e-05 -5.08826e-05 6.68249e-05 -0.00221127 -6.98564e-06 0.000156111 0.000625933 2.68483e-05 0.000246058 -0.000424276 0.00393342 0.000344949 -0.000342583 -1.96646e-06 -7.26731e-05 2.53695e-05 0.000426052 -0.00212879 0.00127462 -5.34282e-05 -0.000524588 0.000832252 0.000622102 -0.000187235 -3.3213e-05 -0.000200561 0.000351987 0.000866267 0.000418517 0.000116929 -1.15507e-06 0.000716806 0.00106805 -5.63474e-07 0.000169802 7.2385e-07 -1.69805e-06 0.000167581 -3.37606e-05 -0.00272965 0.000311994 -1.02364e-05 -0.000886419 0.000220992 0.000148859 -0.000906263 0.000553805 0.00085798 0.000329114 2.18193e-05 2.8005e-05 -1.8053e-05 -0.000363396 -3.20924e-05 3.2198e-06 -0.0020366 -2.47806e-06 0.00165946 -1.07501e-05 -0.000107479 -8.51595e-06 2.08408e-06 -0.000367167 0.000660615 0.00179655 5.98184e-05 0.000335052 3.19132e-05 -1.79708e-06 -2.9275e-05 -7.19678e-05 -0.00171496 3.28155e-05 6.1544e-05 3.36327e-07 -0.000345427 0.000736916 -0.00292211 5.55324e-05 -0.000224041 -5.69606e-05 
-0.00518383 -0.00208116 -0.00213203 -0.000549626 -0.00411237 -0.0830015 -4.98293e-05 -1.45902e-05 -0.00205906 0.0829323 0.0149517 -0.00742536 0.000282666 -0.00153583 -0.0710281 -0.000341623 0.0805505 -0.00141607 -0.0224696 -0.000836022 -0.00152383 -3.30461e-05 -0.0668707 -0.00018432 0.00489735 0.000770786 -0.000509134 -0.00171474 -0.0117821 0.000344949 0.0953864 0.00332942 4.98071e-05 -0.0118061 0.000376465 -0.000651682 -0.0567608 -0.00118077 0.0015031 0.00815603 -0.0203839 -0.0220982 -0.00568478 -0.00130598 -0.0062506 -0.000979606 -0.0257075 0.00618291 0.00166874 0.00010726 -0.00450204 0.0421772 -9.36236e-05 -0.00212655 -3.44034e-06 -0.000121991 0.0183365 0.00199473 -0.0733467 0.0802249 -0.000330672 -0.0231626 0.0466474 0.0645429 -0.0310694 0.0636599 5.46722e-05 -0.00115695 0.00598882 0.00367859 -4.70746e-05 -0.0158155 0.0050281 -2.91459e-05 0.0185257 0.0054878 0.00465243 -0.00075559 -0.00349377 -0.000601752 0.000304095 0.0637711 -0.000425997 0.0670075 0.000284195 -0.0236385 -0.00650074 -8.72362e-05 -0.000995835 -0.000800795 -0.0689067 -0.00352831 0.000102256 -2.23881e-05 -0.00729765 -0.0036333 -0.0759569 -0.00112298 -0.0054488 0.000728008 
-0.000277519 -0.00297328 -0.00609145 -0.000338609 0.0183515 0.00984693 -0.00123961 -2.06078e-06 -0.0010816 0.000783478 -0.00721044 -0.0043242 -0.00170085 -0.0147758 0.0156766 0.000164224 -0.00174794 -0.00773975 0.00558231 0.000231433 -0.0100232 -0.000104705 0.0157929 -3.86772e-05 -0.00785888 -0.000349382 8.50319e-05 -0.00266867 0.00021648 -0.000342583 0.00332942 0.032116 -0.000205778 -0.0077559 -9.79706e-05 -0.00289523 0.0121856 -0.00350733 -5.84916e-05 0.0182 -0.00947168 -0.00649565 -0.000757949 -0.00718745 -0.0046513 -0.00213861 -0.00895966 -0.00624051 4.72971e-05 -0.00154287 -0.00569778 -0.000627374 -0.000137069 -0.0125578 -0.000252276 -0.000330791 -0.00302736 0.000158403 0.0176961 0.00292923 -0.000203497 0.00675301 0.0106033 0.00438839 0.00298487 0.00197115 -0.0101939 -0.00834171 0.000352318 -0.000845924 -0.000430436 0.00376297 -0.0012092 -0.000101044 0.0130617 -0.000738826 -0.000897303 -0.0033847 -0.00173872 -0.00100469 -0.000616006 0.00700161 -0.00282635 -0.00301859 -5.8689e-05 -0.00610893 -0.0107094 -0.000273376 -0.00533739 -0.00215197 0.0104995 -0.00269301 -2.34105e-07 -9.5948e-05 0.00204519 -8.26754e-06 0.00990841 -0.00740381 -0.00145733 0.000609972 
2.53605e-05 9.98312e-05 7.08784e-05 2.84035e-06 -0.000138575 -0.000244539 1.17437e-05 -9.39167e-08 4.61089e-05 5.40839e-05 -4.00838e-05 -3.7061e-05 6.92272e-05 8.25907e-05 -0.000172523 6.36209e-05 0.000126032 1.4192e-05 -0.000226977 -5.01395e-06 8.77902e-05 -4.95926e-07 -0.000289859 1.31185e-05 5.72159e-05 -2.02245e-06 -3.43174e-06 8.24238e-07 5.56279e-05 -1.96646e-06 4.98071e-05 -0.000205778 0.000587654 5.01384e-05 -4.0273e-07 -1.33691e-05 -0.000266274 -2.79525e-06 3.54614e-05 -0.0003562 2.20231e-06 -4.65909e-05 -5.11847e-05 2.25583e-05 4.80275e-05 1.33832e-05 -6.27075e-05 2.66461e-05 9.76633e-07 -4.18523e-07 6.03471e-05 -5.4191e-06 -4.08842e-07 8.61054e-05 5.69297e-06 3.08936e-06 0.000131986 2.91004e-05 -0.000209468 0.000141498 3.33619e-06 -0.000132957 -9.15916e-05 0.000103092 7.25531e-05 -5.57095e-05 7.01987e-06 1.4431e-05 2.86154e-06 3.97459e-06 3.66898e-06 -4.8043e-05 5.67748e-05 1.11975e-07 4.89046e-05 -3.79797e-06 -5.7465e-06 9.88715e-05 0.000130759 7.7314e-06 9.18401e-08 7.45997e-05 1.87091e-05 4.40008e-05 -5.24377e-07 -1.09851e-05 0.00020277 -4.93232e-08 8.28358e-05 1.1717e-05 -0.000295873 1.4531e-05 -1.95281e-07 2.7906e-06 -4.62918e-05 -1.84434e-05 -0.000142351 1.20845e-05 7.35335e-06 3.48813e-05 
