0.112977 -0.0435011 -0.0026711 -8.3856e-05 -0.000342451 -0.0016626 -6.87148e-05 -0.0270877 -0.000882285 -0.0104201 -0.00347204 -0.00220683 -0.00313743 -0.00111147 -0.00116393 -0.0238433 -0.011823 0.0382707 -0.0592547 -0.0320092 -0.000685071 0.0605404 -0.0133567 -0.0162333 -0.0248681 0.000884609 -0.0053062 -0.0305005 0.0324511 -0.0223616 0.0509633 0.0410137 -0.00968263 -0.00342378 0.0584801 0.0636817 -0.000380634 0.00938639 -0.0371981 -0.00234001 -0.0428817 -0.00350319 -0.00222573 -0.00167292 -0.00315112 -0.0115304 0.00309679 0.00105923 -0.0553528 0.0343516 -0.000944129 -0.0538261 -0.000916927 -0.0021957 -0.00646323 0.0553664 0.075806 -3.05943e-05 0.030733 -0.00186467 -0.0242256 -5.29022e-05 -0.00752851 -0.0136035 0.0666004 -0.0259986 0.0133305 -4.99396e-05 -0.00956414 -0.00796866 -0.000937674 -0.0416349 -0.00903372 -0.00070067 -0.00343271 0.0735505 -0.00258882 5.21748e-05 -0.0170704 -0.000848375 -0.0410626 -8.94313e-05 -0.0211755 -0.000110366 -0.0175702 0.000253561 -3.25917e-05 0.0621324 -0.00371059 -0.000911763 -0.00411257 0.00485235 -0.000306721 -0.00154088 -0.0281181 -0.000244465 0.0147467 -0.0147495 -0.0185554 -0.00941342 
-0.0435011 0.241616 0.00881434 -2.26351e-05 0.00106695 0.0216077 7.13621e-05 -0.073146 0.00251859 -0.0209482 -0.0102824 0.000900305 0.00424327 0.00237175 0.000179967 -0.0707863 -0.0146818 0.0418405 0.0648754 -0.0227279 0.00222823 -0.0534665 0.0412792 0.0628653 -0.0042223 -0.00130728 0.0235509 -0.0188303 -0.0339384 0.10608 -0.0051103 -0.053296 0.0226698 0.0089874 -0.000352874 -0.0526386 -0.00114225 -0.00409001 -0.0348818 -0.00150719 -0.0215022 0.0158652 -0.00302354 -0.00497671 0.00667187 0.0111358 -0.00891043 -0.00193325 0.0617257 -0.0594331 -0.00202685 0.017239 -0.00162431 0.00603714 0.00420519 -0.0373287 -0.092219 7.55765e-05 -0.0290963 0.00891671 -0.0441638 5.1631e-05 0.0142376 -0.0261266 -0.104614 -0.0488957 -0.0247655 -0.000198291 0.015956 0.0192421 0.00129026 0.0390924 -0.0183 0.00265506 -0.0102551 -0.0901885 -0.0413695 -4.36862e-05 0.0641662 -0.00151529 -0.00848429 -1.79745e-05 0.095666 -0.00096686 0.0627364 -0.000437453 -0.0030237 -0.0175322 0.00405529 -0.00180906 -0.00163544 -0.00647623 -0.000787454 -4.73424e-05 -0.0457847 -0.000368413 0.000893603 0.0617886 0.0971232 0.0121681 
-0.0026711 0.00881434 0.0210808 1.44946e-05 0.000756917 -0.00117136 -5.10393e-06 -0.00285267 8.16941e-05 -0.00176786 8.73539e-06 -0.000308374 -0.00036095 -3.34651e-05 -0.000469543 -0.000855045 -0.00197962 -0.0124993 0.00999455 -0.00502922 -0.000222325 -0.00752088 0.010814 -0.00478651 0.00876498 -7.17895e-05 -0.000978613 0.00478786 -0.00405048 0.0127221 -0.00946302 -0.00169854 -0.00166285 0.00586913 -0.00898058 -0.00824627 0.000313255 -0.00116824 -0.00405715 0.00146477 -0.00633322 0.0102848 -0.00031674 -0.000251535 -0.00118704 -0.00155569 -0.000534555 -0.000137828 -0.000399442 -0.0115162 0.000602228 -0.00500784 -4.43039e-05 -0.000368059 -0.00010772 -0.00883464 -0.00597895 -8.92634e-06 -0.00159043 0.00775769 -0.00506471 4.07472e-05 -0.00119735 -0.00243216 -0.0074527 -0.00242447 -0.00998363 -1.40034e-05 -0.000282568 0.0096079 -0.00013641 0.00812577 -0.000992883 -0.000140614 -0.000425404 -0.00631651 -0.00156113 -3.79169e-07 -0.00273125 -0.000163521 -0.00667786 9.00385e-06 0.0122996 -5.5843e-05 0.0140793 -1.76122e-05 3.97725e-05 -0.00903947 -0.000157075 -0.000157407 0.0027702 -0.000596454 -4.78552e-05 -0.000258055 -0.00406941 0.00028973 0.0120389 0.0165215 0.0116567 -0.00213064 
-8.3856e-05 -2.26351e-05 1.44946e-05 0.000652718 -1.74532e-06 -4.03095e-05 3.62769e-06 0.000217734 1.24983e-05 0.000322134 1.62404e-05 4.88407e-05 8.70319e-06 -4.83285e-06 4.46208e-05 4.27719e-05 0.000293859 -0.000330323 -0.000180874 1.46214e-05 9.83552e-06 -0.000268613 -8.63646e-05 0.000271073 -1.14767e-05 -1.75823e-06 -4.12862e-05 -2.20683e-05 -0.000110082 -0.000194745 -0.000231228 -7.50686e-05 -4.45471e-05 -5.06335e-06 -0.000264351 -0.000233309 2.23564e-05 -8.13258e-07 9.91821e-05 7.12495e-06 -0.000144294 3.6628e-05 0.000173218 -4.74555e-06 -2.58311e-05 -3.83539e-05 -1.55205e-05 -1.21184e-07 0.00016513 3.52981e-05 -2.56168e-06 -0.000129954 3.64293e-05 1.64521e-05 2.54134e-06 -0.000264415 -0.000128398 8.80316e-09 -4.39487e-05 3.15467e-05 0.000285351 -2.92289e-07 -3.52873e-05 0.000304137 -0.000213872 0.000345617 -5.90553e-05 -6.93069e-08 0.000226579 -4.39969e-05 -6.30657e-06 -0.000143069 4.10662e-05 -5.26215e-06 3.70972e-06 -0.000160942 -6.0489e-05 -8.39145e-08 -7.0997e-05 3.88604e-06 0.000215995 1.66793e-06 -7.34981e-05 2.60876e-06 -1.23222e-05 -1.50212e-07 7.89952e-06 -0.000180769 -9.22311e-06 -4.86465e-06 3.05529e-05 -5.51989e-06 7.39905e-06 0.000105123 9.95981e-05 4.76528e-06 -3.99779e-06 -4.58444e-05 -9.86851e-05 2.44529e-06 
-0.000342451 0.00106695 0.000756917 -1.74532e-06 0.00266504 -0.000229642 -1.25454e-06 -0.000423294 0.000155279 -0.000180402 -6.97707e-06 8.97989e-06 6.67693e-05 9.42664e-06 -4.19831e-05 -0.000281061 -0.000206856 -0.00150987 0.00137298 -0.000525753 -2.18823e-05 -0.00102566 0.00132656 -0.000404669 0.00127597 -9.78448e-06 8.36747e-07 3.06874e-05 -0.000482162 0.0014588 -0.00124001 -0.000595157 -0.000132327 0.00037344 -0.00127445 -0.000989362 -8.63723e-07 -7.83114e-05 -0.000697858 0.000425669 -0.000786284 0.000554736 0.000124052 -1.3664e-05 -0.00013119 -0.00012629 -6.67623e-05 -1.71599e-05 0.000514761 -0.00133172 -1.78045e-05 -0.000115837 -1.19142e-05 -4.23473e-05 -0.000108769 -0.000492648 -0.000748292 2.65168e-07 -0.000195634 0.000172033 -0.000569894 3.04862e-06 -8.98178e-05 -0.000201044 -0.000951044 -0.000192061 -0.00122654 -1.82914e-06 2.59991e-05 0.00170242 -1.30684e-05 0.001132 -6.29668e-05 4.03791e-06 -6.90045e-05 -0.000830719 -0.000283069 -3.43315e-07 -0.000371339 -3.72737e-05 -0.000689128 2.39606e-05 0.00157281 -3.73545e-06 0.0016709 -3.39056e-06 -0.000113197 -0.00129421 0.000343985 -1.24545e-05 6.25119e-05 -0.000212821 -4.66705e-06 -3.13678e-05 -0.000481465 3.90238e-05 0.000660755 0.00196696 0.0014092 -0.000321209 
-0.0016626 0.0216077 -0.00117136 -4.03095e-05 -0.000229642 0.0907415 4.21459e-05 -0.00670675 0.00108048 -0.00711202 0.00193832 -0.00170515 -0.00209368 0.00352477 -0.000328577 -0.0108886 -0.00862218 0.00554698 -0.0178245 -0.0243823 0.00303507 0.0219595 0.00850408 0.0613392 0.000428461 -0.000350048 0.013628 -0.00865801 -0.0174181 0.0570797 -0.0235115 -0.0207987 -0.0070058 -0.00144715 0.0104375 -0.0381146 -0.000221626 -0.00268853 0.00411938 -0.00167765 -0.0307908 -0.00148744 0.000760893 -0.000499882 -0.00589287 -0.00562554 -0.00251607 -0.000603618 0.0328131 -0.0556798 -0.000226178 -0.0266634 -0.000544967 -0.00169884 -0.00498394 -0.0292227 -0.0242346 0.000355888 -0.00583199 -0.000811634 0.0207982 -2.50775e-05 -0.00543485 -0.00947356 -0.0222345 -0.00791146 -0.0193012 -4.01641e-05 0.000531599 0.00231598 0.00112469 0.039348 -0.00680294 -0.000638384 0.00105104 -0.0278982 -0.00793041 -1.06114e-05 -0.0103596 0.00846258 -0.0265964 -1.16395e-05 0.0646334 -0.000159847 0.0279935 0.000246714 0.0106607 0.00451499 -0.00193893 0.0039709 -0.000775457 -0.00212312 0.0013679 0.00012385 -0.0180069 -0.000303432 -0.0161619 0.0064301 0.0639829 -0.0103878 
-6.87148e-05 7.13621e-05 -5.10393e-06 3.62769e-06 -1.25454e-06 4.21459e-05 0.000535724 -5.61868e-05 1.45116e-05 -4.20845e-05 7.26733e-05 -1.07311e-06 2.02846e-05 -7.83794e-06 -1.37883e-05 -2.71775e-05 -2.9362e-05 3.99056e-05 -0.000222891 -0.000123615 2.61626e-05 -5.2567e-05 -1.80844e-05 -5.45467e-05 1.19495e-05 -7.1822e-07 2.69386e-05 -7.56284e-05 -9.83531e-05 -0.000151303 0.000150078 -1.3689e-05 4.5731e-05 -8.35097e-06 0.000114245 -0.000180769 7.27365e-06 0.000397986 -9.61892e-05 -3.8058e-06 -0.000157674 -1.00696e-05 3.84209e-05 7.03572e-06 0.000276543 1.60662e-05 3.07641e-06 3.65039e-05 -0.000245995 0.000108495 7.79426e-06 -0.000172302 3.57213e-05 0.000168394 -2.51374e-05 0.00014518 -7.38799e-05 4.87254e-05 -2.24236e-05 -8.27775e-06 -0.000110285 -1.84315e-07 -1.56846e-05 -6.29807e-05 8.95987e-05 -7.87211e-05 5.79788e-06 5.18865e-06 -2.05673e-05 -3.25585e-05 1.25578e-05 -0.000133734 -2.94143e-05 8.05933e-06 3.89863e-05 5.33841e-05 -5.59945e-05 7.31134e-07 -6.73571e-05 8.21395e-06 -0.000153136 1.16649e-06 -0.000118594 4.40554e-05 -5.00146e-05 8.93144e-07 1.96903e-05 0.000136697 -1.09822e-05 -2.29243e-06 1.68837e-05 -6.1045e-06 6.72873e-05 -3.90359e-06 -9.73208e-05 8.43522e-07 -3.80136e-05 -5.14168e-05 -0.000110843 0.000336366 
-0.0270877 -0.073146 -0.00285267 0.000217734 -0.000423294 -0.00670675 -5.61868e-05 0.166467 -0.00131173 0.0258588 0.0172309 -0.00207245 -0.00378109 -0.00337855 -0.000835321 0.0975454 0.0197466 -0.130352 0.0441469 0.0596454 -0.000972941 -0.0807727 -0.000466662 -0.0211788 0.0695358 -0.000402066 -0.0086719 0.0980779 -0.0404168 -0.0493291 -0.0985248 -0.048345 -0.014817 -0.00399212 -0.112009 -0.080914 0.00137072 -0.00981551 0.10669 0.00357447 0.0827371 -0.0051941 0.00201297 0.00961681 -0.0123491 -0.00151442 -0.00534564 -0.00077683 0.0756243 -0.0401415 0.00335938 0.0608681 0.00161941 -0.00256347 -0.0100871 -0.100412 -0.0589791 -6.86312e-05 -0.0143574 -0.00317785 0.12109 -4.1393e-05 -0.0113769 0.0373407 -0.0499129 0.111213 -0.0527958 0.000171216 -0.000732528 0.0117764 -0.00181573 0.0730767 0.00687235 -0.00144632 0.0165013 -0.0659238 0.0505242 -2.35949e-05 -0.0287782 0.00464375 0.0768679 0.000149244 -0.0260042 0.000731663 -0.00914974 0.000130331 -0.0024391 -0.102424 0.00445561 0.00191034 0.00508535 -0.0193415 0.00139729 0.00241495 0.0814055 -0.000574151 -0.0335317 -0.0118993 -0.0320848 -0.0258079 
-0.000882285 0.00251859 8.16941e-05 1.24983e-05 0.000155279 0.00108048 1.45116e-05 -0.00131173 0.00689515 -0.000408019 -0.000107969 -8.38833e-05 -8.44222e-05 8.313e-05 -6.43054e-07 -0.000507805 -0.000140915 -0.000660302 0.0013337 -0.00157475 3.77178e-05 -0.00103183 0.000801895 0.00281953 0.000105076 -1.97461e-05 0.000581308 -0.00104138 -0.00115533 0.00226704 -0.00147234 -0.00144112 -0.000102984 -1.80137e-05 -0.00185808 -0.00146261 -5.44612e-06 0.000160138 0.000157268 0.000389672 -0.00158083 -7.20076e-05 0.0013343 -7.54151e-05 0.000113857 -0.000508121 -0.000135522 -4.19685e-05 0.0017282 -0.00195143 -4.58157e-05 -0.00115247 -2.16657e-05 5.57689e-05 -0.000198075 -0.00133494 -0.00161876 5.2101e-05 -0.000442736 -1.82946e-05 -0.00140169 -1.92945e-06 -2.33706e-05 0.000410788 -0.00177684 -0.000977528 -0.000563931 6.9164e-07 0.00181749 0.000381843 -3.06541e-05 0.00159773 -0.000173147 -1.2129e-05 -0.000109189 -0.00162394 -0.000718932 -8.92067e-07 -0.000633904 4.53296e-05 -0.00064703 4.93847e-06 0.00260996 -7.06954e-06 0.000783785 -9.07866e-06 0.00074251 -0.00181924 0.00013393 0.000144099 0.00077024 -0.000342392 0.000124583 0.000148151 -0.000855843 -1.54225e-05 -0.000846072 0.00264455 0.00235587 -0.000335512 
-0.0104201 -0.0209482 -0.00176786 0.000322134 -0.000180402 -0.00711202 -4.20845e-05 0.0258588 -0.000408019 0.0761388 -0.00106327 0.00858863 -0.000530805 -0.00127174 0.00836679 0.00831236 0.0540831 -0.0359526 -0.000723515 0.0535003 0.000429498 -0.0331071 -0.0101106 -0.00211049 -0.0143271 -0.000296369 -0.00451609 -0.00976216 -0.0156635 -0.0266064 -0.037021 -0.018971 -0.00242377 -0.00227996 -0.0396479 -0.0307184 -0.000219895 -0.00282733 0.00288728 -0.000941514 0.0297496 -0.0024107 0.00288691 0.00567935 -0.00352701 0.00605185 -0.00208416 -0.000367821 0.0329694 0.00418148 -0.000554514 0.0193799 0.00444524 -0.000103356 0.0130239 -0.0344955 -0.0230666 -4.57448e-05 -0.00577394 -0.00123263 0.0287881 -2.64583e-05 -0.00285985 0.0504433 -0.00511344 0.022682 0.03191 -1.18166e-06 0.0036229 -0.00581082 -0.000726157 -0.0306014 0.0224517 -0.000310002 0.000542069 -0.0259135 -0.00883718 3.58762e-06 0.00592844 -0.00153073 0.0520231 0.000136154 -0.0217433 -9.54115e-05 -0.0164782 -9.66099e-05 -0.00353044 -0.034991 -0.00228188 -0.000521159 -0.00251376 -0.00758807 0.00042148 0.00784272 0.0520829 0.00189524 -0.0200377 -0.00976785 -0.0204483 -0.0101715 
-0.00347204 -0.0102824 8.73539e-06 1.62404e-05 -6.97707e-06 0.00193832 7.26733e-05 0.0172309 -0.000107969 -0.00106327 0.0262102 -0.000125516 0.000151189 -0.000235628 -0.000564746 0.01668 -0.00212452 -0.0182154 0.00177015 -0.00599745 -0.000256909 -0.00821633 0.004455 -0.00505649 0.0156044 -3.09615e-05 0.00335101 0.0128841 -0.00512613 -0.00479874 -0.0125271 -0.0060988 -0.00109628 0.000788265 -0.0138023 -0.0102685 5.17114e-05 -4.573e-05 0.015718 0.000219671 0.00421652 -0.000694964 0.000515773 0.000378183 -0.00157509 0.00743169 -0.000682268 0.000365468 0.00206111 -0.0110291 0.00482113 -0.000665799 -0.000170912 -0.00045903 -0.00128587 -0.0124691 -0.00753128 0.00013502 -0.000811418 -0.000328253 0.011853 2.1146e-05 -0.00147381 -0.00190527 -0.00954786 0.0163223 -0.0127412 0.000211051 0.00390171 0.00649708 -0.00013375 0.0152524 -0.0013464 -9.33891e-05 0.0105113 -0.00836176 0.00692431 1.19394e-05 -0.00380506 0.000478 -0.000713426 2.77904e-05 -0.00557949 3.40288e-05 -0.00299503 0.000209368 -0.000690446 -0.0132476 0.00107886 0.00145281 0.00442159 -0.00241864 0.00173699 -0.000321092 0.00635238 -6.34117e-05 -0.00242583 -0.00218562 -0.00462768 -0.00247358 
-0.00220683 0.000900305 -0.000308374 4.88407e-05 8.97989e-06 -0.00170515 -1.07311e-06 -0.00207245 -8.38833e-05 0.00858863 -0.000125516 0.0167607 0.000621295 -0.00026836 0.00115714 0.00161603 0.00560365 -0.00156904 0.00504904 0.00902458 -2.85735e-05 -0.00690434 -0.0011986 -0.00322964 -0.000371162 -5.03914e-05 -0.000988549 -0.00264537 -0.00247081 -0.00493116 -0.00604553 -0.00370215 0.00243942 7.15233e-05 -0.00828731 -0.00437263 0.000176214 -0.000722625 -0.00249171 -0.000131043 0.00336346 -0.000420265 0.000107246 -0.000175641 0.000483888 0.00906127 -0.000432582 -0.000107373 2.47394e-05 -7.34606e-05 0.000179476 0.00773585 -4.09099e-05 3.18537e-05 0.00677718 -0.00686215 -0.00457096 -1.02918e-05 -0.00123734 -0.000245408 -0.00305451 1.31026e-05 0.00116143 0.00133381 -0.00593164 -0.00168707 0.00501906 -7.89414e-06 -0.000782298 -0.000295178 -0.000137433 -0.0038357 0.0086958 1.43559e-05 0.000354208 -0.00510054 -0.00136655 9.5426e-06 0.00978348 -0.000212326 0.00720147 -4.26358e-06 -0.00410919 0.000277353 -0.00292251 -2.15863e-05 -0.0007011 -0.00752778 0.000292127 -0.000121739 0.000355819 -0.00150324 2.91769e-05 0.00218284 0.00175475 0.000610479 -0.00227152 -0.00149087 -0.00387805 -0.000868511 
-0.00313743 0.00424327 -0.00036095 8.70319e-06 6.67693e-05 -0.00209368 2.02846e-05 -0.00378109 -8.44222e-05 -0.000530805 0.000151189 0.000621295 0.0236332 -0.000320814 -0.000118048 -0.000393004 -0.00215695 0.00140922 0.00917624 0.0107587 -0.00022479 -0.0097478 -0.00263258 -0.00501685 0.00265919 -5.9239e-05 -0.0007081 -0.00197542 -0.00160187 -0.00174822 -0.0055046 -0.00546643 0.0104343 0.00111541 -0.0110648 0.000239234 0.000381995 0.000406035 -0.00385052 0.00307635 0.00525607 -0.000388563 0.0012428 0.00012319 -0.0010642 0.0101889 -0.000597272 -5.42502e-05 -7.24993e-05 0.00061606 0.000769472 0.0106182 -0.000119259 -0.000412663 0.00539724 -0.00412053 -0.00669758 0.000143215 -0.00175596 -0.000255755 -0.0041542 1.40614e-05 0.00732782 -0.00288425 -0.008631 -0.00203626 -0.00593547 -6.13428e-06 0.00062284 0.00151038 -2.13717e-06 -0.00246954 0.00590384 -7.49856e-05 0.000637457 -0.00719227 -0.00144114 3.55661e-05 0.00746395 -0.00028199 0.00895564 0.00017654 -0.00321438 0.000763304 6.68089e-05 -2.10728e-05 -0.000733703 -0.00967718 0.00173885 -9.09189e-05 -0.000239541 -0.00212767 7.61494e-05 -0.000219832 -0.00254307 8.42779e-05 -0.00225153 -9.1997e-07 -0.00325297 -0.000534889 
-0.00111147 0.00237175 -3.34651e-05 -4.83285e-06 9.42664e-06 0.00352477 -7.83794e-06 -0.00337855 8.313e-05 -0.00127174 -0.000235628 -0.00026836 -0.000320814 0.0159157 -0.000395689 -0.00271933 -0.00140157 0.00327259 -0.00452063 -0.00400507 0.000452616 0.00644274 0.0067499 0.0072916 -0.00142122 -5.74354e-05 0.00297659 -0.00376656 -0.00307548 0.0103677 -0.0055587 -0.00337735 -0.00129067 0.000127499 0.00485131 -0.00591278 -4.84143e-05 -0.00079841 -0.00370892 -0.000232948 -0.00494413 -0.000360887 -0.000266686 -0.000209184 -0.000504198 -0.00143797 -0.000371218 -0.000109138 -0.00157913 -0.00805033 -0.000105304 -0.00610823 3.72372e-05 -0.00018863 -0.000211725 0.00215548 -0.004264 3.31021e-05 -0.00096959 0.000568268 -0.00319921 -3.50624e-06 -0.000859239 -0.00189615 0.000922066 -0.0032365 -0.00522198 -1.01181e-05 0.000806256 0.000170408 0.00309388 0.00537235 -0.00112627 -9.44021e-05 -0.00042019 -0.0032264 -0.00170798 -1.82288e-06 -0.00229116 -0.000150811 -0.00513725 -7.76956e-08 0.010355 -4.21987e-05 0.00514354 2.41885e-05 0.00213518 0.00221575 -1.48569e-05 -4.4267e-05 -0.000389102 0.00195608 -3.5955e-05 9.91375e-05 -0.00334419 0.000313822 -0.00287226 0.00500425 0.010857 -0.00177014 
-0.00116393 0.000179967 -0.000469543 4.46208e-05 -4.19831e-05 -0.000328577 -1.37883e-05 -0.000835321 -6.43054e-07 0.00836679 -0.000564746 0.00115714 -0.000118048 -0.000395689 0.0250621 0.00279711 0.0130848 -0.000922118 0.00496016 0.00535597 -8.17686e-05 -0.00880143 -0.0031255 0.00165733 -0.0041481 -7.5924e-05 -0.00159577 -0.00408497 -0.00352009 -0.00426105 -0.00916256 -0.00504939 -0.0016419 -0.000194428 -0.00679529 -0.00855667 1.78382e-05 -0.000664193 0.000711934 -0.000360949 0.00457028 -0.000544906 0.000215394 -0.000283302 -0.00134901 -1.96723e-05 -0.000606391 -0.000113826 0.00940199 0.00394521 4.26587e-05 0.00745126 2.8113e-05 -0.000402506 0.00196239 -0.00920688 -0.00669441 3.1133e-05 -0.0018773 -0.000260315 0.00375708 -2.60059e-06 -0.000878678 0.0110109 -0.00852457 0.000710453 0.00469404 -1.20825e-06 -0.000156842 -0.00129887 -0.000148349 -0.00224874 0.00522673 6.65636e-05 -0.000535633 -0.00766432 -0.00270543 -3.30494e-06 0.00113639 -0.000384248 0.0132074 -6.01595e-06 -0.00368206 -5.59633e-05 -0.00374766 -1.71118e-05 -0.000790131 -0.00400912 -0.000739631 -0.000166659 -0.000493215 -0.00197907 -2.68982e-05 0.000807106 0.00930074 1.0706e-05 -0.00388871 -0.00236706 -0.00331891 -0.00279839 
-0.0238433 -0.0707863 -0.000855045 4.27719e-05 -0.000281061 -0.0108886 -2.71775e-05 0.0975454 -0.000507805 0.00831236 0.01668 0.00161603 -0.000393004 -0.00271933 0.00279711 0.150074 0.0117817 -0.0998727 0.0672449 0.050404 -0.00177398 -0.0677338 0.00394708 -0.0195714 0.0519981 -0.000573996 -0.00447576 0.0735019 -0.03493 -0.0454288 -0.0860202 -0.0421386 -0.00916006 0.000821047 -0.0913651 -0.0706313 0.00190799 -0.00994565 0.0994607 0.00269039 0.0709786 -0.00472633 0.0102801 0.00336863 -0.0096702 0.00401736 -0.00465043 -0.000841676 0.055702 -0.0267344 0.00386239 0.0806775 -0.000260976 -0.00285269 -0.00124928 -0.0781979 -0.0514854 -9.54117e-05 -0.0129457 -0.00279844 0.0711427 3.59411e-05 -0.00656674 0.0242251 -0.0580821 0.0686332 -0.0536133 4.08928e-05 0.0124286 0.000446002 -0.00140913 0.0670077 0.0254787 -0.000694402 0.0123803 -0.057546 0.0356998 2.45216e-06 -0.0176045 -0.00069006 0.0612004 -2.0765e-05 -0.0301431 0.00123156 -0.0146348 2.87553e-05 -0.00543171 -0.0901252 0.00628503 0.001516 0.0105919 -0.016753 -1.99193e-05 -0.00156248 0.0793378 0.000169517 -0.0302223 -0.0178742 -0.036173 -0.0179957 
-0.011823 -0.0146818 -0.00197962 0.000293859 -0.000206856 -0.00862218 -2.9362e-05 0.0197466 -0.000140915 0.0540831 -0.00212452 0.00560365 -0.00215695 -0.00140157 0.0130848 0.0117817 0.0842526 -0.03416 0.00720901 0.0462598 0.000430088 -0.0371233 -0.0125737 0.00762395 -0.0179591 -0.000331998 -0.00585756 -0.0113089 -0.0167176 -0.0248335 -0.0354366 -0.0212145 -0.0062803 -0.00246963 -0.0366534 -0.0347601 -0.000264183 -0.00361943 0.0127331 -0.00162469 0.0312394 -0.00269074 0.00453156 0.00403278 -0.00313213 -0.000372227 -0.00234714 -0.000474528 0.0376867 0.00584443 -0.000553972 0.0212933 0.00286482 0.0011711 0.00534391 -0.0338362 -0.0258738 -4.24205e-05 -0.00673285 -0.00133999 0.0263052 -1.77089e-05 -0.00501666 0.0594299 -0.0117878 0.0241506 0.0308878 -3.29879e-05 0.00642643 -0.00676335 -0.000839147 -0.0244606 0.0187433 -0.000319071 -0.000204216 -0.0288409 -0.0101307 -1.09218e-05 0.00527083 -0.00172225 0.055215 8.8803e-05 -0.023027 -0.000215854 -0.0185227 -0.000112983 -0.0035722 -0.0338197 -0.00266397 -0.00037341 -0.00263778 -0.00839633 -0.000209949 0.00737881 0.0575341 0.000578324 -0.0218789 -0.0101349 -0.0200381 -0.00961786 
0.0382707 0.0418405 -0.0124993 -0.000330323 -0.00150987 0.00554698 3.99056e-05 -0.130352 -0.000660302 -0.0359526 -0.0182154 -0.00156904 0.00140922 0.00327259 -0.000922118 -0.0998727 -0.03416 0.217086 -0.0859083 -0.0536305 0.00151392 0.103531 -0.0368868 0.0138512 -0.0964676 0.000281796 -0.000725856 -0.114786 0.0576152 0.00827021 0.142071 0.0661354 0.0206097 -0.00879386 0.144152 0.119124 -0.00143106 0.0140633 -0.10442 -0.00509834 -0.0648972 -0.0139002 -0.00930143 -0.00872599 0.018201 0.00175598 0.00796026 0.00124538 -0.106785 0.0801867 -0.00477574 -0.0431418 -0.00255123 0.00409806 0.00899702 0.145527 0.0857463 -7.06703e-05 0.019687 -0.00753699 -0.11091 1.17226e-05 0.0171063 -0.0466158 0.0840429 -0.108577 0.0810518 -0.000154797 -0.0170179 -0.0448065 0.00218083 -0.103196 -0.0167529 0.0022281 -0.0164897 0.0941635 -0.0402506 -1.13587e-05 0.0331991 -0.00735146 -0.0676281 -0.000462968 -0.0191707 -0.000850219 -0.0317751 -3.44811e-05 0.00330624 0.147017 -0.0154744 -0.00378424 -0.016147 0.0265849 -0.00145953 -0.0036965 -0.0871408 -0.000879255 0.015086 -0.0357074 -0.0138353 0.0379905 
-0.0592547 0.0648754 0.00999455 -0.000180874 0.00137298 -0.0178245 -0.000222891 0.0441469 0.0013337 -0.000723515 0.00177015 0.00504904 0.00917624 -0.00452063 0.00496016 0.0672449 0.00720901 -0.0859083 0.248778 0.0769484 -0.00437659 -0.138003 0.0366779 -0.00814505 0.0771888 -0.00163784 -0.00150058 0.0713428 -0.0583038 0.0238204 -0.130164 -0.0992036 0.0348742 0.00985474 -0.154706 -0.102319 0.00102911 -0.0161704 0.077767 0.00878951 0.0819379 0.0081717 0.00646025 -0.00295321 -0.0242192 0.0234098 -0.0111187 -0.00309699 0.122813 -0.0602082 -0.000601075 0.145215 -0.00090322 -0.00721916 0.0219759 -0.112704 -0.127717 -1.23572e-05 -0.0338313 0.00509541 0.023394 8.60768e-05 0.0277409 -0.00113918 -0.159011 0.0329406 -0.0852867 -0.000305772 0.0202559 0.0303161 -0.00218815 0.102932 0.0327167 0.00308949 -0.00512457 -0.138057 0.0115417 -4.077e-05 0.0368542 -0.00427412 0.103384 6.00867e-05 0.0293871 -0.000195917 0.0548803 -0.000454235 -0.0138461 -0.162341 0.0125572 -0.00126934 0.0106117 -0.0395714 -0.000693645 -0.0015258 0.0563326 0.000717406 -0.0373703 0.0479686 0.0257878 -0.0423919 
-0.0320092 -0.0227279 -0.00502922 1.46214e-05 -0.000525753 -0.0243823 -0.000123615 0.0596454 -0.00157475 0.0535003 -0.00599745 0.00902458 0.0107587 -0.00400507 0.00535597 0.050404 0.0462598 -0.0536305 0.0769484 0.186607 -0.00148549 -0.0996429 -0.0197173 -0.0465925 0.00563362 -0.000599394 -0.0147091 0.0193243 -0.0350059 -0.0689759 -0.0703897 -0.056953 0.0379129 -0.00528359 -0.122944 -0.0411108 0.000668573 -0.00665421 0.0326881 0.00563237 0.129637 -0.00711028 0.00325585 0.00676981 -0.0100883 0.0392143 -0.00609261 -0.00146405 0.0512865 0.0136788 -0.00125587 0.116619 0.00333298 -0.00210366 0.0321705 -0.0570959 -0.0692291 -8.21143e-05 -0.0180566 -0.00375569 0.0376608 0.000128897 0.0301965 0.0436761 -0.0602366 0.0368845 0.019258 -6.68867e-05 -0.00438228 -0.016959 -0.00152412 -0.0198871 0.0446076 0.00256412 0.0045786 -0.0762238 0.0110163 -1.20018e-05 0.047888 -0.00396417 0.135234 5.46738e-05 -0.0651402 0.00117211 -0.0458631 -0.000260457 -0.0100411 -0.0924215 -0.00188643 -0.00128221 0.000909699 -0.0224997 -0.000270054 0.0062065 0.0947477 0.00135767 -0.0563294 -0.0293246 -0.0647428 -0.0247633 
-0.000685071 0.00222823 -0.000222325 9.83552e-06 -2.18823e-05 0.00303507 2.61626e-05 -0.000972941 3.77178e-05 0.000429498 -0.000256909 -2.85735e-05 -0.00022479 0.000452616 -8.17686e-05 -0.00177398 0.000430088 0.00151392 -0.00437659 -0.00148549 0.0103661 0.00271387 -0.000421779 0.00391648 -0.00204956 6.06363e-06 0.00289766 -0.00247381 -0.00151511 0.00286745 0.00177184 -0.00193249 -0.000805808 -0.000194939 0.00246647 -0.0031467 -3.11068e-05 0.000304717 -0.00209418 -0.00018374 -0.00213659 -0.000301984 -0.000132158 -1.75038e-05 0.00140786 -0.000874739 -0.000109266 3.63969e-05 0.00194199 -0.00164149 -7.55515e-05 -0.00370424 0.000126595 0.000959803 -0.000435143 -0.00114846 -0.00162948 6.05251e-05 -0.000150829 -0.000145437 0.000688964 1.29453e-05 -0.000610249 0.000896453 0.000366211 -0.0015869 0.00325888 -1.98197e-06 -0.000433932 -0.000602155 0.000228092 -0.0012455 -0.0007113 -8.00114e-05 -0.000218876 -0.00219229 -0.00113067 -8.34806e-07 -0.000669579 0.000221602 -0.00171341 -4.44328e-06 0.00224456 -1.12948e-05 -0.00196117 -9.30378e-06 -0.000184734 0.00216265 -0.000110658 0.000222313 -0.000294453 -0.000550545 -7.64636e-07 0.00152353 -0.000619241 -7.44781e-06 -0.00232813 -0.000816199 0.0030523 0.000693023 
0.0605404 -0.0534665 -0.00752088 -0.000268613 -0.00102566 0.0219595 -5.2567e-05 -0.0807727 -0.00103183 -0.0331071 -0.00821633 -0.00690434 -0.0097478 0.00644274 -0.00880143 -0.0677338 -0.0371233 0.103531 -0.138003 -0.0996429 0.00271387 0.243652 -0.00107143 0.0210251 -0.0761218 0.00142475 0.02509 -0.0815208 0.0525929 0.0299823 0.122239 0.0847456 -0.0319248 -0.0061077 0.155491 0.102199 -0.00121991 0.00647436 -0.0806744 -0.00605902 -0.103767 -0.0100809 -0.0069839 -0.00540238 0.00912223 -0.0370885 0.010037 0.000222984 -0.0950942 0.0444093 -0.0029219 -0.146699 -0.00243776 -0.00094589 -0.0184784 0.120707 0.122787 -9.78033e-05 0.0386298 -0.00413643 -0.0633658 -8.97236e-05 -0.0242196 -0.0330633 0.146513 -0.0748811 0.0422415 -0.000120519 0.000954273 -0.0176528 0.00434464 -0.0617888 -0.0289704 -0.0021738 -0.0108566 0.129583 -0.0113848 1.32194e-05 -0.0484529 -0.000356418 -0.129153 -0.000260285 0.00512325 -0.000706739 -0.0319792 0.000201122 0.010231 0.150396 -0.0098366 0.00169747 -0.00994003 0.0217701 -0.000993122 -0.00358559 -0.079624 -0.000806922 0.0234084 -0.0325369 0.0135165 0.01304 
-0.0133567 0.0412792 0.010814 -8.63646e-05 0.00132656 0.00850408 -1.80844e-05 -0.000466662 0.000801895 -0.0101106 0.004455 -0.0011986 -0.00263258 0.0067499 -0.0031255 0.00394708 -0.0125737 -0.0368868 0.0366779 -0.0197173 -0.000421779 -0.00107143 0.120696 0.0105841 0.0337381 -0.000185066 0.0343853 0.0148492 -0.026309 0.0622093 -0.0400212 -0.0223257 -0.00974139 0.0115697 -0.0137729 -0.0496061 0.000572444 -0.0048127 -0.00666557 -0.000765764 -0.0160214 0.00805597 0.00105117 -0.000858439 -0.00496547 -0.0107455 -0.00318596 -0.000890222 0.0254981 -0.0579003 6.50108e-05 -0.0260157 -0.000931867 -0.0022209 0.000151696 -0.023306 -0.031884 -5.05317e-05 -0.00758723 0.00368086 -0.0169442 6.15754e-05 -0.00735605 -0.0163883 -0.0298932 -0.0145283 -0.0621804 -7.52577e-05 0.0253332 0.0281135 0.00548127 0.0568094 -0.00676976 -0.000272778 -0.00169315 -0.0360064 -0.00672569 -5.76198e-06 -0.018227 0.00154133 -0.035665 5.44052e-05 0.0523753 0.00027909 0.0332836 -8.86209e-05 -0.00298086 -0.0309969 0.0159524 0.00183157 0.0114044 -0.00860633 -9.53817e-05 -0.00156854 -0.0121441 0.000557598 0.012133 0.0404055 0.0549509 -0.0105836 
-0.0162333 0.0628653 -0.00478651 0.000271073 -0.000404669 0.0613392 -5.45467e-05 -0.0211788 0.00281953 -0.00211049 -0.00505649 -0.00322964 -0.00501685 0.0072916 0.00165733 -0.0195714 0.00762395 0.0138512 -0.00814505 -0.0465925 0.00391648 0.0210251 0.0105841 0.197358 -0.0110607 -0.000668761 0.0265288 -0.00390231 -0.0413328 0.109947 -0.0579047 -0.0468365 -0.020509 -0.00159887 0.0290287 -0.089471 -0.000630882 -0.010606 0.0432193 -0.00233649 -0.0684914 -0.00651966 0.00507869 -0.00307363 -0.00531359 -0.0209237 -0.0064285 -0.00136834 0.0780901 -0.105701 -0.00173049 -0.0251365 -0.000651308 0.00120187 -0.0117956 -0.0564316 -0.0555237 2.709e-05 -0.0171654 -0.00102675 0.0265211 -7.52464e-05 -0.0135878 0.00286098 -0.0403854 0.00768238 -0.0464343 -0.000163825 0.0314859 -0.00874779 0.00321599 0.0772026 -0.00817243 -0.00186694 -0.00371531 -0.0604375 -0.0196114 -3.19057e-05 -0.0292448 0.00739439 -0.033748 -0.000108296 0.118967 -0.000716301 0.0713937 -4.0022e-05 0.0224385 -0.0227858 -0.00488355 0.00124502 0.00153821 -0.0102178 -0.000538686 0.00200039 -0.026582 -0.000224544 -0.0376485 0.0180447 0.119928 -0.0191557 
-0.0248681 -0.0042223 0.00876498 -1.14767e-05 0.00127597 0.000428461 1.19495e-05 0.0695358 0.000105076 -0.0143271 0.0156044 -0.000371162 0.00265919 -0.00142122 -0.0041481 0.0519981 -0.0179591 -0.0964676 0.0771888 0.00563362 -0.00204956 -0.0761218 0.0337381 -0.0110607 0.159656 -0.000351479 -0.00674277 0.109592 -0.0341339 0.0204052 -0.0936519 -0.0438251 -0.00499783 0.00678198 -0.0949874 -0.0715282 0.00219082 -0.00771327 0.0525248 0.00480431 0.0194806 0.0110657 0.00343937 0.00178046 -0.0115039 0.00636907 -0.00494573 -0.000784019 0.0433846 -0.0685381 0.00537598 0.0252848 -0.0013272 -0.00347986 -0.00474409 -0.0821403 -0.0554974 8.33287e-05 -0.013436 0.0028147 0.0414854 5.6121e-05 -0.00281591 -0.0234669 -0.0687682 0.0558172 -0.0939244 0.000186801 -0.00509839 0.041679 -0.00153673 0.109418 -0.00108629 -0.00100231 0.0143057 -0.0603717 0.0307147 -4.97746e-06 -0.0269546 0.00465109 -0.00149702 0.000331579 0.0438657 0.00137876 0.0628797 0.000180432 -0.0034481 -0.0954498 0.0189149 -0.00114253 0.0175002 -0.016984 0.00162138 -0.00238059 -0.00578507 -0.000370776 0.0136137 0.0545341 0.0344277 -0.0200956 
0.000884609 -0.00130728 -7.17895e-05 -1.75823e-06 -9.78448e-06 -0.000350048 -7.1822e-07 -0.000402066 -1.97461e-05 -0.000296369 -3.09615e-05 -5.03914e-05 -5.9239e-05 -5.74354e-05 -7.5924e-05 -0.000573996 -0.000331998 0.000281796 -0.00163784 -0.000599394 6.06363e-06 0.00142475 -0.000185066 -0.000668761 -0.000351479 0.0036482 -4.47446e-05 -0.000358296 -0.000498947 -0.000660884 0.00142291 0.00059934 -0.000276268 1.71065e-06 0.00125309 0.00134711 -8.92481e-06 0.000579553 -0.000726511 -4.92636e-05 -0.000154541 -5.94819e-05 -6.31563e-05 1.38754e-05 -0.000135418 2.12084e-05 -4.97788e-05 0.000248636 -0.00180865 0.000897499 9.45653e-05 -0.0012111 -2.49072e-05 7.73655e-06 -0.0001636 0.00122773 0.00164439 -2.08872e-06 0.00049264 -4.33249e-05 -0.000608964 -7.94167e-07 -0.000212808 -0.000437457 0.00172883 -0.000352259 5.16757e-05 7.03491e-05 -0.000262449 -0.000134534 5.13343e-06 -0.00091986 -0.000190084 -2.67669e-05 0.000296331 0.00189824 0.00135543 1.52956e-06 -0.000519488 -6.79488e-05 -0.000983859 -1.90034e-06 -0.000833388 -9.08162e-06 -0.000697539 1.21158e-05 -0.000131518 0.00123863 -9.28214e-05 -6.53761e-06 9.40039e-05 -0.000237966 2.43252e-05 -3.67832e-05 -0.000749141 -1.18244e-05 -0.000611806 -0.000394709 -0.000779945 -0.000139824 
-0.0053062 0.0235509 -0.000978613 -4.12862e-05 8.36747e-07 0.013628 2.69386e-05 -0.0086719 0.000581308 -0.00451609 0.00335101 -0.000988549 -0.0007081 0.00297659 -0.00159577 -0.00447576 -0.00585756 -0.000725856 -0.00150058 -0.0147091 0.00289766 0.02509 0.0343853 0.0265288 -0.00674277 -4.47446e-05 0.0606102 -0.00743386 -0.0120874 0.0326855 -0.00108725 -0.013083 -0.00471563 0.00237587 0.0163819 -0.0235142 -0.000148226 -0.00341054 -0.00460491 -0.000823914 -0.0173128 -0.00101297 0.00146298 -0.00082674 0.000532955 -0.00472892 -0.00156459 -0.000376409 0.0222192 -0.0244506 0.000137069 -0.0210822 -0.000425437 -0.000392074 -0.00317621 -0.0144821 -0.015492 2.26795e-05 -0.00314156 9.64472e-05 -0.00951077 2.82521e-05 -0.00381046 -0.00805701 -0.0152582 -0.00991837 -0.0228375 -3.61191e-05 0.0278627 -0.000360346 0.00329186 0.0190511 -0.00352546 -4.9622e-05 -0.000892566 -0.0180998 -0.00576027 7.12883e-06 -0.00515339 2.47503e-05 -0.0190217 -3.62973e-05 0.0272483 -2.38317e-05 -0.00209271 -7.0279e-05 -0.00148006 0.00450441 0.00306874 0.00197931 0.00324154 -0.00377137 0.000187686 2.47596e-05 -0.00778674 0.000274535 -0.00862197 -0.00184855 0.0285738 -0.00465079 
-0.0305005 -0.0188303 0.00478786 -2.20683e-05 3.06874e-05 -0.00865801 -7.56284e-05 0.0980779 -0.00104138 -0.00976216 0.0128841 -0.00264537 -0.00197542 -0.00376656 -0.00408497 0.0735019 -0.0113089 -0.114786 0.0713428 0.0193243 -0.00247381 -0.0815208 0.0148492 -0.00390231 0.109592 -0.000358296 -0.00743386 0.18203 -0.0440496 0.0113144 -0.102625 -0.0497173 -0.01481 0.00493672 -0.103858 -0.0898342 0.00148425 -0.0123763 0.0974109 0.001984 0.042655 0.0126523 -0.000482019 0.00360914 -0.0138207 -0.000410878 -0.00605624 -0.00112328 0.0713761 -0.0883756 0.00508888 0.0431087 -0.00165384 -0.00408547 -0.0106485 -0.110583 -0.0666256 -0.000124558 -0.0167556 0.0018873 0.0768188 -1.41735e-05 -0.0110113 -0.0111383 -0.0778796 0.0874489 -0.0989012 0.00016407 -0.00907526 0.0295461 -0.00181809 0.122434 -0.000398583 -0.00160334 0.0176216 -0.0694716 0.0456822 -7.39892e-06 -0.0311405 0.00598508 0.0230858 0.000168019 0.0358086 0.000784359 0.0539148 0.000132841 0.00360935 -0.106856 0.0129804 -0.000693448 0.0174875 -0.0149502 0.00066882 -0.00249105 0.026268 -0.000771569 -0.00297978 0.0334998 0.0258763 -0.0215505 
0.0324511 -0.0339384 -0.00405048 -0.000110082 -0.000482162 -0.0174181 -9.83531e-05 -0.0404168 -0.00115533 -0.0156635 -0.00512613 -0.00247081 -0.00160187 -0.00307548 -0.00352009 -0.03493 -0.0167176 0.0576152 -0.0583038 -0.0350059 -0.00151511 0.0525929 -0.026309 -0.0413328 -0.0341339 -0.000498947 -0.0120874 -0.0440496 0.155283 -0.0508935 0.0843951 0.0916635 0.00818125 -0.00472463 0.0715116 0.111505 -0.000383015 -0.00750773 -0.0566735 -0.00272201 -0.0454196 -0.0045611 -0.00287854 -0.0024514 -0.00941595 -0.0056732 0.00154361 -0.00112178 -0.0922856 0.0600215 -0.00139702 -0.0489336 -0.00136579 -0.00332189 -0.00624664 0.0766248 0.0815977 -1.15771e-05 0.0112785 -0.00281783 -0.0447342 -4.894e-05 0.00587831 -0.0148914 0.0735361 -0.0377254 0.0229548 -6.00895e-05 -0.0148145 -0.0136861 -0.00171727 -0.0702417 -0.0127668 -0.000653729 -0.00491535 0.0936621 -0.0191627 -9.5095e-06 -0.00703806 -0.00343647 -0.0354073 -0.000127221 -0.0500845 -0.000374352 -0.0390871 -5.8667e-05 -0.00769244 0.0846024 -0.00460069 -0.00163534 -0.00563776 0.0215248 -0.000392454 -0.00227764 -0.0414241 -0.000683492 0.081509 -0.0220946 -0.0489515 0.0113175 
-0.0223616 0.10608 0.0127221 -0.000194745 0.0014588 0.0570797 -0.000151303 -0.0493291 0.00226704 -0.0266064 -0.00479874 -0.00493116 -0.00174822 0.0103677 -0.00426105 -0.0454288 -0.0248335 0.00827021 0.0238204 -0.0689759 0.00286745 0.0299823 0.0622093 0.109947 0.0204052 -0.000660884 0.0326855 0.0113144 -0.0508935 0.223093 -0.0616514 -0.0589467 -0.0189907 0.0112049 0.0230049 -0.0944388 -0.000962691 -0.0152025 0.003651 -0.000370911 -0.0651423 0.0157617 -0.00320398 -0.00422563 -0.0137713 -0.0235631 -0.0037357 -0.00221922 0.0700235 -0.132313 -0.00146342 -0.0486114 -0.00188165 -0.00474421 -0.00433981 -0.053895 -0.0614633 6.14494e-05 -0.00728805 0.00960463 -0.0174692 -3.39703e-05 -0.0126184 -0.0267536 -0.0577332 -0.0284834 -0.0758389 -0.000211227 0.0214554 0.0313329 0.00505917 0.107145 -0.0216932 -0.00205912 -0.0076137 -0.0629014 -0.0331899 -2.32751e-05 -0.0318258 0.00804352 -0.078273 0.000123409 0.162296 -0.000861749 0.11252 -0.000139437 0.0226345 -0.0312419 0.00566892 0.00391514 0.00514333 -0.00950998 -0.000752601 -0.00220994 -0.0517682 5.37886e-05 -0.0101159 0.0758122 0.167511 -0.0256756 
0.0509633 -0.0051103 -0.00946302 -0.000231228 -0.00124001 -0.0235115 0.000150078 -0.0985248 -0.00147234 -0.037021 -0.0125271 -0.00604553 -0.0055046 -0.0055587 -0.00916256 -0.0860202 -0.0354366 0.142071 -0.130164 -0.0703897 0.00177184 0.122239 -0.0400212 -0.0579047 -0.0936519 0.00142291 -0.00108725 -0.102625 0.0843951 -0.0616514 0.249144 0.111624 -0.00772343 -0.00922757 0.16007 0.173384 -0.00133983 0.0192227 -0.115689 -0.00784074 -0.0615342 -0.00868717 -0.00757818 -0.00601079 0.0289294 -0.0184896 0.0129467 0.00272476 -0.141929 0.142895 -0.00338755 -0.0862229 -0.00195561 0.00747625 -0.0194304 0.176312 0.139659 -0.000210644 0.034545 -0.00657931 -0.105144 -0.000117517 -0.0119608 -0.0370601 0.138274 -0.09462 0.121505 -1.75046e-05 -0.0232516 -0.0342119 -0.000646897 -0.158899 -0.0292445 0.0013115 -0.0124282 0.152044 -0.018308 2.89813e-06 0.0328726 -0.00803252 -0.084567 -0.000319589 -0.0828697 -0.000832619 -0.0876723 3.15526e-05 -0.00934788 0.189176 -0.0121433 -0.00405531 -0.0150831 0.0409629 -0.0010964 -0.00387234 -0.0768634 -0.00168465 0.0529126 -0.0531724 -0.0841773 0.058822 
0.0410137 -0.053296 -0.00169854 -7.50686e-05 -0.000595157 -0.0207987 -1.3689e-05 -0.048345 -0.00144112 -0.018971 -0.0060988 -0.00370215 -0.00546643 -0.00337735 -0.00504939 -0.0421386 -0.0212145 0.0661354 -0.0992036 -0.056953 -0.00193249 0.0847456 -0.0223257 -0.0468365 -0.0438251 0.00059934 -0.013083 -0.0497173 0.0916635 -0.0589467 0.111624 0.176972 -0.0151485 -0.00503907 0.102395 0.114959 -0.000653015 -0.00610516 -0.0659737 -0.00355926 -0.0704949 0.0017153 -0.00392955 -0.00296593 -0.00427669 -0.0203347 0.00901398 0.000862716 -0.112689 0.0769944 -0.00160048 -0.0952699 -0.0016392 -0.00298499 -0.0108498 0.101672 0.130901 -0.000119813 -0.00320612 0.000100531 -0.0554981 -9.14994e-05 -0.0129706 -0.0214872 0.11458 -0.046179 0.0305665 -2.89867e-05 -0.0171186 -0.0150241 -0.00212214 -0.0877988 -0.0159784 -0.00181297 -0.00602732 0.134411 0.00521716 1.94718e-06 -0.0268846 -0.00373756 -0.0713528 -0.000156614 -0.0502579 -0.000473342 -0.0363987 -0.00013613 -0.00621644 0.110118 -0.00524653 -0.00203494 -0.00722178 0.0427449 -0.000536696 -0.00270663 -0.0504521 -0.000809571 0.099232 -0.0198799 -0.0525452 0.0228896 
-0.00968263 0.0226698 -0.00166285 -4.45471e-05 -0.000132327 -0.0070058 4.5731e-05 -0.014817 -0.000102984 -0.00242377 -0.00109628 0.00243942 0.0104343 -0.00129067 -0.0016419 -0.00916006 -0.0062803 0.0206097 0.0348742 0.0379129 -0.000805808 -0.0319248 -0.00974139 -0.020509 -0.00499783 -0.000276268 -0.00471563 -0.01481 0.00818125 -0.0189907 -0.00772343 -0.0151485 0.0734943 -0.00168108 -0.0296513 0.0179404 -7.25848e-05 0.00453553 -0.0165086 0.00280705 0.0266409 -0.00227736 -0.000264871 -0.000846854 -0.0028492 0.0381701 -0.0017698 -0.000536635 -0.0118679 0.0109107 -0.000510951 0.04 -0.000482996 -0.00113468 0.0192149 -0.00432543 -0.019531 0.000258601 -0.00554455 -0.00117093 -0.0151214 0.000147533 0.0447107 -0.00899271 -0.0270736 -0.011612 0.00369759 -4.64636e-05 -0.00417362 -0.00529386 -0.00055512 -0.0168275 0.00698797 0.00271976 -1.97773e-05 -0.0189929 -0.00790184 1.21379e-05 0.0351988 -0.00145135 0.0445881 -3.79989e-05 -0.0209218 0.00052496 -0.0101622 -8.68438e-05 -0.00336922 -0.0169535 -0.00122808 -0.000663975 -0.00135035 -0.00558825 0.000817588 -0.000269538 -0.00077157 0.000717787 -0.0135459 -0.00862234 -0.0199444 -0.00367321 
-0.00342378 0.0089874 0.00586913 -5.06335e-06 0.00037344 -0.00144715 -8.35097e-06 -0.00399212 -1.80137e-05 -0.00227996 0.000788265 7.15233e-05 0.00111541 0.000127499 -0.000194428 0.000821047 -0.00246963 -0.00879386 0.00985474 -0.00528359 -0.000194939 -0.0061077 0.0115697 -0.00159887 0.00678198 1.71065e-06 0.00237587 0.00493672 -0.00472463 0.0112049 -0.00922757 -0.00503907 -0.00168108 0.0267625 -0.00385267 -0.00955812 0.000590363 0.000129218 0.000782254 -3.12815e-05 -0.00405073 0.0026803 -0.000110872 -0.000153404 -0.000832427 6.36376e-05 -0.000641848 -0.000120069 -0.000286128 -0.0114317 0.00165392 -0.000751188 -0.00013175 -0.000403455 -0.00034877 -0.0076907 -0.00744458 2.80379e-05 -0.00182068 0.00216398 -0.0049449 5.35121e-06 -0.0013913 -0.00278698 -0.00914946 0.000820471 -0.0114439 8.88455e-06 0.00389827 0.00498122 2.79537e-05 0.0130889 -0.000925539 -0.00018334 0.00106458 -0.00793359 -0.000677463 9.97542e-06 -0.00205791 -6.11096e-05 -0.00514741 1.25987e-05 0.00879633 3.24434e-06 0.00638376 -6.15806e-06 -0.000645645 -0.0100664 0.000852841 0.000720545 0.0084587 -0.00202926 -3.39923e-05 -0.000320485 -0.00444322 0.00028558 0.00267727 0.00950819 0.00962789 -0.000567807 
