0.239913 -0.0222827 -0.106219 -0.0796558 0.00688833 0.00118015 -0.0173011 -0.114941 0.018947 -0.00305674 -0.0893405 -0.147036 -0.00513968 -0.0465368 -0.0127391 0.0176868 0.00790897 -0.0194013 0.000354085 -0.000624141 -0.100976 -0.0297694 -0.0166792 -0.0105976 -0.00190056 0.00389125 0.153592 -0.000530309 -0.00555396 -0.00817695 -0.00153491 -0.0162288 0.000175891 0.000609848 -0.0465846 -0.00201888 0.19669 -0.140022 -0.00141083 0.130977 -0.0010603 -0.000330464 -0.0309667 0.00398141 0.0440419 1.57891e-05 -0.0614929 -0.000277945 0.0152077 -0.0563344 -0.00150927 0.00986635 0.000221286 0.148983 0.00398432 0.0287247 -0.0706027 0.0732949 -0.0727826 -0.0210294 -0.0333563 -0.000255581 -0.00315236 -0.103371 0.0291645 0.0302113 -0.00337671 0.0999781 -0.00263098 -0.0401651 0.0342372 -0.105188 -0.00147735 0.0108769 0.0910659 0.013435 0.00276774 -0.00107632 0.145331 2.18318e-05 -0.000419977 -0.00558124 -0.139015 0.0217672 -0.00303978 -0.000815256 0.0291161 0.00715147 -0.00874078 -0.0565684 -0.0164031 -0.00419278 -0.00313886 0.00271843 0.0619962 0.120284 0.0440206 0.000327602 -0.000318863 0.0433225 
-0.0222827 0.0638186 0.0214367 -0.00160689 -0.00182506 0.000259402 -0.000228615 -0.00218728 -0.00781031 -7.08258e-05 0.0214866 0.0161778 -0.000874756 0.0128457 0.00526939 -0.00326378 0.000372591 -0.00427401 -0.000170804 9.03631e-05 -0.00863654 -0.00145696 0.00310085 0.00158974 -0.000799828 -0.000672963 -0.0194065 4.36822e-05 0.00225807 -0.0026567 -0.000146812 0.0258615 -5.59917e-05 8.29911e-05 -0.00075248 0.000737206 -0.0215379 -0.00316175 -0.000366366 -0.0163278 -0.000227123 -8.92448e-05 -0.000214793 0.00347032 -0.0183549 -5.25802e-05 -0.00104458 -1.02885e-05 -0.00406445 0.0163265 0.00116357 0.00254971 0.000149496 -0.0184396 0.00793139 -0.00340529 0.000226104 -0.00987705 0.00503846 0.00259767 0.00458008 -1.24985e-06 0.000581385 0.0146784 -0.00349731 0.00219629 -0.00158171 -0.0318434 0.000688801 -0.0122425 -0.0164343 0.00934031 -0.00692 -0.0049384 -0.012271 0.00624612 -0.000121946 -0.000675129 -0.0191954 -1.03205e-05 0.000289576 0.00016695 0.0137878 -0.00249937 0.00293291 -0.000158901 -0.00721487 -0.00134008 0.00350649 0.0248362 0.00393151 -0.000883663 -0.000411643 -0.000470156 -0.00823552 0.00529632 -0.0125162 -7.02542e-05 0.000285979 0.0116574 
-0.106219 0.0214367 0.234179 0.00899807 0.00946044 -0.00167683 0.00762158 0.0362796 -0.00349089 -0.00194478 0.0510909 0.0967134 0.0019968 0.0298368 0.00195517 -0.0172168 -0.0419769 0.0190193 -0.000901435 -0.000771651 0.0349352 0.0289071 0.0198491 0.0117318 -0.00475668 -0.00512087 -0.0753651 0.000744421 -0.00186977 0.0060469 0.0015557 0.0427526 0.000353003 -0.00039947 0.048335 0.000787102 -0.110486 0.0506241 0.00136066 -0.102824 -0.000984593 -0.000281291 0.0337072 -0.0239901 0.0178356 -0.000120775 0.0635433 -0.000139706 -0.00987988 0.0538842 -0.00358424 -0.00765551 -0.0035378 -0.100183 -0.0390189 -0.0193982 0.00153304 -0.00600943 0.00983272 0.0187629 -0.0166659 0.000193777 -0.00122259 0.0930449 -0.0184801 -0.0433868 -0.00546488 -0.122326 0.00424141 0.0269877 -0.0997618 0.106721 0.00722045 0.0091677 -0.0385505 -0.0322638 -0.00187374 -0.00338733 -0.0981286 -2.7811e-05 0.000456439 -0.0196043 0.10258 0.00130249 -0.00213615 -0.000737272 -0.00806789 -0.0310444 0.00126343 0.0354672 0.0187672 0.00266759 -0.00270889 9.04298e-05 -0.0465503 -0.0567666 -0.0500066 -0.000153594 0.000109878 0.0131686 
-0.0796558 -0.00160689 0.00899807 0.246724 -0.00569577 -0.00135669 -0.0151823 0.0744444 -0.0730264 0.00236859 0.115866 0.0519306 -1.47211e-05 0.0131258 -0.00701233 -0.00928417 0.0333875 -0.00999973 -0.00124454 -0.00491093 0.163017 -0.0272037 -0.0178935 -0.00712203 0.00144321 -0.00760831 -0.0916002 -0.000481753 -0.00816591 0.00550781 0.00143376 -0.04895 -0.000257443 -0.000320342 -0.00561422 -0.00164575 -0.0578096 0.0804054 -0.00234562 -0.0567184 -0.000276721 -0.000597896 -0.0249415 0.0269481 -0.0726989 -0.000265798 -0.0208636 -0.000265164 0.0536941 -0.025137 -0.00753157 -0.0202005 -0.00271707 -0.109338 0.0432629 -0.0217132 0.0411917 0.0181996 0.106846 -0.0112012 0.0663504 -0.000248051 -0.000283579 0.000861759 -0.0221502 0.0361683 -0.00105308 0.0195911 -0.00666036 0.0757074 0.0232402 0.0772635 0.013921 -0.0149135 -0.128889 0.0429107 -0.00238071 0.00562138 -0.0930087 -1.85587e-05 -0.000511 0.0107496 0.0875532 -0.0433522 0.00127969 0.00140501 -0.0648393 0.0286924 0.00204428 -0.00702278 -0.0144181 -0.000180222 -0.00272253 -0.00328604 -0.03456 -0.141116 -0.0527446 -0.000581948 -0.000597735 -0.0861405 
0.00688833 -0.00182506 0.00946044 -0.00569577 0.042087 -0.000103696 0.000947786 -0.0144623 -0.00633768 -0.000282157 -0.0123904 -0.00343198 -0.000485125 -0.00437897 -0.00284785 -0.00128997 0.000289853 0.00693348 -9.11995e-05 3.22201e-06 0.0109758 -0.00480271 -0.00182729 -0.000621854 4.70894e-05 -0.000687841 0.00588008 -1.02867e-05 -0.000660974 0.000490959 1.86927e-05 -0.00429081 0.000440839 -0.000112537 -0.00360713 -5.88312e-05 0.0082674 -0.000870682 0.000324301 -0.0123088 -0.000134957 3.78301e-05 -0.00384478 -0.00225454 0.0188346 -3.26478e-05 0.000264533 -5.81557e-06 0.0237904 -0.0128954 0.002186 -0.000811807 -0.000218624 -0.0104218 -0.00285122 -0.00226785 -0.00507257 0.0200406 -0.0084576 -0.00154384 -0.00422652 -2.48718e-05 -0.000196823 0.00196592 -0.00204905 -0.00435421 -0.000326973 -0.0159505 0.000923322 0.0221296 -0.00523085 0.0160887 0.00884745 0.0198599 -0.0120111 -0.00319395 -0.000284373 -0.000568714 -0.00893518 2.53929e-05 -3.40971e-05 -0.00248802 0.010778 0.0018817 0.00177045 -0.000226345 -0.00673673 -0.00158652 0.00030226 -0.00469218 -0.00153851 1.08034e-05 6.61039e-06 0.00125544 -0.00522877 -0.0104522 -0.00845038 -6.03662e-05 -4.5329e-05 -0.0108666 
0.00118015 0.000259402 -0.00167683 -0.00135669 -0.000103696 0.00758731 -0.000321186 -0.000522336 -0.000180499 2.80819e-05 -0.000294953 -0.00180115 -8.56004e-05 -0.000129657 -0.00088757 -0.000249395 0.000344075 -0.000513384 -1.58102e-05 2.48346e-05 -0.00107743 -0.000264656 -0.000189708 -0.000206999 -5.95486e-05 -2.88756e-05 0.00152496 -6.21713e-06 -0.000135353 -0.000292456 6.64411e-06 -0.000452191 1.08408e-05 4.80585e-05 -0.000280475 -3.81108e-05 0.00114281 -0.000527517 -3.81907e-05 0.000938424 -3.1782e-05 -9.89344e-06 6.97932e-05 0.000414502 -0.0014458 9.48587e-05 -0.000866098 -5.94771e-09 -0.000332788 -0.000327289 -0.000138983 -0.000410074 0.00036891 0.00159659 3.19171e-05 0.00122592 -0.000907554 -0.000373813 -0.000612857 -0.000423841 -0.000410084 9.05672e-06 0.000335393 -0.00210611 0.00165624 -0.000183362 -0.000175621 -6.01614e-06 -8.78779e-05 -0.000692159 0.000694999 -0.00174547 -0.000486784 -0.00043936 0.00105698 0.000145071 -1.65406e-05 -9.6114e-05 0.00167193 7.86415e-07 -8.04877e-06 0.000398339 -0.00138833 0.000496853 0.000387822 -1.24626e-05 -0.000803684 -0.000622778 0.0003841 -0.000518103 0.000351651 0.000259183 -5.87591e-05 -2.86636e-05 -0.000253979 0.00164218 -2.80542e-05 -5.65594e-06 3.73364e-06 0.0013989 
-0.0173011 -0.000228615 0.00762158 -0.0151823 0.000947786 -0.000321186 0.0423045 -0.0130004 -0.00660168 0.000163318 0.00611016 0.023681 0.000258682 0.0170779 0.000863718 -0.00207465 0.0104925 0.0264971 0.000211777 0.00202691 0.00356043 -0.00472058 -0.000397487 0.00120376 0.000175172 -0.000720198 -0.0123939 -6.94785e-06 0.00431389 0.00107779 0.000218578 0.00388934 -1.27631e-05 0.000183741 -0.00454101 0.000184167 -0.0176369 -0.000892218 -0.000252547 0.010997 0.0001672 0.000821148 -0.00399685 -0.00229132 -0.0113928 -1.47245e-05 0.0241074 0.000209344 0.0119091 -0.0124135 0.00287639 -0.00166679 0.000211672 -0.0106677 -0.00391758 -0.00187275 -0.00308199 -0.0123634 -0.00511433 0.0149883 0.0107071 -3.20117e-05 -0.000294097 0.0266159 -0.00222647 -0.00422511 -0.000722194 -0.0191873 0.00881703 -0.00912518 -0.0120716 0.00767276 -0.00490665 -0.000271769 -0.0145164 -0.00407285 -0.000175984 -0.000580765 -0.011771 -6.71064e-06 -1.66349e-06 -0.00262046 0.0165065 -0.0242027 -0.000120838 -0.000251449 -0.00744118 0.0115646 -0.000264785 -0.00668996 0.00672033 -0.000380869 0.00316135 -0.000366063 -0.00582843 -0.0120836 -0.00479948 0.000174069 -4.36708e-05 0.00306838 
-0.114941 -0.00218728 0.0362796 0.0744444 -0.0144623 -0.000522336 -0.0130004 0.222307 0.0243523 0.00197755 0.0222859 0.0397935 -0.000173243 0.000170382 -0.0181273 -0.00662254 -0.031893 -0.0231174 -2.63919e-05 -0.00197024 0.072729 0.0577292 0.011458 -0.00568167 0.0022637 -0.00261103 -0.0893542 -0.000158504 -0.0055879 0.00193993 -0.000950137 -0.0343071 -0.000446056 -0.00149263 0.06709 -0.00107977 -0.118949 0.150641 0.00135347 -0.122327 -0.00082907 -0.000200023 0.0550634 -0.0178237 0.00552392 -7.64276e-06 0.0177229 -0.000226096 -0.0573517 0.0934523 -0.00656301 -0.0199947 -0.00185631 -0.0767642 -0.0174827 -0.0146601 0.071569 -0.10048 0.0741443 -0.0163223 -0.00819072 0.000415672 0.00310092 -0.00277895 -0.0131985 -0.0341955 -0.00946758 -0.00342495 -0.00632176 0.0501599 0.0251762 0.0340806 0.000432024 -0.0219375 -0.00647629 -0.0189163 -0.000412893 0.00448714 -0.0784858 -3.78724e-05 -0.000351924 0.0198332 0.0588081 0.0557799 -0.00219865 0.00239152 0.0168295 -0.0406517 -0.000984358 0.0169577 -0.0129594 0.00452611 -0.00266166 -0.000571955 -0.0419287 -0.0961415 0.0080657 -0.000461189 -0.00043526 -0.0615933 
0.018947 -0.00781031 -0.00349089 -0.0730264 -0.00633768 -0.000180499 -0.00660168 0.0243523 0.160281 -0.000757963 -0.0715117 -0.06937 -0.00265151 -0.0232191 -0.0231986 -0.00421792 -0.0178346 -0.0102646 5.95637e-05 -0.00113654 -0.0533343 0.0506471 0.010898 -0.00585611 -0.00234161 0.0104723 0.0242591 -3.18204e-05 0.00192763 -0.0040858 -0.000988818 -0.0240931 -0.000189023 -0.000679539 0.0570601 0.0020511 0.0247466 0.00875277 0.00310319 0.0187078 -0.000870344 -2.19197e-05 0.0661373 -0.00556938 0.105003 7.56808e-05 0.0428019 -1.25878e-05 -0.0365278 0.0449137 0.00352624 -0.0132456 0.0012444 0.0425552 -0.0154642 -0.00908139 0.0145347 -0.0594429 -0.0412306 -0.0114352 -0.030387 0.000512821 0.00275589 -0.0529046 -0.00506017 -0.0216274 -0.00579557 -0.00766892 -0.00332736 -0.0429692 -0.0489285 -0.0920695 -0.00766987 -0.00723876 0.112819 -0.0166637 0.000731531 -0.00279056 0.0312605 -2.53791e-05 -0.000200788 -0.00345265 -0.0965699 0.0290173 0.00168613 -0.000657293 0.122972 -0.0107728 -0.00424537 -0.0361967 -0.00516948 0.00333201 0.00240396 0.0044252 0.0459195 0.01819 0.0581606 -0.000269043 -0.000269166 -0.0622021 
-0.00305674 -7.08258e-05 -0.00194478 0.00236859 -0.000282157 2.80819e-05 0.000163318 0.00197755 -0.000757963 0.00800131 -7.30131e-05 0.00396414 0.000129683 0.00101795 -0.000720756 0.000729882 -0.000592161 0.000516045 -1.38049e-05 -8.51392e-05 0.0018593 -0.000562896 0.000642981 0.000523591 -6.61372e-05 -0.000127641 -0.00229754 3.80757e-06 0.000658074 0.000153234 9.00018e-05 -9.18977e-05 2.10186e-06 0.000234245 -0.00064121 9.04082e-05 -0.003317 0.002803 -3.89777e-05 -0.00215559 -3.70493e-05 4.47941e-05 -0.000466758 -0.000510523 -0.00256103 3.0316e-05 -9.32177e-05 4.91299e-06 -0.00113328 -0.000993171 0.000658455 -0.000508527 -1.18084e-05 -0.00214517 -0.000141865 -0.000441517 0.00239314 -0.00242622 0.00205018 0.000463446 0.00381766 7.8449e-07 -4.90166e-05 -0.000382887 -0.000401696 -0.000935691 -0.000190952 -0.000367415 0.000245884 -0.000371619 0.000329341 0.00209246 -0.000879337 -0.000314511 -0.00228215 -0.000597499 7.01496e-06 -9.91195e-05 -0.00224223 -1.24518e-06 1.16199e-06 0.000841899 0.00312489 -0.000286783 -2.89921e-05 4.02811e-06 -0.00115812 -4.76633e-05 0.000157669 0.000587017 -0.000323296 -0.00010662 8.04331e-06 -6.35176e-05 -0.00111556 -0.00234143 0.00167628 -4.48475e-06 2.29225e-05 -0.00156138 
-0.0893405 0.0214866 0.0510909 0.115866 -0.0123904 -0.000294953 0.00611016 0.0222859 -0.0715117 -7.30131e-05 0.246273 0.0827181 -0.00346632 0.0431364 0.00738871 -0.0185098 0.0417821 0.00788434 -0.00119797 -0.000942253 0.0995351 -0.036458 -0.0153144 -0.00276516 -0.00441531 -0.0049021 -0.0979744 -0.000441137 -0.00749938 0.000887422 0.00218185 0.0139537 -0.000293222 0.000215628 -0.0252134 -8.15562e-05 -0.0621066 0.0395847 -0.00211501 -0.0128833 -0.000679533 -0.000538409 -0.0305576 0.0307742 -0.1138 -0.000221765 -0.000939594 -6.11022e-05 0.0353876 -0.0111545 -0.00902145 -0.0150886 -0.0041153 -0.104392 0.0407995 -0.023279 -0.0170844 0.01964 0.0753871 0.000682504 0.0650267 -0.000261037 -0.00301593 0.0387537 -0.0188831 0.0475277 0.00105706 -0.02301 -0.00411329 0.00265015 -0.0484846 0.0815917 0.00595276 -0.0218892 -0.113776 0.0480259 -0.00212711 0.00518603 -0.0994083 -1.15901e-06 -0.000454043 -0.0068238 0.0810705 -0.0842691 -0.00339302 0.000298071 -0.065241 0.040263 0.0105197 0.0362899 0.0214435 0.00487246 -0.00294863 -0.00346483 -0.0246145 -0.0826552 -0.0579435 -0.000499084 0.000349761 -0.0275299 
-0.147036 0.0161778 0.0967134 0.0519306 -0.00343198 -0.00180115 0.023681 0.0397935 -0.06937 0.00396414 0.0827181 0.240746 0.000667102 0.047848 0.0248811 -0.013732 -0.0263386 0.0305204 7.46271e-05 0.00191098 0.0570691 -0.022871 0.00872944 0.0175154 -0.003341 -0.00415668 -0.110164 0.000569956 0.00797862 0.0074711 0.00137085 0.0507629 -0.000113878 -0.000104603 -0.0195203 0.00219666 -0.166105 0.0610345 -0.00145569 -0.104762 -0.000933412 0.000404515 -0.0306017 -0.0244838 -0.0640202 -9.60934e-05 0.0224936 0.000177674 -0.014097 0.0205904 0.00164178 -0.0076151 -0.00342185 -0.107823 -0.0384624 -0.0207433 0.0327129 -0.0540918 0.0419082 0.0280572 0.0252721 -0.000281839 -0.00120939 0.167644 -0.0203701 -0.0458271 -0.00490422 -0.0755508 0.00455924 0.0401086 -0.0319228 0.1605 -0.0228504 -0.00154003 -0.10051 -0.0370739 -0.00126628 -0.0024996 -0.108716 -4.19117e-05 0.00064058 -0.00691442 0.183518 -0.0130849 -0.00189233 -0.00127248 -0.0676513 -0.0185708 0.00653645 0.0913636 0.0154665 -0.00357605 0.00270019 -0.0027779 -0.0501441 -0.0507275 -0.0253364 -0.000104578 0.000702052 0.0339875 
-0.00513968 -0.000874756 0.0019968 -1.47211e-05 -0.000485125 -8.56004e-05 0.000258682 -0.000173243 -0.00265151 0.000129683 -0.00346632 0.000667102 0.014561 0.00856714 -0.000466282 -0.000172616 4.48539e-06 0.000766732 -3.07722e-05 -9.62393e-05 -0.000739255 0.000368941 0.00326267 0.00378874 0.002869 -0.000266112 -0.00403937 0.00047516 -4.25837e-05 -0.000304937 -6.13312e-05 0.00283109 3.58896e-05 0.000795617 -0.00158268 4.49345e-05 -0.00603336 0.00151802 -8.52499e-05 -0.00537473 0.000554518 -9.0697e-06 -0.00126474 -0.000565186 -0.00494597 1.53802e-06 -0.00173571 1.59511e-05 -0.00141136 -0.00361744 -0.000153417 0.00143814 0.000674585 -0.00117804 0.00109802 0.000598494 -0.00126733 -0.0039826 0.00162828 0.00464234 -0.00199257 -7.49235e-06 -6.11681e-07 0.00131016 -0.000605175 -0.00157757 0.000694842 -0.00148745 0.00173708 -0.0035774 0.0024214 0.00199489 0.00331671 -0.00103184 -0.00466852 -0.00144417 -5.67893e-05 -0.000192233 -0.00309086 -2.28146e-06 1.40092e-05 0.00372323 0.00627197 0.00148217 4.4046e-05 -4.30554e-05 -0.00247278 -0.000818766 0.00261286 0.000609995 -0.00034927 -6.39201e-05 0.000262524 0.000277493 -0.00190656 -0.00242125 -0.0029658 6.06885e-05 0.000114814 0.00255121 
-0.0465368 0.0128457 0.0298368 0.0131258 -0.00437897 -0.000129657 0.0170779 0.000170382 -0.0232191 0.00101795 0.0431364 0.047848 0.00856714 0.106122 0.0126036 -0.00437721 0.00179788 0.0227462 -3.73705e-06 -0.000218841 0.0067829 -0.0102649 0.00626706 0.00649229 0.00310506 -0.0019702 -0.0344562 0.000568585 -0.000897319 0.000271243 0.00108501 0.0225091 -9.88569e-06 0.00117217 -0.0122932 -0.000323181 -0.0458119 0.0138211 -0.000356222 -0.00301489 -0.000481728 0.000567376 -0.0106202 -0.00495638 -0.0375499 -6.15595e-05 0.0156554 -3.05442e-05 -0.00578338 -0.0123543 -0.00217838 -0.00638853 -0.00114444 -0.0291292 0.00481358 -0.00649972 -0.0186177 -0.0247923 0.0167977 0.0210207 0.0175975 -8.36863e-05 -0.000825998 0.0440883 -0.00591885 -0.00646329 -0.00327423 -0.0257979 0.00720337 -0.0256751 -0.0143949 0.0295832 -0.00527901 -0.00708294 -0.0386562 -0.00242182 6.86529e-05 0.000188247 -0.0301957 -1.72523e-05 0.000311866 0.00497732 0.0471221 -0.0287062 -0.00154169 -0.000418207 -0.0202479 0.000906796 0.00943357 0.00454979 0.00641299 -0.00125854 -0.000777072 -0.000543953 -0.0162132 -0.0207562 -0.0203851 0.000204035 0.000397727 0.0149154 
-0.0127391 0.00526939 0.00195517 -0.00701233 -0.00284785 -0.00088757 0.000863718 -0.0181273 -0.0231986 -0.000720756 0.00738871 0.0248811 -0.000466282 0.0126036 0.109788 -0.00322629 -0.0112851 -0.00577179 0.000173201 0.00255329 -0.0268333 -0.0037883 -0.00358429 0.00676891 0.00237577 -0.000659652 -0.00425097 -3.39157e-06 0.00477378 -0.00206135 0.000276659 0.0261128 -9.10438e-06 -0.000552985 -0.0127936 -0.000333479 -0.0183857 -0.022452 -0.000756464 -0.00304153 -0.000380717 0.000330125 -0.0107496 -0.00655389 -0.0408902 -4.6038e-05 0.000993178 -3.14531e-05 -0.0175934 -0.00351842 0.00203838 0.00270369 -0.00108965 -0.00394553 -0.00381197 0.000261334 -0.0203111 0.0115088 0.000609718 0.0105784 -0.0120502 -8.12755e-05 -0.000932232 0.0412621 -0.00209837 0.0014119 -0.00262901 -0.0100974 -0.00105552 -0.0101574 0.0188407 0.00970307 -0.00567836 -0.00193268 -0.0163146 -0.00438731 -4.84617e-05 -0.00049607 0.0023802 -7.49205e-06 -0.000101136 -0.00126025 0.0204121 -0.00518179 -0.00218952 -0.000630729 -0.0209167 -0.00806436 0.000244822 0.0245195 0.00643192 -0.00168551 7.56022e-05 -0.000918377 -0.016668 0.0279913 -0.0108762 0.000248721 0.000631632 0.0422086 
0.0176868 -0.00326378 -0.0172168 -0.00928417 -0.00128997 -0.000249395 -0.00207465 -0.00662254 -0.00421792 0.000729882 -0.0185098 -0.013732 -0.000172616 -0.00437721 -0.00322629 0.0461973 -0.00569557 -0.00345101 0.000224006 0.000294844 -0.0168689 -0.00318723 -0.00154528 -0.00115709 0.00012393 0.00223997 0.0202523 -6.50438e-05 -0.000947557 -0.000878374 -0.00024566 -0.00504765 -7.35756e-06 -3.07685e-05 -0.00517981 -0.000243117 0.0127619 -0.0126306 -0.000217531 0.00532003 0.000993575 -1.94165e-05 -0.00373634 -0.00355644 -0.00513459 -3.96008e-05 -0.0075308 -3.59766e-05 -0.011996 -0.010967 -0.00094463 0.0107702 0.000321372 0.0191853 -0.00483129 0.00888877 -0.00478286 0.0099078 -0.0058292 0.000361917 -0.00771377 -3.34069e-05 -0.000332839 -0.0142561 0.000197688 -0.00523546 0.00300224 0.0168493 -0.0006508 -0.00193521 0.0229066 -0.0113143 0.00367743 -0.00297037 0.00917134 -0.0042379 3.54252e-05 -0.000474827 0.0206908 2.38047e-05 -3.56436e-05 -0.00235193 -0.0119298 0.0118196 -0.000669209 8.8091e-05 -0.00242871 -0.00598637 -0.0011474 -0.00759681 -0.00224188 -0.000607144 -0.000408927 -0.000131044 -0.00195412 0.0131447 0.0170207 -5.19595e-05 -6.613e-05 0.0129142 
0.00790897 0.000372591 -0.0419769 0.0333875 0.000289853 0.000344075 0.0104925 -0.031893 -0.0178346 -0.000592161 0.0417821 -0.0263386 4.48539e-06 0.00179788 -0.0112851 -0.00569557 0.115418 0.0127621 -0.000324739 0.00164953 0.0505543 -0.0133003 -0.00605177 -0.00345619 0.00225589 -0.00200353 -0.0343898 -0.000181314 0.00358575 -0.00112359 0.000432385 -0.0167104 -0.000134194 0.00171512 -0.01515 7.60269e-05 0.0327337 -0.00553354 1.19705e-07 0.0566833 -0.000495405 2.01976e-05 -0.0119664 0.0429704 -0.0366756 -0.000116174 -0.00180375 0.000303347 0.0830605 -0.0393449 0.00560073 -0.00801872 0.00156691 -0.0298681 0.066016 -0.00717807 -0.00841568 0.0305163 0.000658122 -0.00451581 0.0566172 -5.72594e-05 0.000889199 -0.021731 -0.00355055 0.0657697 0.00462577 -0.0336122 -0.000710632 -0.0283534 -0.0276324 -0.0455633 -0.00286432 0.00498057 -0.0380942 0.0553559 -0.000794051 0.000525112 -0.0256874 -1.35329e-06 -0.000149203 -0.00701886 -0.040345 -0.0823683 0.00603344 -0.00077199 -0.0189072 0.0729783 0.00765138 -0.0205504 0.00171438 0.00214063 0.0043257 -0.000902641 0.00744187 -0.041186 -0.0246212 -0.000135541 -0.000160692 -0.0478649 
-0.0194013 -0.00427401 0.0190193 -0.00999973 0.00693348 -0.000513384 0.0264971 -0.0231174 -0.0102646 0.000516045 0.00788434 0.0305204 0.000766732 0.0227462 -0.00577179 -0.00345101 0.0127621 0.0781842 0.000422622 0.0011099 0.0278567 -0.00932223 -0.00163091 -0.000861208 -0.000379037 -0.00147928 -0.0214376 -5.06963e-05 0.00638666 0.0013896 0.000348605 -0.00604052 3.19914e-05 -0.000102435 -0.00919723 0.00073869 -0.0170446 0.00619017 -0.000472773 0.0206015 -0.000384733 0.00069243 -0.00753319 -0.00456864 -0.0071168 -1.21799e-06 0.0330384 0.000174559 0.0395701 -0.025486 0.00605626 -0.00569101 -0.000867662 -0.0232741 -0.00598997 -0.00470252 -0.00677751 0.00464848 -0.00865758 0.00875847 0.0322243 -6.0997e-05 -0.000549059 0.0306371 -0.00420688 -0.00451645 -0.00234471 -0.0377394 0.0075625 -0.00773581 -0.0204222 0.0216363 -0.00731793 0.0205315 -0.0279709 -0.00583042 -0.000587853 -0.00117422 -0.0237812 -1.11529e-05 -9.45532e-05 -0.00504464 0.0250096 -0.0390717 -0.000515329 -0.000482782 -0.014138 0.0195309 3.91167e-05 -0.0157832 0.000242169 -0.00125682 0.00292326 -0.000392017 -0.0106233 -0.0276844 -0.00817001 -5.65908e-05 -0.000109508 -0.0106471 
0.000354085 -0.000170804 -0.000901435 -0.00124454 -9.11995e-05 -1.58102e-05 0.000211777 -2.63919e-05 5.95637e-05 -1.38049e-05 -0.00119797 7.46271e-05 -3.07722e-05 -3.73705e-06 0.000173201 0.000224006 -0.000324739 0.000422622 0.00288491 0.00024746 -0.00103572 0.000414868 0.000255871 -1.31621e-05 -3.37465e-05 -7.5459e-06 3.04185e-05 4.16759e-06 0.00036988 -3.27831e-05 -1.47269e-05 0.000304257 3.76312e-06 8.35463e-06 -0.000308833 6.17043e-05 -8.6255e-05 -0.00104868 -8.41335e-06 -8.81494e-05 2.11658e-05 6.58005e-05 -0.000185381 -0.000146814 -0.000585783 1.42397e-05 -6.10187e-05 1.79498e-05 -0.000598463 0.000351769 -8.20775e-06 -2.69595e-05 -5.93232e-06 0.000275225 -0.000304747 0.000146482 -0.00044118 -0.000248359 -0.000569799 0.00035627 -0.000538339 -1.99076e-06 -2.34845e-05 0.000631296 6.6541e-05 -3.32491e-05 -8.38317e-05 -0.000431829 0.000120791 -0.000638977 0.000603633 -0.000701769 -0.000301514 0.00012336 0.000981684 -0.000264093 0.000299339 -3.76454e-05 0.00026496 -4.46626e-07 -7.20888e-07 -0.000177032 -0.000513332 -0.000162112 -5.11644e-05 -7.53598e-07 -0.000166268 7.83936e-05 -6.47011e-05 0.000177107 -0.000123218 -1.48227e-05 5.23503e-05 6.39202e-05 -0.000337143 0.00114618 0.001448 -3.38643e-06 -2.55796e-06 0.00114425 
-0.000624141 9.03631e-05 -0.000771651 -0.00491093 3.22201e-06 2.48346e-05 0.00202691 -0.00197024 -0.00113654 -8.51392e-05 -0.000942253 0.00191098 -9.62393e-05 -0.000218841 0.00255329 0.000294844 0.00164953 0.0011099 0.00024746 0.0126644 -0.00382464 0.00174153 -0.000338978 0.000656376 4.70266e-05 2.04078e-05 -0.00182307 -1.48916e-05 -0.000142359 -0.000395024 0.000306664 0.00359468 -1.19453e-05 7.70198e-05 -0.00105173 -6.01609e-05 -0.00286187 -0.00153127 0.000144591 0.00112766 7.07779e-05 7.77959e-05 -0.000577995 -0.000860501 -0.00388043 -9.08591e-06 -6.2043e-05 2.46605e-05 0.000502238 0.00191221 2.46795e-05 -0.000159946 0.000171831 -0.00156338 5.91423e-05 0.000455911 -0.00164004 -0.00104612 -0.00220853 0.000978299 -0.000647638 -2.11985e-06 -0.000100671 0.00461144 0.000178168 0.000787947 -0.000143278 -0.00529275 0.000903807 -0.00328657 -0.00162557 -0.00107325 -0.00150488 8.30132e-05 0.000818876 -0.00101812 0.000162575 -0.000149146 -9.7264e-05 -3.80372e-07 -3.6888e-06 -0.000708055 0.00124274 -0.00409435 -0.000216387 7.17483e-05 -0.00159667 0.00135465 -7.61553e-05 0.00317472 0.000375248 -0.000121252 0.000393059 -7.43938e-05 -0.00165962 0.00415616 0.00134841 -5.23503e-06 4.03324e-05 0.0040453 
-0.100976 -0.00863654 0.0349352 0.163017 0.0109758 -0.00107743 0.00356043 0.072729 -0.0533343 0.0018593 0.0995351 0.0570691 -0.000739255 0.0067829 -0.0268333 -0.0168689 0.0505543 0.0278567 -0.00103572 -0.00382464 0.24762 -0.0137201 -0.0199882 -0.0133439 0.00134257 -0.00906563 -0.116155 -0.000609548 -0.000890977 0.0117326 0.00139355 -0.0671495 0.000225113 -7.32683e-05 0.0125057 0.000383272 -0.0719134 0.123174 -0.00157212 -0.0605178 -0.00133732 -0.000516747 -0.00623954 0.0318559 -0.0460343 -0.000361519 0.00674441 0.000122684 0.0992038 -0.0305221 0.00212233 -0.0292959 -0.000806458 -0.14329 0.0431016 -0.0276844 0.0601473 0.0142105 0.0819984 -0.0153688 0.090341 -0.000249596 0.00167491 0.00832449 -0.025744 0.0364292 -0.0037646 -0.0447849 -0.00519521 0.0843342 -0.0149965 0.0780834 0.0179244 0.0243773 -0.136232 0.0407255 -0.00382962 0.00284838 -0.127201 1.45415e-05 -0.0006341 0.00639282 0.0877475 -0.0609412 0.00380883 0.000873405 -0.0554867 0.0487296 0.00141914 -0.019601 -0.00667576 0.000120706 0.00171572 -0.00268211 -0.0451804 -0.173996 -0.0589788 -0.00069854 -0.00067177 -0.125317 
-0.0297694 -0.00145696 0.0289071 -0.0272037 -0.00480271 -0.000264656 -0.00472058 0.0577292 0.0506471 -0.000562896 -0.036458 -0.022871 0.000368941 -0.0102649 -0.0037883 -0.00318723 -0.0133003 -0.00932223 0.000414868 0.00174153 -0.0137201 0.0986313 0.0136644 -0.00268052 0.000400114 -0.000539 -0.0302908 7.19227e-05 -0.00206116 -0.000955398 -0.00058429 -0.0028817 -0.00013311 -0.000551994 0.0607437 -0.000450578 -0.0447183 0.0459123 0.00207626 -0.0485728 -0.000218988 9.96512e-06 0.0621822 -0.0054224 0.03481 0.000411751 0.0462462 -7.8011e-05 -0.0265508 0.0684636 -0.00205087 -0.00489802 0.000932839 -0.024544 -0.00950068 0.00149231 0.0255261 -0.0358614 -0.0144392 -0.00622963 -0.0217963 0.000460107 0.00313164 -0.0101857 0.000747607 -0.0105766 -0.00302947 -0.0404993 -0.00209095 -0.0203269 -0.0101201 -0.0397889 -0.00425133 -0.00757346 0.0538106 -0.00954122 -0.000523331 -0.00124287 -0.0222675 -1.64363e-05 -0.000113006 0.00195676 -0.023536 0.0176792 -0.000775051 0.00104888 0.0426133 -0.013501 -0.00211643 0.00409779 -0.00231478 0.0038456 -0.00091485 0.000204477 -0.0137239 -0.0158782 0.00724558 -0.000118221 -0.000149662 -0.0153471 
-0.0166792 0.00310085 0.0198491 -0.0178935 -0.00182729 -0.000189708 -0.000397487 0.011458 0.010898 0.000642981 -0.0153144 0.00872944 0.00326267 0.00626706 -0.00358429 -0.00154528 -0.00605177 -0.00163091 0.000255871 -0.000338978 -0.0199882 0.0136644 0.0471019 0.0130221 -0.000562528 -0.000253247 -0.0134801 0.000913231 -0.000175772 -0.00110303 -0.000249487 0.013031 -1.87889e-05 0.00118127 0.0150751 -0.000220106 -0.0193259 0.00741109 0.000977632 -0.0228678 -0.000223011 0.000117703 0.016496 -0.00361539 0.0131776 -1.19658e-05 0.010834 8.02723e-07 -0.0104745 0.0173672 -0.000354901 -0.00252841 -0.000447806 -0.0121674 -0.00502104 -0.00272045 -0.00253944 -0.0151196 -0.00937929 0.00976289 -0.00878531 0.000250309 -8.1786e-05 0.0147118 -0.00132758 -0.00580798 -0.0013862 -0.0249487 0.00226398 -0.00930312 -0.00956525 -4.10568e-05 -0.00259508 -0.00232917 0.0146982 -0.00496105 0.000221025 -0.00070281 -0.0124011 -7.28342e-06 0.000918323 -0.00190674 0.00223287 0.00848118 -0.000263857 -0.000201635 0.0065096 -0.00575903 0.00173328 0.0108769 -0.00226884 0.00127184 -0.000363186 0.000425353 -0.00686086 -0.00727283 0.00180945 -1.81752e-05 0.000189731 0.00626771 
-0.0105976 0.00158974 0.0117318 -0.00712203 -0.000621854 -0.000206999 0.00120376 -0.00568167 -0.00585611 0.000523591 -0.00276516 0.0175154 0.00378874 0.00649229 0.00676891 -0.00115709 -0.00345619 -0.000861208 -1.31621e-05 0.000656376 -0.0133439 -0.00268052 0.0130221 0.0307421 -0.000274254 -0.00027532 -0.00879492 0.000732551 0.0029519 -0.000501219 -0.000118406 0.0176734 0.000109698 0.000876608 -0.00298636 0.000132595 -0.0131184 -0.00948036 -0.000189436 -0.0146418 -6.50895e-05 -1.79906e-05 -0.00212941 -0.0022203 -0.00411809 -2.97677e-05 -0.00152279 3.7473e-05 -0.0063558 0.00583453 0.0016084 -0.00116387 -0.000108425 -0.00820065 -0.00329301 -0.00164289 -0.00439643 -0.00646773 -0.00314217 0.0125887 -0.00714212 -2.04988e-05 -0.000249547 0.0207232 -0.00144544 -0.0037046 -0.000529829 -0.015356 0.00248914 -0.00547885 -0.00519034 0.0131309 -0.0033747 -0.00166548 -0.0015583 -0.00319873 -4.95252e-05 -0.000410458 -0.00830462 -4.11228e-06 0.000279325 -0.00204356 0.014668 0.0041 -0.000359704 -0.000104843 -0.00532061 -0.00333952 0.00414598 0.0165684 -0.00137381 -0.000398138 0.000211032 0.00018518 -0.00441332 -0.00131016 -0.00468989 -7.20084e-06 0.000400764 0.0171798 
-0.00190056 -0.000799828 -0.00475668 0.00144321 4.70894e-05 -5.95486e-05 0.000175172 0.0022637 -0.00234161 -6.61372e-05 -0.00441531 -0.003341 0.002869 0.00310506 0.00237577 0.00012393 0.00225589 -0.000379037 -3.37465e-05 4.70266e-05 0.00134257 0.000400114 -0.000562528 -0.000274254 0.0130331 -9.94223e-05 -0.00186419 -1.82738e-05 -0.000193159 -0.000102957 -6.88566e-05 -0.00139321 -1.2116e-05 -5.20133e-05 -0.00143113 -6.66627e-05 -0.00301574 0.00379463 -1.31365e-05 -0.00251935 -4.66606e-05 -1.34754e-05 -0.00114285 -0.000827894 -0.00310495 -4.53212e-06 -0.00192811 -7.10225e-07 0.000202686 -0.00296227 -0.00023823 0.000931377 3.76527e-05 0.00109853 0.00214295 0.000559805 -0.000709337 -0.00355027 0.00323111 0.000124681 -0.00133367 1.13385e-05 -8.85868e-05 -0.00184495 -0.000158603 0.000255588 0.000252113 0.0034184 -4.40244e-05 -0.000718578 0.00569392 -0.00240775 0.00376568 -1.39612e-05 -0.00354043 -0.000472924 6.24504e-05 0.000682179 0.000981315 8.16748e-07 -1.45291e-05 0.00503781 0.0026478 0.00148028 -0.00021986 -6.46246e-05 -0.00195883 -0.00153399 0.00044345 -0.00103744 -0.000503715 -0.00018174 -5.9448e-05 -4.94869e-05 -0.000715107 -0.000998373 -0.00271903 4.84946e-05 -1.58276e-05 -0.00138148 
0.00389125 -0.000672963 -0.00512087 -0.00760831 -0.000687841 -2.88756e-05 -0.000720198 -0.00261103 0.0104723 -0.000127641 -0.0049021 -0.00415668 -0.000266112 -0.0019702 -0.000659652 0.00223997 -0.00200353 -0.00147928 -7.5459e-06 2.04078e-05 -0.00906563 -0.000539 -0.000253247 -0.00027532 -9.94223e-05 0.0181978 0.0036639 -1.49513e-05 -8.68723e-05 0.00067646 -6.62994e-05 -0.000359512 -1.88406e-05 -7.22841e-05 -0.000963587 -2.60588e-05 0.00630555 -0.00492701 0.000676907 0.00299065 -7.02241e-05 -1.45469e-05 0.00177755 -0.00114059 0.00941335 2.9221e-05 -0.00162629 -9.07154e-06 -0.00449172 0.00678599 -0.000228529 -0.000825705 3.86553e-05 0.00682846 -0.0019482 -0.000911925 -0.00290748 -0.00594072 -0.0038603 -0.000783972 -0.00421168 1.23524e-05 -1.20287e-05 -0.00280971 -0.000548195 -0.00181674 -0.000467821 0.00381522 -0.000273928 -0.00332409 -0.00569883 -0.00439113 -0.00201266 -0.0011428 0.00963508 -0.00185941 0.00010111 -0.000153778 0.00501649 -1.6622e-06 -1.75334e-05 -0.000976467 -0.00597734 0.00292368 -0.000134914 -4.70567e-05 0.0110503 -0.00209641 -0.000275751 -0.000481544 -0.000839634 -0.000109593 -4.63227e-05 0.000555843 0.00588596 0.00277946 0.00328188 -2.50495e-05 -1.45185e-05 -0.00474906 
0.153592 -0.0194065 -0.0753651 -0.0916002 0.00588008 0.00152496 -0.0123939 -0.0893542 0.0242591 -0.00229754 -0.0979744 -0.110164 -0.00403937 -0.0344562 -0.00425097 0.0202523 -0.0343898 -0.0214376 3.04185e-05 -0.00182307 -0.116155 -0.0302908 -0.0134801 -0.00879492 -0.00186419 0.0036639 0.204956 -0.000330787 -0.00507264 -0.00723531 -0.00149572 -0.0141135 9.35727e-05 -0.00100423 -0.0331456 -0.0014881 0.149449 -0.107162 -0.0015282 0.0980389 1.99903e-05 -0.000246363 -0.0243827 -0.0210294 0.0547154 -0.000246224 -0.0419257 -0.000219045 -0.0357347 -0.0526048 -0.00416036 0.0177117 0.000246496 0.160362 -0.029295 0.0232939 -0.051677 0.0466458 -0.0584156 -0.0131656 -0.0625604 -0.00018764 -0.00240959 -0.0768656 0.0279313 -0.0189004 -0.00125739 0.10714 -0.00353176 -0.0180574 0.0419144 -0.0799657 0.00948675 -0.00349079 0.0967632 -0.0234097 0.00169989 -0.00117747 0.160248 -2.58785e-06 -0.000276437 -0.00798259 -0.108531 0.0622985 -0.00394716 -0.0008127 0.0346736 -0.0355111 -0.00699959 -0.0519016 -0.0121536 -0.00420053 -0.00242209 -0.000522526 0.0622689 0.12345 0.0478591 0.000280997 -0.000352283 0.0618958 
-0.000530309 4.36822e-05 0.000744421 -0.000481753 -1.02867e-05 -6.21713e-06 -6.94785e-06 -0.000158504 -3.18204e-05 3.80757e-06 -0.000441137 0.000569956 0.00047516 0.000568585 -3.39157e-06 -6.50438e-05 -0.000181314 -5.06963e-05 4.16759e-06 -1.48916e-05 -0.000609548 7.19227e-05 0.000913231 0.000732551 -1.82738e-05 -1.49513e-05 -0.000330787 0.00141858 -1.29851e-05 1.41701e-05 -7.27599e-06 0.000831072 1.66892e-05 0.000158532 9.37311e-05 1.27017e-05 -0.000569338 -0.000193464 5.77215e-06 -0.000563982 -2.04042e-06 -2.14376e-06 0.000124487 -0.000103248 -0.000185303 -1.01594e-06 0.000368189 3.22282e-06 -0.000290438 -9.97356e-05 -3.07457e-05 -9.80461e-06 -8.11129e-06 -0.000282044 -0.000147525 -6.58509e-05 -0.000237918 -0.000221958 -0.000279557 0.00078388 -0.000179615 -1.03202e-06 -8.27503e-06 0.000794504 -7.0681e-05 -0.00015856 6.11315e-07 -0.000673976 0.000118396 -0.000355243 -0.000307561 0.000374718 -8.55586e-05 -3.50251e-05 -6.65351e-05 -0.000142808 1.13426e-05 -2.05128e-05 -0.000379456 -6.37377e-08 4.14254e-05 -1.63716e-05 0.000352358 -0.000201976 -2.27277e-05 -7.78463e-06 -0.000194524 -0.000159188 8.32183e-05 -0.000127497 -5.04353e-05 -5.7088e-06 8.02046e-07 4.43584e-05 -0.000197858 -0.000370332 -0.000187431 -2.92583e-08 1.4354e-05 0.000502522 
-0.00555396 0.00225807 -0.00186977 -0.00816591 -0.000660974 -0.000135353 0.00431389 -0.0055879 0.00192763 0.000658074 -0.00749938 0.00797862 -4.25837e-05 -0.000897319 0.00477378 -0.000947557 0.00358575 0.00638666 0.00036988 -0.000142359 -0.000890977 -0.00206116 -0.000175772 0.0029519 -0.000193159 -8.68723e-05 -0.00507264 -1.29851e-05 0.019334 -0.000144282 -5.55128e-05 0.0046691 -1.01037e-05 -3.59378e-05 -0.00200529 0.0020873 -0.00600655 -0.00703295 2.98869e-05 0.00161692 -8.35075e-05 0.000269715 -0.00177261 0.00159365 -0.00672174 7.37934e-05 0.00431246 0.000177414 0.00460839 -0.00067418 0.010094 -6.12283e-05 0.00128274 -0.00487114 -0.000119721 -0.000892705 0.00241413 -0.00511238 -0.00321512 0.00447248 0.00412543 -1.39947e-05 -0.000111346 0.00750922 -0.000632755 -0.000967488 -6.27033e-06 -0.00944822 0.000584066 -0.0043391 -0.00398733 -0.00104191 -0.00230522 0.00248326 -0.00623773 -0.00189035 -0.00010791 -0.000270431 -0.00500348 -2.70012e-06 8.86369e-05 -0.00116687 0.000156831 -0.0063382 0.00212517 -0.000109233 -0.00316631 0.00813913 -0.000247484 0.00381721 -0.000435626 -0.00030423 0.00530257 -4.41195e-05 -0.00262725 0.0017007 -0.000847204 0.000141565 4.02005e-05 0.00201023 
-0.00817695 -0.0026567 0.0060469 0.00550781 0.000490959 -0.000292456 0.00107779 0.00193993 -0.0040858 0.000153234 0.000887422 0.0074711 -0.000304937 0.000271243 -0.00206135 -0.000878374 -0.00112359 0.0013896 -3.27831e-05 -0.000395024 0.0117326 -0.000955398 -0.00110303 -0.000501219 -0.000102957 0.00067646 -0.00723531 1.41701e-05 -0.000144282 0.0404783 -1.04364e-05 -0.00470008 -9.58717e-06 -0.000137887 0.00249038 -0.000177725 -0.00523028 0.012564 0.000264319 -0.012329 -0.000172924 3.80315e-05 -0.00102981 -0.00122618 0.00902787 9.16578e-06 0.0025646 -1.85299e-06 -0.0048821 0.0105499 -0.000319356 -0.00277586 -0.000400595 -0.00855624 -0.00339645 -0.00140952 -0.0036507 -0.00595952 -0.000492064 -0.000794743 -0.00129529 2.16184e-05 5.23171e-05 -0.00138297 -0.00159554 -0.000489065 -0.000767645 0.00535048 0.00146023 0.00311261 -0.00884081 0.0118893 0.00408548 0.0047995 -0.00687617 -0.00244602 -0.000194352 -0.000556283 -0.00618306 5.96465e-06 -3.92825e-05 0.000708418 0.00896673 -0.00223483 -0.000703591 -0.000222503 -0.00185502 -0.00110944 -0.000247781 0.00346357 0.000321281 0.0016578 -0.000326634 -0.000315206 -0.000652914 -0.0144614 -0.00711135 -4.08089e-05 -2.25354e-05 -0.0138574 
-0.00153491 -0.000146812 0.0015557 0.00143376 1.86927e-05 6.64411e-06 0.000218578 -0.000950137 -0.000988818 9.00018e-05 0.00218185 0.00137085 -6.13312e-05 0.00108501 0.000276659 -0.00024566 0.000432385 0.000348605 -1.47269e-05 0.000306664 0.00139355 -0.00058429 -0.000249487 -0.000118406 -6.88566e-05 -6.62994e-05 -0.00149572 -7.27599e-06 -5.55128e-05 -1.04364e-05 0.00525034 -0.00031755 -3.68205e-06 -2.16986e-05 -0.000595257 2.57838e-06 -0.00101926 -0.00108863 1.99698e-05 0.00115192 -1.32151e-05 -7.10954e-06 -0.000476605 3.43859e-05 -0.00176895 6.96296e-07 -6.44482e-05 -2.27369e-06 0.000432853 -0.00148485 0.000219442 -0.000150277 -4.68496e-05 -0.00143796 0.000196267 -0.00027765 -0.000488499 0.00169079 0.0016504 0.000614409 0.00217846 -3.83444e-06 -3.84979e-05 0.0010413 -0.000247747 0.00016029 7.72758e-05 -0.00186305 6.77819e-05 -0.00115322 -0.00147238 0.00151901 -2.53054e-05 0.0002157 -0.00173001 0.000196245 -3.26235e-05 -3.74052e-05 -0.00140407 -8.14778e-07 -4.31715e-06 -0.000267211 0.00141242 -0.00291888 -6.10857e-05 -2.85259e-05 -0.000886249 0.00171074 6.04713e-05 -4.36787e-05 0.000203461 1.39885e-05 4.44218e-05 -3.55397e-05 -0.000631637 -0.00104066 -0.00102635 -7.21102e-06 3.03028e-05 -9.11175e-05 
-0.0162288 0.0258615 0.0427526 -0.04895 -0.00429081 -0.000452191 0.00388934 -0.0343071 -0.0240931 -9.18977e-05 0.0139537 0.0507629 0.00283109 0.0225091 0.0261128 -0.00504765 -0.0167104 -0.00604052 0.000304257 0.00359468 -0.0671495 -0.0028817 0.013031 0.0176734 -0.00139321 -0.000359512 -0.0141135 0.000831072 0.0046691 -0.00470008 -0.00031755 0.112541 9.6658e-05 0.00107751 -0.0150029 0.000994567 -0.0312069 -0.0463499 -0.000559401 -0.0206227 -0.00013642 -6.8294e-05 -0.00994867 -0.00951989 -0.0301263 5.54112e-05 -0.00212264 -2.54786e-05 -0.0319501 0.0281611 0.000653255 0.0104159 -0.0011467 -0.0106726 -0.0136081 -0.00251863 -0.0198666 -0.0110971 -0.0238706 0.0216181 -0.024686 -9.24147e-05 -0.00107693 0.0626969 -0.0014691 -0.0111281 0.00251343 -0.0406528 0.00589378 -0.02731 -0.024497 0.0445214 -0.0140341 -0.00858391 -0.00244111 -0.0128146 0.00226665 -0.00160476 -0.0138341 -1.4029e-05 0.000921645 -0.00560386 0.0373237 -0.00215933 -0.00105339 -0.000491207 -0.0204173 -0.0148408 0.00526139 0.0598875 0.0215498 -0.00171253 -0.000597554 -0.000325763 -0.0128528 0.0559885 -0.00764734 0.000710956 0.00102771 0.0745348 
0.000175891 -5.59917e-05 0.000353003 -0.000257443 0.000440839 1.08408e-05 -1.27631e-05 -0.000446056 -0.000189023 2.10186e-06 -0.000293222 -0.000113878 3.58896e-05 -9.88569e-06 -9.10438e-06 -7.35756e-06 -0.000134194 3.19914e-05 3.76312e-06 -1.19453e-05 0.000225113 -0.00013311 -1.87889e-05 0.000109698 -1.2116e-05 -1.88406e-05 9.35727e-05 1.66892e-05 -1.01037e-05 -9.58717e-06 -3.68205e-06 9.6658e-05 0.00135885 7.44359e-05 -0.000143405 -6.9131e-06 0.000143031 -0.000405793 -2.89759e-06 -0.00040286 7.29373e-06 -1.78671e-06 -0.000122171 -2.0452e-05 0.000333972 3.07569e-06 -8.39241e-05 -4.75268e-07 0.000510805 -0.000350264 0.000203497 -6.82194e-05 -1.74386e-06 -0.000243399 -7.15416e-05 6.2514e-07 -0.000113297 0.000386813 -0.000266014 0.000150969 -2.00453e-05 -7.21837e-07 -1.09293e-05 1.8328e-05 -4.82789e-05 -1.84004e-05 1.9788e-05 -0.000570006 0.000321184 0.000425315 -0.000123011 0.000358916 -4.58065e-05 0.000567678 -0.0003702 1.4348e-05 8.84448e-06 4.95354e-06 -0.000244909 2.45509e-07 -1.93817e-07 8.67071e-05 0.00012424 -1.52849e-05 -2.38261e-05 -7.62092e-06 -0.000216476 -4.1706e-05 2.96135e-05 -0.000185013 1.07942e-05 -1.62589e-05 -9.94433e-06 3.37708e-05 -0.000155719 -0.000304807 -0.000225379 2.2063e-07 5.15371e-06 -9.27329e-05 
0.000609848 8.29911e-05 -0.00039947 -0.000320342 -0.000112537 4.80585e-05 0.000183741 -0.00149263 -0.000679539 0.000234245 0.000215628 -0.000104603 0.000795617 0.00117217 -0.000552985 -3.07685e-05 0.00171512 -0.000102435 8.35463e-06 7.70198e-05 -7.32683e-05 -0.000551994 0.00118127 0.000876608 -5.20133e-05 -7.22841e-05 -0.00100423 0.000158532 -3.59378e-05 -0.000137887 -2.16986e-05 0.00107751 7.44359e-05 0.00505144 -0.000560985 -2.60863e-05 0.000392338 -0.000985396 7.36433e-06 0.000576933 -2.30804e-05 5.26715e-05 -0.000454788 -8.41858e-05 -0.00127897 -1.63657e-07 -0.000669223 -1.52926e-06 0.00150623 -0.00156158 0.000127581 -0.000200099 -3.96078e-05 -0.000543763 0.00137286 -0.000199386 -0.000849161 0.000181275 -0.000587811 0.00140373 0.00115668 8.35601e-06 -1.33786e-05 0.00034082 -0.000230561 0.000969852 -0.000125359 -0.00180709 0.000711681 -0.00105567 -0.000924762 -0.000487145 -0.000235462 0.00023186 -0.00117668 0.00200042 0.000111866 1.30793e-05 -0.00109479 1.04958e-06 9.235e-05 -0.000164545 -0.000613396 -0.00148524 -3.65444e-05 -2.98872e-05 -0.00076952 0.000383071 0.00104134 -0.000330709 -4.40419e-05 4.73383e-05 1.65969e-05 0.000158047 -0.000483571 -0.000960529 -0.000859673 2.00127e-05 6.64454e-06 0.000244356 
