0.00629015 -0.000184478 -0.00210965 -0.0052534 2.99326e-05 5.84027e-05 -0.000370223 0.000338946 0.000127943 -5.06122e-05 -0.00335154 -0.00582077 -0.000903222 0.000127475 4.31231e-06 -7.17642e-05 -4.50952e-05 -3.52656e-05 -0.000157713 0.00190826 -0.00148191 -3.92525e-06 1.38728e-05 -0.00225375 -5.02679e-06 3.48298e-05 -0.00214102 -0.0035704 -0.000153207 0.00235804 -6.06384e-07 0.000513924 -1.44566e-06 -8.49131e-06 -4.46475e-06 -0.00190981 0.000515234 2.01671e-05 -4.91918e-05 0.00568961 0.00567969 1.40598e-06 0.00474899 -9.19317e-05 -4.33967e-05 0.00559378 0.00471023 -0.000133233 -2.68868e-05 -3.58422e-05 0.000644376 0.004889 -0.00156051 0.00141782 0.000403947 -0.00185303 1.5698e-05 -1.74453e-05 -5.83787e-09 -5.99964e-07 -0.000102732 -1.00468e-05 -4.63637e-05 -0.000693001 -0.000398089 -0.00559831 -0.00113543 -0.000224855 -9.26865e-07 -0.0044691 -0.000468487 0.000645443 -1.43638e-06 -4.10086e-05 -0.00117223 0.000232857 0.00243881 0.00188602 3.6897e-05 3.78337e-06 -1.49194e-05 -0.00168638 -0.00021296 -8.25921e-05 7.81652e-05 9.07024e-06 -0.00133616 0.00562588 -0.00461404 0.00267614 -0.000612882 0.000106511 -0.00307518 -0.00256674 -0.00111175 -1.90351e-08 0.00340943 5.51539e-07 4.20557e-05 4.78568e-05 
-0.000184478 0.042634 0.0132388 -0.000878549 -2.90363e-06 4.5938e-05 -0.00155829 9.48531e-05 -1.59066e-05 0.00414675 -0.0225171 -0.0011702 0.00622782 -1.32206e-05 0.000265936 0.00202579 -0.000356067 0.000932923 -0.000281801 0.00284291 -0.00837763 -4.41373e-05 2.65448e-05 -0.00692173 -3.25071e-05 -1.39752e-05 -0.0181877 0.00289933 -0.000466269 -0.000324787 -3.02471e-06 -0.00327261 -1.0919e-05 0.00011457 0.000258409 -0.0180373 -6.73625e-05 2.30815e-06 -0.000426069 -0.00134094 -0.00152657 1.54234e-05 -0.00072981 -0.000509157 0.00190805 -0.000683925 -0.000593347 -0.00133054 -0.000111208 -0.000236107 -0.0224514 -0.00380102 -0.0244494 -0.0017821 0.000360816 -0.00778464 -4.4064e-05 -0.000131767 -4.11546e-08 -1.73946e-07 0.00387484 -5.32903e-05 0.00618769 -0.00483767 0.0198855 -0.00348647 0.0139101 -0.000528616 -0.000792139 0.00472443 0.0141439 0.000136723 6.42773e-06 0.00393937 -0.00951591 0.00676271 -0.000286943 -0.00120259 -7.65016e-05 -3.75103e-05 0.00010865 0.0294532 -0.0013355 -9.67113e-05 6.49734e-05 2.0888e-05 -0.00146506 -0.0020566 -0.00234059 0.00572811 0.00925724 -0.000721223 -0.00228959 0.0064898 -0.00188843 -4.75559e-06 -0.0186829 1.10281e-06 -6.65399e-05 -0.000300663 
-0.00210965 0.0132388 0.229904 0.00525016 -1.85316e-05 -0.000198161 0.0525554 -0.000345456 -5.0608e-05 -0.000113146 -0.132837 0.00536518 0.0818301 -8.42154e-05 0.000515871 0.00289748 -0.00273646 -0.00180162 -0.000186873 0.0460629 -0.0958718 -0.000329249 0.000670227 -0.112707 0.00040431 -9.47514e-05 -0.0781172 0.0716278 0.0153701 -0.00459014 -2.33598e-05 -0.0225807 0.000187882 -0.000434362 0.000322692 -0.0979943 -0.000729823 -2.74174e-05 -0.000522319 -0.00831869 -0.0118049 -1.41583e-05 -0.00563466 -0.000615598 0.000392905 -0.00650189 -0.0224865 0.00335502 0.000982478 0.00110119 -0.100958 -0.0266219 -0.146576 0.0186218 -0.000963678 -0.087586 0.000559921 0.00173887 -2.08153e-07 3.95137e-05 -0.00517039 -0.000197526 0.00320873 -0.0259886 0.0262824 0.0095717 0.0584881 0.013313 -0.0061812 0.0665306 0.00301728 -0.000406946 -9.02858e-05 -0.000841496 0.0333682 0.000394538 -0.00153982 -0.00376424 -0.000677522 -0.000101074 -0.000747133 0.0809563 0.0211658 0.00198685 -4.09299e-05 9.38695e-05 0.0537145 -0.0158478 0.0334017 -0.0112102 0.0462824 0.00576697 -0.0132196 0.12498 -0.00492292 6.46349e-05 -0.0691196 -1.86473e-06 -0.000478744 -0.00244778 
-0.0052534 -0.000878549 0.00525016 0.107798 -5.05698e-05 -7.02131e-05 -0.0158734 -0.000695379 -0.000323246 0.000541807 0.00825931 0.0149673 0.0145089 -0.000238827 -0.000950723 0.00125503 7.66512e-05 4.38807e-05 -0.00686133 -0.00429619 0.031138 -8.70351e-05 9.46158e-05 0.0365014 -1.59932e-05 -0.000219457 0.00985982 0.00195716 0.00300107 -0.00820935 -1.75856e-06 0.000693858 -1.85613e-05 -3.74383e-05 -0.000119555 0.0210011 -0.00149338 -0.000219644 -0.00117612 -0.0324205 -0.033933 -0.000134476 -0.010591 -0.00204511 0.000725165 -0.0198052 -0.0736325 -0.00164741 0.000207639 -0.000466252 -0.00916438 -0.0193176 -0.00646511 -0.00746192 -0.00265217 0.0331855 -0.000508367 0.000197779 -1.99898e-08 4.64844e-06 0.0020538 0.000188127 -0.000607968 0.0121886 0.0065116 0.0178182 -0.0141932 0.00248833 0.00221928 0.0363409 -0.0101763 -0.000896731 -9.13949e-05 -0.00124457 0.0227437 6.82448e-05 -0.00689317 -0.0139425 -0.000200143 -0.00100793 -0.000446824 0.0153337 0.00407699 0.000594364 -0.000241511 -0.000248918 -0.0207506 -0.0283256 0.00454473 -0.0131403 0.0105291 -0.00967522 -0.00312136 -0.0103452 0.0216012 8.7751e-06 -0.0469847 -1.57022e-06 -8.68381e-05 -0.000620065 
2.99326e-05 -2.90363e-06 -1.85316e-05 -5.05698e-05 6.50624e-05 3.57782e-06 -2.85942e-06 3.18743e-06 5.23099e-06 -5.20914e-07 -3.55767e-05 -5.66876e-05 -6.09479e-06 4.52363e-06 -3.25938e-07 -2.0968e-07 -5.20626e-07 8.56458e-07 6.5036e-06 1.79417e-05 -5.47917e-06 -7.47233e-08 5.90586e-07 -2.25809e-05 2.88227e-06 4.55813e-07 -2.2479e-05 -3.24318e-05 -1.61383e-06 1.07851e-05 -7.37495e-09 -4.56959e-06 -1.87097e-08 1.07467e-07 4.46702e-07 -2.03066e-05 2.88378e-06 1.78919e-06 5.37172e-07 5.50286e-05 5.35081e-05 4.91041e-07 5.08712e-05 1.8957e-06 8.94355e-07 5.07147e-05 4.31138e-05 -4.6264e-07 1.22848e-06 -3.73323e-07 -5.62744e-06 4.99445e-05 -1.06606e-05 7.41648e-06 1.33144e-06 -1.89544e-05 1.36518e-06 7.8569e-07 -6.00059e-11 -6.16687e-09 -2.50764e-07 -1.12062e-07 -1.72086e-07 -5.93752e-06 -3.67005e-06 -5.89516e-05 -2.06744e-05 1.22712e-06 6.56028e-08 -3.97611e-05 -3.25423e-06 7.41662e-06 -2.20735e-08 -3.6268e-07 -1.48173e-05 9.63543e-06 1.55507e-07 2.01976e-05 3.48937e-07 -4.41236e-08 1.56667e-06 -1.45468e-05 -1.96675e-06 -7.54848e-07 8.61506e-08 -4.22203e-08 -1.47018e-05 5.30382e-05 -5.20559e-05 2.94292e-05 -5.18712e-06 4.88364e-06 -4.56233e-05 -2.45444e-05 -4.28295e-06 -6.93394e-09 2.88243e-05 -4.98121e-10 -1.51211e-07 -4.17172e-07 
5.84027e-05 4.5938e-05 -0.000198161 -7.02131e-05 3.57782e-06 0.000681901 -0.000268312 1.69121e-06 1.52011e-06 0.000201159 -0.000375935 -0.000198553 -8.30862e-05 6.24837e-06 -1.89595e-06 -7.15879e-06 -5.23768e-06 9.68097e-06 -8.35486e-06 -8.73952e-05 0.00028709 -4.28082e-07 7.63384e-07 0.000211668 -1.67702e-07 -2.30344e-07 -0.000279332 -0.000392371 7.12198e-05 0.000134668 1.4488e-07 -5.40746e-05 -3.12736e-07 3.30629e-05 8.32527e-05 -0.000258438 2.95999e-05 1.60341e-06 -6.9287e-06 0.000116751 0.000121083 -1.98514e-07 0.0001308 0.000181201 0.000333421 0.000137145 -7.73247e-06 -1.64003e-05 1.94255e-05 -3.78178e-06 -0.000366936 0.000356939 -0.000406992 1.01682e-05 5.49585e-06 -0.000189596 1.37537e-05 9.14886e-07 3.2704e-08 -6.46732e-08 0.000436971 6.40256e-06 1.94369e-05 6.42584e-06 8.76559e-05 -0.00052876 -0.000309435 -1.53353e-05 0.00034555 -0.000240943 2.91611e-05 9.85887e-06 1.01018e-05 9.08258e-05 -0.000152593 0.000446481 2.3453e-05 3.98394e-05 -5.17271e-07 2.2045e-06 0.000197709 0.000255983 -1.10502e-05 -6.42593e-06 1.36941e-05 9.21278e-06 -0.00019006 0.000153514 -0.000571117 0.000142718 0.000339329 3.79925e-05 -0.00052728 -0.000290973 0.000142101 7.60616e-07 -4.20941e-05 -5.2239e-09 2.81809e-05 8.99227e-06 
-0.000370223 -0.00155829 0.0525554 -0.0158734 -2.85942e-06 -0.000268312 0.247789 -0.00015934 -0.000190138 0.00121349 -0.0781224 0.00289623 0.0134377 9.28245e-05 -0.0012366 -0.00526857 -0.00396942 0.000226661 0.0026041 0.0546077 -0.0816892 -0.000299548 -7.13246e-05 -0.0786632 -0.00064604 -8.56673e-06 -0.0795205 0.0624993 0.00820262 -0.00504905 -5.4635e-05 0.00148152 2.30281e-05 -0.000459502 -0.000298016 -0.0874823 -0.00154684 -0.000150204 -0.00474882 -0.00781529 -0.0122683 -0.000365657 -0.00427361 -0.00384092 -0.00183035 -0.00745303 0.0301112 -0.0158778 -0.00147648 0.000543906 -0.059938 -0.036121 -0.0403932 0.0155016 0.000409368 -0.0430595 -0.000882767 0.000543745 -2.48918e-07 -1.05786e-05 -0.00590684 0.000130364 0.00177289 -0.0554955 -0.00812729 0.00536224 0.0543455 -0.00225585 -0.00688273 -0.00869698 0.0074793 0.000253204 -2.63401e-05 0.00140043 0.0114494 0.00467369 -0.00162685 -0.0106901 -0.000961161 -0.000366808 -0.00207173 0.0288258 0.0104665 -0.00101679 -0.000135913 1.07622e-05 0.0576757 -0.0159922 0.0174793 0.0156819 0.0111155 0.00136411 -0.0209693 0.103188 -0.0353457 -9.67184e-06 0.0351888 -4.07663e-06 -0.00104194 -0.00166464 
0.000338946 9.48531e-05 -0.000345456 -0.000695379 3.18743e-06 1.69121e-06 -0.00015934 0.00121636 2.01791e-06 -5.01655e-06 -0.000202112 -0.000481988 -0.000120833 3.00771e-05 4.46995e-05 -1.0918e-05 -9.73338e-06 -7.05393e-06 -2.43232e-05 0.000185188 -0.000341261 -6.76364e-07 -6.43063e-07 -0.000225269 1.38717e-08 1.52223e-06 -0.000470201 -0.000413446 -2.8417e-05 0.00024905 -1.38036e-07 0.000590186 7.52959e-07 5.64584e-06 -8.73877e-07 -0.000511169 1.67941e-05 3.14521e-06 -1.2822e-05 0.000445294 0.000467539 -7.67885e-07 0.000106102 -1.44191e-05 -9.23892e-06 0.000235044 0.000817026 7.62217e-05 -5.01063e-06 -6.57633e-06 -0.000731118 0.000294321 -0.00051994 5.1324e-05 0.000316021 -0.000351479 2.03288e-05 -2.41623e-06 -1.12312e-09 -1.15425e-07 -1.06515e-05 -1.0419e-06 0.000103329 3.021e-05 -7.25359e-05 -0.000407283 0.000470615 -2.09446e-05 -2.0683e-05 -0.000805224 0.000220571 7.29486e-06 7.42409e-07 8.69575e-05 -0.000118515 3.94336e-05 0.000297756 9.59354e-05 1.10344e-05 3.25339e-06 1.00406e-05 -0.000145232 -2.85391e-05 -1.07414e-05 1.64724e-05 4.65323e-07 -5.78781e-05 0.000507501 -0.000130369 0.000107901 -0.000111568 0.000120028 -0.00018742 -8.85457e-05 -0.000133543 -1.07559e-07 0.000324726 1.29068e-06 -2.78574e-06 -7.15114e-06 
0.000127943 -1.59066e-05 -5.0608e-05 -0.000323246 5.23099e-06 1.52011e-06 -0.000190138 2.01791e-06 0.000377469 -3.0231e-06 -0.000192854 -0.00035567 -4.82244e-05 2.12364e-06 -2.69341e-07 -2.92315e-06 -3.02143e-06 -3.20511e-07 -3.98916e-07 -5.7233e-05 -0.00010435 -2.78097e-07 5.36066e-06 -0.000133486 9.65574e-07 7.09475e-06 -4.46715e-06 -0.000214705 -8.63248e-06 0.000191196 2.46089e-07 -2.44565e-05 4.71441e-09 -3.59236e-07 -5.67243e-07 3.46291e-05 9.41916e-05 1.11721e-06 -1.14232e-06 0.000348815 0.000338394 -3.03372e-07 0.000348702 1.0079e-05 -3.39235e-07 0.000356302 0.000259 -9.99798e-06 -1.88703e-06 -2.16656e-06 -7.49709e-05 0.000310686 -0.000218072 7.93182e-05 2.81141e-07 -0.000111062 1.45974e-05 -1.77964e-06 -3.48241e-10 -3.57891e-08 -6.2274e-06 -6.17014e-07 -7.25352e-06 -4.29505e-05 -2.28916e-05 -0.000359015 -0.000176145 -1.35219e-05 -9.76093e-06 -0.000257388 -2.8634e-05 3.44942e-06 -1.28102e-07 -1.74744e-06 -8.13462e-05 -7.46442e-06 1.50617e-05 0.000256137 2.78324e-06 5.74156e-06 -1.56323e-06 -0.00010168 -1.24082e-05 -4.02555e-06 2.69284e-06 -2.28012e-08 -9.89962e-05 0.00034184 -0.000315532 2.49712e-05 -3.11697e-05 0.000227773 9.47374e-06 -0.000188426 -7.5683e-05 -4.02408e-08 0.00019143 -2.89082e-09 1.00235e-07 2.79881e-06 
-5.06122e-05 0.00414675 -0.000113146 0.000541807 -5.20914e-07 0.000201159 0.00121349 -5.01655e-06 -3.0231e-06 0.00794176 -0.00329664 -0.000764285 0.000843447 -2.17227e-06 2.59741e-05 -7.7832e-05 -5.01471e-05 0.00053564 -0.000226689 -0.000288987 -0.000938629 -8.76068e-06 7.26078e-06 0.00241208 -1.22309e-05 -1.06918e-06 -0.00265794 -0.00232132 0.000392744 -0.000107591 -4.62975e-07 -0.000678802 1.21972e-06 0.000146126 0.000163907 -0.00263089 -3.27372e-06 2.14692e-06 -6.66669e-05 -0.000317821 -0.000402636 -9.72772e-06 -0.000124038 -0.000126321 0.000798481 -0.000135467 -0.00165636 -0.000228366 -3.49208e-05 -2.35228e-05 -0.00462297 -0.000503713 -0.00423295 -0.000526297 -4.04026e-05 0.000829947 6.8787e-05 2.21826e-05 -7.38318e-09 -3.80999e-07 0.00368086 1.13229e-05 -1.13953e-05 -0.000842947 0.00473662 -0.00386669 -0.00144144 -0.000114538 -5.38917e-06 -0.00219034 0.00395389 5.59292e-05 6.21739e-06 0.00358909 -0.00147207 0.00418244 -7.43239e-05 -0.000205001 -2.08544e-05 -1.08975e-05 9.89883e-05 0.00357341 0.000413099 -7.17594e-05 6.09724e-05 -2.39266e-07 -0.00197542 -0.000436056 -0.00361033 0.00396294 0.00454337 0.000153058 -0.00510218 -0.00151566 0.000475664 4.36906e-06 -0.00352393 1.72044e-07 2.1406e-05 -3.46533e-05 
-0.00335154 -0.0225171 -0.132837 0.00825931 -3.55767e-05 -0.000375935 -0.0781224 -0.000202112 -0.000192854 -0.00329664 0.24671 0.00926116 -0.0732333 -0.000173061 -1.18476e-05 -0.00305297 0.00350941 8.81195e-05 -0.00680144 -0.0612684 0.103936 0.00021401 -0.000555004 0.139417 -0.000750149 1.37536e-05 0.157363 -0.100929 -0.0137926 -0.00434296 -3.08485e-06 -0.000427199 -0.000119945 0.000268925 -0.000782506 0.175012 -0.000858359 -0.000166688 0.00194824 -0.000651073 -0.00295768 0.000109569 -0.00303187 -0.00659057 -0.00337208 -0.00458208 -0.0295326 0.00567716 -0.00212439 -0.00056566 0.12941 0.010683 0.164113 -0.0316817 -0.00273417 0.120641 -0.0009313 -0.00136795 -4.25122e-07 -4.38921e-05 -0.000531291 0.00029341 -0.00597799 0.038987 -0.0285278 0.00830946 -0.126688 -0.0150026 0.00368104 -0.0368084 -0.0151615 -0.000637492 3.09185e-05 -0.00230991 -0.0161313 -0.00939645 -0.00515873 -0.00286637 -0.0011463 -4.82843e-05 -0.00184234 -0.117153 -0.0186649 -0.00495537 -0.000261578 -0.000260003 -0.106563 0.00152057 -0.0198738 -0.00491766 -0.045015 -0.00576504 0.0290672 -0.154806 -0.023855 -5.92183e-05 0.00779376 5.10872e-07 -0.00011948 0.00255268 
-0.00582077 -0.0011702 0.00536518 0.0149673 -5.66876e-05 -0.000198553 0.00289623 -0.000481988 -0.00035567 -0.000764285 0.00926116 0.0195998 0.00244297 -0.000250402 -9.81264e-05 0.000185027 0.000117871 -0.00046197 -0.000259405 -0.00235995 0.00346975 -1.25543e-05 -0.000105666 0.00585806 -0.000210582 -0.000112115 0.00631618 0.010591 0.000436806 -0.00594891 -1.63998e-05 -0.00190168 -6.52277e-06 -9.18799e-05 -0.000189112 0.00498885 -0.0016024 -0.00010505 -2.13559e-05 -0.0150284 -0.0156952 -5.95061e-05 -0.00991665 -0.00051782 3.5644e-05 -0.0133098 -0.0129017 0.000293563 2.55329e-05 8.21718e-05 0.000742433 -0.012371 0.00638772 -0.00626541 -0.00173762 0.00496959 -0.000243302 3.27883e-05 1.84442e-08 8.28868e-07 -0.000135718 1.55005e-05 -0.0026651 0.0018482 0.000342172 0.013832 0.00127853 5.756e-05 0.000217018 0.0132959 -4.96426e-05 -0.000958581 -3.71519e-06 -0.000909309 0.00392097 -0.00188355 -0.00695119 -0.00846299 -0.000277181 -0.000412999 -0.0001352 0.00391218 0.000469057 0.000243384 -0.000262742 -3.98337e-05 0.00449929 -0.0142511 0.00955179 -0.00626178 0.00107723 -0.00285192 0.00552263 0.00491475 0.00188493 -6.81465e-05 -0.00844635 -6.46891e-07 -7.32663e-05 -0.000199944 
-0.000903222 0.00622782 0.0818301 0.0145089 -6.09479e-06 -8.30862e-05 0.0134377 -0.000120833 -4.82244e-05 0.000843447 -0.0732333 0.00244297 0.123418 -2.80253e-05 0.000210134 0.00243252 -0.00113896 -0.000653111 0.00183244 0.0286252 -0.04075 1.64803e-05 0.00051229 -0.0518452 5.67383e-05 -4.42715e-05 -0.0548454 0.0485477 0.017918 -0.00136898 8.72054e-06 -0.00280874 -2.39404e-05 -0.000200839 0.000559815 -0.0604838 -0.000257743 2.12931e-06 -0.00118955 -0.00584186 -0.00724027 -0.000101391 -0.00243277 -0.000810888 -0.000761271 -0.00327941 -0.0278995 -0.00157084 0.00251218 -0.00072067 -0.0764892 -0.0129984 -0.0863958 -0.0079395 -0.000174323 -0.0416447 -0.000164688 0.00261117 2.55889e-07 4.52426e-05 -0.00207889 -5.84577e-06 -0.00204916 -0.0104066 0.0287099 0.00379296 0.0300574 0.00695213 -0.0015578 0.0263294 -0.00863818 -0.000156328 -4.27579e-05 -0.001054 0.0339334 -0.00267823 -0.000988677 -0.00431359 -0.000339842 -0.00017805 -3.21448e-05 0.0289764 0.0256847 -0.000507692 -4.79444e-05 0.000203055 0.0196333 -0.0074491 0.014264 -0.00471892 0.0521772 -0.00127626 -0.0272829 0.0549789 0.0284242 7.89869e-05 -0.0595288 -1.10406e-06 -4.62708e-06 -0.000959724 
0.000127475 -1.32206e-05 -8.42154e-05 -0.000238827 4.52363e-06 6.24837e-06 9.28245e-05 3.00771e-05 2.12364e-06 -2.17227e-06 -0.000173061 -0.000250402 -2.80253e-05 0.000319809 9.30806e-07 -1.9087e-06 -2.52641e-06 1.2137e-06 4.86631e-05 0.000186856 -6.91495e-05 -3.67389e-07 4.49086e-07 -0.000114112 -3.25413e-08 1.50142e-05 -0.000133705 -0.000117933 -6.2458e-06 0.00014528 -3.62601e-08 5.91434e-06 -1.46619e-07 -4.54956e-07 2.30544e-07 -0.000124721 3.55313e-05 1.1811e-06 5.20726e-07 0.000237319 0.000221981 -4.26456e-07 0.000215527 4.09406e-07 1.11021e-06 0.000178019 0.00016469 -8.6978e-06 1.45857e-06 -1.61328e-06 -0.000110281 0.000194925 -8.14971e-05 -8.62498e-07 5.45092e-05 -8.90109e-05 4.42704e-07 -1.17869e-06 -2.95029e-10 -8.09824e-09 -4.99959e-06 -2.84306e-07 1.46882e-05 -3.74419e-05 -1.88083e-05 -0.000240827 -0.000103214 -1.10472e-05 -1.33023e-06 -0.000190131 -1.57111e-05 8.63447e-06 -1.08528e-07 -1.85077e-06 -1.77121e-05 2.13872e-05 6.0368e-06 9.03353e-06 3.50357e-06 -4.35459e-07 6.94658e-08 -6.24802e-05 -9.52635e-06 -4.19097e-06 2.15691e-06 1.73686e-06 -4.74051e-05 0.000229255 -0.000213279 0.000230188 -3.04663e-05 3.33251e-05 -0.000225026 -4.13488e-05 -6.44773e-05 -3.40919e-08 0.000143472 -2.4491e-09 -6.99008e-07 -1.06962e-06 
4.31231e-06 0.000265936 0.000515871 -0.000950723 -3.25938e-07 -1.89595e-06 -0.0012366 4.46995e-05 -2.69341e-07 2.59741e-05 -1.18476e-05 -9.81264e-05 0.000210134 9.30806e-07 0.0049842 -4.8869e-05 0.000209374 -2.26145e-05 -1.99651e-05 0.000294948 -4.4999e-06 -1.38606e-06 0.000214732 -0.000121325 7.16255e-05 3.31253e-07 0.000404343 -0.00256132 0.000140156 -7.29805e-05 -5.56664e-07 -0.000213162 4.94863e-06 2.66095e-05 5.5288e-07 -0.00013358 -1.54233e-05 -5.32297e-07 1.08711e-05 0.000351816 0.000148312 5.34462e-06 -5.49731e-05 0.000135554 -2.65936e-05 2.27932e-05 0.000732021 -0.000106949 1.27536e-06 -1.82991e-06 -0.000749842 -0.000230848 -0.000535922 -0.000285141 -1.33186e-05 -0.000164415 -6.47832e-06 1.028e-05 -4.61968e-09 2.25231e-07 0.00010674 5.38504e-05 0.000407488 -0.000182423 -4.24185e-05 -2.95886e-07 -0.000861054 -7.77044e-06 -6.83265e-05 0.000204617 0.000490078 -5.63063e-06 4.71174e-06 0.000127291 1.91948e-05 -8.88068e-05 4.71055e-05 0.000621141 2.78154e-06 0.000125448 -1.08402e-05 0.00016145 0.000488233 -2.62898e-05 7.81199e-06 1.32736e-06 -0.000971976 2.11664e-05 0.000217865 2.71917e-05 0.00156235 -8.15174e-05 -0.000277697 -0.00081649 -0.00100958 4.29106e-05 -0.00147918 7.94984e-07 -7.99681e-06 5.08948e-05 
-7.17642e-05 0.00202579 0.00289748 0.00125503 -2.0968e-07 -7.15879e-06 -0.00526857 -1.0918e-05 -2.92315e-06 -7.7832e-05 -0.00305297 0.000185027 0.00243252 -1.9087e-06 -4.8869e-05 0.0112889 -5.88481e-05 2.21358e-05 0.000530414 -0.00138866 -0.00296902 1.19711e-06 -3.44663e-06 -0.00378429 1.27828e-05 -3.7992e-06 -0.00341544 0.00157568 -0.000239874 -0.000137488 2.5168e-06 -8.15232e-05 4.72198e-06 -1.62397e-05 6.48906e-05 -0.00332955 -2.14475e-05 -1.65877e-06 0.000309273 -0.000455329 -0.000497356 -7.45571e-06 -0.000185285 -0.000156017 0.00036107 -0.000249866 -0.00128858 0.000812132 0.000437632 -1.99852e-05 -0.00136374 -0.000778717 -0.00378098 -0.000451662 -3.09319e-05 -0.00282444 5.50498e-07 -2.67505e-05 3.78358e-07 2.03993e-06 -0.000110732 -1.61781e-05 -2.57077e-05 -0.000370202 0.00393987 0.000263633 0.00347972 0.00139943 3.43729e-05 0.00138321 -0.000477933 -1.23674e-05 2.93719e-06 -4.62785e-05 0.00236474 6.67279e-05 -0.000117509 -1.39188e-05 0.000130233 3.67846e-06 -1.4905e-05 0.00241926 -0.000256039 5.10345e-05 -5.89172e-06 2.11252e-06 0.000425636 -0.000446163 0.00100666 -0.000419327 -0.000165222 -0.000262839 0.000377548 0.000939378 0.000499936 -7.61356e-07 -0.00404627 -8.74207e-08 -1.65598e-05 -7.58475e-05 
-4.50952e-05 -0.000356067 -0.00273646 7.66512e-05 -5.20626e-07 -5.23768e-06 -0.00396942 -9.73338e-06 -3.02143e-06 -5.01471e-05 0.00350941 0.000117871 -0.00113896 -2.52641e-06 0.000209374 -5.88481e-05 0.0079374 3.17102e-05 -9.05943e-07 -0.00122231 0.00414075 0.000143 -5.84439e-06 0.00436168 -1.68436e-05 1.38788e-06 0.00424549 -0.00410804 -0.000198458 -8.47855e-05 2.53753e-06 -0.000668238 -2.11159e-06 -4.54576e-06 -1.12308e-05 0.00402661 -1.551e-05 -1.02937e-06 0.000193491 -8.39626e-05 -0.000211045 3.16004e-05 -0.000111439 0.000335877 -5.14558e-05 5.11449e-05 -0.0009935 -0.000214464 -2.73207e-05 5.71693e-05 0.00254972 4.99817e-06 0.00274324 -0.000533209 -4.27782e-05 0.00363692 7.1452e-06 -3.35404e-05 -7.37909e-09 -7.58357e-07 0.000969211 6.21416e-05 -0.000147166 0.00192414 -0.000497304 0.000162971 -0.00408148 -0.000285478 0.00109059 -0.00160446 -0.000522012 -8.97622e-06 1.08556e-06 -4.69186e-05 -0.00105141 -0.000136976 -7.69532e-05 -0.000219475 -2.00537e-05 -1.49145e-06 -9.5246e-06 -0.00214807 -0.000272183 -0.000106489 -1.77996e-06 -5.16972e-06 -0.00221351 7.59974e-05 -0.00299205 -0.000200895 -0.000729028 -0.000176526 -0.000178734 -0.00398564 -0.00144572 -8.52685e-07 -0.00273709 2.76336e-08 4.03386e-05 0.000181123 
-3.52656e-05 0.000932923 -0.00180162 4.38807e-05 8.56458e-07 9.68097e-06 0.000226661 -7.05393e-06 -3.20511e-07 0.00053564 8.81195e-05 -0.00046197 -0.000653111 1.2137e-06 -2.26145e-05 2.21358e-05 3.17102e-05 0.0057586 0.000978197 -0.000632713 0.0012119 4.50149e-05 4.54944e-06 0.00210342 4.75306e-05 9.92254e-06 -0.000399202 -0.00131146 -0.000124306 9.28624e-05 1.21879e-05 -0.000482966 7.11206e-06 7.08072e-05 5.47435e-05 0.00229226 0.000216784 0.000191415 0.000341462 -0.000172913 -0.00028745 -7.17674e-06 5.91677e-05 0.00123982 0.00112309 -0.000119133 -0.00130276 0.000877549 4.21068e-05 -1.72105e-05 -0.000425728 -0.00047526 0.000172644 -0.000388371 -3.07859e-05 0.00244662 5.69864e-05 -7.24607e-06 2.39103e-07 -6.00777e-08 0.000742216 4.17577e-05 -0.000100339 -0.000500925 0.000294767 -0.00185154 -0.00219668 -0.000203263 0.000116229 -0.00166273 0.0012797 1.03661e-05 -1.85384e-06 0.000328957 6.94855e-05 0.00128972 -5.44954e-05 -0.000163696 0.000353474 -7.7842e-06 0.000281084 0.00114411 -0.000186216 -1.50865e-05 3.16887e-05 8.76383e-06 -0.000660336 -0.000263499 -0.00401154 0.00159887 -0.00013044 -0.000110652 -0.00148096 -0.00279562 -0.00111524 -6.1725e-07 -0.00253252 1.00102e-07 5.27728e-05 0.000218863 
-0.000157713 -0.000281801 -0.000186873 -0.00686133 6.5036e-06 -8.35486e-06 0.0026041 -2.43232e-05 -3.98916e-07 -0.000226689 -0.00680144 -0.000259405 0.00183244 4.86631e-05 -1.99651e-05 0.000530414 -9.05943e-07 0.000978197 0.0279743 -0.00154106 -0.00575013 1.80768e-05 -1.41871e-05 -0.00648182 3.42335e-06 2.09212e-05 -0.00438939 0.00702336 -0.000552863 0.00112628 9.06856e-06 0.00106239 3.82105e-06 1.67814e-05 -2.70912e-05 -0.00605967 6.73246e-05 0.000190984 0.000792117 -0.000104538 -0.000308378 -3.66303e-05 0.000217776 0.00274469 0.000428543 -0.00030211 0.000943053 0.00123521 0.000376056 -9.69973e-05 -0.00611728 -0.0013275 0.000248518 -0.00111138 -7.10018e-05 -0.00531036 -7.14937e-05 5.90825e-05 6.0677e-07 5.75891e-06 -0.000284114 -2.44748e-05 -0.000318005 -0.00255417 -0.000978524 -0.00159584 0.00461402 -0.00074378 0.000521044 -0.00276623 -0.000287248 -3.25129e-05 -3.78269e-06 -0.000170736 0.00298366 0.000224409 -0.000224452 -5.60772e-06 0.000446701 3.1159e-05 0.000907608 -0.000154213 -0.000390602 8.87428e-05 2.0463e-06 3.17986e-05 0.010851 -0.000395668 -0.00130745 0.000792791 -0.00135892 -0.000149713 -0.00241364 0.0060658 -0.00616902 -3.06954e-06 -0.00135484 -2.2051e-07 0.000183684 -0.000123006 
0.00190826 0.00284291 0.0460629 -0.00429619 1.79417e-05 -8.73952e-05 0.0546077 0.000185188 -5.7233e-05 -0.000288987 -0.0612684 -0.00235995 0.0286252 0.000186856 0.000294948 -0.00138866 -0.00122231 -0.000632713 -0.00154106 0.130453 -0.038454 -9.67019e-05 0.000316353 -0.0539438 -0.000115952 1.55324e-05 -0.0539477 0.0218423 0.0132768 -8.17265e-05 -1.57605e-05 0.00923598 1.51862e-05 -0.000184922 -0.000150114 -0.0619879 -0.000203228 -2.82716e-05 -0.00160529 0.00254492 0.000475633 -4.83693e-05 0.00132278 -0.00213533 -0.000732971 0.000741738 0.00898477 -0.00263754 -0.000157204 -3.69693e-05 -0.0372562 -0.00876539 -0.0477953 0.000618918 0.00230301 -0.0436738 0.000128917 0.00120466 -1.42247e-07 2.40334e-06 -0.00247185 -7.48378e-05 0.000531859 -0.0153878 -0.00539024 -5.83829e-05 0.0239372 0.000560084 -0.00200283 -0.00981874 -0.00452502 0.000485644 3.16255e-06 -0.00101478 0.0350428 0.000997645 0.000895616 -0.00360567 -0.000332969 -0.000135677 -0.000618177 0.0147229 0.0214694 -0.00178452 0.00014134 3.43688e-06 -0.00439526 0.00475198 0.0105296 0.00618571 0.0201366 -0.00274547 -0.0302175 0.0539348 -0.0130402 5.42294e-05 0.00323411 -9.36377e-07 -4.93855e-05 -0.000964608 
-0.00148191 -0.00837763 -0.0958718 0.031138 -5.47917e-06 0.00028709 -0.0816892 -0.000341261 -0.00010435 -0.000938629 0.103936 0.00346975 -0.04075 -6.91495e-05 -4.4999e-06 -0.00296902 0.00414075 0.0012119 -0.00575013 -0.038454 0.203861 6.95298e-05 -0.000245054 0.149962 -0.000260201 6.55965e-06 0.111137 -0.0993316 -0.00689374 -0.00363798 -1.46479e-05 -0.0191058 -0.000122088 0.000525653 -0.000178701 0.123066 -7.61376e-05 -6.45073e-05 -0.000496688 -0.0100563 -0.00942589 -0.000346005 0.000146164 0.00222858 0.000142984 -0.00536732 -0.0444705 -0.00771797 -0.00124624 -0.000938664 0.0825068 0.0161152 0.0873349 -0.0170568 -0.00150916 0.12911 -0.000150252 -0.000754309 -2.29684e-07 -1.16305e-05 0.00568225 0.000433411 -0.00481477 0.0237592 -0.0155364 0.00448642 -0.12266 -0.010079 0.00699633 0.00935382 -0.0117568 -0.000347944 4.07923e-05 -0.000949314 -0.0485722 -0.00365548 -0.003017 -0.00421441 1.34833e-05 -0.000364954 0.000179853 -0.0582729 -0.00957401 -0.00208041 -8.11549e-05 -0.000160915 -0.0666199 -0.00889601 -0.0429889 -0.00284375 -0.0175161 -0.00525884 0.0135191 -0.133804 -0.00807047 -1.75483e-05 -0.0274208 1.13887e-06 -0.000325328 0.0013238 
-3.92525e-06 -4.41373e-05 -0.000329249 -8.70351e-05 -7.47233e-08 -4.28082e-07 -0.000299548 -6.76364e-07 -2.78097e-07 -8.76068e-06 0.00021401 -1.25543e-05 1.64803e-05 -3.67389e-07 -1.38606e-06 1.19711e-06 0.000143 4.50149e-05 1.80768e-05 -9.67019e-05 6.95298e-05 0.00114709 8.63887e-06 0.000223035 -1.65901e-06 1.44567e-06 -0.000229359 7.32233e-05 -2.64394e-05 9.6467e-06 9.5365e-06 8.76926e-05 1.65145e-06 5.04458e-06 -1.72513e-06 9.62048e-05 9.94039e-06 4.00194e-06 1.34313e-05 -2.25236e-05 -1.23382e-05 -7.41994e-07 -1.48277e-05 6.49275e-06 -7.80449e-06 -1.4738e-05 -4.3573e-05 1.87288e-05 4.43051e-05 -4.25573e-06 -9.97046e-06 0.000177104 0.000213511 -7.03975e-05 7.75784e-06 -0.00015372 -1.15614e-06 -1.586e-07 -1.05909e-09 -1.08844e-07 -1.42435e-05 1.84555e-05 -2.12709e-05 3.28141e-05 -6.94126e-05 4.88646e-06 -6.03848e-05 -3.79036e-05 2.14655e-05 -0.000445052 -7.41824e-06 -1.0606e-06 1.54852e-07 -4.99174e-06 0.000150265 -2.73731e-05 -1.13629e-05 -2.28381e-05 -2.08066e-06 1.08124e-06 1.21496e-05 -0.000151101 -3.70099e-06 -1.14062e-05 1.34501e-06 3.88815e-06 -3.42722e-06 6.94464e-05 -0.000172537 -2.88622e-05 -7.46711e-05 -2.08073e-05 -7.42546e-05 -0.000233495 -1.02833e-05 -1.22382e-07 -1.04376e-05 -8.79173e-09 1.53117e-06 3.78526e-05 
1.38728e-05 2.65448e-05 0.000670227 9.46158e-05 5.90586e-07 7.63384e-07 -7.13246e-05 -6.43063e-07 5.36066e-06 7.26078e-06 -0.000555004 -0.000105666 0.00051229 4.49086e-07 0.000214732 -3.44663e-06 -5.84439e-06 4.54944e-06 -1.41871e-05 0.000316353 -0.000245054 8.63887e-06 0.00133824 -0.000325359 7.52733e-05 -4.07906e-07 -0.000369934 -0.000369099 0.000130041 1.04268e-05 -1.51885e-07 -9.97149e-05 1.85848e-07 5.40504e-09 4.31461e-07 -0.000298002 3.15517e-05 7.70705e-07 4.59471e-05 -1.1381e-05 -5.97788e-06 -3.07684e-08 8.23611e-06 -1.12633e-05 1.37113e-05 8.30994e-06 -0.00027263 -2.70538e-05 1.65294e-06 -3.8885e-06 -0.000593822 -4.25866e-05 -0.000672824 0.000105449 -5.58373e-06 -0.000271091 3.44171e-05 1.99046e-05 -1.23581e-09 -1.27005e-07 6.50268e-06 7.55877e-06 0.000112004 4.78759e-05 5.23028e-05 -1.30835e-05 -0.000337804 0.000269506 -2.47886e-05 0.00022327 -5.22891e-06 6.60495e-07 -2.87932e-07 1.77024e-05 -1.95202e-05 -2.31685e-05 8.76493e-06 5.12987e-05 -2.13543e-06 9.29485e-09 -2.2339e-06 0.00026068 0.000346388 -7.66757e-06 1.55394e-05 -8.25073e-07 -0.000224452 -9.7431e-06 -6.33749e-06 -5.22852e-05 0.000765955 -2.61934e-05 -0.000345528 0.000131324 -0.00013419 4.49683e-05 -0.000451951 -1.02587e-08 2.34141e-06 4.08199e-06 
-0.00225375 -0.00692173 -0.112707 0.0365014 -2.25809e-05 0.000211668 -0.0786632 -0.000225269 -0.000133486 0.00241208 0.139417 0.00585806 -0.0518452 -0.000114112 -0.000121325 -0.00378429 0.00436168 0.00210342 -0.00648182 -0.0539438 0.149962 0.000223035 -0.000325359 0.230786 -0.000268385 -4.10255e-05 0.153162 -0.111492 -0.00870141 -0.00411105 -6.36119e-06 -0.0245633 -0.000121072 0.000417337 -0.000197971 0.157656 -0.000191346 -9.06895e-05 -0.000655249 -0.0133525 -0.0174674 -0.000352456 -0.00203689 -0.000688637 0.00153332 -0.00724747 -0.0668346 -0.00618556 -0.00174834 -0.00159204 0.0870177 0.00799767 0.101818 -0.0222484 -0.00191574 0.170205 -0.000516863 -0.00106395 -2.99946e-07 -2.18181e-05 0.00956668 0.000598862 -0.00550971 0.038027 -0.0151744 0.00348846 -0.152182 -0.0125622 0.0075141 0.00502227 0.000306819 -0.000326603 -0.000100843 0.00282708 -0.0470529 0.000352747 -0.00352153 -0.00566268 -0.000801741 -0.00047146 -3.99396e-05 -0.0718673 -0.0123225 -0.00229924 -0.00010338 -0.00020504 -0.0918849 -0.00925365 -0.0450805 0.0019931 -0.0216775 -0.00492672 0.0145325 -0.16997 -0.0272787 -3.85118e-05 -0.0265577 3.10005e-06 3.29166e-05 0.00221503 
-5.02679e-06 -3.25071e-05 0.00040431 -1.59932e-05 2.88227e-06 -1.67702e-07 -0.00064604 1.38717e-08 9.65574e-07 -1.22309e-05 -0.000750149 -0.000210582 5.67383e-05 -3.25413e-08 7.16255e-05 1.27828e-05 -1.68436e-05 4.75306e-05 3.42335e-06 -0.000115952 -0.000260201 -1.65901e-06 7.52733e-05 -0.000268385 0.00214627 -1.48294e-07 -0.000511888 0.000170206 1.51406e-05 -1.35974e-05 7.45096e-07 -0.000108964 -9.85781e-07 -7.25533e-07 -9.5328e-07 -0.000440064 2.52152e-05 2.72864e-05 1.04766e-05 -3.68172e-05 -4.68409e-05 -1.84502e-06 -2.04289e-07 0.000153032 -4.50897e-06 -1.24448e-05 -0.00035123 7.12677e-05 2.00881e-05 1.15258e-05 -0.000579752 -9.37623e-05 -0.00101966 -5.22617e-05 -4.07157e-06 -0.000296423 5.61735e-06 8.6988e-06 -1.98361e-09 -1.37191e-07 2.26908e-05 -1.32665e-06 0.000265228 8.98512e-05 4.17328e-05 -3.36388e-05 0.000330942 0.000583329 -3.70874e-05 0.00047238 0.000174571 -1.32309e-06 -7.29681e-07 -1.52516e-05 -0.000445612 -1.22432e-05 8.66906e-06 -1.30384e-05 6.26273e-05 -5.00034e-08 7.28386e-05 0.000546288 0.000197137 1.44408e-05 1.71806e-06 6.62655e-06 -0.000167953 -6.79526e-05 -1.61552e-05 -7.93539e-05 0.000128226 5.3672e-05 -0.000206812 0.000331688 0.000230748 4.69375e-05 4.72262e-06 4.39089e-07 -4.40966e-06 -1.26263e-05 
3.48298e-05 -1.39752e-05 -9.47514e-05 -0.000219457 4.55813e-07 -2.30344e-07 -8.56673e-06 1.52223e-06 7.09475e-06 -1.06918e-06 1.37536e-05 -0.000112115 -4.42715e-05 1.50142e-05 3.31253e-07 -3.7992e-06 1.38788e-06 9.92254e-06 2.09212e-05 1.55324e-05 6.55965e-06 1.44567e-06 -4.07906e-07 -4.10255e-05 -1.48294e-07 0.000337453 3.12855e-05 -0.000141884 -8.37259e-06 7.53928e-05 -3.82613e-08 -2.06604e-05 -6.58217e-08 8.53269e-07 -2.51533e-07 -6.14391e-06 1.74347e-06 -1.13741e-07 -3.09849e-06 0.000178212 0.00016659 -4.05547e-07 0.000103923 1.40638e-05 2.82219e-07 0.000131916 0.0001678 -6.49051e-07 -1.29685e-06 -1.65903e-06 3.94448e-05 0.000127866 7.73758e-05 -1.29439e-05 -3.21097e-07 -3.47496e-05 -8.23079e-07 2.80469e-07 -3.11311e-10 1.12451e-07 -4.87644e-06 1.47418e-06 -6.3732e-06 -1.87527e-05 -2.12884e-05 -0.000142402 -0.000113054 -9.88205e-06 -4.91403e-06 -0.000226422 -1.312e-05 1.00734e-07 8.41038e-07 -4.26789e-07 -6.73706e-05 -6.32291e-07 -1.65617e-06 1.10939e-06 5.67877e-06 2.26273e-06 8.10286e-07 -8.57035e-05 -1.15294e-05 -2.93705e-06 2.18821e-08 -5.23728e-08 -4.59882e-05 0.000165921 -0.000170784 0.000101939 -3.3367e-05 1.94268e-05 -6.15908e-05 -0.000126248 -5.65816e-05 -3.59734e-08 0.000117912 -2.58426e-09 1.26629e-07 -1.70599e-06 
-0.00214102 -0.0181877 -0.0781172 0.00985982 -2.2479e-05 -0.000279332 -0.0795205 -0.000470201 -4.46715e-06 -0.00265794 0.157363 0.00631618 -0.0548454 -0.000133705 0.000404343 -0.00341544 0.00424549 -0.000399202 -0.00438939 -0.0539477 0.111137 -0.000229359 -0.000369934 0.153162 -0.000511888 3.12855e-05 0.245989 -0.112517 -0.0104187 -0.00375827 -4.13794e-06 -0.0333371 -0.000134473 8.04937e-05 -0.000532019 0.183265 0.000473914 -0.000109187 0.00348952 -0.00116696 -0.00410123 0.000200662 6.01048e-05 -0.00409325 -0.0029127 -0.0015433 -0.0617346 0.00743169 -0.00138538 0.000969385 0.121796 0.00410739 0.134582 -0.0259269 -0.00230975 0.143999 -0.00049851 -0.00166113 -3.13813e-07 -2.75861e-05 0.000329498 0.000180303 -0.0073146 0.0191786 -0.0257241 0.00465344 -0.183367 -0.0107173 0.00315972 0.0219628 -0.0205576 -0.000496129 -8.16249e-05 -0.00201747 -0.0150657 -0.00970943 -0.00400745 -0.00222364 -0.0010114 -0.000129138 -0.0016576 -0.11276 -0.0145153 -0.00468306 -0.000180289 -0.000261931 -0.10708 -0.00123631 -0.0318191 -0.00701145 -0.0320386 -0.00138498 0.025722 -0.149191 -0.0432463 -4.55117e-05 -0.00836499 -1.1318e-06 9.23208e-05 0.00147372 
-0.0035704 0.00289933 0.0716278 0.00195716 -3.24318e-05 -0.000392371 0.0624993 -0.000413446 -0.000214705 -0.00232132 -0.100929 0.010591 0.0485477 -0.000117933 -0.00256132 0.00157568 -0.00410804 -0.00131146 0.00702336 0.0218423 -0.0993316 7.32233e-05 -0.000369099 -0.111492 0.000170206 -0.000141884 -0.112517 0.242119 0.00689275 -0.00381736 -1.75648e-06 0.00821165 -8.77083e-05 -0.000490115 -3.98496e-05 -0.106569 -0.00141196 7.4027e-05 -0.00196187 -0.0187315 -0.0217959 -0.000138662 -0.00956706 0.00234905 -0.00290778 -0.0121645 0.00639936 0.0017485 0.00124794 -0.00112867 -0.0832437 -0.0362431 -0.0771476 0.0111712 -0.000873776 -0.0946641 -0.000783518 0.00101078 1.25752e-08 3.47751e-05 -0.0100434 -0.000261048 -0.00386085 -0.0422157 0.0140705 0.014981 0.115394 0.0090742 -0.0102195 0.0472575 -0.00358617 -0.000628594 -9.90827e-05 -0.00376064 0.00250311 -0.00509238 -0.00442951 -0.0150212 -0.000117638 -0.000567444 -0.000241595 0.061422 0.00672122 0.00290344 -0.000399235 8.77132e-05 0.0891823 -0.0249379 0.0281741 -0.0133116 0.00762849 -0.00495935 -0.00600737 0.126846 0.0227279 -5.85881e-05 0.00637692 -3.20739e-06 -0.000259338 -0.00174167 
-0.000153207 -0.000466269 0.0153701 0.00300107 -1.61383e-06 7.12198e-05 0.00820262 -2.8417e-05 -8.63248e-06 0.000392744 -0.0137926 0.000436806 0.017918 -6.2458e-06 0.000140156 -0.000239874 -0.000198458 -0.000124306 -0.000552863 0.0132768 -0.00689374 -2.64394e-05 0.000130041 -0.00870141 1.51406e-05 -8.37259e-06 -0.0104187 0.00689275 0.0241876 -0.000303246 -2.78904e-06 -0.00211585 -6.71184e-06 -9.61732e-06 -1.38807e-05 -0.0112237 -1.03018e-05 -5.3494e-07 -0.000255668 -0.000998421 -0.00124703 -2.95743e-05 -0.000383369 -0.000410179 4.17361e-05 -0.000555138 -0.00554965 -0.000877574 5.10905e-05 -0.000120774 -0.014451 -0.00202247 -0.0158543 -0.000889203 -0.000108221 -0.00726491 0.000121696 0.00116952 -2.28737e-08 6.81591e-06 -4.91886e-05 -1.45281e-05 -0.000433847 -0.00280917 0.000200196 0.000492366 -0.00609089 -0.000433147 -4.07737e-05 0.00674625 -0.00178827 -2.49298e-05 -5.56976e-06 -0.000130773 0.0103062 -9.48361e-05 -0.000234076 -0.000754679 -6.26101e-05 -3.29946e-05 6.20556e-05 -0.0021499 0.0170387 0.00017266 1.19477e-05 3.73394e-05 0.000475705 -0.00132072 0.00213518 -0.000907165 0.0174837 -0.000565728 -0.0147893 0.00754236 -0.00432279 2.66902e-05 -0.0108204 5.45653e-08 0.000207349 -0.000163064 
0.00235804 -0.000324787 -0.00459014 -0.00820935 1.07851e-05 0.000134668 -0.00504905 0.00024905 0.000191196 -0.000107591 -0.00434296 -0.00594891 -0.00136898 0.00014528 -7.29805e-05 -0.000137488 -8.47855e-05 9.28624e-05 0.00112628 -8.17265e-05 -0.00363798 9.6467e-06 1.04268e-05 -0.00411105 -1.35974e-05 7.53928e-05 -0.00375827 -0.00381736 -0.000303246 0.0160163 8.11015e-06 0.000746172 -3.58417e-06 6.21679e-05 -1.67996e-06 -0.000909898 0.000825169 2.41363e-05 2.28379e-05 0.00850446 0.00796588 1.66284e-06 0.00573504 0.00147774 0.00153323 0.00777944 0.00549899 -0.000406485 0.000659425 1.00514e-05 -0.00182389 0.00800042 -0.00392315 0.00237335 0.000179402 -0.00464127 1.49449e-06 -6.35819e-05 3.73874e-07 -9.54226e-07 0.00111094 -1.64742e-05 -0.000126693 -0.00136284 -0.000872631 -0.00936214 0.000133348 -0.000151561 0.00143935 -0.00695045 -0.00043961 -4.56498e-06 -1.7893e-07 -9.17242e-05 -0.00191157 0.00143493 0.00236326 0.00364323 0.000101695 -2.05398e-05 0.00149694 -0.000475556 -0.000500236 -9.30637e-05 8.13603e-05 2.95798e-05 -0.0022242 0.00898181 -0.00668772 0.00150323 -0.00157809 0.000733003 -0.00278716 -0.00549896 -0.00294634 -1.15728e-06 0.00650846 8.64679e-08 0.000448541 -1.0532e-06 
-6.06384e-07 -3.02471e-06 -2.33598e-05 -1.75856e-06 -7.37495e-09 1.4488e-07 -5.4635e-05 -1.38036e-07 2.46089e-07 -4.62975e-07 -3.08485e-06 -1.63998e-05 8.72054e-06 -3.62601e-08 -5.56664e-07 2.5168e-06 2.53753e-06 1.21879e-05 9.06856e-06 -1.57605e-05 -1.46479e-05 9.5365e-06 -1.51885e-07 -6.36119e-06 7.45096e-07 -3.82613e-08 -4.13794e-06 -1.75648e-06 -2.78904e-06 8.11015e-06 0.000113332 5.20437e-06 8.13863e-08 1.01659e-06 -1.70265e-07 1.8086e-05 6.62768e-07 -3.81908e-08 1.93289e-05 -2.2592e-06 -3.64835e-06 -1.06649e-07 1.63072e-06 1.13068e-05 -9.1344e-07 3.48141e-08 -2.0835e-05 1.06062e-05 1.14858e-05 -4.16985e-07 -7.90039e-06 -2.16531e-06 -1.88786e-06 -5.56645e-06 1.24401e-06 -6.00443e-06 -1.95424e-07 2.85814e-07 -1.04529e-10 -1.07425e-08 1.39289e-06 -1.95209e-07 1.38944e-06 1.72232e-05 1.45853e-05 -1.08916e-05 -7.77287e-06 -1.93099e-06 -8.63209e-07 -1.94932e-05 -6.18821e-06 9.9191e-08 -3.84515e-08 -4.66909e-07 3.95663e-05 -2.29748e-06 -9.94378e-07 4.32584e-06 1.54259e-06 4.67939e-07 -5.22585e-07 3.4584e-08 -2.04898e-06 -7.97367e-07 -8.21911e-08 -7.35467e-08 4.22269e-06 -6.26764e-07 -1.8029e-05 -3.55e-06 -9.8925e-06 -1.08841e-06 -1.02548e-05 -1.19721e-05 1.33424e-05 -1.20787e-08 -3.69064e-05 -8.67715e-10 5.92151e-07 1.9181e-06 
0.000513924 -0.00327261 -0.0225807 0.000693858 -4.56959e-06 -5.40746e-05 0.00148152 0.000590186 -2.44565e-05 -0.000678802 -0.000427199 -0.00190168 -0.00280874 5.91434e-06 -0.000213162 -8.15232e-05 -0.000668238 -0.000482966 0.00106239 0.00923598 -0.0191058 8.76926e-05 -9.97149e-05 -0.0245633 -0.000108964 -2.06604e-05 -0.0333371 0.00821165 -0.00211585 0.000746172 5.20437e-06 0.0796835 7.15343e-06 -0.000111627 -6.72721e-05 -0.0392995 -0.000227991 -2.8795e-05 -0.000894427 -0.000570123 0.00446011 -8.72937e-05 -0.00104092 -0.00169967 -0.000773073 -0.000512981 0.00203993 0.000251911 -4.37158e-05 -2.96554e-06 -0.0220772 0.0081463 0.00864635 -0.00118573 0.00132032 -0.0249335 -8.52493e-05 -0.000250927 -8.05154e-08 -6.77465e-06 -0.00138185 -0.000116164 0.000296434 0.0126584 -0.00292704 0.0002629 0.0393562 0.00119386 -0.000398805 -0.0518241 -0.00548987 -3.79621e-05 3.0042e-06 -0.000557748 0.0373661 -0.000375874 0.00181254 -0.00167713 -9.20008e-05 0.00010916 -0.000304087 -0.0114968 -0.00250524 -0.00110099 -3.81871e-05 -1.99286e-05 0.000574715 0.00129831 0.00722134 -0.00249232 -0.00853621 -0.00157352 -0.00875957 0.0234924 0.0360096 -8.57056e-06 0.0199964 -6.57264e-07 -0.000132348 -0.000544549 
-1.44566e-06 -1.0919e-05 0.000187882 -1.85613e-05 -1.87097e-08 -3.12736e-07 2.30281e-05 7.52959e-07 4.71441e-09 1.21972e-06 -0.000119945 -6.52277e-06 -2.39404e-05 -1.46619e-07 4.94863e-06 4.72198e-06 -2.11159e-06 7.11206e-06 3.82105e-06 1.51862e-05 -0.000122088 1.65145e-06 1.85848e-07 -0.000121072 -9.85781e-07 -6.58217e-08 -0.000134473 -8.77083e-05 -6.71184e-06 -3.58417e-06 8.13863e-08 7.15343e-06 0.000458101 -6.5178e-07 -2.18032e-08 -7.62191e-05 -1.00371e-06 7.0113e-07 7.10804e-06 -7.87101e-06 -1.50866e-05 3.74461e-06 -6.32855e-06 -7.11518e-06 1.75672e-06 -5.30669e-06 -2.57054e-05 -7.9176e-06 -3.71258e-08 4.19264e-06 -4.55158e-05 1.08147e-05 -0.000137675 9.68677e-05 -4.73298e-07 -0.000106345 1.36969e-06 8.31475e-09 -4.22665e-10 3.43401e-08 -4.87378e-06 9.43999e-07 -2.45924e-06 -1.05289e-05 -3.68085e-06 -3.14495e-06 0.000128323 6.732e-06 9.40412e-07 -2.10546e-05 4.93246e-05 -2.3178e-07 -1.55479e-07 5.34004e-06 3.46158e-05 5.87865e-06 2.51575e-05 4.47618e-05 1.83128e-05 6.09485e-07 -5.79751e-07 5.43751e-05 1.26356e-05 2.01115e-05 -1.01195e-08 -2.97388e-07 -2.11634e-05 -1.65549e-05 2.12996e-05 -8.15553e-06 1.32201e-05 5.67511e-05 -3.79215e-05 -2.92375e-07 -4.10462e-05 4.00482e-08 -7.05101e-05 -3.50863e-09 -9.2064e-07 5.6485e-06 
