4.08206e-05 -2.10458e-07 -1.54705e-05 -4.49361e-07 -1.23324e-08 -7.11191e-08 -1.65763e-05 4.63509e-07 2.97861e-07 -6.00495e-09 -6.78647e-09 -1.82747e-09 -1.54385e-08 1.09071e-06 1.60097e-06 -9.77948e-06 4.3034e-06 -6.84861e-09 -6.29089e-08 -1.91468e-07 -1.7574e-08 7.87863e-06 -1.95262e-08 -3.52386e-09 4.93643e-07 -4.79706e-09 -3.69881e-06 -4.74937e-06 -4.00023e-08 -5.43988e-06 9.69456e-06 7.17095e-06 -1.86258e-08 3.53312e-07 9.5575e-07 -7.46532e-07 2.51251e-06 4.03946e-08 3.87598e-09 -2.40994e-09 3.97856e-07 -1.86558e-08 -1.60849e-06 -1.78997e-06 -3.33822e-07 3.75634e-07 -1.0716e-06 -6.76126e-06 -2.47519e-09 4.45927e-07 -2.16312e-09 5.23546e-07 4.72082e-06 -7.56965e-07 -1.84949e-07 -1.16634e-08 -9.48482e-09 -2.17764e-09 -2.75278e-09 4.09121e-07 -1.32156e-06 3.16595e-06 1.5464e-07 4.53657e-06 1.28833e-06 4.73103e-06 -6.00858e-09 4.26905e-08 -5.23885e-09 9.45581e-06 -1.87403e-06 -3.36634e-08 -3.12322e-08 -2.84255e-07 -9.16414e-09 -5.81436e-08 -3.95849e-08 -3.24475e-08 4.24432e-07 4.9413e-08 3.14611e-07 3.89959e-07 -1.27728e-09 -6.09839e-09 -1.86748e-07 -1.13346e-05 -1.97982e-05 -1.60318e-08 -5.42028e-10 -3.10079e-07 -4.3916e-06 1.36302e-07 1.94659e-07 9.85925e-08 -7.08324e-07 -1.80981e-08 -9.69165e-09 -4.07762e-07 -1.53468e-06 3.04089e-06 
-2.10458e-07 0.00512889 0.000282925 2.73277e-05 -6.79689e-07 7.66741e-06 2.97038e-05 4.58971e-06 -4.00209e-06 -5.47258e-07 5.40434e-08 -2.30793e-07 -1.02752e-06 1.14344e-06 -6.99182e-06 -0.000126469 -0.000214476 -3.31582e-07 -5.93369e-06 -1.48472e-05 -1.95276e-06 -0.00087134 -2.35486e-06 -3.56142e-07 1.89964e-05 -6.05825e-07 2.81044e-05 1.97017e-06 4.21113e-06 -0.000292706 -0.000323803 -4.69012e-06 -1.46338e-06 -0.00012678 -8.93058e-07 9.03102e-07 -0.00051834 9.34087e-06 -3.75998e-06 -1.9137e-05 -2.70777e-07 -2.34494e-06 -4.19098e-05 -0.000259305 -4.06618e-05 -2.58835e-06 -4.28844e-05 -0.00128149 -7.92598e-08 -0.00028214 9.93484e-07 1.64193e-05 -9.53299e-05 -9.26791e-05 -4.80079e-06 -1.30631e-06 -1.18673e-06 -1.1946e-07 -3.4765e-07 -2.85782e-06 1.18595e-05 -0.000534736 -1.15597e-07 4.52435e-06 -2.14858e-05 -0.000346265 5.07839e-07 0.000112661 -6.61618e-07 -9.26448e-05 -0.000203006 -2.61804e-06 -1.611e-06 -7.55427e-06 -1.15734e-06 -2.67814e-06 -4.71031e-06 -0.000149717 -4.71834e-05 -7.51515e-06 -6.7516e-05 -1.52423e-05 -1.61309e-07 -8.12805e-08 -2.05068e-05 0.000195255 0.000394068 -2.23797e-06 -6.84531e-08 2.49543e-06 3.02984e-06 -1.02834e-06 -1.81836e-05 -4.15355e-07 -5.1082e-06 1.39874e-05 1.05381e-06 -5.13654e-05 -3.11628e-05 3.02918e-05 
-1.54705e-05 0.000282925 0.19008 -0.00626737 -0.000182744 -0.000571 0.0873724 0.000107963 0.000130681 -0.000107258 -6.48165e-05 -2.44416e-05 -0.000211936 -0.00231901 0.000281257 0.0751988 -0.0488816 -5.37836e-05 1.43851e-05 0.000715158 5.99808e-05 -0.083089 -0.000166892 -4.81027e-05 -0.00235443 -3.55206e-05 -0.00247267 0.00425132 -0.000375704 0.016079 -0.0298734 -0.00573435 -8.30654e-05 -0.0172306 -0.000251228 0.000599464 -0.0362867 -0.000200283 -0.000489341 -0.00233786 2.42663e-06 -0.000321634 -0.00448752 -0.052384 -0.00011889 5.40344e-05 0.00491765 0.000582527 -3.40589e-05 -0.00906645 -5.59871e-06 -0.00351415 -0.0102718 -0.00352095 -0.000433255 -0.000106394 7.56423e-06 -1.61413e-05 -4.85012e-05 -0.000352227 -0.00022264 -0.062533 -1.38553e-05 -0.00276337 -0.00700929 -0.0820398 -3.80687e-05 -0.0139497 7.0858e-06 -0.0909505 -0.00214219 -0.000272031 -0.000292386 -0.00238183 -1.01851e-05 -0.00173181 0.000138378 0.00754456 -0.00325013 0.000213422 0.00198397 -0.000331313 1.55203e-06 -1.71405e-05 -0.00124958 0.0292157 0.11068 -0.00231791 -9.27799e-06 -0.000326734 0.0114936 -7.56489e-05 -0.000375976 0.00164514 0.000262267 0.000310473 -2.94205e-05 -0.00693051 0.00526548 0.0561754 
-4.49361e-07 2.73277e-05 -0.00626737 0.0108866 1.87523e-05 -1.73474e-05 -0.0049108 -2.07465e-05 7.55698e-06 3.79474e-05 4.73669e-06 3.085e-06 -3.49634e-06 0.000859208 -1.05732e-05 -0.00596676 0.00403901 1.14216e-06 4.04255e-05 -7.8516e-06 -1.72772e-06 0.0023902 1.98792e-05 3.39423e-06 0.00114374 1.39801e-07 -0.000645662 -0.00280771 4.42222e-05 -0.00123199 -0.000972653 -0.000110774 4.7442e-06 -0.000303493 3.18712e-05 -0.000189228 -0.000348978 2.0323e-05 4.2909e-05 7.68272e-05 3.99627e-07 5.74917e-05 -0.000445801 0.00394213 -9.1867e-05 -1.03707e-06 -0.000336682 -0.00296227 -6.67436e-07 -0.000259533 -5.0551e-07 -8.67079e-05 0.000737103 0.000247848 -5.07885e-05 2.5755e-05 -3.13144e-07 -5.20535e-07 7.02156e-07 -3.30672e-06 -8.27912e-05 0.00613027 -2.46818e-07 0.000342903 0.0021318 0.00539602 5.17978e-06 0.00148752 3.42895e-07 0.0048514 -0.00044309 3.50115e-05 -2.13289e-06 -1.08495e-05 -1.93778e-06 6.29815e-05 -4.44075e-06 -0.000400928 0.000328896 -1.14202e-05 -9.91619e-05 4.55373e-05 2.88913e-07 6.54445e-06 -3.30901e-05 -0.00418993 -0.00278097 -2.27359e-05 -3.50473e-08 5.20869e-05 -0.00608386 4.59321e-06 7.70262e-05 -0.000356381 -6.46784e-05 -8.1001e-05 -2.13558e-06 -0.000112944 -2.40578e-05 -0.00280743 
-1.23324e-08 -6.79689e-07 -0.000182744 1.87523e-05 0.000302009 2.06479e-06 -2.38705e-06 8.3438e-07 5.20416e-06 5.55611e-08 -5.02224e-08 -1.3524e-08 1.97464e-06 4.98897e-06 1.48827e-05 -3.81857e-05 3.51079e-06 -5.06823e-08 -1.32216e-07 5.59418e-06 1.1255e-06 1.60607e-05 1.5555e-06 -2.60779e-08 3.12899e-07 6.97833e-07 6.3855e-07 -2.80163e-05 -5.64955e-07 -3.22386e-06 -1.14396e-05 5.85818e-06 -1.26727e-07 9.60416e-09 -1.29683e-07 -5.49664e-05 3.90776e-05 3.32248e-07 3.17551e-07 6.73205e-07 -4.75585e-09 2.7175e-06 -1.3088e-05 -7.43369e-06 2.72514e-06 6.55301e-06 3.52317e-05 1.83188e-05 6.48349e-07 2.54233e-05 3.50659e-07 3.34103e-07 -2.69955e-06 -6.00409e-06 -1.54652e-06 1.91464e-07 -7.01913e-08 -1.61154e-08 -2.03716e-08 2.02082e-06 -3.83993e-05 1.2906e-05 -6.77375e-09 8.18614e-06 1.27223e-05 2.78919e-05 7.44423e-07 4.63842e-05 5.61231e-07 -1.31427e-05 4.5387e-05 1.0062e-05 9.10922e-08 2.01409e-05 -4.55959e-08 6.5192e-07 -2.92943e-07 -9.81849e-06 -7.94925e-07 -5.32321e-06 2.90115e-06 6.46782e-06 -9.45237e-09 -6.85939e-10 1.50688e-06 -0.000141482 -0.000112699 3.09324e-05 -4.01122e-09 -1.65026e-06 -2.89131e-05 1.50852e-07 4.9715e-06 -1.24816e-06 -9.9927e-06 -1.98517e-06 -7.17219e-08 -1.85542e-06 -7.39285e-06 -2.49448e-05 
-7.11191e-08 7.66741e-06 -0.000571 -1.73474e-05 2.06479e-06 0.00228131 -0.000538759 3.49998e-06 -1.20229e-07 1.96984e-07 9.97654e-07 1.08751e-07 3.68592e-07 -3.51089e-06 -3.23544e-06 -0.0013277 -0.000126499 2.52386e-05 2.31906e-07 -1.048e-05 3.78696e-08 0.000521771 -9.15922e-07 3.34707e-06 5.08751e-07 -2.68693e-07 0.000104093 -8.25828e-05 -6.63894e-07 -1.81429e-05 0.000394166 0.000531167 -4.5438e-07 -4.75068e-05 3.26884e-05 1.01872e-05 -0.000175384 1.17397e-05 -2.7169e-06 2.08739e-05 -1.20094e-07 -5.00501e-07 -8.66195e-05 0.000142989 -1.81204e-05 7.96381e-08 -8.66318e-05 -0.000161674 4.39138e-07 -5.08812e-05 5.01061e-07 -1.34524e-05 6.29451e-05 -3.46891e-05 -1.02607e-05 1.69116e-06 -5.34855e-08 3.76692e-06 -1.54189e-07 -9.00638e-07 -3.86902e-05 -4.40818e-05 1.22651e-06 0.000108768 -1.20367e-05 0.000317492 -3.25441e-07 -1.24173e-05 -1.93438e-07 0.000292985 -9.19572e-05 1.13667e-06 -1.53826e-06 -5.48833e-06 -5.13301e-07 5.52094e-05 -1.33945e-06 -7.67361e-05 0.000275918 -8.87834e-07 -2.04359e-05 -5.02101e-06 -7.15431e-08 -3.41583e-07 -9.08235e-06 -0.000697509 -0.000530451 2.89117e-05 4.14084e-07 5.09852e-06 3.01024e-05 -1.33865e-07 -8.41295e-06 -0.000185422 -5.08806e-06 -4.87313e-06 1.4016e-06 -1.90188e-05 0.000282137 -0.000401985 
-1.65763e-05 2.97038e-05 0.0873724 -0.0049108 -2.38705e-06 -0.000538759 0.125401 -0.000149703 -1.80402e-05 -0.000118308 -5.75264e-05 -2.87409e-05 -9.83676e-05 -0.00261566 -0.000351354 0.0701113 -0.0532828 -0.00010018 -7.93337e-05 0.000528459 -7.99216e-05 -0.0519718 -0.000191091 -3.96983e-05 -0.00245143 -9.2131e-06 0.00104161 0.00519498 -0.000370454 0.0116582 -0.010337 -0.00289092 -0.0003228 0.000711594 -0.000217236 0.000441541 -0.0206344 -0.000264545 -0.000327441 -0.00229256 1.24373e-06 -0.000387281 0.000403585 -0.0518627 0.00100464 -0.000125104 0.00312838 0.0436846 -1.50194e-05 -0.00315369 6.79011e-06 -0.00254413 -0.0117104 -0.00171685 -0.00129367 -9.93853e-05 -3.8631e-05 -1.61354e-05 -5.67197e-05 -0.00011908 0.00327038 -0.0682707 -1.3637e-05 -0.00299606 -0.00813475 -0.0839939 8.72169e-07 -0.0159193 -9.66999e-05 -0.0897537 0.000507256 6.55491e-06 -0.000158245 -0.00107396 1.47586e-05 -0.0016177 -1.13099e-06 0.00122025 -0.00210976 -5.44301e-05 0.00105939 -0.00132339 -1.22232e-06 1.26623e-05 -0.00182213 0.0211522 0.0695493 -0.000651503 -1.01591e-05 0.000552996 0.0133307 -0.000154798 -0.00124068 0.00172811 0.000182677 0.000847748 -5.26639e-05 -0.00836164 0.0056476 0.0459165 
4.63509e-07 4.58971e-06 0.000107963 -2.07465e-05 8.3438e-07 3.49998e-06 -0.000149703 0.0019787 6.43846e-07 -3.60898e-08 -2.96268e-07 2.82236e-06 4.39079e-07 -1.17135e-06 -1.75873e-06 -0.000299949 -8.233e-05 -3.3262e-07 -1.02199e-06 6.22312e-06 1.33537e-06 -0.000474805 9.07218e-07 -1.71145e-07 1.61363e-05 -2.32981e-07 -2.76651e-05 -2.42041e-05 -6.59922e-07 -0.000216257 -7.15598e-05 1.31639e-05 1.9539e-07 -5.57963e-05 -1.03652e-06 -1.97948e-05 -0.000200928 2.56526e-05 5.62339e-06 2.3202e-06 -1.04132e-07 3.31616e-06 -5.45624e-05 -7.49445e-05 -1.38081e-05 3.51659e-06 -7.78148e-05 -0.000623597 -1.20214e-07 -7.57798e-05 -1.05058e-07 2.30847e-05 3.63925e-05 -1.74699e-05 3.981e-05 -5.6646e-07 5.06013e-07 1.60904e-07 5.07742e-06 2.05739e-06 1.36542e-05 4.36595e-05 -4.4455e-08 -1.54346e-06 2.70457e-06 0.000124563 1.30401e-07 -9.24244e-06 4.19001e-06 4.81446e-05 -6.92727e-05 -9.46057e-07 -6.50202e-07 -5.40554e-06 7.32699e-07 1.18398e-05 7.99685e-07 -2.85365e-05 -1.5056e-05 2.22209e-06 -1.26237e-05 -4.83268e-06 1.60188e-07 -2.96183e-07 5.36345e-06 7.458e-06 0.000299464 -4.70354e-06 2.40342e-07 9.73559e-07 -9.14288e-06 2.6753e-08 -6.02997e-06 -1.28005e-05 -6.04091e-06 -1.04618e-05 -4.70699e-07 -1.83844e-05 -5.61046e-05 1.01534e-05 
2.97861e-07 -4.00209e-06 0.000130681 7.55698e-06 5.20416e-06 -1.20229e-07 -1.80402e-05 6.43846e-07 0.0008682 7.72177e-07 6.11097e-07 -3.89002e-08 -3.28629e-07 2.48627e-06 5.9273e-05 -4.67208e-05 8.40087e-06 1.50977e-06 1.21942e-05 9.90213e-06 1.53259e-05 -0.000232743 3.01769e-06 -7.50102e-08 2.90904e-06 -1.02112e-07 -0.00030193 -0.000124714 2.88564e-05 -8.5884e-05 -2.02025e-05 -1.00933e-05 2.00257e-05 -1.25501e-05 5.31102e-07 -0.000163679 -4.81682e-05 3.58839e-06 1.6666e-06 -3.80538e-06 7.1988e-06 -9.71127e-08 -2.09215e-05 -5.54108e-05 -1.47569e-06 6.21258e-05 -3.26585e-05 4.16695e-05 -5.26877e-08 0.000116749 -4.6045e-08 -5.75142e-06 -4.74614e-06 -1.67051e-05 8.92018e-06 -3.71591e-08 8.43144e-06 7.9809e-07 1.80807e-06 1.41794e-06 -0.000169701 0.000113207 2.24961e-07 -3.2635e-07 4.64862e-05 4.89348e-05 -1.27901e-07 8.24188e-05 1.21663e-05 -9.13223e-05 2.86865e-05 5.6539e-05 2.01848e-07 1.86715e-05 -1.95071e-07 2.38294e-06 3.84627e-06 8.30195e-05 1.48645e-06 9.74045e-07 -1.61133e-05 3.7102e-05 6.14468e-09 3.81299e-07 1.18582e-05 -0.000139 -0.000143218 3.01524e-07 -1.15378e-08 -3.56712e-06 -0.000149622 8.56001e-06 5.05671e-05 -1.01347e-05 -4.7701e-05 -1.04417e-06 -2.063e-07 -1.03703e-05 -2.73694e-05 -1.96636e-05 
-6.00495e-09 -5.47258e-07 -0.000107258 3.79474e-05 5.55611e-08 1.96984e-07 -0.000118308 -3.60898e-08 7.72177e-07 0.000147078 1.3311e-06 7.82304e-07 -5.56316e-08 3.34305e-05 -2.79089e-08 -0.000100286 9.88493e-05 1.53099e-07 2.3622e-06 -6.8994e-07 1.74778e-06 3.94702e-05 3.77408e-06 -1.2698e-08 3.34832e-05 -1.72859e-08 -2.91059e-05 -6.13365e-05 1.49111e-06 -1.84244e-05 -1.12143e-05 -1.22402e-06 2.36622e-06 -3.98335e-06 1.09512e-07 -3.24219e-05 2.17695e-06 -5.46313e-08 2.0336e-05 4.86622e-06 -7.72602e-09 1.60328e-05 -6.23458e-06 5.15649e-05 -1.24294e-06 -8.78024e-08 -4.70413e-06 -4.83268e-05 -8.91916e-09 -8.96128e-06 -7.79467e-09 9.12438e-07 1.23143e-05 5.48536e-06 9.98337e-08 5.39131e-06 -3.41779e-08 1.43753e-08 2.22341e-06 5.12752e-07 -5.5137e-06 7.33435e-05 -3.29831e-09 7.82182e-07 3.90698e-05 0.000119994 1.85613e-06 1.85127e-05 -1.88778e-08 0.0001124 -3.08628e-06 1.75647e-06 -4.58763e-08 1.68682e-06 -3.30223e-08 2.01192e-05 -1.42641e-07 1.29997e-06 -1.26023e-06 -2.19972e-06 1.76898e-05 -9.57057e-07 -4.6026e-09 2.47117e-10 -6.28489e-07 -7.23565e-05 -9.93414e-05 -4.98188e-07 -1.95316e-09 2.60429e-07 -6.78692e-05 -2.93415e-08 1.35547e-07 -2.67447e-05 -2.57655e-06 -1.22632e-06 -3.49232e-08 2.78347e-05 -3.57302e-06 -0.000121302 
-6.78647e-09 5.40434e-08 -6.48165e-05 4.73669e-06 -5.02224e-08 9.97654e-07 -5.75264e-05 -2.96268e-07 6.11097e-07 1.3311e-06 0.000166217 1.44811e-06 3.48239e-07 3.72858e-05 1.1975e-07 -4.80736e-05 5.40992e-05 -2.78903e-08 5.4921e-08 -7.79733e-07 1.20621e-06 7.13436e-06 8.85381e-06 -1.43506e-08 4.15073e-05 -1.95356e-08 -3.53684e-05 -5.69943e-05 2.73066e-06 -7.89782e-06 -4.06679e-06 1.48205e-06 1.25908e-05 1.18698e-05 7.69593e-08 -6.12836e-05 -1.72056e-05 8.56048e-06 2.44784e-05 2.54288e-07 -8.73153e-09 4.8924e-05 -6.93237e-06 4.12599e-05 7.95085e-06 -9.92295e-08 6.25668e-06 -2.93598e-05 1.85659e-06 -3.05837e-06 -8.80911e-09 5.57965e-06 -2.4438e-06 -3.34466e-06 -7.23434e-08 -4.74979e-08 -3.8626e-08 -8.86822e-09 -1.12104e-08 -9.86033e-08 -9.09523e-06 5.6676e-05 -3.72757e-09 1.01144e-06 7.10782e-07 5.8843e-05 2.96442e-06 -4.27774e-06 -2.13347e-08 5.44752e-05 -4.70959e-06 7.40687e-07 -1.2719e-07 1.20179e-07 -3.732e-08 2.466e-05 -1.61205e-07 1.06635e-06 5.01016e-06 -9.35433e-06 4.19889e-05 1.09295e-05 -5.2016e-09 -2.48351e-08 -7.60513e-07 -5.43799e-05 -8.37174e-05 2.33697e-06 -2.20736e-09 1.07057e-06 -5.07626e-05 8.53351e-06 7.17715e-07 -4.29874e-05 -1.41648e-05 -1.38592e-06 -3.94683e-08 -1.83609e-06 -5.2532e-06 -8.86638e-05 
-1.82747e-09 -2.30793e-07 -2.44416e-05 3.085e-06 -1.3524e-08 1.08751e-07 -2.87409e-05 2.82236e-06 -3.89002e-08 7.82304e-07 1.44811e-06 4.47647e-05 -1.69303e-08 1.56992e-05 8.81367e-07 -2.85822e-05 1.8921e-05 -7.51035e-09 4.57546e-06 -2.09968e-07 6.0295e-07 1.65189e-06 4.94525e-06 4.05801e-08 1.51891e-05 -5.26058e-09 -2.49295e-05 -2.37599e-05 -9.69008e-08 -4.4544e-06 -2.99226e-07 1.01301e-06 2.01797e-07 -1.33059e-06 -2.41566e-08 -1.31023e-05 2.52709e-07 2.75004e-06 2.00999e-06 3.30133e-06 6.42093e-07 1.22129e-05 -1.99542e-06 2.00731e-05 -2.67151e-07 -2.67207e-08 -2.04026e-06 -8.38971e-06 8.39676e-09 -2.16967e-06 -2.37214e-09 9.89318e-07 5.22906e-06 -8.38696e-07 -3.24667e-07 -1.27903e-08 3.40432e-08 2.7539e-07 1.80809e-06 2.84559e-07 -4.62981e-06 2.97817e-05 -1.00377e-09 2.71971e-06 7.02418e-06 2.31557e-05 5.37855e-07 -9.98942e-08 -5.74506e-09 2.66578e-05 -1.544e-06 4.74195e-07 -3.425e-08 5.88279e-07 -1.00496e-08 1.45653e-05 3.34368e-07 2.52229e-08 -9.60764e-08 5.41876e-08 1.19921e-05 1.19852e-07 -1.4007e-09 -6.68764e-09 -2.04793e-07 -2.68415e-05 -2.59742e-05 -1.51613e-07 -5.94402e-10 1.01551e-06 -2.67457e-05 -8.92946e-09 1.35045e-06 -1.84808e-05 -9.47962e-08 -2.62093e-07 2.78261e-07 3.46325e-06 -1.90229e-06 -1.72916e-05 
-1.54385e-08 -1.02752e-06 -0.000211936 -3.49634e-06 1.97464e-06 3.68592e-07 -9.83676e-05 4.39079e-07 -3.28629e-07 -5.56316e-08 3.48239e-07 -1.69303e-08 0.000378046 2.83424e-06 -7.36698e-07 -1.10426e-06 3.95664e-05 -4.12253e-08 -4.93917e-07 -1.24048e-06 1.81634e-07 -1.31503e-05 3.07466e-06 -3.26461e-08 3.56666e-06 2.11111e-06 -1.77046e-05 -2.52406e-05 1.85281e-05 -3.52855e-05 2.53799e-05 -2.44509e-06 -1.72555e-07 6.88136e-06 -2.04075e-07 -6.94839e-05 5.5932e-05 1.81767e-07 2.21225e-07 -8.83359e-07 -1.98633e-08 2.38279e-07 -8.50176e-06 -1.20149e-05 3.77759e-08 -1.70181e-07 -1.05361e-05 -5.42362e-05 -2.29309e-08 1.02102e-05 5.7996e-07 8.96069e-07 -1.97763e-06 6.42193e-05 5.51277e-06 3.91947e-07 -8.78701e-08 -2.01743e-08 7.8308e-09 1.03124e-06 -1.66091e-05 8.11132e-06 -8.47984e-09 7.60823e-07 3.04803e-05 2.85997e-05 5.44335e-07 0.000106686 7.02131e-09 5.54334e-05 6.87384e-05 5.548e-07 1.77323e-07 7.65547e-06 6.92879e-07 3.49595e-07 -3.66726e-07 -9.27839e-06 -3.51921e-06 -1.53334e-07 -2.50417e-06 9.28329e-07 -1.18331e-08 -3.4275e-08 9.29213e-06 -0.000121959 -6.69529e-05 1.45081e-05 -5.02151e-09 -1.93933e-06 -2.05189e-05 2.45639e-08 -8.74881e-07 -6.4755e-06 -5.72386e-06 -1.71949e-06 -8.97862e-08 -2.14326e-06 -1.25928e-05 -0.000111774 
1.09071e-06 1.14344e-06 -0.00231901 0.000859208 4.98897e-06 -3.51089e-06 -0.00261566 -1.17135e-06 2.48627e-06 3.34305e-05 3.72858e-05 1.56992e-05 2.83424e-06 0.00348158 1.10868e-05 -0.00218769 0.00258303 -3.7503e-07 0.000196538 -1.41535e-05 2.86259e-06 -0.000540439 0.000134651 4.65075e-07 0.00111363 -4.10559e-07 -0.00220665 -0.00154066 0.00019028 -0.000414975 -0.000208283 8.20248e-05 3.68281e-05 -9.54788e-05 -9.18621e-07 -0.00051491 -0.000271431 1.78247e-05 0.000275577 7.17165e-05 5.49832e-07 0.00038247 -0.000152387 0.000303101 -2.58101e-05 -2.0854e-06 -0.000157731 -0.00119494 5.65938e-07 -0.000216393 -1.85132e-07 -1.66727e-05 0.00125269 0.000779741 -1.88829e-05 3.2129e-06 1.12993e-05 -1.86374e-07 3.16311e-05 2.53887e-06 -0.000556368 0.0026478 -7.83385e-08 8.00178e-05 0.00254748 0.00207708 4.74642e-07 0.00193883 9.18297e-07 0.00262632 -0.00015519 -2.40332e-06 -2.67302e-06 -2.28947e-05 -6.84317e-07 0.000371709 2.38989e-06 -1.09322e-05 1.39561e-06 2.76237e-06 0.000335269 8.33466e-05 2.40166e-08 -5.21933e-07 -7.2607e-06 -0.00274987 -0.00168796 -1.11214e-05 4.64721e-07 0.000147151 -0.00254208 3.74755e-06 -3.70946e-06 -0.000438062 -5.79373e-05 -2.65154e-05 -8.50199e-08 8.76522e-05 -0.000142197 -0.00173935 
1.60097e-06 -6.99182e-06 0.000281257 -1.05732e-05 1.48827e-05 -3.23544e-06 -0.000351354 -1.75873e-06 5.9273e-05 -2.79089e-08 1.1975e-07 8.81367e-07 -7.36698e-07 1.10868e-05 0.00214898 0.00035896 -4.38349e-05 -3.61306e-07 -2.09661e-06 1.10025e-07 1.22729e-05 -0.000718531 4.92097e-07 -1.85905e-07 1.0248e-06 -2.53075e-07 -0.00039461 -0.000147291 1.76687e-06 2.1613e-05 -9.88714e-05 -2.45548e-05 2.27063e-05 -5.89452e-05 8.93437e-07 -8.99275e-05 -0.000183767 2.39891e-05 1.16247e-06 -5.52552e-06 9.15355e-06 4.66024e-06 -7.82395e-05 -0.000153285 -1.53307e-05 8.82701e-05 -7.2741e-05 -0.000628352 5.13863e-07 0.000149896 -1.14118e-07 -5.43236e-06 -1.09483e-05 -3.6524e-05 3.83655e-06 -6.15314e-07 4.66285e-07 7.29561e-07 2.43255e-06 3.73375e-06 -0.000469117 -6.3587e-05 1.96155e-07 2.09699e-05 2.78649e-05 -0.000120826 -2.72545e-07 0.000277617 1.29458e-05 -0.000112033 -6.25334e-05 1.67685e-05 -1.61436e-06 -7.75173e-06 -4.50131e-07 -3.3677e-06 2.43228e-05 0.000295201 -2.18639e-05 1.45128e-06 -6.55089e-06 1.89882e-05 3.54838e-07 8.56051e-07 3.3759e-05 -0.000117505 0.000308903 -4.49374e-06 -2.85953e-08 -1.14808e-05 -0.000225977 1.44926e-05 0.000203261 -9.68753e-06 -7.82473e-05 -1.51095e-05 1.04426e-06 -1.44043e-05 -8.25928e-05 8.87451e-05 
-9.77948e-06 -0.000126469 0.0751988 -0.00596676 -3.81857e-05 -0.0013277 0.0701113 -0.000299949 -4.67208e-05 -0.000100286 -4.80736e-05 -2.85822e-05 -1.10426e-06 -0.00218769 0.00035896 0.210288 -0.0471182 -0.000103916 -9.28776e-06 -0.000155938 -0.000184084 -0.0884666 -0.000232392 -3.62412e-05 -0.00187626 6.12687e-06 0.00475523 0.00575778 -0.000863446 0.028579 -0.00677626 -0.00713683 -0.000300391 0.00152909 -0.00020985 0.00130111 -0.0251767 -0.000214171 -0.000549798 -0.00194196 3.25005e-06 -0.000311371 -0.00841269 -0.0400677 0.0015167 0.000117674 -0.0124517 0.0243951 1.47003e-05 0.0092455 -3.07541e-05 9.37359e-05 -0.0105404 -8.43673e-05 -0.000311868 -0.000135614 -0.000107096 -2.04694e-05 -4.65881e-05 -0.000182803 -0.000944745 -0.0850724 -4.35718e-06 -0.00230672 -0.00643951 -0.0956251 -3.6004e-05 -5.63745e-05 -7.00187e-05 -0.0758968 0.000246642 -0.000427505 -0.000109114 -0.00355237 2.19861e-05 -0.000751032 0.000140372 -0.00575911 -0.00646353 0.000266417 0.00367605 -0.00299334 -4.3524e-07 2.74798e-05 0.000651095 0.0278296 0.0727195 0.000485159 -8.81821e-06 -0.00092742 0.0130188 -0.000136961 -0.000494235 0.00140798 -2.07235e-05 -0.00434624 2.0161e-05 -0.003476 -0.0172005 0.0235734 
4.3034e-06 -0.000214476 -0.0488816 0.00403901 3.51079e-06 -0.000126499 -0.0532828 -8.233e-05 8.40087e-06 9.88493e-05 5.40992e-05 1.8921e-05 3.95664e-05 0.00258303 -4.38349e-05 -0.0471182 0.0640484 3.28834e-05 0.000165498 -0.000249059 0.000110757 0.027378 0.000205224 1.73629e-05 0.0022527 -7.76006e-06 -0.00454748 -0.00557421 0.000747528 -0.00886886 -0.00555301 -0.000485872 0.000248407 -0.00155912 7.17504e-06 -0.000516818 0.0103628 6.64007e-05 0.000384928 0.00107801 -1.91242e-06 0.000398912 -0.00267494 0.031828 -0.000508034 -3.52534e-05 -0.00266544 -0.0202839 -1.85918e-06 -0.00403171 -2.30007e-06 -0.000405002 0.00696995 0.00177739 -0.000216548 3.43491e-05 1.42974e-05 1.10088e-05 5.29731e-05 0.000226195 -0.0012147 0.0497354 -8.53287e-07 0.00183333 0.00845839 0.0548652 4.85429e-06 0.00598781 5.29845e-05 0.0497882 -0.00272643 7.24271e-05 -4.54323e-05 -0.000306768 -7.50676e-06 0.000414822 -3.36608e-05 -0.00146801 0.000165806 2.41641e-05 -0.000825396 0.000783302 -1.25202e-06 -1.02415e-05 -0.000247718 -0.021681 -0.0441085 -0.000209169 2.01025e-08 0.000141377 -0.0114434 0.000105003 0.000200959 -0.000928232 -6.16408e-05 -0.000503263 -1.02844e-05 0.00130496 -0.00275544 -0.0326801 
-6.84861e-09 -3.31582e-07 -5.37836e-05 1.14216e-06 -5.06823e-08 2.52386e-05 -0.00010018 -3.3262e-07 1.50977e-06 1.53099e-07 -2.78903e-08 -7.51035e-09 -4.12253e-08 -3.7503e-07 -3.61306e-07 -0.000103916 3.28834e-05 0.000167739 -2.58536e-07 1.33353e-05 3.24167e-05 1.74393e-05 9.75309e-07 -1.4482e-08 5.12369e-07 -1.97144e-08 -3.98859e-05 -5.53812e-05 2.52147e-05 -2.00118e-05 1.20599e-06 1.89751e-05 1.99901e-05 -3.91984e-06 1.62761e-05 -3.79708e-05 5.75629e-06 5.38214e-06 -1.34609e-07 -3.06233e-08 -8.81148e-09 6.67775e-07 -5.078e-06 1.04162e-05 -1.41757e-06 -1.00138e-07 -5.79359e-07 1.09223e-05 -1.01723e-08 -1.87773e-07 -8.88977e-09 4.21994e-07 6.16251e-05 -2.38731e-06 -9.83383e-07 2.9845e-08 7.82769e-06 -8.94942e-09 1.66465e-07 -9.95061e-08 -5.46659e-05 6.01318e-05 -3.7617e-09 3.36049e-06 1.84168e-05 0.00010833 5.30844e-08 -3.22594e-06 2.46562e-05 8.44441e-06 -1.39058e-06 1.2061e-06 9.38312e-07 1.14207e-05 2.73449e-07 4.11728e-07 1.85954e-06 4.3696e-05 1.70603e-05 -1.57471e-06 1.08699e-05 2.31751e-05 -5.24923e-09 -2.50625e-08 -7.67477e-07 -0.000126892 -6.51179e-05 2.44293e-06 -2.22757e-09 -7.18774e-07 -5.67765e-05 3.88758e-07 5.36736e-08 -7.5417e-05 -3.52774e-07 8.45833e-07 6.01703e-08 -1.67807e-06 2.44043e-05 -2.41955e-05 
-6.29089e-08 -5.93369e-06 1.43851e-05 4.04255e-05 -1.32216e-07 2.31906e-07 -7.93337e-05 -1.02199e-06 1.21942e-05 2.3622e-06 5.4921e-08 4.57546e-06 -4.93917e-07 0.000196538 -2.09661e-06 -9.28776e-06 0.000165498 -2.58536e-07 0.00153867 -6.47237e-06 2.92136e-07 -0.000409823 7.70407e-05 -1.33026e-07 0.000264399 -1.8109e-07 -0.000332952 -0.000322086 8.5901e-05 -0.000194934 -0.000149786 -1.19162e-05 -6.69794e-07 -4.5171e-05 -5.42676e-07 -0.000263932 -0.000127006 -3.50105e-07 0.000117182 2.02562e-05 -8.09391e-08 0.000170018 -3.7668e-05 0.000129228 -6.57682e-06 7.18017e-06 -4.73003e-05 -0.000439712 -8.23276e-08 -5.58444e-05 3.8739e-06 -8.3612e-06 -1.54112e-05 1.008e-05 -8.40966e-06 5.48595e-07 3.30836e-07 -8.22062e-08 7.18304e-07 3.75264e-06 -0.00018753 0.000102156 -3.45536e-08 -5.35544e-06 0.000220087 -1.01682e-05 9.87318e-06 4.56641e-05 -1.31101e-07 4.85337e-05 -2.18783e-05 1.62848e-05 4.47654e-06 6.29157e-06 -2.12614e-07 0.000130205 -1.44989e-06 -8.43622e-06 1.105e-05 -1.09902e-05 0.00017659 3.28515e-05 -4.82176e-08 2.04756e-06 1.29468e-06 -0.000282789 8.85787e-05 -4.91911e-06 -2.04616e-08 -1.00278e-05 -0.000287463 -5.18314e-08 -6.36833e-06 -0.0001822 -1.31892e-05 -8.35825e-06 1.12303e-06 -6.57364e-06 1.48934e-05 -0.000145436 
-1.91468e-07 -1.48472e-05 0.000715158 -7.8516e-06 5.59418e-06 -1.048e-05 0.000528459 6.22312e-06 9.90213e-06 -6.8994e-07 -7.79733e-07 -2.09968e-07 -1.24048e-06 -1.41535e-05 1.10025e-07 -0.000155938 -0.000249059 1.33353e-05 -6.47237e-06 0.00466828 1.46919e-05 -0.00138454 5.23788e-05 -4.04875e-07 -1.52807e-05 -5.5116e-07 -0.000101395 -0.000241281 -2.44231e-06 -0.000521705 -0.000374318 -5.53345e-05 6.81711e-05 -8.46086e-05 -2.35315e-06 -3.09871e-05 -0.000431422 2.39142e-06 -3.71551e-06 -1.96238e-05 -2.46344e-07 -2.14346e-06 -0.000185886 -0.000349939 -3.572e-05 -1.18846e-06 -0.000189939 -0.000376084 -2.84387e-07 -0.000131171 -2.63104e-08 -3.8244e-05 -3.95621e-05 -7.11068e-05 -7.74926e-06 -1.34006e-06 1.37436e-05 -2.502e-07 4.9483e-07 -1.84857e-06 -0.000298341 -0.000447787 -1.05166e-07 -1.47867e-05 -3.06747e-05 -0.000411198 -6.34801e-07 -9.00461e-05 4.6987e-05 -0.000646822 -0.000174395 -3.68998e-06 -2.18843e-06 -3.21373e-05 -1.0418e-06 -1.17758e-05 6.55189e-06 -1.76206e-05 -4.83884e-05 1.77321e-07 -3.5924e-05 -2.8538e-05 -3.56425e-08 -7.00675e-07 -2.03342e-05 -0.000167146 0.00104105 -1.57736e-05 -6.22765e-08 -1.50488e-05 -0.000106587 -2.22074e-09 -1.39237e-05 -1.13278e-05 -5.27097e-06 0.000136299 -9.13018e-08 -5.15148e-05 0.000214805 0.000323726 
-1.7574e-08 -1.95276e-06 5.99808e-05 -1.72772e-06 1.1255e-06 3.78696e-08 -7.99216e-05 1.33537e-06 1.53259e-05 1.74778e-06 1.20621e-06 6.0295e-07 1.81634e-07 2.86259e-06 1.22729e-05 -0.000184084 0.000110757 3.24167e-05 2.92136e-07 1.46919e-05 0.000430315 -4.11384e-05 3.28297e-06 -3.71617e-08 1.01036e-05 1.94941e-06 -0.000117559 -0.000227091 4.81852e-05 -5.06453e-05 -3.2604e-05 4.44503e-06 5.0548e-05 -1.27068e-05 9.34364e-07 -0.000223912 -4.39652e-05 1.27401e-05 2.48833e-06 1.13817e-06 6.46628e-06 2.40255e-05 -1.88112e-05 -1.71769e-05 1.57847e-05 2.09986e-05 9.78687e-05 -0.000135614 -2.61027e-08 1.35867e-05 1.85497e-06 1.08644e-05 9.17416e-05 -6.52015e-06 -3.04439e-06 8.6589e-07 4.55531e-07 -2.29648e-08 2.23764e-06 -2.55339e-07 -9.34595e-05 9.60254e-05 -9.65277e-09 2.81494e-06 8.30798e-05 0.000149097 1.56366e-05 2.88477e-05 3.25892e-05 -1.17303e-05 2.9937e-05 3.57783e-05 -3.29366e-07 2.29801e-05 2.14469e-07 2.31813e-06 1.94922e-06 0.000170676 2.39585e-05 -4.259e-05 3.28387e-05 7.36547e-05 2.08752e-07 -6.43119e-08 -9.02727e-07 -0.000241123 -0.000165947 -1.30243e-06 -5.71608e-09 -1.80334e-06 -0.000199747 3.23586e-05 7.71129e-06 -3.44158e-05 -7.40292e-06 -2.21115e-06 -1.02205e-07 -5.26684e-06 6.08065e-05 -3.95253e-06 
7.87863e-06 -0.00087134 -0.083089 0.0023902 1.60607e-05 0.000521771 -0.0519718 -0.000474805 -0.000232743 3.94702e-05 7.13436e-06 1.65189e-06 -1.31503e-05 -0.000540439 -0.000718531 -0.0884666 0.027378 1.74393e-05 -0.000409823 -0.00138454 -4.11384e-05 0.230876 -8.63807e-05 4.27764e-05 -0.000436921 6.1617e-06 0.010977 -0.00189693 -0.000668656 -0.033764 0.0191487 0.00543382 -0.000162692 0.0054936 0.000109195 0.000197857 0.0072032 -4.05574e-05 -0.000396835 0.000647629 -8.59782e-06 -0.000148068 -0.000712926 0.0400303 -0.00280043 -0.00012489 0.0108463 -0.0415824 -1.02539e-05 -0.0035748 1.48223e-05 -0.000743716 0.00259001 -0.00379272 0.000946632 0.000118911 -6.26302e-05 -1.1973e-05 -1.85358e-05 -0.000136094 0.00106967 0.0233201 1.24452e-05 0.00117846 0.000220097 0.0434847 3.81825e-05 -0.00209795 -4.21972e-05 0.0576294 0.00611183 0.000296477 0.000302319 0.00331151 -2.3811e-05 0.000833395 -0.000249957 -0.0109931 0.00646784 -0.000589025 -0.00567782 -0.000334413 -5.6064e-06 -3.15133e-05 0.00112081 -0.0216916 -0.117831 0.00151315 3.16396e-06 -0.000759039 -0.00131567 4.30643e-06 -0.00171064 -0.00101069 8.62664e-05 -0.00130983 7.92654e-07 0.00461497 0.00992839 -0.0415418 
-1.95262e-08 -2.35486e-06 -0.000166892 1.98792e-05 1.5555e-06 -9.15922e-07 -0.000191091 9.07218e-07 3.01769e-06 3.77408e-06 8.85381e-06 4.94525e-06 3.07466e-06 0.000134651 4.92097e-07 -0.000232392 0.000205224 9.75309e-07 7.70407e-05 5.23788e-05 3.28297e-06 -8.63807e-05 0.000478093 -4.12898e-08 0.000144347 -5.62082e-08 -0.000161322 -0.000282814 2.62898e-05 -6.19068e-05 -4.74477e-05 -5.40045e-06 4.70646e-07 -7.65045e-06 8.64114e-07 -0.000142989 -4.32676e-05 -4.43102e-08 4.505e-05 -1.08154e-07 -2.51225e-08 9.83925e-05 -4.19841e-06 0.000163352 -3.38609e-06 2.36717e-07 -6.32193e-06 -0.000122688 -1.78912e-08 -2.07759e-05 1.63021e-06 4.8605e-06 2.10637e-05 8.25667e-05 -3.469e-06 1.81889e-06 4.22198e-07 -2.55158e-08 1.00108e-06 -2.83704e-07 -7.25305e-05 0.000176828 -1.0725e-08 6.96603e-06 0.00017776 0.000183147 2.10737e-06 0.000115207 -6.13847e-08 0.000197731 -1.59806e-05 2.15e-06 1.80071e-06 1.0336e-05 -1.07378e-07 6.50868e-05 4.51395e-06 -9.79584e-06 6.1825e-07 -7.48768e-06 0.000121926 -1.95649e-06 -1.49662e-08 -7.1456e-08 1.03007e-05 -0.000268733 -0.000135809 6.26894e-06 -6.35106e-09 9.53341e-06 -0.000328131 -9.54093e-08 -2.66641e-06 -0.000104711 -7.64029e-06 -1.12094e-06 -1.13559e-07 -8.21041e-07 3.93077e-05 -0.000169951 
-3.52386e-09 -3.56142e-07 -4.81027e-05 3.39423e-06 -2.60779e-08 3.34707e-06 -3.96983e-05 -1.71145e-07 -7.50102e-08 -1.2698e-08 -1.43506e-08 4.05801e-08 -3.26461e-08 4.65075e-07 -1.85905e-07 -3.62412e-05 1.73629e-05 -1.4482e-08 -1.33026e-07 -4.04875e-07 -3.71617e-08 4.27764e-05 -4.12898e-08 8.63148e-05 5.24289e-07 -1.01438e-08 -1.033e-06 -3.38078e-06 -1.5033e-07 3.79689e-06 -6.65978e-06 3.9748e-07 -3.9386e-08 1.00092e-06 8.97864e-07 -5.93161e-06 -5.712e-06 -9.83689e-09 1.29412e-08 4.43993e-06 -4.53383e-09 -3.94493e-08 -1.56993e-06 4.11913e-05 -7.29391e-07 1.15142e-07 4.4325e-06 -1.35276e-05 -5.234e-09 -7.47805e-07 -4.57412e-09 -5.60166e-07 1.34887e-07 -1.78863e-06 6.80729e-06 2.86448e-07 -2.00565e-08 -4.60481e-09 -5.821e-09 -2.89774e-08 -2.09813e-06 -8.34853e-06 -1.93554e-09 -3.57961e-07 8.15823e-07 3.59839e-05 5.19841e-06 5.38089e-06 -1.1078e-08 3.83247e-05 3.32608e-06 6.0177e-06 1.76729e-06 -3.01082e-07 -1.93784e-08 6.27513e-07 -8.37057e-08 -2.90242e-06 5.82041e-06 -6.01773e-06 -1.25221e-06 -4.72738e-07 -2.70093e-09 4.39822e-06 -6.15621e-08 -7.47847e-06 -5.59578e-05 -8.12392e-08 -1.14617e-09 -4.77912e-07 -1.90041e-06 -1.72184e-08 -4.81203e-07 -6.34707e-06 -4.61378e-06 -3.08527e-07 -2.04939e-08 1.00349e-05 -3.59036e-06 -6.47136e-05 
4.93643e-07 1.89964e-05 -0.00235443 0.00114374 3.12899e-07 5.08751e-07 -0.00245143 1.61363e-05 2.90904e-06 3.34832e-05 4.15073e-05 1.51891e-05 3.56666e-06 0.00111363 1.0248e-06 -0.00187626 0.0022527 5.12369e-07 0.000264399 -1.52807e-05 1.01036e-05 -0.000436921 0.000144347 5.24289e-07 0.00395055 -4.66082e-07 -0.00100081 -0.00150507 0.000166055 -0.000280982 -0.000208437 -1.52842e-05 1.97903e-05 -8.83892e-05 2.48709e-05 -0.000705203 -0.00040044 3.15381e-05 0.000307034 0.000395113 7.6946e-07 0.000384721 -0.000176581 0.000715497 -3.22691e-05 3.86591e-06 -0.000168731 -0.00104158 3.17062e-06 -0.000110557 -2.10169e-07 1.1294e-05 0.00126308 0.000315106 -9.05405e-06 3.58901e-06 1.21179e-06 3.7731e-07 3.83881e-05 1.90307e-06 -0.000163268 0.0024613 -8.89328e-08 5.76865e-05 0.0017103 0.00221707 4.16208e-07 0.000896787 1.15021e-05 0.0023606 -8.89173e-06 1.28182e-05 2.92104e-06 9.05819e-05 -3.23719e-07 0.000328344 1.26506e-06 -5.889e-05 0.000114266 4.15651e-06 0.000478622 3.44947e-05 -1.241e-07 -5.92518e-07 -1.66888e-05 -0.00266691 -0.00209625 4.38451e-05 6.02892e-07 3.30728e-05 -0.00225411 9.97749e-07 1.219e-05 -0.000507554 -5.9359e-05 -2.65543e-05 9.13917e-07 -1.51598e-05 -0.000144219 -0.00267938 
-4.79706e-09 -6.05825e-07 -3.55206e-05 1.39801e-07 6.97833e-07 -2.68693e-07 -9.2131e-06 -2.32981e-07 -1.02112e-07 -1.72859e-08 -1.95356e-08 -5.26058e-09 2.11111e-06 -4.10559e-07 -2.53075e-07 6.12687e-06 -7.76006e-06 -1.97144e-08 -1.8109e-07 -5.5116e-07 1.94941e-06 6.1617e-06 -5.62082e-08 -1.01438e-08 -4.66082e-07 0.000117497 4.01279e-06 -1.84623e-06 -3.71027e-07 -8.57039e-06 -1.10477e-06 -1.39499e-06 -5.36164e-08 2.35167e-06 6.92145e-07 -1.177e-05 5.17149e-05 -4.36423e-08 -1.48765e-07 1.01599e-06 -6.17194e-09 -5.37026e-08 -3.27125e-06 1.96987e-06 -9.70704e-07 -7.01411e-08 -2.72228e-06 -2.70558e-05 3.73194e-08 1.10727e-05 -6.22678e-09 -3.97473e-07 -1.56953e-06 -2.11266e-06 -4.07797e-07 -3.35742e-08 -2.73031e-08 -6.26856e-09 -7.92417e-09 -6.96985e-08 -6.57432e-07 -1.41741e-05 -2.63486e-09 5.30912e-07 -1.24901e-06 -1.29453e-05 2.07159e-06 9.96561e-06 -1.50806e-08 -6.39242e-06 -3.27238e-06 2.2031e-06 -8.99051e-08 -8.18257e-07 -2.63799e-08 4.93578e-07 -1.13949e-07 -4.57124e-06 1.83809e-06 -5.46887e-06 -1.71368e-06 -7.64547e-07 -3.67679e-09 -1.75549e-08 2.49576e-06 -1.4666e-05 -1.88952e-05 -3.0909e-07 -1.56029e-09 -8.92596e-07 6.92381e-07 -2.34395e-08 -6.55066e-07 -3.82858e-07 -4.13912e-06 -8.79648e-07 -2.78984e-08 6.07718e-07 -3.56013e-06 -1.19308e-05 
-3.69881e-06 2.81044e-05 -0.00247267 -0.000645662 6.3855e-07 0.000104093 0.00104161 -2.76651e-05 -0.00030193 -2.91059e-05 -3.53684e-05 -2.49295e-05 -1.77046e-05 -0.00220665 -0.00039461 0.00475523 -0.00454748 -3.98859e-05 -0.000332952 -0.000101395 -0.000117559 0.010977 -0.000161322 -1.033e-06 -0.00100081 4.01279e-06 0.0512566 0.00218259 -0.00135755 0.00463548 -0.00331086 0.000138917 -0.000382784 2.22567e-05 9.26568e-06 0.00107785 -0.000140226 -0.000123573 -0.000472148 -0.000242008 -2.35092e-05 -0.000372456 -0.00456595 0.00251831 -0.000663584 -0.000141541 0.00158974 -0.0159327 -4.33628e-06 0.00126022 2.37166e-06 -0.00101848 -0.00114405 -0.00254706 2.44243e-05 -2.58163e-05 -9.63195e-05 -1.5798e-05 -4.23455e-05 -0.000390557 0.00144054 -0.00998058 4.81807e-07 -0.000193161 -0.0037041 -0.00483967 2.46558e-06 -0.00447152 -8.85452e-05 -0.000312537 0.000125575 -6.67657e-05 2.95644e-07 -8.70152e-05 -1.26008e-05 -0.000246598 -0.000104749 -0.0145552 0.000549278 -1.33428e-05 -2.86767e-05 -0.000606019 -7.78212e-06 -1.7693e-05 -0.000151305 0.00420279 -0.00222855 1.76392e-05 5.29038e-08 -0.00421285 0.00493084 -0.000108357 -0.000850342 0.00031418 0.000166976 -6.97184e-05 3.4106e-06 0.000394703 0.00169732 -0.00304145 
-4.74937e-06 1.97017e-06 0.00425132 -0.00280771 -2.80163e-05 -8.25828e-05 0.00519498 -2.42041e-05 -0.000124714 -6.13365e-05 -5.69943e-05 -2.37599e-05 -2.52406e-05 -0.00154066 -0.000147291 0.00575778 -0.00557421 -5.53812e-05 -0.000322086 -0.000241281 -0.000227091 -0.00189693 -0.000282814 -3.38078e-06 -0.00150507 -1.84623e-06 0.00218259 0.00851541 -0.000500758 0.00112105 0.000687229 -1.87255e-05 -0.000266914 0.000236929 -9.70652e-05 0.00165382 -0.000384575 -0.000115032 -0.000299171 -0.000217705 -1.22155e-05 -0.000433708 0.00035793 -0.00376502 -2.15578e-05 -5.98065e-05 -0.0007742 0.0027395 -1.81254e-06 0.000400065 -1.83782e-05 1.67543e-05 -0.00187398 -0.000686406 2.56481e-05 -4.79682e-05 -2.32155e-05 -4.75148e-07 -4.49986e-05 -1.045e-05 0.00104575 -0.00535763 1.14811e-07 -0.000831155 -0.00376594 -0.0061701 -4.72802e-05 -0.00269348 -0.000101609 -0.00496334 -0.000291395 -0.00019695 -3.51953e-05 -0.000531969 1.12818e-06 -0.000370815 -3.99378e-05 -0.000473077 -0.000750341 0.000105325 -0.000810741 -0.000555706 -1.20143e-07 -5.59465e-06 1.95482e-05 0.00615246 0.00386626 1.74782e-05 -3.30399e-07 -6.3869e-05 0.00568884 -9.25979e-05 -0.000175008 0.0006467 0.000124927 6.10939e-05 -3.60831e-07 4.35223e-05 -0.000648015 0.00276789 
-4.00023e-08 4.21113e-06 -0.000375704 4.42222e-05 -5.64955e-07 -6.63894e-07 -0.000370454 -6.59922e-07 2.88564e-05 1.49111e-06 2.73066e-06 -9.69008e-08 1.85281e-05 0.00019028 1.76687e-06 -0.000863446 0.000747528 2.52147e-05 8.5901e-05 -2.44231e-06 4.81852e-05 -0.000668656 2.62898e-05 -1.5033e-07 0.000166055 -3.71027e-07 -0.00135755 -0.000500758 0.00314741 -0.000387979 5.48534e-05 3.20072e-05 3.66705e-05 -3.89353e-05 3.39624e-06 -0.000388854 9.68151e-05 1.70516e-06 5.44362e-05 -9.76259e-06 -6.58325e-08 3.41126e-05 -0.000139081 -0.000186494 -7.72313e-06 -7.62381e-07 -9.98097e-05 8.3891e-06 3.53002e-07 -0.000129762 6.98825e-06 4.00206e-06 7.4327e-05 0.0005753 -2.2232e-05 6.0979e-06 3.57751e-06 -1.01762e-07 1.08315e-05 1.31162e-05 -0.000420958 0.000836422 -7.07954e-08 9.77834e-06 0.000816518 0.000237895 6.39082e-06 0.000584406 4.71948e-05 0.000291276 -8.11685e-05 5.69408e-05 3.35103e-06 3.30478e-05 -3.97685e-07 1.71209e-05 -2.52834e-06 9.74988e-05 -1.89933e-05 -1.35559e-05 9.88008e-06 0.000108691 -9.87908e-08 2.73943e-06 -1.35106e-05 -0.00117863 -0.000589996 7.05125e-06 3.46966e-07 0.000277461 -0.000893915 2.16813e-05 -6.2008e-06 -6.373e-05 -2.73768e-05 5.39003e-05 -4.49597e-07 -3.94803e-05 -6.28237e-05 -0.000108234 
-5.43988e-06 -0.000292706 0.016079 -0.00123199 -3.22386e-06 -1.81429e-05 0.0116582 -0.000216257 -8.5884e-05 -1.84244e-05 -7.89782e-06 -4.4544e-06 -3.52855e-05 -0.000414975 2.1613e-05 0.028579 -0.00886886 -2.00118e-05 -0.000194934 -0.000521705 -5.06453e-05 -0.033764 -6.19068e-05 3.79689e-06 -0.000280982 -8.57039e-06 0.00463548 0.00112105 -0.000387979 0.1155 -0.0131427 -0.00134679 -6.08011e-05 0.00156891 -4.71852e-05 0.000890814 -0.0119652 -9.73492e-06 -9.95889e-05 -6.7521e-05 -6.13233e-06 -5.79211e-05 -0.00505064 -0.00810939 0.000167554 1.45377e-05 -0.00478597 -0.0314499 8.39791e-06 -0.00226779 -5.31674e-06 0.000225186 -0.00169115 -0.00244595 -0.000811832 -3.44177e-05 -2.46284e-05 -5.58634e-06 -8.98602e-06 -3.8116e-05 -0.00243215 -0.0165941 -2.54349e-06 -0.00054808 -0.00139121 -0.0174465 -1.9303e-05 0.00184933 -1.58014e-05 -0.0168317 -0.00455149 -9.92111e-05 5.17252e-05 -0.000870239 -1.15149e-05 0.000313328 4.95914e-06 -0.00307946 -0.00135519 -5.00321e-05 -0.00254883 -0.000755975 -2.80282e-06 -1.17295e-05 -0.00021881 0.00701026 0.0190327 -0.000130198 -6.93679e-08 -0.000876172 0.00241521 -2.54916e-05 -0.00063089 0.000179151 1.56619e-05 0.00135328 5.31964e-05 0.000556271 -0.00551809 -0.00726363 
9.69456e-06 -0.000323803 -0.0298734 -0.000972653 -1.14396e-05 0.000394166 -0.010337 -7.15598e-05 -2.02025e-05 -1.12143e-05 -4.06679e-06 -2.99226e-07 2.53799e-05 -0.000208283 -9.88714e-05 -0.00677626 -0.00555301 1.20599e-06 -0.000149786 -0.000374318 -3.2604e-05 0.0191487 -4.74477e-05 -6.65978e-06 -0.000208437 -1.10477e-06 -0.00331086 0.000687229 5.48534e-05 -0.0131427 0.0943445 0.00582791 -4.67993e-05 0.0019309 5.36328e-05 -0.00114826 0.00226105 3.68593e-06 -6.46522e-05 -0.000136727 -2.37274e-06 -4.49989e-05 -0.00146769 -0.00305121 7.84565e-06 -1.1286e-05 -0.00436212 -0.00874798 -5.67265e-06 0.0012852 -4.28863e-06 0.0010884 0.00241602 -0.00155682 -0.000701977 0.000120756 -2.316e-06 -4.54835e-06 7.86572e-06 6.0978e-05 0.000161731 -5.75125e-06 5.50184e-06 0.000807036 -0.000853864 0.00294605 -1.32237e-05 -0.000954505 2.53836e-07 0.0194092 -0.00149832 1.5361e-05 6.49771e-06 -0.000409676 -9.9986e-06 0.000242265 -7.30489e-05 -0.00367393 0.00151239 -5.47036e-05 -0.0019069 -0.000523014 -2.64442e-06 -7.60018e-06 0.000282564 -0.004648 -0.0394699 0.000578764 4.91073e-06 1.14152e-05 0.00177074 -1.72929e-05 -0.000575376 -0.000464844 -8.47523e-05 -0.000577282 -2.38504e-05 -0.000429207 -0.00379576 -0.00451539 
7.17095e-06 -4.69012e-06 -0.00573435 -0.000110774 5.85818e-06 0.000531167 -0.00289092 1.31639e-05 -1.00933e-05 -1.22402e-06 1.48205e-06 1.01301e-06 -2.44509e-06 8.20248e-05 -2.45548e-05 -0.00713683 -0.000485872 1.89751e-05 -1.19162e-05 -5.53345e-05 4.44503e-06 0.00543382 -5.40045e-06 3.9748e-07 -1.52842e-05 -1.39499e-06 0.000138917 -1.87255e-05 3.20072e-05 -0.00134679 0.00582791 0.0117302 -3.73862e-06 -0.0001418 0.000102905 6.00575e-05 -0.000678682 5.94245e-05 7.99376e-06 0.000147115 -6.23498e-07 -2.63622e-06 0.000176636 0.000246078 -8.21289e-05 -2.26353e-06 -0.000403187 -0.000476691 -7.19786e-07 -0.000683855 1.73763e-06 0.000658267 -6.80182e-05 -0.000181386 -5.71613e-05 5.53051e-06 -9.91525e-07 -6.33259e-07 2.67727e-06 -5.59659e-06 0.000100041 -4.48178e-05 8.33382e-06 0.000388022 -5.62438e-05 0.000804838 -6.25077e-07 -0.000283671 -2.0124e-07 0.00512922 -0.000264781 1.8344e-05 -3.84901e-06 0.000112272 -1.45383e-06 0.000280612 -9.87797e-06 -0.00038597 0.00202635 1.02027e-05 -0.00021721 -4.16133e-05 -3.71435e-07 -1.11786e-06 2.95602e-05 -0.00308487 -0.00699141 2.06623e-05 7.07571e-06 -1.56268e-05 6.95586e-05 -1.20123e-06 -2.33645e-05 -0.000389574 -1.05605e-05 -4.32099e-05 1.08166e-06 0.000564091 -0.000322746 -0.00202617 
