0.0333464 -0.000540013 -0.00247952 6.13469e-05 0.000798615 2.09663e-06 -0.000164052 -0.000845438 7.67331e-06 -0.003552 0.000158882 0.00361195 0.00357477 -0.000242069 -0.000282813 -5.22836e-05 0.000209064 0.00440467 -0.00576775 0.000522165 -0.000445326 0.000102078 -0.00792375 -0.000279321 -0.00326721 -0.000657402 -0.0110248 -0.000324295 0.00143475 -0.00139756 -3.36671e-05 -4.5406e-05 0.000208657 -0.00162625 0.00285683 -3.15172e-05 -0.00472032 -0.00282026 -0.000110819 -2.01948e-05 0.00841841 0.000323076 -0.000255976 0.00636681 0.000170513 -0.00112981 3.99627e-05 -0.000539058 -0.00284328 -0.0044305 0.00602481 -1.43563e-05 -5.11729e-07 0.00454518 0.00187074 -2.92918e-06 -6.14006e-05 -0.000993127 -0.000750982 -0.000142845 -0.000377395 -1.26972e-05 -0.00576028 0.000264798 -6.25722e-05 0.000441845 0.000292574 -0.000504875 1.49825e-05 0.00612501 6.06512e-06 -0.00106422 0.00019924 3.81026e-05 0.000250918 0.00453081 0.00461632 8.68554e-05 -5.06208e-05 0.00184565 -0.000249353 0.000168786 -0.00547252 -0.00124165 -2.44051e-05 -0.000685654 -0.000365171 -4.67325e-06 0.00037555 0.0027253 -0.000850892 -2.62449e-05 -2.60573e-05 0.00011028 -0.00665088 -0.007836 6.90266e-05 -0.00610972 0.000336907 -0.00436377 
-0.000540013 0.0156681 0.00260046 0.000569253 1.02917e-05 0.000436894 -6.2939e-06 0.00133357 1.57641e-06 0.00504122 7.72947e-05 0.000677818 0.00159318 -0.000124696 0.0016167 -0.000241349 0.000649807 -0.00548431 5.41627e-05 -2.92328e-05 0.00183859 4.95842e-07 -0.0038304 -0.000209267 0.00123034 0.000902194 0.00141153 -0.000151238 -6.42032e-05 -3.31406e-05 -1.12813e-05 0.000101434 -0.00136754 -0.0024193 -0.00032324 9.23011e-06 0.00558101 0.00165358 -0.000124094 5.05196e-05 -0.000403036 0.00215448 0.00014049 -0.00160935 -0.000460364 -0.00404347 0.00173648 -0.000180115 0.00270241 0.00342659 -0.00575108 3.86816e-05 5.13546e-07 -0.00428852 0.00131809 -4.17373e-06 6.29244e-05 -0.000591912 -0.000211696 -7.75561e-05 0.00174512 -3.85422e-06 0.00393462 0.000345208 -2.0268e-05 0.000498749 -0.000183849 -0.000126378 1.30367e-05 -0.00544878 1.3519e-06 7.99467e-05 -7.2649e-06 -0.000106 -0.00313218 -0.00610403 -0.000704686 0.000152064 0.000145985 -0.00121548 -0.000205457 -6.05554e-05 -0.0011591 -0.000344597 -3.35953e-06 -0.000367617 0.000113256 1.64431e-06 -4.32193e-05 0.000972659 0.000120643 0.000208004 -9.58854e-06 -0.000138659 -0.00348252 0.00025065 -2.85284e-05 -0.00387588 -0.000260694 -0.00365944 
-0.00247952 0.00260046 0.103345 0.00260467 0.00473989 -3.93522e-05 -0.000540981 0.00137054 -6.83998e-06 -0.000382593 -1.61398e-05 0.0171681 0.0347697 -0.000450031 0.0172684 -0.00193888 0.00115643 -0.0476263 0.00402879 0.000867607 0.0181963 -6.00505e-05 -0.0298047 0.0103504 -0.0215582 -0.000117878 0.019871 0.00126868 -0.000648118 -0.00588255 -9.5827e-05 0.000372217 -0.0124383 0.00218089 -0.00236904 0.000132664 -0.00205258 -0.00409104 0.0011991 1.36809e-05 -0.00267191 -0.00226946 -0.000343904 0.023848 0.0335243 -0.0280684 0.0500986 -0.00158997 -0.00181422 -0.00520573 -0.016477 8.82597e-05 -6.02647e-06 -0.0223538 0.0380358 -3.8629e-05 -0.000347536 -0.00470142 -0.00243509 -0.000768985 0.00861164 -4.76222e-05 0.0157812 -0.000670949 0.000295224 -0.000193367 -0.00138858 -0.000622575 8.7405e-05 0.00592174 3.22279e-05 -0.00159685 -6.29036e-05 0.000288187 -0.0225083 -0.0251147 -0.00520295 4.23997e-06 -0.000150025 -0.0165623 -0.00148753 0.000172265 -0.0117146 -0.00426408 -0.000130271 -0.00270929 0.00113618 -2.51693e-05 -0.00993146 0.0357527 0.00131973 4.33113e-05 -1.72709e-05 4.28494e-05 -0.0416756 -0.0196458 -0.000241846 -0.0327554 -7.66697e-05 -0.0381011 
6.13469e-05 0.000569253 0.00260467 0.00498361 0.000513012 0.000220341 -2.3285e-05 -1.94826e-05 -1.28742e-07 -0.000281502 8.65381e-06 -0.00217389 0.00210663 -4.06098e-05 0.00186595 -7.62184e-05 0.00107327 -0.000816136 0.00189818 5.94445e-05 0.00197921 8.7366e-07 -0.000508314 9.75835e-05 -0.00130632 -0.000104116 -0.00180821 0.000163836 4.93613e-05 -0.000228233 1.6288e-05 0.000271955 0.000787929 7.68203e-05 0.000106533 1.06434e-05 -0.000731075 -0.00140976 -5.92434e-05 -2.35376e-06 -2.49778e-05 0.000203063 6.24698e-06 0.000417696 -0.000865151 0.000165379 0.000719175 -3.40989e-05 -0.00025764 -0.00105774 -0.00120693 4.01091e-05 -2.57892e-07 -0.000352376 0.0023029 1.43962e-06 -9.12543e-06 -3.78853e-06 -0.000108624 -2.67199e-05 0.00082299 2.33453e-06 -0.00234954 -6.962e-06 2.74379e-05 -3.0907e-06 -2.12173e-05 -6.48139e-05 4.00365e-05 -0.00117112 1.97487e-05 -0.000119778 2.90587e-06 -2.95599e-05 -0.000160639 -0.00126765 0.000299053 -1.43825e-06 -7.7992e-06 -0.00218883 -5.89539e-05 0.000382352 -0.000892422 -0.000181666 -4.76356e-06 -7.82737e-05 -6.37203e-07 2.91641e-06 -0.000407492 -0.00137421 0.000579774 1.49233e-05 1.18402e-05 -1.44248e-05 -0.000231292 -0.00133509 2.04149e-05 7.80236e-06 6.25876e-07 -0.000108607 
0.000798615 1.02917e-05 0.00473989 0.000513012 0.0107864 9.66733e-05 -5.22047e-05 -0.000267082 -8.49803e-07 -0.00218917 7.5529e-07 6.59164e-05 0.00186222 -8.12614e-05 0.00163847 -0.000183628 0.000337932 -0.00175388 -0.000527635 0.000554675 0.00137771 7.74262e-05 -0.00242217 0.000529533 -0.00290104 -0.00023319 0.000357656 -0.000102271 5.08945e-05 -0.000567925 8.72988e-06 3.51967e-06 -0.000256098 -0.00170225 0.000568696 -1.58296e-06 -0.00181676 -0.0018162 0.000445141 4.59165e-07 0.000128621 -0.000116164 -5.13845e-05 0.00194313 0.00321852 -0.000393655 0.00226558 0.000120319 -0.00348733 -0.0025761 0.00111951 1.96428e-05 7.94053e-07 -0.000594441 0.00156732 7.72314e-06 -3.18821e-05 -0.00056586 -0.000246988 -6.43164e-05 -0.000648224 -1.85209e-06 -0.0011627 -1.71515e-05 1.89365e-05 -2.57263e-05 -0.000103996 -9.04267e-05 2.31611e-06 0.00248061 1.94818e-06 -0.000560533 7.70779e-05 0.000103515 -0.000173579 0.00155761 0.000820953 -9.02187e-06 -1.7548e-05 -0.0015887 9.10115e-05 0.000739074 -0.00200299 -0.000389651 -4.5634e-06 -0.000238289 -8.02516e-05 -1.71442e-06 -0.00085287 0.00239841 7.50806e-05 3.73302e-05 -6.12235e-06 -7.65363e-05 -0.00264571 -0.00314922 -1.38053e-05 -0.00195746 -0.000369865 -0.0024278 
2.09663e-06 0.000436894 -3.93522e-05 0.000220341 9.66733e-05 0.00564734 2.04367e-05 0.000759841 2.56274e-06 -0.000261976 -3.95592e-06 -0.00287149 0.00305636 -4.2617e-05 0.00416899 -8.1506e-05 0.00224104 -0.00225177 0.00274046 -1.49134e-05 0.00397863 3.31076e-06 -0.00151748 0.0032775 -0.00152317 -0.00011752 -0.00234073 0.000212531 -1.43187e-05 -0.00015488 -7.43109e-06 3.35555e-05 0.00185803 -0.000609066 -0.000108564 -4.09479e-06 -0.000656364 -0.00171544 -6.46797e-05 4.98548e-06 -0.000172806 -3.26993e-05 0.00026886 0.00127029 -0.0010755 -0.00115993 0.00137759 -7.16389e-05 -0.00151006 -0.00106751 -0.00287708 7.16961e-06 4.0897e-08 -0.00219702 0.00299086 1.97288e-05 -6.19757e-06 -0.000153269 -3.37807e-05 -1.28202e-05 0.00273972 4.01928e-06 -0.0026284 -2.95091e-05 3.03593e-05 0.000155153 -6.11728e-05 0.000823261 3.54491e-05 -0.0012831 1.20312e-06 0.00285245 -3.1306e-06 -2.08865e-05 0.000191178 -0.00293056 9.56818e-05 0.000154822 1.25833e-05 -0.00388448 0.000457132 0.000395832 0.00136507 -0.000142583 0.000106716 -0.000108287 -5.35858e-05 -1.58152e-06 -0.000486854 -0.00270884 -4.77876e-05 -8.06914e-06 4.84227e-06 7.28667e-05 -0.00145095 -0.00160648 -1.13495e-05 -0.000425428 -0.000228749 -0.00130104 
-0.000164052 -6.2939e-06 -0.000540981 -2.3285e-05 -5.22047e-05 2.04367e-05 0.00489534 -0.000185838 -3.10593e-07 -0.00102976 -7.78915e-06 -0.00234509 -0.00108755 -7.35235e-06 -0.000315374 -6.87616e-05 -2.10216e-05 -0.0019316 0.0018154 2.93624e-06 -0.000557085 -2.56848e-06 -0.000856869 -0.000309903 0.00286596 -9.96506e-05 -0.00220539 6.91669e-06 0.000142097 0.00354479 4.58644e-06 -1.21361e-05 0.00135638 -0.00092152 -7.97206e-05 -5.2503e-06 -0.000767907 -0.00171155 -3.4954e-05 -1.37115e-06 -0.000124597 -8.3321e-05 0.000170919 -0.00254984 -0.000927051 -0.000893565 -0.00249977 -2.55569e-05 -0.00162425 -0.00116469 0.000738013 2.29048e-07 -7.55241e-08 0.00174112 -0.000472723 -1.44573e-06 -8.05006e-06 0.00407934 0.00388678 0.0001697 -0.000541787 3.08459e-06 -0.00290719 0.00010732 0.000134139 -9.33734e-06 1.81976e-05 -2.08485e-05 0.000145215 0.00139837 -3.34146e-07 -0.000194639 -2.38943e-06 5.90526e-05 -0.000726556 0.00146704 -5.67074e-05 -1.39107e-06 1.75241e-05 -0.00358378 -3.15176e-05 0.000141172 -0.00100135 9.63287e-05 -4.88722e-06 -7.83856e-05 1.61147e-05 7.63459e-07 -0.000440394 -0.00174096 0.000741799 -5.43986e-06 8.65971e-06 -3.90659e-05 0.00291222 -0.00146894 -7.14527e-06 0.00313154 -0.00033866 0.0030903 
-0.000845438 0.00133357 0.00137054 -1.94826e-05 -0.000267082 0.000759841 -0.000185838 0.0421712 1.8505e-06 -0.00619495 -2.71593e-05 0.00918181 -0.00341569 -0.000306916 -5.53343e-05 0.00147816 0.000300653 0.0109848 0.00557723 2.81098e-05 0.000767164 0.000109333 -0.0053724 -0.000745976 -0.0122451 -7.49246e-05 0.00650343 -0.000166779 -0.000264631 -0.0019232 -5.60299e-05 -4.36123e-05 0.00364992 -0.00200789 -0.000618194 -2.77837e-05 -0.00404181 -0.00447654 -5.87151e-05 -1.41834e-06 -0.00113593 0.000579729 0.000331874 0.0035426 0.0101145 -0.00799241 -0.00947238 -0.000468596 -0.00841298 -0.00362463 0.0010357 5.38141e-05 -2.93785e-07 -0.00784823 -0.0019047 4.79206e-05 0.000386827 -0.00228889 -0.000997377 -0.000291374 -9.04624e-05 -1.4814e-05 0.0130945 0.000252622 2.72274e-05 0.000935778 -0.000529142 3.67097e-05 -2.22246e-05 0.00605867 -1.54101e-06 0.000381356 9.04908e-06 0.000214687 -0.0039639 0.00549066 -0.00152968 0.000207018 0.000176042 0.00350546 -8.41681e-05 -0.000135511 -0.00434789 -0.00156066 0.000315585 -0.000992167 -0.000376338 8.35967e-06 0.000609542 0.00991388 -0.000973445 0.000603461 2.82151e-05 0.00144082 -0.00738343 -0.00655564 -7.6769e-05 -0.0115728 -0.00225466 -0.0132744 
7.67331e-06 1.57641e-06 -6.83998e-06 -1.28742e-07 -8.49803e-07 2.56274e-06 -3.10593e-07 1.8505e-06 7.89382e-05 -1.24793e-05 -8.2219e-08 -3.97136e-05 -1.11784e-05 -4.53262e-07 -2.82705e-06 2.93648e-06 6.16715e-06 2.67603e-05 -1.17563e-05 5.24803e-06 -1.83514e-07 -4.1395e-08 6.14079e-06 -1.88032e-06 -2.22714e-05 -1.72106e-06 -2.5595e-05 -8.38639e-07 1.11389e-05 -1.53646e-06 -1.06842e-07 4.96946e-08 2.33853e-05 -1.28172e-05 1.1687e-05 -8.42521e-08 -1.18738e-05 -2.35969e-05 -7.77e-07 9.47958e-08 -2.1123e-06 -5.54005e-07 -4.41722e-07 -1.28027e-05 -1.33717e-05 3.49218e-05 -3.718e-05 -1.27684e-06 -2.36309e-05 -1.49595e-05 9.52001e-06 -3.73337e-08 -4.06476e-09 3.12232e-05 -2.75351e-06 4.51281e-08 1.04506e-06 -3.80963e-06 -1.38152e-06 9.17504e-07 -7.67333e-06 -3.44812e-08 -2.89875e-05 7.72312e-06 -2.0798e-07 3.43604e-07 -8.70109e-07 -6.85003e-07 -4.95113e-08 -2.47886e-05 2.61305e-07 -9.15279e-07 2.31525e-08 4.09481e-06 2.62499e-05 2.07377e-05 3.29798e-05 -3.5413e-08 -1.28881e-07 6.0732e-06 1.76936e-06 -8.44344e-07 -1.28777e-05 -2.55558e-06 4.04157e-07 1.48374e-05 -6.6733e-07 -2.19825e-08 4.07558e-07 -3.16077e-05 -2.30512e-06 4.07288e-08 2.24492e-08 5.75322e-07 1.07981e-05 -1.23293e-05 -4.09366e-08 1.8102e-05 5.79687e-08 2.25011e-05 
-0.003552 0.00504122 -0.000382593 -0.000281502 -0.00218917 -0.000261976 -0.00102976 -0.00619495 -1.24793e-05 0.166721 -0.000230027 0.0797002 -0.0444643 0.00236093 -0.0119815 -0.0034647 -0.000636234 -0.0367323 -0.0600478 -0.000568102 -0.022886 3.40745e-05 -0.0146661 -0.0181684 0.000849871 0.00603758 0.0997851 -0.00213035 -0.000193271 -0.0102634 -0.000283008 0.00121317 -0.0789255 0.0427019 -0.00428991 0.000618111 0.0821133 0.104763 -0.00182873 0.000107335 -0.00573244 0.00475394 -0.0013328 -0.0249738 -0.0165254 -0.0530599 0.0787164 -0.00247353 0.112542 0.133924 -0.114135 7.45088e-06 -9.17463e-06 -0.0969419 -0.0179612 -4.77271e-05 -0.000211911 -0.0107793 -0.00479126 -0.00146118 -0.0100863 -7.04987e-05 0.0713816 2.76126e-05 -0.000485197 -0.000343468 -0.0024841 -0.00417321 -0.000107251 -0.078792 3.1772e-07 -0.0120552 -0.000115756 -0.00104105 -0.0302456 -0.118749 -0.00379064 -0.000227065 -0.000159709 0.0256509 -0.0027646 -0.00217064 0.0586806 0.00583778 -0.000123142 -0.0048032 0.00416131 2.91847e-05 -0.0184866 -0.0212184 -0.0064479 -0.000314752 -0.000175075 0.00229184 -0.0682184 0.0933693 -0.000388363 -0.0552442 0.00164857 -0.0656883 
0.000158882 7.72947e-05 -1.61398e-05 8.65381e-06 7.5529e-07 -3.95592e-06 -7.78915e-06 -2.71593e-05 -8.2219e-08 -0.000230027 0.0018824 -0.00087744 -0.000221496 -7.60996e-06 -4.29889e-05 0.000362586 1.06175e-06 0.000507912 -0.000540903 -7.19106e-06 -5.91164e-05 4.66644e-07 0.000661189 -1.94109e-05 -0.000484101 6.2289e-06 -0.00073836 -1.99459e-05 -1.14683e-05 -5.94457e-05 -5.85744e-07 -2.15251e-06 -0.000820967 -0.000271237 0.000172736 -1.61275e-06 -0.000172243 -0.000505282 -2.06649e-05 -5.49078e-07 6.49721e-05 0.00014498 -1.34738e-05 -0.000458947 -0.000323327 0.000842373 -0.000712208 4.26347e-06 -0.000312392 -0.000358285 -3.06626e-05 -1.41116e-08 -9.71058e-08 0.000550073 -4.70028e-05 6.39779e-06 -5.82496e-06 -9.43653e-05 -4.06476e-05 1.02696e-05 -2.59905e-05 6.51454e-08 -0.000753031 -4.34919e-06 -4.13524e-06 0.00011965 -1.64891e-05 -3.85578e-05 -1.10503e-06 -0.000832258 -6.14316e-08 4.98599e-05 3.73824e-06 -7.62819e-06 0.000942683 0.000391224 0.000334956 1.06046e-05 2.37663e-06 0.000162608 -2.19944e-05 8.7178e-06 -0.000400499 -7.47327e-05 7.67824e-06 -3.14795e-05 4.29142e-07 3.04008e-08 0.00121269 -0.000749904 -4.6475e-05 3.19407e-05 -1.465e-06 1.95605e-05 0.00019834 0.000359028 4.26886e-06 0.000626125 1.35348e-05 0.000613727 
0.00361195 0.000677818 0.0171681 -0.00217389 6.59164e-05 -0.00287149 -0.00234509 0.00918181 -3.97136e-05 0.0797002 -0.00087744 0.245813 -0.0259818 0.000791942 -0.0405466 -0.00695425 -0.00456293 -0.0484529 -0.0598935 0.00136018 -0.0659835 -6.81834e-05 -0.0844858 -0.0508641 0.0273515 0.00899049 0.18489 -0.0057128 -0.002612 -0.0254951 -0.000729224 0.00048243 -0.0904055 0.0326878 -0.0106789 0.000425329 0.0720595 0.115646 0.00500978 0.00021737 0.00622977 5.5644e-05 -0.00327489 0.047638 0.0729493 -0.13052 0.120151 -0.0081002 0.0701396 0.0994977 -0.0492375 -0.00012251 -2.09204e-05 -0.108563 -0.0256095 -0.000169982 -3.91447e-05 -0.0215899 -0.0117371 -0.00322877 -0.0502759 -0.000232661 0.180614 -0.000318748 -0.00136347 -0.00120572 -0.00633591 0.00178197 -0.000334852 0.0264353 -2.15337e-05 -0.0321907 -0.000285943 0.00176512 -0.0901179 -0.0652164 -0.0201555 -0.000437348 -0.000246655 0.0708003 -0.00732484 -0.00361843 0.0290202 0.00974326 -0.000153116 -0.0129981 0.00316147 -1.68672e-05 -0.0381015 0.0848743 -0.0150471 0.000414602 -0.000454599 0.000530738 -0.128368 0.0374372 -0.00109444 -0.149496 0.000780676 -0.150792 
0.00357477 0.00159318 0.0347697 0.00210663 0.00186222 0.00305636 -0.00108755 -0.00341569 -1.11784e-05 -0.0444643 -0.000221496 -0.0259818 0.180027 -0.000301668 0.0539012 -0.00418624 0.0024882 -0.109313 0.107946 -0.000428367 0.0830151 -5.03616e-05 -0.0699031 0.0564116 0.00158017 -0.00406454 -0.0584146 0.00795377 -0.000975002 -0.00566985 -0.00024622 2.44342e-05 0.0177994 0.00808018 -0.0047883 -0.000205974 -0.0384229 -0.0723293 -0.000190753 0.000193981 0.00480699 -0.00468063 0.00500846 0.101902 -0.0166238 -0.0627145 0.0592314 -0.00276056 -0.0478213 -0.0519346 0.0100665 0.00012403 -1.06688e-05 -0.0180009 0.0891152 1.0746e-05 0.00109372 -0.00523376 -0.00478943 -0.000146897 0.066855 0.000139605 -0.00133735 -0.00126802 0.00089746 -0.000316271 -0.00274024 0.00553913 0.000198851 0.0631178 3.12504e-05 0.0292576 -0.000124083 -0.000447685 -0.0445776 -0.0216092 -0.0105896 0.000179704 -0.000357204 -0.0663345 -0.00279905 0.0035242 0.0258129 -0.000751036 0.000200834 -0.00544966 -0.00211547 3.95195e-05 -0.0205432 0.0524243 0.00214613 0.000360773 0.000114591 -0.000789389 -0.0557325 -0.0692764 -0.000469259 -0.0597952 -0.00190622 -0.0598633 
-0.000242069 -0.000124696 -0.000450031 -4.06098e-05 -8.12614e-05 -4.2617e-05 -7.35235e-06 -0.000306916 -4.53262e-07 0.00236093 -7.60996e-06 0.000791942 -0.000301668 0.00903627 -4.29899e-05 -0.000143755 -7.05161e-05 -0.00374973 0.00284664 -1.69797e-05 0.000413893 -3.17071e-06 -0.00278919 0.000150564 -0.00135552 -5.23786e-05 0.0022162 -6.82549e-05 -3.71308e-05 0.000324362 -1.22309e-05 -1.6308e-05 0.00169277 0.00298314 -0.000176424 1.15785e-05 -0.000622803 -0.0014523 -0.000107493 -2.0414e-06 -1.64346e-05 0.000630752 1.74683e-05 0.00320181 -0.00164875 -0.00252264 -0.000972664 -0.000128085 9.83225e-05 0.000875883 -0.000458333 -3.82379e-06 -4.69549e-07 -0.00402771 -0.000143765 -3.76048e-06 2.58671e-05 -0.000442401 -0.000203257 -6.33822e-05 0.0014389 1.65724e-05 0.00324439 -9.57051e-06 3.20192e-05 -1.04733e-05 -0.000106186 -0.000151974 2.41393e-06 -0.000166123 -2.41634e-07 -0.000325665 -4.44885e-06 0.000441852 -0.00181844 -0.0028851 -0.000370073 -7.05287e-06 -1.47658e-05 -0.00092354 -0.00012129 -7.70917e-05 0.00295468 0.000971343 2.11117e-05 -0.000202884 -7.94255e-05 4.74953e-06 -0.000566807 0.00145128 -0.000111781 5.30957e-05 7.5362e-06 3.91415e-06 -0.000437648 -0.00101898 -1.75254e-05 -0.00258439 -0.000417324 -0.00293347 
-0.000282813 0.0016167 0.0172684 0.00186595 0.00163847 0.00416899 -0.000315374 -5.53343e-05 -2.82705e-06 -0.0119815 -4.29889e-05 -0.0405466 0.0539012 -4.29899e-05 0.0678836 -0.00128228 0.00413625 -0.0347033 0.0444602 -0.000279359 0.0614175 -1.98752e-05 -0.0225004 0.0494834 -0.0202049 -0.00157851 -0.0336541 0.00430604 -0.00032953 -0.00284356 -5.6567e-05 4.14669e-05 0.0278788 0.00954045 -0.00151558 -3.90072e-05 -0.0121999 -0.0250131 -0.000878974 -1.40064e-05 -0.00222238 -0.00146062 0.00494421 0.031968 -0.0113425 -0.0197136 0.030063 -0.00105286 -0.0158825 -0.0167889 -0.0348876 0.000209037 -3.77151e-06 -0.03501 0.0526508 6.20169e-05 6.77185e-05 -0.00369486 -0.00166248 -0.000442655 0.0534299 3.37842e-05 -0.0278142 -0.000420896 0.00115185 0.000161054 -0.000879336 0.00360184 6.44606e-05 0.00643934 1.81914e-05 0.0307687 -3.89304e-05 -0.000243114 -0.0123729 -0.0418831 -0.00330889 0.000462972 -9.75387e-05 -0.0587764 -0.000372476 0.00209705 0.0272751 0.0012309 0.00020064 -0.00166876 -0.00055395 3.09145e-05 -0.00612336 0.00186505 0.00159711 2.60876e-05 7.8398e-05 0.000864978 -0.0261671 -0.0207179 -0.000150999 -0.0189865 -0.00168576 -0.0241602 
-5.22836e-05 -0.000241349 -0.00193888 -7.62184e-05 -0.000183628 -8.1506e-05 -6.87616e-05 0.00147816 2.93648e-06 -0.0034647 0.000362586 -0.00695425 -0.00418624 -0.000143755 -0.00128228 0.0175168 -0.00014448 0.00877661 -0.00626161 -5.90523e-05 -0.00189481 3.45482e-05 0.0113865 -0.000565656 -0.00517223 7.71725e-05 -0.00615174 -0.000187285 3.21356e-05 -0.000780301 -1.88706e-05 -4.0275e-05 -0.00715096 0.00151167 0.00128549 -1.86895e-05 -0.0024364 -0.00581842 -0.000194345 -1.8747e-05 -0.000428934 7.94391e-05 -0.0001421 -0.00912556 -0.00323975 0.0106122 -0.00908109 6.49968e-05 -0.00299168 -0.00240663 -0.000207428 1.92768e-05 3.10392e-06 0.00680205 -0.00249777 2.15723e-06 -5.20514e-05 -0.000911035 -0.000402152 -0.000111387 -0.00205044 -7.02321e-06 -0.00813296 -2.78686e-05 -3.92862e-05 0.000157552 -0.000116255 -0.000371706 -1.06632e-05 -0.00852237 -1.08916e-06 -0.000371994 6.04805e-05 -7.19259e-05 0.0132242 0.0049021 0.00121042 3.34709e-05 0.000352428 0.0023708 -0.000216023 -9.54737e-05 -0.00386266 -0.000675934 7.84484e-05 5.48246e-06 -0.000201341 2.33227e-05 0.0127423 -0.0101453 -0.000561659 -3.36255e-05 -8.75427e-06 0.000479688 0.00191706 0.00864648 -1.81603e-05 0.00760042 -0.000404078 0.00927943 
0.000209064 0.000649807 0.00115643 0.00107327 0.000337932 0.00224104 -2.10216e-05 0.000300653 6.16715e-06 -0.000636234 1.06175e-06 -0.00456293 0.0024882 -7.05161e-05 0.00413625 -0.00014448 0.00822899 -0.000520988 0.00356034 -2.13459e-05 0.00376565 -2.87986e-08 -0.000455484 0.00265516 -0.00222947 -0.000180723 -0.00380502 -5.11382e-05 4.69375e-05 -0.000364 -8.49678e-06 0.000104097 0.00225813 -0.00122246 3.60714e-05 -5.58907e-06 -0.00135516 -0.00180881 -0.000100301 -1.11122e-07 5.58641e-05 -2.72018e-05 0.000223259 0.000337059 -0.00145175 0.000991087 0.000222299 -0.000120675 -0.00164691 -0.00189838 -0.00233337 1.18981e-05 4.06087e-07 -0.00052264 0.00259067 1.74793e-05 -2.41509e-05 -0.000332897 -0.000175357 -5.53003e-05 0.00223846 2.45346e-06 -0.00464483 -1.15788e-05 5.30281e-05 8.25749e-05 1.61232e-05 0.000738382 2.96181e-05 -0.00240935 4.58084e-06 0.00154617 1.03485e-05 -4.83748e-05 -0.00134204 -0.00174818 0.000188589 0.000114149 3.08422e-05 -0.00351225 0.000566576 0.000187929 -0.000229077 -0.000271125 1.96247e-05 -9.75571e-05 -7.99032e-05 4.78308e-07 -0.000575042 -0.00274794 0.000116982 -1.37866e-05 5.83201e-07 0.00021289 -0.000167919 -0.00175289 2.21705e-06 0.00155275 -0.000213946 0.000598106 
0.00440467 -0.00548431 -0.0476263 -0.000816136 -0.00175388 -0.00225177 -0.0019316 0.0109848 2.67603e-05 -0.0367323 0.000507912 -0.0484529 -0.109313 -0.00374973 -0.0347033 0.00877661 -0.000520988 0.249629 -0.0677317 -0.000179979 -0.0549632 0.000151905 0.119302 -0.032087 -0.0820433 -0.0090189 -0.0337085 -0.00507461 0.00210161 -0.0127922 8.44484e-05 -0.000742086 0.0515475 -0.0305761 0.0105531 -0.000504172 -0.0596033 -0.0188311 -0.00529784 -0.000412182 -0.00429832 0.00163842 -0.00318113 -0.0825023 0.00391567 0.128707 -0.12265 0.00566825 -0.0391855 -0.0431584 0.0670095 -0.000221664 2.29589e-05 0.0910993 -0.0622759 9.07925e-05 -0.000648822 -0.0161776 -0.010266 -0.000306957 -0.0539305 -9.29159e-05 -0.067435 0.0026241 -0.00116426 9.71877e-05 0.00547886 -0.00882872 -0.000190552 -0.038865 -2.71188e-05 -0.0152423 0.000246222 0.000424533 0.101599 0.10543 0.0222742 -0.000422682 0.000393073 0.0559453 0.00642408 -0.00291153 -0.0583373 -0.0107989 -0.000283635 0.0119634 -0.00383102 1.76072e-06 0.0393206 -0.0736933 -0.00442279 -0.000293913 -0.00014387 7.5106e-05 0.0986382 0.0112901 0.00100356 0.107088 0.00187579 0.104277 
-0.00576775 5.41627e-05 0.00402879 0.00189818 -0.000527635 0.00274046 0.0018154 0.00557723 -1.17563e-05 -0.0600478 -0.000540903 -0.0598935 0.107946 0.00284664 0.0444602 -0.00626161 0.00356034 -0.0677317 0.229735 -0.00125193 0.075047 -0.000114844 -0.0542817 0.0450353 -0.0113868 -0.00658372 -0.0758999 0.00652031 -0.00118686 0.0233372 -0.000312096 -0.000247617 0.0994883 0.000896899 -0.00574206 -0.000345058 -0.0592802 -0.108538 -0.00312168 -7.81148e-05 -0.0104816 -0.00632906 0.00383895 0.0994286 -0.0538537 -0.0582814 -0.0214906 -0.00467229 -0.0973887 -0.0768268 0.0494612 -1.59345e-05 -8.68143e-06 0.00289912 0.0616879 -3.41364e-05 0.00140719 0.0140271 0.0107597 -0.00201819 0.0627053 0.000187588 -0.0104822 -0.000865821 0.00052029 -0.000508788 -0.0030836 0.0068821 0.000232774 0.0956807 2.06301e-05 0.0223394 -0.000144968 0.00094438 -0.0529727 0.0225423 -0.0146636 0.000139703 -0.000525032 -0.0769855 -0.00297249 0.00103779 0.0201615 -0.00171177 0.000100384 -0.00358105 -0.00347791 7.45608e-06 -0.0335047 0.0585516 0.0071138 -0.000227157 0.000205694 -0.00177355 0.0270364 -0.105924 -0.000314155 -0.0284607 -0.00228421 -0.019889 
0.000522165 -2.92328e-05 0.000867607 5.94445e-05 0.000554675 -1.49134e-05 2.93624e-06 2.81098e-05 5.24803e-06 -0.000568102 -7.19106e-06 0.00136018 -0.000428367 -1.69797e-05 -0.000279359 -5.90523e-05 -2.13459e-05 -0.000179979 -0.00125193 0.00388026 -0.000479664 5.29574e-05 -0.00104964 -0.000335181 -0.00029875 -6.64129e-05 0.00078998 -3.98818e-05 0.000143223 1.09606e-05 -4.77199e-06 -6.54306e-06 -0.000667952 -0.000757927 0.000460858 1.33316e-05 -0.000396617 -0.00115992 0.000254265 -3.59466e-06 2.74636e-05 -5.4785e-05 -2.64255e-05 0.000121823 0.0014709 -0.000523515 0.000777988 -3.83376e-05 -0.000821053 -0.000729504 0.000772346 5.11336e-06 2.66095e-07 0.000682031 -0.000368343 -1.32218e-06 -3.60921e-06 2.34302e-06 -1.92e-05 -3.85345e-06 -0.000489033 -1.70144e-06 0.000433167 7.6984e-05 -8.90701e-06 -1.09551e-05 -2.64725e-05 0.000352122 8.66803e-06 0.000483358 -1.86809e-07 -0.000224376 5.50195e-05 0.000179393 -0.000706085 0.000862997 0.000398701 -3.89986e-06 -5.99284e-06 0.000497836 -2.91488e-05 7.94781e-06 -0.00072294 -8.03681e-05 -4.55531e-06 -8.65435e-05 6.46499e-06 -5.51372e-07 -0.000335779 0.00088367 -1.04734e-05 3.27704e-05 -1.65617e-06 -5.2776e-06 -0.000749176 -0.00121376 -7.82869e-06 -0.0010406 -8.16908e-05 -0.000584345 
-0.000445326 0.00183859 0.0181963 0.00197921 0.00137771 0.00397863 -0.000557085 0.000767164 -1.83514e-07 -0.022886 -5.91164e-05 -0.0659835 0.0830151 0.000413893 0.0614175 -0.00189481 0.00376565 -0.0549632 0.075047 -0.000479664 0.111205 -1.8439e-05 -0.0367337 0.0664709 -0.0299877 -0.00266838 -0.056044 0.00825341 -0.000553482 -0.000832908 -9.72627e-05 0.000200263 0.0458796 0.0205447 -0.00254336 -0.000100894 -0.0201939 -0.0439742 -0.0015359 7.92451e-05 -0.00262682 -0.00197688 0.00594346 0.055058 -0.0209589 -0.0321391 0.0293953 -0.00144362 -0.0281721 -0.0289234 -0.0251783 0.000211251 -6.47325e-06 -0.0382602 0.0646989 8.50571e-05 0.00043562 -0.00619875 -0.00287278 -0.000177601 0.0781001 0.000202078 -0.0236333 -0.000711842 0.00133505 0.000850839 -0.00149027 0.00260008 0.000243302 0.0164804 2.98435e-05 0.0377181 -6.21492e-05 -0.00026592 -0.0211407 -0.0418788 -0.00567744 0.000517196 -7.22433e-05 -0.0692204 -0.00114672 0.00200425 0.0324169 -0.000285525 0.000594112 -0.00289906 -0.00102328 4.96337e-05 -0.00974995 0.0107694 0.0018387 -4.75648e-05 0.000210262 0.000627971 -0.0350617 -0.0349161 -0.000234592 -0.0310742 -0.00226098 -0.032505 
0.000102078 4.95842e-07 -6.00505e-05 8.7366e-07 7.74262e-05 3.31076e-06 -2.56848e-06 0.000109333 -4.1395e-08 3.40745e-05 4.66644e-07 -6.81834e-05 -5.03616e-05 -3.17071e-06 -1.98752e-05 3.45482e-05 -2.87986e-08 0.000151905 -0.000114844 5.29574e-05 -1.8439e-05 0.000524081 0.000107251 -3.86819e-05 -0.000129916 1.47575e-05 2.80676e-07 5.3408e-06 1.57601e-05 -1.0877e-05 -7.09651e-07 -1.27132e-06 -0.000228388 3.28748e-05 0.000152483 -5.5961e-07 -7.6106e-05 -3.56926e-05 5.68051e-06 6.30438e-06 -5.35207e-06 6.58052e-05 2.86663e-05 -0.000165177 -3.22106e-05 7.89948e-05 -0.000148726 1.79303e-05 4.89672e-05 7.21362e-05 -7.71889e-05 5.63138e-07 3.17446e-07 -4.78443e-05 -4.83429e-05 1.27609e-05 4.41381e-06 -2.80345e-05 -1.16068e-05 -3.64759e-06 -3.94555e-05 5.30431e-06 -5.70014e-07 8.81841e-05 -1.07031e-06 1.42557e-05 -5.94039e-06 1.76281e-06 -3.28858e-07 -0.000152006 -3.56154e-08 -8.97097e-06 8.60443e-05 -5.53894e-07 2.71453e-05 -7.95931e-05 0.000137354 -3.26443e-07 5.05507e-06 9.19498e-06 6.09148e-05 7.1918e-06 6.78903e-05 1.81324e-05 4.21183e-06 -1.19171e-05 -4.92275e-06 3.76213e-07 8.65077e-05 -0.000227564 -1.45542e-05 5.59053e-06 1.28092e-06 1.95096e-06 -0.000174399 8.95268e-05 -1.06149e-06 -0.000124805 -8.22632e-05 -0.000122478 
-0.00792375 -0.0038304 -0.0298047 -0.000508314 -0.00242217 -0.00151748 -0.000856869 -0.0053724 6.14079e-06 -0.0146661 0.000661189 -0.0844858 -0.0699031 -0.00278919 -0.0225004 0.0113865 -0.000455484 0.119302 -0.0542817 -0.00104964 -0.0367337 0.000107251 0.213835 -0.0194078 -0.0196981 -0.00126904 -0.0610663 -0.00301974 0.000104432 -0.00873383 0.000662274 -0.000313033 -0.0203865 -0.0161019 0.009818 -0.000299281 -0.0248263 -0.00364744 -0.00188173 -0.000191919 -0.00567296 0.00173048 -0.00257759 -0.13214 -0.053336 0.134099 -0.10932 0.00927996 0.00892572 -0.0178502 0.0175513 -0.000132821 2.58362e-05 0.0842446 -0.0427443 0.000175462 -0.000804746 -0.00510224 -0.00538996 0.000278224 -0.0362499 -1.15816e-05 -0.0995083 0.000630241 -0.000740257 -3.22468e-05 0.00634248 -0.00410686 -0.000151214 -0.0803051 -2.04887e-05 -0.00825959 0.000171545 -0.000364818 0.112088 0.0508495 0.0144858 -0.000203263 0.000324844 0.02878 0.00464202 -0.00127311 -0.0275154 -0.00969772 -0.000342966 0.010615 -0.00316439 7.61551e-06 0.041176 -0.127311 -0.00109605 -0.000566022 0.000169537 -0.000745576 0.0942217 0.0632312 0.000505428 0.129802 0.00138376 0.12506 
-0.000279321 -0.000209267 0.0103504 9.75835e-05 0.000529533 0.0032775 -0.000309903 -0.000745976 -1.88032e-06 -0.0181684 -1.94109e-05 -0.0508641 0.0564116 0.000150564 0.0494834 -0.000565656 0.00265516 -0.032087 0.0450353 -0.000335181 0.0664709 -3.86819e-05 -0.0194078 0.0839457 -0.0229254 -0.00199715 -0.042939 0.00660713 -0.000448945 -0.00157688 -0.000101202 -7.17183e-05 0.0315585 0.0156826 -0.00132864 -7.81438e-05 -0.0154041 -0.0323399 -0.0010884 -1.99667e-05 -0.00220923 -0.0018247 0.00480705 0.0306594 -0.0160432 -0.0142695 0.0210328 -0.000972954 -0.0260421 -0.0207364 -0.0276006 6.95102e-05 -4.74062e-06 -0.0253805 0.047542 5.42986e-05 0.000416353 -0.00378781 -0.00193383 0.000350313 0.0571701 0.000175964 -0.0336186 -0.000479389 0.00147498 0.000370876 -0.00104947 0.00281105 3.24412e-05 0.00303307 6.83926e-06 0.0336211 -4.30429e-05 -0.000279948 -0.00516718 -0.0332573 -0.00409293 0.000308486 -9.45486e-05 -0.0560491 -0.000383182 0.00103414 0.0226892 -2.27398e-05 0.000339244 -0.000171516 -0.000859462 -1.16134e-05 -0.000580387 -0.00191364 -0.0026646 -2.18548e-05 6.0278e-06 0.000404736 -0.0221794 -0.022597 -0.000174969 -0.0128657 -0.00204985 -0.0158806 
-0.00326721 0.00123034 -0.0215582 -0.00130632 -0.00290104 -0.00152317 0.00286596 -0.0122451 -2.22714e-05 0.000849871 -0.000484101 0.0273515 0.00158017 -0.00135552 -0.0202049 -0.00517223 -0.00222947 -0.0820433 -0.0113868 -0.00029875 -0.0299877 -0.000129916 -0.0196981 -0.0229254 0.211502 0.00904084 -0.000200264 -0.00142784 -0.0010853 0.0197731 0.000244402 -0.000311771 -0.059059 -0.0236268 -0.00582208 -1.93705e-05 0.0485515 0.0287748 0.00482856 7.05616e-05 0.0135945 -0.00199073 -0.00204688 -0.039659 -0.0225973 -0.0239642 -0.00416815 -0.00201329 0.0489664 0.0221573 -0.0191861 -8.39102e-05 -7.13071e-06 0.00663164 -0.013472 -0.000115663 5.14582e-05 0.0330768 0.0154254 0.0034028 -0.0147077 -8.8511e-05 0.00347451 -0.00111426 0.000109461 -0.000797369 -0.00209808 0.000413604 -4.03937e-05 0.00187117 -1.68452e-05 -0.016728 -0.000141105 -0.000812724 -0.044903 -0.0189098 -0.0127844 -9.21608e-05 -0.000178432 -0.0041601 -0.0039498 0.000947158 -0.00364278 0.00993686 -0.000332186 -0.00609653 0.00230253 -6.93587e-05 -0.00355625 0.0236365 0.0102129 -0.000278757 8.75969e-05 -0.000866778 0.0130299 0.0156604 -0.000397604 0.00210237 1.8631e-05 0.0125861 
-0.000657402 0.000902194 -0.000117878 -0.000104116 -0.00023319 -0.00011752 -9.96506e-05 -7.49246e-05 -1.72106e-06 0.00603758 6.2289e-06 0.00899049 -0.00406454 -5.23786e-05 -0.00157851 7.71725e-05 -0.000180723 -0.0090189 -0.00658372 -6.64129e-05 -0.00266838 1.47575e-05 -0.00126904 -0.00199715 0.00904084 0.0213256 0.0103762 -0.000222828 -0.000120672 -0.00113699 -2.78826e-05 -1.77034e-05 -0.0120545 0.00764189 -0.000446662 2.83889e-05 0.00973405 0.0100717 0.000563 0.000127962 0.00034664 -0.000168698 -0.00019651 -0.00546794 -0.00287986 -0.00597797 0.00574394 -0.000203349 0.0121609 0.0131286 -0.0128442 1.16788e-06 -1.06695e-06 -0.00966618 -0.00207424 1.99474e-06 -2.15565e-05 -0.000909401 -0.000488467 4.03903e-05 -0.0026344 -8.91104e-06 0.00825805 -0.00011499 -5.2857e-05 -5.42384e-06 -0.000256519 -0.000367695 -1.36728e-05 -0.00897738 2.39701e-06 -0.00123379 -9.46111e-06 0.000113623 -0.00385528 -0.0129175 -0.00095362 9.44786e-05 -1.88245e-05 0.00296673 -0.0002948 1.93005e-06 0.00486483 0.000813862 -1.93581e-05 -0.000501542 -0.000214969 -2.05947e-06 3.74066e-05 -0.00632079 -0.000668124 -2.16305e-06 -1.62365e-05 0.000566668 -0.00767864 0.00945462 -4.49905e-05 -0.00617781 -0.000444941 -0.00591665 
-0.0110248 0.00141153 0.019871 -0.00180821 0.000357656 -0.00234073 -0.00220539 0.00650343 -2.5595e-05 0.0997851 -0.00073836 0.18489 -0.0584146 0.0022162 -0.0336541 -0.00615174 -0.00380502 -0.0337085 -0.0758999 0.00078998 -0.056044 2.80676e-07 -0.0610663 -0.042939 -0.000200264 0.0103762 0.24905 -0.00441118 -0.00177975 -0.0233031 -0.000594706 0.000763815 -0.070211 0.0428751 -0.00891023 0.000519349 0.0847217 0.12959 0.00423253 0.000199564 -0.00635946 0.00206179 -0.00217211 0.0162863 0.0768404 -0.110522 0.116262 -0.00615389 0.0848907 0.120147 -0.0746308 -8.82713e-05 -2.35578e-05 -0.135065 -0.0386605 -0.000132889 0.000511511 -0.0226735 -0.0106302 -0.00316242 -0.0394046 -0.000158729 0.168799 -0.000161489 -0.00121383 -0.00120135 -0.00539043 -0.000488635 -0.00027769 -0.0227423 -1.62458e-05 -0.0264956 -0.000221825 0.00104698 -0.0714988 -0.0928185 -0.0166981 -0.000318935 -0.000149991 0.0619566 -0.00633235 -0.00468187 0.0507233 0.0118697 -0.000172951 -0.0107132 0.00391398 3.09753e-05 -0.0358826 0.0443916 -0.0123129 0.000102447 -0.000344632 0.000716013 -0.132984 0.0614758 -0.0009468 -0.126243 -0.000303769 -0.140494 
-0.000324295 -0.000151238 0.00126868 0.000163836 -0.000102271 0.000212531 6.91669e-06 -0.000166779 -8.38639e-07 -0.00213035 -1.99459e-05 -0.0057128 0.00795377 -6.82549e-05 0.00430604 -0.000187285 -5.11382e-05 -0.00507461 0.00652031 -3.98818e-05 0.00825341 5.3408e-06 -0.00301974 0.00660713 -0.00142784 -0.000222828 -0.00441118 0.0105103 0.000312651 -0.000348798 1.23673e-05 0.000156927 0.00377026 0.00233438 -0.000218926 -8.87072e-06 -0.00174613 -0.00372896 -0.000127135 8.15113e-05 -0.000216329 -0.000193918 0.00080424 0.00469239 -0.00204806 -0.00291382 0.0038421 0.000237638 0.00250079 -0.00225907 -0.00445046 1.11317e-05 -5.46974e-07 -0.00484248 0.00752935 6.77317e-06 0.000869512 -0.000491786 -0.000211525 8.11302e-06 0.00789294 5.66004e-06 -0.0053711 -6.19201e-05 0.000111324 -1.2156e-05 -0.000111675 -0.000102268 9.4682e-05 -0.00451882 4.78452e-07 0.00486496 -5.41104e-06 3.29811e-05 -0.00198034 -0.00664911 -0.000481372 2.78366e-05 1.72571e-05 -0.00885315 -0.000123779 7.09586e-05 0.00678581 -0.000256674 9.26855e-05 -0.000242117 6.21738e-05 1.14419e-05 -0.000865327 -0.00385617 0.000636139 -9.71637e-06 4.42929e-05 0.000164163 -0.00370287 -0.00309507 -2.05444e-05 -0.00270843 -0.000587117 -0.00336095 
0.00143475 -6.42032e-05 -0.000648118 4.93613e-05 5.08945e-05 -1.43187e-05 0.000142097 -0.000264631 1.11389e-05 -0.000193271 -1.14683e-05 -0.002612 -0.000975002 -3.71308e-05 -0.00032953 3.21356e-05 4.69375e-05 0.00210161 -0.00118686 0.000143223 -0.000553482 1.57601e-05 0.000104432 -0.000448945 -0.0010853 -0.000120672 -0.00177975 0.000312651 0.00622428 0.000458547 2.0512e-05 3.83595e-05 0.00242299 -0.000877234 0.00125445 -6.48463e-06 -0.00104639 -0.00130755 -3.98417e-05 -6.2283e-06 -1.45866e-05 -8.84555e-05 -5.10192e-05 -0.00235029 -0.00109226 0.00270712 -0.00192797 3.04837e-05 -0.00102509 -0.000560805 0.00033404 -2.25097e-06 -2.1139e-07 0.00172602 -0.000599246 -4.23782e-07 0.000265288 -4.8621e-05 -4.12176e-05 2.05122e-06 -0.000574722 -2.73576e-06 -0.00354151 0.000151124 -1.42013e-05 2.60427e-05 0.00038705 -0.000112656 0.000201127 -0.00265385 4.97457e-06 -0.000285187 3.44253e-05 4.84949e-05 0.00220679 0.0010032 0.00354349 -2.76196e-06 3.19669e-06 -0.000720705 0.000351136 -4.50576e-05 -0.000724192 -0.000204303 -3.86358e-06 0.000777161 8.04036e-05 3.85589e-06 -0.000494527 -0.00280903 0.000577026 1.20396e-06 2.93175e-05 0.000937151 0.000882459 -0.00179469 7.46596e-06 0.00176444 -0.000112654 0.00255685 
-0.00139756 -3.31406e-05 -0.00588255 -0.000228233 -0.000567925 -0.00015488 0.00354479 -0.0019232 -1.53646e-06 -0.0102634 -5.94457e-05 -0.0254951 -0.00566985 0.000324362 -0.00284356 -0.000780301 -0.000364 -0.0127922 0.0233372 1.09606e-05 -0.000832908 -1.0877e-05 -0.00873383 -0.00157688 0.0197731 -0.00113699 -0.0233031 -0.000348798 0.000458547 0.0502811 0.00021139 -0.000122151 0.0193404 -0.00968038 -0.000868175 -5.66709e-05 -0.00896234 -0.0178596 -0.000562028 -3.81833e-05 -0.00113467 -0.00105353 0.000489007 -0.00508492 -0.0101253 -0.00219386 -0.0265096 -0.000644178 -0.018199 -0.012621 0.0150059 5.09916e-06 -1.34521e-06 0.0200636 -0.00521792 -1.83169e-05 -0.000119863 0.0256493 0.0179327 0.000292103 -0.00329921 7.68401e-05 -0.023162 -7.39454e-05 0.000547983 -0.000143002 -4.84039e-05 -0.000594293 7.75859e-05 0.0210533 -3.60672e-06 -0.00171165 -2.39358e-05 0.000108136 -0.00769185 0.0171556 -0.00194366 -5.27553e-05 -8.269e-05 -0.0253952 -0.000612248 0.000575087 -0.0102846 -0.00036483 -2.8076e-06 -9.04952e-05 -0.000311647 -8.49732e-06 -0.00458558 0.0083089 0.00128211 -0.000105661 3.60548e-05 -0.000473123 0.0303471 -0.0171741 8.56092e-05 0.0208262 -0.00183653 0.0283496 
-3.36671e-05 -1.12813e-05 -9.5827e-05 1.6288e-05 8.72988e-06 -7.43109e-06 4.58644e-06 -5.60299e-05 -1.06842e-07 -0.000283008 -5.85744e-07 -0.000729224 -0.00024622 -1.22309e-05 -5.6567e-05 -1.88706e-05 -8.49678e-06 8.44484e-05 -0.000312096 -4.77199e-06 -9.72627e-05 -7.09651e-07 0.000662274 -0.000101202 0.000244402 -2.78826e-05 -0.000594706 1.23673e-05 2.0512e-05 0.00021139 0.00135155 2.27243e-06 -0.000227782 -0.000153218 -9.86582e-06 -1.36659e-06 -0.000218271 -0.000350463 -1.62682e-05 -1.4226e-06 -2.03345e-05 -2.27807e-05 -9.37279e-06 -0.000567341 -0.000200406 0.000771738 -0.000526909 0.000124133 0.000170023 -0.000316308 0.0002368 -6.40027e-07 1.1192e-06 0.000589158 -9.5914e-05 -5.59727e-07 -7.91154e-07 0.000276442 9.39038e-06 3.3241e-05 -0.000131395 2.97554e-06 -0.000812093 -7.69592e-06 -7.98822e-07 -3.88121e-06 7.69055e-05 -2.83153e-05 6.52898e-06 -0.000240632 -9.19244e-08 -7.0482e-05 2.20685e-07 -3.22585e-06 0.000155026 0.000384401 -3.19904e-05 -1.55951e-06 -7.61311e-08 -0.000503432 3.20917e-05 -1.41861e-05 -0.000272178 -5.07832e-05 -1.83356e-06 -2.69052e-05 -8.24204e-06 -3.76856e-07 1.49158e-05 -0.00067173 0.000334789 -2.92094e-06 2.84054e-05 -1.30314e-05 0.000722004 0.000217873 2.2029e-06 0.000796613 -5.66867e-05 0.00078692 
-4.5406e-05 0.000101434 0.000372217 0.000271955 3.51967e-06 3.35555e-05 -1.21361e-05 -4.36123e-05 4.96946e-08 0.00121317 -2.15251e-06 0.00048243 2.44342e-05 -1.6308e-05 4.14669e-05 -4.0275e-05 0.000104097 -0.000742086 -0.000247617 -6.54306e-06 0.000200263 -1.27132e-06 -0.000313033 -7.17183e-05 -0.000311771 -1.77034e-05 0.000763815 0.000156927 3.83595e-05 -0.000122151 2.27243e-06 0.00246084 -0.0010073 0.00135548 -5.10973e-05 1.28006e-05 0.000371935 0.000376141 -9.15792e-06 3.81802e-06 -5.11955e-05 1.26725e-05 -4.22515e-06 -0.00044633 -0.000157273 -0.000666833 0.000884079 -1.72441e-05 0.0010453 0.00134874 -0.00148233 5.13337e-06 -1.27019e-07 -0.00117209 0.000353766 7.42418e-06 7.91696e-05 -0.000118593 -5.59288e-05 -1.39829e-05 -6.08855e-05 -9.55275e-07 0.000332274 -9.59907e-06 -4.61025e-06 -2.39544e-06 -2.94981e-05 -4.91683e-05 7.93061e-06 -0.000964785 1.35436e-05 -5.71999e-05 -1.18199e-06 -1.55922e-05 -0.000464739 -0.0015645 -0.00011004 -1.2044e-07 -3.40517e-06 -0.000215526 -3.28395e-05 5.92634e-06 0.00102091 2.7075e-05 4.88004e-06 -5.6564e-05 0.000177753 1.11307e-06 -0.000208358 -0.00100516 5.51153e-05 -3.14647e-06 1.23461e-05 -1.38036e-05 -0.000892479 0.00077878 -5.09853e-06 -0.000692248 -2.84116e-05 -0.000825112 
0.000208657 -0.00136754 -0.0124383 0.000787929 -0.000256098 0.00185803 0.00135638 0.00364992 2.33853e-05 -0.0789255 -0.000820967 -0.0904055 0.0177994 0.00169277 0.0278788 -0.00715096 0.00225813 0.0515475 0.0994883 -0.000667952 0.0458796 -0.000228388 -0.0203865 0.0315585 -0.059059 -0.0120545 -0.070211 0.00377026 0.00242299 0.0193404 -0.000227782 -0.0010073 0.242117 -0.0449218 0.00231894 -0.000568705 -0.0894523 -0.0882914 -0.00651792 -0.00039651 -0.0131475 -0.00935457 0.00185293 0.0569191 0.0105665 0.0224023 -0.0548761 -0.0047359 -0.143119 -0.105651 0.101633 -0.000103476 -4.04924e-06 0.0322925 0.00781419 -0.000147486 0.000317633 0.00710823 0.00604739 -0.00252708 0.0325498 0.000155409 -0.052534 -0.00103565 0.000475494 -0.000409232 0.00278338 0.00247856 0.000234133 0.0916195 2.63061e-06 0.0165697 -0.000136716 0.000593444 0.0100593 0.0874332 0.0103362 -9.32972e-05 -0.000557114 -0.047475 0.000159792 0.000110859 -0.0325911 -0.00848108 0.000134414 0.00780209 -0.005164 -7.57277e-06 -0.0236216 0.0403359 0.00337847 -6.30048e-05 0.000127734 -0.000613444 0.0596487 -0.146975 0.000351225 0.0341416 -0.000751665 0.0351392 
