0.000875244 0.00015548 -0.000166828 -7.80671e-06 -2.46679e-05 0.000147566 -3.09327e-05 1.16348e-05 -5.67996e-06 -7.93125e-05 -2.53066e-05 -4.90078e-05 -4.37436e-05 -9.33664e-06 -6.24314e-05 0.000171956 -5.70092e-07 -9.49688e-07 6.28146e-05 5.10839e-05 0.000131765 -1.1724e-05 -2.06115e-05 -6.72095e-05 -2.81338e-06 4.50956e-06 -0.000100056 7.01427e-05 6.63736e-05 -1.58473e-05 -1.14406e-05 -5.26551e-05 -0.00039177 1.32961e-06 6.58457e-05 -1.2582e-05 2.26788e-05 -0.000114721 -1.44262e-05 -6.4176e-05 -4.55528e-06 0.000229892 -6.07063e-05 -6.33715e-05 7.98556e-06 -6.35712e-05 -5.79649e-06 -0.00043924 -9.96989e-07 -3.76475e-06 -2.02972e-07 2.95405e-06 -5.8975e-08 -6.04638e-05 -0.000171597 -5.35959e-06 -8.106e-05 0.000174847 -3.10435e-06 -1.35162e-06 -1.12977e-05 -5.4114e-05 -8.68984e-06 2.69914e-06 -7.43388e-05 -8.90384e-05 8.02584e-05 0.000186086 5.56458e-05 8.05312e-05 -9.0285e-06 -8.43373e-06 4.05666e-06 1.38234e-05 0.000210062 0.000162642 -2.26114e-05 -0.000156593 0.000132304 -1.11402e-06 1.36503e-05 -7.71502e-05 -6.57132e-05 -1.15283e-05 3.81865e-05 1.03803e-06 -4.00528e-05 5.46722e-05 -4.4629e-06 -6.01168e-05 2.31307e-07 -1.03867e-05 -4.47989e-05 -7.36026e-05 -1.24364e-05 -3.43586e-05 -3.12691e-05 -2.39157e-05 -1.28652e-05 -2.64776e-07 
0.00015548 0.215957 -0.0987587 -0.000584929 -0.00933557 0.099634 -0.00989624 -0.0334568 -0.00423883 -0.0558515 -0.00996705 -0.0173208 -0.018814 -0.0077616 -0.0217533 -0.0265839 -0.000533286 -0.000539304 -0.000737367 0.0124043 0.0726443 -0.00439039 -0.00487863 0.0350549 -0.0296751 0.099779 -0.0211912 -0.0198378 0.0179203 0.0170447 0.000335099 0.100211 -0.0290794 -0.000589949 0.136769 -0.00436558 -0.0443917 0.057129 -0.00658544 0.0286499 -0.00159758 -0.017625 -0.0197885 -0.0219934 -0.00018472 -0.0212176 -0.00683359 -0.0328066 -0.000475217 -0.0337777 -3.52776e-05 -4.85483e-05 -1.73731e-05 -0.037526 -0.0693283 -0.0163568 -0.0259396 -0.0198637 -0.000971618 -0.000584794 -0.00426875 -0.0281446 -0.000865521 -0.011814 -0.0227916 -0.0636604 -0.00129779 -0.022763 -0.00382595 -0.0453686 -0.00284927 -0.00204355 -0.00146726 -0.000634075 0.0117558 0.0163084 -0.018742 -0.0931437 0.0513941 1.84189e-05 0.0731525 -0.0341098 0.0583517 -0.0160772 0.0810914 -0.00154261 0.05768 -0.00165988 -0.00581779 0.103812 -0.00332987 -0.00414478 -0.0177332 -0.0456594 -0.00236096 -0.0126032 -0.0452719 -0.0144865 -0.0102361 -0.000450455 
-0.000166828 -0.0987587 0.247297 -0.00378941 0.0136322 -0.139495 -0.0143178 -0.0289505 -0.00688702 0.0392625 0.00841683 -0.0224966 -0.0217926 0.00364361 -0.0293868 -0.0241312 2.85157e-06 0.000996734 -0.00114916 -0.0229055 -0.0656714 0.000906068 0.00315384 -0.0335162 0.0187574 -0.0138618 0.0649951 -0.0238129 0.0424435 0.0822851 -0.0036867 -0.0224967 0.0500543 -0.000800126 -0.0994186 0.00602936 -0.00255057 -0.0105061 -0.00780503 -0.0273253 -0.00144088 0.0101893 -0.0288845 -0.0291356 -0.000488901 -0.0286108 -0.00620693 0.0671954 0.000114533 -0.00160039 -7.84593e-05 -5.37299e-05 -2.60832e-05 0.0469383 0.0898447 0.029167 -0.0164988 -0.00475355 -0.00149354 -0.000464821 -0.000840745 0.0225261 -0.00249304 -0.00817058 -0.00545038 0.0558344 -0.00168191 -0.009486 -0.00790389 0.000181139 0.00123664 0.000633883 -0.0013748 0.000607179 -0.0393151 -0.0147152 0.00749551 0.150611 -0.008941 -0.000438308 -0.0605795 -0.0140791 0.0153945 -0.00377962 -0.0608217 -0.000290555 -0.0576404 -0.00103984 -0.0133473 -0.0308633 -0.00125967 0.00344603 0.026178 0.0476155 0.000768845 -0.0167338 0.0187764 0.0219993 0.00877556 -0.000745094 
-7.80671e-06 -0.000584929 -0.00378941 0.00962887 -0.000373156 -0.000852066 -0.000251633 3.59228e-05 1.96465e-05 -0.000877656 8.48921e-05 -0.000236106 -0.00034715 -0.000307458 0.00323794 0.000936053 -1.58563e-05 -1.94374e-05 0.00118669 -0.000369337 0.000432222 0.000978412 0.001125 0.00440464 0.000748307 -0.00267146 -0.000838987 0.000172027 -0.00433492 -0.00492324 0.000287906 0.000723261 5.52602e-05 -2.08117e-05 0.00385045 0.000333926 0.000561151 0.000310396 -9.20951e-05 0.00017627 -3.66195e-06 -0.000188893 0.000265606 0.00112347 0.000806241 0.00373749 0.000230675 -0.000481644 -2.67821e-05 -8.20757e-05 8.11375e-06 7.15856e-05 2.12065e-07 -0.000970953 -0.00359766 -0.000560002 0.00258474 0.000386743 3.86985e-05 0.000577353 -6.80693e-05 -0.000579349 0.00039595 -0.000250553 0.000236609 -0.00139934 0.00033611 0.000221418 6.92483e-05 -0.000756631 0.00057178 0.00023255 -3.45619e-05 -1.75007e-05 0.000286186 0.00292662 -0.000305946 -0.0034196 -0.00333505 0.000521282 -0.00413774 0.000830702 -0.00313092 -0.000887564 0.00397552 0.000163557 0.000923881 0.000377787 9.04463e-05 -0.00306439 -5.11036e-05 0.000239634 -0.000527264 -0.000833737 1.12966e-05 -1.37377e-05 -0.00126359 -0.000375864 -0.000275993 2.2937e-05 
-2.46679e-05 -0.00933557 0.0136322 -0.000373156 0.0686848 -0.0175535 -0.00258513 -0.00699485 0.00385878 0.0229382 -0.00270813 -0.00432426 -0.00397274 -0.00203958 -0.00538094 -0.00688908 -0.000101383 -6.40256e-05 -0.000288095 -0.00222672 -0.0060873 -0.00112905 -0.000620695 -0.00383276 -0.00667026 -0.00708104 -0.00414478 -0.00475832 -0.0115484 0.00576947 0.0083157 -0.0174501 0.00225999 -8.397e-05 -0.0244975 0.00018776 -0.00925898 -0.0336627 -0.00124423 -0.00570341 -0.000122239 -0.00360868 -0.0053296 -0.00529228 -0.000254083 -0.00548235 -0.00186879 -0.0136929 0.00127244 0.0152629 -1.16673e-05 -1.22206e-05 -2.80566e-06 0.0220557 0.0144252 -0.00080583 -0.00680817 0.00175816 -0.000270215 -0.000133696 -0.00136735 0.0144014 -2.36918e-05 -0.000438421 -0.00440484 0.0218806 -0.000346471 -0.00472659 0.00219347 -0.00116855 0.000271108 0.00933951 -0.000270158 -0.00014727 0.00547901 -0.00448972 0.0128137 0.0202476 0.00810647 -9.11491e-05 0.000971352 -0.00792028 -0.0105716 0.0241699 -0.00496227 0.00124544 -0.0140461 -0.000420642 -0.00114258 -0.0158399 0.000372648 0.000666089 0.00742328 0.0129969 -0.00126805 -0.00303523 -0.00106362 0.00356582 -0.00232477 -0.00016547 
0.000147566 0.099634 -0.139495 -0.000852066 -0.0175535 0.246468 -0.0202282 -0.0298978 0.00425212 -0.0607618 -0.00415211 -0.0334486 -0.0358627 0.00271786 -0.0420516 0.0254218 -0.000117753 -0.000822587 -0.000509572 0.0217224 0.0869858 -0.00612189 -0.0052332 0.0259164 -0.00861473 0.0960376 -0.0535952 -0.0242194 0.0316793 -0.0482474 0.0168349 0.0945681 -0.0759228 0.000236674 0.10088 -0.0084822 0.00573131 0.0465436 0.00966568 0.019992 -0.000900543 -0.00791272 -0.038596 -0.0407034 -0.0010979 -0.0409046 0.00591849 -0.058295 -0.000401314 -0.0145994 -1.02868e-05 2.90073e-05 3.88231e-06 -0.0592087 -0.0254884 -0.0312618 -0.0556348 0.00185977 -0.00166537 -0.00105952 -0.0105428 -0.03429 -0.00196081 0.000904478 -0.0405426 -0.0702536 -0.000636604 0.00814411 0.00814591 0.00774224 -0.00353573 0.00178632 0.000472645 -0.000229896 0.0330948 0.0165211 -0.0210074 -0.0776011 0.0789596 -0.000531118 0.115479 -0.0424944 0.0624366 -0.00256157 0.0657402 -4.691e-05 0.059979 0.000456644 0.00879243 0.0976696 -0.00157454 -0.00400227 -0.0318461 -0.0627138 -0.000771207 -0.0231291 -0.0527541 -0.0244937 -0.00876796 0.000645321 
-3.09327e-05 -0.00989624 -0.0143178 -0.000251633 -0.00258513 -0.0202282 0.0351472 0.0281492 -0.000839782 -0.00114646 -0.001409 0.0297595 0.0318265 -0.00154423 0.0327002 -0.0039887 -6.50337e-05 -8.4352e-05 -0.000134322 -0.00219855 -0.0106947 0.00158247 -0.000832592 -0.00215664 -0.00337556 -0.0238179 -0.00529067 0.0170077 -0.0181601 -0.0145343 -0.00199582 -0.0238517 0.00796278 -7.80827e-05 -0.00910687 -0.000526513 -0.00243499 -0.00901527 -0.000993306 -0.00292511 0.00140873 -0.0026499 0.032545 0.0328419 8.57159e-05 0.0312207 -0.000931047 0.00573604 -0.000129915 -0.0042014 3.59925e-05 -8.3907e-06 8.12201e-06 -0.0040946 -0.0144669 -0.0020355 0.0320048 -0.0021878 0.000431073 0.00034961 0.0066165 -0.00215539 -0.000481364 -0.00139213 0.013145 -0.00680851 0.00043881 -0.00279969 -0.000830231 -0.00557042 -0.000335659 -0.000529694 0.000123181 -4.26556e-05 -0.00499767 -0.00312492 -0.00100254 -0.0202801 -0.0276607 4.4323e-05 -0.0183905 0.0237108 -0.0198304 -0.00557939 -0.00825553 -5.13073e-05 -0.0071348 -0.000243753 -0.00108679 -0.0208085 -0.000381125 0.000324551 -0.00203179 -0.00532039 -0.000655041 0.0149311 0.0089682 -0.00155207 -0.00041474 -0.000141866 
1.16348e-05 -0.0334568 -0.0289505 3.59228e-05 -0.00699485 -0.0298978 0.0281492 0.103141 -0.00255067 -0.00906251 0.00759637 0.0447091 0.0476648 -0.00490239 0.0533788 0.0333414 -0.000128257 -0.000176841 0.000122934 -0.00238457 -0.0125746 0.00204819 0.00107212 -0.00330269 0.00366071 -0.0728197 0.00931857 0.0431537 -0.0454321 -0.0548877 -0.00594101 -0.0560853 0.00882223 -0.000166877 -0.0206249 -0.00074021 0.0373944 -0.0322429 0.00473182 -0.00843423 0.000745142 0.00158535 0.0533011 0.0526511 -0.000211736 0.0516406 0.00648008 0.00231329 2.86653e-05 -0.00252093 0.000114054 6.30608e-05 2.43049e-05 -0.0118911 -0.0464645 -0.0061581 0.0536344 0.00319774 0.00249708 0.000941673 0.00981475 -0.00873484 -0.00153788 0.00335255 0.0353129 -0.0135538 0.0024203 0.00716449 0.00268046 0.00455155 -0.000409311 -0.00179325 0.000215595 0.00151086 0.00350776 0.0128183 -0.00482003 -0.0465154 -0.073812 6.8332e-05 -0.0536742 0.0690771 -0.0617724 -0.00631084 -0.00100746 0.0018503 -0.0230898 0.000195662 0.0125681 -0.062784 -0.00116456 -0.000667055 -0.00682373 -0.0165716 -0.00181407 0.0321865 0.0322369 -0.00536499 0.00201962 0.000102691 
-5.67996e-06 -0.00423883 -0.00688702 1.96465e-05 0.00385878 0.00425212 -0.000839782 -0.00255067 0.0231947 0.00591105 -0.000850748 -0.00139859 -0.00148957 0.00387579 -0.00133861 0.0031272 0.000793752 -5.76247e-05 0.000288282 0.00701056 -1.18855e-05 3.67793e-05 8.92689e-05 -0.00214426 -0.00216153 -0.00798201 -0.00284619 -0.00142502 -0.00921964 -0.00246419 0.00177826 -0.00926761 -0.0018379 -3.49146e-05 -0.00559298 9.49078e-05 -0.00155308 -0.00305252 0.00654218 0.00378774 0.00128544 -0.00128515 -0.00168136 0.000241966 -8.64834e-05 -0.00154052 0.000767557 -0.0118474 0.000157384 0.00582658 -3.93888e-07 -4.9318e-06 -4.55075e-07 0.000674467 0.0046963 -0.00117332 -0.00184425 0.00183792 -8.37318e-05 1.37093e-05 -0.000400358 0.00762119 5.37968e-05 0.00118811 0.00136392 0.00477524 -9.27265e-05 -0.000973432 -0.000335768 0.00590595 -0.000170689 -2.45601e-05 -0.000103225 -4.4211e-05 -0.0027111 0.00327617 0.00833659 0.0015685 -0.000323111 -2.91747e-05 0.0029833 -0.00259667 -0.006928 0.00545556 -0.00463839 0.000322028 -0.00166868 -0.000155031 -0.000299768 -0.00619869 0.00156905 0.000198331 -0.00128887 -0.00175147 -0.000275461 -0.000889986 -0.00307755 -0.000823458 -0.000713808 0.000532993 
-7.93125e-05 -0.0558515 0.0392625 -0.000877656 0.0229382 -0.0607618 -0.00114646 -0.00906251 0.00591105 0.147979 0.00288923 -0.00726989 -0.00469006 -0.00594902 -0.00730017 0.00794472 3.07207e-05 -0.000113864 -0.000427286 -0.00690248 -0.0347876 0.00403972 -0.000634636 -0.0177172 -0.00522127 -0.1043 -0.0141805 -0.00554382 -0.062862 0.0121219 -0.00662247 -0.112612 0.0103825 0.000653347 -0.076019 0.00298442 0.0130835 -0.0823304 -0.00228206 -0.014063 0.00165008 0.00129588 -0.00672725 -0.00492153 0.000325716 -0.00802008 0.00326145 -0.00981879 0.000681356 0.0597279 -2.06545e-05 -3.16848e-05 1.02532e-05 0.0864732 -0.0116555 -0.000199825 -0.00764235 0.0166851 -0.000654023 -0.000173554 0.000766041 0.0583688 0.00678247 0.016606 0.000665549 0.128518 -0.000148174 0.0229614 0.00588962 0.032657 0.00266023 -0.000736573 0.00263583 -0.000357456 0.0111301 -0.0156928 0.0486192 0.03464 0.0123605 -0.000245174 -0.0295612 -0.0167806 -0.0869376 0.051686 -0.035889 -0.000395585 -0.0300772 -0.000143979 -0.00168738 -0.10157 0.00643096 3.47716e-05 0.0309207 0.0941012 -0.00303773 -0.00599143 0.0357473 0.0337554 0.00131127 -0.00085436 
-2.53066e-05 -0.00996705 0.00841683 8.48921e-05 -0.00270813 -0.00415211 -0.001409 0.00759637 -0.000850748 0.00288923 0.0381544 -0.00236416 -0.00229444 -0.00162426 -0.00279204 0.00984656 3.12951e-05 0.000626234 4.07035e-06 -0.00111987 -0.00157963 0.000104413 -0.00110316 -0.00312595 0.0206561 -0.0211176 -0.0032557 0.00153312 0.00185133 -0.0188876 -0.00124488 -0.0202521 -0.0183624 -6.5992e-05 -0.0123071 -0.000486534 0.0264606 -0.0164578 0.00382213 -0.00304504 -0.000181935 0.00959261 -0.00285556 -0.00301463 7.76478e-05 -0.00288475 0.00609038 0.00267433 -7.16268e-05 0.00101828 2.97383e-05 6.23383e-05 2.43695e-05 -0.00164096 -0.0164554 -0.00169328 -0.00375119 -0.00195681 -0.00011021 -1.47194e-05 -0.000653358 -0.00323317 0.000202153 0.00384211 0.000556408 0.0122907 7.83048e-05 0.0139632 0.000799844 0.0245996 0.000191369 -0.000604342 0.000215424 6.41741e-05 -0.00158597 0.00867662 -0.00121211 0.0051366 -0.00404805 -5.67062e-05 -0.0190046 0.00331404 -0.0194637 -0.00613353 -0.00418889 0.000223684 -0.00620918 0.00036703 0.000727726 -0.0139623 -9.23511e-05 0.00019498 0.00416007 0.00779876 -0.000274993 -0.0016362 0.025156 -0.00155189 0.0150504 -0.000115538 
-4.90078e-05 -0.0173208 -0.0224966 -0.000236106 -0.00432426 -0.0334486 0.0297595 0.0447091 -0.00139859 -0.00726989 -0.00236416 0.0562241 0.0481605 -0.00256245 0.0539636 -0.00658566 -0.000110632 -0.000109644 -9.84537e-05 -0.00359078 -0.01759 0.00114125 -0.00101562 -0.00296475 -0.00520471 -0.0386271 -0.00823333 0.0352769 -0.0293414 -0.0254191 -0.00327072 -0.0383821 0.0133133 -0.000132231 -0.015669 -0.000743484 -0.0044857 -0.0122819 -0.00166312 -0.00426815 0.000650416 -0.00433241 0.052717 0.0535779 3.26236e-05 0.0518769 -0.00139157 0.0107441 -0.000209686 -0.00692049 5.68443e-05 -1.37554e-05 8.3519e-06 -0.00710405 -0.0243294 -0.00255838 0.0525583 -0.00380331 0.00232057 0.000417493 0.00641795 -0.00560669 -0.000790121 -0.00231738 0.0297589 -0.0117523 0.000498171 -0.00460524 -0.00138997 -0.00919567 -0.000474358 -0.000918967 2.5295e-05 -6.86086e-05 -0.00826339 -0.00522812 -0.00324449 -0.0329271 -0.0455538 4.03478e-05 -0.0304937 0.0447876 -0.0318912 -0.00971852 -0.0136266 -0.000167439 -0.0120143 -0.000407801 -0.00142582 -0.0340089 -0.000632047 7.54248e-05 -0.00312311 -0.00872475 -0.00102938 0.0317726 0.0226184 -0.00265252 0.000799197 -0.000129273 
-4.37436e-05 -0.018814 -0.0217926 -0.00034715 -0.00397274 -0.0358627 0.0318265 0.0476648 -0.00148957 -0.00469006 -0.00229444 0.0481605 0.060071 -0.00263817 0.0547688 -0.00661711 -0.000108204 -7.0031e-05 -0.000258971 -0.00382729 -0.0186167 0.00154621 -0.00141846 -0.003843 -0.00503633 -0.0414075 -0.00842768 0.0357265 -0.0303043 -0.0271882 -0.00348733 -0.0412354 0.0139273 -0.000141009 -0.0179751 -0.000902484 -0.00250426 -0.0130241 -0.00178532 -0.00473809 0.000985147 -0.00395384 0.0547359 0.0545615 -5.0152e-05 0.0524278 -0.00160254 0.0112026 -0.000223146 -0.00696508 4.64824e-05 -1.27766e-05 5.82292e-06 -0.00698173 -0.0265363 -0.00301555 0.0537037 -0.00391557 0.00153849 0.000408834 0.0066067 -0.00558529 -0.000784055 -0.00234239 0.0327733 -0.010099 0.000945591 -0.00460125 -0.00148906 -0.00826788 -0.000503058 -0.000995746 -2.0297e-05 -9.56818e-05 -0.00869987 -0.00562491 -0.00291984 -0.0329197 -0.0473503 3.36147e-05 -0.0325792 0.0448052 -0.0344155 -0.0099885 -0.0143575 -0.000174727 -0.0127923 -0.000442577 -0.00119693 -0.0362298 -0.000669756 0.000532978 -0.00177696 -0.00721496 -0.00112566 0.0328338 0.0224855 -0.00185672 0.00110833 -0.000194731 
-9.33664e-06 -0.0077616 0.00364361 -0.000307458 -0.00203958 0.00271786 -0.00154423 -0.00490239 0.00387579 -0.00594902 -0.00162426 -0.00256245 -0.00263817 0.0416276 -0.00315575 0.000249065 0.000742194 -6.70704e-05 0.000179704 0.00283066 -0.00343225 0.00169478 -0.00106665 -0.00436427 -0.000895954 0.00559916 0.00433403 -0.00263777 0.00525964 -0.00424828 0.00564633 0.00452319 -0.00875832 -9.4714e-05 0.000287481 -0.000611314 0.000326106 0.00873056 0.00641726 -0.00289 0.00103533 -0.0012598 -0.00286102 -0.0024175 -0.000138917 -0.00306165 -4.79939e-05 0.00183848 -1.42092e-05 -0.00496362 -8.12843e-06 2.44224e-05 -2.54109e-06 -0.00487155 0.016302 -0.0010944 -0.00313533 -0.00143811 -0.000149172 0.000139224 -0.00058612 0.0007188 -0.000526815 -0.00147787 -0.000184188 -0.0078271 -8.82248e-05 -0.0025216 -0.000795509 0.000839967 0.000630889 0.000834446 -0.000193033 -3.93425e-05 -0.00561356 0.000110807 -0.00230917 0.0142959 -0.00555471 -5.37142e-05 0.00129896 -0.00478944 0.0107403 -0.00642276 -0.00743441 6.31514e-05 -0.00346749 -0.000255211 -0.000856643 0.00961106 -0.000262411 0.000907492 -0.0024463 -0.00628106 -0.000447344 -0.00177391 -0.0062465 -0.00174513 -0.00130627 0.000454407 
-6.24314e-05 -0.0217533 -0.0293868 0.00323794 -0.00538094 -0.0420516 0.0327002 0.0533788 -0.00133861 -0.00730017 -0.00279204 0.0539636 0.0547688 -0.00315575 0.0697387 -0.0082094 -0.000117165 -0.000138296 0.00136719 -0.00435237 -0.0218252 0.00315618 0.000676591 0.000619876 -0.00531297 -0.0489349 -0.0112164 0.0438536 -0.0372343 -0.03337 -0.0041231 -0.0464213 0.0159061 -0.000166277 -0.0127415 -0.000514858 -0.0048638 -0.00939735 -0.00189663 -0.00270399 0.00153442 -0.00537848 0.0631306 0.0652519 0.000966775 0.0657422 -0.00109942 0.0132739 -0.000260437 -0.00853024 6.75566e-05 -1.68057e-05 9.07757e-06 -0.00908357 -0.0310017 -0.00388078 0.0658035 -0.00460664 0.00282376 0.000938818 0.00824422 -0.00589017 -0.00076215 -0.00293966 0.0380032 -0.0143825 0.0017493 -0.00567147 -0.00164783 -0.0115081 5.57337e-05 -0.0011627 -2.4975e-06 -8.55309e-05 -0.0103428 -0.00564972 -0.00380147 -0.0409414 -0.0580696 0.000588668 -0.0385031 0.0530644 -0.0406886 -0.0121658 -0.015232 3.00753e-05 -0.0136029 -0.000499656 -0.00101246 -0.0429236 -0.000777286 0.000376623 -0.0039303 -0.0106537 -0.00122484 0.0381175 0.0239905 -0.00346413 0.00115044 -0.000125474 
0.000171956 -0.0265839 -0.0241312 0.000936053 -0.00688908 0.0254218 -0.0039887 0.0333414 0.0031272 0.00794472 0.00984656 -0.00658566 -0.00661711 0.000249065 -0.0082094 0.0982407 0.000203835 -9.59951e-05 0.00113922 0.00750312 0.0181596 -0.000465396 0.00330516 0.00174848 0.0120251 -0.0550734 0.0100601 0.00419368 -0.0410304 -0.0598771 -0.00252091 -0.0377435 -0.0353803 0.00138229 -0.0193683 -0.0016677 0.0644715 -0.0336508 0.0137813 -0.0088696 0.00121801 0.0137091 -0.00783498 -0.00802045 1.74968e-05 -0.00784903 0.0126709 -0.0412605 0.000290631 0.0337114 8.85784e-05 4.26637e-05 2.23985e-05 -0.013127 -0.0310919 -0.00607338 -0.0102855 0.0357264 -0.000195444 -0.00015836 0.000726317 -0.00669622 0.00219396 0.0140841 0.0050249 0.0120617 0.000701675 0.0429851 0.0136729 0.0496723 -0.000634096 -0.00160983 0.00305502 0.00166965 0.0465208 0.031126 -0.00364236 -0.0236499 -0.0279768 -0.000106897 -0.0348233 0.0180109 -0.0584106 0.0142828 0.0213885 0.00258134 -0.0193941 0.00269356 0.0224985 -0.0505054 0.0052497 -0.000663663 -0.00466008 0.00521692 -0.00131858 -0.00454019 0.0149988 -0.00511286 0.00253439 0.000689523 
-5.70092e-07 -0.000533286 2.85157e-06 -1.58563e-05 -0.000101383 -0.000117753 -6.50337e-05 -0.000128257 0.000793752 3.07207e-05 3.12951e-05 -0.000110632 -0.000108204 0.000742194 -0.000117165 0.000203835 0.00186493 1.13053e-05 8.22429e-06 0.000858762 4.29554e-05 6.60977e-05 8.07686e-05 -0.000166526 0.000279633 -0.00118749 -0.000109025 -4.49692e-05 -0.00054875 -0.000665412 5.37775e-05 -0.00116701 -0.000763412 -3.38705e-06 -0.000749507 -1.01199e-06 0.000543949 -0.000487723 0.000877967 -7.94495e-05 0.000326906 0.000215234 -0.000132895 -4.1192e-05 -4.28467e-06 -0.000123178 6.94772e-05 -0.000271145 -1.30324e-06 -0.000164586 -4.32913e-07 2.33689e-06 5.19914e-08 0.000166702 0.000211723 -4.26821e-05 -9.79868e-05 -0.00011536 -5.66928e-06 -3.83078e-06 -2.06631e-05 0.000921444 -2.3873e-05 1.81437e-05 3.58474e-05 0.000426483 1.17512e-05 9.18182e-05 -3.81276e-05 0.000719983 2.2831e-05 -1.28316e-05 -5.98541e-06 -1.69368e-06 -0.00025643 0.000264498 -5.05855e-05 0.000620935 -0.000539429 4.02703e-06 -0.00068675 -6.76962e-05 -0.000814519 -0.00020867 -0.000425229 5.27983e-05 3.44852e-05 -6.27263e-06 -4.69495e-05 -0.000631541 1.04059e-05 0.000136555 0.000335515 0.000308714 -3.15542e-05 -7.66714e-05 0.000282252 4.67904e-05 0.000352169 3.89327e-05 
-9.49688e-07 -0.000539304 0.000996734 -1.94374e-05 -6.40256e-05 -0.000822587 -8.4352e-05 -0.000176841 -5.76247e-05 -0.000113864 0.000626234 -0.000109644 -7.0031e-05 -6.70704e-05 -0.000138296 -9.59951e-05 1.13053e-05 0.00243531 -7.3212e-06 -0.000110616 0.000139131 -5.2319e-06 6.16031e-05 -0.000151646 0.00101647 -0.000942681 -0.000228609 -7.51855e-05 0.000730458 -0.000214133 -3.91938e-05 -0.00103222 -0.000643191 1.73018e-05 -0.00107913 2.43794e-05 0.000785315 -0.00151442 -2.58551e-05 -0.000197385 -1.26946e-05 0.000236571 -0.000174747 -0.000173342 -2.62517e-06 -0.000179573 4.10764e-05 7.64731e-05 2.93908e-06 6.92823e-05 2.94547e-06 -2.0599e-07 -1.64351e-07 0.000101406 -0.000881182 -0.000108894 -0.000216162 -7.80125e-05 -8.87194e-06 -4.16083e-06 -5.4175e-05 -0.000176801 -1.68843e-05 -1.15211e-05 -0.000132038 0.00110906 -8.28064e-07 0.000479207 -1.22749e-05 0.000968635 9.67483e-05 -2.15214e-05 -1.11141e-05 -5.0439e-06 5.24479e-05 -5.21349e-05 -0.000141965 0.00031923 -0.000948167 -3.97156e-06 -0.000646596 -0.00016347 -0.000782071 -5.94616e-05 -0.000195771 -1.30251e-05 -0.000469396 -1.16255e-05 -9.59414e-05 -0.000590292 -2.36252e-05 0.0001742 0.000979798 0.00117893 2.71925e-05 -9.90741e-05 0.00133049 4.01471e-05 0.00104192 3.3322e-05 
6.28146e-05 -0.000737367 -0.00114916 0.00118669 -0.000288095 -0.000509572 -0.000134322 0.000122934 0.000288282 -0.000427286 4.07035e-06 -9.84537e-05 -0.000258971 0.000179704 0.00136719 0.00113922 8.22429e-06 -7.3212e-06 0.00498103 -0.000194536 -0.000293121 0.000354118 0.00184829 0.00225657 8.36658e-06 -0.00173853 -0.000156274 0.000811427 -0.0024481 -0.00225957 -5.97651e-05 -0.00187202 -0.000910632 -6.78069e-06 0.00152051 0.000946691 -2.38479e-05 0.000241903 0.000516897 0.000452234 7.21267e-06 0.000300972 0.000202568 0.000303393 0.000202886 0.00202275 0.000521026 -0.000782468 -1.5968e-05 -0.000194812 9.96231e-06 8.04044e-07 -3.37021e-07 -0.000506918 -0.00173072 -0.000184892 0.00195497 0.000672009 3.26926e-06 -2.08317e-07 0.000121867 -0.000422909 1.18317e-05 0.000267764 -9.90122e-05 -0.000523961 0.000190751 0.000928019 0.000699274 0.000612608 7.58179e-05 -6.57404e-05 8.87731e-05 -5.78752e-06 0.000370209 0.00136495 -0.000101745 -0.00204002 -0.00186254 9.40559e-05 -0.00198651 0.00153698 -0.00267824 -0.000572148 0.000467605 0.00022513 -0.000408818 0.000223047 -6.00696e-05 -0.00266336 7.76502e-05 -5.77712e-05 -0.000290667 -0.000330196 -8.23607e-06 -0.000135654 -0.0005953 -0.00014865 6.21694e-05 0.000129905 
5.10839e-05 0.0124043 -0.0229055 -0.000369337 -0.00222672 0.0217224 -0.00219855 -0.00238457 0.00701056 -0.00690248 -0.00111987 -0.00359078 -0.00382729 0.00283066 -0.00435237 0.00750312 0.000858762 -0.000110616 -0.000194536 0.0567346 0.0281115 -0.000341437 0.000739162 -0.00229345 -0.000202064 0.000631904 -0.00854353 -0.00282679 -0.00649503 -0.0167851 -0.000122346 0.00285829 -0.0225186 -0.00012197 0.00512607 -0.000882317 0.00309411 0.00351003 0.0129812 0.00590509 0.001253 -0.00345257 -0.00430937 -0.00317535 -0.000162492 -0.00447085 0.0088902 -0.0201848 0.00035934 -0.00453519 2.94099e-05 -6.26661e-06 -2.67605e-06 -0.00620778 -0.00488395 -0.00344223 -0.0059846 -0.00320857 -0.000217641 -8.28299e-05 -0.00109682 0.00010824 -0.000481265 0.00545584 0.000134941 -0.009039 0.000126341 0.00335308 0.00233293 0.0067236 0.000716656 -0.00021975 -0.000276035 -0.000120507 0.00245438 0.000499744 -0.0028249 -0.0111643 0.00136053 -7.22295e-05 0.0109398 -0.00714687 -0.00551596 -0.0014245 0.000711293 0.00154883 5.34785e-05 7.00817e-05 0.00826176 0.0094074 -0.000228057 0.000186545 -0.00352757 -0.00633151 -0.000464302 -0.00247328 -0.00604738 -0.00273557 -0.000942995 0.000724957 
0.000131765 0.0726443 -0.0656714 0.000432222 -0.0060873 0.0869858 -0.0106947 -0.0125746 -1.18855e-05 -0.0347876 -0.00157963 -0.01759 -0.0186167 -0.00343225 -0.0218252 0.0181596 4.29554e-05 0.000139131 -0.000293121 0.0281115 0.207944 -0.000616222 0.00712208 0.0174664 0.00398311 0.0461141 -0.00672018 -0.0158985 0.0103276 -0.0293911 -1.39659e-05 0.0377651 -0.0363479 0.000119555 0.0460777 -0.00107146 0.000405137 0.00904762 0.00636494 0.00783348 5.43052e-05 -0.00108201 -0.0211113 -0.0209821 -0.000714156 -0.0214843 0.00764213 -0.0608914 9.11866e-05 -0.00920271 3.03659e-05 -3.78615e-05 -1.60772e-05 -0.0177137 -0.0640803 -0.0163597 -0.0220208 -0.00909192 -0.00101138 -0.000581023 -0.0046194 -0.0135148 -0.00156555 5.70508e-05 -0.0146106 -0.036999 -0.000828708 -0.00302282 0.00144806 0.00248671 -0.000245907 -0.000298996 -0.00129273 0.000799577 0.0258786 0.0229048 -0.0136368 -0.0648155 0.0157897 -0.000364408 0.048658 -0.0220742 -0.0305715 0.0167395 0.0707072 0.00101819 -0.00316897 -0.000251083 0.0159785 0.0380127 -0.00281162 -0.00189763 -0.0127097 -0.0352739 -0.00420668 -0.0121839 -0.0271244 -0.0106311 -0.00623782 -0.00095277 
-1.1724e-05 -0.00439039 0.000906068 0.000978412 -0.00112905 -0.00612189 0.00158247 0.00204819 3.67793e-05 0.00403972 0.000104413 0.00114125 0.00154621 0.00169478 0.00315618 -0.000465396 6.60977e-05 -5.2319e-06 0.000354118 -0.000341437 -0.000616222 0.0164152 0.00110504 -0.00012157 0.00154534 -0.00600121 -0.000375821 -0.000206137 -0.00334102 -0.002639 -0.00076189 -0.00521069 0.000509838 -2.51582e-05 -0.00142847 0.000624333 0.00402438 0.000163141 0.000509553 0.000721375 0.00110798 -2.43473e-05 0.00229019 0.00275332 1.5282e-06 0.00328307 0.00261301 0.00203087 -2.35109e-05 -0.000766763 2.67987e-05 6.32045e-05 5.07613e-06 0.00158305 -0.0036661 -0.000629762 0.00455544 -0.000235586 -3.17536e-05 0.000566717 0.00122724 0.00185316 -0.000113745 -4.39788e-06 0.000578169 0.00232234 4.56672e-05 0.000501202 4.98462e-05 3.81764e-05 0.00109775 -0.000248201 -4.76774e-05 -9.76893e-06 -0.00200023 -0.00126323 0.000414333 -0.00157062 -0.00857602 8.17084e-05 -0.00265108 -0.000561853 -0.00537293 0.000798877 -0.00269448 -4.96157e-05 -0.000616484 0.000297326 0.000648906 -0.00697957 -8.06205e-05 -0.000149325 -0.000848193 -0.000817314 -0.000215451 -0.000320425 6.54316e-05 -0.000194828 -0.000151978 -6.50743e-05 
-2.06115e-05 -0.00487863 0.00315384 0.001125 -0.000620695 -0.0052332 -0.000832592 0.00107212 8.92689e-05 -0.000634636 -0.00110316 -0.00101562 -0.00141846 -0.00106665 0.000676591 0.00330516 8.07686e-05 6.16031e-05 0.00184829 0.000739162 0.00712208 0.00110504 0.0281548 0.00881649 0.000818361 -0.00499016 0.00602484 -0.00069259 -0.0115357 -0.00173458 -0.00153556 -0.00851147 0.00154161 0.000293729 0.00416785 0.00699797 -0.00213429 -0.00198796 -0.0004352 0.0029622 -0.000126611 0.000391871 -0.000599655 -0.000241365 -0.000108987 0.00238887 0.000609056 -0.00277626 -9.08264e-05 0.00387845 9.75952e-06 -6.30294e-06 -1.95204e-06 0.00191612 -0.00902849 -0.000639526 0.0106923 0.00214069 -4.21632e-05 9.53845e-05 0.00178147 0.000217825 -3.2413e-05 -0.000850232 -0.00116046 0.00230232 0.000219807 0.000609897 -0.000508173 -8.65416e-05 0.00202893 -0.000289134 -7.03814e-05 0.000236937 0.00192091 -0.000652462 -0.00117585 -0.0131541 -0.0111235 0.000198907 -0.00604193 0.00895869 -0.0143635 0.00140004 0.000248619 0.000313028 -0.00359796 -1.17334e-05 0.00378859 -0.0111538 0.000619876 -0.000353193 0.00134042 0.00447976 1.72532e-05 -0.00112854 -0.00191734 -0.000272713 -0.000847823 -0.000126965 
-6.72095e-05 0.0350549 -0.0335162 0.00440464 -0.00383276 0.0259164 -0.00215664 -0.00330269 -0.00214426 -0.0177172 -0.00312595 -0.00296475 -0.003843 -0.00436427 0.000619876 0.00174848 -0.000166526 -0.000151646 0.00225657 -0.00229345 0.0174664 -0.00012157 0.00881649 0.0918289 -0.00680064 0.0202 -0.00277573 -0.00236753 -0.0382087 -0.0154485 -0.00529419 0.0233048 0.0193758 -0.000110147 0.0427909 0.00097717 -0.0111118 0.00590284 -0.00257351 -0.00392398 -0.00046348 -0.00708693 -0.00272566 -0.00233746 0.0011728 0.00266397 -0.00219661 -0.0206222 -0.000290345 -0.00045228 -1.06901e-05 -8.60737e-06 -6.86435e-06 -0.01224 -0.0432797 -0.00539828 0.0040615 -0.00393801 0.00011915 0.000167805 0.000661267 -0.00925737 0.00113016 -0.00405345 -0.0048803 -0.02044 0.000533727 -0.00756088 -0.00153399 -0.0154205 0.000763605 -0.000269752 -0.000441224 -1.11361e-06 0.0132356 0.000501281 -0.0063012 -0.0544675 -0.00573374 0.000955641 0.000982797 0.00524049 -0.00807186 0.00553319 0.0561261 1.40919e-05 0.044379 -0.000626813 0.0120782 0.00583176 -0.00107999 -0.000939802 -0.00608191 -0.0136384 -0.00163105 -0.00294415 -0.0139442 -0.00474206 -0.00299922 -0.000315783 
-2.81338e-06 -0.0296751 0.0187574 0.000748307 -0.00667026 -0.00861473 -0.00337556 0.00366071 -0.00216153 -0.00522127 0.0206561 -0.00520471 -0.00503633 -0.000895954 -0.00531297 0.0120251 0.000279633 0.00101647 8.36658e-06 -0.000202064 0.00398311 0.00154534 0.000818361 -0.00680064 0.0870859 -0.0260362 0.00168782 0.00375804 0.0129135 -0.026517 -0.00403477 -0.0239887 -0.0288518 -6.28038e-05 -0.0289215 0.000810288 0.0433633 -0.0173958 0.00514279 -0.00614688 -0.000115135 0.0245578 -0.00575364 -0.00580621 7.38257e-05 -0.00507265 0.0127684 0.00533762 -0.000287703 0.000472009 3.79591e-05 6.93874e-05 7.03413e-06 -0.00715748 -0.00638248 0.00174318 -0.00164603 5.46597e-05 -8.76352e-05 0.000763085 0.000571366 -0.00855845 -0.000938149 0.0095407 -0.00607017 0.0135485 0.00166147 0.026867 0.00346228 0.0391621 0.00177704 -0.00114978 -1.48042e-05 -0.000138229 -0.00372139 -0.00202244 -0.00595199 0.0118968 -0.0127608 -2.98407e-05 -0.0329315 0.00121822 -0.0196884 -0.0147513 -0.018154 0.000343642 -0.0181052 0.00265989 0.00794632 -0.0229131 -0.0003305 0.00334827 0.00562081 0.00764213 -0.000315868 -0.00381684 0.0251605 -0.00198043 0.0213142 -0.000105254 
4.50956e-06 0.099779 -0.0138618 -0.00267146 -0.00708104 0.0960376 -0.0238179 -0.0728197 -0.00798201 -0.1043 -0.0211176 -0.0386271 -0.0414075 0.00559916 -0.0489349 -0.0550734 -0.00118749 -0.000942681 -0.00173853 0.000631904 0.0461141 -0.00600121 -0.00499016 0.0202 -0.0260362 0.225133 0.00919266 -0.042762 0.116089 0.0679114 0.0128199 0.192841 0.0042131 -0.00121109 0.105195 -0.00529571 -0.0760614 0.117279 -0.0133826 0.0204901 -0.00314396 -0.0213154 -0.045362 -0.050221 -0.00141926 -0.0473301 -0.0165252 0.00224974 -0.00029128 -0.0652652 -0.000136632 -9.1895e-05 -4.2244e-05 -0.0697409 0.069955 0.00637962 -0.049072 -0.0270224 -0.00225725 -0.0011955 -0.00836413 -0.045211 -0.00492426 -0.0259575 -0.043141 -0.121312 -0.00304155 -0.0471235 -0.00942507 -0.0695231 -0.00381557 0.00387043 -0.00301195 -0.00132399 -0.0184784 -0.00504204 -0.0356638 0.00781455 0.0765468 -0.000178041 0.11824 -0.0643344 0.173683 -0.0235374 0.0415383 -0.00207897 0.0600046 -0.00215547 -0.0154766 0.178462 -0.00660693 -0.00310859 -0.037671 -0.094702 0.00347388 -0.0272322 -0.0942072 -0.0255063 -0.0213946 -0.000464373 
-0.000100056 -0.0211912 0.0649951 -0.000838987 -0.00414478 -0.0535952 -0.00529067 0.00931857 -0.00284619 -0.0141805 -0.0032557 -0.00823333 -0.00842768 0.00433403 -0.0112164 0.0100601 -0.000109025 -0.000228609 -0.000156274 -0.00854353 -0.00672018 -0.000375821 0.00602484 -0.00277573 0.00168782 0.00919266 0.137369 -0.00922096 -0.0122708 0.0270936 -0.00708895 0.0278026 0.0423589 -0.00029708 0.00375013 0.00434432 0.00903167 0.0140691 -0.00227643 -0.0126423 -0.000450044 -0.00253743 -0.0104579 -0.011057 0.000227727 -0.0108038 -0.00370183 0.0183988 0.000544178 -0.00719932 -2.30458e-05 -2.10588e-05 -1.10674e-05 -0.00603289 0.020408 0.026497 0.00331419 0.00364183 -0.000543699 0.000110234 0.00744914 -0.00403309 -0.00210468 -0.00631604 0.00670265 -0.0169127 -0.000650886 -0.0109145 -0.00358616 -0.0185142 -0.00111553 -0.00220767 -0.00065407 0.0012515 -0.00913474 0.00959816 -0.0090583 0.0229481 -0.0537767 0.000198067 -0.064834 0.0196553 0.0136239 -0.0144831 0.017027 -0.000509924 -0.0271774 0.000638645 0.00586705 -0.00466316 -0.00160448 -0.00155273 -0.00621205 -0.0152071 0.00144751 -0.00677691 -0.0139096 -0.00115665 -0.00478427 -0.000265317 
7.01427e-05 -0.0198378 -0.0238129 0.000172027 -0.00475832 -0.0242194 0.0170077 0.0431537 -0.00142502 -0.00554382 0.00153312 0.0352769 0.0357265 -0.00263777 0.0438536 0.00419368 -4.49692e-05 -7.51855e-05 0.000811427 -0.00282679 -0.0158985 -0.000206137 -0.00069259 -0.00236753 0.00375804 -0.042762 -0.00922096 0.0613538 -0.0284459 -0.0326125 -0.00354896 -0.0417126 -0.000443152 -8.26794e-05 -0.0144321 -0.000666366 0.0062264 -0.0201749 0.000433888 -0.00376078 -5.11191e-05 0.00453254 0.0431742 0.0431346 -7.41345e-06 0.041772 0.00155552 0.00335387 -0.000227103 -0.0032141 1.0163e-05 4.98176e-05 -1.47632e-06 -0.00765802 -0.0280241 -0.00261758 0.042909 0.000337333 0.00175341 9.69002e-05 0.00373957 -0.00648404 -0.00058436 0.00130287 0.0261811 -0.00632735 0.00171416 0.00945544 0.00561543 0.00464495 -0.000291145 -0.00101199 0.00112681 7.90279e-05 -0.00211863 -0.00465197 -0.00350445 -0.0332069 -0.0371126 6.80942e-05 -0.0313914 0.0417201 -0.0353517 -0.0087326 -0.0132021 0.000502226 -0.0131069 0.00195026 0.000503422 -0.0375899 -0.000515703 -0.000132471 -0.00342983 -0.00575594 -0.000984637 0.0289653 0.0235555 -0.00299355 0.00502756 8.85471e-05 
6.63736e-05 0.0179203 0.0424435 -0.00433492 -0.0115484 0.0316793 -0.0181601 -0.0454321 -0.00921964 -0.062862 0.00185133 -0.0293414 -0.0303043 0.00525964 -0.0372343 -0.0410304 -0.00054875 0.000730458 -0.0024481 -0.00649503 0.0103276 -0.00334102 -0.0115357 -0.0382087 0.0129135 0.116089 -0.0122708 -0.0284459 0.249996 0.0463325 0.0119812 0.102681 -0.0458478 -0.000881976 -0.000483017 -0.00551117 -0.0249709 0.0697006 -0.0120658 0.0133358 -0.00254264 0.0110654 -0.0348052 -0.0383305 -0.00115992 -0.0371197 -0.00907213 0.0329616 -2.87041e-05 -0.0548397 -9.1435e-05 -4.75505e-06 -3.26577e-05 -0.046647 0.0826001 0.0103577 -0.0470668 -0.0262062 -0.00178961 -0.000932419 -0.00945594 -0.0424174 -0.00517031 -0.0190384 -0.0268731 -0.057346 -0.00134798 -0.018796 -0.00665692 -0.0123716 -0.00239154 0.000190919 -0.00198811 -0.00066532 -0.0294296 -0.0149706 -0.030356 0.0719734 0.0606404 -0.000750829 0.0838536 -0.0491712 0.130229 -0.0207343 -0.0354247 -0.00186515 -0.0113725 -0.00136774 -0.0203709 0.117536 -0.00490057 -0.000629003 -0.0148941 -0.0450865 0.00111903 -0.0205761 -0.0373904 -0.00971238 0.000676857 0.000201548 
-1.58473e-05 0.0170447 0.0822851 -0.00492324 0.00576947 -0.0482474 -0.0145343 -0.0548877 -0.00246419 0.0121219 -0.0188876 -0.0254191 -0.0271882 -0.00424828 -0.03337 -0.0598771 -0.000665412 -0.000214133 -0.00225957 -0.0167851 -0.0293911 -0.002639 -0.00173458 -0.0154485 -0.026517 0.0679114 0.0270936 -0.0326125 0.0463325 0.245692 -0.0247816 0.0549525 0.0935705 -0.000779723 -0.011431 0.0044182 -0.0772023 0.0294078 -0.0142243 0.0153569 -0.00231073 -0.0144992 -0.0311479 -0.0311496 -0.00146092 -0.0336941 -0.0138198 0.0199828 -0.000966077 -0.0102053 -0.000114313 -9.6142e-05 -3.52354e-05 0.0368485 0.0446878 0.0176108 -0.0275273 -0.0273723 -0.00180375 -0.00107932 -0.00712561 0.0220426 -0.00309882 -0.00874515 -0.0212204 0.00372372 -0.00273646 -0.0431126 -0.0124021 -0.0644376 -0.000751897 -0.00353113 -0.00241805 -0.00106333 -0.0331126 -0.0257102 0.0108297 0.0289385 0.0490921 -0.000183601 0.0262028 -0.0458741 0.0751955 0.00787941 -0.0184063 -0.00309067 0.0237504 -0.00244952 -0.02184 0.0455501 -0.00521755 -0.00194998 0.0119479 0.0104137 -0.000560595 -0.0193283 -0.0363257 0.0145057 -0.0178626 -0.000573087 
-1.14406e-05 0.000335099 -0.0036867 0.000287906 0.0083157 0.0168349 -0.00199582 -0.00594101 0.00177826 -0.00662247 -0.00124488 -0.00327072 -0.00348733 0.00564633 -0.0041231 -0.00252091 5.37775e-05 -3.91938e-05 -5.97651e-05 -0.000122346 -1.39659e-05 -0.00076189 -0.00153556 -0.00529419 -0.00403477 0.0128199 -0.00708895 -0.00354896 0.0119812 -0.0247816 0.051765 0.00829319 -0.0285641 -0.000119507 0.00512779 -0.000440463 -0.00597878 -0.000793787 0.00304205 -0.00386503 2.28254e-05 -0.00344089 -0.00352032 -0.00420004 -0.000162348 -0.00406629 -0.000874934 -0.000483482 0.000595079 -0.00564641 -5.3444e-06 1.2603e-05 8.27983e-06 -0.00369718 0.018515 -0.00273854 -0.00536906 -0.00315368 -0.000196815 -3.68261e-05 -0.000843065 -0.00231372 -0.000356988 -0.00130035 -0.00326431 -0.0080963 -0.000288199 -0.00410774 0.0024922 -0.0015755 -0.000134283 0.00926122 -0.000173116 -9.12926e-05 -0.00703579 0.00483093 -0.00227023 0.0215484 0.0107882 -8.75038e-05 0.0182495 -0.00625895 0.0156332 -0.000388597 -0.0080378 0.00106045 -0.010157 0.00014069 -0.0021945 0.00932754 -0.000446136 -0.000509744 -0.00321724 -0.00695054 -4.53523e-05 -0.0022628 -0.00684362 -0.000654626 -0.0017424 0.000419969 
-5.26551e-05 0.100211 -0.0224967 0.000723261 -0.0174501 0.0945681 -0.0238517 -0.0560853 -0.00926761 -0.112612 -0.0202521 -0.0383821 -0.0412354 0.00452319 -0.0464213 -0.0377435 -0.00116701 -0.00103222 -0.00187202 0.00285829 0.0377651 -0.00521069 -0.00851147 0.0233048 -0.0239887 0.192841 0.0278026 -0.0417126 0.102681 0.0549525 0.00829319 0.223206 0.0117456 -0.00122271 0.119738 -0.00727989 -0.0585128 0.127446 -0.013928 0.0195567 -0.00292983 -0.0245762 -0.0443828 -0.0488613 -0.000238294 -0.0448945 -0.0165705 0.0107608 -0.000521138 -0.0623463 -0.000129232 -1.32412e-05 -4.39255e-05 -0.0767754 0.0614849 0.00662183 -0.0488677 -0.0262068 -0.00203254 -0.000239337 -0.00451219 -0.0502455 -0.00537996 -0.0261795 -0.0358479 -0.131395 -0.00279491 -0.0481302 -0.0116461 -0.0746622 -0.00403239 -0.00114046 -0.00305161 -0.00128365 -0.015082 0.00350144 -0.0393618 0.000962054 0.056769 0.000200069 0.100995 -0.0504053 0.167383 -0.036367 0.0583283 -0.00306976 0.0584085 -0.00149953 -0.00707762 0.176235 -0.00681719 -0.00276562 -0.0385616 -0.09708 0.00316146 -0.0271533 -0.0929249 -0.0269196 -0.0213963 -0.000327431 
-0.00039177 -0.0290794 0.0500543 5.52602e-05 0.00225999 -0.0759228 0.00796278 0.00882223 -0.0018379 0.0103825 -0.0183624 0.0133133 0.0139273 -0.00875832 0.0159061 -0.0353803 -0.000763412 -0.000643191 -0.000910632 -0.0225186 -0.0363479 0.000509838 0.00154161 0.0193758 -0.0288518 0.0042131 0.0423589 -0.000443152 -0.0458478 0.0935705 -0.0285641 0.0117456 0.201277 -0.000973045 -0.0170426 0.00339855 -0.0448878 0.00756513 -0.0128504 -0.000112585 -0.00170873 -0.0256449 0.013919 0.0162369 0.000323925 0.0154738 -0.0147045 0.0391515 -0.000248891 -0.00110724 -8.57383e-05 -0.000147962 -3.40658e-05 0.0323394 0.0161148 0.011049 0.0220762 -0.0167579 0.000672546 0.000297119 0.00249758 0.0210227 -0.0015478 -0.013006 0.0113394 -0.000548695 -0.00174292 -0.0515846 -0.0163081 -0.0702459 -2.21889e-06 -0.00479914 -0.00262325 0.000135593 -0.030006 -0.0115892 0.0145017 -0.000528343 -0.0311311 0.000362035 -0.0322955 0.0192093 -0.00660745 0.00623418 0.0120716 -0.00354001 0.0196054 -0.00316411 -0.00215382 -0.0111289 -0.00538859 0.00193664 0.00418338 -0.00258739 -0.00385303 0.00942632 -0.0132615 0.0103584 -0.0164937 -0.00171118 
1.32961e-06 -0.000589949 -0.000800126 -2.08117e-05 -8.397e-05 0.000236674 -7.80827e-05 -0.000166877 -3.49146e-05 0.000653347 -6.5992e-05 -0.000132231 -0.000141009 -9.4714e-05 -0.000166277 0.00138229 -3.38705e-06 1.73018e-05 -6.78069e-06 -0.00012197 0.000119555 -2.51582e-05 0.000293729 -0.000110147 -6.28038e-05 -0.00121109 -0.00029708 -8.26794e-05 -0.000881976 -0.000779723 -0.000119507 -0.00122271 -0.000973045 0.00220633 -0.000908604 -3.19264e-05 0.00107268 -0.00134659 -3.65163e-05 -0.0001782 -4.78729e-06 0.000700583 -0.000160218 -0.000139346 -8.03627e-06 -0.000164463 -2.26242e-05 -0.00158719 -7.98568e-06 0.00160098 2.16544e-06 -3.75297e-07 1.73358e-07 4.51012e-05 -0.000844113 -0.000126874 -0.000215307 0.00123771 -7.84977e-06 -4.43362e-06 -3.31122e-05 -3.91944e-05 -5.65662e-06 0.000184145 -0.000188625 0.00091416 9.24404e-06 0.00140727 8.19765e-05 0.00140485 -2.07576e-05 -3.38248e-05 8.22038e-05 6.75362e-06 0.00167736 0.000130109 6.32754e-05 -0.00106816 -0.000216376 -3.07509e-06 -0.000610435 -1.78291e-05 -0.0011663 0.00108247 0.000168212 -1.09415e-05 -0.000439076 2.31889e-05 0.000123677 -0.00110824 0.000225159 -2.57611e-05 0.000286814 0.00110962 -3.38277e-05 -8.91243e-05 0.000747299 -4.89468e-05 -6.03587e-05 -9.66037e-06 
