0.000121741 1.03471e-06 -1.32964e-07 2.18399e-06 2.33932e-07 5.80762e-05 -4.02133e-09 -1.48459e-05 -3.4145e-05 5.95756e-07 1.22304e-05 -4.62659e-05 -1.1971e-06 -4.98396e-07 -4.24063e-06 3.12403e-05 -3.8322e-06 -1.12428e-06 -2.11651e-06 7.02731e-05 -5.17598e-05 -8.61756e-07 1.77034e-05 -6.36022e-06 -1.31619e-07 -6.58852e-07 -2.05958e-07 -1.45744e-06 -5.16789e-05 -1.01457e-05 -1.39991e-06 -6.05264e-05 -4.68932e-06 -1.62032e-07 1.97472e-05 2.6932e-06 -5.90364e-07 -3.74673e-05 -6.38307e-06 2.12842e-07 1.35906e-05 -2.88896e-07 -3.10875e-05 -3.37306e-06 -5.00362e-07 -9.08875e-07 -8.00592e-06 -1.69087e-06 6.46345e-06 -3.87852e-07 2.43899e-05 2.1947e-06 -1.90775e-06 2.60765e-06 -1.08102e-05 -2.14483e-06 1.01378e-05 -1.90886e-09 6.72202e-05 -1.03493e-06 3.69588e-05 -2.10262e-05 6.74807e-06 1.82683e-05 -1.49925e-05 -3.47972e-07 -1.5681e-07 -1.96822e-07 -3.43304e-07 3.91677e-05 3.27556e-05 -1.2251e-07 3.35603e-07 -1.85684e-07 -7.46847e-08 4.9871e-05 -6.51572e-05 -1.01832e-05 -3.11737e-05 -1.45595e-05 -7.61112e-07 2.70757e-05 -7.98297e-07 -4.49154e-06 6.97058e-06 -3.55851e-05 -9.89966e-07 -1.8156e-06 -4.05116e-05 -6.29829e-08 7.05795e-07 -4.1152e-06 2.16627e-05 1.16064e-05 5.15538e-06 -6.34286e-05 4.22828e-07 -5.4147e-06 -6.30904e-07 -1.24164e-07 
1.03471e-06 0.000535946 -5.85597e-07 -8.38107e-07 4.79675e-06 0.00015869 3.45275e-06 -6.50642e-05 -0.000158673 -8.01657e-07 -8.04026e-06 -0.000135428 -3.1167e-06 -2.34183e-06 -4.24078e-06 4.7044e-05 -1.16229e-05 1.85906e-05 -8.04372e-06 7.30777e-05 -0.000294521 3.02957e-05 7.4736e-05 -3.12109e-05 -8.24352e-07 -5.88676e-06 8.50973e-06 4.446e-05 -0.000288126 3.66864e-05 5.7409e-06 -0.000253001 0.00021536 -7.13619e-07 -5.87167e-05 0.000212931 4.69057e-05 -0.000163361 -3.03619e-05 3.80909e-06 0.000239192 -8.53456e-06 -7.17682e-05 -9.54447e-06 -2.07128e-06 1.38675e-05 -0.000210065 2.69685e-06 -0.000144325 -8.22245e-06 -3.51684e-07 -1.77412e-06 -2.40531e-05 2.12256e-05 3.86938e-06 1.99035e-05 -0.000106552 -8.40695e-09 -3.00649e-05 -5.86708e-07 7.8017e-05 -9.89644e-05 4.32983e-05 0.000278908 -0.00012071 -1.07082e-06 -1.01543e-06 1.22205e-06 -4.03888e-06 0.000159905 -0.000151763 -3.28447e-07 -7.24034e-07 1.11555e-06 -1.61981e-05 2.91145e-06 -0.000280602 -4.38634e-05 -0.000144907 -6.23014e-05 -1.23564e-05 0.000117394 -2.59881e-06 0.000246931 0.00029335 5.87186e-06 -0.000166597 5.66827e-05 -7.52234e-05 -5.22065e-07 -1.70218e-07 0.000323957 0.000250458 -6.78439e-05 -4.68004e-07 -0.000284475 -1.93074e-07 -4.03096e-06 2.11151e-06 -5.46839e-07 
-1.32964e-07 -5.85597e-07 0.00109086 2.45212e-06 2.62715e-05 -0.000115078 1.6576e-06 0.000361943 -2.46159e-05 4.17851e-06 -2.07819e-06 6.30791e-05 2.37401e-06 -4.69213e-07 -1.22425e-05 -0.000167878 2.81109e-05 -6.44461e-06 4.28165e-05 -5.10723e-05 -2.70211e-05 8.26941e-07 0.000169094 0.000153659 -4.01039e-07 -1.11108e-05 -3.129e-06 -1.80854e-06 -0.000179352 -5.28585e-05 6.35501e-05 0.000155362 -4.99875e-05 7.53578e-05 -3.84069e-05 0.000138284 9.32392e-05 -0.000235111 0.000166169 6.97073e-06 -3.84777e-05 -4.65063e-07 -0.000245412 -1.53761e-05 2.18563e-06 -1.4275e-05 0.000103494 6.34837e-05 -0.000124742 -1.28671e-05 1.87891e-06 5.36651e-06 -0.000170392 -2.23395e-05 -9.12615e-05 2.87187e-06 3.16631e-05 1.27323e-07 -0.00012053 0.000183148 4.53027e-05 -0.000109443 -1.81843e-06 -0.00018424 6.37228e-05 1.07938e-05 4.57405e-06 2.63466e-06 0.000120106 3.83802e-05 -0.000102626 1.36784e-06 -1.18962e-07 5.53455e-06 0.000103608 -5.26105e-06 -4.72183e-05 -5.42414e-06 4.13248e-05 -0.00010095 0.000166176 -0.000343768 3.92231e-05 -5.89468e-05 -0.000113606 -0.000133204 -0.000293177 1.17667e-05 -0.000413392 -6.5209e-07 1.31123e-07 -6.10601e-05 -7.09684e-05 7.72805e-05 0.000152405 -0.00015135 -1.04312e-07 5.96337e-05 4.99204e-05 -1.11365e-06 
2.18399e-06 -8.38107e-07 2.45212e-06 0.00195282 3.32521e-05 -0.000106694 0.000117947 0.000827991 0.000915641 2.24153e-06 0.000223394 -0.000849225 3.28447e-06 6.05496e-06 9.43974e-06 -0.000479352 -5.09518e-05 -2.19954e-05 4.64316e-05 -0.000221133 -0.000831642 1.56091e-06 -6.55705e-05 -2.87384e-05 -6.96838e-07 0.00010402 -5.55953e-06 0.000169006 -0.00045906 0.000470586 -5.74779e-05 0.000359186 0.000223431 -1.73724e-06 -0.000158925 0.000113504 1.11152e-05 0.000967168 0.000667578 1.71001e-05 -0.000206477 1.72632e-06 0.000922738 -4.11727e-05 4.07101e-05 -4.1353e-05 0.000715505 0.000105482 -0.00103994 -2.94165e-05 3.21913e-06 -6.46156e-06 -0.00103723 -2.79094e-05 -0.00011718 2.79344e-05 -0.000749716 -3.06758e-08 -9.09694e-05 7.16682e-06 -0.00082695 0.00106242 8.32335e-05 -0.000192711 0.000157972 7.74385e-06 1.55156e-06 -5.62981e-07 -2.71392e-06 -0.00094426 -0.000629349 -1.76878e-06 9.46984e-07 -2.78399e-06 -9.95947e-06 2.29621e-05 -0.000293777 -5.43997e-05 0.000799035 -0.000261926 -8.77108e-06 -0.000640284 7.97809e-05 -0.000168874 -0.0001765 -0.000268833 0.000813348 0.00012901 -0.00062988 -1.90495e-06 -4.87771e-07 -0.000299923 -0.000200619 -0.000109589 -3.48264e-05 0.000293041 -2.48945e-07 -1.1151e-05 -2.09482e-05 -1.4509e-06 
2.33932e-07 4.79675e-06 2.62715e-05 3.32521e-05 0.00281609 -0.000346354 7.56542e-05 0.000463545 0.000811946 2.70225e-05 0.0001731 -0.00118794 2.53375e-06 2.83668e-05 -9.84881e-05 -0.000667169 -5.71854e-05 0.000426615 -2.58026e-05 -0.000260222 -0.00101374 -2.03681e-06 -0.000336982 0.000324304 1.70475e-05 0.000205942 1.28442e-05 0.000624045 -0.00149868 0.000998728 0.000467398 -0.000236648 0.000444274 0.000202131 -0.000296753 0.00106031 0.000285971 0.00054429 0.00107512 9.96846e-06 0.000141733 -4.44953e-05 0.000913447 0.000420808 3.314e-05 -4.63491e-05 -8.33729e-05 0.000361304 -0.00136852 0.000132772 -2.55434e-06 -3.60036e-06 -0.00158898 -4.65375e-05 -9.64656e-05 2.24591e-05 -0.0010259 -4.42751e-08 -0.0003131 0.000556958 -0.00130277 -0.000103866 3.22624e-05 5.7573e-05 -2.54189e-05 -5.03928e-06 -4.12109e-06 0.000200435 0.000439178 -0.00138449 -0.000994855 1.65029e-05 5.35491e-08 0.000130515 0.00018036 -1.00761e-05 -0.000698009 0.000300662 2.06687e-05 -0.000139965 0.000586403 -0.000839443 1.04159e-05 0.000945027 0.000722833 -0.000634046 -0.000628531 0.00108556 -0.000858022 -1.86056e-06 6.41466e-06 0.000175747 0.000197852 -0.000154349 4.83605e-05 -0.000546864 1.94985e-06 5.0897e-05 2.7684e-05 -2.11325e-06 
5.80762e-05 0.00015869 -0.000115078 -0.000106694 -0.000346354 0.137106 -0.000165269 -0.0211175 -0.046084 -0.000243513 0.00647778 -0.00105336 -0.00151395 -0.000676663 -0.0058853 0.0547729 -0.00313624 -0.00105185 -0.00214081 0.0166893 -0.0575124 -0.000466557 0.0541168 -0.0111226 0.000442646 -0.00166485 -0.000552884 0.000844786 -0.0276905 0.00641323 0.00210345 -0.0767514 0.0195652 -0.000213899 -0.0150377 0.00815982 -0.00146989 -0.05001 -0.005271 -0.000625466 0.0187389 -0.00335523 -0.0115591 -0.00413819 -7.19848e-05 -0.0031853 0.00166535 0.0012455 -0.00393006 -0.00190485 -4.53606e-05 -0.000541358 0.0051625 -0.000696009 -0.0100738 -0.00406342 0.0156217 8.5177e-06 0.0535824 -0.00411678 0.0641762 -0.0297109 0.000777516 0.0777192 -0.0178811 -0.000610954 -0.000314863 -0.000219338 -0.00118249 0.0593568 0.0160433 -9.45637e-05 -0.000219851 0.000138743 -0.00581084 0.000867514 -0.0646201 -0.00550798 -0.0456748 -0.0239425 -0.00393093 0.0201693 -0.00102234 0.000399018 0.0058016 -0.00282382 -0.0453095 0.00473791 -0.0102387 -5.6158e-05 5.12846e-05 0.0282719 0.0312243 -0.00323906 0.000398904 -0.0659438 2.90557e-06 -0.00425904 -0.00064268 -0.000106124 
-4.02133e-09 3.45275e-06 1.6576e-06 0.000117947 7.56542e-05 -0.000165269 0.00130892 -5.02658e-05 0.000268394 -1.6927e-06 3.17171e-05 -0.00031431 1.56472e-05 4.94288e-06 0.000137911 -0.000225253 -3.41457e-05 4.83175e-05 2.71058e-05 0.000289567 -0.000387847 1.61511e-05 -0.000102697 -1.61652e-05 -2.01484e-06 9.42301e-06 8.67126e-06 8.49281e-05 -0.00015242 0.000216921 -1.36588e-05 0.000138552 3.21811e-05 -1.67752e-06 -3.11005e-05 3.3222e-05 -1.44881e-05 0.000575669 -2.31404e-05 -5.85832e-06 -0.00017474 -1.50399e-05 -0.000110664 1.17241e-05 1.16218e-05 -2.60537e-05 0.000413859 4.77046e-05 -4.39163e-05 -2.2368e-05 1.68121e-06 2.25503e-05 -0.000216792 -9.44702e-06 -0.000103545 4.2417e-05 -0.000282686 -2.05478e-08 -0.000109789 -3.08289e-05 -0.000549119 5.32899e-05 4.26082e-07 -0.000181791 -0.000217228 -4.46139e-06 -2.44481e-06 5.67021e-06 -2.09011e-06 -0.000484191 -0.000346728 6.14574e-07 -1.76965e-06 7.07899e-06 1.95363e-05 7.97463e-06 -8.488e-05 7.77822e-05 -0.000113791 0.000199911 -2.58309e-05 -0.000394226 3.57375e-05 0.000109411 0.000378723 -3.19945e-05 -1.08864e-05 0.000114796 0.000268387 -6.53781e-07 -4.16039e-07 -5.524e-05 -0.000106326 -0.00016233 4.42353e-05 0.000166862 -3.05234e-07 -2.35719e-05 -2.47744e-06 1.70789e-06 
-1.48459e-05 -6.50642e-05 0.000361943 0.000827991 0.000463545 -0.0211175 -5.02658e-05 0.11368 0.0644378 0.000230947 0.00588209 -0.0397208 0.00548797 0.000280574 0.00449295 -0.0336204 -0.00372986 -0.00144551 0.00513882 -0.0170423 -0.00309857 -0.000327907 -0.0177426 0.0246001 -0.000187521 -0.000295292 -0.000392511 -0.00233488 -0.0224968 0.0143085 0.000325257 0.0554937 0.00226537 0.000803274 -0.0125086 0.0126471 0.00186552 0.0461188 0.0377501 0.00125367 -0.011983 -0.00266174 0.0258346 -0.00183759 0.00196216 -0.00164954 0.0108643 -0.00175506 -0.0407053 -0.00166413 -9.29263e-05 -6.25814e-05 -0.0422468 -0.0027392 -0.00851273 0.0105145 -0.0481528 -1.38374e-06 -0.0151259 0.0142365 -0.0659134 0.0617196 0.000582582 -0.0307877 -0.0302466 0.00260006 -0.000227818 -0.000196562 0.00231715 -0.0685637 -0.0331389 -0.000117095 -2.55453e-06 -0.000169131 0.00810888 -0.000232633 0.0484135 0.00533369 0.0781058 -0.00155479 0.0122912 -0.0269546 -0.000514744 -0.0122847 -0.0147444 0.000770916 0.0443742 -0.000598461 -0.0335187 5.11576e-06 -2.69042e-05 -0.0232016 -0.0163676 -0.0165975 -0.00506453 0.0139616 -1.74896e-05 -0.00292008 -0.0012442 -0.00012366 
-3.4145e-05 -0.000158673 -2.46159e-05 0.000915641 0.000811946 -0.046084 0.000268394 0.0644378 0.208699 0.000267952 0.000606537 -0.104939 -0.0010014 0.00247347 0.00982125 -0.0772222 -0.00780658 0.00161639 -0.00234467 -0.0208022 0.0425127 -0.00200501 -0.038161 0.0226375 -0.000429286 0.0042036 -0.000602665 -0.00445391 0.00369356 0.0110672 0.000235951 0.125978 -0.0161675 0.000835464 0.0170416 0.0042035 0.00241613 0.148548 0.0416951 -0.000111884 -0.0423865 -0.00494262 0.0829456 -0.00425638 0.00261012 -0.00615846 0.0905135 -0.00230782 -0.0790286 -0.00312139 -0.000217818 0.00107075 -0.029439 -0.00694159 -0.0224905 0.00319767 -0.111334 -4.65276e-06 -0.0309503 0.0142718 -0.15623 0.0919306 0.000217304 -0.0658352 -0.0741902 0.00253347 -0.000561402 -0.000467678 0.0022265 -0.168279 -0.0742319 -0.000214047 0.000197178 -0.000420963 0.00107769 -0.00109391 0.100758 -0.0392331 0.119345 0.0447195 0.0116661 -0.0862032 0.000968814 -0.0198798 -0.0275534 0.00164937 0.134027 -0.00745374 0.0326714 7.02786e-05 -6.12171e-05 -0.0531824 -0.0403905 -0.0334742 -0.011588 0.083599 -1.82551e-05 -0.00734797 -0.00314869 -0.000266832 
5.95756e-07 -8.01657e-07 4.17851e-06 2.24153e-06 2.70225e-05 -0.000243513 -1.6927e-06 0.000230947 0.000267952 0.00149274 -2.32068e-05 -0.00059509 8.54581e-06 -5.39552e-06 -4.93271e-05 -0.000375191 -4.32891e-05 -2.06259e-05 -2.28321e-05 -0.000171813 -6.99812e-05 -9.64283e-06 -0.000206312 0.000482622 -2.29823e-06 -1.12785e-05 3.7795e-05 -3.44029e-05 -0.0006167 -0.000144868 -1.41678e-06 0.000551351 2.60558e-05 4.70994e-05 0.000433527 0.000514443 0.000131685 -0.000227841 0.000370022 0.000286401 -0.000199981 -2.42757e-05 -7.43097e-05 8.43393e-05 -6.86115e-06 6.76674e-05 -0.000623169 -2.20078e-05 -0.000597603 -2.09253e-05 -7.74413e-07 -4.66969e-06 -0.000582716 -2.17275e-05 0.000481151 0.000237544 -0.000580588 -2.34379e-08 -0.000174023 0.000597003 -0.000817294 -0.000222354 3.09106e-06 -0.000363733 -0.000432294 2.24823e-05 -2.02793e-06 1.11665e-06 0.000397665 -0.000854879 -0.00036383 -1.50425e-06 -8.74108e-07 -1.71326e-06 0.000233024 -8.65138e-06 0.000626623 -0.000275691 0.00104439 -6.70525e-05 0.000811258 0.000658321 1.27264e-05 -0.000153881 -0.000189985 -5.64686e-05 0.000716757 -3.45471e-05 -0.000407706 -6.65883e-08 -4.74556e-07 -0.000267678 -0.000215892 -0.000216131 -5.99731e-05 -1.45944e-05 4.58395e-06 -6.25915e-05 -1.33157e-05 1.40879e-06 
1.22304e-05 -8.04026e-06 -2.07819e-06 0.000223394 0.0001731 0.00647778 3.17171e-05 0.00588209 0.000606537 -2.32068e-05 0.0269091 -0.0090704 0.000685655 -9.35508e-05 6.63698e-05 -0.00380022 -0.000724431 -0.000294403 0.00017964 -0.00342984 -0.00776845 -9.27834e-05 0.00341687 -0.000763103 0.000323833 2.37289e-05 -8.97841e-05 0.000704656 -0.0144712 0.0149443 -0.000817907 -0.00255203 0.00357317 -3.59299e-05 -0.00202859 -0.000568794 -0.000255883 0.00248578 0.000882189 6.64358e-05 -0.00263213 -0.000497617 0.0114058 -0.000401997 -3.61876e-05 -0.00046102 0.00663925 0.00247573 -0.00998099 4.88508e-05 -2.47617e-06 9.78192e-06 -0.0143396 0.000404676 -0.00218831 0.000878353 -0.00371657 8.55006e-07 0.00560681 -0.000256907 0.000252016 0.0072725 0.000265104 0.0030128 -0.00398688 -8.4075e-05 -4.93806e-05 0.000227785 -0.000203821 -0.00246546 -0.00361445 -2.46244e-05 -1.91118e-05 -1.75615e-05 0.00116413 0.000271114 0.00317566 0.0118015 0.00171215 -0.00351354 -0.000191409 -0.00555265 0.000216005 -0.00262342 -0.00247087 0.00115331 -0.000299535 0.00900185 -0.0106247 -1.26104e-05 4.5215e-05 -0.00225291 -0.00153755 -0.00306285 -0.00098777 -0.00904022 2.91324e-06 -0.000542551 -0.000104179 -2.61668e-05 
-4.62659e-05 -0.000135428 6.30791e-05 -0.000849225 -0.00118794 -0.00105336 -0.00031431 -0.0397208 -0.104939 -0.00059509 -0.0090704 0.246481 -0.00343771 -0.00173995 -0.00733021 0.0717294 0.0132176 -0.00602621 -0.00762073 -0.0164413 0.0266713 0.00235006 0.0305056 -0.0241925 -0.000152285 -0.00426969 -0.000263139 -0.00441213 0.0399876 -0.0438793 0.00152991 -0.106635 -0.023388 -0.000474074 -0.00821757 -0.0222784 -0.00041037 -0.108104 -0.0215828 -0.00216773 -0.0181398 -0.00964165 -0.0900511 -0.000548179 -0.0016664 0.00653591 -0.0649382 -0.00340895 0.0923384 0.00540652 0.000276358 -0.000890529 0.0459364 0.00516831 0.00326823 -0.0114141 0.146703 2.50228e-06 -0.00668265 -0.0108824 0.121948 -0.0749151 -0.00113925 0.00545975 0.10397 -0.00157902 0.000454385 -0.000705957 -0.00287408 0.126294 0.0507204 -2.78863e-05 0.000210989 -0.000161612 -0.0141055 -0.00164168 -0.0712747 0.0253852 -0.0975229 -0.049584 -0.00879975 0.0884451 0.000384017 -0.0198218 -0.0378989 -0.00140269 -0.142319 -0.0146107 -0.00524275 4.66895e-05 5.16146e-05 0.0462574 0.0190006 0.0444891 0.0122284 -0.0597526 -0.000100435 0.00841656 0.00300312 -0.00025637 
-1.1971e-06 -3.1167e-06 2.37401e-06 3.28447e-06 2.53375e-06 -0.00151395 1.56472e-05 0.00548797 -0.0010014 8.54581e-06 0.000685655 -0.00343771 0.00973534 -3.54605e-05 0.00124195 -0.0023431 -0.000208506 -3.05166e-05 0.0041605 -0.00128119 -0.00462395 -6.33164e-05 -0.00131466 0.00394636 -1.39253e-06 9.10884e-06 0.000166804 -5.96798e-05 -0.00719048 0.00496568 -0.000273568 0.00317754 0.00279615 4.046e-05 -0.00109084 0.0025006 0.000186492 0.00366992 0.00087137 0.000161461 -0.00105383 0.000280785 0.00074708 -4.60486e-05 -3.25279e-05 -0.000148775 -0.0023435 -6.75999e-05 -0.00446966 0.00012381 -8.10406e-06 -3.30703e-05 -0.00711225 -0.000100686 -0.000775573 0.00309494 -0.00303692 1.01411e-07 -0.00104725 0.00068562 -0.00484055 0.00646517 0.000144775 -0.00154797 -0.00182142 0.000104342 3.07038e-05 2.50173e-05 4.07906e-06 -0.00526901 -0.00331737 -9.14853e-06 -8.20873e-06 2.79453e-06 0.00438657 0.00050683 0.00257007 0.0056455 0.00556347 1.66358e-05 0.000444767 -0.00357459 -5.72867e-05 -0.000842318 0.000577127 0.000102378 0.00177435 0.00210773 -0.00378437 9.57222e-06 5.34547e-07 -0.00166345 -0.00117167 -0.00137259 -0.000282649 -0.00445553 1.63771e-06 -0.000395896 -8.23123e-05 -5.97091e-06 
-4.98396e-07 -2.34183e-06 -4.69213e-07 6.05496e-06 2.83668e-05 -0.000676663 4.94288e-06 0.000280574 0.00247347 -5.39552e-06 -9.35508e-05 -0.00173995 -3.54605e-05 0.00434812 0.000305381 -0.00105881 -0.0001295 0.000107847 1.64062e-05 -0.000543452 0.00132697 -3.0607e-05 -0.000607865 -0.00017876 -6.51368e-06 0.000242479 -7.67894e-06 0.000102334 -1.94009e-05 0.000290495 0.000154847 0.00158277 -0.000252778 -1.38963e-06 -0.000368777 -0.000209491 -4.42872e-05 0.00179652 9.19562e-05 -2.34666e-05 -0.000620126 -7.77242e-05 -0.000242259 0.00010508 -1.83513e-05 -8.73884e-05 0.00167181 0.000232784 0.000501137 0.000385772 -2.36118e-06 2.96144e-05 -9.90779e-05 -7.8966e-05 -0.00034156 -1.56033e-06 -0.00142436 -6.84678e-08 -0.000447265 -3.37371e-05 -0.0021614 -0.000509613 -1.59472e-05 -0.000972644 -0.00122099 -1.59541e-05 -6.77951e-06 -6.04151e-07 -2.49919e-05 -0.00160821 0.000123909 1.72401e-07 1.42367e-05 -4.48243e-06 0.000241367 1.23731e-05 0.00114273 -0.000105629 -0.00039941 0.00058081 -5.19218e-05 -0.00162948 0.000313279 -0.000303135 -0.000421029 -9.71889e-05 0.000886071 9.64579e-05 0.000356265 4.60371e-05 -1.28629e-06 -0.00074422 -0.000617257 -0.000135816 -0.000110881 0.000970989 -2.6132e-07 -0.000146561 -4.83621e-05 -4.45356e-06 
-4.24063e-06 -4.24078e-06 -1.22425e-05 9.43974e-06 -9.84881e-05 -0.0058853 0.000137911 0.00449295 0.00982125 -4.93271e-05 6.63698e-05 -0.00733021 0.00124195 0.000305381 0.0373355 -0.00877717 -0.000489428 0.000239928 0.00581396 0.00188553 -0.0040952 -0.000270676 -0.00497898 0.010172 -5.30822e-05 0.000103378 0.000598528 -0.00087899 -0.00674307 0.00500659 -0.00106124 0.0122379 0.00494539 -2.74275e-05 0.000344988 -0.000312163 -0.000387041 0.0171168 -0.00236313 0.000213582 -0.000439612 0.00221926 -0.00694172 8.27931e-05 -0.00016003 -0.00057155 -0.0033417 -0.000476688 -0.00413665 -0.00055146 -3.04899e-05 0.000261594 -0.00690413 -0.000896579 -0.00148464 0.00596193 -0.0110658 1.36878e-06 -0.00427784 6.54468e-06 -0.0161934 0.00962411 0.000340827 -0.00652121 -0.012235 -0.000123453 0.00021338 1.77289e-05 1.66635e-05 -0.0180662 -0.00960435 1.11148e-05 7.0107e-05 -5.40843e-05 0.00465904 0.000160958 0.0123823 0.00838914 0.00396683 5.32366e-05 -0.000829261 -0.00949716 -0.000129081 -3.64801e-05 0.00465657 0.00137386 0.00671001 0.000288361 0.00599869 0.000143438 4.54727e-06 -0.00538155 -0.00149873 -0.00545082 -0.00109278 -0.00717702 5.60274e-06 -0.000348007 -0.000418787 4.85096e-05 
3.12403e-05 4.7044e-05 -0.000167878 -0.000479352 -0.000667169 0.0547729 -0.000225253 -0.0336204 -0.0772222 -0.000375191 -0.00380022 0.0717294 -0.0023431 -0.00105881 -0.00877717 0.193372 0.000646205 -0.00277868 -0.00451378 0.0131048 -0.0677465 0.00355583 0.0354254 -0.0178529 0.000298352 -0.00275696 -0.000378414 -0.00131223 0.00140886 -0.015054 0.00474929 -0.112118 -0.00613427 -0.000336149 -0.0183281 -0.00827903 0.00129586 -0.0751717 -0.0156737 -0.00110449 -0.000846141 -0.00574929 -0.0400879 -0.0031803 -0.000839253 0.00216849 -0.00519318 -0.00265063 0.0241604 0.00747925 -3.73182e-05 -0.000741825 0.0250384 0.00678315 -0.016211 -0.00749908 0.108037 3.85855e-06 0.0483314 -0.0064859 0.0946849 -0.0471809 -0.000479554 0.0640481 0.0689984 -0.000997843 1.9468e-05 -0.000380843 -0.00193034 0.0870523 -0.00480699 -0.000243726 0.000212707 -0.000228839 -0.00929375 -0.000692765 -0.123753 -0.00474346 -0.0726772 -0.0382169 -0.00532967 0.0682472 -0.000141067 -0.0105206 -0.0213443 -0.00979222 -0.0884212 -0.00598857 -0.0297329 4.42781e-05 3.08327e-05 0.0588976 0.0351584 0.039226 0.008807 -0.0867039 -7.16913e-05 0.000904809 0.00293547 -0.00023715 
-3.8322e-06 -1.16229e-05 2.81109e-05 -5.09518e-05 -5.71854e-05 -0.00313624 -3.41457e-05 -0.00372986 -0.00780658 -4.32891e-05 -0.000724431 0.0132176 -0.000208506 -0.0001295 -0.000489428 0.000646205 0.0317647 -0.000384989 -0.00055616 -0.0029126 0.00766395 0.0013072 -0.00382179 -0.00178132 5.20901e-07 -0.000150377 -8.95206e-05 0.00366447 0.00359852 -0.00227147 -0.000676783 -0.0132444 -0.00224689 -1.8808e-05 -0.00364303 -0.00193505 0.000351662 -0.00884633 9.64652e-05 -0.000178277 -0.00499405 -0.000583563 -0.00430893 -5.14251e-05 -6.44274e-05 0.00166564 0.00269595 0.000519754 0.00335663 -0.000213643 -6.60652e-06 -0.000111359 0.00314713 0.000331624 0.00195438 -0.000941728 0.0153718 -1.4912e-08 -0.000471741 -0.000807283 0.00817492 -0.00592663 -6.40381e-05 -0.00465528 0.0150681 -0.000123668 0.000127779 -3.48139e-06 -0.000234191 0.00866972 0.00775302 0.000104142 0.000115743 5.63416e-06 -0.00110496 -0.000139799 -0.00998795 -0.00374885 -0.00867668 -0.00388602 -0.000424251 -0.00742556 0.000100549 -0.00293256 -0.00511034 -0.0131741 -0.0102808 -0.000884168 0.00214597 4.64688e-05 1.27522e-05 -0.00437196 -0.00335221 0.0114959 0.00126442 0.00240633 -7.41435e-06 0.0089126 0.000487351 -2.08597e-05 
-1.12428e-06 1.85906e-05 -6.44461e-06 -2.19954e-05 0.000426615 -0.00105185 4.83175e-05 -0.00144551 0.00161639 -2.06259e-05 -0.000294403 -0.00602621 -3.05166e-05 0.000107847 0.000239928 -0.00277868 -0.000384989 0.0136064 -0.000160255 0.00560013 -0.00726316 -4.75904e-05 -5.74081e-05 -0.000119201 -1.72987e-05 0.000119806 -4.17118e-05 -9.88293e-05 -0.000832201 0.00045071 0.000531862 0.0023834 0.000445268 -1.81163e-05 -0.00137683 0.000258579 -0.000146391 0.00383745 -0.000760341 0.000319339 0.00131402 0.000229904 0.00232968 -0.00030962 0.000147187 -0.000285394 0.00407237 9.12683e-05 -0.000211387 -0.000142124 -1.26791e-06 6.43007e-05 0.000267824 -5.09203e-05 -0.00127526 -0.000238602 -0.00343861 -2.16303e-07 -0.00161438 -0.000262673 -0.00268238 -0.000144812 1.95719e-05 0.00684674 -0.00392769 -4.89024e-05 -1.89192e-05 6.21929e-06 5.75794e-05 -0.00352341 -0.00472403 0.000263862 -1.78731e-05 -3.02972e-06 -0.000402559 -6.48655e-05 -0.00762356 -0.00202288 -0.00320842 -0.000128224 -0.000370639 -0.00466838 -8.44868e-06 0.0107138 0.0102286 0.000215428 -0.00406474 0.00309954 -0.000757449 -4.56556e-06 -3.06844e-06 -0.000220145 0.000476592 -0.00185393 -0.000303449 0.00162273 1.55546e-05 -0.000480699 2.5956e-05 -1.01807e-05 
-2.11651e-06 -8.04372e-06 4.28165e-05 4.64316e-05 -2.58026e-05 -0.00214081 2.71058e-05 0.00513882 -0.00234467 -2.28321e-05 0.00017964 -0.00762073 0.0041605 1.64062e-05 0.00581396 -0.00451378 -0.00055616 -0.000160255 0.0170811 -0.00216776 -0.00686579 -0.000126096 -0.000266405 0.00522807 2.52767e-05 0.000238489 0.00120605 -0.000168508 -0.0102495 0.00865594 -0.000573634 0.00542628 0.00579228 -1.91337e-05 -0.00175432 0.000302937 -0.000181726 0.0111247 -0.000721741 0.000507098 -0.00179653 0.0045051 0.00236003 0.000299877 -1.93425e-05 -0.000342868 -0.00116194 0.00071904 -0.00907506 0.00036043 -1.4323e-05 -2.23744e-05 -0.0135268 -0.000284615 -0.00128651 0.00568594 -0.00598854 2.43858e-06 -0.00152145 6.78134e-06 -0.00779546 0.0110518 0.000315801 -0.00318414 -0.00527446 -1.5475e-05 0.000472388 9.00216e-05 -0.00012528 -0.0104303 -0.00571858 -8.42439e-06 -3.53795e-06 1.11006e-05 0.00926917 0.000959971 0.00364531 0.00848605 0.00862292 -0.00124087 -0.000265767 -0.00678743 -8.16725e-06 -0.00130106 0.00029671 0.000793981 0.00710803 0.00218364 -0.00610292 0.000108132 -2.06248e-06 -0.00273838 -0.00215737 -0.00242955 -0.00063938 -0.00571185 1.5855e-06 -0.000716111 -0.000169334 -1.40826e-05 
7.02731e-05 7.30777e-05 -5.10723e-05 -0.000221133 -0.000260222 0.0166893 0.000289567 -0.0170423 -0.0208022 -0.000171813 -0.00342984 -0.0164413 -0.00128119 -0.000543452 0.00188553 0.0131048 -0.0029126 0.00560013 -0.00216776 0.122709 -0.0379958 4.30195e-05 -0.00842823 0.00700704 -3.39634e-06 -0.00120556 -0.00046495 -0.00224086 0.00856474 -0.0141515 -0.00174072 -0.00421924 -0.00545062 -0.000188966 0.000214768 -0.0042504 -0.00122543 -0.00977983 -0.0100643 -0.000428079 0.0151084 0.00997759 -0.0369755 -0.00300573 -0.000665544 0.00194297 -0.0100062 -0.0012103 0.0334241 0.000265341 0.00018558 0.000838644 0.014152 -0.00195606 -0.0111876 -0.00122058 0.00730655 -3.56503e-07 0.0132212 -0.00270108 0.0174819 -0.0246972 0.00127016 0.016014 -0.00890746 -0.000532524 -0.000197327 4.49669e-05 0.000491426 0.0084584 -0.0112478 0.000261391 -4.89806e-05 -0.000149854 -0.00233959 0.00130348 -0.0350508 -0.0239495 -0.0311168 0.0178331 -0.00344544 0.00907117 -0.000963448 0.0229875 0.0359953 -0.00322898 -0.0179743 -0.00341473 -0.00895799 -0.000132059 -4.2241e-05 0.00245325 0.00773468 0.0138777 0.00730718 -0.0158277 3.36768e-05 -0.00632816 -0.00101523 0.000367202 
-5.17598e-05 -0.000294521 -2.70211e-05 -0.000831642 -0.00101374 -0.0575124 -0.000387847 -0.00309857 0.0425127 -6.99812e-05 -0.00776845 0.0266713 -0.00462395 0.00132697 -0.0040952 -0.0677465 0.00766395 -0.00726316 -0.00686579 -0.0379958 0.245323 -0.00268065 -0.0388916 -0.0325472 -0.000451159 0.00170701 -0.000774438 -0.00411569 0.0656756 -0.030868 -0.0127593 0.0304014 -0.0347547 -0.000699154 0.0442381 -0.0324876 -0.00498269 0.0223176 -0.0173246 -0.000963873 -0.0681505 -0.012025 0.0145442 0.00610335 -0.00139536 0.00512571 0.0227165 -0.00718065 0.0150055 -0.00627076 7.15338e-05 0.000751235 0.0391725 -0.00186055 0.0144647 -0.0060317 2.35713e-05 -8.21104e-06 -0.015619 -0.0110838 -0.0448296 -0.00922904 -0.00203831 -0.0972035 0.0172561 -0.00203969 0.000256803 -0.000834983 -0.00297278 -0.0290248 0.0850633 -0.000132766 3.70959e-05 -0.000244544 -0.00748499 -0.00200095 0.102313 0.0029386 0.025427 0.0145129 -0.0112871 -0.0292814 -0.000496541 -0.0550406 -0.0894262 -0.0109926 0.0424454 -0.0179356 0.0327657 -1.75799e-05 -0.000170525 -0.0632578 -0.0722949 0.0241467 0.000855923 0.128631 7.90714e-05 0.00887579 0.000152316 0.000235238 
-8.61756e-07 3.02957e-05 8.26941e-07 1.56091e-06 -2.03681e-06 -0.000466557 1.61511e-05 -0.000327907 -0.00200501 -9.64283e-06 -9.27834e-05 0.00235006 -6.33164e-05 -3.0607e-05 -0.000270676 0.00355583 0.0013072 -4.75904e-05 -0.000126096 4.30195e-05 -0.00268065 0.00720756 -0.000402564 -0.000390794 -8.73899e-06 8.30806e-06 0.000141294 0.00118906 0.00058528 -0.000543806 0.000186569 -0.00230998 -0.00042601 -8.47307e-06 -0.000742388 -0.000221546 0.00118038 -0.00216986 -0.000164691 -3.0678e-05 -0.000945512 0.000193889 -0.00184776 -0.000142746 -9.43141e-07 0.00110398 -0.00123178 8.09798e-05 0.00248718 0.00156534 -5.37794e-06 -2.46138e-05 0.0007199 0.000126218 0.000585954 -0.000196671 0.00295005 -3.60471e-08 -0.000809791 -0.000168466 0.00237087 -0.00133142 -1.52279e-05 -0.00138444 0.00316805 -2.37932e-05 6.80458e-06 -1.15254e-05 -5.1631e-05 0.00207135 -0.00214413 -4.37195e-06 2.91081e-05 -8.31675e-06 -0.000251598 -3.18163e-05 -0.00363252 -0.000561788 -0.00197218 -0.00083253 -0.000125126 0.00231439 4.65634e-05 0.000430958 -0.000280936 -0.000907524 -0.0025048 -0.000241235 -0.00246335 2.27601e-06 4.08424e-06 0.00176758 -0.000293868 -0.000616386 -0.000260266 -0.00373721 -9.36322e-07 0.00279683 -1.2937e-05 -6.90386e-06 
1.77034e-05 7.4736e-05 0.000169094 -6.55705e-05 -0.000336982 0.0541168 -0.000102697 -0.0177426 -0.038161 -0.000206312 0.00341687 0.0305056 -0.00131466 -0.000607865 -0.00497898 0.0354254 -0.00382179 -5.74081e-05 -0.000266405 -0.00842823 -0.0388916 -0.000402564 0.121683 -0.0091919 0.00030662 -0.000743619 -0.000333752 0.000834791 -0.0166491 0.00383899 0.00062316 -0.0486599 0.011937 -0.000184779 -0.00299593 0.00221736 -0.0015308 -0.0324313 -0.00482837 -0.000509476 0.00325563 -0.00172685 0.00469446 -0.000771174 -0.000757274 -0.00191107 0.0163697 0.00231259 -0.023691 -0.00150968 3.66669e-06 -0.000475715 0.0039852 0.00454379 -0.0117716 -0.00406886 0.036463 8.02155e-06 0.00550276 -0.00352903 0.0447501 -0.0247224 -0.000474165 0.0385423 0.00321142 -0.000532139 9.43349e-05 -0.000141669 -0.000961767 0.0411849 -0.0209995 -9.10768e-05 -0.000169188 0.000204734 -0.00495526 -0.000321177 -0.061511 -0.00191397 -0.0359404 -0.0182297 -0.00251458 0.0149638 1.85757e-05 -0.002603 -0.00204593 0.00546332 -0.0442556 0.00488966 0.00987886 6.23597e-05 7.46811e-05 0.0431255 0.017388 -0.00681154 -0.000273622 -0.0511715 -2.54288e-05 -0.00263097 0.000871236 -7.84464e-05 
-6.36022e-06 -3.12109e-05 0.000153659 -2.87384e-05 0.000324304 -0.0111226 -1.61652e-05 0.0246001 0.0226375 0.000482622 -0.000763103 -0.0241925 0.00394636 -0.00017876 0.010172 -0.0178529 -0.00178132 -0.000119201 0.00522807 0.00700704 -0.0325472 -0.000390794 -0.0091919 0.0637918 -5.8421e-05 -0.000583066 0.000979654 -0.00155118 -0.0213822 -0.000945378 0.00147518 0.0306408 0.00573383 0.00105866 -0.00749528 0.0180641 0.00499783 0.0146532 0.0227494 0.000726442 0.00716517 0.00637128 -0.0121043 0.000753829 0.0022234 -0.000478521 -0.0185786 -0.00103739 -0.0124372 -0.000780302 -5.46074e-05 -3.86951e-05 -0.0263265 -0.00147997 -0.00506517 0.00627028 -0.0260595 5.59696e-07 -0.00804791 0.0189508 -0.0337029 0.0253283 0.000466898 -0.0158253 -0.0198491 0.00329186 6.43622e-05 4.48196e-05 0.00484649 -0.0361929 -0.0234724 3.69495e-05 0.00011649 -9.13492e-05 0.0116073 -0.000237964 0.0270127 0.000490818 0.0294588 0.0192371 0.017941 -0.0165458 -0.000103672 0.00181606 0.0121614 0.00153393 0.020603 -0.000968929 -0.0079799 0.000219517 -7.10497e-06 -0.0120201 -0.00760646 -0.00978297 -0.00266073 -0.0239313 -1.88349e-05 -0.00309178 -0.000611298 -7.90257e-06 
-1.31619e-07 -8.24352e-07 -4.01039e-07 -6.96838e-07 1.70475e-05 0.000442646 -2.01484e-06 -0.000187521 -0.000429286 -2.29823e-06 0.000323833 -0.000152285 -1.39253e-06 -6.51368e-06 -5.30822e-05 0.000298352 5.20901e-07 -1.72987e-05 2.52767e-05 -3.39634e-06 -0.000451159 -8.73899e-06 0.00030662 -5.8421e-05 0.00153494 -4.02089e-06 -4.95766e-06 0.000113012 -0.000107637 9.95673e-05 -5.05313e-05 -0.000423839 -8.55579e-05 -1.85695e-06 -0.000153332 -8.45662e-05 1.26396e-05 -0.000329339 -0.000113919 -8.52339e-06 -4.56802e-05 -3.12881e-05 -6.58126e-05 -1.7122e-05 -1.65676e-06 3.81225e-05 -0.000139303 0.000181569 0.000274303 4.47842e-05 -1.07936e-06 4.47901e-07 -0.000200729 -2.01082e-05 -8.44792e-05 -4.04283e-05 0.000139384 4.64787e-07 0.000374459 -3.04014e-05 0.000249752 -0.000123086 1.63258e-05 -0.000185255 5.18902e-05 -5.50339e-06 -3.10222e-06 2.07705e-05 -1.07255e-05 3.64654e-05 0.00029442 3.13095e-06 6.68748e-07 -1.74447e-06 0.000125884 9.39656e-07 -0.00018558 0.000265259 -0.000375184 5.93421e-06 -3.87517e-05 0.000107563 8.67596e-06 -0.00013347 -0.000221244 -5.58622e-05 -2.59789e-05 0.00017698 2.4827e-05 1.1443e-07 9.96757e-06 -0.000106615 -8.42612e-05 -0.000202863 -2.71396e-05 -0.000453876 5.02042e-07 4.77288e-05 -1.62237e-05 2.31007e-06 
-6.58852e-07 -5.88676e-06 -1.11108e-05 0.00010402 0.000205942 -0.00166485 9.42301e-06 -0.000295292 0.0042036 -1.12785e-05 2.37289e-05 -0.00426969 9.10884e-06 0.000242479 0.000103378 -0.00275696 -0.000150377 0.000119806 0.000238489 -0.00120556 0.00170701 8.30806e-06 -0.000743619 -0.000583066 -4.02089e-06 0.0108575 4.61361e-05 0.000504549 0.000581081 -0.000485963 0.000419363 0.00440952 -0.000615474 -1.41095e-05 0.000312784 -0.000551502 -0.000113454 0.00615422 0.00038361 4.83727e-05 -0.00203401 -8.26504e-05 0.00448656 -0.000217807 -1.71622e-05 -4.78285e-05 0.00448246 0.000167806 -0.00403904 -4.50915e-05 -8.25168e-06 -7.73003e-06 -0.000965197 3.17769e-05 -0.000848345 0.000305908 -0.00379398 -1.7211e-07 -0.00121389 -7.24546e-05 -0.00587628 0.0033358 3.44306e-06 -0.0023324 0.000783182 -4.13724e-05 1.11913e-05 2.90982e-05 -7.03614e-05 -0.00616609 -0.00349155 -9.16826e-06 1.35507e-06 -1.19198e-05 0.00109279 0.000285801 0.000744569 -0.00217052 0.00393879 -7.74486e-05 -8.31663e-05 -0.00395134 0.000262026 -0.000736077 -0.00159675 -0.000555062 0.00429954 -0.000301472 0.00121362 1.64676e-05 -1.92922e-06 -0.00197455 -0.00158819 -0.000978393 -0.00042499 0.00326477 1.96251e-05 -2.72344e-05 -0.000115577 -1.06618e-05 
-2.05958e-07 8.50973e-06 -3.129e-06 -5.55953e-06 1.28442e-05 -0.000552884 8.67126e-06 -0.000392511 -0.000602665 3.7795e-05 -8.97841e-05 -0.000263139 0.000166804 -7.67894e-06 0.000598528 -0.000378414 -8.95206e-05 -4.17118e-05 0.00120605 -0.00046495 -0.000774438 0.000141294 -0.000333752 0.000979654 -4.95766e-06 4.61361e-05 0.00359496 4.80831e-05 -0.00103806 0.000114182 1.4442e-05 0.00054859 0.000614032 8.82073e-06 0.000508298 0.000386858 0.000239505 0.000227735 0.000101361 0.000149846 -0.000636784 0.00121709 -0.000965535 -8.57317e-05 2.24877e-05 0.000112264 -0.00130145 -4.4711e-05 -0.000277546 -6.37994e-06 -3.05226e-06 -1.31786e-05 -0.00142695 -2.15413e-06 -0.00023052 0.000585052 -0.000704135 -5.65651e-08 -0.000343519 0.000508195 -0.000747316 0.000952012 6.70615e-06 -0.000821096 -0.000676261 2.03001e-05 0.000100097 -2.74353e-06 4.13986e-05 -0.000551217 -0.000251586 -3.63035e-06 -2.27157e-06 1.08745e-07 0.00103101 7.34634e-05 0.0010096 0.000292212 0.000884485 -0.000125111 0.000498131 0.000284328 -2.39351e-05 -0.000273568 -0.000270617 0.000142808 0.000703269 -9.31582e-05 -0.00135462 5.39985e-05 -1.14529e-06 0.000589865 -0.000452883 -0.000420443 -0.00011341 -0.00177163 -1.14352e-06 0.000159706 -6.92528e-06 -1.81267e-06 
-1.45744e-06 4.446e-05 -1.80854e-06 0.000169006 0.000624045 0.000844786 8.49281e-05 -0.00233488 -0.00445391 -3.44029e-05 0.000704656 -0.00441213 -5.96798e-05 0.000102334 -0.00087899 -0.00131223 0.00366447 -9.88293e-05 -0.000168508 -0.00224086 -0.00411569 0.00118906 0.000834791 -0.00155118 0.000113012 0.000504549 4.80831e-05 0.0224828 -0.00783897 0.00918654 -0.000551757 -0.00999191 0.00344301 -2.60137e-05 -0.00236754 0.00349108 7.83374e-05 -0.00474934 -0.000765964 -5.69761e-05 0.00345224 -0.000103114 0.00616195 5.95313e-05 -8.04383e-05 -0.000307067 0.00378148 0.00456931 -0.00452812 8.31194e-05 -1.13144e-05 -7.67697e-05 -0.00376721 -0.000350135 -0.00122818 -0.000660555 0.000965226 2.19477e-06 -0.00239676 -0.000536683 0.00515788 -0.00302416 4.30719e-05 0.00401317 0.00639131 -8.5191e-05 8.39519e-06 0.000662633 -0.0001727 0.00477455 -0.00422335 -2.4328e-06 -2.05162e-05 0.000239149 -0.000726424 0.000140822 -0.0116105 0.00270615 -0.00592707 -0.00249123 -0.000474999 -0.00711919 0.000310117 0.00386444 0.0043745 -0.00418125 -0.0060046 0.0049669 -0.00700027 -1.41265e-05 -5.63822e-06 0.00339456 0.00221638 0.00329621 -3.60548e-05 -0.00270049 -7.19683e-06 0.00468543 -2.14361e-05 -2.25008e-05 
-5.16789e-05 -0.000288126 -0.000179352 -0.00045906 -0.00149868 -0.0276905 -0.00015242 -0.0224968 0.00369356 -0.0006167 -0.0144712 0.0399876 -0.00719048 -1.94009e-05 -0.00674307 0.00140886 0.00359852 -0.000832201 -0.0102495 0.00856474 0.0656756 0.00058528 -0.0166491 -0.0213822 -0.000107637 0.000581081 -0.00103806 -0.00783897 0.115142 -0.0542655 -0.0020131 0.0193123 -0.0443934 -0.000995743 0.0136147 -0.0484361 -0.00425366 0.00820726 -0.0198553 -0.00295166 -0.0361836 -0.00191212 -0.0184634 0.000114398 -3.06474e-05 0.00127739 0.0117178 -0.0049001 0.0549642 -0.000777536 5.4378e-05 0.000391109 0.0593723 0.000520862 0.0111544 -0.00773972 0.0254785 -6.15179e-06 0.002418 -0.018165 0.00105784 -0.0248849 -0.00252374 -0.0399069 0.0226143 -0.00314067 -9.52742e-05 -0.00120069 -0.00303131 0.010055 0.0425907 8.54711e-05 2.33692e-05 -0.000636074 -0.0162298 -0.00221372 0.0154831 -0.0327107 -0.0133647 0.0108953 -0.0172241 0.0121482 -0.000405902 -0.0169828 -0.0295949 -0.00478965 0.000867422 -0.0253111 0.0458392 -0.000113949 -0.000113065 -0.0233123 -0.0317358 0.0156133 0.003662 0.0609672 1.12046e-05 0.00515954 -0.000194053 0.000105807 
-1.01457e-05 3.66864e-05 -5.28585e-05 0.000470586 0.000998728 0.00641323 0.000216921 0.0143085 0.0110672 -0.000144868 0.0149443 -0.0438793 0.00496568 0.000290495 0.00500659 -0.015054 -0.00227147 0.00045071 0.00865594 -0.0141515 -0.030868 -0.000543806 0.00383899 -0.000945378 9.95673e-05 -0.000485963 0.000114182 0.00918654 -0.0542655 0.0924953 -0.00203656 -0.0022267 0.026567 -0.000131714 -0.0112 0.0136574 -0.00109336 0.0254044 0.00167093 0.00139646 0.00585553 0.000948799 0.0508859 0.000816504 -0.000537555 -0.00218637 0.0245129 0.00883274 -0.0502 0.000656832 -8.94701e-05 -0.000332525 -0.0416917 -0.00187206 -0.00866307 0.00644875 -0.0243279 2.83869e-06 -0.00395036 -0.00220904 -0.0152947 0.032796 0.000305364 0.0148992 -0.014792 -0.000306649 -1.23823e-05 0.001078 -0.000732734 -0.0239285 -0.0329316 -9.96708e-05 -8.97836e-05 0.000482408 0.00731208 0.00118263 -0.0024429 0.0310483 0.012046 -0.0120344 -0.00158945 -0.0336567 0.000351107 0.00737988 0.0153887 0.00486737 0.0105914 0.0265996 -0.0275531 -8.45084e-06 -2.304e-06 0.00374052 0.00288732 -0.0124178 -0.00322208 -0.0142683 -1.2333e-05 -0.00325512 2.70674e-06 -0.000103416 
-1.39991e-06 5.7409e-06 6.35501e-05 -5.74779e-05 0.000467398 0.00210345 -1.36588e-05 0.000325257 0.000235951 -1.41678e-06 -0.000817907 0.00152991 -0.000273568 0.000154847 -0.00106124 0.00474929 -0.000676783 0.000531862 -0.000573634 -0.00174072 -0.0127593 0.000186569 0.00062316 0.00147518 -5.05313e-05 0.000419363 1.4442e-05 -0.000551757 -0.0020131 -0.00203656 0.0327947 0.00365815 -0.00179707 0.000307579 -0.00203094 0.000951535 0.000370706 -0.00425464 0.00625869 -0.000165896 0.00466709 -0.000717374 -0.00649497 -0.000753644 0.00108091 -0.000609363 -0.00375909 -0.000420284 0.00793592 0.0010164 -2.2627e-05 -5.22693e-05 0.00061802 -0.000391454 -0.00264996 -0.00072357 -0.00511886 8.1223e-07 -0.00219309 0.000806969 -0.000417842 -0.00340866 -6.1727e-05 0.00672888 -0.00533905 -1.95075e-05 -4.48596e-05 -5.2621e-05 0.000167614 0.00519668 -0.00945256 4.51647e-05 -3.81805e-05 -3.60712e-05 -6.88828e-05 -0.000104363 -0.00867163 -0.00704416 -0.00380913 -0.00457104 0.00128015 0.00531839 0.000514835 0.00833761 0.0057315 -0.00171717 -0.0080246 -0.00107385 0.000533921 1.17499e-05 0.000120513 0.0109624 0.00988786 -0.00335877 -0.00119535 -0.0135111 -1.16895e-05 -0.000990392 -0.000366117 -1.7174e-05 
-6.05264e-05 -0.000253001 0.000155362 0.000359186 -0.000236648 -0.0767514 0.000138552 0.0554937 0.125978 0.000551351 -0.00255203 -0.106635 0.00317754 0.00158277 0.0122379 -0.112118 -0.0132444 0.0023834 0.00542628 -0.00421924 0.0304014 -0.00230998 -0.0486599 0.0306408 -0.000423839 0.00440952 0.00054859 -0.00999191 0.0193123 -0.0022267 0.00365815 0.247898 -0.0172558 0.000533222 0.0277758 -0.00655573 0.000301439 0.130315 0.0237678 0.00102749 -0.00932598 0.00728643 0.0399461 -0.00187363 0.00180602 -0.00585312 0.0387289 -0.00497758 -0.0374367 0.00245339 -0.000274389 0.00117624 -0.0206119 -0.0071433 -0.00196294 0.0110845 -0.139608 -7.09098e-06 -0.0542674 0.010454 -0.163001 0.0800141 -0.000350443 -0.0811573 -0.10213 0.0016068 -0.000646976 -0.0006119 0.00326808 -0.14718 -0.0649423 0.000215881 0.000146665 -0.000655734 0.0151862 -0.000422289 0.132477 -0.0405632 0.123783 0.0611224 0.0102017 -0.0684003 0.000895755 0.00491308 0.00938363 0.0156922 0.136829 -0.0120969 0.0451094 3.43547e-05 -6.43584e-05 -0.0593543 -0.0364929 -0.063702 -0.0156221 0.0794277 3.02542e-05 -0.0137102 -0.00361809 0.00021097 
-4.68932e-06 0.00021536 -4.99875e-05 0.000223431 0.000444274 0.0195652 3.21811e-05 0.00226537 -0.0161675 2.60558e-05 0.00357317 -0.023388 0.00279615 -0.000252778 0.00494539 -0.00613427 -0.00224689 0.000445268 0.00579228 -0.00545062 -0.0347547 -0.00042601 0.011937 0.00573383 -8.55579e-05 -0.000615474 0.000614032 0.00344301 -0.0443934 0.026567 -0.00179707 -0.0172558 0.0647842 -7.31565e-05 -0.00707931 0.0286448 -0.000579398 -0.00541911 0.000238208 0.00179149 0.0331051 0.00110666 0.00724544 0.00115732 -0.000123207 -0.00100822 -0.0177296 -0.000467774 -0.0282277 -0.00119037 -5.97934e-05 -0.000244498 -0.0221838 -0.00157039 -0.00182148 0.00681934 -0.0213407 6.52754e-07 -0.00426089 0.000938227 0.00298822 0.00453569 -2.50683e-05 0.0270607 -0.0195839 -8.42079e-05 2.40274e-05 6.48038e-06 7.62601e-05 0.00217219 -0.0191075 -6.75314e-05 -8.12534e-05 0.000362617 0.00507462 -6.55258e-05 -0.010918 0.0130931 0.00147146 -0.00870407 0.000629477 -0.00959672 -0.000544136 0.0137292 0.0284045 0.00350019 -0.00101657 0.0132006 -0.0153749 -2.4582e-05 -6.28161e-06 0.0194691 0.0221255 -0.00985822 -0.00237186 -0.0258005 -2.00606e-05 -0.00282328 2.32843e-05 7.86898e-05 
