0.00828399 7.09416e-05 -0.00156724 -0.000204604 -0.00752516 -0.000323229 7.66202e-05 0.00553063 -0.00105922 0.00620362 0.00788725 2.91332e-05 -0.00510648 -6.7004e-06 -0.00107909 -2.72346e-05 -0.00706019 0.000104995 -0.000780659 -0.000550421 2.62476e-06 -0.000284088 -0.00372871 8.14828e-05 0.000215212 2.57685e-05 -0.000504574 0.00627589 0.00137215 0.0024387 1.13412e-05 -0.000979881 0.00275601 0.000464191 -0.00380937 -0.00123829 1.06798e-05 -0.00698606 8.41923e-07 -3.63253e-05 0.00014922 -0.000100463 -0.0057198 -0.000209094 -0.00566868 -2.47414e-05 0.00170894 0.00714987 0.00293576 0.000212145 0.00675102 0.00738736 5.87543e-05 0.000115054 0.00743877 -6.48962e-06 0.0004866 -0.000538181 0.000395775 2.08021e-06 -0.000313676 -0.00116141 -1.87869e-06 0.00147346 -2.77797e-06 7.46227e-05 -0.00763206 -1.88354e-06 0.005492 0.00778918 -1.28979e-05 1.28163e-06 9.93206e-07 -7.4095e-05 -4.6758e-06 0.00265933 -0.0043874 -0.000170452 0.00747003 -0.00681499 -1.58758e-05 -9.0649e-05 -0.0042202 0.000303418 -0.00656071 -0.0074554 2.212e-05 -0.00217529 0.000245192 0.00351942 -0.000792072 -0.000224378 -0.00452081 -3.70695e-05 -0.00464438 8.93134e-06 -6.46692e-06 1.41576e-05 -8.65835e-07 0.000739794 
7.09416e-05 0.0199886 0.00343122 -0.000275384 -0.00287462 -0.000347619 0.000152852 -7.27232e-05 0.0115491 8.1931e-05 0.00033162 0.00105839 -0.00643285 -1.7872e-05 -0.00269304 -5.23913e-05 -0.0107986 0.00246738 0.000263995 -0.00118054 3.75877e-05 -0.000671414 -0.00839988 -2.40588e-06 0.000114117 -4.77253e-06 0.00964151 0.00213635 0.0129294 0.00227564 1.28601e-06 0.00375369 0.000695666 0.00238574 -0.00611714 -0.00185298 5.64356e-05 -0.00612934 3.39586e-06 -4.51679e-05 -3.24762e-05 -8.65162e-06 -0.00344646 0.00154606 -0.00337898 4.43576e-06 0.00285929 0.000652598 9.14616e-05 0.000438433 0.000250336 0.000753689 -1.82263e-05 0.000723135 -0.000158127 -4.44274e-05 3.76418e-05 0.0060253 -4.18125e-05 -2.9432e-06 -0.00065775 -0.000656785 1.06363e-05 0.000208349 0.000121633 0.000345403 -0.0017577 3.3827e-05 -0.000119852 -0.000156822 -0.000205435 1.12181e-06 -7.49546e-07 0.000189143 -8.11501e-05 -0.00022475 -0.0105742 -0.000349704 0.0011729 0.0014608 -3.83778e-05 0.000911631 -0.0102143 0.000724512 -0.00564758 -0.00646102 -2.22086e-06 0.0112819 -0.000178048 0.000462655 -0.00170055 -0.000456928 -0.0054671 -0.000105915 -0.00361553 6.55836e-06 8.23017e-05 -3.36994e-06 -3.03035e-06 -4.29263e-05 
-0.00156724 0.00343122 0.179291 0.00517667 0.0070111 -0.0083279 0.00038222 -0.0012846 0.024282 -0.00165218 -0.00390946 -0.00244814 -0.108025 0.001807 -0.0310702 -0.00112074 -0.0489885 -0.00553841 -0.0185403 -0.0118066 -0.00027247 -0.00556912 0.0216371 -0.000219597 7.0036e-05 5.0887e-05 -0.0117129 -0.00490508 0.0299778 0.0201427 -1.27858e-05 -0.0218678 -0.00273276 -0.00859341 -0.0626234 0.0590286 -5.11949e-05 -0.0582283 -1.00021e-05 -0.000693757 -0.00045304 0.00606869 0.0099894 0.00542694 0.0546831 -0.000441127 -0.00512185 -0.00940908 -0.0101601 -7.53612e-05 -0.001272 -0.00339159 -0.00011813 -0.000285225 -0.00154254 -0.000358952 -0.000220072 0.0491606 -0.000418005 -1.39638e-05 -0.00895569 -0.00728853 0.000112395 -0.00010152 0.000241751 -0.000467887 0.00886419 -6.77161e-05 -0.00222141 -0.00236339 -2.29502e-05 -4.58512e-06 -1.49318e-05 -0.00205074 -0.000283489 -0.000685563 -0.0132811 -0.00361072 -0.00467879 0.0090335 -0.000568195 0.00334421 0.00973941 -0.00634719 0.0244629 0.01316 4.99087e-05 -0.00854128 -0.00120997 -0.00218594 -0.0218437 -0.00448763 0.00992143 -0.000969615 -0.00963754 -1.69846e-05 -0.000231934 1.38032e-05 -4.05728e-05 0.000671859 
-0.000204604 -0.000275384 0.00517667 0.0274807 0.00157264 -0.000856922 -2.82333e-05 -0.000112383 -0.00566336 0.000152541 9.22655e-05 0.000476575 -0.00862873 -7.15915e-05 -0.00408186 -0.000101283 -0.00102999 -0.000466742 0.000729653 -0.000781332 -4.66249e-05 -0.000944017 0.0131851 -1.95818e-05 1.9826e-05 2.02463e-05 -0.0019243 -0.000164844 -0.00318551 0.00125624 7.53773e-06 0.000599851 -0.000295987 -0.000739523 -0.0127319 -0.00231163 -4.94317e-06 -0.00352706 -7.37905e-07 -9.47922e-05 0.000122708 0.00086803 0.00114005 0.000608788 0.00617793 -8.52873e-05 -0.000409755 -0.00108396 -0.000976279 -4.08651e-05 0.000131003 -0.000465847 -2.8552e-05 4.12611e-05 -0.000386646 -4.56621e-05 0.00017551 -0.000117953 -6.1601e-05 -1.56805e-06 -0.00111938 -9.65314e-05 -1.246e-05 -3.49624e-06 -1.22965e-06 0.000171658 0.00042755 2.74541e-06 -0.000262088 -0.000345455 0.000381507 -1.95671e-06 5.76097e-06 -0.00026224 -9.21643e-05 -2.40402e-05 -0.000650974 -0.000489562 -6.95885e-05 -0.00240646 -5.87456e-05 -0.000191423 0.0105406 -0.000647657 0.00375893 0.00165435 2.30335e-05 -0.00872669 -0.000169493 0.000200433 -0.00272191 0.000526618 0.00141015 0.000341623 -0.00908189 -1.57486e-06 2.1263e-05 -1.75989e-06 -9.00056e-08 -6.46792e-05 
-0.00752516 -0.00287462 0.0070111 0.00157264 0.0722546 -0.0102102 -0.000811179 -0.0060305 -0.0416453 -0.00909635 -0.0180577 -0.0114825 -0.00331534 -0.00176897 0.00912761 4.93683e-05 0.0347789 -0.0210933 -0.0239228 -0.00621183 -0.00129864 -0.0107507 0.0343271 -0.000525939 -0.000639344 -6.66022e-05 -0.0350466 -0.0265923 -0.0343301 -0.00852703 -5.7541e-05 0.00339508 -0.0106311 -0.0308421 0.00902782 0.00286595 -0.000202092 0.0181858 -4.41471e-05 0.000176947 -0.000473446 -0.000210766 0.0421411 -0.00330194 0.0282473 -0.00210474 -0.0090503 -0.0380085 -0.0245876 -0.0011838 -0.00882003 -0.016348 -0.000931942 -0.00339786 -0.0107134 -0.00122595 -0.00129423 2.84435e-05 -0.000338562 -7.65135e-05 -0.00273886 -0.00215773 -2.76132e-05 -0.00178451 -0.000203548 -0.00244575 0.0379051 -0.000382623 -0.00882573 -0.0136494 -0.00208565 -6.44999e-05 -2.15372e-06 -0.00654166 -0.0001296 -0.0135306 0.0396122 0.000591473 -0.0234878 0.0276973 2.58504e-05 -0.00450427 0.0356707 -0.0181554 0.0421877 0.0464546 -0.000187532 -0.0257161 0.000346742 -0.00735106 0.00616934 0.00201608 0.0490377 -0.000547104 0.0322805 -3.83356e-05 -0.000726097 -1.18084e-05 -6.75932e-05 -0.00215427 
-0.000323229 -0.000347619 -0.0083279 -0.000856922 -0.0102102 0.0382201 -3.18917e-05 -0.000249598 -0.000408859 -0.000369981 -0.000860684 -0.000631291 0.00856433 -9.12986e-05 -0.00432475 -0.000114067 0.00218732 -0.000723637 0.00189975 0.0122346 0.000432439 0.0144525 -0.0108868 -3.97661e-05 -4.01183e-05 -7.53019e-06 -0.00305908 -0.000456873 -0.00485557 -0.00180164 3.34214e-07 4.11772e-05 -0.000357024 -0.000106713 -0.0128385 -0.00521155 -1.05716e-06 0.00220944 -3.34946e-07 -0.000127262 4.22818e-05 -0.000208708 0.000662451 0.00202698 0.00542279 0.000959751 0.00161207 -0.000627262 -0.000511233 -4.22518e-05 -0.000202266 -0.00069189 3.59522e-06 0.000520154 -0.000543437 0.00167066 -5.11506e-05 -0.00439919 7.3458e-05 5.10232e-05 0.00879727 0.0116445 -6.16048e-06 -6.39968e-05 2.87677e-05 -0.000117036 -0.0103286 -1.66214e-05 -0.000386596 -0.00059841 0.000420808 3.92941e-05 -2.38152e-06 -0.000356062 0.000193763 0.00357869 -0.00695686 -0.000768312 -0.0011642 -0.0149519 -6.31278e-05 0.00197645 0.00366808 0.000217902 0.00504576 0.00118882 5.03518e-05 -0.0012899 -0.000351905 0.000292824 -0.00141487 -0.000500979 -0.00622341 -3.52446e-05 -0.0117297 2.53681e-06 8.08539e-06 -6.58182e-06 3.20514e-05 0.00179895 
7.66202e-05 0.000152852 0.00038222 -2.82333e-05 -0.000811179 -3.18917e-05 0.00121843 2.60436e-05 0.000670706 5.82216e-05 0.000360595 3.53647e-05 -0.000633973 0.000413267 -0.000117322 -6.33217e-06 -0.0009044 0.000279206 -0.000105238 -3.91235e-05 1.2908e-05 -3.5731e-05 -0.00020848 3.04293e-07 3.6181e-05 4.63381e-06 0.000414896 0.000290888 0.000522019 0.000256274 1.44764e-06 -0.000124972 0.000111672 0.000178972 -0.000553552 0.000524048 8.03557e-06 -0.000581522 -6.20263e-08 -3.74298e-06 1.23213e-05 0.000302671 -0.000741467 -1.19246e-05 -0.000151347 -3.55375e-07 7.18847e-05 0.000613037 3.96482e-05 4.6256e-05 5.35091e-05 0.000406103 1.21286e-06 -2.61547e-06 0.000235163 -2.66276e-06 1.20477e-05 0.000509532 -4.2963e-07 1.2084e-06 -2.53531e-05 -0.000154024 7.59688e-07 8.35942e-06 2.77474e-05 0.000164169 -0.000370292 1.57369e-06 7.96168e-05 0.000179055 0.000380781 7.53895e-07 9.70824e-07 1.4135e-05 -1.05109e-06 0.000162272 -0.000585589 -2.93574e-05 0.000195873 -0.000583057 -7.41908e-07 5.63741e-06 -0.00062492 -3.20326e-05 -0.000778444 -0.00085786 1.37129e-05 0.000624618 -2.57739e-06 4.90801e-05 -9.2758e-05 -2.29854e-05 -0.000614147 -6.2699e-06 -0.000412166 2.27015e-06 3.94557e-05 2.47921e-07 -2.7085e-07 -1.0391e-06 
0.00553063 -7.27232e-05 -0.0012846 -0.000112383 -0.0060305 -0.000249598 2.60436e-05 0.00698266 -0.00155954 0.00567807 0.00618153 0.000563006 -0.00432703 -1.62677e-05 -0.00102 0.000104771 -0.00571371 -0.000196637 -0.000681609 -0.000425428 -2.71152e-06 -0.000232783 -0.00305488 6.59866e-05 9.93427e-05 5.41985e-06 -0.000701862 0.00520728 -9.36311e-05 0.00204191 1.901e-05 -0.000805719 0.00220473 0.000258886 -0.00313418 -0.00123016 -7.43875e-07 -0.00568704 -4.64327e-08 -1.59774e-05 6.87807e-05 -8.02708e-05 -0.00482787 0.000548984 -0.00464844 -2.04441e-05 0.00113528 0.00516288 0.0030887 0.000220809 0.0063193 0.00516032 1.30719e-05 0.000670702 0.00620046 7.89522e-06 0.000576804 -0.000454454 0.000386143 8.45205e-07 -0.000243335 -0.000947857 -3.21088e-07 0.00122972 -3.67007e-06 -4.08106e-06 -0.00618223 -1.11426e-06 0.00437334 0.00621028 -1.87483e-05 3.91399e-06 -5.55734e-07 -6.6545e-05 -2.80164e-05 0.00251806 -0.00356274 -0.000134638 0.0061549 -0.0054845 -8.86529e-06 -7.45487e-05 -0.00338783 0.000236365 -0.00531016 -0.00586741 1.4769e-05 -0.0025823 9.67429e-05 0.00274946 -0.000705255 -0.000139384 -0.00393629 -2.5248e-05 -0.00355998 2.90443e-06 1.51451e-05 9.8724e-06 -3.05729e-07 0.000811485 
-0.00105922 0.0115491 0.024282 -0.00566336 -0.0416453 -0.000408859 0.000670706 -0.00155954 0.18486 0.000239726 0.00610002 0.00872895 -0.0109085 0.00152459 -0.0308805 -0.000888372 -0.0578377 0.0203199 0.019529 -0.00450891 0.000504508 0.000862119 -0.0754789 8.89865e-05 0.000245785 -4.0379e-05 0.0580292 0.0157736 0.103525 0.0162443 1.31125e-05 -0.0137344 0.00603805 0.0271982 -0.0285638 0.0134455 0.000153558 -0.0430526 3.28657e-05 -0.000639805 -0.000249076 0.00341333 -0.0394515 -0.00362726 -0.0146374 0.00121958 0.0101724 0.0248015 0.0234871 0.000439693 -0.000663623 0.00601071 0.000723909 0.0012856 0.000405889 -0.000501299 0.000117095 0.0325053 -0.000458193 9.51873e-06 0.0012329 -0.0237752 -5.72444e-05 -5.08223e-06 0.000140204 0.0021062 -0.0166116 0.000288993 0.00150693 0.00231233 0.000721097 4.60577e-05 -1.78522e-05 0.00556643 -0.0009249 0.00425402 -0.0904377 -0.00458715 0.0134608 0.00128001 -0.000556914 0.00457177 -0.0968931 0.0206954 -0.0472657 -0.0479931 9.72624e-05 0.100188 -0.00222737 0.00256125 -0.0140299 -0.00641277 -0.0450962 0.000668612 -0.0127405 3.68642e-05 0.000505419 8.27592e-06 -2.04453e-05 -0.000688948 
0.00620362 8.1931e-05 -0.00165218 0.000152541 -0.00909635 -0.000369981 5.82216e-05 0.00567807 0.000239726 0.00994576 0.00920934 0.00201642 -0.00584415 -7.16568e-06 -0.00139471 0.000160057 -0.0084463 -0.000245051 -0.000736772 -0.000616128 3.96567e-05 -0.000310348 -0.00461846 0.00012924 0.000431536 3.53518e-07 0.000686819 0.00778368 0.00203228 0.00218452 3.4557e-05 -0.00116609 0.00199485 0.000517873 -0.00440614 -0.00189266 2.4419e-06 -0.00839145 -3.30411e-08 -3.82349e-05 0.00016804 5.09089e-05 -0.00753181 0.000681664 -0.00692111 -1.09197e-05 0.001817 0.00645565 0.00577112 0.000600897 0.00758554 0.00711183 7.31082e-05 0.00175787 0.00737773 5.39152e-05 0.00124084 -0.000177187 0.000366853 9.61259e-07 -0.000354516 -0.00139207 7.25676e-06 0.00164231 -1.54341e-06 0.00127349 -0.00919455 3.02126e-05 0.0044687 0.00777872 6.39143e-06 2.72294e-05 -8.41612e-07 -4.15645e-05 -3.25207e-05 0.00503489 -0.00536984 -4.97071e-05 0.0090892 -0.00800405 -1.84878e-05 3.9618e-05 -0.0051675 0.000518471 -0.00804945 -0.00906164 2.39778e-05 -0.00230531 0.000312664 0.00393235 -0.00101461 -0.000273009 -0.00628444 0.000182992 -0.0055732 6.55455e-07 8.78458e-05 3.7874e-06 9.52496e-06 0.000894368 
0.00788725 0.00033162 -0.00390946 9.22655e-05 -0.0180577 -0.000860684 0.000360595 0.00618153 0.00610002 0.00920934 0.0263916 0.00351741 -0.00932058 0.000240329 -0.00204292 0.000145906 -0.0136636 0.00339628 -0.000326185 -0.0016307 0.000115476 -0.000841769 -0.00870466 0.000203543 0.000624535 8.57596e-05 0.008261 0.0140333 0.00990927 0.00490881 4.49015e-05 -0.00283649 0.00525237 0.00612986 -0.00574575 -0.00368996 7.72061e-05 -0.0145622 2.98738e-06 -7.59894e-05 0.000269509 -0.000114545 -0.0153101 7.95306e-05 -0.0156267 -5.15236e-05 0.00260349 0.0145815 0.00996593 0.000697333 0.0088549 0.0136269 0.000258953 0.00146251 0.00964519 6.58788e-06 0.00113602 2.66705e-05 0.000368979 6.67372e-07 -9.67699e-05 -0.00357749 1.07914e-05 0.00161777 1.12087e-05 0.00241333 -0.015676 7.92657e-05 0.00854586 0.0127111 -1.68215e-05 2.9106e-05 2.59416e-06 1.08398e-06 -8.88914e-07 0.00683285 -0.0126542 0.000493231 0.0147577 -0.0124651 -5.29135e-05 -0.000176813 -0.00934252 0.0023296 -0.0174345 -0.0187493 2.9524e-05 -0.000545777 0.00040146 0.00642759 -0.00211825 -0.000438917 -0.0135738 5.85478e-05 -0.0108033 1.39263e-05 0.000144145 1.18135e-05 5.3882e-06 0.00107911 
2.91332e-05 0.00105839 -0.00244814 0.000476575 -0.0114825 -0.000631291 3.53647e-05 0.000563006 0.00872895 0.00201642 0.00351741 0.0222358 -0.000497593 0.000127267 -0.00191078 0.000207074 -0.0150519 0.00615414 0.0073566 -0.000204536 0.000228213 0.000432184 -0.00784692 -1.64781e-05 0.000145922 3.86105e-05 0.0116121 0.0119678 0.00979018 0.00160098 4.00071e-05 -0.00194063 0.00221041 0.00722334 -0.00313335 -0.00314628 3.08941e-05 -0.00528252 1.62089e-06 -6.63397e-05 0.00015608 -0.000181571 -0.0115631 0.00361058 -0.00668322 8.11317e-05 0.00112737 0.00528873 0.00405451 0.000213479 0.00125312 0.00315568 0.000497152 0.00250251 0.000893935 0.00010148 0.000428984 -0.00163456 -4.1812e-05 -1.52152e-06 -0.000792772 -0.00186675 2.50011e-05 0.000188527 -4.57842e-06 0.00165162 -0.0118507 0.000299824 0.000825385 0.00218728 -0.000216029 5.59276e-06 1.07462e-05 0.00306984 -4.98683e-05 0.0039102 -0.00521246 -0.000384189 0.010213 -0.0119315 -3.86797e-05 0.00126082 -0.0083453 0.00160305 -0.0107857 -0.0101182 6.03416e-05 0.00649438 -0.000226208 0.00150471 -0.00215817 -0.000483969 -0.0103726 0.000360674 -0.00638696 2.5631e-06 5.01102e-05 -1.94663e-06 -1.61845e-06 7.65025e-05 
-0.00510648 -0.00643285 -0.108025 -0.00862873 -0.00331534 0.00856433 -0.000633973 -0.00432703 -0.0109085 -0.00584415 -0.00932058 -0.000497593 0.235051 -0.00173258 0.0243821 0.00114256 0.0443926 0.00568776 0.027512 0.00902938 0.000398667 0.00711614 -0.0392965 3.92317e-05 -0.000399433 -0.000119499 0.0153582 -0.00401791 -0.0353606 -0.0275175 -1.58855e-05 0.0252973 -0.000830964 0.009849 0.0701851 -0.0777383 8.21725e-06 0.0606493 7.80561e-06 -0.00229101 -0.000571896 -0.00502048 -0.000957835 -0.00934942 -0.0209776 0.000796699 -0.00300501 0.00201056 0.00627084 -0.000562066 -0.00572122 -0.00626654 0.000196521 -0.00150213 -0.00785808 0.00029779 -0.000571968 -0.0625572 -0.000487073 2.77637e-05 0.0038109 -0.0191382 -7.6557e-05 -0.00116918 -0.000226505 -0.00113365 -0.00265869 1.35694e-05 -0.00536778 -0.00760056 -0.00336308 -7.20005e-06 -5.50579e-05 0.00344032 -0.000687033 -0.00150261 0.0539132 0.00540863 -0.00839107 -0.0204307 -0.00139852 -0.000645781 -0.0454785 0.0090161 -0.0197912 -0.00531906 -7.1924e-05 0.0114306 -0.00156467 -0.00448179 0.00162533 0.00259293 -0.00904535 0.000507838 -0.00604541 1.19993e-05 -0.000428541 -2.26831e-06 1.04095e-05 -0.00220274 
-6.7004e-06 -1.7872e-05 0.001807 -7.15915e-05 -0.00176897 -9.12986e-05 0.000413267 -1.62677e-05 0.00152459 -7.16568e-06 0.000240329 0.000127267 -0.00173258 0.00283301 -0.000438994 -1.64114e-05 -0.00221926 0.000464405 -0.000235496 -0.000115289 3.3833e-06 -6.84981e-05 -9.67435e-05 1.74269e-05 2.60665e-05 9.4175e-06 0.000804607 0.00020698 0.00139162 0.00129095 -4.58329e-07 -0.000332403 -2.04746e-05 -1.20063e-05 -0.00122114 0.0019262 6.24962e-07 -0.000946723 2.47777e-06 -1.12579e-05 1.73423e-06 0.000652498 -0.00145061 -7.38482e-05 0.000557592 -2.10363e-06 0.000138377 0.00126659 -6.89064e-06 1.9073e-06 -6.43507e-06 0.000101179 1.98765e-05 -2.80841e-06 0.000215181 9.59868e-06 -3.46954e-06 0.00195282 9.35407e-06 1.96869e-06 -0.000105278 -0.000316341 3.81974e-06 1.25679e-05 5.85439e-06 3.67395e-05 2.49074e-05 1.4289e-05 -2.22895e-05 1.85065e-05 0.00102326 -2.56454e-08 -1.1195e-07 -1.2113e-05 -2.47663e-06 5.00162e-05 -0.00125014 -4.84856e-05 1.35809e-05 -0.000310329 1.59233e-06 0.000210955 -0.00100565 -5.51417e-05 -0.00144124 -0.00176744 1.95464e-05 0.00115197 -2.38748e-05 5.36797e-05 -0.000282454 -8.4287e-05 -0.00170747 -1.09714e-05 -0.00127873 -2.76532e-07 4.61043e-05 -3.20548e-07 5.80329e-07 1.29286e-05 
-0.00107909 -0.00269304 -0.0310702 -0.00408186 0.00912761 -0.00432475 -0.000117322 -0.00102 -0.0308805 -0.00139471 -0.00204292 -0.00191078 0.0243821 -0.000438994 0.130768 0.00224013 0.0128279 -0.00436396 0.000635882 -0.00307951 0.000307601 -0.0011517 -0.0634207 -0.000118744 -0.000192508 -2.42837e-05 0.000187431 -0.00466027 -0.0225728 -0.00703187 -2.22233e-05 -0.00100812 -0.00187541 -0.00578048 0.06088 0.00845798 -3.44083e-05 0.0166256 -7.45455e-06 0.000216434 2.74184e-05 0.000109276 0.00714215 -0.00478033 -0.0772199 -9.60274e-05 -0.0033102 -0.0089186 -0.00446904 -0.000261331 -0.00151404 -0.00253766 -0.000154189 -0.000672255 -0.000483414 -0.00024857 -0.000207534 -0.0174547 -0.000184849 1.49511e-05 -0.00382079 0.0106719 -6.87165e-05 -0.000296699 -7.04271e-05 -0.000437743 0.00581136 -6.01001e-05 -0.00139033 -0.00174508 -0.00143836 -6.61392e-06 2.4745e-06 -0.000777074 0.0016644 -0.00257716 0.0219879 -0.000505108 -0.00457819 0.00877397 8.85926e-05 -0.000658872 -0.053968 -0.00431413 -0.0482633 0.00826986 -5.33485e-06 0.0206862 0.00206585 -0.00154719 0.014429 0.00535022 0.010521 -0.000699624 0.0630015 5.99805e-06 -0.000197988 -1.49506e-06 1.6642e-05 -0.000957906 
-2.72346e-05 -5.23913e-05 -0.00112074 -0.000101283 4.93683e-05 -0.000114067 -6.33217e-06 0.000104771 -0.000888372 0.000160057 0.000145906 0.000207074 0.00114256 -1.64114e-05 0.00224013 0.00625311 0.000286034 -0.00012837 -0.000214193 -0.000261113 -1.52633e-07 -9.59377e-05 -0.00222497 -4.85029e-06 2.56395e-05 -1.8316e-06 -0.000588123 0.000138285 -0.000859209 -0.000214527 9.01818e-06 -0.000119479 -7.0165e-05 -0.00018726 0.000627694 -0.000828861 4.81202e-06 9.88578e-05 -3.19949e-07 0.000102932 -1.75562e-05 -3.03821e-05 -5.47721e-05 0.000117559 -0.00222553 1.68186e-05 -6.59613e-05 -0.000131014 0.000125942 0.000140225 0.000154901 -4.7262e-05 4.74767e-06 0.000238345 0.000106228 -3.8242e-06 8.87728e-05 -0.000652484 -8.19133e-06 3.41472e-07 -0.000203941 2.16704e-05 4.68044e-08 -6.2746e-06 -3.12337e-06 -1.79958e-06 -0.000177044 -8.90885e-07 -2.34153e-05 4.00476e-05 -6.89502e-05 7.75607e-07 -6.66328e-07 -4.98922e-05 -3.72591e-06 0.000250734 -2.79968e-05 -3.5198e-05 4.87884e-06 -0.000224845 8.87286e-05 1.04824e-05 -0.0013708 -0.000150317 -0.000880822 3.5317e-05 2.75453e-06 -0.00172259 -3.75335e-05 -6.19555e-06 0.00133746 -0.000103857 0.000127919 -2.93094e-06 0.00174906 3.35418e-06 3.62455e-06 9.47165e-06 1.22029e-05 0.000177323 
-0.00706019 -0.0107986 -0.0489885 -0.00102999 0.0347789 0.00218732 -0.0009044 -0.00571371 -0.0578377 -0.0084463 -0.0136636 -0.0150519 0.0443926 -0.00221926 0.0128279 0.000286034 0.117995 -0.0136287 -0.00411192 0.00367754 -0.00140418 -0.000158385 0.0366331 -0.000412657 -0.000601461 -7.74629e-05 -0.036821 -0.0250526 -0.0600427 -0.032773 -7.13068e-05 0.0122742 -0.00770285 -0.0136479 0.0398568 -0.0251757 -0.000188674 0.0689702 -3.57286e-05 0.000554862 -0.00109377 -0.0089361 0.0238016 -0.00403635 -0.0051038 -0.000819406 -0.00182867 -0.0244993 -0.00769011 -0.000946515 -0.00819709 -0.0155805 -0.00083766 -0.00311076 -0.00898555 -0.000332397 -0.00114494 -0.0389765 -0.000208839 -6.72106e-05 0.00469833 0.0122729 -4.32855e-05 -0.00166998 -0.000113635 -0.00229971 0.027532 -0.000354824 -0.00832231 -0.012954 -0.00270403 -1.79215e-05 -3.72073e-07 -0.00584046 -0.000667183 -0.01089 0.0392289 0.00167073 -0.0250112 0.0224264 0.000321501 -0.00647207 0.0474076 -0.0034801 0.0292248 0.0264806 -0.000214706 -0.0381083 0.000360745 -0.0072409 0.0121104 0.00153846 0.0236875 -0.000291961 0.00860877 -5.34192e-05 -0.000725641 -3.91486e-06 -3.98843e-06 -0.00230593 
0.000104995 0.00246738 -0.00553841 -0.000466742 -0.0210933 -0.000723637 0.000279206 -0.000196637 0.0203199 -0.000245051 0.00339628 0.00615414 0.00568776 0.000464405 -0.00436396 -0.00012837 -0.0136287 0.0282744 0.0135186 -0.00186407 0.000718688 -0.000902111 -0.0127918 0.000369157 6.60607e-05 -2.85436e-06 0.0237515 0.0115148 0.016632 0.0017138 4.17967e-06 -0.000487314 0.00725036 0.0209382 0.00603425 -0.00430579 0.000185433 -0.00334342 4.00971e-05 9.14338e-05 -6.314e-05 -0.000337388 -0.0237632 -0.00043407 -0.0165823 0.00042825 0.00111808 0.0215007 0.0111732 0.000584219 -0.000131482 0.00516433 6.32964e-05 0.000198015 0.000242355 -5.90888e-05 4.29434e-05 -0.00175066 -6.01295e-05 2.77325e-06 -0.00094392 -0.00382023 -2.72338e-06 8.5279e-05 4.55456e-05 0.000629631 -0.0130322 0.00030029 0.0016816 0.00197844 -0.000302309 -2.10465e-06 2.53848e-06 0.00604676 -0.000116567 5.30854e-05 -0.0154163 -0.000413624 0.00908514 -0.00668628 -2.97662e-05 0.000855477 -0.0145592 0.00957712 -0.0220233 -0.0245743 4.67525e-05 0.0143734 -0.000216732 0.00104287 -0.00216925 -0.000650343 -0.0226556 8.09271e-05 -0.0157912 2.83321e-05 0.000430059 3.17802e-06 1.65638e-06 -0.000173563 
-0.000780659 0.000263995 -0.0185403 0.000729653 -0.0239228 0.00189975 -0.000105238 -0.000681609 0.019529 -0.000736772 -0.000326185 0.0073566 0.027512 -0.000235496 0.000635882 -0.000214193 -0.00411192 0.0135186 0.0895052 0.00362774 0.000320832 0.00624251 -0.027657 0.000372511 -0.000121631 -2.29268e-05 0.0214764 0.00553132 0.00416693 -0.00434088 1.62008e-05 0.0138549 0.0051458 0.0223883 0.0066872 -0.0182105 1.40418e-05 0.00857398 3.22581e-05 0.000325487 -0.000162684 -0.000754881 -0.0309576 -0.00240171 -0.0325446 0.000838694 0.00885406 0.0198816 0.0207717 0.000198614 -0.000665696 -0.000374929 0.000480114 -0.00030042 -0.000649424 -7.96873e-06 5.6116e-05 -0.0110218 -8.65049e-05 -2.33056e-06 0.00805718 0.00168103 6.82409e-05 -2.76803e-05 -2.17771e-05 -0.00023017 -0.0144556 -7.16009e-06 -0.000941365 -0.000733826 0.000983017 7.56262e-06 1.7321e-05 0.00488702 -0.000322012 0.00309656 -0.0211329 0.00123236 0.00371395 -0.0120483 -2.57361e-05 0.00195367 -0.035202 0.023009 -0.0318774 -0.0306157 -1.54175e-05 0.0159607 -0.000934968 -0.000683555 0.00276058 -0.00200178 -0.0339984 0.00175919 -0.0153258 -2.30651e-06 8.49537e-05 6.24638e-06 7.72017e-05 0.000378847 
-0.000550421 -0.00118054 -0.0118066 -0.000781332 -0.00621183 0.0122346 -3.91235e-05 -0.000425428 -0.00450891 -0.000616128 -0.0016307 -0.000204536 0.00902938 -0.000115289 -0.00307951 -0.000261113 0.00367754 -0.00186407 0.00362774 0.0637158 0.000151971 0.014759 -0.00323278 -6.442e-05 -4.64655e-05 -1.67626e-05 -0.00628334 -0.000676577 -0.00991693 -0.00304584 1.76666e-05 -0.00517527 -0.000579543 -0.0024577 -0.0284419 -0.00445819 -1.02922e-05 0.00562506 -3.4552e-06 -1.17501e-05 0.000227455 -0.00059433 0.00420576 0.0083968 0.00549973 0.000186049 -0.000902018 -0.00433178 -0.00260511 -0.000111884 -0.000521289 -0.00121116 0.000286237 0.000752302 -0.00100157 0.00176952 -7.64673e-05 -0.00768474 0.000318178 5.68344e-05 0.00768871 0.00692361 -1.33406e-05 -0.000122316 -2.70298e-05 -0.000186949 -0.0125561 -2.83618e-05 -0.000658799 -0.000731311 0.000148365 1.55672e-05 9.19123e-06 -0.000260234 -2.98184e-05 0.00513364 -0.0113123 -0.000571434 -0.00175784 -0.0253035 -5.16998e-05 0.00136882 -0.00177538 -0.00157654 0.00776841 0.0060377 5.06531e-06 -0.00125867 -9.11826e-06 9.71682e-05 0.00607886 -0.000707314 -0.00218921 -0.000283239 0.000857746 -4.89029e-06 -2.64483e-05 -1.14637e-05 7.08929e-05 0.00144911 
2.62476e-06 3.75877e-05 -0.00027247 -4.66249e-05 -0.00129864 0.000432439 1.2908e-05 -2.71152e-06 0.000504508 3.96567e-05 0.000115476 0.000228213 0.000398667 3.3833e-06 0.000307601 -1.52633e-07 -0.00140418 0.000718688 0.000320832 0.000151971 0.00168471 0.00053088 -0.000774608 8.91854e-05 2.96647e-05 1.66436e-06 0.000681401 0.000798985 0.000523392 5.35192e-06 -2.38907e-07 -9.65041e-05 0.000562319 0.000791205 -0.000568331 -4.63995e-05 5.84106e-06 -0.00118292 4.47531e-07 -6.99703e-06 3.35594e-05 0.000181207 -0.000811653 -3.77865e-05 -0.000279434 0.000323684 -2.07907e-05 0.000853822 4.37474e-05 3.3818e-05 5.2861e-05 0.000587151 3.04085e-07 1.59892e-05 6.76906e-06 6.24498e-05 3.31949e-05 -0.000176498 -1.23154e-06 2.7382e-05 -3.71219e-05 6.07401e-06 1.04924e-06 1.02546e-05 -2.29179e-07 9.15357e-05 -0.00133753 4.49429e-05 1.97779e-05 -7.86334e-06 8.27168e-05 4.34826e-06 -5.64712e-08 0.000626217 1.59234e-05 0.000179516 -0.000574839 -9.07839e-06 0.000655633 -0.00137851 9.12611e-06 0.000365826 -0.000850962 2.66791e-05 -0.000750208 -0.000790394 4.53037e-05 0.000465077 -1.02716e-05 0.000114724 -8.70374e-05 -4.38162e-05 -0.00089605 -3.44316e-06 -0.000365223 2.02463e-06 0.000116331 -3.02597e-07 1.91992e-07 5.22867e-05 
-0.000284088 -0.000671414 -0.00556912 -0.000944017 -0.0107507 0.0144525 -3.5731e-05 -0.000232783 0.000862119 -0.000310348 -0.000841769 0.000432184 0.00711614 -6.84981e-05 -0.0011517 -9.59377e-05 -0.000158385 -0.000902111 0.00624251 0.014759 0.00053088 0.0330886 -0.0152248 -6.92435e-06 -2.64473e-05 -1.10602e-06 -0.00361688 0.000152411 -0.00432857 -0.00159407 6.17133e-07 -0.000183177 -0.000185437 -0.000995025 -0.00898503 -0.00512423 -3.8721e-06 0.000966655 -1.74206e-06 0.000323745 3.59149e-05 -0.000244439 0.0010521 0.00192694 0.00396231 0.00117582 3.85142e-05 -0.00171347 -0.00102742 -6.10689e-05 -0.000102028 -0.000616668 0.00026626 0.000720941 -0.000509109 0.00180855 -4.63985e-05 -0.00395653 3.90693e-05 6.62168e-05 0.00386305 0.0142715 -1.43031e-05 -6.76662e-05 -6.72925e-07 -0.00010073 -0.0133319 -9.03651e-06 -0.000333844 -0.000346006 0.00092682 3.01337e-05 -3.27247e-06 0.000166998 0.000205681 0.00546321 -0.00885823 -0.000489315 -0.00106312 -0.0137905 0.00052606 0.00315253 -0.00749377 -0.000709504 0.00528544 0.00264794 4.54864e-05 -0.00263735 -0.000126027 0.000280526 -0.00277702 -0.000245211 -0.00592731 -0.000141603 0.000610162 6.51113e-08 1.91428e-05 8.78565e-07 6.6493e-05 0.00145533 
-0.00372871 -0.00839988 0.0216371 0.0131851 0.0343271 -0.0108868 -0.00020848 -0.00305488 -0.0754789 -0.00461846 -0.00870466 -0.00784692 -0.0392965 -9.67435e-05 -0.0634207 -0.00222497 0.0366331 -0.0127918 -0.027657 -0.00323278 -0.000774608 -0.0152248 0.24889 -0.000249147 -8.6601e-05 1.65736e-05 -0.0580657 -0.0144662 -0.0624399 -0.00633892 -6.72762e-05 -0.0152411 -0.00548323 -0.0170366 -0.0361741 -0.00533374 -0.000101476 0.0153375 -2.21619e-05 -0.00153737 -0.000245692 -0.00212209 0.028658 -0.00118223 0.0815867 -0.00149021 -0.00118864 -0.017097 -0.0164688 -0.000509164 -0.00426625 -0.00827001 -0.000476166 -0.00157169 -0.00627196 -0.000867413 -0.000677881 0.00833161 0.000230863 -3.93779e-05 -0.00551133 0.00211174 7.29756e-07 -0.000890581 -6.12113e-05 -0.00107675 0.0244097 -0.000186815 -0.00454589 -0.00697826 0.000709837 -2.95018e-05 1.79273e-05 -0.00425016 -0.00140141 -0.0068081 0.0420686 -0.00722706 -0.0142815 -0.00236256 -0.000631933 -0.00424783 0.16574 -0.0129059 0.0846127 0.0354622 -9.04314e-05 -0.113852 -0.000518249 -0.00333543 -0.00303624 -0.00352187 0.0301192 0.000838538 -0.102461 -4.20021e-05 -0.000447364 -5.35714e-05 -8.62708e-05 -0.00104763 
8.14828e-05 -2.40588e-06 -0.000219597 -1.95818e-05 -0.000525939 -3.97661e-05 3.04293e-07 6.59866e-05 8.89865e-05 0.00012924 0.000203543 -1.64781e-05 3.92317e-05 1.74269e-05 -0.000118744 -4.85029e-06 -0.000412657 0.000369157 0.000372511 -6.442e-05 8.91854e-05 -6.92435e-06 -0.000249147 0.00106099 1.33001e-05 2.45353e-05 0.000295729 5.2611e-05 -8.4984e-05 -1.57647e-05 -1.71344e-07 -0.000100408 0.000426188 0.000490689 0.000266751 -8.23086e-05 2.14899e-06 -0.00015077 1.23775e-07 9.8539e-06 2.93344e-06 9.18719e-06 -0.000663617 -3.69399e-05 -0.000542929 -1.51394e-06 3.12423e-05 0.000597135 0.000414661 1.60129e-05 0.000150285 0.000149607 -6.52544e-07 -4.0294e-06 0.000181149 -2.31833e-06 0.000112627 -1.72436e-05 3.80235e-05 -1.94998e-08 -3.13892e-05 8.25585e-05 4.38202e-07 6.07278e-05 -2.33374e-07 5.69285e-06 -0.000518753 3.38478e-06 4.9893e-05 0.000123551 2.14461e-05 -8.85102e-08 3.98644e-07 0.000452953 -4.20441e-06 -2.59851e-06 -0.000525023 4.90156e-05 8.18292e-05 -0.000310703 -1.67369e-06 1.68735e-05 -0.000207827 0.000481765 -0.000571851 -0.000624664 1.19053e-06 -0.000104465 1.1293e-05 4.26777e-05 -6.53536e-06 -2.787e-05 -0.000566948 -7.20456e-07 -0.000436873 1.80773e-06 3.83813e-05 3.31772e-07 -2.35815e-07 -2.21686e-06 
0.000215212 0.000114117 7.0036e-05 1.9826e-05 -0.000639344 -4.01183e-05 3.6181e-05 9.93427e-05 0.000245785 0.000431536 0.000624535 0.000145922 -0.000399433 2.60665e-05 -0.000192508 2.56395e-05 -0.000601461 6.60607e-05 -0.000121631 -4.64655e-05 2.96647e-05 -2.64473e-05 -8.6601e-05 1.33001e-05 0.00131627 2.99386e-05 0.000166488 0.000645408 0.000318053 -4.99305e-05 9.05404e-06 -0.00011513 9.35398e-05 0.000171132 -0.000400444 -2.3761e-05 1.00912e-05 -0.000669749 -6.70135e-08 -2.65393e-06 -2.08178e-06 -3.05603e-06 -0.000720053 2.52511e-05 -0.000535421 -3.1628e-06 0.000312573 0.0002664 0.000279179 0.00017542 0.000317193 0.000457048 2.78974e-05 0.000230371 0.000270902 -1.74353e-06 0.000157101 -1.9876e-05 6.15731e-05 3.80093e-07 -2.81437e-06 -6.73405e-05 -6.55784e-07 0.000107876 3.82973e-07 0.000268959 -0.000628146 8.71004e-06 3.59577e-05 0.000370645 -9.38593e-06 2.3235e-06 3.27104e-07 -8.13805e-07 -5.48761e-06 0.000384508 -0.00061011 -2.28009e-05 0.000389986 -0.000658981 -2.71073e-06 2.87359e-06 -0.000223252 2.76127e-06 -0.000569712 -0.000676742 8.53116e-08 8.63413e-05 5.71329e-05 0.000116866 4.7834e-05 -2.75181e-05 -0.000629367 8.66454e-06 -0.000586541 -1.28286e-07 -9.51232e-07 7.95255e-06 -2.92628e-07 2.02102e-05 
2.57685e-05 -4.77253e-06 5.0887e-05 2.02463e-05 -6.66022e-05 -7.53019e-06 4.63381e-06 5.41985e-06 -4.0379e-05 3.53518e-07 8.57596e-05 3.86105e-05 -0.000119499 9.4175e-06 -2.42837e-05 -1.8316e-06 -7.74629e-05 -2.85436e-06 -2.29268e-05 -1.67626e-05 1.66436e-06 -1.10602e-06 1.65736e-05 2.45353e-05 2.99386e-05 0.000290982 -3.38301e-06 4.40374e-05 -4.51469e-06 1.75264e-05 1.75267e-07 -3.34419e-05 2.5654e-05 1.46102e-05 -3.94642e-05 -1.29681e-06 3.45369e-07 -9.54441e-05 2.96312e-07 1.26257e-05 -9.65385e-09 2.72704e-06 -9.19657e-05 3.8451e-05 -4.42198e-05 -3.78194e-07 1.82519e-05 2.67033e-05 -1.18071e-05 9.79291e-08 3.90182e-05 5.3814e-05 6.53469e-06 1.3598e-05 4.60317e-05 -2.35321e-07 3.31045e-06 -2.34929e-05 1.64154e-05 -2.87953e-08 6.66844e-06 5.71446e-05 -1.44822e-07 2.34521e-06 3.97209e-07 9.01502e-06 -6.85004e-05 9.92983e-08 4.16541e-05 6.94996e-05 -1.79719e-06 -2.42556e-08 4.69571e-08 -1.44797e-06 4.04702e-07 2.48259e-05 -4.42278e-05 8.34855e-06 3.27003e-05 -0.000110806 -7.19192e-07 -1.48937e-06 3.74146e-05 -8.25701e-06 -7.44488e-05 -6.47981e-05 6.07125e-07 -4.42957e-05 -1.25719e-06 4.27472e-05 -1.71199e-05 -8.60296e-06 -4.70427e-05 4.64777e-07 -9.49443e-05 5.62723e-06 8.61594e-07 3.14475e-07 -6.46233e-08 -5.2062e-07 
-0.000504574 0.00964151 -0.0117129 -0.0019243 -0.0350466 -0.00305908 0.000414896 -0.000701862 0.0580292 0.000686819 0.008261 0.0116121 0.0153582 0.000804607 0.000187431 -0.000588123 -0.036821 0.0237515 0.0214764 -0.00628334 0.000681401 -0.00361688 -0.0580657 0.000295729 0.000166488 -3.38301e-06 0.115938 0.0178508 0.0611316 0.00686213 4.90728e-05 0.0109001 0.00653355 0.0264383 0.00296482 -0.00641798 0.000181189 -0.00882729 4.07164e-05 -0.000271976 0.000309477 -0.000149327 -0.0366068 0.00152194 -0.0504 0.000324961 0.00267199 0.0248708 0.0211573 0.000544835 -0.000345047 0.00784621 0.000545339 0.00123924 -0.000567574 -0.000265704 0.00018487 0.00307787 -0.000204307 -6.79518e-06 -0.0014943 -0.013895 4.27737e-06 2.00691e-05 0.00012618 0.00206919 -0.0190744 0.000328137 0.00253688 0.00395062 -0.000799106 -8.32379e-07 -1.77378e-06 0.00623797 0.000118754 0.00363451 -0.0561913 0.00170999 0.0151327 -0.00687032 -0.000382968 0.00109456 -0.0673904 0.0169228 -0.0695005 -0.0455535 7.94319e-05 0.0694443 -0.0013144 0.00222693 -0.0085092 0.00143459 -0.0342688 0.000381997 -0.00455105 2.87936e-05 0.000736951 -1.27573e-05 2.06589e-05 -0.000591358 
0.00627589 0.00213635 -0.00490508 -0.000164844 -0.0265923 -0.000456873 0.000290888 0.00520728 0.0157736 0.00778368 0.0140333 0.0119678 -0.00401791 0.00020698 -0.00466027 0.000138285 -0.0250526 0.0115148 0.00553132 -0.000676577 0.000798985 0.000152411 -0.0144662 5.2611e-05 0.000645408 4.40374e-05 0.0178508 0.0300948 0.0177379 0.00562682 7.39894e-05 -0.00204949 0.00667036 0.0129328 -0.00825914 -0.00414708 0.000197174 -0.0177894 1.43097e-05 -0.000122543 3.94144e-05 -8.96858e-05 -0.0238285 0.00355119 -0.0167755 0.000446907 0.00409938 0.0181889 0.00824382 0.000816534 0.00746007 0.0154387 0.000713035 0.00326777 0.00787602 0.000106372 0.00103212 -0.00183262 0.000152803 5.12263e-06 -0.00102021 -0.00285998 -1.21205e-05 0.00137204 2.54252e-05 0.00252254 -0.0242314 0.000389816 0.00815321 0.0123052 -0.000295974 1.75117e-05 4.33337e-06 0.00520405 -7.76314e-05 0.00875574 -0.0165361 -0.000616449 0.0231158 -0.0195538 -5.91025e-05 0.0010878 -0.0159547 0.00111183 -0.0234207 -0.0249754 0.000123242 0.010343 -0.000191362 0.0059983 -0.00306959 -0.000736839 -0.0216649 0.000300059 -0.0163414 2.96769e-05 0.000490689 9.77513e-06 5.95966e-06 0.000947414 
0.00137215 0.0129294 0.0299778 -0.00318551 -0.0343301 -0.00485557 0.000522019 -9.36311e-05 0.103525 0.00203228 0.00990927 0.00979018 -0.0353606 0.00139162 -0.0225728 -0.000859209 -0.0600427 0.016632 0.00416693 -0.00991693 0.000523392 -0.00432857 -0.0624399 -8.4984e-05 0.000318053 -4.51469e-06 0.0611316 0.0177379 0.144301 0.0270686 2.36092e-05 -0.00741193 0.00479976 0.0196861 -0.0363827 0.0235865 0.000128077 -0.0606681 9.06356e-06 -0.000576044 0.000337358 0.00194778 -0.0270775 -0.000977491 -0.0144063 0.000249111 0.000571954 0.0217189 0.0119939 0.000214371 0.000927372 0.00931289 0.000547562 0.00113952 0.00312152 -0.000378397 0.000103246 0.0395633 -0.000375149 2.39076e-06 -0.00571801 -0.018976 -2.28232e-06 0.000139918 0.000169847 0.00219576 -0.0135628 0.000316075 0.00398296 0.00545921 5.18512e-05 1.36039e-05 -9.32963e-06 0.00452264 -0.000472686 0.00300509 -0.0860063 0.000199117 0.0188031 0.00307276 -0.00049498 0.00278532 -0.0744122 0.00938452 -0.0485913 -0.0353063 6.11169e-05 0.0795165 -0.00115668 0.00389272 -0.0141838 -0.00505546 -0.0251033 -0.000607775 -0.00497107 2.79888e-05 0.000662193 -1.51368e-05 -1.34731e-05 -0.00058875 
0.0024387 0.00227564 0.0201427 0.00125624 -0.00852703 -0.00180164 0.000256274 0.00204191 0.0162443 0.00218452 0.00490881 0.00160098 -0.0275175 0.00129095 -0.00703187 -0.000214527 -0.032773 0.0017138 -0.00434088 -0.00304584 5.35192e-06 -0.00159407 -0.00633892 -1.57647e-05 -4.99305e-05 1.75264e-05 0.00686213 0.00562682 0.0270686 0.0450472 2.71944e-05 -0.00465735 0.00180083 0.000520072 -0.0230336 0.00768976 2.81315e-05 -0.0342529 2.95148e-06 -0.000173977 0.000916482 0.000832798 -0.00318026 0.00130947 0.00677878 8.5262e-05 -0.0011284 0.00778958 -0.00184667 -6.65192e-05 0.00201757 0.00506087 7.73657e-06 0.000366625 0.003473 -0.000100528 0.000176221 0.0315974 3.85797e-06 3.01236e-06 -0.00156266 -0.00581958 -5.48092e-07 6.84891e-05 0.000101988 0.000245826 -0.00450592 8.89314e-05 0.00473466 0.00497984 0.00171734 1.65976e-06 -1.22896e-06 -0.000314792 0.000117616 0.000464259 -0.0207593 -6.18575e-05 0.00871625 -0.000250359 -0.000136951 0.000352026 -0.00803415 -0.00127142 -0.0122375 -0.00730115 8.71066e-05 0.00810094 -0.000259574 0.00124756 -0.00462116 -0.00137058 -0.00289377 -0.000185975 -0.0109212 8.98669e-06 0.000289337 -6.0339e-06 -5.90897e-06 0.0014198 
1.13412e-05 1.28601e-06 -1.27858e-05 7.53773e-06 -5.7541e-05 3.34214e-07 1.44764e-06 1.901e-05 1.31125e-05 3.4557e-05 4.49015e-05 4.00071e-05 -1.58855e-05 -4.58329e-07 -2.22233e-05 9.01818e-06 -7.13068e-05 4.17967e-06 1.62008e-05 1.76666e-05 -2.38907e-07 6.17133e-07 -6.72762e-05 -1.71344e-07 9.05404e-06 1.75267e-07 4.90728e-05 7.39894e-05 2.36092e-05 2.71944e-05 0.000161296 1.03316e-05 6.39528e-06 5.65085e-06 -4.61368e-05 -2.37233e-05 -3.64373e-08 -6.84093e-05 2.25131e-07 1.20902e-07 8.8726e-07 -1.29489e-06 -6.72061e-05 4.43689e-05 -6.91111e-05 1.13396e-07 6.80217e-06 1.68646e-05 1.81937e-05 1.47033e-05 3.34214e-05 2.37431e-05 2.17208e-07 2.55625e-05 1.95049e-05 -3.52123e-07 1.35261e-05 -1.64377e-05 3.97237e-06 -2.82762e-08 9.38191e-06 4.53905e-07 1.40862e-06 2.49131e-06 -8.77629e-08 7.8095e-06 -0.000100639 7.63145e-08 2.08449e-05 3.95145e-05 -1.82745e-06 -1.34435e-08 -1.70822e-08 -1.16361e-06 3.82653e-06 3.77909e-05 -7.94275e-05 8.4537e-08 5.85297e-05 -8.63512e-05 1.62133e-06 7.42494e-06 -4.35844e-05 8.07592e-06 -7.78408e-05 -6.47812e-05 2.32461e-07 6.09168e-05 -1.57462e-06 7.38817e-06 -1.00153e-05 3.21338e-06 -3.67939e-05 1.40962e-06 -4.33676e-05 -1.5702e-08 2.58044e-06 -2.89269e-08 9.64183e-07 1.89963e-06 
-0.000979881 0.00375369 -0.0218678 0.000599851 0.00339508 4.11772e-05 -0.000124972 -0.000805719 -0.0137344 -0.00116609 -0.00283649 -0.00194063 0.0252973 -0.000332403 -0.00100812 -0.000119479 0.0122742 -0.000487314 0.0138549 -0.00517527 -9.65041e-05 -0.000183177 -0.0152411 -0.000100408 -0.00011513 -3.34419e-05 0.0109001 -0.00204949 -0.00741193 -0.00465735 1.03316e-05 0.104124 -0.00108745 -0.00160764 -0.016787 -0.0148055 -2.50331e-05 0.011753 -4.12506e-06 -0.000150011 -0.000158054 -0.00121606 -0.000253544 -0.00281455 -0.00794046 0.00160111 -0.000401162 -0.00580617 -0.00366171 -0.000208838 -0.00117783 -0.00204288 -0.000116877 -0.000596775 -0.0008501 -9.27329e-05 -0.000132916 -0.00918868 -0.000257082 -1.39049e-05 -0.00234316 -0.00573026 9.85461e-05 -0.000185291 2.82823e-05 -0.000352746 0.00204315 -4.64272e-05 -0.0011438 -0.0018138 -0.00131854 -8.72745e-06 -9.09042e-06 -0.000596494 3.84414e-06 -0.00199007 -0.000396835 0.00334316 -0.00245747 -0.00263217 -4.26759e-05 -0.00109534 -0.0368354 -0.0015087 -0.0105011 -0.00969586 -5.3181e-07 0.0181338 -0.000886933 -0.00111027 0.000103337 -0.000901452 0.00114847 -0.000335848 0.0240069 -6.46922e-06 -7.81683e-05 4.0967e-06 4.26522e-06 -0.000634565 
0.00275601 0.000695666 -0.00273276 -0.000295987 -0.0106311 -0.000357024 0.000111672 0.00220473 0.00603805 0.00199485 0.00525237 0.00221041 -0.000830964 -2.04746e-05 -0.00187541 -7.0165e-05 -0.00770285 0.00725036 0.0051458 -0.000579543 0.000562319 -0.000185437 -0.00548323 0.000426188 9.35398e-05 2.5654e-05 0.00653355 0.00667036 0.00479976 0.00180083 6.39528e-06 -0.00108745 0.0124067 0.00871613 -0.000672262 -0.00210841 8.50621e-05 -0.00489519 1.27834e-05 -1.49986e-05 -1.56987e-05 -0.000158285 -0.0102588 -9.87231e-05 -0.00827588 8.26296e-05 0.000573723 0.0104472 0.00325153 0.000611755 0.00268525 0.00560935 3.59842e-05 9.81851e-05 0.00261773 1.19972e-05 0.000370021 -0.00114275 4.41752e-05 -1.55784e-06 -0.000337189 -0.00162693 1.59373e-05 0.000150381 4.30906e-06 0.000458542 -0.0105619 4.11271e-05 0.0038079 0.00401668 5.58584e-05 -1.35933e-07 9.16956e-06 0.00309437 -4.44811e-05 0.000325262 -0.00633023 6.67523e-06 0.00662975 -0.00612447 1.47477e-06 0.000205918 -0.00613872 0.0041681 -0.00913937 -0.0107866 5.83715e-06 0.0021417 -7.20223e-05 0.00140795 -0.00099323 -0.000331394 -0.0106808 -1.07287e-05 -0.00686654 1.61326e-05 0.000468601 1.12582e-05 5.77061e-07 0.000257535 
