0.0484985 -8.59138e-05 0.000135658 -0.000187689 -0.000237842 -0.000856935 -0.000105954 0.0214784 -2.72851e-05 -0.000373257 0.00227844 -3.33741e-05 -0.000455326 -0.0124246 -3.90822e-05 0.00160789 -0.00358822 0.00651488 1.92696e-06 -0.000226696 0.00295631 0.000230006 0.000450862 -0.000162542 -0.00017645 -0.00408083 -0.00239333 -7.20955e-05 0.0083113 -0.00462644 0.00539651 -0.0153988 -0.00189646 -0.000164254 -0.000801012 -7.06415e-05 -0.0196847 0.0084258 0.00936038 0.0102947 0.0033846 -0.0192138 -0.00148612 -0.0255337 0.00192762 -2.68059e-05 -0.000272782 -0.000237872 -2.68498e-05 0.000744553 -0.0212982 0.0117462 -0.000898609 -0.00577304 -0.000478294 -0.000300507 -0.0108803 1.79887e-05 0.000150876 0.000171251 -0.00960446 0.000892387 -0.0140004 0.032529 0.000553487 -0.00047391 -0.0103002 0.00845212 -5.46545e-05 0.00261957 2.34818e-05 1.7214e-05 -0.00034204 -0.000576342 -0.000156922 -0.00128397 -0.000146969 -2.71151e-05 -0.0160904 -0.000225664 -1.44377e-05 -3.92405e-05 0.0118633 -0.000218081 0.00771799 -2.0671e-06 0.00432125 -0.000469036 -0.000195641 -1.25525e-05 -0.000464858 -0.00134761 -0.00241337 6.38619e-07 -8.82741e-06 -0.0141646 0.000988185 -0.000511215 0.0229951 -0.00931732 
-8.59138e-05 0.00206513 7.2301e-05 8.09609e-05 6.31317e-05 0.000486033 6.82577e-05 -0.00113936 7.65036e-06 0.000154092 -3.35045e-05 1.8767e-06 -1.51573e-05 -0.000846575 -7.9174e-07 4.93188e-05 0.000204051 -8.28918e-05 2.72938e-06 -9.76923e-06 1.49541e-05 -4.70455e-06 0.000538246 9.1663e-05 4.36663e-06 0.000144625 -0.00169908 0.000584612 -0.000132557 -0.000112376 0.000879676 -0.00025358 -6.7852e-05 0.000204625 -3.23491e-05 -1.56893e-06 0.000605292 0.000345676 -0.000833349 -0.00143748 0.000555198 0.000200085 -0.000887602 -0.00166494 3.96761e-06 1.67258e-05 0.000103303 1.78845e-05 0.000190117 -0.00176406 -6.62147e-05 -0.000937167 -1.51222e-05 -1.17264e-05 0.000492498 0.00104534 -0.00149109 -1.89533e-06 4.59457e-06 0.000142713 -0.00111845 -9.87179e-06 -0.000429801 -0.000605645 0.000252363 -5.44926e-05 -0.000386125 -0.00129047 0.000683965 -0.000215951 -1.05434e-06 4.5522e-06 -1.20331e-05 9.98322e-05 0.0011244 0.000789749 0.000260778 0.000766643 -3.89461e-05 2.9295e-05 0.000123419 7.74997e-05 -8.06235e-05 0.000692387 0.000513014 6.78125e-08 -0.000639627 0.00127505 0.000397391 0.000168912 0.000326598 0.00186442 2.6025e-05 9.22125e-06 3.79315e-05 -0.00089132 0.0017108 0.000398048 -0.000927988 -0.000742977 
0.000135658 7.2301e-05 0.00908078 -2.92698e-05 4.09658e-05 0.000337799 -9.91009e-06 -0.00218215 -7.82797e-06 0.00121231 0.000506856 -1.07082e-05 -5.88797e-05 -0.00384335 0.000127662 -4.23262e-05 0.00486249 -0.000337369 4.86949e-06 0.000228925 0.00337658 6.6459e-06 -0.000292051 -2.95378e-05 2.40218e-06 0.00346448 0.000146643 6.25623e-05 -0.000542967 -0.000542043 -0.000141083 0.00354073 0.00121174 -2.59763e-05 -5.42644e-05 -2.18188e-05 -0.00148723 -5.05422e-06 -0.0015672 -0.00524272 0.000239586 -0.00340441 -0.00371465 -0.00312127 -8.93713e-05 4.09338e-06 2.56064e-05 9.18524e-05 8.05136e-05 1.6047e-05 -0.00393514 -0.00548302 -0.000169696 0.00290328 0.000154861 -3.78032e-05 -1.01687e-05 -3.78271e-06 -1.94634e-06 3.52741e-05 -0.00292026 -2.72445e-05 0.00295309 -0.00178445 0.000186698 -0.000187729 0.00238895 -0.00258004 7.15283e-05 -0.000983744 -4.16935e-06 1.08009e-05 0.000135893 -0.000113216 0.000475056 0.0014627 3.771e-05 7.17826e-05 -0.00284717 3.3491e-05 2.12294e-05 1.89113e-05 -0.000510639 -2.76208e-05 0.000139959 7.80801e-08 0.00345361 0.00131127 -2.71937e-05 -1.12878e-06 0.000222961 -7.44106e-05 0.00166666 2.21926e-06 -1.50508e-06 0.00283345 3.70541e-06 0.000505483 -0.00330447 0.00185922 
-0.000187689 8.09609e-05 -2.92698e-05 0.00543344 -4.47754e-07 0.000378082 0.000246104 0.000989556 2.86759e-06 -3.03196e-05 0.00155926 2.01833e-05 -1.35903e-05 -0.00206599 -1.23957e-06 0.000665063 -0.000194438 0.00256274 -5.25538e-06 -1.60821e-05 1.9096e-05 5.49252e-05 0.000447668 7.792e-06 4.98065e-06 -0.00010524 -0.00149327 3.20106e-06 0.00293242 0.000500112 0.00215416 0.00119843 -3.34305e-05 5.1934e-05 0.000336383 2.93743e-05 -0.00200771 -0.00140872 0.00113972 -0.00256802 0.000411524 -0.00150974 -0.00222942 -0.00135229 2.04581e-05 6.7458e-06 0.000313015 0.000339314 7.75911e-05 -0.00144043 -0.00233027 -0.00150376 -9.85109e-05 0.000160372 -7.95035e-06 9.18462e-05 -0.00252005 -4.54815e-06 -3.90349e-07 2.94339e-05 -0.00283103 0.000347512 0.000796841 0.000797579 -2.79683e-05 -9.51629e-05 0.000368404 -0.00367258 1.26041e-05 -0.000591766 0.000163472 -1.00531e-06 -2.48637e-05 0.000232104 5.80098e-06 -0.00012184 4.74363e-05 3.25666e-05 -0.00154259 0.000385953 9.01551e-06 3.85286e-05 0.00150229 7.65279e-05 -0.000438856 -2.31643e-07 -0.000974275 8.87534e-05 -7.86685e-06 1.28121e-05 2.98542e-05 0.000120394 0.0022608 2.78362e-06 -2.88015e-07 0.00152887 0.000123606 9.68742e-05 -0.00068028 0.00281855 
-0.000237842 6.31317e-05 4.09658e-05 -4.47754e-07 0.00569693 0.000560939 4.6222e-06 -0.00130892 6.62403e-06 -1.078e-05 0.000602625 7.26061e-06 -3.09063e-06 -0.00241187 -1.03686e-06 1.01989e-06 -9.85723e-05 0.00025713 -5.8602e-06 -2.84445e-05 -3.61312e-05 8.96769e-05 -0.000119107 -9.51094e-06 1.26313e-05 0.000131741 -0.000588997 1.85188e-05 -4.83231e-05 0.000468975 0.000267256 0.00315319 -7.13567e-05 0.000262348 0.00076715 -1.81084e-06 -0.00214262 0.00161088 0.00177706 -0.00163923 -5.57676e-05 -0.00206835 -0.00242984 -0.000213433 7.78444e-05 9.71716e-06 4.05598e-05 3.57717e-05 4.49498e-05 -0.00050485 -0.00243371 -0.00319646 -0.000105867 0.000232348 0.000927774 2.82376e-05 -0.00023339 -4.47756e-07 7.28832e-07 3.42524e-05 -0.00306103 4.64288e-05 0.00335439 -0.000989155 -1.18906e-05 -1.09848e-05 0.00144277 -0.00355351 3.43564e-05 -0.000632523 -2.86369e-06 1.25389e-05 0.000138579 -3.93163e-05 1.69695e-05 -0.000133062 6.41718e-05 9.17785e-05 -0.00176119 8.22624e-05 4.79149e-05 0.000132249 -8.82323e-05 3.49857e-06 6.1184e-06 1.81261e-06 0.000784875 0.000570755 0.000372354 4.56864e-05 6.6361e-06 0.00110833 0.00066632 7.38991e-05 4.48819e-06 0.00238017 -2.88545e-05 -0.000131276 -0.00135094 0.00307866 
-0.000856935 0.000486033 0.000337799 0.000378082 0.000560939 0.0167204 4.85118e-05 -0.00859334 0.000546762 0.00213269 0.00112546 -9.29682e-06 0.000489864 -0.00506212 -1.32363e-05 0.000522798 2.80185e-06 -0.000161623 -2.29716e-06 6.91342e-05 0.00157632 0.000288146 -0.000506149 0.000382904 3.77076e-05 0.000211366 -0.00230956 -1.65316e-05 -0.000820044 0.00238648 0.00600297 0.00202607 -0.000522229 0.000751982 0.000281017 -3.72655e-05 0.0020281 -0.00145798 -0.0025793 -0.0112248 -0.000739358 0.00210685 -0.00305275 -0.00600856 -7.44787e-05 0.000102123 0.00265202 0.00150988 0.000241511 -0.00532763 0.0011732 -0.00509397 -0.000254335 0.00460249 0.000900002 0.000593922 -0.00729839 -1.26455e-05 4.72854e-05 6.61495e-05 -0.00733079 1.30995e-05 0.00111977 -0.00426452 -6.44406e-05 -0.00036937 0.000457996 -0.0051128 2.16746e-05 -0.00137022 -5.45514e-06 3.06656e-05 4.80793e-06 -8.83129e-05 0.000496841 0.00348683 8.29191e-05 0.000161845 0.00211044 0.00289288 -4.50967e-06 0.000331934 -0.000338879 0.00159787 -0.00131644 1.54343e-05 -0.00260673 0.00156971 0.00185057 0.00025113 0.00255516 0.00330543 0.00577624 0.000140115 0.000106851 -0.000844997 0.00428339 0.00709962 -0.00734864 -5.19844e-05 
-0.000105954 6.82577e-05 -9.91009e-06 0.000246104 4.6222e-06 4.85118e-05 0.00271908 -1.46352e-05 -1.15617e-06 0.000168538 6.42683e-05 7.72928e-05 -1.64105e-05 0.000189059 4.88744e-05 0.000117462 3.25043e-05 0.000854765 3.45105e-06 2.17722e-05 -3.78634e-05 -3.82982e-06 0.00015554 1.80529e-05 1.91582e-05 1.25918e-05 -0.000930744 -5.4658e-07 0.000521485 -0.000165058 0.000220405 -5.51625e-06 0.000304798 7.37836e-05 -1.12321e-05 0.000115382 -9.38738e-05 -0.0013486 -0.000347248 -0.000217112 0.000163852 8.85686e-05 -0.00057076 -0.000176842 0.000114992 2.54145e-05 4.25797e-05 7.69814e-05 5.88426e-05 -0.000501621 -0.000159678 -0.000267243 -4.82589e-05 0.000293056 6.04666e-06 7.43112e-05 -0.000558809 -1.99715e-06 4.17494e-07 5.5464e-05 -0.000783477 0.000239731 -4.93187e-05 -0.000193738 -3.80608e-06 -6.5078e-05 -1.80069e-05 -0.00115368 9.05492e-06 -0.000279757 -2.2246e-07 6.18795e-06 -1.67972e-05 0.0004752 1.00548e-05 -2.26441e-05 -6.403e-06 -1.41565e-06 -0.000138905 5.13564e-05 -4.06975e-07 7.84295e-05 0.000150246 0.000103065 -0.000156634 1.05106e-06 -0.000774977 3.53039e-05 4.54139e-05 0.000157226 0.000289681 0.000105623 0.000310301 -2.39737e-06 4.62291e-05 0.000585201 -3.39719e-06 -2.65117e-05 -0.000629929 0.000116765 
0.0214784 -0.00113936 -0.00218215 0.000989556 -0.00130892 -0.00859334 -1.46352e-05 0.246636 -0.000400492 -0.0025144 0.0219164 0.000165743 -0.00476825 -0.0715236 -0.000424475 0.000337465 -0.0334115 0.013914 0.000355503 -0.00198891 0.00552135 -0.000148619 -0.00476427 -0.000370943 -0.00147148 -0.0328967 -0.00333369 -0.00103863 0.0239001 -0.0241557 0.00833856 -0.0181155 -0.0199044 -0.00176116 -0.00553583 0.00128206 -0.126354 0.098646 0.110631 0.0469306 0.0187583 -0.0959012 -0.0711814 -0.0347041 0.00370227 -0.000280176 -0.00290643 -0.0025504 -0.000366835 0.00701602 -0.0815781 0.0170164 -0.0100492 -0.0514074 -0.000362918 -0.00258229 -0.00825271 0.000289093 5.80132e-05 1.84384e-05 -0.0274369 0.00133345 -0.0310152 0.111661 0.00048223 0.00851795 -0.0468284 0.0206475 -0.000737436 -0.032385 0.000181304 -0.000101836 0.00106821 0.000145271 -0.00218187 -0.0116333 -0.0014427 -0.00049643 -0.123551 -0.00235153 -0.000196223 -0.000370428 0.0282649 -0.00226459 0.0298334 -2.00482e-05 0.0825923 -0.00318282 -0.00253899 -0.000186464 -0.00370003 -0.0111419 -0.0136562 -7.35495e-05 -9.36289e-05 0.018024 -0.00658788 -0.011546 0.101724 0.0135876 
-2.72851e-05 7.65036e-06 -7.82797e-06 2.86759e-06 6.62403e-06 0.000546762 -1.15617e-06 -0.000400492 0.000871561 9.9214e-06 -5.85608e-05 2.63344e-08 3.97054e-06 -0.000248609 2.5544e-05 0.000171217 -2.83015e-05 5.5219e-05 1.51521e-06 -4.10042e-06 -1.8339e-05 9.77976e-06 2.49919e-05 0.000131189 1.16427e-05 3.28698e-05 -0.000624121 -2.37891e-06 -1.7066e-05 -7.6701e-05 0.000598902 -0.000165162 -4.26472e-06 8.61055e-05 -1.05757e-05 4.82074e-05 0.000349719 2.10575e-05 -0.000294761 -0.000536894 -1.27153e-05 0.000376601 -0.00024332 -0.000514787 1.4264e-05 7.48647e-05 9.50081e-05 3.9873e-05 4.87582e-06 -0.000685682 0.000352076 0.000129137 -1.43291e-05 -1.68286e-05 8.74627e-06 0.000328667 -0.000696969 -7.98941e-07 1.04654e-06 1.77346e-06 -0.000454857 -3.94035e-06 -0.000222848 -0.000188944 -1.91111e-06 -2.90866e-06 -0.000160755 -0.0004187 5.39041e-05 -6.18571e-05 2.40001e-06 -2.91801e-07 -5.16333e-06 4.33453e-06 0.000104797 0.000218166 2.63647e-05 1.4753e-05 0.000395466 5.31926e-05 -3.29282e-07 6.86131e-05 2.73319e-05 0.000176088 -4.96129e-05 1.96347e-07 -0.00047187 0.000176549 0.000310472 2.76423e-07 3.4236e-05 0.000571186 1.57109e-05 -8.72771e-07 2.27938e-05 -0.000348247 0.000574861 0.000331189 -0.000264983 -0.000257042 
-0.000373257 0.000154092 0.00121231 -3.03196e-05 -1.078e-05 0.00213269 0.000168538 -0.0025144 9.9214e-06 0.0124519 0.00393913 -1.51471e-05 -8.76352e-05 0.00146674 -1.1729e-05 -9.79226e-05 0.000575326 -0.000180774 -1.17054e-06 0.000261108 0.00469744 1.08752e-05 -0.000393228 -4.92271e-05 -3.33436e-05 0.000113632 -0.00070014 -2.79137e-06 -0.000751159 -0.00111295 0.00156627 -0.00323761 -0.000167766 5.5041e-05 -0.00019709 -3.99204e-05 0.00318636 -0.00455363 -0.00485111 -0.00388784 -0.000610441 0.00186547 0.00381442 -0.00684417 -1.8667e-05 -5.19181e-06 -5.09403e-05 1.5914e-05 2.92058e-06 -0.000658302 0.00285061 -0.0019319 -7.098e-05 -0.00101634 -8.90258e-05 -5.13799e-06 -0.00208129 -8.6501e-06 -2.92491e-06 0.000125457 -0.00321271 -4.22809e-06 -0.00323661 -0.00355856 8.30246e-05 -0.000320382 -0.00227982 0.00295996 0.000152193 -0.00115134 -1.35848e-06 3.03714e-07 -6.31468e-05 0.00227653 0.00034383 0.00073793 -5.2158e-05 5.97233e-06 0.00252859 9.62999e-05 7.12853e-06 0.000102721 -0.000555489 -3.26676e-05 -0.000942221 3.63196e-06 -0.00266824 0.00223732 -4.92956e-05 6.226e-05 0.00580819 -3.45812e-05 0.00219142 4.01684e-06 1.71083e-06 -0.00274279 -0.00025289 0.003444 -0.00170324 -0.00416661 
0.00227844 -3.35045e-05 0.000506856 0.00155926 0.000602625 0.00112546 6.42683e-05 0.0219164 -5.85608e-05 0.00393913 0.0711818 -5.99127e-05 -0.000497187 -0.0218224 -4.98308e-05 -0.000288808 -0.00159875 0.00379873 0.000116506 0.000274685 0.0145609 0.00136541 -0.00224661 -0.000245288 -0.000249348 -0.000985566 -0.000245544 -7.7466e-05 0.00303627 -0.00603117 0.00787503 0.00164762 -0.00221652 -0.000120093 -0.000691227 -0.000184233 -0.020619 0.0077202 0.0186083 -0.004668 -0.0030915 -0.0212329 -0.0122328 -0.0131873 0.000332305 -3.68748e-05 -0.000358445 -0.000173199 -0.000329212 0.000514432 -0.0203775 -0.0082803 -0.00134383 -0.00798567 0.000423273 -0.000299544 -0.0064993 -5.35647e-05 6.13284e-05 0.000150443 -0.0211693 -2.0491e-05 -0.00644283 0.00566388 0.000453011 -0.0017019 -0.0119572 0.00345386 0.00014049 -0.00428695 0.000106803 -4.59005e-06 -0.000326762 0.000360299 -0.000160428 -0.000856191 -0.000148406 -8.76663e-05 -0.0166769 6.41038e-05 -1.9293e-05 1.80841e-05 0.00936584 -0.000323532 -0.00290989 -1.37019e-07 0.0111744 0.00138621 -0.000253564 1.99134e-05 0.00329066 -0.00164149 0.000788679 -2.86883e-06 -1.33214e-05 0.00726428 -0.000973168 0.00162772 0.00922614 0.0103837 
-3.33741e-05 1.8767e-06 -1.07082e-05 2.01833e-05 7.26061e-06 -9.29682e-06 7.72928e-05 0.000165743 2.63344e-08 -1.51471e-05 -5.99127e-05 0.00129282 1.74473e-05 0.000316513 1.2886e-05 5.76103e-05 -3.65495e-05 0.000509366 -7.65e-07 6.20856e-06 -2.32144e-05 -2.55704e-07 0.000335763 -5.91852e-06 9.22942e-06 6.66962e-05 -0.000504249 8.79199e-06 0.000551369 -0.000108375 0.000395034 -0.000316812 3.13244e-05 -3.99641e-06 -1.4318e-05 0.000143914 -2.64034e-05 -0.00061307 -8.22583e-05 -0.000187878 0.000353051 0.000211481 -0.000235226 -0.000320801 0.000429338 8.98774e-06 -2.18139e-07 8.4531e-06 4.13989e-05 -0.000509369 -1.28592e-05 0.000300645 -1.76585e-05 -0.000109026 -5.97877e-06 7.59303e-06 -0.000449871 -3.85604e-07 -2.59289e-07 4.46738e-06 -0.000197951 5.13358e-05 -0.000296693 0.00025133 -4.89734e-06 -2.77682e-05 -0.000191282 -0.000416178 1.45678e-06 -0.000132114 3.0196e-05 -4.33025e-07 -7.96159e-06 2.78701e-05 -1.3699e-06 -2.47147e-05 -5.01735e-06 6.45305e-06 -0.000143615 1.61277e-05 -4.42005e-08 6.7531e-06 0.000402431 -4.31197e-06 -6.5307e-05 -5.48868e-08 -0.000464796 -2.81413e-06 1.23171e-06 1.45736e-05 -4.16032e-06 -2.64907e-05 6.00107e-05 1.0163e-06 -2.23575e-07 -6.74755e-05 -1.05312e-07 -3.59724e-05 -7.99118e-05 -0.000347743 
-0.000455326 -1.51573e-05 -5.88797e-05 -1.35903e-05 -3.09063e-06 0.000489864 -1.64105e-05 -0.00476825 3.97054e-06 -8.76352e-05 -0.000497187 1.74473e-05 0.00884483 0.00140344 8.16876e-05 0.000591869 0.00120585 -9.79287e-05 -9.14448e-07 -2.72869e-05 -9.95905e-05 1.65161e-05 -0.000301987 -3.68996e-05 4.84605e-05 0.00119359 -0.000362327 2.88843e-05 -0.000524908 0.00136938 -0.000332474 0.000174328 0.000292081 2.4636e-05 -0.000117338 -2.84672e-05 0.00461112 -0.00449699 -0.00376561 -0.00254936 -0.000437249 0.00246704 0.00146493 -0.000206555 -7.91564e-05 6.79719e-06 0.000362321 3.1276e-06 1.58991e-05 -0.00177314 0.0018897 -3.68955e-05 -8.10322e-05 0.000606539 -7.50826e-05 0.000114989 0.000291316 -7.31818e-06 3.29321e-06 -4.59115e-06 0.000291896 -3.19228e-05 0.000478333 -0.00273133 -3.9351e-05 -0.000224704 0.00118009 9.24688e-05 -1.22225e-05 0.000104031 -3.51359e-06 9.148e-06 -5.30487e-06 -8.59528e-05 -1.73525e-05 -0.000118445 0.0003954 -1.11964e-05 0.00302902 8.73476e-06 -2.93546e-06 -1.18649e-07 -0.000626981 7.417e-05 -0.000750516 -3.78398e-07 -0.00306166 -7.30246e-05 0.000270047 -4.93092e-06 -4.97401e-05 1.36935e-06 -0.000315091 -7.7453e-06 5.14753e-06 -0.000238235 0.000531971 6.83367e-06 -0.00388208 -0.000449218 
-0.0124246 -0.000846575 -0.00384335 -0.00206599 -0.00241187 -0.00506212 0.000189059 -0.0715236 -0.000248609 0.00146674 -0.0218224 0.000316513 0.00140344 0.246269 -0.000244489 -0.00471496 -0.0283459 -0.0130334 -0.000148348 0.000787812 -0.00882188 -0.000525177 0.00449909 -0.00184398 -0.000658815 -0.0269101 0.00778301 -0.000770789 -0.00878154 -0.0377564 -0.0154262 -0.134206 -0.0140339 -0.00141276 -0.00700004 -0.000649308 0.132331 -0.122356 -0.183446 0.0593678 -0.0185556 0.193745 0.176337 0.0130004 -0.00205475 -0.000152063 -0.0020854 -0.000428864 0.0012672 0.00536006 0.194539 0.134694 0.00979773 -0.0476995 -0.00393278 -0.000419122 0.0114316 -0.000355182 -8.57564e-05 -0.000198542 0.126681 0.00151776 -0.116591 -0.0635527 -0.00173829 -0.00972817 -0.0806899 0.103025 -0.000634315 0.0468887 -1.03782e-05 -5.25444e-05 -0.00293942 0.00570146 -0.000524046 -0.0101078 -0.00168568 -0.000460319 0.156111 -0.000976489 -0.000144692 -0.000171629 -0.0188257 -0.00118084 -0.0271369 -3.96558e-06 -0.167158 -0.00343141 -0.00176351 -0.000204136 0.0018924 -0.00565587 -0.0228363 -0.000425989 -4.97834e-05 -0.0949639 -0.00662086 -0.00131141 -0.0265021 -0.161022 
-3.90822e-05 -7.9174e-07 0.000127662 -1.23957e-06 -1.03686e-06 -1.32363e-05 4.88744e-05 -0.000424475 2.5544e-05 -1.1729e-05 -4.98308e-05 1.2886e-05 8.16876e-05 -0.000244489 0.0010312 0.000232201 0.000694364 0.00015428 -1.20999e-06 0.000148691 2.53985e-05 4.50706e-05 -1.11755e-05 3.19761e-05 8.40847e-06 0.000189161 -0.00012803 -8.15094e-07 4.12664e-05 2.06263e-05 4.16031e-05 0.000555746 0.000723582 3.44257e-06 1.50699e-05 0.000114563 -4.4207e-05 -0.000527161 -0.000314155 -0.000676547 -1.20646e-05 -0.00038732 -0.000438932 -0.000557988 -9.13682e-07 0.000127659 1.76923e-05 5.29426e-05 0.000191428 -0.000375764 -0.000364439 -0.000601872 -1.89263e-05 0.000471141 -5.28858e-06 -2.91864e-06 -0.000115414 -7.78763e-07 5.3758e-06 -2.53266e-07 -0.000191288 4.10649e-05 0.000529475 -0.000267315 -6.03605e-06 8.68409e-05 0.000434207 -0.000691465 6.86422e-06 -0.000118074 3.39629e-06 2.90325e-05 -4.16674e-06 -9.90068e-06 2.77332e-05 5.67649e-05 2.7639e-05 -9.77057e-08 -0.000315393 -9.3533e-07 3.79923e-06 -2.25962e-07 -3.39918e-06 1.12319e-05 -8.76961e-05 4.22899e-07 6.22638e-05 4.18745e-06 1.0835e-05 1.04098e-06 3.78356e-05 -2.27898e-05 0.000118738 -1.03687e-06 -1.78284e-07 0.000507133 3.16498e-05 -2.0885e-05 -0.000390856 0.000232124 
0.00160789 4.93188e-05 -4.23262e-05 0.000665063 1.01989e-06 0.000522798 0.000117462 0.000337465 0.000171217 -9.79226e-05 -0.000288808 5.76103e-05 0.000591869 -0.00471496 0.000232201 0.0123083 0.00198101 0.00623056 4.03387e-05 -3.10232e-05 -0.000116426 0.000113952 0.00276032 2.72059e-05 1.04247e-05 0.00170708 -0.00609521 5.49216e-05 0.00416796 -0.000265385 0.00728992 -9.21293e-06 0.00188304 0.000285896 -0.000160192 0.00113394 -0.00116886 -0.00613834 -0.000876407 -0.00503162 0.0015938 -0.00378007 -0.00409209 -0.00911081 0.000896172 8.6241e-05 0.000998897 0.00011013 0.000188233 -0.00460976 -0.0045405 -0.000108611 -0.000207464 0.00392467 -9.56126e-05 9.50877e-05 -0.00705189 -1.00485e-05 8.65976e-05 2.95548e-05 -0.00644484 0.000373583 0.000660608 0.00390861 -3.46995e-05 -0.0001394 0.00252284 -0.0071012 9.24677e-05 -0.00118875 0.000164417 2.64975e-05 -4.65618e-05 -0.000146661 0.000163265 0.000251919 0.000174999 6.52068e-05 -0.00371251 0.000560468 7.51749e-06 -8.06023e-07 0.00612581 0.000536343 -0.000624328 3.93765e-07 -0.00340862 -3.98603e-06 0.00105439 8.84541e-05 -3.48078e-05 0.000392832 0.00195918 -3.60975e-06 -2.08594e-06 -0.00060581 0.00356761 0.000553001 0.000741153 0.00579256 
-0.00358822 0.000204051 0.00486249 -0.000194438 -9.85723e-05 2.80185e-06 3.25043e-05 -0.0334115 -2.83015e-05 0.000575326 -0.00159875 -3.65495e-05 0.00120585 -0.0283459 0.000694364 0.00198101 0.0655434 -0.00175103 -8.74212e-05 0.000467738 0.00320281 0.000298135 -0.00202392 -2.91514e-05 9.21008e-05 0.0400779 0.00108333 0.000223107 -0.00354091 0.00397349 -0.00112977 0.0463301 0.0168911 0.000269007 0.000749061 -8.56366e-06 0.013769 -0.00841704 -0.010781 -0.0422985 -0.00333357 -0.0278587 -0.0304692 -0.00110932 -0.000710249 0.000168683 0.000846568 0.000512917 0.000965001 -0.00425934 -0.0309935 -0.046462 -0.00132465 0.0258542 0.000631722 -0.000497442 0.00289186 -5.45395e-05 -1.83764e-05 -3.83207e-06 -0.035776 -0.000209272 0.0457942 -0.0207599 -0.00044068 -0.00136908 0.04202 -0.0328686 7.94731e-05 -0.00804434 -3.05493e-05 7.64116e-05 0.000591687 -0.000893732 0.000841692 0.00836279 0.000618316 5.74967e-05 -0.0220688 0.000337544 1.20263e-05 -4.64007e-05 -0.00495457 -0.000130016 -0.00592356 4.34587e-08 0.0283181 0.00164392 6.8218e-05 -3.68745e-05 0.000128656 -9.87123e-05 0.00323813 3.78292e-05 -8.05666e-06 0.0352792 0.00417793 0.00136982 -0.0287501 0.0394203 
0.00651488 -8.28918e-05 -0.000337369 0.00256274 0.00025713 -0.000161623 0.000854765 0.013914 5.5219e-05 -0.000180774 0.00379873 0.000509366 -9.79287e-05 -0.0130334 0.00015428 0.00623056 -0.00175103 0.0387623 1.27716e-05 -0.000133597 0.00170685 0.000136919 0.0070387 0.000105388 -0.000136875 -0.00134387 -0.0131654 6.99526e-05 0.0187556 -0.000544072 0.020008 0.00204858 -0.00121751 -2.46683e-05 0.00165884 0.00254197 -0.010154 -0.0135464 0.0144691 -0.00249557 0.00623246 -0.0114271 -0.0141788 -0.0150957 0.00586464 3.05369e-05 1.72373e-05 -0.00018541 0.000508307 -0.00642753 -0.0176673 -0.00493575 -0.000737899 -9.67103e-05 5.79571e-05 -2.321e-05 -0.0219251 -2.37737e-05 0.000128382 2.35084e-05 -0.0207962 0.00187902 0.000936413 0.0105345 -0.000258594 0.00332806 -0.00362194 -0.021358 -4.30287e-05 -0.00345759 0.000346709 4.40998e-06 -0.000198075 0.000341414 -0.000159457 -0.00050637 4.94623e-05 -4.07298e-05 -0.0127516 -0.000128034 -1.44701e-05 1.56234e-05 0.0183277 -6.88249e-05 -0.000360781 -1.61271e-06 -0.0112691 -0.000282739 0.00032948 0.000171345 0.000290366 -0.00114264 0.00250342 -8.97713e-06 -6.97649e-06 0.00266605 0.00115365 0.000852931 0.0119851 0.0168616 
1.92696e-06 2.72938e-06 4.86949e-06 -5.25538e-06 -5.8602e-06 -2.29716e-06 3.45105e-06 0.000355503 1.51521e-06 -1.17054e-06 0.000116506 -7.65e-07 -9.14448e-07 -0.000148348 -1.20999e-06 4.03387e-05 -8.74212e-05 1.27716e-05 0.00126743 -5.25437e-06 8.90284e-05 4.06497e-06 -5.61647e-07 -4.67926e-06 -3.50423e-06 -0.000120521 -5.83654e-05 2.60586e-06 -4.31339e-05 -0.000116198 4.68328e-05 -0.000399044 -4.73263e-05 2.64167e-06 -2.0267e-05 -3.14354e-06 -0.000220477 4.34156e-05 1.46049e-05 0.000120296 -4.6368e-05 -5.45274e-05 0.000382296 -0.000487148 -3.5373e-06 -5.21127e-07 9.80766e-06 -3.14934e-06 -6.76214e-06 -2.31237e-05 4.11039e-05 0.00036684 -2.13575e-05 -0.000133922 -4.37717e-06 7.73729e-06 -4.36256e-05 2.26599e-07 9.03988e-07 3.48048e-06 9.34904e-05 2.02714e-06 -0.000354387 0.000286037 -7.08624e-06 -3.28566e-05 -0.000109293 0.000295761 2.18738e-06 -0.000124602 2.07566e-06 -4.24509e-07 -6.8784e-06 3.25393e-05 -4.84383e-06 -1.36508e-05 -5.62408e-06 -1.63635e-06 -0.000119716 -1.37339e-06 -4.79036e-07 -7.2653e-07 -4.31817e-07 8.32345e-06 -5.41464e-05 -5.38075e-08 -0.00017403 -7.69135e-07 -1.8106e-06 4.22315e-06 -4.59323e-06 -2.0646e-05 -6.25914e-05 -1.30203e-06 4.31416e-06 -0.000563601 -1.66768e-08 1.54051e-05 0.000486519 -0.000384127 
-0.000226696 -9.76923e-06 0.000228925 -1.60821e-05 -2.84445e-05 6.91342e-05 2.17722e-05 -0.00198891 -4.10042e-06 0.000261108 0.000274685 6.20856e-06 -2.72869e-05 0.000787812 0.000148691 -3.10232e-05 0.000467738 -0.000133597 -5.25437e-06 0.00578758 0.000451971 1.92012e-06 -0.000121155 4.67394e-07 4.62345e-05 -1.26704e-05 0.000102277 1.59021e-05 -0.000253231 1.3847e-05 -8.20176e-05 -6.59109e-05 0.00042689 -1.0416e-05 -7.62619e-06 4.34769e-05 0.000736783 -0.00142571 -0.00128862 -0.00103264 -0.000204429 0.000603183 0.000614304 -0.000559246 -4.26857e-05 0.000107614 -2.62446e-05 9.81845e-05 0.000102265 -8.88187e-05 0.000707064 -0.000427407 2.04969e-05 4.42315e-05 -1.34346e-05 -1.61977e-05 7.66018e-06 -5.12064e-06 -1.47676e-06 -7.50377e-07 0.000503744 0.000116424 4.93502e-06 -0.00145127 -3.32022e-05 -7.42395e-05 -4.69861e-06 3.832e-05 1.43617e-05 -0.000452836 -7.10417e-07 2.04082e-05 -2.64849e-05 -4.01884e-05 -5.76024e-06 -0.000111958 -9.77561e-07 -4.85084e-06 0.000657047 1.81036e-05 -1.86363e-07 4.97541e-07 -0.000369527 -9.78703e-06 -0.00049375 -2.4683e-07 -0.000366022 5.75506e-05 -1.86499e-05 -1.27211e-06 0.000197129 -0.000145571 0.000334586 -3.58387e-06 2.56123e-06 -8.08695e-05 -5.21798e-05 0.000190234 -0.00170862 -0.000739907 
0.00295631 1.49541e-05 0.00337658 1.9096e-05 -3.61312e-05 0.00157632 -3.78634e-05 0.00552135 -1.8339e-05 0.00469744 0.0145609 -2.32144e-05 -9.95905e-05 -0.00882188 2.53985e-05 -0.000116426 0.00320281 0.00170685 8.90284e-05 0.000451971 0.0262682 4.93763e-05 -0.000891589 -4.99383e-05 -8.57523e-05 0.00287045 0.000503368 8.98735e-06 -0.000577971 -0.00186146 0.00381341 0.00116025 -0.000692232 -3.96726e-05 -0.000422463 -6.04743e-05 -0.00765901 0.00328102 0.00516821 -0.00854222 0.000783982 -0.00950931 -0.00554429 -0.013719 0.00026874 -4.6813e-06 -0.000134051 -5.0303e-05 2.88686e-05 0.000375907 -0.00978992 -0.00914693 -0.000498326 -0.00216686 -8.51317e-05 -0.000183124 -0.00398242 -6.72603e-06 -5.98822e-06 0.000100445 -0.00992175 -5.28419e-05 -0.00415229 0.00172288 0.000138516 -0.000313561 -0.0038615 0.00334046 8.31773e-05 -0.00239255 -8.99916e-06 2.02507e-07 8.16624e-05 1.5269e-06 0.00046443 0.000521375 -7.97474e-05 -1.65998e-05 -0.0070876 4.98423e-06 8.62031e-06 -8.39046e-06 0.00263733 -0.000113685 -0.00136806 1.04421e-06 0.00800588 0.00267135 -0.000115674 3.12533e-05 0.0027183 -0.000585503 0.00400058 4.46124e-05 -3.79603e-06 0.00107554 -0.00039934 0.00401027 -0.000265936 0.00116683 
0.000230006 -4.70455e-06 6.6459e-06 5.49252e-05 8.96769e-05 0.000288146 -3.82982e-06 -0.000148619 9.77976e-06 1.08752e-05 0.00136541 -2.55704e-07 1.65161e-05 -0.000525177 4.50706e-05 0.000113952 0.000298135 0.000136919 4.06497e-06 1.92012e-06 4.93763e-05 0.0025514 -5.49366e-05 -8.86092e-06 1.9578e-05 -4.72987e-05 -0.000136137 -4.68688e-06 0.000755994 -0.000107799 0.00167378 -0.000197498 0.000224285 2.92412e-05 -2.86845e-05 4.97786e-05 -0.000745966 -0.000817471 -0.000796244 -0.00143556 -0.00010342 -0.000318821 0.00036899 -0.00123139 5.22907e-05 4.87918e-05 0.000102564 0.00021173 6.06153e-05 -0.00140894 -0.000574962 0.000119742 -4.49995e-05 4.61965e-05 -2.42574e-05 -1.09171e-05 -0.0016409 -2.34276e-06 2.71464e-05 8.13174e-05 -0.00102178 0.000194501 -0.000129015 0.000545486 -4.56914e-06 -2.37645e-05 0.000252722 -0.000306501 -2.71333e-06 0.00114471 1.81412e-05 8.44339e-07 -4.12436e-06 -4.39206e-06 2.64647e-05 6.6267e-05 4.91731e-06 3.04615e-06 -0.000366918 0.000197481 -3.87789e-07 3.03422e-05 0.00140852 1.55861e-06 -0.000152108 1.18043e-06 -0.000801063 7.82619e-06 5.55818e-05 2.62251e-06 7.16497e-05 -5.31642e-05 9.76486e-05 1.4978e-06 -4.41785e-07 -0.000518815 -4.67272e-05 7.79257e-06 0.000231206 0.00034429 
0.000450862 0.000538246 -0.000292051 0.000447668 -0.000119107 -0.000506149 0.00015554 -0.00476427 2.49919e-05 -0.000393228 -0.00224661 0.000335763 -0.000301987 0.00449909 -1.11755e-05 0.00276032 -0.00202392 0.0070387 -5.61647e-07 -0.000121155 -0.000891589 -5.49366e-05 0.0335963 -0.000144273 -1.7217e-05 -0.00325466 -0.0134579 0.00038492 0.00548457 -0.00317792 0.00881015 -0.0104181 -0.00126092 -6.41486e-05 -0.000515537 0.00187184 0.00700564 -0.00905176 -0.00257816 0.00232459 0.00946999 0.0106103 0.00501516 -0.00767056 0.00359881 -9.6778e-06 -3.85284e-05 -0.000154202 -3.12696e-05 -0.00718659 0.00426177 0.00977189 0.000469844 -0.00356612 -0.000274672 0.00139473 -0.0087571 1.8698e-05 8.87212e-07 -1.44178e-05 -0.00153008 -1.98753e-05 -0.00914731 0.00308832 -0.000140321 -0.000616582 -0.00646731 -0.00231184 0.000156168 -0.00367035 0.000109032 -1.05658e-05 -0.000211125 -0.000439594 0.000367065 -0.00079958 -0.000121617 0.000647206 0.00624555 -0.000119703 8.0183e-05 1.3082e-05 0.0106406 -4.82894e-06 0.00414853 -1.05363e-06 -0.0183109 0.000207423 -0.000105742 -1.39332e-05 -0.000259355 -0.000113332 -0.00158871 -3.28792e-05 2.46607e-06 -0.015124 0.00173796 -0.000556236 0.001743 -0.00444065 
-0.000162542 9.1663e-05 -2.95378e-05 7.792e-06 -9.51094e-06 0.000382904 1.80529e-05 -0.000370943 0.000131189 -4.92271e-05 -0.000245288 -5.91852e-06 -3.68996e-05 -0.00184398 3.19761e-05 2.72059e-05 -2.91514e-05 0.000105388 -4.67926e-06 4.67394e-07 -4.99383e-05 -8.86092e-06 -0.000144273 0.00457666 3.75919e-05 -0.000264651 -0.000210779 -7.42755e-06 3.75168e-06 0.00066107 0.000248767 0.00238082 -6.39429e-05 0.000117117 1.29717e-05 4.09548e-05 -0.00126274 0.00109028 0.00137756 -0.00199124 -0.000215073 -0.00136983 -0.00195835 0.000136208 -5.55306e-06 3.61997e-05 7.41477e-06 2.1887e-05 9.24268e-05 -0.000838345 -0.00165996 -0.00243282 -8.64769e-05 0.000401705 0.000102926 8.58397e-05 -0.000242299 -2.81102e-06 8.83265e-07 2.03469e-06 -0.00164531 1.95522e-05 0.00199423 -0.00103893 -1.92686e-05 -6.06696e-05 0.00145268 -0.0026586 1.52221e-06 -0.000501768 3.97969e-06 7.79532e-06 4.23534e-05 -5.36349e-05 6.8454e-05 0.000871907 -3.82602e-06 2.67144e-06 -0.0012784 1.57722e-05 3.62755e-05 4.07665e-06 -0.00019613 1.82766e-05 -0.00039323 -1.94947e-07 0.00142245 2.70608e-05 5.3139e-05 3.66647e-05 8.26909e-05 0.000974712 -6.83379e-05 -3.73951e-06 7.21702e-06 0.00188612 0.000513797 0.000693321 -0.000717233 0.00177388 
-0.00017645 4.36663e-06 2.40218e-06 4.98065e-06 1.26313e-05 3.77076e-05 1.91582e-05 -0.00147148 1.16427e-05 -3.33436e-05 -0.000249348 9.22942e-06 4.84605e-05 -0.000658815 8.40847e-06 1.04247e-05 9.21008e-05 -0.000136875 -3.50423e-06 4.62345e-05 -8.57523e-05 1.9578e-05 -1.7217e-05 3.75919e-05 0.00346716 0.000611778 -0.000439494 1.78561e-05 -0.000193722 0.00096409 5.13488e-05 0.00126774 0.00038957 1.74879e-05 0.000127224 -1.16697e-05 -0.000103274 5.71391e-05 0.000454233 -0.0021897 -0.000134681 -0.00055888 -0.00112165 8.90508e-05 -2.212e-05 4.97463e-07 0.000192909 -6.9941e-06 0.000105251 -0.000905334 -0.000531813 -0.00127913 -5.33169e-05 0.000734365 -2.18069e-05 0.00042072 -9.08475e-05 -2.96436e-06 -9.99706e-07 -1.78989e-06 -0.00125317 1.59882e-06 0.00147731 -0.000908806 -1.84677e-05 -3.37676e-05 0.00181916 -0.0020999 4.69104e-05 -0.000324715 3.94957e-06 1.47258e-07 1.377e-05 0.000117019 -7.40505e-06 0.000202443 0.000154749 -1.36406e-06 -0.00034422 1.36181e-05 4.32978e-05 1.34494e-05 -0.000211503 0.000274295 -0.000254375 1.85812e-07 0.000576927 0.000233781 0.000274248 5.3232e-06 -2.25618e-05 0.000395376 5.74282e-05 4.42859e-05 9.54648e-07 0.001006 0.000339526 3.13629e-05 -0.00146432 0.000967119 
-0.00408083 0.000144625 0.00346448 -0.00010524 0.000131741 0.000211366 1.25918e-05 -0.0328967 3.28698e-05 0.000113632 -0.000985566 6.66962e-05 0.00119359 -0.0269101 0.000189161 0.00170708 0.0400779 -0.00134387 -0.000120521 -1.26704e-05 0.00287045 -4.72987e-05 -0.00325466 -0.000264651 0.000611778 0.0915128 0.00121067 2.6954e-05 -0.00137853 0.00840785 0.000750454 0.0462382 0.0195827 0.000321105 -0.00061617 -0.000284817 0.00765255 -0.0134681 -0.0190912 -0.0537653 -0.0049215 -0.0319872 -0.0386482 0.00593244 -0.000712379 -3.36853e-05 0.000690846 -0.000200264 0.00288883 -0.00394806 -0.0313984 -0.0443502 -0.00178515 0.0336291 0.000346097 0.000379148 0.0015141 -5.39905e-05 1.4884e-05 2.1804e-06 -0.0386421 -0.000134084 0.0436917 -0.015823 -4.15902e-05 -0.00224115 0.0491506 -0.0333466 0.000407425 -0.0104885 -3.83258e-05 -3.1963e-06 -0.000221076 -0.00135218 -3.96797e-05 0.0065546 0.00150781 -0.000128332 -0.0235176 0.00015708 -1.703e-05 -5.77312e-05 -0.00434986 0.000302833 -0.00800707 -3.90926e-06 0.0304691 0.00274319 0.000931068 -8.68571e-06 -0.000308239 -0.000877568 0.00705556 -6.20659e-05 -1.6354e-05 0.0397952 0.00597906 -0.00164193 -0.0443377 0.0416968 
-0.00239333 -0.00169908 0.000146643 -0.00149327 -0.000588997 -0.00230956 -0.000930744 -0.00333369 -0.000624121 -0.00070014 -0.000245544 -0.000504249 -0.000362327 0.00778301 -0.00012803 -0.00609521 0.00108333 -0.0131654 -5.83654e-05 0.000102277 0.000503368 -0.000136137 -0.0134579 -0.000210779 -0.000439494 0.00121067 0.0289905 -0.000587905 -0.0109682 0.00136099 -0.017179 0.0065802 0.000948442 -0.000895026 -0.000198517 -0.00238449 0.00165743 0.00500829 -0.00384706 0.00560334 -0.0117155 -0.00152556 0.00824039 0.0189641 -0.00626582 -0.000116583 -0.0027281 -0.000168126 -0.000127819 0.0135784 0.00542261 -0.00496578 0.000282115 -6.39785e-05 -0.00104804 -0.00331108 0.0173777 -6.96367e-06 -0.000143959 -0.000135582 0.0134193 -0.000741261 0.00594088 -0.00918192 -0.000331252 0.000294323 0.00374126 0.0142952 -0.0011154 0.00253271 -0.000324664 -1.45703e-05 3.42825e-05 -0.00158445 -0.0012738 -0.00063503 -0.00127964 -0.00102631 0.00372035 -0.000963135 -0.000130309 -0.0006747 -0.0161804 -0.00331462 -0.00636329 -2.02183e-06 0.0160051 -0.00211471 -0.00365639 -0.000412066 -0.00109266 -0.00435566 -0.000421206 -1.05094e-06 -0.000142605 0.00985464 -0.00799456 -0.00162714 -0.00714962 -0.00331801 
-7.20955e-05 0.000584612 6.25623e-05 3.20106e-06 1.85188e-05 -1.65316e-05 -5.4658e-07 -0.00103863 -2.37891e-06 -2.79137e-06 -7.7466e-05 8.79199e-06 2.88843e-05 -0.000770789 -8.15094e-07 5.49216e-05 0.000223107 6.99526e-05 2.60586e-06 1.59021e-05 8.98735e-06 -4.68688e-06 0.00038492 -7.42755e-06 1.78561e-05 2.6954e-05 -0.000587905 0.00271966 -0.000138553 0.000631365 1.58024e-05 0.000414484 1.64209e-05 1.81817e-05 6.7614e-05 -4.9307e-06 0.000341537 -6.96337e-05 -0.000348658 -0.00033832 0.000428724 -0.000498416 -0.000428151 -0.000540669 -1.78804e-05 6.90306e-06 -5.47906e-06 -1.04103e-05 7.20267e-05 -0.000571679 -0.000484397 -0.00117138 -4.67588e-05 0.00020179 2.12632e-05 0.000359673 -0.000432799 -2.41991e-06 -2.27129e-07 1.41971e-05 -0.000865421 -1.27717e-05 0.000400371 -0.000744489 0.000100435 -5.61048e-05 0.000101884 -0.000918867 0.00030871 -0.000191347 -7.11649e-07 2.96553e-06 -5.84558e-06 -2.82861e-05 0.000641752 0.000201907 3.72107e-07 0.000550961 -0.00044207 -1.11306e-06 0.000131904 4.98459e-06 -0.000126586 2.7362e-05 0.000265636 -1.15629e-07 0.000353624 0.000560754 4.29666e-05 1.06812e-05 -2.24919e-05 0.000776095 -8.57138e-05 1.0798e-06 3.68456e-06 1.58986e-05 0.000518488 3.37703e-05 -0.000948523 0.000245571 
0.0083113 -0.000132557 -0.000542967 0.00293242 -4.83231e-05 -0.000820044 0.000521485 0.0239001 -1.7066e-05 -0.000751159 0.00303627 0.000551369 -0.000524908 -0.00878154 4.12664e-05 0.00416796 -0.00354091 0.0187556 -4.31339e-05 -0.000253231 -0.000577971 0.000755994 0.00548457 3.75168e-06 -0.000193722 -0.00137853 -0.0109682 -0.000138553 0.0599525 -0.00336755 0.018409 -0.00519397 -0.000324984 -0.000182228 -0.000602822 0.00235725 -0.0244049 -0.00741209 0.00692434 -0.00259381 0.00552202 -0.0141279 -0.0165462 -0.01645 0.00651034 1.39605e-05 -0.000224829 -0.000104506 0.00187676 -0.00717866 -0.0253913 0.00659659 -0.00119359 -0.00202578 -0.000584402 -8.94976e-05 -0.0217261 -4.01227e-05 0.000236405 5.26247e-05 -0.0211642 0.00320367 -0.00424251 0.0298074 -0.000309985 -0.000982965 -0.0014076 -0.0173418 -9.83975e-05 -0.000561778 0.000335409 3.06616e-05 -5.98879e-05 -4.69711e-05 -0.00025502 -0.00150341 -0.000185842 -6.64066e-05 -0.0198749 -0.000173297 -1.68574e-05 -1.98204e-07 0.0197258 -0.000264733 0.00148346 -2.68263e-06 -0.00407943 -0.000542153 -8.39336e-05 3.41388e-05 -0.000402748 -0.00179693 -0.00029527 -2.4587e-05 -1.06298e-05 0.00226316 -0.000251296 -0.00150759 0.0108646 0.0113697 
-0.00462644 -0.000112376 -0.000542043 0.000500112 0.000468975 0.00238648 -0.000165058 -0.0241557 -7.6701e-05 -0.00111295 -0.00603117 -0.000108375 0.00136938 -0.0377564 2.06263e-05 -0.000265385 0.00397349 -0.000544072 -0.000116198 1.3847e-05 -0.00186146 -0.000107799 -0.00317792 0.00066107 0.00096409 0.00840785 0.00136099 0.000631365 -0.00336755 0.0839438 -0.00267488 0.0612186 0.00903641 0.00048424 0.00450867 -0.000268079 -0.0177629 0.00157561 0.0274857 -0.0401532 -0.0045303 -0.0354638 -0.0401317 0.00731255 -0.000897091 0.000163609 0.00194884 0.00104379 -0.000588404 -0.00387738 -0.03972 -0.0610269 -0.00164511 0.0345033 0.000269743 -0.000652373 0.00301458 -5.58966e-05 -2.7922e-05 -4.74417e-05 -0.0301287 -0.000433099 0.0650744 -0.027362 -0.000603634 -0.00170643 0.0582741 -0.0572941 -0.000124381 -0.0105454 -4.53944e-05 1.6791e-05 0.00208217 -0.00123891 -0.000313784 0.00187712 0.000506267 -9.69949e-05 -0.0274866 0.00116531 9.1461e-05 -6.05579e-05 -0.00662335 0.00026088 -0.00672384 1.46113e-05 0.0360448 -0.000257332 0.000588222 -3.42986e-05 -0.000762602 0.00351088 0.0143976 0.000116707 -1.16314e-05 0.0473691 0.000503634 0.000351306 -0.0380032 0.0539943 
0.00539651 0.000879676 -0.000141083 0.00215416 0.000267256 0.00600297 0.000220405 0.00833856 0.000598902 0.00156627 0.00787503 0.000395034 -0.000332474 -0.0154262 4.16031e-05 0.00728992 -0.00112977 0.020008 4.68328e-05 -8.20176e-05 0.00381341 0.00167378 0.00881015 0.000248767 5.13488e-05 0.000750454 -0.017179 1.58024e-05 0.018409 -0.00267488 0.0408936 -0.00906675 -0.00142903 0.000840219 -0.000193472 0.00241105 -0.0101554 -0.0106175 0.00665429 -0.0162399 0.00766452 -0.00725119 -0.0115388 -0.0258759 0.00680377 0.000155229 0.00281699 0.00085543 0.000568419 -0.0137722 -0.0118116 0.00504769 -0.000697596 0.00054364 0.000250167 0.00249436 -0.034302 -3.31805e-05 0.000176232 0.000352379 -0.0222244 0.000959791 -0.00929211 0.015134 0.000374977 -0.000437806 -0.00466583 -0.0152291 0.0010181 -0.00148239 0.000348424 -9.93425e-06 -0.000191554 0.000133515 0.000547527 0.00186088 0.000799817 0.00026944 -0.0084382 0.00213966 -6.69725e-07 0.000449686 0.0263658 0.00264562 0.00332842 1.33998e-05 -0.0141737 0.0031452 0.00301921 0.000368572 0.00190488 0.00362046 0.00545838 3.50602e-05 4.15109e-05 -0.0115401 0.00582349 0.0045492 0.00959197 0.0103069 
-0.0153988 -0.00025358 0.00354073 0.00119843 0.00315319 0.00202607 -5.51625e-06 -0.0181155 -0.000165162 -0.00323761 0.00164762 -0.000316812 0.000174328 -0.134206 0.000555746 -9.21293e-06 0.0463301 0.00204858 -0.000399044 -6.59109e-05 0.00116025 -0.000197498 -0.0104181 0.00238082 0.00126774 0.0462382 0.0065802 0.000414484 -0.00519397 0.0612186 -0.00906675 0.217598 0.024289 0.00119972 0.0107138 -0.000369509 -0.0537175 0.0517749 0.0975472 -0.0851043 -0.0153775 -0.125053 -0.138686 0.028383 -0.00303965 0.00023504 0.000545086 0.000917065 0.000254309 -0.000740132 -0.139187 -0.199314 -0.0059772 0.0716605 0.00588052 -0.00221383 0.0132454 -9.83881e-05 -9.28325e-05 -0.000164231 -0.12811 -0.00126542 0.187222 -0.0693456 -0.00193384 0.0137137 0.116129 -0.14686 -0.000473536 -0.036528 -0.000152145 0.000135502 0.0044912 -0.00418741 5.49527e-05 0.013489 0.00133926 -0.000381702 -0.098644 0.000336481 8.85532e-05 -0.000231132 -0.0195327 -0.000532419 -0.0233921 -1.77893e-06 0.124307 0.000588198 -8.20767e-05 -0.000180859 -0.00249964 0.00604973 0.0221904 0.000559499 -2.5189e-05 0.164719 0.000669922 -0.000282957 -0.0461135 0.186677 
-0.00189646 -6.7852e-05 0.00121174 -3.34305e-05 -7.13567e-05 -0.000522229 0.000304798 -0.0199044 -4.26472e-06 -0.000167766 -0.00221652 3.13244e-05 0.000292081 -0.0140339 0.000723582 0.00188304 0.0168911 -0.00121751 -4.73263e-05 0.00042689 -0.000692232 0.000224285 -0.00126092 -6.39429e-05 0.00038957 0.0195827 0.000948442 1.64209e-05 -0.000324984 0.00903641 -0.00142903 0.024289 0.0359021 1.30625e-05 -0.000424723 -2.24999e-05 -0.000118799 -0.0161703 -0.0107 -0.0262099 -0.00180826 -0.0151453 -0.0158105 0.00044623 -0.000377435 0.000297586 1.2906e-05 0.000953739 0.00129145 -0.00247474 -0.0148696 -0.0238122 -0.000685683 0.0248908 -0.000273524 -0.000226289 0.00184447 -2.96779e-05 -7.64426e-06 -1.70073e-05 -0.0097343 -3.49052e-05 0.0255476 -0.0108344 -0.000234302 -0.000831458 0.0266409 -0.0259255 -2.22809e-05 -0.00424238 -2.31141e-06 4.67362e-05 -8.96898e-05 -0.000490736 0.000137005 0.00429047 1.13158e-06 -4.76422e-05 -0.0114053 0.000283492 1.35672e-05 -2.76397e-05 -0.00259573 -3.75014e-05 -0.00316562 -3.4393e-09 0.0154708 -1.50374e-05 -0.000102337 -1.9953e-05 -3.24064e-05 -0.000841837 0.00834562 -2.73398e-05 -6.32978e-06 0.0194539 -0.000305084 -0.00109147 -0.0168908 0.0200576 
