0.0376433 0.0129957 -0.00025684 -0.0137093 -0.00238785 0.000544609 0.0200245 0.0151522 -0.00499669 -0.0124775 0.0103087 -0.000533957 -0.00197892 0.00217177 9.18515e-05 -0.00214457 -0.000785586 -0.009866 -0.000168365 -0.00603651 -0.0213192 -0.0107869 -0.000507365 -7.43114e-05 -0.007144 -0.00448343 -0.0114368 -0.00190533 0.0020649 -0.000213232 -0.0143358 -0.0204614 -0.000937375 -0.00121523 3.81346e-05 -0.000285263 0.000165491 -0.00564977 -0.0015623 -0.00614128 -0.0030374 0.0212014 -0.0167711 0.000572465 -0.0143758 0.000334102 0.00816638 -0.00353137 0.00271872 -0.000424966 0.0212674 0.0225933 1.54462e-05 0.00607763 0.0233572 -0.0047568 0.0122253 0.00866807 -0.00269565 0.0124265 0.0109072 0.0199891 0.00469012 0.00911756 0.0267664 -0.0217888 -0.00329429 -0.00552022 0.000503562 0.000319535 -0.00328397 -5.67392e-07 0.00112293 -0.0102201 -0.000150457 -0.00245764 0.000856358 -0.00246773 -0.00241702 -0.000449044 -0.0208689 0.00680935 -0.00120485 -0.00961842 -0.000474052 -0.00728255 -0.00274229 -0.00577143 0.0165705 0.00716502 -0.00494227 -0.00385234 -0.00491422 -0.0123723 0.00060562 0.00062945 0.000735512 -0.0158744 0.00236546 0.00138337 
0.0129957 0.0370064 -0.000160799 -0.0130755 -0.00255243 0.000969428 0.0152498 0.00735572 -0.00491299 -0.012585 -0.00358151 -0.000538218 -0.00093552 0.000976131 0.00086699 -0.00201581 -0.00135851 -0.00853213 0.000587437 0.00136358 -0.0219754 -0.00934831 -0.000502267 -1.99056e-05 -0.00228697 -0.00148379 -0.0116052 0.00578872 0.00254329 0.00172343 -0.0142536 -0.0201758 0.000746842 -0.00088054 1.29434e-05 3.81735e-05 0.000420823 -0.00332489 0.000397735 0.00404522 -0.000451789 0.0154935 -0.0152437 5.0298e-05 -0.0145451 0.00123183 0.00398323 -0.00500084 0.00806268 0.00141634 0.00993552 0.0136395 0.00592342 -0.00044026 0.0153151 -0.00576975 0.00262332 -0.000959629 0.00199158 0.0123956 0.00112197 0.0145151 0.00420669 0.00956189 0.0251967 -0.0228211 -0.00284589 0.00276676 0.000855974 -2.89314e-06 -0.00387547 -3.26746e-07 0.000620404 -0.00847447 0.00186637 0.00155649 0.00270815 0.00345063 0.00509065 -0.000430934 -0.0201527 0.00321992 0.000413805 -0.0114112 0.000756971 -0.00798134 0.00345524 -0.000478433 0.0140511 0.0089587 -0.00192526 -0.00584872 -0.00574112 -0.0112885 0.000680914 -0.00359128 0.00136268 -0.014519 0.00122845 0.00710891 
-0.00025684 -0.000160799 0.00651804 -0.00203728 -0.000429466 -0.000115917 0.000717696 -0.000301477 -0.000891204 -0.00200422 -0.000198446 -8.01983e-05 -0.00044895 -5.3592e-05 -0.000101929 -0.000219066 -0.000203372 -0.00157126 1.98797e-05 -0.000624021 -0.00164364 -0.00177411 -6.0688e-05 -1.63163e-05 0.0014427 -0.000537067 -0.00170964 0.00236027 -5.41699e-05 -4.04694e-05 -3.45315e-05 -0.00179549 -0.000195978 -0.00017926 1.73785e-06 8.04921e-05 -3.06131e-05 -0.000926256 -0.000683179 0.00438543 -0.000573651 0.000385125 0.00114429 -3.16965e-05 -0.00130415 2.61292e-06 -6.66586e-05 0.00275985 0.000148134 0.000951958 -0.000465071 -0.000424345 -0.000911938 0.00126935 -0.00107844 -0.000423566 -0.000354557 -0.000560285 0.00383238 0.00236688 -0.000230313 0.000294183 -0.000686686 0.00246446 -0.00159028 -0.00131186 -0.000405093 -0.00112436 -5.42863e-05 -1.90111e-05 -0.000629197 5.8132e-08 -0.000117765 0.000938126 0.000404289 -0.000873455 0.000242381 0.000501934 0.00343739 4.35163e-05 -0.00106095 -0.000458197 0.000909006 -0.00205935 -0.000156694 -0.00112112 -0.00110448 0.00279613 -8.33411e-05 -0.000168136 -0.000958351 -0.000992022 -0.000931859 -0.00115196 -1.55118e-05 0.00045832 -8.11925e-05 0.00275697 -6.92777e-05 -0.000605038 
-0.0137093 -0.0130755 -0.00203728 0.236655 0.0104343 0.00200368 -0.0494436 -0.017561 0.0234443 0.0466919 -0.0278291 -0.00120484 0.00389617 -0.00572476 -0.00254618 0.003341 0.000162729 0.0519393 -0.00219318 -0.0266103 0.0976652 0.116584 -0.000269192 -0.000392226 0.00421608 -0.017179 -0.005375 -0.0194028 -0.00743875 -0.00364421 0.0775047 0.0944875 0.00374177 -0.00604748 -9.62115e-05 -0.00451995 -0.00140342 0.00734258 -0.0209379 -0.062494 -0.0103507 -0.0519273 0.0848313 -0.00380184 0.0905454 -0.00210166 -0.00317328 -0.0266161 -0.0277084 -0.00868186 -0.0148336 -0.0475091 -0.0331832 0.0146552 -0.0355468 0.0101983 -0.0204063 0.00840043 -0.0582107 -0.0675923 -0.0316428 -0.0682029 -0.0175923 -0.0599043 -0.0881662 0.0884709 0.0210069 -0.0423941 -0.00347897 -0.00103458 -0.023013 -2.55536e-05 -0.00676185 0.0514518 -0.0056032 -0.0360354 -0.00513963 -0.00783917 -0.0559895 -0.00116555 0.0777351 -0.00371526 -0.00650798 -0.0141487 -0.00892856 0.0308876 -0.0245113 -0.0482757 -0.0122415 0.00026512 0.00137312 -0.00641777 0.013969 0.0499607 -0.000860965 -0.0599006 -0.00352726 0.0636269 -0.00186512 -0.0198204 
-0.00238785 -0.00255243 -0.000429466 0.0104343 0.0765819 -0.00174316 0.00577271 0.00786797 0.0461698 -0.0281221 0.0179838 0.00523678 0.0069118 0.000273898 0.00169928 0.00543611 0.00317762 -0.0229543 -0.000445616 0.0467487 -0.0443627 -0.0348866 0.00424716 -0.000211733 0.0333511 -0.00584073 -0.023711 -0.00511888 -0.00209505 0.00210724 -0.0187946 -0.0389213 -0.00189548 0.000240663 4.3373e-06 0.000770044 -0.000217534 0.0399153 -0.00643604 -0.0178382 0.001645 0.00397669 -0.0329933 0.00258393 -0.0233147 -0.000377442 -0.000552784 -0.00500847 -0.00584951 -0.00201271 0.0296436 -0.00967328 -0.00144944 -0.0533694 0.0422471 -0.00643774 0.00923964 0.0492092 -0.00219738 -0.0119675 0.00454724 -0.00983599 0.0326829 -0.00979845 -0.00101076 -0.0374577 0.0451956 -0.00101256 0.00152048 -0.000159877 0.00337484 5.30687e-05 0.00805026 -0.0181577 0.000266885 -0.00708485 0.00014473 0.0303167 -0.0112482 0.00138181 -0.0356252 0.0288161 -0.00265908 -0.0249549 -0.000694983 -0.0174839 -0.0139704 -0.0167875 -0.00295132 0.00240828 0.0476937 0.00537921 -0.000401753 -0.0173987 -0.000146688 -0.00772445 -0.000729236 -0.0129265 0.00161194 -0.0025303 
0.000544609 0.000969428 -0.000115917 0.00200368 -0.00174316 0.023889 -0.00409016 -0.000149551 -0.00108248 0.00512378 -0.0031567 -0.000105121 -0.00175989 0.000501907 8.29695e-05 -0.000820818 -0.000720792 -0.0041816 0.000688941 0.00114004 0.00198598 0.000457944 0.000324184 5.41804e-05 -0.00137529 -0.00169307 0.00461051 0.000138584 -0.000302609 -0.000191513 -0.00109482 0.000436033 -0.000644883 0.00186442 -1.65003e-06 -0.000336062 9.33188e-05 -0.001281 0.00290104 -0.00486252 0.00116077 -0.00377956 -0.00343176 -2.72741e-05 -0.00181997 0.000335107 -0.00017956 -0.00336197 0.000809742 -0.000331235 -0.0017945 -0.00277248 0.00473639 -0.00630426 -0.00418382 -0.00193312 -0.00125874 -0.00136386 -0.00294368 -0.0039847 -0.00158992 0.00360114 -0.000944612 -0.00321889 0.00145142 -0.00222063 -0.00163361 0.0077536 4.45867e-05 -3.92037e-05 -0.00102425 2.3035e-06 -5.61304e-05 -0.00466055 0.000158251 0.0057155 0.000247735 -0.00236173 -0.00353288 0.000472789 0.00230573 -0.00156933 -0.000406636 0.00396791 0.000140848 -0.00221767 0.0113827 -0.00444078 -0.000234916 0.00159857 0.00369275 0.00303975 0.00627143 -0.00466666 -5.42697e-06 -0.000847622 0.000928602 -0.00654782 0.000185884 0.00358526 
0.0200245 0.0152498 0.000717696 -0.0494436 0.00577271 -0.00409016 0.15075 0.0212625 -0.00370023 -0.0597724 0.0501837 -6.61458e-05 -0.0190901 0.00527902 -0.00382545 -0.0100233 -0.00218471 -0.0528158 0.000454913 -0.0123535 -0.0957715 -0.0704285 -0.000200522 -0.000455693 -0.0154311 -0.020574 -0.0613752 -0.00544528 0.0037953 -0.00185671 -0.0539218 -0.0939584 -0.00639328 -0.00593765 0.000130575 0.000140267 -0.000253598 -0.00238443 -0.0197174 0.0758386 -0.0129783 0.126485 -0.0687222 -0.00155425 -0.0593923 -0.000616566 0.00567722 0.0194591 -0.000776614 0.00816583 0.051747 0.0846015 -0.0249761 0.031164 0.108103 -0.0275667 0.00349085 0.0213769 0.0640601 0.106789 0.0430974 0.027345 0.014499 0.102039 0.0614092 -0.0988204 0.013466 -0.0345422 0.00133858 -0.000541467 -0.0188121 -1.16083e-05 0.000330367 -0.0126253 0.000651597 -0.0249424 -0.00208492 0.0407388 0.0934364 -0.00211353 -0.0989078 0.013767 0.00627157 -0.0598534 -0.00410421 -0.0365819 -0.0319324 0.0529051 0.021864 0.00198444 -0.00540775 -0.0325308 -0.0292779 -0.0422851 0.000198641 -0.0181534 0.00163059 -0.0394342 -0.00150877 -0.0151673 
0.0151522 0.00735572 -0.000301477 -0.017561 0.00786797 -0.000149551 0.0212625 0.0467571 0.00248947 -0.0156793 0.0252541 -5.24103e-05 -0.00520401 0.00159975 -0.000795465 -0.00281049 -0.00117762 -0.0142615 -0.000176134 -0.000636301 -0.0279389 -0.020609 -0.000361217 -0.00013762 -0.0101972 -0.00574933 -0.015379 -0.00301623 0.00271122 -0.000615635 -0.0182751 -0.0262812 -0.00157317 -0.00160997 -2.09959e-06 0.00157806 -4.44176e-05 -0.00618554 -0.00213917 -0.0025301 -0.00403243 0.0225639 -0.0209655 -5.9625e-05 -0.0185211 -0.000242891 0.00255173 -0.00623116 0.00276062 -0.00060339 0.0276978 0.0224486 -0.00125957 -0.00283706 0.0308627 -0.00743791 0.0251953 0.0188023 -0.00129244 0.0115232 0.0259858 0.0189233 0.0168116 0.00599565 0.0329078 -0.0276302 -0.00351891 -0.0061951 0.00182477 7.62742e-06 -0.00462675 9.66762e-07 0.0116604 -0.010043 -1.13319e-05 -0.0032791 -0.000501033 -0.00330716 0.00382942 -0.000511917 -0.0283699 0.00892924 -0.00170971 -0.0137401 -0.000991257 -0.0102715 -0.00569412 -0.00501908 0.0035793 0.00359521 0.00131092 -0.00657044 -0.000203988 -0.0163355 0.000235232 -0.00134445 0.000882641 -0.0200985 0.00449601 -0.00250372 
-0.00499669 -0.00491299 -0.000891204 0.0234443 0.0461698 -0.00108248 -0.00370023 0.00248947 0.118532 -0.017692 0.00115275 0.00310178 -0.0140089 -0.000745282 -0.00189501 -0.00641306 0.000840134 -0.0342006 -0.000704058 0.0702121 -0.0454277 -0.0318339 0.00684474 7.63483e-05 0.0141152 -0.0128547 -0.0220212 -0.00947121 -0.00360042 0.00201977 -0.0125651 -0.0422394 -0.00297622 0.0120933 -8.50438e-06 -0.000144958 0.000107203 0.0596921 0.0140895 -0.0299067 0.0349473 -0.0057641 -0.0315079 0.00280876 -0.0153379 -0.000770125 -0.000818162 -0.0194889 -0.0035384 -0.00167897 0.0265992 -0.0152374 0.027331 -0.0542732 0.0406867 -0.00954461 0.00353682 0.0494022 -0.0232327 -0.0241962 0.00624417 0.00803214 0.0557617 -0.0162183 0.0112165 -0.0528499 0.0459796 0.0154467 0.000509427 -0.000191536 -0.0126574 4.09098e-05 0.00493149 -0.0343248 -0.00258338 0.00557427 -0.000567337 0.0217253 -0.0198653 0.00167828 -0.0511719 0.0324389 -0.00243764 -0.015241 -0.000579046 -0.0198426 -0.0120793 -0.0325669 -0.00477218 0.000439831 0.0769641 -0.00487965 0.0188315 -0.0404663 -0.000187423 -0.0130288 -0.00160924 -0.0451183 0.00133598 0.0254759 
-0.0124775 -0.012585 -0.00200422 0.0466919 -0.0281221 0.00512378 -0.0597724 -0.0156793 -0.017692 0.224023 -0.0198112 0.00013914 -0.0274358 -0.00605925 -0.00713779 -0.0139761 0.0103327 0.0796975 -0.000744936 -0.0655263 0.120497 0.0731203 -0.00281114 0.00114762 -0.0682902 0.0498161 0.126637 -0.0203138 0.00253559 -0.00398631 0.0265027 0.12863 0.0010119 -0.00885494 -4.16568e-05 -0.00462905 -0.00155382 -0.0361098 -0.0134601 -0.063908 -0.0204869 -0.0580032 0.0540879 -0.0031567 0.0830205 -0.0014356 -0.00325749 -0.0468931 -0.0102927 -0.0036977 -0.0333822 -0.0425508 -0.0290264 0.0368879 -0.0717676 0.0211481 -0.0150569 -0.0284188 -0.0401294 -0.063993 -0.0309814 -0.0551177 -0.0434961 -0.0522873 -0.0702949 0.106243 -0.0278593 -0.00768601 -0.00287782 -0.000827006 0.00189893 -2.77076e-05 -0.00278242 -0.0328075 -0.00719133 0.00934818 -0.00227897 -0.0375461 -0.0489274 0.00121862 0.112051 -0.0233307 -0.00275869 0.135894 -0.0070751 0.0795308 0.0726375 -0.0376292 -0.0103992 -0.00462645 -0.0358744 0.00902165 0.0409533 -0.0268842 -0.000765117 -0.0370215 -0.000975713 -0.0446393 -0.00232992 -0.0180168 
0.0103087 -0.00358151 -0.000198446 -0.0278291 0.0179838 -0.0031567 0.0501837 0.0252541 0.00115275 -0.0198112 0.212601 0.00265684 0.0205972 0.00060557 0.0060851 -0.00305909 -0.00879425 -0.065682 -0.00133289 -0.0257469 -0.0547868 -0.0666211 -0.0013229 -0.000610947 -0.0266005 -0.0333922 -0.0259975 -0.00168253 0.00997963 -0.000991491 -0.0125489 -0.0456743 -0.00997619 -0.00857512 7.4845e-05 0.00445483 0.00129924 -0.00418671 -0.0230076 0.0196103 -0.0203489 0.0479231 -0.0708683 -0.000678995 -0.060957 -0.00162983 0.000259949 0.00751609 -0.00830902 0.00733382 0.0282945 0.0407305 -0.030502 0.00760116 0.057093 0.00950939 0.0195859 0.0212942 0.0360376 0.0773065 0.0328846 -0.0101635 0.00986141 0.0522682 0.0101836 -0.0263282 0.0155639 -0.0165793 -0.000868363 -0.000436071 -0.000330038 -1.49188e-05 0.00914701 -0.0148448 -0.00159627 -0.0183476 -0.00206685 0.0211766 0.0407211 0.000723581 -0.0220938 0.0172211 0.00339727 -0.0287892 -0.00690275 -0.0446254 -0.0233789 0.020376 -0.00189265 -0.00423946 -0.0155746 0.0224599 0.0394968 -0.0627235 0.000281961 -0.0333486 -0.00138345 -0.00915231 0.00298923 -0.0279446 
-0.000533957 -0.000538218 -8.01983e-05 -0.00120484 0.00523678 -0.000105121 -6.61458e-05 -5.24103e-05 0.00310178 0.00013914 0.00265684 0.0141263 7.1275e-05 0.000229488 0.0014504 0.00210979 -0.000381328 -0.00162644 0.000598308 0.00188277 -0.00466521 -0.00379809 0.00178337 4.72569e-06 -0.000475073 -0.00138721 -0.0011229 -0.000716824 0.00108409 -0.000131041 -0.00257507 -0.00228954 0.000135387 -0.000283615 5.70958e-07 -0.00014177 0.000175674 0.00244006 -9.04729e-05 -0.0022856 -0.000469012 -0.00149093 -0.00248899 0.000936287 -0.000709088 -4.13193e-05 -0.000139895 0.000954114 -6.14078e-05 -0.000247231 0.00245553 -0.00168328 -0.00135656 -0.00422354 0.00197088 -0.00188828 0.000106502 0.00278132 -0.00225098 -0.00230819 -0.000765812 -0.00287526 0.00197497 -0.000996478 -0.00173369 -0.00213673 0.00154819 0.00187147 0.000456485 -2.54088e-06 0.00134245 4.00728e-05 0.00157446 -0.00203078 -8.29762e-05 0.000108366 0.000867672 -0.000837531 -0.00158052 0.00111792 -0.000651474 0.00300442 0.000729911 -0.000324277 -0.000234064 -0.00222003 0.00124792 -0.00313243 -0.000485516 -0.000169442 0.00200607 0.000847854 0.00168153 -0.000682711 -2.23418e-05 -0.000192295 7.66975e-05 -0.000666708 1.39336e-05 -0.00120842 
-0.00197892 -0.00093552 -0.00044895 0.00389617 0.0069118 -0.00175989 -0.0190901 -0.00520401 -0.0140089 -0.0274358 0.0205972 7.1275e-05 0.0995069 -0.0017278 0.0126933 0.0258557 -0.00272698 0.0188423 0.00125637 -0.00797716 0.00988037 0.0103976 -0.000335847 -0.00031847 0.00838808 -0.0086021 -0.0129261 0.00505961 -0.00122558 0.00433936 -0.0100306 -0.00619212 -0.00269952 -0.000858102 -1.36663e-05 0.000489901 -7.55236e-05 -0.00686745 -0.0106589 -0.0103579 -0.00856837 -0.0181724 -0.00821842 0.00104365 -0.0356208 -0.000110627 -0.000999075 0.0123796 -0.0062307 -0.00170594 -0.0107929 -0.0130801 -0.0125051 -0.0386663 -0.0227479 0.0241263 -0.00555458 -0.00668114 0.00384959 0.00885132 -0.0098799 -0.0180512 -0.016209 -0.0100955 -0.0231747 0.0268031 0.00383358 0.00739019 0.000694504 -0.000108561 0.0282313 9.39581e-06 -0.00189413 0.00774896 0.00818314 -0.00715934 0.00424625 0.00449151 -0.0126624 -0.000941802 0.0274722 -0.00501333 -0.00109926 -0.02093 -0.00199761 0.00249392 -0.00744426 -0.00414326 -0.0022465 0.00322976 -0.0159283 0.037343 0.00143413 0.0231186 -0.000267778 0.00168265 -0.000628258 0.0477182 -0.000984173 -0.00959148 
0.00217177 0.000976131 -5.3592e-05 -0.00572476 0.000273898 0.000501907 0.00527902 0.00159975 -0.000745282 -0.00605925 0.00060557 0.000229488 -0.0017278 0.0178446 9.57531e-05 0.00134647 -0.000554474 -0.00450646 0.000381505 0.00573817 -0.00976607 -0.00640276 0.000390706 -2.82853e-05 0.0023037 -0.000163332 -0.00298494 0.00045968 -0.00010309 -1.36995e-05 -0.00634914 -0.00939638 0.000876372 0.00221752 2.15159e-06 -0.000124371 -4.3529e-05 0.000354632 0.00376587 0.000597484 0.000651399 0.00519573 -0.0063329 0.00104617 -0.00647619 0.000466345 0.000569067 -0.00182062 -6.05842e-05 -9.80016e-05 0.00377756 0.00371113 0.00545835 -0.00438789 0.00560628 -0.00271233 0.000999126 0.000239612 -0.00115018 0.00286936 0.000481611 0.00700897 0.00290403 0.0052635 0.00817138 -0.0106145 -0.00082535 0.00425928 -3.79076e-05 2.45841e-05 0.000161928 4.20062e-06 -0.000182297 -0.000292234 0.000974899 0.000759802 0.000447477 -0.00141009 0.00210915 3.73088e-05 -0.0093559 0.00314199 -0.000537272 -0.00517017 0.000337683 -0.00330962 -0.000685512 -0.00268917 0.00103127 4.1788e-06 0.00217691 0.000247558 -0.00296854 0.000811538 7.98107e-06 0.00132813 0.000873375 -0.00575818 0.000293638 0.000157945 
9.18515e-05 0.00086699 -0.000101929 -0.00254618 0.00169928 8.29695e-05 -0.00382545 -0.000795465 -0.00189501 -0.00713779 0.0060851 0.0014504 0.0126933 9.57531e-05 0.0218763 0.00480327 -0.000249859 0.00205905 0.000937609 -0.00338643 -0.00493659 -0.000911975 0.000411463 -4.51726e-05 0.00215284 -8.8483e-05 -0.0060412 0.00142602 -0.000175138 0.000998684 0.00136398 -0.00685422 -0.000672415 -0.000217084 -4.46564e-06 -0.000197642 -7.30508e-05 0.000599352 -0.00238167 -0.00228642 -0.00148709 -0.00337673 -0.00291628 0.000473112 -0.00721366 0.000428438 5.10857e-05 0.00266652 -0.00133857 0.000162679 -0.00201294 -0.00200724 -0.00287554 -0.00751489 -0.00305961 0.00240591 -0.000950495 0.000367634 -0.00293233 0.00382115 -0.00182646 -0.0049237 -0.00173895 -0.00207007 -0.00469026 0.00414058 -5.14951e-05 -0.000366697 0.000172101 -6.65593e-05 0.00956085 7.19578e-06 -0.000397539 0.00357485 0.00302314 -0.00282539 0.00117964 -8.71975e-05 -0.00261611 -0.000130833 0.00578179 -0.000114677 -0.000692469 -0.00695503 -0.000538066 -0.000919456 -0.00127116 0.000642464 0.000249197 0.0022009 -0.00213763 0.00599869 -0.00262599 0.00871782 -2.62326e-05 -0.00128848 -0.000267605 0.00720642 0.000294751 -0.00168404 
-0.00214457 -0.00201581 -0.000219066 0.003341 0.00543611 -0.000820818 -0.0100233 -0.00281049 -0.00641306 -0.0139761 -0.00305909 0.00210979 0.0258557 0.00134647 0.00480327 0.0545343 -0.00136536 0.0154141 -0.000455309 -0.001216 0.000224827 0.00717045 -0.000792549 -0.000158892 0.0025318 -0.00351525 -0.00587685 -0.0022993 -0.00112335 0.000366783 -0.0020389 0.0056007 0.00290358 0.00280882 -7.66959e-06 0.000706444 -0.000124942 0.00190615 0.00273596 -0.0085822 -0.000596093 -0.00955115 -0.00949321 0.000483918 -0.0175358 -0.000216696 -0.000595424 0.0133397 -0.00431563 -0.00113959 -0.00522222 -0.00661993 -0.000994214 -0.0302684 -0.0119907 0.0043035 -0.00147669 -0.00292581 -0.00291576 -0.000992825 -0.00525202 -0.00574773 -0.00809196 -0.00835027 -0.0100918 0.0120502 -0.00250682 0.0114714 0.000257113 -1.06682e-05 0.0115522 1.13737e-05 -0.00102667 -0.000874528 -0.000136903 0.00225026 -0.000549289 -0.00382185 -0.00719479 -0.000478927 0.0100944 -0.00317789 -0.000398728 -0.0122385 -0.000910039 -0.00611745 -0.00423591 -0.00729784 -0.00201119 -0.000131101 -0.00140685 0.0255743 -0.00718552 0.022511 -0.000123999 0.00236062 -0.000256335 0.024632 -0.000566538 -0.00460729 
-0.000785586 -0.00135851 -0.000203372 0.000162729 0.00317762 -0.000720792 -0.00218471 -0.00117762 0.000840134 0.0103327 -0.00879425 -0.000381328 -0.00272698 -0.000554474 -0.000249859 -0.00136536 0.0358506 0.0148504 0.000171277 -0.00249128 0.00831299 0.00453038 -0.000343901 9.91232e-05 -0.00202825 0.0142378 0.0156471 -0.0027238 -0.000569454 -0.000348066 -0.0108672 0.00320584 -0.000839549 -0.000731229 1.60729e-05 -0.00050623 -0.000189973 0.00047718 -0.00318814 -0.00508101 -0.00275075 -0.0021015 -0.0115091 -0.000279164 -0.00755448 0.000482597 -0.00035839 -0.00464468 -0.00127168 -0.000900407 0.00146875 -0.00459395 -0.00467462 -0.0133348 -0.00225634 0.00508608 -0.00176127 0.00204608 -0.00460858 -0.00737189 -0.00301661 -0.00762764 -0.00474694 -0.00586815 -0.00779345 0.00669437 0.00205832 -0.00333225 0.000730078 -0.000102677 0.00124806 2.6649e-06 -0.000309868 -0.00302147 -0.000695052 -0.00268965 -0.00041191 0.000138158 -0.00388328 -0.000390654 0.00624641 -0.00172967 -0.000461499 0.0101237 -0.000553119 0.0163541 0.0159221 -0.00721018 -0.00131427 -0.000261966 0.00102077 0.0108058 -0.00576681 5.08624e-05 -8.96882e-05 -5.44293e-05 7.89796e-05 -0.00710069 -0.000212904 -0.00344264 
-0.009866 -0.00853213 -0.00157126 0.0519393 -0.0229543 -0.0041816 -0.0528158 -0.0142615 -0.0342006 0.0796975 -0.065682 -0.00162644 0.0188423 -0.00450646 0.00205905 0.0154141 0.0148504 0.206855 -0.000932084 -0.0496447 0.110357 0.104394 -0.00378682 0.000444079 -0.0214142 0.0554524 0.0483055 -0.0111426 -0.00733194 -0.00118259 -0.0014972 0.0821662 0.0134463 -0.00745743 -6.51499e-05 -0.00393164 -0.00144637 -0.0300536 -0.0242032 -0.0374698 -0.0217779 -0.0505146 0.067552 -0.00291369 0.0432139 0.0010794 -0.00288478 -0.0173831 -0.0176119 -0.00693302 -0.0288796 -0.0353134 -0.0349303 0.00758776 -0.0627572 0.00973423 -0.0128007 -0.0249774 -0.034221 -0.0553575 -0.0266639 -0.051987 -0.0423648 -0.0453803 -0.0683908 0.103047 -0.0239622 -0.0222119 -0.00108628 -0.000795547 0.010563 -1.24254e-05 -0.00524138 0.00937201 -0.00331845 -0.0122001 -0.00136277 -0.0302875 -0.0423629 -0.0021249 0.0837484 -0.0199336 -0.00826812 0.0320923 -0.00623424 0.0755424 0.0445797 -0.0349674 -0.00855315 -0.00266548 -0.0410872 0.00195282 -0.0282847 0.059121 -0.000721899 -0.00176795 -0.00225611 0.0381142 -0.00259977 -0.023417 
-0.000168365 0.000587437 1.98797e-05 -0.00219318 -0.000445616 0.000688941 0.000454913 -0.000176134 -0.000704058 -0.000744936 -0.00133289 0.000598308 0.00125637 0.000381505 0.000937609 -0.000455309 0.000171277 -0.000932084 0.00860184 -0.0015881 -0.00363462 -0.00269018 0.00407854 8.92377e-06 -0.00142364 0.000241461 -0.00184156 0.00276457 0.000632512 0.0013002 -0.00269674 -0.00387187 -0.000263132 0.00148612 5.59644e-06 -0.000116302 0.000196132 -0.000451341 -0.000776035 0.000753021 0.000141135 0.000988562 -0.00312054 0.00013975 -0.00319738 3.39435e-05 -8.83938e-05 0.000580847 0.000578837 0.000230325 -0.000826462 -0.000511772 -0.000371262 -0.00368423 -0.001115 -0.00104553 -0.000501318 -0.0006961 -0.000133993 0.00266704 0.000136544 -0.00189249 -0.00082621 0.0016902 -0.00189376 -0.00452499 0.00225036 0.000526189 -5.07762e-05 -2.49807e-05 0.000522553 2.49879e-06 -9.77383e-05 0.000536961 0.0043836 -0.00080856 0.00392485 0.00446293 0.000983307 0.00199622 0.000984963 -0.000189354 0.00235258 -0.000573943 -0.000161497 0.000427625 0.00407853 -0.000415495 0.000431478 0.00186423 -0.000518488 -0.00132437 -0.00119662 -0.00247275 -6.72607e-07 -0.00157778 0.00189704 -0.0032082 0.000198052 -0.000619537 
-0.00603651 0.00136358 -0.000624021 -0.0266103 0.0467487 0.00114004 -0.0123535 -0.000636301 0.0702121 -0.0655263 -0.0257469 0.00188277 -0.00797716 0.00573817 -0.00338643 -0.001216 -0.00249128 -0.0496447 -0.0015881 0.192974 -0.0953653 -0.0730231 0.00495415 0.000520223 0.0718597 -0.00870579 -0.0502596 0.00837242 -0.00599366 0.0069334 -0.0448678 -0.10313 0.00523959 0.0183632 -5.71477e-05 -0.00211857 0.00140877 0.0916349 0.0417725 -0.0278625 0.0631331 -0.0119448 -0.0569455 0.00518029 -0.0636653 0.00126274 -0.00117557 -0.0230745 0.0102163 -0.00418877 0.0252537 -0.0184204 0.0865769 -0.0974226 0.0384781 -0.0370679 0.00971477 0.0458347 -0.0168339 -0.0274896 0.00215022 0.0674902 0.0739829 -0.014763 0.0695896 -0.115108 0.039852 0.0746949 0.00176298 0.00128201 -0.0167458 4.86385e-05 0.00381407 -0.0414197 -0.000741814 0.0438142 0.0021595 0.0215822 -0.0198693 0.000246662 -0.122368 0.0379086 -0.0094564 -0.028402 0.0131522 -0.054045 -0.00246433 -0.0246391 -0.00531667 0.000219142 0.102051 -0.0111817 -0.00355841 -0.0231723 -0.000227336 0.0356704 -0.000616591 -0.0448345 0.00227157 0.0618671 
-0.0213192 -0.0219754 -0.00164364 0.0976652 -0.0443627 0.00198598 -0.0957715 -0.0279389 -0.0454277 0.120497 -0.0547868 -0.00466521 0.00988037 -0.00976607 -0.00493659 0.000224827 0.00831299 0.110357 -0.00363462 -0.0953653 0.244578 0.148677 -0.00766166 -0.000399875 -0.0228283 0.0307657 0.106574 -0.0162735 -0.00530021 -0.00589284 0.106169 0.192617 0.00336404 -0.012869 -0.000122917 -0.00577535 -0.00303038 -0.0668083 -0.0290525 -0.0414656 -0.0490145 -0.0987656 0.152014 -0.00587981 0.138438 -0.00192825 -0.00558589 -0.00977202 -0.0242095 -0.00946923 -0.0565506 -0.0719145 -0.0757687 0.0729839 -0.122979 0.0490907 -0.029305 -0.0482854 -0.0458938 -0.0984942 -0.0524413 -0.104392 -0.0834396 -0.0856393 -0.140216 0.20108 -0.044829 -0.0549203 -0.00381982 -0.00138515 0.0123935 -4.6088e-05 -0.00853668 0.0638821 -0.00941549 -0.0396475 -0.00713518 -0.0583194 -0.0757823 -0.00238661 0.18339 -0.0388011 -0.005769 0.073704 -0.0107059 0.0842932 0.0141225 -0.0282064 -0.019023 -0.00942722 -0.07782 0.0108896 0.0164087 0.0858542 -0.00130823 -0.0044073 -0.00442172 0.0923151 -0.0048624 -0.0525315 
-0.0107869 -0.00934831 -0.00177411 0.116584 -0.0348866 0.000457944 -0.0704285 -0.020609 -0.0318339 0.0731203 -0.0666211 -0.00379809 0.0103976 -0.00640276 -0.000911975 0.00717045 0.00453038 0.104394 -0.00269018 -0.0730231 0.148677 0.245019 -0.00466369 0.000245615 -0.0230834 0.0502535 0.0426561 -0.00713847 -0.0113776 -0.00379767 0.079178 0.132351 0.0100805 -0.0108432 -4.12731e-05 -0.00422005 -0.001816 -0.0390365 -0.0305606 -0.0387631 -0.0292274 -0.0696457 0.111379 -0.0040877 0.0810904 0.000318326 -0.00392027 -0.0138028 -0.0212597 -0.0101257 -0.0381602 -0.0529333 -0.0435715 0.0381155 -0.0863525 0.0306767 -0.0241325 -0.0368724 -0.0622565 -0.0693517 -0.0390348 -0.0767007 -0.0565643 -0.0596053 -0.0904312 0.138987 -0.0335622 -0.0378517 -0.00323025 -0.00114831 -0.0118125 -3.74127e-05 -0.00796209 0.0687038 -0.00532136 -0.0233622 -0.00155325 -0.0456567 -0.0594344 -0.00376193 0.128815 -0.0257094 -0.00345155 0.0308108 -0.00987377 0.0656545 0.0236954 -0.0683996 -0.00810488 -0.00345023 -0.053471 0.00678409 0.00183656 0.084075 -0.00103365 -0.0557717 -0.00172799 0.0582946 -0.00424185 -0.0279302 
-0.000507365 -0.000502267 -6.0688e-05 -0.000269192 0.00424716 0.000324184 -0.000200522 -0.000361217 0.00684474 -0.00281114 -0.0013229 0.00178337 -0.000335847 0.000390706 0.000411463 -0.000792549 -0.000343901 -0.00378682 0.00407854 0.00495415 -0.00766166 -0.00466369 0.0150828 0.00015593 -0.00234229 -0.000516229 -0.00437279 0.00167376 -0.000127179 0.000458316 -0.00509575 -0.00755427 -0.000511979 0.00106516 2.14744e-05 -0.000192633 0.00041405 0.00586745 -0.00121939 -0.00182857 0.00466566 -0.00133104 -0.00588713 9.20924e-05 -0.00561686 -4.39955e-05 0.000295604 -0.00195846 -5.52056e-05 0.000252678 0.00448229 -0.00184766 0.000194916 -0.00740506 0.0040557 -0.0019064 -0.00079805 0.00466316 -0.00256954 -1.31616e-05 -0.00120169 -0.00168528 0.0059377 0.00039006 -0.00143601 -0.00837261 0.00645052 0.000773358 4.4486e-05 -3.93226e-05 0.000385661 5.39415e-06 -2.83276e-05 -0.00291203 0.00231994 -0.000748555 0.00361171 0.00576797 -0.000884678 0.00393934 -0.00379891 0.00655958 0.00325583 -0.00156756 -0.000236582 -0.000701638 0.00242555 -0.00317418 -0.000158664 0.000619854 0.00647357 -0.00259513 0.000915347 -0.00439151 -3.35703e-05 -0.00248504 0.00221016 -0.00622176 -0.00010738 0.00103242 
-7.43114e-05 -1.99056e-05 -1.63163e-05 -0.000392226 -0.000211733 5.41804e-05 -0.000455693 -0.00013762 7.63483e-05 0.00114762 -0.000610947 4.72569e-06 -0.00031847 -2.82853e-05 -4.51726e-05 -0.000158892 9.91232e-05 0.000444079 8.92377e-06 0.000520223 -0.000399875 0.000245615 0.00015593 0.00292867 -2.93258e-05 0.000873596 0.000223211 -5.44566e-05 6.37062e-05 -2.45582e-05 -0.00106148 0.000179498 0.000171718 2.11127e-05 2.32823e-06 -3.61139e-05 4.78211e-06 0.000350357 -1.65872e-05 -0.000461655 0.0003379 -0.000411802 -0.00117002 3.52696e-05 -0.000756359 -1.46262e-05 3.59171e-06 -0.000395323 0.000177491 1.84016e-05 -0.000242206 -0.000357273 0.000976469 -0.000846285 -0.000613193 6.73693e-05 -0.000130567 -0.00025114 -0.000481528 -0.000474843 -0.000117771 0.000542071 -7.33736e-05 -0.000298182 0.000497825 -0.000572842 -0.000188834 0.00109658 -4.90596e-06 3.64741e-05 -0.000280644 -8.96797e-08 -4.72482e-05 -0.000655959 -5.96401e-05 0.00104252 0.000100906 -0.000216781 -0.000290735 1.57893e-05 -0.000379001 -0.000155185 3.07313e-05 0.00102588 1.98165e-05 0.000172336 0.00177601 -0.00064506 -1.04228e-05 8.07802e-05 0.000151482 9.59742e-05 -0.000196552 -0.000715474 -5.82477e-06 -0.000143904 2.26893e-05 -0.00111691 -2.25536e-05 0.000996569 
-0.007144 -0.00228697 0.0014427 0.00421608 0.0333511 -0.00137529 -0.0154311 -0.0101972 0.0141152 -0.0682902 -0.0266005 -0.000475073 0.00838808 0.0023037 0.00215284 0.0025318 -0.00202825 -0.0214142 -0.00142364 0.0718597 -0.0228283 -0.0230834 -0.00234229 -2.93258e-05 0.176861 -0.0079545 -0.0416761 0.0362955 -0.00693142 0.00430392 0.0238651 -0.0370958 0.00177571 0.000763138 -4.28708e-05 -0.00247755 -0.000444998 0.0279178 0.0159454 0.00630924 -0.0106791 -0.0133415 0.0183326 0.00174996 -0.00936149 0.000573475 -0.00219305 0.00454656 0.0177803 -0.00226209 0.00042803 -0.0210039 0.0190063 -0.0358896 -0.00638167 -0.0185042 -0.000410492 0.0209258 -0.00581377 -0.0279181 -0.0139353 -0.000448587 -0.00200898 -0.0188295 -0.004335 -0.028051 0.0217752 0.0168921 0.00123386 0.000309534 -0.00469216 6.15301e-06 -0.00309977 0.0162335 0.00488474 0.00281152 0.00282611 0.0168424 -0.0107143 -0.0012236 -0.0304001 0.000716348 -0.00674903 -0.0392309 0.0055559 -0.0385139 -0.0273417 -0.00152365 -0.00726648 -0.000422418 0.0200928 -0.0136516 -0.0351372 0.0432804 -0.000467659 0.0332956 -0.00176158 0.0413525 -0.00249172 0.00177783 
-0.00448343 -0.00148379 -0.000537067 -0.017179 -0.00584073 -0.00169307 -0.020574 -0.00574933 -0.0128547 0.0498161 -0.0333922 -0.00138721 -0.0086021 -0.000163332 -8.8483e-05 -0.00351525 0.0142378 0.0554524 0.000241461 -0.00870579 0.0307657 0.0502535 -0.000516229 0.000873596 -0.0079545 0.106609 0.0429593 -6.18203e-05 -0.00348746 6.43033e-06 -0.0192247 0.0228603 0.00825381 -0.00406775 5.98924e-06 -0.0015883 -0.000277522 -0.00225944 -0.013123 -0.0167905 -0.00369196 -0.0183799 0.00619484 -0.000641183 -0.0048732 0.00195312 -0.00124471 -0.0179606 -0.0018062 -0.00275969 -0.0105425 -0.0148188 -0.00242713 -0.0162391 -0.023018 0.00440747 -0.00562583 -0.00776717 -0.0200965 -0.0245532 -0.0111112 -0.0171899 -0.0111019 -0.0171953 -0.017394 0.0269677 -0.00863656 0.00157793 -0.000344623 -0.000369983 0.00179982 -3.1922e-06 -0.00215794 -0.000241146 -0.000468111 0.00730254 0.00137888 -0.010591 -0.0170153 -0.00100442 0.0254782 -0.00720442 -0.00278732 0.0362916 -0.00249416 0.0566484 0.0552858 -0.0287436 -0.00312727 -0.00296644 -0.00888163 0.00169923 -0.0142029 0.000195694 -0.000287732 -0.0164193 -0.000927049 -0.0353053 -0.0013323 0.0020335 
-0.0114368 -0.0116052 -0.00170964 -0.005375 -0.023711 0.00461051 -0.0613752 -0.015379 -0.0220212 0.126637 -0.0259975 -0.0011229 -0.0129261 -0.00298494 -0.0060412 -0.00587685 0.0156471 0.0483055 -0.00184156 -0.0502596 0.106574 0.0426561 -0.00437279 0.000223211 -0.0416761 0.0429593 0.226635 -0.0186126 0.00250895 -0.00213686 -0.002876 0.103926 -0.0066606 0.000884764 -7.86955e-05 -0.00278743 -0.00141107 -0.0304458 0.0221515 -0.0548177 -0.0165591 -0.0593533 0.023105 -0.00337021 0.0535484 -0.00110936 -0.00331746 -0.0400411 -0.000479538 -0.00518127 -0.0337737 -0.0416802 -0.0117373 0.0188988 -0.071088 0.0396029 -0.0105332 -0.0288901 -0.0347448 -0.0654016 -0.0313727 -0.0383361 -0.0468334 -0.0550105 -0.0522416 0.0870604 -0.0274921 0.0143952 -0.000626494 9.39191e-05 0.0117049 -2.27872e-05 -0.00247289 -0.0236667 -0.00700489 0.0152095 -0.00416719 -0.0355957 -0.0444922 -0.000666371 0.103259 -0.0216456 -0.0060063 0.124654 0.00874078 0.0684409 0.0442366 -0.0492231 -0.0114878 -0.00397796 -0.0301209 0.043193 0.0215765 -0.02301 -0.000757051 0.0152408 -0.000152338 -0.044176 -0.00338188 -0.0199399 
-0.00190533 0.00578872 0.00236027 -0.0194028 -0.00511888 0.000138584 -0.00544528 -0.00301623 -0.00947121 -0.0203138 -0.00168253 -0.000716824 0.00505961 0.00045968 0.00142602 -0.0022993 -0.0027238 -0.0111426 0.00276457 0.00837242 -0.0162735 -0.00713847 0.00167376 -5.44566e-05 0.0362955 -6.18203e-05 -0.0186126 0.0758758 -0.00218001 0.0031682 0.00858097 -0.0195563 3.12519e-05 0.00037813 -1.38349e-05 -0.000927035 0.000207626 -0.00966903 -0.00203779 0.0265219 -0.00543687 -0.00557453 0.00829618 0.00115126 -0.0112047 -0.000246158 -0.000849478 0.012366 0.0133495 0.00605411 -0.00744058 -0.00793249 0.00440959 -0.00213593 -0.0155756 -0.0121823 -0.0040529 -0.00674484 0.00747742 0.00962063 -0.00621167 -0.00225749 -0.00659165 0.010563 -0.00491212 -0.00745929 -0.00420359 0.00495212 0.000198341 -0.000239516 -0.00328995 -5.41597e-08 -0.00150987 0.000809456 0.00974791 -0.00287322 0.00820358 0.00499168 0.0143904 0.00126034 -0.00583594 -0.00565096 0.00318788 -0.0195216 -0.00056546 -0.0137154 0.00141193 0.0166093 4.29399e-05 0.00158401 -0.00735208 -0.00956593 -0.0110316 0.00676245 -0.000174216 0.00383047 0.00118518 0.0209031 -0.000812774 0.000452299 
0.0020649 0.00254329 -5.41699e-05 -0.00743875 -0.00209505 -0.000302609 0.0037953 0.00271122 -0.00360042 0.00253559 0.00997963 0.00108409 -0.00122558 -0.00010309 -0.000175138 -0.00112335 -0.000569454 -0.00733194 0.000632512 -0.00599366 -0.00530021 -0.0113776 -0.000127179 6.37062e-05 -0.00693142 -0.00348746 0.00250895 -0.00218001 0.0301468 -0.000281211 -0.00808412 -0.00221792 -0.000953938 -8.21359e-05 2.67715e-06 0.000820321 0.000179292 -0.00321334 -0.000569541 0.00102347 -0.000928289 0.00432694 -0.00934843 -0.000274028 -0.00672343 -0.000155032 0.00198472 0.000875753 -0.000679928 0.000622796 -0.000507478 0.00664505 -0.00231169 -0.00228675 0.00296225 -0.0035424 0.00231529 -0.0022459 0.00166097 0.00393674 0.00139458 0.00296715 0.000336605 0.00200248 0.00454314 -0.00260556 -0.000294767 0.00536615 -0.000242915 0.000805211 -0.00225176 -2.73319e-06 0.00552108 -0.00475822 -0.000310657 0.0074055 -0.000118373 -0.00030208 0.00338847 -7.96861e-05 -0.00294795 0.000322924 0.000316928 0.00131823 0.000438905 -0.00430498 0.00423761 0.000348243 0.00276059 0.00119152 -0.00288518 0.006293 0.00663149 -0.0101517 0.000466766 -0.00272481 0.00130677 -0.00827402 0.00127592 1.64503e-05 
-0.000213232 0.00172343 -4.04694e-05 -0.00364421 0.00210724 -0.000191513 -0.00185671 -0.000615635 0.00201977 -0.00398631 -0.000991491 -0.000131041 0.00433936 -1.36995e-05 0.000998684 0.000366783 -0.000348066 -0.00118259 0.0013002 0.0069334 -0.00589284 -0.00379767 0.000458316 -2.45582e-05 0.00430392 6.43033e-06 -0.00213686 0.0031682 -0.000281211 0.0129032 -0.00362792 -0.00654974 8.604e-05 0.00186386 -2.56378e-06 -8.25947e-05 -4.14841e-05 0.00367632 0.0018166 -0.00266934 0.00327426 -0.00163593 -0.00486016 0.000335453 -0.00498255 0.000118394 -0.000115586 -0.00177602 -0.000327319 -0.000277619 -0.000294013 -0.00157739 0.00189414 -0.00831301 -4.48828e-05 -0.00178963 -0.000712125 0.00192513 -0.00101905 -0.000861307 -0.000748908 -2.03386e-05 0.000908779 0.000260397 0.00178302 -0.00721114 0.00413012 0.00482771 0.00137402 0.000173731 -0.00106958 -3.46027e-07 -0.000225743 -0.00199398 0.00331326 0.000830626 0.00350473 0.00540284 -0.00124431 8.89394e-05 -0.00416119 0.000786118 -0.000315875 -0.00218247 -0.000126684 -0.00268862 0.00147244 -0.00241893 0.000755108 0.00199121 0.00289159 0.00234375 -0.000550961 -0.00114087 -2.95042e-05 0.000424163 0.000296377 -0.001629 -9.96795e-05 0.0015884 
-0.0143358 -0.0142536 -3.45315e-05 0.0775047 -0.0187946 -0.00109482 -0.0539218 -0.0182751 -0.0125651 0.0265027 -0.0125489 -0.00257507 -0.0100306 -0.00634914 0.00136398 -0.0020389 -0.0108672 -0.0014972 -0.00269674 -0.0448678 0.106169 0.079178 -0.00509575 -0.00106148 0.0238651 -0.0192247 -0.002876 0.00858097 -0.00808412 -0.00362792 0.23518 0.109584 0.00558707 -0.00780076 -5.6497e-05 -0.000339808 -0.000632531 -0.0235949 -0.02069 -0.0153688 -0.0308227 -0.0505879 0.122381 -0.00339791 0.118415 -0.00219695 -0.00344614 0.0119332 -0.0143423 -0.00206142 -0.0319154 -0.0436468 -0.0501076 0.0606774 -0.0656451 0.0401153 -0.0153373 -0.0211101 -0.0333672 -0.0353978 -0.0332488 -0.0704938 -0.0488717 -0.0470838 -0.0900641 0.118152 -0.0205851 -0.0688112 -0.00307655 -0.0011657 -0.00126439 -2.82762e-05 -0.0068251 0.0514838 -0.000149948 -0.0502824 -0.00343784 -0.0312969 -0.0348104 -0.00125319 0.102206 -0.0212037 -0.00649429 0.0115791 -0.00799584 -0.0122444 -0.0431339 -0.00823389 -0.0119045 -0.003354 -0.0425967 -0.0227475 0.0270049 0.0565309 -0.000912313 -0.0233217 -0.00441924 0.102745 -0.00322762 -0.0336167 
-0.0204614 -0.0201758 -0.00179549 0.0944875 -0.0389213 0.000436033 -0.0939584 -0.0262812 -0.0422394 0.12863 -0.0456743 -0.00228954 -0.00619212 -0.00939638 -0.00685422 0.0056007 0.00320584 0.0821662 -0.00387187 -0.10313 0.192617 0.132351 -0.00755427 0.000179498 -0.0370958 0.0228603 0.103926 -0.0195563 -0.00221792 -0.00654974 0.109584 0.248228 -0.000982441 -0.0138578 -0.000113184 -0.00447538 -0.00212608 -0.0686351 -0.0200788 -0.0553444 -0.0448003 -0.0936669 0.139184 -0.00475466 0.150509 -0.00260987 -0.00528227 -0.00542554 -0.0218401 -0.00871862 -0.0534823 -0.0683682 -0.0612147 0.0721423 -0.116006 0.0500837 -0.0244826 -0.0463547 -0.0502097 -0.0955904 -0.0493822 -0.0909786 -0.0772215 -0.0871844 -0.123435 0.188617 -0.0396065 -0.0427925 -0.00434184 -0.00121719 0.00782759 -4.20936e-05 -0.00722238 0.0498276 -0.00819783 -0.0188953 -0.00680411 -0.054786 -0.0757183 -0.00170794 0.18599 -0.0369715 -0.00403146 0.0869972 -0.0115499 0.0741784 0.0197213 -0.0384467 -0.0179709 -0.0095855 -0.0730521 0.0187482 0.0222524 0.0518274 -0.0012403 -0.0150847 -0.00401531 0.0713953 -0.00479008 -0.0446662 
-0.000937375 0.000746842 -0.000195978 0.00374177 -0.00189548 -0.000644883 -0.00639328 -0.00157317 -0.00297622 0.0010119 -0.00997619 0.000135387 -0.00269952 0.000876372 -0.000672415 0.00290358 -0.000839549 0.0134463 -0.000263132 0.00523959 0.00336404 0.0100805 -0.000511979 0.000171718 0.00177571 0.00825381 -0.0066606 3.12519e-05 -0.000953938 8.604e-05 0.00558707 -0.000982441 0.0336058 -0.000648481 -9.20645e-06 -0.000406909 0.00011386 0.00406229 -0.000704105 -0.00606593 0.00160089 -0.00588925 0.00586774 0.00017661 0.00173364 0.0015419 -0.000296267 -0.00221248 -1.705e-05 -0.000837879 -0.0032449 -0.00236237 0.0047681 -0.00559189 -0.00641187 -0.0010084 0.00160284 -0.00289158 -0.00587888 -0.00644748 -0.00303516 -0.000482505 -0.00295961 -0.00450092 -0.00111329 0.00388656 -0.00284222 0.0029532 -0.000199137 -9.39058e-05 -0.00126782 -2.20371e-06 -0.000613288 0.00377604 -0.000520853 0.00292523 0.000657281 -0.00383909 -0.00471982 -0.000122825 -0.00248774 -0.00190262 -0.001268 -0.00599797 -9.27882e-05 0.00228123 0.00577582 -0.00394777 -0.00106142 -0.000962146 -0.00292797 -0.00548156 -0.00479956 0.00467983 -5.65516e-05 1.97744e-05 -0.000196429 0.00331465 -0.000279682 0.00408088 
-0.00121523 -0.00088054 -0.00017926 -0.00604748 0.000240663 0.00186442 -0.00593765 -0.00160997 0.0120933 -0.00885494 -0.00857512 -0.000283615 -0.000858102 0.00221752 -0.000217084 0.00280882 -0.000731229 -0.00745743 0.00148612 0.0183632 -0.012869 -0.0108432 0.00106516 2.11127e-05 0.000763138 -0.00406775 0.000884764 0.00037813 -8.21359e-05 0.00186386 -0.00780076 -0.0138578 -0.000648481 0.0335828 -8.70929e-06 0.000778945 -4.07039e-05 0.00715243 0.0241862 -0.00719358 0.0177377 -0.00479431 -0.00895814 0.000689057 -0.0104549 -0.000199657 -0.000348244 -0.00461452 -0.00101311 -0.000679352 -0.00229104 -0.00399916 0.0212408 -0.0160567 -0.0054189 -0.00280143 -0.00120232 -0.000808141 -0.00571712 -0.00394031 0.00286677 0.0161776 0.00954375 -0.00480545 0.0126671 -0.0176732 -0.000821018 0.0169592 -0.000185388 3.95843e-05 -0.00295491 5.36521e-06 -0.000503637 -0.00857083 0.0008703 0.00858183 0.00103088 -0.000991874 -0.00388096 -0.000256879 -0.0117859 -0.000523317 -0.00106273 -0.00896758 0.0030408 -0.00606271 -0.0016497 -0.00851282 -0.00113723 0.00286664 0.0217024 0.00504349 -0.00443234 -0.0057647 1.33987e-05 0.00785184 0.00115031 -0.011433 0.00166845 0.0140356 
