0.000221073 -4.11144e-05 0.000120269 7.09395e-07 -3.48366e-08 -6.95061e-09 9.88752e-07 -3.14597e-07 -3.51444e-08 7.69475e-07 7.00119e-05 -2.05057e-08 -7.38598e-06 -6.59432e-06 -1.02537e-06 -4.02841e-05 2.44873e-06 -7.79579e-09 1.10067e-05 -6.12061e-05 -3.46021e-06 -5.42249e-05 -1.96357e-08 -2.18538e-05 -6.21194e-05 -2.53263e-06 3.24557e-07 -0.000126857 -0.000147536 2.3959e-05 4.94832e-06 -8.41215e-08 3.11842e-05 -3.02773e-05 -1.85662e-07 -6.51682e-09 -9.42902e-05 -2.71263e-07 -1.57639e-05 1.89188e-06 -1.07632e-05 4.46395e-06 -2.72721e-06 -4.36935e-07 0.000129379 -3.84547e-06 1.99334e-05 3.01481e-06 9.10351e-06 3.02488e-07 -3.36843e-09 -8.82624e-07 3.67929e-05 -2.58566e-08 -7.64444e-08 2.38867e-06 -5.6608e-06 -1.94032e-05 4.20207e-06 1.81245e-05 2.21257e-05 -0.000108439 -9.34371e-06 -1.08383e-05 -3.05149e-06 1.13847e-06 -9.46688e-05 5.59264e-07 1.05715e-06 0.000121532 6.73149e-07 3.98658e-06 -3.66125e-07 -3.28682e-05 2.26118e-06 6.74027e-06 -1.0335e-07 -5.82166e-08 0.000132826 0.000112354 1.94716e-08 1.46993e-05 3.07528e-06 -4.81506e-06 -1.27659e-05 -1.16386e-07 -1.06588e-07 -2.54082e-07 2.08028e-06 -8.99726e-06 -2.44709e-09 1.02002e-05 -9.43616e-05 3.35945e-06 -2.6753e-08 -3.2187e-05 5.03867e-06 1.53218e-05 -1.11962e-08 -1.6193e-06 
-4.11144e-05 0.211906 0.00991744 0.000138317 5.43101e-05 5.20727e-06 -0.000226117 0.000877016 -1.00777e-05 -0.000315633 -0.0532046 -0.00015816 0.00278172 0.0115852 -3.79594e-05 -0.0510756 -0.00261482 -6.19117e-06 0.000201727 -0.01619 0.00242359 -0.00250292 7.48723e-06 -0.0507324 -0.0927058 0.00348172 -3.82106e-05 0.0517725 -0.00471228 -0.00623554 0.000842512 -2.26867e-05 -0.00293786 0.0183868 -0.000137662 -9.60281e-05 0.0288803 0.000377334 -0.0279497 0.00211627 0.0256728 -0.00442025 -0.00661715 -0.000452939 -0.000780401 -0.00105212 0.00856011 -0.00386663 0.000161093 1.89073e-05 -2.11014e-06 -0.000885668 0.0212255 -3.33218e-05 1.12636e-05 -0.000345595 0.0347499 -0.0427651 0.00170847 -0.000494869 0.0637238 0.0305923 -0.00256865 -0.00580997 -0.00660341 -0.000448657 -0.00926327 -0.000214643 -0.000149917 0.00847997 -0.000282792 9.17357e-06 -0.000100337 -0.0509494 0.000823134 -7.36597e-05 -4.93777e-06 -5.28977e-05 0.00316903 -0.0326299 -1.7078e-05 -0.0334687 -0.000114136 0.000886464 -0.013007 -0.000431153 0.000288432 -0.000317626 0.000492225 -0.0128454 5.2044e-06 -0.00348472 0.0171538 -0.000222207 -0.000118835 -0.000104768 -0.000471946 -0.0194165 3.13658e-05 0.0033215 
0.000120269 0.00991744 0.0595165 0.00023209 9.98239e-07 4.57783e-07 4.22741e-05 0.00104021 0.00019261 -9.50389e-05 0.00688697 1.26701e-05 -0.00189863 0.00211635 0.000998793 -0.0115261 0.000696439 -2.2407e-06 -0.000947646 -0.0106928 0.00241557 -0.00571676 3.20896e-05 -0.0064903 -0.0194112 -0.000483406 -4.56538e-06 -0.0128483 -0.031185 -0.00332068 -0.000462438 0.000561132 -0.00180671 -0.00968843 -8.57473e-06 0.000233391 -0.021721 -4.61231e-05 -0.00577034 -0.000450563 0.00115066 -0.00102165 0.00127805 -6.44301e-05 0.0270243 0.00154036 0.0112032 -0.000383363 0.00356044 3.07613e-05 1.37628e-06 -0.000237854 0.0108765 -7.05402e-06 -6.79419e-06 -7.71142e-05 -0.00410394 -0.0072908 0.00216783 0.00384043 0.0198228 -0.0172144 -0.000176875 -0.00194998 0.000140439 0.00162203 -0.0175294 0.000740291 1.40555e-05 0.0308986 -6.00572e-05 6.31548e-05 0.000582369 -0.0102797 0.00127929 0.00153509 1.89947e-05 -1.01662e-05 0.0218787 0.0116779 -7.9441e-06 0.000813832 0.000180183 -0.00114471 -0.00327375 -9.20749e-05 0.000288775 -7.29403e-05 0.000273003 -0.00278214 3.68554e-06 -0.000576838 -0.023132 5.04544e-05 0.00021765 -0.000179945 -0.000117318 -0.00338862 1.90597e-05 -5.20111e-05 
7.09395e-07 0.000138317 0.00023209 0.00101171 4.40449e-07 3.79278e-07 -2.92623e-07 0.000151818 6.2805e-05 0.000126802 -2.06398e-05 3.11942e-06 7.33586e-05 -1.29018e-05 -4.04172e-06 0.000173329 -8.40494e-06 -3.57045e-08 0.000402407 -0.000424819 0.000773284 -0.000313733 -8.99307e-08 -0.000557987 -0.000377867 -1.05883e-05 -1.08641e-07 -0.000388522 -0.000504247 9.38035e-05 0.000161069 0.00011107 0.000269715 -0.000647638 -3.83658e-07 5.05048e-07 -0.000524981 4.49243e-05 -5.29081e-05 0.000122114 -4.94325e-05 1.90481e-05 -5.80974e-06 -1.64559e-06 0.000526652 0.00021651 0.000371091 0.00016764 0.000140562 -9.03808e-08 3.38457e-06 6.32687e-05 2.47715e-05 -1.07311e-07 2.12499e-05 0.00013635 0.000122563 -0.000114652 -2.81697e-06 1.04899e-05 -0.000182472 -0.000699849 -0.000288189 -2.76033e-05 -2.18352e-07 -2.39843e-06 -0.000443981 4.18926e-05 -5.01584e-07 0.000347102 9.64859e-06 6.54786e-06 2.3688e-05 -7.70159e-05 4.19544e-05 1.58547e-05 -4.7334e-07 1.24223e-05 5.26823e-05 6.66306e-05 -1.03928e-07 -0.00012103 5.32861e-05 -2.31233e-05 -5.63183e-05 1.84779e-05 0.000181723 2.40696e-05 0.000466481 -3.88396e-05 2.78879e-06 0.000437083 -0.000297531 2.54714e-05 1.32504e-06 -0.000783374 0.00016333 -5.87077e-05 5.64872e-06 -0.000648982 
-3.48366e-08 5.43101e-05 9.98239e-07 4.40449e-07 0.00015752 -4.95215e-09 -1.2676e-07 6.151e-06 -8.04544e-08 1.38993e-06 -4.83368e-05 3.06226e-07 -3.87289e-06 6.93504e-06 6.79874e-07 -3.03206e-05 -1.35005e-06 -5.55432e-09 -3.42342e-06 -6.53912e-05 5.41284e-06 -9.39927e-05 -1.39899e-08 -9.50333e-05 -6.00432e-05 1.39556e-06 -2.2086e-08 1.60501e-06 -9.76358e-05 -5.70017e-06 -1.32494e-06 1.84563e-05 4.88474e-06 -2.37365e-05 2.78832e-07 5.38556e-07 1.17106e-05 -1.37713e-07 -1.49838e-05 3.5928e-05 2.54417e-05 -2.98156e-06 1.48466e-06 -2.89084e-07 1.89292e-05 5.67333e-06 4.29989e-05 -1.82284e-06 2.80186e-06 5.97051e-07 -2.39993e-09 -6.21825e-08 8.46755e-05 -1.84222e-08 4.45535e-07 -2.37645e-07 3.56119e-05 -2.19051e-05 1.01963e-05 1.63314e-07 6.00965e-05 -1.70367e-05 -1.59567e-05 6.01278e-06 -3.14157e-06 1.55132e-06 -3.20333e-05 1.24694e-05 -7.80283e-08 2.09568e-05 -2.72456e-07 4.52382e-07 1.04553e-06 2.09696e-05 7.0161e-06 1.86758e-07 -4.03012e-08 -4.1478e-08 3.28981e-05 1.3845e-05 -2.8763e-08 -1.69255e-05 -7.30306e-08 -2.84603e-06 -3.16439e-06 -2.33334e-07 5.12947e-07 -1.81027e-07 3.54985e-07 -6.87393e-06 -1.74349e-09 1.86824e-05 1.60456e-05 1.84764e-06 2.64511e-06 -7.58099e-05 1.27291e-07 -5.06751e-06 -7.977e-09 -2.97164e-06 
-6.95061e-09 5.20727e-06 4.57783e-07 3.79278e-07 -4.95215e-09 3.14323e-05 -2.52913e-08 2.73486e-06 -1.60523e-08 -4.85648e-08 -1.14687e-05 3.68457e-08 -1.09417e-06 1.18737e-05 1.50721e-05 -7.59032e-06 2.14447e-05 9.88918e-08 -1.02888e-06 -3.00948e-05 1.01542e-05 -1.67222e-05 2.15276e-06 -2.62192e-05 -1.2288e-05 -3.48912e-07 -4.4066e-09 -2.2287e-05 -2.60335e-05 -4.33512e-07 -4.41704e-07 7.4692e-07 -9.3414e-07 -2.31361e-05 -2.63925e-08 -2.77776e-08 -2.58579e-05 8.23922e-06 -3.78456e-07 -4.13399e-07 9.16876e-07 -6.03749e-07 -9.4524e-07 -6.21119e-08 2.2814e-05 9.84171e-06 2.81636e-05 -4.92274e-07 1.61211e-05 4.16392e-08 4.93285e-06 -1.25468e-07 -8.06106e-06 -3.6756e-09 -1.08669e-08 -4.74151e-08 8.19194e-06 -4.76735e-06 -9.6055e-08 6.02211e-06 7.73071e-06 -2.49056e-05 -2.98131e-05 -2.03034e-06 -7.46519e-07 3.63946e-06 -2.09429e-05 -3.67438e-07 -1.55682e-08 2.81788e-05 -5.43605e-08 -5.06705e-09 1.53368e-06 -5.80324e-06 -7.6595e-08 1.57886e-05 -1.46916e-08 -8.2757e-09 1.5245e-05 1.0332e-05 4.76317e-06 -4.14625e-06 1.76077e-05 -7.20806e-07 -2.1322e-06 -4.65549e-08 2.65151e-06 -3.61186e-08 6.89296e-08 -1.39588e-06 2.32985e-07 -5.9543e-07 -1.39019e-05 4.88961e-06 3.12981e-05 -2.55276e-05 8.67918e-07 -2.40539e-06 7.40952e-06 -1.47596e-06 
9.88752e-07 -0.000226117 4.22741e-05 -2.92623e-07 -1.2676e-07 -2.52913e-08 0.000803953 -3.58563e-07 2.90224e-05 4.65347e-05 -0.00021551 0.000129888 -1.96631e-05 -8.66148e-06 2.4961e-07 -9.94674e-05 0.000313768 -2.83666e-08 -1.74362e-05 7.74031e-06 -1.20955e-05 -0.000535491 -6.03374e-08 -0.000113611 0.000313408 -7.78219e-06 -1.12796e-07 -0.000205096 -0.000460335 3.2683e-05 4.24603e-05 2.84796e-06 3.9311e-05 -0.000234745 8.63554e-06 3.54453e-06 -0.00027162 -9.87048e-07 0.00010882 0.000156818 -3.49185e-05 1.08458e-05 -2.99535e-06 7.13234e-06 -4.82606e-05 -4.91288e-07 -1.68145e-05 -3.23408e-06 2.6135e-06 2.87264e-06 -1.22567e-08 5.8995e-06 -2.4257e-05 3.22814e-06 1.44063e-07 4.69419e-05 8.10476e-05 -0.000116019 2.19054e-07 1.73567e-06 -0.000194556 -0.000189097 -0.000124168 0.000320729 0.00026428 0.000129822 -8.76422e-05 0.000344577 0.000114201 -3.96273e-06 1.68085e-05 -1.29702e-07 1.43536e-05 -6.58346e-05 3.26162e-06 1.09785e-06 6.57272e-07 4.89928e-06 -2.47534e-05 -4.33592e-05 -2.51658e-07 0.000304113 1.8827e-05 -1.22727e-05 0.000175533 -7.58333e-07 -3.87844e-07 2.71866e-05 3.50701e-06 -8.44138e-06 -8.90424e-09 1.75143e-05 -0.00019227 3.49429e-05 1.2828e-05 -5.61445e-05 1.45057e-05 -1.05863e-05 -4.07396e-08 -0.000377982 
-3.14597e-07 0.000877016 0.00104021 0.000151818 6.151e-06 2.73486e-06 -3.58563e-07 0.00277172 7.46949e-06 4.62724e-05 -0.00013935 -1.03216e-06 -9.28614e-05 0.000132867 -1.62068e-05 -0.000459196 7.91813e-05 4.24231e-07 -3.39769e-05 -0.00198741 0.000139363 -0.00034372 1.15319e-06 -0.00114996 -0.000936869 3.24433e-05 -1.22981e-07 -0.000447696 -0.00157297 0.000185971 0.000191087 0.000227189 -2.91443e-05 -0.00184477 9.78851e-06 1.55549e-05 -0.000846171 6.0157e-05 4.36854e-05 0.000160479 -0.000108559 -2.96634e-05 1.27074e-05 -3.1366e-06 0.00126867 0.000430324 0.00171946 0.000183616 0.000434524 2.49639e-06 -9.00687e-09 4.02057e-05 -2.06958e-06 4.1657e-08 1.96058e-05 2.32629e-05 0.000453885 -0.000285768 0.000455362 0.00040728 0.000882931 -0.0011176 -0.00054496 -0.000112585 -1.10542e-05 -7.2148e-06 -0.00142792 -2.12949e-05 -1.36549e-06 0.00164587 8.47104e-06 2.11862e-06 2.70747e-06 -0.000186876 2.49605e-05 2.43705e-05 3.55647e-06 -6.98433e-07 0.000538565 0.000456652 -1.1471e-06 -0.000310693 1.19005e-05 -4.69918e-05 -0.000158125 3.25012e-06 8.23047e-05 -3.04929e-06 0.000223794 -4.99281e-05 3.26924e-06 0.000213228 -0.000724733 -1.01728e-06 4.26152e-05 -0.000639562 -5.33172e-06 -8.55563e-05 1.88926e-05 -3.45968e-05 
-3.51444e-08 -1.00777e-05 0.00019261 6.2805e-05 -8.04544e-08 -1.60523e-08 2.90224e-05 7.46949e-06 0.000510417 2.52211e-06 -9.50209e-05 8.81826e-06 7.36814e-06 -1.19295e-05 1.82162e-06 -1.78374e-05 5.88421e-05 4.21799e-09 -2.09331e-06 -0.000104698 0.00010233 -6.70024e-05 5.87985e-07 -5.01004e-05 6.31092e-05 -2.15737e-07 1.28409e-07 -0.000124704 -0.000260405 -1.17325e-05 1.77946e-06 2.24959e-05 -4.40972e-06 -0.000191796 1.22677e-06 -4.51286e-07 -0.000253687 -5.82032e-07 -1.42807e-05 2.98376e-06 -2.45946e-05 -2.07541e-06 5.60988e-05 3.71313e-06 0.00019677 5.30789e-05 0.0001142 2.72455e-06 9.06921e-05 5.21092e-07 2.36665e-07 2.39493e-06 -0.000109021 -5.97153e-08 3.01231e-07 1.49634e-06 -4.08305e-05 -5.30632e-05 7.70612e-06 6.58518e-06 -2.49946e-05 -0.000186447 -0.000179525 1.39143e-05 0.000113438 1.18889e-05 -0.000117665 8.33388e-05 3.10804e-05 0.000246358 -3.8316e-07 -8.23213e-08 1.54756e-06 -7.12927e-05 5.82228e-06 1.5157e-05 1.50576e-06 -1.3445e-07 8.15985e-05 1.46607e-06 5.51588e-07 5.74718e-05 3.39661e-06 5.84506e-06 5.31595e-05 -6.34126e-07 8.48872e-05 -5.53464e-07 5.20981e-05 -1.18779e-05 -5.6515e-09 -5.27359e-06 -0.000208278 -3.63213e-07 -5.78701e-07 -9.0162e-05 1.46068e-05 -3.85232e-05 -2.58573e-08 -0.000104392 
7.69475e-07 -0.000315633 -9.50389e-05 0.000126802 1.38993e-06 -4.85648e-08 4.65347e-05 4.62724e-05 2.52211e-06 0.00154262 -0.000513694 3.2147e-05 -4.60807e-05 -2.86976e-05 -2.51354e-06 -0.000290779 -2.16299e-05 -5.44702e-08 -1.85269e-05 -0.000388853 -3.964e-05 -0.00139949 -1.37197e-07 -0.0011911 -0.000580257 -1.34959e-05 5.94518e-07 0.000370375 -0.00116386 0.00122904 3.76893e-05 -1.57394e-06 0.000954541 -0.000183833 -1.29724e-06 2.49023e-06 0.000191053 -1.58424e-06 -0.000146243 0.00117987 -7.36434e-05 0.000110247 -1.36938e-05 -2.31959e-06 -7.38784e-05 -5.11872e-05 -9.43968e-06 -2.36074e-05 1.25385e-06 3.9545e-07 -2.35357e-08 -4.14479e-06 0.00102865 -1.80663e-07 -2.23016e-07 0.000645781 0.00122286 -0.000233602 -4.7213e-06 -9.64017e-08 6.74312e-05 0.000162192 -0.000506485 0.000121227 -3.54262e-05 -5.90806e-06 0.000408706 -1.18064e-05 -7.6521e-07 -0.000101803 0.000102317 -2.49056e-07 1.12199e-05 0.000762226 2.7352e-06 9.32379e-07 -1.33232e-07 3.1599e-06 -0.000105458 -0.000282491 -7.17932e-07 -0.000202152 0.000198306 -1.56402e-05 0.000177721 2.05451e-05 -7.44747e-07 -1.7753e-06 3.84554e-06 -6.71323e-05 -1.70981e-08 -2.26777e-05 -0.000651351 1.18969e-05 -1.27096e-06 -0.00118855 1.93019e-05 -9.05699e-05 -7.82291e-08 -0.000619619 
7.00119e-05 -0.0532046 0.00688697 -2.06398e-05 -4.83368e-05 -1.14687e-05 -0.00021551 -0.00013935 -9.50209e-05 -0.000513694 0.23888 -0.000194 -0.00860662 0.00128456 -5.13723e-05 0.0457841 2.37043e-05 -7.29894e-06 -0.00406888 0.00258818 0.00139181 0.00194525 2.75862e-05 -0.00542574 0.0415892 -0.00334212 2.78441e-05 -0.0718344 0.0184306 -0.0140924 0.000460699 0.000170215 0.000619588 -0.0396633 -0.000191699 -6.86521e-05 -0.0624112 -0.000146382 0.0379545 -0.00463871 -0.000657191 0.00578217 -0.00967559 -3.33027e-05 0.0146074 -0.00533055 -1.8558e-05 0.00671286 0.002929 -3.05336e-05 3.21192e-06 0.00201003 -0.0557445 5.02752e-05 -6.63556e-05 -0.00024094 -0.0101199 0.0389314 0.00128458 0.00293497 -0.0715377 -0.0565536 0.00460631 0.0189711 -0.00577323 -0.000610012 -0.0500237 -0.00159627 -7.18115e-05 9.52622e-05 0.000161849 3.84875e-05 0.000203882 -0.00452378 0.000209318 0.000889095 6.03365e-05 2.46128e-05 0.0194342 0.0499692 -9.65049e-05 0.0101992 -1.13994e-06 -0.00757566 -0.0147903 0.000765324 -0.000155919 1.7441e-05 -7.23364e-05 0.0198649 2.66699e-06 0.00636458 -0.0541969 -9.52875e-06 -0.000542195 -0.00373307 0.00111529 0.0199141 -1.69773e-05 -0.00349857 
-2.05057e-08 -0.00015816 1.26701e-05 3.11942e-06 3.06226e-07 3.68457e-08 0.000129888 -1.03216e-06 8.81826e-06 3.2147e-05 -0.000194 0.000594868 1.31474e-05 1.38604e-05 -2.82569e-08 -0.000134753 0.000428419 -2.09849e-08 -1.67162e-05 1.5091e-05 -2.02522e-05 -0.000340719 -4.17446e-08 5.22349e-05 0.000326126 -4.38407e-06 -8.34435e-08 -0.000323532 -0.000420271 -4.46671e-06 1.69581e-05 -3.39159e-07 2.43333e-06 -0.000310136 2.64468e-06 2.07335e-07 -0.000361858 -6.41303e-07 9.18673e-05 4.23385e-05 -2.49036e-05 -8.57706e-06 8.06787e-05 7.61274e-06 -4.64643e-05 3.24949e-05 -9.36073e-06 -8.83282e-06 -5.54414e-06 -5.31203e-08 -9.06722e-09 1.95746e-06 -0.000128177 1.79707e-06 1.96089e-06 3.08244e-05 8.68233e-05 -8.86349e-06 -4.85567e-07 -3.60937e-06 -0.00031647 -0.000125681 -0.000105698 0.000226853 0.000307364 9.66356e-05 -7.65888e-05 0.000263054 3.63274e-05 9.29366e-05 9.97063e-06 -9.59498e-08 9.49908e-06 -4.39569e-05 2.53848e-06 -1.00076e-06 -2.782e-07 -1.56709e-07 -3.39665e-05 -4.73723e-05 -2.76587e-07 0.000406675 1.13574e-05 -1.36492e-05 0.000350014 -6.59342e-07 -2.86917e-07 1.38279e-07 1.13783e-07 -2.03434e-05 -6.58713e-09 -9.55286e-06 -0.000202091 1.09157e-05 1.88222e-05 -4.0824e-05 -1.61435e-06 -3.47235e-05 2.54175e-08 -0.000262942 
-7.38598e-06 0.00278172 -0.00189863 7.33586e-05 -3.87289e-06 -1.09417e-06 -1.96631e-05 -9.28614e-05 7.36814e-06 -4.60807e-05 -0.00860662 1.31474e-05 0.0335976 -0.000814971 -0.000157125 0.00246082 0.000213929 2.55056e-06 0.00291076 0.000834904 0.00483169 0.000520676 -2.67995e-06 0.00477555 -0.00133944 0.00163969 -3.63542e-06 0.00635144 0.00406166 -0.00139244 0.000119002 -4.32535e-05 -0.000378754 -0.00793835 8.17301e-06 -2.86609e-05 -0.00151342 0.000199364 -0.00307423 -0.000444187 -0.000874054 0.00186793 -0.000926114 -6.33382e-05 0.000924293 -0.000913171 -0.000603933 0.000305601 -0.000343694 -1.39864e-07 -2.85816e-07 2.49455e-05 -0.00618455 1.12741e-05 7.8455e-05 -3.85074e-05 -0.000507489 0.00115568 -0.000105038 -0.000236492 -0.000712425 0.00134397 -0.00275819 -0.000326775 3.63503e-05 -8.11695e-05 -0.0110641 0.00216032 -8.36246e-06 -0.00229678 0.00015639 -4.8668e-06 8.99942e-06 -0.00250359 -4.45454e-06 -5.8276e-05 -2.31389e-06 9.8355e-06 -0.00155274 -0.00262146 9.88471e-05 -0.0037126 -1.55693e-05 0.00094728 -0.00191807 -2.57992e-05 -3.0681e-06 0.000101813 0.000487502 -0.00112048 3.66671e-09 0.00119461 -0.00256618 -3.06514e-05 -2.9526e-05 -0.000702966 0.000208046 -0.00248432 -1.76251e-06 -0.00131485 
-6.59432e-06 0.0115852 0.00211635 -1.29018e-05 6.93504e-06 1.18737e-05 -8.66148e-06 0.000132867 -1.19295e-05 -2.86976e-05 0.00128456 1.38604e-05 -0.000814971 0.0289327 -0.000140789 -0.00612322 -7.7769e-05 -6.40282e-07 0.000826619 -0.00236757 0.000379334 -0.000542887 1.13629e-05 -0.00457565 -0.00905343 -0.000215401 -2.76961e-06 0.00150377 -0.00344564 -0.00126095 0.00118302 -3.25726e-05 -0.000847433 -0.00272847 -1.93396e-05 -1.73426e-05 0.000977852 0.000159293 -0.00197569 0.000565947 0.00512247 -0.000509301 -0.000743865 -4.41391e-05 -0.00106083 0.000106596 0.0023605 -1.23972e-06 -0.000199412 5.94104e-07 -4.54289e-07 -0.000102437 -0.00131373 1.10017e-05 2.82346e-05 1.52043e-05 0.00402942 -0.00445463 8.74466e-05 5.12494e-07 0.00910216 0.00326748 -0.000638218 0.00162262 -0.000644352 -7.45757e-05 -0.00562147 -9.44779e-05 3.97854e-05 0.000468778 -2.01406e-05 -2.21842e-06 2.92471e-05 -0.00476101 -2.70909e-05 -5.48011e-05 -1.31385e-05 -5.80704e-06 -0.00117852 -0.00507873 -1.21132e-05 -0.0035737 -1.25908e-05 -0.000493835 -0.000258299 -4.51288e-06 4.19914e-05 -2.03227e-05 -3.53024e-05 -0.00131558 1.84775e-06 -0.000329697 -0.00891021 4.22789e-05 0.000179187 0.000148345 -7.43647e-05 -0.000478045 2.62678e-05 5.10246e-05 
-1.02537e-06 -3.79594e-05 0.000998793 -4.04172e-06 6.79874e-07 1.50721e-05 2.4961e-07 -1.62068e-05 1.82162e-06 -2.51354e-06 -5.13723e-05 -2.82569e-08 -0.000157125 -0.000140789 0.00685074 -0.000736574 0.000281604 -1.9876e-07 -8.85517e-05 -0.000478091 -9.43646e-05 -0.000335752 -6.12571e-07 -0.00272819 -0.00219137 3.55564e-05 4.88487e-07 -0.00244316 -0.0039641 -0.000170738 -9.62026e-05 -4.45478e-06 -7.3083e-05 0.00041195 -4.49206e-06 -9.73825e-07 -0.00162485 -5.88478e-06 -0.000477742 -8.79079e-06 -0.000266798 -0.000105498 -6.21969e-05 -2.13101e-06 0.00183929 -0.000179684 0.000523924 -8.23561e-05 0.000445761 3.12881e-06 7.47269e-06 2.34204e-05 0.00193026 -7.17755e-07 -1.48483e-06 1.52767e-06 -0.000290501 0.0011892 1.94199e-05 0.000173491 -0.000406992 -0.0019791 -0.000207889 -0.000284421 -0.00014543 0.000279305 -0.00222702 1.11129e-05 -3.33881e-06 0.000950716 -1.12077e-05 1.16213e-05 1.65626e-05 -0.00088995 2.18683e-05 0.0003797 -2.10198e-06 -1.37173e-06 0.00201256 0.00217946 9.39723e-05 0.00127376 0.000158291 3.66349e-05 -0.000219918 2.54979e-06 2.30811e-06 -7.21544e-06 6.23269e-06 0.000101541 1.12366e-06 -2.5328e-05 0.00164266 3.26756e-05 9.5291e-05 -0.00092202 4.64065e-05 2.07619e-05 -3.49285e-07 0.00013331 
-4.02841e-05 -0.0510756 -0.0115261 0.000173329 -3.03206e-05 -7.59032e-06 -9.94674e-05 -0.000459196 -1.78374e-05 -0.000290779 0.0457841 -0.000134753 0.00246082 -0.00612322 -0.000736574 0.183164 -0.00165188 -7.4244e-06 0.0045561 0.00905363 0.00404215 0.0040854 6.62381e-06 0.0136272 0.0552091 -0.00198204 -9.47413e-06 -0.0579898 0.0170857 -0.0100034 -0.00163999 -0.000299238 0.00902275 -0.041147 -6.6227e-05 -0.000180412 -0.0618601 -0.000155718 0.0504842 -0.00254317 -0.00966339 -0.000762588 -0.0055154 0.000161551 -0.00772128 -0.00679358 -0.00503818 0.00739127 0.000755098 -2.07613e-05 3.08822e-06 0.00241613 -0.0319109 4.09859e-05 3.78977e-05 -0.00017248 -0.0254163 0.0518422 -0.000701581 -0.00111267 -0.0904945 -0.0610227 -0.00160634 0.0075998 0.00655322 -0.000441286 -0.0371047 -0.00140461 5.54591e-05 -0.0144711 0.000320187 -3.14255e-05 -0.000212223 0.0142382 -0.000217254 -0.000379255 -3.50176e-05 6.96254e-05 -0.0136739 0.0365937 -1.62963e-05 0.02294 -9.59586e-05 -0.00489571 -0.0096762 0.000767328 -0.000108932 0.000543689 0.000778423 0.0297613 2.02769e-06 0.00551152 0.0143709 0.000108347 -0.000221529 -0.00364845 0.00187566 -0.0104448 -1.22266e-05 -0.00837152 
2.44873e-06 -0.00261482 0.000696439 -8.40494e-06 -1.35005e-06 2.14447e-05 0.000313768 7.91813e-05 5.88421e-05 -2.16299e-05 2.37043e-05 0.000428419 0.000213929 -7.7769e-05 0.000281604 -0.00165188 0.0176952 -5.35303e-07 -0.000414963 -0.000610818 -0.000525841 -0.0042244 2.08872e-06 0.00208647 0.00887552 0.000651597 -2.70639e-07 -0.00745579 -0.00578871 -0.000903672 0.000187382 -1.37039e-05 0.000133459 -0.00824894 4.16588e-05 -1.3802e-05 -0.00683713 -1.04283e-05 0.00371487 -0.000202458 -0.000321087 0.000135341 0.000874573 3.02484e-05 0.000168572 0.00133338 0.000760535 -0.000219553 2.77187e-05 1.24029e-05 7.45883e-06 -2.32777e-06 -0.00305641 2.46151e-05 1.4637e-05 2.16515e-05 8.33876e-05 0.00187038 0.000117801 -8.08713e-05 -0.0061489 -0.00418779 -0.00216102 0.00642877 0.00214968 0.00160579 -0.00654121 0.00446264 0.000265142 0.00170843 9.5681e-05 -1.76037e-06 0.000331686 -0.00220702 -3.421e-05 6.43407e-05 1.0411e-05 5.87797e-06 0.00243165 0.00260357 0.000251993 0.00642114 6.30134e-05 -0.000368587 0.000737744 2.60017e-06 2.22027e-05 6.42719e-05 2.44345e-05 -0.000350764 7.89468e-07 -2.18452e-05 -0.00272235 0.000225036 0.000343189 -0.000168995 4.71009e-05 -0.00126651 1.6032e-05 -0.00188543 
-7.79579e-09 -6.19117e-06 -2.2407e-06 -3.57045e-08 -5.55432e-09 9.88918e-08 -2.83666e-08 4.24231e-07 4.21799e-09 -5.44702e-08 -7.29894e-06 -2.09849e-08 2.55056e-06 -6.40282e-07 -1.9876e-07 -7.4244e-06 -5.35303e-07 3.52543e-05 -1.07621e-06 -3.08759e-06 -1.28511e-06 -3.17043e-06 -3.13069e-09 -1.15184e-06 -5.59957e-07 -1.9269e-07 -4.94244e-09 -7.50726e-06 2.14535e-06 9.71164e-07 1.49347e-06 -4.70717e-08 -1.04773e-06 6.24372e-07 2.9262e-07 -3.11553e-08 6.02002e-06 4.45639e-07 -3.24198e-06 -4.63668e-07 -1.91271e-06 -1.66053e-07 -1.06018e-06 -6.96646e-08 -1.03137e-06 1.89921e-06 6.5017e-07 3.67556e-08 -3.62607e-07 -3.14636e-09 -5.3706e-10 -6.29471e-08 -8.5204e-06 1.80997e-08 -1.21882e-08 -5.31807e-08 2.36417e-06 1.87518e-06 -1.07735e-07 -2.61829e-07 -1.07216e-05 3.869e-06 -8.25486e-06 -1.79945e-06 1.89604e-06 -1.42676e-07 1.87102e-06 -4.2458e-07 -1.74613e-08 2.24745e-06 5.6961e-09 -5.6832e-09 -6.19178e-08 -5.53346e-07 -8.59088e-08 -7.50708e-08 -1.64781e-08 -9.282e-09 -2.52915e-06 -2.48155e-06 -1.63825e-08 -1.93932e-06 8.36571e-08 -4.08455e-07 1.73641e-05 -5.22158e-08 -1.69944e-08 -4.05106e-08 -7.22351e-08 -1.52117e-06 -3.90161e-10 4.8655e-06 -3.64791e-06 -3.65812e-08 3.55019e-08 -7.10585e-07 -1.10757e-07 6.90782e-06 9.82149e-08 5.17787e-07 
1.10067e-05 0.000201727 -0.000947646 0.000402407 -3.42342e-06 -1.02888e-06 -1.74362e-05 -3.39769e-05 -2.09331e-06 -1.85269e-05 -0.00406888 -1.67162e-05 0.00291076 0.000826619 -8.85517e-05 0.0045561 -0.000414963 -1.07621e-06 0.0316607 9.00611e-05 0.00239913 -0.00086904 4.71172e-07 0.00160389 -0.00383926 -0.000286698 -2.37756e-06 -0.00241761 -0.00423055 0.00199277 0.000583535 -4.16801e-05 0.0011353 -0.00444969 -2.30274e-05 4.73025e-06 0.000446382 -2.03653e-05 -0.00273594 -0.000201402 0.00178565 -0.000362461 1.88612e-05 -1.78559e-05 0.00418502 -0.00104538 -0.000442598 0.000270854 -0.000210319 -2.92115e-06 3.50138e-06 0.000150615 0.00677171 -2.3608e-06 0.000123518 6.18148e-05 0.000827137 -0.00198068 -9.55792e-05 0.000151568 -0.00217003 -7.69087e-06 -0.000327593 -0.00197625 -0.000137051 -9.99633e-05 -0.000226514 -0.000318667 -1.33892e-05 -0.000349483 -1.87953e-05 1.41248e-06 -5.48583e-06 -0.00563451 -1.79296e-06 -3.26419e-05 -1.25653e-05 1.36824e-05 -0.00155071 -0.0037079 3.59015e-06 -0.00313907 -1.50509e-05 -0.00016021 -0.000465147 -1.6339e-06 -1.1789e-05 0.0001603 0.000721124 -0.0013005 2.35999e-06 0.00203141 -0.00991256 1.55372e-05 -4.39259e-05 -0.00294768 0.000739682 -0.00214238 -6.57333e-07 -0.00124114 
-6.12061e-05 -0.01619 -0.0106928 -0.000424819 -6.53912e-05 -3.00948e-05 7.74031e-06 -0.00198741 -0.000104698 -0.000388853 0.00258818 1.5091e-05 0.000834904 -0.00236757 -0.000478091 0.00905363 -0.000610818 -3.08759e-06 9.00611e-05 0.04077 -0.00311358 0.0028965 -1.50408e-05 0.00419342 0.0146549 -0.00164623 -5.57474e-06 0.00347295 0.0115307 -0.00381777 -0.00756148 -0.000752011 4.40299e-05 0.0236237 -9.5123e-06 -7.09914e-05 0.00522392 -0.000657261 0.00211587 -0.00131705 -0.00936596 -0.000670512 0.000963257 7.06637e-06 -0.0132293 -0.00612527 -0.0152434 5.81393e-07 -0.00288019 -5.71997e-05 -7.96243e-06 -0.000155193 -0.0085531 -4.08726e-06 -0.000120745 -0.000544277 -0.00231538 0.00350684 -0.00234005 -0.00195856 -0.0116777 0.00654545 0.00394636 -0.00377337 0.000597523 -0.000185836 0.0146198 -0.000854295 7.17946e-06 -0.0207464 -0.000132012 -0.000105936 -0.000534313 0.00479852 -0.00148538 -0.00110426 -1.22748e-05 9.27791e-06 -0.0115355 -0.0050247 -2.79903e-05 0.00184341 -0.000371516 -0.000381121 0.00207453 -0.000136898 -0.000415051 3.26639e-05 -0.000546851 0.00147823 -9.51763e-06 -0.000747915 0.013672 -6.63489e-05 -0.000696818 0.0026574 2.14991e-05 -0.00108101 -4.84772e-05 -0.000252825 
-3.46021e-06 0.00242359 0.00241557 0.000773284 5.41284e-06 1.01542e-05 -1.20955e-05 0.000139363 0.00010233 -3.964e-05 0.00139181 -2.02522e-05 0.00483169 0.000379334 -9.43646e-05 0.00404215 -0.000525841 -1.28511e-06 0.00239913 -0.00311358 0.0351227 0.000890702 4.17423e-06 -0.00323803 -0.00971431 -0.000210164 1.89919e-07 -0.00812019 -0.00795117 -0.00181737 0.000438681 0.000195532 -0.000336034 -0.0113996 -2.77169e-05 -5.58988e-06 -0.0134169 0.000384694 0.00415651 -0.000450051 -0.00157447 -0.000561211 -0.000841729 -4.7172e-05 0.00784467 0.00173974 0.00229788 6.33387e-05 0.000208471 -2.20864e-06 3.08917e-06 0.00068008 -0.00655806 4.82061e-07 6.19872e-05 9.84883e-06 -0.00062993 0.00420569 2.38837e-06 0.000498546 -0.000346726 -0.0146863 -0.000742911 -0.00196356 0.000849961 -1.86485e-05 -0.0174364 -2.88814e-05 -7.63135e-06 0.00417572 -4.9272e-05 3.3024e-05 0.000154693 -0.00609775 0.000303155 0.000191405 -1.41036e-05 1.98143e-05 0.00384536 0.00966795 1.47063e-05 0.00215161 -8.52805e-07 -0.000809277 -0.00230152 -3.76758e-05 0.000323307 9.84042e-05 0.000892204 0.000201429 4.58549e-06 0.00332434 0.00964996 5.6178e-05 0.000312303 -0.00169188 0.000779298 0.00334436 1.48099e-05 -0.00118594 
-5.42249e-05 -0.00250292 -0.00571676 -0.000313733 -9.39927e-05 -1.67222e-05 -0.000535491 -0.00034372 -6.70024e-05 -0.00139949 0.00194525 -0.000340719 0.000520676 -0.000542887 -0.000335752 0.0040854 -0.0042244 -3.17043e-06 -0.00086904 0.0028965 0.000890702 0.0460825 -2.13295e-06 0.0140239 0.00630608 -0.000306998 -2.42332e-05 -0.00648292 0.0184517 -0.00554478 -0.00186262 -7.9397e-05 -0.00662634 -0.0028639 -0.000135716 -0.000246316 0.00199508 -5.74466e-05 0.00399078 -0.00942921 -0.00209627 0.000185199 -0.00189973 4.55148e-05 -0.00457904 -0.00249383 -0.00215454 -0.000209557 -0.000413694 -1.72114e-05 -1.16623e-05 8.03024e-05 -0.0185884 -8.07052e-06 -1.98136e-05 -0.000791939 -0.023157 0.00673674 -0.000107046 -0.00216171 -0.00854101 -0.00329017 0.00513388 -0.00345817 -0.00148429 -0.00187841 -0.00700057 -0.00398029 -0.000259248 -0.000283397 -0.00101425 -2.02679e-06 -0.000354193 0.00255726 1.04615e-05 -0.00014317 -2.50432e-05 -1.22834e-05 0.000248776 0.00755962 -0.00022353 0.00235102 -0.000338973 0.000174743 -0.0038499 1.79247e-05 -0.000154056 1.74239e-05 -0.000119076 0.00168801 -1.95296e-06 0.000528293 0.0128232 -0.000283629 -0.000187404 0.00520662 -0.00157923 -0.000188753 -4.25368e-05 0.00187347 
-1.96357e-08 7.48723e-06 3.20896e-05 -8.99307e-08 -1.39899e-08 2.15276e-06 -6.03374e-08 1.15319e-06 5.87985e-07 -1.37197e-07 2.75862e-05 -4.17446e-08 -2.67995e-06 1.13629e-05 -6.12571e-07 6.62381e-06 2.08872e-06 -3.13069e-09 4.71172e-07 -1.50408e-05 4.17423e-06 -2.13295e-06 8.87921e-05 -3.24255e-05 -2.81389e-06 -1.01707e-06 -1.24488e-08 -2.11147e-05 -2.07453e-05 -4.66527e-06 -1.24783e-06 -1.18562e-07 -1.66119e-06 3.79184e-07 -7.45594e-08 -7.84726e-08 -4.24827e-05 3.93551e-06 7.84328e-06 1.65469e-07 2.78235e-06 1.73884e-06 -2.15922e-06 3.13421e-07 2.28417e-05 -2.11915e-06 1.20838e-05 7.90931e-06 3.24224e-06 -7.92491e-09 -1.35272e-09 1.22333e-06 -1.62374e-05 6.11839e-07 -3.06991e-08 -1.33949e-07 -3.26205e-06 -8.93455e-06 8.9842e-06 -6.59482e-07 -1.09398e-05 -2.90262e-05 -5.67129e-06 -5.38021e-06 -1.25338e-06 1.29619e-06 -1.20024e-05 -1.0583e-06 2.56019e-07 2.53284e-05 2.24208e-07 -1.43146e-08 1.02182e-06 -1.63943e-05 5.50284e-07 7.77582e-07 -4.15041e-08 -2.33791e-08 1.48408e-05 1.76116e-05 1.42922e-08 -1.00799e-05 -4.11637e-08 -2.0363e-06 -5.86796e-06 3.92404e-06 4.32386e-06 4.04241e-06 -1.81942e-07 -3.94339e-06 2.32351e-07 1.70678e-06 -3.34288e-05 5.70786e-06 3.34866e-06 -1.00472e-06 -2.78968e-07 -1.45419e-06 5.06615e-07 -2.13801e-05 
-2.18538e-05 -0.0507324 -0.0064903 -0.000557987 -9.50333e-05 -2.62192e-05 -0.000113611 -0.00114996 -5.01004e-05 -0.0011911 -0.00542574 5.22349e-05 0.00477555 -0.00457565 -0.00272819 0.0136272 0.00208647 -1.15184e-06 0.00160389 0.00419342 -0.00323803 0.0140239 -3.24255e-05 0.138363 0.0465802 -0.00154976 5.50996e-06 -0.00424079 0.0495067 -0.00127411 0.00171655 -0.000554937 -0.00163037 -0.0215699 -4.37795e-06 -0.000479146 0.00572475 -3.04025e-06 0.00462338 -0.00991019 -0.00194852 0.00208128 0.00132462 0.000234886 -0.0154259 -0.000704553 -0.00882965 0.000618369 -0.00491327 6.83712e-06 -1.19287e-05 -0.00076286 -0.0435483 -9.24765e-06 -5.10871e-05 -0.000475627 -0.0454746 0.0148985 -0.00146065 -0.00384055 -0.0494055 0.00682335 0.000343132 0.0076288 0.00336347 -0.000945893 -0.0045281 0.00164374 6.64896e-05 -0.00959322 -0.000327619 -0.000112883 0.000127248 0.0193754 -0.000899973 -0.00161037 6.26337e-06 -3.84055e-05 -0.0150384 -0.00993724 -3.48641e-05 0.00888174 -0.000378417 0.000445964 -0.00773912 -0.000121144 -0.00021093 -7.42906e-06 -0.000312053 0.00381648 -5.44205e-06 0.000172188 -0.0196759 -0.000314095 -0.000128489 0.0090015 -0.00184222 0.000742338 -3.02454e-05 -0.000144557 
-6.21194e-05 -0.0927058 -0.0194112 -0.000377867 -6.00432e-05 -1.2288e-05 0.000313408 -0.000936869 6.31092e-05 -0.000580257 0.0415892 0.000326126 -0.00133944 -0.00905343 -0.00219137 0.0552091 0.00887552 -5.59957e-07 -0.00383926 0.0146549 -0.00971431 0.00630608 -2.81389e-06 0.0465802 0.238102 -0.00182684 -3.47252e-05 -0.0480789 0.0368552 -0.0156101 -0.00287563 -0.000445853 -0.00185412 -0.0250322 0.000191858 -0.000312725 -0.0221118 -0.000285466 0.0321365 -0.00411638 -0.014553 0.00729288 0.00471538 0.000206953 -0.0257288 -0.0055895 -0.00810481 0.00611708 0.000704593 -1.60654e-05 -3.66616e-06 -0.000452581 -0.0723658 6.00993e-05 -4.01461e-05 -0.00017848 -0.0342437 0.0243091 -0.00108102 -0.0028828 -0.0912805 -0.0189129 -0.000607453 0.0141943 0.00988309 0.000811499 -0.00677255 0.00544077 0.000283607 -0.0208901 5.88435e-05 -6.06833e-05 -0.000171404 0.0230732 -0.000536955 -0.000758548 3.49873e-05 1.06344e-05 -0.0034395 0.0232316 0.000174192 0.0323716 -0.00016387 -0.00521933 0.00065908 0.000767718 -0.000188038 0.000555586 -0.000359527 0.00135283 -4.22621e-06 0.00138947 -0.0464849 0.000214335 -0.000335804 0.00568927 -0.000878673 -0.0125625 -1.97937e-05 -0.00704604 
-2.53263e-06 0.00348172 -0.000483406 -1.05883e-05 1.39556e-06 -3.48912e-07 -7.78219e-06 3.24433e-05 -2.15737e-07 -1.34959e-05 -0.00334212 -4.38407e-06 0.00163969 -0.000215401 3.55564e-05 -0.00198204 0.000651597 -1.9269e-07 -0.000286698 -0.00164623 -0.000210164 -0.000306998 -1.01707e-06 -0.00154976 -0.00182684 0.0113224 -1.1501e-06 0.00187789 0.000717986 0.000719829 0.000189643 -1.19367e-05 -0.000278411 -0.00408962 5.72767e-06 1.28229e-05 -6.14396e-05 0.000395905 -0.000987015 -0.000143666 0.00156697 0.00104879 0.000417855 2.28568e-05 -0.000284551 7.02646e-05 0.000108989 -0.000158973 0.000101399 1.83112e-05 -1.74476e-07 -1.91954e-05 0.00165122 -1.3393e-06 1.15959e-05 -1.24102e-05 0.000123271 -0.00109874 -3.46112e-05 -7.76053e-05 0.000765885 0.00155851 -0.0044321 0.00070596 0.000683587 0.000132626 -0.00431902 0.00281875 7.64954e-06 -0.000155621 -8.98541e-06 1.45369e-06 2.27402e-05 -0.00192237 -2.67316e-05 -2.11773e-05 1.34073e-08 -2.35991e-06 0.00177693 -0.00174271 0.000124989 -0.00127779 -3.76491e-06 -0.000101244 0.00010969 -1.68412e-05 6.17901e-06 -5.13854e-06 -5.81161e-06 -0.000330968 -1.26753e-07 -0.000125849 -9.73536e-05 -9.32864e-06 2.2613e-05 -0.000110424 -3.17706e-05 -0.000690483 -3.24376e-07 -0.000374306 
3.24557e-07 -3.82106e-05 -4.56538e-06 -1.08641e-07 -2.2086e-08 -4.4066e-09 -1.12796e-07 -1.22981e-07 1.28409e-07 5.94518e-07 2.78441e-05 -8.34435e-08 -3.63542e-06 -2.76961e-06 4.88487e-07 -9.47413e-06 -2.70639e-07 -4.94244e-09 -2.37756e-06 -5.57474e-06 1.89919e-07 -2.42332e-05 -1.24488e-08 5.50996e-06 -3.47252e-05 -1.1501e-06 0.000140169 -6.71756e-05 -4.02842e-06 2.50876e-05 -1.66995e-06 6.90604e-07 2.37116e-05 9.61174e-06 -1.17707e-07 -1.23885e-07 1.24434e-05 7.39134e-07 -1.01776e-05 -1.0326e-06 -4.50084e-07 -1.22598e-06 -1.22677e-06 -6.59006e-08 1.2129e-05 -1.16341e-06 -1.79297e-06 -2.10659e-06 -1.00852e-06 -1.25111e-08 -2.13554e-09 -2.59573e-07 -1.23565e-05 -1.63928e-08 -4.84649e-08 3.32979e-07 -7.46015e-06 1.33382e-05 9.38273e-07 -9.52238e-07 -7.89483e-05 2.17051e-06 -2.81283e-05 -6.08841e-06 -1.89605e-06 1.67711e-06 -3.21887e-05 1.17161e-08 -6.94324e-08 -1.59692e-06 3.14645e-06 -2.25984e-08 -2.35096e-07 -1.11706e-05 -3.41604e-07 2.57047e-07 -6.55227e-08 -3.69086e-08 2.33099e-05 4.7196e-05 6.68191e-07 6.70749e-05 4.35015e-07 -2.98138e-06 2.89066e-06 -1.52074e-07 -6.75757e-08 -1.61085e-07 -2.05663e-08 -4.51433e-06 -1.55142e-09 8.88896e-07 -1.40675e-05 -1.4546e-07 -2.23134e-07 -2.78891e-05 1.52263e-05 1.17518e-05 -7.09823e-09 1.97535e-06 
-0.000126857 0.0517725 -0.0128483 -0.000388522 1.60501e-06 -2.2287e-05 -0.000205096 -0.000447696 -0.000124704 0.000370375 -0.0718344 -0.000323532 0.00635144 0.00150377 -0.00244316 -0.0579898 -0.00745579 -7.50726e-06 -0.00241761 0.00347295 -0.00812019 -0.00648292 -2.11147e-05 -0.00424079 -0.0480789 0.00187789 -6.71756e-05 0.20269 0.0334002 0.00758152 -0.000320453 -0.000887941 0.00334085 0.0724917 -0.000117399 -6.6262e-05 0.0989862 -0.000131474 -0.0665486 0.00329464 0.00862239 -0.00258997 -0.00269953 -0.00102263 -0.0241577 -0.00192907 -0.00539956 -0.00392969 -0.00382885 -6.28918e-06 -9.69671e-06 -0.00254996 0.0278313 -8.30562e-05 -6.12506e-05 -0.00018558 0.0200053 -0.0845997 -0.00192302 -0.0034065 0.0903191 0.102135 -0.00315195 -0.0279058 -0.0137583 -0.00239612 0.0990331 -0.00140367 -0.000324455 -0.0252654 -6.65174e-05 -0.000108507 -0.000819028 -0.0211008 -0.00144548 -0.00145866 -5.03109e-05 -0.000184748 -0.0386676 -0.103115 -0.000166543 -0.0848635 -0.000153083 0.00594855 -0.0177938 -0.000956489 -1.71073e-05 -0.000763912 -0.000737858 -0.0314616 -3.40709e-06 -0.0110804 -0.0343732 -0.000617187 -0.000739208 0.00252022 -0.000696965 0.00164508 -2.10854e-05 0.0105714 
-0.000147536 -0.00471228 -0.031185 -0.000504247 -9.76358e-05 -2.60335e-05 -0.000460335 -0.00157297 -0.000260405 -0.00116386 0.0184306 -0.000420271 0.00406166 -0.00344564 -0.0039641 0.0170857 -0.00578871 2.14535e-06 -0.00423055 0.0115307 -0.00795117 0.0184517 -2.07453e-05 0.0495067 0.0368552 0.000717986 -4.02842e-06 0.0334002 0.142277 -0.00472103 -0.000103937 -0.000941593 0.00038289 0.00468844 -7.65949e-05 -0.000628069 0.0296955 -0.000106003 -0.00250586 -0.010766 0.00265423 0.00275715 -0.00702731 -0.000548672 -0.032583 -0.00276451 -0.0143259 0.000643822 -0.00350995 -2.66023e-05 -9.94977e-06 0.000378657 -0.0549459 -2.61901e-05 -4.83445e-05 -0.000613737 -0.0361565 0.000679169 -0.0022351 -0.00538313 -0.0354716 0.0286222 0.000884953 -0.000120744 -0.00508644 -0.00305118 0.0128029 -0.00166277 -0.000251784 -0.0353893 -1.49052e-06 -0.000122163 -0.000553431 0.00198622 -0.00121502 -0.00170141 -4.6418e-06 -2.35389e-05 -0.0273095 -0.0200255 -0.000220696 -0.023111 -0.000361923 -0.00117972 -0.0185209 -0.000176705 -0.000356204 -0.000121829 -0.000190069 0.0035474 -4.01e-06 0.000871153 -0.00313144 -0.000700076 -0.00102825 0.00583544 -0.00105021 -0.00121729 -3.95129e-05 0.000660781 
2.3959e-05 -0.00623554 -0.00332068 9.38035e-05 -5.70017e-06 -4.33512e-07 3.2683e-05 0.000185971 -1.17325e-05 0.00122904 -0.0140924 -4.46671e-06 -0.00139244 -0.00126095 -0.000170738 -0.0100034 -0.000903672 9.71164e-07 0.00199277 -0.00381777 -0.00181737 -0.00554478 -4.66527e-06 -0.00127411 -0.0156101 0.000719829 2.50876e-05 0.00758152 -0.00472103 0.0536768 0.00295486 -5.24032e-05 0.00352962 -0.00284336 -1.2111e-05 0.000131581 0.00889708 3.35666e-05 -0.00536492 0.00104445 -0.000389388 0.000279281 -3.86556e-05 0.000319456 0.00355226 -0.000608384 0.000208186 -0.000820304 -0.000268734 4.19832e-06 9.21865e-07 -0.000192007 0.0186167 -6.65541e-06 1.19583e-09 0.000836168 0.00378391 -0.00792372 -0.00017196 2.04168e-05 0.0112065 0.00789168 -0.00510048 -0.00307017 -0.00125371 -0.00020509 0.0125173 -0.000501649 -2.61782e-05 0.0053328 0.000561747 -5.51934e-06 2.00405e-05 -0.000409368 -3.68904e-05 -8.31159e-05 -7.02425e-06 -1.08848e-05 -0.00329435 -0.0101845 -2.57699e-05 -0.00687873 0.000192138 0.000112071 -0.00127232 -5.48301e-05 -2.60133e-05 -5.43666e-05 -4.8449e-05 -0.00252617 -6.29873e-07 -0.000851456 -0.0158069 8.09925e-06 5.24638e-05 -0.00407355 0.000918485 -0.00409008 -1.37415e-07 0.000194406 
4.94832e-06 0.000842512 -0.000462438 0.000161069 -1.32494e-06 -4.41704e-07 4.24603e-05 0.000191087 1.77946e-06 3.76893e-05 0.000460699 1.69581e-05 0.000119002 0.00118302 -9.62026e-05 -0.00163999 0.000187382 1.49347e-06 0.000583535 -0.00756148 0.000438681 -0.00186262 -1.24783e-06 0.00171655 -0.00287563 0.000189643 -1.66995e-06 -0.000320453 -0.000103937 0.00295486 0.0138546 0.000180227 -0.000255013 -0.00635015 -1.00208e-05 1.13155e-05 -7.68619e-05 0.000250206 -0.000882259 5.31365e-05 0.00146853 0.00011783 -0.000256909 -1.59335e-05 0.0020924 0.00139811 0.00119672 0.000667709 -0.000122772 1.00148e-06 -2.1406e-07 0.000139399 -0.000478699 1.63346e-05 5.39531e-05 0.000253726 0.00113589 -0.00178936 1.82702e-05 0.000155185 0.00158965 0.000141873 -0.00164497 0.00317346 8.13617e-05 -3.66341e-05 -0.00332643 0.000107238 4.04181e-05 0.00250906 6.79985e-05 3.74591e-06 0.000324799 -0.0011872 -2.15858e-05 -1.4866e-05 -3.42335e-06 -7.73834e-08 -0.000312541 -0.0019533 -4.55192e-06 -0.00167901 1.51083e-05 -0.000142866 -9.9609e-05 0.000142432 7.05486e-05 3.93645e-05 0.000294575 -0.000588218 1.28893e-06 0.00157819 -0.00576134 -1.9157e-07 2.23702e-05 -0.00039554 -2.99118e-05 0.00105071 1.20774e-05 -0.00109634 
-8.41215e-08 -2.26867e-05 0.000561132 0.00011107 1.84563e-05 7.4692e-07 2.84796e-06 0.000227189 2.24959e-05 -1.57394e-06 0.000170215 -3.39159e-07 -4.32535e-05 -3.25726e-05 -4.45478e-06 -0.000299238 -1.37039e-05 -4.70717e-08 -4.16801e-05 -0.000752011 0.000195532 -7.9397e-05 -1.18562e-07 -0.000554937 -0.000445853 -1.19367e-05 6.90604e-07 -0.000887941 -0.000941593 -5.24032e-05 0.000180227 0.00133337 -3.46672e-05 -0.000738805 2.01181e-07 2.40901e-06 -0.000788681 5.23732e-05 0.000114449 -1.74484e-05 -6.9247e-05 1.08775e-05 -2.67943e-05 8.6173e-06 0.0008215 0.000262427 0.000522146 0.000123157 0.000127257 3.06701e-09 -2.03389e-08 3.19706e-05 -0.000109816 4.66098e-07 2.22606e-05 2.35267e-06 -0.000136863 0.000170225 0.000154576 2.52177e-05 0.0002665 -0.000974821 -8.2327e-05 -3.41626e-05 3.54688e-05 6.26343e-06 -0.000878572 -6.21251e-06 4.20539e-06 0.00106824 1.70211e-06 1.23848e-05 4.88459e-07 -0.000207531 7.93132e-05 1.92368e-06 -6.24037e-07 -3.51517e-07 0.000838675 0.000811152 -1.64862e-07 2.61736e-05 7.58859e-07 -3.0539e-05 7.68777e-05 1.02781e-05 8.24675e-05 -1.0675e-06 0.000132709 -4.55798e-05 4.4078e-07 0.000431331 -0.000314228 1.82813e-05 2.36463e-05 -0.000318353 -3.09444e-06 -4.09476e-05 3.47684e-06 -0.000162478 
