0.0176495 -0.000752686 5.18531e-05 -4.31061e-05 0.000331607 0.000258512 -0.00573967 -7.62126e-07 -1.77399e-06 0.000791019 0.00194107 0.000246351 -0.000307074 -0.000102739 -0.00243763 3.09252e-05 0.00110029 0.00645853 0.00393124 -0.00796586 -0.0067071 0.0001112 1.45029e-05 -0.00878828 0.00923988 0.0121844 -0.000823304 0.00846028 -0.00151984 -6.99209e-06 -0.00912198 -0.00180731 0.00552682 0.000218861 0.00505589 5.21253e-05 -1.23728e-06 0.000148003 0.000137058 0.000291386 -1.81951e-05 -1.2715e-05 0.0099258 0.000800756 -7.54824e-06 -0.000221285 -0.00010138 -0.00259663 -2.61066e-06 2.47394e-05 -7.63925e-05 -7.8626e-05 0.000173212 4.60474e-06 0.000630671 -0.00941366 0.000520034 -0.000114331 1.69833e-06 -0.000494611 -0.00743812 -0.00117141 0.00802422 -0.000232806 -1.2335e-05 -0.00047879 -0.000395978 -0.00964419 0.0008125 -0.00222535 0.00344027 0.000184633 -0.00153928 -2.40968e-05 0.00337309 -0.00908894 -1.21718e-05 0.00469969 -0.00884049 -0.00275714 -0.00018836 -0.0101567 0.00416283 -0.000163876 0.00720241 -0.00113546 -0.00939689 0.00748546 0.000841525 -0.00613976 -0.00491016 0.00984569 1.51624e-05 0.00800445 5.52706e-05 -2.6199e-05 -0.00930306 -2.01317e-05 0.000117341 -1.04242e-05 
-0.000752686 0.047282 -4.18124e-05 -0.000190682 -3.96347e-05 -9.84628e-05 0.0156397 -2.64622e-06 -8.24516e-07 -0.000848317 0.000112787 -0.000133241 -0.000784915 -0.000302239 -0.0145457 -4.70023e-05 -0.000108681 -0.00630544 -0.00067818 0.00654919 0.000221015 -0.000167957 -3.63624e-06 0.0162864 -0.0169003 -0.00967656 -0.0043956 -0.00421728 -0.0030098 -8.35478e-05 0.011941 -0.00452152 -0.000856732 3.30866e-05 -0.00503655 -0.000263827 -2.08743e-06 -0.000256349 -0.00022154 -0.000299109 0.000357412 -1.11551e-05 -0.0113098 -0.000350423 -1.01043e-05 0.0018186 -0.000282076 -0.00829667 -2.70904e-06 -2.88553e-05 0.000651356 -0.000276661 -5.69613e-05 4.16546e-07 -0.00011661 0.0114989 -0.000126321 -0.000432557 -2.29601e-05 -0.00115887 0.00753705 -0.00409115 -0.0145043 0.00125854 -4.29451e-05 -0.00590453 0.000742268 0.015543 1.43287e-05 -0.00624601 -0.00224057 -1.3592e-06 0.00604826 2.61687e-05 -0.000698109 0.0178635 -2.95552e-05 -0.000125005 0.00247811 -0.00431359 0.000784846 0.00964842 -0.0118094 -0.000568149 -0.0128905 0.000487373 0.0020951 -0.00723957 -0.0139945 0.0130874 0.00613446 -0.0084551 -1.7382e-05 -0.0146803 -5.15197e-05 -0.00109496 0.0091203 0.000871075 0.000109014 3.28929e-05 
5.18531e-05 -4.18124e-05 0.0011407 4.75184e-05 5.67187e-06 0.000132762 5.37535e-06 1.02579e-06 -2.43335e-07 -8.14175e-06 0.000218844 0.000117188 1.29095e-05 -7.14797e-06 0.000264557 6.5739e-06 7.97971e-05 0.000248392 6.55022e-05 -0.000457693 -0.000276025 1.17728e-05 3.724e-06 -0.000405365 0.000236893 0.000644136 -9.41101e-05 0.000457375 6.44718e-06 0.000104769 -0.000695685 -0.000100813 0.000131361 4.54163e-06 5.66867e-05 0.000228491 5.47099e-07 1.14322e-06 0.00043229 3.31134e-06 -1.19039e-06 -6.05577e-07 1.60364e-05 -2.73157e-06 -2.59706e-07 -2.32982e-05 -6.9441e-06 -0.000139779 -1.68408e-07 7.36305e-06 4.18333e-07 0.000128729 -7.76456e-06 3.22963e-06 0.000116498 -0.000515801 2.63952e-05 -8.69267e-06 3.67541e-06 6.35561e-05 -0.000524081 -0.000100533 0.000318062 -4.30532e-05 1.64109e-05 -0.000114812 -5.01995e-05 -0.000651691 3.62864e-06 -0.000170061 0.000514066 3.55296e-06 -0.00017338 1.0662e-05 0.000308469 -0.000595517 1.29152e-05 0.00015346 -0.000812171 -0.00016836 -1.76663e-05 -0.000676469 -8.51288e-05 6.96303e-05 0.000649824 -0.000106136 -0.000557341 0.000140041 3.59668e-05 -6.6751e-05 2.53547e-05 0.000188735 -2.68663e-07 0.000422382 -1.45556e-06 0.00029792 -0.000582431 -5.27138e-07 3.20769e-05 1.09195e-06 
-4.31061e-05 -0.000190682 4.75184e-05 0.00469026 2.87353e-05 0.000356937 -7.48922e-05 1.46132e-05 -5.819e-07 -8.93798e-05 0.000408228 0.000415041 0.000262221 -3.57015e-05 -0.00152817 -4.10414e-06 -7.97233e-06 -0.000477399 -5.7041e-05 -8.90809e-05 -0.00182971 0.000233267 2.61191e-06 0.000496952 -0.00168274 -0.000233161 0.000111387 0.000755584 -0.00124601 1.81152e-05 -0.000172502 -0.000599382 0.000706202 -2.29652e-05 -0.000287987 0.00109512 4.07288e-05 -1.9608e-05 0.000676716 3.43389e-06 -5.87498e-06 -2.99945e-06 -0.000880679 -1.72228e-05 6.21027e-07 -4.80437e-05 2.99713e-05 -0.000795216 1.96411e-05 -6.47732e-08 -5.61882e-05 0.000141127 -2.71845e-05 1.5206e-06 8.95435e-06 -0.000802365 0.00019709 7.43231e-05 -2.66909e-06 0.0012008 -0.000713465 0.000677394 -0.00157357 -6.82064e-05 7.30991e-06 -0.000739107 -7.46204e-05 -0.00026414 0.000345296 0.00127403 0.000718381 -6.31531e-06 -0.000219188 4.00833e-06 0.000795313 0.000466937 1.30913e-05 -0.000146601 -0.00072567 0.00136976 7.33575e-05 0.000145061 -0.00109539 -7.822e-05 -0.000668532 0.000342027 -0.00120599 -0.000651969 -0.000330854 0.000306494 -0.000461211 0.000715417 -1.65884e-06 8.76264e-05 3.46031e-06 4.41544e-07 0.000732906 1.97932e-05 0.0002135 6.08178e-06 
0.000331607 -3.96347e-05 5.67187e-06 2.87353e-05 0.000821779 5.20453e-06 -0.000252604 -6.94518e-08 -1.75247e-07 9.22819e-05 4.05318e-05 3.08177e-05 -1.14997e-05 -5.79744e-06 0.000109709 -1.30989e-06 7.17952e-06 9.75576e-05 0.000172732 -0.000376827 -0.000380539 -6.54805e-06 6.56017e-08 -0.000510738 0.000385111 0.000533253 -6.77327e-05 0.000393225 0.000101865 6.5698e-06 -0.000582684 -9.32608e-05 0.00016821 1.08264e-05 0.000246308 5.28635e-06 -4.16667e-08 2.49343e-06 1.85738e-05 2.55614e-05 -1.02535e-06 6.26336e-06 0.00041524 -2.12014e-06 2.11585e-07 -1.61819e-05 -4.9162e-06 -4.12656e-05 -1.69298e-07 1.57502e-06 -4.50869e-06 -5.33259e-06 -6.73437e-06 -1.14696e-07 0.00012717 -0.000414951 6.67693e-05 1.79666e-06 -1.76941e-07 -1.38436e-05 -0.000329173 -5.09294e-05 0.000430447 -2.91619e-05 1.05116e-05 8.40054e-06 -4.62456e-05 -0.000493248 2.1993e-05 -0.000120795 0.000299778 6.06484e-06 -4.01888e-05 3.62285e-06 3.53406e-05 -0.000470049 2.11248e-06 9.70747e-05 -0.000639314 -0.000126699 -2.19961e-06 -0.000491387 0.000284641 4.89926e-05 0.000370534 -3.68087e-05 -0.000459857 0.000409299 0.000186779 -0.000358863 -0.000212812 0.000456059 2.33271e-06 0.000190042 -7.04967e-08 2.79015e-05 -0.000414407 -2.03745e-06 1.31559e-05 -2.17118e-07 
0.000258512 -9.84628e-05 0.000132762 0.000356937 5.20453e-06 0.00283694 0.000451616 1.72642e-06 -6.06213e-07 -1.69099e-05 -1.01365e-05 0.000230685 0.000130202 -1.38876e-05 7.00285e-05 7.44911e-06 -5.13487e-07 0.000341899 0.000153567 -0.00109363 -0.00142613 2.66752e-05 1.59991e-05 -0.00170272 0.000107479 0.00146907 -0.000243673 0.00169459 -0.000243939 0.000101061 -0.0020465 -0.000419917 0.00114356 -3.60693e-06 0.000374469 0.00118079 1.83021e-05 1.61602e-05 0.0011114 3.88228e-05 -2.82465e-06 3.48333e-06 -5.33959e-05 5.79733e-05 -8.28296e-07 -5.73826e-05 -1.17039e-05 -0.00032714 5.30325e-06 9.29272e-06 -3.14591e-05 5.43879e-06 -2.54693e-05 1.91255e-05 0.000205617 -0.00137638 7.99032e-05 2.11196e-05 -1.60028e-06 0.000703937 -0.0013507 -0.000248143 0.000292722 -0.000109552 3.88937e-05 -0.000433709 -0.000151328 -0.00173878 0.000348427 -0.0004664 0.00200404 5.46226e-06 -0.000460522 2.23905e-05 0.00152786 -0.00161195 -6.50264e-07 0.00018926 -0.00206152 -0.000375272 -4.06729e-05 -0.00173481 -0.000548286 0.000628825 0.00166254 -0.000245486 -0.00164621 0.000687589 -0.000613205 0.000185103 0.000407271 0.00113924 4.88741e-06 0.0010653 -8.8174e-07 0.000753711 -0.00142321 -6.18002e-06 0.000127321 -1.67702e-06 
-0.00573967 0.0156397 5.37535e-06 -7.48922e-05 -0.000252604 0.000451616 0.223849 1.5989e-05 -2.74372e-05 -0.00668376 -0.000925645 0.00144128 0.00566465 -0.00295386 -0.111406 4.47642e-05 -0.000806221 -0.0447519 0.000400212 0.0990637 -0.00426938 0.0027683 -0.000117888 0.102583 -0.142167 -0.0592679 -0.0322299 -0.0208248 -0.0784478 -0.000585338 0.0749555 -0.0488221 -0.000256565 -0.00169509 -0.0346787 0.00234135 4.56924e-05 -0.001225 0.00195997 -0.00106127 0.000121538 -4.14439e-05 -0.0745294 -0.00244919 3.64832e-05 -0.00307862 -0.00183948 -0.0584453 8.13431e-05 -0.000241724 -0.00169094 -0.00176701 -0.00135991 4.12461e-05 -0.000866881 0.0989998 -0.000615688 -0.0020007 -0.000177247 -0.00179055 0.102243 -0.02811 -0.127844 -0.00976351 -0.000184263 -0.0567302 -0.00790223 0.108117 0.00246427 -0.0425982 -0.0130261 -0.000380748 0.00448559 -0.00130473 0.000838875 0.124919 -0.000272085 -0.00310441 0.0138542 -0.00811696 0.0057887 0.0965171 -0.0815759 -0.00715869 -0.0912262 -0.030758 0.106791 -0.0642075 -0.173834 0.156117 0.174999 -0.0542185 -0.000112659 -0.0878345 -0.000239315 -0.00535493 0.118604 -0.000482563 0.000353353 -9.7822e-05 
-7.62126e-07 -2.64622e-06 1.02579e-06 1.46132e-05 -6.94518e-08 1.72642e-06 1.5989e-05 8.44373e-05 -1.79932e-08 -1.0416e-06 1.20447e-06 1.04115e-05 -1.95171e-06 -6.35909e-07 -2.28487e-05 -7.98264e-08 -2.30266e-07 -5.34288e-06 4.6478e-07 -1.67482e-05 -1.29288e-05 9.03731e-07 -4.91645e-08 5.39741e-06 -2.64943e-05 -1.08895e-05 -4.69045e-06 1.10145e-05 -2.17549e-05 -1.9704e-07 -1.69068e-06 1.30142e-06 1.89063e-05 4.7258e-06 -6.16683e-06 1.87676e-05 4.92449e-06 -3.33389e-07 1.00938e-05 2.35698e-06 -1.05276e-07 -7.10703e-08 -1.62507e-05 -2.80901e-07 -3.64575e-08 -1.60172e-06 -2.35269e-07 -1.3899e-05 -1.73824e-08 -6.18875e-08 8.35635e-06 2.86092e-06 8.93947e-06 -1.17762e-08 -2.24412e-07 -2.83384e-05 1.20004e-06 -7.07994e-07 -4.78284e-08 1.90915e-05 5.08152e-06 -7.04353e-06 -2.95498e-05 -1.43268e-06 2.08789e-07 -1.18068e-05 5.59302e-07 3.67077e-06 1.31463e-06 2.59443e-05 1.44866e-05 -1.58761e-07 7.2517e-06 1.11878e-06 1.61649e-05 5.09211e-06 4.12001e-07 -1.10131e-06 -1.45082e-05 -6.6982e-06 3.26042e-06 3.23091e-06 -1.66282e-05 5.02655e-07 -1.78815e-05 -7.68543e-06 5.49872e-06 -1.47889e-05 -3.92819e-05 2.60117e-05 -6.33702e-06 -1.18673e-06 -2.97254e-08 -1.75706e-06 -8.54079e-08 3.28817e-07 6.63703e-06 -1.8186e-07 1.70842e-06 4.06133e-07 
-1.77399e-06 -8.24516e-07 -2.43335e-07 -5.819e-07 -1.75247e-07 -6.06213e-07 -2.74372e-05 -1.79932e-08 0.000213032 -4.39456e-06 2.82289e-05 -6.71879e-07 7.12359e-07 2.22513e-06 -5.02733e-05 -4.25718e-07 -1.47694e-07 -2.15874e-05 -3.43195e-06 -2.31143e-05 -2.05244e-05 1.45987e-05 -1.24056e-07 6.81516e-05 -6.09334e-05 -4.00394e-05 2.43709e-07 -1.61707e-05 -3.75592e-05 5.69478e-07 4.53378e-05 -4.35654e-06 -3.685e-06 3.02432e-07 -2.18635e-05 -1.17513e-06 -2.23092e-08 -1.00042e-06 -9.97043e-07 6.26078e-08 -2.65642e-07 -1.79331e-07 -4.58653e-05 -1.30804e-06 -9.19928e-08 1.5377e-05 8.78851e-06 -3.594e-05 -4.38609e-08 -1.5616e-07 1.2211e-06 2.60506e-08 7.96829e-06 -2.97149e-08 -5.66257e-07 -3.7092e-05 -5.60641e-07 3.01779e-06 -1.20685e-07 1.91725e-05 1.70269e-05 3.69354e-06 -4.83991e-05 3.20187e-05 5.35874e-06 -1.45316e-05 9.49456e-06 4.87071e-05 1.6568e-06 6.79693e-05 -1.00844e-05 -1.67267e-07 6.47919e-06 -6.66703e-07 -3.14443e-06 5.65222e-05 6.83249e-07 -1.19685e-05 1.24063e-05 8.57919e-05 -1.1304e-06 6.16004e-05 -4.97546e-05 -2.9537e-06 -6.20912e-05 -4.74851e-06 4.53265e-05 -4.06965e-05 -5.84131e-05 -2.7986e-05 -3.1984e-05 -5.12125e-05 -7.50057e-08 -6.04249e-05 -2.71582e-07 -4.42942e-06 5.53464e-05 7.07341e-06 -3.71262e-07 5.69118e-06 
0.000791019 -0.000848317 -8.14175e-06 -8.93798e-05 9.22819e-05 -1.69099e-05 -0.00668376 -1.0416e-06 -4.39456e-06 0.0201989 -0.00033468 -4.87325e-05 -6.75582e-05 -0.000189847 0.00885606 -3.44061e-05 2.5939e-05 0.0028258 5.93319e-05 -0.00907158 0.00143227 -0.000109386 -7.80765e-06 -0.0125475 0.0107438 0.00792088 -0.00179297 0.000282065 0.00280842 3.26428e-05 -0.01326 -0.00188865 -0.000117779 -0.000126203 0.00859763 -7.58766e-05 2.10731e-06 0.000190627 -9.0928e-05 -0.000113219 -2.51231e-05 5.632e-05 0.0121376 -0.000130421 1.31403e-05 -0.000414777 -8.39173e-05 0.0103551 -2.81205e-06 2.12294e-05 -0.000242716 -6.81318e-05 -0.000185775 -1.99838e-06 0.000747258 -0.00537556 0.000134257 -0.000174118 7.57423e-06 -0.000521212 -0.00936742 -0.00163241 0.0115105 -0.000678541 -1.85547e-05 -0.000552421 -0.00118942 -0.0123488 -0.000126562 -0.0034808 0.000937921 -3.55194e-05 -0.00126545 0.000107101 -4.03335e-05 -0.0117379 6.3216e-05 -0.000389946 -0.00230358 -0.00308117 -0.000300718 -0.0121706 0.0105579 0.000918364 0.0114403 -0.00144845 -0.0111376 0.000465307 0.0084229 -0.00952938 -0.00566365 0.0101267 7.3378e-08 0.0105194 -1.35536e-05 0.000617447 -0.010659 -5.28935e-05 -2.55574e-05 -1.35673e-05 
0.00194107 0.000112787 0.000218844 0.000408228 4.05318e-05 -1.01365e-05 -0.000925645 1.20447e-06 2.82289e-05 -0.00033468 0.0269424 0.000654979 0.000791941 0.00156644 -0.00266155 0.00026687 0.000215405 0.00346979 0.00407778 -0.00787349 -0.00199493 0.00366625 2.8889e-05 0.00148473 0.00170624 0.00750983 -0.00118867 0.00546603 -0.00334349 0.000190864 -0.00412859 -0.00311353 0.00248 0.000255687 -0.000522846 0.000535522 1.00654e-05 -0.000132913 2.47148e-05 -5.20065e-05 -2.85572e-05 -7.34377e-06 0.00347899 -8.48982e-05 -7.74121e-06 0.000315108 -0.000114168 -0.00453526 9.71293e-05 3.06585e-05 0.000484401 3.41309e-05 0.000241546 3.55788e-06 2.47931e-05 -0.00936232 -8.76601e-07 0.000313732 -6.38366e-06 -0.00062618 -0.00556044 -0.00219803 0.000922676 0.000542479 0.000210303 -0.00375372 0.00377902 -0.00433741 0.00235309 -0.000360949 -2.60553e-05 0.000116003 0.00167222 -6.09909e-05 -0.000144659 -0.00404449 5.93438e-05 0.00368596 -0.00248556 -0.00100116 0.00155063 -0.00944587 -0.00156515 -0.000444306 -0.00489319 -0.00246611 -0.00427396 5.77473e-05 -0.00506569 -0.000443574 -0.00308285 0.00818718 4.10125e-06 0.00629347 0.000109893 1.58501e-05 -0.00237903 0.000265883 -3.40595e-05 0.000178255 
0.000246351 -0.000133241 0.000117188 0.000415041 3.08177e-05 0.000230685 0.00144128 1.04115e-05 -6.71879e-07 -4.87325e-05 0.000654979 0.00314327 0.000250829 -1.42049e-06 -0.000953961 8.97784e-06 5.62239e-05 0.000110322 0.000415969 -0.00146396 -0.00258556 0.000261645 -7.46946e-07 -0.00159686 -0.000578687 0.00206172 -0.0003064 0.00264263 -0.00111008 2.15313e-05 -0.00223902 -0.000445973 0.00233147 -1.86552e-05 -0.000304164 0.00164891 1.48476e-05 -1.50196e-06 0.00165986 0.000218182 -3.93107e-06 -7.42701e-07 0.000298521 0.000162848 -1.03912e-06 -5.97847e-05 -1.5728e-05 -0.000484765 8.93982e-06 -7.55363e-07 1.25144e-05 7.25483e-06 -3.04437e-05 1.49156e-07 2.5364e-07 -0.00188194 1.56145e-05 -2.23366e-06 3.80295e-06 0.00138465 -0.00148204 -0.000280921 -0.000458883 -0.000116319 1.60778e-07 -0.000473774 -0.000165018 -0.00188213 0.000319438 -0.000498496 0.00206529 8.17175e-06 -0.000487964 2.46764e-05 0.00225679 -0.00177658 2.07692e-06 0.000472722 -0.00277093 -5.73497e-05 2.23422e-05 -0.00192976 -0.000596624 -6.86072e-05 0.00145388 -0.000291155 -0.00182957 -0.000247466 -0.00168268 0.00093994 0.000863863 0.00212337 -1.05441e-06 0.00214528 6.14769e-06 5.22503e-05 -0.00159911 -7.03925e-06 0.000328484 1.92096e-06 
-0.000307074 -0.000784915 1.29095e-05 0.000262221 -1.14997e-05 0.000130202 0.00566465 -1.95171e-06 7.12359e-07 -6.75582e-05 0.000791941 0.000250829 0.0234558 0.00252307 -0.00560453 2.19938e-05 -3.4035e-05 -0.0030069 0.000516601 0.00264786 0.00083842 0.000493649 3.60297e-05 0.00140315 -0.00746231 -0.00262744 -0.00209217 -0.00114262 0.00596617 -2.80009e-05 0.00203647 -0.00329973 0.000250663 -0.000131097 -0.00248336 0.000307844 -4.96257e-08 0.000501633 0.000262342 -0.000106917 4.90455e-06 -4.66034e-06 -0.00262705 -0.00010736 7.42684e-05 -3.49317e-05 -0.0001104 -0.00191791 -2.9138e-06 -1.29691e-05 -0.00025981 3.55081e-05 0.000631441 4.83706e-05 -3.26467e-05 0.0060552 -5.42799e-05 -0.000198222 -5.39e-06 -0.000265105 -0.00441007 -0.0020829 -0.00604095 -0.00084376 0.00017853 -0.00323833 0.00552722 0.00360012 0.000195514 -0.00290181 -0.000552924 7.43791e-06 0.00366377 3.21901e-05 0.000533524 0.0050967 1.52593e-05 -0.000885023 0.000895402 -0.00257755 0.000216542 -0.00406168 -0.00388038 -0.000296726 -0.00309102 -0.00210075 0.000648074 -0.00459825 -0.00737636 0.00809391 0.00315113 6.11604e-05 -8.08223e-06 -0.00372608 -9.98781e-07 -0.000118221 0.000379462 6.57703e-05 -2.22196e-05 5.33584e-05 
-0.000102739 -0.000302239 -7.14797e-06 -3.57015e-05 -5.79744e-06 -1.38876e-05 -0.00295386 -6.35909e-07 2.22513e-06 -0.000189847 0.00156644 -1.42049e-06 0.00252307 0.00928477 -0.00305433 5.66629e-05 4.53647e-05 -0.00126205 -8.64953e-05 -0.00230097 -0.00102092 -4.77132e-05 5.28987e-05 0.00270437 -0.00405781 -0.00175043 -0.000778981 -0.000737892 0.00506102 -2.61418e-06 0.002269 -0.000944024 -0.000112925 -5.6609e-05 -0.00090992 -4.87458e-05 1.70758e-06 0.000113609 -3.1379e-05 1.38291e-05 3.85971e-06 3.90118e-05 -0.00208879 -9.20719e-06 -1.82425e-06 0.00129173 -5.55882e-05 -0.00164221 -1.9293e-06 -5.56898e-06 0.000179376 -5.27988e-05 0.000181977 4.38183e-06 -2.05078e-05 0.00353151 -2.44164e-05 -2.5203e-05 -4.80854e-06 -0.000263464 0.00366065 -0.000799622 -0.00356458 0.000650067 -4.03478e-06 -0.00156716 0.00855368 0.00315625 -4.9571e-05 -0.00165387 -0.00048084 0.000241846 0.00762432 -1.49678e-05 -9.99135e-05 0.00269124 2.12107e-05 -0.000472781 0.000465913 -0.00131151 -0.000132048 -0.00421692 -0.00224488 -0.000204567 -0.00153038 -0.000865026 0.0010487 -0.00186766 -0.00521064 0.00463985 -0.00243499 -0.00218126 -3.29926e-06 -0.00257025 -7.07935e-06 -0.000201607 -0.0029568 -1.79179e-05 -1.10751e-05 8.12595e-06 
-0.00243763 -0.0145457 0.000264557 -0.00152817 0.000109709 7.00285e-05 -0.111406 -2.28487e-05 -5.02733e-05 0.00885606 -0.00266155 -0.000953961 -0.00560453 -0.00305433 0.223396 -0.000662982 -0.00050044 0.0669874 -0.00396924 -0.13674 0.0460613 -0.00263191 5.94794e-05 -0.178519 0.184268 0.0901964 -0.0290905 0.022895 0.119706 0.000739405 -0.124747 0.0795356 -0.0046941 0.0011925 0.0478779 -0.00130778 -3.40727e-05 -0.000300721 -0.00122616 -0.0021182 -0.000412967 -0.000266048 0.119533 0.00315536 8.77743e-05 -0.00691616 -0.00173125 0.107763 -1.81586e-05 0.000118599 -0.00354443 0.000480656 -0.00274872 -2.12927e-05 0.00100903 -0.163353 -0.00072174 -0.00287945 0.000335288 -0.00954692 -0.160244 -0.0295345 0.195527 0.00747456 0.000462689 0.10047 -0.0178915 -0.188984 -0.0018858 -0.0589318 0.021529 -0.000616626 -0.0391672 0.00257066 -0.00305513 -0.181829 0.000143219 0.00545794 -0.017566 -0.044906 -0.00526874 -0.159899 0.139665 0.0134917 0.159491 -0.0268209 -0.0794207 0.100418 0.138882 -0.156562 -0.0958466 0.103362 8.20766e-05 0.145097 -0.000309092 0.00933925 -0.177799 -0.000376458 -0.000177172 -0.000104577 
3.09252e-05 -4.70023e-05 6.5739e-06 -4.10414e-06 -1.30989e-06 7.44911e-06 4.47642e-05 -7.98264e-08 -4.25718e-07 -3.44061e-05 0.00026687 8.97784e-06 2.19938e-05 5.66629e-05 -0.000662982 0.00199395 2.61186e-05 -0.000190966 0.000219992 -0.000686065 -0.00132603 0.000281793 2.62701e-05 0.000108949 -0.000763271 -0.000192238 -0.000137211 0.000191626 0.000375321 -2.63971e-06 4.06196e-05 -0.000250492 0.000326925 -9.63762e-06 -0.00018644 6.36257e-05 2.55748e-06 -1.43503e-06 1.944e-05 1.46708e-05 5.69807e-06 1.55518e-05 -0.000130755 -2.12825e-06 1.61152e-05 0.000835656 -1.22126e-05 -0.000348316 5.28873e-06 -9.30916e-07 5.23559e-05 -1.23834e-05 5.42858e-06 9.43598e-07 -4.67623e-06 0.000311898 1.13764e-05 -9.87702e-07 -1.13161e-06 -3.3647e-05 0.000214384 -0.00014866 -0.000695105 0.000480801 1.39751e-06 -0.000324106 0.00120388 0.000469755 0.000216343 -0.00018829 3.34652e-05 0.000537944 0.000897021 1.19913e-05 8.49937e-05 0.000181831 9.28839e-06 0.000417151 -0.000280144 -0.000295892 0.000159754 -0.000971158 -0.000469164 -3.80985e-05 -0.000456624 -0.000160827 -0.000691264 -0.000257544 -0.00105845 0.00078931 0.000521511 0.000304595 -7.03299e-07 -0.000102336 7.84238e-06 1.85732e-05 -0.000817897 1.4479e-05 1.9341e-05 8.1309e-06 
0.00110029 -0.000108681 7.97971e-05 -7.97233e-06 7.17952e-06 -5.13487e-07 -0.000806221 -2.30266e-07 -1.47694e-07 2.5939e-05 0.000215405 5.62239e-05 -3.4035e-05 4.53647e-05 -0.00050044 2.61186e-05 0.0027194 0.000607994 0.00064556 -0.00045564 -0.00105825 6.17203e-06 5.74574e-06 -0.000527297 0.000523577 0.000943782 0.000662812 0.000628172 -0.000935395 3.54706e-05 -0.00057175 -0.000339949 0.000289075 1.52746e-05 0.000182964 -1.35275e-05 -2.85499e-07 1.04224e-05 9.9996e-05 0.000112014 -1.04396e-06 1.74828e-05 0.000762103 0.000446833 -1.02171e-06 2.0866e-05 -1.28814e-05 -0.000480201 -5.61303e-07 2.27571e-05 0.000326686 -9.62889e-06 -5.40034e-06 -3.80272e-07 3.4409e-05 -0.000858482 2.70253e-05 -6.58945e-06 9.11107e-07 -7.78874e-05 8.15538e-05 0.000498579 0.000366207 -8.9125e-05 1.76879e-07 -0.000421929 -3.24168e-05 -0.000437751 -4.30702e-06 0.000255028 -0.000109317 3.03178e-05 -0.000243218 -1.09337e-05 5.81929e-05 -0.00131809 3.16624e-06 0.00102256 -0.00126751 -0.000259043 2.34954e-05 -0.000655803 -0.000310583 -5.80726e-05 -0.000215555 0.000488496 -0.000973639 0.000484249 -8.45496e-05 -0.000239335 -0.000688639 0.000362826 2.36235e-06 0.000611926 -3.31998e-06 7.09921e-05 -0.000817918 -6.61881e-06 7.93271e-07 -2.66119e-06 
0.00645853 -0.00630544 0.000248392 -0.000477399 9.75576e-05 0.000341899 -0.0447519 -5.34288e-06 -2.15874e-05 0.0028258 0.00346979 0.000110322 -0.0030069 -0.00126205 0.0669874 -0.000190966 0.000607994 0.118103 0.00499304 -0.0601234 0.00719719 -0.00100043 -6.1338e-05 -0.0783287 0.0752309 0.085786 -0.0121758 0.0553365 -0.00979281 0.0010825 -0.0862277 -0.00336711 0.00696713 -0.000622575 0.0435334 0.000234224 -2.78099e-06 -0.000287516 -0.000122764 -0.000538102 -0.000153499 -0.000102732 0.0644248 9.85482e-05 -1.7538e-05 -0.00280684 -0.000730882 0.0297066 -2.20533e-05 3.58695e-05 -0.00140707 0.000171545 -0.00122544 -1.90808e-05 -0.00019511 -0.0815744 0.00114821 -0.00114081 3.3138e-05 -0.00362319 -0.0655598 -0.0121266 0.0783141 -0.00500245 0.000348557 0.00277626 -0.00796629 -0.0834456 -0.00055622 -0.0231516 0.021111 -0.000190649 -0.0213729 0.00037284 0.00396764 -0.0797416 0.000322335 0.0158583 -0.0339718 -0.0206764 -0.00210687 -0.0763743 0.0409875 0.0003992 0.061769 -0.00945923 -0.0716359 0.0872673 0.0503007 -0.0647756 -0.0385706 0.067115 0.000201503 0.0806915 -0.000124457 0.00398856 -0.0724367 -0.000317688 0.000310791 -7.79316e-05 
0.00393124 -0.00067818 6.55022e-05 -5.7041e-05 0.000172732 0.000153567 0.000400212 4.6478e-07 -3.43195e-06 5.93319e-05 0.00407778 0.000415969 0.000516601 -8.64953e-05 -0.00396924 0.000219992 0.00064556 0.00499304 0.0191159 -0.00163712 -0.004813 0.00100008 4.07603e-05 -0.00483866 0.00165381 0.00676458 -0.000998382 0.00587242 -0.00511605 -2.83691e-05 -0.00558508 -0.00278494 0.00561391 -1.83293e-05 -0.000592303 -3.61212e-05 1.80989e-07 0.000131804 -5.64378e-05 0.0013644 -4.36103e-06 5.57362e-05 0.00560024 0.000472725 7.31607e-05 -0.000361555 -6.94366e-05 -0.00328463 3.67535e-05 -2.89931e-06 -0.000188101 -0.000136601 -9.8012e-05 9.92283e-07 1.32447e-05 -0.00356186 0.000435947 -0.00012775 -5.64553e-07 -0.000541874 -0.00242189 -0.0016943 0.000952696 -0.000712164 8.7503e-07 -0.00316329 -0.000543202 -0.00375425 0.00109787 0.00135158 0.00168632 0.000285213 -0.00289055 -2.25509e-05 0.00175016 -0.00531843 -1.34598e-05 0.0103195 -0.00713333 -0.00273452 0.000566861 -0.00631895 -0.000673022 -0.00019405 -0.000704218 -0.00174159 -0.00448017 0.0014932 -0.00530518 -0.000547817 -0.00369742 0.00640611 4.11496e-06 0.00584069 5.5051e-05 0.000122116 -0.00219841 -2.72923e-05 0.000114053 2.17717e-05 
-0.00796586 0.00654919 -0.000457693 -8.90809e-05 -0.000376827 -0.00109363 0.0990637 -1.67482e-05 -2.31143e-05 -0.00907158 -0.00787349 -0.00146396 0.00264786 -0.00230097 -0.13674 -0.000686065 -0.00045564 -0.0601234 -0.00163712 0.248833 0.0461728 -4.55883e-05 8.84309e-05 0.13432 -0.168394 -0.0900317 -0.00147511 -0.038606 -0.0790083 -0.000582061 0.113189 -0.0553176 -0.00750841 -0.00228427 -0.0488345 -0.00220388 -1.42506e-05 -0.00021695 -0.00186564 0.000826867 0.000390639 -0.000202156 -0.105286 -0.0027712 -8.02492e-05 -0.00125975 0.0011218 -0.0811013 -4.69337e-05 -0.000164799 0.00377815 -0.00260674 -0.0011848 1.46036e-05 -0.00118566 0.143897 -0.00120826 -0.00338354 -0.000214721 0.00290206 0.157672 0.00133126 -0.155654 -0.0153706 9.28376e-05 -0.0666245 -0.00621637 0.140235 -0.00112664 0.0291278 -0.0144498 -0.000523532 -0.0172209 -0.00180465 -0.00604238 0.140927 -4.01941e-05 -0.0138806 0.0277172 -0.00311141 -0.00552527 0.144339 -0.112355 -0.000311088 -0.127343 -0.00453057 0.0937446 -0.0866127 -0.0952638 0.152945 0.0811617 -0.129694 -0.000158323 -0.133173 -0.000172225 -0.00659146 0.157996 0.000322047 -0.000341869 0.000193628 
-0.0067071 0.000221015 -0.000276025 -0.00182971 -0.000380539 -0.00142613 -0.00426938 -1.29288e-05 -2.05244e-05 0.00143227 -0.00199493 -0.00258556 0.00083842 -0.00102092 0.0460613 -0.00132603 -0.00105825 0.00719719 -0.004813 0.0461728 0.128457 -0.0028435 -2.74601e-05 -0.0248907 0.00505063 0.00472224 -0.0331064 -0.00985885 0.0337653 4.16553e-05 -0.011879 0.0172957 -0.0123511 0.000607533 0.0067304 -0.00398324 -8.0685e-05 0.00037507 -0.00362887 -0.00140127 -3.30231e-05 -0.000621571 0.0142332 -0.00063003 -2.11267e-05 -0.00470382 -0.000843098 0.0259611 -0.000111642 -0.000221309 6.71685e-05 -0.00113935 0.000590201 -4.29796e-05 -0.000767324 -0.0157568 -0.00171957 -0.00506667 7.12671e-05 -0.011569 0.00336229 -0.0329158 0.027293 -0.00672149 0.000121132 0.0228427 -0.00865696 -0.0278394 -0.00299084 -0.0380274 -0.00661439 -0.001333 -0.0190819 0.000477372 -0.0106655 -0.0299601 2.66475e-05 -0.00814259 0.0140011 -0.0621958 -0.00643444 -0.0157871 0.0305016 0.00303916 0.0231357 -0.04241 0.0301983 0.00877296 0.0173461 0.00772409 -0.00997529 -0.0173891 -4.0783e-05 0.0132838 -0.00041067 -0.00163991 -0.0174074 0.000324046 -0.000767258 8.57862e-05 
0.0001112 -0.000167957 1.17728e-05 0.000233267 -6.54805e-06 2.66752e-05 0.0027683 9.03731e-07 1.45987e-05 -0.000109386 0.00366625 0.000261645 0.000493649 -4.77132e-05 -0.00263191 0.000281793 6.17203e-06 -0.00100043 0.00100008 -4.55883e-05 -0.0028435 0.0081773 8.41328e-05 0.00196684 -0.00182239 0.000847423 1.1957e-05 0.0016787 -0.00284648 0.000155094 -0.00200809 -0.001227 0.000679449 -4.78519e-05 -0.000694055 0.000760216 3.76589e-05 5.21365e-05 -1.10262e-05 -3.42027e-05 2.41207e-05 -4.73942e-06 -0.00102855 -4.03461e-05 1.45135e-06 -9.58059e-05 -4.43241e-05 -0.0014008 0.000132103 1.77239e-05 0.000326935 -1.93522e-05 0.000150409 1.6439e-05 1.52881e-05 -0.00258651 1.22758e-06 -3.3432e-05 -4.0256e-06 0.00041827 -0.00310736 -0.000617777 -0.00272003 -0.000317001 0.000290105 -0.00138746 -0.000185366 -0.00126763 0.00220177 0.00332102 6.34664e-05 -3.96836e-06 -0.0011444 -1.86791e-05 0.000474434 -0.000740393 4.69671e-05 5.65328e-05 -0.000666301 0.00107058 0.000816094 -0.00179847 -0.00084105 -3.75233e-05 -0.00156913 -0.00048587 -0.00218486 -0.00153442 -0.002909 0.0024282 0.00225798 0.00291177 -2.65799e-06 0.00159688 0.000156324 -0.000108581 0.00213756 9.18104e-06 4.9178e-05 0.00013072 
1.45029e-05 -3.63624e-06 3.724e-06 2.61191e-06 6.56017e-08 1.59991e-05 -0.000117888 -4.91645e-08 -1.24056e-07 -7.80765e-06 2.8889e-05 -7.46946e-07 3.60297e-05 5.28987e-05 5.94794e-05 2.62701e-05 5.74574e-06 -6.1338e-05 4.07603e-05 8.84309e-05 -2.74601e-05 8.41328e-05 0.000581872 -1.52143e-05 -1.56035e-05 -6.11487e-05 -2.23343e-05 -1.70153e-05 0.000256164 -5.80734e-07 7.01123e-05 -3.15734e-05 -4.7022e-06 -2.48693e-06 -1.38731e-05 -3.21091e-06 -6.09575e-08 5.34003e-06 1.25424e-05 -3.83049e-06 -2.81392e-07 -4.23335e-07 -0.000103594 3.74347e-06 3.47086e-06 4.66202e-06 -3.51386e-06 -0.000102718 1.03246e-05 1.81775e-06 -2.93529e-06 1.05728e-05 1.93079e-05 1.29855e-05 1.46417e-05 9.41076e-05 6.37922e-06 2.10245e-05 -3.29758e-07 -1.5071e-05 -0.000141379 -4.33997e-05 4.7097e-05 -4.65647e-06 2.57113e-06 -3.32716e-05 7.7068e-05 -0.000120011 2.60729e-05 -4.13285e-05 0.000140188 3.78318e-06 3.21817e-05 9.01471e-07 6.54153e-06 -6.9362e-05 6.05561e-07 1.41206e-06 -3.09612e-05 -7.97507e-05 1.51987e-05 -0.000223115 -0.00013984 0.000166861 1.79414e-06 -4.85833e-05 -0.000230338 -7.26839e-05 9.41157e-06 0.000131537 -8.93193e-05 -7.25782e-05 -2.04945e-07 -0.000116781 -7.42067e-07 3.45317e-05 -9.26948e-05 1.98416e-06 -9.81098e-07 3.18499e-06 
-0.00878828 0.0162864 -0.000405365 0.000496952 -0.000510738 -0.00170272 0.102583 5.39741e-06 6.81516e-05 -0.0125475 0.00148473 -0.00159686 0.00140315 0.00270437 -0.178519 0.000108949 -0.000527297 -0.0783287 -0.00483866 0.13432 -0.0248907 0.00196684 -1.52143e-05 0.231194 -0.173034 -0.113604 0.0329443 -0.0476758 -0.0912918 -0.000525905 0.151812 -0.0537926 -0.0104973 -0.0015681 -0.0635064 -0.00305101 -5.04415e-05 -0.00165966 -0.002512 -0.00232964 0.000211679 -0.000283061 -0.141863 -0.00425957 -0.000135784 0.00670223 0.000981757 -0.110549 4.26022e-06 -0.000294809 0.00309342 -9.0721e-05 0.00263461 -3.78633e-05 -0.00160746 0.162326 -0.00159393 0.00279705 -0.000347922 0.00523379 0.156344 0.0288048 -0.187557 0.000279548 -0.000439525 -0.0719346 0.0154829 0.194836 0.000339025 0.0580161 -0.0327683 4.76865e-05 0.0354194 -0.00209478 -0.00892641 0.187272 -0.000262114 -0.0225743 0.0349721 0.0441991 0.00463271 0.181822 -0.148656 -0.0133737 -0.174509 0.0277598 0.103031 -0.111214 -0.119505 0.143736 0.0877836 -0.13146 -0.000222412 -0.167204 0.000355261 -0.0122837 0.177332 0.000476914 -0.000618754 0.000133996 
0.00923988 -0.0169003 0.000236893 -0.00168274 0.000385111 0.000107479 -0.142167 -2.64943e-05 -6.09334e-05 0.0107438 0.00170624 -0.000578687 -0.00746231 -0.00405781 0.184268 -0.000763271 0.000523577 0.0752309 0.00165381 -0.168394 0.00505063 -0.00182239 -1.56035e-05 -0.173034 0.246344 0.103753 0.0104895 0.0399174 0.0948949 0.000667554 -0.131484 0.0703082 0.00379724 0.00259645 0.0561839 -0.00147251 -4.33418e-05 0.00024862 -0.00131052 -0.00189847 -0.000527455 -0.00028598 0.124957 0.00381298 4.5426e-05 -0.00841081 -0.00137881 0.0982505 -3.42874e-05 0.000176473 -0.00472535 0.00181109 -0.00131474 -2.80293e-05 0.00135506 -0.172196 0.00062042 0.00198682 0.000300929 -0.0105573 -0.201154 0.00513912 0.201714 0.0042389 0.000275497 0.0928229 -0.0226829 -0.186836 -0.000839779 -0.0265821 0.0227333 -0.000514748 -0.049834 0.00203577 0.00201277 -0.187806 0.000118258 0.0118338 -0.0272374 -0.00878251 -0.00638386 -0.158902 0.136998 0.0107889 0.154312 0.00987658 -0.118644 0.102697 0.167197 -0.200157 -0.123759 0.113566 0.000185289 0.151997 0.000482491 0.00915845 -0.178083 -0.000692581 -0.000144607 -0.000178102 
0.0121844 -0.00967656 0.000644136 -0.000233161 0.000533253 0.00146907 -0.0592679 -1.08895e-05 -4.00394e-05 0.00792088 0.00750983 0.00206172 -0.00262744 -0.00175043 0.0901964 -0.000192238 0.000943782 0.085786 0.00676458 -0.0900317 0.00472224 0.000847423 -6.11487e-05 -0.113604 0.103753 0.158339 -0.0183016 0.0633485 0.000373674 0.000889869 -0.123488 -0.0211645 0.0122423 -0.00104477 0.061856 0.0029498 -1.36625e-05 0.000842009 0.00283353 0.000318084 -0.00021288 -0.000137038 0.117153 0.00101666 -5.52012e-05 -0.00400664 -0.00107965 0.0463144 1.7554e-05 0.000203133 -0.00212392 0.000627465 -0.0017961 -4.27342e-06 0.00150423 -0.116385 0.00166755 -0.00155124 -5.3039e-05 -0.00306803 -0.0945453 -0.0172326 0.107218 -0.00730652 -0.000116183 -0.0114848 -0.0110516 -0.123228 0.000934124 -0.0299882 0.0219768 -0.000131465 -0.0273198 -0.000223828 0.0100572 -0.11382 0.000249599 0.0171268 -0.0426583 -0.0281414 -0.0027691 -0.120222 0.0843392 -0.00289936 0.10273 -0.014809 -0.114464 0.106532 0.0669886 -0.0841801 -0.0516782 0.120639 0.000123057 0.130103 -4.76116e-05 0.00602277 -0.102614 -0.000525943 0.000555671 1.00899e-05 
-0.000823304 -0.0043956 -9.41101e-05 0.000111387 -6.77327e-05 -0.000243673 -0.0322299 -4.69045e-06 2.43709e-07 -0.00179297 -0.00118867 -0.0003064 -0.00209217 -0.000778981 -0.0290905 -0.000137211 0.000662812 -0.0121758 -0.000998382 -0.00147511 -0.0331064 1.1957e-05 -2.23343e-05 0.0329443 0.0104895 -0.0183016 0.0877968 -0.0082117 -0.0252318 -3.06547e-05 0.0237337 -0.00863272 -0.00167363 0.00100653 -0.010041 -0.000503167 -6.32708e-06 -0.000507744 -0.000370093 -0.000235655 -0.000110314 1.99255e-05 -0.0218561 -0.000290176 -4.02217e-05 -0.000460097 0.000220056 -0.0170428 -1.48861e-05 3.77926e-06 0.00150013 0.000491071 0.000998641 -1.31184e-05 -0.000159546 0.0207052 -0.00022045 0.00453754 -4.87844e-05 -0.000892599 -0.000778205 0.0560575 -0.0299431 -0.00354086 -7.32488e-05 -0.00901287 -0.00485366 0.0317608 -0.000369935 0.0537922 -0.00517278 -0.000129447 -0.0147327 -0.000388617 -0.00135867 0.00176072 -5.83465e-05 -0.00502577 0.00525138 0.0376848 -0.00136313 0.0333248 -0.0234782 -0.00214146 -0.029259 0.0470285 -0.0269149 -0.0182531 0.0349739 -0.0257492 -0.0272682 -0.0259854 -3.13683e-05 -0.0250851 0.000607886 -0.00223353 0.0320721 -0.000241503 -0.000152033 -3.45991e-05 
0.00846028 -0.00421728 0.000457375 0.000755584 0.000393225 0.00169459 -0.0208248 1.10145e-05 -1.61707e-05 0.000282065 0.00546603 0.00264263 -0.00114262 -0.000737892 0.022895 0.000191626 0.000628172 0.0553365 0.00587242 -0.038606 -0.00985885 0.0016787 -1.70153e-05 -0.0476758 0.0399174 0.0633485 -0.0082117 0.078178 -0.0199217 0.000851286 -0.0616374 -0.0110676 0.0138662 -0.000476025 0.0319192 0.00453629 6.27274e-05 -0.000362263 0.00340819 0.00101682 -5.29743e-05 -1.17246e-05 0.0409707 0.000657531 -3.12404e-05 -0.00173671 -0.000498911 0.00794347 0.000102803 9.86044e-06 -0.000910499 -8.90855e-05 -0.000750945 -4.66592e-06 0.00043612 -0.0511783 0.00177271 -0.000634399 -4.39738e-05 0.000699821 -0.0410924 -0.00757357 0.041577 -0.00335392 0.000163286 -0.0112596 -0.00493405 -0.0536198 0.0015004 -0.0137191 0.0224054 -2.87191e-05 -0.0119386 -0.000114608 0.0112654 -0.0500388 5.80894e-05 0.0158049 -0.0352187 -0.0126323 -0.00100175 -0.0526832 0.0137255 7.53526e-05 0.0382077 -0.00564397 -0.0504659 0.057747 0.0198753 -0.0318895 -0.0182803 0.0511284 0.000159208 0.0550314 1.26315e-05 0.00483375 -0.0443626 -0.000226495 0.000764018 -3.26502e-06 
-0.00151984 -0.0030098 6.44718e-06 -0.00124601 0.000101865 -0.000243939 -0.0784478 -2.17549e-05 -3.75592e-05 0.00280842 -0.00334349 -0.00111008 0.00596617 0.00506102 0.119706 0.000375321 -0.000935395 -0.00979281 -0.00511605 -0.0790083 0.0337653 -0.00284648 0.000256164 -0.0912918 0.0948949 0.000373674 -0.0252318 -0.0199217 0.233098 0.000239307 -0.0327495 0.0836212 -0.00597641 0.00121258 -0.00156672 -0.00174328 -3.26604e-05 -0.000336446 -0.00150885 -0.00199197 -0.000153709 -0.000209993 0.0415879 0.00184538 0.000180118 0.00214991 -0.00191889 0.0518737 -1.55052e-05 -5.54254e-05 -0.00248078 0.000398052 -0.0018882 4.27137e-05 0.000702287 -0.0701161 -0.000877295 -0.00288812 0.000298596 -0.0103355 -0.0915652 -0.0302331 0.118932 0.0168522 0.000445615 0.0978908 0.0171381 -0.0937389 -0.00201505 -0.0567254 0.012579 0.000194935 0.0158875 0.0024466 -0.00466735 -0.09117 -5.21733e-05 -0.00741649 0.00127912 -0.0458112 -0.00536031 -0.099789 0.0733088 0.0132199 0.0897914 -0.0297687 -0.0109841 0.01395 0.0736384 -0.0724302 -0.0765426 0.031124 2.42366e-05 0.0484428 -0.000207824 0.00311452 -0.133118 0.000793018 -7.62432e-05 2.36303e-05 
-6.99209e-06 -8.35478e-05 0.000104769 1.81152e-05 6.5698e-06 0.000101061 -0.000585338 -1.9704e-07 5.69478e-07 3.26428e-05 0.000190864 2.15313e-05 -2.80009e-05 -2.61418e-06 0.000739405 -2.63971e-06 3.54706e-05 0.0010825 -2.83691e-05 -0.000582061 4.16553e-05 0.000155094 -5.80734e-07 -0.000525905 0.000667554 0.000889869 -3.06547e-05 0.000851286 0.000239307 0.00232792 -0.00105038 -0.000328713 1.23241e-05 -1.40088e-05 -0.000172636 6.00314e-05 3.34743e-08 -8.55495e-06 2.64705e-05 -1.333e-05 2.34657e-06 -1.27492e-06 0.00047971 0.000137402 -7.07392e-07 -1.27571e-05 -1.36169e-05 0.000278216 1.36413e-06 1.38993e-06 0.000166023 0.000107801 3.36651e-05 -2.58734e-07 3.56324e-05 -0.000830907 4.19388e-06 9.68905e-05 -6.43815e-07 -3.20579e-05 -0.000569675 -2.18133e-05 0.000498997 -7.35927e-05 0.000201635 -0.000136581 -9.12364e-05 -0.000884238 2.05503e-05 -0.00021658 0.00121024 -1.96466e-06 -0.000255573 0.000214976 -1.31006e-05 -0.00093932 4.4328e-05 -7.91388e-05 -0.00133451 2.54499e-06 -1.94111e-05 -0.0009249 -0.000569552 0.000321487 0.000657578 -9.11028e-05 -0.00110415 0.000930753 0.00045833 -0.000520638 -0.000588085 -0.000211338 1.11196e-06 0.00012479 -2.46292e-06 -2.42566e-05 -0.000660369 -4.63102e-06 5.47677e-05 3.2133e-06 
-0.00912198 0.011941 -0.000695685 -0.000172502 -0.000582684 -0.0020465 0.0749555 -1.69068e-06 4.53378e-05 -0.01326 -0.00412859 -0.00223902 0.00203647 0.002269 -0.124747 4.06196e-05 -0.00057175 -0.0862277 -0.00558508 0.113189 -0.011879 -0.00200809 7.01123e-05 0.151812 -0.131484 -0.123488 0.0237337 -0.0616374 -0.0327495 -0.00105038 0.189058 -0.00282195 -0.0127771 0.00118398 -0.0738074 -0.00409528 -5.8141e-05 -0.00144144 -0.00309503 -0.000243899 0.000224172 -1.21768e-05 -0.135056 -0.000652408 -7.42236e-05 0.00517408 0.000812664 -0.100051 -0.00012826 -0.000285048 0.00285905 0.000664887 0.00227357 6.65687e-06 -0.00187862 0.131738 -0.00183994 0.0020196 6.32849e-05 0.00378198 0.121453 0.0222044 -0.137782 0.00767217 -0.000592468 -0.0226241 0.0142821 0.159096 -0.00192801 0.0412287 -0.0307359 0.000143525 0.0307473 -0.00156577 -0.0103212 0.146281 -0.000285066 -0.0113686 0.0415564 0.0342291 0.00330662 0.155568 -0.123357 -0.00575443 -0.146668 0.0200309 0.123578 -0.114324 -0.087964 0.111433 0.0653415 -0.135665 -0.000239538 -0.155072 0.000131706 -0.0109925 0.131351 0.000386898 -0.000744274 3.55168e-06 
-0.00180731 -0.00452152 -0.000100813 -0.000599382 -9.32608e-05 -0.000419917 -0.0488221 1.30142e-06 -4.35654e-06 -0.00188865 -0.00311353 -0.000445973 -0.00329973 -0.000944024 0.0795356 -0.000250492 -0.000339949 -0.00336711 -0.00278494 -0.0553176 0.0172957 -0.001227 -3.15734e-05 -0.0537926 0.0703082 -0.0211645 -0.00863272 -0.0110676 0.0836212 -0.000328713 -0.00282195 0.126935 -0.00250346 0.00377448 -0.0111588 -0.000770708 -1.51873e-05 -0.000716329 -0.000691358 -6.28486e-05 -0.000122343 -0.000121754 0.00394234 0.00334189 -5.61191e-06 -0.00269181 -0.00037471 0.0312962 7.67819e-06 -6.57852e-05 -0.00175818 0.000413522 0.000200742 -2.00837e-05 -0.000353617 -0.0707764 -0.000365352 -0.00132865 0.000414109 -0.00423643 -0.0614345 -0.0127071 0.0773842 0.0208903 1.60643e-06 0.094196 0.00139582 -0.0543592 -0.000953881 -0.0241785 -0.0074539 -0.000174472 -0.00185522 0.00201958 -0.00218464 -0.0645183 -8.93276e-05 0.00493729 0.0050053 -0.0139163 -0.00236279 -0.0304298 0.0421413 -0.000107329 0.0332774 -0.0114218 0.034983 -0.00234827 0.0487319 -0.0668456 -0.042192 -0.00990483 3.42377e-05 0.0232534 -0.000105524 -0.00112259 -0.0729726 -0.000108794 -0.000236407 -2.89099e-05 
0.00552682 -0.000856732 0.000131361 0.000706202 0.00016821 0.00114356 -0.000256565 1.89063e-05 -3.685e-06 -0.000117779 0.00248 0.00233147 0.000250663 -0.000112925 -0.0046941 0.000326925 0.000289075 0.00696713 0.00561391 -0.00750841 -0.0123511 0.000679449 -4.7022e-06 -0.0104973 0.00379724 0.0122423 -0.00167363 0.0138662 -0.00597641 1.23241e-05 -0.0127771 -0.00250346 0.0169951 -3.76283e-05 0.000289109 0.00327249 6.16671e-05 6.51533e-05 0.00306732 0.00147553 2.98729e-05 3.71115e-05 0.00936661 0.00062475 -2.92203e-06 -0.000350201 -9.7625e-05 -0.00225467 3.09565e-06 -1.12301e-05 -0.000170952 -9.75473e-05 -0.000147332 -3.89547e-07 9.4185e-05 -0.010093 0.000284352 -0.000143775 -1.32856e-06 0.00212866 -0.00818901 -0.00153356 0.00356514 -0.000648278 -1.35134e-05 -0.00286193 -0.000839632 -0.0104097 0.00136336 -0.00218331 0.00967749 0.000231497 -0.00288222 8.12003e-06 0.00958595 -0.0100618 -1.802e-05 0.0109142 -0.0144212 -0.00249701 -9.3998e-05 -0.0106266 -0.000942285 -0.000293057 0.00792001 -0.00145969 -0.0100852 0.00666304 -0.00661131 -0.000779064 -0.000803314 0.0118027 4.77678e-05 0.0115237 8.29075e-06 0.000889147 -0.00815766 -4.40471e-05 0.000656945 -6.18163e-06 
