0.00303392 5.28031e-07 1.18413e-06 -0.000267238 -9.68472e-05 2.00033e-05 -0.00192658 -0.000392443 -0.000120194 0.00101482 6.98241e-06 0.000964081 0.000279509 5.04312e-06 0.000107871 1.33105e-05 -7.05636e-07 -0.000558845 -4.97729e-08 8.02535e-06 4.35544e-05 -2.1968e-05 0.000871568 1.23305e-06 7.37869e-06 -0.00144968 0.00112284 -0.000168227 -2.67047e-05 -3.34873e-05 0.000765092 0.0010196 2.90467e-05 2.9806e-05 -0.000150716 -0.00121935 1.82497e-05 -0.000259207 -0.000360502 -0.000293025 -2.15082e-06 1.1184e-05 -1.82533e-05 -0.00118798 1.95966e-06 -0.00118116 0.000163758 2.44696e-06 7.84232e-05 -1.69112e-05 7.21966e-05 -0.000212312 0.00088097 2.63812e-05 -1.45126e-07 0.000156245 2.68538e-06 -4.24854e-06 0.000261509 -0.00162007 1.49973e-05 -0.000805317 1.19076e-07 6.69376e-07 2.29292e-05 -5.76721e-05 3.13542e-05 -5.48262e-07 -2.88366e-05 4.07151e-05 -0.000339334 -0.000684474 -6.45086e-07 -0.000182615 -0.000299925 0.00124219 -0.000570864 0.000708926 0.000121069 1.1457e-05 6.18201e-06 -1.4337e-05 -0.000520586 0.00125196 0.00159531 -0.000152161 1.41565e-05 -0.00013231 0.00127877 -8.45518e-08 -0.000313818 0.00109177 -4.64365e-05 9.63048e-06 0.00040461 -0.00207437 2.59582e-06 -0.00127018 -8.40931e-08 0.000212802 
5.28031e-07 0.000166017 2.18149e-06 -1.41007e-05 -9.24188e-06 4.37915e-07 -2.20511e-05 8.71441e-05 -8.05409e-06 -3.48832e-07 -2.98024e-07 3.04428e-07 9.24327e-06 5.51594e-07 2.55277e-06 -1.03863e-06 -2.96169e-08 -6.37045e-05 -2.71575e-09 -1.95043e-07 3.52742e-06 -4.00074e-06 -1.73295e-07 1.70038e-06 -6.11818e-08 -1.13186e-05 -1.21291e-06 -9.47745e-05 2.59612e-05 -4.41076e-07 1.91844e-07 3.92369e-07 -2.62992e-07 5.48399e-07 5.48255e-06 -3.61282e-06 -3.88741e-06 -0.00011335 -9.09627e-07 -1.02075e-05 2.85779e-06 -3.48251e-08 5.58908e-08 -1.48602e-06 -1.12947e-08 5.72912e-05 5.80543e-06 -1.12626e-07 -1.71517e-07 1.3354e-06 -2.46932e-07 -4.22204e-06 -3.35718e-06 -1.47343e-05 -7.91848e-09 -1.09647e-05 -6.86981e-08 9.02712e-07 -5.73119e-06 -0.000113485 -3.93553e-08 3.58233e-05 4.88924e-08 -5.32025e-08 4.20546e-07 -2.18293e-06 1.63404e-06 -7.96275e-08 3.36802e-05 2.80353e-07 -5.71445e-05 -1.06644e-05 -3.51977e-08 -1.02831e-05 0.000120867 -6.92461e-05 1.03697e-05 -3.39928e-07 9.00055e-05 -3.14488e-08 -4.01274e-09 -2.36068e-05 0.000125097 1.43513e-06 -1.33141e-06 1.4474e-05 8.0223e-08 2.08577e-05 3.53324e-07 -1.00697e-08 -9.44805e-05 -1.50429e-05 -3.75839e-06 -2.07685e-08 1.15288e-05 -7.09571e-05 -2.99718e-07 3.6721e-05 6.84301e-07 -1.8507e-06 
1.18413e-06 2.18149e-06 0.00131425 -0.000133225 1.01761e-05 4.80263e-06 6.78012e-05 -6.51805e-06 -8.50869e-06 -2.76465e-06 -8.84198e-07 -7.55976e-05 -1.84472e-05 -4.53134e-07 -3.80121e-06 -1.09439e-05 -4.10848e-07 0.000291828 -2.15235e-08 1.43197e-06 3.85903e-05 -2.3941e-05 2.11545e-06 -1.50873e-07 -4.07116e-07 4.03138e-06 1.89748e-05 -1.63575e-05 8.93099e-05 4.15891e-07 -8.40911e-05 -1.46945e-06 -2.08433e-06 4.00493e-07 -5.62109e-05 -9.52821e-05 -3.03187e-05 -0.000129289 4.78386e-05 9.26582e-05 9.95131e-07 -5.37822e-08 5.12946e-05 -2.56379e-05 -8.95157e-08 -0.000221791 -6.7408e-06 8.07387e-07 2.46288e-06 -4.26828e-06 1.4343e-05 -0.000116454 -3.41556e-05 2.04951e-05 -6.27575e-08 -0.000116419 1.79998e-06 -1.88947e-06 -2.20825e-05 1.05069e-05 -3.9997e-07 -0.000174779 -1.02567e-07 6.45013e-07 3.6736e-06 -1.53317e-05 1.54477e-06 2.02249e-07 4.02865e-05 -6.12775e-06 -0.000280383 -1.58831e-05 2.65438e-06 -9.29796e-05 -0.000139448 -0.000304267 0.000190553 -6.60751e-07 -0.000140269 -2.49246e-07 5.70861e-08 5.38652e-07 -8.86987e-06 -1.62723e-05 3.89204e-06 -7.28247e-05 2.90461e-06 -7.32604e-05 -4.58276e-06 -7.98067e-08 5.34314e-06 -0.000123176 -4.43873e-05 9.24289e-07 9.69254e-05 -1.89492e-05 -2.3754e-06 0.000368029 2.96968e-07 -2.26817e-05 
-0.000267238 -1.41007e-05 -0.000133225 0.121885 0.00847967 -5.51671e-05 0.00960895 -0.0101064 -0.00873316 -0.000247117 0.000629254 -0.00733992 -0.00218055 -0.00010405 -0.000379619 -0.0011925 -1.71425e-05 -0.0487841 -2.3236e-06 -6.69351e-05 -0.00174328 0.00687928 -0.00012785 8.00466e-05 -3.5314e-05 0.000669546 -5.42979e-05 0.0178168 -0.000110538 -0.00164419 -0.00784573 -0.000117448 -0.000206084 3.6619e-05 -0.0045636 0.000289997 0.00212674 0.0280947 -0.0337139 -0.0154802 -0.000106688 -1.52964e-05 0.000463599 0.000699168 -2.91934e-06 0.0463226 0.00056451 -9.20188e-05 -6.87834e-05 -0.000887372 -0.000186587 0.0453656 -0.00178872 -0.0137021 -6.77507e-06 -0.0127649 -1.96672e-05 -0.000221427 -0.00402518 0.0165394 -3.86348e-05 -0.0275837 1.14187e-05 -2.06313e-05 1.29586e-05 -0.00115456 -5.73052e-05 -4.27184e-05 -0.00150077 0.000561172 0.0706398 -0.00169241 0.000120929 0.053041 -0.0179892 -0.0532985 -0.0596348 2.56122e-05 -0.0164548 -1.43521e-05 -2.66665e-06 -0.0045967 -0.0160568 -0.00184059 -0.00123175 -0.00787576 -5.84904e-05 -0.00684294 -0.000372127 3.08732e-05 0.0252284 -0.0148466 -0.00512678 6.43638e-05 -0.0045234 0.00922946 0.000268483 -0.0554777 -2.98137e-06 0.0117064 
-9.68472e-05 -9.24188e-06 1.01761e-05 0.00847967 0.0525612 0.000189784 -0.0042356 -0.00852966 0.00204624 -0.00010813 0.000126467 -0.000385939 0.00137443 6.68845e-05 -3.95188e-05 -0.000285046 8.62323e-06 0.000221367 2.84522e-06 0.000146209 -0.00068236 0.00162379 -4.44229e-05 3.5879e-05 1.99915e-05 -0.00451104 -2.62036e-05 0.00747771 -0.000441076 -0.000580796 0.00124829 -4.83502e-05 -6.54344e-05 9.17427e-06 0.0059018 -0.00268896 0.00100487 0.00567258 -0.0122323 -0.00623097 5.12187e-05 -5.87357e-06 -0.000332719 0.000195946 2.42506e-06 -0.00171655 0.000311625 -2.58085e-05 1.62886e-06 -0.000317144 -3.26842e-05 0.00446464 -0.00028786 -0.00488892 -2.3321e-06 -0.0012727 -2.05836e-05 -8.0986e-05 -0.00199968 0.00483568 1.14722e-05 -0.00913342 6.42821e-06 -1.77005e-05 9.03129e-05 -0.00106389 -2.24555e-05 -1.55805e-05 0.00209896 -0.0001535 0.0316817 -0.0059207 4.83793e-05 -0.0020814 -0.00929647 -0.00750939 -0.0107055 9.10985e-05 -0.00662993 4.48039e-06 2.44379e-06 0.00169623 -0.00749567 -0.000731364 -0.000151939 -0.00316762 -2.68984e-06 -0.00265328 -6.28282e-05 8.54681e-06 0.0007692 -0.00609143 -0.00181932 5.54161e-05 0.0118707 -0.0159752 8.08884e-05 -0.0047475 -1.07138e-06 0.00106829 
2.00033e-05 4.37915e-07 4.80263e-06 -5.51671e-05 0.000189784 0.000841613 -0.000265967 -8.44929e-05 -4.45204e-05 -7.36245e-07 7.14372e-06 -5.6279e-06 -6.44149e-06 2.85241e-05 -9.78447e-07 -2.16612e-06 2.77036e-06 -6.41525e-05 4.97334e-07 -1.56096e-07 0.000105928 1.38492e-05 3.13201e-06 3.1781e-06 3.33408e-06 -2.05671e-05 1.04818e-05 -8.40258e-05 -8.76725e-06 2.43007e-07 -4.09237e-05 1.65928e-05 1.20325e-05 4.52874e-06 -2.19465e-05 -0.00034819 -2.10212e-05 8.20169e-05 0.000311858 0.000248355 8.81191e-06 1.07889e-06 -1.10397e-07 -0.000228216 2.27604e-06 -9.53571e-05 2.83466e-05 -4.67114e-09 3.25214e-06 -5.51411e-06 7.22807e-05 6.23414e-05 -1.35248e-05 0.000324576 -4.01694e-08 -1.26612e-05 -3.48497e-07 -9.6992e-08 0.000175254 -0.000273275 -6.71209e-08 -0.000132429 2.90498e-06 1.52333e-07 0.000116883 -1.69611e-05 2.76646e-05 -2.81718e-07 6.99929e-05 4.08486e-06 -9.58036e-05 -0.000105785 2.58103e-05 -3.31691e-05 -9.79732e-05 -0.000101592 -0.000203777 5.70892e-06 -9.18906e-05 6.07131e-07 -2.03561e-08 -7.88918e-05 -0.00013887 6.68839e-06 9.74576e-05 -3.72974e-05 -4.94883e-07 -4.85603e-05 1.8755e-05 -5.10822e-08 0.000116725 -7.85961e-05 1.29057e-05 1.68664e-08 0.000237523 -0.000195616 3.22402e-06 -0.000178686 -2.32762e-08 5.40616e-06 
-0.00192658 -2.20511e-05 6.78012e-05 0.00960895 -0.0042356 -0.000265967 0.0765597 0.0125926 -0.00422012 -0.00131659 4.24161e-05 -0.00616247 -0.00771714 -0.000572235 -0.0014764 -0.00332269 -4.3045e-07 -0.0199986 -1.3267e-05 -8.41166e-05 0.000974539 0.00147545 -0.000801869 -7.15119e-05 -0.000288397 0.00804845 -0.0014329 -0.0144795 -0.000409363 0.000594552 -0.00511814 -0.000990564 1.42469e-05 -7.50304e-05 -0.00344257 0.00239321 0.00104709 0.0025468 -0.0132536 0.00666534 -0.000111886 -8.12126e-05 0.000268776 0.00148848 -1.26842e-05 0.0233005 -0.000468501 -0.000224181 -6.24197e-06 0.00051829 -0.000366922 0.00664901 -0.00157372 0.00430765 -1.44162e-05 -0.0380879 -0.000208704 -0.000106621 -0.00329395 -0.00203107 -0.000264054 0.00902633 -3.93837e-05 -2.7289e-05 -0.000139621 -7.79728e-05 -9.31715e-05 -7.94054e-05 -0.00423995 -0.000283026 -0.00166998 0.0120254 -5.92917e-05 0.00574935 0.00483469 -0.0334585 -0.0144777 -0.000991046 0.00615185 -7.52223e-05 -1.43812e-05 -0.0189452 0.0079017 -0.000204493 -0.00458731 0.00378069 -0.000257197 0.00374783 -0.00106945 -2.90005e-05 -0.00780409 0.00281289 -0.00348458 -7.85179e-05 -0.0074356 0.00903206 -4.14319e-05 0.0130256 -1.91558e-07 0.000960675 
-0.000392443 8.71441e-05 -6.51805e-06 -0.0101064 -0.00852966 -8.44929e-05 0.0125926 0.144759 -0.00922125 -8.91759e-05 5.81751e-05 -0.00335634 -0.000975535 -0.000108155 0.000525949 -0.00152961 3.26694e-05 -0.0845052 1.28367e-06 -0.000191146 0.00132997 -0.00309626 -0.000141925 3.22595e-05 -2.19438e-05 -0.000909103 -0.000450214 -0.108414 0.00315233 0.00624641 0.00254143 -0.000195635 -0.000223101 4.22321e-05 -0.000278991 0.000282083 -0.00233662 -0.113255 -0.00896045 -0.00302552 -3.16432e-05 -3.01606e-05 -0.000511053 0.000879192 2.95592e-06 0.0775871 -0.000113049 3.23543e-05 -0.000113378 0.00329714 -0.000216484 -0.0090579 -0.00413003 -0.0101998 1.74374e-05 -0.0161724 -4.80144e-05 1.94647e-05 -0.00514304 -0.0836551 -5.14235e-05 0.076958 -5.31068e-05 -4.39458e-06 -0.0001126 0.00725709 0.000116169 -6.33722e-05 0.00101981 0.00210673 -0.0484852 0.00178461 -3.52658e-05 -0.0105047 0.104324 -0.0785938 0.0010419 -0.000262071 0.0952335 -2.54902e-05 1.67667e-07 0.000165267 0.0926072 0.00946128 -0.00151028 0.0449217 1.80941e-07 0.0486632 0.000800573 -7.07083e-06 -0.0937595 -0.01918 -0.00331315 1.97082e-06 -0.0183489 -0.00703035 -0.000255249 0.033479 -2.12994e-06 -0.00203694 
-0.000120194 -8.05409e-06 -8.50869e-06 -0.00873316 0.00204624 -4.45204e-05 -0.00422012 -0.00922125 0.0621411 -0.00012577 -0.000111088 -0.00353125 0.000162021 -4.12227e-05 0.000503044 0.00147059 -7.573e-06 0.0252699 -1.05551e-06 4.51114e-05 -0.00052666 -0.00158893 -6.29245e-05 -6.76769e-06 -1.39663e-06 -0.00220993 -0.000430047 0.0164689 -0.000433921 -0.000725106 -0.00445549 -7.33481e-05 0.000102402 -7.74566e-06 0.00172855 0.000435856 -0.00173826 -0.0104762 -0.0179197 -0.00648753 -2.0451e-05 -1.25293e-05 -0.000362297 0.0002982 -3.17338e-07 -0.0224238 -0.00041084 -2.83336e-05 -1.35115e-05 -0.000435655 -9.44593e-05 -0.00700455 -0.0017302 -0.00651318 -2.83035e-06 0.00902469 1.21787e-05 -0.000118515 -0.00226245 0.00881971 -1.57822e-06 -0.0166262 -2.91998e-05 -1.4253e-05 -2.26642e-05 -0.000821077 -2.94766e-05 -9.81045e-07 -7.79765e-05 -0.000314824 -0.000879472 -0.00247755 -1.3612e-05 -0.00482532 -0.0110209 0.0279534 0.0199453 1.28109e-05 -0.0111213 -3.31163e-07 -6.08849e-07 0.000943233 -0.0115142 -0.000905655 -0.000588146 -0.00383987 2.01202e-05 -0.00362125 -0.000291323 -3.97062e-06 0.0115193 0.0152544 -0.00164747 -8.32681e-06 -0.00275123 -0.022903 -6.62785e-05 0.00835296 -1.72852e-06 -0.0013585 
0.00101482 -3.48832e-07 -2.76465e-06 -0.000247117 -0.00010813 -7.36245e-07 -0.00131659 -8.91759e-05 -0.00012577 0.00209642 -3.33734e-06 0.0011421 4.42304e-05 6.18175e-06 0.000118466 -1.99246e-05 -1.33658e-07 -0.00111581 1.9212e-06 7.02116e-06 -4.66722e-05 -1.40183e-05 0.000843163 -3.18852e-08 5.48135e-07 -0.0012731 0.000921189 -0.00125554 2.19059e-05 -1.90488e-05 0.00123774 0.00088301 1.77614e-05 2.74283e-05 -1.87903e-05 -0.00123336 4.83208e-05 -0.000818405 -0.000307417 -9.55704e-05 5.7896e-06 1.64705e-05 -1.0678e-05 -0.00117938 3.63487e-06 -0.000398459 0.000244388 -1.08053e-06 0.000105374 -7.14685e-06 0.000210898 -1.01253e-05 0.00114446 -7.78446e-05 4.4258e-08 -0.00019171 4.92419e-05 3.82053e-05 2.00509e-05 -0.00110816 3.86149e-06 8.26109e-05 3.48719e-06 -6.46368e-09 -1.5676e-06 7.6138e-06 6.41583e-05 6.18142e-06 4.41292e-05 -7.96264e-06 -0.000686308 -1.35377e-05 -4.4533e-07 -0.000138558 0.000372685 0.000489494 -0.000859505 0.000559177 0.000491828 1.49465e-05 7.14521e-08 -0.000225735 0.000188449 0.00100382 0.000927105 -8.35945e-05 -9.23175e-07 -8.31995e-05 0.000948638 5.92946e-09 -0.00130556 0.00102069 1.6457e-05 9.75945e-06 -0.000199143 -0.000791218 9.44124e-06 -0.00101565 7.64169e-07 -2.68479e-05 
6.98241e-06 -2.98024e-07 -8.84198e-07 0.000629254 0.000126467 7.14372e-06 4.24161e-05 5.81751e-05 -0.000111088 -3.33734e-06 0.00179162 -6.60299e-05 0.000121509 -1.25762e-06 2.82447e-06 2.4707e-05 8.18409e-06 -0.00087566 -2.93557e-08 -1.97193e-07 -2.62995e-05 0.000103032 -1.26211e-06 -1.91637e-07 6.49771e-07 -0.000150878 6.38117e-06 -6.73417e-05 -1.1051e-05 3.56806e-05 9.66889e-06 -1.32639e-06 -2.63168e-06 6.021e-08 -2.18687e-05 -2.99309e-05 0.000178498 4.11894e-05 -0.000457123 -5.12975e-05 3.44055e-06 -3.76439e-07 1.24831e-05 1.0097e-05 4.55688e-07 0.000713118 -1.13962e-05 -2.50756e-07 -1.04288e-06 -1.09347e-05 -1.59142e-06 -0.000134079 -2.08118e-05 -6.48535e-05 -8.55941e-08 -9.8693e-05 -5.64809e-07 -3.21351e-06 -6.26381e-05 0.000111396 1.69893e-06 -0.000277234 -3.90536e-07 -1.52866e-07 -5.28162e-07 -3.53198e-05 1.98918e-06 7.26057e-08 -1.81031e-05 2.89988e-06 0.00072327 -0.000751444 -3.80467e-07 0.000736484 -0.000113017 -0.000762732 -0.0010364 -2.27443e-06 5.0514e-05 1.39339e-06 4.55135e-08 0.000200724 5.53016e-05 1.9407e-05 -1.50532e-05 -8.15649e-05 -1.05451e-06 -4.92435e-05 1.78664e-05 -1.08847e-07 -0.000126745 -0.000198303 -8.99342e-06 -2.24495e-07 -0.00017717 0.000204365 3.61158e-05 -0.000542338 5.94847e-07 0.000391111 
0.000964081 3.04428e-07 -7.55976e-05 -0.00733992 -0.000385939 -5.6279e-06 -0.00616247 -0.00335634 -0.00353125 0.0011421 -6.60299e-05 0.0573388 -0.000791893 0.000825621 0.000757358 0.00028486 -1.21877e-05 -0.0318629 2.12309e-07 3.27889e-05 0.00396907 0.0034946 0.000809299 8.34529e-06 -1.79238e-05 -0.0022526 0.000582319 -0.0355596 0.00101674 -0.000575206 0.040749 0.00089301 -2.71237e-05 4.31839e-05 0.0083294 -0.00454189 0.00482647 -0.0156918 -0.0131012 0.0134945 0.000112853 7.51587e-05 -0.000131374 -0.000886477 -1.50954e-06 0.025994 -0.000135538 0.000466212 4.69972e-05 -6.26583e-06 0.000107238 0.00152151 0.0122729 0.00117304 7.74329e-06 -0.00579968 5.29785e-05 0.000350441 -0.00227773 0.00533713 -1.35051e-05 0.0339564 1.07219e-05 7.82109e-05 -3.84343e-05 -0.0014402 -2.25548e-05 0.00017207 0.00647656 7.22204e-05 -0.00323512 0.00157899 -1.27841e-06 -0.003118 -0.00351416 -0.0198447 -0.0349302 0.000660603 0.0233393 6.44815e-07 -1.5359e-07 -0.00875854 0.0190846 0.000332112 0.00121702 -0.00240842 -3.02233e-05 -0.00100925 0.000959313 -8.25663e-07 -0.032693 -0.00270245 -0.00144322 6.32841e-06 -0.00581776 -0.0127911 9.65138e-05 -0.00580089 6.27915e-06 -0.000918026 
0.000279509 9.24327e-06 -1.84472e-05 -0.00218055 0.00137443 -6.44149e-06 -0.00771714 -0.000975535 0.000162021 4.42304e-05 0.000121509 -0.000791893 0.0155497 8.01061e-06 0.000275714 -0.000123693 2.58119e-05 0.00415622 2.53048e-06 9.91914e-06 -0.000312535 -0.000311821 -1.62671e-05 -1.96703e-06 7.80451e-05 -0.00550471 5.18026e-05 0.00283667 -5.13647e-06 -7.89523e-05 -0.000535058 -1.40086e-05 -1.81019e-05 6.04901e-06 -0.000597745 0.000187427 0.00042528 -0.000146032 -0.00371189 -0.00187949 3.85461e-05 -2.11365e-06 -9.56215e-05 4.05078e-05 1.16974e-06 -0.00605777 0.00037596 7.2791e-07 1.46688e-05 -0.000101481 6.80406e-06 -0.000901613 -0.000302045 -0.00146015 7.98791e-08 0.00750681 2.51883e-06 -2.13651e-05 -0.000459011 0.000678839 0.000262365 -0.00289077 -1.3569e-06 -3.32896e-06 2.47753e-06 -0.000235174 1.23365e-06 -4.9989e-06 0.000266315 0.000121173 0.00538155 -0.00693362 -3.29356e-06 -0.00114071 -0.00120527 0.00540558 0.00375615 -8.14464e-06 -0.0011566 6.18409e-05 1.51293e-05 0.00866818 -0.00114795 -0.000171683 -9.03745e-05 -0.000835161 4.13064e-05 -0.000492282 -2.35618e-05 4.67519e-06 0.00164959 -0.0016876 9.12899e-05 2.97941e-06 0.0039354 -0.00586234 7.13926e-05 -0.00544871 -4.36589e-07 -0.000317472 
5.04312e-06 5.51594e-07 -4.53134e-07 -0.00010405 6.68845e-05 2.85241e-05 -0.000572235 -0.000108155 -4.12227e-05 6.18175e-06 -1.25762e-06 0.000825621 8.01061e-06 0.000959766 2.15188e-05 8.34421e-07 -2.99927e-07 -0.000165995 -1.57126e-08 -7.84023e-07 0.000219709 -2.30139e-05 3.13069e-06 2.82919e-06 -3.20648e-07 -0.000696877 5.1443e-06 -0.000597177 0.000130833 -1.06798e-05 0.000787491 7.11616e-06 -1.37716e-06 3.37447e-06 0.000703693 -0.000606786 0.000361597 -0.000602074 -0.000264727 8.4923e-05 6.46661e-05 -2.01488e-07 -5.22687e-07 -5.77035e-07 -6.53482e-08 0.000448214 -3.29717e-06 0.000203626 -9.92349e-07 -5.2079e-06 1.04909e-06 -6.04524e-05 -1.79452e-05 -9.43783e-05 -4.58142e-08 -9.41819e-05 7.58087e-07 -1.67558e-06 -3.56337e-05 9.78636e-05 -2.91985e-07 -0.000219167 2.55589e-06 -3.07815e-07 -5.50178e-07 -2.36664e-05 1.39856e-06 2.55041e-06 0.000824853 1.67361e-06 0.000231886 4.71375e-06 8.85244e-07 -4.24238e-05 -3.74085e-05 -0.000407472 -0.000599708 4.25549e-06 0.000465698 3.6249e-07 -2.32166e-08 -0.000136787 0.000376172 9.07187e-07 -8.06115e-06 -3.86737e-05 -5.64426e-07 -5.35296e-05 1.64025e-06 -5.82604e-08 -0.000604492 -8.04496e-05 -3.56601e-05 -1.20161e-07 -9.16212e-05 -0.000738137 7.21469e-07 0.000258082 1.00679e-06 3.53518e-06 
0.000107871 2.55277e-06 -3.80121e-06 -0.000379619 -3.95188e-05 -9.78447e-07 -0.0014764 0.000525949 0.000503044 0.000118466 2.82447e-06 0.000757358 0.000275714 2.15188e-05 0.0034842 -2.61429e-05 -3.91583e-07 -0.000558681 -5.71859e-08 6.28184e-06 0.00011946 -4.75665e-05 3.97731e-05 5.03845e-05 1.44672e-05 -0.000688022 -2.57815e-05 -0.00112606 -5.52536e-06 0.000105957 0.000801688 8.48958e-05 -3.90453e-06 2.97026e-06 0.000554682 -0.000162278 -1.79823e-05 -0.0022537 -0.000627712 -0.00032934 1.79721e-05 2.62667e-05 -2.16856e-05 -7.1265e-05 -2.37834e-07 0.00029914 -2.1038e-05 3.50638e-07 -1.77832e-06 2.10807e-05 -5.44129e-07 -0.000349168 0.000295051 -0.000321317 2.23326e-06 0.000578868 1.9423e-06 3.84955e-05 -5.34463e-05 -0.000806131 1.79929e-05 0.00074606 1.35525e-06 1.0686e-06 3.71133e-05 -3.92958e-05 -1.52281e-06 8.14549e-06 9.84068e-05 -1.59829e-05 -0.000524991 -0.000356019 3.60366e-05 -0.000252429 0.000526245 5.11625e-05 -4.76838e-05 0.000100298 0.00142051 3.81556e-06 -8.44969e-08 0.000547045 0.00102698 5.25083e-05 5.53115e-05 0.000513838 -1.78756e-06 2.31944e-05 7.56425e-05 1.46769e-05 -0.00131647 -0.000274837 -8.34939e-05 3.70182e-05 -0.000195789 -0.00155598 7.71888e-05 -0.000175623 -9.66178e-08 -7.08952e-05 
1.33105e-05 -1.03863e-06 -1.09439e-05 -0.0011925 -0.000285046 -2.16612e-06 -0.00332269 -0.00152961 0.00147059 -1.99246e-05 2.4707e-05 0.00028486 -0.000123693 8.34421e-07 -2.61429e-05 0.0114083 2.76341e-06 0.00175167 2.22343e-07 3.67616e-06 -0.000189777 -4.90304e-05 -1.16899e-05 -1.51809e-06 6.75845e-06 -2.82512e-05 0.000500335 0.000622702 -7.87553e-05 -9.36807e-05 0.000911679 -9.0764e-06 -5.4691e-06 -1.81986e-06 -0.000487228 0.000111986 -0.000158114 0.00150383 -0.00194621 2.35644e-05 1.19929e-05 1.81016e-05 5.3585e-05 -0.000159058 2.0381e-07 -0.00297685 3.56346e-05 -5.40626e-06 3.62337e-05 1.58954e-05 7.9725e-05 -0.000683943 4.50558e-05 0.000203168 2.08293e-06 0.0017889 -4.37511e-06 -1.83974e-05 -0.000100649 0.000474076 -3.45229e-06 -0.000500862 8.75073e-07 1.56797e-05 2.02991e-05 -0.000129074 4.00987e-06 -4.9348e-06 -9.41753e-05 -4.9106e-05 -0.00168827 -0.000627074 -1.6021e-06 -0.000406779 -0.0014349 0.00121861 -0.000640172 1.92765e-06 -0.00103066 9.40293e-06 -2.7892e-07 -0.00124739 -0.0015668 -0.000138317 8.80819e-05 -0.000614751 -3.14756e-06 -0.000511665 -3.82561e-05 2.20007e-06 0.000158723 3.13958e-05 0.00180428 -1.32136e-06 -0.000315954 -0.000695908 -1.83774e-05 0.000736489 -3.1893e-07 -0.000211809 
-7.05636e-07 -2.96169e-08 -4.10848e-07 -1.71425e-05 8.62323e-06 2.77036e-06 -4.3045e-07 3.26694e-05 -7.573e-06 -1.33658e-07 8.18409e-06 -1.21877e-05 2.58119e-05 -2.99927e-07 -3.91583e-07 2.76341e-06 0.000312103 -0.000156408 -5.1062e-09 -3.00057e-07 -6.38084e-06 4.63666e-05 -3.25833e-07 2.47824e-07 6.26274e-06 -2.52126e-05 -9.53464e-07 -0.000190352 -2.50368e-06 -2.06308e-06 7.19343e-05 -3.48609e-07 -9.44832e-08 3.16969e-10 6.46849e-06 -1.20145e-05 4.19765e-05 -7.63894e-05 -2.1943e-05 -2.02625e-05 4.85483e-06 1.66785e-06 -6.18307e-07 -4.31659e-06 -2.12365e-08 9.96834e-05 7.12108e-06 9.77127e-07 2.11084e-06 -2.53242e-07 3.13571e-06 5.63627e-05 2.70062e-05 7.59393e-06 -1.48885e-08 9.39776e-06 -1.18056e-07 6.2077e-06 -1.13231e-05 -7.89883e-06 4.16223e-07 5.73386e-05 4.75234e-06 2.27775e-06 4.78154e-07 1.84227e-05 4.21764e-07 -1.49717e-07 3.4597e-06 -1.34957e-06 7.8417e-05 -0.000124671 5.67154e-07 7.34585e-05 -9.28101e-06 -0.000127363 -0.000176562 -1.83584e-07 -1.90394e-05 -5.91307e-08 -7.54483e-09 0.000181285 -2.7915e-05 -2.60289e-06 -2.77494e-06 2.66996e-05 1.6388e-06 7.25983e-05 -6.79198e-08 -1.89332e-08 -5.00979e-05 -3.42257e-05 1.54305e-06 -3.90493e-08 -2.61121e-05 7.48981e-06 7.83647e-06 -0.00018127 -8.62713e-09 3.1823e-05 
-0.000558845 -6.37045e-05 0.000291828 -0.0487841 0.000221367 -6.41525e-05 -0.0199986 -0.0845052 0.0252699 -0.00111581 -0.00087566 -0.0318629 0.00415622 -0.000165995 -0.000558681 0.00175167 -0.000156408 0.239195 2.76653e-06 0.000242631 0.00194888 -0.0136608 -0.00053611 -1.62282e-05 0.000112854 -0.000266587 -0.00222769 0.158376 -0.00409941 -0.0030936 -0.0461094 -0.000561638 9.80706e-05 -9.26697e-05 -0.00985154 0.00292023 -0.0114576 0.0811897 0.0241487 -0.0276383 -0.000144928 -0.000123601 -0.00258208 0.000494932 -3.98192e-06 -0.183603 -0.00217823 -0.000104729 -0.000331019 -0.00377828 -0.000357614 -0.0570959 -0.0155407 -0.0111698 -1.97905e-05 0.037127 -8.12847e-05 -0.00106433 0.0117411 0.063845 0.000100162 -0.137794 -0.000216024 -0.000121423 0.00018298 -0.00870254 -0.000238513 -0.00013166 -0.00369986 -0.00196181 -0.0132659 -0.000360244 -3.71903e-05 -0.0424899 -0.091746 0.163771 0.132356 -0.000450821 -0.0980957 1.7301e-05 -1.19542e-06 0.0106778 -0.0964719 -0.00803383 0.00150565 -0.0336426 2.65113e-05 -0.0302274 -0.00218401 -3.03723e-06 0.122636 0.0380157 -0.000414674 -1.82942e-06 0.0384586 -0.026785 -0.000867065 0.0355069 -1.46002e-05 -0.0119295 
-4.97729e-08 -2.71575e-09 -2.15235e-08 -2.3236e-06 2.84522e-06 4.97334e-07 -1.3267e-05 1.28367e-06 -1.05551e-06 1.9212e-06 -2.93557e-08 2.12309e-07 2.53048e-06 -1.57126e-08 -5.71859e-08 2.22343e-07 -5.1062e-09 2.76653e-06 1.63553e-05 -1.9212e-08 4.93969e-07 -3.94077e-07 -1.70697e-08 -2.1513e-09 7.27307e-07 -4.07628e-06 -1.32607e-07 -2.22646e-06 4.33343e-06 -2.34976e-07 -1.13766e-06 2.11507e-06 -2.5905e-08 1.15266e-06 2.03956e-06 -3.32268e-06 -4.44204e-07 -1.05858e-05 9.12244e-06 -1.07311e-06 -1.4008e-08 -3.43031e-09 -1.21452e-07 -3.24583e-06 -1.11254e-09 -3.96572e-06 4.91089e-07 -1.10938e-08 -1.68946e-08 -1.08147e-07 5.34547e-08 -1.73251e-06 -4.28092e-07 4.28877e-06 -7.79978e-10 3.24209e-06 4.87887e-08 -1.81721e-08 3.10516e-06 -1.04999e-05 1.50585e-07 -4.15283e-06 -8.31753e-09 -5.2405e-09 5.76685e-07 1.28393e-06 -7.59116e-09 -7.8434e-09 5.93093e-06 4.50408e-07 -4.81649e-06 -1.65517e-06 -3.46701e-09 -1.18784e-06 2.95547e-06 3.24783e-06 5.11353e-06 7.88739e-07 -2.61726e-06 -3.09774e-09 -3.95259e-10 -2.5326e-06 2.18411e-06 -2.23092e-07 2.28796e-06 -9.47078e-07 1.47928e-06 -9.16367e-07 -7.57373e-08 7.67859e-08 -4.28178e-06 -1.82212e-06 -2.4508e-07 -2.04572e-09 9.05204e-06 -1.08885e-05 -2.95225e-08 2.03019e-06 -4.51959e-10 -3.39898e-07 
8.02535e-06 -1.95043e-07 1.43197e-06 -6.69351e-05 0.000146209 -1.56096e-07 -8.41166e-05 -0.000191146 4.51114e-05 7.02116e-06 -1.97193e-07 3.27889e-05 9.91914e-06 -7.84023e-07 6.28184e-06 3.67616e-06 -3.00057e-07 0.000242631 -1.9212e-08 0.00117326 3.19109e-05 -2.09468e-05 5.37406e-06 -1.54505e-07 -3.77262e-07 -0.000141767 1.31985e-05 7.77258e-05 -4.32542e-06 -1.59425e-05 6.92949e-05 4.36614e-06 -1.38258e-07 1.69944e-07 -5.07486e-05 -4.03888e-05 -2.33024e-05 -7.29701e-05 -0.000286058 -8.35097e-05 1.60507e-06 2.16475e-06 -3.36814e-08 -7.65274e-06 -7.99019e-08 -0.000112395 -3.81078e-06 -7.96748e-07 2.71998e-06 -6.12263e-06 4.19801e-07 -3.66385e-05 9.51103e-05 -0.000109895 -5.60175e-08 -2.35809e-05 -1.74878e-07 -2.0031e-06 -2.44725e-05 8.09025e-05 1.42986e-07 -0.000171036 -5.30692e-07 -3.76369e-07 4.67951e-07 -2.87888e-05 -3.34081e-07 3.03669e-06 -1.35828e-05 -3.43339e-06 0.000104665 -2.26516e-05 2.84335e-07 -7.77635e-05 -0.000173325 0.000310207 0.000183166 2.69525e-06 -7.71747e-05 -4.46999e-08 -2.83872e-08 8.51336e-05 -5.22839e-05 1.74436e-06 1.53715e-06 -6.33963e-05 -5.12352e-07 -7.12261e-05 6.5606e-06 4.62098e-07 1.06266e-05 -7.57635e-05 1.12244e-05 3.86411e-07 -2.11001e-05 -0.000430794 7.3686e-06 -7.65075e-05 -3.24593e-08 -1.81556e-05 
4.35544e-05 3.52742e-06 3.85903e-05 -0.00174328 -0.00068236 0.000105928 0.000974539 0.00132997 -0.00052666 -4.66722e-05 -2.62995e-05 0.00396907 -0.000312535 0.000219709 0.00011946 -0.000189777 -6.38084e-06 0.00194888 4.93969e-07 3.19109e-05 0.022268 -0.000334278 1.264e-05 2.15472e-05 -7.07443e-07 5.06457e-05 -0.000134364 -0.00515223 -6.98741e-05 0.00144097 0.00205012 3.22664e-05 4.87303e-05 1.74571e-05 -0.000279432 -0.000277257 -0.000561249 -0.00475989 -0.00593074 0.00240432 2.94615e-07 -2.55702e-06 -9.53558e-05 -8.53779e-05 7.34996e-06 0.00410595 -0.000133283 0.000112566 5.06729e-05 4.64134e-05 6.94544e-06 -0.00198086 -0.000364068 3.7337e-05 -1.0892e-07 -0.00218678 -8.06117e-06 -3.30429e-05 0.000327451 0.000366869 -6.87024e-06 0.000380338 4.85613e-06 -6.13461e-06 0.000219063 -0.000173554 3.5348e-06 2.80389e-05 0.000852709 0.000283321 -0.0012421 -0.000320087 4.33585e-05 -0.00101252 -0.00339355 -0.00617477 -0.00604236 5.61386e-05 0.000615317 -2.52701e-06 -1.73579e-08 -0.000383786 0.00183357 0.000510246 5.89151e-05 -0.000304741 -1.17991e-05 0.000143064 0.000791902 1.30847e-05 0.00100126 -0.00212652 -0.000454582 1.91609e-05 -0.00179667 -0.00551716 -2.20875e-05 0.00580847 1.48142e-06 5.33521e-05 
-2.1968e-05 -4.00074e-06 -2.3941e-05 0.00687928 0.00162379 1.38492e-05 0.00147545 -0.00309626 -0.00158893 -1.40183e-05 0.000103032 0.0034946 -0.000311821 -2.30139e-05 -4.75665e-05 -4.90304e-05 4.63666e-05 -0.0136608 -3.94077e-07 -2.09468e-05 -0.000334278 0.0235139 -1.07243e-05 -2.91366e-06 -2.36688e-06 0.00035061 0.000335937 -0.00614423 -2.96085e-07 -1.88363e-05 0.000258737 -2.23377e-05 2.74932e-05 -1.79644e-06 -0.0010741 -7.99396e-05 0.000493748 0.00367446 -0.00484578 -0.0014689 -1.88805e-05 2.06882e-06 0.00043586 0.000135525 -8.94511e-07 0.0106897 -0.000117821 -1.23541e-05 -1.35885e-05 -4.02856e-05 -1.27541e-05 0.00271271 0.000468817 -0.00131559 -1.14904e-06 -0.00176466 4.13425e-05 0.00029955 -0.000736211 0.00266547 2.43246e-06 0.00757702 3.07803e-05 -6.44234e-06 -1.28676e-05 0.000171983 8.62809e-06 4.50232e-05 -0.000266813 -7.61733e-05 0.0102217 -0.00205644 8.99252e-06 0.00841386 -0.00348636 -0.0101313 -0.0130794 -3.91597e-05 -0.00237432 -8.96815e-07 -4.15615e-07 0.00158393 -0.0029221 -0.000284195 -0.000165126 -0.0012725 -1.19338e-05 -0.001125 -4.66401e-05 -1.33897e-06 -0.000121939 -0.00196001 -0.000669573 -2.71368e-06 -0.00258774 0.00354734 0.000600297 -0.0139361 2.67524e-07 0.00158629 
0.000871568 -1.73295e-07 2.11545e-06 -0.00012785 -4.44229e-05 3.13201e-06 -0.000801869 -0.000141925 -6.29245e-05 0.000843163 -1.26211e-06 0.000809299 -1.62671e-05 3.13069e-06 3.97731e-05 -1.16899e-05 -3.25833e-07 -0.00053611 -1.70697e-08 5.37406e-06 1.264e-05 -1.07243e-05 0.00104258 1.50717e-06 -6.23342e-08 -0.000914126 0.000657394 -0.000641496 -1.15024e-05 -1.1683e-05 0.00073763 0.000814179 6.03586e-06 3.40931e-05 -4.2314e-05 -0.000956854 -1.8534e-05 -0.000416012 -0.000205228 -4.30644e-05 -5.3831e-07 2.77e-06 -6.7833e-06 -0.000913898 1.60679e-06 -0.000479856 5.40947e-05 1.06032e-05 6.15886e-05 -6.90101e-06 7.23146e-05 -0.000104398 0.000784939 -2.01354e-05 -4.97713e-08 -0.000104071 9.23756e-07 -1.22415e-06 -3.56421e-05 -0.000802863 -3.17205e-07 -0.000262954 -9.74176e-08 2.53226e-06 2.09902e-06 -2.60789e-05 1.35156e-05 1.02173e-06 -4.85089e-06 3.68624e-06 -0.000347087 -6.35809e-05 1.18988e-06 -7.20621e-05 -0.000119834 0.000413398 -0.000628711 0.00046573 0.000311286 8.95789e-06 9.70003e-08 -0.000162628 -0.000176344 0.000903598 0.000790579 -3.68453e-05 -4.46511e-07 -4.96757e-05 0.000866134 -6.32926e-08 -0.000662244 0.000776839 -2.14317e-06 6.59168e-06 -4.50908e-05 -0.00078928 -1.88386e-06 -0.000532029 -2.884e-08 3.73663e-05 
1.23305e-06 1.70038e-06 -1.50873e-07 8.00466e-05 3.5879e-05 3.1781e-06 -7.15119e-05 3.22595e-05 -6.76769e-06 -3.18852e-08 -1.91637e-07 8.34529e-06 -1.96703e-06 2.82919e-06 5.03845e-05 -1.51809e-06 2.47824e-07 -1.62282e-05 -2.1513e-09 -1.54505e-07 2.15472e-05 -2.91366e-06 1.50717e-06 0.000131516 2.2182e-06 -9.67536e-05 -4.99773e-07 -8.28363e-05 2.09284e-06 -1.88971e-06 1.69488e-05 3.8242e-05 -2.08331e-07 3.55451e-06 5.63155e-05 -7.42572e-05 4.23877e-06 -8.52148e-05 3.70832e-05 -1.23342e-05 1.09568e-07 -2.75869e-08 -9.76729e-07 -6.26287e-05 -8.94719e-09 -6.65919e-06 -7.75873e-07 1.8856e-07 8.64132e-07 -8.69735e-07 1.35995e-06 -1.36636e-06 4.15723e-06 4.07283e-05 -6.27268e-09 -1.30442e-05 9.00247e-08 4.42279e-07 2.86708e-05 -8.49492e-05 -3.99774e-08 -3.26366e-05 4.06644e-06 -4.21447e-08 6.2213e-05 -3.52478e-06 4.83395e-07 1.70256e-07 2.35051e-06 1.37553e-05 4.74567e-05 -2.15758e-05 6.18277e-05 -8.78657e-06 1.44656e-05 -5.59267e-05 -6.22183e-05 6.21418e-05 3.43896e-05 -2.49124e-08 -3.17872e-09 -1.80976e-05 2.33278e-05 6.30587e-06 1.43089e-06 1.32168e-05 -7.72788e-08 8.18134e-06 2.02263e-09 1.65142e-05 -7.74686e-05 -1.46537e-05 -1.58734e-06 5.77169e-05 2.63084e-05 -9.69902e-05 1.30702e-06 -4.7975e-05 -3.6347e-09 2.7665e-06 
7.37869e-06 -6.11818e-08 -4.07116e-07 -3.5314e-05 1.99915e-05 3.33408e-06 -0.000288397 -2.19438e-05 -1.39663e-06 5.48135e-07 6.49771e-07 -1.79238e-05 7.80451e-05 -3.20648e-07 1.44672e-05 6.75845e-06 6.26274e-06 0.000112854 7.27307e-07 -3.77262e-07 -7.07443e-07 -2.36688e-06 -6.23342e-08 2.2182e-06 0.000368331 -5.5458e-05 -7.76327e-07 3.37166e-05 -4.25316e-06 5.73619e-05 -3.02275e-05 1.53301e-06 -5.83602e-07 8.45917e-07 -4.37204e-06 -3.9569e-06 -9.54059e-06 -6.72476e-05 -3.61376e-05 -4.25011e-05 -1.55794e-08 -7.72797e-08 3.52762e-07 -2.20947e-05 1.41938e-06 -0.000157464 -1.06471e-06 -2.49927e-07 1.08279e-07 -1.61418e-06 7.7187e-06 -3.21642e-05 -9.16651e-06 -3.26673e-05 7.71317e-07 0.000269005 -1.52447e-07 -6.59707e-07 -1.30015e-05 -2.24756e-05 5.32455e-07 -3.67019e-05 5.79285e-07 -4.0283e-08 2.5695e-06 7.06704e-05 1.17343e-06 -1.767e-07 -1.19838e-06 -9.7929e-07 6.51672e-06 -0.000247027 2.79967e-06 -1.28995e-05 -5.99184e-05 0.000119376 5.73782e-05 6.78932e-08 -5.81118e-05 1.0799e-07 -8.90461e-09 0.000246133 -6.20241e-05 -4.48149e-06 3.24027e-05 -1.73696e-05 1.31685e-06 2.65635e-05 -3.61806e-07 6.44321e-07 9.12302e-05 -3.17164e-05 -1.22268e-05 6.65024e-07 1.7287e-05 -3.46686e-05 -6.65099e-07 -0.000173859 -1.0182e-08 -7.68503e-07 
-0.00144968 -1.13186e-05 4.03138e-06 0.000669546 -0.00451104 -2.05671e-05 0.00804845 -0.000909103 -0.00220993 -0.0012731 -0.000150878 -0.0022526 -0.00550471 -0.000696877 -0.000688022 -2.82512e-05 -2.52126e-05 -0.000266587 -4.07628e-06 -0.000141767 5.06457e-05 0.00035061 -0.000914126 -9.67536e-05 -5.5458e-05 0.0174394 -0.00178179 0.00191236 -0.000991238 -5.52336e-06 -0.00405999 -0.000998175 -1.74901e-05 -6.59364e-05 -0.00298209 0.00247915 -0.00217445 0.00532153 0.00199179 0.000912193 -0.000310572 -5.44763e-05 9.84186e-05 0.00136901 -5.72562e-06 0.00264436 -0.000431084 -0.000325235 -0.00010376 -0.000158624 -0.000236819 0.00118519 -0.000935466 0.000831287 -1.29775e-06 -0.00417455 -1.19543e-05 -4.28967e-06 0.000231825 0.000495508 -0.000247726 0.00413952 -6.64599e-05 -8.93344e-06 -4.87297e-05 0.000239804 -6.99039e-05 -7.1319e-05 -0.00190749 -0.000175192 -0.00516414 0.00501439 -6.31809e-05 0.0012769 -0.000853481 -0.00307796 5.25662e-05 -0.00086893 -0.00224557 -6.21262e-05 -1.48043e-05 -0.00633604 -0.00151056 -0.00152394 -0.000848513 0.000148993 -4.23354e-05 0.000288227 -0.00136652 -1.83899e-05 0.00551337 0.000196001 -0.0007957 -7.47237e-05 -0.0018876 0.00758523 -0.000176874 -5.95068e-05 -1.15382e-06 0.000138084 
0.00112284 -1.21291e-06 1.89748e-05 -5.42979e-05 -2.62036e-05 1.04818e-05 -0.0014329 -0.000450214 -0.000430047 0.000921189 6.38117e-06 0.000582319 5.18026e-05 5.1443e-06 -2.57815e-05 0.000500335 -9.53464e-07 -0.00222769 -1.32607e-07 1.31985e-05 -0.000134364 0.000335937 0.000657394 -4.99773e-07 -7.76327e-07 -0.00178179 0.00804202 -0.000911624 0.000208224 -8.54599e-05 0.000743074 0.000708213 7.09695e-05 4.4721e-05 -0.000152615 -0.00164703 0.00123679 0.00117946 -0.000506811 0.00110565 1.0356e-05 4.14106e-05 -4.83947e-05 -0.00116801 3.29294e-06 -0.000266856 0.000376866 6.11171e-06 0.000131903 -2.79996e-05 0.000318043 0.000413342 0.000852709 0.000807533 -3.75539e-07 -0.000115279 2.65666e-06 -3.41622e-06 -6.72781e-05 -0.00162651 8.58005e-07 -0.00113804 3.5588e-05 1.31577e-05 3.06502e-05 1.12041e-06 5.2648e-05 7.25633e-06 3.72072e-05 1.58814e-05 -0.000501863 -0.000682383 2.03689e-06 -0.000145143 0.000464086 -0.000789728 -0.00329552 0.000474613 -0.000774724 1.53533e-05 1.51737e-08 -1.09476e-05 -0.00113824 0.000846442 0.00077958 -0.000429429 2.92069e-07 -0.000497763 0.000874267 -2.02801e-07 -0.00146997 0.000934929 9.68741e-05 2.00303e-05 -0.000550525 -0.00026845 -3.4597e-07 -0.000594512 6.64845e-07 0.000249418 
-0.000168227 -9.47745e-05 -1.63575e-05 0.0178168 0.00747771 -8.40258e-05 -0.0144795 -0.108414 0.0164689 -0.00125554 -6.73417e-05 -0.0355596 0.00283667 -0.000597177 -0.00112606 0.000622702 -0.000190352 0.158376 -2.22646e-06 7.77258e-05 -0.00515223 -0.00614423 -0.000641496 -8.28363e-05 3.37166e-05 0.00191236 -0.000911624 0.222887 -0.0053443 -0.00708976 -0.0507264 -0.000632454 0.000155876 -8.2023e-05 -0.0169217 0.00478664 -0.00549331 0.128926 -0.0118104 -0.0444241 -0.00031466 -0.000132013 -0.0024819 0.00181586 -1.77842e-06 -0.135658 -0.000763055 -0.000392788 -0.000469488 -0.00430954 -0.000746448 -0.00873842 -0.0158153 -0.0305239 -2.86303e-05 0.0290642 -0.000233048 -0.00117803 0.00871104 0.0753345 8.41983e-05 -0.158107 -0.000177065 -0.000190432 -0.0002111 -0.0106426 -0.000295558 -0.000131764 -0.00616483 -0.00162814 0.0527174 -0.00372722 -0.000119349 0.0046783 -0.106435 0.138671 0.074718 -0.000400591 -0.111121 2.36867e-06 2.8929e-06 -0.00753395 -0.115995 -0.00869094 0.0011941 -0.0378852 1.34633e-05 -0.0393337 -0.00131399 -2.03969e-05 0.155121 0.0327605 -0.00972205 -6.47233e-05 0.030385 -0.00555494 -0.000890021 -0.0208435 -1.7389e-05 -0.00113409 
-2.67047e-05 2.59612e-05 8.93099e-05 -0.000110538 -0.000441076 -8.76725e-06 -0.000409363 0.00315233 -0.000433921 2.19059e-05 -1.1051e-05 0.00101674 -5.13647e-06 0.000130833 -5.52536e-06 -7.87553e-05 -2.50368e-06 -0.00409941 4.33343e-06 -4.32542e-06 -6.98741e-05 -2.96085e-07 -1.15024e-05 2.09284e-06 -4.25316e-06 -0.000991238 0.000208224 -0.0053443 0.0114096 9.69555e-05 0.00159638 -9.30012e-06 -1.3349e-05 1.43244e-05 0.000611916 -0.000625166 0.000427616 -0.00653543 0.000402453 -0.000389364 7.62139e-05 -1.47648e-06 -3.10361e-05 7.31401e-05 -6.07393e-07 0.00313392 -3.45188e-05 1.49283e-06 -2.13437e-06 -6.28357e-05 -5.04367e-06 -0.000720308 -0.000171302 -0.000719626 -1.71326e-08 -0.000782839 4.77989e-06 0.000290889 -0.0003418 -0.00411625 -9.30481e-07 0.00194964 -2.23672e-06 -1.4429e-06 -6.75747e-06 -8.14765e-05 1.0648e-06 2.3609e-05 0.0014165 1.39538e-05 -0.00345429 0.000319034 -2.40238e-06 -0.000809222 0.00531123 -0.00386063 0.000401786 4.32489e-06 0.00478577 -1.95288e-06 -2.34508e-07 -0.00131677 0.00655041 -0.000127057 -7.08523e-05 -0.00035524 -5.91502e-06 -0.000564538 -4.09512e-05 -2.55566e-07 -0.00615479 -0.000548476 -5.59835e-06 -1.01042e-06 -0.00118906 -0.000513102 7.44241e-06 0.00237807 5.81032e-07 -0.000218714 
-3.34873e-05 -4.41076e-07 4.15891e-07 -0.00164419 -0.000580796 2.43007e-07 0.000594552 0.00624641 -0.000725106 -1.90488e-05 3.56806e-05 -0.000575206 -7.89523e-05 -1.06798e-05 0.000105957 -9.36807e-05 -2.06308e-06 -0.0030936 -2.34976e-07 -1.59425e-05 0.00144097 -1.88363e-05 -1.1683e-05 -1.88971e-06 5.73619e-05 -5.52336e-06 -8.54599e-05 -0.00708976 9.69555e-05 0.0141604 -0.000999224 -1.59089e-05 9.37831e-06 -2.54196e-06 -0.000503571 0.000131704 -0.000324212 -0.00820532 -0.00233317 0.000219661 5.59535e-06 2.55348e-06 -7.73389e-05 4.42077e-05 1.34672e-05 0.0039434 -5.30008e-05 -8.84481e-06 -3.06244e-06 -1.28587e-06 1.04679e-05 -0.000999915 -8.77036e-05 -0.00076446 1.78153e-06 -5.17104e-05 -3.93289e-06 -2.04557e-05 -0.000350862 -0.00235754 -7.33203e-07 0.00233638 -6.49502e-06 9.48562e-06 -2.19793e-06 0.00112115 3.53097e-05 2.42145e-06 -0.000114852 -8.19708e-06 -0.00442247 -0.000879227 -3.04543e-06 -0.000929885 0.00281356 -0.00546374 -0.00189729 -2.72118e-05 0.00220732 1.35671e-06 -3.47197e-07 0.00199501 0.00415644 2.48689e-05 -0.000113408 -0.000389727 -1.36301e-06 0.00408031 0.000111228 -8.71264e-07 -0.0013717 -0.00153096 -0.000191657 -1.26363e-06 -0.00148537 0.000683738 8.56737e-06 0.00364432 1.63633e-06 -0.000261556 
0.000765092 1.91844e-07 -8.40911e-05 -0.00784573 0.00124829 -4.09237e-05 -0.00511814 0.00254143 -0.00445549 0.00123774 9.66889e-06 0.040749 -0.000535058 0.000787491 0.000801688 0.000911679 7.19343e-05 -0.0461094 -1.13766e-06 6.92949e-05 0.00205012 0.000258737 0.00073763 1.69488e-05 -3.02275e-05 -0.00405999 0.000743074 -0.0507264 0.00159638 -0.000999224 0.0807333 0.000797046 -0.000128465 3.78606e-05 0.0177784 -0.00532501 0.00877191 -0.0265869 -0.0208826 0.00929746 0.000144457 0.000121977 0.000521622 -0.00112765 -4.34761e-06 0.0376846 -1.15469e-05 0.00052754 0.000195735 -0.00024068 0.000261547 0.0126703 0.0186352 -0.00161852 8.52018e-06 -0.00890941 5.95739e-05 0.00018785 -0.00329549 0.00323815 -2.29112e-05 0.0450077 -1.67467e-05 6.69959e-05 -6.25184e-05 -0.00203596 -2.4435e-05 7.73211e-05 0.00712847 0.000307788 0.0038925 0.00254769 -3.12136e-06 -0.00534146 0.00405608 -0.0292375 -0.0488832 0.000535603 0.0345513 9.91191e-06 -9.51786e-07 -0.0092675 0.0289454 -7.10825e-05 0.000686464 -0.00247759 -4.35203e-05 -0.00190508 0.000919938 -2.51631e-06 -0.0517302 -0.00549885 -0.00261211 5.58732e-06 -0.00955994 -0.0123261 3.45543e-05 -0.00555861 9.30781e-06 -0.000233564 
0.0010196 3.92369e-07 -1.46945e-06 -0.000117448 -4.83502e-05 1.65928e-05 -0.000990564 -0.000195635 -7.33481e-05 0.00088301 -1.32639e-06 0.00089301 -1.40086e-05 7.11616e-06 8.48958e-05 -9.0764e-06 -3.48609e-07 -0.000561638 2.11507e-06 4.36614e-06 3.22664e-05 -2.23377e-05 0.000814179 3.8242e-05 1.53301e-06 -0.000998175 0.000708213 -0.000632454 -9.30012e-06 -1.59089e-05 0.000797046 0.00111538 6.26475e-06 2.19135e-05 -1.14427e-05 -0.00101728 -2.48266e-05 -0.000457557 -0.000249673 -9.95716e-05 -1.23016e-07 2.7547e-06 -8.29171e-06 -0.00103346 1.39071e-06 -0.000550141 7.53364e-07 1.57594e-06 4.67466e-05 -7.31675e-06 4.1295e-05 -0.00011707 0.000858985 2.82461e-06 -5.32505e-08 -0.000100533 1.57135e-06 -1.86588e-06 4.01943e-05 -0.000920745 1.16177e-07 -0.000287663 1.85437e-06 6.53333e-07 4.96557e-05 -2.84561e-05 -4.51595e-07 8.31184e-07 -4.0416e-07 6.62745e-06 -0.000385105 -0.000125427 4.55077e-05 -8.0799e-05 -0.000189342 0.000508196 -0.000661464 0.000634892 0.000332495 2.64407e-06 9.52372e-08 -0.000182767 -0.000190806 0.000966847 0.000914275 -6.46587e-05 4.4396e-07 -7.01477e-05 0.000963152 1.24212e-05 -0.00067913 0.000835978 -4.04044e-05 3.84714e-05 -2.83314e-05 -0.000870659 -2.01555e-06 -0.000629939 -3.0856e-08 4.99613e-05 
