0.0242804 -0.000207458 0.000590001 0.00182732 -0.000169684 -0.00924995 0.00688259 -0.0118621 -0.000613403 0.000167754 -0.00443371 -0.00795009 -8.78286e-05 -0.00734596 -5.43726e-05 -3.57311e-06 0.000125619 -0.00814424 -2.40323e-05 -0.00410374 -0.0114566 -7.40292e-05 0.0111264 -0.00587287 0.000540712 -0.000571433 0.0103984 -0.00458946 -6.682e-08 -5.26763e-06 0.000164184 -0.000344498 -8.38595e-05 -0.00104248 -3.20624e-05 -2.99014e-05 0.00162298 0.00118366 -1.74346e-05 -4.14363e-05 5.62255e-05 -0.000518092 0.000619084 -1.68238e-05 -0.000251493 0.00146971 0.00225749 -0.000852045 0.00317286 0.000413278 0.000174855 -0.000722421 -0.00656854 -3.95147e-05 0.000464272 -0.000316078 -0.000104552 -0.00186666 -4.68476e-06 0.000580101 0.000290566 0.00251493 -9.19185e-05 0.00149394 -4.4758e-05 0.000110852 -0.000107421 -2.98355e-05 2.61654e-06 2.58802e-06 -0.00993612 -0.00137492 0.000141249 -0.000868022 -0.0105179 0.00230147 0.00155303 -0.00375415 -0.000394423 4.94632e-05 0.0098326 -0.0037934 0.00924914 -7.284e-06 0.010699 0.0115658 -0.00106336 -6.94268e-05 0.0100975 0.00338252 -0.00486032 -0.0086599 0.00110563 -0.00206503 -3.00467e-06 0.00988497 -0.00022826 -0.00421703 -0.000329585 -0.000307299 
-0.000207458 0.0208481 0.00116657 -0.000449936 -0.000483551 5.83164e-05 -0.000149285 0.00136051 0.000429138 0.00153037 0.000196969 -0.00240538 0.00145501 0.00175473 -9.27321e-05 8.48236e-05 4.89754e-05 -0.0112363 -1.62494e-05 0.00121798 0.000720722 0.000370468 -0.00330579 0.00117769 -0.00401324 -0.000344006 -0.00189065 -0.00196824 1.17928e-05 4.48765e-05 -0.000220874 2.44484e-05 -0.00232289 -0.000725572 0.000464124 7.17611e-05 -0.000127927 -0.000304393 1.40704e-05 -9.67136e-05 0.000366507 -0.00102318 3.04353e-05 0.000108958 0.00219704 0.00157938 -0.000143364 0.00122685 0.0064246 0.00018411 -0.00011392 0.000343451 -0.00551896 0.00147131 0.000979097 -0.00111772 -0.000281375 2.01598e-05 5.63828e-06 -0.00023842 -9.78615e-05 0.000198507 -0.000191668 -0.00114914 0.000397455 0.000155641 0.00095149 0.000428453 6.9885e-06 3.82208e-06 0.00064358 0.000629646 9.35989e-05 0.0047334 -0.000880217 -0.00143646 -0.000345175 0.00279866 -0.000366158 -2.36989e-05 -0.00097976 6.38261e-06 0.000157393 2.44693e-06 -0.00183564 -0.00324911 0.000744902 8.79605e-06 -0.00238505 -0.000581875 -0.00421868 -0.00257384 0.000365246 -0.00171474 2.00408e-06 -0.000615712 -0.000103889 -0.00047825 0.000364282 0.00134343 
0.000590001 0.00116657 0.112488 -0.00459269 0.000336681 0.0240761 -0.0113698 0.0152379 0.00151983 -0.00156237 0.0120063 0.017125 -0.000714304 -0.0484793 -0.000158574 -1.99945e-05 -4.08511e-05 -0.0114308 -0.000100798 -0.0185347 0.0111267 -0.000410567 -0.00200763 -0.025987 0.00903379 -0.00301086 -0.0178243 0.0567977 0.00134822 -1.06196e-06 -0.00152279 0.00294706 0.00426803 -0.008967 -0.000119161 0.000349692 -0.000127454 -0.00232166 -2.41397e-05 0.000118779 -0.000134644 -0.00573581 8.24707e-05 -0.000148192 -0.014531 -0.00531303 -0.000383472 -0.00629242 -0.0109542 0.00329106 -0.000853662 -0.00577949 -0.0348886 -0.000252719 -0.0010443 -0.00788603 -0.00124338 -0.00625297 -1.96557e-05 -0.002321 -0.000903336 -0.00285599 -0.00365723 -0.00808394 -0.000146621 -0.000217797 -0.00069031 -0.000140638 3.852e-05 -6.79494e-06 0.0221683 0.00682319 0.00157993 -0.006489 -0.0212018 -0.00893193 0.0325539 0.030998 -0.000247113 -0.000242789 -0.0218772 0.0653205 -0.0228034 -1.49404e-05 -0.0142408 -0.0147044 -0.00741282 -0.000250671 -0.0157721 -0.00493387 -0.0313556 0.0267455 -0.000389395 -0.00740531 3.21218e-05 -0.0178652 -0.00127658 0.0178433 0.00143845 -0.00197189 
0.00182732 -0.000449936 -0.00459269 0.0419417 -0.000796189 -0.0324965 0.0239118 -0.032495 -0.00107192 -0.000193587 -0.0153212 -0.0196042 -9.68089e-05 -0.0192676 0.000161085 -9.03492e-06 0.000116872 -0.0196992 -2.64684e-05 -0.00683389 -0.0342738 -0.000138355 0.0337414 -0.0106084 0.0019244 -0.00103774 0.0336231 -0.0159728 -0.000213322 -5.12493e-07 0.000614331 -0.000675481 -0.000308653 0.000830793 -5.08141e-05 0.000230555 0.000614596 0.00948833 1.6064e-05 -0.000199568 -2.56426e-05 -0.000332248 0.000196522 -1.22014e-05 -0.00090329 0.00439947 0.00336659 -0.00238115 -0.00370886 -0.000704606 0.00569154 0.00194693 -0.012635 -3.57418e-06 0.000533401 0.00403686 0.00212467 -0.00335985 -6.58602e-06 -0.000204881 0.00054215 0.000214028 0.00194552 0.010717 -6.40149e-05 -8.09409e-05 -0.000252404 -3.30186e-05 9.90307e-06 1.68665e-05 -0.0301202 -0.00346291 -0.000127486 -0.00239487 -0.0290423 0.021067 0.00501925 -0.0140259 -0.00126458 -8.35268e-05 0.0328895 -0.0124149 0.0327317 -8.99348e-06 0.0270159 0.0331602 -0.00220962 -4.76724e-05 0.0294939 0.00554065 -0.0120663 -0.031034 0.00115285 -0.00416084 6.33244e-06 0.032196 -0.000768988 -0.019271 -0.000701131 -0.000709958 
-0.000169684 -0.000483551 0.000336681 -0.000796189 0.0280936 -0.00374993 0.000343935 -0.00377376 -0.000221146 -0.000302743 0.00345813 -0.00254362 -0.000154052 -0.0110924 -0.000117949 -4.63651e-06 -2.19975e-05 -0.00250756 4.15785e-05 -0.00322717 -0.00357085 -4.00785e-05 -0.00236772 -0.00370072 -0.00714617 -0.000692933 0.00406747 -0.00536897 -0.00014146 -1.93965e-06 -0.000281399 0.000246896 0.000762922 0.00509975 -1.11385e-05 -8.63284e-06 2.02446e-05 -0.000412754 0.000114774 -0.00013063 -2.63342e-05 0.00361483 -6.36963e-05 -3.26691e-05 0.00547616 0.000534393 -0.000286205 -0.000237018 -0.00129464 -1.45509e-05 -0.000119777 0.00428596 -0.00586746 -5.64129e-05 -0.000287352 0.00638446 -0.000334203 -0.000939752 1.56151e-06 0.00193194 0.000403283 -0.000415058 -0.000631111 -0.000637955 -5.1912e-05 -4.7648e-05 -0.000175312 -3.32114e-05 2.31466e-06 -1.09099e-06 -0.00377204 0.000667963 3.95544e-05 0.00355183 -0.00386536 -0.000892084 -0.00220876 0.00051773 -5.26269e-05 -5.84772e-05 0.00143957 0.00506195 0.00326003 -4.00697e-06 -0.00285949 0.00418815 0.0055631 0.000504938 -0.00310736 -0.000830739 -0.00382554 -0.00398108 -0.000107672 -0.000530251 -3.02552e-06 -1.23335e-05 -0.000129979 0.000221318 4.81883e-05 0.000550811 
-0.00924995 5.83164e-05 0.0240761 -0.0324965 -0.00374993 0.176757 -0.0691818 0.148639 0.00662289 -0.00948173 0.067418 0.104454 -0.00425512 0.0833627 -0.000653678 -9.25471e-05 -0.000624015 0.109913 -0.00030132 0.0290247 0.139123 -0.00162029 -0.101872 0.0191125 0.0338747 0.00221004 -0.152061 0.0729992 0.000808933 -4.3516e-05 -0.00929426 0.00308468 0.0263537 -0.0349632 -0.000903662 -0.000475869 -0.00389175 -0.014354 -0.000502524 0.0011488 -0.000813068 -0.0321841 -0.00123383 -0.000155786 -0.0667408 -0.0439996 -0.00723155 0.0060462 -0.0323252 0.00233792 -0.00553105 -0.0378161 0.0526275 -0.0015341 -0.00424589 -0.064658 -0.0127125 0.0127675 -8.25832e-05 -0.0135906 -0.00510037 -0.0174367 -0.0194781 -0.0389728 -0.000914052 -0.000403723 -0.000547569 -0.0011105 -3.33997e-05 -4.05261e-05 0.146659 0.0170802 0.000353621 -0.00244385 0.125048 -0.0647754 0.0045549 0.0639302 0.00495928 -0.00137329 -0.155344 0.0518375 -0.159825 4.8256e-05 -0.114032 -0.148311 -0.0406066 -0.000707659 -0.114933 -0.0264729 0.0556057 0.15936 -0.00180824 0.01989 -1.45328e-05 -0.112872 0.00390333 0.0314858 -0.00665604 0.00160163 
0.00688259 -0.000149285 -0.0113698 0.0239118 0.000343935 -0.0691818 0.0829415 -0.0680509 -0.00259567 0.00126501 -0.0314364 -0.0221643 0.00115938 -0.0404067 0.000166714 4.82343e-05 4.03241e-05 -0.0506123 0.000195195 -0.0132288 -0.0684694 -0.000243078 0.0571421 -0.0181875 -0.00610772 -0.00207334 0.0687965 -0.0346776 -0.000608582 7.17701e-06 -0.000480782 -0.00124555 -0.00329358 0.00817944 2.99499e-05 0.000266625 0.00374739 0.00486821 0.000288039 -0.000488712 -2.57272e-05 0.00312357 0.00138193 -7.0119e-05 0.0269286 0.0387459 0.00080409 -0.00528845 -0.00693762 -0.0014538 0.00485741 0.00459477 -0.0258399 0.000831531 0.00171984 0.0180348 0.00797026 -0.0069219 -9.8708e-06 0.00462381 0.0054478 0.00651706 -0.000551467 0.0141418 -9.95776e-05 -0.000132146 -0.000301067 3.68961e-05 1.71872e-05 1.74799e-05 -0.0645906 -0.00716907 -0.000152812 -0.00413574 -0.059617 0.0291723 -0.00704984 -0.0324895 -0.00263719 -0.000187403 0.0707198 -0.0206323 0.0692725 -2.9409e-05 0.0495845 0.0660113 0.0100682 -0.000162542 0.0362067 0.0196173 -0.0251961 -0.0664224 2.04042e-06 -0.0094613 -1.30236e-05 0.0709875 -0.001599 -0.0266333 0.000579316 -0.00141434 
-0.0118621 0.00136051 0.0152379 -0.032495 -0.00377376 0.148639 -0.0680509 0.18457 0.00586106 -0.0055807 0.0639675 0.094478 -0.00258364 0.0920354 -0.00205029 -2.84016e-05 -0.000476603 0.105039 -0.000687154 0.0319276 0.142806 -0.000794074 -0.112222 0.0271607 0.0249624 0.00422682 -0.152281 0.0689394 0.00041289 8.9249e-06 -0.00795748 0.00249134 0.0186342 -0.0420268 0.000193069 -0.00109184 -0.00467012 -0.0144072 -0.000442461 0.000216571 -7.93819e-05 -0.027131 -0.00134953 1.17777e-05 -0.0557112 -0.043825 -0.00853662 0.0131186 -0.0174759 0.00303128 -0.00538411 -0.0363835 0.0564714 -0.000882762 -0.00238244 -0.0632167 -0.0123378 0.0177691 2.99317e-05 -0.0133017 -0.00596009 -0.0152381 -0.0145562 -0.0352637 0.000213252 -0.000514216 0.00114647 9.12593e-05 -8.08798e-05 -3.16886e-05 0.137386 0.0178347 0.000464953 0.00358244 0.129914 -0.0637178 -0.00737338 0.0499434 -0.00276016 -0.000884201 -0.147647 0.0464737 -0.148695 5.06322e-05 -0.113256 -0.153508 -0.0373804 -0.000493247 -0.111861 -0.0252431 0.0544034 0.141485 -0.00186816 0.0143903 -7.46502e-05 -0.110654 0.00254731 0.0272993 -0.00580884 0.00352354 
-0.000613403 0.000429138 0.00151983 -0.00107192 -0.000221146 0.00662289 -0.00259567 0.00586106 0.0297334 -0.000285016 0.000786772 0.00471279 -0.000136226 -0.00517944 -8.1525e-05 -2.05121e-06 -3.66397e-06 0.00279134 -3.45907e-05 -0.00542592 0.00154945 -9.77124e-05 -0.0029636 -0.00533816 0.0023031 -0.000720233 -0.00604509 0.0128365 0.00108768 9.17825e-06 -0.000359878 -0.000236547 0.00112261 -0.00130172 4.7768e-05 0.000121251 -0.000159838 -0.000286842 -4.43162e-06 -0.000120832 5.4145e-05 -0.00146356 0.00011841 9.76851e-05 -0.00407152 -0.00179814 -0.000140949 -0.0012622 -0.00356778 0.00159044 -0.000167451 -0.00149695 -0.00843008 -4.6426e-05 -0.000187691 -0.00262732 -0.000515361 -0.0019005 6.49014e-05 -0.000521097 -0.000181985 -0.000590203 -0.000811277 -0.00201766 0.000298023 5.54849e-07 5.89155e-05 3.81787e-05 1.35905e-06 -1.5273e-06 0.004976 0.000492268 2.94972e-05 -0.00159511 0.00129425 -0.00251901 -0.000781867 0.00849592 -0.000601964 3.35313e-05 -0.00595071 0.01024 -0.00621416 7.92992e-06 -0.00445989 -0.00455756 -0.00183534 -6.59944e-05 -0.00431831 -0.00132883 -0.00268671 0.00561156 0.000164211 -0.000698304 -3.65451e-06 -0.00424356 -0.000389939 0.00272321 -0.000105568 -0.00048409 
0.000167754 0.00153037 -0.00156237 -0.000193587 -0.000302743 -0.00948173 0.00126501 -0.0055807 -0.000285016 0.0123247 -0.00435395 -0.00761902 0.00451764 -0.003972 0.000630289 0.000134574 0.000125112 -0.00727854 2.38977e-05 -0.000846051 -0.0051379 0.000837884 0.000581644 0.00549174 -0.00414528 0.00136262 0.00484058 -0.00354147 -4.04629e-05 6.30985e-05 0.00129881 5.91905e-06 -0.00987016 -0.000431485 0.00110405 -2.5447e-05 0.000104813 -0.000166537 5.84295e-05 -6.66635e-05 0.000716709 0.00491469 0.000116559 7.72653e-05 0.00491174 0.00217402 0.000495349 -6.86717e-05 0.00523736 0.000540312 -1.20423e-05 0.00307757 -0.00115967 0.00171082 0.00216462 -9.44518e-06 0.000782887 0.000619289 9.32619e-05 0.000751649 6.10102e-06 0.00342443 0.00496412 0.00229194 0.00116004 4.1939e-05 0.00142118 0.00119243 2.27051e-06 1.22646e-05 -0.00984443 -0.000976832 3.70586e-06 0.000935273 -0.00737645 0.000326389 -0.00109149 -0.00378678 0.000109565 5.79625e-06 0.00750458 -0.00354391 0.00661692 1.87545e-06 0.00563401 0.00386352 -0.000244588 1.27931e-05 0.00587494 0.00101396 -0.00350613 -0.00908308 -2.05164e-05 -0.0012954 5.78738e-06 0.00235721 -0.000140652 -0.0065103 -6.04664e-05 -4.05608e-06 
-0.00443371 0.000196969 0.0120063 -0.0153212 0.00345813 0.067418 -0.0314364 0.0639675 0.000786772 -0.00435395 0.230353 -0.0158294 -0.001822 -0.0269718 -0.000199762 -6.3447e-05 -0.000353946 0.0788535 7.63824e-05 -0.0576975 0.0680108 -0.00087853 -0.0730573 -0.0292634 -0.00540459 -0.00767656 -0.0671455 0.0499285 0.00033463 -6.93848e-05 -0.00427077 -0.00343072 0.0137678 -0.00542685 -0.000380111 0.000237958 -0.00204962 -0.0066688 -0.000280996 -0.00150147 -0.000356376 -0.0153362 -0.000891096 -1.99183e-05 -0.0117578 -0.0173795 -0.00446522 0.0149687 -0.0256369 0.00240135 -0.00258698 -0.0143235 -0.027813 -0.000647889 0.000107646 -0.025808 -0.00620284 -0.0213731 -4.42975e-05 -0.00624395 -0.00272716 -0.00807428 -0.00903116 -0.0138465 -0.000549957 -0.000234768 0.000688617 -0.000496005 -1.63254e-05 -1.80926e-05 0.0633513 -0.0206548 0.000138252 0.0215689 0.0349745 -0.0301851 -0.0204939 0.0424031 0.00870135 -0.000698209 -0.0682276 0.0789803 -0.0636036 -9.72275e-05 -0.0553412 -0.0691095 -0.0111065 -0.0004912 -0.0567459 -0.0111396 0.04922 0.0515731 -0.000799358 0.060569 1.49074e-05 -0.051952 0.00592892 0.0253793 -0.00357709 -0.00427447 
-0.00795009 -0.00240538 0.017125 -0.0196042 -0.00254362 0.104454 -0.0221643 0.094478 0.00471279 -0.00761902 -0.0158294 0.221866 -0.00310929 0.0565495 -0.00110513 -7.81527e-05 -0.000435201 0.0574455 -0.000757167 0.0282408 0.0798349 -0.00125933 -0.0537669 0.0083092 0.0436028 0.00133843 -0.0926775 0.0633532 -0.00127792 -1.24779e-05 -0.00776026 0.00459774 0.0202332 -0.0296696 -0.000770344 -0.00024349 -0.000264603 -0.0120476 -0.00021711 0.000306365 -0.000700393 -0.0202913 -0.000577432 -0.000441966 -0.0506141 -0.00738627 -0.00601046 -0.0205677 -0.0409046 -0.00522721 -0.00460785 -0.0277883 0.0241263 -0.00125092 -0.00453871 -0.0380612 -0.00561273 0.0116853 -7.87329e-05 -0.00552616 0.000705503 -0.0147051 -0.0149908 -0.0387242 -0.000587625 -0.000571112 -0.00332021 -0.00090857 -2.92043e-05 -3.41376e-05 0.0912291 0.0253077 -0.000995115 -0.029544 0.0608204 -0.045375 0.00855483 0.0186017 -0.0124315 -0.00117214 -0.0937757 0.0668949 -0.102467 4.07986e-05 -0.0782512 -0.090578 -0.0304171 -0.000666065 -0.0880319 -0.0212346 0.0305244 0.121379 -0.00223057 -0.0292043 -6.79078e-05 -0.0600979 -0.00162729 0.025292 -0.00200757 -0.00380913 
-8.78286e-05 0.00145501 -0.000714304 -9.68089e-05 -0.000154052 -0.00425512 0.00115938 -0.00258364 -0.000136226 0.00451764 -0.001822 -0.00310929 0.00559853 -0.00200738 0.000440147 0.000113074 2.72629e-05 -0.00323668 1.15582e-05 -0.000356507 -0.00157917 0.000960589 -0.000639375 0.00312406 -0.0028971 0.000685685 0.0012814 -0.00200804 -4.03625e-05 3.13329e-05 0.000114049 -1.66698e-05 -0.00460593 -0.000205412 0.000543416 -7.73252e-06 4.85948e-05 -8.41005e-05 2.72242e-05 -3.01806e-05 0.000271671 0.00233729 7.85494e-05 3.51855e-05 0.00285585 0.00191672 9.70845e-05 -9.52513e-05 0.00258414 0.000131941 -2.64724e-05 0.00136983 -0.000418312 0.0013678 0.00138888 -0.000246068 0.000418378 9.80246e-05 5.03852e-05 0.000548632 0.000121402 0.00100726 0.00208712 0.000465824 0.000441287 7.40284e-05 0.000532973 0.000552332 1.34134e-06 7.70335e-06 -0.0044277 -0.000426585 2.19142e-05 0.00100501 -0.00297325 -0.000453191 -0.00066397 -0.00196215 0.000309391 6.75684e-05 0.00355346 -0.00153068 0.00288417 -1.84807e-06 0.00133504 0.000186578 -3.28198e-06 1.80949e-05 0.00102892 7.21109e-05 -0.00157646 -0.00409342 -6.10563e-06 -0.000574283 6.45045e-06 0.00113076 3.69933e-06 -0.0026279 0.000112381 6.46945e-05 
-0.00734596 0.00175473 -0.0484793 -0.0192676 -0.0110924 0.0833627 -0.0404067 0.0920354 -0.00517944 -0.003972 -0.0269718 0.0565495 -0.00200738 0.247569 -0.000449285 -3.23065e-05 -0.000212576 0.0494696 -0.000443978 0.0809701 0.0901782 0.000146098 -0.0611294 0.0822262 0.0268366 0.00804761 -0.0927933 -0.0509477 0.000380486 -4.23629e-05 -0.00459452 -0.00352681 0.00928994 -0.0216446 -0.000457479 -0.000833435 -0.00288478 -0.00833922 -0.000203646 0.00205842 -0.000433239 -0.0150564 -0.000959563 -0.000138571 -0.0465389 -0.0259025 -0.00469698 0.00285957 0.0101727 -0.00343117 -0.00324754 -0.0214993 0.0992769 -0.000876854 -0.0033473 -0.03714 -0.00765224 0.0283671 -2.56874e-05 -0.00779105 -0.00320978 -0.00976471 -0.00907289 -0.02207 -0.000726372 0.000536739 0.00168698 -0.00053029 -5.83006e-05 -2.30245e-05 0.0820394 -0.00747095 -0.000854863 -0.00536385 0.114738 -0.0371959 -0.0300293 0.0343581 -0.00627763 -0.00059538 -0.0871496 -0.0923857 -0.0898946 9.98808e-05 -0.0678869 -0.0907336 -0.0242501 -0.000397776 -0.0666394 -0.0140578 0.0453164 0.0856965 -0.00162094 -0.011225 -5.60077e-05 -0.0650339 -0.00308145 0.00249071 -0.00602683 0.00716368 
-5.43726e-05 -9.27321e-05 -0.000158574 0.000161085 -0.000117949 -0.000653678 0.000166714 -0.00205029 -8.1525e-05 0.000630289 -0.000199762 -0.00110513 0.000440147 -0.000449285 0.00446509 6.82064e-06 7.28562e-05 -0.000684426 3.15204e-05 0.000295119 0.000149031 3.23638e-05 4.48786e-05 0.00112265 -0.000208784 0.00144298 -0.000225833 -0.00175026 0.000241597 -9.05081e-07 0.000134368 -4.48525e-05 -0.000897885 0.000446322 -2.47416e-06 6.86015e-05 -1.06665e-05 1.42719e-05 2.31354e-05 1.69084e-05 4.82595e-06 0.000526684 -7.61403e-06 -2.48459e-06 -5.21603e-05 0.000241332 -3.50965e-06 -0.000159806 -7.81126e-05 -5.12824e-05 -2.52087e-05 6.47312e-06 0.00159575 -8.31755e-06 -1.35652e-05 -0.000136976 0.000678512 0.000559285 -1.01196e-06 0.00034411 -1.77696e-05 3.68892e-05 0.000219058 -0.000156429 2.04682e-06 0.000110511 0.000153172 -3.24649e-08 2.7203e-06 2.87479e-06 -0.000804948 -0.000311317 -8.92256e-06 -0.000202476 -0.000716672 0.000101166 -0.000456194 0.000150329 0.00196811 -5.70339e-06 0.000348501 -0.000818387 -0.000185364 1.39103e-05 -0.000219357 -0.00032423 -0.000111151 -5.88216e-06 -6.44926e-05 -4.4309e-05 -0.00115624 -0.000481285 -1.69963e-05 0.000473231 7.63336e-07 -0.000124664 1.62832e-05 -0.00191155 -5.65009e-05 -3.29875e-05 
-3.57311e-06 8.48236e-05 -1.99945e-05 -9.03492e-06 -4.63651e-06 -9.25471e-05 4.82343e-05 -2.84016e-05 -2.05121e-06 0.000134574 -6.3447e-05 -7.81527e-05 0.000113074 -3.23065e-05 6.82064e-06 0.000205924 2.00245e-06 -9.04733e-05 9.41852e-07 -1.7135e-05 -7.66049e-05 2.8403e-06 -3.12156e-05 4.06672e-06 -0.000115209 3.16916e-05 -4.00821e-05 -5.71076e-05 -1.40554e-06 1.82771e-05 -4.68317e-07 2.16846e-06 -0.000134337 -1.1058e-05 0.000108879 -4.67817e-07 -9.14985e-07 -3.99236e-06 3.01499e-06 -1.10529e-06 6.14601e-05 1.66747e-05 2.23718e-05 1.1419e-06 1.72209e-05 3.39835e-05 -2.20197e-06 -7.59706e-06 -8.34193e-06 4.19076e-05 1.80154e-06 -4.71889e-06 -1.37859e-05 7.84556e-05 0.000125964 -1.72567e-05 1.08705e-05 3.63372e-05 4.31307e-07 2.90664e-06 -1.73392e-06 0.000114721 1.29957e-06 -1.31491e-05 3.58864e-05 7.30749e-07 9.8341e-05 0.00010851 -3.01924e-08 2.08915e-06 -0.00010302 -7.36391e-06 -4.76529e-07 -9.84511e-06 -9.26229e-05 -1.71991e-05 -1.98005e-05 -2.77756e-05 1.47059e-05 -4.30795e-07 2.84598e-07 -5.3328e-05 -4.11113e-05 1.62881e-07 -3.12378e-05 -4.27084e-05 -1.18277e-05 2.02249e-06 -3.17304e-05 8.83217e-05 -1.92278e-05 -8.73388e-05 6.54241e-06 -1.86011e-05 -3.22979e-08 3.23082e-05 -2.40134e-06 -0.000115967 -3.71366e-06 -2.48745e-06 
0.000125619 4.89754e-05 -4.08511e-05 0.000116872 -2.19975e-05 -0.000624015 4.03241e-05 -0.000476603 -3.66397e-06 0.000125112 -0.000353946 -0.000435201 2.72629e-05 -0.000212576 7.28562e-05 2.00245e-06 0.00101204 -0.000341862 -1.02618e-06 1.37125e-05 -0.000533809 1.48013e-06 0.000433157 5.44175e-05 3.99621e-06 0.000132556 2.14384e-05 -0.000253835 2.243e-05 1.8078e-05 0.000177173 1.28607e-05 -0.000567617 -4.92994e-05 3.25711e-05 -2.04545e-06 -2.22528e-07 1.01874e-06 4.34113e-05 -3.15872e-06 0.000303251 2.94205e-05 3.49907e-05 0.000153687 -7.16022e-05 -4.2761e-05 0.000292105 -4.67446e-06 8.49806e-05 3.45818e-05 4.37186e-05 -3.61542e-05 -6.76714e-06 1.41116e-05 5.61018e-05 -8.26074e-05 0.000162442 0.000100874 2.20381e-05 -1.30703e-05 -7.06223e-07 0.000213076 6.72888e-05 7.48472e-05 3.83952e-05 -1.98015e-06 9.62044e-05 5.40532e-05 1.05071e-05 3.91067e-07 -0.000422214 -7.34373e-05 -2.54321e-06 -3.86752e-05 -0.000638674 2.05585e-05 0.000338184 0.000186839 4.77613e-05 3.33665e-06 0.000181657 -0.000206235 0.000125113 4.16459e-06 0.000399184 0.000437087 -5.87415e-05 -2.60538e-06 0.000333507 0.000136345 -0.000130998 -0.000376876 0.000291467 -9.83846e-05 -1.5886e-07 4.69894e-05 -1.34664e-05 -0.000739043 -1.59651e-05 2.1446e-05 
-0.00814424 -0.0112363 -0.0114308 -0.0196992 -0.00250756 0.109913 -0.0506123 0.105039 0.00279134 -0.00727854 0.0788535 0.0574455 -0.00323668 0.0494696 -0.000684426 -9.04733e-05 -0.000341862 0.242817 -0.000172222 -0.0285104 0.101143 -0.00177904 -0.0740431 -0.0129158 0.0249707 -0.00346828 -0.108744 0.0710322 -0.000621122 -4.96393e-05 -0.00681593 0.000670103 0.0224368 -0.0230092 -0.000709405 -0.00103367 -0.00345274 -0.00850959 -0.000473564 0.000546796 -0.000570555 -0.027128 -0.00111021 -7.73338e-05 -0.0467171 -0.0354254 -0.00446684 0.00824023 -0.0351126 0.00289289 -0.00406952 -0.0286613 0.0454353 -0.0011457 -0.001758 -0.0492978 -0.00968891 -0.0223526 -8.65448e-05 -0.0101926 -0.00424388 -0.0131485 -0.0163574 -0.0306029 -0.000928595 -1.65904e-05 -0.00196456 -0.00086383 -5.32074e-05 -3.06212e-05 0.105001 0.00475105 -0.000578501 -0.00623516 0.100261 -0.0458711 0.0107191 -0.00733093 0.00589556 -0.000917671 -0.109627 0.0326727 -0.110325 2.40814e-05 -0.079767 -0.106054 -0.0326559 -0.000213709 -0.0782955 -0.0182894 0.0791926 0.112467 -0.000287879 0.0259751 -3.64072e-05 -0.0812351 0.0019383 0.0258571 -0.00922996 -0.00585926 
-2.40323e-05 -1.62494e-05 -0.000100798 -2.64684e-05 4.15785e-05 -0.00030132 0.000195195 -0.000687154 -3.45907e-05 2.38977e-05 7.63824e-05 -0.000757167 1.15582e-05 -0.000443978 3.15204e-05 9.41852e-07 -1.02618e-06 -0.000172222 0.00119796 -8.39418e-05 -0.000263632 -2.75795e-06 0.000302737 -0.000203855 -0.000549961 4.60499e-05 0.00037971 -0.000445491 7.90923e-05 -2.62829e-07 3.00999e-06 -1.81501e-05 -0.000144235 0.000494211 -1.54705e-06 4.05355e-06 8.75556e-06 -4.2375e-06 -9.01542e-07 9.44134e-06 -1.05661e-06 -2.18037e-05 -2.50935e-06 -9.7878e-07 0.000637543 1.14929e-05 -8.43499e-06 4.94287e-05 -0.000145988 6.46139e-05 -6.78147e-06 0.000272476 0.000148319 -1.93802e-06 -8.97325e-06 0.000293216 0.000136729 -7.37765e-05 1.96055e-07 2.54763e-05 8.62514e-06 -3.23513e-06 -3.57571e-05 -1.11299e-05 -2.55938e-06 -1.77694e-07 3.82972e-05 -1.74039e-06 9.01959e-07 -6.31951e-08 -0.000264682 -9.45366e-05 1.95013e-07 8.59331e-05 -0.0001618 2.90787e-05 -8.49323e-05 -0.000292403 0.000253053 -2.50864e-06 0.000247445 -0.000343616 0.00027305 4.12307e-06 0.000144838 0.000323771 0.0004025 0.000149819 5.14279e-05 0.000103179 -0.000293433 -0.000660547 2.66982e-05 0.0002958 5.67476e-07 9.56999e-05 4.38121e-05 -0.000286936 -9.22367e-06 -1.89006e-05 
-0.00410374 0.00121798 -0.0185347 -0.00683389 -0.00322717 0.0290247 -0.0132288 0.0319276 -0.00542592 -0.000846051 -0.0576975 0.0282408 -0.000356507 0.0809701 0.000295119 -1.7135e-05 1.37125e-05 -0.0285104 -8.39418e-05 0.152326 0.0345344 0.000676321 -0.0241126 0.0729388 0.012793 0.0117273 -0.0347917 -0.0595897 0.000502391 -3.92701e-05 -0.00141285 -0.00223756 -0.00076909 -0.0117442 -0.000215622 -0.00040663 -0.000694826 -0.00354268 5.84959e-05 -9.58079e-05 -0.000189451 -0.00242734 -4.51393e-05 -0.0002221 -0.0197662 -0.0097511 -0.00228697 -0.00515109 0.0111944 -0.00307886 -0.000989086 -0.00902914 0.0685963 -0.000371337 -0.00197559 -0.0159987 -0.00267132 0.0410367 -1.49421e-05 -0.00305534 -0.000933427 -0.00374734 -0.00207187 -0.00733675 -0.00035613 1.48001e-05 0.000724079 -0.000240176 -2.34256e-05 -9.56654e-06 0.0303893 -0.0065269 -0.000190455 -0.00690679 0.0483369 -0.0155183 -0.0200377 0.0161197 0.00367383 2.50116e-05 -0.0321479 -0.0517997 -0.0344982 -7.67001e-06 -0.0255081 -0.0361881 -0.00963284 -0.000335208 -0.0287476 -0.00556378 0.0045648 0.032041 -0.000717726 -0.0159486 -1.49198e-05 -0.0244956 -0.0031305 -0.0330524 -0.00279247 0.0100587 
-0.0114566 0.000720722 0.0111267 -0.0342738 -0.00357085 0.139123 -0.0684694 0.142806 0.00154945 -0.0051379 0.0680108 0.0798349 -0.00157917 0.0901782 0.000149031 -7.66049e-05 -0.000533809 0.101143 -0.000263632 0.0345344 0.163086 8.27346e-05 -0.117491 0.0363917 0.0217788 0.00489581 -0.14463 0.0492546 0.000461731 -8.21144e-05 -0.00522347 0.00142104 0.015431 -0.0315366 -0.000911349 -0.000347264 -0.00485978 -0.015075 -0.000429482 0.000883113 -0.000822602 -0.020061 -0.00148429 -0.000153066 -0.0461627 -0.0404197 -0.00837575 0.0104422 -0.00876213 0.00198801 -0.00573024 -0.0341379 0.0592701 -0.00150396 -0.00326236 -0.0586202 -0.0131296 0.0151054 -8.22052e-05 -0.0121882 -0.00586742 -0.0151414 -0.00760945 -0.0370126 -0.00107169 0.000286273 -0.000110561 -0.00106895 -5.21329e-05 -3.86889e-05 0.130607 0.0156339 0.000542769 0.00464164 0.131452 -0.0668093 -0.0134085 0.0519618 0.00615372 -0.000911535 -0.136974 0.038951 -0.139083 1.31077e-05 -0.113445 -0.14832 -0.0315105 -0.000126762 -0.110194 -0.0268074 0.0565378 0.132997 -0.00244771 0.0207528 -1.44021e-05 -0.113983 0.00355934 0.0292016 -0.00325561 0.00314717 
-7.40292e-05 0.000370468 -0.000410567 -0.000138355 -4.00785e-05 -0.00162029 -0.000243078 -0.000794074 -9.77124e-05 0.000837884 -0.00087853 -0.00125933 0.000960589 0.000146098 3.23638e-05 2.8403e-06 1.48013e-06 -0.00177904 -2.75795e-06 0.000676321 8.27346e-05 0.00335347 -0.000474666 0.00196497 -0.000456882 0.000173117 6.98922e-05 -0.00106074 -1.41403e-06 4.47377e-06 0.000280787 -3.90927e-05 -0.00212766 -0.000142699 1.68266e-05 -1.84252e-06 2.1917e-06 -5.47437e-05 7.76924e-05 -8.61228e-06 -2.12314e-06 0.00132275 -1.72945e-06 -3.93126e-06 0.000373383 0.000246773 6.11926e-05 -0.000115406 0.0019664 -5.35013e-05 -2.34241e-05 8.29696e-05 -0.000389933 0.000209696 0.000151146 9.6928e-05 -4.9556e-05 -0.000126566 1.08742e-05 8.92167e-06 -1.40263e-05 0.000178297 0.00197537 -0.000110327 -5.26426e-06 3.31009e-05 4.82539e-05 3.86771e-05 -9.32407e-08 -1.77287e-07 -0.00151607 -0.000238963 -4.60013e-06 0.000465763 -0.00122086 -0.00025275 -0.000323321 -0.000101428 -9.37687e-05 0.000278107 0.00117388 -0.000530098 0.00149487 -6.62056e-07 0.000205702 5.92822e-05 0.000110489 -1.15307e-06 0.000251381 -6.01805e-05 -0.00091349 -0.00165271 -9.86178e-06 -0.000341113 -4.72081e-07 -0.00030596 -5.47115e-05 4.05943e-05 0.000135995 0.00014942 
0.0111264 -0.00330579 -0.00200763 0.0337414 -0.00236772 -0.101872 0.0571421 -0.112222 -0.0029636 0.000581644 -0.0730573 -0.0537669 -0.000639375 -0.0611294 4.48786e-05 -3.12156e-05 0.000433157 -0.0740431 0.000302737 -0.0241126 -0.117491 -0.000474666 0.166388 -0.0334861 0.00514731 -0.00473499 0.109143 -0.0333367 -0.000913107 -1.87139e-05 0.00289301 0.000204237 -0.00742225 0.00407965 -0.000221291 0.000242285 0.00427808 0.0137977 0.000303141 -0.000682732 7.19456e-05 -0.00500564 0.00151191 4.93184e-05 0.0114863 0.0286009 0.00786573 -0.011091 0.00662765 -0.0029306 0.00559144 0.00812388 -0.0457454 -0.000251646 0.00159248 0.0301674 0.0125716 -0.0158317 -2.97821e-05 0.000388151 0.00556488 0.0131921 0.00282217 0.0285309 -0.000406216 -0.000339606 -0.000814558 -8.99508e-05 4.30149e-05 2.4402e-05 -0.0915143 -0.0158734 -0.00048791 -0.0110897 -0.0972822 0.0639316 0.0239034 -0.0349649 -0.0058394 0.000211505 0.103662 -0.0459628 0.103385 -1.04535e-05 0.0994967 0.119592 0.00289534 4.39932e-05 0.0899561 0.025918 -0.0551199 -0.0958067 0.00240857 -0.0214236 -9.47369e-06 0.0945768 -0.00326578 -0.0277111 -0.00213968 -0.00331824 
-0.00587287 0.00117769 -0.025987 -0.0106084 -0.00370072 0.0191125 -0.0181875 0.0271607 -0.00533816 0.00549174 -0.0292634 0.0083092 0.00312406 0.0822262 0.00112265 4.06672e-06 5.44175e-05 -0.0129158 -0.000203855 0.0729388 0.0363917 0.00196497 -0.0334861 0.192151 0.0157966 0.00606676 -0.0318838 -0.082504 -0.000637955 -5.66164e-05 0.00562588 -0.00384254 -0.0162991 -0.0160318 -0.000119771 -0.000377309 -0.00130555 -0.00479045 4.92981e-05 -0.000686661 -0.000162318 0.0028193 -0.000278162 -0.000298953 -0.0151241 -0.00674965 0.000111748 -0.0139046 0.0263005 -0.00406049 -0.00181664 -0.0097451 0.0591077 0.000605135 -0.00145125 -0.0192061 -0.000123029 0.0329499 -2.32335e-05 -0.00298441 -0.00043738 0.000696423 0.0120513 -0.0141333 -0.000206171 0.00036886 -0.00109573 -0.000112136 -2.97148e-05 -1.01273e-05 0.0242855 -0.0200507 -0.000335726 -0.00895889 0.0457338 -0.0184438 -0.0285601 0.0483464 0.00561148 0.00129071 -0.0245016 -0.0664354 -0.0262973 -4.10791e-05 -0.0171336 -0.0328901 -0.0138647 -0.000552595 -0.0234819 -0.00326863 0.00176522 0.028883 -0.000965738 -0.00926331 -2.49895e-05 -0.0313582 -0.00214151 -0.0508631 -0.00340437 0.00919445 
0.000540712 -0.00401324 0.00903379 0.0019244 -0.00714617 0.0338747 -0.00610772 0.0249624 0.0023031 -0.00414528 -0.00540459 0.0436028 -0.0028971 0.0268366 -0.000208784 -0.000115209 3.99621e-06 0.0249707 -0.000549961 0.012793 0.0217788 -0.000456882 0.00514731 0.0157966 0.0750121 -0.000548965 -0.0286403 0.028652 0.000528409 -5.60558e-05 0.000295353 0.000701342 0.00876707 -0.0263939 -0.000803783 -0.000168991 5.90948e-05 0.00092281 -2.23783e-05 0.000326638 -0.000597829 -0.0175194 -3.87316e-05 -0.000202157 -0.0620867 -0.0107227 0.00100398 -0.0278836 -0.0162985 -0.0018596 0.000285351 -0.029897 -0.00425235 -0.00160994 -0.00185406 -0.0326913 -0.00225541 0.00518141 -8.00257e-05 -0.0113829 0.000125622 0.000791711 -0.000593711 -0.0162801 -0.000627224 3.20724e-05 -0.00153374 -0.000832397 -5.19264e-06 -1.65961e-05 0.0307298 0.0058073 -0.00051665 -0.0351151 0.0156576 -0.000859753 0.00729503 0.0282471 0.00136592 0.000137716 -0.0264305 0.0149818 -0.0360481 1.83073e-05 -0.00200445 -0.0213008 -0.036265 -0.00139281 -0.0114625 0.00126101 0.016121 0.0534839 -7.367e-05 -0.00316682 -4.44799e-05 -0.00805101 9.85888e-05 -0.00759034 -0.00311457 0.000777971 
-0.000571433 -0.000344006 -0.00301086 -0.00103774 -0.000692933 0.00221004 -0.00207334 0.00422682 -0.000720233 0.00136262 -0.00767656 0.00133843 0.000685685 0.00804761 0.00144298 3.16916e-05 0.000132556 -0.00346828 4.60499e-05 0.0117273 0.00489581 0.000173117 -0.00473499 0.00606676 -0.000548965 0.0238278 -0.00512578 -0.00848489 0.000288776 -4.77442e-06 -7.53115e-05 -0.000332909 -0.00179204 -0.00141491 1.14183e-05 -5.06867e-05 -0.000143387 -0.000472419 3.24517e-06 0.000408596 2.25093e-06 0.0010586 -2.60395e-05 1.91652e-05 -0.00083509 -0.00144088 -0.000264027 0.00213069 0.000244305 -7.82186e-06 -0.000175871 -0.00103514 0.0157562 -2.99868e-05 -0.000145988 -0.00209118 2.35465e-05 0.0128592 -4.09957e-06 7.21407e-05 -0.000196893 -0.000461149 0.000275692 0.000341279 -3.22986e-06 0.000174093 0.000852831 6.95862e-05 -2.12479e-06 1.82422e-06 0.00274672 -0.00159568 -3.06598e-05 -7.65148e-05 0.00528683 -0.00206903 -0.0020001 -0.00482276 0.00314989 -1.48632e-05 -0.00426464 -0.00673987 -0.00522945 1.70344e-05 -0.00374191 -0.00554927 -0.00120202 5.49372e-05 -0.00371483 -0.000937145 -0.00570312 0.00143044 -9.46594e-05 -0.00233639 -2.56335e-06 -0.00357008 -0.000216304 -0.00964951 -0.000288643 -0.000148694 
0.0103984 -0.00189065 -0.0178243 0.0336231 0.00406747 -0.152061 0.0687965 -0.152281 -0.00604509 0.00484058 -0.0671455 -0.0926775 0.0012814 -0.0927933 -0.000225833 -4.00821e-05 2.14384e-05 -0.108744 0.00037971 -0.0347917 -0.14463 6.98922e-05 0.109143 -0.0318838 -0.0286403 -0.00512578 0.166482 -0.0613984 -0.00112229 -3.47159e-05 0.00881022 -0.00309526 -0.0183838 0.0357867 -0.000248321 0.000289841 0.00443735 0.0147273 0.00027526 -0.00107769 -0.000143902 0.0280234 0.000878651 -0.000118092 0.0614533 0.0403786 0.00753093 -0.0092811 0.0212171 -0.00298095 0.00547666 0.0375419 -0.0608665 0.000613688 0.00217186 0.0663953 0.0117567 -0.0164825 -3.99073e-05 0.0132964 0.0054462 0.0150712 0.0161907 0.0372861 -9.2042e-05 -0.000230098 -0.00123267 -0.000186084 2.23691e-05 2.84713e-05 -0.141348 -0.016555 -0.000408384 -0.00181623 -0.131074 0.064476 0.00347155 -0.0627559 -0.00622849 0.00110433 0.150548 -0.0451823 0.154619 -5.99419e-05 0.117817 0.153081 0.0399403 0.000617757 0.116238 0.0238833 -0.0593104 -0.14794 0.00145453 -0.0214608 6.18993e-06 0.112675 -0.00364251 -0.0253302 0.00618272 -0.00339775 
-0.00458946 -0.00196824 0.0567977 -0.0159728 -0.00536897 0.0729992 -0.0346776 0.0689394 0.0128365 -0.00354147 0.0499285 0.0633532 -0.00200804 -0.0509477 -0.00175026 -5.71076e-05 -0.000253835 0.0710322 -0.000445491 -0.0595897 0.0492546 -0.00106074 -0.0333367 -0.082504 0.028652 -0.00848489 -0.0613984 0.239285 0.000501628 8.62276e-05 -0.00394419 0.00754508 0.0130153 -0.0238968 0.000363567 -0.000325806 -0.00183542 -0.00627439 -0.000159421 -0.000719389 0.000160871 -0.0175469 -0.000482077 0.000232807 -0.0451045 -0.0233899 -0.00380166 -0.0161108 -0.0378206 0.00615615 -0.00259329 -0.0191948 -0.0787388 -0.000416447 0.000640693 -0.0308959 -0.00553317 -0.0223644 5.00659e-05 -0.00693455 -0.00315075 -0.00424799 -0.00954046 -0.0250196 0.000814546 -0.000571489 0.000240445 0.000399421 -1.44206e-05 -1.16794e-05 0.0628441 0.0386906 0.000751056 -0.0167378 0.00871255 -0.0211951 0.037283 0.00980472 -0.00542819 -0.000578717 -0.0644473 0.127683 -0.0686409 -2.47206e-05 -0.0407416 -0.0594189 -0.0235542 -0.000548071 -0.0396285 -0.0123237 0.00453901 0.0740772 -0.00056822 0.00808537 -1.94403e-05 -0.049193 0.00232244 0.0499779 -0.00055989 -0.00585229 
-6.682e-08 1.17928e-05 0.00134822 -0.000213322 -0.00014146 0.000808933 -0.000608582 0.00041289 0.00108768 -4.04629e-05 0.00033463 -0.00127792 -4.03625e-05 0.000380486 0.000241597 -1.40554e-06 2.243e-05 -0.000621122 7.90923e-05 0.000502391 0.000461731 -1.41403e-06 -0.000913107 -0.000637955 0.000528409 0.000288776 -0.00112229 0.000501628 0.00736252 2.2079e-06 -3.35261e-05 -3.73802e-05 -0.000101782 -0.000466357 -8.10089e-06 9.5319e-05 8.82651e-05 9.63884e-05 2.4707e-06 0.000203139 -1.69565e-06 -0.000290682 7.57672e-06 5.57383e-05 -0.000956305 -0.000443424 0.000209238 -0.00032251 -6.77637e-05 -1.98043e-05 -5.16421e-05 -0.000366127 0.000210155 -1.39472e-05 -8.2941e-05 -0.000637944 -0.000108675 0.000817092 1.92644e-06 -8.50354e-05 3.14114e-05 -0.00014209 -0.000125109 -0.000376882 5.44154e-05 -1.47619e-06 0.000691013 -9.96648e-06 4.23782e-07 -3.90822e-07 0.00114108 -0.00034814 -1.07411e-05 -0.000381398 -0.000849286 -0.000595646 0.000609377 0.00245636 0.000721684 -2.32548e-06 -0.00122617 0.000397143 -0.00107881 3.24517e-05 -0.000801661 -0.00116889 -0.000440151 -1.86094e-05 -0.000780824 -0.00028688 -0.000808573 -0.00119393 2.48048e-05 0.0017239 -8.2982e-07 -0.000961497 -0.000112297 -0.00276971 -6.33524e-05 0.000223952 
-5.26763e-06 4.48765e-05 -1.06196e-06 -5.12493e-07 -1.93965e-06 -4.3516e-05 7.17701e-06 8.9249e-06 9.17825e-06 6.30985e-05 -6.93848e-05 -1.24779e-05 3.13329e-05 -4.23629e-05 -9.05081e-07 1.82771e-05 1.8078e-05 -4.96393e-05 -2.62829e-07 -3.92701e-05 -8.21144e-05 4.47377e-06 -1.87139e-05 -5.66164e-05 -5.60558e-05 -4.77442e-06 -3.47159e-05 8.62276e-05 2.2079e-06 0.000219085 -9.61572e-07 8.04225e-06 -6.25438e-05 -9.71361e-06 5.4584e-05 3.13389e-07 -5.66424e-07 -4.24758e-06 6.21499e-06 5.40183e-06 5.33573e-05 -1.01818e-05 9.49356e-06 1.29136e-06 -2.91505e-05 7.13533e-06 -2.22599e-06 -4.03137e-06 -2.99983e-05 4.999e-05 2.08613e-05 -1.02367e-05 -6.43013e-05 6.14405e-05 7.05996e-05 -9.78705e-06 -3.35653e-06 -1.38362e-05 6.12834e-06 -3.79923e-06 -1.62254e-06 5.94665e-05 -1.83556e-07 -1.38355e-05 3.07654e-05 -3.94987e-07 7.1243e-05 6.45678e-05 -3.21225e-08 5.21787e-07 -3.66468e-05 8.05498e-05 6.15523e-08 -1.13628e-05 -7.61326e-05 -3.03718e-06 8.756e-06 -5.64888e-05 -3.51657e-06 -4.58334e-07 -3.08857e-05 5.19331e-05 -3.96974e-05 9.36155e-07 -2.92222e-05 -2.19174e-05 -1.30971e-05 -6.38068e-07 -3.18585e-05 5.24727e-05 -5.61004e-05 -2.97274e-05 5.83487e-06 -2.24365e-05 -3.43625e-08 -1.00011e-05 -1.21147e-06 -3.2034e-05 9.75934e-06 -3.55671e-06 
0.000164184 -0.000220874 -0.00152279 0.000614331 -0.000281399 -0.00929426 -0.000480782 -0.00795748 -0.000359878 0.00129881 -0.00427077 -0.00776026 0.000114049 -0.00459452 0.000134368 -4.68317e-07 0.000177173 -0.00681593 3.00999e-06 -0.00141285 -0.00522347 0.000280787 0.00289301 0.00562588 0.000295353 -7.53115e-05 0.00881022 -0.00394419 -3.35261e-05 -9.61572e-07 0.0119984 -0.000196427 -0.00881682 -0.000182536 -7.36646e-06 1.31794e-05 0.00032 0.00135748 6.3323e-05 -6.51795e-05 0.000143618 0.00475089 7.11689e-06 9.59581e-05 0.00339716 -0.000524783 0.00258796 -0.000601025 0.00566322 -0.000167993 2.14469e-05 -0.000422289 -0.00331338 7.05944e-05 -7.8241e-05 0.00100083 0.000947188 -0.00086238 3.70726e-07 0.000392086 5.23615e-05 0.00147931 0.00879258 0.000592158 0.000182002 7.98373e-05 -2.24191e-05 1.0388e-05 1.05529e-05 3.82268e-07 -0.00961513 -0.000935596 -3.59301e-05 -0.000573855 -0.00766702 -0.000442241 0.000383163 -0.00226434 -0.0002566 0.00128876 0.00921356 -0.0033018 0.00903125 -2.91013e-06 0.009262 0.00872025 0.000112346 -2.52217e-05 0.00840367 -0.000465696 -0.00330568 -0.00888384 0.00020996 -0.00124953 -1.13795e-06 0.000456649 -0.000189482 -0.00349653 0.000896105 -0.00019616 
-0.000344498 2.44484e-05 0.00294706 -0.000675481 0.000246896 0.00308468 -0.00124555 0.00249134 -0.000236547 5.91905e-06 -0.00343072 0.00459774 -1.66698e-05 -0.00352681 -4.48525e-05 2.16846e-06 1.28607e-05 0.000670103 -1.81501e-05 -0.00223756 0.00142104 -3.90927e-05 0.000204237 -0.00384254 0.000701342 -0.000332909 -0.00309526 0.00754508 -3.73802e-05 8.04225e-06 -0.000196427 0.0160701 0.000432542 -0.00122484 0.000238594 -2.26954e-05 -4.28371e-07 -0.000314657 9.06289e-05 -3.24259e-05 0.000109166 -0.000451738 -2.27611e-06 3.32464e-06 -0.00105327 -0.000903573 -0.000193684 -0.000534293 -0.00218135 -0.000129993 -0.000106711 -0.00079717 -0.00263705 0.000111731 0.000149176 -0.00120659 -0.000239127 -0.000396775 1.10029e-05 -0.000293134 -3.10763e-05 -0.000129331 -9.00203e-05 -0.001069 0.000223956 -3.15991e-05 0.000123038 0.000255846 -9.61484e-07 1.42811e-06 0.00256809 0.00564784 5.65231e-05 -0.000697339 -0.00141254 -0.00132737 0.0033516 -0.0024617 -0.000396185 -2.84034e-05 -0.00313109 0.0058112 -0.00339812 1.4523e-05 -0.00244572 -0.00329502 -0.000967343 -3.43141e-05 -0.0025101 -0.000704278 -0.00117744 0.00349938 -4.50641e-05 -0.00103736 2.1604e-06 -0.00220414 -4.56303e-05 -0.00205755 0.000274001 -0.000237862 
-8.38595e-05 -0.00232289 0.00426803 -0.000308653 0.000762922 0.0263537 -0.00329358 0.0186342 0.00112261 -0.00987016 0.0137678 0.0202332 -0.00460593 0.00928994 -0.000897885 -0.000134337 -0.000567617 0.0224368 -0.000144235 -0.00076909 0.015431 -0.00212766 -0.00742225 -0.0162991 0.00876707 -0.00179204 -0.0183838 0.0130153 -0.000101782 -6.25438e-05 -0.00881682 0.000432542 0.0392006 5.06914e-05 -0.00110476 6.49535e-05 -0.00101386 0.000427836 -0.000293381 0.000189229 -0.000954478 -0.0119844 -0.00085807 -0.000224846 -0.0122286 -0.00372494 -0.00342474 -0.000727844 -0.0159249 -0.000259617 -0.000199743 -0.00622442 0.00484792 -0.00167649 -0.00218529 -0.00568682 -0.00729051 -0.000773243 -0.000115256 -0.00299885 -0.00024154 -0.00788816 -0.0155556 -0.00515747 -0.00119311 -0.000152313 -0.00175777 -0.00124675 -1.24088e-05 -1.35799e-05 0.0256813 0.00283199 4.93675e-05 -0.0015782 0.019959 -0.00511839 0.00115004 0.00774103 0.000415316 -0.00173325 -0.0235911 0.0108258 -0.0232453 -1.49643e-05 -0.0214954 -0.0183741 -0.00343939 -6.79037e-05 -0.018733 -0.00343823 0.0106141 0.0255913 -0.000545343 0.00415616 -8.67985e-06 -0.00293605 0.000634714 0.00878467 -0.00139096 -0.000922819 
-0.00104248 -0.000725572 -0.008967 0.000830793 0.00509975 -0.0349632 0.00817944 -0.0420268 -0.00130172 -0.000431485 -0.00542685 -0.0296696 -0.000205412 -0.0216446 0.000446322 -1.1058e-05 -4.92994e-05 -0.0230092 0.000494211 -0.0117442 -0.0315366 -0.000142699 0.00407965 -0.0160318 -0.0263939 -0.00141491 0.0357867 -0.0238968 -0.000466357 -9.71361e-06 -0.000182536 -0.00122484 5.06914e-05 0.0716124 -9.59117e-05 0.000497087 0.000488675 0.00117478 -5.18852e-05 -0.000197048 -8.14301e-05 0.0204866 -0.000183897 -9.20907e-05 0.0312019 0.00867035 -0.000829473 -0.00384009 -0.00261847 -0.000332845 -0.000538186 0.0340625 -0.0172747 -0.000121765 -4.47722e-05 0.0344792 -0.00104829 -0.00597213 -7.72853e-06 0.00781805 -0.00048229 -0.00160174 -0.000196393 0.00196936 -0.000188222 -4.98347e-05 -0.000472422 -0.000112562 1.4521e-06 2.5981e-06 -0.0375313 -0.00564932 -0.000221713 0.00291685 -0.028494 0.00556961 -0.0082494 -0.0116892 0.00363528 -0.000116558 0.031854 -0.00977341 0.035567 -2.41574e-05 0.004764 0.0325641 0.036445 0.000701462 0.0193953 0.000277667 -0.0146786 -0.0329672 6.98798e-05 -0.00131832 8.72511e-06 0.0198892 0.000823997 0.00646106 0.00253496 -0.00124447 
