0.249285 -0.0338485 -0.0479587 -9.42661e-06 0.000283761 -0.0585426 -0.000251993 0.00416955 -0.0222008 -0.0194555 -0.000351603 -0.00401856 -0.000295093 -0.000233159 -0.000477958 -4.96022e-06 -4.46491e-05 -0.00513358 0.00140447 -0.0633202 0.0393995 0.045362 0.000150573 -0.000498699 -0.135906 -0.0060579 -0.00262087 -0.031995 1.34748e-06 -0.00346013 -0.0409539 0.130572 -0.0192726 0.0130381 -0.00801619 -0.0046034 0.000182846 -0.0334168 0.00130021 -0.00176491 -0.000308216 -0.00402027 0.00554518 0.0398466 0.0408665 0.104703 -0.00148943 -0.00595779 -0.0052683 -0.0192312 -0.00957662 0.0978005 -0.00225375 0.110943 -0.00052458 0.15577 -0.000942107 0.00383186 -0.000414097 -0.0610067 -0.00154826 0.000783338 -0.0250608 -0.000328939 0.00876255 -0.0039159 0.00741502 -0.0651894 -0.000290839 -0.000469306 0.0273318 -0.00265806 -0.00423916 -0.133308 -0.0297288 -0.0471165 -0.0351815 -0.081279 0.0258151 -0.0122865 -0.00171625 -0.000822071 -0.00974682 0.00903722 0.0353732 0.00530359 -0.0227809 0.114585 -0.000139023 -0.00942434 -0.0470165 -0.000187355 0.00329299 -0.00010643 -0.0327338 -0.0517131 -0.0305459 -0.00161813 0.026127 -0.00142399 
-0.0338485 0.0741212 0.00313757 2.1929e-05 -4.06614e-05 0.0528522 -4.54881e-05 -0.0257077 0.0473593 -0.0033262 0.000109308 0.00832644 0.000164632 -9.02687e-06 0.000873138 -0.000173782 8.69441e-05 0.00296021 -0.000652046 -0.00574248 -0.00192143 -0.0526899 -0.000388482 0.000229657 0.0385508 0.00496629 0.00280547 0.0546911 -9.93698e-06 -0.00412819 2.54588e-05 -0.039214 0.0097369 -0.00231719 0.00843688 -0.00050553 -5.47348e-05 0.044395 -0.000580789 -0.000527673 -0.000135958 -0.0410516 -0.000299171 -0.0171121 -0.061007 -0.0357487 0.000935328 -0.00106745 -0.000983396 0.00543315 0.00530789 -0.0215764 0.000593025 -0.00684787 -5.30222e-05 -0.031769 0.000306644 0.000611477 0.000377916 0.0588471 -0.000348022 -0.000186696 0.0071722 -5.01661e-05 -0.00185393 0.00325287 -0.00620554 -0.0153091 -0.000147102 9.45341e-05 -0.0280144 0.00314227 0.0027752 0.0420558 -0.00184357 -0.019681 0.0429952 0.0580302 -0.027264 2.65418e-05 -0.000272666 -0.0174192 -0.000641074 -0.0255673 -0.0498485 -0.000926101 -0.00570603 -0.0242335 -9.22283e-06 0.00255369 0.0420016 2.25476e-05 -0.0137949 -1.80552e-06 -0.00488722 0.00302447 0.00487231 0.00260227 -0.00826337 0.00112513 
-0.0479587 0.00313757 0.181979 -2.55277e-05 -0.000135126 -0.00328695 -0.000114682 0.0495858 0.0278921 0.00835798 0.000415276 0.00296518 -0.00179904 -0.000713948 7.32312e-05 -0.000552579 -5.33099e-05 0.00335673 0.000921793 0.0105265 -0.00414079 -0.0150518 -0.00140182 0.000383024 -0.0262759 0.00134026 -0.000988245 0.00639356 4.27251e-05 -0.00894974 -0.0199092 0.0163628 0.00497573 -0.000544096 -9.09574e-06 0.005663 -0.000105299 0.00167579 -0.00143948 0.00224383 -0.000194355 0.0115597 -0.00414386 -0.0564401 -0.0340901 0.0528459 0.00197603 0.00146857 -0.000232682 0.00532298 0.0122302 -0.012111 -0.00111293 -0.0827644 0.000311175 -0.0369855 0.000848978 -0.00493428 -0.000193084 -0.0011806 0.00044408 -0.000515815 -0.0178338 -0.00014161 -0.00576976 -0.00210816 -0.00535156 0.029712 5.38645e-05 -0.00023345 -0.0783238 -0.000498605 -0.000285643 0.0511723 0.0181774 -0.0173907 0.00327953 0.00736104 0.0944133 -0.0059163 -0.000522276 0.0503027 -0.00266295 -0.0594486 -0.0328538 -0.00220715 -0.00603622 -0.0623365 -6.35136e-05 0.00177933 0.0198929 6.52283e-05 0.00402144 -5.83193e-05 -0.0139546 0.0207455 -0.0106504 0.000117437 -0.0229719 -0.000420029 
-9.42661e-06 2.1929e-05 -2.55277e-05 0.000140058 1.18477e-07 -2.13996e-05 6.63209e-07 -1.25879e-06 -2.60967e-05 -5.15554e-06 -1.27922e-07 2.18515e-05 2.07209e-05 -6.29866e-07 -2.00247e-07 1.9565e-05 8.98334e-07 -3.00508e-06 2.44552e-05 -1.1778e-05 4.51603e-07 -7.98457e-05 3.90747e-07 2.26709e-05 -4.01575e-05 -7.64017e-07 9.70167e-06 -8.41982e-06 4.25075e-07 6.29079e-06 -1.34059e-05 -4.9621e-05 4.17825e-05 -1.60447e-06 3.33018e-05 -1.79809e-07 1.17616e-06 -1.67492e-05 -4.87613e-07 3.83656e-06 4.51079e-06 -2.22596e-05 3.49956e-05 5.77935e-07 -3.21989e-05 -4.43722e-05 -5.48573e-07 4.07841e-07 1.00074e-06 6.44156e-06 2.30649e-05 -2.10007e-05 1.956e-05 -3.49219e-05 1.69165e-05 9.84326e-06 -5.26628e-08 7.54553e-05 -1.265e-07 4.98091e-05 3.05893e-06 -3.76738e-07 2.03894e-05 1.39268e-05 3.98817e-05 1.2196e-06 -2.64482e-05 4.45157e-06 2.16343e-06 1.83718e-05 -2.60272e-05 3.51448e-06 -1.88792e-07 -2.30538e-05 1.02006e-06 -2.39566e-05 -9.76511e-06 -2.91495e-05 -3.84695e-05 1.79895e-06 -3.10933e-07 -6.7317e-06 1.84458e-05 1.56442e-05 -7.00548e-05 7.37003e-06 -7.40991e-06 -1.01452e-05 -5.35735e-08 9.26556e-06 -2.72141e-05 1.12905e-06 -9.11488e-05 -4.06475e-08 -4.88891e-06 3.19823e-05 2.78313e-05 9.69425e-06 1.58029e-05 6.92262e-06 
0.000283761 -4.06614e-05 -0.000135126 1.18477e-07 0.000977631 3.62687e-05 1.76582e-06 0.000202241 0.000295292 -9.44338e-06 -6.49225e-07 -5.25255e-06 -8.75568e-06 -3.30027e-06 -1.39894e-06 1.78181e-06 4.3358e-07 9.56252e-07 0.00015834 -3.77329e-05 0.000631399 3.51366e-05 1.57015e-06 2.74347e-06 -0.000275694 2.18176e-05 3.16855e-06 -6.239e-05 -1.35317e-07 -1.84915e-05 -7.56649e-05 -7.35206e-05 -1.29147e-06 -2.30144e-05 9.73262e-07 -4.86932e-06 -7.87514e-07 0.000127966 -4.75459e-06 -4.61998e-06 9.54714e-06 -0.000204348 4.50393e-05 -0.00011893 4.15836e-05 0.000256374 -2.79902e-06 -1.01901e-05 -6.17908e-06 -7.33545e-06 -1.23385e-05 0.000138768 -2.92585e-06 0.000147508 1.7096e-05 -0.000293993 -1.54165e-06 -1.34478e-05 -4.50398e-07 -9.68032e-05 -3.63412e-06 1.40903e-05 -3.23611e-05 -8.86813e-08 -7.73003e-06 -7.96635e-06 5.5358e-06 -0.000144121 1.64083e-05 4.93034e-08 -0.00032042 -2.80154e-06 -1.36991e-06 -0.000310506 -1.32255e-05 -9.35025e-05 -7.11237e-05 -0.000123422 0.000316272 -2.14563e-05 3.24233e-06 -0.00039347 -1.51525e-05 -0.000191213 -0.000140114 -7.01848e-06 -7.35232e-06 9.14792e-05 -1.076e-07 -1.151e-05 -0.000144986 -4.18053e-07 -7.33644e-05 -2.83965e-07 -6.04671e-05 -6.45348e-06 -3.76491e-05 1.88873e-07 -8.60006e-05 1.57546e-06 
-0.0585426 0.0528522 -0.00328695 -2.13996e-05 3.62687e-05 0.152004 -6.86556e-05 -0.0710053 0.102901 -0.00577686 0.000173578 0.00740904 0.00200876 -0.000525969 0.000841449 -0.000431418 -5.66939e-05 0.0146902 0.00308266 -0.0141234 0.00271821 -0.0436478 -0.000940178 6.26303e-05 0.0871866 0.0112433 -0.000398799 0.0515528 -2.23741e-05 -0.00963279 0.0371328 -0.0784265 -0.00407257 -0.00434271 -0.000758926 0.0023372 -7.20633e-05 0.0846659 -0.000954473 -0.00105497 0.000928909 -0.0788486 -0.00406753 -0.0141129 -0.0808578 -0.0602167 0.00084833 -0.00125859 -0.00175693 -0.00715996 0.00440466 -0.0410498 0.00114385 0.0278331 0.00046833 -0.0696168 0.00154018 -0.00317266 -5.15008e-05 0.0515587 0.000795817 -0.000324195 -0.00191458 -8.58101e-05 -0.004121 0.00363711 -0.0113865 -0.0517838 0.000174201 -4.72397e-05 -0.0109564 -0.00151108 0.00717711 0.0738425 -0.00651717 -0.0375152 0.0643264 0.10926 -0.0458297 0.00280052 -0.000294263 -0.000524083 0.00128109 -0.0522421 -0.0643676 -0.00202463 -0.0120472 -0.0309467 0.000116653 -0.00395381 0.105063 0.000104021 -0.0215866 -3.48284e-05 -0.0134501 -0.0183552 -0.00733216 0.00209199 -0.0140261 0.00121743 
-0.000251993 -4.54881e-05 -0.000114682 6.63209e-07 1.76582e-06 -6.86556e-05 0.000579597 -7.4758e-05 -0.0001201 -1.80678e-05 5.27039e-06 -4.28576e-06 2.2272e-06 2.37008e-06 -8.2904e-07 8.38464e-05 -1.25792e-07 -3.7402e-06 5.61692e-05 0.000250724 -4.59274e-05 -4.57093e-05 4.98006e-06 8.35596e-07 3.7291e-05 6.89678e-06 6.10463e-06 -4.35494e-05 -8.01919e-08 4.15068e-05 6.0251e-05 -0.000259701 0.000115126 4.53098e-05 -1.11691e-05 -3.35651e-07 5.8333e-06 -7.15505e-05 -3.77124e-06 4.06271e-05 6.93294e-07 0.000140995 0.000110393 -8.18033e-05 0.000104728 -0.000251144 -3.48913e-07 0.00010889 2.3227e-06 5.94605e-05 2.77881e-05 -0.000145943 -1.0097e-06 -0.000320567 3.95198e-05 -0.000145188 -1.38072e-06 0.000114458 -3.57052e-07 -6.99791e-05 1.71237e-05 2.07361e-06 -4.01708e-05 3.34619e-06 9.81255e-05 1.04682e-06 -8.44564e-05 0.000280794 2.40772e-05 5.09626e-06 -0.000204726 2.00527e-05 4.19452e-06 -6.60161e-05 -3.56769e-05 0.000254877 -2.92416e-05 -0.000146282 -7.24815e-05 -1.49164e-05 8.06562e-05 -0.000201623 7.15978e-05 0.000340756 -0.000192382 2.63442e-05 0.000197729 -6.68365e-05 1.11535e-07 2.43054e-05 -0.000147127 -2.47748e-07 -0.000223594 4.98383e-07 0.000156574 0.000110616 -2.8787e-05 5.36326e-06 -2.45288e-05 -6.70184e-07 
0.00416955 -0.0257077 0.0495858 -1.25879e-06 0.000202241 -0.0710053 -7.4758e-05 0.241487 -0.0587462 0.0240202 -0.000264506 -0.00416561 -0.00380256 -0.00108502 -0.000532239 -0.000836143 0.000150319 -0.00932059 -0.00319566 0.0422134 0.0121339 0.0353083 0.00203185 -0.000231028 -0.111227 -0.0054943 -0.000311728 -0.0292361 1.39085e-05 0.0154201 -0.0256806 0.0689221 0.00676271 -0.00131488 0.00197448 -0.00444627 -0.000221365 -0.0447776 0.00308197 0.00159844 -0.000622238 0.0932149 -0.00219614 -0.0733973 0.0587184 0.0497753 -2.73095e-06 -0.00588936 -0.00546767 0.00798184 -0.00181943 0.0591929 -0.00195103 -0.0591406 -0.000444961 0.0177267 -0.000735209 -0.00501347 -0.000132999 -0.0403086 -0.00162561 0.000904206 -0.0255276 -0.000337485 -0.00849286 -0.00353279 0.00706487 0.109057 0.000218147 -0.000361223 -0.107187 5.35936e-05 -0.00376677 -0.0554768 -0.00590952 0.0277985 -0.0336669 -0.0889546 0.122627 -0.0100316 8.89623e-05 -0.0737235 -0.00728574 -0.0193928 0.0399832 -0.00207874 0.00721659 -0.0396059 -3.70842e-05 0.0108875 -0.0685218 -0.000148484 0.0109095 0.000113574 -0.00535486 0.0579997 0.00228917 -0.00130331 -0.0312506 -0.000524441 
-0.0222008 0.0473593 0.0278921 -2.60967e-05 0.000295292 0.102901 -0.0001201 -0.0587462 0.17923 -0.00898632 0.000525319 0.00733545 0.000451129 -0.000642639 0.000872902 -0.00053651 -8.16226e-05 0.0101934 0.00630058 -0.0243513 0.0285522 -0.0407564 -0.00135347 0.000365213 0.0574403 0.0113207 -0.00068907 0.0493222 -2.392e-05 -0.0120482 0.0147115 -0.0442284 -0.000501059 -0.00198104 -0.00324883 0.00751049 -0.0001661 0.0894899 -0.00134309 -0.00119615 0.0010717 -0.104769 -0.00489673 -0.0408686 -0.0961708 -0.00997502 0.000935124 0.00236628 -0.00193293 -0.00115853 0.00780806 -0.00829204 -0.00105992 0.030849 0.00058314 -0.0714412 0.00152502 -0.00506255 -6.84937e-05 0.0446038 0.000232074 0.000146086 -0.0138124 -0.000140516 -0.00608009 0.00169456 -0.0113668 -0.0719409 0.000185498 -0.00013564 -0.0435076 -0.00200769 0.00625139 0.0631297 -0.0111507 -0.0558944 0.0587616 0.106543 0.00680319 -0.00535531 -0.000824109 0.00542294 -0.00153585 -0.0744465 -0.0779633 -0.00139258 -0.0158613 -0.036438 1.35489e-05 -0.00497012 0.109385 7.73687e-05 -0.00765737 -5.63828e-05 -0.0175033 -0.0257875 -0.0150173 0.00195943 -0.0225584 -8.8189e-05 
-0.0194555 -0.0033262 0.00835798 -5.15554e-06 -9.44338e-06 -0.00577686 -1.80678e-05 0.0240202 -0.00898632 0.0438175 2.82031e-05 -0.000376755 -0.00046472 -0.000111267 -1.49321e-05 -0.000109328 6.15005e-06 -0.000515812 -0.000468093 0.0168574 -0.00443167 0.00459417 0.000448354 -5.08688e-05 -0.0113821 0.000661436 -0.000139877 -0.00331534 1.17382e-05 0.00447921 -0.0031445 -0.00738711 -0.00133471 -0.00179428 -0.000725268 -0.000496315 -3.02148e-05 -0.00472536 -0.000231667 -0.00028495 -9.88809e-05 0.0179583 -0.00108333 -0.0101083 0.00424095 -0.00503789 -0.000144825 -0.000970206 -0.000513509 0.00200307 -0.000827527 -0.00900948 -0.00014766 -0.0205104 -3.9393e-05 -0.0145946 0.000402195 -0.000801603 -3.13045e-06 -0.00572812 -7.31418e-05 -6.07639e-05 -0.00379255 -2.32229e-05 -0.00117078 4.98978e-05 4.10387e-05 0.021124 -0.000198056 -3.87335e-05 -0.0184798 -0.000118088 -0.000256948 -0.0146107 0.0010673 0.0161297 -0.00270047 -0.00966296 0.0137484 -0.000839353 0.000671611 -0.00589602 -0.000763861 0.00425289 0.00942294 -0.000534126 0.00146497 -0.0154749 -1.49538e-05 0.00578785 -0.00376792 -1.84421e-05 0.00209603 2.78953e-05 0.000361783 0.0233019 0.00425721 1.85135e-05 -0.00464714 0.000163776 
-0.000351603 0.000109308 0.000415276 -1.27922e-07 -6.49225e-07 0.000173578 5.27039e-06 -0.000264506 0.000525319 2.82031e-05 0.000912388 1.34456e-05 3.91557e-07 8.15878e-07 2.73895e-06 -2.17416e-07 3.3806e-07 0.000301562 -8.68114e-06 -7.70881e-05 -9.83702e-05 -0.000599137 -5.91667e-06 3.25963e-05 0.000188129 2.46556e-05 3.53826e-05 8.62145e-05 -1.26278e-07 -2.56244e-05 2.30902e-05 -0.000440125 0.00018041 0.000103784 -1.65254e-05 0.000362666 -1.90466e-07 0.000112848 -6.20039e-06 2.17252e-05 4.65444e-08 -0.000388466 -1.92002e-05 -0.000216809 -0.000210898 -3.53336e-06 2.04014e-05 0.000335979 1.40646e-06 0.000380786 5.7566e-05 -0.000209005 -3.88944e-06 -0.000325784 7.98675e-07 -0.00034719 5.67955e-05 1.99056e-05 2.99975e-05 4.11396e-05 1.62059e-06 -1.10055e-06 -7.02371e-05 -6.78218e-07 -2.07705e-05 6.81745e-08 -0.000281899 -0.000173129 2.3446e-06 -9.36789e-07 -0.000372085 7.40339e-05 3.11965e-06 0.000446043 -1.81713e-05 -0.000149688 0.000126169 0.000554771 0.000109985 -2.30499e-05 3.52904e-05 0.000213651 5.13426e-06 -0.000239708 -0.000523791 -1.11179e-05 -3.69968e-05 -0.00030899 1.84066e-07 5.28231e-05 0.000188739 3.96543e-06 -0.000388 -8.7219e-08 -3.63733e-05 -3.54293e-05 -3.5741e-05 2.73081e-06 -9.10882e-05 1.32997e-05 
-0.00401856 0.00832644 0.00296518 2.18515e-05 -5.25255e-06 0.00740904 -4.28576e-06 -0.00416561 0.00733545 -0.000376755 1.34456e-05 0.0102337 2.25507e-05 -1.86637e-05 0.000290429 3.41914e-05 -2.05748e-06 3.88996e-05 -6.85164e-07 -0.00123063 0.000357972 -0.00796977 -4.18771e-05 0.000115192 0.00638315 0.000659079 -1.52836e-05 0.00807656 -6.63212e-07 -0.00056237 -0.000744638 -0.00504668 -5.33373e-05 -0.000460303 -4.21724e-05 -7.12589e-05 -4.97711e-06 0.00706492 -7.53668e-05 -6.5472e-05 -1.93713e-05 -0.00539929 -0.000192822 -0.00241538 -0.00803476 -0.0045658 0.000251715 -0.000211077 -9.90891e-05 -0.000420069 0.00240336 -0.00276794 0.000137142 -0.00432933 2.78667e-05 -0.0040679 3.76309e-05 -0.000148079 3.8284e-05 0.00837676 -3.95244e-05 2.1189e-05 -0.000676049 4.2425e-05 -0.000277688 0.000319435 -0.00459975 -0.00321094 -1.23607e-05 0.000168765 -0.00390048 -8.74801e-05 0.000580165 0.00515565 0.00099794 -0.00251646 0.00478566 0.00749557 -0.00243824 -0.000137121 -3.61538e-05 -0.00257078 8.54773e-05 -0.00338354 -0.00672605 -0.000114779 -0.000731277 -0.00356864 -3.81038e-06 -0.000192817 0.00493152 -6.4027e-09 -0.000342889 -2.45617e-06 -0.000505211 -0.00106533 -0.000570612 0.00121416 -0.00105825 -2.50432e-06 
-0.000295093 0.000164632 -0.00179904 2.07209e-05 -8.75568e-06 0.00200876 2.2272e-06 -0.00380256 0.000451129 -0.00046472 3.91557e-07 2.25507e-05 0.0101367 8.79258e-05 -9.26309e-06 9.05614e-05 1.48941e-05 -0.000101446 0.000188159 -0.000316975 -0.000900006 -0.00292729 5.88766e-06 6.89228e-05 5.24531e-05 0.000971029 -6.29678e-05 0.000493128 -1.41619e-06 -0.000498618 0.000947963 -0.00467257 0.000718323 -0.000119854 -0.00019433 0.00112162 0.000107058 -0.00096602 0.000303166 -8.07032e-06 9.65247e-05 0.000415138 4.49143e-05 0.00568777 -0.000568401 -0.00447463 -3.69305e-05 0.000225603 -0.000136742 8.58982e-05 0.000214044 -0.00254355 -5.04909e-06 0.00128293 0.000259355 0.00214629 -1.89277e-05 0.0040582 1.53956e-05 -2.88163e-05 0.000916806 -2.66781e-05 -0.000822843 5.08139e-07 0.00399015 -6.55878e-05 -0.00185909 -0.00310686 0.000185981 5.10535e-05 0.0029603 -9.79899e-05 0.00159151 -0.0030449 -0.000574065 -0.00239513 0.00179878 -5.56325e-05 -0.00415135 -0.000229071 6.41942e-05 0.00165758 -0.000122174 0.00264722 -0.00584411 -0.000100344 -0.000699627 0.00435697 0.000104383 -0.000191192 -0.000946536 0.000103158 -0.00711436 1.64726e-05 -0.000643896 -0.00115587 -0.000613659 0.000181957 0.00571517 -2.95095e-05 
-0.000233159 -9.02687e-06 -0.000713948 -6.29866e-07 -3.30027e-06 -0.000525969 2.37008e-06 -0.00108502 -0.000642639 -0.000111267 8.15878e-07 -1.86637e-05 8.79258e-05 0.00447633 -6.42801e-06 7.85708e-06 1.00761e-06 1.58524e-05 9.95951e-05 4.56036e-05 -0.000379212 -0.000782427 2.75712e-06 -6.93512e-07 0.000725011 4.14076e-05 -1.75132e-05 1.16189e-05 -4.9955e-07 0.000339452 0.00118519 -0.00114009 0.000377848 -8.33902e-05 3.60572e-05 0.000111028 2.26037e-05 -0.00051249 -2.30727e-05 7.62107e-06 -3.3572e-06 -0.000596502 -7.00936e-05 0.00129951 0.000366174 -0.000633818 2.82351e-05 0.000340691 -4.54134e-05 0.00061361 1.47658e-06 -0.000978382 -1.63462e-05 -0.000299568 8.21234e-05 -0.000127803 4.99163e-06 -1.6249e-05 2.94171e-05 0.000476501 7.66576e-06 -9.22674e-06 -0.000131488 -3.7771e-06 -5.85339e-05 -2.81845e-05 -0.000156981 -0.000293781 6.72003e-05 -4.12042e-06 0.0013868 -3.43647e-05 0.000136205 0.000140168 -0.000281068 0.000851133 -7.31384e-05 0.000135461 -0.00173233 -9.18559e-05 -1.18336e-06 0.000170836 -3.57913e-05 0.00141625 -0.00142878 -4.16692e-05 8.88262e-05 8.78638e-05 1.80272e-07 -8.08054e-05 -0.000987504 -9.8759e-07 -0.00122827 8.39647e-07 0.000647899 -0.000221725 -0.000204202 3.26635e-06 0.000233537 -8.06419e-06 
-0.000477958 0.000873138 7.32312e-05 -2.00247e-07 -1.39894e-06 0.000841449 -8.2904e-07 -0.000532239 0.000872902 -1.49321e-05 2.73895e-06 0.000290429 -9.26309e-06 -6.42801e-06 0.0014275 -2.6856e-06 -5.50636e-07 0.00020483 -6.29585e-07 -0.000215897 -8.87833e-05 -0.000868302 -8.36814e-06 -3.06489e-07 0.000658416 -1.78165e-05 1.21231e-06 0.000941581 -1.97674e-07 -7.76793e-05 -8.66388e-05 -0.000591214 -4.63188e-05 -1.59042e-05 -1.82389e-05 4.75795e-05 -1.15042e-06 0.000904038 -8.20801e-06 -7.65873e-06 -3.20966e-06 -0.00070803 -2.25784e-05 -0.000340787 -0.00108827 -0.000418111 5.46062e-07 2.24764e-05 -1.60205e-05 -5.36642e-05 8.7489e-05 -0.000368839 -5.4045e-06 -0.000271697 -1.72545e-06 -0.000489668 7.25032e-05 -3.10767e-05 -9.09739e-08 0.000778753 -5.6535e-06 -3.74474e-06 -2.998e-05 -1.20082e-06 -2.72444e-05 4.02106e-05 -0.000315279 -0.000446243 -6.37193e-06 1.48991e-07 -0.000516384 -9.5731e-06 1.37618e-06 0.00077442 -7.16023e-05 -0.000348629 0.000870384 0.000966287 -0.000429927 -3.07836e-05 -5.56783e-06 -2.05493e-05 -3.32478e-05 -0.00043307 -0.000843799 -2.18399e-06 -0.000101403 -0.000482185 -6.89594e-08 -2.79208e-05 0.00101341 -1.32924e-07 -0.000277428 -4.14822e-07 -0.000115386 -0.000160681 -4.89716e-05 1.77076e-05 -0.000140407 7.02484e-05 
-4.96022e-06 -0.000173782 -0.000552579 1.9565e-05 1.78181e-06 -0.000431418 8.38464e-05 -0.000836143 -0.00053651 -0.000109328 -2.17416e-07 3.41914e-05 9.05614e-05 7.85708e-06 -2.6856e-06 0.0023859 7.23022e-07 -4.30137e-05 0.000597029 -0.000375795 -0.00023266 -0.00160389 2.9314e-06 7.71587e-05 -0.000485608 -2.75255e-05 8.54359e-08 -0.00016872 -2.75153e-07 -0.000121528 -0.000184054 -0.000166588 0.000250289 0.00154979 4.3638e-05 -2.6154e-05 2.54976e-05 -0.00029074 3.64022e-05 0.000226786 6.57204e-07 -0.000950552 0.00177923 -0.000148905 0.000384609 -0.000861117 -8.85496e-06 0.000866924 -3.73975e-06 2.9038e-05 0.000138758 0.00020581 7.1549e-05 -0.00126687 0.000223002 0.000977829 -4.50927e-06 0.00191938 -2.15979e-06 1.99643e-05 4.04991e-05 -1.11002e-06 -7.36593e-05 3.80355e-05 0.00179164 7.9239e-06 -0.000311153 -0.000275179 -3.30103e-06 0.00013163 2.98806e-05 7.8867e-07 -2.21059e-05 -0.00059998 -8.59127e-05 -0.000252669 -0.000191544 -0.0006018 -0.00118913 -1.41755e-05 0.000144318 -0.000471647 0.000870517 0.00114105 -0.00119261 0.00143074 2.53646e-05 -0.000731847 -9.14689e-07 2.71367e-05 -0.000580517 6.02274e-06 -0.0011145 6.28227e-07 -1.28494e-05 -0.000234348 -4.26072e-05 4.55476e-06 -0.000117699 6.19298e-07 
-4.46491e-05 8.69441e-05 -5.33099e-05 8.98334e-07 4.3358e-07 -5.66939e-05 -1.25792e-07 0.000150319 -8.16226e-05 6.15005e-06 3.3806e-07 -2.05748e-06 1.48941e-05 1.00761e-06 -5.50636e-07 7.23022e-07 0.000408333 -9.89762e-06 -4.01066e-06 -3.3589e-05 -2.99382e-05 -0.000119074 -4.18263e-07 8.37829e-08 -0.000124531 -6.42202e-07 8.65711e-06 3.61218e-05 3.76847e-07 -1.08338e-05 -6.34845e-06 1.2054e-06 7.09904e-05 -1.63453e-05 0.000102504 8.18848e-07 1.6046e-06 -4.54868e-05 3.68935e-06 -1.87907e-06 2.84392e-07 2.14481e-06 -9.38124e-07 2.79458e-07 -3.57755e-05 -4.80367e-05 7.28912e-06 -7.13504e-06 -5.30349e-06 8.18553e-05 -5.3742e-06 5.11599e-05 -7.63473e-07 -8.88973e-05 2.97418e-07 4.5624e-05 -8.51601e-07 1.38562e-05 3.51999e-06 8.04802e-05 4.47492e-06 -5.76434e-07 7.15705e-05 -3.4314e-07 -5.41271e-06 -8.48442e-08 -5.70562e-06 0.000113863 4.89823e-06 2.60758e-06 -5.64332e-05 9.83726e-06 -1.24545e-06 -2.90261e-05 -2.71907e-05 -6.20418e-05 -1.337e-05 5.79839e-06 -0.000106516 -8.56352e-06 2.5915e-06 -0.00020373 -4.87706e-06 -5.58568e-05 -0.000172124 -3.9422e-06 -1.19496e-05 -2.08745e-05 4.16599e-06 5.81499e-05 -8.55303e-05 5.18104e-06 -5.48495e-05 -1.18538e-07 5.3665e-05 0.000108481 0.000109163 4.83529e-06 2.30157e-05 2.59667e-07 
-0.00513358 0.00296021 0.00335673 -3.00508e-06 9.56252e-07 0.0146902 -3.7402e-06 -0.00932059 0.0101934 -0.000515812 0.000301562 3.88996e-05 -0.000101446 1.58524e-05 0.00020483 -4.30137e-05 -9.89762e-06 0.0236421 5.78125e-05 -0.00164688 -0.0012363 -0.0044141 -0.000143129 1.85266e-06 0.00626112 0.00049444 -0.000142395 0.00270903 -3.27258e-06 -0.00124915 0.00335166 -0.00886153 -0.000784855 5.09112e-05 0.000937125 0.0010638 -1.43094e-05 0.00764798 -0.000173648 0.000153453 -4.26786e-05 -0.0113658 -0.000571141 -0.00293873 -0.0136291 0.000265538 0.000111347 0.000494697 -0.000299324 -0.000935147 0.000390987 -0.00607668 0.00104781 -0.000455617 6.035e-06 -0.00902363 0.00115977 -0.000452627 -1.75917e-05 0.00293658 -9.8664e-05 -5.45641e-05 0.000510329 -1.6397e-05 -0.000620919 0.000284376 -0.00198556 -0.00716423 -9.96326e-06 -1.25104e-05 -0.00559409 -0.000145809 0.000325112 0.012877 5.85653e-05 -0.00312235 0.00644188 0.0157256 -0.00238861 0.000650775 -9.11522e-05 0.00494541 -7.69761e-05 -0.0057072 -0.00993287 -0.000121664 -0.00166941 -0.00546408 6.04001e-05 -0.000449566 0.0140238 1.51604e-05 -0.0120469 -1.49744e-06 -0.00160363 -0.00233003 0.000530078 4.72869e-05 -0.00209374 0.00136857 
0.00140447 -0.000652046 0.000921793 2.44552e-05 0.00015834 0.00308266 5.61692e-05 -0.00319566 0.00630058 -0.000468093 -8.68114e-06 -6.85164e-07 0.000188159 9.95951e-05 -6.29585e-07 0.000597029 -4.01066e-06 5.78125e-05 0.0104411 -0.00106123 0.0063553 -0.00145648 -5.89852e-05 0.000233069 -0.00236347 0.000247905 -5.08473e-05 -0.000709929 -9.92497e-07 -0.000544047 -0.000834218 -0.0012055 -4.31378e-05 0.000894099 9.22028e-05 0.00160285 -2.24755e-06 7.83142e-05 7.08118e-05 0.000166811 0.000517746 -0.00434984 0.00112729 -0.00256783 -0.0028134 0.00252055 -2.76365e-05 0.00115075 -3.73609e-05 -2.85233e-05 0.00143922 0.00165453 -6.45397e-06 0.000603734 0.0010825 -0.0026024 -7.02994e-06 0.00107414 -9.2962e-06 -0.0004468 0.000310695 -8.26948e-06 -0.000518454 2.84471e-05 0.00106484 -1.61185e-05 -0.00131364 -0.00317018 0.000533071 3.68926e-05 -0.00316532 -7.95861e-05 0.000862194 -0.00315824 -0.00053471 -0.00241371 0.00263103 -0.000189681 0.00285569 -0.000243694 9.58509e-05 0.000767422 0.000753176 -0.00218715 -0.00646157 0.000930533 -0.000710972 0.00217601 5.86394e-07 -0.000119488 -5.94025e-05 -3.58577e-06 -0.00424275 -2.36208e-06 -0.000873994 -0.000710014 -0.000632028 2.79042e-05 -0.000924182 -2.17256e-05 
-0.0633202 -0.00574248 0.0105265 -1.1778e-05 -3.77329e-05 -0.0141234 0.000250724 0.0422134 -0.0243513 0.0168574 -7.70881e-05 -0.00123063 -0.000316975 4.56036e-05 -0.000215897 -0.000375795 -3.3589e-05 -0.00164688 -0.00106123 0.145752 -0.0121133 0.0040083 0.00123061 -0.000127889 -0.00333716 0.00205948 -0.00104084 -0.00201311 -2.01703e-05 0.00684185 0.00620639 -0.0541835 0.00960197 -0.00844963 -7.40767e-05 -0.000375878 -0.000123863 -0.0157191 -0.00035652 0.00289601 -0.000398814 0.0629876 -0.00263329 -0.0157193 0.0175077 -0.0456647 -0.00027978 -0.00131762 -0.00224696 0.0121524 0.000584276 -0.0418135 -0.000434439 -0.0868848 -6.10304e-05 -0.0516355 -0.000159918 -0.00327513 0.000120711 -0.00704599 -0.000344235 -0.000263054 -0.0135165 -0.000146663 -0.00299152 -0.000908595 0.00036215 0.0736359 6.49737e-06 -7.05992e-05 -0.0472022 -0.00067712 0.00167708 0.00678187 -0.00790018 0.0653681 -0.00247921 -0.0268055 0.0108618 -0.00388513 -6.9796e-05 -0.0442724 -0.00263386 0.0577858 -0.0191075 -0.00208944 0.0183764 -0.0201188 0.000266035 0.00667688 -0.0273137 0.000115043 0.00182902 0.000149302 0.0378464 0.0609011 0.012244 0.000861783 -0.00458006 -0.000161221 
0.0393995 -0.00192143 -0.00414079 4.51603e-07 0.000631399 0.00271821 -4.59274e-05 0.0121339 0.0285522 -0.00443167 -9.83702e-05 0.000357972 -0.000900006 -0.000379212 -8.87833e-05 -0.00023266 -2.99382e-05 -0.0012363 0.0063553 -0.0121133 0.0982454 0.0095587 -0.000650725 -0.000105407 -0.0278948 0.00121083 -0.00046795 -0.00114895 -5.91627e-06 -0.000988733 -0.010142 0.0204849 -0.00348369 -0.00148872 -0.00169856 0.000753139 -7.16229e-05 0.00576532 0.0014557 4.74444e-05 0.00014631 -0.0128362 -0.00186367 -0.0104816 -0.00720333 0.0322525 -0.000388084 -0.0023628 -0.00128285 -0.00402373 -0.000952966 0.0405491 -0.000496338 0.0235144 0.000421054 -0.00550466 0.000153962 -0.00223198 -8.3893e-05 -0.00824 0.000356162 0.000558776 -0.00727892 1.23389e-05 -0.00175 -0.000953065 -0.00190462 -0.0234348 0.000635795 -2.49481e-05 -0.0266872 -0.000877648 0.000903242 -0.0326902 -0.00670435 -0.0232693 0.00263874 -0.00988243 0.0235016 -0.00281305 -0.000403182 -0.0196544 -0.00249956 -0.0179273 -0.0214294 -0.000402891 -0.00688101 0.0161496 5.41604e-05 -0.00214269 -0.00180067 -3.81924e-05 0.00045478 -1.97703e-05 -0.00902823 -0.0104531 -0.00732618 -5.29385e-05 0.000376599 -0.000301903 
0.045362 -0.0526899 -0.0150518 -7.98457e-05 3.51366e-05 -0.0436478 -4.57093e-05 0.0353083 -0.0407564 0.00459417 -0.000599137 -0.00796977 -0.00292729 -0.000782427 -0.000868302 -0.00160389 -0.000119074 -0.0044141 -0.00145648 0.0040083 0.0095587 0.108899 0.000498989 -0.00094263 -0.0443849 -0.00756599 -0.00460071 -0.0494673 1.25193e-05 0.00511361 0.00402115 0.0569049 -0.0199529 -0.00350567 -0.0110426 -0.00654692 4.24959e-06 -0.0296296 0.000543999 -0.00118609 -0.000270481 0.054465 -0.00612567 0.016205 0.0650917 0.033983 -0.00182537 -0.00805717 -0.000777743 -0.0216601 -0.0117885 0.026739 -0.00357037 0.0248495 -0.000942502 0.0391969 -0.00116824 -0.00918063 -0.000661078 -0.07697 -0.00105435 0.000270648 -0.0261087 -9.39991e-05 -0.00633617 -0.00295413 0.00893553 0.0213097 -0.000416172 -0.000314267 0.0165646 -0.00411254 -0.00498159 -0.0552876 -0.00887273 0.0286648 -0.033012 -0.0711932 0.0296889 -0.0128012 2.09506e-06 -0.00802323 -0.00605787 0.0215332 0.0609195 -0.00296322 0.00850871 0.0321362 -0.000137913 -0.00557237 -0.033695 -0.000319471 0.0303815 8.09939e-06 0.00626849 -0.00675997 -0.0190048 -0.00254176 0.00886891 -0.00200685 
0.000150573 -0.000388482 -0.00140182 3.90747e-07 1.57015e-06 -0.000940178 4.98006e-06 0.00203185 -0.00135347 0.000448354 -5.91667e-06 -4.18771e-05 5.88766e-06 2.75712e-06 -8.36814e-06 2.9314e-06 -4.18263e-07 -0.000143129 -5.89852e-05 0.00123061 -0.000650725 0.000498989 0.00644892 1.00331e-05 -0.00141184 0.000115347 -1.13682e-05 -0.000455234 -7.53465e-08 -0.000215684 -0.0003268 -0.000299961 0.000132108 -0.000296704 3.28113e-05 -7.28662e-05 7.85319e-05 -0.000749372 0.00023299 0.000113367 -1.34244e-05 0.00191681 0.00106933 0.000599477 0.000897808 -0.00231076 -2.50314e-05 8.71049e-05 -7.8917e-05 -3.16454e-05 -0.000126049 -0.00119802 4.70449e-05 -0.000603977 -6.87491e-06 0.00122394 -1.02383e-05 -3.34842e-05 -3.13963e-06 -0.00036391 -1.17511e-05 4.13424e-05 -0.000392779 -4.84138e-06 8.25884e-05 -4.94955e-05 -3.08067e-05 0.00234037 0.000672061 -1.42339e-06 -0.00165318 -6.24592e-05 2.09601e-05 -0.00191066 -0.000419025 0.00248924 -0.000294631 -0.00129652 -0.00111925 -3.48652e-05 2.47089e-05 -0.00253163 -0.000144796 0.00209159 -0.000154015 -5.35094e-05 -0.000384826 -0.000607677 -1.36032e-06 -8.87533e-05 -0.00142812 -1.75076e-06 -0.000291655 1.78311e-06 -0.000288392 0.00135285 0.000281104 -1.54404e-07 0.000130729 -1.67842e-05 
-0.000498699 0.000229657 0.000383024 2.26709e-05 2.74347e-06 6.26303e-05 8.35596e-07 -0.000231028 0.000365213 -5.08688e-05 3.25963e-05 0.000115192 6.89228e-05 -6.93512e-07 -3.06489e-07 7.71587e-05 8.37829e-08 1.85266e-06 0.000233069 -0.000127889 -0.000105407 -0.00094263 1.00331e-05 0.00131635 0.000130495 6.86242e-06 1.58071e-05 0.000106446 -1.82262e-07 -1.47494e-05 -0.000106799 -0.000538914 0.000391262 5.08114e-06 0.000111239 0.000439438 -5.71836e-07 -5.06312e-05 -7.65123e-06 5.06369e-05 0.000156218 -0.000420807 9.37281e-05 -0.000262539 -0.000546339 -0.000469213 3.39825e-05 0.000442025 -6.69163e-06 0.000523499 0.000780622 -0.000355686 3.83534e-05 -0.000524093 0.000146167 -0.000373111 1.65277e-06 0.000201208 -9.79211e-07 0.000315448 1.29344e-05 -2.27832e-06 9.48056e-06 2.35484e-05 5.7927e-05 1.09624e-05 -0.000366931 -0.000100084 1.37591e-05 3.86308e-05 -0.000395495 0.000110929 8.77304e-05 0.000377546 -6.84589e-05 -0.000163967 0.000143951 0.000253323 0.00025723 -3.24083e-06 1.22741e-05 7.35619e-05 7.51269e-05 -0.000152801 -0.000764091 4.36523e-05 -8.86432e-05 -0.000315365 1.2907e-05 0.000145629 -0.000219581 7.29247e-06 -0.000501066 -3.8248e-07 -0.00010538 0.000299772 1.76114e-05 9.70115e-06 -0.00013071 7.27061e-06 
-0.135906 0.0385508 -0.0262759 -4.01575e-05 -0.000275694 0.0871866 3.7291e-05 -0.111227 0.0574403 -0.0113821 0.000188129 0.00638315 5.24531e-05 0.000725011 0.000658416 -0.000485608 -0.000124531 0.00626112 -0.00236347 -0.00333716 -0.0278948 -0.0443849 -0.00141184 0.000130495 0.229494 0.00513535 -3.61531e-05 0.0420136 -4.51708e-05 -0.00886196 0.0569138 -0.121267 -0.00387681 -0.00938288 -0.00215081 0.0021323 -8.65772e-05 0.0597936 -0.0025147 -0.00214946 0.000369029 -0.0715285 -0.0073098 0.00685966 -0.0631922 -0.10739 0.000726767 0.00551532 0.00794475 -0.00303269 0.00424574 -0.0831052 0.00263027 -0.0122214 -0.000351108 -0.121958 3.65149e-05 -0.00691629 0.00016873 0.068129 0.000817941 -0.000686265 0.0343912 0.000435921 -0.0095808 0.00517839 -0.00643886 -0.0403153 -0.000934888 0.000433093 0.0499129 -0.00141001 0.00350714 0.127894 0.0250093 0.0151511 0.0434964 0.118423 -0.10619 0.0155773 0.000668368 0.0247792 0.0115218 -0.0145697 -0.0327577 -0.00407501 0.0164332 -0.0612333 -7.26268e-05 -0.00715768 0.0836955 -8.90249e-05 0.00278546 -8.68687e-05 0.0370214 -0.0336196 0.0115828 0.00156575 -0.00883704 0.000537168 
-0.0060579 0.00496629 0.00134026 -7.64017e-07 2.18176e-05 0.0112433 6.89678e-06 -0.0054943 0.0113207 0.000661436 2.46556e-05 0.000659079 0.000971029 4.14076e-05 -1.78165e-05 -2.75255e-05 -6.42202e-07 0.00049444 0.000247905 0.00205948 0.00121083 -0.00756599 0.000115347 6.86242e-06 0.00513535 0.016285 0.000119807 0.0051146 -2.05643e-06 -0.000871253 -0.000441104 -0.00738048 0.00196343 0.000398942 -0.000173038 0.00160886 5.6852e-06 0.00265792 6.41208e-05 -1.64405e-05 0.00018083 -0.00638148 5.29753e-05 0.000208732 -0.00990459 -0.00585727 9.68509e-05 0.000246929 -0.000206201 0.000874893 0.000260654 -0.00410337 -4.0848e-05 -0.00326363 0.000172649 -0.00615849 0.00034969 -0.000288297 7.89571e-05 0.00701505 0.000859438 -3.56357e-05 -0.00125757 -4.80971e-06 -0.000376127 -6.86189e-06 -0.00431936 -0.00414894 0.000371517 8.94995e-05 -0.00440902 -0.000162122 0.00541904 -0.00104418 -0.000953738 -0.00284432 0.00795498 0.00900929 -0.00208111 -0.000132451 0.000153235 -0.00433207 -4.79817e-05 -0.00456639 -0.00544204 -0.000183869 -0.000550828 0.00273555 0.000107789 -0.000297267 0.00542884 0.000110504 -0.00579341 5.61561e-07 -0.00138065 -0.000500259 -0.00106514 0.00101736 -0.0013076 -4.40241e-05 
-0.00262087 0.00280547 -0.000988245 9.70167e-06 3.16855e-06 -0.000398799 6.10463e-06 -0.000311728 -0.00068907 -0.000139877 3.53826e-05 -1.52836e-05 -6.29678e-05 -1.75132e-05 1.21231e-06 8.54359e-08 8.65711e-06 -0.000142395 -5.08473e-05 -0.00104084 -0.00046795 -0.00460071 -1.13682e-05 1.58071e-05 -3.61531e-05 0.000119807 0.00629362 0.000732964 -2.75815e-07 0.000518407 -0.000543019 -0.00291326 0.00305965 -9.00761e-05 0.00315509 1.86247e-05 -4.68593e-06 -0.000428821 -3.61629e-05 -5.8883e-07 9.08587e-07 -0.00240101 0.000166966 -0.00144148 -0.00290623 -0.00267289 2.11847e-05 0.000537373 0.000192285 0.00303632 0.000367798 -0.00140242 0.000210323 -0.0020532 -3.65913e-06 -0.00231043 6.12312e-06 0.000865327 0.000219791 0.00341025 -7.83113e-06 -1.46234e-05 0.00367798 0.000107413 -4.41678e-05 -4.35618e-05 -5.8709e-06 0.00121128 1.5886e-05 3.35816e-05 -0.0014866 0.0022388 -1.60564e-05 0.00303807 0.000137535 -0.0013566 -0.000319541 0.00302079 -0.00185811 0.00112525 0.000173033 -0.00110482 0.000508394 -0.00086174 -0.00335394 -2.53735e-05 -0.000413155 -0.0021233 -4.33483e-07 0.00142511 -0.000874095 6.62276e-05 -0.00332947 1.48431e-06 -0.000571673 0.00307255 0.00328184 -1.59322e-05 -0.000537078 0.000213202 
-0.031995 0.0546911 0.00639356 -8.41982e-06 -6.239e-05 0.0515528 -4.35494e-05 -0.0292361 0.0493222 -0.00331534 8.62145e-05 0.00807656 0.000493128 1.16189e-05 0.000941581 -0.00016872 3.61218e-05 0.00270903 -0.000709929 -0.00201311 -0.00114895 -0.0494673 -0.000455234 0.000106446 0.0420136 0.0051146 0.000732964 0.0702679 -9.68293e-06 -0.00410842 0.000428742 -0.0366312 0.00462861 -0.00333337 0.00468494 0.00095313 -5.25355e-05 0.0439731 -0.000552519 -0.000484878 -0.000140783 -0.0395978 -0.00146593 -0.0171362 -0.0583916 -0.0293051 0.00119934 -0.000780462 -0.000876852 0.00222643 0.00430843 -0.0196404 0.00200397 -0.00546972 -8.35673e-05 -0.0299513 0.000368085 -0.00092406 0.000175676 0.0563676 -0.00031461 -0.000186451 0.004132 -5.7239e-05 -0.00204058 0.00358909 -0.00578938 -0.0206625 -0.000145367 3.21553e-05 -0.0255694 0.000416165 0.00285207 0.038099 -0.00111631 -0.0186154 0.0407187 0.055368 -0.0251884 0.00178654 -0.000292017 -0.00932076 -0.000114444 -0.0247537 -0.0479003 -0.000942828 -0.0053756 -0.0227901 -2.21974e-06 -0.0014005 0.0408901 2.70774e-05 -0.00992728 -1.93907e-05 -0.00467563 -0.00319295 0.000839074 0.00223119 -0.00781662 0.000921768 
1.34748e-06 -9.93698e-06 4.27251e-05 4.25075e-07 -1.35317e-07 -2.23741e-05 -8.01919e-08 1.39085e-05 -2.392e-05 1.17382e-05 -1.26278e-07 -6.63212e-07 -1.41619e-06 -4.9955e-07 -1.97674e-07 -2.75153e-07 3.76847e-07 -3.27258e-06 -9.92497e-07 -2.01703e-05 -5.91627e-06 1.25193e-05 -7.53465e-08 -1.82262e-07 -4.51708e-05 -2.05643e-06 -2.75815e-07 -9.68293e-06 0.000138259 1.96648e-06 -8.11112e-06 3.76067e-05 -4.45986e-06 6.24935e-06 -2.12936e-06 -1.47826e-07 -4.46116e-08 -1.66695e-05 7.06995e-06 2.1518e-07 1.42647e-06 4.0361e-05 -1.03826e-06 -6.47017e-06 4.57728e-06 1.6476e-05 -5.41523e-07 -1.89615e-06 -1.67456e-06 -4.04711e-06 1.24296e-07 -3.00815e-05 -6.09083e-07 7.8836e-06 3.52098e-07 5.22976e-05 -3.37163e-07 -8.38615e-07 -1.24874e-07 -1.59347e-05 -1.66169e-07 3.23921e-06 -1.11329e-05 1.61624e-07 3.53033e-07 -1.31879e-06 -6.33868e-06 -1.73684e-05 -6.17423e-07 1.09622e-06 -4.94339e-05 -4.45497e-07 -1.29417e-06 -3.76017e-05 5.0204e-06 -1.35697e-06 -1.11574e-05 -3.17103e-05 1.95746e-05 -3.18739e-06 -5.48241e-07 3.37464e-05 -3.26427e-06 -1.42183e-05 2.60575e-05 8.77047e-06 -9.49282e-06 -5.54022e-06 -5.28851e-08 -2.98448e-06 -2.19076e-05 9.29817e-07 1.02666e-05 -4.01251e-08 -1.23486e-05 -7.14294e-06 -8.06955e-06 -4.88283e-07 -4.8897e-06 -4.27377e-07 
-0.00346013 -0.00412819 -0.00894974 6.29079e-06 -1.84915e-05 -0.00963279 4.15068e-05 0.0154201 -0.0120482 0.00447921 -2.56244e-05 -0.00056237 -0.000498618 0.000339452 -7.76793e-05 -0.000121528 -1.08338e-05 -0.00124915 -0.000544047 0.00684185 -0.000988733 0.00511361 -0.000215684 -1.47494e-05 -0.00886196 -0.000871253 0.000518407 -0.00410842 1.96648e-06 0.0514412 -0.00300106 -0.00206425 0.00127636 0.000357521 -0.000761907 -0.000583096 -2.61675e-05 -0.00675474 0.000325049 -0.000232916 9.45902e-05 0.0183014 -0.000440915 -0.00964818 0.0105408 -0.0147783 -4.54217e-05 0.00249626 -3.06706e-05 0.00115498 -0.000668994 -0.00232288 -0.000261257 -0.00452571 -6.01631e-05 -0.00208334 -0.000121767 -0.000935024 -3.46385e-05 -0.00729922 -0.000175868 6.72566e-05 -0.00380932 -3.09077e-05 -0.00132545 -0.000432798 0.000888992 0.014486 -0.000201282 -2.85122e-05 -0.0103845 0.00180058 -0.000496502 -0.00733746 7.05895e-05 0.0222136 -0.00457862 -0.0132714 0.00908863 -0.00129375 0.00160122 -0.0127565 -0.000932013 0.0116965 0.00699822 -0.00040194 0.00338977 -0.0115029 1.71719e-05 0.00495876 -0.0136947 -1.79066e-05 -0.00248626 9.50302e-06 -0.00408141 0.0117893 -0.00118782 -0.000176376 -0.00415629 2.56322e-06 
-0.0409539 2.54588e-05 -0.0199092 -1.34059e-05 -7.56649e-05 0.0371328 6.0251e-05 -0.0256806 0.0147115 -0.0031445 2.30902e-05 -0.000744638 0.000947963 0.00118519 -8.66388e-05 -0.000184054 -6.34845e-06 0.00335166 -0.000834218 0.00620639 -0.010142 0.00402115 -0.0003268 -0.000106799 0.0569138 -0.000441104 -0.000543019 0.000428742 -8.11112e-06 -0.00300106 0.0866724 -0.0407373 -0.00392658 -0.00290666 -0.00185178 -0.000428375 8.64446e-05 0.0140181 -0.000501915 -0.000447004 -4.45665e-06 -0.0141955 -0.00190118 0.0149382 -0.00157401 -0.0455444 0.000224653 0.00140586 -0.000716669 -0.0038648 -0.00164316 -0.0257182 -0.000449209 0.00589636 -0.000100184 -0.0349315 -7.12399e-05 -0.00190347 -8.35585e-05 0.00155973 0.000508872 2.4014e-05 -0.00471014 -7.64906e-05 -0.00256208 -0.000182278 -0.00079371 0.000312276 0.000282957 1.19809e-05 0.0168592 -0.000100457 -0.000142934 0.0324249 -0.00592281 0.0118271 0.00455384 0.0254609 -0.0446412 -0.000472385 0.000156974 -0.0119114 0.0016735 -0.00132697 -0.00418512 -0.00108941 0.00719046 -0.00939415 3.40593e-05 -0.00202879 0.0283703 1.407e-05 -0.000686101 -1.33503e-05 0.016233 -0.0107268 -0.00549665 -9.36052e-05 0.000519468 -7.68127e-06 
0.130572 -0.039214 0.0163628 -4.9621e-05 -7.35206e-05 -0.0784265 -0.000259701 0.0689221 -0.0442284 -0.00738711 -0.000440125 -0.00504668 -0.00467257 -0.00114009 -0.000591214 -0.000166588 1.2054e-06 -0.00886153 -0.0012055 -0.0541835 0.0204849 0.0569049 -0.000299961 -0.000538914 -0.121267 -0.00738048 -0.00291326 -0.0366312 3.76067e-05 -0.00206425 -0.0407373 0.249913 -0.0206146 0.0108212 -0.00691826 -0.00471315 -0.000134931 -0.0524038 0.00239845 -0.00158338 -0.00064576 0.0298023 -0.0014176 -0.0256052 0.0462032 0.150629 -0.000898687 -0.00898214 -0.00302487 -0.0209064 -0.00959146 0.118017 -0.00233628 0.0391818 -0.000542989 0.112028 -0.00077668 -0.00603821 -0.000440275 -0.0656348 -0.00161557 0.000978968 -0.0252181 -0.000232419 -0.0074554 -0.0012314 0.00805761 0.00780292 -0.00129136 -6.85602e-06 0.00298551 -0.00242949 -0.00413853 -0.114684 -0.00858091 -0.0465962 -0.0389513 -0.0996165 0.0938949 -0.0126378 -0.00136095 -0.0276628 -0.0116226 -0.0462386 0.0758743 0.00230034 9.30439e-05 0.0439176 -0.000181193 -0.00934997 -0.0506335 -0.000207037 0.0269833 -0.000139926 -0.0180069 -0.0427514 -0.0277168 -0.00170306 -0.0204265 -0.00149321 
-0.0192726 0.0097369 0.00497573 4.17825e-05 -1.29147e-06 -0.00407257 0.000115126 0.00676271 -0.000501059 -0.00133471 0.00018041 -5.33373e-05 0.000718323 0.000377848 -4.63188e-05 0.000250289 7.09904e-05 -0.000784855 -4.31378e-05 0.00960197 -0.00348369 -0.0199529 0.000132108 0.000391262 -0.00387681 0.00196343 0.00305965 0.00462861 -4.45986e-06 0.00127636 -0.00392658 -0.0206146 0.0424161 0.00138322 0.0105054 0.00358127 -3.48628e-06 -0.00343996 -0.00014355 -2.53214e-05 -3.12228e-05 -0.00641184 0.00190603 -0.00619117 -0.00855076 -0.0154491 0.000143019 0.00620454 -0.000566345 0.0284602 0.00428492 -0.0116974 -6.49335e-05 -0.0250429 7.44688e-05 -0.0151007 7.35072e-06 0.00322045 0.000376883 0.0171027 0.000314253 -0.000101365 0.007906 -3.51956e-05 0.00169005 -0.000275522 -0.0016944 0.0131582 0.0004244 0.000169632 -0.0136295 0.00389287 0.000327825 0.0182484 -0.00322774 -0.00642013 -0.00062804 0.0122544 0.00114463 -0.000373063 8.00072e-05 -0.00698573 -0.000693308 0.00298557 -0.0279501 -0.000286012 -0.0031211 -0.0147924 9.61242e-05 0.010009 -0.00769392 0.000111294 -0.0116832 0.000187598 -0.00251629 0.0227641 0.0151981 0.000308286 -0.00321577 0.000789559 
