0.00067541 1.24897e-05 -3.63939e-06 -2.33529e-06 0.000256591 -9.46682e-05 9.66109e-06 -0.000334909 1.29624e-06 0.000291845 2.49147e-05 -0.000295765 0.00013733 -0.000327297 -2.23243e-06 1.36951e-05 0.000159905 0.000104275 0.000231386 -0.000326979 -0.000341382 -2.77176e-05 -1.48593e-05 -8.70239e-05 2.45205e-05 7.82401e-05 -0.000220925 -3.53625e-08 -9.07282e-05 2.92377e-05 -1.78472e-05 1.15181e-05 -0.000313566 -0.000203071 -0.0002492 0.000243576 2.98669e-06 -1.16279e-07 2.42933e-05 6.21967e-05 -8.61903e-07 -1.96386e-06 4.45384e-07 2.46272e-06 3.20526e-05 -0.000321907 1.40786e-06 0.000231925 7.41254e-05 4.32009e-05 1.71386e-05 1.35066e-06 -1.29879e-05 1.76406e-06 0.000223089 -4.96159e-05 1.89002e-06 2.41894e-05 4.08353e-05 2.37945e-05 1.68882e-05 -8.17013e-05 0.000113006 -3.91274e-06 0.000312211 -2.47617e-06 -1.3377e-06 -0.000289216 1.79213e-05 -2.78062e-05 3.98415e-05 2.96604e-05 9.66219e-06 -5.75431e-05 5.76278e-06 -2.29342e-05 -0.000474464 -1.74555e-05 -0.000302441 3.73597e-06 0.000149106 0.00023247 9.71338e-06 1.39389e-05 2.99462e-05 7.14228e-05 -5.18593e-05 2.18345e-05 -5.48644e-07 1.07354e-05 -6.90917e-06 6.56636e-05 6.07559e-05 0.000108896 -8.5334e-05 0.000197508 0.00013417 -4.9751e-06 -2.06898e-07 2.86696e-06 
1.24897e-05 0.0222182 0.00192802 0.000184584 0.00169956 0.00546346 0.00184133 -0.00101252 2.64805e-05 0.00163509 0.00133028 -0.00173243 0.00367377 -0.00452073 0.00134064 0.000311369 0.000521552 -0.00020142 0.000670915 -0.00439027 -0.00596033 0.000849243 -0.000346426 -0.00286862 -5.45837e-05 -0.000392542 -0.00515779 0.000102719 0.00579542 1.66504e-05 0.00456721 0.000282101 -0.00855452 -0.00941044 -0.0055321 0.00140703 0.000167513 6.29774e-05 0.000124121 -0.000346998 9.47154e-05 -0.000104376 0.000128242 -2.30777e-06 -0.0020611 -0.00527877 -1.0302e-05 0.00130739 -0.000346149 0.00229593 0.000702701 5.62868e-06 -0.00124999 3.5403e-05 0.000527195 -0.0014647 4.84344e-05 -0.000125433 0.000649521 0.00236691 0.00158436 0.00546786 0.00108616 0.00306736 0.000813717 -5.78884e-05 -5.28512e-05 -0.00350703 -4.06964e-05 -0.00455044 0.000389368 -0.000241167 -0.000107347 -0.00199072 0.00038275 -0.0017445 -0.00972637 0.00131585 -0.00201931 -4.17308e-05 -0.000365878 0.0016551 0.000696043 0.000528588 0.00116752 0.000141389 -0.000401 0.000615121 -4.45516e-05 0.000294706 0.000797375 -0.000662504 8.10278e-05 0.000461731 0.00370126 -0.00228356 0.00056895 -0.000430538 9.90292e-05 8.28929e-05 
-3.63939e-06 0.00192802 0.00548586 0.000382591 4.14668e-05 0.00197455 0.000606263 -0.000726507 9.29143e-07 0.0011149 0.000435884 -0.00149604 7.3874e-05 -0.00206151 2.03822e-05 6.99917e-05 -0.000154973 -8.81953e-06 3.12343e-05 -0.00328878 -0.00206426 -0.000305116 -5.03122e-05 0.000639546 -1.04627e-05 0.000685914 -0.00172399 0.000160889 0.00327935 7.9792e-06 -0.000205607 4.02558e-05 -0.00364165 -0.00367293 -0.00110747 -1.02285e-06 2.86214e-05 5.14065e-05 0.000188088 4.09448e-05 0.000132503 -3.26411e-05 0.000158608 1.14048e-06 -0.00159959 -0.0029777 9.79945e-06 0.000269198 -3.15243e-05 6.00862e-05 0.000145235 2.10577e-05 -0.00234792 2.1739e-05 -6.26078e-05 0.000301911 -1.25763e-05 0.000674045 0.000795245 0.000839975 0.00102006 0.00138586 0.000466586 0.00116696 -0.000127914 -3.09844e-06 -9.28486e-06 -0.00217627 -8.0645e-06 -0.00235828 0.00120888 -9.19973e-05 -2.26656e-05 -0.000320409 0.000302957 -0.000115002 -0.00364581 0.00259973 0.000725692 9.13405e-06 0.000292038 0.000423191 0.000310633 0.000348371 0.000303929 -6.14978e-05 -0.000205685 0.000916785 7.30402e-05 -0.000179447 0.0016867 -8.97995e-05 1.56663e-05 0.00136723 0.00172695 -0.000335997 0.000302434 -7.80197e-05 3.9669e-06 4.06083e-05 
-2.33529e-06 0.000184584 0.000382591 0.0076051 -2.58453e-05 0.000990571 0.000412054 0.000135683 -1.30251e-06 -9.72889e-05 3.4913e-05 -0.000170738 -0.000511863 -0.000372798 -7.68068e-05 4.11767e-05 -8.5901e-05 -7.67524e-05 -6.59714e-05 -0.000238417 -0.00083433 -0.00092689 -3.40061e-05 -0.00147067 -4.12021e-05 -0.000220424 0.000871282 0.00020822 -2.7535e-06 -2.04514e-05 -0.000406034 0.000120705 -0.000448631 -0.000126757 -0.000940165 -0.00010021 1.89181e-05 -6.29631e-07 -2.66534e-05 -0.00010516 8.47142e-07 -1.87258e-05 5.74815e-05 -1.1787e-06 -0.00190994 -0.000313282 -2.42433e-06 -6.24601e-05 -0.000190433 -0.000327673 0.000109689 1.25798e-05 -0.000882804 -3.68491e-06 -0.000135693 -0.000438744 -2.02091e-05 -6.67436e-06 7.29768e-05 -5.57883e-05 0.000257087 -0.000724012 -8.19191e-05 0.000419301 -0.000248636 -2.84845e-05 7.69241e-06 -0.000372018 -1.14899e-05 -0.00149658 0.000371156 -0.000121094 -2.70977e-05 0.000515511 1.24489e-05 -0.000241048 8.68723e-05 0.000477754 0.000450545 4.07621e-06 -0.000401606 -0.00016962 -2.25607e-05 5.08945e-06 -2.07203e-05 -5.42841e-05 -0.000123217 0.000197008 2.00429e-05 4.84089e-05 0.00033162 3.16801e-07 -0.000143727 -4.54303e-05 0.000514532 0.00106127 -0.000105004 0.000202082 6.5393e-07 -3.59189e-06 
0.000256591 0.00169956 4.14668e-05 -2.58453e-05 0.0217927 -0.00160752 0.000486583 -0.0194319 1.5734e-05 0.0170498 0.000207541 -0.0185168 0.00856602 -0.01964 0.000863788 0.00109575 0.0151647 0.00312471 0.0166959 -0.0199739 -0.019323 -0.00111693 -0.000361664 -0.00732316 0.000693917 0.0014391 -0.00642569 -1.04046e-05 -0.00201761 0.000970377 -0.0011373 0.000126511 -0.0193152 -0.0165985 -0.0192264 0.00783478 -1.32881e-05 1.02097e-05 0.0046776 0.00825903 5.63778e-05 0.00193156 0.000126766 2.31632e-06 -0.00717571 -0.0199889 -6.53237e-06 0.00698124 0.00862826 -0.000724042 0.000500313 7.01668e-05 -0.00940036 -6.51815e-06 0.0167371 6.68449e-05 0.00212282 0.00484422 -6.5338e-05 0.0113721 0.00018206 -0.00259853 0.00433547 0.00022109 0.0186435 -7.79299e-05 -4.81534e-05 -0.0156986 1.98445e-05 -0.00983015 0.000833066 0.00184315 0.000105948 0.00057837 0.00403214 -0.00110064 -0.0153855 -0.000666871 -0.0101427 0.000163922 0.00693725 0.0184217 0.000383915 0.000633905 0.00326565 0.00707188 0.00105884 0.000187791 0.00073965 0.000884217 0.0063393 0.00352379 0.00463691 0.00653007 -0.00237082 -0.00140754 0.0129879 -0.000549681 -9.7887e-07 0.000236908 
-9.46682e-05 0.00546346 0.00197455 0.000990571 -0.00160752 0.166806 0.00180335 0.00519577 4.21654e-05 -0.00389284 0.00042654 0.00321612 0.000686969 -0.00370875 0.000724533 0.00101805 -0.00442484 -0.00245757 -0.00298311 -0.0101568 -0.00627021 0.0204416 -0.0064897 0.0175124 -0.000319486 -0.00700238 -0.0204542 0.000903329 0.0952861 -0.000283376 -0.0122036 -0.00112644 -0.0203525 -0.0676573 -0.0102633 -0.00076256 -5.57698e-05 6.36235e-05 -0.00219235 -0.00393554 -3.14487e-05 -9.89469e-05 0.00083876 -1.55833e-05 -0.0663556 -0.0191855 -9.60728e-05 -0.00146058 -0.0044618 -0.0110335 0.000996155 -7.13408e-05 -0.0965326 -0.000143067 -0.00290582 -0.0178804 8.10144e-06 -0.00121848 0.00208412 0.00912612 0.00305956 0.058075 -0.00216497 0.00868017 -0.00321119 0.000499472 0.00087464 -0.000274758 -0.000529796 -0.0924614 0.00103302 -0.00398056 -0.000965183 -0.0124185 0.00136904 0.0389352 -0.0298786 0.017728 0.0965061 0.000539418 0.00409101 -0.00241618 0.00230899 -0.0010414 0.00286371 -0.00164965 -0.0101549 0.000585207 -6.91279e-05 -0.00482259 0.00116574 -0.000840099 -0.00312678 -0.001117 0.0363043 -0.0252303 -0.00288608 -0.000903699 6.01905e-05 4.11238e-05 
9.66109e-06 0.00184133 0.000606263 0.000412054 0.000486583 0.00180335 0.00317101 -0.000579335 1.95935e-06 0.000416404 0.00102261 -0.00148202 -7.5776e-05 -0.00296338 0.000879612 0.000386919 6.22067e-05 7.28868e-05 4.57018e-05 -0.00261242 -0.00255836 0.000497406 -9.27708e-06 -0.000946049 1.26839e-06 8.49099e-05 -0.00106454 0.000304086 0.00212905 -6.79552e-06 0.000171918 -1.86218e-05 -0.00275387 -0.00254994 -0.00270221 0.000708256 0.000194163 1.71638e-05 3.33458e-05 7.73794e-05 7.58944e-05 2.23758e-05 0.000363502 1.01074e-06 -0.000930466 -0.00278321 -7.1236e-07 0.000135195 0.000100211 -4.47312e-05 0.00109909 3.45728e-05 -0.00125864 1.27493e-05 -7.29023e-06 1.2156e-05 3.9943e-05 3.99439e-05 0.00144665 0.0010939 0.00170936 0.000731693 8.90531e-05 0.00237604 0.000403958 -6.72572e-06 -7.35075e-06 -0.00223355 -8.20961e-06 -0.00124596 0.000863361 -1.30194e-05 -9.78166e-06 -5.13411e-05 0.000413854 0.000129253 -0.00225574 0.00107068 -0.000575318 0.000217421 3.46077e-05 0.000273662 2.69198e-05 0.000118664 0.000330252 -3.72992e-05 6.56504e-05 0.0010923 0.000290005 8.01212e-06 0.000365404 0.000143561 -4.53354e-05 4.93572e-05 0.00104102 -0.000351364 0.000141298 0.000178148 8.16262e-05 2.88206e-05 
-0.000334909 -0.00101252 -0.000726507 0.000135683 -0.0194319 0.00519577 -0.000579335 0.040844 -1.7349e-05 -0.0262328 -0.000688729 0.0296358 -0.0171075 0.0270492 -0.000717213 -0.00119403 -0.0205452 -0.00400854 -0.0200455 0.030294 0.0296021 0.000818354 -0.00201016 0.00792858 -0.00133807 -0.00219818 0.0101821 3.02417e-06 0.00386195 -0.00291576 0.00184823 -0.00278478 0.0301007 0.0238777 0.0290356 -0.0117886 2.68128e-05 -3.32821e-05 -0.00597896 -0.0123939 -0.000712209 -0.00211281 -0.00061318 -0.000136705 0.0118098 0.0295112 -4.84462e-05 -0.0116818 -0.0106714 -0.000565538 -0.000732207 -0.000107666 0.0081931 -7.68387e-06 -0.0232393 -0.00340041 -0.00250286 -0.00603468 0.000232135 -0.0143177 -0.000335351 0.00444462 -0.010137 0.000193543 -0.027535 -1.41421e-05 7.1719e-05 0.022421 -0.000631891 0.0139894 -0.00125801 -0.00234602 -0.00028754 -0.00131096 -0.00697601 0.00145127 0.025062 -0.00185442 0.0201671 -0.00118807 -0.0157274 -0.0272909 -0.00100076 -0.00453248 -0.00962702 -0.0120352 -0.000727907 -0.000707968 -0.00215168 -0.000708525 -0.00778818 -0.0118563 -0.00559906 -0.00854189 0.000968532 0.00347219 -0.0195517 0.000566954 -3.53728e-05 -0.000269096 
1.29624e-06 2.64805e-05 9.29143e-07 -1.30251e-06 1.5734e-05 4.21654e-05 1.95935e-06 -1.7349e-05 0.000169927 1.58461e-05 3.52358e-06 -1.83626e-05 1.91228e-05 -5.13328e-05 6.77728e-07 5.14028e-06 9.14256e-06 -1.23513e-06 7.2979e-06 -6.01339e-05 -8.8133e-05 3.47027e-05 8.89096e-07 1.95298e-06 -6.3129e-07 5.81666e-07 -2.32875e-05 -4.89843e-08 4.15563e-05 3.99252e-06 7.56685e-06 -5.15666e-07 -6.45214e-05 -8.29446e-05 -4.61526e-05 1.68189e-05 -2.15694e-07 -2.92399e-08 1.96791e-06 -2.68042e-07 -9.58173e-08 1.17991e-06 1.73529e-07 2.96083e-07 -2.93234e-05 -3.32982e-05 -9.86082e-08 1.31245e-05 -3.14095e-06 -4.57453e-06 -1.50658e-07 4.92791e-07 -2.95378e-05 2.95705e-07 1.03087e-05 -1.2903e-05 9.05936e-07 -1.13452e-06 7.36624e-06 4.07113e-05 9.76149e-06 4.80358e-05 7.23818e-06 4.00527e-05 1.4814e-05 -3.53921e-07 -1.45219e-07 -1.6374e-05 5.46733e-07 -4.42568e-05 -5.15489e-07 8.23363e-07 -1.5909e-07 -6.82613e-06 9.11295e-07 1.42212e-05 -5.77703e-05 -3.22496e-06 -1.69712e-06 -8.30942e-08 -4.72668e-06 2.26895e-05 1.90161e-05 7.35156e-06 1.3187e-05 1.24453e-05 -1.13748e-05 2.34538e-06 8.18825e-07 -6.24707e-06 5.3021e-06 4.52539e-07 -2.32228e-06 1.37725e-05 -4.86202e-07 -1.90861e-05 7.70547e-06 6.84216e-07 1.81306e-07 -1.11687e-07 
0.000291845 0.00163509 0.0011149 -9.72889e-05 0.0170498 -0.00389284 0.000416404 -0.0262328 1.58461e-05 0.0284217 0.000638036 -0.0259041 0.0144895 -0.0249961 -9.97484e-05 0.000205479 0.0182361 0.00270875 0.0186919 -0.0263283 -0.025946 -4.49218e-05 -0.000847481 -0.00875359 0.00107403 0.00145613 -0.00908143 5.17116e-06 -0.00289655 0.00289992 -0.00153607 0.000583447 -0.0256743 -0.0218654 -0.0252288 0.011821 -2.50363e-05 1.61294e-05 0.00577688 0.00724932 0.000407057 0.000562497 0.000334 4.82636e-05 -0.00931304 -0.0259498 -9.23208e-06 0.011519 0.00791356 0.000104507 0.000712838 2.39532e-06 -0.0111846 1.10939e-06 0.0214483 0.00102315 0.00232104 0.00617172 0.000145147 0.0114853 0.000691707 -0.00394733 0.0100982 0.000286457 0.0237439 -0.000107056 -5.56047e-05 -0.0205206 0.000501796 -0.0128534 0.00156866 0.000170521 1.84749e-06 -0.00115701 0.00397364 -0.00209667 -0.0206389 0.000756022 -0.0142701 0.000561724 0.0137211 0.0246209 0.00073282 0.00454368 0.00734609 0.0119176 -0.000940929 0.000696728 0.00180767 2.07994e-05 0.00794771 0.00898763 0.00511613 0.00893385 -0.00204332 -0.00196069 0.0194099 -0.000723705 -1.19627e-06 6.95814e-05 
2.49147e-05 0.00133028 0.000435884 3.4913e-05 0.000207541 0.00042654 0.00102261 -0.000688729 3.52358e-06 0.000638036 0.00234004 -0.00126205 0.000133496 -0.00161496 0.00065793 0.000102364 9.28402e-05 6.08777e-05 0.000187881 -0.00135973 -0.00161626 0.000955607 5.48599e-05 -0.000536837 1.33739e-05 0.00015807 -0.000633437 2.88905e-05 0.000599896 9.70968e-06 -2.17583e-05 -2.56914e-05 -0.00152625 -0.00124461 -0.00141554 0.000804708 0.000176568 1.87298e-05 3.11265e-05 1.58263e-05 6.80524e-05 -3.52281e-06 5.75544e-05 1.55948e-05 -0.000699394 -0.00161796 2.09467e-06 0.000579863 7.41807e-05 0.000326621 0.000642669 2.16804e-05 -0.000811392 3.25837e-06 7.34895e-05 -3.02619e-05 -2.98073e-06 1.55292e-05 0.00093803 4.31422e-05 0.000981643 0.000382176 0.000481454 0.000962374 8.91149e-05 -6.14035e-06 1.06697e-07 -0.00164866 1.56888e-06 -0.000818106 0.000285475 -4.49592e-07 -3.39405e-06 -0.000177091 -6.31239e-06 -0.000152631 -0.00140125 6.43977e-05 -0.000774966 -4.31655e-07 0.000321448 0.000472517 8.66322e-05 0.000455217 1.3078e-05 6.70407e-05 5.57605e-05 0.000550508 7.77719e-06 7.76064e-05 4.43777e-05 -7.29189e-05 3.00152e-05 0.00029888 0.000117203 0.00043343 0.000378399 -2.42396e-05 4.9882e-05 6.10808e-05 
-0.000295765 -0.00173243 -0.00149604 -0.000170738 -0.0185168 0.00321612 -0.00148202 0.0296358 -1.83626e-05 -0.0259041 -0.00126205 0.0332887 -0.0137729 0.0274922 -0.00155537 -0.00113529 -0.019785 -0.00352668 -0.0198032 0.0289683 0.0281832 0.0001944 -0.000437677 0.00794581 -0.00143419 -0.00188848 0.00861199 -7.74417e-05 0.00262592 -0.00291933 0.00192083 -0.00120858 0.0286527 0.023389 0.0277916 -0.0120113 -0.000155177 -5.60461e-05 -0.00599884 -0.00966349 -0.000319254 -0.00210008 -0.000853223 -0.000136064 0.0109892 0.0286713 -5.2674e-05 -0.0110342 -0.00983146 -5.36922e-05 -0.001342 -0.000112802 0.0125636 -1.79322e-06 -0.0232737 -0.00227539 -0.00250628 -0.00643561 -0.000962177 -0.0130344 -0.00147754 0.00411889 -0.00986467 -0.00105486 -0.0254536 6.85094e-05 -1.44349e-05 0.0234186 -0.000504292 0.0148944 -0.00213023 -0.00150944 -0.00023524 0.000258869 -0.00611951 0.00220134 0.0229208 -0.00120348 0.0153358 -0.00103519 -0.014815 -0.0258943 -0.00101513 -0.00460643 -0.00766922 -0.0119634 -0.000345939 -0.00160172 -0.00214713 -0.000585171 -0.00824857 -0.00949561 -0.00534508 -0.0088634 0.00286468 0.00264458 -0.0194303 0.000741912 -4.85568e-05 -0.000299454 
0.00013733 0.00367377 7.3874e-05 -0.000511863 0.00856602 0.000686969 -7.5776e-05 -0.0171075 1.91228e-05 0.0144895 0.000133496 -0.0137729 0.0736695 -0.0142654 -0.000944927 0.00050506 0.0101666 -0.000673592 0.00760259 -0.018734 -0.0228656 0.0102056 -0.00185411 -0.0199042 -5.23817e-05 7.97665e-05 -0.0166844 -6.1992e-05 -0.00193782 0.00248579 -0.000224854 0.00325363 -0.0163572 -0.0177801 -0.0170316 0.00943705 -8.82903e-05 -7.34445e-06 0.00101271 -0.000781111 0.00155846 -0.00020652 -9.02035e-05 2.20722e-05 -0.0186494 -0.0188343 -1.64418e-05 0.00935026 -0.00165411 0.00667042 9.81286e-05 -3.12324e-05 -0.0181065 0.000181381 0.0106995 -0.00368583 0.00185629 -0.000182203 -0.00108933 0.00849319 -0.000342609 -0.00806129 0.00570249 -0.000803941 0.0180082 -0.00014341 -2.42041e-05 -0.00778326 0.000781597 -0.0288974 -0.000156764 -0.00121846 0.000319648 -0.00153693 0.00505964 0.0046882 -0.012516 0.00234015 0.00128912 0.000635787 0.0135489 0.0165701 -0.000435524 0.00351501 0.0123276 0.00819344 -0.00244963 -9.67531e-05 0.00162374 0.0016458 0.00157883 0.0158727 -8.64157e-05 0.00140732 0.00385697 -0.00256341 0.00883792 -0.00151719 -1.74706e-05 -1.75157e-05 
-0.000327297 -0.00452073 -0.00206151 -0.000372798 -0.01964 -0.00370875 -0.00296338 0.0270492 -5.13328e-05 -0.0249961 -0.00161496 0.0274922 -0.0142654 0.0376903 -0.00298561 -0.00255763 -0.0185477 -0.0036219 -0.0198097 0.0349424 0.0323323 -0.00106887 0.00107744 0.0119377 -0.00129445 -0.00138436 0.0127052 -0.00115521 -0.00506609 -0.00292146 0.00180229 -0.000725147 0.0343041 0.0303596 0.0343493 -0.012506 -0.000177136 -0.000141773 -0.00605888 -0.00872505 -0.000159576 -0.00196447 -0.000725816 -0.0001179 0.0124678 0.0338579 5.07189e-06 -0.0115797 -0.00939719 0.000565871 -0.00190426 -4.54702e-05 0.0161449 -2.30679e-05 -0.0219424 -0.000429576 -0.00256462 -0.00651522 -0.00372319 -0.017556 -0.00464678 0.00125105 -0.0101665 -0.00695087 -0.0265913 8.90002e-06 5.46362e-05 0.0261967 -0.000484778 0.0172041 -0.00323949 -0.00147347 -0.000176111 0.000227349 -0.00805808 -0.00119743 0.026692 -0.00310664 0.0120122 -0.000499448 -0.0136088 -0.0272976 -0.00121647 -0.00461772 -0.00848951 -0.0118492 -0.00226606 -0.00194652 -0.00213921 0.000375639 -0.00853128 -0.00957595 -0.00470159 -0.00934654 -0.00242026 0.002952 -0.0185344 -0.00056743 -8.88133e-05 -0.000352109 
-2.23243e-06 0.00134064 2.03822e-05 -7.68068e-05 0.000863788 0.000724533 0.000879612 -0.000717213 6.77728e-07 -9.97484e-05 0.00065793 -0.00155537 -0.000944927 -0.00298561 0.0195425 0.00064536 0.000697553 0.000243224 0.000549437 -0.00303007 -0.000898955 -0.000963786 -9.31088e-06 -0.00514652 2.95883e-05 0.000481812 0.00202005 -1.00236e-05 0.000606121 -5.55325e-05 -0.000875373 -0.000209874 -0.00372005 -0.00229868 -0.00275055 0.000197141 0.000225794 7.67583e-05 -0.000186503 0.00132913 -8.26651e-05 0.000729718 9.55075e-05 9.59987e-06 -0.000407187 -0.00211591 -7.58038e-06 -0.000163974 0.000346028 -0.000397171 0.00074354 1.12325e-05 -0.000846094 -1.24065e-05 0.000849769 -0.0012099 1.59334e-05 -0.000127245 0.00116659 0.00162757 0.00149983 0.00381045 -0.000140162 0.00213425 0.000280467 -1.26395e-05 -2.36839e-05 -0.00257143 -4.48016e-05 -0.00508596 0.00022985 0.00224734 -7.96486e-05 0.000148698 0.00137383 -0.000678859 0.000906818 -0.000699785 -0.00302743 -2.86772e-06 -0.00126715 0.000239106 8.72308e-05 -6.29025e-05 -0.000328956 -0.000210172 0.00251664 0.000423702 -3.09399e-05 -0.000355026 -7.23521e-05 -0.000714344 -0.00045797 -0.000157807 -0.00187411 -0.0023847 -0.000280528 -0.000423734 2.19181e-05 0.000247552 
1.36951e-05 0.000311369 6.99917e-05 4.11767e-05 0.00109575 0.00101805 0.000386919 -0.00119403 5.14028e-06 0.000205479 0.000102364 -0.00113529 0.00050506 -0.00255763 0.00064536 0.00295766 0.000774826 0.000468614 0.00076611 -0.00272878 -0.00244771 -0.000321692 -8.87546e-05 -0.000842948 0.000174732 -2.13378e-05 -0.000987569 0.000457869 0.00114239 1.11484e-05 -0.000153424 0.00034043 -0.00233757 -0.00232849 -0.00254799 2.08946e-05 2.81241e-05 5.14896e-05 6.78302e-05 0.000896833 4.67652e-05 0.000692819 1.88057e-05 3.36993e-05 -0.000943931 -0.00265396 -9.65582e-07 0.00014167 0.000839362 -0.000138925 0.000202873 -2.11675e-07 -0.00128147 3.09275e-06 0.000866107 -0.000196623 2.41382e-06 4.23442e-05 0.000985819 0.00118047 0.00104481 9.82199e-06 0.000153663 0.00118933 0.00151145 7.22367e-06 2.72443e-07 -0.00194636 2.66936e-06 -0.00127588 0.00025933 0.00067594 0.00015549 0.000189641 0.00110106 0.000583155 -0.00210715 0.000962046 -0.000586022 5.24875e-06 0.00027459 0.00125454 0.000141462 4.0278e-05 0.000609844 2.81073e-05 0.000980991 7.4272e-05 4.2859e-05 -7.23765e-05 0.000181961 0.000258332 -4.5409e-05 9.73896e-05 0.00101157 -0.000309032 0.000255784 0.000488907 6.22524e-06 3.77061e-05 
0.000159905 0.000521552 -0.000154973 -8.5901e-05 0.0151647 -0.00442484 6.22067e-05 -0.0205452 9.14256e-06 0.0182361 9.28402e-05 -0.019785 0.0101666 -0.0185477 0.000697553 0.000774826 0.0302225 0.00316883 0.0162447 -0.0200482 -0.0193906 0.000678666 -0.000874128 -0.00782948 6.68945e-05 -0.000681118 -0.00861883 -3.77832e-05 -0.00468203 0.00212466 -0.00158899 0.000599708 -0.0190775 -0.0182746 -0.0197993 0.0103954 -3.32912e-05 -3.34483e-06 0.00355997 0.00775821 -7.38304e-05 0.00195376 0.000199972 4.93243e-05 -0.00981469 -0.018998 -6.78864e-06 0.00896543 0.00854771 -0.00142108 0.00037472 -5.89342e-06 -0.010272 -5.23478e-06 0.0189843 -0.00075019 0.0018263 0.00452273 -7.54195e-05 0.00955338 -5.3156e-05 -0.00189366 0.00565855 -0.000475731 0.0188993 -0.000105355 -5.00753e-05 -0.0165617 3.10095e-05 -0.0121855 0.00044192 0.00144161 -5.59514e-06 0.000418582 0.00299573 -0.00219936 -0.0147274 -0.000187099 -0.00848532 -9.20987e-05 0.00803894 0.0192498 -0.000134879 0.00308555 0.00396345 0.00977958 0.00210334 -3.15415e-05 0.0001526 -4.25726e-05 0.00494492 0.00614567 0.0055618 0.00484091 -0.00100387 -0.00274062 0.0139352 -0.000689208 -7.32748e-06 0.000206966 
0.000104275 -0.00020142 -8.81953e-06 -7.67524e-05 0.00312471 -0.00245757 7.28868e-05 -0.00400854 -1.23513e-06 0.00270875 6.08777e-05 -0.00352668 -0.000673592 -0.0036219 0.000243224 0.000468614 0.00316883 0.0120863 0.00326711 -0.00630106 -0.00353083 -0.0012811 -0.000363792 -0.000750119 0.000122919 -0.00039277 -0.00278889 -1.40147e-05 -0.0019127 -1.86247e-05 -0.000686216 3.35928e-05 -0.00547745 -0.00265332 -0.00355538 0.000560898 -8.98454e-06 -1.78291e-06 8.5537e-06 0.00394329 0.00010085 0.000895937 -2.97118e-06 3.41737e-05 -0.00358517 -0.00354607 -3.79933e-06 0.000135575 0.00658215 -0.000564123 0.000210932 -3.1965e-06 -0.00292856 -6.47521e-06 0.00339037 -0.000938693 1.86962e-05 0.00172143 -0.000201668 0.00173616 -3.6402e-05 -0.00165716 0.000959446 -0.000159368 0.00298544 -5.12121e-05 -2.98649e-05 -0.00362688 1.53006e-05 -0.00200831 0.000154266 0.00107163 7.34608e-05 0.00310184 0.00108251 -0.000451451 -0.00259956 -0.000392242 -0.00118682 -2.27469e-05 0.00311604 0.00322668 0.000131498 0.000155106 -6.38739e-05 -3.10505e-05 0.00398026 -1.21752e-05 -1.7976e-05 -0.000392402 -1.22477e-05 -0.000247631 0.00151914 0.00096295 -0.00166801 0.000831346 0.00238624 8.69503e-05 9.09873e-06 0.000111359 
0.000231386 0.000670915 3.12343e-05 -6.59714e-05 0.0166959 -0.00298311 4.57018e-05 -0.0200455 7.2979e-06 0.0186919 0.000187881 -0.0198032 0.00760259 -0.0198097 0.000549437 0.00076611 0.0162447 0.00326711 0.0205573 -0.019668 -0.0194216 -0.000527518 -0.000571169 -0.00696237 0.000949184 -7.36357e-05 -0.00703587 -2.6444e-05 -0.0032235 0.00219343 -0.00127399 -0.000105695 -0.0190728 -0.0172763 -0.0191214 0.00912523 -2.47938e-05 1.26515e-06 0.00566025 0.00857333 2.50083e-05 0.00180091 0.000107282 1.62371e-05 -0.0067787 -0.0193743 -8.49429e-06 0.00854354 0.00900605 -0.000844279 0.000436982 5.52809e-06 -0.00982941 -1.55992e-05 0.0191895 -0.000862263 0.00188554 0.0056168 -0.000264502 0.0086748 -2.22335e-05 -0.00297002 0.00712424 -0.000304059 0.0188666 -8.37418e-05 -4.91951e-05 -0.0185834 4.71837e-05 -0.0093648 0.000752649 0.00148172 2.25177e-05 6.96298e-05 0.00251836 -0.00163373 -0.015298 -0.000728695 -0.0105418 -2.21348e-05 0.00799516 0.0191002 0.000779834 0.00224333 0.00173462 0.00973211 0.000653576 6.17914e-05 0.000124249 6.2324e-05 0.00716832 0.00372757 0.00499003 0.00798016 -0.00338374 -0.00161983 0.0153996 -0.000525857 -5.73914e-06 0.000210979 
-0.000326979 -0.00439027 -0.00328878 -0.000238417 -0.0199739 -0.0101568 -0.00261242 0.030294 -6.01339e-05 -0.0263283 -0.00135973 0.0289683 -0.018734 0.0349424 -0.00303007 -0.00272878 -0.0200482 -0.00630106 -0.019668 0.0577319 0.0363721 0.00279301 0.00155348 0.00797083 -0.00180116 -0.00112691 0.0172412 -0.00113016 -0.0107773 -0.00285742 0.00321674 -0.00246397 0.0434636 0.0367942 0.0360248 -0.0123172 -0.000136195 -0.000131472 -0.00588588 -0.00946459 -0.000858479 -0.00200683 -0.000765642 -0.000117683 0.0185618 0.0395221 1.50028e-05 -0.0116072 -0.0144209 0.00137245 -0.00178877 -0.000121249 0.0231565 -6.85298e-05 -0.0228416 0.000754799 -0.00254031 -0.00638759 -0.00337033 -0.0222386 -0.00421752 -0.000501791 -0.0100222 -0.00590381 -0.0290765 0.000168674 -4.88835e-05 0.0258955 -0.000479419 0.0251674 -0.0031488 -0.00177044 -0.000336884 -0.00432948 -0.00932398 -0.00851328 0.032879 -0.00742 0.0064155 -0.00136206 -0.0171694 -0.0289087 -0.00177831 -0.00458146 -0.012081 -0.0116548 -0.00545642 -0.0019152 -0.0021845 0.000269885 -0.00957863 -0.0132632 -0.00474457 -0.00965555 -0.0070791 0.00261058 -0.0192932 -0.00148443 -6.7113e-05 -0.000333541 
-0.000341382 -0.00596033 -0.00206426 -0.00083433 -0.019323 -0.00627021 -0.00255836 0.0296021 -8.8133e-05 -0.025946 -0.00161626 0.0281832 -0.0228656 0.0323323 -0.000898955 -0.00244771 -0.0193906 -0.00353083 -0.0194216 0.0363721 0.0640477 -0.0021443 0.00170004 0.012245 -0.00103848 -0.00139892 0.0135911 -0.0011579 -0.00823633 -0.00283194 -0.00298236 -0.0035836 0.034536 0.0388834 0.0345586 -0.0119706 -0.000214823 -8.59227e-05 -0.00607087 -0.00863647 -0.00287395 -0.00166621 -0.000757583 -0.000105455 0.0105032 0.0397462 2.11939e-05 -0.0115059 -0.00882393 -0.000191971 -0.00176481 -3.93037e-05 0.0134023 -6.21744e-05 -0.0223006 -0.00180751 -0.00251874 -0.00628589 -0.00380588 -0.0158731 -0.00416522 0.00485989 -0.00987275 -0.00595413 -0.0273295 0.000152124 6.41461e-05 0.0248251 -0.000402281 0.0213595 -0.00304453 -0.00131307 -0.000422685 -0.00148245 -0.00731301 -0.00942174 0.0320513 -0.01124 0.0154319 -0.00164631 -0.0151386 -0.0280776 -0.00150914 -0.00443602 -0.0118305 -0.0116108 -0.000593707 -0.00192918 -0.00189362 -0.0007996 -0.00856907 -0.0156273 -0.00434837 -0.00938414 -0.00689405 0.00538779 -0.0191285 -0.00379924 -7.03233e-05 -0.000315735 
-2.77176e-05 0.000849243 -0.000305116 -0.00092689 -0.00111693 0.0204416 0.000497406 0.000818354 3.47027e-05 -4.49218e-05 0.000955607 0.0001944 0.0102056 -0.00106887 -0.000963786 -0.000321692 0.000678666 -0.0012811 -0.000527518 0.00279301 -0.0021443 0.127608 0.000829833 -0.0253944 -0.00054418 -0.00331724 0.00662304 -0.000182192 0.0156503 0.000990677 -0.00825919 -0.00170572 0.00112862 -0.0226731 0.000258478 0.00689241 2.13915e-05 1.00779e-05 -0.00153924 -0.00262782 0.00135688 -0.000103101 -0.000168984 -6.9715e-06 -0.0349489 0.00267892 0.000275992 0.00173842 -0.00434411 0.00512533 0.000498125 -4.88354e-05 -0.0487803 -8.28655e-05 6.8121e-05 -0.012124 0.000315782 -0.00101214 0.00189268 0.000527251 0.00101168 0.0148541 0.000258833 0.00531301 -0.00154087 -0.00029641 0.000325486 -0.00057437 -0.000238957 -0.0471829 -0.000331506 -0.00267632 0.000177519 -0.00884412 -0.00122487 -0.00175877 0.00490178 -0.00563771 0.0406944 -0.000264342 -0.00406665 -0.000519907 0.000465548 0.000793228 -0.00218049 0.00214059 0.000518753 0.000241337 -0.000317153 -0.00434052 -0.000375793 0.000244433 -0.00296926 -0.00125818 -0.0108313 -0.00539171 -0.00100795 -0.0035604 6.79345e-05 1.51587e-05 
-1.48593e-05 -0.000346426 -5.03122e-05 -3.40061e-05 -0.000361664 -0.0064897 -9.27708e-06 -0.00201016 8.89096e-07 -0.000847481 5.48599e-05 -0.000437677 -0.00185411 0.00107744 -9.31088e-06 -8.87546e-05 -0.000874128 -0.000363792 -0.000571169 0.00155348 0.00170004 0.000829833 0.0314964 -1.87587e-06 -0.000103984 0.0029618 0.00986276 -3.00763e-05 -0.00508576 -9.71728e-05 -0.0015863 -0.000166084 0.00181863 0.00448776 0.00154284 -0.000536913 -2.69513e-05 1.87665e-06 -0.000290649 0.00115307 9.67313e-05 -0.000105544 -3.73972e-05 -3.81827e-06 -0.00903169 0.00139948 7.84886e-05 -0.000366172 -0.000662091 0.00236343 -5.55095e-05 6.33596e-05 -0.00166578 -2.05886e-06 -0.000743784 0.000994292 -8.82565e-05 -0.000189029 -0.00049559 -0.0013555 -0.000127891 -0.00280376 -0.000343451 -0.000451781 -0.00134296 -7.79098e-06 2.88828e-05 -0.000540657 -1.75307e-05 -0.00942734 8.86922e-05 -0.000500986 -0.000158917 0.00169561 -0.000224041 -0.00223363 0.00367706 -0.000380705 -0.00375715 0.000163522 -0.00245123 -0.00099631 -0.000174923 -0.00016908 -0.000378238 -0.000357058 0.00174299 6.52973e-05 -4.35163e-06 2.58018e-05 -0.000219997 -0.000702464 -2.68854e-06 -0.000398137 -0.00363687 -0.00116034 -0.000622839 -0.000334913 -8.77732e-06 2.30544e-06 
-8.70239e-05 -0.00286862 0.000639546 -0.00147067 -0.00732316 0.0175124 -0.000946049 0.00792858 1.95298e-06 -0.00875359 -0.000536837 0.00794581 -0.0199042 0.0119377 -0.00514652 -0.000842948 -0.00782948 -0.000750119 -0.00696237 0.00797083 0.012245 -0.0253944 -1.87587e-06 0.222322 0.00072018 -0.00826342 -0.0399815 -0.000385045 0.0263474 -0.00101463 -0.0113605 0.00200018 0.000833814 -0.0187432 0.0116128 -0.00686507 -0.000335208 -4.41662e-05 -0.00252118 -0.00603887 0.00102537 -0.00054048 0.000424333 -2.8157e-05 -0.0453829 -0.00387882 -9.62053e-07 -0.0040888 -0.00885291 -0.0132933 -0.000407015 -9.45566e-06 0.00988432 -0.000284139 -0.00781793 -0.0226067 -0.000868783 -0.00222808 -0.00684083 -0.0030472 -0.00166529 0.0160409 -0.00353177 -0.0043607 -0.0117971 0.000803581 -0.000620565 0.00971473 -0.000803002 0.0140948 -0.00085226 -0.00539519 0.00014817 -0.00500179 -0.0026521 -0.00680554 -0.0470347 0.0203303 0.00404816 0.000569357 0.00201055 -0.00937569 0.000588502 -0.0017791 -0.00239045 -0.00429461 -0.0159446 -0.000687879 -0.000502945 -0.0083466 -0.00359024 -0.00380558 -0.0038862 -0.00213298 0.0447869 0.0085449 -0.00592638 -0.00521576 -9.47765e-05 8.16313e-06 
2.45205e-05 -5.45837e-05 -1.04627e-05 -4.12021e-05 0.000693917 -0.000319486 1.26839e-06 -0.00133807 -6.3129e-07 0.00107403 1.33739e-05 -0.00143419 -5.23817e-05 -0.00129445 2.95883e-05 0.000174732 6.68945e-05 0.000122919 0.000949184 -0.00180116 -0.00103848 -0.00054418 -0.000103984 0.00072018 0.00590199 0.000497542 -0.000450537 -7.12246e-06 -0.000256565 2.24503e-05 -0.000294511 9.23082e-05 -0.00240391 -0.000999262 -0.0021908 0.000188913 -7.25731e-06 1.73409e-06 0.000838034 0.000285354 -5.74866e-06 2.20083e-05 5.1004e-05 6.20646e-05 -0.00167527 -0.00257955 3.05108e-05 0.00032083 0.000530967 -1.77245e-05 9.12713e-06 4.80414e-05 -0.00147271 7.05882e-08 0.000983362 -0.000479375 0.000106205 0.000469892 -9.00084e-05 0.000815957 -2.07467e-05 -0.000655678 0.00120709 -5.54031e-05 0.00159266 -2.41494e-05 -1.12881e-05 -0.0010667 5.93658e-06 -0.00123647 9.88081e-07 5.51721e-05 0.000161624 -0.000223715 8.53636e-05 -0.00018107 -0.00115681 -0.00010638 -0.000614137 1.33904e-06 0.00333155 0.00137336 0.000351061 9.8699e-05 0.000460827 0.000512701 -0.000245856 -1.13875e-05 -1.27145e-05 -9.51584e-05 0.000399811 -9.20823e-05 -2.45283e-05 0.00110329 0.000459196 -0.000632219 0.00119352 -0.000122594 3.26922e-07 9.20942e-06 
7.82401e-05 -0.000392542 0.000685914 -0.000220424 0.0014391 -0.00700238 8.49099e-05 -0.00219818 5.81666e-07 0.00145613 0.00015807 -0.00188848 7.97665e-05 -0.00138436 0.000481812 -2.13378e-05 -0.000681118 -0.00039277 -7.36357e-05 -0.00112691 -0.00139892 -0.00331724 0.0029618 -0.00826342 0.000497542 0.0331233 0.00968144 9.02254e-06 -0.00483308 0.000105363 -0.00192373 -0.000236135 -0.000228434 0.00344914 0.000438744 0.000131803 -1.03418e-05 4.68656e-05 0.000248408 -0.000142826 4.77246e-05 -0.000150052 1.93734e-05 -5.20865e-06 -0.000123603 -0.00218456 1.80659e-05 0.00050875 -0.00102116 0.000414726 -6.40816e-05 0.00013918 0.000398927 3.34264e-05 -0.00072444 0.00227543 -8.37275e-05 0.000495366 0.00119365 -0.000448419 0.000632512 -0.00493362 -0.000153653 8.95326e-05 0.00119116 -0.000129067 -6.5101e-05 -0.000907286 4.93911e-05 -0.00345244 0.00111154 0.00136451 -0.000113783 -0.000788773 0.000599962 -0.0011012 -7.2222e-05 7.46935e-05 -0.00806934 0.000304716 -0.00214282 0.000163585 -0.000214793 -0.000173048 0.000911856 -0.000402813 -0.00273469 0.000848679 0.000787299 0.00250938 0.000665066 6.29007e-05 0.000658671 0.000876226 -0.00512662 -0.00177176 -0.000568372 -0.000128962 -2.84438e-06 -9.57365e-06 
-0.000220925 -0.00515779 -0.00172399 0.000871282 -0.00642569 -0.0204542 -0.00106454 0.0101821 -2.32875e-05 -0.00908143 -0.000633437 0.00861199 -0.0166844 0.0127052 0.00202005 -0.000987569 -0.00861883 -0.00278889 -0.00703587 0.0172412 0.0135911 0.00662304 0.00986276 -0.0399815 -0.000450537 0.00968144 0.224572 -0.000420175 -0.0374953 -0.00097851 -0.0121337 -0.002918 0.013988 0.0449345 0.00508349 -0.00510863 -0.000211707 -4.46877e-05 -0.00345696 -0.0048262 -0.00138439 -0.00204188 -0.000383079 -3.65303e-05 -0.00684057 0.0148895 0.000224486 -0.00417404 -0.00173747 0.00236403 -0.000662446 4.95089e-05 -0.0121713 -8.27055e-05 -0.00821642 -0.0119739 -0.000892817 -0.00228841 -0.00313778 -0.00602571 -0.00168957 -0.0270803 -0.00364569 -0.00483972 -0.011868 -0.000366105 -0.000464988 0.00955771 -0.000733986 -0.0558103 -0.00123192 0.00122939 -0.00141853 0.00660132 -0.00291368 -0.0138916 0.0617482 -0.0125681 0.00877689 -0.000841928 -0.000371561 -0.0095146 -0.00168022 -0.00169174 -0.00354412 -0.00433656 0.000286036 -0.000698264 -0.000407927 0.00371416 -0.00487123 -0.0015989 -0.002693 -0.00425774 -0.0270966 -0.0315088 -0.00703102 0.00228181 6.69648e-05 -0.000115142 
-3.53625e-08 0.000102719 0.000160889 0.00020822 -1.04046e-05 0.000903329 0.000304086 3.02417e-06 -4.89843e-08 5.17116e-06 2.88905e-05 -7.74417e-05 -6.1992e-05 -0.00115521 -1.00236e-05 0.000457869 -3.77832e-05 -1.40147e-05 -2.6444e-05 -0.00113016 -0.0011579 -0.000182192 -3.00763e-05 -0.000385045 -7.12246e-06 9.02254e-06 -0.000420175 0.00126726 0.000993531 -3.87171e-06 -6.85119e-05 5.36743e-05 -0.000813503 -0.00106745 -0.00106977 -2.87273e-05 5.97854e-06 2.79281e-06 -1.21517e-06 -2.58546e-05 9.6646e-05 -8.70463e-06 5.08448e-05 -6.18184e-08 -0.000407922 -0.00115343 -7.36196e-07 -4.9442e-06 -4.07501e-05 -6.55286e-05 0.000173332 1.04485e-05 -0.000565007 -1.1047e-07 -3.17065e-05 -9.20843e-05 -3.07309e-06 1.88424e-05 0.000982777 -1.0641e-06 0.00107367 -0.000179834 -1.36513e-05 0.00116477 -4.12908e-05 -5.54572e-06 -3.15804e-06 -0.00109836 -3.00398e-06 -0.000559504 0.000674111 -2.50214e-05 -6.66272e-06 0.000342428 1.53375e-05 0.00090907 -0.000889998 0.0011644 0.000156392 6.64e-06 -9.9226e-05 -3.50149e-05 -7.71224e-06 -2.58169e-06 3.92472e-05 -1.60941e-05 -8.79182e-05 4.75695e-05 -3.01171e-06 -3.48172e-05 0.000108832 -9.59211e-06 -2.5814e-05 3.55621e-05 0.00099587 -0.00015764 -2.38668e-05 0.000910505 5.13379e-06 5.21713e-07 
-9.07282e-05 0.00579542 0.00327935 -2.7535e-06 -0.00201761 0.0952861 0.00212905 0.00386195 4.15563e-05 -0.00289655 0.000599896 0.00262592 -0.00193782 -0.00506609 0.000606121 0.00114239 -0.00468203 -0.0019127 -0.0032235 -0.0107773 -0.00823633 0.0156503 -0.00508576 0.0263474 -0.000256565 -0.00483308 -0.0374953 0.000993531 0.136725 -0.000490075 -0.009173 -0.000126236 -0.0258782 -0.0595417 -0.0104125 -0.00228666 0.000122634 7.46594e-05 -0.00166846 -0.00275508 0.00184824 -0.00052244 0.000855172 -1.53255e-05 -0.0469755 -0.021883 -6.07483e-05 -0.00187618 -0.00497744 -0.00819947 0.00110628 -2.74757e-05 -0.0704337 -0.000114112 -0.00330917 -0.0134359 -0.000218671 -0.000585857 0.00195601 0.0125293 0.00379841 0.0522357 -0.00152939 0.0113023 -0.00160502 -8.63044e-06 -0.000170217 -0.00135793 -0.000347025 -0.0669117 0.00178121 -0.00314272 -0.000564339 -0.0112325 0.00214657 0.0191721 -0.0496347 0.0212716 0.0705717 0.000282147 0.00387174 -0.00172778 0.00361654 -0.000766649 0.00455961 -0.00183326 -0.0105908 0.00115848 8.70085e-05 -0.000910954 0.00309706 0.000292781 -0.00301624 0.00100054 0.034498 -0.0160561 -0.00258775 -0.000991951 7.5235e-05 7.13521e-05 
2.92377e-05 1.66504e-05 7.9792e-06 -2.04514e-05 0.000970377 -0.000283376 -6.79552e-06 -0.00291576 3.99252e-06 0.00289992 9.70968e-06 -0.00291933 0.00248579 -0.00292146 -5.55325e-05 1.11484e-05 0.00212466 -1.86247e-05 0.00219343 -0.00285742 -0.00283194 0.000990677 -9.71728e-05 -0.00101463 2.24503e-05 0.000105363 -0.00097851 -3.87171e-06 -0.000490075 0.003042 -0.000183449 -1.64541e-05 -0.00276881 -0.00237816 -0.0028406 0.00243672 -3.87249e-06 5.97261e-07 0.000210999 -4.14654e-05 -1.59488e-05 -1.41399e-05 -4.02953e-06 9.00849e-06 -0.000982581 -0.00280316 -5.81482e-07 0.00253363 -5.49595e-05 -5.57001e-05 -5.29412e-07 1.29218e-07 -0.00142265 -2.67041e-06 0.00257646 2.46584e-05 0.000196984 3.99222e-05 -6.47231e-05 0.000335557 1.83566e-06 -0.000445492 0.00136043 -5.01097e-05 0.00285985 -1.3325e-05 2.46125e-06 -0.00256904 6.86533e-06 -0.00135821 -3.22749e-06 -3.95793e-05 -7.57775e-06 -0.000280839 0.000296416 -0.000243236 -0.0022262 -0.000108973 -0.0015343 9.87427e-06 0.00106835 0.00294266 1.53765e-05 0.00111343 0.000621962 0.00262189 -0.000248824 -3.53282e-06 0.000242835 -8.33563e-05 0.000293125 0.00236264 -5.45337e-05 0.000289516 -0.000454823 -0.00025986 0.00174589 -7.60308e-05 -9.34074e-07 -2.00519e-06 
-1.78472e-05 0.00456721 -0.000205607 -0.000406034 -0.0011373 -0.0122036 0.000171918 0.00184823 7.56685e-06 -0.00153607 -2.17583e-05 0.00192083 -0.000224854 0.00180229 -0.000875373 -0.000153424 -0.00158899 -0.000686216 -0.00127399 0.00321674 -0.00298236 -0.00825919 -0.0015863 -0.0113605 -0.000294511 -0.00192373 -0.0121337 -6.85119e-05 -0.009173 -0.000183449 0.0572175 0.00106846 0.00168708 0.00587 0.0018885 -0.00134952 -5.24942e-05 8.15068e-06 -0.000629732 0.00171574 -0.000221233 -0.000234203 -5.55246e-05 -8.08213e-06 0.035019 0.00225199 -3.46626e-05 -0.000686668 -0.00197839 -0.000719052 -9.99958e-05 -2.41293e-05 0.0303217 9.70206e-05 -0.00139306 0.00732887 -0.000161363 -0.000413554 -0.000920429 -0.00240893 -0.000134155 -0.00738899 -0.000650134 -0.000448205 -0.00206764 -0.000183323 -0.000146458 0.00166089 -0.000143865 0.022807 -0.000211184 0.000331848 -0.000306405 -0.00458775 -0.00051852 -0.00473457 -0.0202201 -0.00165949 -0.0285874 -0.000168936 -0.00396856 -0.00167064 -0.000353408 -0.000330732 0.000183502 -0.00081043 -0.00389403 -0.000103138 -0.000136564 -0.00111069 -0.000864421 -0.00133772 -0.00136527 -0.000758065 -0.0070408 -0.00542496 -0.00124995 -0.00069648 3.39244e-06 -3.51071e-05 
1.15181e-05 0.000282101 4.02558e-05 0.000120705 0.000126511 -0.00112644 -1.86218e-05 -0.00278478 -5.15666e-07 0.000583447 -2.56914e-05 -0.00120858 0.00325363 -0.000725147 -0.000209874 0.00034043 0.000599708 3.35928e-05 -0.000105695 -0.00246397 -0.0035836 -0.00170572 -0.000166084 0.00200018 9.23082e-05 -0.000236135 -0.002918 5.36743e-05 -0.000126236 -1.64541e-05 0.00106846 0.0118469 -0.00387237 -0.00200957 -0.00239488 -0.000160549 8.80454e-06 4.48176e-07 -5.95219e-05 0.000368355 0.000188319 -6.50949e-05 3.63186e-05 4.24472e-06 5.27661e-05 -0.00344425 -4.51257e-06 0.000188974 -0.000199047 -0.000488735 -9.87793e-06 -2.37876e-06 0.00370349 -1.00498e-06 0.000260087 2.10865e-05 4.95007e-06 -6.37784e-05 -0.000148215 0.000786117 3.57358e-06 -0.00150526 1.83406e-05 -9.44673e-05 0.00113573 -2.93512e-05 -2.80655e-05 0.000138868 2.56206e-06 0.000586969 -1.7919e-05 -0.00020105 9.95599e-05 9.98252e-05 0.000924646 0.00016489 -0.00451218 0.00267079 -0.00515811 0.000175135 0.00182757 0.0014786 -2.49529e-05 -2.22799e-05 0.00328595 -4.46026e-05 -0.00029228 -1.92029e-05 0.00014154 -0.000317753 -7.86032e-05 0.00268513 -0.000263446 -0.000135104 0.00228007 -0.00126955 0.000439519 0.000100888 -9.59512e-07 2.28869e-05 
-0.000313566 -0.00855452 -0.00364165 -0.000448631 -0.0193152 -0.0203525 -0.00275387 0.0301007 -6.45214e-05 -0.0256743 -0.00152625 0.0286527 -0.0163572 0.0343041 -0.00372005 -0.00233757 -0.0190775 -0.00547745 -0.0190728 0.0434636 0.034536 0.00112862 0.00181863 0.000833814 -0.00240391 -0.000228434 0.013988 -0.000813503 -0.0258782 -0.00276881 0.00168708 -0.00387237 0.0823516 0.0407102 0.0436381 -0.0114778 -0.000136568 -0.000137421 -0.00542127 -0.0120714 -0.000728297 -0.00224086 -0.00130547 -0.000134262 0.0231339 0.0395628 1.57267e-05 -0.0112404 -0.010307 0.00168393 -0.00180067 -0.000121651 0.0288522 -7.5586e-05 -0.0223717 -0.000579253 -0.00246327 -0.00612084 -0.00269357 -0.0294553 -0.00390079 -0.0110955 -0.00970016 -0.00622205 -0.0286003 0.000104853 8.11475e-05 0.0254184 -0.000547683 0.0358579 -0.00294242 -0.00079798 -0.000296645 -0.00392636 -0.00907936 -0.00100919 0.0452032 -0.00620036 0.000751019 -0.000708658 -0.0276184 -0.0282515 -0.00256504 -0.00437254 -0.0139016 -0.0113529 -0.00701786 -0.00168089 -0.00211811 6.25692e-05 -0.00997138 -0.014051 -0.00505218 -0.00961624 -0.0149378 0.00683175 -0.018518 -0.0026612 -0.000142669 -0.000380772 
