0.00413638 -0.000126691 8.8218e-07 -1.25855e-06 8.76718e-05 0.000100693 0.000878091 -0.000685877 -0.000526763 0.00023474 -0.000429522 -6.91032e-05 -1.32966e-05 -8.97787e-05 -5.09414e-06 0.000149589 -1.08777e-05 1.01887e-05 8.47557e-05 -2.9187e-05 -6.83327e-06 -0.000126665 -0.000735001 0.000591266 -0.00112564 -0.00063634 5.23241e-05 -8.25597e-05 0.000199756 -0.000220606 -0.000463031 -1.9509e-05 -5.60264e-05 -0.00140582 -0.00114202 -2.26588e-05 -0.000176808 -0.000522966 -1.63478e-07 -0.000691225 -9.3932e-05 0.00149826 0.000420534 4.83511e-05 2.68342e-05 -0.000547066 0.000110569 7.06674e-05 1.51933e-05 0.000299288 0.000115248 0.000313931 1.97098e-05 0.000369432 -6.78682e-06 0.000107453 0.000414025 0.000373516 2.42349e-05 -2.0064e-05 0.00065903 -6.56974e-05 -9.77697e-05 -4.56761e-06 -1.03466e-06 2.43298e-05 -0.000613043 -3.51257e-06 -7.73288e-06 -0.000110016 0.00102802 0.000142071 0.000316167 0.000388441 -0.00160052 0.0002792 -2.59676e-06 -1.87142e-05 -0.00039382 -7.9427e-06 1.47183e-05 -3.06158e-05 -4.29842e-07 0.00021649 -0.000117341 2.93159e-05 0.000132301 9.77966e-05 -3.55542e-05 9.19558e-05 -1.06175e-05 -0.000311458 -0.000699885 0.000104667 -0.000680768 -6.17788e-06 -0.000102284 0.000152517 0.000514235 6.64388e-05 
-0.000126691 0.122015 -8.17837e-06 -1.35464e-05 -0.00037567 -0.00703159 0.0195374 0.0187563 0.0133733 -0.00195047 -0.00990789 -0.011164 -0.00050241 -0.00329136 -0.000159404 0.00297756 -0.000817882 -0.00019582 -0.00334445 -0.000629251 -0.00107273 -0.00877318 0.00589109 -0.0200956 0.0155196 0.0194213 -0.000218755 0.00521467 -0.000201623 -0.0116633 -0.0158848 -0.00368603 0.0134746 0.0220187 0.00890901 -0.000850455 -0.00342132 -0.0137212 -3.21219e-06 -0.017579 -0.00225783 -0.0247014 -0.00417592 -0.00036026 -0.000105064 0.0201497 -0.000574588 -0.000587497 0.00379005 -0.000302357 -0.00739945 -0.00423421 -0.000117833 -0.00671775 -9.22998e-05 -0.00226869 -0.0176991 -0.000888568 -0.00047877 -0.00121808 -0.000636252 -0.00770126 -0.0067126 -0.000106984 -5.99647e-05 -2.51782e-05 0.0113314 -0.000305261 -0.00346361 -0.00346431 -0.00834793 -0.00172927 -0.00715118 0.0497501 0.000579136 -0.00321703 -2.90777e-05 -0.000928115 -0.0171554 -0.0455235 -0.00287024 0.000975098 -1.554e-05 0.0126977 -0.00378226 -0.00306637 -0.000392929 -0.000788493 -0.00367027 -0.00447782 -0.00332387 -0.00881143 -0.022388 -0.00198666 0.0150352 -0.000219477 -0.00605764 -0.000690167 -0.00130509 -0.000144813 
8.8218e-07 -8.17837e-06 0.000124651 2.62226e-07 -3.52706e-07 -1.3939e-05 1.66465e-05 -6.65269e-05 -5.07703e-05 8.22898e-05 5.56184e-05 6.2633e-05 5.97928e-06 -4.19498e-06 6.34551e-05 1.45276e-06 -7.62684e-07 -1.93095e-07 4.05097e-05 3.46044e-05 -7.5252e-07 -6.17085e-06 -8.00268e-05 -1.16684e-06 3.52027e-05 -7.14367e-05 -1.08375e-07 3.85014e-05 2.55637e-06 -1.25705e-05 -2.44375e-05 -2.8331e-06 -8.13443e-05 -8.18073e-05 -7.68267e-05 3.40366e-06 -5.30815e-06 -1.54751e-05 -9.24196e-09 -2.03312e-05 -3.01936e-06 8.14867e-05 -2.25571e-06 2.37716e-07 4.96498e-06 -7.21688e-05 1.37825e-05 -6.72955e-07 -1.72033e-06 1.31808e-06 -2.03427e-06 1.00358e-06 1.22291e-06 8.10358e-05 -2.63393e-07 5.56938e-05 -5.53486e-06 4.28064e-06 4.71914e-05 -1.02571e-06 3.16026e-05 5.60046e-05 -6.92821e-06 1.66296e-05 1.47089e-08 -3.80336e-08 -7.5366e-05 3.40381e-07 -3.04573e-06 -3.4646e-06 5.18941e-06 -1.44704e-07 -5.89129e-06 -1.47352e-05 -3.95301e-05 1.63618e-06 -1.26628e-07 -8.25141e-07 2.46359e-05 -5.03072e-05 1.84972e-06 2.56627e-06 -1.65696e-08 -5.30462e-05 7.62934e-06 -4.16245e-06 -3.73814e-07 1.77229e-05 6.12391e-05 -5.10669e-06 1.36761e-05 -4.3388e-06 -4.31838e-05 -3.54132e-06 -7.17273e-05 -2.38113e-07 -9.09974e-06 2.64659e-09 6.37126e-06 1.47882e-06 
-1.25855e-06 -1.35464e-05 2.62226e-07 0.000302908 -1.97056e-07 -2.64425e-05 -1.58859e-05 4.02741e-05 4.23984e-05 -5.05476e-06 -2.57811e-05 -3.48934e-05 -1.2344e-06 -1.18997e-05 -5.95282e-07 -8.70601e-07 -1.79813e-06 -1.91536e-07 -3.76147e-06 -2.82984e-06 -1.89729e-06 -2.98786e-05 3.95081e-06 1.85035e-05 1.64421e-05 5.55429e-05 3.71327e-07 -2.59867e-05 -4.57109e-07 -4.019e-05 5.59505e-06 -7.85799e-06 2.52302e-05 4.93049e-05 2.62853e-05 -1.67038e-06 1.76172e-05 -3.33298e-05 -2.24624e-08 -4.6044e-05 -7.09404e-06 -4.1455e-05 -8.24716e-06 -7.99509e-07 -2.4715e-07 5.05517e-05 -2.24477e-07 -1.00227e-06 3.34099e-06 -1.58187e-07 -1.32167e-05 -1.15391e-05 -2.68384e-07 -1.34579e-05 2.70939e-07 -4.32013e-06 -5.20964e-05 -2.04546e-06 -1.46216e-06 -2.95052e-06 -1.37086e-06 -6.20825e-06 -1.1958e-05 9.5569e-07 -1.53288e-07 3.55094e-07 3.69026e-05 -6.85009e-07 -7.40259e-06 -2.08831e-05 -1.79212e-05 -3.13848e-06 -2.26653e-05 -3.87354e-05 8.21813e-05 -6.59085e-06 -3.07767e-07 -1.84993e-06 -4.81781e-05 -5.20138e-05 -5.78406e-06 -1.55444e-05 -4.02721e-08 4.51651e-05 -6.454e-06 -5.88342e-06 -9.08549e-07 -1.69847e-07 -8.66722e-06 -8.06726e-06 -6.54304e-06 -1.81636e-05 -3.517e-05 -9.07373e-06 4.53848e-05 -1.7873e-07 -1.04612e-05 -9.15433e-07 -3.01343e-06 -5.34484e-07 
8.76718e-05 -0.00037567 -3.52706e-07 -1.97056e-07 0.00335264 -0.000121031 -0.000261708 -0.000841254 -0.000900684 -6.00704e-05 -0.00021272 -0.000219656 6.54284e-06 0.000295391 -8.5171e-06 1.80966e-05 1.94089e-05 7.4785e-06 -4.20992e-05 -1.17916e-05 -4.01028e-05 -0.000186136 5.34215e-05 -0.000429434 -0.00128019 -0.000351036 1.11995e-05 -0.000282865 2.39695e-05 0.000302752 0.000952428 -7.25629e-05 -2.32498e-05 0.000302433 0.000464611 -1.37775e-05 0.000218316 0.000704674 -4.93812e-08 0.00085069 -6.55509e-05 -0.000466124 -2.72097e-05 2.07904e-05 -2.67724e-06 -0.000296128 -8.03108e-06 -2.93652e-06 -2.49429e-05 -2.71841e-06 2.06811e-08 -8.14871e-05 -3.5742e-07 -0.000123881 -2.86285e-06 -4.02685e-05 -0.000201086 0.000100958 -3.74296e-06 1.03705e-05 -1.0964e-05 -5.37266e-05 7.77306e-05 6.56326e-07 -1.14627e-06 4.95222e-06 0.000111743 4.36159e-06 -4.79625e-05 -4.68645e-05 -0.000137239 -2.87074e-06 -0.000151753 -0.000363566 -0.000273645 -5.78521e-06 -2.75022e-06 -1.09431e-05 -1.08021e-06 0.000639749 -5.38275e-05 2.93882e-06 -1.47107e-07 -0.00063883 3.75035e-05 -8.96734e-05 -9.24241e-06 -9.20289e-06 -0.000111842 8.0143e-06 -3.87521e-05 -0.000106154 -0.000172125 -9.33001e-05 0.000146488 3.16373e-06 0.000490779 0.000219638 -2.62778e-05 -6.75639e-06 
0.000100693 -0.00703159 -1.3939e-05 -2.64425e-05 -0.000121031 0.101034 -0.00467303 -0.0168497 -0.014106 -0.00101536 0.0206957 0.0166892 -0.000285538 -0.00359947 -0.0002024 -9.72669e-05 0.000609115 -0.000153533 -0.00243238 0.000542659 -0.000936803 0.0263774 -0.000221725 -0.00289916 -0.0301162 -0.0141348 -0.000172032 0.013269 -0.000139873 0.0186648 -0.00324059 -0.00294853 -0.0219659 -0.0226091 -0.015279 0.00074412 -0.00488391 0.0151134 1.45237e-05 0.0136084 0.00633371 0.00266882 -0.00336228 -0.000286084 0.000269937 -0.0141226 -0.000384272 -5.4716e-05 -0.000418532 -0.000225418 0.0129284 -0.00314451 -6.62767e-05 -0.00330288 -0.000130838 -0.00123369 0.0265717 -0.000196193 0.000109863 0.0017328 -0.000293577 0.00836347 -0.00028518 -3.63597e-05 -5.23809e-05 0.000122287 -0.00951272 -0.000109146 -0.0027705 0.00308793 -0.00609625 -0.00119057 -0.000525043 -0.0079075 -0.0355987 0.000101999 0.000357156 -0.000750594 0.0156613 -0.00800932 -0.00228931 -0.00380239 4.70971e-06 -0.0122259 0.00477609 -0.00131611 -0.000306934 -0.000488846 0.00744224 -0.00330649 -0.0026154 0.0219247 -0.0191536 0.0041693 -0.0210692 -0.000196958 -0.00677543 -0.00054916 0.000336009 -0.000107812 
0.000878091 0.0195374 1.66465e-05 -1.58859e-05 -0.000261708 -0.00467303 0.0756313 0.0124958 0.0129155 0.00354477 -0.00960847 -0.00911907 -2.39154e-05 -0.00356965 4.50706e-05 0.00190914 -0.000500549 3.82141e-06 -0.0012957 -0.000778626 -0.00053968 -0.0080037 -0.000384151 0.00213696 0.0282266 0.0125315 -0.000128381 0.00461324 0.000244641 -0.012451 -0.0184553 -0.00182872 0.00943349 0.00135074 -0.0261416 -6.23998e-05 -0.0035535 -0.0130159 -4.98823e-06 -0.0168413 -0.00192348 0.0103756 -0.000764792 -9.83686e-05 -2.40991e-05 0.00904823 0.000600982 -0.000425645 0.00210096 0.000705542 -0.00368166 -0.000790749 -6.0953e-05 0.00124864 -0.000151679 0.000197507 -0.0120303 0.00107844 -0.00037271 -0.000764067 0.00282631 -0.00272557 -0.0038086 -7.38069e-05 1.81233e-05 0.000110335 0.00746736 -0.000127943 -0.00194664 -0.00561647 5.16349e-06 -0.000718413 -0.00439166 0.002116 -0.0284656 -0.00178812 -8.03998e-05 -0.000543876 -0.0147933 -0.01753 -0.0011392 -0.00264952 -6.14411e-06 0.0169104 -0.00259132 -0.0023887 0.000462425 0.00126414 -0.00263464 -0.00162164 -0.00129571 -0.000710075 -0.000370577 0.00141039 0.00972351 -0.000156032 -0.00596902 -7.40674e-05 0.00322907 0.000148945 
-0.000685877 0.0187563 -6.65269e-05 4.02741e-05 -0.000841254 -0.0168497 0.0124958 0.159066 0.142139 0.000633559 -0.091769 -0.101298 -0.00491142 -0.0327318 0.000156098 0.00152819 -0.00466048 -0.000609493 -0.0184744 -0.00816761 -0.00441981 -0.0816371 0.0355897 0.0177868 0.113048 0.142642 -0.0013369 -0.00651813 -0.00102104 -0.117301 -0.0536249 -0.0207306 0.0914859 0.0928025 0.0344332 -2.12667e-05 -0.000313218 -0.119305 -1.93329e-05 -0.11684 -0.0191443 0.00219768 -0.023248 -0.00189773 -0.000599575 0.136174 -0.00315228 -0.00116 0.000459666 -0.00152417 -0.0368227 -0.0225156 -0.000708524 -0.0110224 -0.000567391 -0.00797899 -0.0871374 -0.00156241 -0.00381015 -0.00790109 -0.0029935 -0.044656 -0.00221665 -0.000194441 -0.000107772 -4.52426e-05 0.113894 -0.00162043 -0.0195499 -0.0591947 -0.0199839 -0.00983121 -0.0610011 0.0195911 0.0529871 -0.0113394 -0.000800941 -0.00528881 -0.116043 0.075453 -0.0161485 0.00650382 -7.31574e-05 0.122645 -0.0262267 -0.00641097 -0.00235378 0.000450658 -0.027179 -0.0189069 -0.0183592 -0.0301045 0.0369617 0.00273538 0.130375 -0.00109742 -0.0234748 -0.000648192 -0.00217582 -9.78278e-05 
-0.000526763 0.0133733 -5.07703e-05 4.23984e-05 -0.000900684 -0.014106 0.0129155 0.142139 0.184144 0.00183509 -0.0848631 -0.0945392 -0.00457487 -0.032498 0.000276306 -0.0036058 -0.00422451 -0.00064556 -0.0174018 -0.0077154 -0.00451726 -0.0749403 0.032275 0.0192445 0.130871 0.131871 -0.00125978 -0.00318555 -0.000807074 -0.109315 -0.0741233 -0.0194801 0.0848053 0.0788484 0.0280758 5.48267e-05 -0.00648921 -0.115582 -2.278e-05 -0.128002 -0.0175528 0.013096 -0.0220562 -0.00176185 -0.000472417 0.12763 -0.00294607 -0.00204194 0.000163048 -0.00120233 -0.0343252 -0.0270244 -0.000649929 -0.00732626 -0.00056649 -0.00684339 -0.0796029 -0.000635269 -0.00357813 -0.0074077 -0.00208512 -0.0406057 -0.00256093 -0.000278379 -8.81763e-05 -2.91873e-06 0.105658 -0.00164798 -0.0184452 -0.0567682 -0.0156671 -0.00914746 -0.0573409 -0.00960089 0.0371178 -0.00939691 -0.000729251 -0.00499742 -0.106555 0.0666682 -0.0151583 0.00810354 -6.16971e-05 0.135685 -0.0246331 -0.00536617 -0.00223097 0.00098322 -0.0249583 -0.0171354 -0.0170106 -0.0246124 0.0456385 0.00285438 0.120354 -0.00123504 -0.0355982 -0.000739975 -0.000676687 -1.8445e-05 
0.00023474 -0.00195047 8.22898e-05 -5.05476e-06 -6.00704e-05 -0.00101536 0.00354477 0.000633559 0.00183509 0.0187024 0.000577122 -0.000899821 4.31272e-05 -0.000685427 0.000517035 -0.00013144 -0.000108497 -2.87866e-05 9.6182e-05 0.00016551 0.00150566 -0.000488113 -0.0014284 8.04508e-07 0.0040641 -0.00555587 -2.38012e-05 0.0105168 -1.14076e-05 -0.00197937 -0.00353603 -0.000305033 -0.00644039 -0.00628187 -0.015191 -1.50685e-05 -0.000615821 -0.00177245 9.34213e-06 -0.00244898 0.000187889 0.00732453 -8.56054e-05 -2.49527e-05 0.000141459 -0.00101563 2.9987e-05 -7.29964e-05 0.00157901 -3.61379e-05 0.0016623 -0.000527704 -5.68778e-06 0.0064346 -3.35488e-05 0.00182133 -0.00207495 0.000521981 0.000279483 0.000247368 0.000232384 0.000831449 0.000574701 0.000214812 -6.36769e-06 2.48195e-05 0.000372108 -1.88812e-05 -0.000308811 -0.00130104 0.00220186 -0.000178774 -0.00130116 -0.00370978 -0.00688141 0.000156095 -6.07704e-06 3.92067e-05 0.00161016 0.00105548 -0.000174153 -0.000882427 8.92148e-06 0.00191091 -9.297e-05 -0.000588242 -5.53695e-05 0.00153549 0.000978841 -0.000504471 -4.47646e-05 -0.000480852 -0.00658592 0.00283902 0.000996737 0.000213006 -0.00119912 7.10241e-05 0.000506328 4.44099e-05 
-0.000429522 -0.00990789 5.56184e-05 -2.57811e-05 -0.00021272 0.0206957 -0.00960847 -0.091769 -0.0848631 0.000577122 0.107015 0.0889274 0.00310055 0.0195416 0.000161607 -0.000977412 0.00447436 -0.000162558 -0.00231477 0.00827321 -0.00141289 0.0713896 -0.00727388 -0.0162511 -0.0682437 -0.0927319 0.000186117 0.0110232 6.08065e-05 0.0962818 0.0259876 -0.00311792 -0.0874059 -0.0714541 -0.0152345 0.000358322 -0.00492055 0.0938952 -4.80103e-06 0.0903222 0.0201995 -0.0101246 -0.00344285 -0.000308584 0.000577441 -0.088305 -5.9035e-05 -0.000547917 -0.00122273 -0.000259233 0.0322206 -0.00450533 -5.6855e-05 -0.0039861 0.000505012 0.00384711 0.0705141 -0.000302405 0.00345494 0.00721883 -5.53825e-05 0.0390078 -0.00597246 0.000316321 -5.66411e-05 1.38301e-05 -0.067464 -9.01991e-05 -0.00292192 0.040719 -0.00697569 -0.00130311 0.0173562 -0.0137302 -0.0339923 0.00795329 0.000723394 -0.000746551 0.0937694 -0.0550542 -0.00235557 -0.0065991 8.1647e-05 -0.0878132 0.0274224 0.00545507 -0.000265929 0.000127651 0.028698 -0.00493749 -0.00145483 0.0317658 -0.0230037 -0.0036296 -0.0844968 -1.78316e-05 0.0113196 -0.00044516 -0.000621877 -0.000147158 
-6.91032e-05 -0.011164 6.2633e-05 -3.48934e-05 -0.000219656 0.0166892 -0.00911907 -0.101298 -0.0945392 -0.000899821 0.0889274 0.112402 0.00410858 0.0210338 -2.71557e-06 -0.000830791 0.00457183 -2.13406e-05 -0.000932245 0.00754815 -0.000987994 0.0767228 -0.0110651 -0.0160065 -0.07474 -0.100195 0.000379075 0.00259828 -0.000101154 0.100825 0.0324849 -0.000761733 -0.0827564 -0.0706871 -0.0138609 0.000355489 -0.0053239 0.0949995 5.10293e-07 0.0920809 0.0187753 -0.00858399 0.000451756 -0.000289082 0.000378697 -0.0968677 0.00206992 -0.000620103 -0.00141967 0.000137623 0.0327402 -0.000620229 0.000112453 -0.00204729 0.000415074 0.00538909 0.0769236 -0.000636529 0.00381153 0.00690925 0.000855948 0.037555 -0.00682429 9.66794e-05 -1.75792e-05 4.61238e-07 -0.0780963 0.00046971 -0.000882253 0.0427445 -0.00186745 -0.000232677 0.0325452 -0.0164275 -0.0381067 0.0110043 0.000745756 -0.000834716 0.0967908 -0.0650905 -0.000468715 -0.0042996 6.81579e-05 -0.0919531 0.0276189 0.00663901 0.000974885 -0.000641779 0.02863 -0.00259503 0.00115843 0.0292724 -0.0163599 -0.00304179 -0.0959556 -0.000127112 0.0102838 -0.000474926 -0.000193864 -0.000165803 
-1.32966e-05 -0.00050241 5.97928e-06 -1.2344e-06 6.54284e-06 -0.000285538 -2.39154e-05 -0.00491142 -0.00457487 4.31272e-05 0.00310055 0.00410858 0.00645198 0.00197147 5.1393e-05 -3.77598e-05 0.000106126 5.73079e-05 0.0011991 0.000824786 9.40097e-05 0.00125024 -0.00355764 -0.000802712 -0.00298421 -0.00480164 9.93564e-05 -0.00022038 -6.0416e-06 0.00297867 -0.000564185 0.00173563 -0.0026246 -0.00469944 -0.00293337 -3.75035e-05 -0.000268871 0.00271938 -2.36989e-07 0.00244777 0.000892049 0.001124 0.00138788 0.000209275 1.09175e-06 -0.00486287 0.000134797 3.54443e-05 -6.57824e-05 -3.25127e-06 0.000663034 0.00195836 8.22255e-05 0.00115234 0.000138924 0.000897322 0.000248905 -4.37067e-05 -1.52106e-06 -1.29955e-05 0.00011553 0.0030756 6.3713e-05 3.80816e-07 1.02479e-05 1.29369e-05 -0.00517989 0.000127652 0.00133512 0.00108561 0.00162676 0.000635612 0.00259152 -0.000853086 -0.00253996 -0.00012506 1.47034e-06 9.17218e-06 0.00270882 -0.00446627 0.00145655 -0.000359159 4.1813e-06 -0.0036384 0.00236894 -0.000196431 2.80383e-05 -3.19722e-06 0.00120341 0.00187109 0.00306666 0.000695506 -0.00235865 -0.000196304 -0.0051336 -1.21927e-05 0.00138093 4.16896e-05 0.000129969 7.8863e-05 
-8.97787e-05 -0.00329136 -4.19498e-06 -1.18997e-05 0.000295391 -0.00359947 -0.00356965 -0.0327318 -0.032498 -0.000685427 0.0195416 0.0210338 0.00197147 0.0415653 -9.28586e-05 -0.000324431 -0.000120317 -5.75713e-05 -0.00082271 -7.46054e-05 -0.000510318 0.018435 -0.00147849 -0.00611009 -0.0258178 -0.0324668 0.000229492 0.006256 0.000322023 0.0341403 0.024905 -0.000943231 -0.0128466 -0.0115529 0.00286536 9.17186e-05 -0.00183564 0.033822 -3.22135e-06 0.033804 -0.000467841 -0.00646589 -0.00111006 -0.000103069 -1.6644e-05 -0.0315413 -0.000120872 0.000962759 -0.000509612 -8.26911e-05 0.00166184 -0.00138148 -1.57336e-05 -0.00192121 0.000628615 -0.000238636 0.0171074 8.33702e-05 -4.25855e-05 -0.000335682 -0.000173097 0.00242211 -0.00201409 2.14601e-05 1.33391e-05 -1.48706e-05 -0.0323766 3.4829e-05 -0.000864455 0.0287116 -0.00246542 -0.000510434 0.0213297 0.00777108 -0.0113656 0.00473282 3.84063e-06 -0.000250453 0.0308996 -0.0190623 -0.000742301 -0.00125501 1.92455e-06 -0.0329727 0.00404757 -0.0010562 -6.30291e-05 -0.000240608 0.000902866 -0.00156797 -9.41179e-05 -0.00164697 -0.00497828 -0.00150592 -0.0303589 -6.56739e-05 0.00147574 -9.00256e-05 -0.000386669 -7.68187e-05 
-5.09414e-06 -0.000159404 6.34551e-05 -5.95282e-07 -8.5171e-06 -0.0002024 4.50706e-05 0.000156098 0.000276306 0.000517035 0.000161607 -2.71557e-06 5.1393e-05 -9.28586e-05 0.00258132 -1.73619e-05 -8.48853e-06 -3.60856e-06 0.000134793 9.19129e-05 -3.07496e-05 -0.000246883 -0.00084674 0.000601284 0.000848743 -0.000633792 -9.8132e-07 0.000870795 2.8929e-05 -0.000345461 -0.00058857 -5.80065e-05 -0.00094701 -0.00110971 -0.00119154 -6.52597e-06 -0.000111553 -0.000367745 -1.91859e-07 -0.000477699 -4.43471e-05 0.00124213 -4.64637e-05 -2.6622e-06 7.7789e-05 -0.000268793 2.72789e-05 -1.17925e-05 1.7409e-05 2.07449e-05 -8.04942e-05 -5.05519e-05 1.87431e-06 0.000836505 -5.2568e-06 0.000179107 -0.000433464 3.22291e-05 9.79271e-05 -1.91537e-05 7.50466e-05 0.000140684 -0.000117127 8.66207e-05 7.24053e-07 4.04335e-06 -5.32929e-05 5.84911e-06 -4.14168e-05 -0.000142926 0.000375847 -2.10589e-05 -0.000150824 -0.000467713 -0.000256147 3.9089e-05 -2.62874e-06 -1.66295e-05 -0.000162064 -0.000623059 -4.74285e-05 -0.000126485 -2.88421e-07 7.36497e-05 -2.9269e-05 -2.83883e-05 2.07176e-05 0.000685997 0.000303334 -5.6868e-05 3.11094e-05 -0.000179626 -0.000182689 3.04206e-05 -2.69636e-05 -4.94312e-06 -0.000187206 9.09907e-07 0.00048395 3.24858e-05 
0.000149589 0.00297756 1.45276e-06 -8.70601e-07 1.80966e-05 -9.72669e-05 0.00190914 0.00152819 -0.0036058 -0.00013144 -0.000977412 -0.000830791 -3.77598e-05 -0.000324431 -1.73619e-05 0.00797909 -3.68102e-05 2.003e-05 -0.000181667 -7.44987e-05 -9.01013e-05 -0.000905599 0.000211503 0.000205528 -0.000776144 0.00145833 -1.34448e-05 0.00025265 -1.07683e-05 -0.00121921 -0.000944502 -0.000204941 0.000505879 0.0015736 -0.000516516 0.000109674 0.000693355 -0.00121072 1.43702e-06 -0.00107731 -0.000194072 -0.00134143 -0.00023251 -1.85914e-05 -6.56114e-06 0.00116639 -1.93691e-05 -4.6762e-06 -8.48109e-05 -8.0841e-06 -0.000393746 -5.35716e-05 -7.06928e-06 -0.000360021 8.28304e-06 -0.000127315 -0.000752467 -2.96678e-05 -4.25361e-05 -7.75807e-05 -2.62592e-05 -0.000466463 -0.000418792 1.65878e-05 -3.73602e-06 2.16721e-06 0.000896988 7.24829e-06 -0.000191751 -0.000606915 -0.00045583 -9.78621e-05 -0.000602024 0.00252868 -0.00116578 -0.000191155 -6.18146e-06 -5.31067e-05 -0.00148779 -0.000984009 -0.000162388 -0.000473072 -1.06911e-06 -0.000525294 -0.000263255 -8.53489e-05 -1.23416e-05 -2.37272e-05 -0.000274459 -0.000277729 -0.000185552 -0.000492776 0.000678401 0.000433121 0.000909726 4.03697e-05 0.000323408 -1.2677e-05 -4.69313e-05 2.72391e-05 
-1.08777e-05 -0.000817882 -7.62684e-07 -1.79813e-06 1.94089e-05 0.000609115 -0.000500549 -0.00466048 -0.00422451 -0.000108497 0.00447436 0.00457183 0.000106126 -0.000120317 -8.48853e-06 -3.68102e-05 0.00608036 -7.73133e-06 -0.000140487 0.00010732 -3.188e-05 0.00238993 -0.000362058 -0.000843561 -0.00357755 -0.00464516 -8.9145e-06 -0.000420012 1.14151e-05 0.00441881 0.00148025 -0.000157381 -0.00483636 -0.00330439 0.000615342 0.0001031 -3.11741e-05 0.00425267 -4.53532e-07 0.00459824 4.43062e-06 -0.000756405 -0.000167824 -1.53093e-05 -4.85681e-06 -0.0045703 0.000132671 1.04264e-06 -7.68665e-05 -7.10038e-06 -3.38758e-05 -0.000241895 4.01447e-06 -0.000257639 2.963e-05 0.000278558 0.00290925 -3.3066e-05 0.00012862 0.00138904 7.45768e-05 0.000342374 -0.000260703 1.3128e-05 -1.55054e-06 -1.98079e-06 -0.00250333 2.63136e-05 -0.000147497 0.000899277 -0.000347141 -4.5136e-05 0.000701651 -0.00111509 -0.000959948 0.000219188 0.000140753 -4.0359e-05 0.00372304 -0.00167772 -0.000122148 -0.000213666 -3.79789e-07 -0.00461238 0.000527439 0.000828269 -4.09981e-06 -3.67837e-05 0.000451558 -0.000236846 -0.000115187 0.00173252 -0.00061019 -0.000135543 -0.00307275 0.000250959 0.00265975 2.96161e-05 -4.07989e-05 -1.14795e-05 
1.01887e-05 -0.00019582 -1.93095e-07 -1.91536e-07 7.4785e-06 -0.000153533 3.82141e-06 -0.000609493 -0.00064556 -2.87866e-05 -0.000162558 -2.13406e-05 5.73079e-05 -5.75713e-05 -3.60856e-06 2.003e-05 -7.73133e-06 0.00154649 0.000604021 -1.10104e-05 5.48875e-05 -0.00012701 -0.000750648 1.95022e-05 -0.000674667 -0.000612285 0.0001927 -0.000139702 8.88555e-06 -0.000178532 -0.000188884 0.000734776 0.000192881 -0.000597608 -0.000610509 -7.86232e-06 -5.56629e-05 -0.000205258 2.40731e-07 -0.000254307 -3.57021e-05 0.000259492 0.000787463 2.65353e-05 4.77169e-08 -0.000645819 9.94805e-06 5.85724e-05 -1.5496e-05 0.000119858 -5.47568e-05 0.000810995 8.83917e-06 0.000739592 7.0532e-07 0.000118001 -0.000197071 9.38838e-06 -2.44379e-06 -1.28666e-05 3.80701e-05 2.34162e-06 0.00013747 -7.9215e-07 5.78308e-06 -1.02473e-06 -0.000681326 -2.02388e-06 0.000745048 8.78632e-06 0.000782076 6.76796e-05 0.000750026 -0.000241435 -0.000424905 5.28961e-06 -9.62147e-07 1.55927e-05 -0.000213718 -0.00052791 3.84066e-05 -3.61102e-06 6.16358e-07 -0.00021495 -4.85018e-05 9.34027e-06 0.000166711 5.95267e-06 3.73612e-05 0.00076002 0.000685548 -0.000114246 -0.000193658 -5.06488e-05 -0.000652274 1.14972e-05 -6.5824e-05 3.92615e-06 -1.84863e-06 2.39554e-05 
8.47557e-05 -0.00334445 4.05097e-05 -3.76147e-06 -4.20992e-05 -0.00243238 -0.0012957 -0.0184744 -0.0174018 9.6182e-05 -0.00231477 -0.000932245 0.0011991 -0.00082271 0.000134793 -0.000181667 -0.000140487 0.000604021 0.0234956 0.000696058 0.00550601 -0.00241976 -0.0217004 -0.00108069 -0.0115286 -0.0185397 0.00110585 -0.00143154 -3.54647e-05 -0.0033679 -0.00540939 0.0206538 0.00300944 -0.0186329 -0.0193467 -0.00011353 -0.00104694 -0.00358657 -1.78478e-06 -0.0046982 -0.000534323 0.00937134 0.0216992 0.00220246 3.06068e-05 -0.0187005 -5.29299e-05 0.000370841 0.000549008 0.000114925 -0.000963364 0.0218183 0.000452131 0.012287 -4.31657e-05 0.00183166 -0.00454113 -0.000103769 -8.24151e-05 -0.000227941 0.000423054 0.0065709 0.00876712 1.8403e-05 0.000111343 -1.06835e-05 -0.0196592 0.000777194 0.0197474 -0.000213302 0.0201799 0.0095639 0.0202471 -0.00489673 -0.0100155 -0.000281833 -1.21985e-05 0.00582144 0.00129547 -0.0135396 0.015271 -0.00118432 -2.37765e-06 -0.0043899 -0.000715727 -0.000797796 0.000750554 -8.42057e-05 -0.000416692 0.020743 0.0165272 -0.00164435 -0.00933829 -0.000820495 -0.0192863 -1.2206e-05 -0.0017526 -8.2231e-05 0.000214875 0.000349037 
-2.9187e-05 -0.000629251 3.46044e-05 -2.82984e-06 -1.17916e-05 0.000542659 -0.000778626 -0.00816761 -0.0077154 0.00016551 0.00827321 0.00754815 0.000824786 -7.46054e-05 9.19129e-05 -7.44987e-05 0.00010732 -1.10104e-05 0.000696058 0.0105459 -9.29197e-05 0.0070859 -0.00250249 -0.00148768 -0.0056227 -0.00822161 0.000104705 -0.000213249 -2.85888e-06 0.00734801 -0.00150563 0.000516767 -0.00800775 -0.00800275 -0.00610768 -3.20464e-05 -0.000463671 0.00738653 -5.45783e-07 0.00707075 0.00486231 0.000553338 0.000301587 7.68436e-06 0.000205061 -0.00824279 -4.58312e-06 -3.24961e-05 -9.79625e-05 -2.25439e-05 0.00645685 0.000417084 3.68138e-05 0.000519226 -2.0599e-05 -1.27309e-05 0.00586991 -4.41704e-05 0.000173252 0.000566591 1.57286e-05 0.00673376 -0.000549359 5.01139e-06 -4.826e-06 3.99221e-06 -0.00675441 6.10347e-05 0.000415788 4.42395e-06 0.000272962 -0.000110773 -0.000166825 -0.00186011 -0.00331106 0.000121281 4.75061e-05 -3.58309e-05 0.00730817 -0.00587663 0.000238801 -0.000631151 4.58832e-05 -0.00717027 0.00517031 -0.000296041 -2.44961e-05 -3.59548e-05 0.00404681 0.000334889 0.000794067 0.00350712 -0.00308087 -0.000353247 -0.00838904 -1.2182e-05 -0.000498967 -2.20432e-05 -5.09236e-05 3.12435e-05 
-6.83327e-06 -0.00107273 -7.5252e-07 -1.89729e-06 -4.01028e-05 -0.000936803 -0.00053968 -0.00441981 -0.00451726 0.00150566 -0.00141289 -0.000987994 9.40097e-05 -0.000510318 -3.07496e-05 -9.01013e-05 -3.188e-05 5.48875e-05 0.00550601 -9.29197e-05 0.0127326 -0.000884122 -0.00585372 -0.00173599 -0.0045011 -0.006546 3.22878e-06 9.27695e-05 -1.84818e-05 -0.0015292 -0.00273803 0.00593096 0.000234089 -0.00398137 -0.00866349 0.000103159 -0.000265582 -0.0015668 -7.56246e-07 -0.00235229 -0.000304418 -0.00156036 0.00631373 0.000438597 2.15635e-06 -0.00444916 -1.41684e-05 -7.95145e-06 0.00268461 -6.84186e-06 0.001195 0.00603071 0.000341575 0.000268308 -2.28638e-05 0.000614621 -0.00229255 -5.84327e-05 -3.56311e-05 -5.19606e-05 -2.36478e-05 -0.000266374 0.0050439 7.59598e-05 2.66411e-05 -6.2005e-06 -0.00504608 0.000364705 0.00563533 -0.000451567 0.00474724 0.00453861 0.0056371 -0.00214427 -0.00410912 -0.000133293 1.19981e-05 0.0044811 0.00598956 -0.00429804 0.00547045 -0.000178553 5.16336e-06 -0.00412568 -0.000363321 -0.000309702 0.000108967 -7.93694e-05 -0.000432403 0.00649958 0.00159917 -0.000843792 -0.00330874 0.00107335 -0.00458634 0.000123396 -0.000678242 -3.20833e-05 -8.60401e-05 5.79608e-05 
-0.000126665 -0.00877318 -6.17085e-06 -2.98786e-05 -0.000186136 0.0263774 -0.0080037 -0.0816371 -0.0749403 -0.000488113 0.0713896 0.0767228 0.00125024 0.018435 -0.000246883 -0.000905599 0.00238993 -0.00012701 -0.00241976 0.0070859 -0.000884122 0.100956 -0.00687643 -0.015043 -0.0616227 -0.0801008 -0.000148563 0.00934353 4.35462e-05 0.0833159 0.0255935 -0.00265403 -0.0679306 -0.0564009 -0.0205687 0.000667358 -0.00489585 0.0787769 2.30868e-05 0.076572 0.0209526 -0.0131439 -0.00287559 -0.000290696 0.000568608 -0.0791001 -1.26087e-05 -0.000356171 -8.82495e-05 -0.000159387 0.0366021 -0.00421574 -8.83173e-06 -0.00532947 -3.04242e-05 0.000531333 0.0742198 -0.000622089 0.00217564 0.00657783 -0.000329242 0.0334164 -0.00477483 -4.05974e-06 3.53689e-06 0.000157376 -0.0629264 0.000120204 -0.00248468 0.0361266 -0.00633627 -0.000765249 0.0268561 -0.0118356 -0.0304556 0.00916965 0.000678026 -0.000660081 0.0804733 -0.0692029 -0.00214325 -0.00607618 5.47898e-05 -0.0770098 0.0216674 0.00334281 -6.38757e-05 -0.000577512 0.0289873 -0.00415305 -0.00239117 0.0307057 -0.0201735 0.000675809 -0.0834892 -0.000148198 -0.00462337 -0.000549684 -0.000370698 -0.000211386 
-0.000735001 0.00589109 -8.00268e-05 3.95081e-06 5.34215e-05 -0.000221725 -0.000384151 0.0355897 0.032275 -0.0014284 -0.00727388 -0.0110651 -0.00355764 -0.00147849 -0.00084674 0.000211503 -0.000362058 -0.000750648 -0.0217004 -0.00250249 -0.00585372 -0.00687643 0.050822 -0.00584152 0.0223525 0.0365987 -0.00145777 0.00104779 -0.000501989 -0.00608071 0.00393682 -0.0244008 0.0095315 0.0369988 0.0318235 0.000123681 0.00206393 -0.00524512 -1.11963e-05 -0.00317264 -0.00358042 -0.0184594 -0.0263554 -0.0022658 -0.000677848 0.0381022 -0.00223258 -0.00028318 -0.000653082 -0.00176158 -0.00412003 -0.0272283 -0.000761785 -0.0177573 1.16586e-05 -0.00352867 -0.00565447 -0.00127088 -0.000608895 -0.000696454 -0.00293995 -0.0172879 -0.00802922 -0.000149563 -0.000162385 -3.98907e-05 0.0368099 -0.00158719 -0.0229249 -0.00435351 -0.0280513 -0.0110181 -0.0283933 0.00942342 0.0162425 -0.00198253 -8.38931e-05 -0.00620147 -0.0112787 0.0253849 -0.0189894 0.00263142 -4.6396e-06 0.0158213 -0.00459571 -0.000108139 -0.00250506 -0.00319847 -0.0037342 -0.0241586 -0.0211347 -0.00481295 0.0122039 0.00118395 0.0364787 -0.000168754 -0.000220424 -0.000208269 -0.00522638 -0.000343425 
0.000591266 -0.0200956 -1.16684e-06 1.85035e-05 -0.000429434 -0.00289916 0.00213696 0.0177868 0.0192445 8.04508e-07 -0.0162511 -0.0160065 -0.000802712 -0.00611009 0.000601284 0.000205528 -0.000843561 1.95022e-05 -0.00108069 -0.00148768 -0.00173599 -0.015043 -0.00584152 0.122841 0.019183 0.0149699 -0.00020963 -0.00237658 0.000353012 -0.0210318 -0.0178678 -0.000153107 0.0102742 -0.0150271 -0.00769365 -0.000839296 -0.00551467 -0.0223339 -1.45339e-06 -0.0289797 -0.00337936 0.0208983 0.00108783 -0.000197275 -9.20287e-05 0.00740823 0.00196793 -0.000728277 -0.0016575 0.00149438 -0.00420744 0.00106861 -7.86894e-05 0.00828491 -0.000210796 -5.47167e-05 -0.013212 0.0013418 -0.000669444 -0.00130185 0.00252604 -0.00701856 -0.00757916 -0.000146277 -5.01936e-05 -5.52758e-05 0.0124021 0.000274972 -0.000127705 -0.00736122 0.00705984 -0.00145097 -0.00406981 -0.0241133 0.0164341 -0.00128749 -0.000142462 -0.000938428 -0.0229485 0.0244209 -0.0015881 -0.00722899 -1.66825e-05 0.0252029 -0.00464816 -0.00258327 0.0010864 0.00280831 -0.00487656 -0.00174361 0.000628924 -0.0100149 -0.00326541 -0.00175768 0.0133004 -0.000258117 -0.00927236 0.000479619 0.00277462 -0.000187752 
-0.00112564 0.0155196 3.52027e-05 1.64421e-05 -0.00128019 -0.0301162 0.0282266 0.113048 0.130871 0.0040641 -0.0682437 -0.07474 -0.00298421 -0.0258178 0.000848743 -0.000776144 -0.00357755 -0.000674667 -0.0115286 -0.0056227 -0.0045011 -0.0616227 0.0223525 0.019183 0.240584 0.104848 -0.000882933 0.00698668 -0.000672697 -0.0905404 -0.121839 -0.0134006 0.0728058 0.0483117 0.00491804 0.00101962 -0.00225118 -0.0926794 -2.71382e-05 -0.119026 -0.0141874 0.0369834 -0.0155134 -0.00127537 -0.00040799 0.0990252 -0.00209423 -0.00223922 -0.00218775 -0.001128 -0.0338362 -0.0202674 -0.000515174 0.0029732 -0.000429785 -0.0034266 -0.0927418 -0.00114858 -0.00272878 -0.00591635 -0.001057 -0.0308049 -0.0180732 -0.000159753 -2.19079e-05 -6.87267e-05 0.0814396 -0.00126 -0.0133446 -0.0449744 -0.00607701 -0.00715244 -0.0439002 -0.0244494 0.0201396 -0.00716207 -0.000598586 -0.00392076 -0.0883117 0.0234177 -0.0103246 0.00352302 -4.88085e-05 0.124742 -0.0194758 -0.0156761 -0.00169578 0.00141241 -0.0199372 -0.0156458 -0.0110214 -0.017449 0.0730759 -0.000781742 0.0953863 -0.00109177 -0.035967 -0.000531638 -0.0010447 0.000245528 
-0.00063634 0.0194213 -7.14367e-05 5.55429e-05 -0.000351036 -0.0141348 0.0125315 0.142642 0.131871 -0.00555587 -0.0927319 -0.100195 -0.00480164 -0.0324668 -0.000633792 0.00145833 -0.00464516 -0.000612285 -0.0185397 -0.00822161 -0.006546 -0.0801008 0.0365987 0.0149699 0.104848 0.164472 -0.0013205 -0.0212692 -0.00103073 -0.117239 -0.0411524 -0.0204389 0.100474 0.101247 0.0463639 -0.000125884 0.00623529 -0.112415 -1.39581e-05 -0.107105 -0.0185536 -0.00760506 -0.0232873 -0.00193103 -0.000634807 0.138979 -0.00303226 -0.000911877 -0.00180823 -0.00152317 -0.0343274 -0.0222365 -0.00070084 -0.0224317 -0.000498862 -0.0100783 -0.0850834 -0.00280211 -0.00380427 -0.00784372 -0.00320895 -0.0441809 -0.0024642 -0.000638187 -0.00010589 -6.83545e-05 0.112841 -0.00166166 -0.0193106 -0.0587051 -0.0295928 -0.00967237 -0.0602401 0.0197241 0.0604414 -0.0115505 -0.000789708 -0.00522348 -0.120124 0.0729743 -0.0159059 0.00647349 -9.50255e-05 0.117232 -0.0258806 -0.00891948 -0.0022977 -0.000937038 -0.0269731 -0.0193845 -0.0184512 -0.0292528 0.0380626 0.00375934 0.125059 -0.00102528 -0.0179244 -5.0681e-05 -0.00209662 -0.000552813 
5.23241e-05 -0.000218755 -1.08375e-07 3.71327e-07 1.11995e-05 -0.000172032 -0.000128381 -0.0013369 -0.00125978 -2.38012e-05 0.000186117 0.000379075 9.93564e-05 0.000229492 -9.8132e-07 -1.34448e-05 -8.9145e-06 0.0001927 0.00110585 0.000104705 3.22878e-06 -0.000148563 -0.00145777 -0.00020963 -0.000882933 -0.0013205 0.00166866 -0.00013923 -9.32688e-07 0.000185206 -0.000314389 0.00112905 -0.000149427 -0.00130642 -0.000918325 -5.6234e-06 -7.36883e-05 0.000105145 -1.23911e-07 2.04957e-05 -4.02928e-05 0.00071668 0.0012033 0.000106201 1.55885e-06 -0.0013392 2.68726e-05 3.22552e-05 -1.63652e-05 1.72248e-05 -8.80973e-05 0.00118028 5.70839e-06 0.000889673 -3.75859e-07 7.7795e-05 2.25008e-06 -9.79459e-06 1.80507e-06 -1.04159e-05 1.56601e-05 0.000732643 0.000201015 -5.26933e-07 -7.67812e-07 -1.10582e-06 -0.00139756 2.46546e-05 0.00091182 -3.77833e-05 0.00119265 0.000400994 0.00111693 -0.000316307 -0.000691711 0.000173043 5.5578e-06 3.53481e-05 8.0068e-05 -0.00106188 0.000370421 -7.32139e-05 2.22289e-07 -0.000381846 0.000203741 -1.24965e-05 4.65437e-05 -4.95526e-06 -3.21947e-05 0.00101788 0.00113016 -1.91654e-05 -0.000384472 -5.80614e-05 -0.00138191 -2.47026e-06 3.97962e-05 -8.52706e-06 1.10213e-05 1.73942e-05 
-8.25597e-05 0.00521467 3.85014e-05 -2.59867e-05 -0.000282865 0.013269 0.00461324 -0.00651813 -0.00318555 0.0105168 0.0110232 0.00259828 -0.00022038 0.006256 0.000870795 0.00025265 -0.000420012 -0.000139702 -0.00143154 -0.000213249 9.27695e-05 0.00934353 0.00104779 -0.00237658 0.00698668 -0.0212692 -0.00013923 0.0831457 7.71179e-05 0.00830129 -0.00687515 -0.00231014 -0.0183071 -0.0272594 -0.0397119 0.000148258 -0.00345876 0.00525847 5.20406e-06 0.00319934 0.000672424 0.0192011 -0.00243289 -0.000149038 4.82365e-05 -0.00936605 -0.000205947 -6.01274e-05 -3.34088e-06 -0.000132729 0.00299687 -0.00305091 -5.00661e-05 0.0167996 3.44696e-08 0.00223633 6.14911e-05 0.00123885 -0.000434028 0.000270639 0.000283449 -0.00152688 -0.00346208 0.000499945 -3.02676e-05 0.000225717 -0.0057117 -9.07754e-05 -0.00216827 0.0111137 0.0092083 -0.00107862 0.00210364 0.00225179 -0.0223213 0.00116347 1.30603e-05 -0.00060393 0.00973847 -0.00695875 -0.00183197 -0.00455766 1.79468e-05 -0.00505739 -0.00240626 -0.00192561 -0.000264252 0.00185109 0.00160984 -0.00333838 -0.00152369 -0.000935367 -0.0297527 0.00115741 -0.00723009 -9.55514e-05 -0.00467299 -0.000124065 0.000116519 0.000641963 
0.000199756 -0.000201623 2.55637e-06 -4.57109e-07 2.39695e-05 -0.000139873 0.000244641 -0.00102104 -0.000807074 -1.14076e-05 6.08065e-05 -0.000101154 -6.0416e-06 0.000322023 2.8929e-05 -1.07683e-05 1.14151e-05 8.88555e-06 -3.54647e-05 -2.85888e-06 -1.84818e-05 4.35462e-05 -0.000501989 0.000353012 -0.000672697 -0.00103073 -9.32688e-07 7.71179e-05 0.00150634 0.000471112 0.000496017 -3.68465e-05 -0.000813107 -0.000457706 -0.000504543 -4.1011e-06 0.000122883 0.000425976 -8.96161e-08 0.000436321 9.49067e-05 0.000194255 -4.29562e-05 8.83042e-06 7.30279e-06 -0.00103242 0.000377215 1.10787e-05 -1.64624e-05 0.000469345 0.000153603 -5.63359e-05 -1.33626e-06 3.9338e-05 -3.18736e-06 4.62241e-05 0.000538235 0.000342338 -2.82187e-07 4.22441e-05 0.000390586 -6.06796e-05 -7.67327e-05 -1.22564e-06 -4.29873e-07 8.15748e-06 -0.000609445 6.60227e-05 -3.56235e-05 0.000376176 0.000310328 -1.72249e-05 4.46065e-05 -0.000278092 -0.000440863 6.16546e-06 -9.54569e-07 -9.98516e-06 8.01862e-05 0.000239987 -2.98358e-05 -5.03572e-05 -2.00511e-07 -0.000761921 -3.23608e-05 0.000300841 3.16097e-05 8.29812e-05 -3.63998e-06 -5.68191e-05 -3.16858e-05 -0.000108807 0.00055995 -3.70128e-05 -0.000509847 7.70186e-05 0.000377183 0.000143511 0.000426696 3.49675e-06 
-0.000220606 -0.0116633 -1.25705e-05 -4.019e-05 0.000302752 0.0186648 -0.012451 -0.117301 -0.109315 -0.00197937 0.0962818 0.100825 0.00297867 0.0341403 -0.000345461 -0.00121921 0.00441881 -0.000178532 -0.0033679 0.00734801 -0.0015292 0.0833159 -0.00608071 -0.0210318 -0.0905404 -0.117239 0.000185206 0.00830129 0.000471112 0.129076 0.0501598 -0.00370251 -0.0883222 -0.0675212 -0.00700075 0.000192054 -0.005554 0.118224 -6.19857e-06 0.113349 0.0191983 -0.01785 -0.00381826 -0.000387668 0.000402739 -0.110275 0.0007256 0.000425279 -0.00129091 -0.000298864 0.0330159 -0.00528805 1.39025e-05 -0.00716842 0.000553511 0.00448972 0.0883161 0.000157192 0.00368465 0.00746741 -0.000302321 0.035772 -0.00725971 0.000152499 -3.46167e-05 -2.47106e-05 -0.0882136 -2.79758e-05 -0.00342843 0.0582361 -0.00788863 -0.00112724 0.0354293 -0.00946822 -0.0440995 0.0108254 0.000810846 -0.00094739 0.116061 -0.0625534 -0.00274045 -0.00422342 7.40853e-05 -0.112399 0.0271452 0.00748958 8.91832e-05 -0.000854346 0.0275139 -0.00521783 -0.00217383 0.030671 -0.0204765 -0.0043831 -0.101723 8.18299e-05 0.0172655 -0.000323857 -0.00113868 -0.000272404 
-0.000463031 -0.0158848 -2.44375e-05 5.59505e-06 0.000952428 -0.00324059 -0.0184553 -0.0536249 -0.0741233 -0.00353603 0.0259876 0.0324849 -0.000564185 0.024905 -0.00058857 -0.000944502 0.00148025 -0.000188884 -0.00540939 -0.00150563 -0.00273803 0.0255935 0.00393682 -0.0178678 -0.121839 -0.0411524 -0.000314389 -0.00687515 0.000496017 0.0501598 0.181263 -0.00604895 -0.0253804 0.00981518 0.0165704 -0.00112727 0.00331701 0.0589364 4.83602e-06 0.0873828 0.00496784 -0.0398703 -0.00699681 -0.000626709 3.38682e-05 -0.0432775 -8.1339e-05 0.00152091 -0.00186724 -0.000335508 0.0155066 -0.00216379 -0.000175453 -0.0111682 0.000416521 -0.00168051 0.0308694 -0.000203317 0.00228107 0.00232587 -0.000879507 0.00102031 0.00421427 7.96846e-05 -6.88593e-05 -0.000133708 -0.036561 0.00022055 -0.00568746 0.0313133 -0.0142993 -0.00262878 0.0148869 0.0301907 0.0232784 -0.000402015 0.000143657 -0.00138392 0.039133 0.0023485 -0.00471922 -0.00323473 -1.75427e-05 -0.0863633 0.00329934 0.00156582 -0.000674872 -0.00146129 0.00527671 -0.00811752 -0.00546199 -0.00495538 -0.0488355 -0.00265176 -0.0331389 0.00128128 0.0348222 0.000405936 -0.00230696 -0.000367003 
-1.9509e-05 -0.00368603 -2.8331e-06 -7.85799e-06 -7.25629e-05 -0.00294853 -0.00182872 -0.0207306 -0.0194801 -0.000305033 -0.00311792 -0.000761733 0.00173563 -0.000943231 -5.80065e-05 -0.000204941 -0.000157381 0.000734776 0.0206538 0.000516767 0.00593096 -0.00265403 -0.0244008 -0.000153107 -0.0134006 -0.0204389 0.00112905 -0.00231014 -3.68465e-05 -0.00370251 -0.00604895 0.0252614 0.00383989 -0.0203962 -0.0214862 -0.000142227 -0.0011308 -0.00409007 -1.92257e-06 -0.00530569 -0.000626639 0.01147 0.0243405 0.00146253 7.87959e-06 -0.0209088 -9.80123e-05 0.00027713 0.00065627 0.000225977 -0.000753326 0.024775 0.000685951 0.013925 -4.78149e-05 0.00211822 -0.00501719 -0.000172694 -0.000158974 -0.000250714 1.52782e-05 0.00805459 0.00811526 7.60353e-06 0.000132469 -1.44687e-05 -0.0221129 0.000948903 0.0226048 5.05004e-05 0.0226919 0.0101678 0.0229568 -0.00537805 -0.0108382 -0.000214975 -1.5242e-05 0.00578715 0.00140172 -0.0151534 0.0188355 -0.00142087 -3.44691e-06 -0.00482414 -0.00084606 -0.00086471 0.000955592 -3.9367e-05 -0.000714452 0.0241861 0.019697 -0.00190469 -0.0101848 -0.000899821 -0.0215253 -2.23894e-05 -0.0018924 -9.64886e-05 0.000476412 0.000192488 
-5.60264e-05 0.0134746 -8.13443e-05 2.52302e-05 -2.32498e-05 -0.0219659 0.00943349 0.0914859 0.0848053 -0.00644039 -0.0874059 -0.0827564 -0.0026246 -0.0128466 -0.00094701 0.000505879 -0.00483636 0.000192881 0.00300944 -0.00800775 0.000234089 -0.0679306 0.0095315 0.0102742 0.0728058 0.100474 -0.000149427 -0.0183071 -0.000813107 -0.0883222 -0.0253804 0.00383989 0.128684 0.0793678 0.023216 -0.000322113 0.00128304 -0.0878283 -2.38877e-05 -0.0896572 -0.0199742 -0.000358695 0.00317367 0.000268047 -0.000656533 0.0847316 -0.00289329 0.000605232 -0.000478662 -0.00112959 -0.0336814 0.00430929 3.2609e-05 -0.00626256 -0.00025868 -0.00782251 -0.0818761 -0.00237751 -0.00100726 -0.00813325 -0.00182219 -0.0351328 0.00639366 -0.000545508 4.20535e-05 -0.000123251 0.0589413 -0.000716622 0.00356693 -0.0360758 -0.00172074 0.00148229 -0.0117486 0.0147382 0.031046 -0.00892242 -0.000708019 0.000928368 -0.0899797 0.0409338 0.00268854 0.00628285 -9.99603e-05 0.0872903 -0.0263626 -0.0105207 -0.000271352 -0.00202249 -0.0279659 0.00581396 0.00118926 -0.0358529 0.031155 -0.000896595 0.0756794 -0.00125637 -0.0248104 -0.00067668 -0.0019296 -0.000137332 
