0.022495 2.29683e-05 5.66773e-05 -0.000100789 0.0087153 0.0103272 -0.0165359 -0.00372033 0.00138098 -0.00242488 -1.99901e-06 0.0164911 0.00659958 -0.000330471 -0.0111533 -0.0025664 -3.35659e-05 -0.00152745 0.000311256 -0.018212 -6.22295e-06 6.61278e-06 -0.0173989 2.02504e-05 -3.0785e-05 -0.000161477 0.00473011 2.46503e-05 -0.000161014 0.0177112 -3.88951e-05 -0.000208747 0.000308651 -0.00110002 -0.00461867 -0.000870756 -9.51676e-05 0.001093 -0.000214533 -0.000294553 0.00823775 -0.00219801 -0.0177797 0.000963228 -0.00266048 0.000653709 -0.00027869 -0.0182213 2.61628e-05 -6.22126e-06 -0.00828405 0.000269513 -0.000404469 0.000170552 2.97557e-05 -0.00378725 0.000601649 0.000200502 3.4718e-05 0.0127104 -0.00182008 0.000158004 1.75189e-05 2.40595e-06 0.00104193 3.54661e-05 -0.00236033 -7.88102e-05 4.6585e-07 -0.0025079 -2.10233e-05 5.99293e-06 0.00525975 -0.00465762 9.12876e-06 -0.0181053 3.0356e-05 0.00323929 -5.64553e-05 -0.000328684 -0.0178488 -0.00645846 -0.00636054 0.013136 -0.0151259 -8.16868e-05 -0.00226562 0.000439871 -3.15982e-05 0.00671657 0.00126968 -0.00338604 0.0152947 0.00277391 0.0107243 0.00827944 0.016426 0.0174334 0.000574143 -0.000138859 
2.29683e-05 0.000407045 -3.07e-07 -3.73694e-06 3.3927e-05 4.69216e-05 -0.000193747 -3.28686e-05 1.26403e-06 2.61941e-05 -1.33606e-07 3.69823e-05 0.000127699 -7.81991e-07 -0.000143788 -4.01967e-05 -4.97978e-07 -5.81537e-06 6.49885e-05 -0.000155528 -1.58396e-07 -5.95116e-08 -0.000192312 -4.28036e-07 5.11443e-06 3.81136e-05 3.38659e-05 1.20702e-06 9.98595e-06 9.1965e-05 -1.09172e-06 -1.76704e-06 -2.02165e-06 4.79887e-06 -1.32455e-05 3.74959e-05 5.28716e-06 7.6819e-06 -3.35304e-06 -7.9284e-06 -4.47471e-06 -5.43884e-05 -0.000208444 -3.28869e-06 7.50056e-06 -1.60842e-06 1.01313e-05 -0.00013831 -3.6773e-07 -6.06202e-07 -1.63197e-05 1.69136e-05 -5.48216e-06 3.02277e-05 -8.32644e-07 -6.38213e-05 -3.76193e-07 1.88454e-05 4.36964e-06 -7.7129e-06 -3.94473e-05 -6.37371e-07 -1.74752e-07 -8.71432e-08 -6.18272e-06 4.63082e-06 6.94801e-06 1.65783e-06 -3.45994e-08 1.55264e-05 5.26882e-08 4.73102e-05 4.64941e-06 5.20176e-05 2.18741e-05 -0.000143755 -1.22611e-07 3.96583e-06 -6.22759e-07 -9.65278e-06 -0.000157575 -8.80197e-05 -2.92698e-05 1.2928e-05 -0.00011014 -1.25846e-06 -1.80709e-05 7.11642e-05 -1.42776e-08 9.24858e-05 0.000106927 -3.2224e-05 8.96264e-05 1.09152e-05 -2.53666e-05 0.000101062 0.000151148 0.000102167 -1.77068e-05 -2.3893e-06 
5.66773e-05 -3.07e-07 0.00184194 -1.64568e-05 0.000785236 0.000609447 3.87439e-05 -0.000250634 -8.6003e-06 -0.000423994 -6.05458e-07 -2.10166e-05 6.89016e-06 -1.21005e-05 -0.000659306 -0.000189661 3.37202e-06 -6.99927e-05 -6.14037e-05 -0.000595648 -7.17798e-07 -2.58576e-07 -0.000596062 -2.11623e-06 3.43589e-05 0.000641582 4.98504e-05 1.51553e-05 -1.57611e-05 0.000591986 -1.35602e-06 -1.637e-05 -1.72452e-05 0.000583298 -4.12872e-05 -7.23667e-05 5.04548e-05 2.9523e-05 0.000514659 -3.54009e-05 6.39869e-06 -0.00018681 -0.000875612 3.81841e-06 3.73915e-06 3.56216e-05 -1.01881e-05 -0.000644479 8.07802e-06 -1.83599e-06 -0.000462179 -8.46379e-07 -2.97499e-05 5.42747e-05 0.000227243 -0.00028829 1.29709e-05 -3.561e-05 1.0622e-05 0.000588761 8.12248e-05 1.04701e-05 2.74747e-07 -2.6157e-07 -3.54011e-05 -3.13504e-07 -0.000199291 -1.3118e-06 -1.56793e-07 -0.000237505 3.67016e-05 -2.01052e-06 1.51524e-05 -0.000363629 -1.15271e-06 -0.000613745 4.88881e-06 -6.62717e-06 -4.99078e-06 2.62506e-05 -0.000634336 -0.000239736 -0.000116953 0.000537807 -0.000561226 6.81605e-06 -0.000151464 -1.38342e-05 1.72177e-05 0.000456684 0.000136249 -0.000147131 0.0004937 -4.51271e-06 0.000485871 -0.000354485 0.000361439 2.04902e-05 -0.000152445 -9.15256e-06 
-0.000100789 -3.73694e-06 -1.64568e-05 0.00909268 -0.00351516 -0.00107507 -0.00397909 -0.00679613 0.000407132 -0.00156292 5.87795e-06 -0.00100413 -0.00147478 -0.000144752 -0.00387976 0.00535875 7.66827e-05 -0.000605031 -0.000135537 0.00110229 1.29637e-05 1.32588e-05 0.00123804 -3.94629e-06 2.22531e-05 -0.000392249 0.000226527 5.65027e-05 8.36398e-05 -0.00162133 0.000121121 0.000852262 0.000565234 -0.000575828 -0.00157632 0.000411321 0.000191774 0.000369366 -0.00072997 2.97929e-05 6.80712e-05 -0.00328293 0.00146135 0.000480513 -0.000859858 0.000320252 -8.14118e-05 0.00132346 -7.26493e-06 0.000566816 0.00356033 2.57083e-05 0.00109394 -6.50639e-05 -4.11754e-05 0.00542399 0.000130568 -0.000293351 -3.43667e-06 -0.000164164 -0.000115634 -2.98887e-05 0.000177451 3.67473e-05 -0.000206921 2.22984e-06 -0.000960856 -1.30769e-05 5.51425e-05 -0.00114195 -5.27553e-06 5.20067e-06 0.000451391 0.000642625 5.83485e-06 0.000667429 2.20813e-05 -0.000165553 -9.81677e-06 -0.00014277 0.00144839 9.59893e-05 -0.00173735 -0.00141305 -0.000794429 0.000147968 0.00651366 -7.8017e-05 2.59138e-05 -0.00171313 -0.000199875 0.00506513 -0.00140936 0.000326327 -0.000735789 -0.00184337 -0.00164471 -0.00141539 -0.000657891 4.37626e-05 
0.0087153 3.3927e-05 0.000785236 -0.00351516 0.24494 0.0624408 -0.0765602 0.00994566 -0.00113059 0.0191708 -0.000129778 0.0744599 0.089271 -0.00660048 -0.0573539 -0.0377385 0.000579991 -0.00360924 0.0260142 -0.0997477 -0.000151598 -1.36877e-05 -0.0972123 -0.000120912 -0.00138634 0.0221163 0.00155835 -0.000276893 0.00674963 0.0965643 -0.00044094 -0.00387795 -0.00363048 0.0351526 -0.024362 -0.0107926 -0.0014672 -0.00011333 0.0429581 -0.00191954 0.0170318 0.00586851 -0.096969 -0.00395705 -0.0232234 -0.00115633 0.00467528 -0.0955074 -4.76755e-05 -0.000505652 -0.0594087 -1.73072e-06 0.000551277 -0.000113851 0.000441521 -0.0227686 0.000743501 0.0157909 -8.30597e-06 0.0188849 0.0383023 0.00129469 -0.000135502 -6.43888e-05 0.00299256 3.83957e-05 -0.0360439 -0.00114696 -3.45728e-05 -0.109909 -0.000380493 8.62043e-05 0.00215085 -0.0644088 -0.000197338 -0.0974052 -1.35765e-05 -0.00108577 -0.00061632 8.4671e-05 -0.0985263 -0.0338447 -0.0771989 0.0916981 -0.093269 0.00013297 -0.0410856 0.00510938 -0.000180061 0.103239 0.0212065 -0.0525081 0.0803452 0.000612537 0.0412967 0.0810394 0.0939761 0.0914588 -0.0141264 -0.00250838 
0.0103272 4.69216e-05 0.000609447 -0.00107507 0.0624408 0.105106 -0.0849804 -0.0261391 0.000495527 0.00067007 -3.60143e-05 0.0585476 0.0756079 -0.00156924 -0.059099 -0.0135444 -9.65266e-05 -0.00725151 0.0137986 -0.0947594 -4.53467e-05 4.00799e-05 -0.0935436 -0.00014686 -0.000647893 0.0345306 0.00442386 -7.07252e-05 0.000433122 0.094855 -0.000313881 -0.00110623 -0.00124755 0.0329457 -0.0240556 -0.00475346 0.000723262 0.00064269 0.0495539 -0.00174309 0.0122009 -0.00399582 -0.0930432 -0.000683602 -0.0138809 -0.000271859 0.00140398 -0.0942594 7.02662e-05 -0.000163394 -0.0425537 0.000272846 -0.00270287 0.00217239 0.000405539 -0.0195589 0.000314809 0.00329749 0.000182681 0.0314491 -0.0112963 0.000376095 -1.65168e-06 -2.52075e-05 -0.000858057 -1.91096e-05 -0.0130522 -0.000317827 -9.82965e-06 -0.0327378 -0.000213799 1.51096e-05 0.00401416 -0.0245956 4.11766e-05 -0.0942893 8.35415e-05 -0.00269347 -0.000329367 -0.00277235 -0.0936138 -0.0345457 -0.0393446 0.0888653 -0.0796915 -0.000333358 -0.012021 0.00221875 -8.17685e-05 0.0838816 0.0227554 -0.0173853 0.089042 0.000306078 0.0316581 0.0637433 0.0899784 0.0819103 -0.00820039 -0.00068908 
-0.0165359 -0.000193747 3.87439e-05 -0.00397909 -0.0765602 -0.0849804 0.184455 0.0521082 -0.00373395 -0.0178762 -0.000111194 -0.107207 -0.120631 -4.74837e-05 0.101932 0.0110738 -0.000440805 0.0153345 -0.0348005 0.141633 -0.000191129 -6.08099e-05 0.142249 -0.000659058 0.000482317 -0.0293051 -0.00789127 3.38513e-05 -0.0100069 -0.130348 4.6269e-05 -0.00223224 -0.0015044 -0.0464364 0.0215803 -0.013295 0.00173911 -0.00362056 -0.0558009 0.000703585 -0.0304477 0.0125419 0.138059 -0.00210232 0.0127921 -0.0021208 -0.00197831 0.136712 -3.34169e-05 -0.000785513 0.0455017 -0.000614257 0.00305775 -0.000153564 0.000704374 0.0196789 -0.00223821 -0.0229337 -0.000181718 -0.0351045 0.0188902 -0.00125175 -0.000266207 -0.000100165 -0.0115885 -0.000115872 0.0226046 -0.000300089 -5.8514e-05 0.0431333 7.86599e-05 -0.000564078 -0.00669187 0.0145458 -0.000368756 0.143982 -0.000219581 0.00268273 0.000618199 0.00635263 0.138481 0.0649449 0.0702747 -0.129788 0.116036 0.000332748 0.00989465 -0.00708891 -0.000605514 -0.125348 -0.0247123 0.0176895 -0.113661 -0.00308857 -0.0628706 -0.108863 -0.131836 -0.132109 0.0155497 9.02573e-05 
-0.00372033 -3.28686e-05 -0.000250634 -0.00679613 0.00994566 -0.0261391 0.0521082 0.164398 -0.00343497 0.0313284 -0.000218645 -0.0316684 -0.0335054 0.00193113 0.0552158 -0.00913558 -0.00013179 0.00181903 -0.0255695 0.044326 -0.00027504 -6.52086e-05 0.0416555 -0.000570665 -0.00129125 -0.0154854 -0.00431265 -5.1595e-05 -0.000671399 -0.043883 -0.000891994 -0.00670101 -0.00617574 -0.0260349 0.0215321 -0.00267779 -0.0051166 -0.00341183 -0.0217796 0.0018813 -0.0118823 0.0196163 0.0410246 -0.00209989 0.0118082 -0.00182394 -9.99608e-05 0.0440092 -0.000309444 -0.000982606 0.0127779 -0.000629694 -0.00441268 -0.00440065 -0.000970105 -0.0201168 -0.001737 -0.00687506 -0.000220974 -0.0193076 0.0141277 0.000209183 -0.000295508 -0.000141023 -0.00144555 -6.46124e-06 -0.016845 -0.000190047 -5.97649e-05 0.0124756 0.000181347 -6.84023e-05 -0.00199115 -0.00816264 -0.000142323 0.0471106 -0.000198967 0.0034707 -0.000394775 0.00312849 0.0450162 -0.000127037 0.0105432 -0.0419326 0.057751 -0.000175003 -0.0422387 -6.40978e-05 -0.000777909 -0.0327958 -0.00525733 -0.0340273 -0.039726 -0.00254207 -0.0389063 -0.0405357 -0.0378899 -0.0359363 -0.0102737 -0.000376742 
0.00138098 1.26403e-06 -8.6003e-06 0.000407132 -0.00113059 0.000495527 -0.00373395 -0.00343497 0.00510983 -0.00336537 1.20815e-05 0.00332358 -0.000153823 -6.1038e-05 -0.0019483 -0.000474168 -8.17863e-06 -0.000361091 0.000449141 -0.00401463 3.32021e-05 9.27149e-07 -0.0034878 7.68659e-05 4.78715e-06 0.00031852 0.00384221 8.57867e-05 0.00120926 0.00277908 1.00243e-05 -1.86584e-05 0.0014583 0.000587114 -0.000974299 -0.00020819 -5.11621e-05 0.00301346 -9.58462e-06 -0.000106963 0.00369319 -0.00418879 -0.00372592 0.00331406 -0.000584246 0.00240865 -0.00010156 -0.00400867 6.12173e-05 7.03872e-05 -0.00184564 0.000116417 -7.77073e-05 0.000112058 0.000121826 -0.000830847 0.000291004 -0.000143583 2.55363e-05 0.00371001 -2.50667e-05 1.25568e-05 4.71958e-05 0.000130456 -9.3133e-05 2.66075e-06 -0.00031808 -1.00075e-05 3.79747e-05 0.00242169 3.59376e-06 0.000134621 0.00210448 -0.00106195 4.04298e-05 -0.00391472 0.000129976 0.00222258 -1.12049e-05 -0.0001245 -0.00387671 -0.00144049 -0.00143773 0.00157134 -0.0030984 -1.72657e-05 -0.000466345 -1.89818e-05 0.000247157 -0.000249157 -9.89164e-05 -0.000666636 0.000439915 0.00220609 0.000808559 0.00103968 0.000448728 0.0026319 0.000812722 -3.01244e-05 
-0.00242488 2.61941e-05 -0.000423994 -0.00156292 0.0191708 0.00067007 -0.0178762 0.0313284 -0.00336537 0.204598 5.64063e-05 0.00331173 0.0217344 0.00228416 -0.0669081 0.0135939 -0.00022267 -0.0241255 0.000101398 -0.00716759 -0.000249182 -5.69121e-05 -0.0100265 0.000336875 -0.000927674 -0.00864277 -0.00596137 -0.000178871 0.00188771 0.00173817 -0.0012462 -0.00417779 -0.00221491 -0.0012196 0.0444474 0.00889062 -0.00894193 -0.00309617 -0.0031858 -0.0113613 -0.00519569 0.0114268 -0.0120098 -0.00149792 0.0234636 -0.00265522 0.000751617 -0.00144595 -0.000457173 -0.000843011 0.0433959 -0.000547166 -0.0045222 -0.00329846 -0.00286782 -0.0118708 -0.00296373 0.00558712 -0.000222139 -0.0123687 0.0186294 -0.000670553 -0.000224057 -0.000131043 0.00762794 -2.25993e-05 -0.0627316 -0.000420254 -4.10988e-05 0.0101334 0.00045913 0.000120906 -0.00424866 0.0487049 0.000102662 -0.00741454 -0.000148141 -0.0210627 -0.00132493 -0.00865287 -0.00081948 -0.114351 -0.044329 0.0111411 0.0376108 -0.000975644 -0.000808936 0.00126186 -0.000739425 0.0208393 -0.00704314 -0.0258913 0.00580128 -0.00470776 -0.00312475 -0.0161229 0.0139297 0.0119468 -0.0521329 -0.000641905 
-1.99901e-06 -1.33606e-07 -6.05458e-07 5.87795e-06 -0.000129778 -3.60143e-05 -0.000111194 -0.000218645 1.20815e-05 5.64063e-05 0.000327992 -4.35009e-05 -4.97889e-05 -5.17563e-07 -0.000136898 0.000195576 2.95026e-06 -1.13356e-05 -1.58294e-05 3.95635e-05 8.72376e-07 -4.795e-08 3.01366e-05 2.09334e-06 2.38394e-07 -1.37331e-05 2.00751e-06 5.49895e-08 7.73033e-06 -4.84161e-05 1.89954e-05 3.47929e-05 2.6696e-05 -1.55472e-05 3.92439e-05 8.33362e-05 -5.19384e-06 1.38199e-05 -2.52674e-05 -2.35066e-06 -8.15712e-06 -0.00016122 2.65458e-05 4.02653e-06 -2.5024e-05 1.2275e-05 -7.18819e-06 4.47117e-05 -9.62889e-08 2.81157e-06 0.00018314 -3.38162e-07 5.60952e-05 -2.58136e-06 -1.53927e-06 0.000207973 -4.71317e-07 -1.84625e-06 2.18709e-07 1.41897e-06 9.88719e-07 -1.30327e-06 6.00364e-06 5.69645e-06 -1.23344e-07 2.20372e-08 -3.52375e-05 7.62937e-06 -2.78776e-08 -7.32682e-05 5.46634e-07 -6.77809e-07 -2.47972e-06 0.000107862 -1.08901e-07 4.79544e-06 1.85676e-06 -1.23283e-05 -9.42921e-07 -8.61108e-06 2.81516e-05 -7.95445e-05 -5.43008e-05 -3.72865e-05 -0.000105603 2.50666e-06 0.000132308 -1.94645e-06 1.54087e-06 -4.42345e-05 -1.53835e-05 5.03372e-05 -4.57453e-05 -9.95624e-07 -1.34747e-05 -6.14884e-05 -5.41741e-05 -4.53035e-05 -2.67177e-05 6.63659e-06 
0.0164911 3.69823e-05 -2.10166e-05 -0.00100413 0.0744599 0.0585476 -0.107207 -0.0316684 0.00332358 0.00331173 -4.35009e-05 0.127944 0.0991043 -0.00239585 -0.0700939 -0.0165792 -4.61698e-06 -0.00864841 0.0266126 -0.115997 -2.48156e-05 -8.21436e-06 -0.114434 -2.12563e-05 -0.000728793 0.00978789 0.00542914 -3.61092e-05 0.00840284 0.107746 -0.000271158 -0.00141158 -0.000372988 0.0345049 -0.0305421 -0.00595853 -0.00228746 0.00373276 0.0438732 4.76193e-05 0.0257821 -0.000649722 -0.112092 0.00122788 -0.0174075 0.0022882 -0.00165857 -0.114545 5.45039e-05 -0.000193878 -0.0539968 7.52352e-05 -0.00302822 -0.00104593 0.000582525 -0.0241771 0.000946025 0.0150919 -5.28129e-05 0.0233774 -0.0137786 0.000923457 -2.80661e-05 4.92087e-05 0.00765899 7.86422e-05 -0.0154419 -0.000514531 -5.32111e-06 -0.0366386 -0.000273986 -0.000164898 0.00579633 -0.03068 -6.72866e-05 -0.11509 0.000128333 -0.000297339 -0.000332864 -0.00389747 -0.115481 -0.039866 -0.0489662 0.107337 -0.0988037 -0.000483048 -0.0150379 0.00540682 7.41091e-05 0.101718 0.0168125 -0.022033 0.0909374 0.00190538 0.0559795 0.100882 0.104726 0.111837 -0.00763499 -0.000908569 
0.00659958 0.000127699 6.89016e-06 -0.00147478 0.089271 0.0756079 -0.120631 -0.0335054 -0.000153823 0.0217344 -4.97889e-05 0.0991043 0.137519 -0.00260526 -0.0820193 -0.0181551 0.000311684 -0.0109334 0.0352507 -0.130477 -5.73993e-05 7.4198e-06 -0.129884 -1.41606e-05 -0.000766616 0.0243426 -0.000207723 -0.000121351 0.010016 0.120748 -0.000451171 -0.00132871 -0.0017489 0.0487402 -0.0330089 -0.00498114 -0.00165805 0.000387693 0.05741 -9.19548e-05 0.0176686 0.000897986 -0.126796 -0.00177748 -0.0191035 -0.000191419 0.00163963 -0.126515 4.83172e-06 -0.000222983 -0.0584978 -4.56216e-05 -0.00312821 -3.51316e-05 -0.000531212 -0.0265596 0.000159287 0.0247164 -5.42976e-05 0.012449 -0.0156305 0.00112131 -5.69559e-05 -2.19949e-05 0.00758322 4.80777e-05 -0.0177016 -0.000534317 -1.23648e-05 -0.0488326 -0.000289478 0.000190318 -0.000452467 -0.0335929 0.000127477 -0.130069 -5.04419e-06 -0.00537832 -0.000373205 -0.00453826 -0.128767 -0.0473305 -0.0552933 0.122581 -0.108499 -0.000470857 -0.0163898 0.00698362 -8.84588e-05 0.130321 0.0285901 -0.0233665 0.103142 -0.00114642 0.0515059 0.108838 0.124573 0.120731 -0.0134642 -0.000965081 
-0.000330471 -7.81991e-07 -1.21005e-05 -0.000144752 -0.00660048 -0.00156924 -4.74837e-05 0.00193113 -6.1038e-05 0.00228416 -5.17563e-07 -0.00239585 -0.00260526 0.0172207 0.00488762 0.00133968 -9.62668e-06 0.00237525 -0.00100683 0.0025202 1.26709e-05 -1.52827e-06 0.00283903 -8.97119e-06 -6.31356e-05 -0.000431269 -0.000164221 -1.06224e-05 -0.000223447 -0.00234824 3.13596e-05 0.000281235 4.63874e-05 -0.000888711 0.00645485 0.00418919 -0.000230201 -2.91942e-05 -0.00119077 0.00038669 -0.000666561 -0.0017226 0.00249413 -2.45527e-05 -0.0018421 -4.80999e-05 -0.000187779 0.00297618 6.83493e-05 3.98179e-05 -0.00168946 4.91902e-05 -0.000355517 0.000119089 6.28461e-05 -0.00112349 -8.13057e-05 -0.000545673 -3.32771e-06 -0.000621546 -0.0013899 4.27452e-06 -3.04421e-06 2.78237e-06 -0.000431562 -2.77792e-07 0.000899976 -3.29744e-05 1.51071e-06 -0.00317886 -5.77915e-06 5.61325e-05 -0.000135401 0.00394236 -8.64889e-06 0.00237565 -1.52209e-06 0.000132228 -4.17603e-06 -0.000391739 0.00184162 -0.00333362 -0.00313954 -0.00272405 0.00298915 0.000198186 -0.00132518 -0.000149308 -7.16107e-06 -0.00303525 -0.000806186 -0.00155357 -0.00228608 3.11944e-05 -0.0013797 -0.00346926 -0.00285699 -0.00292206 -0.00134009 0.000113885 
-0.0111533 -0.000143788 -0.000659306 -0.00387976 -0.0573539 -0.059099 0.101932 0.0552158 -0.0019483 -0.0669081 -0.000136898 -0.0700939 -0.0820193 0.00488762 0.25 0.00961016 -0.000146218 0.022118 -0.0216725 0.0963294 -4.18621e-05 -4.61205e-05 0.0968424 -0.000689943 -3.4972e-05 -0.0216016 -0.00528067 -1.58725e-05 -0.00658711 -0.0867731 0.000345969 -0.00124412 -0.00432953 -0.0329441 0.00180755 -0.0120392 0.00343878 -0.00233801 -0.0392191 0.00583921 -0.0198676 0.00437836 0.102666 -0.0031759 -0.0442398 -0.00112901 -0.00204135 0.0908346 -0.000105953 -0.000504957 0.0449782 -0.00020027 -0.00385601 0.000198236 0.00105145 0.020315 -0.000568352 -0.016094 -0.00012445 -0.0235552 0.0156165 -0.000670491 -0.000146107 -7.1073e-05 -0.014102 -7.55119e-05 0.0418303 0.00118033 -3.82726e-05 0.000526671 -0.000350967 -0.00057055 -0.00417358 -0.0284645 -0.000204781 0.0983577 -0.000143512 0.00804063 0.000451481 0.00682692 0.0913439 0.0663992 0.0305666 -0.0878468 0.0557661 0.000291526 -0.032287 -0.0047693 -0.000221612 -0.0918814 -0.0189901 -0.0080287 -0.0774123 -0.00189066 -0.0421521 -0.0638368 -0.089965 -0.0880456 0.0289301 0.00128425 
-0.0025664 -4.01967e-05 -0.000189661 0.00535875 -0.0377385 -0.0135444 0.0110738 -0.00913558 -0.000474168 0.0135939 0.000195576 -0.0165792 -0.0181551 0.00133968 0.00961016 0.100661 -8.83894e-05 0.000774596 -0.00586339 0.0218563 0.000198996 1.66156e-05 0.021731 -0.000101731 -0.000425825 -0.0049556 -0.00130512 -5.45095e-05 -0.00144382 -0.0212457 5.90198e-05 0.00516647 0.00199755 -0.0074527 0.00237408 -0.000193283 -0.00132378 -0.000512889 -0.00903744 0.00254081 -0.00451271 -0.00813365 0.0220714 0.000663551 -0.00626069 -0.000428246 -0.0024105 0.0224767 -5.74348e-05 0.00106856 0.0313832 -9.84603e-05 0.00218201 -0.000686099 -0.000392133 0.027567 0.000433901 -0.00336157 -6.11694e-05 -0.00588896 0.000943098 -0.000103136 0.000225157 2.68435e-05 -0.00276242 6.41925e-06 -0.0115938 -0.000165861 1.98849e-05 0.00354754 8.76395e-05 -0.000238605 -0.000898032 -0.00380533 -2.62343e-05 0.0182493 -1.8425e-05 -0.00280128 -2.82704e-06 -0.00249236 0.0229767 -0.011259 -0.0298793 -0.0198655 0.0165619 -0.000207888 0.0211239 -0.00105784 0.000437584 -0.0208713 -0.00490435 0.00293154 -0.0176178 0.000254866 -0.00964582 -0.0211776 -0.0204854 -0.0199519 -0.00667801 -0.000557996 
-3.35659e-05 -4.97978e-07 3.37202e-06 7.66827e-05 0.000579991 -9.65266e-05 -0.000440805 -0.00013179 -8.17863e-06 -0.00022267 2.95026e-06 -4.61698e-06 0.000311684 -9.62668e-06 -0.000146218 -8.83894e-05 0.00201013 -0.000137438 2.857e-05 -0.000282187 3.67165e-05 -2.94363e-07 -0.000284066 2.73106e-05 -5.03787e-06 3.65115e-05 -1.23467e-05 -1.50411e-06 0.000140617 0.000183795 4.50721e-05 0.000180941 3.84868e-05 -0.000125139 -0.000322362 2.9237e-05 -2.39069e-05 -9.86447e-06 -0.000133298 -2.47728e-05 0.000369219 -0.000405764 -0.000420108 -2.29571e-05 -0.000205112 -4.83231e-06 3.38983e-05 -0.000236166 -6.52235e-07 2.30127e-05 0.000503066 1.17796e-05 0.00014878 -1.02607e-05 6.43937e-06 0.00073471 0.000186415 0.000527361 3.06175e-06 -9.45373e-07 0.000495133 1.844e-05 3.36896e-06 1.46741e-07 -5.95633e-05 -7.55216e-08 -0.000198017 3.40198e-05 8.07331e-06 -0.00053547 -1.73968e-06 4.65036e-06 -1.62307e-05 -0.000305476 -6.04656e-07 -0.000593801 -2.06472e-07 -5.56937e-05 -2.44873e-06 2.50704e-06 -0.000312781 -0.000396108 -0.000609203 0.000233452 -0.00051216 7.00791e-05 -6.62048e-05 -1.19699e-05 1.42592e-05 0.000315373 -4.22848e-05 -0.000185375 0.000145416 -3.91154e-06 -4.79205e-05 -0.000122098 0.000246209 0.00018974 -0.000162698 3.32643e-05 
-0.00152745 -5.81537e-06 -6.99927e-05 -0.000605031 -0.00360924 -0.00725151 0.0153345 0.00181903 -0.000361091 -0.0241255 -1.13356e-05 -0.00864841 -0.0109334 0.00237525 0.022118 0.000774596 -0.000137438 0.0676012 -0.000123985 0.0119218 -1.00858e-05 -1.05051e-09 0.0118074 -0.000122224 0.000342538 -0.00285514 -0.000797386 7.60923e-05 -0.000725957 -0.00792579 0.00149409 -0.000129432 -0.000787846 -0.00441976 0.00522273 -0.000957239 -0.000900712 -0.000225307 -0.00517635 0.00901194 -0.00291466 0.000552133 0.0108722 4.16513e-05 -0.00655062 -0.000182195 0.000365429 0.0124387 -3.4704e-05 -9.90733e-05 -0.0200944 -5.84434e-05 0.00237106 -0.000182661 0.000937728 -0.00575096 0.00107116 -0.00221054 -1.49627e-06 -0.00278791 -0.00575933 0.000353634 -2.01592e-05 -1.56045e-05 -0.00207601 -1.11102e-05 0.0105787 -0.000225487 -6.05118e-06 -0.00670008 -3.67875e-05 0.000522311 -0.000515802 -0.011894 -4.35382e-05 0.0128894 -1.49113e-05 0.00877089 0.00151504 -0.00174477 0.00241937 0.0287776 -0.0178692 -0.0110808 -0.0122878 0.0013066 -0.0064633 -0.000672232 -6.00609e-05 -0.00983541 -0.00236298 -0.00320777 -0.00973118 -0.000120069 -0.00548847 -0.00124394 -0.0116775 -0.0113196 0.0102137 -0.000101464 
0.000311256 6.49885e-05 -6.14037e-05 -0.000135537 0.0260142 0.0137986 -0.0348005 -0.0255695 0.000449141 0.000101398 -1.58294e-05 0.0266126 0.0352507 -0.00100683 -0.0216725 -0.00586339 2.857e-05 -0.000123985 0.0556812 -0.0367921 -1.1999e-05 3.10284e-05 -0.0365034 -1.76164e-05 0.000273078 0.00460524 0.00194508 -3.56404e-05 0.00328115 0.0299359 0.000127307 -0.000508195 -0.000496236 0.0106793 -0.0109483 -0.00178165 0.00122091 -0.000201697 0.00993336 0.00076305 0.0103431 -0.00351716 -0.0343012 -0.000619649 -0.00596088 -0.000190875 -0.000761803 -0.0349085 -1.35013e-05 -5.65052e-05 -0.0204861 0.000219334 -0.000815047 0.00195376 -0.000199871 -0.00905097 0.00143494 0.0115688 -2.91438e-05 0.00235392 -0.00574442 -3.8081e-05 -2.9848e-07 -1.09871e-06 -0.00128418 1.64564e-05 0.00132016 -0.000189567 -3.10644e-06 -0.0175654 -2.97328e-05 0.00022774 0.000103269 -0.0117202 0.000151418 -0.0359042 -1.26759e-05 0.000786245 2.58327e-05 -0.0014681 -0.0376195 -0.00825815 -0.0110224 0.0318478 -0.0375376 -0.000103977 -0.00515233 0.00128765 -4.74083e-05 0.0346537 0.00257873 -0.00258942 0.0205551 0.00106511 0.0160225 0.0330567 0.0361929 0.034609 0.000621076 -0.000354224 
-0.018212 -0.000155528 -0.000595648 0.00110229 -0.0997477 -0.0947594 0.141633 0.044326 -0.00401463 -0.00716759 3.95635e-05 -0.115997 -0.130477 0.0025202 0.0963294 0.0218563 -0.000282187 0.0119218 -0.0367921 0.160485 -8.41165e-06 -4.8775e-05 0.152815 -0.000134334 0.000877363 -0.0348728 -0.00932009 4.37114e-05 -0.0108769 -0.14576 0.000447355 0.0013446 0.000244478 -0.0531755 0.0400662 0.00598754 -7.61911e-05 -0.0041711 -0.0632882 0.000406532 -0.0325936 0.00743234 0.150347 -0.00151056 0.0220364 -0.00229124 -0.000778227 0.152109 -0.000291015 -4.08833e-05 0.0704151 -0.000584565 0.00370816 -0.00245988 -0.000748461 0.0319515 -0.00176899 -0.0241889 -0.000192231 -0.0397141 0.0168832 -0.00145469 -2.36791e-05 -0.000132693 -0.00953333 -0.000103007 0.0198797 0.000556533 -3.44601e-05 0.0509867 0.000325128 -0.000411403 -0.00713791 0.0406368 -0.000217922 0.154625 -0.000237569 0.000215972 0.000415039 0.00475564 0.153556 0.0547743 0.0625076 -0.140733 0.129743 0.000322395 0.019803 -0.00751639 -0.000177451 -0.137729 -0.0293291 0.0267657 -0.124041 -0.00386724 -0.0678288 -0.116196 -0.144135 -0.142113 0.0119068 0.000943204 
-6.22295e-06 -1.58396e-07 -7.17798e-07 1.29637e-05 -0.000151598 -4.53467e-05 -0.000191129 -0.00027504 3.32021e-05 -0.000249182 8.72376e-07 -2.48156e-05 -5.73993e-05 1.26709e-05 -4.18621e-05 0.000198996 3.67165e-05 -1.00858e-05 -1.1999e-05 -8.41165e-06 0.000388826 -5.68469e-08 4.82519e-05 -6.28273e-07 6.93949e-06 -1.47571e-05 2.17581e-05 -2.90471e-07 9.401e-06 -5.4641e-05 1.93616e-05 0.000292464 0.000232743 -1.02654e-05 -7.0898e-05 2.03256e-05 9.25357e-06 1.83e-05 -2.94667e-05 4.02813e-05 2.50277e-06 -0.000309046 5.43075e-05 3.57778e-05 -4.32771e-05 3.08202e-05 -7.49088e-06 -1.59956e-06 1.39318e-06 0.000151043 0.000110988 3.06576e-06 4.56121e-05 -6.89989e-07 -1.75821e-06 0.000254494 4.45556e-05 -7.87226e-06 2.49206e-06 1.30129e-05 -3.15054e-05 -2.72348e-07 3.50109e-05 2.43612e-05 2.17986e-06 4.37836e-06 -1.31042e-05 2.74315e-05 1.53362e-06 -6.72811e-05 -5.90633e-07 -1.35889e-06 2.12348e-05 -5.79001e-05 -2.47662e-07 -0.000211258 1.27323e-07 1.55094e-06 5.22038e-06 2.65511e-05 -4.71636e-06 -2.99262e-05 -6.12424e-05 -6.42008e-05 -0.000228121 2.42103e-05 0.00019669 -3.01708e-06 5.35568e-06 -7.15088e-05 -1.45955e-05 7.28636e-05 -5.88869e-05 0.000158546 -2.99978e-05 -6.55198e-05 -6.95855e-05 -3.05532e-05 -2.33633e-05 4.82166e-06 
6.61278e-06 -5.95116e-08 -2.58576e-07 1.32588e-05 -1.36877e-05 4.00799e-05 -6.08099e-05 -6.52086e-05 9.27149e-07 -5.69121e-05 -4.795e-08 -8.21436e-06 7.4198e-06 -1.52827e-06 -4.61205e-05 1.66156e-05 -2.94363e-07 -1.05051e-09 3.10284e-05 -4.8775e-05 -5.68469e-08 0.000146123 -5.25314e-05 -1.65273e-07 -3.90926e-07 6.10873e-05 2.49255e-05 -1.09134e-07 -1.94646e-06 4.98395e-05 9.83415e-07 -1.37132e-07 -1.33017e-06 4.3807e-05 -2.6315e-05 -1.39351e-06 3.70976e-05 6.86519e-06 3.56096e-05 1.4227e-05 1.01911e-05 -6.1817e-05 -5.1195e-05 5.4263e-07 -1.32117e-05 -3.40778e-07 -2.28513e-06 -4.80282e-05 2.1247e-07 -1.84227e-07 -1.73578e-05 4.11604e-06 -1.4921e-07 4.43834e-05 3.16992e-06 -1.43801e-05 7.2999e-06 -2.36375e-08 1.20461e-07 4.07234e-05 -1.17518e-05 -4.88182e-07 -6.27171e-08 -3.12749e-08 -2.17568e-06 -2.48283e-08 -1.21354e-05 5.7317e-06 -1.24174e-08 -3.06691e-05 -1.53957e-07 -5.14729e-07 2.36993e-06 -1.51271e-05 1.16251e-06 -5.02617e-05 -4.40041e-08 2.1642e-05 4.87373e-07 -3.38297e-06 -5.26131e-05 4.45972e-06 -3.39178e-05 1.81257e-05 -5.50806e-05 5.81532e-06 1.86711e-05 -1.09656e-06 1.15105e-06 1.807e-05 1.06873e-05 2.58013e-06 3.81854e-05 1.69861e-05 2.02813e-05 -2.39431e-05 3.75258e-05 2.47362e-05 -7.20387e-06 2.17101e-08 
-0.0173989 -0.000192312 -0.000596062 0.00123804 -0.0972123 -0.0935436 0.142249 0.0416555 -0.0034878 -0.0100265 3.01366e-05 -0.114434 -0.129884 0.00283903 0.0968424 0.021731 -0.000284066 0.0118074 -0.0365034 0.152815 4.82519e-05 -5.25314e-05 0.158193 -0.000100067 0.00057228 -0.0347108 -0.00853185 9.59072e-06 -0.0109029 -0.14244 0.000473246 0.00179951 0.00074441 -0.0526154 0.0374136 0.00441054 0.000779343 -0.00405243 -0.0632132 -5.92734e-05 -0.0320286 0.00517066 0.149784 -0.00125314 0.0198995 -0.00228009 -0.000922913 0.14908 -0.000116542 0.000203838 0.0680423 -0.000353578 0.00385609 -0.00123072 -0.000462177 0.0323644 -0.00172656 -0.0245402 -0.000109081 -0.0378777 0.0174342 -0.00144874 -1.6424e-05 -8.81414e-05 -0.00841437 -9.54981e-05 0.0212256 0.000475288 -9.26133e-06 0.0474192 0.0001577 -0.000686278 -0.00682335 0.0371804 -0.000133624 0.152651 -0.000231527 0.000790246 0.000465555 0.00506097 0.151168 0.0559461 0.0644954 -0.140476 0.126465 0.000540177 0.0189599 -0.00752598 -0.000152479 -0.13708 -0.0283479 0.0282561 -0.123171 -0.00268594 -0.0668825 -0.115753 -0.142762 -0.140827 0.012984 0.00102738 
2.02504e-05 -4.28036e-07 -2.11623e-06 -3.94629e-06 -0.000120912 -0.00014686 -0.000659058 -0.000570665 7.68659e-05 0.000336875 2.09334e-06 -2.12563e-05 -1.41606e-05 -8.97119e-06 -0.000689943 -0.000101731 2.73106e-05 -0.000122224 -1.76164e-05 -0.000134334 -6.28273e-07 -1.65273e-07 -0.000100067 0.00181185 5.54292e-05 -2.63444e-05 6.08389e-05 3.78001e-05 2.21503e-05 -0.000154097 9.59903e-06 -1.63688e-05 3.86676e-05 -1.48367e-05 0.000450201 0.000136945 1.56328e-05 9.18595e-05 -8.60713e-05 -1.02111e-05 6.60868e-05 -0.000206322 -0.000244198 0.00011489 0.000532743 2.92759e-05 -2.91258e-05 8.46366e-05 -1.16934e-07 2.10867e-05 0.00036705 3.28475e-06 2.58694e-05 -6.61184e-06 4.17624e-07 -0.000116062 -5.39944e-06 0.000228851 3.29633e-06 -4.50761e-05 0.000481209 -1.89648e-06 9.65485e-07 1.23378e-06 3.11123e-05 -7.50395e-08 -0.000137884 8.01141e-05 1.72355e-06 -6.1582e-05 1.24142e-05 8.4707e-05 1.87038e-05 0.000580669 3.32443e-05 -1.61084e-05 1.57568e-06 3.57854e-05 3.37686e-06 -4.46148e-05 -3.24683e-05 -0.00045982 -0.000534212 -0.000160789 8.64226e-05 5.79633e-05 -0.000128485 -1.45011e-05 2.92663e-06 -3.74247e-05 -3.17233e-05 -0.000188357 -0.000173555 7.30704e-05 -7.94047e-05 -0.000151968 -0.00010971 -0.000156655 -0.000125292 6.33757e-05 
-3.0785e-05 5.11443e-06 3.43589e-05 2.22531e-05 -0.00138634 -0.000647893 0.000482317 -0.00129125 4.78715e-06 -0.000927674 2.38394e-07 -0.000728793 -0.000766616 -6.31356e-05 -3.4972e-05 -0.000425825 -5.03787e-06 0.000342538 0.000273078 0.000877363 6.93949e-06 -3.90926e-07 0.00057228 5.54292e-05 0.00560822 -0.000226883 3.40167e-05 1.31438e-05 -5.99002e-05 -0.00096079 7.30537e-06 -3.36423e-05 -1.23494e-05 -0.00034755 -5.87301e-05 0.000121278 0.000233318 -8.19988e-06 -0.000421617 -8.4673e-05 -0.000145715 -0.000898746 0.000343617 -1.90479e-05 0.000911799 -1.64183e-05 -4.12699e-05 0.000654005 -3.25987e-06 5.07054e-06 -0.00129574 4.61315e-05 -0.000103677 0.000271919 1.11844e-05 -0.000517101 1.03733e-05 0.000140318 6.37939e-06 -0.000279461 0.000127592 -1.08872e-05 1.26129e-05 -2.95856e-07 0.000240173 3.86265e-07 0.000672277 3.56854e-05 1.82079e-06 -3.06481e-05 0.000118597 8.30216e-06 3.66777e-05 0.000284685 1.86455e-06 0.000510751 -1.67599e-06 -1.59337e-05 1.53404e-05 -6.03331e-05 0.000381738 0.00141885 -0.000304064 -0.000868486 0.000341794 1.1478e-05 8.03404e-05 -4.64186e-05 8.07588e-07 -0.000862172 -2.3545e-05 0.000398621 -0.000842937 1.36055e-05 -0.000434972 -0.000267275 -0.000832092 -0.000841468 0.001494 -1.60906e-05 
-0.000161477 3.81136e-05 0.000641582 -0.000392249 0.0221163 0.0345306 -0.0293051 -0.0154854 0.00031852 -0.00864277 -1.37331e-05 0.00978789 0.0243426 -0.000431269 -0.0216016 -0.0049556 3.65115e-05 -0.00285514 0.00460524 -0.0348728 -1.47571e-05 6.10873e-05 -0.0347108 -2.63444e-05 -0.000226883 0.0417458 0.0028585 -1.38079e-05 0.000421434 0.0350998 -0.00012608 -0.00040035 -0.000383495 0.0245463 -0.00897504 -0.00174604 0.0016367 0.0011085 0.0268473 -0.00076225 0.00457267 -0.00573708 -0.0341216 -7.9066e-05 -0.00506285 5.98582e-05 0.00251736 -0.0347326 7.72477e-05 -5.2871e-05 -0.0157075 0.000172299 -0.00098968 0.00240994 0.000899922 -0.00721648 0.000390217 -0.00078006 0.000140269 0.0135026 -0.00394688 -1.89575e-05 8.13399e-06 -4.81914e-06 -0.000264414 -4.81586e-06 -0.0048018 -5.71854e-05 -2.86445e-06 -0.0121687 -7.77462e-05 0.000366336 0.000426678 -0.00904512 7.97394e-06 -0.0347449 6.37566e-05 -0.000553471 -0.000104305 -0.000942892 -0.0344585 -0.0126271 -0.0138631 0.0321283 -0.0293146 -9.65336e-05 -0.00440164 -0.000321155 6.95498e-05 0.0315183 0.0126061 -0.00634884 0.0314982 0.000843982 0.0115646 0.0135454 0.0310186 0.0214221 -0.00355903 -0.000260984 
0.00473011 3.38659e-05 4.98504e-05 0.000226527 0.00155835 0.00442386 -0.00789127 -0.00431265 0.00384221 -0.00596137 2.00751e-06 0.00542914 -0.000207723 -0.000164221 -0.00528067 -0.00130512 -1.23467e-05 -0.000797386 0.00194508 -0.00932009 2.17581e-05 2.49255e-05 -0.00853185 6.08389e-05 3.40167e-05 0.0028585 0.0116238 5.75499e-05 0.00106949 0.00798337 1.48666e-05 -0.000103237 0.00113228 0.00156223 -0.00239437 -0.000430724 0.000844871 0.00255276 0.000351057 -0.00018669 0.00808591 -0.00731417 -0.00878154 0.00298661 -0.00131566 0.0018562 -0.000219121 -0.00925102 1.6256e-05 2.19679e-05 -0.00423684 0.000554333 -0.000210881 0.00150689 0.000118485 -0.00193206 0.00152869 -0.000209255 0.00019526 0.00798139 -0.000733955 -4.99034e-05 5.57301e-05 9.65829e-05 -0.000339755 2.11462e-05 -0.00107046 4.20384e-05 9.35617e-06 0.00119146 -6.19435e-06 0.000208418 0.0044865 -0.00242001 4.70444e-05 -0.00918872 3.18806e-05 0.00501039 -2.61202e-05 -4.43765e-05 -0.00920046 -0.00330107 -0.00137618 0.00272764 -0.0076786 -4.17292e-05 -0.00114553 0.000247112 0.000157107 -0.000358158 0.00134448 -0.00164129 0.00505054 0.00422763 0.00154972 0.000953851 0.00647101 0.00717772 0.000671324 -7.11705e-05 
2.46503e-05 1.20702e-06 1.51553e-05 5.65027e-05 -0.000276893 -7.07252e-05 3.38513e-05 -5.1595e-05 8.57867e-05 -0.000178871 5.49895e-08 -3.61092e-05 -0.000121351 -1.06224e-05 -1.58725e-05 -5.45095e-05 -1.50411e-06 7.60923e-05 -3.56404e-05 4.37114e-05 -2.90471e-07 -1.09134e-07 9.59072e-06 3.78001e-05 1.31438e-05 -1.38079e-05 5.75499e-05 0.000746198 -5.15074e-06 -0.000108329 7.98126e-06 -4.66189e-06 8.31321e-05 -4.09211e-05 -6.55899e-05 -2.10176e-05 1.54566e-05 8.01417e-05 -5.12171e-05 -1.56585e-05 6.61344e-05 -0.000113873 -0.000188161 0.000102805 9.89457e-05 6.2843e-05 -7.00676e-06 4.44909e-05 -2.85465e-07 1.98994e-05 -1.48904e-05 8.61923e-06 -1.25554e-05 4.28611e-06 -3.50339e-06 -4.75632e-05 5.42404e-06 -8.4734e-06 2.60347e-06 5.14154e-06 1.11735e-06 5.79348e-06 7.01756e-07 1.54019e-06 7.57003e-06 -1.26865e-07 -4.27568e-05 1.20146e-05 6.54766e-06 0.000317431 1.16658e-06 1.45877e-06 3.94311e-05 -4.99614e-05 1.12454e-06 3.81286e-05 2.13071e-06 9.38187e-05 -1.44418e-06 -1.77023e-05 4.00359e-05 -5.86687e-05 0.000104113 -0.000123888 8.5501e-05 -2.8172e-06 -1.87504e-05 -3.78047e-06 3.99468e-07 -0.000140857 1.23395e-05 -3.49627e-05 -0.000108374 8.31376e-05 -6.2319e-05 -0.00013373 -0.000119238 -0.00012594 -5.32459e-05 1.06221e-05 
-0.000161014 9.98595e-06 -1.57611e-05 8.36398e-05 0.00674963 0.000433122 -0.0100069 -0.000671399 0.00120926 0.00188771 7.73033e-06 0.00840284 0.010016 -0.000223447 -0.00658711 -0.00144382 0.000140617 -0.000725957 0.00328115 -0.0108769 9.401e-06 -1.94646e-06 -0.0109029 2.21503e-05 -5.99002e-05 0.000421434 0.00106949 -5.15074e-06 0.0134373 0.00578516 -2.83234e-05 -0.000106433 0.000229322 0.00420428 -0.00278168 6.00628e-05 -0.000203173 0.00123371 0.00303596 0.000371263 0.00329633 -0.00134033 -0.0105483 0.000608101 -0.00153943 0.000763271 3.57579e-05 -0.0104088 2.2409e-05 1.46645e-05 -0.00477938 -1.1974e-05 -0.000261692 -2.7187e-05 0.000313155 -0.00225071 1.23207e-05 0.00347649 4.24167e-05 0.000264335 -0.000570769 -4.39736e-05 3.08538e-05 0.000109874 0.0006935 4.67523e-05 -0.00151559 -3.35596e-05 1.8387e-05 -0.00330074 -1.75441e-05 0.000596619 0.000499718 -0.00280288 2.33152e-05 -0.0108659 3.34315e-05 -0.000341287 -1.71679e-05 -0.000373285 -0.0107322 -0.00393415 -0.00467755 0.00965783 -0.00866057 -4.95046e-05 -0.00136835 0.00171819 0.000243137 0.0100936 0.000917973 -0.00199445 0.00427212 0.000132322 0.000161693 0.00893946 0.00890998 0.0102903 -0.000987961 -8.25279e-05 
0.0177112 9.1965e-05 0.000591986 -0.00162133 0.0965643 0.094855 -0.130348 -0.043883 0.00277908 0.00173817 -4.84161e-05 0.107746 0.120748 -0.00234824 -0.0867731 -0.0212457 0.000183795 -0.00792579 0.0299359 -0.14576 -5.4641e-05 4.98395e-05 -0.14244 -0.000154097 -0.00096079 0.0350998 0.00798337 -0.000108329 0.00578516 0.155279 -0.000472187 -0.00162258 -0.00100873 0.0504093 -0.0392601 -0.00775376 -3.85261e-05 0.00329368 0.0590417 -0.000509854 0.0298209 -0.00587152 -0.141068 0.000442089 -0.0223688 0.00147512 0.000502185 -0.144068 0.000299883 -0.000248204 -0.0683343 0.000445105 -0.00387682 0.00261989 0.000793332 -0.0312957 0.00142711 0.0185676 0.000194073 0.0395135 -0.0155099 0.000623131 -1.08291e-05 1.29288e-05 0.00713604 -9.24714e-06 -0.0205188 -0.000545705 -1.41556e-05 -0.0495823 -0.000338276 3.11002e-05 0.00621091 -0.0396498 -2.79281e-05 -0.143982 0.000183608 0.00232939 -0.000446752 -0.00445407 -0.144391 -0.048989 -0.0616351 0.134564 -0.125609 -0.000286749 -0.019281 0.00509053 -2.77912e-05 0.128679 0.0265323 -0.0278373 0.123469 0.00308395 0.067572 0.107437 0.135607 0.131921 -0.0107014 -0.00115412 
-3.88951e-05 -1.09172e-06 -1.35602e-06 0.000121121 -0.00044094 -0.000313881 4.6269e-05 -0.000891994 1.00243e-05 -0.0012462 1.89954e-05 -0.000271158 -0.000451171 3.13596e-05 0.000345969 5.90198e-05 4.50721e-05 0.00149409 0.000127307 0.000447355 1.93616e-05 9.83415e-07 0.000473246 9.59903e-06 7.30537e-06 -0.00012608 1.48666e-05 7.98126e-06 -2.83234e-05 -0.000472187 0.00291797 0.0003275 -2.84341e-05 -0.000188603 -0.000271376 0.000387735 8.48393e-06 -8.64869e-06 -0.0002333 1.85921e-05 -8.69047e-05 -0.000928197 0.000483398 -1.7434e-05 -0.000320877 1.68096e-06 -2.76695e-06 0.000475665 -2.64279e-06 6.74337e-06 -0.000301861 4.53059e-05 0.00121189 -7.40566e-06 2.70234e-07 0.000896573 5.33116e-05 -6.2958e-05 2.11807e-06 -0.000110737 -0.00027702 -9.6033e-06 1.09441e-05 -6.26278e-07 -8.38571e-05 1.36948e-06 0.000873141 2.64549e-05 -2.04213e-07 -0.000659224 -4.71935e-06 1.37037e-05 -1.03273e-05 0.000281836 -9.63324e-07 0.000143702 -8.81179e-07 0.000185625 0.000145603 -2.73823e-05 -0.000979629 0.00136269 -0.000825901 -0.000498473 -0.00165021 0.000110348 0.000289866 -1.12327e-05 2.63807e-06 -0.000527351 -0.000109737 -0.000337635 -0.000430058 1.62617e-05 -0.000245586 -1.16801e-05 -0.000494579 -0.000470759 0.000768241 0.000173468 
-0.000208747 -1.76704e-06 -1.637e-05 0.000852262 -0.00387795 -0.00110623 -0.00223224 -0.00670101 -1.86584e-05 -0.00417779 3.47929e-05 -0.00141158 -0.00132871 0.000281235 -0.00124412 0.00516647 0.000180941 -0.000129432 -0.000508195 0.0013446 0.000292464 -1.37132e-07 0.00179951 -1.63688e-05 -3.36423e-05 -0.00040035 -0.000103237 -4.66189e-06 -0.000106433 -0.00162258 0.0003275 0.00951329 0.00362181 -0.000558645 -0.000538926 0.00178106 0.000292044 -4.38651e-05 -0.000699378 0.000455872 -0.000364412 -0.00686792 0.00193087 -4.39683e-05 -0.0011201 -1.68682e-06 -0.000168701 0.00170989 9.49591e-05 0.000855334 0.00350727 2.81099e-06 0.000503245 7.0933e-05 -3.46531e-05 0.00673747 0.000625853 -0.000281381 2.3153e-05 -0.000397152 -0.000826264 -2.23176e-05 0.000234311 5.74e-05 -0.000228352 1.50459e-05 0.00028103 0.000215463 3.6394e-06 -0.00271387 -1.793e-05 -3.09869e-05 -4.67224e-05 0.000280738 5.99525e-06 -0.00255452 -1.38112e-06 -0.000344004 2.30744e-05 0.000520051 0.00170447 0.00135783 0.000248166 -0.00162433 -0.00485072 0.000231207 0.00607276 -8.05688e-05 0.000644936 -0.00176423 -0.000423376 0.00491521 -0.0014259 0.00100047 -0.000754144 -0.00173283 -0.00168656 -0.0016104 -0.000708431 1.4095e-06 
0.000308651 -2.02165e-06 -1.72452e-05 0.000565234 -0.00363048 -0.00124755 -0.0015044 -0.00617574 0.0014583 -0.00221491 2.6696e-05 -0.000372988 -0.0017489 4.63874e-05 -0.00432953 0.00199755 3.84868e-05 -0.000787846 -0.000496236 0.000244478 0.000232743 -1.33017e-06 0.00074441 3.86676e-05 -1.23494e-05 -0.000383495 0.00113228 8.31321e-05 0.000229322 -0.00100873 -2.84341e-05 0.00362181 0.0113274 -0.000395552 -0.000223428 0.000276013 0.000255898 0.00145436 -0.000848175 -3.25703e-05 0.000887604 -0.0049644 0.000753624 0.00150869 -0.000405082 0.00132513 -0.000235663 0.000514177 0.000224708 0.000631631 0.00130013 1.22011e-05 -5.24977e-05 0.000147911 -5.84692e-06 0.0041243 0.000372927 -0.000369266 -4.21866e-06 0.000806419 -0.000511008 -3.8529e-05 0.000161594 0.000138615 -0.000240066 1.302e-05 -0.000903605 2.74467e-05 9.93751e-06 0.000318029 -1.6432e-05 -2.9058e-05 0.00109691 -0.000760232 1.81376e-05 -0.00235433 0.00011035 0.000372411 9.20503e-06 0.000612076 0.000803045 -0.00131915 0.00144069 -0.00131545 -0.00258868 8.45045e-05 0.00475418 -0.000107899 0.000742621 -0.00215713 -0.000369303 0.00326317 -0.00172326 0.0018824 -0.000535269 -0.00215584 -0.00204437 -0.00109262 -0.000758657 -2.97903e-05 
