0.00204039 -5.85662e-05 7.49423e-06 1.85385e-05 -1.17124e-06 -1.35432e-05 -0.000614381 -8.71711e-06 -0.000515897 -0.000714139 -0.000170674 5.85011e-05 -0.000485519 -1.08203e-05 2.34077e-06 8.1705e-05 0.0010224 1.37131e-05 -0.000530235 0.000100844 -7.45124e-06 -1.7638e-05 2.6747e-05 1.59907e-05 -2.62213e-06 -2.79544e-05 -0.000519023 4.33868e-05 0.00110162 2.44211e-05 -0.000491715 -3.73288e-05 0.000553067 2.48714e-05 -3.53718e-05 0.00111764 -0.000358945 -8.89238e-05 -0.00059954 -0.000187872 -3.12721e-06 -0.000100858 -0.000214369 5.33155e-05 8.62692e-06 0.000489691 5.42627e-05 -0.00113605 0.000598553 -2.93216e-06 0.000483489 2.48648e-06 2.02424e-05 -0.000360342 -0.000764998 0.000579842 -1.29672e-05 -0.00053211 0.000520597 -0.000294085 0.000228055 -4.43798e-05 -0.000368188 -8.34265e-05 9.55602e-06 1.71249e-05 -0.000164667 0.000277459 0.00051337 -5.2634e-07 -2.08423e-05 4.91064e-05 0.00105983 -3.77742e-05 -0.000548202 3.79955e-06 -0.000730712 -2.53551e-05 1.03906e-05 3.35893e-06 0.000721487 -0.00051125 -3.10393e-05 -2.01105e-05 -8.13932e-06 -0.000123124 0.000138299 -0.000558502 -7.51248e-06 0.000402782 -0.000510872 -4.33021e-05 2.02409e-05 -2.31255e-05 0.000301662 2.43202e-05 0.000138428 -2.4427e-05 -0.000148179 -3.04979e-05 
-5.85662e-05 0.0306229 0.00364842 -0.000275431 3.6604e-05 1.06181e-05 -0.0239739 -0.000217646 -0.00909665 -0.0103688 0.00995112 0.013367 -0.0215691 0.00737504 0.000221008 -0.0165941 -0.00409578 2.78747e-06 -0.00950979 0.000492479 0.00308002 0.00228278 0.000416697 0.0212351 -0.000188414 0.0124205 -0.00947804 0.000918616 0.00104479 0.00118798 -0.00972324 -0.00176902 -0.0162675 0.00437874 0.00624665 -0.00466905 -0.0247554 0.00152975 -0.0139809 -0.00541643 0.000494695 -0.00285075 -0.0175913 0.00596921 3.3623e-07 0.00575743 -0.00197288 -0.0227405 0.00112628 5.83779e-06 0.00287604 0.000109462 5.80943e-05 -0.00871671 -0.00385322 0.0162997 0.00632119 -0.00895456 -0.00112146 -0.00549594 -0.0112915 0.0155428 -0.0158722 0.0188799 -0.00045113 0.0161027 -0.00340758 0.00332241 0.00173405 1.12037e-05 0.00424044 8.77291e-05 0.00619929 0.017642 -0.00670028 0.00439306 -0.0171922 0.000573674 0.00249799 -1.33726e-05 0.00922241 -0.00784354 0.0117497 0.00577395 0.00179554 0.00812274 0.00089097 -0.00823294 0.00722842 0.00304064 -0.00680542 0.020444 -6.53138e-06 0.00675405 -0.0170933 5.66845e-06 0.00205665 0.0108367 0.0117877 -0.000208996 
7.49423e-06 0.00364842 0.00952923 -7.33474e-05 -2.22892e-06 -6.37039e-05 -0.00748068 -0.000109344 -0.00274409 -0.00315513 -0.000120025 0.00253773 -0.00622349 0.00102599 8.32793e-05 -0.0020162 0.000768506 2.10491e-05 -0.00269695 6.95108e-05 5.22914e-06 -0.00013182 0.000188094 0.00118248 0.000192349 0.000272301 -0.00287913 7.79543e-06 0.00637825 0.000256186 -0.00215464 -0.000573933 -0.0016908 -3.13438e-05 0.000207923 0.000474463 -0.00634028 -0.000565011 -0.00423041 -0.00164928 5.22191e-05 -0.000843726 -0.00501047 0.00122659 -3.04995e-06 0.00745801 -0.000645915 -0.00674785 0.00367604 6.469e-05 0.00270483 3.56539e-05 -0.000156782 -0.0021961 -0.00512728 0.00730475 0.00179889 -0.0023325 0.00238026 -0.00176175 -0.00310152 0.000289546 -0.00352634 -8.94988e-05 -0.000113323 0.0047577 -0.0010528 0.000637276 0.00322968 2.51452e-05 -6.7351e-05 -6.74517e-07 0.00705233 2.19592e-05 -0.002717 2.87601e-05 -0.00516549 -6.23976e-05 0.0045605 -1.49049e-06 0.00732462 -0.00259437 -0.000208436 -7.46097e-05 -1.16422e-05 0.00021143 0.000456615 -0.0025092 0.00514136 0.000762706 0.000901008 0.00471316 0.000141031 0.000236115 -0.00503783 0.000174328 0.000110259 0.00129075 0.000587153 -0.000120388 
1.85385e-05 -0.000275431 -7.33474e-05 0.0209925 -1.46319e-05 5.28307e-05 0.000486302 -0.000319455 -0.00744575 -0.00301638 0.00307728 -0.000153173 -0.00992589 -0.00019962 0.000132543 0.0060492 0.00149599 4.16619e-05 -0.00725734 -6.60411e-05 0.000120278 -0.000296421 -7.62171e-05 -6.13213e-05 -0.000167 -0.000221977 -0.00758359 -1.01601e-06 0.00108331 1.78018e-05 -0.00764365 -0.00132465 0.00235936 0.000450273 -0.000392293 0.00530822 -0.00460552 -0.00124035 0.00592484 0.00647143 8.11915e-05 -0.00127388 0.00703718 0.000176188 -1.14823e-06 0.00035212 -0.00142505 -0.000384746 0.00275959 -2.76325e-05 0.000633097 3.64487e-05 -0.000338865 -0.00678212 0.00583864 0.000768701 3.9322e-06 -0.00705546 0.00726475 -0.00396661 -0.00370392 -0.000376576 0.00555452 -0.000286082 -0.000223771 -0.000325607 0.00289926 0.00102536 0.00247971 -5.51153e-06 -0.000159008 0.000104108 0.000568696 -0.000208933 -0.00754138 6.81131e-05 0.006905 -0.000432079 0.000137819 -3.34847e-05 0.00182785 0.00186679 -0.000192161 -0.000187903 8.54564e-05 -0.000930614 -0.000166614 -0.00772441 -0.000281921 0.000897651 -0.0068746 -0.000475862 3.04318e-05 -0.000203103 0.00232812 -2.77543e-05 7.67394e-05 -0.000106077 -0.0016591 -0.000146767 
-1.17124e-06 3.6604e-05 -2.22892e-06 -1.46319e-05 0.000691932 -3.7172e-06 6.29079e-06 2.16691e-06 0.000153553 -0.000117639 0.00015072 -4.59677e-06 -0.000102761 4.68757e-05 -1.33146e-06 -0.000258539 -0.000105133 1.13234e-05 0.000120433 5.72224e-05 -3.4016e-06 -8.12526e-06 -1.60606e-06 -1.27904e-05 -3.40882e-06 8.72606e-05 0.000151073 2.35554e-06 -5.147e-05 2.36731e-05 0.000174473 2.10853e-05 -0.000263936 3.65157e-05 0.000137529 -7.63356e-05 -0.000151848 0.000247736 -0.00017804 -3.18039e-05 1.317e-05 -4.85873e-05 -0.00026912 3.026e-05 6.18104e-06 2.66484e-05 -1.98055e-05 -0.000298223 -1.78677e-05 -5.15224e-07 -2.62984e-05 1.30138e-06 5.59732e-05 0.000189779 -0.000241357 8.40715e-05 -4.63043e-06 0.000133148 -0.000290824 0.000120401 -0.000175299 -9.83964e-06 -0.000259842 8.95785e-05 1.19022e-06 -9.32387e-06 1.61738e-07 2.45031e-05 -4.93514e-05 3.09953e-06 -2.80193e-06 -5.81064e-07 -3.75035e-05 -1.23516e-05 0.000194336 1.88193e-05 -0.000302171 -1.28637e-05 -2.40185e-06 8.18375e-06 -2.79066e-05 -0.000139177 -1.71144e-05 -7.09048e-06 3.07411e-06 -1.50936e-05 3.31949e-05 0.000280709 6.70999e-05 8.48467e-05 0.000212999 8.03618e-05 -8.62898e-07 2.01512e-05 -0.000270093 1.15001e-06 -3.97624e-06 4.48282e-05 -1.17168e-05 -8.9382e-06 
-1.35432e-05 1.06181e-05 -6.37039e-05 5.28307e-05 -3.7172e-06 0.00801513 0.000364897 -5.29577e-05 -0.00249438 -0.000939313 0.00104986 -0.000185904 -0.00403476 0.000712075 -1.60096e-05 0.000939021 -0.000849106 -7.50877e-06 -0.00254868 -8.46512e-05 9.75994e-05 -8.66747e-05 -4.29476e-06 -0.000104356 -6.23101e-05 6.95161e-05 -0.00245932 -9.29306e-06 -0.000548597 -1.59986e-06 -0.0018966 -9.30272e-06 -0.00144148 9.71012e-05 0.00111124 -0.000455495 -0.00464334 -0.000306449 0.00294137 8.05956e-05 0.00190313 0.000248086 0.00158828 -4.93451e-05 -3.19652e-06 -0.000227696 -0.000374301 0.000557908 -0.000130859 -1.13772e-05 -8.85056e-05 -2.62733e-07 0.00189447 -0.00233549 0.00298446 6.58889e-05 -1.46085e-05 -0.00250636 -0.00122769 -0.00132952 0.00102376 -0.000151316 0.00255687 0.00225263 -0.000117134 -0.000123847 0.00330248 8.19056e-06 0.00506979 -1.39128e-06 -5.78473e-05 -4.581e-06 -0.000431681 -8.03145e-05 -0.00218376 0.000135544 0.000210606 -0.000169216 -6.83176e-05 -5.5192e-06 7.82212e-05 -0.00147976 -5.39381e-05 -3.05942e-05 0.000129024 0.000239874 -6.96834e-05 -0.00238075 8.06993e-05 8.57504e-05 -0.00251019 -8.86079e-05 -7.72556e-06 2.93813e-05 0.00217937 -1.18533e-05 -2.83387e-05 1.86887e-05 -0.000618815 0.000112789 
-0.000614381 -0.0239739 -0.00748068 0.000486302 6.29079e-06 0.000364897 0.13123 -0.00368326 -0.0323956 -0.0189367 0.00268869 -0.0230339 0.0174385 -0.00601006 -0.000884708 0.0684957 0.000294013 -0.000420016 -0.0341836 0.000790585 -0.00324063 -0.00974599 -0.00229841 -0.0261861 -0.00196533 -0.0109374 -0.0352452 -0.00161085 -0.0127648 -0.000605649 -0.0340539 -0.000794275 0.0268881 -0.00698894 -0.00447953 0.011805 0.0257797 -0.00574954 0.061739 0.0248 -0.00262577 -0.0114144 0.0739662 -0.0105138 -0.000258977 -0.0183783 -0.0207401 0.0341149 -0.0133696 -0.00103358 -0.0109335 -0.000329392 0.00179728 -0.0224508 0.0598006 -0.0293888 -0.00606448 -0.0265108 0.0426248 -0.00662317 0.0455177 -0.0166256 0.0746293 -0.0184172 -0.0121233 -0.0166409 0.0167177 -0.0101335 -0.00524527 -0.000108469 -0.00522113 -0.000449149 -0.0161902 -0.0196637 -0.0363043 -0.00512188 0.0683581 -0.0144123 -0.00673749 0.000209149 -0.0253221 0.0376594 -0.0177494 -0.0078904 -0.00280753 -0.00455067 -0.00441104 -0.0369764 -0.0119969 -0.00784448 -0.0418131 -0.019755 -0.000827575 -0.00608931 0.0715957 -0.00103277 -0.00542991 -0.0119739 -0.019548 -0.00146577 
-8.71711e-06 -0.000217646 -0.000109344 -0.000319455 2.16691e-06 -5.29577e-05 -0.00368326 0.0148718 0.00893684 -0.002245 -0.00107105 -0.000459458 0.00340898 0.00026798 -2.20231e-05 -0.00670866 -0.00175018 -2.15305e-05 0.00495828 0.002134 -5.6086e-05 0.00274447 8.85932e-05 -0.000218132 0.000390932 -3.69766e-05 0.00874183 -2.97892e-05 -0.00121448 -1.87746e-05 0.00845014 0.00500678 -0.00718333 -6.65547e-05 -0.000136974 -0.00244489 -0.000685194 0.00283283 -0.00613815 -0.00245973 -9.87741e-05 0.00422037 -0.0084713 -7.49487e-05 -4.86952e-06 -0.000482071 -0.000845131 -0.00495663 -0.000425894 0.000112623 0.000214254 -6.48348e-06 0.00477745 0.00397534 -0.00804273 -0.000569701 -6.85659e-05 0.00584044 -0.00877904 0.0084087 -0.00539571 -0.000252849 -0.0079838 -0.000382398 -9.32542e-05 -0.000166577 -0.00164223 -0.000236621 0.000102965 4.96906e-05 -0.000130417 -1.15383e-05 -0.00082502 -0.000175872 0.00566421 -2.2045e-05 -0.00655296 0.00144831 -6.79459e-05 1.38217e-05 -0.00101061 -0.00384997 -0.000252926 -0.000118243 -4.43714e-06 -0.000811715 -0.000145324 0.00911165 -7.8721e-05 3.31647e-05 0.00181506 0.000476222 7.07111e-06 -5.73773e-06 -0.00792246 -1.51154e-05 -0.000116038 4.53545e-05 -0.000550394 -0.000146964 
-0.000515897 -0.00909665 -0.00274409 -0.00744575 0.000153553 -0.00249438 -0.0323956 0.00893684 0.228894 0.138905 -0.0315619 -0.0114539 0.0910033 -0.00374285 -0.00020179 -0.200386 -0.0432108 -0.000599285 0.212467 0.000367301 -0.00176081 0.00807349 -0.00107027 -0.0090597 0.00399604 -0.0045479 0.22094 -0.000173169 -0.0283341 -0.00132478 0.214753 0.00689313 -0.140711 -0.00241082 9.58896e-05 -0.0574437 0.0511929 0.0385616 -0.154624 -0.0606623 -0.00150919 0.0317493 -0.200197 -0.00431302 -0.000150774 -0.0116642 0.0364968 0.017351 -0.0100566 0.000655519 -0.0127835 -0.000135058 -0.00020017 0.191083 -0.193368 -0.0150797 -0.00237524 0.205695 -0.209346 0.115153 -0.126638 -0.00758973 -0.198998 -0.0221124 0.0068155 -0.0067582 -0.0401136 -0.00552934 -0.0425025 6.8905e-05 -0.00381521 -0.000148068 -0.0204308 -0.00857826 0.217126 -0.0025768 -0.174708 0.0121066 -0.00155514 -0.000469664 -0.0237535 -0.0959572 -0.0026989 -0.00361138 -0.00052371 -0.0224074 -0.0042032 0.218908 -0.0069511 -0.00186821 0.204065 -0.00672411 -0.000322462 -0.00395101 -0.194908 0.00032471 -0.00295329 -0.00416158 0.0249884 -0.00114935 
-0.000714139 -0.0103688 -0.00315513 -0.00301638 -0.000117639 -0.000939313 -0.0189367 -0.002245 0.138905 0.237558 -0.0110305 -0.0116383 0.0575852 -0.00412317 0.000367538 -0.128708 -0.0472234 -0.000713142 0.144258 -0.00432455 -0.00189816 -0.00181513 -0.00125098 -0.0105974 -0.000645624 -0.00532444 0.145543 -0.000626861 -0.0284646 -0.00139948 0.140906 -0.00366851 -0.108227 -0.0035493 -0.000570228 -0.0600529 0.0455912 -0.00392664 -0.0899659 -0.0395102 0.000132269 0.00490425 -0.123496 -0.00516607 -0.000179558 -0.0121658 0.0383152 0.0359661 -0.0109146 0.000324704 -0.0151947 -0.000121775 -0.00187574 0.121042 -0.1164 -0.0169293 -0.00278901 0.138793 -0.139708 0.05606 -0.0881993 -0.00738705 -0.123209 -0.0143514 0.00715175 -0.00785914 -0.0166016 -0.00707516 -0.0313106 -4.85908e-05 -0.00287422 1.12329e-05 -0.021836 -0.00852448 0.144897 -0.00281897 -0.108987 0.00900563 -0.00341521 -0.00056002 -0.0223273 -0.0522294 -0.00186798 -0.00349614 -0.000602244 -0.0200235 -0.00444421 0.143471 -0.00780204 -0.00394725 0.136986 -0.0100333 -0.000446193 -0.0039524 -0.130393 0.000159854 -0.00321192 -0.00546926 0.0225646 -0.0015082 
-0.000170674 0.00995112 -0.000120025 0.00307728 0.00015072 0.00104986 0.00268869 -0.00107105 -0.0315619 -0.0110305 0.0953523 0.00630096 -0.0653871 0.00502757 0.000238284 0.02091 -0.00418888 0.00062458 -0.0316568 -1.86022e-05 0.00038048 -0.000782812 -4.39027e-06 0.00786648 -0.000791882 0.00843574 -0.0320489 -0.000347068 -0.00732527 0.000869934 -0.0310684 -0.00252208 -0.00975544 -0.000296578 0.00636893 0.0119477 -0.0325049 -0.00479628 0.0297248 0.0418554 0.00209991 -0.00717697 0.0217535 0.00233682 7.78538e-06 -0.000857675 -0.00752433 0.00324429 -0.00127054 -0.000146544 -0.000827887 -3.91981e-05 0.00469402 -0.0280104 0.0297836 0.0064399 0.00295161 -0.031602 0.02476 -0.018228 -0.0195878 0.00714918 0.0239679 0.010392 -0.00165477 0.00885043 0.0115705 -0.00124905 0.00308484 3.44086e-05 0.00193927 1.32995e-06 -0.00154825 0.0077439 -0.0302378 0.00337879 0.0167016 -0.00223981 -0.000401604 0.000133801 -0.00122038 0.00135461 0.00112757 0.000994852 -5.86687e-05 0.000874769 0.0017393 -0.0310437 0.00198777 5.52661e-05 -0.0302111 0.0115269 -0.000117464 0.00199555 0.0156532 -0.00015518 -0.000769 0.00444869 -0.00280111 -0.00116978 
5.85011e-05 0.013367 0.00253773 -0.000153173 -4.59677e-06 -0.000185904 -0.0230339 -0.000459458 -0.0114539 -0.0116383 0.00630096 0.0316599 -0.0239738 0.00372806 0.000252475 -0.00792773 -0.00148837 0.000394662 -0.0113518 0.000688251 0.00141434 -6.86325e-06 -1.08542e-05 0.0178914 4.14684e-05 0.00698367 -0.0116702 0.000657505 0.00701557 0.00134125 -0.0106739 -0.00180934 -0.00960801 0.00358334 0.00133643 0.00374483 -0.026602 0.00114743 -0.0143001 -0.00561873 0.000741258 -0.00298457 -0.017819 0.00740178 0.000211888 0.00900121 -0.00192559 -0.0217634 0.0124956 6.98039e-05 0.00425069 0.000271819 -0.000356983 -0.00975515 -0.00674812 0.0219215 0.00412587 -0.0107092 0.00777355 -0.00578977 -0.0113445 0.013206 -0.0176845 0.0197672 6.53295e-05 0.00980919 -0.00352389 0.00657593 0.0110899 2.47406e-05 0.00476945 0.000157777 0.00752473 0.0150811 -0.0109837 0.00436283 -0.0177781 -0.000503911 0.00142745 -4.15415e-05 0.0164968 -0.00741518 0.0104075 0.00607334 0.000661104 0.00908671 0.00256344 -0.0107662 0.00600697 0.00152135 -0.00360693 0.0102402 7.13097e-05 0.00272094 -0.0151226 1.763e-05 0.00350077 0.00467675 0.00869149 -0.000413789 
-0.000485519 -0.0215691 -0.00622349 -0.00992589 -0.000102761 -0.00403476 0.0174385 0.00340898 0.0910033 0.0575852 -0.0653871 -0.0239738 0.193176 -0.00839055 -0.000673265 -0.0596071 -0.00268426 -0.00110022 0.0914626 0.00204856 -0.00368586 0.00127818 -0.00160244 -0.0229435 0.00161362 -0.0101809 0.0931126 -0.00159506 -0.0170013 -0.00172334 0.0900246 -0.00352894 0.0048318 -0.00674012 -0.00667147 -0.0334335 0.0900789 0.0120173 -0.0536196 -0.0676457 -0.00351436 0.0109026 -0.0493555 -0.00927491 -0.000272278 -0.0206505 0.0172736 0.014594 -0.0201474 0.000182331 -0.0172602 -0.000293298 -0.00788712 0.0804238 -0.0707927 -0.0333801 -0.00528374 0.087956 -0.0714701 0.0480825 0.0156367 -0.0159606 -0.0539359 -0.0437776 0.00300298 -0.0147744 -0.0408575 -0.0130106 -0.0655185 -2.16098e-06 -0.00765131 -0.000229272 -0.0108668 -0.018189 0.0897713 -0.00547372 -0.0368079 0.00455881 -0.00427347 2.43685e-05 -0.0398807 -0.0188954 -0.0117018 -0.0075202 -0.00189809 -0.0231834 -0.00695308 0.088585 -0.0138816 -0.00658088 0.0787619 -0.017725 -0.000588106 -0.00664232 -0.0423839 1.49695e-05 -0.00503785 -0.0102946 4.99626e-05 -0.000293714 
-1.08203e-05 0.00737504 0.00102599 -0.00019962 4.68757e-05 0.000712075 -0.00601006 0.00026798 -0.00374285 -0.00412317 0.00502757 0.00372806 -0.00839055 0.0146572 1.14271e-05 -0.00521635 -0.00218442 -7.42391e-06 -0.00405316 0.00158925 0.000425063 0.0014851 6.18197e-05 0.00690575 4.24593e-05 0.00244535 -0.00399615 -4.28062e-05 -0.000540401 0.00153502 -0.0037599 -0.000422795 -0.00745459 0.000171397 0.00609709 -0.00221048 -0.010915 -8.96874e-05 -0.00492598 -0.00228085 0.0019123 0.000731326 -0.00617156 -2.78439e-05 -3.80894e-06 0.000887269 -0.000855561 -0.00780028 -0.000235192 3.38067e-05 -0.000383256 -2.44407e-06 0.00159264 -0.00381158 0.00159952 0.00106954 0.00104463 -0.00397094 -0.00216523 -0.00155419 -0.00471086 0.00756112 -0.0044905 0.0093473 -0.00021579 0.00356292 0.000458671 4.75933e-07 0.000539223 5.63031e-05 0.00169073 -6.50817e-06 0.000124345 0.00610307 -0.000502205 -7.75437e-05 -0.00709837 -7.54895e-05 0.000608588 0.00026073 0.000726019 -0.000629656 0.00477872 0.00364974 -5.64383e-05 0.00323727 0.000667467 -0.00378275 9.97963e-05 0.000387623 -0.00409859 0.0062498 -1.81754e-05 0.00732721 -0.00529299 1.99095e-05 0.00155048 0.00239443 0.00458737 0.000143948 
2.34077e-06 0.000221008 8.32793e-05 0.000132543 -1.33146e-06 -1.60096e-05 -0.000884708 -2.20231e-05 -0.00020179 0.000367538 0.000238284 0.000252475 -0.000673265 1.14271e-05 0.0024305 -0.000311615 7.23128e-05 9.2234e-05 4.13276e-05 -1.85766e-05 -3.50445e-06 -1.89112e-05 2.0543e-05 8.72512e-05 1.06268e-05 0.000153971 4.26373e-06 1.5101e-05 0.000210837 1.07011e-05 -3.45566e-05 -0.000150613 -0.000141993 5.17037e-05 -1.49183e-05 -7.51699e-05 -0.0005053 -0.000147453 -0.000438499 6.45372e-05 -1.96347e-05 -0.000174071 -0.000389361 0.000282615 5.61014e-06 0.000401118 -0.00012291 -0.000345354 0.000348708 7.83635e-07 -4.31888e-05 1.72319e-05 -6.4058e-05 -0.000374616 -0.00060462 0.000479306 0.0001377 -0.000165682 -0.000236004 -0.000422327 -0.000303204 6.04872e-05 -0.000227053 -0.000113496 0.000342012 0.000169636 -8.44558e-05 0.000209959 0.000215738 -5.3833e-07 -1.96247e-05 -1.20018e-06 0.000183404 4.26846e-05 3.35832e-06 5.23225e-05 -0.000435763 -3.8818e-05 0.000128338 -3.39985e-06 0.000126665 -0.000335176 2.01276e-05 -3.62538e-07 -5.76721e-07 5.01598e-05 1.90383e-06 -5.17842e-05 0.000392503 4.09608e-05 0.000135784 0.000209983 1.29414e-05 -2.58528e-05 -0.000764588 3.25448e-05 -9.34462e-06 0.000103558 0.000271798 -1.74402e-05 
8.1705e-05 -0.0165941 -0.0020162 0.0060492 -0.000258539 0.000939021 0.0684957 -0.00670866 -0.200386 -0.128708 0.02091 -0.00792773 -0.0596071 -0.00521635 -0.000311615 0.243443 0.0393476 0.000177648 -0.201778 0.00136668 -0.00224493 -0.00971956 0.000680718 -0.0180606 -0.00452697 -0.00692806 -0.206511 -0.00175233 0.0230393 0.000226953 -0.199906 -0.00284064 0.156265 -0.00547163 -0.00682752 0.0545535 -0.0194589 -0.0398155 0.168448 0.0597049 -0.000915919 -0.0277055 0.221398 -0.00350499 -9.49319e-05 -7.80838e-05 -0.0348644 0.00860019 0.00429678 -0.000823443 0.00900281 -0.000119103 0.00324045 -0.176556 0.197194 -0.0077147 -0.00411562 -0.195558 0.207509 -0.10687 0.145283 -0.0105108 0.219777 -0.00262997 -0.00942702 -0.00998404 0.0411771 -0.00360815 0.035006 -0.000148095 -0.00224954 -0.000326347 0.0118425 -0.0123736 -0.208718 -0.00311984 0.195643 -0.0125255 -0.00153725 0.000391876 0.00617645 0.106824 -0.0135396 -0.00543409 -0.00165369 0.013999 0.000742347 -0.205978 -0.000986384 -0.00542911 -0.199594 -0.0118056 -0.000104211 -0.00381514 0.217131 -0.000573193 -0.00244688 -0.00779221 -0.0408606 0.000705174 
0.0010224 -0.00409578 0.000768506 0.00149599 -0.000105133 -0.000849106 0.000294013 -0.00175018 -0.0432108 -0.0472234 -0.00418888 -0.00148837 -0.00268426 -0.00218442 7.23128e-05 0.0393476 0.13136 3.28287e-05 -0.0424842 -3.43936e-05 -0.000692006 9.65174e-05 -1.80546e-05 -0.00441378 -0.00121055 -0.00206781 -0.0446403 -0.000131436 0.0169097 -0.000456903 -0.047308 -0.00717129 0.0695722 -0.000424151 -0.00293282 0.0210631 0.0103451 -0.00981138 0.0227588 0.0146993 0.00045152 -0.0139119 0.0437866 0.000760083 -4.31443e-05 0.0045649 -0.00868623 -0.0198192 0.00297054 -0.000199124 0.00874752 -3.10434e-05 -0.00366053 -0.0457907 0.0151806 0.0010359 -0.0010133 -0.0495511 0.0493791 -0.0278586 0.0163306 -0.0032427 0.0410266 -0.009427 -0.00231517 -0.00173282 -0.0160685 0.00138683 -0.00546313 -2.75905e-05 -0.00148006 0.00012049 0.0244529 -0.00374701 -0.0441951 -0.00112451 0.0434188 -0.00317336 -6.05494e-05 -0.000102496 0.00597153 0.0091963 -0.00343827 -0.00143998 -0.000663967 -0.00727334 0.00218426 -0.0447392 -0.00057718 0.0014518 -0.0409773 -0.00324605 0.000757128 -0.00176467 0.0435779 0.000599672 0.000383475 -0.00197782 -0.00485023 -0.00232382 
1.37131e-05 2.78747e-06 2.10491e-05 4.16619e-05 1.13234e-05 -7.50877e-06 -0.000420016 -2.15305e-05 -0.000599285 -0.000713142 0.00062458 0.000394662 -0.00110022 -7.42391e-06 9.2234e-05 0.000177648 3.28287e-05 0.0019841 -0.000695823 8.42473e-05 1.13363e-06 1.21196e-05 3.97348e-07 0.00039151 3.43497e-05 0.000134573 -0.000644169 5.55087e-05 0.000156548 1.42133e-05 -0.000700012 -3.01548e-05 -0.000588219 0.000406199 3.86338e-05 0.000474518 -0.00109545 -4.86877e-05 0.000139068 0.000211519 2.39209e-05 -0.000174102 7.63885e-05 0.000330991 7.08788e-05 0.00013339 -9.6055e-05 -0.000774321 0.000526057 1.54889e-06 1.56525e-05 2.53691e-05 -2.54589e-06 -0.000596586 -0.000176373 0.000585494 3.69064e-05 -0.000677483 0.000313363 -0.000356443 -0.000217148 0.000105471 7.46967e-06 0.000274888 0.000146714 5.09833e-05 0.000142603 0.000503038 0.000418436 -3.67347e-07 0.000102934 6.37609e-06 2.86387e-05 6.80116e-05 -0.000664299 0.000129392 0.000109251 -4.07869e-05 4.09255e-05 -3.17309e-06 9.01284e-05 -6.50912e-05 -4.54908e-05 -1.81357e-05 -6.46153e-06 0.000199996 6.11002e-05 -0.00041681 0.000172869 0.000440251 -0.00039343 0.000134808 8.18911e-06 -1.60883e-05 0.000194505 -2.48571e-06 1.06227e-05 0.00034448 -0.000148445 8.05839e-05 
-0.000530235 -0.00950979 -0.00269695 -0.00725734 0.000120433 -0.00254868 -0.0341836 0.00495828 0.212467 0.144258 -0.0316568 -0.0113518 0.0914626 -0.00405316 4.13276e-05 -0.201778 -0.0424842 -0.000695823 0.227793 -0.0013442 -0.00174497 0.00565357 -0.00106335 -0.00980505 0.00457709 -0.00484132 0.218437 -0.000465778 -0.0276929 -0.00132467 0.213255 -0.0017672 -0.136857 -0.00326093 -0.000153384 -0.0570464 0.054812 0.0342649 -0.150947 -0.0599761 -0.00129832 0.0255935 -0.197158 -0.00460896 -0.000168421 -0.0113402 0.0372841 0.0274113 -0.0100155 0.000647908 -0.0143839 -0.000140297 -0.00474553 0.187471 -0.190557 -0.0156584 -0.00252553 0.209326 -0.206319 0.111486 -0.124589 -0.00766626 -0.197568 -0.0228938 0.00939889 -0.00710507 -0.0392334 -0.00625636 -0.0447928 2.15016e-05 -0.00377106 -4.96384e-05 -0.020144 -0.00868357 0.219005 -0.00264238 -0.173741 0.0125252 -0.00147976 -0.00046878 -0.023454 -0.0952382 -0.00231804 -0.00360339 -0.000106037 -0.0226657 -0.00421023 0.215549 -0.00726171 -0.00311768 0.20848 -0.00924166 -0.00032361 -0.00412447 -0.194329 0.000174171 -0.0029763 -0.00482674 0.0298212 -0.00145848 
0.000100844 0.000492479 6.95108e-05 -6.60411e-05 5.72224e-05 -8.46512e-05 0.000790585 0.002134 0.000367301 -0.00432455 -1.86022e-05 0.000688251 0.00204856 0.00158925 -1.85766e-05 0.00136668 -3.43936e-05 8.42473e-05 -0.0013442 0.0180051 -7.37606e-05 -0.000129153 0.000380431 -0.000446768 -1.6558e-05 0.000404037 6.01658e-05 -3.25979e-05 0.00169877 0.00109279 0.00157813 0.00260238 -0.00120115 2.82231e-05 0.000792263 0.00328521 -0.00187234 0.000721138 -0.00497471 -0.00272046 0.000772991 0.00212148 -0.00309817 0.000275623 0.000132474 0.000313706 0.000796719 -0.0118787 0.000655068 -2.5615e-05 0.000237451 -1.48199e-06 0.00419333 0.000360322 -0.00662437 0.000811163 -0.000106986 -0.00207499 -0.00169705 0.00107206 0.00133988 -0.000215265 -0.00368168 0.00150323 -0.000234931 -3.17872e-05 -0.00178278 0.000467743 0.00171595 3.1945e-05 -0.000161816 -1.16808e-05 0.00092158 -0.000340226 -0.00106996 -1.51648e-05 -0.0036493 -0.000155904 -0.000153354 0.000294248 -0.000987692 -0.0019463 -0.000404147 -0.000166443 -1.23274e-05 0.000904638 0.000165754 0.00111754 0.000722245 0.000199082 -0.00308044 0.000519064 -1.60909e-05 0.000304567 0.000344431 -1.61417e-05 -7.47346e-05 -6.07692e-05 -0.00130811 -0.000288879 
-7.45124e-06 0.00308002 5.22914e-06 0.000120278 -3.4016e-06 9.75994e-05 -0.00324063 -5.6086e-05 -0.00176081 -0.00189816 0.00038048 0.00141434 -0.00368586 0.000425063 -3.50445e-06 -0.00224493 -0.000692006 1.13363e-06 -0.00174497 -7.37606e-05 0.00501565 0.000498594 -1.31929e-05 0.00416508 -2.35512e-05 0.000555756 -0.00162682 0.000843774 -0.000214558 7.26415e-06 -0.00186186 -0.000208975 -0.00236728 0.00107883 0.000342094 -0.00034281 -0.00400272 0.00183314 -0.00197872 -0.0007852 -6.83969e-06 -0.000497492 -0.00254999 -3.81253e-06 1.12209e-05 0.00023226 -0.000331047 -0.00373342 0.000211498 4.91494e-06 0.00151842 1.13721e-05 0.000128639 -0.00157961 0.00169024 0.00270308 0.00130129 -0.00169701 -0.001551 -0.000686297 -0.00170403 0.00140166 -0.00215915 0.0037194 0.000290094 0.00138243 -0.000504714 0.000988816 0.00105484 -6.97739e-07 0.000576136 7.30474e-05 -0.000195571 0.00332105 -0.0017215 0.00220402 -0.00263276 0.0003092 -5.52335e-05 -1.87927e-06 0.00270578 -0.00115781 0.00401393 0.000617575 0.0012897 0.000985377 0.000489421 -0.00159167 4.4754e-05 2.33735e-05 -0.00115783 0.00128709 -2.04512e-07 0.000594477 -0.00247427 -3.22396e-06 0.000333395 0.000849937 0.000660317 -5.87919e-05 
-1.7638e-05 0.00228278 -0.00013182 -0.000296421 -8.12526e-06 -8.66747e-05 -0.00974599 0.00274447 0.00807349 -0.00181513 -0.000782812 -6.86325e-06 0.00127818 0.0014851 -1.89112e-05 -0.00971956 9.65174e-05 1.21196e-05 0.00565357 -0.000129153 0.000498594 0.0168487 -1.49745e-05 0.00223376 8.9436e-05 0.000216884 0.00760786 -4.27073e-05 -0.00135538 -4.51797e-05 0.00683054 0.00184162 -0.00561162 -6.85316e-05 0.00126531 -0.00280606 -0.00136011 0.000214469 -0.00755833 -0.00289091 0.000494347 0.00689638 -0.00971934 -7.09529e-05 2.20028e-05 -0.000307985 -0.000207811 -0.00493878 -0.000468421 3.4271e-05 -0.000333091 -2.07226e-07 0.000139693 0.00520583 -0.00701137 -0.000343362 7.90025e-05 0.00412406 -0.008762 0.000842397 -0.00614425 0.00249807 -0.00956385 0.00147034 0.000217399 0.000926053 -0.00192182 -0.000286605 -0.00160677 4.7698e-05 0.00102974 -2.26363e-06 -0.000924137 0.00233673 0.0078379 -6.05866e-05 -0.00732816 0.000399594 -0.000122654 -2.24609e-05 0.000157795 -0.00447014 0.00254304 0.000785655 2.8966e-05 -0.000760308 -1.2369e-05 0.0077426 -0.000179384 0.000442588 0.00622518 0.00265238 3.92108e-07 0.00177871 -0.00950918 0.000101019 0.000500495 0.00133959 0.00153955 -0.000121707 
2.6747e-05 0.000416697 0.000188094 -7.62171e-05 -1.60606e-06 -4.29476e-06 -0.00229841 8.85932e-05 -0.00107027 -0.00125098 -4.39027e-06 -1.08542e-05 -0.00160244 6.18197e-05 2.0543e-05 0.000680718 -1.80546e-05 3.97348e-07 -0.00106335 0.000380431 -1.31929e-05 -1.49745e-05 0.00402025 0.000265354 -2.68814e-05 0.000361487 -0.00108845 1.8049e-05 0.00205044 6.89731e-06 -0.00100731 4.37789e-05 0.000654173 0.000314698 0.000211943 -9.0455e-06 -0.000943965 -0.000209693 -0.00173494 -0.000692919 6.9195e-05 -0.000387736 0.000453392 0.000205087 2.17481e-05 0.00189596 -0.000140867 -0.00198973 0.000620109 -5.5889e-06 0.000858148 1.12039e-06 8.69075e-05 -0.00120495 -0.000939182 0.00114528 3.20666e-05 -0.000970218 0.000984159 -0.000484238 0.0010389 -6.04998e-06 9.22741e-05 8.35802e-05 -5.36727e-05 0.000145529 -0.000386744 0.000678746 0.000623753 -4.2803e-07 -2.75952e-05 -2.19853e-06 0.00194633 -4.66048e-05 -0.00105078 7.86163e-06 -0.00184751 8.41677e-06 0.000452833 3.25351e-05 0.00191711 -0.000835497 -6.37195e-05 -3.78758e-05 -1.2209e-05 0.000481052 0.000129997 -0.00112983 0.000778009 0.000312336 -0.0010594 0.000191289 1.95696e-05 -3.74936e-05 0.000503437 2.1843e-06 6.34731e-05 0.000366819 -0.000198021 7.41762e-08 
1.59907e-05 0.0212351 0.00118248 -6.13213e-05 -1.27904e-05 -0.000104356 -0.0261861 -0.000218132 -0.0090597 -0.0105974 0.00786648 0.0178914 -0.0229435 0.00690575 8.72512e-05 -0.0180606 -0.00441378 0.00039151 -0.00980505 -0.000446768 0.00416508 0.00223376 0.000265354 0.0333576 0.000225376 0.00932491 -0.00927548 0.00226571 -0.000163152 0.000586908 -0.0101959 -0.00225517 -0.016128 0.00521295 0.00327078 -0.00247217 -0.0262283 0.00210815 -0.0152896 -0.00593661 0.000191545 -0.00323283 -0.0190702 0.0037843 0.000173933 0.00584796 -0.00190244 -0.0223964 0.00455717 7.86269e-05 0.00257277 9.84246e-05 7.1138e-05 -0.00897339 -0.00141738 0.0158675 0.0063581 -0.00940699 0.0010526 -0.00552725 -0.0122297 0.0178814 -0.0193394 0.0214772 0.000220956 0.0135199 -0.00355964 0.0059153 0.00436786 1.58831e-05 0.0059836 0.000213572 0.00384212 0.021255 -0.00728374 0.00596499 -0.01876 0.000156137 0.000467949 -3.35467e-05 0.0126255 -0.00817352 0.0160454 0.00922906 0.00117926 0.00813835 0.00236425 -0.00994748 0.00191869 0.0032325 -0.00424344 0.0155048 1.59746e-05 0.00750254 -0.0182766 4.0913e-05 0.00397759 0.00974152 0.0120131 -0.000429733 
-2.62213e-06 -0.000188414 0.000192349 -0.000167 -3.40882e-06 -6.23101e-05 -0.00196533 0.000390932 0.00399604 -0.000645624 -0.000791882 4.14684e-05 0.00161362 4.24593e-05 1.06268e-05 -0.00452697 -0.00121055 3.43497e-05 0.00457709 -1.6558e-05 -2.35512e-05 8.9436e-05 -2.68814e-05 0.000225376 0.0078927 -9.69153e-05 0.00448848 -1.41555e-05 -0.00043648 2.52055e-05 0.00403794 -5.24129e-05 -0.00387672 -5.35415e-05 -0.000103625 -0.00129617 0.000589403 0.000159111 -0.00354493 -0.00136664 -3.10798e-05 0.00130023 -0.00451161 -5.65645e-05 4.30212e-06 -5.79878e-05 0.000290383 0.0005632 -6.75695e-05 2.67346e-05 -0.000223545 5.75247e-06 -2.45427e-07 0.00376015 -0.0043512 -0.00011102 9.94874e-05 0.0047204 -0.00432391 0.00244732 -0.00285112 8.22029e-05 -0.00454048 -0.000340386 0.000238538 0.000104823 -0.000884208 -9.81726e-05 -0.000943291 3.19519e-05 -5.74052e-05 -4.72103e-06 -0.000180919 -6.66812e-05 0.0045159 -3.58039e-05 -0.00431508 0.000243614 0.000765365 -7.74284e-06 -0.000258629 -0.0021597 -0.00013086 1.54625e-05 2.0802e-05 -0.000465336 -6.00446e-05 0.00419234 -9.02786e-05 1.19962e-05 0.00415414 0.000134386 9.57394e-06 3.30242e-05 -0.00442091 -6.03726e-06 -6.55859e-05 4.15202e-05 -9.51439e-05 6.57818e-05 
-2.79544e-05 0.0124205 0.000272301 -0.000221977 8.72606e-05 6.95161e-05 -0.0109374 -3.69766e-05 -0.0045479 -0.00532444 0.00843574 0.00698367 -0.0101809 0.00244535 0.000153971 -0.00692806 -0.00206781 0.000134573 -0.00484132 0.000404037 0.000555756 0.000216884 0.000361487 0.00932491 -9.69153e-05 0.0136653 -0.00455056 0.000283025 -0.00100723 0.000842062 -0.00433953 -1.17351e-05 -0.00720624 0.00224919 0.00502027 -0.00218268 -0.011613 0.000959078 -0.00613036 -0.00239247 0.00042733 -0.00126078 -0.00783365 0.00478251 0.000103194 0.00156402 -0.000968181 -0.0111112 -7.95356e-05 -1.41842e-05 6.58475e-05 3.12332e-06 0.000115656 -0.00382958 -0.00427403 0.00995572 0.00308038 -0.00449893 -0.00182426 -0.00251252 -0.004955 0.00664276 -0.00745885 0.00876705 -0.00015719 0.00795315 -0.00155415 0.00199606 0.000857898 1.43267e-06 0.000447397 1.53489e-05 0.00236681 0.00714503 -0.0034166 0.00229637 -0.00758929 -0.000132806 0.00026808 -1.13173e-05 0.000261481 -0.003613 0.00249779 0.00132753 0.00114264 0.0048248 -9.44334e-05 -0.00279461 0.00514524 0.00249765 -0.00301457 0.0117664 -1.53582e-05 0.00176052 -0.00756941 -1.76021e-05 0.000185098 0.00697937 0.00332663 -0.000208709 
-0.000519023 -0.00947804 -0.00287913 -0.00758359 0.000151073 -0.00245932 -0.0352452 0.00874183 0.22094 0.145543 -0.0320489 -0.0116702 0.0931126 -0.00399615 4.26373e-06 -0.206511 -0.0446403 -0.000644169 0.218437 6.01658e-05 -0.00162682 0.00760786 -0.00108845 -0.00927548 0.00448848 -0.00455056 0.232067 -0.000124782 -0.0292666 -0.00130814 0.222828 0.0111591 -0.145448 -0.00225153 -0.000118537 -0.0591499 0.05002 0.03785 -0.159478 -0.0627196 -0.00143991 0.0371572 -0.207135 -0.00459145 -0.000125094 -0.0117561 0.037927 0.0184474 -0.0102491 0.000738553 -0.012608 -0.000108284 0.000276411 0.196284 -0.199816 -0.0154148 -0.00260402 0.210765 -0.217362 0.11648 -0.130878 -0.00780272 -0.206299 -0.0213356 0.00954723 -0.00722192 -0.0404487 -0.00570706 -0.0400137 9.22236e-05 -0.00391655 -3.31164e-05 -0.0211258 -0.00884663 0.222989 -0.00250323 -0.180094 0.012681 -0.00165953 -0.000511204 -0.024337 -0.0997017 -0.00204664 -0.00369811 -8.56007e-05 -0.0230231 -0.00438938 0.225985 -0.006668 -0.00214219 0.210219 -0.00705838 -0.000332015 -0.00417526 -0.201124 0.000351845 -0.00294215 -0.00441809 0.0296431 -0.000763959 
4.33868e-05 0.000918616 7.79543e-06 -1.01601e-06 2.35554e-06 -9.29306e-06 -0.00161085 -2.97892e-05 -0.000173169 -0.000626861 -0.000347068 0.000657505 -0.00159506 -4.28062e-05 1.5101e-05 -0.00175233 -0.000131436 5.55087e-05 -0.000465778 -3.25979e-05 0.000843774 -4.27073e-05 1.8049e-05 0.00226571 -1.41555e-05 0.000283025 -0.000124782 0.00332666 6.1032e-05 7.62815e-05 -0.000372026 -0.00021604 -0.0012056 0.0016122 7.01236e-06 -0.000174925 -0.0018598 8.31964e-05 -0.00148231 -0.000575044 0.000109668 -0.000252166 -0.0018896 7.90229e-05 -1.65183e-06 0.000692389 -0.000176067 -0.00221526 0.000429902 3.9591e-05 0.000606662 7.77998e-05 -2.95503e-05 -0.000415781 -0.00055582 0.00176366 6.45372e-06 -0.000735141 -0.00128607 -0.000300134 -0.00118292 -2.31269e-05 -0.00180167 0.00185558 6.65753e-05 -5.27078e-05 -0.000287163 0.00208475 0.00189055 -3.03705e-07 -2.04027e-05 7.67673e-06 6.78572e-05 0.000402327 -0.00013476 0.000245858 -0.00179251 0.000288763 -3.57067e-05 -4.6385e-06 0.00123927 -0.000890446 0.00144891 0.000403069 0.00012897 0.00158949 0.000347467 -0.000182654 0.000110274 0.000392 0.0010537 -6.8591e-05 5.17369e-06 -1.82253e-05 -0.00174996 3.75547e-05 0.00027397 0.000101914 0.000882418 -1.80122e-05 
0.00110162 0.00104479 0.00637825 0.00108331 -5.147e-05 -0.000548597 -0.0127648 -0.00121448 -0.0283341 -0.0284646 -0.00732527 0.00701557 -0.0170013 -0.000540401 0.000210837 0.0230393 0.0169097 0.000156548 -0.0276929 0.00169877 -0.000214558 -0.00135538 0.00205044 -0.000163152 -0.00043648 -0.00100723 -0.0292666 6.1032e-05 0.0740302 0.000653019 -0.0292585 0.00107081 0.0301097 0.000246674 -0.00142925 0.00967581 -0.00921502 -0.00536425 -0.00889726 -0.0126325 -0.000977692 -0.00808934 0.0134145 0.00487038 7.1899e-05 0.0194105 -0.00388973 -0.0305487 0.0136527 -7.01426e-05 0.0215987 0.000190313 -0.0023543 -0.0243563 -0.00181278 0.0158582 0.000709371 -0.0266332 0.031162 -0.0147149 0.0181884 -0.00140516 0.0124819 -0.000269899 -0.000896616 0.00343182 -0.00793474 0.00625383 0.0119635 -1.42933e-05 -0.000586215 0.000126479 0.035192 -0.00150942 -0.0290328 -0.000476255 -2.64324e-05 -0.0016496 0.00461542 -0.000106393 0.0293519 -0.0119704 -0.00194709 -0.000728218 -0.00019294 -0.00279727 0.00338914 -0.0282023 0.00789101 0.00341751 -0.0230157 0.00251565 0.000863452 -0.000872549 0.0150806 0.000280551 0.0028491 8.56066e-05 -0.0040095 -0.0011838 
2.44211e-05 0.00118798 0.000256186 1.78018e-05 2.36731e-05 -1.59986e-06 -0.000605649 -1.87746e-05 -0.00132478 -0.00139948 0.000869934 0.00134125 -0.00172334 0.00153502 1.07011e-05 0.000226953 -0.000456903 1.42133e-05 -0.00132467 0.00109279 7.26415e-06 -4.51797e-05 6.89731e-06 0.000586908 2.52055e-05 0.000842062 -0.00130814 7.62815e-05 0.000653019 0.0037794 -0.00083509 0.000482043 -0.00142792 0.000100119 0.000788749 -0.000272263 -0.00272872 -0.000212573 -0.00131789 -0.000595651 0.000616174 0.000700172 -0.00119418 0.000316401 2.18533e-05 0.000301989 -0.000271365 -0.00246424 0.000456447 -4.7852e-06 0.000785497 4.70344e-06 0.00034869 -0.000869986 -0.000753604 0.00107952 2.76813e-05 -0.0012584 -0.000171978 -0.000687884 -0.000780816 0.000665233 -0.000877937 0.00191102 -5.52753e-05 0.000518968 4.17573e-05 0.000112263 0.000776611 3.1678e-06 9.41566e-05 -3.01704e-06 0.000309572 0.000381244 -0.00115654 8.20847e-05 -0.00147601 -6.61564e-05 0.000512675 4.07115e-05 0.00066112 0.000240222 0.000167647 0.000115597 5.69287e-05 0.00116445 6.83013e-05 -0.00122897 0.000528505 4.37484e-06 -0.00104372 0.00106226 3.01654e-06 0.000891353 -0.000548389 -5.03704e-06 7.796e-05 0.000452573 0.00081942 0.000145722 
-0.000491715 -0.00972324 -0.00215464 -0.00764365 0.000174473 -0.0018966 -0.0340539 0.00845014 0.214753 0.140906 -0.0310684 -0.0106739 0.0900246 -0.0037599 -3.45566e-05 -0.199906 -0.047308 -0.000700012 0.213255 0.00157813 -0.00186186 0.00683054 -0.00100731 -0.0101959 0.00403794 -0.00433953 0.222828 -0.000372026 -0.0292585 -0.00083509 0.234673 0.0159979 -0.147845 -0.0034099 0.000561219 -0.0581196 0.043976 0.0366866 -0.157067 -0.062968 -0.000320416 0.0406366 -0.20292 -0.004063 1.66218e-05 -0.0109048 0.0362329 0.0149021 -0.00922916 0.000704876 -0.0121098 -0.000146053 0.00123573 0.196064 -0.196574 -0.0146659 -0.00270442 0.206952 -0.215621 0.114443 -0.129427 -0.00815532 -0.202274 -0.0220479 0.00860092 -0.0074441 -0.036595 -0.00657872 -0.0355151 7.92433e-05 -0.00402684 -9.39559e-05 -0.0213941 -0.00922813 0.217403 -0.00278857 -0.177859 0.0121461 -0.00022656 -0.000506706 -0.0237433 -0.0988831 -0.00336878 -0.00385931 0.00022437 -0.0224564 -0.00448154 0.220674 -0.00480035 -0.00324057 0.206089 -0.00698181 -0.000355769 -0.00416531 -0.195388 0.000182079 -0.00314736 -0.00437289 0.0285275 -0.000489726 
-3.73288e-05 -0.00176902 -0.000573933 -0.00132465 2.10853e-05 -9.30272e-06 -0.000794275 0.00500678 0.00689313 -0.00366851 -0.00252208 -0.00180934 -0.00352894 -0.000422795 -0.000150613 -0.00284064 -0.00717129 -3.01548e-05 -0.0017672 0.00260238 -0.000208975 0.00184162 4.37789e-05 -0.00225517 -5.24129e-05 -1.17351e-05 0.0111591 -0.00021604 0.00107081 0.000482043 0.0159979 0.0667267 -0.023709 -0.000440502 8.01932e-05 -0.00640802 -0.0165345 0.00261682 -0.0141497 -0.00799145 -0.000484596 0.0256126 -0.010272 -0.000191101 0.00019691 -0.00178526 -0.00286177 -0.0111088 -0.00167044 -8.25183e-05 0.00210733 -3.1012e-05 0.0116059 0.0157286 -0.010528 -0.000828951 -0.00051468 0.00389843 -0.0196812 0.00410602 -0.00466284 -0.00153827 -0.00995454 0.00417298 -0.000291833 -0.0013315 0.00665814 -0.00109395 0.0172502 9.73583e-05 -0.000721693 -2.77562e-05 -0.00242251 -0.00174073 0.00397144 -0.000343648 -0.0131089 -0.00121747 -0.000375796 -7.55066e-05 -0.00209648 -0.0151417 -0.00154255 -0.000739061 0.00112472 0.00159544 -0.000572082 0.0141185 0.00185282 -0.000307962 -0.00159825 0.00152754 4.09354e-05 -0.000536309 -0.00444792 -4.1108e-05 -0.0005211 -0.000502414 -0.00305696 0.000240483 
0.000553067 -0.0162675 -0.0016908 0.00235936 -0.000263936 -0.00144148 0.0268881 -0.00718333 -0.140711 -0.108227 -0.00975544 -0.00960801 0.0048318 -0.00745459 -0.000141993 0.156265 0.0695722 -0.000588219 -0.136857 -0.00120115 -0.00236728 -0.00561162 0.000654173 -0.016128 -0.00387672 -0.00720624 -0.145448 -0.0012056 0.0301097 -0.00142792 -0.147845 -0.023709 0.249587 -0.00221247 -0.00858076 0.0556977 0.0415183 -0.0257936 0.130299 0.0233422 -0.00228015 -0.042487 0.162817 -0.00217064 -0.000144849 0.00209709 -0.0189941 0.00143619 0.00233162 -0.00061609 0.00658492 -8.37319e-05 -0.011573 -0.139236 0.131229 -0.00882452 -0.00366998 -0.144992 0.163066 -0.0916761 0.112959 -0.0111168 0.157221 -0.0260575 -0.00286447 -0.00987655 -0.0262366 -0.00111324 -0.0110587 -0.000108223 -0.00391958 -2.65173e-05 0.0162503 -0.0124947 -0.143309 -0.00352862 0.153705 -0.0096021 -0.00110008 0.000266209 0.00687173 0.0722358 -0.0111404 -0.0052018 -0.00224061 -0.00899511 -0.000292189 -0.146804 -0.00522581 -0.000277972 -0.136645 -0.0137745 0.000376988 -0.00559067 0.158701 0.000163144 -0.000417701 -0.00653107 -0.0299543 -0.0049357 
2.48714e-05 0.00437874 -3.13438e-05 0.000450273 3.65157e-05 9.71012e-05 -0.00698894 -6.65547e-05 -0.00241082 -0.0035493 -0.000296578 0.00358334 -0.00674012 0.000171397 5.17037e-05 -0.00547163 -0.000424151 0.000406199 -0.00326093 2.82231e-05 0.00107883 -6.85316e-05 0.000314698 0.00521295 -5.35415e-05 0.00224919 -0.00225153 0.0016122 0.000246674 0.000100119 -0.0034099 -0.000440502 -0.00221247 0.00982792 0.00107168 0.00190652 -0.00671552 0.000746083 -0.00324501 -0.000625432 0.000635618 -0.000950861 -0.00415727 0.00252388 6.99346e-05 0.00130965 -0.000596801 -0.00651689 0.00165768 3.26531e-05 0.000883463 0.000111186 0.000346219 -0.00290704 -0.000989668 0.00600823 0.000230454 -0.00323852 -0.00117136 -0.00157843 -0.00322806 0.00134275 -0.00404293 0.00586552 0.000546054 0.000879919 -0.00091046 0.00549695 0.00544591 -1.51096e-06 0.000476918 2.70587e-05 -0.00038273 0.00220381 -0.00226144 0.00103912 -0.00408458 0.000558212 2.9327e-05 -1.1899e-05 0.00274727 -0.0021511 0.00302547 0.00079612 0.000282094 0.00438524 0.0002213 -0.00153219 0.00237227 0.0032815 -0.00114265 0.00152969 3.58499e-06 4.48114e-05 -0.00439855 -4.34157e-06 0.000498854 0.00307833 0.000956792 -1.69653e-05 
