0.000664103 -8.72185e-07 1.16979e-05 -2.035e-07 -8.18983e-05 -7.30427e-06 -1.09192e-05 -1.86797e-05 5.53213e-06 -2.03481e-05 -4.56402e-07 0.000183381 2.29973e-06 1.26013e-07 0.000202958 -0.000243052 -1.54194e-05 -6.34696e-07 -2.99508e-06 -8.37054e-06 -1.14595e-05 0.000310518 -4.31894e-06 4.324e-06 -0.000310212 1.7411e-05 -0.000229501 -2.34584e-08 -4.92285e-07 -8.98686e-08 -0.000117765 7.40011e-06 3.45369e-05 8.10164e-05 0.000159491 -3.05721e-06 6.28449e-05 -1.08991e-05 -0.000239918 1.03666e-06 -7.8225e-07 3.82542e-07 -0.00013798 -1.89572e-07 -3.51458e-06 -0.000203029 0.000348624 -1.80747e-06 -0.00018407 -1.42273e-05 -1.17001e-05 0.000110999 -1.35213e-07 -8.57349e-06 -2.34673e-07 -8.93794e-05 0.000149756 -4.30899e-06 8.01474e-06 -3.44426e-07 -6.7819e-05 0.000347156 -0.000137534 -0.000169706 2.8111e-05 1.50811e-06 -3.06963e-05 -3.80075e-07 6.21257e-07 -3.13757e-05 -3.24724e-06 7.55507e-05 -2.15426e-06 -0.000140916 9.6982e-06 -1.13991e-05 -4.01925e-06 -0.000244298 0.000265743 -0.000255956 -5.04909e-06 -3.01175e-05 1.44873e-05 -3.04084e-06 3.30073e-05 -0.000380336 7.34758e-05 -2.34859e-05 -5.91974e-05 2.78344e-05 -1.17126e-05 -1.83643e-07 -3.59778e-05 -3.24803e-08 -1.55597e-05 -0.000101248 6.82396e-05 0.00039198 5.90197e-05 1.72296e-06 
-8.72185e-07 0.00131073 1.43142e-05 3.36903e-05 0.000235367 -3.97696e-05 6.56273e-05 0.000399953 -1.57093e-06 0.000126036 -9.0138e-07 0.000185214 1.71595e-06 6.48328e-07 -0.000237452 -0.000253901 0.000389435 -0.000114478 1.90997e-07 4.10708e-05 1.33723e-05 -0.000371126 5.09048e-05 3.77631e-06 -0.000192734 7.26319e-05 -0.000185619 -4.63297e-08 2.28628e-05 1.65585e-06 5.52763e-05 1.56636e-05 -1.63811e-05 -0.000151544 -9.8901e-05 3.35989e-05 0.000230526 0.000530119 -0.00011643 3.87909e-06 -8.09895e-06 2.40311e-05 0.000223658 -3.744e-07 0.000189159 -0.000381613 -9.17683e-05 1.33676e-05 -0.000188153 0.000379237 0.000301959 -1.3159e-05 8.99626e-07 1.08232e-05 5.18097e-06 -5.80347e-05 -0.000120532 1.06232e-05 7.22273e-05 3.75324e-07 -6.19445e-05 -5.08182e-05 0.000161669 -0.000194082 8.31836e-06 -2.91205e-07 -0.000368806 -1.2773e-06 2.71143e-06 0.000327716 -1.30164e-05 -0.000749083 9.35041e-06 -0.000449752 1.31539e-06 -4.62108e-06 4.951e-06 -0.000376487 -2.21951e-05 -0.00029221 7.27393e-05 0.000386911 1.93802e-05 2.35294e-05 -0.000731916 -0.000140598 -2.27432e-06 -0.000116722 0.00039361 -5.68351e-06 -1.22746e-05 4.75953e-06 -8.09653e-05 -1.51924e-07 -1.85852e-06 1.9639e-05 -0.000247793 -2.99667e-05 7.86183e-05 1.32254e-05 
1.16979e-05 1.43142e-05 0.0443692 -2.48644e-05 -0.00862015 -0.00158798 -0.000390339 -0.000661089 -0.000128793 -0.000945161 -2.88595e-05 -0.0061783 -0.000193835 -6.1976e-06 -0.00871273 0.0126727 -0.000278771 0.00176579 0.000648764 -0.000915592 -0.000948102 -0.0162573 -0.000618423 -8.53683e-06 0.00357638 -0.000253337 0.00779371 -1.10934e-06 -6.25182e-05 -5.47081e-06 -0.0100444 -5.94113e-05 -0.000283241 -0.00948187 -0.00446619 -0.00045105 -0.00246703 -0.000504097 0.0119623 -1.97619e-05 -0.000248433 -5.78768e-05 0.00522573 -1.03526e-05 -0.000118597 0.00800813 -0.0159554 0.000311728 0.0104473 -0.000516571 -0.000518523 -0.000151717 -8.45714e-06 0.000510809 -3.25516e-06 -0.00738004 0.00177379 -0.000206148 -0.00209861 -2.31295e-05 -0.0055371 -0.00196735 -0.010091 -0.00272716 -9.75403e-05 -8.93611e-06 0.0109231 -2.25325e-05 2.85747e-05 -0.00384559 -0.000350217 -0.0119351 -9.80901e-05 -0.0103272 0.0010831 -0.000473266 -0.000205314 0.00566568 0.000846779 0.0108149 -0.000321762 -0.00190808 -9.38086e-05 -0.00024407 0.00272426 0.0141777 -0.000101999 -0.00476172 -0.00466274 -0.000282858 -0.00177775 8.35152e-06 -0.0026898 -5.38664e-06 -0.000847125 0.00290403 0.0103294 -0.000689453 -0.000596268 -2.73719e-05 
-2.035e-07 3.36903e-05 -2.48644e-05 0.00184105 0.000276671 0.000326617 0.0010201 0.000145676 1.82003e-05 0.000300729 1.00221e-05 0.000963424 1.74228e-05 -8.22135e-07 0.000874001 -0.00113447 0.000292661 -0.00020126 -1.38592e-05 0.000668429 0.000264132 0.00020807 1.20979e-05 1.12649e-06 -0.00105234 -1.0837e-05 -0.000980157 4.68224e-07 5.3595e-06 1.61679e-07 0.00108541 0.000153114 -2.46352e-05 0.000501584 -3.7524e-05 0.000356253 -2.62019e-05 0.000136787 -0.000782301 -8.27514e-07 -2.63876e-06 -3.44801e-06 -0.000358112 -5.26162e-07 9.34675e-05 -0.00115773 -0.000138599 3.97745e-08 -0.00058486 0.000151034 -1.7174e-05 1.36733e-05 1.13604e-07 -2.27188e-05 1.15328e-07 0.000765111 -1.45969e-05 6.32625e-05 -6.5904e-05 1.15218e-05 -0.000177615 0.000560514 0.000426391 -0.000803686 7.12996e-05 8.74631e-06 -0.00118827 0.000125461 1.71728e-06 -0.000117575 2.48108e-05 -0.00133124 -4.90096e-06 0.00024731 3.45084e-05 0.000648407 -1.01999e-05 -0.0010544 -2.7805e-05 -0.00101701 0.000143208 0.000318346 -3.82271e-06 9.74149e-06 -0.000579873 -0.000908979 -4.91998e-06 0.000214852 0.000325645 -6.49376e-06 0.000199451 -3.98594e-07 0.00061301 1.58649e-06 3.62451e-05 -0.000438138 -0.000975352 -4.63009e-05 0.000543328 0.000187417 
-8.18983e-05 0.000235367 -0.00862015 0.000276671 0.174704 0.0045558 -0.0021064 0.0202994 -0.000353059 -0.00756755 0.000159083 0.0962994 -0.000883361 0.000118165 0.0908104 -0.143958 0.0308406 -0.0272415 -0.00184458 -0.00350917 0.0145565 0.0943975 -0.00233256 0.000138988 -0.132756 -0.00129284 -0.151464 1.74919e-05 0.00105051 -2.67529e-05 0.105726 -0.000331661 0.00584069 0.139454 0.0568455 0.000227648 0.0428454 0.00435224 -0.141386 0.000228426 -0.00148175 -0.000421155 -0.0470539 -5.15447e-05 0.00387258 -0.149536 0.102168 -0.00101419 -0.0792233 0.0163398 0.0133948 -0.00256443 0.000145031 -0.00293969 0.000126389 0.130685 -0.0214212 -0.000344335 0.0106569 2.83746e-05 0.0855044 0.0339741 0.146218 0.0193181 0.00123077 0.000150034 -0.157152 8.94669e-05 -1.14368e-05 0.0178153 0.00675728 -0.00598503 0.00238306 0.0657381 -0.000476124 0.00331916 -0.000472161 -0.136504 -0.00113152 -0.1297 0.00586006 0.0095923 3.89832e-05 0.0035048 -0.00519525 -0.127499 0.000562396 0.0653248 0.024777 0.00310349 -0.0084165 5.80014e-05 0.0442304 3.94123e-06 -0.00508097 -0.0385038 -0.141498 -0.0144909 0.00301383 -4.13377e-05 
-7.30427e-06 -3.97696e-05 -0.00158798 0.000326617 0.0045558 0.0387848 -0.000612959 -0.000527311 -6.05567e-05 -0.000727733 -1.60478e-05 0.0106409 -0.000156723 -1.41047e-05 0.0231807 -0.0151606 0.000316697 -0.00488454 -0.000325545 0.000440387 -0.000731872 0.0194515 -0.000208257 -1.2359e-05 -0.0221808 0.000159456 0.000673779 -5.04547e-07 -3.39389e-05 -4.06591e-06 0.00977952 5.12099e-06 -0.000559708 0.00666309 -0.00199698 1.26105e-05 -0.0026929 -0.000289033 -0.022233 -2.31989e-05 -0.000126562 -7.16314e-05 -0.00237168 -5.65224e-06 -0.000141216 -0.00426812 0.0210483 -0.000193989 -0.0131314 -0.000365507 -0.000607328 -0.00048384 -7.33491e-06 -0.000575545 -1.31731e-05 -0.00505568 0.0071429 -7.94339e-05 -0.00148251 2.28071e-05 0.0059353 -0.0018268 0.0022455 0.00241667 -4.56507e-05 -2.12389e-07 -0.00601901 -3.80801e-05 1.39054e-06 -0.00350166 -0.000306787 0.00157138 -0.000112811 -0.0144285 -0.00012537 -0.000554342 -0.0002339 -0.0061772 -0.00063441 -0.0028443 0.000229842 -0.00104108 -0.000145227 -0.000144067 0.00192621 -0.0236206 -3.01223e-05 -0.00407175 0.00979861 -0.000136806 -0.001553 -4.14718e-06 -0.00168114 -3.20088e-06 -0.000956036 0.0134415 -0.00477249 -0.0013678 -0.000334155 7.81422e-06 
-1.09192e-05 6.56273e-05 -0.000390339 0.0010201 -0.0021064 -0.000612959 0.020859 0.000299549 0.000755751 0.000447903 1.96734e-05 -0.0011518 -3.0859e-05 9.0333e-06 -0.00362527 -0.00012741 0.000130995 0.000531914 0.000870153 0.000134007 -0.000127288 0.00250571 -6.06723e-05 9.60623e-06 -0.00168054 -8.66311e-05 -0.00161384 5.11431e-06 -2.24476e-05 -1.67115e-06 0.00200827 0.000365595 -0.000159079 -0.0027309 -0.000823886 0.00300303 -0.000566524 -0.000202889 -0.000581301 -6.18663e-06 -0.000133046 8.09584e-05 -0.00348447 2.24226e-06 0.000148336 -0.0021848 -0.00511569 0.00117917 -0.00159168 0.00038546 -0.000105125 -0.00026518 4.41238e-07 0.000777746 -5.87087e-06 0.000654962 0.00507879 0.00089258 -0.000947689 6.13425e-05 -0.0024453 0.000152741 -0.00203853 -0.00768256 0.000183677 4.89488e-05 0.00159994 0.000172513 -1.70401e-06 -0.00158312 0.000193498 -0.0106659 -2.72502e-05 0.000885162 0.000116381 0.00458398 -3.78275e-05 0.00363774 -0.000318532 -0.00469918 0.000537166 0.000773158 -3.95493e-05 -2.55404e-05 -0.00438034 0.00410042 -7.83076e-05 0.00186985 0.000394994 -9.9561e-05 0.000760232 -4.75647e-06 -0.000307831 -2.46713e-06 0.000997534 -0.00408839 0.00212312 -2.15482e-05 0.00343011 0.000237376 
-1.86797e-05 0.000399953 -0.000661089 0.000145676 0.0202994 -0.000527311 0.000299549 0.0273189 -3.44683e-05 -0.000538503 9.66172e-05 0.0134374 0.000171798 -9.95136e-06 -0.0060591 -0.0180679 0.0213871 -0.00341942 -0.000229333 0.00013308 0.00223788 -0.00214404 0.000637845 0.000192447 -0.0151934 -6.00354e-05 -0.0198607 6.61886e-06 0.00028378 -3.74572e-06 -0.00338216 -4.752e-05 0.00313939 -0.00382813 -0.00207403 -0.00018489 0.0132849 0.00609767 -0.0173038 0.000464938 1.63814e-05 -3.94784e-05 -0.00583392 -6.78524e-06 0.00449342 -0.0187116 0.0120456 -0.000132386 -0.00935154 0.0205504 0.0167725 -0.00032909 4.82141e-05 -0.00034723 0.000175307 0.00666444 -0.00290953 0.000724482 0.00739724 4.5487e-05 0.00368015 0.0012617 0.0192161 0.00179966 0.000142306 2.94299e-05 -0.0195567 1.37329e-05 1.08216e-05 0.0162068 0.00075885 -0.0166023 0.00248085 -0.00811352 -2.79882e-05 0.000123789 0.000761093 -0.0171741 -0.00071457 -0.0162276 0.00723857 0.0182731 3.2636e-05 0.00469593 -0.0210755 -0.0164973 0.000127314 -0.000822457 0.0193582 -3.23265e-05 -0.000942376 0.000101632 0.000472336 9.17956e-06 -0.000572125 -0.00613031 -0.0203971 -0.00233676 0.0027911 -2.09211e-05 
5.53213e-06 -1.57093e-06 -0.000128793 1.82003e-05 -0.000353059 -6.05567e-05 0.000755751 -3.44683e-05 0.00321833 -9.13408e-05 5.70492e-05 0.000808723 -1.01649e-05 3.66084e-06 -0.000229914 -0.000633146 -0.000112262 0.00061 -4.16976e-06 0.000176183 6.87276e-06 0.00138795 -4.37531e-05 2.07656e-06 -0.00145653 -5.16489e-06 -0.00188048 3.30469e-07 -2.26399e-06 -4.36635e-07 0.000183591 -3.29647e-06 6.05396e-05 0.00035487 0.000799242 0.00218352 -9.52556e-05 -2.89882e-05 -0.0017063 -3.2769e-06 3.93579e-05 2.02308e-05 -0.000654584 1.36783e-06 -4.94259e-06 -0.0015271 -0.000854897 0.000109584 -0.00104035 -6.41997e-05 -5.57907e-05 -3.64261e-05 7.43056e-07 2.45556e-05 -2.51292e-07 0.00165582 0.000295406 -7.14679e-06 -0.000206801 2.44266e-05 -0.000243557 7.63399e-05 -0.000427091 -0.00209691 -2.25349e-07 1.12806e-06 -0.000926121 3.27996e-06 -2.69897e-07 -0.000220001 4.91943e-07 -0.00151424 2.32727e-05 0.00168667 -7.32451e-06 0.00220864 -1.71835e-05 0.000443202 -8.07457e-05 -0.0014017 -2.37537e-05 -0.000156708 6.69894e-05 -4.91307e-06 -0.00149395 0.000371629 -1.58732e-05 0.00153085 -0.000330727 0.000154477 -0.000114148 -8.92249e-07 0.000274355 1.59292e-06 -5.59716e-05 -0.000901065 1.96704e-05 -0.000251387 0.00195843 -2.47968e-06 
-2.03481e-05 0.000126036 -0.000945161 0.000300729 -0.00756755 -0.000727733 0.000447903 -0.000538503 -9.13408e-05 0.0341016 -2.05567e-05 0.0175593 0.00358042 -6.55726e-06 0.00343818 -0.0182827 0.000209187 -0.00382517 -0.000260411 0.014402 -0.000126472 0.0127363 0.0101576 7.26905e-06 0.00849586 0.000157232 0.00769185 -5.03457e-07 -1.51103e-05 0.000107764 0.01142 0.000363681 -0.000502911 -0.00643583 -0.0024697 0.000460371 -0.00142619 0.00805079 0.00234862 0.000251766 0.00039227 -5.23373e-05 -0.00288555 -8.429e-06 -0.000120451 -0.0192151 0.0138659 -9.66766e-05 -0.00750236 -0.000696696 -0.00052226 -0.000273869 -5.65948e-06 -5.15065e-05 -4.27262e-06 -0.00661354 -0.00234923 -8.20894e-05 0.0241447 0.000130056 -0.00278532 -0.00141944 -0.00102889 -0.012299 2.60045e-05 5.64522e-06 -0.0132901 -3.02599e-05 3.45534e-05 -0.000947675 -0.0003753 -0.0181301 -8.78046e-05 -0.0125496 -0.000101917 -5.40675e-05 -0.000159098 -0.0175145 -0.000789042 -0.0164691 -0.000257704 0.0215974 0.000294735 -7.12953e-05 -0.0171835 -0.0163723 0.000370428 -0.000153924 0.0240501 -0.000168017 0.018666 5.94197e-06 -0.00217363 -3.43656e-06 -0.000798133 -0.00537433 -0.0198034 0.0040878 -0.000418205 0.000465928 
-4.56402e-07 -9.0138e-07 -2.88595e-05 1.00221e-05 0.000159083 -1.60478e-05 1.96734e-05 9.66172e-05 5.70492e-05 -2.05567e-05 0.000686317 0.000306858 -6.33708e-07 6.7161e-06 5.6516e-05 -0.000381053 6.09421e-05 -7.43495e-05 -5.22234e-06 1.68973e-05 0.000119976 0.00019517 -8.41753e-06 7.14374e-08 -0.000361054 -2.72101e-06 -0.000449366 -2.42436e-08 -9.03649e-07 -9.28768e-08 0.000261748 -4.40058e-07 0.000177424 0.000314348 4.91138e-07 0.000170461 0.000157717 -7.87111e-06 -0.000380511 -1.19252e-07 -8.47952e-07 -1.31674e-06 -0.000135883 -1.95918e-07 4.66122e-05 -0.000385701 -8.72946e-05 -2.81781e-06 -0.000237972 5.03375e-05 2.99749e-05 -8.61758e-06 2.15817e-07 1.79393e-05 6.68583e-07 0.000312642 -3.34734e-05 1.30134e-05 -3.76614e-05 -3.55955e-07 1.80922e-05 8.32102e-05 0.000115963 -0.000150758 9.13406e-06 1.69839e-07 -0.000401142 8.77605e-06 -9.28615e-08 -7.97953e-06 0.000116804 -0.000231586 2.15582e-06 0.000274795 -2.01623e-06 0.000226204 -3.96489e-06 -0.000339901 -1.79436e-05 -0.000327272 3.84263e-05 4.04949e-05 0.000185635 1.2736e-06 -0.000368819 -0.00029711 1.58175e-05 0.000285869 -1.32659e-05 0.000225741 5.88024e-05 3.21321e-07 0.000339105 1.25649e-05 -1.28424e-05 -0.000175235 -0.000391861 -4.89235e-05 5.79652e-05 -3.71898e-07 
0.000183381 0.000185214 -0.0061783 0.000963424 0.0962994 0.0106409 -0.0011518 0.0134374 0.000808723 0.0175593 0.000306858 0.20084 0.00243749 -8.94996e-06 0.0967954 -0.146564 0.0255984 -0.0185229 -0.00143012 0.0151285 0.00593038 0.0887065 0.00870645 4.46177e-05 -0.111378 -0.000367619 -0.100411 -3.37885e-06 0.000576769 6.51339e-05 0.0995138 5.52622e-05 0.0061348 0.102943 0.0340434 0.00530061 0.0175633 0.0114816 -0.0950292 0.00015847 -0.00145773 -0.000387004 -0.0404957 -5.56619e-05 0.00135036 -0.146041 0.0948154 -0.000890786 -0.0581083 0.00984037 0.00758097 0.00761569 5.09033e-06 -0.0031519 -1.26812e-05 0.0836348 -0.0222364 -0.00114406 0.028494 0.000187659 0.0355194 0.039208 0.0902169 0.00245576 0.00108589 2.55558e-05 -0.135267 0.000462386 5.95623e-05 -0.00521502 0.00332567 -0.033905 0.000576734 0.00243465 0.000591626 0.00603507 -0.00136767 -0.134005 0.00244652 -0.134791 0.0045592 0.0263652 0.00179109 0.00154353 -0.0300012 -0.12379 6.394e-05 0.0486559 0.0451191 0.00107709 0.0137832 6.03654e-05 0.0345104 5.86986e-05 -0.00442983 -0.00680653 -0.1144 0.0151741 0.00546141 0.000405125 
2.29973e-06 1.71595e-06 -0.000193835 1.74228e-05 -0.000883361 -0.000156723 -3.0859e-05 0.000171798 -1.01649e-05 0.00358042 -6.33708e-07 0.00243749 0.00497466 -4.28513e-07 7.33097e-05 -0.00267044 5.55675e-05 -0.000564621 -4.05911e-05 0.00276143 -9.98915e-05 0.00242159 0.00223671 1.25213e-06 0.00148608 2.44014e-05 0.000993021 1.7124e-06 2.89546e-06 4.55461e-05 0.000796097 1.28233e-07 -2.23906e-05 -0.00103451 -0.00045117 -3.51073e-05 -0.000344856 0.0018462 0.000948247 2.70702e-05 0.000111459 -9.03932e-06 -0.00088538 8.18209e-07 2.03361e-05 -0.00266308 0.00228008 -1.80888e-05 -0.00124198 6.28693e-06 -3.44252e-05 6.22325e-05 -1.01726e-06 -5.66444e-05 1.01345e-05 -0.00087797 4.70966e-05 -1.59295e-05 0.00377395 0.000102609 -0.000607889 -0.000340524 -0.000801923 -0.00354211 -1.1545e-05 -1.00931e-06 -0.00255375 1.36761e-06 1.36844e-06 -0.000279161 -4.37099e-05 -0.00241722 -1.77121e-05 -0.00167894 -6.87364e-06 -9.06475e-05 -1.4683e-05 -0.00275051 5.55126e-05 -0.00251069 3.49468e-05 0.00359564 -6.68891e-07 -1.34784e-05 -0.00307526 -0.00267066 1.76115e-06 -0.00044832 0.00348634 -1.1216e-05 0.00198867 -2.26071e-07 -0.000279962 -9.60129e-10 -0.000112161 -0.00116209 -0.00293704 0.000294591 -6.17762e-05 2.60471e-06 
1.26013e-07 6.48328e-07 -6.1976e-06 -8.22135e-07 0.000118165 -1.41047e-05 9.0333e-06 -9.95136e-06 3.66084e-06 -6.55726e-06 6.7161e-06 -8.94996e-06 -4.28513e-07 0.000445535 2.75603e-05 -0.000173686 -6.97585e-06 -2.28891e-05 -3.11894e-06 -7.20495e-06 2.7954e-05 0.000142656 -3.13916e-06 3.4039e-06 -0.000172749 -2.26796e-06 -0.000169262 -4.62328e-09 9.04765e-07 -6.0278e-08 0.000164371 1.93963e-06 1.21774e-05 0.000121084 6.5333e-05 1.42142e-05 4.3594e-05 -8.88035e-06 -0.000216627 -4.5238e-07 3.13479e-06 2.19045e-06 -4.86367e-05 -9.38195e-08 1.94265e-06 -0.000139027 4.64099e-05 -2.21099e-06 -0.000151318 -8.87652e-06 -3.70325e-06 -5.90299e-06 6.48637e-08 -1.71152e-06 -1.57403e-07 9.7123e-05 1.6137e-05 -2.31242e-06 5.28802e-05 -2.19908e-07 6.06823e-05 8.22454e-05 0.000150114 -0.000147358 -1.09564e-06 6.12213e-07 -0.000129398 -4.22682e-07 -6.02681e-08 -2.17955e-05 2.81734e-06 3.32136e-05 -2.67974e-07 0.000157969 -1.4023e-06 1.68022e-05 -1.56252e-06 -9.23224e-05 -1.18669e-05 -0.000141864 -3.3866e-06 2.30289e-06 2.52789e-06 -2.38242e-06 5.84416e-06 -0.000125682 1.96263e-06 1.48798e-05 -1.20286e-05 6.44694e-06 4.45972e-05 -1.23176e-07 7.01267e-05 4.53729e-06 -7.62979e-06 -9.2652e-05 -7.87185e-05 -3.42992e-05 1.85195e-05 -3.42323e-07 
0.000202958 -0.000237452 -0.00871273 0.000874001 0.0908104 0.0231807 -0.00362527 -0.0060591 -0.000229914 0.00343818 5.6516e-05 0.0967954 7.33097e-05 2.75603e-05 0.202093 -0.127424 0.00799644 -0.0319653 -0.00226655 0.00367593 0.00389552 0.132395 -0.00220336 -7.42096e-05 -0.140125 -0.000927854 -0.0921943 -5.86813e-06 0.000552953 -2.01507e-05 0.106107 0.000952739 0.00248471 0.119783 0.0384878 0.00187974 0.0122358 -0.00285783 -0.118893 -0.000168894 -0.00174409 -0.000542505 -0.0448558 -7.27842e-05 -0.00121803 -0.116933 0.12347 -0.00113821 -0.0804788 -0.00575746 -0.00478181 0.00537304 -1.43661e-05 -0.00325732 -7.42187e-05 0.086811 0.00971399 -0.000748324 0.00103348 -6.23591e-05 0.0498586 0.027036 0.0847268 0.0034576 0.000983215 -4.60085e-05 -0.113472 0.000565051 -1.8111e-06 -0.0182638 0.00356989 -0.00160594 -0.000393273 0.0347618 0.000242335 0.00133939 -0.00168291 -0.117581 0.00276038 -0.104192 -0.00199604 0.00175363 0.000260702 -0.00145083 0.0118937 -0.151205 0.00146422 0.0530178 0.0158921 0.000908393 0.00830756 -4.40982e-05 0.0348438 5.13472e-05 -0.00657844 -0.00566159 -0.0959455 0.00541394 0.00177605 0.000505508 
-0.000243052 -0.000253901 0.0126727 -0.00113447 -0.143958 -0.0151606 -0.00012741 -0.0180679 -0.000633146 -0.0182827 -0.000381053 -0.146564 -0.00267044 -0.000173686 -0.127424 0.22784 -0.0285617 0.0349881 0.00197695 -0.0132691 -0.0146943 -0.142599 -0.0080963 -0.000232735 0.155437 0.000977097 0.148071 -1.4827e-05 -0.000960393 -8.57032e-05 -0.138769 -0.000732098 -0.00727924 -0.144277 -0.0581472 -0.00546186 -0.0455711 -0.0128016 0.162739 -0.000626969 -0.00100604 0.000427162 0.061053 4.87794e-05 -0.00340426 0.189681 -0.152181 0.000947156 0.097516 -0.0139078 -0.0114029 -0.00652957 -0.000122888 0.00397057 -0.000114557 -0.124185 0.0119264 0.000942556 -0.0455317 -0.000191686 -0.0827885 -0.0436755 -0.147516 -0.00724067 -0.00153846 -0.000141746 0.180584 -0.000595723 -4.1411e-05 -0.0186703 -0.00689787 0.0235551 -0.00213873 -0.037428 -0.000890585 -0.00772589 0.000730933 0.176537 -0.00685115 0.170991 -0.00490135 -0.0349914 -0.00130332 -0.00327769 0.0239584 0.187399 -0.00256327 -0.0716393 -0.0561139 -0.0040066 -0.0217652 -0.000105431 -0.0441575 -7.51092e-05 0.00630647 0.0339865 0.166584 -0.00850052 -0.00798935 -0.000485081 
-1.54194e-05 0.000389435 -0.000278771 0.000292661 0.0308406 0.000316697 0.000130995 0.0213871 -0.000112262 0.000209187 6.09421e-05 0.0255984 5.55675e-05 -6.97585e-06 0.00799644 -0.0285617 0.0431475 -0.00516483 -0.000365181 9.81906e-05 0.00211644 0.00527226 0.000163515 0.000177143 -0.0255011 -0.000250309 -0.0308412 5.81592e-06 0.000134568 -4.01114e-06 0.00645301 -6.99605e-05 0.00431665 0.0067868 0.000202513 -0.000356475 0.0104513 0.00555935 -0.0272182 0.000584503 -0.000301064 -7.79661e-05 -0.00917461 -1.19466e-05 0.00419403 -0.0304335 0.0185135 -0.000193889 -0.014389 0.0193018 0.015831 -0.000301038 1.02054e-05 -0.00059365 0.000177486 0.0158259 -0.0043494 0.000657185 0.0104011 2.17873e-06 0.0108239 -0.000724476 0.0274819 0.00356734 0.000684744 1.83845e-05 -0.0303468 0.000445965 1.58788e-05 0.0117308 0.000633415 -0.0216748 0.00247245 -0.00787807 0.000436087 -0.00063285 0.000723488 -0.0291105 -0.00107465 -0.0263101 0.0069121 0.0179357 -0.000154669 0.00444878 -0.0185322 -0.0265495 0.000587908 0.00609193 0.0241651 -0.000230628 4.0587e-05 9.62677e-05 0.00234976 8.36905e-06 -0.00105962 -0.00363222 -0.0323143 -0.00270965 0.00220447 -2.96834e-05 
-6.34696e-07 -0.000114478 0.00176579 -0.00020126 -0.0272415 -0.00488454 0.000531914 -0.00341942 0.00061 -0.00382517 -7.43495e-05 -0.0185229 -0.000564621 -2.28891e-05 -0.0319653 0.0349881 -0.00516483 0.107904 0.00636872 -0.00260801 -0.0025982 -0.0419132 -0.00162747 -5.3301e-06 0.035827 -0.000542816 0.0252672 1.67878e-06 -0.000182495 -1.60952e-05 -0.0297703 -0.000153833 -0.00195674 -0.0276211 -0.0111604 0.000983998 -0.00944563 -0.00256779 0.0295682 -0.000101656 0.0021945 0.00116728 0.00492954 4.94886e-05 -0.000647253 0.0286556 -0.0507706 0.0024031 0.0506759 -0.00261721 -0.00215974 -0.00109808 -2.33797e-05 -0.00158032 -3.08286e-05 -0.0218289 -0.00598019 0.000138335 -0.0077986 3.25056e-05 -0.0156092 -0.00801157 -0.0292285 -0.0103404 -0.000296615 -2.54562e-05 0.0322646 -0.000119525 -1.06035e-05 -0.00882721 -0.00125079 -0.00773731 -0.000320781 -0.0430846 0.000679109 0.00139952 0.00147343 0.0382529 -0.00167054 0.0117891 -0.000925431 -0.00656946 -0.000433962 -0.000481406 -0.00719335 0.044698 -0.000479578 -0.0139945 -0.0109369 -0.000762066 -0.00426462 -2.24247e-05 -0.00825051 -1.41097e-05 0.00597922 -0.00263631 0.0317047 0.00313157 0.000964725 -9.35531e-05 
-2.99508e-06 1.90997e-07 0.000648764 -1.38592e-05 -0.00184458 -0.000325545 0.000870153 -0.000229333 -4.16976e-06 -0.000260411 -5.22234e-06 -0.00143012 -4.05911e-05 -3.11894e-06 -0.00226655 0.00197695 -0.000365181 0.00636872 0.00815123 -0.000174813 -0.000130987 -0.00303259 -9.56612e-05 5.54331e-06 0.00307379 -1.66619e-05 0.00161541 4.20988e-07 -1.24095e-05 -1.11145e-06 -0.00209959 8.32693e-06 -0.000131796 -0.00186729 -0.00078013 0.000156822 -0.000627152 -0.000157583 0.00228239 1.14364e-05 0.000312683 0.000712333 -0.00145309 3.85888e-05 -4.33555e-05 0.000411061 -0.00296791 0.00217965 0.0043101 -0.000171294 -0.000143757 2.2895e-06 -1.67225e-06 -0.000119401 -1.91344e-06 -0.00155947 -0.000659605 0.000469031 -0.000546861 5.92625e-05 -0.0010492 -0.000456267 -0.00195502 -0.00378683 -2.02022e-05 -1.57912e-06 0.00213606 -7.87638e-06 1.5554e-06 0.000219272 -8.48704e-05 -0.00345878 -1.33608e-05 -0.00312264 8.53877e-05 0.00123573 1.73363e-05 0.00260354 6.41879e-05 -0.00339899 -6.20115e-05 -0.000445949 -2.65376e-05 -7.14002e-06 -0.00368956 0.00177825 -4.15183e-05 -0.000962586 -0.000747552 -5.00568e-05 -0.000275023 1.18434e-06 -0.000559584 -9.51369e-07 -0.000141016 -0.00181257 0.00204123 0.00562955 0.000293344 -6.31202e-06 
-8.37054e-06 4.10708e-05 -0.000915592 0.000668429 -0.00350917 0.000440387 0.000134007 0.00013308 0.000176183 0.014402 1.68973e-05 0.0151285 0.00276143 -7.20495e-06 0.00367593 -0.0132691 9.81906e-05 -0.00260801 -0.000174813 0.020965 0.000539169 0.00900591 0.0102966 1.77547e-05 0.00299419 0.000188534 0.000436051 -7.22934e-07 -6.27034e-06 8.09028e-05 0.0116449 -3.32385e-05 -5.83595e-05 -0.000263556 0.00105121 0.00236886 -0.000111869 0.00953354 0.00323566 0.000186179 -6.32703e-05 -3.15815e-05 -0.00177001 -5.68933e-06 8.04059e-05 -0.0144481 0.00910908 -9.80369e-05 -0.00621212 -0.000106583 -0.000126586 0.000319842 -4.11463e-06 -0.000166438 3.23356e-07 -0.00129193 -0.00202768 -0.000137827 0.0144998 0.000128507 -0.00215855 -7.80989e-05 -0.00336538 -0.0147286 -4.54503e-05 -2.43129e-06 -0.0152768 0.000191705 4.58477e-05 0.000310836 -4.86483e-06 -0.011351 -6.23426e-05 -0.00564658 -3.519e-05 0.00148834 -0.000122508 -0.0137859 0.000585883 -0.0124604 2.30464e-05 0.0114342 -7.61993e-06 -9.90101e-05 -0.015627 -0.0125227 5.25699e-05 0.000734928 0.0147112 -7.21366e-05 0.00630519 2.56848e-06 0.00074517 4.52005e-06 -0.000500313 -0.00496659 -0.0145094 0.00232964 0.00150976 5.09908e-05 
-1.14595e-05 1.33723e-05 -0.000948102 0.000264132 0.0145565 -0.000731872 -0.000127288 0.00223788 6.87276e-06 -0.000126472 0.000119976 0.00593038 -9.98915e-05 2.7954e-05 0.00389552 -0.0146943 0.00211644 -0.0025982 -0.000130987 0.000539169 0.0223394 0.00569172 0.00020973 3.53518e-05 -0.0117921 -0.000112136 -0.016263 4.21519e-06 0.000188736 -5.91718e-07 0.008963 -4.0624e-05 0.00431555 0.0133798 0.00415263 0.000793535 0.00348461 0.00142577 -0.0131277 1.06526e-05 6.82099e-05 2.13747e-07 -0.00452731 -4.14402e-06 0.000712756 -0.0152474 0.00510849 -7.78925e-05 -0.00795464 0.00093059 0.000389551 -8.65588e-05 0.000121859 -0.00027831 5.22266e-05 0.0138008 -0.00237332 -0.000117219 0.00428015 1.05842e-05 0.00715535 0.00141762 0.0142802 -0.000240414 0.00093237 8.57941e-05 -0.0159527 0.000303261 -8.13432e-07 0.00481849 0.00105818 -0.00389911 3.93628e-05 0.00916564 0.000205263 0.00153342 -0.000121095 -0.0135228 0.000650047 -0.0131304 0.000202476 -6.51931e-05 0.000126514 -8.20744e-05 -0.00264964 -0.0128764 5.23636e-05 0.00511746 0.000829362 0.000593001 -0.000821975 -4.42893e-06 0.00872367 3.84647e-05 -0.000505326 -0.00624632 -0.0152104 -0.0015348 0.000835149 -6.24698e-06 
0.000310518 -0.000371126 -0.0162573 0.00020807 0.0943975 0.0194515 0.00250571 -0.00214404 0.00138795 0.0127363 0.00019517 0.0887065 0.00242159 0.000142656 0.132395 -0.142599 0.00527226 -0.0419132 -0.00303259 0.00900591 0.00569172 0.246542 0.00462066 5.03993e-06 -0.137123 -0.000853069 -0.096401 2.8814e-06 0.000531641 6.35358e-05 0.107193 0.000647829 -0.000789454 0.107091 0.0471722 0.00592681 0.0254965 0.00519786 -0.137204 -7.65285e-05 0.00202984 -0.000763356 -0.0729205 5.91978e-06 -0.0012078 -0.12779 0.158531 -0.000982004 -0.125888 -0.0031909 -0.00349366 0.00402488 -4.73498e-06 -0.00298029 -0.000124256 0.0829724 0.0172558 -0.00116835 0.0279435 9.83673e-05 0.0629307 0.0199663 0.0931205 -0.0188631 -4.69465e-05 3.15755e-05 -0.118672 -0.000376075 -2.86655e-05 -0.00905128 0.0021657 0.00974916 -0.000123226 0.0623989 -0.000246588 0.00507514 -0.00256294 -0.11256 0.00445399 -0.114259 -0.00153027 0.0145469 0.000128411 -0.00194709 -0.0027191 -0.15723 0.00214662 0.0504482 0.0267836 0.00211131 0.0160012 -8.30882e-05 0.0251858 3.22404e-05 -0.00922967 -0.0474127 -0.106102 0.00177763 0.0047355 0.000351785 
-4.31894e-06 5.09048e-05 -0.000618423 1.20979e-05 -0.00233256 -0.000208257 -6.06723e-05 0.000637845 -4.37531e-05 0.0101576 -8.41753e-06 0.00870645 0.00223671 -3.13916e-06 -0.00220336 -0.0080963 0.000163515 -0.00162747 -9.56612e-05 0.0102966 0.00020973 0.00462066 0.0137289 3.04383e-05 0.00441382 0.000884459 0.00211154 -4.02584e-07 1.53225e-05 8.47505e-05 0.00487693 -1.89721e-05 -0.000202045 -0.00307239 -0.000485456 0.000526241 0.000351671 0.00693486 0.00191557 0.000129392 0.000112699 9.16433e-06 -0.00243133 4.00609e-06 -9.66649e-06 -0.00790132 0.00707129 -5.86058e-05 -0.00421074 0.000385997 0.000441873 -8.8272e-05 -2.83281e-06 -0.000147845 2.33897e-06 -0.00251226 -0.000846829 1.53676e-05 0.0108517 0.00018604 -0.00158721 -0.00015638 -0.00217362 -0.00996476 -3.06229e-05 -9.66923e-07 -0.00846894 -9.67198e-06 2.79064e-05 0.00201243 -0.000135286 -0.00742149 -2.54125e-05 -0.00557071 -2.30906e-05 -0.00028295 -7.93842e-05 -0.00750435 0.00013919 -0.00740991 0.000174095 0.00929397 -4.37477e-05 8.19949e-05 -0.0103541 -0.00804443 -5.2515e-06 -0.000862528 0.0107356 -8.41627e-05 0.00481089 2.70809e-06 -0.000931103 -1.21163e-06 -0.000328745 -0.00380941 -0.00873536 0.00207704 -0.000189082 -7.07044e-06 
4.324e-06 3.77631e-06 -8.53683e-06 1.12649e-06 0.000138988 -1.2359e-05 9.60623e-06 0.000192447 2.07656e-06 7.26905e-06 7.14374e-08 4.46177e-05 1.25213e-06 3.4039e-06 -7.42096e-05 -0.000232735 0.000177143 -5.3301e-06 5.54331e-06 1.77547e-05 3.53518e-05 5.03993e-06 3.04383e-05 0.000365022 -0.000151321 -9.34116e-07 -0.000247417 2.64267e-06 -5.29126e-07 5.72841e-07 3.31848e-05 -5.4821e-07 7.35175e-05 -5.15121e-05 5.39431e-05 2.18494e-05 0.000136685 6.75851e-06 -0.000191718 3.67384e-06 4.25642e-05 8.1933e-06 -7.27805e-05 4.95833e-07 8.02436e-06 -0.000232701 0.0001774 -1.68907e-06 -0.000121183 0.000168327 0.000166571 7.5308e-06 -7.4297e-08 -5.35474e-06 9.32736e-08 5.3153e-05 -1.77878e-05 1.56878e-05 0.000144641 9.04408e-06 4.9508e-05 -2.14231e-05 0.00016011 -6.7624e-05 1.29132e-06 -8.10199e-08 -0.000244881 3.66849e-07 8.39602e-08 0.000105889 4.13548e-06 -0.00016459 1.82619e-05 -8.28426e-05 1.98956e-05 6.1434e-06 7.06927e-06 -0.000211513 7.39839e-05 -0.000208762 0.000110381 0.000192714 1.2006e-06 9.01149e-05 -0.000257038 -0.000204009 2.07513e-06 6.93691e-06 0.000206568 3.54664e-06 -5.4581e-06 2.76869e-07 -2.1321e-05 -4.22688e-08 -8.47579e-06 -0.000108182 -0.000233686 -7.36789e-06 3.59411e-05 -2.80439e-07 
-0.000310212 -0.000192734 0.00357638 -0.00105234 -0.132756 -0.0221808 -0.00168054 -0.0151934 -0.00145653 0.00849586 -0.000361054 -0.111378 0.00148608 -0.000172749 -0.140125 0.155437 -0.0255011 0.035827 0.00307379 0.00299419 -0.0117921 -0.137123 0.00441382 -0.000151321 0.241297 0.00209469 0.137263 -1.17987e-05 -0.000788421 4.59562e-05 -0.114951 -0.000727539 -0.00635222 -0.132096 -0.0535108 -0.00562221 -0.0385902 -0.00165803 0.160149 -0.000131993 0.00255426 0.0007539 0.0414881 8.24984e-05 -0.00300948 0.138407 -0.131778 0.000914637 0.0835622 -0.0123242 -0.0100586 -0.00253407 -0.000112404 0.0020977 -7.99218e-05 -0.114653 -0.0141576 -0.00169064 -0.00348718 -2.89181e-05 -0.0702713 -0.0353818 -0.122243 -0.0209862 -0.00139526 -0.000124249 0.141934 -0.000568497 -1.32306e-05 -0.00125925 -0.00625808 0.0174697 -0.00197883 -0.0431087 -0.00124927 -0.0085078 0.000740873 0.136875 -0.00275721 0.110538 -0.00448491 -0.00629194 -0.00132614 -0.00274095 -0.000799741 0.154414 -0.00164047 -0.0630849 -0.0160111 -0.00363872 0.00379953 -4.42748e-05 -0.0403599 -6.86767e-05 0.00616029 -0.00623161 0.117489 0.00599903 -0.00843667 -0.000390603 
1.7411e-05 7.26319e-05 -0.000253337 -1.0837e-05 -0.00129284 0.000159456 -8.66311e-05 -6.00354e-05 -5.16489e-06 0.000157232 -2.72101e-06 -0.000367619 2.44014e-05 -2.26796e-06 -0.000927854 0.000977097 -0.000250309 -0.000542816 -1.66619e-05 0.000188534 -0.000112136 -0.000853069 0.000884459 -9.34116e-07 0.00209469 0.00590046 0.00127962 2.57137e-07 1.18155e-05 1.65285e-06 -0.00104354 1.20159e-05 -4.97858e-05 -0.0011807 -0.000398912 3.61348e-05 -0.000360529 0.000285623 -0.000292898 6.4247e-07 -1.03253e-05 0.000222354 -0.000427876 1.50067e-05 -2.01921e-05 0.00117491 0.000979267 5.73478e-06 -0.000680656 -0.000104894 -9.97164e-05 -3.96373e-06 7.03396e-07 8.82126e-05 3.73724e-06 -0.0011441 0.000928426 8.59011e-05 3.36394e-05 3.10125e-05 -0.000746223 -0.000235197 -0.000806876 -0.00178224 -1.01903e-05 -1.09478e-06 0.00106917 -4.21001e-06 1.11965e-06 0.00198706 -6.04078e-05 0.000264311 -2.02059e-05 -0.00219858 -1.79851e-05 -0.000111049 4.23447e-05 0.00110948 -0.000111197 -0.000625604 -4.17205e-05 -5.52071e-06 8.1793e-05 -1.19481e-05 -0.00168596 -0.00121356 -1.7264e-05 -0.000667683 0.000978017 -3.08874e-05 -2.44018e-05 3.79708e-05 -0.000397938 -6.09311e-07 -6.60768e-05 -0.000863246 0.000854322 0.000357412 -9.0314e-05 -4.52528e-06 
-0.000229501 -0.000185619 0.00779371 -0.000980157 -0.151464 0.000673779 -0.00161384 -0.0198607 -0.00188048 0.00769185 -0.000449366 -0.100411 0.000993021 -0.000169262 -0.0921943 0.148071 -0.0308412 0.0252672 0.00161541 0.000436051 -0.016263 -0.096401 0.00211154 -0.000247417 0.137263 0.00127962 0.179684 -1.65327e-05 -0.00102969 1.93234e-05 -0.111572 0.000342472 -0.00876126 -0.142018 -0.0650323 -0.00703797 -0.0456706 -0.00493234 0.137414 -0.000394358 0.0012493 0.000349478 0.0496145 4.71779e-05 -0.0039479 0.155349 -0.0957211 0.00061332 0.0789148 -0.0161048 -0.0132905 -0.00128436 -0.000145076 0.00231728 -0.000123585 -0.142403 0.0196152 0.00056672 -0.00970945 -6.85128e-05 -0.0784059 -0.0351279 -0.13788 -0.0133507 -0.00158037 -0.00015413 0.158479 -0.000733706 -9.05959e-06 -0.0173433 -0.00807584 0.0123784 -0.00256968 -0.0766028 -0.00168963 -0.0113479 0.000545832 0.137472 -0.00410531 0.135193 -0.00576899 -0.00766793 -0.00132688 -0.00355156 0.0130224 0.127554 -0.000867776 -0.0808861 -0.0161961 -0.00457172 0.00749305 -5.54951e-05 -0.0515929 -8.8395e-05 0.00496968 0.0476108 0.141003 0.00936644 -0.0104 2.24267e-05 
-2.34584e-08 -4.63297e-08 -1.10934e-06 4.68224e-07 1.74919e-05 -5.04547e-07 5.11431e-06 6.61886e-06 3.30469e-07 -5.03457e-07 -2.42436e-08 -3.37885e-06 1.7124e-06 -4.62328e-09 -5.86813e-06 -1.4827e-05 5.81592e-06 1.67878e-06 4.20988e-07 -7.22934e-07 4.21519e-06 2.8814e-06 -4.02584e-07 2.64267e-06 -1.17987e-05 2.57137e-07 -1.65327e-05 3.52988e-05 1.78003e-06 -4.77374e-09 -7.8717e-06 -6.37373e-08 1.89907e-06 2.11242e-06 1.18886e-06 1.41708e-05 -1.85957e-07 -5.7775e-07 -1.55652e-05 -3.58264e-08 -2.80588e-07 3.19497e-07 -6.76035e-06 -1.00699e-08 3.81331e-06 -1.80358e-05 -7.53426e-06 -1.751e-07 -6.57314e-06 4.16117e-06 4.36739e-06 -4.67489e-07 -7.18237e-09 -2.26241e-07 -1.24656e-08 1.38242e-05 -2.33433e-06 1.01555e-06 1.45122e-06 6.70393e-06 5.64005e-07 2.83843e-06 7.2408e-06 -1.74754e-05 1.11323e-06 -7.83229e-09 -1.10175e-05 -3.43544e-08 -4.77295e-09 1.12568e-06 1.1911e-05 -2.22731e-05 7.96383e-06 6.41495e-06 1.22278e-07 1.73469e-05 2.15317e-06 -4.16964e-06 -1.0542e-06 -1.62632e-05 1.64291e-06 4.89592e-06 -1.20209e-07 4.00212e-07 -2.28414e-05 -4.19967e-06 3.97069e-07 5.49633e-06 1.42486e-05 -1.85576e-07 -1.33057e-06 1.12467e-07 6.80304e-06 -4.08617e-09 1.95234e-06 -5.97944e-06 -1.4762e-05 -2.90044e-06 1.06218e-05 -2.71104e-08 
-4.92285e-07 2.28628e-05 -6.25182e-05 5.3595e-06 0.00105051 -3.39389e-05 -2.24476e-05 0.00028378 -2.26399e-06 -1.51103e-05 -9.03649e-07 0.000576769 2.89546e-06 9.04765e-07 0.000552953 -0.000960393 0.000134568 -0.000182495 -1.24095e-05 -6.27034e-06 0.000188736 0.000531641 1.53225e-05 -5.29126e-07 -0.000788421 1.18155e-05 -0.00102969 1.78003e-06 0.00150762 1.18033e-07 0.000762822 -1.54848e-06 9.97886e-05 0.000864446 -3.61812e-06 -5.56824e-06 0.000411281 0.000122253 -0.000946576 2.08898e-05 -8.47949e-06 1.65205e-07 -0.000315403 1.53594e-06 4.80348e-06 -0.000999982 0.000640417 -4.11183e-06 -0.00052007 0.000129014 0.000100616 -1.94516e-05 4.65945e-06 -2.09202e-05 9.57792e-06 0.000654905 -8.50646e-05 5.76274e-07 8.87274e-05 3.12855e-06 4.06641e-05 0.000116898 0.000849183 -1.89799e-05 1.8033e-05 3.83165e-06 -0.00105598 1.02305e-05 1.0514e-06 0.000284495 2.39218e-06 -0.000113423 1.98731e-05 0.000345836 -3.62801e-06 1.81335e-05 -6.3206e-07 -0.00090284 -3.33583e-05 -0.000873657 2.56138e-06 -3.17146e-09 1.63436e-05 4.04074e-05 -0.000101298 -0.000864443 3.10927e-05 0.000149218 0.000162503 4.3681e-05 -3.5147e-05 4.38303e-07 0.000324621 3.63318e-08 -3.0471e-05 -0.000276444 -0.000817359 -0.000125682 1.29816e-05 2.62619e-07 
-8.98686e-08 1.65585e-06 -5.47081e-06 1.61679e-07 -2.67529e-05 -4.06591e-06 -1.67115e-06 -3.74572e-06 -4.36635e-07 0.000107764 -9.28768e-08 6.51339e-05 4.55461e-05 -6.0278e-08 -2.01507e-05 -8.57032e-05 -4.01114e-06 -1.60952e-05 -1.11145e-06 8.09028e-05 -5.91718e-07 6.35358e-05 8.47505e-05 5.72841e-07 4.59562e-05 1.65285e-06 1.93234e-05 -4.77374e-09 1.18033e-07 0.000135215 1.77725e-05 1.44713e-07 -1.58556e-06 -2.52241e-05 -1.08271e-05 2.66697e-06 3.24179e-06 2.19741e-05 2.75178e-05 1.69072e-05 4.83618e-06 -2.65839e-07 -2.42266e-05 8.36447e-08 -4.37431e-07 -8.91419e-05 6.30737e-05 -6.70802e-07 -2.90286e-05 -2.88225e-06 -2.18095e-06 1.90906e-06 -2.75155e-08 -1.66046e-06 1.52245e-07 -2.37242e-05 -1.24711e-05 -8.76871e-07 0.000115577 2.76324e-06 -6.38103e-06 -7.2227e-06 -2.1171e-05 -9.82207e-05 -3.32411e-07 -3.00053e-08 -8.57353e-05 1.72275e-09 -1.8285e-08 -1.23135e-05 -1.44766e-06 -7.34242e-05 1.54247e-07 -5.26954e-05 2.96344e-06 -2.60718e-06 -5.95686e-07 -8.58092e-05 2.01695e-06 -7.67303e-05 -1.00526e-06 9.78667e-05 -3.77104e-07 -7.00592e-07 -0.000100576 -7.71307e-05 -6.92291e-07 2.26832e-06 0.000102997 -8.38636e-07 7.36492e-05 -1.51488e-08 -8.72524e-06 -1.5654e-08 -3.08258e-06 -3.53128e-05 -9.69801e-05 3.39703e-05 -1.60973e-06 2.8503e-07 
-0.000117765 5.52763e-05 -0.0100444 0.00108541 0.105726 0.00977952 0.00200827 -0.00338216 0.000183591 0.01142 0.000261748 0.0995138 0.000796097 0.000164371 0.106107 -0.138769 0.00645301 -0.0297703 -0.00209959 0.0116449 0.008963 0.107193 0.00487693 3.31848e-05 -0.114951 -0.00104354 -0.111572 -7.8717e-06 0.000762822 1.77725e-05 0.191251 -0.000113219 0.00106258 0.129398 0.045486 0.00453727 0.0306164 0.00560307 -0.112409 -0.000134693 -0.000303192 -0.000475031 -0.037595 -5.97899e-05 -0.000419755 -0.140095 0.10091 -0.000985717 -0.0848332 -0.00392315 -0.0042644 0.00166966 -5.67229e-06 -0.00238034 -6.23847e-05 0.102888 -0.00809367 -0.00153726 0.0222994 -8.74652e-05 0.075095 0.0268521 0.103905 0.000428422 0.000353704 3.12911e-06 -0.14261 0.000507361 1.39894e-05 -0.0082581 0.00154338 -0.00709152 -0.000645945 0.046262 -0.000228915 0.0045904 -0.00154087 -0.130028 0.00535924 -0.118992 -0.000850549 0.00974256 0.00139125 -0.0011238 -0.00390319 -0.125079 0.00106489 0.0635964 0.0260637 0.00301955 0.0128544 -3.75025e-05 0.0322569 5.6357e-05 -0.00539809 -0.0408169 -0.124083 -0.0100699 0.00220057 0.000366471 
7.40011e-06 1.56636e-05 -5.94113e-05 0.000153114 -0.000331661 5.12099e-06 0.000365595 -4.752e-05 -3.29647e-06 0.000363681 -4.40058e-07 5.52622e-05 1.28233e-07 1.93963e-06 0.000952739 -0.000732098 -6.99605e-05 -0.000153833 8.32693e-06 -3.32385e-05 -4.0624e-05 0.000647829 -1.89721e-05 -5.4821e-07 -0.000727539 1.20159e-05 0.000342472 -6.37373e-08 -1.54848e-06 1.44713e-07 -0.000113219 0.00180233 9.00848e-07 -0.000357072 -0.000167486 -1.48298e-05 -0.000124006 -3.88912e-05 -0.000707486 -1.83251e-06 -4.16316e-06 -1.83828e-06 -0.000361882 4.07148e-07 -9.54922e-06 0.000127042 0.000613131 8.51034e-06 -0.000323665 -3.79945e-05 -2.91674e-05 -2.29009e-05 -3.67377e-07 -3.15049e-06 2.31794e-06 -0.000325977 0.00091912 0.000111526 -2.86753e-05 -4.46928e-07 -0.000193401 0.00012794 0.000345562 -0.000495614 3.28429e-07 9.54936e-07 7.15788e-05 -1.01277e-06 -2.44136e-07 -0.000162816 -1.91176e-05 -0.000852188 -5.21882e-06 -0.000608937 -3.23604e-06 -3.10079e-05 -5.16487e-06 7.38407e-05 5.36682e-06 -0.000422302 -1.36963e-05 0.000436124 1.35239e-07 -8.25077e-06 7.63123e-05 -0.000764037 3.4779e-05 -0.000194565 4.50338e-07 -7.94162e-06 0.000838553 5.89924e-07 -0.000114339 -2.09007e-07 -4.08894e-05 -3.35636e-05 0.000179445 -0.000105025 -2.15161e-05 0.000290969 
3.45369e-05 -1.63811e-05 -0.000283241 -2.46352e-05 0.00584069 -0.000559708 -0.000159079 0.00313939 6.05396e-05 -0.000502911 0.000177424 0.0061348 -2.23906e-05 1.21774e-05 0.00248471 -0.00727924 0.00431665 -0.00195674 -0.000131796 -5.83595e-05 0.00431555 -0.000789454 -0.000202045 7.35175e-05 -0.00635222 -4.97858e-05 -0.00876126 1.89907e-06 9.97886e-05 -1.58556e-06 0.00106258 9.00848e-07 0.0158207 0.00640024 0.00112727 0.000693356 0.000847268 -0.00013515 -0.00749428 1.48101e-06 -7.95975e-05 -2.75971e-05 -0.00310552 -3.75354e-06 0.00010744 -0.00748168 -0.00149052 -6.38917e-05 -0.00422578 0.00203512 0.00186787 -0.000199065 7.72395e-05 0.000148518 3.56633e-06 0.0061557 -0.00111051 0.000154785 -0.000186966 1.2933e-05 -0.000790701 0.000459671 0.00682134 0.00104863 0.00132328 7.43213e-05 -0.00798799 0.000689274 1.14813e-06 0.00120686 0.00128538 -0.00645575 0.000247459 0.00492606 -1.41528e-05 0.00160448 9.10639e-06 -0.0064474 0.000645577 -0.00647713 0.000824588 0.00141904 0.000745472 0.000924613 -0.0027256 -0.00611758 0.000263387 0.00592451 0.000621676 0.000937775 -0.000576463 5.56593e-07 0.00798256 5.95165e-05 -0.000223806 -0.00392745 -0.00750449 -0.00127612 3.26848e-05 -7.82663e-06 
