0.0891662 -2.61639e-05 -0.00104299 -0.001346 -5.34384e-05 0.0107921 0.000143015 -0.0178064 0.0131728 1.64453e-06 -0.000724526 -0.0272236 -0.000898949 0.0191106 -0.000857861 0.00622621 -1.44123e-05 2.41517e-05 0.00325974 0.0108676 -0.00179269 0.00970501 -0.0167617 -0.00145184 -0.00248878 3.56431e-05 0.0214284 -0.000487953 -0.021961 0.00838024 0.0227517 -0.00328601 -0.000218088 -0.00244772 -7.58634e-05 0.000465784 -0.00074655 -6.21627e-05 0.0048699 -0.00199196 -4.42317e-05 -0.000663229 -0.017461 -0.0109462 -0.0150449 0.00438233 0.0174298 -8.04759e-05 0.0203966 0.00867023 4.11688e-05 -4.44113e-06 0.00235448 0.00334163 0.000696422 -0.000100954 0.00218285 -0.0117312 -0.0020498 -0.000112283 -0.0422431 0.00427199 -0.000525655 -5.29862e-05 -0.000147591 -0.000182205 0.00130936 -0.0308581 -0.000389462 -7.3033e-06 4.26101e-05 -7.56527e-05 -0.0468124 0.0101155 -0.0327767 -3.61687e-05 2.63747e-05 -0.000164238 -0.000316891 -0.0432765 0.00398567 -0.0230231 -0.000427509 0.00292763 -0.0048017 0.00528921 0.00858576 -0.000657761 -0.000743232 0.00516566 -0.00772607 0.0121156 0.0345829 -0.000348241 0.00398952 -7.58483e-05 0.0111523 0.0140684 -2.66943e-05 0.000175724 
-2.61639e-05 0.000403903 2.59607e-05 1.21117e-05 3.79025e-06 6.35802e-05 0.000170387 -0.000126019 8.92178e-05 1.91456e-05 -6.80835e-08 -0.000184551 -2.46562e-06 -5.41785e-05 1.78424e-06 -6.54341e-05 -1.09116e-07 -1.46012e-07 -8.48879e-06 4.90958e-06 -0.000274697 -1.1666e-05 -0.000137809 -2.05607e-07 -0.000130376 6.868e-07 4.32983e-05 3.69423e-05 -4.51431e-05 -8.26383e-06 -1.62869e-05 1.16561e-05 -1.173e-06 4.08377e-06 -1.52723e-07 -1.09216e-06 2.68149e-05 1.62666e-07 -6.41203e-06 2.27432e-05 -4.11713e-07 3.33046e-05 -0.00017275 -3.18044e-05 -0.000126297 0.000126963 0.000115879 2.22785e-06 -2.50697e-05 0.00012427 1.03489e-06 -2.11282e-08 -7.57361e-07 -2.10544e-06 5.88642e-06 6.32929e-07 6.73067e-06 -2.17095e-05 0.000192856 0.000101525 -8.26865e-05 -0.000215521 1.56289e-05 1.45087e-05 -6.94191e-07 2.52102e-06 5.51376e-05 7.52472e-05 1.74696e-05 1.49519e-05 1.09309e-05 5.31812e-06 -0.000136157 -1.23206e-05 -5.89524e-05 -1.48454e-07 2.74419e-07 4.20291e-06 2.59038e-06 -0.000115391 1.36719e-05 -0.000284981 5.48421e-05 1.87989e-05 3.24039e-05 1.18894e-07 7.63434e-05 0.000105308 7.75913e-05 3.3375e-05 -2.32803e-05 2.41746e-05 0.00013012 6.72149e-06 6.26774e-06 9.12116e-07 -3.18341e-05 -8.28279e-06 2.79039e-07 -1.20727e-07 
-0.00104299 2.59607e-05 0.01245 7.45046e-05 -4.06117e-05 -0.000168073 -9.32391e-05 -0.00226901 0.00404868 0.000189908 0.00142027 -0.000718947 -0.000117414 2.01818e-05 -0.00022794 -0.00186677 1.53839e-05 -3.17856e-06 -0.000252398 -0.000669944 0.000121821 0.000588083 0.00163543 -0.000178052 -0.0028997 1.93134e-06 0.00100946 -6.62931e-05 0.000377555 -0.00018436 -0.000836287 -0.000211414 -3.4115e-05 -0.000315266 -8.94898e-06 -4.18034e-05 0.00035986 -4.4331e-05 -0.000198286 -0.000273618 -1.23587e-05 -0.000308437 -0.00430577 -0.0014023 -0.00140671 0.000214315 -0.000362758 -2.70815e-05 -0.000173624 -3.20865e-05 2.64779e-05 -5.25978e-07 8.27172e-05 -8.53852e-05 -3.28381e-05 -2.92578e-05 -5.39894e-05 -0.0028492 0.000140829 -4.64553e-05 -0.00318035 -0.00161769 -6.59554e-05 8.92568e-07 -1.42624e-05 -3.95533e-05 -0.000130062 0.00272872 -4.73275e-05 8.87473e-06 -1.63075e-05 -3.29577e-05 -0.00322512 -0.000274718 0.00247496 -4.53255e-06 1.04074e-06 -2.19332e-05 -3.90003e-05 -0.000838019 -5.25567e-05 -0.00110984 0.000363691 -1.20607e-05 -0.00037401 -9.48487e-05 0.00143404 -5.73375e-05 -0.000121473 -0.000129188 0.00204226 -0.000171319 0.000172459 -5.3253e-05 -9.5793e-05 0.000300245 0.00241601 0.000980978 -8.29095e-06 -8.05252e-06 
-0.001346 1.21117e-05 7.45046e-05 0.0189561 0.00206591 0.000227561 0.00154171 -0.00919416 -0.00517992 9.34938e-05 0.00043681 -0.00334477 0.00295652 -0.00332494 0.0075655 -0.00498063 1.60023e-05 8.52621e-06 0.00609763 -0.00155681 -0.00986486 -0.00952254 -0.0075683 0.00667478 -0.00283062 7.92379e-05 -1.7172e-06 0.00191857 -0.0109955 0.00616756 -0.00127391 -0.000490452 0.00111251 0.0104638 0.000118047 0.000449362 0.000411053 0.00056957 0.000800432 0.00996675 5.19601e-05 0.00407118 -0.00429365 0.000916634 -0.0101174 1.6036e-05 0.00094714 0.000279303 0.000553125 -0.000217382 8.87081e-05 1.46226e-05 0.000377687 0.00128671 0.000124629 -7.11645e-06 0.000562559 -0.00827383 0.000524977 0.000982673 -0.0033315 -0.0137612 0.0046725 -1.85498e-05 0.000451547 1.1968e-05 0.000829858 -0.00742763 0.00222381 8.9355e-05 0.000117148 -6.29751e-05 -0.011395 0.0015132 0.00758218 0.000312076 6.61402e-05 0.000619441 0.00199242 0.00334373 -1.97451e-05 -0.00844797 0.000121323 -6.83824e-05 0.0108895 0.000751119 -8.53905e-06 0.00316934 0.00257806 0.00836878 0.000799977 -1.75426e-05 -0.00020564 0.00232066 0.00086496 7.45165e-05 -0.00291281 -0.00169698 0.000358383 5.49703e-05 
-5.34384e-05 3.79025e-06 -4.06117e-05 0.00206591 0.00344943 4.25333e-05 3.62655e-05 -0.00197792 -0.00069536 -1.00653e-05 2.63236e-05 -0.000151697 0.000640812 -0.000321072 0.00222895 -0.000443702 -9.34735e-07 1.18936e-05 0.00110165 1.23535e-05 -0.00245315 -0.00116174 -0.00157394 0.00176433 -0.000402975 5.52055e-05 9.67285e-05 2.06799e-06 -0.00212344 0.00052608 -7.47652e-05 -0.000120793 0.000177063 0.00200229 -2.81948e-07 -7.15984e-06 1.6152e-05 -2.07232e-05 -5.01861e-05 0.00157112 4.22865e-06 0.000120177 -0.00177957 -0.000368612 -0.00221769 9.03529e-07 5.21615e-05 -9.08992e-06 0.000133053 6.62659e-05 7.52935e-06 -1.80993e-07 -2.41133e-05 -1.44477e-05 7.26104e-05 -4.49065e-06 -3.26691e-05 -0.00147855 9.79185e-06 8.50064e-06 0.00051845 -0.00205629 0.00099037 -8.13304e-06 -2.71341e-06 1.51855e-06 5.47117e-06 -0.00183521 0.000106141 -8.94113e-07 -8.11784e-07 -5.66832e-06 -0.0017465 -0.000119578 0.00129746 7.65061e-05 2.25739e-05 -3.2982e-06 0.000544181 0.000494924 1.95455e-05 -0.002073 -1.04212e-05 -2.78145e-05 0.00203448 6.03376e-05 7.1747e-05 0.00152959 1.37007e-05 0.00194907 -0.000241333 0.00011755 -7.69978e-05 0.000417552 -1.41181e-05 -1.95277e-06 -0.000220501 -0.000525108 1.0206e-06 5.31732e-06 
0.0107921 6.35802e-05 -0.000168073 0.000227561 4.25333e-05 0.0214037 0.00394107 -0.0148733 0.00705874 -2.35956e-05 -0.000204396 -0.0169119 -0.000120079 -0.00426278 -0.000458149 -0.00631461 -5.89815e-06 1.36482e-05 -0.00127017 -0.00266304 -0.0170766 0.0075396 -0.01749 -0.000332492 -0.00579057 2.82844e-08 0.0150067 0.00198384 -0.00438625 -0.000330792 0.000647315 -0.000704207 -6.2147e-05 -0.000555539 -1.25578e-06 3.78226e-06 0.00153717 -0.000104571 6.90546e-05 -0.000325777 -1.57299e-05 0.00264401 -0.0118158 -0.00281006 -0.00780608 0.00879974 0.0175697 -6.64408e-05 -0.000319439 0.013315 3.55295e-06 4.28912e-06 -0.000230565 0.0014813 0.00013672 -3.86964e-05 0.000850556 0.00216803 0.00477679 0.00309492 -0.00236024 -0.00325423 -0.000114777 -5.059e-05 -1.55167e-05 0.000153307 0.007776 -0.0128417 0.00161372 8.27449e-06 0.000568152 -6.77345e-06 -0.00743806 -0.000783869 -0.008383 -7.92853e-06 0.000111252 0.000281194 0.000116199 -0.0120488 0.0030991 -0.0167299 -1.6922e-05 -0.00011712 -0.00153532 0.00705549 0.00333419 -5.78806e-05 0.00328855 -5.81191e-06 -0.00175143 0.0160917 0.0179953 -9.87768e-05 0.00523545 -1.91447e-05 -0.00286208 -0.00381699 -3.43056e-05 -1.27939e-05 
0.000143015 0.000170387 -9.32391e-05 0.00154171 3.62655e-05 0.00394107 0.00959108 -0.00573467 0.00189336 0.000449639 -6.78976e-05 -0.00681325 0.000212856 -0.00112973 -0.000156393 -0.0025174 -2.13757e-06 1.43559e-05 -0.000463519 -0.00069567 -0.00598731 -0.00103939 -0.00682497 -9.58634e-05 -0.00210816 -2.75384e-06 0.000642074 0.00410469 -0.00293142 0.000387287 0.000738628 -0.000315793 -2.56151e-05 -1.74758e-05 1.52232e-05 0.00013747 0.00100498 -4.58508e-05 0.000470048 0.00137514 1.49652e-05 0.00446311 -0.00590388 -0.0008203 -0.00584816 0.00339739 0.00576309 8.32513e-05 -0.000444398 0.00289097 -6.47404e-06 1.55825e-05 -8.08884e-05 0.00144902 4.7844e-05 -5.52336e-06 0.00202715 -0.00189021 0.00621228 0.00426445 -0.00459556 -0.00633781 1.32141e-06 0.000147541 5.47946e-05 0.000472691 0.0050591 -0.00319477 0.00336916 0.000138972 0.000899992 7.78949e-05 -0.00318328 -0.000161822 -0.00354689 -2.62489e-06 0.000104293 0.000946883 0.000242533 -0.00470708 0.00117573 -0.00743871 0.000406082 0.00168279 -0.00056493 0.000153247 -0.000287287 0.000129956 0.0050427 -9.67062e-06 -0.000710563 0.000996399 0.00770205 -2.32808e-05 0.00200432 2.14041e-05 -0.000916114 -0.000566381 -8.25918e-06 -4.85575e-06 
-0.0178064 -0.000126019 -0.00226901 -0.00919416 -0.00197792 -0.0148733 -0.00573467 0.202919 -0.125073 -0.00199248 -0.00226273 0.0544611 -0.00661845 -0.064472 -0.0124114 -0.0643884 2.95722e-05 -7.11628e-05 0.000910038 0.0197977 0.040801 -0.0812353 0.0291572 -0.00986621 0.00172461 -0.00040527 -0.0163288 -0.00373696 0.00913799 -0.0101832 -0.0412909 0.00754868 -0.000987088 -0.0127972 -0.000592182 -0.00287273 -0.0137535 -0.00225995 -0.0123855 -0.0148389 0.000142219 -0.0077744 0.13637 0.0186737 0.132139 -0.00839489 -0.014229 0.000464596 -0.00402329 -0.0121144 -0.000392011 -3.43568e-05 -0.00319208 -0.00108247 -0.00144225 0.000507045 -0.000418494 0.0804125 -0.022363 -0.00340258 -0.0241774 0.027039 -0.00397394 -0.00168456 -0.00053917 -0.00199473 -0.00767505 0.0433369 -0.00285057 -0.000189159 -0.000942183 -0.00353733 0.0256882 0.00944159 -0.0036731 -0.000243752 -0.000185613 -0.00112534 -0.00222803 0.0336823 -0.00575758 0.0196548 -0.00355437 -0.00263111 -0.00236116 -0.00902411 0.00373637 -0.0030635 -0.00769047 -0.00483995 0.016395 -0.0160036 -0.038187 -0.00290866 -0.00650023 -0.000246891 -0.133382 0.00989462 -0.00078609 -0.000439578 
0.0131728 8.92178e-05 0.00404868 -0.00517992 -0.00069536 0.00705874 0.00189336 -0.125073 0.242731 0.00175812 0.00135146 -0.0279217 -0.00353928 0.0887258 -0.0075777 0.0770229 -7.59869e-05 -0.000115824 -0.01798 0.00712682 -0.00387931 0.0913145 -0.00538612 -0.00619719 -0.00403321 8.43814e-05 0.0106627 0.000426928 0.0280033 -0.000653571 0.0395549 0.00325566 -0.00111746 -0.00995946 0.00025701 0.00104663 0.0107331 0.000784876 0.00785573 -0.00720343 -0.000287753 -0.00159578 -0.115082 -0.02913 -0.11532 0.00463953 0.00673077 -0.000677904 0.0227552 0.00869574 0.00016829 -4.13069e-06 -0.0014696 -0.00250792 0.00130166 -0.000497996 -0.00405232 -0.0577814 0.0165508 0.000525539 -0.00668144 -0.0159888 -0.00167963 0.0013434 -0.000648937 0.000894013 0.00456542 -0.0333641 -0.000221216 1.57298e-05 0.000403244 0.00285442 -0.0339603 -0.0140893 -0.0529122 -0.000141675 -2.20787e-05 -5.31474e-06 -0.00119689 -0.0984777 0.00137284 -0.0279599 0.00210823 0.00487146 -0.0275451 7.85821e-05 -0.0120778 -0.00150383 0.00244903 -0.00798351 -0.0266769 0.00938194 0.0456701 -0.00121738 0.000383645 -2.47571e-06 0.113475 0.0296118 -0.000372767 -8.0097e-05 
1.64453e-06 1.91456e-05 0.000189908 9.34938e-05 -1.00653e-05 -2.35956e-05 0.000449639 -0.00199248 0.00175812 0.00342251 0.000118302 -0.00120146 -3.03441e-05 0.00145117 6.28847e-06 0.00060076 1.96148e-06 2.31455e-06 -0.000146244 -0.000372324 -0.000662537 0.000649971 -0.000419212 -4.99989e-05 2.11053e-05 9.39768e-05 0.000390224 3.51883e-05 -6.63782e-05 2.75851e-05 0.00115407 -4.01853e-05 -1.19196e-06 -3.43812e-05 2.05521e-05 8.55901e-05 0.000713004 1.15012e-05 0.000366597 -1.00321e-05 -1.48817e-06 8.34737e-05 -0.00195234 -0.00044598 -0.00184683 0.000101947 -2.52123e-06 -6.2511e-06 0.000111827 0.00018048 1.58746e-05 2.98202e-07 2.75932e-05 1.24502e-05 1.14691e-06 6.55276e-06 7.54984e-05 -0.00201683 0.000964698 0.000101086 -0.000632457 -0.000905477 2.15137e-05 0.000269402 -4.56683e-06 0.000224074 0.000166195 -0.000869521 7.22154e-05 6.44691e-05 4.01305e-06 0.000169039 -0.000979892 -0.000124247 -0.00119824 6.8049e-06 3.07715e-06 3.09749e-06 -1.0642e-05 -0.00174112 9.80356e-05 -0.00146724 0.000244299 0.000656211 -9.76583e-05 9.57098e-05 3.87556e-05 -1.09098e-05 2.8218e-05 5.76652e-05 -0.000149978 2.20291e-05 0.00126027 -1.03884e-05 5.40894e-05 0.000101109 0.00185473 0.000652444 -3.72216e-06 3.71289e-06 
-0.000724526 -6.80835e-08 0.00142027 0.00043681 2.63236e-05 -0.000204396 -6.78976e-05 -0.00226273 0.00135146 0.000118302 0.00975089 -0.00107651 9.4868e-05 -0.000863285 -8.62112e-05 -0.00108674 6.6073e-06 5.67303e-05 -0.000298402 -0.000710192 -0.000490843 -0.000773338 0.000524664 -3.76387e-05 -0.00233272 5.23512e-05 -0.000312575 -2.82094e-05 1.02781e-05 -4.94827e-05 -0.000231272 0.00012318 -1.64549e-05 -2.62149e-05 9.7854e-06 4.75247e-05 0.000580457 0.000179478 -3.30351e-05 -0.0001733 -1.41199e-06 -9.1654e-05 -0.00317966 -0.000839478 -0.00128061 5.16162e-05 -0.000259269 -1.32829e-05 0.000368004 -9.88115e-06 3.56099e-05 8.73955e-07 2.29133e-05 -6.95386e-05 2.59234e-05 2.02932e-05 -0.000112776 -0.00147402 -0.000183354 -4.33208e-05 -0.000884062 -0.0017297 -2.14748e-05 1.40499e-05 3.69237e-06 -2.19543e-05 -6.53237e-05 0.00173066 -3.28107e-05 5.82033e-05 -3.87973e-06 -4.61054e-05 -0.000834542 -0.000351903 0.0011887 -2.55144e-06 1.59952e-05 -9.49189e-06 -2.87734e-05 -0.000368893 -5.9992e-05 -0.000131038 0.000251917 -7.74372e-06 0.000270232 -2.97031e-05 -5.36227e-05 0.000189254 7.36718e-05 0.000123759 0.00193479 -0.000117161 -0.000604597 5.23504e-05 -4.95931e-06 0.000267201 0.00170193 0.00156466 7.04857e-05 2.78262e-05 
-0.0272236 -0.000184551 -0.000718947 -0.00334477 -0.000151697 -0.0169119 -0.00681325 0.0544611 -0.0279217 -0.00120146 -0.00107651 0.090853 -0.00701061 -0.0304427 -0.00688184 -0.0142233 -2.20628e-05 -0.000164323 0.0036766 0.0010957 0.0427765 -0.0232718 0.0183642 -0.0057019 -0.00649158 -0.000366359 -0.0156012 -0.00418742 0.00958414 -0.0036496 -0.0252052 0.00344579 -0.000207013 -0.00800397 -0.00072951 -0.00207392 -0.0158526 -0.00275493 -0.00866382 -0.0089763 2.24134e-05 -0.00342621 0.0333295 0.0117296 0.0495951 -0.0106535 -0.0210837 -6.53316e-05 -0.00518507 -0.0156654 -0.000370624 -4.3482e-05 -0.00478804 -0.00194047 -0.00259831 1.0569e-05 -0.00143781 0.0260783 -0.0236716 -0.00426823 0.0152007 0.0244645 0.000324658 -0.00155404 -0.000917509 -0.0015363 -0.00928274 0.0221485 -0.00299399 -0.000228353 -0.00118641 -0.00411131 0.0382595 0.00360828 0.0214307 2.09434e-05 -0.000155544 -0.00134052 -0.00115464 0.0310216 -0.00544512 0.0195124 -0.00203523 -0.00173378 -0.00272839 -0.00620313 0.000126942 -0.00151476 -0.00758677 0.000619759 0.00438439 -0.0167111 -0.0375951 -0.00119162 -0.00719644 -0.000132743 -0.0308084 -0.00795029 -0.00105703 -0.000565829 
-0.000898949 -2.46562e-06 -0.000117414 0.00295652 0.000640812 -0.000120079 0.000212856 -0.00661845 -0.00353928 -3.03441e-05 9.4868e-05 -0.00701061 0.0093134 -0.000819633 0.00749749 4.92715e-05 9.38877e-07 3.14248e-05 -0.000222825 -0.000964558 -0.00803818 -0.00506841 -0.000816703 0.00659294 0.00345895 3.11555e-05 -0.000493043 0.000295336 -0.00390255 0.000226372 -0.000706019 -0.000346201 0.000295607 0.00858444 0.000176463 0.000442115 -0.000129707 0.000599912 -0.000145351 0.00800332 3.15364e-06 0.000225334 0.00172347 -0.00122527 -0.00626783 8.93136e-05 -0.00010074 -2.72361e-05 -0.000584196 3.21921e-05 5.39952e-06 1.59306e-05 0.000328035 -6.07042e-05 -8.82423e-06 -1.92158e-05 -0.000127384 -0.00208367 -6.96356e-05 7.51162e-06 0.00173278 -0.00830155 0.000395014 -1.543e-05 0.000753248 0.000144273 0.000153804 -0.00582828 0.000208938 8.88967e-05 0.000235856 -3.0822e-05 -0.00580079 -0.000414869 0.00358946 3.61245e-06 1.41431e-05 0.000550729 0.000784461 0.0018955 0.00014935 -1.41096e-05 -2.06316e-05 -9.51339e-05 0.00658706 1.50602e-05 -1.30367e-05 0.00158961 0.0014074 0.000857057 -0.000257397 -0.000184441 -0.000771576 0.00144181 -1.02145e-05 -7.42306e-06 -0.00140551 -0.00126176 0.000364978 0.000100874 
0.0191106 -5.41785e-05 2.01818e-05 -0.00332494 -0.000321072 -0.00426278 -0.00112973 -0.064472 0.0887258 0.00145117 -0.000863285 -0.0304427 -0.000819633 0.17523 -0.00240538 0.0648186 2.06188e-05 -4.24464e-05 -0.0107215 0.00759702 0.00970683 0.0739884 0.0161361 -0.00192001 0.053371 0.000240165 -0.00695085 -0.001018 0.008471 0.00367095 0.0423618 -0.00799495 -0.000588256 -0.00378656 0.000171703 0.00216725 0.0114116 0.00184051 0.0109157 -0.00392777 -0.000218669 -0.0024611 -0.0511481 -0.0288453 -0.0804958 -0.00181759 -0.00461563 0.000410244 0.0219575 -0.00196529 0.000316077 -1.03021e-05 0.00139823 -0.00147756 0.00183261 -0.000435655 -0.00310395 -0.0645078 0.0111015 -0.000942148 -0.0402011 -0.0152399 -0.00114086 0.00169764 -8.53765e-05 0.000672581 -0.00245789 -0.0355536 -0.000665792 6.26236e-07 -0.000215789 0.00235502 -0.0751312 -0.00837831 -0.0818032 -8.11825e-05 4.31382e-06 -0.000202558 -0.000699 -0.104564 0.00254977 0.00664781 0.000264467 0.00316671 -0.0141532 -0.00363275 -0.0108424 -0.000414893 -0.000488012 -0.00422481 -0.0150258 -0.00350285 0.0262522 -0.000739537 0.000958635 -2.46759e-05 0.089051 0.0439337 0.000264082 0.000297475 
-0.000857861 1.78424e-06 -0.00022794 0.0075655 0.00222895 -0.000458149 -0.000156393 -0.0124114 -0.0075777 6.28847e-06 -8.62112e-05 -0.00688184 0.00749749 -0.00240538 0.0210522 -0.00254619 -4.92114e-06 0.000132559 0.00405321 -0.00173746 -0.0138961 -0.0109489 -0.00141308 0.0125076 0.0062173 0.000250453 -0.000632867 -0.000104762 -0.0135118 0.00278033 -0.00106701 -0.000509633 0.000866731 0.0155859 7.3866e-05 0.000367257 -0.000318169 3.92305e-05 -0.000356294 0.0149487 -1.85555e-06 0.00234207 0.0014058 -0.00242734 -0.0122105 -0.000214821 -0.000713144 -8.21779e-05 -0.000386585 -0.000328233 2.95536e-05 5.81944e-06 0.00066069 -9.06705e-05 -9.46803e-05 1.32597e-05 -0.000286321 -0.00415831 -0.000684767 -9.3595e-05 0.00366201 -0.0136844 0.00332675 -5.45582e-05 6.16368e-05 9.46992e-05 -0.000254787 -0.0131051 6.38318e-05 3.7884e-07 -1.72162e-05 -0.000115985 -0.0124209 -0.000774064 0.00891432 0.000125762 3.00469e-05 -3.30449e-05 0.00253909 0.00657642 2.3252e-05 -0.000977552 0.000222455 -0.000224344 0.0126795 0.00138432 -0.000837724 0.00205232 0.000157348 0.00421635 0.000261816 -0.000377822 -0.0025033 0.00234548 -0.000119124 3.51828e-05 -0.00263293 -0.00172001 0.000127709 0.000202869 
0.00622621 -6.54341e-05 -0.00186677 -0.00498063 -0.000443702 -0.00631461 -0.0025174 -0.0643884 0.0770229 0.00060076 -0.00108674 -0.0142233 4.92715e-05 0.0648186 -0.00254619 0.21516 -1.87391e-05 -7.85064e-05 -0.0119002 -0.0131729 -0.00145755 0.0655791 0.021771 -0.000747828 0.0595709 9.95908e-05 -0.016444 -0.00107672 0.0250767 0.00192293 0.0255894 -0.00409806 -0.000815646 -0.00306956 -3.40893e-05 0.00208956 0.00284406 0.000803876 0.00720286 -0.000827505 8.01934e-05 -0.00485616 -0.0560281 -0.0247898 -0.0596176 -0.00304104 -0.00958446 0.000425082 -0.0107278 -0.00605649 5.57774e-05 -3.40664e-06 0.000888414 -0.00218322 -0.000674771 -0.00027738 -0.00389174 -0.0598236 0.00678218 -0.00128954 0.0190449 0.00444968 -0.000923632 0.000437796 0.000493027 0.00112137 -0.00356647 -0.0498221 -0.000899645 -7.52196e-05 -0.00033587 0.000407845 -0.0272508 -0.0137121 -0.0588635 -0.000104389 -8.4505e-05 -0.000143461 -0.000977532 -0.084811 0.00165863 0.0277785 0.000158902 -0.00083611 -0.016888 -0.00539782 -0.0127103 0.000305739 -0.00116741 -0.00600389 -0.0236944 -0.00716663 -0.00443863 3.45153e-07 -0.000776243 -0.000323277 0.0861909 -0.0110133 0.000147361 0.000151844 
-1.44123e-05 -1.09116e-07 1.53839e-05 1.60023e-05 -9.34735e-07 -5.89815e-06 -2.13757e-06 2.95722e-05 -7.59869e-05 1.96148e-06 6.6073e-06 -2.20628e-05 9.38877e-07 2.06188e-05 -4.92114e-06 -1.87391e-05 0.000269972 -9.75821e-08 5.42708e-06 -6.63732e-06 5.63231e-06 -6.71235e-05 -2.16664e-05 -3.94038e-06 -2.50184e-05 1.42663e-07 1.67512e-05 -1.41978e-06 -3.92103e-05 2.43996e-06 -3.09195e-06 1.93047e-05 -5.17269e-07 -3.61673e-06 -2.28305e-07 9.61343e-07 1.39442e-05 9.08523e-06 -2.23527e-06 2.67612e-06 4.43596e-06 -3.51834e-06 2.73347e-05 1.58872e-05 5.56165e-05 -2.1923e-06 -1.84551e-06 2.49382e-05 5.86397e-06 2.50511e-05 -8.47123e-08 -1.41203e-08 3.10913e-05 -8.49231e-07 5.28603e-07 -6.53736e-07 1.41984e-05 -4.72248e-05 -1.99505e-06 -1.29761e-06 -0.000157058 -1.60984e-05 -1.46232e-06 -5.84782e-07 -4.63939e-07 1.65998e-06 -3.47261e-06 -1.25609e-06 -1.04168e-06 1.34553e-06 2.78639e-06 3.78722e-07 -0.000131683 3.17118e-05 -3.35988e-05 -7.69921e-08 -8.7778e-08 -1.88207e-07 -8.75238e-07 -9.38326e-05 9.8641e-06 -9.50261e-05 -1.17994e-06 2.89526e-06 4.10316e-05 9.9859e-06 5.93821e-05 4.30035e-06 -3.05036e-06 2.27739e-05 0.000100714 -5.78811e-06 -2.45899e-05 4.77789e-06 -1.32029e-06 1.07383e-07 -2.53222e-05 2.53041e-05 1.48182e-05 1.53389e-06 
2.41517e-05 -1.46012e-07 -3.17856e-06 8.52621e-06 1.18936e-05 1.36482e-05 1.43559e-05 -7.11628e-05 -0.000115824 2.31455e-06 5.67303e-05 -0.000164323 3.14248e-05 -4.24464e-05 0.000132559 -7.85064e-05 -9.75821e-08 0.000361225 2.80516e-05 -7.11394e-06 -0.000158397 -0.000151692 1.11851e-05 6.99031e-05 7.61746e-05 1.1845e-05 4.79935e-05 1.22113e-05 -0.000284603 1.20796e-06 1.0234e-06 -1.06208e-05 4.47321e-06 8.91409e-05 -2.72169e-07 -8.35426e-07 1.91024e-05 3.29709e-06 -4.70453e-06 0.000105167 -3.68193e-07 4.29486e-05 7.34877e-05 -4.40987e-05 -7.8882e-05 4.50917e-06 1.67335e-05 -1.39486e-06 1.53237e-05 -4.4511e-06 -2.95531e-07 5.2555e-07 5.86144e-05 -2.16029e-06 -1.14934e-06 2.12141e-05 1.82766e-05 -3.10014e-05 1.15537e-05 1.74303e-05 1.20677e-05 -0.000110454 -9.94192e-07 -6.82996e-07 9.1252e-07 4.6498e-06 1.36231e-05 -0.000145849 1.12573e-05 -5.81765e-08 8.98648e-07 -1.09694e-07 -0.000188573 -3.30928e-06 8.38188e-05 -1.32762e-07 -1.91799e-07 -6.49689e-07 1.09399e-05 5.50962e-05 2.18113e-06 3.0925e-05 1.69961e-05 -4.18429e-06 6.6099e-05 1.57359e-05 3.15481e-06 -2.61632e-06 1.38627e-05 -6.56036e-06 -2.06357e-05 -3.53671e-06 -1.40509e-05 1.24534e-05 1.64868e-05 3.14553e-06 -1.09801e-05 -2.19694e-05 9.73946e-07 -2.37142e-07 
0.00325974 -8.48879e-06 -0.000252398 0.00609763 0.00110165 -0.00127017 -0.000463519 0.000910038 -0.01798 -0.000146244 -0.000298402 0.0036766 -0.000222825 -0.0107215 0.00405321 -0.0119002 5.42708e-06 2.80516e-05 0.0559407 -0.0020042 -0.00358736 -0.0252393 -0.0117718 0.00271356 -0.0101343 4.00681e-05 -0.00091024 -7.66462e-05 -0.0238888 0.00697612 -0.00442336 -0.00164831 0.00133522 0.00503985 -4.45517e-05 -0.000225361 -0.00120122 -0.000176256 -0.000357282 0.00388387 1.33962e-05 0.000207778 0.000148599 0.00591583 0.00372759 -0.00049186 3.47597e-05 -9.29858e-05 -0.00245898 -0.00115845 9.15384e-05 -3.0545e-06 0.00290008 0.00140575 -0.000242647 -8.18212e-05 -9.50036e-05 0.000786469 -0.00182735 -0.000273371 -0.00840107 -0.00287356 0.00273055 -0.000124304 -9.42067e-05 -0.00014744 -0.00069719 0.00400777 0.000158951 -1.31023e-05 -7.69193e-05 -0.000282654 -0.0122412 0.012999 0.0185736 0.000295659 -1.78142e-05 -0.000103257 0.000907214 0.0112505 -0.00027053 -0.00800753 -0.000162531 -0.000427447 0.00968771 8.03077e-05 0.00453194 0.00078967 -0.000489177 0.0111916 0.00155668 -0.00133164 -0.00335952 0.00063065 -0.000498835 4.0971e-06 -0.00897748 -0.00551599 0.000115115 -1.28886e-05 
0.0108676 4.90958e-06 -0.000669944 -0.00155681 1.23535e-05 -0.00266304 -0.00069567 0.0197977 0.00712682 -0.000372324 -0.000710192 0.0010957 -0.000964558 0.00759702 -0.00173746 -0.0131729 -6.63732e-06 -7.11394e-06 -0.0020042 0.110618 -0.0015736 -0.0162106 0.00954942 -0.00189858 -0.0345653 -1.43633e-05 -0.00399353 2.63597e-05 0.0042986 -0.00220309 -0.00591912 0.000740513 -0.000303661 -0.00253641 0.000236006 -0.000543665 0.00670387 -0.000345942 0.00134926 -0.00222054 -7.46684e-05 0.000628039 0.0180091 -0.0109066 0.0161903 -0.00138209 0.000559563 0.000189665 0.011765 -0.00185502 0.000323984 3.7215e-06 -0.00131098 -0.000659894 0.001778 0.000668497 -0.000778805 0.00410416 0.00611293 -0.000355204 -0.0614294 -0.0150448 -0.000654129 0.000172991 -0.000159371 -0.000305501 0.000165484 0.0240785 -0.000300947 -3.59702e-05 -0.000152887 0.00205439 -0.0352001 0.00327944 -0.0288888 -3.80906e-05 -5.10508e-05 -0.000118421 -0.000376763 -0.042727 -0.000828824 -0.035974 -0.000422622 0.000163155 -0.00337754 -0.00202408 0.00984014 0.000392995 -0.000687841 -0.000652963 -0.000125096 -0.00285504 0.0161054 -0.000414526 -0.00109753 0.000350452 -0.0150582 0.0665198 -0.000195925 -6.94995e-05 
-0.00179269 -0.000274697 0.000121821 -0.00986486 -0.00245315 -0.0170766 -0.00598731 0.040801 -0.00387931 -0.000662537 -0.000490843 0.0427765 -0.00803818 0.00970683 -0.0138961 -0.00145755 5.63231e-06 -0.000158397 -0.00358736 -0.0015736 0.112197 -0.00384273 0.0183351 -0.0121211 0.02763 -0.000205701 -0.014156 -0.00385675 0.0129243 -0.00257398 0.00145377 0.00430718 -0.00152218 -0.018116 -0.00066939 -0.000261045 -0.0102604 -9.01059e-05 -0.00457222 -0.0166904 -0.000346015 -0.00426044 0.0216336 0.00788016 0.0380967 -0.0103837 -0.0183862 4.99759e-05 0.00268186 -0.0149283 -0.000370184 -4.4055e-05 -0.00383299 -0.0016299 -0.0028165 -0.000547518 -0.00067284 0.00927971 -0.0207833 -0.00407469 -0.0165607 0.0259068 -0.00377906 -0.000526079 -0.000717052 -0.000942241 -0.00879899 0.00840488 -0.00289186 -0.000215083 -0.00114661 -0.00280836 0.00808632 0.00512537 -0.0276918 -0.000283463 -0.000168579 -0.00132883 -0.00271679 -0.0106592 -0.00327695 0.0252346 -0.00228588 0.000629372 -0.0294307 -0.00795749 -0.00171697 -0.00427248 -0.00665791 -0.00479424 0.00611356 -0.0169872 -0.0214824 -0.00322259 -0.00491705 4.99254e-05 -0.00556297 0.00809206 -0.000321155 -0.000195286 
0.00970501 -1.1666e-05 0.000588083 -0.00952254 -0.00116174 0.0075396 -0.00103939 -0.0812353 0.0913145 0.000649971 -0.000773338 -0.0232718 -0.00506841 0.0739884 -0.0109489 0.0655791 -6.71235e-05 -0.000151692 -0.0252393 -0.0162106 -0.00384273 0.246615 0.0191293 -0.00819214 0.0523975 1.47164e-05 0.000816057 -0.00218105 0.0193623 -0.0028394 0.0276228 -0.016108 -0.00138067 -0.0134644 9.81033e-05 0.00014125 0.00789539 -0.00121862 0.00568378 -0.0126886 -0.000403591 -0.00204354 -0.0963445 -0.044157 -0.0725483 0.00389189 0.00630815 -0.00080568 0.00117693 0.00637597 3.97521e-06 -1.50869e-05 -0.0020842 -0.00224534 0.000703944 -0.0006349 -0.00318437 -0.0417887 0.00964927 -0.000257932 0.0264614 0.00341029 -0.00276216 0.000717849 -0.000315301 0.000303681 0.000505757 -0.0592073 -0.00177652 -8.16516e-05 -0.000332054 0.0018661 -0.0056118 -0.0164846 -0.0691486 -0.000196355 -4.44609e-05 -0.000969906 -0.00176776 -0.0625087 0.00264969 0.0143703 0.00110865 0.00106353 -0.0307765 0.00238051 -0.0143201 -0.00271893 -0.00163484 -0.0106032 -0.0324554 0.00973755 0.0189879 -0.00186271 0.00254655 -0.000395132 0.0827013 -0.00600673 -0.000729222 -0.000220945 
-0.0167617 -0.000137809 0.00163543 -0.0075683 -0.00157394 -0.01749 -0.00682497 0.0291572 -0.00538612 -0.000419212 0.000524664 0.0183642 -0.000816703 0.0161361 -0.00141308 0.021771 -2.16664e-05 1.11851e-05 -0.0117718 0.00954942 0.0183351 0.0191293 0.130205 -0.00256778 0.0326319 -1.94746e-05 -0.0346578 -0.00442186 0.0161765 -0.0112572 -0.000248723 -0.00548171 -0.00107872 -0.00418615 -0.000276778 -0.0012343 -0.00196071 -0.00229821 -0.00795817 -0.00588379 -0.000329547 -0.00587533 0.0194901 -0.0515639 0.00466763 -0.00890528 -0.0236082 -0.000142706 -0.00792767 -0.015101 -2.43924e-05 -3.8598e-05 -0.000499726 -0.00553409 -0.000842656 -0.000119845 -0.00641408 0.00201174 -0.00690863 -0.00399002 0.0222381 0.00809202 -0.00375168 -0.000503509 -0.000626568 -0.00196344 -0.00962148 0.0208829 -0.00322147 -0.000232498 -0.00110923 -0.000543207 -0.00876733 -0.00592751 -0.0141952 -0.00018864 -0.000213654 -0.00142816 -0.00124213 0.010551 -0.00280092 0.0493442 -0.00198876 -0.000756542 -0.00896195 -0.0120207 -0.0115081 -0.00360376 -0.00784703 -0.0111361 -0.0103922 -0.0191121 -0.0368169 -0.00177052 -0.00694198 -3.2472e-05 0.00875536 0.0226112 -0.00102857 -0.000474201 
-0.00145184 -2.05607e-07 -0.000178052 0.00667478 0.00176433 -0.000332492 -9.58634e-05 -0.00986621 -0.00619719 -4.99989e-05 -3.76387e-05 -0.0057019 0.00659294 -0.00192001 0.0125076 -0.000747828 -3.94038e-06 6.99031e-05 0.00271356 -0.00189858 -0.0121211 -0.00819214 -0.00256778 0.0158145 0.00372786 0.000165591 -0.000649587 -9.47102e-06 -0.00976241 0.003019 -0.00100459 -0.000540909 0.000996241 0.0132355 0.000104434 0.000321603 -0.000228616 0.000283484 -0.000221528 0.0124071 1.49675e-05 0.00149357 0.000798258 -0.00179151 -0.0101125 -0.000182567 -0.000561005 -1.46141e-05 -0.000890357 -0.000318359 2.2683e-05 9.15957e-06 0.000289432 -8.29838e-05 -6.37499e-05 -1.37209e-05 -0.000213076 -0.00470574 -0.000488789 -6.1455e-05 0.00347022 -0.0120691 0.00278255 -4.03354e-05 0.00041332 8.38796e-05 -0.000202578 -0.00944088 5.10361e-05 2.55577e-05 2.65331e-05 -8.88617e-05 -0.00950041 -0.000547104 0.00647214 0.000218662 3.07689e-05 0.000195297 0.00236712 0.00456331 -1.76551e-05 -0.00172489 0.000160599 -0.000179981 0.0106584 0.00116821 -0.000588515 0.00194402 0.000584823 0.00419108 -0.000647218 -0.000327592 -0.00196319 0.00216972 -4.16889e-05 5.00052e-06 -0.00203952 -0.00227192 0.000223037 0.000139952 
-0.00248878 -0.000130376 -0.0028997 -0.00283062 -0.000402975 -0.00579057 -0.00210816 0.00172461 -0.00403321 2.11053e-05 -0.00233272 -0.00649158 0.00345895 0.053371 0.0062173 0.0595709 -2.50184e-05 7.61746e-05 -0.0101343 -0.0345653 0.02763 0.0523975 0.0326319 0.00372786 0.226404 0.000221404 -0.0119107 -0.00028923 0.00364316 -0.00271357 0.0153108 -0.00132049 -0.00033491 0.00268096 -0.00012446 0.00264771 -0.00184413 0.001823 -0.00209988 0.00338549 -0.000313989 0.00751626 0.0339858 -0.0375193 -0.020427 -0.00383305 -0.0070605 0.000506952 -0.00960226 -0.00636509 -0.000247198 -9.57899e-06 -0.00102041 -0.00162082 -0.0015273 -4.29443e-05 -0.00419674 -0.00136563 -0.0077534 -0.000879886 0.0286577 0.00571387 -0.00187613 -0.000802534 0.000318177 -0.000127426 -0.00351803 -0.135641 -0.000114848 -7.88597e-05 -0.000308963 -0.00154067 -0.0131944 -0.0133636 -0.104921 -0.000108975 2.2433e-05 -0.000172634 0.000242932 -0.0614489 0.000157068 0.0548517 -0.00195164 -0.00361691 -0.0136851 -0.00456574 -0.0145853 -0.00135781 -0.000243118 -0.00604994 -0.00350169 -0.00746277 -0.0247457 -0.000286462 -0.000232915 -0.000333003 0.0137276 -0.0246859 0.000394248 0.000139091 
3.56431e-05 6.868e-07 1.93134e-06 7.92379e-05 5.52055e-05 2.82844e-08 -2.75384e-06 -0.00040527 8.43814e-05 9.39768e-05 5.23512e-05 -0.000366359 3.11555e-05 0.000240165 0.000250453 9.95908e-05 1.42663e-07 1.1845e-05 4.00681e-05 -1.43633e-05 -0.000205701 1.47164e-05 -1.94746e-05 0.000165591 0.000221404 0.000582294 -5.84941e-06 4.70087e-07 -0.000166556 5.53338e-05 0.000162441 -2.06297e-05 8.07529e-06 0.00012128 1.10742e-06 7.56334e-05 0.000189871 4.09928e-05 2.06951e-06 0.000118043 3.39675e-07 4.64904e-05 -0.000269284 -6.37539e-05 -0.000396495 5.63765e-06 -1.7843e-06 -2.00025e-06 7.6689e-06 -7.26258e-06 7.16695e-07 -3.04652e-08 5.15571e-05 -2.62017e-06 8.67151e-06 2.38895e-05 -3.49082e-06 -0.000381704 3.424e-05 3.56701e-06 -0.000159815 -0.000287164 3.03216e-05 7.17811e-06 2.54347e-06 2.64028e-05 -6.20632e-06 -0.000303578 -1.97023e-06 -1.65461e-07 1.31636e-06 9.48619e-06 -0.000372398 -1.91247e-05 -2.19557e-05 6.85261e-06 7.68529e-07 -7.34607e-07 1.65894e-05 -7.22804e-05 1.26094e-05 -0.0001244 1.99761e-05 7.64554e-07 7.06358e-05 -6.60887e-06 -3.02827e-05 3.14593e-05 8.10759e-06 6.7742e-05 -4.28252e-05 7.53898e-06 -4.201e-05 1.35135e-05 5.91974e-05 1.70149e-05 0.00028578 8.19466e-05 1.68974e-05 1.32954e-05 
0.0214284 4.32983e-05 0.00100946 -1.7172e-06 9.67285e-05 0.0150067 0.000642074 -0.0163288 0.0106627 0.000390224 -0.000312575 -0.0156012 -0.000493043 -0.00695085 -0.000632867 -0.016444 1.67512e-05 4.79935e-05 -0.00091024 -0.00399353 -0.014156 0.000816057 -0.0346578 -0.000649587 -0.0119107 -5.84941e-06 0.0568399 -0.000310152 -0.0141459 0.00223651 0.00440521 -0.000244112 -9.5535e-06 -0.000985797 -4.15711e-05 -6.61183e-05 9.55693e-05 0.00090913 0.000453677 -3.77661e-05 1.6455e-05 -0.00148981 -0.0067947 0.00421964 -0.00495464 0.00630218 0.018035 -0.000132039 0.0114926 0.0143019 6.8438e-05 3.08096e-06 -0.000179918 0.00307275 0.000700238 -8.29504e-05 0.00557589 0.00283882 0.000408702 0.000302542 -0.00654403 0.00215328 2.51595e-05 -5.50725e-05 -3.29288e-05 -0.000102231 0.003953 -0.0241123 -0.000228292 5.43409e-05 0.000109059 -0.000253668 -0.0121558 0.00345254 -0.0119209 -1.91611e-05 7.28656e-05 -4.74554e-05 -0.000177797 -0.0157203 0.00203256 -0.0362202 0.000644305 0.000714232 -0.000219611 0.0112897 0.0129473 -0.000381417 0.000383259 0.00437533 -0.00186697 0.0193164 0.0276577 -0.000179444 0.00350148 -4.06792e-05 -0.00376076 -0.00878763 0.00012021 0.000108985 
-0.000487953 3.69423e-05 -6.62931e-05 0.00191857 2.06799e-06 0.00198384 0.00410469 -0.00373696 0.000426928 3.51883e-05 -2.82094e-05 -0.00418742 0.000295336 -0.001018 -0.000104762 -0.00107672 -1.41978e-06 1.22113e-05 -7.66462e-05 2.63597e-05 -0.00385675 -0.00218105 -0.00442186 -9.47102e-06 -0.00028923 4.70087e-07 -0.000310152 0.00522995 -0.0023514 0.000546139 -0.000369546 6.57275e-05 4.14151e-05 0.000171291 6.29773e-05 0.000370735 0.000911795 0.000106237 0.000718911 0.00192455 -5.31263e-06 0.00426145 -0.00296769 -0.000520212 -0.00347847 0.000920068 0.00376009 0.000122899 -0.000301919 0.000457962 5.0718e-06 1.57251e-05 -4.92102e-05 0.00147643 8.92016e-05 -1.04167e-05 0.000694855 -0.00207454 0.00372247 0.00257394 -0.00337809 -0.00481029 6.89597e-05 -3.76559e-06 0.000163856 0.000101302 0.00348523 -0.00275368 0.00339258 2.05135e-06 0.000603396 0.000411209 -0.00255527 -0.000177547 -0.00198176 -4.27493e-08 5.12205e-05 0.00104384 0.000283615 -0.00285228 0.000639881 -0.00393901 0.000187772 2.06313e-05 -9.63172e-05 -2.38052e-05 -0.000267533 0.000233578 0.00490538 0.000161727 -0.000360331 2.69924e-05 0.00395798 1.88129e-05 0.00146214 6.08592e-06 -0.000974043 -0.000257127 9.48973e-05 -3.1281e-06 
-0.021961 -4.51431e-05 0.000377555 -0.0109955 -0.00212344 -0.00438625 -0.00293142 0.00913799 0.0280033 -6.63782e-05 1.02781e-05 0.00958414 -0.00390255 0.008471 -0.0135118 0.0250767 -3.92103e-05 -0.000284603 -0.0238888 0.0042986 0.0129243 0.0193623 0.0161765 -0.00976241 0.00364316 -0.000166556 -0.0141459 -0.0023514 0.0943373 -0.011721 -0.00184352 0.00272311 -0.00188888 -0.0120923 -7.34971e-05 -0.000176768 0.000817954 -0.000430996 -0.00161657 -0.0126566 -4.49679e-05 -0.0128526 0.00470301 0.0011319 0.00527605 -0.00120468 -0.0085228 2.55983e-05 -0.0137805 -0.00118458 -0.000285398 -1.08857e-05 -0.00674498 -0.00642382 3.64327e-05 -0.000294534 -0.00714446 0.00543175 0.000559583 -0.00209003 0.0229112 0.0112053 -0.00424927 9.5046e-05 -0.000112021 4.46936e-05 -0.0012676 0.0214763 -0.00279475 -0.000130784 -0.00038947 0.000250545 0.0324558 -0.0248534 -0.00809862 -0.000292888 -0.00013038 -0.000289543 -0.00245159 -0.0130394 -0.00332304 0.0171305 -0.000228852 -0.00134493 -0.0197153 -0.00891238 -0.0203183 -0.00232572 -0.00204538 -0.0165422 -0.00790071 -0.00292201 -0.0113638 -0.00277076 -0.00414745 -9.38539e-05 0.0111095 0.00763977 -0.000486023 -0.00023997 
0.00838024 -8.26383e-06 -0.00018436 0.00616756 0.00052608 -0.000330792 0.000387287 -0.0101832 -0.000653571 2.75851e-05 -4.94827e-05 -0.0036496 0.000226372 0.00367095 0.00278033 0.00192293 2.43996e-06 1.20796e-06 0.00697612 -0.00220309 -0.00257398 -0.0028394 -0.0112572 0.003019 -0.00271357 5.53338e-05 0.00223651 0.000546139 -0.011721 0.0202443 0.00220109 -0.000748492 0.000754502 0.00408359 1.82457e-05 0.000338297 0.000226613 0.000374376 0.00608269 0.00407098 1.87372e-05 0.00108393 -0.00870835 0.000158526 -0.00864255 -0.000223746 0.00219225 -2.21835e-06 0.00612339 -0.000407133 0.000172047 1.50799e-06 0.00146716 0.00241073 0.00013211 -1.60651e-05 0.000708776 -0.0134419 0.000123991 9.69246e-05 -0.00771718 -0.00507575 0.00228592 3.59806e-05 1.60303e-05 0.000283206 -0.000106729 -0.0103969 0.000620203 1.06628e-05 -1.83868e-05 -0.000108746 -0.00974359 0.00447649 -0.000131327 0.000298605 1.5228e-05 8.78494e-05 0.000568757 -0.00405619 0.000348473 -0.0106893 -8.40679e-05 -0.000106999 0.00407691 0.000415929 0.00315572 0.000175409 0.000553431 0.00958336 -0.00149802 -0.000423445 0.00953378 0.00069703 0.00118 4.85176e-05 0.00458562 -0.00285455 0.000327655 0.000177612 
0.0227517 -1.62869e-05 -0.000836287 -0.00127391 -7.47652e-05 0.000647315 0.000738628 -0.0412909 0.0395549 0.00115407 -0.000231272 -0.0252052 -0.000706019 0.0423618 -0.00106701 0.0255894 -3.09195e-06 1.0234e-06 -0.00442336 -0.00591912 0.00145377 0.0276228 -0.000248723 -0.00100459 0.0153108 0.000162441 0.00440521 -0.000369546 -0.00184352 0.00220109 0.0725947 -0.00285269 -0.000210925 -0.00171951 0.000406153 0.00119883 0.00461006 0.00287976 0.00465619 -0.00184079 -1.20722e-06 -0.000988782 -0.0440432 -0.0101928 -0.0382679 -0.000217385 -0.000278243 -1.2504e-05 0.0153232 0.000766786 -3.36174e-05 -2.80951e-06 0.00150967 -0.000394292 0.000417641 -0.000131575 -2.99709e-05 -0.0365012 0.00545496 -0.000352327 -0.0130546 -0.00356044 -0.000438946 0.000943088 -0.000108732 0.000313749 -0.000836046 -0.0283145 -0.000278893 -1.36242e-05 -1.97337e-05 0.00241587 -0.0245994 -0.00245164 -0.0289824 -2.80418e-05 -3.08612e-05 -0.000137888 -0.000251158 -0.038754 0.00177302 -0.00943052 7.15788e-05 0.00633976 -0.0055295 -0.000279829 -0.00228736 0.000425195 -0.000599485 -0.00141204 -0.00596562 0.00206684 0.0213927 -0.000176388 0.000824365 -3.57831e-05 0.0463281 0.0125384 0.000584048 0.000372928 
-0.00328601 1.16561e-05 -0.000211414 -0.000490452 -0.000120793 -0.000704207 -0.000315793 0.00754868 0.00325566 -4.01853e-05 0.00012318 0.00344579 -0.000346201 -0.00799495 -0.000509633 -0.00409806 1.93047e-05 -1.06208e-05 -0.00164831 0.000740513 0.00430718 -0.016108 -0.00548171 -0.000540909 -0.00132049 -2.06297e-05 -0.000244112 6.57275e-05 0.00272311 -0.000748492 -0.00285269 0.0365571 -6.28172e-07 -0.00090362 -1.44275e-05 6.00363e-05 -0.000509784 -8.55318e-05 -0.000637351 -0.00027345 -1.7098e-05 -0.000203662 0.0106869 0.00169651 0.00999534 -0.000456305 -0.00115658 0.000476289 0.00328269 -0.000599867 -3.22141e-05 -6.09263e-07 -0.000423339 -0.000262205 -0.000116064 6.99828e-05 0.000490394 0.00476904 -0.00107676 -0.000180425 -0.00888961 -0.00244026 -0.000210437 -8.2475e-05 -5.66309e-05 -7.60525e-05 0.000846608 -0.00058338 -0.000144803 -1.04697e-05 -3.18311e-05 -0.000131747 0.00182669 -6.05799e-05 -0.0122013 -1.22616e-05 4.21743e-05 0.000130716 -0.000121754 -0.0136289 -0.000334315 0.000608115 -0.000203875 -0.000112499 -0.00220544 -0.000393795 -0.000339555 -0.000222373 0.000222625 -0.00071711 0.00460327 -0.000753533 -0.00134815 -0.000139646 -0.000321186 -1.08808e-05 -0.00734575 0.00865246 -5.87247e-05 -2.49385e-05 
-0.000218088 -1.173e-06 -3.4115e-05 0.00111251 0.000177063 -6.2147e-05 -2.56151e-05 -0.000987088 -0.00111746 -1.19196e-06 -1.64549e-05 -0.000207013 0.000295607 -0.000588256 0.000866731 -0.000815646 -5.17269e-07 4.47321e-06 0.00133522 -0.000303661 -0.00152218 -0.00138067 -0.00107872 0.000996241 -0.00033491 8.07529e-06 -9.5535e-06 4.14151e-05 -0.00188888 0.000754502 -0.000210925 -6.28172e-07 0.00289456 0.00125717 9.80124e-05 -1.05406e-05 -5.98555e-05 9.50689e-05 -3.64404e-05 0.0010997 3.63532e-05 0.000138755 7.51247e-05 6.01244e-05 -0.00102669 -3.02313e-05 -0.000102279 2.38352e-07 -3.41993e-05 -5.27255e-05 -1.19e-07 6.39265e-06 0.000171911 -1.3471e-05 -1.18953e-05 1.48343e-06 8.61304e-06 -0.000622301 -9.33611e-05 -1.39494e-05 0.000268821 -0.00111688 0.000285877 -5.16143e-06 1.41793e-05 4.79197e-06 -3.8064e-05 -0.00107548 5.24047e-05 8.17558e-06 -3.84914e-06 -1.60344e-05 -0.000884113 8.31244e-06 0.000940708 0.000124956 6.05916e-06 -1.99824e-06 0.000138536 0.000949046 -2.34721e-05 -0.000760473 3.235e-06 -2.93927e-05 0.00173919 2.97371e-05 0.00027341 0.000239748 -2.1236e-05 0.00119504 7.53415e-05 -6.63557e-05 -0.00036497 0.000332004 -2.49182e-05 -1.28176e-06 -0.000503471 -0.000467914 8.72265e-05 5.86156e-06 
