0.138963 0.0611758 -0.0250284 -0.00232361 5.56925e-05 0.0485477 -0.0241131 0.00915314 -0.0012459 0.0579783 -0.00180363 -0.0256646 0.0816537 -0.0130208 -0.000368649 0.019112 -0.0154751 -0.000730785 0.000250161 -0.0025127 0.0329385 0.0215673 0.00262893 -0.0110514 -0.00738482 -0.00519676 -0.000605969 -0.00493047 -0.0027949 -0.0378933 0.00274797 -0.000609351 -0.0192935 -0.000346835 -0.0517051 -0.0568315 -0.000841748 -0.00167643 -0.000193757 -0.000246396 0.0406834 -0.024605 0.0280243 0.0548513 0.00475495 -0.00238524 0.00296355 -0.00135922 -0.0166832 -0.00261786 -0.00018323 -0.0174585 -0.0336454 -0.00459349 -0.00166621 -0.0199778 0.0549799 -0.00612892 -0.00034769 -0.00043654 0.0256051 -0.000669589 0.0300809 -3.473e-05 -0.000717794 -0.0231148 -0.000869449 -0.00104956 -0.00384041 -0.00172361 -1.90321e-05 -9.84883e-05 -0.0253488 -0.00370623 -0.00320844 0.0256964 -0.0348293 -0.00316875 -0.0266275 -0.0457279 -0.00107802 -0.000703643 0.0115246 -7.37288e-06 0.0015245 -0.0122729 0.00161799 -0.0312229 -0.0022202 -0.00616972 -0.00398426 -0.0048372 -0.00322155 -0.00860703 -0.000622072 -0.00273329 -0.00160734 -0.0226201 -0.0197159 -0.0167237 
0.0611758 0.227376 -0.112411 0.00173778 -0.000328672 0.0345749 -0.00642407 0.00987397 -0.00107691 0.148815 -0.0132316 -0.091437 0.134589 -0.000850696 0.00046446 -0.0443092 -0.0245701 0.00285868 8.60368e-05 -0.00694946 0.105418 0.028029 -0.0385888 0.00478714 -0.0123279 -0.00370533 -7.0874e-05 -0.00415444 -0.00204544 -0.0181976 0.0110541 -0.000151129 -0.029883 -0.000979298 -0.0251379 -0.0345157 -0.000337337 -0.00513612 -0.00157376 -5.18217e-05 -0.0529962 -0.0688873 0.0124391 0.147045 -0.103459 -0.00204456 0.0112257 -0.00175425 0.000157242 -0.00138925 -5.12441e-05 0.00234842 0.0525454 -0.00364825 -0.00122052 -0.0217947 0.127519 0.0289984 -0.000521127 -0.000121664 0.0533508 -0.000388621 0.0132478 4.92851e-06 -0.00511764 -0.0720968 -0.00168618 -0.000588343 -0.00435335 -0.00146564 -1.78075e-05 -3.6914e-05 -0.0288141 -0.0945126 -0.00321181 0.00961566 -0.0301432 -0.0282338 -0.0217415 -0.0256524 -0.00209915 -0.000497261 0.112056 -6.37332e-06 0.000278682 0.00129552 -0.014801 -0.0414694 -0.00132816 -0.116324 -0.00161069 -0.0435054 -0.00487314 -0.0260038 -0.000653929 0.000658177 -0.0115618 -0.0171203 -0.00437425 -0.00300335 
-0.0250284 -0.112411 0.242693 -0.00118355 0.000183628 -0.0118853 0.00683598 -0.0158404 1.41696e-05 -0.123561 0.0100092 0.0678215 -0.101414 0.000659266 -0.00168607 0.0275697 0.00666371 0.000605113 -0.00332596 -0.000235939 -0.0830154 -0.0503621 0.0337982 -0.00172412 -0.0228374 0.00114711 -0.000455423 -0.00140091 -0.000961453 0.000356635 -0.0727847 -0.000312903 0.0186059 -0.000209548 0.0194603 -0.00130588 -0.00170444 0.00349022 0.000995754 -6.4012e-05 0.0545753 0.0492919 -0.00830041 -0.103511 0.100623 0.00226479 -0.0138508 0.000858537 -0.00177465 -0.00284741 -0.00010923 0.0110191 -0.0574869 0.0006072 -0.000564948 -0.00443737 -0.114171 -0.0240064 0.000380727 1.50906e-05 -0.0446552 9.18701e-05 -0.00794182 -3.8162e-05 0.003975 0.0555396 0.0015531 -3.4122e-06 0.00281043 0.000393117 -1.7457e-07 -4.09184e-05 0.00463007 0.0816992 0.0019834 -0.0108664 0.00534088 0.0252801 0.00359178 0.0190373 0.00204652 -0.000102739 -0.0691666 -4.58379e-07 -0.00278318 -0.00567361 0.0127301 0.0204948 0.000479858 0.131653 -0.000577 0.0389828 0.00324712 0.0223283 -9.09271e-05 -0.003391 0.00859235 0.0120509 0.00239784 -0.0113739 
-0.00232361 0.00173778 -0.00118355 0.0180014 -3.77951e-06 -0.00205335 0.00285959 0.00074871 -3.03806e-05 -0.00122035 -0.000190877 -0.00839405 -0.00219496 0.00129428 -8.81676e-05 -0.00334629 -0.000529505 -0.000249808 -0.000100167 -0.000256508 0.000229306 -0.00264755 0.00177288 0.0016046 0.000333063 -0.000122376 5.45296e-05 -0.000113544 -6.01022e-05 0.00271396 -0.000216427 0.000316716 -0.000518158 -2.26883e-05 0.00269505 -0.00195168 -4.51902e-05 -3.62774e-05 -3.29746e-05 0.000204569 -0.000432735 0.000573113 -0.00288411 -0.00178206 -0.00258383 -3.03414e-05 -0.000153839 -3.12216e-05 0.00282322 -0.000254314 -9.40689e-06 0.00152964 0.00087584 0.000137482 -1.08737e-05 -0.000733982 -0.00236269 0.00351264 -1.04777e-06 -7.50101e-07 -5.43765e-05 2.09784e-05 -0.00281256 -2.07114e-06 0.00015295 -0.00347699 1.65617e-05 -1.01211e-06 -0.000109477 -5.60183e-06 3.57083e-07 3.83062e-06 -0.000663422 -3.86902e-05 -1.27962e-05 0.000544216 0.000935122 -4.83353e-05 -0.000495707 0.00258437 -1.82874e-05 -1.52436e-05 -0.00442867 1.5361e-06 -0.000119354 -0.00014987 -0.000331976 0.00113389 1.01899e-05 -0.00242721 6.76466e-05 0.00162452 -5.51394e-05 -0.00029851 0.000213157 0.00105778 -0.000319902 0.00209857 0.0011736 -0.000568927 
5.56925e-05 -0.000328672 0.000183628 -3.77951e-06 0.00137786 2.72949e-05 1.08506e-05 0.000226804 1.25119e-06 -0.000332887 0.000256755 -0.000315639 -0.000338427 2.59126e-05 -7.32813e-06 -0.000190801 5.91079e-05 -2.99949e-05 -1.26864e-05 -1.19616e-05 -0.000416779 0.000245676 0.000319981 -1.29512e-05 -4.90009e-05 -1.10846e-05 -9.71018e-07 4.57299e-05 -3.37122e-06 1.33768e-05 4.62932e-05 2.2621e-06 -3.74133e-05 -2.29728e-06 -2.52808e-05 -0.000115609 2.63105e-06 -1.07477e-05 -9.58282e-07 -4.22883e-07 3.2021e-05 0.000218132 2.24535e-06 -0.000421424 0.000218524 2.98375e-05 -4.31848e-06 7.52508e-06 2.39175e-07 -3.2137e-05 -6.76293e-07 -7.22653e-05 -0.000389597 -5.504e-06 -4.97135e-07 -6.78577e-05 -0.000404294 -0.000133908 5.20036e-06 -7.65387e-07 0.000109909 8.58742e-06 5.05707e-06 -1.55837e-07 -3.2624e-06 -0.000143914 5.81147e-05 3.25852e-06 -9.95486e-06 -1.57328e-06 8.388e-08 1.29868e-07 -6.19003e-05 0.000325756 1.5816e-05 -0.000193138 -1.07205e-05 7.90519e-05 -3.64079e-05 -2.57584e-05 7.73597e-06 -1.03774e-06 -0.00032797 3.29604e-07 3.88614e-05 2.00388e-05 -2.06646e-06 -7.29111e-05 4.4126e-06 0.000263311 -6.01086e-06 0.000375432 1.09102e-05 8.18605e-05 1.84687e-06 -6.52052e-06 -8.66111e-06 -4.66595e-05 -1.52262e-05 -5.91798e-05 
0.0485477 0.0345749 -0.0118853 -0.00205335 2.72949e-05 0.0710353 -0.0147772 0.0050329 -0.00131424 0.0413903 -0.00271106 -0.0100695 0.0554615 -0.013007 -0.000636619 -0.00173137 -0.00810518 -0.000630975 0.000126301 -0.00880194 0.0260481 0.0136293 0.0045407 -0.013347 0.00175325 -0.00208569 -0.00086477 -0.00262891 -0.00218489 -0.0425835 0.00902332 -0.000661384 -0.0267897 7.74056e-08 -0.0245631 -0.0299154 -0.00142903 -0.00109645 -0.000500426 -0.00025678 0.0207621 0.00206749 0.0227789 0.02345 -0.000275807 -0.00348145 0.00265154 -0.00168476 -0.0148532 -0.00239005 -2.83636e-06 -0.0146875 0.000515702 -0.00348883 -0.00185012 0.0014912 0.0497586 -0.00706566 -0.000309835 -0.000414443 0.012341 -0.000584336 0.0211716 -2.98582e-06 -0.000785186 -0.0350531 -0.00156415 -0.000894395 -0.00213516 -0.00174477 -1.4417e-05 -3.48257e-05 0.00180714 -0.00562525 -0.00145024 0.0140659 -0.0308437 0.0028032 -0.02967 -0.0211149 -0.00238223 -0.000466715 0.00737615 -6.50561e-06 0.000417098 -0.00448734 -0.00336331 -0.000382789 -0.00208743 -0.014105 -0.00325802 0.0042091 -2.94976e-05 0.000229818 -0.000462002 -0.00143258 -0.0114719 -0.0158788 -0.0139492 -0.0186717 
-0.0241131 -0.00642407 0.00683598 0.00285959 1.08506e-05 -0.0147772 0.0463641 -0.0030361 0.000133185 -0.0228644 0.000473266 -0.00512059 -0.0281758 0.0124498 -0.000188877 -0.00936956 -0.000527846 -0.000886546 -0.000449895 -0.000513821 0.00370749 -0.00145561 -0.00241378 0.0157224 -0.00214215 0.000321007 0.000431996 0.00184072 0.000311833 0.0183401 -0.00380859 0.000491994 -0.0019015 -3.77136e-05 0.035815 0.00265829 0.000873155 0.000180975 -0.000118952 0.000220028 -0.0210014 0.00222243 -0.0282532 -0.024289 -0.0114077 -0.00025282 -0.00142931 9.832e-05 0.0176496 0.000132137 -1.59949e-05 0.0208097 0.00071277 0.000959629 0.000648693 0.00469996 -0.0236272 0.0264715 0.000692889 0.000271585 -0.00521808 0.000249475 -0.0320262 -9.3766e-08 -0.000416742 -0.00917308 -0.00015163 0.000365646 -0.000307727 -3.3338e-05 -5.76644e-07 -8.07592e-06 0.00823007 -0.00665174 -9.13234e-05 -0.0106417 0.000219855 -0.00219318 -0.000819044 0.0342781 -0.000110171 -3.75597e-05 0.0102287 3.13331e-08 -0.000512906 0.00114526 -0.000926225 0.00578277 0.000376807 -0.0140204 0.00142314 -0.00305361 0.000929668 -0.00209074 -4.42291e-05 0.000781943 -0.000781625 0.0223141 0.0195075 -0.00333148 
0.00915314 0.00987397 -0.0158404 0.00074871 0.000226804 0.0050329 -0.0030361 0.0639631 -0.000118957 0.0112899 0.000610391 -0.00468672 0.0116025 -0.00112041 -0.000195851 -0.00494287 0.00113703 0.00160477 -0.000597202 -0.000840802 0.00779962 -0.00768443 -0.000878657 -0.00132933 -0.00327695 -0.00047405 -0.000116129 -0.000560491 -0.000237252 -0.00411486 0.00412179 1.98549e-05 -0.00320764 8.92154e-05 -0.00392484 -0.00542637 -0.000264532 -0.000240351 -3.87045e-05 -1.98275e-05 0.00229248 -0.00380342 0.00350103 0.00836633 -0.00908974 -0.000522332 -0.00114223 -4.29804e-05 -0.00156944 0.00332911 5.28935e-05 -0.00411138 -0.00668727 -0.00038443 -0.000138102 -0.000582783 0.0117743 -0.00577292 1.70535e-05 -3.47206e-05 0.000989376 -2.70342e-05 0.0028003 -8.45923e-07 8.72417e-05 -0.00806971 -6.34055e-05 -7.8724e-05 3.04049e-06 -0.000135114 -9.86321e-07 -6.4537e-06 -0.00281678 -0.005028 -0.000290101 -0.00951292 -0.00271512 -0.00151769 -0.00197123 -0.00457268 -0.000260577 -5.3493e-05 0.00742768 -3.27581e-07 -0.000573635 -0.00149188 -0.000974855 -0.00331974 -0.000171764 -0.0112643 -0.000306443 -0.00325605 -0.000506026 -0.00256035 -8.61806e-05 0.000248454 -0.00115863 -0.00312162 -0.0019679 -0.00322704 
-0.0012459 -0.00107691 1.41696e-05 -3.03806e-05 1.25119e-06 -0.00131424 0.000133185 -0.000118957 0.00174758 -0.000808069 0.00018046 -0.00078911 -0.00122665 0.000788576 0.000314101 -0.000135993 -8.66178e-05 -5.26878e-05 7.15722e-05 0.000128776 -0.00136471 -0.000350221 -0.000104339 5.37877e-05 -0.000107171 8.86745e-05 2.50133e-05 0.00050464 0.00042739 0.000760429 -0.000333079 6.16701e-07 0.000213417 9.436e-06 0.000773675 0.00107817 6.03141e-05 -8.4917e-06 1.84544e-05 2.68567e-06 -0.000684368 0.000312613 -0.00136666 -0.00118526 -0.000194195 6.54379e-05 -4.92782e-05 5.97057e-05 0.00016172 0.000516104 4.17323e-06 0.00100571 -0.000458653 0.000514271 0.000487775 -0.000104122 -0.00115131 -0.000150249 7.02943e-06 1.734e-05 -0.000230029 2.72788e-05 -0.000300826 5.61339e-06 -1.15696e-05 -0.000133551 0.000215164 0.000174221 -2.30536e-07 0.000207193 1.1958e-06 2.41066e-06 0.000225407 -3.02009e-05 6.39827e-05 -0.000327374 0.000152427 -7.90533e-05 -6.24949e-05 0.000947914 7.85984e-05 0.000295147 -0.000291943 3.92282e-07 -2.04225e-05 0.000558273 4.40028e-05 2.02897e-05 0.000466513 -0.00048629 0.000327268 -3.78351e-05 7.61857e-06 -5.97982e-05 0.000308374 -1.16673e-05 0.000447241 0.00104409 0.000491835 -7.97894e-05 
0.0579783 0.148815 -0.123561 -0.00122035 -0.000332887 0.0413903 -0.0228644 0.0112899 -0.000808069 0.219254 -0.0131948 -0.0893155 0.142637 -0.0111348 0.00134589 -0.0621147 -0.0244393 0.00310457 0.00176455 -0.00747443 0.102663 0.0256735 -0.0382476 -0.00615518 0.0117894 -0.00207666 -0.00071673 -0.00072105 -0.00111738 -0.0257965 0.0363856 -0.000560771 -0.0272574 -5.73858e-05 -0.0441155 -0.0157792 -0.0011295 -0.0056088 -0.00152315 -0.000199664 -0.0508232 -0.063896 0.0281372 0.146655 -0.120455 -0.00243936 0.0100853 -0.00179515 -0.0136336 -0.000286756 2.75936e-05 -0.0141059 0.0811074 -0.00374314 -0.00102388 -0.0112995 0.148624 0.0104178 -0.00087954 -0.000291885 0.0479602 -0.000400908 0.0288595 1.67678e-05 -0.00522569 -0.0828807 -0.002061 -0.000528056 -0.00325103 -0.00138202 -1.72227e-05 -2.35044e-05 -0.0148046 -0.0953495 -0.00325644 0.0250352 -0.020168 -0.0291955 -0.0143148 -0.0423575 -0.00241041 -0.000496483 0.0879461 -6.48595e-06 0.000940004 0.000601507 -0.01518 -0.0343324 -0.00174469 -0.105009 -0.00250445 -0.0447322 -0.0045848 -0.0273667 -0.000284638 -0.000494732 -0.0108757 -0.0310051 -0.0169274 0.00486376 
-0.00180363 -0.0132316 0.0100092 -0.000190877 0.000256755 -0.00271106 0.000473266 0.000610391 0.00018046 -0.0131948 0.0253727 0.00393088 -0.0163998 0.00127101 -9.60898e-05 0.0050849 0.00474773 -0.000284749 -0.000168873 -0.000191834 -0.0140336 -0.00440999 0.00394445 -7.83479e-05 -0.00163804 -9.07174e-05 8.39077e-05 0.00157824 -7.52911e-05 0.00280019 -0.00425768 1.14722e-05 -0.000787451 -2.443e-05 0.00202003 0.000263107 -7.92033e-06 -0.000206867 0.000109167 -1.00667e-06 0.00510334 0.0047184 -0.000732493 -0.0139753 0.00929366 -0.000200874 -0.000100458 0.000491727 -0.000125763 -0.0005204 -1.5672e-05 -0.00083975 -0.00875248 3.85512e-05 1.71469e-05 -0.00138872 -0.0151727 -0.000777432 3.02558e-05 -1.4229e-05 -0.00434155 0.000148505 -0.00109061 -2.05347e-06 0.000420685 0.00849121 0.00068381 -1.86195e-05 -5.71883e-05 0.000176779 1.64273e-06 3.31623e-05 -0.00121475 0.0118571 0.000102354 0.00494689 0.002544 0.000201697 0.00133622 0.000102623 -5.58258e-05 -1.80501e-05 -0.00819902 7.64248e-07 -0.000117442 0.000689246 0.00334894 -0.00119637 0.000222357 0.009353 -8.62362e-05 0.00233353 -0.000112139 0.00612127 -1.44004e-05 -9.15236e-05 -8.06978e-05 -0.00041942 -0.000244967 -0.00169494 
-0.0256646 -0.091437 0.0678215 -0.00839405 -0.000315639 -0.0100695 -0.00512059 -0.00468672 -0.00078911 -0.0893155 0.00393088 0.233552 -0.0682014 -0.00788787 -0.00173493 0.05207 0.0145078 -0.00922334 -0.000516164 0.0028404 -0.046573 0.00644315 0.0144904 -0.0133039 -0.0128375 0.000917677 -0.000249857 -0.00614234 -8.6309e-05 -0.00363812 -0.0122761 -0.000482934 0.0155774 0.000207029 0.00531163 0.0152787 -0.00112523 0.00221895 0.000836837 -0.000139752 0.0300477 0.0314627 0.00280454 -0.0673579 0.0733838 0.000694546 -0.014946 0.000987573 -0.00625871 -0.00837519 -0.000138366 -0.00951215 -0.0394666 3.95962e-05 -0.000825789 0.00814769 -0.0689272 -0.0521 0.000152935 -0.000118927 -0.0791084 -0.000353756 0.000156355 -6.03685e-05 0.000431527 0.0693884 -8.42471e-05 -0.000368213 0.00118892 0.000158664 1.86384e-06 -4.67662e-05 0.0167238 0.0484969 0.00155689 -0.0802709 0.00756661 0.0125094 0.0122892 0.00314277 0.00128724 -0.000311805 -0.0375436 -5.23851e-07 -0.000925273 -0.0169369 0.00725469 0.0191447 -0.00103856 0.09719 -0.000245562 0.018344 0.00210908 0.0131195 -0.000641104 -0.00429373 0.00532709 -0.000916029 -0.00241248 -0.00731633 
0.0816537 0.134589 -0.101414 -0.00219496 -0.000338427 0.0554615 -0.0281758 0.0116025 -0.00122665 0.142637 -0.0163998 -0.0682014 0.192547 -0.0125392 -0.000121675 -0.0132884 -0.0174447 0.00309321 0.00114777 -0.00597426 0.1113 0.0337304 -0.0410386 -0.0103515 0.0078169 -0.00489452 -0.000815237 -0.00237415 -0.00245269 -0.0379209 0.0340526 -0.000506487 -0.033447 -0.00075166 -0.0519605 -0.0429553 -0.000540903 -0.00182842 -0.00173305 -0.000218508 -0.0116936 -0.0687772 0.0366599 0.130782 -0.0646376 -0.002088 0.0085953 -0.00196761 -0.0155494 -0.000947966 -5.26438e-06 -0.0199046 0.0354819 -0.00427866 -0.00151648 -0.00939207 0.148996 -0.00171955 -0.000946714 -0.000383247 0.0452771 -0.000546879 0.0335698 -2.29983e-06 -0.00461143 -0.0625148 -0.00185644 -0.00105085 -0.00303113 -0.0016684 -1.8733e-05 -4.01701e-05 -0.0195757 -0.093189 -0.00361532 0.0269731 -0.0328196 -0.0310463 -0.0257184 -0.0514822 -0.00280515 -0.000594748 0.0670179 -7.38915e-06 0.00127047 -0.00259549 -0.0162773 -0.0392034 -0.00191677 -0.0822338 -0.00358053 -0.0485896 -0.00517559 -0.0260287 -0.000727194 -1.69816e-05 -0.0128647 -0.0371346 -0.0209822 -0.00581773 
-0.0130208 -0.000850696 0.000659266 0.00129428 2.59126e-05 -0.013007 0.0124498 -0.00112041 0.000788576 -0.0111348 0.00127101 -0.00788787 -0.0125392 0.0171994 -7.88292e-05 -0.00339787 -0.000726706 -0.000425072 -0.000162317 0.000172139 -0.00158355 -0.00351384 -0.00104256 0.010761 -0.00112349 4.37607e-05 0.000318824 0.0028488 0.000377956 0.0134281 -0.00279977 0.000171734 -0.000135848 -3.25387e-05 0.0149767 0.00357656 0.000720254 0.000121844 -4.34543e-05 -2.43203e-06 -0.0084707 0.000128872 -0.0136461 -0.0112499 -0.00447152 -7.04049e-05 -0.000625607 -5.46338e-06 0.00945474 0.000680306 -1.17007e-05 0.0123367 -0.000472053 0.000859381 0.000508655 -0.000253685 -0.0118754 0.0094006 3.29509e-05 0.000102967 -0.00323771 0.000389578 -0.0119213 2.65614e-06 -0.000148491 -0.00333843 0.000303066 0.000570903 -7.87338e-05 8.27582e-05 -4.30914e-07 7.8956e-06 -0.000484937 -0.00255248 2.00182e-05 -0.00409515 0.0023006 -0.000805619 -0.000328417 0.0146131 -3.41691e-05 4.2767e-05 0.00194106 2.53394e-06 -0.000230884 0.0038581 -0.000325293 -0.000297311 0.000674981 -0.00609223 0.00024301 -0.00103638 2.62233e-05 -0.000695602 5.46389e-06 8.021e-05 0.000261153 0.0117239 0.0103171 -0.000693136 
-0.000368649 0.00046446 -0.00168607 -8.81676e-05 -7.32813e-06 -0.000636619 -0.000188877 -0.000195851 0.000314101 0.00134589 -9.60898e-05 -0.00173493 -0.000121675 -7.88292e-05 0.00658783 -0.00105373 -0.00029884 -0.000113162 0.000101451 -3.38122e-05 -0.000429906 -0.000357466 -0.000219365 -0.000136869 -0.0003423 0.000403149 4.30242e-05 2.98002e-06 0.000552109 -0.000183342 -0.00103476 1.9343e-06 0.000279177 -1.32006e-05 -0.000259609 0.00105072 -2.2005e-05 -5.96683e-05 2.14936e-05 -2.03258e-06 -0.00269184 -0.000484642 -0.000528799 0.000318146 -0.00128911 0.000127861 0.000152709 1.23085e-06 -0.000153038 -0.000114251 7.8211e-06 0.00133668 0.00082734 2.67752e-05 0.000560384 -0.000336808 -0.000177812 0.00122765 7.14399e-06 2.86212e-05 -0.000326032 -1.31852e-07 -0.000138393 -7.49026e-07 -5.37389e-05 -0.000758524 4.97359e-06 0.000255245 -4.86475e-05 -1.24487e-05 2.60154e-07 1.65507e-05 -0.000201974 -0.000731741 -1.7781e-05 -0.000241955 3.78958e-05 -0.000294102 0.000142803 0.000462454 -1.84581e-05 0.000128969 0.000584816 4.28671e-07 -3.99299e-05 -2.26689e-05 -2.24273e-05 -0.000413661 2.97303e-05 -0.000391491 0.000517383 -0.000343203 -2.18572e-05 -0.000277228 0.000502813 2.43541e-05 0.000197715 0.000469011 0.000723732 2.67647e-05 
0.019112 -0.0443092 0.0275697 -0.00334629 -0.000190801 -0.00173137 -0.00936956 -0.00494287 -0.000135993 -0.0621147 0.0050849 0.05207 -0.0132884 -0.00339787 -0.00105373 0.157202 -0.000414925 -0.00364467 0.00143102 0.00987248 -0.0255764 0.00228427 -0.00407743 -0.00548715 -0.00916172 -0.00154899 2.3835e-05 -0.00366573 -0.000328509 -0.0100139 -0.0304289 -8.11428e-05 0.0103617 -1.78508e-05 -0.0133166 -0.0231685 0.000928322 0.00449569 0.000356457 -5.51793e-05 0.0648075 0.00192835 0.00678849 -0.0470512 0.0712194 0.00271558 -0.00543345 0.00132116 -0.00456122 -0.000504805 -9.7281e-05 -0.00919501 -0.105509 0.000540467 -8.41326e-05 -0.0104782 -0.0329165 -0.0288844 1.97554e-05 -3.01549e-05 0.00290667 -0.000145576 0.00463975 -1.96662e-05 0.0028393 0.0760561 -0.00028598 -0.00030422 0.00171191 0.000120647 9.70831e-07 -2.30302e-05 -0.0039899 0.0357299 0.000171474 0.00242568 -0.0074463 0.000473873 -0.00245517 -0.0138414 0.00100634 -9.19362e-05 -0.0381812 1.05422e-06 -0.00127168 -0.00702493 0.00833288 -0.00799446 6.00996e-05 0.0409028 -0.000107546 -0.000875744 -0.00128625 0.00597235 -0.000277166 -0.00163375 0.00595432 -0.00774455 -0.00546319 -0.0093619 
-0.0154751 -0.0245701 0.00666371 -0.000529505 5.91079e-05 -0.00810518 -0.000527846 0.00113703 -8.66178e-05 -0.0244393 0.00474773 0.0145078 -0.0174447 -0.000726706 -0.00029884 -0.000414925 0.0481832 -0.000129074 -0.000263718 -0.000316869 -0.00947101 0.0010801 0.00223975 -0.00049586 -0.00162058 -8.02097e-05 6.2779e-05 -1.08176e-05 -4.17282e-05 0.00517606 0.00599578 3.97504e-05 0.00249345 -8.65577e-05 0.00251978 0.0117943 -0.000154315 0.000136325 0.000259101 9.65382e-06 -0.00463197 0.0108647 0.00167219 -0.0161574 0.00804511 -0.000401288 -0.000133844 0.000435603 -0.00076322 -0.00109987 3.19408e-05 -0.00349945 0.00213044 2.49689e-05 -6.64735e-05 0.00781822 -0.0180107 -0.00676804 -7.86732e-05 -2.3402e-05 -0.00933282 1.01081e-05 -0.000876443 -5.3997e-06 -0.000299317 0.00906828 -7.19965e-05 -7.27775e-05 -0.000388183 0.000327988 6.48944e-06 3.49552e-05 0.000317453 0.00770455 0.000204808 -0.00557967 0.00968613 -0.00121281 0.00738394 0.000920846 -0.000152644 -3.27504e-05 -0.0165177 -3.45949e-07 0.00122615 -0.00180925 2.12413e-05 0.00843297 -1.98106e-05 0.00802034 -0.000152568 0.00168256 0.00117557 0.00383356 -2.936e-05 1.78616e-05 -0.00043157 -0.00292014 -0.000810367 -0.000564712 
-0.000730785 0.00285868 0.000605113 -0.000249808 -2.99949e-05 -0.000630975 -0.000886546 0.00160477 -5.26878e-05 0.00310457 -0.000284749 -0.00922334 0.00309321 -0.000425072 -0.000113162 -0.00364467 -0.000129074 0.0293813 -0.000192937 -0.000107044 0.00438578 -0.00136302 -0.000864139 -0.000804602 0.00198381 0.000514587 4.3722e-05 -0.000668428 -6.08173e-05 -0.000188601 0.000429964 -1.85354e-05 -0.000479672 -2.86471e-05 -0.000142186 -3.91826e-05 3.25391e-05 0.000234116 -5.01999e-05 -7.54196e-06 -0.00860692 -0.00259339 0.000386737 0.000854639 -0.00554011 -5.75965e-05 0.000751065 -5.14471e-07 -0.000487925 0.00043909 7.6548e-05 0.00253035 0.0036346 -9.40964e-05 4.31548e-05 -0.00074569 0.0028192 -0.00319991 4.39185e-05 3.53367e-05 0.00256535 2.26943e-05 -0.000180399 1.77779e-05 6.94432e-05 -0.00216033 -7.47235e-05 -4.44255e-05 0.000320244 -3.7079e-05 -8.41984e-07 2.64222e-05 -0.000952703 -0.00370851 -7.99054e-05 -0.00140075 0.00188941 -0.00140662 0.00180401 -0.000839199 -0.000116079 -1.63146e-05 0.00200614 5.63003e-07 -0.000235725 -0.00013108 -0.000652194 -0.00198961 -3.96438e-05 -0.00815318 0.000729267 -0.00202372 -0.000177369 -0.000981695 -2.42165e-05 -3.17025e-05 -0.000287234 0.000146332 4.2195e-05 -0.00103879 
0.000250161 8.60368e-05 -0.00332596 -0.000100167 -1.26864e-05 0.000126301 -0.000449895 -0.000597202 7.15722e-05 0.00176455 -0.000168873 -0.000516164 0.00114777 -0.000162317 0.000101451 0.00143102 -0.000263718 -0.000192937 0.00966309 0.000281679 0.00025585 0.000534045 -0.00062831 0.000464574 0.00169123 -7.46397e-05 -3.07768e-06 2.46732e-05 4.50415e-05 -0.000211051 0.000351832 1.27399e-05 -0.000412031 -1.13641e-05 -0.000550675 0.00145804 0.000169492 -8.14377e-05 -2.05338e-05 -2.99081e-06 -0.00222291 -0.000846433 0.000241581 -0.000408749 -0.00165444 2.92491e-05 0.000395099 5.68393e-05 -0.00021232 -8.43581e-05 -3.9571e-06 4.54815e-05 -0.0003224 0.000102198 0.000116148 -9.64221e-05 0.000861932 -0.00132823 9.91489e-06 1.56868e-05 0.0014517 -1.49503e-07 0.00025876 4.68674e-06 -6.54139e-05 -0.000636305 3.18212e-05 -1.18044e-06 -8.37535e-05 3.25809e-05 -2.71173e-07 4.08081e-06 0.000641669 -0.00100529 7.52596e-06 -0.0016391 -0.000611626 -0.000430117 -1.01862e-05 -0.000630635 8.42917e-05 9.917e-05 -5.35115e-05 -1.04956e-07 0.00039212 -0.000186804 -0.000186724 -0.000178148 7.46928e-05 -0.00212866 0.000131439 -0.000591917 -4.18752e-05 -0.000401218 2.25293e-05 -2.02713e-05 1.34109e-05 -0.000269689 -0.000222667 -0.000693891 
-0.0025127 -0.00694946 -0.000235939 -0.000256508 -1.19616e-05 -0.00880194 -0.000513821 -0.000840802 0.000128776 -0.00747443 -0.000191834 0.0028404 -0.00597426 0.000172139 -3.38122e-05 0.00987248 -0.000316869 -0.000107044 0.000281679 0.0165126 -0.00594474 0.000307039 -0.00101425 -5.82012e-05 -0.000116057 -5.85538e-05 4.80549e-05 -0.000361146 0.000781261 0.00145534 -0.00286509 0.000110178 0.00569572 7.89697e-05 0.00136359 0.000399864 0.00138178 0.00109566 6.7789e-05 -1.29182e-06 0.00109816 -0.00146604 -0.001593 -0.0042093 0.00308602 0.00163035 -0.000457617 0.000390823 -0.000318391 0.00137508 -1.06314e-05 0.000345123 -0.0089281 0.00144629 0.000708147 -0.000814388 -0.0052376 -0.00182947 0.000314921 7.27281e-05 0.00149239 9.98558e-05 -0.00286205 -1.06353e-06 0.000213419 0.00678133 1.70531e-05 4.56188e-05 0.00151092 0.000226785 2.02218e-06 2.09544e-06 -0.000584331 0.0012912 0.000596989 -0.00210496 0.000768028 -0.000733733 0.00231066 -0.000665144 0.00025513 0.00011386 -0.00187352 2.9527e-06 4.50336e-07 -0.000622885 0.00205751 -0.000492235 0.000678713 0.00148129 0.0010481 -0.000962279 -0.000109468 -0.000712173 2.23624e-05 7.80345e-05 0.00452505 0.000862195 0.000240027 0.00144414 
0.0329385 0.105418 -0.0830154 0.000229306 -0.000416779 0.0260481 0.00370749 0.00779962 -0.00136471 0.102663 -0.0140336 -0.046573 0.1113 -0.00158355 -0.000429906 -0.0255764 -0.00947101 0.00438578 0.00025585 -0.00594474 0.142944 0.0321825 -0.0411797 0.00522396 0.00252348 -0.00192186 -0.000407278 -0.000831695 -0.00145502 -0.00637084 0.0237981 0.000140952 -0.0299993 -0.000757965 -0.00602655 -0.014378 -3.49803e-05 0.000951495 -0.00195119 6.70755e-06 -0.045013 -0.0641417 0.00669662 0.0934065 -0.0835427 -0.0030386 0.00536238 -0.00174587 0.00102253 -0.000139749 -4.58037e-05 0.00716078 0.0473276 -0.00386954 -0.000750237 0.00125029 0.108112 0.0245281 0.000174143 -5.58185e-05 0.0267701 -0.000109575 -0.00139416 -5.60475e-06 -0.00567368 -0.0564183 -0.00230137 -0.000376589 -0.00288142 -0.00178168 -1.92201e-05 -5.36871e-05 -0.00656261 -0.0983477 -0.00394616 0.00133369 -0.0178191 -0.0353747 -0.00927922 -0.00965373 -0.00309705 -0.000563043 0.0760453 -5.1636e-06 0.000618641 -0.00611803 -0.0180389 -0.0261474 -0.00165324 -0.0801932 -0.000547955 -0.0528378 -0.00548926 -0.0301467 -0.000650541 0.000780045 -0.0143907 -0.0119158 0.00229807 -0.00554391 
0.0215673 0.028029 -0.0503621 -0.00264755 0.000245676 0.0136293 -0.00145561 -0.00768443 -0.000350221 0.0256735 -0.00440999 0.00644315 0.0337304 -0.00351384 -0.000357466 0.00228427 0.0010801 -0.00136302 0.000534045 0.000307039 0.0321825 0.162816 -0.00998589 -0.00578734 -0.00885645 0.000547825 -0.000139153 0.00165922 -0.000302783 -0.0101848 0.00529549 -0.000135101 -0.00833823 0.000168174 -0.00740369 -0.0200581 0.000487104 -0.000194126 -0.00021134 -4.56809e-05 -0.0146898 -0.0172795 0.00100345 0.0248801 -0.0163843 -0.000650292 -0.00226436 -0.000544473 -0.00270664 -0.000780039 -0.000116524 -0.00364474 -0.0125011 -0.001096 -0.000117897 0.00147084 0.021435 0.0181839 0.000312955 -3.95351e-05 0.0289713 -7.52017e-05 0.000614215 -8.48981e-06 -0.00119728 -0.0365254 -0.0006524 -0.000258107 -0.00164622 -0.000462125 -5.13367e-06 -3.10474e-05 -0.000781531 -0.0223845 -0.000993167 -0.0432021 -0.0141812 -0.00802584 -0.00611836 -0.00703451 -0.000758665 -0.000167647 0.0211983 -1.17977e-06 0.00146254 -0.00672021 -0.00439146 -0.00711797 -0.000522059 -0.0276824 -0.000299277 -0.0125759 -0.00155811 -0.00769554 -0.000186641 -0.00140792 -0.00254173 -0.00451651 -0.00234131 -0.0155431 
0.00262893 -0.0385888 0.0337982 0.00177288 0.000319981 0.0045407 -0.00241378 -0.000878657 -0.000104339 -0.0382476 0.00394445 0.0144904 -0.0410386 -0.00104256 -0.000219365 -0.00407743 0.00223975 -0.000864139 -0.00062831 -0.00101425 -0.0411797 -0.00998589 0.0615595 -0.00185831 -0.00279823 -0.000489233 0.000154621 -0.000798627 -0.000172247 -0.00349598 -0.0124554 -6.54483e-05 -0.00152624 2.40952e-05 -0.00465288 -0.00645261 -0.000273152 -0.000408466 0.00141307 -2.01762e-05 0.029325 0.0437812 -0.000701101 -0.0425527 0.0377132 -0.000453916 -0.00225073 -2.80359e-05 -0.00152581 -0.000980387 -3.41307e-05 -0.00094951 -0.0239453 -0.000245296 -3.70712e-05 -0.00393692 -0.041034 -0.00957234 -2.77561e-05 -2.73799e-05 -0.011056 -3.99084e-05 0.002612 -6.41001e-06 0.00314103 -0.00673182 0.000376226 -3.39081e-06 2.03765e-05 -0.000152791 -9.31362e-07 -1.02659e-05 -0.000190376 0.0451529 -0.000152211 -0.00275559 -0.00213167 0.0237426 -0.00243677 -0.00136891 -0.00024429 -4.30795e-05 -0.0395505 9.68958e-07 -0.000541492 -0.00261061 0.00622033 0.0134471 -0.000204725 0.0340064 -0.000316093 0.0375192 0.00164971 0.00698229 0.000463775 -0.000633387 0.00211562 0.00716233 -0.00157404 -0.00551082 
-0.0110514 0.00478714 -0.00172412 0.0016046 -1.29512e-05 -0.013347 0.0157224 -0.00132933 5.37877e-05 -0.00615518 -7.83479e-05 -0.0133039 -0.0103515 0.010761 -0.000136869 -0.00548715 -0.00049586 -0.000804602 0.000464574 -5.82012e-05 0.00522396 -0.00578734 -0.00185831 0.0319388 -0.000945521 4.54245e-05 0.000815454 0.00207509 0.000315297 0.0161618 -0.000256306 0.000232845 -0.000565242 -7.10421e-05 0.0141493 0.0030167 0.000877808 -0.000111218 -8.11887e-05 8.22118e-06 -0.0125384 -0.00343018 -0.0150778 -0.00909977 -0.00854715 -0.000237254 -0.000881561 0.000129362 0.0104693 -0.000136542 -1.73405e-05 0.0143855 -0.00145898 0.00018281 0.000602453 -0.0013241 -0.00923954 0.011007 0.000137555 0.000232089 -0.00138611 0.000269251 -0.0154465 8.01391e-06 -0.000272201 -0.00425986 -9.62184e-05 0.000268582 -0.000122006 -5.32225e-05 -9.17861e-07 -4.76864e-06 -0.00143562 -0.00482875 -9.57178e-05 -0.00640211 -0.000303674 -0.00154381 0.00142189 0.0136019 -0.000120126 -1.05755e-05 0.00264947 -4.41425e-08 -0.000375456 -0.000655326 -0.000667786 -0.00210818 0.000264198 -0.00973108 0.000941099 -0.00206322 -0.00026034 -0.00137973 -2.35667e-05 -3.04558e-05 -0.000503295 0.0147799 0.0127461 -0.00216878 
-0.00738482 -0.0123279 -0.0228374 0.000333063 -4.90009e-05 0.00175325 -0.00214215 -0.00327695 -0.000107171 0.0117894 -0.00163804 -0.0128375 0.0078169 -0.00112349 -0.0003423 -0.00916172 -0.00162058 0.00198381 0.00169123 -0.000116057 0.00252348 -0.00885645 -0.00279823 -0.000945521 0.0644245 0.000344463 -0.000197313 0.00237417 -0.000165886 0.00214939 0.0349754 0.000171106 -0.000372623 0.00029153 -0.00169036 -0.00181054 1.95609e-05 -0.000381791 -0.000122811 7.00529e-05 -0.0127758 -0.00106132 0.00123166 0.00398559 -0.0139609 -0.00011829 -0.000341716 -9.75057e-05 0.000127792 -0.000257225 -1.23656e-08 -0.00492447 0.0147402 0.00125767 -0.000134356 0.0143302 0.0117059 -0.00960821 -0.000132322 -3.20175e-05 -0.000327112 -6.5009e-05 9.29682e-05 1.59363e-06 -0.000461537 -0.00864605 -0.000161221 -9.72633e-05 3.87987e-05 5.11033e-05 2.97658e-06 9.81001e-06 0.00620299 -0.00678526 -4.44295e-05 0.00629906 -0.00152206 -0.00322651 -0.000961635 -0.00216003 0.000303749 3.11244e-05 -0.0173794 6.99996e-07 -0.000269266 0.00684682 -0.000934547 0.00448341 -0.000140526 -0.0143667 -0.000140735 -0.00385971 0.000588926 -0.00246678 7.81686e-07 0.00168732 -0.000447081 -0.00339229 -0.00195107 -0.0011755 
-0.00519676 -0.00370533 0.00114711 -0.000122376 -1.10846e-05 -0.00208569 0.000321007 -0.00047405 8.86745e-05 -0.00207666 -9.07174e-05 0.000917677 -0.00489452 4.37607e-05 0.000403149 -0.00154899 -8.02097e-05 0.000514587 -7.46397e-05 -5.85538e-05 -0.00192186 0.000547825 -0.000489233 4.54245e-05 0.000344463 0.00819093 2.65751e-05 -3.82389e-05 0.000456363 0.000983832 0.000534263 -2.20461e-06 0.00170632 0.000245138 0.00315493 0.00319815 -3.5109e-05 0.000169152 1.12082e-06 1.05353e-05 -0.00355588 0.00117699 -0.00314722 -0.00361455 -0.00173542 -6.09591e-05 -0.000221049 -1.81393e-05 0.000319743 0.00055173 -3.1224e-06 0.00170438 0.00112352 8.2712e-05 0.00027949 0.000341764 -0.0043425 0.00127746 0.000354441 3.99625e-06 -0.00149292 4.23831e-06 -0.00325583 8.16718e-06 -6.70904e-05 8.6885e-05 0.000150376 7.51816e-05 -2.37e-05 3.05625e-05 4.81599e-07 2.05048e-05 0.00222598 -0.000665977 -1.0474e-05 -0.00194043 0.0013977 -0.000364691 0.00177146 0.00388062 5.45904e-06 8.01839e-07 -0.00183167 3.55613e-07 -9.28437e-05 0.000903428 -7.35881e-05 0.00125638 0.000149213 0.00178462 0.000500916 -0.000450959 5.01043e-05 -0.000247316 0.000197156 -2.91564e-05 3.07204e-05 0.00269626 0.00250458 0.000152355 
-0.000605969 -7.0874e-05 -0.000455423 5.45296e-05 -9.71018e-07 -0.00086477 0.000431996 -0.000116129 2.50133e-05 -0.00071673 8.39077e-05 -0.000249857 -0.000815237 0.000318824 4.30242e-05 2.3835e-05 6.2779e-05 4.3722e-05 -3.07768e-06 4.80549e-05 -0.000407278 -0.000139153 0.000154621 0.000815454 -0.000197313 2.65751e-05 0.00290978 0.00012339 0.000165681 0.000525056 -0.000487848 -2.27282e-06 -0.000113576 6.55503e-06 0.000441081 -6.92084e-05 0.000145654 -1.26507e-05 0.000336256 8.61129e-07 2.40489e-05 0.000294942 -0.00110802 -0.000895592 0.000323375 1.01657e-05 -8.72544e-05 0.000193493 0.000333249 -2.89533e-05 -3.37589e-07 0.000657999 -0.000416922 2.72999e-06 9.03689e-05 -0.000172082 -0.000907135 0.000207267 7.88497e-06 1.59145e-05 -0.000335461 3.27603e-05 -0.000672446 3.81505e-07 -1.87914e-05 -0.000163594 -6.21709e-06 0.000119801 -6.34848e-06 0.000123862 1.07793e-07 -3.67512e-07 -8.53268e-05 0.000266409 -5.46872e-06 -0.000521692 -0.000148786 2.20103e-05 2.57617e-05 0.000359698 -8.10852e-06 7.42911e-06 -0.00016652 -3.13879e-08 -3.57343e-05 -4.25462e-05 1.15437e-05 -0.0001577 -4.72775e-06 -0.000433656 0.000113548 7.53479e-05 -1.80253e-05 -5.02804e-05 3.53374e-05 5.79042e-05 0.000507214 0.000747216 0.000538321 -0.000166278 
-0.00493047 -0.00415444 -0.00140091 -0.000113544 4.57299e-05 -0.00262891 0.00184072 -0.000560491 0.00050464 -0.00072105 0.00157824 -0.00614234 -0.00237415 0.0028488 2.98002e-06 -0.00366573 -1.08176e-05 -0.000668428 2.46732e-05 -0.000361146 -0.000831695 0.00165922 -0.000798627 0.00207509 0.00237417 -3.82389e-05 0.00012339 0.0225109 1.45729e-06 0.00413602 -0.00068081 6.12741e-05 -0.000563934 -4.42773e-05 0.00495267 0.00472868 -5.36134e-05 0.000346184 1.67152e-05 -3.39833e-07 -0.00728253 -0.00021868 -0.00221044 -0.00312541 -0.00383656 -8.28142e-05 -0.000787603 -1.75659e-05 0.00121387 -7.53907e-05 -1.26283e-05 0.00140926 0.00284162 0.00053141 -2.21126e-05 0.0020473 -0.00181581 0.00339436 6.28856e-05 -1.02374e-05 0.00186057 0.000172761 -0.00145976 7.11978e-06 -0.000182968 -0.00434206 0.000171857 -1.87889e-05 -0.00019327 0.000398503 -5.8475e-07 1.57788e-05 -0.000122227 -0.00294389 -4.19016e-05 -0.00207767 0.00118933 -0.000870894 -6.33788e-05 0.00378541 -8.29137e-05 0.000351035 -0.00432376 2.85506e-07 -0.000269833 0.00468025 -0.000311187 -0.000241442 0.000507537 -0.00366133 5.98435e-05 -0.00137897 -0.000161091 -0.000511545 4.82536e-06 -0.000127234 -0.000220008 0.000504497 3.69318e-05 -0.00123032 
-0.0027949 -0.00204544 -0.000961453 -6.01022e-05 -3.37122e-06 -0.00218489 0.000311833 -0.000237252 0.00042739 -0.00111738 -7.52911e-05 -8.6309e-05 -0.00245269 0.000377956 0.000552109 -0.000328509 -4.17282e-05 -6.08173e-05 4.50415e-05 0.000781261 -0.00145502 -0.000302783 -0.000172247 0.000315297 -0.000165886 0.000456363 0.000165681 1.45729e-06 0.00347802 0.00076805 -0.000246722 3.01797e-05 0.000742435 1.27084e-05 0.00160626 0.00221194 0.000413759 2.07872e-05 -1.73027e-06 9.0807e-07 -0.00166105 -0.000139708 -0.00223676 -0.00184578 -0.000924094 0.000162262 -0.000105521 -6.20184e-06 0.000207892 0.000549103 7.76169e-07 0.00177174 -0.000540368 0.000492151 0.00101648 0.000179957 -0.00168594 0.000267448 4.47579e-07 9.40195e-05 -0.000625764 4.42829e-05 -0.00128984 -3.94199e-07 -2.86073e-05 -0.000132988 0.000147866 0.000484838 7.1449e-05 5.12802e-05 3.47456e-07 3.301e-06 0.0008716 -0.000502497 1.12316e-05 -0.00085088 0.000115022 -0.000154154 -0.000102597 0.00183904 -7.20394e-06 0.000204614 0.000529092 2.05135e-06 3.51015e-05 1.78538e-07 6.04142e-05 0.000549184 0.000177912 -0.00103943 0.000879718 -0.00021097 7.60583e-05 -0.000144927 0.000470299 1.98793e-05 0.000626806 0.00199931 0.0020171 0.000280505 
-0.0378933 -0.0181976 0.000356635 0.00271396 1.33768e-05 -0.0425835 0.0183401 -0.00411486 0.000760429 -0.0257965 0.00280019 -0.00363812 -0.0379209 0.0134281 -0.000183342 -0.0100139 0.00517606 -0.000188601 -0.000211051 0.00145534 -0.00637084 -0.0101848 -0.00349598 0.0161618 0.00214939 0.000983832 0.000525056 0.00413602 0.00076805 0.0575982 -0.00185299 0.000661422 0.00842178 0.000124697 0.0283159 0.0230468 0.00101401 -0.000303898 -0.000139732 0.000256615 -0.0293045 -0.00525323 -0.0218235 -0.0142233 -0.0154943 0.000637458 -0.00202243 0.000322111 0.0142801 0.00216694 -2.79764e-05 0.0174556 0.00537927 0.00234521 0.00082094 -0.000544951 -0.0335253 0.014013 0.000190604 0.00025306 -0.0101075 0.000442475 -0.0211689 1.42915e-05 -1.63136e-05 0.0143379 0.00159235 0.000507238 -7.03791e-06 0.00107259 6.85033e-06 1.22575e-05 0.000715489 -0.00833219 0.000260073 -0.00934477 0.020318 -0.00279283 0.022955 0.0216284 0.000557242 0.000254908 0.00463094 1.71778e-06 -0.000810184 0.00305372 -0.000990005 -0.000565232 0.00146519 -0.00168986 0.00172198 -0.00356522 -0.000352194 -0.00184069 -4.51035e-05 0.000997906 0.000514066 0.0170132 0.0142875 0.0115038 
0.00274797 0.0110541 -0.0727847 -0.000216427 4.62932e-05 0.00902332 -0.00380859 0.00412179 -0.000333079 0.0363856 -0.00425768 -0.0122761 0.0340526 -0.00279977 -0.00103476 -0.0304289 0.00599578 0.000429964 0.000351832 -0.00286509 0.0237981 0.00529549 -0.0124554 -0.000256306 0.0349754 0.000534263 -0.000487848 -0.00068081 -0.000246722 -0.00185299 0.16039 -0.000105258 -0.00702205 0.000652385 -0.00944347 0.00627136 -0.000756221 -0.00162408 -0.000454313 -5.15528e-05 -0.0518337 -0.0121232 0.00418934 0.0289775 -0.0408778 -0.00121751 0.00351452 -0.00010455 -0.000486557 -0.00325652 -0.000109713 -0.0107579 0.0396125 -1.71554e-05 -0.000348417 0.0106488 0.035908 -0.00779409 -5.12209e-05 -0.000106539 -0.0156595 -0.000208663 0.00348531 -1.63513e-05 -0.00156005 -0.0216254 -0.000587312 -0.000295632 -0.000990993 -0.000192382 5.96858e-06 3.97305e-05 0.00742675 -0.0263701 0.00043291 0.00416313 0.00247897 -0.00862246 -0.00200928 -0.00954591 -0.000751508 -0.000145087 -0.0104482 -4.80333e-07 0.000430719 0.00458417 -0.00415096 -0.00437618 -0.000374924 -0.0424574 -0.000253328 -0.0123684 -0.000858634 -0.0050789 -0.000137596 -0.00115244 -0.00332319 -0.00347744 -0.00279289 -0.00686628 
-0.000609351 -0.000151129 -0.000312903 0.000316716 2.2621e-06 -0.000661384 0.000491994 1.98549e-05 6.16701e-07 -0.000560771 1.14722e-05 -0.000482934 -0.000506487 0.000171734 1.9343e-06 -8.11428e-05 3.97504e-05 -1.85354e-05 1.27399e-05 0.000110178 0.000140952 -0.000135101 -6.54483e-05 0.000232845 0.000171106 -2.20461e-06 -2.27282e-06 6.12741e-05 3.01797e-05 0.000661422 -0.000105258 0.00116961 0.000138191 -2.52187e-06 0.000694624 -5.64786e-05 0.000100702 6.51988e-05 -2.86223e-06 0.000142474 -0.000381685 -0.000123393 -0.000655345 -0.00055161 -0.00023825 5.02073e-06 4.1781e-05 3.43366e-06 0.000476295 1.08989e-05 1.09161e-07 0.000152195 2.10997e-05 3.29617e-05 2.56534e-05 7.63217e-05 -0.000447019 0.000529143 -1.22884e-06 -6.49567e-07 -6.62592e-05 5.42439e-05 -0.000740449 -1.32255e-07 -1.02846e-05 -0.000122087 -2.7925e-06 2.8197e-05 7.63858e-05 4.24931e-06 8.96821e-08 7.32368e-07 -4.5285e-05 -0.000150422 8.07655e-06 -0.000191218 0.00022777 -5.45731e-05 6.71544e-05 0.000631627 1.26911e-05 -1.03158e-06 -0.000201021 5.3185e-07 -6.08129e-06 8.67079e-05 -2.12376e-06 -6.28062e-05 2.83565e-06 -0.000287687 2.78065e-05 -7.51989e-05 -7.99242e-06 -4.84929e-05 7.35986e-07 0.000550615 -1.1221e-05 0.000186695 0.000151489 -3.82515e-05 
-0.0192935 -0.029883 0.0186059 -0.000518158 -3.74133e-05 -0.0267897 -0.0019015 -0.00320764 0.000213417 -0.0272574 -0.000787451 0.0155774 -0.033447 -0.000135848 0.000279177 0.0103617 0.00249345 -0.000479672 -0.000412031 0.00569572 -0.0299993 -0.00833823 -0.00152624 -0.000565242 -0.000372623 0.00170632 -0.000113576 -0.000563934 0.000742435 0.00842178 -0.00702205 0.000138191 0.0458605 -1.75438e-05 0.000727341 0.0119135 0.000245692 0.00222656 0.00015751 1.17883e-05 0.00471048 0.00648606 -0.000870126 -0.0229594 0.0199421 0.00118536 -0.00169334 0.000202142 -0.000248845 0.000464267 -1.72517e-05 -0.00124072 -0.00820459 0.00219849 0.000321359 -0.00241495 -0.0334065 -0.00683512 0.000127187 -2.37721e-05 -0.00887757 0.000166267 -0.00312628 -5.06412e-06 0.00159174 0.0309219 0.000450506 8.42425e-05 0.00344448 0.00106049 1.48166e-05 -7.29133e-06 -0.00185269 0.0219761 -0.000131617 -0.00373856 0.0164386 0.00134547 0.0141344 0.00554947 0.000911991 6.98709e-06 -0.0245085 6.45955e-06 -0.000487878 0.00227347 0.00821077 0.00154621 0.000441917 0.025754 0.000151657 0.00136677 0.000104483 0.000438986 9.45765e-05 0.000650055 0.00716905 -0.000131018 -5.73018e-05 0.00618575 
