9.19582e-05 -1.61507e-06 -2.74342e-07 4.8878e-05 5.99121e-06 -4.07612e-05 2.06976e-05 -4.72071e-05 2.45729e-06 7.21579e-06 -1.26758e-06 4.85302e-06 -1.28077e-06 -1.66768e-06 3.09521e-06 8.25816e-06 1.35029e-06 -5.33338e-05 2.0097e-05 4.99707e-06 -4.11216e-06 -4.9285e-05 1.00307e-05 2.31277e-08 4.90819e-06 -3.55038e-05 2.43387e-05 -3.49187e-08 3.72351e-07 -5.50085e-05 2.02487e-05 -1.15804e-05 -1.73868e-06 8.47274e-06 2.41243e-06 1.18945e-05 -3.10654e-05 1.93662e-05 4.38074e-05 -3.98415e-05 4.25756e-05 4.17841e-05 3.9125e-06 -6.48542e-06 4.86838e-06 4.05058e-06 1.74405e-05 -1.09115e-05 2.67783e-05 -3.63392e-05 -4.01609e-05 -1.20371e-06 5.68615e-07 -9.42827e-07 6.26171e-06 1.10192e-05 1.47949e-05 -8.26821e-08 1.31307e-07 1.96233e-07 -4.77467e-05 3.36337e-06 3.75744e-05 3.97744e-06 -1.88055e-05 1.65424e-08 2.98811e-05 3.28651e-05 6.30913e-06 2.05969e-06 -4.22596e-07 9.85937e-07 3.09971e-05 -2.40765e-05 -1.6381e-05 2.08776e-06 1.04113e-05 -8.04057e-06 -2.43007e-05 3.07372e-06 -1.71494e-05 2.11235e-05 8.79114e-07 6.12677e-06 -1.05409e-06 -4.68066e-05 2.94418e-05 7.35595e-07 -7.58466e-07 1.42081e-08 -5.2027e-05 2.67365e-06 4.80634e-06 7.48974e-07 -2.28223e-06 6.79131e-06 -4.98216e-05 5.06574e-07 4.25472e-06 -4.33826e-07 
-1.61507e-06 0.0542396 0.000817086 0.00669882 -8.84151e-05 -0.0190473 0.026128 -0.0248632 -3.82478e-05 0.00814975 0.000705219 7.85141e-05 0.0222616 0.016811 0.0001319 -0.000428793 0.00197357 -0.0398587 -0.000464985 0.000229724 -0.00292349 -0.000441317 -0.000317716 0.00117922 -0.000305415 -0.0156865 -0.00171926 -4.8518e-06 -1.39778e-05 -0.0383872 0.00661811 -0.00731496 0.0175243 -0.000911956 0.0300146 0.000103936 -0.041195 -0.00124816 0.00671885 -0.0395582 0.00811259 -0.00079434 0.000142422 0.0172283 -4.93604e-05 -3.10799e-05 0.022501 -0.00699058 0.00361834 -0.0154415 0.00147147 0.00326512 -2.4833e-05 0.00695392 0.00322443 -2.4198e-05 9.61412e-05 0.000579292 3.12083e-06 -0.000132785 -0.024186 0.0239055 -0.000820722 0.0356341 0.00629853 0.00046496 9.37941e-05 0.00182804 0.0291148 0.000112814 0.000951216 0.00427538 0.000547688 -0.000447262 -0.0178481 0.000220203 0.0157447 -0.00523096 -0.0325464 -0.000631656 0.0349989 0.000427792 -2.96338e-05 0.0231958 -0.000121125 -0.0393411 -0.000181252 0.00198808 0.0022396 -0.000288675 -0.027151 0.00034076 0.000114902 -0.000137546 -0.00214586 -0.000190907 -0.0425731 1.99877e-06 0.000222149 0.00187737 
-2.74342e-07 0.000817086 0.00297416 4.65375e-05 1.34519e-05 -0.000734386 -8.49843e-05 -0.000990043 6.73814e-06 0.00140709 0.000103018 8.51664e-06 0.000286536 7.56567e-05 8.92171e-06 2.30243e-05 0.000262516 -0.00146851 5.76717e-05 2.11764e-05 0.00046312 -0.000665884 7.6555e-06 1.43589e-05 1.47639e-05 -0.000842552 8.95452e-05 1.72785e-05 7.09441e-07 -0.000603205 5.96526e-05 -6.01848e-05 1.35607e-05 4.12441e-05 0.000169613 2.78714e-05 -0.00101296 0.000173421 -3.44132e-08 -0.00169404 6.39642e-05 -4.72097e-05 -3.9805e-06 0.00127763 1.08466e-05 -3.07159e-06 -3.87633e-05 -0.000319137 3.99387e-05 -0.00166977 -0.000679886 0.00079909 4.06543e-06 0.00106613 0.000332638 2.43671e-05 -2.86047e-06 2.51959e-05 3.45384e-07 0.000148259 -0.00158863 0.00145841 -1.44644e-06 -7.58541e-05 4.73464e-05 8.96461e-05 0.000112173 1.59472e-05 -0.000105395 -4.13018e-07 0.000861986 0.000863808 -8.06894e-06 7.23894e-05 9.88749e-05 2.60247e-06 8.76517e-06 -0.000308767 -0.00114419 9.04858e-06 0.00124731 -1.55039e-05 6.60131e-07 0.000184092 1.3696e-05 -0.00111281 0.000144497 0.000899433 0.000496239 7.50402e-07 -0.00167701 2.39748e-05 3.33874e-06 2.27199e-05 0.000207143 2.76663e-05 -0.00108764 1.17765e-05 2.71407e-05 9.86616e-05 
4.8878e-05 0.00669882 4.65375e-05 0.0678521 0.00148075 -0.0305185 0.0277461 -0.0434939 0.000237439 0.00911191 0.0114938 0.00149652 0.00157299 -2.62749e-05 0.00474478 0.00747035 0.00749687 -0.0401458 0.0114534 0.00349791 -0.00509217 -0.0500414 0.00204352 0.00238928 -0.000476187 -0.0288943 0.0296815 0.000299535 0.000381689 -0.0502387 0.0352817 -0.0091311 0.00526697 -0.00102551 0.00242934 0.00583614 -0.045681 0.0227753 0.0208461 -0.040965 0.0439973 0.0385726 0.000726265 0.010374 0.000623007 0.000952245 0.0261261 -0.0079141 0.00614493 -0.0192304 -0.0378955 0.00610879 0.00119881 0.00383458 6.11081e-06 0.000956486 0.00140907 1.2379e-05 1.08202e-05 -8.32811e-06 -0.0526991 0.0194449 0.0160822 0.0188912 -0.00572556 -0.00030775 0.0235112 0.00785374 0.00904264 0.0010935 0.00655653 0.0249356 0.0181295 0.000804046 -0.0238887 0.00059283 0.0244797 -0.00692692 -0.0181546 0.0135464 -0.00119455 0.00481055 6.30354e-05 0.0033969 -0.000888956 -0.0543796 0.0145653 0.00765392 0.000671715 -7.07391e-05 -0.0335955 0.00255266 0.00148207 0.00483992 -0.00273461 0.00303614 -0.0533678 0.000189564 0.0040585 0.00169449 
5.99121e-06 -8.84151e-05 1.34519e-05 0.00148075 0.00166342 -0.000656049 1.86236e-05 -0.00122908 0.000209501 0.000536623 6.00138e-05 0.000233814 -2.49358e-06 -5.16629e-05 0.000199942 1.98865e-05 -7.1344e-06 -0.00136815 0.000648587 0.000394442 0.000232698 -0.00149132 0.0010742 0.000147882 0.000207066 -0.00062079 0.000439117 3.11563e-05 3.852e-05 -0.0014866 0.000498502 -0.000210782 6.50173e-06 -7.67979e-06 -7.33824e-05 0.000335371 -0.00030482 -2.03718e-05 0.000316153 -0.0014362 0.000487027 0.000787851 3.78336e-05 -0.000123314 4.3055e-06 3.75372e-06 0.000386586 1.97065e-05 0.000782977 -0.000993324 -0.00064656 -1.26198e-05 0.000222721 -0.000120437 0.000187309 0.000225982 0.000319688 1.49131e-05 -3.67119e-08 6.64292e-05 -0.00137935 0.000325996 0.000503649 -2.34527e-05 -0.000276783 -7.10413e-06 1.72039e-06 0.00117973 0.00010936 0.000292115 -1.07221e-05 0.000213426 0.000170268 -0.000557327 -0.000358806 4.78692e-05 0.000127878 -0.00020181 -0.00113551 0.000499613 -0.000308708 0.00011986 2.34711e-06 2.36944e-05 3.9123e-05 -0.00131114 0.000304917 0.000327615 1.51546e-05 8.84059e-05 -0.000945275 1.87665e-05 0.000209207 0.000363009 -6.29531e-05 0.00109833 -0.00132521 2.31519e-06 0.000418142 -6.43759e-06 
-4.07612e-05 -0.0190473 -0.000734386 -0.0305185 -0.000656049 0.247174 -0.0228728 0.0279066 -8.62078e-06 -0.0230962 -0.00628848 -0.000749766 -0.0108052 -0.0225313 -0.00238142 -0.0033693 -0.00608513 0.0263583 -0.00531068 -0.0020367 0.00436355 0.0249395 -0.000838433 -0.00138456 -0.00679561 0.163471 -0.0142547 -0.000153494 -0.000176135 0.0398065 -0.0171981 0.0537765 -0.00857132 -0.00446941 -0.00765868 -0.00304765 -0.00511206 -0.0124959 -0.0132846 0.0328593 -0.0238364 -0.0184312 -0.000717979 -0.0399848 -0.000281307 -0.000502523 -0.0203171 0.0645886 -0.00239791 0.0224962 -0.0471385 -0.00598545 -0.000580935 -0.0515884 -0.00127424 -0.000254344 -0.000788985 -0.000359519 -8.8454e-06 -0.000684664 0.0374738 -0.0233184 -0.00766989 -0.024727 -0.0975816 0.00042393 -0.0128662 -0.00425892 -0.0157733 -0.000613519 -0.00636695 -0.0151495 -0.00896372 -0.0717115 -0.000122081 -0.000422969 -0.0192814 0.00210206 -0.0195121 -0.00643088 -0.027409 -0.0023846 -0.000397871 -0.0143792 -0.00405517 0.0270693 -0.00489847 -0.00696405 -0.00183825 -0.00100455 0.0758845 -0.00150672 -0.00117098 -0.00277838 -0.0148408 -0.00133683 0.0396842 -0.000113883 -0.00212199 -0.00130123 
2.06976e-05 0.026128 -8.49843e-05 0.0277461 1.86236e-05 -0.0228728 0.0525099 -0.0364683 1.3496e-05 -0.00113855 0.00430285 0.000662367 0.0141452 0.0016483 0.00192684 0.00741315 0.00456344 -0.0429322 0.010698 0.00100892 -0.00427288 -0.0214127 -0.000127537 0.00134115 -0.00076293 -0.0197509 0.0142824 7.92777e-05 2.23554e-05 -0.0463801 0.0115727 -0.00705091 0.0139743 -0.000904557 0.0210649 0.00339946 -0.0413885 0.0021967 0.0164174 -0.0449841 0.0264938 0.0189906 0.000163792 0.00916327 0.000452251 0.00084118 0.0281886 -0.00647246 0.00656452 -0.0125201 -0.0172084 0.000183936 0.000650218 -0.00297412 0.000329383 0.000146977 0.000612629 -1.97992e-05 1.0886e-05 -0.000196133 -0.0361297 0.0154607 0.0140184 0.0404687 -0.00321044 -8.89825e-05 0.0132236 0.0075274 0.0260623 0.000387065 -0.000650529 0.00665959 0.0169943 -0.00321379 -0.0198847 0.000298823 0.0228353 -0.00660391 -0.0314999 0.00728048 0.0125371 0.00447077 -3.05659e-05 0.0143652 -0.000842857 -0.0425736 0.0133549 0.000275813 -8.28743e-05 -0.000157176 -0.0328928 0.00049369 0.000216554 0.00169938 -0.00216238 0.000797378 -0.04579 0.000250777 0.00273936 0.00337094 
-4.72071e-05 -0.0248632 -0.000990043 -0.0434939 -0.00122908 0.0279066 -0.0364683 0.0891933 -0.000224058 -0.0154978 -0.011755 -0.00144219 -0.0107245 -0.0026512 -0.00461063 -0.00700503 -0.00617842 0.0631267 -0.010633 -0.00307124 0.00724556 0.0463883 -0.00145163 -0.00187986 -0.000195488 0.0205957 -0.0269161 -0.000288947 -0.000344101 0.0597057 -0.0246152 0.0111101 -0.0158451 0.00140326 -0.0321057 -0.00611454 0.0627011 -0.0196287 -0.0239839 0.0626217 -0.0428078 -0.0328082 -0.000282973 -0.00910604 -0.000641891 -0.000936541 -0.0294807 0.0103556 -0.00584611 0.0347489 0.0432013 -0.0079393 -0.00116208 -0.011156 -0.00615596 -0.000851397 -0.00139548 -0.000159212 -1.04411e-05 -0.000962896 0.0519069 -0.0269405 -0.0152663 -0.0330411 0.00248045 0.000219391 -0.0235181 -0.00871444 -0.0257947 -0.00123796 -0.0137831 -0.0253478 -0.0178995 -0.0166577 0.0347853 -0.000842997 -0.0397535 0.00700218 0.026286 -0.0120404 -0.0249438 -0.00444175 -0.000800103 -0.0186825 0.000212316 0.0738496 -0.0154848 -0.0134879 -0.00683942 -0.000392825 0.0439779 -0.00299699 -0.00152198 -0.0053522 0.000969858 -0.00284352 0.0692987 -0.000257819 -0.00404808 -0.00240367 
2.45729e-06 -3.82478e-05 6.73814e-06 0.000237439 0.000209501 -8.62078e-06 1.3496e-05 -0.000224058 0.00070559 0.00018093 1.54747e-06 4.9364e-05 -1.92749e-05 -2.8311e-05 2.29466e-06 4.38778e-05 4.29048e-05 -0.000203693 0.000201853 0.000107303 9.63718e-05 -0.000257 0.000218243 1.16445e-05 2.96098e-05 -0.00014589 4.20224e-05 5.65413e-06 9.21353e-06 -0.000232506 2.68909e-05 7.00202e-05 -6.691e-06 9.33732e-06 -1.32949e-05 1.42914e-05 -6.20048e-05 1.33012e-06 4.69707e-05 -0.000242735 3.36538e-05 0.000109403 1.89898e-05 -4.61182e-05 3.17474e-06 7.82943e-07 -2.29225e-05 3.7151e-05 0.000221824 -0.000282072 -0.000136846 -8.74275e-06 3.76547e-06 -5.55055e-05 1.57541e-05 5.14824e-05 4.50479e-05 3.53186e-06 -1.55575e-08 -2.07777e-06 -0.00024805 -3.01609e-05 0.000228827 -1.45975e-05 -0.000105625 4.1508e-07 -1.47266e-05 0.000208014 -1.85763e-05 1.11192e-05 -9.46702e-06 -1.33134e-05 1.78565e-05 -0.000243019 6.26202e-05 3.59778e-06 -2.32104e-05 -8.10525e-05 -0.000323895 4.05022e-05 -0.000108842 2.6148e-05 1.13891e-06 -1.20372e-05 3.88869e-05 -0.000196199 0.000120458 -6.77369e-06 -4.29028e-06 3.24588e-05 -0.000206678 -1.24251e-06 1.81422e-05 -3.48688e-06 -2.56928e-05 0.000188215 -0.00022732 8.16122e-06 5.79596e-06 1.10692e-05 
7.21579e-06 0.00814975 0.00140709 0.00911191 0.000536623 -0.0230962 -0.00113855 -0.0154978 0.00018093 0.0501799 0.00398193 0.000667704 0.00442972 0.00445937 0.00090587 -0.000435308 0.00378644 -0.025545 -4.25577e-05 0.00205609 -5.07104e-05 -0.0155339 0.00143391 1.89734e-06 0.000484894 -0.0187625 0.00540695 2.66034e-05 0.000117035 -0.0160367 0.00631932 -0.00550764 0.000479469 0.000455355 0.00354116 0.0018179 -0.0164355 0.00849913 0.0038885 -0.0204244 0.00413948 0.0036011 0.000321309 0.0146817 -6.48794e-05 -6.58126e-06 0.000597789 -0.00596439 0.00300603 -0.0312859 -0.00833392 0.00793688 -5.39194e-05 0.0288182 0.00273624 0.000230006 3.70882e-05 0.000641584 2.95473e-06 0.00105358 -0.022936 0.0213086 -8.95068e-05 0.00249159 0.00171466 -3.75241e-05 0.00567762 0.000741996 0.00159314 -4.79294e-05 0.0134822 0.0126725 -0.000735082 -0.00307408 -0.000956328 0.000418937 0.0060131 -0.00554812 -0.00577213 -0.000387065 0.0181639 0.000141478 0.000747834 0.00597939 0.00427677 -0.0199987 -0.000753295 0.0116472 0.00415753 -0.000148255 -0.0247147 0.00155523 0.00145734 0.000553642 0.000947603 0.00110561 -0.0171334 -1.25621e-05 -0.000207001 -0.000216343 
-1.26758e-06 0.000705219 0.000103018 0.0114938 6.00138e-05 -0.00628848 0.00430285 -0.011755 1.54747e-06 0.00398193 0.0154691 0.000186662 0.000503698 -0.000284223 0.00127695 0.000296689 0.00189804 -0.00814564 0.000238895 0.00271355 -0.00130906 -0.0126555 -5.1124e-05 0.00118475 -8.78396e-05 -0.00525344 0.00461452 -2.31168e-06 5.76353e-07 -0.0128752 0.00929668 -0.00197641 -0.000170704 -0.00023666 0.00193075 -7.99541e-05 -0.0107554 0.0104161 0.00169803 -0.0115266 0.00726619 0.0119125 0.000215671 0.00158034 1.49389e-05 4.8439e-05 0.00903088 -0.0018644 0.000230772 -0.00269651 -0.0117843 0.000450188 2.66131e-05 0.00134763 -0.000302419 -1.58675e-05 0.000305957 1.22261e-05 -2.24056e-07 0.000198856 -0.0125166 0.0041263 0.000328253 0.00216008 -0.00232975 -6.20498e-05 0.00211334 0.0024861 -0.000115315 7.13987e-05 0.00134019 0.00530666 0.000468007 0.00529127 -0.00559224 6.61741e-06 0.0127699 -0.00166128 0.00264497 0.00386933 0.00123974 0.00146066 0.000579972 -0.0003803 -0.000237134 -0.0132559 7.09021e-06 0.000823902 0.000573223 1.82981e-05 -0.00746494 0.000191507 0.000271001 0.00280975 -4.39685e-05 0.000236672 -0.0123604 -2.66176e-06 -4.97039e-05 -1.83252e-05 
4.85302e-06 7.85141e-05 8.51664e-06 0.00149652 0.000233814 -0.000749766 0.000662367 -0.00144219 4.9364e-05 0.000667704 0.000186662 0.00171602 0.000133955 -9.54996e-05 9.39572e-05 0.00011564 0.000240118 -0.00123147 0.000362138 0.000380709 -2.18365e-05 -0.0014181 0.000589016 5.26617e-05 2.0869e-05 -0.000685034 0.000901695 1.35807e-05 3.262e-05 -0.00144219 0.00073397 -0.000218159 4.1425e-06 -2.46832e-05 -4.09085e-05 0.000485166 -0.0011472 0.000374351 0.000727936 -0.00145658 0.00102759 0.000500327 5.40217e-06 0.000257389 1.21363e-05 4.78237e-06 0.000643086 -0.000175029 0.000388505 -0.000785579 -0.00100034 6.65876e-05 1.74143e-07 2.94744e-05 -6.31451e-05 4.60246e-06 8.12561e-05 2.76567e-06 3.0657e-07 5.87531e-05 -0.00141657 0.000938747 0.000366856 4.3289e-05 -0.000384989 -7.19723e-06 0.000495184 0.000587427 -3.26575e-05 3.67628e-05 0.000264942 0.00101909 0.000302331 -0.000173732 -0.000589875 9.86842e-05 0.000419642 -0.000205763 -0.000976552 0.000214739 -0.000303453 2.35543e-05 1.5408e-05 7.21176e-05 -1.32917e-06 -0.00140659 0.000253346 0.000466741 -1.13553e-05 -1.4698e-06 -0.00098743 2.94633e-05 0.000340331 1.44212e-05 -6.11804e-05 0.000496037 -0.00146636 1.94665e-05 3.9925e-05 1.56912e-05 
-1.28077e-06 0.0222616 0.000286536 0.00157299 -2.49358e-06 -0.0108052 0.0141452 -0.0107245 -1.92749e-05 0.00442972 0.000503698 0.000133955 0.0285272 0.00732074 5.34715e-05 -0.00025348 -0.000145018 -0.0202944 -0.000348193 0.000655296 -0.00172173 -0.00040104 -4.79702e-06 0.000958954 -0.000208633 -0.00895114 -0.000904046 -8.92786e-07 -1.17204e-05 -0.0196753 0.00216879 -0.00375279 0.00633162 -0.000255436 0.0136051 -0.000178164 -0.018886 -0.000659955 0.00251766 -0.0194188 -0.0011314 -0.000189185 0.000128719 0.00970912 -3.66807e-05 -1.27809e-05 0.0102527 -0.00323072 0.00236723 -0.0073298 0.00376486 0.0012963 -1.95821e-05 0.00440994 0.00110122 -1.22041e-05 1.75606e-05 0.000304621 -9.20271e-08 -9.94708e-05 -0.0108111 0.0132819 -0.000490404 0.0183566 0.00611111 0.000249569 -0.00048239 0.00154266 0.0136382 5.23172e-06 0.000332431 0.00190133 -0.000316817 -0.00461547 -0.00923453 2.79327e-05 0.00860452 -0.00345354 -0.0165997 -0.000209836 0.0174551 -6.84961e-05 -7.01361e-06 0.00879707 -3.23994e-05 -0.0184803 -0.000490482 0.00109529 0.000746532 -0.000156826 -0.0150631 -2.43894e-05 -6.63439e-05 -9.64157e-05 -0.00110732 1.15556e-05 -0.020387 -5.61848e-06 -4.4256e-05 0.000948167 
-1.66768e-06 0.016811 7.56567e-05 -2.62749e-05 -5.16629e-05 -0.0225313 0.0016483 -0.0026512 -2.8311e-05 0.00445937 -0.000284223 -9.54996e-05 0.00732074 0.0579355 -0.000317797 -0.000504157 0.0035319 -0.00710826 -0.000732635 -0.000155976 0.00613738 0.00283128 -8.89428e-05 0.000493275 -0.000123404 -0.0156276 -0.00197983 -1.86452e-05 -2.10798e-05 -0.0102471 0.00297719 -0.00781469 0.00503468 0.00156789 0.00930542 -0.000384554 -0.0098902 -0.00132676 -0.000758957 -0.0126352 -0.00123874 -0.00212993 -6.20332e-06 0.0120692 -2.19484e-05 9.11903e-06 0.00289875 -0.00728266 0.00190371 -0.0136495 0.0104589 0.00103754 -6.6399e-05 0.0092868 0.00135293 -3.19345e-05 6.24698e-05 0.000632997 -1.01608e-06 3.33575e-05 -0.00432397 0.004846 -0.00106266 0.00844145 0.0123874 0.0004865 -0.00142701 -0.000406251 0.00745037 6.47184e-05 -0.000900086 -5.29744e-05 -0.00101936 -0.00937326 0.00273181 0.000142795 0.00114954 -0.0069949 -0.0294059 -0.000876156 0.0130824 -0.000262099 -3.104e-05 0.00229261 -0.000270144 -0.0116805 -0.00075829 -0.000615188 0.00156212 -0.00033163 -0.012427 -1.71132e-05 -9.90924e-05 -0.00035061 -0.00119529 -0.000133262 -0.0103742 -1.27556e-05 -0.000127877 -0.000150147 
3.09521e-06 0.0001319 8.92171e-06 0.00474478 0.000199942 -0.00238142 0.00192684 -0.00461063 2.29466e-06 0.00090587 0.00127695 9.39572e-05 5.34715e-05 -0.000317797 0.00557817 0.000873051 0.00045235 -0.00326128 0.00113812 0.000722245 -0.000465991 -0.00491107 -7.89191e-06 0.000206256 -4.53064e-05 -0.00219176 0.0026627 0.00011087 0.000189547 -0.00460848 0.00265333 -0.000696704 0.000121849 -8.84794e-05 -1.30478e-05 0.000519054 -0.00413703 0.00247859 0.000601916 -0.00398264 0.00371484 0.00372053 6.93853e-05 0.000219888 3.20469e-06 3.41859e-05 0.0016366 -0.000621174 0.000957475 -0.00214222 -0.00409795 0.000640345 7.57971e-05 0.00023873 2.23677e-05 1.30712e-05 1.83449e-05 5.02336e-06 6.43068e-07 4.70161e-05 -0.00461965 0.000801317 0.000848965 0.00146358 0.000987216 -2.28673e-05 0.00102502 0.000728278 0.000506703 0.000122753 0.000617127 0.00258689 0.000997838 0.00072763 -0.00191948 0.000407654 0.00259392 -0.000658767 -0.000785528 0.002774 -0.000347817 0.000271377 3.14374e-05 -0.000253295 -6.50495e-06 -0.00468216 0.0010962 0.000445977 0.000188414 -3.23143e-06 -0.00333717 0.000231227 0.000297755 0.000301523 -0.000196581 1.21931e-05 -0.00472661 3.44556e-06 0.000706773 0.000291805 
8.25816e-06 -0.000428793 2.30243e-05 0.00747035 1.98865e-05 -0.0033693 0.00741315 -0.00700503 4.38778e-05 -0.000435308 0.000296689 0.00011564 -0.00025348 -0.000504157 0.000873051 0.00859533 0.00465729 -0.00658548 0.00777158 1.09064e-05 -0.000705568 -0.0074145 -5.46729e-05 -2.35841e-05 -0.000118378 -0.00319456 0.00671988 1.36968e-05 1.95791e-05 -0.00732596 8.7269e-05 -0.000937858 0.00338625 -0.000126318 -0.000211075 0.000354738 -0.00628379 -0.000254991 0.00122368 -0.0071312 0.00716976 0.00728469 8.6294e-05 -0.000689035 0.00053286 0.00052317 -0.000183848 -0.000946172 0.00302568 -0.0068697 -0.00655496 -8.79008e-05 0.000514416 -0.00064303 0.000687651 0.00027496 4.59459e-06 -5.53962e-06 -1.57707e-07 -3.44001e-05 -0.00722593 -0.000397783 0.00750762 0.00599315 -0.0019999 -3.34884e-05 0.00146905 0.00206363 -9.22058e-05 0.000195308 -0.000121686 5.57516e-05 0.00751796 -0.00283978 -0.00281513 0.000172713 0.000160873 -0.00102097 -0.00550918 0.0051595 -0.00145691 0.00142597 -7.69877e-06 -9.11801e-05 -5.89924e-05 -0.00695751 0.00744879 -0.000144795 -6.48277e-05 -6.97586e-06 -0.00519883 9.06859e-06 -2.17731e-05 -5.66909e-05 -0.000280203 0.000223246 -0.00713666 2.82549e-05 0.00156435 0.0017144 
1.35029e-06 0.00197357 0.000262516 0.00749687 -7.1344e-06 -0.00608513 0.00456344 -0.00617842 4.29048e-05 0.00378644 0.00189804 0.000240118 -0.000145018 0.0035319 0.00045235 0.00465729 0.0137566 -0.00702629 0.00519523 0.000383017 -0.00110251 -0.00806283 -3.24059e-05 -2.38311e-05 -0.000122386 -0.00561171 0.00722 1.13807e-05 8.56202e-05 -0.00896851 0.0034957 -0.00147271 0.00348633 6.28473e-05 -0.000233088 0.000107693 -0.00892586 0.00270559 0.000431242 -0.0112528 0.00707692 0.00713863 0.000561329 0.00342075 0.000423629 0.000498631 0.000443506 -0.00168772 0.000997999 -0.00970359 -0.00559492 0.00049293 8.43546e-05 0.00511962 0.000138566 0.000285354 -2.14619e-06 0.000130591 7.25942e-07 -2.50732e-05 -0.0113968 0.0016216 0.00562339 0.00388185 0.000533571 3.94445e-05 0.00110507 0.000704939 -0.000490392 0.0002752 0.000486704 0.00167195 0.00548109 -0.00345829 -0.00217535 0.000242156 0.000508696 -0.00166585 -0.00643726 0.00447006 0.00376088 0.000358325 0.000128363 2.90114e-05 -0.000212634 -0.00843288 0.00576167 0.000177153 -1.87148e-05 -6.95839e-05 -0.00684738 -1.2999e-05 -6.43833e-06 3.28857e-05 -0.000298577 -1.6344e-05 -0.00803829 2.47296e-05 0.000776043 0.00148557 
-5.33338e-05 -0.0398587 -0.00146851 -0.0401458 -0.00136815 0.0263583 -0.0429322 0.0631267 -0.000203693 -0.025545 -0.00814564 -0.00123147 -0.0202944 -0.00710826 -0.00326128 -0.00658548 -0.00702629 0.141965 -0.0104439 -0.00173343 0.00316649 0.042886 -0.00142069 -0.00165531 0.000180624 0.013495 -0.0234325 -0.000234099 -0.000279166 0.0672182 -0.0245348 0.00805568 -0.0181593 0.00151389 -0.0354028 -0.00553218 0.0698008 -0.0139131 -0.0240509 0.0673489 -0.0376376 -0.0270134 -0.000837695 -0.0221991 -0.000510501 -0.000885971 -0.0310999 0.00406631 -0.0120531 0.0450076 0.0402746 -0.00774674 -0.00107425 -0.0266847 -0.0119006 -0.00115984 -0.00120749 -0.000626038 -1.51032e-05 -0.00242805 0.0549176 -0.03936 -0.0144081 -0.0413911 0.00976098 -0.000287054 -0.0214874 -0.00950009 -0.0309701 -0.00100767 -0.0128524 -0.0228136 -0.0168014 0.0100657 0.00721614 -0.000740945 -0.0340557 0.0032717 0.0433933 -0.00934869 -0.0395327 -0.00433437 -0.000655177 -0.0245691 -0.00235845 0.0780153 -0.0153986 -0.013416 -0.00668045 -0.000510455 0.0556356 -0.00272592 -0.000990599 -0.0040387 0.0035118 -0.00278583 0.0707509 -0.000236343 -0.0038034 -0.00284211 
2.0097e-05 -0.000464985 5.76717e-05 0.0114534 0.000648587 -0.00531068 0.010698 -0.010633 0.000201853 -4.25577e-05 0.000238895 0.000362138 -0.000348193 -0.000732635 0.00113812 0.00777158 0.00519523 -0.0104439 0.0125566 0.000276172 -0.000790323 -0.0114098 0.000469535 -2.39926e-05 -0.000171016 -0.00490667 0.0100402 4.05932e-05 4.02954e-05 -0.0110639 0.000321811 -0.00163559 0.00347492 -0.000197294 0.000609432 0.00144291 -0.00917183 -0.000367131 0.00264499 -0.0110823 0.010695 0.010102 0.00010923 -0.000991181 0.000599389 0.000529039 -9.31373e-05 -0.00134028 0.00583137 -0.0102448 -0.00954343 -0.000174904 0.000732945 0.000359768 0.00108122 0.00044138 3.14343e-05 -2.98988e-06 1.46422e-06 -4.8438e-05 -0.0106728 -0.000359996 0.0112055 0.0075066 -0.00299677 -5.29659e-05 0.00399073 0.00455027 0.00096658 0.000404366 -0.000158789 0.000509155 0.0107922 -0.00319478 -0.00435439 0.00026384 0.000430478 -0.00154413 -0.00855198 0.00637907 -0.00222621 0.00205516 8.35883e-06 -0.000180754 -0.000152627 -0.0106752 0.0111222 -0.000177161 -0.000101644 0.000128809 -0.00779186 -7.38401e-06 8.97693e-05 -4.10224e-05 -0.000497138 0.00115199 -0.0109238 0.000208688 0.00219651 0.00171908 
4.99707e-06 0.000229724 2.11764e-05 0.00349791 0.000394442 -0.0020367 0.00100892 -0.00307124 0.000107303 0.00205609 0.00271355 0.000380709 0.000655296 -0.000155976 0.000722245 1.09064e-05 0.000383017 -0.00173343 0.000276172 0.00460148 7.8952e-05 -0.0037623 0.000575629 0.000464924 1.42346e-05 -0.00188197 0.000705935 7.24475e-06 -1.04833e-06 -0.00351367 0.00149407 -0.000584611 -6.88633e-05 -6.25782e-05 -0.000100311 0.000140156 -0.00266946 0.00242454 -9.66336e-05 -0.00296263 0.000341386 0.00295897 3.298e-05 0.000772686 1.46422e-05 -2.82107e-06 0.00277692 -0.000528305 0.000548336 -0.00101141 -0.00283498 0.000539245 -9.56882e-07 8.30527e-05 -0.000150692 1.72172e-05 0.000236666 7.98829e-06 -1.01857e-07 0.000100526 -0.00367989 0.00135814 0.000140155 0.000636312 -0.000823142 1.94775e-05 6.89345e-05 0.0016822 -1.47975e-05 1.36106e-06 7.76042e-05 0.000890721 7.45786e-05 0.000913741 -0.00144256 7.64641e-05 0.00271737 -0.000554389 0.000307972 0.000777771 -0.000198976 0.000114486 0.00014881 -4.0647e-05 4.79063e-05 -0.00347129 -7.85444e-05 0.000333057 -9.93442e-06 -1.42502e-05 -0.00224947 5.9454e-05 0.000529551 0.000792562 -4.61178e-05 0.000428899 -0.00370608 2.37713e-06 -2.06192e-05 -1.87514e-05 
-4.11216e-06 -0.00292349 0.00046312 -0.00509217 0.000232698 0.00436355 -0.00427288 0.00724556 9.63718e-05 -5.07104e-05 -0.00130906 -2.18365e-05 -0.00172173 0.00613738 -0.000465991 -0.000705568 -0.00110251 0.00316649 -0.000790323 7.8952e-05 0.0785312 0.00645526 0.000568262 -0.000193057 -0.000790947 0.00448986 -0.00282212 -8.75413e-07 -2.29526e-05 0.00542903 -0.00312041 -0.00179383 -0.00142327 -0.000642098 -0.00326897 -0.000533514 0.0177705 -0.00265723 -0.00252218 0.000430794 -0.00448462 -0.00371258 -0.000143496 0.000707685 3.70542e-05 -9.46175e-05 -0.00327786 -0.00916388 0.000594592 0.00152209 0.0165774 -0.00107655 -9.56336e-05 -0.00559871 -0.00199384 0.000305564 8.90049e-05 4.07501e-05 3.80707e-06 0.000666348 0.0108316 -0.00378499 -0.00133406 -0.00378504 -0.00990551 0.000166685 -0.00247977 -0.000210796 -0.00216209 -8.16394e-05 -0.00135268 -0.0029614 -0.00173434 -0.0247237 0.0469439 -7.72333e-05 -0.00401686 -0.0102252 -0.048777 -0.00118861 -0.0148984 -0.000486251 -4.92994e-05 -0.00200926 0.00154864 0.0105707 -0.0014664 -0.00139765 -0.00054476 -0.000331471 -0.0299686 -0.00027694 -5.68267e-05 -0.00051085 0.00490404 9.23596e-06 0.00807555 -1.95531e-05 -0.000208558 -0.00013431 
-4.9285e-05 -0.000441317 -0.000665884 -0.0500414 -0.00149132 0.0249395 -0.0214127 0.0463883 -0.000257 -0.0155339 -0.0126555 -0.0014181 -0.00040104 0.00283128 -0.00491107 -0.0074145 -0.00806283 0.042886 -0.0114098 -0.0037623 0.00645526 0.0771531 -0.00199471 -0.00186053 -0.000310066 0.0223975 -0.0301135 -0.000309444 -0.000379903 0.0446635 -0.0315309 0.0066144 -0.00259329 0.00114478 -0.00101695 -0.0058133 0.0443576 -0.025474 -0.0195277 0.0393502 -0.0399589 -0.0375245 -0.00105371 -0.00955562 -0.000604664 -0.00100688 -0.018644 0.00105941 -0.00718743 0.0270152 0.0453362 -0.00939924 -0.00116585 -0.0104896 -0.0039694 -0.00094165 -0.0013947 -0.000159199 -1.1277e-05 -0.000272416 0.0517753 -0.0189715 -0.015872 -0.0120681 0.00796508 0.000163545 -0.0239757 -0.00763744 -0.00511142 -0.00108433 -0.0127244 -0.0288026 -0.0176615 -0.00880854 0.0263529 -0.000697625 -0.0254905 0.00149517 0.0091498 -0.0134024 -0.009737 -0.00468775 -0.000648304 0.000196196 0.000767691 0.0541572 -0.0151048 -0.0127601 -0.00346228 -0.00208029 0.0260915 -0.00294796 -0.00159531 -0.00488598 0.00216425 -0.00306869 0.0500628 -0.000237241 -0.00376745 -0.001451 
1.00307e-05 -0.000317716 7.6555e-06 0.00204352 0.0010742 -0.000838433 -0.000127537 -0.00145163 0.000218243 0.00143391 -5.1124e-05 0.000589016 -4.79702e-06 -8.89428e-05 -7.89191e-06 -5.46729e-05 -3.24059e-05 -0.00142069 0.000469535 0.000575629 0.000568262 -0.00199471 0.00698655 3.84118e-05 -5.93313e-06 -0.00185824 0.000684045 6.21738e-06 5.83462e-06 -0.00184586 0.00122438 -0.000797676 -0.000140806 2.82604e-05 -0.000275957 0.00102251 8.08909e-06 0.000319189 0.00105101 -0.00248537 0.000775103 0.000534356 4.10324e-05 -1.16496e-06 -8.12005e-06 3.14689e-05 0.00052878 -0.000215256 0.000748431 -0.00119274 -0.000485502 0.000216758 0.000158587 -0.000549965 -0.000208345 1.16004e-05 0.000119803 1.23409e-05 -1.55028e-07 1.84202e-05 -0.00171005 0.00121748 0.000240146 -0.000391552 -0.00120094 -4.29821e-06 0.000730929 0.00128748 -0.00018392 -3.60694e-06 0.00066949 0.00109986 -0.00011641 -0.00160516 0.000158301 3.7991e-05 -3.42829e-06 -0.000798738 -0.00273671 3.04975e-05 -0.00109821 0.000128502 3.45723e-06 -0.000149238 0.000117763 -0.00159374 -1.43384e-05 0.00133202 2.57221e-05 8.27279e-05 -0.00170323 9.34489e-05 0.000448334 0.000386487 2.64576e-05 0.00172077 -0.00160289 2.48608e-06 -7.94907e-07 -2.26461e-05 
2.31277e-08 0.00117922 1.43589e-05 0.00238928 0.000147882 -0.00138456 0.00134115 -0.00187986 1.16445e-05 1.89734e-06 0.00118475 5.26617e-05 0.000958954 0.000493275 0.000206256 -2.35841e-05 -2.38311e-05 -0.00165531 -2.39926e-05 0.000464924 -0.000193057 -0.00186053 3.84118e-05 0.00312158 1.68406e-05 -0.00126692 0.000475543 9.88882e-06 1.53358e-05 -0.00260803 0.00221871 -0.000399904 9.47549e-05 -4.86902e-05 0.000115824 -3.85226e-06 -0.00224505 0.000907148 0.000173248 -0.00240329 0.000796456 0.00141968 8.53479e-05 0.00133051 -2.82559e-06 4.32576e-06 0.00213161 -0.000378756 2.27485e-05 -0.000202306 -0.00105533 0.000490443 1.77048e-05 -0.000324911 -9.1225e-05 3.8078e-05 0.000155751 1.15181e-05 -6.89949e-08 6.07409e-05 -0.00252542 0.00087959 -1.28394e-05 0.00095768 -4.79086e-05 3.14304e-06 0.000333079 0.000314795 0.000459403 3.27564e-05 -4.12843e-05 0.0011144 -1.19376e-06 0.000492007 -0.00112904 6.10173e-06 0.00143809 -0.00037534 -0.00112479 0.000260374 0.00051992 2.9049e-05 2.36336e-06 0.000241743 -5.21038e-05 -0.00236826 -5.0422e-05 8.55011e-05 -1.60601e-05 -1.31758e-05 -0.00166053 5.4922e-05 3.29146e-05 0.00068589 -0.000119653 8.68881e-05 -0.00273146 -5.55574e-07 5.32157e-05 6.36286e-05 
4.90819e-06 -0.000305415 1.47639e-05 -0.000476187 0.000207066 -0.00679561 -0.00076293 -0.000195488 2.96098e-05 0.000484894 -8.78396e-05 2.0869e-05 -0.000208633 -0.000123404 -4.53064e-05 -0.000118378 -0.000122386 0.000180624 -0.000171016 1.42346e-05 -0.000790947 -0.000310066 -5.93313e-06 1.68406e-05 0.0154903 -0.0051279 -0.00021716 1.7467e-06 5.6156e-05 0.000403911 -0.000231661 -0.00199459 -0.000116236 9.21246e-05 -0.000234611 -8.98698e-05 0.00180931 -3.93264e-05 -0.000280433 0.000823314 -0.000131481 -0.000417255 7.47103e-05 -1.90973e-06 -1.42786e-05 -1.71637e-05 -0.000596637 -0.00179863 -0.000295232 -0.000652108 0.00237411 -0.000126066 5.76068e-05 -0.000648944 1.90343e-05 0.000299673 0.000222628 1.94953e-05 -3.56485e-08 3.70713e-05 0.00133619 -0.000253587 6.26476e-05 -0.000653723 -0.00342236 -6.00657e-05 -0.000408434 -0.000161996 -0.000222854 0.000266601 7.32404e-05 -0.000239011 -0.000132856 0.00712907 -0.00456513 4.94048e-06 -0.000617028 -0.00168994 0.00319809 0.000164302 -0.00145274 -8.83905e-05 -3.03809e-06 1.77031e-05 -4.99559e-05 0.000358805 -8.49741e-05 3.99579e-05 -3.58314e-05 -4.55807e-05 0.00162814 -7.19013e-06 -3.81338e-06 -1.09482e-05 -0.000128946 3.78824e-05 0.000636536 -2.40144e-06 0.00024391 -6.11281e-05 
-3.55038e-05 -0.0156865 -0.000842552 -0.0288943 -0.00062079 0.163471 -0.0197509 0.0205957 -0.00014589 -0.0187625 -0.00525344 -0.000685034 -0.00895114 -0.0156276 -0.00219176 -0.00319456 -0.00561171 0.013495 -0.00490667 -0.00188197 0.00448986 0.0223975 -0.00185824 -0.00126692 -0.0051279 0.24161 -0.0132516 -0.000144155 -0.000170001 0.0350683 -0.0160724 0.0489286 -0.00680282 -0.00496885 -0.00229637 -0.00277917 -0.0224747 -0.011294 -0.0120271 0.0258364 -0.0219437 -0.0175461 -0.000768109 -0.0377829 -0.00032787 -0.000454926 -0.0188451 0.0618538 -0.00111992 0.0166744 -0.0579096 -0.00539118 -0.000532575 -0.043411 -0.00366675 -0.000382959 -0.000731057 -0.000348038 -7.6429e-06 -0.00025769 0.0286662 -0.0210649 -0.00714535 -0.0202669 -0.0793155 0.000469015 -0.0116374 -0.00351778 -0.0125438 -0.000561484 -0.00416432 -0.0136215 -0.00830902 -0.0819904 0.024526 -0.000362224 -0.0151079 0.00657746 -0.0270234 -0.00587335 -0.0157333 -0.0020845 -0.000122454 -0.0113152 -0.00402207 0.0180938 -0.00630813 -0.00576261 -0.00125418 -0.00139967 0.0577784 -0.00135919 -0.00108589 -0.00233842 -0.00871973 -0.00122064 0.0331277 -9.74091e-05 -0.00181339 -0.0015129 
2.43387e-05 -0.00171926 8.95452e-05 0.0296815 0.000439117 -0.0142547 0.0142824 -0.0269161 4.20224e-05 0.00540695 0.00461452 0.000901695 -0.000904046 -0.00197983 0.0026627 0.00671988 0.00722 -0.0234325 0.0100402 0.000705935 -0.00282212 -0.0301135 0.000684045 0.000475543 -0.00021716 -0.0132516 0.0319536 0.000307931 0.000317439 -0.0281906 0.0164938 -0.00416345 0.00319334 -0.000520707 0.0011921 0.00554297 -0.0251654 0.0155598 0.0109476 -0.0234253 0.0291969 0.0236998 0.000505163 -9.85735e-05 0.000604964 0.00048757 0.00662266 -0.00351197 0.00454563 -0.0171132 -0.0261779 0.00330201 0.000495894 0.00397951 -0.000317318 0.000556883 0.000183379 -1.16317e-05 1.44967e-06 -4.28603e-05 -0.0281249 0.00794029 0.0134091 0.00872562 -0.00495521 -0.000141777 0.0160311 0.0034007 0.0042636 0.000596597 0.00528136 0.0174697 0.0140772 0.00015109 -0.012051 0.000594511 0.0101325 -0.00399961 -0.0119818 0.0103309 -0.00446352 0.00148018 0.000297096 -0.000108138 -0.00032297 -0.0281778 0.0125208 0.00383067 -1.12331e-05 -0.000118 -0.0171582 0.00247909 0.000760986 0.00219753 -0.00102032 0.000967183 -0.028915 0.000228774 0.0035336 0.00151821 
-3.49187e-08 -4.8518e-06 1.72785e-05 0.000299535 3.11563e-05 -0.000153494 7.92777e-05 -0.000288947 5.65413e-06 2.66034e-05 -2.31168e-06 1.35807e-05 -8.92786e-07 -1.86452e-05 0.00011087 1.36968e-05 1.13807e-05 -0.000234099 4.05932e-05 7.24475e-06 -8.75413e-07 -0.000309444 6.21738e-06 9.88882e-06 1.7467e-06 -0.000144155 0.000307931 0.000379545 5.35109e-06 -0.000315633 0.000219618 -1.84888e-05 -4.5701e-06 -6.11504e-06 1.82525e-07 0.000237875 -0.00024842 0.000190235 -4.75853e-06 -0.000301054 0.00030328 5.19281e-05 1.55119e-05 -2.67044e-05 7.13567e-07 -4.44964e-08 -1.20512e-05 -2.38236e-05 4.73928e-05 -0.000145812 -0.000250365 6.4262e-05 3.77011e-06 -4.43127e-05 -1.63447e-05 -4.21402e-07 -3.8694e-07 3.40309e-06 -8.36581e-09 -1.5892e-06 -0.000292624 0.00012552 3.22566e-05 6.77676e-05 8.18706e-05 -1.20677e-06 7.14554e-05 4.04996e-05 0.000177093 2.95548e-06 2.38669e-05 0.000277576 2.85658e-05 -5.0527e-05 -0.000110512 6.01726e-06 -1.0808e-05 -4.55223e-05 -0.000241902 0.000210277 -6.52745e-05 7.34763e-06 -3.61464e-07 -4.44177e-06 -5.43693e-06 -0.000291627 1.02319e-05 9.26636e-06 -3.16898e-06 3.0901e-06 -0.000211952 0.000224999 6.78711e-05 5.64387e-05 -1.29424e-05 1.13227e-05 -0.000304611 8.78412e-07 0.000188705 -2.4406e-08 
3.72351e-07 -1.39778e-05 7.09441e-07 0.000381689 3.852e-05 -0.000176135 2.23554e-05 -0.000344101 9.21353e-06 0.000117035 5.76353e-07 3.262e-05 -1.17204e-05 -2.10798e-05 0.000189547 1.95791e-05 8.56202e-05 -0.000279166 4.02954e-05 -1.04833e-06 -2.29526e-05 -0.000379903 5.83462e-06 1.53358e-05 5.6156e-05 -0.000170001 0.000317439 5.35109e-06 0.000421278 -0.000351244 0.00029126 -4.33803e-05 2.65561e-06 -5.84804e-06 -2.01939e-05 9.61899e-05 -0.000308125 0.00024805 2.81772e-05 -0.000332945 0.000384392 0.000236787 8.875e-05 -2.38317e-06 8.80328e-06 4.30052e-07 1.19235e-05 -5.05365e-05 2.39575e-05 -0.000326009 -0.000324978 4.55144e-05 4.39599e-05 8.91593e-05 2.72123e-05 0.000104929 2.56128e-05 -3.45574e-07 -9.28607e-09 9.9941e-06 -0.000353296 6.15612e-05 0.000107101 2.64687e-05 0.000111669 -1.80819e-06 4.36863e-05 4.06503e-06 -1.13464e-06 5.12746e-05 0.000169839 0.000257444 4.26238e-05 -0.0001005 -0.000148889 0.000109976 9.44743e-06 -5.11131e-05 -0.000200556 0.000204631 -5.16164e-05 3.07264e-06 -9.01146e-08 1.17926e-06 -7.071e-06 -0.000354759 6.74558e-05 6.04993e-05 2.04756e-07 -2.78995e-07 -0.000237332 1.2022e-05 2.42913e-05 2.2693e-06 -1.60107e-05 4.9128e-05 -0.000362777 -1.11518e-07 0.00012412 2.11191e-06 
-5.50085e-05 -0.0383872 -0.000603205 -0.0502387 -0.0014866 0.0398065 -0.0463801 0.0597057 -0.000232506 -0.0160367 -0.0128752 -0.00144219 -0.0196753 -0.0102471 -0.00460848 -0.00732596 -0.00896851 0.0672182 -0.0110639 -0.00351367 0.00542903 0.0446635 -0.00184586 -0.00260803 0.000403911 0.0350683 -0.0281906 -0.000315633 -0.000351244 0.0859673 -0.0347596 0.0117673 -0.019947 0.00145501 -0.0278773 -0.00615078 0.0672838 -0.0229368 -0.0257541 0.0713712 -0.0466253 -0.0361067 -0.000969523 -0.0146476 -0.000553425 -0.00096102 -0.0412781 0.0107748 -0.0103305 0.0305494 0.0331505 -0.00426108 -0.0011814 -0.007232 -0.00366906 -0.00108374 -0.0015647 -0.00063251 -1.67626e-05 -0.000267979 0.0635185 -0.0365607 -0.0153477 -0.0474627 0.00321643 -0.000160625 -0.0228642 -0.00971015 -0.0340006 -0.00118887 -0.00556951 -0.0215802 -0.0180432 0.00557527 0.0313173 -0.000781348 -0.0374611 0.0114095 0.0426048 -0.0128753 -0.0214466 -0.00507585 -0.000663369 -0.0215456 -0.000327079 0.0733967 -0.0141222 -0.00660338 -0.00153794 0.000146649 0.0546829 -0.00298336 -0.00154472 -0.00509495 0.00277621 -0.00295513 0.0773064 -0.000233117 -0.00419093 -0.00337573 
2.02487e-05 0.00661811 5.96526e-05 0.0352817 0.000498502 -0.0171981 0.0115727 -0.0246152 2.68909e-05 0.00631932 0.00929668 0.00073397 0.00216879 0.00297719 0.00265333 8.7269e-05 0.0034957 -0.0245348 0.000321811 0.00149407 -0.00312041 -0.0315309 0.00122438 0.00221871 -0.000231661 -0.0160724 0.0164938 0.000219618 0.00029126 -0.0347596 0.0429916 -0.00443085 0.00217749 -0.000708262 -0.00072892 0.0027789 -0.0310792 0.0215659 0.0168925 -0.0253506 0.0288159 0.0245099 0.000727616 0.00773822 6.79303e-05 0.000343415 0.0222722 -0.00492948 0.000554098 -0.00603397 -0.0232648 0.00458564 0.000627447 0.00189548 0.000160164 0.000539082 0.0011436 0.000100149 7.4081e-06 1.31091e-05 -0.0358101 0.0170025 0.00332099 0.00733531 -0.00434715 -0.000167844 0.0160779 0.00102669 0.00513794 0.000543744 0.00392393 0.0189709 0.00562885 -0.00177878 -0.0146688 0.000144137 0.0189745 -0.00477455 -0.0110656 0.00680107 0.00165433 0.00237404 -4.07462e-05 0.00166629 -0.000741197 -0.0343671 0.00270285 0.00507168 -0.000354868 -0.000189426 -0.0203983 0.00217441 0.000833965 0.00464868 -0.00174132 0.00156961 -0.034221 -2.57658e-06 0.00106569 2.6984e-05 
-1.15804e-05 -0.00731496 -6.01848e-05 -0.0091311 -0.000210782 0.0537765 -0.00705091 0.0111101 7.00202e-05 -0.00550764 -0.00197641 -0.000218159 -0.00375279 -0.00781469 -0.000696704 -0.000937858 -0.00147271 0.00805568 -0.00163559 -0.000584611 -0.00179383 0.0066144 -0.000797676 -0.000399904 -0.00199459 0.0489286 -0.00416345 -1.84888e-05 -4.33803e-05 0.0117673 -0.00443085 0.112225 -0.00304564 -0.00192227 -0.00615456 -0.000837501 -0.0251454 -0.00240948 -0.00385857 0.00921393 -0.00692738 -0.00531178 -0.000217443 -0.0109167 -0.000111704 -0.000141681 -0.00596726 0.0250196 -0.000802766 0.00564036 -0.0443759 -0.00174194 -0.000168469 -0.0148198 -0.00364053 -0.000122157 -0.000237201 -0.000106603 -2.83831e-06 -0.000355384 -0.00929569 -0.00674214 -0.00224339 -0.00756559 -0.0199185 0.000972456 -0.00375386 -0.00146214 -0.00491641 -0.000179962 -0.00198336 -0.0043447 -0.00266305 -0.0474844 0.0214291 -0.000120574 -0.00624782 0.00662589 -0.00349917 -0.00182033 -0.0176635 -0.000632124 -0.000121191 -0.00603122 -7.50232e-05 0.0153385 -0.0027285 -0.00209699 -0.00109412 -0.000644023 0.0151878 -0.000393269 -0.000337684 -0.000861788 -0.00409062 -0.00045393 0.0117135 -3.72486e-05 -0.000534387 -0.000292166 
-1.73868e-06 0.0175243 1.35607e-05 0.00526697 6.50173e-06 -0.00857132 0.0139743 -0.0158451 -6.691e-06 0.000479469 -0.000170704 4.1425e-06 0.00633162 0.00503468 0.000121849 0.00338625 0.00348633 -0.0181593 0.00347492 -6.88633e-05 -0.00142327 -0.00259329 -0.000140806 9.47549e-05 -0.000116236 -0.00680282 0.00319334 -4.5701e-06 2.65561e-06 -0.019947 0.00217749 -0.00304564 0.0232897 -0.000392213 0.0162159 -4.48807e-05 -0.0181834 -0.000668113 0.00130897 -0.0201541 0.00903666 0.00344447 3.78018e-05 -0.000367864 0.000362635 9.98905e-06 0.00919522 -0.00283509 0.000280022 -0.0085513 -0.00237796 -0.000175933 0.000273753 -0.00100542 0.00215122 0.000316546 0.000147649 4.09497e-05 1.94097e-06 -8.75274e-05 -0.0100215 0.00672833 0.00379755 0.0192702 0.00136785 3.20343e-06 -0.000291342 2.45643e-05 0.0157557 0.000472515 -0.000355624 -0.000672311 0.00414578 -0.000316928 -0.00868267 0.000120125 0.00762703 -0.00278589 -0.015228 0.0034307 0.0125645 0.000112345 -1.11137e-05 0.0105263 0.000373182 -0.0199239 0.00416355 -0.000285345 0.000974527 -0.000113966 -0.0139965 4.11752e-06 -5.57864e-05 -0.000128249 -0.000936402 -7.95388e-05 -0.0209574 6.49117e-06 0.00155774 0.00287076 
