0.246303 -0.00142192 -0.00271882 -0.00668544 -0.000776316 -0.0198238 -0.00120581 -0.0220326 -0.000318955 -0.0488516 -0.0279928 0.0196699 -0.0415135 -0.00108177 -0.0304644 -0.020475 0.00651456 0.0322074 -0.00100974 0.0733347 0.0319601 0.0140589 0.0337491 -0.032484 -0.0573504 -0.00345133 0.0149808 -0.0131691 0.00112915 0.000123396 0.0449742 0.00183054 -0.012442 -0.00247903 -0.00047696 0.0347648 0.0260216 -0.00265766 -0.0400645 -0.000358006 0.0104043 -0.0301338 0.0063115 -0.0320743 0.030517 0.0382092 -0.00104681 0.00355927 -0.00236269 -0.0490053 -0.000707441 -0.00634219 -0.00182681 -0.0022655 -0.0409677 0.0120937 -0.0800761 -0.000416183 -0.000892745 -0.000379997 -0.0531743 1.43468e-05 0.00513266 -0.0011749 -0.0118622 0.0076758 -0.0090445 -0.0135049 -0.000861637 0.0145757 0.0114575 -0.00093807 -0.0214069 -0.000669509 -0.00574858 0.0178257 0.00100922 0.0616044 -0.00540641 0.0191853 -0.0663963 -0.00991378 0.0709692 0.0025304 -0.026996 0.000869728 0.00323824 0.00728547 -0.00192846 0.0136255 0.00548795 -0.0195827 -0.014656 -0.000435318 -0.00061202 -0.00201915 0.000152488 -0.00769481 -0.0189845 0.00745685 
-0.00142192 0.00625356 -7.02938e-05 -5.5628e-05 0.00209345 0.000570136 3.35708e-05 -0.00198047 -0.000645482 0.000991473 -0.000454853 -0.00226641 -0.0012441 -0.00396197 -0.00289877 -0.000392751 -8.82478e-05 -0.00206868 -6.66235e-05 -0.00201903 0.00374953 0.000688257 -0.00123796 0.000192729 -0.00325987 -0.000527787 -0.000198639 -0.0003575 -1.40196e-05 -3.42652e-06 -0.000454515 0.000134788 -0.000376199 -8.63987e-06 -0.000516516 0.00111655 5.22848e-05 -5.18203e-05 -0.000634742 8.58146e-05 0.000461048 0.00186522 0.000896737 -0.000619436 0.0029283 0.00342584 -1.89401e-05 -4.9e-05 -0.000763813 0.00180726 0.000486553 -3.73866e-05 -7.38192e-06 -9.91734e-06 0.000563371 0.00268629 -0.00307914 1.91748e-05 -7.37684e-05 -5.98802e-06 0.00141906 1.39811e-05 3.15511e-07 4.10921e-06 -0.0001669 -0.000220698 0.00061552 -0.000197719 3.18858e-06 0.00366432 0.00113348 -1.64056e-05 -0.000168229 -3.74934e-05 0.00238249 -0.000494364 -9.40731e-05 -0.00204582 0.00019352 -0.000133875 -0.00138013 -6.33173e-05 -0.00294522 6.63905e-06 -0.00278807 0.000917898 -4.44276e-05 -0.000113025 -3.05669e-05 0.000161015 -5.55721e-05 0.00192512 -0.000409834 -6.68683e-06 4.43901e-05 0.000606189 -0.00017342 -0.000131601 -0.000241457 -0.000292639 
-0.00271882 -7.02938e-05 0.0195368 0.000630356 0.00117864 0.000941499 -3.78708e-05 0.00046308 0.00514538 0.000687521 -0.00279396 -0.00345154 -0.0022322 0.0016353 0.0039081 0.000403943 -0.000313014 -0.00571763 0.00028424 -0.00206267 -0.00302014 -0.000787069 0.00543726 0.00734703 0.00424969 0.00572892 -0.000622094 0.0082803 -4.5089e-05 -2.48926e-05 -0.00417009 0.0003828 0.000337867 0.000451268 -0.0015567 -0.00929273 -0.00142641 0.000518869 -0.00144084 -2.27392e-07 -0.00183089 0.000610809 -0.0110244 -0.00243469 -0.00868228 -0.00712692 -7.19551e-05 -0.000181755 0.00409517 -0.00275431 -5.68853e-05 0.00182812 -3.10575e-05 -8.92076e-05 -0.000764932 -0.00136787 0.00586328 -4.22133e-06 0.000329261 1.47341e-05 -0.00506744 -2.0882e-05 -0.000336849 9.76656e-05 0.000197952 -0.000292424 -0.000508918 0.00021367 -3.83751e-07 -0.00267184 -0.00508131 3.46874e-05 -0.000392263 -5.44622e-05 -0.000140519 -0.00174472 -0.000285608 -0.00629289 0.000437385 -0.000841692 0.00810412 0.00103983 -0.00348151 0.000548471 0.00907861 -0.000228014 0.00530695 -0.000534877 -7.53919e-05 -0.000729201 -0.000188707 -0.000467462 -0.000604929 -7.6507e-06 -5.10668e-05 -0.000701108 0.00233852 0.00112847 -0.00109969 0.00129087 
-0.00668544 -5.5628e-05 0.000630356 0.0164534 0.00150469 1.29778e-05 5.29747e-05 -0.00135539 -0.000832478 -0.00122529 0.000165597 -0.00436616 -0.00137557 -0.0033692 -0.00298561 -0.000532282 -2.00663e-05 -0.000888868 2.96481e-05 -0.00794892 -0.00169575 0.000326536 -0.000719991 -0.00324546 -0.0036219 -0.000746598 -0.000441044 -4.79483e-05 -2.07096e-05 1.44452e-05 0.00373107 0.000151912 0.00117946 0.000262197 -0.00128917 0.00122888 -0.000965453 0.000128651 -0.00185134 8.58057e-05 0.000596847 -0.00204123 0.000840095 0.00294377 0.000687158 0.000394562 -3.00097e-05 -4.14821e-05 0.00235754 0.000857784 -4.25109e-05 0.00130881 -0.00014443 0.000258887 0.000383739 -0.000657376 0.000696485 0.000317025 -0.00016777 -4.04598e-06 0.00506659 0.00130148 -0.000592281 0.000376309 0.0011447 0.00122941 0.00385289 0.00160078 5.88785e-05 0.0013474 -0.000833047 -3.49065e-05 -0.000713736 -0.000148779 -0.000104182 -0.000922733 -0.000144258 -0.00137724 0.0011561 -0.000388652 0.0055693 0.00112549 -0.00216687 -8.11106e-05 -0.00125624 -0.00021495 -0.000582071 -4.1283e-05 0.00017806 -0.000236728 -0.000113958 -9.38231e-05 -0.000612299 -6.80095e-06 -4.39389e-05 -2.00213e-05 -0.000144286 0.000211557 -0.000899225 -0.000631664 
-0.000776316 0.00209345 0.00117864 0.00150469 0.0355428 0.00181911 -8.56783e-05 -0.00796632 -0.000591905 0.00183069 -0.000160479 -0.0100866 -0.00638854 -0.0122904 -0.0130026 -0.00195692 -0.000484749 -0.00519453 -0.00019999 -0.00250522 -0.00347169 -0.000771073 6.89844e-05 0.0150324 0.00547469 -0.00111969 -0.000937026 7.04265e-05 -3.24789e-06 -2.67976e-05 -0.00735226 -0.000228491 -0.00175244 -0.000345928 -0.0027368 0.00237454 0.00199976 -0.000296256 -0.00398891 9.09775e-05 -0.00251675 0.0126785 -0.00135336 -0.00594073 -0.00166644 -0.00573824 -0.000149905 0.000915041 0.000519291 -0.0046887 0.000620436 0.00244764 -0.000169134 7.5085e-05 0.0141912 -0.00161969 0.00276722 6.83017e-05 -0.000282536 -2.05587e-05 -0.00776161 0.00181411 -0.000758787 -0.000169834 -2.41995e-05 -0.00240307 0.000112774 -0.000877852 -1.62612e-05 -0.00183388 -0.00731525 -7.13737e-05 -0.00412359 -0.000258562 0.00150079 0.00464844 0.000924519 0.00677934 -0.000929426 0.00288468 0.00859583 -0.000629888 -0.0100856 0.000877687 0.00631104 0.00112715 0.0118328 -0.000790487 -0.000179774 -0.000773048 -0.000259979 0.00149841 -0.00224093 -4.36081e-05 -0.000103722 -0.000706147 -0.000378368 0.0010792 -0.0020813 0.00033281 
-0.0198238 0.000570136 0.000941499 1.29778e-05 0.00181911 0.0459294 0.000468178 0.00277368 -0.00311871 0.0193049 -0.00181225 -0.0164765 -0.00704956 -0.0127754 -0.0196222 0.00186848 -0.00074276 -0.0245885 -0.000197861 -0.0271306 -0.00255139 -0.00191315 -0.00556061 0.0158028 0.0108376 -0.0014801 -0.00151866 -0.00225214 -0.000106072 -6.57968e-05 -0.00321428 -0.000465042 -0.00274059 0.000736082 -0.00392061 -0.00834316 -0.0031505 -0.000331184 -0.00562425 0.000673062 -0.00327725 0.0107054 -0.00179361 -0.00531227 0.00468365 -0.00281212 0.000582433 5.58646e-05 0.00387102 0.024124 -0.000100589 0.00200525 -0.000369474 -0.000314449 0.015842 -0.00202657 0.0043217 -2.75817e-05 -0.000539793 8.9586e-05 0.00757936 0.000388731 -0.00042472 0.00121183 -0.000658757 -0.000573386 -0.000611391 -0.00097811 -0.000110531 -0.00199254 -0.00665622 -0.000125489 -0.00369094 -0.000439182 1.82348e-05 0.00338527 -0.000753514 0.00927762 0.00227934 -0.00283801 0.0220097 0.00384192 -0.0159275 -7.28792e-05 -0.00733375 -0.000533887 -0.00426187 -0.0010855 -0.000227467 -0.00169313 -0.000481991 0.0282986 -0.00315637 -2.80822e-05 0.000141264 0.00237626 -0.00120127 0.00411802 -0.00191822 -0.00202099 
-0.00120581 3.35708e-05 -3.78708e-05 5.29747e-05 -8.56783e-05 0.000468178 0.00291461 -0.000185513 0.000619097 0.000731001 -0.000149421 -0.000916916 -0.000412817 -0.000448009 0.000141796 0.000772865 5.23857e-06 -0.00150667 0.000645263 -0.00184908 -0.000334606 -5.79755e-05 -8.89521e-05 0.00109255 -7.65117e-05 -0.000123624 0.000349189 0.000209625 -6.36586e-06 0.000141261 -0.000293064 4.22117e-05 0.00133643 2.36487e-05 -0.000134247 -0.00174196 -0.000195156 1.92958e-06 -0.000270045 1.61132e-05 -0.000211781 -0.000627797 -0.00188022 -0.000387621 -0.000954248 -0.000757688 9.04298e-05 -2.32362e-05 0.000463427 0.00160492 8.18992e-06 -4.62983e-05 -2.56558e-05 1.56293e-07 -0.000583076 -0.000203783 0.000597254 1.89483e-05 0.000122593 -4.30295e-07 0.000121707 0.000409372 -6.20364e-05 8.96339e-05 0.000446948 -0.000161531 -4.03126e-05 -4.96171e-05 7.24549e-05 -0.000149071 -0.000741347 -4.13424e-06 -0.000281033 -2.15417e-05 -3.90206e-05 -0.000282102 6.56822e-05 -0.000617831 0.000441994 3.55221e-05 0.00183967 0.000675494 7.68015e-05 -5.17739e-05 0.000638827 -1.16023e-05 -0.000183759 -1.33936e-06 -9.24542e-06 0.000179973 3.25914e-07 0.000443956 5.86679e-05 0.000187147 -8.33938e-06 -3.33154e-05 -4.37367e-05 0.000415748 -0.000158273 6.9715e-05 
-0.0220326 -0.00198047 0.00046308 -0.00135539 -0.00796632 0.00277368 -0.000185513 0.0628901 -0.011296 -0.00320033 -0.0235841 -0.0109881 -0.0135945 0.013833 0.0292243 0.0036777 -0.011456 0.0344082 -0.00127881 3.46113e-05 0.0054449 -0.00548758 -0.000523746 0.00314172 0.0282018 0.00259576 -0.0238292 0.0023982 4.0032e-05 -0.000873525 0.00746324 -0.00673564 -0.00360068 -0.000452671 -0.0282453 0.000493767 -0.0225374 -0.000483689 0.00497295 -9.60956e-05 -0.0119889 -0.0173826 0.0137387 0.00527954 -0.012061 0.00688481 -0.000175211 -0.00464226 -0.000132876 0.0104478 -0.000890034 -0.00162061 -0.000228275 -0.00112284 -0.00991543 0.00271812 0.0263427 -0.00032342 -0.00266976 -0.000168474 0.0191116 -0.0044178 -0.00798185 -0.00105042 0.000436445 0.00287779 0.00104584 0.000572346 -0.000422857 0.00587081 0.0150854 0.000116792 -0.000745683 -0.00158986 -0.00192178 0.00348062 -0.00123066 -0.0250523 -0.0032659 -0.0340076 0.00941484 -0.00269072 0.0277302 -0.00482305 0.0230268 -0.0057968 -0.00488676 -0.00370667 -0.000222588 -0.00328212 -0.00918177 0.00296683 0.00342478 -0.000443847 8.19641e-05 -0.0016993 -0.000484314 -0.00278636 0.00307101 0.00101346 
-0.000318955 -0.000645482 0.00514538 -0.000832478 -0.000591905 -0.00311871 0.000619097 -0.011296 0.0974936 -0.0149131 0.00943025 -0.00639529 0.00480042 -0.00375451 0.0184255 0.030251 0.00936773 -0.0308637 0.00375995 -0.0263003 -0.0179633 0.000636103 0.0145218 0.0235404 -0.00161231 0.00492313 0.0161525 0.0324439 -0.000249812 0.00020022 -0.0151338 0.00655172 0.0252169 0.00455478 0.0130015 -0.0639303 0.00497875 0.00316915 0.00213846 -4.08439e-05 0.0113626 -0.0213846 -0.073316 -0.00603184 -0.0468283 -0.0407272 -0.000408599 -0.00100357 0.0354907 -0.0180834 -0.000310162 0.00418272 -0.000367436 0.0016897 -0.0183359 -0.00834204 0.027629 0.000183442 0.0064624 -6.95965e-05 -0.029982 0.00242086 -0.00233386 0.00173325 0.00488478 -0.00757681 -0.00283068 0.00229943 0.000594778 -0.014737 -0.0332307 0.00202485 -0.00940482 0.00118988 -0.0013768 -0.0116219 0.0150934 -0.0204052 0.00256309 -0.000390873 0.0320295 0.00712298 0.00502941 -0.00151052 0.0304783 -0.00148983 0.0264196 0.000864451 0.00083744 -0.00312945 0.00836879 -0.00471854 -0.00721255 0.0011219 -0.000189254 -0.0038021 0.00777797 0.00367763 -0.00550324 0.0197603 
-0.0488516 0.000991473 0.000687521 -0.00122529 0.00183069 0.0193049 0.000731001 -0.00320033 -0.0149131 0.143559 0.0325214 -0.0244912 0.0123034 -0.0320792 -0.0415463 -0.00952911 -0.00205278 -0.070403 -0.000975168 -0.0297159 -0.0102996 -0.00574273 -0.0123619 0.0476106 0.026493 -0.00811225 -0.00410934 -0.00871846 -0.000352071 0.000365093 -0.0390416 -0.00163866 -0.0015821 -9.52816e-05 -0.0025813 0.0073924 -0.00832235 -0.000419417 -0.012155 9.52371e-05 -0.00999815 0.0832318 0.0161501 -0.0013272 0.0286382 0.0164359 0.000366054 -0.000371189 -0.0221752 0.036327 0.000277806 0.00151544 -0.000939079 -0.000791988 0.0779088 -0.00442196 -0.0095319 -2.81216e-05 -0.00172022 0.000377638 -0.0269605 0.00150119 0.00886129 0.000272661 0.00587307 0.00260909 -0.0040362 -0.000723549 0.000237974 -0.0118406 -0.0234544 -0.000341363 -0.00491282 -0.000322832 0.00226677 0.00489696 -0.00244907 0.0190188 0.0021166 0.0104103 -0.00661549 -0.00222014 -0.0587797 0.00394373 -0.0180943 -0.0022226 -0.00108262 -0.00415927 -0.000117676 -0.00492855 -0.00143416 0.0134128 -0.00701827 -0.00020366 -0.000275744 0.00854814 -0.00446566 0.00546109 -0.00418504 -0.00788054 
-0.0279928 -0.000454853 -0.00279396 0.000165597 -0.000160479 -0.00181225 -0.000149421 -0.0235841 0.00943025 0.0325214 0.127091 -0.00756522 0.0520279 -0.0202467 -0.0585384 -0.00768638 0.00712801 -0.0779751 -0.000181534 0.00656436 -0.0206912 0.00669598 -0.0132905 0.0329902 0.00109765 6.24902e-05 0.0150399 -0.00751429 -0.000286854 0.000322912 -0.0107126 0.00599275 -0.000788217 0.00170222 0.0287344 0.0100815 0.00952802 -0.00101123 -0.0028434 -4.06451e-05 0.0163395 0.0618984 -0.0057924 -0.0166315 0.040803 0.0208499 -0.000405324 -0.000798127 -0.013935 -0.0110054 -8.59379e-06 0.000549168 -0.00126026 0.00251932 0.0637949 -0.00586494 -0.0241861 0.000222115 -0.000242137 -2.72816e-05 -0.0378659 -0.000269317 0.00309229 -0.000109647 -0.00361431 -0.00595474 -0.0036186 0.00496058 4.36031e-05 -0.0158295 -0.0319047 -0.000234078 -0.0112825 0.0039474 0.0019526 0.00808186 -0.00176602 0.044503 -0.000354217 0.0181253 -0.0161878 0.0057929 -0.0681746 -0.000126263 -0.0455658 0.00208926 -0.00677534 0.000702032 -0.000540593 -0.0031177 0.00559553 -0.0045322 -0.00941833 0.00033035 -0.000164306 -0.000337485 -0.00370472 -0.00323158 -0.00531349 -0.00689824 
0.0196699 -0.00226641 -0.00345154 -0.00436616 -0.0100866 -0.0164765 -0.000916916 -0.0109881 -0.00639529 -0.0244912 -0.00756522 0.240336 0.0308146 0.0333837 0.051629 -0.00938463 0.00381887 0.0457712 -0.00288715 0.0419325 -0.0115392 -0.00112101 0.00811758 -0.0971905 -0.026161 0.0097098 0.00910759 -0.0154147 -0.000422257 0.000572535 -0.0212047 0.00156411 -0.00119217 0.00189332 0.0402839 0.0157742 0.000179342 0.00200341 0.050882 -0.000211098 0.00808801 -0.0442323 0.0198732 0.0456034 -0.0409462 -0.0504631 -0.000705223 0.00170989 -0.0433003 -0.0408408 -0.000237162 -0.00289553 0.00490486 1.94995e-05 -0.0633948 -0.011033 0.0181894 -6.2286e-05 0.000303118 -0.000606143 -0.00104251 -0.00181875 -0.00146195 0.000175894 0.00113469 -0.00546331 -0.00747363 0.00268565 0.0011563 -0.0163872 0.013695 -0.00075117 0.011778 0.00438737 -0.00519087 -0.0257069 -0.00581082 -0.0299052 -0.00214964 0.0129659 -0.048986 -0.00444126 -0.016272 -0.00551737 0.0187639 -0.00127128 -0.0266252 -0.00534361 0.00236597 0.00429869 0.00204259 -0.017981 0.0194205 5.68089e-05 0.00039944 0.00371517 -0.00431507 -0.00535836 0.0206641 -0.0141186 
-0.0415135 -0.0012441 -0.0022322 -0.00137557 -0.00638854 -0.00704956 -0.000412817 -0.0135945 0.00480042 0.0123034 0.0520279 0.0308146 0.168505 0.0374889 0.000472576 -0.00118758 0.00103074 -0.0529994 -0.00159866 0.0482806 -0.029303 -0.00801003 0.00641397 0.0146456 0.0395659 0.0189877 0.00717295 -0.00100213 -0.00046429 9.37729e-05 -0.0488722 -0.0018574 0.00633093 -0.00169533 0.0369681 -0.0130332 -0.00764674 0.0017007 0.0519366 -0.000165056 -0.0133881 0.0395062 -0.00686283 0.0139615 -0.0046527 -0.00595474 -0.000769229 -0.00147455 -0.0267967 -0.0193626 -0.000247541 -0.00256269 0.000668774 0.000915137 0.0242163 -0.0154552 -0.0186236 -0.00012675 0.00549384 -0.0002857 -0.054919 -0.00199523 0.0136987 -0.000666262 -0.00113637 -0.00741496 -0.00533689 -0.00259304 -0.000655791 -0.026143 -0.0635499 -0.000260498 -0.0128254 0.00412491 0.0032884 0.00500628 -0.00312371 0.0281926 -0.00328026 0.0230674 -0.0364593 -0.00697866 -0.0698984 -0.00262385 0.000535688 0.00505279 -0.0152428 -0.00567235 0.000202074 -0.00490101 0.00142633 -0.00780888 -0.0145557 0.000591304 0.00106356 -0.0082878 -0.00171347 -0.00400413 0.0151527 -0.00544919 
-0.00108177 -0.00396197 0.0016353 -0.0033692 -0.0122904 -0.0127754 -0.000448009 0.013833 -0.00375451 -0.0320792 -0.0202467 0.0333837 0.0374889 0.222885 0.115017 0.00426292 0.000825226 0.0476869 0.00214231 0.0840191 -0.0596609 -0.0156952 0.0457821 -0.00956317 0.0742275 0.00848729 0.000475196 0.00158822 -0.00118476 -0.000341785 -0.0664278 -0.00970414 -0.0209125 -0.00399249 -0.00355029 -0.000472376 -0.0264014 -0.00202058 0.0222094 -0.000445727 -0.0226718 -0.0358916 -0.00399998 0.00148531 -0.0872155 -0.0613044 -0.00205358 -0.00629318 0.00559456 -0.0101542 -0.00151828 -0.00538394 -8.89494e-05 -0.00331688 -0.0510344 -0.0376577 0.0392194 -0.00102933 -0.00108038 -0.000208544 -0.0171567 -0.00538834 -0.00570602 -0.00185109 -0.011298 0.00585066 -0.0127541 -0.0208918 -0.00220875 -0.0499003 -0.050958 -0.00146625 0.0192208 -0.00121438 -0.00657234 0.000398556 -0.0112514 0.0127408 -0.00270683 -0.0104238 -0.0239039 -0.018986 0.081647 -0.00199999 0.0836379 -0.00231394 -0.0235295 -0.00918485 -0.00287071 -0.0206871 0.00279111 -0.0114401 0.00719049 -0.000373691 -0.000394045 -0.0125971 0.00339761 -0.0120169 0.0109066 0.00329893 
-0.0304644 -0.00289877 0.0039081 -0.00298561 -0.0130026 -0.0196222 0.000141796 0.0292243 0.0184255 -0.0415463 -0.0585384 0.051629 0.000472576 0.115017 0.248777 0.0242975 -0.00394806 0.11317 0.00350922 0.0189549 -0.068024 -0.0164963 0.070553 -0.0321868 0.102254 0.0257669 -0.0106851 0.0179503 -0.00109624 -0.00041205 -0.0896789 -0.00710556 0.00559153 -0.00302997 -0.0115335 -0.0568022 -0.0272321 0.00218276 0.0490015 -0.000366044 -0.0189178 -0.0763607 -0.0248874 0.0241941 -0.174505 -0.134921 -0.00170047 -0.00418431 0.0272651 -0.0461949 -0.000800776 -0.00295432 0.00323166 -0.00135787 -0.0814751 -0.0328329 0.136088 -0.000750673 0.000321424 0.000251639 -0.000810805 -0.00380811 -0.0113946 -0.00109402 0.00281058 -0.0230109 -0.0117284 -0.0114814 8.15264e-05 -0.0494747 -0.0283695 0.000746811 0.00620432 -0.0009321 -0.00595942 -0.0167548 -0.00175207 -0.0539951 -0.00283337 -0.0342283 0.0222544 -0.0150403 0.0919429 -0.0056204 0.164744 -0.00691909 -0.00228805 -0.0123346 0.00109249 -0.0162084 -0.00321934 -0.0167006 0.0196094 0.000127158 0.000763319 -0.00417282 0.00658871 -0.00510018 0.0264352 0.009149 
-0.020475 -0.000392751 0.000403943 -0.000532282 -0.00195692 0.00186848 0.000772865 0.0036777 0.030251 -0.00952911 -0.00768638 -0.00938463 -0.00118758 0.00426292 0.0242975 0.0629996 -0.00098529 -0.0111737 0.00177199 -0.0182551 -0.0111555 -0.00270836 -0.00638917 0.0296439 0.0123547 -0.00576248 0.000211329 0.025193 -0.000156081 -4.1289e-06 -0.0136984 -0.000178945 0.0185832 0.000919227 -0.00376047 -0.0382718 -0.00452716 0.00274605 0.00562102 0.000103777 -0.00395865 -0.0113725 -0.0366906 -0.00844852 -0.0317586 -0.0254316 -0.000174381 -0.000508642 0.0227104 -0.00386994 -1.39584e-05 -0.00115574 0.000931409 0.000579218 -0.0133891 -0.00487204 0.0257439 -0.000102144 0.00664199 -1.46623e-05 -0.00117727 6.16961e-05 -0.00172192 -5.69577e-05 0.00192537 -0.00463794 -0.00149948 -9.66804e-06 0.000994344 -0.00903916 -0.0168696 0.00189102 -0.00420284 0.00111727 -0.000581114 -0.00755369 0.00654907 -0.023117 -0.000563007 -0.0052539 0.0298823 -0.000599976 0.0100656 -0.0010576 0.0274729 -0.000750978 0.0107183 -0.00172764 8.3759e-05 -0.0025119 -0.000333792 0.00286249 -0.00383187 0.000855929 5.0716e-05 -0.000774524 0.00342209 0.00237697 0.00524927 0.00993605 
0.00651456 -8.82478e-05 -0.000313014 -2.00663e-05 -0.000484749 -0.00074276 5.23857e-06 -0.011456 0.00936773 -0.00205278 0.00712801 0.00381887 0.00103074 0.000825226 -0.00394806 -0.00098529 0.0155459 -0.00672246 0.00111059 -0.000559173 -0.00221271 0.0037769 0.00428573 -0.00486928 -0.00903001 -0.00113661 0.0109279 -0.0009151 -3.30274e-05 1.7208e-05 0.000645014 0.000450648 0.00174869 -6.96537e-05 0.0105043 -0.00590858 0.00459448 0.00047242 -0.00168487 1.65564e-06 0.0102887 -0.0032307 -0.0076484 0.000481561 -0.00367549 -0.00450324 -1.30822e-05 0.000739657 0.00148006 -0.00180878 1.56612e-05 0.00098195 -1.0731e-05 0.000240876 -0.00317263 -0.0011563 -0.00827771 3.11561e-05 5.20055e-05 -9.6425e-06 -0.00446682 0.00132806 -0.000201382 0.00064416 0.000125273 -0.000477637 -0.000358602 -0.00051297 -4.89487e-08 -0.00187491 -0.00385177 -1.39277e-05 -0.00120253 -9.35222e-05 -0.000204985 -0.00194854 -2.95624e-06 0.00647973 0.00441063 0.00300332 -0.00393865 0.000174275 -0.00362354 -0.000286024 -0.0072961 -0.000226144 -0.00159065 0.000634594 0.000602761 -0.000209429 0.00799519 -0.000729245 -0.00068321 7.54749e-05 -2.9016e-05 -9.36871e-05 -0.000108854 -0.000408445 -0.00091328 -0.000470897 
0.0322074 -0.00206868 -0.00571763 -0.000888868 -0.00519453 -0.0245885 -0.00150667 0.0344082 -0.0308637 -0.070403 -0.0779751 0.0457712 -0.0529994 0.0476869 0.11317 -0.0111737 -0.00672246 0.230287 -0.0016898 0.045739 0.0290866 -0.000144739 0.0282509 -0.0874859 0.000452965 0.00457432 -0.0197817 -0.0147595 0.000487233 -0.000661488 0.0182384 -0.00939271 -0.0293629 -0.00310061 -0.0299519 0.022514 -0.0133809 -0.00299472 0.0148627 -0.000388766 -0.00721278 -0.0962518 0.0380003 0.0122287 -0.0679467 -0.0432483 -0.00140353 -0.00185171 0.00117666 -0.043214 -0.000955266 -0.00397164 0.00244969 -0.00298952 -0.0876098 0.01081 0.0552348 -0.000334788 -0.00625821 -0.00029916 0.041467 -0.00418112 -0.0163992 -0.00259386 -0.00875633 -0.0104497 6.29743e-05 -0.00367348 -0.00150445 0.0237019 0.0740409 -0.00160134 0.0203989 -0.00392023 -0.00880788 -0.0215438 -0.00893622 -0.0544586 -0.00317893 -0.0461905 -0.00851886 -0.0127928 0.093142 -0.00701218 0.0657274 -0.00886194 -0.0143999 1.00929e-05 -0.000346966 0.00776045 -0.00611925 -0.0187914 0.0231549 -0.000898852 0.000214833 -0.00360137 0.00234188 -0.0147785 0.0156738 0.00372784 
-0.00100974 -6.66235e-05 0.00028424 2.96481e-05 -0.00019999 -0.000197861 0.000645263 -0.00127881 0.00375995 -0.000975168 -0.000181534 -0.00288715 -0.00159866 0.00214231 0.00350922 0.00177199 0.00111059 -0.0016898 0.0106612 -0.00245107 -0.00170776 0.000485783 0.00300341 0.000982178 0.000194394 -0.000654071 0.00247087 0.00204347 -2.0369e-05 1.06628e-05 -0.00127725 0.000172108 0.00299168 -7.57485e-05 0.000546379 -0.00381111 0.00135924 0.000113389 -0.000639855 -1.27212e-06 0.00079653 -0.00196867 -0.00468222 -0.000697132 -0.0041733 -0.00369982 1.01196e-05 -8.88864e-05 1.3255e-05 -0.000720515 -2.83626e-05 0.000433528 -8.4802e-05 6.39565e-05 -0.00196237 -0.000822676 0.00116019 -1.34812e-05 0.000344073 4.74605e-06 -0.00237268 0.000136563 -0.00036777 0.0002626 -0.000104818 -0.000535547 -0.000258847 -0.000329672 -2.21806e-05 -0.00123531 -0.00278116 6.24934e-06 -0.00112976 -8.8278e-05 -0.000123364 -0.00104096 -0.000200182 0.00129283 -3.46105e-05 -0.000379795 0.00170604 0.000525715 0.00265573 -0.000101243 0.00290841 -0.000116456 -0.000751635 0.00126062 -2.58075e-05 -0.000344346 0.00123583 -0.000485432 -0.000353857 5.45189e-05 -3.06775e-05 -0.000419275 0.000607524 -0.000142741 8.73777e-05 -0.000411884 
0.0733347 -0.00201903 -0.00206267 -0.00794892 -0.00250522 -0.0271306 -0.00184908 3.46113e-05 -0.0263003 -0.0297159 0.00656436 0.0419325 0.0482806 0.0840191 0.0189549 -0.0182551 -0.000559173 0.045739 -0.00245107 0.22343 -0.00245854 0.000631898 0.0275601 0.00549125 0.0237961 0.000375185 -0.00296469 -0.015954 0.000246663 -0.000441396 -0.0276741 -0.00851631 -0.0272854 -0.00487677 -0.00383729 0.0464481 -0.000108352 -0.000175442 0.0202826 -0.000539508 -0.0269518 0.0150673 0.0327222 -0.0274099 0.00233878 0.0248306 -0.00212899 -0.00111763 -0.0499423 -0.051445 0.000109391 -0.00833738 0.000402585 -0.00452305 0.00183345 -0.0047952 -0.0419335 -0.00100388 -0.00050534 -0.000426578 -0.0810833 -0.00598313 -0.00226536 -0.00235008 -0.01099 0.00680322 -0.0140815 -0.0217843 -0.00199187 -0.0152336 -0.0384254 -0.00152929 -0.00607444 9.73798e-05 -0.000716639 0.0159926 -0.0112872 0.0528617 -0.00748769 0.00231649 -0.0962866 -0.0230547 0.00616077 0.00153323 0.0060838 0.00189028 -0.00993507 -0.00222881 -0.000956028 0.00211094 0.000225284 -0.028686 0.000775254 -0.000908547 -0.000114756 -0.0174501 0.00209794 -0.0155133 0.0114727 -0.00228052 
0.0319601 0.00374953 -0.00302014 -0.00169575 -0.00347169 -0.00255139 -0.000334606 0.0054449 -0.0179633 -0.0102996 -0.0206912 -0.0115392 -0.029303 -0.0596609 -0.068024 -0.0111555 -0.00221271 0.0290866 -0.00170776 -0.00245854 0.137996 0.0144201 -0.0327579 -0.0387379 -0.0892823 -0.0140357 -0.00491111 -0.0101075 0.00137109 -0.000158566 0.0748675 -0.00166512 -0.00683399 0.000335174 -0.0107014 0.0398176 -0.00355645 -0.00136325 -0.0191308 -8.74343e-05 -0.00176367 -0.0173946 0.027877 -0.0136461 0.0801961 0.0884589 0.000193257 -0.00099996 -0.0212603 0.0190807 0.00116131 -0.00323224 -0.00133717 -0.00122503 -0.0186209 0.0513991 -0.07648 6.67588e-06 -0.00173178 -0.000255625 0.0475316 -0.0018181 0.000293274 -0.000838752 -0.00457889 0.00949923 0.00685784 -0.000288993 -0.000600574 0.063787 0.0864088 -0.000432694 0.00915005 -0.00133478 0.00376183 -0.0115435 -0.00341385 -0.0291152 -0.000669091 -0.00791702 -0.0257453 -0.00231855 -0.0080254 -0.00270548 -0.0764687 0.00157882 -0.0156472 0.00424041 -0.000709675 0.0225923 -0.00169263 0.00205338 -0.00294296 -0.000253048 -0.000296274 -0.00257265 -0.00458836 -0.00448808 -0.00943108 -0.00737288 
0.0140589 0.000688257 -0.000787069 0.000326536 -0.000771073 -0.00191315 -5.79755e-05 -0.00548758 0.000636103 -0.00574273 0.00669598 -0.00112101 -0.00801003 -0.0156952 -0.0164963 -0.00270836 0.0037769 -0.000144739 0.000485783 0.000631898 0.0144201 0.0409675 -0.00467644 -0.0134599 -0.0242846 -0.00309242 0.00338525 -0.00256637 0.00051716 -3.1191e-05 0.0240381 0.000347971 0.00102215 2.05458e-05 0.00285952 0.00550087 0.00425789 -0.000339919 -0.00446262 -2.04703e-05 0.0123395 -0.00820078 0.00201068 -0.00521684 0.0164526 0.013578 4.08212e-05 -0.000225444 -0.00451091 -0.00629498 -2.19718e-05 -0.000407883 -0.000359894 0.00111751 0.000488893 0.00784895 -0.0178429 5.62812e-05 -0.00045479 -6.37521e-05 0.0051954 0.000474861 -0.00134057 -9.4135e-05 -0.0010889 -0.00265112 -0.000786374 -0.000941267 -8.60633e-05 -0.00285014 0.0175873 -7.18128e-05 -0.00446665 7.48099e-05 -0.000111772 -0.00511128 -0.000682871 0.00412908 0.00105374 -0.00332702 -0.00590901 0.000945618 -0.00683521 -0.00077275 -0.0199578 -0.000544454 -0.00428125 0.00767273 -0.000133513 0.00616371 0.00299161 -0.00188606 -0.0024681 2.28007e-05 -0.000117517 0.00293493 -0.00117804 -0.000585543 -0.00211047 -0.00195814 
0.0337491 -0.00123796 0.00543726 -0.000719991 6.89844e-05 -0.00556061 -8.89521e-05 -0.000523746 0.0145218 -0.0123619 -0.0132905 0.00811758 0.00641397 0.0457821 0.070553 -0.00638917 0.00428573 0.0282509 0.00300341 0.0275601 -0.0327579 -0.00467644 0.164103 -0.0199031 0.0437079 0.0632049 0.00559786 -0.00243052 -0.000460366 -0.000124513 -0.0391793 -0.00107736 -0.00324683 -0.000909049 0.00409659 -0.0553294 0.000763021 -1.58434e-05 0.024671 -8.52009e-05 -0.00216533 -0.0281178 -0.0255361 0.00711107 -0.0919037 -0.0751375 -0.000603181 -0.00178838 0.00861192 -0.0330459 -0.000581149 0.00725102 -0.00167781 -0.000437283 -0.0255552 -0.0154996 0.0585714 -0.000247191 -0.000896759 9.762e-05 -0.0640314 -0.000626683 -0.00471573 0.00141069 0.000416358 -0.013644 -0.0054494 -0.00727843 -0.000609696 -0.0278671 -0.057762 -0.000482512 -0.020251 0.00117521 -0.0026741 0.00553465 -0.00355913 0.00796778 0.00758473 -0.0108386 -0.0306249 -0.00161165 0.0264861 -0.00287229 0.0883462 -0.0028631 0.00131613 -0.000996041 -0.000339136 -0.00386266 0.00577277 -0.0086685 -0.0137696 -0.000126192 0.0014515 -0.00798367 -0.000195626 -0.00515339 0.0148785 0.00454671 
-0.032484 0.000192729 0.00734703 -0.00324546 0.0150324 0.0158028 0.00109255 0.00314172 0.0235404 0.0476106 0.0329902 -0.0971905 0.0146456 -0.00956317 -0.0321868 0.0296439 -0.00486928 -0.0874859 0.000982178 0.00549125 -0.0387379 -0.0134599 -0.0199031 0.220797 0.0930564 -0.0149777 -0.00589102 0.033804 -0.000736125 -0.00042929 -0.0598042 -0.00365196 0.0058808 -0.00153743 -0.0213308 -0.0375452 -0.0124782 -0.000587014 -0.0243775 -0.000213779 -0.0297368 0.103438 -0.0534046 -0.0497013 0.00307622 -0.00691371 -0.00108843 -0.00107233 0.034773 0.00351447 0.000338755 0.00294673 -0.000826661 -0.00120768 0.0823586 -0.0202137 0.0158282 -0.000162332 0.00263691 0.00068841 -0.0712158 -0.00146256 0.00628148 -0.00144135 0.00303887 -0.00333374 -0.00775601 -0.00619138 -0.000826414 -0.0391207 -0.0884398 0.00144342 -0.0211472 -0.00193563 0.00428298 0.0178187 0.0117025 0.0222968 -0.00725243 0.0037371 0.0434677 -0.00798475 -0.0424032 0.0103243 0.0236525 0.00307865 0.0571712 -0.008417 -0.00157399 -0.0117005 -0.0032903 0.0121353 -0.0214003 0.000161448 -0.000897567 -0.013088 0.00704186 0.010484 -0.00975303 0.018876 
-0.0573504 -0.00325987 0.00424969 -0.0036219 0.00547469 0.0108376 -7.65117e-05 0.0282018 -0.00161231 0.026493 0.00109765 -0.026161 0.0395659 0.0742275 0.102254 0.0123547 -0.00903001 0.000452965 0.000194394 0.0237961 -0.0892823 -0.0242846 0.0437079 0.0930564 0.243756 0.0172647 -0.0174568 0.0133753 -0.00132267 -0.000639774 -0.119467 -0.00818597 -0.00903061 -0.00478375 -0.0160077 -0.0342216 -0.0280688 -0.0038644 0.0314295 -0.000287177 -0.0519039 0.0476724 -0.0164554 -0.0160175 -0.113896 -0.0977119 -0.00218675 -0.00257841 0.0190932 -0.0181581 -0.00149197 0.00211291 0.00234735 -0.00245622 0.0418425 -0.0427077 0.117459 -0.000743727 -0.0049458 0.000399207 -0.0559563 -0.00535146 0.000447295 -0.00280918 0.00103685 -0.0154841 -0.0146166 -0.0128376 -0.00174679 -0.0760189 -0.0962289 -4.07537e-06 -0.025234 -0.00253672 -0.00277256 0.0264119 0.000719099 0.0296854 -0.00927464 -0.0226396 0.0342099 -0.0156705 -0.00520394 0.00324202 0.132201 -0.00573354 0.0186661 -0.0158604 -0.00258229 -0.0209203 -0.00586069 0.0075248 -0.0134426 -0.000285103 -0.000586888 -0.0185216 -0.00197672 0.00535446 0.016752 0.00045699 
-0.00345133 -0.000527787 0.00572892 -0.000746598 -0.00111969 -0.0014801 -0.000123624 0.00259576 0.00492313 -0.00811225 6.24902e-05 0.0097098 0.0189877 0.00848729 0.0257669 -0.00576248 -0.00113661 0.00457432 -0.000654071 0.000375185 -0.0140357 -0.00309242 0.0632049 -0.0149777 0.0172647 0.0895581 -7.16127e-06 -0.000674434 -0.000171752 -0.000114045 -0.00990954 0.00155481 -0.000562874 -0.000280765 0.00364532 -0.0516409 -0.00385825 8.45868e-06 0.0286343 -2.71147e-05 -0.000473484 -0.013746 -0.0219803 0.0118 -0.0368436 -0.0310543 -0.000192016 -0.000861301 0.0146705 -0.0158181 -0.00030987 0.00784718 -0.0001899 0.0010368 -0.0102548 -0.00718892 0.0298376 -0.00012893 -0.000471117 -0.000107883 -0.0273433 -0.000677999 -0.00153331 0.0011106 0.00171385 -0.00536507 -0.00231335 -0.00313277 -0.000254193 -0.0119544 -0.0261192 -0.000249767 -0.0112791 0.00239342 -0.000642419 -0.00211133 -0.000998496 -0.0265474 0.00202193 -0.00220657 -0.0113128 0.00386485 -0.00783637 -0.00178272 0.0375862 -0.000119389 0.00227262 0.000483042 -8.13229e-05 0.00191648 -0.000800986 -0.00429099 -0.00686869 0.000246037 0.00190322 -0.00311777 -0.000574101 -0.00269203 0.0153435 0.00316368 
0.0149808 -0.000198639 -0.000622094 -0.000441044 -0.000937026 -0.00151866 0.000349189 -0.0238292 0.0161525 -0.00410934 0.0150399 0.00910759 0.00717295 0.000475196 -0.0106851 0.000211329 0.0109279 -0.0197817 0.00247087 -0.00296469 -0.00491111 0.00338525 0.00559786 -0.00589102 -0.0174568 -7.16127e-06 0.0314536 0.000708336 -2.35485e-05 0.00071198 -0.00181586 0.0036796 0.00667326 0.000908639 0.019204 -0.0087149 0.00917472 0.000273044 -0.00159676 -1.24676e-05 0.0100164 -0.00545609 -0.0189237 -0.00499007 -0.002231 -0.00971428 -5.59049e-05 3.11004e-05 0.00333952 -0.00508843 -8.50024e-05 0.000834979 -0.00021101 0.000511877 -0.00631239 -0.00236484 -0.0126345 1.28791e-05 0.00260199 2.48525e-06 -0.0102743 0.00267802 0.00391707 0.000744387 -0.000726115 -0.00155897 -0.000860567 -0.000504916 0.000129597 -0.00427502 -0.00961366 5.40025e-05 -0.000375082 0.00119076 -0.000429975 -0.00241212 0.00125161 0.0114152 0.00272308 0.0144981 -0.00347638 0.00287562 -0.00751741 -0.000452869 -0.0103964 0.00170762 -0.00151271 0.00347633 -0.000103796 0.00183437 0.0093794 -0.0015006 -0.00166338 0.00055378 -1.77022e-05 -0.000542064 0.000117367 -0.000384434 -0.00185301 -0.000520132 
-0.0131691 -0.0003575 0.0082803 -4.79483e-05 7.04265e-05 -0.00225214 0.000209625 0.0023982 0.0324439 -0.00871846 -0.00751429 -0.0154147 -0.00100213 0.00158822 0.0179503 0.025193 -0.0009151 -0.0147595 0.00204347 -0.015954 -0.0101075 -0.00256637 -0.00243052 0.033804 0.0133753 -0.000674434 0.000708336 0.0574581 -0.000145055 3.5186e-05 -0.0136471 0.00040565 0.0174105 0.000829872 -0.00403173 -0.0412899 -0.00414674 0.0019956 0.00409529 -3.37913e-05 -0.0051894 -0.0109178 -0.0469986 -0.00984234 -0.0300446 -0.0232442 -0.000252761 -0.000603117 0.0217198 -0.010408 -0.000125796 0.00366222 -0.000426189 0.000152636 -0.00856153 -0.00462894 0.0242182 -4.69129e-05 0.00457434 4.55004e-05 -0.0120283 0.000822346 -0.00157282 0.000158646 0.00446232 -0.00376497 -0.00143347 0.000737195 0.00063186 -0.00823635 -0.0159997 0.00214758 -0.00574195 0.000652574 -0.00066956 -0.00767056 0.0069613 -0.022682 -0.0015549 -0.00453599 0.0354996 -0.0011042 5.90893e-05 0.00111174 0.0284046 -0.000817457 0.0302959 -0.00156217 -3.51639e-06 -0.00215926 -0.000290261 -0.00213954 -0.00419204 0.000682409 -0.000156936 -0.0019974 0.00915022 0.00438675 0.00130411 0.00864567 
0.00112915 -1.40196e-05 -4.5089e-05 -2.07096e-05 -3.24789e-06 -0.000106072 -6.36586e-06 4.0032e-05 -0.000249812 -0.000352071 -0.000286854 -0.000422257 -0.00046429 -0.00118476 -0.00109624 -0.000156081 -3.30274e-05 0.000487233 -2.0369e-05 0.000246663 0.00137109 0.00051716 -0.000460366 -0.000736125 -0.00132267 -0.000171752 -2.35485e-05 -0.000145055 0.00240379 6.50838e-06 0.00160479 -3.31706e-05 -8.43443e-05 4.75294e-05 -0.000120212 0.000521818 -0.000123204 -1.99607e-05 -0.000235352 -2.04077e-06 -0.000180906 -0.000518045 0.000312333 -0.000153566 0.00116306 0.00125034 3.53843e-05 3.54279e-06 -0.000336594 -0.000127133 -4.94831e-06 -4.87338e-05 -2.13499e-05 -1.69628e-05 -0.000452124 0.00106778 -0.00125731 4.03056e-06 -2.64796e-05 -3.86262e-06 9.76657e-05 -1.13976e-05 -2.73521e-05 -1.21874e-05 -6.87253e-05 7.28823e-05 -5.73778e-05 -7.72693e-05 -5.69927e-06 0.000753982 0.00116665 -6.31133e-06 -0.000227167 -1.03719e-05 -3.51071e-05 -7.52382e-05 -4.32093e-05 -0.000291223 0.000148301 -0.000117867 -0.000591108 -1.47706e-06 -0.000119244 -3.71464e-05 -0.00112075 -1.87199e-05 -0.000234514 4.35057e-05 -1.03708e-05 0.000462086 -2.47539e-05 -0.000102226 -0.000136983 -2.24564e-06 -5.29395e-06 -3.47074e-05 -6.65927e-05 -5.54675e-05 -0.000139682 -0.000102436 
0.000123396 -3.42652e-06 -2.48926e-05 1.44452e-05 -2.67976e-05 -6.57968e-05 0.000141261 -0.000873525 0.00020022 0.000365093 0.000322912 0.000572535 9.37729e-05 -0.000341785 -0.00041205 -4.1289e-06 1.7208e-05 -0.000661488 1.06628e-05 -0.000441396 -0.000158566 -3.1191e-05 -0.000124513 -0.00042929 -0.000639774 -0.000114045 0.00071198 3.5186e-05 6.50838e-06 0.00147453 -0.000321843 0.000333009 0.000404123 8.14197e-05 0.000691257 -4.88096e-05 0.000226267 1.0445e-05 0.000543428 3.82657e-07 2.91561e-05 -4.54729e-05 -0.000637689 0.000218621 -0.000343041 -0.000331007 6.27354e-05 -1.22399e-06 -0.000114304 2.78671e-05 2.20189e-05 -1.30849e-06 3.75825e-05 -9.00092e-06 -0.000106587 -8.02641e-05 -0.000293039 3.60894e-06 -7.2202e-06 -1.61163e-06 -0.000277519 0.000251843 6.33089e-06 3.40236e-05 0.000126994 -3.94543e-05 -3.40189e-05 -3.2313e-05 8.3577e-05 -0.000156716 -9.15981e-05 -9.67867e-07 -2.71056e-05 0.000302411 -1.3084e-05 -0.000179236 7.22553e-05 -0.000404188 -5.14689e-07 0.000449358 -0.000293581 0.000190973 -0.00058495 -1.14402e-05 -0.00029297 3.84956e-06 1.53605e-05 1.12762e-05 -2.02832e-06 0.000136692 0.000124363 -6.59296e-05 0.000422069 3.57446e-05 -2.8549e-07 0.000127015 4.24446e-05 0.000107568 -5.61194e-05 -6.66731e-05 
0.0449742 -0.000454515 -0.00417009 0.00373107 -0.00735226 -0.00321428 -0.000293064 0.00746324 -0.0151338 -0.0390416 -0.0107126 -0.0212047 -0.0488722 -0.0664278 -0.0896789 -0.0136984 0.000645014 0.0182384 -0.00127725 -0.0276741 0.0748675 0.0240381 -0.0391793 -0.0598042 -0.119467 -0.00990954 -0.00181586 -0.0136471 0.00160479 -0.000321843 0.191987 0.00664721 -0.004095 0.00361202 -0.00740365 0.0334161 0.01945 -0.00212197 -0.0252652 -0.000137786 0.0351696 -0.0475901 0.0258674 0.0169064 0.102531 0.0889436 0.00228389 0.00152662 -0.00766842 0.0181716 -0.000450962 -0.00328657 -0.001831 4.93157e-06 -0.0286192 0.0309093 -0.0890371 0.000314641 -0.00299828 -0.000410939 0.0526287 -0.000322694 -0.00892268 0.000197132 -0.00661662 0.0255511 0.0173031 0.0137176 -8.44403e-05 0.0618913 0.0742409 -0.000577886 -0.0109128 -0.00223267 -0.00331441 -0.0151305 -0.00404953 -0.0122439 0.00405672 -0.010824 -0.0204332 0.0208224 0.0164734 -0.00390913 -0.0996989 -0.00223651 -0.0223261 0.0174324 -0.00108834 0.0195892 -0.00196205 0.000186785 -0.00625954 -0.000239408 -0.000543679 0.00281101 -0.00631395 -0.00191441 -0.0146542 -0.00912664 
0.00183054 0.000134788 0.0003828 0.000151912 -0.000228491 -0.000465042 4.22117e-05 -0.00673564 0.00655172 -0.00163866 0.00599275 0.00156411 -0.0018574 -0.00970414 -0.00710556 -0.000178945 0.000450648 -0.00939271 0.000172108 -0.00851631 -0.00166512 0.000347971 -0.00107736 -0.00365196 -0.00818597 0.00155481 0.0036796 0.00040565 -3.31706e-05 0.000333009 0.00664721 0.0153266 0.00236267 0.00332089 0.00458676 -0.0043454 0.0111254 -1.49816e-05 0.00167172 4.46967e-06 0.00643406 0.000741115 -0.00572125 0.00329167 0.00284326 -0.00278059 0.00021048 0.00145124 0.00052285 -0.00249969 -4.79158e-05 0.00023299 -7.65245e-05 0.000132635 0.000341043 -0.000182655 -0.000502946 2.36612e-05 -7.17975e-05 -8.43502e-06 -0.00321347 3.10758e-05 -0.000175671 0.000271407 -0.000425775 -0.000716572 0.000156095 0.00406155 0.000407534 -0.00178484 -0.00273877 -3.80123e-05 -0.00143053 0.000129898 -0.000148193 -0.00190004 0.000137125 -0.00269944 -4.17611e-05 0.00510927 -0.00140877 0.00955798 -0.00682128 -7.50122e-05 -0.00616299 -5.29702e-06 -0.000335335 0.00337578 -4.75962e-05 0.000544054 -4.17738e-05 -0.00067932 -0.000989531 0.000161781 -3.96972e-05 3.85658e-05 -2.4463e-05 0.00128476 -0.000840991 -0.000658469 
-0.012442 -0.000376199 0.000337867 0.00117946 -0.00175244 -0.00274059 0.00133643 -0.00360068 0.0252169 -0.0015821 -0.000788217 -0.00119217 0.00633093 -0.0209125 0.00559153 0.0185832 0.00174869 -0.0293629 0.00299168 -0.0272854 -0.00683399 0.00102215 -0.00324683 0.0058808 -0.00903061 -0.000562874 0.00667326 0.0174105 -8.43443e-05 0.000404123 -0.004095 0.00236267 0.0569804 0.00109674 0.00745872 -0.0265456 0.000493526 0.00584844 0.00762237 -2.51973e-05 0.00415477 -0.0122856 -0.0264997 0.00200578 -0.0150803 -0.0153817 0.00024003 -0.000501036 0.00455513 1.84877e-05 0.000225984 0.000728658 -0.000366525 0.00213712 -0.0103204 -0.000379042 0.0125659 0.000204922 0.0062548 -4.35832e-05 -0.00299189 0.00363224 -0.00140319 0.00189278 0.012665 -0.00224043 0.00101799 0.000585667 0.00129427 -0.00572917 -0.0100139 0.00209847 -0.00581933 0.00259983 -7.49643e-05 -0.00762759 0.00972386 -0.016679 -0.000338711 0.000258224 0.0199044 0.0052794 -0.0111452 -0.00106051 0.00528824 -0.00025903 0.0101105 0.000347431 0.00263059 -0.00142848 0.00123975 -0.00209441 -0.00034611 0.00109832 8.72307e-05 1.68468e-05 0.00180784 0.00814574 -0.0021251 0.00330771 
-0.00247903 -8.63987e-06 0.000451268 0.000262197 -0.000345928 0.000736082 2.36487e-05 -0.000452671 0.00455478 -9.52816e-05 0.00170222 0.00189332 -0.00169533 -0.00399249 -0.00302997 0.000919227 -6.96537e-05 -0.00310061 -7.57485e-05 -0.00487677 0.000335174 2.05458e-05 -0.000909049 -0.00153743 -0.00478375 -0.000280765 0.000908639 0.000829872 4.75294e-05 8.14197e-05 0.00361202 0.00332089 0.00109674 0.00939231 0.00198728 -0.00453856 0.00346809 -3.23712e-05 0.000795773 -1.28637e-06 0.00255371 -0.00159894 -0.0040397 0.00079097 -0.00029327 -0.00315574 0.000543919 -7.6933e-05 -0.000180884 -0.000505921 -2.62169e-05 0.000191313 3.01175e-05 4.49752e-05 -0.00189559 -0.000646582 0.00227272 6.27265e-07 4.14278e-05 -1.10446e-05 -0.00146979 4.91743e-06 -0.000200456 7.9423e-05 0.000276905 -0.000128814 0.000308043 0.00367471 0.000276848 -0.000878277 -0.000752468 0.000318886 0.00028447 8.88463e-05 -0.000100953 -0.00113787 0.000774155 -0.00172947 0.00143091 6.84773e-05 0.00146114 0.00494239 -0.00389458 -0.000161031 -0.00165468 -0.00012042 3.04032e-05 0.00114067 0.000116753 -0.00030867 -8.10222e-05 3.99713e-06 -0.000370421 3.24373e-05 5.87073e-05 -0.000247486 -0.000135932 0.000520861 -0.000431519 -0.000262734 
