0.169055 0.0125426 0.0487869 0.120519 0.0138408 -0.117414 -0.00993354 -0.00369499 -0.0133092 -0.00022288 -0.00526369 -0.0272651 -0.0230352 4.81572e-05 0.102104 -0.0162956 0.0852806 -0.00156063 0.0981623 -0.00268233 0.0287496 0.105023 0.00658948 -0.000244249 -0.0162122 -0.0033167 0.0116111 -0.00743182 4.90589e-06 -0.00137157 0.00174707 -0.0849951 -0.000785162 -0.0218763 -0.0291494 -0.000938069 0.0120737 -0.0247514 -0.00147481 -0.000793435 0.0959761 4.37282e-05 0.0961306 -0.00554033 -0.00519418 -0.00632928 0.00468022 -0.00890393 -0.00642977 -0.00624452 -0.00533123 -0.0174241 -0.0487174 0.0117318 -2.4647e-05 -0.00902778 2.06262e-05 -0.000812933 -0.00560581 -0.0716958 1.02382e-05 0.00181636 -0.00321998 -0.000492273 -0.00870902 -0.0264383 -0.00737796 -0.0881688 -0.00059106 -0.0328367 0.000216936 -0.0992537 -0.000464836 5.71378e-06 -0.000305345 -0.0602405 0.000551943 0.000158053 -0.100983 -0.0361334 -0.00098801 0.000118752 0.0899752 -0.00291953 -0.0046208 -0.000103796 -0.00716743 0.124846 -0.000145032 -0.00699821 -0.00116712 0.000291513 -0.0104391 0.0797841 3.46424e-05 0.0101644 -0.01509 -0.0768844 -0.129993 0.000335493 
0.0125426 0.0171601 0.0108127 0.00983587 0.00506541 -0.0129257 -0.000887084 -0.00671306 -0.00135978 -1.2136e-05 -0.000423856 -0.00225493 -0.00231237 1.67756e-05 0.0108936 -0.000671503 0.00575805 -0.00126312 0.0112407 -0.000800367 0.0110512 0.0105809 -0.000295026 -4.08974e-06 -0.00129965 0.000151519 -0.000499158 -0.000534828 -3.29749e-06 -0.000140465 -0.000404385 -0.00770997 -8.90324e-05 -0.00181714 -0.00487885 -2.19145e-05 9.88353e-05 -0.00181611 -6.57267e-06 0.000216624 0.00479895 -4.56498e-05 0.00912352 -0.000698033 -0.000634922 -0.000420527 9.1767e-05 -0.00239006 -0.00125697 -0.00878937 -0.00044023 -0.00317818 -0.00678876 0.000390212 1.51761e-05 -0.0020649 -4.9513e-06 -5.50886e-05 -0.000307313 -0.00619631 3.81548e-05 -0.000467506 -0.000257316 2.70793e-06 -0.000742677 -0.00207561 -0.000355408 -0.00947033 -6.13807e-05 -0.00284209 1.00909e-05 -0.0108478 -4.0303e-05 3.40053e-06 -2.85908e-05 -0.00411335 0.000120225 -5.71936e-05 -0.00890122 0.00148158 6.85292e-05 2.56579e-05 0.000443823 -0.000310468 -0.00036367 5.75797e-07 -0.000622284 0.0132699 -2.77843e-05 -0.000517017 -0.000515441 2.00278e-05 -0.00107508 0.00494273 6.61068e-06 0.00109267 -0.00128122 -0.00356332 -0.0106972 0.000278984 
0.0487869 0.0108127 0.10165 0.0464946 0.0079472 -0.0629678 -0.00663549 -0.0357157 0.00283901 0.00205707 -0.00202445 0.00508208 0.00343429 8.23953e-06 0.0398836 -0.000740201 0.0384027 -0.00145483 0.0637954 -0.00187987 0.0331175 0.0516659 0.000876796 -9.60121e-05 -0.00265965 -0.00189034 -0.00622841 -0.00396532 -5.11857e-05 -0.000249017 -0.00702132 -0.0646654 -0.000621753 -0.0074963 -0.0411772 -0.000447974 -0.000344917 -0.00372388 -0.000233893 0.000587012 0.0362645 0.00033177 0.0380651 -0.000474072 -0.00283261 0.000732524 -0.00253358 0.0032461 -0.00414482 -0.0388441 0.00400883 0.00233099 -0.05409 -0.000762053 -1.4707e-05 0.000259305 -0.000348181 0.00111683 -0.0013723 -0.0368779 3.80508e-05 -0.00455077 -0.00175001 -0.000246372 -0.00536464 -0.00416631 0.000629329 -0.0303469 -0.000163974 -0.00104424 -0.000346299 -0.0427229 -7.9524e-05 4.99581e-06 -0.000209999 -0.0130861 0.00032953 -0.000530662 -0.0525029 -0.0348279 0.00133205 6.38184e-05 0.0221127 0.00739866 0.00147406 0.000101647 -0.00595811 0.049006 -0.000260561 -0.000694353 0.0145467 0.000386762 0.00689556 0.0377434 -2.84068e-05 0.0031119 -0.00571348 -0.0497248 -0.0404284 0.000361186 
0.120519 0.00983587 0.0464946 0.238116 0.0102848 -0.0958511 0.0356755 0.0251729 -0.0301737 0.00317829 0.0105356 -0.00250313 -0.0328098 1.95968e-05 0.0946006 -0.0411814 0.0731265 -0.000160785 0.0802238 -0.00579014 0.0239522 0.0971353 0.00796924 -0.00023007 -0.0134864 -0.00406748 0.0420688 0.0207533 0.000146681 -0.00188456 -0.00372364 -0.08431 0.000247109 -0.0155598 0.000594659 -0.000963589 0.00861937 -0.0510089 0.00238055 -0.00242728 0.0839084 0.000926702 0.0795085 0.0132549 -0.00275985 -0.00918499 0.00905121 0.0237115 0.00341881 -0.0702302 -0.00357601 0.0624591 -0.0904999 0.0220043 -5.15195e-05 -0.0232787 -0.00099242 0.000879046 -0.00809331 -0.0886627 -2.01843e-05 0.000870498 -0.00596387 -0.000102618 0.0289841 -0.0457596 -0.0121 -0.12238 -0.000227897 -0.026924 -0.000184675 -0.114705 -0.000472597 -4.15119e-06 -0.000632089 -0.109645 0.00106296 0.0014578 -0.0956043 -0.0959567 0.000146565 3.11564e-05 0.0742287 0.000865041 2.41118e-05 0.00020528 0.0304446 0.094398 -0.000467464 0.0127334 0.00628485 0.000296951 -0.0102631 0.0709568 0.000265749 0.0116569 0.0272591 -0.124033 -0.163866 -0.000171047 
0.0138408 0.00506541 0.0079472 0.0102848 0.0197631 -0.0134634 -0.000996969 -0.00677096 -0.00160504 5.31272e-05 -0.000563425 -0.0029686 -0.00237788 2.37197e-05 0.0109808 -0.00215311 0.00707364 -0.000826774 0.00805799 -0.000694745 0.00685028 0.00912719 -0.000120071 -3.19964e-05 -0.00117258 0.000654214 -0.000128074 -0.000637199 1.10241e-05 -0.000159919 0.00071283 -0.0044258 -0.000113631 -0.00190003 -0.00190527 -5.7964e-05 3.80772e-05 -0.00202257 -0.000150836 -0.000213381 0.0032009 8.72418e-06 0.00942596 -0.000637526 -0.000703155 -0.000629918 -0.000167182 -0.00227946 -0.000793384 -0.00358608 -0.000537314 -0.00231361 -0.00350011 0.000847697 -2.67095e-06 -0.00204946 -7.56244e-05 2.23412e-05 -0.000598586 -0.00565301 -1.47522e-06 -0.000774511 -5.93208e-05 -2.03781e-05 -0.000881819 -0.00223944 -0.000273934 -0.0121741 -2.92589e-05 -0.00342285 4.37375e-05 -0.0112763 -2.03559e-05 3.04101e-07 -1.46041e-05 -0.0057168 0.000231205 -0.000107142 -0.00921386 -0.00122482 -0.000135876 4.16418e-06 0.00115263 0.000171332 -0.000450888 -1.23683e-05 -0.000823252 0.0128039 4.47761e-05 -0.000716808 -0.000671236 9.56145e-06 -0.00114161 0.00105623 -8.55714e-06 0.00202709 -0.0014179 0.00224219 -0.0121137 0.000153641 
-0.117414 -0.0129257 -0.0629678 -0.0958511 -0.0134634 0.159819 0.0112571 0.0245645 0.00893902 -0.00423573 0.00161216 0.0230616 0.012902 -4.58165e-05 -0.0857913 0.00220316 -0.092634 0.00341359 -0.107075 0.00307663 -0.0266966 -0.117518 0.00177911 -7.06938e-05 0.0136263 0.00262238 0.00265863 0.00617444 -0.000150921 0.00153529 0.000277975 0.0960171 -1.49956e-05 0.0201793 0.042679 0.000756616 -0.0169378 0.0204882 0.000529396 6.79925e-05 -0.109148 -0.00227259 -0.102111 0.00724892 0.00476179 0.00216064 0.0018181 0.0220911 0.00574989 0.00796149 -0.0020332 0.00084538 0.080041 -0.0161052 -0.0001036 0.00944586 0.000605343 0.00058553 0.00517669 0.0562291 -3.58983e-05 0.000448281 0.000660307 0.000414787 0.00928962 0.00847412 -0.00124172 0.0990476 -0.00047263 0.0269906 -0.000770019 0.108559 -5.97915e-05 -1.45732e-05 0.000118845 0.0401216 -0.000929834 -0.000682134 0.0951434 0.040189 -0.00195441 -0.000200841 -0.0905843 -0.0147153 0.00172915 -0.000190585 0.00997282 -0.122506 0.000293406 0.003791 -0.000602425 -0.0003783 0.00721925 -0.0911032 -6.44008e-06 -0.00845688 0.0149604 0.0808112 0.108127 -0.00085127 
-0.00993354 -0.000887084 -0.00663549 0.0356755 -0.000996969 0.0112571 0.0629994 0.00825645 -0.00292854 0.00227297 0.0177059 0.00419539 -0.00605811 -1.4153e-06 -0.0171251 -0.00817302 -0.0273331 -3.01422e-05 -0.00822906 -0.00292179 -0.00228605 -0.00559868 -0.000537637 0.000546007 -0.00403789 -0.000321975 0.0329967 0.0311999 9.94367e-05 -0.000482716 -0.00400614 0.0160084 6.23534e-05 0.0161563 0.0203405 -0.000288805 -0.00169354 -0.0055042 8.99786e-05 0.0018169 -0.00833085 0.000823278 -0.00943632 0.0115057 -0.0025342 -0.00198654 0.000628144 -0.00494788 -0.00344221 -0.0480162 -0.00189059 0.0444995 -0.0298887 -0.00156685 0.000118886 -0.00332094 -0.000127367 -6.13221e-05 -4.5333e-05 -0.0133817 -1.82371e-06 0.00290305 -0.0010541 0.000267385 0.0442695 -0.00827777 -0.00250017 -0.0369807 0.000677485 -0.00420458 -0.000194572 -0.0113516 -2.92168e-05 -1.76382e-06 -0.000100177 -0.0179533 -3.91086e-05 0.000355814 -0.00784513 -0.0397355 0.000163962 -3.77104e-05 -0.00570692 -0.00152961 0.00549758 7.83035e-05 0.0445756 -0.010525 2.13427e-05 0.00246752 -6.45464e-05 -2.48749e-05 -0.0036603 -0.00713023 4.95175e-06 0.00570254 0.0476299 -0.0375353 -0.032448 5.04402e-05 
-0.00369499 -0.00671306 -0.0357157 0.0251729 -0.00677096 0.0245645 0.00825645 0.149799 -0.0601335 -0.00430235 -0.00057854 -0.0388371 0.00246158 -1.40202e-05 0.0178435 -0.027161 -0.00393472 0.00266226 -0.0241012 -0.00295761 -0.0178015 -0.0105351 -0.00128951 -0.000262612 0.0055949 -0.00843372 0.0133268 0.00530004 -3.87661e-05 -0.00461703 -0.0063208 0.0860913 0.000168703 0.0164814 0.0671025 -0.000118531 0.000344584 -0.0788501 -0.000790446 -0.00888509 -0.0030397 -0.00135997 -0.0150143 -0.00913897 0.00524635 -0.0197687 0.00445193 0.00366707 0.00977096 0.0564781 -0.0139409 0.0257354 0.0272727 0.00899089 -0.000105862 -0.0734557 -0.000844034 7.23776e-05 -0.0140007 -0.00679753 -6.45578e-05 -0.0118429 -0.012477 0.000222182 0.00667962 -0.025699 -0.0142825 0.0307447 -0.00185444 -0.0550939 0.000177201 -0.0103574 -0.000539277 -2.34302e-05 -0.00114406 -0.0163578 -4.37865e-05 0.000680889 0.0845989 0.00809602 -0.00534075 -0.000124789 0.00794958 -0.0138011 -0.00665302 -0.000152103 0.00908208 -0.00994008 4.02243e-05 0.00453527 -0.0130827 -0.000322684 -0.0328572 -0.00807942 -2.10037e-06 -0.00643103 0.00424279 0.0432903 -0.00898896 -0.00131586 
-0.0133092 -0.00135978 0.00283901 -0.0301737 -0.00160504 0.00893902 -0.00292854 -0.0601335 0.0770268 -7.43152e-05 0.000362369 0.0320194 0.00317189 -6.54787e-06 -0.0264232 0.0183234 -0.0158061 -0.00032725 -0.00691832 0.000691636 -0.00164371 -0.0131415 -0.000298589 0.000342162 -0.00612772 0.00266507 -0.00688574 -0.00251262 -3.86528e-05 0.000131386 -0.00240758 -0.0401868 4.42601e-05 -0.00901268 -0.030327 -2.21447e-05 -0.00183059 0.0538184 0.00113933 0.00714056 -0.0118978 -0.000343079 -0.00841261 -0.00184169 -0.00331012 0.00812367 -0.00197661 -0.00475361 -0.00614569 -0.02398 0.0030704 -0.0156515 0.0085241 -0.00531853 6.363e-05 0.0447523 0.00053814 -0.000259304 0.0109667 0.00645302 8.58836e-06 0.00994219 0.00350005 -0.000145051 -0.00234139 0.0145065 0.00700793 0.00139004 0.000943096 0.0364477 -0.000267274 0.0230378 -9.60402e-05 3.86639e-06 -3.07813e-05 0.0179554 -0.000172415 -0.000463973 -0.0407363 0.0051395 -0.00018153 -2.57938e-05 -0.0105485 -0.00130194 0.00546493 6.84651e-05 -0.00370389 -0.0109684 5.26412e-06 -0.00293682 0.00846446 -2.47068e-05 0.0106845 -0.00969295 -4.78267e-05 -0.00170498 0.00134945 -0.0177446 0.0226699 0.000790226 
-0.00022288 -1.2136e-05 0.00205707 0.00317829 5.31272e-05 -0.00423573 0.00227297 -0.00430235 -7.43152e-05 0.0137609 0.00102782 -0.00152162 0.00206376 2.07767e-06 -0.000521804 -0.00151656 0.00150178 -0.000580414 0.00248905 -0.000696884 0.00053765 0.00268403 0.000117953 -1.16224e-05 -0.000591984 -0.000244352 0.0035117 0.000802562 0.000126133 -2.13716e-05 -0.000236577 -0.000708868 0.000466797 0.00438767 0.000634663 -6.84591e-05 -4.30769e-05 -0.000577904 -1.65001e-05 -9.56342e-05 0.00194375 0.00166565 0.00182723 0.000135666 -0.000530397 -0.000402181 -0.000299813 -0.00160929 -0.000936394 -0.00296467 -0.000135213 0.00572147 -0.00291652 -0.000430513 1.63078e-07 0.000922894 1.87351e-05 6.12409e-05 -7.66197e-05 -0.00252533 -1.20341e-06 -0.000378359 0.00024086 -7.51655e-06 0.00229621 -0.00146946 -0.000361257 -0.00666915 0.000758657 -0.00188078 0.000468356 -0.00441527 -1.36221e-05 5.76703e-07 -2.43713e-05 -0.00128871 9.05757e-05 8.89357e-05 -0.00384199 -0.00459716 0.000999132 -1.80639e-06 -0.000956161 0.00446179 0.000425187 1.59873e-05 0.0018855 -0.000196405 4.46446e-05 -0.00050372 -0.000341003 5.96929e-05 -0.00070761 0.00111606 -4.42326e-06 -0.000165469 0.00168539 -0.00534251 -0.0063138 -5.58946e-07 
-0.00526369 -0.000423856 -0.00202445 0.0105356 -0.000563425 0.00161216 0.0177059 -0.00057854 0.000362369 0.00102782 0.0286987 0.000982284 -0.000880843 -2.44209e-06 -0.00872197 -0.0028917 -0.0100307 -0.000620226 -0.00176395 -0.000599482 -0.00123864 -0.00302724 -0.000325122 0.000661313 -0.00180047 9.11303e-05 0.00870339 0.0142216 0.000150023 -0.000235984 -0.00127425 0.00439775 0.000906222 0.0013063 0.00277048 -7.51312e-05 -0.000693498 0.00220689 -5.38916e-05 0.00019352 -0.00320864 0.000556222 -0.00397677 0.00581364 -0.00116378 -0.000617656 2.37757e-05 -0.00375631 -0.00163425 -0.0167996 -0.000587879 0.0157314 -0.00860226 -0.00132688 0.000126428 0.00157096 -9.54419e-05 -9.63261e-05 0.000644978 -2.18572e-05 -1.24645e-06 0.00222456 -0.000335615 -5.17272e-05 0.0160244 -0.00255792 -0.000838337 -0.0151212 0.000867837 -5.62574e-05 -8.25369e-05 -0.00315796 0.000185326 1.22494e-06 -2.75921e-05 -0.00650128 -1.0979e-05 -2.13024e-05 -0.0123148 -0.0145267 0.000228447 -1.56049e-05 -0.0035416 0.00154178 0.00587356 7.96817e-05 0.013896 -0.00448458 1.1709e-05 -0.000329491 -0.000951471 -3.80513e-06 -0.00067293 -0.00243631 -1.3132e-05 0.00193417 0.0164737 -0.0159086 -0.0116404 0.000237416 
-0.0272651 -0.00225493 0.00508208 -0.00250313 -0.0029686 0.0230616 0.00419539 -0.0388371 0.0320194 -0.00152162 0.000982284 0.127026 -0.00437388 -5.65378e-07 0.00844492 0.0114993 -0.0501791 0.000191896 -0.0190375 0.00562351 -0.00393578 -0.0233761 -0.00146152 0.000219441 -0.0074345 0.00337529 -0.0092725 -0.000888283 2.66345e-05 0.00560476 0.00523909 -0.06613 7.30919e-05 -0.0137089 -0.0466943 0.000332941 -0.00336951 0.040637 0.00563853 0.00609006 -0.0213847 -0.000619821 -0.0217872 0.0137868 -0.000566871 0.0215596 0.00188501 0.0380194 -0.00546185 -0.073189 0.0112722 0.00692483 -0.026673 0.0168713 0.000100604 0.0333737 0.000447073 0.00109272 0.00860073 -0.0297385 3.90037e-05 0.00837142 -0.0020357 8.48946e-05 -0.00347564 1.12033e-05 -2.36345e-05 0.0242203 0.00162629 0.0855686 -0.000415896 0.0307036 -0.00033703 6.11637e-06 -0.000125472 -0.000892788 -0.000155869 0.00150858 -0.0396386 -0.0544896 0.00381574 -5.30983e-05 -0.0179341 -0.00139807 0.012442 -9.09007e-05 -0.00373209 -0.025321 -6.21971e-05 0.0240877 0.023947 -6.95563e-05 0.0371969 -0.0179341 0.000285707 -0.000821068 0.00413029 -0.0648188 0.0409294 0.000187514 
-0.0230352 -0.00231237 0.00343429 -0.0328098 -0.00237788 0.012902 -0.00605811 0.00246158 0.00317189 0.00206376 -0.000880843 -0.00437388 0.115711 -1.16854e-05 -0.0141787 0.0247584 -0.0424322 0.000434765 -0.010621 -0.0057432 -0.00511051 -0.0136917 -0.00213109 -0.000154776 0.00568332 -0.00300574 -0.00629765 -0.00112595 4.30204e-07 -0.000864325 -0.00452326 0.0135609 -0.000436827 0.0215651 -0.0349729 0.00129898 -0.00201977 -0.0128192 -0.000963759 -0.00150244 -0.0104253 0.000703101 -0.0112531 -0.00216134 0.00166387 -0.00198926 -0.00299433 -0.00490388 -0.00735287 0.0192035 -0.00280371 -0.0080556 -0.0112843 -0.00521734 -1.54844e-05 -0.00855657 3.78331e-05 -0.000222392 -0.0029834 -0.0397915 -1.25377e-05 -0.00610296 -0.00162256 -0.000300825 -0.00351351 0.0323088 0.00159237 0.0257234 0.000121895 -0.0108768 -7.76565e-05 0.0140147 0.000151269 -5.10265e-06 -0.000253915 0.0445641 -0.000103447 -0.000586942 0.0192307 0.0167595 0.00155536 -5.32744e-05 -0.0130566 0.00340303 -0.000724301 6.63242e-05 -0.00261701 -0.0196217 -0.000111143 -0.00388513 -0.0027744 -4.71041e-06 -0.00490582 -0.00881278 -6.24167e-05 -0.00251865 -0.00383281 0.0299028 0.0230676 -0.000214885 
4.81572e-05 1.67756e-05 8.23953e-06 1.95968e-05 2.37197e-05 -4.58165e-05 -1.4153e-06 -1.40202e-05 -6.54787e-06 2.07767e-06 -2.44209e-06 -5.65378e-07 -1.16854e-05 9.87236e-05 4.46236e-05 2.06733e-06 -2.21941e-05 -1.15285e-05 2.01925e-05 -1.99632e-06 7.55903e-06 1.08853e-05 -1.84601e-06 -1.62879e-07 -2.49681e-06 -1.39591e-06 6.4699e-06 -2.97892e-06 -5.27488e-08 -8.17569e-07 1.10373e-05 -8.64477e-06 -6.02247e-07 -2.94923e-06 -2.49826e-05 -3.44127e-08 3.27621e-06 2.07781e-05 -8.41039e-07 -1.19787e-06 1.1652e-05 8.21029e-08 -5.9559e-06 1.77316e-05 -2.63415e-06 1.41035e-05 1.62308e-06 -9.28401e-06 -2.1613e-06 -1.58958e-05 4.5905e-06 2.96628e-06 -1.61031e-05 9.37681e-06 -1.30745e-08 -5.60206e-06 1.08137e-06 6.6539e-06 -1.99009e-06 -2.66217e-05 7.01261e-06 8.85298e-06 3.0534e-07 2.52945e-07 -2.7802e-06 -1.15307e-05 1.14742e-06 -2.40406e-05 8.92947e-09 -6.5043e-06 2.28492e-07 -4.86718e-05 -2.42036e-07 -4.3311e-09 2.35009e-06 -1.76968e-05 6.52992e-07 1.42093e-06 -3.21542e-05 -3.17443e-05 4.15995e-06 -5.69582e-08 2.24167e-05 2.47811e-06 -1.16839e-06 1.55315e-07 -2.73466e-06 4.23711e-05 -2.31817e-07 5.12678e-06 -1.36559e-06 -5.02816e-08 1.16842e-06 5.06658e-07 -6.25015e-08 1.14273e-05 -6.92706e-06 -3.77627e-05 -4.68535e-05 -2.46917e-08 
0.102104 0.0108936 0.0398836 0.0946006 0.0109808 -0.0857913 -0.0171251 0.0178435 -0.0264232 -0.000521804 -0.00872197 0.00844492 -0.0141787 4.46236e-05 0.227996 -0.0184158 0.0329524 -0.00112454 0.074882 -0.00399375 0.0220526 0.0857608 -0.00286999 -0.000462223 -0.0221933 -0.00559576 -0.0123944 -0.0113422 -0.000132656 0.000449384 -0.000223895 -0.0560943 0.00022695 -0.0267539 -0.028271 -0.00169399 0.00774503 -0.0424401 0.00170571 -0.00336337 0.0781784 -0.000292462 0.0730689 -0.00275415 -0.00483734 -0.00222837 0.0118302 0.00151522 -0.00945247 -0.00835962 -0.00517774 -0.00251138 -0.0572461 0.0292405 -4.63791e-05 -0.0403067 -0.000326358 -0.000821773 -0.00749656 -0.110022 2.75225e-05 -0.00711052 -0.00544918 -0.000463917 -0.0166348 -0.0282277 -0.0122694 -0.0338503 -0.00115545 -0.0074197 0.000589352 -0.0704678 -0.000815026 -4.28183e-06 -0.000591374 -0.0253883 0.00104067 0.00214892 -0.062849 -0.0632071 -0.000594853 5.64963e-05 0.0662968 -0.00248351 -0.00579252 -0.000101417 -0.0160136 0.0872011 -0.00010604 0.0137109 0.00213893 0.000166188 -0.00720309 0.0612564 0.000252686 0.00705709 -0.0233609 -0.0654781 -0.0751245 -0.00017417 
-0.0162956 -0.000671503 -0.000740201 -0.0411814 -0.00215311 0.00220316 -0.00817302 -0.027161 0.0183234 -0.00151656 -0.0028917 0.0114993 0.0247584 2.06733e-06 -0.0184158 0.116062 -0.0222433 5.16164e-05 -0.00748981 -0.00430925 0.00217659 -0.0152548 -0.00179007 0.000141424 -0.00935127 -0.00396004 -0.0108105 -0.00481548 -6.99033e-05 -0.000331233 -0.00477098 -0.0136196 -6.15573e-05 -0.0113268 -0.036718 0.00102242 -9.81204e-06 0.0122688 -0.000837092 -3.28942e-05 -0.0148844 -0.000366094 -0.0137774 -0.00614368 0.00132234 0.00758527 -0.00308219 -0.0149622 -0.00883072 0.00553439 0.00321421 -0.0229202 -0.0111039 -0.00717265 -1.77478e-05 0.0156988 -0.000539661 -0.000551519 -0.00221456 -0.0250481 2.38712e-05 -0.00491493 0.000340653 -0.000281768 -0.00586231 0.0477995 0.0123141 0.0274805 -0.000445739 0.00296991 -0.000343485 0.0262007 -3.20488e-05 -1.42365e-06 -0.000240724 0.0574529 -0.000287527 -0.000727242 0.00199245 0.0267574 0.000576605 -3.33939e-06 -0.0133587 0.002976 -0.00265533 -3.08902e-06 -0.00707457 -0.0105714 -0.000167777 -0.00300199 -0.00479467 -5.0943e-05 -0.00013765 -0.00953711 -7.14863e-05 -0.00313869 -0.0084122 0.0121017 0.0336493 0.000233665 
0.0852806 0.00575805 0.0384027 0.0731265 0.00707364 -0.092634 -0.0273331 -0.00393472 -0.0158061 0.00150178 -0.0100307 -0.0501791 -0.0424322 -2.21941e-05 0.0329524 -0.0222433 0.245834 -0.00134098 0.0772076 -0.01353 0.0223423 0.0804879 0.00518262 -0.000635746 -0.010608 -0.00558135 -0.00986963 -0.0154864 -6.51007e-05 -0.00312136 0.0012026 -0.0680813 -0.00129927 -0.0418301 0.0242386 -0.0020739 0.0126108 -0.0317865 -0.00225459 -0.00297589 0.0716148 0.000869902 0.073287 -0.0167343 -0.00432096 -0.0132337 -0.00406077 -0.00619251 0.0201131 0.0400544 -0.00188318 -0.00763356 -0.0156066 -0.00457899 -5.64864e-05 -0.0217817 -0.00178308 -0.00133263 -0.00760376 0.0322585 -3.74705e-05 -0.00690635 0.00632981 -0.000970216 -0.0208586 -0.0282146 0.00377679 -0.0709983 -0.00126543 -0.0558323 0.000139692 -0.0779289 0.000319028 -1.60465e-05 -0.000619876 -0.0873348 0.000160415 -0.00150857 -0.0457659 0.00606908 -0.00221605 7.9401e-05 0.0576648 0.00922789 -0.0093358 0.000161133 -0.0223957 0.0822393 -0.000518325 -0.0112914 -0.0100827 0.000251892 -0.0235578 0.0636294 -9.04919e-05 0.000516675 -0.0288055 -0.0129803 -0.0807833 0.000307282 
-0.00156063 -0.00126312 -0.00145483 -0.000160785 -0.000826774 0.00341359 -3.01422e-05 0.00266226 -0.00032725 -0.000580414 -0.000620226 0.000191896 0.000434765 -1.15285e-05 -0.00112454 5.16164e-05 -0.00134098 0.0055325 -0.00158717 -0.000373227 -0.00115335 -0.00219987 5.68069e-05 -0.000296189 0.000123958 -0.000358139 0.000238797 -0.000341408 -0.000100417 4.42418e-06 -0.000126412 0.00237345 -0.000211442 0.000502594 7.90484e-05 1.7435e-05 -0.00131791 -0.000517105 -3.85422e-05 -0.000450949 -0.00181661 -0.000812311 -0.00242239 0.00020271 0.000181035 -5.06494e-05 -0.000197409 0.000457579 -0.000731232 0.000487533 -0.000294544 -0.000799826 0.000988384 -0.000710069 -0.000130285 -0.000108868 1.4582e-05 7.20776e-06 3.89898e-05 0.000871456 -4.24138e-05 0.000174826 -7.46364e-05 -1.20495e-06 9.8005e-05 4.16329e-05 -0.000375849 0.00231304 -0.000445098 0.000243938 -0.000368356 0.00252486 -3.90617e-05 -2.87817e-06 -8.34846e-06 0.000649316 -0.000123949 -0.000182489 0.00204905 0.00220008 -0.000183734 -3.51683e-05 -0.000584739 -0.000865001 -0.000681573 7.14551e-07 8.6435e-05 -0.00183244 -8.36486e-05 0.000168981 -0.000375321 -1.93445e-05 9.84479e-05 0.000180517 -2.43781e-05 -0.000979906 0.000293149 0.00132757 0.00299045 -0.00059654 
0.0981623 0.0112407 0.0637954 0.0802238 0.00805799 -0.107075 -0.00822906 -0.0241012 -0.00691832 0.00248905 -0.00176395 -0.0190375 -0.010621 2.01925e-05 0.074882 -0.00748981 0.0772076 -0.00158717 0.127088 -0.00406454 0.0318088 0.105472 0.000292966 -0.000156006 -0.0102146 -0.00290361 -0.00424031 -0.00519999 -7.68687e-05 -0.00122944 -0.00880619 -0.0858747 -0.000795785 -0.0156175 -0.0457078 -0.000727311 0.00933748 -0.0171396 -0.000912357 -0.00030512 0.0909049 0.000797563 0.0890942 -0.00482797 -0.00591487 -0.0026107 -0.00171734 -0.0139606 -0.00475733 -0.0171796 -0.00281167 -0.00645741 -0.073306 0.00135626 -1.85521e-05 -0.00958097 -0.000499804 -0.000608844 -0.00308784 -0.0460042 2.86284e-05 -0.000488097 -0.000607101 -0.000350341 -0.0066797 -0.0119548 -0.00441738 -0.07619 -0.000386393 -0.022085 -0.000466067 -0.0892263 0.000103774 -1.25421e-06 -0.000217714 -0.0365785 0.00026366 -0.000472862 -0.0746725 -0.0342603 0.000188179 8.45725e-05 0.074017 0.003486 -0.00336151 4.41279e-05 -0.00755755 0.102568 -0.000339273 -0.00543349 -0.000449088 0.000390009 -0.00889534 0.0839299 -5.93384e-05 0.00503557 -0.0109444 -0.0739352 -0.0885851 0.000381864 
-0.00268233 -0.000800367 -0.00187987 -0.00579014 -0.000694745 0.00307663 -0.00292179 -0.00295761 0.000691636 -0.000696884 -0.000599482 0.00562351 -0.0057432 -1.99632e-06 -0.00399375 -0.00430925 -0.01353 -0.000373227 -0.00406454 0.0513675 -0.00213417 -0.00308783 -0.00102856 -4.13188e-05 -0.00265853 0.00489406 -0.00425467 -0.0017354 -1.7553e-05 0.000172472 0.00254063 -0.00205957 0.000284208 -0.00524657 -0.0118321 -8.96899e-05 -0.00093905 0.0115871 0.00099076 0.00238801 -0.000527295 -0.000201813 0.000745279 0.00143472 -0.00132701 -0.000123646 0.00132301 0.00274896 -0.00266652 -0.00716924 -0.000118208 -0.00985288 0.00759635 0.00541605 4.65154e-06 0.00252363 -0.000123867 -0.000101825 0.00410718 0.004322 7.75509e-06 0.00656499 -0.000307275 -7.20041e-05 -0.00239713 -0.00575622 -0.00195005 -0.00105228 0.000364503 0.0159661 2.5761e-06 0.00790052 -1.24889e-05 -2.22719e-06 0.000771787 -0.0124416 0.000263448 0.0015571 -0.00708376 -0.00561406 -0.0004317 9.67571e-06 0.00154268 -0.00116549 0.00298239 -2.62755e-05 -0.00216139 -0.00244782 -7.60559e-05 0.00161473 0.00411034 -1.69401e-05 0.00648754 -0.00409293 -2.49628e-05 -0.000738916 -0.00391943 -0.00821235 0.00445719 -6.17198e-05 
0.0287496 0.0110512 0.0331175 0.0239522 0.00685028 -0.0266966 -0.00228605 -0.0178015 -0.00164371 0.00053765 -0.00123864 -0.00393578 -0.00511051 7.55903e-06 0.0220526 0.00217659 0.0223423 -0.00115335 0.0318088 -0.00213417 0.0412116 0.024738 0.00284167 -2.46127e-05 -0.0022117 -9.20161e-05 -0.00214048 -0.0015346 -2.28084e-05 -0.000295303 -0.0023961 -0.0252558 -0.000261838 -0.00433173 -0.0163196 -0.000210565 -0.000266976 -0.00392663 -5.22292e-05 0.000506736 0.0102176 -0.000174981 0.0176616 -0.00120693 -0.000923161 -0.000775061 -0.00102366 -0.00171442 -0.00287463 -0.0252426 8.62521e-06 -0.00672496 -0.0213062 -0.00119591 -5.70294e-06 -0.000566774 -0.000182816 0.000207179 -0.000400159 -0.0146238 4.35174e-05 -0.0014923 -0.000566259 -6.64383e-05 -0.00181271 -0.00445501 -0.00127369 -0.0151144 -0.000137796 -0.00637165 -0.000135919 -0.0188249 -4.87066e-05 -1.7114e-06 -8.43973e-05 -0.00777915 6.57556e-06 -0.000230657 -0.0206095 -0.0013475 0.000271695 2.29111e-05 0.00255219 -0.00017334 -0.000975663 5.16825e-05 -0.00229023 0.0273576 -9.28715e-05 -0.00142571 0.00165823 0.000193168 -0.00202518 0.015934 -2.05402e-05 0.00277742 -0.00311353 -0.0162686 -0.0241256 0.000240854 
0.105023 0.0105809 0.0516659 0.0971353 0.00912719 -0.117518 -0.00559868 -0.0105351 -0.0131415 0.00268403 -0.00302724 -0.0233761 -0.0136917 1.08853e-05 0.0857608 -0.0152548 0.0804879 -0.00219987 0.105472 -0.00308783 0.024738 0.138462 -0.00139115 -0.000252182 -0.0103353 -0.00372499 -0.00306561 -0.00496868 -7.17566e-05 -0.00134778 -0.00680774 -0.0816477 -0.000741478 -0.016238 -0.0365173 -0.000797235 0.0131507 -0.0240556 0.000370698 -0.000647819 0.11296 0.00244222 0.101732 -0.00542185 -0.00565365 -0.00524928 0.00422547 -0.0182359 -0.000642263 -0.0116214 -0.00276188 0.00939962 -0.0818124 0.0114045 -2.0819e-05 -0.0188687 -0.000619723 -0.000515719 -0.00469521 -0.0552248 -8.21182e-06 0.00019423 -0.00258765 -0.000174069 -0.00290791 -0.0183504 -0.00615597 -0.0926817 -0.000283728 -0.0283478 -0.00017481 -0.113207 -0.00020359 -6.05289e-07 -0.000255332 -0.0493998 0.00103612 0.000513589 -0.0780319 -0.0538555 0.00163517 0.000138965 0.0918001 0.00558496 -0.00369634 0.000184446 -0.00509528 0.111047 -0.000359373 -0.00471595 0.000859648 0.000345537 -0.0103688 0.0934503 -2.74897e-05 0.0100948 -0.00812109 -0.087814 -0.105549 3.90613e-05 
0.00658948 -0.000295026 0.000876796 0.00796924 -0.000120071 0.00177911 -0.000537637 -0.00128951 -0.000298589 0.000117953 -0.000325122 -0.00146152 -0.00213109 -1.84601e-06 -0.00286999 -0.00179007 0.00518262 5.68069e-05 0.000292966 -0.00102856 0.00284167 -0.00139115 0.0198615 -2.12654e-05 0.0016933 -0.000517078 0.00497887 -0.000645202 -5.33065e-06 -0.000114712 0.000229342 -0.00863285 -1.59897e-05 -0.00203775 -0.00171966 -5.29286e-05 -0.000522955 -0.00211476 2.51025e-05 0.000176507 -0.00275 -5.43006e-05 -0.00245533 0.00130571 0.000135615 9.66582e-06 -0.000380358 0.00732388 0.00164026 -0.00226313 -0.000362943 -0.00229038 0.00362067 -0.000855844 3.59925e-07 0.0075285 7.46074e-05 0.000228989 -0.000425799 3.51851e-05 3.40369e-06 0.000925443 0.000213102 6.52103e-05 -0.000540492 -0.000844897 -0.00039287 -0.00366895 -1.50191e-05 -0.00308467 2.73092e-06 0.00313348 0.000244626 4.25516e-06 3.99942e-05 -0.0050696 -4.07171e-05 -9.31999e-05 -0.00742945 0.00222791 -6.75055e-05 2.14951e-06 -0.00252364 0.000497208 -0.000290564 2.93512e-05 -0.00052332 -0.00247612 3.6591e-05 -0.000435547 -0.000149305 2.19648e-05 -0.000158518 -0.00146851 -4.72201e-06 -0.000101437 -0.000851836 0.000114546 -0.0101204 -6.64621e-06 
-0.000244249 -4.08974e-06 -9.60121e-05 -0.00023007 -3.19964e-05 -7.06938e-05 0.000546007 -0.000262612 0.000342162 -1.16224e-05 0.000661313 0.000219441 -0.000154776 -1.62879e-07 -0.000462223 0.000141424 -0.000635746 -0.000296189 -0.000156006 -4.13188e-05 -2.46127e-05 -0.000252182 -2.12654e-05 0.00164697 -0.000122036 0.000185604 8.79158e-05 0.000461384 -1.36911e-07 -1.11604e-05 -9.93811e-05 6.45789e-05 2.47067e-06 -2.6802e-05 -0.000160285 -7.31674e-06 -2.86669e-05 0.000328411 -1.01414e-05 0.000204535 -0.000236127 -7.1107e-06 -0.000214087 8.45397e-05 -5.40176e-05 -2.5952e-05 1.79166e-05 -0.000203103 -0.000136133 -0.000472572 -4.30375e-05 -1.69649e-05 0.000293529 -5.67591e-05 0.00012857 7.71909e-07 2.4974e-06 -7.57273e-06 -4.44998e-05 -0.000434049 -1.2731e-07 -4.07718e-05 -2.38366e-05 -2.80895e-06 0.000257273 -0.000184133 -4.7402e-05 -0.000123681 2.31116e-05 0.000316467 -4.19485e-06 0.000203864 1.36448e-05 7.49856e-07 3.78596e-06 0.000166697 -2.71463e-06 -8.99571e-06 -0.000185676 -0.000259054 -1.51355e-05 -7.96132e-07 -0.000206799 -3.79249e-05 0.000306995 -1.11792e-06 0.000234838 -0.00023168 6.25933e-05 -3.59449e-05 -2.37976e-05 -2.73465e-07 -5.6828e-05 -0.000189961 2.37791e-06 5.10955e-05 0.000321708 -0.000240438 -0.000213669 0.000166258 
-0.0162122 -0.00129965 -0.00265965 -0.0134864 -0.00117258 0.0136263 -0.00403789 0.0055949 -0.00612772 -0.000591984 -0.00180047 -0.0074345 0.00568332 -2.49681e-06 -0.0221933 -0.00935127 -0.010608 0.000123958 -0.0102146 -0.00265853 -0.0022117 -0.0103353 0.0016933 -0.000122036 0.0718785 -0.00100744 -0.0040253 -0.00232418 -2.4726e-05 -0.000588828 0.00764087 0.00688187 -0.000335686 0.0250731 -0.0108777 0.000528858 -0.000679541 -0.00717255 3.84964e-05 -0.000964885 -0.0101772 -0.000277973 -0.0104931 -8.06023e-05 -0.00043714 -0.0013786 -0.00137996 0.0179442 0.022894 0.0100068 -0.00193994 0.0296933 -0.0208342 -0.00104095 -1.0323e-05 -0.00606311 -0.00028904 0.00303444 -0.000299843 0.0211228 5.23108e-06 -0.00271976 0.00115681 0.000483564 -0.00388997 -0.0032941 -0.00189235 0.00570663 -0.000185443 -0.0114978 -0.000198319 -0.0293508 9.95766e-05 -2.38632e-06 0.00028168 -0.0044083 -7.28575e-06 -0.000301463 0.0271098 0.0114616 0.00131737 5.62283e-05 -0.00859218 -0.00135307 -0.00153076 6.58841e-05 -0.00352515 -0.0126254 -0.000154366 -0.00246797 0.00120322 1.06776e-05 -0.00237151 -0.00581757 1.71626e-05 -0.00176817 -0.0011855 0.0124258 -0.000352968 -0.000144466 
-0.0033167 0.000151519 -0.00189034 -0.00406748 0.000654214 0.00262238 -0.000321975 -0.00843372 0.00266507 -0.000244352 9.11303e-05 0.00337529 -0.00300574 -1.39591e-06 -0.00559576 -0.00396004 -0.00558135 -0.000358139 -0.00290361 0.00489406 -9.20161e-05 -0.00372499 -0.000517078 0.000185604 -0.00100744 0.0306894 -0.00240545 0.000179938 -1.1966e-05 0.000399934 7.50613e-05 -0.00468141 1.07536e-05 -0.00307712 -0.00836074 7.72512e-05 -0.000808136 0.0131661 0.0001284 0.00142864 -0.00412153 -0.000140336 -0.00249888 0.00373243 -0.00118076 0.0016013 -0.000446715 0.000333703 -0.00262925 -0.0094646 0.000357903 -0.00442024 0.000970522 -0.000723931 8.5203e-05 0.00690031 7.90614e-05 0.000115998 0.0115961 0.0095227 2.8915e-06 0.00931415 0.000517051 0.000103416 -0.000157034 -0.00326442 -0.00106889 -0.00853665 -3.41131e-05 0.0155407 0.000198833 0.0068207 -2.93914e-06 3.92081e-06 0.000520411 -0.0076794 -4.94127e-05 -0.00013755 -0.0139883 0.00161937 0.000591273 5.01273e-05 -0.00330342 -0.000522637 -2.90686e-06 -1.12997e-05 -0.00103927 -0.00145611 -1.27922e-05 0.00233348 -0.000601317 -1.37517e-05 0.00412449 -0.00344968 -2.39661e-06 0.000244986 -0.00123419 -0.00664772 0.00496313 0.00017044 
0.0116111 -0.000499158 -0.00622841 0.0420688 -0.000128074 0.00265863 0.0329967 0.0133268 -0.00688574 0.0035117 0.00870339 -0.0092725 -0.00629765 6.4699e-06 -0.0123944 -0.0108105 -0.00986963 0.000238797 -0.00424031 -0.00425467 -0.00214048 -0.00306561 0.00497887 8.79158e-05 -0.0040253 -0.00240545 0.0788381 0.0179562 -2.49748e-05 -0.000450327 -0.00108036 0.0138529 0.000147087 0.01281 0.0290219 -0.000403481 -0.00122371 -0.0115213 -0.000533159 -0.000401833 -0.00652012 0.000746118 -0.00576402 0.00535596 -9.2599e-05 -0.00242627 0.000728872 0.00152728 -0.00449472 -0.0337981 -0.00238001 0.0299784 -0.00791208 -0.00364018 -1.0148e-05 0.000350718 -0.000210351 -5.21036e-05 -0.00254014 -0.0219203 -8.40202e-06 -0.00131932 -0.00132269 0.000167654 0.0319497 -0.0104027 -0.00193894 -0.0348388 0.000291163 -0.0141679 0.000710448 -0.0135345 -0.000139092 5.68173e-06 -0.000140679 -0.0255466 -0.000107052 -0.000502106 -0.0145722 -0.0172129 -0.000922012 -4.89645e-05 -0.00332892 0.000397465 0.00228246 3.52522e-05 0.0341054 -0.00250573 8.20491e-05 -0.00226744 -0.00290143 6.2648e-05 -0.00446742 -0.00243807 -2.92754e-05 0.00280213 0.0311224 -0.0219936 -0.0487919 -0.000150094 
-0.00743182 -0.000534828 -0.00396532 0.0207533 -0.000637199 0.00617444 0.0311999 0.00530004 -0.00251262 0.000802562 0.0142216 -0.000888283 -0.00112595 -2.97892e-06 -0.0113422 -0.00481548 -0.0154864 -0.000341408 -0.00519999 -0.0017354 -0.0015346 -0.00496868 -0.000645202 0.000461384 -0.00232418 0.000179938 0.0179562 0.0347256 0.00018351 -0.000286671 -0.00215037 0.0128342 0.00061349 0.00881136 0.0145665 -0.00016961 -0.000886941 -0.00473488 0.000143665 -0.000239252 -0.00511819 0.000487714 -0.00520793 0.0110991 -0.00144349 -0.00112209 0.000280514 -0.00492089 -0.00273796 -0.0257755 -0.00110068 0.0275345 -0.0164762 -0.00213475 0.000102263 -0.00396678 -0.000136627 -0.000138706 -0.000849672 -0.0102307 -2.3009e-07 -0.000741584 -0.000574454 -5.68408e-05 0.0284345 -0.00449856 -0.00143617 -0.0222235 0.000720478 -0.00571382 -0.000113107 -0.0102137 -7.84412e-05 -1.46888e-07 -3.79555e-05 -0.0109801 -5.84378e-05 9.30764e-05 -0.00825369 -0.0257902 0.000301945 -2.07814e-05 -0.00408016 -0.000623326 0.00502153 4.00553e-05 0.0277876 -0.00610847 6.72052e-06 -0.000741108 0.000751174 -1.62899e-05 -0.00212287 -0.00427776 -1.70595e-05 0.00434168 0.030905 -0.021196 -0.0215963 5.58265e-05 
4.90589e-06 -3.29749e-06 -5.11857e-05 0.000146681 1.10241e-05 -0.000150921 9.94367e-05 -3.87661e-05 -3.86528e-05 0.000126133 0.000150023 2.66345e-05 4.30204e-07 -5.27488e-08 -0.000132656 -6.99033e-05 -6.51007e-05 -0.000100417 -7.68687e-05 -1.7553e-05 -2.28084e-05 -7.17566e-05 -5.33065e-06 -1.36911e-07 -2.4726e-05 -1.1966e-05 -2.49748e-05 0.00018351 0.00053397 4.10939e-06 1.75319e-05 8.91143e-05 0.000158763 6.26166e-05 0.000194237 1.11083e-06 3.40697e-05 -6.4734e-05 -3.7065e-06 -6.10464e-06 -3.66229e-05 0.000101971 1.72007e-05 5.22673e-05 -9.29977e-06 -9.77179e-06 -1.26864e-05 -3.92645e-06 4.94087e-05 -0.00010408 1.28317e-05 0.000196485 2.05646e-05 -1.81074e-05 -7.07473e-08 -3.8934e-05 4.74128e-06 2.48186e-07 -1.36261e-05 -0.000170656 -5.20246e-08 -1.16991e-05 -7.7354e-06 -1.09894e-06 -2.07339e-05 -6.63651e-05 -1.82302e-05 -0.000249826 0.000159642 -3.30099e-05 9.92326e-07 -0.000239366 -1.29857e-06 2.98786e-07 -9.5167e-07 -0.000160658 -2.28788e-08 -7.40538e-07 -6.04858e-05 -0.00022919 6.03505e-06 -1.41539e-07 7.99759e-06 8.72328e-05 0.000172219 -3.62041e-07 5.24787e-05 -2.18314e-06 5.34504e-07 -1.42835e-06 3.43535e-05 9.05699e-07 3.33215e-05 -5.15023e-05 -1.71535e-07 3.82974e-06 5.25404e-05 -0.000166334 -0.000189557 1.42319e-07 
-0.00137157 -0.000140465 -0.000249017 -0.00188456 -0.000159919 0.00153529 -0.000482716 -0.00461703 0.000131386 -2.13716e-05 -0.000235984 0.00560476 -0.000864325 -8.17569e-07 0.000449384 -0.000331233 -0.00312136 4.42418e-06 -0.00122944 0.000172472 -0.000295303 -0.00134778 -0.000114712 -1.11604e-05 -0.000588828 0.000399934 -0.000450327 -0.000286671 4.10939e-06 0.00821201 0.00373864 -0.00450511 -4.77649e-05 -0.000724356 -0.00306934 7.10088e-05 -0.000176515 0.00345023 -2.5603e-05 -0.000101656 -0.00119916 -7.6298e-06 -0.00120973 0.00159661 -0.00031642 0.00501233 -6.87074e-05 0.00506282 -0.000775234 -0.00588527 0.00220535 -0.00130825 -0.00312881 -0.000438588 -1.09653e-06 0.00264093 4.00138e-05 2.22542e-05 0.000263224 -0.00259784 1.59366e-06 -0.000186934 -0.000113376 -1.65104e-05 -0.000289978 -0.00058905 -0.000304792 0.00203619 0.000250142 0.00639578 -3.05097e-06 0.00219561 -1.66435e-05 9.3812e-06 8.05888e-05 -0.000636059 -1.59316e-05 -1.43148e-05 -0.00417815 -0.00347615 0.000112403 -3.85475e-06 -0.00104891 -0.000195154 1.57311e-05 -4.97805e-06 -0.000389537 -0.00140356 5.16905e-06 0.000748359 0.000362951 -4.08369e-06 0.00658854 -0.000984372 -1.54188e-06 0.000628076 -0.000531567 -0.00482128 0.00258953 -1.57933e-05 
0.00174707 -0.000404385 -0.00702132 -0.00372364 0.00071283 0.000277975 -0.00400614 -0.0063208 -0.00240758 -0.000236577 -0.00127425 0.00523909 -0.00452326 1.10373e-05 -0.000223895 -0.00477098 0.0012026 -0.000126412 -0.00880619 0.00254063 -0.0023961 -0.00680774 0.000229342 -9.93811e-05 0.00764087 7.50613e-05 -0.00108036 -0.00215037 1.75319e-05 0.00373864 0.0592109 0.000329367 -0.000287106 -0.00101708 -0.0018623 -0.000204286 0.000437258 0.00680802 -0.000330584 -0.00068627 -0.00386676 -1.62237e-06 -0.00540128 0.00175474 -0.00173739 0.00534629 0.000713724 0.0122373 0.000785552 0.000557573 -0.000249436 -0.00392322 0.000252388 -0.00149919 -8.36986e-06 -0.00120506 -0.000194952 0.00052945 -0.0010787 0.00168945 5.67374e-07 -0.00266377 0.00439554 -0.000104199 -0.00305028 -0.0040813 -0.000253405 -0.0012467 -3.02286e-06 0.0102573 0.000377978 -0.00567843 -0.000128977 4.9607e-06 0.000164458 -0.0145333 1.06238e-05 -0.000286784 -0.00959561 -0.00495632 -0.000433261 0.000115048 -0.00152082 -0.00115483 -0.000952901 2.53126e-05 -0.00323149 -0.00145588 2.87093e-05 0.00275494 -0.00102505 -1.60775e-05 0.00932194 -0.00584847 0.000102022 0.0011216 -0.000329871 -0.00327986 0.00303066 -3.2757e-05 
-0.0849951 -0.00770997 -0.0646654 -0.08431 -0.0044258 0.0960171 0.0160084 0.0860913 -0.0401868 -0.000708868 0.00439775 -0.06613 0.0135609 -8.64477e-06 -0.0560943 -0.0136196 -0.0680813 0.00237345 -0.0858747 -0.00205957 -0.0252558 -0.0816477 -0.00863285 6.45789e-05 0.00688187 -0.00468141 0.0138529 0.0128342 8.91143e-05 -0.00450511 0.000329367 0.241935 0.000912109 0.0374157 0.118585 -0.000103697 -0.0128354 -0.0368602 -0.00421552 -0.00720692 -0.0744629 -0.000713862 -0.075452 -0.00500172 -0.00517519 -0.0170472 0.0050383 -0.0431969 -0.009973 0.0717418 -0.0151101 0.00446618 0.11288 -0.0259964 -7.58703e-05 -0.0488016 -0.000185187 -0.00123326 -0.00990623 0.0499651 -4.90008e-05 -0.0156302 -0.00391412 0.000288853 0.0179296 -0.00915896 -0.00795001 0.060158 -0.000900885 -0.0551834 0.000361864 0.0656668 -0.000240661 -1.90951e-05 -0.000352478 0.0333095 -0.000217713 -0.000907409 0.138769 0.0572974 -0.00459186 -0.000312353 -0.0596353 -0.0085672 -0.00430894 -0.000189797 0.0205876 -0.0843487 0.000337496 -0.0151729 -0.0205489 -0.00027918 -0.0304348 -0.0704798 -0.000331334 -0.00679222 0.0197935 0.127976 0.0608556 -0.00110784 
-0.000785162 -8.90324e-05 -0.000621753 0.000247109 -0.000113631 -1.49956e-05 6.23534e-05 0.000168703 4.42601e-05 0.000466797 0.000906222 7.30919e-05 -0.000436827 -6.02247e-07 0.00022695 -6.15573e-05 -0.00129927 -0.000211442 -0.000795785 0.000284208 -0.000261838 -0.000741478 -1.59897e-05 2.47067e-06 -0.000335686 1.07536e-05 0.000147087 0.00061349 0.000158763 -4.77649e-05 -0.000287106 0.000912109 0.00606253 0.00017679 0.00153106 -2.84233e-05 -2.91094e-05 -0.000439007 -5.11148e-05 -4.50255e-05 -0.000694556 0.000262217 -0.000856321 -0.000201077 -8.19499e-05 4.0573e-06 0.00077987 5.58123e-05 -1.80678e-05 0.000180046 -0.000134533 0.0017327 0.000620951 -0.000203929 1.58115e-06 -2.86032e-05 2.97394e-05 2.86866e-05 3.96783e-06 -0.00167144 -5.60645e-07 -6.85432e-05 -6.50759e-05 2.65345e-05 -0.000177321 -0.000193295 -0.000182763 4.87841e-06 0.000506677 0.000274459 2.39743e-05 -0.000375493 -1.09641e-05 6.76869e-07 -6.94052e-06 -0.000320743 0.000191921 9.46853e-06 0.00115113 -0.00186976 -4.31666e-05 -1.24109e-06 -0.000734398 0.000270529 0.000637057 1.63315e-06 -3.44644e-05 -0.00095285 -1.17719e-06 0.00059088 -0.000196872 -3.10639e-06 -0.000321045 -0.000718488 -2.01689e-06 -0.000113202 -0.000104699 -0.00173127 -0.000643871 -7.81099e-06 
-0.0218763 -0.00181714 -0.0074963 -0.0155598 -0.00190003 0.0201793 0.0161563 0.0164814 -0.00901268 0.00438767 0.0013063 -0.0137089 0.0215651 -2.94923e-06 -0.0267539 -0.0113268 -0.0418301 0.000502594 -0.0156175 -0.00524657 -0.00433173 -0.016238 -0.00203775 -2.6802e-05 0.0250731 -0.00307712 0.01281 0.00881136 6.26166e-05 -0.000724356 -0.00101708 0.0374157 0.00017679 0.0973703 -0.00806884 -0.000182415 -0.00245724 -0.0146118 -0.000723632 -0.00138633 -0.0150137 -1.59925e-05 -0.0158529 -0.00176385 0.00253911 -0.00289091 -0.00259326 0.000900799 0.00260628 0.0013016 -0.0027979 0.0247206 -0.0336028 -0.00627202 -1.27544e-05 -0.0138497 0.000189615 0.00187586 -0.00199987 -0.00936352 -1.01566e-05 -0.00513299 -0.00134994 0.00091172 0.0148245 0.00437856 -0.00316328 0.0105542 0.000148899 -0.0178693 0.000287681 -0.0121883 0.000160764 -4.17335e-06 -0.00019053 0.0184227 -1.91888e-05 -0.000499242 0.035424 0.00147125 -0.000127727 -4.98886e-05 -0.0129337 -0.00165266 -0.00100474 -8.88233e-06 0.0151086 -0.0181055 0.000312889 -0.00342334 -0.00127955 -4.81071e-05 -0.00548912 -0.0121388 -6.37264e-05 -0.00197277 0.0147714 0.0111262 0.00765909 -0.000208135 
