0.000821957 0.000336883 4.44107e-07 0.000394148 2.63416e-05 -2.94706e-05 -0.000212345 -1.26146e-06 -0.000140414 0.000122979 4.0801e-05 -5.29545e-05 -0.000236109 3.45082e-05 -8.19561e-06 -0.00018279 0.000197874 2.14169e-05 -5.3388e-07 -0.000223881 -0.00015651 6.09562e-06 2.68589e-05 -1.31199e-06 1.14483e-06 0.000103964 0.000258465 3.56497e-06 2.24701e-05 0.000227794 -0.000233072 1.89022e-05 -0.000159429 -0.000194254 -1.28781e-06 -1.94324e-08 -0.000166168 5.77891e-06 1.12477e-05 -1.0522e-05 -1.41454e-05 -5.44788e-05 1.25651e-05 -1.59468e-06 5.92279e-05 -0.000206122 -4.71438e-05 -0.00034828 3.87926e-05 -9.23768e-07 2.33802e-05 0.000350003 4.34758e-05 0.000113899 2.37808e-05 -0.00013057 7.82881e-05 9.31171e-06 0.000137459 -2.46109e-05 3.87393e-05 2.561e-06 -0.00017547 -5.82061e-06 0.000173771 3.25151e-07 -6.88364e-06 4.51557e-05 -0.000116866 -0.000150103 -0.000179927 -2.84242e-06 -6.78221e-06 5.63207e-05 -2.57699e-06 2.82439e-05 -1.09705e-05 0.000205709 -4.81627e-05 2.59643e-05 -9.13099e-05 -0.000166572 -0.000279277 -0.000287322 8.56239e-07 -0.000284902 0.00025581 -0.000215268 0.000104994 -0.000137747 8.51796e-05 5.40542e-05 0.00027678 3.25722e-05 3.84441e-05 7.93097e-06 5.46572e-05 -8.67686e-07 -4.96671e-05 -4.155e-06 
0.000336883 0.0181951 -2.35106e-05 0.0082706 0.00187525 -0.000860235 -0.00473116 0.000788544 -0.00285293 -0.00127109 -0.00540612 -0.000232906 -0.00445299 -0.0050258 -3.55724e-05 -0.00417278 0.00067541 0.00359982 3.23762e-05 -0.00602228 -0.00881297 -0.00383799 0.000361249 2.23886e-05 0.000892709 -0.00268463 0.0135531 0.000501011 -0.00103695 0.00230073 -0.0101061 -8.93871e-05 -0.00421005 -0.00313332 4.30307e-05 -4.37927e-07 -0.0044234 0.00084156 4.65986e-05 -0.000408958 -0.00031161 -0.00070679 0.000977618 -3.27142e-05 0.000324949 -0.0041765 0.00248545 -0.00328674 4.83915e-05 -6.63981e-07 0.000603135 0.0148556 0.00240075 0.00466487 0.00151717 -0.00324464 0.00738244 0.000574695 -0.000175188 -0.00144778 -0.000730062 0.000552846 -0.00491333 -0.000157616 0.00556067 6.2883e-05 -0.000186347 0.00457954 -0.00477277 0.00113827 -0.00408014 0.000342838 -0.000114331 0.00534669 -3.70294e-05 0.00019018 -0.000227718 0.00323308 -0.00143957 0.000311132 -0.00208194 -0.00502883 -0.00519692 -0.00913486 -0.00231805 -0.00622365 0.00835018 -0.00221135 0.0111996 -0.00326545 0.0009772 0.000918895 0.00566468 7.6066e-05 -0.000376303 0.00122899 0.000296687 0.000320946 0.00102972 0.000157917 
4.44107e-07 -2.35106e-05 0.00626827 -0.000114738 -0.000149368 -0.000290538 -0.00132318 7.03716e-06 -0.000383373 -0.00112491 -0.0030441 0.00174263 -0.00112192 -0.00105047 0.000407117 -0.000716339 0.00104047 0.000135864 0.00100826 0.000491186 -0.00156018 -0.00163776 0.000881782 0.000409558 0.00211797 1.02346e-07 0.00188032 -2.62108e-05 -0.000282114 -0.000109868 -0.000871543 7.45683e-05 -0.00114863 -0.000268359 3.80088e-05 -1.49011e-07 -0.00107752 0.00156148 6.6807e-05 -0.000148268 -6.90154e-06 0.000448921 -1.97571e-05 0.000751916 3.82721e-06 -0.00106952 0.000845569 -0.000949836 -0.000126511 0.000438287 -0.000327926 8.09672e-06 0.000923775 -0.000162187 -0.00156407 -0.00092629 1.30679e-06 -3.04451e-06 -0.000245469 0.00195357 -0.000213838 -2.06573e-05 -0.000583752 0.00162704 1.99803e-06 -2.06362e-06 2.52984e-05 0.00251251 -0.000206877 -0.000130222 -0.00114304 0.000535148 -4.31798e-05 0.0020989 -0.000107389 0.000524551 -7.21676e-05 7.14791e-05 -0.000110586 -0.000219569 -0.000705109 -0.000818534 -0.00211764 -0.00279301 -0.000299671 -0.00155841 0.000428312 -0.00360578 0.000537027 -0.000940372 0.000887251 0.000688751 6.06528e-06 2.9105e-06 0.000493915 0.000501981 1.21885e-05 3.13131e-05 0.00256374 0.0005089 
0.000394148 0.0082706 -0.000114738 0.224934 -0.0061254 -0.015672 -0.0794783 -0.00016049 -0.0534991 0.0929693 0.0779742 -0.0170831 -0.0445175 0.0967545 -0.00331907 -0.0702481 0.00295239 0.0479188 -0.000625637 0.0755696 0.0868632 0.104212 -0.000330149 -0.000875679 -0.00407889 0.0767149 0.00302825 8.14829e-05 -0.0193288 0.000887712 0.0581111 -0.00518584 -0.0673051 -0.0698514 0.000508067 -4.54893e-06 -0.0805075 -0.00275567 -0.00059095 -0.00983959 -0.00653933 0.0011123 0.000129805 -0.000775934 0.000424157 -0.0750243 -0.0144812 -0.0445841 -0.00486724 -0.000371041 -0.0157601 0.00824271 0.00268937 0.0149052 0.0694695 -0.055735 0.00271764 -0.00537622 0.0561222 -0.0307724 -0.0114313 -4.86702e-05 -0.0797719 -0.00376069 0.00394392 0.000122451 -0.00338707 -0.00850164 -0.0759011 -0.0840532 -0.0707823 0.00039899 -0.00299455 0.102085 -0.00691319 0.00839832 -0.00447675 0.00180746 -0.0271627 -0.0256956 -0.0308154 -0.0810979 -0.0516501 0.0507508 0.0708878 -0.0511997 0.109406 0.0436152 0.00217242 -0.054184 0.00174905 0.00182247 0.00602971 0.000655172 -0.00819983 0.00073401 -5.11258e-06 -0.0003075 -0.0287288 -0.0016824 
2.63416e-05 0.00187525 -0.000149368 -0.0061254 0.0252509 0.00348342 0.0130587 2.2801e-06 -0.00514296 -0.0121947 -0.0152939 -0.00175769 -0.0100398 -0.00787587 -8.19753e-05 0.0143212 0.00128452 -0.0135581 -2.84731e-05 -0.0179017 -0.0164774 -0.00716746 6.56414e-05 0.000403064 -0.000327041 -0.00413653 0.000380814 0.00109341 0.0102251 0.000628444 -0.0160941 0.00406567 0.00828847 0.0115963 7.50359e-05 5.98755e-07 0.0122477 -0.00039544 8.31193e-05 -0.000182429 0.00411485 -0.00222767 0.000286113 0.000428238 2.06513e-05 0.00878405 0.00145438 -0.0133879 0.00183002 -1.30548e-05 0.0122642 0.00331282 0.000208995 0.00160454 -0.0157322 0.0112629 0.00135405 -0.00128183 -0.00240047 -0.00228831 -0.000882051 0.000219774 0.0133323 -0.000307345 0.00101243 -4.6762e-06 0.000539776 0.00256091 0.00930914 0.0162335 0.0116626 0.000243899 0.00217182 -0.00501936 0.00253199 -0.000589015 0.00330351 0.00120847 0.00494966 -0.0017843 -0.0024337 0.0136871 -0.0102465 -0.0166068 -0.00502862 -0.0114849 -0.00605564 -0.0143451 0.00297002 0.00171949 0.00154134 0.000759717 5.9454e-05 -9.8006e-06 0.00180877 -0.000101127 0.000264993 3.40183e-06 -0.000168075 -0.000147152 
-2.94706e-05 -0.000860235 -0.000290538 -0.015672 0.00348342 0.0469465 0.0320251 -0.000113639 -0.00930427 -0.0231326 -0.0305788 -0.00155268 -0.0210949 -0.0133517 -0.000301208 0.027213 0.00032847 -0.0277429 8.50492e-06 -0.0312501 -0.0280885 -0.0116302 0.000284654 -0.000137807 0.000548954 -0.00724522 -0.0035608 1.91068e-05 -0.00274603 0.00539928 -0.0280623 -0.000386388 0.0152444 0.030814 -0.00011044 -9.11038e-07 0.0312604 0.000663616 0.000155684 0.00274617 0.0107406 -0.00541015 -8.8131e-05 -9.74261e-05 -2.88215e-05 0.0209838 -0.00292923 -0.0207809 -0.000777872 0.000363708 -0.00152839 -0.00120347 -0.000391798 -0.00195643 -0.0293319 -0.000267074 -0.000284704 -0.00215393 -0.00460105 -0.00298882 -0.00162153 -0.000314421 0.0318703 -0.000571941 -0.000322502 -3.10001e-05 -0.000352673 -0.00118816 0.0310521 0.0290423 0.0329283 -0.0008448 -0.000491181 -0.00961939 -0.00125261 -0.000409663 0.00635933 -0.000376857 0.0203237 0.0139782 0.018324 0.0307712 -0.0182581 -0.0285505 -0.00848594 -0.0203161 -0.0143397 -0.0300494 -0.00136475 0.0353255 -0.000222857 -0.000337951 0.000228914 -5.95773e-05 -0.00263576 -0.000203412 6.27178e-06 -5.17012e-05 -0.00491963 -0.000183731 
-0.000212345 -0.00473116 -0.00132318 -0.0794783 0.0130587 0.0320251 0.192649 -0.000597126 -0.0517699 -0.147915 -0.17904 -0.00853215 -0.123926 -0.0794084 0.000343399 0.169283 0.00100008 -0.152572 -0.000359415 -0.181697 -0.166007 -0.073682 -0.000689697 7.36935e-05 -0.00141673 -0.0416008 -0.0208507 -0.00142656 0.0437983 0.00923463 -0.167243 0.00527984 0.164419 0.176967 -0.000594635 4.29041e-06 0.170311 -0.00161015 -0.000570755 0.0214595 0.0131647 -0.0283398 -0.000448762 0.000210418 -0.000246993 0.179046 -0.0130782 -0.0522271 0.0190274 0.000182289 0.0433262 -0.00680128 -0.00235113 -0.012673 -0.174025 0.0900846 2.05117e-05 -0.012881 -0.0241166 -0.0240253 0.0158413 -0.000723027 0.188841 -0.00239412 -0.00152103 -0.000164149 0.00647204 6.1926e-05 0.179744 0.179594 0.172645 -0.00647936 -0.00255763 -0.05147 0.00693212 0.000175932 0.00865947 0.000134485 0.0528468 0.0783144 0.0799977 0.186775 -0.110954 -0.167447 -0.0488871 -0.115169 -0.0889106 -0.155403 -0.00598171 0.12814 -0.00136376 -0.0017172 -0.000987541 -0.000476198 0.00122424 -0.00108794 -0.000268038 -0.00027372 -0.0273926 -0.00127181 
-1.26146e-06 0.000788544 7.03716e-06 -0.00016049 2.2801e-06 -0.000113639 -0.000597126 0.00229802 -0.000392008 -0.00113696 -0.00116881 0.000269244 5.18294e-06 -0.000617617 -9.22723e-07 -0.000529214 -3.31735e-05 0.000317657 1.69275e-05 -0.000385936 -0.000935255 -0.000471144 2.13853e-05 -1.05022e-05 0.000129046 -0.00031376 0.00157156 1.70312e-05 -0.000139725 -4.44609e-05 -0.0012326 0.000231921 -0.000519685 -0.000677329 4.44316e-06 -5.44096e-08 -0.000548478 0.000138182 3.00605e-05 -5.99757e-05 -4.57838e-05 -7.93838e-05 0.000203598 2.38836e-06 6.62486e-07 -0.000535364 0.00174804 -0.00112852 -6.85991e-05 -2.71093e-06 -0.000140019 0.00134922 7.29279e-06 0.00137444 -0.000317835 -5.24163e-05 0.000563018 -2.9838e-05 -0.000158017 -9.29873e-05 -2.83055e-05 -1.83131e-05 -0.000604356 0.00025791 1.76143e-05 3.04616e-08 -2.32226e-05 0.00138382 -0.000556684 0.000571854 -0.000548916 -4.99797e-05 0.000441786 0.000602706 0.000289835 -7.45931e-05 -2.00389e-05 1.05123e-07 -0.0001705 -0.000223929 -0.000265811 -0.000552715 -0.000832279 -0.000896358 -0.000308097 -0.000733301 0.00112487 0.000456355 0.0018416 -0.000404425 1.25567e-05 3.75077e-05 0.00014695 1.00334e-05 0.000317442 1.05492e-05 1.6329e-05 5.31039e-05 0.000373513 -1.02092e-05 
-0.000140414 -0.00285293 -0.000383373 -0.0534991 -0.00514296 -0.00930427 -0.0517699 -0.000392008 0.159739 0.0326624 0.0569273 0.0150315 0.0847755 -0.0295878 0.000305138 -0.047045 -0.00345736 0.0638803 -0.000425174 0.0581258 0.0431062 -0.0462099 -0.00106065 -0.000883855 -0.00122656 -0.0311186 0.00254204 -0.00111352 -0.0126737 -0.00443538 0.0649202 -0.00456221 -0.0456791 -0.0580634 -0.000462233 -4.61418e-06 -0.0468155 -0.0043172 -0.000205936 -0.00570703 -0.0039362 0.0157868 -0.000740212 -0.000458594 -8.41353e-05 -0.0508492 0.0107879 0.0632238 -0.00557994 -0.000206104 -0.0129249 -0.00535267 -0.00215673 -0.00751253 0.0620061 -0.0278304 -0.00270075 0.0141457 -0.0176312 0.022275 -0.00252573 -0.000169045 -0.0533388 -0.0019595 -0.00133935 -0.000106041 -0.00154924 -0.00875358 -0.052542 -0.0578905 -0.0473731 -0.00214316 -0.0019882 -0.0375834 -0.00533034 -0.00640378 -0.00265122 -0.00165299 -0.0158145 -0.0230073 -0.0231494 -0.0538679 0.109541 0.0704333 -0.0113908 0.108556 -0.0566574 0.0590897 -0.0075109 -0.0350067 -0.00184746 -0.00147017 -0.00218281 -0.000311519 -0.00148222 -0.000731918 -0.000250555 -0.000203184 0.0073158 0.00151194 
0.000122979 -0.00127109 -0.00112491 0.0929693 -0.0121947 -0.0231326 -0.147915 -0.00113696 0.0326624 0.237603 0.156738 -0.000444805 0.0815048 0.0782871 -0.00408234 -0.134581 -0.00707256 0.132879 -0.00135441 0.159569 0.169136 0.0787919 -0.00255993 -0.00152338 -0.00877559 0.0461137 0.00329825 -0.00292561 -0.037611 -0.0129008 0.163667 -0.0135061 -0.134779 -0.133748 -0.000818164 -1.09746e-05 -0.135311 -0.00259979 -0.00168969 -0.0176381 -0.00884063 0.0170968 -0.000317137 -0.00139106 -0.0001838 -0.142882 -0.0176691 0.0566025 -0.0153435 -0.000658784 -0.0355812 -0.0048761 -0.00143624 0.00739524 0.165331 -0.101624 -0.0012279 -0.00900717 0.0220058 0.00657137 -0.0192271 0.000695276 -0.153553 -0.00580852 -0.000182782 -0.00038266 -0.00504355 -0.0251477 -0.149511 -0.162389 -0.136006 0.00161951 -0.00624118 0.0523522 -0.015328 0.0043009 -0.00710751 -0.0023556 -0.0446793 -0.0656276 -0.0672636 -0.15577 0.0817713 0.152185 0.0586916 0.0888482 0.0938986 0.121919 -0.00746342 -0.100924 -0.00553108 -0.00447902 -0.00257377 0.000145253 -0.0231922 -0.00122675 -0.000370803 -0.000624611 -0.0119144 -0.00309974 
4.0801e-05 -0.00540612 -0.0030441 0.0779742 -0.0152939 -0.0305788 -0.17904 -0.00116881 0.0569273 0.156738 0.214379 -0.00143315 0.130355 0.0906531 -0.00380636 -0.162023 -0.00447135 0.155906 -0.0014769 0.188781 0.184667 0.0820271 -0.00312394 -0.00110314 -0.0085743 0.0465276 -0.000735776 0.000694733 -0.0411533 -0.0104272 0.185804 -0.0090824 -0.157506 -0.175924 0.000425452 -1.33584e-05 -0.163309 -0.00535954 -0.000556552 -0.0200563 -0.0131712 0.0300272 -0.00174334 -0.00149565 3.52209e-05 -0.174263 -0.000875902 0.0611118 -0.019446 -0.00075613 -0.0421664 -0.010343 -0.00523856 0.00217508 0.183276 -0.0871759 -0.00742523 0.0138832 0.0263679 0.0166628 -0.0169502 2.60664e-05 -0.184388 -0.00248877 -0.00204626 -3.21342e-05 -0.00616233 -0.0211718 -0.177631 -0.191837 -0.16419 0.0070226 -0.000197375 0.039688 -0.0110272 -0.00554192 -0.00893585 -0.00254592 -0.0525842 -0.0811073 -0.0790578 -0.182486 0.129204 0.191976 0.0514779 0.131542 0.0741148 0.167379 -0.017469 -0.121952 -0.00229706 -0.000471297 -0.0010412 0.000259996 -0.00784821 -0.00220563 -0.000720239 -0.000709244 0.015114 0.000616639 
-5.29545e-05 -0.000232906 0.00174263 -0.0170831 -0.00175769 -0.00155268 -0.00853215 0.000269244 0.0150315 -0.000444805 -0.00143315 0.0702251 0.00113762 -0.0158663 0.00523927 -0.00892863 -0.000910433 0.0134676 0.00143964 0.00996642 -0.0126175 -0.0150111 0.000465428 -0.000278989 0.00946127 -0.0106124 0.0161817 -0.000534054 -0.0032117 -0.00109474 0.00588959 -0.000850704 -0.0112871 -0.0115464 -4.68539e-05 2.67135e-06 -0.00776002 -7.54042e-06 0.00032111 -0.00020725 9.39578e-05 0.00473827 -0.000108418 -4.08191e-05 -6.42967e-05 -0.0101295 0.0124694 -0.00315813 -0.000883211 -5.8551e-05 -0.00311836 0.00228462 0.00076152 -0.00180569 0.00129731 -0.0084158 -2.66877e-05 -0.000449929 -0.00699011 0.0170531 -0.00269942 -0.000700269 -0.00830997 0.0027251 -0.000475725 2.30028e-06 -0.000729316 0.00770696 -0.00890849 -0.00131527 -0.0074073 0.000581315 -0.000620936 -0.000753399 -0.00167809 -0.00140454 0.000163084 -0.000307136 0.000282176 -0.0042341 -0.0022757 -0.00868925 0.00819316 0.0041249 -0.0109576 0.0166121 -0.0038606 -0.00144998 0.00587087 -0.0045023 -6.95304e-05 -0.000279449 -0.000469765 -9.3814e-05 -0.00364354 0.000814568 0.000165779 0.000312025 0.00559617 0.000256738 
-0.000236109 -0.00445299 -0.00112192 -0.0445175 -0.0100398 -0.0210949 -0.123926 5.18294e-06 0.0847755 0.0815048 0.130355 0.00113762 0.249501 -0.0190639 -0.00355851 -0.112388 -0.00659939 0.111001 -0.000767572 0.129555 0.115193 -0.033327 -0.00135766 0.000256892 -0.00262178 -0.0332824 0.00848381 -0.000305313 -0.0301512 -0.0106443 0.132967 -0.00486142 -0.109143 -0.132847 -0.000306803 -9.66095e-06 -0.112741 0.00266906 0.000490789 -0.0137665 -0.00914157 0.0402286 -0.000939364 0.000224619 -0.000238276 -0.119636 0.0135776 0.104655 -0.0136413 -4.82791e-05 -0.0305488 -0.00728162 -0.00487416 -0.00695659 0.12684 -0.0482559 -0.00625202 0.024275 -0.0197719 0.0317738 -0.00785044 0.00146685 -0.12704 0.00268199 -0.00314637 -0.000101466 -0.00396832 -0.00684599 -0.12226 -0.122389 -0.113794 0.00428225 0.00355797 -0.0519109 -0.0041479 -0.0119051 -0.00556936 -0.00261738 -0.0362066 -0.0556347 -0.0548964 -0.124393 0.16552 0.148676 -0.00536091 0.17374 -0.00259784 0.132492 -0.00577902 -0.084696 -0.0033431 -0.0017163 -0.00683491 -0.000483669 0.00313713 -0.00125963 -0.000313192 5.46343e-05 0.0401343 0.0025655 
3.45082e-05 -0.0050258 -0.00105047 0.0967545 -0.00787587 -0.0133517 -0.0794084 -0.000617617 -0.0295878 0.0782871 0.0906531 -0.0158663 -0.0190639 0.211912 -0.00267809 -0.0718533 -0.00181489 0.0344174 -0.000668165 0.0906175 0.107435 0.140789 -0.00156884 1.40914e-06 -0.00442391 0.100644 -0.0201144 -0.00145066 -0.0183273 -0.0067688 0.0744723 -0.00737674 -0.0698383 -0.0676064 0.000104349 -5.12316e-06 -0.0730462 -0.00598932 -0.000870895 -0.00884253 -0.00573186 -0.0268906 -0.000927611 -0.00062205 -5.17905e-05 -0.0768854 -0.0159144 -0.056262 -0.0088499 -0.00032535 -0.0187964 -0.00692727 -0.00124168 0.00987487 0.072226 -0.0458814 -0.00416302 0.00349541 0.0568051 -0.0204419 -0.00704384 -0.00184961 -0.081695 -0.00340055 -0.00189384 3.78575e-06 -0.0029977 -0.0134739 -0.0802101 -0.0895112 -0.0726894 0.00259108 -0.00309389 0.0810046 -0.00810428 0.00596354 -0.00403513 -0.00258062 -0.0243891 -0.0360353 -0.0347142 -0.0828224 -0.0305993 0.071954 0.0853364 -0.0362418 0.0924853 0.0481692 -0.010372 -0.0541866 -0.00276201 -0.00203126 -0.00411739 0.000994419 -0.0163146 -0.00100431 -0.000342707 -0.000318033 -0.0214539 -0.00173737 
-8.19561e-06 -3.55724e-05 0.000407117 -0.00331907 -8.19753e-05 -0.000301208 0.000343399 -9.22723e-07 0.000305138 -0.00408234 -0.00380636 0.00523927 -0.00355851 -0.00267809 0.0102074 0.00170005 0.000768344 -0.00073 0.000803067 -0.00156603 -0.00597309 -0.00249564 0.000604263 1.76686e-05 0.00289232 -0.00117266 0.00411351 0.000104829 6.11335e-05 -0.000214631 -0.00264564 0.0020446 -5.82259e-05 -0.000379783 3.46386e-05 8.14525e-06 0.000446626 -1.81482e-05 6.62838e-05 -0.000104457 -2.93951e-05 -0.000963298 4.54393e-05 1.21959e-05 -7.47569e-06 0.000223261 0.00363115 -0.00475425 0.000281713 5.51653e-06 -2.79108e-05 -1.15828e-05 0.00135085 -0.000398823 -0.0043171 0.000641665 5.76701e-05 -0.000463901 -0.000933804 0.00301101 -0.000385156 -6.54465e-05 0.00154048 0.00121417 -6.75363e-05 1.68599e-06 -3.76242e-05 0.00432091 0.00131847 0.00296255 -0.000493346 -0.000186795 0.000266578 -0.000398429 0.000681871 -0.000290583 0.000338846 0.000266289 0.00237002 -0.000730652 -0.000738025 0.00183491 -0.00173729 -0.00338817 -0.00176747 -0.00169411 -0.000791134 -0.00329989 0.00138427 -0.000314366 0.000729602 0.000211065 -0.000130902 -1.82255e-05 -0.0001651 0.000244885 0.000119702 0.00016341 0.00238925 5.10365e-05 
-0.00018279 -0.00417278 -0.000716339 -0.0702481 0.0143212 0.027213 0.169283 -0.000529214 -0.047045 -0.134581 -0.162023 -0.00892863 -0.112388 -0.0718533 0.00170005 0.180321 0.00309049 -0.138109 -0.000175157 -0.164778 -0.150675 -0.0666775 0.00043412 0.000385754 -0.00194303 -0.0376341 -0.0183692 -0.00158328 0.0449503 0.00534667 -0.151362 0.0066146 0.148086 0.15798 -0.000527723 1.17688e-05 0.149434 -0.00359655 -0.000610886 0.0179483 0.0118085 -0.0255865 -0.000310259 0.000343918 -0.00021539 0.161734 -0.0118475 -0.0522477 0.0209728 0.000106443 0.0459337 -0.00562974 -0.000550013 -0.0113643 -0.159064 0.0799849 -0.000155621 -0.0116842 -0.0217729 -0.0228913 0.00782603 -0.00071471 0.171272 -0.00200717 -0.00141913 -0.00014179 0.00641306 0.00156299 0.160992 0.163668 0.158638 -0.00556155 -0.00221446 -0.0455868 0.000923577 -0.000192455 0.00839506 0.000750611 0.0479533 0.0646028 0.0669881 0.169933 -0.100816 -0.151826 -0.0441602 -0.104568 -0.0805987 -0.144333 -0.00547002 0.116917 0.000794801 -0.000461755 -0.00205446 -0.000420892 -0.00579108 -0.000846133 -3.97685e-05 -0.000240192 -0.0228312 -0.00131093 
0.000197874 0.00067541 0.00104047 0.00295239 0.00128452 0.00032847 0.00100008 -3.31735e-05 -0.00345736 -0.00707256 -0.00447135 -0.000910433 -0.00659939 -0.00181489 0.000768344 0.00309049 0.0173328 -0.00738849 0.000134296 -0.00777532 -0.00718803 -0.00244496 0.0023912 5.23488e-06 -0.000246527 -0.00199894 -0.000894004 0.00119718 0.00281368 0.00433556 -0.00581654 0.00373268 0.000874121 0.00200039 0.000572795 6.01654e-06 0.00228574 0.000856921 0.000175163 0.000163297 0.00150281 -0.00111697 7.50314e-05 -3.31864e-05 0.000193945 0.000917985 -0.000820137 -0.00653314 0.00164026 8.21122e-06 0.00107164 0.00195379 0.00370592 -0.000751203 -0.00624277 9.0025e-05 0.00021754 2.31195e-05 -0.00104647 -0.00128495 0.000394806 -0.000134581 0.0041586 -0.000153737 0.00112098 0.000145522 0.000188097 0.00504861 0.00621577 0.00303539 -0.00174027 0.00271601 0.00027389 0.000682192 0.000822355 0.000868647 -5.33653e-05 0.00195105 0.00297115 0.000181829 -0.00184453 0.00394754 -0.00676041 -0.00848622 -0.00190841 -0.0062731 -0.0035072 -0.00712388 -0.000394396 -0.000980985 0.00627266 0.004266 0.00286055 -9.08496e-06 0.00410876 0.000545583 0.000297745 2.45007e-05 0.000661866 -6.4521e-05 
2.14169e-05 0.00359982 0.000135864 0.0479188 -0.0135581 -0.0277429 -0.152572 0.000317657 0.0638803 0.132879 0.155906 0.0134676 0.111001 0.0344174 -0.00073 -0.138109 -0.00738849 0.242572 0.000309596 0.163028 0.145675 0.0412165 -0.00255092 0.000118892 0.00252367 0.0227434 0.0234252 -0.00344308 -0.0367115 -0.011709 0.147132 -0.0136141 -0.134312 -0.169953 -0.00118845 -1.26692e-05 -0.14013 -0.00340095 -0.00107234 -0.0171094 -0.0114252 0.0417688 -0.000567575 -5.91057e-05 0.000178361 -0.149249 0.00478122 0.0617793 -0.0167354 -0.000208411 -0.0367298 0.00156555 -0.00356116 0.00972822 0.158983 -0.0827223 -0.00082255 0.00170807 -0.00620173 0.0229093 -0.0207356 0.000646629 -0.157094 0.00298477 -0.000643216 -0.000293719 -0.00506077 -0.0102691 -0.154871 -0.15576 -0.139417 -0.00426659 -0.00553565 0.0285653 -0.0144081 -0.0161363 -0.00763887 -0.001158 -0.04704 -0.0667937 -0.067893 -0.159105 0.109167 0.163667 0.024004 0.125969 0.0524635 0.16556 -0.000346833 -0.104009 -0.00514093 -0.00421498 -0.0020137 -0.000652433 -0.0164708 0.000890032 -0.000577935 9.17435e-05 0.0208787 0.000560328 
-5.3388e-07 3.23762e-05 0.00100826 -0.000625637 -2.84731e-05 8.50492e-06 -0.000359415 1.69275e-05 -0.000425174 -0.00135441 -0.0014769 0.00143964 -0.000767572 -0.000668165 0.000803067 -0.000175157 0.000134296 0.000309596 0.00226465 0.000141026 -0.00143268 -0.000627253 0.000291068 7.98078e-06 0.00161896 -0.000191916 0.00157128 5.54513e-06 -0.000116149 3.13511e-05 -0.00131221 -4.43572e-05 -0.000500936 -0.000477044 2.73194e-05 -5.36177e-08 -0.000351529 0.000406647 8.68924e-05 0.000114445 0.000126241 -0.00020683 -7.85008e-06 0.000159015 1.42774e-06 -0.000465924 0.00131706 -0.00126035 2.68047e-07 8.12507e-05 1.90309e-05 0.000119417 0.000238806 -6.81799e-06 -0.0014815 -0.00039787 -7.76458e-06 -6.99158e-05 -0.000184121 0.00132366 -8.3294e-05 -1.2052e-05 -0.000274336 0.00129558 4.52877e-05 7.84413e-06 -1.64619e-05 0.00177255 -0.000237358 0.000464417 -5.91444e-05 -2.63147e-05 -4.71472e-06 0.000348558 -5.34448e-05 -7.34108e-05 1.09415e-05 9.83106e-05 9.78308e-05 -0.000214584 -0.000224621 -0.000217754 -0.000950452 -0.00145107 -0.000436048 -0.000974006 0.000416821 -0.00144597 0.000966417 -0.000180443 0.000230368 0.000223401 2.95277e-05 -7.75772e-08 6.87194e-05 0.000297979 9.29462e-06 7.37256e-06 0.00166162 0.000201228 
-0.000223881 -0.00602228 0.000491186 0.0755696 -0.0179017 -0.0312501 -0.181697 -0.000385936 0.0581258 0.159569 0.188781 0.00996642 0.129555 0.0906175 -0.00156603 -0.164778 -0.00777532 0.163028 0.000141026 0.210046 0.187521 0.0830397 -0.00345468 -0.000366142 0.00167954 0.0474025 0.0110062 -0.00330635 -0.043393 -0.0155898 0.184142 -0.0167461 -0.160277 -0.172757 -0.000691906 -1.32995e-05 -0.166688 0.000865253 -0.00116309 -0.0203679 -0.0135026 0.030687 -0.00172348 -0.0001887 -0.00020206 -0.174345 0.0043192 0.0629522 -0.0202587 -0.000282862 -0.0440012 -0.00883145 -0.00475323 0.00611884 0.182902 -0.0968719 -0.00888168 0.0127887 0.0261463 0.0250388 -0.0172182 -0.000440455 -0.187434 0.00262542 -0.0042432 -0.000150821 -0.00619903 -0.0183553 -0.18291 -0.188665 -0.166524 0.00438191 -0.00663426 0.0511815 -0.0180327 -0.00055892 -0.00896781 -0.00419835 -0.0560892 -0.0815877 -0.0798201 -0.189569 0.120773 0.188594 0.0545837 0.129036 0.0888499 0.16216 -0.00702043 -0.124018 -0.00631345 -0.00483279 -0.00656707 0.000521986 -0.0181168 -0.000454012 -0.00067054 -8.66919e-05 0.0194391 0.00128853 
-0.00015651 -0.00881297 -0.00156018 0.0868632 -0.0164774 -0.0280885 -0.166007 -0.000935255 0.0431062 0.169136 0.184667 -0.0126175 0.115193 0.107435 -0.00597309 -0.150675 -0.00718803 0.145675 -0.00143268 0.187521 0.230719 0.0983802 -0.00334947 -0.000270703 -0.00900125 0.0566809 -0.0107906 -0.00311847 -0.0395364 -0.0143747 0.179281 -0.015454 -0.146325 -0.156235 -0.000763328 -1.23134e-05 -0.152121 -0.00411383 -0.00184447 -0.0185849 -0.0124273 0.0250408 -0.00167689 -0.000761536 -0.000163775 -0.159578 -0.0188492 0.058037 -0.0185168 -0.000667122 -0.0402384 -0.014461 -0.00479006 0.00620704 0.178944 -0.0909418 -0.00852397 0.0115492 0.0316435 -0.00549033 -0.0153233 0.000859286 -0.171213 -0.00403416 -0.0039543 -0.00016879 -0.00583876 -0.0285354 -0.168132 -0.184931 -0.152323 0.00184836 -0.00640687 0.051608 -0.0169878 -7.64842e-05 -0.00846925 -0.00447082 -0.0514212 -0.0751885 -0.072955 -0.173257 0.102844 0.181814 0.0654397 0.111025 0.0924687 0.153414 -0.0174711 -0.113539 -0.00593374 -0.00453025 -0.00750447 0.000560439 -0.0189548 -0.00188008 -0.000759358 -0.000659254 -0.00850909 -0.00162668 
6.09562e-06 -0.00383799 -0.00163776 0.104212 -0.00716746 -0.0116302 -0.073682 -0.000471144 -0.0462099 0.0787919 0.0820271 -0.0150111 -0.033327 0.140789 -0.00249564 -0.0666775 -0.00244496 0.0412165 -0.000627253 0.0830397 0.0983802 0.203681 -0.00139509 0.000109329 -0.00375671 0.103863 -0.0167789 -0.00152788 -0.0168372 -0.00634514 0.0651204 -0.0063511 -0.0650502 -0.0597856 7.2404e-05 -5.49385e-06 -0.0680893 -0.00481659 -0.000601677 -0.00839281 -0.00540708 -0.027413 -0.000312 -0.000659074 -1.74614e-05 -0.0703191 -0.0121207 -0.0596493 -0.00822321 -0.000323279 -0.0175684 -0.00445581 -0.000314465 0.0125771 0.0646508 -0.0469784 -0.00347684 -0.00803616 0.0538382 -0.0273302 -0.00702116 -0.000947118 -0.0759543 -0.00334818 -0.00170909 3.20798e-05 -0.00270402 -0.0108805 -0.0740436 -0.0803786 -0.0677482 -0.00497702 -0.00216457 0.0896139 -0.00714591 0.00874959 -0.00367818 -0.00225299 -0.022549 -0.0335931 -0.031507 -0.0768159 -0.043375 0.0607277 0.0780009 -0.0567072 0.113716 0.0467685 -0.00564207 -0.0505109 -0.00247167 -0.00176097 -0.00320485 0.00119443 -0.0138073 -0.00103568 -0.000339963 -0.000259801 -0.023499 -0.00158692 
2.68589e-05 0.000361249 0.000881782 -0.000330149 6.56414e-05 0.000284654 -0.000689697 2.13853e-05 -0.00106065 -0.00255993 -0.00312394 0.000465428 -0.00135766 -0.00156884 0.000604263 0.00043412 0.0023912 -0.00255092 0.000291068 -0.00345468 -0.00334947 -0.00139509 0.00542288 0.000206872 1.78278e-05 -0.000848618 0.000308291 0.000376733 -0.000208874 0.000334723 -0.00261111 0.00035436 -0.00116576 -0.000888794 0.00021776 2.80453e-06 4.18603e-05 -4.39071e-05 6.24224e-05 -2.89794e-05 0.000421821 -0.000549258 -5.95413e-07 2.44579e-05 2.30306e-05 -0.00124179 0.000760916 -0.00297459 0.000103609 2.46158e-05 -9.14468e-05 0.000841465 0.00290383 -0.000153671 -0.00251378 -0.0002768 9.90038e-05 -0.000119335 -0.000465598 -0.000203696 0.00028965 -5.48541e-05 0.00181234 -5.79905e-05 0.000152951 0.000118669 -4.59977e-05 0.00387119 0.00178028 0.00242999 -0.000415523 9.73816e-05 0.00077305 0.00161585 0.0003633 -0.000101379 3.71962e-05 -1.33031e-06 0.00164322 0.00089194 -0.000186957 0.000953386 -0.00220209 -0.00335427 -0.000848017 -0.00232208 -0.00130393 -0.00217407 0.000608851 -0.000147978 0.00320745 0.00236194 0.000234508 -1.0863e-05 0.0034419 0.00103439 7.79606e-06 0.000277438 0.0026945 -2.11676e-05 
-1.31199e-06 2.23886e-05 0.000409558 -0.000875679 0.000403064 -0.000137807 7.36935e-05 -1.05022e-05 -0.000883855 -0.00152338 -0.00110314 -0.000278989 0.000256892 1.40914e-06 1.76686e-05 0.000385754 5.23488e-06 0.000118892 7.98078e-06 -0.000366142 -0.000270703 0.000109329 0.000206872 0.00477297 0.000971469 0.00113664 -1.53198e-05 2.25213e-05 0.000215601 -4.23714e-05 -0.000791204 1.70424e-05 -0.000326641 -0.000402447 9.27931e-05 7.08931e-07 -0.000746747 0.000681071 3.55977e-05 0.000172088 -5.81138e-05 0.0010819 -8.8354e-06 0.00116101 1.65582e-06 -0.000219229 2.16859e-05 -0.0017046 -8.55971e-06 0.000105822 0.000591908 -1.39596e-05 6.43703e-05 -0.000133674 -0.00212896 0.000839366 -6.10357e-05 -0.000198922 -0.000303961 0.000409145 -9.07242e-05 1.54203e-05 0.000232577 0.000705053 6.60802e-05 6.84318e-06 -9.07889e-06 0.000400639 -0.000235359 0.000291128 0.000150946 -1.55261e-05 0.000118674 -0.000325193 0.00028983 -6.87567e-05 0.000323275 0.000107992 -0.000289321 -0.000482459 -0.000184253 -0.000298905 -0.00176299 -0.000883839 0.000266636 -0.00163485 0.000925616 -0.00112839 4.68912e-06 -0.00023131 0.000598721 0.000171542 -7.23041e-05 2.01119e-05 3.73679e-05 3.46939e-05 3.94129e-05 2.95858e-05 0.00102639 5.20115e-05 
1.14483e-06 0.000892709 0.00211797 -0.00407889 -0.000327041 0.000548954 -0.00141673 0.000129046 -0.00122656 -0.00877559 -0.0085743 0.00946127 -0.00262178 -0.00442391 0.00289232 -0.00194303 -0.000246527 0.00252367 0.00161896 0.00167954 -0.00900125 -0.00375671 1.78278e-05 0.000971469 0.0167937 -0.000996465 0.00968677 -8.30584e-05 -0.000657698 0.000201538 -0.00751037 -0.000346535 -0.00230879 -0.00209031 6.00392e-05 -2.81377e-07 -0.00138597 0.00285961 0.000553772 -0.000248701 -7.67095e-05 -0.000999535 -5.40211e-05 0.00133251 4.17878e-05 -0.00180326 0.00987237 -0.00834103 -0.000156293 0.000431791 -0.00036058 0.00375617 0.000399945 0.00147111 -0.010518 -0.00250827 0.000253328 -0.000407189 -0.00115368 0.00846607 -0.000682123 -0.000158172 -0.00143519 0.00498086 0.000122917 2.38907e-05 -8.53188e-05 0.00896148 -0.00111389 0.00495921 -0.000445849 -0.000402892 -0.000131503 0.00150403 -0.000226911 -0.00042746 0.000101283 0.000186162 0.000542703 -0.000494813 -0.000392074 -0.0015597 -0.00547038 -0.0085902 -0.00271333 -0.00612918 0.00568436 -0.0051159 0.00762176 -2.79468e-05 -9.0866e-05 -0.000112607 -1.77416e-05 5.02167e-05 -0.000658242 0.00106778 0.000113346 0.000449256 0.00863539 0.000841329 
0.000103964 -0.00268463 1.02346e-07 0.0767149 -0.00413653 -0.00724522 -0.0416008 -0.00031376 -0.0311186 0.0461137 0.0465276 -0.0106124 -0.0332824 0.100644 -0.00117266 -0.0376341 -0.00199894 0.0227434 -0.000191916 0.0474025 0.0566809 0.103863 -0.000848618 0.00113664 -0.000996465 0.134238 -0.0110131 -0.00112414 -0.0091256 -0.00356707 0.0307919 -0.00390871 -0.0365742 -0.0449907 0.000388065 -2.94059e-06 -0.0382605 -0.00275231 -0.000448383 -0.00470997 -0.00317388 -0.0167707 -0.000342945 0.000433234 2.56968e-05 -0.0400362 -0.00833408 -0.0758362 -0.00474272 0.000102699 -0.0101763 -0.00395941 -0.000545184 0.0112562 0.0259483 -0.0285192 -0.00218493 -0.00650277 0.0563696 -0.0127776 -0.00534428 -0.00111036 -0.0428058 -0.000980387 -0.000907428 0.000112098 -0.00148229 -0.00682046 -0.0422111 -0.0470526 -0.0380784 -0.00385855 -0.0015695 0.0668271 -0.0042741 -0.00306125 -0.00208889 -0.00130931 -0.0128807 -0.0189679 -0.01832 -0.0434256 -0.05525 0.0409495 0.0568958 -0.0627422 0.0795178 0.0173822 -0.00551957 -0.0283243 -0.00146783 -0.00102754 -0.00220032 0.00080627 -0.00895329 -0.000609751 -0.000199554 -0.000165067 -0.0161004 -0.000649476 
0.000258465 0.0135531 0.00188032 0.00302825 0.000380814 -0.0035608 -0.0208507 0.00157156 0.00254204 0.00329825 -0.000735776 0.0161817 0.00848381 -0.0201144 0.00411351 -0.0183692 -0.000894004 0.0234252 0.00157128 0.0110062 -0.0107906 -0.0167789 0.000308291 -1.53198e-05 0.00968677 -0.0110131 0.0742704 -0.0003597 -0.00498589 -9.32063e-05 9.30437e-05 -0.00143675 -0.0183999 -0.0212042 -0.000150754 -1.08643e-06 -0.0191423 0.00165945 0.00072217 -0.00239493 -0.00148479 -0.00305534 0.00137571 0.000343754 0.000263646 -0.0196157 0.0214227 -0.00265542 -0.00180466 -3.05087e-05 -0.00314206 0.0170259 0.00261388 0.00686842 0.0104863 -0.012533 0.00809429 -0.00253685 -0.00632832 0.00861226 -0.00322379 -8.53452e-05 -0.0213706 0.00351794 0.00465233 0.000113676 -0.000722011 0.0121093 -0.0212993 -0.00644131 -0.0184697 -0.0019371 0.000287966 0.00282875 -0.00102557 -0.00109572 -0.000672451 0.00285128 -0.00626291 -0.00722898 -0.00897211 -0.0216069 0.00836005 0.00146998 -0.0125723 0.0100231 0.0233463 0.00918278 0.0207445 -0.0141028 -0.000194524 -0.000173941 0.00454098 -1.03165e-05 -0.00241081 0.00203988 0.000336979 0.000776309 0.0112986 0.000735028 
3.56497e-06 0.000501011 -2.62108e-05 8.14829e-05 0.00109341 1.91068e-05 -0.00142656 1.70312e-05 -0.00111352 -0.00292561 0.000694733 -0.000534054 -0.000305313 -0.00145066 0.000104829 -0.00158328 0.00119718 -0.00344308 5.54513e-06 -0.00330635 -0.00311847 -0.00152788 0.000376733 2.25213e-05 -8.30584e-05 -0.00112414 -0.0003597 0.00732234 0.0002702 0.00213714 -0.00178126 0.00281678 -0.0014653 -0.00131134 0.000797536 -1.74255e-07 -0.00127097 0.00104918 0.000447442 -0.000203329 0.000385896 -0.000672708 1.24682e-05 -1.51746e-05 3.83763e-05 -0.0013616 0.00237072 -0.00306435 7.8712e-06 0.000178751 -8.28768e-05 0.00162433 -6.38326e-05 0.000414963 -0.00279575 0.00180054 -7.82919e-05 -9.43328e-05 -0.000619666 0.0003863 -0.000254507 -4.04207e-05 -0.00180686 -8.27979e-05 0.000599144 7.12949e-07 -7.33807e-05 0.00299809 0.000844603 -0.000832612 -0.00124537 0.00188396 0.00311389 -0.000984251 0.00226336 7.37766e-05 1.31695e-05 0.000143216 0.00109402 -0.000842225 -0.000478231 -7.17546e-05 -0.000594908 -0.00296778 -0.000684345 -0.00219388 -0.00144831 0.000529176 0.000838058 -0.000603977 0.00195841 0.00228903 0.00207185 5.90362e-06 0.00393451 3.94139e-05 6.50049e-05 3.28304e-05 0.00140743 3.69112e-05 
2.24701e-05 -0.00103695 -0.000282114 -0.0193288 0.0102251 -0.00274603 0.0437983 -0.000139725 -0.0126737 -0.037611 -0.0411533 -0.0032117 -0.0301512 -0.0183273 6.11335e-05 0.0449503 0.00281368 -0.0367115 -0.000116149 -0.043393 -0.0395364 -0.0168372 -0.000208874 0.000215601 -0.000657698 -0.0091256 -0.00498589 0.0002702 0.0595425 0.00157841 -0.0399027 0.00316092 0.0408396 0.0406184 -1.35606e-05 -1.50203e-06 0.0413698 -0.00124135 -0.000174093 0.00604253 -0.000304352 -0.00688813 -0.000206712 0.000328578 -1.14753e-05 0.043646 -0.00317102 -0.0232609 0.00441132 -4.12493e-05 0.0336855 -0.000877799 -0.00052569 -0.00251454 -0.0423094 0.0379937 -0.000725883 -0.00313228 -0.00487821 -0.00648092 0.00447397 -0.000373736 0.0437432 -0.00061448 -0.000361402 0.000117346 0.00283242 0.000372814 0.0398131 0.0419938 0.0377272 -0.000830008 -6.92548e-05 -0.012626 -0.000189425 -0.00177683 4.95903e-05 0.000375301 0.00403954 -0.00230304 0.000788022 0.0436754 -0.0273157 -0.0401893 -0.0121662 -0.0281588 -0.0207495 -0.037755 -0.00171953 0.0137958 0.000933739 0.000662181 -0.000555187 0.000271732 -0.00132985 -0.000263311 0.000222442 -6.4868e-05 -0.00680598 -0.000348526 
0.000227794 0.00230073 -0.000109868 0.000887712 0.000628444 0.00539928 0.00923463 -4.44609e-05 -0.00443538 -0.0129008 -0.0104272 -0.00109474 -0.0106443 -0.0067688 -0.000214631 0.00534667 0.00433556 -0.011709 3.13511e-05 -0.0155898 -0.0143747 -0.00634514 0.000334723 -4.23714e-05 0.000201538 -0.00356707 -9.32063e-05 0.00213714 0.00157841 0.0220548 -0.0138764 0.00198089 0.00730105 0.00877428 0.000634621 2.78101e-07 0.00668032 0.0013827 0.000529763 2.72755e-05 0.00201735 -0.0022299 6.49174e-05 -5.1615e-05 0.000192549 0.00826759 -0.00127825 -0.0124246 0.00257566 0.00020601 0.00188427 0.0037561 0.000696355 -0.000923046 -0.0128775 -0.00068722 0.000625444 -0.000170414 -0.0012988 -0.0010414 0.00205437 -0.000208254 0.0105023 -0.000233414 0.00221774 0.000123196 -0.00020061 0.00128585 0.0122547 0.00739848 0.0101881 0.00233425 0.000174739 -0.00414479 0.000704978 -0.000495401 0.000151281 0.00193661 0.00441051 0.00914515 0.00491007 0.00983852 -0.00836871 -0.0141924 -0.00417563 -0.00968046 -0.00677907 -0.0112768 -0.000649613 0.00816397 0.00403024 0.00344888 0.00540377 -3.9642e-05 0.00416323 -8.40421e-05 0.000182109 -1.86108e-05 -0.00152231 -2.90928e-05 
-0.000233072 -0.0101061 -0.000871543 0.0581111 -0.0160941 -0.0280623 -0.167243 -0.0012326 0.0649202 0.163667 0.185804 0.00588959 0.132967 0.0744723 -0.00264564 -0.151362 -0.00581654 0.147132 -0.00131221 0.184142 0.179281 0.0651204 -0.00261111 -0.000791204 -0.00751037 0.0307919 9.30437e-05 -0.00178126 -0.0399027 -0.0138764 0.229502 -0.0125671 -0.14728 -0.162063 -7.07192e-05 -8.9709e-06 -0.152556 -0.00592866 -0.000875116 -0.0189712 -0.0125633 0.0295666 -0.00219861 -0.00147245 -0.000254484 -0.162569 -0.00135222 0.0766969 -0.0185096 -0.000718046 -0.040432 -0.0154219 -0.00379155 -0.0115555 0.17597 -0.0841233 -0.00866529 0.00958416 -0.0012463 0.0192319 -0.0155748 0.000238589 -0.171832 -0.00536846 -0.00409684 -0.000303992 -0.00573237 -0.0237701 -0.166777 -0.181486 -0.153201 0.00533123 -0.00346466 0.0343358 -0.0143854 -0.00287964 -0.00849325 -0.00468705 -0.0500975 -0.0747531 -0.073349 -0.172155 0.131691 0.193087 0.0376962 0.14221 0.0640493 0.157692 -0.0193249 -0.113736 -0.00412908 -0.00297 -0.00637952 -5.24275e-05 -0.0127904 -0.00147276 -0.000422625 -0.000656029 0.0122628 -0.000549263 
1.89022e-05 -8.93871e-05 7.45683e-05 -0.00518584 0.00406567 -0.000386388 0.00527984 0.000231921 -0.00456221 -0.0135061 -0.0090824 -0.000850704 -0.00486142 -0.00737674 0.0020446 0.0066146 0.00373268 -0.0136141 -4.43572e-05 -0.0167461 -0.015454 -0.0063511 0.00035436 1.70424e-05 -0.000346535 -0.00390871 -0.00143675 0.00281678 0.00316092 0.00198089 -0.0125671 0.0239241 0.00531603 0.00515503 0.000650765 7.99843e-06 0.006107 0.000168753 0.000559039 -0.000594482 0.000423045 -0.00250012 0.000254247 1.28216e-06 6.51705e-05 0.00648919 0.00526051 -0.00975118 0.0029528 2.21341e-05 0.00341167 0.00288961 0.00123392 0.00112291 -0.0147555 0.0144897 0.000420809 -0.000767803 -0.00204724 -0.000424052 -0.00052182 -0.000168872 0.00777533 -0.000210536 0.000203129 4.89346e-05 0.000194917 0.0134372 0.0101185 0.0113922 0.000283965 0.000693378 0.0067323 -0.00471156 0.01159 6.26671e-05 0.000841309 0.00152706 0.00589959 -0.000611851 -0.00195472 0.0127356 -0.00881497 -0.0152874 -0.00464482 -0.0102655 -0.00708538 -0.00820712 0.00343027 -0.00324855 0.00245363 0.00220055 0.000581878 -4.55503e-05 0.0078448 -8.96617e-05 0.000344747 -1.22911e-05 0.00147954 -9.92329e-05 
-0.000159429 -0.00421005 -0.00114863 -0.0673051 0.00828847 0.0152444 0.164419 -0.000519685 -0.0456791 -0.134779 -0.157506 -0.0112871 -0.109143 -0.0698383 -5.82259e-05 0.148086 0.000874121 -0.134312 -0.000500936 -0.160277 -0.146325 -0.0650502 -0.00116576 -0.000326641 -0.00230879 -0.0365742 -0.0183999 -0.0014653 0.0408396 0.00730105 -0.14728 0.00531603 0.17664 0.156432 -0.000420548 3.73141e-06 0.150031 -0.00300778 -0.000192273 0.00867141 -0.000342756 -0.0250856 -0.000250328 0.000138528 -0.000215215 0.166352 -0.0112887 -0.0362988 0.0175567 -0.00021648 0.0445002 -0.00606585 -0.00216466 -0.0110325 -0.153587 0.0938702 0.000347537 -0.0113627 -0.0211978 -0.0237819 0.0178494 -0.000728615 0.167079 -0.00205094 -0.00146089 -0.00013148 0.00646932 -0.0011798 0.157663 0.159412 0.149208 -0.00548396 -0.00222862 -0.0459225 0.00799151 0.000736881 0.00176029 0.000777837 0.0233884 0.0771034 0.0748304 0.165683 -0.0983307 -0.147437 -0.0425615 -0.101599 -0.0786737 -0.135463 -0.00691289 0.103325 -0.00118823 -0.00143479 -0.00161838 -0.000428915 0.00569837 -0.000959165 -0.000186959 -0.000240644 -0.024456 -0.0010793 
-0.000194254 -0.00313332 -0.000268359 -0.0698514 0.0115963 0.030814 0.176967 -0.000677329 -0.0580634 -0.133748 -0.175924 -0.0115464 -0.132847 -0.0676064 -0.000379783 0.15798 0.00200039 -0.169953 -0.000477044 -0.172757 -0.156235 -0.0597856 -0.000888794 -0.000402447 -0.00209031 -0.0449907 -0.0212042 -0.00131134 0.0406184 0.00877428 -0.162063 0.00515503 0.156432 0.214698 -0.000741383 6.00499e-06 0.160724 0.00261211 -0.000594175 0.0196842 0.011881 -0.0326043 0.000357452 -0.000160429 -0.000292984 0.173893 -0.0154725 -0.0358371 0.0184735 3.26986e-05 0.0406409 -0.00384632 -0.00105424 -0.0103582 -0.16038 0.0830369 0.00165696 -0.0147764 -0.0229042 -0.0283163 0.0153367 0.000353084 0.177844 -0.00291939 -0.000594557 -0.000180281 0.00610329 -0.0013816 0.170783 0.170796 0.161539 -0.000995571 -0.00294512 -0.0394206 0.00677358 0.018728 0.00719944 0.000200815 0.0477481 0.077138 0.0782113 0.175866 -0.111634 -0.177394 -0.0418758 -0.119634 -0.0763818 -0.163658 -0.00115168 0.120383 -0.00237286 -0.00209114 -0.000921583 3.2848e-05 0.000831338 -0.00121115 -0.00010897 -0.00031735 -0.0315209 -0.00145646 
