0.240514 -0.0215434 -0.0436632 -0.0116789 -0.0171143 -0.00264624 -0.0118781 -0.00124773 0.000129132 -0.0038613 -0.0498661 -0.00861194 -0.00283297 -0.0210184 -0.0173892 -0.00226431 -0.00125924 0.0370908 -0.000209027 -0.0221349 -0.00126259 -0.000551697 -8.13205e-05 -0.0133067 0.000685049 0.0889795 -0.00125897 -0.0117675 0.0823736 -0.0191567 0.0450353 -0.0982862 0.0172538 -0.000567944 2.39522e-05 -0.0640132 5.12284e-05 -0.00105995 -8.06065e-05 -0.0075007 0.0560675 -0.000428594 -0.00342896 -0.000204985 0.010086 -0.0295858 -0.00293549 0.000575347 0.0189151 1.32521e-05 -0.012732 -0.00749254 -0.0205415 0.000245227 -0.00155821 -0.00682549 0.00506983 -0.0471189 -0.0162779 -0.000752348 -0.00246524 -7.53336e-05 0.0200879 0.030774 0.0639999 -0.00704927 0.0139334 0.000174245 -0.00141905 -0.00113142 -0.000130729 0.000558209 0.000679292 0.00135548 0.0586948 0.0219704 0.0024452 0.00312556 -0.0113537 -0.00423915 -0.00958685 -0.000104661 -0.00390493 0.0324685 0.00173037 -0.00254803 -0.00339519 -0.000188872 0.00237609 -9.72762e-05 -0.0474576 -0.00105072 -0.00698304 -0.0147463 -0.0143483 -0.0173246 -0.0747097 -0.0387832 0.0151693 -0.00156208 
-0.0215434 0.0803265 -0.0273531 -0.00157795 -0.00344541 0.000713409 -0.00166499 -0.000165278 0.000187379 -0.000560548 -0.0159563 -0.0013127 0.00646859 -0.00474179 0.0307087 -0.0016006 -0.000295009 -0.0322422 -5.59475e-05 0.0128842 0.00551706 9.30369e-05 -6.1147e-05 0.0272666 0.0107909 -0.0162457 0.00560394 0.022787 -0.0152723 -0.00376308 -0.0413567 -0.03182 -0.000320822 0.00057625 -6.45301e-05 -0.00281377 0.000406141 0.000791635 2.48081e-05 -0.00353011 -0.0264638 -8.57905e-05 0.00584662 7.87072e-05 -0.0027304 0.0148264 0.00902651 6.89793e-05 -0.0391931 0.000447477 0.0255935 0.0147232 -0.00617719 -0.00011762 0.00407982 0.0133897 -0.000779498 -0.0132081 0.0367758 0.00421176 0.000872365 0.000146272 -0.038442 -0.0317207 -0.0289941 -0.0024544 0.000756637 0.00207008 0.00247339 0.00240784 -0.0119123 0.000674237 -0.000138435 -0.00539169 -0.000859978 0.000492957 -0.000901556 -9.62556e-05 0.0112541 0.00956954 0.0204053 -2.09075e-05 -0.00126409 0.0224555 0.000309574 -0.000912931 0.00763348 7.91688e-05 -0.0208344 -2.70054e-05 -0.0129683 0.00246595 0.0133754 0.0349294 0.0138409 0.0371796 -0.0305577 -0.0142212 -0.00274009 0.00337049 
-0.0436632 -0.0273531 0.220172 -0.044076 0.0335207 -0.00203556 0.00173949 0.000978951 -0.000448588 0.00256613 0.0689408 -0.00814915 -0.00246048 0.0309115 -0.0143996 -0.00957206 0.00194311 -0.000947892 0.000190136 -0.0149489 -0.000222503 -0.000266565 -0.000200888 -0.0108518 -0.0955429 -0.0805349 -0.00323824 -0.00920648 -0.000852331 0.00101627 0.0156742 0.0948231 -0.00251275 -0.000426759 -6.92742e-05 -0.00597504 -4.78462e-05 -0.00072264 -6.39332e-05 0.00305941 -0.0620646 -0.000396266 -0.00380688 0.000189411 -0.0067764 0.0209743 -0.00377242 -0.00065122 0.0145356 -0.00129095 -0.0103758 -0.00606047 0.0297239 0.000606035 -0.00168841 -0.00553405 0.00862785 0.0797061 -0.0575588 -0.00106681 -0.00239106 -3.17488e-05 0.0166941 -0.00438603 -0.0399957 0.0110189 -0.0354336 -0.00442392 -0.00115281 -0.000898656 0.0368407 -0.00114319 -0.000306997 -0.0220896 -0.0698624 -0.0113791 -0.00489585 -0.00238579 -0.00687825 -0.00390299 -0.00811929 1.47677e-05 -0.00454915 -0.0560924 -0.00136789 -0.000467119 -0.00276478 -0.000131646 -0.0106362 7.93741e-05 0.0238786 -0.000897904 -0.000302765 -0.013793 -0.00711749 -0.0150788 0.0773919 0.089355 -0.0111243 -0.00133911 
-0.0116789 -0.00157795 -0.044076 0.182039 -0.0326983 -0.00528517 0.00215774 -0.00224728 -0.00121188 -0.00347267 -0.0628171 -0.00815434 -0.00254261 -0.0170898 -0.0108379 0.00644702 -0.00259064 0.0645947 -0.000351342 -0.00369481 -0.0059393 -5.05883e-05 5.64891e-05 -0.0102741 0.0937161 0.0779326 -0.00429294 -0.0142028 -0.0403239 0.00817944 -0.0307088 0.00480097 -0.0162132 -0.00102873 -0.000179212 0.0825477 -0.000648273 -0.00176154 -0.000142458 -0.019782 0.0720067 -0.000768134 -0.000133391 -5.63926e-06 -0.0191187 -0.0352636 -0.0106922 -0.000925793 0.0150475 -0.000738583 -0.0148611 -0.0126666 -0.0458533 -0.00171207 0.000383277 -0.0111503 -0.0122174 -0.0369599 0.022259 0.000667177 0.00100559 -0.000168799 0.0165052 0.072491 0.03681 -0.0154482 0.110262 -0.00771964 0.000165862 -0.00111188 -0.081403 0.000640876 -3.86005e-05 -0.048974 0.0102852 -0.00809697 0.00208851 -0.00286778 -0.0156545 -0.00453542 -0.00950543 -0.000371531 -0.00695624 0.0873902 -0.000895089 -0.00310456 -0.00539734 -0.000106414 -0.0271429 -9.87137e-05 -0.0323874 4.53419e-06 0.00230526 -0.0127733 0.00433472 -0.0143132 -0.046761 -0.05748 -0.0142261 -0.000644815 
-0.0171143 -0.00344541 0.0335207 -0.0326983 0.0585723 -0.00021083 -0.00108591 0.00221697 0.000114599 0.00109414 0.0421058 -0.00067342 8.52839e-05 0.0163863 -0.00174769 -0.00214818 6.76172e-05 -0.0169636 0.000471458 -0.00193123 -0.00160006 -0.000100805 0.000100315 -0.000903123 -0.032788 -0.0375303 -0.0005183 -0.00185003 -0.00780435 0.00105276 -0.00725087 0.0198203 -0.0030146 7.08309e-05 2.86889e-05 -0.0160469 3.02542e-05 -0.000120867 -9.62837e-06 0.00561155 -0.0404983 -3.01435e-05 -0.000393792 3.89689e-05 -0.000154983 0.013921 -0.000957162 -0.00012147 -0.000441706 -0.000186313 -0.00183069 -0.00115675 0.0322849 -8.63953e-05 0.000236528 -0.00104837 -0.000885319 0.0315697 -0.0119743 0.000157658 -0.000485988 7.86491e-05 0.00138954 -0.0268003 -0.0178301 0.0145718 -0.026881 0.000196009 4.36071e-05 -4.05165e-05 0.0272441 -7.94893e-05 -0.000102484 0.00172484 -0.023527 -0.00386399 -0.00102773 -0.000694286 0.00289361 -0.000343827 -0.00119076 -3.5111e-05 -0.000764487 -0.0374445 -0.000190636 -0.000729682 -0.000481474 2.61995e-05 -0.00733211 7.58149e-06 0.0154035 0.000183505 0.000110456 -0.00170716 -0.0002576 -0.00171026 0.0346054 0.0455109 -0.00270811 2.56423e-06 
-0.00264624 0.000713409 -0.00203556 -0.00528517 -0.00021083 0.00833856 0.00448656 0.000115325 -1.5018e-06 0.00161896 -0.000529057 0.000282723 0.000144565 0.00565833 0.000738434 -0.000160403 0.000115968 -0.0065455 -5.68187e-06 0.00275654 -9.27737e-05 -1.37511e-05 9.34375e-08 0.000343111 -0.00320377 -0.00552424 -4.5152e-05 0.000878825 -0.00159903 -0.000445735 -0.00379743 -0.00245095 -0.000512578 0.000949026 3.19505e-05 -0.00274997 -7.66751e-06 0.000281619 1.71009e-05 0.000104363 -0.00213963 0.000669715 0.000651317 -4.36688e-06 -0.000282214 0.000160038 0.00137811 4.6037e-05 -0.00163796 0.000338049 0.0010449 0.00104303 -0.000259729 0.000139625 -3.30704e-05 0.00090089 0.00178908 0.0044852 -0.000264011 0.000840778 -5.64785e-05 4.77574e-06 -0.00257628 -0.00519045 -0.00555151 0.0057043 0.000684855 -7.2395e-05 -2.16529e-05 0.000283097 -0.00110402 -2.84772e-05 -1.36172e-05 -0.000577951 -0.00271294 -0.000510908 -0.000143667 0.000463572 -0.00016897 0.000168462 0.000818957 8.26477e-05 0.00326933 -0.00547879 9.16277e-05 0.00377691 9.04801e-05 0.000176245 0.00398558 1.40463e-06 -0.000328265 -1.83753e-05 -0.000217028 0.00089416 0.000855497 0.00126247 0.00376164 -0.00133413 0.00116646 -1.48318e-05 
-0.0118781 -0.00166499 0.00173949 0.00215774 -0.00108591 0.00448656 0.0335821 0.000126208 1.51301e-05 0.00191988 0.00619835 0.00383524 -0.000119408 0.0123966 -0.00113845 -0.000931747 5.39372e-05 -0.00967295 -1.5726e-05 0.0141883 -0.00109977 -7.94201e-05 2.96669e-05 -0.000681303 -0.0158301 -0.0204995 -0.000319483 -0.00107451 -0.00686411 -0.00141198 -0.0100801 0.00919322 -0.00200906 0.000472249 1.88282e-05 0.00409016 -6.77468e-05 3.86307e-05 -8.04136e-06 0.00215094 -0.0147349 0.000612507 0.00123953 -1.15585e-05 -0.00123836 -0.00211741 -0.00033342 -7.53992e-05 0.000401398 0.00080554 -0.00110165 -0.000635945 -0.00230955 -1.61725e-05 -9.39795e-05 -0.000577487 0.00246306 0.0191175 -0.00630894 0.00571941 -0.000147962 4.00806e-06 -0.00175889 -0.00406303 -0.0211313 0.00621669 0.00874218 -0.000263691 0.000108975 -2.54459e-05 -0.0046192 -0.000105817 -5.9609e-05 -0.00525855 -0.013798 -0.00166646 -0.000657255 0.000911949 -0.000890146 0.000442407 -0.000779483 3.66426e-05 0.00339175 -0.0114503 -2.25443e-05 0.00246492 -0.000295264 0.000259368 0.00681123 -9.40894e-06 0.00177958 3.70059e-05 -0.000682606 -0.00118626 0.0112588 -0.00128131 0.0189444 -0.00172481 -0.000424268 -7.32615e-05 
-0.00124773 -0.000165278 0.000978951 -0.00224728 0.00221697 0.000115325 0.000126208 0.0032145 5.45598e-06 8.93813e-05 0.00161668 0.000563804 -1.82626e-05 0.000389947 0.000452794 -0.000106226 5.33111e-06 -0.0024505 9.04721e-05 0.00049514 1.06342e-05 -5.35554e-06 5.95306e-06 0.000382272 -0.00171952 -0.00208583 -1.99059e-05 -1.60357e-06 -0.000613332 0.00028165 -0.00146753 4.29712e-05 -0.000198747 0.000141537 -2.46909e-06 -0.00101391 3.00128e-05 2.27642e-05 4.75465e-06 1.73025e-05 -0.00216551 1.19054e-05 5.23807e-05 1.26784e-06 9.07137e-06 0.00057747 1.46631e-05 -1.01782e-05 -0.000982506 -9.52533e-06 -8.96163e-07 -4.98345e-06 0.00225119 3.98229e-05 9.85987e-06 2.44222e-05 9.65469e-06 0.00190885 -0.000490192 -5.82892e-05 -4.36217e-06 4.46929e-06 -0.000698069 -0.00175756 -0.00196095 0.00176886 -0.00198741 0.000559376 0.000428491 4.30698e-05 0.00200986 -1.2692e-05 -6.18937e-06 -1.30487e-05 -0.000727681 -0.000181701 -6.34696e-05 -2.39702e-05 0.000574777 1.31231e-05 5.29059e-05 2.31197e-05 0.000269997 -0.0021366 2.49615e-05 5.43552e-05 -2.37504e-05 0.000113997 -0.000272045 1.42621e-05 0.000977635 -5.895e-06 0.000148089 -2.18013e-05 0.000278742 0.000215092 0.00140596 0.00184646 -0.000123039 6.67893e-05 
0.000129132 0.000187379 -0.000448588 -0.00121188 0.000114599 -1.5018e-06 1.51301e-05 5.45598e-06 0.00192558 0.000108964 0.000730039 0.000666466 4.96211e-05 -0.000112297 -3.33457e-05 -5.79844e-05 -3.52707e-06 -0.00115705 1.13296e-05 0.000407488 -6.96055e-05 4.01706e-06 1.50629e-07 -1.26298e-05 -0.00102233 -0.001053 1.17282e-05 2.79436e-05 0.000101998 -9.51299e-05 0.000638302 0.000181422 0.000561632 1.69728e-05 -1.47714e-06 -0.00109356 -4.48778e-06 2.15184e-06 7.65207e-07 0.000732617 -0.00114313 8.65219e-05 6.31823e-05 -2.87794e-07 0.000203138 -3.96224e-05 0.000103289 4.8865e-07 -0.000563192 5.33456e-05 1.83447e-05 -3.82932e-06 0.000620343 2.48844e-06 3.56521e-07 -3.56432e-06 0.000290041 -0.000209553 -0.000347069 0.00035768 2.89348e-05 1.96036e-05 -0.000748704 -0.00123653 -0.000553066 4.87974e-05 -0.000761605 0.000152335 1.70602e-06 3.86677e-07 0.000627646 -4.57559e-06 -3.7028e-06 0.000698405 -0.000590059 -3.92127e-07 -3.57744e-05 3.52047e-05 0.000130366 0.00037487 -1.8964e-05 -5.12735e-07 -1.86968e-05 -0.000974013 0.000133651 -1.75209e-05 -4.91776e-06 -8.12324e-07 0.000846657 -7.649e-08 0.000694395 6.83202e-06 2.48979e-05 0.000245321 1.71522e-05 0.000243446 0.000577282 0.00033756 -1.71187e-05 1.39739e-07 
-0.0038613 -0.000560548 0.00256613 -0.00347267 0.00109414 0.00161896 0.00191988 8.93813e-05 0.000108964 0.0104577 0.00109938 -6.14033e-05 -5.697e-05 0.00454849 -0.000376196 0.000136092 -2.62385e-05 -0.00385315 -5.34509e-06 8.51831e-05 -0.000292219 -2.14098e-06 -7.79253e-06 2.1155e-06 -0.00369538 -0.00641533 8.80824e-06 2.39501e-05 -0.00175483 -0.000546464 -0.00101072 0.00127215 -0.00062937 8.22614e-05 1.55521e-05 -0.00137701 5.26105e-06 -2.05109e-05 -2.08728e-06 0.00153779 -0.00141062 8.38045e-05 -1.95173e-05 5.59179e-06 0.00130899 0.000997177 -0.000130675 -3.23475e-05 -0.000256626 -2.344e-05 -2.31548e-05 -0.000157839 0.00286939 -2.12572e-05 3.13449e-06 -0.000137591 0.000228495 0.00295953 -0.00154964 -0.000191713 -7.17067e-05 -2.55954e-06 -0.000126661 -0.00251495 -0.00538366 0.00144606 -0.00108 -2.45005e-05 -3.44621e-05 9.35887e-05 0.00188301 -1.93156e-05 9.59097e-07 -0.000214734 -0.00262501 -0.000490121 -0.000199316 -3.72857e-05 -0.000377716 8.26934e-05 0.000286793 -3.14338e-06 0.000348239 -0.0063479 -3.17734e-05 0.00125798 3.4763e-05 3.6886e-05 0.0015455 8.87172e-07 0.0026248 -2.01189e-05 -0.000245419 -1.73055e-06 0.000170583 -0.000155464 0.00584669 0.00147491 -0.000245626 -2.74268e-05 
-0.0498661 -0.0159563 0.0689408 -0.0628171 0.0421058 -0.000529057 0.00619835 0.00161668 0.000730039 0.00109938 0.153337 0.0124105 -0.00136413 0.0257491 -0.00815937 -0.00639733 0.00241952 -0.0464511 0.000246655 0.0146521 -0.00424484 -0.000487674 -6.87455e-05 -0.00497211 -0.0908768 -0.116194 -0.00113319 -0.00579431 -0.0194173 -0.00549669 0.0246776 0.0700952 -0.00223832 -0.000145051 -3.40647e-05 -0.000918023 0.000129379 -0.000383235 -4.25702e-05 0.0226854 -0.115931 0.000106766 -0.00176434 -6.67667e-05 -0.00172105 0.0323634 -0.00212119 1.8753e-05 0.00796124 -0.000576447 -0.0059811 -0.00349175 0.041375 0.00035694 -0.000974207 -0.0032013 0.000590097 0.086632 -0.0347048 0.00268218 -0.00135654 5.15347e-05 0.00583255 -0.0403528 -0.0664428 0.0130007 -0.05344 0.000528161 -0.000639932 -0.000489155 0.0490324 -0.000686133 -0.00033026 0.0120772 -0.0566268 -0.0120055 -0.00356021 -0.000379685 0.00951005 -0.00033368 -0.00432973 0.000226135 0.000447456 -0.0735674 -0.000782993 -0.00214776 -0.00157612 -5.50627e-05 -0.00273726 4.2897e-05 0.0368968 -0.000475355 -0.00469794 -0.00739864 0.00479993 -0.00844448 0.110439 0.102742 -0.00669066 -0.000739486 
-0.00861194 -0.0013127 -0.00814915 -0.00815434 -0.00067342 0.000282723 0.00383524 0.000563804 0.000666466 -6.14033e-05 0.0124105 0.027375 -0.000118704 -0.00156518 0.000275187 -0.000788799 6.60887e-05 -0.0081342 -1.93635e-05 0.0144338 -0.000993589 -4.39395e-05 -1.91907e-05 0.00182672 -0.00947713 -0.0119733 9.30102e-06 -0.000750595 -0.00403466 -0.00121887 0.00480784 0.00271448 4.69191e-05 0.000344007 1.33777e-05 -0.00377693 -5.33345e-05 0.000109973 -4.47704e-06 0.00609594 -0.0146758 0.000281308 0.000255008 -3.15575e-06 -0.00050517 -0.00174927 0.000299197 1.37298e-05 -0.00070084 0.000334005 -0.000766661 -0.000303171 0.000975758 8.36373e-05 -9.5532e-05 -0.000352851 -6.40188e-05 -0.001486 -0.00458707 0.0002066 0.000386492 3.48991e-05 -0.00393307 -0.0121136 -0.00588884 -0.000250815 -0.00769324 0.00186929 0.000539127 6.75723e-05 0.0025242 6.61666e-05 -3.36067e-05 0.0131502 -0.00478983 -0.000980706 -0.000474283 -0.000312051 0.00881845 5.47774e-05 -0.000461778 2.51824e-05 0.00395883 -0.0158448 0.000186989 -8.14232e-05 -0.000229745 6.65486e-05 0.0118147 -2.33255e-06 0.0133021 0.000424192 0.000547125 -0.00115245 0.00407971 0.000509841 0.0108066 -0.00181663 -0.000195697 -8.00007e-05 
-0.00283297 0.00646859 -0.00246048 -0.00254261 8.52839e-05 0.000144565 -0.000119408 -1.82626e-05 4.96211e-05 -5.697e-05 -0.00136413 -0.000118704 0.00759586 -0.000477612 0.00345453 -0.000215664 -2.66865e-05 -0.00582337 -4.77955e-06 0.000535901 0.00102544 0.000160567 -8.14538e-06 0.00384074 -0.00241365 -0.00477559 0.000159142 0.00235657 -0.00136086 -0.000409681 -0.00314578 -0.00379549 0.000257301 0.00029055 -5.86051e-06 -0.0018375 4.78429e-05 0.000217547 1.75642e-05 -0.000234791 -0.00529906 -9.66134e-06 0.000915899 2.57804e-05 -0.000247557 0.0011745 0.00474114 4.34415e-05 -0.00678231 -1.59142e-05 0.00397287 0.00316644 -0.000544011 9.68118e-05 0.00201134 0.00120144 -8.42449e-05 -0.00126166 0.00210238 -4.61432e-05 -3.43174e-05 0.000114737 -0.006778 -0.00613222 -0.00507217 -0.000223323 -0.00108174 0.00065133 0.000108415 0.00110333 -0.00099166 -1.21013e-05 -1.44241e-05 0.0015466 -0.00224964 -0.000418553 -0.000147288 -9.41547e-05 0.0033187 0.00160191 0.00114502 -2.39135e-06 -0.000105997 0.00205096 1.01188e-05 -4.75138e-05 0.00079363 6.01037e-05 -0.00182452 -8.41322e-07 -0.00116834 0.000927392 0.00297105 0.00609054 0.0034207 0.00613764 -0.00250156 -0.0012673 -0.000176158 0.000471925 
-0.0210184 -0.00474179 0.0309115 -0.0170898 0.0163863 0.00565833 0.0123966 0.000389947 -0.000112297 0.00454849 0.0257491 -0.00156518 -0.000477612 0.0600944 -0.00270229 -0.00167945 0.000671893 -0.018664 0.000253404 0.00317871 -0.00049998 -0.000159398 4.35642e-05 -0.00182897 -0.0302707 -0.0384339 -0.000542137 -0.00166865 -0.0120893 -0.00278163 -0.0186284 0.0170237 -0.00406958 0.000459854 4.421e-05 0.00281315 -9.32003e-05 1.15105e-05 -6.98674e-06 -0.00059694 -0.0265898 0.000598884 0.000419501 -1.02368e-05 -0.00107821 0.0105222 -0.000404362 -0.000117026 0.00210712 0.000468691 -0.00193994 -0.00116252 0.0119173 0.000467477 -0.000328985 -0.00107107 0.00334949 0.0464443 -0.011227 0.00454164 -0.000502983 7.93113e-06 0.00150012 -0.0168538 -0.0413277 0.0163418 -0.00362931 -0.000767111 -0.000222175 -1.36489e-05 0.00869301 -0.000261103 -0.000107084 -0.00912299 -0.0165272 -0.0039973 -0.00119513 0.000930042 -0.00228605 0.000200096 -0.00115515 8.2187e-05 0.0031345 -0.0303394 -0.000250381 0.00353047 -0.000486804 0.000141756 -0.00221821 -1.24239e-05 -0.00278101 -0.000156744 -0.00158128 -0.00249795 0.000952534 -0.00227731 0.0381746 0.0288382 0.000458734 -0.000237383 
-0.0173892 0.0307087 -0.0143996 -0.0108379 -0.00174769 0.000738434 -0.00113845 0.000452794 -3.33457e-05 -0.000376196 -0.00815937 0.000275187 0.00345453 -0.00270229 0.0425159 -0.000841641 -2.67194e-05 -0.0319243 4.08803e-05 0.0101632 0.00725826 3.80608e-05 -8.39041e-06 0.0247811 0.00588056 -0.0218453 0.00297598 0.0206498 -0.00882668 -0.00235007 -0.0228265 -0.0209951 -0.00234182 0.000204986 -3.21897e-05 -0.00254907 0.000237268 0.00196156 0.000145305 -0.00179272 -0.025536 -5.5681e-05 0.00511848 4.29984e-05 -0.00115594 0.0224231 0.00678841 -1.67346e-05 -0.0343043 -0.00015063 0.0237631 0.015891 -0.00249595 -0.000109779 0.00244372 0.0156384 -0.00139622 -0.00651139 0.0252105 -0.000701374 0.00227292 -1.24054e-05 -0.0341021 -0.0305179 -0.0297942 -0.00119648 -0.0138278 0.00280321 0.00285287 0.000890939 -0.00401141 0.000347041 -7.35427e-05 -0.00113038 -0.00373618 -0.0020813 -0.000497949 0.000648757 0.0083869 0.00437773 0.0167833 4.72463e-05 -0.000342219 0.00395608 -4.68634e-06 -0.000141211 0.00537945 0.000158935 -0.00976342 2.24594e-06 -0.00547551 0.00127593 0.0105598 0.0269908 0.0106476 0.033074 -0.0159556 -0.00495967 -0.00117921 0.00312382 
-0.00226431 -0.0016006 -0.00957206 0.00644702 -0.00214818 -0.000160403 -0.000931747 -0.000106226 -5.79844e-05 0.000136092 -0.00639733 -0.000788799 -0.000215664 -0.00167945 -0.000841641 0.0334444 -0.000121302 0.00437074 -8.16104e-06 -0.00171586 -0.000659551 1.07468e-05 -8.69823e-06 -0.00112657 0.00616319 0.00963874 -0.000298138 -0.00122951 -0.000424456 0.00162798 -0.0131932 -0.0135203 -0.000537525 -2.99685e-05 0.000183975 0.00578727 -1.82606e-05 -9.51496e-05 -3.76271e-06 -0.00126452 0.00861774 -3.68383e-05 0.000257367 3.97684e-05 0.0010444 -0.00286855 -0.000329141 1.9868e-05 0.00126797 -1.25081e-05 -0.00107237 -0.000637607 -0.00215819 2.82111e-05 -9.68722e-05 -0.000580187 0.000252933 -0.00419762 0.0044435 -0.00051755 7.30907e-05 4.58371e-06 0.00163197 0.00351385 -0.00177027 -0.000857824 0.00593186 -0.000493615 -0.000123329 -5.65623e-05 -0.00401042 -2.50076e-05 0.00023722 -0.0040399 0.00747071 0.00620387 -0.000410222 -5.57132e-05 -0.00137508 -0.000537556 -0.000819302 -2.31986e-05 0.000155545 0.00288947 0.00035964 -0.000204365 -0.000292471 -7.19238e-06 -0.00362241 -7.8613e-06 -0.00274462 -9.05934e-05 -0.000957718 -0.00113447 -0.00116257 -0.00154606 -0.00678982 -0.00602288 0.000583473 -0.000129478 
-0.00125924 -0.000295009 0.00194311 -0.00259064 6.76172e-05 0.000115968 5.39372e-05 5.33111e-06 -3.52707e-06 -2.62385e-05 0.00241952 6.60887e-05 -2.66865e-05 0.000671893 -2.67194e-05 -0.000121302 0.00369763 -0.00259436 7.12501e-07 2.64641e-05 9.58282e-05 -9.74558e-06 2.71281e-06 -1.92495e-05 -0.00179499 -0.00240028 -2.79742e-05 2.63317e-05 -0.000693001 -0.000169653 -0.000170426 0.00125888 -0.000218835 5.95605e-05 1.75843e-06 0.000195803 1.85309e-06 8.30656e-05 -8.57787e-07 0.000247718 -0.00241965 8.89192e-05 -3.18485e-05 1.31731e-06 -0.000116418 0.00212997 -5.2303e-05 -1.16026e-05 5.96261e-05 -1.43826e-05 3.57051e-06 4.74425e-05 0.0011474 -1.71451e-05 -1.40617e-05 5.47909e-05 -5.84644e-05 0.00206939 -0.000555919 -6.38362e-05 6.77073e-06 1.37146e-06 -0.000201501 -0.000767826 -0.00206044 0.000255888 -0.00230259 2.77199e-05 -5.46113e-06 -3.89708e-07 0.00213831 -1.49898e-05 -6.34531e-06 -0.0003963 0.000354478 -0.000227452 -7.32209e-05 -3.56412e-05 2.72286e-05 -6.70933e-05 1.06543e-05 1.14438e-05 0.0001818 -0.00242807 -1.0796e-05 0.000104727 -3.08487e-05 -1.10805e-06 -0.000114319 -7.6116e-07 0.000785646 -1.03264e-05 -5.89185e-05 -2.79276e-05 -0.000113887 -8.15854e-05 0.00208195 0.00236815 -0.00014867 -9.51844e-06 
0.0370908 -0.0322422 -0.000947892 0.0645947 -0.0169636 -0.0065455 -0.00967295 -0.0024505 -0.00115705 -0.00385315 -0.0464511 -0.0081342 -0.00582337 -0.018664 -0.0319243 0.00437074 -0.00259436 0.147804 -0.000245295 -0.0276371 -0.0135033 -7.92791e-05 -0.000111668 -0.0266885 0.0491134 0.0738411 -0.00442089 -0.0205874 0.0194357 0.00667921 0.0200295 0.0071963 0.00882438 -0.00113684 -0.00023743 -0.00236521 -0.000992493 -0.0022029 -0.000136757 -0.016466 0.0740202 -0.000842163 -0.0066376 -3.33347e-05 -0.00834065 -0.0601557 -0.00828462 0.00030369 0.0372734 -0.000733413 -0.0243059 -0.0149231 -0.0280874 0.000464389 -0.00386659 -0.0137893 0.000611796 -0.0441573 -0.00345986 -0.00252202 -0.0011179 -0.000207879 0.0399093 0.0698886 0.0952135 -0.0101389 0.0649438 -0.00903765 -0.00279176 -0.00223156 -0.0464016 0.000125947 -8.80561e-05 0.000326464 0.0118365 -0.00196714 0.00305818 -0.00201323 -0.0150887 -0.00877097 -0.0193367 -0.000283613 -0.00319551 0.028317 9.66559e-05 -0.00303362 -0.00669113 -0.000391915 -0.000397635 -0.00014071 -0.0180469 -0.00223896 -0.0089188 -0.0303453 -0.0231986 -0.0350292 -0.0349827 -0.0488736 -0.00261565 -0.00341953 
-0.000209027 -5.59475e-05 0.000190136 -0.000351342 0.000471458 -5.68187e-06 -1.5726e-05 9.04721e-05 1.13296e-05 -5.34509e-06 0.000246655 -1.93635e-05 -4.77955e-06 0.000253404 4.08803e-05 -8.16104e-06 7.12501e-07 -0.000245295 0.000738543 -3.29307e-05 -2.4124e-05 1.19571e-05 1.35825e-05 -1.69751e-05 -0.000229984 -0.000278196 -6.84724e-06 -1.8923e-05 -0.000122863 1.50032e-06 -0.000331867 7.33635e-05 -2.78799e-05 -8.34354e-07 -5.65871e-07 -0.000210991 9.16045e-06 1.43748e-06 7.62513e-07 -6.52897e-06 -0.000297495 -6.5854e-07 3.11061e-05 1.41064e-06 3.71701e-05 7.04781e-05 -7.33276e-06 -2.43774e-07 -0.000139946 -1.76667e-06 -1.3315e-05 -4.60754e-06 0.000399171 1.57998e-05 5.46563e-07 -4.16102e-06 -1.86699e-05 0.000343221 6.9168e-06 7.08442e-06 1.48902e-06 1.42211e-06 -3.26238e-05 -0.000160327 -0.000327137 0.00027123 -0.000288781 4.69706e-05 2.68325e-05 -7.3784e-07 0.000211939 3.54676e-06 -1.3296e-06 -7.783e-05 -0.000163532 -1.11774e-06 3.65879e-05 1.7981e-05 2.06275e-05 -3.08987e-06 -1.37911e-05 1.51789e-06 -1.08951e-05 -0.000399386 6.9296e-06 -4.3493e-06 -6.12701e-06 1.55995e-06 -0.000115984 2.95462e-07 -2.92402e-06 -1.71196e-06 -1.6178e-05 -1.95557e-05 -2.40359e-05 -1.25621e-05 0.00026835 0.000410958 -2.17556e-05 2.76432e-05 
-0.0221349 0.0128842 -0.0149489 -0.00369481 -0.00193123 0.00275654 0.0141883 0.00049514 0.000407488 8.51831e-05 0.0146521 0.0144338 0.000535901 0.00317871 0.0101632 -0.00171586 2.64641e-05 -0.0276371 -3.29307e-05 0.0528608 -0.00167123 -0.000122983 -5.0162e-05 0.0139775 -0.0185411 -0.0338792 0.002715 0.00366395 -0.0110368 -0.00222148 -0.00741407 0.00579252 -0.00273667 0.000632499 -3.8406e-05 0.000466104 0.000208488 0.000677286 2.42467e-06 0.00481748 -0.0348031 0.000955263 0.00467929 -1.07527e-05 -0.00203034 0.00215672 0.00172542 7.46125e-05 -0.0146843 -2.6397e-05 0.00384833 0.000902369 -0.00109447 5.09742e-05 0.000662995 0.000714499 -1.10267e-05 0.00635894 -0.00212933 0.00434679 0.000144196 -6.48997e-06 -0.0191169 -0.0240151 -0.0285022 0.00223035 0.00107428 0.00351383 0.003037 0.00126139 -0.00410314 0.000284276 -9.09818e-05 0.00299925 -0.0164529 -0.0032385 -0.00110355 0.00151854 0.0135718 0.00587311 0.00752467 0.000110595 0.00351055 -0.0126288 -2.46069e-06 0.000865507 0.00215125 0.000251864 0.00429924 -9.93322e-06 0.00904664 0.00172367 0.00738234 0.00708034 0.0207355 0.0136869 0.01514 -0.00228654 -0.00110585 0.00214674 
-0.00126259 0.00551706 -0.000222503 -0.0059393 -0.00160006 -9.27737e-05 -0.00109977 1.06342e-05 -6.96055e-05 -0.000292219 -0.00424484 -0.000993589 0.00102544 -0.00049998 0.00725826 -0.000659551 9.58282e-05 -0.0135033 -2.4124e-05 -0.00167123 0.0430003 7.18066e-05 -4.45149e-05 0.00451119 0.00172603 0.00114048 0.000156248 0.0066411 -0.00394343 -0.00235843 -0.00410915 -0.00919525 -0.00260226 0.000196465 -2.83304e-05 -0.0011457 -5.96333e-05 0.0010177 0.000126638 -0.00151781 -0.001562 -4.99394e-05 -0.000465454 7.402e-05 -0.000204529 0.0151884 0.00165195 -1.06471e-05 -0.00672369 7.33642e-05 0.00713073 0.00624871 -0.00104684 -0.00028413 -6.43193e-05 0.00379809 -0.000608141 -0.00175436 0.00372531 -0.000336475 0.000155897 1.19025e-05 -0.00601673 -0.0076002 -0.0106871 -0.000431413 -0.0133345 0.00117936 -0.000154658 -6.94043e-05 -0.00316453 -6.2884e-05 0.000218047 -0.00614661 -0.00557986 0.0052399 -0.000565092 -0.000192778 -0.00159125 0.000745198 0.00165598 7.12019e-05 -0.000492775 0.00546285 -0.000143387 -0.000354712 0.00306452 -2.10595e-05 -0.00287679 -7.79195e-06 -0.0064027 4.37171e-05 -6.6811e-05 0.00639276 -0.00135568 0.00598845 -0.0071748 0.00144809 0.00273852 -1.82816e-05 
-0.000551697 9.30369e-05 -0.000266565 -5.05883e-05 -0.000100805 -1.37511e-05 -7.94201e-05 -5.35554e-06 4.01706e-06 -2.14098e-06 -0.000487674 -4.39395e-05 0.000160567 -0.000159398 3.80608e-05 1.07468e-05 -9.74558e-06 -7.92791e-05 1.19571e-05 -0.000122983 7.18066e-05 0.00262193 -1.19084e-06 5.96305e-05 0.000274369 0.00064961 -2.02945e-05 -2.58081e-05 -0.000368873 0.000370689 -0.000329646 4.96489e-05 -0.000147637 -2.41493e-06 -2.01273e-06 3.35649e-05 -2.08863e-06 -6.66818e-06 -6.07584e-07 -9.15154e-05 0.000432779 -1.51686e-06 6.6815e-05 4.74565e-06 -2.25609e-05 -0.000185883 1.80199e-05 -7.59698e-06 -0.000194425 -5.57722e-06 0.000187082 1.85627e-06 -0.000132817 -1.58482e-05 3.98543e-05 -6.24335e-06 -6.24028e-05 -0.000432416 -0.000156447 -6.59377e-06 -1.57109e-06 4.22888e-06 -0.000120344 -0.000234342 0.00020541 -7.58489e-05 0.000198832 0.000214149 -4.08659e-06 5.14158e-05 -0.000315627 5.54732e-05 6.08794e-06 -0.000375875 -0.000246428 -5.86691e-05 5.4986e-05 3.74415e-07 0.000106236 -1.56071e-06 -3.40997e-05 -6.42069e-07 -2.83595e-05 0.000427555 -9.73897e-06 9.41345e-07 8.14753e-06 1.51146e-06 -0.000129374 6.50321e-08 -0.000177703 3.64634e-05 -5.34699e-05 0.000126435 5.71665e-05 0.000148183 -0.000845933 -0.000411102 0.000376423 4.63284e-05 
-8.13205e-05 -6.1147e-05 -0.000200888 5.64891e-05 0.000100315 9.34375e-08 2.96669e-05 5.95306e-06 1.50629e-07 -7.79253e-06 -6.87455e-05 -1.91907e-05 -8.14538e-06 4.35642e-05 -8.39041e-06 -8.69823e-06 2.71281e-06 -0.000111668 1.35825e-05 -5.0162e-05 -4.45149e-05 -1.19084e-06 0.00135986 -4.27606e-05 0.000249114 3.81094e-05 7.67832e-06 -3.56436e-05 -0.000180103 9.5018e-07 -0.000607665 -0.000400359 -4.85543e-05 -1.8876e-06 2.39076e-06 -2.24231e-07 1.06874e-05 -1.45908e-06 6.30561e-08 3.27314e-05 -6.64828e-05 -1.62745e-06 8.20775e-05 -8.01061e-07 -2.62701e-05 -6.22203e-05 0.000173286 2.978e-05 -5.61655e-05 3.9644e-05 1.06912e-05 3.23461e-05 -1.17185e-05 1.50863e-05 -2.17567e-06 1.81761e-05 -3.74106e-05 2.86977e-05 0.000357049 8.88443e-05 1.42298e-05 -4.91517e-07 1.93582e-05 1.93335e-06 -6.17956e-05 0.000116567 6.89681e-07 -2.00318e-05 -3.92921e-06 7.30227e-07 6.70875e-06 3.26015e-05 -1.09123e-06 9.51361e-05 0.000228087 -7.21751e-05 -1.18294e-06 -5.69936e-06 -5.45746e-05 -2.23344e-05 -2.31721e-05 3.92577e-06 3.90713e-06 -0.00043932 -6.07642e-06 -8.94566e-06 -8.34003e-06 5.33255e-06 -0.000148877 9.27285e-06 -0.000208193 -3.78875e-06 -2.50578e-05 2.59273e-05 3.43248e-06 -1.37732e-05 -6.33601e-06 -2.91486e-05 8.40718e-06 1.36803e-05 
-0.0133067 0.0272666 -0.0108518 -0.0102741 -0.000903123 0.000343111 -0.000681303 0.000382272 -1.26298e-05 2.1155e-06 -0.00497211 0.00182672 0.00384074 -0.00182897 0.0247811 -0.00112657 -1.92495e-05 -0.0266885 -1.69751e-05 0.0139775 0.00451119 5.96305e-05 -4.27606e-05 0.0321028 -0.00261405 -0.0214758 0.00435718 0.0151935 -0.00660241 -0.00176796 -0.0149728 -0.0136623 -0.00113736 0.000353488 -2.52009e-05 -0.00467603 0.000295992 0.000844213 9.39217e-06 -0.000625557 -0.0235977 2.33766e-06 0.00424672 7.92027e-05 -0.00115852 0.0119936 0.00570481 -1.78117e-05 -0.0293919 -0.00013576 0.0166927 0.0107372 -0.0022357 -0.000158536 0.00325816 0.00972735 -0.000910665 -0.00552092 0.01172 -0.00084292 1.08801e-05 1.48254e-05 -0.0303415 -0.0280331 -0.0224933 -0.00091941 -0.00879046 0.00358927 0.00318084 0.00170134 -0.00410789 0.0003379 -6.29737e-05 1.41193e-05 -0.00963054 -0.00159246 -0.000649235 0.0003895 0.0125941 0.00614288 0.0133873 3.918e-05 0.000298369 0.00452234 0.00011327 2.68524e-05 0.00486061 0.000213258 -0.00637617 -9.10919e-06 -0.00237573 0.0016354 0.011509 0.021971 0.0129264 0.0284953 -0.0109579 -0.00590134 -0.000999481 0.00321198 
0.000685049 0.0107909 -0.0955429 0.0937161 -0.032788 -0.00320377 -0.0158301 -0.00171952 -0.00102233 -0.00369538 -0.0908768 -0.00947713 -0.00241365 -0.0302707 0.00588056 0.00616319 -0.00179499 0.0491134 -0.000229984 -0.0185411 0.00172603 0.000274369 0.000249114 -0.00261405 0.245118 0.108488 -0.00190851 0.00592274 -0.0392821 0.0165952 -0.0603044 -0.0286859 -0.0143463 -0.000613156 -0.000406289 0.0533557 -0.00104125 0.0003931 4.88128e-05 -0.02009 0.0971745 -0.000743622 -0.000569863 -0.000170277 -0.0189736 -0.0230528 -0.00332613 -0.000778405 0.0035465 -0.0018129 0.00531543 0.00385832 -0.0353954 -0.00187243 -0.00119875 0.00523666 -0.0079824 -0.0867441 0.0793317 -0.0125581 0.0013611 -0.000199253 0.00358425 0.0501174 0.0864776 -0.0156411 0.0822053 -0.00916152 -0.00197831 -0.000777464 -0.060044 0.000513739 0.000379426 -0.0408096 0.0556124 -0.0239286 0.00157598 -0.000209705 -0.0203335 -0.00851565 0.0031378 -0.000225806 -0.00787839 0.0639071 -0.00245024 -0.00638206 -0.00112441 -0.000239325 -0.0425699 -7.9087e-05 -0.042188 -0.00153216 -0.00852337 0.00399199 -0.0113694 -0.000194128 -0.0776898 -0.0941991 0.00455462 -0.000281177 
0.0889795 -0.0162457 -0.0805349 0.0779326 -0.0375303 -0.00552424 -0.0204995 -0.00208583 -0.001053 -0.00641533 -0.116194 -0.0119733 -0.00477559 -0.0384339 -0.0218453 0.00963874 -0.00240028 0.0738411 -0.000278196 -0.0338792 0.00114048 0.00064961 3.81094e-05 -0.0214758 0.108488 0.224766 -0.00457197 -0.0199742 0.0345258 0.0071152 -0.00615 -0.0874922 -0.0116566 -0.00093024 -1.69959e-05 0.00902522 -0.00031855 -0.0015973 -0.000140853 -0.0238732 0.156929 -0.000789674 -0.00446664 -8.23185e-05 0.00485528 -0.0437289 -0.0101447 -0.00106756 0.0319202 -0.000392231 -0.0187466 -0.0120102 -0.0414985 -0.00283838 -0.00259091 -0.0109425 -0.0122923 -0.0854848 0.0221018 -0.00708903 0.00102873 -0.000206172 0.0332597 0.0844014 0.100174 -0.0187601 0.0486305 -0.00635719 -0.0022751 -0.00180314 -0.0294999 0.000377452 0.000599088 -0.00716558 0.108541 0.0206777 0.00582139 -0.000332712 -0.0242521 -0.0112064 -0.0159033 -0.000330053 -0.00583319 0.105796 0.000485942 -0.00199993 -0.00555972 -0.000314674 -0.0263514 -2.68373e-05 -0.0616461 -0.00166424 -0.0119509 -0.0234404 -0.0205386 -0.0280749 -0.144522 -0.082031 0.00484006 -0.00250219 
-0.00125897 0.00560394 -0.00323824 -0.00429294 -0.0005183 -4.5152e-05 -0.000319483 -1.99059e-05 1.17282e-05 8.80824e-06 -0.00113319 9.30102e-06 0.000159142 -0.000542137 0.00297598 -0.000298138 -2.79742e-05 -0.00442089 -6.84724e-06 0.002715 0.000156248 -2.02945e-05 7.67832e-06 0.00435718 -0.00190851 -0.00457197 0.0106224 0.00544072 0.0010951 -0.000554211 -0.00165768 -0.00246574 0.00133062 1.61046e-05 -4.94338e-06 -0.00656721 3.3171e-05 0.000226369 -1.87062e-06 -0.00032781 -0.0060475 -6.31026e-06 0.000246478 -3.65252e-06 0.000121369 0.00212225 0.00193919 0.000286344 -0.0062605 -5.38277e-06 0.00537785 0.00105484 -0.000727954 0.000275441 3.10546e-05 0.00166002 -7.12757e-05 -0.00171244 0.00109461 0.000142737 -5.00831e-05 -3.59806e-06 -0.00648184 -0.00589524 -0.00389298 -0.000279632 -0.00498333 -1.00403e-05 1.27023e-05 0.000451626 -0.000324941 0.0004602 9.45584e-05 0.00269978 -0.00203008 -7.14699e-06 -0.000203917 0.00116939 0.0020263 0.00408774 0.00616013 3.64884e-06 0.000602897 -0.00153147 0.0002192 -1.48124e-05 0.00316731 2.95907e-06 -0.00127473 -2.55588e-06 -0.00148881 5.9424e-05 0.000353123 0.00591443 5.23458e-05 0.00605074 -0.00347359 -0.00186947 -0.000291551 0.000437037 
-0.0117675 0.022787 -0.00920648 -0.0142028 -0.00185003 0.000878825 -0.00107451 -1.60357e-06 2.79436e-05 2.39501e-05 -0.00579431 -0.000750595 0.00235657 -0.00166865 0.0206498 -0.00122951 2.63317e-05 -0.0205874 -1.8923e-05 0.00366395 0.0066411 -2.58081e-05 -3.56436e-05 0.0151935 0.00592274 -0.0199742 0.00544072 0.0347796 -0.00689281 -0.000915913 -0.0142006 -0.0071794 -0.00102474 0.000487879 -2.68585e-05 -0.0132692 1.62255e-05 0.00209897 0.000160505 -0.00142078 -0.018592 -4.02221e-05 0.00168257 1.48363e-05 -0.00128084 0.0155177 0.00657695 0.000241622 -0.0247805 -0.000133134 0.0243744 0.0154927 -0.00207335 0.000383465 0.000393759 0.0145945 -0.000825176 -0.00464448 0.0197882 -0.000219922 0.000763546 -6.94603e-06 -0.024897 -0.0214382 -0.0168448 -0.000826531 -0.0142103 -0.000368909 -8.20602e-05 0.0014412 -0.00367422 1.04069e-05 -6.30158e-05 0.000123359 -0.0092589 -0.00152634 -0.00069836 0.000645638 0.000739522 0.00579557 0.01686 -1.98642e-05 -0.000300073 0.00088874 0.000207044 -0.000372663 0.00694644 8.6478e-06 -0.00555865 -6.83484e-06 -0.00523947 -1.33577e-05 0.00118181 0.0239652 -0.000378225 0.0239493 -0.00722935 -0.00564596 -0.000408817 0.00103398 
0.0823736 -0.0152723 -0.000852331 -0.0403239 -0.00780435 -0.00159903 -0.00686411 -0.000613332 0.000101998 -0.00175483 -0.0194173 -0.00403466 -0.00136086 -0.0120893 -0.00882668 -0.000424456 -0.000693001 0.0194357 -0.000122863 -0.0110368 -0.00394343 -0.000368873 -0.000180103 -0.00660241 -0.0392821 0.0345258 0.0010951 -0.00689281 0.159757 -0.00721459 0.0545326 -0.0456385 0.0285598 -0.000284325 9.8494e-05 -0.0723719 -2.3945e-05 -0.00052995 -1.94865e-05 -0.00362691 0.0202466 -0.000226695 -0.00183663 -4.6251e-05 0.0121318 -0.0163129 0.000315231 0.000980216 0.00791868 -0.000327311 -0.006354 -0.00371695 -0.00937956 0.000696969 -0.000875723 -0.0033839 0.00866207 -0.0270474 -0.0385811 -0.00369105 -0.000577321 -3.57229e-05 0.0100174 0.0141844 0.0348909 -0.0053968 -0.0387105 -0.000311434 -0.000709966 -0.000562323 0.025177 4.42029e-05 0.000322883 0.0432838 0.0132776 0.0131677 0.00239585 0.00200337 -0.000481062 -0.00182002 -0.00502552 -5.95121e-05 -0.000615942 0.0128647 -0.000104098 -0.000670437 -0.00168917 -9.35218e-05 -0.00342735 -1.25499e-05 -0.0208658 -0.000551844 -0.000619757 -0.00812181 -0.00719396 -0.00895738 -0.0516236 -0.0138042 0.00165277 -0.000823885 
-0.0191567 -0.00376308 0.00101627 0.00817944 0.00105276 -0.000445735 -0.00141198 0.00028165 -9.51299e-05 -0.000546464 -0.00549669 -0.00121887 -0.000409681 -0.00278163 -0.00235007 0.00162798 -0.000169653 0.00667921 1.50032e-06 -0.00222148 -0.00235843 0.000370689 9.5018e-07 -0.00176796 0.0165952 0.0071152 -0.000554211 -0.000915913 -0.00721459 0.0506949 -0.0202582 0.0131009 -0.00125179 -7.7006e-05 -3.13437e-05 0.0080617 -0.000116103 -0.0001462 1.35868e-05 -0.00189238 0.00968109 -5.55952e-05 -0.000354015 4.33147e-07 -0.00168024 -0.00252608 -0.000954395 -0.000146255 0.00228212 -0.000196867 -0.0016609 -0.000997475 -0.000329876 -0.000253365 -0.000224464 -0.000893558 -0.0015418 -0.0032449 0.0014078 -0.00103243 -2.45142e-05 -1.86009e-05 0.00270401 0.00239636 0.00999949 -0.000808655 0.00515568 -0.000696222 -0.000178131 -0.000134465 -0.00394364 3.69307e-05 1.86087e-05 -0.00552637 -0.0150844 -0.00311531 -0.000295085 -0.000546499 -0.00128629 -0.000978678 -0.00122709 -3.33818e-05 -0.000501135 -0.000425351 -0.000203496 -0.000633611 -0.000439033 -2.39991e-05 -0.00996637 1.31628e-06 0.00551345 -0.000146522 -0.00150843 -0.00218179 -0.00175952 -0.00239051 -0.00140887 -0.0053712 -0.000170044 -0.000218474 
0.0450353 -0.0413567 0.0156742 -0.0307088 -0.00725087 -0.00379743 -0.0100801 -0.00146753 0.000638302 -0.00101072 0.0246776 0.00480784 -0.00314578 -0.0186284 -0.0228265 -0.0131932 -0.000170426 0.0200295 -0.000331867 -0.00741407 -0.00410915 -0.000329646 -0.000607665 -0.0149728 -0.0603044 -0.00615 -0.00165768 -0.0142006 0.0545326 -0.0202582 0.247686 0.0119996 0.0122949 -0.000728126 -0.000172139 -0.0752954 -0.000723987 -0.00145391 -9.718e-05 0.0048473 8.62223e-05 -0.00014204 -0.00585294 -0.000267438 0.00235309 -0.017288 -0.00471018 9.93089e-05 0.0238436 -0.000533813 -0.0159214 -0.0100077 0.00270506 0.000598086 -0.00261473 -0.00924254 0.0011934 -0.0139375 -0.0927374 -0.00402408 -0.00318729 2.28573e-05 0.0217099 0.0109955 0.0270094 -0.0120799 -0.0346511 0.00402201 -0.00166382 -0.00148939 0.0199964 -0.00164426 -0.00065692 0.0397604 -0.00732972 -0.0042798 -0.00702097 0.00121381 0.00299085 -0.00229888 -0.0112933 8.56106e-06 -0.000650862 -0.00699147 0.000574631 -0.000224235 -0.00370299 -0.000234969 0.0562474 1.87223e-06 0.0207864 -0.000952759 -0.00556269 -0.0201972 -0.00857703 -0.0220256 0.00476731 0.0064325 0.00906712 -0.00227034 
-0.0982862 -0.03182 0.0948231 0.00480097 0.0198203 -0.00245095 0.00919322 4.29712e-05 0.000181422 0.00127215 0.0700952 0.00271448 -0.00379549 0.0170237 -0.0209951 -0.0135203 0.00125888 0.0071963 7.33635e-05 0.00579252 -0.00919525 4.96489e-05 -0.000400359 -0.0136623 -0.0286859 -0.0874922 -0.00246574 -0.0071794 -0.0456385 0.0131009 0.0119996 0.249517 0.00128454 -0.000591193 -0.000237936 0.0163227 -0.000516833 -0.00118544 -8.99385e-05 0.0105368 -0.0509592 -6.60597e-05 -0.00411248 1.46446e-05 -0.014662 0.00668856 -0.0083913 -0.000462946 0.0178616 -0.00206472 -0.0126959 -0.0094414 0.0162137 -0.000798686 -0.00259966 -0.00863586 0.00244791 0.0496008 -0.0467508 -0.000792816 -0.00264959 -3.79296e-05 0.0180734 0.00347528 0.00269456 0.00575395 0.00861734 -0.00287662 -0.0015857 -0.000799798 -0.00852384 -0.000386975 -0.000811829 -0.047179 -0.142767 -0.0312369 -0.0028976 -0.00349968 -0.00373547 0.000992167 -0.00852337 5.87336e-05 -0.00522182 -0.0455269 -0.00177154 -0.00228423 -0.00272873 -0.000198112 0.0382137 -0.000144348 0.054473 -0.00120716 -0.00765129 -0.0167217 -0.00157531 -0.0189727 0.102348 0.0466087 -0.0172115 -0.00186657 
0.0172538 -0.000320822 -0.00251275 -0.0162132 -0.0030146 -0.000512578 -0.00200906 -0.000198747 0.000561632 -0.00062937 -0.00223832 4.69191e-05 0.000257301 -0.00406958 -0.00234182 -0.000537525 -0.000218835 0.00882438 -2.78799e-05 -0.00273667 -0.00260226 -0.000147637 -4.85543e-05 -0.00113736 -0.0143463 -0.0116566 0.00133062 -0.00102474 0.0285598 -0.00125179 0.0122949 0.00128454 0.0594585 -6.58046e-05 1.80459e-05 -0.0204836 -0.000118418 -0.000162677 6.92845e-07 -0.000700868 -0.0116076 -2.00265e-05 -0.000280815 -2.16561e-05 0.00663247 -0.00513779 0.00227241 0.00129486 -0.00220782 -4.34216e-05 -0.00109903 -0.0010766 -0.00366013 0.00112225 4.37819e-05 -0.00103915 0.0114942 -0.0107193 -0.0108775 0.000514106 -0.000238839 0.000107839 0.000723844 -0.00814501 0.0146248 -0.00166572 -0.00290885 -0.000119536 -0.000172255 -0.000137717 -0.00632053 -3.98818e-05 -0.000116218 0.0138849 -0.0228 0.00378336 0.000340771 -0.000613545 0.00650439 0.00312321 -0.000826148 8.68613e-05 -0.000429212 -0.00586961 0.00104927 -0.000583289 -0.000129486 -1.45086e-05 0.0120511 -2.03782e-05 0.00116229 -0.000127061 0.00358241 -0.000301875 -0.00173726 -0.000728064 -0.00774354 -0.0111453 -0.00211676 -0.000120536 
