0.0546454 0.00311155 -0.000147528 -8.92831e-05 0.00104754 0.0183724 -0.0268579 -0.0308218 0.00852317 -0.0122821 -0.000642964 0.000763754 -0.000347321 0.000928893 0.000689609 0.0179291 -0.0185894 3.57706e-05 -3.11375e-05 0.0131478 0.000592099 -0.0220766 -0.0302598 -0.0351326 0.00132643 0.000402274 -0.00165329 -0.000754117 -9.04754e-05 -0.00152215 -0.00088141 0.00560584 -0.0229391 -8.18925e-06 -0.000549432 1.58612e-05 0.025654 -0.0293536 0.000556748 0.00375072 1.49083e-05 0.000376586 0.0243104 0.0327286 -0.028924 0.00204076 0.0317073 0.00355793 0.00254724 -0.0123989 -3.63677e-06 3.80046e-05 0.000178459 1.33183e-05 0.000147682 0.00248077 -0.00374273 1.29965e-05 0.0353253 0.0310079 -0.000491457 -0.0183133 -0.000180734 -4.56035e-05 0.0268678 -0.0328524 -0.00235234 -0.00285287 -0.000948677 0.00308791 0.00768038 -6.94072e-06 -0.00201201 -7.46374e-06 0.000128583 -0.00235763 -0.00566154 0.0199091 -0.0282224 0.0155252 0.0138084 -0.00590288 -0.000119661 0.0200105 0.00129241 -0.00952737 -0.00241848 -0.00468633 -5.66488e-05 0.0049624 0.000407015 -0.00826819 -0.000113709 -0.000208939 -0.0353072 0.0292134 -0.000708218 -3.81985e-05 -0.0227432 2.39586e-05 
0.00311155 0.124475 -0.000914887 0.00408228 0.0030099 -0.00192605 -0.0138798 -0.0690642 -0.00108182 -0.00772998 -0.00159848 0.000595283 -0.000557705 -0.00150636 -1.98065e-05 -0.00276026 -0.0516745 -0.000505922 0.00145386 0.0162068 -0.000125469 -0.0087238 -0.0361287 0.00700571 0.00118891 -0.000282633 -0.00541054 -0.00181493 0.00019388 -0.00498277 0.0289108 -0.000137378 -0.0322619 -4.75107e-05 -0.00607826 -2.58067e-05 -0.00236552 0.0121421 0.00101692 -0.00141125 -9.9251e-05 0.00168744 -0.005524 0.013937 -0.00705105 -0.000692093 -0.00336544 0.00310605 0.000223993 -0.0433732 0.00170879 -5.11386e-06 -0.000111601 -7.05184e-06 -0.000676348 0.0072571 -0.0167394 -9.48418e-05 0.000952425 -0.00260344 -0.00455168 -0.00928815 0.00213208 -0.000189133 0.0159931 -0.0438902 -0.00577363 -0.0042994 -0.00211541 0.00038172 -0.00603433 -7.86419e-05 -0.00859035 -7.66042e-05 -0.00049359 0.0134034 -0.00474597 0.0211562 -0.000350032 -0.0023457 0.0243649 -0.0251984 -0.000196583 0.0854613 0.000828975 -0.00106402 0.00525874 0.0297398 0.000584144 -1.89483e-05 -0.000197245 0.0249771 -0.000269324 -0.000492304 -0.00852217 -0.00324917 0.00335051 0.00125995 0.0043456 -0.000113806 
-0.000147528 -0.000914887 0.0137135 -8.55173e-05 0.000494529 -0.000325077 0.00174437 9.90707e-05 0.000260324 -0.000229246 -0.00020949 -0.000360076 0.00258366 -0.000130523 -4.81692e-05 0.000333946 -0.00466065 0.000455349 0.000115913 -0.000985663 1.27382e-05 -0.00480352 -0.00885514 -0.00460969 1.9505e-05 -0.000201243 -0.000498059 -0.000167864 4.87585e-05 0.00315347 0.00349966 0.000115134 0.000908654 0.000114125 0.00351701 -1.13199e-06 3.45961e-05 -0.00276129 -3.07856e-05 0.000178104 -1.46118e-05 0.000208614 -8.05773e-05 -5.44004e-06 0.00201233 0.000139836 0.000365758 0.000188302 -3.12561e-05 -0.00351049 -2.91469e-05 1.43433e-05 -3.97469e-06 6.48925e-05 -3.82577e-05 -4.37234e-05 0.00373119 5.27761e-05 -0.000178204 0.000196856 -0.00044606 -0.00332624 -6.65043e-06 0.000285788 -0.000994921 -0.0043986 -0.000573761 0.00588076 0.000386737 0.000552784 -0.000229401 -1.44922e-05 0.00174235 -5.90852e-06 0.00112056 -0.000405553 -0.00145693 -0.00176483 -0.00544837 -9.98648e-06 -0.00261643 -0.00646644 -4.68141e-05 0.000313314 -8.28101e-06 0.00640682 -0.000555969 -0.00163835 7.74468e-05 1.43243e-05 -1.16014e-05 0.00309825 0.000785271 0.000180939 0.000604308 0.000322228 0.000774815 -1.00001e-05 0.00348569 -1.29243e-05 
-8.92831e-05 0.00408228 -8.55173e-05 0.00794351 -5.17425e-05 -0.000164583 -0.00254338 -0.00397729 -9.57953e-05 -0.0012855 -1.48494e-05 0.00209199 -0.000100413 0.000101613 -1.28208e-05 -0.000226434 -0.00274911 8.55228e-05 1.64756e-05 0.00250714 -8.47944e-06 0.00234003 -0.00181118 0.00035941 -6.8953e-05 -4.71605e-05 -0.000100412 -7.27375e-05 8.43618e-05 -0.000258285 -0.000564119 -0.000178826 -0.00411525 -3.30539e-06 -0.000288899 -2.16573e-06 -0.000310861 0.000488325 1.00233e-06 -0.000112446 5.38573e-06 1.32525e-05 -0.0005146 8.8833e-07 -0.00163824 -1.24878e-07 -0.000434113 -4.53213e-05 -1.86201e-05 -0.00162448 0.000412451 3.4863e-06 3.31995e-06 -5.76257e-07 6.8322e-05 -8.26849e-05 -0.001426 4.49349e-06 -0.000410619 -0.000361643 0.000303459 1.23159e-05 -1.92937e-05 -1.18394e-05 -0.000800243 -0.00302478 -0.000282261 -0.000976566 -3.69052e-05 -9.21424e-05 -0.000351683 -8.44803e-06 -0.000218556 -3.28268e-06 -1.69477e-05 0.00321576 8.66946e-05 0.00308089 0.00196074 -0.000215255 -0.00209254 -0.000796883 -4.53869e-05 0.00418933 -2.65035e-05 -0.000657615 0.000339305 0.00298798 5.7909e-05 0.000186078 -7.17242e-06 -0.000385765 -1.72665e-05 -3.87672e-05 0.00057626 -0.00033481 -0.00020022 -1.87407e-05 -0.00103977 6.48645e-06 
0.00104754 0.0030099 0.000494529 -5.17425e-05 0.014136 -0.000501559 0.00201217 -0.0023279 -9.03086e-05 -0.00168084 0.00039987 0.000208955 -2.31943e-05 -0.000260026 -2.86043e-05 -0.000287906 -0.00288075 0.00122404 0.00156432 -0.000619889 -1.32381e-05 -0.00511388 -0.00865993 -0.00091266 -0.000132852 -0.000201698 -0.000392589 -9.08214e-05 -3.16013e-05 -0.000247061 0.00427594 -0.000289331 0.00350676 -5.66084e-06 0.000588225 5.86664e-06 -0.000467527 -0.00198337 -1.68062e-05 -0.000176653 -1.67196e-05 0.000358144 -0.000783295 -0.000624862 0.00183305 -4.20605e-05 -3.54529e-06 -0.000129599 -4.4001e-05 -0.00291892 0.000112483 -4.74046e-06 6.45868e-05 -4.66994e-06 7.0114e-05 3.15681e-06 0.00504898 7.42304e-05 -0.000564267 -0.000595876 -0.000420524 -0.00565367 -5.93106e-05 0.000175412 0.00109115 -0.00794783 -0.000538172 0.00226777 0.00295259 0.000591432 0.00171893 -1.15473e-05 0.000127397 3.30746e-07 -3.05824e-05 -0.000726116 -0.000679755 -0.00188407 -0.00693 -0.000462446 -0.00491276 -0.00595848 -2.38262e-06 0.0036118 5.64317e-05 0.00568654 -0.000164662 -0.00158435 2.97519e-05 0.000100914 -1.05159e-05 0.0050032 -3.35211e-05 -5.89091e-05 0.000551552 -0.000502396 0.00340888 0.000118925 0.00426799 -6.86403e-06 
0.0183724 -0.00192605 -0.000325077 -0.000164583 -0.000501559 0.0476687 -0.036498 -0.0322022 0.000620629 -0.00116307 -0.000879608 -0.0011481 7.65201e-05 0.000460977 0.00025237 0.00721636 -0.0146371 -0.000266539 -0.000128338 0.0157233 0.000531727 -0.011691 -0.0245047 -0.0213819 0.004658 0.00161038 0.00887387 0.00522736 -0.000229928 -0.00142601 -0.000385133 0.0153918 -0.0327257 -2.33972e-05 -0.00193244 -4.66997e-06 0.019471 -0.0326318 3.38832e-05 0.00778907 -3.31866e-05 0.000189954 0.0229719 0.0289228 -0.0302295 0.000696241 0.0249167 0.00163687 0.00227889 -0.0048062 0.000153273 1.84783e-05 0.000142263 -1.02141e-05 -0.000219481 0.00205381 -0.0101468 5.24727e-05 0.0269688 0.026507 0.000388109 -0.00915592 0.000125608 7.53441e-05 0.0237769 -0.0186574 0.00820403 -0.00731321 -0.000700227 0.00328129 9.72535e-05 0.000174605 0.00633755 0.000193251 0.000329027 -0.00221482 -0.00306163 0.0236457 -0.0143124 0.00998154 0.00816102 0.00451082 0.00559439 0.00916149 0.00141887 -0.0159919 -0.000947862 -0.00454331 -1.37542e-05 0.00293652 0.000100351 -0.00990462 0.000420018 -0.000274155 -0.0378446 0.0190785 -0.000946286 -0.000132392 -0.0312622 1.91394e-05 
-0.0268579 -0.0138798 0.00174437 -0.00254338 0.00201217 -0.036498 0.185627 0.0976519 -0.008606 -0.0201227 0.00305048 -0.00644218 0.000912541 -0.00395717 -0.00162024 -0.0178897 0.0216612 -0.00040142 0.000736275 -0.0463639 -0.000914303 -0.0140394 0.00946359 0.049426 -0.00677267 -0.0109507 -0.0305155 -0.00942193 0.000352807 0.00342469 0.00391334 -0.0196791 0.112399 -0.000203961 0.010683 -2.21074e-05 -0.0277582 0.0645056 -0.00105919 -0.0103745 -0.000755381 0.000278721 -0.0438398 -0.0531817 0.0938636 -0.00197223 -0.0351528 -0.00696793 -0.00315669 -0.016777 -0.0010337 -0.000182052 -0.000104752 -0.000178317 -0.00270947 -0.00723486 0.0424694 -0.000611653 -0.0382891 -0.0354195 -0.0169434 -0.0258915 -0.00335778 -0.000155394 -0.0643137 0.0348265 -0.0277315 0.0330513 0.00262023 -0.00653438 -0.000282612 -0.000706647 -0.0158113 -0.000326088 -5.39652e-05 -0.0236834 -0.0124103 -0.0727858 -0.0138256 -0.0239412 -0.0367303 -0.0696212 -0.00654064 -0.0323198 -0.003143 0.0672357 -0.0085964 -0.0386369 0.00018001 -0.00370498 -0.000927163 0.0624382 -0.000330424 0.000709281 0.0667774 -0.0314807 0.00476524 0.00047683 0.128594 -0.000603247 
-0.0308218 -0.0690642 9.90707e-05 -0.00397729 -0.0023279 -0.0322022 0.0976519 0.20171 -0.00842434 -0.0230145 0.00549749 -0.00733353 0.00214356 -0.00483461 -0.00208752 -0.0152699 0.0423314 0.00116437 -0.000484009 -0.0441039 -0.000927664 -0.0280898 0.0558035 0.0403853 -0.00803751 -0.00912175 -0.0271489 -0.00847407 0.00070146 0.00876925 -0.00850257 -0.0196941 0.118031 -9.23208e-05 0.0111385 -3.64599e-05 -0.0265201 0.0534119 -0.00142721 -0.00794869 4.73682e-05 -0.00146261 -0.0314219 -0.0538717 0.0726002 -0.00149276 -0.0326106 -0.00633852 -0.00295715 0.0118238 -0.00166788 1.72771e-07 -7.00505e-05 2.96483e-07 -0.000698365 -0.00743359 0.0534339 -0.000893194 -0.0372049 -0.0330969 -0.00771165 -0.0339153 -0.00269084 0.000209884 -0.0469957 0.0379475 -0.0270789 0.034481 0.000437256 -0.00651225 -0.000452979 -0.000585171 -0.017227 -0.00028556 0.000391792 -0.022284 0.00354952 -0.0586313 0.0122406 -0.019064 -0.0376777 -0.0199107 -0.00548697 -0.0804233 -0.00400113 0.0633047 -0.00447257 -0.0538414 -0.000175112 -0.00387223 -0.000308368 0.0229375 -0.000390692 0.00146922 0.0647535 -0.0283829 0.000890572 -0.00116412 0.0659071 -0.000535575 
0.00852317 -0.00108182 0.000260324 -9.57953e-05 -9.03086e-05 0.000620629 -0.008606 -0.00842434 0.0123667 -0.00266754 -0.000357237 -0.000731575 -1.07481e-05 0.000870073 0.000594569 0.0106595 -0.004599 -5.68073e-05 5.28343e-06 0.000954581 0.000236548 -0.00629847 -0.00922724 -0.00906063 0.0001493 -0.000114278 -0.000463826 -0.000154744 4.66986e-05 0.000208921 -0.000986054 0.00127335 -0.00815867 1.13582e-06 -0.00055496 1.85614e-05 0.00927658 -0.0101631 0.000305729 0.00156862 -9.68273e-06 -3.3952e-05 0.00985375 0.0102935 -0.00835118 0.00112937 0.0103431 0.000922496 0.00106331 -0.00415778 -3.18401e-05 -2.79617e-06 3.21533e-05 4.81518e-05 -4.01262e-06 0.000195707 -0.00360009 -2.02415e-05 0.0104385 0.0105376 -0.00040999 -0.00523123 -6.02984e-05 4.60423e-05 0.00824977 -0.00744107 -0.00053428 -0.00166493 -0.000135125 -0.000150128 0.00445441 -1.17844e-05 -0.000909603 1.60283e-05 0.000179176 -0.000675366 -0.00131872 0.00108793 -0.00688952 0.00943617 0.00507661 -0.00472515 0.0008615 0.00142027 0.00054837 -0.0035079 -0.000406115 -0.00138091 -1.24095e-05 0.000730124 0.000199169 -0.00415988 -2.8065e-05 9.95918e-06 -0.0100736 0.0106369 -0.000318364 -3.28639e-05 -0.00754806 -1.02511e-05 
-0.0122821 -0.00772998 -0.000229246 -0.0012855 -0.00168084 -0.00116307 -0.0201227 -0.0230145 -0.00266754 0.169975 -0.00539855 -0.0048188 0.00213501 -0.00381276 -0.000505827 -0.0051501 0.0573237 -0.000738044 -0.000608236 -0.0131103 -0.000279103 0.0227249 0.00548514 -0.00599725 0.00188097 0.00103075 0.0156757 0.00650638 -2.65252e-06 0.00134413 0.000782406 -2.40793e-05 -0.000660658 -6.01375e-05 0.00885952 -4.43771e-05 -0.00931264 0.000333712 -0.00035469 -0.0029866 -0.000237724 -0.000562186 -0.00899866 -0.0146542 -0.00390616 -0.000723047 -0.0108989 -0.00177949 -0.00093469 0.036466 -0.00039843 -7.70526e-05 -0.000245949 -5.94638e-05 -0.00026076 -0.00104061 -0.0299068 1.92571e-05 -0.0113312 -0.0102525 -1.96671e-05 0.0464828 0.000645355 -0.000163742 -0.0127275 0.0341351 0.0199618 -0.00611 0.00129802 -0.00299701 -0.000150302 6.47327e-06 0.00517011 0.000208414 0.000451299 -0.00238128 -0.00416137 -0.0119789 -0.0343513 -0.0066452 -0.0147894 0.0212187 -0.00171344 -0.0411438 0.00060419 -0.033766 -0.00106726 0.00110357 -0.000223123 -0.00134718 -0.000303074 -0.0416021 0.00111013 0.000354347 0.00660106 -0.00839523 0.000145419 0.00125734 -0.0251687 0.000216595 
-0.000642964 -0.00159848 -0.00020949 -1.48494e-05 0.00039987 -0.000879608 0.00305048 0.00549749 -0.000357237 -0.00539855 0.0285464 0.00575586 -0.00019937 -0.000574918 -2.92547e-05 -0.000685786 0.00580303 0.000754762 0.000195983 0.000125583 -2.26756e-06 -0.0148913 -0.00154696 -0.00901847 -0.000246859 -0.000354858 -0.000941798 -0.000377809 0.000136508 0.00456073 -0.000627136 -0.000470903 0.00756851 -7.23642e-06 6.12556e-05 2.49485e-05 -0.0006567 -0.00182907 -6.54825e-05 -0.000189081 -1.35862e-05 0.000201821 -0.000204595 -0.00157987 -0.00232511 0.000299378 0.000141968 -0.000273581 -8.15855e-05 -0.00215382 -2.27439e-05 0.000226752 0.000455201 -7.74891e-06 0.00132134 -0.000295337 0.0176277 2.37699e-05 -0.000983392 -0.000925331 0.00381978 -0.0118543 -0.000105039 0.000257617 -0.000880093 -0.0143056 -0.00130401 -0.00175232 0.00127645 -1.60991e-05 0.00127831 -2.56052e-05 -0.000696789 4.10638e-06 -3.50386e-05 -0.00161517 0.00366493 -0.00266443 -0.0129135 0.000739679 -0.0124467 -0.00754702 0.000757156 -0.00110513 -0.000155257 0.0122494 -0.000805991 -0.00342981 4.02689e-05 0.000544249 0.000587091 0.0100781 -6.61336e-05 0.000380075 0.00215599 -0.00112099 0.0014232 2.45067e-05 0.00341256 5.53503e-05 
0.000763754 0.000595283 -0.000360076 0.00209199 0.000208955 -0.0011481 -0.00644218 -0.00733353 -0.000731575 -0.0048188 0.00575586 0.0565549 -0.000670504 -0.000718936 0.000532373 -0.00168188 0.00481197 0.000326401 -7.51981e-05 -0.00172318 4.98498e-05 0.00752848 -0.00198174 -0.0132564 -0.000159499 0.00200282 0.00549981 0.000680414 -0.00024021 0.00759116 -0.00332055 -0.000553152 -0.0101497 -3.16785e-05 -0.00182023 2.28011e-05 -0.00239195 -0.01473 -8.00448e-05 -0.000835279 0.000736946 0.000331769 -0.00254293 -0.00291721 -0.0209756 8.783e-05 -0.0024336 -0.000542897 -0.000175398 0.0189877 0.000137222 0.0002061 1.25347e-06 -1.54022e-05 0.00272449 -0.000572047 0.0215082 0.000323639 -0.00210224 -0.00268588 0.0179779 -0.000316081 -0.000211181 -4.39608e-05 -0.00492402 -0.0209755 0.00152565 -0.00834801 -0.000586131 -0.000600697 -0.00264541 0.000115693 0.0104423 -8.62969e-06 -0.000173541 0.000277916 0.0253064 0.0138948 -0.00223069 0.00367036 -0.0252134 0.00563947 -0.00056003 -0.00351379 -0.000333015 -0.0134803 0.000552197 0.00297677 6.69795e-05 0.000258291 0.000672955 -0.0061104 -9.06705e-05 -0.000335521 -0.0017846 -0.00210271 -0.0008404 -0.000111776 -0.0181473 0.000465779 
-0.000347321 -0.000557705 0.00258366 -0.000100413 -2.31943e-05 7.65201e-05 0.000912541 0.00214356 -1.07481e-05 0.00213501 -0.00019937 -0.000670504 0.0139787 0.000914092 1.29394e-05 0.000981345 -0.00426286 9.01474e-05 -2.79083e-05 -0.000796731 5.59946e-05 -0.00271674 -0.0087934 -0.0020344 -0.00012124 8.95934e-05 -0.000572068 -0.000184836 1.54151e-05 0.00217142 0.00233061 -8.66518e-05 0.00100762 -1.89334e-06 0.000910234 -2.32067e-06 -0.000212015 -0.000419992 6.50823e-06 0.00183889 0.000118696 0.000147161 0.000743465 -0.000177828 0.000869964 1.56351e-05 0.001007 0.000831721 8.61956e-05 -0.00210085 2.01934e-05 1.41238e-05 -6.49592e-06 -2.02471e-06 -2.64937e-05 0.000258367 -0.000530421 2.25717e-05 0.000646676 0.000404631 -0.000477921 -0.00239885 4.42764e-05 2.09022e-06 0.00195959 -0.00467809 -0.000645376 0.00298507 -0.000187092 -0.000114997 -0.000266984 -1.09362e-05 -0.000715852 -5.82157e-08 0.000203343 -0.000563739 -0.00123945 -0.00124012 -0.00504896 -0.000110702 0.00366208 -0.00481946 -9.54522e-05 0.000531273 -8.38215e-05 0.00206157 -0.000416019 -0.00140646 0.000208209 -9.13384e-05 0.000220255 -0.00226259 6.15092e-05 9.20496e-06 -0.000175971 0.000823405 -0.000224751 8.81874e-05 0.0019725 -1.23197e-05 
0.000928893 -0.00150636 -0.000130523 0.000101613 -0.000260026 0.000460977 -0.00395717 -0.00483461 0.000870073 -0.00381276 -0.000574918 -0.000718936 0.000914092 0.0200129 0.000477904 0.00297752 -0.003857 -9.25629e-05 -5.85731e-05 0.00193818 0.000136489 0.00240603 -0.00218239 -0.00198762 0.00035707 0.00137781 0.00110573 -0.000172816 -8.78988e-05 0.000481805 -0.00137627 0.000817725 -0.00757985 7.48197e-05 -0.000751166 -1.05346e-06 0.00143705 -0.00380227 0.000259419 0.00224517 0.000122757 -8.46954e-05 0.00223357 0.00182132 -0.0044802 -6.7901e-05 0.00275396 0.00173535 7.94685e-05 -0.00288773 0.000306665 -7.14757e-06 -2.13565e-05 5.26622e-06 -4.61537e-05 0.000399402 -0.00403284 6.77315e-06 0.00232572 0.00197915 -0.000445649 -0.00163342 0.00017287 1.20069e-05 0.00248521 0.000324838 0.00120202 -0.0020781 -0.000106689 0.000336247 -0.000164631 9.02117e-05 0.00193926 1.87454e-05 -5.84081e-05 0.00216696 -0.00189211 -0.000138875 0.00196566 0.0018759 0.00076641 0.00231239 0.000446716 -0.00300095 3.44441e-05 -0.00318824 -0.000386001 0.0001946 3.22405e-05 9.67271e-05 0.000261889 -0.00206061 -4.60464e-05 -4.6348e-05 -0.00485757 0.00310317 -0.000498146 -4.4037e-05 -0.00298209 1.15545e-05 
0.000689609 -1.98065e-05 -4.81692e-05 -1.28208e-05 -2.86043e-05 0.00025237 -0.00162024 -0.00208752 0.000594569 -0.000505827 -2.92547e-05 0.000532373 1.29394e-05 0.000477904 0.00362065 0.00095393 -0.000801725 4.79066e-06 8.10695e-06 0.000450822 0.000212186 -0.000213562 -0.00104538 -0.00115313 1.44782e-05 0.000303117 0.0004198 0.000239241 2.06755e-06 -5.84502e-05 -0.000257184 0.000443064 -0.00206753 9.86349e-06 -0.000163848 3.11122e-06 0.00101607 -0.00199638 4.8335e-05 0.000539683 1.74956e-05 3.78396e-07 0.000609507 0.00108368 -0.00156565 0.000145896 0.0011993 0.000282699 -8.29817e-06 -4.27502e-05 5.84942e-07 7.84564e-06 7.91619e-07 4.12398e-06 0.000117798 3.10234e-05 -0.000165156 3.06482e-05 0.00116277 0.00103352 0.000467799 -0.00111628 6.15353e-05 4.30875e-05 0.000325832 -0.00122609 0.000173798 -0.000506103 -6.75268e-05 0.000113993 2.24332e-05 5.95443e-06 0.000446927 -2.93897e-07 1.54727e-06 0.000273231 0.000388235 -7.45776e-05 -0.000664987 0.00101339 0.000493141 2.2212e-05 0.000200635 0.000276229 0.000226406 -0.000850714 -3.81039e-05 0.000548691 1.35043e-05 7.83517e-05 0.000113489 -0.000823389 -8.05131e-06 -1.88786e-05 -0.00216203 0.00101021 -8.97585e-05 -7.68345e-06 -0.00136026 8.2319e-06 
0.0179291 -0.00276026 0.000333946 -0.000226434 -0.000287906 0.00721636 -0.0178897 -0.0152699 0.0106595 -0.0051501 -0.000685786 -0.00168188 0.000981345 0.00297752 0.00095393 0.0281618 -0.00843013 -7.65568e-05 -2.47043e-05 0.00195495 0.000466441 -0.0159131 -0.0183664 -0.0221864 0.000117289 0.00140119 -0.00118024 -0.000377761 1.70411e-05 0.00407836 -0.00226913 0.00258715 -0.0151386 1.65122e-05 0.00164164 2.37424e-05 0.0191695 -0.0218568 0.000450758 0.00700238 0.000104701 1.05806e-05 0.0204315 0.0206938 -0.0205554 0.0015449 0.0223829 0.00328881 0.00117667 -0.00983197 -5.40676e-05 1.9981e-05 6.39898e-06 0.000180627 -3.16947e-06 0.000975102 -0.00807639 -5.49027e-05 0.0218078 0.0216005 -0.000925038 -0.0133085 6.56652e-05 0.000157052 0.0174839 -0.0188032 -0.00119026 -0.0012957 0.000980485 -0.000366307 0.0106953 8.33219e-06 -0.00203892 4.30638e-05 0.000312734 -0.00162076 -0.00206526 0.00641037 -0.017105 0.0142356 0.00844408 -0.00426025 0.00197311 0.000988692 0.000269732 -0.00573926 -0.000843607 -0.00325427 -8.40375e-06 0.00243318 0.000516622 -0.0102467 -5.48154e-05 0.0009217 -0.0206297 0.0217096 -0.000645708 -7.21653e-05 -0.0171728 -1.96907e-05 
-0.0185894 -0.0516745 -0.00466065 -0.00274911 -0.00288075 -0.0146371 0.0216612 0.0423314 -0.004599 0.0573237 0.00580303 0.00481197 -0.00426286 -0.003857 -0.000801725 -0.00843013 0.241236 0.000664794 -0.00145527 -0.0289273 -0.000526975 -0.00885987 0.061777 -0.0254521 -0.002913 0.00285471 0.0125695 0.00374968 -0.000185393 0.0102205 -0.0236319 -0.00770873 0.0670168 -0.000177407 0.0157884 9.39074e-05 -0.0167087 0.00214542 -0.000592328 -0.00537494 -0.000237221 -0.00152135 -0.0145875 -0.0306959 -0.00232235 -0.000145953 -0.0182181 -0.00331263 -0.0017422 0.0294669 -0.000918493 6.85386e-06 -0.000352291 -0.000125891 0.000982177 -0.0042264 0.0101773 0.000587945 -0.0214324 -0.0190563 0.0124818 -0.00644714 -0.00178163 -0.000126301 -0.0287709 0.0468205 0.0170974 0.021357 0.00695189 -0.00617325 0.0110669 0.000330209 0.000621242 -3.606e-05 -0.00114966 -0.0208845 0.0239395 -0.0310801 -0.0600748 -0.00871749 -0.0621475 0.0370617 -0.00206897 -0.129437 -0.000530025 0.00453811 -0.000711297 -0.0239142 -0.00056293 -0.00236683 0.00018149 -0.0279774 -0.000141873 -0.00107562 0.0213574 -0.015939 0.00144736 -0.000282475 -0.00600258 0.000428792 
3.57706e-05 -0.000505922 0.000455349 8.55228e-05 0.00122404 -0.000266539 -0.00040142 0.00116437 -5.68073e-05 -0.000738044 0.000754762 0.000326401 9.01474e-05 -9.25629e-05 4.79066e-06 -7.65568e-05 0.000664794 0.00579648 0.00043197 -0.000267604 -7.42614e-06 -0.00284473 -0.00187253 -0.00246026 -5.67563e-05 9.78601e-05 -0.000127922 -7.5859e-05 2.66358e-05 0.000394142 0.000100027 -0.000166436 0.00152418 2.87792e-05 0.00108034 7.08867e-07 -0.000239015 -0.00168531 -1.30847e-05 -5.57171e-05 1.73624e-05 9.15208e-06 -0.00014852 -0.000422305 0.000434983 6.79195e-05 -0.000185926 -4.16221e-05 -2.4235e-05 0.000298698 1.02356e-05 4.5451e-05 2.32392e-05 -5.73969e-07 0.000126494 -5.94794e-05 0.00286381 -8.10389e-06 -0.000313435 -0.000203376 0.000481381 -0.00239366 -2.51675e-05 0.000190992 0.000589026 -0.00276491 -0.000219534 0.00133592 0.000685574 0.000403489 0.000780022 1.79807e-06 4.02235e-05 1.53415e-06 -7.98848e-06 -0.0002256 0.0010875 -0.00069846 -0.00335166 -0.000108598 -0.0029698 -0.0016891 0.000179783 -0.00128988 -2.89296e-05 0.00289607 -0.000217673 -0.000475572 1.93232e-05 -1.02291e-06 7.38496e-05 0.000716111 -9.73209e-06 9.76966e-05 0.000530887 -0.000164832 0.000485921 -8.86567e-06 0.00127353 1.39998e-05 
-3.11375e-05 0.00145386 0.000115913 1.64756e-05 0.00156432 -0.000128338 0.000736275 -0.000484009 5.28343e-06 -0.000608236 0.000195983 -7.51981e-05 -2.79083e-05 -5.85731e-05 8.10695e-06 -2.47043e-05 -0.00145527 0.00043197 0.00385109 -0.000299937 3.22834e-06 -0.00200253 -0.00204323 -0.000237906 -3.43037e-05 -3.78498e-05 -0.000152895 -4.74206e-05 6.65978e-06 -1.79119e-05 0.000841056 -9.2641e-05 0.000984688 7.73479e-06 -3.38477e-05 4.67854e-06 -5.85147e-05 -0.000447641 -9.64214e-06 -3.76775e-05 -4.55933e-06 0.000174586 -0.000198381 7.69279e-05 0.000511214 -1.52219e-05 -4.32547e-05 -3.33456e-05 -1.42021e-05 -0.00126521 5.5359e-05 -1.02435e-06 2.46104e-06 -1.25683e-06 -1.17529e-05 8.43801e-06 0.00116516 -6.57611e-06 -0.000111992 -0.000118277 -0.000122243 -0.0018047 -2.33621e-05 1.34648e-05 -0.000129825 -0.00243197 -0.000169777 0.0014677 0.00047642 -3.35669e-05 9.28723e-05 -2.8005e-06 -0.000228891 1.24537e-06 -2.76615e-07 -0.000217431 -0.000370693 -0.000502451 -0.00213523 -4.26004e-05 -0.00145276 -0.00178959 4.92456e-05 0.00135859 -2.24995e-05 0.00193739 -0.00014646 -0.000399076 1.97146e-05 6.85332e-07 -3.23997e-06 0.00191165 6.773e-06 1.6084e-06 0.000133969 -9.69627e-05 0.00149145 9.83229e-05 0.00111992 -3.71333e-06 
0.0131478 0.0162068 -0.000985663 0.00250714 -0.000619889 0.0157233 -0.0463639 -0.0441039 0.000954581 -0.0131103 0.000125583 -0.00172318 -0.000796731 0.00193818 0.000450822 0.00195495 -0.0289273 -0.000267604 -0.000299937 0.0831408 0.000280374 -0.00148056 -0.00429003 -0.0230131 0.00155313 -0.000448903 0.000216996 -0.000900919 1.03957e-05 -0.00277708 0.0013327 0.00869594 -0.0467257 4.16115e-07 -0.00325166 -2.17433e-05 0.00738879 -0.0121183 0.000650236 0.00219506 -3.8276e-05 -0.000243703 0.0263886 0.0324031 -0.0399979 0.000475797 0.0155796 0.00149175 0.00170879 -0.0184818 0.00101611 4.12862e-05 0.000216685 2.9311e-05 0.000620125 0.00504952 -0.0202531 -7.70034e-05 0.0185533 0.0165704 -0.00138202 -0.00651169 -0.000132149 -1.7293e-05 0.0307247 -0.0352238 -0.00218109 -0.0107409 -0.000522646 0.00555646 0.000383765 0.000135792 -0.00606394 -1.48704e-05 -0.000285728 0.00831976 -0.00624025 0.0273341 0.00608263 0.0101032 0.027739 0.017155 0.00273872 0.0474337 0.00174106 -0.0250737 -0.00101334 0.0171739 8.38559e-06 0.00284724 -7.00232e-05 -0.028144 -0.000150446 -0.000177565 -0.0230781 0.0108302 -0.00226255 0.00014956 -0.0343956 -7.559e-05 
0.000592099 -0.000125469 1.27382e-05 -8.47944e-06 -1.32381e-05 0.000531727 -0.000914303 -0.000927664 0.000236548 -0.000279103 -2.26756e-06 4.98498e-05 5.59946e-05 0.000136489 0.000212186 0.000466441 -0.000526975 -7.42614e-06 3.22834e-06 0.000280374 0.00129866 -0.000561532 -0.00101048 -0.000999776 -9.681e-06 0.00030309 2.40741e-05 -1.62338e-05 -4.41545e-06 1.37731e-05 -8.75481e-05 9.77926e-05 -0.000897416 8.75698e-06 -5.3807e-05 -3.14179e-07 0.00110704 -0.00109019 5.27007e-06 0.000648105 3.47922e-05 2.4172e-05 0.000531606 0.00112076 -0.00101401 4.54856e-05 0.00119985 0.000241831 9.58816e-05 -0.000244529 8.95429e-06 9.71688e-06 -1.78114e-07 2.40292e-06 -3.56609e-06 1.03136e-05 -0.000293376 -2.5632e-06 0.00119468 0.000932592 -4.20308e-05 -0.000484986 -2.22147e-07 -9.22774e-07 0.000254659 -0.000818424 -5.92645e-05 -0.000189043 -1.90921e-05 -9.08081e-06 -4.41659e-05 -1.09447e-06 -9.47516e-05 3.20872e-06 3.84434e-05 -7.48167e-05 -0.000138286 0.000254959 -0.00076842 0.000738406 0.000532377 0.000174609 0.000369856 -4.31822e-05 6.95092e-05 -0.000425861 -5.82667e-05 -0.00015781 3.49953e-06 3.46941e-05 5.43066e-05 -0.000464382 -2.86647e-06 -7.3116e-06 -0.00114846 0.000969941 -3.45316e-05 -1.54927e-06 -0.000851911 -4.71214e-07 
-0.0220766 -0.0087238 -0.00480352 0.00234003 -0.00511388 -0.011691 -0.0140394 -0.0280898 -0.00629847 0.0227249 -0.0148913 0.00752848 -0.00271674 0.00240603 -0.000213562 -0.0159131 -0.00885987 -0.00284473 -0.00200253 -0.00148056 -0.000561532 0.247352 0.0249742 0.0392682 -0.000233312 0.00133004 0.0167467 0.00482411 -0.00244673 -0.0154908 -0.0394924 -0.00114885 -0.0591999 -0.000144844 -0.0250399 -0.00010643 -0.0200174 0.0137145 -0.00086052 -0.00794157 0.000229962 -0.00119219 -0.0263014 -0.0228325 0.0096664 -0.00198752 -0.0282111 -0.000926843 -0.00207169 0.0802441 -8.71428e-05 -0.000180464 -0.000600727 -0.000115 -0.00011685 -0.00550295 -0.113192 0.000568964 -0.0267878 -0.0256674 0.00518813 0.16388 0.000318027 -0.000574276 -0.0446046 0.0974069 0.016555 -0.0741663 -0.00766155 -0.00673247 -0.0240687 -0.000112914 0.00363657 0.000114195 -0.00156322 0.00686186 -0.0100417 -0.00288512 0.114061 -0.0141885 0.0782695 0.0790202 -0.00489537 -0.00949567 -0.00157078 -0.142097 -0.0155981 0.0352722 -0.000211303 -0.00319669 -0.000750394 -0.0827369 -0.000758019 -0.00200001 0.0203535 -0.0215161 -0.0128961 -0.000454564 -0.0319745 0.000111161 
-0.0302598 -0.0361287 -0.00885514 -0.00181118 -0.00865993 -0.0245047 0.00946359 0.0558035 -0.00922724 0.00548514 -0.00154696 -0.00198174 -0.0087934 -0.00218239 -0.00104538 -0.0183664 0.061777 -0.00187253 -0.00204323 -0.00429003 -0.00101048 0.0249742 0.169717 0.0233525 -0.00356735 -0.000786026 0.00578068 0.00171617 -0.0010635 0.000724538 -0.0187392 -0.0118846 0.0314004 -0.000164049 0.000107204 -2.87528e-05 -0.0282663 0.0335691 -0.000577867 -0.00975045 6.03234e-05 -0.00291264 -0.025852 -0.0379611 0.00771181 -0.00170804 -0.0379624 -0.00309927 -0.003112 0.0181549 -0.000185812 -9.38733e-05 -0.000454459 -0.000178551 0.00048974 -0.00244189 -0.00189189 5.22867e-05 -0.0384231 -0.0363207 0.00625232 0.00828674 -0.00274674 -0.000907524 -0.0280975 0.0378996 0.00809021 0.00502425 -0.00297624 -0.00514959 -0.00277091 0.000148881 -0.000852998 6.65743e-06 -0.00169063 0.00416571 0.019475 -0.0144428 0.0397183 -0.0186526 -0.0269431 0.0588432 -0.00545732 -0.0641305 -0.00292389 -0.00110312 0.00380193 0.0159142 -0.00101448 -0.00319891 -0.000382362 -0.0350319 -0.000574731 -0.000404462 0.034887 -0.0313181 -0.00657412 -0.000949883 -0.00470846 0.000154255 
-0.0351326 0.00700571 -0.00460969 0.00035941 -0.00091266 -0.0213819 0.049426 0.0403853 -0.00906063 -0.00599725 -0.00901847 -0.0132564 -0.0020344 -0.00198762 -0.00115313 -0.0221864 -0.0254521 -0.00246026 -0.000237906 -0.0230131 -0.000999776 0.0392682 0.0233525 0.162518 -0.000551845 -0.010668 -0.0145308 -0.00191031 -0.0014245 -0.022848 0.00694024 -0.0102702 0.0318307 -0.000270683 -0.0259814 -8.02314e-05 -0.0287297 0.063916 -0.000936913 -0.00988462 -0.000501947 -0.000585622 -0.0390678 -0.0453297 0.0790179 -0.00313631 -0.0410474 -0.00754827 -0.00311813 -0.00684382 0.000301572 -0.00026621 -0.000235877 -0.000224411 -0.00281685 -0.00114416 -0.00689328 -0.00111277 -0.037251 -0.0358748 -0.020329 0.0179868 -0.000573828 -0.000981389 -0.0277968 0.0728032 -0.01208 -0.0113773 -0.0104368 -0.00324654 -0.0235336 -0.000675323 -0.0138208 -0.000125652 -0.00219086 0.0102886 -0.0176967 -0.0309173 0.0713789 -0.0260426 0.0190896 -0.0227738 -0.00563544 0.0122559 -0.00258812 0.00215683 0.00632333 -0.0137911 -2.23911e-05 -0.00469017 -0.00114362 0.0322002 -0.00111422 -0.00146689 0.03935 -0.0324519 -0.00368418 6.88128e-05 0.0434616 -0.000519573 
0.00132643 0.00118891 1.9505e-05 -6.8953e-05 -0.000132852 0.004658 -0.00677267 -0.00803751 0.0001493 0.00188097 -0.000246859 -0.000159499 -0.00012124 0.00035707 1.44782e-05 0.000117289 -0.002913 -5.67563e-05 -3.43037e-05 0.00155313 -9.681e-06 -0.000233312 -0.00356735 -0.000551845 0.012072 -0.000154618 0.00438489 0.00346289 -6.02815e-05 -0.000424325 0.000829472 0.00707805 -0.00753173 4.32922e-05 -0.000475759 6.85839e-06 0.000212064 -0.00586274 -2.14984e-05 -4.92392e-05 -1.15109e-05 -3.12861e-05 0.00131993 0.00107973 -0.00239746 -1.16145e-05 0.0013927 -0.000112872 -6.09001e-07 -2.76446e-05 0.000291578 2.19016e-05 0.000120597 -2.84301e-06 -5.78711e-05 0.00036762 -0.00241747 -1.1013e-06 0.00121433 0.00138067 -0.000255251 -0.00116204 0.000966174 -4.24649e-06 0.000496022 0.00192034 0.00414802 -0.00132347 0.000245909 0.00156678 0.000149618 1.0303e-05 0.00190051 4.88497e-05 0.000254898 0.00172613 -0.00091499 0.0013506 0.000207749 0.000326077 -0.00198302 -0.00409033 2.51468e-05 0.00153122 0.00160327 -0.00299597 0.000484809 -0.00127262 9.10119e-06 4.99958e-05 -1.45216e-05 0.00164668 0.000705544 -7.12971e-05 -0.00699104 0.00120416 0.00088687 -7.48449e-06 -0.00637163 7.78361e-06 
0.000402274 -0.000282633 -0.000201243 -4.71605e-05 -0.000201698 0.00161038 -0.0109507 -0.00912175 -0.000114278 0.00103075 -0.000354858 0.00200282 8.95934e-05 0.00137781 0.000303117 0.00140119 0.00285471 9.78601e-05 -3.78498e-05 -0.000448903 0.00030309 0.00133004 -0.000786026 -0.010668 -0.000154618 0.0147536 0.00749599 0.000684148 -2.47309e-05 -0.000146493 -0.000812102 3.40129e-05 -0.00969921 1.96198e-05 -0.000583362 1.00857e-05 0.00254605 -0.0106527 6.61763e-05 0.00281709 0.000222487 0.000147077 0.00150068 0.00340789 -0.0116399 -4.65423e-05 0.00300718 0.00190832 8.2628e-05 0.00374624 -2.07634e-05 -4.8932e-06 -1.45033e-05 2.50855e-06 0.000387201 0.000670434 -0.000765108 0.000342498 0.00297034 0.00267157 0.00663783 0.00153067 -2.9835e-06 -1.71636e-06 0.00290958 -0.00695264 0.00509855 -0.00208176 -0.000230488 -8.83321e-05 -0.000446701 0.000128365 0.00393563 4.08594e-05 -5.45286e-05 -0.000440596 0.004742 0.00713728 -0.00526532 0.00255644 -0.0015803 0.00697251 0.0025426 -0.00261817 -7.94981e-05 -0.004833 -0.000366698 0.00658957 -2.41689e-05 -7.14901e-05 8.36632e-05 -0.00537199 3.00731e-05 -8.64432e-05 -0.0076557 0.0029386 -0.000376901 -3.18966e-05 -0.00988951 0.000159069 
-0.00165329 -0.00541054 -0.000498059 -0.000100412 -0.000392589 0.00887387 -0.0305155 -0.0271489 -0.000463826 0.0156757 -0.000941798 0.00549981 -0.000572068 0.00110573 0.0004198 -0.00118024 0.0125695 -0.000127922 -0.000152895 0.000216996 2.40741e-05 0.0167467 0.00578068 -0.0145308 0.00438489 0.00749599 0.0393584 0.011007 -0.00018111 -0.000931188 -0.00260408 0.00994071 -0.0284754 0.000120883 -0.00176312 3.11635e-05 -0.00150725 -0.0283893 -9.01744e-05 -0.000584753 0.000140874 -0.00012715 -0.000137888 -0.00249539 -0.0239399 -4.21341e-05 -0.00138991 0.000277771 -2.05377e-05 0.0226195 5.77492e-06 -1.14532e-06 5.64021e-05 1.61801e-05 0.00075794 -0.000432424 -0.00435628 0.00100474 -0.00158879 -0.00176915 0.0115582 0.0169337 0.000236915 5.57145e-05 -0.00456853 0.0035756 0.0292056 -0.0058736 3.58814e-05 0.00060051 -0.0016567 0.000558234 0.0226059 0.000389102 0.000166889 -0.00191169 0.00461643 0.00824078 -0.00364608 0.00145534 -0.0171046 0.0106587 0.000410465 -0.0115055 0.000883729 -0.0131312 -0.0012998 0.015558 -6.37338e-05 -0.000163253 -4.50003e-05 -0.00490116 0.000608473 -0.000195933 -0.0174644 -0.00103332 -0.000184055 -0.000100557 -0.0237975 0.000677256 
-0.000754117 -0.00181493 -0.000167864 -7.27375e-05 -9.08214e-05 0.00522736 -0.00942193 -0.00847407 -0.000154744 0.00650638 -0.000377809 0.000680414 -0.000184836 -0.000172816 0.000239241 -0.000377761 0.00374968 -7.5859e-05 -4.74206e-05 -0.000900919 -1.62338e-05 0.00482411 0.00171617 -0.00191031 0.00346289 0.000684148 0.011007 0.0129194 -6.76015e-05 -0.000347596 5.53611e-05 0.00433265 -0.00876413 2.11103e-05 -0.000548955 1.57778e-05 -0.000493008 -0.00833869 -3.40065e-05 -0.00018611 -1.6265e-06 -3.28377e-05 -0.000511113 -0.00100221 -0.00696003 -1.1063e-05 -0.000621687 -0.000115776 -4.02769e-05 0.00686635 2.78591e-05 -4.79923e-06 -8.93588e-06 -2.40121e-06 8.06052e-05 -6.84648e-05 -0.00316056 0.000690896 -0.000695872 -0.000618212 0.00130379 0.00343522 -4.36023e-05 1.45676e-05 -0.00174331 0.00416633 0.0109884 -0.0018393 -0.000110027 -0.00014138 -0.000387136 8.7515e-05 0.00509384 2.94393e-05 0.000267346 -0.000175707 0.00267525 -0.00139771 -0.00104512 -0.000259321 -0.00634211 0.00212772 0.000147565 -0.00418154 0.000250146 -0.00415924 0.00021952 0.00207242 -2.01887e-05 -8.16698e-05 -5.58391e-06 -0.00174196 0.000644594 -7.54498e-05 -0.00765954 -6.55119e-05 0.000236614 -2.84574e-05 -0.00782646 0.000113737 
-9.04754e-05 0.00019388 4.87585e-05 8.43618e-05 -3.16013e-05 -0.000229928 0.000352807 0.00070146 4.66986e-05 -2.65252e-06 0.000136508 -0.00024021 1.54151e-05 -8.78988e-05 2.06755e-06 1.70411e-05 -0.000185393 2.66358e-05 6.65978e-06 1.03957e-05 -4.41545e-06 -0.00244673 -0.0010635 -0.0014245 -6.02815e-05 -2.47309e-05 -0.00018111 -6.76015e-05 0.00522221 0.000387494 9.10879e-07 -9.67827e-05 0.00102346 2.80111e-06 0.00136138 9.96205e-07 -0.000168457 0.000378394 6.17538e-06 -6.1506e-05 -4.16665e-06 9.95503e-05 -0.000205392 -0.000234733 0.000382273 -9.20199e-06 -0.000190971 -4.61758e-05 -8.72952e-06 -0.00151637 1.41785e-06 5.43719e-06 -2.08963e-06 3.20171e-05 -2.03443e-05 -4.21743e-05 0.000640619 -6.62588e-06 -0.000158841 -0.000188588 -6.067e-05 -0.00176464 -6.90546e-06 4.24213e-05 -0.000422312 -0.00219184 -0.000207874 0.00195369 -2.35591e-05 -3.66053e-05 0.000418103 -1.95319e-06 -2.86265e-05 4.57501e-06 0.000132683 -4.24285e-05 -0.000389198 -0.000315283 -0.00202674 -0.00016094 -0.0013257 -0.00153306 1.50827e-05 0.000721244 -3.01089e-05 0.00231583 -0.000152353 0.00021739 -5.38536e-06 0.000117917 -6.66659e-06 0.0013216 1.93855e-05 9.00307e-05 0.000353029 -0.000137726 -3.02497e-05 2.76303e-05 0.0010687 -4.13129e-06 
-0.00152215 -0.00498277 0.00315347 -0.000258285 -0.000247061 -0.00142601 0.00342469 0.00876925 0.000208921 0.00134413 0.00456073 0.00759116 0.00217142 0.000481805 -5.84502e-05 0.00407836 0.0102205 0.000394142 -1.79119e-05 -0.00277708 1.37731e-05 -0.0154908 0.000724538 -0.022848 -0.000424325 -0.000146493 -0.000931188 -0.000347596 0.000387494 0.0343174 0.00110567 -0.000937196 0.00682251 0.000155676 0.0151351 2.04906e-06 -0.00109988 -0.00604402 -7.68656e-05 0.000570351 0.000178079 -0.000139015 0.00370273 -0.00193543 -0.0135782 0.000233026 0.000580806 0.000410494 -6.137e-05 0.00154878 -6.67903e-05 0.000233212 -3.89479e-05 0.000232392 0.00064292 -0.000162541 0.00915114 2.15036e-05 -0.000917066 -0.000671482 0.00663888 -0.0149171 0.000103819 0.000426124 -0.00240313 -0.0207576 -0.000989713 0.00682807 0.0021429 -0.000588899 0.0055363 0.00013734 0.00443363 4.66975e-05 0.00186626 -0.00198817 0.0134922 -0.00294921 -0.019081 0.00200401 -0.0138612 0.00451457 -0.000268143 -0.0106301 -0.000246742 0.0046204 3.73817e-05 -0.00115246 4.76799e-05 0.000162043 0.000786795 -0.0110672 0.000789042 0.00187674 0.00206223 0.000528617 0.000939623 -8.8432e-05 -0.00442449 3.08108e-05 
-0.00088141 0.0289108 0.00349966 -0.000564119 0.00427594 -0.000385133 0.00391334 -0.00850257 -0.000986054 0.000782406 -0.000627136 -0.00332055 0.00233061 -0.00137627 -0.000257184 -0.00226913 -0.0236319 0.000100027 0.000841056 0.0013327 -8.75481e-05 -0.0394924 -0.0187392 0.00694024 0.000829472 -0.000812102 -0.00260408 5.53611e-05 9.10879e-07 0.00110567 0.0748737 -0.00167768 0.0132076 -4.19424e-05 0.00401364 1.13325e-05 -0.0019163 0.00770736 0.000769575 -0.000641965 -9.03759e-05 0.00170168 -0.00399987 0.00144965 7.99665e-05 -0.000354205 -0.00408517 -0.00069478 -0.000246731 -0.02298 0.000502638 1.09003e-06 8.70596e-05 -2.66092e-05 -0.000369239 0.00758892 0.0139548 -0.000142953 -0.00115406 -0.00322873 -0.00265899 -0.0364124 -0.000279358 -9.81414e-05 0.0111168 -0.0346451 -0.00200659 0.00939019 -0.000785945 -0.000403046 -0.000422664 -2.50754e-05 0.00129955 -2.05184e-05 0.00130116 -0.000185193 -0.00101475 -0.0041006 -0.0218484 -0.00168148 -0.00644816 -0.0250623 -4.78385e-05 0.0270165 -5.59882e-05 0.0308502 0.00345465 -0.00668992 0.000209744 0.000321695 -0.000114915 0.0164577 0.00139601 -0.000419859 -0.00522945 -0.00303261 0.0020832 0.00181131 0.0123647 -6.39212e-05 
0.00560584 -0.000137378 0.000115134 -0.000178826 -0.000289331 0.0153918 -0.0196791 -0.0196941 0.00127335 -2.40793e-05 -0.000470903 -0.000553152 -8.66518e-05 0.000817725 0.000443064 0.00258715 -0.00770873 -0.000166436 -9.2641e-05 0.00869594 9.77926e-05 -0.00114885 -0.0118846 -0.0102702 0.00707805 3.40129e-05 0.00994071 0.00433265 -9.67827e-05 -0.000937196 -0.00167768 0.02872 -0.0204729 3.98169e-05 -0.00123034 -6.42621e-06 0.0043332 -0.0210025 1.72881e-05 0.00121485 -2.55842e-05 -4.56581e-05 0.0100407 0.00967936 -0.0121999 5.6668e-05 0.00992024 -0.00018692 0.000426119 0.000754808 7.08722e-05 2.21233e-05 0.000120547 -8.102e-06 -0.000127272 -0.000235856 -0.00711853 0.000116684 0.0102665 0.0104295 0.00114926 -0.00224004 0.00123651 6.33144e-05 0.00702416 -0.00446849 0.00865259 -0.00419564 -5.09957e-05 0.00532414 0.000957101 0.000325437 0.00658343 0.000218316 0.000146447 0.000388923 -0.0016758 0.0104691 -0.00659898 0.00381208 -2.66698e-05 -0.0069938 0.00217447 0.00633665 0.00206187 -0.00951433 0.000180455 0.000672264 -2.76496e-05 0.000671482 1.33983e-05 0.000340244 0.000487382 -0.000147918 -0.0191581 0.00628593 0.000294123 -7.78603e-05 -0.0156238 4.51398e-05 
-0.0229391 -0.0322619 0.000908654 -0.00411525 0.00350676 -0.0327257 0.112399 0.118031 -0.00815867 -0.000660658 0.00756851 -0.0101497 0.00100762 -0.00757985 -0.00206753 -0.0151386 0.0670168 0.00152418 0.000984688 -0.0467257 -0.000897416 -0.0591999 0.0314004 0.0318307 -0.00753173 -0.00969921 -0.0284754 -0.00876413 0.00102346 0.00682251 0.0132076 -0.0204729 0.207003 -0.000156007 0.013033 -4.12528e-06 -0.0237533 0.0573018 -0.000288289 -0.00793044 -0.000713528 0.000474457 -0.0327786 -0.0480549 0.0751025 -0.00140161 -0.0312964 -0.00669847 -0.00296681 -0.0120932 -0.00111013 -2.68499e-05 -4.49756e-06 -0.000178557 -0.0010673 -0.00337275 0.0604496 -0.000987345 -0.0331613 -0.0315631 -0.0126329 -0.0629513 -0.00285036 3.46899e-05 -0.0388752 0.029338 -0.0225082 0.0423782 0.00369225 -0.00389744 0.00334878 -0.000520842 -0.0188113 -0.000306583 0.000236578 -0.0335156 -0.00486746 -0.0669959 -0.04167 -0.0205174 -0.054821 -0.0459008 -0.00512928 -0.074956 -0.0032273 0.0826592 -0.00607404 -0.0719878 -8.55739e-05 -0.00314126 -0.000276618 0.0529493 -0.000177606 0.00105643 0.0582364 -0.0287646 0.00546088 0.000702851 0.0924594 -0.000516206 
