0.227532 0.000754439 0.00083089 -0.00323618 -0.000127227 0.00411283 0.21485 0.0137074 0.0727723 0.169414 -0.00841613 -0.0126019 -0.030903 0.00613162 -0.19804 -0.00214263 -0.000526909 0.0050403 0.0150435 -0.0064516 0.0021797 -0.000849119 -0.0603844 0.00195051 0.00567525 -0.00751491 -0.0739139 0.000239966 -0.0024117 0.140601 0.132752 -0.177148 -0.000266415 -0.168548 -0.0142288 0.00743272 0.110527 -0.00782775 -0.0726497 -0.00442193 -0.00194563 0.00367204 -0.00390366 -0.0083777 -0.0149024 0.053558 -0.00577225 0.000954968 0.00722394 -0.208838 -0.000742237 0.000130238 -0.178633 -0.0264535 -0.0900726 -0.104382 0.000702903 0.123063 -0.000168392 -0.00225489 -0.0304061 0.000299866 0.209801 -4.11049e-05 0.000318585 0.0282348 -0.000386504 -0.00315395 -0.00591377 0.00723488 0.195395 0.000126061 0.198641 -0.0431274 -0.103839 -0.0595362 -0.000632104 -0.00123153 -0.00543793 -6.41804e-05 -0.000128515 -0.0460013 0.188124 0.0520746 -0.000296311 -0.12028 -0.139625 0.0130317 -0.192224 0.0587993 -0.20122 0.0135708 -0.0017648 0.101754 -0.188232 -0.00727966 0.147493 0.215171 -0.000682325 -0.100363 
0.000754439 0.0166088 -6.86814e-06 0.000717831 3.68981e-05 0.000868658 -0.00393679 -0.000414366 0.00808662 -0.00399638 0.00154723 -5.17511e-06 -0.000556759 -0.000143203 -0.00836914 1.79634e-05 -2.71964e-05 -9.84711e-05 0.0121896 -0.000104367 0.001561 0.000672181 -0.00335722 -3.95418e-05 -0.00014099 0.00652459 -0.00345043 0.000487337 0.000137458 -0.00247527 -0.00254506 -0.00790209 0.000126214 -0.00819172 -0.000651686 0.00970945 0.00255616 -0.000354406 -0.00310454 0.000148354 -0.000100204 0.00109807 0.00497343 0.00833995 0.00341476 0.00322203 0.00312481 0.00254354 0.0014404 -0.00842571 3.99004e-05 0.000185796 -0.00730762 0.00489639 -0.00110652 -0.00135556 0.000356823 0.00488265 0.000263835 -5.12445e-05 0.00512689 2.37511e-05 -0.00452294 1.71235e-05 -1.04654e-05 0.00046128 -2.35659e-05 0.000803106 0.0102692 0.00204419 -0.00075201 -0.00830123 -0.00428038 -0.00197362 -0.00610265 0.00522853 0.00302573 0.00022432 0.00198888 6.69273e-05 -2.86756e-06 -0.00251399 -0.00428751 -0.000268127 -0.000230414 -0.00501275 -0.00504582 0.00715413 -0.00820191 -0.000943458 -0.00886885 0.00622899 0.000645197 -0.00351964 -0.0076801 0.00133292 0.00373479 -0.00469901 3.25234e-05 -0.00448174 
0.00083089 -6.86814e-06 0.00224956 0.000120903 1.97916e-06 4.33121e-05 0.00108868 0.000405838 9.6787e-05 0.000512737 0.000216661 0.000686565 -1.16179e-05 1.39771e-05 -0.00110423 1.23816e-05 8.23061e-06 1.41738e-05 3.37007e-06 0.00029136 0.000143996 4.04346e-05 -0.000387133 0.000423534 0.000118647 7.19416e-05 -0.000317151 1.117e-05 -1.70127e-05 0.000436223 0.000631642 -0.000909692 -1.1918e-05 -0.000988078 -9.19078e-05 -2.7702e-05 -5.47106e-05 -4.93226e-05 -0.000269987 2.6714e-05 0.000272931 -5.00111e-06 4.05101e-05 0.000180856 -0.000135828 -3.46286e-05 0.000269439 -8.15673e-06 -1.50446e-05 -0.0012265 6.11035e-05 -9.79989e-08 -0.00105951 -0.000109555 -0.000364284 -0.000583571 2.64442e-06 0.0003743 -7.60993e-06 5.09719e-05 -0.000246519 5.52647e-05 0.000766877 1.39845e-06 5.73545e-06 9.32818e-06 -3.48681e-06 6.28034e-05 0.000198242 -2.70249e-05 0.000833215 -0.000423589 0.000803855 -0.000106752 -0.000630546 -0.000280447 5.91372e-05 2.42755e-05 6.01919e-05 1.19645e-07 -7.69112e-07 -0.000507 0.000265096 4.76472e-05 3.79633e-05 -0.000679751 -0.000824923 -7.23488e-06 -0.00122924 0.000863718 -0.00116902 6.53626e-05 9.72162e-05 -4.89254e-05 -0.00119314 0.000211852 0.000440659 0.000908147 4.16569e-05 -0.000438742 
-0.00323618 0.000717831 0.000120903 0.0108629 0.000125705 -0.00013057 -0.00297893 4.40687e-05 0.000224521 -0.00251402 0.00462034 0.000232386 0.00120982 -4.05881e-05 -0.00522541 0.000417549 4.88377e-05 -5.16077e-05 0.00541368 0.00533742 0.000168592 0.0023225 -0.00229842 0.00255123 -8.0384e-05 0.0060858 -0.00203368 -2.01066e-05 4.23566e-05 -0.00117309 -0.00204843 -0.00437555 7.49967e-05 -0.00576141 -0.000456662 0.00553864 0.00341041 -0.000181308 -0.0020218 -0.000193837 0.0016113 0.00130788 0.00646819 0.00814205 0.000466245 -0.000790313 0.00717828 0.00507259 -2.78032e-05 -0.00541857 0.000409226 -2.38272e-05 -0.00480769 -0.00049729 -0.00247659 -0.00410133 2.29782e-05 0.00396449 0.000830147 0.000205247 -0.00101733 -2.38072e-06 -0.00329443 -4.23857e-06 9.59337e-06 -0.000500706 1.01392e-06 -0.000228578 0.00798264 -0.000129987 -0.00200725 -0.00833417 -0.00277373 -0.00129738 -0.00406471 -0.00185168 0.00228405 0.000242159 0.00167736 -1.1817e-05 -4.11707e-06 -0.00193748 -0.0026342 0.000395112 -0.000140141 -0.0024843 0.000700545 -0.000137023 -0.005465 -0.00079875 -0.00328041 0.00584873 0.000904366 -0.0020131 -0.00475288 0.0051477 -0.00200795 -0.00338396 -8.40334e-06 -0.00291086 
-0.000127227 3.68981e-05 1.97916e-06 0.000125705 0.000988953 6.0246e-06 -0.000133513 2.39383e-05 -5.5393e-06 -0.000221643 7.64266e-05 -3.68271e-05 6.49971e-05 -6.62885e-06 -6.71684e-05 2.25155e-05 -1.62579e-06 -6.86924e-06 -1.03308e-05 0.000367924 7.17821e-05 8.03945e-05 -0.000218156 0.000512371 -7.01774e-06 0.000148198 -0.00017024 -2.77266e-06 -4.32009e-06 -0.000176727 -0.000176514 -0.00043431 0.000503033 -0.000587944 -3.91893e-05 0.000146245 2.63286e-05 -2.10491e-05 -0.000200583 3.26422e-05 0.000483028 0.000184928 8.84063e-05 0.000146784 0.000122033 6.21986e-05 0.000194991 -3.98409e-05 2.92453e-06 -0.000580754 0.000125048 -2.3408e-06 -0.000482684 -6.492e-05 -0.000203912 -0.000331491 8.67838e-06 -9.53751e-05 2.02205e-05 0.000432355 -8.27226e-05 5.80631e-06 0.000252548 3.91364e-06 2.42309e-05 0.000102817 -1.33909e-06 -1.07513e-05 0.000160757 0.000486349 -0.000107475 -0.000193467 -7.50246e-05 -9.65106e-05 -0.000122698 -0.000181103 3.78136e-05 -2.59136e-06 -1.81982e-05 7.90599e-07 -3.67777e-07 -0.000191242 -0.000195242 0.000425725 1.83086e-05 -0.000335409 -0.000372542 6.82492e-05 -0.000529653 5.42065e-06 4.85584e-05 7.75623e-05 0.000225918 0.000183824 -0.000457083 0.000651735 -7.7946e-05 -9.44078e-05 -2.96554e-06 -0.000282025 
0.00411283 0.000868658 4.33121e-05 -0.00013057 6.0246e-06 0.0174497 0.00445446 -0.000211697 0.00759266 0.00205125 -0.000382128 -5.82262e-05 -0.000805209 -0.00015277 -0.00682634 2.39173e-05 6.02267e-06 -0.000111405 0.00202575 -0.000431647 -0.000298358 -7.73223e-05 -0.00163493 -0.000198395 0.000495587 0.00272812 -0.00288176 -4.17468e-05 -9.75298e-05 0.00651362 0.00523711 -0.00576562 -0.000115788 -0.00837275 -0.00068049 0.00342525 0.00541456 -0.000279435 -0.00151989 -2.7024e-05 -0.000218501 -0.000337 0.000943836 0.0029458 -0.000541964 -0.000125482 0.00271246 0.00111852 -0.000164968 -0.006315 -4.29894e-05 0.000288814 -0.0056866 -0.000437291 -0.00282276 -0.00357982 3.01723e-05 0.0056441 4.41714e-05 -0.00011283 -0.00119437 -1.5106e-05 0.00321656 1.83706e-05 4.59164e-05 -0.000649775 -2.88692e-05 0.000897544 0.00212178 -0.000261175 0.0030938 -0.00115708 0.00228023 -0.00061387 -0.00287134 -0.000949755 -0.000270575 0.000306989 0.00135505 4.92363e-05 -7.06499e-06 -0.0032039 0.00658282 -0.000769958 -0.000231717 -0.00434122 -0.00614809 -0.000564493 -0.00690045 -0.000262247 -0.0071352 0.00333611 -8.39367e-05 -0.00228972 -0.00561021 -0.000472662 -0.00218025 0.00415085 -4.90863e-05 -0.00388364 
0.21485 -0.00393679 0.00108868 -0.00297893 -0.000133513 0.00445446 0.222815 0.0134653 0.0684183 0.1691 -0.00844477 -0.0113594 -0.0292232 0.00483747 -0.188777 -0.00202641 -0.00051478 0.00432701 0.00820198 -0.00698403 -0.000481919 -0.00178666 -0.0569331 0.00047796 0.00578295 -0.00737464 -0.0704425 -0.000278646 -0.00251924 0.141791 0.133538 -0.168533 8.82759e-05 -0.163207 -0.013665 0.00391671 0.106104 -0.00748685 -0.0688318 -0.00479946 -0.00182055 0.00158516 -0.00708213 -0.00978724 -0.0167629 0.0487625 -0.00648506 -0.000755064 0.00483494 -0.201287 -0.00078779 9.93864e-05 -0.17102 -0.0258698 -0.087737 -0.102452 0.000112294 0.11957 -0.000357124 -0.00203455 -0.034536 0.000278295 0.206639 -5.3134e-05 0.000504069 0.0257817 -0.000540846 -0.00245297 -0.0093419 0.00481441 0.194591 0.00270271 0.19374 -0.0398549 -0.0984784 -0.0608759 -0.00375236 -0.00128271 -0.00584275 -0.00021637 -0.000131487 -0.0433427 0.187438 0.0503467 -0.000596605 -0.11585 -0.136839 0.00585708 -0.185693 0.0596137 -0.19394 0.012177 -0.00148167 0.1006 -0.1805 -0.0076772 0.137994 0.212755 -0.000604752 -0.0952115 
0.0137074 -0.000414366 0.000405838 4.40687e-05 2.39383e-05 -0.000211697 0.0134653 0.0319996 -0.00217806 0.00758805 0.000680818 0.00449118 -0.00131857 -0.000116761 -0.00926047 -0.000104404 -4.92334e-05 0.00109459 0.0031163 -0.000575093 0.00356197 0.000268962 -0.00568904 0.00254832 0.000143417 -0.000422575 0.000920083 -3.2172e-05 -0.000236169 0.00429609 -0.0047801 -0.00985397 0.000380091 -0.00589526 -0.000244018 -0.000845101 -0.00382819 0.000391725 -0.00664907 -0.000383412 -0.000493864 0.00245358 -8.13908e-05 -0.000783789 0.000504141 -0.00291652 -0.000893288 -0.000202371 -0.000400162 -0.0129573 0.000101143 -3.46561e-05 -0.0099047 -0.00212621 -0.00876219 -0.00997906 -5.797e-05 0.011376 0.000445761 -1.15887e-05 -0.00366635 -2.9289e-05 0.0137003 -1.40834e-05 -4.59659e-05 0.00121738 -5.57867e-05 -0.000734578 -0.00121036 0.00225211 0.00967249 -0.00140969 0.0100932 -0.00352467 -0.0124007 -0.00576612 0.000648993 -0.0001085 -9.68209e-05 0.000219313 6.24589e-06 0.00049065 -0.00185942 0.0129059 -0.000314358 -0.00470981 -0.00563235 0.00571956 -0.0113655 -0.00281924 -0.0111117 -3.51327e-05 -0.000110419 0.00256321 -0.0130544 0.000529578 0.0131812 0.0121478 -8.34533e-05 -0.00650465 
0.0727723 0.00808662 9.6787e-05 0.000224521 -5.5393e-06 0.00759266 0.0684183 -0.00217806 0.115311 0.0426295 -0.00149338 -0.0070002 -0.0114222 0.000936697 -0.0801567 -0.000755408 -0.000118685 9.01782e-05 0.0149804 -0.00170843 0.000675918 -0.00128077 -0.0300273 -0.000680177 9.68677e-05 0.00809947 -0.0280351 -0.00048278 -0.000950981 0.0578734 0.0660553 -0.0678631 -0.00118246 -0.0828774 -0.00545428 0.0169177 0.0455105 -0.00298265 -0.0270107 -0.00155958 -0.000961158 -0.00164126 0.00476775 0.00836433 -0.00306786 0.0468078 0.00473417 0.00190808 0.00782129 -0.0796268 -0.000400417 0.000861585 -0.0671117 -0.00507064 -0.0308873 -0.0461575 0.00099815 0.0133074 -0.00027683 -0.000906966 -0.00645423 -0.000146374 0.0639367 -7.15797e-06 -0.000126238 0.00667933 -0.000244699 -0.00284782 0.0107146 -0.000218519 0.0735704 -0.0109204 0.0662342 -0.0172196 -0.0420639 -0.0174327 -0.00157508 0.000696073 0.00453669 0.000303518 -5.26236e-05 -0.0264026 0.0602741 -0.0100516 -0.000351746 -0.0458025 -0.0542107 0.00671401 -0.0678341 0.0447093 -0.07826 0.0150548 -0.000633242 -0.00301609 -0.0708495 -0.00222443 0.0510617 0.0681669 -0.000280507 -0.0380307 
0.169414 -0.00399638 0.000512737 -0.00251402 -0.000221643 0.00205125 0.1691 0.00758805 0.0426295 0.193352 -0.00628722 -0.00806376 -0.0228892 0.00231197 -0.146606 -0.00160339 -0.000444955 0.00355467 -0.00469004 -0.00663895 -0.00519914 -0.00222608 -0.0441153 -0.000943224 0.00396493 -0.00583605 -0.0567269 -0.000728114 -0.0019726 0.105603 0.115738 -0.132883 9.37545e-05 -0.12039 -0.0107025 0.00296843 0.0841626 -0.00586202 -0.0545701 -0.00462952 -0.00292703 -0.00629378 -0.00683485 -0.00831674 -0.0138251 0.0395349 -0.00775259 0.0019575 0.0047759 -0.157886 -0.000728792 -0.000537415 -0.133741 -0.0204387 -0.0704659 -0.0856253 0.000251451 0.0978578 -9.98547e-06 -0.00165955 -0.0290822 -0.000183732 0.165991 -7.15471e-05 -1.23669e-05 0.0213396 -0.000411714 -0.00336454 -0.0108595 0.00115544 0.155711 0.0051237 0.148536 -0.0330934 -0.0775983 -0.0504301 -0.00499146 -0.00108017 -0.00583244 -0.000387482 -0.000104245 -0.0426546 0.157752 0.0372332 -0.00115207 -0.0911118 -0.108904 -0.0084164 -0.154556 0.0453289 -0.151905 0.0137783 -0.00139094 0.0967643 -0.141304 -0.00654726 0.100997 0.171963 -0.000690502 -0.0751764 
-0.00841613 0.00154723 0.000216661 0.00462034 7.64266e-05 -0.000382128 -0.00844477 0.000680818 -0.00149338 -0.00628722 0.0279356 0.00358493 0.00859471 -0.000284355 0.0012223 0.00088568 -2.39342e-06 -0.000211174 0.00333291 0.00876573 -0.000345036 0.00225178 0.00170089 0.00383966 -0.000230633 0.00507752 0.00311719 -5.12858e-05 -0.000205703 -0.00611926 -0.00592327 -7.27334e-05 0.000379391 0.000545906 -0.00105731 0.00642235 -0.000878059 -0.000347171 -0.00464806 -0.00044941 0.00286328 -0.000244009 0.0048763 0.00703132 0.00466662 -0.00246281 0.00637394 0.00297325 -0.000233008 -0.00136495 0.000534435 -6.36795e-05 -0.00214393 0.00123447 -0.00604887 -0.00959644 0.000113653 0.0028723 0.00136108 0.000983639 -0.000476166 -2.75108e-05 -0.00825858 -5.21899e-06 -4.31009e-05 -0.000532551 0.000125951 0.000209451 0.00860467 -0.000480217 -0.00801326 -0.00635731 -0.00684812 -0.0023083 -0.00713186 -0.000801837 0.00025723 7.83893e-05 -0.0003759 -1.22803e-05 -9.30997e-06 0.0024491 -0.00748502 -0.00270859 -0.000249534 -0.00231493 0.00393843 -0.000850809 0.000377927 -0.000524134 0.00367077 0.00418025 0.00128717 -0.00313465 -0.00465655 0.00588069 -0.00535364 -0.00843472 0.000254635 -0.00659575 
-0.0126019 -5.17511e-06 0.000686565 0.000232386 -3.68271e-05 -5.82262e-05 -0.0113594 0.00449118 -0.0070002 -0.00806376 0.00358493 0.0536325 0.0129507 -0.000525962 0.0131855 -0.000176467 0.000132796 -0.000246126 -0.00188378 -0.000619866 -0.000642396 0.000584069 -0.00874322 -0.000290942 4.93764e-05 -2.50158e-05 -0.00536027 8.03567e-05 -0.000270362 -0.0106806 -0.0107917 0.00677168 -0.000409665 0.0116262 0.000710884 -0.000956752 -0.0111441 -0.000553424 0.00163949 0.00065763 -0.000275402 -0.000972448 -0.00061621 0.00042766 0.00495334 -0.00416593 0.000305752 0.00153345 -0.000637652 0.0100027 0.000198866 0.000252179 0.00306108 0.000524117 0.00835202 0.00211505 -0.000112417 -0.00763492 7.37703e-05 0.00104567 0.00753977 0.000358418 -0.01151 -4.16205e-06 -4.81785e-05 -0.00231269 -5.11717e-05 0.000381843 -0.000194223 -0.000317059 -0.010454 -0.000296955 -0.0123914 0.0116621 -0.0041874 0.0149769 -0.000180811 0.000365153 0.000114405 2.44228e-05 3.35843e-06 -0.00401266 -0.0131934 0.00103033 0.00032431 0.015423 0.004349 -7.20652e-05 0.00486294 -0.00119538 0.000464514 -0.00198471 0.00174464 -0.013903 -3.42912e-05 -0.000904223 -0.00672103 -0.0116606 0.000867524 -0.00586416 
-0.030903 -0.000556759 -1.16179e-05 0.00120982 6.49971e-05 -0.000805209 -0.0292232 -0.00131857 -0.0114222 -0.0228892 0.00859471 0.0129507 0.0818798 -0.000870332 0.030055 0.000268764 0.000470209 -0.000613991 -0.00497598 0.000409655 -0.000974766 -0.00017452 0.0113017 -0.00059998 -0.000729388 0.000408477 0.0154616 -0.000340604 -0.000512041 -0.0197382 -0.0183082 0.0375085 -0.00061636 0.0247127 0.00478238 -0.00276669 -0.0181374 0.00485616 0.00187154 -0.00150928 -0.000859531 -0.00273736 -0.00216002 -0.00148017 0.0276802 -0.00768728 -0.00139924 -0.000821736 -0.00114619 0.0277572 -0.000165094 -0.000148978 0.0186295 -0.00687484 -0.00328742 -0.0252294 -0.00017053 -0.0180663 0.000482877 0.000757873 -0.000780197 -9.08509e-05 -0.0234202 -1.22188e-05 5.95335e-05 -0.00446379 -6.85964e-05 -0.00174013 -0.00266554 -0.00158395 -0.0275042 0.00273941 -0.027631 0.00119386 -0.00441636 -0.00370808 -0.00179751 -0.00023174 -0.00166864 -0.000104764 1.41986e-05 0.00504085 -0.0264665 -0.00766406 -0.000802204 0.0331106 0.0215517 -0.00212296 0.0326125 0.00568429 0.0329128 -0.00440253 -0.000221254 -0.0222033 0.025421 0.000679877 -0.0205702 -0.0296604 0.000131372 -0.0170333 
0.00613162 -0.000143203 1.39771e-05 -4.05881e-05 -6.62885e-06 -0.00015277 0.00483747 -0.000116761 0.000936697 0.00231197 -0.000284355 -0.000525962 -0.000870332 0.00996222 -0.00567355 -5.46726e-05 -2.21714e-05 0.000401137 0.000392892 -0.000264705 0.00046027 0.000544395 -0.00195826 -9.58748e-05 -4.25619e-05 -7.15671e-05 -0.00225402 6.52817e-06 -4.58701e-05 0.00126915 -0.000701349 -0.00494687 0.000314113 -0.00618169 -0.000386478 -3.61914e-05 0.00693037 -0.000225989 -0.00207162 0.00111552 -5.66169e-05 0.000692943 0.000192577 6.15865e-05 -0.000658729 0.000789126 -0.000134801 -0.000172535 4.96916e-05 -0.00593002 -1.92655e-05 2.10387e-06 -0.00511986 -0.000474618 -0.00266297 -0.00274401 0.00034978 0.00283589 2.28283e-05 5.03253e-06 -0.000829577 0.000130071 0.0059225 9.04834e-06 0.000353654 0.000303901 -1.50792e-05 0.000309854 -7.65999e-05 0.000565806 0.00278773 -0.000534293 0.00399801 -0.001232 -0.00189953 -0.00189749 0.000783573 -3.36068e-05 1.16243e-05 -9.89428e-06 1.8335e-06 0.000439683 0.00577038 0.00299047 0.00123641 -0.00344171 -0.00408631 0.000149547 -0.00484327 0.000427054 -0.00578053 -8.58543e-05 -6.14901e-05 0.00292393 -0.00533625 -0.00027446 0.00266123 0.0060809 -2.3425e-05 -0.00287828 
-0.19804 -0.00836914 -0.00110423 -0.00522541 -6.71684e-05 -0.00682634 -0.188777 -0.00926047 -0.0801567 -0.146606 0.0012223 0.0131855 0.030055 -0.00567355 0.230391 0.00124127 0.000551957 -0.0047406 -0.0407512 -0.00410988 -0.00373793 -0.00551258 0.0635833 -0.00283336 -0.00557703 -0.0116761 0.0726891 -0.000867935 0.00185191 -0.135102 -0.122679 0.183994 0.00155807 0.183747 0.0148513 -0.0277462 -0.128102 0.00794131 0.0740447 0.00130333 -0.00179284 -0.0110178 -0.0178538 -0.0219746 0.0133872 -0.0505153 -0.016682 -0.019192 -0.0080352 0.214758 -0.000657819 -0.000412557 0.178782 0.0134816 0.09132 0.117109 -0.00136084 -0.132315 -0.00141313 0.00135707 0.0290708 -0.000976952 -0.182317 4.025e-05 -0.000351822 -0.0267458 0.000365153 -0.000978615 -0.0248231 -0.00967638 -0.181576 0.0284251 -0.190786 0.0448393 0.115174 0.0560451 -0.0118212 -0.00218031 -0.00605805 -0.00030992 0.000130232 0.0521648 -0.174781 -0.0443682 0.00109547 0.121065 0.133857 -0.0165337 0.197818 -0.0490163 0.2066 -0.0379508 -0.000433332 -0.0798754 0.193219 -0.000569122 -0.136993 -0.190093 0.000573407 0.103091 
-0.00214263 1.79634e-05 1.23816e-05 0.000417549 2.25155e-05 2.39173e-05 -0.00202641 -0.000104404 -0.000755408 -0.00160339 0.00088568 -0.000176467 0.000268764 -5.46726e-05 0.00124127 0.00608643 4.97526e-06 -4.73696e-05 -0.00028893 0.000857948 1.50678e-05 0.000703793 0.00243448 0.00050692 -5.36582e-05 0.000110331 0.0032383 7.06245e-05 -2.79888e-05 -0.0013411 -0.00123751 -0.000265094 9.92635e-05 0.000635998 -0.000158422 0.000407253 -0.00122161 0.000570174 -0.00115116 0.000340193 0.000838749 0.000621351 0.000118638 0.000647823 -0.000309074 -0.00052487 0.000422665 -0.000185335 -7.84449e-05 0.00117068 1.12971e-05 -1.44807e-05 0.00195152 0.0017144 -0.00160278 -0.00216303 -5.51082e-06 -0.00115456 1.1981e-05 0.000178483 -0.000441362 0.000167545 -0.00209668 -1.53791e-06 -7.65629e-06 -0.000264982 -4.90544e-06 0.00115516 0.00141592 -9.62547e-05 -0.00183355 -0.000733301 -0.00186903 -0.000809671 -0.00161364 -0.00101158 0.000230912 -1.17363e-05 -0.000112732 1.8341e-06 -2.35913e-06 0.00226636 -0.00181563 -0.000732394 2.42073e-06 0.00101485 0.000463809 -0.000172446 0.00130328 -0.000637667 0.00211737 -0.000260847 0.00023095 -0.000205746 4.88224e-05 0.00104846 -0.00144688 -0.00199605 2.04342e-06 -0.00125617 
-0.000526909 -2.71964e-05 8.23061e-06 4.88377e-05 -1.62579e-06 6.02267e-06 -0.00051478 -4.92334e-05 -0.000118685 -0.000444955 -2.39342e-06 0.000132796 0.000470209 -2.21714e-05 0.000551957 4.97526e-06 0.00224337 1.12748e-05 -0.000134432 0.000350423 -2.76303e-05 -1.19439e-05 0.000129462 0.000236058 -1.26873e-05 -3.94066e-05 4.00715e-05 5.52213e-05 -1.44428e-05 -0.000363451 -0.000196625 -0.000355733 3.10945e-05 0.000285578 -5.04583e-05 -8.74219e-05 -0.000442755 -1.8438e-05 0.000523226 4.73328e-05 0.000321714 -1.84391e-05 -3.72193e-05 -7.38593e-05 2.45564e-05 0.000210334 0.000134163 -5.52628e-05 2.96469e-05 0.000201494 9.69086e-06 9.46723e-05 -0.000146012 -0.000150756 0.000432044 -0.000278156 3.94803e-05 -0.000414416 1.00358e-05 4.73936e-05 -8.81681e-06 6.17537e-06 -0.000468341 3.01248e-06 -2.55489e-06 -9.28332e-05 -3.09726e-06 0.000321101 -4.03066e-05 -2.89897e-05 -0.000512177 7.80148e-05 -0.000534689 0.000370138 0.000233931 0.000455703 -4.01084e-05 7.12355e-06 -2.97003e-05 7.02934e-06 1.51119e-06 -0.000316997 -0.000486966 -0.000190595 -1.3933e-05 7.83294e-05 -0.000523211 -1.46134e-06 0.0001813 0.000247124 0.000410811 -0.000132868 5.1735e-05 -0.000135167 -0.000254918 0.000405925 -0.000250285 -0.000477789 8.08088e-05 -0.000487832 
0.0050403 -9.84711e-05 1.41738e-05 -5.16077e-05 -6.86924e-06 -0.000111405 0.00432701 0.00109459 9.01782e-05 0.00355467 -0.000211174 -0.000246126 -0.000613991 0.000401137 -0.0047406 -4.73696e-05 1.12748e-05 0.00901142 0.000363676 -0.000181569 1.7106e-05 -2.57059e-05 -0.00168774 0.000204244 0.000600596 -0.000124207 -0.00145339 2.12269e-05 -2.1041e-05 0.00225457 0.00059793 -0.00396631 4.64703e-06 -0.00122156 -0.000362184 0.000727402 0.00327297 -0.000149282 -0.00187651 -5.09991e-05 -9.88171e-05 -8.85867e-05 -0.000199367 -0.00016715 -0.000377889 -0.000710276 -4.85887e-05 -0.000111724 -0.000111843 -0.00460761 -2.83932e-05 -6.33729e-06 -0.00394157 -0.000658555 -0.00221112 -0.00311956 0.000199068 0.00535831 0.000353397 -9.71144e-06 -0.000924908 -1.03481e-05 0.00460812 1.15839e-06 -8.47539e-06 0.00255232 -1.14679e-05 -0.000253861 -0.000293027 -6.73713e-05 0.00284116 -0.000710795 0.00506365 -0.000970533 -0.00321901 -0.00157421 -0.000134677 -2.50898e-05 -5.26918e-05 2.68497e-05 -2.38484e-06 -0.00166055 0.00416562 -0.000852711 -8.09149e-05 -0.00268314 -0.00311326 0.00013483 -0.00460188 -0.00114722 -0.0043213 0.000104272 -4.22656e-05 0.0037361 -0.0043717 -7.9204e-05 0.00145941 0.00502782 8.61901e-05 -0.00236918 
0.0150435 0.0121896 3.37007e-06 0.00541368 -1.03308e-05 0.00202575 0.00820198 0.0031163 0.0149804 -0.00469004 0.00333291 -0.00188378 -0.00497598 0.000392892 -0.0407512 -0.00028893 -0.000134432 0.000363676 0.0598135 0.00514852 0.00477442 0.00311194 -0.012946 -0.000316293 0.00121425 0.0133184 -0.0123887 0.000388212 0.000366549 0.003016 -0.0013022 -0.0328508 -0.000470789 -0.040571 -0.00265331 0.0190569 0.0294822 -0.00142126 -0.0132616 0.00076265 -0.000671977 0.0154876 0.0220392 0.0245945 0.00108516 0.0011829 0.0173496 0.0186158 0.000867822 -0.0380015 0.000866268 2.33554e-05 -0.0298858 0.00750349 -0.014015 -0.0182146 0.000266312 0.0340042 7.62259e-06 -0.000428676 0.000198705 4.56126e-05 0.00594681 -1.66692e-05 8.92151e-05 -0.000675838 4.41758e-05 0.00111464 0.0313634 0.00375858 0.0128935 -0.0291551 0.0140686 -0.008071 -0.0227148 -0.00225419 0.0140327 0.00317764 0.0118143 0.000622867 -2.24567e-05 -0.0105328 0.00631856 0.00959034 -0.000778068 -0.0197017 -0.0127454 0.0128331 -0.0371704 -0.00375278 -0.0376774 0.025488 0.00075069 -0.016364 -0.0343336 0.00190745 0.0160023 0.00510693 -0.000165769 -0.0183129 
-0.0064516 -0.000104367 0.00029136 0.00533742 0.000367924 -0.000431647 -0.00698403 -0.000575093 -0.00170843 -0.00663895 0.00876573 -0.000619866 0.000409655 -0.000264705 -0.00410988 0.000857948 0.000350423 -0.000181569 0.00514852 0.0271549 -0.00026123 0.00398746 0.00320217 0.0115292 -0.000216906 0.00498254 0.00239914 0.000700795 -0.000133549 -0.00602259 -0.00484288 -0.00760183 0.00342239 -0.00438972 -0.00100095 0.0070473 0.00177452 -0.000265679 -0.00541979 0.000253347 0.0119375 0.00291373 0.00830881 0.00933604 0.000150151 -0.00157732 0.0145381 0.00556458 -0.000316541 -0.0112432 0.00131152 -1.91114e-05 -0.0081397 -0.000259848 -0.00616614 -0.00720476 -9.71386e-06 0.00205322 0.00118561 0.00323933 -0.00297734 8.19163e-05 -0.00686021 6.30913e-05 -4.06281e-05 0.00183792 -3.44832e-05 0.00350293 0.0102492 0.000907409 -0.00774069 -0.00933787 -0.00497493 -0.00267292 -0.00524965 -0.00441787 0.0037911 0.000262195 -0.00034984 -2.52795e-05 -1.08191e-05 -0.00578922 -0.00761284 0.000596834 -0.000277768 -0.00911735 0.00143437 -0.00106156 -0.0111721 0.00191987 0.0002983 0.00554217 0.00245056 0.00143762 -0.0113146 0.0165267 -0.00403364 -0.00517369 0.00021747 -0.00623411 
0.0021797 0.001561 0.000143996 0.000168592 7.17821e-05 -0.000298358 -0.000481919 0.00356197 0.000675918 -0.00519914 -0.000345036 -0.000642396 -0.000974766 0.00046027 -0.00373793 1.50678e-05 -2.76303e-05 1.7106e-05 0.00477442 -0.00026123 0.0203185 0.00270346 -0.00267286 0.00207432 -7.26004e-05 8.11878e-05 -0.00167933 2.15928e-06 -1.51964e-05 -0.00253689 -0.00368714 -0.00187917 -0.000109528 -0.00553482 -0.000765706 0.000147044 -0.000916741 -0.000292761 0.00374468 0.000778802 -0.000232441 0.00444118 -2.11194e-05 0.0015949 -0.000901018 0.000873938 -0.00058735 -0.00102776 0.00053186 -0.00319953 -5.12801e-05 0.000115692 -0.000300326 0.000294106 0.0039392 -0.00614566 0.00015001 -0.00224339 -6.73973e-05 -0.000130831 -0.00059251 0.000167311 0.000712863 -5.61622e-07 0.000133876 0.000425815 -2.91794e-05 -0.000299585 0.00208602 0.00321147 0.000302419 -0.0047391 0.00129956 -0.000391839 0.000493084 -0.0022201 0.00385119 -8.19651e-05 -0.000424493 0.000206064 -4.58505e-06 -0.00428174 -0.00497049 0.00228001 0.000117247 0.00206864 -0.00519263 0.00867408 -0.00183584 -0.00123511 -0.00222891 -0.00106266 -7.36409e-05 -0.00433461 -0.00255601 -0.000510544 0.00571972 -0.00282856 9.06441e-06 -0.00024537 
-0.000849119 0.000672181 4.04346e-05 0.0023225 8.03945e-05 -7.73223e-05 -0.00178666 0.000268962 -0.00128077 -0.00222608 0.00225178 0.000584069 -0.00017452 0.000544395 -0.00551258 0.000703793 -1.19439e-05 -2.57059e-05 0.00311194 0.00398746 0.00270346 0.0104778 -0.00106976 0.00517889 1.82892e-06 0.00282749 -0.000287272 0.000116078 -7.41569e-06 -0.00102449 -0.0018544 -0.00529086 0.00100059 -0.00643763 -0.000435835 0.00322224 -0.000223692 -0.000225684 -0.00196018 0.00145791 0.00412379 0.00436624 0.00202757 0.00517723 0.000492602 0.000586387 0.00364342 0.000607628 -6.4191e-06 -0.00639702 5.68157e-06 4.10591e-05 -0.00389836 0.00222473 -0.0028147 -0.0040777 5.38283e-05 -0.0014385 0.00125196 0.00163034 -0.00078237 0.000698204 0.000202591 1.22375e-06 0.000189004 2.41987e-05 -1.57527e-05 0.00192363 0.00583733 0.00271347 -0.000933998 -0.00775743 -0.00161068 -0.00139571 -0.00385335 -0.00185059 0.00426494 -3.07388e-05 5.88946e-07 5.88534e-06 1.76464e-06 -0.00242609 -0.00235985 0.00134131 0.000254225 -0.00115493 -0.00393359 0.00300076 -0.00623733 -0.000507705 -0.00258302 -6.48924e-05 0.000551879 0.00103487 -0.00562104 0.00460294 0.00226409 -0.00114125 -1.36131e-05 -0.00303099 
-0.0603844 -0.00335722 -0.000387133 -0.00229842 -0.000218156 -0.00163493 -0.0569331 -0.00568904 -0.0300273 -0.0441153 0.00170089 -0.00874322 0.0113017 -0.00195826 0.0635833 0.00243448 0.000129462 -0.00168774 -0.012946 0.00320217 -0.00267286 -0.00106976 0.182519 0.000629907 -0.00159596 -0.00301921 0.0824658 0.000286004 0.0021325 -0.0368652 -0.0281741 0.0411445 -0.000432956 0.0505126 0.0137505 -0.0104509 -0.0425001 -0.00229209 -0.0398621 0.00287518 0.00212677 0.00268811 -0.00318299 -0.005326 0.0103134 -0.0182488 -0.00145726 -0.00529162 -0.00301136 0.0617936 -0.000487252 -0.000385636 0.050584 0.0152191 -0.0582209 -0.0248195 -0.000513899 -0.0219347 -0.000853079 -0.000109841 -2.66401e-05 8.08834e-06 -0.0536938 -4.46636e-06 -0.000323573 -0.0113684 -0.000112798 0.0151627 -0.00417146 -0.00412656 -0.0537259 0.00730155 -0.0589897 -0.029129 -0.00069132 -0.0167064 -0.00134794 -0.000297164 -0.000612056 3.45874e-05 1.83838e-05 0.0797907 -0.0507902 -0.0186237 0.00561731 0.0383517 0.0755723 -0.00984993 0.0640086 -0.0219021 0.0635432 -0.0125412 -0.000745456 0.00216657 0.0646432 0.00862875 -0.0472574 -0.0556044 -9.90006e-05 -0.0303419 
0.00195051 -3.95418e-05 0.000423534 0.00255123 0.000512371 -0.000198395 0.00047796 0.00254832 -0.000680177 -0.000943224 0.00383966 -0.000290942 -0.00059998 -9.58748e-05 -0.00283336 0.00050692 0.000236058 0.000204244 -0.000316293 0.0115292 0.00207432 0.00517889 0.000629907 0.0246978 -0.000153196 0.0025585 0.000207455 0.000879473 -0.000181503 -0.00222209 -0.00151003 -0.00998925 0.00412525 -0.00306044 -0.000987073 0.00254795 -0.0046617 -0.00042949 -0.00485786 -0.000348297 0.0118504 0.00254233 0.000285527 0.00261122 0.000558974 0.000610502 0.00649943 0.000182575 -0.000174228 -0.0131995 0.000638777 0.00026937 -0.0102108 -0.00172497 -0.00615535 -0.00948942 -2.86794e-05 -0.00257118 0.00171557 0.00420826 -0.00195433 3.54563e-06 0.00424676 4.7097e-05 0.000113387 0.00365153 -1.6163e-05 0.00188768 0.00245781 0.0035807 -0.00250441 -0.00341037 -0.000560604 -0.00263542 -0.00888333 -0.00452133 0.00142451 -8.17423e-05 -0.000504928 5.15541e-05 -9.96746e-06 -0.00521334 -0.0067556 0.000914021 -0.00018903 -0.00663965 -0.00799487 0.00292311 -0.0131559 0.00497584 7.13967e-05 -0.00137442 0.00232817 0.0117936 -0.0111646 0.0144465 0.00571902 0.00176759 0.000345411 -0.00687898 
0.00567525 -0.00014099 0.000118647 -8.0384e-05 -7.01774e-06 0.000495587 0.00578295 0.000143417 9.68677e-05 0.00396493 -0.000230633 4.93764e-05 -0.000729388 -4.25619e-05 -0.00557703 -5.36582e-05 -1.26873e-05 0.000600596 0.00121425 -0.000216906 -7.26004e-05 1.82892e-06 -0.00159596 -0.000153196 0.00876192 -0.000199755 -0.00185303 -3.74631e-05 -6.75717e-05 0.00510747 0.00463962 -0.00449226 -7.48704e-05 -0.00515362 -0.000362111 -0.000360266 0.00119932 -0.00019208 -0.00184221 -0.000160595 -0.000113676 0.000363676 -0.00025294 -0.00024673 -0.000446786 -0.000627812 -0.000315261 -0.000313787 -9.66148e-06 -0.00532494 -2.84584e-05 -7.49211e-06 -0.00450789 -0.000681265 -0.00238685 -0.00329721 -1.54984e-05 0.00551091 -2.09752e-06 -4.08537e-05 -0.000969616 2.20199e-05 0.00556942 5.33063e-07 1.39188e-05 0.000422179 -1.49429e-05 0.000456816 -0.000303134 -9.7203e-05 0.00571517 -0.000450013 0.00581474 -0.00117494 -0.00321904 -0.00169984 -0.000179694 -3.53674e-05 -8.78648e-05 -5.67656e-06 -3.5819e-06 -0.00109366 0.00547923 0.000142849 -0.000118636 -0.00304046 -0.00367297 -3.81996e-05 -0.00509125 7.75892e-06 -0.00520375 -0.000309097 -4.90713e-05 0.00199413 -0.00475525 -0.000308625 0.00183195 0.0055874 -1.30441e-06 -0.0025335 
-0.00751491 0.00652459 7.19416e-05 0.0060858 0.000148198 0.00272812 -0.00737464 -0.000422575 0.00809947 -0.00583605 0.00507752 -2.50158e-05 0.000408477 -7.15671e-05 -0.0116761 0.000110331 -3.94066e-05 -0.000124207 0.0133184 0.00498254 8.11878e-05 0.00282749 -0.00301921 0.0025585 -0.000199755 0.022086 -0.00469254 -0.000101412 -0.000114967 -0.00300042 -0.00417692 -0.0105707 7.77494e-05 -0.012315 -0.000848488 0.0146593 0.0099432 -0.000479234 -0.00448741 0.000131727 0.00144459 4.53264e-05 0.0121355 0.0189893 0.00293878 -0.000973251 0.0141036 0.00957626 0.000405851 -0.0110094 0.000747446 0.00015279 -0.00951916 0.0046145 -0.00511906 -0.00837087 0.000533812 0.0100411 0.0015825 4.43216e-05 -0.00184374 -2.8983e-05 -0.00659425 -2.38342e-06 5.83212e-05 -0.000842356 -3.64518e-05 7.57772e-05 0.0174726 0.00100441 -0.00383738 -0.0157662 -0.00655787 -0.00287543 -0.00699413 -0.00188428 0.00369393 0.00133897 0.0066315 0.000251585 -6.63366e-06 -0.00351976 -0.00394899 0.000274793 -1.27792e-05 -0.00734545 -0.00541247 5.37146e-05 -0.0109481 -0.00219311 -0.00865889 0.0148911 0.00115215 -0.00254073 -0.00897613 0.00613412 -0.00378779 -0.00761809 -6.51815e-05 -0.00592941 
-0.0739139 -0.00345043 -0.000317151 -0.00203368 -0.00017024 -0.00288176 -0.0704425 0.000920083 -0.0280351 -0.0567269 0.00311719 -0.00536027 0.0154616 -0.00225402 0.0726891 0.0032383 4.00715e-05 -0.00145339 -0.0123887 0.00239914 -0.00167933 -0.000287272 0.0824658 0.000207455 -0.00185303 -0.00469254 0.174378 0.00133292 0.00150009 -0.0484585 -0.043888 0.0488989 1.90828e-05 0.0670142 0.012343 -0.0100574 -0.0462387 0.00790251 -0.0451818 0.00125299 0.00224221 0.0010007 -0.00617093 -0.0067274 0.00134031 -0.0182049 -0.00545372 -0.00485562 -0.0028723 0.0758424 -0.00063699 -0.00046528 0.0961823 0.0316176 -0.0525143 -0.0276449 -0.000491275 -0.0508137 -0.000800354 0.000933889 -0.0178193 -0.000138119 -0.0741999 -3.2506e-05 -0.000270631 -0.00792937 -0.000209389 0.00272862 -0.00377907 -0.00238387 -0.0649599 0.00781451 -0.0654057 -0.0215771 -0.0258436 -0.00472436 -0.00224922 -0.000812633 0.000247053 2.49028e-05 0.000250219 0.0678822 -0.0664406 -0.0107649 -0.000460434 0.0746457 0.0805269 -0.000289866 0.0776732 -0.0197382 0.0827757 -0.0132323 -0.000880541 -0.0257745 0.0630602 0.00898705 -0.046366 -0.0691417 0.00078773 0.0130967 
0.000239966 0.000487337 1.117e-05 -2.01066e-05 -2.77266e-06 -4.17468e-05 -0.000278646 -3.2172e-05 -0.00048278 -0.000728114 -5.12858e-05 8.03567e-05 -0.000340604 6.52817e-06 -0.000867935 7.06245e-05 5.52213e-05 2.12269e-05 0.000388212 0.000700795 2.15928e-06 0.000116078 0.000286004 0.000879473 -3.74631e-05 -0.000101412 0.00133292 0.00465342 -9.64202e-06 -0.000996485 -0.000700978 -0.00237424 1.50436e-05 0.000529081 -0.000170945 0.00028184 -0.000870003 -7.32408e-05 -0.000819951 -6.34599e-05 0.000866673 -5.58678e-05 -5.6556e-05 2.20289e-05 -5.30646e-05 -2.55497e-05 0.000345714 -0.000124595 1.2889e-05 -0.000907799 -6.89022e-06 -6.96627e-06 -0.00024793 0.00135862 -0.00079914 -0.000265317 -6.44103e-06 -0.00083197 -2.69245e-06 -1.88184e-06 0.000119528 1.63343e-05 -0.000374451 -1.61425e-06 -2.31994e-06 0.000719282 8.51242e-06 0.000114746 -4.09635e-05 2.04698e-05 -0.00116333 -0.000236806 -0.000767527 0.000105637 -0.00167051 0.0015753 0.00016685 6.13897e-06 -0.000106244 -1.2305e-06 7.16741e-07 0.000755418 -0.000872776 0.000521671 -6.6757e-06 -0.00121961 -0.00186292 0.00102597 -0.00108274 -2.77837e-05 9.99092e-05 -0.000226061 0.00024604 0.00209054 -0.00108866 0.00202828 0.0013485 0.000246555 0.000192072 -0.000962978 
-0.0024117 0.000137458 -1.70127e-05 4.23566e-05 -4.32009e-06 -9.75298e-05 -0.00251924 -0.000236169 -0.000950981 -0.0019726 -0.000205703 -0.000270362 -0.000512041 -4.58701e-05 0.00185191 -2.79888e-05 -1.44428e-05 -2.1041e-05 0.000366549 -0.000133549 -1.51964e-05 -7.41569e-06 0.0021325 -0.000181503 -6.75717e-05 -0.000114967 0.00150009 -9.64202e-06 0.00760518 -0.0016539 -0.00154523 0.0025238 -5.85308e-05 0.00162449 7.52123e-06 -0.000267508 -0.000851342 6.91209e-05 0.000414014 -0.00012146 -0.000102217 0.000545982 0.000543268 0.000340833 -0.000455863 -0.000634478 0.000162109 0.000327903 -9.79029e-05 0.00204457 -1.33753e-05 -1.41554e-05 0.00254305 -0.000300797 -0.00124682 0.00197512 -1.26138e-05 -0.00139 -2.61355e-05 -4.60732e-05 -0.000471031 -1.04567e-05 -0.00263279 -2.65993e-06 1.06546e-05 -0.000381669 -1.12738e-05 -8.49164e-05 0.000304166 -5.31261e-05 -0.00233678 -0.000438389 -0.00202894 -0.000995975 0.000546146 -0.000287551 0.000567658 0.00021562 0.00041769 0.000146768 1.40578e-06 5.10681e-05 -0.00220154 -0.000879637 -2.99634e-05 0.00120949 0.00374709 -0.000165362 0.00173559 -0.000969006 0.000932958 0.00014144 -4.26635e-05 -0.0021522 0.00238864 -8.6444e-05 -0.00162364 -0.00253236 -1.8481e-05 -6.21102e-05 
0.140601 -0.00247527 0.000436223 -0.00117309 -0.000176727 0.00651362 0.141791 0.00429609 0.0578734 0.105603 -0.00611926 -0.0106806 -0.0197382 0.00126915 -0.135102 -0.0013411 -0.000363451 0.00225457 0.003016 -0.00602259 -0.00253689 -0.00102449 -0.0368652 -0.00222209 0.00510747 -0.00300042 -0.0484585 -0.000996485 -0.0016539 0.172763 0.120227 -0.113121 -0.000315479 -0.117712 -0.00910489 -0.00126968 0.0554819 -0.0049456 -0.0464912 -0.00442593 -0.00203355 -0.000199405 -0.00551728 -0.00394345 -0.0103537 0.0364263 -0.00562868 -0.00268054 0.00521109 -0.132565 -0.00041291 0.000438748 -0.11285 -0.0173639 -0.059472 -0.0775102 -0.00026013 0.0882114 -0.000673769 -0.00130664 -0.0230317 -8.9656e-05 0.13664 -4.49701e-05 -0.000309656 -7.72844e-05 -0.000394032 -0.00169438 -0.00593104 -0.000775038 0.14021 -0.000332595 0.135157 -0.0293914 -0.0815841 -0.0420403 -0.00401281 -0.000840664 -0.00190803 0.000182365 -8.83085e-05 -0.0283372 0.130334 0.00865325 -0.00280765 -0.0767752 -0.0910688 0.00161636 -0.119485 0.033642 -0.129291 0.00517776 -0.00121334 0.0747908 -0.118704 -0.00614889 0.0869726 0.139552 -0.000657599 -0.0633088 
0.132752 -0.00254506 0.000631642 -0.00204843 -0.000176514 0.00523711 0.133538 -0.0047801 0.0660553 0.115738 -0.00592327 -0.0107917 -0.0183082 -0.000701349 -0.122679 -0.00123751 -0.000196625 0.00059793 -0.0013022 -0.00484288 -0.00368714 -0.0018544 -0.0281741 -0.00151003 0.00463962 -0.00417692 -0.043888 -0.000700978 -0.00154523 0.120227 0.164163 -0.106103 -0.000917566 -0.116891 -0.00861538 0.00127847 0.049501 -0.00462106 -0.0431676 -0.00335605 -0.000669656 -0.00568318 -0.00586282 -0.00593505 -0.00981663 0.0597065 -0.00637628 -0.00524601 0.00689093 -0.124551 -0.000670948 -7.51096e-05 -0.105785 -0.0161152 -0.055781 -0.0771255 -0.000238779 0.0477728 -0.000760707 -0.00115184 -0.0223434 -0.000313127 0.12872 -6.06072e-05 -0.000215096 -0.00468498 -0.000390272 -0.00196933 -0.00742511 -0.00261558 0.136132 0.00313583 0.122121 -0.0275248 -0.0625872 -0.0399381 -0.00420452 -0.000819644 -0.003341 -0.00018157 -8.27935e-05 -0.0345954 0.126275 -0.00450531 -0.000313613 -0.0721136 -0.0867214 -0.00210783 -0.114325 0.066154 -0.121189 0.000301345 -0.0011977 0.0554306 -0.110758 -0.00556757 0.0774154 0.134239 -0.000568305 -0.0594091 
-0.177148 -0.00790209 -0.000909692 -0.00437555 -0.00043431 -0.00576562 -0.168533 -0.00985397 -0.0678631 -0.132883 -7.27334e-05 0.00677168 0.0375085 -0.00494687 0.183994 -0.000265094 -0.000355733 -0.00396631 -0.0328508 -0.00760183 -0.00187917 -0.00529086 0.0411445 -0.00998925 -0.00449226 -0.0105707 0.0488989 -0.00237424 0.0025238 -0.113121 -0.106103 0.249781 -0.00444188 0.160507 0.0171927 -0.0239251 -0.105543 0.0100236 0.0742815 -0.00492663 -0.00709497 -0.0126705 -0.0155761 -0.0179689 0.0155356 -0.0458984 -0.0150789 -0.017116 -0.00651193 0.194674 -0.00162015 -0.000750365 0.1603 -0.0177218 0.0946926 0.10407 -0.00111218 -0.122959 -0.00133147 -0.00200357 0.0300964 -0.000812214 -0.16644 -6.80517e-05 -7.34567e-05 -0.0251795 -0.000285656 -0.00529791 -0.0244206 -0.00933074 -0.159152 0.0230894 -0.158208 0.0416599 0.113376 0.0252985 -0.0108771 -0.00177366 -0.00514748 -0.000615999 0.00012378 0.0258008 -0.149102 -0.0478084 -0.00115642 0.130735 0.142779 -0.0159049 0.183513 -0.0442917 0.185904 -0.0304953 -0.00259094 -0.118282 0.175783 -0.0130645 -0.121191 -0.170374 -0.000971532 0.106656 
-0.000266415 0.000126214 -1.1918e-05 7.49967e-05 0.000503033 -0.000115788 8.82759e-05 0.000380091 -0.00118246 9.37545e-05 0.000379391 -0.000409665 -0.00061636 0.000314113 0.00155807 9.92635e-05 3.10945e-05 4.64703e-06 -0.000470789 0.00342239 -0.000109528 0.00100059 -0.000432956 0.00412525 -7.48704e-05 7.77494e-05 1.90828e-05 1.50436e-05 -5.85308e-05 -0.000315479 -0.000917566 -0.00444188 0.00907558 -0.00216187 -0.000359487 0.000316888 -0.000439381 -0.000155599 -0.0017102 -0.000166397 0.00458552 0.000722806 -0.000169025 -3.87696e-05 4.14213e-06 -0.00021145 0.000186827 0.000283622 -0.000117765 -0.00423329 0.000890856 -1.98363e-05 -0.00374232 0.000330986 -0.0018154 -0.00269748 1.37471e-05 0.0003979 0.000125505 0.00331608 -0.000978858 1.24067e-05 0.0023368 6.005e-05 -2.92123e-06 0.000512692 -8.6804e-06 0.000564094 0.000262492 0.00170016 -0.0019369 0.0001831 -0.00200546 -0.000843549 -0.00262082 -0.00154498 -6.33874e-05 -3.0517e-05 -0.000197946 -8.09656e-06 6.22015e-07 0.000867597 -0.000681641 0.00287424 -4.35981e-05 -0.00282395 -0.0033917 -0.000360738 -0.00433692 0.000681391 0.00118031 -0.000167445 0.00140096 0.00553063 -0.00326225 0.00543414 -0.00170316 0.00063174 -2.41613e-05 -0.00229681 
-0.168548 -0.00819172 -0.000988078 -0.00576141 -0.000587944 -0.00837275 -0.163207 -0.00589526 -0.0828774 -0.12039 0.000545906 0.0116262 0.0247127 -0.00618169 0.183747 0.000635998 0.000285578 -0.00122156 -0.040571 -0.00438972 -0.00553482 -0.00643763 0.0505126 -0.00306044 -0.00515362 -0.012315 0.0670142 0.000529081 0.00162449 -0.117712 -0.116891 0.160507 -0.00216187 0.22356 0.0136758 -0.0293302 -0.109685 0.00737238 0.061137 0.000874208 -0.00223597 -0.0135115 -0.017656 -0.0225782 0.00834101 -0.052231 -0.0160306 -0.0159483 -0.00822311 0.189423 -0.00126782 -0.00078898 0.160599 0.010036 0.0768349 0.0959016 -0.00120406 -0.100746 -0.00140401 -0.000578306 0.0234852 -0.000757755 -0.157532 5.96831e-06 -0.000532803 -0.011935 0.000475375 -0.00349102 -0.0259595 -0.0105506 -0.159202 0.0288747 -0.151461 0.037535 0.0880354 0.0510142 -0.0117194 -0.00218319 -0.00650025 -0.000397226 0.000122954 0.0395593 -0.150604 -0.0469224 -0.000158723 0.10452 0.119429 -0.0161678 0.172807 -0.053407 0.180082 -0.0388647 -0.000965275 -0.0562234 0.168205 -0.0023639 -0.105331 -0.1606 0.000884674 0.0891663 
