0.00392149 -1.51409e-05 4.41207e-06 1.32972e-05 -1.8985e-07 0.00158363 -0.000733583 1.58327e-05 0.000218565 -0.000342649 -6.83704e-08 -7.51211e-06 0.000219093 6.48208e-06 -3.10729e-06 0.000266613 -0.00215784 0.00138163 -0.000340435 -0.00268659 -8.11457e-08 -0.000622052 0.00135329 -0.00185885 -1.91153e-05 3.01515e-05 -0.000222067 -0.000338736 3.03109e-05 0.00123728 -0.00182564 0.000109565 -0.000158723 6.03598e-06 -0.00273348 -4.07963e-05 0.00168749 3.83706e-05 -8.43303e-07 0.000256995 -0.00204138 -0.00222141 -3.63165e-07 0.00111906 0.00176708 -0.00163843 0.00233709 2.55e-05 -0.00100983 -0.00120693 0.000859741 -4.01978e-05 0.000407678 -9.11453e-05 5.99795e-05 -6.20681e-05 0.00197221 -0.00175398 2.03735e-05 3.39348e-06 -6.64519e-07 -0.000290235 0.000541535 -0.000259885 -7.94516e-05 -0.000239118 0.000376012 0.00219779 0.000885975 -0.000651229 0.00234251 1.44467e-05 -0.000183058 4.08848e-05 -0.00236452 0.000199979 -5.6596e-06 0.000111347 0.000306343 0.00183623 -3.70363e-05 -0.000144077 4.61729e-05 0.00142576 -3.64491e-05 0.00162293 0.000103126 -2.92886e-05 -0.000454421 -1.25824e-05 4.31985e-05 -0.000116542 2.31932e-06 -0.000230428 0.00186799 -0.0024853 -5.35755e-08 -0.00292765 -0.000580844 0.000384555 
-1.51409e-05 0.00741376 -6.78476e-06 0.00116014 -4.0236e-07 5.37464e-05 -0.00107697 4.03925e-06 -0.00112315 -0.000641792 -9.09709e-07 3.32208e-05 9.9997e-06 -4.8826e-06 -5.40102e-06 0.000267202 0.000470108 -0.000175367 -0.000845645 0.000223058 -1.31734e-07 -0.000905892 -0.000963593 0.00118529 -0.00012315 6.28132e-06 -0.000738233 -0.000618302 -6.3773e-06 0.000590149 0.00152499 -1.4061e-05 4.4648e-05 -7.75981e-06 -0.000341468 -7.31322e-05 -7.29637e-05 -9.00781e-05 -1.18887e-06 -9.99159e-06 0.000116729 -0.00380151 -1.00524e-06 0.000348835 0.00386471 -0.00305305 0.00365138 -2.56186e-05 -0.00159586 0.00158206 -2.93333e-05 -7.66462e-05 -5.34322e-05 0.00070212 -1.39972e-05 -0.000133456 -0.000589966 0.000648202 -5.26773e-06 -3.10789e-05 -1.61573e-06 -0.000556983 -8.96628e-05 -0.000488891 -0.000153587 -0.000591871 5.66474e-05 -9.89149e-06 -6.43328e-05 0.00266605 -0.00160708 -5.72247e-07 -0.000342395 0.000384508 0.000923257 1.66414e-05 -3.75662e-06 -3.82753e-06 -4.12859e-05 -0.000476047 -0.000105875 -0.000318534 -0.000132764 -0.000810529 -0.000117142 -5.1507e-05 -1.10695e-05 8.26937e-05 -0.000937062 -1.75356e-05 -5.28925e-06 0.00189459 -3.11942e-05 -0.000354909 -4.95791e-05 -0.00370388 -4.17193e-06 -0.000592269 -0.000877212 -9.97503e-05 
4.41207e-06 -6.78476e-06 0.00187021 -3.94085e-05 -1.00931e-07 0.000308268 0.000112901 5.14192e-06 0.000652674 -0.000185956 5.27357e-07 -5.98343e-06 2.86657e-07 8.7521e-07 2.73025e-06 4.90749e-05 -0.000878133 0.000606743 -0.000210829 -0.000266726 -3.86195e-08 -6.13672e-05 -0.000118673 -0.000801847 -1.93435e-05 5.96706e-07 0.000172949 0.000718409 2.86029e-07 -8.61269e-05 0.000299106 -2.9656e-06 0.000201523 3.18003e-05 -7.20858e-05 -1.3972e-05 0.000250198 1.9195e-05 1.87538e-07 4.59425e-05 -0.00054264 -0.000665663 -2.52161e-07 -9.6471e-05 -0.000201185 8.19532e-05 -0.000325392 2.3893e-05 0.00032019 -0.000645869 5.95524e-05 -1.54727e-05 1.58539e-05 -1.59583e-05 7.17117e-06 1.80088e-05 7.93808e-05 -0.00128566 -5.49105e-06 -6.48283e-06 -4.42469e-08 -9.31397e-05 -3.59649e-06 -0.000118278 -2.16738e-05 -0.000150059 4.89083e-05 -0.000325073 2.47135e-05 -0.00033037 -0.000142873 -4.37732e-08 -6.63267e-05 6.22707e-05 -0.000612017 -4.60665e-06 -1.97609e-06 1.76341e-05 6.61253e-05 0.000834256 2.6452e-05 3.80414e-05 -3.65979e-05 -1.22372e-05 0.000275413 0.00028451 4.2227e-06 -1.03323e-06 0.000618036 5.94597e-06 1.13648e-06 -0.000150703 1.0496e-05 0.00019785 0.000258652 -4.59169e-05 5.05872e-06 -0.000245107 -9.43138e-05 0.000293095 
1.32972e-05 0.00116014 -3.94085e-05 0.0222682 -1.22748e-06 -0.000148527 -0.00817409 -0.000109061 -0.00288345 -0.00228342 -1.19748e-06 -6.67599e-05 -6.71484e-05 -1.12843e-05 -1.73939e-05 -0.000995208 0.00139649 -0.0047453 -0.00304757 -0.000758203 1.24144e-06 -0.00266445 -0.00225361 0.00485179 0.00105606 -2.86205e-06 0.0021607 -0.00184627 -6.99837e-06 -0.00123403 0.00420055 -5.75888e-05 -0.000323726 -1.7305e-06 0.00227374 -0.000213342 -0.000310571 -0.00032228 7.763e-05 -8.23879e-05 0.000374755 -0.00936951 -3.06668e-06 -0.00144819 0.00867568 -0.00805414 0.0110928 -6.69488e-05 -0.00565866 0.00928347 -0.000130181 -0.000152484 -0.000422159 0.000826322 -3.90611e-05 -0.000297156 -0.00256612 0.00175073 -5.99354e-05 -2.21394e-05 1.54529e-06 -0.00127938 -0.00021004 -0.00131954 -0.000371873 -0.00156127 -0.000297041 0.00111051 -0.000250565 0.00832343 -0.000720491 -2.53706e-06 -0.000856058 0.000338757 0.00285587 -8.07553e-05 5.17047e-05 -0.000185945 -0.000250369 -0.00159723 -0.000320144 -0.000959851 0.000786911 0.00968595 -0.000206705 -0.000332145 -1.61262e-06 -0.000421801 -0.00311046 3.55344e-05 9.73839e-05 0.00116111 0.00226725 -0.000233955 -0.000809102 -0.0126678 -1.12687e-05 0.0016951 -0.00321601 -0.00764177 
-1.8985e-07 -4.0236e-07 -1.00931e-07 -1.22748e-06 5.38638e-05 -5.59277e-07 5.5563e-06 1.95852e-05 -5.95058e-06 3.16417e-05 -6.56036e-09 -2.81259e-07 4.78293e-06 -3.52108e-08 -4.76834e-08 -1.2668e-06 -3.75627e-05 -6.1557e-06 2.95325e-05 -2.5288e-05 -1.11025e-09 1.48336e-05 -2.82976e-06 -3.4849e-05 -1.07755e-06 -1.19135e-08 -6.2488e-06 -1.54712e-07 -4.89546e-08 -2.98956e-06 -2.10786e-05 1.40947e-06 -1.21834e-06 -5.94054e-08 -3.58652e-05 1.98103e-05 -1.59133e-07 1.7797e-06 -1.15382e-08 -1.99377e-07 -2.7318e-05 -3.9893e-06 1.14039e-05 -2.922e-06 -1.34358e-05 -1.80878e-05 -1.56395e-05 5.93675e-06 -9.37762e-06 -2.66598e-05 2.755e-06 1.2977e-05 1.30281e-05 -2.74582e-07 -1.09434e-07 3.29792e-05 -2.24438e-06 -2.17466e-05 -1.57859e-07 1.08927e-05 9.89785e-08 1.93271e-05 2.17402e-06 2.89584e-05 3.55605e-05 -3.11945e-06 6.57393e-06 -4.63519e-06 -4.96332e-07 -1.03416e-05 -1.03554e-05 3.24951e-06 -2.55267e-06 -2.68478e-07 -1.79195e-05 -1.22562e-07 -7.78918e-08 4.45659e-06 -6.65279e-07 2.51114e-06 2.78627e-06 -1.83674e-06 -1.06901e-06 -9.22991e-06 1.81023e-05 -9.43634e-07 1.9268e-06 3.37333e-06 7.06009e-07 -1.94807e-07 -9.06271e-08 -3.88001e-06 -1.52307e-07 -8.33061e-07 2.16515e-06 9.21847e-06 -3.28102e-08 -2.52345e-05 2.66651e-05 -1.87303e-05 
0.00158363 5.37464e-05 0.000308268 -0.000148527 -5.59277e-07 0.0102748 -0.000294325 0.000123655 0.00220426 -0.00111585 3.61329e-06 0.000584755 4.94523e-05 -6.78677e-06 -6.35748e-06 -0.000305461 -0.00858192 0.00572087 -0.00149091 -0.00643388 -2.13997e-07 -0.00180718 0.000989565 -0.00656787 -0.000127493 6.36148e-05 -0.000901371 -0.000543719 0.000140975 0.000619649 -0.00414743 0.000913059 3.05706e-05 1.64831e-05 -0.00743165 -0.000106064 0.00785928 -9.69596e-05 -1.7684e-06 0.000798215 -0.00863734 -0.00544113 -1.2306e-06 0.000254791 0.00445403 -0.0037721 0.00587748 -3.29264e-05 -0.00296459 -0.0039465 0.00117993 -0.000101179 0.00132509 -1.30179e-05 0.000434296 -0.000186888 0.00632353 -0.00822771 1.66954e-05 -3.02009e-05 3.71704e-06 -0.000828318 0.00106065 -0.000673554 -0.000208122 -0.00100195 0.000638494 0.00441083 0.00354883 -0.00142453 0.00609156 1.29006e-05 -0.000339408 1.78964e-05 -0.00528515 0.000430652 -1.17689e-05 0.00123293 0.00289483 0.00836234 -0.00013091 -0.000541501 0.000309789 0.00520179 -0.000112618 0.00654976 0.000107637 -0.000108589 -0.00151654 -3.70817e-05 0.000116032 -0.000816196 7.65439e-05 -0.00038977 0.00783713 -0.00635818 -1.61294e-06 -0.00813321 -0.00157418 0.00185567 
-0.000733583 -0.00107697 0.000112901 -0.00817409 5.5563e-06 -0.000294325 0.241946 -0.00162561 0.061922 0.0274978 -6.10936e-06 0.00170234 0.000545152 -0.000209817 -0.000167688 -0.00266474 -0.0225575 0.0531787 -0.0251085 0.0264611 -5.55588e-06 -0.0640214 0.00966457 -0.0954801 -0.00713196 1.41645e-05 -0.0565488 0.0146319 0.000140886 -0.00501105 0.00104259 0.000760527 -0.0129778 -8.54754e-05 -0.0365423 0.00284254 0.00431151 0.000577561 -8.73774e-05 0.00152998 -0.00535937 0.0815278 -3.47783e-05 0.0127255 -0.0837016 0.0923801 -0.0796639 -0.000751703 0.0857539 -0.164897 -0.00159783 0.00541255 0.0114853 -0.0016843 -0.000106172 0.00305657 0.0513113 -0.0408195 -0.000811085 -0.00135139 -4.39594e-05 -0.0322891 0.00675408 0.00955897 0.00447514 0.000108903 0.00173176 -0.053564 0.00364412 -0.0711195 -0.0280028 -3.99877e-05 -0.00424107 -0.00232053 0.0465504 0.000162637 -0.00011926 0.00356275 0.00508251 0.0260083 -0.00101751 -0.00599478 -0.00552508 -0.0664105 -0.00280491 0.00371786 -0.000573248 -0.00585362 0.037301 0.000180281 0.000287068 -0.0330719 -0.00219203 -0.0056855 0.0115554 0.0862091 0.000119556 -0.0153063 -0.0479593 0.0658727 
1.58327e-05 4.03925e-06 5.14192e-06 -0.000109061 1.95852e-05 0.000123655 -0.00162561 0.00499292 -1.08504e-05 0.000267616 2.95552e-06 4.35874e-05 0.000601339 -2.59128e-06 4.74468e-05 0.000738444 -0.0014735 0.00064662 0.000713859 -0.00266329 4.18794e-07 0.00160184 0.000503812 -0.00131075 -7.48209e-05 2.07791e-05 0.000640584 -6.68659e-05 3.99395e-05 0.00136723 -0.00247715 0.000198965 9.18107e-05 4.20548e-05 -0.0028852 8.81592e-05 -3.62075e-05 -6.4858e-05 -7.30433e-07 2.52598e-05 -0.00319917 -0.00245856 7.81913e-05 0.00100362 0.000869986 -0.00221756 0.000120636 1.83443e-05 -0.00145109 -0.00160067 9.80647e-06 5.47954e-06 0.00111051 0.00129084 -9.26133e-06 0.00169065 -0.000308104 -0.00103076 9.55164e-05 0.000174676 3.23475e-05 0.00275741 0.00016976 0.000534499 0.000928812 -8.36683e-05 0.000272029 0.000600468 0.000111847 -0.000879197 0.00136813 4.4892e-05 -0.000221346 5.86489e-05 -0.00317272 -1.03732e-05 -3.9229e-06 0.000241569 6.44574e-05 0.000181614 -4.2887e-05 -0.000113179 0.00100876 -0.000145894 0.00194978 0.000313771 0.000253701 3.98579e-05 -0.000186618 -5.82557e-06 5.1796e-06 0.00116557 5.29056e-05 -0.000271878 0.00183839 -0.00195102 5.49879e-05 -0.00260166 0.00138761 1.76708e-05 
0.000218565 -0.00112315 0.000652674 -0.00288345 -5.95058e-06 0.00220426 0.061922 -1.08504e-05 0.134242 0.0026758 6.65323e-06 0.000731382 0.00141526 -8.24123e-05 -8.05833e-05 -0.00415028 -0.0379079 0.0209451 -0.0166378 0.00266767 -1.70409e-06 -0.0237996 -0.0123093 -0.0236817 -0.00310553 7.50925e-06 -0.0166438 0.0328591 0.000319913 -0.00859365 -0.00519755 0.0012091 -0.00262586 0.00034855 -0.00875801 -0.000102774 0.00574589 0.00302626 -3.9666e-06 0.00118593 -0.0157644 0.0169731 -4.33446e-06 -0.00589629 -0.0339978 0.0282758 -0.0298693 -0.000116576 0.0151665 -0.0649741 -0.000116038 0.000866754 0.0112456 -0.00213433 -3.5713e-05 0.000328164 0.0206358 -0.057166 -0.000432162 -4.3241e-05 2.22151e-05 -0.00719088 0.0101349 0.00289097 0.00358536 0.00356791 -0.00192406 -0.0163162 0.0047372 -0.0227779 -0.0122119 -4.73253e-06 -0.00264807 -0.000645198 0.0116687 0.000440399 -0.000129325 0.00428101 0.00567485 0.045072 0.00298749 0.000779299 0.000124167 -0.0230522 0.00146423 0.00437584 -0.000148866 -0.00223588 0.00442951 -0.00032406 0.000795024 -0.0159429 -0.000409213 0.00535491 0.0145754 0.0254708 0.000292297 -0.011228 -0.0212904 -0.00186342 
-0.000342649 -0.000641792 -0.000185956 -0.00228342 3.16417e-05 -0.00111585 0.0274978 0.000267616 0.0026758 0.0975723 -6.86786e-06 -0.000435716 0.000631442 -3.934e-05 -1.29682e-05 0.000430064 -0.00555044 -0.00513935 0.0130956 -0.0160809 5.63655e-07 0.00665713 0.0227136 -0.00421491 -0.00110678 -2.04577e-05 -0.0104484 -0.0105718 -4.82431e-05 -0.00363375 -0.0408762 -0.000331708 -0.004413 -0.000104236 -0.030409 0.00467445 -0.00186837 0.00494748 -2.15165e-05 -0.000327434 0.00257617 0.00260331 7.65085e-05 0.00726735 -0.0188873 -0.0125752 -0.0238013 0.00132047 -0.00863097 -0.0326357 0.000307336 0.00825075 0.00317119 -0.00235835 6.94351e-05 0.0102823 0.00942223 0.00690917 -0.000159264 0.00236995 4.09078e-05 0.00602417 -0.00140375 0.0181718 0.0105452 0.00100524 0.00274345 -0.00708324 -0.00123647 -0.0175692 0.003433 3.76818e-05 0.000656681 -0.000626973 -0.0118537 -0.000312742 -0.00014151 -0.000778195 -0.00128104 -0.00707089 0.00178446 0.00100157 0.000612874 -0.0112286 0.000881889 -0.00165808 0.000464257 0.000823896 -0.00633868 3.76295e-05 -0.000115783 -0.000465386 -0.000654997 -0.00653236 -0.00345009 0.0259535 5.02214e-05 -0.0033053 0.00633507 0.00596092 
-6.83704e-08 -9.09709e-07 5.27357e-07 -1.19748e-06 -6.56036e-09 3.61329e-06 -6.10936e-06 2.95552e-06 6.65323e-06 -6.86786e-06 0.000121774 2.64093e-07 5.05125e-06 1.6315e-06 -1.07809e-07 -4.41687e-06 -1.21003e-06 -1.06586e-05 6.55419e-06 2.75446e-05 -2.5102e-09 -1.18014e-05 3.51211e-05 -2.65019e-05 4.93958e-06 -2.69356e-08 -2.08269e-05 2.59649e-05 4.11539e-07 -7.53795e-06 -2.76046e-05 -3.80532e-07 1.68013e-06 -1.34311e-07 1.21087e-05 -1.28298e-06 -1.03327e-06 1.00289e-05 -2.60872e-08 9.49221e-07 -5.72839e-06 -2.2041e-05 1.16943e-07 -7.76446e-06 -2.89379e-05 -4.2168e-06 -3.65035e-05 3.16955e-06 -2.31852e-05 -5.3002e-05 2.64509e-06 -1.28303e-06 -8.92025e-07 -2.61509e-06 -2.47424e-07 1.10085e-06 -1.03481e-05 -8.60201e-06 -1.34687e-07 -5.18871e-07 -2.74309e-08 2.02731e-05 -1.06701e-06 1.80535e-05 -1.00684e-06 -1.03512e-06 -1.58314e-06 -2.80548e-05 -1.22557e-06 -2.01927e-05 1.04308e-05 -1.36782e-08 8.2508e-06 -7.07496e-07 7.75471e-06 1.34476e-07 6.83364e-08 -6.60979e-07 -1.50415e-06 -4.57199e-07 5.13848e-06 -4.85282e-06 6.83197e-05 -1.85392e-05 2.31249e-06 -8.44605e-07 2.66492e-06 6.2348e-06 -1.5484e-05 1.59289e-06 -1.49346e-07 3.93714e-05 -1.2966e-08 9.60862e-06 -8.00666e-07 2.33748e-05 -7.41816e-08 -6.00097e-06 -1.50109e-05 -4.4351e-05 
-7.51211e-06 3.32208e-05 -5.98343e-06 -6.67599e-05 -2.81259e-07 0.000584755 0.00170234 4.35874e-05 0.000731382 -0.000435716 2.64093e-07 0.00519413 7.48458e-05 -2.25749e-06 5.8978e-05 -8.41727e-06 -0.00219154 0.00199793 -0.000677204 -0.0018781 8.14604e-07 -0.000494872 5.85864e-05 -0.00230423 -0.000111247 2.74341e-05 -0.000366133 -0.000135437 1.85547e-05 0.000456196 -0.00109478 0.000255852 -0.000115062 1.64417e-05 -0.00254974 -2.05157e-05 0.00154232 -4.01254e-05 4.48245e-07 0.000346496 -0.00286377 -0.00169986 3.86398e-06 0.000668127 0.00072013 -0.000997059 0.00118928 5.46656e-06 -0.00102287 -0.00168619 3.7575e-06 -6.60652e-06 0.000985233 0.000429414 2.79812e-05 6.20657e-05 0.00196068 -0.00258074 2.94873e-05 -1.24342e-05 1.0573e-06 -1.91073e-05 0.0008785 3.95273e-05 0.000164476 -0.000272168 -1.44688e-05 0.00129098 0.000255355 -0.000635714 0.00154631 1.00136e-05 -0.000213191 -8.65426e-07 -0.00188677 -2.80769e-05 -3.15019e-06 0.00135776 0.00160438 0.00180792 -5.92354e-06 -1.67022e-05 7.80654e-05 -0.000185116 1.12197e-05 0.000592254 6.35605e-05 -8.86134e-05 -0.000135938 -2.02742e-06 0.000181082 -0.000474187 9.31543e-06 -8.05905e-05 0.00264037 -0.00229089 8.53974e-05 -0.00295741 -0.000518446 0.00135717 
0.000219093 9.9997e-06 2.86657e-07 -6.71484e-05 4.78293e-06 4.94523e-05 0.000545152 0.000601339 0.00141526 0.000631442 5.05125e-06 7.48458e-05 0.00339929 1.00373e-06 6.35839e-06 -4.6245e-05 -0.00185287 0.000585814 0.000244403 -0.00160092 1.31859e-06 0.00043588 -0.000289412 -0.00120307 -3.37224e-05 7.24562e-06 -0.000453398 0.000182976 6.13345e-06 -7.25031e-05 -0.00152099 6.39314e-05 -8.15817e-05 3.93836e-06 -0.00192457 8.08998e-06 0.000159686 0.000267142 -7.3062e-07 3.24084e-05 -0.00183648 -0.000944326 4.19076e-05 2.75941e-05 -0.000570163 -0.00131217 1.95573e-05 0.000272889 -0.000480739 -0.00124726 0.000238535 9.19331e-05 0.00138341 0.00031342 9.49267e-06 0.00061432 0.000811292 -0.00148659 -6.25145e-06 0.000112813 1.13762e-05 0.000551922 0.00105986 0.000308353 0.00069138 3.20234e-05 0.000183005 0.000761614 0.000306049 -0.000453288 0.000120348 2.12502e-05 -8.54616e-05 -6.77028e-06 -0.0010429 -1.29176e-05 -2.77668e-06 0.000393074 0.000264118 0.000910889 0.000287788 -5.56897e-05 0.000471562 -0.000460388 0.000596047 5.70031e-05 0.000334483 1.40886e-05 0.000241354 -4.12438e-06 2.72462e-07 -3.46711e-05 -1.9057e-05 -0.000157888 0.00117898 -0.000700808 7.27224e-05 -0.00198636 2.3435e-06 0.000282851 
6.48208e-06 -4.8826e-06 8.7521e-07 -1.12843e-05 -3.52108e-08 -6.78677e-06 -0.000209817 -2.59128e-06 -8.24123e-05 -3.934e-05 1.6315e-06 -2.25749e-06 1.00373e-06 0.000653239 -5.78633e-07 4.30011e-05 -3.52296e-05 -0.000122683 0.000204632 -5.43208e-05 -1.34728e-08 0.000208577 3.53223e-05 9.33928e-05 -9.66656e-06 -1.44569e-07 2.87191e-05 -4.5999e-05 -5.9406e-07 -2.068e-05 -0.000205601 -1.32017e-06 -6.07212e-06 -9.76701e-09 4.65687e-05 -2.93047e-06 -1.23606e-05 1.07266e-05 -1.40015e-07 -2.06387e-06 -3.95724e-05 -0.000106145 -8.7969e-08 -9.12377e-06 -8.88268e-05 -0.00018883 -0.000127633 2.11601e-06 -6.42827e-05 -9.00738e-05 -4.40634e-07 -3.06405e-06 -1.57209e-05 1.06208e-05 -6.39086e-07 -7.97111e-06 -4.46563e-05 6.88759e-05 4.45106e-06 0.000121093 -1.47228e-07 6.04317e-05 -8.70611e-06 7.93197e-05 -4.93775e-06 5.28325e-07 1.20574e-05 -4.77268e-05 -6.99825e-06 -3.94715e-05 3.19994e-05 6.37697e-07 1.98902e-05 1.48694e-05 -8.32576e-05 -1.71576e-06 7.42146e-06 -1.83781e-06 -8.0731e-06 -4.97136e-05 4.9426e-06 -1.09933e-05 -8.03381e-06 -4.81124e-05 2.44486e-06 -1.09954e-05 1.27684e-06 2.34797e-05 0.000111049 -1.63063e-06 -5.44195e-07 5.29458e-05 5.3389e-06 -1.25353e-05 -2.32816e-05 9.52783e-05 -3.98148e-07 -8.86706e-06 0.000194407 -0.000214788 
-3.10729e-06 -5.40102e-06 2.73025e-06 -1.73939e-05 -4.76834e-08 -6.35748e-06 -0.000167688 4.74468e-05 -8.05833e-05 -1.29682e-05 -1.07809e-07 5.8978e-05 6.35839e-06 -5.78633e-07 0.000884428 -2.68889e-05 -9.17696e-05 -9.15614e-05 -0.000119919 3.9266e-05 -1.82452e-08 0.000225472 5.83676e-05 -0.000184684 2.6708e-06 -1.18001e-07 1.18477e-06 2.50307e-05 1.77511e-05 -2.52333e-05 -3.92465e-05 -8.54751e-07 8.13604e-05 1.08015e-05 -1.97389e-05 -5.42523e-06 -1.43995e-06 -1.17706e-05 7.65943e-07 7.74578e-06 -0.000221116 -8.93565e-05 1.98087e-06 -2.2725e-05 -0.000132421 -0.000119329 -0.000177165 -1.18122e-06 -0.000244635 0.000130836 1.25747e-06 1.55633e-05 3.53202e-05 1.17213e-05 1.25718e-06 3.44845e-05 -3.82254e-05 -6.99252e-05 2.79947e-05 -2.92692e-06 5.45065e-07 0.000132624 2.45567e-05 -6.81058e-06 4.66229e-05 -5.58561e-05 -1.71585e-06 -6.41456e-05 -1.0369e-05 1.35089e-05 7.86801e-05 3.63391e-06 4.3065e-06 5.62465e-05 -4.08774e-05 3.77611e-05 -8.46692e-07 2.09732e-06 1.23561e-05 -1.44848e-05 -4.86371e-07 1.02842e-05 0.000147946 -0.000123419 1.8774e-05 1.10401e-06 1.80033e-05 5.75912e-06 0.000166404 -1.84578e-06 8.53291e-06 0.000132855 4.06448e-06 2.85266e-05 7.91827e-05 -0.000107536 8.62748e-06 -5.43008e-05 2.52258e-05 -0.000284401 
0.000266613 0.000267202 4.90749e-05 -0.000995208 -1.2668e-06 -0.000305461 -0.00266474 0.000738444 -0.00415028 0.000430064 -4.41687e-06 -8.41727e-06 -4.6245e-05 4.30011e-05 -2.68889e-05 0.0448201 0.000282509 0.00881525 -0.00443697 -0.0168029 -3.3605e-07 -0.00312539 0.000882803 0.00427278 -0.000872837 -2.52415e-06 0.00720381 -0.00415365 3.63456e-05 0.0162668 -0.0188873 1.82583e-05 -0.00136013 -3.92458e-05 -0.014423 -0.000138569 -0.000719771 0.00169818 -9.4965e-06 -0.000148725 -0.00188176 -0.018032 -2.10725e-06 0.0152063 0.0124068 -0.0134458 0.0122297 -1.78928e-05 0.00101668 -0.0104538 -0.000103717 -0.000468242 0.000295831 0.00154896 2.57173e-05 -0.000834524 -0.00072512 0.00383298 0.00113007 -4.99826e-06 -8.77097e-06 -0.000185339 -0.000447777 -0.0018013 -0.000861116 0.00971198 0.00138981 0.0155267 -0.000197762 -0.00718851 0.00367953 -5.71115e-07 -0.0018615 9.68812e-05 -0.0201011 -0.000272015 -3.652e-05 0.000492847 0.000626109 -0.00260706 0.0002526 0.00392306 -0.00101475 -0.000357004 -0.000519491 -0.000188118 2.71609e-06 -0.000355674 0.00420084 -0.00013669 -7.76284e-05 -0.00148859 -0.000245726 -0.00283351 0.00424566 -0.0138062 -8.94725e-06 -0.018463 -0.00317416 0.0195996 
-0.00215784 0.000470108 -0.000878133 0.00139649 -3.75627e-05 -0.00858192 -0.0225575 -0.0014735 -0.0379079 -0.00555044 -1.21003e-06 -0.00219154 -0.00185287 -3.52296e-05 -9.17696e-05 0.000282509 0.0783358 -0.0216765 0.00375749 0.0225989 -2.30068e-08 0.0023491 0.00680127 0.0294878 0.000852088 -0.000105496 0.00569471 -0.0175572 -0.000516814 -0.000378648 0.00455186 -0.00251757 0.00120027 -0.000770859 0.0290397 -0.00435016 -0.0144806 -0.00370383 -2.26037e-05 -0.00300992 0.028482 0.0107032 -0.000105981 0.000112673 0.00654863 0.0108573 -0.00320423 -0.00141796 -0.000110375 0.0266496 -0.00265745 -0.00771398 -0.0195692 -0.00105157 -0.000507698 -0.0095869 -0.0244494 0.0436085 -0.000108154 -0.00119695 -5.59473e-05 0.002032 -0.0113933 -0.00469088 -0.0115521 0.00704579 -0.00163323 -0.00694406 -0.010789 0.00822374 -0.00755009 -9.03221e-05 0.00349768 -0.000452145 0.0103075 -0.000493951 6.15999e-05 -0.00578693 -0.00873614 -0.0447471 -0.00129371 0.00334454 -0.00153954 0.00518588 -0.00366884 -0.0136224 -0.00100777 0.000992995 -0.00328107 -7.06591e-06 -0.00102704 0.00820646 0.000271574 -0.00499991 -0.0249245 0.00789299 -0.00046947 0.0245736 0.0033424 -0.00391476 
0.00138163 -0.000175367 0.000606743 -0.0047453 -6.1557e-06 0.00572087 0.0531787 0.00064662 0.0209451 -0.00513935 -1.06586e-05 0.00199793 0.000585814 -0.000122683 -9.15614e-05 0.00881525 -0.0216765 0.182667 -0.0268738 -0.0704676 -2.34615e-06 -0.0416264 0.0331439 -0.0834832 -0.00153209 9.72841e-05 0.00135854 0.0235843 0.000333918 0.037799 -0.0212456 0.00214045 0.000634838 0.000192167 -0.0656016 -0.0022889 0.0118823 -0.0031642 -2.31959e-05 0.00259669 -0.0244415 -0.027592 -3.13679e-05 0.0401812 0.0182499 -0.0113215 0.0426994 -0.000751675 -0.0410186 -0.0450501 -0.00113281 -0.00239183 0.0136612 -0.00113379 0.000175255 -0.00433343 0.0678172 -0.0382126 0.00153893 -0.0009988 -9.16249e-07 -0.0188816 0.00974905 -0.013888 -0.00321996 -0.012029 0.00609375 0.0509369 0.00737328 -0.0334304 0.0492339 -1.71791e-05 -0.000379611 -0.00126521 -0.0277507 -0.00108436 -0.000174797 0.00611667 0.00907797 0.0358367 -0.00280372 -0.01075 -0.00366823 -0.00776134 -0.000352905 0.0115668 -0.000356599 -0.0042098 -0.0116623 3.33108e-05 0.000596529 -0.0135099 -0.00114561 0.00632603 0.0263865 -0.0520616 0.000166169 -0.0433191 -0.0348919 0.0511755 
-0.000340435 -0.000845645 -0.000210829 -0.00304757 2.95325e-05 -0.00149091 -0.0251085 0.000713859 -0.0166378 0.0130956 6.55419e-06 -0.000677204 0.000244403 0.000204632 -0.000119919 -0.00443697 0.00375749 -0.0268738 0.127626 0.0266619 8.0824e-06 0.0675112 0.000886916 0.0112442 -0.00314251 -2.00481e-05 -0.0225118 -0.00747413 -0.000134941 -0.00745248 -0.0434351 -0.000442141 -0.00535114 -0.000126855 0.00217362 0.0032694 -0.00279528 -7.12398e-05 -1.54908e-05 -0.000537718 0.00104511 0.0294528 7.82224e-05 -0.0020691 -0.0310674 -0.00613717 -0.0461288 0.00164669 -0.0322307 -0.00646018 0.000671722 0.00263471 -0.00286209 0.00130424 5.31985e-06 0.00580468 -0.0011034 0.0133857 -0.000347366 0.00181888 6.03967e-05 0.0241986 -0.00211371 0.0246472 0.00528103 0.0252659 0.00283555 -0.0334167 -0.00189215 -0.0116217 -0.0157637 4.07442e-05 -0.0060298 -0.000453992 -0.0276031 0.000316942 -0.000149018 -0.00124799 -0.00183369 -0.0108823 0.000233252 0.0123192 -0.0028737 -0.0250585 0.00354544 -0.00246419 0.000763352 0.00283972 -0.00682949 -0.000350354 -0.000241857 -0.00993145 8.83697e-05 -0.0059015 -0.0056157 0.0344533 9.74142e-05 0.00309883 0.0754049 -0.0567905 
-0.00268659 0.000223058 -0.000266726 -0.000758203 -2.5288e-05 -0.00643388 0.0264611 -0.00266329 0.00266767 -0.0160809 2.75446e-05 -0.0018781 -0.00160092 -5.43208e-05 3.9266e-05 -0.0168029 0.0225989 -0.0704676 0.0266619 0.205567 3.84979e-06 0.0411333 -0.031357 0.0100983 -0.0087692 -0.000145015 -0.0923816 0.0180345 -0.000265598 -0.0400405 0.0958744 -0.00204874 -0.00130965 -0.000229899 0.0789313 -0.00188959 -0.0135345 3.13725e-06 5.8804e-05 -0.00253819 0.0284807 0.132611 -5.08012e-05 -0.03427 -0.119692 0.111099 -0.132196 -0.00016622 0.0676858 -0.0164333 -0.000459456 -0.00541906 -0.0188414 -0.0012596 -0.000130495 -0.0056814 -0.0393588 0.00367175 -0.00204097 -0.00241446 -9.35606e-05 0.0100208 -0.0100723 0.0088202 -0.00482661 0.0157916 -0.00755263 -0.158782 -0.0101614 -0.00764835 -0.122858 -7.55298e-05 0.00287455 0.000686536 0.114261 0.00122574 0.000297743 -0.00580912 -0.00872591 -0.0122942 0.00207801 0.0116197 -0.00383873 -0.0945811 -0.000654856 -0.0122786 -0.000424515 0.00337898 0.0242999 0.00080079 -0.000657526 -0.0239136 0.000935525 0.01761 -0.0267448 0.134605 -0.000329599 0.0439514 0.0336681 -0.0938925 
-8.11457e-08 -1.31734e-07 -3.86195e-08 1.24144e-06 -1.11025e-09 -2.13997e-07 -5.55588e-06 4.18794e-07 -1.70409e-06 5.63655e-07 -2.5102e-09 8.14604e-07 1.31859e-06 -1.34728e-08 -1.82452e-08 -3.3605e-07 -2.30068e-08 -2.34615e-06 8.0824e-06 3.84979e-06 2.06107e-05 8.31098e-07 9.30633e-07 8.5728e-07 2.19673e-07 -4.55849e-09 -3.61116e-06 3.92274e-07 -1.87316e-08 -8.53473e-07 -7.27275e-06 -6.43999e-08 1.70704e-06 -2.27304e-08 -3.43142e-06 -2.17127e-07 -1.52311e-07 1.10574e-06 -4.4149e-09 -7.62881e-08 -2.31725e-06 7.49076e-07 -2.7738e-09 -1.2087e-07 -3.6066e-06 5.40848e-06 -5.21691e-06 -7.09666e-08 -4.41837e-06 -7.79152e-07 3.05576e-07 -2.17135e-07 9.35177e-07 2.80341e-06 8.35905e-07 8.77738e-07 1.73196e-06 -1.98009e-06 2.84869e-08 -8.78118e-08 -4.64231e-09 1.53984e-06 8.67625e-07 1.89191e-06 9.04513e-08 5.37997e-06 -1.73566e-07 -4.04809e-06 4.68824e-07 -2.1459e-06 -4.59427e-07 -2.31486e-09 4.23265e-07 -1.19734e-07 -4.92759e-06 -1.27674e-07 7.25752e-07 7.59418e-07 -2.54557e-07 -4.48879e-07 5.42787e-06 1.47274e-06 3.38874e-07 -3.58693e-06 8.03935e-08 -3.61065e-07 -3.22617e-08 2.72639e-06 -1.37808e-06 -7.45394e-08 -3.46768e-08 -7.39447e-07 -1.26301e-07 -9.1978e-07 1.06584e-06 -3.82796e-06 -1.25542e-08 -5.82934e-06 7.05567e-07 -5.93559e-06 
-0.000622052 -0.000905892 -6.13672e-05 -0.00266445 1.48336e-05 -0.00180718 -0.0640214 0.00160184 -0.0237996 0.00665713 -1.18014e-05 -0.000494872 0.00043588 0.000208577 0.000225472 -0.00312539 0.0023491 -0.0416264 0.0675112 0.0411333 8.31098e-07 0.14632 0.00812003 0.031012 0.00208657 -2.13023e-05 -0.0239399 -0.0100927 -0.000145196 -0.0104634 -0.0153247 -0.000533095 -0.00399729 0.000290735 0.0192992 -0.000555265 -0.00336241 0.00160971 -2.76844e-05 -0.000657556 -0.000589985 0.0059005 8.96555e-05 -0.0115359 -0.0369844 -0.038698 -0.0561296 0.00167124 -0.0360431 0.0196438 0.00116219 -0.000899643 -0.00270708 -0.00177615 -0.000218066 0.00445287 -0.0159314 0.0138297 -0.000417057 0.00219701 5.78738e-05 0.0472469 -0.00245412 0.0081234 0.00346523 0.00225985 -0.00119897 -0.0442357 -0.00211242 0.00211701 -0.010515 7.39191e-05 -0.00215557 0.000508205 -0.0330982 0.000397587 -0.000181265 -0.00148993 -0.0021959 -0.013792 5.92618e-05 0.0182433 -0.00182827 -0.0299187 0.00888811 -0.00298546 0.0011135 0.00880325 0.00217584 0.000109369 -0.000179828 0.0072706 0.00141499 -0.00496782 -0.00634224 0.0379794 0.000123321 0.00877489 0.102614 -0.0698003 
0.00135329 -0.000963593 -0.000118673 -0.00225361 -2.82976e-06 0.000989565 0.00966457 0.000503812 -0.0123093 0.0227136 3.51211e-05 5.85864e-05 -0.000289412 3.53223e-05 5.83676e-05 0.000882803 0.00680127 0.0331439 0.000886916 -0.031357 9.30633e-07 0.00812003 0.135659 -0.0267137 0.0118979 3.58028e-05 -0.0168365 -0.0148899 4.15367e-05 0.0120643 -0.0707117 -0.000444956 -0.00609241 -0.000160776 -0.0454884 -0.000242723 0.000889259 0.00212795 -3.24585e-05 0.00145816 -0.000321324 -0.0335513 -7.49335e-06 0.0326147 0.000279232 -0.0385761 -0.00017188 -0.000422857 -0.045865 -0.0509159 -0.00016743 -0.000880873 -0.000929497 -0.00206658 0.000335999 -0.000515582 0.0561368 0.0109243 0.00127569 0.00143833 4.03891e-05 0.0333468 -0.001844 -0.00661066 -0.000566291 -0.0140614 0.00590826 0.00643673 0.000539875 -0.0215955 0.0921604 3.15509e-06 0.00745497 -0.000785154 -0.034769 -0.000164973 -0.000154157 -0.000889107 9.70109e-05 -0.00830408 0.00275531 0.00151535 0.00544848 -0.005429 -0.00104046 0.00319755 -0.000166091 0.0147527 -0.0220936 3.56528e-05 -7.93899e-05 0.0289986 0.000914988 -0.00915096 0.00128654 0.00617517 -7.74977e-05 -0.0188204 0.000678269 -0.0142716 
-0.00185885 0.00118529 -0.000801847 0.00485179 -3.4849e-05 -0.00656787 -0.0954801 -0.00131075 -0.0236817 -0.00421491 -2.65019e-05 -0.00230423 -0.00120307 9.33928e-05 -0.000184684 0.00427278 0.0294878 -0.0834832 0.0112442 0.0100983 8.5728e-07 0.031012 -0.0267137 0.177827 0.00345 -0.000137266 0.0201354 -0.0322851 -0.000488268 -0.00908209 -0.00772349 -0.00206191 0.00368699 -0.000249606 0.0438459 -0.00118175 -0.0122487 0.00243159 -1.86558e-05 -0.00282163 0.0245783 -0.0154777 -7.54098e-05 -0.0205741 0.0282276 -0.0413141 0.0114921 0.000111635 -0.0117347 0.0821645 -0.00174783 -0.000472891 -0.0147414 0.00287517 -0.000379916 -0.00284173 -0.0628606 0.0446781 -0.000438581 0.000199048 -5.88366e-05 0.013254 -0.00954485 -0.00118102 -0.00167595 0.0178642 -0.00570863 0.00988997 -0.00839727 0.0356855 -0.0201125 -6.54612e-05 -0.000291175 0.00051935 -0.0112894 -0.00178805 -0.000113465 -0.0060754 -0.00835817 -0.0443873 0.000467176 0.00928212 -0.000313573 0.0284874 -0.00358308 -0.0126748 -0.000592166 0.00159234 -0.0223495 -0.00113184 -0.000780246 0.02336 0.000456017 -0.0168414 -0.0238744 -0.0119616 -0.000377162 0.0303327 0.0224662 -0.0292563 
-1.91153e-05 -0.00012315 -1.93435e-05 0.00105606 -1.07755e-06 -0.000127493 -0.00713196 -7.48209e-05 -0.00310553 -0.00110678 4.93958e-06 -0.000111247 -3.37224e-05 -9.66656e-06 2.6708e-06 -0.000872837 0.000852088 -0.00153209 -0.00314251 -0.0087692 2.19673e-07 0.00208657 0.0118979 0.00345 0.0227612 -1.17635e-06 -0.00159089 -0.00154941 -1.39681e-05 0.000694993 -0.00941468 5.29964e-05 -0.000765285 -2.43449e-05 -0.00431237 -0.000242687 -0.000251209 0.000314308 -4.53622e-06 5.19548e-05 0.000479921 -0.0125842 -9.25125e-07 8.77867e-05 0.00564248 -0.00974244 0.00587631 3.88161e-05 -0.00648577 0.00351594 0.000164793 -0.000243485 -0.000389722 -8.74371e-05 -6.59999e-06 -0.00040733 -0.000879551 0.00170485 3.905e-05 -8.57465e-06 2.54178e-05 0.00380659 4.99619e-05 -0.00152288 -0.000433311 -0.00221812 -0.000117589 0.0083018 -4.20565e-05 -0.00105444 0.0140148 -2.61733e-06 -8.69935e-05 -0.000124579 -0.0138746 -0.000118957 -2.82093e-05 6.73493e-05 -0.000276419 -0.00120357 -0.000323192 0.00231911 0.00287804 0.00672851 -0.000285575 -7.04434e-05 -3.19549e-05 0.000167024 -0.00351281 0.000131043 -2.04079e-05 0.0160249 0.000195574 -0.000968745 -0.000410836 -0.0073239 -1.23724e-05 -0.000588171 -0.00282759 -0.00281847 
3.01515e-05 6.28132e-06 5.96706e-07 -2.86205e-06 -1.19135e-08 6.36148e-05 1.41645e-05 2.07791e-05 7.50925e-06 -2.04577e-05 -2.69356e-08 2.74341e-05 7.24562e-06 -1.44569e-07 -1.18001e-07 -2.52415e-06 -0.000105496 9.72841e-05 -2.00481e-05 -0.000145015 -4.55849e-09 -2.13023e-05 3.58028e-05 -0.000137266 -1.17635e-06 0.000221118 4.76617e-05 2.34081e-06 4.8789e-07 2.29556e-05 -0.000107933 6.72007e-06 -9.70115e-06 5.22759e-07 -0.000164175 -2.32987e-06 0.000104943 -2.51008e-06 -4.73739e-08 5.14727e-07 -0.000192261 -0.000125978 2.48014e-07 2.87252e-05 0.000116612 -9.52998e-05 0.000103624 2.27183e-06 -6.30496e-05 -9.02359e-05 2.35069e-05 -2.2744e-06 4.52422e-05 4.42865e-06 -1.27095e-07 1.0657e-05 7.01565e-05 -0.000146992 1.12964e-06 3.97996e-06 -4.98141e-08 7.97846e-06 1.41467e-05 -6.77697e-06 4.669e-07 -2.17617e-05 -1.03549e-06 0.000100841 4.20959e-05 -3.33272e-05 0.000118686 3.5196e-06 -9.78081e-06 4.37075e-06 -0.000137682 -2.03336e-07 8.24635e-07 3.87116e-05 8.86574e-05 8.17978e-05 8.08129e-07 -8.92728e-06 -2.3596e-06 0.000103566 1.19624e-05 7.25812e-05 7.34271e-06 -4.51543e-06 -2.13173e-05 -7.99842e-07 3.61235e-07 -1.05183e-05 7.2251e-07 -1.00516e-05 0.000178845 -0.000136275 1.8751e-07 -0.000173091 -1.88837e-05 4.95409e-05 
-0.000222067 -0.000738233 0.000172949 0.0021607 -6.2488e-06 -0.000901371 -0.0565488 0.000640584 -0.0166438 -0.0104484 -2.08269e-05 -0.000366133 -0.000453398 2.87191e-05 1.18477e-06 0.00720381 0.00569471 0.00135854 -0.0225118 -0.0923816 -3.61116e-06 -0.0239399 -0.0168365 0.0201354 -0.00159089 4.76617e-05 0.144508 -0.0129196 -0.000144683 0.00158623 -0.0250035 -0.000303386 0.00592656 8.74694e-05 0.00897532 -0.00146266 -0.000378882 -0.00188504 -2.11955e-05 -0.000495031 -0.00518124 -0.0928562 -2.11675e-05 -0.00640902 0.0957976 -0.069618 0.0893621 -0.000476028 -0.0340865 0.0566233 -0.000693326 -0.00175959 0.00129983 -0.00112831 -0.000208319 -0.00272574 -0.0145999 0.0128634 -0.000346036 0.000219557 -4.60635e-06 -0.00904435 -0.000120111 -0.0100772 -0.00340571 -0.0166274 -0.00166705 0.0924414 0.00132883 0.0354454 0.0527067 1.36337e-05 -0.00787434 -0.000200709 -0.0558878 -0.000907093 -0.000113303 -0.000172873 -0.000300049 -0.00557366 -0.0023986 -0.00672049 -0.00244453 0.0902842 -0.00107771 -0.000828183 0.000141882 -0.00346198 -0.00475477 -0.000547066 -0.000178326 0.00289289 -0.000970409 -0.0103856 0.00140732 -0.0977701 1.60513e-06 0.00461768 -0.0217129 0.0455888 
-0.000338736 -0.000618302 0.000718409 -0.00184627 -1.54712e-07 -0.000543719 0.0146319 -6.68659e-05 0.0328591 -0.0105718 2.59649e-05 -0.000135437 0.000182976 -4.5999e-05 2.50307e-05 -0.00415365 -0.0175572 0.0235843 -0.00747413 0.0180345 3.92274e-07 -0.0100927 -0.0148899 -0.0322851 -0.00154941 2.34081e-06 -0.0129196 0.0905151 0.000262544 -0.00557449 0.0195218 0.000808723 0.00846837 0.000591185 0.00736805 -0.00100376 -0.000849763 0.001155 3.21309e-05 -0.000103172 -0.00560434 0.0251626 -8.45561e-06 -0.00629879 -0.0186357 0.0267913 -0.0212869 -0.000220987 -0.0146035 -0.0151078 0.000436779 -0.000642618 0.00436601 0.00369713 0.000250211 0.000954999 0.00533587 -0.0423749 -0.000287 -0.000411309 -5.52403e-06 -0.0071895 0.00451232 -0.000385754 0.000691977 -0.00385284 -0.00120421 -0.0144307 -0.000289637 -0.0157166 -0.019672 -3.29237e-06 -0.00381671 -9.96782e-07 0.01952 0.000206609 -5.7544e-05 0.00265788 0.00140856 0.0299031 0.00223299 -0.00254604 0.000528977 -0.017286 0.00241981 -0.000900785 0.000127444 -0.00224223 -0.00324967 -7.34327e-05 0.000129606 -0.0103886 -0.000232319 0.0309186 0.00406662 0.00252979 -3.41025e-05 -3.98154e-05 -0.00758807 -0.0283283 
3.03109e-05 -6.3773e-06 2.86029e-07 -6.99837e-06 -4.89546e-08 0.000140975 0.000140886 3.99395e-05 0.000319913 -4.82431e-05 4.11539e-07 1.85547e-05 6.13345e-06 -5.9406e-07 1.77511e-05 3.63456e-05 -0.000516814 0.000333918 -0.000134941 -0.000265598 -1.87316e-08 -0.000145196 4.15367e-05 -0.000488268 -1.39681e-05 4.8789e-07 -0.000144683 0.000262544 0.000907985 0.000255039 -8.08668e-05 3.3216e-05 5.18586e-05 2.08854e-07 -0.000367595 -3.36273e-06 0.000210617 6.71306e-06 -1.94667e-07 6.2614e-05 -0.000355765 -0.000144831 -1.22306e-07 0.00024454 -3.73596e-05 7.60988e-06 6.59643e-05 1.03375e-05 -4.47687e-05 -0.000398167 3.79445e-05 1.63693e-06 4.02163e-05 -1.21713e-05 -1.79654e-07 1.9519e-06 0.000190674 -0.000696364 6.30811e-05 -3.77191e-06 6.95305e-07 -5.16404e-05 3.73587e-05 -5.26386e-05 2.51951e-05 -3.19151e-05 -7.55131e-06 -1.50724e-05 0.000138111 -0.000169066 0.000174974 6.09042e-07 -3.01341e-05 3.33983e-05 -0.000196796 4.20927e-05 -1.04748e-06 5.67426e-05 6.05424e-05 0.000423365 7.39881e-06 -3.33906e-05 4.91227e-05 -1.05704e-05 5.08065e-05 0.000320224 3.65526e-06 -3.33873e-06 -0.000107627 -3.28669e-06 4.83821e-05 -3.9082e-05 6.16976e-05 4.76628e-06 0.000330202 -0.000245091 2.002e-06 -0.000415829 -0.00013954 1.73414e-05 
0.00123728 0.000590149 -8.61269e-05 -0.00123403 -2.98956e-06 0.000619649 -0.00501105 0.00136723 -0.00859365 -0.00363375 -7.53795e-06 0.000456196 -7.25031e-05 -2.068e-05 -2.52333e-05 0.0162668 -0.000378648 0.037799 -0.00745248 -0.0400405 -8.53473e-07 -0.0104634 0.0120643 -0.00908209 0.000694993 2.29556e-05 0.00158623 -0.00557449 0.000255039 0.0580628 -0.0195161 0.00053229 -0.00237298 -5.91909e-05 -0.0331508 -0.000630327 0.00146687 -0.000913811 -8.33538e-06 0.000650713 -0.00608729 -0.0322793 -8.3295e-06 0.0331684 0.0346879 -0.0268757 0.0378972 -0.000212696 -0.0176041 -0.00148631 -0.00026168 -0.000639673 0.00276405 0.00166712 -8.85861e-05 -0.000902024 0.0133269 0.00249629 0.00206456 -0.000249237 5.91506e-06 -0.00338812 -0.000398254 -0.00385191 -0.00126652 0.00461679 0.0035549 0.0370223 0.000982347 -0.00876771 0.0225867 -5.40225e-07 -0.00187779 -9.65744e-05 -0.0275834 -0.000313185 -8.92321e-05 0.000789736 0.00176343 -0.000631214 -0.000874374 -0.00272795 -0.000893351 -0.00219235 0.000205258 0.00483792 1.33318e-05 -0.0010715 -0.00724409 -0.000216203 -5.44652e-05 0.000733706 -0.000136628 -0.00371629 0.00869148 -0.0383609 -2.03271e-06 -0.0287214 -0.00928541 0.0312392 
-0.00182564 0.00152499 0.000299106 0.00420055 -2.10786e-05 -0.00414743 0.00104259 -0.00247715 -0.00519755 -0.0408762 -2.76046e-05 -0.00109478 -0.00152099 -0.000205601 -3.92465e-05 -0.0188873 0.00455186 -0.0212456 -0.0434351 0.0958744 -7.27275e-06 -0.0153247 -0.0707117 -0.00772349 -0.00941468 -0.000107933 -0.0250035 0.0195218 -8.08668e-05 -0.0195161 0.249803 -0.00138909 0.00710627 -3.18855e-05 0.0768395 -0.0025041 -0.00981031 -0.00665442 7.47589e-05 -0.00183473 0.0219935 0.0587575 -6.18008e-05 -0.0322473 -0.0309197 0.0771627 -0.0281365 -0.000952986 0.0852646 0.0560537 -0.000448748 -0.00465182 -0.012835 -0.00553483 -0.000505271 -0.00762365 -0.045283 -0.0107175 -0.00150192 -0.00205172 -0.000109846 -0.0324588 -0.00618189 -0.0233901 -0.00673543 -0.0245123 -0.00538114 -0.0702826 -0.00743509 0.00142617 -0.121784 -5.22548e-05 -0.00377506 0.00207142 0.0995025 0.00125027 3.84123e-05 -0.00418287 -0.00616714 0.0033981 -0.00577494 -0.021072 -0.00481296 -0.0312544 -0.0011157 -0.00887951 -0.000528095 -0.00855039 0.0296903 5.11077e-05 -0.00015123 -0.0438073 0.000360861 0.0185045 -0.019185 0.0353284 -0.000162703 0.0393454 -0.0183424 -0.0203655 
0.000109565 -1.4061e-05 -2.9656e-06 -5.75888e-05 1.40947e-06 0.000913059 0.000760527 0.000198965 0.0012091 -0.000331708 -3.80532e-07 0.000255852 6.39314e-05 -1.32017e-06 -8.54751e-07 1.82583e-05 -0.00251757 0.00214045 -0.000442141 -0.00204874 -6.43999e-08 -0.000533095 -0.000444956 -0.00206191 5.29964e-05 6.72007e-06 -0.000303386 0.000808723 3.3216e-05 0.00053229 -0.00138909 0.00311476 -0.000108008 1.41098e-05 -0.00244552 -3.24596e-05 0.00139532 -3.51143e-05 1.18628e-06 0.000139013 -0.00268956 -0.00140958 -4.20491e-07 0.000188529 9.14318e-05 -0.00125663 0.00181371 -6.05811e-06 -0.000843888 -0.00106618 4.74994e-05 -3.17164e-05 0.000732103 -7.82997e-05 -3.25882e-06 -5.68638e-05 0.00178291 -0.00252255 2.3299e-05 -1.02784e-05 -6.92635e-07 -0.000256315 0.00169888 -0.000203332 -6.42872e-05 -0.000216553 -2.84043e-05 0.00183839 0.000476653 -0.000453748 0.0019017 8.15748e-07 -0.000128256 -1.72732e-05 -0.00185372 -6.02131e-06 -4.51809e-06 0.00184205 0.000249222 0.00254674 -2.8311e-05 -0.000159611 1.90012e-05 0.000156821 1.34652e-05 0.000432031 7.60932e-06 -1.9997e-05 -0.00044369 -1.52195e-06 0.000180865 -0.000171635 -1.45576e-05 -0.000124056 0.00271438 -0.00196205 -1.13648e-06 -0.00267724 -0.000461622 0.0015172 
-0.000158723 4.4648e-05 0.000201523 -0.000323726 -1.21834e-06 3.05706e-05 -0.0129778 9.18107e-05 -0.00262586 -0.004413 1.68013e-06 -0.000115062 -8.15817e-05 -6.07212e-06 8.13604e-05 -0.00136013 0.00120027 0.000634838 -0.00535114 -0.00130965 1.70704e-06 -0.00399729 -0.00609241 0.00368699 -0.000765285 -9.70115e-06 0.00592656 0.00846837 5.18586e-05 -0.00237298 0.00710627 -0.000108008 0.0419395 0.000218149 0.00587974 -0.000259456 -0.00048901 2.2585e-05 2.166e-05 -0.000119019 -0.00274541 -0.00365924 -5.59194e-06 -0.00295035 0.00401904 0.00404461 0.00418937 -6.1383e-05 -0.00829906 0.0135321 -2.19653e-05 -0.000429973 -0.000499752 0.000481379 0.000210221 -0.000267786 -0.0046175 -0.0104169 -9.74111e-05 -0.000121977 -8.7573e-06 -0.00218703 -0.000592327 -0.00274347 -0.000765928 -0.00235077 -0.000511278 0.00445247 -0.000148333 -0.00489147 4.88593e-05 -3.43747e-06 -0.00125724 0.00135043 -0.0044504 8.45707e-06 -3.13824e-06 -0.000289184 -0.000358769 0.0023915 -0.000498415 -0.000581716 -0.000357419 0.00688266 0.00119351 -0.000406155 8.5998e-05 1.66127e-05 -0.00281054 -0.000103009 -5.16641e-05 -0.00127471 -0.000180687 0.00588953 -0.00122775 -0.0168759 -2.54062e-05 0.00293712 -0.00202207 -0.00323558 
