7.88888e-07 -8.62508e-08 -1.62599e-11 -1.05826e-09 -8.58048e-11 -1.72322e-08 -4.30383e-12 -1.43879e-08 -2.42362e-08 6.68992e-07 -8.89691e-12 -7.44262e-09 -2.9941e-10 2.72603e-08 -9.73267e-09 -4.03566e-09 -6.50186e-07 2.32932e-08 -3.65323e-08 5.73322e-09 -1.20838e-09 -1.96865e-09 -7.74689e-10 -2.96657e-10 -7.57254e-10 -2.36202e-10 -3.95444e-10 -1.288e-09 -4.92179e-11 -3.16958e-11 -2.87506e-12 -2.34212e-11 -1.30517e-11 1.11855e-08 -4.84302e-09 -1.47426e-10 -2.54817e-07 -1.75892e-07 -4.04485e-07 1.69183e-07 -4.09732e-07 1.2067e-09 -3.19837e-09 -6.52271e-10 -1.69097e-08 -4.30902e-09 -1.05526e-08 -6.92469e-11 -3.17309e-11 4.6176e-07 -1.24821e-09 -2.33462e-08 -1.1942e-10 -1.87282e-10 1.78249e-08 -1.11557e-09 -1.62757e-10 -1.58306e-07 -3.88927e-09 -1.49012e-13 2.49619e-07 -3.45665e-10 -6.66005e-09 -1.27493e-10 -5.7624e-11 3.37899e-08 -6.81162e-11 -1.00101e-11 -5.57678e-08 -9.28522e-11 -1.08043e-08 -2.82029e-08 -2.17319e-09 -1.12282e-07 -1.77938e-11 -7.56755e-10 -7.47271e-09 -3.8539e-08 -1.65901e-09 -1.00452e-11 -1.6742e-12 -1.86079e-09 -1.03696e-09 -1.40948e-10 -2.67644e-10 -1.85301e-11 -2.32719e-09 -3.79106e-08 -1.42877e-11 -2.40881e-08 -4.23638e-07 -3.89921e-10 3.52116e-07 -1.79331e-09 3.40857e-07 -6.39964e-11 -1.38508e-09 3.79021e-08 -9.66425e-08 -4.16752e-10 
-8.62508e-08 0.0973785 7.85766e-06 0.000247058 4.21083e-05 0.00659808 1.48131e-06 0.00134886 -0.00201223 -0.00125437 2.8892e-06 3.47615e-05 -1.95062e-05 -0.00694368 -0.00015596 -0.0193694 -0.0339464 -0.000458195 -0.000909425 -0.000847567 -0.000131625 -0.000230624 0.000131325 1.63752e-05 0.000251597 -1.03241e-05 3.19733e-05 0.00103252 1.56011e-05 7.29617e-06 -2.98454e-07 6.70961e-06 3.65783e-06 7.05456e-05 0.00146409 -2.04317e-05 0.00573804 -0.00439668 -0.011178 -0.062636 -0.0147223 -0.000397563 -2.90539e-06 -6.35981e-05 -0.00183831 0.00126685 0.00568129 -1.88581e-06 -2.7198e-06 0.0464493 -3.22553e-05 0.00224954 2.37607e-05 -1.79776e-05 0.0017773 0.000904838 -1.8112e-05 0.0147185 -0.000507269 1.46015e-07 0.00483476 0.000160928 0.000234784 2.58641e-05 -4.64165e-06 0.022238 4.23652e-09 -1.09841e-06 -0.00556318 3.27872e-05 0.00110465 -0.00134726 -0.000144259 0.00630899 -4.54932e-07 -7.05118e-05 0.00113026 -0.00407854 0.000506001 1.91895e-06 1.01307e-07 0.000759447 -0.000131523 9.1566e-05 -1.72705e-05 2.87469e-07 -0.000104647 0.00768527 -8.13457e-07 0.00376425 -0.0152837 0.000176505 -0.0446571 -0.000134535 -0.00656325 3.01964e-06 9.26533e-05 -0.0297353 0.033301 7.94235e-06 
-1.62599e-11 7.85766e-06 2.06107e-05 -2.76489e-08 -2.2418e-09 -4.5022e-07 -1.12445e-10 1.90758e-07 2.70012e-06 -1.22407e-06 -2.32448e-10 -3.88961e-08 -7.8226e-09 -6.2111e-07 -2.54283e-07 -3.56365e-06 -6.8846e-06 -4.29142e-06 3.56641e-07 -2.79465e-06 6.23984e-07 -5.14346e-08 4.24204e-07 -7.75069e-09 -1.97846e-08 -6.1712e-09 -1.03317e-08 1.44126e-07 -1.2859e-09 -8.28109e-10 -7.5116e-11 -6.11921e-10 -3.40999e-10 -3.29665e-06 -1.26532e-07 -3.85176e-09 1.93135e-06 -8.5949e-07 -6.96788e-06 -9.37979e-06 2.42135e-07 -7.79584e-07 -8.35629e-08 -1.70417e-08 4.13761e-07 3.84297e-06 4.30207e-06 -1.8092e-09 -8.29025e-10 6.03942e-06 2.785e-07 1.32337e-06 -3.12006e-09 7.28847e-08 -1.51207e-06 -2.91462e-08 -4.2523e-09 -5.55574e-07 4.98386e-07 -3.89321e-12 -5.33382e-06 -9.0311e-09 -1.74006e-07 -3.33098e-09 -1.50553e-09 4.65215e-06 -1.77965e-09 -2.61532e-10 7.31857e-07 -2.42593e-09 2.15105e-06 -2.03518e-07 -5.67783e-08 2.10872e-07 -4.64895e-10 -1.97716e-08 -1.95238e-07 1.52643e-06 3.67767e-07 -2.62448e-10 -4.37414e-11 5.13837e-08 9.9513e-07 -3.68252e-09 -6.99266e-09 -4.84132e-10 -6.08019e-08 2.20631e-07 -3.7329e-10 -8.49007e-08 -8.76728e-07 -1.01874e-08 -6.21412e-06 3.09244e-08 -1.78606e-06 -1.67202e-09 -3.61876e-08 -9.46796e-06 5.65282e-06 -1.08884e-08 
-1.05826e-09 0.000247058 -2.76489e-08 0.00133966 -1.45906e-07 1.50311e-05 -7.31839e-09 5.84547e-06 0.000127232 8.91826e-06 -1.51286e-08 9.08874e-06 6.5754e-07 -0.00010469 9.5828e-05 8.69e-05 7.44591e-05 -1.69691e-05 1.43014e-05 3.93428e-07 1.6744e-07 -3.04757e-06 -7.2842e-07 -3.60002e-07 -1.28766e-06 -1.12758e-07 1.04054e-05 2.98761e-06 -8.36919e-08 5.68326e-07 -4.88886e-09 -3.98263e-08 -2.21936e-08 -9.05576e-05 -3.07968e-06 -2.17355e-07 -8.45776e-05 -0.000333555 -0.00051989 -0.000719026 -0.000561797 -9.16925e-05 5.51169e-05 -1.07581e-06 -1.73427e-05 -5.57165e-06 0.000103134 6.15583e-07 1.04604e-06 0.00014769 6.66639e-06 0.000134012 1.52489e-07 6.74821e-06 -0.000176557 3.50697e-05 -1.87868e-07 -0.000322829 4.49421e-05 -2.53386e-10 -6.42385e-05 2.19e-06 -6.425e-06 1.49873e-07 1.00201e-06 6.56176e-06 6.39499e-09 -1.70216e-08 9.10375e-06 -1.57889e-07 5.28346e-06 0.000273009 -8.39812e-07 0.000227816 -3.02573e-08 3.78243e-05 -5.06242e-06 -4.23332e-05 1.20119e-06 -1.70812e-08 -2.84687e-09 8.28803e-05 -1.30773e-06 -1.0634e-07 -4.55111e-07 -3.15093e-08 4.56499e-06 0.000528824 -2.42953e-08 0.000401451 -0.000546065 1.11036e-05 -2.63532e-05 1.55059e-06 -0.000237532 3.46896e-06 -8.33016e-07 -0.000167732 -1.69123e-05 -7.08661e-07 
-8.58048e-11 4.21083e-05 -2.2418e-09 -1.45906e-07 0.000108755 5.24908e-05 -5.93383e-10 3.3163e-06 -1.35263e-06 4.16054e-05 -1.22665e-09 -8.48361e-07 -4.12806e-08 -4.29638e-05 2.02479e-06 -5.64982e-05 -6.1846e-05 -2.13293e-06 -3.68248e-08 -3.00873e-05 9.55618e-07 -2.71425e-07 -1.06809e-07 -4.09011e-08 5.06706e-07 -3.25659e-08 -5.45211e-08 2.07797e-06 -6.78583e-09 -4.37e-09 -3.96394e-10 -3.22916e-09 -1.79948e-09 -4.54671e-06 -1.21666e-08 -2.03261e-08 -3.24213e-05 3.18577e-05 -6.31207e-06 -3.00075e-05 -7.63818e-06 1.66372e-07 -4.40969e-07 -8.99307e-08 -1.58695e-06 -5.94098e-07 -1.18826e-06 1.46008e-07 -4.37484e-09 -2.12182e-06 -1.72094e-07 2.48119e-06 9.46463e-08 -2.58212e-08 -1.04091e-05 -1.53807e-07 -2.24398e-08 5.71712e-05 -4.91782e-07 -2.05448e-11 5.77136e-06 -4.76579e-08 6.74842e-06 -1.75779e-08 -7.9448e-09 4.08561e-05 -9.3914e-09 -1.38013e-09 -1.61111e-06 4.95386e-06 -4.56296e-07 2.00461e-07 4.71149e-06 -1.24696e-05 -2.45329e-09 9.6233e-07 2.23638e-06 -4.7135e-06 3.99349e-06 -1.38496e-09 -2.30827e-10 3.65669e-07 -4.29689e-08 1.139e-07 -3.69009e-08 -2.55481e-09 -3.20857e-07 -4.82685e-06 -1.96989e-09 -9.88882e-08 2.2335e-06 -5.37597e-08 -4.455e-05 -2.4725e-07 -4.938e-05 1.46732e-07 2.4757e-06 -6.59388e-06 -2.73553e-06 1.44254e-06 
-1.72322e-08 0.00659808 -4.5022e-07 1.50311e-05 5.24908e-05 0.0213664 1.36387e-07 0.000233258 0.000256546 0.00300272 -2.46347e-07 0.000450843 -8.03481e-06 -0.00291393 0.000210078 -0.00114222 -0.00545773 5.75673e-05 0.0034684 -0.00186841 -3.05146e-05 -3.34991e-05 1.60829e-05 -8.21416e-06 -1.17788e-05 1.44868e-06 -4.32724e-06 -4.29686e-06 1.28165e-06 -3.44293e-07 9.28118e-09 7.78482e-06 6.49721e-07 -0.000231997 -0.000128754 -2.84875e-06 -0.00546816 0.00105218 -0.00231073 -0.00924137 -0.00587077 -1.5632e-05 0.000215174 -1.76274e-05 0.000315465 5.31652e-05 0.00021423 2.72715e-05 3.88069e-07 -0.00315225 -3.15505e-05 -0.000556955 8.78226e-06 4.86989e-06 -0.000106568 3.44433e-06 1.49343e-06 0.0110792 0.000115232 1.62541e-07 0.000501915 2.39289e-05 -0.000111399 -9.19054e-07 -1.59555e-06 0.00403782 5.80595e-07 -2.77171e-07 -0.00064619 3.89957e-05 -5.96952e-05 0.000442755 7.74043e-05 0.00571521 -4.92694e-07 -1.70649e-05 0.00030911 -0.00100135 0.000109164 9.96362e-08 -4.63569e-08 -2.64568e-05 -2.32235e-05 1.24639e-05 -5.77464e-07 2.47581e-06 -5.02154e-05 0.00280977 4.02661e-06 0.000470933 -0.0047603 -6.28544e-06 -0.00906993 2.76227e-05 -0.00905905 1.70578e-06 2.79929e-05 0.00148353 -0.00154977 7.66161e-05 
-4.30383e-12 1.48131e-06 -1.12445e-10 -7.31839e-09 -5.93383e-10 1.36387e-07 5.45553e-06 -9.94991e-08 -1.67605e-07 1.49855e-06 -6.15265e-11 1.32631e-06 -2.07057e-09 -3.52259e-06 -6.73062e-08 4.33124e-07 -1.47961e-06 -1.50558e-06 -2.52639e-07 3.96481e-08 -8.35658e-09 -1.36142e-08 -5.35736e-09 -2.05153e-09 3.94763e-07 -1.63345e-09 -2.73469e-09 -8.90716e-09 -3.40366e-10 -2.19192e-10 -1.98825e-11 -1.61969e-10 -9.02591e-11 -2.85598e-06 -3.34918e-08 -1.01952e-09 5.93372e-07 4.44811e-07 -3.97212e-07 -1.57446e-06 2.76907e-08 -1.25832e-06 1.23344e-06 -4.51077e-09 -1.16939e-07 3.03534e-07 -7.29767e-08 -4.78877e-10 -2.19435e-10 1.17656e-06 -8.63196e-09 1.50522e-06 -8.2585e-10 -1.29515e-09 1.23268e-07 -7.7147e-09 6.98874e-07 -5.22461e-07 -2.68963e-08 -1.03049e-12 -2.21821e-06 -2.39044e-09 1.09498e-07 -8.81678e-10 -3.98498e-10 6.05974e-07 -4.71057e-10 -6.92249e-11 -3.85662e-07 -6.42119e-10 1.41715e-08 -1.95037e-07 -1.50287e-08 4.45735e-07 -1.23053e-10 1.25032e-06 -5.16774e-08 -2.66516e-07 -1.14729e-08 -6.94674e-11 -1.15779e-11 -1.28683e-08 -7.17109e-09 -9.74726e-10 -1.85089e-09 -1.28145e-10 9.28351e-07 1.93385e-07 -9.88062e-11 1.66752e-07 -7.24029e-07 -2.6965e-09 2.51644e-07 -1.24016e-08 -1.74844e-06 -4.42567e-10 -9.5785e-09 -2.13241e-06 9.98336e-07 -2.88205e-09 
-1.43879e-08 0.00134886 1.90758e-07 5.84547e-06 3.3163e-06 0.000233258 -9.94991e-08 0.0179055 0.00140348 -0.00103542 2.93876e-06 -8.46976e-05 -8.66424e-07 -0.000199609 0.00118053 -0.0100246 -0.000785119 -0.00120431 0.00378587 -0.000369122 -2.09808e-05 6.65871e-05 -1.72098e-05 2.11972e-05 9.13154e-05 5.90282e-05 5.24498e-07 0.000126879 1.91844e-05 2.28945e-06 -6.64679e-08 3.63631e-06 -3.0174e-07 -0.000232562 0.000475424 -1.47497e-06 -0.00459488 -0.00452514 -0.000577421 -0.00488313 -0.000317602 -0.000120969 3.62441e-06 0.000104654 0.00117785 -2.68302e-05 0.000544103 8.33243e-06 6.88644e-07 -0.00432421 -1.81459e-05 0.00252688 1.14503e-05 -3.07418e-06 0.000318945 7.17983e-05 -3.75162e-06 0.00548254 8.8959e-06 -3.44498e-09 -0.00199945 1.59975e-05 0.000611717 3.61918e-06 -6.98861e-07 -0.00065456 5.85718e-08 1.8908e-06 0.00311882 -8.46628e-07 0.000442917 0.000647317 7.79364e-05 0.00102231 3.96641e-06 -1.35286e-05 0.000845174 -0.000710185 6.64791e-05 1.71221e-06 -1.64831e-08 -4.02302e-05 0.000186493 2.06368e-06 7.72013e-05 1.25605e-05 -4.70683e-05 0.0023896 2.21413e-06 0.000864634 -0.000455515 1.06299e-05 -0.00555795 2.22075e-05 -0.0078117 2.52048e-06 0.000315645 -0.00230626 0.0052133 1.50096e-05 
-2.42362e-08 -0.00201223 2.70012e-06 0.000127232 -1.35263e-06 0.000256546 -1.67605e-07 0.00140348 0.0297781 0.000424763 -2.46475e-07 2.91821e-05 1.57511e-05 -0.000683227 0.000509056 0.000462723 0.00106979 -0.001002 -0.000264909 0.000130126 -1.49029e-05 0.000407912 -1.66134e-05 -5.48614e-06 -1.66455e-05 -5.22071e-06 0.000126656 -3.55812e-05 -2.72262e-07 1.73233e-06 3.10258e-07 -6.23211e-07 9.17229e-08 -0.00271825 -0.000169858 5.31431e-06 0.00173389 -0.00829426 0.00161349 0.00257128 -0.00758693 3.20707e-05 8.47562e-05 7.31762e-05 -5.68735e-05 0.000340315 0.00278565 1.01441e-06 -3.24593e-07 -0.00330662 -3.70426e-05 -0.000741954 1.05827e-05 3.06616e-07 -0.00169266 -4.02994e-05 -5.62716e-06 -0.00587729 0.000193961 1.60864e-07 0.00205241 -1.31835e-05 3.56579e-05 2.88794e-05 -2.14407e-06 -0.0012225 -2.45267e-06 4.43506e-07 0.0101907 -2.41597e-06 -0.000348879 -0.000339636 -3.7931e-05 -0.00316805 1.59594e-06 3.57295e-05 0.000319866 -0.00046458 0.000103348 -3.91192e-07 2.2369e-07 0.000343779 0.000305606 -2.51121e-06 0.000112866 2.03393e-06 -5.89839e-05 -0.000352495 2.89915e-06 0.00222595 -0.00184322 1.08263e-05 -0.00296813 2.43626e-05 -0.0104747 -2.12556e-06 6.33161e-05 -0.00209589 -0.00205139 -1.34853e-05 
6.68992e-07 -0.00125437 -1.22407e-06 8.91826e-06 4.16054e-05 0.00300272 1.49855e-06 -0.00103542 0.000424763 0.0629224 1.16807e-07 -0.000340616 -2.32424e-05 -0.00608985 0.00199589 -0.00364984 -0.00963609 0.00126367 -0.00155937 -0.00120195 -9.53334e-05 3.90947e-05 5.94171e-05 -6.8481e-07 -3.90028e-05 -1.84028e-05 -1.41231e-05 -4.67654e-05 -3.76374e-07 -2.1999e-06 -1.57021e-07 -1.62549e-06 1.33921e-06 -0.000165063 -0.0003847 -2.56518e-06 -0.0168799 0.00884787 -0.0152414 0.00612282 -0.010964 7.37339e-05 -0.000238929 -3.58345e-05 -0.000982974 -7.34033e-05 -0.000782455 3.81438e-05 -2.40289e-06 -0.0106032 0.000234416 -0.00180351 -9.30314e-06 -1.04631e-05 -0.000284213 -8.62834e-05 5.4668e-05 0.00265258 -0.000280935 -1.27453e-08 0.0107759 -2.28321e-05 0.000812063 1.14175e-05 1.08824e-05 0.00920925 -4.77056e-06 -2.11742e-07 0.00123244 2.99471e-05 -0.000882728 0.00344225 0.000461223 -0.0052333 -1.1775e-06 -5.21601e-05 0.00141057 -0.00297058 0.000328335 9.29704e-07 -1.43198e-07 0.000124388 2.75401e-05 1.46e-05 -2.15366e-05 -1.19603e-06 0.000924984 -0.00155561 3.50017e-06 -0.000410186 0.00266393 -3.073e-06 -0.00840962 0.000362859 -0.0147888 5.92923e-07 3.18314e-05 0.00596283 -0.00747109 4.25876e-05 
-8.89691e-12 2.8892e-06 -2.32448e-10 -1.51286e-08 -1.22665e-09 -2.46347e-07 -6.15265e-11 2.93876e-06 -2.46475e-07 1.16807e-07 1.12777e-05 1.58242e-08 3.17942e-07 2.67485e-07 8.83086e-07 -5.67131e-06 -1.8813e-06 -2.40034e-06 -5.22257e-07 -3.62484e-07 -1.72748e-08 1.38523e-07 -1.10748e-08 -4.24095e-09 -1.08255e-08 9.74401e-07 1.83236e-07 -1.8413e-08 -7.03608e-10 -4.53116e-10 -4.11012e-11 -3.34825e-10 -1.86585e-10 -4.95651e-07 1.19743e-06 -2.10757e-09 -1.2428e-06 -1.85645e-06 -1.78242e-06 -5.48139e-06 -3.77155e-07 -2.52719e-06 5.20944e-07 -9.32472e-09 8.04854e-08 6.06215e-08 -1.50858e-07 -9.89938e-10 -4.53617e-10 2.8765e-06 4.37815e-09 3.35514e-06 -1.7072e-09 -2.67734e-09 2.54821e-07 1.17385e-07 -2.32673e-09 7.17181e-07 6.11066e-07 -2.13025e-12 -3.98168e-07 5.39503e-07 -9.52106e-08 -1.82261e-09 -8.23779e-10 1.85556e-07 -9.73773e-10 -1.43102e-10 2.24979e-07 -1.32739e-09 1.66777e-06 3.1904e-07 -3.10674e-08 -1.8294e-07 -2.54377e-10 -1.08184e-08 -1.06828e-07 -4.50945e-07 -2.37168e-08 -1.43604e-10 -2.3934e-11 4.00653e-08 -1.48241e-08 -2.01496e-09 -3.82617e-09 -2.64902e-10 -3.32689e-08 7.13595e-07 -2.04253e-10 2.00086e-07 -4.70928e-06 -5.57423e-09 -3.69095e-06 -2.56368e-08 -7.07465e-07 -9.14878e-10 -1.98008e-08 -4.494e-06 6.67398e-06 -5.9578e-09 
-7.44262e-09 3.47615e-05 -3.88961e-08 9.08874e-06 -8.48361e-07 0.000450843 1.32631e-06 -8.46976e-05 2.91821e-05 -0.000340616 1.58242e-08 0.0093453 6.56305e-05 -0.00014165 -8.20818e-05 0.000521648 -0.00146967 -0.000808859 -0.000186311 5.60747e-05 2.65045e-05 -1.03098e-05 2.96577e-05 8.18561e-06 4.2544e-05 -1.55807e-06 1.08931e-05 2.06968e-05 5.66959e-07 -2.45716e-07 -3.43828e-08 1.97684e-07 -1.56085e-07 -0.000752433 -4.58398e-05 -1.4964e-06 5.35606e-05 -0.00208352 0.000340961 -0.00278531 -0.000953745 -0.000153002 0.000230806 -7.03383e-06 -0.000196511 4.26796e-05 0.000194768 -8.28123e-07 -3.57247e-07 0.00140583 2.08838e-05 0.000733659 4.62496e-05 -2.12859e-06 7.1212e-05 9.15894e-06 6.03137e-06 -0.00177398 6.04438e-05 -1.78204e-09 0.00110548 1.0662e-06 1.96362e-06 5.29753e-06 5.04421e-06 -0.00032264 -8.146e-07 -1.19711e-07 -0.000198026 7.11804e-07 -6.52867e-05 -0.000226356 -2.54002e-05 0.000574362 6.92054e-06 0.000355539 -7.04993e-05 -0.00035161 -1.20623e-05 -1.2013e-07 -2.00217e-08 -7.0198e-06 -1.20454e-05 -1.6856e-06 1.81036e-06 -2.21601e-07 5.69202e-07 -0.000130583 -4.86436e-08 1.03747e-05 -0.00218223 -2.98529e-06 0.000321227 1.81983e-05 -0.00186897 -7.65332e-07 3.4947e-05 -0.000119164 0.0011709 -1.82838e-06 
-2.9941e-10 -1.95062e-05 -7.8226e-09 6.5754e-07 -4.12806e-08 -8.03481e-06 -2.07057e-09 -8.66424e-07 1.57511e-05 -2.32424e-05 3.17942e-07 6.56305e-05 0.000379389 1.0926e-05 -4.46015e-06 7.87242e-07 -3.0177e-05 -0.000158594 -1.20979e-05 2.38047e-06 1.28531e-06 -9.47117e-07 1.12273e-05 -1.42721e-07 -3.64314e-07 -1.13636e-07 -1.90247e-07 -6.41001e-08 -2.36787e-08 -1.52488e-08 -1.38319e-09 -1.12679e-08 -6.27917e-09 -1.4352e-05 3.36555e-09 -7.09263e-08 2.1408e-05 -1.46168e-05 -0.000184975 -0.000202062 0.000105294 -3.76639e-05 -1.22762e-06 -3.13807e-07 -6.99077e-06 5.53805e-06 3.2787e-06 -3.33146e-08 -1.52657e-08 6.07256e-05 6.21712e-07 6.22126e-05 -5.74529e-08 4.24323e-06 -8.21689e-05 1.48411e-05 -7.83019e-08 -9.50672e-05 0.00010894 -7.16896e-11 5.65136e-05 -1.32966e-07 -3.13748e-06 -5.02257e-08 -2.77228e-08 -1.02392e-05 -2.16595e-08 -4.81586e-09 0.000105081 9.97734e-08 3.33354e-05 0.000110054 2.44337e-06 -4.72855e-05 3.01366e-06 4.47037e-07 -3.59511e-06 -9.19662e-06 -3.64813e-07 -4.83272e-09 -8.05454e-10 1.927e-06 5.7789e-06 -6.781e-08 -1.28763e-07 -8.91482e-09 -1.11961e-06 -3.9165e-06 -6.87377e-09 -9.48877e-06 -0.000178529 2.85685e-06 6.2198e-05 -8.62759e-07 1.74702e-05 -3.07886e-08 -8.85815e-08 -0.000144314 3.47499e-05 -2.00499e-07 
2.72603e-08 -0.00694368 -6.2111e-07 -0.00010469 -4.29638e-05 -0.00291393 -3.52259e-06 -0.000199609 -0.000683227 -0.00608985 2.67485e-07 -0.00014165 1.0926e-05 0.0333613 -0.000928851 0.00037127 0.00329507 -0.000248369 0.000960762 0.00277504 -4.9003e-05 -0.000298879 1.33333e-05 -2.78168e-05 -0.00048223 2.63514e-06 -2.5223e-05 -0.000514482 -3.33302e-06 -1.26672e-05 3.70461e-08 5.14798e-07 -1.31719e-06 0.00130715 -0.000364464 -5.10904e-06 -0.00204692 -0.0114721 0.0012797 0.00393448 0.0011333 3.26656e-05 -0.000187903 -9.21622e-05 0.000701464 -0.000107043 -0.00089729 -6.48779e-05 -1.299e-06 0.00130173 4.45302e-05 0.000784154 -4.85358e-05 -2.05632e-05 0.000196169 -0.000124424 -7.1482e-05 -0.010769 0.000158927 -1.6014e-07 0.00382407 -1.79234e-06 -0.00242297 -7.64377e-05 -1.38426e-05 -0.00410189 -9.23856e-06 -3.28198e-07 0.00029237 -3.47439e-05 -9.42202e-05 0.000125459 -0.000344709 0.00310115 -2.54281e-06 -0.000112286 0.000130423 -0.00134493 -8.80424e-05 -3.01555e-06 -5.26666e-07 -0.000118493 -0.000175079 -5.27483e-05 8.06792e-06 7.45e-07 -5.783e-05 0.0012819 -2.68528e-06 -0.00171114 -0.0117367 -2.60538e-05 0.00468008 -0.000752004 0.00678058 -7.07457e-06 -0.000291041 -0.000521688 -0.00138092 -0.000416045 
-9.73267e-09 -0.00015596 -2.54283e-07 9.5828e-05 2.02479e-06 0.000210078 -6.73062e-08 0.00118053 0.000509056 0.00199589 8.83086e-07 -8.20818e-05 -4.46015e-06 -0.000928851 0.012185 -0.000841678 0.000936869 0.000297731 0.00080455 -0.000590118 -1.64309e-05 -2.21761e-05 6.88488e-06 -2.16155e-06 2.83575e-05 6.61722e-06 -3.40644e-06 -1.81871e-05 -5.91926e-07 -4.95681e-07 -4.49622e-08 5.59448e-08 1.40333e-07 -0.000140752 -7.47384e-05 1.52779e-06 -0.00137593 -0.00356993 -0.000213012 0.00136695 -0.00716446 -1.67321e-06 -4.18183e-05 -2.94511e-06 0.000509211 -5.82207e-05 0.00013806 7.89485e-06 2.37104e-07 -0.00328035 1.7908e-06 -0.000309448 -1.65647e-06 -2.61774e-06 -0.00027692 -1.48016e-05 2.01026e-06 0.00174567 -3.67676e-05 -2.33036e-09 0.00141459 4.83144e-07 -7.54341e-06 1.69506e-06 -9.01163e-07 -0.000491639 -1.06525e-06 -1.56545e-07 0.00130058 1.09236e-06 -5.11435e-05 0.00145049 7.78698e-05 -2.17255e-05 -2.78272e-07 -1.0568e-05 0.000610814 -0.000190478 1.1622e-05 4.29065e-08 -2.61823e-08 4.86639e-06 -9.20558e-06 -1.00424e-06 2.44774e-06 1.08799e-06 -2.45386e-05 0.000839239 5.54338e-07 0.00141285 -0.00107023 1.24355e-05 -0.00457518 -1.38895e-05 -0.00370587 -6.67487e-07 8.35281e-05 0.00155591 -0.00141765 1.07603e-05 
-4.03566e-09 -0.0193694 -3.56365e-06 8.69e-05 -5.64982e-05 -0.00114222 4.33124e-07 -0.0100246 0.000462723 -0.00364984 -5.67131e-06 0.000521648 7.87242e-07 0.00037127 -0.000841678 0.0730884 0.0319567 -8.23389e-05 -0.00164353 0.0014808 -9.05807e-05 0.000154997 6.86846e-05 -7.37675e-05 -0.000423314 -3.67182e-05 -4.64704e-05 -0.00107599 -2.7458e-05 -8.43245e-06 -6.6218e-08 -7.52073e-06 -3.50874e-06 0.000473796 -0.00281724 -7.94635e-05 -0.00413155 -0.0161326 0.00483484 0.02169 -0.0208989 1.475e-05 -0.000485504 -0.000541724 -0.000347273 -0.000204387 0.000939308 -5.37979e-05 -9.39559e-06 -0.0103993 -3.02509e-05 -0.00145539 -4.09041e-05 4.03077e-07 -0.000887721 -0.000569755 -2.79207e-05 -0.0409086 0.000202961 1.49962e-08 -0.00507486 -0.00011498 -0.00268724 -3.16139e-05 -4.41201e-06 -0.0222493 -2.56561e-05 1.29611e-07 -0.00335775 -5.3289e-05 -0.00231995 0.00104859 -8.02303e-05 0.00313713 -6.49817e-06 3.08686e-05 -0.000981558 -0.00600683 -0.000147098 -3.36686e-06 -4.87069e-07 -0.000333136 -0.000192888 -0.00013716 -7.4654e-05 -1.31685e-05 -0.000101343 0.000960351 -6.80658e-06 -0.000402175 -0.0216417 -1.10372e-05 0.0277221 -0.000628138 0.0118842 -1.45818e-05 -0.00103083 0.0340597 -0.00876207 -6.29148e-05 
-6.50186e-07 -0.0339464 -6.8846e-06 7.44591e-05 -6.1846e-05 -0.00545773 -1.47961e-06 -0.000785119 0.00106979 -0.00963609 -1.8813e-06 -0.00146967 -3.0177e-05 0.00329507 0.000936869 0.0319567 0.082975 -0.000229635 0.000124165 0.000654885 -0.000207053 0.000208681 -0.000220386 -7.46289e-05 -0.000470526 2.54957e-05 -2.58056e-05 -0.00115636 -1.28142e-05 -1.21201e-05 6.61189e-08 -2.66679e-06 -7.44483e-06 0.00100093 -3.32702e-05 7.33106e-06 -0.0115531 -0.00853359 0.0110732 0.0326616 -0.015397 2.87143e-05 0.000216874 -0.000169423 0.00109369 -0.00185934 -0.000786288 -1.97625e-05 -4.70496e-06 -0.0360608 2.4012e-05 -0.00310905 -7.80106e-05 6.2444e-06 -0.00165397 -0.000563385 -8.13833e-05 -0.0308145 0.00037608 1.7248e-08 -0.0212216 -0.000204934 -0.00178828 -3.5765e-05 -2.30634e-05 -0.0326892 -1.80156e-05 -2.64134e-06 0.00223931 -4.44413e-05 -0.00309343 0.00156743 -0.000275645 0.00597541 -7.65149e-06 -0.000162651 0.000780803 0.00112683 -0.000861727 -6.13728e-06 -1.95102e-07 -0.00052606 -0.000106151 -0.000116285 -1.02872e-05 -3.96627e-06 -0.000616264 0.00194884 -2.07955e-06 0.00133745 -0.0170851 3.32552e-05 0.0299829 -0.000149615 0.0122615 -1.14814e-05 -0.00126989 0.0290433 -0.00919295 -4.64169e-05 
2.32932e-08 -0.000458195 -4.29142e-06 -1.69691e-05 -2.13293e-06 5.75673e-05 -1.50558e-06 -0.00120431 -0.001002 0.00126367 -2.40034e-06 -0.000808859 -0.000158594 -0.000248369 0.000297731 -8.23389e-05 -0.000229635 0.0286548 0.00129237 0.000110683 -0.000794806 2.06608e-05 -7.87493e-05 -0.000139474 -1.28463e-05 -7.12606e-06 1.67384e-07 -2.87814e-05 -3.19245e-05 -3.05813e-06 -2.57252e-08 -1.17894e-06 -1.22609e-07 0.00116492 -0.000290779 -2.42657e-06 -0.00627747 -0.000249278 -0.00109552 0.0215148 -0.00297566 0.000196802 -0.00047448 1.21688e-05 -0.00165067 -0.00161943 -0.000772801 -1.69711e-06 4.09849e-07 -0.00569048 4.06402e-05 -0.00880602 -1.72859e-05 -0.000165113 0.000822781 5.19806e-06 -3.56639e-05 0.00430686 -0.00148205 5.57725e-09 0.0010772 -0.000116218 -7.91378e-05 -1.79948e-05 -1.46432e-05 0.000666706 1.63835e-06 -6.73645e-06 -0.000407416 -2.76803e-05 -0.00202271 -0.00659285 -5.49728e-05 0.00366776 -1.00118e-05 -0.000453476 -0.00190798 -0.0010242 4.30935e-05 -1.72403e-06 -1.5956e-07 6.05124e-05 -5.99886e-05 4.98654e-06 -1.97937e-05 -1.62008e-07 -0.000235153 -0.00268954 -8.84302e-06 -0.00240164 0.00490215 -0.000169706 1.10483e-05 -0.000126446 0.00164826 -1.42825e-05 2.3252e-05 0.00276343 -0.0192535 9.2316e-06 
-3.65323e-08 -0.000909425 3.56641e-07 1.43014e-05 -3.68248e-08 0.0034684 -2.52639e-07 0.00378587 -0.000264909 -0.00155937 -5.22257e-07 -0.000186311 -1.20979e-05 0.000960762 0.00080455 -0.00164353 0.000124165 0.00129237 0.0441641 -0.00059631 -4.45667e-05 0.000297083 -2.36972e-05 -1.28363e-05 2.59484e-05 3.59792e-05 -9.41292e-06 -3.98514e-05 -2.63358e-06 -1.86057e-06 2.012e-08 9.91404e-06 -6.32816e-07 -0.000358914 -0.000166234 -7.20959e-06 -0.0136938 -0.00955623 -0.00692767 0.00118367 -0.0164158 4.71568e-05 0.000565108 5.31333e-05 0.00692295 -0.00011571 -0.000378416 -4.03153e-06 6.15146e-07 -0.0100632 0.00053314 -0.000978875 -1.91008e-06 -8.30476e-06 0.000206727 -2.24627e-05 -8.32063e-06 0.00500054 -2.81375e-05 -8.74717e-09 0.000371849 1.21758e-05 0.000195804 8.38249e-07 -2.17147e-06 -0.000628533 3.23738e-07 8.01285e-07 -0.000779778 -3.88385e-06 -0.00031817 0.00213665 -3.92904e-05 0.0170181 1.44374e-07 -3.59556e-05 0.00106342 -0.00177553 9.93036e-05 -6.74398e-08 1.01723e-07 -8.79189e-05 0.000221496 1.03732e-06 0.000122334 1.89678e-05 -0.000125141 0.00876971 6.94634e-07 -0.000487275 -0.0145931 -7.01099e-06 -0.00536015 2.81754e-05 -0.0104846 7.43349e-07 -4.26277e-05 0.00438842 -0.00517788 4.46696e-05 
5.73322e-09 -0.000847567 -2.79465e-06 3.93428e-07 -3.00873e-05 -0.00186841 3.96481e-08 -0.000369122 0.000130126 -0.00120195 -3.62484e-07 5.60747e-05 2.38047e-06 0.00277504 -0.000590118 0.0014808 0.000654885 0.000110683 -0.00059631 0.00721465 -8.60125e-05 -0.000104064 6.20332e-06 3.28905e-08 -1.0724e-05 -1.14796e-05 1.24294e-06 -1.44568e-06 -2.43548e-06 2.91991e-07 -1.40181e-07 -3.89535e-06 9.12509e-09 -4.25324e-05 -0.000220251 -1.77521e-06 0.0006354 -0.00261107 0.00122007 0.000213847 -0.00114111 -5.52759e-06 -7.16469e-05 -5.25244e-05 -0.000340223 1.13848e-05 2.71249e-05 -5.93621e-05 -4.94102e-06 0.00192625 7.32105e-06 0.00017766 -2.55542e-06 -2.79525e-05 0.000403703 -5.2453e-06 -2.7734e-05 -0.00467597 -1.02646e-06 1.37274e-09 0.000546216 -1.2049e-05 -0.000831379 -9.8255e-06 5.30848e-07 -0.00103277 -8.05828e-07 9.22161e-08 -3.18143e-07 -4.16002e-05 -0.000215445 3.88466e-05 -0.000192324 1.29648e-05 1.63922e-07 -1.93286e-05 -0.000440004 -0.00070459 -1.65279e-05 -2.50746e-06 1.54232e-08 -0.000102725 -2.13028e-05 -2.22682e-05 5.98943e-07 -1.99596e-06 -7.13907e-06 0.000157776 -5.80171e-06 -0.000314504 -0.0016574 1.96984e-06 0.00245483 -0.000333635 0.00108697 -2.266e-06 -8.37069e-05 -0.000372961 0.000438376 -0.000331416 
-1.20838e-09 -0.000131625 6.23984e-07 1.6744e-07 9.55618e-07 -3.05146e-05 -8.35658e-09 -2.09808e-05 -1.49029e-05 -9.53334e-05 -1.72748e-08 2.65045e-05 1.28531e-06 -4.9003e-05 -1.64309e-05 -9.05807e-05 -0.000207053 -0.000794806 -4.45667e-05 -8.60125e-05 0.00152941 -2.18913e-06 -9.48628e-07 -3.31564e-07 -1.14811e-06 -4.58625e-07 -7.45596e-07 1.18214e-05 -9.55645e-08 -6.15425e-08 -5.5824e-09 -4.54761e-08 -2.5342e-08 -0.000300093 6.64095e-06 -2.08473e-07 0.000676165 0.000602656 0.000106138 -0.000839581 0.000297273 -2.48792e-05 -2.8657e-06 1.28907e-06 2.82005e-05 3.5889e-06 5.77019e-07 8.54435e-07 -6.16106e-08 0.000180382 -2.27915e-06 -2.34526e-05 -1.9854e-07 1.23141e-05 -0.000124723 -2.16606e-06 -1.16018e-07 -0.000230642 6.76928e-05 -2.89332e-10 -0.000530191 -6.71164e-07 2.15573e-05 1.16356e-06 -1.11886e-07 -2.43801e-05 3.44081e-08 -1.94363e-08 9.694e-05 3.84193e-06 0.000107655 -2.33605e-05 1.56929e-06 -0.000143059 -3.45496e-08 8.52751e-05 -1.01761e-05 0.00039827 -1.39901e-06 1.02718e-07 -3.25073e-09 -3.32413e-06 1.4631e-05 1.15215e-07 1.18033e-06 6.75132e-07 5.81389e-07 -6.19095e-05 -2.77418e-08 -1.83155e-05 6.04504e-05 -7.57096e-07 -0.000160821 3.92911e-06 0.000375362 5.35184e-08 -1.58935e-06 -0.000641029 3.23084e-05 1.01919e-07 
-1.96865e-09 -0.000230624 -5.14346e-08 -3.04757e-06 -2.71425e-07 -3.34991e-05 -1.36142e-08 6.65871e-05 0.000407912 3.90947e-05 1.38523e-07 -1.03098e-05 -9.47117e-07 -0.000298879 -2.21761e-05 0.000154997 0.000208681 2.06608e-05 0.000297083 -0.000104064 -2.18913e-06 0.00248925 -2.12834e-06 -7.49522e-07 8.49035e-07 7.75048e-07 1.87824e-05 -3.21876e-06 3.10977e-07 2.22196e-06 -9.09463e-09 6.92579e-07 -4.12863e-08 -0.000248106 -1.1342e-05 -3.33016e-07 -0.000474235 -0.000268559 -0.000905077 0.000371408 -0.00046115 -3.2162e-06 6.416e-06 -1.51887e-06 0.000202732 -1.3564e-05 0.000311708 4.98095e-06 -1.00374e-07 -0.000699747 4.60713e-06 -4.15505e-05 7.15557e-06 3.27424e-06 -9.95815e-05 -2.83997e-06 2.18629e-05 -0.000318973 1.44971e-05 -4.71368e-10 -0.000978462 -1.09344e-06 2.0099e-05 1.14745e-05 2.06608e-07 -6.95319e-05 3.9564e-07 -9.44262e-09 0.000328046 1.16184e-06 -2.28772e-05 4.63529e-05 -2.21885e-06 0.000108531 3.99269e-07 5.40617e-06 -1.21161e-05 -0.00011191 -7.8124e-07 1.53489e-06 -5.29596e-09 4.85825e-06 -8.02417e-07 -4.45859e-07 1.51311e-05 -5.8616e-08 3.29401e-06 -4.54107e-05 -4.51959e-08 -4.95309e-05 -0.000315659 -1.11121e-06 0.00086895 3.15939e-05 -0.000224665 1.97835e-08 8.18606e-07 0.00025468 -0.000259985 -7.96083e-07 
-7.74689e-10 0.000131325 4.24204e-07 -7.2842e-07 -1.06809e-07 1.60829e-05 -5.35736e-09 -1.72098e-05 -1.66134e-05 5.94171e-05 -1.10748e-08 2.96577e-05 1.12273e-05 1.33333e-05 6.88488e-06 6.86846e-05 -0.000220386 -7.87493e-05 -2.36972e-05 6.20332e-06 -9.48628e-07 -2.12834e-06 0.000981036 3.59739e-06 -8.204e-07 2.39312e-07 2.49665e-06 7.30044e-07 1.72067e-07 8.93879e-07 -3.57884e-09 -2.91545e-08 -1.62466e-08 1.79083e-07 -3.80631e-06 -1.83514e-07 0.000297551 -9.71188e-06 -0.000329254 -0.000252525 -0.000243393 -1.89791e-06 -3.7924e-06 -8.11939e-07 -1.06379e-05 8.87584e-05 1.48198e-05 -8.61978e-08 -3.94982e-08 0.00029378 3.46247e-07 7.4439e-05 -1.26431e-07 -2.33127e-07 -6.68956e-06 -1.15531e-06 2.07518e-06 -0.000272421 -3.30799e-06 -1.85489e-10 0.000153923 -2.08057e-07 -5.62369e-06 -1.58702e-07 2.09494e-06 -7.71355e-06 -8.47902e-08 -1.24605e-08 -5.55524e-05 8.62196e-07 4.98064e-05 7.11555e-06 7.72619e-07 -2.78344e-05 -2.21496e-08 3.19133e-06 -6.16861e-06 -4.22174e-05 8.27933e-06 -1.25041e-08 -2.08402e-09 -2.31629e-06 2.28698e-06 -1.75451e-07 -3.3316e-07 -2.30661e-08 3.69203e-06 2.41427e-05 -1.77851e-08 -2.28735e-05 -0.000564025 1.16924e-05 -0.000347171 -7.87849e-07 0.00022327 -7.9662e-08 -1.72413e-06 -3.00451e-05 2.17449e-05 -5.18769e-07 
-2.96657e-10 1.63752e-05 -7.75069e-09 -3.60002e-07 -4.09011e-08 -8.21416e-06 -2.05153e-09 2.11972e-05 -5.48614e-06 -6.8481e-07 -4.24095e-09 8.18561e-06 -1.42721e-07 -2.78168e-05 -2.16155e-06 -7.37675e-05 -7.46289e-05 -0.000139474 -1.28363e-05 3.28905e-08 -3.31564e-07 -7.49522e-07 3.59739e-06 0.000375903 8.78348e-06 6.76297e-07 5.88928e-06 3.08604e-06 2.76539e-07 -1.51086e-08 -1.37047e-09 -1.11643e-08 -6.22145e-09 -0.000146857 4.0547e-05 -7.02744e-08 0.000166313 -4.70552e-05 7.19362e-05 -0.00022841 -0.000103043 -7.14702e-06 4.21986e-06 -3.10922e-07 -6.60433e-07 3.63488e-06 1.15809e-05 -3.30083e-08 -1.51253e-08 0.0001585 -5.9499e-07 1.68159e-05 -5.69248e-08 5.4406e-07 2.91892e-06 1.61268e-06 6.45575e-06 -4.15389e-05 1.07941e-06 -7.10306e-11 -0.000211057 -1.31437e-07 5.13642e-06 3.9227e-08 4.46142e-06 2.69506e-05 -3.24693e-08 1.22856e-06 -2.39832e-05 5.00184e-07 5.63943e-05 -1.43254e-06 -8.03508e-08 -4.87889e-05 1.47074e-07 1.14393e-05 1.30268e-05 6.72627e-05 -7.46364e-07 -4.7883e-09 -7.9805e-10 2.0019e-06 5.86126e-06 -6.71866e-08 -1.27579e-07 1.35612e-07 3.14685e-05 -1.746e-05 -6.81058e-09 3.74733e-05 -7.97274e-05 -1.85866e-07 -4.41874e-05 -8.10384e-07 8.39013e-05 6.69494e-07 2.48421e-06 -9.66879e-05 0.000167511 -1.98656e-07 
-7.57254e-10 0.000251597 -1.97846e-08 -1.28766e-06 5.06706e-07 -1.17788e-05 3.94763e-07 9.13154e-05 -1.66455e-05 -3.90028e-05 -1.08255e-08 4.2544e-05 -3.64314e-07 -0.00048223 2.83575e-05 -0.000423314 -0.000470526 -1.28463e-05 2.59484e-05 -1.0724e-05 -1.14811e-06 8.49035e-07 -8.204e-07 8.78348e-06 0.000958979 1.8126e-06 -2.36721e-07 0.000206666 9.56685e-08 4.72544e-07 -3.4983e-09 -2.84984e-08 2.61897e-07 -0.000340101 1.95294e-05 -1.79384e-07 0.000327034 6.23498e-05 -0.000233234 -0.000453331 7.53524e-05 -2.30873e-05 4.23305e-05 6.90633e-06 -1.66308e-05 5.90232e-07 -1.10624e-05 -8.42579e-08 1.94724e-07 0.000451543 -1.51879e-06 1.42041e-05 1.93247e-06 5.45307e-09 2.03666e-05 4.8587e-05 1.7353e-06 0.000606726 -4.61015e-06 -1.81314e-10 -0.000206981 -4.28184e-08 5.17518e-05 -1.55131e-07 3.88544e-06 0.000288407 2.61562e-07 -1.21801e-08 -3.4379e-05 -4.63136e-08 5.66202e-05 -3.0761e-05 1.07668e-05 -8.40778e-05 1.47835e-06 2.03476e-06 -8.37044e-07 -3.67155e-05 -1.36308e-06 7.65555e-07 -2.03712e-09 -1.9086e-06 1.12716e-05 3.25072e-06 4.9656e-07 -2.2547e-08 -1.65388e-06 -1.0662e-05 -1.73849e-08 -2.14876e-05 0.000304188 -4.74447e-07 -0.00040928 -2.18206e-06 -0.000393135 -7.78692e-08 6.01591e-05 -0.000358886 5.61523e-05 5.26239e-07 
-2.36202e-10 -1.03241e-05 -6.1712e-09 -1.12758e-07 -3.25659e-08 1.44868e-06 -1.63345e-09 5.90282e-05 -5.22071e-06 -1.84028e-05 9.74401e-07 -1.55807e-06 -1.13636e-07 2.63514e-06 6.61722e-06 -3.67182e-05 2.54957e-05 -7.12606e-06 3.59792e-05 -1.14796e-05 -4.58625e-07 7.75048e-07 2.39312e-07 6.76297e-07 1.8126e-06 0.000299321 1.02769e-06 -4.88842e-07 8.03542e-07 -1.20297e-08 -1.09119e-09 6.88886e-08 -4.95359e-09 3.5675e-06 2.39524e-06 -5.59533e-08 -3.89119e-05 -8.47484e-05 0.00013225 2.59443e-05 -0.000175243 -3.49757e-06 -7.9167e-07 1.908e-06 2.41377e-05 6.83124e-06 -9.38429e-07 -2.62816e-08 3.24015e-08 -7.46655e-05 4.26262e-07 -8.30513e-06 -4.53242e-08 -7.10802e-08 -2.42015e-05 7.66027e-08 -6.17718e-08 -1.79071e-05 4.91277e-06 -5.65554e-11 -0.000157872 4.65858e-08 -2.47217e-06 -4.83882e-08 -2.18703e-08 -1.24779e-05 -2.58525e-08 -3.79919e-09 -1.44881e-05 -3.52407e-08 -3.97841e-06 -1.47067e-06 -7.80357e-07 5.13294e-05 -6.75338e-09 -4.27707e-08 4.12194e-05 1.00286e-05 -6.29652e-07 -3.8125e-09 -6.35417e-10 -7.06234e-07 -3.93563e-07 -5.34948e-08 3.42864e-07 1.81856e-07 3.53897e-06 -1.21062e-06 -5.42267e-09 -3.27563e-06 -0.000167654 1.86777e-08 -2.2235e-05 -5.13958e-07 8.78696e-05 -2.42889e-08 2.79654e-06 3.5932e-05 3.94319e-05 -1.58172e-07 
-3.95444e-10 3.19733e-05 -1.03317e-08 1.04054e-05 -5.45211e-08 -4.32724e-06 -2.73469e-09 5.24498e-07 0.000126656 -1.41231e-05 1.83236e-07 1.08931e-05 -1.90247e-07 -2.5223e-05 -3.40644e-06 -4.64704e-05 -2.58056e-05 1.67384e-07 -9.41292e-06 1.24294e-06 -7.45596e-07 1.87824e-05 2.49665e-06 5.88928e-06 -2.36721e-07 1.02769e-06 0.000501015 3.33715e-06 -3.12735e-08 7.57638e-07 -1.82684e-09 -1.48821e-08 -8.29318e-09 -0.000112582 7.43382e-06 -9.36756e-08 9.2265e-05 -0.000106957 -2.21242e-05 -7.45662e-05 -7.483e-05 -5.22214e-06 1.34233e-05 2.473e-05 2.62443e-05 3.99176e-05 0.000162295 -4.40001e-08 -2.01621e-08 2.30226e-05 5.62435e-07 -1.01455e-05 4.68564e-07 -1.19001e-07 -0.000153241 4.46714e-07 -1.03417e-07 -0.000135971 2.67065e-05 -9.46837e-11 -0.00021329 -2.19638e-07 -1.93185e-06 1.89897e-08 3.85607e-07 -7.52353e-06 -4.32816e-08 -6.36052e-09 5.41647e-05 -5.89991e-08 -2.09614e-07 -1.57593e-06 -1.00308e-06 -3.77451e-05 -1.13063e-08 1.07525e-05 1.04067e-06 4.07453e-05 -7.63693e-08 -6.3828e-09 -1.0638e-09 4.31621e-05 1.23e-06 -8.95596e-08 1.70633e-05 -1.17742e-08 7.76573e-06 -5.57759e-06 -9.0785e-09 9.40053e-05 -0.000272577 -2.47759e-07 0.000111876 -1.01726e-06 0.000102622 2.59336e-07 -8.80091e-07 -0.000218901 -2.85964e-05 -2.64808e-07 
-1.288e-09 0.00103252 1.44126e-07 2.98761e-06 2.07797e-06 -4.29686e-06 -8.90716e-09 0.000126879 -3.55812e-05 -4.67654e-05 -1.8413e-08 2.06968e-05 -6.41001e-08 -0.000514482 -1.81871e-05 -0.00107599 -0.00115636 -2.87814e-05 -3.98514e-05 -1.44568e-06 1.18214e-05 -3.21876e-06 7.30044e-07 3.08604e-06 0.000206666 -4.88842e-07 3.33715e-06 0.00163001 7.59168e-08 4.34403e-07 -5.9502e-09 -4.84724e-08 3.72988e-07 -0.000467017 3.67992e-05 1.72667e-07 0.000254833 0.000253092 -0.000702607 -0.00119593 0.000393716 -0.000109936 3.3014e-05 8.55007e-06 -2.65961e-05 8.97377e-05 1.8627e-05 2.33538e-08 6.00997e-07 0.000927151 -2.58328e-06 0.000108927 1.48862e-05 6.45736e-07 3.27347e-05 0.000106847 5.18716e-07 0.000632699 -6.91588e-06 -3.08395e-10 -0.000123668 -2.82052e-07 0.000315116 -2.63859e-07 8.35852e-06 0.000871181 1.25694e-07 -2.07169e-08 -0.000104705 7.52278e-07 0.000250651 -5.72463e-05 1.72461e-06 -0.000152078 1.94095e-06 2.28227e-05 4.94566e-06 2.10289e-05 1.65888e-05 2.56988e-07 -3.46491e-09 2.28226e-06 9.19836e-06 3.48607e-06 3.7942e-07 -3.83498e-08 4.9059e-06 -2.88705e-05 -2.95696e-08 -2.69526e-05 0.000287915 -1.18089e-07 -0.000688358 2.1108e-06 -0.000540592 1.78665e-07 1.03668e-05 -0.00106517 0.000433278 5.70826e-07 
-4.92179e-11 1.56011e-05 -1.2859e-09 -8.36919e-08 -6.78583e-09 1.28165e-06 -3.40366e-10 1.91844e-05 -2.72262e-07 -3.76374e-07 -7.03608e-10 5.66959e-07 -2.36787e-08 -3.33302e-06 -5.91926e-07 -2.7458e-05 -1.28142e-05 -3.19245e-05 -2.63358e-06 -2.43548e-06 -9.55645e-08 3.10977e-07 1.72067e-07 2.76539e-07 9.56685e-08 8.03542e-07 -3.12735e-08 7.59168e-08 6.2385e-05 -2.50665e-09 -2.27373e-10 -1.85226e-09 -1.03219e-09 -9.82071e-07 -2.0523e-07 -1.16591e-08 -1.03521e-05 -1.05271e-05 3.27819e-06 -4.43313e-05 -1.25535e-05 -2.09346e-06 1.11373e-06 -5.15845e-08 9.07152e-07 1.08148e-05 -4.23439e-07 -5.47636e-09 -2.50942e-09 -1.09318e-05 2.35084e-08 1.23759e-05 -9.44429e-09 2.29633e-07 5.76339e-07 1.16733e-06 2.09351e-07 3.14151e-06 1.72575e-06 -1.17846e-11 -7.03677e-06 -2.73367e-08 1.51071e-07 -1.00827e-08 -4.55716e-09 4.08884e-06 -5.38693e-09 -7.91646e-10 -2.57703e-06 2.61488e-06 3.34433e-07 1.63363e-05 -1.71865e-07 -5.6909e-06 -1.40722e-09 1.51264e-07 1.81979e-05 -2.21451e-06 -1.31202e-07 -7.94419e-10 -1.32403e-10 -1.47159e-07 -8.20074e-08 -1.11468e-08 -2.11665e-08 -1.46545e-09 1.51596e-06 1.6113e-05 8.7759e-08 5.51722e-06 -2.07755e-05 2.63583e-06 -5.02522e-06 -1.19601e-07 -2.12045e-05 -5.06113e-09 -2.06494e-08 -4.63564e-07 3.62904e-05 -3.29587e-08 
-3.16958e-11 7.29617e-06 -8.28109e-10 5.68326e-07 -4.37e-09 -3.44293e-07 -2.19192e-10 2.28945e-06 1.73233e-06 -2.1999e-06 -4.53116e-10 -2.45716e-07 -1.52488e-08 -1.26672e-05 -4.95681e-07 -8.43245e-06 -1.21201e-05 -3.05813e-06 -1.86057e-06 2.91991e-07 -6.15425e-08 2.22196e-06 8.93879e-07 -1.51086e-08 4.72544e-07 -1.20297e-08 7.57638e-07 4.34403e-07 -2.50665e-09 4.01762e-05 -1.46426e-10 -1.19283e-09 -6.64719e-10 -5.097e-06 9.53347e-07 3.03603e-07 8.96673e-06 -7.8534e-06 -1.2378e-05 -2.34058e-05 1.28817e-05 -8.27432e-07 7.59331e-07 1.33447e-07 -6.16758e-07 -8.6123e-08 4.207e-06 -3.52672e-09 -1.61604e-09 1.30459e-05 -6.35706e-08 1.37332e-05 -6.08202e-09 -9.5382e-09 -1.6033e-06 1.87629e-07 -8.28912e-09 7.4867e-06 -1.98079e-07 -7.58914e-12 -6.50922e-06 3.2684e-07 -5.03049e-08 -6.49318e-09 -2.93476e-09 6.10338e-06 1.8542e-07 -5.09811e-10 1.93755e-06 -4.72892e-09 6.48307e-06 1.14142e-06 -1.1068e-07 -5.16293e-06 -9.06232e-10 9.39237e-07 -3.25026e-07 -1.89611e-06 -8.44925e-08 -5.11597e-10 -8.52662e-11 6.83009e-07 -4.17008e-08 -7.17843e-09 -1.3631e-08 -9.43731e-10 5.92551e-08 1.34701e-06 -7.27664e-10 2.17645e-07 5.17901e-07 -1.98585e-08 -4.16046e-06 -9.13326e-08 -1.55783e-05 -3.25931e-09 9.18347e-07 -2.86855e-05 1.58225e-05 -2.1225e-08 
-2.87506e-12 -2.98454e-07 -7.5116e-11 -4.88886e-09 -3.96394e-10 9.28118e-09 -1.98825e-11 -6.64679e-08 3.10258e-07 -1.57021e-07 -4.11012e-11 -3.43828e-08 -1.38319e-09 3.70461e-08 -4.49622e-08 -6.6218e-08 6.61189e-08 -2.57252e-08 2.012e-08 -1.40181e-07 -5.5824e-09 -9.09463e-09 -3.57884e-09 -1.37047e-09 -3.4983e-09 -1.09119e-09 -1.82684e-09 -5.9502e-09 -2.27373e-10 -1.46426e-10 3.64443e-06 -1.082e-10 -6.02953e-11 5.16736e-08 -2.23734e-08 -6.81066e-10 -1.17718e-06 -9.31663e-07 -1.42416e-06 -2.73977e-07 4.21395e-07 5.57462e-09 6.30022e-08 -3.01331e-09 -3.4012e-10 1.13427e-07 -4.87502e-08 -3.19901e-10 -1.46588e-10 -1.20326e-06 -5.76636e-09 4.47703e-07 -5.51688e-10 -8.65191e-10 -5.09874e-08 -5.15361e-09 -7.51889e-10 -9.4864e-08 1.15366e-07 -6.88395e-13 1.13095e-06 -1.59687e-09 -3.07676e-08 -5.88983e-10 -2.66206e-10 3.70074e-08 -3.14678e-10 -4.6244e-11 2.01463e-08 8.84599e-08 -4.9913e-08 3.0438e-09 -1.00395e-08 8.25732e-07 -8.22025e-11 -3.49599e-09 -3.45218e-08 -1.78039e-07 -7.66415e-09 -4.64059e-11 -7.73432e-12 -8.59631e-09 -4.79046e-09 -6.51141e-10 -1.23644e-09 -8.5604e-11 -1.07509e-08 -4.18028e-08 -6.60049e-11 -1.1128e-07 -2.42845e-07 -1.80133e-09 6.5688e-07 -8.28459e-09 -6.84022e-07 -2.95645e-10 7.13791e-08 -1.39144e-07 -4.46461e-07 -1.92528e-09 
-2.34212e-11 6.70961e-06 -6.11921e-10 -3.98263e-08 -3.22916e-09 7.78482e-06 -1.61969e-10 3.63631e-06 -6.23211e-07 -1.62549e-06 -3.34825e-10 1.97684e-07 -1.12679e-08 5.14798e-07 5.59448e-08 -7.52073e-06 -2.66679e-06 -1.17894e-06 9.91404e-06 -3.89535e-06 -4.54761e-08 6.92579e-07 -2.91545e-08 -1.11643e-08 -2.84984e-08 6.88886e-08 -1.48821e-08 -4.84724e-08 -1.85226e-09 -1.19283e-09 -1.082e-10 2.9688e-05 -4.91186e-10 -9.12382e-07 1.42885e-06 -5.54819e-09 -8.55639e-06 -5.26173e-06 -1.05334e-05 -1.46774e-05 -6.52869e-06 -2.83236e-06 1.79074e-06 7.54526e-08 3.90807e-06 -1.62165e-07 5.84198e-08 -2.60602e-09 -1.19415e-09 1.87561e-06 -4.69747e-08 4.99917e-06 -4.49424e-09 7.48507e-07 -8.51404e-07 2.66913e-06 -6.12515e-09 2.02233e-06 8.64743e-07 -5.6079e-12 -5.89477e-06 -1.30087e-08 2.38246e-07 -4.79805e-09 -2.16861e-09 1.40499e-07 -2.56347e-09 -3.76719e-10 -1.99875e-06 -3.49438e-09 -2.95497e-07 2.94172e-07 1.84881e-07 1.72855e-05 -6.69649e-10 4.49298e-07 1.79655e-06 -1.45037e-06 -6.24347e-08 -3.78039e-10 -6.30064e-11 -7.00285e-08 1.72086e-07 -5.30441e-09 8.99275e-08 -6.97359e-10 -8.75809e-08 1.38622e-05 -5.37699e-10 -1.84306e-07 -1.75853e-05 -1.46742e-08 -9.31739e-06 1.88066e-07 -9.28555e-06 1.0087e-06 -5.21258e-08 -8.26468e-06 7.21853e-06 9.54271e-08 
