0.0020801 1.28218e-05 6.70717e-05 -0.000130068 -7.13505e-07 -0.000589845 -5.96346e-06 0.000852707 -0.000634716 -1.13372e-05 0.000128537 0.000815125 1.17035e-05 -3.19527e-05 -6.2867e-06 1.71077e-06 -1.47726e-06 2.18245e-07 -0.000973515 -6.2117e-05 -1.10272e-05 2.69891e-07 0.000476179 0.000177734 -8.62799e-05 8.154e-05 -2.46897e-06 0.000608277 2.6753e-05 -3.23667e-06 0.000122908 -0.000693378 -4.71566e-05 4.52673e-05 -1.46064e-06 -0.00010564 -0.00022419 -0.00062402 -7.46346e-06 -7.68744e-06 1.33172e-05 -3.24778e-05 -1.84681e-05 -8.47226e-07 4.29068e-07 9.75807e-06 -2.29431e-05 0.00121441 -7.0284e-06 -1.03872e-05 -6.16576e-05 -9.44815e-05 5.48594e-05 0.000136707 0.000190277 0.000118591 1.20455e-05 -5.08255e-06 -0.000819171 -1.4952e-06 -0.000182359 -2.23605e-05 -0.000641794 3.16809e-05 0.000588501 1.34725e-06 0.000111751 -1.66987e-06 8.13184e-05 -0.000709587 -0.000305191 0.000242085 1.18195e-05 -0.000299963 -5.76458e-07 -0.000643059 -7.8836e-07 -0.00031614 0.000130187 1.51846e-05 0.000618607 -0.000263895 1.52845e-05 -4.86637e-05 -6.31248e-06 1.38847e-05 0.000315793 -0.000415153 0.00056946 8.56498e-05 -9.18546e-06 -0.000139623 1.56542e-05 2.32325e-05 -1.74934e-05 2.1253e-05 0.000201168 -4.96654e-07 -8.92308e-05 -0.000903594 
1.28218e-05 0.00462679 3.34529e-05 -0.000589882 0.000130413 -0.000426685 -9.06325e-06 0.000111083 -0.0022836 -0.000190744 -9.04023e-05 0.00294375 0.000173326 -0.000343313 4.02758e-05 0.000702787 3.49209e-06 -2.98226e-06 -0.0032521 0.000362503 2.59461e-05 3.74845e-05 -0.000160319 -5.20779e-05 -0.000912723 -4.63753e-05 0.000117415 0.000511201 0.00244165 7.89728e-05 0.000164064 -0.00206729 1.08393e-05 0.000159526 1.62592e-07 -0.00024837 0.000125432 -0.000129255 6.30932e-05 -3.56978e-05 0.000880974 -0.00273471 0.00134881 2.44133e-05 3.62745e-05 -6.82646e-06 -6.26293e-05 0.00251712 7.19167e-05 -2.32229e-05 0.000178596 -3.38831e-05 0.000733996 9.71708e-05 0.00239652 0.000195428 -1.47118e-05 -5.60233e-05 -0.00164128 -2.47879e-06 -0.00225117 -1.21655e-05 -0.00258605 1.5799e-05 5.15788e-05 -5.73527e-05 0.00140499 2.91539e-05 -2.06573e-05 -0.00151569 -0.000573796 0.00236137 0.00163688 -0.000172564 -2.47123e-06 -0.00266614 7.41923e-07 -0.00278149 -0.00142482 1.02479e-05 0.0011253 -0.000521361 2.44195e-05 0.000602522 0.000124016 0.000392463 -0.000495868 -0.00112792 0.0014963 0.00144512 -1.56246e-06 0.00141988 -7.0355e-07 2.52657e-05 0.000279203 0.000184868 0.00044177 1.71466e-06 -0.000688767 -0.00211411 
6.70717e-05 3.34529e-05 0.0235211 -0.00317475 0.000844966 -0.00372375 -5.44408e-05 0.00703154 -0.0115949 -0.0137505 -0.000712097 0.00932015 -3.51049e-06 -0.000878136 0.00244521 0.000808971 0.00010072 0.000119748 -0.0170414 0.0141573 0.00124239 -4.81712e-06 -0.00470047 0.000989188 -0.00480763 0.000259523 0.00020274 0.016704 0.01539 0.0020894 -0.00045502 -0.0128612 -0.000495743 0.00790487 0.000159664 0.00176479 -0.00506584 -0.01101 5.2856e-05 0.0102354 0.000747941 -0.0201778 -0.000125309 9.10328e-06 -5.21107e-05 0.00159299 5.95039e-05 0.0198113 0.00199247 0.00305687 0.000990547 0.0104027 0.00279838 0.000382701 0.0168446 -0.000222367 -0.000126384 -8.98472e-06 -0.0117326 1.19669e-05 -0.0137614 -0.000443783 -0.0163138 0.00151192 0.00478821 0.0102235 0.0192952 6.75824e-06 0.000495899 -0.00870528 -0.00369649 0.0189262 0.0141636 -0.00344625 0.000157675 -0.0191252 6.251e-06 -0.0174645 -0.00655856 1.70154e-05 0.0070989 -0.0141227 0.000138757 -0.00110585 -0.000475245 0.00039029 -0.00477647 -0.00749847 0.0117023 -0.000127148 -3.52172e-05 -0.00187717 -5.36819e-05 0.000370558 -0.000248015 0.000580149 -0.00614814 8.33017e-05 -0.000709459 -0.0146303 
-0.000130068 -0.000589882 -0.00317475 0.116355 -0.00015435 -0.0337135 -0.00034744 0.0233767 0.00282348 0.00229635 -0.00188094 -0.00984245 0.000660032 0.0147264 -0.000495379 -0.00512525 -7.30438e-05 0.000203846 0.00466868 -0.00448233 -0.00026853 -9.63338e-05 0.026986 0.00180301 -0.000333889 -0.00147949 -0.000201222 -0.00433482 -0.00847356 -0.00123399 -0.00343114 -0.0376734 0.000676137 -0.00213525 -6.52537e-05 -0.00187294 -0.000462805 -0.0227937 -0.000661645 -0.0016792 0.00869046 0.00620034 -0.00109419 0.000225198 -0.000217978 -0.0002641 -0.00626148 -0.00789293 -0.00140659 -0.000639756 -0.00371903 -0.00661454 -0.00156532 -0.000911473 -0.00925131 -0.00151415 -0.000320619 4.09865e-05 -0.0165004 6.15423e-05 0.00306199 -0.00177816 -0.0267877 -0.000909818 -0.00107162 -0.00176799 -0.00673961 -8.47447e-05 0.000659539 -0.00322982 0.00133838 -0.00829546 -0.00996873 -0.0182855 -8.4572e-05 0.0179132 -3.79409e-05 0.00534247 0.0119547 1.10377e-05 0.00717647 0.0209132 3.06653e-05 -0.000612428 -0.00701109 -0.000770321 0.0125801 -0.0329111 -0.00558897 0.000146584 -0.000407029 -0.010193 8.10199e-05 -3.72819e-05 -0.000625475 -0.000144373 -0.00591974 -3.10067e-05 0.0251255 0.0325453 
-7.13505e-07 0.000130413 0.000844966 -0.00015435 0.00123629 -0.000395688 1.82944e-06 -0.000414432 -0.000487498 -0.000805466 3.14968e-05 5.54731e-05 1.51748e-05 -8.49727e-05 0.000328076 6.78316e-05 2.34148e-06 2.68836e-05 -0.000869651 0.000298239 4.34876e-05 1.1402e-05 -0.000232194 3.57941e-06 -0.000300676 3.33623e-05 1.76226e-05 0.000731404 0.000561849 3.90553e-05 -2.7375e-05 -0.000523871 3.3611e-05 0.000532689 5.281e-05 0.000110785 -0.000227377 -0.000272667 5.12129e-06 0.000652924 -4.69287e-05 -0.00094734 0.000201266 3.79122e-06 3.10188e-06 0.000232178 -6.35705e-05 0.000831581 9.83308e-06 0.000265621 0.000123584 0.000649884 2.51172e-05 -2.70233e-06 0.000747921 0.000106802 -5.59538e-06 1.26282e-05 -0.000684794 -5.65681e-07 -0.000676642 8.38594e-06 -0.000673896 5.83613e-05 0.000253902 0.000625776 0.000791817 3.27503e-06 7.53249e-05 -0.000262731 -0.000181043 0.000709267 -2.05268e-05 -8.17247e-05 4.96073e-06 -0.000945462 1.31842e-07 -0.00084653 -0.000310988 -2.04671e-07 -6.85271e-05 -0.00069168 1.39598e-05 0.000120589 8.58629e-05 1.17979e-05 -0.0002942 -0.000136517 0.000158927 6.27694e-06 -5.0041e-06 0.000119044 -5.10471e-06 5.77053e-05 -1.09917e-05 0.000135584 -0.000141138 1.59828e-05 0.000322176 -0.000759793 
-0.000589845 -0.000426685 -0.00372375 -0.0337135 -0.000395688 0.231256 -0.000146566 -0.0278786 0.05272 0.00418062 -0.00949185 -0.00137392 -0.000729977 7.7301e-05 -2.81207e-05 -0.0065276 0.000127534 -0.000214114 0.0232767 0.000945716 -0.00184989 0.000265063 -0.0267636 -0.00249928 -0.00934902 -0.00462247 0.000172112 -0.0046659 -0.00622812 -0.00119354 -0.00620105 0.0337922 -0.00224411 -0.00403009 -0.000285043 0.0100719 0.0222438 0.0238791 -0.00156148 -0.0044018 -0.00862876 0.00126402 -0.00267975 -4.95063e-06 -0.000733585 -0.000460813 -0.00330972 -0.0249991 0.00305634 -0.00102736 0.00192965 -0.00859091 -0.00145382 0.00519476 -0.0155666 0.00113159 0.000674904 0.000431471 -0.00197759 -1.40499e-05 0.00194266 0.000940093 -0.00536832 -0.00111354 -0.00334101 -0.00446259 -0.00520153 0.00024479 -0.00028639 -0.0621091 0.00477123 -0.00674937 -0.00604288 -0.0261388 0.0001241 0.0248771 7.85524e-05 0.0168768 -0.0150037 -3.76436e-05 0.000972408 -0.0299417 -0.000118813 -0.015004 0.00711983 -0.00194811 0.0269783 0.0176712 -0.00480638 -0.00722128 0.00092867 -0.00265606 -0.000839956 -0.000123646 -0.00293066 1.52753e-05 -0.0197709 -4.55683e-05 -0.013177 -0.0552106 
-5.96346e-06 -9.06325e-06 -5.44408e-05 -0.00034744 1.82944e-06 -0.000146566 0.00317065 0.00107062 0.00121071 -0.00025732 0.00171335 0.000433374 -1.22857e-05 0.00125695 5.46418e-06 -0.000100023 2.81417e-05 2.03771e-07 0.000156597 -4.96079e-05 6.09122e-06 -4.15368e-06 -0.000625487 -3.18019e-05 -0.000735396 0.000240236 1.21603e-05 -2.52641e-05 -5.15907e-05 -2.9006e-05 -3.41516e-05 0.000984774 -5.17657e-05 -9.79094e-06 5.75779e-06 -0.000125886 7.76737e-05 -0.00100768 -1.75368e-05 -4.09103e-05 -0.000120735 -0.000367412 1.60432e-05 8.08207e-07 0.000306607 -6.00813e-06 2.59827e-05 -0.000167097 0.000113581 -1.08089e-05 -0.00010252 -0.00012986 -2.65938e-05 2.55887e-05 5.81197e-05 -3.50377e-05 -1.8269e-05 2.89976e-05 -0.00160735 -2.04827e-06 -0.0012123 -2.02946e-05 0.000334592 0.00053447 -6.26592e-05 -4.04838e-05 4.06311e-05 2.46296e-06 -1.58905e-05 0.000567798 -0.000230048 -3.0869e-05 0.000171634 -0.000573766 -1.25185e-06 -0.000186348 -6.58557e-07 0.000314365 0.00127833 1.28077e-07 -0.000291759 -0.00160145 -7.22551e-07 -9.55093e-05 -0.00019241 -1.34278e-05 -0.000334668 9.80624e-05 -0.000156244 -5.60019e-05 -9.02955e-06 -0.000206362 -1.22346e-05 1.23714e-06 -3.23745e-05 -3.35217e-06 -0.00030671 7.05324e-06 -0.000366056 -0.00188132 
0.000852707 0.000111083 0.00703154 0.0233767 -0.000414432 -0.0278786 0.00107062 0.248589 -0.0461388 -0.00496582 0.0162477 0.0207836 -0.000382595 0.0167252 -0.000947188 -0.00521006 -0.000244628 5.73296e-05 -0.0135274 0.0068777 -1.5852e-05 -0.000627292 0.0677066 0.00457618 0.0643564 0.00314831 4.16881e-05 0.0189379 0.020799 0.000237533 -0.00320464 -0.0311445 -0.00906537 0.00295264 -0.000284685 0.00368988 0.0482031 -0.148484 0.000969809 0.00193561 -0.0030512 -0.011548 -0.00552919 -0.000328014 0.000632524 -0.000353136 -0.0107668 0.0492666 0.000904051 -0.00100839 -0.0135909 -0.00642412 0.00496541 0.000450263 0.0221372 -0.00352826 -0.00153941 -0.0025756 -0.0574324 7.6914e-05 -0.0252694 -0.00686215 -0.0431912 0.00171377 0.00746695 0.00320504 0.0189791 -0.00032636 0.000869309 -0.0726987 -0.0646058 0.0222608 0.0203605 -0.0590113 -4.18358e-05 -0.0196614 -0.000134431 0.0176831 0.0810514 4.43361e-05 0.0460891 -0.00144117 -0.000220632 -0.0308148 -0.00680314 0.00245816 0.0622178 -0.0880534 0.0227716 -0.00236513 -0.00137541 -0.0307905 0.000556334 -9.56436e-05 0.00175464 -0.000266052 -0.0906882 -8.3449e-05 0.025254 -0.0374348 
-0.000634716 -0.0022836 -0.0115949 0.00282348 -0.000487498 0.05272 0.00121071 -0.0461388 0.243177 0.00937221 0.0178152 -0.0382045 -0.00138359 0.0215213 -0.000745913 -0.0176596 0.000161976 3.33242e-05 0.0509666 -0.0139871 -0.00120603 0.00013909 -0.0544309 -0.0062706 -0.0599359 0.0028845 -0.000216092 -0.0177411 -0.0225534 -0.00431931 -0.00812678 0.101438 -0.00497505 -0.0080134 -0.000110417 0.00867031 -0.0205947 0.0447892 -0.00302037 -0.00725333 0.00139884 0.0202515 7.698e-05 0.000302593 0.000216072 -0.00100735 -0.00478238 -0.0486445 -0.00545564 -0.00233901 -0.00191244 -0.0212314 -0.00665989 0.00249773 -0.0208734 -0.00317184 -0.000849029 -0.00110941 -0.0526584 -0.00028086 0.0505651 -0.00628139 0.0307648 0.000258569 -0.0100153 -0.00770639 -0.0205073 -0.000392637 -0.00126045 0.0130936 0.0228981 -0.0252624 -0.0322516 -0.0492677 -5.68118e-05 0.0452528 0.000113599 0.0478887 0.0481659 -7.04903e-05 -0.0405993 -0.0219229 -0.000263637 -0.00928288 -0.0306218 -0.0025261 -0.0319863 0.0249521 -0.0263241 -0.0134978 -0.00211104 -0.0132381 -0.00201165 -0.000160838 -0.0056308 -0.000506795 0.0369258 -7.50694e-05 -0.0027862 -0.0238661 
-1.13372e-05 -0.000190744 -0.0137505 0.00229635 -0.000805466 0.00418062 -0.00025732 -0.00496582 0.00937221 0.0240845 0.000321665 -0.00623888 -4.04259e-05 -0.000823282 -0.00292642 -0.00354416 -0.000261978 -0.000122935 0.0111833 -0.0124179 -0.00209379 -4.86376e-05 0.00199125 -0.0016921 0.00381611 -0.00173702 -0.000539069 -0.0117075 -0.0122082 -0.00249883 0.000396156 0.00941916 0.000198971 -0.0107676 -0.000153842 -0.00244304 0.00338343 0.0105742 -0.000114288 -0.00905625 0.000596281 0.0160031 2.64678e-06 -1.32978e-05 -8.51548e-05 -0.00148846 -0.00186904 -0.0143923 -0.0018519 -0.00366304 -0.00104073 -0.0111977 -0.000721882 0.000271461 -0.0128103 0.000211142 7.57236e-05 -0.000581902 0.0104412 -0.000150731 0.0122177 0.000255054 0.011363 -0.00325455 -0.00289572 -0.0109111 -0.0136482 -0.00018185 -0.000392599 0.00683748 0.00170039 -0.0137024 -0.0102836 0.00214617 -0.000313513 0.0158228 -0.000109749 0.0130561 0.00332777 -2.65735e-05 -0.000990236 0.0119641 -0.00016305 0.000274503 0.00163181 -0.00146244 0.0038034 0.00624978 -0.00505288 -2.86377e-05 -8.6322e-06 0.00166429 -5.56644e-06 -0.000380355 -0.000241985 -0.000687098 0.00663053 -0.000104905 -0.00167238 0.0100373 
0.000128537 -9.04023e-05 -0.000712097 -0.00188094 3.14968e-05 -0.00949185 0.00171335 0.0162477 0.0178152 0.000321665 0.0532995 0.00454969 0.000239703 0.0206293 0.000384036 0.000613531 4.91601e-05 0.00048618 0.00102777 -0.000278129 0.00121974 5.88832e-05 -0.0117255 0.000117667 -0.0126182 0.00615759 1.59805e-05 0.00264005 0.00532486 0.0022845 -0.00132258 0.00605956 -0.00129838 0.000237854 7.07293e-05 -0.00157097 -0.0109842 -0.0103082 -0.000212845 -0.000490626 -0.00243816 -0.00307609 -0.000325254 -3.71309e-05 0.0011293 9.98871e-05 -0.000773448 0.00291268 -0.000526051 -0.000134239 -0.00131938 -0.00184354 0.000116579 -0.000182083 0.00223526 -0.000550279 -9.20502e-05 -0.00046434 -0.0364921 -3.85769e-05 -0.0185802 -0.000226597 0.00690964 0.00132904 -7.60864e-05 -0.000711121 0.0044347 -3.80775e-05 -0.000157187 0.0196601 -0.00269734 0.00475606 0.0040989 -0.010618 -3.35646e-05 0.00111392 0.000132546 0.00910705 0.0300483 7.06008e-05 -0.00052141 -0.0345019 -3.90785e-05 -0.00256976 -0.00456264 0.000681912 -0.0101324 0.00140029 0.000867333 -0.00161029 -5.6949e-06 -0.00451285 0.00024139 0.0001274 -0.000657025 -5.27557e-05 -0.0113998 4.21793e-06 0.00114589 -0.0193657 
0.000815125 0.00294375 0.00932015 -0.00984245 5.54731e-05 -0.00137392 0.000433374 0.0207836 -0.0382045 -0.00623888 0.00454969 0.0872453 0.00100079 -0.00658651 0.000226362 0.0104897 -5.48586e-05 -6.09458e-05 -0.0398423 0.0173914 0.000814223 -8.76172e-06 -0.00704931 0.000393032 -0.0152877 -0.00137062 0.000828774 0.0255965 0.0335969 0.000395057 0.000993293 -0.0379586 -0.00162139 0.0091086 9.62528e-05 -0.00391311 0.00259501 -0.0143553 0.000411078 0.00549163 0.00162052 -0.0276723 0.000773239 6.14951e-06 0.00033084 9.57656e-05 -0.00511853 0.0361112 0.0001054 -8.485e-05 0.00311832 -0.000105819 0.00842339 -0.000768591 0.0283596 0.00263138 0.000706466 -0.000666563 -0.0298934 5.22506e-05 -0.0222158 -0.00100301 -0.0553678 0.00321439 0.00701741 0.00626318 0.0328533 -7.55532e-05 0.000201643 -0.0199135 -0.0149206 0.0378213 0.0421949 -0.011002 6.2111e-06 -0.0298027 -2.9491e-05 -0.0184825 -0.0144989 0.000102232 0.0155578 -0.0355691 0.000179558 0.00840658 0.0077169 0.00321169 0.00306214 -0.017875 0.0251408 0.0048862 0.001606 0.00905899 0.00204474 5.69309e-05 0.00128412 0.000321006 -0.0106115 3.04584e-06 -0.000461188 -0.0302126 
1.17035e-05 0.000173326 -3.51049e-06 0.000660032 1.51748e-05 -0.000729977 -1.22857e-05 -0.000382595 -0.00138359 -4.04259e-05 0.000239703 0.00100079 0.00494169 0.00062243 0.000169634 -0.000186682 1.50969e-06 8.3936e-05 -0.000239213 -0.0001177 8.59349e-05 1.0876e-05 0.000573434 -4.818e-05 -0.000509802 4.42134e-05 -8.2906e-06 -0.000194458 -0.000289371 0.000176775 -0.000109579 -0.00268913 -1.63888e-05 -7.52857e-05 2.62736e-06 -0.000167608 0.000133735 -0.000133592 1.93391e-05 1.46461e-05 -2.25996e-05 -0.000255347 0.000291043 1.69609e-05 -4.00673e-06 3.40408e-06 -0.00028815 -0.000579128 0.000161101 4.53202e-05 0.000171062 -8.93043e-05 -3.29925e-05 0.000413407 -0.000317442 0.000290749 4.1831e-05 4.21104e-05 -0.000404971 7.09113e-08 -0.00137883 -7.61071e-05 -0.0026676 -6.08136e-05 -7.02845e-05 -6.31128e-05 -0.000230747 8.21397e-07 1.5471e-05 0.000122978 -0.0008081 -0.00027296 0.000209967 -0.000701045 4.91034e-06 0.000717385 9.66611e-06 -0.000126401 0.000491467 7.37856e-06 0.000132617 -9.30677e-05 3.75063e-06 0.000225386 0.000213778 -2.7895e-05 0.000332492 -0.00112888 -0.000253442 0.00034444 8.99408e-05 0.000650079 0.000379207 6.87833e-06 0.000248765 6.62937e-06 -0.000533164 -9.27761e-07 0.0021667 0.000985698 
-3.19527e-05 -0.000343313 -0.000878136 0.0147264 -8.49727e-05 7.7301e-05 0.00125695 0.0167252 0.0215213 -0.000823282 0.0206293 -0.00658651 0.00062243 0.0702608 0.000594393 -0.00171586 7.80771e-05 0.000436358 0.00548928 -0.000888035 0.000531925 -7.45006e-05 -0.0150831 -0.000677238 -0.0140108 0.00137272 1.55819e-05 -0.00317998 -0.00197387 0.00206305 -0.00147943 0.00685286 0.00118754 -0.00113757 -6.11305e-05 0.00425494 -0.0188672 -0.0335301 -0.000410777 -0.000794764 -0.00311306 0.00142094 -0.00121509 -4.12626e-05 0.000848749 -7.75374e-05 -0.00295185 -0.00770519 -0.000180027 -0.000249916 -0.00229716 0.00176033 -0.000966637 0.00498129 -0.00396431 -0.000776696 -0.000174792 0.000837093 -0.0110594 1.15322e-06 -0.0334106 -0.00111146 0.0099923 0.000164832 -0.00155297 -0.00096445 -0.00320255 1.87697e-05 0.00040905 0.0293077 0.00859651 -0.00379502 -0.0032138 -0.00687157 0.000151125 0.00562319 8.80062e-05 0.00863362 0.0157336 2.08347e-06 -0.00194341 -0.0131441 -2.9533e-05 -0.00613021 -0.00394326 -0.000398119 -0.00877329 -0.0138953 -0.00372351 -0.00224935 0.000224094 -0.00384369 -0.000137171 2.1866e-06 -0.000891158 -5.76167e-05 -0.0154987 -2.44083e-06 0.00648654 0.00220906 
-6.2867e-06 4.02758e-05 0.00244521 -0.000495379 0.000328076 -2.81207e-05 5.46418e-06 -0.000947188 -0.000745913 -0.00292642 0.000384036 0.000226362 0.000169634 0.000594393 0.00389094 0.000597137 7.4529e-05 6.1905e-05 -0.00187343 0.00260016 0.000136237 1.38604e-05 -0.000790403 0.000343831 -0.000954351 0.000401711 0.000179208 0.00175618 0.00236075 0.00034065 -7.86755e-05 -0.00178375 -5.901e-05 0.00167715 4.42673e-05 -6.58464e-06 -0.00105659 -0.00171484 -1.10603e-05 0.00144201 5.58853e-05 -0.00295123 -4.55281e-05 1.6758e-05 -5.31672e-06 0.00108697 -0.000216325 0.00242776 9.168e-05 0.000505904 2.87247e-05 0.00244357 -1.22069e-05 0.000185711 0.00233118 -3.3032e-05 -1.87022e-05 0.000287462 -0.00245265 7.86928e-07 -0.00197995 -4.52774e-05 -0.00190952 5.01137e-05 1.44071e-05 0.0014444 0.00266769 4.10596e-05 1.71784e-05 -0.00105769 -9.22573e-05 0.00246905 0.000898948 -0.000224464 -1.97245e-06 -0.00254182 0.0001152 -0.00227702 -0.000346593 3.30622e-06 -0.000290405 -0.00247898 -2.30118e-06 -0.00029919 -0.00034154 7.59433e-05 -0.000765541 -0.000957748 0.000687685 7.97226e-05 6.35279e-07 -0.000285828 -1.52228e-05 6.48955e-05 -4.63969e-05 0.000391817 -0.00107739 9.26928e-06 1.58202e-05 -0.00237342 
1.71077e-06 0.000702787 0.000808971 -0.00512525 6.78316e-05 -0.0065276 -0.000100023 -0.00521006 -0.0176596 -0.00354416 0.000613531 0.0104897 -0.000186682 -0.00171586 0.000597137 0.0387384 -2.41216e-05 -1.96432e-05 -0.0178097 0.00869841 0.000743083 -1.69554e-05 -0.00802541 0.00107201 -0.00814628 -0.000219844 0.00066295 0.00747562 0.0162656 0.000976554 0.00020675 -0.0150413 0.00209874 0.00636755 4.17252e-05 -0.00187332 -0.0112817 0.00144779 -0.00021858 0.00149759 -0.000868312 -0.00814175 -0.000581146 -8.33013e-06 2.13631e-06 0.000299125 0.000790359 0.0123897 -0.000329974 0.000162319 0.00161842 0.00464161 -0.0003837 -0.00127473 0.00705227 6.16994e-05 0.000334659 0.000283333 0.000437611 -1.02008e-05 -0.0176903 -0.000705718 -0.00594836 0.000574973 3.38376e-05 0.00158104 0.00969655 6.68719e-05 -0.000138426 0.00472147 -0.00263139 0.0147016 0.0140229 0.0176438 0.000115878 -0.0186094 -3.00095e-06 -0.00730368 -0.0107344 3.87006e-05 0.00258677 -0.0165779 2.44431e-06 0.0044245 0.00801754 0.00267605 -0.00951972 0.00735089 0.00474492 -0.000758129 -0.000164429 -0.00120198 -5.90519e-05 9.86236e-06 -0.000415607 0.000375157 -0.00417367 1.10261e-05 -0.00727066 -0.00279447 
-1.47726e-06 3.49209e-06 0.00010072 -7.30438e-05 2.34148e-06 0.000127534 2.81417e-05 -0.000244628 0.000161976 -0.000261978 4.91601e-05 -5.48586e-05 1.50969e-06 7.80771e-05 7.4529e-05 -2.41216e-05 0.00078272 5.30773e-07 -1.77232e-06 0.000200347 -2.8344e-06 2.00028e-06 -0.000139927 -4.21758e-06 -0.000148978 1.54221e-05 1.32687e-06 -1.10379e-06 -6.82472e-07 3.42953e-05 -3.08571e-06 2.46499e-05 1.48131e-05 4.48457e-06 8.71686e-07 5.30676e-05 -0.000211428 -0.00023533 -2.94908e-06 4.58583e-05 3.85064e-06 -0.00021512 -1.24704e-05 7.80618e-07 1.29159e-06 1.97128e-06 -7.0986e-06 -2.69404e-05 2.7656e-05 2.72769e-05 2.37219e-05 9.27104e-05 6.27099e-07 2.65008e-05 3.14043e-05 -6.26122e-06 -3.2008e-06 3.55204e-05 -4.79389e-05 -3.61894e-07 -4.71494e-05 5.64361e-05 0.000121195 2.9416e-05 2.06074e-05 3.5584e-05 9.42173e-05 2.07169e-05 6.27957e-06 6.7367e-06 0.000129888 3.76602e-05 1.52486e-05 -0.000107926 3.12852e-06 -8.00023e-05 8.79262e-06 -0.000129806 0.000179587 3.25642e-06 -4.94915e-05 -0.000346591 -5.41713e-07 -4.75873e-05 -4.79183e-05 -3.5278e-06 1.24063e-05 0.000122364 -6.26361e-06 -1.04562e-05 7.42758e-06 -1.37001e-05 -2.74223e-06 5.75557e-06 -9.13547e-06 3.39055e-05 -0.000206773 1.33558e-06 -6.78656e-05 -0.000123839 
2.18245e-07 -2.98226e-06 0.000119748 0.000203846 2.68836e-05 -0.000214114 2.03771e-07 5.73296e-05 3.33242e-05 -0.000122935 0.00048618 -6.09458e-05 8.3936e-05 0.000436358 6.1905e-05 -1.96432e-05 5.30773e-07 0.000641155 -0.000320424 1.24817e-05 0.000140365 -8.58259e-07 -0.000140497 5.91485e-06 -0.000152518 7.33153e-05 3.39968e-08 -9.00314e-06 4.40906e-06 0.000176163 -1.58518e-05 -5.81459e-05 1.60993e-05 5.03081e-05 3.42476e-06 1.09183e-05 -0.000177556 -0.000251728 -6.532e-07 0.000113082 -2.94162e-05 -0.000183673 -8.46519e-06 -4.99346e-07 3.12794e-05 6.24996e-06 1.77922e-05 -4.97995e-06 3.94573e-05 0.000114591 2.7228e-05 0.00010773 -2.61764e-06 -1.10285e-05 -4.09868e-06 -4.43329e-06 1.00414e-06 -1.76839e-06 -0.000386917 -2.49092e-07 -0.000303108 7.41009e-06 2.85854e-05 2.41916e-05 2.03737e-05 5.96033e-05 3.6327e-05 -1.36188e-07 7.5473e-06 0.000306234 1.56102e-05 -2.64659e-05 -4.48119e-05 -0.000109254 -1.29645e-07 -9.78259e-05 1.79575e-07 -6.46682e-05 0.0001912 7.12897e-08 -7.80979e-06 -0.000434978 4.06945e-06 -5.26985e-05 2.73375e-05 -3.31439e-06 -9.31301e-05 -0.000100364 -2.85468e-05 -2.06204e-05 1.27778e-05 -4.20492e-05 4.85259e-06 -2.5595e-07 -7.2995e-06 1.15028e-06 -4.96937e-05 -1.52864e-07 4.04644e-05 -0.000218136 
-0.000973515 -0.0032521 -0.0170414 0.00466868 -0.000869651 0.0232767 0.000156597 -0.0135274 0.0509666 0.0111833 0.00102777 -0.0398423 -0.000239213 0.00548928 -0.00187343 -0.0178097 -1.77232e-06 -0.000320424 0.194388 -0.0185515 -0.0014713 9.52633e-05 0.0296821 -0.00217348 0.00480347 0.00203198 -0.000751469 -0.030831 -0.0463198 -0.00442688 -0.00982961 0.0394688 -0.0108991 -0.011392 -0.000503984 -0.0016466 0.00861363 0.0155479 -0.00052715 -0.00874627 -0.0106773 0.03636 -0.00678681 -8.89181e-05 -0.000679884 -0.00135731 -0.00268038 -0.0671764 -0.00801824 -0.00226903 -0.0110765 -0.00667544 -0.0087663 -0.00893311 -0.0506917 -0.00467457 0.000766758 0.00169083 -0.00847394 -5.76472e-05 0.0337218 0.00321148 0.0463932 -0.00281898 -0.0120394 -0.00962125 -0.0369154 8.24161e-07 -0.00253834 -0.00209223 0.00288815 -0.0460373 -0.0551829 -0.0153269 -0.000263366 0.0760153 5.52592e-05 0.0657369 0.0401375 -8.41874e-05 -0.0447789 0.0288226 -0.000170728 -0.0254655 -0.0336432 -0.0041839 -0.0229006 0.0338898 -0.0337811 -0.00427989 -0.00196403 -0.0243875 -0.00163611 -0.000371341 0.0014812 -0.000792823 -0.023812 -0.0001158 0.0349448 0.0505918 
-6.2117e-05 0.000362503 0.0141573 -0.00448233 0.000298239 0.000945716 -4.96079e-05 0.0068777 -0.0139871 -0.0124179 -0.000278129 0.0173914 -0.0001177 -0.000888035 0.00260016 0.00869841 0.000200347 1.24817e-05 -0.0185515 0.0342533 0.000276716 7.25673e-05 -0.00724174 0.000570179 -0.00748893 -4.41982e-05 0.000835549 0.0189008 0.0219791 0.00160934 -0.000204927 -0.0186485 -0.000305968 0.00854766 0.000168625 -0.000580148 -0.00846382 -0.0116586 -0.000162353 0.00877196 -0.000316716 -0.0247699 -0.000401474 1.83623e-05 -3.57305e-05 0.00107309 -0.00182603 0.0221337 0.000486205 0.000968141 -0.000650727 0.0114695 0.0018557 6.13123e-05 0.0192844 -0.000171862 -8.41547e-05 0.00040551 -0.0121785 3.47253e-07 -0.0171872 -0.000313574 -0.0172007 0.00014529 0.00385342 0.0095774 0.0231779 0.000273271 0.000354851 -0.0101653 -0.00034823 0.0246666 0.0223501 0.000795757 7.97348e-05 -0.0252909 0.000122079 -0.0219197 -0.010548 7.53569e-05 0.00965375 -0.0198392 6.91399e-06 0.000180383 0.00061975 0.000931854 -0.00692117 -0.00698202 0.0155015 -0.000661235 5.92923e-05 -0.00270405 -0.000125444 9.76024e-05 -0.000422086 0.000783626 -0.00842199 1.87492e-05 -0.00598469 -0.0175072 
-1.10272e-05 2.59461e-05 0.00124239 -0.00026853 4.34876e-05 -0.00184989 6.09122e-06 -1.5852e-05 -0.00120603 -0.00209379 0.00121974 0.000814223 8.59349e-05 0.000531925 0.000136237 0.000743083 -2.8344e-06 0.000140365 -0.0014713 0.000276716 0.00614749 5.9147e-06 -0.000766671 0.000307516 -0.00101404 0.000798528 7.02188e-05 7.04672e-05 0.000890002 0.000427825 -0.000146417 -0.00055813 -0.000130177 0.00184051 7.09739e-06 0.000667402 -0.00117627 -0.00119677 1.12661e-06 0.00122814 0.00043115 -0.00188745 -5.27383e-05 3.64928e-05 5.87311e-06 0.000107074 0.000869603 0.00173008 7.93379e-05 0.00128257 0.000943462 0.000385768 9.65407e-05 -0.000117643 0.000553574 -2.83733e-05 2.85006e-05 -2.88893e-06 -0.0036252 -4.82223e-08 -0.00193667 0.000107926 -0.00235456 0.00221642 0.000656759 0.00127812 0.00155796 -6.11033e-07 0.000235887 0.00055333 -0.00103511 0.000762834 0.000784013 -0.000753234 2.98837e-05 -0.00169883 2.32383e-05 -0.00134625 -2.28146e-05 2.57726e-06 -0.00038483 -0.00347335 9.67678e-05 0.00101584 -0.000363667 0.00090692 -0.00140212 -0.00107675 0.00013628 -0.000142782 2.65854e-05 -0.000411161 0.000103202 1.77062e-05 -3.60739e-05 3.70444e-05 -0.000399005 4.48039e-05 0.00183454 -0.00224714 
2.69891e-07 3.74845e-05 -4.81712e-06 -9.63338e-05 1.1402e-05 0.000265063 -4.15368e-06 -0.000627292 0.00013909 -4.86376e-05 5.88832e-05 -8.76172e-06 1.0876e-05 -7.45006e-05 1.38604e-05 -1.69554e-05 2.00028e-06 -8.58259e-07 9.52633e-05 7.25673e-05 5.9147e-06 0.00138778 -0.000247813 6.35502e-06 -0.000277566 1.52181e-05 1.32055e-06 -3.97486e-05 -8.78034e-05 3.93413e-05 -2.70414e-05 -0.000176501 2.02863e-05 -1.98305e-05 1.81728e-07 -6.21351e-05 -0.000118457 0.000617708 -4.47983e-06 2.77029e-06 2.62668e-05 -0.000118151 3.89088e-05 1.69499e-05 -2.71045e-06 2.59571e-05 -4.58524e-05 -0.000114143 -1.4331e-05 1.56896e-05 2.45738e-05 0.000120734 -1.60133e-05 3.07982e-05 -5.45138e-05 1.37072e-06 3.01001e-05 -6.98211e-06 -0.000361918 -1.413e-07 4.12728e-05 3.18773e-06 8.78411e-06 -1.60767e-05 -2.03383e-05 -5.48071e-06 -4.39884e-05 5.00422e-05 8.67394e-07 -6.26414e-05 0.000181184 -7.2167e-05 -7.95006e-05 4.44238e-05 -3.99176e-07 2.97101e-05 8.6744e-06 -0.000223696 3.05598e-06 -2.54734e-07 -0.000106942 -0.000487935 6.3679e-08 0.000125873 0.000113657 -7.97362e-06 -2.66032e-05 0.000336858 -5.3253e-05 1.81823e-05 8.21669e-06 0.000184748 3.92467e-06 2.38825e-06 -1.31595e-05 2.79451e-06 -4.80964e-05 2.2115e-09 -0.000174 -0.000181945 
0.000476179 -0.000160319 -0.00470047 0.026986 -0.000232194 -0.0267636 -0.000625487 0.0677066 -0.0544309 0.00199125 -0.0117255 -0.00704931 0.000573434 -0.0150831 -0.000790403 -0.00802541 -0.000139927 -0.000140497 0.0296821 -0.00724174 -0.000766671 -0.000247813 0.171984 0.00256927 0.0323784 0.000700949 -0.000354052 -0.00414755 -0.0129608 -0.0015625 -0.00151383 -0.00352592 -0.00483843 -0.00333972 -0.000177538 -0.00223215 0.0373731 -0.0645406 0.00104063 -0.00251158 0.000496629 0.00967194 -0.00166026 -0.00011783 -0.000320968 -0.00037677 0.00365969 -0.00389067 -0.00177375 -0.000943628 -0.0055237 -0.0100465 -0.00167933 -0.00353429 -0.00916095 -0.00204105 -0.00119439 -0.000535203 -0.0113305 -1.7879e-05 0.0174885 -0.00184492 -0.0175344 -0.000733509 0.000117838 -0.00271548 -0.00977998 -0.00010165 -0.000508941 -0.0633984 -0.0264842 -0.0123734 -0.0154362 -0.0262828 -0.000143268 0.0123073 -6.94218e-05 0.0249872 0.0462846 -2.03297e-05 -0.00562163 0.0365039 -9.09795e-05 -0.0091494 -0.0192701 -0.00126188 0.0162367 -0.0501134 -0.00394107 0.010564 -0.00102711 -0.0113483 0.000264951 -0.000127417 0.00788866 -0.000237779 -0.0442172 -4.6249e-05 0.0330926 0.0248282 
0.000177734 -5.20779e-05 0.000989188 0.00180301 3.57941e-06 -0.00249928 -3.18019e-05 0.00457618 -0.0062706 -0.0016921 0.000117667 0.000393032 -4.818e-05 -0.000677238 0.000343831 0.00107201 -4.21758e-06 5.91485e-06 -0.00217348 0.000570179 0.000307516 6.35502e-06 0.00256927 0.0122239 0.00444842 0.000116119 5.40616e-05 0.00158278 0.00148776 0.000523733 -0.000319985 -0.00588335 -0.000166062 0.00101967 -4.19879e-06 0.000357748 -0.001954 -0.00464898 1.71088e-05 0.000314376 -4.24318e-05 -0.00160585 -5.9477e-05 -1.05755e-05 -1.94894e-05 0.000247892 -0.000194242 0.00427685 0.000829078 3.92627e-05 -0.000302321 0.00212135 -0.000136157 -0.000324506 0.000969983 -0.000133187 -6.86796e-05 -7.9301e-05 0.00106739 -1.94487e-06 -0.00491852 -0.000222119 -0.00251982 0.000186995 0.000343031 0.000831049 0.000572874 -5.34873e-06 2.39773e-05 -0.00290423 -0.00182009 0.00182957 0.000977466 -0.000353693 7.96363e-06 -0.00297736 1.85411e-05 -0.00550862 -0.00285721 1.88535e-05 0.00520978 0.000820334 1.05762e-05 0.000330879 0.00141996 0.000112674 0.00104191 -0.00327683 0.000714919 0.00107017 -2.40684e-05 -0.000957911 1.80223e-06 0.000151187 0.000159764 3.94383e-05 -0.00316198 1.78429e-06 0.000221237 0.000161882 
-8.62799e-05 -0.000912723 -0.00480763 -0.000333889 -0.000300676 -0.00934902 -0.000735396 0.0643564 -0.0599359 0.00381611 -0.0126182 -0.0152877 -0.000509802 -0.0140108 -0.000954351 -0.00814628 -0.000148978 -0.000152518 0.00480347 -0.00748893 -0.00101404 -0.000277566 0.0323784 0.00444842 0.188581 -0.00318054 -0.000390509 -0.00940311 -0.0119878 -0.00202461 -0.00583534 -0.0308113 -0.00412116 -0.00402769 -0.000171186 -0.00390964 0.0324956 -0.0619842 0.00113965 -0.00322854 0.00035272 0.0114849 0.000481451 -0.000171634 -0.000332291 -0.000449081 0.00034367 0.0136621 0.00264767 -0.000639363 -0.00765057 -0.000221253 -0.00307675 -0.00323746 -0.0101086 -0.00278259 -0.00121707 0.00230906 0.0424603 0.000125026 0.0268637 -0.0042646 -0.00421759 -0.00291681 0.00374134 -0.00331341 -0.0123397 -4.63611e-05 -0.000141684 -0.04072 -0.0221166 -0.0127776 -0.0118415 -0.0175275 -0.000122374 0.000295777 3.09296e-06 -0.0231532 -0.0163572 -3.15117e-05 0.0386632 0.0593964 -5.48318e-05 -0.00906371 0.00980488 -0.00127619 0.0300851 -0.0724259 0.00120076 0.000906551 -0.000286946 -0.0112638 -0.000205224 -9.33324e-05 0.00153508 -0.000275 -0.0283146 -5.56172e-05 0.00328153 0.0215729 
8.154e-05 -4.63753e-05 0.000259523 -0.00147949 3.33623e-05 -0.00462247 0.000240236 0.00314831 0.0028845 -0.00173702 0.00615759 -0.00137062 4.42134e-05 0.00137272 0.000401711 -0.000219844 1.54221e-05 7.33153e-05 0.00203198 -4.41982e-05 0.000798528 1.52181e-05 0.000700949 0.000116119 -0.00318054 0.0146995 -3.2332e-06 -0.000277437 -0.000320246 0.000833209 0.00165264 0.00261925 -4.20665e-05 -0.000126995 -8.00409e-06 -0.000297711 0.000753355 -0.00239393 -4.14359e-06 1.01522e-05 -0.000681177 7.148e-05 -0.000213364 -1.33628e-05 8.13794e-05 0.000327245 0.000697421 -0.000827 4.85209e-05 0.000231233 -0.000454637 0.000884227 -0.000191865 2.65674e-06 -0.000863013 -0.00016597 -6.87024e-05 -9.41744e-05 -0.00878743 2.50295e-05 -0.00124075 4.26764e-05 0.00240031 0.00022602 -0.000136218 -0.000136562 -0.000476947 2.59568e-05 3.83733e-05 0.000769212 -0.000635142 -0.000365457 -0.000831576 -0.00126647 1.52625e-06 -0.000499498 8.43896e-05 0.00164492 0.00618162 5.17588e-06 -0.0010632 -0.00644816 -6.33107e-06 -0.00114771 -0.00115161 -2.42176e-05 -0.00166191 0.00204951 -0.000498472 -0.000394325 9.81655e-06 -0.00122508 5.8468e-05 0.000141821 -4.44929e-05 -1.2915e-05 -0.00270897 -2.53323e-06 0.00100072 -0.00547951 
-2.46897e-06 0.000117415 0.00020274 -0.000201222 1.76226e-05 0.000172112 1.21603e-05 4.16881e-05 -0.000216092 -0.000539069 1.59805e-05 0.000828774 -8.2906e-06 1.55819e-05 0.000179208 0.00066295 1.32687e-06 3.39968e-08 -0.000751469 0.000835549 7.02188e-05 1.32055e-06 -0.000354052 5.40616e-05 -0.000390509 -3.2332e-06 0.00169332 0.000844104 0.00110323 -1.87271e-06 -4.46707e-05 -0.00059757 -2.97605e-05 0.000392509 2.61174e-06 -7.74943e-05 -0.000359564 -0.000575758 -1.06502e-06 8.55052e-06 7.45177e-05 -0.00125245 2.28398e-05 3.4309e-05 -2.11946e-06 4.72126e-06 -5.50532e-05 0.00094676 -1.27353e-05 6.94594e-06 -1.51678e-05 0.000473987 0.000180557 -4.24805e-05 0.000883705 -1.64674e-05 -1.5043e-06 0.00011987 -0.00083342 -6.05592e-07 -0.000716838 -2.91154e-05 -0.000812757 8.39792e-05 -2.63767e-05 0.000190114 0.0010153 9.96711e-07 -8.21819e-06 -0.000440868 2.3458e-05 0.00103567 0.000891388 4.35315e-06 3.63471e-06 -0.00110703 9.29181e-06 -0.000992092 -0.000404373 3.22242e-06 0.000158979 -0.000873506 6.63627e-06 -0.000107452 -0.000135851 5.33012e-05 -0.000412626 -0.00042192 0.000560765 -3.94859e-05 -6.99989e-06 -8.5466e-05 -6.99462e-06 6.13031e-06 -1.60943e-05 0.000126146 -0.00016126 1.8403e-06 -0.000178627 -0.00082637 
0.000608277 0.000511201 0.016704 -0.00433482 0.000731404 -0.0046659 -2.52641e-05 0.0189379 -0.0177411 -0.0117075 0.00264005 0.0255965 -0.000194458 -0.00317998 0.00175618 0.00747562 -1.10379e-06 -9.00314e-06 -0.030831 0.0189008 7.04672e-05 -3.97486e-05 -0.00414755 0.00158278 -0.00940311 -0.000277437 0.000844104 0.0426114 0.0302102 0.00153782 -0.000511545 -0.0252092 -0.000715722 0.0089803 0.000124083 -0.000348092 -0.0110439 -0.020592 -0.000138901 0.00916248 0.000700985 -0.0309938 -0.000266342 -3.59965e-06 -9.57488e-05 0.00122357 -0.00270423 0.0355061 0.00044488 0.000636946 -0.00113496 0.00726346 0.00565396 0.000282685 0.0307091 0.000306026 -0.000258456 8.07749e-05 -0.0188334 -2.10814e-05 -0.0209952 -0.000815597 -0.0290288 0.00071771 0.00692685 0.0106235 0.0337801 -1.08856e-05 0.000305644 -0.0167484 -0.00732599 0.0354954 0.0304988 -0.00698947 7.74828e-06 -0.0331007 -1.46462e-05 -0.0240928 -0.00696028 1.21136e-05 0.0183721 -0.023105 -9.82057e-06 -0.00235409 0.00163188 0.00122958 -0.0067097 -0.0138514 0.0251824 0.00024794 -0.000189534 -0.00339418 -7.87665e-05 0.000275187 -0.000509944 0.000492159 -0.00984791 2.92621e-05 -0.00544797 -0.026612 
2.6753e-05 0.00244165 0.01539 -0.00847356 0.000561849 -0.00622812 -5.15907e-05 0.020799 -0.0225534 -0.0122082 0.00532486 0.0335969 -0.000289371 -0.00197387 0.00236075 0.0162656 -6.82472e-07 4.40906e-06 -0.0463198 0.0219791 0.000890002 -8.78034e-05 -0.0129608 0.00148776 -0.0119878 -0.000320246 0.00110323 0.0302102 0.0619938 0.00263946 0.00397535 -0.0311057 0.00140156 0.012891 0.000108046 -0.0011698 -0.0114294 -0.0231717 0.000644266 0.00759028 0.00373162 -0.0347481 0.00211556 5.63111e-05 0.000113666 0.00127339 -0.00091079 0.048657 0.00143574 0.000948803 -0.000778175 0.00776517 0.0100252 0.000682265 0.0417035 2.1815e-05 -0.000397278 0.000137257 -0.023737 -3.95539e-05 -0.0344693 -0.00115119 -0.038534 0.00224162 0.00236527 0.00944148 0.0399217 -1.98519e-05 -0.000176788 -0.0213654 -0.0108884 0.0516406 0.0485094 -0.00228355 0.000191092 -0.0493851 1.09856e-05 -0.0196802 -0.0104873 7.71394e-05 0.0163324 -0.0363307 -4.16185e-05 0.00334514 -0.0004973 0.00523953 -0.0143869 -0.0195056 0.0268786 0.00151793 -0.000197322 -0.00325495 0.000221344 0.000221403 -0.00068731 0.000886203 -0.0129207 4.17561e-05 -0.00931426 -0.0349163 
-3.23667e-06 7.89728e-05 0.0020894 -0.00123399 3.90553e-05 -0.00119354 -2.9006e-05 0.000237533 -0.00431931 -0.00249883 0.0022845 0.000395057 0.000176775 0.00206305 0.00034065 0.000976554 3.42953e-05 0.000176163 -0.00442688 0.00160934 0.000427825 3.93413e-05 -0.0015625 0.000523733 -0.00202461 0.000833209 -1.87271e-06 0.00153782 0.00263946 0.0110859 -0.000264846 -0.00263589 0.00117832 0.000295268 7.49856e-05 -0.000173019 -0.00279773 -0.00255191 1.52861e-05 0.000496687 -0.000474619 -0.00445643 5.18012e-06 -5.47271e-06 1.47778e-05 0.000265205 9.7227e-05 0.00214867 0.00126557 0.000417444 0.000118371 0.00416445 0.000220768 -0.000273179 0.00107993 0.000307613 6.44241e-06 -0.000131678 -0.0010562 -6.18667e-06 -0.00585719 0.000543752 -0.000539271 -3.0579e-05 -0.000201386 0.000384783 0.00164365 0.000118729 7.17268e-05 0.00214503 0.000433447 0.00258043 0.00215746 0.00202192 0.000161831 -0.00561811 0.000108704 -0.00523957 -0.00108274 9.14491e-06 0.00198515 -0.00520808 -4.81242e-06 0.000784698 0.002089 0.000141039 -0.00241138 -5.28217e-05 3.86809e-05 4.65466e-05 0.000224881 0.000754862 0.000285714 0.000208181 -0.000103342 6.24528e-05 0.000548969 1.12864e-06 0.000811312 -0.00165385 
0.000122908 0.000164064 -0.00045502 -0.00343114 -2.7375e-05 -0.00620105 -3.41516e-05 -0.00320464 -0.00812678 0.000396156 -0.00132258 0.000993293 -0.000109579 -0.00147943 -7.86755e-05 0.00020675 -3.08571e-06 -1.58518e-05 -0.00982961 -0.000204927 -0.000146417 -2.70414e-05 -0.00151383 -0.000319985 -0.00583534 0.00165264 -4.46707e-05 -0.000511545 0.00397535 -0.000264846 0.0266092 -0.00282356 0.00422531 -7.60245e-05 4.76478e-05 -0.00138256 0.00446099 0.00188704 0.000777003 -0.000318668 -0.00033706 -0.000820058 0.00239967 -9.65248e-06 0.000237548 1.01219e-05 0.000181055 0.00416347 0.00246935 -4.14763e-05 -0.000461298 -0.00010624 0.00153128 0.00420148 0.00850239 -0.000103763 -0.000170431 -0.000235471 -0.00237834 -3.20172e-06 -0.00252584 -0.0002142 0.000261404 0.000163114 -0.000522346 -0.000347415 -0.000288307 -1.75498e-05 -0.000140575 -0.00255336 0.00115994 0.00209983 0.00692812 0.00401746 1.58831e-05 -0.0145813 -1.30252e-06 0.00141978 -0.0018651 -2.7591e-06 -0.00214578 -0.00342212 -2.57387e-06 0.00725835 -0.000239149 -0.000132201 -0.000399005 -0.0036051 -0.000713462 -0.000617604 0.000172186 3.17344e-05 0.000412581 -1.25514e-05 3.67515e-05 -1.67187e-05 0.00899071 -4.28508e-06 -0.00390171 -0.0114549 
-0.000693378 -0.00206729 -0.0128612 -0.0376734 -0.000523871 0.0337922 0.000984774 -0.0311445 0.101438 0.00941916 0.00605956 -0.0379586 -0.00268913 0.00685286 -0.00178375 -0.0150413 2.46499e-05 -5.81459e-05 0.0394688 -0.0186485 -0.00055813 -0.000176501 -0.00352592 -0.00588335 -0.0308113 0.00261925 -0.00059757 -0.0252092 -0.0311057 -0.00263589 -0.00282356 0.241141 0.00269484 -0.00856895 3.6417e-05 0.0144133 0.020563 0.0373232 -0.00174315 -0.00640265 -0.00555613 0.0260499 -0.00101365 -8.13915e-05 0.000615609 -0.0011459 0.0169565 -0.0511243 -0.00465278 -0.000630802 0.0031527 -0.0277315 -0.00598823 -0.00776906 -0.0282827 -0.000684725 -0.000261007 -0.00572516 -0.0206793 -0.000226536 0.0452184 0.000287915 0.0535601 0.00161346 -0.0109299 -0.00694597 -0.0281404 -0.00038689 -0.00140661 0.0296645 -0.0023684 -0.0362895 -0.0371838 -0.00870163 -5.79165e-05 0.0303206 -4.82586e-05 0.060094 0.0117316 -0.000100602 -0.0616916 -0.0275097 -0.000392913 -0.00192019 -0.0216389 -0.00319526 -0.0564137 0.0232308 -0.0292638 -0.00991623 -0.00264887 -0.0125521 -0.00188077 -0.000324751 0.00102241 -0.00063285 0.0257965 -2.99925e-05 -0.0138352 -0.0270017 
-4.71566e-05 1.08393e-05 -0.000495743 0.000676137 3.3611e-05 -0.00224411 -5.17657e-05 -0.00906537 -0.00497505 0.000198971 -0.00129838 -0.00162139 -1.63888e-05 0.00118754 -5.901e-05 0.00209874 1.48131e-05 1.60993e-05 -0.0108991 -0.000305968 -0.000130177 2.02863e-05 -0.00483843 -0.000166062 -0.00412116 -4.20665e-05 -2.97605e-05 -0.000715722 0.00140156 0.00117832 0.00422531 0.00269484 0.0230163 -0.000143553 0.00012549 -0.000197463 -0.00279061 0.00464407 -9.58156e-05 -0.000242366 -0.00040752 -0.000660157 0.000438673 2.63797e-05 -3.80933e-05 -4.3892e-05 0.00123317 -0.00170718 0.000638972 -9.18539e-05 0.00101109 0.00106578 -0.000154662 -0.000422734 -3.34803e-06 0.000330715 -5.31165e-05 -0.000290775 0.00673471 2.28694e-05 -0.00398442 -8.43059e-05 0.00421165 -0.000269893 -0.000485894 -0.00029973 -0.000791994 0.000128538 -0.00011888 0.00849824 0.00426558 -0.000187546 0.00213258 0.00996371 2.45727e-05 -0.00601987 -5.63739e-06 -0.00839111 -0.00793303 -3.64296e-06 -0.00171716 -0.00191835 -4.26883e-06 0.00105155 0.00545899 -3.1391e-05 -0.00416467 0.00129351 -0.00108609 -0.000523477 0.000210753 0.000597341 6.16979e-05 -1.20332e-05 -0.000268123 -2.97929e-06 0.000790433 1.56137e-06 -0.0039071 -0.00105843 
