0 0 0 0 0 0 0 0 0 0 0 0 0 0 0 0 0 0 0 0 0 0 0 0 0 0 0 0 0 0 0 0 0 0 0 0 0 0 0 0 0 0 0 0 0 0 0 0 0 0 0 0 0 0 0 0 0 0 0 0 0 0 0 0 0 0 0 0 0 0 0 0 0 0 0 0 0 0 0 0 0 0 0 0 0 0 0 0 0 0 0 0 0 0 0 0 0 0 0 0 
0 0.0739033 0.000126862 -0.00308417 -0.000119914 0.00824697 -6.46656e-06 0.000235832 4.80837e-07 4.32621e-07 0.0204473 -2.09624e-05 -8.75748e-05 -0.000104158 -0.000148741 -4.30951e-05 -0.00446541 0.00449644 0.00337977 -9.01782e-05 2.70155e-06 -9.76566e-05 -0.00014628 -3.82807e-05 1.53834e-06 -1.91966e-06 -0.00280261 -9.7674e-07 -0.0060933 -5.29126e-05 -0.000370687 -0.00271226 -6.98958e-07 -0.0019201 0.00229102 -0.00295076 -0.000784979 -1.29673e-05 -0.00075536 2.24048e-07 -0.000263749 4.99488e-05 -0.000382264 -0.0354141 2.05266e-06 -0.00436607 -5.16245e-05 -9.1076e-08 0.0181767 4.51969e-05 -0.00024283 -8.08391e-06 1.54325e-05 -0.0131124 -0.000305628 -1.45363e-06 -0.000220628 0.000657583 0.000164149 -8.24352e-06 -9.48694e-07 -0.00622175 -0.000253617 -0.0215119 0.00133982 -0.000809647 1.08624e-05 -2.81861e-06 -6.19639e-06 6.52734e-05 -1.52651e-05 0.00257736 -1.2766e-05 -0.00669654 3.61793e-05 0.00441272 8.95555e-05 -1.05005e-06 -0.00295029 0.00132387 -0.00138238 -0.000116931 -7.76806e-06 -0.00355032 -1.7517e-05 -0.00228233 -0.00600168 0.00402893 -0.000129667 -0.00361808 -0.000715208 -1.33264e-05 0.000552017 -0.00014244 -0.0147061 -1.43862e-05 -0.000333432 1.09273e-05 4.67469e-06 0.00610787 
0 0.000126862 0.00408911 -0.000150358 0.000568625 -0.000218604 2.29333e-05 0.0018591 1.21488e-05 6.70686e-07 -0.000242596 0.000132354 -1.00121e-05 0.00117758 -1.10456e-05 0.000480224 0.000288086 -9.00124e-05 -1.48192e-05 0.000514486 2.21307e-05 -0.000263449 3.11868e-05 -8.4139e-07 2.90642e-06 1.56493e-05 0.000112028 6.88951e-06 -0.00025952 -5.88491e-06 0.00142884 -7.94176e-05 6.11579e-06 -0.000102773 -7.39471e-05 -0.00269018 -3.17858e-05 2.22838e-06 4.11075e-06 2.27753e-07 6.84957e-05 0.000150037 0.000572546 -0.00305114 1.06798e-06 -0.000267092 1.49223e-05 8.73124e-07 0.000329154 8.24836e-05 -7.63408e-05 -3.33389e-06 -2.59038e-07 -0.00143304 0.00126633 5.50562e-06 -1.26301e-05 7.96252e-05 4.37393e-06 -4.69449e-07 -8.36705e-08 0.00067973 1.47373e-05 -0.000281796 -4.83005e-05 -3.97287e-05 3.51517e-05 1.07935e-05 -0.00148798 -1.8185e-06 0.000122289 0.000288143 -5.38718e-07 0.000184404 -3.0137e-07 -0.000220784 -4.38558e-06 -2.0318e-08 -0.00214062 -0.00117952 1.44133e-05 1.20229e-05 8.91729e-05 -0.00126278 -3.77222e-05 -8.13018e-05 -7.60527e-05 0.00259749 0.000358911 -1.24411e-05 0.00044951 -1.34341e-07 -8.23016e-06 -5.60554e-06 -0.00168908 1.35348e-05 6.56946e-06 5.44008e-06 -2.35188e-07 -0.000693227 
0 -0.00308417 -0.000150358 0.0199196 3.5512e-06 -0.00587318 -8.66177e-06 -0.000162701 -2.87884e-07 9.01433e-08 -0.00472405 -1.34993e-06 -0.000136944 -0.000177135 -0.0002347 -0.000222191 0.00660647 -0.00171804 -0.00451192 4.65947e-06 -8.96941e-06 0.000253374 -0.000145122 -6.89422e-05 -2.4557e-07 -1.11187e-05 0.000159868 -5.63277e-06 -0.00610673 -0.000120232 -0.000446929 -0.00131543 2.3124e-07 -0.00414864 -0.00412254 0.000783554 -0.000302218 2.60349e-06 0.00017426 -5.13151e-07 -0.000457056 -5.745e-05 -0.00040927 0.00243587 -1.17752e-06 -0.00159701 -4.0725e-05 2.30442e-08 -0.00406132 -2.36989e-05 0.000159406 -0.000182028 -0.000331701 0.00615507 -0.0004861 -2.45628e-05 -0.00152315 -0.00115607 -7.04092e-05 -1.46864e-05 -1.01899e-06 0.00958859 -0.000405126 0.00779393 -0.00640869 -0.00213925 -8.08706e-05 -5.01318e-06 -0.0030271 -0.000215407 -2.33736e-05 -0.000539236 -0.000121306 0.000104628 -2.40707e-05 -0.00422772 -8.6771e-05 -4.30098e-06 0.000618945 0.00473629 -0.00246691 6.98184e-06 -2.32849e-06 -0.000434314 -0.000100595 -0.00289669 0.00680255 0.00240254 -7.49137e-05 -0.000994189 -0.000682801 -9.76661e-05 -0.00145388 -0.000264079 0.00184459 -8.28428e-05 -3.21099e-05 -2.92185e-06 -3.16834e-07 0.00458346 
0 -0.000119914 0.000568625 3.5512e-06 0.001704 -8.06057e-05 1.21839e-05 0.000502144 7.98328e-07 5.14655e-07 -0.00019422 1.76129e-05 -3.94725e-06 0.000470936 4.12083e-06 3.66493e-05 3.35261e-06 -4.28665e-05 -2.87281e-05 0.000452363 7.19365e-06 -0.000259587 -8.963e-06 8.09132e-06 -2.0426e-08 2.22898e-06 -8.14681e-05 2.08004e-06 0.00023463 2.77101e-06 0.000258798 -4.17357e-05 6.09571e-06 0.000153886 -2.25058e-05 -0.000500531 -1.42014e-05 2.88535e-06 5.78741e-05 -5.58757e-08 0.000101118 0.000106192 0.000490133 -0.000556794 -1.33405e-07 2.30015e-05 1.25619e-05 7.86954e-07 -6.74799e-05 1.83675e-05 -2.96962e-05 -1.70928e-06 -1.02688e-06 -0.000887051 0.000405794 4.16926e-06 -2.90609e-06 2.7029e-06 3.48874e-07 9.04843e-07 -2.36719e-08 0.000153364 2.47571e-06 -0.000177164 -6.29245e-06 7.33889e-05 2.78356e-06 5.03549e-06 -0.000439529 -1.034e-06 8.74626e-05 4.03761e-05 8.22491e-07 -4.78403e-05 -5.36174e-08 -8.61204e-05 1.17059e-05 1.08881e-06 -0.000878774 -0.000792776 -1.63063e-05 -1.46036e-06 8.73761e-05 -0.00041946 -4.14914e-07 2.79766e-05 -1.96889e-05 0.000404901 4.14034e-05 0.000290022 6.63993e-05 2.87163e-06 -4.39989e-07 3.14052e-06 -0.000444872 1.33133e-05 -1.34709e-06 1.85487e-06 1.92118e-07 -0.000717675 
0 0.00824697 -0.000218604 -0.00587318 -8.06057e-05 0.0681771 -6.58855e-06 -0.000220647 5.26215e-06 -3.26263e-07 -0.0100275 0.000174143 -0.0001905 -9.51209e-05 -9.51519e-05 -4.31387e-05 -0.0605803 -0.00163393 0.00348054 -0.000152023 2.3411e-05 2.94937e-05 -8.151e-05 4.82112e-05 5.73045e-06 -1.41505e-06 -0.00306568 -2.49913e-06 0.0203439 -1.58897e-05 -0.000357691 0.014632 -2.30765e-06 0.00841392 0.0140146 -0.00167363 -0.000876151 5.44916e-06 -0.000856888 8.47855e-06 -0.000343147 0.000708432 -0.000743179 0.0018975 1.0415e-05 -0.00471352 -8.08733e-05 -8.34055e-08 0.0417315 1.36537e-05 0.00793523 -2.89953e-05 0.000183693 -0.0104463 -0.000948673 -4.00111e-06 -1.982e-05 -0.00089943 0.00014374 -5.31414e-06 -1.37744e-06 -0.0532168 -0.000406987 -0.0118488 0.00680104 0.00172101 6.29366e-05 1.30231e-06 0.0211438 1.50324e-07 9.70679e-06 -0.000369205 -1.08104e-05 -0.023964 3.50949e-05 0.0542719 -7.59341e-05 3.39394e-06 0.00156906 -0.00163659 -0.00104548 0.000111247 -7.25628e-06 0.00505876 -0.000268993 0.00542334 -0.0600979 -0.0165206 0.000120989 -0.00241077 -0.000859518 6.18646e-05 0.00180829 0.000327848 0.00516898 -1.25393e-05 -0.000228505 2.64911e-06 -1.09832e-06 -0.0165689 
0 -6.46656e-06 2.29333e-05 -8.66177e-06 1.21839e-05 -6.58855e-06 0.000146123 1.51111e-05 -7.75377e-09 -6.47907e-10 3.20272e-05 2.48542e-07 -2.20956e-07 1.56576e-05 6.49904e-07 -8.61522e-08 2.50666e-06 5.7041e-06 -1.29136e-06 1.19934e-05 4.43596e-07 -3.88563e-06 1.70851e-07 -7.78008e-08 -1.74886e-09 8.47108e-08 3.99747e-06 3.94485e-07 -5.8679e-06 -4.46751e-07 3.70702e-05 -1.91422e-06 -8.92943e-09 -2.30991e-06 -6.45686e-07 -3.38436e-05 2.24857e-07 -4.88204e-08 5.66067e-06 -5.73536e-09 -2.81114e-07 1.12751e-06 6.86461e-06 -7.66093e-05 8.21911e-07 -8.62337e-06 1.3311e-07 -1.6563e-10 -7.46095e-06 2.47853e-06 -2.56476e-06 -1.46347e-07 -8.79205e-08 -1.67361e-05 1.29575e-05 -9.29154e-09 -4.49547e-07 -1.43837e-06 2.90175e-06 -1.67092e-08 4.14663e-08 1.63216e-05 2.84621e-06 -5.73529e-05 -6.90394e-07 -1.69526e-06 -3.37529e-08 4.17956e-06 -6.05116e-05 -9.04326e-08 6.0098e-07 -8.36079e-07 -2.47114e-08 2.84651e-05 -2.45685e-08 -7.75463e-06 6.28423e-07 -1.90962e-09 -6.82659e-05 -2.22247e-05 -2.78207e-06 -2.21239e-07 1.10781e-06 -4.00712e-05 2.96652e-06 -6.03177e-06 1.07633e-05 5.4147e-05 7.03247e-07 -4.91714e-06 1.01891e-05 -2.81149e-08 -3.24972e-07 1.03155e-07 4.75346e-06 -2.64456e-08 -1.12122e-07 -7.66934e-09 -1.11395e-08 -1.74422e-05 
0 0.000235832 0.0018591 -0.000162701 0.000502144 -0.000220647 1.51111e-05 0.00356097 1.15104e-05 6.84156e-07 -9.82043e-05 0.000137525 3.68198e-06 0.00110755 -1.10064e-05 0.000478971 0.000277344 -8.6163e-05 1.17943e-05 0.000521402 2.1952e-05 -0.000338055 -2.12396e-05 3.64164e-07 5.1279e-07 1.53756e-05 0.000215668 5.37626e-06 -9.28798e-05 -9.7024e-06 0.000933779 -0.000117122 7.32609e-06 7.16005e-06 -7.30222e-05 -0.0022933 5.97734e-07 -6.27163e-07 -8.79947e-06 8.70861e-07 6.44114e-05 0.000148524 0.000670563 -0.00226287 1.9318e-06 -0.000198004 1.21745e-05 7.84839e-07 0.00029433 8.36316e-05 -6.9604e-05 -3.01204e-06 2.39448e-06 -0.00192805 0.00107437 5.95057e-06 -6.68189e-06 0.000140747 1.54357e-05 4.69574e-08 -7.2825e-08 0.000499203 0.000100976 -0.000511633 -8.92081e-06 3.7445e-05 3.74968e-05 4.76076e-06 -0.00132026 -1.48917e-06 0.000124854 0.000253326 -6.0428e-07 -3.32025e-05 -4.23008e-07 -0.000234229 -1.21879e-06 -1.33636e-08 -0.00180382 -0.00116374 0.000187119 1.40093e-05 9.02032e-05 -0.000953981 -9.11312e-06 2.77485e-05 -6.29366e-05 0.00193141 0.000372341 1.07511e-05 0.000149959 -6.87509e-07 -7.65781e-06 -5.53163e-06 -0.00135244 1.58866e-05 6.29219e-06 8.82357e-06 8.31568e-08 -0.000846929 
0 4.80837e-07 1.21488e-05 -2.87884e-07 7.98328e-07 5.26215e-06 -7.75377e-09 1.15104e-05 5.30527e-05 -2.35213e-10 -1.48957e-05 7.1078e-06 -1.58836e-07 1.20574e-05 -1.63401e-07 7.57983e-06 -1.4701e-05 -1.54343e-06 -1.12227e-06 3.1091e-07 -4.34171e-09 -1.04576e-05 1.99433e-06 -2.82444e-08 -6.34898e-10 -1.5168e-09 6.16778e-06 -2.00196e-09 2.15859e-05 4.26004e-06 1.12556e-05 9.40295e-06 -3.24169e-09 2.25349e-05 1.8832e-06 -1.7501e-05 -6.92844e-07 1.44894e-06 -4.75883e-07 -2.08214e-09 8.80851e-06 4.50545e-07 3.18242e-05 -1.22348e-05 -4.14659e-09 -3.38548e-06 4.61635e-07 -6.01296e-11 -3.23539e-06 1.86192e-06 1.58625e-06 -5.31292e-08 -3.19182e-08 -3.60718e-05 1.25261e-05 -3.37315e-09 -1.63201e-07 1.44469e-05 -3.16358e-08 -6.06602e-09 -1.08115e-09 -1.97132e-05 -4.26935e-07 -2.15741e-05 1.63184e-06 1.69735e-05 -1.22535e-08 -3.38671e-09 -7.20459e-06 2.22725e-07 -1.98127e-08 4.31312e-07 -8.9711e-09 -7.23696e-06 -8.91923e-09 9.47714e-06 -9.8592e-08 -6.93259e-10 -4.29488e-05 -3.46298e-05 2.18605e-06 3.32921e-07 1.0588e-07 -9.97612e-06 -5.76877e-07 1.44386e-05 -2.43074e-05 1.19116e-05 -1.24857e-07 1.18503e-05 -6.0291e-07 1.63424e-06 7.04246e-07 -1.03731e-07 -2.74019e-05 4.47929e-06 3.92997e-07 -2.78424e-09 -4.04401e-09 -2.53218e-05 
0 4.32621e-07 6.70686e-07 9.01433e-08 5.14655e-07 -3.26263e-07 -6.47907e-10 6.84156e-07 -2.35213e-10 4.43331e-06 1.04212e-06 -1.23469e-08 -1.51292e-08 6.82547e-07 2.1968e-07 -2.61345e-09 1.41678e-07 -1.28969e-07 -9.37773e-08 5.12921e-07 -3.62794e-10 -1.03255e-06 1.21052e-06 -2.36011e-09 -5.30522e-11 -1.26744e-10 1.05588e-06 -1.67284e-10 3.07975e-07 -1.35523e-08 1.27674e-07 5.34085e-07 -2.70877e-10 7.19185e-08 -9.23918e-08 -5.69206e-07 -5.78942e-08 -1.48098e-09 -5.27632e-08 -1.73984e-10 -3.17847e-08 -6.91777e-09 -1.86456e-07 -2.72142e-06 -3.4649e-10 -2.94961e-07 -5.06267e-09 -5.02444e-12 -3.52053e-07 -1.32542e-09 -8.65664e-08 -4.43949e-09 -2.66709e-09 2.04906e-07 2.42758e-07 -2.81861e-10 -1.36371e-08 -6.38568e-08 -2.6435e-09 -5.06878e-10 -9.03415e-11 1.18685e-07 -3.56747e-08 -7.78058e-07 -5.3975e-08 -5.14261e-08 -1.0239e-09 -2.82994e-10 -2.24724e-06 -2.7433e-09 5.76122e-07 -5.0305e-08 -7.49627e-10 1.89249e-06 -7.45293e-10 -3.0737e-07 -8.23836e-09 -5.79289e-11 -2.99811e-06 -6.08744e-07 -8.84395e-08 -1.21043e-08 -4.37127e-10 -2.80713e-06 -4.82039e-08 -1.84324e-07 -5.20372e-07 2.69627e-06 -1.13615e-08 1.24801e-07 5.81097e-07 -8.52875e-10 -9.85811e-09 2.24666e-07 -1.60945e-06 -8.02236e-10 -2.19395e-08 -2.32651e-10 -3.37919e-10 -7.55421e-07 
0 0.0204473 -0.000242596 -0.00472405 -0.00019422 -0.0100275 3.20272e-05 -9.82043e-05 -1.48957e-05 1.04212e-06 0.247899 -1.38716e-05 -0.00115951 -0.000466818 0.000170236 -0.000145249 0.0149605 0.00179428 0.00699122 -0.00018413 -2.20098e-05 0.000182096 0.00186372 -0.000205707 -1.27922e-06 -8.25057e-06 0.0279448 -1.41592e-05 -0.017525 -0.00112618 0.0015151 -0.0120817 -2.64713e-05 -0.00926312 -0.00078901 -0.00408438 -0.00224729 -9.19699e-05 -0.0037103 -1.2901e-05 -0.00199764 -0.000495848 -0.00140693 -0.108722 4.04494e-05 0.00999981 6.44821e-06 -1.70269e-07 -0.00463285 -2.93562e-05 -0.00675827 0.000376999 -0.000145311 -0.00285752 0.00472902 -2.35078e-05 -0.000865569 -0.00304779 0.000219795 -1.35478e-05 -3.17698e-06 0.0167664 -1.13996e-05 -0.180579 -0.00145257 -0.00347236 -2.77906e-05 -1.54572e-05 -0.144939 0.000227716 -0.00014442 0.0046351 -7.06488e-05 0.148277 -1.62698e-06 -0.0161545 -0.000264143 -3.53435e-06 -0.0348937 0.00471432 -0.0073405 -0.000867086 -4.08023e-05 0.0203171 0.00277942 -0.015413 0.0224316 0.0778245 -0.000648349 -0.023492 0.00488652 -5.80924e-05 -0.000240072 -0.000738669 -0.037834 -8.18271e-05 -0.0020418 1.55563e-06 -1.63924e-06 0.0282739 
0 -2.09624e-05 0.000132354 -1.34993e-06 1.76129e-05 0.000174143 2.48542e-07 0.000137525 7.1078e-06 -1.23469e-08 -1.38716e-05 0.00277725 -7.28194e-06 0.000141038 1.82672e-05 0.000122403 -0.000259219 -2.27959e-05 3.95004e-05 2.89236e-05 1.13388e-05 -3.1427e-05 -2.60156e-05 2.07294e-06 4.00006e-07 9.53713e-07 0.000310709 -1.05088e-07 -0.000125878 1.41754e-05 0.000195871 -4.10699e-05 -1.70164e-07 3.22995e-05 -1.60959e-05 -0.00061856 4.02643e-05 -2.19237e-07 -1.11568e-05 -6.48518e-08 8.844e-06 8.73205e-06 -3.15312e-05 -0.000799647 -2.17664e-07 -9.61384e-05 -2.34703e-06 -3.15635e-09 6.45965e-05 1.00007e-05 5.6297e-05 -2.39999e-06 -7.31018e-07 -0.00077049 0.000163219 5.6738e-07 -5.87793e-06 0.000217752 -9.82862e-07 -3.1842e-07 -5.67523e-08 -4.08355e-06 -1.9733e-05 -0.000257968 3.33485e-05 -3.07613e-05 1.4379e-05 2.25556e-06 -0.000101273 -8.01112e-07 5.22665e-06 2.48763e-05 1.22909e-06 -0.00023098 7.62531e-08 0.000240289 3.03802e-05 -3.63908e-08 2.65409e-05 -0.00010572 -3.17973e-06 -3.72611e-06 8.80953e-07 -0.000595988 -8.60383e-06 1.83193e-05 -0.000617648 0.000579771 7.10294e-05 -2.03307e-05 -8.08134e-06 4.30892e-07 -1.78173e-06 5.57712e-06 -0.000593094 -5.03963e-07 -1.17268e-05 3.76071e-07 1.52105e-06 -0.000267963 
0 -8.75748e-05 -1.00121e-05 -0.000136944 -3.94725e-06 -0.0001905 -2.20956e-07 3.68198e-06 -1.58836e-07 -1.51292e-08 -0.00115951 -7.28194e-06 0.00340097 -2.58182e-06 1.73121e-05 -1.2784e-06 -0.000431931 3.87245e-05 -6.04084e-05 -4.40422e-06 -2.79265e-07 -1.1343e-05 1.86752e-05 3.87722e-05 -4.08376e-08 -9.75628e-08 -6.11664e-05 3.82679e-06 -0.000113569 1.85684e-06 -2.58931e-05 -1.74624e-05 2.58038e-06 -1.85176e-05 -4.96196e-05 -0.000269984 -2.89425e-05 -5.73335e-07 -2.72595e-05 3.32741e-07 0.000102022 1.31527e-05 -0.000128971 0.000264822 -2.66715e-07 0.000668772 -3.50816e-06 -3.86763e-09 -0.000141141 -1.02026e-06 0.000133431 -3.28402e-06 -1.31969e-06 -6.61957e-05 -2.82068e-05 -1.94744e-07 0.000175569 2.58455e-05 -6.9042e-07 3.87649e-06 -6.95414e-08 -0.000596338 5.06501e-05 0.000999642 2.88854e-05 -2.83032e-06 4.51718e-08 -2.17838e-07 0.000471122 -1.57835e-06 -1.63272e-07 -1.52562e-05 2.10007e-05 -0.000614558 -2.9592e-07 5.86209e-05 2.54918e-05 1.28874e-06 -1.33267e-05 -3.7885e-05 7.42338e-05 -7.86186e-06 -3.36483e-07 -0.000131327 -3.68333e-06 -9.29854e-05 -0.000797011 -2.02125e-05 -6.17898e-06 0.000219624 -3.88872e-05 3.1546e-06 -1.21062e-06 8.3239e-05 -0.00114118 -6.17531e-07 4.31118e-05 -1.79086e-07 1.36211e-06 -0.000375175 
0 -0.000104158 0.00117758 -0.000177135 0.000470936 -9.51209e-05 1.56576e-05 0.00110755 1.20574e-05 6.82547e-07 -0.000466818 0.000141038 -2.58182e-06 0.00142848 -3.30572e-06 0.000481523 0.00010264 -3.42706e-05 -1.99595e-05 0.000452799 1.9394e-05 -0.000182161 -7.21068e-06 6.0512e-07 -1.71186e-08 1.54369e-05 -5.67006e-05 4.77935e-06 -5.15555e-05 -3.8952e-06 0.000788618 -1.15291e-05 5.96815e-06 -1.44844e-05 -2.48569e-05 -0.00115486 6.19683e-06 3.22126e-07 1.40858e-05 3.32749e-07 7.91217e-05 0.000134201 0.000317135 -0.000991606 -1.11803e-07 -8.59097e-05 3.77752e-06 7.87268e-07 -4.37984e-05 8.07834e-05 -2.75549e-05 -6.99176e-07 -8.60602e-07 -0.000999411 0.00102592 5.67572e-06 -4.26702e-06 1.10062e-05 1.80345e-07 8.08881e-08 -2.91509e-08 0.000223894 9.91091e-06 -0.000136331 -1.62608e-05 -1.53494e-05 3.93252e-05 4.89757e-06 -0.00074377 3.37031e-07 0.00011501 0.000201012 -2.41885e-07 -0.000124938 -2.40487e-07 -8.74358e-05 -1.85831e-06 1.46412e-08 -0.00107365 -0.00110938 -2.32594e-05 1.28943e-05 8.87034e-05 -0.000876064 -1.53097e-05 -5.51543e-05 0.000131723 0.000997136 0.000383167 -1.00736e-05 0.000155967 -2.75201e-07 -3.10318e-06 -9.07989e-07 -0.000664105 1.293e-05 1.25651e-05 5.03604e-06 -1.09038e-07 -0.000777191 
0 -0.000148741 -1.10456e-05 -0.0002347 4.12083e-06 -9.51519e-05 6.49904e-07 -1.10064e-05 -1.63401e-07 2.1968e-07 0.000170236 1.82672e-05 1.73121e-05 -3.30572e-06 0.00307031 -1.81554e-06 -0.00150637 -8.78716e-05 -4.51241e-05 1.64959e-06 -2.5203e-07 -5.93916e-05 0.000106023 1.0516e-05 -3.68549e-08 -8.80481e-08 -0.000139073 -1.16211e-07 0.00157758 -5.99245e-06 -2.3477e-05 0.000816348 -1.10398e-07 0.000857433 0.000102272 6.05869e-05 0.000181293 6.23784e-06 -1.2343e-05 -1.20865e-07 0.000228619 -3.32794e-06 0.000165348 7.27671e-05 -2.40703e-07 0.000439215 -3.51699e-06 -3.49044e-09 -0.000118291 2.3348e-06 -2.84258e-05 -1.83963e-06 2.55805e-05 -0.000278082 -3.43541e-05 -1.95807e-07 2.52375e-05 6.44614e-05 -1.36975e-06 1.09812e-05 -1.8315e-08 -0.00126692 7.52615e-05 -0.00105941 2.3504e-05 -1.86586e-05 -7.11297e-07 7.11452e-06 -2.18625e-05 8.12759e-06 -1.09454e-06 -2.85465e-05 1.25734e-08 0.000176897 4.48225e-06 0.000355406 2.67658e-05 2.37535e-07 -0.000388814 -0.000133901 3.20952e-05 -4.70874e-06 3.74109e-07 -0.000280486 7.20576e-05 0.000193041 -0.00140821 -0.00027587 3.30726e-06 -0.000121852 -3.62436e-05 8.51959e-07 4.62765e-07 0.000635523 -0.000342454 5.76026e-07 -6.29673e-06 -1.61621e-07 1.84303e-06 -0.00140138 
0 -4.30951e-05 0.000480224 -0.000222191 3.66493e-05 -4.31387e-05 -8.61522e-08 0.000478971 7.57983e-06 -2.61345e-09 -0.000145249 0.000122403 -1.2784e-06 0.000481523 -1.81554e-06 0.000589152 4.93986e-05 6.50987e-07 1.37971e-05 6.85299e-05 8.82954e-06 -1.67376e-06 -4.99993e-06 -3.13824e-07 -7.05435e-09 1.11498e-05 -1.33935e-05 1.46665e-06 -4.3739e-05 -1.23538e-06 0.000515493 -1.93287e-05 -3.60185e-08 -2.56332e-06 -1.20298e-05 -0.000541741 -2.77596e-06 8.0852e-08 5.02853e-06 3.65754e-07 1.41847e-05 1.97801e-05 5.39292e-05 -0.000418468 -4.60727e-08 -3.84876e-05 1.98237e-06 -6.681e-10 -3.36014e-05 5.04015e-05 -1.13774e-05 4.68746e-06 -3.54643e-07 -0.0004662 0.000529533 1.5403e-06 -1.81333e-06 -6.52437e-06 -3.29284e-07 -6.73995e-08 -1.20127e-08 8.73608e-05 5.81189e-06 -0.000188313 -7.09928e-06 -6.83813e-06 3.41194e-05 2.84592e-07 -0.000300428 -3.64776e-07 1.09243e-05 0.000190578 -9.96779e-08 -7.63603e-05 -9.91015e-08 -3.96598e-05 5.11566e-06 -7.7028e-09 -0.000428163 -0.000496799 -1.06042e-05 9.76827e-06 4.6641e-06 -0.000509182 -6.40967e-06 -2.44429e-05 5.61956e-05 0.00040668 0.000293856 -2.51939e-05 9.78875e-05 -1.13407e-07 -1.31083e-06 1.02998e-07 -0.000239455 3.24888e-06 -2.36174e-06 3.43573e-06 4.77289e-07 -0.00031656 
0 -0.00446541 0.000288086 0.00660647 3.35261e-06 -0.0605803 2.50666e-06 0.000277344 -1.4701e-05 1.41678e-07 0.0149605 -0.000259219 -0.000431931 0.00010264 -0.00150637 4.93986e-05 0.0774337 0.00192867 -0.00342104 0.000153548 -3.31111e-05 0.000168057 -0.000877714 -0.000248769 -5.9322e-06 1.29608e-06 0.00388083 -1.2886e-05 -0.0293373 -0.000299219 0.000623272 -0.0191418 2.01283e-06 -0.0134878 -0.0176 0.000154686 0.000804367 -6.93537e-05 0.000765678 -8.88035e-06 -0.000344162 -0.000786241 0.000621944 -0.00855419 3.7111e-06 0.00304907 8.52636e-05 9.58676e-08 -0.0405264 -2.92663e-05 -0.00952268 7.48428e-06 -0.000367445 0.00908273 0.00106939 3.02243e-06 -0.000981867 0.000501202 -0.000277095 -4.2962e-05 -2.1096e-06 0.0624963 -0.000363962 0.0109026 -0.00834329 -0.00268591 -0.000104408 -1.28448e-05 -0.0253351 -1.91795e-05 -1.04783e-05 0.000845632 -7.06969e-05 0.0259058 -6.66908e-05 -0.0600328 -3.95454e-06 -1.18947e-05 -0.00274648 0.00262912 -0.00112184 -0.000111392 2.11826e-06 -0.00398993 0.000272009 -0.00980772 0.0683076 0.0183769 -0.000192731 0.00144617 0.000922379 -0.00013116 -0.00192914 -0.00163074 -0.00505371 -2.34265e-05 0.000143522 1.07238e-06 -1.2108e-05 0.022166 
0 0.00449644 -9.00124e-05 -0.00171804 -4.28665e-05 -0.00163393 5.7041e-06 -8.6163e-05 -1.54343e-06 -1.28969e-07 0.00179428 -2.27959e-05 3.87245e-05 -3.42706e-05 -8.78716e-05 6.50987e-07 0.00192867 0.0282445 0.000157372 -3.86779e-05 2.63849e-07 2.05145e-05 -0.000231404 1.95467e-05 -3.4812e-07 -3.31673e-07 -0.0010683 -6.97692e-07 -0.0016156 4.4943e-06 0.000131302 -0.000397621 9.55887e-07 -0.000404999 -0.000574726 -0.000130875 0.000153864 -1.6846e-06 -6.26451e-05 -5.27625e-08 -3.59327e-05 -4.1571e-05 -0.00111654 0.00320073 -2.19583e-06 -0.00119166 1.19074e-06 -3.29695e-08 -0.00103 1.73616e-06 -0.000195256 3.66244e-05 -1.38343e-05 7.15918e-05 -0.000124998 -6.8286e-07 -3.31512e-05 -0.000337495 -1.49462e-05 6.73954e-07 -5.92805e-07 -0.0132061 0.00109013 -0.0050521 -0.000177597 -9.80161e-05 6.7591e-06 4.83193e-06 0.000410921 2.57673e-06 -8.13013e-06 -0.000307082 -4.15226e-06 0.002045 -1.74604e-06 -0.00157286 0.000135497 -3.80119e-07 0.00201806 0.000243411 -7.64137e-05 0.000167229 -2.86835e-06 -0.00872109 -0.000262373 -0.000530434 0.0021979 -0.00610331 -1.34189e-05 0.000322864 -0.000238832 -4.69642e-06 -6.01094e-05 -2.57433e-05 0.00192367 -4.69747e-06 2.23591e-05 -1.41551e-06 -9.50697e-07 -0.00204201 
0 0.00337977 -1.48192e-05 -0.00451192 -2.87281e-05 0.00348054 -1.29136e-06 1.17943e-05 -1.12227e-06 -9.37773e-08 0.00699122 3.95004e-05 -6.04084e-05 -1.99595e-05 -4.51241e-05 1.37971e-05 -0.00342104 0.000157372 0.0207053 1.40968e-06 1.08579e-05 -4.39743e-05 -0.000143816 -5.62746e-06 -1.30906e-07 -4.71401e-07 -0.00089528 -7.98164e-07 -0.00113849 -3.69546e-06 0.000423975 -0.000718795 -1.29243e-06 2.63636e-05 0.00151533 -0.00183911 -3.63749e-05 -5.54398e-06 -0.000248282 -8.30129e-07 -3.15879e-05 1.21932e-05 -0.000677304 -0.00591785 -3.0984e-08 -0.00119911 1.04111e-05 -2.39731e-08 0.00453067 4.53158e-06 -0.000201667 0.000119796 3.73005e-06 -0.00337257 0.000159094 -2.26237e-08 9.76887e-05 0.000571953 8.15426e-05 5.59311e-07 -4.31046e-07 -0.00451822 -4.41482e-05 -0.00642475 0.00239815 -0.000117247 5.67035e-05 -6.13627e-08 -0.000496427 2.1022e-05 -3.72137e-06 0.000185502 1.67122e-05 0.000729637 -6.44904e-07 0.00241671 -8.77438e-06 1.00138e-06 -0.000588115 -0.000331369 -0.000295071 -1.98754e-05 -1.55233e-06 0.000138009 -5.3851e-05 -0.000807186 -0.00274048 -0.0012763 -2.98314e-05 -0.00114086 -0.000220068 -3.53599e-06 0.000184286 -1.59567e-05 -0.00349775 -3.32771e-06 -8.77576e-05 -1.87828e-07 -8.012e-07 -0.00118167 
0 -9.01782e-05 0.000514486 4.65947e-06 0.000452363 -0.000152023 1.19934e-05 0.000521402 3.1091e-07 5.12921e-07 -0.00018413 2.89236e-05 -4.40422e-06 0.000452799 1.64959e-06 6.85299e-05 0.000153548 -3.86779e-05 1.40968e-06 0.00209363 1.17172e-05 -0.000249237 9.55746e-05 5.27545e-07 -2.51065e-08 2.68446e-06 0.000134737 3.07639e-06 -0.000157519 -2.94683e-06 0.000286647 -6.6293e-05 6.9607e-06 -6.28325e-05 -4.31791e-05 -0.000867584 -3.57565e-06 -1.0086e-07 0.000128964 -8.23362e-08 1.02248e-05 4.51929e-05 0.000160884 -0.00073305 -1.63973e-07 -5.7332e-05 2.23597e-05 2.86511e-07 -0.000131028 2.01283e-05 5.06662e-06 2.37683e-06 -1.26218e-06 -0.00039975 0.000354422 2.87772e-06 -5.77587e-06 -4.16407e-06 -1.25101e-06 -2.39875e-07 2.68358e-07 0.000265455 1.1595e-05 0.000188561 -2.50765e-05 -1.25592e-05 2.60434e-06 5.04385e-06 -0.000867308 1.68427e-07 8.19499e-05 0.000119683 -3.54754e-07 0.00022008 4.18063e-06 -0.000144226 1.01124e-05 9.28141e-07 -0.000676765 -0.00044715 -2.07087e-05 1.30273e-05 8.45487e-05 -0.0011255 1.49879e-05 -7.36184e-05 0.000198801 0.000545316 8.48233e-05 4.46477e-05 2.05797e-05 8.74163e-07 -4.66526e-06 1.30915e-06 -0.000321422 1.23759e-05 1.9384e-05 3.67678e-07 -2.65834e-08 -0.000576412 
0 2.70155e-06 2.21307e-05 -8.96941e-06 7.19365e-06 2.3411e-05 4.43596e-07 2.1952e-05 -4.34171e-09 -3.62794e-10 -2.20098e-05 1.13388e-05 -2.79265e-07 1.9394e-05 -2.5203e-07 8.82954e-06 -3.31111e-05 2.63849e-07 1.08579e-05 1.17172e-05 8.18266e-05 -8.03597e-06 -3.20246e-07 -4.35644e-08 -9.79272e-10 -2.33952e-09 -1.62231e-06 -3.08784e-09 3.35774e-06 -2.50157e-07 7.4358e-06 1.60919e-06 -5.00002e-09 3.49828e-06 -7.20933e-08 -3.50353e-05 -1.03531e-06 -2.73369e-08 -2.29492e-07 -3.2115e-09 -2.75592e-07 9.16752e-07 2.36939e-06 -1.62607e-05 -6.39573e-09 -2.5668e-06 3.62106e-07 -9.27444e-11 1.95682e-05 1.3422e-06 7.46547e-07 -2.63914e-08 4.84102e-07 -3.87478e-05 1.64101e-05 -5.20278e-09 -2.51723e-07 7.82129e-06 6.76016e-09 -9.35628e-09 -1.66758e-09 -3.38933e-05 -6.58507e-07 -4.96457e-06 2.99481e-05 -3.81456e-08 1.44777e-06 -5.22369e-09 -6.41476e-07 -5.06376e-08 3.68055e-06 3.92699e-06 -1.38371e-08 -2.37603e-05 -1.37571e-08 2.41597e-05 2.70153e-07 3.2264e-08 -1.56742e-05 -2.8654e-05 8.75642e-06 -2.23429e-07 4.74868e-08 -2.32481e-05 -7.34224e-07 3.14208e-06 -4.20726e-05 6.44098e-06 9.22362e-06 1.41637e-05 -5.53098e-07 -1.57429e-08 4.06922e-07 -1.59996e-07 -1.99525e-05 -1.48082e-08 1.61694e-07 -4.29443e-09 -6.23752e-09 -2.89798e-05 
0 -9.76566e-05 -0.000263449 0.000253374 -0.000259587 2.94937e-05 -3.88563e-06 -0.000338055 -1.04576e-05 -1.03255e-06 0.000182096 -3.1427e-05 -1.1343e-05 -0.000182161 -5.93916e-05 -1.67376e-06 0.000168057 2.05145e-05 -4.39743e-05 -0.000249237 -8.03597e-06 0.00267609 1.92044e-05 -2.64715e-05 -1.16789e-06 -3.88995e-06 5.65011e-05 -1.49875e-06 -0.00105587 -6.85419e-05 -8.62105e-05 -3.91932e-05 -1.11138e-05 -0.00110168 -0.000176102 0.00036784 -0.000192148 -2.11036e-05 2.71351e-05 -2.28029e-07 -0.000729996 -3.82686e-05 -0.00127335 -4.11911e-05 1.65269e-07 5.62928e-05 -3.81802e-05 -2.85848e-07 -0.000125519 -1.03645e-05 1.89723e-05 1.83146e-06 -0.000130475 0.0014164 -5.21988e-05 -3.56738e-05 -1.23905e-05 -0.00110583 -9.74446e-06 -2.48766e-07 -4.11987e-07 0.000714258 -0.000124997 0.000630812 -0.000341731 -0.000650741 5.30538e-08 -3.95094e-06 3.51449e-06 -4.75072e-06 -6.58757e-05 -5.00416e-05 -1.41295e-06 7.81531e-05 3.3998e-07 1.96697e-05 -1.98581e-05 1.72831e-09 0.00132439 0.00110413 -0.000697216 -6.16274e-06 -4.09799e-05 1.16688e-05 -1.10578e-05 -0.000998404 0.000948504 0.000236034 -5.44123e-05 -0.000912507 -7.20061e-05 -9.51713e-06 -5.04556e-05 -4.23156e-06 0.000684562 -0.00012517 1.19345e-05 -3.88141e-06 -4.7177e-06 0.00114281 
0 -0.00014628 3.11868e-05 -0.000145122 -8.963e-06 -8.151e-05 1.70851e-07 -2.12396e-05 1.99433e-06 1.21052e-06 0.00186372 -2.60156e-05 1.86752e-05 -7.21068e-06 0.000106023 -4.99993e-06 -0.000877714 -0.000231404 -0.000143816 9.55746e-05 -3.20246e-07 1.92044e-05 0.0100559 2.14251e-05 -1.21571e-07 -1.79328e-07 0.00269683 -3.83339e-07 0.00138851 9.28881e-06 -7.39828e-06 0.000943393 -6.20724e-07 0.000772078 -0.000116464 -0.00043421 -9.10334e-05 -1.53817e-06 4.928e-05 -3.9869e-07 6.77516e-06 -2.67457e-06 3.20402e-05 -0.00364227 -7.93994e-07 -0.000293459 4.20981e-06 -1.15137e-08 -0.000727199 -2.85947e-06 -0.000125748 -2.57327e-06 -1.85619e-06 0.000110102 -3.4038e-05 -7.92299e-08 -2.11722e-05 -7.71414e-05 -4.64657e-06 7.71625e-06 2.0409e-07 -0.00110283 -6.43612e-05 -0.00250291 -5.24748e-05 -9.09783e-05 -1.06854e-06 8.84841e-07 -0.00276063 5.61581e-05 5.2729e-06 -6.88759e-05 -1.6178e-06 0.00255314 -1.08564e-06 -4.63937e-05 9.48992e-05 6.48948e-06 -0.00540941 4.91164e-06 0.000213149 -2.66597e-05 9.09418e-07 -0.000854542 -6.93056e-05 0.00104134 -0.00180668 0.00314761 7.21202e-05 -0.000516373 1.22098e-05 -9.09951e-07 2.03199e-06 0.000536848 -0.00184044 -1.67169e-06 -4.32085e-05 2.16687e-06 -2.74353e-07 -0.00143952 
0 -3.82807e-05 -8.4139e-07 -6.89422e-05 8.09132e-06 4.82112e-05 -7.78008e-08 3.64164e-07 -2.82444e-08 -2.36011e-09 -0.000205707 2.07294e-06 3.87722e-05 6.0512e-07 1.0516e-05 -3.13824e-07 -0.000248769 1.95467e-05 -5.62746e-06 5.27545e-07 -4.35644e-08 -2.64715e-05 2.14251e-05 0.000532072 -6.37052e-09 1.51447e-07 -2.42703e-05 -2.00875e-08 0.000228171 3.0306e-05 -5.04502e-07 -2.88921e-07 -3.25269e-08 0.000331606 3.82722e-05 1.44928e-06 3.30036e-05 1.22777e-05 -3.46915e-06 3.23552e-07 3.17833e-05 8.64709e-06 0.000143555 8.99899e-05 -4.16065e-08 5.94366e-05 -6.07926e-07 -6.03336e-10 2.30032e-05 -1.59157e-07 1.21051e-05 -4.66428e-07 1.3102e-05 -0.000274868 -5.22914e-06 -3.3846e-08 1.93513e-05 3.16876e-05 1.13812e-06 -6.0866e-08 -1.08482e-08 -0.000314415 6.43839e-06 -0.000107132 8.152e-06 5.46963e-07 2.06594e-06 7.66018e-07 0.000148384 3.81695e-07 -1.21022e-07 -5.46286e-06 3.65767e-05 -0.000181042 -8.94949e-08 9.15132e-05 4.51074e-06 3.37488e-07 -1.37447e-05 -0.000172565 0.000213114 -1.28682e-06 6.36399e-07 3.47983e-05 -3.19945e-06 0.0002796 -0.000443177 -0.000116865 1.64246e-05 0.000161889 -6.27253e-06 5.08698e-07 3.17718e-05 6.36369e-05 -0.000315214 2.09256e-06 3.88877e-05 2.3873e-07 2.26089e-07 -0.000349298 
0 1.53834e-06 2.90642e-06 -2.4557e-07 -2.0426e-08 5.73045e-06 -1.74886e-09 5.1279e-07 -6.34898e-10 -5.30522e-11 -1.27922e-06 4.00006e-07 -4.08376e-08 -1.71186e-08 -3.68549e-08 -7.05435e-09 -5.9322e-06 -3.4812e-07 -1.30906e-07 -2.51065e-08 -9.79272e-10 -1.16789e-06 -1.21571e-07 -6.37052e-09 1.19665e-05 -3.42114e-10 -6.77818e-07 -4.51542e-10 4.16264e-07 -3.6581e-08 2.11697e-06 1.71034e-07 -7.31163e-10 -4.35699e-07 4.88395e-06 -7.32503e-07 -1.56271e-07 5.84891e-07 -1.42421e-07 -4.69625e-10 1.42051e-08 7.03549e-07 2.97449e-06 -6.28304e-06 -9.35261e-10 -7.18395e-07 -1.36654e-08 -1.35622e-11 4.89417e-06 -3.57763e-09 3.86634e-06 -1.19833e-08 -7.19915e-09 -4.27473e-06 -4.33981e-08 -7.60814e-10 -3.681e-08 8.31902e-08 7.06423e-08 -1.36819e-09 -2.43854e-10 -3.99793e-06 -9.6295e-08 -5.67089e-07 -1.45692e-07 4.50077e-07 -2.76377e-09 -7.63872e-10 2.66354e-06 -7.40484e-09 -4.46875e-09 -1.35786e-07 -2.02343e-09 -2.18793e-06 -2.01173e-09 3.00367e-06 -2.22374e-08 -1.56364e-10 -8.96415e-06 2.16332e-07 -2.05387e-07 -3.26725e-08 -1.17991e-09 -2.61764e-07 -4.12255e-08 1.35755e-08 -9.4321e-06 -3.73731e-07 -3.06675e-08 2.07271e-06 -1.29887e-07 -2.30212e-09 4.28946e-07 -2.33966e-08 -3.19603e-06 -2.16543e-09 -3.66455e-09 -6.27984e-10 -9.12126e-10 1.53412e-07 
0 -1.91966e-06 1.56493e-05 -1.11187e-05 2.22898e-06 -1.41505e-06 8.47108e-08 1.53756e-05 -1.5168e-09 -1.26744e-10 -8.25057e-06 9.53713e-07 -9.75628e-08 1.54369e-05 -8.80481e-08 1.11498e-05 1.29608e-06 -3.31673e-07 -4.71401e-07 2.68446e-06 -2.33952e-09 -3.88995e-06 -1.79328e-07 1.51447e-07 -3.42114e-10 2.85881e-05 2.10967e-06 -1.07875e-09 2.8103e-06 8.68162e-07 1.25708e-05 -9.98274e-07 -1.74678e-09 3.29243e-06 8.19783e-08 -1.82282e-05 -3.73338e-07 -9.55028e-09 4.19474e-09 -1.12196e-09 1.59503e-06 -4.46101e-08 5.13095e-06 -1.56362e-05 -2.23438e-09 5.86796e-07 -3.26472e-08 -3.24007e-11 -2.1147e-06 1.02564e-07 -2.69345e-07 -2.86286e-08 -1.71991e-08 -1.70204e-05 1.27309e-05 6.20405e-07 9.45393e-07 3.32656e-07 -1.70469e-08 -3.26866e-09 -5.82578e-10 -2.49226e-06 -2.30053e-07 -5.25305e-06 2.90749e-06 2.74615e-06 2.60064e-07 3.09286e-07 -1.2434e-05 -1.76905e-08 2.84488e-06 4.24227e-06 -4.83406e-09 -1.26505e-06 -4.80611e-09 -1.98211e-06 -5.31261e-08 -3.73561e-10 -2.05018e-05 -2.12276e-05 5.02969e-06 2.33055e-07 2.36385e-06 -1.58776e-05 3.35955e-08 3.23359e-06 -1.25607e-06 1.35074e-05 5.33785e-06 4.53531e-06 7.05204e-06 -5.49987e-09 -6.35712e-08 -5.58954e-08 -1.6068e-05 -5.17332e-09 1.24741e-06 2.54055e-07 -2.17911e-09 -1.21519e-05 
0 -0.00280261 0.000112028 0.000159868 -8.14681e-05 -0.00306568 3.99747e-06 0.000215668 6.16778e-06 1.05588e-06 0.0279448 0.000310709 -6.11664e-05 -5.67006e-05 -0.000139073 -1.33935e-05 0.00388083 -0.0010683 -0.00089528 0.000134737 -1.62231e-06 5.65011e-05 0.00269683 -2.42703e-05 -6.77818e-07 2.10967e-06 0.0542563 -2.02789e-06 -0.00481952 -0.000175266 0.000479343 -0.00191926 -3.01757e-06 -0.00201461 -0.00117522 -0.0042602 -0.000618062 -1.68318e-05 4.10019e-05 -1.80378e-06 3.12696e-05 -8.57444e-05 -0.00112097 -0.0377374 7.9672e-06 0.000327261 -2.66432e-05 -3.19135e-08 -0.00288893 -6.77839e-06 -0.000931218 -5.27951e-05 -3.46345e-05 0.00283747 -0.000330699 -2.76022e-06 -0.000152579 -0.000564114 -1.56059e-05 -5.37114e-06 1.20461e-06 0.00619571 -0.00025299 -0.0216714 -0.000632613 -0.000490924 -9.58516e-06 1.1614e-05 -0.0332603 2.83981e-05 -6.02104e-06 -2.23264e-06 -8.89012e-06 0.0316278 -4.28939e-06 -0.00294311 -1.44904e-06 -7.52257e-07 -0.0212077 0.000754601 -0.000326286 -0.000124818 -5.16536e-06 0.00180857 -5.34924e-05 -0.00230541 0.00382345 0.0332596 -8.45279e-05 -0.00323957 -0.000135033 -9.47533e-06 -0.000126149 -0.000102692 -0.0203901 -1.04177e-05 -0.000191859 -1.8785e-07 -2.7215e-06 0.00375563 
0 -9.7674e-07 6.88951e-06 -5.63277e-06 2.08004e-06 -2.49913e-06 3.94485e-07 5.37626e-06 -2.00196e-09 -1.67284e-10 -1.41592e-05 -1.05088e-07 3.82679e-06 4.77935e-06 -1.16211e-07 1.46665e-06 -1.2886e-05 -6.97692e-07 -7.98164e-07 3.07639e-06 -3.08784e-09 -1.49875e-06 -3.83339e-07 -2.00875e-08 -4.51542e-10 -1.07875e-09 -2.02789e-06 3.77319e-05 4.25794e-06 9.29576e-06 4.06812e-06 2.24908e-06 4.21389e-08 5.44838e-06 -7.86372e-07 -1.74258e-05 -2.70531e-07 -1.2605e-08 7.31402e-08 -1.48082e-09 -2.70529e-07 2.18899e-07 4.00191e-06 -3.64828e-06 -2.94907e-09 1.15228e-05 1.23577e-07 -4.27644e-11 -3.40866e-07 1.9983e-07 1.91877e-06 1.77698e-08 -2.27004e-08 -1.03831e-05 1.40169e-06 -2.399e-09 9.83949e-06 1.5565e-06 9.99723e-07 5.12414e-08 -7.68921e-10 -9.63762e-06 -3.03638e-07 1.5937e-05 -2.03841e-07 -4.37702e-07 -8.71472e-09 8.70247e-09 -2.0458e-06 -2.3349e-08 1.08591e-06 2.77184e-06 3.41584e-06 -8.8044e-06 8.71434e-07 2.39448e-07 -7.0119e-08 -4.93049e-10 -1.85616e-06 -1.0629e-05 -2.63844e-07 1.76364e-06 1.30739e-06 -2.42562e-05 -4.10277e-07 -1.56883e-06 -1.11056e-05 5.07868e-06 -7.812e-09 1.07357e-05 5.10959e-07 -7.25905e-09 4.56054e-06 1.02623e-06 -1.67117e-05 -6.82806e-09 -1.86733e-07 -1.98016e-09 3.04572e-08 -8.72793e-06 
0 -0.0060933 -0.00025952 -0.00610673 0.00023463 0.0203439 -5.8679e-06 -9.28798e-05 2.15859e-05 3.07975e-07 -0.017525 -0.000125878 -0.000113569 -5.15555e-05 0.00157758 -4.3739e-05 -0.0293373 -0.0016156 -0.00113849 -0.000157519 3.35774e-06 -0.00105587 0.00138851 0.000228171 4.16264e-07 2.8103e-06 -0.00481952 4.25794e-06 0.0785381 0.000140504 -0.000671249 0.0161998 5.9836e-06 0.023588 0.00590763 0.00134408 -0.00021702 9.852e-05 -0.000638101 2.89477e-06 0.00390191 0.000330119 0.0109933 0.0174744 -6.21516e-06 -0.00155246 -5.40173e-05 -9.73765e-08 0.00178163 8.25711e-06 -0.00135843 -5.78953e-05 0.000401477 -0.0167003 -0.000968506 3.93151e-05 0.0014368 0.0039406 5.9912e-05 6.26209e-05 7.57136e-06 -0.0440109 0.000593171 -0.0253236 0.00611911 0.00704726 2.42673e-05 6.85986e-06 0.0165683 2.38667e-05 -1.95078e-05 -0.000946672 0.000137927 -0.011204 1.31114e-05 0.0211221 0.000123269 8.27731e-06 -0.0111342 -0.0129856 0.0115506 -0.000141888 -2.86064e-06 0.00228421 -0.000150185 0.025028 -0.0412318 -0.0160171 0.00040833 0.00725824 -0.000985188 0.000138537 0.00125818 0.00138171 0.00255086 0.000148419 -0.000124144 -2.65336e-06 -1.53793e-06 -0.038815 
0 -5.29126e-05 -5.88491e-06 -0.000120232 2.77101e-06 -1.58897e-05 -4.46751e-07 -9.7024e-06 4.26004e-06 -1.35523e-08 -0.00112618 1.41754e-05 1.85684e-06 -3.8952e-06 -5.99245e-06 -1.23538e-06 -0.000299219 4.4943e-06 -3.69546e-06 -2.94683e-06 -2.50157e-07 -6.85419e-05 9.28881e-06 3.0306e-05 -3.6581e-08 8.68162e-07 -0.000175266 9.29576e-06 0.000140504 0.00304757 -1.4609e-05 -3.43086e-06 1.92433e-06 0.000434878 -3.93401e-05 -8.96643e-05 -3.66752e-05 3.20104e-06 -3.49595e-05 -1.19967e-07 4.6128e-05 2.29856e-05 0.000505833 0.000556319 1.4722e-06 0.000488894 9.21758e-05 -3.4645e-09 -5.29396e-05 -3.91692e-07 0.000312488 7.37218e-06 -1.36126e-06 -0.000440127 -2.2603e-05 1.38982e-07 0.000105441 1.03578e-05 -1.04499e-06 9.61604e-07 1.15485e-07 -0.001908 -2.06099e-05 0.00105305 2.45715e-05 -5.03757e-06 7.06066e-06 1.82645e-07 0.000849963 -1.89158e-06 8.32511e-06 -2.15423e-05 6.83498e-05 -0.00104814 1.26388e-06 -7.49957e-05 -5.01392e-06 -3.99436e-08 -4.52369e-05 -0.000135815 0.000133518 -6.36847e-06 -3.01411e-07 -0.00147921 -3.05491e-05 -4.33077e-05 -0.000808169 -0.000616581 9.32585e-07 0.00129008 -1.98295e-05 -5.88082e-07 4.16803e-05 3.11677e-05 -0.000189194 2.00239e-06 1.44499e-05 -1.6042e-07 -2.33005e-07 -0.00029223 
0 -0.000370687 0.00142884 -0.000446929 0.000258798 -0.000357691 3.70702e-05 0.000933779 1.12556e-05 1.27674e-07 0.0015151 0.000195871 -2.58931e-05 0.000788618 -2.3477e-05 0.000515493 0.000623272 0.000131302 0.000423975 0.000286647 7.4358e-06 -8.62105e-05 -7.39828e-06 -5.04502e-07 2.11697e-06 1.25708e-05 0.000479343 4.06812e-06 -0.000671249 -1.4609e-05 0.00871804 -0.000242842 -5.37399e-07 -0.000242702 -0.000128454 -0.00473251 -9.94799e-05 -3.49263e-07 -5.02893e-05 4.37183e-08 1.90637e-05 5.60312e-05 0.000841452 -0.00438004 9.59037e-06 -0.000450592 2.89377e-07 2.34476e-07 3.33643e-05 7.57705e-05 -0.000135252 2.0035e-06 -5.29131e-06 -0.00155544 0.00130377 3.01859e-06 -2.01106e-05 -4.36204e-05 2.00222e-05 -5.6074e-09 -1.79231e-07 0.00149737 0.000170191 -0.00134811 -4.29935e-05 -6.34256e-05 3.88575e-05 7.283e-06 -0.000707411 -2.36472e-06 3.25044e-05 0.000742487 -8.64982e-07 1.90547e-05 -8.11938e-07 -0.000549098 8.91126e-06 8.50734e-08 -0.00286882 -0.000728087 -0.000166868 -5.46954e-06 4.63439e-05 -0.00224415 3.66703e-06 -0.000317296 0.000543605 0.00309723 0.000320682 0.000215102 0.000154956 -1.69204e-06 -1.91911e-05 -1.25518e-05 -0.00222588 8.40842e-06 -3.29596e-05 6.26066e-06 2.51817e-07 -0.000221228 
0 -0.00271226 -7.94176e-05 -0.00131543 -4.17357e-05 0.014632 -1.91422e-06 -0.000117122 9.40295e-06 5.34085e-07 -0.0120817 -4.10699e-05 -1.74624e-05 -1.15291e-05 0.000816348 -1.93287e-05 -0.0191418 -0.000397621 -0.000718795 -6.6293e-05 1.60919e-06 -3.91932e-05 0.000943393 -2.88921e-07 1.71034e-07 -9.98274e-07 -0.00191926 2.24908e-06 0.0161998 -3.43086e-06 -0.000242842 0.033699 -2.1335e-06 0.00729644 0.0032436 0.000532844 -0.000428258 4.16687e-05 0.00108941 4.85208e-07 0.000492621 0.000487702 -0.000190693 0.00662271 -2.30683e-06 -0.00201961 7.72471e-05 -3.9574e-08 0.0035372 1.14495e-05 0.000550722 -1.88445e-05 4.66265e-05 -0.0010454 -0.000350952 1.05775e-06 4.2101e-05 -0.000195577 3.9479e-05 3.02299e-05 1.65511e-06 -0.0166442 -7.42181e-05 -0.00487746 0.00130308 0.000586186 1.45354e-05 1.42599e-05 0.00431103 7.87041e-05 2.80481e-06 -0.000383551 -5.73762e-06 -0.00496626 6.66319e-06 0.0161398 0.000102457 3.92151e-06 -0.00297953 -0.000985252 -0.000205698 -7.42369e-05 -2.57627e-06 -0.00823775 -0.000255424 0.00342229 -0.0192587 -0.00535653 9.74246e-05 -0.00160393 0.000342361 1.28936e-05 0.000764688 0.0012412 0.00379896 -3.39643e-06 -2.62019e-05 -1.72132e-06 -1.45044e-06 -0.0135258 
0 -6.98958e-07 6.11579e-06 2.3124e-07 6.09571e-06 -2.30765e-06 -8.92943e-09 7.32609e-06 -3.24169e-09 -2.70877e-10 -2.64713e-05 -1.70164e-07 2.58038e-06 5.96815e-06 -1.10398e-07 -3.60185e-08 2.01283e-06 9.55887e-07 -1.29243e-06 6.9607e-06 -5.00002e-09 -1.11138e-05 -6.20724e-07 -3.25269e-08 -7.31163e-10 -1.74678e-09 -3.01757e-06 4.21389e-08 5.9836e-06 1.92433e-06 -5.37399e-07 -2.1335e-06 6.10963e-05 1.42532e-05 -1.27334e-06 -5.01721e-06 1.92433e-06 -2.04108e-08 -2.38291e-07 7.53799e-08 4.95083e-06 3.37993e-07 2.04192e-05 3.67711e-06 -4.7753e-09 2.0646e-05 2.27467e-06 -6.92467e-11 -4.96424e-07 -1.82669e-08 -9.93054e-07 -6.11849e-08 1.18798e-07 -3.21881e-05 2.44433e-07 -3.8846e-09 1.1565e-06 1.73199e-05 -3.64326e-08 -6.98577e-09 -1.24508e-09 -3.16256e-05 -4.91668e-07 4.21527e-06 6.45007e-07 1.05135e-05 -1.41114e-08 -3.90022e-09 8.72324e-06 -3.7808e-08 5.31052e-06 -6.93302e-07 -1.03313e-08 -1.84608e-05 -1.02716e-08 -1.59171e-06 2.53126e-07 -7.98373e-10 -1.56361e-05 -2.82066e-05 8.22558e-06 -1.66821e-07 4.27175e-06 -2.24299e-05 -3.31011e-07 1.12485e-05 -2.31536e-05 1.51985e-05 1.24342e-06 3.55913e-05 4.67498e-08 1.04679e-08 7.86358e-07 3.88054e-06 -3.29559e-05 8.89436e-08 1.63096e-06 -3.20639e-09 -4.65718e-09 -4.1825e-05 
