0.0080999 -8.1276e-05 3.80301e-06 3.26153e-05 0.00156659 8.95917e-05 -0.00241126 -0.00105832 -0.000180752 -0.00187781 -0.000423941 -0.000208828 -0.00124432 -0.000873017 -2.3511e-05 -1.20103e-05 2.47301e-05 -0.000145508 -3.05008e-05 -1.85817e-07 -0.000102592 -0.000155842 -2.96349e-05 3.57544e-05 -8.11845e-06 -4.7958e-05 -0.000350183 0.000802999 -2.62181e-06 -0.000309361 1.59685e-05 -0.00238934 0.000375281 -0.000402326 0.00197772 0.00222176 -0.000240511 -0.000663505 -0.00173466 3.68453e-07 -0.00066756 -9.58467e-05 -0.000349656 -9.75052e-06 -0.000150202 -7.05891e-06 0.00305043 0.000530615 0.00197445 -0.000234933 -0.000228097 0.001028 -0.000458133 -0.000130921 -0.000163886 2.03761e-07 -0.000111637 0.000510909 0.000201928 -0.000603094 0.000892402 -3.2756e-05 -0.000179274 -0.000840401 0.00216688 0.00122638 -9.4733e-05 -0.00157494 -0.000380127 -0.000543387 8.93203e-05 -0.000512616 -3.72552e-05 -2.52791e-05 -0.00122591 0.000304874 -0.000641133 -8.68865e-06 -0.000581146 -0.000118258 -1.38166e-06 -5.42595e-05 0.000196112 6.90531e-05 -0.0014551 0.000115116 -7.62537e-05 -0.000457597 -0.000608563 -0.00149226 0.000284767 0.00114323 -2.21397e-08 -0.00119872 -0.000521137 1.29939e-05 -5.89685e-06 0.00189156 -2.45176e-05 -2.60292e-05 
-8.1276e-05 0.0123098 -1.88241e-05 -0.000301981 -0.00245031 0.000375909 0.00380264 -0.00101896 -0.000144201 0.00338998 -0.000124545 0.000787033 -0.00241127 0.00235348 0.000524134 -3.0309e-05 -5.16684e-05 0.000633844 -2.46818e-05 3.05613e-06 0.000222473 -0.000218321 -4.22192e-05 -0.000490376 0.000118789 0.00062165 0.000350726 -0.00185654 -1.97697e-05 3.71717e-05 -1.16516e-05 0.00490086 0.000443963 -0.000810244 -0.00188492 0.00198697 -0.000158223 -0.000922917 0.00395963 1.71663e-06 -0.000204403 -1.80423e-05 -0.000583033 -1.49981e-05 -0.0002169 -2.79674e-05 -0.00255406 -0.00532551 -0.00444308 0.00354587 -0.000244128 1.26783e-05 -0.00111222 -0.00021962 -0.00113591 5.47514e-06 -0.00015327 -0.0006971 0.000156358 -0.000126833 -0.00302476 -0.00012035 -0.000349513 -0.00141967 -0.00403339 -0.00315791 0.00240888 0.00488584 -0.00193687 -0.000161727 -0.00159389 -0.000784722 -5.93649e-05 -4.72801e-05 0.00316923 -0.000221139 -0.000430299 -1.86379e-05 -0.00169645 -0.000326536 8.09787e-07 -5.30382e-05 -0.00102329 -8.41215e-06 -0.00066425 7.67861e-05 -0.00195519 -0.000225584 0.00253098 -0.00215628 -0.000126585 -0.0017266 6.68196e-06 0.0046017 0.00343819 -0.000246307 -1.93645e-06 -0.00289571 0.00074086 -0.00178822 
3.80301e-06 -1.88241e-05 0.00157539 -7.12579e-05 -0.000365631 2.51133e-05 -0.000549849 -0.000193113 -0.00101885 -0.000497557 -3.72419e-05 -4.69448e-05 -0.000301052 -0.000787879 1.65652e-05 4.4142e-08 1.76602e-06 -2.86099e-05 -6.31993e-06 -7.02506e-08 -5.03864e-05 -2.45139e-05 -3.38922e-06 -4.46233e-05 -2.58656e-07 -1.76353e-05 -5.46294e-05 -0.000281893 6.5013e-06 -8.39232e-05 -2.27124e-06 -0.000647083 -1.01094e-05 -0.000131639 -0.000518574 -0.000689577 -6.6903e-05 -0.00041429 -0.000499536 1.47111e-07 -0.000373069 0.000145352 -4.54486e-06 -1.91397e-06 -2.72141e-05 0.000174577 0.000278695 -0.000102136 0.000408118 -0.000629792 0.000465797 -5.32879e-06 7.97094e-05 0.000720122 0.00129874 -7.12009e-07 0.000558642 -0.00011882 -1.82361e-06 0.000541449 0.000344692 -1.05673e-05 -4.44252e-05 -0.0001092 -0.000371815 0.000927487 1.66052e-05 -0.000446284 0.000254736 -7.64806e-05 0.000828865 -0.000161037 -6.41611e-06 -2.15572e-06 -0.00049663 1.02223e-05 0.000504452 4.72572e-06 0.000117978 -3.60935e-05 -2.48269e-07 -2.3313e-05 0.000942044 -1.03601e-06 -0.000103728 -2.51301e-05 0.00106491 0.000129699 -0.000681452 0.000440041 0.000150246 -0.000201677 -1.33085e-07 -0.000574557 -0.000663631 0.000184891 -1.23809e-06 -0.000508409 -4.36197e-06 0.00105769 
3.26153e-05 -0.000301981 -7.12579e-05 0.0491619 0.00135071 -6.23684e-05 -0.016254 -0.00660447 0.0109089 0.0082999 -0.00247085 -0.000151799 -0.0100486 -0.0177492 0.00117541 0.000295121 0.000993335 0.00297105 -0.000172088 -4.64047e-07 -0.00012704 0.00390218 0.00178233 0.00251553 -4.12247e-05 -0.000292575 -0.000637902 -0.000229944 2.68374e-05 0.00202975 -4.05616e-06 0.00917453 -0.000373243 -0.00392619 -0.00910263 -0.00872807 -0.00155436 -0.00864044 -0.00650063 1.99699e-05 0.018303 0.00181787 -0.00100805 -4.995e-05 0.00265826 0.00010067 0.00477856 -0.00359746 -0.0107077 0.00448016 7.75821e-05 -6.06922e-05 -0.00509644 -0.000368656 -0.000802378 -1.85416e-05 1.12979e-05 -0.00327317 -3.8535e-05 -0.00617845 -0.00609637 -0.000141151 -0.00144304 -0.00517244 -0.00810059 -0.00625363 -0.000645518 -0.00791164 -0.00596166 -0.00429442 -0.00387016 -0.00510364 0.001565 -2.1762e-05 0.00638751 -0.000688574 0.0251656 -3.00214e-05 0.00501668 3.00122e-06 1.44367e-05 -0.000803931 0.014737 0.0011971 0.0113126 -0.00107964 -0.00621165 -0.00380058 -0.00722025 0.00906655 0.00109058 -0.00544365 -4.62176e-07 -0.00019314 0.00352576 0.000499743 -3.6618e-05 -0.0127476 2.51113e-05 0.0120435 
0.00156659 -0.00245031 -0.000365631 0.00135071 0.198222 0.00112313 -0.142235 -0.0345733 0.015569 -0.0846362 -0.014587 0.00448284 -0.0516314 0.00327846 -0.00204376 -0.000263299 0.00109098 0.00968761 -0.000954862 5.1809e-06 -0.0111704 -0.00534409 -0.000197765 -0.00408088 -0.000272661 0.00432338 -0.0123221 0.119149 0.000190521 -0.00538122 0.00039515 -0.121509 -0.00100876 -0.0251891 0.136702 0.0562329 -0.00962876 0.0728801 -0.0607853 -4.60045e-05 -0.0116739 0.00356787 -0.012195 -0.000171785 -0.00299926 -0.00071798 0.0815944 0.105522 0.123241 -0.106951 0.00929481 0.000406835 0.0478773 -0.00186073 0.00205884 2.24016e-05 -0.0010325 0.0465425 -0.000823919 -0.05415 0.153171 0.00769852 0.016876 0.0229307 0.12401 0.0473915 -0.00219312 -0.0797792 -0.0468355 -0.02411 -0.00924365 -0.0285324 0.0032174 -0.000100539 -0.0885343 -0.00507034 -0.0272337 -0.000344659 -0.043369 -0.00684511 -4.88653e-05 -0.00421071 0.00214559 -0.0001538 -0.0460224 0.0104935 -0.00751195 0.0109236 -0.0992935 -0.134961 -0.000758379 -0.0244797 2.16868e-05 -0.00715596 -0.0627275 0.00971014 -0.000178437 0.128655 -0.000304307 -0.050372 
8.95917e-05 0.000375909 2.51133e-05 -6.23684e-05 0.00112313 0.00998775 0.000585537 0.00288444 0.000294387 -0.00145773 -0.000430219 0.000504172 -0.00130077 0.000943555 9.53543e-05 8.28893e-06 0.000215803 9.17554e-05 1.30725e-05 2.45079e-06 0.000149519 -0.000186705 -3.20576e-05 -0.000366232 -8.29574e-06 -9.93615e-05 0.00225015 0.00126881 8.62438e-05 -0.000738797 -1.26529e-05 0.000884117 3.90755e-05 -0.000654674 -0.00118057 -0.00274168 0.000274458 -0.00144757 0.000326758 3.37701e-07 -0.00133668 5.30054e-05 -0.000559576 2.17836e-05 -0.000222812 -2.63684e-05 0.000104765 -0.0022626 -0.000581633 -0.000841506 0.00162642 -4.40626e-05 0.000538899 5.71517e-05 0.00013764 7.53583e-05 -7.98794e-05 0.0011243 0.000331192 0.00141057 0.000417842 0.000286189 -0.000103853 -0.00103452 -0.00118791 -0.000333743 0.000147828 0.00242782 -0.000930828 0.000528223 -0.000647548 -0.00102901 6.36647e-05 -2.7098e-05 -0.00115358 -0.00019142 -0.000806537 9.1046e-05 0.000546903 -0.000297222 -4.38389e-07 -1.04358e-05 -0.000215024 5.06661e-05 -3.91103e-05 0.00142234 -0.000137456 -0.000637461 -0.000455704 -0.00229023 3.79007e-05 -0.000713545 5.08234e-06 -0.00211366 -0.000428386 0.000285131 -4.92793e-06 -0.00133698 0.000490469 -0.00200054 
-0.00241126 0.00380264 -0.000549849 -0.016254 -0.142235 0.000585537 0.247323 0.0386209 0.000308302 0.102209 0.0216126 -0.00220627 0.0555955 0.0433585 0.00111077 -0.00117393 -0.00200036 -0.0107665 0.000917323 -1.56315e-05 0.0175991 0.00187879 -0.00181558 -0.00867025 0.000477562 -0.00252292 0.020801 -0.0958777 -0.000736402 0.00911707 -0.000459223 0.150052 -0.00147193 0.0337601 -0.147646 -0.0525946 0.0164798 -0.0725176 0.100381 7.13546e-05 -0.0191093 -0.00773776 0.0119868 -0.000233964 -0.000545301 -0.000837737 -0.107799 -0.161602 -0.175574 0.121083 -0.022157 -0.00358906 -0.0592125 -0.00733445 -0.034455 -2.76485e-05 -0.00931564 -0.0428284 0.00125584 0.0627857 -0.162591 -0.00760032 -0.0155554 -0.029684 -0.154244 -0.070568 0.00384398 0.128269 0.0624269 0.0359878 -0.00697193 0.0421704 -0.00311312 -0.000579728 0.105642 0.00839762 -0.00142967 0.000270951 0.0289343 0.00724872 5.51568e-05 0.00495 -0.0411807 -0.00128665 0.0363513 -0.00989327 -0.0329413 -0.0170629 0.11223 0.140211 -0.00232792 0.0130165 3.74701e-07 0.0417363 0.0777933 -0.00986081 -7.47222e-06 -0.153237 0.000598271 0.0211124 
-0.00105832 -0.00101896 -0.000193113 -0.00660447 -0.0345733 0.00288444 0.0386209 0.121488 0.0199603 0.000268004 -0.000134481 -0.00386127 0.0330475 0.0102869 -0.000487013 -0.000454871 -0.000650465 -0.00283402 0.000873027 -4.57828e-06 0.00174551 -0.000600094 -0.00040253 0.0108012 -5.37781e-05 -0.00055151 0.0103399 -0.0247171 -0.000190141 -0.00956478 -0.000218688 0.0182517 0.00172881 -0.00792738 -0.0329536 -0.0356031 -0.00342208 0.00546769 -0.00883765 -2.0756e-05 -0.0269976 -0.00221216 -0.000744253 -2.37894e-05 -0.00291211 -0.000305141 -0.0434553 -0.00849093 -0.0345334 0.00670675 -0.00593207 -0.000928958 -0.0145084 -0.000791787 -0.01042 1.88316e-05 -0.00246894 -0.0107568 0.000634477 0.0500987 -0.0391325 -0.00219487 -0.00391495 -0.0073163 -0.0197695 -0.0235784 0.00105852 0.0449064 0.024991 0.0200949 -0.00154031 -0.00297868 -0.000752351 -0.000546967 -0.020787 0.000545985 -0.00890148 -0.000115441 0.0694235 0.000800536 9.85875e-06 0.00154327 -0.00976151 -0.000315206 -0.0190233 -0.00306746 0.010322 -0.00893931 0.0424037 0.0219834 -0.000975138 0.0312418 1.37522e-06 -0.0224252 -0.0172692 -0.00309661 0.000180105 -0.0241605 -0.000325774 -0.0194209 
-0.000180752 -0.000144201 -0.00101885 0.0109089 0.015569 0.000294387 0.000308302 0.0199603 0.202911 0.0402136 -0.0351214 0.00687349 -0.0836746 0.0681911 0.000771305 -0.000334501 -0.000801473 0.00491811 -0.00243788 -1.29336e-05 0.00791133 0.00431457 0.00074761 -0.0150449 -0.0007708 -0.00143855 0.0116032 0.0157303 -7.16126e-05 -0.0540982 -0.000407402 0.0524017 -0.000673541 -0.0704027 0.0205472 0.0580144 -0.030354 0.0192195 0.0819781 -0.000153897 0.0624246 -0.00455349 -0.0378509 -0.0001398 -0.0031713 -0.00114944 -0.0268545 -0.00680559 0.00452699 0.0682679 -0.0211261 -0.00252947 -0.0201389 -0.00857356 -0.0649091 -0.000225443 -0.0110259 -0.00686871 2.6999e-05 0.00748135 -0.00810486 -0.00615128 0.00265425 -0.0408374 0.0252464 -0.11278 -0.000781232 0.0472343 -0.0778079 -0.0259572 -0.0748232 -0.0857721 -0.000376981 -0.00202206 0.0503896 0.00168589 0.0368044 -0.00106788 0.039772 -0.0218194 -6.57339e-05 -0.0109512 0.00181737 0.000616961 -0.0215573 -0.0119603 -0.0470471 -0.0391907 0.0959527 -0.0100703 -0.00433988 -0.0433748 -7.50463e-08 0.078103 0.0891834 -0.00879968 -0.000202865 0.0141459 -9.61417e-05 -0.100699 
-0.00187781 0.00338998 -0.000497557 0.0082999 -0.0846362 -0.00145773 0.102209 0.000268004 0.0402136 0.218319 0.00689977 0.000415709 -0.0207742 0.028355 -0.000759137 -0.000681461 -0.00090645 -0.00332644 0.00093357 -1.36699e-05 0.000555996 0.00700567 -0.000447392 -0.0136926 -0.000144335 -0.00308442 -0.00297259 -0.0517818 -0.000531113 -0.0128528 -0.000404092 0.156827 -0.00066954 -0.0242652 -0.105128 0.0115278 0.00124492 -0.0632598 0.0664584 -9.48174e-05 0.0589172 -0.00493176 -0.0162983 -0.000164685 0.000956252 -0.000960344 -0.0648727 -0.135228 -0.122155 0.162896 -0.0133133 -0.00216337 -0.0346669 -0.00579214 -0.0394283 -0.000114716 -0.00519833 -0.0250929 0.000469691 0.00754284 -0.0937858 -0.00630785 -0.00904765 -0.0533982 -0.122017 -0.0940257 0.000162783 0.0960889 -0.0157053 0.0244819 -0.0426137 0.00119316 -0.00203074 -0.00119512 0.142703 -0.00158411 0.0715384 -0.000100228 -0.0141262 -0.00986284 2.57305e-05 -0.00512258 -0.00642244 0.000764824 0.0440402 -0.00688221 -0.0576108 -0.0275902 0.078526 0.10092 -0.00295729 -0.0489235 -6.69295e-06 0.0485652 0.0976116 -0.00709309 -0.000139166 -0.109778 -0.000983934 0.013623 
-0.000423941 -0.000124545 -3.72419e-05 -0.00247085 -0.014587 -0.000430219 0.0216126 -0.000134481 -0.0351214 0.00689977 0.050715 -0.00160961 0.0356937 -0.00485928 0.000855887 -0.000168608 -1.26161e-05 -0.000958787 6.37684e-05 1.19199e-06 -0.00148387 -0.000847588 -9.07692e-05 0.00184378 0.000798047 -0.00065527 -0.00158 -0.00658364 -2.89377e-05 -0.00107495 -5.71354e-05 0.0206756 -0.000433263 0.0261765 -0.0200205 -0.0239108 0.0311522 -0.00989342 -0.0173054 0.000168355 -0.0118472 -0.000769985 0.0165146 -6.13671e-05 0.00318698 0.000544836 -0.0262924 -0.0144215 -0.0229431 -0.00238899 -0.00193848 -0.000394611 -0.00576668 -0.000966779 0.00553304 2.59416e-05 -0.000624273 -0.00420238 -4.09413e-05 0.00330669 -0.0158378 0.000824983 -0.00150249 -0.00864402 -0.020803 0.00359015 -0.000641458 0.00749049 0.0303396 0.0212308 -0.00346269 0.0427548 0.000289941 0.000490481 -0.00285925 0.00100475 -0.00813931 0.000694636 -0.010454 0.00475047 5.24369e-05 0.00381615 -0.00371726 -1.85399e-05 0.0252111 -0.000883734 -0.0089674 -0.00446385 -0.0253655 0.0161054 -0.000543944 -0.00130458 -4.47528e-06 -0.0217916 -0.0216466 -0.0011681 0.000118809 -0.0191978 -0.000140464 0.0345871 
-0.000208828 0.000787033 -4.69448e-05 -0.000151799 0.00448284 0.000504172 -0.00220627 -0.00386127 0.00687349 0.000415709 -0.00160961 0.0297731 -0.00609828 5.44543e-05 0.00195054 0.00180368 0.000624643 0.00353149 -0.000113235 5.86576e-06 -0.000912227 -0.000505002 0.000313473 -0.00111342 -2.51196e-05 0.000411988 0.00207608 0.00743632 0.000115161 -0.00164906 -4.6784e-05 0.00425417 -0.000236372 -0.00173059 -0.00123004 -0.00315442 -0.000806385 -0.00127829 0.00167027 -6.69791e-06 0.0135453 6.05817e-05 -0.00170851 0.000351274 0.00399793 -7.38562e-05 -0.00598237 -0.000226639 -0.00471625 -0.0060058 7.43982e-05 -0.000212769 0.000231371 -0.000423714 -0.00383071 2.97726e-05 -0.000515468 0.00278502 0.00011029 -0.0057109 0.00286204 0.000840634 0.000702905 -0.00376154 -0.000278024 -0.00659184 -4.60629e-06 -0.000425248 -0.00545402 -0.00247009 -0.00390478 -0.00380172 -0.000169923 0.000305499 0.00160801 -6.73559e-05 0.00460603 -2.77159e-05 -0.0053637 -0.000963842 -5.66494e-06 -0.000492965 0.000319215 0.000357334 0.00679197 0.00225763 -0.00434504 -0.00210494 -0.0114019 -0.00315952 0.000744378 -0.00430165 4.82314e-05 0.00131928 0.00640106 -0.0006338 -1.67464e-05 -0.00125761 0.00247743 -0.00251015 
-0.00124432 -0.00241127 -0.000301052 -0.0100486 -0.0516314 -0.00130077 0.0555955 0.0330475 -0.0836746 -0.0207742 0.0356937 -0.00609828 0.172236 -0.0599247 -0.000747388 -0.000636474 -0.000378103 -0.00358146 0.00269833 1.98858e-07 -0.00468347 -0.00119211 -0.000662813 0.021674 0.000462935 -0.00265118 -0.00564651 -0.0312416 -2.21297e-05 0.0429106 -0.000279649 -0.0053717 -0.00145617 0.0688668 -0.0734702 -0.0825443 0.028064 -0.0172238 -0.0668459 0.00012472 -0.0345534 -0.00339881 0.0401288 -0.00022533 0.0034988 0.000930929 -0.0411228 -0.000918653 -0.0541177 -0.0412648 -0.00912552 -7.76528e-06 -0.0234569 -0.00205131 0.0023063 -4.99321e-05 -0.00352053 -0.0171226 0.00043604 0.0152371 -0.0622701 0.00168936 -0.00552671 0.0108914 -0.0388361 0.0389993 -0.00267581 -0.012093 0.104126 0.0363881 0.0504851 0.0855212 -0.000307234 0.000354721 -0.0307374 0.00112085 -0.0234283 0.000460941 0.0148482 0.0219806 8.05763e-05 0.0109869 -0.00923494 -0.000535124 0.0352001 -0.00458831 0.0290188 0.00749662 -0.0298804 0.0537005 -0.00065346 0.0769839 -1.86518e-05 -0.0865327 -0.0620887 -0.00159991 0.000333749 -0.0562329 -0.000689813 0.0903303 
-0.000873017 0.00235348 -0.000787879 -0.0177492 0.00327846 0.000943555 0.0433585 0.0102869 0.0681911 0.028355 -0.00485928 5.44543e-05 -0.0599247 0.21446 0.000607094 -0.00145602 -0.00325293 0.00164674 -0.00054057 -1.501e-05 0.00836776 -0.00314776 -0.00233696 -0.0253631 0.00024374 0.00268906 0.0140708 0.0139708 -0.000778643 -0.0643688 -1.21718e-05 0.0465663 -0.000846741 -0.0463163 0.0551686 0.045055 -0.00602028 0.0615687 0.0915436 -0.00016292 -0.0183434 -0.0080564 -0.0345501 -0.000157686 -0.0135236 -0.00184661 -0.0438215 -0.0284165 -0.000636007 0.0429172 -0.0118815 -0.00197147 -0.0117315 -0.00622568 -0.0270478 -9.79465e-05 -0.0040031 -0.00899634 -0.000951408 0.0293756 0.00881826 -0.0111857 0.00281592 -0.00937265 0.0214784 -0.081518 0.00321013 0.0836824 -0.032791 -0.00173726 -0.0654748 -0.0380225 -0.000406137 0.000352716 0.0255201 0.00171141 -0.0370825 -2.76739e-05 0.00135754 -0.0203615 -5.13615e-05 -0.00879768 -0.0571722 -0.00195734 -0.0513574 -0.00680726 -0.0455314 -0.0151283 0.0606116 -0.041227 -0.00472997 -0.056422 1.53716e-05 0.112507 0.0221795 -0.00738128 -0.000345162 0.0436816 -2.66425e-05 -0.11703 
-2.3511e-05 0.000524134 1.65652e-05 0.00117541 -0.00204376 9.53543e-05 0.00111077 -0.000487013 0.000771305 -0.000759137 0.000855887 0.00195054 -0.000747388 0.000607094 0.00887097 3.68606e-05 0.000214601 0.000667955 -3.29707e-05 1.03481e-06 0.00105654 -0.000166734 0.000104832 -0.000323708 7.40409e-05 -8.67047e-05 0.0015111 -0.00137666 -7.02301e-07 -0.000930453 -1.09822e-05 0.00365608 -6.69408e-05 -0.000501974 -0.00248265 -0.00321015 0.000227632 -0.00206951 0.00128474 5.34268e-05 0.00177719 -7.60991e-05 -0.000217016 -8.26878e-06 8.33752e-05 3.24113e-05 -0.00294815 -0.00224257 -0.00229946 -0.00202552 0.000181727 -5.93397e-05 -0.000916894 -0.000104296 0.00210734 0.000108983 -0.000122653 -0.000684223 -8.51778e-06 0.00103197 -0.00242832 -5.01175e-05 -0.000236345 -0.00086809 -0.00331927 -0.0012282 -5.30107e-05 0.00179241 -0.000609461 0.000299496 -0.000642541 -0.000226444 8.57673e-05 -3.45966e-05 -0.000841434 -0.000180327 0.000571093 0.000352838 0.00131879 -0.000238385 2.28362e-07 0.00126586 0.000502948 5.77784e-06 0.00213682 0.000208659 -0.00100381 -0.000540618 -0.0017594 0.00227231 2.19435e-05 -0.00102345 2.10058e-06 0.0019039 -0.000504693 -0.000100073 -3.96797e-06 -0.00205452 0.000870817 0.00117936 
-1.20103e-05 -3.0309e-05 4.4142e-08 0.000295121 -0.000263299 8.28893e-06 -0.00117393 -0.000454871 -0.000334501 -0.000681461 -0.000168608 0.00180368 -0.000636474 -0.00145602 3.68606e-05 0.00346674 0.000414811 0.000852818 -1.37251e-05 9.94511e-06 -0.00013941 -2.83126e-06 0.000132793 0.000190374 -7.75935e-07 0.000128297 -0.000126655 0.00148368 0.000208328 -0.000313191 -4.33537e-06 -0.000658463 -2.93495e-05 6.87282e-06 -0.00097766 -0.00156449 0.000217144 -0.000538692 -0.000981846 -6.87666e-07 0.00142795 9.48915e-05 -3.57308e-05 0.000582402 0.00250381 0.000148698 -0.0013443 0.00128756 -0.00145006 -0.00122972 0.000353122 -2.56415e-05 7.15017e-05 4.76816e-05 0.000182225 -4.58698e-07 0.000144753 -0.000231173 2.11564e-05 -0.000724518 0.000396393 9.58951e-05 0.000267528 -0.000120983 0.00116531 -0.000766167 -4.58433e-05 -0.000823921 -0.000681589 -0.000265897 -0.000440775 -0.00039724 2.11551e-05 0.000868877 -0.000349716 -7.54058e-05 0.00162684 -1.8662e-07 -0.000490065 -6.16514e-05 2.55464e-06 -3.73845e-05 0.00114771 4.79288e-05 0.0006276 -6.92776e-05 -0.000533345 -0.000291723 -0.00172332 -0.000689509 0.00212787 -0.000458554 5.62134e-07 -0.00105519 0.000937601 -6.54849e-05 3.52586e-06 -0.00105885 0.000142014 0.000506367 
2.47301e-05 -5.16684e-05 1.76602e-06 0.000993335 0.00109098 0.000215803 -0.00200036 -0.000650465 -0.000801473 -0.00090645 -1.26161e-05 0.000624643 -0.000378103 -0.00325293 0.000214601 0.000414811 0.00478683 -3.80242e-05 -1.32883e-05 1.97474e-06 -0.000188218 -3.40838e-05 0.00102172 0.000767249 3.94537e-05 8.77104e-06 -0.000102023 0.000630332 0.00010406 -1.89752e-05 6.39792e-06 0.000788782 -3.08924e-05 0.000288241 -0.00138871 -0.00182662 0.0001373 -0.00106525 -0.00142811 2.61834e-05 0.000941351 0.000138794 -0.000208124 1.68322e-05 0.00198566 0.000183167 -0.00148873 0.00119874 0.000691448 -0.00155963 0.000384826 -2.66882e-05 -0.000320936 -5.88937e-05 0.000545534 1.64073e-05 0.000121037 6.97662e-05 2.98514e-05 -0.000983196 -0.000357252 0.00153896 -0.000126342 -0.000161913 -0.000771927 0.00134189 -6.19587e-05 -0.00143514 -0.000852486 -0.000186843 -0.000246719 -0.000532403 7.78707e-05 0.000288407 -0.0010485 -9.87553e-05 0.000499161 4.36428e-05 -0.00114615 -4.88207e-05 -7.7008e-07 -5.7732e-06 0.0038696 6.28349e-05 0.00262121 0.000995736 0.000478647 -0.000134237 -0.00244551 -0.00138864 0.000751467 -0.000703293 2.94306e-07 -0.00199004 0.00137379 0.000127312 -1.99639e-06 -0.00140006 0.000377106 0.00102066 
-0.000145508 0.000633844 -2.86099e-05 0.00297105 0.00968761 9.17554e-05 -0.0107665 -0.00283402 0.00491811 -0.00332644 -0.000958787 0.00353149 -0.00358146 0.00164674 0.000667955 0.000852818 -3.80242e-05 0.0211502 -5.27045e-05 1.31931e-05 -0.000813991 -0.000253193 -4.7168e-05 -0.000736748 -7.72546e-06 0.000180648 -0.000527531 0.0147593 5.11545e-05 1.26267e-05 -2.37992e-05 -0.00488152 -0.000177777 -0.00222787 0.00759532 -0.00198193 -0.000245236 0.00917168 -0.00623654 3.34103e-07 0.00843665 0.00036613 -0.00119748 0.000352267 0.000310469 -5.02478e-05 -0.00314371 0.00654156 0.00212144 -0.00837188 0.00200882 -0.000156483 0.00366617 4.74393e-05 -0.00219384 1.01674e-05 -0.000212 0.00240061 -7.38931e-05 -0.00408903 0.0101283 -0.000389035 0.000853016 -0.00308546 0.00821511 -0.00596352 -0.000198331 -0.00377707 -0.00413586 -0.00135566 -0.00286003 -0.0023885 0.00201521 0.000642547 -0.00649658 -0.000498601 0.00463962 -3.87499e-05 -0.00355325 -0.000692428 -3.83252e-06 -0.000272918 -0.000796691 -1.99454e-05 -0.00268082 -0.000349356 -0.00385441 -0.000943849 -0.0109293 -0.0100433 0.000402861 -0.00320808 1.34211e-05 0.00349467 -0.00659041 -0.000336478 -1.62734e-05 0.00338015 0.000193899 -0.00331595 
-3.05008e-05 -2.46818e-05 -6.31993e-06 -0.000172088 -0.000954862 1.30725e-05 0.000917323 0.000873027 -0.00243788 0.00093357 6.37684e-05 -0.000113235 0.00269833 -0.00054057 -3.29707e-05 -1.37251e-05 -1.32883e-05 -5.27045e-05 0.00399628 4.52136e-06 -0.000145623 5.53474e-05 -1.50281e-05 0.00094145 -2.50097e-06 -4.57999e-05 -0.000160301 -0.000456738 3.61851e-05 0.000952545 1.96955e-06 0.00066194 -2.24137e-05 0.000743117 -0.00138482 -0.00162225 -2.00088e-05 0.000686771 -0.00126277 8.19597e-06 -0.00083617 -4.67538e-05 0.000453466 -3.93368e-06 -8.17628e-05 1.78652e-06 -0.00192862 -0.00126907 -0.00174353 -0.000407927 -0.000149169 -2.18372e-05 -0.000394264 1.98408e-05 -0.000405732 5.02277e-06 4.56669e-05 -0.000299292 5.92603e-05 0.000470095 -0.00108199 -5.30491e-05 -9.7035e-05 -0.000514184 -0.00142485 0.000348595 3.51474e-05 0.000629051 0.00290429 0.00253446 0.000875557 0.00280974 0.000222916 -1.24455e-05 -0.000271104 0.000137314 -0.000647714 8.66297e-05 -0.000550641 0.00123096 2.3001e-06 0.000942224 -0.000326238 -3.4124e-06 -0.00049475 -8.33648e-05 -0.000612623 -0.000261911 -0.00146546 -0.000343773 -2.65801e-05 0.000424997 -3.38422e-07 -0.00152118 -0.00155973 -3.85745e-05 7.2085e-05 -0.00134616 -1.18038e-05 0.00196924 
-1.85817e-07 3.05613e-06 -7.02506e-08 -4.64047e-07 5.1809e-06 2.45079e-06 -1.56315e-05 -4.57828e-06 -1.29336e-05 -1.36699e-05 1.19199e-06 5.86576e-06 1.98858e-07 -1.501e-05 1.03481e-06 9.94511e-06 1.97474e-06 1.31931e-05 4.52136e-06 4.45202e-05 -1.70914e-06 6.74732e-07 -1.12185e-07 1.37588e-06 3.34599e-06 1.14394e-06 -7.36517e-07 2.27145e-05 1.44507e-07 -4.00736e-06 -7.09838e-08 -1.14411e-05 -3.80876e-07 -7.46585e-07 -1.85071e-06 -1.14921e-05 3.87432e-06 1.50091e-05 -1.06714e-05 -1.43465e-08 -2.84232e-07 8.86098e-06 2.34241e-07 7.02377e-06 6.33678e-06 3.58581e-08 -8.8662e-06 4.68389e-06 -1.13061e-05 -1.53705e-05 1.93e-05 -3.31573e-07 1.70324e-05 4.52697e-06 -2.27634e-06 2.7991e-07 8.9639e-07 3.77789e-06 -1.58302e-07 -5.1108e-06 1.43387e-05 1.03766e-05 3.7636e-07 -5.0494e-06 9.60523e-06 -7.15426e-06 1.34564e-06 -6.74714e-06 -1.64813e-06 8.15297e-07 -2.33971e-06 2.61392e-06 1.13158e-05 2.06204e-07 -1.3122e-05 -1.90585e-07 -2.35368e-06 3.04025e-07 -1.05198e-05 1.45912e-06 -8.25937e-09 8.30337e-06 -1.84727e-06 4.38952e-07 -4.54461e-06 3.90158e-06 -2.94631e-06 -3.75339e-06 -1.98119e-05 -2.29255e-05 9.61271e-06 -5.77456e-06 -3.7552e-09 -8.81701e-06 -1.11081e-05 -9.31972e-07 -3.49346e-08 -8.25753e-06 5.76215e-06 -5.81106e-06 
-0.000102592 0.000222473 -5.03864e-05 -0.00012704 -0.0111704 0.000149519 0.0175991 0.00174551 0.00791133 0.000555996 -0.00148387 -0.000912227 -0.00468347 0.00836776 0.00105654 -0.00013941 -0.000188218 -0.000813991 -0.000145623 -1.70914e-06 0.0396706 0.00128568 -0.000101225 -0.0017062 -2.28597e-05 -0.000292558 0.00944053 -0.00751055 -5.68139e-05 -0.00233874 -6.32234e-05 0.015741 -0.000298877 -0.00402834 -0.0132609 -0.000149741 -0.00148825 -0.00914327 0.0218008 -2.90169e-06 -0.00689204 -0.000470225 -0.0010993 -2.23311e-05 -0.000755169 -0.000112975 -0.012604 -0.0202674 -0.0172379 0.0179127 -0.00169486 -0.000280628 -0.00440703 -0.000719946 -0.00298826 -1.0385e-05 -0.000711184 -0.00317588 -0.000136857 0.00711429 -0.0121972 -0.000735924 -0.00116377 -0.00684983 -0.0149281 -0.0115966 0.00287257 0.0195164 -0.00216355 -0.00109569 -0.0047103 -0.00328619 -0.000260096 -0.000193287 0.0146434 0.00287808 -0.00287988 5.85858e-05 0.00764986 -0.000858838 3.00747e-07 -0.000465904 -0.00365515 -0.000129798 -0.00400687 -0.000758472 -0.00656674 -0.00320179 0.0156794 0.00974824 -0.000345859 -0.002651 -3.47933e-06 0.00889707 0.00778369 -0.000835156 -2.13604e-05 -0.0135526 6.03115e-05 -0.00737865 
-0.000155842 -0.000218321 -2.45139e-05 0.00390218 -0.00534409 -0.000186705 0.00187879 -0.000600094 0.00431457 0.00700567 -0.000847588 -0.000505002 -0.00119211 -0.00314776 -0.000166734 -2.83126e-06 -3.40838e-05 -0.000253193 5.53474e-05 6.74732e-07 0.00128568 0.0203503 6.1146e-05 -0.000853362 -6.47867e-06 -0.000207416 0.00111652 -0.00322075 2.15238e-05 -0.00147768 -2.38673e-05 0.00502998 9.49188e-06 -0.00182099 -0.00672157 0.00107067 -0.000390256 -0.00493708 0.000121862 -1.15226e-06 0.0044126 -0.000319588 -0.00111507 6.6869e-05 -0.00040297 1.77347e-05 -0.00799209 -0.00501816 -0.00690341 0.00781224 -0.000857522 -2.07055e-05 -0.00222353 -0.000294964 -0.00254859 -9.37784e-06 -0.000354844 -0.00160889 4.73974e-05 0.0037083 -0.00585674 -0.000273401 -0.000580888 -0.00314569 -0.00514665 -0.00589927 -0.000131426 0.00310153 -0.00280123 -0.00034489 -0.00274566 -0.00124833 -0.000118666 0.00011 0.00785608 0.00421946 0.0067761 -1.2902e-05 0.00528811 -0.000584167 1.70023e-06 -0.000312716 0.00225103 0.000119057 -0.000195881 -0.000427039 -0.00174311 -0.00177329 0.00451351 0.00577094 -8.13486e-05 -0.0012971 -1.75286e-06 -0.0054581 0.00738518 -0.000460382 8.82046e-07 -0.00606867 -7.36755e-05 -0.00089091 
-2.96349e-05 -4.22192e-05 -3.38922e-06 0.00178233 -0.000197765 -3.20576e-05 -0.00181558 -0.00040253 0.00074761 -0.000447392 -9.07692e-05 0.000313473 -0.000662813 -0.00233696 0.000104832 0.000132793 0.00102172 -4.7168e-05 -1.50281e-05 -1.12185e-07 -0.000101225 6.1146e-05 0.00375338 0.000631762 8.27379e-06 -3.43702e-05 -0.000133493 -5.32028e-05 4.77346e-05 -0.000242628 -4.57348e-06 0.00158359 6.0271e-07 -0.000369513 -0.00126549 -0.000907794 -0.000110393 -0.00100644 -0.00117554 1.36526e-05 0.00239041 9.82874e-05 -0.000104782 4.05744e-05 0.00197868 9.44391e-05 -0.00170212 0.000906203 -0.000368971 -0.000789614 -8.3922e-05 -1.6814e-05 -0.000321344 -4.24367e-05 -0.000112988 -7.78763e-08 -5.53923e-05 -0.000214465 -7.58603e-06 -0.000673244 -0.000895453 0.000331545 -5.23014e-05 -0.000622691 -0.000522217 -3.86733e-05 -4.87879e-05 -0.000951645 -0.000634865 -0.00028461 -0.000400056 -0.000394529 0.000213468 -9.53551e-06 0.000652465 5.33846e-06 0.00138344 -1.60364e-06 -0.000679638 -0.000107479 5.6628e-08 -5.51292e-05 0.00253402 1.41009e-05 0.00225142 0.000315836 -0.000428015 -0.000210674 -0.000993746 -0.000564217 0.000532283 -0.000529576 -3.17774e-07 -0.00154346 0.00156282 -4.78558e-05 8.99305e-07 -0.00108798 0.000179476 0.00143823 
3.57544e-05 -0.000490376 -4.46233e-05 0.00251553 -0.00408088 -0.000366232 -0.00867025 0.0108012 -0.0150449 -0.0136926 0.00184378 -0.00111342 0.021674 -0.0253631 -0.000323708 0.000190374 0.000767249 -0.000736748 0.00094145 1.37588e-06 -0.0017062 -0.000853362 0.000631762 0.0418051 7.19878e-06 -0.000469503 -0.00198737 -0.00492579 0.000115925 0.00946642 -5.44987e-05 -0.0169565 -0.000164347 0.0122711 -0.00880672 -0.0141218 0.00151447 -0.00371648 -0.0134433 1.26354e-05 -0.00867115 -0.000606431 0.0143422 -2.01944e-05 0.001046 2.48619e-05 -0.0016017 0.00585686 -0.00262919 -0.017738 -0.00176011 -0.000118426 -0.00397712 -0.000143835 0.00340649 -4.56003e-06 -0.000749962 -0.00246053 3.82808e-05 -0.00819649 -0.00981533 0.0006213 -0.00110014 0.0094778 -0.0038633 0.0208987 -0.000545547 -0.0133337 0.0152087 0.00368927 0.0254658 0.0129101 -7.36769e-05 -0.000138218 -0.0139677 -0.000940685 -0.00806273 1.69387e-05 0.00363045 0.0104409 1.58457e-05 0.00691806 -0.000512307 -5.37221e-05 0.00301462 -0.000829416 0.00201724 -0.00090156 -0.0134592 -0.0014075 0.000258688 0.0279596 2.05723e-06 -0.0166601 -0.0154058 -0.00049916 0.000264876 -0.000228077 -0.000103999 0.0155913 
-8.11845e-06 0.000118789 -2.58656e-07 -4.12247e-05 -0.000272661 -8.29574e-06 0.000477562 -5.37781e-05 -0.0007708 -0.000144335 0.000798047 -2.51196e-05 0.000462935 0.00024374 7.40409e-05 -7.75935e-07 3.94537e-05 -7.72546e-06 -2.50097e-06 3.34599e-06 -2.28597e-05 -6.47867e-06 8.27379e-06 7.19878e-06 0.00121168 1.21067e-05 0.000169714 -0.000148267 5.94905e-06 -0.000114495 3.54701e-07 0.00056578 -7.73378e-06 0.000800328 -0.000284118 -0.000536718 0.000795931 0.000332212 -0.000182912 2.66869e-05 -0.000272482 -1.90093e-05 8.14287e-06 -1.47156e-06 2.08457e-06 1.84191e-05 -0.000640204 -0.00060419 -0.000502708 -0.0002059 -2.69767e-05 -8.99036e-06 -0.000129351 -2.19721e-05 1.88347e-05 3.97479e-06 -2.04081e-05 -8.94022e-05 2.68385e-06 0.000192469 -0.000338948 4.85761e-06 -2.91837e-05 1.27837e-07 -0.00045165 -0.0001522 4.51085e-05 0.000260544 0.000363528 0.00022576 -0.000151083 0.000705469 2.37206e-06 1.7361e-06 -0.000302626 1.85806e-05 -0.000203313 1.67543e-05 -0.000296399 1.24746e-05 1.63835e-07 0.000379971 -9.20257e-05 1.75923e-05 0.00024723 1.7878e-05 -0.000217204 -2.76345e-05 -0.000616515 -0.000260762 -3.37502e-06 -0.000148867 1.1199e-06 -0.000174457 -0.000288369 -2.19307e-05 4.84809e-06 -0.000260499 8.09938e-05 0.000411435 
-4.7958e-05 0.00062165 -1.76353e-05 -0.000292575 0.00432338 -9.93615e-05 -0.00252292 -0.00055151 -0.00143855 -0.00308442 -0.00065527 0.000411988 -0.00265118 0.00268906 -8.67047e-05 0.000128297 8.77104e-06 0.000180648 -4.57999e-05 1.14394e-06 -0.000292558 -0.000207416 -3.43702e-05 -0.000469503 1.21067e-05 0.0120901 -4.54659e-05 0.0042163 2.45697e-06 -0.00119097 4.63188e-05 -0.00359075 -5.62422e-05 -0.000158845 0.00617392 -0.00148955 -0.000336872 0.0071014 0.00083529 -3.08854e-06 -0.00155785 5.99967e-05 -0.000687895 -1.0847e-05 0.000409659 -2.6804e-05 -0.00170323 0.00217121 0.00176922 -0.00361505 -0.000241024 1.22342e-05 -0.00115985 -8.53275e-05 -0.00106611 -5.2454e-06 -0.000155592 -0.000652286 0.000343485 -0.00197308 0.00382913 0.000399933 0.000201349 0.003467 0.00316975 -0.00158027 0.00189079 -0.00221334 -0.00239433 -0.00108865 -0.00156839 -0.0014835 0.000796475 0.000291113 -0.00158298 6.09592e-05 -0.00104105 -2.27083e-05 -0.00282539 -0.000382655 8.29367e-07 -0.000144387 -0.000742479 -1.11755e-05 -0.00233436 -0.00021974 -0.00195271 0.00104394 -0.00274187 -0.0062046 1.2468e-06 -0.00146143 2.83565e-05 0.00513101 -0.000316382 -0.00012782 -9.37075e-06 0.00382836 -2.80849e-05 -0.00296144 
-0.000350183 0.000350726 -5.46294e-05 -0.000637902 -0.0123221 0.00225015 0.020801 0.0103399 0.0116032 -0.00297259 -0.00158 0.00207608 -0.00564651 0.0140708 0.0015111 -0.000126655 -0.000102023 -0.000527531 -0.000160301 -7.36517e-07 0.00944053 0.00111652 -0.000133493 -0.00198737 0.000169714 -4.54659e-05 0.0477103 -0.00866207 -6.52963e-05 -0.00494104 -8.67876e-06 0.0249146 -0.000403581 -0.00274625 -0.0165315 -0.0194743 -0.000936737 0.00206557 0.0236643 -4.22032e-06 -0.00848516 -0.000377495 -0.00274483 -1.06113e-05 -0.000583161 -0.000119962 -0.0209976 -0.0240601 -0.0224588 0.0133005 -0.00190344 -0.000368264 -0.00534879 -0.00090521 -0.00510731 6.46323e-05 -0.000901934 -0.00332426 9.38634e-05 0.0163974 -0.014639 -0.00075701 -0.00140032 -0.00652353 -0.0189252 -0.0150704 0.00125148 0.0280011 -0.000668457 -0.00183193 -0.00633028 -0.00468637 -0.000305426 -0.000181541 0.00471176 0.00583675 0.00651086 7.20711e-05 0.0154954 -0.00160756 -9.05225e-06 -0.000560419 -0.0031101 0.000100385 -0.00235723 -1.34538e-05 -0.00879115 -0.00426404 0.0170763 0.00971518 -0.000450519 -0.00656237 1.36408e-05 0.00317608 0.00757547 -0.00108489 -3.41495e-05 -0.0149933 0.00205475 -0.0102563 
0.000802999 -0.00185654 -0.000281893 -0.000229944 0.119149 0.00126881 -0.0958777 -0.0247171 0.0157303 -0.0517818 -0.00658364 0.00743632 -0.0312416 0.0139708 -0.00137666 0.00148368 0.000630332 0.0147593 -0.000456738 2.27145e-05 -0.00751055 -0.00322075 -5.32028e-05 -0.00492579 -0.000148267 0.0042163 -0.00866207 0.149577 0.000242517 -0.0118995 0.00029088 -0.073532 -0.000984461 -0.015761 0.0947481 0.0371135 -0.00170559 0.0737577 -0.0520632 -3.59022e-05 0.00087111 6.54731e-05 -0.0085818 0.000389528 -1.2893e-05 -0.000371228 0.0370161 0.0734747 0.0763694 -0.0704414 0.00565986 -0.000570262 0.0441212 -0.00137143 -0.0100881 7.05314e-06 -0.00218449 0.0417095 -0.000555431 -0.0383456 0.114265 0.00362315 0.0204394 -0.00211468 0.0943019 0.00688961 -0.00230352 -0.0523932 -0.0302529 -0.0143428 -0.0200269 -0.0157969 0.00301845 0.000771507 -0.0568903 -0.00405724 -0.0171084 -0.000254172 -0.0430246 -0.00511212 -3.10123e-05 -0.00248218 -0.00963791 -0.000311813 -0.0265632 0.00394843 -0.0246045 -0.000299028 -0.0930716 -0.103228 0.000190277 -0.0237815 4.42287e-06 0.00430972 -0.040936 -0.000787557 -0.000138551 0.0868709 7.73145e-05 -0.036615 
-2.62181e-06 -1.97697e-05 6.5013e-06 2.68374e-05 0.000190521 8.62438e-05 -0.000736402 -0.000190141 -7.16126e-05 -0.000531113 -2.89377e-05 0.000115161 -2.21297e-05 -0.000778643 -7.02301e-07 0.000208328 0.00010406 5.11545e-05 3.61851e-05 1.44507e-07 -5.68139e-05 2.15238e-05 4.77346e-05 0.000115925 5.94905e-06 2.45697e-06 -6.52963e-05 0.000242517 0.0017425 -0.000101858 -2.43855e-06 -0.000508263 -2.12156e-06 -4.03584e-05 -0.000435588 -0.000669306 7.96593e-07 -0.000249032 -0.000495299 2.08197e-06 0.000201546 -2.30473e-05 8.23045e-05 7.38049e-05 0.000277971 1.92669e-05 -0.000168234 0.000495323 0.000391793 -0.000712596 -7.11936e-06 -1.26441e-05 -0.000140959 5.93744e-05 0.000380524 2.179e-06 2.51713e-05 -0.000112208 -5.5512e-06 -0.000160876 7.24031e-06 0.000110647 5.0856e-06 -0.000253012 0.000490282 0.000430056 1.01587e-05 -0.000416341 -5.26431e-05 -3.17809e-06 0.0001711 -3.12862e-05 -6.04794e-06 7.16419e-05 -0.00051266 -1.57822e-05 0.000472741 9.00613e-06 0.000500991 0.000141244 3.76182e-07 7.57765e-05 0.00102305 6.19105e-05 -0.000190628 -5.47304e-06 0.000503604 -0.000138466 -0.000435589 -5.42342e-05 0.000308109 -0.000145007 -2.78253e-09 -0.000635218 -0.000194487 0.000224305 8.06368e-06 -0.0003445 -2.87022e-07 0.000145265 
-0.000309361 3.71717e-05 -8.39232e-05 0.00202975 -0.00538122 -0.000738797 0.00911707 -0.00956478 -0.0540982 -0.0128528 -0.00107495 -0.00164906 0.0429106 -0.0643688 -0.000930453 -0.000313191 -1.89752e-05 1.26267e-05 0.000952545 -4.00736e-06 -0.00233874 -0.00147768 -0.000242628 0.00946642 -0.000114495 -0.00119097 -0.00494104 -0.0118995 -0.000101858 0.0965132 -3.41497e-05 -0.0258767 -0.000793923 0.0459939 -0.0280147 -0.025815 -0.00259404 -0.0156709 -0.0310403 0.000108204 -0.00900322 -0.000781169 0.0229147 -0.000128867 -0.00191769 0.000141508 0.0258207 -0.0144206 -0.0234402 -0.0250641 -0.00208068 -0.000489998 -0.00296775 -0.00104599 -0.000912528 -6.32533e-06 0.000522468 -0.00428179 8.73256e-05 -0.0179557 -0.0159534 -0.00162144 -0.00292349 0.0252523 -0.0293935 0.0408835 -0.00126579 -0.0276375 0.042445 0.0108744 0.0508825 0.0422335 -0.000596044 -0.000310315 -0.0180886 -0.00244896 -0.00525327 0.000139231 -0.0224094 0.0174878 7.73396e-06 0.00816634 -0.000290682 -0.000309093 0.0130883 0.000109286 0.00567002 0.0234273 -0.0422574 0.0172504 -0.000600563 0.0432276 2.01617e-06 -0.0350915 -0.0214361 0.00549351 -5.74869e-05 -0.0258517 -0.000351793 0.0589107 
1.59685e-05 -1.16516e-05 -2.27124e-06 -4.05616e-06 0.00039515 -1.26529e-05 -0.000459223 -0.000218688 -0.000407402 -0.000404092 -5.71354e-05 -4.6784e-05 -0.000279649 -1.21718e-05 -1.09822e-05 -4.33537e-06 6.39792e-06 -2.37992e-05 1.96955e-06 -7.09838e-08 -6.32234e-05 -2.38673e-05 -4.57348e-06 -5.44987e-05 3.54701e-07 4.63188e-05 -8.67876e-06 0.00029088 -2.43855e-06 -3.41497e-05 0.0015918 -0.000528852 6.27941e-05 4.97296e-05 0.000747825 0.000447864 -4.32329e-05 0.000412291 -0.000134992 -1.24862e-07 -0.000307953 -2.34796e-05 -6.62774e-05 -2.00606e-07 -2.2874e-05 -5.48005e-06 6.20278e-05 0.000162533 0.000611433 -0.000379445 -3.55313e-05 9.37461e-07 -4.99535e-07 -2.67427e-05 -1.20523e-05 6.34723e-06 -1.16218e-05 0.000527704 2.01952e-06 -0.000256674 0.000480814 -1.97409e-05 0.000311721 0.000279673 0.00028686 -9.51464e-05 3.21178e-07 -0.000431562 -0.000233632 -7.14391e-05 -2.58746e-05 -4.20042e-05 4.27594e-05 7.1866e-06 -0.000332869 -4.17406e-06 -0.000328679 -1.39455e-06 -0.00033755 -2.14445e-05 5.04231e-07 -2.08357e-05 -0.000123025 -5.33591e-06 -6.13567e-05 0.000356798 -8.94528e-05 -2.94242e-05 -0.000467902 -0.000668172 -1.26186e-05 -0.000208263 -1.34474e-07 0.000185403 -0.000327745 9.30324e-06 -1.76779e-08 0.000784247 -3.22883e-08 -0.000225686 
-0.00238934 0.00490086 -0.000647083 0.00917453 -0.121509 0.000884117 0.150052 0.0182517 0.0524017 0.156827 0.0206756 0.00425417 -0.0053717 0.0465663 0.00365608 -0.000658463 0.000788782 -0.00488152 0.00066194 -1.14411e-05 0.015741 0.00502998 0.00158359 -0.0169565 0.00056578 -0.00359075 0.0249146 -0.073532 -0.000508263 -0.0258767 -0.000528852 0.24873 -0.00116332 -0.0107422 -0.14168 -0.0286388 0.0146427 -0.065077 0.100645 0.000106734 0.0524431 -0.00476554 -0.0122379 -0.000253048 0.00484954 -9.96702e-05 -0.11054 -0.165447 -0.160064 0.17407 -0.0169145 -0.00300211 -0.0496983 -0.00830389 -0.0410166 3.83595e-05 -0.00726316 -0.0354912 0.00133386 0.037316 -0.135001 -0.00527364 -0.0124609 -0.0674132 -0.165217 -0.112397 0.00280351 0.133635 -0.00780131 0.0295059 -0.0570783 0.00784029 -0.00244075 -0.000756962 0.149146 0.00556193 0.0651561 0.000438109 0.00724864 -0.00941563 -7.42196e-06 -0.00246414 -0.00260726 0.00115841 0.0641128 -0.00689597 -0.071015 -0.0351928 0.101259 0.123371 -0.0029033 -0.0653406 -1.6663e-06 0.0585992 0.121216 -0.0102019 -9.08081e-05 -0.143904 0.00136627 0.011218 
0.000375281 0.000443963 -1.01094e-05 -0.000373243 -0.00100876 3.90755e-05 -0.00147193 0.00172881 -0.000673541 -0.00066954 -0.000433263 -0.000236372 -0.00145617 -0.000846741 -6.69408e-05 -2.93495e-05 -3.08924e-05 -0.000177777 -2.24137e-05 -3.80876e-07 -0.000298877 9.49188e-06 6.0271e-07 -0.000164347 -7.73378e-06 -5.62422e-05 -0.000403581 -0.000984461 -2.12156e-06 -0.000793923 6.27941e-05 -0.00116332 0.00848155 -0.000842077 0.00106738 0.00329035 -0.000168077 -0.00161103 -0.00179693 -2.17884e-06 -0.00172941 -9.26624e-05 -0.000471581 -8.32134e-06 -0.000198537 -2.09708e-05 0.0025233 -0.000706663 0.00195274 0.000843133 -0.000135179 0.000912557 -0.000861465 -0.000135639 0.00128574 -1.32694e-06 -1.20655e-05 0.000329322 -1.95028e-05 0.00179333 -0.00135449 -9.20269e-05 -0.000203555 -0.00135301 0.00191039 -0.00138482 7.41656e-05 0.000102152 -0.0014677 -0.000537107 -0.000789427 -0.00048092 -5.8349e-05 -3.97735e-05 -0.000377169 -0.000172341 -0.00164466 8.22706e-06 0.00234332 -0.000273779 -2.86998e-07 -0.000136128 -0.000452659 1.11349e-05 -0.000849904 6.26111e-06 0.00257128 -0.000461164 0.00246024 -7.64566e-05 -8.38285e-05 0.000464369 -4.37665e-08 -0.00225215 -0.000538322 -5.19709e-05 -5.52363e-06 0.00210683 -1.38798e-05 -0.00185071 
