0.0291708 -0.0112563 -0.00401142 -0.00540424 -0.000608031 0.0154369 -0.015711 -0.00101749 0.000793632 -0.00291426 0.0013326 0.0174797 -0.0140816 0.00887397 -0.00145054 -0.00166974 -0.000112809 -0.000244776 -0.00075803 0.00149186 0.0021885 -0.000128794 7.23008e-05 -0.000257113 -0.000228625 -0.00704308 0.00415195 -0.000245627 -6.27409e-06 -0.00239146 -0.0214821 0.00317735 0.0263854 0.0157211 0.0206254 0.0159122 0.000479206 -0.0122593 8.98112e-05 -5.22399e-05 -0.000643958 -0.00192957 0.0146424 0.00201155 0.00479638 -0.00123962 -0.000227308 -0.00336079 -0.00050307 0.0120835 -0.00360266 0.00413766 -0.000106703 -4.2267e-06 -0.00139665 2.80842e-05 -0.0053981 -0.0030826 -0.000328129 -0.000147442 -0.000133608 -0.00084109 2.26599e-06 -0.000120166 -0.00081417 -9.05367e-06 0.000526068 3.07263e-05 -2.65669e-05 0.000137095 0.00683542 0.0205361 -0.0144707 0.016544 -0.00192105 -0.0148704 -0.0200228 0.0147025 -7.5797e-06 -0.00258001 1.93552e-05 -7.42056e-05 0.0141016 -0.0238816 -0.0171659 -0.00179122 -0.00130251 0.00695259 -0.0243832 -0.0201065 -0.000174515 -4.51071e-05 -0.00543166 0.00985162 0.00114881 -0.0210548 0.0129907 -0.000490298 0.00120962 -0.00964626 
-0.0112563 0.163737 0.0249397 0.00106473 -0.00704236 0.00369975 0.0862373 0.00603696 0.00649012 -0.0164425 0.00131032 -0.0370064 0.0230075 0.00112292 0.00726087 0.00395217 -0.00179942 0.000759008 -0.00106425 -0.00502937 -0.0012361 -0.00500858 0.0075055 4.21349e-05 -0.00336094 0.00536612 0.00125867 -0.00683157 -0.00433678 -0.0205594 -0.0141949 -0.00321442 -0.00627179 -0.0187517 -0.00579289 -0.053131 -0.0131723 0.0375589 -0.00281628 -0.00224954 -0.0154474 -0.0456882 -0.0723231 0.0187313 -0.011546 -0.00653235 -0.00590301 -0.00115358 -0.000190204 0.00169391 -0.0468347 -0.00995331 -4.26144e-06 -0.000620349 0.000571646 -5.67778e-05 0.0231883 0.0380932 -0.00929423 -0.0016113 -0.00361442 0.00334114 -1.04392e-05 -0.00286244 0.00710487 1.78767e-05 -0.00472503 -0.000858914 3.24492e-06 0.000521932 0.00312816 -2.7683e-05 0.0179345 -0.0211584 -0.00952524 0.0570138 -0.0267654 -0.0146905 -0.00051146 0.0193133 0.000654795 -0.00159031 -0.0109618 0.0296405 -0.0146016 0.0066752 -0.0399539 0.0118078 0.0586469 0.00681623 0.000991806 -0.00212196 -0.0433669 -0.027208 -0.00260438 0.0173879 -0.0622613 0.00531081 0.00161643 0.0455918 
-0.00401142 0.0249397 0.116906 -0.0156735 -0.000727998 -0.0104872 0.0269994 0.0120383 0.00230086 0.0104398 0.00419604 -0.0453181 0.00467444 -0.00446575 0.00235396 0.00619396 -0.000435853 -0.00076085 -0.00229718 -0.000824109 -0.00108414 -0.000915586 0.00389031 0.00059239 -0.00062208 -0.0125886 -0.00205809 -0.00149838 -0.0025507 -0.00886761 -0.00358798 -0.000552519 -0.00768366 -0.00323392 -0.0102541 -0.0148852 -0.0009296 0.0256852 -0.000302426 -0.000440652 -0.00314653 -0.00304831 -0.0122284 0.00192666 -0.00246185 0.00215845 -0.00123562 0.00533865 -0.00247032 -0.0396406 -0.0118922 -0.00392298 0.000905944 -5.4708e-05 -0.00240884 2.97512e-05 0.00156333 -0.00548013 -0.000388884 -0.000472804 -0.000656591 -0.00262305 -3.46427e-06 -0.000896912 0.00180124 7.21223e-05 -0.000702584 0.000390017 5.44497e-06 0.00115924 -0.00563677 -0.00968454 0.0125404 -0.0236126 -0.00693397 0.0258732 -0.0209348 -0.00246818 -7.40597e-05 0.00157219 -0.000519176 -0.000816015 -0.00203618 0.00771453 -0.0150519 0.00795157 -0.00578254 -0.000957263 0.0153845 -0.0101466 0.000516241 -0.000442939 0.00513648 -0.00397383 -0.000580668 0.01131 -0.00625893 0.00467948 -0.00115159 0.0186147 
-0.00540424 0.00106473 -0.0156735 0.149612 -0.00368442 -0.00179276 -0.0264195 -0.00852712 -0.0076208 -0.0267036 -0.00327123 0.0782615 -0.00757306 -0.00620678 0.0214076 -0.009463 0.00222219 -0.00143221 -0.00321248 -0.00111271 -0.00154453 0.00255875 -0.00314149 -0.00113196 -0.000355131 0.0276427 -0.00213364 -0.00384975 -0.00236392 0.0457211 0.0101347 -0.00044757 -0.00974179 -0.00440835 0.000868608 -0.0253829 -0.00323485 0.00481026 -0.00114031 -0.000633459 0.0015533 -0.0118957 -0.0151187 -0.0151078 0.00117334 -0.0060229 0.00218531 -0.0072299 -0.00334786 0.0213509 -0.0107073 0.00794675 -0.000633668 -0.000202786 0.00751986 -6.25685e-05 0.0467677 -0.0208995 -0.0019807 0.00217292 -0.000838611 -0.00600695 -4.52943e-06 -0.000769022 -0.00498969 -3.88058e-05 -0.00129904 -0.000857348 -0.000221543 -0.000151901 -0.00835329 -0.0145558 -0.0865724 0.0401464 0.00195503 -0.0596238 0.0295243 -0.00356469 -8.50524e-05 -0.0158 -0.00336354 -0.00157753 -0.00277261 0.0142017 -0.0189253 -0.0138249 -0.0113469 -0.0119575 0.0257782 0.0331879 -0.00114243 -0.000427367 0.0153479 -0.00802188 -0.000657328 0.00542079 -0.013727 -0.00307961 0.00255183 -0.0277151 
-0.000608031 -0.00704236 -0.000727998 -0.00368442 0.0198621 -0.00639217 -0.00165798 0.00650632 0.00225619 0.00551698 -0.000177055 -0.00593253 -0.0102321 0.0029898 -0.00101117 0.00898248 -6.79687e-05 -0.000137593 0.0103125 0.00137998 -0.000161917 1.97642e-05 -0.000760993 -0.000174037 0.000272568 -0.0059995 -0.000295528 0.0122763 0.00602662 -0.00119326 -0.00737656 -7.70672e-05 -0.00107132 -0.000462015 0.00291565 0.00784428 -0.000320851 -0.00418471 0.0040016 0.00165661 -0.000355683 0.00943522 0.00125835 -0.000891758 0.00230581 0.00167685 -0.000192815 0.00693609 0.00665774 -0.00934068 0.00109821 -0.000579041 3.73471e-05 -1.20641e-05 0.000531447 1.69965e-05 -0.00674529 -0.00467128 -0.000133327 0.000387049 0.00100439 -0.000216511 2.65493e-06 0.000195802 -0.000387795 0.000117909 0.000211695 0.00250342 1.72257e-05 3.00311e-05 0.00354936 0.00346327 -0.00537462 -0.00694572 -0.00126533 -0.0032826 -0.00669435 -0.000383077 -4.1659e-06 -0.00180017 0.000920539 0.000328326 -0.000295211 -0.00233048 -0.00576681 -0.00113324 0.00261405 -0.000615759 -0.0145836 -0.0129062 -0.000111014 0.000408991 0.00893462 0.00423515 -3.8145e-05 -0.00478024 0.00662892 -0.000573021 -0.000189906 -0.00597816 
0.0154369 0.00369975 -0.0104872 -0.00179276 -0.00639217 0.229949 -0.0570554 0.000301469 -0.0030235 0.0540975 -0.00168141 0.0508063 -0.11505 0.00834582 -0.0147372 -0.0122759 -0.00104086 -0.00273906 -0.000987274 -0.000135065 0.00394651 0.000674535 -0.0060502 -0.00250146 -0.00180888 0.0728078 0.00288218 -0.00643299 0.00180572 -0.0142281 -0.0750919 0.00193477 0.0295726 0.00587263 0.0485985 0.00314179 0.00899936 0.0907924 -0.00118317 -0.00106459 -0.00748887 -0.0209052 -0.0163287 -0.0125003 -0.00321974 0.00688979 -0.00190117 0.0233145 -0.000195087 0.108725 -0.0333535 0.00765357 0.000370745 0.000328011 -0.0136023 -4.59108e-05 0.0221461 -0.0446181 0.00249679 -0.00106929 -0.00164312 -0.00257674 1.50216e-05 -0.00265241 -0.0112664 -0.000115116 -0.00163836 -0.00108524 0.000350135 0.000980258 0.0087774 0.0286947 -0.00186562 0.0782608 -0.00617633 -0.0319936 -0.0544756 0.00622733 -7.54815e-05 -0.0238056 -0.00044449 -0.00273952 0.00711317 -0.0115346 -0.00993928 0.0196849 -0.00756321 0.0104513 -0.00495911 -0.0612036 -0.000873105 -0.00104135 -0.0539434 -0.00496758 0.000354538 -0.0574036 -0.0148553 -0.000976224 0.00104499 -0.104744 
-0.015711 0.0862373 0.0269994 -0.0264195 -0.00165798 -0.0570554 0.241505 0.0138582 0.0077887 -0.0124957 0.00118087 -0.0910268 0.0767834 0.00506609 0.0150243 0.0188335 -0.000206225 0.00214967 0.00510114 -0.00374095 -0.0002825 0.000169453 0.0111917 0.00111086 -0.00184054 -0.0933887 -0.0036824 -0.000992909 0.00118819 0.00585055 -0.00905295 -0.00234648 -0.015334 -0.0142699 -0.0769293 -0.0303304 -0.0118673 -0.0125561 -0.00279858 -0.00173659 -0.00494596 -0.0364638 -0.0515602 0.0356645 -0.00816276 0.00301943 -0.00511642 -0.049456 0.00599977 -0.077822 -0.055231 -0.00654221 -0.000345119 -0.00022907 0.00269403 -6.513e-05 -0.0923511 0.0241352 -0.00547777 0.000840164 -0.00253976 0.0108848 -1.30403e-05 -0.00143659 0.0149935 8.92468e-05 -0.00346702 -0.000143144 -4.38936e-05 -0.000370662 0.00528915 -0.000549717 0.0768887 -0.140005 0.01195 0.13299 0.0082231 -0.0112503 -0.000338218 0.0331509 0.0055915 -0.000586973 -0.00872182 0.00520707 0.0244656 -0.0397647 -0.0236514 0.0143375 0.0446281 0.0405871 0.00142347 -0.00112975 0.0103455 -0.0251479 -0.0012428 0.0226806 -0.0444582 0.00941102 -0.00219062 0.121014 
-0.00101749 0.00603696 0.0120383 -0.00852712 0.00650632 0.000301469 0.0138582 0.0489506 0.0112491 0.0276577 0.000932844 -0.00057533 -0.0236421 0.0159396 -0.00223315 0.0091309 -0.000157164 -0.000370848 0.0108684 -8.51607e-05 -0.000422628 0.000147603 0.000494459 -0.000375845 -2.1935e-05 -0.0114495 -0.000614065 0.00628539 0.00561259 -0.00313101 -0.0328766 -0.000195111 -0.00139189 -0.00103775 0.0117412 -0.00313063 -0.000777885 0.00274385 0.0008856 0.000348782 -0.000636779 -0.000215576 -0.00519333 0.0128264 0.000711939 0.00362359 -0.000481966 -0.00135716 0.00626333 -0.0139879 -0.00590408 0.00200838 1.91083e-05 4.50664e-05 0.00996698 0.000170719 -0.0162889 -0.0117199 -0.000761011 -0.000246463 -0.000232927 0.0103948 1.21119e-06 -0.000154824 0.00630897 0.000111615 -0.000191449 0.000645107 2.32839e-05 0.000645248 0.0188573 0.0185127 -0.00627484 -0.0150901 -0.00304427 -0.00299256 -0.0307767 -0.000919854 -2.362e-05 0.00191227 0.00710534 -0.000575173 -0.000539948 -0.0194585 -0.0123252 -0.00274697 -0.0022478 0.0159427 -0.017305 -0.0301815 -0.000245147 0.00113059 0.0159561 -0.00205237 -0.000157891 -0.0169805 -0.00230133 0.00199116 -0.000439478 -0.0108196 
0.000793632 0.00649012 0.00230086 -0.0076208 0.00225619 -0.0030235 0.0077887 0.0112491 0.0486475 0.00170627 -0.000427138 -0.00343263 1.68223e-05 0.00696408 -0.0013082 0.00470263 -3.40789e-05 -4.11592e-05 0.0039765 -0.000338409 -0.000298172 -3.30397e-05 0.000886582 -0.000232221 -0.000284791 -0.00425669 0.00158381 0.00180058 0.00316222 -0.00297535 -0.0143799 -0.000114096 0.00174719 -0.00118465 0.00801266 -0.00476888 -0.000890569 -0.00316535 5.17462e-05 -0.000159293 -0.000405357 -0.00292131 -0.0054908 0.00556617 -0.000152844 -0.0010734 -0.00048215 -0.00528273 0.0019191 -0.00641804 -0.00609852 0.000373887 0.00014657 -5.57101e-05 0.00444843 4.65822e-05 -0.0087788 -0.00955282 -0.000835097 -7.67946e-05 -0.000248646 0.00149761 -1.53287e-06 -5.0574e-05 0.00362763 5.3304e-05 -0.000269471 -5.65492e-06 -6.64492e-05 0.000201859 0.0109108 0.0091896 -0.00180915 -0.00520988 -0.00318899 0.00144236 -0.0113306 -0.000954001 -3.29653e-05 0.000418516 0.00187108 -0.000373915 -0.000385574 -0.00889257 -0.00533971 -0.00155988 -0.00255073 0.0107146 -0.0057226 -0.0133027 0.000128598 0.000597077 0.00248008 -0.00251543 7.1586e-05 -0.00773348 -0.00425592 -3.90581e-05 0.000446385 0.00214364 
-0.00291426 -0.0164425 0.0104398 -0.0267036 0.00551698 0.0540975 -0.0124957 0.0276577 0.00170627 0.173605 -0.00252423 -0.0120795 -0.0984505 0.0162699 -0.00991488 0.00264329 -0.000484713 0.000204073 0.00902399 0.000666816 -0.000774703 0.000922862 0.00199603 -0.000980195 0.00291878 -0.00396122 -0.0021297 1.23917e-05 0.00114729 -0.0116147 -0.0698877 -0.000856719 -0.000592114 0.00223317 0.0150312 0.0268113 0.00701961 0.0510219 0.00344606 0.00182466 -0.0010933 0.021481 0.00165334 0.00723751 -0.0019954 0.0295168 -0.0013955 0.00433815 0.00641997 -0.0016232 -0.00760834 0.00481232 0.000160098 0.000820556 0.00609552 0.000145367 -0.0409764 -0.0488661 0.00233039 -0.00105001 -0.000219391 0.00797086 1.69061e-05 -0.00139418 0.00560971 -3.16095e-05 0.00344112 0.00163519 0.000708229 0.000740024 0.0156998 0.0170877 0.0355145 -0.0275667 0.000838421 -0.0148953 -0.0393875 -0.00184832 0.000452216 -0.00156929 0.00337423 -0.000650163 -0.00182713 -0.0383166 0.010938 -0.00191709 0.02311 0.0188569 -0.0281887 -0.0659475 -0.000187589 0.00101594 0.0301723 -0.008286 -7.06629e-05 -0.0288137 0.020062 0.00584297 -0.00193861 -0.063843 
0.0013326 0.00131032 0.00419604 -0.00327123 -0.000177055 -0.00168141 0.00118087 0.000932844 -0.000427138 -0.00252423 0.020751 -0.00200003 -0.00829837 -0.000171782 0.000650193 0.00256575 -7.10875e-05 0.00103281 -0.000553796 -0.000112627 -7.41667e-05 -0.00014936 0.00884109 -1.23992e-05 -4.25248e-05 -0.000766079 -0.000263975 -0.000291404 -0.000346075 -0.00168712 -0.00797405 0.000274164 0.00299192 0.000714599 0.00461035 -0.00117318 -0.000498493 0.000103293 -6.79248e-05 -5.82385e-05 -0.00029274 0.00195267 -0.000124156 0.00934151 -0.000104171 -0.000859373 -0.000193031 0.00152622 -0.000443785 -0.000284567 -0.00108832 -0.000395758 1.23098e-05 -2.37822e-05 0.0053358 2.64288e-06 0.00707162 -0.0030386 -0.000391345 -9.34023e-05 8.78675e-07 -0.000264104 -3.76607e-07 0.000166213 0.00947484 -5.88642e-06 -0.000128698 -7.34313e-05 -8.56946e-06 -5.87625e-06 -0.000366277 0.00229158 -0.00910979 -0.00238658 -0.00105254 -0.00726838 -0.0125064 0.000934796 -1.3896e-05 0.00866875 3.8938e-05 -9.38634e-05 -2.76214e-06 -0.00943439 -0.0121354 -0.00127845 -0.00113581 0.0106005 -0.00266769 -0.0130695 4.63416e-05 0.000461966 0.00332667 0.000375646 -2.79894e-05 -0.00685004 0.000487652 0.00323122 0.00113962 0.00193725 
0.0174797 -0.0370064 -0.0453181 0.0782615 -0.00593253 0.0508063 -0.0910268 -0.00057533 -0.00343263 -0.0120795 -0.00200003 0.237606 -0.0373192 0.0169904 0.00329872 -0.0133606 0.00176618 -0.00275447 0.00364654 0.000701844 0.00578367 0.00431445 -0.00632231 -0.00305619 0.000911297 0.0636545 0.00252834 -0.00367369 0.00438219 0.0224037 -0.0439358 0.00233878 0.0325638 0.0109294 0.0658 0.00321365 0.000513676 -0.028096 -0.00153575 -0.00037225 0.00409546 -0.00686034 0.0255317 -0.00876267 0.00510402 -0.0100993 0.00381125 0.0014924 0.00174444 0.0643175 0.00175541 0.0180962 -0.000412091 -0.000165527 0.00587514 5.34684e-05 0.0622936 -0.0433276 0.0008519 0.000572998 -0.000602033 0.0100243 9.52524e-06 -0.00118717 -0.0092288 -0.000123024 -0.000816704 -0.00122091 -0.000323507 -0.000208072 0.0216609 0.0395913 -0.131062 0.0975353 -0.00927088 -0.145592 -0.0187565 0.00995781 -8.74691e-06 -0.0312354 0.00588911 -0.00152816 0.00913108 -0.0394552 -0.0454239 -0.00668091 -0.0117395 0.0180079 -0.0339694 -0.0281157 -0.00105885 0.000175589 0.00978539 0.00699825 0.000825116 -0.0502702 0.00608125 -0.00631059 0.00521603 -0.0847667 
-0.0140816 0.0230075 0.00467444 -0.00757306 -0.0102321 -0.11505 0.0767834 -0.0236421 1.68223e-05 -0.0984505 -0.00829837 -0.0373192 0.249802 -0.0203084 0.0198527 -0.0100861 0.00122063 -0.0015017 -0.0136331 -0.00273382 -0.00174117 -0.00213738 -0.0174139 0.00295166 -0.00199753 -0.0295406 -6.57946e-05 -0.0104732 -0.00913001 0.0166502 0.111647 -0.00200396 -0.028433 -0.0103418 -0.071393 -0.0385717 -0.00883141 -0.0880578 -0.00317255 -0.00173806 -0.00175921 -0.0243576 -0.00627675 -0.0179973 -0.0010906 -0.0178095 0.000702138 -0.0237265 -0.010063 -0.0991781 0.00257603 -0.0110249 6.80977e-05 -0.000554442 -0.0216726 -0.000148148 -0.030275 0.0772835 -0.00477509 0.000896102 -0.00191114 -0.00488877 -1.74845e-05 0.000595586 -0.0182751 2.06278e-05 -0.00285248 -0.00230553 -0.000775533 -0.00155248 -0.0235497 -0.0393467 0.0399574 -0.050387 0.0065506 0.074987 0.0846721 -0.00667735 -0.000317492 -0.000453705 -0.00581387 0.000691207 -0.00716254 0.0680899 0.039414 -0.00859056 -0.0206263 -0.0422392 0.0597099 0.111736 -0.00137903 -0.00113658 -0.0154764 -0.0074442 -0.00135928 0.0685654 -0.0268982 -0.0103148 0.000778283 0.116513 
0.00887397 0.00112292 -0.00446575 -0.00620678 0.0029898 0.00834582 0.00506609 0.0159396 0.00696408 0.0162699 -0.000171782 0.0169904 -0.0203084 0.0416291 -0.00200479 0.00280242 0.000398834 -0.000279426 0.013742 -0.000183811 0.00179103 0.000396755 -0.000678485 -0.000370453 -1.00594e-05 -0.0113397 0.00504777 0.00556442 0.00699484 -0.000528693 -0.0305627 -0.000140637 0.0152185 0.000889429 0.024477 0.000215839 -0.00052349 -0.0154521 0.000482879 -8.95517e-05 -0.00012483 -0.00271708 -0.00271542 0.0186489 0.00135168 -0.000839147 -0.000332884 -0.00597074 0.0108362 -0.00331085 -0.00526751 0.0098398 -0.000123038 -4.42124e-05 0.0057837 8.8073e-05 -0.0129324 -0.00597838 -0.000512024 1.37925e-06 -3.06119e-05 0.0125449 1.29419e-05 -0.000322771 0.002431 1.345e-06 -0.000258367 0.000753454 0.000378085 -8.3607e-06 0.0311567 0.0361309 -0.0210673 -0.00523227 -0.000192493 -0.0186494 -0.0306586 0.000715222 -2.6461e-05 0.000566996 0.00785582 -0.000452424 0.00223828 -0.0335471 -0.0262221 -0.00507134 -0.00278406 0.0261868 -0.0321802 -0.0287154 -2.74443e-05 0.00117855 0.016037 -0.0016218 -6.00882e-06 -0.0322198 -0.00127307 0.00109684 0.000702949 -0.0139986 
-0.00145054 0.00726087 0.00235396 0.0214076 -0.00101117 -0.0147372 0.0150243 -0.00223315 -0.0013082 -0.00991488 0.000650193 0.00329872 0.0198527 -0.00200479 0.0478232 -0.00230388 0.000108613 -0.000327928 -0.00130914 -0.000325433 -0.000738093 -0.000366999 -0.00181783 -0.000417244 -0.00028874 -0.00927252 0.000952618 -0.00106452 -0.0009991 0.00833663 0.0126138 -0.000205635 -0.00282744 -0.00120134 -0.00743396 -0.00685755 -0.00121016 -0.0145776 -0.000304199 -0.000171143 -0.0009486 -0.00218125 -0.00504616 -0.00372733 -0.000684028 -0.00227556 -0.000498889 -0.00512243 -0.000851545 -0.0177505 -0.00517541 -0.000471679 -7.49842e-05 -5.64919e-05 -0.00222125 -1.96571e-05 -0.0100278 0.00302938 -0.000837967 0.00132636 -0.000227447 -0.00161056 -1.71277e-06 0.00038123 -0.00183603 -7.99266e-06 -0.000353892 -0.000252499 -7.34698e-05 -4.90803e-05 -0.00237135 -0.0043889 -0.0145852 -0.0153638 -0.00283279 -0.00100614 0.0100375 -0.000977688 -3.29527e-05 -0.00431696 -0.000840361 -0.000285165 -0.000761949 0.00763194 0.00077193 -0.00650757 -0.00307992 -0.00422406 0.00734289 0.0130891 -0.000285986 -0.000103468 0.0127688 -0.00259858 -0.000233918 0.0110943 -0.00276549 -0.00138992 -0.000179248 0.0110395 
-0.00166974 0.00395217 0.00619396 -0.009463 0.00898248 -0.0122759 0.0188335 0.0091309 0.00470263 0.00264329 0.00256575 -0.0133606 -0.0100861 0.00280242 -0.00230388 0.0627183 -0.000182893 0.00314573 0.00869375 0.000111974 -0.000421618 -0.000299237 0.0111295 -0.000449996 0.000312644 -0.0174345 -0.000707376 0.00785339 0.00298075 -0.00273555 -0.0243887 -0.000271733 0.000637003 -0.00156987 -0.00613705 -0.00341332 0.00114556 -0.00181827 0.00020059 -0.000151568 -0.000514686 -0.00120936 -0.00401638 0.0103773 -0.000345967 0.00287732 -0.000275684 0.00123344 0.00493405 -0.0132549 -0.00314937 -0.00141239 4.00284e-05 -6.21611e-05 0.00722368 9.64551e-05 -0.00972685 -0.00844376 -7.83606e-05 -0.000137699 2.21154e-05 -0.00121232 -2.10911e-06 -0.000211675 0.0104883 0.000113905 -0.000437847 0.000881298 -1.40072e-05 8.63246e-05 0.00510275 0.00570804 -0.00697304 -0.0144065 -0.00312698 0.00906776 -0.020056 -0.00118035 -2.28947e-05 0.012032 0.000745507 -0.000526262 -0.000886953 -0.00830812 -0.0157853 -0.00249184 -0.00255825 0.00986147 -0.00646298 -0.0104383 0.00148783 0.000584513 0.00328072 -0.000268156 0.000402722 -0.00811598 -0.00268606 0.00300029 -0.000233948 0.00979039 
-0.000112809 -0.00179942 -0.000435853 0.00222219 -6.79687e-05 -0.00104086 -0.000206225 -0.000157164 -3.40789e-05 -0.000484713 -7.10875e-05 0.00176618 0.00122063 0.000398834 0.000108613 -0.000182893 0.00388714 -1.95252e-05 2.13007e-05 0.000131459 0.000149675 0.000400707 -8.05653e-05 -3.32326e-05 -6.2134e-08 0.000243799 -2.88992e-05 -3.84931e-05 -6.2323e-05 0.00231969 -0.000153092 1.88378e-05 -0.000202426 -8.92417e-05 -0.000814473 -0.00019453 -8.46473e-05 -0.00128105 -1.9884e-05 2.03428e-05 0.000444729 -0.000195422 0.00101821 -0.000125149 1.59168e-05 5.40237e-05 0.000575807 -0.000498056 -6.17581e-05 -0.0014767 -0.000296827 0.000791893 -4.29496e-06 1.48908e-06 -9.46257e-05 -5.39395e-07 -1.48584e-05 -0.000431057 -6.1708e-05 5.29072e-05 2.64215e-05 0.00016439 -1.32724e-07 -2.47351e-05 5.08245e-05 5.09921e-07 -2.41915e-05 4.7156e-05 4.49728e-06 -1.35579e-06 -0.000131893 -0.000277585 -0.00161386 -0.0004809 0.000944769 -0.00124679 0.000663667 -6.55299e-05 1.36533e-05 -0.000190824 -6.99898e-05 1.35485e-05 -2.95932e-05 -0.000748625 -0.00109048 -0.00041286 -0.000217353 -0.000124226 0.000476672 0.000127098 -1.97471e-05 2.71019e-05 0.00110545 -0.000148406 -1.48527e-05 -0.000786701 -0.000248957 2.149e-06 0.000323086 -0.000929252 
-0.000244776 0.000759008 -0.00076085 -0.00143221 -0.000137593 -0.00273906 0.00214967 -0.000370848 -4.11592e-05 0.000204073 0.00103281 -0.00275447 -0.0015017 -0.000279426 -0.000327928 0.00314573 -1.95252e-05 0.0085088 -0.000228447 7.61511e-06 -8.71501e-05 -3.37237e-05 0.00471781 0.00022003 3.80955e-05 -0.000495055 -0.000126462 -0.000140188 -0.000143604 -0.000566323 -0.00297824 -3.01367e-05 0.000512242 -0.000119978 -0.0017471 -0.000881923 -0.000145129 -0.000844937 -4.00384e-05 2.85596e-05 -0.000156484 -0.000179628 -0.00058954 0.00427117 -0.00013733 -1.14129e-05 -7.34909e-05 -0.000848587 -0.000146444 -0.00282537 -0.000908195 -0.00021658 5.525e-05 3.66128e-06 0.00166028 6.43003e-06 -0.000193844 -0.00108553 -0.000141734 -3.81993e-05 2.5379e-05 -2.15292e-05 8.41434e-07 0.000102487 0.00454639 -5.48376e-07 1.28963e-05 -1.30764e-05 -7.31489e-06 -9.12825e-06 -0.000157561 4.33547e-05 -0.00044597 -0.00247246 0.000633893 -0.000523259 -0.00343892 -0.000146043 5.96347e-06 0.0051589 0.000174178 0.000148584 -0.000128214 -0.0044513 -0.00293451 -0.00024311 7.73314e-05 0.00397512 -0.000726786 -0.00365235 0.00106416 -4.65436e-06 -0.000398738 -0.000328737 2.44644e-05 -0.0015125 -0.000275665 0.00145323 5.22055e-05 0.00384211 
-0.00075803 -0.00106425 -0.00229718 -0.00321248 0.0103125 -0.000987274 0.00510114 0.0108684 0.0039765 0.00902399 -0.000553796 0.00364654 -0.0136331 0.013742 -0.00130914 0.00869375 2.13007e-05 -0.000228447 0.0267103 0.000672665 -0.000252832 -4.43572e-05 -0.0010556 -0.00023516 -0.000176391 -0.00426924 -0.000338409 0.0128058 0.0100675 -0.00105048 -0.0191923 -0.000107541 0.00310196 -0.000615112 0.00981032 0.00499599 0.000156587 -0.00650657 0.00232835 0.00144989 -0.000569278 0.00115998 -0.00254446 0.00404047 0.00260738 0.00129731 -0.000262705 0.00374683 0.0147561 -0.0088676 -0.00325083 -0.000279689 3.70749e-05 -2.49759e-05 0.00112282 2.18007e-07 -0.00744045 -0.00599059 -5.47674e-06 0.000349587 0.000186353 0.0087892 4.53256e-06 -5.23451e-05 -0.000246929 0.000107443 -0.000130646 0.00282112 0.000106531 5.78023e-05 0.015099 0.0150605 -0.0127889 -0.00667526 -0.00146623 -0.00683222 -0.0174792 -0.000459111 -8.87962e-06 -0.00227355 0.00366823 -0.000284629 -0.00036574 -0.0131814 -0.0153654 -0.00138114 -0.00169863 0.00871784 -0.0186235 -0.0180885 -0.000131359 0.000751608 0.00824583 0.00203043 -5.36534e-05 -0.0169723 -0.00101851 -0.000402837 -0.000244742 -0.00890022 
0.00149186 -0.00502937 -0.000824109 -0.00111271 0.00137998 -0.000135065 -0.00374095 -8.51607e-05 -0.000338409 0.000666816 -0.000112627 0.000701844 -0.00273382 -0.000183811 -0.000325433 0.000111974 0.000131459 7.61511e-06 0.000672665 0.00658922 0.000169532 4.56805e-05 -0.000266472 -5.12541e-05 -1.50162e-05 -0.00187627 -4.4704e-05 0.00133839 0.000131529 -0.000375642 -0.00210342 0.000147331 0.00131074 0.00102116 -0.000166113 0.00517449 0.000192831 -0.00202986 0.000174702 0.00059787 4.14045e-05 0.00358792 0.00418207 -0.00067545 0.000500642 -9.95824e-05 9.9636e-05 0.00197224 3.82931e-05 -0.000583799 0.000678263 8.46594e-05 -1.8543e-05 7.28122e-06 -0.000281822 -4.67749e-07 -0.0024656 -0.00150679 0.000119139 5.40957e-06 0.00122928 -0.000121999 -8.11588e-08 -3.83239e-05 -0.000259808 3.62935e-06 0.000101217 0.000249386 5.48333e-06 -2.2813e-05 -0.000192949 0.000483273 -0.00228154 -0.000812376 2.59424e-05 -0.00281329 0.000147448 0.00127075 3.00411e-05 -0.000683754 -7.17094e-05 0.000311736 0.000864008 -0.00279525 -0.000595084 -0.000918351 0.00109018 -0.000447286 -0.00444793 -0.00274489 -4.21216e-05 -1.06905e-05 0.00258948 0.00259276 1.31032e-05 -0.000644772 0.00484648 -0.000183726 -7.08374e-05 -0.00184699 
0.0021885 -0.0012361 -0.00108414 -0.00154453 -0.000161917 0.00394651 -0.0002825 -0.000422628 -0.000298172 -0.000774703 -7.41667e-05 0.00578367 -0.00174117 0.00179103 -0.000738093 -0.000421618 0.000149675 -8.71501e-05 -0.000252832 0.000169532 0.0150954 0.0028991 -0.000243369 -7.22466e-05 0.000321523 -0.00227527 7.07688e-05 -0.000186022 0.00313174 0.00220064 -0.00839179 -5.09414e-05 0.0060646 -3.63864e-05 0.00864999 0.00482094 -7.29052e-05 -0.0060728 0.000109439 -5.27377e-05 0.000127007 -0.000386631 0.00192156 0.00244755 -9.15838e-05 -0.000496237 -8.09889e-05 -0.00159351 7.00993e-05 -0.00101493 -0.000981921 0.00540149 0.000104801 -6.27505e-06 -0.000182425 9.05811e-05 -0.000603592 -0.00278295 0.000924111 5.58141e-05 -5.5393e-05 0.00189369 5.75637e-06 -0.000104735 -0.000577264 -2.95694e-06 -4.48092e-05 0.000159112 -1.58832e-05 5.78734e-05 0.00528438 0.00983028 -0.00686898 0.000290756 -0.00042648 -0.00542706 -0.00711667 -8.07402e-05 -5.18171e-06 -0.000794633 0.00565921 -0.000123939 -0.000118422 -0.00572876 -0.00812173 -0.000651094 -0.000531547 0.00444833 -0.00735363 -0.0082732 0.000966095 -2.6135e-05 0.00366299 -0.000702037 0.000110595 -0.00872694 -0.000315117 0.000167645 4.08055e-05 -0.00412498 
-0.000128794 -0.00500858 -0.000915586 0.00255875 1.97642e-05 0.000674535 0.000169453 0.000147603 -3.30397e-05 0.000922862 -0.00014936 0.00431445 -0.00213738 0.000396755 -0.000366999 -0.000299237 0.000400707 -3.37237e-05 -4.43572e-05 4.56805e-05 0.0028991 0.0073519 -0.000192629 -2.5723e-05 5.80138e-07 -0.00211195 -6.53475e-05 -0.000107674 0.00301687 0.0054622 -0.00340905 6.39357e-05 0.000627346 -0.000165092 0.0025358 -0.000255839 0.000146898 -0.000845691 -4.22195e-05 -2.41186e-05 0.00224095 -0.000383838 -0.000147479 -0.000415793 3.95679e-05 0.000783253 0.000916264 -0.00108354 0.000200201 -0.00116864 -0.000876945 0.00549683 5.01052e-07 1.33571e-06 0.00103186 3.89206e-05 -0.00261819 -0.00139629 0.000452255 -4.83158e-07 -1.70958e-05 0.00021644 6.87031e-06 -6.38194e-05 -0.000212407 -6.04147e-07 -5.08072e-05 -2.28704e-05 1.22508e-06 -2.07477e-05 0.00227081 0.00307435 -0.0037261 -0.00118574 0.00254607 -0.00354536 -0.000325204 -0.000136617 1.46119e-05 -0.000674986 0.00251376 -8.75153e-05 -0.000107479 -0.0056181 -0.00304962 -0.00099858 -0.000407896 0.00108413 -0.00165284 -0.00307407 0.000140777 4.79451e-05 0.00335656 -0.000386801 2.72737e-06 -0.00545505 -0.000551922 0.000150745 -7.98468e-05 -0.00247846 
7.23008e-05 0.0075055 0.00389031 -0.00314149 -0.000760993 -0.0060502 0.0111917 0.000494459 0.000886582 0.00199603 0.00884109 -0.00632231 -0.0174139 -0.000678485 -0.00181783 0.0111295 -8.05653e-05 0.00471781 -0.0010556 -0.000266472 -0.000243369 -0.000192629 0.0408691 0.000641484 -1.0266e-05 0.00343048 -0.000218063 -0.000759029 -0.000707268 -0.00283497 -0.0275299 -7.48042e-05 0.00655503 -0.00011721 -0.00381014 -0.00385566 -0.000897085 0.0010456 -0.000256143 -0.000133577 -0.000813974 -0.00259306 -0.00337241 0.026207 -0.000464375 -0.00146193 -0.000370143 -0.00417115 -0.000607776 -0.000392593 -0.00486792 -0.000857007 0.000423918 -3.13017e-05 0.0143177 4.77554e-06 0.0157183 -0.00871126 -0.000878205 -0.000180804 -5.37553e-05 -0.000471896 -1.17421e-06 -0.00028597 0.0270726 1.71994e-06 -0.000199904 0.000541591 -4.05188e-05 1.7764e-05 0.00143777 0.00494909 -0.016853 -0.00357842 -0.00231957 -0.0156755 -0.0301779 1.51291e-05 -2.62381e-05 0.026803 0.000222302 -7.75001e-05 -7.91852e-05 -0.0306399 -0.0241951 0.000815021 -0.0024673 0.0289873 -0.00407445 -0.0238858 0.00377969 -0.000121814 0.00454743 -0.00136785 0.00045348 -0.018383 -0.00283105 0.0156357 0.00114469 0.0104457 
-0.000257113 4.21349e-05 0.00059239 -0.00113196 -0.000174037 -0.00250146 0.00111086 -0.000375845 -0.000232221 -0.000980195 -1.23992e-05 -0.00305619 0.00295166 -0.000370453 -0.000417244 -0.000449996 -3.32326e-05 0.00022003 -0.00023516 -5.12541e-05 -7.22466e-05 -2.5723e-05 0.000641484 0.00854704 -4.4847e-05 0.0013716 6.52463e-05 -0.000182908 -0.000160059 0.000766373 0.00045633 -3.44736e-05 -0.000500987 -0.00020719 -0.0015459 -0.00102737 -7.36491e-07 -0.000767514 -5.37955e-05 -2.64246e-05 -0.000175583 -0.000489225 -0.000864239 0.000752708 -9.353e-05 -0.000202606 0.000133024 -0.000738617 -0.000172353 -0.00369075 -0.000785752 -0.000229438 0.00071552 -7.70459e-06 -3.37376e-05 -1.90842e-06 -0.000193638 0.00298328 -5.83688e-05 9.50393e-05 -4.21271e-05 7.46716e-05 -2.93222e-07 -5.46408e-05 0.000254242 8.73876e-06 -5.16938e-05 6.18406e-06 4.48904e-06 4.0063e-05 -0.000418811 -0.000749819 0.00176593 -0.00117109 0.000672058 0.00179782 -0.000212167 -0.00016715 2.92686e-06 0.00140488 -2.81768e-05 -9.11919e-05 -0.000126048 -0.000503428 -0.000871042 -0.000248026 -0.000165225 -2.05749e-05 0.00127529 0.000889368 0.00038382 -2.71685e-05 -0.00139182 -0.00046346 -4.26189e-05 -0.00208959 -0.000609504 0.000899866 -7.73859e-05 0.00136436 
-0.000228625 -0.00336094 -0.00062208 -0.000355131 0.000272568 -0.00180888 -0.00184054 -2.1935e-05 -0.000284791 0.00291878 -4.25248e-05 0.000911297 -0.00199753 -1.00594e-05 -0.00028874 0.000312644 -6.2134e-08 3.80955e-05 -0.000176391 -1.50162e-05 0.000321523 5.80138e-07 -1.0266e-05 -4.4847e-05 0.00760217 -0.0019449 -0.000107148 -0.000148668 -7.8751e-05 0.000348715 1.77851e-05 -7.51409e-06 -0.0003796 1.65899e-05 -0.000197726 0.000611326 0.00115824 -0.000651858 8.04133e-06 -1.57866e-05 0.000148802 0.00264554 -0.000160211 -0.000291474 -0.00012265 3.61949e-05 -4.57892e-05 -0.00054629 -0.000124657 -0.000161472 0.00190229 -0.00016527 -2.57114e-05 -5.29378e-06 0.000600775 1.52924e-05 -0.00277386 -0.00141914 0.000419026 8.62787e-05 -2.72026e-05 -0.000227629 2.06112e-07 7.45591e-05 8.06362e-05 -2.37704e-06 6.72042e-05 -3.49555e-05 3.31154e-05 6.23583e-06 -0.000128658 -0.000328573 0.00104095 -0.00239527 0.00119139 -0.00143071 0.000563833 -0.000124396 1.32231e-05 1.86994e-05 0.000104678 1.16269e-05 -0.000113906 -0.000928475 0.00122044 -0.00102192 0.000822138 -4.19154e-05 -0.000500686 0.000127199 0.000106942 4.31934e-05 0.00409981 -0.000361086 0.000587958 -0.0010811 0.000715494 0.00024118 -5.64871e-06 -0.00232663 
-0.00704308 0.00536612 -0.0125886 0.0276427 -0.0059995 0.0728078 -0.0933887 -0.0114495 -0.00425669 -0.00396122 -0.000766079 0.0636545 -0.0295406 -0.0113397 -0.00927252 -0.0174345 0.000243799 -0.000495055 -0.00426924 -0.00187627 -0.00227527 -0.00211195 0.00343048 0.0013716 -0.0019449 0.210133 0.000334362 -0.00635313 -0.00415156 -0.00769643 -0.013445 -0.00105199 -0.00275828 -0.00669367 0.032201 -0.0349931 0.00549633 0.0499711 -0.00110224 -0.000989415 -0.00696961 -0.016921 -0.0163984 -0.0113975 -0.00339467 -0.00209156 0.00209151 0.0391432 -0.00394096 0.0468803 -0.0192131 -0.00626323 0.00149588 -0.000174508 -0.0076534 -4.5227e-05 0.111702 0.00243397 -8.79804e-05 -0.000846469 -0.00149949 -0.00241493 -8.4369e-06 -0.00218522 0.000223885 -9.64203e-05 -0.00181496 -0.000420256 4.44855e-05 0.000662536 -0.00920245 -0.00725434 -0.0492289 0.122393 -0.0149762 -0.0939295 -0.0332926 -0.0056459 -0.000163022 -0.00574255 -0.00462189 -0.00228716 -0.0044697 0.0179126 -0.0146122 0.0538715 -0.0172054 0.00285994 0.0274398 -0.046026 0.00122331 -0.000523893 -0.0532607 -0.005852 -0.001246 -0.0419412 -0.0220062 0.00730037 0.00258248 -0.076341 
0.00415195 0.00125867 -0.00205809 -0.00213364 -0.000295528 0.00288218 -0.0036824 -0.000614065 0.00158381 -0.0021297 -0.000263975 0.00252834 -6.57946e-05 0.00504777 0.000952618 -0.000707376 -2.88992e-05 -0.000126462 -0.000338409 -4.4704e-05 7.07688e-05 -6.53475e-05 -0.000218063 6.52463e-05 -0.000107148 0.000334362 0.0152435 -0.000319466 -1.14557e-05 -0.000307963 -0.00350592 -6.23553e-05 0.0057164 -0.000367946 0.00306506 -0.00215376 0.000306574 -0.00607545 0.000144739 -5.51201e-05 -0.000104909 -0.000883414 -0.00110116 0.00250594 -0.000264045 -0.000696961 -0.000129978 -0.00216676 -6.53001e-05 0.00225872 -7.16797e-05 0.00169238 -4.82545e-05 -1.49355e-05 -0.000702522 -1.01604e-06 -0.00106319 0.00394648 -0.000263125 -5.55287e-05 -7.34259e-05 -0.000353742 3.39562e-06 -0.000102698 -0.000535081 -4.49638e-06 -0.000104394 -6.45323e-05 -1.70074e-05 -8.31809e-06 0.00394538 0.00541404 -0.0030516 0.00237604 -0.000394561 -0.0016787 -0.00362037 -0.000238958 -9.83749e-06 -0.00144247 -3.73358e-06 -0.000152565 -0.000206661 -0.00394336 -0.0019136 -0.00141947 -0.000825381 0.00422401 -0.00455335 -0.00214833 -7.8187e-05 -4.36699e-05 -0.0018503 -0.000734647 -3.16694e-05 -0.00447718 -0.00117616 -0.000226052 0.00113625 -0.00199837 
-0.000245627 -0.00683157 -0.00149838 -0.00384975 0.0122763 -0.00643299 -0.000992909 0.00628539 0.00180058 1.23917e-05 -0.000291404 -0.00367369 -0.0104732 0.00556442 -0.00106452 0.00785339 -3.84931e-05 -0.000140188 0.0128058 0.00133839 -0.000186022 -0.000107674 -0.000759029 -0.000182908 -0.000148668 -0.00635313 -0.000319466 0.020905 0.00853913 -0.00120695 -0.00937019 6.70068e-05 -5.10219e-05 9.92798e-05 0.0054037 0.00815225 -0.000423773 -0.0067395 0.00241554 0.00156186 0.000745553 0.00789406 0.00468777 -0.000110185 0.00307592 0.000431198 -0.00014219 0.00607996 0.00916164 -0.00942198 0.00317836 -0.000558124 4.36473e-05 -2.11849e-05 -9.19334e-05 6.6202e-06 -0.0059842 -0.00493626 -1.28458e-06 0.000354982 0.00134539 0.00217138 3.48459e-06 0.000436325 -0.000659694 0.00011106 5.95593e-05 0.00264883 3.48712e-05 -1.3619e-05 0.00591599 0.00573578 -0.0101315 -0.00671345 -0.00138 -0.00542665 -0.00837171 5.40999e-05 -8.19029e-06 -0.00197053 0.00212093 -2.76629e-05 0.000160145 -0.00646756 -0.00844995 -0.0017441 0.0015245 0.000142088 -0.0170755 -0.01295 -9.50577e-05 0.000445368 0.00995775 0.00804087 -5.68376e-05 -0.00663626 0.00640563 -0.000559631 -0.000198663 -0.00646926 
-6.27409e-06 -0.00433678 -0.0025507 -0.00236392 0.00602662 0.00180572 0.00118819 0.00561259 0.00316222 0.00114729 -0.000346075 0.00438219 -0.00913001 0.00699484 -0.0009991 0.00298075 -6.2323e-05 -0.000143604 0.0100675 0.000131529 0.00313174 0.00301687 -0.000707268 -0.000160059 -7.8751e-05 -0.00415156 -1.14557e-05 0.00853913 0.0198645 0.0023175 -0.0126547 7.00335e-05 0.00283244 -0.000487288 0.0121792 0.00397936 0.000379377 -0.00566407 0.00265846 0.00166376 0.000109723 0.00141897 -0.00202026 0.0012204 0.00311141 -6.48038e-05 -0.00012293 0.00123511 0.00815589 -0.00388657 -0.00246123 0.00397788 0.000113682 -1.73114e-05 0.00124797 2.0151e-05 -0.00591527 -0.00464269 0.00136366 0.000379359 -4.47422e-05 0.00277043 1.34882e-05 -0.000121187 -0.000795264 2.47527e-05 -0.000122745 0.00180644 8.66604e-06 0.000250277 0.0102109 0.0121555 -0.00979757 -0.00299588 -0.000660139 -0.00688419 -0.0108783 -0.000395316 -1.21453e-05 -0.00186094 0.00666718 -0.00018166 -0.00025165 -0.0109536 -0.0119189 -0.00105049 -0.00131039 0.00486669 -0.0121955 -0.013501 0.000286037 0.000110993 0.00612563 0.000627485 -3.80243e-05 -0.0144519 -0.00145859 -0.000395705 -0.00019099 -0.00695883 
-0.00239146 -0.0205594 -0.00886761 0.0457211 -0.00119326 -0.0142281 0.00585055 -0.00313101 -0.00297535 -0.0116147 -0.00168712 0.0224037 0.0166502 -0.000528693 0.00833663 -0.00273555 0.00231969 -0.000566323 -0.00105048 -0.000375642 0.00220064 0.0054622 -0.00283497 0.000766373 0.000348715 -0.00769643 -0.000307963 -0.00120695 0.0023175 0.0741253 0.0113696 8.47829e-05 -0.00391711 -0.00181806 -0.00581091 -0.00930277 -0.000726548 -0.01666 -0.000374108 -0.000258369 0.00474523 -0.00498906 -0.00543072 -0.00546296 0.00275315 -0.00156851 0.00220768 -0.0110126 -0.00111633 -0.0167561 -0.00762669 0.0134693 -0.000279627 -8.48553e-05 0.00283384 9.84918e-05 -0.00833581 -0.00377486 0.00184501 0.003294 -0.00029428 -0.00224091 6.00227e-06 -0.000505166 -0.00280016 1.05238e-05 -0.000520895 -0.000318987 -7.28672e-05 -6.78612e-05 -0.000988979 -0.00329896 -0.0295959 -0.00309229 0.01214 -0.0149417 0.0167337 -0.00136904 -6.36884e-06 -0.0072466 0.000129252 -0.000757999 -0.00120906 -0.00167283 -0.0100419 -0.00984332 -0.00443192 -0.00355429 0.00836687 0.0165623 -0.000467415 8.59447e-05 0.0222226 -0.00311908 1.43961e-05 -0.00954306 -0.00584144 -0.00170018 -0.00055401 0.00387911 
-0.0214821 -0.0141949 -0.00358798 0.0101347 -0.00737656 -0.0750919 -0.00905295 -0.0328766 -0.0143799 -0.0698877 -0.00797405 -0.0439358 0.111647 -0.0305627 0.0126138 -0.0243887 -0.000153092 -0.00297824 -0.0191923 -0.00210342 -0.00839179 -0.00340905 -0.0275299 0.00045633 1.77851e-05 -0.013445 -0.00350592 -0.00937019 -0.0126547 0.0113696 0.199678 -0.00263477 -0.0410352 -0.0131953 -0.0438599 -0.0237424 -0.00295153 -0.0346012 -0.00197913 -0.00112541 0.0025639 0.0101316 0.000966564 -0.0435546 -0.00427575 -0.0148692 0.00181567 0.00301216 -0.0139249 -0.0345881 0.0323572 -0.0112388 -0.000851399 -0.000621932 -0.0183051 -0.000199462 -0.00938733 0.050414 0.00115514 0.000454575 5.79788e-05 -0.0165484 -2.20129e-05 0.000891501 -0.0279229 -6.03315e-05 -0.00223914 -0.00355751 -0.000799663 -0.00167492 -0.0352516 -0.0635212 0.0445748 -0.0223645 0.00526519 0.0505659 0.113059 -0.0119833 -0.000417818 -0.0240521 -0.0123659 0.00159369 -0.0109173 0.0903611 0.0481595 -0.00599023 0.00480007 -0.0628991 0.0520183 0.114393 -0.00414649 -0.000622788 -0.00818868 -0.00406255 -0.0012459 0.0907089 -0.0020786 -0.019684 -0.00395788 0.0558052 
0.00317735 -0.00321442 -0.000552519 -0.00044757 -7.70672e-05 0.00193477 -0.00234648 -0.000195111 -0.000114096 -0.000856719 0.000274164 0.00233878 -0.00200396 -0.000140637 -0.000205635 -0.000271733 1.88378e-05 -3.01367e-05 -0.000107541 0.000147331 -5.09414e-05 6.39357e-05 -7.48042e-05 -3.44736e-05 -7.51409e-06 -0.00105199 -6.23553e-05 6.70068e-05 7.00335e-05 8.47829e-05 -0.00263477 0.00407084 0.00314191 0.00321001 0.00236688 0.00274827 7.22513e-05 -0.00164854 -1.74876e-05 -1.38555e-05 -3.87603e-05 -0.000247723 0.00282096 -0.000410592 0.000152089 -0.00018684 0.000249433 -0.000562251 -8.4823e-05 0.00180446 -0.000329209 0.000107163 -1.34236e-05 -1.26309e-06 -0.000103371 -1.63888e-06 -0.00131171 -0.000937871 7.21416e-05 0.000226314 -1.73398e-05 -0.000110607 -9.45775e-08 0.000124732 -0.000153054 -1.3513e-06 5.81412e-06 -1.97169e-05 -3.75683e-06 -1.06206e-05 -0.000185231 0.00151457 -0.00187109 0.00230394 0.000102452 -0.00191553 -0.00232589 0.00309458 1.41875e-05 -0.000418711 -7.91709e-05 1.45858e-06 0.00299751 -0.00313812 -0.0020232 -0.000517336 -0.000245133 -9.85702e-05 -0.00279362 -0.00225348 -1.40896e-05 5.23352e-06 -0.000657386 0.00189501 0.000247867 -0.00287759 0.0021384 -0.000114317 -2.89879e-05 -0.00140166 
0.0263854 -0.00627179 -0.00768366 -0.00974179 -0.00107132 0.0295726 -0.015334 -0.00139189 0.00174719 -0.000592114 0.00299192 0.0325638 -0.028433 0.0152185 -0.00282744 0.000637003 -0.000202426 0.000512242 0.00310196 0.00131074 0.0060646 0.000627346 0.00655503 -0.000500987 -0.0003796 -0.00275828 0.0057164 -5.10219e-05 0.00283244 -0.00391711 -0.0410352 0.00314191 0.0550132 0.0146063 0.036938 0.0215255 0.000585472 -0.0233524 0.00023316 -1.55348e-05 -0.00134627 -0.00383988 0.011732 0.0118507 0.00427146 -0.00246432 -0.000407019 -0.00517186 0.00293331 0.0239182 -0.00699204 0.00856828 -0.000102741 1.50802e-05 -0.000949314 3.80433e-05 -3.704e-05 -0.00667766 0.000454276 -0.000287171 -0.000245022 0.00417232 9.56839e-06 -0.000282538 0.00181675 -1.82597e-05 2.5973e-05 0.000331273 2.05639e-06 0.000338271 0.0193841 0.0451394 -0.0295824 0.0212132 -0.00353872 -0.02827 -0.041044 0.0140446 -3.72852e-05 -0.000686654 0.00243755 -0.000262542 0.0140255 -0.0405952 -0.0357561 -0.00304654 -0.00355179 0.028937 -0.0423909 -0.0391834 0.00133757 -8.24273e-05 -0.00769201 0.00866058 0.0012838 -0.0424753 0.00995384 -9.4285e-05 0.0037137 -0.0158188 
0.0157211 -0.0187517 -0.00323392 -0.00440835 -0.000462015 0.00587263 -0.0142699 -0.00103775 -0.00118465 0.00223317 0.000714599 0.0109294 -0.0103418 0.000889429 -0.00120134 -0.00156987 -8.92417e-05 -0.000119978 -0.000615112 0.00102116 -3.63864e-05 -0.000165092 -0.00011721 -0.00020719 1.65899e-05 -0.00669367 -0.000367946 9.92798e-05 -0.000487288 -0.00181806 -0.0131953 0.00321001 0.0146063 0.0237048 0.0120171 0.018632 0.00021072 -0.0100223 -0.00010796 -3.58508e-05 -0.000262829 0.00332264 0.0207838 -0.00234251 0.00589949 -0.000802555 -9.67813e-05 -0.00286432 -0.000511343 0.00194902 -0.00181549 -0.000501098 -6.45826e-05 0.000317835 -0.00118586 2.49607e-06 -0.00835413 -0.00563214 -0.000222013 -0.000116198 -8.72964e-05 -0.000672165 -7.04081e-07 4.05041e-05 -0.000951684 -6.73169e-06 0.00375299 -0.000111514 -3.88921e-05 -7.53614e-05 -0.00108703 0.00860646 -0.00563403 0.00919395 -0.00156403 -0.012186 -0.00891539 0.0167321 0.00025402 -0.00245829 -0.000452961 0.000813857 0.0133077 -0.019206 -0.00764632 -0.00331742 0.0049921 -0.00165283 -0.0196861 -0.0149164 -0.000147099 -2.76007e-06 0.00146777 0.0105044 0.00112774 -0.00974857 0.0201622 -0.000649081 -0.000220916 -0.00636214 
