0.00393081 0.00171756 -4.95014e-06 -1.51869e-06 0.000133161 -0.000854801 1.47931e-05 -1.02785e-05 -2.86602e-06 -0.000261438 1.63437e-05 4.34102e-07 8.22504e-07 1.92143e-05 -1.67897e-07 -1.8351e-07 0.000379745 -9.79143e-07 7.28164e-06 -0.000232052 -8.70267e-06 -0.000172958 -8.23048e-06 -1.42889e-05 0.000107758 0.00185711 -8.57429e-07 -0.00149262 -2.79643e-06 7.02077e-07 2.99087e-07 9.00233e-07 -5.50291e-05 2.36012e-06 -0.00136154 0.000288426 -0.000684414 7.00341e-06 -3.83617e-07 -6.63671e-05 -6.19011e-06 -0.000732688 -0.000138165 -7.13171e-05 3.30734e-07 -0.00030106 7.83709e-07 -5.52416e-05 -0.000177783 0.000111953 6.9256e-08 -3.33953e-05 -7.1496e-05 2.84692e-06 5.27468e-07 9.13088e-05 3.39034e-08 -3.38676e-05 -2.14618e-05 0.000616679 0.000510694 3.4205e-07 1.35242e-07 1.9286e-06 -9.9382e-07 -0.000333868 -4.58093e-05 -0.000518749 -0.00206112 -1.44625e-05 1.00258e-05 5.06288e-08 -0.000288386 -1.00499e-06 1.81149e-07 -2.77588e-06 -4.79545e-06 -0.000763764 -0.000352821 -1.18828e-05 0.00204712 0.000116456 -8.75244e-06 -0.000838901 4.16943e-06 -5.25253e-06 -2.49061e-08 -0.000105487 -9.9352e-05 6.3351e-06 -6.35805e-06 0.00060467 1.314e-05 2.09416e-05 0.000520316 -1.78463e-05 -0.000223984 -2.78189e-05 6.71535e-06 -0.000558193 
0.00171756 0.177647 -0.000305118 -4.80495e-05 0.000209509 -0.0743944 -0.000263698 -0.000225199 -3.76819e-05 0.00202489 0.000257032 -1.0402e-05 0.000462513 0.0054619 -8.88394e-06 -1.82091e-06 0.00873256 -4.26395e-05 -1.75314e-05 0.006227 -0.00174445 -0.00555097 5.21335e-05 -0.00062807 -0.000527839 -0.00841969 -4.30009e-05 -0.00454485 0.000603403 0.000170257 -5.60248e-07 -9.36405e-05 -0.0103974 -0.00307137 0.00620787 0.00139585 -0.0238889 -0.000335305 0.000137089 -0.000267884 -0.000324898 0.045768 0.000401914 -0.00435345 0.000176105 -0.016958 4.52986e-05 -0.00320789 -0.00301508 0.00264095 0.000356495 0.0231863 0.011875 -3.16231e-05 -2.9574e-05 -0.000278033 -0.000508927 0.00198701 -0.00108788 -0.00295751 -0.0112735 -4.35027e-07 1.06426e-05 -4.7623e-06 4.69715e-05 0.013655 -0.00257023 -0.00143177 -0.0145126 0.00106488 0.000406609 -2.32618e-05 -0.0166133 -9.55507e-05 -1.94871e-06 -0.00352128 -0.000378246 -0.0999463 -0.00912084 0.00151727 0.00600141 0.00206069 -0.000450013 0.0295921 -6.42703e-05 -0.000409798 3.97598e-07 0.000515325 -0.00446211 0.00104525 -0.000852409 0.00690043 9.89323e-05 0.000107473 0.00115037 -0.0109429 -0.0054432 -0.000171727 -2.31706e-06 -0.0120022 
-4.95014e-06 -0.000305118 0.0014774 7.20839e-06 4.43971e-05 6.80644e-05 1.04853e-05 9.41485e-06 1.39228e-05 5.86221e-06 2.81847e-05 3.2249e-08 1.69352e-06 -0.000682124 -6.29483e-08 1.24267e-07 -3.8084e-05 -3.67102e-07 1.68921e-05 -0.000724207 0.000170115 0.000589995 8.04617e-06 -7.00254e-06 9.83806e-06 -0.00035487 3.06048e-06 0.000142888 2.0161e-05 -6.86579e-07 8.09383e-07 0.000121039 -8.88865e-05 0.000137224 0.000175183 6.4353e-06 -0.000144131 -1.30102e-07 -5.5909e-08 -6.08692e-05 4.69501e-05 -0.000213759 -0.00069137 0.000416515 -4.89753e-07 0.000256248 7.18921e-07 2.73744e-06 -1.54701e-05 1.55562e-05 9.11938e-06 -0.000119926 -4.01697e-05 -3.40667e-07 1.2984e-05 -6.21e-06 5.44931e-05 4.34941e-05 0.000362627 -4.71161e-05 -5.43151e-05 -5.06348e-09 -7.84347e-08 8.0102e-07 -2.35078e-07 0.000162203 -1.42203e-05 -1.5889e-05 -0.000181234 -2.96112e-06 1.37664e-06 2.76763e-06 -0.000179342 -2.72552e-07 -1.2371e-07 -2.62761e-05 5.8021e-07 -0.00058127 2.59729e-05 4.31423e-05 -0.000133819 -9.45836e-06 -4.15214e-06 0.000364816 2.06039e-05 2.46292e-06 -9.33785e-09 9.58845e-06 0.000278384 -0.000439665 -1.81722e-06 -0.000553887 1.03082e-05 -9.961e-06 2.28679e-05 -9.64644e-05 0.000686877 2.77998e-06 -3.59047e-08 -7.35631e-05 
-1.51869e-06 -4.80495e-05 7.20839e-06 0.00040719 -4.39018e-07 -0.000168606 -3.45494e-07 0.000109907 4.02205e-05 8.25658e-05 4.27764e-06 -2.17121e-08 2.90726e-07 -2.56791e-05 -1.73307e-08 1.05274e-06 -1.64324e-05 -1.01069e-07 4.02103e-05 -8.51828e-05 4.46357e-05 2.0093e-05 1.98419e-06 3.35649e-05 5.99387e-05 -4.73476e-06 7.62569e-06 -0.000149561 -1.37419e-06 -1.11249e-07 2.84091e-06 4.28714e-05 -1.62724e-05 1.59271e-05 -0.000187896 -2.03009e-06 -6.80537e-05 3.70959e-05 -5.93558e-07 -0.000115601 -4.90225e-09 -6.97842e-05 -0.000162958 1.99278e-05 3.74182e-06 -5.69937e-07 4.59323e-07 0.000212952 0.000143225 0.000164212 5.99312e-05 5.31903e-05 -1.04649e-05 9.83954e-06 5.25355e-05 -1.38911e-06 2.72011e-06 -3.7184e-06 8.09096e-05 -1.3139e-05 -0.000225613 -1.39406e-09 1.13396e-06 -2.11327e-08 8.85075e-06 0.000102837 2.17789e-05 0.00010507 -0.000195919 -6.42813e-07 2.4697e-05 4.22847e-05 -5.70336e-05 1.8187e-06 -3.40595e-08 -6.6712e-06 2.34148e-05 -0.000269494 0.000147271 7.09635e-07 2.38243e-05 7.93353e-07 1.05346e-05 -4.52706e-05 -1.20784e-07 1.40502e-05 -2.57087e-09 -3.37952e-05 0.000250361 -0.000295661 4.96853e-05 -0.000229821 4.31209e-06 -2.90513e-06 -6.195e-07 -3.0822e-05 1.49725e-05 1.74792e-05 -9.88516e-09 -7.99164e-05 
0.000133161 0.000209509 4.43971e-05 -4.39018e-07 0.00153905 -0.000464415 4.99142e-06 -2.25425e-06 -9.17667e-07 -8.78649e-05 3.16802e-05 8.60673e-06 -4.67613e-07 -0.000771405 4.48998e-06 -1.03442e-07 0.000200037 4.92867e-06 2.1605e-05 -0.000739319 -2.96724e-05 0.00058886 8.54695e-05 -6.34112e-06 -3.39597e-06 -9.34805e-06 3.32361e-06 -0.000203681 1.3585e-05 2.19584e-06 5.97735e-07 2.79634e-05 3.96117e-05 0.000269466 -0.000241075 0.0001436 -0.000292761 6.57896e-05 4.19844e-06 -2.8772e-05 2.01074e-05 -7.3662e-05 -0.00058895 0.000511539 4.98792e-06 0.000199135 6.12747e-07 0.000112829 -2.62924e-05 -5.96e-06 -1.22956e-06 -0.000121159 3.37173e-05 -3.21571e-07 5.83141e-06 0.000110401 3.00042e-06 -5.92586e-06 0.000327521 0.000114819 -0.000326504 -5.27509e-09 -2.61569e-08 3.64479e-07 2.27662e-05 0.000393841 -1.07374e-05 -0.000189801 -0.000440952 4.76185e-05 7.15049e-06 1.26024e-06 -0.000125997 1.74333e-07 -1.06658e-07 8.64266e-05 1.6834e-05 -0.000964152 -0.000143733 3.07161e-06 0.000336623 -9.22159e-06 1.85452e-07 0.000483908 2.5994e-06 5.38287e-07 -9.72809e-09 -0.000201242 0.000445368 -0.000313763 1.55375e-05 -0.000329805 3.04364e-06 0.000129635 4.75879e-05 -9.85187e-05 0.000619059 -5.95412e-07 1.09737e-05 -0.000705279 
-0.000854801 -0.0743944 6.80644e-05 -0.000168606 -0.000464415 0.154958 1.97444e-05 0.000271409 -0.000155649 0.00797807 -0.000283024 -2.5904e-05 -0.000652134 -0.00377065 3.78957e-06 -2.76333e-05 -0.0159739 2.60323e-05 -0.000435444 -0.00474478 -0.000120088 0.00509078 -0.00105192 -0.000186303 2.05501e-05 -0.0405233 1.61534e-05 0.0056516 -0.00144895 -0.000181284 -3.72526e-06 -0.000287454 0.000844885 -0.000147187 0.0123797 -0.00220937 -0.00182187 -0.000875755 -0.000419625 0.00149382 -0.000143113 -0.036688 -0.000672369 0.00301627 -0.000239384 0.00739809 -5.19233e-05 0.00349659 -0.00151265 -0.00593756 -0.000438573 -0.0105201 -0.00141648 -7.04374e-05 -5.18637e-05 -0.00206049 -0.00026799 -0.00329958 -0.000581347 -0.0122094 0.00949619 -6.32812e-07 -1.42927e-05 -7.47669e-06 -0.000211078 -0.00347288 0.000145988 -0.00492913 0.00852331 -0.00137958 -0.000715741 -6.95572e-05 -0.00500572 -5.7508e-05 -1.9264e-06 -0.00307397 4.29219e-06 0.0727196 0.00737469 -0.000999034 -0.0286081 -0.00355807 -0.000672606 -0.0233302 -0.00020821 0.000260225 -3.12342e-06 0.00236433 0.00225486 0.00348411 -0.000922436 -0.0372867 -0.00018758 -0.0042894 -0.000953658 0.00666442 0.0054105 -0.00383165 -1.70145e-05 0.0297608 
1.47931e-05 -0.000263698 1.04853e-05 -3.45494e-07 4.99142e-06 1.97444e-05 0.00133732 -2.35762e-06 -6.79307e-07 -8.06309e-05 -9.48587e-07 5.39736e-07 -5.97906e-07 -0.000310132 6.52505e-08 1.45095e-08 -5.60017e-05 1.06775e-06 -1.52408e-06 -0.000266289 -8.7901e-06 0.000197728 7.45777e-06 -6.11412e-06 -6.48094e-06 -6.27654e-06 -2.95117e-07 -1.21407e-05 5.77709e-06 3.67497e-07 -1.16205e-08 7.72143e-06 5.08794e-05 7.27606e-05 -0.000314322 -1.69372e-06 -0.00012957 8.61694e-06 -1.68455e-06 -9.03953e-06 -1.29834e-06 -0.000348859 -0.000204342 0.000185141 -4.83479e-07 0.000160091 -4.48288e-08 -2.64176e-05 -8.59936e-05 -6.98533e-06 -1.11895e-06 -0.000112919 -5.18263e-05 5.13899e-07 -6.43124e-08 -5.7959e-07 9.64599e-06 -8.99025e-06 8.13115e-06 0.000348583 0.000239489 3.50973e-07 -1.54322e-08 6.97197e-07 4.77923e-06 -9.18361e-05 2.10442e-05 -2.22791e-05 -9.77072e-05 -6.21026e-07 -1.28822e-06 -1.60024e-07 -4.37502e-05 5.23097e-06 1.21369e-07 -6.68923e-06 1.15673e-06 2.79873e-05 -9.54167e-05 1.08957e-06 0.000224547 -3.70196e-06 2.38653e-06 -4.79681e-05 7.83142e-06 -2.66202e-06 -8.45128e-09 -1.69217e-05 1.43014e-05 -1.15335e-05 -7.60751e-06 -0.000214693 1.37603e-06 -5.63501e-06 2.53394e-05 -9.06866e-05 0.000209869 -9.47331e-06 3.67504e-07 -0.000140199 
-1.02785e-05 -0.000225199 9.41485e-06 0.000109907 -2.25425e-06 0.000271409 -2.35762e-06 0.00397664 8.30538e-05 0.000651693 6.14294e-05 3.164e-08 -3.27591e-06 1.83876e-05 -1.69862e-07 9.11239e-06 0.000163597 2.18717e-06 1.12137e-05 7.02914e-05 0.000149732 -0.000104778 -4.26261e-06 4.30443e-05 2.53621e-05 -0.000778879 1.18316e-05 -0.00122552 -1.03471e-05 2.72584e-05 -3.46467e-08 1.36102e-05 -0.00021054 -2.82613e-05 -0.000565122 -7.72704e-06 0.000112421 8.84075e-06 -4.27314e-06 -0.000135486 5.87544e-06 -0.00102759 -7.53268e-05 9.62157e-06 -7.74831e-07 -1.69902e-05 3.8791e-06 0.0010796 0.00152565 0.000411528 5.82161e-05 0.00165227 0.000115041 1.08363e-05 1.5177e-05 -1.31898e-05 -7.30709e-06 -3.02337e-05 3.04293e-05 -0.000112549 -0.00191962 -1.36635e-08 8.77238e-07 2.7151e-06 5.79052e-06 0.000901126 0.000374044 0.000216037 -0.0011324 -7.56594e-06 1.94369e-05 3.76733e-06 -0.000478761 3.09386e-05 -1.89379e-07 -5.9806e-05 2.39537e-06 -0.00153941 0.000578581 -1.36518e-05 -0.000409464 7.51463e-05 -8.38206e-06 -0.000506256 2.62721e-06 4.39794e-05 -2.51976e-08 -3.10334e-05 0.000400007 -0.000525602 -1.06132e-05 -0.00216811 -5.083e-07 -3.00988e-05 5.56457e-05 -6.67829e-05 -8.8661e-05 -2.63629e-05 -9.68866e-08 0.000164444 
-2.86602e-06 -3.76819e-05 1.39228e-05 4.02205e-05 -9.17667e-07 -0.000155649 -6.79307e-07 8.30538e-05 0.0010124 2.79895e-05 3.86923e-07 5.90429e-07 -5.06271e-07 2.49661e-05 -4.31155e-08 6.32298e-07 -2.69987e-05 3.22634e-06 5.9541e-06 -8.60268e-06 -2.59757e-06 -4.75027e-05 2.24333e-06 2.49329e-05 2.56778e-05 -2.49096e-06 7.26508e-07 -0.000297862 2.07558e-06 2.24085e-06 8.68984e-07 3.21531e-05 -1.4292e-05 9.97829e-06 -0.000111084 -5.24207e-06 -0.000150329 -3.51221e-07 -7.76658e-07 -9.34118e-05 -9.52577e-07 -0.000149024 -4.64373e-05 -8.30139e-06 -3.6589e-07 0.000195393 1.77658e-06 6.21455e-05 0.000370858 7.63299e-05 3.77892e-05 0.000509973 -3.44432e-06 6.15555e-06 3.44006e-05 -2.97401e-06 -1.34644e-06 3.04935e-06 4.36513e-05 -1.53332e-05 -0.000586745 -3.46816e-09 -5.37226e-08 -5.25741e-08 3.89671e-07 8.72118e-05 2.79008e-05 0.000352915 -9.765e-05 5.23568e-07 4.94731e-06 1.34567e-05 -0.000138936 1.06715e-05 -8.47334e-08 -7.51645e-06 5.70439e-06 -0.000382976 4.18501e-05 -3.67441e-06 -2.64443e-05 -3.7805e-06 -1.96617e-06 -0.000245194 4.68352e-06 3.99641e-05 -6.39582e-09 -7.61753e-07 2.35051e-05 -7.04158e-05 3.92586e-05 -0.000323445 6.8185e-07 -7.63254e-06 1.26124e-06 -6.53139e-05 -1.79922e-05 -4.29153e-06 -1.34813e-08 -0.000137668 
-0.000261438 0.00202489 5.86221e-06 8.25658e-05 -8.78649e-05 0.00797807 -8.06309e-05 0.000651693 2.79895e-05 0.0745409 2.76604e-05 -3.50156e-06 -7.65576e-05 0.00176858 -2.44016e-06 -6.24264e-06 -0.00217212 1.80284e-05 5.03246e-05 0.00203188 -0.00194033 -0.00161446 -2.30579e-05 0.00146228 0.000342258 -0.00692214 4.7576e-05 -0.0241284 -0.00032209 -9.7987e-06 1.70716e-06 -3.73848e-05 0.000348152 -0.000608605 0.00746089 -0.000534129 -0.0079064 9.6181e-05 -5.35357e-05 8.93672e-05 -0.000112166 0.0139405 -0.000883659 -0.000660386 -2.56107e-05 -0.00421301 -7.44891e-07 0.0056166 0.00530209 0.000994596 8.42936e-05 -0.00228138 0.00152865 -8.22252e-07 -6.44916e-06 -0.000254319 -0.00023603 -0.000601023 -0.000359416 -0.00214497 -0.0153011 -1.99839e-07 3.72187e-06 -2.90841e-06 1.15685e-05 0.000853697 0.00119874 0.000909884 -0.000240543 -0.000256958 -9.72791e-06 3.7393e-06 -0.00942698 -3.88182e-05 3.46951e-05 -0.000314937 -4.95505e-05 0.00713037 0.0037525 -0.000256172 -0.00749505 -0.00057812 -0.000200639 -0.0172962 -3.44389e-05 0.000127644 7.43588e-07 -0.000419017 2.28065e-06 0.000384905 -0.000360262 -0.0243831 -1.99898e-05 -0.000392513 -0.000122186 -0.00501008 -0.00178446 -0.000612268 -8.4633e-07 0.00223997 
1.63437e-05 0.000257032 2.81847e-05 4.27764e-06 3.16802e-05 -0.000283024 -9.48587e-07 6.14294e-05 3.86923e-07 2.76604e-05 0.000790718 6.89325e-08 -2.2458e-07 -0.000119069 -3.36673e-08 1.10742e-05 0.000200876 -1.96341e-07 -5.39546e-07 -7.1885e-05 3.82564e-05 -9.90505e-07 3.73928e-07 1.89535e-05 -8.50231e-07 0.000192571 2.34691e-07 -0.000147005 2.67815e-06 1.66123e-07 -6.86711e-09 6.57768e-05 -4.36981e-05 4.13245e-05 -7.89395e-05 3.84291e-05 0.000144 6.67995e-07 5.3136e-06 -0.000144842 1.53573e-06 5.47363e-05 -0.000171855 5.9181e-05 3.39207e-06 3.76515e-06 1.2098e-07 0.000137963 9.63401e-08 0.000341305 1.27893e-05 -3.91207e-05 2.12461e-05 2.58446e-06 4.363e-06 1.41173e-05 2.07848e-06 -6.31239e-06 0.000114659 -2.62595e-05 -0.0004121 -2.70816e-09 7.98027e-06 6.2145e-06 -2.68354e-07 8.57136e-05 6.47342e-06 -5.70485e-05 -0.000514059 5.5505e-06 6.95165e-05 -9.45657e-08 -0.000102357 3.93524e-07 -6.61652e-08 -4.29928e-06 8.51581e-07 -0.000323066 6.48942e-05 3.63809e-06 0.000105516 0.000113027 9.57045e-07 -0.000156576 4.3241e-06 3.56627e-05 1.61672e-07 3.28607e-06 8.33334e-06 -0.000342229 4.77203e-06 -0.000275474 9.84477e-08 3.06659e-07 9.3308e-05 -6.16367e-05 4.72057e-05 -5.18412e-06 6.96856e-08 -3.04025e-05 
4.34102e-07 -1.0402e-05 3.2249e-08 -2.17121e-08 8.60673e-06 -2.5904e-05 5.39736e-07 3.164e-08 5.90429e-07 -3.50156e-06 6.89325e-08 5.32972e-05 -6.22739e-08 -1.63795e-05 -2.26762e-09 -4.72949e-09 2.12341e-06 4.3122e-07 1.13965e-09 -1.88909e-05 -1.44499e-06 1.2269e-05 7.60821e-06 -1.82276e-07 -2.82175e-07 -1.93322e-06 -1.26309e-08 1.23458e-05 2.76204e-06 -2.4733e-08 -4.62526e-10 7.00632e-06 -1.51152e-06 8.33157e-06 3.53364e-06 -1.89095e-07 -1.3439e-06 -9.79476e-08 -7.76634e-08 -6.67442e-06 1.96137e-07 -1.55136e-05 -1.62247e-05 1.30633e-05 -1.92437e-08 -8.87754e-07 -5.3223e-09 -8.30048e-07 -4.051e-06 1.25936e-07 -6.13424e-08 -4.65817e-06 -1.67686e-06 -1.2272e-08 -6.9823e-09 -2.66807e-07 1.0749e-06 1.11347e-06 1.25854e-05 1.9014e-06 -6.81028e-07 -1.82404e-10 -2.82549e-09 -2.76509e-09 -1.80746e-08 1.4615e-05 -6.50341e-07 -7.49559e-06 -6.932e-06 4.79752e-07 -5.12746e-08 -6.36935e-09 -2.66189e-06 -2.66293e-08 -4.45647e-09 -4.81926e-07 7.47401e-06 -9.45861e-06 -4.89428e-06 2.93884e-07 -1.82924e-06 -4.47193e-07 2.50425e-07 1.08377e-05 -2.3073e-08 4.49655e-07 -3.36382e-10 -5.75502e-06 7.30653e-06 -1.442e-05 -3.07221e-07 -4.78772e-06 -1.73172e-08 5.59139e-08 1.97055e-06 -2.00931e-06 1.34506e-05 3.91243e-06 -1.29341e-09 -1.50464e-05 
8.22504e-07 0.000462513 1.69352e-06 2.90726e-07 -4.67613e-07 -0.000652134 -5.97906e-07 -3.27591e-06 -5.06271e-07 -7.65576e-05 -2.2458e-07 -6.22739e-08 0.001167 -7.4536e-05 -4.97075e-08 -5.92286e-08 -3.58411e-05 3.43449e-07 -6.97233e-08 -3.90928e-05 3.06413e-05 4.24187e-05 7.43412e-06 7.9568e-06 4.12267e-07 -0.000305599 -2.76877e-07 0.000225955 4.3616e-06 2.33562e-06 -1.01388e-08 2.58573e-06 -5.34552e-05 -1.66222e-05 -4.85351e-05 -5.58739e-06 -0.000102685 -2.12485e-06 1.7442e-05 -4.97842e-05 3.01216e-06 -0.00022366 -4.98096e-05 -1.7438e-05 -4.21832e-07 -2.07542e-05 3.49999e-07 3.98273e-05 -7.15058e-05 -1.71979e-06 -4.77994e-07 9.49105e-05 1.90647e-05 -2.6901e-07 6.91662e-08 -7.54239e-06 -3.97962e-06 0.000233602 1.70234e-05 -3.93816e-05 0.000163485 -3.99841e-09 -6.19364e-08 2.83832e-07 -2.95395e-08 -0.000121858 -9.49675e-06 -0.000152638 -5.676e-05 3.43267e-05 5.00936e-06 -1.3962e-07 -0.000139481 -5.83729e-07 -9.76884e-08 3.58798e-06 -2.76188e-06 -0.000743285 -9.03328e-05 2.10809e-05 -0.000119222 -2.82495e-06 -3.27876e-06 0.000618021 -2.7244e-07 -1.6094e-06 -7.37369e-09 4.65507e-06 -1.53346e-05 -3.09561e-05 2.99888e-06 5.46815e-05 1.10929e-06 -2.19018e-06 2.39398e-06 -4.52572e-05 0.000195869 3.24617e-05 2.9387e-07 -7.87288e-05 
1.92143e-05 0.0054619 -0.000682124 -2.56791e-05 -0.000771405 -0.00377065 -0.000310132 1.83876e-05 2.49661e-05 0.00176858 -0.000119069 -1.63795e-05 -7.4536e-05 0.0277138 -2.71752e-05 -5.28687e-05 0.000534681 3.08913e-06 -0.000147462 0.0221821 -0.000476863 -0.0215244 -0.000183633 9.91704e-05 0.000137942 0.00846559 -3.12618e-05 -0.00836001 -2.99385e-05 -1.38734e-05 -1.13022e-06 -0.000156677 0.00180558 -0.00420226 -0.00514704 0.00011998 0.00477527 -0.000109487 9.05645e-06 0.000237567 -9.3421e-05 0.00879536 0.00775935 -0.0174415 2.09973e-06 -0.017319 2.31531e-06 -4.94069e-05 0.00190148 -1.53421e-05 3.04432e-05 0.00241818 0.000694074 4.65721e-06 -1.34184e-05 0.000180142 -4.83458e-05 -0.00212476 -0.00317951 0.00096595 -0.00534777 -1.60237e-06 -1.08988e-05 -2.55867e-05 -2.94704e-05 -0.00528802 0.000285757 0.00336019 -0.000268492 -0.000518842 -1.08898e-05 -5.13174e-07 0.00254087 -8.33618e-06 -3.59255e-06 0.0001309 1.23358e-05 0.0159232 0.00190153 -0.000453695 0.00271324 2.31831e-05 6.58564e-05 -0.0182896 -3.75952e-05 -4.83835e-05 -8.75515e-07 0.00031036 -0.00391682 0.00177171 0.000132911 0.0155503 -8.59536e-05 0.000225131 -0.000293721 0.000880329 -0.0197883 -0.000254359 -7.16329e-06 -0.000749352 
-1.67897e-07 -8.88394e-06 -6.29483e-08 -1.73307e-08 4.48998e-06 3.78957e-06 6.52505e-08 -1.69862e-07 -4.31155e-08 -2.44016e-06 -3.36673e-08 -2.26762e-09 -4.97075e-08 -2.71752e-05 4.25426e-05 -3.77511e-09 -2.0844e-06 3.56111e-07 -5.23041e-08 -2.40091e-05 -1.20662e-06 1.93178e-05 5.53439e-07 -2.25314e-07 -3.13924e-07 -6.8852e-07 -1.00821e-08 -9.99495e-06 1.16562e-06 -1.9742e-08 -3.69191e-10 -2.15587e-08 3.96863e-06 5.73108e-06 -1.15721e-05 -2.61749e-07 -7.64118e-06 7.66262e-07 4.26897e-07 -5.4754e-06 1.48376e-06 -1.01409e-05 -1.8521e-05 3.95049e-06 -1.53604e-08 1.43514e-05 -4.2483e-09 1.1154e-07 8.39845e-06 -3.09393e-07 -4.89639e-08 -3.87773e-06 7.81339e-06 -9.79562e-09 -5.57332e-09 -2.7505e-07 8.47491e-08 5.67204e-07 1.28888e-05 -1.2954e-06 -2.54912e-06 -1.45597e-10 -2.25533e-09 -2.20711e-09 4.74462e-07 6.66082e-06 -3.76805e-07 -7.98528e-07 1.03335e-06 1.54418e-06 -4.09278e-08 -5.08406e-09 -5.5801e-06 -2.12557e-08 5.74221e-07 7.85872e-06 -1.0057e-07 -9.51682e-06 -3.5351e-06 3.88879e-06 -3.39534e-06 -3.56953e-07 5.83862e-08 1.22173e-05 7.14916e-07 -9.33992e-08 -2.68503e-10 -1.33537e-05 1.11766e-05 -6.07934e-06 3.05477e-06 -2.85345e-06 7.19511e-07 -3.54473e-07 -8.5589e-08 -2.69293e-06 1.6664e-05 3.95068e-06 -1.03241e-09 -1.44878e-05 
-1.8351e-07 -1.82091e-06 1.24267e-07 1.05274e-06 -1.03442e-07 -2.76333e-05 1.45095e-08 9.11239e-06 6.32298e-07 -6.24264e-06 1.10742e-05 -4.72949e-09 -5.92286e-08 -5.28687e-05 -3.77511e-09 8.87255e-05 2.77784e-05 -2.20157e-08 1.71313e-06 -2.27658e-05 1.12785e-06 1.12089e-05 -1.89807e-07 3.00702e-08 4.53415e-06 1.7734e-05 1.23055e-08 -4.87765e-06 9.26072e-07 1.36603e-07 -7.70008e-10 5.24392e-06 -2.78623e-06 3.31835e-07 1.12251e-05 -1.81157e-07 1.98276e-05 -9.63956e-08 -1.29293e-07 -3.48614e-05 -1.7291e-07 -1.35445e-05 -3.59943e-05 1.38892e-05 4.57411e-08 1.92163e-06 -8.86052e-09 1.77079e-06 -7.20241e-06 3.57109e-05 9.42322e-07 -4.84699e-06 -3.43898e-06 1.12903e-07 1.03282e-06 -5.73662e-07 1.22153e-06 -8.0997e-07 3.09687e-05 -2.40144e-06 -2.84494e-05 8.99696e-07 1.72863e-06 -4.60329e-09 -3.00905e-08 3.87106e-05 -5.12227e-07 -4.80074e-06 -3.87975e-05 2.89628e-06 1.27019e-06 3.11619e-07 -5.39975e-06 -4.43322e-08 -7.41909e-09 -1.73811e-06 3.12467e-07 -3.70058e-05 1.64562e-05 -3.24643e-07 -7.6602e-06 1.88777e-05 -2.4901e-07 -1.85924e-06 1.28255e-07 6.5052e-06 -5.60006e-10 3.88965e-07 1.22135e-05 -4.50049e-05 1.23299e-06 -4.11104e-05 -2.88295e-08 -6.3931e-07 3.10548e-05 -2.95251e-08 1.01645e-05 -1.37767e-07 -2.15326e-09 -5.67273e-06 
0.000379745 0.00873256 -3.8084e-05 -1.64324e-05 0.000200037 -0.0159739 -5.60017e-05 0.000163597 -2.69987e-05 -0.00217212 0.000200876 2.12341e-06 -3.58411e-05 0.000534681 -2.0844e-06 2.77784e-05 0.0565968 -7.14216e-06 7.90499e-05 0.0016433 -0.00147886 -0.00251431 -4.30022e-06 -7.38876e-05 -0.000344519 0.00109089 -1.15272e-05 -0.000702951 -1.99352e-05 1.06532e-06 1.99615e-07 0.000111672 -0.00275309 -0.00035255 0.000580024 0.000769347 -0.00369387 -9.82266e-05 2.75703e-05 -0.00107895 -4.33545e-05 0.00257039 -8.64515e-05 -0.00112079 -1.02879e-05 -0.000951913 -2.047e-06 -0.00109573 -0.000269041 0.00199412 -4.2433e-05 -0.000488441 -0.00230349 -4.6995e-06 -3.27819e-06 -0.000114469 0.00047596 0.000356604 0.000203045 0.00110693 -0.00775335 6.93901e-07 1.7263e-05 1.30906e-06 -1.61892e-05 0.00310364 -0.000233171 0.00375352 -0.00331557 -0.000111181 0.000237765 -3.14117e-06 -0.00374855 -2.46329e-05 -2.39092e-06 -0.000609829 -0.000106084 -0.0115705 -0.00416244 -0.000131914 -0.000412911 0.000602006 -6.28043e-05 0.000136511 1.61873e-06 6.12445e-05 1.977e-07 0.000330371 -0.000633263 -0.000601465 -0.000257595 -0.00786685 1.77775e-07 -0.000142895 0.000778167 -0.00355866 -0.00330755 -0.000412431 1.83857e-06 0.000162649 
-9.79143e-07 -4.26395e-05 -3.67102e-07 -1.01069e-07 4.92867e-06 2.60323e-05 1.06775e-06 2.18717e-06 3.22634e-06 1.80284e-05 -1.96341e-07 4.3122e-07 3.43449e-07 3.08913e-06 3.56111e-07 -2.20157e-08 -7.14216e-06 0.00024805 1.50528e-07 4.77788e-06 -6.3701e-06 -6.99129e-06 9.1496e-08 1.8749e-06 4.04703e-06 -8.98476e-05 -5.87968e-08 -6.52666e-05 -8.8547e-07 7.0904e-09 -2.15305e-09 -1.25726e-07 8.94716e-05 -2.07704e-06 2.41777e-05 -1.56718e-06 -2.53037e-05 -4.55946e-07 1.19403e-06 -2.97448e-07 -1.61258e-07 -2.33868e-05 -2.46408e-06 -4.83185e-06 -8.95791e-08 2.21454e-06 -2.47753e-08 2.59374e-05 8.0113e-06 -2.5171e-06 5.97001e-06 7.20442e-06 -2.72676e-06 -5.71262e-08 -3.25026e-08 -1.40404e-06 -3.51667e-07 -2.25368e-06 -6.83409e-07 -7.31155e-06 -2.67363e-05 -8.49091e-10 -1.31526e-08 -1.28715e-08 -8.41372e-08 1.98265e-06 -3.10089e-06 -1.1436e-05 6.77751e-06 1.70914e-07 -2.38683e-07 -2.96493e-08 -2.58097e-05 -1.2848e-08 -9.63373e-09 -1.8283e-06 -5.08727e-07 -1.89543e-05 -2.05652e-05 4.14475e-07 -2.32473e-05 -1.73724e-06 -2.51824e-07 -7.4656e-06 -1.07405e-07 1.26642e-06 -1.56586e-09 -1.7248e-06 -3.90883e-06 -7.26513e-07 -7.85665e-07 -4.90181e-05 -3.61669e-08 -1.38944e-06 -4.32472e-07 1.52093e-07 9.32562e-06 1.27702e-05 -6.02083e-09 -1.65569e-05 
7.28164e-06 -1.75314e-05 1.68921e-05 4.02103e-05 2.1605e-05 -0.000435444 -1.52408e-06 1.12137e-05 5.9541e-06 5.03246e-05 -5.39546e-07 1.13965e-09 -6.97233e-08 -0.000147462 -5.23041e-08 1.71313e-06 7.90499e-05 1.50528e-07 0.00122789 -0.000308909 -4.81188e-06 0.000275901 -7.29769e-07 2.38336e-05 9.72859e-06 3.149e-05 1.56422e-06 -0.000235023 4.66899e-07 -8.15937e-08 -1.06685e-08 5.73258e-06 0.000237055 -1.22577e-05 -0.00013903 2.0683e-05 -0.000201772 6.36299e-06 -6.91359e-07 -1.50228e-05 2.79323e-06 -0.000204404 -0.000199055 -4.43015e-06 4.0228e-06 -6.85759e-05 -1.22762e-07 -1.06622e-05 2.00067e-05 2.2161e-05 1.45176e-06 9.70505e-05 -1.74167e-05 1.23916e-06 1.72056e-05 3.3408e-06 -3.28021e-06 -6.68879e-06 0.000150189 -3.47733e-05 -0.000153129 -4.20728e-09 -6.51719e-08 -6.37785e-08 8.30968e-08 0.000250494 7.10765e-06 -0.000161993 -8.98163e-05 6.07317e-05 3.72873e-07 2.94198e-06 -0.000123509 2.41334e-07 -4.72359e-08 -2.38145e-05 9.17163e-06 -0.000556381 -5.00393e-05 3.87021e-05 -4.36043e-05 -8.75925e-06 -2.52782e-06 0.000351156 1.63447e-06 1.62328e-06 1.36686e-07 2.94077e-06 0.000276836 -0.000381097 7.58042e-06 -0.000424232 2.12006e-05 3.76235e-05 8.22675e-06 -4.1657e-05 0.000404977 0.000403615 3.25722e-07 -0.000151174 
-0.000232052 0.006227 -0.000724207 -8.51828e-05 -0.000739319 -0.00474478 -0.000266289 7.02914e-05 -8.60268e-06 0.00203188 -7.1885e-05 -1.88909e-05 -3.90928e-05 0.0221821 -2.40091e-05 -2.27658e-05 0.0016433 4.77788e-06 -0.000308909 0.0316231 -6.24817e-05 -0.0250037 -0.000294059 0.000118913 -1.73644e-05 0.00828603 -7.63053e-06 -0.00597687 8.34168e-06 -2.36322e-06 -4.12742e-06 -0.00019449 0.000379888 -0.00377788 -0.00505126 -0.000297625 0.00608461 -2.37344e-05 4.49086e-06 0.000217228 -9.46174e-05 0.00816291 0.00801377 -0.0179175 2.03213e-07 -0.0171202 1.1978e-06 -0.000277102 0.00248492 0.00019756 -2.30864e-05 0.0026114 0.000525994 -2.35173e-05 -7.88174e-05 9.32421e-05 -1.53606e-05 -0.00142446 -0.00326392 0.000756902 -0.00719068 -1.9659e-06 -2.25586e-06 -2.75596e-05 -7.71383e-06 -0.00430688 0.000407839 0.00445433 -0.000329664 -0.000934558 -1.9171e-06 -2.22489e-05 0.00306043 -3.23112e-05 -2.31104e-06 0.000480314 2.40129e-05 0.0162716 0.00256497 -0.000405848 0.00297257 0.000230544 8.68758e-05 -0.02148 -2.73258e-05 1.56362e-05 -9.60345e-07 0.000277485 -0.00431186 0.00183518 2.29022e-05 0.0143864 -9.95117e-05 0.000196172 -0.000148676 0.00118922 -0.0222162 -0.000693143 -5.66223e-06 0.000280958 
-8.70267e-06 -0.00174445 0.000170115 4.46357e-05 -2.96724e-05 -0.000120088 -8.7901e-06 0.000149732 -2.59757e-06 -0.00194033 3.82564e-05 -1.44499e-06 3.06413e-05 -0.000476863 -1.20662e-06 1.12785e-06 -0.00147886 -6.3701e-06 -4.81188e-06 -6.24817e-05 0.027557 4.41707e-05 -4.1589e-05 0.000114666 3.7207e-05 -0.00534147 -5.38768e-06 0.00148337 -3.39637e-05 -8.79394e-06 -2.46113e-07 9.03284e-05 -0.00161025 -0.000201321 0.00540029 -4.72701e-05 -0.00288038 -4.70965e-05 -3.95586e-05 -0.00026702 -1.22884e-05 -0.0012587 -5.52122e-05 8.6174e-06 -7.37304e-06 0.00160135 -2.66537e-06 0.00107341 -0.00199769 -0.000107882 5.35259e-05 -0.00141299 -0.00094776 -1.30042e-07 -3.00423e-06 -0.000142468 0.000166324 -0.000150242 0.00015156 -0.00100598 0.00388539 -9.70588e-08 4.07645e-07 -1.41577e-06 -9.28431e-06 -0.00204837 -0.000349145 -0.00255144 -0.00236082 -7.37389e-05 6.78164e-05 -1.20029e-06 -0.001561 -1.1503e-05 -1.36021e-06 -0.000577251 -6.42539e-05 -0.0140654 0.0078946 -4.11971e-05 -0.00241066 -0.00016571 -4.37009e-05 0.00862224 3.28005e-05 -5.99293e-05 -1.78992e-07 0.000179798 -0.000131167 -0.00308858 -0.000159841 -0.0113877 -8.52571e-06 -0.000170902 -3.13387e-06 0.000300954 0.0044552 0.000260315 -6.88235e-07 0.000947757 
-0.000172958 -0.00555097 0.000589995 2.0093e-05 0.00058886 0.00509078 0.000197728 -0.000104778 -4.75027e-05 -0.00161446 -9.90505e-07 1.2269e-05 4.24187e-05 -0.0215244 1.93178e-05 1.12089e-05 -0.00251431 -6.99129e-06 0.000275901 -0.0250037 4.41707e-05 0.0474886 0.000165574 -4.48539e-05 -0.000197887 -0.0147227 -6.53477e-06 0.00183143 -0.000125102 -1.2318e-05 1.5511e-07 2.88142e-05 0.000280196 0.00304685 0.00848768 -0.000315428 -0.00899796 -6.66711e-05 -6.20476e-05 2.61195e-05 3.13814e-05 -0.00820972 -0.00747319 0.0175632 -1.52254e-05 0.0154913 -4.01373e-06 0.000189583 -0.00420982 -0.000469078 -5.12076e-05 -0.00375194 -0.00111302 -1.0276e-05 2.08961e-05 -0.000248635 -7.87323e-05 0.00149795 0.00274968 -0.00137378 0.0113684 8.73377e-07 -2.39433e-06 2.06179e-05 -1.42512e-05 0.00243843 -0.000638969 -0.00698425 0.00128271 0.000817961 -4.32767e-05 -2.98459e-06 -0.00703115 -9.09643e-06 -1.80172e-06 -0.0010568 -0.000105219 -0.0214298 -0.00257225 0.000246437 -0.00515024 -0.000400243 -0.000139734 0.0311547 3.16105e-06 -9.15166e-05 7.4008e-07 7.29238e-05 0.0031524 -0.00212433 -0.000275771 -0.027164 8.08258e-05 -0.000384385 -9.344e-05 -0.00380823 0.0296928 0.000951481 1.65364e-06 0.000547148 
-8.23048e-06 5.21335e-05 8.04617e-06 1.98419e-06 8.54695e-05 -0.00105192 7.45777e-06 -4.26261e-06 2.24333e-06 -2.30579e-05 3.73928e-07 7.60821e-06 7.43412e-06 -0.000183633 5.53439e-07 -1.89807e-07 -4.30022e-06 9.1496e-08 -7.29769e-07 -0.000294059 -4.1589e-05 0.000165574 0.00213449 -8.40623e-06 -1.02503e-05 -7.68013e-05 4.25976e-06 -0.000192619 -8.53875e-06 -7.48154e-07 2.36993e-07 1.69384e-06 -0.00011307 0.000368539 -0.000434215 -9.92207e-06 -7.36823e-05 0.000175247 3.37205e-06 -5.59656e-05 6.63172e-06 0.000485651 -0.000125717 0.000173258 4.16104e-06 0.000496913 8.19736e-07 -2.36679e-05 0.000340658 -1.81676e-05 -1.88405e-06 0.000121333 0.000133914 9.8527e-07 -2.35773e-07 -3.42909e-06 8.86768e-06 -2.12569e-06 1.27535e-05 -2.65574e-05 -0.000443755 -7.32036e-09 -1.13394e-07 1.74459e-06 5.38524e-05 -0.000196309 0.000200828 0.000136567 -3.38495e-05 9.51246e-07 3.86662e-07 -1.00063e-07 -0.000160145 -1.0687e-06 -1.7885e-07 0.000205239 9.12129e-06 -0.000943781 -7.93194e-05 6.26073e-05 -8.5718e-05 -1.77026e-05 -5.44726e-06 0.00037719 1.98513e-06 -8.40409e-07 4.20557e-08 -0.000268854 1.98742e-06 -2.45947e-05 2.59149e-05 0.000138866 2.3828e-06 4.09666e-05 1.61894e-06 -4.66858e-05 0.00027469 0.000153576 5.89254e-06 -0.00140272 
-1.42889e-05 -0.00062807 -7.00254e-06 3.35649e-05 -6.34112e-06 -0.000186303 -6.11412e-06 4.30443e-05 2.49329e-05 0.00146228 1.89535e-05 -1.82276e-07 7.9568e-06 9.91704e-05 -2.25314e-07 3.00702e-08 -7.38876e-05 1.8749e-06 2.38336e-05 0.000118913 0.000114666 -4.48539e-05 -8.40623e-06 0.00526793 0.000256745 4.68814e-05 -3.99473e-07 -0.00155661 1.73388e-06 -1.85751e-06 9.84871e-08 5.71907e-07 -1.16992e-05 -5.77526e-05 0.000832854 -2.10157e-05 -0.000950866 -9.63224e-06 -5.91677e-06 -0.000109018 -6.89776e-06 -0.000911959 -4.72475e-06 -2.81133e-05 9.90278e-08 -0.000213773 -5.28833e-07 0.000775783 0.000234754 0.000444972 -1.8173e-06 0.000111186 -0.000128357 2.17806e-05 -6.93773e-07 -2.7483e-05 5.5156e-06 -2.55757e-05 1.61008e-05 -0.000164142 -0.000871009 -1.8124e-08 9.30365e-07 -2.74744e-07 -2.40369e-07 -0.000547552 -4.37017e-05 0.000229047 -0.000705387 -1.25913e-05 0.000155039 5.89353e-07 -0.000509633 1.80963e-06 -4.42803e-07 -7.87665e-05 -1.14079e-05 -0.00033896 0.000537863 -9.25382e-06 -0.000201633 5.1655e-05 2.24825e-05 -0.000495421 -8.59237e-07 -3.02644e-06 1.33243e-07 1.96876e-05 -0.000101102 -0.000278276 -2.91037e-05 -0.0021741 4.79337e-07 -3.88474e-05 2.91245e-06 9.25847e-05 0.000243277 0.000139916 8.93706e-07 0.000200587 
0.000107758 -0.000527839 9.83806e-06 5.99387e-05 -3.39597e-06 2.05501e-05 -6.48094e-06 2.53621e-05 2.56778e-05 0.000342258 -8.50231e-07 -2.82175e-07 4.12267e-07 0.000137942 -3.13924e-07 4.53415e-06 -0.000344519 4.04703e-06 9.72859e-06 -1.73644e-05 3.7207e-05 -0.000197887 -1.02503e-05 0.000256745 0.00732429 -5.63352e-05 -1.7486e-06 -0.00264412 3.59243e-05 -3.27953e-06 -6.4031e-08 1.26721e-05 0.000174143 -7.67465e-05 -0.00148497 -2.74508e-05 -0.00108154 6.26257e-06 -4.15155e-06 -0.000176863 -5.07853e-06 0.00101462 1.09323e-05 -0.000152942 8.3915e-06 -0.000377279 4.07637e-07 4.37719e-05 -0.000368336 3.32092e-05 8.18568e-06 -0.000512045 0.000140419 6.25664e-06 1.80001e-05 1.96307e-06 -1.23975e-07 -4.40874e-05 7.18546e-06 0.000315742 0.000566318 -2.52517e-08 -5.78215e-08 -8.27923e-08 -2.32443e-06 0.00128692 -3.90067e-05 0.000526535 -0.000494463 0.00028807 6.16833e-06 2.79602e-06 -0.00068009 2.16579e-05 -2.28055e-07 -0.000145626 2.64798e-05 -8.92968e-05 0.000848217 -1.10719e-06 0.00017159 -2.95862e-05 -1.22401e-05 0.000141082 -2.60838e-07 4.44567e-06 6.45431e-08 -2.00364e-05 0.000134057 -0.000103552 -3.24198e-05 -0.00273785 -6.75128e-07 -4.08894e-05 -3.25532e-06 -0.000361389 -0.000185791 7.79032e-05 -1.79057e-07 -0.00119989 
0.00185711 -0.00841969 -0.00035487 -4.73476e-06 -9.34805e-06 -0.0405233 -6.27654e-06 -0.000778879 -2.49096e-06 -0.00692214 0.000192571 -1.93322e-06 -0.000305599 0.00846559 -6.8852e-07 1.7734e-05 0.00109089 -8.98476e-05 3.149e-05 0.00828603 -0.00534147 -0.0147227 -7.68013e-05 4.68814e-05 -5.63352e-05 0.234381 -2.73279e-05 -0.0751258 0.00160297 4.63319e-05 3.40118e-06 0.000164863 -0.0185108 0.00228769 -0.0421667 0.00202381 0.00582231 0.000585609 0.00019113 -0.00109313 -0.000301922 -0.00162143 0.00337187 -0.00749781 7.47108e-05 -0.000674248 2.64851e-05 -0.00665914 0.0152321 0.00543941 0.000382878 0.00493409 0.00372745 4.41306e-05 2.26385e-05 0.000958966 -0.000685438 -0.00233927 -7.59676e-05 0.013899 -0.0311503 1.16585e-07 5.87512e-06 -6.46652e-06 3.4103e-05 -0.0141345 -0.00216085 0.0125435 -0.0155896 -8.35065e-05 0.000398905 6.34957e-05 -0.00903735 -0.000122888 2.25549e-05 0.00280875 0.000119156 0.0198408 -0.0219319 -0.0011727 0.0467079 0.0043504 0.00103427 -0.067745 0.000150779 -0.000611647 1.18874e-06 -0.00299739 -0.0063136 0.000814506 0.00251232 0.056974 8.82325e-05 0.0029796 0.00095801 -0.0166773 -0.0172104 0.000354457 9.66085e-07 -0.0266334 
-8.57429e-07 -4.30009e-05 3.06048e-06 7.62569e-06 3.32361e-06 1.61534e-05 -2.95117e-07 1.18316e-05 7.26508e-07 4.7576e-05 2.34691e-07 -1.26309e-08 -2.76877e-07 -3.12618e-05 -1.00821e-08 1.23055e-08 -1.15272e-05 -5.87968e-08 1.56422e-06 -7.63053e-06 -5.38768e-06 -6.53477e-06 4.25976e-06 -3.99473e-07 -1.7486e-06 -2.73279e-05 0.000236922 -9.36225e-05 1.10868e-06 3.0567e-06 -2.05644e-09 2.07992e-06 3.0055e-07 2.68724e-05 -0.000149436 -3.81756e-07 -2.11616e-05 7.48674e-06 -3.23078e-07 -1.09885e-05 6.04368e-08 3.08911e-05 -3.43098e-05 2.45234e-06 -8.55595e-08 3.12974e-05 -2.36635e-08 5.51005e-06 8.86929e-05 4.79585e-06 8.8282e-07 9.60858e-06 9.85895e-05 -5.45628e-08 -3.10441e-08 -1.3654e-06 4.11525e-06 5.43684e-06 5.311e-06 -6.53901e-06 -0.0001553 -8.10991e-10 -1.25625e-08 5.43728e-08 1.71964e-06 -1.26389e-05 7.59331e-05 8.83922e-05 -1.28812e-05 -9.29846e-07 -2.27973e-07 1.07168e-06 -2.5362e-05 6.81603e-07 -1.9814e-08 5.15426e-05 2.07315e-06 2.60978e-05 6.96082e-05 -8.44793e-07 -2.11728e-05 -2.54937e-07 -6.42803e-07 -4.75987e-05 5.97415e-07 2.96864e-06 -1.49559e-09 -7.0371e-05 1.16267e-05 -1.77347e-05 3.02295e-06 -4.10842e-05 -6.5883e-08 9.69988e-07 2.12148e-07 -1.78561e-05 -5.7716e-06 8.89147e-07 2.56092e-06 -0.000116434 
-0.00149262 -0.00454485 0.000142888 -0.000149561 -0.000203681 0.0056516 -1.21407e-05 -0.00122552 -0.000297862 -0.0241284 -0.000147005 1.23458e-05 0.000225955 -0.00836001 -9.99495e-06 -4.87765e-06 -0.000702951 -6.52666e-05 -0.000235023 -0.00597687 0.00148337 0.00183143 -0.000192619 -0.00155661 -0.00264412 -0.0751258 -9.36225e-05 0.248404 -0.000852476 -5.11136e-05 -2.72558e-06 0.000123475 -0.0107483 0.000531999 0.055913 -0.000251698 0.0181308 -0.000600925 -0.000515089 0.000405088 -9.50921e-05 -0.0776386 -0.00261182 0.00658852 -0.000110133 -0.00563178 -4.28722e-05 -0.00121961 -0.0362098 -0.00225823 -0.000468415 -0.0371961 -0.0173429 -8.84026e-05 -4.33226e-05 -0.00217265 0.000506631 0.00253425 -0.00039488 -0.015873 0.070961 -4.74406e-07 1.00898e-05 -9.44339e-07 -0.000121143 -0.0272526 -0.00546068 -0.051737 0.00915611 -0.00161743 -1.78272e-05 -5.21097e-05 0.0255944 -0.000215415 -3.57434e-05 -0.00481782 -0.000675533 -0.0304276 -0.0272189 -0.00142278 -0.0420016 -0.0036302 -0.00102962 0.0264267 2.68257e-05 -0.000120893 -2.55901e-06 0.00327763 -0.00656588 -0.0016972 -0.00187841 0.0235932 -9.77603e-05 -0.00344273 -0.000624504 0.020659 0.00542399 -0.000677524 -4.08413e-07 0.0248181 
-2.79643e-06 0.000603403 2.0161e-05 -1.37419e-06 1.3585e-05 -0.00144895 5.77709e-06 -1.03471e-05 2.07558e-06 -0.00032209 2.67815e-06 2.76204e-06 4.3616e-06 -2.99385e-05 1.16562e-06 9.26072e-07 -1.99352e-05 -8.8547e-07 4.66899e-07 8.34168e-06 -3.39637e-05 -0.000125102 -8.53875e-06 1.73388e-06 3.59243e-05 0.00160297 1.10868e-06 -0.000852476 0.00444457 8.06101e-07 2.05703e-07 4.10599e-05 -0.000201717 0.000177779 -0.000839966 8.81786e-05 -0.000270366 -6.8376e-06 1.00059e-05 -0.000325403 -7.0775e-06 0.000134732 -0.000139029 -7.58855e-05 9.66589e-06 -0.000101142 1.49864e-06 -5.4959e-05 0.00051632 -1.04806e-06 3.16507e-05 3.92067e-05 0.000865077 -1.02793e-06 6.1515e-07 6.68592e-05 2.44982e-05 -1.98637e-05 0.000116751 0.000107936 -0.000731336 -1.52785e-08 2.96665e-07 5.01725e-07 -9.58406e-07 -0.000368472 -1.2652e-05 -0.000281647 -0.000635645 2.80268e-05 4.71626e-06 1.4427e-07 -0.000433701 -1.83051e-06 -6.21707e-08 -8.64996e-05 -9.50909e-06 -0.0015842 -0.000342584 -6.00064e-06 0.00152261 8.05646e-05 8.7936e-06 -0.00016929 8.37896e-05 -3.86773e-06 -2.8176e-08 -0.000130547 -0.000113909 -0.000101184 -1.12778e-05 0.000879166 2.39606e-05 0.000145914 3.2563e-05 -0.000321517 -5.97597e-05 0.000569231 -1.08339e-07 -0.00205781 
7.02077e-07 0.000170257 -6.86579e-07 -1.11249e-07 2.19584e-06 -0.000181284 3.67497e-07 2.72584e-05 2.24085e-06 -9.7987e-06 1.66123e-07 -2.4733e-08 2.33562e-06 -1.38734e-05 -1.9742e-08 1.36603e-07 1.06532e-06 7.0904e-09 -8.15937e-08 -2.36322e-06 -8.79394e-06 -1.2318e-05 -7.48154e-07 -1.85751e-06 -3.27953e-06 4.63319e-05 3.0567e-06 -5.11136e-05 8.06101e-07 0.000463818 -4.02678e-09 1.28708e-06 -2.7833e-05 -4.03445e-06 -2.31685e-05 2.95694e-05 2.35414e-05 -1.86072e-07 -6.76143e-07 -6.8198e-06 1.10688e-06 0.000107407 -4.82719e-06 5.37391e-06 2.32463e-07 -5.07136e-06 -4.63363e-08 -8.61346e-06 -1.42135e-05 8.61459e-06 1.04373e-06 6.17208e-05 8.60141e-05 9.31589e-08 -6.07884e-08 -1.56665e-06 -7.29657e-07 -3.12465e-06 -2.01335e-07 -2.87187e-06 -0.000162846 -1.58803e-09 -2.45989e-08 -2.4073e-08 2.04189e-08 1.91272e-05 5.95116e-06 1.69972e-05 -0.000221068 -3.09647e-07 2.58693e-06 -5.5452e-08 -3.15075e-05 -2.07251e-08 -3.87983e-08 -4.48076e-06 -1.52474e-07 -0.000204951 -1.41715e-05 1.74689e-05 6.05098e-05 9.07338e-06 7.42238e-07 -5.04461e-05 1.11024e-06 -1.74263e-07 -2.92857e-09 -9.48939e-06 4.34995e-07 -2.05857e-05 1.14698e-05 9.02408e-05 -1.50764e-07 4.63376e-06 2.66478e-07 -3.09197e-05 -1.92355e-05 -2.75653e-06 -1.12605e-08 -0.000123555 
2.99087e-07 -5.60248e-07 8.09383e-07 2.84091e-06 5.97735e-07 -3.72526e-06 -1.16205e-08 -3.46467e-08 8.68984e-07 1.70716e-06 -6.86711e-09 -4.62526e-10 -1.01388e-08 -1.13022e-06 -3.69191e-10 -7.70008e-10 1.99615e-07 -2.15305e-09 -1.06685e-08 -4.12742e-06 -2.46113e-07 1.5511e-07 2.36993e-07 9.84871e-08 -6.4031e-08 3.40118e-06 -2.05644e-09 -2.72558e-06 2.05703e-07 -4.02678e-09 8.6777e-06 2.35116e-06 -6.11509e-07 3.15267e-06 -3.84083e-06 -5.79216e-08 -3.25175e-07 1.56183e-06 -1.26444e-08 -4.37232e-06 -1.69099e-08 -2.12737e-06 -3.91977e-06 6.3535e-07 1.90892e-08 1.62369e-07 -8.66524e-10 3.9739e-06 4.78308e-06 3.60085e-06 2.8789e-06 3.4444e-07 3.06936e-06 -1.99801e-09 1.02109e-06 -5.61019e-08 3.76272e-07 -7.92119e-08 3.17461e-06 -3.16348e-07 -6.00466e-06 -2.96973e-11 2.17622e-08 2.10661e-07 4.15017e-08 -1.00518e-06 -5.75625e-08 -7.92451e-07 -5.02533e-06 -3.40496e-08 2.47208e-07 2.21007e-06 -9.02731e-07 -4.33551e-09 -7.25559e-10 6.03695e-07 -2.05132e-08 -5.51831e-06 -8.36637e-07 -3.17488e-08 6.11667e-07 -5.05853e-08 -2.43523e-08 -1.04943e-06 -3.75651e-09 -1.90506e-08 -5.47664e-11 -3.62936e-06 3.37313e-06 -3.58722e-06 2.79443e-06 -8.19845e-09 -2.81941e-09 -7.23017e-08 9.71431e-07 -3.90231e-07 6.70976e-08 8.33282e-07 -2.10581e-10 -5.7155e-06 
9.00233e-07 -9.36405e-05 0.000121039 4.28714e-05 2.79634e-05 -0.000287454 7.72143e-06 1.36102e-05 3.21531e-05 -3.73848e-05 6.57768e-05 7.00632e-06 2.58573e-06 -0.000156677 -2.15587e-08 5.24392e-06 0.000111672 -1.25726e-07 5.73258e-06 -0.00019449 9.03284e-05 2.88142e-05 1.69384e-06 5.71907e-07 1.26721e-05 0.000164863 2.07992e-06 0.000123475 4.10599e-05 1.28708e-06 2.35116e-06 0.000506477 -1.76754e-05 8.39277e-05 2.72364e-06 2.89177e-05 0.00017587 -3.20096e-07 -7.38361e-07 -0.000240361 3.17459e-05 -9.62306e-05 -0.000302635 4.18544e-05 5.63927e-06 -2.25223e-05 4.494e-07 9.80055e-05 3.28286e-06 0.000254981 3.50501e-05 -2.58157e-05 -1.89119e-05 7.28333e-06 3.78447e-05 -1.82048e-06 4.86211e-05 5.5078e-06 0.000297053 -1.40174e-05 -0.000291911 -1.73415e-09 2.12869e-06 1.67371e-06 -1.71839e-07 3.35589e-05 -3.86101e-06 7.071e-05 -0.000365974 -5.66081e-07 2.67014e-05 1.80394e-05 -4.49102e-05 -5.31696e-08 -4.23685e-08 -7.7587e-06 7.1577e-06 -0.00027106 0.000132901 -1.85395e-06 1.12755e-05 1.15151e-05 1.2113e-06 -3.95693e-05 3.54695e-05 4.59987e-05 -3.19805e-09 -4.68625e-06 7.21298e-05 -0.000421997 5.11681e-05 -0.000166709 3.79092e-06 -2.84423e-06 7.15584e-05 -3.68588e-05 0.000109364 1.42374e-05 1.76592e-07 -0.000127799 
