0.0736377 0.000978547 -0.0261877 0.000400674 4.75769e-05 -2.54646e-05 -0.0035496 3.12576e-05 -0.00768788 0.000258574 -0.000383448 0.0146746 -0.0459505 0.00424673 -0.0414412 0.0427176 -0.0246642 0.0451486 0.00229965 -0.0066797 0.00101974 0.000494517 -0.000499022 0.0255326 0.00428376 0.00298986 0.0388595 -0.0459975 0.00548195 -0.000372244 0.0347187 -0.0019328 -0.00169004 -0.00234936 0.00645472 -0.00102694 -0.0104254 0.0311845 -0.0108046 -0.000888729 0.0103084 -0.0170571 -3.00957e-05 -0.000484736 0.0196158 -0.00234555 -0.0245118 -0.000241405 -0.000292925 -0.000388528 0.0447666 0.00266984 -0.000666856 -0.0268205 0.0501464 0.00635896 0.00593664 0.0463558 -0.000515138 -0.00126925 0.000151588 -0.000841525 3.38227e-06 -0.0012117 0.0145642 -2.19267e-05 -0.0362007 8.05666e-05 -0.0312862 -0.0124475 -8.1517e-05 0.00093667 -0.038806 -0.0103657 -0.00022746 -0.00222046 0.000453294 0.00287472 -0.000153516 -0.00898882 0.00578833 -0.0115458 -0.0217226 0.000541667 -0.0173507 -0.00289817 -0.00105523 -0.000187887 -1.49503e-05 -0.00258385 0.034084 0.00080376 -0.0305712 -0.03085 0.00492956 -0.00302767 -0.0267142 -0.00973119 0.00753595 0.013919 
0.000978547 0.0504736 -0.0194027 0.00140098 0.000988962 3.36507e-05 0.0308457 0.00012843 0.00479261 -0.000117113 0.00626284 -0.00274623 -0.0105044 -0.00175278 -0.036827 0.0107092 -0.0220001 0.00554789 0.000273281 -0.00271448 0.00565227 -0.000179599 -0.000337714 0.00193612 0.012918 0.000546085 0.00584367 -0.0153882 -0.00114785 0.000569703 0.00240103 -0.01063 -0.00360819 0.0289749 -5.44503e-05 0.0161073 -0.0114988 -0.000597964 -0.00813514 0.00089063 0.037121 -0.0353867 5.28509e-05 0.00185009 0.0135125 0.00994839 -0.0180395 0.000116109 -0.00014013 0.000105585 -0.0050874 0.0184893 0.0010361 -0.033933 0.0086637 -0.000147321 0.0076742 -0.0041335 -0.000715049 0.0131528 9.9062e-06 0.000971649 0.000196151 -0.000502083 0.000165279 -8.47766e-05 -0.0347017 -8.29946e-06 -0.0257085 0.0156284 0.000204442 0.0087587 -0.0305967 0.0208811 0.00124776 -0.00316327 0.000152964 0.0135366 -0.00393704 0.0114315 0.0152147 0.0273107 -0.0230361 5.30511e-06 -0.0025648 0.0181297 -0.000739343 0.00325683 7.51083e-05 0.00240522 -0.00330448 -0.000157389 -0.0354691 -0.0243123 0.00443431 0.0220959 -0.0350787 -0.0087037 0.00246742 0.00871553 
-0.0261877 -0.0194027 0.240878 -0.000821615 -0.000523562 5.46764e-06 -0.0722426 -5.86567e-07 -0.0397732 0.0015725 -0.00258702 -0.022947 0.00351454 -0.00498584 0.0803201 -0.0540422 0.0725215 -0.0319678 -0.00146223 -0.0404206 -0.000764514 0.000621561 -0.00302408 -0.015841 -0.00641267 3.6311e-05 -0.0119978 -0.00101598 0.00141891 -0.00189941 -0.0192566 0.0730829 -0.000358774 -0.0564915 -0.00343814 -0.00984017 0.00786809 -0.0150301 -0.0282389 0.00449156 -0.0904997 0.0435912 -0.000226303 -0.00198543 -0.0149424 -0.0102762 0.120434 -0.00215133 -0.00132261 -0.00149582 -0.0119279 -0.0527112 -0.00670412 0.0739497 -0.0590079 -0.00373722 -0.0153039 -0.00864775 0.00498733 -0.0234011 -0.000285173 -0.00519201 -0.000584639 -0.00956114 -0.00781552 0.000688124 0.0948663 -8.85493e-05 0.0715551 -0.0321751 -0.000427799 -0.00419826 0.0792904 -0.0507022 -0.0017182 -0.00511643 -0.000612713 -0.0792916 -0.022648 -0.0414494 -0.0096174 -0.0551123 0.0410978 -0.000348714 -0.0219368 -0.0237361 0.00695044 -0.0102508 -7.80285e-05 -0.0183471 -0.0135069 -0.00128089 0.0649967 0.0888897 -0.0059789 -0.0196414 0.113432 -0.0320371 -0.00720299 -0.014803 
0.000400674 0.00140098 -0.000821615 0.012808 -4.74658e-06 1.46864e-06 0.0096811 7.93495e-05 0.000125102 1.12939e-06 -9.27964e-05 -0.000797383 -0.00539752 -0.000437357 -0.00882464 0.00231428 -0.00657715 -9.49009e-05 0.000140184 -0.00352374 0.000347969 -4.72951e-05 -8.02172e-05 -0.000463437 0.00407513 -5.54932e-05 -0.000747602 -0.00609685 -0.000239674 -7.55905e-06 0.00194877 -0.00248487 -0.000154987 0.00452252 0.000209127 0.00404625 -0.00312386 0.000125035 -0.00200704 -0.000262396 0.00797767 -0.00851246 -6.21877e-06 -1.11648e-05 0.00805857 0.00745579 -0.00423014 -1.47072e-05 0.000205986 -9.02673e-05 -0.00125618 0.0014047 0.000597104 -0.00774785 -0.000157346 -0.000132153 0.00140053 -0.00118 -7.14014e-05 -0.000173536 -5.60037e-06 0.00102757 9.80928e-05 0.000601403 0.00133169 7.01477e-06 -0.0080128 -2.37051e-06 -0.00361262 0.000385324 8.04141e-05 1.91408e-05 -0.0073871 0.0083099 1.898e-05 -0.000812772 -1.65413e-05 -7.7763e-05 -0.000849929 0.0021739 0.00237071 0.0060524 -0.00528748 3.66211e-06 0.00401791 -0.000534905 -0.000166171 -0.000333555 4.00967e-06 0.00207288 0.00212362 -2.71298e-05 -0.00958027 -0.00525101 0.00563555 0.00278181 -0.00809499 -0.00192163 0.00153701 0.0079208 
4.75769e-05 0.000988962 -0.000523562 -4.74658e-06 0.00149125 2.43502e-06 0.000469318 7.83491e-07 -1.18626e-05 -4.8391e-06 0.000535793 -1.51146e-05 -0.000781589 3.83628e-05 -0.000933897 0.000362835 -0.000663136 5.85901e-05 4.32555e-05 -0.000136133 0.000218749 -5.4985e-06 -1.17423e-05 1.50181e-05 -6.23109e-05 1.81089e-05 0.000275726 -0.000979224 -2.2833e-05 3.2484e-06 0.000346213 -0.000306056 -6.76911e-05 0.000245714 0.000126937 0.000940179 -0.000119924 -7.85264e-05 -0.000200998 4.25669e-05 0.000981191 -0.000980034 -9.27819e-07 0.000433579 0.000757502 0.000126581 -0.000508784 1.2331e-06 -2.13265e-06 4.90254e-05 -0.000134152 0.000201106 -1.37874e-05 -0.000868555 8.41365e-05 -2.15106e-06 0.000700733 -0.000123181 3.17943e-07 0.00031559 3.73184e-05 1.32531e-05 4.41339e-05 9.50193e-05 0.000211497 5.23597e-06 -0.000956311 2.75093e-06 -0.000745729 8.53916e-05 0.000116293 0.00071839 -0.000817908 -7.67229e-05 0.000430338 -9.33657e-05 4.46942e-06 -3.44306e-05 -0.000105171 -7.87168e-05 0.000927446 0.000450641 -0.000606836 -1.29001e-06 -0.000384434 -4.46509e-05 -2.13633e-05 8.51192e-05 2.52603e-06 -4.06347e-05 -0.000143757 -5.67015e-06 -0.00114784 -0.000439757 0.000233838 0.000665411 -0.000966736 -5.9123e-05 0.000308166 -2.60129e-05 
-2.54646e-05 3.36507e-05 5.46764e-06 1.46864e-06 2.43502e-06 0.000497086 6.36525e-05 6.50889e-08 -2.94786e-05 -1.20028e-06 -3.36026e-06 9.3891e-06 6.03165e-05 -2.21045e-05 -6.93825e-05 2.08358e-05 -0.000221701 -2.74054e-05 2.43085e-05 0.000136895 -3.72751e-06 3.5396e-06 -2.60054e-06 2.43753e-06 -7.09168e-06 1.54793e-05 -1.55827e-05 -1.58053e-06 6.40364e-06 6.03705e-06 3.10697e-05 5.79847e-06 -2.45397e-05 -5.75848e-07 -3.7389e-06 1.60422e-05 0.00011515 6.11756e-06 -6.53821e-05 -3.9295e-07 0.000172236 -0.00014994 8.54076e-07 -4.20206e-06 2.81897e-05 4.56186e-05 -3.76663e-05 6.59214e-07 1.48505e-05 4.71792e-07 -2.45682e-05 -3.87635e-05 -1.76833e-06 -0.00026757 0.000119612 1.48225e-05 1.29241e-05 -1.54912e-05 -3.43029e-06 -1.53855e-05 4.01993e-08 8.99174e-05 -7.02766e-07 -1.69656e-06 -1.14249e-05 -3.38966e-07 -0.000184014 -1.23643e-07 -0.000240676 8.71001e-06 1.91718e-06 -5.43078e-06 -0.000181126 1.45106e-05 1.66039e-05 6.92119e-06 -6.50179e-07 8.05541e-05 1.71473e-05 6.53416e-05 5.05626e-06 0.000198175 -0.000209972 2.47418e-06 0.000112617 4.0539e-06 2.97231e-05 3.84703e-05 2.38432e-07 0.00010448 1.53779e-05 -1.4325e-06 -3.78867e-05 -0.000106741 -5.54574e-06 1.50049e-05 -0.000161598 -7.43095e-05 -8.45405e-06 1.50014e-05 
-0.0035496 0.0308457 -0.0722426 0.0096811 0.000469318 6.36525e-05 0.164242 7.39245e-05 0.0759043 -0.000571766 -0.000341275 -0.000713075 0.0106902 -0.0062003 -0.131265 0.0397729 -0.103942 0.0243096 0.00190395 0.00380269 -0.000977071 -0.000302612 0.00061163 0.00353415 0.0312432 -0.000279111 -0.00969416 -0.00614614 -0.00326157 0.00323508 0.0141179 -0.040111 -0.00196326 0.113354 -0.000337855 0.0145188 -0.0199903 0.00700206 -0.0285819 -0.00419686 0.140201 -0.126838 0.00013101 0.00439155 0.0250553 0.0372103 -0.0707862 -0.00131051 0.00229086 -0.00116877 -0.0164112 0.0777436 0.0127843 -0.126949 0.0222318 -6.4383e-05 0.0219109 -0.0137654 -0.00236168 0.0344103 -0.00028557 0.009847 0.00101505 0.00902755 0.00522925 -0.000348892 -0.135176 -5.05567e-05 -0.103478 0.0844639 1.9404e-05 0.00202438 -0.11979 0.116943 -6.61016e-06 -0.0121204 0.000257387 0.102572 -0.00964119 0.0899362 0.00673256 0.09903 -0.0886346 5.79897e-05 0.0391502 0.0362621 -0.00295556 0.0195993 6.76528e-05 0.0361917 -0.0375388 -0.000462236 -0.104647 -0.091697 0.0174857 0.0336895 -0.135955 -0.0380294 0.0103856 0.0274145 
3.12576e-05 0.00012843 -5.86567e-07 7.93495e-05 7.83491e-07 6.50889e-08 7.39245e-05 0.000449798 -3.18584e-05 -3.31578e-07 7.80743e-05 -2.75865e-05 -0.000264621 -2.55745e-05 -0.000287345 4.08207e-05 -9.83046e-05 -1.53684e-05 1.35078e-06 0.000105047 0.000199748 -7.95521e-07 -1.97708e-06 2.49401e-05 0.00010077 2.28778e-06 8.41534e-05 -0.000310974 1.63116e-06 -2.18833e-06 5.65382e-05 -7.73445e-05 3.33923e-06 5.42441e-05 -1.04129e-06 0.000168887 -2.33637e-05 5.50846e-05 -1.62215e-05 3.56665e-05 3.37486e-05 -0.000193937 -1.98817e-08 5.25852e-07 0.000166065 0.000152104 -0.000141013 -6.48253e-07 -1.82803e-06 6.27474e-06 3.96453e-07 1.01229e-05 -6.80843e-06 -0.000237152 -2.44802e-06 -5.3642e-06 7.29308e-05 3.36891e-05 2.20996e-05 9.55786e-06 2.24373e-06 3.30207e-06 -6.76095e-07 -2.24897e-06 -9.81381e-06 3.30028e-05 -0.000267718 -1.11875e-07 -5.37544e-05 -7.52174e-05 -6.917e-08 1.56697e-05 -0.000231237 9.28334e-05 2.8669e-06 3.23944e-05 8.96672e-06 -6.40285e-05 -2.93819e-05 -2.67079e-05 0.000192139 0.000181459 -0.000165264 5.19991e-07 0.000146466 -1.90505e-05 -6.03832e-06 -1.57341e-06 2.08397e-06 1.82323e-05 0.000202875 -1.07844e-07 -0.000239376 -0.00020911 -3.17813e-06 3.10276e-05 -0.000191297 -7.01221e-05 9.96956e-06 0.000181026 
-0.00768788 0.00479261 -0.0397732 0.000125102 -1.18626e-05 -2.94786e-05 0.0759043 -3.18584e-05 0.0907154 -0.000332702 -0.000834073 -0.00445755 0.0213345 -0.00661124 -0.0627836 0.00176373 -0.0481672 0.0108513 -0.000682427 -0.00616514 -0.00160629 -0.000406807 0.00154339 -0.000495258 0.012149 -7.59733e-05 -0.00692568 0.0158247 -0.00189381 0.00167268 -0.00375475 -0.0168538 -0.00565516 0.0721631 -0.000868593 -0.000399263 -0.012013 0.000700013 -0.0123414 -0.002078 0.0666159 -0.0678593 6.20162e-05 0.00137558 -0.00482319 0.0102407 -0.0333097 -0.000459798 0.000110164 -0.000758257 -0.00956123 0.0625452 0.0096936 -0.0573287 -0.0114688 -0.000990426 0.00364474 -0.00932362 -0.00130075 0.0283818 -0.000144445 0.001293 -4.57106e-05 0.00873873 -0.002606 -0.000163417 -0.0635196 -2.50837e-05 -0.0521337 0.0658964 -5.45225e-05 -0.000861025 -0.0531137 0.0750543 0.000239012 -0.00641109 0.000149955 0.0611062 -0.00745132 0.069557 -0.00274334 0.0333088 -0.043266 -7.8581e-05 0.014661 0.0259262 -0.00143129 0.0152294 6.56625e-05 0.0131647 -0.0351893 -0.000293242 -0.0508256 -0.0423735 -0.00111636 0.012085 -0.0663846 -0.0187377 0.00305827 -0.00265451 
0.000258574 -0.000117113 0.0015725 1.12939e-06 -4.8391e-06 -1.20028e-06 -0.000571766 -3.31578e-07 -0.000332702 0.00331835 -3.20871e-05 -0.000187702 -0.00108202 0.000246861 0.000518471 -0.000465944 5.1219e-05 -1.87111e-06 0.000109728 -0.0010204 -2.55296e-05 4.10218e-06 -2.79877e-05 5.53537e-06 0.000106414 -1.95469e-06 0.000110833 -0.000959924 6.07165e-05 -1.61909e-05 0.000100295 0.000933695 -0.000141433 -0.000524577 -2.42495e-05 -5.58941e-05 -0.000515395 -3.26195e-05 -0.000506453 3.73313e-05 -0.000889612 -0.000294801 -2.60224e-06 -2.49185e-05 -3.42125e-05 -7.39391e-05 5.94636e-05 0.000105856 -1.12295e-05 -2.084e-05 0.000154784 -0.00043748 -5.91632e-05 0.000891852 -0.000481652 -3.96458e-05 -0.000117404 0.00033038 -7.44703e-06 -0.000192176 -3.53777e-06 -4.67365e-05 -3.41336e-06 -7.68732e-05 -7.96715e-06 4.43718e-06 0.000680306 3.05599e-07 0.000744383 -0.000575198 -4.11965e-06 -3.76534e-05 0.000500666 -0.000436464 -1.12379e-05 0.000198522 -3.62984e-06 -0.000666665 -0.000167445 -0.000392774 -5.80244e-05 -0.000633934 8.45734e-05 -1.66708e-06 -0.0006868 -0.000109819 8.06201e-05 -6.56341e-05 1.76375e-06 -0.000165237 0.000305457 -1.29024e-05 0.000259671 0.000968502 -6.92111e-05 -0.000180073 0.000822492 0.00029255 -4.3326e-05 -0.000124688 
-0.000383448 0.00626284 -0.00258702 -9.27964e-05 0.000535793 -3.36026e-06 -0.000341275 7.80743e-05 -0.000834073 -3.20871e-05 0.00978666 -0.000515995 -0.00690621 -0.000362475 -0.00637695 0.00432098 -0.00163141 -0.00058868 -9.99606e-06 -0.00157358 0.00614188 -3.63804e-05 -9.16562e-05 0.00180898 -0.000162587 0.000128588 0.00719184 -0.00699905 0.000774966 -4.56005e-05 0.0011535 -0.00200061 -0.0010838 -0.00162818 7.4449e-05 0.00732836 -0.00107125 2.18562e-05 -0.00139436 0.000427759 0.00474104 -0.00512988 -7.09178e-06 0.000352529 0.00530716 0.0014321 -0.00323165 4.79127e-05 -2.91509e-05 -7.09372e-05 0.000392819 -0.00105738 -0.000178957 -0.00454567 -0.00160877 -0.000122673 0.00398638 0.000385196 -0.00014855 0.0053135 8.90408e-05 -0.000111006 -1.20839e-05 -0.000235446 -0.000246744 -8.63253e-06 -0.00593913 -1.80181e-06 -0.00411064 -0.00187573 0.000202675 0.00566304 -0.00530195 -0.000911722 0.000944544 -0.000464497 -1.35749e-05 -0.00202347 -0.000626496 -0.00116667 0.00741704 0.00411276 -0.00370828 -9.31173e-06 -0.00195617 -0.000591944 -0.00012794 0.000230707 9.76248e-06 -0.000417111 0.00558575 -3.46982e-05 -0.00612671 -0.00446973 -6.89959e-05 0.00692795 -0.00464653 -0.00167383 -0.000169038 0.000755001 
0.0146746 -0.00274623 -0.022947 -0.000797383 -1.51146e-05 9.3891e-06 -0.000713075 -2.75865e-05 -0.00445755 -0.000187702 -0.000515995 0.0589939 -0.00642976 -0.00232162 -0.00706672 0.0347792 -0.0298734 0.00964816 -0.000563308 0.0181003 -0.000935938 5.77825e-05 0.000337605 0.00719697 0.00350511 0.000314493 0.0108956 -0.00252382 0.000534059 -0.000100549 0.00870873 -0.00670621 -0.00372563 -0.00657203 0.00223694 -0.00181987 0.00779363 0.0100782 -0.00959921 -0.00133724 0.0190034 -0.000898061 3.31943e-05 0.000312786 -0.00251354 -0.00348648 -0.0205727 -0.000422411 -0.00018289 -0.000430284 0.0145941 -0.0011613 0.000634046 -0.0279749 0.0446254 0.00428915 0.000855128 0.0165674 -0.000948799 0.000947367 2.53853e-05 0.000281181 -8.44673e-05 -0.000367526 0.00484267 -3.08777e-05 -0.0357689 4.68925e-05 -0.026445 -0.00267396 4.71204e-05 -0.000722515 -0.0325336 -0.00606499 -0.000219883 -0.003969 0.000638417 0.0379562 0.0081328 -0.00620159 -0.00141182 0.0203262 -0.0214287 0.000266429 0.00329372 -0.0033242 -0.000693398 -0.000736134 -3.61104e-06 -0.00113048 0.0218196 0.000731596 -0.0062429 -0.0276147 -0.00148632 -0.0028777 -0.0285081 -0.00910891 -0.000507983 0.0025968 
-0.0459505 -0.0105044 0.00351454 -0.00539752 -0.000781589 6.03165e-05 0.0106902 -0.000264621 0.0213345 -0.00108202 -0.00690621 -0.00642976 0.202478 -0.0063076 0.0518592 -0.028289 0.0176151 -0.0357547 -0.00475954 0.0152992 -0.0104314 5.60126e-05 -0.000626085 -0.0235637 -0.0207706 -0.006907 -0.0504496 0.114932 -0.0127114 0.00118678 -0.0392714 0.018046 -0.0500295 0.0242952 -0.00555425 -0.0187121 -0.0261565 -0.0344287 0.00156685 -0.00542051 0.00436655 0.00937089 -0.000179293 0.00166511 -0.0380683 -0.0213611 0.054596 0.000332001 0.00071265 -0.000537143 -0.0558636 0.018701 0.00421466 0.012157 -0.0257573 -0.00478384 -0.0163123 -0.0592826 -0.00308742 0.00454714 -0.00017157 0.00251631 -0.000498742 0.00584965 -0.0140834 -0.000656722 0.039784 -7.32241e-05 -0.0161681 0.0421856 -0.000958302 -0.00606106 0.0543815 0.00906834 -3.6699e-05 -0.00852889 -0.000210613 0.0269225 -0.00573254 0.0219049 -0.0205731 0.022782 -0.0112324 -0.000494209 -0.0670231 0.00657899 0.00247641 0.00465414 -3.24313e-05 0.00867474 -0.135282 -0.00190755 0.035321 0.094195 -0.0124093 -0.00626219 0.00687184 0.0479825 -0.00212334 -0.032533 
0.00424673 -0.00175278 -0.00498584 -0.000437357 3.83628e-05 -2.21045e-05 -0.0062003 -2.55745e-05 -0.00661124 0.000246861 -0.000362475 -0.00232162 -0.0063076 0.0639879 0.00889307 -0.00277862 0.0145008 0.00250117 -0.000158478 -0.014089 0.000371565 -0.000204245 0.00182672 0.000249526 -0.00205802 0.000364657 -0.00164395 -0.00220128 -0.0006993 0.00011595 0.00119456 -0.00858845 -0.00479385 -0.00540361 0.000237825 -0.00200085 -0.00763963 -0.00032156 0.0103958 -0.000316691 -0.00762666 0.00889911 2.10579e-05 -0.000216969 -0.000523883 -0.00392405 -0.00157577 -0.000415622 -0.000225172 -0.000119161 -0.00340649 -0.00589663 -0.0012208 0.00876126 0.000156925 -0.000238603 -0.00117451 -0.00241055 -0.00102452 -0.00359775 -6.74108e-05 -0.000830152 -7.41192e-05 -0.0014298 0.00304043 -5.76727e-05 0.0104601 -5.23732e-06 0.0121813 -0.00532279 -6.38658e-05 -0.000394382 0.0120687 -0.00833331 -0.000312246 0.00299793 -8.64089e-05 -0.00991974 0.00136099 -0.00767868 -0.00166995 -0.0102997 0.00416674 -5.37158e-05 -0.015247 -0.00231462 -0.000958303 -0.00171334 2.16161e-06 -0.0031245 -0.00821586 -0.000267907 0.00374828 0.0105878 0.00172066 -0.00332475 0.0122584 -0.00536264 0.00294527 -0.00189887 
-0.0414412 -0.036827 0.0803201 -0.00882464 -0.000933897 -6.93825e-05 -0.131265 -0.000287345 -0.0627836 0.000518471 -0.00637695 -0.00706672 0.0518592 0.00889307 0.202712 -0.0745933 0.124078 -0.063221 -0.00465947 0.00344626 -0.00793664 -0.000352678 -0.000524197 -0.0287278 -0.045622 -0.00746715 -0.0450803 0.0667233 -0.011269 -0.00275209 -0.0421314 0.0391109 0.00402023 -0.0960279 -0.00526223 -0.0218806 0.0214976 -0.0471046 0.0377923 0.00180916 -0.139583 0.138889 -0.000347927 -0.00155434 -0.042698 -0.0389401 0.0898449 0.000609518 -0.00218864 0.00118466 -0.0351091 -0.0748436 -0.011989 0.155222 -0.0569272 -0.00630241 -0.0294321 -0.0428193 0.000414855 -0.0399959 7.8473e-05 -0.00856724 -0.00104927 -0.00472813 -0.0149965 0.000120569 0.174277 -2.54458e-05 0.123542 -0.065684 -0.000852318 -0.0082495 0.160418 -0.102807 -0.00102829 0.00833393 -0.0007708 -0.0948881 0.00853384 -0.0783842 -0.0217933 -0.0881986 0.107375 -0.000641666 -0.0421816 -0.0335169 0.00355999 -0.016754 -0.000113548 -0.0325711 -0.0202125 -0.0018586 0.131726 0.125382 -0.0168196 -0.0385609 0.148814 0.049685 -0.0121894 -0.0401296 
0.0427176 0.0107092 -0.0540422 0.00231428 0.000362835 2.08358e-05 0.0397729 4.08207e-05 0.00176373 -0.000465944 0.00432098 0.0347792 -0.028289 -0.00277862 -0.0745933 0.130543 -0.0648523 0.042413 0.00233984 0.0101159 0.00445474 0.000895525 -0.000785268 0.0270443 0.00655341 0.00344695 0.0399944 -0.0384951 0.00208589 0.000921853 0.0332006 -0.0155424 -0.0118108 0.0124732 0.00550064 0.00981287 -0.00305303 0.0279841 -0.023748 -0.000802895 0.0776913 -0.0464791 6.0773e-05 0.0023353 0.0244674 0.00300046 -0.0505575 -0.000489043 0.00202876 -0.00096666 0.0302856 0.0124543 0.00380964 -0.0907951 0.0809453 0.00902888 0.00914861 0.0361892 -0.00187262 0.017423 -0.000109158 0.00368025 0.000810041 0.00119897 0.0139219 -0.000236467 -0.0968642 4.42876e-05 -0.0795611 0.0188307 -0.000248027 0.00466523 -0.0911602 0.0151426 -0.000290197 -0.00785701 0.000818404 0.0575237 0.00280308 0.00299005 0.0142987 0.0559138 -0.0626887 0.000609511 -0.00540032 -0.00370896 -0.00213457 0.00142365 3.06956e-05 0.0121451 0.0350566 0.000547546 -0.0638485 -0.0692396 0.00762721 0.0240499 -0.0861181 -0.0274891 0.00475662 0.0230338 
-0.0246642 -0.0220001 0.0725215 -0.00657715 -0.000663136 -0.000221701 -0.103942 -9.83046e-05 -0.0481672 5.1219e-05 -0.00163141 -0.0298734 0.0176151 0.0145008 0.124078 -0.0648523 0.248375 -0.0407363 -0.00264419 -0.0592171 -0.00213332 0.000723314 0.00124982 -0.0158882 -0.0322622 -0.00345507 -0.0202418 0.0237333 -0.00728929 -0.00164088 -0.027925 0.0118781 -0.00966143 -0.072199 -0.0041529 -0.0121079 -0.0509454 -0.031811 0.0213992 0.00840245 -0.121531 0.0978749 -0.000199865 -0.00526077 -0.0234593 -0.0301104 0.0780686 0.00242081 -0.00185545 -0.00142364 -0.0420002 -0.0535658 -0.00696909 0.119575 -0.0651615 -0.00482069 -0.0217297 -0.0335935 -0.00201649 -0.0205968 -0.000474699 -0.00716865 -0.000786874 -0.0112006 -0.0123278 -8.69527e-05 0.157063 -9.70397e-06 0.130599 -0.0369474 -0.000862307 -0.00271688 0.143636 -0.074122 -0.00167762 0.00890652 -0.000739216 -0.100419 0.00647276 -0.0565879 -0.0101169 -0.0881916 0.0988219 -0.000436708 -0.0552899 -0.0223995 -0.00101691 -0.0144947 -3.01928e-05 -0.0263416 -0.01371 -0.0018422 0.0857097 0.110332 -0.0119531 -0.0230012 0.123561 0.0342237 -0.0078744 -0.0276713 
0.0451486 0.00554789 -0.0319678 -9.49009e-05 5.85901e-05 -2.74054e-05 0.0243096 -1.53684e-05 0.0108513 -1.87111e-06 -0.00058868 0.00964816 -0.0357547 0.00250117 -0.063221 0.042413 -0.0407363 0.0908119 0.00363351 -0.0238235 -0.000712368 0.000412609 -9.73161e-05 0.0313005 0.0279874 0.00547892 0.0347299 -0.0387641 0.00847342 0.000585607 0.0317843 -0.00742506 -0.0065972 0.0195365 0.00602212 -0.00196234 -0.0179989 0.0334601 -0.0151261 -0.000549494 0.0365698 -0.0443012 4.54348e-06 -0.000633684 0.0174419 0.0027295 -0.0274637 -0.000325727 -0.000323445 -0.000226836 0.033567 0.0195266 -0.000400039 -0.0542538 0.042253 0.00677009 0.00308992 0.0387411 -0.000619081 -0.000212445 -0.000129347 -0.00106358 0.000119563 -0.00102553 0.0138865 -9.95935e-06 -0.0562423 6.76196e-05 -0.0448683 0.00665939 -0.000137167 0.000423877 -0.0549082 0.0145907 -0.000328213 -0.000797333 0.000783414 0.0272925 -0.00637232 0.00584416 0.00450658 -0.0042614 -0.0369119 0.000494835 -0.00798643 0.0210424 -0.0011163 0.00569093 1.04646e-05 0.000227439 0.0154459 -0.000195131 -0.0529497 -0.0408796 0.00481706 -0.0018753 -0.0450515 -0.014878 0.00759868 0.0213215 
0.00229965 0.000273281 -0.00146223 0.000140184 4.32555e-05 2.43085e-05 0.00190395 1.35078e-06 -0.000682427 0.000109728 -9.99606e-06 -0.000563308 -0.00475954 -0.000158478 -0.00465947 0.00233984 -0.00264419 0.00363351 0.00971679 -0.00210916 -7.47183e-06 -2.69264e-05 1.09323e-05 0.000688399 -0.000473675 -4.65129e-05 0.000514089 -0.00517454 0.000511402 8.91127e-05 0.00525207 -0.00170685 0.00366447 6.09602e-06 9.242e-05 0.00195957 -0.00040016 -0.000253881 -0.00131605 5.04035e-05 0.00262532 -0.00262821 -7.16918e-06 -7.20324e-05 0.00513296 0.00411994 -0.00191637 8.77202e-05 -1.2773e-05 -6.12806e-05 0.000451132 -0.000957735 -0.000162196 -0.00583048 0.000520503 0.000193317 0.00290736 0.00136646 0.000824944 -0.000463607 3.25576e-05 -8.96641e-05 6.90565e-05 -0.000155546 0.00388388 7.41528e-05 -0.00389295 3.01591e-06 -0.00312397 -0.00106729 8.1935e-05 0.000113309 -0.00571204 0.000724974 0.000130095 0.00131382 1.91787e-05 -0.00154403 -0.000615697 -0.000320058 0.00148483 -0.000576061 -0.00223467 1.65795e-05 0.00386552 0.000773294 -0.0001284 -0.000170861 1.04809e-05 -0.000428158 0.00322072 2.58985e-06 -0.00465262 -0.00401083 0.00247795 0.000548946 -0.00402871 -0.00167575 0.000353835 0.00223884 
-0.0066797 -0.00271448 -0.0404206 -0.00352374 -0.000136133 0.000136895 0.00380269 0.000105047 -0.00616514 -0.0010204 -0.00157358 0.0181003 0.0152992 -0.014089 0.00344626 0.0101159 -0.0592171 -0.0238235 -0.00210916 0.233973 1.64028e-05 0.00137835 -0.00154968 -0.00883143 -0.014473 -0.00247774 -0.000661751 -0.0229956 0.00376095 -0.00155328 -0.0115144 -0.00516664 -0.00633851 0.0122456 -0.00223316 -0.00677942 0.0920434 0.00134737 0.0304349 -0.00549248 0.0160067 0.0113972 -9.19577e-05 0.0032193 -0.010097 -0.00210597 -0.0542729 -0.00238076 -0.000764608 -0.000241934 0.0138629 -6.41841e-05 -0.00488595 -0.0099336 0.0309279 -0.0030452 0.00163146 0.0123944 0.00123355 -0.0106664 0.000110043 0.00349371 0.000557434 0.00720782 -0.00781941 3.75111e-05 -0.038973 -6.65428e-05 -0.0557387 -0.0196813 -0.000108909 -0.0018248 -0.0375444 -0.0132202 0.0010677 0.0118577 0.000119374 0.0191619 -0.00300634 -0.00148928 -0.00669054 0.0381671 -0.0677431 -0.000252612 0.0332661 -0.01141 0.00228029 0.00445999 -7.98795e-05 0.0061304 0.0276622 0.000197033 0.0247332 -0.0400669 -0.00191955 -0.00769954 -0.023491 -0.000284498 0.000852591 -0.00904102 
0.00101974 0.00565227 -0.000764514 0.000347969 0.000218749 -3.72751e-06 -0.000977071 0.000199748 -0.00160629 -2.55296e-05 0.00614188 -0.000935938 -0.0104314 0.000371565 -0.00793664 0.00445474 -0.00213332 -0.000712368 -7.47183e-06 1.64028e-05 0.0158806 -1.0881e-05 -0.000103807 0.00156217 0.000770724 0.000300064 0.00780179 -0.0111016 -0.000188805 -7.6149e-05 0.000729422 -0.00248994 0.000502516 -0.00285873 -9.36221e-05 0.00750171 -8.21901e-05 0.000616806 -0.000965882 0.000105661 0.00464491 -0.00537806 -6.19173e-06 -0.000132068 0.00609537 0.0033192 -0.00490817 4.93876e-05 -4.40168e-05 -8.17549e-05 0.000709771 -0.00143319 -0.000289611 -0.00538879 -0.000993704 -0.000176076 0.00351918 0.000839235 0.000140096 0.00516705 0.000160317 6.09041e-05 -2.16954e-05 -0.000310538 -0.000410913 0.000162019 -0.00744177 1.5381e-07 -0.0026093 -0.00314955 7.60459e-05 0.00495858 -0.00738598 -0.00150453 0.000832758 0.00155187 -2.3619e-05 -0.00324481 -0.00113448 -0.00173803 0.0080945 0.00420636 -0.00378925 -7.40111e-06 0.000559707 -0.000976127 -0.000190296 -0.000204662 2.12603e-05 -0.00037872 0.00947645 -2.71554e-05 -0.00704657 -0.00686607 0.000246912 0.00707779 -0.00475863 -0.00285186 -0.000275471 0.00252062 
0.000494517 -0.000179599 0.000621561 -4.72951e-05 -5.4985e-06 3.5396e-06 -0.000302612 -7.95521e-07 -0.000406807 4.10218e-06 -3.63804e-05 5.77825e-05 5.60126e-05 -0.000204245 -0.000352678 0.000895525 0.000723314 0.000412609 -2.69264e-05 0.00137835 -1.0881e-05 0.00417004 -4.75645e-05 0.000252669 -9.18172e-05 -3.27928e-05 0.000498728 -0.00132461 0.000413629 -1.76862e-05 0.000131238 0.00137685 -0.000315213 0.001076 7.37293e-05 -0.000133042 0.000481943 0.000763275 -0.000551954 -1.81282e-05 -0.000294698 -0.00148378 -1.77581e-06 -3.00392e-05 -3.54151e-05 -0.000222606 0.00039073 -3.13894e-05 -3.80934e-06 -2.65995e-05 0.00046016 -0.000259534 -6.58753e-05 -0.0018109 0.00127179 -2.34036e-06 -0.000157559 0.000641683 0.000115658 -0.00016165 2.32288e-06 1.0473e-05 -4.55822e-06 -8.09774e-05 -8.16957e-05 5.00301e-05 -0.000269856 -8.07745e-07 -0.00187047 0.00107915 4.22851e-07 -1.83446e-05 -0.00107478 -0.000404417 1.81003e-05 4.88502e-05 6.68989e-06 -0.000103921 -7.4123e-05 -0.000446121 -0.000122486 0.000676358 -0.00170004 -3.66436e-06 -0.000726849 -0.000243249 0.00012447 -8.92662e-05 1.28692e-06 -8.71253e-05 -0.000119379 2.09955e-05 9.11648e-05 -0.000120522 -9.50435e-05 -0.000194609 -0.00151335 -0.000742235 7.39808e-05 -8.73536e-05 
-0.000499022 -0.000337714 -0.00302408 -8.02172e-05 -1.17423e-05 -2.60054e-06 0.00061163 -1.97708e-06 0.00154339 -2.79877e-05 -9.16562e-05 0.000337605 -0.000626085 0.00182672 -0.000524197 -0.000785268 0.00124982 -9.73161e-05 1.09323e-05 -0.00154968 -0.000103807 -4.75645e-05 0.0123121 -0.000166012 0.000126875 -6.16661e-06 -0.000260062 0.00181923 0.000341298 2.33596e-05 -0.000544972 -0.00172774 0.000173064 0.000269737 -4.72903e-05 -0.000291932 -0.0017942 -0.000144542 0.000690556 1.97005e-05 0.000828494 -0.000110667 1.2325e-05 -9.64902e-05 -0.000536153 -0.000248008 -0.00236577 -1.87351e-05 1.70675e-08 -4.53665e-05 -0.000630585 0.00123782 0.000141414 -0.00105726 0.000303875 4.32228e-05 -0.000514741 -0.000379434 -1.91477e-05 0.00118624 -9.27914e-06 -6.27712e-05 -1.86761e-05 -0.000185481 -0.000192108 -1.70921e-05 -0.000892778 7.06709e-06 -0.00108268 0.00232503 3.36301e-05 -0.000138461 -0.000834387 0.00112879 -4.47821e-05 -0.000442871 -1.35513e-05 0.00169384 0.000424632 0.000889507 -0.000281523 0.000328977 -0.00102747 -8.83431e-06 -0.000437035 -0.000146736 -8.81955e-05 -0.000304359 1.04086e-06 -7.14683e-05 -0.00139274 -3.28177e-05 -0.00112988 -0.000648338 -0.000290683 -6.49922e-06 -0.00197952 -0.00070517 -0.000147513 -0.000492094 
0.0255326 0.00193612 -0.015841 -0.000463437 1.50181e-05 2.43753e-06 0.00353415 2.49401e-05 -0.000495258 5.53537e-06 0.00180898 0.00719697 -0.0235637 0.000249526 -0.0287278 0.0270443 -0.0158882 0.0313005 0.000688399 -0.00883143 0.00156217 0.000252669 -0.000166012 0.0396565 0.0105311 0.00227081 0.0282091 -0.0251933 0.00460206 0.000137397 0.0166246 -0.00292209 -0.00475142 -0.00156827 0.00104797 0.00165799 -0.00694731 0.0263207 -0.00628905 0.00037552 0.0159004 -0.0233664 3.81184e-05 0.000189341 0.0111261 -0.00173107 -0.0127797 0.00023395 -0.000121155 -0.000258768 0.0233199 0.00241943 -0.000706624 -0.0231128 0.0238396 0.00127876 0.00174278 0.0253968 -0.000621804 0.00150329 -2.17341e-06 -0.000479688 2.73477e-05 -0.000393043 0.000988962 -6.93298e-05 -0.0264095 2.7044e-06 -0.0214114 -0.00313647 -3.8257e-05 0.00155054 -0.0237584 -0.00018437 1.62035e-05 -8.20521e-06 0.000283132 0.00662654 -0.0030588 -0.00410171 0.00732883 -0.00434446 -0.0174015 0.000153926 -0.00932005 0.00204737 -0.000585017 -0.00100896 2.65558e-05 6.79305e-05 0.0179896 -0.000141491 -0.0276353 -0.0191103 -0.000624509 0.00115054 -0.0198043 -0.0075622 0.000963068 0.0161361 
0.00428376 0.012918 -0.00641267 0.00407513 -6.23109e-05 -7.09168e-06 0.0312432 0.00010077 0.012149 0.000106414 -0.000162587 0.00350511 -0.0207706 -0.00205802 -0.045622 0.00655341 -0.0322622 0.0279874 -0.000473675 -0.014473 0.000770724 -9.18172e-05 0.000126875 0.0105311 0.0709714 0.00598354 0.0142794 -0.0203705 0.00514864 0.000105925 0.00361474 -0.00290878 -0.00453116 0.0223227 -0.000548842 0.00537108 -0.0112207 0.0199339 -0.0117065 0.000190979 0.0298717 -0.0479896 6.51201e-05 -0.000557188 0.00660105 0.0165038 -0.0146552 -0.000175649 0.000240647 -0.000356125 0.0107141 0.0168578 -0.000786823 -0.0333028 0.00480802 -0.000181688 0.00134258 0.0122552 -0.000812281 0.000631766 -9.67882e-05 -0.000946534 8.36895e-05 -0.00168102 -0.00131383 -3.35009e-05 -0.0407331 -1.33916e-05 -0.0272445 0.0117272 4.25805e-05 -0.000277725 -0.0361574 0.0319318 -0.000294592 -0.00407031 0.00034188 0.0245584 -0.00509854 0.0131393 0.00515124 0.00927228 -0.0298834 9.25839e-05 0.012972 0.0182315 0.00036729 0.00052152 2.75097e-05 0.0037418 0.00431936 0.000406566 -0.0372007 -0.0270695 0.00152293 0.00560981 -0.0299391 -0.0143356 0.000653026 0.0220103 
0.00298986 0.000546085 3.6311e-05 -5.54932e-05 1.81089e-05 1.54793e-05 -0.000279111 2.28778e-06 -7.59733e-05 -1.95469e-06 0.000128588 0.000314493 -0.006907 0.000364657 -0.00746715 0.00344695 -0.00345507 0.00547892 -4.65129e-05 -0.00247774 0.000300064 -3.27928e-05 -6.16661e-06 0.00227081 0.00598354 0.012003 0.00667992 -0.00771353 0.00138151 -3.52546e-05 0.00217444 0.00153413 -0.000902546 -0.000390212 0.000521635 0.000510093 -0.000893534 0.00763448 -0.00167404 0.000868294 0.00333981 -0.00485859 -8.01507e-06 -0.000122364 0.00113668 0.000238783 -0.00138518 9.9048e-05 -4.50484e-05 -4.54315e-05 0.00627416 0.000901699 -8.95501e-05 -0.00551106 0.00434177 0.000207403 -0.000472476 0.00684292 -0.000180511 0.000339803 -1.76424e-05 -0.000112031 -6.73328e-06 -0.000237604 9.01218e-05 -2.01927e-05 -0.00655174 -2.843e-06 -0.00564636 3.49184e-05 8.59787e-06 8.48403e-05 -0.00507277 -0.000146436 -1.3041e-05 -0.000447282 -2.46616e-06 -0.000831674 -0.000907159 -0.00110779 0.000717252 -0.00144908 -0.00507099 3.76058e-05 -0.000561532 0.00105952 -0.000119655 -0.000329758 1.70226e-05 -0.000567703 0.00403014 -1.50032e-05 -0.00437302 -0.00415251 0.000132564 -0.000422212 -0.00298172 -0.00198389 0.000765356 0.0023795 
0.0388595 0.00584367 -0.0119978 -0.000747602 0.000275726 -1.55827e-05 -0.00969416 8.41534e-05 -0.00692568 0.000110833 0.00719184 0.0108956 -0.0504496 -0.00164395 -0.0450803 0.0399944 -0.0202418 0.0347299 0.000514089 -0.000661751 0.00780179 0.000498728 -0.000260062 0.0282091 0.0142794 0.00667992 0.0717115 -0.0541428 0.0110268 -0.000369699 0.0235627 0.00596294 -0.00864892 -0.0126111 0.00228478 0.00740932 -0.0036089 0.0404676 -0.00957184 0.00330897 0.00983985 -0.0295462 -1.14005e-05 -0.000426897 0.0154073 -0.00207844 -0.0163412 0.000387319 -0.00027435 -0.000558506 0.046209 -0.0032739 -0.00123717 -0.0223385 0.0311725 0.00206663 0.00423387 0.0498939 -0.000976909 0.0064014 2.37467e-05 -0.00110333 -8.67703e-05 -0.00182097 0.0011776 -3.03508e-05 -0.040519 1.97241e-05 -0.0302689 -0.0123703 0.000234189 0.0054264 -0.0372787 -0.0100383 0.000688599 -0.00184302 0.000145262 -0.00358437 -0.00554818 -0.00872315 0.0141995 -0.00724882 -0.0294001 0.000147903 -0.0153915 -0.00324562 0.000572689 -0.00125778 2.77395e-05 -0.00232414 0.0418512 0.000450282 -0.0277701 -0.0290663 -0.00121037 0.00581987 -0.0146755 -0.0142757 -0.000402852 0.0151194 
-0.0459975 -0.0153882 -0.00101598 -0.00609685 -0.000979224 -1.58053e-06 -0.00614614 -0.000310974 0.0158247 -0.000959924 -0.00699905 -0.00252382 0.114932 -0.00220128 0.0667233 -0.0384951 0.0237333 -0.0387641 -0.00517454 -0.0229956 -0.0111016 -0.00132461 0.00181923 -0.0251933 -0.0203705 -0.00771353 -0.0541428 0.195824 -0.0117703 0.00101009 -0.0384002 0.0206851 -0.00907934 0.00624902 -0.0051065 -0.0205523 -0.0454244 -0.0406797 -0.0110743 -0.0066386 -0.0216637 0.0320857 -6.96803e-05 0.00123243 -0.0411124 -0.0192304 0.0487671 0.000813111 0.000157141 0.000468155 -0.0462906 0.00748496 0.00116278 0.0362541 -0.0325427 -0.00431506 -0.0174053 -0.0564901 -0.00239019 -0.0042868 -0.000135485 -0.000818322 -0.000997898 0.000574532 -0.0125142 -0.000544514 0.0532411 -9.73844e-06 0.00886665 0.0334092 -0.000402836 -0.00724035 0.0679021 -0.0023029 -0.00160332 -0.0324662 -0.000335754 0.0237045 0.0146053 0.0142106 -0.0221929 -0.00349904 0.0439836 -0.000509742 -0.0388748 0.00794757 -0.000258228 8.74452e-05 -5.41931e-05 0.00359068 -0.10776 4.7036e-05 0.0522581 0.0884089 -0.0159187 -0.00888021 0.0225756 0.0394089 -0.00907879 -0.0352308 
0.00548195 -0.00114785 0.00141891 -0.000239674 -2.2833e-05 6.40364e-06 -0.00326157 1.63116e-06 -0.00189381 6.07165e-05 0.000774966 0.000534059 -0.0127114 -0.0006993 -0.011269 0.00208589 -0.00728929 0.00847342 0.000511402 0.00376095 -0.000188805 0.000413629 0.000341298 0.00460206 0.00514864 0.00138151 0.0110268 -0.0117703 0.0216858 1.11843e-05 0.00639724 0.000524905 -0.0018277 -0.00372319 0.000510319 -0.000611967 0.00630754 0.00958138 -0.00200356 -0.000378074 -0.00540708 -0.00306396 2.12559e-06 -0.000107826 -0.000510964 -0.00119419 -0.00344716 -0.000106033 -4.52223e-05 -0.000151828 0.013705 -0.00280325 -0.000364744 -0.000941439 0.000609239 0.000311504 -0.000953385 0.0167741 0.000816717 -0.0010493 -8.14651e-06 -0.000314757 -3.32094e-05 -0.000519754 0.000329615 0.000133504 -0.00936115 4.34194e-06 -0.00649104 -0.00285977 0.000357586 -0.000206342 -0.0113813 -0.00264045 -4.28336e-05 0.00181922 -3.18817e-05 -0.00280274 -0.00153633 -0.00243186 -0.000234643 -0.00254448 -0.00770278 -6.63292e-06 0.0050174 -0.00084203 0.000208491 0.000318714 -3.34061e-06 -0.00103035 0.0114289 2.65218e-05 0.00133555 -0.00833458 -0.000477173 -0.00103411 0.00243258 -0.00402945 -0.000370633 -0.000217213 
-0.000372244 0.000569703 -0.00189941 -7.55905e-06 3.2484e-06 6.03705e-06 0.00323508 -2.18833e-06 0.00167268 -1.61909e-05 -4.56005e-05 -0.000100549 0.00118678 0.00011595 -0.00275209 0.000921853 -0.00164088 0.000585607 8.91127e-05 -0.00155328 -7.6149e-05 -1.76862e-05 2.33596e-05 0.000137397 0.000105925 -3.52546e-05 -0.000369699 0.00101009 1.11843e-05 0.00483931 0.000507093 -0.000951837 -0.000475843 0.00159211 4.01971e-06 3.59839e-06 -0.00117399 -0.000317991 -0.000554623 -8.89366e-05 0.00293031 -0.00280706 0.000137916 7.72846e-05 -0.000169512 -0.00027181 -0.00153069 -2.5369e-06 6.90915e-05 -3.98906e-05 -0.000470472 0.000675554 0.000196344 -0.00279794 -0.000526791 0.000107914 0.000159868 -0.000442175 -7.80602e-05 0.0017763 -6.41209e-06 8.27262e-05 -4.50711e-07 -7.65043e-05 3.72359e-06 -4.122e-06 -0.00269403 -5.20096e-07 -0.00231264 0.00351133 -7.47052e-06 3.84434e-06 -0.00247607 0.00312528 -2.05067e-05 -0.000126077 4.26561e-05 0.00281734 -0.000292597 0.0029602 -0.000132995 0.00155084 -0.00194842 7.72637e-06 -0.000187722 0.00222739 -6.32654e-05 0.000457439 1.49906e-05 0.000188238 -0.00155837 -1.33011e-05 -0.00197229 -0.00205399 -5.52865e-05 0.00179404 -0.00285497 -0.000844307 -5.6594e-05 -0.000190658 
0.0347187 0.00240103 -0.0192566 0.00194877 0.000346213 3.10697e-05 0.0141179 5.65382e-05 -0.00375475 0.000100295 0.0011535 0.00870873 -0.0392714 0.00119456 -0.0421314 0.0332006 -0.027925 0.0317843 0.00525207 -0.0115144 0.000729422 0.000131238 -0.000544972 0.0166246 0.00361474 0.00217444 0.0235627 -0.0384002 0.00639724 0.000507093 0.061034 -0.00819028 0.00472789 -0.00168562 0.00515219 0.0102597 -0.0127809 0.016715 -0.00984156 -0.000786999 0.023323 -0.0245914 -4.40204e-05 0.000446772 0.0311451 0.0118881 -0.0214511 -3.48927e-05 -2.71549e-05 -0.00021958 0.0263967 -0.00501122 -0.000183213 -0.0324026 0.0268496 0.00480142 0.0137115 0.0305734 -0.000561598 0.001826 0.000103592 -0.000482703 -3.45611e-05 -0.00152159 0.0128093 4.41608e-05 -0.0377767 4.53774e-05 -0.0305075 -0.00622642 0.000267778 0.000951062 -0.0386508 0.00844377 2.69687e-05 -0.001818 4.76902e-05 0.000632251 -0.00426891 -0.00200933 0.0112637 0.00339381 -0.0237447 0.000485775 0.00165108 0.000759238 -0.000913824 -0.000270783 -3.87001e-06 -0.00121033 0.0264017 0.000111014 -0.0370944 -0.0300597 0.00736476 0.00323942 -0.0310006 -0.0108794 0.00215897 0.0212776 
-0.0019328 -0.01063 0.0730829 -0.00248487 -0.000306056 5.79847e-06 -0.040111 -7.73445e-05 -0.0168538 0.000933695 -0.00200061 -0.00670621 0.018046 -0.00858845 0.0391109 -0.0155424 0.0118781 -0.00742506 -0.00170685 -0.00516664 -0.00248994 0.00137685 -0.00172774 -0.00292209 -0.00290878 0.00153413 0.00596294 0.0206851 0.000524905 -0.000951837 -0.00819028 0.164606 -0.014927 -0.0176869 -0.000982742 -0.00635389 -0.0148061 0.000359097 -0.0171559 0.00388143 -0.0429655 -0.0154274 -0.000155345 -0.000779131 -0.0104514 -0.0112008 0.0910559 -0.000435989 -0.000835615 0.000285065 0.000841913 -0.0151925 -0.00215783 0.0313858 -0.0197661 -0.000281991 -0.00816118 -0.000514289 -0.00166994 -0.0116773 0.000226085 -0.00287798 -0.000304561 -0.00432808 -0.00359315 0.000103619 0.0505569 -4.86114e-05 -0.0284679 0.0104734 -0.000163621 -0.00235067 0.0570067 -0.0280618 -0.000540206 -0.0116376 -0.00026541 -0.0334969 -0.0133592 -0.0227984 -0.00584244 -0.0388615 -0.0441315 -0.000192691 -0.059475 -0.0118665 0.0104898 -0.00655966 -2.30299e-05 -0.0102221 -0.0423366 -6.17191e-05 0.0299642 0.0841025 -0.0046306 -0.0112747 0.0451327 -0.000939919 -0.00356618 -0.0090272 
-0.00169004 -0.00360819 -0.000358774 -0.000154987 -6.76911e-05 -2.45397e-05 -0.00196326 3.33923e-06 -0.00565516 -0.000141433 -0.0010838 -0.00372563 -0.0500295 -0.00479385 0.00402023 -0.0118108 -0.00966143 -0.0065972 0.00366447 -0.00633851 0.000502516 -0.000315213 0.000173064 -0.00475142 -0.00453116 -0.000902546 -0.00864892 -0.00907934 -0.0018277 -0.000475843 0.00472789 -0.014927 0.102894 -0.00559445 -0.000424848 0.00127851 0.0232402 -0.00479543 0.00294551 -0.00207079 -0.00838793 0.00701386 9.838e-05 -0.000688955 0.00910772 0.0130694 -0.0227326 -0.000173896 -0.000243665 0.000895548 -0.00106195 -0.0120241 -0.00208207 0.00684993 -0.0101175 -0.000672954 0.0159534 -0.0075489 0.00177995 -0.0049474 6.86546e-05 0.000647761 -6.3023e-05 -4.87502e-05 0.00514638 0.000319836 0.00424056 7.64774e-06 0.0136894 -0.0204183 0.000298822 -0.000967575 -0.0125732 -0.00338704 -0.000374873 -0.00207199 -8.272e-05 -0.0122133 0.0035759 0.00119746 -0.0001109 -0.00961923 0.035908 -6.79093e-05 0.0549411 -0.00524755 -0.00163518 0.000172554 -1.56275e-05 -0.00041089 0.037537 0.00128007 0.00200947 -0.0371226 0.00532876 -0.0052092 0.000341212 -0.0180343 -0.000838127 0.00231511 
-0.00234936 0.0289749 -0.0564915 0.00452252 0.000245714 -5.75848e-07 0.113354 5.42441e-05 0.0721631 -0.000524577 -0.00162818 -0.00657203 0.0242952 -0.00540361 -0.0960279 0.0124732 -0.072199 0.0195365 6.09602e-06 0.0122456 -0.00285873 0.001076 0.000269737 -0.00156827 0.0223227 -0.000390212 -0.0126111 0.00624902 -0.00372319 0.00159211 -0.00168562 -0.0176869 -0.00559445 0.149096 -0.000972687 0.00303936 -0.0260029 0.00430332 -0.0243174 -0.00320499 0.101356 -0.107459 -1.63055e-05 0.00282366 0.00859261 0.0222612 -0.0431491 -0.00125417 0.000777563 -0.000323349 -0.0173138 0.0815285 0.0104065 -0.0965031 0.0116694 -0.00114221 0.0116499 -0.0165056 -0.00140146 0.0270972 -0.000262432 0.00476693 0.00107005 0.0100228 0.00206595 -0.000260415 -0.094227 -4.23778e-05 -0.0894572 0.0882499 -5.52668e-05 0.00211534 -0.0796703 0.0959883 0.000746427 -0.011049 0.000425785 0.0769949 -0.010977 0.0809929 -0.000494794 0.0672854 -0.077086 -8.63305e-05 0.0146682 0.0360368 -0.00219085 0.0139998 8.30163e-05 0.0235654 -0.0547797 -0.000472611 -0.080846 -0.0573372 0.0117816 0.0195036 -0.110263 -0.0310335 0.0125841 0.0105436 
