0.228259 0.0864795 -0.00107362 -0.000323299 -0.00420342 0.154471 0.0182496 -0.0672665 -0.00733063 -0.0023623 0.0860604 -0.00219004 -0.0905898 -0.027034 -0.070098 -0.00417329 -0.140355 0.0845693 -0.105431 -0.00122265 -0.00208181 0.127653 0.0165657 -0.0248855 -0.00574798 -0.00865479 0.00761838 -0.00448549 -0.0104245 0.181407 -0.00312869 -0.00576378 0.190095 -0.0273189 0.166278 0.011904 0.133544 -0.00502213 -0.00978318 -0.0693463 -0.0233884 0.0371332 0.113097 -0.0442081 -0.0233067 -0.0977533 0.113577 -0.0045156 0.00192343 0.142426 -0.0253872 0.0178841 -0.000194426 -0.00885176 -0.0750494 0.000262281 -0.0427115 -0.133964 -0.104412 -0.0157676 -0.0256219 -0.00114845 -0.00362221 4.95002e-05 -0.0370701 0.000255854 -0.00132906 -0.0903993 -0.0617162 -0.0922556 -0.00791333 0.00433745 -0.000328154 -0.0321899 0.000318086 -0.0120153 -0.000146009 -0.137796 -0.020458 -0.00139528 -0.0180041 -0.0755099 -0.0977341 0.0198955 -0.0224338 -0.0206096 4.73118e-05 9.84222e-05 -0.00439163 -0.00678204 -0.0594985 -0.00398494 -0.00774279 0.0148617 -0.0019982 0.173521 0.0925557 -0.00210395 -0.0456714 -0.0337225 
0.0864795 0.190197 -0.000676323 -0.000445157 -0.00159605 0.0807611 -0.0243915 -0.0469794 -0.0025894 -0.00194968 0.0342231 -0.00129453 -0.0373174 -0.0207465 -0.0379364 -0.00302722 -0.0550658 0.0373328 -0.0493307 -0.0083599 -0.00136223 0.0602945 0.00618028 -0.0112792 -0.00227488 -0.0127637 0.00867024 -0.000703908 0.00443521 0.0992523 -0.00183524 -0.00510957 0.098332 -0.0111902 0.0826906 0.0197773 0.085567 -0.0041958 -0.00586553 -0.0281887 -0.0197234 -0.0124706 0.0590718 -0.0215696 -0.0125174 -0.0554261 0.0569683 -0.00181453 0.000807478 0.076131 -0.0100927 -0.00505766 -0.000326369 -0.00331573 -0.0445405 -0.000259474 -0.0275043 -0.0582314 -0.0506959 -0.00640443 -0.0131944 -0.000971653 -0.00205307 -9.59597e-05 -0.0196041 -0.00281308 -0.00236764 -0.0514956 -0.0263611 -0.0369125 -0.00778411 0.00603883 -0.00032906 -0.0135825 -0.000311257 -0.0145077 0.00153843 -0.0827593 -0.00780653 -0.0127137 -0.00759129 -0.033943 -0.0336941 -0.00915949 -0.00902782 0.00549563 -9.56082e-06 -0.000618504 -0.00195992 -0.0161302 -0.0254624 -0.00157394 -0.00349483 -0.00321799 -0.00240082 0.073493 0.0191988 -0.000846205 -0.0277589 -0.0139593 
-0.00107362 -0.000676323 0.0222292 0.00010652 -0.000120715 -0.0059608 -0.00264933 0.00137049 -5.30118e-05 0.000932513 -0.000928458 3.05948e-05 -0.002143 -0.00166119 -0.0020438 0.00109322 -0.00136297 -0.00399695 -1.36373e-05 0.000695184 6.10852e-05 -0.00111223 0.00485493 -0.000449758 -0.000188949 0.00448388 0.00718102 -0.000276055 -3.79924e-05 -0.00149605 -0.000202702 -0.00028712 -0.00175506 -0.000806028 -0.00307354 0.00280578 -0.00109854 -0.000564944 0.000452593 -0.00221023 0.00166896 -0.000371046 -0.00354757 -0.0012922 -0.000935032 -0.0003447 -0.00889224 -0.000134831 2.27499e-05 -0.00355514 -0.000865141 0.00339083 -1.1396e-06 -0.000120473 -0.000982439 0.000229796 -0.0016283 -0.00113507 0.00451027 9.85679e-05 0.00427031 0.00187849 0.00109226 4.44496e-05 -0.00177068 -0.000200848 -0.000194933 -0.00109312 0.000175936 -0.0029136 -0.000162917 -0.000177444 4.68136e-05 0.000619279 0.000291041 0.00139347 0.000291692 0.00231416 0.000574517 0.00257523 -0.000271419 -0.000652337 -0.00226792 -0.00104743 0.00221807 0.00321662 5.88908e-06 3.3647e-05 -4.4455e-05 0.00102635 -0.00218912 -1.28245e-05 0.00132943 9.26275e-05 0.00286129 -0.00197075 -0.00626206 -7.23546e-05 -0.00148429 0.000267096 
-0.000323299 -0.000445157 0.00010652 0.00329612 3.5749e-05 -0.000577647 5.36715e-05 -0.000405271 0.000559302 -1.2889e-05 -0.000821768 2.06571e-05 -0.000309163 -8.28043e-06 0.000270588 -3.45146e-06 -0.00059807 -0.000726764 -0.00046703 0.00076796 1.6256e-05 -0.000978744 3.60071e-05 -0.00011345 -2.94755e-05 0.000377043 0.00183661 -3.6453e-06 -0.000151787 -0.000300958 -4.06088e-05 0.000222736 -0.000586404 8.54489e-05 0.00051025 7.64427e-05 -3.52055e-05 -0.000169585 0.000482417 -3.00777e-05 0.000846304 0.000446855 -0.000771242 0.000978663 0.000590341 0.00099472 -0.000236041 0.000311233 9.01483e-05 0.000582723 -4.28511e-05 -0.000101401 2.88217e-05 -4.49907e-05 -0.000444871 1.85694e-05 -0.000301105 -0.000794604 -0.000510269 -8.45548e-05 -0.000186538 5.29933e-05 0.00014726 2.20845e-06 -0.000163052 -5.54087e-05 3.76139e-06 -0.000449678 0.000763998 -0.000474447 5.67556e-05 -1.67082e-05 -2.34374e-06 0.000271594 5.03431e-06 -7.76781e-05 7.83284e-06 -0.00103066 -7.76068e-05 -0.000141536 -8.32671e-05 -0.00027128 -3.88611e-05 -0.000274287 -5.38556e-05 0.000335036 4.0471e-06 3.32289e-05 -2.39142e-05 2.78145e-06 -0.0003364 -1.85775e-05 0.000209679 -0.000132189 -1.9385e-07 -0.000462262 -0.000874655 -1.10117e-05 -0.000371063 0.000559763 
-0.00420342 -0.00159605 -0.000120715 3.5749e-05 0.00681564 -0.00291145 -0.00108677 0.00310442 0.000611528 4.04954e-05 -0.00161763 7.08324e-05 0.00468006 0.00407617 -0.00106768 -9.34792e-05 0.000992937 -0.000494267 -0.000810696 0.00288538 7.2066e-05 -0.00447211 -0.00106826 0.000387303 -5.93557e-05 0.000486924 0.000275888 -4.66494e-05 -0.000274845 -0.00384389 -6.64433e-05 -0.00019823 -0.00356076 0.00141498 -0.00409076 -0.000536574 -0.00306069 -0.000309427 -0.000124042 0.000679198 0.0015509 -0.0019747 -0.00200004 -5.92298e-06 -0.000232868 0.0032076 -0.00337303 -5.00007e-05 0.000180202 -0.00280807 -0.000197071 -0.000328117 -1.07336e-05 0.000573638 7.94855e-06 5.92525e-05 -0.000608347 0.000342997 0.00200588 -0.000222489 -0.000288377 8.00434e-05 -3.44747e-06 -9.11325e-06 -0.000565264 -3.87614e-05 0.00222344 0.0039162 0.0030799 0.000890041 0.00237379 -7.25051e-05 -4.25799e-06 7.27886e-05 1.66578e-05 0.00404099 7.47439e-05 0.000819429 -0.000166066 -0.000567117 0.000497962 0.000575486 -0.00109823 -0.000562356 -0.000106231 0.0014307 -1.08195e-06 -2.22902e-05 -4.73291e-05 -0.000359769 0.000361097 -3.6483e-05 0.00023724 -0.000204041 -4.6585e-05 -0.000149423 -0.00222766 8.94379e-06 -0.000805895 -0.000349546 
0.154471 0.0807611 -0.0059608 -0.000577647 -0.00291145 0.249856 0.0190304 -0.0898681 -0.00561153 -0.00144279 0.0648422 -0.0021732 -0.0701503 -0.0325245 -0.0676048 -0.00358564 -0.094438 0.0765601 -0.0815483 -0.0188746 -0.00121427 0.111265 -0.025196 -0.0232262 -0.00428029 -0.0163331 -0.0229537 0.0048985 -0.00220994 0.184671 -0.000372552 -0.0132112 0.190575 -0.0213106 0.14791 0.00768127 0.095875 -0.0050926 -0.0084526 -0.0535728 -0.0349947 0.0272179 0.123363 -0.0395346 -0.0172373 -0.100659 0.0921542 -0.00345524 0.0018158 0.128259 -0.0192574 0.0072223 -0.000820801 -0.0064503 -0.0843259 -1.79869e-06 -0.0491383 -0.110672 -0.0953463 -0.0119759 -0.0199475 -0.00177871 -0.00393988 -0.000126213 -0.0190537 0.000957892 -0.00403556 -0.097068 -0.0529017 -0.0696321 -0.015013 0.00240189 -0.000122954 -0.0258974 0.000202534 -0.0224089 -0.000168736 -0.143387 -0.0168046 -0.0202864 -0.0144526 -0.0642899 -0.0601178 0.0219428 -0.0166466 0.0113405 -5.53327e-06 -0.000404119 -0.00321714 -0.00074397 -0.0480921 -0.00302685 -0.00649177 0.0204897 -0.00357536 0.138573 0.0869219 -0.00156174 -0.0404679 -0.0270273 
0.0182496 -0.0243915 -0.00264933 5.36715e-05 -0.00108677 0.0190304 0.23159 -0.0123416 -0.00467007 -0.00161177 0.0339473 -0.000791951 -0.0378197 0.00502772 0.0220354 0.00372521 -0.000164451 0.0442069 0.0350135 0.000518259 0.000280656 0.0715006 -0.0285938 -0.00922378 -0.00285425 0.0059802 -0.00575918 0.00759499 0.00733991 -0.0140553 -0.00284057 -0.00920183 -0.00856616 -0.00764996 -0.0369557 0.00385094 -0.0440637 -0.000359483 -0.00557479 -0.0246481 0.00639382 -0.0776851 -0.0124372 -0.018559 -0.00974546 -0.043323 0.00636658 -0.00254991 -0.00255919 0.0068912 -0.0125625 -0.0111352 -0.000725514 -0.00323822 -0.0231349 0.000184926 0.0495154 -0.00765574 -0.024132 0.00061577 0.0139314 -0.00145702 1.74498e-05 -0.0003387 0.075739 0.00176798 -0.000275667 0.00432789 -0.0301547 -0.0338229 0.00379474 -0.00548504 0.000102008 -0.0102354 -0.000380915 -0.00504449 0.000581473 0.0497586 -0.0112096 -0.0240588 -0.0105846 -0.0353415 0.0260995 -0.0235332 -0.0102933 0.0123938 4.12781e-05 0.00014629 0.00390468 -0.0158454 -0.0309456 -0.00204081 -0.00229118 0.00475357 -0.0033583 0.00154692 -0.0264383 -0.00110551 0.0595613 -0.0188234 
-0.0672665 -0.0469794 0.00137049 -0.000405271 0.00310442 -0.0898681 -0.0123416 0.152587 -0.0022877 0.00121223 -0.0471691 -0.000280277 0.0878902 0.0699137 -0.0284341 -0.00193894 0.0560841 -0.0639513 -0.0361383 0.0200673 0.000507307 -0.0929586 -0.0342294 0.0354914 -0.00117365 0.0192965 -0.00677429 -0.00296051 -0.00855169 -0.107308 0.00128684 -0.00553612 -0.0866017 0.0174064 -0.0811383 -0.0141062 -0.0622249 0.0198336 -0.00411369 0.0390359 0.0207755 -0.0491663 -0.049919 -0.0129403 -0.0100496 0.0873907 -0.0867892 -0.00134658 0.000118441 -0.0770525 0.0122049 -0.00939641 0.000215688 -0.00158493 0.107566 -1.13526e-05 -0.0152339 0.0618228 0.10547 -0.00540746 -0.00859693 0.00192271 -0.00176882 -0.000246282 -0.0185839 -0.000948028 0.0068945 0.121535 0.015057 0.0685768 0.0245963 -0.00285493 -0.000253701 -0.00246838 -0.000132903 0.0299444 -0.000502203 0.110112 0.0105692 -0.00369573 0.00309702 0.0745012 -0.0276983 -0.0147401 -0.00398783 -0.0205295 -4.48283e-05 -0.000634446 -0.000700397 -0.00992262 0.0651862 -0.00109759 -0.00140345 -0.00830061 0.000285261 -0.0159438 -0.059081 0.000281155 -0.0196705 -0.00576881 
-0.00733063 -0.0025894 -5.30118e-05 0.000559302 0.000611528 -0.00561153 -0.00467007 -0.0022877 0.0135197 1.32969e-05 -0.00723399 0.000163647 0.00182143 -0.00120122 0.00525978 0.000164788 0.00149004 -0.00187596 0.00598483 0.000564092 0.000131584 -0.00783019 -0.000478042 -0.000644337 -8.1077e-06 -0.000477381 0.00194414 -0.000145096 -0.000634769 -0.00678725 -0.00013401 -0.000390911 -0.00688089 0.00195618 -0.00665505 -0.000216842 -0.00536514 -0.000695702 0.000471308 0.00517588 0.00735434 0.00298208 -0.00406507 0.00652407 0.00578855 0.0049722 -0.00229983 0.000680596 -0.000124188 -0.00406407 -0.000244946 -0.000518735 -3.11248e-05 0.0018336 -0.00222678 0.000109611 -0.0011825 0.000176671 0.00118994 0.00037744 -0.000639554 -4.24246e-05 0.00110221 -1.68805e-05 -0.00150262 -0.000188223 -0.000122791 -0.00228794 0.0103151 0.00136782 -6.60069e-05 0.000870584 3.48684e-06 0.00572358 2.25383e-06 -0.000445161 -4.12583e-05 -0.00362015 -0.000424579 -0.00126581 3.24016e-05 -0.00117194 0.00687191 -0.00116082 0.00244739 0.00254091 -5.42348e-06 3.37639e-05 -9.60636e-05 0.00176425 -0.00128681 -3.35092e-05 0.00226814 -0.000484648 1.21615e-06 -0.00788497 -0.00342661 5.20364e-05 -0.000990796 0.00494175 
-0.0023623 -0.00194968 0.000932513 -1.2889e-05 4.04954e-05 -0.00144279 -0.00161177 0.00121223 1.32969e-05 0.00834884 -0.00200533 -1.65368e-06 0.00330303 -0.000164669 -0.00110283 -0.000116423 0.00307719 -0.00230818 -0.000982788 -0.000363009 3.22205e-05 -0.00373168 -0.00108225 0.00178069 -6.66665e-05 0.000327177 -0.000395477 -0.000128346 -0.000378858 -0.00214679 0.000603349 0.000164011 -0.00176172 -0.000130589 -0.00100664 -0.000519531 -0.00238582 -0.00034166 -0.000150656 5.15421e-05 -0.000671447 0.00123082 -0.00182688 -0.000672487 -0.000437455 0.00151292 -0.00254353 -5.87028e-05 -5.62034e-05 -0.00186107 0.000338962 0.000573004 4.56612e-05 0.000471349 0.00142364 -1.21918e-05 -0.000901654 0.00159122 0.00333928 -7.62115e-05 -0.000422564 0.000960458 -6.7562e-05 -6.91418e-06 -0.000778224 -0.00011076 -6.96065e-05 0.000689313 -0.000518887 0.00177626 -0.000147784 -9.44107e-05 4.6572e-05 -0.00026003 0.000117916 0.000364167 -3.64385e-05 0.000693188 -9.16e-05 0.00197866 0.00025832 0.00116238 -0.000800243 -0.000563885 0.000547302 0.00148472 -4.64648e-07 -3.07441e-05 0.000112681 0.000512707 0.00177143 1.42844e-05 -8.1105e-05 -0.000315279 0.00234177 -0.00170703 -0.000571847 0.000456572 -0.00104837 -0.000209599 
0.0860604 0.0342231 -0.000928458 -0.000821768 -0.00161763 0.0648422 0.0339473 -0.0471691 -0.00723399 -0.00200533 0.119484 -0.00201667 -0.0753851 -0.014971 -0.000146111 -0.000439851 -0.0700339 0.0918383 -0.00990591 0.00224739 0.000152316 0.0882125 0.012885 -0.00599098 -0.00736096 0.000693022 0.00299248 0.000982007 0.00568965 0.0686424 -0.00496779 -0.00527627 0.0739898 -0.035939 0.0669668 0.00373286 0.0539362 -0.0127613 -0.00603153 -0.0737963 -0.00220317 0.0201461 0.0441877 -0.00485151 -0.00775584 -0.0621257 0.0636266 -0.00421972 0.000592723 0.0520056 -0.0329726 0.00535162 -0.000118128 -0.00942389 -0.0711898 8.82743e-05 0.00666598 -0.0773489 -0.0679309 -0.00847263 0.00252584 -0.00166336 -0.00309653 -0.000101387 0.0044661 -0.000320572 -0.000511933 -0.058284 -0.0221948 -0.0810094 0.000959596 0.000942631 -3.23069e-05 -0.0023646 -9.5038e-05 0.00472966 0.000119909 -0.0517832 -0.0182967 0.00876267 -0.0231486 -0.0742817 -0.0197346 0.0089496 -0.00487046 0.0103457 2.65115e-05 -0.000691546 1.98359e-05 -0.00974093 -0.0479034 -0.00427847 -0.00329796 0.00582222 -0.00126575 0.0734086 0.0429016 -0.0027155 0.00949138 -0.0125598 
-0.00219004 -0.00129453 3.05948e-05 2.06571e-05 7.08324e-05 -0.0021732 -0.000791951 -0.000280277 0.000163647 -1.65368e-06 -0.00201667 0.00517348 0.000109177 -5.30717e-05 0.00127308 -3.82615e-05 0.000460283 -0.00141287 0.00154081 -0.000169279 0.000178517 -0.00143907 -0.000207891 -6.9172e-05 0.000398293 -0.000208893 5.89339e-05 1.69215e-06 0.000296235 -0.00164115 0.000158235 0.00092593 -0.00220712 -2.56722e-05 -0.0022895 -4.54631e-05 -0.00157173 -0.000156889 0.00118503 0.00176007 0.000655313 0.00012465 -0.00117331 0.00148583 0.000521795 -0.000814179 -0.000684065 0.000244668 -2.57985e-05 -0.00141979 0.000603465 -0.000129875 -8.7944e-07 1.27991e-05 0.000699481 -8.31275e-06 0.000939833 0.000796797 0.000177467 1.66997e-05 0.000411911 -1.74045e-05 0.000406615 3.83163e-05 -0.000639946 7.1455e-05 -4.96234e-05 0.000163921 0.00120079 0.000814665 -0.000144522 1.63066e-06 2.27705e-05 0.000108392 -5.02952e-06 -0.000372651 9.07583e-05 0.00016369 0.000420966 -0.000133417 0.0015695 0.000768145 0.000604521 0.000231691 0.000176441 -0.000743224 6.20162e-07 1.17764e-06 1.869e-05 0.000924264 0.000397355 9.09326e-05 0.000580811 -0.000137713 0.000204719 -0.00276421 -0.00116426 1.90232e-05 0.000589698 0.000534795 
-0.0905898 -0.0373174 -0.002143 -0.000309163 0.00468006 -0.0701503 -0.0378197 0.0878902 0.00182143 0.00330303 -0.0753851 0.000109177 0.124972 0.0536405 -0.0221558 -0.00183192 0.0889774 -0.0864532 -0.0142512 0.000433846 -0.000426 -0.100022 -0.0217584 0.0278656 0.000197238 0.000224395 -0.0138558 -0.00232512 -0.00698414 -0.0858747 0.00323642 -0.00347014 -0.0818111 0.0324024 -0.0826846 -0.0117362 -0.0648086 0.0159207 -0.00315547 0.0626226 -0.0082152 -0.041546 -0.047342 -0.0110996 -0.00798634 0.0757871 -0.0725011 -0.00106485 -0.00107621 -0.0619845 0.0219535 -0.00784075 -0.000155242 0.00758888 0.0927384 -0.000149034 -0.0118524 0.0981147 0.10169 -0.00229909 -0.00776624 0.00117267 -0.000651697 -0.000192985 -0.00817307 -0.0013258 0.00180745 0.0946676 0.0129778 0.09919 0.00285803 -0.00168172 -9.71688e-05 -0.00636721 -8.83621e-05 0.000427885 -0.000657611 0.0800098 0.0149479 -0.011418 0.011715 0.0906021 -0.00567321 -0.0121756 0.00217713 -0.0102638 -4.67154e-05 -0.000532686 0.000122905 -0.00415904 0.07385 -0.000622683 -0.00108816 -0.00660918 0.000475507 -0.0544721 -0.0476038 0.00268743 -0.0168628 -0.0048971 
-0.027034 -0.0207465 -0.00166119 -8.28043e-06 0.00407617 -0.0325245 0.00502772 0.0699137 -0.00120122 -0.000164669 -0.014971 -5.30717e-05 0.0536405 0.137434 -0.0261495 -0.00204434 0.0230681 -0.0294154 -0.0327728 0.00841495 0.000476707 -0.0534005 -0.0309469 0.030641 -0.00123229 0.00181443 -0.00231785 -0.00261153 -0.0047244 -0.0444598 0.000523611 -0.00380085 -0.0424924 -0.000937833 -0.062952 -0.00429459 -0.055561 0.0141719 -0.00216966 0.010825 0.00809513 -0.0411564 -0.0300847 -0.0105708 -0.0029902 0.0325137 -0.0526414 -0.00119204 0.0011011 -0.0295551 0.00189455 -0.0071847 -0.000302764 -0.00200756 0.0548566 0.000465037 -0.0112016 0.0348891 0.0506637 -0.00459024 -0.00901961 -0.00056355 -0.00148597 -0.000190011 0.00342014 -0.00145313 0.00245796 0.0742948 0.00601882 0.0406229 0.0174162 -0.0024195 -6.7354e-06 -0.00252079 0.000337468 0.00606685 0.000853191 0.0426082 -0.000289727 -0.0161877 0.0022669 0.0451786 -0.0389886 -0.0111586 -0.00544827 -0.0164929 -3.73039e-05 2.8612e-05 -0.00101993 -0.00715794 0.0480143 -0.000837865 4.10155e-05 0.00633339 -0.000974293 0.0111441 -0.0217637 -0.000139319 -0.0145929 -0.00473528 
-0.070098 -0.0379364 -0.0020438 0.000270588 -0.00106768 -0.0676048 0.0220354 -0.0284341 0.00525978 -0.00110283 -0.000146111 0.00127308 -0.0221558 -0.0261495 0.135815 0.00373507 0.0299251 0.0155716 0.0980587 -3.78159e-05 -0.000366611 -0.00359631 0.00257244 -0.00767468 -0.000906574 -0.00729937 -0.00260481 -0.00104403 0.00977105 -0.074867 -0.00173593 -0.00292167 -0.0772501 -0.00591332 -0.0565182 0.000418299 -0.0469224 -0.00759067 0.00747812 -0.00652315 0.0233955 -0.00071608 -0.0409601 0.0478512 0.0270391 0.013649 -0.000277722 0.00541611 -0.00118379 -0.0500963 -0.00610288 -0.0078406 -0.000282503 -0.00143689 -0.0253879 3.11447e-05 0.0644527 0.0261852 -0.0162135 0.0120194 0.0242004 -0.000599892 0.00400346 7.34683e-06 0.0405659 0.00111024 -0.0017039 -0.00764769 0.0326408 -0.0198415 -0.00449639 -0.00212678 7.62862e-05 0.0295379 -0.000200739 -0.000611721 -0.000367065 0.0415061 -0.00521281 0.00809513 -0.00363658 -0.0213787 0.0839673 -0.0080636 0.00609036 0.00810746 -1.94644e-05 0.000137682 0.000226763 0.00346449 -0.0156378 -0.000566976 0.00685771 -0.00666555 0.000244986 -0.0905967 -0.0398063 -0.000530592 0.0645336 0.0331226 
-0.00417329 -0.00302722 0.00109322 -3.45146e-06 -9.34792e-05 -0.00358564 0.00372521 -0.00193894 0.000164788 -0.000116423 -0.000439851 -3.82615e-05 -0.00183192 -0.00204434 0.00373507 0.014221 0.00384869 -0.000453633 0.00690525 -0.000228333 -4.88077e-05 0.00288063 0.0014181 -0.000653906 -0.000117028 0.000549511 0.00277173 0.000968319 0.0010487 -0.00520409 -0.000114597 -0.000389554 -0.00591469 -0.000452177 -0.00572037 -0.000823174 -0.00421457 -0.000709637 -0.000249924 -0.00140973 0.000500515 -0.0031159 -0.0035013 -0.000166344 -0.000646494 -0.00275458 -0.0012303 -8.52852e-05 -0.000103835 -0.00330668 -0.00054627 -0.000704032 8.62379e-06 1.54782e-05 -0.00218299 -5.54203e-06 0.00502891 0.00291023 -0.00124515 -0.000254113 0.00492536 -2.76155e-05 0.000955965 5.00612e-05 0.00474299 -9.38334e-05 -0.000154862 -0.00190329 -0.00043831 -0.00192817 -9.91739e-05 -0.000189439 5.75538e-05 -0.000475343 -2.08085e-05 -0.000763052 -8.71711e-05 0.00576649 -0.00024419 0.000436016 -0.00042092 -0.00162126 0.00616867 -0.000151043 -0.00032502 0.00117187 -1.43121e-06 0.00038091 0.000257245 0.000239818 -0.00112455 -8.20071e-05 -8.41532e-05 -0.000555552 -0.000142482 -0.00607359 -0.00229581 -2.78809e-05 0.00669367 -0.000463763 
-0.140355 -0.0550658 -0.00136297 -0.00059807 0.000992937 -0.094438 -0.000164451 0.0560841 0.00149004 0.00307719 -0.0700339 0.000460283 0.0889774 0.0230681 0.0299251 0.00384869 0.173794 -0.0758346 0.064467 -0.00833933 0.000372755 -0.0733351 -0.013189 0.0194734 0.00324862 -0.00396823 -0.0201339 0.00467785 0.0112207 -0.125566 0.00154534 -0.0041351 -0.121284 0.0254497 -0.121823 -0.0120835 -0.099243 0.0112932 -0.00399248 0.0629069 -0.0112816 -0.0544933 -0.0721615 -0.003523 -0.005228 0.0514516 -0.0873226 -0.00134784 -0.00184617 -0.0947795 0.0203221 -0.0120593 7.71175e-05 0.00944852 0.0707057 -0.000245833 0.0349434 0.118841 0.08519 0.00664488 0.0241219 0.000870493 0.00185049 -0.000286442 0.0385009 0.00103308 -0.00117345 0.0755715 0.00600951 0.0923988 -0.00527859 -0.00343971 -5.20784e-05 -0.0035382 -0.000248806 -0.00517661 -0.00100268 0.125545 0.0118399 0.000488153 0.010833 0.0738195 0.0612761 -0.014649 0.00428159 0.0112041 -1.5839e-05 -0.000717002 0.0028579 -0.00389524 0.0585192 0.00217425 -0.00205965 -0.010184 0.00102846 -0.120179 -0.0665031 0.00219855 0.0426128 -0.00540009 
0.0845693 0.0373328 -0.00399695 -0.000726764 -0.000494267 0.0765601 0.0442069 -0.0639513 -0.00187596 -0.00230818 0.0918383 -0.00141287 -0.0864532 -0.0294154 0.0155716 -0.000453633 -0.0758346 0.138744 0.00226216 0.00394372 -0.000165343 0.0971361 0.00489785 -0.0222572 -0.00685303 -0.0085503 -0.00942717 0.00233116 0.00617537 0.0648106 -0.00348812 -0.0119527 0.0809922 -0.0329545 0.0705477 0.00324565 0.0476863 -0.0174303 -0.0100217 -0.0683117 0.00965001 0.021149 0.0517646 5.36976e-05 -0.000647886 -0.0605552 0.0650903 -0.00426137 0.00119701 0.0523129 -0.0327344 -0.0018151 -0.000800269 -0.00815302 -0.0891863 -3.48283e-05 0.0100494 -0.0889064 -0.0811466 -0.00704824 -0.0023795 -0.00190651 -0.00275625 -0.000632777 0.00963064 0.000495403 0.000383196 -0.0685906 -0.0110955 -0.0907216 0.00232361 -0.000566105 -0.000196721 0.00594751 -0.000172261 0.00925697 0.000345225 -0.0594631 -0.0257881 0.0066601 -0.0221355 -0.0860128 0.00173304 0.0100052 -0.00582039 0.0189446 -3.21544e-05 -0.00103464 0.00021701 -0.00246581 -0.0612612 -0.00425986 0.000821111 0.0052126 -0.00118496 0.0787621 0.0413844 -0.00267811 0.0147163 -0.0061786 
-0.105431 -0.0493307 -1.36373e-05 -0.00046703 -0.000810696 -0.0815483 0.0350135 -0.0361383 0.00598483 -0.000982788 -0.00990591 0.00154081 -0.0142512 -0.0327728 0.0980587 0.00690525 0.064467 0.00226216 0.164945 -0.00277583 0.00231559 -0.0117302 0.00848477 -0.00959994 0.00585889 -0.00253998 -0.00980192 0.00752357 0.0164148 -0.101624 -0.00151441 0.00575808 -0.110446 0.00224177 -0.103739 -0.00303274 -0.0830349 -0.0110332 0.0038395 0.0136675 0.0159747 -0.0154072 -0.0670986 0.0427205 0.0197872 0.00692617 -0.02832 0.000459423 -0.00181741 -0.0859906 0.00475059 -0.0109138 -0.000109387 0.00676772 -0.0152317 -0.000204249 0.0761783 0.0577175 -0.00372327 0.0187606 0.0321542 -0.000767063 0.0034242 -0.00013693 0.0641522 -0.000260209 -0.0022334 -0.0186988 0.0327476 0.00338195 -0.0063726 -0.00298297 0.000373691 0.0265122 -0.000302693 -0.00409422 9.26652e-05 0.0713028 0.00376436 0.00413696 0.00854169 -0.00900534 0.126959 -0.013593 0.0203388 0.0348834 5.90286e-05 -0.000500173 0.00492284 0.00762829 -0.0141871 0.00425077 0.00418278 -0.00872705 0.000202483 -0.128257 -0.0452258 0.000588696 0.0895844 0.0271763 
-0.00122265 -0.0083599 0.000695184 0.00076796 0.00288538 -0.0188746 0.000518259 0.0200673 0.000564092 -0.000363009 0.00224739 -0.000169279 0.000433846 0.00841495 -3.78159e-05 -0.000228333 -0.00833933 0.00394372 -0.00277583 0.042761 0.000146569 -0.0122248 -0.00592748 7.09293e-06 -0.000329441 -0.00192185 0.0144751 -0.000730954 -0.00154249 -0.0213692 -0.000544402 -0.00135276 -0.00913618 0.00161279 -0.00555094 -0.00224236 -0.00663052 -0.00183416 -0.000805062 -0.0034839 0.0122533 -0.00965475 -0.0105154 0.00187179 -0.00203829 0.0207777 -0.00733667 -0.000305289 0.000393889 -0.0102453 -0.00159175 0.00123891 -3.29455e-05 -0.000438672 0.00454674 0.000451024 0.000380343 -0.00842862 -0.000920692 -0.00125506 -0.00138896 0.000450035 7.23749e-05 -4.1356e-05 -0.0050534 -0.000565015 0.00575169 0.00816388 0.00723102 -0.00584407 0.0081174 -0.000174768 -3.69082e-05 -0.000641094 9.9314e-06 0.0168131 -0.000273336 0.0150226 -0.00142673 0.0043064 -0.000908331 -5.20908e-05 0.00124109 -0.00336305 -0.00106045 -0.00472277 -1.76782e-05 -0.00011875 -0.000261223 -0.0029757 -0.00290791 -0.000271398 0.00091523 -0.00167447 0.000297472 0.00607468 -0.0127476 -0.000143759 0.00151536 -0.00200519 
-0.00208181 -0.00136223 6.10852e-05 1.6256e-05 7.2066e-05 -0.00121427 0.000280656 0.000507307 0.000131584 3.22205e-05 0.000152316 0.000178517 -0.000426 0.000476707 -0.000366611 -4.88077e-05 0.000372755 -0.000165343 0.00231559 0.000146569 0.00780996 3.87792e-05 -0.000198896 0.000109156 5.37272e-05 0.00137495 -0.000512701 -1.86979e-05 0.00113654 -0.00360379 -8.84953e-05 -0.000127543 -0.00264184 -0.00025727 -0.00333961 -0.000590557 -0.00314954 -0.00021144 -0.000159987 -1.75938e-05 0.00239029 -0.00133276 -0.00200863 0.00024536 -0.000324835 -0.000275046 0.000258148 -5.72773e-05 0.000131902 -0.00307542 -0.000101014 -0.000380223 2.22015e-05 7.70193e-05 0.000422183 -9.11616e-06 0.000523225 0.000350714 0.00104803 -0.000100938 0.00018271 0.00018143 -2.79704e-05 -9.28672e-06 0.000560617 2.32626e-05 -7.97477e-05 -7.52763e-06 0.00115765 -0.000128554 0.000906153 -0.000111413 6.48386e-06 0.00017405 1.33144e-05 0.000176572 -1.35648e-05 0.00258056 4.39307e-05 0.000326445 -0.000105445 -0.000590555 0.00245039 0.000350848 0.00104068 0.000605576 1.5521e-06 -2.90373e-05 6.66538e-05 -0.000384731 2.72008e-05 9.72355e-05 -8.31837e-05 -0.000352514 -3.6001e-05 -0.002333 -0.000690995 -1.47036e-05 0.00177314 -0.000235745 
0.127653 0.0602945 -0.00111223 -0.000978744 -0.00447211 0.111265 0.0715006 -0.0929586 -0.00783019 -0.00373168 0.0882125 -0.00143907 -0.100022 -0.0534005 -0.00359631 0.00288063 -0.0733351 0.0971361 -0.0117302 -0.0122248 3.87792e-05 0.196771 0.0370707 -0.0297335 -0.00586279 -0.0101165 -0.000946587 0.00408356 0.0126036 0.118278 -0.00308233 -0.00703322 0.115966 -0.0313046 0.0937032 0.00786628 0.0702549 -0.0130313 -0.0133689 -0.0691273 -0.0196172 0.00556926 0.0707715 -0.0373952 -0.0291703 -0.130065 0.11057 -0.00505129 -0.00289743 0.0879888 -0.0287347 0.00651735 -0.000615956 -0.00690045 -0.0951211 -0.000329738 0.0234106 -0.0796629 -0.0990529 -0.00389382 0.0131607 -0.00256012 -0.000148186 -0.000210672 0.0230759 0.00261341 -0.00568298 -0.0889494 -0.0653671 -0.092278 -0.0129111 0.00313648 -9.39747e-05 -0.0307523 -0.000536631 -0.0249019 -0.000338437 -0.065244 -0.0222946 0.00837089 -0.0211535 -0.0899149 -0.0110824 0.0198597 -0.0168669 -0.0047382 5.1578e-05 -4.30079e-05 0.00116179 -0.0104186 -0.0690771 -0.00377548 -0.00772917 0.00609611 -0.00686002 0.0824319 0.0680666 -0.00235745 0.0312212 -0.0344201 
0.0165657 0.00618028 0.00485493 3.60071e-05 -0.00106826 -0.025196 -0.0285938 -0.0342294 -0.000478042 -0.00108225 0.012885 -0.000207891 -0.0217584 -0.0309469 0.00257244 0.0014181 -0.013189 0.00489785 0.00848477 -0.00592748 -0.000198896 0.0370707 0.155918 -0.00804153 0.000286779 0.00199927 0.0190904 -0.00286272 -0.00219622 0.0261732 -0.00143279 0.0104765 0.00738537 -0.00478002 0.0206442 -0.00336131 0.0278299 -0.00942606 0.0010047 -0.00920085 -0.0135753 0.0347809 0.00255394 -0.00729751 -0.00946912 -0.0380292 0.0295477 -0.000801289 -0.00139602 0.0146498 -0.00491242 0.00280177 0.000558612 0.00112679 -0.0287159 -0.000271089 0.0105263 0.00499038 -0.0211393 0.00135543 0.0110235 -0.000636189 0.00244732 0.000136326 -0.000400446 -0.00143627 -0.00203037 -0.0326105 -0.0132489 -0.0165741 -0.00583414 0.00172059 -0.00012393 -0.0098225 -0.000233464 -0.0114741 -0.00107823 -0.0145237 -0.00139347 0.0185761 -0.00306094 -0.0211269 -0.0084443 0.013512 -0.00106307 -0.0157622 -2.50689e-05 0.00106815 0.0019903 -0.00841835 -0.0177439 -0.000708347 -0.00189513 -0.00809115 -0.000988717 -0.0123339 0.0234652 -0.000505798 0.00828801 -0.00951982 
-0.0248855 -0.0112792 -0.000449758 -0.00011345 0.000387303 -0.0232262 -0.00922378 0.0354914 -0.000644337 0.00178069 -0.00599098 -6.9172e-05 0.0278656 0.030641 -0.00767468 -0.000653906 0.0194734 -0.0222572 -0.00959994 7.09293e-06 0.000109156 -0.0297335 -0.00804153 0.045681 -0.000393971 0.00561831 -0.00376701 -0.000794669 -0.0017764 -0.0265291 0.000884077 -0.00110383 -0.0250302 -0.00106917 -0.0260645 -0.0018836 -0.0192808 0.00523131 -0.00103089 0.00421282 0.00304792 -0.0127045 -0.0152797 -0.00375992 -0.0026126 0.0146065 -0.0233577 -0.000321565 -0.000433819 -0.0191962 0.000874364 -0.00221587 -3.18364e-05 -0.000601167 0.0293899 -2.70321e-05 -0.00501617 0.0223207 0.0350963 -0.00153609 -0.00264997 -0.00014551 -0.000441162 -6.24521e-05 -0.0061125 -0.00020945 -4.49313e-05 0.0354261 0.00371808 0.0228159 0.00888309 -0.000771341 -6.68945e-05 8.16808e-05 -3.92331e-05 0.0021897 0.000603261 0.0283109 -0.000700672 -0.00398122 -7.20478e-05 0.0206295 -0.0159389 -0.00399288 -0.00103615 -0.00692015 -5.40712e-06 -0.000133102 -0.000103726 -0.00302301 0.0247959 -0.000274086 -0.000347519 -0.00198789 -0.00016779 -0.00806744 -0.0150598 0.000128915 -0.00584531 -0.00243987 
-0.00574798 -0.00227488 -0.000188949 -2.94755e-05 -5.93557e-05 -0.00428029 -0.00285425 -0.00117365 -8.1077e-06 -6.66665e-05 -0.00736096 0.000398293 0.000197238 -0.00123229 -0.000906574 -0.000117028 0.00324862 -0.00685303 0.00585889 -0.000329441 5.37272e-05 -0.00586279 0.000286779 -0.000393971 0.00883346 -0.000432367 -0.00094738 -0.000107093 -0.000135301 -0.00477736 0.000405014 0.00433752 -0.0049933 0.00287339 -0.00534657 -0.00069873 -0.00400815 -0.00042378 -0.000118458 0.00700289 -0.000714123 -0.00192846 -0.00289237 -0.000589295 -0.000484062 -0.00187004 -0.00422251 -6.49412e-05 -8.2264e-05 -0.00375117 0.00742724 -0.000479814 7.62946e-05 0.0009282 0.00632431 -1.41912e-05 -0.00029781 0.00652144 0.000367473 0.00363584 -8.79791e-05 -2.93216e-05 0.000120295 -5.86907e-06 -0.000702336 1.9445e-05 -9.22153e-05 -0.00061792 -0.000615127 0.00683388 -0.000262371 -0.000141399 5.5359e-05 -0.000472275 -1.30329e-05 -0.000690247 -7.64348e-06 -0.000122165 0.00318511 -0.000666512 0.0068462 0.00674477 0.00534547 -0.000699222 0.0004137 -0.00141255 -1.62644e-06 -2.91473e-05 -1.72661e-05 0.00155338 0.00212598 0.00227324 -0.000117929 -0.00040975 -8.19319e-05 -0.00587283 -0.00279181 9.69092e-05 -0.000389907 0.00107922 
-0.00865479 -0.0127637 0.00448388 0.000377043 0.000486924 -0.0163331 0.0059802 0.0192965 -0.000477381 0.000327177 0.000693022 -0.000208893 0.000224395 0.00181443 -0.00729937 0.000549511 -0.00396823 -0.0085503 -0.00253998 -0.00192185 0.00137495 -0.0101165 0.00199927 0.00561831 -0.000432367 0.0519308 0.00058667 7.96662e-05 -0.000712521 -0.0124342 -0.000340236 0.00313349 -0.0204632 -0.00123916 -0.0129116 0.00154616 -0.00474663 0.00132044 0.00453745 -0.00315718 0.00949101 0.00409776 -0.0125653 0.0022279 0.00155101 0.00824987 -0.0217965 0.000139386 -0.000257135 -0.0142108 -0.00165146 -0.00245529 0.000517961 -0.000592921 0.0148023 -8.66839e-06 -0.00465181 -0.00688623 0.0213033 -0.00137927 8.357e-06 0.00151067 -0.000310982 4.45296e-05 -0.00438542 -0.0005232 0.00157038 0.0174507 0.00098559 -0.00495249 0.00721503 -0.000834705 -1.44429e-05 0.00403802 0.000224311 0.00587401 0.00111306 0.0153975 0.00710592 0.00329134 -0.000933178 -0.00147908 -0.0139668 -0.00168141 0.00537327 -0.000426501 3.76253e-05 -2.71134e-05 -0.000222999 -0.00279011 0.00243758 -0.000324368 0.000695465 -0.00177555 -4.20022e-06 -0.00300306 -0.00483436 -0.000150701 -0.0051332 0.000386186 
0.00761838 0.00867024 0.00718102 0.00183661 0.000275888 -0.0229537 -0.00575918 -0.00677429 0.00194414 -0.000395477 0.00299248 5.89339e-05 -0.0138558 -0.00231785 -0.00260481 0.00277173 -0.0201339 -0.00942717 -0.00980192 0.0144751 -0.000512701 -0.000946587 0.0190904 -0.00376701 -0.00094738 0.00058667 0.0972123 -0.00109224 -0.00147962 0.0123694 -0.00127112 0.00370028 -0.00607683 -0.00287447 0.0160423 0.00321176 0.0181196 -0.00435325 0.00667154 -0.00960787 0.00416799 0.0111407 -0.0230563 0.00707905 0.00347479 0.0034103 0.0111991 0.00438532 -0.000686295 0.0227686 -0.00404348 0.00549754 3.14931e-05 -0.00127776 -0.0162613 0.000381257 -0.00910824 -0.0158471 -0.0137909 -0.00244353 0.00349067 0.000359069 0.00356538 0.000498486 -0.00544331 -0.00134575 -0.000723549 -0.0121962 0.0126727 -0.0152558 0.00269842 0.00163365 4.5131e-05 0.00273531 -5.69029e-05 -0.00220414 -0.000573625 -0.0140684 -0.000566935 0.00277551 -0.00313044 -0.00886436 -0.0143885 -0.00596532 -0.000279065 -0.00965016 2.96152e-05 0.000799716 -0.000210175 -0.00462478 -0.0107359 -0.000609307 0.00154765 -0.00402659 -0.000265684 0.000468289 0.00266124 -0.000363395 -0.00961309 0.00428354 
-0.00448549 -0.000703908 -0.000276055 -3.6453e-06 -4.66494e-05 0.0048985 0.00759499 -0.00296051 -0.000145096 -0.000128346 0.000982007 1.69215e-06 -0.00232512 -0.00261153 -0.00104403 0.000968319 0.00467785 0.00233116 0.00752357 -0.000730954 -1.86979e-05 0.00408356 -0.00286272 -0.000794669 -0.000107093 7.96662e-05 -0.00109224 0.0172244 0.00192292 0.000398978 -0.000159539 -0.000298614 -0.00304007 -0.000718496 -0.00489223 0.00182677 -0.00287547 -0.00053704 -0.000300644 -0.00170592 -0.00136417 -0.00408162 -0.00109193 -0.00085353 -1.15545e-05 -0.00364823 -0.00711839 -0.000107306 0.00014241 -0.00557377 -0.000664609 -0.000846051 -3.74487e-05 0.000198294 -0.00298648 -2.54792e-05 0.000327303 -0.0015717 -0.00273175 5.28755e-05 0.00264914 -7.35037e-05 7.1143e-05 -2.32811e-05 0.00664112 -0.000258922 -0.00017591 -0.00295942 -0.000992651 -0.00216962 -0.000510122 -0.000276418 5.05198e-06 -0.000571324 -2.4986e-05 -0.000382264 -7.00343e-06 0.003582 -0.000551891 -0.00116184 -0.00048371 -0.00197976 0.00715056 -0.00021396 -0.000163141 0.00997278 2.09412e-05 0.000433789 3.43714e-07 -0.000224118 -0.00172973 -0.000105723 0.000400705 -0.00057128 -0.000194927 -0.00487737 -0.00509853 -5.50522e-05 0.00804207 -0.000789698 
-0.0104245 0.00443521 -3.79924e-05 -0.000151787 -0.000274845 -0.00220994 0.00733991 -0.00855169 -0.000634769 -0.000378858 0.00568965 0.000296235 -0.00698414 -0.0047244 0.00977105 0.0010487 0.0112207 0.00617537 0.0164148 -0.00154249 0.00113654 0.0126036 -0.00219622 -0.0017764 -0.000135301 -0.000712521 -0.00147962 0.00192292 0.0465981 -0.00456697 0.000104934 -0.00111966 -0.00664075 -0.00211161 -0.0110401 0.00236971 -0.00654064 -0.00215317 -0.000607417 -0.00496217 -0.00199739 -0.012704 -0.00809811 0.000299313 -0.00254375 -0.0114448 0.00140291 -0.000295844 -0.000211826 -0.00909069 -0.0018105 -0.0024583 0.000190217 -0.000597453 -0.00827739 -2.9611e-05 0.0146215 -0.0041223 -0.00802925 -0.000516618 0.0169397 -0.000183763 -0.000166001 -6.03007e-05 0.00915702 0.00215915 -0.000430312 -0.00878494 -0.00530918 -0.00676793 -0.0012018 -0.00059541 -9.15051e-06 -0.0025855 -2.43529e-05 -0.00325195 -0.000210202 0.00959349 -0.000232301 0.00500955 -0.00132962 -0.00634625 0.0155426 0.003973 -0.000633565 -0.00407396 1.13911e-05 -0.000160495 0.000715107 -0.00277487 -0.0037159 -7.98636e-05 -0.000606743 -0.00202461 -0.000395069 -0.0136774 -0.00390545 -0.00013962 0.0191803 -0.00206027 
0.181407 0.0992523 -0.00149605 -0.000300958 -0.00384389 0.184671 -0.0140553 -0.107308 -0.00678725 -0.00214679 0.0686424 -0.00164115 -0.0858747 -0.0444598 -0.074867 -0.00520409 -0.125566 0.0648106 -0.101624 -0.0213692 -0.00360379 0.118278 0.0261732 -0.0265291 -0.00477736 -0.0124342 0.0123694 0.000398978 -0.00456697 0.242348 -0.00158588 0.00134237 0.204179 -0.0255247 0.18079 0.024453 0.148948 -0.00855847 0.00338353 -0.0627543 -0.0438816 0.0647962 0.11976 -0.0321494 -0.0115923 -0.113776 0.116588 0.00048614 0.00154751 0.163991 -0.022342 0.0201268 -0.000252598 -0.0079875 -0.0992842 -0.00017558 -0.0609643 -0.126804 -0.114144 -0.0141363 -0.0227405 -0.00143763 -0.00252614 0.000518739 -0.0370359 0.00123462 -0.00511819 -0.118581 -0.0543293 -0.0837944 -0.0180448 0.0052709 -5.76216e-05 -0.0299225 0.000359755 -0.0291048 0.00102112 -0.179555 -0.0112196 -0.00496934 -0.0153012 -0.0744289 -0.102576 0.0277741 -0.0165414 -0.00842383 3.07844e-05 0.00114016 -0.00376567 0.00434747 -0.0581365 -0.00357217 -0.00649081 0.0180182 -0.00189105 0.150392 0.107485 -0.00188202 -0.0565797 -0.023941 
-0.00312869 -0.00183524 -0.000202702 -4.06088e-05 -6.64433e-05 -0.000372552 -0.00284057 0.00128684 -0.00013401 0.000603349 -0.00496779 0.000158235 0.00323642 0.000523611 -0.00173593 -0.000114597 0.00154534 -0.00348812 -0.00151441 -0.000544402 -8.84953e-05 -0.00308233 -0.00143279 0.000884077 0.000405014 -0.000340236 -0.00127112 -0.000159539 0.000104934 -0.00158588 0.0122401 0.000287676 -0.00123222 1.14785e-06 -0.00235524 -0.000779861 -0.00354557 0.00023068 1.60641e-05 0.0016527 -0.000908484 -0.000183607 -0.00120937 -0.000982935 -0.000554095 -0.000904442 -0.00558375 -7.60626e-05 3.9399e-05 -0.00301622 0.00233933 -0.000345115 -1.76125e-06 -0.000116245 0.00420691 -1.45661e-05 -0.00098442 0.00370875 0.00264404 0.000708623 -0.000603873 -1.78046e-06 -9.83166e-05 -1.02802e-05 -0.00143149 0.000221083 -0.000129232 0.00244364 -0.00134871 0.00393598 -0.000239365 -0.000179253 -1.55059e-05 -0.000635789 2.31599e-05 -0.000958749 -2.69493e-05 0.000819163 0.00048761 -0.000399812 0.00164853 0.00467968 0.000137606 0.00190101 -0.00037745 -0.00116856 -2.92585e-06 -4.2986e-06 -4.39427e-05 0.00270784 0.00502985 0.000253264 -0.0001077 -0.000485518 -7.79056e-05 -0.00123989 0.00136862 0.000157327 -0.00148636 0.000176501 
-0.00576378 -0.00510957 -0.00028712 0.000222736 -0.00019823 -0.0132112 -0.00920183 -0.00553612 -0.000390911 0.000164011 -0.00527627 0.00092593 -0.00347014 -0.00380085 -0.00292167 -0.000389554 -0.0041351 -0.0119527 0.00575808 -0.00135276 -0.000127543 -0.00703322 0.0104765 -0.00110383 0.00433752 0.00313349 0.00370028 -0.000298614 -0.00111966 0.00134237 0.000287676 0.0303953 -0.009381 0.00121472 -0.00233543 -0.000939729 0.00413595 -0.0013299 0.00487489 0.00483835 -0.00248202 0.00635272 -0.00224688 0.00345785 0.000104478 -0.00470259 0.0018105 8.48202e-05 -0.000283574 0.0020331 0.00725343 -5.81171e-05 0.000286883 7.93739e-05 0.00367927 -4.51369e-05 0.00187787 0.00615281 -0.00374418 0.00600912 -0.000122366 -0.000101415 0.000160446 0.000446785 -0.00191932 -0.000516077 -0.000294497 -0.0044468 -0.00218307 0.00413581 -0.000946303 -2.43355e-05 0.000255586 -0.00104444 -4.58678e-05 -0.00225557 -4.43991e-05 -0.00852616 0.00654991 0.00232232 0.00779658 0.00457617 0.000150582 -0.00184941 0.00188074 -0.00404668 1.89177e-05 0.000208663 -0.000183702 0.00113933 0.00119882 0.00218756 -0.000309852 -0.00121503 0.000341929 -0.00934249 0.000411954 -7.48312e-05 -0.00149622 0.00244603 
0.190095 0.098332 -0.00175506 -0.000586404 -0.00356076 0.190575 -0.00856616 -0.0866017 -0.00688089 -0.00176172 0.0739898 -0.00220712 -0.0818111 -0.0424924 -0.0772501 -0.00591469 -0.121284 0.0809922 -0.110446 -0.00913618 -0.00264184 0.115966 0.00738537 -0.0250302 -0.0049933 -0.0204632 -0.00607683 -0.00304007 -0.00664075 0.204179 -0.00123222 -0.009381 0.246245 -0.0245213 0.192401 0.013427 0.144009 -0.00480581 -0.0101071 -0.0620319 -0.0401798 0.0430356 0.134518 -0.0426573 -0.0205778 -0.0987801 0.111228 -0.00392883 0.00237366 0.150602 -0.0221689 0.0212236 -0.000215191 -0.007652 -0.0912757 0.000161276 -0.0602877 -0.129032 -0.109978 -0.014659 -0.024439 -0.00101868 -0.00410987 -9.55481e-05 -0.0454857 0.001868 -0.00154545 -0.109495 -0.0584229 -0.081144 -0.0156384 0.00478611 -0.000363721 -0.0289517 0.000383201 -0.0139862 0.000319547 -0.163077 -0.0188833 -0.00126722 -0.0165928 -0.0721053 -0.0955291 0.0285664 -0.0191541 -0.00726247 -4.72053e-05 9.49689e-05 -0.00426992 0.001143 -0.0560661 -0.00346928 -0.00747647 0.0161441 -0.00119938 0.16667 0.0889497 -0.00182352 -0.0634105 -0.0307199 
-0.0273189 -0.0111902 -0.000806028 8.54489e-05 0.00141498 -0.0213106 -0.00764996 0.0174064 0.00195618 -0.000130589 -0.035939 -2.56722e-05 0.0324024 -0.000937833 -0.00591332 -0.000452177 0.0254497 -0.0329545 0.00224177 0.00161279 -0.00025727 -0.0313046 -0.00478002 -0.00106917 0.00287339 -0.00123916 -0.00287447 -0.000718496 -0.00211161 -0.0255247 1.14785e-06 0.00121472 -0.0245213 0.0419771 -0.0225892 -0.00351633 -0.0194071 0.00564148 -0.000969027 0.0301646 -0.00112845 -0.0121683 -0.0141623 -0.00303355 -0.00221328 0.0278115 -0.0210552 -0.000309309 -0.000350555 -0.0185185 0.012329 -0.00232958 -7.80553e-05 0.00587549 0.0261762 -5.07571e-05 -0.00223538 0.0287301 0.0253807 -8.32976e-05 -0.00227571 4.11259e-05 0.000261892 -5.73582e-05 -0.000309195 -0.000706151 0.0013734 0.0230853 0.00788583 0.0290752 0.00103356 -6.43445e-05 9.23967e-05 -0.00187389 -5.10626e-05 -0.000517693 -0.000266355 0.0208714 0.00514956 -0.00389243 0.00654982 0.0245817 0.0100303 -0.0036471 0.00165912 -0.00386715 -1.39156e-05 -0.000147857 -6.86207e-05 -0.000543502 0.00420475 0.000339403 -0.000485839 -0.00201968 -0.000416971 -0.02511 -0.0142804 0.00196909 -0.00371589 -0.00139041 
