0.231216 0.0693482 -0.000315737 -0.00573635 0.00743338 2.01104e-05 0.00367931 0.000136207 -3.82272e-05 0.0251572 -0.000188736 0.00180578 -0.02815 0.00387817 0.116291 0.0256964 -0.00119224 -0.00939842 0.000491242 0.00157983 0.0351903 -0.0200216 0.00194547 -0.0327374 -0.0396286 6.27153e-05 0.00809141 0.000772102 -0.0230985 0.000465418 -0.00642489 -5.87454e-06 0.0080732 -3.66747e-05 -0.000112752 -0.0545363 -0.145367 0.000408623 -0.000196552 0.034541 -0.000667229 -0.0440554 0.00117334 -0.00173821 0.00173795 0.00550176 0.000430157 -0.00172617 -0.00822608 0.00303146 -0.043419 -0.000843244 -0.018398 0.000373986 -0.00096792 1.04585e-05 0.000433001 0.0742709 0.00219998 -0.0381168 -3.29196e-05 -0.000231964 0.00188933 0.00535843 0.000864561 -0.0337257 0.00366813 -0.00181566 -0.0996102 -0.0329926 -9.09353e-06 0.00463352 -0.000128288 0.020425 0.0738093 -0.0402051 -0.0176993 0.00018347 0.0890736 -0.000523694 -0.0607777 -0.0179456 -0.000345995 0.00585172 0.00080827 -0.000161178 -0.0100176 0.0066763 0.0294596 -0.00310329 -0.180769 0.0895529 -0.000376509 -0.0150556 0.0114596 1.97558e-05 -0.000467604 0.00467269 0.020611 0.00687511 
0.0693482 0.16589 -0.0011815 -0.0192613 -0.00542091 -0.000156699 0.00139983 0.000211063 -8.30647e-06 -0.0263191 -7.33159e-05 -0.0222617 -0.00156657 0.00217216 0.0500662 -0.00138576 -0.000536203 0.00309947 -0.000460139 -0.00172264 0.0232663 -0.00699068 0.00390312 -0.0024224 -0.00636707 -0.000604273 0.000618672 0.0014286 0.00984787 0.000471642 -0.00203572 -4.68397e-06 -0.00199157 -0.00185553 7.57432e-05 -0.0299566 -0.0496013 -0.00026922 -0.000300697 -0.00592143 0.000455505 -0.0330647 -0.00077859 -0.000600384 0.0028371 -0.00184524 0.000225422 -0.000874632 -0.00277175 -0.00290018 -0.0225126 0.00234263 -0.00696605 -0.000183733 -0.000366288 -0.000112828 -0.00019189 -0.0161675 -0.000143656 -0.015727 -1.76541e-05 -0.000278789 -0.00302299 -0.00151642 0.000711083 -0.0116197 3.62819e-05 -0.000825696 -0.0401617 -0.0128694 4.87006e-05 -0.00263018 -9.21144e-06 0.0136105 0.0454081 0.0118556 -0.00555323 0.000136407 0.0721635 0.00363069 -0.0731601 0.00382267 -0.000627226 0.00774809 -0.00141008 -8.92968e-05 -0.000797597 -0.00378499 0.0121919 -0.00589419 -0.0826043 0.0319528 0.000341098 0.040559 -0.00757779 -1.69382e-05 -0.000107354 -0.00972547 0.00408654 -0.0277797 
-0.000315737 -0.0011815 0.00765684 -0.00213598 0.00106918 0.000207776 0.000338808 0.000454604 -1.82193e-06 -0.000901895 2.27823e-05 0.00043674 -0.00133862 -0.00160011 0.000340471 -0.0011605 -1.2241e-05 -0.00134066 4.72923e-05 0.000181272 -0.000540917 -0.000298029 0.000289587 -0.00204705 7.01999e-05 0.000596043 -0.0001397 0.000492948 -0.0018563 4.73068e-06 0.00229058 1.71647e-05 -0.000205795 0.00172763 -2.42557e-07 -0.000587187 -0.00123875 0.000195837 -7.81159e-06 0.000705352 0.00027928 -0.00103747 0.00151823 0.000385679 0.0026922 3.05786e-05 0.000616366 -4.3909e-06 -6.93498e-05 -4.50367e-05 -0.000838237 -2.94295e-05 2.02506e-05 -6.52716e-06 0.000390312 1.36334e-06 0.000468397 0.000833492 -5.38044e-05 -0.000976636 -7.25511e-07 7.8355e-06 -0.000175171 0.000320475 0.000169823 -0.000424028 0.000254874 0.00243069 -0.00137223 0.00106551 2.5826e-06 -3.80458e-05 0.000158433 0.000399297 -0.00131424 -0.00253648 9.37654e-06 3.18823e-05 -0.000720463 -0.000175969 -0.00293648 -0.00137756 6.09006e-05 -0.0033376 0.0038185 5.81702e-05 0.00109724 0.000217298 -0.00158116 0.00193709 -0.00238471 -0.000786865 1.25613e-05 -0.0017067 0.00338109 -4.43076e-07 -4.15123e-07 0.00140949 0.000918564 -0.00130265 
-0.00573635 -0.0192613 -0.00213598 0.217961 0.00547666 -1.89798e-05 -0.00219547 -0.00162835 6.25505e-05 0.0325442 -7.17184e-05 -0.0793408 -0.114692 -0.129632 0.0567903 -0.140756 -0.000155207 0.0808787 -0.00173934 -0.000567353 -0.0658596 -0.0251418 -0.00419345 0.055613 -0.0707909 3.53128e-05 -0.00849629 -0.00296431 0.111315 2.47607e-05 -0.00389803 -2.39602e-05 -0.000224792 -0.00222457 -0.000173217 0.0442281 0.0604719 0.000367771 0.000418697 0.0172581 -0.00228883 0.0498456 -0.00135453 -0.000171321 -0.00650515 -0.000218099 -0.00132411 -0.000122177 0.00367416 0.00270347 0.0245367 -0.00335915 -0.0525757 8.28043e-05 0.000101712 -0.000370458 -0.0021778 0.00441137 0.00318228 -0.104749 8.33731e-06 0.000347268 0.0014656 -0.0149319 0.000784418 0.0128024 -0.00227936 -0.00317324 0.0609851 -0.0496114 -2.17726e-06 0.0034312 -0.000127629 0.144063 0.0462678 0.0572834 -0.025342 -0.000444928 0.032486 0.00320771 0.0417068 -0.133258 0.00207052 0.0121627 -0.00157108 -2.95173e-05 -0.15378 -0.0010463 0.108163 -0.120122 0.0140054 0.0300937 -0.000292607 0.0152286 -0.0151468 3.27814e-05 -0.000185558 0.0134711 -0.0429506 0.0493815 
0.00743338 -0.00542091 0.00106918 0.00547666 0.0267201 0.00044581 0.00166743 7.88039e-05 4.95648e-05 0.0153035 -8.78583e-06 0.0174819 -0.00264141 -0.00518521 -0.00458656 0.00112895 0.000100893 -0.0129171 0.000663601 1.23498e-05 -0.0032882 -0.000692437 1.34329e-05 -0.0158148 -0.00242075 0.0015519 -0.000585391 6.45434e-05 -0.0133429 -1.97041e-05 -0.000291241 -6.52966e-07 0.00604332 -0.000249144 -3.44657e-05 0.00590658 -0.00498238 0.00114083 5.33099e-05 -0.00499895 -8.92697e-05 0.00810748 0.000222094 0.000601738 0.00196457 0.00948385 0.000187246 -5.50358e-05 -0.00034198 0.000508945 0.00656339 -0.000205324 0.00345272 0.000665173 -6.24072e-07 -2.33066e-07 -5.07479e-05 0.0171872 0.00223786 -0.00589969 -2.51659e-06 0.000179246 -0.000728933 -0.000612135 -6.76131e-05 -0.00151585 0.000471565 0.000258002 -0.00103667 -0.000171794 3.47844e-06 0.000340014 1.95303e-05 0.00237114 -0.0143448 -0.0194011 0.000497531 1.31883e-05 -0.00643842 -0.000365063 -0.00466826 -0.00393411 -3.82049e-05 -0.0080234 0.00383791 1.20109e-05 -0.00485185 0.00369007 -0.00820737 -0.00471658 -0.0047906 -0.0134997 1.30605e-06 -0.0141068 0.013112 4.53906e-05 -1.79431e-05 0.0166405 -0.00181929 0.0124017 
2.01104e-05 -0.000156699 0.000207776 -1.89798e-05 0.00044581 0.000964013 8.79841e-05 1.15356e-05 7.0122e-07 0.000151134 -2.59317e-07 0.000526328 5.51257e-05 -7.42452e-05 7.63691e-05 -0.000125052 -4.92273e-07 -0.000393317 -4.89008e-06 -1.02206e-05 -9.55053e-05 3.38807e-05 9.45745e-07 -0.000392631 0.00010447 1.41611e-05 -2.14593e-05 -2.52934e-06 -0.000373594 -5.67598e-07 0.000160523 2.59557e-06 5.74976e-05 8.1744e-05 1.66303e-07 -0.000110102 -0.000164683 9.12304e-05 -1.45483e-06 -9.95695e-05 -2.97374e-06 -0.00012359 0.00022551 1.3515e-05 8.25865e-05 0.00031637 4.28793e-05 -3.33553e-06 -1.08839e-05 -8.4611e-06 -4.98095e-05 -4.80679e-06 0.000120931 2.42675e-06 2.26661e-05 -2.9793e-07 -1.91838e-06 0.000280273 8.50322e-06 -0.000208385 2.42607e-07 -9.6417e-07 -1.84368e-05 -1.98245e-05 2.23688e-07 -5.29272e-05 -8.9345e-06 9.28645e-05 -0.000159543 0.000214956 -1.93922e-07 -1.29129e-05 7.83032e-06 -4.68793e-05 -0.000437737 -0.000400725 -2.72426e-05 1.71515e-06 -0.000171334 -2.24401e-05 -0.000485999 -9.76219e-06 -6.35173e-06 -0.000338427 0.000349635 3.69331e-06 7.66308e-05 -1.56104e-05 -0.000302552 7.95661e-05 -0.000101843 -0.00039645 -1.57632e-06 -0.000323277 0.000518565 -1.09596e-07 1.06112e-07 0.000438203 -4.68646e-05 -0.000124363 
0.00367931 0.00139983 0.000338808 -0.00219547 0.00166743 8.79841e-05 0.0142805 8.92368e-05 -2.91237e-06 0.00468595 1.5126e-05 0.00861927 0.00254473 0.00512396 0.00154397 0.00608457 8.95509e-07 -0.00694255 0.00112674 0.0006958 0.00877775 0.00076033 0.000884769 -0.00880566 -0.000177582 5.06978e-05 0.00113904 -5.57726e-06 -0.00714294 -1.53387e-05 7.30582e-05 -2.4484e-07 -1.24844e-05 8.77206e-05 -8.97457e-06 -0.0016607 -0.00333909 8.33626e-05 -1.46581e-05 -0.00239303 0.000174144 -0.00148382 0.000363104 -5.06244e-05 0.00161135 0.000634646 7.68711e-05 -4.01683e-05 -0.000196627 0.00225598 -0.00151594 0.000101693 0.000566934 1.1373e-05 -2.42943e-05 1.14125e-06 1.93138e-05 0.0087642 0.00142821 -0.00370694 2.69312e-06 -1.35075e-05 -0.000394674 -0.000297388 -4.54345e-05 -0.000730436 0.0012204 0.000448316 -0.0026006 -0.000696594 -1.53433e-06 -0.000189807 -3.79989e-06 -0.0042829 -0.00661517 -0.0106176 -0.00044278 -3.66822e-06 -0.00362332 -0.000178038 -2.38954e-05 0.00261237 4.80593e-05 -0.00347541 0.000854433 8.23604e-06 0.00199676 0.00102743 -0.00930709 0.00301464 -0.00484426 -0.00543455 2.55729e-05 -0.00728706 0.00124138 1.1232e-05 -1.10331e-05 0.00191337 0.00106539 0.00551602 
0.000136207 0.000211063 0.000454604 -0.00162835 7.88039e-05 1.15356e-05 8.92368e-05 0.00255884 5.1711e-08 -0.000307924 7.98523e-05 0.000497104 0.000816119 0.000695818 -0.000284215 0.00114458 5.28158e-06 -0.0011968 5.02889e-05 2.54026e-05 0.00033265 0.000209545 8.03723e-05 -0.00125795 0.000748743 5.27654e-05 -9.90449e-07 0.000222946 -0.0012579 -1.73891e-06 0.000488776 2.33294e-06 -7.07131e-06 0.000275001 6.81815e-06 -0.000154324 -0.000566366 1.33381e-05 -1.81227e-06 -0.000432479 0.000118764 -8.73835e-05 6.60144e-05 0.0001643 0.000806397 -8.12256e-05 6.81357e-05 -7.59756e-06 -1.96987e-05 -3.85578e-05 -0.000248957 0.000125654 0.000428148 -2.67613e-06 1.4672e-05 7.10382e-06 3.52956e-05 -9.3123e-05 -1.4258e-05 -0.000243946 -1.18984e-07 -2.56622e-07 -7.23658e-05 7.24341e-05 6.38196e-05 -0.000128281 3.0677e-06 0.000341901 -0.000471455 0.000388359 1.50666e-06 -2.64259e-05 2.25413e-05 -0.000867827 -0.00094394 -0.00103691 0.000150747 5.738e-05 -0.000520697 -3.0837e-05 -0.00143464 0.00084112 4.48577e-05 -0.000779225 0.000657187 1.20818e-06 0.00123474 -2.09013e-05 -0.00140213 0.00138818 -0.000577315 -0.00105475 6.28693e-06 -0.000539834 0.00110081 -2.91375e-07 5.72648e-06 0.000150447 0.000674412 -0.000485761 
-3.82272e-05 -8.30647e-06 -1.82193e-06 6.25505e-05 4.95648e-05 7.0122e-07 -2.91237e-06 5.1711e-08 0.000516633 3.81349e-05 7.1784e-07 2.89741e-05 -3.80059e-05 -5.52182e-05 -2.25902e-05 -8.15935e-05 3.87526e-06 2.49828e-05 1.87556e-05 1.75092e-05 -5.61215e-05 5.52896e-05 -2.90583e-06 -3.97728e-06 7.70266e-06 4.84316e-06 -8.51667e-06 9.63425e-07 -2.02144e-05 4.04201e-06 -2.99273e-07 -2.0228e-08 7.28074e-05 -4.05382e-06 7.14232e-06 -2.76865e-05 7.35099e-05 1.20364e-06 1.25401e-06 -9.07497e-05 1.7047e-06 -6.74871e-05 1.44735e-06 1.14499e-05 6.0472e-06 1.87301e-05 7.04078e-07 6.13074e-06 1.81524e-05 -8.2786e-06 -9.81717e-06 4.38698e-07 -2.68956e-05 2.15275e-05 -2.85957e-07 5.33129e-06 -1.6137e-06 4.1328e-06 7.10689e-06 -4.43175e-05 6.40289e-07 7.58925e-07 1.97808e-06 -6.90957e-06 2.54852e-06 6.93858e-06 -3.37786e-06 -2.18629e-06 -5.57609e-05 -3.26302e-06 5.40565e-07 -1.12028e-06 -3.23022e-07 -0.000101775 -9.70733e-05 1.32816e-05 -1.55359e-05 7.35952e-07 1.56146e-05 -2.49358e-06 -9.55812e-05 -6.1861e-05 -1.57466e-06 -3.99795e-05 -3.25073e-06 4.75754e-06 1.54101e-05 3.91684e-05 3.94924e-05 -6.88778e-05 6.85113e-05 -0.000160322 -4.11069e-07 -5.58506e-05 7.43926e-06 6.07958e-07 1.45243e-05 6.09939e-05 -6.95608e-06 1.83451e-05 
0.0251572 -0.0263191 -0.000901895 0.0325442 0.0153035 0.000151134 0.00468595 -0.000307924 3.81349e-05 0.239444 7.37796e-05 0.0865083 0.00831806 0.00905917 -0.0285406 0.0248407 0.00130034 -0.092196 0.00221666 -0.00135317 0.0131897 -0.00923048 0.00149437 -0.0958023 -0.011259 0.000964958 -0.00012346 -0.00183235 -0.0868819 -0.000505166 -0.000588327 -1.45238e-05 0.0179158 -0.000641027 -9.10211e-05 0.0411484 -0.00450153 0.000893551 0.000255007 -0.0127073 -0.00107885 0.0510749 0.00365167 0.000648016 -0.00131601 0.0101541 -8.02084e-05 4.22562e-05 0.00388537 0.00763894 0.0380061 -0.00239247 0.029034 0.000418531 0.000403182 7.18946e-05 -0.00130216 0.0987341 0.00542742 -0.0389967 -1.60733e-05 0.000538766 -0.0102494 -0.00818115 -0.00119932 -0.0217684 0.00263873 -0.00176574 0.0105358 0.00802756 -6.98246e-05 0.00689896 2.78778e-05 -0.00558436 -0.102055 -0.0719634 0.0174206 0.000257499 -0.0778158 -0.00391907 0.0732247 0.00690168 -0.000255035 -0.0168239 0.00154478 4.05227e-05 -0.0111131 0.0124963 -0.0364288 -0.0304886 0.00981184 -0.069303 -0.000396846 -0.157369 0.015227 6.42358e-05 -7.85328e-05 0.0221741 -0.0225859 0.10587 
-0.000188736 -7.33159e-05 2.27823e-05 -7.17184e-05 -8.78583e-06 -2.59317e-07 1.5126e-05 7.98523e-05 7.1784e-07 7.37796e-05 0.000395244 1.09423e-05 9.31803e-06 8.56044e-06 -0.00017865 -8.63919e-06 8.33363e-05 -0.000154329 6.27527e-05 5.95971e-05 -3.85537e-05 -8.93682e-06 9.35945e-06 -0.000253091 1.42169e-05 9.76333e-06 -7.22741e-06 1.49257e-05 -0.000173043 -5.19039e-07 0.00015225 4.22897e-06 -8.382e-06 0.000112934 2.7159e-05 0.00010672 8.24135e-05 1.81238e-06 2.57053e-06 -1.88812e-05 -9.55778e-07 1.70549e-05 -2.18564e-06 2.16977e-05 7.10337e-05 7.02179e-06 3.7332e-07 9.62421e-06 9.13083e-05 -2.45232e-06 3.77758e-05 7.89922e-06 4.21364e-05 -4.12464e-07 1.63157e-05 2.18724e-06 1.75277e-05 -5.40262e-05 4.49888e-05 -9.97094e-05 1.51713e-07 7.94562e-07 -1.09366e-05 -8.23818e-06 -4.87503e-07 -7.46054e-07 1.34178e-06 8.72255e-05 3.8994e-05 0.000127485 -3.50178e-08 -5.16565e-06 1.1264e-05 1.59581e-06 -0.000198019 -0.000105445 0.000150777 2.02728e-06 -5.70132e-05 4.74127e-05 -4.47751e-05 3.29384e-05 4.61681e-05 -0.000275721 2.77201e-05 8.94923e-07 1.214e-05 2.89788e-05 -0.000239913 8.86373e-05 8.13053e-05 -0.000188964 9.90963e-06 -0.000135835 0.000129762 2.21758e-07 -2.18749e-07 -1.23946e-05 -2.4661e-05 -1.36739e-05 
0.00180578 -0.0222617 0.00043674 -0.0793408 0.0174819 0.000526328 0.00861927 0.000497104 2.89741e-05 0.0865083 1.09423e-05 0.21667 0.110846 0.12436 -0.0733508 0.135716 0.00148524 -0.119608 0.00400704 -0.00124902 0.0442453 0.0232178 0.00176076 -0.124762 0.0669321 0.00152232 0.000950483 -0.00107271 -0.135498 -0.000402579 0.00344836 -2.63335e-06 0.0172866 -0.00123902 0.000257997 0.00062742 -0.0458893 0.000877219 -7.87987e-05 -0.0565825 0.00027711 0.0213515 0.00501104 0.000785261 0.0057853 0.0126351 0.001462 -0.000936471 -0.00365459 0.00748247 0.0066823 1.85374e-05 0.0552874 0.000511056 0.000350162 0.00039235 -0.000746448 0.088794 0.00401637 0.042096 -1.62125e-05 0.000392112 -0.0087757 -0.00656148 -0.00100953 -0.0175595 0.00639995 0.00135599 -0.0317883 0.0548132 -5.40491e-05 0.00360057 -1.6738e-05 -0.117539 -0.161094 -0.12538 0.0254691 0.000226852 -0.0825546 -0.00511514 0.00923837 0.112027 -0.00111746 -0.0283166 0.00467098 1.27478e-05 0.101273 0.0174824 -0.143952 0.062542 0.0316162 -0.133204 -0.000335067 -0.124586 0.0305027 7.18799e-05 -2.79283e-05 0.0229612 -0.00892353 0.0568846 
-0.02815 -0.00156657 -0.00133862 -0.114692 -0.00264141 5.51257e-05 0.00254473 0.000816119 -3.80059e-05 0.00831806 9.31803e-06 0.110846 0.145828 0.115123 -0.0810133 0.108933 0.000293587 -0.0643291 0.000882068 -0.00175131 0.0403664 0.0308135 0.00348864 -0.0637704 0.0794618 -0.000524826 -0.00137244 0.000343244 -0.0782485 -0.000198453 0.00116152 -4.95834e-06 0.00340344 -0.00121836 0.000279373 -0.0244101 -0.0346228 -0.000256921 -0.000259303 -0.0353652 0.00168989 -0.0265292 -0.000824574 -4.06452e-05 0.00269571 0.00195237 0.000481633 -0.000503495 -0.00240085 -0.00232519 -0.00868154 0.00257631 0.0605202 -0.000144526 -0.000313862 0.000332817 -0.000488086 0.00174685 -0.00196108 0.0732493 -1.30204e-05 -0.000240059 -0.00501891 -0.0035703 -0.000611927 -0.00981747 7.61296e-05 -0.000445839 -0.0333415 0.0554497 -2.93089e-05 -0.00252584 -0.000104041 -0.121614 -0.0956176 -0.0536958 0.0274025 0.00050147 -0.0458593 -0.00304754 -0.0225419 0.132206 -0.00131237 -0.0098158 -0.00114439 -5.41921e-05 0.126818 0.00210992 -0.116962 0.0823097 0.0330087 -0.076959 -0.000226743 -0.0513779 0.00732507 -1.93198e-05 0.000175669 -0.00778905 -0.00240784 -0.0194469 
0.00387817 0.00217216 -0.00160011 -0.129632 -0.00518521 -7.42452e-05 0.00512396 0.000695818 -5.52182e-05 0.00905917 8.56044e-06 0.12436 0.115123 0.195003 -0.0450742 0.164462 0.00047612 -0.0990391 0.00127016 -0.00252274 0.0644694 0.0274676 0.00252887 -0.0739947 0.0672108 -0.000664553 0.00834157 0.00116041 -0.115578 -0.00021399 -0.000130669 -7.93377e-06 -0.00253391 -0.00186809 0.000416088 -0.0306889 -0.05302 -0.000371858 -0.000340311 -0.0456283 0.00193137 -0.0195205 -0.00158259 -0.000630852 0.00230099 -0.0018998 0.000459837 -0.00108778 -0.0036292 0.000918203 -0.0201005 0.00183493 0.0528178 -0.000101642 -0.0004726 0.000442766 0.000785378 0.0337182 -0.00260399 0.0747771 -1.74837e-05 -0.000361055 -0.00703524 0.00160011 -0.000897586 -0.0145154 0.00251552 -0.000265867 -0.0509586 0.0494355 -4.09204e-05 -0.000570337 -0.000152419 -0.143347 -0.10015 -0.0871143 0.0220868 9.40223e-05 -0.0567835 -0.00324598 -0.0141197 0.129511 -0.00147126 -0.00981639 -0.00219475 -9.16464e-05 0.125651 0.0054937 -0.12076 0.0910316 0.0178704 -0.090016 5.24617e-05 -0.0560558 0.00100122 -2.88866e-05 6.66426e-05 -0.00723667 0.024959 -0.00748233 
0.116291 0.0500662 0.000340471 0.0567903 -0.00458656 7.63691e-05 0.00154397 -0.000284215 -2.25902e-05 -0.0285406 -0.00017865 -0.0733508 -0.0810133 -0.0450742 0.249861 -0.0475131 -0.00108482 0.0516546 -0.00241765 0.00270453 -0.00891632 -0.0201585 -0.00267521 0.0470029 -0.0538118 -0.00101608 0.00304398 -0.00178527 0.0614191 0.000417837 -0.00549012 -1.04387e-05 -0.0100849 -0.00374036 -0.000591264 -0.0610667 -0.0731645 0.000337113 -0.0004528 0.0288716 -0.00149384 -0.0567459 0.00287184 -0.00192555 -0.00394943 -0.00435426 -0.000600882 -0.000906233 -0.00652793 0.00298092 -0.0517683 -0.0021932 -0.0404632 -0.000127814 -0.00081652 -0.000170916 0.000678521 0.0129957 0.000878447 -0.054904 -3.03583e-05 -0.000627379 -0.000548763 0.000428378 0.00114671 -0.0185897 0.00217808 -0.00155697 -0.067544 -0.0384315 3.0419e-05 0.00122766 -0.000126161 0.0748026 0.134625 0.038687 -0.0203702 -2.63485e-05 0.0861848 0.00311991 -0.0419232 -0.07875 5.59241e-05 0.012491 -0.000643241 -0.000219084 -0.0751826 -0.0104291 0.0867336 -0.0435264 -0.110957 0.120262 -0.000587082 0.0464893 -0.0151305 -1.19834e-05 -0.000281299 -0.00213519 0.0165953 -0.0342778 
0.0256964 -0.00138576 -0.0011605 -0.140756 0.00112895 -0.000125052 0.00608457 0.00114458 -8.15935e-05 0.0248407 -8.63919e-06 0.135716 0.108933 0.164462 -0.0475131 0.223156 0.000152702 -0.120214 0.00362664 -0.000310992 0.0697616 0.023251 0.00351072 -0.090747 0.065259 -0.000186376 0.0116931 0.000447617 -0.143914 -0.000358742 0.000319217 -1.18439e-05 0.0100097 -0.00217932 0.000325512 -0.0262764 -0.0678438 -0.000226417 -0.000348285 -0.0586704 0.00196353 -0.00875621 0.00012858 -0.000791424 0.00422921 -0.00475974 0.000461253 -0.00123879 -0.0045857 0.00251793 -0.0105431 0.00290036 0.0513047 0.000115524 -0.000553558 0.000405991 0.00127617 0.058457 -0.0019365 0.0729419 -1.04286e-05 -0.000446306 -0.00907702 0.00929285 -0.00110848 -0.0173541 0.0036229 2.05326e-05 -0.0527269 0.0424207 -3.38677e-05 0.0043875 -0.000193284 -0.152855 -0.103934 -0.111329 0.0203379 -8.10687e-05 -0.0748265 -0.00416192 -0.0118289 0.128032 -0.00218129 -0.0145784 -0.00132344 5.0329e-05 0.134277 0.0152765 -0.122198 0.101951 -0.00713655 -0.0913588 3.10779e-05 -0.0638593 0.00378911 -8.40233e-06 -1.63604e-05 -0.00451604 0.0351058 0.0078096 
-0.00119224 -0.000536203 -1.2241e-05 -0.000155207 0.000100893 -4.92273e-07 8.95509e-07 5.28158e-06 3.87526e-06 0.00130034 8.33363e-05 0.00148524 0.000293587 0.00047612 -0.00108482 0.000152702 0.00259905 -0.000865336 2.16386e-05 -2.50703e-05 -0.000294043 0.000368731 -1.16786e-05 -0.00156966 0.000647418 -4.07438e-06 -2.93406e-05 -1.0945e-05 -0.00102018 -3.93326e-06 0.00015196 -1.01975e-07 -2.76124e-06 -2.14979e-05 4.23494e-06 0.000927474 0.000304225 5.61247e-07 2.15268e-05 -0.000481742 6.76205e-06 0.000747902 -3.05921e-05 0.0002689 -3.48014e-05 0.00037491 1.91202e-05 2.59389e-06 0.000223258 4.91791e-05 0.000676191 -1.47289e-05 0.000365797 -2.7183e-06 0.000147075 2.42967e-06 -5.38463e-06 0.000100188 5.45675e-05 0.000159542 4.3277e-07 8.54649e-05 -7.42735e-05 -5.70138e-05 -8.08664e-06 -0.000134049 1.29571e-06 -1.0765e-05 0.000319216 0.00150172 1.87423e-07 -1.10874e-05 7.64933e-06 -0.000213614 -0.00144208 -0.000946358 0.00073232 -1.59109e-06 -0.000687038 7.62966e-06 0.000475549 0.000121981 9.41886e-05 -0.0020845 1.25609e-05 -2.89423e-07 0.00025912 6.47308e-05 -0.00173534 -0.000334471 0.00129577 -0.00130567 5.13201e-06 -0.00129707 0.000507137 -9.5966e-08 -1.65169e-06 3.55877e-05 -0.000174848 0.0002545 
-0.00939842 0.00309947 -0.00134066 0.0808787 -0.0129171 -0.000393317 -0.00694255 -0.0011968 2.49828e-05 -0.092196 -0.000154329 -0.119608 -0.0643291 -0.0990391 0.0516546 -0.120214 -0.000865336 0.249947 -0.00376332 -0.000385345 -0.0613337 -0.0152905 -0.00258983 0.105011 -0.0326476 -0.00156771 -0.0105972 -0.000243862 0.170136 0.000435287 -0.0048671 -8.96215e-06 -0.0131633 0.00129731 -0.000148203 -0.0395509 0.0231766 -0.000738592 -0.000179672 0.0272098 -0.00159315 -0.0595348 -0.00563577 -0.000881279 -0.00693036 -0.00377442 -0.00123733 -0.000380572 -0.000613485 -0.00789305 -0.0478939 0.002163 -0.0459457 -0.000494058 -0.000925414 -0.000217506 -0.00162135 -0.0851736 -0.00484595 -0.000465386 -1.7561e-05 -0.000469956 0.0119333 -0.00538954 0.000393287 0.0238414 -0.00695943 -0.00250031 -0.00243078 -0.0310009 2.4723e-05 -0.0065289 -0.000217613 0.0866275 0.132306 0.110223 -0.019126 -0.000644605 0.0777193 0.00245921 -0.0198753 -0.0794618 8.97634e-05 0.0235974 -0.0043985 -0.000141265 -0.074377 -0.0138895 0.0977407 -0.070436 -0.000130804 0.109259 -0.000557576 0.100158 -0.0202913 -4.31476e-05 -8.65844e-05 -0.0162626 -0.0312587 -0.0931846 
0.000491242 -0.000460139 4.72923e-05 -0.00173934 0.000663601 -4.89008e-06 0.00112674 5.02889e-05 1.87556e-05 0.00221666 6.27527e-05 0.00400704 0.000882068 0.00127016 -0.00241765 0.00362664 2.16386e-05 -0.00376332 0.00750918 0.000131071 0.00102189 0.000142477 0.000229003 -0.00523597 0.00200543 2.92076e-06 0.000138436 -3.28812e-05 -0.00374 -1.02874e-05 0.000659487 8.26122e-07 0.000498909 0.000129684 1.7217e-05 -0.000834121 -0.0015596 8.80144e-05 4.12559e-06 -0.0012299 -1.95766e-05 0.000899571 -4.27387e-05 -1.7477e-06 0.000896806 0.000816338 4.22357e-05 9.53637e-05 -3.94808e-06 -8.33216e-05 -0.000126847 8.19089e-05 0.00108281 9.21737e-05 -6.50016e-06 2.36846e-05 3.59894e-05 0.0028044 0.000287259 -0.00100254 4.75525e-06 2.94329e-05 -0.000210908 -0.000157384 -1.94818e-05 -0.000395484 0.000216099 0.000556971 -0.00138228 0.00169987 4.39051e-06 0.00170958 -2.1951e-06 -0.0023287 -0.00394243 -0.00496259 0.00205125 4.20458e-05 -0.0018814 -3.22936e-05 -0.000848578 0.00215104 4.28385e-05 -0.00572885 6.13699e-05 0.000100144 0.00141218 0.0027043 -0.00321329 0.00177142 -0.000695915 -0.00337691 7.85729e-05 -0.00352234 0.00373362 2.48507e-06 1.80322e-05 0.000507434 -0.000268975 0.0021654 
0.00157983 -0.00172264 0.000181272 -0.000567353 1.23498e-05 -1.02206e-05 0.0006958 2.54026e-05 1.75092e-05 -0.00135317 5.95971e-05 -0.00124902 -0.00175131 -0.00252274 0.00270453 -0.000310992 -2.50703e-05 -0.000385345 0.000131071 0.0115605 0.00159958 -0.000402987 -7.40713e-05 -0.00104092 -0.00089915 0.000652313 -4.25291e-05 0.000214792 -0.0019632 9.35552e-05 0.000984733 6.28669e-06 0.000167285 0.00149779 -1.71601e-05 -0.00111063 -0.00208763 -9.04946e-06 -3.30244e-06 0.000729653 -2.95643e-05 -0.00142781 0.00040294 -4.30963e-05 0.000872368 -0.000190864 8.34374e-05 -2.14248e-05 -0.000139703 0.00232562 -0.00117306 8.02745e-05 -0.00109191 4.02011e-06 7.75979e-05 -7.82852e-06 0.000658828 0.00154645 0.000112842 -0.00135836 1.37669e-05 -1.58008e-05 -0.000193138 -2.57539e-06 1.69102e-05 -0.000216255 0.0024561 0.00111924 -0.00135207 -0.000940046 2.25603e-05 -0.000139736 3.65234e-05 -5.32375e-05 0.00235318 -0.00233578 -0.000337812 -1.30478e-05 0.00112923 -0.000242871 -0.00118521 -0.00195407 8.61759e-05 -0.00158055 0.000261439 7.85071e-06 -0.00177989 -9.35474e-06 -0.0017539 0.00144784 -0.00342818 0.000965007 0.000332347 1.98773e-05 -0.000137292 3.05048e-05 -4.16953e-06 -0.000108049 0.000609511 0.000828861 
0.0351903 0.0232663 -0.000540917 -0.0658596 -0.0032882 -9.55053e-05 0.00877775 0.00033265 -5.61215e-05 0.0131897 -3.85537e-05 0.0442453 0.0403664 0.0644694 -0.00891632 0.0697616 -0.000294043 -0.0613337 0.00102189 0.00159958 0.11863 0.00194189 0.00390156 -0.0549725 0.00812639 0.000121031 0.0126238 0.0012824 -0.0659226 -0.000171417 -0.000420962 2.39455e-07 0.00470906 0.00153189 0.000320564 -0.0190698 -0.0323199 -0.000192442 -0.000169447 -0.00477023 0.00110777 -0.0184186 0.00243751 -0.000540016 0.00574366 -0.00421486 0.00122034 -0.000516398 -0.00188655 0.00347012 -0.0125965 0.000491716 0.0126599 6.50479e-05 -0.00019512 0.000120895 0.00190451 0.054565 -0.00134601 0.00777585 9.3673e-06 -0.00018799 -0.00272806 0.00140257 -0.000450413 -0.00764911 0.00609175 0.00106488 -0.0267036 -0.0045915 6.23493e-06 -0.00133108 -6.00799e-05 -0.0633399 -0.0291138 -0.0752914 -0.00348716 -9.58316e-05 -0.0286607 -0.00225247 0.0030284 0.0577853 -0.00102013 0.00177376 -0.00026991 -4.13201e-05 0.0510309 0.00108414 -0.0597514 0.0609926 -0.0418812 -0.0193356 0.000449412 -0.03474 0.000163432 -1.58922e-06 -1.98387e-05 -0.00574813 0.0263195 0.00872461 
-0.0200216 -0.00699068 -0.000298029 -0.0251418 -0.000692437 3.38807e-05 0.00076033 0.000209545 5.52896e-05 -0.00923048 -8.93682e-06 0.0232178 0.0308135 0.0274676 -0.0201585 0.023251 0.000368731 -0.0152905 0.000142477 -0.000402987 0.00194189 0.0411026 0.000153462 -0.00475015 0.0238463 -0.000123648 -0.000923015 0.000186554 -0.0180209 -4.57354e-05 0.000372353 4.08227e-07 -0.00125478 -0.000298199 0.00012919 -0.0036472 -0.00673439 -6.78036e-05 -4.00725e-05 -0.00828621 0.00142575 -0.00377004 -1.47492e-05 -8.41229e-05 0.000115708 -0.000590643 -9.17448e-05 -4.32319e-05 3.64811e-05 -0.000491818 -0.00196618 0.000174376 0.0137331 -4.41671e-05 -8.94951e-06 -1.87353e-05 -0.000140042 -0.00612584 -0.000426259 0.0160746 -1.73798e-06 -4.94931e-05 -0.00120659 -0.000868119 -0.000148281 -0.00200987 -0.000428974 -0.000198782 -0.00607205 0.019053 -8.63093e-06 -0.000613268 -2.39497e-05 -0.027251 -0.0236977 -0.00896501 0.00268939 1.01172e-05 -0.0111073 -0.000696583 -0.00610183 0.029862 -0.000278975 -0.00210293 -0.000390831 -1.54457e-05 0.0289325 0.000670565 -0.0283883 0.0181 0.0202669 -0.0214993 -5.81467e-05 -0.0162195 -0.000125567 -3.92228e-06 0.000104627 -0.00196747 -0.00153578 -0.00702214 
0.00194547 0.00390312 0.000289587 -0.00419345 1.34329e-05 9.45745e-07 0.000884769 8.03723e-05 -2.90583e-06 0.00149437 9.35945e-06 0.00176076 0.00348864 0.00252887 -0.00267521 0.00351072 -1.16786e-05 -0.00258983 0.000229003 -7.40713e-05 0.00390156 0.000153462 0.00643946 -0.00346462 -0.000270097 -1.50026e-05 0.000513883 0.000460292 -0.00296435 1.71687e-06 -7.0671e-05 1.43525e-06 0.000181086 -5.53e-05 0.000107987 -0.000694628 -0.00153854 9.46814e-06 -9.63863e-06 -0.00120593 0.000848475 -0.00101275 -2.11893e-05 4.71119e-05 0.000122785 -0.000107212 -9.56787e-06 -2.74034e-05 -5.95508e-05 -9.57474e-05 -0.000701441 0.000241276 0.0036441 -4.61673e-06 2.7105e-06 -3.97369e-06 -3.77804e-06 0.00136176 -4.54791e-05 0.00054609 -2.64957e-07 -5.00266e-06 -0.000173595 -5.32215e-05 -1.62466e-05 -0.000347591 -3.83593e-05 5.92149e-06 -0.00120572 -0.000310362 3.59744e-06 -8.92121e-05 5.63848e-06 -0.00301046 -0.00238122 -0.00337301 0.000186433 3.61639e-05 -0.00083589 0.000134713 -0.00374235 0.00415167 -1.07234e-05 -0.00016482 0.000314714 8.87147e-07 0.00350565 0.000180383 -0.00360028 0.000648175 -0.00251397 -0.00242969 1.10564e-05 -0.00136102 0.00133275 -7.36151e-07 -3.65157e-06 -0.000219678 -0.000324159 -0.00110197 
-0.0327374 -0.0024224 -0.00204705 0.055613 -0.0158148 -0.000392631 -0.00880566 -0.00125795 -3.97728e-06 -0.0958023 -0.000253091 -0.124762 -0.0637704 -0.0739947 0.0470029 -0.090747 -0.00156966 0.105011 -0.00523597 -0.00104092 -0.0549725 -0.00475015 -0.00346462 0.19633 -0.03676 -0.00230275 -0.00809751 -0.000286683 0.120948 0.000250731 -0.00576095 -1.10104e-05 -0.0173125 -0.00247509 -0.000506261 -0.0146855 0.0381771 -0.00100025 -0.000497132 0.0215937 -0.000336027 -0.0219543 -0.00542825 -0.00143604 -0.00995626 -0.0143233 -0.00225039 0.000786051 -0.000533466 -0.00983458 -0.0105227 -0.000530824 -0.0379468 -0.000604178 -0.000780311 -0.000378619 -0.000731098 -0.088687 -0.00576119 -0.0176226 -1.33264e-05 -0.000632409 0.00698665 0.00428368 0.000674747 0.0136783 -0.00988365 -0.00350769 0.0159891 -0.0370956 1.059e-06 -0.00732583 -0.000405836 0.0649465 0.101639 0.115372 -0.022409 -0.000619609 0.0645294 0.000411963 -0.0117773 -0.0814923 -0.000134146 0.0327915 -0.00643995 -0.00014978 -0.0658448 -0.0140032 0.12067 -0.0456992 0.0151493 0.0846807 -0.000166123 0.107187 -0.0333549 -7.14235e-05 3.06095e-05 -0.0237588 0.00109863 -0.0678893 
-0.0396286 -0.00636707 7.01999e-05 -0.0707909 -0.00242075 0.00010447 -0.000177582 0.000748743 7.70266e-06 -0.011259 1.42169e-05 0.0669321 0.0794618 0.0672108 -0.0538118 0.065259 0.000647418 -0.0326476 0.00200543 -0.00089915 0.00812639 0.0238463 -0.000270097 -0.03676 0.103653 -0.000194434 -0.00172009 -0.000283378 -0.0432203 -0.000134041 0.003493 8.71501e-06 -0.00055075 8.30033e-05 -8.37167e-05 -0.015907 -0.0171303 -0.000123721 -0.000147528 -0.0219276 0.000216652 -0.0181936 -2.22384e-05 0.000616976 0.00553322 0.0039267 0.000778812 -4.40799e-06 -5.91262e-05 -0.00170673 -0.0115073 0.00242897 0.0278694 -8.10823e-05 -0.000151794 0.000172544 -0.000246116 -0.0169149 -0.00133777 0.0553688 7.84624e-06 -0.000149578 -0.00329348 -0.00197576 -0.000400835 -0.00539176 -0.00104647 0.00103387 -0.0212351 0.0467147 -1.59919e-05 -0.00153843 -5.07065e-05 -0.0746463 -0.0596303 -0.0122169 0.014075 0.000278577 -0.0307069 -0.00125452 -0.0250499 0.0791197 -0.000877049 -0.0133514 0.000502471 0.000102486 0.0774189 0.0020603 -0.0738356 0.0536161 0.0383001 -0.0490851 -2.14715e-05 -0.028566 0.00929897 -1.28061e-05 7.93648e-05 -0.00442431 -0.00186774 -0.0238679 
6.27153e-05 -0.000604273 0.000596043 3.53128e-05 0.0015519 1.41611e-05 5.06978e-05 5.27654e-05 4.84316e-06 0.000964958 9.76333e-06 0.00152232 -0.000524826 -0.000664553 -0.00101608 -0.000186376 -4.07438e-06 -0.00156771 2.92076e-06 0.000652313 0.000121031 -0.000123648 -1.50026e-05 -0.00230275 -0.000194434 0.00317371 4.95732e-05 8.28133e-05 -0.00149205 -4.79458e-06 0.000897521 1.05318e-06 0.000733313 0.000562128 -3.90382e-06 0.000578089 -0.000437261 6.10766e-05 -4.3891e-06 2.84267e-06 0.000110362 0.000513078 0.000207906 0.000242402 0.000895231 0.00036083 1.81553e-05 4.12618e-06 -3.72948e-05 0.000508676 8.64607e-05 -2.21009e-05 -0.000150388 8.51788e-05 0.000231055 -1.50616e-06 0.000431819 0.00162599 6.10294e-05 -0.000770561 4.67315e-07 3.90056e-05 -8.98703e-05 -7.07336e-05 4.1862e-05 -0.000177249 0.000953208 0.000927441 -0.000291147 -0.000101314 1.16015e-06 5.82544e-05 4.2577e-05 -0.000305089 -0.00170156 -0.00232653 -1.27882e-05 1.81924e-07 -0.000703741 2.79069e-05 -0.000393594 -0.000541692 -1.22547e-05 -0.00178721 0.000708694 2.65937e-05 -0.000552852 0.000759639 -0.00182904 0.000343508 -0.000849517 -0.00159897 2.84545e-05 -0.00158743 0.00111168 3.61162e-05 -2.6561e-06 0.00132072 -4.14525e-05 0.00151105 
0.00809141 0.000618672 -0.0001397 -0.00849629 -0.000585391 -2.14593e-05 0.00113904 -9.90449e-07 -8.51667e-06 -0.00012346 -7.22741e-06 0.000950483 -0.00137244 0.00834157 0.00304398 0.0116931 -2.93406e-05 -0.0105972 0.000138436 -4.25291e-05 0.0126238 -0.000923015 0.000513883 -0.00809751 -0.00172009 4.95732e-05 0.022953 -8.47804e-05 -0.0111556 -3.33237e-05 -0.000191868 -5.42071e-07 -0.000589165 -0.000162064 0.00011839 -0.00138014 -0.00543813 -3.52126e-05 -1.24387e-05 -0.000920968 0.000898379 0.000439469 -0.000195829 -6.06046e-05 0.0005618 -0.000770792 -3.21946e-05 2.92532e-05 -0.000314806 0.000746233 -0.00197087 -0.000136151 -0.00139516 7.83579e-05 5.6915e-06 1.58615e-05 0.00150207 0.00653806 -0.000120755 -0.00363656 -6.54485e-07 -2.34113e-05 -0.000458148 0.000127537 -5.38847e-05 -0.00128464 0.00202413 6.62052e-05 -0.00411063 -0.00182585 3.16506e-06 -0.000110884 5.4922e-05 -0.00880631 0.00145007 -0.0123035 -0.000933267 1.79539e-05 -0.00366442 -0.000430822 -0.00155163 0.00844182 -0.000125661 -0.000241829 1.17668e-05 1.67692e-05 0.00474434 0.000913812 -0.010604 0.00842428 -0.00876975 0.000816317 -1.08872e-05 -0.000576929 -0.000133554 4.68585e-06 -9.43156e-06 -0.000703687 0.00743355 0.00189517 
0.000772102 0.0014286 0.000492948 -0.00296431 6.45434e-05 -2.52934e-06 -5.57726e-06 0.000222946 9.63425e-07 -0.00183235 1.49257e-05 -0.00107271 0.000343244 0.00116041 -0.00178527 0.000447617 -1.0945e-05 -0.000243862 -3.28812e-05 0.000214792 0.0012824 0.000186554 0.000460292 -0.000286683 -0.000283378 8.28133e-05 -8.47804e-05 0.00496833 -0.00114578 1.22187e-05 0.000353359 9.29349e-06 -0.00013737 0.000387826 1.39944e-06 -0.000666904 -0.0011716 7.81112e-06 -3.75046e-06 -0.000747092 0.000142594 -0.000920757 6.52683e-05 9.61417e-05 0.00049362 7.82926e-06 8.87687e-05 -2.21453e-05 -6.52764e-05 -6.30034e-05 -0.000546846 0.000109894 0.00141106 -3.27542e-06 1.03096e-06 -1.69127e-06 2.73976e-05 -0.000974894 -2.59274e-05 0.00218183 -4.69478e-07 -6.9108e-06 0.00106732 6.01546e-05 8.6492e-05 -0.000209668 1.01535e-05 0.000371288 -0.000971068 -0.000211996 1.3141e-05 -7.19094e-05 2.99796e-05 -0.00160078 -0.000206312 -0.00101789 -0.000114099 2.19795e-05 0.00221872 7.04055e-05 -0.00319916 0.00136274 -1.66571e-05 -0.000326234 0.000532269 8.17192e-07 0.00189987 -0.000117579 -0.00148923 0.00101687 -0.00194841 -0.000514871 6.83653e-05 0.00111015 0.000355764 -3.44902e-07 3.50106e-06 1.54506e-05 0.000340644 -0.00107171 
-0.0230985 0.00984787 -0.0018563 0.111315 -0.0133429 -0.000373594 -0.00714294 -0.0012579 -2.02144e-05 -0.0868819 -0.000173043 -0.135498 -0.0782485 -0.115578 0.0614191 -0.143914 -0.00102018 0.170136 -0.00374 -0.0019632 -0.0659226 -0.0180209 -0.00296435 0.120948 -0.0432203 -0.00149205 -0.0111556 -0.00114578 0.249982 -8.58047e-05 -0.00451571 -1.37014e-05 -0.0122837 -0.0021233 -0.000233763 -0.0281915 0.0456751 -0.000687403 -0.000604936 0.0407181 -0.00170737 -0.0486717 -0.00390303 -0.000816417 -0.00717264 -0.0101587 -0.00155975 0.0007344 0.000118991 -0.00705542 -0.0375505 -0.00111953 -0.0433111 -0.000511558 -0.000834426 -0.000345734 -0.00165512 -0.0927246 -0.00526927 -0.0266024 -1.43038e-05 -0.000504678 0.0106096 -0.00910156 0.00104935 0.0258215 -0.00638739 -0.00262322 0.0142481 -0.0399695 3.09647e-05 -0.00661983 -0.000288645 0.0975062 0.124858 0.119998 -0.0176423 -0.000338604 0.0814586 0.00659778 -0.0116684 -0.0973619 -0.000259973 0.0247257 -0.00487212 -8.65401e-05 -0.104362 -0.0143123 0.115486 -0.0865798 0.00317479 0.109954 -0.000109288 0.111134 -0.0305583 -4.00322e-05 5.36161e-06 -0.0181489 -0.030959 -0.077003 
0.000465418 0.000471642 4.73068e-06 2.47607e-05 -1.97041e-05 -5.67598e-07 -1.53387e-05 -1.73891e-06 4.04201e-06 -0.000505166 -5.19039e-07 -0.000402579 -0.000198453 -0.00021399 0.000417837 -0.000358742 -3.93326e-06 0.000435287 -1.02874e-05 9.35552e-05 -0.000171417 -4.57354e-05 1.71687e-06 0.000250731 -0.000134041 -4.79458e-06 -3.33237e-05 1.22187e-05 -8.58047e-05 0.00150712 -1.69941e-05 -5.90679e-08 -4.38486e-05 4.86471e-05 -2.06629e-06 -0.000205419 -0.000323475 -1.97746e-06 2.2132e-06 -0.000175265 -2.78029e-06 -0.000256002 -1.7718e-05 -4.35681e-06 3.57443e-06 -4.24424e-05 -4.2807e-06 -5.33938e-06 -1.98541e-05 -2.47584e-05 -0.000161191 9.77215e-06 -0.000100561 1.61435e-06 -2.78176e-06 -4.64663e-07 -2.41351e-06 -0.000310109 0.000152428 -7.99113e-05 -1.41917e-07 -6.99123e-07 0.000130434 -1.25944e-05 6.39929e-06 -7.17454e-05 -2.35922e-05 -6.16556e-06 -0.000209283 -0.000113348 2.41105e-07 -2.10422e-05 3.86785e-06 0.000343403 0.000505239 0.000309504 -5.81063e-05 2.07471e-05 0.00093974 8.73159e-06 -0.000863684 -0.000219381 5.99411e-05 5.63482e-05 -8.70598e-06 -3.62667e-07 -0.000229167 -4.21901e-05 0.000348437 -0.000240052 -0.000519986 4.0002e-05 -2.46574e-06 0.000480583 -8.58402e-05 -1.71434e-07 1.51903e-07 -4.67586e-05 -5.64939e-05 -0.000318897 
-0.00642489 -0.00203572 0.00229058 -0.00389803 -0.000291241 0.000160523 7.30582e-05 0.000488776 -2.99273e-07 -0.000588327 0.00015225 0.00344836 0.00116152 -0.000130669 -0.00549012 0.000319217 0.00015196 -0.0048671 0.000659487 0.000984733 -0.000420962 0.000372353 -7.0671e-05 -0.00576095 0.003493 0.000897521 -0.000191868 0.000353359 -0.00451571 -1.69941e-05 0.0117864 1.89887e-05 -0.000375095 0.00247781 3.84241e-05 0.00173835 0.00139298 1.22742e-05 -8.54017e-06 -0.000180363 0.000205719 0.00200035 0.00122835 0.000646215 0.00339326 -0.000185866 0.000616491 0.000115978 0.000386044 0.00120683 0.00149582 0.000121844 0.000858036 -1.03213e-05 0.000541116 5.22369e-06 0.000801362 -0.00100465 -8.19001e-05 -0.00336522 9.45105e-07 3.41077e-06 -0.000285966 -0.000257081 0.000128278 -0.000165956 0.000636822 0.00358336 0.00161669 0.00542431 2.74718e-06 -0.000160299 0.000167968 -0.00219886 -0.00583353 -0.00338108 0.00129172 7.69011e-05 -0.00281732 -0.000277752 -0.00244064 0.00184566 9.32616e-05 -0.00722274 0.00263201 0.000152171 0.0030174 0.00120553 -0.00717207 0.00532145 0.00246955 -0.00576063 0.000238447 -0.00280911 0.00481078 5.04517e-06 -9.18109e-07 -0.000274565 4.79573e-05 0.00010705 
-5.87454e-06 -4.68397e-06 1.71647e-05 -2.39602e-05 -6.52966e-07 2.59557e-06 -2.4484e-07 2.33294e-06 -2.0228e-08 -1.45238e-05 4.22897e-06 -2.63335e-06 -4.95834e-06 -7.93377e-06 -1.04387e-05 -1.18439e-05 -1.01975e-07 -8.96215e-06 8.26122e-07 6.28669e-06 2.39455e-07 4.08227e-07 1.43525e-06 -1.10104e-05 8.71501e-06 1.05318e-06 -5.42071e-07 9.29349e-06 -1.37014e-05 -5.90679e-08 1.89887e-05 3.91318e-05 -1.03733e-06 2.00713e-05 3.21873e-06 -5.6922e-06 -9.31299e-06 1.25233e-07 -5.90005e-08 8.08611e-06 3.26228e-07 -7.29023e-06 5.78776e-06 -1.72875e-07 1.76536e-05 -3.88742e-07 3.10827e-07 8.53296e-07 -5.36926e-07 6.02549e-07 -4.09863e-06 -2.16901e-07 -1.95894e-06 4.80667e-08 1.3501e-06 -2.87552e-08 -1.31423e-07 -7.36241e-06 -3.15345e-07 -4.72073e-06 -3.6794e-09 -5.44227e-08 6.73484e-07 -7.85839e-07 -1.29017e-08 -2.11735e-06 1.28171e-06 1.72847e-05 -7.6225e-06 1.44598e-05 -7.8645e-09 -1.09582e-07 -2.23307e-09 2.2554e-06 -2.78978e-06 -1.5187e-05 -4.98634e-07 5.53442e-07 5.91351e-06 -8.43439e-07 -2.464e-05 -2.96703e-06 1.10785e-06 -2.46625e-05 1.86971e-05 3.25247e-07 1.07755e-05 4.16974e-06 -1.22948e-05 2.01511e-05 -1.45846e-05 -1.35246e-06 7.80517e-07 -5.06726e-06 2.42561e-05 -4.44468e-09 -3.26468e-08 -1.84863e-06 -2.41767e-06 -8.4429e-06 
0.0080732 -0.00199157 -0.000205795 -0.000224792 0.00604332 5.74976e-05 -1.24844e-05 -7.07131e-06 7.28074e-05 0.0179158 -8.382e-06 0.0172866 0.00340344 -0.00253391 -0.0100849 0.0100097 -2.76124e-06 -0.0131633 0.000498909 0.000167285 0.00470906 -0.00125478 0.000181086 -0.0173125 -0.00055075 0.000733313 -0.000589165 -0.00013737 -0.0122837 -4.38486e-05 -0.000375095 -1.03733e-06 0.0311503 -0.000288459 -4.04407e-05 0.00380632 -0.00619474 0.000287511 3.0718e-05 -0.00346533 -0.000112412 0.00560971 0.000491752 -0.000114986 0.000744121 0.000843348 0.000129986 -5.71926e-05 -0.000228787 5.37117e-05 0.0112462 8.0073e-05 -0.000142335 0.000503191 0.000143693 -2.12282e-05 -9.76921e-05 0.0163768 -0.000229183 -0.0025059 -4.84444e-08 1.77164e-05 -0.00085955 -0.000693143 -0.000106725 -0.00180137 0.000103419 -0.000141072 0.0011496 -0.00233754 -6.03503e-06 0.000767477 -7.89168e-06 -0.00645219 -0.0160725 -0.0195489 -0.00071075 -4.02587e-05 -0.00826998 -0.000711671 0.00484877 0.00158345 -0.000195774 -0.00163569 -0.000102959 2.9822e-05 0.000857896 0.00770915 -0.00749841 0.000116 -0.00677863 -0.0117968 -3.67235e-05 -0.0164957 0.00116548 3.71444e-05 -5.28453e-06 0.00263232 -0.00200995 0.0169299 
