0.000491924 0.000214527 -2.16903e-07 1.24379e-06 6.60949e-06 1.95864e-07 1.18769e-05 6.85268e-06 2.47353e-08 0.00018832 1.10279e-06 -4.68543e-08 7.72952e-05 2.73815e-05 2.71556e-07 -1.2851e-09 1.01621e-07 5.51305e-07 -8.15356e-09 -3.04159e-08 -2.1257e-05 -0.000169742 -6.56769e-09 8.00737e-06 -1.31244e-09 2.57994e-07 1.04494e-06 7.24667e-06 -1.95292e-07 -1.1812e-09 5.41507e-07 -1.52364e-07 -0.000211 -1.86392e-06 -0.00040424 4.83769e-05 4.1085e-06 4.91603e-06 -3.65079e-06 -4.46669e-08 -1.28179e-06 -2.59901e-06 -3.73664e-08 -1.29124e-07 -0.000277462 1.10788e-07 -2.88538e-05 -1.4232e-06 -3.7432e-08 -4.37481e-11 0 -4.79716e-06 -2.39849e-08 -7.97474e-08 -3.55727e-08 1.60321e-05 0.000337767 -6.30716e-05 -1.62962e-09 -1.48081e-05 3.46699e-06 -4.3803e-07 -4.68489e-06 1.43426e-05 4.14809e-06 -3.12808e-06 -1.18065e-08 -4.94234e-06 -2.5538e-09 5.99727e-07 1.01285e-05 -2.171e-09 0.000265648 0.00010051 -6.21824e-06 -0.000190241 -5.36462e-09 1.71322e-05 3.12212e-06 -2.26153e-06 5.88312e-08 8.81155e-06 -2.73184e-06 -1.85305e-05 -5.51281e-08 -2.30771e-08 -5.97911e-07 3.15945e-07 4.09171e-05 -1.98507e-09 -1.02874e-07 -1.20538e-06 -0.000185923 -6.01537e-11 6.11735e-06 -6.14069e-05 -0.000241916 -2.14623e-07 -1.02575e-06 7.62549e-07 
0.000214527 0.0247216 1.04325e-05 -1.21397e-07 0.000773459 0.0003081 0.00197179 0.00130385 8.61691e-05 0.00246813 0.000231864 2.34081e-06 0.000538343 0.000212476 7.16233e-05 1.89325e-07 -8.3435e-07 -0.00058832 2.07979e-06 -1.35644e-06 0.000374567 -0.00627282 5.17074e-07 0.00115974 1.76805e-07 2.93079e-06 6.98601e-06 0.00293337 -9.27593e-06 -6.08759e-08 7.08708e-06 -4.36354e-06 -0.0134026 -3.66725e-05 -0.0126301 0.000137521 -3.29012e-05 0.000141981 -3.4248e-05 1.53543e-07 -1.38332e-05 -0.000233519 -1.53688e-06 0.000106466 -0.00467955 6.38927e-07 -4.73097e-05 -6.46061e-05 -3.40259e-07 1.99676e-08 0 -0.000451734 -8.80564e-07 4.79123e-05 3.24445e-06 0.00012318 0.00899278 0.00204276 -8.39863e-08 -0.000671353 0.000877593 -0.000177783 -0.000243333 0.00114914 0.00164672 -3.53202e-05 -5.75144e-07 0.0121621 3.50506e-08 -4.73369e-05 0.00167787 2.02145e-06 0.00703376 0.00298406 0.000889258 -0.00753342 4.013e-07 4.18622e-05 -1.06654e-05 -1.26976e-05 -2.63368e-06 -0.000111401 0.000505154 0.0013515 -6.33816e-08 1.43551e-05 0.000130641 4.08219e-05 -0.000257383 -1.02305e-07 1.35426e-05 -1.95913e-05 -0.00888405 -3.10016e-09 3.64128e-05 -0.00844663 -0.0146254 7.7389e-06 1.97048e-05 3.08778e-06 
-2.16903e-07 1.04325e-05 0.000440517 -1.10026e-07 3.03013e-05 1.56047e-07 5.13136e-07 1.80509e-05 4.20234e-07 -1.49066e-06 1.33397e-05 -4.19557e-08 -3.52544e-07 1.4572e-06 -1.73045e-07 -1.15075e-09 -2.83965e-08 1.39389e-05 -7.30111e-09 -2.72359e-08 8.81921e-06 -7.93011e-06 -5.88104e-09 0.000192676 -1.17523e-09 -7.76631e-09 -9.50957e-09 -1.70971e-06 4.36237e-07 -1.05771e-09 -1.25799e-08 -1.14212e-07 -0.000163527 3.23095e-06 -0.000267585 -2.06239e-05 4.03381e-06 -8.05917e-07 -4.15127e-06 -3.9997e-08 -1.295e-06 8.85928e-06 -3.34598e-08 1.10817e-06 -6.80286e-06 -2.88911e-10 -2.5484e-06 -7.19005e-07 1.53315e-06 -3.91743e-11 0 -9.55218e-06 -2.14773e-08 4.61923e-07 -3.18536e-08 1.73519e-07 -4.74489e-05 -3.3722e-05 -1.45924e-09 -1.40829e-05 -2.40116e-06 9.201e-07 9.68705e-07 7.13395e-06 1.05697e-07 2.33194e-06 1.44983e-07 2.94801e-06 -2.2868e-09 -9.45443e-07 9.94949e-05 -1.94403e-09 7.60518e-07 9.03174e-05 1.21122e-05 -5.12774e-05 -4.80375e-09 2.41061e-07 -1.92309e-07 1.90416e-05 -5.67636e-08 7.75789e-06 3.72079e-05 1.08503e-05 6.17302e-07 -2.06645e-08 9.17571e-06 7.15745e-09 2.83412e-05 -1.77753e-09 -9.21184e-08 -1.22784e-06 -0.000149541 -5.38647e-11 2.25422e-06 -0.000102507 -0.000183397 3.00379e-08 -6.31447e-06 -3.68728e-09 
1.24379e-06 -1.21397e-07 -1.10026e-07 0.000249593 1.73424e-05 3.22076e-06 1.36972e-06 1.96106e-05 3.42719e-06 -2.04623e-07 -1.22781e-08 -2.37672e-08 6.69561e-08 2.36906e-05 1.1057e-06 -6.51878e-10 -1.60861e-08 -4.66808e-07 -4.13596e-09 -4.3176e-09 -0.000100634 -7.07458e-06 -3.33151e-09 4.98182e-05 -6.65748e-10 -4.39949e-09 -5.38701e-09 -6.1163e-07 1.74538e-06 -5.99173e-10 -7.12628e-09 1.50049e-06 -7.94309e-05 3.1799e-05 -0.000194253 -1.51628e-05 -1.69779e-05 -1.3182e-05 1.44471e-06 8.84535e-08 5.9262e-05 -9.5156e-05 3.66012e-08 -6.12211e-07 -8.96894e-05 -1.63663e-10 7.65672e-08 -8.2902e-07 -1.89877e-08 -2.21916e-11 0 6.0706e-06 -1.21665e-08 -4.04525e-08 -1.80445e-08 -1.4718e-07 -4.87322e-05 -0.000175161 -8.26637e-10 4.52432e-06 2.40551e-07 -3.00976e-07 -2.38226e-06 -7.61342e-07 -2.20228e-07 -2.22993e-06 -5.98896e-09 -3.68077e-06 -1.29543e-09 -5.35578e-07 2.26658e-06 -1.10126e-09 7.06516e-05 5.78637e-05 1.71951e-05 -2.33709e-05 -2.72125e-09 4.90928e-05 7.6484e-05 -1.69401e-07 -3.21556e-08 7.24435e-05 1.4946e-06 0.000179377 4.60925e-07 -1.17061e-08 1.50745e-05 -6.51823e-08 0.000103719 -1.00694e-09 2.70039e-07 -1.07828e-06 -9.36419e-05 -3.05135e-11 -3.40644e-07 -9.09713e-05 -6.18719e-05 -1.08869e-07 -3.15347e-06 -2.08878e-09 
6.60949e-06 0.000773459 3.03013e-05 1.73424e-05 0.0661315 -6.41514e-06 0.000185388 0.000476112 -4.34911e-05 -0.000760061 -0.000106177 -3.20883e-05 -1.39861e-06 0.000212741 -4.00474e-05 -1.54742e-06 -1.84561e-06 0.0015079 -1.05377e-06 -3.47755e-06 -0.000698186 -0.00115713 -8.72083e-07 0.00501288 -1.28791e-06 7.69442e-08 -2.99697e-06 -0.00111979 1.26637e-05 -1.40228e-07 -2.45787e-05 -7.16883e-06 0.0213792 3.42616e-05 -0.00510531 -0.0101274 0.00061532 0.000554644 -0.000765432 -6.92699e-06 -0.000126167 -0.00065623 -2.29609e-05 -0.000267799 -0.000301791 4.66763e-08 -4.70586e-05 -0.00252095 -9.73648e-07 -1.58932e-08 0 0.00126826 1.71431e-06 6.94807e-06 -1.5093e-06 1.00865e-05 -0.0333288 -0.00671271 2.35755e-07 -0.00679587 -0.00267247 -0.000832746 -0.00351921 -0.000477778 1.39938e-05 -0.000339279 -2.28085e-06 -0.00160613 -1.63879e-07 -6.75461e-06 0.00041583 -9.97035e-07 0.00148244 0.00239272 0.00142781 0.0138571 -1.2128e-06 0.000174164 0.00022982 -0.000488417 -3.37626e-05 0.000300009 0.000406453 0.00282637 2.09754e-06 -4.12813e-06 -3.04565e-05 -5.32324e-05 -0.00617691 4.27334e-08 -3.82618e-05 -0.00181455 0.00535098 8.70236e-09 3.72508e-05 -0.0252182 -0.0131742 5.90478e-06 0.00012852 -5.59839e-07 
1.95864e-07 0.0003081 1.56047e-07 3.22076e-06 -6.41514e-06 0.00138361 0.000121185 0.000175854 2.05157e-06 1.87132e-06 1.54023e-06 2.0681e-06 1.96943e-06 0.000103717 -8.3779e-07 -3.61778e-09 9.88503e-07 -5.10213e-05 2.1038e-07 1.03263e-07 -0.000146067 -0.000378505 -1.84892e-08 2.4831e-06 2.4075e-07 -2.44162e-08 7.01033e-08 7.46971e-06 3.77244e-06 2.30008e-07 -3.95493e-08 1.12663e-06 -0.000551064 -4.82502e-06 -0.000423975 -4.05034e-05 -3.00853e-06 -1.92473e-05 -2.30519e-06 4.74255e-07 3.64156e-05 -0.000188694 -1.05193e-07 4.50236e-06 -0.000623499 -9.08294e-10 1.28323e-06 -3.80088e-06 3.05734e-07 -1.23159e-10 0 -2.30143e-05 -6.75217e-08 7.46439e-06 1.0443e-06 1.10387e-05 -0.000130724 -0.000137462 -4.58765e-09 9.59709e-06 0.000135751 9.41388e-06 -1.40992e-05 7.05e-05 0.000146101 -7.26939e-06 -3.32374e-08 -2.37321e-06 -7.18938e-09 -2.91678e-06 4.2811e-05 8.27771e-08 0.000471568 0.000263411 5.89762e-07 -0.00026802 1.1849e-06 0.000220051 0.000146106 2.52556e-05 -1.78457e-07 0.000116508 1.19651e-06 0.000105774 1.86703e-06 7.4017e-06 -7.21118e-08 2.16047e-06 8.32515e-05 -5.58832e-09 4.54837e-07 -9.47255e-08 -0.000487465 -1.69343e-10 -1.79388e-07 -3.64756e-05 -0.000495534 5.81802e-06 -1.97517e-06 3.1063e-07 
1.18769e-05 0.00197179 5.13136e-07 1.36972e-06 0.000185388 0.000121185 0.005212 0.000205058 1.14778e-05 6.63882e-05 4.66445e-05 3.24565e-06 2.98421e-05 0.00015164 1.144e-06 -1.36808e-08 -2.26484e-07 -0.000174221 1.45764e-06 -3.23798e-07 -0.000563512 -0.00195977 -6.99176e-08 0.000677986 -1.39719e-08 -9.23309e-08 4.19806e-06 0.000655367 -2.07902e-06 -1.25747e-08 -4.95573e-08 5.42243e-06 -0.00202639 -8.74269e-06 -0.00368121 -0.000206318 -1.63238e-05 -9.32335e-06 -4.16726e-05 1.2449e-07 -3.49574e-06 -1.65422e-05 -2.53347e-07 8.7628e-06 -0.000792667 -3.43475e-09 -3.56198e-06 -9.46509e-06 3.73484e-06 2.17565e-08 0 0.00263177 -1.33114e-07 9.65103e-06 4.54637e-07 1.62778e-05 0.00135543 -0.000587365 -1.73484e-08 -9.87056e-05 0.000561326 -2.61405e-05 0.000253903 0.000239081 0.000266063 8.80958e-05 4.52089e-07 0.00162248 -2.7187e-08 -8.2067e-06 -8.87817e-06 -2.31118e-08 8.0102e-05 -0.000296508 -7.59241e-05 -0.00179412 -5.71101e-08 0.000720405 0.000460312 3.45134e-05 -8.17521e-09 5.79773e-05 -1.21478e-05 -0.000238528 -4.31322e-07 9.74322e-06 -3.22074e-06 1.81543e-05 -8.63151e-05 -2.11325e-08 2.26039e-06 -7.95873e-06 -0.00157873 -6.40378e-10 1.84288e-05 -0.00195706 -0.00154982 1.90485e-05 4.07349e-06 5.61632e-08 
6.85268e-06 0.00130385 1.80509e-05 1.96106e-05 0.000476112 0.000175854 0.000205058 0.00746701 2.46342e-05 0.000226004 1.23295e-05 2.94863e-07 7.15038e-05 5.45462e-05 1.93792e-06 -1.9645e-08 7.70784e-07 -0.000247266 2.10869e-06 9.35041e-07 -5.52395e-05 -0.00220031 7.55157e-07 -0.00051978 2.24381e-07 -1.10361e-07 1.09321e-06 0.000188169 1.41463e-06 -1.80567e-08 -2.14757e-07 -1.2847e-06 -0.00134001 6.90513e-05 -0.00210007 -3.66162e-05 -8.89764e-05 -0.000230478 -3.71955e-05 1.79497e-06 -5.66964e-06 -8.88989e-05 5.10129e-08 -1.33385e-05 -0.00107237 -4.93215e-09 -2.63144e-05 -2.09833e-05 1.16112e-06 -6.68765e-10 0 0.000147236 -1.77762e-07 3.61426e-06 1.00065e-06 4.34312e-05 -0.000896099 -0.000309742 -2.49115e-08 0.000136093 4.04196e-05 -4.92358e-05 -3.32769e-05 0.000147061 3.7367e-05 -6.00821e-05 -1.80483e-07 -4.27538e-05 -3.90392e-08 -1.36957e-05 4.56689e-06 -3.31875e-08 0.000674479 0.00122498 0.000176205 0.00158646 3.51326e-07 0.000123457 0.000148801 -2.67047e-05 2.83096e-06 0.000157759 0.00032341 0.000428369 2.46017e-05 4.73612e-06 8.57821e-05 3.42456e-06 0.000102643 -3.03452e-08 3.82954e-07 -8.96117e-06 -0.00117563 -9.19552e-10 1.90677e-05 -0.00207042 -0.00321588 8.88579e-06 -5.01e-07 3.70525e-08 
2.47353e-08 8.61691e-05 4.20234e-07 3.42719e-06 -4.34911e-05 2.05157e-06 1.14778e-05 2.46342e-05 0.00206759 8.79764e-05 2.21495e-06 2.0472e-06 8.80871e-05 0.00010464 -6.80322e-07 1.05701e-07 -1.33498e-07 -7.83047e-05 -3.43241e-08 7.1958e-08 -0.000314775 -0.000540485 -2.76481e-08 -5.10462e-05 -5.52501e-09 -3.65111e-08 -4.47065e-08 -1.12248e-05 -2.44343e-07 -4.97251e-09 -5.91406e-08 -3.41407e-07 -0.000110381 -4.36877e-06 -0.000231387 7.94345e-05 -0.000555647 -8.3311e-05 0.000293684 -1.88034e-07 6.66475e-06 -0.000431439 1.17603e-06 -5.02515e-06 -8.03111e-05 -1.35823e-09 -4.1937e-05 7.67556e-06 1.97978e-07 -1.84167e-10 0 0.000169622 -1.0097e-07 -1.91269e-07 -1.49751e-07 2.96745e-06 -0.000371421 -0.00015933 -6.86022e-09 0.000140561 -7.66412e-06 -2.33727e-06 -1.90061e-05 -0.00097363 -3.75709e-06 -4.13351e-07 -4.9702e-08 -6.54797e-05 -1.07507e-08 0.000305789 -6.79882e-06 -9.13928e-09 6.18922e-05 -9.00524e-05 1.44813e-05 0.000778857 -2.25835e-08 1.17101e-05 5.14604e-05 -1.58704e-06 -2.66858e-07 -8.39477e-06 3.5958e-05 -7.46089e-05 -2.32073e-07 -4.15925e-08 1.25941e-05 3.85906e-06 -4.75895e-05 -8.35657e-09 2.24871e-08 -1.12227e-05 0.000822661 -2.5323e-10 -2.66032e-06 -0.000659298 -0.000167088 -9.035e-07 -2.29141e-05 -1.73347e-08 
0.00018832 0.00246813 -1.49066e-06 -2.04623e-07 -0.000760061 1.87132e-06 6.63882e-05 0.000226004 8.79764e-05 0.00559459 9.88952e-06 1.7866e-06 0.000451899 0.000517273 2.04724e-05 2.85309e-07 -3.62518e-07 -0.00016317 5.95681e-07 -2.2548e-07 6.17892e-05 -0.00144646 -7.50791e-08 -0.000585961 -1.50033e-08 2.6752e-07 1.23415e-06 0.00101042 2.02306e-06 -1.3503e-08 1.85051e-06 -1.74176e-06 -0.00228174 -1.42964e-05 -0.00377915 0.000940305 -1.56107e-05 3.17671e-05 -2.84666e-05 1.07828e-06 3.9722e-06 -0.000240104 -4.27157e-07 3.24921e-05 -0.00272807 5.96312e-07 -0.00020843 1.19061e-05 -4.27907e-07 -5.00111e-10 0 -0.00025336 -2.51963e-07 6.42169e-06 -4.06652e-07 6.67498e-05 0.00401472 -4.56383e-06 -1.86291e-08 -0.000122557 9.22688e-06 -2.85662e-05 -6.93096e-05 8.74972e-05 0.000385956 -2.49748e-05 -1.34967e-07 0.000853099 -2.9194e-08 4.30798e-06 -2.65881e-05 2.24185e-06 0.00250503 0.000807636 7.87548e-05 -0.00190242 1.05341e-07 2.19518e-05 1.63715e-05 -2.49195e-05 8.7534e-07 2.61686e-05 -3.16844e-05 -0.000193458 1.00313e-06 3.89175e-06 -2.74619e-06 2.80866e-05 0.000420742 -2.26925e-08 1.47955e-06 6.98048e-05 -0.00204828 -6.87652e-10 6.18991e-06 -0.00139358 -0.00278011 3.4652e-07 5.66764e-06 4.97515e-06 
1.10279e-06 0.000231864 1.33397e-05 -1.22781e-08 -0.000106177 1.54023e-06 4.66445e-05 1.23295e-05 2.21495e-06 9.88952e-06 0.000716253 9.31764e-07 2.95996e-06 4.3123e-06 4.09341e-06 -1.87156e-09 -4.61837e-08 2.1556e-05 -1.18744e-08 5.66815e-07 -7.9065e-06 -6.72256e-05 -9.56485e-09 0.000277526 -1.91138e-09 -1.2631e-08 1.04009e-06 0.000138813 -2.17746e-07 -1.72024e-09 2.68429e-07 -1.66339e-07 -0.000277952 -1.59229e-06 -0.000340832 1.21539e-05 -5.34472e-06 -8.90871e-06 -5.65743e-06 3.46061e-07 -2.45673e-06 7.82292e-06 -5.44185e-08 5.409e-06 -4.81756e-05 -4.6988e-10 5.31663e-07 -1.65791e-06 3.43748e-08 -6.37126e-11 0 5.32928e-05 -3.49304e-08 1.37275e-06 3.25971e-07 -3.3562e-10 0.000115305 2.62992e-05 -2.37329e-09 -2.29361e-05 2.9529e-06 3.08684e-05 -4.62667e-06 1.78515e-05 2.14379e-05 1.85372e-06 1.2725e-07 0.000154069 -3.71922e-09 -1.53766e-06 1.39402e-05 -3.16174e-09 1.97722e-05 1.27904e-05 1.01039e-05 -0.000273134 -7.81276e-09 1.72158e-06 -2.09301e-06 6.63976e-06 -9.23195e-08 8.36404e-06 1.05783e-05 1.86724e-05 -8.02858e-08 1.08361e-08 6.29232e-07 5.46194e-07 3.67594e-05 -2.89096e-09 2.72796e-06 2.79114e-07 -0.000247362 -8.76048e-11 -1.89107e-07 -0.000254679 -0.000401026 3.98545e-07 -9.95083e-07 -5.99695e-09 
-4.68543e-08 2.34081e-06 -4.19557e-08 -2.37672e-08 -3.20883e-05 2.0681e-06 3.24565e-06 2.94863e-07 2.0472e-06 1.7866e-06 9.31764e-07 9.51909e-05 3.6829e-07 5.9597e-07 1.94174e-07 -2.48578e-10 1.13831e-06 -4.22431e-07 9.42867e-07 -5.88336e-09 -2.72075e-05 -5.6067e-05 9.84072e-09 -7.21692e-06 -2.53867e-10 -1.67764e-09 -2.0542e-09 2.19759e-06 1.18445e-06 -2.2848e-10 8.61715e-08 7.05282e-08 -1.32406e-05 1.95017e-07 -5.31762e-06 -1.45953e-06 -1.2014e-05 -1.71932e-05 4.00553e-05 -8.63993e-09 8.76719e-06 -2.91166e-05 -7.2278e-09 -2.33452e-07 -8.29342e-06 -6.24089e-11 -2.05169e-06 -3.16126e-07 -7.24049e-09 -8.46222e-12 0 3.81452e-05 3.84249e-07 1.29019e-07 -6.88084e-09 -5.61236e-08 8.35082e-06 4.64465e-06 -3.15218e-10 3.70147e-05 -5.52288e-07 1.47407e-06 -9.42574e-07 -5.84031e-05 1.08619e-06 6.36221e-06 1.53272e-07 -1.37092e-06 -4.93982e-10 4.44022e-06 1.10945e-07 -4.19938e-10 -1.82401e-06 -2.87472e-06 -2.17814e-06 3.40031e-05 -1.03768e-09 3.08581e-07 5.4411e-06 -4.37448e-07 -1.22618e-08 1.26058e-05 -6.07942e-07 -1.59815e-06 -1.06635e-08 -4.46382e-09 4.56212e-06 2.307e-07 -1.89478e-06 -3.83973e-10 4.91212e-07 -5.34049e-07 -7.60642e-06 -1.16356e-11 -1.29896e-07 -3.45039e-05 6.73709e-06 -4.15146e-08 -2.5753e-06 1.6587e-07 
7.72952e-05 0.000538343 -3.52544e-07 6.69561e-08 -1.39861e-06 1.96943e-06 2.98421e-05 7.15038e-05 8.80871e-05 0.000451899 2.95996e-06 3.6829e-07 0.000799305 0.000101965 4.57311e-06 1.09022e-07 -5.15431e-08 -2.53794e-05 -1.32524e-08 -4.94366e-08 -1.24003e-05 -0.000534749 -1.06748e-08 -2.66681e-05 -2.13319e-09 2.63681e-07 1.38295e-07 9.40247e-05 8.71471e-07 -1.91987e-09 1.10499e-07 -1.25423e-07 -0.000394262 -1.56286e-06 -0.000614491 7.34986e-05 -7.7197e-05 -2.32179e-05 4.19505e-05 4.71845e-07 4.46789e-05 -0.000168337 5.83711e-07 4.8828e-06 -0.000564062 5.99476e-07 -3.6254e-05 -1.8119e-06 -6.08402e-08 -7.11062e-11 0 -4.90993e-05 -3.8984e-08 2.81493e-07 -5.78182e-08 2.37395e-05 0.000306655 3.70405e-06 -2.6487e-09 1.16551e-05 1.16815e-05 -3.40197e-06 -9.76098e-06 -0.000126456 5.59165e-05 6.86641e-06 6.47477e-07 0.000160908 -4.15082e-09 8.31724e-06 -3.84105e-06 -3.52864e-09 0.00057239 5.52445e-05 7.45513e-06 -0.000165673 -8.71939e-09 2.03378e-05 3.56241e-05 1.57553e-07 5.25227e-08 2.83568e-05 3.58049e-06 7.46308e-06 -8.96027e-08 1.64027e-06 6.29485e-06 5.78003e-06 3.28186e-06 -3.22644e-09 5.77238e-07 1.36125e-05 -0.000268712 -9.7771e-11 -1.09149e-06 -0.000293076 -0.000379807 -2.82171e-07 8.61122e-07 4.2664e-07 
2.73815e-05 0.000212476 1.4572e-06 2.36906e-05 0.000212741 0.000103717 0.00015164 5.45462e-05 0.00010464 0.000517273 4.3123e-06 5.9597e-07 0.000101965 0.00468867 1.29592e-06 3.21438e-08 -5.90924e-08 0.000377092 1.15529e-06 3.11998e-06 -0.000826665 0.000159628 3.03803e-07 0.00252638 -1.25623e-08 -8.30159e-08 -1.0165e-07 -1.13034e-05 2.51962e-06 -1.13061e-08 -1.34469e-07 1.66305e-05 -0.00163349 -1.36519e-05 -0.00368184 0.000140418 -0.00017124 -0.000273069 -3.36493e-05 4.42802e-06 0.000366982 -0.00138582 5.74234e-06 -9.89654e-06 -0.00319577 -3.08823e-09 -2.89325e-05 -8.36539e-06 -2.69399e-07 -4.18744e-10 0 0.000300928 1.51487e-06 2.97811e-05 9.92842e-07 0.000110412 -1.88833e-05 -0.00233731 1.97329e-06 0.000762135 9.20397e-06 0.0001022 -4.20046e-05 9.24494e-05 0.000117038 5.90457e-05 5.98103e-07 -0.000225599 -2.44442e-08 -8.1394e-06 2.15305e-05 2.56998e-07 0.00272379 0.00214134 0.00204627 -0.00104846 9.15318e-07 0.000766197 0.000862041 -8.41331e-06 -6.0676e-07 0.000215876 2.205e-05 -0.000197392 4.72331e-07 3.83467e-06 1.65476e-06 1.28812e-05 0.000193098 -1.90005e-08 -2.51342e-07 6.86399e-05 -0.0017379 -5.75773e-10 1.05611e-05 -0.00170578 -0.00189143 3.20125e-06 2.66003e-06 2.0503e-07 
2.71556e-07 7.16233e-05 -1.73045e-07 1.1057e-06 -4.00474e-05 -8.3779e-07 1.144e-06 1.93792e-06 -6.80322e-07 2.04724e-05 4.09341e-06 1.94174e-07 4.57311e-06 1.29592e-06 0.000644351 -1.68356e-09 -4.15445e-08 -8.33841e-06 -1.06816e-08 1.49042e-07 2.66765e-06 -2.92453e-05 -8.60405e-09 -9.17727e-05 -1.71938e-09 -1.13622e-08 -2.80152e-09 -6.94605e-07 -2.55843e-07 -1.54744e-09 -1.84045e-08 -1.99605e-07 -0.000191363 -2.43073e-06 -0.000245254 2.15927e-06 -4.19559e-06 -1.52146e-05 5.01522e-07 9.70394e-08 8.97962e-07 -1.90479e-05 -4.89521e-08 -2.03333e-07 -6.29968e-05 -4.2268e-10 -1.07182e-06 -1.44105e-06 -4.90381e-08 -5.73126e-11 0 -4.20847e-05 -3.14216e-08 -1.04474e-07 -4.66023e-08 1.90878e-06 0.000271604 1.71639e-05 -2.13489e-09 -1.54885e-06 -9.62736e-07 -3.85492e-06 6.35455e-06 1.20081e-05 -8.4153e-07 1.68996e-05 -1.54672e-08 8.37847e-05 -3.34562e-09 -7.72085e-07 -4.59155e-06 -2.84414e-09 7.50639e-05 0.000194164 5.0799e-05 -0.000224236 -7.02796e-09 3.57831e-06 -9.26709e-07 9.92824e-07 2.39176e-07 7.65066e-06 -1.61889e-07 7.36593e-06 3.93889e-06 -3.02324e-08 1.02611e-05 -1.68341e-07 5.65474e-05 -2.60056e-09 -1.34771e-07 -2.73921e-06 -0.000198031 -7.88048e-11 1.46469e-06 -0.000182844 -0.000195626 2.0772e-07 -4.09481e-06 -5.39455e-09 
-1.2851e-09 1.89325e-07 -1.15075e-09 -6.51878e-10 -1.54742e-06 -3.61778e-09 -1.36808e-08 -1.9645e-08 1.05701e-07 2.85309e-07 -1.87156e-09 -2.48578e-10 1.09022e-07 3.21438e-08 -1.68356e-09 2.6111e-06 -1.68243e-10 -1.08193e-07 -4.32574e-11 -1.61367e-10 5.25151e-08 -1.00914e-06 -3.48438e-11 -4.31992e-07 -6.96296e-12 -4.60136e-11 -5.6342e-11 2.15896e-07 -1.03609e-09 -6.26667e-12 -7.45327e-11 -8.08342e-10 -1.38753e-06 -9.88871e-09 -3.97634e-07 4.77027e-07 2.99377e-09 -4.39053e-07 -2.59119e-08 -2.36973e-10 -1.00425e-08 -4.95364e-07 -1.98241e-10 -6.40302e-09 -1.18006e-07 -1.71173e-12 2.54395e-09 1.258e-06 -1.9859e-10 -2.32099e-13 0 2.37258e-07 -1.27248e-10 -4.23087e-10 -1.88725e-10 -1.53934e-09 1.96257e-06 -3.36055e-07 -8.64568e-12 -1.0108e-07 -1.5148e-08 -1.9301e-08 1.18906e-06 2.74663e-08 -7.9976e-09 -2.78546e-08 -6.26377e-11 3.86699e-08 -1.35488e-11 -5.60153e-09 -1.85944e-08 -1.15179e-11 5.84442e-07 -1.42309e-07 -6.18745e-08 -7.57311e-07 -2.84611e-11 -8.9072e-09 -1.16723e-08 -1.19982e-08 -3.36311e-10 -3.33624e-08 -1.66744e-08 -1.23069e-07 -2.92473e-10 -1.22432e-10 -3.17212e-09 -6.81732e-10 4.47537e-07 -1.05315e-11 -5.4578e-10 -1.46477e-08 -1.0089e-06 -3.19136e-13 -3.56275e-09 2.04269e-07 -4.45292e-07 -1.13865e-09 -8.19411e-07 -2.18463e-11 
1.01621e-07 -8.3435e-07 -2.83965e-08 -1.60861e-08 -1.84561e-06 9.88503e-07 -2.26484e-07 7.70784e-07 -1.33498e-07 -3.62518e-07 -4.61837e-08 1.13831e-06 -5.15431e-08 -5.90924e-08 -4.15445e-08 -1.68243e-10 6.44292e-05 -2.33649e-06 -1.06745e-09 -3.98198e-09 -9.26329e-07 -6.539e-06 -8.59827e-10 -1.58232e-06 -1.71822e-10 -1.13546e-09 -1.39033e-09 -3.96949e-07 -2.55671e-08 -1.5464e-10 4.26052e-08 -1.99471e-08 -1.28996e-05 1.86709e-06 -3.98375e-06 -3.85352e-06 6.22245e-07 -1.96075e-05 5.3836e-07 -5.84768e-09 -2.47815e-07 -1.61468e-06 -4.89192e-09 -5.80049e-08 -3.90641e-06 -4.22396e-11 -3.48335e-07 -2.13961e-07 -4.90051e-09 -5.72741e-12 0 -1.23096e-06 4.13044e-08 -1.04403e-08 1.84232e-07 -3.79856e-08 1.2423e-05 1.90608e-06 -2.13346e-10 -4.27652e-07 1.34842e-06 -1.31838e-07 -4.51773e-07 -3.53594e-06 -1.97354e-07 -6.76247e-07 -1.54568e-09 -2.13663e-06 -3.34337e-10 1.72884e-07 3.63376e-07 -2.84223e-10 -2.6493e-06 4.32097e-06 9.28703e-07 8.38233e-07 -7.02323e-10 -2.19799e-07 -2.88033e-07 3.7817e-06 -8.29901e-09 -4.67714e-07 -4.11468e-07 1.17419e-06 -7.21725e-09 -3.02121e-09 3.32834e-07 -1.68228e-08 3.21616e-06 -2.59881e-10 -1.3468e-08 -3.61455e-07 -2.36185e-05 -7.87519e-12 1.08986e-06 3.03399e-05 -2.82881e-05 -2.80979e-08 -5.50842e-06 -5.39092e-10 
5.51305e-07 -0.00058832 1.39389e-05 -4.66808e-07 0.0015079 -5.10213e-05 -0.000174221 -0.000247266 -7.83047e-05 -0.00016317 2.1556e-05 -4.22431e-07 -2.53794e-05 0.000377092 -8.33841e-06 -1.08193e-07 -2.33649e-06 0.0397185 2.57997e-07 2.18373e-06 -0.00274488 -0.000305519 1.91373e-06 0.00719138 -8.82723e-08 3.91426e-06 -8.4964e-07 -0.000103226 -1.51971e-05 -9.9445e-08 -1.18275e-06 -1.80527e-06 0.003068 -0.000105845 -0.0107325 -0.00208856 -0.000412261 -0.000282332 -0.00024296 5.50617e-06 -0.000125875 -0.00230707 1.65652e-05 4.32356e-05 -0.00195168 -2.71632e-08 -3.36748e-05 -0.000109793 -1.70695e-06 -3.68315e-09 0 -0.00169569 -2.01929e-06 1.54527e-05 2.19403e-06 -1.99053e-05 -0.00455654 -0.00858071 -1.37197e-07 -0.000777311 -0.000212426 -0.000250363 -0.000375995 -0.00237722 4.55981e-05 0.00154219 -6.05101e-07 0.00400708 4.84996e-07 0.000128054 -3.98723e-05 3.61668e-07 -0.00174598 0.0017913 0.00258228 -0.00492208 1.57058e-06 0.000263986 1.70957e-05 0.000135725 -4.87022e-06 -0.000239413 0.000380251 -0.0014407 1.18099e-06 1.90158e-06 -4.39714e-05 -9.26278e-06 0.00159118 1.03288e-06 -1.46093e-06 -4.60204e-05 -0.00272135 -5.06433e-09 0.000259152 -0.00797122 -0.00370491 -4.13574e-06 -9.06846e-05 7.53324e-07 
-8.15356e-09 2.07979e-06 -7.30111e-09 -4.13596e-09 -1.05377e-06 2.1038e-07 1.45764e-06 2.10869e-06 -3.43241e-08 5.95681e-07 -1.18744e-08 9.42867e-07 -1.32524e-08 1.15529e-06 -1.06816e-08 -4.32574e-11 -1.06745e-09 2.57997e-07 1.65664e-05 -1.02382e-09 -5.98903e-06 -3.19334e-07 -2.21073e-10 -6.74187e-07 -4.41778e-11 -2.91941e-10 -3.57472e-10 6.78258e-07 9.60093e-07 -3.976e-11 -4.72886e-10 5.05982e-07 -6.95628e-06 -6.27407e-08 -4.70456e-06 1.22668e-06 -2.71779e-06 -5.02577e-07 2.65782e-06 -1.50352e-09 1.64739e-06 -7.86255e-06 -1.25778e-09 -4.06251e-08 -6.19472e-06 -1.08604e-11 1.61405e-08 -5.50122e-08 -1.25999e-09 -1.47259e-12 0 1.25979e-06 -8.07349e-10 -2.68435e-09 -1.1974e-09 7.23567e-07 -3.61934e-07 -1.89547e-06 -5.48541e-11 1.24757e-06 2.9278e-07 2.33097e-07 -2.10432e-07 -2.65215e-07 6.03689e-08 3.43823e-08 -3.97416e-10 2.50975e-06 -8.59626e-11 -3.55399e-08 -7.3531e-08 -7.30774e-11 2.05037e-06 9.63005e-07 -3.92574e-07 -5.89412e-06 -1.80577e-10 2.69904e-06 3.22594e-06 -7.61246e-08 -2.13379e-09 4.13277e-06 6.2754e-07 4.85834e-07 -1.85565e-09 -7.76793e-10 1.35429e-07 -4.32537e-09 1.26676e-06 -6.68189e-11 -3.4628e-09 -9.2935e-08 -3.22339e-06 -2.02481e-12 -2.26045e-08 -3.90648e-06 -1.49327e-06 1.59442e-07 1.78336e-08 -1.38608e-10 
-3.04159e-08 -1.35644e-06 -2.72359e-08 -4.3176e-09 -3.47755e-06 1.03263e-07 -3.23798e-07 9.35041e-07 7.1958e-08 -2.2548e-07 5.66815e-07 -5.88336e-09 -4.94366e-08 3.11998e-06 1.49042e-07 -1.61367e-10 -3.98198e-09 2.18373e-06 -1.02382e-09 6.17962e-05 -3.84596e-06 -1.04212e-06 -8.24687e-10 9.58668e-06 -1.648e-10 -1.08905e-09 -1.33351e-09 -3.4603e-07 -2.45222e-08 -1.4832e-10 -1.76405e-09 2.36424e-07 6.18939e-06 6.59531e-08 -2.35881e-05 -3.42912e-06 -2.79207e-06 -5.43532e-06 -6.13285e-07 -5.60869e-09 3.51787e-06 -4.74205e-06 -4.69199e-09 -1.51547e-07 -1.09001e-05 -4.05133e-11 -1.19535e-06 1.94783e-07 -4.70023e-09 -5.49333e-12 0 -2.64442e-06 -3.01172e-09 -1.00137e-08 -4.46677e-09 -3.64332e-08 3.31849e-07 -1.50381e-05 -2.04627e-10 4.07429e-06 -3.58523e-07 -2.01262e-07 1.26121e-07 -1.92757e-05 -1.89288e-07 -4.59266e-07 -1.48251e-09 -7.96152e-07 -3.20673e-10 7.85336e-08 2.48213e-06 -2.72607e-10 4.31292e-06 1.33762e-05 3.73555e-06 3.70502e-06 -6.7362e-10 4.31141e-06 5.39041e-06 -2.61752e-07 -7.95984e-09 4.97704e-06 1.10535e-06 -1.72392e-06 -6.92229e-09 -2.89773e-09 -7.50781e-08 -1.61353e-08 -2.01953e-06 -2.4926e-10 -1.29176e-08 1.61998e-06 -8.08993e-06 -7.55333e-12 -8.43234e-08 -1.2067e-05 -1.1363e-05 -2.69496e-08 6.65263e-08 -5.1706e-10 
-2.1257e-05 0.000374567 8.81921e-06 -0.000100634 -0.000698186 -0.000146067 -0.000563512 -5.52395e-05 -0.000314775 6.17892e-05 -7.9065e-06 -2.72075e-05 -1.24003e-05 -0.000826665 2.66765e-06 5.25151e-08 -9.26329e-07 -0.00274488 -5.98903e-06 -3.84596e-06 0.0197077 -0.000665184 -2.20503e-07 3.17552e-05 -7.13034e-07 -1.13447e-06 -3.15491e-06 8.19967e-05 -3.29862e-05 -7.07286e-07 2.29646e-07 -1.73071e-05 -0.000672864 -4.15764e-05 0.00188699 0.000954894 0.00101905 -4.0941e-05 -0.000227502 -5.87471e-06 -0.000919147 0.00326625 -1.71508e-05 2.52417e-05 0.00262955 1.31846e-08 -5.58372e-06 -2.15145e-05 -1.70359e-07 1.78775e-09 0 -0.000917073 -3.21987e-06 -3.73856e-05 4.09217e-07 -0.000118143 0.00155877 0.00114857 -1.9223e-06 -0.00231614 8.88865e-06 -0.000155223 0.000126356 0.00124634 -8.47649e-05 -0.000797093 -3.71753e-06 1.29386e-06 -1.9564e-07 -0.000663876 -9.98423e-07 -1.33505e-07 -8.07267e-05 3.82073e-05 -3.14098e-05 0.00206019 -5.96967e-06 -0.00233877 -0.00193339 3.51718e-05 -4.43178e-06 -0.00285583 -0.000235832 -0.00105458 -2.68917e-05 -2.16807e-06 -4.98111e-05 -3.8045e-06 -0.000942527 -9.66588e-08 -1.7885e-05 -0.000521287 -0.00567892 2.45815e-09 -0.000118969 -0.00171431 -0.00541418 -8.55176e-06 6.83942e-05 -6.53951e-07 
-0.000169742 -0.00627282 -7.93011e-06 -7.07458e-06 -0.00115713 -0.000378505 -0.00195977 -0.00220031 -0.000540485 -0.00144646 -6.72256e-05 -5.6067e-05 -0.000534749 0.000159628 -2.92453e-05 -1.00914e-06 -6.539e-06 -0.000305519 -3.19334e-07 -1.04212e-06 -0.000665184 0.0491325 3.59205e-08 0.00802627 -4.17375e-07 -8.97971e-07 -7.10412e-06 -0.0015455 1.45167e-05 1.24362e-07 -1.08765e-05 -1.02891e-07 0.00640009 -0.000932514 0.00184214 -0.00198295 0.000577544 -0.000376064 -0.00378284 -5.28275e-08 0.000121427 -0.000167532 -3.43676e-07 -1.52319e-05 0.0010497 -5.66031e-07 5.81042e-05 -0.000239799 -6.90343e-06 -1.76162e-08 0 -0.00462694 6.14129e-07 -1.42038e-05 -1.28808e-06 -0.000102519 0.000259797 -0.00367897 1.71574e-07 -0.00351647 -0.00161953 0.000112562 0.000198325 0.00439916 -0.000540565 -0.000111902 -1.64584e-06 -0.00288014 -9.20014e-07 -0.000178626 7.1628e-05 -7.60316e-07 0.000978277 0.000131601 0.0007747 -0.0181813 9.81443e-08 8.56745e-05 0.000137726 3.16927e-05 2.2741e-06 0.000116699 0.000161359 -0.00389606 -4.9292e-06 -8.97033e-06 -0.000552571 -4.95266e-05 0.000297613 2.08997e-07 -1.78245e-05 -2.87164e-05 -0.0144552 6.33325e-09 -2.2064e-05 0.00544963 -0.00125315 -1.64702e-05 4.98418e-05 -3.57757e-06 
-6.56769e-09 5.17074e-07 -5.88104e-09 -3.33151e-09 -8.72083e-07 -1.84892e-08 -6.99176e-08 7.55157e-07 -2.76481e-08 -7.50791e-08 -9.56485e-09 9.84072e-09 -1.06748e-08 3.03803e-07 -8.60405e-09 -3.48438e-11 -8.59827e-10 1.91373e-06 -2.21073e-10 -8.24687e-10 -2.20503e-07 3.59205e-08 1.33443e-05 8.53669e-06 -3.55852e-11 -2.35159e-10 -2.87943e-10 3.55331e-07 -5.29508e-09 -3.20267e-11 -3.8091e-10 -4.13114e-09 4.87904e-07 -5.05376e-08 -1.0151e-05 -8.5561e-07 -2.4378e-06 1.30013e-07 -5.46486e-08 -1.21108e-09 -4.02125e-08 -1.21461e-06 -1.01314e-09 6.78388e-07 3.62256e-07 -8.74802e-12 1.30012e-08 -4.43123e-08 -1.01492e-09 -1.18617e-12 0 1.93249e-06 -6.50319e-10 -2.16224e-09 -9.64507e-10 -7.86699e-09 -1.42685e-06 -3.17084e-06 -4.41849e-11 -4.27696e-07 -7.74157e-08 -7.64181e-08 -1.69503e-07 -1.74734e-06 9.24605e-08 -1.31244e-07 -3.20118e-10 3.03106e-06 -6.92428e-11 -2.86274e-08 -9.50292e-08 -5.88638e-11 -6.06554e-07 -1.068e-06 -3.16218e-07 4.39032e-06 -1.45454e-10 1.43367e-07 1.07014e-07 9.42372e-08 -1.71876e-09 1.1295e-06 4.25894e-07 -6.2896e-07 -1.49473e-09 -6.25706e-10 -1.62116e-08 4.4096e-07 -2.16253e-07 -5.38226e-11 -2.78929e-09 -7.48591e-08 -2.3117e-06 -1.63099e-12 4.26237e-07 -3.2666e-06 -7.59743e-06 -5.81922e-09 1.4365e-08 -1.11649e-10 
8.00737e-06 0.00115974 0.000192676 4.98182e-05 0.00501288 2.4831e-06 0.000677986 -0.00051978 -5.10462e-05 -0.000585961 0.000277526 -7.21692e-06 -2.66681e-05 0.00252638 -9.17727e-05 -4.31992e-07 -1.58232e-06 0.00719138 -6.74187e-07 9.58668e-06 3.17552e-05 0.00802627 8.53669e-06 0.138072 1.00326e-06 5.48451e-06 -2.9588e-06 0.000549597 -3.97481e-05 -3.97065e-07 -4.45584e-06 5.12711e-05 0.00694085 -1.78576e-06 -0.0354168 -0.00377977 -0.00161935 -0.00306382 -0.00149225 1.05184e-05 8.44585e-05 0.00233889 1.93058e-05 5.36282e-05 -0.00864379 -5.29021e-08 -0.000142356 -0.000180049 9.51707e-06 -1.47061e-08 0 0.0143907 4.52626e-06 9.67148e-05 2.16532e-05 0.000136443 -0.0225983 -0.0111676 -5.25581e-07 0.00482394 -0.000907141 -0.000744817 -0.000749453 -0.00276578 5.30455e-06 -0.000435245 9.86741e-07 0.00281078 -8.5847e-07 -8.58212e-05 0.0042811 6.8132e-07 0.0125695 0.0157402 0.0113721 -4.4755e-05 1.67444e-06 0.000474349 0.00118868 0.0017498 -2.07092e-05 9.07885e-05 0.00301402 0.000549107 -1.21093e-05 4.10919e-06 -0.000103713 -2.95558e-07 -0.00201827 -5.33957e-07 -7.04811e-06 -0.000666744 -0.0354598 -2.02209e-08 0.000606759 -0.0385474 -0.0752613 0.000126465 -0.000101103 -1.17547e-07 
-1.31244e-09 1.76805e-07 -1.17523e-09 -6.65748e-10 -1.28791e-06 2.4075e-07 -1.39719e-08 2.24381e-07 -5.52501e-09 -1.50033e-08 -1.91138e-09 -2.53867e-10 -2.13319e-09 -1.25623e-08 -1.71938e-09 -6.96296e-12 -1.71822e-10 -8.82723e-08 -4.41778e-11 -1.648e-10 -7.13034e-07 -4.17375e-07 -3.55852e-11 1.00326e-06 2.66666e-06 -4.69926e-11 -5.75407e-11 -1.78079e-08 -1.05813e-09 -6.4e-12 -7.61185e-11 -8.25541e-10 6.47726e-07 1.23234e-07 -3.73034e-09 1.12902e-06 -1.49647e-06 -4.05132e-07 -2.64632e-08 -2.42015e-10 -1.02562e-08 -1.11631e-06 -2.02459e-10 -6.53926e-09 -1.16094e-06 -1.74815e-12 -1.30735e-07 5.78116e-08 -2.02815e-10 -2.37037e-13 0 1.44434e-07 -1.29956e-10 -4.32089e-10 -1.92741e-10 2.42872e-07 -5.71561e-07 -8.55217e-08 -8.82963e-12 1.04121e-06 -1.54703e-08 -1.97116e-08 -3.38723e-08 -1.84736e-06 -8.16776e-09 4.04886e-07 -6.39704e-11 -1.64763e-07 -1.3837e-11 6.0946e-08 -1.899e-08 -1.1763e-11 -2.10896e-08 2.64356e-07 -6.3191e-08 1.05234e-06 -2.90667e-11 -9.09671e-09 -1.19207e-08 -1.22535e-08 -3.43467e-10 -3.40722e-08 -1.70292e-08 -1.25687e-07 -2.98696e-10 -1.25037e-10 -3.23961e-09 -6.96237e-10 -8.76221e-08 -1.07556e-11 -5.57393e-10 -1.49593e-08 1.08074e-06 -3.25926e-13 -3.63855e-09 -6.61361e-07 5.44052e-07 -1.16287e-09 -3.30463e-07 -2.23111e-11 
2.57994e-07 2.93079e-06 -7.76631e-09 -4.39949e-09 7.69442e-08 -2.44162e-08 -9.23309e-08 -1.10361e-07 -3.65111e-08 2.6752e-07 -1.2631e-08 -1.67764e-09 2.63681e-07 -8.30159e-08 -1.13622e-08 -4.60136e-11 -1.13546e-09 3.91426e-06 -2.91941e-10 -1.08905e-09 -1.13447e-06 -8.97971e-07 -2.35159e-10 5.48451e-06 -4.69926e-11 1.76219e-05 -3.80248e-10 1.26764e-07 -6.9925e-09 -4.22933e-11 -5.03017e-10 -5.45545e-09 -4.07535e-06 3.55484e-07 -5.76484e-06 -2.96557e-07 -5.20411e-08 -1.36919e-06 -1.74878e-07 -1.59931e-09 -6.77762e-08 2.61783e-07 -1.33792e-09 5.23453e-07 -3.19939e-06 -1.15523e-11 -8.27276e-07 5.08149e-07 -1.34027e-09 -1.56642e-12 0 1.29613e-06 -8.5879e-10 -2.85539e-09 -1.2737e-09 -1.03889e-08 1.43404e-06 -2.62423e-06 -5.83491e-11 1.2067e-06 -1.02233e-07 -1.30261e-07 -2.23839e-07 -1.19808e-06 3.49136e-08 -1.87989e-07 -4.22738e-10 7.44527e-07 -9.14398e-11 1.17751e-07 3.58562e-06 -7.77336e-11 2.20082e-06 1.16741e-06 -7.31427e-08 -4.55511e-06 -1.92082e-10 7.95441e-07 3.54558e-07 5.85692e-07 -2.26974e-09 -1.47383e-07 -1.12535e-07 -4.75028e-07 -1.97388e-09 -8.26286e-10 -2.14085e-08 -4.60097e-09 -5.79036e-07 -7.10763e-11 -3.68344e-09 -5.44119e-08 -4.4868e-06 -2.15383e-12 -2.40447e-08 -6.2979e-06 -5.78463e-06 -7.68466e-09 -7.36586e-07 -1.47439e-10 
1.04494e-06 6.98601e-06 -9.50957e-09 -5.38701e-09 -2.99697e-06 7.01033e-08 4.19806e-06 1.09321e-06 -4.47065e-08 1.23415e-06 1.04009e-06 -2.0542e-09 1.38295e-07 -1.0165e-07 -2.80152e-09 -5.6342e-11 -1.39033e-09 -8.4964e-07 -3.57472e-10 -1.33351e-09 -3.15491e-06 -7.10412e-06 -2.87943e-10 -2.9588e-06 -5.75407e-11 -3.80248e-10 2.15773e-05 5.87813e-06 -8.56206e-09 -5.17867e-11 -6.15926e-10 -6.68e-09 -9.51196e-06 -7.06075e-08 -1.41189e-05 -9.61288e-07 -6.69397e-07 -7.18037e-08 7.47573e-08 -1.9583e-09 1.29479e-06 -1.2137e-06 -1.63823e-09 -5.29135e-08 -7.46979e-06 -1.41454e-11 -7.45644e-07 -7.16524e-08 -1.64111e-09 -1.91802e-12 0 9.93708e-07 -1.05156e-09 -3.49632e-09 -1.55959e-09 1.42835e-07 4.6529e-06 -1.42405e-06 -7.14464e-11 3.13559e-08 -1.2518e-07 -1.595e-07 2.81472e-07 -1.0326e-06 -2.16464e-08 -3.0186e-08 -5.17627e-10 1.68902e-06 -1.11965e-10 -4.62901e-08 -1.53661e-07 -9.5182e-11 4.02916e-06 3.09528e-06 -5.1132e-07 -8.54099e-06 -2.35198e-10 6.07084e-06 2.80354e-06 -9.91508e-08 -2.77922e-09 2.25763e-06 -1.37794e-07 1.17187e-06 -2.41695e-09 -1.01176e-09 -2.62139e-08 -5.63372e-09 4.34655e-06 -8.70304e-11 -4.51024e-09 -1.21046e-07 -8.33741e-06 -2.63728e-12 -2.94419e-08 2.27145e-06 -5.44781e-06 -9.40959e-09 2.3228e-08 -1.80534e-10 
7.24667e-06 0.00293337 -1.70971e-06 -6.1163e-07 -0.00111979 7.46971e-06 0.000655367 0.000188169 -1.12248e-05 0.00101042 0.000138813 2.19759e-06 9.40247e-05 -1.13034e-05 -6.94605e-07 2.15896e-07 -3.96949e-07 -0.000103226 6.78258e-07 -3.4603e-07 8.19967e-05 -0.0015455 3.55331e-07 0.000549597 -1.78079e-08 1.26764e-07 5.87813e-06 0.00663335 -2.24981e-06 -1.60271e-08 2.60938e-06 -1.56734e-06 -0.00257418 -2.49127e-05 -0.00397715 0.000158117 1.65457e-05 4.47339e-05 -6.35144e-05 -4.50505e-07 -4.4616e-06 -0.00015866 -5.07004e-07 1.13242e-05 -0.000577072 4.84511e-07 -6.18383e-05 -1.89307e-05 4.69883e-07 2.16286e-08 0 -0.000221871 5.96784e-07 3.08462e-06 3.61733e-06 5.49646e-06 0.00391162 0.000183165 -2.21114e-08 -0.000215859 0.000147103 -3.87514e-05 0.000206143 0.000224691 0.000495535 -5.81274e-05 5.09146e-08 0.00171835 -3.46511e-08 -1.20926e-05 4.89669e-05 -2.94572e-08 0.000850542 -0.000281602 3.5775e-06 -0.00258057 -7.27896e-08 1.78975e-05 -2.37632e-05 7.81455e-06 -3.60119e-07 -7.19357e-05 -2.61561e-05 -0.000135972 -7.48004e-07 2.76466e-06 -1.41274e-06 3.42454e-05 0.000710508 -2.69344e-08 7.87083e-06 1.79495e-05 -0.00219706 -8.16193e-10 3.09771e-05 -0.00171885 -0.003348 1.41546e-05 2.9977e-07 3.04413e-06 
-1.95292e-07 -9.27593e-06 4.36237e-07 1.74538e-06 1.26637e-05 3.77244e-06 -2.07902e-06 1.41463e-06 -2.44343e-07 2.02306e-06 -2.17746e-07 1.18445e-06 8.71471e-07 2.51962e-06 -2.55843e-07 -1.03609e-09 -2.55671e-08 -1.51971e-05 9.60093e-07 -2.45222e-08 -3.29862e-05 1.45167e-05 -5.29508e-09 -3.97481e-05 -1.05813e-09 -6.9925e-09 -8.56206e-09 -2.24981e-06 0.000396643 -9.5232e-10 -1.13264e-08 -1.2284e-07 -1.34428e-05 -6.58303e-07 -3.04841e-06 5.43471e-05 -8.37914e-06 -1.61474e-06 7.16227e-06 -1.37896e-08 1.15739e-05 -8.57974e-05 4.76518e-08 -9.73042e-07 -3.37171e-05 -2.60124e-10 -2.68962e-07 -1.31764e-06 -3.01788e-08 -3.52711e-11 0 -1.98416e-05 -1.93374e-08 -6.42948e-08 -2.86798e-08 3.8883e-06 -3.66705e-05 -9.20456e-05 -1.31385e-09 6.81701e-06 -1.89086e-06 -3.55315e-07 6.93136e-07 -6.62984e-06 2.40686e-06 -6.32957e-07 -9.51879e-09 -2.24056e-05 -2.05895e-09 5.37647e-07 -1.92381e-07 -1.75033e-09 2.87108e-05 -1.63127e-05 1.1194e-06 -0.00011004 -4.32512e-09 1.5802e-05 2.56929e-05 -1.82331e-06 -5.11078e-08 4.44634e-05 -8.89498e-07 1.16422e-05 1.88887e-07 -1.86055e-08 8.29056e-07 -1.036e-07 3.71841e-05 1.53955e-07 -8.294e-08 -6.48173e-07 -0.000102575 -4.84978e-11 9.25251e-07 -6.86166e-06 -1.65318e-05 8.49187e-07 -5.12841e-06 -3.31989e-09 
-1.1812e-09 -6.08759e-08 -1.05771e-09 -5.99173e-10 -1.40228e-07 2.30008e-07 -1.25747e-08 -1.80567e-08 -4.97251e-09 -1.3503e-08 -1.72024e-09 -2.2848e-10 -1.91987e-09 -1.13061e-08 -1.54744e-09 -6.26667e-12 -1.5464e-10 -9.9445e-08 -3.976e-11 -1.4832e-10 -7.07286e-07 1.24362e-07 -3.20267e-11 -3.97065e-07 -6.4e-12 -4.22933e-11 -5.17867e-11 -1.60271e-08 -9.5232e-10 2.39999e-06 -6.85067e-11 -7.42987e-10 -2.57046e-07 -9.0892e-09 -7.0558e-07 -1.53882e-07 -7.32378e-07 2.53813e-08 -2.38169e-08 -2.17813e-10 7.46325e-07 -7.00231e-07 -1.82213e-10 -5.88533e-09 -7.90404e-07 -1.57333e-12 2.33827e-09 -7.96957e-09 -1.82533e-10 -2.13333e-13 0 -1.7001e-07 -1.1696e-10 -3.8888e-10 -1.73467e-10 -1.41488e-09 6.33728e-08 -6.59192e-07 -7.94667e-12 7.09211e-09 -1.39232e-08 -1.77405e-08 3.61816e-08 1.27373e-07 -7.35099e-09 -2.56026e-08 -5.75733e-11 -1.48286e-07 -1.24533e-11 -5.14864e-09 -1.7091e-08 -1.05867e-11 -2.38981e-07 -1.9208e-07 9.79477e-09 -1.02289e-06 -2.616e-11 -8.18704e-09 7.44827e-07 -1.10281e-08 -3.0912e-10 7.24891e-07 -1.53263e-08 6.7577e-07 -2.68827e-10 -1.12533e-10 5.19307e-07 -6.26613e-10 9.10029e-07 -9.68e-12 -5.01653e-10 -1.34634e-08 -9.27333e-07 -2.93333e-13 -3.27469e-09 1.45144e-06 -1.8702e-07 -1.04659e-09 -2.3075e-07 -2.008e-11 
5.41507e-07 7.08708e-06 -1.25799e-08 -7.12628e-09 -2.45787e-05 -3.95493e-08 -4.95573e-08 -2.14757e-07 -5.91406e-08 1.85051e-06 2.68429e-07 8.61715e-08 1.10499e-07 -1.34469e-07 -1.84045e-08 -7.45327e-11 4.26052e-08 -1.18275e-06 -4.72886e-10 -1.76405e-09 2.29646e-07 -1.08765e-05 -3.8091e-10 -4.45584e-06 -7.61185e-11 -5.03017e-10 -6.15926e-10 2.60938e-06 -1.13264e-08 -6.85067e-11 2.85436e-05 -8.83673e-09 -1.45067e-05 -1.08103e-07 -3.40113e-06 1.19587e-05 -3.0799e-06 -9.09239e-07 6.27844e-07 -2.59057e-09 3.45772e-07 5.80072e-08 -2.16716e-09 -2.55529e-08 -1.08067e-06 -1.87125e-11 2.78102e-08 8.29915e-08 -2.17096e-09 -2.53728e-12 0 -1.59979e-06 -1.39107e-09 -4.62515e-09 -2.06313e-09 -1.68279e-08 1.70708e-05 2.5728e-06 -9.45138e-11 2.36166e-06 4.26774e-06 -2.10997e-07 4.65965e-06 1.42603e-06 2.12571e-07 3.84384e-07 -6.8475e-10 3.65858e-06 -1.48114e-10 -6.12354e-08 1.85617e-07 -1.25913e-10 -2.08987e-07 -3.28948e-07 -5.65296e-07 -9.34354e-06 -3.11134e-10 -9.73727e-08 -1.27601e-07 -1.31163e-07 -3.67652e-09 5.01952e-07 -1.82283e-07 1.8324e-06 -3.19729e-09 -1.33842e-09 7.64337e-08 -7.45264e-09 1.75097e-06 -1.15129e-10 -5.96642e-09 4.28762e-07 -7.16258e-06 -3.48877e-12 -3.89476e-08 1.70309e-07 -1.01819e-05 -1.24476e-08 -9.58161e-07 -2.38822e-10 
-1.52364e-07 -4.36354e-06 -1.14212e-07 1.50049e-06 -7.16883e-06 1.12663e-06 5.42243e-06 -1.2847e-06 -3.41407e-07 -1.74176e-06 -1.66339e-07 7.05282e-08 -1.25423e-07 1.66305e-05 -1.99605e-07 -8.08342e-10 -1.99471e-08 -1.80527e-06 5.05982e-07 2.36424e-07 -1.73071e-05 -1.02891e-07 -4.13114e-09 5.12711e-05 -8.25541e-10 -5.45545e-09 -6.68e-09 -1.56734e-06 -1.2284e-07 -7.42987e-10 -8.83673e-09 0.000309482 1.0698e-05 1.63869e-06 -0.000115688 -8.92708e-06 -5.81035e-06 -3.40816e-05 -1.4166e-06 5.38571e-07 2.09343e-07 -2.60747e-05 -2.35038e-08 -7.59154e-07 -1.81627e-05 -2.02945e-10 1.23837e-07 -9.72446e-07 -2.35451e-08 -2.7518e-11 0 9.90925e-05 1.62691e-07 5.05394e-07 -2.23756e-08 3.39716e-07 -4.42868e-05 -0.000164616 -1.02505e-09 -4.5287e-06 8.70699e-07 -3.21691e-07 -5.54514e-07 -1.44367e-05 -7.03765e-07 -2.10249e-06 3.68468e-09 -1.6372e-05 -1.60636e-09 -6.53016e-07 2.30653e-06 -1.36558e-09 1.09737e-05 5.17905e-06 2.48627e-06 5.82011e-05 -3.3744e-09 3.54395e-06 5.54944e-06 -8.22524e-07 -3.98736e-08 4.95561e-06 -1.92139e-06 -2.49125e-06 -3.46762e-08 -1.45158e-08 -2.98315e-07 -8.08273e-08 5.50026e-07 -1.24863e-09 -9.15308e-09 -1.73666e-06 -8.2684e-05 -3.78373e-11 2.04426e-06 -6.44445e-06 2.0431e-06 -7.94444e-08 -4.44452e-06 -2.59013e-09 
