0.24981 0.120026 -0.0290507 -0.00102219 -0.012058 -0.000218081 -0.0766716 -0.00615751 -0.0163994 -0.00951049 -0.0964954 -0.00855035 -0.0166733 0.0638965 -0.0213551 0.0028724 -0.00691343 -0.0328903 -0.000726426 -0.0288404 -0.0461032 -0.00145906 -0.00813386 -0.00371443 -7.21609e-05 -0.00037899 -0.0434087 -0.0452411 -0.0217057 -0.0172579 -0.00263982 -0.00824419 -0.0903709 0.000334078 -0.00343418 -0.0710747 -0.0677874 0.00336686 0.000569189 -0.0097251 -0.0459881 0.0111767 -0.0127583 -0.00537132 -0.00030831 -0.0248064 -0.00377606 -0.0105333 -0.00369686 -0.0408871 -0.0106994 -0.0257551 -0.00102312 0.00041464 -0.00123282 -0.00489218 -0.00429238 0.0266559 -0.00157611 -0.000661606 0.0885374 0.000135045 0.0568964 -0.00107706 -0.00196977 -0.00383823 -0.0103134 0.103659 -0.0493136 -0.00746091 0.101783 0.0797915 -0.0137631 0.0826796 -0.00323596 0.0978765 -0.000314275 -0.0137089 -0.048737 -0.0128929 -0.0126857 -0.00211187 0.0749996 -0.00317159 -0.0331781 -0.067762 0.110354 -0.00162058 -0.00828997 -0.0782284 0.0814211 -0.0106441 -0.000458944 -0.05382 -0.000710874 -0.040969 0.0871156 -0.0179555 -0.00382155 0.0602248 
0.120026 0.220694 -0.0186901 -0.000568955 -0.00882885 -3.39661e-05 -0.0562446 -0.000599194 -0.0102157 -0.00167198 -0.0721959 -0.00154008 0.00728138 0.025297 0.00224422 0.00334041 -0.00279798 -0.021071 -0.000438297 -0.00357299 -0.0277157 -0.000910935 -0.00639933 -0.0020566 0.000109894 -0.00070956 -0.017436 -0.0266846 -0.000317016 -0.0112123 -0.00170263 0.00921081 -0.0573088 0.000399719 -0.0018956 -0.0676801 -0.0443532 -0.0660566 0.000684816 0.00387269 -0.034321 0.0278132 -0.0137708 -0.00350641 -0.000244641 -0.0235479 -0.00136304 -0.00531482 -0.00218703 -0.0577855 -0.00673551 -0.00906902 -0.000557303 -0.000108049 0.000560176 -0.00672852 -0.00462587 0.0466317 -0.000999493 -0.000442636 0.0339436 0.000321708 0.0196548 -0.000427542 -0.000709457 -0.00251839 0.00172118 0.110513 -0.0326562 -0.00821758 0.0296901 0.0319392 0.00251937 0.10008 -0.00217948 0.137697 0.00124651 -0.00810931 -0.0158151 -0.00553531 -0.0216104 -0.00115838 0.00623209 -0.00156147 -0.0201626 -0.130069 0.0877299 0.00479363 -0.00794769 -0.0851279 0.0522713 -0.00635525 -0.000289133 -0.0477576 -0.000495253 -0.0307887 0.0426847 -0.0162954 -0.00256561 0.019364 
-0.0290507 -0.0186901 0.0541284 -0.000105895 0.00170878 -5.18632e-06 0.031263 -0.000937446 0.00856117 0.00122149 0.0359899 0.00104221 -0.00111695 -0.0405389 -0.0021545 -0.000521495 0.00672949 0.0332844 -7.13656e-05 0.0144564 0.0130254 -0.000241957 -0.000976277 -0.000355241 -1.85378e-05 -0.000139795 0.00061922 0.00298198 0.00970042 0.0223206 0.000358173 -0.00352569 0.0446473 3.06255e-05 -0.000538873 -0.0120878 0.0382492 -0.00797352 -3.93426e-05 -0.00103292 0.0282156 -0.0024938 0.00571536 0.00227429 0.000405973 0.023871 0.00386626 -0.00118863 0.00407 -0.00838689 0.0170827 0.0272069 -6.46269e-05 5.85998e-05 -0.00015221 0.000333591 -0.000130368 0.0130607 0.00077602 -4.48406e-05 -0.0251999 -7.12176e-06 -0.0353547 -3.49414e-05 3.84715e-05 -0.000537746 0.00214403 -0.0153287 -0.00440878 -0.000813662 -0.0298245 -0.0372196 -0.00126384 -0.0290736 0.0034185 -0.0137686 -4.74957e-05 0.000412002 0.0359314 0.000963642 0.00135208 0.00120889 -0.0390543 -0.000228412 0.0406607 -0.0245561 -0.0244421 -0.00111264 0.00614272 -0.0152901 -0.0277369 0.014932 5.04271e-05 -0.0128902 0.000644844 -0.003638 -0.0376711 -0.00322766 0.000232719 -0.0400731 
-0.00102219 -0.000568955 -0.000105895 0.00225549 5.4652e-05 -8.57468e-07 0.00111676 0.000824811 0.00058978 0.000249426 -0.000225474 0.00050935 0.00126335 -0.00166878 0.00178806 -5.67529e-06 0.000265674 -4.09271e-06 5.01085e-05 0.0012763 0.00111151 7.72802e-05 -4.46412e-06 0.00057251 5.03072e-06 1.4885e-05 0.000566296 4.03616e-05 0.000727598 0.000534524 4.02617e-06 0.00165102 -0.000278072 -5.25687e-07 0.00025928 -0.000400835 -0.000188275 0.000103498 -5.04558e-06 0.000176896 0.000220876 -0.000255416 -9.84269e-05 0.000133028 -1.4368e-06 0.00014475 3.38188e-05 1.30796e-05 6.24012e-05 -0.000142285 -9.87171e-06 0.000183046 4.20024e-05 -3.97044e-06 0.000184772 5.45855e-05 6.86289e-05 -0.000324919 2.76253e-05 2.37312e-05 -0.000713205 -6.94403e-07 -0.00134388 7.06389e-05 0.000238367 -1.95111e-05 0.00070553 -0.000590663 -3.61805e-05 -6.71302e-05 -0.00109448 -0.00169165 0.000600973 -0.000253015 1.91843e-05 -3.31097e-05 -5.67239e-06 -1.38726e-05 -0.000612408 -2.22419e-05 -2.7242e-05 4.57489e-05 -0.0014001 0.000327108 0.000134033 -0.0010291 7.67517e-06 0.000251299 -4.70327e-05 -0.00055407 -0.00160534 0.000133812 -1.69259e-06 -0.000299653 1.71641e-05 -1.06514e-06 -0.0014058 -0.00013177 6.92555e-05 -0.00158557 
-0.012058 -0.00882885 0.00170878 5.4652e-05 0.0299202 -2.10871e-06 -0.00232224 0.00114377 0.00802515 0.00135817 -0.00189953 0.000207271 0.000153544 -0.00873504 -0.000572938 -0.00026968 0.00131069 0.00646712 0.000216064 0.00326426 -1.02226e-05 -9.16801e-05 -0.000511064 0.0022231 7.28144e-07 0.000386454 -0.00160504 -0.00144453 0.000731506 0.00112478 0.00262919 -0.00181705 0.00102943 6.28348e-05 0.00437572 -0.00624885 0.00191846 -0.00666825 -8.50932e-05 0.000622255 -0.00597893 0.00342704 -0.00115783 0.00292197 1.1043e-05 0.00927336 0.000467893 0.0019868 0.00259888 0.0120547 -0.00059186 0.000532878 3.83478e-06 3.9006e-05 -4.4871e-05 0.00156744 0.00604264 -0.00492835 0.00222769 0.00107923 0.00118256 -1.47817e-05 -0.00396911 -8.69367e-06 9.45225e-06 -0.000285255 0.000356895 -0.00384382 0.0121683 -0.000417459 -0.00934835 -0.0107134 0.00278742 -0.0145939 4.47586e-05 -0.00214317 0.00168286 0.0013618 0.00927133 0.000337513 0.00480585 0.000295803 -0.00560602 -0.000188025 0.00573458 -0.0104095 -0.00860506 -0.00039378 0.000186641 8.06295e-05 -0.00448155 -0.00171919 0.000550599 0.00332923 6.20124e-05 -0.00128972 -0.00251539 -0.00135871 0.000935091 -0.010575 
-0.000218081 -3.39661e-05 -5.18632e-06 -8.57468e-07 -2.10871e-06 0.000639402 -7.76581e-07 5.64515e-06 -3.2599e-07 -9.35548e-06 -6.4831e-05 5.29297e-05 -1.47817e-05 -6.75178e-05 8.37097e-05 1.5762e-06 1.32858e-05 -5.05009e-07 4.51978e-06 2.69169e-05 -1.03394e-05 9.09197e-07 -7.24514e-06 4.58193e-07 1.6654e-05 -8.22958e-07 0.000105913 -1.47146e-05 3.2809e-05 1.91219e-05 -2.98619e-06 4.06718e-05 7.44185e-05 -1.46922e-07 2.41775e-05 0.000104828 5.64305e-05 -0.000130504 -1.42323e-06 -3.35205e-06 5.34606e-05 2.31007e-06 5.08092e-05 1.02434e-06 1.51158e-06 -2.94454e-05 3.364e-05 1.77839e-05 6.00354e-06 -6.15388e-08 -7.35298e-06 -8.21856e-07 8.45891e-06 7.76281e-06 4.16524e-06 5.42766e-05 -1.99126e-06 -8.51727e-05 1.93877e-06 1.70127e-06 -0.000188356 -1.87621e-08 -0.000277987 1.18701e-07 1.32332e-05 1.9124e-06 5.38219e-06 -0.000134743 -1.86521e-05 0.000100314 -0.000126708 -8.39922e-05 7.8299e-06 -0.000282215 7.55244e-06 -0.000162392 9.6058e-06 8.9434e-05 2.83974e-05 3.70601e-05 1.90424e-05 5.36674e-05 -0.000108289 4.28103e-07 -3.18768e-05 6.44417e-05 -1.19055e-05 0.000109398 4.31466e-05 0.000136025 -6.36041e-05 -2.24392e-05 1.67713e-06 -3.78116e-05 -7.29483e-07 6.53452e-05 -0.000100033 0.000105187 0.000122655 -0.000204651 
-0.0766716 -0.0562446 0.031263 0.00111676 -0.00232224 -7.76581e-07 0.215532 0.00903302 0.0133307 0.0126257 0.0847387 0.00920832 0.021276 -0.0717904 0.0254931 -0.00241212 0.00568934 0.0369347 0.000364896 0.0328063 0.0619785 0.000609019 -0.00401776 0.00342402 -3.95648e-05 -0.000539351 0.0138513 0.046923 0.026365 0.0220375 0.00222753 0.0278982 0.0970311 -0.000212884 -0.000118413 -0.012047 0.0838396 0.0478319 0.000495656 0.0116029 0.147445 -0.027541 0.0140432 -0.000856363 0.000200548 0.0166399 0.00274624 0.00563164 0.00145497 -0.0609271 0.012814 0.033087 0.00105891 -0.000566479 0.00154604 0.00736958 -0.00439491 0.0217448 -0.000667089 -0.000391145 -0.115541 -9.47908e-05 -0.0626468 0.00164519 0.00189872 -0.00270343 0.0114456 -0.0255252 -0.0319675 -0.00834057 -0.127997 -0.0568571 0.0125844 -0.0137363 0.00460834 -0.0532691 -0.00069525 -0.00722194 0.0654498 -0.00125703 -0.019121 0.000207921 -0.0920732 0.00354072 0.0395027 -0.0132633 -0.0244764 0.00157427 0.00810733 -0.0542372 -0.133517 0.0178674 -0.000232505 -0.0594167 0.000452076 0.0676438 -0.147639 -0.0183829 -0.00175725 -0.0541074 
-0.00615751 -0.000599194 -0.000937446 0.000824811 0.00114377 5.64515e-06 0.00903302 0.0178173 -1.4073e-05 0.0056149 -0.00361327 0.00639719 0.0121132 -0.0127401 0.0132804 0.00210273 -7.55071e-05 -0.000774313 0.00022175 0.0084678 0.00611685 0.0020286 0.000827047 0.00288822 2.86554e-05 0.000699854 0.00740993 -0.000850405 0.00937317 0.00141989 0.000130298 0.0115811 -0.00290096 0.00041633 0.00172382 -0.0038137 -0.00201794 -0.000532742 -4.73454e-05 0.00620524 0.00362947 -0.00117753 -0.00079336 -0.000158185 -1.38527e-05 -4.74772e-05 -0.000122601 0.000864635 -5.8004e-05 -0.00325465 -0.000370946 0.00386714 0.000921484 -4.85726e-05 0.00117782 -0.000137281 -0.000191796 0.000270842 -5.26113e-05 9.03662e-05 -0.0102416 1.88763e-05 -0.0150307 0.00056067 0.0016592 -0.000163055 0.0020978 -0.00228534 -0.00174353 -0.000522986 -0.00946726 -0.0133522 0.00431958 -0.00187694 3.84194e-05 0.00236976 0.000945968 0.000793955 -0.00413073 0.000716529 -0.00120545 -8.90649e-05 -0.011864 0.000213588 0.00473521 -0.00942383 0.00430915 0.00673239 -0.000449892 -0.00476949 -0.0114716 1.46389e-05 2.36794e-05 -0.00416336 9.80841e-05 0.00233984 -0.0118039 -0.00103167 -0.000106189 -0.0139867 
-0.0163994 -0.0102157 0.00856117 0.00058978 0.00802515 -3.2599e-07 0.0133307 -1.4073e-05 0.0333538 1.3064e-05 0.0146307 0.0003312 0.000381111 -0.0153801 0.000404729 5.65061e-05 0.000689086 0.00901893 0.00011775 0.0012036 0.00368553 4.14244e-06 -0.000575389 0.00055574 -1.0429e-05 -3.71992e-05 -0.000811023 0.000893547 0.000515936 0.00515298 0.00247193 -0.000631156 0.0095216 -9.29655e-06 0.00124718 -0.00478273 0.0149066 0.000117507 -0.000109724 -0.000158573 0.0108951 -0.00231404 0.00243673 0.00364474 0.000187561 0.0123782 0.00119299 0.000123472 0.0021037 0.000752402 -0.000154519 0.00225496 -1.09025e-05 -9.60447e-05 0.000120409 0.000816281 0.0028936 -0.00423303 0.00246843 0.000564216 -0.0150371 8.17714e-06 -0.00679691 4.04613e-05 0.000162723 -0.000279706 0.00086673 -0.00905955 0.00469022 -0.000890113 -0.016307 -0.0172916 -4.84131e-05 -0.0122407 0.00158063 -0.00919812 0.00148403 0.00296204 0.0178752 -7.02104e-05 0.00719456 0.000237864 -0.0145889 0.000131112 0.00857428 -0.0027075 -0.00920398 0.000101193 0.000319895 -0.00052724 -0.0171362 0.00125017 0.000150757 -0.00540748 0.000144112 0.00951361 -0.0189536 -0.0017864 0.00117193 -0.0175982 
-0.00951049 -0.00167198 0.00122149 0.000249426 0.00135817 -9.35548e-06 0.0126257 0.0056149 1.3064e-05 0.0193054 0.000163518 0.000770103 0.0129746 -0.0158846 0.0129775 -0.000137107 0.000582828 0.000874136 0.000166398 0.0151328 0.00370923 0.00145341 -0.00027123 0.00267741 4.19384e-05 -7.78674e-06 0.00463818 -0.00143022 0.00974442 0.00462325 0.000712653 0.0109304 0.000341404 4.26576e-05 0.000385929 -0.00431224 -0.0011142 -0.00459443 -3.45352e-05 0.0118505 0.00181175 -0.0015949 -0.000551487 -0.000184415 4.80222e-05 0.000423921 0.000579002 -0.000124842 -0.000101255 -0.00380323 0.00106508 0.00936489 -1.48682e-05 -5.83015e-05 2.49684e-05 7.57076e-06 -0.00023037 -0.00105935 -5.67169e-05 -2.10923e-05 -0.0095094 -4.3905e-06 -0.0150912 8.79104e-05 3.49523e-05 -0.000185123 0.00958693 -0.00453809 -0.00213785 -0.000592102 -0.0102766 -0.0145207 0.0105636 -0.00201836 -0.000123511 0.00553515 -0.000111449 -0.000533145 -0.000867195 -0.000614725 -0.00133704 -6.14382e-05 -0.0136296 0.00295334 0.00909644 -0.00948313 0.00203416 0.000430499 -0.000215176 -0.00559508 -0.0145304 -0.00106403 3.75887e-06 -0.00436386 0.000413081 -0.00126589 -0.0129577 -0.00117608 4.34221e-05 -0.0157075 
-0.0964954 -0.0721959 0.0359899 -0.000225474 -0.00189953 -6.4831e-05 0.0847387 -0.00361327 0.0146307 0.000163518 0.177752 0.000450894 -0.00539712 -0.0482444 -0.00931481 -0.00190369 0.00636058 0.0427299 -0.000293207 0.0101212 0.0520168 -0.000252953 0.00855102 0.00194236 -5.57081e-05 -0.000283889 0.016799 0.0276391 0.00735221 0.0162457 0.0029611 -0.0136961 0.103377 -0.000262684 -0.00111901 0.0600448 0.0709951 0.0498379 -0.000399182 -0.00426219 0.075716 -0.0171159 0.012811 2.6114e-05 0.000426877 0.0137593 0.00254906 0.010715 0.000645946 -0.0398633 0.0150524 0.0250045 -0.000381722 -0.000525589 -0.000693379 0.000820886 -0.00297788 -0.00744354 -0.000595534 -0.00026851 -0.107145 -8.02197e-05 -0.0590687 0.00110468 -0.000757324 0.00193482 -0.00173429 -0.0591826 -0.00966709 0.0188844 -0.0742054 -0.048149 -0.00645274 -0.0681048 0.00477032 -0.0513227 -0.00110424 0.0112835 0.0534927 0.0117591 -9.29685e-06 0.000209812 -0.0769934 -0.00119133 0.0395029 0.0408849 -0.0930058 -0.00235942 0.00416169 0.0167748 -0.0747329 0.0084151 -8.21225e-05 -0.0356348 0.000873011 0.0403437 -0.0865588 0.0202902 -0.000385164 -0.0351414 
-0.00855035 -0.00154008 0.00104221 0.00050935 0.000207271 5.29297e-05 0.00920832 0.00639719 0.0003312 0.000770103 0.000450894 0.0168522 0.00804148 -0.0130505 0.0102914 0.000199098 0.000845786 0.00290488 0.000753956 0.00976748 0.00883139 0.00018971 0.00211214 0.00285995 4.40671e-06 0.000133025 0.0137007 -0.00237343 0.0130228 -0.000639527 8.36005e-05 0.00981357 0.000562346 -1.30075e-05 0.00234026 -0.0027808 -0.000782808 -0.00276759 -4.45047e-05 0.000921093 0.00119564 -0.00145331 -0.000646804 -0.000138822 -1.03557e-05 -0.000311677 7.81526e-06 -9.24661e-05 -8.05063e-05 -0.00231278 0.000989156 0.00333282 0.00178113 -5.30698e-05 0.00224342 -0.000262255 -1.93743e-06 -0.0045135 -4.38322e-05 0.000166408 -0.0091247 2.46331e-05 -0.0131509 7.39121e-05 0.00229718 -7.59161e-05 4.55931e-05 -0.00336366 3.11063e-05 -0.000469148 -0.00898035 -0.0135655 0.00128212 -0.00430998 0.000284075 0.000636994 0.000438965 0.000368669 -0.00171187 0.000261927 -0.00117239 6.04818e-06 -0.0102816 4.69424e-05 0.0045071 -0.00767789 0.00121938 0.0058311 -0.000289946 -0.00279571 -0.0102801 -0.00100727 5.29256e-05 -0.0030332 3.44687e-05 0.00679441 -0.00936451 -0.000886986 8.79682e-05 -0.013237 
-0.0166733 0.00728138 -0.00111695 0.00126335 0.000153544 -1.47817e-05 0.021276 0.0121132 0.000381111 0.0129746 -0.00539712 0.00804148 0.0385443 -0.0283333 0.0289465 0.00127116 0.00257023 -0.00023836 0.000456047 0.0257197 0.0112867 0.00208867 0.000372731 0.00337562 0.000119014 5.99644e-05 0.0154785 -0.00492996 0.0218541 0.0045249 0.000392716 0.0271674 -0.00420246 0.000121428 0.00196691 -0.00896749 -0.00412892 -0.00710342 -4.56337e-05 0.0176546 0.00203457 -0.00128779 -0.00176668 -0.000408536 -2.96771e-05 -0.000808645 0.00028417 -0.000783264 -0.000175708 -0.00802562 0.000998518 0.0120758 0.000803593 -8.64363e-05 0.00190371 -8.65801e-05 -0.000569285 -0.00125217 -0.000118656 -4.60824e-05 -0.0178456 3.45372e-05 -0.027512 -3.85621e-05 0.00152268 -0.000361602 0.0137459 -0.00456708 -0.0044624 -0.00113872 -0.0201619 -0.0267333 0.0190576 0.00267397 0.000201611 0.0120806 0.000553498 -0.00105999 -0.00552679 -0.000720026 -0.00299371 -0.000109803 -0.0271608 0.00406697 0.00675993 -0.0203787 0.00863983 0.0067229 -0.000610786 -0.011457 -0.0234626 -0.00101408 -4.90603e-06 -0.00939699 7.58199e-05 0.000717187 -0.0260414 -0.00238746 -0.000306522 -0.0303597 
0.0638965 0.025297 -0.0405389 -0.00166878 -0.00873504 -6.75178e-05 -0.0717904 -0.0127401 -0.0153801 -0.0158846 -0.0482444 -0.0130505 -0.0283333 0.117985 -0.0323068 3.70189e-05 -0.0114596 -0.05014 -0.0010025 -0.0499141 -0.0530582 -0.00247993 -0.000982466 -0.00564515 -0.000133827 -0.000550155 -0.0223473 -0.0118439 -0.0361392 -0.0272109 -0.00424607 -0.0274626 -0.0562866 -0.000319023 -0.00546599 0.014324 -0.0501494 -0.00155965 0.000190848 -0.0163156 -0.0402068 0.0101331 -0.000804954 -0.00308385 -0.000370531 -0.0191303 -0.00617666 -0.00438432 -0.00572074 0.0145597 -0.0172667 -0.0439743 -0.00172489 0.000256544 -0.0022349 7.21789e-05 -0.00337142 0.0012159 -0.00252106 -0.000907697 0.0571764 -5.35424e-05 0.0830779 -0.00151387 -0.00331667 0.00125973 -0.019233 0.0348179 0.00320441 0.00171095 0.0685776 0.0862772 -0.0236744 0.0218106 -0.00489971 0.00759815 -0.00165218 -0.0021055 -0.0399155 -0.00673929 -0.00125682 -0.00308183 0.0915159 -0.0053331 -0.0492867 0.0370897 0.0231692 -0.00518555 -0.00663879 0.0326037 0.0849122 -0.011871 -0.000488937 0.0251832 -0.000935287 -0.010649 0.0821579 0.00643592 -0.00156949 0.0781848 
-0.0213551 0.00224422 -0.0021545 0.00178806 -0.000572938 8.37097e-05 0.0254931 0.0132804 0.000404729 0.0129775 -0.00931481 0.0102914 0.0289465 -0.0323068 0.0451013 0.000288818 0.00183731 -0.00204203 0.000838614 0.0289096 0.0141389 0.00217322 0.00094075 0.00321406 0.000151462 0.000116789 0.0169152 0.00353858 0.0237048 0.00637029 -0.000131516 0.033658 -0.00469165 -9.38902e-06 0.0021611 -0.0102032 -0.00373324 -0.00768878 -5.86303e-05 0.017232 0.00704668 -0.00507834 -0.00203845 0.000690749 -3.59181e-05 0.000176029 0.00188389 0.000992042 2.44325e-05 -0.00899133 -0.000171192 0.012177 0.00173562 -0.000118208 0.00244014 0.00197776 -0.000563992 -0.00075872 -7.19318e-05 -1.57128e-05 -0.0159908 5.97247e-05 -0.0307325 0.00055996 0.00332107 -0.00042766 0.0162624 -0.00631055 -0.00505792 -0.00144136 -0.0224669 -0.0297433 0.0220394 0.00185178 -8.066e-05 0.00458241 0.000183031 -0.00104785 -0.0137265 0.000207753 -0.00294282 0.00116774 -0.0306161 0.00556988 0.00466529 -0.0199566 0.0132316 0.00635758 -0.000889157 -0.0131754 -0.0326973 0.0022947 -1.43776e-05 -0.00669124 2.13568e-05 0.00397531 -0.0306977 -0.00275982 -0.000306162 -0.0324165 
0.0028724 0.00334041 -0.000521495 -5.67529e-06 -0.00026968 1.5762e-06 -0.00241212 0.00210273 5.65061e-05 -0.000137107 -0.00190369 0.000199098 0.00127116 3.70189e-05 0.000288818 0.00997339 -9.62733e-05 -0.00062645 -4.75459e-06 0.000159077 -0.000233109 0.0008743 0.000206879 -4.7294e-05 2.63698e-06 0.000770564 4.8837e-05 0.00163909 0.000106499 0.001814 -4.92214e-05 9.33609e-05 -0.00177562 0.000456295 0.000151096 -0.000968047 -0.000658982 -0.00207546 2.14272e-05 -6.81385e-05 0.00208565 -0.000857426 -0.000413927 -1.15297e-05 1.9535e-06 -0.000553472 -7.70716e-05 3.22329e-05 -3.35253e-05 -0.00126734 -0.000198283 -7.83649e-05 3.09572e-05 1.3535e-05 0.000345968 -0.000158848 -0.000117495 0.00439942 -2.28995e-05 -7.5494e-06 -0.0030441 1.2714e-05 -0.0038322 -8.72165e-06 -2.50525e-05 -7.90559e-05 0.000186245 0.00300741 -0.000357921 0.000162558 -0.00380933 -0.00225799 -0.00018043 0.00127786 -5.00607e-05 -0.000545532 0.00109323 0.0016049 -0.00237429 0.00180693 -5.34605e-05 -3.46129e-05 -0.00166027 -3.32905e-05 -0.00055486 -0.00228235 0.00335637 0.0027191 -0.000224144 -0.00137018 0.00037628 -8.30661e-05 -8.15231e-06 -0.00248501 -2.51108e-06 -0.000370714 -0.00485324 -0.0001716 -6.56492e-05 -0.00253183 
-0.00691343 -0.00279798 0.00672949 0.000265674 0.00131069 1.32858e-05 0.00568934 -7.55071e-05 0.000689086 0.000582828 0.00636058 0.000845786 0.00257023 -0.0114596 0.00183731 -9.62733e-05 0.0133163 0.0094029 1.30853e-05 0.00886586 0.005507 1.1433e-05 -0.000233801 0.000181563 2.56427e-05 3.38123e-05 0.00384059 -0.00160824 0.00620244 0.000647124 0.000294297 0.00139093 0.00704579 -7.87316e-06 0.000394695 -0.00293717 0.000476984 -0.00164918 -4.23485e-05 0.000834968 -0.001086 -0.000204441 -0.000407147 0.000140716 0.000107518 0.000245731 0.000422416 0.000171977 0.000473223 -0.000149249 0.00729098 0.0086225 1.39118e-05 -3.19697e-05 4.63933e-06 -0.000288404 0.00131504 -0.00160778 -4.7017e-06 0.000283742 -0.00491604 -6.07224e-07 -0.0102678 4.71834e-05 0.000380766 -0.000121856 0.00142787 -0.00371394 0.000677617 0.000435549 -0.00686401 -0.0105935 0.00248184 -0.00583803 0.000589486 0.0021641 -3.00024e-05 -5.10799e-05 0.0051604 0.000979037 -0.000174039 0.00054039 -0.00951543 0.000182444 0.00901576 -0.00679255 -0.00434256 -0.000259384 0.00283639 -0.00364361 -0.00970264 7.78202e-05 0.000281528 -0.00257678 9.38181e-05 -0.000806361 -0.0083265 -0.000805029 0.000336459 -0.0112377 
-0.0328903 -0.021071 0.0332844 -4.09271e-06 0.00646712 -5.05009e-07 0.0369347 -0.000774313 0.00901893 0.000874136 0.0427299 0.00290488 -0.00023836 -0.05014 -0.00204203 -0.00062645 0.0094029 0.0602694 0.00010671 0.0173884 0.0298946 -0.000321051 -0.00065377 0.00193776 -1.59602e-05 1.8957e-06 0.00393667 0.00991117 0.0127129 0.00821406 0.00396727 -0.00368639 0.0474165 -6.27418e-05 0.00234058 -0.00849218 0.0366019 0.00137868 -0.000168429 -0.00121152 0.0248083 -0.00500159 0.000400118 0.00157986 0.000157702 0.0139727 0.00155018 0.00448008 0.00423491 -0.00682705 0.0151576 0.0258076 2.12235e-06 -0.000137277 -0.000128028 -1.72816e-05 0.00302191 0.00664356 0.0011441 0.000513634 -0.0294294 -2.56693e-05 -0.0433138 0.000479313 -7.61343e-05 -0.000630388 -0.00107008 -0.0180721 -0.00145569 -0.000559264 -0.0338169 -0.0453367 0.000432777 -0.0248563 0.0029655 -0.0106328 0.00116729 -0.000931334 0.0392505 0.00349903 -0.00267446 0.000959975 -0.0446834 -0.00037704 0.040414 -0.0189742 -0.0273275 -0.00099262 0.00750608 -0.0177687 -0.0427615 0.0151489 0.000368203 -0.0134066 0.000128622 0.00173475 -0.0401842 -0.00374682 0.000948568 -0.0385593 
-0.000726426 -0.000438297 -7.13656e-05 5.01085e-05 0.000216064 4.51978e-06 0.000364896 0.00022175 0.00011775 0.000166398 -0.000293207 0.000753956 0.000456047 -0.0010025 0.000838614 -4.75459e-06 1.30853e-05 0.00010671 0.00154701 0.000764225 0.000675695 1.22764e-05 0.000494134 0.000247428 1.8282e-05 1.84193e-07 0.000939152 -0.000155133 0.000775901 -3.92823e-05 2.43518e-05 0.000650187 -0.000223654 -6.21244e-07 0.000432242 -0.000204379 -0.000167684 -0.000393018 -3.44351e-06 7.97199e-05 -0.000422949 6.9189e-05 -6.68539e-05 -7.44884e-06 -1.18279e-06 0.000165018 1.2546e-05 -1.64184e-05 -4.03887e-06 0.000104069 -3.01203e-05 -2.49842e-05 0.000384142 -1.44919e-06 0.000250511 -2.32895e-05 0.000206641 -0.000371499 1.60523e-05 1.18487e-05 -0.000519287 -7.79566e-07 -0.000861841 2.83658e-05 9.68215e-05 4.315e-06 3.14452e-05 -0.000341784 0.000319237 -2.77091e-05 -0.000699928 -0.00105389 0.00022381 -0.00086756 5.4813e-06 -8.90375e-07 7.75306e-05 0.000169366 -0.000142848 -2.04332e-05 0.000112127 4.29558e-05 -0.00084261 6.69625e-05 0.000255485 -0.000641755 -0.000320103 0.000240214 -3.31941e-05 3.7975e-06 -0.000775889 -9.41808e-05 1.59541e-05 -2.66771e-05 3.13678e-06 0.000472212 -0.00050763 -4.07116e-05 0.000121754 -0.000967979 
-0.0288404 -0.00357299 0.0144564 0.0012763 0.00326426 2.69169e-05 0.0328063 0.0084678 0.0012036 0.0151328 0.0101212 0.00976748 0.0257197 -0.0499141 0.0289096 0.000159077 0.00886586 0.0173884 0.000764225 0.0549071 0.02731 0.00176389 0.000225622 0.00476475 0.000111857 -0.000112858 0.0207851 -0.00767256 0.0331602 0.0158303 0.001582 0.0270008 0.0118443 0.000162353 0.00284477 -0.013026 0.00421285 -0.0107519 -0.000135912 0.0160722 0.00273546 -0.00559794 -0.000983233 0.00022751 8.78899e-05 0.00230064 0.00507652 -0.00101186 0.00010883 -0.00854789 0.0129025 0.0321558 0.00069387 -0.000175086 0.00156992 -0.000938736 0.00167789 -0.0105552 0.000541356 7.93238e-05 -0.0263647 1.25228e-05 -0.0451547 9.99873e-05 0.00168381 -0.000554135 0.0181572 -0.0144788 -0.00350606 -0.000212716 -0.0304318 -0.0465619 0.0226683 -0.011812 0.00145701 0.00934132 -9.30802e-05 -0.000599128 0.0048012 0.000755861 -0.00136347 0.00200631 -0.041059 0.00550125 0.0254404 -0.0306219 -0.000899502 0.00220407 0.00190611 -0.0163593 -0.0417511 -0.00320315 0.000205192 -0.0115021 0.000692132 -0.000250811 -0.0374058 -0.0034057 0.000543151 -0.0491139 
-0.0461032 -0.0277157 0.0130254 0.00111151 -1.02226e-05 -1.03394e-05 0.0619785 0.00611685 0.00368553 0.00370923 0.0520168 0.00883139 0.0112867 -0.0530582 0.0141389 -0.000233109 0.005507 0.0298946 0.000675695 0.02731 0.0974312 -0.000443986 0.000227734 0.00349294 -2.36011e-05 -0.000272368 0.0162335 0.0236708 0.0219232 0.00544623 0.00288845 0.0118929 0.0564889 -0.000138666 0.00165562 0.000476744 0.032911 0.0321186 -0.000205468 0.00315061 0.0403609 -0.0115556 0.000138513 -0.000802071 -2.27131e-05 0.00387151 -0.000224405 0.00676721 0.00066709 -0.0203485 0.0104303 0.0200911 0.00148344 -0.000336844 0.00143603 0.00204865 -0.00077893 -0.00432184 -0.000166323 -0.00012465 -0.0444211 -4.73814e-05 -0.0395106 0.000697555 0.00225938 -0.00105086 0.00359379 -0.0279563 -0.0105523 -0.0019693 -0.0504667 -0.0342893 0.00483947 -0.0056324 0.000692097 -0.00837707 -0.000717718 -0.00314234 0.0209832 -0.00293789 -0.00745305 -0.000161085 -0.0657352 0.00113832 0.0185621 -0.00224102 -0.0278711 0.00267582 0.00367253 -0.0293316 -0.0757521 0.000904704 -0.000103169 -0.0206168 0.000333527 0.0285722 -0.0639828 -0.00629862 -0.000677628 -0.0273239 
-0.00145906 -0.000910935 -0.000241957 7.72802e-05 -9.16801e-05 9.09197e-07 0.000609019 0.0020286 4.14244e-06 0.00145341 -0.000252953 0.00018971 0.00208867 -0.00247993 0.00217322 0.0008743 1.1433e-05 -0.000321051 1.22764e-05 0.00176389 -0.000443986 0.005031 0.000136737 0.000104999 3.31667e-05 0.000732809 0.0015656 -0.000567204 0.000778562 0.001524 -2.48994e-05 0.0019524 -0.000716251 0.000224412 7.42019e-05 0.000252331 -0.000356985 -0.000541891 -1.61048e-05 0.00189025 -0.000180912 -0.000545782 -8.59772e-05 -4.23266e-05 -2.11563e-06 -0.000269887 1.75281e-05 -0.000117002 -2.22021e-05 -0.000845617 -8.82602e-05 0.00128849 3.12735e-05 2.12563e-05 4.52178e-05 -9.482e-05 -3.62351e-05 -0.00019349 -1.53535e-05 -6.83946e-06 -0.00180776 -1.37167e-07 -0.0033475 7.01937e-07 3.22941e-05 -3.64113e-05 0.00123801 -0.0013426 -0.000357386 0.00073727 -0.00157319 -0.00278444 0.00148234 -0.00125236 -4.38012e-06 -0.000656053 -1.12663e-05 0.00130979 -0.00152273 0.000912698 0.000143031 7.47361e-06 -0.00203357 0.00039029 0.000984049 -0.00101015 0.00093334 0.00106455 -9.58055e-05 0.000169776 -0.00155672 -0.00033416 -3.19187e-06 -0.00085353 1.07058e-06 -0.000183377 -0.00195657 0.000550912 -1.9979e-05 -0.0032337 
-0.00813386 -0.00639933 -0.000976277 -4.46412e-06 -0.000511064 -7.24514e-06 -0.00401776 0.000827047 -0.000575389 -0.00027123 0.00855102 0.00211214 0.000372731 -0.000982466 0.00094075 0.000206879 -0.000233801 -0.00065377 0.000494134 0.000225622 0.000227734 0.000136737 0.01949 0.000462301 -6.35501e-07 0.000348415 0.010321 -0.00216064 0.00121628 -0.000179307 5.44379e-05 0.000542599 -0.00242892 -3.06136e-05 0.00133417 0.0118201 -0.00228517 -0.0022377 -5.90887e-05 -0.00033882 -0.00363634 -0.0021882 -0.000556858 -0.000196054 -2.94676e-06 -0.00145921 -0.0001426 0.000348564 -0.000131357 -0.00206841 -0.000357402 -0.00078135 0.000707401 -3.92392e-05 0.000452471 -0.000423132 -0.000232704 -0.00548488 -5.03462e-05 -2.46301e-05 -0.0108228 -7.07741e-06 -0.00799681 4.88129e-05 0.000235085 0.000403155 -0.000308953 -0.00517638 0.0110393 0.00729344 -0.00905513 -0.0149537 -0.000513782 -0.0124225 -7.64722e-05 -0.00567933 -3.35668e-05 0.0102185 -0.00590338 0.0100355 0.0047924 -7.06651e-05 0.000677433 -4.6401e-05 -0.000932988 0.00661464 -0.00769127 0.00120749 -0.00051698 0.0113498 0.00230987 -0.00106098 -1.16883e-05 -0.00261044 -1.87485e-05 0.00121589 0.00170122 0.00942762 9.6103e-05 -0.00368558 
-0.00371443 -0.0020566 -0.000355241 0.00057251 0.0022231 4.58193e-07 0.00342402 0.00288822 0.00055574 0.00267741 0.00194236 0.00285995 0.00337562 -0.00564515 0.00321406 -4.7294e-05 0.000181563 0.00193776 0.000247428 0.00476475 0.00349294 0.000104999 0.000462301 0.00800603 6.0297e-06 0.000199347 0.00342493 -0.000685188 0.00474515 -0.000348938 0.000921744 0.0023734 0.000981208 3.51025e-05 0.000934677 -0.00112031 -0.000147537 -0.00086982 -2.53375e-05 0.00199526 -0.00205297 -0.000415129 -0.000284575 -6.07985e-08 -5.28358e-06 -0.00033883 -5.53582e-05 0.000811495 -2.80856e-05 -0.00108921 -4.12067e-05 0.00297832 0.000269339 -2.10503e-05 0.000694016 0.000118435 -8.23702e-05 -0.00203782 -2.23101e-05 0.000134916 -0.00435949 -3.09294e-06 -0.00595435 1.61265e-05 9.87966e-05 -4.8916e-05 0.00108856 -0.00220888 -3.52138e-05 0.000475785 -0.00358476 -0.00558554 0.00128098 -0.00479693 7.50398e-05 0.00246875 7.76597e-05 0.000247323 0.000901913 0.000381908 -0.000503006 -2.85045e-05 -0.004215 -5.11735e-05 0.00452679 -0.00279915 -0.00337395 0.000579398 -0.000155454 -0.000972761 -0.00481244 -0.000536133 5.59878e-05 -0.00166709 0.000208152 0.000794031 -0.0039311 -0.000198836 3.84208e-05 -0.00555833 
-7.21609e-05 0.000109894 -1.85378e-05 5.03072e-06 7.28144e-07 1.6654e-05 -3.95648e-05 2.86554e-05 -1.0429e-05 4.19384e-05 -5.57081e-05 4.40671e-06 0.000119014 -0.000133827 0.000151462 2.63698e-06 2.56427e-05 -1.59602e-05 1.8282e-05 0.000111857 -2.36011e-05 3.31667e-05 -6.35501e-07 6.0297e-06 0.000384385 1.21544e-06 2.20175e-05 -6.08079e-06 8.58447e-05 -8.4674e-06 -2.00843e-06 6.77731e-05 -6.6757e-06 9.35267e-07 5.21058e-06 -5.55979e-05 -5.18438e-05 -9.47931e-05 1.13727e-06 0.000115647 -3.04805e-05 3.66086e-05 -1.33211e-05 8.09855e-07 2.56201e-06 -1.83915e-05 1.62607e-05 8.22236e-07 -2.64945e-06 -3.21244e-05 -3.97001e-06 -5.23252e-06 1.72738e-06 1.99023e-05 1.22821e-06 1.37159e-05 1.1187e-05 4.72317e-05 -1.19208e-06 -1.53449e-07 -4.17453e-05 1.23726e-06 -0.000218166 -1.08394e-06 1.22185e-06 2.83438e-06 4.59585e-05 2.73916e-05 -4.11813e-05 2.15872e-05 -0.00014506 -3.74291e-05 9.20522e-05 -3.40372e-05 -1.76674e-06 9.94557e-05 4.06341e-06 7.40491e-05 -7.21442e-05 -4.78284e-06 -9.88153e-06 4.7957e-05 -0.000145604 -6.29633e-07 7.63431e-06 -0.000142284 9.82053e-05 3.99881e-05 2.77907e-05 -7.31241e-05 -9.26739e-05 -1.94204e-05 5.90556e-06 1.10066e-05 -1.14241e-07 -4.44804e-05 -0.000114714 1.55285e-05 2.11725e-05 -0.000212932 
-0.00037899 -0.00070956 -0.000139795 1.4885e-05 0.000386454 -8.22958e-07 -0.000539351 0.000699854 -3.71992e-05 -7.78674e-06 -0.000283889 0.000133025 5.99644e-05 -0.000550155 0.000116789 0.000770564 3.38123e-05 1.8957e-06 1.84193e-07 -0.000112858 -0.000272368 0.000732809 0.000348415 0.000199347 1.21544e-06 0.00292742 0.000358736 -0.000337635 7.66194e-05 0.000460025 6.01761e-05 0.000187129 -0.00047404 0.000185926 0.000277593 0.000202024 0.000101908 -0.000149347 -7.98583e-06 0.000127215 -0.000333229 -0.000188907 -9.2273e-05 -2.31983e-05 3.03133e-07 -0.000182257 -1.91132e-05 0.000237828 9.78789e-05 0.000114474 -5.88949e-05 2.16479e-06 8.25119e-05 -6.86615e-06 4.7147e-05 2.34736e-05 0.000105178 -0.000148166 -5.02416e-06 6.9451e-05 -0.000903355 1.42777e-05 -0.00106222 5.17934e-06 2.79067e-05 -1.0473e-05 5.00588e-05 -0.00057952 0.00067473 0.000478974 -0.000862735 -0.00146746 0.00028061 -0.000600212 -5.9542e-06 -0.000553036 -2.79281e-06 0.00121657 -0.00047611 0.00117209 -8.86752e-06 -1.39206e-05 -0.000313692 -1.90772e-05 0.000143917 -0.000501093 8.68043e-05 0.000334125 -6.10161e-05 0.000528753 -0.00025483 -6.13961e-05 6.56227e-05 -0.000332216 -2.27582e-06 -3.80859e-05 -0.000464759 0.000295398 0.000226145 -0.00119075 
-0.0434087 -0.017436 0.00061922 0.000566296 -0.00160504 0.000105913 0.0138513 0.00740993 -0.000811023 0.00463818 0.016799 0.0137007 0.0154785 -0.0223473 0.0169152 4.8837e-05 0.00384059 0.00393667 0.000939152 0.0207851 0.0162335 0.0015656 0.010321 0.00342493 2.20175e-05 0.000358736 0.0971225 -0.00695211 0.0247234 -0.0040321 -0.000154777 0.0179446 0.00368699 -0.000154274 0.00332851 0.0411617 -0.010215 -0.00584822 -0.000262026 0.00745876 -0.0122879 -0.00868423 -0.000278221 -0.000904446 -2.26338e-05 -0.0059607 -0.00083012 -0.00104095 -0.000743992 -0.0054123 0.00334914 0.0102318 0.00163856 -6.76124e-05 0.00210467 -0.00177944 -0.000379388 -0.0294553 -0.000332954 -9.08715e-05 -0.0409626 -2.09461e-05 -0.0298687 0.000359479 0.00200975 0.0021319 0.00430822 -0.0233204 0.0249785 0.00911417 -0.0357253 -0.0533197 0.00989718 -0.0291991 0.000190687 -0.0122639 0.000462536 0.00584178 -0.0194179 0.0105454 0.00198987 -0.000557863 -0.0190476 -0.000398996 0.00842214 0.00470583 -0.0233399 0.00614835 -0.00172274 0.0304043 -0.0150196 -0.00691392 -0.000114863 0.00946004 0.000129124 0.0215523 -0.0117544 0.0103311 -0.000439393 -0.0223882 
-0.0452411 -0.0266846 0.00298198 4.03616e-05 -0.00144453 -1.47146e-05 0.046923 -0.000850405 0.000893547 -0.00143022 0.0276391 -0.00237343 -0.00492996 -0.0118439 0.00353858 0.00163909 -0.00160824 0.00991117 -0.000155133 -0.00767256 0.0236708 -0.000567204 -0.00216064 -0.000685188 -6.08079e-06 -0.000337635 -0.00695211 0.12449 -0.00577323 -0.00527671 0.000318239 -0.00646519 0.0464399 -0.000181336 -0.00149303 0.00527846 0.0294711 0.0100873 0.000889855 -0.00264292 0.0639429 -0.0159249 -0.00113609 0.00280055 -5.25103e-05 0.0115442 -0.000680345 0.0111574 0.00344093 -0.0178874 -0.00263749 -0.00424128 -0.000225086 -4.2072e-05 -0.000217923 0.00738222 -0.00155921 0.0491297 -0.000103603 -3.42903e-06 -0.0206565 2.58526e-05 -0.0141245 0.00168811 -0.000490416 -0.000960189 -0.00320582 0.00430495 -0.00336744 -0.00438667 -0.0591282 -0.00532236 -0.00394791 -0.00995465 0.00015391 -0.0423037 -0.000887779 -0.00314569 -0.0061969 0.00477351 -0.00736956 -0.000629203 -0.0270595 -0.000877281 0.00166444 0.0224837 -0.029829 -0.00169974 0.000188778 -0.0222652 -0.0627261 0.0280245 -0.000130047 0.0162656 -0.000212789 0.0251145 -0.0697974 -0.00704342 -0.00100647 0.00192784 
-0.0217057 -0.000317016 0.00970042 0.000727598 0.000731506 3.2809e-05 0.026365 0.00937317 0.000515936 0.00974442 0.00735221 0.0130228 0.0218541 -0.0361392 0.0237048 0.000106499 0.00620244 0.0127129 0.000775901 0.0331602 0.0219232 0.000778562 0.00121628 0.00474515 8.58447e-05 7.66194e-05 0.0247234 -0.00577323 0.0405652 0.000625511 0.000292633 0.0217168 0.00863745 1.69607e-05 0.00258179 -0.00941503 0.00187669 -0.00926015 -0.000111578 0.0125122 -0.00159541 -0.00400272 -0.000308769 -6.5061e-05 8.8297e-05 0.00181095 0.000128829 -0.000828164 -0.000221756 -0.00856967 0.00765719 0.0210826 0.00167461 -0.000131899 0.00226383 -0.000751806 -0.000559408 -0.0099419 -0.000101795 -4.72061e-05 -0.0221467 2.4609e-05 -0.0343754 4.44622e-05 0.00178278 -0.000403175 0.00831391 -0.010082 -0.00458676 0.000184966 -0.0221802 -0.0340293 0.0140799 -0.0098359 0.000548366 0.0125796 7.46735e-05 -0.00112727 0.00285821 -0.0011665 -0.00301395 -4.46306e-05 -0.0298188 -2.5884e-05 0.019899 -0.0216358 0.000200296 0.00499673 0.00136631 -0.0115198 -0.0305293 -0.00183057 -2.95786e-05 -0.00996202 0.000470129 0.00470558 -0.0279433 -0.00244005 -8.541e-05 -0.036633 
-0.0172579 -0.0112123 0.0223206 0.000534524 0.00112478 1.91219e-05 0.0220375 0.00141989 0.00515298 0.00462325 0.0162457 -0.000639527 0.0045249 -0.0272109 0.00637029 0.001814 0.000647124 0.00821406 -3.92823e-05 0.0158303 0.00544623 0.001524 -0.000179307 -0.000348938 -8.4674e-06 0.000460025 -0.0040321 -0.00527671 0.000625511 0.0496182 0.00040538 0.0062178 0.0202764 0.000446707 -0.000369501 -0.0071974 0.0269691 -0.00383767 0.000116539 0.00259168 0.025276 -0.00207208 0.00571698 0.00117243 0.000225974 0.0128475 0.00547751 -0.000845447 0.000834474 -0.00870381 0.00918935 0.0178767 -3.10029e-05 5.00639e-05 0.000141715 -0.000557912 -0.000355036 0.00710271 0.000891248 -4.7399e-05 -0.021044 -6.65679e-06 -0.0274315 8.33997e-06 0.00103035 -0.000393293 0.0122725 -0.0109832 -0.00377668 -0.000490955 -0.0250525 -0.0275594 0.00706648 -0.0117101 0.00237449 -0.0149708 0.000597228 0.00360004 0.0183267 0.00247864 0.00488106 0.00229003 -0.0272867 0.00530799 0.0170941 -0.0198102 -0.00911033 0.000995965 0.00105854 -0.0109969 -0.0164568 0.000407386 0.000100608 -0.0113847 0.000637866 -0.00476905 -0.029912 -0.00067653 0.000103055 -0.028966 
-0.00263982 -0.00170263 0.000358173 4.02617e-06 0.00262919 -2.98619e-06 0.00222753 0.000130298 0.00247193 0.000712653 0.0029611 8.36005e-05 0.000392716 -0.00424607 -0.000131516 -4.92214e-05 0.000294297 0.00396727 2.43518e-05 0.001582 0.00288845 -2.48994e-05 5.44379e-05 0.000921744 -2.00843e-06 6.01761e-05 -0.000154777 0.000318239 0.000292633 0.00040538 0.00519574 -0.000297191 0.00267957 3.59146e-05 0.00033892 -0.000732737 0.00157969 0.00103043 -1.68847e-05 4.57203e-05 0.00063751 -0.00056177 -0.000183443 0.000384101 1.01286e-06 0.000920117 0.000144724 0.00162576 6.22134e-05 -7.92569e-06 -3.99175e-05 0.000751296 4.81684e-06 -1.41655e-05 -3.71978e-06 0.000321734 0.000974837 -0.000971182 0.000552686 0.000148958 -0.00250647 1.40167e-06 -0.00300781 9.27105e-05 7.60588e-07 -5.08224e-05 -5.18125e-05 -0.00146822 0.00057668 -0.000143131 -0.00272392 -0.00398666 3.40634e-05 -0.00213763 0.000320065 0.000129088 0.000302195 -5.98141e-05 0.00257479 0.000454789 0.000422927 -5.59187e-06 -0.00360503 -2.74325e-05 0.00258724 -0.00178932 -0.00233649 -9.78619e-05 -7.48204e-05 -0.00132994 -0.00381538 1.38917e-05 0.000309479 -0.000819093 4.99588e-05 0.000271021 -0.00317948 -0.000304243 4.32656e-05 -0.00309642 
-0.00824419 0.00921081 -0.00352569 0.00165102 -0.00181705 4.06718e-05 0.0278982 0.0115811 -0.000631156 0.0109304 -0.0136961 0.00981357 0.0271674 -0.0274626 0.033658 9.33609e-05 0.00139093 -0.00368639 0.000650187 0.0270008 0.0118929 0.0019524 0.000542599 0.0023734 6.77731e-05 0.000187129 0.0179446 -0.00646519 0.0217168 0.0062178 -0.000297191 0.0595135 -0.0112265 -6.00131e-05 0.00190874 -0.0125505 -0.00708452 -0.00142961 -0.00017256 0.0155955 0.00510541 -0.00633192 -0.00266042 -0.000631233 -4.54367e-05 -0.00396138 0.00163378 -0.00120915 -0.000291562 -0.0120308 -0.00055782 0.0107459 0.00156511 -0.000135546 0.00233499 -0.000724788 -0.000872897 -0.00728231 -0.000148561 -7.47492e-05 -0.0172303 7.22116e-05 -0.0271079 0.000379523 0.00316766 -0.000467769 0.0160185 -0.00235371 -0.00652894 -0.00173623 -0.018076 -0.027883 0.0208713 0.0129586 -0.000133623 0.00699884 0.000422791 -0.00182853 -0.0181805 -0.0006546 -0.00412069 0.00100037 -0.0219055 0.00542901 0.00180691 -0.0325601 0.0224343 0.00521399 -0.00162921 -0.0171797 -0.0220977 -8.96495e-05 -5.27215e-05 -0.0140348 -3.41328e-05 0.00545057 -0.0224954 -0.00343566 -0.00050001 -0.0269854 
-0.0903709 -0.0573088 0.0446473 -0.000278072 0.00102943 7.44185e-05 0.0970311 -0.00290096 0.0095216 0.000341404 0.103377 0.000562346 -0.00420246 -0.0562866 -0.00469165 -0.00177562 0.00704579 0.0474165 -0.000223654 0.0118443 0.0564889 -0.000716251 -0.00242892 0.000981208 -6.6757e-06 -0.00047404 0.00368699 0.0464399 0.00863745 0.0202764 0.00267957 -0.0112265 0.146903 -3.53892e-05 -0.0010812 0.0069109 0.0973892 0.0235127 -0.000135047 -0.00337435 0.0965323 -0.0081884 0.015143 0.00257533 0.000335978 0.029323 0.00282457 0.0120683 0.00323607 -0.032063 0.0159786 0.0263909 -0.000257255 0.000146249 -0.000494513 0.00975986 -0.0020908 0.0245118 -0.000158475 -0.000119673 -0.0661109 -6.60648e-05 -0.0500494 0.000640275 -0.000546291 -0.00149168 -0.00146419 -0.0423102 -0.0180413 -0.000155265 -0.0857981 -0.0372712 -0.00453346 -0.0495136 0.0037489 -0.0382907 -0.000767576 -0.00136609 0.0693129 0.00196016 -0.0071291 0.00068005 -0.0955258 -0.00106072 0.0429765 0.0103281 -0.0737291 -0.00323668 0.00899249 -0.029232 -0.0900012 0.0194887 9.7523e-05 -0.0347563 0.000623994 0.0367613 -0.110836 -0.00548224 -0.00072882 -0.0408511 
0.000334078 0.000399719 3.06255e-05 -5.25687e-07 6.28348e-05 -1.46922e-07 -0.000212884 0.00041633 -9.29655e-06 4.26576e-05 -0.000262684 -1.30075e-05 0.000121428 -0.000319023 -9.38902e-06 0.000456295 -7.87316e-06 -6.27418e-05 -6.21244e-07 0.000162353 -0.000138666 0.000224412 -3.06136e-05 3.51025e-05 9.35267e-07 0.000185926 -0.000154274 -0.000181336 1.69607e-05 0.000446707 3.59146e-05 -6.00131e-05 -3.53892e-05 0.00158169 1.60209e-05 -0.000351368 0.00038186 -0.000282117 2.49422e-05 4.25185e-05 0.000657676 0.000114186 -6.26382e-05 2.72761e-05 -8.20454e-07 2.26078e-05 6.02368e-05 4.76787e-06 5.37509e-06 -0.000248316 -1.82948e-05 0.000165691 -3.10525e-06 2.69172e-05 2.19338e-05 4.59188e-05 1.89267e-05 0.000861654 1.41555e-05 4.79056e-06 -0.000292523 7.05451e-05 -0.00049302 -3.21004e-06 -3.8688e-06 -1.14954e-05 5.38121e-05 0.000346074 -0.000130306 -4.78249e-05 -0.000606869 -0.000379863 4.91202e-05 0.000199511 -8.40329e-06 -9.14347e-05 1.46214e-05 0.000413491 -0.000237657 0.000435157 -5.21771e-05 5.36795e-06 -0.000778292 -9.07847e-06 6.58557e-05 -0.000778811 0.00010593 0.000191481 -2.86905e-05 -0.000362918 -0.000678583 0.000196199 9.32654e-06 -0.0003539 -8.72332e-07 -0.000145731 -0.000707305 -7.81463e-05 2.444e-05 -0.00050623 
