0.114594 0.00921027 -2.60684e-05 -0.0204431 0.0034334 0.000146731 0.09465 -8.77164e-06 -0.000262506 -0.0117709 -0.0461333 0.0197825 -0.0053722 -0.0676375 8.48974e-05 -0.0209406 -0.00678897 0.00453166 -0.0578351 -0.0321447 -0.0707072 0.000120375 -0.0357452 -0.00026055 -0.0030223 -0.0265905 0.0856825 -0.00952458 2.63032e-05 -0.0299609 -0.00192029 0.000174306 0.000360456 0.0553846 0.0830806 0.0174981 -0.0013769 -0.00175622 0.0707091 -0.0206831 -0.013529 -6.89442e-05 0.015523 -0.00840043 -0.041278 0.00714015 -0.000485627 0.0537838 0.0630491 0.00506234 0.0637673 -0.000221436 -0.000248105 -0.0654386 0.0138551 0.00359064 0.000564518 0.0177669 0.000503755 -0.00474752 0.00108809 -0.0093568 -0.0348108 -0.0168483 -1.63813e-05 -0.00537176 -0.00348087 -0.0617954 -0.00453893 -0.00127981 -0.0702395 -0.0280478 0.00051627 -0.000831359 -0.0851776 -0.000245427 0.058788 0.00110348 0.00463056 -3.63474e-05 4.99759e-05 0.062344 -0.0128831 0.0322532 0.0026105 -0.0010986 -0.00191214 -0.014954 0.000169583 -0.026668 0.00958647 -0.00119178 -0.000286124 0.0118791 0.00280506 -0.0022727 -3.68387e-05 -7.30202e-05 -0.00198075 -0.00113709 
0.00921027 0.0143725 1.04203e-05 -0.00261858 0.000558392 -5.27237e-07 0.00883634 7.06995e-06 -4.9135e-05 -0.00128566 -0.00604826 0.00461871 0.00153076 -0.00933835 3.7566e-05 -0.00246343 -0.000645446 0.00106648 -0.00728525 -0.00372923 -0.00746543 0.000182792 -0.00399066 -3.62061e-05 -0.000323957 -0.00288066 0.00742325 -0.00104338 -1.94349e-06 -0.00359665 -0.000131465 6.10533e-05 0.000257369 0.000452604 0.00805449 -0.00167961 -0.000106895 -0.000147807 0.00778567 -0.00239449 0.00164035 1.46953e-05 0.000439422 -0.00119903 -0.00433014 0.00275881 -0.000399195 0.00246878 0.00723479 0.00454976 0.00104135 2.5662e-05 -1.63634e-05 -0.00741952 0.00480346 8.27021e-05 -2.98678e-05 0.000256543 -0.000118246 -0.000530895 0.000133422 -0.00107949 -0.00379131 -0.00179245 1.4406e-05 0.000475143 -0.000275787 -0.00628158 -0.000426729 -0.000173226 -0.00627901 -0.00286298 0.000474743 -9.94355e-05 -0.00824489 -2.67839e-05 -0.000168554 0.000530357 0.000505305 2.59868e-06 -7.87673e-07 0.00667439 -0.00135204 0.000832966 0.000540689 -5.85767e-05 -0.000216159 -0.00129411 3.34203e-05 -0.00293632 0.00699032 0.000225402 -3.29489e-05 0.000447191 0.000408345 -0.000251598 -4.19003e-06 -3.13823e-05 0.00102865 -0.000112853 
-2.60684e-05 1.04203e-05 0.000962882 -3.3349e-05 1.14396e-06 5.11844e-07 -0.0001068 5.14456e-07 -2.32645e-06 2.51297e-05 -8.49946e-05 1.35344e-05 -0.000110261 1.72349e-05 8.56635e-07 -1.85742e-06 -4.74364e-05 -4.58651e-06 0.000131345 -0.000114462 0.000176921 -3.78299e-06 -0.000106136 -4.37622e-07 3.64398e-06 -0.000114375 -3.76622e-05 -6.81048e-05 6.56983e-08 -9.09699e-05 -7.86818e-06 -2.51953e-07 1.27129e-06 -6.44689e-05 -0.000186797 -7.58367e-05 3.30243e-05 1.83957e-05 -0.000262782 -0.000138055 8.39922e-05 1.72996e-07 4.4959e-05 -2.11689e-05 -0.000163221 -8.83979e-05 4.40219e-06 -0.000258176 -0.000139189 -2.03428e-05 -0.000187392 -2.52614e-06 -2.16832e-06 0.000135694 6.9211e-06 5.26018e-06 -3.85683e-06 -2.79574e-06 1.85418e-05 2.00467e-05 1.439e-05 8.2362e-05 0.000304865 -7.99218e-05 6.75382e-08 -4.01399e-05 -1.35453e-05 0.000114731 -3.94174e-06 9.35139e-05 0.000287553 0.000146171 7.589e-07 1.33416e-05 0.000168837 -8.102e-07 -4.44319e-05 -1.1017e-05 1.0378e-05 -4.69997e-07 3.29677e-08 -0.000110728 2.92828e-05 -2.87441e-05 -2.96239e-06 -6.33545e-06 5.46694e-07 -8.21064e-05 -3.87463e-07 -4.20909e-05 -1.63747e-05 8.71606e-05 2.4645e-05 -6.46157e-05 1.21172e-05 1.07279e-05 -2.76882e-07 -2.62151e-06 1.70239e-05 -4.96597e-06 
-0.0204431 -0.00261858 -3.3349e-05 0.153651 0.0014855 -8.4383e-05 -0.0284916 2.80334e-05 -0.00027855 -0.00951801 0.0802939 -0.00370843 -0.021135 0.0143036 -0.00138229 -0.0301829 -0.00968734 -0.00370721 0.0184591 -0.052812 0.047291 -0.000472335 -0.0509008 -0.000275598 -0.0045862 -0.0173732 -0.0230109 -0.0133867 -2.53085e-05 -0.00163448 -0.00288173 -0.0001071 -0.000215936 -0.0332608 -0.0474569 0.0265448 -0.00193911 -0.00215005 -0.0364416 -0.0254927 0.0774986 -0.000113978 0.0269428 -0.0130036 -0.025191 -0.00834913 -0.00496353 -0.0480858 -0.0514787 -0.00253767 -0.058084 -0.000549577 -0.000449034 0.0697216 -0.00365033 -0.00125346 -0.0018741 -0.0170779 -0.00171411 -0.00540626 -0.000261827 0.0326394 0.103075 -0.00838923 -9.91942e-05 -0.00810965 0.000211058 0.0715317 0.00041386 -0.00116117 0.0373275 -0.0245058 0.000116835 -0.000638418 0.0404079 -0.00033666 -0.0177758 0.00181696 -0.00115462 -8.41903e-05 -3.65822e-05 0.0690327 -0.017052 -0.00766116 -0.00162282 -0.00154379 -0.00276761 -0.0247254 -9.40421e-05 -0.0381308 -0.00203104 -0.0104616 0.00045253 -0.0120133 0.000630641 -0.00327691 -4.93676e-05 -0.000346977 -0.00200955 0.00193946 
0.0034334 0.000558392 1.14396e-06 0.0014855 0.0103022 1.77984e-05 0.00497213 7.04029e-06 0.000144769 -0.000786276 0.000512603 0.000604777 9.03466e-05 -0.00191551 -9.0222e-05 -0.00190817 3.17907e-05 0.00187573 -0.0055122 -0.00246914 -0.0056439 5.52443e-05 -0.00268935 -2.4059e-05 -0.000208923 -0.00176894 0.00345262 -0.000536725 1.87605e-05 -0.00205995 0.000334149 1.57068e-05 0.000106595 -0.000776585 0.00139721 -0.00329373 -2.53201e-05 -0.00011505 0.0042035 -0.00125678 0.00123826 3.18297e-05 -0.000664042 -2.60478e-05 -0.00251279 0.000695737 0.000567859 0.000844723 0.00397409 -6.71295e-05 0.000169176 -3.09932e-05 8.50974e-06 -0.00484755 0.000308613 0.000994238 0.00041649 -0.000656226 0.00019329 -0.000341707 -4.36737e-06 0.000799393 -0.00106444 -0.00132764 -1.50251e-06 -0.000378454 0.00057439 -0.000424283 8.02828e-06 0.000143357 -0.00436215 -0.00194021 6.18846e-05 6.98825e-05 -0.0057512 4.0138e-05 0.00304176 0.000439106 -5.40663e-05 -3.94332e-06 2.23802e-05 0.00200919 -0.00103293 0.00575759 1.79203e-05 0.000438543 -0.000149928 -0.00133146 7.26613e-05 -0.00148526 0.000318096 2.9799e-05 -2.13147e-05 -3.45055e-05 0.00298513 -0.000177003 7.5372e-07 2.33616e-05 -8.63738e-05 -5.92223e-05 
0.000146731 -5.27237e-07 5.11844e-07 -8.4383e-05 1.77984e-05 0.000471677 6.95468e-05 -9.0846e-08 -1.24515e-06 7.12228e-05 -0.000205519 -5.65654e-06 -4.20332e-05 -0.000114278 -9.862e-07 0.000208303 -2.11777e-05 9.10175e-07 2.92216e-05 6.62481e-06 -6.70502e-05 2.02381e-06 0.00010283 -5.69899e-07 -1.0316e-05 -8.67876e-05 6.91664e-05 -3.19752e-05 6.75767e-08 6.79023e-06 -2.68447e-06 7.588e-07 -5.74397e-07 0.000141493 7.48265e-05 -0.000150051 -1.15516e-06 5.75532e-06 -5.49554e-06 -7.68799e-05 -0.00023661 -2.85232e-07 -6.97225e-05 -3.49869e-05 -0.000148521 -4.76374e-05 -7.11854e-06 9.12446e-06 0.000198684 -7.95308e-06 4.60211e-05 -1.19369e-06 4.89054e-06 -0.000240523 1.00248e-06 1.8206e-05 7.21722e-07 7.57803e-05 5.68724e-06 -9.00062e-06 -6.68351e-07 -2.62696e-05 -0.000117033 -6.00788e-05 3.69508e-06 -1.29163e-05 -3.68428e-06 -0.000213102 -1.65332e-05 6.51715e-06 -4.69504e-05 8.4108e-05 -6.85117e-07 -2.71388e-06 -0.000168022 1.60443e-06 1.15047e-05 -7.01936e-06 -8.10638e-07 3.96988e-06 4.49079e-06 8.73246e-06 0.00018432 -1.42701e-05 8.35568e-06 -2.78004e-06 5.19368e-05 1.35666e-05 2.02823e-06 0.000124648 -1.21237e-05 -2.52057e-05 -1.07144e-06 4.83226e-05 1.40803e-05 9.69427e-05 -1.35566e-07 8.60903e-07 -6.49927e-06 -4.49839e-06 
0.09465 0.00883634 -0.0001068 -0.0284916 0.00497213 6.95468e-05 0.188928 1.41283e-07 0.000388963 -0.0115647 -0.0898533 0.0195305 0.0505242 -0.0885335 0.00186547 -0.0141231 -0.00439072 0.00321628 -0.135088 0.0157918 -0.138914 0.000891418 0.00472354 -0.000523815 -0.00292366 -0.0525285 0.0857834 0.0439325 2.08191e-05 -0.0356183 -0.00408727 0.000249462 0.000375902 0.0700455 0.15534 0.042687 -0.00263422 -0.00323959 0.042353 -0.0411545 -0.0626782 -0.000142912 -0.0239055 -0.0206473 -0.0839633 0.0628325 0.00422099 0.118368 0.119713 0.00700836 0.130788 -0.000213629 -0.00031631 -0.128178 0.0130384 0.00470685 0.000621149 0.0544707 0.000850545 -0.00360969 0.00103499 -0.0168561 -0.0639895 -0.0321073 -0.00012202 -0.00671834 -0.00508838 -0.11792 -0.00371211 -0.00296367 -0.113719 -0.0547346 0.00128433 -0.00202992 -0.164294 -0.000140838 0.065684 0.00380843 0.00397965 -8.59345e-05 1.19304e-05 0.0885346 -0.0247518 0.0384477 0.00412678 -0.000708654 -0.0020326 0.0375474 0.000103242 -0.0398858 0.0141146 -0.00763455 -0.000560277 0.0326887 0.00256512 -0.00360149 -6.6356e-05 0.000303321 -0.00400405 -0.00087141 
-8.77164e-06 7.06995e-06 5.14456e-07 2.80334e-05 7.04029e-06 -9.0846e-08 1.41283e-07 0.000192474 4.70239e-06 -8.92266e-06 -3.44459e-05 1.12324e-05 1.19795e-05 -9.01335e-06 -2.17916e-06 -3.46586e-05 -4.15176e-06 5.61239e-06 -5.63401e-05 -3.55831e-05 -4.13725e-05 5.88226e-06 -4.37044e-05 -5.13521e-07 -1.42255e-06 5.07855e-06 1.07011e-05 1.20348e-05 2.17619e-07 -3.61402e-05 -1.29793e-06 -1.23548e-07 2.05456e-06 -4.15033e-05 -3.76231e-05 -4.82033e-07 1.86521e-05 8.16476e-06 -1.63399e-05 -2.50629e-05 6.84091e-06 3.69475e-06 -6.89994e-06 -7.10807e-06 -1.95583e-05 5.49649e-05 -1.44572e-06 -6.30691e-06 6.75569e-06 1.89068e-05 -5.09088e-05 2.39109e-06 2.02511e-07 1.92147e-05 7.71446e-06 2.46783e-06 6.41781e-06 -5.16846e-06 -1.89774e-06 3.31229e-05 -2.77186e-07 2.76245e-05 1.84792e-05 -8.06774e-06 5.89208e-07 5.33173e-06 6.90054e-06 3.2844e-05 9.38777e-08 6.63708e-06 1.62038e-05 -2.36945e-05 1.22781e-06 -1.51379e-06 -2.02631e-05 1.6014e-05 -9.32478e-06 4.48205e-06 -1.18286e-06 3.61679e-07 -4.00209e-08 -2.70919e-06 -1.72715e-05 1.0171e-05 -2.30015e-06 2.10178e-06 -3.14434e-06 3.86714e-06 1.34264e-06 -2.76162e-05 4.13141e-06 -9.5914e-07 8.96241e-07 -1.27863e-05 2.16066e-06 3.7566e-06 -5.53042e-08 2.07638e-06 3.9623e-06 4.70712e-06 
-0.000262506 -4.9135e-05 -2.32645e-06 -0.00027855 0.000144769 -1.24515e-06 0.000388963 4.70239e-06 0.00401154 0.000759255 -0.000534936 0.000106089 8.01607e-05 0.000149328 0.000196607 0.000745414 -8.76397e-05 -4.27246e-07 -0.000632555 0.000786196 -0.00141009 3.8403e-05 0.000779931 -8.79958e-06 0.000226143 -0.000564893 -0.000530245 0.000729068 -2.79136e-08 0.000763358 -7.28051e-05 -2.21738e-06 -4.54704e-06 -0.000138596 -0.000104268 -0.000778888 -1.8519e-05 0.000142751 -1.60969e-06 -3.68139e-05 -0.000444316 1.49882e-06 -0.00144053 -9.63015e-05 -0.000828904 9.3305e-05 1.65676e-05 -2.40969e-05 0.00185509 -5.23617e-05 -1.5472e-05 -1.12525e-05 2.12563e-05 -0.00120783 0.000102482 8.6849e-05 -3.82872e-05 -0.00030182 5.13798e-05 0.00041685 -5.76602e-06 -0.000245608 -0.000779574 -0.000477305 -2.31802e-06 -2.04994e-05 -6.30045e-05 -0.000542014 0.000178746 -3.72427e-05 -0.00052135 -0.000548647 5.05645e-06 -2.07726e-05 -0.000692089 1.85811e-05 -0.000255991 -6.82637e-05 -2.23259e-05 3.89144e-06 7.96005e-07 -0.000252482 0.000386403 0.00039023 4.89038e-06 8.01293e-06 3.19245e-05 0.000385166 1.93811e-05 0.000153502 -5.38298e-05 0.000269388 -6.1894e-06 4.89541e-05 0.000117228 -3.58412e-05 1.39847e-06 -8.4553e-06 -4.08981e-05 -3.82322e-05 
-0.0117709 -0.00128566 2.51297e-05 -0.00951801 -0.000786276 7.12228e-05 -0.0115647 -8.92266e-06 0.000759255 0.0816017 -0.0367022 -0.00255988 5.03552e-05 0.00348935 0.000228079 0.0489446 -0.00443533 -0.00152745 0.0116255 0.0508121 0.00787267 -0.000240182 0.0537245 -6.09595e-05 0.00240472 -0.0138709 -0.0103917 0.00688559 -4.11255e-06 0.0319723 -0.00106846 -5.92441e-05 -1.08312e-06 0.00730291 -0.0175737 -0.0409153 0.000453091 -0.000710256 -0.0374699 -0.0127753 -0.0412558 2.08541e-05 -0.0248032 -0.00657621 -0.0153833 -0.00226298 -0.00237273 -0.0103405 0.0355566 -0.00181254 -0.00362958 -0.000268503 -0.000122381 -0.0367123 -0.00205785 -0.000564355 -0.000812959 -0.00297708 -0.000903497 0.000368226 -0.000111318 -0.00616058 -0.0189139 -0.0112833 3.60218e-06 -0.00237045 -0.00213462 -0.0364899 -0.00217278 -0.00105527 0.025778 0.0196779 -0.000102848 -0.000624052 0.0150599 0.00122315 -0.00830315 -0.00171282 -0.000398114 4.8449e-06 -1.60455e-05 -0.0218751 0.0480311 -0.00513848 -0.00104907 -0.000232914 0.00128226 -0.00534633 -4.64239e-05 0.0470958 -0.00270049 -0.00160167 -0.00019824 -0.00615548 -0.000572845 0.00390899 -2.57505e-05 0.00051725 -0.00110633 -0.000697288 
-0.0461333 -0.00604826 -8.49946e-05 0.0802939 0.000512603 -0.000205519 -0.0898533 -3.44459e-05 -0.000534936 -0.0367022 0.249566 -0.00489932 -0.057037 0.0399487 -0.00473981 -0.0825202 -0.0241999 -0.00175397 0.0755208 -0.143859 0.134931 -0.00140806 -0.118472 -0.000527966 -0.00192993 0.0705117 -0.0599348 -0.0412526 -5.83655e-05 -0.0503464 -0.00209983 -0.000204691 -0.000573493 -0.0974583 -0.131427 0.0232223 -0.00182126 -0.00557635 0.0565721 0.0728117 0.179411 -0.00029026 0.0766306 0.0292264 0.089537 -0.0398556 -0.0142513 -0.145912 -0.146191 -0.00822851 -0.16142 -0.00156271 -0.000833247 0.188018 -0.00387133 -0.00112708 -0.00510881 -0.0313435 -0.00380783 -0.0131311 -0.0007314 0.0318589 0.11552 0.0457724 -6.96067e-05 -0.0222399 0.00274689 0.192678 0.00646377 0.000373527 0.0112777 0.0119712 -0.000385328 0.00161464 0.12687 -0.00104391 -0.0448203 0.000694042 -0.00290189 -0.000185497 5.78891e-05 0.00405888 -0.040254 -0.0217583 -0.00258255 -0.00421561 -0.00651637 -0.0592378 -0.000211656 -0.0667302 -0.00907154 0.00381165 0.000705292 -0.0444869 0.00233071 -0.0087986 4.72844e-05 0.000278046 -0.00247037 0.00149802 
0.0197825 0.00461871 1.35344e-05 -0.00370843 0.000604777 -5.65654e-06 0.0195305 1.12324e-05 0.000106089 -0.00255988 -0.00489932 0.0299835 -0.00226677 -0.0236568 -0.000333285 -0.00588388 -0.00155715 0.000738522 -0.0208805 -0.0089028 -0.0121162 0.000512396 -0.00848316 -4.65566e-05 0.000997084 -0.00537399 0.00520487 -0.00216569 1.5433e-05 -0.00755815 -0.000305879 3.83906e-05 0.000180805 -0.00483662 0.0168369 -0.00368245 -0.000327693 -0.000389996 0.0146662 -0.00351615 0.00959291 -1.82239e-05 0.00437477 -0.00114483 -0.00687445 0.0159476 -0.000859745 -0.00101564 0.0111707 0.00614417 0.00135749 -2.68488e-05 -5.41861e-05 -0.012322 0.0143365 0.002335 0.00020287 -0.00224397 0.000602166 -0.000974803 0.000247672 -0.00181155 -0.00780361 -0.00284214 0.000107204 -0.00117124 -0.000786809 -0.00492534 -0.00105659 -0.000157263 -0.0158768 -0.00513929 0.000694566 -3.2768e-05 -0.018264 -6.05304e-05 0.00337778 0.00311719 0.00052591 -1.44326e-05 5.72011e-05 0.0147412 -0.00276462 -0.00132577 -0.000145194 -0.000265812 -0.000484899 -0.0043489 6.97822e-05 -0.0060288 0.0095697 0.0056756 -3.67505e-05 0.00559858 0.00143487 -0.000535151 -7.49973e-06 0.00012802 -0.000267825 -0.000105523 
-0.0053722 0.00153076 -0.000110261 -0.021135 9.03466e-05 -4.20332e-05 0.0505242 1.19795e-05 8.01607e-05 5.03552e-05 -0.057037 -0.00226677 0.103651 -0.0223886 -0.000107846 -0.0135901 0.0265143 2.9934e-05 -0.0643911 0.0530562 -0.0665898 0.00111004 0.0351879 4.23846e-05 0.00362492 -0.0244015 -0.00123183 0.0477105 -7.73191e-06 -0.0102274 0.00012876 0.000105915 0.000134158 -0.00406211 0.0773843 0.0215918 -0.000543123 -0.00150519 -0.0320288 -0.0189104 -0.0654192 6.85904e-05 -0.0405931 -0.00958376 -0.0398171 0.0518263 0.00480606 0.0652408 0.037638 0.00880752 0.0711319 0.00199751 -0.000145567 -0.0615082 -0.00146432 0.002908 0.00161768 0.0274661 0.00613973 0.00276928 6.14254e-06 -0.00878832 -0.0318064 -0.0150424 -6.63018e-05 0.0207573 0.00244989 -0.0652117 0.0036767 -0.000759987 -0.0311924 -0.0256161 -5.49287e-05 -0.00106741 -0.0778226 0.000277012 -0.000800144 0.00148419 -0.000598645 1.13955e-05 -1.57154e-05 0.000613165 -0.0117046 0.00222444 -0.00107225 0.00288697 0.000977712 0.0731151 2.88371e-05 -0.00830612 0.0096746 -0.00718492 -0.000261878 0.0297711 -0.000747206 0.00079235 0.00010905 0.00060938 -0.00194832 0.000105339 
-0.0676375 -0.00933835 1.72349e-05 0.0143036 -0.00191551 -0.000114278 -0.0885335 -9.01335e-06 0.000149328 0.00348935 0.0399487 -0.0236568 -0.0223886 0.134778 -0.00198368 0.0196418 0.00509147 -0.00126967 0.0603862 -0.00102093 0.0618573 -0.000851363 0.0013398 -0.000664818 -0.0101546 0.0212963 -0.0516313 -0.0143757 -5.5094e-05 0.035474 -0.00114806 -0.00026107 -0.000430671 -0.0340483 -0.0812394 -0.0144352 0.000666118 0.00193097 -0.0382571 0.016631 0.0171557 7.13456e-05 0.00039113 0.00630238 0.0361494 -0.0350124 0.00119284 -0.0509604 -0.0510046 -0.0108119 -0.0602153 5.68341e-05 0.000265945 0.061161 -0.0174659 -0.00470442 -0.00333405 -0.0439022 -0.00495628 0.00520164 -0.00104838 0.00607567 0.0347228 0.0102628 -0.000163165 0.00139538 0.00362052 0.0569677 -6.91657e-05 -0.00100606 0.0827598 0.0237108 -0.00079742 0.000782157 0.0843883 -0.000170655 -0.0239174 -0.00258379 -0.00483251 -7.55167e-05 -0.000116755 -0.0398729 0.0124662 -0.00493875 -0.00156452 0.000936103 0.00114486 -0.0157764 -8.57831e-05 0.0284585 -0.0139524 -0.00306934 1.09173e-05 -0.0321497 -0.00274106 0.00234153 -2.23313e-05 -0.00164091 0.00224973 0.00113948 
8.48974e-05 3.7566e-05 8.56635e-07 -0.00138229 -9.0222e-05 -9.862e-07 0.00186547 -2.17916e-06 0.000196607 0.000228079 -0.00473981 -0.000333285 -0.000107846 -0.00198368 0.0111915 0.00576927 -1.07517e-05 8.15679e-05 -0.00224459 0.00649808 -0.00586795 -3.05254e-05 0.00468656 -2.59507e-05 -0.000240855 -0.00232605 -0.000325156 0.000492105 -1.55112e-07 0.00535453 -0.000200141 3.73757e-06 2.82169e-06 0.00607567 0.000339949 -0.00381664 -0.000112603 0.0023386 -0.00318973 -0.0018556 -0.0053636 -1.81977e-06 -0.00581255 -0.000225027 -0.00327768 -0.000591194 0.000969069 0.00352813 0.00492559 -0.000133388 0.00451312 -1.11971e-05 0.000103032 -0.00497541 -0.000129737 4.51572e-05 -1.08527e-05 0.00440964 -9.89963e-05 0.00219048 -1.35875e-05 -0.000790137 -0.00268158 -0.0014115 -5.19238e-06 -0.000239902 -0.000288615 -0.00491252 -0.000371099 -0.000114213 0.000298484 -0.000743408 1.43016e-05 -7.04558e-05 -0.00336445 3.26851e-05 -0.000937164 -0.000202136 5.36997e-06 -5.2422e-06 -1.70879e-06 -0.000186382 0.000107161 -0.000628031 0.000749517 -6.51579e-05 0.000237513 -0.00072528 -5.67499e-06 0.00139133 -0.000137912 -0.00044435 -2.48233e-05 -0.00085586 4.71443e-05 0.00021135 -2.99634e-06 -8.01112e-06 -0.000174139 -9.70013e-05 
-0.0209406 -0.00246343 -1.85742e-06 -0.0301829 -0.00190817 0.000208303 -0.0141231 -3.46586e-05 0.000745414 0.0489446 -0.0825202 -0.00588388 -0.0135901 0.0196418 0.00576927 0.155764 0.0015387 -0.00312742 0.0158612 0.0932805 -0.0208804 -0.000768532 0.0930201 -0.00020298 -0.000217098 -0.0348917 -0.0231904 0.00252103 1.41815e-05 0.0838132 -0.0021996 -2.26934e-05 -2.12222e-05 0.0512168 -0.00645364 -0.0548334 0.00013878 0.00394097 -0.0657376 -0.0312012 -0.0859069 5.05876e-05 -0.0593243 -0.0133735 -0.0450044 -0.0180299 0.00898712 0.0192576 0.0769402 -0.00381931 0.0316157 -0.000222092 0.000783476 -0.0854858 -0.00426599 -0.00137371 -0.000860115 -0.00209126 -0.00193985 0.010135 -0.000270386 -0.0142033 -0.0423627 -0.0241663 -6.48409e-05 -0.000669087 -0.00471497 -0.0790248 -0.00605902 -0.0019106 0.0618356 0.0293078 -0.000320127 -0.000889301 0.00446485 0.000968639 -0.00276436 -0.00347677 -0.000794721 -3.25142e-05 -3.67046e-05 -0.0292147 0.062413 -0.00630139 0.00244676 -0.00156922 0.00559493 -0.00489903 -5.9329e-05 0.0766613 -0.00607624 -0.00352846 -0.000350371 -0.0019521 -0.0012666 0.0106021 -5.0306e-05 -0.000493149 -0.0020597 -0.00180806 
-0.00678897 -0.000645446 -4.74364e-05 -0.00968734 3.17907e-05 -2.11777e-05 -0.00439072 -4.15176e-06 -8.76397e-05 -0.00443533 -0.0241999 -0.00155715 0.0265143 0.00509147 -1.07517e-05 0.0015387 0.0501074 0.00379062 -0.019738 0.026808 -0.0282022 1.60793e-05 0.00528231 0.000853339 0.00419638 -0.00918375 -0.000910202 0.000689408 -4.18334e-06 0.0102594 0.00431427 0.000100826 0.000166769 -0.00506711 0.0292552 0.00122501 0.000695039 -0.000209753 -0.0218378 -0.00756473 -0.027342 0.000363488 -0.0268545 -0.000697281 -0.0159587 0.00327276 0.0127922 0.0241281 -0.00129149 0.0029457 0.0275999 0.00220184 0.000695919 -0.0248137 -0.00118854 0.00032671 0.00322459 -0.00496157 0.00214414 0.00453745 -6.43883e-05 -0.00375179 -0.0103191 -0.00674138 -2.91261e-05 0.0134506 0.00850507 -0.0254908 0.00107074 0.000266895 0.0143796 -0.0116804 -6.35609e-06 -0.000398121 -0.027033 -6.14707e-05 0.00272583 0.0028932 -0.000295366 3.32264e-06 5.6168e-05 -0.00866728 -0.00438568 0.00143672 -0.000103522 0.00535725 0.00052884 0.0208164 7.91107e-05 0.00407483 0.00332628 -0.00316794 -0.000116312 0.0160043 -0.000343317 0.000959998 0.000193268 -7.38584e-05 -0.000766568 -0.000100274 
0.00453166 0.00106648 -4.58651e-06 -0.00370721 0.00187573 9.10175e-07 0.00321628 5.61239e-06 -4.27246e-07 -0.00152745 -0.00175397 0.000738522 2.9934e-05 -0.00126967 8.15679e-05 -0.00312742 0.00379062 0.0204506 -0.00443708 -0.00108297 -0.00795118 -7.2372e-05 -0.00277231 0.00022764 0.000524381 -0.00204866 0.00903542 -0.0006939 -2.46602e-06 -0.00206615 0.00184702 6.83788e-05 0.000370154 1.15415e-05 0.00307473 -0.00795962 0.00148163 0.000332246 0.00117757 -0.000576988 -0.00131357 0.000308542 -0.00441039 0.00268425 -0.00511527 -0.000748035 0.00114667 -0.000224738 -0.000203165 -0.00043527 0.00299979 -5.95422e-05 0.000154591 -0.00569244 0.000863089 -9.25784e-05 0.00151366 -0.00103053 -0.000174837 0.00212426 8.43734e-06 -0.00136578 -1.53278e-05 -0.000739003 8.44607e-06 -0.000772597 0.00743285 -0.00453421 0.00203592 0.000542681 -0.00327683 -0.0037861 4.96349e-05 0.000188654 -0.00498833 -2.07594e-05 0.00549013 0.00106701 0.000381308 1.8591e-06 6.19356e-05 -0.00224321 -0.00115943 0.00499464 0.00033872 0.00183579 -0.000216772 -0.00245185 0.000173443 -0.00271725 -0.000321904 -0.00113108 -3.47564e-05 -0.000663378 0.000634841 0.000144869 0.000191211 -3.00221e-05 -9.98521e-05 -0.000192587 
-0.0578351 -0.00728525 0.000131345 0.0184591 -0.0055122 2.92216e-05 -0.135088 -5.63401e-05 -0.000632555 0.0116255 0.0755208 -0.0208805 -0.0643911 0.0603862 -0.00224459 0.0158612 -0.019738 -0.00443708 0.199602 -0.033668 0.127865 -0.00138579 -0.00840775 0.000537294 0.000822135 0.0442123 -0.0567835 -0.0499531 -2.77433e-05 0.0194752 -0.00580242 -0.000412288 -0.000615256 -0.036007 -0.135868 -0.0369874 0.00257677 0.00184321 -0.00539053 0.0368055 0.0610738 6.23685e-05 0.041776 0.0214726 0.0769116 -0.0738675 -0.0139818 -0.107771 -0.0887972 -0.0085379 -0.117707 -0.00152144 -0.00093183 0.111268 -0.0139228 -0.00634255 -0.00283699 -0.0392336 -0.00288482 -0.000927511 -0.000661572 0.0037485 0.0517714 0.020059 -0.000136033 -0.00412005 -0.00162811 0.100088 0.00274197 4.53582e-05 0.0835028 0.0451063 -0.00131233 0.00171572 0.146564 -6.52052e-05 -0.0665882 -0.00693869 -0.00256114 9.85371e-05 -0.000129992 -0.056805 0.0266289 -0.0383963 -0.00279528 -0.00533486 -0.000110322 -0.0451494 -6.75738e-05 0.0265758 -0.0154976 0.00700817 0.000273204 -0.025904 -0.00276728 0.00197565 -0.000146187 -0.000909821 0.00327306 -0.00279446 
-0.0321447 -0.00372923 -0.000114462 -0.052812 -0.00246914 6.62481e-06 0.0157918 -3.55831e-05 0.000786196 0.0508121 -0.143859 -0.0089028 0.0530562 -0.00102093 0.00649808 0.0932805 0.026808 -0.00108297 -0.033668 0.20746 -0.0741956 0.000835156 0.150604 0.000738897 0.00737822 -0.0421052 -0.0120422 0.0472538 -4.87695e-07 0.0841947 0.00321796 5.40044e-05 3.26389e-05 0.0587477 0.0572314 -0.0448337 -0.00120011 0.00351981 -0.122704 -0.0453063 -0.16129 0.000364238 -0.0983251 -0.0183418 -0.0618123 0.0227543 0.0161404 0.0933826 0.078816 -0.000799308 0.106428 0.000426516 0.000973557 -0.124842 -0.00672124 -0.000900963 0.00338593 0.0237583 0.00211352 0.0174478 -0.000347674 -0.0216472 -0.0745911 -0.0358572 -0.000141011 0.0170065 0.00210854 -0.142041 -0.00167121 -0.00283592 0.0364375 -0.000419877 -0.000257389 -0.00236107 -0.0521353 0.00128251 -0.00449914 -0.000415308 -0.00148847 4.09555e-05 -4.63558e-05 -0.050778 0.0440579 -0.0054599 -0.00127068 0.00538954 0.00622326 0.0543042 -6.63071e-05 0.08772 -0.00479835 -0.0160396 -0.000513793 0.0217564 -0.00193747 0.00987558 3.70572e-05 0.000401878 -0.00341063 -0.000651928 
-0.0707072 -0.00746543 0.000176921 0.047291 -0.0056439 -6.70502e-05 -0.138914 -4.13725e-05 -0.00141009 0.00787267 0.134931 -0.0121162 -0.0665898 0.0618573 -0.00586795 -0.0208804 -0.0282022 -0.00795118 0.127865 -0.0741956 0.24498 -0.000482892 -0.0386043 0.000359578 6.26502e-05 0.0632771 -0.0699308 -0.0415037 -1.0289e-05 -0.0435629 -0.00174147 -0.00037698 -0.000502759 -0.0940019 -0.169072 -0.0503731 0.0013319 0.0014074 -0.000440039 0.0564065 0.112352 -0.000298762 0.0769885 0.0150749 0.12549 -0.0561247 -0.0160337 -0.15709 -0.144983 -0.010652 -0.179602 -0.00172133 -0.000901965 0.160896 -0.00777983 -0.00337791 -0.00444261 -0.0456205 -0.00364216 -0.00730794 -0.000808822 0.0251361 0.0764898 0.0483489 0.000203781 -0.0160533 -0.00211012 0.157192 -0.00283282 0.00302909 0.0659789 0.0813003 -0.00102109 0.00258898 0.175794 -0.000504056 -0.0619946 -0.00239155 -0.00307977 -0.000107582 -7.32398e-05 -0.0676506 0.0335126 -0.0335013 -0.00707616 -0.00460385 -0.00678151 -0.0591149 -0.000246711 -0.0106272 -0.017441 0.0174355 0.00049179 -0.0426734 -0.0019877 0.00309989 -0.000139003 -2.08658e-05 0.00589588 -0.00204415 
0.000120375 0.000182792 -3.78299e-06 -0.000472335 5.52443e-05 2.02381e-06 0.000891418 5.88226e-06 3.8403e-05 -0.000240182 -0.00140806 0.000512396 0.00111004 -0.000851363 -3.05254e-05 -0.000768532 1.60793e-05 -7.2372e-05 -0.00138579 0.000835156 -0.000482892 0.00428693 0.000419024 -9.32923e-06 -3.32512e-05 0.000323023 0.000125909 0.000742639 -2.88832e-07 -0.000935179 0.000106717 3.99485e-07 3.83042e-09 -0.00058232 0.000732647 -0.000150882 -2.08187e-05 -5.03243e-05 3.26221e-05 -0.00025053 -0.000696887 -1.30237e-06 -0.000373049 -0.000244671 0.000406855 0.00114364 8.90986e-05 0.000836174 -0.000312537 0.000336211 0.000236349 1.13678e-05 -9.62574e-07 -0.000377916 0.00032612 0.000147459 -1.22997e-05 0.00011058 0.000141228 0.000134032 -5.95476e-06 -0.000289131 -0.000851071 -8.14551e-05 1.9711e-05 0.000609503 3.08252e-06 -0.000552813 -8.98992e-05 -4.44967e-05 -0.00109507 -0.000284115 6.48003e-06 -1.35126e-05 -0.000830933 5.27821e-08 -0.000269238 -3.70396e-05 -4.82103e-06 -1.99954e-06 -8.95059e-07 -0.000944166 -0.000122836 -0.000112252 -4.86862e-05 6.66904e-05 -6.79335e-05 0.000626232 1.60095e-06 -0.00074218 0.000324839 -6.14329e-05 -2.69769e-06 3.30765e-05 5.96258e-05 -4.75814e-05 -9.14643e-07 3.31005e-05 0.000150946 -2.22651e-05 
-0.0357452 -0.00399066 -0.000106136 -0.0509008 -0.00268935 0.00010283 0.00472354 -4.37044e-05 0.000779931 0.0537245 -0.118472 -0.00848316 0.0351879 0.0013398 0.00468656 0.0930201 0.00528231 -0.00277231 -0.00840775 0.150604 -0.0386043 0.000419024 0.203837 0.000891861 0.00506201 -0.0399849 -0.0291929 0.0406164 2.75557e-05 0.069124 -0.0035617 -0.000169799 -0.000183132 0.0475769 0.0329131 -0.0652667 0.000116791 0.00363739 -0.112238 -0.0375776 -0.131738 0.000214605 -0.0699986 -0.0142423 -0.0398109 0.016986 -0.00229823 0.0641327 0.0788438 -0.00197711 0.0711343 -0.000567995 -0.000308867 -0.107076 -0.00635676 -0.00112056 0.00270898 0.0196186 0.00204575 0.0160339 -0.000389884 -0.0211504 -0.069945 -0.0313346 6.28079e-05 0.0101683 -0.00574862 -0.110701 -0.00430725 -0.000409609 0.0214845 0.0207003 -0.000226439 -0.00224511 -0.0252488 0.00125415 -0.0181899 -0.0054729 -0.00142647 0.000216062 -5.65559e-05 -0.0569458 0.059995 -0.0114322 -0.000830467 -0.000959348 0.00812117 0.0525769 -0.000116524 0.094196 -0.00704331 -0.00619756 -0.000637701 0.0137351 -0.00166259 0.0112349 -2.66931e-05 0.00072897 -0.000885052 -0.00239125 
-0.00026055 -3.62061e-05 -4.37622e-07 -0.000275598 -2.4059e-05 -5.69899e-07 -0.000523815 -5.13521e-07 -8.79958e-06 -6.09595e-05 -0.000527966 -4.65566e-05 4.23846e-05 -0.000664818 -2.59507e-05 -0.00020298 0.000853339 0.00022764 0.000537294 0.000738897 0.000359578 -9.32923e-06 0.000891861 0.00266037 0.00100969 -0.000451557 -0.000360809 -0.000182065 9.16163e-06 -0.000202024 -2.41318e-05 -5.32546e-07 1.77865e-05 -0.000461506 0.000201585 -0.00134773 0.000338057 0.000180947 -0.000798549 -0.000396509 -0.000548908 2.50877e-05 -0.000278697 0.000397431 -5.91859e-05 -0.000302666 -6.49939e-05 3.12147e-06 -0.000896664 -5.01716e-05 8.73063e-05 -8.12926e-06 -4.98544e-06 -0.000384935 -6.22602e-06 -2.01457e-05 0.000355926 -0.000285267 9.13268e-05 6.73524e-05 -2.01855e-06 -0.00014774 -0.000265416 -0.00026217 -9.24058e-07 0.000111115 0.000177398 -0.000417001 8.80051e-05 -2.50788e-06 0.000298172 -0.000165938 4.74517e-07 -1.73801e-05 -0.000219887 -2.63536e-06 -0.000290788 -6.48488e-06 -9.04559e-06 1.12659e-05 2.12125e-07 -0.000390003 0.000412048 -0.000154544 -3.2357e-05 -5.71044e-06 2.88672e-06 0.000630963 3.79227e-05 -0.000488401 2.7917e-05 0.000212981 -6.04536e-06 0.00107897 -2.40123e-06 0.000306616 1.53781e-05 -1.77764e-06 0.000215166 -2.69647e-05 
-0.0030223 -0.000323957 3.64398e-06 -0.0045862 -0.000208923 -1.0316e-05 -0.00292366 -1.42255e-06 0.000226143 0.00240472 -0.00192993 0.000997084 0.00362492 -0.0101546 -0.000240855 -0.000217098 0.00419638 0.000524381 0.000822135 0.00737822 6.26502e-05 -3.32512e-05 0.00506201 0.00100969 0.0249711 0.00265391 -0.00335117 0.000610093 1.59511e-05 -0.0029144 -0.000233863 2.68291e-05 4.0739e-05 -0.00126444 0.00113837 -0.00834747 0.000190661 -0.000261332 -0.00320709 0.0039073 -0.00506479 8.1763e-06 -0.00433522 0.00490814 0.00205569 -0.00253665 6.34132e-05 0.000576085 -0.00308006 -0.000245969 0.0013068 -7.01686e-05 1.63748e-05 -0.00323697 0.00105464 -8.69797e-05 0.000323174 -0.00197636 0.00212694 -0.000659189 -2.4778e-05 -0.00102413 -0.00439629 -0.00179493 1.48509e-05 0.00208544 0.00227438 -0.00335495 0.00378118 0.000185173 -0.00340169 -0.00395803 -4.30911e-05 -0.000166413 -0.00112041 5.08615e-05 -0.0026571 0.0011942 -4.40006e-05 5.59027e-05 0.000102439 -0.00860013 0.00227159 -0.00151168 -0.000240159 -6.16289e-05 0.000444723 0.00362977 3.96696e-05 -0.000840326 0.000378283 0.00308374 -2.16098e-05 0.00565075 -6.93797e-05 0.000107525 0.000100238 0.000529516 -0.000196979 -0.000234295 
-0.0265905 -0.00288066 -0.000114375 -0.0173732 -0.00176894 -8.67876e-05 -0.0525285 5.07855e-06 -0.000564893 -0.0138709 0.0705117 -0.00537399 -0.0244015 0.0212963 -0.00232605 -0.0348917 -0.00918375 -0.00204866 0.0442123 -0.0421052 0.0632771 0.000323023 -0.0399849 -0.000451557 0.00265391 0.167747 -0.0221262 -0.0130981 -2.7164e-05 -0.0296084 0.00722292 -7.57099e-05 -0.000186253 -0.0382466 -0.0631454 0.0137997 -0.000304505 -0.00263343 0.0652888 0.0819626 0.0417916 -5.14884e-05 0.023652 0.0159489 0.106875 -0.0243555 -0.0033475 -0.0553718 -0.0812127 -0.00531135 -0.063662 -0.000618094 -0.000230147 0.0819713 -0.00382902 -0.00163511 -0.00190534 -0.0206354 -0.00171327 -0.00671874 -0.000297777 -0.0127074 -0.029794 0.0468546 0.000127911 -0.00852124 -0.00171745 0.0727687 0.00414658 -0.0025302 -0.0459704 0.0165865 -0.000395624 -0.000662747 0.0664794 -0.000426388 -0.0202571 -0.00347261 -0.00126832 -3.34221e-05 2.85333e-05 -0.0787571 -0.0171294 -0.0119911 -0.00274258 -0.000546448 -0.00333864 -0.0318053 -7.64235e-05 0.00892405 -0.00670464 -0.00385112 0.00125954 -0.0192732 -0.00017227 -0.00346296 -3.67147e-05 0.000517404 -0.000177617 -0.00151639 
0.0856825 0.00742325 -3.76622e-05 -0.0230109 0.00345262 6.91664e-05 0.0857834 1.07011e-05 -0.000530245 -0.0103917 -0.0599348 0.00520487 -0.00123183 -0.0516313 -0.000325156 -0.0231904 -0.000910202 0.00903542 -0.0567835 -0.0120422 -0.0699308 0.000125909 -0.0291929 -0.000360809 -0.00335117 -0.0221262 0.128427 -0.00226035 -1.272e-05 -0.0299468 0.00452375 5.33703e-05 0.000456482 0.0573503 0.0809506 0.0171258 -0.00101956 -0.000826494 0.0514414 -0.0234099 -0.0258432 5.74993e-05 0.00745483 -0.0112112 -0.0415639 0.00607275 0.00477773 0.0632805 0.0567415 -0.00135012 0.0757477 -0.000299453 0.000295439 -0.0712205 0.00647481 -0.000533596 0.00289616 0.0195308 -0.000828632 -0.00259022 0.00088759 -0.0106315 -0.0356735 -0.0166868 -7.84017e-05 -0.00307654 0.00298162 -0.0706414 -0.00338809 -0.00140115 -0.0637144 -0.0294997 0.000633786 -0.00123698 -0.080844 -0.000146742 0.0642747 0.0034797 0.0044949 -4.23162e-05 -1.54815e-05 0.049453 -0.0123887 0.0356277 0.0021917 0.00380729 -0.00230494 -0.0118316 7.86969e-05 -0.0266018 0.00051204 -0.00497219 -0.00031233 0.00646632 0.00110514 -0.00176545 -2.76841e-05 -0.000115202 -0.000228705 -0.000916894 
-0.00952458 -0.00104338 -6.81048e-05 -0.0133867 -0.000536725 -3.19752e-05 0.0439325 1.20348e-05 0.000729068 0.00688559 -0.0412526 -0.00216569 0.0477105 -0.0143757 0.000492105 0.00252103 0.000689408 -0.0006939 -0.0499531 0.0472538 -0.0415037 0.000742639 0.0406164 -0.000182065 0.000610093 -0.0130981 -0.00226035 0.0739773 -4.1213e-06 0.0035957 0.00169291 6.84871e-06 5.9588e-05 -0.00115388 0.0409527 0.0133421 -0.000737045 -0.00084189 -0.0327766 -0.0131475 -0.0452243 -4.51041e-05 -0.0362199 -0.00679387 -0.0266029 0.0390547 0.000903844 0.0422274 0.032376 0.000691621 0.0470821 -0.000167961 0.00043701 -0.0412299 -0.00166485 0.000819152 0.000439448 0.0205458 0.0015717 0.000631701 -5.35236e-05 -0.006006 -0.0218659 -0.0101874 -4.59329e-05 0.0009732 -0.00169738 -0.0436349 0.00161927 -0.000913689 -0.02801 -0.0147908 8.15165e-05 -0.000739645 -0.0460249 0.000435174 0.0068184 -0.00118738 -0.0004789 -2.21974e-05 -1.66357e-05 -0.00122974 -0.00439203 0.0049845 -0.000789466 0.00129175 0.000952597 0.0451886 -3.61101e-05 -0.00301667 -0.000583039 -0.00481183 -0.000113903 0.0131437 -0.000526456 0.000297786 -2.31113e-05 0.000216349 -0.00133146 0.00060986 
2.63032e-05 -1.94349e-06 6.56983e-08 -2.53085e-05 1.87605e-05 6.75767e-08 2.08191e-05 2.17619e-07 -2.79136e-08 -4.11255e-06 -5.83655e-05 1.5433e-05 -7.73191e-06 -5.5094e-05 -1.55112e-07 1.41815e-05 -4.18334e-06 -2.46602e-06 -2.77433e-05 -4.87695e-07 -1.0289e-05 -2.88832e-07 2.75557e-05 9.16163e-06 1.59511e-05 -2.7164e-05 -1.272e-05 -4.1213e-06 0.000139325 -2.86252e-05 1.14091e-06 2.2147e-05 2.97057e-07 1.1269e-05 -1.98461e-05 -6.88627e-05 -1.23864e-06 2.3389e-06 5.4229e-06 -2.19896e-05 -3.22826e-05 -1.75578e-08 8.88763e-06 -3.40419e-06 2.08715e-05 6.27802e-06 1.39069e-05 3.0723e-06 2.87015e-05 -3.40427e-06 -1.51024e-06 3.19788e-07 -3.4401e-07 -4.2869e-05 7.8632e-06 4.36114e-05 -1.39454e-06 3.43283e-05 1.90192e-06 9.30654e-06 -2.00634e-07 -6.90416e-06 -2.97274e-05 -1.64996e-05 -8.01943e-08 1.83553e-06 -1.59324e-06 -3.28524e-05 -3.57893e-06 2.1667e-06 -2.5505e-05 1.56212e-06 1.64171e-08 2.14766e-06 -2.56351e-05 4.90363e-07 -1.57362e-06 8.23553e-07 3.7715e-07 1.76494e-07 1.82659e-06 -3.72546e-05 3.46531e-05 -4.60467e-06 1.81494e-05 4.68994e-06 -1.89817e-06 -2.49516e-06 1.77076e-06 -1.20471e-05 -3.15451e-06 3.74816e-05 1.62807e-06 2.55983e-05 8.23436e-06 1.87689e-06 -4.00306e-08 -3.79009e-07 1.97917e-05 -7.88101e-07 
-0.0299609 -0.00359665 -9.09699e-05 -0.00163448 -0.00205995 6.79023e-06 -0.0356183 -3.61402e-05 0.000763358 0.0319723 -0.0503464 -0.00755815 -0.0102274 0.035474 0.00535453 0.0838132 0.0102594 -0.00206615 0.0194752 0.0841947 -0.0435629 -0.000935179 0.069124 -0.000202024 -0.0029144 -0.0296084 -0.0299468 0.0035957 -2.86252e-05 0.187301 0.00198513 -5.13055e-05 -3.71054e-05 0.0413698 -0.0105933 -0.0226385 -0.00186097 0.001157 -0.0848399 -0.0386286 -0.0617685 0.000139598 -0.0626078 -0.0081048 -0.0619947 -0.0247434 0.00910662 0.0180561 0.0333273 -0.00409388 0.0365137 0.000193872 0.000873842 -0.0395457 -0.0055454 -0.00189607 0.000762225 -0.0171747 -0.00149874 0.00903151 -0.000344767 -0.0121911 -0.00384314 -0.0228731 -0.000138382 0.00379619 -0.00514473 -0.0565099 -0.00716395 -0.00235825 0.081135 -0.0169557 -0.000440244 -0.000163053 0.00869022 0.000872808 -0.00427801 -0.00436496 -0.00128918 8.08715e-05 -4.81452e-05 -0.00172607 0.0210945 -0.00688984 0.000846584 0.00092452 0.0104487 -0.00645676 -0.000103595 0.0752401 -0.00682376 -0.0122401 -0.000186973 -0.011329 -0.00147444 0.000491457 -6.42609e-05 -0.000627495 -0.00397766 0.000551682 
-0.00192029 -0.000131465 -7.86818e-06 -0.00288173 0.000334149 -2.68447e-06 -0.00408727 -1.29793e-06 -7.28051e-05 -0.00106846 -0.00209983 -0.000305879 0.00012876 -0.00114806 -0.000200141 -0.0021996 0.00431427 0.00184702 -0.00580242 0.00321796 -0.00174147 0.000106717 -0.0035617 -2.41318e-05 -0.000233863 0.00722292 0.00452375 0.00169291 1.14091e-06 0.00198513 0.0179511 9.87984e-05 0.000115687 -0.00395435 -0.00143205 -0.00195179 -0.000162019 -0.000160284 -0.00042923 0.00133852 -0.00191165 5.03654e-06 -0.00583318 0.000684984 0.00197251 -0.00169009 0.00493187 0.000409632 -0.00831053 -0.000457698 0.00228874 7.43189e-05 0.000326379 -0.000846754 -0.000283533 0.000528719 0.0019294 -0.00188464 0.000541782 8.49471e-05 -1.51712e-06 -0.000307815 -0.00389093 0.00187008 5.23654e-05 -0.000680464 0.00345075 -0.00112834 -0.000124194 0.00104184 -0.000677595 -0.00135772 -1.54859e-05 0.000151563 0.000356229 4.97284e-05 0.00533597 0.000211906 -5.96304e-05 -3.41681e-06 2.07542e-05 -0.00750931 -0.00172486 0.00227001 6.96091e-06 0.00470277 -0.000177006 -0.00273996 3.26302e-05 0.000319464 -0.000609644 -0.000128907 4.94055e-05 -0.00155693 0.00045105 -0.000171114 1.22581e-05 4.31312e-05 0.000126781 0.000450808 
0.000174306 6.10533e-05 -2.51953e-07 -0.0001071 1.57068e-05 7.588e-07 0.000249462 -1.23548e-07 -2.21738e-06 -5.92441e-05 -0.000204691 3.83906e-05 0.000105915 -0.00026107 3.73757e-06 -2.26934e-05 0.000100826 6.83788e-05 -0.000412288 5.40044e-05 -0.00037698 3.99485e-07 -0.000169799 -5.32546e-07 2.68291e-05 -7.57099e-05 5.33703e-05 6.84871e-06 2.2147e-05 -5.13055e-05 9.87984e-05 0.000699 2.23747e-06 0.000143518 0.000159959 -8.81639e-05 -2.6682e-06 -2.29846e-06 7.17569e-05 -6.68496e-05 -0.000180883 -4.11683e-07 -0.000232381 -2.15664e-05 -0.0002313 2.53831e-05 0.000267567 0.000178423 0.000108492 8.64742e-05 0.000155907 4.92384e-06 7.09534e-06 -0.000279794 2.84966e-05 9.69965e-05 1.23218e-05 8.97144e-05 -4.56548e-06 3.4154e-05 3.484e-07 -4.59058e-05 -0.000135246 -6.53524e-05 2.45299e-06 -1.10528e-05 0.00014813 -0.000233486 0.000104474 2.6984e-06 -0.000125428 -0.000154691 7.88008e-07 -6.19857e-06 -0.000321952 -1.27611e-06 8.96427e-05 3.59245e-05 -1.97916e-07 -3.41102e-07 -2.31937e-08 -1.30334e-05 -6.05683e-05 -1.8804e-05 0.000154787 4.2381e-05 -1.05583e-05 -3.69559e-05 -3.58794e-07 -5.75068e-05 0.000132555 -8.37313e-06 -1.44373e-06 0.00012061 4.13202e-05 5.48102e-06 2.80768e-05 -1.90257e-06 8.7916e-07 1.6426e-06 
0.000360456 0.000257369 1.27129e-06 -0.000215936 0.000106595 -5.74397e-07 0.000375902 2.05456e-06 -4.54704e-06 -1.08312e-06 -0.000573493 0.000180805 0.000134158 -0.000430671 2.82169e-06 -2.12222e-05 0.000166769 0.000370154 -0.000615256 3.26389e-05 -0.000502759 3.83042e-09 -0.000183132 1.77865e-05 4.0739e-05 -0.000186253 0.000456482 5.9588e-05 2.97057e-07 -3.71054e-05 0.000115687 2.23747e-06 0.00121572 -6.27309e-05 0.000284604 -0.000316494 9.26708e-05 -1.20623e-05 0.000102672 -0.000200676 7.70378e-06 8.03095e-06 -0.000394481 -9.18119e-05 -0.000381691 0.000253689 0.00013485 -8.00239e-05 0.000436327 5.20768e-05 0.000462096 1.36128e-05 8.75056e-06 -0.000606425 0.000294642 8.7755e-06 4.3774e-05 -0.00012327 -1.26965e-05 -3.36193e-06 -5.19245e-07 -9.00291e-05 -0.000305303 -0.000135168 3.38838e-06 4.74666e-05 1.02003e-05 -0.000577744 -2.54481e-05 -1.21319e-05 -0.000187459 -8.5177e-05 1.88392e-05 -1.0361e-05 -0.000546946 9.62271e-06 0.000324824 1.75897e-05 3.35433e-05 2.38422e-06 7.13624e-07 1.16295e-05 5.04222e-05 0.000231419 3.38269e-05 6.16439e-05 -1.64364e-05 0.000128009 3.67429e-07 -6.95382e-05 2.89129e-05 -6.59028e-06 -2.58585e-06 1.34698e-05 1.11532e-05 -1.75915e-05 -2.94119e-07 -3.31072e-06 1.62063e-05 -9.05278e-06 
0.0553846 0.000452604 -6.44689e-05 -0.0332608 -0.000776585 0.000141493 0.0700455 -4.15033e-05 -0.000138596 0.00730291 -0.0974583 -0.00483662 -0.00406211 -0.0340483 0.00607567 0.0512168 -0.00506711 1.15415e-05 -0.036007 0.0587477 -0.0940019 -0.00058232 0.0475769 -0.000461506 -0.00126444 -0.0382466 0.0573503 -0.00115388 1.1269e-05 0.0413698 -0.00395435 0.000143518 -6.27309e-05 0.170874 0.0793987 0.00534333 -0.00225107 0.000595968 -0.000699994 -0.0355716 -0.0936704 -5.8282e-05 -0.0466824 -0.0168865 -0.0601653 -0.0154536 0.0084407 0.109262 0.0900019 -0.00465838 0.123997 -0.000298191 0.000110464 -0.10161 -0.00217281 0.00041285 0.000293216 0.0315233 -0.00182567 0.00267207 0.000447431 -0.0161203 -0.0581233 -0.0269659 -0.000124212 -0.00280092 -0.0051029 -0.1188 -0.00746672 -0.00263212 -0.023712 -0.0298484 -0.000183581 -0.00193128 -0.075066 0.000203604 0.0443781 -0.00142276 0.00347825 1.54049e-05 -2.89887e-05 0.0139162 -0.00352759 0.0154434 0.00376563 -0.000661919 0.00590147 -0.0123995 -7.14787e-05 0.0446126 -0.00559919 -0.012302 -0.000453111 0.000605733 -0.00135108 -0.0018775 -5.71849e-05 -0.000325823 -0.00345405 -0.00162171 
