0.0847233 -0.00676705 -0.00149278 0.000191086 -0.00131532 -0.00259787 -0.0123157 -0.00278878 -8.8604e-05 -0.0534264 -6.86633e-05 -0.00930575 0.000702497 -0.0163166 2.00654e-05 0.000850013 0.00311751 -0.00478312 -0.00208915 -0.0489567 0.000409333 0.0185831 -0.00434109 0.00255417 -0.00996173 0.0113119 -0.00171353 -0.0160479 -0.0337394 0.000592209 -0.00308596 -0.0266383 -7.19826e-06 -0.000498378 0.000830819 -0.048782 0.0226546 -0.00183721 0.0101844 0.0422721 0.000230287 0.0343347 -0.000160227 0.000532263 0.000114575 9.74152e-05 -0.0354995 -0.00112357 0.00150283 -0.00466007 0.0158624 0.000174347 -0.0342028 -0.00361186 0.0438985 -0.000339625 0.000322693 0.0110421 -0.0132232 -0.00256645 0.00716014 -0.00615766 -0.00769354 7.07537e-05 0.000239542 4.16425e-05 -0.000649133 -0.00767907 0.00375619 0.021211 0.0380955 -0.00245919 0.00677361 2.40095e-05 -0.00132721 -0.00574221 -0.026905 -0.0257805 0.0302417 0.000282411 0.0348674 -0.0271943 8.26662e-05 -1.00002e-05 -0.00448818 -0.00301855 -0.00797702 0.00372057 0.00232836 -0.00397614 0.00558675 0.0220739 0.0483118 -0.0420859 -0.000287813 0.0396255 -0.0145577 0.0319698 -0.00195154 -0.00927928 
-0.00676705 0.130079 0.000647409 0.00124675 -0.00272385 -0.00109795 0.00454986 -0.00424848 -6.21573e-05 -0.00721689 -0.000112348 0.000393696 -0.00046203 -0.0249826 1.90334e-05 0.00213698 -0.00139086 -0.0126197 -0.00273165 -0.00478052 0.000160846 0.00140293 0.00966637 0.00313535 0.0278927 -0.00166959 0.00939519 0.0404373 0.0527475 -0.000101019 0.00811425 -0.0662528 4.73123e-06 0.00147517 -0.00104113 -0.007079 -0.00334211 -0.00354012 -0.0390005 -0.00421628 -0.000141806 -0.0369982 0.00896627 -0.000287987 -6.29471e-05 -2.60167e-05 -0.0516132 -0.000350287 0.00790438 -0.0017842 0.00625337 -5.67529e-05 0.0285229 -0.00462666 -0.00628309 7.35655e-05 -0.0014399 -0.0453258 -0.00759463 0.000757192 -0.00586615 0.0489329 0.0019941 -0.000118919 0.00658289 -6.96537e-05 -8.45188e-05 0.00960383 -0.000600518 -0.0457468 -0.0169892 -0.0167013 -0.00196413 -0.000107008 0.000220993 -0.00627799 0.0143515 0.0405039 0.0213072 -0.00107194 -0.000692032 0.0412555 7.37689e-05 -1.56214e-05 0.0331409 0.0089775 0.0100854 -0.00161889 0.0028493 -0.00577781 0.0107781 -0.0480644 0.0099767 -0.00343007 0.000951869 -0.0336424 -0.0494231 -0.00472963 -0.00259145 -0.00995594 
-0.00149278 0.000647409 0.0172383 1.73908e-05 -0.000351457 -0.00035521 0.0117018 0.00375645 -2.13654e-05 0.00652212 2.88422e-05 -0.000279617 -8.97098e-05 -0.00290687 -1.20329e-06 -0.000124465 -0.000561076 -0.00124006 -0.000371728 0.00690339 2.77203e-05 -0.00048526 0.000189416 0.00204791 0.00274003 2.95097e-05 0.000459338 0.000826409 0.00266488 -3.54672e-05 -0.000543194 -0.00807794 -3.9218e-06 9.14444e-05 -7.122e-05 0.00675335 -0.00512118 -0.000421775 -0.00176671 -0.00844715 1.49657e-06 -0.00964568 -0.000412484 -2.62546e-05 -6.08284e-06 1.63812e-05 -0.00532606 -0.000174161 0.000260276 -0.000883108 -0.00177915 1.71006e-06 0.00903297 -0.000842855 -0.0072392 0.00125078 -0.00015092 -0.0106414 -0.00319867 -0.000298901 -0.00119926 0.00879985 -0.000924756 3.73846e-06 -0.000167088 -1.07164e-05 -0.000101013 -0.00166759 -8.54517e-05 -0.00686049 -0.00935918 -0.00185582 0.000926074 -1.86464e-05 -0.000277972 0.0111877 0.0110423 0.00857587 -0.00195192 -0.000117382 -0.00404441 0.0117505 7.76752e-06 -1.84181e-06 -0.00885881 -0.000357761 -0.00151041 -8.25799e-05 3.84889e-05 -0.000684874 -0.000251782 -0.00723056 0.00446471 0.00401352 -6.69906e-05 -0.00702588 -0.00672962 0.0011327 0.00141785 -0.00173335 
0.000191086 0.00124675 1.73908e-05 0.00322218 4.19939e-05 -5.39675e-05 -0.000113394 -0.000230976 -3.28343e-06 -0.00142978 -2.56333e-06 -1.51945e-05 0.000158208 -0.000560966 2.08426e-07 0.00013085 -9.23182e-05 0.000436252 0.000614901 -0.000968008 2.8562e-05 0.000419777 0.000798001 -9.18749e-07 -6.11393e-05 -2.82569e-05 0.000424367 0.000887304 0.000722358 3.754e-05 0.000666412 -0.00157063 6.31722e-06 0.000939353 0.000122309 -0.00136632 -0.000895033 0.00018438 -0.00207056 -0.000420294 1.41759e-05 -0.00170614 0.00141707 4.05642e-05 2.93524e-05 2.38622e-05 -0.00132543 0.000167021 0.00157094 0.000259288 -0.000336982 5.17683e-06 -0.000597888 8.20625e-05 -0.000778798 0.00176218 -1.95299e-05 -0.00213494 0.000851971 0.00121171 -0.000169118 0.00192385 1.91133e-05 9.69599e-05 0.00129553 4.48121e-06 -3.31113e-05 0.000828451 -1.24098e-05 -0.00118406 -0.000748097 2.51878e-05 -4.67788e-05 0.00012094 3.71981e-05 -4.503e-05 -0.000710386 -0.000582882 0.000645453 -7.97659e-06 -0.000705229 -0.000356583 9.71692e-05 6.91072e-07 -0.000623681 0.000755848 0.00194534 0.000219173 2.59712e-05 -0.000137311 0.000131491 -0.00123513 -0.00102485 -0.000666434 1.25631e-05 -0.00122267 -0.00121433 -1.66268e-05 0.000441175 0.000167541 
-0.00131532 -0.00272385 -0.000351457 4.19939e-05 0.0196852 -2.90815e-05 -0.00342239 0.00181113 -9.24892e-06 0.00228965 -1.17739e-05 0.00234493 -8.93348e-05 0.00909877 -1.33337e-06 -2.95393e-05 -0.000697326 0.000943995 -2.73724e-05 0.00247108 -2.2614e-05 -0.000534956 -0.000826394 -0.000471449 -0.00229884 -0.000271121 -0.000353463 -0.00389224 0.00676246 -3.77802e-05 0.000431009 0.00671376 -2.96207e-06 0.000116221 0.000950422 0.00306083 -0.00459637 -0.000166872 0.00489563 -0.00083398 -1.11102e-05 -0.00415877 -0.000487045 -3.87665e-05 2.4522e-06 1.67355e-05 0.00454735 0.000613136 -0.000580827 -0.000116409 -0.00112013 -7.49882e-06 0.00305546 0.00437506 -0.00254498 -0.000241682 -0.000171385 0.00394945 -0.000927049 0.00048029 -0.00129339 -0.00231657 0.000300919 -1.65444e-05 -0.000128123 1.43071e-06 -0.000319483 -0.0018633 -8.95451e-05 -0.00700443 -0.00515424 -0.00119584 -0.000359383 -2.30914e-05 -0.000295282 -0.00204917 0.0010572 0.00212557 -0.00138249 0.00043028 -0.00392852 -0.00553608 -1.88594e-05 7.95878e-06 -0.00985959 -0.000703985 0.00429705 -0.000263546 -0.00014287 0.0027754 -0.00116435 -0.00125489 -0.00786871 0.00671902 -7.23693e-05 -0.00657058 -0.00228918 -0.000722028 -0.000389475 0.00132682 
-0.00259787 -0.00109795 -0.00035521 -5.39675e-05 -2.90815e-05 0.0275755 0.014283 -0.000959822 -3.09304e-05 0.00948913 -1.78493e-05 0.00508591 -8.49887e-05 0.000307672 -3.38793e-07 -5.04107e-05 -0.00052946 -0.000513857 0.000252961 0.00929948 1.8056e-05 -0.000967257 0.00349513 -0.000263696 0.00443619 -0.000452905 2.09089e-05 0.00493233 -0.0067193 0.000114896 -0.000161252 -0.000483688 1.65696e-05 -4.14924e-05 -2.37389e-06 0.00936201 -0.00716781 -0.000646826 -0.00159128 -0.00872062 -1.54785e-05 -0.00908332 -0.000659164 -6.07587e-06 -1.20458e-05 -3.15225e-06 0.00614244 -9.72674e-06 -0.000327938 -0.00114471 -0.00299095 8.88094e-06 0.00477397 -0.000706465 -0.00971466 0.000334493 0.000220714 -0.00691064 -0.00511564 -0.000568416 -0.00192234 -0.000883216 -0.00194096 -1.50847e-05 -0.00023263 1.75106e-05 0.0061978 -0.0027151 -0.000142489 -0.01046 -0.0140361 0.00122283 -0.000382906 -1.02776e-05 -0.000414887 0.00867338 0.00751732 -0.000443552 -0.00227657 -8.29569e-05 -0.00539168 0.00984313 -2.52659e-05 -1.97908e-06 -0.00878324 -0.00109141 -0.00206797 -0.000120943 -0.000218518 0.00115493 0.00177573 -0.00235337 -0.0117987 0.00689097 -0.000106514 -0.0107047 0.000949964 0.00357876 0.0021102 -0.000670897 
-0.0123157 0.00454986 0.0117018 -0.000113394 -0.00342239 0.014283 0.142725 0.00634486 -0.000223189 0.061251 -7.78627e-05 0.0138522 -0.000793037 -0.0127778 -4.05904e-06 -0.00117441 -0.00407729 -0.0114476 -0.00236752 0.0683063 -9.42605e-05 -0.00375237 0.0131372 0.00514677 0.0279411 -0.000147674 0.010823 0.0198387 0.0215196 8.60405e-05 -0.00495499 -0.00464929 3.27846e-05 -0.000269284 -0.000354936 0.0652629 -0.0451017 -0.0025769 -0.00394771 -0.077883 0.000730647 -0.0824372 -0.00499544 0.000120867 0.000147296 2.45183e-05 0.00969012 -0.00140784 0.0026249 -0.00870501 -0.0172904 0.000293455 0.0749416 -0.00825294 -0.0664424 0.00735514 0.00404961 -0.0703212 -0.0334058 -0.00411425 -0.0117542 0.0352387 -0.0106262 0.000509102 -0.00159484 -9.23826e-06 0.00928618 -0.0165211 -0.000580821 -0.0672192 -0.0897658 -0.00625197 -0.000442074 0.000137416 -0.00240208 0.0720309 0.0751818 0.0560102 -0.0170165 -0.000501836 -0.0360254 0.0885304 0.000159639 -1.08066e-05 -0.048977 -0.00153422 -0.0111664 0.00111498 0.00208543 -0.000202667 0.000152325 -0.0423476 -0.0292255 0.0521203 -0.000695161 -0.0664968 -0.0422001 0.0146338 0.00894804 -0.00945347 
-0.00278878 -0.00424848 0.00375645 -0.000230976 0.00181113 -0.000959822 0.00634486 0.0756494 0.000811785 0.028006 0.000194201 0.0225043 -0.000392165 0.0216496 -2.11954e-06 -0.000548618 -0.00282941 -0.00760871 -0.00134538 0.0181482 0.000437907 -0.000205883 -0.0014854 -0.00157793 -0.00696535 0.00172306 -0.00087736 -0.00721955 0.0179926 -0.000136504 -0.0027191 0.0048213 -1.02477e-05 -0.00038455 0.00151315 0.0198674 -0.0250166 -0.00150067 0.0237407 -0.0297766 0.00045651 -0.0360268 -0.00247484 -0.000150447 -2.3617e-05 2.11434e-06 -0.0046825 -0.000689486 0.00152626 -0.00445057 -0.00780187 5.53981e-05 0.0421734 -0.00377753 -0.0315498 -0.00084261 0.00183994 0.00867428 -0.0152073 -0.00201817 -0.00520567 0.00775813 0.00379786 -3.96718e-06 -0.000418681 -4.70771e-05 -0.00134524 -0.00748092 -8.05748e-05 -0.0287794 -0.0416793 -0.00826505 0.000495285 -4.98264e-05 -0.00129486 0.0116865 0.0202206 0.0240634 -0.00146386 -0.00032347 -0.017267 0.0233811 6.15217e-05 -3.26286e-06 -0.0411242 -0.00303408 -0.00559193 0.00161308 0.00176096 0.000126525 0.00263763 -0.013879 0.00715777 0.0335316 -0.000261309 -0.0296278 -0.0219233 0.00364974 -0.00169256 -0.00627361 
-8.8604e-05 -6.21573e-05 -2.13654e-05 -3.28343e-06 -9.24892e-06 -3.09304e-05 -0.000223189 0.000811785 0.00139872 0.000462465 -8.66231e-07 -5.10293e-05 3.9223e-07 0.000518581 4.08846e-07 6.06857e-06 -2.3682e-05 -0.000140926 -1.34363e-05 0.000254934 -6.42154e-07 -8.52915e-06 9.04833e-05 -2.42143e-05 -2.4754e-05 2.57335e-06 -1.72054e-05 -9.50588e-05 4.86274e-05 -2.88826e-06 -1.66555e-05 0.000163439 1.00871e-08 2.53102e-07 0.000164554 1.72191e-05 -0.000363701 -3.24071e-05 0.000371943 -0.000543283 -1.65247e-06 -0.000710638 -3.26088e-05 -2.75488e-06 -5.35454e-08 -4.35237e-07 -0.000543699 -1.51702e-05 -2.90356e-05 -6.64824e-05 -0.000128344 -5.25176e-07 0.000652677 -6.85102e-05 -0.00049697 -2.06123e-05 5.2895e-05 0.000328023 -0.000208155 -2.98467e-05 -4.1247e-05 3.05378e-05 -5.58216e-05 -9.75774e-07 -1.44344e-05 -8.55472e-07 -1.69333e-06 -0.000108277 -5.36024e-06 -0.000499834 -0.000652375 -0.00015438 -1.86629e-05 1.48923e-06 -1.78995e-05 8.9385e-05 0.000408373 0.000470031 -9.44454e-05 -7.32146e-06 -0.000244515 0.000584256 9.64955e-07 -1.77186e-07 -0.000657127 -4.84841e-05 -0.000127939 -4.33827e-06 5.32206e-05 1.39393e-05 0.000306365 -0.000293608 0.000203831 0.000542714 -1.22325e-06 -0.000472528 -0.000402514 0.000150539 -3.13163e-05 -9.07952e-05 
-0.0534264 -0.00721689 0.00652212 -0.00142978 0.00228965 0.00948913 0.061251 0.028006 0.000462465 0.242254 0.000235945 0.0386679 -0.00275762 0.0696044 -3.76646e-05 -0.00366048 -0.0199997 -0.047963 -0.00770627 0.208467 -0.000210183 -0.0209935 0.0143488 0.00178556 0.0210362 -0.00864808 0.00568848 0.046153 0.0329414 -0.000575499 -0.019249 0.125562 -6.87978e-05 0.000240726 -0.000401959 0.210136 -0.148752 0.00882074 0.0564529 -0.190889 -8.41829e-05 -0.101073 -0.0157138 -0.000468589 -0.000142961 -0.000106125 0.0890852 -0.0068543 -0.000473407 -0.0294608 -0.0583475 -0.000113049 0.144084 -0.0261907 -0.204897 0.00236967 0.00206426 0.0141457 -0.107638 -0.0156892 -0.0343462 0.025444 -0.0316567 1.82569e-05 -0.0064437 -0.000193564 0.00584745 -0.0555588 -0.00293602 -0.070333 -0.168995 0.0177911 -0.0064879 -0.000436905 -0.00838715 0.0378135 0.117872 0.0880109 -0.0541819 -0.00346197 -0.12558 0.0882961 -0.000751333 2.70056e-05 -0.0682633 -0.0179346 -0.0193685 -0.00626464 -0.000690671 0.0174903 0.00965783 0.0342677 -0.161415 0.167213 -0.0022563 -0.0873023 0.0357097 -0.0143564 0.00598283 -0.0447653 
-6.86633e-05 -0.000112348 2.88422e-05 -2.56333e-06 -1.17739e-05 -1.78493e-05 -7.78627e-05 0.000194201 -8.66231e-07 0.000235945 0.000792327 0.000391125 -4.12451e-06 0.0003666 -5.78946e-08 -5.69454e-06 -2.58743e-05 -7.92259e-05 -1.82397e-05 -2.39356e-05 -1.1484e-08 -1.60611e-05 -3.8228e-05 -1.75637e-05 -8.14072e-05 -1.33456e-05 -1.53138e-05 -8.58932e-05 0.00024924 -1.93075e-06 -2.67478e-05 0.000206489 -1.89287e-07 -2.57729e-06 -3.18552e-06 0.000199147 -0.000234746 -1.01376e-05 0.000262692 -0.000333003 -3.17918e-07 7.15391e-06 -2.52981e-05 -1.5596e-06 9.67296e-09 -2.46398e-07 0.000188582 -9.32525e-06 2.05269e-05 -4.34219e-05 -6.77605e-05 3.36019e-07 0.000410024 -2.66297e-05 -0.000321976 -1.21449e-05 1.72738e-05 0.000165295 -0.000136987 -2.18788e-05 -5.37614e-05 -1.76085e-05 0.000101178 8.02816e-08 -8.81953e-06 -7.31909e-08 -1.4069e-05 -7.66094e-05 -3.85504e-06 -0.000310321 -0.000404735 -8.6145e-05 2.66911e-06 -5.38524e-07 -1.26305e-05 -7.59236e-05 -5.36054e-05 -6.39735e-05 -6.85345e-05 -4.57343e-06 -0.000182513 1.17653e-05 -1.05144e-06 -1.00309e-07 -0.000439347 -2.69577e-05 -8.23578e-05 5.37338e-07 -5.75739e-06 8.84054e-05 -4.14116e-05 0.000145922 -0.000117486 0.000341171 -3.27151e-06 -0.000309149 0.000173512 -4.7975e-05 -1.36987e-05 -7.72274e-05 
-0.00930575 0.000393696 -0.000279617 -1.51945e-05 0.00234493 0.00508591 0.0138522 0.0225043 -5.10293e-05 0.0386679 0.000391125 0.0952273 -0.000532058 0.030336 -1.22658e-06 -0.00071672 -0.00334504 -0.00792036 -0.00106464 0.02516 -3.17581e-05 -0.00263886 -0.00237433 -0.00101514 -0.000166918 -0.00100637 0.000458654 0.00555905 0.0367514 -0.000252863 -0.00234499 0.0165127 5.24117e-05 -0.00039529 -8.33379e-05 0.0309501 -0.0321536 -0.00122024 0.0175591 -0.027106 0.00018573 -0.0400912 -0.00308883 -1.26071e-05 -4.64832e-05 -2.98317e-05 0.016534 -0.00118698 0.00172937 -0.00559118 -0.0109822 -3.04092e-05 0.0518431 -0.00482297 -0.042551 0.000375679 -0.000148348 -0.000671574 -0.0185561 -0.00268452 -0.00718369 0.0134444 0.00432967 -7.77604e-05 -0.000727014 -5.6755e-05 -0.00162777 -0.0101287 -0.000534024 -0.0397747 -0.0558963 -0.00901385 0.000395124 -0.000120094 -0.00153476 -0.0100839 0.0247785 0.0273781 -0.00633293 -0.000743924 -0.0234169 0.007349 -0.000102778 -1.15945e-05 -0.0389098 -0.00333825 -0.00346123 -0.00047983 -0.00018881 -0.000261364 0.00708919 -0.00822887 -0.020798 0.04106 -0.000410432 -0.041537 -0.0139183 -0.00516982 6.98867e-05 -0.00978409 
0.000702497 -0.00046203 -8.97098e-05 0.000158208 -8.93348e-05 -8.49887e-05 -0.000793037 -0.000392165 3.9223e-07 -0.00275762 -4.12451e-06 -0.000532058 0.00517439 -0.000895749 1.36468e-06 1.75561e-05 0.00080123 0.00073987 0.000395054 -0.00269761 -6.21419e-07 0.000897612 -0.000173159 -2.00229e-05 -0.000478138 8.72783e-05 1.9503e-05 -0.000862469 -0.00219059 -1.09649e-05 5.69257e-05 -0.00245499 9.69469e-07 -2.63621e-05 -3.69031e-05 -0.00257593 0.00244264 -9.17145e-05 -0.00259844 0.00229659 -5.44165e-07 0.00130432 4.78556e-05 4.90141e-05 -1.22215e-06 5.81171e-05 -0.000291393 2.03906e-05 -0.000103251 0.000607528 0.000166152 1.94192e-07 -0.00213935 1.4897e-05 0.00190814 0.00015066 -4.88362e-05 -0.0024971 0.00138765 -1.39309e-06 0.000305977 -0.000589126 -0.000303147 9.53849e-06 0.000213359 -2.74348e-06 -2.92038e-05 0.00100402 -1.13833e-05 0.000757281 0.00207445 0.000244285 -8.30225e-05 0.000164837 0.00036666 -0.000486953 -0.00149512 -0.00147909 0.00132779 7.04982e-05 0.00244354 -0.00151727 2.09141e-05 4.95313e-06 0.00109262 2.19689e-05 0.000181586 -6.29138e-06 -2.24768e-05 -0.000220653 -0.000397187 4.92482e-05 0.00110728 -0.0023964 -4.32638e-06 0.0016672 0.000607499 -0.000147867 -2.30729e-05 0.00137465 
-0.0163166 -0.0249826 -0.00290687 -0.000560966 0.00909877 0.000307672 -0.0127778 0.0216496 0.000518581 0.0696044 0.0003666 0.030336 -0.000895749 0.144256 -1.26525e-05 -0.00102337 -0.00634514 -0.0167782 -0.00303873 0.0679699 -0.000184972 -0.00640741 -0.00657063 -0.0040961 -0.00569404 -0.00299214 -0.00329582 -0.0329217 0.0343108 -0.000405849 -0.00577674 0.086231 -3.99754e-05 0.000723841 0.00235127 0.0713585 -0.0522666 -0.00212673 0.0585209 -0.0544148 -0.000164649 -0.0558836 -0.00545211 -0.000339691 -4.33802e-05 -4.47661e-05 0.0468303 -0.00213059 -0.00527984 -0.00866858 -0.0182834 -5.86136e-05 0.0758323 -0.00755984 -0.0691558 -0.00227055 0.000158608 0.0423406 -0.0326217 -0.00472285 -0.0114058 -0.0192354 -0.00620033 -0.000108418 -0.0019206 -9.42042e-05 -0.00183265 -0.016612 -0.000895282 -0.0439106 -0.0835289 -0.0193154 -0.00218691 -0.000195104 -0.00276391 -0.00567222 0.0546646 0.0337132 -0.0192354 -0.00122176 -0.0406892 -0.00424011 -0.000226371 4.16078e-05 -0.0572058 -0.00417491 -0.0101885 -0.00224588 -0.000995323 0.0208877 -0.00156224 0.0141378 -0.070475 0.0889685 -0.000697149 -0.0509774 0.00295546 -0.0105963 -0.00261081 -0.00940322 
2.00654e-05 1.90334e-05 -1.20329e-06 2.08426e-07 -1.33337e-06 -3.38793e-07 -4.05904e-06 -2.11954e-06 4.08846e-07 -3.76646e-05 -5.78946e-08 -1.22658e-06 1.36468e-06 -1.26525e-05 7.30058e-05 -4.59702e-07 2.10511e-05 -2.21022e-06 1.43931e-06 -3.46864e-05 1.56507e-06 8.38473e-06 -1.94541e-06 1.92582e-05 1.47653e-05 -9.03308e-07 7.146e-06 -7.01949e-06 -1.66444e-05 6.21112e-06 1.60229e-05 -3.36547e-05 -1.74286e-08 1.62748e-07 -6.05337e-07 -3.39365e-05 1.75445e-05 -1.79175e-06 -3.52492e-05 2.14844e-05 -9.18208e-08 -1.08794e-05 -1.14042e-06 7.23067e-07 1.18526e-06 -2.2687e-08 -2.86229e-05 -6.83315e-07 5.16097e-07 -3.79411e-06 2.46276e-05 -2.73751e-08 -1.90162e-05 -3.50447e-06 2.19627e-05 1.35995e-05 -7.36967e-07 -3.34663e-05 -6.54995e-06 -1.00337e-06 1.39462e-05 -2.23292e-06 -2.54718e-06 -6.01295e-08 1.0435e-06 -1.47497e-10 6.27025e-06 4.12899e-06 5.3145e-06 5.20647e-06 2.53868e-05 -7.5985e-06 2.71995e-05 4.57007e-07 1.77038e-06 -3.93312e-06 -1.91395e-05 -1.70678e-05 2.92647e-05 -5.53071e-07 2.39881e-05 -1.61574e-05 -3.01444e-08 -9.23591e-09 4.9689e-06 -1.82436e-06 -1.71097e-06 1.85069e-06 3.40558e-07 -3.10753e-06 3.47991e-06 -2.39526e-05 1.70653e-05 -3.34275e-05 -3.01224e-07 -1.2837e-06 -2.6233e-05 1.30562e-05 -7.90815e-07 4.80539e-06 
0.000850013 0.00213698 -0.000124465 0.00013085 -2.95393e-05 -5.04107e-05 -0.00117441 -0.000548618 6.06857e-06 -0.00366048 -5.69454e-06 -0.00071672 1.75561e-05 -0.00102337 -4.59702e-07 0.00715746 -6.28887e-05 -0.000574402 -0.000149591 -0.00326887 1.36201e-06 5.65411e-05 -0.000209011 -0.000151956 0.00102932 0.000431534 -4.46413e-05 -0.00121563 0.000325031 -1.41874e-05 0.00133813 -0.00104043 1.65235e-05 -2.42208e-05 0.000474582 -0.00329827 -0.00105003 -4.81256e-05 0.000159193 0.00293568 1.42027e-05 0.00120057 -3.86841e-05 3.48203e-05 -1.69426e-06 -4.291e-07 -0.00182942 0.000708625 -0.000180481 -0.000235137 -2.8909e-05 3.38575e-06 -0.00290941 0.00075586 0.00322359 0.000152832 -5.74935e-05 0.000695544 -0.000615046 0.000276148 0.00295775 -0.000268429 -0.000276632 2.48477e-06 0.00046457 2.6968e-06 -0.000104425 -0.000140105 3.78423e-05 8.96083e-05 0.00298388 -0.000627606 -0.000137097 -5.15616e-06 2.03539e-05 -0.000740438 -0.00193315 0.000795691 0.000658275 -1.43348e-05 0.000555297 -0.0019621 2.13738e-05 -4.56438e-07 -0.00113943 3.08749e-05 0.000175188 -8.70776e-05 -1.33854e-05 -0.000222596 -0.000480932 7.11145e-05 0.00126897 -0.00261132 2.69337e-05 0.0019376 -0.00223771 0.000570183 -0.000126353 0.000708777 
0.00311751 -0.00139086 -0.000561076 -9.23182e-05 -0.000697326 -0.00052946 -0.00407729 -0.00282941 -2.3682e-05 -0.0199997 -2.58743e-05 -0.00334504 0.00080123 -0.00634514 2.10511e-05 -6.28887e-05 0.035529 0.00647829 0.000860922 -0.0188421 0.000152114 0.00232633 -0.000746992 -0.000633845 0.00193002 0.000354012 -0.000608401 -0.00579559 -0.00391167 -7.4978e-05 0.00185922 -0.0170244 1.49524e-07 -0.000112771 -3.99329e-05 -0.0186847 0.0211997 -0.000752565 -0.0186471 0.0166843 0.000203648 0.00184408 0.000124437 -5.5067e-05 0.00022178 2.70408e-07 -0.00751817 -0.000152199 -0.000693083 0.00054825 -0.00349865 0.000103524 -0.0131919 -0.000805056 0.017284 0.000610003 -0.000352152 -0.00625053 0.00806424 0.00384314 0.000732641 -0.00402653 0.00575772 0.000218563 -0.000226892 2.26026e-05 -0.000531557 0.00984736 -9.13435e-05 8.29949e-05 0.0143004 0.000723829 -0.000863096 0.000260143 0.000602735 -0.00253997 -0.00993022 -0.010189 0.00218368 8.02865e-05 0.0107695 -0.00907392 3.3507e-05 -1.44435e-06 0.00847325 0.00615427 -0.00316732 0.00189809 0.000229566 -0.00130406 -0.00297846 -0.000468187 0.0119238 -0.0167426 0.00133982 0.00312227 0.00170553 -0.000707798 -0.000213493 0.016804 
-0.00478312 -0.0126197 -0.00124006 0.000436252 0.000943995 -0.000513857 -0.0114476 -0.00760871 -0.000140926 -0.047963 -7.92259e-05 -0.00792036 0.00073987 -0.0167782 -2.21022e-06 -0.000574402 0.00647829 0.0937303 0.0147307 -0.0419028 -9.67279e-05 -0.00366877 -0.00248822 -0.00087216 -0.0110547 -0.00177689 -0.00158969 -0.00787328 0.00983133 3.23141e-05 0.0164552 -0.0412052 -2.32574e-05 1.77889e-05 -0.000606568 -0.047778 0.0238419 -0.00196423 -0.0409898 0.04086 -5.48492e-05 -0.006075 0.00566307 0.000156426 0.000134033 4.52478e-06 -0.010117 0.00830344 0.00184467 0.0321829 0.0068288 1.89692e-05 -0.0393047 0.0203403 0.0490124 -0.000611544 -0.000423178 -0.0387812 0.0552969 0.0161643 0.00131845 -0.00523323 0.0193319 0.000247769 0.000427864 0.000128215 0.00107519 0.0309662 -0.00039278 -0.0102998 0.0324063 0.0137495 0.000908665 0.000451613 0.00392252 -0.0056058 -0.0223029 -0.0258044 -0.00531859 0.00488269 0.00214396 -0.0204365 -0.000112039 -4.83222e-06 -9.77426e-05 0.0154495 0.0326183 0.00469873 -0.000826534 -0.00421487 0.00151166 -0.0347973 0.0162442 -0.0372933 0.000639377 -0.0147191 -0.0244667 -0.00444116 0.00305651 0.0370691 
-0.00208915 -0.00273165 -0.000371728 0.000614901 -2.73724e-05 0.000252961 -0.00236752 -0.00134538 -1.34363e-05 -0.00770627 -1.82397e-05 -0.00106464 0.000395054 -0.00303873 1.43931e-06 -0.000149591 0.000860922 0.0147307 0.022954 -0.00626032 -3.24994e-05 -0.000851738 0.00118381 -0.000424592 -0.00206007 -0.000395353 0.000467082 0.00225873 0.000474096 -5.30468e-05 0.0064619 -0.00921655 -2.84461e-06 0.000447132 -8.99713e-05 -0.00673783 0.00626012 -0.000281449 -0.0128011 0.0049556 -2.53398e-05 -0.00722305 0.001318 -4.18444e-05 1.89108e-05 2.04735e-05 -0.00425832 -2.64615e-06 0.000916843 0.00918868 -0.000653883 -8.31366e-06 -0.00824741 0.00307113 0.0070205 -0.000157258 -2.52286e-05 -0.0120396 0.0109795 0.00199945 -0.00143299 -0.00181186 -0.000689924 0.000189296 0.00076684 9.22432e-05 0.000335539 0.00604646 -9.9427e-05 -0.00318542 0.00424742 0.00160216 -0.00053615 0.00040336 0.0028325 -0.00129336 -0.00470446 -0.00609703 0.000828088 -2.33215e-05 0.00356331 -0.00282665 -1.92914e-05 4.59308e-06 0.00249172 0.0032649 0.00795996 0.000118352 -0.000212578 -0.000796698 -0.000610294 -0.00607898 -0.00195341 -0.00472559 -5.50372e-05 -0.00585216 -0.00429653 -0.00120689 0.00099413 0.00872923 
-0.0489567 -0.00478052 0.00690339 -0.000968008 0.00247108 0.00929948 0.0683063 0.0181482 0.000254934 0.208467 -2.39356e-05 0.02516 -0.00269761 0.0679699 -3.46864e-05 -0.00326887 -0.0188421 -0.0419028 -0.00626032 0.248549 -3.36514e-05 -0.0195733 0.0150567 0.00258298 0.0309545 -0.00843011 0.00691383 0.0553209 0.0330316 -0.000461957 -0.017484 0.119768 5.42857e-05 0.000537965 -0.000310123 0.211865 -0.148322 0.0079406 0.0395965 -0.206981 0.000202742 -0.10999 -0.0151189 9.73429e-05 3.28121e-05 -0.000116235 0.0844984 -0.00568362 0.00275325 -0.027009 -0.0541457 -4.75421e-05 0.146213 -0.0232947 -0.205002 0.00408652 0.00212175 -0.00486273 -0.102819 -0.0135714 -0.0309606 0.0281197 -0.0369222 0.000225549 -0.00594532 -0.00014794 0.00659082 -0.0522552 -0.00274085 -0.0761359 -0.170562 0.0112568 -0.0044963 -0.000210153 -0.00794222 0.0429953 0.130134 0.0952147 -0.0582061 -0.00282422 -0.123951 0.0999968 -0.000575915 3.40985e-05 -0.0753099 -0.015167 -0.0124456 -0.00593827 -0.0011698 0.0192755 0.0143508 0.0213592 -0.167263 0.171819 -0.00209938 -0.0937415 0.0199773 -0.012976 0.0093252 -0.0388528 
0.000409333 0.000160846 2.77203e-05 2.8562e-05 -2.2614e-05 1.8056e-05 -9.42605e-05 0.000437907 -6.42154e-07 -0.000210183 -1.1484e-08 -3.17581e-05 -6.21419e-07 -0.000184972 1.56507e-06 1.36201e-06 0.000152114 -9.67279e-05 -3.24994e-05 -3.36514e-05 0.00169308 0.000486135 6.14668e-05 0.000104519 0.00017886 0.000367222 -2.73413e-05 0.000283942 -0.00026329 2.1615e-05 3.59305e-06 -0.00065619 2.54285e-05 1.42645e-05 9.49906e-07 -0.000371721 -0.00046863 3.57596e-07 -0.000371913 -0.000594387 2.33757e-05 -0.000579019 3.8293e-05 0.000213387 7.89859e-05 1.88412e-06 -0.000718423 -1.98875e-05 0.000649328 -9.22695e-05 -0.000138114 3.79744e-06 0.000400296 -7.69196e-05 -0.000612117 0.000155723 4.83034e-05 -0.000647335 -0.00023373 -1.77383e-05 0.000115016 0.000718677 -0.000119255 1.38144e-05 6.90365e-06 2.78641e-06 -9.42531e-06 -0.000119344 -8.31882e-06 -0.000303352 -0.000666917 6.94643e-05 5.71381e-06 9.74467e-05 3.04861e-05 0.000493659 -1.81122e-05 0.000165016 0.000254677 5.76529e-05 -0.000320196 0.000178745 1.12623e-05 1.67435e-06 -0.000851204 1.97324e-05 -0.000112954 0.000425155 0.000449908 7.67493e-05 0.000287958 -0.000280998 0.000190021 -0.000268253 -1.53037e-06 -0.000342902 -0.000262332 0.000372703 0.00028902 -0.000144451 
0.0185831 0.00140293 -0.00048526 0.000419777 -0.000534956 -0.000967257 -0.00375237 -0.000205883 -8.52915e-06 -0.0209935 -1.60611e-05 -0.00263886 0.000897612 -0.00640741 8.38473e-06 5.65411e-05 0.00232633 -0.00366877 -0.000851738 -0.0195733 0.000486135 0.0353839 -0.00168745 -0.00074553 -0.00186479 0.00910583 -0.000536058 -0.00568415 -0.013369 -6.99186e-05 0.00185308 -0.0168554 2.53599e-07 -0.000166673 0.000305011 -0.0188683 0.00929926 -0.000833464 -0.0043268 0.0132607 0.00011358 0.00569759 0.00337759 -3.80477e-05 1.07703e-05 0.000114219 -0.0112224 -0.000446591 0.00345655 -0.00190323 -0.00119024 0.00018396 -0.00287191 -0.000542002 0.00546989 0.000404095 0.00066263 -0.005363 -0.00191966 -0.00100239 -0.00100327 0.00432086 -0.00136463 7.26033e-05 0.00433432 -2.06461e-05 -9.62967e-05 0.00118911 0.000112727 -0.00117006 0.0109783 -0.00336055 -0.000591652 9.69643e-05 0.000589664 -0.00025267 -0.0104392 -0.00633037 0.0196 -0.000184749 0.0165973 -0.0100072 1.33704e-06 5.61992e-06 -0.00468841 0.00281789 -0.00265212 0.00397845 0.00323497 -0.00156179 -0.00156029 0.00655032 0.016948 -0.0172911 -5.45954e-05 0.00642829 -0.0039699 0.0117645 -0.00081651 -0.00347402 
-0.00434109 0.00966637 0.000189416 0.000798001 -0.000826394 0.00349513 0.0131372 -0.0014854 9.04833e-05 0.0143488 -3.8228e-05 -0.00237433 -0.000173159 -0.00657063 -1.94541e-06 -0.000209011 -0.000746992 -0.00248822 0.00118381 0.0150567 6.14668e-05 -0.00168745 0.0462018 0.00286613 0.0135648 -0.000450596 0.0022541 0.0150432 0.000789695 9.03515e-05 0.000618485 -0.00801699 -8.89178e-06 0.0015751 -0.000128478 0.0163547 -0.0128951 -0.00100509 -0.00748943 -0.0206673 6.03974e-06 -0.0245298 -0.000945687 -8.81975e-05 3.20496e-05 -9.08917e-06 -6.50692e-05 3.07706e-05 0.000616593 -0.000904326 -0.00490428 -1.27517e-05 0.0144358 -0.00174455 -0.0161048 0.00289254 -0.000388603 -0.024521 -0.00620673 0.00207041 -0.00329729 0.00139124 -0.00273991 -1.80256e-05 -0.000274378 -1.58582e-05 0.00280364 -0.00321136 -0.000163807 -0.0173675 -0.02238 -0.0017384 -0.000165153 0.000201667 -0.000503249 0.0120782 0.0174367 0.0212141 -0.0052767 0.000485974 -0.00969173 0.0259927 0.000248866 4.99051e-06 0.00296524 -0.001818 0.00515201 -0.000571034 0.00105224 0.000360783 0.0010558 -0.0163968 -0.0186029 0.00930045 -2.27446e-05 -0.0180718 -0.0160936 0.0141256 -0.000557528 -0.00233275 
0.00255417 0.00313535 0.00204791 -9.18749e-07 -0.000471449 -0.000263696 0.00514677 -0.00157793 -2.42143e-05 0.00178556 -1.75637e-05 -0.00101514 -2.00229e-05 -0.0040961 1.92582e-05 -0.000151956 -0.000633845 -0.00087216 -0.000424592 0.00258298 0.000104519 -0.00074553 0.00286613 0.0231432 0.000418394 -0.000405556 0.00188613 0.0115881 -0.00421817 0.00110285 -0.000694232 -0.0106055 -1.93645e-06 -7.23135e-05 -0.000172973 -0.000201352 0.000733274 -5.12318e-05 -0.0137979 -0.00427159 0.000108525 -0.00196716 0.000179991 8.50985e-05 4.94103e-05 9.11182e-06 -0.00684436 -0.000279 0.00149824 -0.00118221 0.00380784 8.06746e-06 0.00131352 -0.00108563 -0.00282153 0.00259228 2.99788e-05 -0.0128204 -0.00147364 -0.000166791 0.00209344 0.00714661 -0.000989134 0.000113766 -0.000227812 -1.00336e-05 0.000690481 -0.00194769 9.5551e-06 2.9014e-06 -0.0028684 0.00137057 0.00617175 2.54555e-05 -5.46294e-05 0.00640414 0.00407133 0.00226661 -0.0026644 -0.000124125 -0.00476228 0.00613795 8.04342e-05 -1.38758e-06 -0.00164832 -0.000172257 -0.000818773 0.000170532 -9.30286e-05 -0.000947913 0.00631904 -0.00730166 -0.00190944 -0.00623699 -6.20117e-05 -0.00147062 -0.00563657 0.00146392 0.00209464 -0.00203359 
-0.00996173 0.0278927 0.00274003 -6.11393e-05 -0.00229884 0.00443619 0.0279411 -0.00696535 -2.4754e-05 0.0210362 -8.14072e-05 -0.000166918 -0.000478138 -0.00569404 1.47653e-05 0.00102932 0.00193002 -0.0110547 -0.00206007 0.0309545 0.00017886 -0.00186479 0.0135648 0.000418394 0.103813 0.000637564 0.0049074 0.0304783 0.0224266 -0.00019389 0.00102372 -0.0165761 0.000153559 0.000640953 0.000722265 0.0222306 -0.0194983 -0.00241204 -0.0284138 -0.0349629 1.24492e-05 -0.0417215 -0.00318442 -0.000119398 -1.67197e-05 -2.84041e-05 0.00871585 -0.00104536 0.00343698 -0.00412391 -0.0100148 -3.26368e-05 0.0377337 -0.00485428 -0.0274964 0.00176357 5.85346e-05 -0.0377881 -0.0194382 -0.00146775 -0.00282123 0.0204775 -0.00634234 -4.65088e-05 -0.000151758 -2.35481e-05 0.00675671 -0.00596641 -0.000481234 -0.0325188 -0.0390683 -0.0116071 -0.00195924 -4.12926e-05 -0.00135012 0.0107741 0.0199206 0.0178465 -0.00699527 -0.000530508 -0.0125277 0.0548129 0.000416813 -8.80573e-06 0.00674195 -0.000838425 -0.00270378 -0.00117366 -6.84396e-05 -0.00381815 0.00795315 -0.0335428 -0.0281495 0.0175077 -0.000103072 -0.0338317 -0.0268249 0.00279419 0.00158016 0.00912103 
0.0113119 -0.00166959 2.95097e-05 -2.82569e-05 -0.000271121 -0.000452905 -0.000147674 0.00172306 2.57335e-06 -0.00864808 -1.33456e-05 -0.00100637 8.72783e-05 -0.00299214 -9.03308e-07 0.000431534 0.000354012 -0.00177689 -0.000395353 -0.00843011 0.000367222 0.00910583 -0.000450596 -0.000405556 0.000637564 0.0184118 -0.000350036 -0.00342442 -0.00653702 -4.22101e-05 -0.00060161 -0.00638829 -3.6236e-06 -8.59629e-05 0.000325417 -0.00764885 0.00459391 -0.000365749 0.000345802 0.00479693 7.98464e-05 0.00240613 -1.81797e-05 0.000132628 1.25118e-05 9.24472e-05 -0.00582623 -0.000153579 0.00227046 -0.000882101 0.000121561 0.000121409 -0.00251077 -0.000613896 0.00425476 -0.000185838 0.000821799 -0.00330553 -0.00211312 -0.000423401 0.00135652 0.000734054 -0.00121552 6.5777e-07 0.000460957 1.62398e-05 -8.02812e-05 -0.00120803 8.23704e-05 -0.00394415 0.00302296 -0.00143903 -0.000250245 3.22174e-05 -0.000218202 0.00183778 -0.00401176 -0.00412792 0.00611897 0.000120405 0.00807127 -0.00450643 0.000113675 -1.21808e-06 -0.00742309 -0.000341886 -0.00183818 0.00285889 0.00274816 -0.000788172 -0.001124 0.00473902 0.00794884 -0.00725706 4.6863e-05 0.00179343 -0.00450079 0.00850554 -0.000433897 -0.0005676 
-0.00171353 0.00939519 0.000459338 0.000424367 -0.000353463 2.09089e-05 0.010823 -0.00087736 -1.72054e-05 0.00568848 -1.53138e-05 0.000458654 1.9503e-05 -0.00329582 7.146e-06 -4.46413e-05 -0.000608401 -0.00158969 0.000467082 0.00691383 -2.73413e-05 -0.000536058 0.0022541 0.00188613 0.0049074 -0.000350036 0.0195182 0.0068957 0.00406139 -3.49346e-05 0.000483953 -0.00870679 9.34997e-07 0.000828734 -0.000158959 0.00674177 -0.00353416 0.000812251 -0.00929446 -0.00834001 3.39683e-05 -0.0103704 3.99689e-05 -1.828e-05 1.92624e-05 3.80007e-05 7.39141e-05 -9.73787e-05 0.000119974 -0.000729381 -0.00209158 -2.44734e-07 0.00501862 -0.000932979 -0.00760282 0.00264028 3.85944e-06 -0.0116958 -0.00262778 -0.000192357 -0.00133204 0.00300695 -0.000842379 0.000173999 0.000747056 -1.0552e-05 0.000298572 -0.000829738 -0.000100287 -0.00707143 -0.00817572 -0.00135795 0.0011834 8.50947e-05 0.000157255 0.00164762 0.00450862 0.0068256 -0.00144091 -0.000126714 -0.00359938 0.0100148 3.50712e-05 3.26966e-06 0.00223703 0.00258742 0.00185195 -0.000220066 -7.08421e-05 -0.00036148 -0.00137199 -0.00746237 -0.00840832 0.00476251 -5.18742e-05 -0.00713448 -0.00435939 -0.000552607 0.00120229 -0.00164675 
-0.0160479 0.0404373 0.000826409 0.000887304 -0.00389224 0.00493233 0.0198387 -0.00721955 -9.50588e-05 0.046153 -8.58932e-05 0.00555905 -0.000862469 -0.0329217 -7.01949e-06 -0.00121563 -0.00579559 -0.00787328 0.00225873 0.0553209 0.000283942 -0.00568415 0.0150432 0.0115881 0.0304783 -0.00342442 0.0068957 0.157291 -0.000165443 0.00100261 -0.00167372 -0.0384179 0.000115939 0.00177493 -0.00153642 0.0364957 -0.0276883 -0.000843729 -0.0809059 -0.067299 -0.000115456 -0.0170899 -0.00295694 0.000369105 -4.96047e-05 -3.7032e-05 -0.0075958 -0.00171544 0.0140757 -0.00992016 -0.0111294 -2.89642e-05 0.0107488 -0.00399603 -0.0561288 0.00421146 0.00169366 -0.0639423 -0.0178387 -0.00197835 -0.0079153 0.0540584 0.00022385 8.23328e-05 -0.000951007 1.94747e-05 0.00695398 -0.00988864 -0.000986568 -0.0075403 -0.0250994 0.0293856 -0.000697992 -8.994e-05 -0.000542707 0.014751 0.0225165 0.0237244 -0.0189261 -0.00121294 -0.0378252 0.0600898 1.08243e-05 -1.47887e-05 0.0184828 -0.00672609 0.00381668 -0.00135494 0.000365974 -0.00719176 0.0326155 -0.0218407 -0.040275 -0.0102799 -0.000435934 -0.0159975 -0.00759175 -0.000870469 0.00548385 -0.0184297 
-0.0337394 0.0527475 0.00266488 0.000722358 0.00676246 -0.0067193 0.0215196 0.0179926 4.86274e-05 0.0329414 0.00024924 0.0367514 -0.00219059 0.0343108 -1.66444e-05 0.000325031 -0.00391167 0.00983133 0.000474096 0.0330316 -0.00026329 -0.013369 0.000789695 -0.00421817 0.0224266 -0.00653702 0.00406139 -0.000165443 0.242541 -0.000860278 0.00887655 -0.0123444 -3.77142e-06 0.00187926 0.00151733 0.0317142 -0.0551705 -0.0112889 0.0217698 -0.020154 -4.87392e-05 -0.110932 0.00298189 -0.00101537 -0.000205294 -0.000152091 -0.0157025 0.00470214 0.0072611 0.00626926 0.00246975 -0.000186298 0.104414 0.0177354 -0.0329815 -0.00256565 -0.000159303 -0.038297 -0.00271267 0.00988949 -0.0185625 0.0422383 0.0277866 -0.000413198 0.00294089 -2.57936e-07 -0.00663343 -0.00376692 -0.000676957 -0.1514 -0.0987988 -0.0414772 -0.00065648 -0.000463067 -0.00481575 -0.00421632 0.0658724 0.0841045 -0.0106791 0.00111379 -0.0563961 0.0675916 9.22065e-05 -9.00828e-06 -0.040765 0.011951 0.0379347 -0.00188175 -0.000327879 0.0113601 0.00427874 -0.0795184 -0.00796998 0.0815734 0.00101255 -0.15839 -0.103304 -0.0260325 -0.00810019 0.0196428 
0.000592209 -0.000101019 -3.54672e-05 3.754e-05 -3.77802e-05 0.000114896 8.60405e-05 -0.000136504 -2.88826e-06 -0.000575499 -1.93075e-06 -0.000252863 -1.09649e-05 -0.000405849 6.21112e-06 -1.41874e-05 -7.4978e-05 3.23141e-05 -5.30468e-05 -0.000461957 2.1615e-05 -6.99186e-05 9.03515e-05 0.00110285 -0.00019389 -4.22101e-05 -3.49346e-05 0.00100261 -0.000860278 0.00242895 4.20563e-05 -0.00113779 -5.81232e-07 3.56678e-06 -1.79432e-05 -0.000612268 6.11638e-05 3.35016e-05 -0.000885331 0.000201031 6.60062e-06 7.81258e-05 7.48549e-06 3.62214e-06 9.50066e-06 7.17674e-06 -0.000848145 -4.67302e-06 8.76148e-05 -9.30273e-05 0.000996382 8.0315e-06 -0.000703825 -9.11748e-06 0.000267821 0.000287412 9.04481e-06 -0.0014954 -0.000213916 8.69601e-06 0.000672073 -0.000103139 -0.000116729 2.44614e-05 4.20406e-05 7.03511e-06 0.000407965 -8.07373e-05 7.36988e-06 0.000281674 0.000310835 8.77592e-05 0.000575322 3.48402e-06 0.000114583 0.000357407 -2.68651e-05 -0.000297362 -9.38803e-05 3.69332e-05 -0.000388172 0.000303442 -1.46193e-06 -2.96901e-07 -0.000384757 -3.14779e-05 3.21042e-05 -1.67111e-05 -2.06703e-05 -5.36122e-05 0.00173296 -0.000917198 0.000316715 -0.000691127 -3.30118e-06 0.000347788 -0.000806385 0.000251443 0.000103678 -0.000229426 
-0.00308596 0.00811425 -0.000543194 0.000666412 0.000431009 -0.000161252 -0.00495499 -0.0027191 -1.66555e-05 -0.019249 -2.67478e-05 -0.00234499 5.69257e-05 -0.00577674 1.60229e-05 0.00133813 0.00185922 0.0164552 0.0064619 -0.017484 3.59305e-06 0.00185308 0.000618485 -0.000694232 0.00102372 -0.00060161 0.000483953 -0.00167372 0.00887655 4.20563e-05 0.0327768 -0.0155292 1.92677e-05 0.000681631 0.000181458 -0.0171084 0.00701447 -0.000824876 -0.0187588 0.0148268 -4.0431e-06 -0.0120704 0.00279267 -2.15969e-05 -1.30954e-06 3.14635e-06 -0.0077396 0.00479982 0.000922477 0.0118513 -0.00104701 -1.24878e-05 -0.00846766 0.0106582 0.0136524 -0.000323829 -0.000316043 -0.0195402 0.012872 0.00794358 -0.00123332 0.00254607 0.00159155 -2.52753e-05 0.00558439 4.20894e-05 -0.00044283 0.0135728 -0.000163322 -0.0122166 0.0111071 -0.000952415 -0.000649434 0.000407868 0.00473335 -0.00346749 -0.00941193 -0.00179527 0.00601803 3.9535e-05 0.00352254 -0.00463384 6.34012e-05 1.35256e-06 -0.000986566 0.00593898 0.0146969 -0.000370122 8.18039e-05 -0.00144303 -0.00122866 -0.0138028 0.000364533 -0.0134716 -3.40217e-05 -0.0118629 -0.0130236 -0.00107916 -0.000716694 0.0144997 
-0.0266383 -0.0662528 -0.00807794 -0.00157063 0.00671376 -0.000483688 -0.00464929 0.0048213 0.000163439 0.125562 0.000206489 0.0165127 -0.00245499 0.086231 -3.36547e-05 -0.00104043 -0.0170244 -0.0412052 -0.00921655 0.119768 -0.00065619 -0.0168554 -0.00801699 -0.0106055 -0.0165761 -0.00638829 -0.00870679 -0.0384179 -0.0123444 -0.00113779 -0.0155292 0.249846 -8.36254e-05 -0.000627447 0.00178225 0.132935 -0.105803 0.00746344 0.109831 -0.0907317 -0.000448225 -0.00822687 -0.0148635 -0.000907072 -0.000156665 -0.000137331 0.125368 -0.0054527 -0.014455 -0.0253378 -0.0248234 -0.000148662 0.0572117 -0.0125082 -0.106858 -0.00534311 -0.00133087 0.104401 -0.0775291 -0.0126706 -0.0209775 -0.047121 -0.0202584 -0.000349437 -0.00535295 -7.92288e-05 -0.00420267 -0.0463446 -0.00132905 0.012984 -0.0668965 0.0108106 -0.0040857 -0.000514349 -0.00754904 -0.0061552 0.0348272 0.01118 -0.0541191 -0.00297093 -0.0842469 -0.0257366 -0.000629294 3.67205e-05 -0.0459118 -0.0170639 -0.0205274 -0.00621866 -0.00305368 0.0170264 -0.0243361 0.0939389 -0.127376 0.115552 -0.00198195 -0.0116732 0.0858908 -0.0157575 -0.00435826 -0.0315621 
-7.19826e-06 4.73123e-06 -3.9218e-06 6.31722e-06 -2.96207e-06 1.65696e-05 3.27846e-05 -1.02477e-05 1.00871e-08 -6.87978e-05 -1.89287e-07 5.24117e-05 9.69469e-07 -3.99754e-05 -1.74286e-08 1.65235e-05 1.49524e-07 -2.32574e-05 -2.84461e-06 5.42857e-05 2.54285e-05 2.53599e-07 -8.89178e-06 -1.93645e-06 0.000153559 -3.6236e-06 9.34997e-07 0.000115939 -3.77142e-06 -5.81232e-07 1.92677e-05 -8.36254e-05 0.000238654 2.17127e-06 1.02875e-05 -9.88845e-05 -4.89727e-05 -4.71373e-06 -8.99797e-05 -7.06677e-05 7.75235e-06 -2.18302e-06 4.03983e-06 3.81939e-06 -2.08488e-08 7.14713e-07 -9.19144e-05 -2.60212e-06 5.33135e-05 -1.25618e-05 1.92367e-05 5.04383e-06 -2.7371e-07 -9.24255e-06 -6.52623e-05 8.42015e-06 2.50159e-06 -8.93748e-05 -4.44905e-05 -6.1086e-06 5.90772e-05 8.87301e-05 -1.93787e-05 6.60341e-06 6.20053e-06 6.5317e-08 -3.71645e-06 -1.7759e-05 -2.24073e-07 1.11886e-06 -2.20739e-05 -1.88103e-05 2.00437e-08 6.69678e-07 -2.90229e-06 -2.14788e-05 -5.70976e-05 -5.98963e-05 -6.59082e-06 -1.69716e-06 -1.68965e-05 0.000109789 3.4057e-06 5.86919e-08 -3.69596e-05 -5.37835e-06 2.95426e-06 -5.31991e-07 -1.40948e-06 -6.4902e-07 0.000113643 -7.27986e-05 -6.79155e-05 -8.44789e-06 -2.93002e-08 -1.36871e-05 -2.12588e-05 -1.22207e-05 0.000146065 -5.58753e-06 
