0.197168 0.00992875 0.0139178 -0.00187365 -0.0078577 -9.72708e-06 0.0658393 -0.000867097 -0.0130594 -0.00070068 -0.0010748 -0.000915779 -1.31035e-05 0.00738067 -0.00704739 -5.45592e-06 0.000172283 0.0565053 -0.0171607 0.00278203 -0.00100434 -0.00171149 -0.00491202 0.000279698 -0.000581076 1.1771e-05 -0.000158488 -0.00575839 -0.00391226 -0.01979 0.000405727 0.0355657 0.0292373 0.000293824 7.88565e-05 0.013897 -0.000221776 -0.000584328 0.000159869 -0.074684 -0.0375883 -0.0902484 -0.00178565 0.00862091 -0.000148156 -0.0780327 -0.000958951 -4.28545e-05 -7.24462e-05 -0.0368715 -0.000150806 0.0289748 -0.0110095 -0.0005304 -0.00955428 -0.0522728 -0.00383806 -0.000224206 -0.000146518 -0.0006027 0.0266345 1.85341e-05 0.00254949 -0.000723211 -0.000223917 -0.00941692 -0.000137057 -0.00923763 -0.000292159 -0.0173033 -4.59332e-05 -5.6163e-05 1.54427e-05 0.0397594 -0.000787542 -9.07041e-06 -0.00378883 -0.00215769 -0.00589245 -0.0480013 -2.6268e-05 -4.16817e-05 0.000159227 0.00398486 3.283e-06 1.1757e-05 -0.0161082 -0.00136089 0.000663473 4.16847e-06 8.87937e-07 -7.84211e-06 -8.83368e-06 0.0157981 0.000249469 0.0426898 -3.51251e-05 0.00075037 3.33839e-06 -0.000871819 
0.00992875 0.0240248 -0.00538391 -0.00305459 -0.003117 -0.00011498 0.0070586 -0.00137446 0.00731659 -0.00137827 -0.00148294 -0.000682042 -3.65913e-05 0.000760435 -0.0063415 -2.16797e-06 -7.74052e-05 0.00310413 0.0045708 -0.000294866 -0.00118301 -2.74735e-05 -0.00174556 -0.000130189 -0.000126974 -3.25219e-05 -5.97927e-05 0.00342967 -0.000889304 -0.00236791 -6.02843e-05 0.00327312 0.000190818 -0.000119741 -2.9708e-05 0.00413812 -8.86085e-05 -0.000299973 -0.000713834 -0.00496342 -0.0126837 0.00359213 -0.000100363 -9.20161e-05 -0.000186469 -0.00503665 -0.000578784 -9.37128e-05 -9.59178e-05 0.00527103 -0.000213628 0.0079303 -0.00752135 -0.000404868 -0.00240165 -0.00661639 -0.00545675 -0.00162656 -0.000207041 -0.00079282 -0.00211428 -0.000323861 -0.000146874 -0.0010501 8.3714e-06 8.79617e-05 -0.000169256 0.00260926 -0.000334646 0.00045125 -7.45336e-05 -4.73692e-06 2.55361e-07 0.00168447 -0.000949488 -5.35844e-06 0.00218513 -0.000389527 0.000200338 -0.0035886 -0.000253376 -7.5268e-05 -3.98909e-05 -0.00603378 -8.65743e-05 2.31398e-06 0.00364699 -0.00162268 -0.00267528 -1.17557e-05 -4.36429e-06 0.000813193 -1.19303e-05 -0.0021586 -0.000964703 0.00768659 -1.0334e-05 -5.82525e-05 -3.74266e-06 -0.000515905 
0.0139178 -0.00538391 0.0868127 0.000164038 -0.000704679 0.000116764 0.0190375 0.000149264 -0.0613326 0.00173725 -0.000181326 2.10315e-05 -4.13047e-06 0.00961686 -0.000508353 3.63092e-06 0.000295388 -0.00972322 -0.0338781 0.0014208 0.000168695 -0.000206915 -0.000423067 5.75267e-05 0.00038782 -7.59329e-06 2.09893e-05 -0.0242377 -0.000302607 0.00161098 0.005278 -0.00632944 0.0506097 0.000334542 0.00013302 0.00392296 -3.21857e-05 -0.000339385 0.000342492 -0.00879906 0.000433799 -0.0327217 -0.000350232 -0.00677231 -2.13256e-05 -0.0347259 -0.000132595 -5.13849e-06 -8.85662e-06 -0.032163 -2.02598e-05 -0.0088962 0.00150515 0.00133576 -0.00055611 -0.00338216 0.00753837 0.000901957 3.8011e-06 5.60667e-05 0.00925906 3.08523e-05 -4.0211e-05 0.00016723 -0.000107147 -0.00122421 2.19201e-05 -0.0157717 -0.000144618 -0.00231679 1.68554e-05 -7.75147e-06 -5.29244e-05 0.0507177 -6.88642e-05 -1.98153e-06 0.000178661 -0.000286856 -0.0014089 -0.00970499 5.56346e-06 9.06008e-06 -3.85769e-05 0.0585051 0.000120269 -1.26482e-05 -0.0251858 -0.000720978 -0.00264921 1.94644e-05 1.32907e-06 0.00161695 1.06951e-06 0.000701739 -0.00020866 0.00269156 -4.80605e-06 -0.000158083 6.55059e-06 0.000260328 
-0.00187365 -0.00305459 0.000164038 0.00428401 0.00281086 0.000109606 -0.00223513 0.0013771 -0.00121604 0.000299079 0.00121789 0.000548169 3.74583e-05 -0.000177165 0.000924086 2.37781e-06 2.95951e-07 0.00142391 -0.00154349 -1.96981e-05 0.00115159 4.42841e-05 0.000590582 1.62277e-05 2.77625e-05 8.72372e-06 -1.83932e-06 -0.00124671 0.000883179 0.001333 -5.05044e-05 -0.000556448 -0.00036965 6.25262e-05 4.20235e-06 -0.00361627 2.89942e-06 0.000272586 0.000555185 0.00152723 0.00177363 -8.89592e-05 0.000115148 0.000327665 0.000202877 5.90374e-05 0.000467454 8.86759e-05 8.63378e-05 -0.000436332 0.00021156 -0.00249859 0.00058044 0.000281331 0.000336493 0.000851016 0.000775739 0.00137326 0.000194002 0.000709255 -0.000809152 0.000188906 -4.78051e-05 0.00106043 8.13514e-06 -4.80365e-05 0.000107126 -0.00301606 0.000223474 -0.000131171 6.92454e-05 1.63381e-06 6.93497e-06 -0.000775366 0.00093219 3.01122e-06 -0.00197425 0.000422798 5.27944e-05 0.000254096 1.95889e-05 6.13013e-05 1.17641e-05 0.000702392 6.24659e-05 5.82429e-08 -0.00217561 -3.29746e-05 0.000110159 1.33833e-05 4.41419e-06 -0.00103469 1.11687e-05 -0.00027762 6.11118e-05 -0.00318377 1.13847e-05 -2.54018e-06 -1.38111e-07 -1.84978e-05 
-0.0078577 -0.003117 -0.000704679 0.00281086 0.0120165 0.00020106 -0.0080182 0.000854147 -0.00227385 0.000121343 0.00110027 0.00047069 3.36692e-05 0.00346415 0.00102179 2.38555e-06 -8.12474e-06 -0.00121837 -0.00287354 -0.000181648 0.000878358 -7.89652e-06 0.000459592 3.04073e-06 0.000797241 1.2063e-05 -1.02668e-06 -0.000859182 0.00134366 0.00345486 -0.000286951 -0.00180409 -0.00129513 9.32474e-05 -4.9138e-07 -0.00414712 1.9982e-05 0.000319914 0.000508695 0.00811468 0.00278275 0.00329444 0.000215905 0.000333657 0.000162645 0.003678 0.000311378 1.60335e-05 2.97581e-05 -0.000383499 0.000106404 -0.0053979 0.000667989 0.000921153 0.000297226 0.00342537 0.00046308 0.00136296 0.000112471 0.000497846 -0.00235303 5.88616e-05 -7.59471e-06 0.000953617 -1.43783e-06 -4.98689e-05 0.000110211 -0.00361394 0.000310775 -0.00032409 6.44066e-05 1.65356e-06 -1.82834e-06 -0.00210193 0.000643067 2.19345e-06 -0.00158359 0.00189201 0.000470979 0.00119464 -1.65904e-05 5.23655e-05 4.46872e-06 0.00342314 7.53924e-05 -7.39287e-07 -0.00484148 -0.000100247 -0.000317428 1.52433e-05 4.27961e-06 -0.000903305 6.53962e-06 -0.000982535 1.12247e-05 -0.00835861 1.2869e-05 -3.47959e-05 -3.9048e-07 -5.93915e-05 
-9.72708e-06 -0.00011498 0.000116764 0.000109606 0.00020106 0.000610305 -0.000189976 2.52132e-05 -0.000363237 1.05039e-05 1.69888e-05 1.61467e-05 5.24992e-06 0.000356122 1.0176e-05 -6.30355e-09 3.3276e-06 0.000213918 -0.000231376 -1.93036e-06 3.63582e-05 3.50367e-07 2.37051e-06 -6.57719e-07 3.20301e-05 -7.54866e-08 -4.67657e-07 -0.000175002 2.55388e-05 0.000482109 -1.06978e-05 0.000152921 0.000159343 -7.97812e-08 1.22399e-06 -0.000110172 -2.24024e-07 3.21975e-05 3.21081e-06 0.000173873 3.42709e-05 -9.17243e-05 4.81178e-06 -5.1768e-05 3.07343e-05 -0.000244699 2.64697e-06 7.43521e-06 -6.40194e-08 -0.000194982 2.83962e-06 -0.000336067 6.95663e-06 1.12685e-05 -1.63364e-06 7.04758e-05 2.23272e-05 5.43292e-05 2.64114e-06 1.29839e-05 -9.87636e-05 2.25638e-06 2.55137e-05 2.7016e-05 -5.20386e-07 4.83429e-06 1.60986e-06 -0.000491549 1.1022e-05 -1.46964e-05 2.91735e-05 -5.19755e-08 -3.56181e-07 0.000213211 2.87229e-05 -1.26003e-08 -0.000303066 6.65912e-05 -5.77904e-06 -3.21743e-05 -1.18595e-06 1.63625e-05 -5.64945e-07 0.000295242 5.28439e-05 -1.16321e-07 -0.000358125 -4.31329e-06 -2.09523e-05 3.88201e-06 5.32265e-07 -1.80145e-05 9.46389e-07 -5.13872e-05 -2.22527e-06 -0.000328304 6.56944e-06 1.71214e-05 1.13731e-07 -2.48591e-06 
0.0658393 0.0070586 0.0190375 -0.00223513 -0.0080182 -0.000189976 0.195682 -0.00112683 -0.00269533 -0.00011283 -0.00136549 0.000495127 -3.32666e-05 -0.0441229 -0.00566716 -3.40016e-06 8.0334e-05 -0.00852061 -0.0054084 0.00347873 -0.00100205 -0.000288115 -0.00765014 0.00024288 -0.00157124 -3.36479e-05 -0.000344934 -0.00657586 -0.00342172 -0.0304408 -0.00145043 0.0151956 0.0130374 0.000236021 -2.48353e-05 0.0202422 -0.000250042 -0.00119814 6.6225e-05 -0.0756671 -0.0294619 -0.0430822 0.000211764 0.00686701 -0.000204252 -0.0575978 -0.0013366 -9.15672e-05 -7.51049e-05 0.0231632 -0.000162743 0.0240219 -0.00768852 -0.000727516 -0.00853254 -0.0346913 0.00158486 -0.000645631 -0.000154414 -0.00074236 0.0483175 -8.49975e-06 -0.000998468 -0.000716793 -5.66052e-05 -0.00814436 4.07889e-06 0.00823563 -0.00102264 -0.00975983 -5.37339e-05 -4.81695e-05 -0.000192874 0.000482884 -0.000787135 -1.407e-05 -0.00249494 -0.00219781 -0.00598938 -0.0313536 -0.000525067 -6.19957e-05 -1.8497e-05 -0.00920905 -2.27429e-05 -9.13875e-05 -0.0245322 -0.00230768 -0.0113425 -2.8354e-05 -3.82051e-06 0.00593372 -9.99296e-06 6.34389e-05 7.54851e-05 0.0467534 -3.65412e-05 0.000467737 2.81316e-06 -0.000235649 
-0.000867097 -0.00137446 0.000149264 0.0013771 0.000854147 2.52132e-05 -0.00112683 0.00190332 -0.000613339 0.000223986 0.000547665 8.26484e-05 7.72141e-06 -0.000205883 0.000261698 4.91427e-07 3.91918e-06 0.000944587 -0.000676268 1.22714e-05 0.000720719 4.96587e-05 0.000493588 2.82141e-06 -3.47844e-06 4.36428e-06 -1.46035e-06 -0.000319197 0.000455342 0.000710287 -1.69045e-05 -0.000239428 -0.000170036 3.51185e-06 4.33811e-07 -0.00135327 2.03378e-06 0.000146929 0.000202778 0.000792053 0.000690924 -8.69262e-05 1.20081e-05 0.000172437 0.000144581 -0.000317997 0.000386256 7.09172e-05 8.2189e-05 -0.000531074 0.000190391 -0.00121915 0.000201594 8.19603e-05 0.000170721 7.47734e-05 0.000356823 0.000171722 0.000164068 0.000489565 -0.000372414 0.000187894 -1.5152e-05 0.000307271 -2.28424e-06 -1.99493e-05 8.16377e-06 -0.00119003 7.5144e-05 -6.17533e-05 1.777e-05 -6.74755e-09 -2.45576e-07 -0.000287087 0.000569725 2.2051e-06 -0.00134131 7.37952e-06 -1.064e-06 -0.000167712 -5.36683e-07 2.20468e-05 7.24743e-07 0.000237881 4.3765e-06 -7.43438e-08 -0.000588432 7.77609e-06 0.000270233 5.34108e-06 -3.80332e-08 -0.000501187 5.0936e-06 -9.26378e-05 9.05945e-08 -0.00138925 9.15679e-07 -6.19407e-06 -6.12133e-08 -9.29324e-06 
-0.0130594 0.00731659 -0.0613326 -0.00121604 -0.00227385 -0.000363237 -0.00269533 -0.000613339 0.183183 -0.00113384 -0.000215523 -0.000406858 -3.49739e-05 -0.026468 -0.000439553 -7.64041e-06 -0.000507663 -0.00263236 0.0694687 -0.00941819 -0.00102712 -0.000252378 -0.00435496 -0.000338721 -0.00138846 1.01201e-05 -0.000154196 0.0203724 8.03041e-05 -0.0402267 -0.0116934 -0.00558273 -0.0696909 -0.00277276 -0.000260059 -0.000292826 -9.83921e-05 0.000128821 -0.000497945 -0.0050943 -0.00612705 0.019478 -0.00063038 0.00557391 -0.000173036 0.0700897 -0.000611882 -0.000102546 -7.53372e-05 0.0672607 -0.000160929 0.0368601 -0.00741228 -0.00242555 -0.00998175 -0.0233878 -0.00920864 -0.00108423 -0.000155409 -0.000637381 -0.0313592 -0.000729445 -0.00538738 -0.000714119 0.000183014 -0.00925515 -2.26904e-05 0.0260016 4.93552e-05 -0.0172192 -5.89638e-05 -1.25003e-05 6.6718e-05 -0.0887158 -0.000457558 -2.93905e-06 0.000376669 -0.00180903 0.00229961 -0.0135138 -0.000259737 -6.77611e-05 -0.000559543 -0.0782186 -0.000177846 1.56802e-05 0.0328925 -2.83173e-05 0.00482938 -4.22285e-05 -1.19499e-05 -0.00236131 -1.07302e-05 0.00803987 -6.11906e-05 0.0250578 -1.61248e-05 7.00398e-05 -1.08586e-05 9.7541e-05 
-0.00070068 -0.00137827 0.00173725 0.000299079 0.000121343 1.05039e-05 -0.00011283 0.000223986 -0.00113384 0.00491809 9.09913e-06 0.000211494 6.28047e-07 -0.000501623 0.000344654 1.04898e-06 1.08808e-05 -0.000830966 -0.000974508 0.000200973 0.000132736 9.65727e-05 0.000132531 7.09775e-05 2.0053e-06 -6.10951e-07 -1.07206e-07 -0.00117247 -2.01736e-05 5.59891e-05 -6.47043e-05 -0.00069084 0.000142065 -5.90991e-06 1.62686e-06 -0.000138523 9.66464e-06 -1.02524e-05 0.000108147 0.000248815 0.000581339 -0.00122516 3.91628e-06 0.000701018 1.21135e-05 -0.00126971 4.25644e-05 6.78469e-06 2.67075e-06 -0.00155912 1.60041e-05 -0.00198258 0.000318534 5.15661e-05 0.000142066 0.000330394 0.00125303 0.000193076 1.94344e-05 5.92386e-05 0.00159047 -4.50699e-06 0.000287507 0.000110886 9.6574e-06 -4.15101e-05 2.00384e-06 -0.000225009 1.12466e-05 0.000123271 8.26098e-06 9.63489e-06 -1.18275e-06 -0.000609705 4.55167e-06 2.42464e-07 -0.0005363 -1.0266e-05 6.31168e-05 -3.91843e-05 2.27571e-05 1.74979e-06 -5.72382e-07 0.00111542 1.13456e-06 -9.41441e-07 -0.000359258 -3.28827e-05 -4.11086e-05 7.67451e-06 -9.85759e-08 4.2288e-07 -7.41928e-08 0.000389273 3.42458e-06 -0.00117002 -1.69568e-07 7.60405e-05 5.63567e-07 0.000182434 
-0.0010748 -0.00148294 -0.000181326 0.00121789 0.00110027 1.69888e-05 -0.00136549 0.000547665 -0.000215523 9.09913e-06 0.00194321 0.000443599 3.68737e-05 -0.000124883 0.00064899 1.51324e-06 -9.75547e-07 0.000731564 -0.000369251 -5.48175e-06 0.000276292 2.24328e-05 0.000248725 1.81599e-05 -6.86134e-06 1.17927e-05 -2.91013e-07 -0.000427243 0.000382921 -3.54947e-05 -2.42896e-05 -0.000199556 -0.000119675 6.90912e-08 -5.25089e-07 -0.00133954 -6.47579e-07 2.89247e-05 0.000329207 0.000310304 0.00116771 -8.18959e-05 1.75198e-05 5.08929e-05 2.28585e-05 9.91213e-05 9.71932e-05 5.4967e-05 7.72514e-05 0.000140896 0.000166404 -0.000798773 0.000318852 0.000263716 8.48357e-05 0.000146261 2.83823e-05 0.00054427 0.000164456 0.000478686 -0.000378189 0.000135307 -1.67859e-05 0.000586829 1.14122e-05 -2.30204e-05 5.70901e-05 -0.00101236 0.000115294 -6.52558e-05 7.21123e-06 3.56511e-07 3.50885e-06 -0.000320006 0.000759805 3.52649e-06 -0.000744415 4.59133e-06 -1.4273e-05 -0.000118818 4.05222e-06 1.8254e-05 1.38099e-05 -0.000251287 4.64809e-07 1.29581e-06 -0.000749626 4.38979e-06 2.6976e-05 1.88289e-06 1.38339e-06 -0.000925527 3.51522e-06 -0.000110752 1.58968e-05 -0.00142462 1.36746e-08 -7.27809e-06 -6.24987e-08 -9.8741e-06 
-0.000915779 -0.000682042 2.10315e-05 0.000548169 0.00047069 1.61467e-05 0.000495127 8.26484e-05 -0.000406858 0.000211494 0.000443599 0.00564085 1.87015e-05 -0.00065972 2.04518e-05 2.54144e-06 -3.88671e-06 -0.000204033 -0.00202129 0.000141444 7.69269e-05 0.000530691 -4.25714e-05 -3.08667e-06 -2.66775e-06 -5.56806e-07 -3.48885e-06 -0.000174542 0.000162191 -0.000302336 1.13389e-05 -0.000103223 -7.13176e-05 -4.67203e-06 1.89648e-06 -0.000535188 -1.28112e-06 -8.79893e-06 4.73112e-05 -0.000571204 0.000121598 -0.000254263 -1.22464e-05 -2.58163e-05 3.04648e-06 -0.00190743 4.11022e-05 1.00362e-05 2.84972e-06 0.000930843 9.52768e-06 -0.00111428 0.000141126 0.000270558 1.47125e-05 8.23829e-05 0.000191732 0.000292629 5.79623e-05 0.000231706 0.00161097 1.36577e-05 -7.09096e-05 0.000400599 2.94824e-05 -5.2352e-05 0.000104215 -0.000336633 0.000167331 0.000263378 1.40266e-06 1.99172e-05 -2.73105e-06 -0.000536424 0.000419793 9.27391e-07 -8.82797e-05 -1.55385e-05 -3.3429e-05 0.000763032 -8.42827e-06 7.06721e-06 2.26407e-05 -0.000849638 4.34743e-08 -2.02809e-07 -0.00149752 -3.62967e-05 -0.000269894 6.3264e-06 1.30908e-06 -0.00049134 1.18151e-06 4.78233e-05 -1.90143e-05 -0.00100442 -2.83904e-07 -1.68667e-05 -1.82104e-07 0.000136807 
-1.31035e-05 -3.65913e-05 -4.13047e-06 3.74583e-05 3.36692e-05 5.24992e-06 -3.32666e-05 7.72141e-06 -3.49739e-05 6.28047e-07 3.68737e-05 1.87015e-05 8.19933e-05 -3.40837e-06 1.04848e-05 -8.46422e-10 1.69809e-06 3.58302e-05 -2.24008e-05 5.84185e-06 1.59002e-05 -2.34935e-07 4.73808e-06 2.96764e-07 -1.39621e-07 -1.01361e-08 -6.27956e-08 -4.24736e-05 9.35452e-06 -3.31347e-06 1.71665e-06 -5.6114e-06 1.68079e-05 4.3836e-07 -2.9602e-08 -3.75822e-05 -3.00812e-08 2.59499e-06 2.95359e-06 -5.80552e-06 3.16913e-05 6.02844e-06 -4.08866e-07 -7.23564e-06 2.70959e-06 -4.30128e-05 4.19017e-06 9.2165e-07 2.68029e-06 -7.81451e-06 1.75037e-05 -3.46426e-05 8.79672e-07 1.53808e-05 8.24683e-06 3.03231e-06 9.91626e-08 2.23244e-05 1.53463e-07 1.47387e-05 -1.58181e-06 4.39104e-06 8.15729e-07 2.3214e-05 -9.82232e-08 -1.07856e-06 6.06819e-07 -4.26721e-05 5.80767e-06 -2.81796e-06 6.04565e-07 7.07987e-08 -4.7827e-08 1.09037e-05 2.6669e-05 -1.69193e-09 -2.51053e-05 -2.4885e-07 1.19683e-06 -4.2076e-06 2.07421e-07 1.36422e-07 4.1303e-07 -1.59456e-05 -2.3944e-08 7.39936e-07 -2.91888e-05 1.51109e-06 -1.69702e-06 2.16822e-07 1.42059e-06 -4.29958e-05 -1.23091e-09 -3.79278e-06 6.26914e-07 -3.25414e-05 -4.10364e-09 -3.31326e-07 -2.6322e-09 -4.15858e-07 
0.00738067 0.000760435 0.00961686 -0.000177165 0.00346415 0.000356122 -0.0441229 -0.000205883 -0.026468 -0.000501623 -0.000124883 -0.00065972 -3.40837e-06 0.110314 -2.57981e-05 2.97456e-06 9.74672e-05 0.0242501 -0.0431437 4.19477e-05 -0.000142894 -0.000270681 -0.0014211 -6.76841e-05 0.00148666 -1.15064e-05 6.78704e-05 -0.00498202 -0.000323292 0.0161129 0.00336821 0.00992026 0.0146899 -0.000105707 0.000205222 0.00536345 6.04067e-05 -0.000174355 -0.00020753 0.0104303 -0.00469648 -0.0278545 -0.000222494 -0.0122187 -2.67411e-06 -0.0166405 -0.000146528 2.0045e-05 -7.88005e-06 -0.0404 -2.85073e-05 -0.0108402 0.00229469 0.0015369 -0.00113636 0.00104686 -0.000767974 2.31263e-05 -8.24818e-06 0.000178004 -0.0182032 5.00872e-05 0.00299158 -0.000138144 -8.56325e-05 -0.00111271 -5.3079e-05 -0.025692 0.000301304 -0.00386515 -5.67926e-06 -7.67894e-06 -5.11049e-05 0.0409347 -8.90349e-05 -1.19393e-06 0.000594975 0.00160739 -0.00110203 -0.00166239 -3.20877e-05 1.51483e-06 -6.73544e-05 0.0420304 2.14005e-05 9.35181e-05 -0.00362125 -0.000987604 -0.000201006 1.23744e-05 5.91527e-06 -0.0032646 -1.09521e-06 -0.00381916 -0.000447358 -0.00869527 1.71503e-06 -0.000258715 3.28059e-06 -0.000164067 
-0.00704739 -0.0063415 -0.000508353 0.000924086 0.00102179 1.0176e-05 -0.00566716 0.000261698 -0.000439553 0.000344654 0.00064899 2.04518e-05 1.04848e-05 -2.57981e-05 0.0103731 -3.04302e-08 2.22314e-05 -0.00181226 -0.000769698 9.87018e-05 0.000237182 -2.07123e-05 0.000216135 4.2799e-06 1.67707e-06 1.02641e-06 2.44832e-05 -0.000985655 -4.90204e-05 -0.000346654 -1.21749e-05 -0.00161205 -0.00118803 2.49633e-05 -3.78437e-06 -0.00227543 3.52103e-06 -2.00753e-05 0.000303264 0.00150244 0.00565143 4.3709e-05 6.58667e-05 0.000592744 9.92061e-06 0.00320847 0.000124798 4.35953e-05 7.8901e-05 -0.00113398 0.000129962 -0.00206817 0.00309593 3.75363e-06 0.000461162 0.00307131 0.000686605 0.00064573 9.54027e-05 8.76758e-05 -0.000733073 9.46961e-05 0.000258368 0.000250026 1.29985e-05 -0.000119874 4.98237e-06 -0.000600349 -4.28069e-06 -0.000275799 1.08853e-05 1.23e-06 1.04413e-05 -0.00130521 0.000151154 4.57259e-06 -0.000823989 0.000271476 -8.50041e-05 0.00293768 0.000130997 4.92997e-06 -6.54239e-06 0.00101313 -8.7215e-07 -1.65234e-06 -0.000243802 0.000255219 0.000305848 -4.01476e-07 2.24256e-07 -0.00031389 9.31527e-07 -0.000223509 8.20971e-05 -0.00284823 2.03094e-06 -3.43684e-05 -3.36505e-07 -7.58623e-06 
-5.45592e-06 -2.16797e-06 3.63092e-06 2.37781e-06 2.38555e-06 -6.30355e-09 -3.40016e-06 4.91427e-07 -7.64041e-06 1.04898e-06 1.51324e-06 2.54144e-06 -8.46422e-10 2.97456e-06 -3.04302e-08 1.03221e-05 -7.2337e-09 1.90453e-08 -4.04678e-06 1.218e-06 6.17977e-07 1.07043e-06 3.50797e-06 -1.29954e-08 -3.85557e-08 -1.27594e-09 -7.90476e-09 -4.01244e-06 5.84093e-07 1.28296e-06 -2.51064e-07 -1.60859e-06 5.03792e-06 -5.11182e-08 -3.72632e-09 -2.95212e-06 2.29547e-07 -4.39901e-08 -2.12276e-08 3.33553e-06 2.80089e-06 -1.47886e-06 -5.42658e-08 -1.07743e-06 -2.9884e-09 -5.45463e-06 -3.62046e-08 -1.47069e-09 -1.08211e-09 -2.89362e-06 2.86554e-07 -9.24099e-06 -1.94177e-07 5.81258e-06 1.49097e-06 3.95809e-06 -1.59554e-07 1.88062e-06 -3.06077e-09 1.52142e-06 -4.41097e-07 4.61264e-07 -1.49077e-07 2.40859e-06 -1.23644e-08 5.53118e-07 -7.53362e-09 -3.48146e-06 6.67475e-07 1.37433e-06 -8.24057e-10 -8.78536e-10 -6.02049e-09 1.0222e-06 1.55297e-06 -2.12982e-10 -2.14448e-06 3.90897e-07 -1.59848e-07 1.7871e-06 -2.0046e-08 -1.00986e-09 -9.5492e-09 2.19766e-06 -3.01409e-09 -1.96615e-09 -5.32843e-06 -8.81197e-08 -2.20245e-07 -6.79776e-10 -2.05871e-10 -2.31741e-06 -1.54948e-10 -5.05276e-07 -4.13696e-08 -6.96065e-06 -5.1657e-10 -4.17076e-08 -3.31343e-10 -5.23486e-08 
0.000172283 -7.74052e-05 0.000295388 2.95951e-07 -8.12474e-06 3.3276e-06 8.0334e-05 3.91918e-06 -0.000507663 1.08808e-05 -9.75547e-07 -3.88671e-06 1.69809e-06 9.74672e-05 2.22314e-05 -7.2337e-09 0.000700298 0.000211065 -0.000275025 0.00028913 -1.02034e-06 -2.00781e-06 -6.17643e-06 2.90955e-05 1.0938e-05 -8.84752e-09 3.30003e-07 -0.000563637 1.50385e-06 0.000112062 2.0266e-05 0.000310336 0.00058655 9.04063e-06 2.47015e-07 2.87714e-05 -2.57081e-07 -2.4421e-06 0.000192914 -7.92562e-05 -3.09403e-05 -0.000293492 -3.95283e-07 -6.23788e-05 4.34156e-06 -0.000423909 2.64244e-07 1.32238e-06 -7.3466e-08 -0.000240198 1.08125e-07 -3.00476e-05 -7.18295e-06 6.00199e-08 -7.76535e-06 -5.52622e-05 -1.93235e-06 2.21852e-06 2.55339e-08 -2.75681e-07 9.30372e-05 2.07889e-06 -3.23214e-06 -7.4745e-07 -5.83881e-07 -9.02874e-06 -5.11467e-07 -0.000570356 1.26841e-06 -2.09829e-05 -5.59463e-08 1.18133e-07 8.01499e-08 0.000499922 5.14396e-07 -1.44596e-08 -0.000450534 -2.12672e-06 -1.08523e-05 -5.18676e-05 1.26127e-06 -6.85605e-08 6.28035e-08 0.000284166 1.01759e-06 -1.33485e-07 -0.000289351 -5.98256e-06 -2.73152e-05 1.42738e-07 -1.39768e-08 5.13714e-06 -1.05196e-08 -9.4072e-06 -2.49753e-06 4.64548e-05 -3.50706e-08 4.1573e-06 1.99727e-07 -8.76234e-07 
0.0565053 0.00310413 -0.00972322 0.00142391 -0.00121837 0.000213918 -0.00852061 0.000944587 -0.00263236 -0.000830966 0.000731564 -0.000204033 3.58302e-05 0.0242501 -0.00181226 1.90453e-08 0.000211065 0.187519 -0.0131421 -0.00298432 0.000321295 -0.0004872 -0.00271044 -2.99265e-05 -0.000885947 2.32924e-05 -0.00017518 0.00131681 9.95545e-05 0.00268642 -0.00405755 0.0303178 0.00209481 -0.000762575 -3.05417e-05 -0.00548941 -8.39031e-05 -0.00071332 2.9177e-06 -0.0249722 -0.0152251 0.00187883 -0.000867642 -0.0246677 4.04555e-05 -0.0555307 -0.000448019 9.05973e-05 4.15765e-05 -0.0413969 0.000140677 0.00813223 -0.00392494 0.000577378 -0.00304676 -0.0199452 -0.00285023 0.000249502 0.000112869 0.000620836 -0.0388218 0.000350569 -0.00109283 0.000604149 -3.16519e-05 -0.00282767 -0.000109445 -0.0233983 0.000121631 -0.00759909 -3.92809e-06 -1.72588e-05 0.000177397 0.0128112 0.000731451 -6.81353e-07 -0.00802932 -0.000671784 -0.00201163 -0.0154203 0.000298686 1.61712e-05 -6.10802e-05 -0.00208073 1.82887e-05 7.31904e-08 0.016317 0.000706648 -0.00342561 1.24002e-05 5.9909e-06 -0.0104662 2.46886e-06 0.00377636 -0.000835588 0.00734716 -6.62416e-06 0.000392958 -5.00402e-06 -0.0010922 
-0.0171607 0.0045708 -0.0338781 -0.00154349 -0.00287354 -0.000231376 -0.0054084 -0.000676268 0.0694687 -0.000974508 -0.000369251 -0.00202129 -2.24008e-05 -0.0431437 -0.000769698 -4.04678e-06 -0.000275025 -0.0131421 0.239257 -0.00576552 -0.000484929 -0.000466228 -0.0016887 -0.000377208 -0.00138006 3.56955e-05 -9.30035e-05 0.0115731 -0.00143788 -0.0192701 -0.00654403 -0.0110455 -0.0394122 -0.00150415 -0.000138405 -0.00741872 -5.22325e-05 0.00115201 -0.000488241 -0.00125656 0.000561506 0.0127946 -0.00118113 0.000605351 -0.000103004 0.0693196 -0.00123696 -4.45046e-05 -4.06064e-05 0.0496166 -8.71345e-05 0.0204896 -0.00618915 -0.00121402 -0.00370149 -0.00642729 -0.00576392 -0.00105808 -9.27491e-05 -0.000442816 -0.059353 -0.000325945 -0.00193165 -0.0003904 5.31108e-05 -0.00207036 -0.00011393 0.0178375 -0.000404744 -0.00748317 -3.15976e-05 -2.72006e-05 5.33149e-05 -0.0716418 -0.000367115 -1.8336e-06 -0.00881502 -0.000766162 0.00188913 -0.0188559 -0.0002039 -3.79208e-05 -0.000309413 -0.0940673 -0.000109001 -3.67072e-05 0.0165247 -0.000331039 -0.000498668 -2.18019e-05 -6.98278e-06 -0.00144149 -2.04967e-06 -0.00543692 -0.00104509 0.0106532 -1.28796e-05 -0.000498383 -1.20562e-05 -0.00090355 
0.00278203 -0.000294866 0.0014208 -1.96981e-05 -0.000181648 -1.93036e-06 0.00347873 1.22714e-05 -0.00941819 0.000200973 -5.48175e-06 0.000141444 5.84185e-06 4.19477e-05 9.87018e-05 1.218e-06 0.00028913 -0.00298432 -0.00576552 0.0152392 -5.65466e-09 0.000107997 0.000286161 0.000330112 -4.0339e-05 -1.36891e-06 -3.19814e-06 -0.00276866 -8.58076e-05 -0.000901949 0.00165549 0.000949619 0.00708587 0.000384612 3.33899e-05 0.000746479 -3.95611e-06 -2.69549e-05 0.00051549 -0.00168463 -0.000637351 -0.00409225 6.13472e-05 -0.00100632 -1.75908e-06 -0.00829499 6.44088e-05 3.2835e-06 1.26662e-05 -0.004782 2.45426e-05 -0.00215132 -0.000227682 1.44311e-05 -4.88969e-05 0.000587423 0.000365416 4.51926e-05 1.48768e-05 -7.71374e-06 0.00864607 8.33149e-05 6.05383e-05 -1.97918e-05 -1.36857e-05 -0.000185563 2.32251e-05 -0.00187905 -1.27805e-06 0.000470871 -1.23573e-06 -5.61866e-07 5.31632e-06 0.00244268 1.09129e-05 -3.1938e-07 -0.00029773 -4.63856e-05 -0.000122702 0.00152311 0.000127551 -1.13657e-06 9.30248e-05 -0.000340739 2.88018e-06 3.37385e-06 -0.00272369 -0.000114541 0.000406279 9.13965e-07 -3.08717e-07 0.000230659 -2.32355e-07 -0.0010257 -2.84757e-06 0.000940984 1.36481e-07 0.000109557 3.64624e-08 3.37221e-05 
-0.00100434 -0.00118301 0.000168695 0.00115159 0.000878358 3.63582e-05 -0.00100205 0.000720719 -0.00102712 0.000132736 0.000276292 7.69269e-05 1.59002e-05 -0.000142894 0.000237182 6.17977e-07 -1.02034e-06 0.000321295 -0.000484929 -5.65466e-09 0.00148549 6.54376e-05 0.000533864 -1.87298e-06 7.27646e-06 1.86055e-06 -7.83725e-07 -0.000543627 0.000321967 0.000977411 -3.09626e-05 -0.000228797 -0.000173234 3.27325e-05 -1.92615e-07 -0.0013352 4.17647e-06 0.000177338 4.41517e-05 0.000765346 0.000856438 0.000137963 3.26779e-06 8.91009e-05 0.000137369 -4.08049e-05 0.000278193 6.25103e-05 4.98552e-05 -0.000468034 0.000167886 -0.00127965 9.50473e-05 4.80726e-05 0.000388937 0.000631194 0.000461282 0.000219083 4.71922e-05 0.000259994 -0.000291107 0.000137631 -1.53303e-05 0.000447869 -1.30426e-06 0.000111865 2.23253e-05 -0.00101902 2.43026e-05 0.000100302 3.92701e-05 8.28936e-07 -8.67709e-07 -0.00029444 0.000276114 5.13748e-07 -0.00104482 3.73852e-05 -2.13818e-06 9.04239e-05 -1.73359e-06 2.76989e-05 9.34823e-07 0.000371983 3.70323e-05 -2.83374e-07 -0.000696827 -5.33366e-06 -6.41968e-06 3.51314e-06 1.67033e-06 -0.00032168 9.29989e-06 -0.000126349 2.69931e-05 -0.00135272 4.5811e-06 -4.28893e-06 -4.77552e-08 -6.40034e-06 
-0.00171149 -2.74735e-05 -0.000206915 4.42841e-05 -7.89652e-06 3.50367e-07 -0.000288115 4.96587e-05 -0.000252378 9.65727e-05 2.24328e-05 0.000530691 -2.34935e-07 -0.000270681 -2.07123e-05 1.07043e-06 -2.00781e-06 -0.0004872 -0.000466228 0.000107997 6.54376e-05 0.00285686 9.05202e-05 -3.17372e-06 -4.40163e-06 -3.54154e-07 -2.19407e-06 7.37306e-05 3.2709e-05 0.000221014 -6.19416e-05 -0.000388136 -0.000341569 0.000137589 2.43489e-07 -0.000600106 5.41563e-06 -9.35447e-06 -4.69787e-07 -4.24313e-05 -6.82766e-05 0.000636992 -9.07328e-06 -0.000252355 3.8647e-09 -0.000735885 0.000127551 2.56957e-06 1.09663e-05 -0.000400435 9.47405e-06 -0.00153086 -1.31187e-05 -2.38436e-06 8.88514e-05 0.00160175 -2.36308e-05 -6.37547e-06 3.76156e-06 3.64147e-05 0.000435696 2.27498e-05 -7.24491e-06 6.09285e-05 2.19014e-05 0.000158137 -6.13275e-07 0.000107718 1.71674e-05 0.00100239 -2.28728e-07 3.15339e-05 -1.67107e-06 -0.00052092 5.05532e-05 4.63106e-07 -6.99354e-05 -7.96144e-06 0.000271366 0.00182545 -4.29736e-06 1.68637e-06 1.03051e-05 -0.000765678 -8.36599e-07 -1.56843e-07 -0.000390133 -7.04764e-06 -0.000152581 1.75576e-06 -5.71422e-08 -8.33786e-05 1.33477e-06 -0.000190636 -8.2049e-06 -0.000612136 6.17884e-06 -7.76538e-06 -5.86353e-08 0.00018717 
-0.00491202 -0.00174556 -0.000423067 0.000590582 0.000459592 2.37051e-06 -0.00765014 0.000493588 -0.00435496 0.000132531 0.000248725 -4.25714e-05 4.73808e-06 -0.0014211 0.000216135 3.50797e-06 -6.17643e-06 -0.00271044 -0.0016887 0.000286161 0.000533864 9.05202e-05 0.0130465 -1.16786e-05 -1.55842e-05 3.81015e-06 3.93085e-05 0.000170497 0.000139822 0.00361637 0.00119087 -0.00174067 0.000229068 1.61362e-05 8.23823e-06 -0.00441559 4.66499e-05 7.67329e-05 1.44549e-05 0.00618331 0.00213094 0.00196261 -5.06177e-05 0.000951676 0.000133272 0.000790311 0.000198972 2.69718e-05 6.6714e-05 -0.00226543 0.000149342 -0.00453106 0.000533254 5.86084e-05 0.00295944 0.00414244 0.000116378 5.26289e-05 5.76685e-05 0.000149237 -0.00193392 8.88377e-05 -7.42015e-05 9.14444e-05 -1.2437e-05 0.000380709 4.00609e-06 -0.000363314 2.82165e-05 0.00180091 2.09445e-05 4.49695e-06 1.59973e-06 -0.00142561 0.000212965 5.03831e-06 -0.000347962 0.000100643 -0.000103997 0.00257865 7.60129e-05 2.16207e-06 2.79689e-05 -0.00242975 7.27235e-08 6.55942e-06 0.000482424 0.000241476 0.00263973 3.29306e-07 6.36309e-07 -0.000355966 -3.17992e-08 -0.000683152 5.01671e-05 -0.00541231 1.51613e-06 -2.52214e-05 -4.24403e-07 -1.83731e-05 
0.000279698 -0.000130189 5.75267e-05 1.62277e-05 3.04073e-06 -6.57719e-07 0.00024288 2.82141e-06 -0.000338721 7.09775e-05 1.81599e-05 -3.08667e-06 2.96764e-07 -6.76841e-05 4.2799e-06 -1.29954e-08 2.90955e-05 -2.99265e-05 -0.000377208 0.000330112 -1.87298e-06 -3.17372e-06 -1.16786e-05 0.00125739 -4.70255e-06 -1.55624e-07 2.24764e-07 -0.000255706 -2.49393e-06 -9.06645e-05 1.03338e-05 -0.00012854 0.000484956 1.08986e-05 2.78995e-06 2.03782e-05 -4.61849e-07 -9.65372e-07 0.000286555 -0.000142172 -6.49245e-05 -0.000355111 -1.60756e-06 -0.000129988 -3.64488e-07 -0.000530159 -4.27135e-06 2.4984e-06 2.66802e-06 -0.000361062 -2.84823e-07 4.00784e-05 -1.05834e-05 -3.30685e-07 -6.66395e-06 -7.00578e-05 -9.10493e-06 3.51694e-05 1.2378e-06 4.87993e-06 0.000351863 1.44637e-05 6.32285e-05 1.61045e-05 -3.19171e-07 -1.65596e-05 -9.18858e-07 -0.000386412 -7.78458e-07 -4.39417e-05 -1.00508e-07 -1.07153e-07 -7.23195e-07 0.000561374 4.39582e-06 6.2912e-08 -9.46467e-05 -3.82069e-06 -1.45518e-05 -8.41605e-05 5.15504e-06 -1.2317e-07 1.7402e-05 -0.000233068 -3.67622e-07 2.51575e-06 -0.000427794 -5.06998e-06 6.67817e-05 -8.29107e-08 -2.51096e-08 -0.00012752 -1.88987e-08 0.000190852 -5.03465e-06 5.17856e-05 -6.30048e-08 9.79683e-07 -4.04132e-08 1.86929e-05 
-0.000581076 -0.000126974 0.00038782 2.77625e-05 0.000797241 3.20301e-05 -0.00157124 -3.47844e-06 -0.00138846 2.0053e-06 -6.86134e-06 -2.66775e-06 -1.39621e-07 0.00148666 1.67707e-06 -3.85557e-08 1.0938e-05 -0.000885947 -0.00138006 -4.0339e-05 7.27646e-06 -4.40163e-06 -1.55842e-05 -4.70255e-06 0.00372126 -4.61714e-07 1.53958e-06 -0.000434137 -1.29707e-05 0.000965042 -1.81503e-05 -0.000565996 0.000528214 4.31912e-05 -9.28557e-08 -0.000419637 9.89643e-06 -5.49609e-06 -3.81479e-06 0.000696069 -0.000157758 -0.000591043 -1.79144e-05 -0.000276543 2.51861e-06 0.000276854 -2.0566e-06 -5.32185e-07 -3.91575e-07 -0.00107964 -7.5614e-07 -0.00114898 3.1357e-05 0.000214193 -2.8872e-05 0.000735903 1.21746e-05 -4.35059e-07 -1.85351e-07 1.30546e-05 -0.000578706 -4.25333e-06 9.06659e-05 2.72408e-06 -4.29757e-07 8.06477e-05 8.86277e-06 -0.000628746 2.7734e-06 -8.7218e-05 5.36847e-06 1.40431e-06 -1.82303e-06 0.00162215 -4.1905e-06 -7.70699e-08 -6.40853e-05 0.00068272 3.99907e-05 0.00022545 -6.06497e-06 5.84568e-06 -2.21104e-06 0.00139389 3.00932e-06 -4.00364e-07 -0.000949231 -1.43649e-05 -0.00016035 1.54016e-07 -7.44967e-08 3.6279e-05 -5.60697e-08 -5.18095e-05 -9.82562e-06 -0.000853501 3.01307e-06 -1.26701e-05 -7.54558e-08 -1.6318e-06 
1.1771e-05 -3.25219e-05 -7.59329e-06 8.72372e-06 1.2063e-05 -7.54866e-08 -3.36479e-05 4.36428e-06 1.01201e-05 -6.10951e-07 1.17927e-05 -5.56806e-07 -1.01361e-08 -1.15064e-05 1.02641e-06 -1.27594e-09 -8.84752e-09 2.32924e-05 3.56955e-05 -1.36891e-06 1.86055e-06 -3.54154e-07 3.81015e-06 -1.55624e-07 -4.61714e-07 0.000123596 -3.91058e-08 -1.12414e-06 3.02199e-06 -8.56236e-06 4.47122e-06 -1.37074e-05 -8.7468e-06 -1.21524e-08 4.42653e-08 -1.38618e-05 -4.5346e-08 3.31765e-06 1.11458e-05 -1.35223e-05 1.91711e-06 -4.61477e-05 -4.05401e-07 -2.52412e-06 -3.57868e-08 1.41692e-05 4.34422e-06 3.28239e-06 -1.29586e-08 -1.46785e-06 1.69426e-06 3.00296e-06 -2.04754e-06 2.39645e-06 -9.60412e-07 -8.93347e-06 4.33742e-07 1.24237e-05 1.49668e-06 1.57299e-07 -2.33873e-05 1.19689e-05 -2.18566e-07 3.74791e-06 2.51933e-07 -4.03662e-07 1.37645e-06 -1.82026e-05 7.54676e-07 -2.80996e-06 -9.86829e-09 -1.05207e-08 1.05681e-07 -2.1505e-05 1.55817e-06 -2.55051e-09 -5.58298e-05 -3.7513e-07 1.96356e-06 -5.87173e-06 1.3155e-06 -1.20933e-08 1.35231e-06 -2.8591e-05 -3.60944e-08 -2.35452e-08 -9.80032e-06 1.20225e-05 1.20266e-05 -8.14048e-09 -2.46535e-09 -1.85809e-05 -1.85554e-09 4.19586e-05 1.01046e-05 -1.82367e-05 -6.18605e-09 -3.55014e-07 -3.96792e-09 -6.26887e-07 
-0.000158488 -5.97927e-05 2.09893e-05 -1.83932e-06 -1.02668e-06 -4.67657e-07 -0.000344934 -1.46035e-06 -0.000154196 -1.07206e-07 -2.91013e-07 -3.48885e-06 -6.27956e-08 6.78704e-05 2.44832e-05 -7.90476e-09 3.30003e-07 -0.00017518 -9.30035e-05 -3.19814e-06 -7.83725e-07 -2.19407e-06 3.93085e-05 2.24764e-07 1.53958e-06 -3.91058e-08 0.000765214 -7.18686e-05 6.42044e-06 -4.27584e-05 0.000239229 8.20463e-05 -1.75909e-05 -3.72576e-06 9.12355e-06 2.99954e-05 -2.80929e-07 4.25288e-07 5.91799e-07 -1.77602e-05 0.00016612 -6.17536e-05 -2.0815e-06 -4.4449e-05 -2.21708e-07 -6.89864e-05 5.02511e-06 -2.02206e-08 -8.02814e-08 -0.000147676 -1.73249e-07 -1.71304e-05 7.72608e-05 -3.07732e-06 1.64047e-05 5.96745e-05 3.34405e-05 7.64868e-06 2.06257e-07 -1.72954e-07 -7.9048e-05 -3.91785e-07 6.43067e-05 -7.22171e-07 1.92714e-06 -3.00607e-06 2.52196e-07 -7.14883e-05 1.55767e-07 -2.71806e-05 2.72197e-07 6.81552e-08 8.64454e-07 3.98865e-05 -1.01633e-06 -1.5801e-08 5.30785e-06 -1.89068e-06 -3.39233e-06 -7.8099e-05 1.32391e-06 -7.49208e-08 -3.19561e-07 -5.90852e-05 7.43053e-07 5.20799e-07 -4.40943e-06 -1.74866e-06 0.000100317 3.84567e-08 -1.52735e-08 -9.34737e-06 -1.14955e-08 4.23117e-06 2.69748e-06 -3.70799e-05 -3.8324e-08 -7.60933e-07 -2.45822e-08 3.04962e-06 
-0.00575839 0.00342967 -0.0242377 -0.00124671 -0.000859182 -0.000175002 -0.00657586 -0.000319197 0.0203724 -0.00117247 -0.000427243 -0.000174542 -4.24736e-05 -0.00498202 -0.000985655 -4.01244e-06 -0.000563637 0.00131681 0.0115731 -0.00276866 -0.000543627 7.37306e-05 0.000170497 -0.000255706 -0.000434137 -1.12414e-06 -7.18686e-05 0.0311298 2.31243e-05 -0.00048067 -0.00396214 -0.00317878 -0.0231617 -0.000317626 -9.37998e-05 -1.25328e-05 4.77707e-06 -1.76813e-05 -0.00104607 0.00291152 -0.00313692 0.0125322 -0.000200229 0.00129667 -4.97325e-05 0.0149758 1.78589e-05 -5.3884e-05 -3.2617e-05 0.0104249 -0.000127146 0.00272442 -0.000716905 -0.000440716 -0.000390087 -0.000240905 -0.00167809 -0.0017191 -4.05737e-05 -0.000124957 -0.00332815 -0.000184355 0.000145783 -0.000653046 3.07501e-05 0.000314198 1.76305e-05 0.0137517 2.35592e-05 0.000340744 -5.41211e-05 -1.85135e-06 2.66001e-06 -0.0188873 -0.000231258 -5.91899e-07 0.00157806 -9.21892e-05 0.000466056 0.00250485 -1.33029e-05 -3.4731e-05 -1.67e-05 -0.0189956 -0.000134986 -5.20675e-06 0.00497923 0.000166661 0.00100736 -1.62262e-05 -7.51406e-06 -2.19694e-05 -9.36162e-06 -0.0016425 -0.000518947 -0.000344975 -8.10147e-06 -4.52047e-05 -5.93419e-06 -0.000230069 
-0.00391226 -0.000889304 -0.000302607 0.000883179 0.00134366 2.55388e-05 -0.00342172 0.000455342 8.03041e-05 -2.01736e-05 0.000382921 0.000162191 9.35452e-06 -0.000323292 -4.90204e-05 5.84093e-07 1.50385e-06 9.95545e-05 -0.00143788 -8.58076e-05 0.000321967 3.2709e-05 0.000139822 -2.49393e-06 -1.29707e-05 3.02199e-06 6.42044e-06 2.31243e-05 0.00687527 0.000772587 0.000104354 -0.000548903 -0.000350975 3.97813e-05 -2.49928e-06 -0.00117782 1.82603e-05 0.000206007 5.79847e-05 0.00215166 0.000238602 0.000787 -2.77854e-05 -0.000704155 0.00011654 0.00115778 0.000214328 6.86915e-06 4.78533e-06 -0.000859707 2.72115e-05 -0.00173068 0.000203108 0.000189631 -5.4741e-05 -3.38363e-05 0.000335463 8.8691e-05 3.08916e-05 0.000387552 -0.00102971 6.60799e-05 -6.97761e-05 0.00019576 5.16071e-05 -2.30683e-06 2.91471e-05 -0.000491259 5.89709e-05 0.000172707 3.13251e-05 4.42187e-06 1.13953e-05 -0.000505051 0.000374867 2.46826e-06 -0.000444284 1.0112e-05 0.000803556 0.00100849 2.67439e-05 4.60046e-06 8.98416e-06 -0.000742407 3.66006e-05 -1.22983e-06 -0.00010851 9.75189e-07 0.000404836 4.11074e-06 2.22859e-06 -0.000888489 2.18297e-07 0.000352573 -4.2914e-06 -0.00153785 1.24091e-05 1.49263e-05 5.99988e-07 9.75338e-05 
-0.01979 -0.00236791 0.00161098 0.001333 0.00345486 0.000482109 -0.0304408 0.000710287 -0.0402267 5.59891e-05 -3.54947e-05 -0.000302336 -3.31347e-06 0.0161129 -0.000346654 1.28296e-06 0.000112062 0.00268642 -0.0192701 -0.000901949 0.000977411 0.000221014 0.00361637 -9.06645e-05 0.000965042 -8.56236e-06 -4.27584e-05 -0.00048067 0.000772587 0.0719814 -0.00116502 0.00195484 -0.00178097 0.000424474 7.03918e-05 -0.00878235 0.00018988 0.000356491 -6.36997e-05 0.0290321 0.00388124 0.0164135 -0.000244656 -0.00736954 0.000182673 0.000661884 0.000432936 6.40868e-05 -9.85125e-07 -0.0258138 2.63252e-05 -0.0353243 0.0021614 0.0003461 0.0103343 0.0286601 0.00163276 7.04219e-05 2.64816e-05 0.000222954 -0.0139135 -2.80964e-05 0.00104122 0.000473839 -5.52358e-05 0.0100207 2.01378e-05 -0.0141093 -0.00010863 0.0163961 5.33446e-05 7.06585e-06 -2.15725e-05 0.0105714 0.000193335 2.96678e-06 -0.00472499 0.00233675 0.000431021 0.022824 -0.000104995 7.1517e-05 -2.68637e-05 0.020415 0.000124935 -9.99425e-06 -0.00827362 -0.000464839 -0.00295532 2.80026e-05 7.67612e-06 0.000301532 1.13946e-05 -0.0062326 -0.000288821 -0.0408251 2.63927e-05 -0.000233133 3.14927e-06 -0.000370788 
0.000405727 -6.02843e-05 0.005278 -5.05044e-05 -0.000286951 -1.06978e-05 -0.00145043 -1.69045e-05 -0.0116934 -6.47043e-05 -2.42896e-05 1.13389e-05 1.71665e-06 0.00336821 -1.21749e-05 -2.51064e-07 2.0266e-05 -0.00405755 -0.00654403 0.00165549 -3.09626e-05 -6.19416e-05 0.00119087 1.03338e-05 -1.81503e-05 4.47122e-06 0.000239229 -0.00396214 0.000104354 -0.00116502 0.0237311 0.000307686 0.00574162 0.000144004 5.28467e-08 0.000747004 -3.84486e-06 -3.55668e-05 -4.32529e-05 -0.00169005 -0.00131907 -0.00378928 -9.30798e-05 -0.000355215 -1.48613e-06 -0.00777475 0.000141145 -1.04322e-06 7.58351e-06 -0.00667487 8.83073e-06 -6.86172e-05 0.000309563 3.60762e-05 -0.000288661 -0.00159637 0.00156186 0.000328409 2.98545e-05 2.201e-05 -0.00266615 0.000102811 0.000219046 -2.07124e-05 -1.32681e-05 -7.4866e-05 -1.34407e-05 -0.00335597 -2.30471e-05 0.000221235 -1.94176e-06 -1.00346e-06 2.58914e-05 0.00715212 1.76474e-06 -5.01858e-07 -1.16677e-05 -6.85134e-05 4.35891e-05 -0.00129315 0.000152309 -7.95686e-08 4.88771e-06 0.00288251 -2.36889e-06 2.95596e-06 -8.51847e-05 1.72822e-05 0.00459633 2.42661e-07 -4.85102e-07 -0.00013962 -3.53999e-07 -0.000748587 -1.41699e-05 0.00106817 -6.83882e-07 -6.09218e-05 -2.80758e-07 -5.53956e-05 
0.0355657 0.00327312 -0.00632944 -0.000556448 -0.00180409 0.000152921 0.0151956 -0.000239428 -0.00558273 -0.00069084 -0.000199556 -0.000103223 -5.6114e-06 0.00992026 -0.00161205 -1.60859e-06 0.000310336 0.0303178 -0.0110455 0.000949619 -0.000228797 -0.000388136 -0.00174067 -0.00012854 -0.000565996 -1.37074e-05 8.20463e-05 -0.00317878 -0.000548903 0.00195484 0.000307686 0.132292 0.0048517 0.000283368 -5.5793e-06 0.00543131 -5.27853e-05 -0.000190952 -0.000107571 -0.0155621 -0.0103629 -0.0327872 -0.000328003 -0.00930882 9.16088e-07 -0.0699726 -0.000226934 -1.07901e-05 -1.46276e-05 -0.0112197 -3.45992e-05 0.00673513 -0.00285764 -0.000494206 -0.00210587 -0.0139521 -0.00232422 -0.00037181 -2.79952e-05 -0.000163991 0.0112448 -0.000118629 0.00272411 -0.000199579 2.50303e-05 -0.00204519 -0.000112756 -0.0194233 -0.000114435 -0.00530029 -1.1427e-05 -1.33551e-05 -3.75543e-05 0.00264231 -0.000191959 -2.83766e-06 -0.00943274 -0.00046694 -0.0012993 -0.0164494 -0.000253986 -1.50959e-05 -0.000109907 -0.0105612 2.13255e-05 4.95581e-06 0.01594 -0.00113124 -0.0063856 6.7745e-07 3.74821e-06 -0.00790129 -2.35545e-06 0.00364096 -0.000602828 0.00609913 -7.53045e-06 0.000147967 4.06306e-06 -0.000485681 
