0.0118863 0.00571342 -4.56763e-05 3.87384e-05 0.00031154 0.000297305 0.00106914 0.000603605 0.00180099 0.000138866 0.000190619 -1.56677e-05 -0.000330902 -0.000842067 -0.000896138 0.000244999 -0.000651034 -0.000372717 6.96213e-05 -2.57086e-05 0.000688087 0.000584553 0.000519858 -0.00630111 -0.00136165 0.000537017 -0.00176374 -0.00119528 0.00281234 0.0028796 0.000190859 -1.82485e-05 0.000248278 0.00148383 -4.45279e-05 3.55042e-05 0.000489402 -0.000465493 -0.00480722 0.00010362 -9.91534e-05 0.000137078 0.000417864 -8.57677e-06 -2.5878e-05 7.91917e-06 0.00171333 0.00156197 -1.31812e-05 -0.00497749 -1.64713e-05 0.000187757 0.000123484 -0.000797028 6.47957e-05 -0.000245285 -0.00115945 -2.36315e-05 4.42611e-05 7.8081e-05 0.000544865 0.000719014 0.00224555 -0.00130604 -1.71865e-05 0.00209496 0.00268943 6.7204e-05 7.09537e-05 -0.00228685 -9.82767e-06 0.00084457 0.00175601 0.00118017 -0.00614033 -5.80479e-05 3.45389e-06 0.00057836 -1.4077e-05 -0.000170463 0.000182867 -0.000303294 0.000839781 -0.00456545 0.000193586 -0.000283588 0.00088915 4.3107e-06 -3.39213e-05 -0.00219428 -0.000320209 -0.000151659 -3.65341e-05 2.05201e-06 -0.00270261 -0.00206071 1.76708e-05 3.97401e-06 -0.00264777 -0.000396347 
0.00571342 0.187522 -0.00162641 -0.003881 -0.000127943 0.00199614 -0.00412449 0.00124552 -0.00108141 -0.000967022 1.6647e-05 0.000115708 -0.00062338 -0.0108004 -0.00542817 -0.00225321 0.0102595 0.0175537 -0.000613307 -0.00184078 0.0034109 0.0072419 0.000823713 -0.0219474 0.00383133 0.00269468 -0.0159594 -0.00504155 -0.0379793 -0.0144948 -2.09788e-05 -0.000275096 0.00176024 -0.00147646 -0.00621238 -0.000491591 -0.000225308 0.0161885 -0.0424134 1.27349e-05 0.00526446 -0.000865911 0.00261279 -0.000212013 -0.00064716 9.97388e-06 -0.000640907 4.45291e-05 0.000173568 -0.0767172 0.00115865 0.0117125 -0.0024351 -0.0327927 0.000435557 -0.00560886 -0.0162979 -0.0003592 -0.00176536 0.000546425 -0.000332496 0.00299303 0.00247571 -0.00489167 -0.000911571 0.0061305 0.000603154 0.00145147 0.000138534 0.00410571 5.68296e-05 0.00313472 -0.00884168 0.010129 -0.00748457 -0.00124155 -1.54269e-05 0.00249531 -0.0002776 -0.00354161 -0.000231574 -0.00542649 -1.71748e-05 -0.00880552 -0.000116622 0.0111036 0.0548487 -1.02614e-05 -0.00221999 0.00446744 -0.00632862 0.00368232 -0.00094615 -3.17066e-06 -0.00572825 0.00169531 8.7441e-05 2.96081e-06 -0.01246 -0.00386762 
-4.56763e-05 -0.00162641 0.00721349 -9.2818e-05 0.000216719 0.000223151 -0.000266095 5.57249e-05 -1.50149e-05 0.00197331 1.61343e-06 -1.50448e-05 -5.31586e-05 0.0022584 0.00269688 0.00104729 -0.000586166 -0.00116234 7.61079e-06 -6.06051e-06 -0.000139395 -0.00057805 -2.21832e-05 -0.00223799 -0.00109909 -3.26518e-05 -0.0013004 -8.79661e-06 0.00196366 0.00362773 -1.14263e-05 3.50754e-05 -7.66552e-06 -1.72697e-05 -7.40056e-05 5.6192e-07 -6.9799e-06 0.00195504 -0.0027029 -1.26838e-05 -2.26597e-05 -4.4588e-05 -0.000149408 -7.36676e-06 0.00010255 5.11793e-07 -6.22052e-05 -0.000317203 -7.59347e-06 -0.00317118 -8.38601e-05 -9.1257e-05 -3.02407e-05 5.14201e-05 0.000158684 5.03784e-05 0.000544033 -1.77888e-05 0.000324655 0.000110089 -2.1098e-07 -6.73856e-05 1.86013e-06 -0.00112449 -9.4632e-06 -0.000140872 -6.59727e-05 3.04221e-05 -7.21977e-06 -0.00212096 1.01078e-05 -3.92419e-05 -0.000852513 -5.11752e-05 -0.00220606 0.000182999 5.76731e-06 -0.000302402 -5.03479e-06 -9.64877e-05 -6.76376e-06 0.000121613 0.000100272 -0.00309368 -9.33098e-06 0.00124575 0.00093306 3.41867e-06 0.00344412 -0.00140783 -8.54218e-05 -0.000146197 -1.58469e-06 2.47689e-07 -0.000457762 -0.000366081 7.07281e-05 1.3964e-07 -0.00173651 -0.000242796 
3.87384e-05 -0.003881 -9.2818e-05 0.0239746 -4.05916e-05 -0.000151376 0.0114838 0.00110734 -9.16264e-05 -0.000159986 6.69735e-05 -4.81754e-05 0.00721266 -0.000134455 0.000643557 0.00380461 -0.00224973 0.0071907 0.000776571 -0.00036553 0.000502399 -0.0019155 0.000283168 0.00363346 -0.00424587 0.000828618 -0.00922918 -0.00238259 -0.00465547 -0.00321991 0.000400031 0.000138654 0.000270001 -0.000146102 -0.000494214 0.00236049 0.000428123 -0.0148967 0.00949671 0.000609397 0.000260609 0.00462585 0.00480838 0.000719765 0.00113909 1.57489e-05 0.000452213 0.00529644 0.000783651 0.00855916 -0.000264268 -0.000101739 -0.000516132 -0.00422055 0.000853599 -0.00895264 -0.00966826 -6.94443e-05 -0.000543226 -5.24234e-06 0.000121857 0.000170712 1.26967e-05 -0.00852549 0.000495452 -0.000637489 0.00166514 2.07101e-05 8.03553e-05 -0.0116508 0.000171432 -5.89914e-05 -0.0030435 0.000611092 -0.00313691 0.00296525 7.81997e-06 -0.000929099 0.000359397 0.00300153 -1.71903e-05 0.00512151 0.000972319 0.000564927 0.00162602 -0.000558683 -0.00145981 2.03967e-05 -0.000263984 0.00183158 9.78216e-05 -0.000496718 0.00178033 5.95669e-06 -0.00609148 -0.00792944 0.000209554 -1.66589e-07 -0.00855779 0.0014209 
0.00031154 -0.000127943 0.000216719 -4.05916e-05 0.00187626 5.218e-05 -0.000283789 -5.72893e-06 -1.60471e-05 0.000196812 1.14318e-05 -4.01878e-06 -6.56207e-05 -0.00013263 2.60426e-05 -1.37561e-05 -0.000159153 -0.000280119 -3.22387e-06 3.90453e-05 5.339e-06 -7.54211e-05 -6.64528e-06 -0.000994288 -0.000105614 1.70206e-05 0.000299457 -9.17171e-05 0.000711652 0.00131084 -3.27334e-06 -3.59337e-06 -4.00133e-06 -1.48005e-05 -4.37725e-05 -2.31721e-06 5.71718e-06 0.000554121 -0.0010582 -3.07818e-08 0.000118571 -2.00548e-05 -4.55236e-05 2.32313e-06 1.153e-05 -1.63667e-07 4.59438e-07 -0.000167278 -9.49746e-07 -0.000976443 -2.07271e-05 -2.39927e-05 -2.84707e-05 0.000264653 -6.26597e-07 3.27096e-05 9.85337e-05 2.09411e-05 1.18282e-05 2.91961e-07 -1.29247e-06 -1.83594e-05 -1.25341e-05 0.000107306 3.56867e-05 2.89958e-05 -4.44816e-06 -5.3638e-06 -8.37733e-07 -0.000175073 -3.11081e-06 -1.19428e-05 9.61429e-05 0.000125566 -0.000858838 -9.31586e-06 8.35162e-07 -2.93132e-05 -8.29669e-07 -2.68647e-05 3.09838e-06 -7.51471e-05 3.27827e-05 -0.000696188 -2.61379e-06 -5.24313e-05 -7.67611e-05 -1.30269e-07 0.000434704 -0.000106678 -4.20219e-05 -3.50403e-05 3.96224e-06 -5.09005e-08 1.60207e-05 5.58694e-05 -3.3756e-06 -1.27408e-08 -1.7333e-05 -5.05513e-05 
0.000297305 0.00199614 0.000223151 -0.000151376 5.218e-05 0.00627758 -0.00103135 -6.1235e-06 -2.9095e-05 0.000110883 1.49536e-05 1.97952e-05 -0.000227347 -0.000410037 0.000101066 -0.000122478 0.00273683 -0.00103457 -1.93494e-05 0.00139482 -7.15096e-05 0.00260912 2.50006e-06 -0.00274401 0.00117745 -3.20364e-06 0.00248231 0.000396955 0.000717493 0.000979431 -9.80177e-06 -1.2288e-05 -3.92509e-05 4.83811e-05 -0.000174248 -1.09098e-05 5.9684e-05 0.00207801 -0.0034184 -1.12522e-05 0.000144758 -8.62525e-05 0.000270778 -6.26907e-06 -1.95535e-05 -2.38932e-07 0.000100163 -0.000493559 -6.25236e-06 -0.0036355 -6.4644e-05 0.000110118 -0.000176189 -0.00121802 -1.04169e-05 -0.00105326 -0.00205484 0.000284639 0.000269628 -1.47283e-05 -1.81495e-05 -6.24673e-05 -2.20297e-05 0.000283439 6.35846e-05 -8.63253e-05 7.61194e-06 9.40357e-05 1.27032e-05 -0.002805 -1.05133e-05 -3.73581e-05 -0.000126991 0.000116379 -0.00276755 -3.44812e-05 -4.66004e-07 0.00052896 -7.49173e-06 -9.97224e-05 -1.21689e-05 -0.000249385 1.99216e-05 -0.00417585 -1.85581e-05 0.000445064 0.00155112 4.17331e-06 0.000979548 2.87467e-05 -9.4789e-05 0.000857547 -1.70532e-05 4.95603e-07 0.000231276 7.61624e-05 -5.52861e-06 -4.28185e-08 -0.0010906 -0.000148046 
0.00106914 -0.00412449 -0.000266095 0.0114838 -0.000283789 -0.00103135 0.158518 0.0019632 0.00532651 -0.000876397 0.000252097 -0.000294838 0.0188435 0.0193387 -0.0115247 0.0116397 -0.0179591 0.0126543 0.00178279 -0.00284275 -0.00133039 -0.0171967 3.95816e-05 0.0156437 -0.0302475 -0.00185398 -0.0442609 -0.0175153 -0.0184598 -0.00206671 0.000106236 -0.000896012 -0.00063115 0.00201224 -0.00024313 0.00251088 0.00149325 -0.0600887 0.0502398 0.000349561 -0.00331488 0.00939968 0.0110579 0.000723271 0.00196895 1.98453e-05 0.00192187 0.0392161 0.000445014 0.0245539 0.00218432 0.00032663 0.00058001 -0.0162625 0.00110502 -0.00201685 0.00551946 -0.000561971 -0.0037066 -0.000348857 0.00100649 -0.000722678 0.00164727 -0.0456878 -0.000656619 -0.00174951 0.00559589 0.000312535 -0.000126006 -0.00709057 8.13286e-05 0.00310683 -0.00590053 0.000682386 0.000563876 0.00340775 1.73043e-06 -0.00755141 0.000650641 -0.0014027 7.64539e-05 0.0276704 0.00243128 0.0128031 0.00210975 0.00684199 0.00420738 1.14438e-05 -0.00121009 -0.024433 -0.000888485 -0.00404198 0.00239761 3.13994e-06 -0.0321381 -0.0232992 0.000250313 -5.72217e-07 -0.0669755 -0.00606837 
0.000603605 0.00124552 5.57249e-05 0.00110734 -5.72893e-06 -6.1235e-06 0.0019632 0.00353159 0.00105957 2.53601e-07 4.81453e-05 -7.56683e-06 0.0017063 -6.35195e-05 0.000531981 0.000185316 -0.000311064 0.00221414 0.000341395 -5.17537e-05 7.68257e-05 -4.18436e-05 0.000287636 -0.00163224 -0.000635553 -9.9259e-06 -0.00129261 -0.000330853 -0.00104499 -0.000318009 0.000128554 -1.88857e-05 9.2345e-05 9.50968e-05 -0.000106081 0.0001003 4.75457e-05 -0.00205761 0.000942268 7.13094e-05 -7.49336e-05 0.00219635 0.00241568 1.22582e-06 -1.51869e-06 5.51364e-06 0.000370247 0.00268728 4.47108e-06 -0.000736162 4.50529e-06 1.28839e-05 0.000335627 -0.00148236 0.000140088 -0.000657957 -0.00270668 -5.66877e-06 -4.73358e-05 1.39879e-05 2.39299e-05 0.000231303 0.000787299 -0.00231185 1.46793e-05 3.28127e-05 0.000718713 0.000138573 5.48218e-07 -0.00151053 4.08878e-05 4.66358e-05 -0.000354105 5.21058e-05 -0.000985788 -4.32498e-06 4.14502e-09 -0.000124889 1.51759e-05 -1.20874e-05 2.09254e-05 -6.00261e-06 3.42101e-05 -0.000559528 2.4905e-05 1.9223e-05 -0.000338699 -2.4561e-07 1.53826e-05 -0.000557129 -0.0001096 1.27057e-05 2.93222e-05 9.70699e-07 -0.00262005 -0.00267126 4.16367e-06 4.09312e-07 -0.00108779 1.21259e-05 
0.00180099 -0.00108141 -1.50149e-05 -9.16264e-05 -1.60471e-05 -2.9095e-05 0.00532651 0.00105957 0.0149557 -0.000102895 0.000311328 4.81853e-07 0.0013254 -0.00088385 -0.00115688 -0.000101041 -0.000939182 -0.000364417 0.000628873 -3.85106e-05 -0.000191968 0.00188058 0.00116849 -0.00723047 -0.00178944 -0.000129135 -0.00193154 -0.00134679 0.000417859 0.00262784 0.000308408 -3.71284e-05 4.04345e-05 0.00757751 -0.000287342 -2.60055e-05 0.00102473 -0.00839227 -0.00131033 0.000260261 -0.000280663 0.00204558 0.00206931 -8.76885e-06 0.000146178 3.17778e-06 0.00562776 0.00615608 -2.00456e-05 -0.00113617 0.00121111 -6.79905e-05 0.00231447 -0.00392122 1.3517e-05 0.000124119 -0.00588232 -9.07991e-06 0.000274552 0.000202226 0.000710356 0.000817235 0.00320031 -0.00411022 5.88549e-05 0.00121199 0.00470962 0.000147076 -6.01875e-06 -0.00393685 1.30503e-05 0.00100951 0.00207238 -1.92055e-05 -0.00399257 -2.41303e-05 -8.34309e-07 0.00299553 3.18157e-06 9.71727e-05 5.76238e-05 0.00116544 0.00138512 -0.00509836 1.00065e-05 -0.000197469 -0.00157201 1.68092e-06 -0.000149639 -0.00238682 0.000101215 7.70249e-06 0.000156664 1.54434e-06 -0.0078689 -0.00456499 -2.44294e-05 4.66374e-06 -0.00761535 -0.000454528 
0.000138866 -0.000967022 0.00197331 -0.000159986 0.000196812 0.000110883 -0.000876397 2.53601e-07 -0.000102895 0.00725186 1.65403e-05 8.00346e-06 -0.000252417 0.00177295 0.00229633 0.00151331 -0.000184303 -0.00119028 -3.17595e-05 0.000317415 -7.66944e-05 -1.3345e-05 -1.25599e-05 -0.00363685 -0.000551286 0.000219422 -0.00163261 -0.000344424 0.00270603 0.00426285 -1.14615e-05 5.29746e-05 0.000166686 -5.30443e-05 0.000199162 4.10494e-05 -2.10469e-05 0.00216742 -0.00365493 -1.13105e-05 -0.000132459 -8.91222e-05 -0.00017142 -3.92947e-06 0.00016937 1.39729e-06 -7.25657e-05 -0.000643202 -6.28668e-06 -0.00351921 -7.5879e-05 9.17872e-05 -0.000191593 0.000528923 4.24978e-05 0.000202022 0.000533356 -1.61021e-05 0.000900229 0.000125635 -1.5115e-05 -4.44657e-05 -3.70678e-05 -0.000512063 -2.05541e-05 -0.000166909 -9.17027e-05 -5.95912e-06 5.48906e-07 -0.00106254 1.90965e-05 -5.20723e-05 -0.000259071 -0.000121096 -0.00285198 -2.20956e-06 3.00765e-06 -0.000309959 2.81323e-07 -5.87864e-05 3.28629e-05 -0.000188969 -2.71758e-05 -0.00369621 -1.51493e-05 5.63415e-05 -0.000193866 3.1493e-06 0.00382629 -0.00145534 -0.000189879 -0.000136673 -2.67036e-05 -1.97809e-07 -0.000188341 0.000263505 6.6931e-05 -4.95132e-08 -0.00162144 -0.000221429 
0.000190619 1.6647e-05 1.61343e-06 6.69735e-05 1.14318e-05 1.49536e-05 0.000252097 4.81453e-05 0.000311328 1.65403e-05 0.00130538 -1.17844e-06 8.65369e-05 -9.16584e-05 -0.000105021 3.58101e-05 -7.00184e-05 -0.000206753 6.89705e-05 -8.67321e-06 -2.22488e-05 6.89687e-05 1.05639e-05 -0.000593559 -0.000187893 7.77215e-05 0.000104534 -8.70702e-05 -0.000334307 0.000109051 0.000142156 -6.8959e-07 1.04897e-05 0.000651473 -3.77266e-05 5.15384e-06 0.000484842 -0.000527689 7.63916e-05 -2.38555e-06 1.10218e-05 4.31233e-05 0.000302783 7.91864e-06 1.47257e-05 -1.13804e-07 0.000925102 0.000696783 2.85005e-06 7.85007e-05 5.21795e-05 -1.37725e-06 5.74467e-05 -0.000682881 -1.26599e-06 -0.000251248 -0.000812103 3.85362e-07 6.6914e-05 1.05002e-06 5.44456e-05 -2.20574e-06 0.000134286 -3.92683e-05 1.64534e-05 5.97527e-05 0.000890776 1.13224e-06 -1.42464e-06 -0.000889894 5.47769e-07 0.00017726 2.59558e-05 0.000527165 -0.000686052 4.24551e-05 -1.37796e-07 0.000297653 1.13617e-06 -8.56362e-06 -2.9963e-06 -4.07273e-05 0.000528242 -0.000955777 2.75492e-05 -7.42422e-06 -4.95075e-05 1.50094e-05 1.38904e-05 -0.000228202 3.53066e-05 6.61271e-06 0.000408123 -3.53931e-08 -0.000956833 -0.000822986 -2.81071e-07 -8.85916e-09 -0.000929284 -4.54594e-05 
-1.56677e-05 0.000115708 -1.50448e-05 -4.81754e-05 -4.01878e-06 1.97952e-05 -0.000294838 -7.56683e-06 4.81853e-07 8.00346e-06 -1.17844e-06 0.0021804 -6.39842e-05 -0.000102006 -0.000138903 -3.83493e-05 0.00168227 -0.000336573 1.97342e-06 6.89374e-05 -4.50746e-05 0.00115389 4.54745e-05 -0.00111776 0.000715791 -1.69463e-05 0.000821392 0.00115562 -0.00062726 -0.000245278 5.61168e-06 -1.09766e-05 0.000192994 -3.59166e-06 -5.23709e-05 8.25819e-07 8.56045e-07 0.000609739 -0.00121287 -2.99925e-06 0.000466539 -2.39883e-05 0.000162168 -1.56109e-06 -3.23419e-06 -1.90256e-07 6.54801e-05 -0.000188062 -3.20658e-06 -0.00116818 -1.63233e-05 -3.1202e-05 -4.59703e-05 -0.00150193 1.04564e-06 -0.000310263 -0.00146714 1.38746e-05 0.00048531 -1.22998e-06 -2.91783e-06 -1.36549e-05 3.20392e-05 -0.000447347 -9.87895e-06 -5.041e-05 -1.24864e-05 5.76044e-05 1.12961e-05 -0.000220519 -1.56714e-06 -5.5174e-06 -0.000216483 -3.86067e-05 -0.000238546 -1.01201e-05 -5.25885e-08 0.00128844 -2.28175e-06 -3.3863e-05 0.000245905 -5.03474e-05 1.10914e-06 -0.0014227 -3.57538e-06 0.000329413 -5.28625e-06 -1.51433e-07 -1.07132e-05 -2.01247e-05 -6.15569e-05 6.49376e-05 2.83502e-06 -5.91698e-08 0.000118649 -0.000300077 -3.09255e-06 3.963e-07 0.000273398 -5.436e-05 
-0.000330902 -0.00062338 -5.31586e-05 0.00721266 -6.56207e-05 -0.000227347 0.0188435 0.0017063 0.0013254 -0.000252417 8.65369e-05 -6.39842e-05 0.0379082 -0.00105559 -0.000238663 0.00464426 -0.00353896 0.0188399 0.00192555 -0.000554958 2.38701e-05 -0.00340904 1.72408e-05 0.00154009 0.00208013 0.00122834 -0.0150834 -0.000884426 -0.0170468 -0.00584943 0.000156188 1.1362e-05 -0.000207174 0.00058165 -0.00116899 0.00252087 0.000790392 -0.0237369 0.00913496 0.000608638 -0.000851752 0.0108302 0.0101992 0.000785051 0.00137713 2.1375e-05 0.000511292 0.0186226 0.000303173 0.00379518 0.00130569 -0.000459826 0.00148802 -0.0116609 0.000301919 -0.00805509 -0.017196 -1.71535e-05 -0.000274416 0.000754212 0.00048062 0.000466495 0.000173605 -0.0240428 4.64779e-05 -0.000881516 0.00335373 0.000170822 1.45405e-05 -0.00347072 0.000244248 0.000974131 -0.00432752 0.00102507 -0.00106067 0.00203882 1.54283e-05 -0.00134434 0.000914456 -0.000343017 0.000821601 0.00770375 0.00196062 0.00154255 0.00202015 0.000386609 -0.00373795 2.98724e-06 -0.000479704 0.002626 -0.000861754 -0.000684155 0.00206953 4.43135e-06 -0.0146392 -0.0200412 0.000228226 -2.6749e-07 -0.00728016 0.00533501 
-0.000842067 -0.0108004 0.0022584 -0.000134455 -0.00013263 -0.000410037 0.0193387 -6.35195e-05 -0.00088385 0.00177295 -9.16584e-05 -0.000102006 -0.00105559 0.0844612 -0.00569597 0.00939429 -0.00751418 -0.0154012 -0.000200546 -0.00108449 -0.00181271 -0.00632825 0.000633704 0.0147682 -0.0155425 -0.0012354 0.00359327 -0.00292879 -0.0189168 0.000962895 -0.000135898 -0.000466441 0.0016176 -0.000966693 0.00105483 0.000404796 -0.000239209 0.0228403 0.0118314 -8.76025e-05 -0.000417913 -0.000416796 -0.00204335 8.82891e-05 0.000511683 1.01021e-05 -0.00108023 -0.00748239 -8.83633e-05 0.00540941 -6.26918e-05 -0.00104935 0.00222207 -0.0076374 0.000262017 0.00152274 0.0091234 -0.000207772 -0.0011805 -0.000167861 7.70466e-05 -0.000921901 -0.00037853 -0.0077418 -0.000364819 -0.00198911 -0.000771203 -0.000201277 -9.76446e-05 -0.0102367 -8.01626e-05 -0.000669825 -0.0102914 -0.00160412 -0.000533572 0.000455291 -1.87409e-06 -0.00326545 -6.4967e-06 -0.00132791 -0.000158052 0.00341844 -0.000203599 0.0014673 4.83735e-05 0.00203471 0.0070934 -2.42095e-06 0.00301242 -0.0173672 -0.0025135 -0.00187305 -0.000182904 6.5588e-07 -0.0141215 1.92778e-05 0.000860838 -4.42362e-07 -0.0175145 -0.00324155 
-0.000896138 -0.00542817 0.00269688 0.000643557 2.60426e-05 0.000101066 -0.0115247 0.000531981 -0.00115688 0.00229633 -0.000105021 -0.000138903 -0.000238663 -0.00569597 0.0757418 -0.000886097 0.000205779 0.0155468 -0.000323947 7.18547e-05 -0.00140086 0.000163443 -0.000188861 -0.0103775 0.00190353 0.00543419 -0.0285307 0.00749735 0.0123693 -7.6411e-05 -6.89686e-05 -0.000231753 -0.00028503 -0.000925034 -0.00122468 -0.000270971 -0.00019544 -0.0249728 -0.00193885 -3.99304e-05 -0.000335047 0.000473336 0.00213789 -7.62229e-05 -0.000173524 -5.09912e-06 -0.00099011 0.000570313 -0.000104365 0.0016066 -1.8936e-06 0.00208818 0.000321034 0.00152026 4.53363e-06 0.000136747 -0.0116811 -0.000181269 -0.000152826 0.000464147 -0.000235816 -0.0003233 -8.00596e-06 -0.0068682 -7.45982e-05 -0.00165232 -0.00101639 -0.000177323 3.09559e-06 0.000762686 -9.74576e-05 -0.00014976 -0.00971949 -0.00154787 -0.00145695 -0.000276798 -1.72562e-06 -0.00323446 -4.5851e-05 0.00157965 -0.000138618 -0.00325058 -0.000285683 -0.0031759 -0.000241741 -0.000709875 -0.00724348 -2.13235e-06 0.00288977 0.0014542 -0.00154205 0.000294319 -0.000280696 -1.35474e-07 0.00436994 -0.0014728 -0.000147644 -5.59556e-07 0.00835141 0.00194399 
0.000244999 -0.00225321 0.00104729 0.00380461 -1.37561e-05 -0.000122478 0.0116397 0.000185316 -0.000101041 0.00151331 3.58101e-05 -3.83493e-05 0.00464426 0.00939429 -0.000886097 0.0252475 -0.0024866 -0.00189602 -8.32272e-05 -0.000299736 -0.000228068 -0.00228896 0.000109253 0.00387155 -0.00454657 0.000173055 -0.00980586 -0.00262078 -0.0042884 0.0012571 -1.65493e-05 2.75165e-05 -7.42147e-05 8.39167e-05 -0.000346485 0.00175208 8.20257e-05 -0.00433834 0.00375971 4.7095e-05 -0.000520522 0.00150659 0.00120947 0.000536171 0.00210966 1.401e-05 -8.11377e-05 0.000163899 0.000138818 0.000584417 0.000321284 0.000496995 0.00195064 -0.00685477 -1.57634e-05 -0.00194231 0.00035149 -7.08342e-05 -0.000456152 -6.06887e-05 0.000503915 0.000114442 0.000192214 -0.00468983 -8.69267e-05 -0.000565915 0.00141995 -4.44673e-05 -2.03947e-05 -0.0033458 -1.42432e-05 6.02021e-05 -0.00335463 0.00164895 -0.00148794 0.00191046 8.57864e-06 -0.00108815 0.000380846 -8.04446e-05 -2.91132e-05 0.00842401 0.000906616 -0.00157623 0.00151348 -0.000395617 0.00184283 2.58157e-06 0.00244893 -0.00338432 -0.000687438 -0.000493123 0.00102499 1.90927e-06 -0.0105874 -0.00454286 0.00107394 -1.64564e-07 -0.0177376 -0.000833044 
-0.000651034 0.0102595 -0.000586166 -0.00224973 -0.000159153 0.00273683 -0.0179591 -0.000311064 -0.000939182 -0.000184303 -7.00184e-05 0.00168227 -0.00353896 -0.00751418 0.000205779 -0.0024866 0.0874729 -0.0112677 -0.000280557 0.00863245 -0.00137263 0.0629977 0.000987232 -0.0505765 0.0557532 -0.000703551 0.027355 0.039504 -0.0100969 -0.0131221 -0.000165516 -0.000533035 0.000758863 -0.00109829 -0.00123435 -0.000161073 -0.000211477 0.0327055 -0.0549101 -0.000129077 0.00777894 -0.00118924 0.00199247 -6.41438e-05 -0.000307736 -5.7716e-07 -0.000303863 -0.00885703 0.000170057 -0.0530998 -0.00092934 -0.000566769 -0.0023375 -0.0506245 -0.000154256 -0.0132799 -0.058755 0.00167593 0.0124957 0.000326428 -0.000221549 -7.7435e-05 0.00167957 -0.000346491 0.000259657 -0.00225289 -0.000883015 0.00140174 5.41916e-05 -0.00616381 -0.000178379 -0.00036525 -0.00474798 -0.000575107 -0.00812354 -0.000472551 -6.77183e-07 0.0181914 -0.000119658 -0.00161279 0.000762047 -0.00396913 -3.74412e-05 -0.0424038 -0.000190595 0.00283374 -0.00210558 4.23249e-06 0.00155327 0.0232065 -0.00243741 0.0155825 -0.000246451 -2.13369e-06 0.00625943 0.00368989 -0.000223565 8.76882e-07 0.0173387 0.00243049 
-0.000372717 0.0175537 -0.00116234 0.0071907 -0.000280119 -0.00103457 0.0126543 0.00221414 -0.000364417 -0.00119028 -0.000206753 -0.000336573 0.0188399 -0.0154012 0.0155468 -0.00189602 -0.0112677 0.143806 0.00199956 -0.00157188 0.0113359 -0.00980421 5.24813e-05 -5.49062e-05 0.011355 0.00107509 -0.0683923 -0.0107134 -0.0522881 -0.0254373 6.27125e-05 -0.000733758 -0.000952814 -0.00180422 -0.00440394 0.00199725 7.04174e-05 -0.0899314 0.0357458 0.000681783 0.000752729 0.00956119 0.0139631 0.000678063 -0.000274925 1.99061e-05 -0.0013915 0.0344228 0.000779229 0.014257 0.000264187 0.00645631 0.00380057 -0.00210949 0.00126619 -0.00927778 -0.0363574 -0.000263614 -0.00249236 0.00123365 8.78766e-05 0.00584889 0.00108729 -0.0391585 0.000738219 0.000752172 0.00219925 -7.30115e-05 0.000369148 0.00371875 0.000863287 0.00359141 -0.017476 -0.00238497 -0.00163096 -0.000397758 -4.69005e-06 -0.00736045 0.000619209 0.00424907 0.000840576 -0.00412732 0.000297984 0.0131339 0.00202237 -0.00421924 -0.0188526 -4.20024e-06 -0.00200411 0.039714 -0.00235833 -0.00042953 0.00162986 1.03295e-05 -0.0104112 -0.0210141 -0.000185176 7.30926e-07 0.0188257 0.0136234 
6.96213e-05 -0.000613307 7.61079e-06 0.000776571 -3.22387e-06 -1.93494e-05 0.00178279 0.000341395 0.000628873 -3.17595e-05 6.89705e-05 1.97342e-06 0.00192555 -0.000200546 -0.000323947 -8.32272e-05 -0.000280557 0.00199956 0.00435575 -5.57594e-05 -2.90004e-05 -0.000238577 6.38767e-05 -0.00212432 -0.000573347 -6.96511e-05 -0.00144693 -0.000402411 -0.00187197 -0.000697162 0.000135071 -5.07913e-06 3.72294e-05 0.00134781 -0.000120736 0.000451625 0.000671898 -0.00265138 0.000274915 0.000773404 0.000116553 0.00226815 0.00254378 7.35731e-05 -1.01051e-05 7.07982e-07 0.00150379 0.00276148 3.54452e-05 -0.000479636 0.000191696 -4.46951e-05 0.000415869 -0.00290426 0.000237426 -0.000865954 -0.00350132 -8.27503e-06 0.0001923 -6.78262e-06 0.000851362 0.0016318 0.000353337 -0.00262907 3.2699e-05 0.00114953 0.00208615 4.85399e-05 4.4465e-05 -0.00123667 4.69566e-05 0.00026082 -0.000511387 -5.26809e-05 -0.00190479 3.16754e-06 1.5499e-06 0.00113485 9.27306e-05 -2.52355e-05 0.000204065 -0.000113782 0.000169464 -0.000840162 0.000136635 0.000721468 -0.000452901 1.02746e-05 -4.20378e-05 0.000270668 -0.000127977 -6.59412e-05 0.00131092 3.31487e-06 -0.00348992 -0.00405629 -9.14085e-06 1.6259e-06 -0.00128919 -0.000111201 
-2.57086e-05 -0.00184078 -6.06051e-06 -0.00036553 3.90453e-05 0.00139482 -0.00284275 -5.17537e-05 -3.85106e-05 0.000317415 -8.67321e-06 6.89374e-05 -0.000554958 -0.00108449 7.18547e-05 -0.000299736 0.00863245 -0.00157188 -5.57594e-05 0.0146844 0.000619614 0.00718873 0.0001308 -0.00739467 0.010763 0.000269596 0.00486174 0.00154744 -0.00196321 -0.0010379 -1.93218e-05 -4.91592e-05 0.000122717 -9.83482e-05 -7.19727e-05 -1.24709e-05 -3.41593e-05 0.00411234 -0.0082163 -2.44949e-05 0.000953127 -0.000207116 8.31604e-05 -1.03225e-05 -4.38173e-05 2.24349e-07 -0.000151175 -0.00129896 2.61532e-05 -0.00898909 -0.000124359 0.000390172 -0.000279866 -0.00328534 -2.78008e-05 -0.000621363 -0.00651238 0.000178067 0.00111484 -7.54024e-06 -4.14838e-05 -0.000148546 -8.23006e-05 -4.92985e-05 0.000111391 -0.000323593 -0.000158535 3.54363e-06 -7.43615e-06 -0.00263084 -2.09783e-05 -5.96048e-05 6.34675e-06 -0.000234082 -0.0040784 -8.06604e-05 3.06285e-07 0.00127597 -1.92664e-05 -0.000239339 0.000100532 -0.000555149 -2.45937e-05 -0.00682231 -4.30657e-05 -8.61835e-05 -0.00112482 8.61141e-06 0.00228221 -0.00052502 -0.000205229 0.00242206 -4.97207e-05 2.09636e-06 0.000960403 0.000721188 7.21234e-06 -1.01034e-07 0.00158772 -0.000221933 
0.000688087 0.0034109 -0.000139395 0.000502399 5.339e-06 -7.15096e-05 -0.00133039 7.68257e-05 -0.000191968 -7.66944e-05 -2.22488e-05 -4.50746e-05 2.38701e-05 -0.00181271 -0.00140086 -0.000228068 -0.00137263 0.0113359 -2.90004e-05 0.000619614 0.0206648 -0.00104043 3.97969e-05 -0.00143236 0.00239288 -0.00016304 -0.00659812 -0.0021091 -0.0082099 -0.00215115 -1.06681e-05 -7.31403e-05 -0.000137481 -8.91916e-05 -0.000546995 0.000134424 -5.91731e-05 -0.00972413 -0.00153959 6.58493e-05 0.00254082 9.74239e-05 -5.5577e-05 -1.64511e-05 3.48478e-05 3.36198e-06 -0.000157095 -8.64773e-05 0.000275819 -0.0043117 -4.48753e-05 0.00462344 -0.000278249 -0.00382319 5.8777e-05 -0.000557043 -0.00435529 -3.13854e-05 -0.000291018 6.64305e-06 -2.53045e-06 0.0027063 1.50657e-05 -0.00220865 0.000146767 0.00402915 5.06372e-05 -5.64973e-05 0.00015998 0.000603555 4.72473e-05 0.00072426 -0.00159905 -0.000355189 -0.00408265 4.25678e-05 -9.2179e-08 -0.000321117 5.81672e-05 0.000537427 -4.29131e-05 -0.000675026 -5.64109e-05 0.00171223 -3.71227e-05 -0.000476472 -0.00143428 5.03704e-06 3.6687e-05 0.00745589 0.000569412 0.000274888 -2.55406e-05 7.27282e-06 -0.00111595 -0.00023533 8.95005e-05 1.34696e-07 0.000269896 0.000194244 
0.000584553 0.0072419 -0.00057805 -0.0019155 -7.54211e-05 0.00260912 -0.0171967 -4.18436e-05 0.00188058 -1.3345e-05 6.89687e-05 0.00115389 -0.00340904 -0.00632825 0.000163443 -0.00228896 0.0629977 -0.00980421 -0.000238577 0.00718873 -0.00104043 0.0835854 0.00230217 -0.0464054 0.0495395 -0.000607028 0.0259871 0.0392652 0.00116692 -1.01114e-06 -8.65184e-05 -0.000465305 0.00125308 0.00198438 -0.00154757 -0.000261051 -0.000189726 0.0258109 -0.0531098 -5.34298e-05 0.00566813 -0.00118508 0.00167401 -8.75488e-05 -0.000281496 -2.98207e-06 0.00239672 -0.00769546 0.000547452 -0.0482975 -0.000879246 -0.000190534 -0.00182086 -0.0480054 -0.000161451 -0.014646 -0.0588055 0.00167667 0.00808482 0.000478998 7.23584e-05 0.000123738 0.00311614 -0.000130854 0.000698244 -0.00187484 0.00119131 0.0011326 -7.55954e-05 -0.00992787 -0.000179231 -8.78908e-05 -0.00196272 -0.000584194 -0.0113843 -0.000393799 2.28366e-06 0.013045 -0.000116057 -0.00141731 0.000383541 -0.00376853 0.000165347 -0.0545526 -0.000234826 0.0010149 -0.00392912 7.3202e-06 0.00143643 0.0231759 -0.00205093 0.0152408 -0.000341747 -2.04835e-06 0.00417994 0.00372419 -0.000195426 2.36492e-06 0.0123391 0.0045642 
0.000519858 0.000823713 -2.21832e-05 0.000283168 -6.64528e-06 2.50006e-06 3.95816e-05 0.000287636 0.00116849 -1.25599e-05 1.05639e-05 4.54745e-05 1.72408e-05 0.000633704 -0.000188861 0.000109253 0.000987232 5.24813e-05 6.38767e-05 0.0001308 3.97969e-05 0.00230217 0.00366933 -0.00150038 0.000384369 1.10168e-05 0.000761315 0.000807539 0.000188188 0.000616195 5.29771e-05 -1.68584e-05 0.00123058 0.000854645 -9.39155e-05 0.000195031 7.30905e-06 -0.000546043 -0.0016908 1.86673e-05 0.000533258 0.000191331 0.000320667 7.05149e-05 9.40716e-05 3.45712e-06 0.0012746 0.000156353 1.46737e-05 -0.00140619 -1.90091e-05 0.000141911 -7.18395e-05 -0.00206608 9.89934e-05 -0.00142805 -0.00251204 6.46275e-05 0.000138947 -2.77639e-06 0.000250509 0.000135717 0.000846369 -0.000464253 1.62759e-06 0.000608862 0.00112708 -9.9353e-06 1.20812e-06 -0.00247834 2.53203e-06 0.000158311 -6.01835e-06 0.000139113 -0.00321776 8.42685e-05 -9.93694e-08 0.000553502 -1.87087e-06 -1.24631e-05 4.10072e-05 -0.000134455 8.52215e-05 -0.00253973 0.000218061 -0.00010907 0.00019783 2.11144e-06 -3.48162e-06 -0.000269337 -9.65438e-05 0.000235257 0.000170991 1.13867e-08 -0.00132893 -0.000720993 2.32511e-05 -2.49618e-08 -0.00127484 -4.85884e-05 
-0.00630111 -0.0219474 -0.00223799 0.00363346 -0.000994288 -0.00274401 0.0156437 -0.00163224 -0.00723047 -0.00363685 -0.000593559 -0.00111776 0.00154009 0.0147682 -0.0103775 0.00387155 -0.0505765 -5.49062e-05 -0.00212432 -0.00739467 -0.00143236 -0.0464054 -0.00150038 0.246473 -0.0723422 -0.00535034 -0.0329827 -0.0479886 -0.0443485 -0.0262089 -0.000281379 0.000251395 -0.00202741 -0.00623427 -0.00821132 -0.00136865 -0.00169189 -0.0413728 0.109461 -0.000368122 -0.0118587 -0.00572693 -0.0140211 -0.000436776 0.000314225 -2.09297e-06 -0.00509462 -0.0100548 -0.000254697 0.101745 -0.000215248 -0.00292269 0.00219781 0.015365 -0.000784245 0.0092844 0.0644388 -0.00128732 -0.0116816 -0.000615566 -0.000689081 -0.000608025 -0.003594 0.0244825 -0.000373376 -0.00112048 -0.0055355 -0.00107286 -0.000193529 -0.00496153 -0.000958252 -0.00357136 -0.0516633 -0.000667692 0.0151804 0.00207511 -2.45942e-05 -0.0167357 0.000201438 0.00183576 -0.000793603 0.0113257 -0.00200339 0.045891 -0.00150406 0.00561318 0.0178188 -2.15989e-05 -0.00556958 -0.0416999 0.00760866 -0.0106666 -0.00209916 -1.21581e-05 0.00169438 0.00318146 0.000587449 -3.79141e-06 -0.0392299 -0.00707605 
-0.00136165 0.00383133 -0.00109909 -0.00424587 -0.000105614 0.00117745 -0.0302475 -0.000635553 -0.00178944 -0.000551286 -0.000187893 0.000715791 0.00208013 -0.0155425 0.00190353 -0.00454657 0.0557532 0.011355 -0.000573347 0.010763 0.00239288 0.0495395 0.000384369 -0.0723422 0.153932 0.00311636 0.00654109 0.0530917 -0.0415773 -0.0266308 -0.00026747 0.000546837 -0.000665379 -0.00195281 -0.00293325 -0.000517353 -0.000562086 0.0270001 -0.0867205 -0.000252751 0.00556798 -0.00150613 -0.000303773 -0.000172398 -0.000592422 -2.15834e-06 -0.00165019 -0.0107106 0.0003136 -0.0938752 -0.00112013 0.00428087 -0.00199264 -0.0520929 -0.000363868 -0.0125037 -0.0652917 0.00223088 0.0105198 0.00128596 -0.000502135 0.000922231 0.000601156 -0.00422948 0.0012464 -0.0013245 -0.00242472 0.000634475 -4.33222e-05 0.00916851 -0.000324302 -0.000477704 0.00500916 -0.0017447 -0.00758827 -0.000782386 1.99759e-06 0.0116227 -0.000108693 -0.00279388 0.000432106 -0.00691312 -0.00048719 -0.0243224 -0.000553326 0.00211006 -0.0102346 3.1627e-06 0.000414144 0.0791515 -0.00239615 0.0144603 -0.000731382 1.3538e-06 0.0122015 0.00817201 -0.000404063 -1.28813e-06 0.0338257 0.0175713 
0.000537017 0.00269468 -3.26518e-05 0.000828618 1.70206e-05 -3.20364e-06 -0.00185398 -9.9259e-06 -0.000129135 0.000219422 7.77215e-05 -1.69463e-05 0.00122834 -0.0012354 0.00543419 0.000173055 -0.000703551 0.00107509 -6.96511e-05 0.000269596 -0.00016304 -0.000607028 1.10168e-05 -0.00535034 0.00311636 0.0174759 -0.0049285 -0.00081906 0.00058493 0.00100931 1.9513e-05 -8.14504e-05 -7.11123e-05 -6.63027e-05 -0.000164105 -1.75477e-05 8.35835e-06 -0.00372069 -0.0057609 0.000105361 -2.39026e-05 4.11256e-05 -0.000164846 2.10212e-05 2.76443e-05 -5.38019e-07 5.64409e-05 -0.000790038 7.60469e-05 -0.00335964 0.000211723 0.00204901 -0.000390908 -0.00482523 0.00010658 -0.00057019 -0.00450294 -2.89688e-06 -0.000279804 0.000164946 0.000161049 0.000150647 4.33824e-05 -0.00100313 1.21544e-05 0.000387227 0.000128542 -4.35021e-05 1.71741e-05 -0.00121721 -1.68249e-06 0.00114432 -2.83864e-05 0.00103007 -0.00157385 0.000358137 8.57613e-07 -0.000228862 5.79532e-05 0.000841147 1.1051e-05 -0.000285546 0.00011544 0.000917943 0.000265318 4.44872e-05 -0.000649668 3.40032e-06 0.000143397 0.00249041 -0.000535044 -7.90161e-05 3.26531e-05 -4.8178e-07 0.000154053 -0.000518431 -2.31048e-05 9.46073e-07 0.000651038 0.000100536 
-0.00176374 -0.0159594 -0.0013004 -0.00922918 0.000299457 0.00248231 -0.0442609 -0.00129261 -0.00193154 -0.00163261 0.000104534 0.000821392 -0.0150834 0.00359327 -0.0285307 -0.00980586 0.027355 -0.0683923 -0.00144693 0.00486174 -0.00659812 0.0259871 0.000761315 -0.0329827 0.00654109 -0.0049285 0.240006 0.0140682 0.0215029 -0.00918889 -0.000258705 -7.99642e-05 0.0012913 -0.000713863 -0.00598058 -0.00131152 -0.000419877 0.0957332 -0.0590464 -0.000681016 -0.000852371 -0.00558319 -0.00582505 -0.000396018 -0.00126138 -2.01072e-05 -4.78189e-06 -0.0341397 -0.000512467 -0.0151548 -0.00431463 -0.00810244 -0.00985499 -0.00401026 -0.000793444 -0.000617094 0.00437315 0.000384971 0.00595783 -0.000930589 -0.00098768 -0.00408243 -0.00166334 0.0261168 -0.000230471 -0.00583241 -0.00277777 0.000467701 -0.000321897 -0.019994 -0.000684776 -0.00298195 0.00900379 -0.00133273 -0.00404068 -0.00153375 -3.61672e-06 0.0158433 -0.000512482 -0.00667523 -4.44989e-05 -0.0148659 -0.000643731 -0.0371186 -0.00120309 -0.00759236 0.00376532 -1.05111e-05 -0.00105691 -0.037669 0.00132269 0.0045916 -0.000995901 -7.66531e-06 0.0134573 0.015599 -0.000854187 -2.30022e-06 0.0344927 -0.0098726 
-0.00119528 -0.00504155 -8.79661e-06 -0.00238259 -9.17171e-05 0.000396955 -0.0175153 -0.000330853 -0.00134679 -0.000344424 -8.70702e-05 0.00115562 -0.000884426 -0.00292879 0.00749735 -0.00262078 0.039504 -0.0107134 -0.000402411 0.00154744 -0.0021091 0.0392652 0.000807539 -0.0479886 0.0530917 -0.00081906 0.0140682 0.0952171 -0.00660536 -0.00944184 -0.000117895 -0.000135719 0.00134624 -0.00108535 -0.00199763 -0.000306221 -0.000292408 0.0265087 -0.0573123 -9.47429e-05 0.00820089 -0.00121825 -0.00066393 -9.37195e-05 -0.000333628 -5.02361e-06 -0.000545038 -0.0084403 2.77196e-05 -0.0440706 -0.000873374 -0.00107526 -0.00252583 -0.0359413 -0.000217156 -0.011783 -0.0485391 0.00200552 0.006746 0.000655666 -0.000272311 -0.000481324 0.0010195 -0.00405925 0.000423344 -0.00248494 -0.00115397 0.000137959 -2.15268e-05 0.00405499 -0.000198658 -0.000785117 -0.00856164 -0.00227695 -0.00484236 -0.000502123 3.42361e-07 0.0101486 -0.000129159 -0.00142578 0.000363657 -0.0041275 -0.000326338 -0.0279303 -0.000306701 -0.00135307 -0.010675 -2.93012e-06 -0.000340732 0.0401546 -0.00269944 0.00745836 -0.000374858 -2.07471e-06 0.00673325 0.0041178 -0.000240426 -6.44567e-07 0.0204591 0.0129879 
0.00281234 -0.0379793 0.00196366 -0.00465547 0.000711652 0.000717493 -0.0184598 -0.00104499 0.000417859 0.00270603 -0.000334307 -0.00062726 -0.0170468 -0.0189168 0.0123693 -0.0042884 -0.0100969 -0.0522881 -0.00187197 -0.00196321 -0.0082099 0.00116692 0.000188188 -0.0443485 -0.0415773 0.00058493 0.0215029 -0.00660536 0.249354 0.0778722 -0.000196288 0.000453808 0.00156763 0.00086289 0.0106562 -0.00144605 -0.000981535 0.0278493 -0.0435377 -0.000781255 -0.00600852 -0.00659575 -0.0110709 -0.000488021 -0.000296145 -2.91431e-05 -0.00176889 -0.0260849 -0.000735132 -0.000487912 -0.00486863 -0.00948424 -0.00712827 0.0349208 -0.000906743 0.0157642 0.029262 -0.00069556 -8.96735e-05 -0.000362081 -0.0005696 -0.00235786 -5.95195e-05 0.00838526 -0.00110052 -0.0039244 -0.00275434 -0.000982704 -0.000302792 -0.0139682 -0.000449257 -0.00206992 0.0247605 -0.00050409 -0.00396451 -0.00200236 2.61567e-05 -0.00645025 -0.000586321 -0.000939952 -0.000333382 -0.0113978 -0.0015119 -0.0197894 -0.00131672 -0.00582143 0.00391298 -1.80779e-05 0.0047151 -0.0483928 -0.0115797 -0.00167317 -0.00180992 -1.92858e-06 0.0118946 0.0175804 -0.000531371 1.56112e-06 -0.0169227 -0.00653655 
0.0028796 -0.0144948 0.00362773 -0.00321991 0.00131084 0.000979431 -0.00206671 -0.000318009 0.00262784 0.00426285 0.000109051 -0.000245278 -0.00584943 0.000962895 -7.6411e-05 0.0012571 -0.0131221 -0.0254373 -0.000697162 -0.0010379 -0.00215115 -1.01114e-06 0.000616195 -0.0262089 -0.0266308 0.00100931 -0.00918889 -0.00944184 0.0778722 0.13472 -0.000234733 0.000553009 0.00180053 0.00406729 0.0127014 -0.000337489 -0.000371295 0.0171107 -0.0331338 -0.00027705 -0.00324324 -0.00223677 -0.00433973 -0.000162738 0.000775019 -3.2605e-06 0.000837879 -0.0137763 -0.000282761 -0.0211096 -0.00123644 -0.00319623 -0.00240198 0.0219216 -0.000219809 0.00614138 0.0195003 -0.000422845 -0.000382532 0.000150731 -0.000343629 -0.00142524 8.38287e-05 0.00137765 -0.000174416 -0.0023349 5.17873e-05 -0.00046587 -0.000147524 -0.00432798 0.000116436 -0.00052798 0.0109171 0.0039891 -0.0126638 -0.000894849 1.33384e-05 -0.0036638 -0.000203904 -0.000685989 -0.00020116 0.00137401 -0.000410454 -0.0186798 -0.00045183 -0.00186424 0.00652576 -2.2317e-06 0.00759012 -0.0224612 -0.00393094 -0.00322929 -0.000621911 -7.45177e-07 -0.00156312 0.00615029 -1.02639e-05 2.85681e-06 -0.0425363 -0.00460729 
0.000190859 -2.09788e-05 -1.14263e-05 0.000400031 -3.27334e-06 -9.80177e-06 0.000106236 0.000128554 0.000308408 -1.14615e-05 0.000142156 5.61168e-06 0.000156188 -0.000135898 -6.89686e-05 -1.65493e-05 -0.000165516 6.27125e-05 0.000135071 -1.93218e-05 -1.06681e-05 -8.65184e-05 5.29771e-05 -0.000281379 -0.00026747 1.9513e-05 -0.000258705 -0.000117895 -0.000196288 -0.000234733 0.00175597 0.000118587 -6.47044e-06 0.000429492 2.34454e-05 2.0834e-05 0.00011953 -0.000834296 0.000249251 2.6451e-06 3.208e-05 5.2903e-05 0.0003768 5.18199e-06 2.67711e-05 -1.53156e-07 0.00050845 0.000605047 4.43704e-05 0.000195886 2.77242e-05 -1.38924e-05 4.36575e-05 -0.000313563 0.000137172 -0.000621335 -0.000584937 -4.69652e-06 5.27231e-05 -3.05624e-06 0.000102098 0.000179536 0.000237909 -0.000733294 4.1664e-06 0.000212307 0.000619593 -1.69751e-06 -9.83932e-07 -0.00101464 0.000103909 0.000179745 -0.000103625 0.000153614 -0.000374263 8.46444e-05 2.69233e-06 0.000285943 1.47382e-05 0.000285819 3.91835e-05 5.09739e-05 0.000123521 -0.00044743 0.000111731 -1.57373e-05 -0.000107947 2.32337e-05 -2.03762e-05 -0.000275297 1.74973e-06 -3.41657e-05 0.000144668 1.52368e-07 -0.000758671 -0.000755285 -1.45239e-06 -1.19226e-08 -0.000535521 -1.91137e-05 
-1.82485e-05 -0.000275096 3.50754e-05 0.000138654 -3.59337e-06 -1.2288e-05 -0.000896012 -1.88857e-05 -3.71284e-05 5.29746e-05 -6.8959e-07 -1.09766e-05 1.1362e-05 -0.000466441 -0.000231753 2.75165e-05 -0.000533035 -0.000733758 -5.07913e-06 -4.91592e-05 -7.31403e-05 -0.000465305 -1.68584e-05 0.000251395 0.000546837 -8.14504e-05 -7.99642e-05 -0.000135719 0.000453808 0.000553009 0.000118587 0.00569715 0.000103356 2.2653e-05 -0.000128872 -1.98319e-05 -1.57114e-05 0.00123508 -0.00178414 3.71089e-05 -4.77202e-05 -6.75669e-05 -0.000144638 -5.81371e-06 6.78006e-05 -4.54446e-07 -9.18186e-06 -0.000476795 -1.29223e-06 -0.00166908 -5.5929e-06 -8.04326e-05 -0.000121074 0.000311057 -1.09015e-05 -0.000226671 0.000592392 -6.00712e-06 2.58813e-05 -1.37215e-05 -8.53428e-06 6.25213e-06 -3.63769e-05 -0.000245578 -2.13804e-05 5.95381e-05 -5.64262e-05 -1.64246e-05 -1.98974e-06 -0.00149192 -1.0514e-05 -3.58643e-05 0.000718467 2.10514e-05 -0.000232146 0.000124107 1.04038e-06 0.000103749 4.06156e-05 -2.70502e-05 -4.96054e-06 -0.000119099 -4.12816e-06 -6.29518e-05 -1.47168e-05 7.29582e-05 0.000740009 6.78069e-06 -4.87274e-05 -0.000222214 -2.91326e-05 -9.15367e-05 -2.16342e-05 -1.44044e-07 0.00021465 -0.000210033 1.93695e-05 -3.88365e-08 -0.000337654 -7.90345e-05 
0.000248278 0.00176024 -7.66552e-06 0.000270001 -4.00133e-06 -3.92509e-05 -0.00063115 9.2345e-05 4.04345e-05 0.000166686 1.04897e-05 0.000192994 -0.000207174 0.0016176 -0.00028503 -7.42147e-05 0.000758863 -0.000952814 3.72294e-05 0.000122717 -0.000137481 0.00125308 0.00123058 -0.00202741 -0.000665379 -7.11123e-05 0.0012913 0.00134624 0.00156763 0.00180053 -6.47044e-06 0.000103356 0.00774211 -3.94813e-05 0.000430669 0.000107649 -2.3135e-06 0.000573852 -0.00222432 7.67033e-05 0.000940866 6.29492e-05 6.83607e-05 6.08752e-05 7.51246e-05 1.10951e-06 7.61057e-05 -0.000684889 3.8039e-05 -0.00155717 -5.63186e-05 -8.61386e-05 -0.000223739 -0.000718812 0.000210858 -0.00166154 -0.0014645 3.1161e-06 0.000358858 -4.05481e-06 -1.59315e-05 -6.08365e-05 0.000199081 0.000277433 -2.55192e-05 -0.000127873 2.07233e-06 1.62764e-05 -3.38253e-06 -0.00313017 1.25436e-05 -3.99926e-05 -0.00028179 0.000265758 -0.00298715 0.000139565 -5.89276e-07 0.000157058 2.24683e-05 0.00015086 3.12748e-05 -0.000263256 -2.93982e-05 -0.00264823 8.88154e-05 -0.000246102 0.000139103 4.94814e-06 4.49963e-05 -0.00103369 -0.000221185 -3.3358e-06 0.00010665 5.6649e-07 -0.000517117 -0.000372366 2.05658e-06 1.36002e-07 -0.000334727 -0.000224435 
