0.00152203 3.26407e-05 -2.10852e-07 -2.3977e-05 1.26796e-05 0.00111968 -0.0001328 0.000776135 4.51638e-05 1.10542e-06 2.3277e-05 -9.58197e-05 -0.00109258 0.000802327 -3.33541e-06 0.000278224 -1.18384e-05 -9.5577e-05 9.99192e-05 6.25825e-05 1.25714e-05 1.60853e-05 0.00087956 -0.00113358 1.35829e-05 0.00113097 -5.07241e-05 0.00060506 4.09589e-06 0.00105561 5.79129e-06 0.000738734 4.55196e-05 -0.000692975 0.000353647 -6.74815e-07 3.10967e-05 -0.00110016 0.000474167 9.9611e-05 -0.00099285 0.000446297 1.26272e-05 -9.52759e-06 0.000138462 -2.37663e-05 1.31951e-06 -0.000701274 -1.36891e-05 2.86669e-05 0.00023965 7.11894e-06 1.43832e-05 -0.00104343 5.5038e-05 -7.73597e-07 0.000465835 0.000725734 -1.9046e-05 7.53615e-06 -0.00107449 0.000457476 4.99011e-06 -0.00100713 -0.00115428 0.000210712 -0.000812554 3.00483e-05 0.000643667 -4.80409e-05 7.21497e-06 5.43384e-05 -1.35712e-06 3.06124e-05 9.92967e-05 5.76234e-07 -2.36001e-05 0.000747634 3.69212e-06 -3.52286e-06 -2.76349e-07 0.000115603 0.000221792 2.10641e-05 3.06171e-05 5.16312e-05 1.47881e-05 -7.42346e-05 6.80981e-05 4.14935e-05 -0.00100377 1.64417e-05 7.90195e-06 -0.0011273 -7.66187e-08 -0.00101575 0.000110733 4.056e-05 -0.000958254 0.000127726 
3.26407e-05 0.0013709 1.26677e-06 -0.000104972 -8.25121e-06 0.000832068 -0.000136472 0.000421894 -9.02651e-05 -1.21589e-06 0.000562471 -8.50501e-05 -0.000116582 -0.000131361 1.18295e-05 1.38432e-05 -1.36832e-05 0.000125273 0.000818446 0.000741906 -8.99954e-06 4.44646e-05 0.000925275 -0.000990356 0.000737444 -3.10598e-05 -0.000836722 -6.96441e-06 -7.28348e-06 3.31568e-05 -1.12136e-05 -5.90292e-05 0.000406479 -0.00059678 0.000853618 5.92282e-07 0.000409384 -0.00091711 -6.58741e-05 6.41058e-05 -0.000918459 -1.62766e-06 1.2191e-05 0.000229465 0.000336424 -3.30597e-05 0.000280457 -0.000530809 -1.9564e-05 4.16575e-05 0.000343796 0.000438351 7.14429e-07 -0.000951938 0.000933416 -7.34359e-05 2.78577e-05 -1.42267e-05 0.000244953 -7.63735e-05 -0.000915317 3.18877e-05 -1.56573e-05 -0.000785919 -0.000989699 -0.000352175 -0.000867031 6.04001e-05 0.000441246 -0.000116274 6.81831e-06 0.000601239 -8.51071e-07 4.29271e-05 1.63221e-05 1.34456e-05 0.000657795 -1.68024e-06 -8.91083e-07 -3.06114e-06 6.95573e-07 0.000100376 0.000104513 0.000111284 2.02814e-07 -1.51584e-06 5.23269e-05 -7.06115e-05 -4.20303e-05 2.98471e-05 -0.000883853 0.000268755 0.000264886 -0.000742792 5.42254e-05 -0.000869615 0.000211838 -6.86508e-06 -0.000876671 1.38726e-05 
-2.10852e-07 1.26677e-06 0.00014559 0.000102858 -2.8922e-07 -1.94374e-05 8.68203e-05 -1.7474e-05 9.91463e-05 9.32528e-08 1.84251e-06 3.8031e-05 -8.60023e-05 1.17133e-06 5.78278e-05 -2.38054e-07 -1.34026e-06 3.78992e-05 2.05195e-06 -1.34145e-06 5.81257e-07 -3.64395e-07 -1.61993e-05 -9.47357e-05 1.0366e-06 -1.72015e-05 -0.000116305 -4.14328e-06 4.88265e-06 -1.66594e-05 0.000104019 5.03771e-05 -3.23964e-07 -5.29252e-05 -1.18122e-05 -6.44604e-08 2.97495e-06 -8.71115e-05 1.37567e-05 0.00010778 -7.9783e-05 -9.94679e-06 -1.86285e-08 9.43852e-05 2.04266e-07 3.20106e-07 2.6312e-07 -5.96102e-05 5.75559e-05 1.52038e-06 -7.70009e-07 -4.43036e-06 8.28374e-08 -9.09775e-05 -1.57602e-06 9.92841e-05 3.49326e-06 -1.49262e-05 -7.05635e-07 7.76941e-06 -8.42014e-05 -3.39553e-06 7.25301e-07 -8.2712e-05 -8.80558e-05 -4.6845e-05 -7.50359e-05 -4.6528e-06 -1.18e-05 2.79436e-05 -1.20627e-07 -2.81928e-06 -3.15376e-07 -1.23106e-06 -1.04998e-06 -1.30696e-07 4.54504e-06 -8.06231e-06 -2.74226e-07 3.28134e-05 3.75138e-06 6.49238e-07 -3.99918e-07 9.77392e-07 3.80004e-05 5.92214e-06 1.01878e-05 -5.68045e-06 5.7066e-05 -4.3578e-07 1.57448e-05 -1.19137e-07 9.73118e-06 -8.83251e-05 -3.86227e-07 -5.11733e-05 -1.00891e-07 -6.86003e-08 3.26263e-05 -1.2537e-06 
-2.3977e-05 -0.000104972 0.000102858 0.106075 0.00126234 0.00372636 0.0928275 -0.00821807 0.0829328 0.000550327 -0.00016099 0.00913527 -0.0779574 0.0463511 0.0084553 0.00063046 -0.00119221 0.0258622 -0.00298123 -0.000824756 0.00227151 -0.000214936 -0.0124223 -0.0863211 0.000541351 0.0299762 -0.0795052 -0.00454829 0.00468843 -0.0127705 0.0854426 0.0319789 -0.000223031 -0.0439234 -0.00995047 4.24113e-05 0.0172989 -0.0852977 0.05534 0.0125859 -0.0665591 -0.00789176 -7.83209e-06 0.078285 0.000652212 0.00573554 0.00171604 -0.0521094 0.0176303 -3.39345e-05 0.00131705 -0.00347342 -1.56184e-05 -0.074756 -0.000789442 0.089752 -0.00221615 0.00199737 -0.00144333 0.0645037 -0.0858034 -0.00266984 0.00643577 -0.0782695 -0.0882407 -0.0308981 -0.0752042 -0.00078763 -0.00950234 0.0744575 -9.06182e-05 -0.00218773 -0.000119384 -0.000909007 0.00658439 0.00020683 -0.00237861 0.00821488 0.00412082 0.034934 -1.38682e-05 -0.000126884 -0.000596853 0.00170867 0.0195403 0.003608 0.0156462 0.0218869 0.0720647 0.000659072 -0.00169473 2.20384e-05 0.00154077 -0.0870898 0.000348211 -0.071321 -5.8668e-05 -0.000615156 0.0162245 0.00664363 
1.26796e-05 -8.25121e-06 -2.8922e-07 0.00126234 0.00959927 0.00530223 0.00429233 0.00226647 -0.000828054 1.79257e-05 0.000130917 -0.000369706 -0.00165643 -0.000761467 -6.32495e-05 -0.000101739 -5.2128e-05 0.0028461 0.000211939 0.00081077 -2.446e-05 -1.46131e-05 5.33251e-05 -0.00498152 -1.07385e-05 0.00456501 -3.10979e-05 -3.57158e-05 -1.10767e-05 -0.000130065 -0.000833244 -0.000337762 -6.47716e-06 -0.000162829 -0.000446917 9.30891e-06 0.000933599 -0.0045927 -0.000545094 -0.000553091 -0.00381628 -0.000430157 4.15991e-06 -0.000768818 -2.0674e-05 0.00179638 -1.3892e-05 -0.00316766 -0.000179589 1.26812e-05 0.000626297 0.00148719 5.7031e-07 -0.00392719 0.000866411 -0.00050357 4.9227e-05 0.00469276 -0.000111776 -0.000638687 -0.00518628 -0.000112127 0.0041576 -0.00603681 -0.00419587 0.00112694 -0.00576965 0.000924425 -0.000232001 -0.000559414 3.65768e-08 0.000640407 4.35945e-05 -5.16956e-05 -9.39825e-05 1.83301e-06 -3.413e-05 0.0036995 -4.38138e-05 0.00497209 5.09828e-06 -1.0455e-05 9.50849e-05 8.40664e-05 0.00541414 -3.81653e-05 -0.000166668 0.00661277 -0.000699666 0.000146557 -0.00610582 5.35771e-07 0.000924891 -0.0042546 -1.77998e-05 -0.00381394 1.10838e-05 5.88987e-05 -0.0035752 0.000365639 
0.00111968 0.000832068 -1.94374e-05 0.00372636 0.00530223 0.124199 0.00836372 0.0991123 -0.00964457 -7.99857e-05 0.000517723 -0.00953956 -0.0748579 0.0611567 -0.00106021 0.0129345 -0.00132986 0.0283744 8.82754e-05 0.00380501 0.0135216 0.000749899 0.0932211 -0.102489 0.00042651 0.110245 0.0144243 0.032111 0.00143902 0.0787899 -0.00960462 0.0383938 0.000849493 -0.0444943 0.0742653 7.94814e-05 0.000588542 -0.103139 0.0339323 0.00545503 -0.0946885 0.0705402 6.49981e-05 -0.0110248 0.00381425 0.000828285 0.000994399 -0.0632686 -0.00278747 0.000640893 0.00289556 0.00234269 0.00026534 -0.0840292 0.00351778 -0.00693651 0.0133724 0.087724 -0.00159058 -0.0105434 -0.103146 0.0195948 0.0172124 -0.0961135 -0.104765 0.0512645 -0.0861691 0.0297304 0.0728028 -0.0132286 0.000284839 0.00152315 0.00165927 0.00624103 0.00122771 -2.87862e-05 0.00240887 0.0619846 -0.000327505 0.0182161 -1.82664e-05 0.00117408 0.0042363 0.00137984 0.0665729 -0.000751399 -0.00156933 0.0177793 -0.00970537 0.000230603 -0.0980345 2.24264e-05 0.00531645 -0.104463 0.000611812 -0.0863587 0.000475036 0.00100483 -0.0839488 0.00177603 
-0.0001328 -0.000136472 8.68203e-05 0.0928275 0.00429233 0.00836372 0.128748 -0.0052013 0.0740125 0.000648249 -0.000340862 0.00837106 -0.0712155 0.0371969 0.00800749 0.00046456 -0.00133609 0.025436 -0.00454044 -0.00130313 0.00193998 -0.00029594 -0.0116118 -0.0803655 0.00038136 0.0298327 -0.0706371 -0.00466238 0.00457093 -0.0109222 0.0764137 0.0261045 -0.000316305 -0.0438721 -0.0101377 0.000128616 0.0160831 -0.0818452 0.0471444 0.0132477 -0.0637536 -0.00785023 2.23687e-06 0.0694179 0.000705842 0.00720195 0.00121844 -0.0534605 0.0159862 6.17927e-05 0.00190978 -0.00343326 -1.74249e-05 -0.0729934 -0.00133211 0.0807796 -0.00264296 0.00781682 -0.00123901 0.0572226 -0.0801149 -0.0026093 0.0129385 -0.0765543 -0.0842446 -0.0340539 -0.0766604 -0.00207984 -0.00955097 0.0694783 -0.000101166 -0.00322913 -0.000160598 -0.00101534 0.00483674 0.000227227 -0.00309431 0.0125378 0.00393627 0.0360959 -2.03063e-05 -0.000231092 -0.000710472 0.00204676 0.0284328 0.00426887 0.0144183 0.027469 0.0639358 0.000108469 -0.0110699 -7.97349e-08 0.000743623 -0.0842331 0.000209468 -0.0714715 -9.15257e-05 -0.000664052 0.0150049 0.00424205 
0.000776135 0.000421894 -1.7474e-05 -0.00821807 0.00226647 0.0991123 -0.0052013 0.106125 -0.00891663 -3.46421e-05 0.000280752 -0.00784062 -0.0665021 0.0622087 -0.00115381 0.0122859 -0.00114531 0.00975874 7.18641e-05 0.00417126 0.0139509 0.000693656 0.0943173 -0.088907 0.0006528 0.0929101 0.0129057 0.0303812 -0.000134267 0.0794526 -0.00977397 0.0366626 0.00109548 -0.0484883 0.0750025 3.33794e-06 -0.00139911 -0.0860042 0.0347047 0.00606997 -0.079437 0.0726609 4.19818e-05 -0.0103196 0.00230373 -0.000227721 0.00116275 -0.0539027 -0.00252136 0.000484267 0.0016909 0.00253159 0.000395738 -0.073473 0.00366468 -0.00916951 0.012779 0.0750405 -0.0012822 -0.00843829 -0.0874615 0.0189558 0.00897804 -0.0805313 -0.0893714 0.0443787 -0.0705856 0.0237413 0.075102 -0.0112527 0.000237639 0.0005921 0.00162973 0.00724989 0.000916231 -4.25508e-05 0.00195934 0.0499839 -0.000677011 0.00264169 -1.60133e-05 5.73217e-06 0.00366982 0.000258318 0.0461154 -0.000643126 -0.00130035 0.00151219 -0.00850982 -0.000194968 -0.0837629 0.000120018 0.00559665 -0.0878964 0.000902694 -0.0784355 7.92201e-05 0.00117507 -0.0708087 -0.000841491 
4.51638e-05 -9.02651e-05 9.91463e-05 0.0829328 -0.000828054 -0.00964457 0.0740125 -0.00891663 0.0869537 4.59745e-05 -0.000115122 0.00736667 -0.0710191 0.0500312 0.00809493 0.00106723 -0.000957226 0.0123134 -0.00301242 -0.000946525 0.00362145 -0.000184535 -0.0089093 -0.0715693 0.000704135 0.015882 -0.0780882 -0.0045227 0.00401721 -0.00918833 0.0844736 0.0321493 -0.000194776 -0.0459937 -0.00771451 -3.75689e-05 0.0154215 -0.0693868 0.0583816 0.0130533 -0.0551843 -0.00509502 -5.78626e-06 0.0796876 0.000546662 -9.45553e-05 0.00182372 -0.044396 0.017974 -3.24448e-05 0.00112697 -0.00307003 -4.16696e-05 -0.0684401 -0.000801178 0.082943 -0.00175585 -0.00951225 -0.00113323 0.0660263 -0.0694905 -0.00220969 0.000182239 -0.0635252 -0.0730414 -0.0327179 -0.0600282 -0.00332541 -0.00655692 0.0726043 -6.78248e-05 -0.00190016 -7.98905e-05 -0.000391127 0.00688375 0.000215934 -0.00190734 -0.00374426 0.00390835 0.0182957 -9.5196e-06 -0.00012674 -0.000481627 0.000321935 0.000605671 0.00322327 0.0157369 0.00338708 0.0722031 0.000128877 0.00789533 3.69708e-05 0.000197081 -0.0711204 0.000412729 -0.0626075 -4.99396e-05 -0.000561031 0.0233099 0.00448036 
1.10542e-06 -1.21589e-06 9.32528e-08 0.000550327 1.79257e-05 -7.99857e-05 0.000648249 -3.46421e-05 4.59745e-05 0.000884927 -3.45211e-06 0.000451876 -0.000417151 -8.68344e-05 -7.30899e-06 -5.77068e-06 -8.18384e-06 0.000152103 -1.354e-05 -9.10947e-08 5.41195e-05 -1.61651e-06 -9.61533e-05 -0.000504488 -2.45389e-06 -2.10522e-06 -0.000444713 -3.85858e-05 2.27663e-05 1.1114e-05 0.000119127 -7.73296e-06 -1.83725e-06 -0.000122521 -6.72245e-05 4.70791e-06 1.86783e-05 -0.00043886 -5.88082e-05 -4.4945e-05 -0.000141815 -6.64831e-05 -1.13312e-07 -3.23892e-05 2.24791e-06 0.000543386 -2.14622e-06 -0.000161289 1.66152e-05 3.33112e-05 -4.60597e-06 1.411e-05 1.12434e-06 5.86321e-05 9.70432e-06 0.000499992 -1.72754e-05 -7.00313e-05 -1.15117e-05 -2.29239e-05 -0.000525932 -1.95207e-05 1.37596e-05 -0.000539859 -0.000447969 -0.000281586 -0.000536912 -1.62308e-05 -7.45257e-05 0.000419559 -2.78187e-07 3.23034e-06 4.2261e-06 -7.48822e-06 -5.39658e-06 1.25383e-05 -1.7225e-05 -7.85275e-06 1.58241e-05 0.000437057 -1.6057e-07 3.85154e-06 -4.41939e-06 0.000133657 0.000430535 9.04705e-05 1.08216e-06 0.000550253 9.85495e-08 1.14826e-05 -0.000173395 -7.24679e-07 0.000205242 -0.000469995 -1.38264e-06 -0.000488849 -6.1369e-07 -6.91721e-07 0.000146749 -2.02058e-08 
2.3277e-05 0.000562471 1.84251e-06 -0.00016099 0.000130917 0.000517723 -0.000340862 0.000280752 -0.000115122 -3.45211e-06 0.00426807 1.34949e-06 9.64933e-05 -0.000479922 -2.86409e-05 8.36461e-05 0.000259286 0.000247284 0.00143825 0.00141204 -8.3273e-05 9.00842e-05 0.00103482 -0.00166632 0.000442105 -0.000643327 -0.00148133 -0.000186355 -1.48948e-05 -0.00021454 -4.4612e-05 -0.000256086 0.000244208 -0.00156054 4.42478e-05 -1.35312e-06 0.00069923 -0.00152705 -0.000267478 -0.000196485 -0.000720764 -0.000340491 1.74051e-06 0.000295149 0.000463154 0.000653026 0.000246425 -0.00131759 -7.0987e-05 4.69514e-05 0.000193111 0.00216455 1.7426e-05 -0.00153531 0.00210062 -0.000138569 0.000109006 -0.000435893 6.87624e-06 -0.000175479 -0.00149322 -7.23784e-05 -4.25723e-05 -0.0017655 -0.000453973 -0.000354022 -0.00148919 -7.14092e-05 0.000839208 -0.000111721 -1.11765e-06 0.00170168 -3.56169e-06 5.9816e-05 -2.74596e-05 2.75971e-05 0.00149563 -0.000305814 2.83475e-05 -4.99115e-05 -2.99307e-07 9.54577e-05 0.000235495 0.000753525 -0.000405606 5.19391e-05 0.000170911 -0.000117918 -6.7863e-05 0.000121627 -0.00198979 0.000220848 0.00158872 -0.000701011 0.000237775 -0.00138783 0.000213508 -4.13551e-06 -0.0011131 1.89066e-05 
-9.58197e-05 -8.50501e-05 3.8031e-05 0.00913527 -0.000369706 -0.00953956 0.00837106 -0.00784062 0.00736667 0.000451876 1.34949e-06 0.064368 -0.000803996 -0.0062992 -0.000336973 3.20734e-05 -0.00050609 0.00835363 0.0126888 -0.000434301 -0.000894577 -0.000156171 -0.00774567 -0.00361633 -0.000112395 -0.00949723 -0.0186077 -0.00296855 0.000926956 -0.00776462 0.00741379 0.00318487 -0.000135992 0.00959658 -0.00600666 8.98327e-05 0.00215985 -0.00219291 -0.00289595 0.00207991 0.0011719 -0.00522082 4.20124e-07 0.00437605 -0.000273603 0.0081134 -0.000233223 -0.0103235 0.00177285 4.36436e-05 -0.000347538 -0.000476894 -3.44111e-05 -0.00451083 -0.000455296 0.00991302 -0.000965408 -0.00650045 -0.000124927 0.000327332 -0.0114634 -0.00158664 -0.00089852 -0.0412589 -0.00050981 0.0139864 -0.0186726 -0.00205867 -0.00602955 0.00781172 -4.88518e-05 -0.000279857 -0.000126381 -0.000555545 -0.000590782 -2.25775e-05 0.00589764 -0.00490354 0.00021201 0.00190504 7.10838e-06 -0.000101762 -0.000345633 0.00102365 0.00230787 0.00228496 0.00318578 0.0253176 0.00350322 0.000405885 -0.007395 -5.57664e-05 0.00073233 -0.00966838 0.000203273 -0.00366997 -4.13456e-05 0.00140346 -0.00293697 -0.000571783 
-0.00109258 -0.000116582 -8.60023e-05 -0.0779574 -0.00165643 -0.0748579 -0.0712155 -0.0665021 -0.0710191 -0.000417151 9.64933e-05 -0.000803996 0.169609 -0.104091 -0.00739912 -0.0121288 0.000863563 -0.02551 0.00443854 0.000560392 -0.0141325 -0.00119027 -0.0659658 0.147978 -0.000378042 -0.0964126 0.0627791 -0.0335078 -0.00197147 -0.0666037 -0.072152 -0.0628072 0.000107229 0.090914 -0.0519884 -1.32505e-05 -0.0152388 0.145587 -0.086745 -0.0239083 0.122441 -0.0532768 -5.83178e-05 -0.068082 -0.00420197 -0.00427491 -0.00205112 0.0838664 -0.0146795 -0.000940614 -0.00259972 0.00452286 -0.000217174 0.12895 0.000808347 -0.0763801 -0.0119087 -0.0597589 0.00128214 -0.0564325 0.142513 -0.015771 -0.00327804 0.128169 0.145963 -0.0224327 0.115409 -0.0209102 -0.0585148 -0.0642134 -0.000571597 0.0027786 -0.00168667 -0.00456557 -0.00839067 -0.000264218 0.00328488 -0.0356794 -0.00501267 -0.0278579 -1.82904e-05 -0.000996031 -0.00317116 -0.000824868 -0.040828 -0.00126982 -0.0148073 -0.00980919 -0.0629385 -0.00139427 0.0565813 -0.000243279 -0.00508754 0.147522 -0.000547433 0.130982 -0.000267893 -0.00139085 0.0435296 -0.0060621 
0.000802327 -0.000131361 1.17133e-06 0.0463511 -0.000761467 0.0611567 0.0371969 0.0622087 0.0500312 -8.68344e-05 -0.000479922 -0.0062992 -0.104091 0.124914 0.000829682 0.00163817 -0.00134311 -0.00140606 -0.00403571 -0.00072388 0.0136704 0.000492153 0.0638998 -0.108815 0.00035268 0.076569 -0.0407214 0.0219763 -0.000735654 0.0601972 0.0487451 0.0405675 -0.000286173 -0.0690815 0.0557669 -2.56095e-05 0.00594783 -0.105379 0.0887135 0.011422 -0.0933853 0.0497557 1.10247e-05 0.0497279 0.00254052 -0.00348526 0.00131544 -0.0666606 0.0086733 0.000325289 0.00236752 -0.00320529 8.91451e-06 -0.0942666 -0.00101967 0.0473197 0.0112245 0.0460122 -0.00189398 0.048988 -0.105822 0.015878 -0.00065513 -0.0974801 -0.110642 0.0167607 -0.0939138 0.019372 0.0531067 0.046623 0.000201382 -0.00268872 0.00160398 0.00144064 0.00849819 -1.02914e-05 -0.00284214 0.0206238 0.00348294 0.00562119 -2.16603e-05 0.00052131 0.00330726 -0.000575978 0.0240721 -0.000188101 0.00942227 -0.00632035 0.0472827 -0.00031757 -0.0459756 3.16235e-05 -0.000511382 -0.107941 0.000305559 -0.097724 5.05262e-05 -0.000706789 -0.0411589 0.00389046 
-3.33541e-06 1.18295e-05 5.78278e-05 0.0084553 -6.32495e-05 -0.00106021 0.00800749 -0.00115381 0.00809493 -7.30899e-06 -2.86409e-05 -0.000336973 -0.00739912 0.000829682 0.00985905 -0.000159871 -9.9258e-05 0.00312332 -0.000313855 -9.55507e-05 5.54978e-05 -2.11651e-05 -0.000988927 -0.00738802 0.000194844 -8.038e-05 -0.00812582 -0.000359446 0.00124623 -0.00108006 0.00852936 0.00278828 -1.98667e-05 -0.00454459 -0.000755481 -4.3195e-06 0.000305972 -0.00718373 0.00279036 0.00580539 -0.00657521 3.2212e-05 1.12601e-06 0.00838497 0.000329661 0.000888589 1.64592e-05 -0.00407351 0.00378786 -1.43185e-05 -1.16713e-05 -0.000266261 3.27131e-06 -0.00701456 -9.32259e-05 0.00840661 -0.000187008 -0.000992316 -9.34679e-05 0.00325169 -0.00706378 -0.00022905 -5.03161e-05 -0.00597399 -0.00742935 -0.00325706 -0.00586938 -0.000282084 -0.00077705 0.00492162 -5.53849e-06 -0.000238959 -2.12127e-05 -8.06914e-05 0.000160868 5.75073e-06 -0.000215158 -0.000692503 3.75587e-05 0.00365191 2.05798e-07 -2.53734e-07 -3.73526e-05 4.25129e-05 0.00388706 9.99299e-05 0.00101078 -0.000825156 0.00460565 -1.49137e-05 0.000935114 8.24119e-06 0.000301136 -0.00736073 1.9753e-05 -0.00593673 -6.4776e-06 -5.36972e-05 0.00215233 -8.22615e-05 
0.000278224 1.38432e-05 -2.38054e-07 0.00063046 -0.000101739 0.0129345 0.00046456 0.0122859 0.00106723 -5.77068e-06 8.36461e-05 3.20734e-05 -0.0121288 0.00163817 -0.000159871 0.0170529 -0.000134865 0.00400069 -0.000395402 0.000130104 0.00222111 0.000129938 0.0125362 -0.0128941 -4.18321e-05 0.0127947 0.000285257 0.00439558 0.00142326 0.010961 0.000653874 0.0131577 -2.52658e-05 -0.00825498 0.00178402 7.09533e-06 0.000206617 -0.0124578 -0.00113297 -0.000455052 -0.0116172 0.00697643 1.21354e-05 -4.52563e-05 0.000263958 0.000443263 0.000343675 -0.00789231 -0.000191223 0.000429021 0.000781174 5.87838e-05 0.000296122 -0.0122838 0.000102793 0.000768652 0.00178666 0.00756927 -0.000194991 -0.00113957 -0.0126544 0.00153684 -7.80239e-05 -0.0116112 -0.0127589 0.000879924 -0.00699014 0.00225092 0.0103729 -0.00159842 0.000125301 7.54982e-05 0.000128358 0.00534391 -0.000145976 -3.542e-07 0.00062812 0.0100372 -0.000106399 -0.000343623 -2.60165e-06 8.34897e-05 0.000735358 3.65729e-05 0.00201336 0.000144294 -6.04179e-05 -0.00121263 0.000426447 -4.00255e-05 -0.0112195 2.43789e-05 0.00155897 -0.0127769 -3.18975e-05 -0.0114883 0.000126987 0.00149484 -0.00424214 -0.000109253 
-1.18384e-05 -1.36832e-05 -1.34026e-06 -0.00119221 -5.2128e-05 -0.00132986 -0.00133609 -0.00114531 -0.000957226 -8.18384e-06 0.000259286 -0.00050609 0.000863563 -0.00134311 -9.9258e-05 -0.000134865 0.00986811 -0.00101729 -0.000182618 0.000141257 -0.000131197 -1.46104e-05 -0.000996435 0.00216344 -4.26413e-06 -0.00159802 0.000809163 -0.000119904 -5.99625e-05 -0.000696395 -0.000971205 -0.000873801 -1.98873e-05 -0.00343572 -0.000853552 -3.15693e-06 -0.000182217 0.0019789 -0.00103792 -0.00048826 0.00087205 -0.000776164 -3.19614e-07 -0.000891327 -5.69291e-05 0.000227907 -3.75659e-05 0.00247599 -0.00019673 -1.65244e-05 -4.57202e-05 0.000780415 -3.88886e-06 0.00176429 9.47336e-05 -0.00103509 -0.000165644 -0.00101659 0.000217782 -0.000732254 0.00225798 -0.000221655 -0.000205757 0.00174969 0.00230241 -0.00275391 0.00261013 -0.000341772 -0.00079714 -0.00090972 2.71427e-05 8.83674e-05 -2.1155e-05 -8.16362e-05 -0.000103966 1.91758e-05 -7.54804e-06 -0.000748723 -3.39851e-05 -0.00050739 6.59678e-07 -1.60815e-05 -4.78797e-05 -1.62906e-05 -0.00109573 -6.60905e-05 -0.000188918 -0.000593054 -0.000821482 -1.77303e-05 0.000605766 5.28918e-06 -2.16262e-05 0.00225581 -1.53049e-05 -0.000249846 -2.31734e-06 -4.42921e-05 0.00136931 -8.52538e-05 
-9.5577e-05 0.000125273 3.78992e-05 0.0258622 0.0028461 0.0283744 0.025436 0.00975874 0.0123134 0.000152103 0.000247284 0.00835363 -0.02551 -0.00140606 0.00312332 0.00400069 -0.00101729 0.105743 -0.00201061 0.00056154 -0.00145713 2.89917e-05 0.00636064 -0.0407337 -0.000127035 0.0305247 -0.0102444 0.00208747 0.00332787 -0.00478801 0.014431 0.0194714 -2.43359e-05 -0.00125589 0.00349677 0.000120705 0.00526805 -0.0480206 -4.30963e-05 0.00299277 -0.0538311 0.00128866 2.91275e-06 0.0103744 -0.000345364 0.00526951 -0.00020787 -0.0280092 0.0028464 -5.29724e-05 0.000108127 0.00613358 7.88863e-07 -0.0352593 0.00116143 0.0175039 0.00174798 0.0208258 0.000643748 0.00238839 -0.0428845 2.97574e-05 0.0129271 -0.050111 -0.0385446 0.0212426 -0.0566461 0.0092733 0.00252699 0.00531804 -7.93559e-05 -2.13667e-05 -0.000185359 0.000630124 0.000400914 4.92559e-05 0.00278425 0.022475 -8.1818e-05 0.0252055 -3.64444e-06 -0.000154608 0.000199616 0.00158658 0.0361997 0.00227116 -0.000172019 0.0214799 0.00678785 -0.000202352 -0.0438538 -5.5426e-05 0.00476464 -0.0398262 -0.000118217 -0.0205751 3.04239e-05 0.000457275 -0.0157265 0.00169972 
9.99192e-05 0.000818446 2.05195e-06 -0.00298123 0.000211939 8.82754e-05 -0.00454044 7.18641e-05 -0.00301242 -1.354e-05 0.00143825 0.0126888 0.00443854 -0.00403571 -0.000313855 -0.000395402 -0.000182618 -0.00201061 0.0343884 0.00683215 -0.000756065 -5.41511e-05 0.00201144 -0.00259282 0.000766061 -0.00512314 -0.0121139 -0.00128084 -0.000207604 0.00197268 -0.0029881 -0.00295465 0.00197099 0.00136134 -0.00133676 -9.44186e-06 -0.000122909 -0.00137273 -0.0026971 -0.00159933 0.00362225 -0.00216266 2.74934e-05 -0.00181925 0.00157693 0.00544061 0.000613922 -5.1405e-05 -0.000272336 0.00032381 0.00074307 0.0103549 5.75136e-05 -0.00674583 0.00716337 -0.00278285 -0.000271832 -0.0034077 7.85339e-05 -0.00220403 -0.00715492 -0.000475917 -0.000585317 -0.0178632 0.00341371 0.0014031 -0.0111709 -0.00128547 -0.000150963 0.00294123 -2.75971e-05 0.0106952 -2.10242e-05 0.000651313 -0.000202608 0.000291715 0.0098607 -0.002537 0.00093762 -0.00181054 -7.64768e-07 0.00123307 0.000629498 0.00126546 -0.00374105 2.15273e-05 -0.00065816 0.00807995 -0.00235959 0.0022882 -0.0161121 0.000206357 0.00557301 -0.000665099 0.000902591 -0.00799276 0.000308581 0.000956268 -0.0033226 -0.00027182 
6.25825e-05 0.000741906 -1.34145e-06 -0.000824756 0.00081077 0.00380501 -0.00130313 0.00417126 -0.000946525 -9.10947e-08 0.00141204 -0.000434301 0.000560392 -0.00072388 -9.55507e-05 0.000130104 0.000141257 0.00056154 0.00683215 0.00987613 -0.000200835 -1.46087e-05 0.00543495 -0.0072684 0.000803697 -0.000465203 -0.00592371 -0.00012291 -4.74795e-05 0.00158504 -0.000873314 -0.000847165 0.00196192 -0.00450599 0.00152116 3.76167e-06 0.000361017 -0.0056799 -0.0010285 -0.000262482 -0.00275547 0.00076272 1.95793e-05 0.000139024 0.000629344 0.00312769 0.000755513 -0.00396177 -0.000115002 0.000104227 0.000546159 0.00818054 7.45293e-05 -0.00558572 0.00841724 -0.00101035 7.07743e-05 -0.000202643 0.000188124 -0.000731123 -0.00723537 8.86876e-05 0.000138527 -0.00666211 -0.00263596 -0.00257667 -0.00662222 -0.000201087 0.00315021 0.00014541 3.39804e-05 0.00715609 5.39718e-05 0.00108546 -3.80318e-05 0.000245068 0.00456831 -0.000298995 0.000286512 -0.000328736 1.38693e-05 0.000316615 0.000281121 0.00148948 -0.00074992 1.15742e-05 -0.000190444 0.000301878 -0.00080576 0.00119423 -0.00692955 8.3638e-05 0.00724023 -0.0038607 0.000845184 -0.00648376 0.000180721 6.94201e-05 -0.00112225 -9.86244e-05 
1.25714e-05 -8.99954e-06 5.81257e-07 0.00227151 -2.446e-05 0.0135216 0.00193998 0.0139509 0.00362145 5.41195e-05 -8.3273e-05 -0.000894577 -0.0141325 0.0136704 5.54978e-05 0.00222111 -0.000131197 -0.00145713 -0.000756065 -0.000200835 0.0217623 0.000608633 0.0137467 -0.0156291 0.000340381 0.0146814 -0.000957682 0.00595773 -5.33722e-06 0.0131622 0.00216276 0.005397 -4.67535e-05 -0.0099339 0.0105936 -6.31004e-07 -0.000278983 -0.0155856 0.00483137 -0.000310559 -0.0125489 0.0101606 -2.75861e-06 0.00176219 9.3507e-06 -0.000490675 6.48389e-05 -0.00975809 0.000605294 -2.49209e-05 -6.44124e-05 -0.000643641 5.73067e-05 -0.0135134 -0.000228279 0.00209456 0.00110787 0.0104987 -0.000283052 0.00158908 -0.0155326 0.00227324 0.00161512 -0.0144177 -0.0162144 0.00514584 -0.0114247 0.00150316 0.0101458 0.00208559 0.000117072 -0.000545533 2.14926e-05 0.00151481 -7.37663e-05 -2.82219e-06 -0.000475801 0.0034259 -9.81522e-05 -0.000456813 -4.03507e-06 -1.03736e-05 -2.48318e-05 -9.85954e-05 0.00516267 -8.60442e-05 0.000890026 0.00102336 0.00221625 1.25463e-06 -0.0116593 6.13335e-05 -0.000240853 -0.0160023 0.000152407 -0.0147689 -9.55184e-07 1.08711e-06 -0.00959518 -0.000140686 
1.60853e-05 4.44646e-05 -3.64395e-07 -0.000214936 -1.46131e-05 0.000749899 -0.00029594 0.000693656 -0.000184535 -1.61651e-06 9.00842e-05 -0.000156171 -0.00119027 0.000492153 -2.11651e-05 0.000129938 -1.46104e-05 2.89917e-05 -5.41511e-05 -1.46087e-05 0.000608633 0.00249626 0.000785632 -0.000931595 4.20206e-05 0.000727333 0.000224802 0.001236 -1.44284e-05 0.000617103 -0.000187504 -0.00015766 1.17656e-05 -0.000477318 0.000480199 -1.10784e-06 -7.24565e-06 -0.000953545 -0.000287699 -1.87766e-05 -0.00112226 0.000631663 -3.20156e-07 -3.86973e-05 5.69614e-05 -5.7943e-05 4.15446e-05 -0.000888459 -5.05764e-05 5.3352e-05 7.6108e-06 1.06317e-05 2.2058e-06 -0.000620334 0.000148504 -0.000131981 0.000443956 0.00104478 3.64395e-05 -0.000161724 -0.00102953 3.191e-05 9.29331e-05 -0.000391066 -0.000635878 0.00114016 -0.000184425 -8.80499e-05 0.000780336 -0.000168999 0.000123471 7.11333e-05 5.57984e-06 9.12029e-06 -1.83093e-05 -1.4684e-06 7.46312e-05 8.19384e-05 -2.30025e-06 -0.000120088 -4.53679e-07 2.12158e-06 1.56009e-05 2.43526e-05 -9.5929e-05 -1.63252e-05 1.1311e-05 -0.000136951 -0.000164892 -2.11687e-07 -0.000464522 4.79302e-05 0.000426898 -0.000694094 -6.26718e-07 -0.00108583 3.87994e-05 -9.80225e-06 -0.00138576 3.67718e-05 
0.00087956 0.000925275 -1.61993e-05 -0.0124223 5.33251e-05 0.0932211 -0.0116118 0.0943173 -0.0089093 -9.61533e-05 0.00103482 -0.00774567 -0.0659658 0.0638998 -0.000988927 0.0125362 -0.000996435 0.00636064 0.00201144 0.00543495 0.0137467 0.000785632 0.099999 -0.0840847 0.000970739 0.0846741 0.0108829 0.0307546 -0.000174055 0.0805693 -0.0103626 0.0358436 0.00158178 -0.0502113 0.0745223 -3.75784e-06 -0.00203393 -0.0806414 0.0360513 0.00685436 -0.074951 0.0725783 4.60152e-05 -0.00869052 0.00343602 -0.0010631 0.00102534 -0.0502283 -0.00227646 0.000640503 0.00173716 0.00438174 0.000362229 -0.0715201 0.00557645 -0.0101274 0.0127236 0.0678547 -0.00104968 -0.00812793 -0.0815223 0.0194628 0.00374291 -0.0751655 -0.0825687 0.042647 -0.0656297 0.0237657 0.0758064 -0.0117944 0.00025127 0.00292975 0.00155874 0.00733343 0.00143058 3.76884e-05 0.00363572 0.0405513 -0.000511876 -0.00398058 -8.93131e-06 0.000736537 0.00422859 0.000832271 0.0384918 -0.000724423 -0.00123281 -0.00673915 -0.00872116 -0.000212852 -0.0779713 0.000256845 0.00732525 -0.0813665 0.000944545 -0.0747496 0.000234835 0.00116051 -0.0674031 -0.00103553 
-0.00113358 -0.000990356 -9.47357e-05 -0.0863211 -0.00498152 -0.102489 -0.0803655 -0.088907 -0.0715693 -0.000504488 -0.00166632 -0.00361633 0.147978 -0.108815 -0.00738802 -0.0128941 0.00216344 -0.0407337 -0.00259282 -0.0072684 -0.0156291 -0.000931595 -0.0840847 0.189037 -0.0015998 -0.119658 0.0693796 -0.0296311 -0.00430146 -0.0687402 -0.0727282 -0.0668824 -0.00158363 0.0923146 -0.0655612 -6.79362e-05 -0.0161085 0.174435 -0.0909878 -0.0210188 0.148369 -0.0653604 -5.51209e-05 -0.0678189 -0.00451851 -0.0106349 -0.00291365 0.102924 -0.0149481 -0.00116508 -0.00378264 -0.00445763 -0.000359039 0.149876 -0.00745829 -0.0779033 -0.0114279 -0.0765149 0.00246691 -0.0547928 0.175077 -0.0170704 -0.0143835 0.160168 0.174519 -0.0197942 0.146992 -0.0260386 -0.0654593 -0.0604559 -0.000267076 -0.00350325 -0.00161395 -0.00628209 -0.00798502 -0.000452543 -0.00358544 -0.0544429 -0.00388924 -0.0365927 -2.9281e-06 -0.000904726 -0.00394018 -0.00344724 -0.0633315 -0.00275616 -0.0143699 -0.0226186 -0.0616171 -0.00155247 0.0872644 -0.000380933 -0.0125255 0.174853 -0.00141367 0.149891 -0.000513515 -0.00079812 0.0565392 -0.00630024 
1.35829e-05 0.000737444 1.0366e-06 0.000541351 -1.07385e-05 0.00042651 0.00038136 0.0006528 0.000704135 -2.45389e-06 0.000442105 -0.000112395 -0.000378042 0.00035268 0.000194844 -4.18321e-05 -4.26413e-06 -0.000127035 0.000766061 0.000803697 0.000340381 4.20206e-05 0.000970739 -0.0015998 0.00332392 1.54105e-05 -0.00174718 -0.000144619 4.87649e-05 6.45794e-05 0.000691974 0.000178716 0.000338836 -0.00136609 0.000882834 -1.43194e-06 0.000417838 -0.00140435 0.000278238 0.000254369 -0.00182284 0.000260179 4.11778e-06 0.0010239 0.000191068 -4.2461e-05 0.000403162 -0.000675852 5.72556e-06 2.79558e-08 0.000233419 0.000404098 3.29003e-06 -0.0016237 0.000984892 0.000504054 -2.94818e-05 -0.000152552 0.000493064 0.000268137 -0.00152174 -2.04816e-06 2.56626e-05 -0.00119858 -0.00153637 -0.00094472 -0.00110167 3.3217e-05 0.000557886 0.000176792 1.99273e-06 0.000495948 2.9767e-06 0.000109637 -1.39538e-05 1.15177e-05 0.000552685 -0.000204426 9.91518e-06 -8.81212e-05 7.39838e-07 2.6691e-05 3.00212e-05 4.87861e-05 -0.000177082 1.06409e-05 0.00025818 -0.000242274 0.000535466 2.39677e-06 -0.000768882 0.000345127 0.00024713 -0.00109024 4.78206e-05 -0.00131168 0.000117223 -2.56238e-06 -0.000785331 -1.70063e-05 
0.00113097 -3.10598e-05 -1.72015e-05 0.0299762 0.00456501 0.110245 0.0298327 0.0929101 0.015882 -2.10522e-06 -0.000643327 -0.00949723 -0.0964126 0.076569 -8.038e-05 0.0127947 -0.00159802 0.0305247 -0.00512314 -0.000465203 0.0146814 0.000727333 0.0846741 -0.119658 1.54105e-05 0.138276 -0.00623518 0.0304063 0.00147607 0.0734137 0.0161636 0.0488699 -0.000324266 -0.054867 0.0698478 5.82028e-05 0.00440553 -0.1187 0.0514212 0.00403819 -0.107227 0.0670421 9.71747e-06 0.0129056 0.00145373 4.63922e-05 0.000670818 -0.0738576 -0.00287473 0.000415738 0.00242112 -0.00396739 0.000283981 -0.0986374 -0.00153843 0.0193631 0.012648 0.0861256 -0.00218027 0.0103399 -0.119681 0.0191355 0.0171603 -0.109373 -0.12433 0.0424653 -0.0993076 0.0277297 0.0664243 0.010298 0.000177735 -0.00374628 0.00163696 0.00562452 0.00254128 -9.7748e-05 -0.00172519 0.0617798 -0.000674232 0.0268136 -2.92372e-05 0.0001936 0.00362622 0.000383549 0.0655258 0.000142926 0.00341098 0.0194072 0.0147833 -0.000396446 -0.0921177 -6.14685e-06 0.000927072 -0.121577 2.47486e-05 -0.101196 0.000218245 0.000530058 -0.0733067 0.00391183 
-5.07241e-05 -0.000836722 -0.000116305 -0.0795052 -3.10979e-05 0.0144243 -0.0706371 0.0129057 -0.0780882 -0.000444713 -0.00148133 -0.0186077 0.0627791 -0.0407214 -0.00812582 0.000285257 0.000809163 -0.0102444 -0.0121139 -0.00592371 -0.000957682 0.000224802 0.0108829 0.0693796 -0.00174718 -0.00623518 0.131202 0.00681787 -0.00355132 0.0156025 -0.079785 -0.0270762 -0.00169478 0.032503 0.0112041 -1.64156e-05 -0.0157909 0.0633844 -0.0510966 -0.0136752 0.0450799 0.00946584 -1.16505e-05 -0.0758025 -0.00104923 -0.00742272 -0.0023614 0.0267484 -0.0176572 -0.00014003 -0.00150982 -0.00544696 -2.90401e-05 0.0655565 -0.00650188 -0.0803761 0.00168785 0.0151202 -0.00054461 -0.061569 0.0664163 0.00329414 0.00122742 0.0699018 0.0658127 0.0407977 0.0666039 0.00535073 0.00939133 -0.0747595 -7.58909e-06 -0.00641532 9.68921e-06 -0.000236191 -0.00636299 -0.000398571 -0.00615055 0.00752789 -0.00420327 -0.0194497 -2.40962e-05 -0.000217673 0.000171673 -0.0027306 0.00295583 -0.00277488 -0.0145293 -0.0134933 -0.0678158 -0.00183009 -0.00332907 -0.000268712 -0.00722688 0.0652546 -0.00180671 0.05987 -0.000295399 -0.000317949 -0.0326963 -0.00433127 
0.00060506 -6.96441e-06 -4.14328e-06 -0.00454829 -3.57158e-05 0.032111 -0.00466238 0.0303812 -0.0045227 -3.85858e-05 -0.000186355 -0.00296855 -0.0335078 0.0219763 -0.000359446 0.00439558 -0.000119904 0.00208747 -0.00128084 -0.00012291 0.00595773 0.001236 0.0307546 -0.0296311 -0.000144619 0.0304063 0.00681787 0.0459619 -0.000281471 0.0310509 -0.00466897 0.00565978 -8.98921e-05 -0.0208429 0.0210856 7.14292e-06 -0.000981042 -0.0296023 0.000261207 0.00842765 -0.0288934 0.0238931 2.96105e-05 -0.00416838 0.00157298 -0.000464261 -0.000133409 -0.0131717 -0.00100959 0.000244845 0.000537148 -0.00154618 -2.52923e-06 -0.019878 -0.000419075 -0.00402957 0.00975918 0.0326875 0.000762737 -0.0035432 -0.0278952 0.00473493 0.000904224 -0.0238033 -0.0274581 0.0290998 -0.0171584 0.000744578 0.0283697 -0.00499011 0.000373159 -0.00108512 0.00160791 0.000422009 -0.000371178 -2.32362e-05 -0.000623211 0.0116198 -0.000109895 -0.00099779 -3.07742e-06 -3.07211e-05 0.000577232 -0.000229931 0.00514786 -0.000313719 -0.000119662 -0.000731872 -0.00389281 2.22284e-07 -0.0244733 7.89733e-06 0.00213651 -0.0295522 0.000122413 -0.0251264 0.00019316 -0.000107918 -0.0299991 0.000230925 
4.09589e-06 -7.28348e-06 4.88265e-06 0.00468843 -1.10767e-05 0.00143902 0.00457093 -0.000134267 0.00401721 2.27663e-05 -1.48948e-05 0.000926956 -0.00197147 -0.000735654 0.00124623 0.00142326 -5.99625e-05 0.00332787 -0.000207604 -4.74795e-05 -5.33722e-06 -1.44284e-05 -0.000174055 -0.00430146 4.87649e-05 0.00147607 -0.00355132 -0.000281471 0.00610958 -0.000508262 0.00413015 0.0031403 -1.29103e-05 -0.00262452 -0.000508619 1.46752e-06 0.000345763 -0.00408789 -0.000146997 0.00077334 -0.00378078 -0.000326679 1.94688e-06 0.00295192 0.000184801 0.0016296 0.000270871 -0.00238673 0.00218133 8.94087e-05 -1.07969e-05 -7.78265e-05 -3.32825e-09 -0.00387859 -4.80047e-05 0.00420397 -0.000117635 -9.60052e-05 -4.99757e-05 0.000342031 -0.00396245 -0.000123518 0.000496652 -0.00387499 -0.00422963 -0.00187036 -0.00385046 0.00011286 -0.000398922 0.000187316 -5.09262e-06 -0.000119006 -1.297e-05 8.15828e-05 2.47586e-05 5.49157e-05 -2.3331e-05 0.000264119 -4.21663e-05 0.000698844 -1.11445e-06 -5.61125e-06 -2.88881e-05 1.02081e-05 0.00351891 0.000728985 5.68508e-05 -0.000329057 0.000891179 2.90237e-06 -0.00206756 -4.82971e-06 7.24527e-05 -0.00420808 -1.34167e-05 -0.00255627 -3.73715e-06 -1.86254e-05 0.0012185 -4.39273e-05 
0.00105561 3.31568e-05 -1.66594e-05 -0.0127705 -0.000130065 0.0787899 -0.0109222 0.0794526 -0.00918833 1.1114e-05 -0.00021454 -0.00776462 -0.0666037 0.0601972 -0.00108006 0.010961 -0.000696395 -0.00478801 0.00197268 0.00158504 0.0131622 0.000617103 0.0805693 -0.0687402 6.45794e-05 0.0734137 0.0156025 0.0310509 -0.000508262 0.101791 -0.0109468 0.0323019 0.000409918 -0.0487416 0.0640757 -1.94072e-05 -0.00234005 -0.0668074 0.0371462 0.00620037 -0.058516 0.0635552 7.89517e-05 -0.0100943 0.00409001 -0.000190652 0.00030478 -0.0425587 -0.00230846 0.000911658 0.00125621 0.00223355 0.000286003 -0.0580691 0.00124164 -0.0113525 0.0115307 0.0581951 -0.00115059 -0.00825144 -0.0677282 0.0166381 -5.68586e-05 -0.0635493 -0.0673391 0.0381065 -0.0536256 0.021241 0.0665797 -0.00924502 0.000224603 0.00255717 0.00159072 0.00542502 0.00103339 7.85615e-05 -0.000569096 0.03228 0.000701205 -0.0050045 -1.72964e-05 0.00144175 0.00353874 -0.000155608 0.029596 -0.00028529 -0.00110148 -0.00528471 -0.00876238 0.000894726 -0.0685901 8.37915e-05 0.00331166 -0.0687406 0.000180158 -0.0722361 6.09049e-05 0.000993132 -0.0625361 -0.00110619 
5.79129e-06 -1.12136e-05 0.000104019 0.0854426 -0.000833244 -0.00960462 0.0764137 -0.00977397 0.0844736 0.000119127 -4.4612e-05 0.00741379 -0.072152 0.0487451 0.00852936 0.000653874 -0.000971205 0.014431 -0.0029881 -0.000873314 0.00216276 -0.000187504 -0.0103626 -0.0727282 0.000691974 0.0161636 -0.079785 -0.00466897 0.00413015 -0.0109468 0.0879677 0.0327322 -0.000186718 -0.0465066 -0.00845593 -3.77923e-05 0.0166098 -0.0704196 0.0579964 0.0134131 -0.0560132 -0.00604441 -8.18047e-06 0.0802753 0.000576868 0.000306593 0.00185746 -0.0447551 0.0180214 -5.39193e-05 0.00109907 -0.00312479 -2.50754e-05 -0.0689449 -0.000709793 0.0854451 -0.00184756 -0.00967308 -0.00114668 0.0661434 -0.0704812 -0.00224923 0.000265197 -0.0641327 -0.0740931 -0.0332633 -0.0607196 -0.00292596 -0.00764018 0.0735973 -7.47333e-05 -0.00193842 -0.000100081 -0.000735648 0.00682729 0.000219805 -0.00191397 -0.00268722 0.0038892 0.0209688 -9.6698e-06 -0.000128912 -0.000495099 0.000201851 0.0022044 0.00304418 0.0157856 0.00448246 0.0728636 0.000152691 0.00784392 6.89864e-05 0.000394891 -0.0721355 0.000392805 -0.0634089 -5.95332e-05 -0.000548929 0.0240314 0.00446722 
0.000738734 -5.90292e-05 5.03771e-05 0.0319789 -0.000337762 0.0383938 0.0261045 0.0366626 0.0321493 -7.73296e-06 -0.000256086 0.00318487 -0.0628072 0.0405675 0.00278828 0.0131577 -0.000873801 0.0194714 -0.00295465 -0.000847165 0.005397 -0.00015766 0.0358436 -0.0668824 0.000178716 0.0488699 -0.0270762 0.00565978 0.0031403 0.0323019 0.0327322 0.0834365 -0.000203849 -0.0427929 0.022154 -1.61845e-05 0.0103067 -0.0650125 0.0371545 0.00235114 -0.0589368 0.0289259 8.07907e-06 0.0274185 -0.0003124 0.000671667 0.000909572 -0.0419571 0.00389363 0.000498988 0.00083086 -0.00236084 0.000187772 -0.0638299 -0.0010286 0.0325368 0.00487105 0.0192072 -0.00102024 0.0161986 -0.0652075 0.00291494 0.00113776 -0.0593977 -0.0681863 -0.00324354 -0.0487776 0.00924433 0.0296636 0.0224071 8.74973e-05 -0.00217759 -0.000122019 0.00536884 0.00292184 -5.13556e-05 -0.000749325 0.0349945 -0.000493052 0.00864221 -1.39342e-05 -4.58042e-05 0.00103155 -0.000214508 0.0171403 0.00197861 0.00343493 -0.00385357 0.0237481 -0.000242892 -0.0347861 -2.78069e-05 0.000425031 -0.0664056 -2.77135e-05 -0.0594756 6.11064e-05 0.00111503 -0.0136897 -0.00032998 
4.55196e-05 0.000406479 -3.23964e-07 -0.000223031 -6.47716e-06 0.000849493 -0.000316305 0.00109548 -0.000194776 -1.83725e-06 0.000244208 -0.000135992 0.000107229 -0.000286173 -1.98667e-05 -2.52658e-05 -1.98873e-05 -2.43359e-05 0.00197099 0.00196192 -4.67535e-05 1.17656e-05 0.00158178 -0.00158363 0.000338836 -0.000324266 -0.00169478 -8.98921e-05 -1.29103e-05 0.000409918 -0.000186718 -0.000203849 0.00221991 -0.000984474 0.000351972 -3.07141e-07 3.80559e-05 -0.00124442 -0.000248654 -0.000127186 -0.00073227 -0.000170469 1.45154e-05 0.000195594 0.000377453 0.000204119 0.00011401 -0.000999277 -3.93292e-05 3.46974e-05 0.000374146 0.00176412 6.18556e-05 -0.00141635 0.00199158 -0.000212309 -1.95614e-05 -0.00022179 0.000300185 -0.000147904 -0.00153395 -4.18595e-05 -3.48436e-05 -0.00141577 -0.00108772 -0.000734178 -0.00143387 -8.22478e-05 0.000274534 -0.000114116 1.02355e-06 0.00180782 7.11457e-06 0.000385512 -2.22557e-05 7.22697e-05 0.000973646 -0.000163298 0.000117918 -0.000108873 5.63325e-07 0.000180043 0.000136462 0.00063745 -0.000278391 5.96464e-05 -3.7683e-05 -0.000189315 -0.000167024 0.00025613 -0.00151985 9.43685e-05 0.00168754 -0.00118345 0.000164699 -0.00143251 0.000130625 1.91145e-06 -0.00049033 -2.22117e-05 
-0.000692975 -0.00059678 -5.29252e-05 -0.0439234 -0.000162829 -0.0444943 -0.0438721 -0.0484883 -0.0459937 -0.000122521 -0.00156054 0.00959658 0.090914 -0.0690815 -0.00454459 -0.00825498 -0.00343572 -0.00125589 0.00136134 -0.00450599 -0.0099339 -0.000477318 -0.0502113 0.0923146 -0.00136609 -0.054867 0.032503 -0.0208429 -0.00262452 -0.0487416 -0.0465066 -0.0427929 -0.000984474 0.2496 -0.03684 4.52362e-05 -0.0093228 0.0801904 -0.0594051 -0.0142725 0.0645129 -0.0400509 -5.40622e-05 -0.0435244 -0.00313248 -0.00423312 -0.00185318 -0.00828873 -0.00932753 -0.000685823 -0.00148623 -0.00987739 -0.000236985 0.064261 -0.004897 -0.0459086 -0.00661435 -0.0285909 -0.00321406 -0.0352285 0.0863063 -0.009748 0.00241317 0.0728524 0.0884534 0.0444603 0.0528438 -0.012361 -0.0407994 -0.0447641 -0.000253534 -0.00309463 -0.00101543 -0.00398752 -0.00512853 -0.000376345 0.00277507 -0.0184325 -0.00289235 -0.00530653 -4.96946e-05 -0.000726935 -0.00242717 -0.000512794 -0.0109176 -0.00232973 -0.00910899 0.00963512 -0.0394631 -0.0010568 0.0285714 -0.000287722 -0.00657893 0.0868743 -0.00079254 0.0575015 -0.000269074 -0.00118979 -0.0253201 -0.00136218 
