0.029915 0.000310791 0.00283535 0.00385725 4.51811e-05 0.0222021 0.0287034 -0.0254451 0.0289425 8.43713e-06 -0.0287293 -0.00201927 1.52067e-06 -1.08319e-06 -6.9343e-06 -0.000873444 5.06374e-05 -3.42166e-05 0.0184317 -1.40347e-06 2.19085e-05 1.67605e-05 3.63018e-05 -5.61588e-06 -1.42844e-05 0.000316049 2.96327e-06 1.83685e-05 -0.0207623 0.00859311 0.00102713 -0.00297016 -9.55403e-05 0.000647551 0.00115288 -9.64892e-06 -2.85836e-06 9.36143e-05 -0.00023832 8.79339e-06 -5.10919e-05 8.48611e-05 0.000126281 -0.0251401 -0.000226268 -2.24453e-05 -0.00353757 -0.0291902 2.22012e-05 -0.00298717 0.0256585 -0.000495772 -0.000412755 0.0281951 -0.0224774 3.26294e-05 -1.31799e-05 0.0234876 8.58758e-06 2.5723e-06 0.000258748 0.000810254 -0.0286446 -2.50235e-06 -0.000623665 0.0273489 0.0217048 0.000168108 6.5827e-06 -0.00971452 0.000160497 8.41655e-06 1.95605e-06 -2.83093e-05 -4.44664e-07 0.00291356 -0.000861418 -0.000138225 0.0192238 0.0286972 1.15644e-05 -3.4253e-05 0.0279731 -1.64182e-06 0.0214271 0.000181491 -0.00376514 -0.0283901 -0.000198109 3.93967e-05 -0.0273076 -0.0254287 -0.028739 -0.0280886 -0.0232594 -1.20247e-06 -0.000423177 -3.06459e-05 0.000100668 -0.00444905 
0.000310791 0.010452 8.62968e-05 0.00413559 -1.17017e-06 0.000715695 0.000527917 -0.00100501 0.000677055 4.23868e-05 -0.000812553 -0.000678483 1.14629e-07 4.23168e-06 2.40408e-05 0.00174427 2.06675e-06 -1.17097e-05 -0.000235798 4.92321e-06 -1.90796e-05 -5.33209e-07 8.70226e-06 7.77559e-05 -5.53011e-06 1.78795e-05 1.13135e-05 -1.25795e-06 -0.00600947 -2.33423e-07 3.85529e-05 0.00477061 5.73453e-05 0.000431361 -4.00592e-05 4.43235e-05 -9.78191e-07 2.72235e-05 0.00319791 -4.88978e-07 -6.85211e-05 1.88582e-05 0.000106409 -0.00702531 -5.78469e-05 1.41282e-05 0.00119287 -0.00246176 1.71458e-05 0.000886775 0.00029106 0.00113295 4.97227e-05 0.000567219 -0.0062788 5.97184e-06 -3.88821e-06 0.000720165 6.19773e-06 8.94716e-05 -2.30549e-06 2.35662e-05 -0.000567595 -5.89691e-07 0.00211923 0.000692249 0.00128476 9.03053e-06 4.68055e-07 0.00321303 1.91161e-05 -3.99023e-07 5.50437e-06 -6.51466e-06 3.97879e-06 -1.5907e-05 0.00231168 2.03873e-05 0.000627081 0.000776258 -1.20427e-07 1.05123e-06 0.000582281 -1.8409e-07 0.00345089 0.000155138 -0.000664249 -0.00109865 -5.26972e-05 1.08086e-05 -0.00375832 -0.00123859 -0.00193828 -0.000567871 -0.00766768 6.44044e-07 -0.000143843 -8.5099e-06 5.26646e-05 -0.00541834 
0.00283535 8.62968e-05 0.00541596 -7.04152e-05 -2.01641e-06 0.00287092 0.00414454 -0.00281473 0.00355019 0.000263742 -0.00306315 -0.000128519 1.08573e-08 2.94209e-08 -7.76021e-06 3.74213e-05 7.89628e-05 -4.6364e-06 0.00151858 -6.92561e-07 2.23214e-06 -5.25335e-06 -1.25497e-07 -7.57405e-07 3.87331e-05 0.000112577 0.000138689 -1.01506e-06 -0.0027147 -4.86108e-05 0.000255232 -0.000503476 6.22661e-06 0.000227794 2.95533e-05 -1.51522e-06 -4.15375e-07 1.15462e-05 -0.000128896 5.40348e-06 -2.92553e-05 6.32317e-06 2.44907e-05 -0.00264679 -3.55688e-05 -2.60149e-06 -0.000295735 -0.00320542 -4.80449e-06 -0.000235357 0.00275134 0.000398164 -3.65243e-05 0.00169278 -0.00198757 8.23117e-06 -1.60293e-06 0.00410158 1.55667e-06 -8.68435e-07 1.22391e-05 7.22262e-05 -0.00409424 4.74313e-08 -0.000455016 0.00337663 0.00198495 -5.20553e-06 1.59839e-06 -0.00169434 6.96565e-07 1.35679e-06 -2.8414e-07 5.79203e-06 7.84225e-09 0.000548352 -0.000138279 -2.32408e-05 0.00284372 0.00293955 -4.08923e-08 -6.49429e-06 0.00285193 2.06591e-06 0.00310412 9.28395e-06 -0.000395594 -0.0044055 -3.31721e-05 2.6007e-05 -0.00282416 -0.00376418 -0.00444265 -0.00391013 -0.00381839 -2.12137e-07 -7.00224e-05 -5.40646e-06 -4.29957e-07 -0.000329272 
0.00385725 0.00413559 -7.04152e-05 0.246509 2.35808e-05 0.00264391 0.00901059 0.00510888 0.00882885 0.000263329 -0.00319788 -0.0170317 3.88502e-06 -2.53836e-05 0.000178415 -0.00184886 -7.48857e-07 -0.000487562 -0.0084892 -5.6881e-05 -0.000827219 0.00070318 -5.29144e-05 4.94394e-05 -1.79223e-05 0.00122527 -3.94644e-05 -9.82357e-05 -0.0325479 0.000380575 0.000349047 0.0334825 -0.00245352 0.00333312 0.000940938 4.71332e-05 -4.81268e-05 0.000367649 0.013142 -5.72023e-08 -0.0026969 7.05225e-05 -0.00200416 -0.0425877 0.000190284 -0.000179829 -0.00975267 -0.00547061 0.000192963 0.0157435 0.00132109 -0.00221438 0.000440419 0.00547824 -0.0660993 0.000101144 -0.000159606 0.00866561 5.68426e-06 0.000163095 1.68147e-05 -9.97963e-05 -0.0172903 -1.8112e-05 0.00443022 0.0102422 0.0274957 -0.000259383 8.93806e-06 0.0272076 0.000152213 3.16595e-05 1.02615e-05 -0.000235753 7.9162e-06 -0.000754746 0.00776774 -0.00205331 0.00166342 0.00450708 -4.57979e-06 -0.000191602 0.00348156 -2.52704e-05 0.00694064 -0.000201969 -0.0274933 -0.0195962 -0.0030332 5.92739e-05 -0.0132787 -0.0443504 -0.0176463 -0.0235557 -0.057034 6.31643e-07 -0.00745598 7.90897e-05 8.50644e-05 -0.0281069 
4.51811e-05 -1.17017e-06 -2.01641e-06 2.35808e-05 0.000394611 0.000106104 0.000278017 -5.60892e-05 0.000186994 8.43803e-08 -0.00024302 3.69497e-05 -4.85124e-09 5.89461e-08 -3.82882e-07 2.4573e-05 3.43023e-06 -4.37594e-07 0.000122418 -5.02055e-08 3.65009e-05 7.03231e-06 1.4891e-06 -7.18212e-08 2.35643e-08 1.3733e-05 -2.82679e-07 6.53753e-06 -8.27607e-05 0.000114675 1.86547e-06 -2.66861e-05 -2.62144e-06 3.5587e-05 1.16551e-05 4.38805e-06 6.85667e-07 1.2394e-05 5.89892e-05 4.83934e-08 2.92222e-06 2.77963e-05 4.02686e-05 -0.000214302 -5.22733e-07 -3.05383e-07 -4.49965e-05 -0.000282678 -4.29808e-07 -1.97494e-05 0.000210994 -2.75527e-05 -2.30306e-06 0.000253591 -0.000218913 5.14772e-07 1.42555e-07 1.14774e-05 -7.97429e-09 6.10872e-07 -1.53424e-07 6.9618e-06 -0.000277234 1.24578e-06 0.000223539 0.000117897 0.000140886 4.62984e-05 1.67878e-06 -7.52972e-05 1.11359e-05 -6.5154e-08 -2.0598e-08 9.59182e-07 -9.09718e-09 0.000106831 -1.03198e-05 1.87201e-08 5.08982e-05 0.000159437 4.04119e-07 -4.76426e-07 0.00019553 -2.09972e-08 0.000135246 1.5423e-06 -4.48109e-05 -0.000274416 -2.38916e-06 -8.72917e-08 -0.000250825 -0.000240161 -0.000252542 -0.000294249 -0.000201048 -1.53784e-08 -8.78659e-07 -3.91929e-07 2.63314e-07 -0.000123933 
0.0222021 0.000715695 0.00287092 0.00264391 0.000106104 0.0247339 0.0232969 -0.0208735 0.0234229 -1.53264e-05 -0.0239784 -0.00173878 1.16591e-06 2.07351e-06 -2.93124e-05 -0.000694755 -1.01664e-05 -2.81312e-05 0.0151073 -1.10529e-06 -1.0041e-05 6.16865e-05 2.97582e-05 -4.48376e-06 -1.3536e-05 -4.8462e-05 -1.61612e-05 -6.19336e-07 -0.0204383 0.00351299 0.000739105 -0.00232152 -0.000220552 0.00032992 0.000142413 -5.46187e-06 -2.35e-06 0.00019362 -0.000398381 9.52528e-06 4.37974e-06 9.11101e-05 -0.000199822 -0.0205482 -0.000172405 -1.93429e-05 -0.00289324 -0.0236948 2.93329e-05 -0.00244865 0.0217938 -0.00169508 -0.000327772 0.0226301 -0.0184906 4.80038e-06 -1.02469e-05 0.0202787 1.67096e-05 3.35497e-05 4.01037e-05 0.000824362 -0.0232614 -1.10175e-06 -0.000408672 0.0224172 0.0176788 0.00015539 6.9546e-06 -0.00793984 0.000112216 6.9004e-06 -1.32416e-06 -2.26162e-05 -5.8482e-07 0.00254673 -0.000666627 -0.000113641 0.0177819 0.0238596 1.28728e-05 -3.01386e-05 0.0235162 -1.34982e-06 0.0188968 0.000239402 -0.00306665 -0.0230619 -0.00016272 3.99328e-05 -0.0228055 -0.0206374 -0.02331 -0.0227581 -0.0190746 2.76694e-06 -0.000347759 -2.5051e-05 8.35464e-05 -0.00417948 
0.0287034 0.000527917 0.00414454 0.00901059 0.000278017 0.0232969 0.0556485 -0.0314693 0.0409017 0.000472716 -0.0313711 0.00684885 7.49537e-06 3.42143e-06 -6.87869e-05 -0.00117182 0.000281287 -6.19192e-05 0.0202742 -1.77772e-06 0.000970477 -1.94122e-05 6.50234e-05 -1.07608e-05 9.4108e-05 0.00109211 0.000112102 0.000144553 -0.0210974 0.0108177 0.00135161 -0.00460264 -1.30225e-05 0.00126462 0.00474888 1.37215e-05 -5.04366e-06 0.000325418 -0.000843077 1.68733e-05 6.53644e-05 0.000152705 4.34229e-05 -0.024595 -0.000341281 -3.4988e-05 -0.00644433 -0.0320785 0.000131916 0.000870422 0.0279534 0.00636336 -0.000784813 0.03369 -0.0244296 0.000101925 -1.85988e-05 0.0322103 1.8283e-05 5.87884e-06 0.000249668 0.000917163 -0.0448872 1.31941e-05 -0.00015813 0.040663 0.0295453 0.00141547 1.32441e-05 -0.0179562 0.000284014 8.28604e-05 1.20694e-05 -3.78045e-05 -1.09634e-06 0.00440018 -0.00163791 -0.000258753 0.0205181 0.0305305 1.48969e-05 -5.47039e-05 0.0302494 -4.90399e-07 0.0225787 0.000314155 -0.00577491 -0.0447689 -0.000353448 3.67658e-05 -0.0286006 -0.0422742 -0.0435064 -0.042454 -0.0373457 2.92351e-08 -0.000669976 -5.48216e-05 0.000140299 -0.00474421 
-0.0254451 -0.00100501 -0.00281473 0.00510888 -5.60892e-05 -0.0208735 -0.0314693 0.0788481 -0.030226 -4.73089e-05 0.0273789 -0.00765594 -4.13953e-06 -2.52503e-05 3.78119e-05 0.000728454 -9.79391e-06 -0.000123076 -0.0235979 -4.99808e-05 -0.00084431 1.07631e-06 -6.77116e-05 -3.18223e-05 1.37238e-05 -0.000215479 -4.6182e-06 -0.000146115 0.0201853 -0.00823688 -0.000890239 0.00653105 -0.000289705 -0.000194043 -0.00369634 1.10696e-05 -3.04869e-05 -0.000134419 0.00149822 -7.96106e-06 -0.00171439 -6.06618e-05 0.00077854 0.0178398 -0.000207615 -0.0002385 0.0012726 0.0273986 -2.90718e-05 -0.0159912 -0.024138 -0.0105025 -0.00281974 -0.0274654 0.0165404 -3.63494e-05 -7.91873e-05 -0.0256091 -1.72346e-05 -5.74486e-05 -0.00024364 -0.000899176 0.0306194 4.88453e-06 0.00615307 -0.0331054 -0.0138025 -0.00117728 -2.02759e-05 0.0177027 -0.000214401 -9.78908e-05 -1.12307e-05 1.94486e-05 -7.11382e-07 -0.00379743 0.00138616 -0.00157851 -0.0182282 -0.0274709 -1.47827e-05 -0.00031231 -0.0265057 -2.92323e-05 -0.0199656 -0.000330865 -0.00427255 0.0316128 -0.000516227 -4.22516e-05 0.0245387 0.0220782 0.0296621 0.0307497 0.0227163 -1.60383e-05 -0.00174441 -4.01434e-06 -9.97653e-05 0.000244774 
0.0289425 0.000677055 0.00355019 0.00882885 0.000186994 0.0234229 0.0409017 -0.030226 0.0436343 0.00027898 -0.0312902 0.00355974 5.26031e-06 7.94974e-07 -2.13472e-05 -0.000987738 0.000269147 -4.97525e-05 0.0207235 -2.74855e-06 0.000940768 -5.65228e-05 7.59271e-05 -7.71892e-06 1.134e-05 0.000720748 -1.43533e-05 0.000106588 -0.0217515 0.0104759 0.00130882 -0.00386535 -0.000186552 0.00101271 0.00423168 1.63388e-05 -4.23415e-06 0.000266419 -0.000549355 1.1339e-05 -0.000167239 0.000117286 0.000125321 -0.026121 -0.000331577 -3.19497e-05 -0.00524054 -0.0318058 0.000114374 -0.00123764 0.027857 0.00591513 -0.000603603 0.0333701 -0.0254479 0.000105434 -1.55903e-05 0.0286967 1.75764e-05 1.4645e-06 0.000265418 0.000933594 -0.0405077 2.64877e-06 -0.000306187 0.037635 0.0272189 0.00113748 1.23213e-05 -0.013852 0.000189027 4.83978e-05 1.19808e-05 -3.34503e-05 -7.87043e-07 0.00411604 -0.00125972 -0.000204302 0.0210188 0.0305076 1.07902e-05 -5.09725e-05 0.0302382 2.12376e-07 0.0222808 0.000352417 -0.00472262 -0.0400996 -0.000289441 3.83114e-05 -0.029142 -0.0369111 -0.0394383 -0.0401724 -0.0335422 -1.51458e-06 -0.000621306 -4.40631e-05 0.000120712 -0.00540384 
8.43713e-06 4.23868e-05 0.000263742 0.000263329 8.43803e-08 -1.53264e-05 0.000472716 -4.73089e-05 0.00027898 0.00102363 -9.05838e-05 3.80322e-05 2.31852e-07 1.29581e-06 -1.686e-06 5.92459e-05 0.000109821 -8.80288e-07 -1.04274e-05 6.47462e-07 8.85651e-06 0.000174301 9.87562e-07 -1.86423e-07 6.33116e-06 4.28281e-05 1.87885e-05 4.32011e-06 8.87699e-05 1.15712e-05 2.57667e-05 -9.84092e-05 4.44981e-05 0.000368747 6.68498e-05 2.0229e-06 -9.48852e-08 4.64569e-07 -2.75966e-05 2.41458e-07 1.43734e-05 2.23771e-06 6.10159e-06 -0.000133932 8.41531e-05 -7.59335e-07 0.000203306 -0.000161804 -4.77807e-07 -8.6412e-05 6.80232e-05 5.22038e-05 -1.23628e-05 6.42058e-06 0.000185274 1.16811e-05 -2.70848e-07 0.000122382 -2.06985e-08 6.0117e-06 -3.98235e-07 -9.61998e-07 -0.000599837 -8.30672e-08 -7.89319e-05 0.000218821 0.000630653 1.24031e-05 1.79385e-06 -0.000319382 1.86102e-06 -1.69117e-07 7.46535e-07 -6.42328e-07 -2.36131e-08 3.68562e-05 -2.86035e-05 5.33859e-06 7.29788e-06 -1.25769e-05 -1.81482e-08 -1.11442e-06 9.99019e-06 2.32328e-06 0.000174407 4.55192e-06 -3.25168e-05 -0.000835192 -6.5097e-06 -1.71023e-07 -7.69302e-06 -0.000753482 -0.000874079 -0.000393338 -0.00072011 1.82305e-07 -2.20322e-06 -4.61756e-07 3.11878e-07 5.94087e-05 
-0.0287293 -0.000812553 -0.00306315 -0.00319788 -0.00024302 -0.0239784 -0.0313711 0.0273789 -0.0312902 -9.05838e-05 0.0345782 0.0024948 -1.78149e-06 -1.64194e-06 -3.64108e-05 3.06621e-05 -0.000247334 2.28331e-05 -0.0214303 -1.8055e-06 -0.00114883 -3.59269e-05 -9.04868e-05 -1.44173e-06 1.63652e-05 -0.000305379 -2.91075e-05 -0.000170726 0.0231673 -0.00978908 -0.000992299 0.00316553 7.99401e-05 -0.000641591 -0.00183273 -6.62122e-05 2.64327e-06 -0.000361457 4.76145e-06 -9.35099e-06 -0.000671006 -0.000125431 -0.00061408 0.0285165 0.000251803 2.21106e-05 0.0038874 0.032463 -5.06981e-05 0.00336105 -0.0288339 0.00116193 0.000468485 -0.0309615 0.0247346 -1.69287e-05 1.36244e-05 -0.0243355 -1.75533e-05 -4.54978e-05 -0.000250973 -0.000916607 0.0312422 1.48519e-06 -0.00206695 -0.0295827 -0.0235925 -0.0015518 -9.20675e-06 0.0105452 -0.000333024 -1.01585e-05 -2.18423e-06 2.98933e-05 5.5981e-07 -0.00448634 0.000980432 -1.47473e-05 -0.020875 -0.0312632 -1.5187e-05 3.70832e-05 -0.0309699 -1.90591e-05 -0.02417 -0.000322938 0.00382537 0.0310947 0.000180833 -4.51473e-05 0.0312053 0.0275893 0.0314213 0.0307645 0.0255807 -1.31473e-05 0.000212023 2.94955e-05 -0.000110371 0.00570052 
-0.00201927 -0.000678483 -0.000128519 -0.0170317 3.69497e-05 -0.00173878 0.00684885 -0.00765594 0.00355974 3.80322e-05 0.0024948 0.0665856 4.5074e-06 -1.74984e-06 -7.91039e-05 -0.00283575 1.41305e-05 -1.24352e-05 -0.00223678 4.88526e-07 -0.000215311 -8.68068e-05 -7.40465e-06 -1.29169e-05 5.32239e-05 0.000482303 -2.84197e-05 -1.16373e-05 0.0073622 -0.00051592 0.000150684 -0.00663137 -0.000422555 -0.000178157 0.00214234 -2.28319e-05 -5.89784e-06 -0.00023745 -0.00230982 4.01875e-07 -0.000121754 -9.51744e-06 -0.000773166 0.0117925 -0.000542423 4.05496e-06 -0.00745507 0.00324902 -4.58727e-05 0.00483498 -0.00254083 0.00236995 -0.000828852 -0.000432109 0.0126963 8.7568e-06 1.16502e-05 0.00246125 -1.71188e-07 -4.8628e-05 -2.7089e-05 -2.78546e-05 -0.00578751 2.0385e-05 -0.00738816 0.00342359 -0.00773777 -0.000107264 2.04022e-05 -0.0201854 -3.97194e-05 5.39834e-05 5.01279e-06 4.87671e-05 -1.63078e-06 -0.000272816 -0.00194088 0.000176463 -0.0011789 -0.00234967 -4.37102e-07 -8.02689e-05 -0.00222292 -1.83751e-06 -0.00604551 7.48568e-06 -0.00573459 -0.0113504 -0.000300213 -8.39464e-06 0.006103 -0.00800118 -0.00479605 -0.00553151 0.00585744 2.66124e-06 0.00122112 -5.1582e-05 -5.72534e-06 0.00493562 
1.52067e-06 1.14629e-07 1.08573e-08 3.88502e-06 -4.85124e-09 1.16591e-06 7.49537e-06 -4.13953e-06 5.26031e-06 2.31852e-07 -1.78149e-06 4.5074e-06 1.22887e-05 -2.31564e-09 -2.02201e-08 7.7e-09 -1.94661e-08 -1.36221e-08 1.63997e-06 -1.56287e-09 2.06079e-07 -2.94319e-08 -2.41449e-09 -2.23576e-09 1.615e-06 5.24197e-07 -8.79966e-09 -2.29065e-09 -3.68562e-06 1.969e-06 8.55258e-07 9.34545e-07 -1.15155e-07 1.54844e-07 5.37034e-07 -4.52258e-09 -1.13795e-09 -4.82634e-08 -4.00523e-07 -5.68839e-10 -1.27977e-07 4.73166e-07 4.15575e-07 -4.02427e-06 -1.03435e-07 -9.50641e-09 -6.88871e-07 -2.41455e-06 -1.37256e-08 3.29633e-08 1.82971e-06 3.51388e-06 3.91166e-07 4.28651e-06 -5.96573e-06 -3.69076e-09 -5.24708e-09 4.79236e-06 -2.48236e-10 1.58012e-07 -4.77601e-09 -1.26032e-08 -7.34025e-06 -9.96219e-10 2.04112e-06 6.52886e-06 -2.25757e-06 -2.11499e-08 -1.0066e-09 -5.78086e-08 -7.52995e-09 -2.02821e-09 -6.41207e-10 -1.13013e-08 -2.83191e-10 -6.12893e-08 -3.4304e-07 4.48955e-08 1.94996e-06 1.91324e-06 -2.1765e-10 -1.48309e-08 1.82194e-06 -6.53632e-10 5.26154e-07 -1.39021e-08 -1.44864e-06 -7.48728e-06 7.66856e-08 -2.71735e-09 -2.37549e-06 -6.07168e-06 -7.48406e-06 -6.67835e-06 -6.19412e-06 -4.7872e-10 -1.68473e-07 -1.22005e-08 -4.25496e-09 -3.99968e-06 
-1.08319e-06 4.23168e-06 2.94209e-08 -2.53836e-05 5.89461e-08 2.07351e-06 3.42143e-06 -2.52503e-05 7.94974e-07 1.29581e-06 -1.64194e-06 -1.74984e-06 -2.31564e-09 0.000188398 -3.10048e-07 1.06068e-05 7.14596e-06 -1.64432e-07 -8.41694e-06 8.87147e-07 -5.88289e-07 -2.84631e-07 2.07421e-07 6.54607e-07 -1.10736e-07 -2.2529e-07 -3.49308e-08 -3.5124e-08 -6.08828e-05 -1.64572e-06 -3.4531e-07 3.5333e-05 1.17676e-05 -1.54427e-06 3.34505e-07 5.75097e-07 -1.74489e-08 4.88358e-08 3.98919e-05 3.135e-07 -2.17909e-07 4.18178e-07 -9.45656e-08 -5.28901e-05 -3.30479e-07 -1.45768e-07 -9.08164e-06 -1.86006e-05 -2.10463e-07 3.73051e-05 1.17016e-06 -1.19579e-05 1.23486e-06 -2.09586e-06 -7.91365e-05 2.92118e-06 8.43204e-09 -2.55428e-06 -3.80635e-09 5.61837e-08 -7.32336e-08 2.62897e-06 -3.76506e-06 5.18058e-07 4.96301e-05 -1.60946e-06 -1.8054e-05 -3.54153e-08 2.18457e-06 -6.20609e-06 8.73427e-07 -3.10999e-08 1.27908e-09 4.4882e-09 -4.34234e-09 -5.08993e-08 -1.53782e-06 -6.67174e-07 -2.80815e-06 -1.52301e-06 -3.33736e-09 2.31703e-06 -3.01555e-06 -1.00226e-08 1.69488e-05 -7.98371e-08 2.05981e-05 -4.5713e-06 -7.31585e-07 8.13889e-07 -2.98239e-05 1.67868e-05 4.2854e-06 -2.08863e-05 -6.57571e-05 -7.34053e-09 1.405e-05 1.52403e-06 1.12534e-07 -1.61726e-05 
-6.9343e-06 2.40408e-05 -7.76021e-06 0.000178415 -3.82882e-07 -2.93124e-05 -6.87869e-05 3.78119e-05 -2.13472e-05 -1.686e-06 -3.64108e-05 -7.91039e-05 -2.02201e-08 -3.10048e-07 0.00164269 -5.27717e-05 1.45714e-05 2.39831e-06 -2.43931e-05 -2.09258e-07 5.92075e-05 -3.94073e-06 1.17672e-06 -2.99353e-07 -7.89169e-07 4.4316e-05 -1.17822e-06 7.10752e-08 -6.83707e-05 0.000312132 4.65142e-06 0.000801245 -1.23851e-05 3.17377e-05 -3.65292e-06 4.42779e-06 -1.52364e-07 8.86934e-05 0.000173506 -7.61637e-08 -9.49082e-06 -2.28557e-07 -1.47746e-05 -0.000744823 1.10507e-05 9.56049e-06 -0.000171069 2.03849e-05 -1.18221e-06 0.000250845 7.58406e-05 0.000743391 -1.33107e-05 -7.35993e-06 -0.000849921 1.32805e-06 -7.02549e-07 -4.8953e-05 1.00096e-07 -4.81004e-07 3.31608e-06 5.91251e-06 -9.53099e-05 8.09995e-06 0.000194618 -4.77173e-05 -8.27673e-05 1.42373e-06 4.09668e-07 0.00012449 3.75846e-06 -2.71564e-07 1.30304e-06 -1.02428e-06 -3.79173e-08 -7.62845e-06 8.36026e-05 5.72188e-06 5.1011e-06 -1.19063e-06 -2.91419e-08 1.63646e-06 -6.72838e-06 -8.7517e-08 -6.62563e-05 -1.03918e-06 0.000289144 1.11558e-05 1.13954e-05 4.36165e-07 -0.000161699 -0.000462745 9.50201e-06 -0.000568983 -0.000584325 -6.40975e-08 -4.93513e-06 1.26643e-06 7.47338e-08 -0.000920553 
-0.000873444 0.00174427 3.74213e-05 -0.00184886 2.4573e-05 -0.000694755 -0.00117182 0.000728454 -0.000987738 5.92459e-05 3.06621e-05 -0.00283575 7.7e-09 1.06068e-05 -5.27717e-05 0.045875 0.000175686 -4.12936e-05 -0.00173039 1.17028e-06 -0.00012263 -8.76676e-05 1.5635e-06 4.73867e-05 -2.13688e-05 0.000337186 2.31981e-05 -8.41744e-06 -0.00633679 -0.00055382 3.63109e-06 -0.00123284 0.000295097 0.000340325 -0.000190157 1.03843e-05 4.98131e-06 0.000563085 0.0115688 1.86897e-06 1.29082e-05 3.52023e-05 0.00818242 -0.0178529 -9.44583e-05 3.94262e-05 0.00347534 -0.00450086 -3.46107e-05 -0.00271944 -0.000635245 -0.00453441 -0.000141783 -0.00103274 -0.0164678 1.5569e-05 -1.93684e-05 -0.000558535 -9.736e-07 0.000356979 3.4257e-05 -3.22308e-05 0.000898985 -1.84059e-06 0.0183838 -0.000577601 -0.00640922 -3.59848e-05 -3.50351e-06 -0.000183371 8.80447e-05 -6.21037e-06 3.90736e-06 -2.85912e-05 4.00415e-07 -7.16261e-05 -0.000305418 -0.000170535 -0.00056529 -0.000864765 8.79693e-07 5.04307e-06 -0.00118627 9.10307e-06 0.0163352 0.000215797 0.00443854 -0.00338478 -1.32676e-05 5.68679e-06 -0.0154717 0.00654696 -0.00175258 -0.000183926 -0.0205433 -1.25536e-06 -0.000379363 5.69292e-06 2.7345e-05 -0.00144578 
5.06374e-05 2.06675e-06 7.89628e-05 -7.48857e-07 3.43023e-06 -1.01664e-05 0.000281287 -9.79391e-06 0.000269147 0.000109821 -0.000247334 1.41305e-05 -1.94661e-08 7.14596e-06 1.45714e-05 0.000175686 0.00158154 -1.21145e-06 8.28066e-06 4.10966e-06 3.26572e-06 6.89507e-05 5.10993e-07 -1.32635e-07 4.80244e-06 3.97501e-05 3.26991e-05 -5.08214e-08 -2.22204e-05 9.0741e-05 1.13639e-05 -5.56811e-05 0.000157745 0.000106963 3.67726e-05 -4.05186e-07 3.7554e-07 1.24677e-05 -2.19721e-05 7.11208e-08 6.01481e-05 1.97225e-06 -7.68694e-06 -0.000309074 2.69338e-05 -1.22538e-06 -8.2213e-05 -0.000180716 2.04187e-06 -8.57172e-05 6.66665e-05 -3.94313e-05 -1.36788e-05 0.000112693 -1.07244e-05 8.46481e-07 -6.20796e-07 4.62264e-05 -3.19977e-08 -9.60017e-07 -6.1563e-07 6.30995e-07 -0.000416502 -1.28413e-07 3.48912e-05 0.000303256 0.000488912 8.26266e-06 7.02492e-08 -0.000336371 7.07163e-07 -2.50327e-07 -8.26519e-08 2.98815e-07 -3.65034e-08 8.33311e-06 -3.49402e-05 -3.73633e-06 1.40271e-05 3.94289e-05 -2.80552e-08 -1.91171e-06 8.07924e-05 3.99352e-06 6.85162e-05 -1.14755e-06 -0.000140302 -0.000533723 -7.14416e-06 -3.50267e-07 -5.2471e-06 -0.000543405 -0.000401361 -0.00058185 -0.000451732 -6.17073e-08 5.55616e-05 -1.57266e-06 1.86264e-06 -3.00477e-05 
-3.42166e-05 -1.17097e-05 -4.6364e-06 -0.000487562 -4.37594e-07 -2.81312e-05 -6.19192e-05 -0.000123076 -4.97525e-05 -8.80288e-07 2.28331e-05 -1.24352e-05 -1.36221e-08 -1.64432e-07 2.39831e-06 -4.12936e-05 -1.21145e-06 0.00110726 -1.39762e-05 3.70136e-07 -3.07181e-06 -2.64372e-06 3.59984e-07 -2.01671e-07 1.5708e-06 1.74243e-06 1.43729e-05 -2.06622e-07 0.000112294 -1.51475e-05 -1.62023e-06 -6.35426e-05 -2.54282e-06 1.11823e-05 -5.67968e-06 -3.96837e-07 -1.02646e-07 3.3243e-06 -2.91838e-05 -5.13107e-08 3.65615e-06 -4.15967e-07 -1.144e-05 -0.000156757 1.00366e-05 -8.57502e-07 6.69936e-05 3.64607e-05 -2.93639e-07 -7.64542e-05 -3.8864e-05 -8.66776e-05 2.60497e-06 -4.03046e-05 0.000197364 -3.32916e-07 2.01559e-06 -2.36345e-05 -2.23915e-08 -6.80659e-07 -3.75252e-07 -1.08129e-06 5.53783e-05 -8.98615e-08 -9.97764e-05 -5.23025e-05 -8.26911e-05 -1.90777e-06 -9.07976e-08 -0.000206055 -6.7922e-07 -1.16283e-07 -5.78385e-08 5.51393e-06 -2.55445e-08 -5.52845e-06 -7.95416e-06 4.42944e-06 -2.4559e-05 -3.88955e-05 -1.96326e-08 3.27333e-06 -3.61064e-05 -5.89593e-08 -8.85237e-05 -9.09564e-07 -0.000126207 3.81322e-05 1.13746e-05 -2.45112e-07 8.47155e-05 6.78402e-05 4.90487e-05 4.75264e-05 0.000200375 -4.31818e-08 2.05811e-05 -7.56076e-07 -3.83808e-07 2.29532e-05 
0.0184317 -0.000235798 0.00151858 -0.0084892 0.000122418 0.0151073 0.0202742 -0.0235979 0.0207235 -1.04274e-05 -0.0214303 -0.00223678 1.63997e-06 -8.41694e-06 -2.43931e-05 -0.00173039 8.28066e-06 -1.39762e-05 0.0451355 2.94093e-06 0.00109073 -7.34539e-05 9.22464e-05 -8.48674e-06 -6.41055e-06 -3.97882e-05 -2.02498e-05 0.000166246 -0.0145586 0.00745923 9.87405e-05 -0.00383499 -0.000305797 -8.46078e-05 0.00139608 1.35074e-05 7.57018e-07 -4.36374e-05 -0.000555771 -6.15409e-07 0.000277756 1.0998e-05 -0.000526009 -0.0155947 -0.000148443 -2.79524e-05 -0.00423546 -0.0214814 -1.79197e-05 -0.0040598 0.0198646 -0.00137983 0.000224288 0.0209484 -0.0119455 8.3675e-07 -1.9897e-05 0.0147856 7.42916e-07 -2.10901e-05 7.37748e-05 0.000547774 -0.021835 -4.40972e-07 -0.00135156 0.0191149 0.0109728 0.00141579 1.3968e-06 -0.0116942 0.000291546 -5.97651e-07 -1.08332e-06 -2.54059e-05 -1.09186e-06 0.0035351 -0.00114305 -4.18246e-05 0.0130583 0.0205762 6.49417e-06 -3.48258e-05 0.020721 1.03544e-06 0.0131295 0.000318055 -0.00469641 -0.0198818 -0.000290976 -4.32417e-07 -0.0194064 -0.016429 -0.020512 -0.0212841 -0.0128808 -1.28579e-09 -0.000495877 -2.94509e-05 4.93504e-05 -0.00276529 
-1.40347e-06 4.92321e-06 -6.92561e-07 -5.6881e-05 -5.02055e-08 -1.10529e-06 -1.77772e-06 -4.99808e-05 -2.74855e-06 6.47462e-07 -1.8055e-06 4.88526e-07 -1.56287e-09 8.87147e-07 -2.09258e-07 1.17028e-06 4.10966e-06 3.70136e-07 2.94093e-06 0.000127162 -3.97049e-07 2.28743e-07 -2.76538e-09 -2.31379e-08 -7.47381e-08 -3.02827e-07 4.75599e-07 -2.37059e-08 -4.39772e-06 -5.15649e-07 -2.33058e-07 -3.33572e-06 1.20527e-05 -9.53371e-07 -7.38557e-08 -4.68042e-08 -1.17767e-08 1.44966e-07 -2.73391e-06 -5.88692e-09 1.84223e-06 -4.77242e-08 -1.56365e-06 6.98776e-07 7.85106e-07 -9.83819e-08 -6.60342e-06 -4.06067e-08 -9.76018e-08 -1.17337e-05 -2.30765e-06 -8.29065e-06 1.62095e-06 -1.42417e-06 1.0942e-05 -3.81957e-08 1.23646e-08 -1.28971e-06 -2.56899e-09 3.77101e-07 -4.94269e-08 5.36236e-07 4.12753e-06 7.23023e-07 -1.45529e-05 -2.75282e-06 -1.53748e-05 -2.1888e-07 -1.04173e-08 -3.54322e-05 -7.79275e-08 -2.099e-08 -6.63585e-09 4.97097e-08 -2.93074e-09 -3.23173e-07 -2.95012e-06 6.19639e-06 -1.95449e-07 -1.26251e-06 -2.25246e-09 -1.42374e-07 -1.76474e-06 -6.76444e-09 -2.75433e-06 1.11682e-07 1.78181e-05 -6.11986e-06 1.92822e-06 1.05212e-07 5.87034e-06 4.30045e-06 2.36303e-06 6.89057e-07 1.36378e-05 -4.95428e-09 9.62314e-06 -1.26264e-07 4.0041e-07 7.11893e-06 
2.19085e-05 -1.90796e-05 2.23214e-06 -0.000827219 3.65009e-05 -1.0041e-05 0.000970477 -0.00084431 0.000940768 8.85651e-06 -0.00114883 -0.000215311 2.06079e-07 -5.88289e-07 5.92075e-05 -0.00012263 3.26572e-06 -3.07181e-06 0.00109073 -3.97049e-07 0.00311225 -3.04386e-06 3.07866e-05 3.76449e-07 -1.64581e-06 -3.15716e-06 2.97555e-06 0.000150696 -0.00120934 0.0013374 -1.14339e-06 0.000171103 -1.34441e-05 2.10365e-05 0.000762959 2.6351e-05 -2.89097e-07 1.53942e-05 -3.98643e-05 7.55486e-07 -2.84349e-05 8.88401e-06 -2.6485e-05 -0.00189341 -1.22555e-05 2.60711e-06 -0.000268556 -0.00128967 -3.07589e-06 0.000263867 0.00168429 -4.12807e-05 3.44589e-05 0.00116752 -0.0017831 2.19569e-06 -1.09969e-06 -4.73295e-05 -6.30644e-08 1.07235e-05 6.6443e-07 4.42591e-07 -0.00107229 1.69132e-07 0.00234832 0.000835665 0.00160458 0.000870271 1.39983e-06 -0.000504735 3.86981e-05 3.29176e-07 3.22599e-06 -2.23776e-06 -7.19448e-08 0.000823052 -5.12161e-05 -5.9771e-06 3.85309e-05 0.000518231 6.11373e-07 -2.02336e-06 0.000951186 5.22833e-07 0.000163643 3.32237e-05 0.000858613 -0.00111657 4.17186e-05 -6.90344e-07 -0.00214168 -0.00110551 -0.00129752 -0.00113845 -0.00204578 -1.21619e-07 -3.97672e-05 2.00444e-07 2.06347e-06 -0.000693347 
1.67605e-05 -5.33209e-07 -5.25335e-06 0.00070318 7.03231e-06 6.16865e-05 -1.94122e-05 1.07631e-06 -5.65228e-05 0.000174301 -3.59269e-05 -8.68068e-05 -2.94319e-08 -2.84631e-07 -3.94073e-06 -8.76676e-05 6.89507e-05 -2.64372e-06 -7.34539e-05 2.28743e-07 -3.04386e-06 0.00238926 -3.03898e-07 1.1976e-06 4.48094e-07 5.56994e-06 -6.70535e-07 -4.46428e-07 -0.000385874 -2.34588e-05 -4.37781e-06 -4.53904e-05 2.12573e-05 0.00113007 -1.20382e-05 3.96365e-07 -2.21777e-07 -3.22835e-06 -5.73253e-05 -1.10862e-07 0.000142136 1.26902e-05 -2.7591e-05 -0.000160441 0.000526886 -1.06383e-06 0.00131013 -6.6248e-05 -1.55278e-06 -0.000191653 -1.77466e-05 -0.00020326 -2.54493e-05 3.52291e-05 0.000108619 1.20292e-06 -1.02261e-06 1.88042e-05 -4.8379e-08 2.04689e-05 -6.75248e-07 -1.68959e-06 -0.000569767 2.5029e-07 -0.000101104 8.12447e-05 0.00103237 7.46696e-06 -1.96177e-07 -0.000460218 1.88033e-07 -3.95281e-07 1.85281e-06 -2.06919e-06 1.50036e-06 9.16108e-05 -5.15777e-05 1.89384e-05 -3.82066e-05 5.84846e-05 -4.24181e-08 -1.59042e-06 3.11218e-05 -1.27387e-07 0.000271308 7.01701e-07 -0.000280087 -0.00128924 -1.25378e-05 -3.85143e-07 -0.000207473 -0.000883021 -0.00147018 -5.91316e-05 -0.00137217 4.06226e-06 -9.17832e-06 4.55551e-07 3.65963e-06 5.32974e-05 
3.63018e-05 8.70226e-06 -1.25497e-07 -5.29144e-05 1.4891e-06 2.97582e-05 6.50234e-05 -6.77116e-05 7.59271e-05 9.87562e-07 -9.04868e-05 -7.40465e-06 -2.41449e-09 2.07421e-07 1.17672e-06 1.5635e-06 5.10993e-07 3.59984e-07 9.22464e-05 -2.76538e-09 3.07866e-05 -3.03898e-07 0.000196439 1.64254e-07 7.34254e-08 2.08792e-06 1.28153e-06 1.18932e-07 -6.53214e-05 6.13839e-05 3.17726e-07 7.84446e-06 -1.05224e-06 7.46758e-06 1.14822e-05 5.94358e-07 -1.81938e-08 5.02835e-06 1.95186e-05 -9.09474e-09 2.53872e-07 -1.81738e-08 -5.26805e-07 -9.28256e-05 -4.75967e-07 -1.51991e-07 -1.85498e-05 -0.000101362 -1.4167e-07 -1.51251e-05 8.09918e-05 -5.56342e-06 -2.25053e-06 8.30005e-05 -8.38454e-05 -5.90088e-08 -8.38916e-08 8.01645e-06 7.14226e-09 1.28296e-07 -7.636e-08 3.76275e-07 -8.81433e-05 2.6185e-07 4.53414e-05 6.58474e-05 7.78999e-05 2.80285e-05 1.96168e-06 -2.98016e-05 3.79072e-06 -3.24276e-08 -1.02518e-08 1.19312e-07 -4.52772e-09 3.3209e-05 5.94873e-06 2.07453e-06 2.84358e-05 5.70058e-05 -3.47984e-09 -2.3712e-07 7.91224e-05 -1.04504e-08 4.36425e-05 7.17773e-06 1.6084e-05 -8.69635e-05 6.93901e-06 -4.34456e-08 -9.69652e-05 -7.89165e-05 -8.75437e-05 -9.63777e-05 -8.12082e-05 -7.6539e-09 1.61974e-07 -1.95065e-07 5.31971e-07 -8.23289e-05 
-5.61588e-06 7.77559e-05 -7.57405e-07 4.94394e-05 -7.18212e-08 -4.48376e-06 -1.07608e-05 -3.18223e-05 -7.71892e-06 -1.86423e-07 -1.44173e-06 -1.29169e-05 -2.23576e-09 6.54607e-07 -2.99353e-07 4.73867e-05 -1.32635e-07 -2.01671e-07 -8.48674e-06 -2.31379e-08 3.76449e-07 1.1976e-06 1.64254e-07 0.0001819 -1.06916e-07 -3.68851e-07 -4.13875e-08 -3.39124e-08 -3.86844e-05 -2.48625e-06 -3.33399e-07 6.67057e-05 2.81174e-05 8.64234e-06 -9.3219e-07 -6.69555e-08 -1.6847e-08 4.06325e-06 6.9937e-05 -8.42149e-09 2.14978e-06 2.31729e-07 1.74091e-06 -0.000142942 9.91312e-06 1.24815e-06 0.000108898 -4.26946e-05 -2.03203e-07 -1.00156e-05 -6.28697e-06 -1.35737e-05 -2.20041e-06 -6.61508e-06 -7.47198e-05 2.34248e-07 -7.76815e-08 5.39595e-06 -3.67505e-09 2.61632e-06 3.0707e-07 -1.86587e-07 -3.83157e-06 -1.47487e-08 3.36953e-05 -6.04795e-07 -2.32072e-05 -3.13117e-07 -1.49024e-08 4.11286e-06 3.21855e-07 -3.00271e-08 -9.49288e-09 -1.67312e-07 5.06919e-07 -8.96259e-07 6.25473e-06 2.47286e-05 -4.0308e-06 4.39396e-06 -3.22224e-09 3.35988e-07 -5.79272e-06 2.34768e-07 3.57175e-05 -7.24838e-08 -1.56226e-05 -3.53338e-05 -1.16765e-06 -4.02295e-08 -7.79344e-05 1.86715e-05 -4.01802e-05 1.30655e-05 -0.00011407 -7.08731e-09 5.16924e-07 -1.80625e-07 -6.29934e-08 -6.0524e-05 
-1.42844e-05 -5.53011e-06 3.87331e-05 -1.79223e-05 2.35643e-08 -1.3536e-05 9.4108e-05 1.37238e-05 1.134e-05 6.33116e-06 1.63652e-05 5.32239e-05 1.615e-06 -1.10736e-07 -7.89169e-07 -2.13688e-05 4.80244e-06 1.5708e-06 -6.41055e-06 -7.47381e-08 -1.64581e-06 4.48094e-07 7.34254e-08 -1.06916e-07 0.000587321 3.14619e-05 -4.20809e-07 -1.09541e-07 -1.5285e-05 -6.64536e-06 -6.21363e-07 -5.65959e-05 -4.25127e-06 2.90839e-05 7.85558e-06 -2.16274e-07 1.45582e-07 -1.94134e-06 -1.57868e-05 -2.72024e-08 -1.58665e-06 -2.20525e-07 -6.65869e-06 9.74152e-05 5.04252e-06 -2.54606e-07 -5.60799e-05 1.64355e-05 1.16585e-06 -1.59029e-05 -1.90253e-05 8.30866e-05 -5.61683e-06 -1.57342e-05 0.000113475 -1.32051e-07 -2.50921e-07 0.00010837 -1.18709e-08 -9.16453e-08 1.71607e-07 -3.91587e-07 -8.69788e-05 -4.76402e-08 -6.04153e-05 3.30148e-05 -3.44516e-05 -8.22518e-07 -4.81364e-08 -0.000183491 -1.82312e-07 3.00888e-09 -3.06631e-08 -5.40438e-07 -1.35425e-08 8.02418e-07 -1.64045e-05 -2.63515e-06 -7.40887e-06 -1.67872e-05 -1.04082e-08 -5.75895e-07 -1.47974e-05 -3.12573e-08 -4.47817e-05 1.90741e-07 -5.27413e-05 -0.000167376 -1.12719e-06 -1.29946e-07 4.34032e-05 -0.000188825 -0.000134563 -6.05134e-05 -6.04601e-05 -2.28929e-08 -5.32319e-06 1.50545e-06 -1.45874e-08 4.48805e-05 
0.000316049 1.78795e-05 0.000112577 0.00122527 1.3733e-05 -4.8462e-05 0.00109211 -0.000215479 0.000720748 4.28281e-05 -0.000305379 0.000482303 5.24197e-07 -2.2529e-07 4.4316e-05 0.000337186 3.97501e-05 1.74243e-06 -3.97882e-05 -3.02827e-07 -3.15716e-06 5.56994e-06 2.08792e-06 -3.68851e-07 3.14619e-05 0.00523652 -2.95843e-06 -6.25698e-07 -0.000932006 0.000428579 0.000114064 0.000169986 5.73818e-05 0.000527902 0.000114827 1.02293e-05 -4.87468e-07 0.000101192 0.00066016 3.1188e-07 -5.16553e-05 1.6169e-05 2.65096e-05 -0.000441338 2.74578e-05 1.09722e-05 3.2525e-05 -0.000552906 8.55365e-06 -0.000362873 0.00010552 0.00199433 -4.59535e-05 0.000278593 -0.00085461 -1.58102e-06 -1.29216e-06 0.000675829 4.7736e-09 4.58482e-05 3.26985e-05 -3.90999e-06 -0.00133476 1.57621e-05 0.000400669 0.000159519 0.00110343 2.06218e-06 9.35467e-07 -0.000286202 1.34633e-05 1.2645e-06 -2.74676e-07 -2.35228e-06 -1.21311e-07 1.11675e-05 -2.87046e-05 -2.02608e-05 0.000134224 0.000444996 -9.32354e-08 4.49691e-05 0.000306919 -2.79999e-07 3.70178e-05 2.04469e-06 -0.000231574 -0.00165407 -2.63525e-05 -1.16404e-06 -0.000900859 -0.00216695 -0.00197688 -0.00071578 -0.00300383 9.17151e-07 -6.96914e-05 2.40277e-07 -1.56716e-06 -0.00155477 
2.96327e-06 1.13135e-05 0.000138689 -3.94644e-05 -2.82679e-07 -1.61612e-05 0.000112102 -4.6182e-06 -1.43533e-05 1.87885e-05 -2.91075e-05 -2.84197e-05 -8.79966e-09 -3.49308e-08 -1.17822e-06 2.31981e-05 3.26991e-05 1.43729e-05 -2.02498e-05 4.75599e-07 2.97555e-06 -6.70535e-07 1.28153e-06 -4.13875e-08 -4.20809e-07 -2.95843e-06 0.000715554 1.99859e-07 8.2059e-05 -1.96735e-06 -7.5666e-07 -5.33608e-05 3.81344e-05 0.000104843 -2.48009e-06 -2.63528e-07 -6.63078e-08 -1.25672e-06 -2.01049e-05 5.77965e-07 4.53206e-05 4.0907e-07 -5.71515e-06 -0.000172232 2.04285e-05 -2.05999e-08 0.00011201 -5.7788e-05 -7.99783e-07 -4.69782e-05 -1.3723e-05 -4.12375e-05 -8.8789e-06 -1.37917e-05 0.000169862 7.29386e-07 -3.05745e-07 0.000299546 -1.44645e-08 -5.04294e-07 -5.60731e-08 -1.34382e-07 -0.000371452 -1.36047e-08 -6.791e-05 0.000247941 0.000252457 9.50094e-06 4.41346e-07 -0.000196698 1.65012e-06 -1.18183e-07 3.18193e-07 2.8637e-06 -1.65014e-08 3.73149e-07 -1.92221e-05 1.91132e-06 -1.06536e-05 -1.75815e-05 -1.26823e-08 -3.41967e-07 -1.91464e-05 -3.80868e-08 9.72158e-06 2.86771e-06 -4.45517e-05 -0.000310465 -2.52904e-06 -1.38938e-08 4.56154e-05 -0.000310556 -0.000284872 -0.000146948 -0.000181766 -2.78948e-08 5.12764e-06 4.33526e-07 1.91873e-06 5.36656e-05 
1.83685e-05 -1.25795e-06 -1.01506e-06 -9.82357e-05 6.53753e-06 -6.19336e-07 0.000144553 -0.000146115 0.000106588 4.32011e-06 -0.000170726 -1.16373e-05 -2.29065e-09 -3.5124e-08 7.10752e-08 -8.41744e-06 -5.08214e-08 -2.06622e-07 0.000166246 -2.37059e-08 0.000150696 -4.46428e-07 1.18932e-07 -3.39124e-08 -1.09541e-07 -6.25698e-07 1.99859e-07 0.000186365 -8.2237e-05 0.000168883 -2.86029e-07 -1.44927e-05 -1.74669e-06 5.61684e-06 0.0001041 4.38696e-06 -1.72606e-08 1.37124e-05 -5.83076e-06 -8.62825e-09 -1.49673e-06 2.85227e-06 -1.29179e-06 -0.000150569 -1.38003e-06 -1.44195e-07 -2.14037e-05 -0.000170259 -2.08192e-07 -1.41408e-05 0.000152246 2.34614e-07 -2.49349e-06 0.000175611 -0.000135929 3.10685e-07 -7.95887e-08 -4.9017e-06 -3.76528e-09 1.68727e-07 -7.24433e-08 6.96439e-06 -0.0001684 -1.51108e-08 0.00013531 0.000128566 0.000129721 7.69236e-05 -1.52682e-08 -5.31863e-05 1.65525e-05 -3.07643e-08 -9.72594e-09 -1.7142e-07 -4.29548e-09 0.000110604 -5.20329e-06 -8.35834e-07 -4.51985e-07 0.000112459 -3.30135e-09 -2.24958e-07 0.000153628 -9.91441e-09 3.95191e-05 7.36691e-06 1.80442e-06 -0.000168711 -1.19631e-06 -4.12172e-08 -0.000166071 -0.000151002 -0.000171198 -0.000165346 -0.000140414 -7.26132e-09 -2.55542e-06 -1.8506e-07 1.15768e-06 -8.8927e-05 
-0.0207623 -0.00600947 -0.0027147 -0.0325479 -8.27607e-05 -0.0204383 -0.0210974 0.0201853 -0.0217515 8.87699e-05 0.0231673 0.0073622 -3.68562e-06 -6.08828e-05 -6.83707e-05 -0.00633679 -2.22204e-05 0.000112294 -0.0145586 -4.39772e-06 -0.00120934 -0.000385874 -6.53214e-05 -3.86844e-05 -1.5285e-05 -0.000932006 8.2059e-05 -8.2237e-05 0.109405 -0.00442922 -0.000588061 -0.0192552 0.000842127 -0.00107484 -0.000362055 -0.000282471 9.37868e-06 -0.000763008 -0.0100643 -1.84343e-05 0.000285903 -0.0001885 8.54192e-05 0.0280134 -0.000450335 -6.3072e-05 0.00750995 0.0241738 -0.000395931 -0.023827 -0.0224038 0.00498427 -0.00857758 -0.0214905 0.0668427 -4.08686e-05 6.62253e-06 -0.0181764 -1.58853e-05 -0.000420118 -3.75955e-06 -0.000684873 0.0185684 -1.49678e-06 -0.0266677 -0.0198213 -0.0228753 -0.000871822 -2.27912e-05 -0.0229739 -0.000324449 -9.20733e-06 -6.55348e-06 -2.18315e-05 -1.36741e-05 -0.00339057 -0.00640672 0.000417878 -0.0171554 -0.0231278 -1.06854e-05 -0.000459562 -0.0227705 4.73961e-06 -0.0322273 -0.000768012 -0.0113193 0.0199414 0.000276215 -0.000126762 0.037306 0.00940694 0.0233493 0.0195634 0.0495159 -5.82901e-06 0.00157822 -1.6036e-06 -0.000168595 0.0212285 
0.00859311 -2.33423e-07 -4.86108e-05 0.000380575 0.000114675 0.00351299 0.0108177 -0.00823688 0.0104759 1.15712e-05 -0.00978908 -0.00051592 1.969e-06 -1.64572e-06 0.000312132 -0.00055382 9.0741e-05 -1.51475e-05 0.00745923 -5.15649e-07 0.0013374 -2.34588e-05 6.13839e-05 -2.48625e-06 -6.64536e-06 0.000428579 -1.96735e-06 0.000168883 -0.00442922 0.0140726 0.000307993 0.000632642 4.83646e-05 0.000164311 0.00193794 2.85459e-05 -1.322e-06 0.000286153 0.000478863 2.05027e-06 -3.74424e-05 4.99871e-05 0.000210038 -0.0107698 -6.82977e-05 -1.64396e-06 -0.00162382 -0.010587 -7.17888e-06 -0.000354515 0.0088054 0.00227263 -0.000176878 0.0111872 -0.0102088 5.64345e-05 -4.08462e-06 0.00374767 -2.88385e-07 -4.98725e-07 0.000189985 0.000449069 -0.0108363 7.97599e-06 0.00433852 0.0101265 0.00827666 0.00144888 2.18615e-06 -0.00340665 0.00026393 7.17708e-06 9.15509e-06 -1.28736e-05 -3.28993e-07 0.00156966 0.000228278 -6.10836e-05 0.00352657 0.00923279 5.85826e-06 -9.75186e-06 0.00929952 -4.70461e-07 0.0048726 0.000179727 -0.000779391 -0.0106768 -8.25373e-05 5.66538e-06 -0.0103941 -0.0102462 -0.0108969 -0.0112917 -0.0105326 -5.56148e-07 -0.00018871 -1.25294e-05 6.52124e-05 -0.00526478 
0.00102713 3.85529e-05 0.000255232 0.000349047 1.86547e-06 0.000739105 0.00135161 -0.000890239 0.00130882 2.57667e-05 -0.000992299 0.000150684 8.55258e-07 -3.4531e-07 4.65142e-06 3.63109e-06 1.13639e-05 -1.62023e-06 9.87405e-05 -2.33058e-07 -1.14339e-06 -4.37781e-06 3.17726e-07 -3.33399e-07 -6.21363e-07 0.000114064 -7.5666e-07 -2.86029e-07 -0.000588061 0.000307993 0.00182918 -0.000142508 -4.60537e-06 4.88263e-05 0.000231588 -6.4108e-07 -1.69693e-07 2.01585e-05 -3.39932e-05 1.05962e-06 -5.77297e-06 -5.43224e-07 0.00010888 -0.000854192 -8.9688e-06 6.01707e-08 -0.000172902 -0.00101208 -1.18011e-06 -6.58117e-05 0.000832637 0.000391508 -2.22362e-05 0.000864025 -0.000677434 7.59407e-06 -7.60229e-07 0.00100732 2.07427e-07 4.10943e-06 -3.01093e-07 4.5065e-05 -0.00134401 1.06998e-07 -9.19897e-05 0.00108933 0.000482368 -2.62056e-06 1.59434e-06 -0.000549084 3.16601e-06 4.20866e-06 -9.56175e-08 -1.59637e-06 -4.22297e-08 3.91602e-06 -2.90434e-05 -7.15058e-06 0.000822733 0.00084781 1.11988e-07 -1.06716e-06 0.000856032 -9.74704e-08 0.000423709 4.90467e-06 -0.000222453 -0.00137704 -8.61673e-06 -2.82992e-07 -0.00091365 -0.00127033 -0.00127445 -0.00136061 -0.00108962 -7.13874e-08 -2.13784e-05 -1.70825e-06 -2.23393e-07 -0.000669987 
-0.00297016 0.00477061 -0.000503476 0.0334825 -2.66861e-05 -0.00232152 -0.00460264 0.00653105 -0.00386535 -9.84092e-05 0.00316553 -0.00663137 9.34545e-07 3.5333e-05 0.000801245 -0.00123284 -5.56811e-05 -6.35426e-05 -0.00383499 -3.33572e-06 0.000171103 -4.53904e-05 7.84446e-06 6.67057e-05 -5.65959e-05 0.000169986 -5.33608e-05 -1.44927e-05 -0.0192552 0.000632642 -0.000142508 0.0873059 -0.000383607 0.000929398 -0.000491741 0.000151676 -8.40501e-06 0.00188453 0.0107901 -3.29588e-06 -0.000963124 4.41551e-05 -0.000691267 -0.0423958 5.03871e-05 -6.13413e-05 -0.00413071 0.00390356 0.000142643 0.0258927 -0.00317542 0.0102611 -0.000598993 -0.00343265 -0.0639149 8.89739e-05 -7.13253e-06 -0.00348298 -1.95226e-06 0.000125225 -3.50389e-05 -9.10517e-05 0.00550988 1.40208e-05 0.0216541 -0.00484078 -0.00899223 -0.000155956 1.07058e-05 0.0454369 4.98046e-06 -1.53065e-05 -3.20572e-07 -1.6357e-05 8.1395e-06 -0.000443334 0.0209967 -0.00029736 -0.00213149 -0.00322429 -1.71172e-06 0.000442717 -0.00312355 7.26152e-07 -0.00350732 1.75496e-06 -0.000610999 0.00751878 -0.000451642 9.05071e-05 -0.00400878 0.010859 0.00381835 -0.0071828 -0.0397471 2.96842e-06 -0.00127839 7.48262e-05 3.45034e-05 -0.0582087 
