0.234963 -0.00117587 -0.0254196 -0.000136949 0.0534446 -0.031273 -0.004011 -0.00386174 -0.0295574 -0.00957543 -0.00792744 -0.00239964 -0.0144785 -0.0564015 0.030325 -0.0234929 -0.0278783 -0.00987968 0.00875039 -0.00234873 0.0141028 0.00620125 -0.0623102 -0.0143184 -0.0414307 0.000698346 -0.00149457 -0.00481286 -0.0490788 -0.0250006 -0.042485 -0.0709752 0.0483772 -0.00123087 -3.54383e-05 0.0133843 -0.0217329 0.0251114 -0.00546085 -0.0579583 -0.027554 0.12472 -0.0171058 -0.00685459 0.00196019 -0.0474201 0.0305962 0.00398422 0.0552913 0.110928 0.137007 -0.0234498 -0.00932549 -0.00442621 -0.00167311 -0.0102892 0.00449988 -0.00932693 0.0520703 -0.0663591 -0.00300935 0.000445883 0.0112509 -0.00973143 0.0512211 -0.0439595 -0.077802 -0.0695614 -0.0360749 -0.00935914 -0.00941074 0.0198749 -0.000110848 -0.00635548 -0.0034346 -0.017827 -0.0396601 -0.0270114 -0.0296809 -0.0078047 -0.0303643 -0.0125711 0.00208005 -0.00987722 -0.00136284 -0.00828056 -0.0179019 -0.00450861 -0.0559273 0.0056325 0.049945 0.0637206 -0.00568257 0.00656785 0.114793 0.0226959 -0.00235612 0.014276 -0.0106063 0.10324 
-0.00117587 0.0045782 -0.000115381 -7.40514e-06 -0.00076535 0.000581542 6.64139e-05 0.000186749 0.000748207 -3.09153e-05 0.000438967 2.55871e-06 -8.93639e-05 0.000484349 -0.000230122 -0.000107474 0.000356907 3.99425e-05 -0.00108161 9.84602e-05 0.00101798 -0.000163887 0.000631627 0.000311274 -0.000414932 -0.00012849 0.000254975 9.31517e-05 -0.000234657 0.000228964 -0.000171287 -0.000133376 -0.00144338 3.14824e-06 -5.61644e-07 -0.000191533 0.000400398 -0.000424761 -3.79798e-05 0.000490178 -8.92445e-05 -0.00136092 0.000657287 0.000746405 -7.27553e-05 0.000200081 -0.0009642 0.000762665 -0.00215166 -0.00194692 -0.000799913 0.000393531 0.00017634 -1.61415e-05 0.000113218 -0.000106644 -5.70888e-05 -0.000451364 -0.000191192 -0.00023766 0.000123491 -2.04537e-05 0.00107287 0.000544722 0.000933094 0.00180156 0.00117357 0.000939317 -0.000517143 0.000131604 0.000739706 -0.000593416 1.4065e-06 6.405e-06 -7.46041e-05 0.000181755 0.000969201 -0.000248892 0.000145398 0.000246762 -0.000309724 1.5309e-05 -0.00062886 0.000168072 0.000136051 0.000362155 0.00058563 1.30072e-05 -0.000243486 0.000310457 -0.00125031 -0.00185143 -7.10571e-05 0.000939664 -0.00201147 -0.000488847 -1.89984e-05 0.000771629 -5.21502e-05 -0.00260148 
-0.0254196 -0.000115381 0.0414661 -4.27639e-05 -0.00778201 0.000174277 -0.000223471 -0.000162778 0.00243343 -0.000530107 -6.82305e-05 -0.000234192 0.000430698 0.0074259 -0.00748837 0.00588826 -0.0066156 0.000347375 -0.0090819 0.000689884 -0.00120666 -0.00310124 0.0136623 0.00495598 0.0123284 -0.00110282 -0.000221733 -0.000413242 0.019326 0.00582529 0.00982549 -0.00382159 -0.00665192 3.06798e-05 -1.9198e-05 -0.00198175 0.000325673 -0.00766114 -0.000600054 0.0151498 -0.000696393 -0.0269788 -0.00516943 0.000750132 0.000419356 0.00673853 -0.00760603 -0.0043844 -0.0170916 -0.0191507 -0.0207932 0.00187381 0.000255823 -0.000624666 -0.000576712 0.000613157 -0.000694557 -0.0078596 -0.0123017 -0.00154356 -0.00020291 0.000684148 -0.0023763 0.00421176 0.00363667 0.024219 0.0268988 0.0193518 -0.0020478 0.000985099 0.000470713 -0.00338189 -1.33433e-05 -0.00106329 -0.000786847 -0.00118726 0.00532434 0.0134466 0.000263436 -0.000677488 0.00416839 0.00434935 -0.00565303 0.000829905 -5.17326e-05 -0.000520984 0.0144896 -0.00189219 0.0228935 -0.000895399 -0.0044191 -0.0163229 -0.00122119 -0.00215456 -0.0185559 -0.00339655 -0.000166192 0.00389828 -0.00262761 -0.021426 
-0.000136949 -7.40514e-06 -4.27639e-05 0.00303575 -0.000470968 -0.000139445 -1.55912e-05 0.000181758 -0.000153391 -2.44895e-05 -3.38831e-05 -1.88057e-05 -3.99426e-05 -0.00013403 5.43987e-05 2.41761e-05 0.000547083 -6.24441e-05 -0.000753195 -4.05112e-06 0.000839701 0.000137554 0.000825507 -3.15052e-05 0.000496886 -8.19674e-05 -1.47944e-05 -2.98996e-06 -0.000170253 0.00049842 -5.56159e-05 -0.000327524 -0.000447268 -5.8832e-06 -2.41654e-06 -0.000130287 -0.000107584 -0.000323369 -4.7184e-05 0.000363678 -0.000149618 -0.000113549 -0.000500033 0.00094554 -2.16495e-06 -0.000231217 -0.000902226 -0.000153849 -0.00137715 -0.00112424 -0.000711587 -6.29772e-05 -1.54592e-05 0.000193462 0.00051705 -5.3241e-05 -1.496e-05 -0.000258977 0.000411451 -0.000226032 -8.66754e-07 -1.67663e-05 0.000565552 0.000968154 0.00101601 0.00189147 0.000563227 -0.000280859 -0.00025757 8.17482e-05 2.7376e-06 -0.000354624 -8.8518e-07 0.000214358 -5.65949e-05 -0.000177808 -0.000130595 2.24767e-05 -0.000150527 -4.14676e-05 -0.000302423 -5.97494e-05 -1.47773e-05 5.47763e-05 -4.98375e-06 4.03179e-05 6.6578e-05 -0.000129391 -0.000193072 -0.000106973 -0.00102192 -0.000943841 5.86231e-06 0.000932263 -0.00127693 -0.000317212 9.59792e-06 0.00129372 0.000409107 -0.00168724 
0.0534446 -0.00076535 -0.00778201 -0.000470968 0.149218 -0.00926863 -0.00112584 -0.00108643 -0.00983241 -0.00295551 -0.00242696 -0.00127014 -0.00475772 -0.0458035 -0.00926185 -0.0257052 -0.00447851 -0.00748152 0.026301 -0.000409711 -0.00893912 0.00195191 -0.0979212 -0.00875512 -0.0306314 -0.00291193 0.00062809 -0.00216618 -0.031313 -0.0159966 -0.0150604 -0.0193614 0.0198074 -0.000450931 -0.000123161 0.0221372 -0.00628405 -0.0255114 -0.00232018 -0.016685 -0.0089924 0.0595182 0.00288526 -0.00408723 0.0157461 -0.0134615 0.0203758 0.000141196 0.0722438 0.0694913 0.0768985 -0.0066937 -0.00131115 -0.0031327 0.000162376 -0.0047225 0.00118557 -0.0196129 0.02245 -0.0235206 -0.000838645 -0.000765807 -0.00939672 -0.00612146 -0.0153828 -0.0498126 -0.0416046 -0.0286294 -0.0149476 -0.00176294 -0.0026308 -0.00680699 -5.77033e-05 -0.00459306 -0.00105713 0.00365903 -0.00486504 -0.0106928 -0.0102367 0.000444025 -0.0139066 -0.00540514 0.043874 -0.00272907 -0.000365487 -0.0024582 -0.0234003 -0.00682087 -0.0181768 0.00569871 0.0405677 0.0351283 -0.0050681 -0.013967 0.0830122 0.0060161 -0.000736739 -0.0640717 -0.00509506 0.044265 
-0.031273 0.000581542 0.000174277 -0.000139445 -0.00926863 0.0485838 0.00384963 0.00356846 -0.00046054 -0.000950116 0.00828051 -0.000368332 -0.00115842 0.0167954 -0.0084408 -0.00783019 -0.00811445 -0.00166113 -0.0114798 -8.80852e-05 -0.0028182 -0.00351395 -0.0255161 -0.00191823 0.00498596 -0.00141906 0.00285379 -0.000411408 0.00310815 -0.0041039 0.00315164 0.00642497 -0.0257211 0.000335734 -2.4629e-05 -0.0021788 0.0311793 0.000937089 -0.00057171 0.0399785 0.029726 -0.0294881 -0.00760807 -0.00151352 -0.0011079 0.0248397 -0.012384 -0.00567558 -0.0238699 -0.0184577 -0.0247607 0.0287589 0.00111233 -0.000739301 -0.000812389 -0.00200298 -0.000782865 -0.00947217 -0.014278 0.0190019 -0.000168026 -8.61715e-05 -0.00290612 0.00213253 -0.0247452 -0.0124725 0.00129828 0.0351365 -0.00542491 0.00533924 0.0119286 -0.0056975 0.000174498 -4.96276e-05 0.000566793 0.0286237 0.00936555 -0.00256258 0.031948 -0.000786332 -0.000158366 -0.000394085 -0.00885258 0.0119999 0.00101954 0.00681447 -0.00513916 -0.0013207 0.00634585 -0.000313163 0.0153373 -0.0288692 -0.0014815 -0.00722002 -0.0142051 -3.09248e-05 0.000927141 0.00504031 -0.00292847 -0.02403 
-0.004011 6.64139e-05 -0.000223471 -1.55912e-05 -0.00112584 0.00384963 0.0067417 -5.24193e-05 9.89657e-05 3.7692e-05 0.00105801 6.54015e-05 0.000104756 0.00073884 -0.00049345 -0.000459907 -1.71924e-05 -0.000268763 -0.000108658 -1.3481e-05 -7.91037e-05 0.000186762 -0.00205636 -0.000163827 -0.00151539 -0.00015446 0.000932797 -1.2155e-05 -0.00100063 -0.00023889 -0.000500717 0.00202882 -0.00532526 0.000169069 6.11475e-05 -0.000269488 0.00398206 -0.000677761 -9.00609e-05 0.00367218 0.00386624 -0.00365589 -0.00056676 5.84602e-05 -0.000261958 0.00266711 -0.00162508 -0.000529388 -0.00347453 -0.0026555 -0.0031447 0.0033547 0.000271116 -6.58269e-05 0.000647444 -0.000289747 -8.5967e-05 -0.000145056 1.53125e-05 0.00298901 5.61442e-05 -3.4369e-05 -0.000158726 -0.000263288 -0.00189344 -0.00103504 -0.000703216 0.0029035 -0.00040461 -0.000131894 0.00092056 -0.00083732 0.000101051 -0.000173742 0.000637374 0.00349995 0.000838932 -0.000204704 0.00427504 0.00105544 -0.000888573 -0.000110215 -0.000771471 0.000129835 -4.38556e-06 0.00100855 -0.000778818 -7.48064e-05 -0.000955295 0.000223528 9.93036e-05 -0.00323589 -0.000130832 -9.43222e-05 -0.00283552 0.000262857 0.000157055 0.000300574 -0.000278155 -0.00276041 
-0.00386174 0.000186749 -0.000162778 0.000181758 -0.00108643 0.00356846 -5.24193e-05 0.00793365 -3.32093e-05 -5.71703e-05 0.00236372 -1.69594e-05 -0.000171238 0.000367221 -0.00135822 -0.000850028 -0.000624536 -0.000343018 -0.00125449 0.000130564 0.000131069 -0.000546162 -0.0023865 -0.000328449 0.00262256 -0.000215043 4.63822e-05 0.000327432 0.00157326 0.000149109 0.00375344 -0.000426386 0.000424282 -4.45922e-07 -4.40811e-06 -0.000219314 -0.000159122 -0.000203885 4.29714e-05 0.00555372 -2.85155e-05 -0.00422347 -0.00123359 0.000676772 -9.53073e-05 -0.000729312 -0.00214639 -0.0010212 -0.00359148 -0.00246896 -0.00364743 -0.000149886 -5.92562e-05 0.000935496 -5.38267e-05 -0.000342009 -0.000110709 -0.00139888 -0.00213836 -0.000585714 -1.36647e-05 -2.07028e-05 -0.000418156 0.00295452 -0.00295443 -9.71186e-05 0.00372396 0.00486776 -0.000380752 9.52662e-05 0.00285935 -0.000952631 -2.0139e-06 0.00154186 -3.18598e-05 -0.000280961 0.00509174 -0.000343312 0.00115203 -9.69132e-05 0.000188302 0.000235113 -0.000583437 0.000187309 0.000436441 -0.000109801 -4.04067e-05 -0.000317898 0.00376767 -0.000155086 0.000882042 -0.00478383 0.000237473 -0.000395409 -0.00237762 -0.00079978 0.000242953 -0.00211138 0.000745686 -0.0045247 
-0.0295574 0.000748207 0.00243343 -0.000153391 -0.00983241 -0.00046054 9.89657e-05 -3.32093e-05 0.0725411 0.00502597 0.00272847 -0.000319943 0.00437419 -0.00179513 0.0030758 -0.00625552 0.012543 -0.00302232 -0.0172453 -0.000216443 -0.000585193 -0.00270837 0.0066703 -0.000894719 0.00720234 -0.000763904 0.000109569 0.00551401 0.00923768 -0.000443742 0.0172056 0.00658181 -0.0169196 0.00141874 0.000196361 -0.00197569 -0.000448618 -0.00688208 0.0116007 -0.000264362 0.0007136 -0.0219691 0.0106985 0.00489085 -0.00266464 -0.00312385 0.00968019 0.029696 -0.0178328 -0.0329154 -0.0144497 -0.0027838 0.0105342 0.00648266 0.00127721 0.00419259 0.000493352 -0.00479381 -0.0100374 -0.00446447 0.00099669 0.000711553 0.00305624 0.00976182 -3.99184e-05 0.0133184 0.0208046 0.0184557 -0.00929931 -0.000476924 0.00128813 0.000198885 -2.28329e-05 0.00354896 -0.00141706 0.00139572 0.00176984 0.00250599 -0.00411487 0.00630415 0.0104379 0.00157698 -0.00985769 -0.000985945 -0.000149874 -0.0004402 0.0197201 1.71542e-05 0.0156599 -0.00235434 -0.0262149 -0.0447092 0.00499448 0.0154974 -0.0242567 -0.0083289 -9.33834e-05 -0.00824267 0.00049792 -0.0436664 
-0.00957543 -3.09153e-05 -0.000530107 -2.44895e-05 -0.00295551 -0.000950116 3.7692e-05 -5.71703e-05 0.00502597 0.0189375 0.000159584 -4.52884e-05 0.00789664 -0.00203482 -0.00291882 -0.0017402 -0.00168268 -0.000563401 -0.00319853 -3.89667e-05 0.000277675 -0.000791117 0.00545005 0.00152137 0.00680335 -0.000453167 -8.1273e-05 -9.23578e-05 0.00858666 0.00105342 0.0117819 -0.00116894 -0.00165648 0.000699222 0.000169516 -0.000635918 -0.000648112 -0.00344645 0.000466051 -0.000656193 -0.000881444 -0.00593559 -0.00253026 5.67857e-05 0.000687711 0.000213453 -0.00417484 0.000998111 -0.0098359 -0.00844009 -0.00850945 0.00048713 -0.000211548 0.00200923 -0.000293161 0.000685984 -0.000301751 -0.00281039 -0.00396252 0.000268565 0.000782043 -0.000109098 -2.16248e-05 0.00221231 -0.00652504 0.0103856 0.0105876 0.00884934 -0.00195067 0.00115533 -0.000240298 0.000953519 -6.01051e-06 -0.000473921 -0.00032891 -0.000826464 0.00390639 0.0056156 -0.00101435 -0.000164402 0.00675458 0.00204971 -0.00122887 -4.08812e-05 2.8014e-05 0.000858064 0.00904112 -0.000805523 0.00241134 -0.000788046 -0.00781998 -0.0108099 -0.000523849 -0.002257 -0.00369084 -0.00195946 -7.63396e-05 -0.00325777 9.94684e-05 -0.0111809 
-0.00792744 0.000438967 -6.82305e-05 -3.38831e-05 -0.00242696 0.00828051 0.00105801 0.00236372 0.00272847 0.000159584 0.0133454 -0.000125764 -3.69132e-05 0.00155311 -0.00159895 -0.0021161 -0.00152544 -0.000505561 -0.00332997 -8.3445e-06 -0.000546333 -0.000766026 -0.00717183 -0.000700228 0.00173874 -0.000361236 0.00115552 0.000603059 0.00442501 -0.00125738 0.00472251 0.00109829 -0.00504979 0.000736102 6.81081e-06 -0.000430716 0.00403831 -0.000946502 0.00200399 0.00993499 0.00232835 -0.00833095 -0.00176162 -8.83076e-05 -0.000606256 0.00162595 -0.0027204 0.00157383 -0.00706837 -0.00477558 -0.00602221 0.00193322 0.000819899 0.000853683 -0.000213117 -0.000540472 -0.000136111 -0.00245165 -0.00390298 -0.0004853 7.02541e-05 3.54514e-05 -0.000466433 0.00407102 -0.00665706 -0.00298298 0.0042792 0.00986515 -0.00159808 0.000640093 0.00670397 -0.00140119 4.39089e-07 0.000545889 -0.000165781 0.00223137 0.00627599 -0.000265386 0.00356837 -0.000146768 0.00215174 -8.61281e-05 -0.00232694 0.000228883 0.000555735 0.00147469 -0.00016068 -0.000292752 0.00521176 1.39072e-05 0.00145449 -0.00851541 -0.000134184 -0.00157569 -0.00226977 -0.000935255 5.54583e-05 -0.00430012 -0.000616336 -0.008026 
-0.00239964 2.55871e-06 -0.000234192 -1.88057e-05 -0.00127014 -0.000368332 6.54015e-05 -1.69594e-05 -0.000319943 -4.52884e-05 -0.000125764 0.00932032 -0.000104373 -0.000988015 -0.000922815 0.00421062 0.00149958 0.000683589 -0.0001279 9.26337e-05 -0.000624034 -0.000146603 5.21538e-05 -0.000312866 -0.00152651 0.000626577 -3.35693e-05 0.000117988 -0.000214767 0.00148386 -0.000455294 0.0017369 -0.000167147 0.000279315 0.000240907 8.51616e-06 -0.000322487 -0.00140057 -0.000113117 -0.000608049 -0.000472306 -0.00504733 0.00151946 0.000440423 -0.000416231 -0.0004273 -0.000277076 4.53621e-06 0.000138839 0.000795231 -0.00415262 -0.000381594 -2.58289e-05 -8.76369e-05 0.000432676 -9.56046e-05 -0.000117889 0.00495093 -0.00213031 0.000878401 0.000251465 0.000190287 -0.000479252 -0.000399808 -0.00431014 -0.00222489 -0.000654299 -0.00132529 0.0049487 -0.00017771 -0.000148599 0.00213034 7.21244e-06 0.000188828 0.000591807 -0.00022676 -6.65843e-05 0.000362173 -2.10032e-05 0.000414584 0.000125623 1.28719e-05 0.00309224 -0.000135575 -3.1188e-07 -0.000105563 -0.00111159 0.00524702 -0.00118253 0.000826128 -0.00449735 0.00156384 0.000773447 -0.000235814 -0.00227131 -0.000631522 0.000301799 -0.00405333 5.7422e-05 9.09165e-05 
-0.0144785 -8.93639e-05 0.000430698 -3.99426e-05 -0.00475772 -0.00115842 0.000104756 -0.000171238 0.00437419 0.00789664 -3.69132e-05 -0.000104373 0.0264933 -0.00485973 -0.0035779 -0.00415853 -0.00189819 -0.000505544 -0.00459624 -9.36406e-05 -0.00121319 -0.00168632 0.00915993 -0.00101612 0.0125883 -0.00062236 -0.000118171 -0.000262586 0.0130192 -0.00189089 0.0198453 -0.000240178 -0.00213626 0.000659789 0.000182355 -0.000799429 -0.000775436 -0.00614133 -0.000189658 -0.00092109 -0.00107085 -0.0125675 -0.00280333 -0.00174607 -0.00104483 -0.00328129 -0.00617324 -0.000951959 -0.0156068 -0.0115159 -0.0131066 -0.000698829 -0.000443689 0.00173377 -0.000118409 0.00699532 -0.000409914 -0.0032944 -0.00672925 0.000680016 0.0015996 -0.000107971 -0.00147262 0.00359287 -0.0108521 0.012474 0.015646 0.015789 -0.00244335 -0.000261037 -0.000400757 0.00610953 -8.12331e-06 -0.000482423 -0.000430951 -0.00132124 0.0103854 0.0107386 -0.000879645 0.00129604 0.0143415 0.00325374 -0.000489928 -0.000327461 -6.48183e-05 -0.000442129 0.0166842 -0.00112341 0.0101467 -0.0010206 -0.0126666 -0.0165933 -0.000523917 -0.000972628 -0.00990662 -0.00264111 -0.00010432 -0.00649107 0.00166258 -0.015753 
-0.0564015 0.000484349 0.0074259 -0.00013403 -0.0458035 0.0167954 0.00073884 0.000367221 -0.00179513 -0.00203482 0.00155311 -0.000988015 -0.00485973 0.207346 0.000557888 0.0178802 -0.00861108 -0.000157152 -0.0167661 0.00230371 -0.00584844 -0.016283 0.0319069 0.0177788 0.01574 -0.00416625 0.000540261 0.00239217 -0.0192678 0.029771 -0.0183168 0.00691469 -0.0136076 0.000286485 -0.000191407 -0.00639856 0.0174092 0.0534754 3.86243e-05 0.0241216 0.027419 -0.0273907 -0.000272953 -0.00996939 -0.00984249 0.0603231 -0.00993157 -0.0271712 -0.0321571 -0.0769695 -0.0308594 0.0142668 0.000957769 0.000227284 -0.0036672 -0.0113602 -0.00423022 -0.0211772 -0.0434296 0.0124638 -0.00108873 -0.00148201 -0.000763748 -0.0159415 0.0153808 0.0293577 0.021656 0.00985735 -0.0147207 0.000198398 0.002321 -0.0291313 -7.04008e-05 -0.00158376 -0.00289159 0.0111632 0.00248624 0.00255335 0.0233374 -0.0025445 -0.0162172 -0.00359465 -0.0368347 0.0074264 2.40574e-05 0.0062974 -0.00756556 -0.00822539 -0.0155272 -0.00744961 0.0573491 0.00156995 -0.00400621 -0.0164758 -0.084101 -0.0205885 -0.000724363 0.10033 -0.0102081 -0.0309988 
0.030325 -0.000230122 -0.00748837 5.43987e-05 -0.00926185 -0.0084408 -0.00049345 -0.00135822 0.0030758 -0.00291882 -0.00159895 -0.000922815 -0.0035779 0.000557888 0.145428 -0.0117513 0.0291617 -0.00246142 -0.0303202 -2.48693e-05 -0.00545047 0.00767279 0.0154727 -0.00758814 -0.0362033 -0.000690254 -0.000861661 -0.000389372 -0.0256276 -0.0153459 -0.0158736 -0.00463754 -0.000437731 -0.000287749 -2.3214e-05 0.0026167 -0.00531168 -0.0102614 0.000223956 -0.014933 -0.00787973 0.0359369 0.0313945 -0.00771499 -0.00453742 -0.0215423 0.0312989 0.0268164 0.0034755 0.0158116 0.0576589 -0.00545248 0.000929281 -0.00297331 0.00470489 0.000906976 0.0102943 0.0204076 0.0626662 -0.0179738 -0.000682114 0.00263123 0.0103448 -0.00997325 0.00155745 -0.0248236 -0.0412172 -0.0229263 -0.0118909 0.00241005 -0.00278871 0.0101428 -3.23889e-05 -0.00408563 -0.00227342 -0.00563698 -0.0152156 -0.00355028 -0.00444234 0.00716052 -0.0179777 -0.0054328 -0.0256356 -0.00237526 -0.000408955 -0.00134799 -0.026086 0.00405514 -0.0258613 -0.00564943 -0.0178746 0.00443925 -0.00284483 0.0166234 -0.008654 0.0013855 -0.0007233 -0.00281189 -0.0103037 -0.00126901 
-0.0234929 -0.000107474 0.00588826 2.41761e-05 -0.0257052 -0.00783019 -0.000459907 -0.000850028 -0.00625552 -0.0017402 -0.0021161 0.00421062 -0.00415853 0.0178802 -0.0117513 0.13902 -0.0129388 0.0201804 -0.00873947 0.000949715 -0.00199418 -0.00439589 0.0247594 0.0278911 0.0170559 0.0101485 -0.000934667 0.00503912 0.00194695 0.0574618 -0.0108675 0.00719045 -0.0271108 0.000209988 -7.30365e-05 -0.00592294 -0.00579872 0.00402272 0.000789073 -0.0122772 -0.00422059 -0.0605043 0.00574483 -0.00816202 0.00127001 0.00650004 -0.0124055 -0.0115465 -0.0445995 -0.0261175 -0.0535917 -0.00347682 0.00450256 0.00321774 0.00131555 -0.000191422 -0.00223462 -0.00168405 -0.0389295 0.0162834 0.000228192 -0.000163484 -0.00314466 -0.00775272 -0.00367767 0.032378 0.0275433 -0.0232635 0.0225575 0.00176019 -0.0011081 -0.00834586 7.51446e-05 0.0141911 0.00702279 -0.00541562 -0.00591417 -0.00191845 -0.0031904 -0.000735719 -0.0157415 -0.000252026 0.013332 -0.000821453 0.000182356 0.00425364 -0.00161223 0.00641531 -0.0145258 -0.00456654 -0.0260936 0.0279404 0.0151959 0.00356166 -0.0372664 -0.00630591 0.00147005 0.0471266 0.00970785 -0.00344405 
-0.0278783 0.000356907 -0.0066156 0.000547083 -0.00447851 -0.00811445 -1.71924e-05 -0.000624536 0.012543 -0.00168268 -0.00152544 0.00149958 -0.00189819 -0.00861108 0.0291617 -0.0129388 0.137645 -0.00190734 0.00076655 -0.000390392 0.00591036 -0.00595852 0.0292069 -0.00681999 -0.0294105 -0.00254608 -0.000859137 0.00435035 -0.0247719 -0.00993152 -0.0129617 0.0394267 -0.020062 0.000249457 -8.84744e-05 -0.00636174 -0.00547879 -0.0309304 0.00208325 -0.0142274 -0.00665847 0.0216516 0.06227 0.0251757 -0.00558311 -0.0117293 0.0397398 0.0531902 0.0307335 -0.0444351 0.00956179 -0.00526955 0.00511996 0.00680978 0.0114243 -0.00729116 -0.00148077 0.0626989 0.0475829 0.0200306 0.00083187 -0.000893991 -0.00187628 0.00202608 0.0105307 -0.0301252 -0.0294389 -0.0245985 0.0193745 -0.0020779 -0.00258335 -0.0196035 -5.21087e-05 0.00143861 -0.000988656 -0.00484025 -0.0102805 -0.00521003 -0.00412052 0.0130486 -0.0144645 -0.0020868 -0.0082678 -0.00221517 -0.000389648 -0.00202629 -0.0233677 0.00352828 -0.0180311 -0.000962225 -0.0673912 -0.0445132 -0.000611987 0.0556689 -0.0460912 -0.0159896 -8.4615e-05 -0.033314 0.0199785 -0.0401275 
-0.00987968 3.99425e-05 0.000347375 -6.24441e-05 -0.00748152 -0.00166113 -0.000268763 -0.000343018 -0.00302232 -0.000563401 -0.000505561 0.000683589 -0.000505544 -0.000157152 -0.00246142 0.0201804 -0.00190734 0.0416534 0.00262157 0.000108017 0.000435757 -0.000330074 0.00376387 0.00595246 -0.00244589 0.00579554 -0.00023659 -0.000323051 -0.00671263 0.00687628 -0.00336306 0.00838649 -0.011515 0.000114523 -7.14155e-06 -0.000816032 -0.00116845 -0.00427025 -0.000613078 -0.00352466 -0.000655323 -0.0161482 0.00772973 -0.00278757 -0.000478238 0.00469297 -0.00828848 -0.00423357 -0.0159733 -0.00304642 -0.013246 -0.000234153 0.000818669 -0.000686855 0.000786367 0.00429748 -0.000586488 0.00553143 -0.00732029 0.0100476 0.000218809 -6.67394e-05 -0.00217619 -0.0020408 -0.0113102 -0.000116151 0.00231333 -0.00627528 0.0134782 0.000420208 -0.000448691 0.000839776 9.44662e-06 0.00734718 0.00131978 4.2723e-05 0.00238306 0.00309868 -0.00244703 -0.000455277 -0.00290175 0.000324089 0.0100091 0.000191673 0.000362256 0.00113484 -0.00360763 0.00379488 -0.00601336 -2.43949e-05 -0.0171499 0.0119668 0.00617285 -0.00234066 -0.0110098 0.00234967 0.000431316 -0.000278941 0.00575884 0.00166209 
0.00875039 -0.00108161 -0.0090819 -0.000753195 0.026301 -0.0114798 -0.000108658 -0.00125449 -0.0172453 -0.00319853 -0.00332997 -0.0001279 -0.00459624 -0.0167661 -0.0303202 -0.00873947 0.00076655 0.00262157 0.187366 -0.000768837 -0.0106486 0.0126752 -0.0223019 -0.0105164 -0.048533 -0.000863625 -0.000440808 -0.00147819 -0.0443981 -0.01029 -0.020097 0.0448958 0.0194791 -0.000530233 -0.000160511 0.00838824 -0.00871242 -0.0116834 -0.00328819 -0.0235087 -0.00487313 0.0339577 -0.0284569 -0.0171734 -0.00402497 -0.0138199 -0.0564018 -0.0320152 0.0622492 0.0525432 0.00950265 -0.0101072 -0.00314515 -0.00098255 -0.00334251 -0.0025577 0.000499228 0.0502475 0.0543189 0.0467671 -0.000423725 -0.00123591 -0.00915695 -0.00894259 -0.0251961 -0.0526994 -0.059769 -0.0411244 0.0537244 -0.0049748 -0.00450546 -0.0114262 -5.0087e-06 0.00591722 0.002026 -0.0140271 -0.00909182 -0.00440376 -0.00858682 -0.00270037 -0.0336815 -0.00534228 0.0630509 -0.00388872 -0.000538356 -0.00410889 -0.0231133 0.00452383 -0.0330643 0.000824173 -0.00612245 0.0673403 0.006318 -0.0279938 0.0320997 -0.0130936 -0.000740821 -0.046117 0.0175106 0.0846138 
-0.00234873 9.84602e-05 0.000689884 -4.05112e-06 -0.000409711 -8.80852e-05 -1.3481e-05 0.000130564 -0.000216443 -3.89667e-05 -8.3445e-06 9.26337e-05 -9.36406e-05 0.00230371 -2.48693e-05 0.000949715 -0.000390392 0.000108017 -0.000768837 0.00388768 9.44285e-05 -8.25571e-06 0.000929126 0.00139481 0.00065955 -8.77803e-05 4.17816e-05 -2.71778e-05 -0.000170097 0.00145551 -0.000299008 1.20482e-06 -0.000398629 -7.56867e-06 7.67889e-07 9.03743e-05 -2.92893e-05 -0.000131627 -6.39598e-06 0.000507357 0.000172157 -0.0013869 -0.000491157 -0.000146958 1.54235e-05 0.000247751 -0.000711245 -0.00053825 -0.00109942 -0.00103604 -0.00142847 -8.24197e-05 7.77167e-06 -6.53353e-05 -5.13912e-05 0.00012794 0.000102227 -0.00034896 -0.000867842 -0.000265575 -1.5382e-05 9.55752e-05 -8.69765e-05 -0.000126514 0.000730361 0.00164982 0.00133562 0.000345971 -0.000373753 0.000221346 -1.591e-07 -0.000159415 -1.10405e-06 -0.000106207 -1.80145e-05 -0.000136295 0.000406782 -0.000113451 0.000410616 -5.80907e-05 -0.000340108 1.75824e-05 -0.000440805 3.33005e-05 3.12543e-05 0.000172257 -0.00053267 0.000379763 0.000116939 2.12953e-05 0.000166591 0.000189103 -6.28494e-05 -0.000487954 -0.00153594 -0.000389147 -1.19077e-05 0.000964975 -0.000209563 -0.00210035 
0.0141028 0.00101798 -0.00120666 0.000839701 -0.00893912 -0.0028182 -7.91037e-05 0.000131069 -0.000585193 0.000277675 -0.000546333 -0.000624034 -0.00121319 -0.00584844 -0.00545047 -0.00199418 0.00591036 0.000435757 -0.0106486 9.44285e-05 0.0643846 0.00670351 0.0149128 0.0073166 -0.000647947 -0.00181937 -0.000346043 -0.000740331 -0.00490941 0.00174298 -0.0017331 -0.00791583 -0.0139941 -8.33375e-05 -2.46357e-05 -0.000279024 -0.00224667 -0.00651994 -0.000904373 -0.00197651 -0.00320806 0.0134436 -0.00811039 0.00906555 -0.00290543 -0.00403066 -0.0142006 0.00388781 -0.0214892 -0.0120168 0.00494345 -0.000567439 -0.000646464 0.0019053 0.00288311 -0.00287547 -0.000741616 -0.00446507 0.00527051 -0.00593133 -0.000339987 -9.46366e-05 0.0219157 0.00828774 0.0224433 0.0316334 0.00351961 -0.00389166 -0.00731421 -0.000581377 -0.000891841 -0.00112969 -1.23597e-05 -0.00127515 -0.000408336 -0.00226494 -0.00104707 -0.00330691 -0.00344503 -0.000515397 -0.00888791 -0.000880461 -0.00825472 -6.57646e-05 6.31795e-05 0.0029948 0.00640247 -0.00271739 -0.00656842 0.00161587 -0.0191216 -0.00875116 -0.00154058 0.0134164 -0.0171706 -0.0051975 -0.00015267 0.0194605 0.00161435 -0.0215268 
0.00620125 -0.000163887 -0.00310124 0.000137554 0.00195191 -0.00351395 0.000186762 -0.000546162 -0.00270837 -0.000791117 -0.000766026 -0.000146603 -0.00168632 -0.016283 0.00767279 -0.00439589 -0.00595852 -0.000330074 0.0126752 -8.25571e-06 0.00670351 0.0674008 -0.00285013 -0.00302185 -0.0165806 -0.00134804 -0.000407739 -9.6426e-05 -0.0128724 -0.00624515 -0.00605324 0.00635274 0.00496614 -7.34539e-05 -9.87628e-06 0.00376199 -0.00253189 -0.00630953 0.000542233 -0.00681927 -0.00369972 0.00514409 -0.0117095 -0.00389824 -0.00057099 -0.010719 -0.0108593 -0.00880827 -0.0041228 0.03067 0.0171544 -0.000270017 0.00029151 -0.000812002 -0.00106971 0.00158705 0.00370044 0.00298114 0.0348705 0.00177053 -0.000177066 0.000559928 0.0203415 -0.00252085 -0.00215833 -2.12438e-05 -0.0184678 -0.010515 0.00600742 0.00336894 -0.00103259 -0.00358118 -2.27174e-05 0.000736212 -0.000792258 -0.00418151 -0.00480817 -0.00511818 -0.00439539 -0.00110455 -0.0101813 -0.0022709 0.0100863 -0.001058 -2.28646e-05 -0.00054494 -0.010835 0.00025242 -0.00922161 -0.00153227 -0.0157853 0.0161358 0.00421854 -0.00954063 -0.000714281 -0.00559467 -0.000245127 -0.00426037 0.00108334 0.0133499 
-0.0623102 0.000631627 0.0136623 0.000825507 -0.0979212 -0.0255161 -0.00205636 -0.0023865 0.0066703 0.00545005 -0.00717183 5.21538e-05 0.00915993 0.0319069 0.0154727 0.0247594 0.0292069 0.00376387 -0.0223019 0.000929126 0.0149128 -0.00285013 0.232075 0.0178656 0.0471497 -0.000373167 -0.00339286 -0.00451447 0.0458546 0.0237698 0.0165937 0.0177467 0.00337211 -0.0010662 -0.000232461 -0.0250235 -0.021967 -0.0235946 -0.00711783 -0.0127089 -0.0183575 -0.0449467 0.0100023 0.0156894 -0.0101665 -0.0178077 -0.0288651 0.00868638 -0.0590268 -0.0955163 -0.0845526 -0.0180606 -0.00354511 -0.00147282 0.00300824 -0.000338203 -0.0080628 0.0255303 0.00827955 0.0140855 0.00114951 -0.00195873 0.0173163 0.00643431 0.0594394 0.105609 0.0751295 0.00458494 0.0155275 -0.00216271 -0.00945949 -0.00352356 -9.91394e-05 -0.00974945 9.12259e-05 -0.0330575 0.00592008 0.0215422 -0.0158961 0.00208858 0.0220144 0.00854179 -0.0324124 -0.00867715 -0.00105551 -0.00388687 0.0385742 0.000892455 0.0199901 -0.00964364 -0.0681223 -0.0280706 -0.00794505 0.0375577 -0.11784 -0.0227947 -0.00191451 0.0552627 0.00292951 -0.0562143 
-0.0143184 0.000311274 0.00495598 -3.15052e-05 -0.00875512 -0.00191823 -0.000163827 -0.000328449 -0.000894719 0.00152137 -0.000700228 -0.000312866 -0.00101612 0.0177788 -0.00758814 0.0278911 -0.00681999 0.00595246 -0.0105164 0.00139481 0.0073166 -0.00302185 0.0178656 0.0491971 0.0217438 -0.000939259 -0.00027972 0.00030391 -0.00698111 0.0287952 -0.0019284 -0.005358 -0.0103935 -0.000100336 2.94054e-06 -0.0024773 -0.00129204 0.000106477 -0.000731696 -0.00378871 -0.00104173 -0.0161417 0.000937103 -0.000523974 -0.00167044 0.00759011 -0.00989781 -0.00395314 -0.0222796 -0.0231289 -0.0242602 -0.000359713 0.00144122 -0.00037552 0.000306408 -0.00175902 -0.000799945 -0.00785278 -0.0119107 -0.000411889 -0.000221343 -0.000270115 -0.00085053 -0.0021934 0.0152558 0.0325796 0.0262052 -0.0033767 -0.00465749 3.72311e-05 -0.00019356 -0.00288587 6.66774e-06 -0.00117949 -0.000677449 -0.00182395 -0.00312771 -0.0027613 0.00114924 -0.000663299 -0.00681275 -0.00144553 -0.00190351 0.000196268 7.93329e-05 0.00384329 0.00465734 -0.00222603 -0.00487292 -0.00209717 -0.0120777 0.00404856 -0.00102752 0.012805 -0.0219359 -0.00358331 -0.000108903 0.0245717 -0.00180571 -0.0190454 
-0.0414307 -0.000414932 0.0123284 0.000496886 -0.0306314 0.00498596 -0.00151539 0.00262256 0.00720234 0.00680335 0.00173874 -0.00152651 0.0125883 0.01574 -0.0362033 0.0170559 -0.0294105 -0.00244589 -0.048533 0.00065955 -0.000647947 -0.0165806 0.0471497 0.0217438 0.179128 -0.00421688 -0.000956662 -0.00164777 0.0775844 0.0259012 0.0500001 -0.0293945 0.00778459 0.000153513 9.74687e-06 -0.00590823 -0.00358359 -0.0188819 -0.00115421 0.0153409 -0.00480582 -0.0840678 -0.0271305 0.00853761 -0.00635662 -0.0143659 -0.026679 0.00364873 -0.074653 -0.0866977 -0.101828 -0.000777661 -0.00197262 -0.00272929 -0.00370007 0.00963646 -0.00374191 -0.0451539 -0.0652499 -0.020535 0.000518352 -0.000705471 -0.0121506 0.0113866 0.0186083 0.0914237 0.130061 0.0655726 -0.0207118 -0.0018151 0.000360576 0.000534186 -6.51063e-05 -0.00185297 -0.00412958 -0.00816313 0.0284686 0.015832 0.0041033 -0.00385574 0.0625085 0.00344202 -0.0185497 -0.00112257 -0.000376806 -0.00292558 0.0842743 -0.0100005 0.0475631 -0.00905624 -0.00712454 -0.0754146 -0.00331538 0.0192895 -0.0276366 -0.00652535 -1.44087e-05 0.0382188 -0.0082951 -0.0816708 
0.000698346 -0.00012849 -0.00110282 -8.19674e-05 -0.00291193 -0.00141906 -0.00015446 -0.000215043 -0.000763904 -0.000453167 -0.000361236 0.000626577 -0.00062236 -0.00416625 -0.000690254 0.0101485 -0.00254608 0.00579554 -0.000863625 -8.77803e-05 -0.00181937 -0.00134804 -0.000373167 -0.000939259 -0.00421688 0.028477 0.0001885 -0.000194827 0.000252829 -0.00194212 -0.00222866 0.00327888 -0.0104701 -3.89641e-05 -1.15219e-05 0.000112791 -0.0010151 0.00178664 0.000142204 -0.00222481 0.000646325 -0.00451932 0.00566181 -0.00207238 -0.00112422 0.00316 -0.00209376 -0.000397706 -0.00230747 -7.55082e-05 -0.00280122 -0.00119381 0.00098105 0.000116672 0.000751465 -0.000667032 -0.00030224 0.00265902 -0.00277527 0.010255 6.02503e-05 -0.000106669 -0.00136553 -0.00161906 -0.0117038 -0.00853745 -0.00776348 -0.00418257 0.0113707 -0.000591461 -0.000384625 -0.000711469 0.000105182 0.000782801 0.00489178 0.0025664 -0.00206586 -0.000984894 -0.00150854 -0.000122996 -0.0021576 0.00476517 -0.000822844 -0.000416465 9.0515e-05 -0.000106983 -0.00343238 0.00165356 -0.00203778 -0.000118694 -0.00468558 0.00667551 0.000866085 -0.00331036 0.00264526 -0.000922015 0.000739547 0.000756378 0.00147852 0.00819343 
-0.00149457 0.000254975 -0.000221733 -1.47944e-05 0.00062809 0.00285379 0.000932797 4.63822e-05 0.000109569 -8.1273e-05 0.00115552 -3.35693e-05 -0.000118171 0.000540261 -0.000861661 -0.000934667 -0.000859137 -0.00023659 -0.000440808 4.17816e-05 -0.000346043 -0.000407739 -0.00339286 -0.00027972 -0.000956662 0.0001885 0.00571946 -4.50433e-05 -0.000612774 -0.000226093 -0.00044793 -0.000652311 -0.00272243 0.000102901 4.28562e-07 0.000582298 0.002778 9.57896e-05 -6.7183e-05 0.00281702 0.00195759 -0.001597 -0.000524852 0.000213247 -0.000225519 0.00160156 -0.00139774 -0.000525761 -0.000925735 -0.000876799 -0.000877013 0.00201494 0.00019561 -5.60495e-05 -9.07663e-05 -0.000257366 -8.63565e-05 -0.000661778 -0.00138652 -0.000475919 5.3967e-06 -2.17758e-05 -0.000316346 -3.00447e-05 -0.00250915 -0.00161726 -0.000157275 0.00209637 -0.000619259 0.000295155 0.00179357 -0.000497073 5.18204e-06 -0.000111517 -4.42458e-05 0.00257832 0.00150368 -8.73368e-05 0.0020615 -8.43592e-05 -0.000479363 -0.000163039 -0.000211638 1.96098e-05 9.26854e-05 0.000667387 -0.000565326 -0.00020372 -0.000371049 0.000750626 0.0020484 -0.00188193 -0.000141922 -0.000670232 -0.000246568 0.000475791 2.12553e-06 -0.00167447 0.000207307 -0.00130978 
-0.00481286 9.31517e-05 -0.000413242 -2.98996e-06 -0.00216618 -0.000411408 -1.2155e-05 0.000327432 0.00551401 -9.23578e-05 0.000603059 0.000117988 -0.000262586 0.00239217 -0.000389372 0.00503912 0.00435035 -0.000323051 -0.00147819 -2.71778e-05 -0.000740331 -9.6426e-05 -0.00451447 0.00030391 -0.00164777 -0.000194827 -4.50433e-05 0.0121389 -0.00134392 0.00523653 6.1945e-05 0.00560575 -0.00713341 0.000749296 9.68228e-05 -0.000505979 -5.4901e-05 -0.00272839 0.00593394 -0.000793562 0.000921527 -0.00643008 0.00159772 -0.000124709 -0.00040807 -0.00126454 -0.00142846 0.000891168 -0.00508197 -0.0044524 -0.00513365 -7.10541e-05 0.0036952 0.00648894 -3.23773e-06 0.000343014 0.000725866 0.00347956 -0.00285461 0.000620798 0.000442577 0.000739298 -0.000462754 0.00130078 -0.00480503 -0.00206414 -0.00094001 -0.00018925 0.000353171 0.000211772 0.000440203 -0.000895272 -2.66476e-06 0.00693598 0.000203187 0.000252745 -0.000737058 -0.000979599 6.59529e-06 9.14999e-05 -0.00151461 -0.000314458 0.00166911 -3.88987e-05 6.90353e-05 0.000400634 0.00111335 0.00165156 -0.00102231 -0.000457549 -0.00684671 -0.00658316 0.00707385 0.00266867 -0.00462411 -0.0012567 0.000872879 -0.000653313 0.0051633 -0.00715743 
-0.0490788 -0.000234657 0.019326 -0.000170253 -0.031313 0.00310815 -0.00100063 0.00157326 0.00923768 0.00858666 0.00442501 -0.000214767 0.0130192 -0.0192678 -0.0256276 0.00194695 -0.0247719 -0.00671263 -0.0443981 -0.000170097 -0.00490941 -0.0128724 0.0458546 -0.00698111 0.0775844 0.000252829 -0.000612774 -0.00134392 0.154406 -0.0115067 0.0547555 -0.0160661 0.00122344 8.5569e-05 -6.19606e-06 -0.00512648 -0.0059127 -0.0340474 0.00296199 0.0282978 -0.00971939 -0.0835025 -0.0172735 0.0136405 0.00214536 -0.0178368 -0.018336 0.0125597 -0.0607813 -0.0495886 -0.0850261 -0.00242972 -0.00249052 -0.000189669 -0.002615 0.0092128 -0.00299735 -0.0341054 -0.0529396 -0.0175397 0.000964821 0.000251093 -0.00926911 0.0186909 -0.0189549 0.056175 0.0952635 0.0741091 -0.0115628 0.00215865 0.00323826 0.0252515 -1.5418e-05 -0.00411897 0.000137548 -0.0102052 0.0258474 0.0255443 -0.00437205 -0.00238504 0.0793457 0.0155768 -0.0285632 -0.0022501 0.000104922 -0.0023249 0.0630358 -0.00187022 0.0755207 -0.00527537 -0.00868336 -0.0701419 -0.00456156 -0.00845994 0.00137886 0.00715955 -8.80326e-05 -0.00532234 -0.00923722 -0.0665795 
-0.0250006 0.000228964 0.00582529 0.00049842 -0.0159966 -0.0041039 -0.00023889 0.000149109 -0.000443742 0.00105342 -0.00125738 0.00148386 -0.00189089 0.029771 -0.0153459 0.0574618 -0.00993152 0.00687628 -0.01029 0.00145551 0.00174298 -0.00624515 0.0237698 0.0287952 0.0259012 -0.00194212 -0.000226093 0.00523653 -0.0115067 0.0922225 -0.00315758 -0.00518023 -0.0113515 0.000536561 0.000159494 -0.00403457 -0.00346667 0.0133976 0.00078559 -0.00455207 -0.00113631 -0.026159 -0.00239979 -0.0016147 -0.00226642 0.00636584 -0.0270413 -0.0127965 -0.0374924 -0.0418905 -0.0433135 -0.00331674 0.00227226 0.00432894 -6.64317e-05 -0.000842564 -0.00162875 -0.0104713 -0.0243885 -0.00200551 0.000773541 -0.000483494 -0.00106423 -0.00311585 0.0190702 0.0498008 0.0417156 -0.0157666 0.000502852 -0.00121337 0.000114731 -0.0106685 -2.58362e-05 0.00909588 -0.00014138 -0.00525665 0.00126206 -0.00165507 0.00187408 -0.00170427 -0.0119475 -0.00302757 0.0147298 -0.0011415 -0.000148028 0.00403908 0.00720214 -0.00223925 -0.0122949 -0.00389722 -0.0143096 0.0121275 0.00719548 0.0101714 -0.0411927 -0.00930479 0.00122227 0.0377828 0.00408578 -0.0174934 
-0.042485 -0.000171287 0.00982549 -5.56159e-05 -0.0150604 0.00315164 -0.000500717 0.00375344 0.0172056 0.0117819 0.00472251 -0.000455294 0.0198453 -0.0183168 -0.0158736 -0.0108675 -0.0129617 -0.00336306 -0.020097 -0.000299008 -0.0017331 -0.00605324 0.0165937 -0.0019284 0.0500001 -0.00222866 -0.00044793 6.1945e-05 0.0547555 -0.00315758 0.0823179 -0.00699057 0.00470116 0.000725398 0.000277417 -0.00290887 -0.00314401 -0.0175702 0.00335729 0.0210537 -0.00454895 -0.0457003 -0.0152796 -0.000855731 -0.00161409 -0.0133139 -0.0228017 -0.0023134 -0.051475 -0.0395181 -0.044424 -0.00147212 0.000354294 0.0041505 -0.00140383 0.0172741 -0.0014334 -0.0176467 -0.0256709 -0.00895554 0.00159411 0.000527592 -0.00503622 0.0220221 -0.0177574 0.0409824 0.0598889 0.0600494 -0.00786609 -0.00063201 0.00268854 0.0125815 -2.80642e-05 0.00171654 -0.00133289 -0.00517167 0.0286644 0.0150462 -0.000632098 -0.00150147 0.0396763 0.0123759 -0.0039439 -0.00137514 -0.000120393 -0.00153952 0.0537575 -0.00300328 0.0479708 -0.00353693 -0.0306353 -0.0524916 -0.000396217 -0.0105717 -0.0132155 -0.00896683 0.000834743 -0.0170667 -0.000600136 -0.0537678 
-0.0709752 -0.000133376 -0.00382159 -0.000327524 -0.0193614 0.00642497 0.00202882 -0.000426386 0.00658181 -0.00116894 0.00109829 0.0017369 -0.000240178 0.00691469 -0.00463754 0.00719045 0.0394267 0.00838649 0.0448958 1.20482e-06 -0.00791583 0.00635274 0.0177467 -0.005358 -0.0293945 0.00327888 -0.000652311 0.00560575 -0.0160661 -0.00518023 -0.00699057 0.112141 -0.025093 0.000458061 -1.13425e-05 -0.00537385 0.00788417 -0.0232262 0.0049114 0.00180667 0.0120945 -0.0254289 0.0144319 -0.00746324 -0.003988 0.0148945 -0.0159313 -0.00233166 0.00651568 -0.0142015 -0.0472895 0.00656551 0.00590131 0.00524719 0.00323929 -0.00319061 -0.00161221 0.047191 0.0116776 0.0733015 0.00181361 -0.000691712 -0.00638968 -0.00277224 -0.0448254 -0.0320612 -0.0312543 -0.00540636 0.0522399 0.00211819 -0.000485871 -0.0110834 -3.03832e-06 0.00738342 0.00478096 0.00879468 -0.00387736 -0.00273551 0.00793121 0.00895875 -0.0121777 -0.00103601 0.0224438 0.00433979 0.000493327 0.00348 -0.0171338 0.00773604 -0.010208 -0.00356952 -0.0498281 0.00467733 0.00864947 -0.0033717 -0.0340668 -0.0124256 0.00133012 -0.0239254 0.0214271 0.00259046 
0.0483772 -0.00144338 -0.00665192 -0.000447268 0.0198074 -0.0257211 -0.00532526 0.000424282 -0.0169196 -0.00165648 -0.00504979 -0.000167147 -0.00213626 -0.0136076 -0.000437731 -0.0271108 -0.020062 -0.011515 0.0194791 -0.000398629 -0.0139941 0.00496614 0.00337211 -0.0103935 0.00778459 -0.0104701 -0.00272243 -0.00713341 0.00122344 -0.0113515 0.00470116 -0.025093 0.128044 -0.00160623 -0.000260931 0.00556012 -0.0285723 0.018777 -0.00691636 -0.0288885 -0.030638 0.0469412 -0.0186513 -0.0108881 -0.00138632 -0.0389681 0.0032848 -0.0293982 0.0621363 0.0604805 0.035569 -0.0320673 -0.0109177 -0.00958509 -0.00932652 0.00535819 0.000348252 0.00177086 0.0121099 -0.0378933 -0.00256484 -0.00065411 -0.00745495 -0.00483935 0.0119868 -0.00781264 0.00448925 -0.0304231 -0.00320408 -0.0115333 -0.00618164 0.0140989 -0.000267012 -0.00733349 -0.00556225 -0.0345072 -0.00457101 0.000109787 -0.0266248 -0.0123881 0.0095495 -0.00351232 0.0111672 -0.0136889 -0.00145253 -0.0128737 0.010087 0.00286999 0.00546508 0.00359666 0.039044 0.0564306 -0.0062661 -0.0227054 0.0551753 0.0123882 -0.00232127 -0.0327609 -0.0138254 0.0641273 
-0.00123087 3.14824e-06 3.06798e-05 -5.8832e-06 -0.000450931 0.000335734 0.000169069 -4.45922e-07 0.00141874 0.000699222 0.000736102 0.000279315 0.000659789 0.000286485 -0.000287749 0.000209988 0.000249457 0.000114523 -0.000530233 -7.56867e-06 -8.33375e-05 -7.34539e-05 -0.0010662 -0.000100336 0.000153513 -3.89641e-05 0.000102901 0.000749296 8.5569e-05 0.000536561 0.000725398 0.000458061 -0.00160623 0.00276002 0.000218208 9.10386e-05 0.000333081 -0.000504609 0.000895804 0.000315814 9.65003e-05 -0.00158181 -0.00034732 -0.000187735 -0.000129294 -0.000212326 -0.00063726 0.000135548 -0.00151915 -0.000732033 -0.00118805 8.65574e-06 0.000816499 0.000943125 -2.33386e-05 -7.79382e-05 -1.42603e-05 0.000320467 -0.00076222 -0.000341156 0.000304631 0.000126114 -5.31815e-05 0.000132681 -0.00125956 -0.00012264 0.000853384 0.000588864 -0.000161823 5.72436e-05 0.000340361 -0.000118811 -5.63127e-07 0.000791116 -3.0631e-05 -0.00011604 0.000844166 0.00063577 -8.7268e-05 -3.49385e-05 0.000571161 -6.90741e-05 4.639e-06 -3.29357e-05 9.15244e-06 0.000160008 0.000227103 0.000113147 -0.000227857 -6.19893e-05 -0.00101246 -0.00141853 0.000695827 -0.000304289 -0.000734997 -9.72304e-05 9.08636e-06 -0.000748788 0.000418847 -0.00138731 
