0.000519441 1.29134e-05 2.97523e-05 1.49865e-05 4.14519e-07 6.76818e-06 5.39325e-06 -0.000163446 2.16802e-05 -7.9138e-05 0.000247491 -0.000141465 8.78434e-08 -4.30033e-05 -5.28689e-05 6.622e-07 -9.12663e-05 -4.07019e-06 -0.000109896 6.53172e-05 -3.78003e-07 1.74707e-05 2.33079e-05 -1.05619e-05 2.16547e-05 -0.000149637 5.3045e-06 -3.4601e-06 -0.000257912 1.44428e-06 1.30725e-05 7.0099e-07 3.07351e-05 -0.000166045 1.35783e-07 5.37363e-05 -0.000111613 -1.28491e-06 1.8923e-05 1.96206e-06 -4.38223e-07 3.7932e-05 8.2201e-05 6.89656e-06 -2.93074e-07 -1.28575e-05 3.48133e-05 8.51879e-06 1.52103e-05 9.8219e-05 1.3005e-05 3.81026e-05 8.72515e-05 -5.06733e-05 -2.03056e-05 9.02529e-06 -0.000242854 -3.63625e-05 -3.89795e-07 7.80467e-06 3.44147e-05 -7.12972e-07 -9.65448e-07 -2.96527e-05 -2.58727e-05 -9.85582e-05 -1.16918e-05 0.000137239 3.61105e-05 -2.38165e-05 -1.22819e-07 -2.32821e-05 -1.81839e-05 -2.27191e-08 6.47574e-05 8.5908e-07 -1.76953e-05 4.31333e-05 2.41668e-05 6.67313e-05 -3.20114e-06 0.000121973 -1.448e-06 -1.32024e-06 -3.10224e-05 6.77969e-05 2.72582e-05 -0.000115283 2.2572e-06 1.30449e-06 -1.98735e-07 -3.7055e-05 5.0401e-05 4.48127e-05 4.19876e-05 2.41366e-05 -3.54705e-05 -0.000127567 9.23237e-06 2.4543e-06 
1.29134e-05 0.00204374 -0.000145354 -0.000265886 5.86946e-05 -9.57173e-05 -6.60631e-06 -0.000674665 9.33163e-06 0.000450639 -0.000170825 -0.000950467 0.000104729 -0.000268963 -0.00032202 -0.00018754 -0.000412707 -3.81932e-05 -0.00067254 0.000247242 -7.30523e-06 0.000818244 -1.73062e-05 -4.31551e-05 -7.60117e-05 -0.000193487 -4.27033e-06 0.000101392 -0.00139773 9.49064e-05 0.00151876 -0.00115736 -4.1632e-05 5.17222e-05 -3.41322e-08 -9.34015e-05 -0.0010334 -5.73427e-06 0.000218458 -1.46169e-06 4.81704e-06 -0.000101509 0.00130171 -2.75469e-05 -1.02439e-06 0.000621728 0.000225173 9.65797e-05 3.08088e-05 -5.18016e-05 -0.00039706 5.181e-05 -0.000379305 -0.0005335 0.00160875 -0.000384358 0.000675423 0.00044839 -1.536e-06 3.86061e-05 -1.33398e-05 3.24481e-05 -4.81949e-06 -0.000180554 0.00100653 -0.00134779 -0.000160264 2.03047e-06 -0.000368486 -0.000177768 8.82695e-07 -0.000138821 0.00127757 -1.04366e-05 -0.000314555 -1.59042e-05 -1.25843e-05 -0.00014723 0.000295953 -0.000162268 -1.45367e-05 0.000596645 -2.18552e-06 6.16214e-06 -8.34695e-05 4.59169e-06 -0.000204651 -0.000735737 -3.8756e-07 -6.1221e-05 2.27728e-05 -0.000125138 0.00141239 -1.05807e-05 -9.7e-05 -0.000269512 -0.00019915 -0.00138336 0.000910975 -3.55203e-07 
2.97523e-05 -0.000145354 0.0708122 0.0368806 3.79967e-05 -0.000970161 0.000262528 -0.0254881 -5.3879e-05 -0.0406898 -0.01142 -0.0405678 -0.00034911 0.0478834 0.0485222 0.0404133 -0.0340118 0.00255373 0.0431389 -0.0135894 0.000100033 0.00879324 -0.00128338 -0.000795446 -0.00190893 -0.0513332 -0.00030319 -0.000730194 -0.0107278 0.000731882 -0.0087627 -0.0390529 -0.00200357 -0.0528238 7.73181e-08 0.00938646 -0.0314759 -8.4709e-05 0.000104993 7.86869e-05 -6.81477e-05 -0.00343398 -0.0230395 -0.00116419 -0.000206093 0.00804441 -0.00197671 -0.000652959 0.000108084 0.020012 -0.0229495 0.000371638 -0.0133706 0.0495141 -0.00575007 -0.0226991 -0.0437232 -0.0100411 -5.13335e-05 -0.00156848 0.00341222 0.00197219 -0.000165822 0.00160454 0.0127986 -0.0393449 -0.00547127 -0.00213856 0.0464599 0.0575314 -9.12455e-06 0.0538281 -0.00378941 0.0008025 -0.0119942 -0.00039444 0.0587094 -0.0035823 -0.000826382 -0.00423123 -0.000437923 -0.00768432 0.00103928 0.000314168 -0.00465383 0.00251031 -0.00841664 -0.0254748 3.48527e-05 -0.00232651 2.06045e-05 0.0592088 0.0182271 -0.000460512 -0.00531709 -0.0174891 -0.00735239 -0.0436072 0.00817757 2.3867e-06 
1.49865e-05 -0.000265886 0.0368806 0.24244 0.000111808 -0.0160809 -0.000371501 -0.085692 -0.000610942 -0.188761 0.0278681 -0.00925033 -0.00132032 0.0791491 0.0175763 0.0826306 -0.207458 -0.0039528 -0.0628421 0.114783 0.00162762 0.128884 -0.0058975 0.011444 -0.012514 -0.0181666 -0.000338764 -0.00200046 -0.132473 0.00109136 0.064471 -0.175231 0.0165776 -0.0644585 7.93798e-06 -0.0039866 -0.17803 -0.000866118 0.00214689 0.000280991 -0.00113215 0.0252868 0.137667 -0.00472956 0.00204218 0.0148278 -0.0147354 -0.0019624 0.00143059 0.0238023 0.0844391 8.07677e-05 -0.0361428 0.0707047 0.0359414 0.152363 -0.0467076 0.0670664 -0.0001764 0.00644986 0.00181808 0.00318685 -0.000945901 -0.0254324 0.038986 -0.157089 0.0446845 -0.0105438 0.0067546 0.0476974 -2.61473e-05 0.0384175 0.0239442 -4.2745e-05 -0.0614706 -0.0025635 0.0481125 -0.0251302 -0.00201074 -0.0269432 -0.0024637 0.0806226 0.00174776 0.00281806 -0.0238056 0.00134759 -0.0362604 -0.0621002 -4.31016e-05 -0.0112141 0.000382154 0.0501732 0.127115 -0.00227633 -0.0226622 -0.0443874 -0.0156354 -0.164397 0.00574554 -4.26642e-05 
4.14519e-07 5.86946e-05 3.79967e-05 0.000111808 0.000463574 -2.03894e-05 1.80338e-05 -0.000103134 9.46924e-06 -0.000141327 -3.98889e-05 -0.0002174 2.21053e-05 0.000113327 5.27584e-05 1.6841e-06 -0.00018433 4.81718e-06 -4.20117e-05 -3.33073e-05 -1.94674e-06 0.000108997 -7.90388e-06 -1.17124e-05 -1.62586e-05 -0.000252472 2.31339e-06 2.10475e-05 -0.000261589 3.90602e-05 0.00019757 -0.000258666 1.32278e-05 -0.000314818 -7.72981e-09 1.99164e-05 -0.000208244 -9.81037e-07 1.7183e-05 3.6044e-06 1.46952e-05 -2.10782e-05 0.000132529 -6.73867e-06 8.14212e-07 0.000262047 0.000118645 4.96769e-07 -1.44498e-06 -5.38044e-06 -6.36805e-05 -2.16265e-06 -9.91902e-05 6.86397e-05 0.000117095 -6.6101e-05 -0.000149529 -1.69774e-05 2.07704e-07 2.55303e-05 4.18123e-05 1.51097e-05 2.4428e-06 -3.65168e-05 0.000185307 -0.000301737 -1.17816e-05 -5.60494e-06 -2.25835e-05 0.000160342 3.85706e-06 8.38311e-05 0.00014874 9.22989e-06 -7.34534e-05 -1.86032e-06 0.000263311 -3.24529e-05 1.84636e-05 -2.03448e-05 -2.89691e-06 3.2151e-05 2.67357e-05 1.16353e-06 -2.91203e-05 7.84053e-06 -4.7077e-05 -0.000145113 -2.11028e-08 -5.61886e-06 3.5417e-05 0.000210683 0.000268754 4.16038e-06 -6.98651e-06 -5.17406e-05 -3.82993e-05 -0.000309711 0.000114018 -8.04416e-08 
6.76818e-06 -9.57173e-05 -0.000970161 -0.0160809 -2.03894e-05 0.0448391 -0.000160264 -0.0161879 0.000255471 0.0133628 0.00165888 -0.0253881 1.52873e-05 -0.00338151 0.00534713 -0.00336215 -0.00652456 -0.000137723 0.0170182 -0.00903716 -0.000209363 -0.0104697 -0.000116747 -0.00122354 -5.88836e-05 -0.0173863 -0.000135815 0.00127396 0.00196609 -0.000117993 -0.00593649 0.0018437 -0.0016462 -0.0056537 -7.84219e-07 0.00167632 0.00367267 -0.000115215 -0.000454535 -7.03714e-06 -5.42167e-05 -0.00282866 -0.0107968 0.00746574 -0.000150289 -0.0011823 0.0107434 0.00549936 -8.15689e-05 0.000728719 -0.013875 0.00131645 0.0129677 0.0136434 -0.00347865 -0.0179505 -0.0162463 -0.00634811 -3.16909e-05 0.00145392 -8.68614e-05 -0.000364021 -0.000108841 -0.00352016 -0.00410226 0.00371461 -0.00338414 0.00424873 -0.00162162 -0.00101608 -4.70859e-06 -0.00130276 -0.0024969 0.000349339 0.0295453 0.00216728 -0.00126119 0.0101396 -0.000211539 0.0085854 0.000672702 -0.00657158 -0.000139359 -0.000285094 -0.00316341 -8.05474e-05 0.010819 -0.0167376 -1.79344e-06 0.0111565 -4.63973e-05 -0.000815328 -0.010764 0.000901609 0.00518363 0.0151634 -0.00284107 0.0106572 -0.00124356 1.42944e-05 
5.39325e-06 -6.60631e-06 0.000262528 -0.000371501 1.80338e-05 -0.000160264 0.00388879 0.00065065 8.86624e-05 0.0003621 -0.0002398 -0.000297401 -1.57424e-05 -0.000278522 0.00037776 2.61415e-05 0.000460561 0.000156991 0.000234283 -0.000657279 -6.66313e-06 -0.0017797 8.55063e-05 -3.01075e-05 7.58411e-05 -0.000425009 -5.08753e-06 0.000131917 0.000411453 6.84217e-05 -0.000347941 0.000516344 4.79573e-05 -0.000657627 2.01599e-07 1.8243e-05 0.000918778 -4.83518e-07 6.3558e-05 1.81552e-05 4.3504e-06 -0.000141016 -0.00105057 -1.57939e-05 2.06741e-07 -7.15243e-05 -5.45329e-06 -1.8688e-05 -2.75268e-06 -6.1287e-05 -0.00108043 1.33037e-06 -0.000869169 -0.000141921 -0.000269058 -0.00125925 -0.000934142 -0.000381573 6.16333e-07 -6.81595e-05 0.00066297 5.40448e-05 1.2304e-05 5.27283e-05 0.000147192 -3.1253e-05 -0.000331105 -6.59607e-05 0.0012559 0.000511807 5.55168e-07 0.00035275 -0.000150774 3.81998e-05 -0.000417821 1.40216e-06 0.00055871 0.000122279 -3.39229e-05 0.000270354 -1.65644e-05 -0.000542122 7.23197e-06 -2.36895e-05 0.00106368 2.0584e-05 -0.000398297 0.000718991 4.00563e-06 -3.88158e-05 -1.38532e-07 0.000226829 -0.000114186 3.18537e-05 -0.000282116 -0.000816824 -0.000283097 0.000149028 3.70153e-05 2.02287e-06 
-0.000163446 -0.000674665 -0.0254881 -0.085692 -0.000103134 -0.0161879 0.00065065 0.235815 -0.000650086 0.0612401 -0.0380317 0.107436 -0.000911876 -0.0567176 -0.0244743 -0.0316701 0.100889 0.00594029 -0.0072855 -0.0233478 -0.000888272 -0.0628758 -0.00493649 0.000775333 -0.000872846 0.0742893 -0.000600461 -0.00259209 0.0752204 -0.00129926 -0.0387947 0.100158 -0.0119639 0.0473002 -5.18164e-06 -0.0126259 0.0996666 0.000906946 -0.0015357 7.42728e-06 0.000556299 -0.00674744 -0.030398 -0.00578341 -0.00116357 -0.0114216 -0.0195265 -0.00366872 -0.00148678 -0.0275634 0.0133071 -0.00132664 -0.0643701 -0.0843518 -0.0213994 -0.017388 0.0625331 -0.0168103 0.000283207 -0.0076707 -0.00219175 -0.00163728 0.0013485 0.0246385 -0.0264003 0.0664274 -0.0197945 -0.0101301 -0.028056 -0.0329038 -2.54703e-05 -0.0255704 -0.0156507 -0.0019211 -0.0436471 -0.00226231 -0.0341472 -0.0175961 -0.00506475 -0.00861639 -0.0015511 -0.0216382 -0.00116061 -0.00104679 0.0200744 -0.0011954 -0.0318994 0.123504 -6.98495e-05 -0.00990105 -0.000474366 -0.0347088 -0.0562979 -0.00265107 -0.0267637 -0.0508286 0.0112098 0.0654826 -0.0123457 -4.87536e-05 
2.16802e-05 9.33163e-06 -5.3879e-05 -0.000610942 9.46924e-06 0.000255471 8.86624e-05 -0.000650086 0.00178805 9.24422e-05 0.000407632 -0.000911268 -5.04598e-06 -0.000175151 -0.000248893 0.000135133 -0.000545843 -3.04285e-05 -0.000552648 -0.000371223 6.93663e-08 -0.000976222 9.24566e-05 -4.50424e-05 5.37424e-07 -0.00104404 -3.04745e-06 0.000733186 -0.00119342 7.38622e-05 -9.60267e-05 0.000382381 7.54169e-05 -0.00138726 1.1459e-07 6.96233e-05 0.000396764 3.00405e-06 0.000181964 1.02326e-05 4.80711e-05 -7.38189e-05 0.000175043 0.000713289 1.77148e-06 0.000159422 0.00130676 0.000508374 4.74743e-05 -0.000104424 -0.000471799 0.000690053 -0.000334509 -0.000376123 -8.25603e-05 -0.000630286 -0.00101298 -0.000243863 7.87407e-08 -5.81463e-06 0.000308377 -2.49731e-06 1.39648e-06 -0.000151203 7.61202e-05 -0.000765059 -0.000130275 0.000535287 0.00050333 2.96462e-05 2.8878e-06 -1.39852e-05 4.38225e-05 6.08438e-06 0.00039262 1.36841e-05 -3.00286e-05 0.00126395 -3.53667e-05 0.0011043 1.3852e-05 8.82452e-05 3.61398e-05 -2.19146e-06 -2.27318e-05 2.41659e-05 -0.000146022 -0.000523875 7.82768e-06 0.00106709 6.13953e-05 -0.000105897 -2.32369e-05 0.000359661 -0.000130947 -0.000434952 -0.000104656 0.000186053 0.000250365 5.44487e-06 
-7.9138e-05 0.000450639 -0.0406898 -0.188761 -0.000141327 0.0133628 0.0003621 0.0612401 9.24422e-05 0.228469 -0.0295744 -0.0131741 0.00142306 -0.0736334 -0.0196195 -0.0825146 0.172107 0.0024548 0.0451515 -0.110493 -0.00221238 -0.100599 0.00577716 -0.012949 0.0091559 0.017807 4.53688e-05 0.00179258 0.115437 -0.00144437 -0.057101 0.153378 -0.020183 0.0721746 -8.46782e-06 0.00333354 0.154853 0.000425337 -0.00374222 -0.000366572 0.000697299 -0.0203529 -0.109101 0.00496497 -0.00228061 -0.0144117 0.0156119 0.00263468 -0.00141112 -0.020743 -0.0732885 -0.000740984 0.0318885 -0.0573994 -0.0280066 -0.135894 0.0476107 -0.0450016 3.50894e-05 -0.00328821 -0.00190404 -0.000285603 0.00041528 0.0129893 -0.0361892 0.139035 -0.0405183 0.00916824 -0.00790096 -0.0464107 4.55087e-06 -0.0427148 -0.0248183 -0.000924391 0.0551046 0.00241101 -0.0462217 0.0213525 0.00506689 0.0230109 0.00214079 -0.0843757 -0.00190908 -0.00296377 0.0148601 -0.00107615 0.030212 0.0474897 -4.58911e-05 0.0108224 -0.000586188 -0.045929 -0.117815 0.00133696 0.0242926 0.0501021 0.0113788 0.154827 -0.00699312 3.14384e-05 
0.000247491 -0.000170825 -0.01142 0.0278681 -3.98889e-05 0.00165888 -0.0002398 -0.0380317 0.000407632 -0.0295744 0.135545 -0.00312376 0.000302306 -0.00951859 -0.0209332 0.0045904 -0.030676 -0.00278843 -0.0391857 0.021845 -0.000591608 0.0183778 -0.00188497 5.67425e-05 -0.0033178 -0.0163437 0.000119029 0.00054472 -0.0481602 0.000426495 0.0184735 -0.0150975 0.0106213 -0.0275606 5.62743e-06 -0.00435954 -0.0418813 3.8962e-05 0.00507138 3.9568e-05 -0.000444614 -0.00419911 0.0241191 0.00384051 0.00148241 0.000185811 0.00271459 0.00214607 0.00117941 0.00692235 0.0300625 0.000896333 0.0189655 -0.0142832 0.00282161 0.0277561 -0.00577886 -0.00264719 -4.42137e-05 -4.75626e-05 0.000285344 -0.00115315 -0.000300079 -0.0121152 0.00671329 -0.0239963 0.0136472 0.0129478 -0.0142096 -0.0121111 -2.10326e-05 -0.00960823 -0.00121411 0.00110798 0.0236124 -3.78082e-05 -0.0124264 0.00326676 -0.00148079 0.0021915 -0.000877346 0.0349533 -0.000403839 0.000910855 -0.00675415 -0.000415167 0.0142655 -0.0318651 -1.4654e-05 0.00516856 -0.000103991 -0.0151263 0.0294987 0.00255956 0.0218747 -0.000812823 -0.00478351 -0.0211884 0.00101344 1.46451e-05 
-0.000141465 -0.000950467 -0.0405678 -0.00925033 -0.0002174 -0.0253881 -0.000297401 0.107436 -0.000911268 -0.0131741 -0.00312376 0.231401 -0.00237028 -0.0666349 -0.048876 -0.008923 0.0312496 0.00186911 -0.0241331 0.0311111 0.00083508 -0.0333955 -0.0100677 0.00161926 0.00671738 0.119347 -0.000804017 -0.00412705 0.00966887 -0.0009625 0.0175313 0.0457793 0.00969125 0.0428425 -3.93961e-06 -0.0234183 0.0402218 0.000726918 -0.00147487 6.1749e-05 0.000663659 0.00974762 0.0398281 -0.00894699 0.00089614 -0.0120903 -0.0223752 -0.00626096 -0.000405152 -0.04014 0.0851533 -0.0012433 -0.0731905 -0.100826 0.00729996 0.0627774 0.0461537 0.0233705 0.000155581 -0.00331771 -0.00359477 -0.00370118 5.32441e-05 0.0216473 -0.00942202 0.00933214 -0.00274267 -0.017377 -0.0377893 -0.0521584 -1.45677e-05 -0.0412823 0.00841563 -0.00167391 -0.0646835 -0.00383255 -0.054698 -0.0107915 -0.00834911 -0.000302064 -0.00398163 0.0378115 -0.0017344 0.000798704 0.0162332 -0.00207478 -0.0346344 0.0998801 -0.000116375 -0.0157068 -0.000769642 -0.0610908 0.0091525 -0.00452508 -0.0452156 -0.0855709 -0.00190233 -0.00238727 -0.0172818 -6.59537e-05 
8.78434e-08 0.000104729 -0.00034911 -0.00132032 2.21053e-05 1.52873e-05 -1.57424e-05 -0.000911876 -5.04598e-06 0.00142306 0.000302306 -0.00237028 0.00466216 -0.000625021 -0.000575103 -0.000682586 0.00069334 -3.99123e-05 -0.00106655 -0.000869578 1.94343e-05 -0.000633149 0.000143354 3.04863e-05 -3.2701e-05 -0.00147125 2.55594e-06 -2.80502e-05 6.20205e-05 -3.41357e-06 0.000636671 5.6609e-05 -7.81742e-05 0.000644594 2.44154e-07 0.000857552 0.000149511 8.2648e-07 0.000109382 -3.09098e-06 -1.1964e-05 -7.03224e-05 -0.000272929 -6.27568e-05 -5.50695e-06 0.000375458 3.83126e-05 2.19848e-05 3.30108e-05 -0.000309737 -0.00113365 -2.90471e-05 0.00039065 -0.000352717 0.000967715 -0.00139795 0.00104407 -0.000482136 -8.35401e-07 -4.44911e-05 -1.91668e-05 -1.23571e-05 -1.3046e-05 -0.000394189 0.000931204 1.62539e-05 -0.000364291 0.000196584 -0.000858541 -0.000397878 -9.51401e-07 -0.000269985 0.00059104 4.16239e-05 0.00208257 -2.07134e-05 -0.00034804 -0.000289718 -5.8438e-06 -0.000359473 -1.24587e-05 -0.000138929 -1.44527e-05 -1.06229e-05 -0.000195283 -1.11279e-05 0.0014283 -0.00140807 2.258e-06 -0.000125697 6.25707e-06 -0.000390984 0.000261104 2.33003e-06 0.00110369 0.000951087 8.35763e-06 -0.000146411 0.000633836 -7.67987e-07 
-4.30033e-05 -0.000268963 0.0478834 0.0791491 0.000113327 -0.00338151 -0.000278522 -0.0567176 -0.000175151 -0.0736334 -0.00951859 -0.0666349 -0.000625021 0.137411 0.0464038 0.0450281 -0.0782306 0.000536367 0.0127108 0.00160101 -0.000281771 0.0389089 -0.00254691 0.00841676 -0.00231706 -0.0572264 -6.0316e-06 -0.00140843 -0.0211626 0.000581925 -0.0129325 -0.0915368 -0.00449658 -0.0428149 1.59239e-06 0.00684092 -0.074475 -0.000232705 -0.000803992 7.79714e-05 -0.000364836 -0.00933624 0.000205001 -0.00252386 -0.00047619 0.0114883 -0.00692092 -0.000835299 -0.00014424 0.0341855 -0.0440858 -0.00107031 0.0228865 0.11094 -0.0107333 0.0096808 -0.0691266 -0.00502081 -0.00011028 -0.000902043 0.00226057 0.00111151 -0.000403319 -0.008755 0.0124658 -0.025901 0.0390169 -0.00391367 0.034908 0.0602521 4.13574e-05 0.0489043 -0.00502389 0.000399719 -0.0168613 -0.000951778 0.0616245 -0.011066 0.00119591 -0.0118391 -0.000905818 -0.0159978 0.00214214 -0.00033797 -0.00959393 0.00106869 -0.0145053 -0.0489436 3.17441e-05 -0.00505478 0.000822342 0.0653911 0.0102559 -0.000359698 -0.00127105 0.0106753 -0.00556156 -0.0348171 0.00785622 -1.11019e-05 
-5.28689e-05 -0.00032202 0.0485222 0.0175763 5.27584e-05 0.00534713 0.00037776 -0.0244743 -0.000248893 -0.0196195 -0.0209332 -0.048876 -0.000575103 0.0464038 0.136576 0.0408559 -0.0222788 0.00121542 0.0636254 -0.0321398 -0.000730708 0.0171947 -0.000871128 -0.00127281 -0.00532501 -0.055038 0.000962181 -0.00063474 0.00832868 0.00138378 -0.0191985 -0.0431997 -0.00456123 -0.0401206 -1.45358e-06 0.0107063 -0.0338705 -0.000322584 -0.0011864 0.00012909 -0.000291733 -0.0100906 -0.0508295 -0.00238471 -0.000345131 0.00922975 -0.00769555 -0.00120593 -0.000119866 0.0248407 -0.0396761 -0.000348652 -0.00296809 0.0638572 -0.0123856 -0.0522943 -0.03059 -0.0161644 -7.69036e-05 -0.00215263 0.00320969 0.0038994 0.000378449 -0.00774389 0.0116264 -0.0276325 -0.0129856 -0.00397072 0.0341848 0.0648206 -2.64602e-05 0.0461688 -0.00739408 2.34543e-05 -0.00701726 0.00216058 0.0648356 -0.00917415 0.00454211 -0.00780096 -0.00102885 -0.0184909 0.000611249 -0.0004297 -0.00809848 0.00251475 -0.00922412 -0.0399804 8.33474e-06 -0.00507652 0.000525215 0.0655106 0.00992184 -0.000581393 -0.00954839 0.00567466 -0.00985933 -0.0330159 0.00676127 -9.4198e-06 
6.622e-07 -0.00018754 0.0404133 0.0826306 1.6841e-06 -0.00336215 2.61415e-05 -0.0316701 0.000135133 -0.0825146 0.0045904 -0.008923 -0.000682586 0.0450281 0.0408559 0.129442 -0.0766182 -0.000815975 0.00479564 0.0229631 0.000152598 0.0321432 -0.00265237 0.00138057 -0.00476834 -0.0352977 0.00102904 -3.37797e-05 -0.037072 0.000743406 -0.000922364 -0.0790187 -0.00192293 -0.0546166 -7.01985e-07 0.00237975 -0.0624256 -0.000270713 0.000648094 0.000247741 -0.000360632 -0.00600337 0.0236488 -0.001519 0.000700248 0.0111111 -0.00682492 -0.000804574 0.000947532 0.0175893 0.0257212 0.0023993 -0.0249182 0.0341874 -0.00624237 0.0243581 -0.0310857 0.0416289 -1.67372e-05 -0.00141987 0.00271024 0.00103553 -0.000356553 -0.00967459 0.00690678 -0.0859336 0.0049082 -0.00367574 0.0222135 0.0511196 -5.75112e-06 0.0403013 0.00281348 -0.000212704 -0.0230862 -0.00115343 0.0501702 -0.00929916 -0.00224369 -0.00688464 -0.00100714 0.0224141 0.000981894 6.18822e-05 -0.00763052 0.00147535 -0.0117612 -0.0305908 5.86392e-06 -0.00443977 0.000518797 0.0464848 0.0473783 -0.000371194 -0.0102333 -0.0294514 -0.0124571 -0.0878459 0.0078807 6.22238e-06 
-9.12663e-05 -0.000412707 -0.0340118 -0.207458 -0.00018433 -0.00652456 0.000460561 0.100889 -0.000545843 0.172107 -0.030676 0.0312496 0.00069334 -0.0782306 -0.0222788 -0.0766182 0.249591 0.00458329 0.0560304 -0.108791 -0.00140897 -0.131339 0.00448175 -0.0115808 0.00711047 0.0326294 6.56133e-05 0.000534427 0.127959 -0.00152012 -0.0592335 0.175395 -0.0145429 0.067546 -8.6704e-06 0.00375112 0.18002 0.000988436 -0.0027916 -0.00026984 0.00102183 -0.0236844 -0.132598 -0.00216311 -0.00190029 -0.0148281 0.0053786 -0.00509747 -0.0017742 -0.027895 -0.0757144 -0.00269843 0.0168517 -0.0839913 -0.032911 -0.143694 0.0487614 -0.0610895 0.000219365 -0.00926305 -0.00209427 -0.00326077 0.000936477 0.0303944 -0.0355787 0.148529 -0.0435819 0.00730107 0.000700345 -0.0450571 -1.01627e-05 -0.0353793 -0.0226749 -0.000717215 0.037886 0.00038274 -0.0463732 0.015287 0.000427043 0.0215696 0.00208278 -0.0746107 -0.00158872 -0.00288418 0.0269874 -0.00150024 0.0317104 0.0779544 -4.9294e-05 0.00370443 -0.000444191 -0.0497349 -0.116414 0.000949179 0.0159542 0.0210352 0.011591 0.153479 -0.0074148 1.09145e-05 
-4.07019e-06 -3.81932e-05 0.00255373 -0.0039528 4.81718e-06 -0.000137723 0.000156991 0.00594029 -3.04285e-05 0.0024548 -0.00278843 0.00186911 -3.99123e-05 0.000536367 0.00121542 -0.000815975 0.00458329 0.0183018 0.009711 -0.00387231 -1.06029e-05 -0.00783035 -0.000231213 -0.000489103 3.70615e-05 -0.000833125 -4.90448e-05 -0.000115261 0.00455331 -1.48537e-05 -0.00234224 0.00367636 -0.000630301 -0.00103322 -3.10827e-07 0.000370873 0.00580832 2.08261e-05 -0.00015677 2.9024e-05 1.89806e-05 -0.00102772 -0.00643338 -0.000143274 -6.79728e-05 -9.87307e-05 -0.000672212 -0.00014639 -6.35003e-05 -0.000990007 -0.0044219 -0.000114888 -0.00342899 -0.000901598 -0.00151554 -0.00635935 -0.00649905 -0.00249461 2.94235e-05 -0.000384008 0.000231376 -0.000116695 1.86331e-05 0.00614753 -0.000950747 0.00140666 -0.00156017 -0.000476104 -0.00130164 0.00221365 -6.62876e-07 0.0025572 -0.00100352 -4.51977e-05 -0.00179333 -2.35251e-05 0.00221987 -0.00104285 -0.000328905 -0.00105398 -2.75073e-05 -0.00257387 -3.7143e-05 -0.00010042 -0.000978382 0.000158091 -0.00142033 0.00606927 1.08262e-05 -0.000338076 3.75894e-05 0.00201935 -0.00292963 -0.000104775 -0.00100321 -0.0042667 -0.00160323 0.00180855 -0.00050997 -4.90229e-07 
-0.000109896 -0.00067254 0.0431389 -0.0628421 -4.20117e-05 0.0170182 0.000234283 -0.0072855 -0.000552648 0.0451515 -0.0391857 -0.0241331 -0.00106655 0.0127108 0.0636254 0.00479564 0.0560304 0.009711 0.22359 -0.0671855 -0.000959495 -0.0477012 -0.00544102 -0.00795801 0.0143197 -0.03079 -0.000962377 -0.00223092 0.0587889 0.000682486 -0.0416916 0.0224228 -0.0116338 -0.0194906 -4.49145e-06 0.00496038 0.0336199 0.00115034 -0.00249849 4.46846e-05 0.00139296 -0.0203861 -0.108069 -0.00277699 -0.00119719 -0.000531901 0.00461176 -0.00226587 -0.00119186 0.0149559 -0.0857957 -0.00163034 0.0247981 0.0426793 -0.0259923 -0.117991 -0.0703737 -0.0458806 -7.87673e-05 -0.00436808 0.00170233 0.00174691 0.000253349 0.0228324 -0.0086098 0.0332412 -0.0255386 -0.0068391 0.040386 0.0414373 3.07776e-05 0.0328334 -0.0177894 0.000532266 0.0136243 0.0014899 0.041278 0.0148459 0.00412472 0.0187276 0.000961567 -0.046535 -0.000607965 -0.0013391 -0.00906505 0.00185011 0.00885444 -0.0244728 -5.86757e-06 0.000994798 -0.00033861 0.0428717 -0.0423572 -0.00227376 -0.00556421 0.0232895 -0.0278095 0.0310565 0.00271971 -4.69082e-06 
6.53172e-05 0.000247242 -0.0135894 0.114783 -3.33073e-05 -0.00903716 -0.000657279 -0.0233478 -0.000371223 -0.110493 0.021845 0.0311111 -0.000869578 0.00160101 -0.0321398 0.0229631 -0.108791 -0.00387231 -0.0671855 0.16908 0.00050034 0.0813185 -0.00314376 0.00860355 -0.00696105 0.0337162 -0.000645882 -0.00163463 -0.0665782 -0.000558489 0.0512303 -0.0798967 0.00352037 -0.00797138 -1.92255e-07 -0.00918461 -0.0889982 -0.000559297 0.00232951 6.1242e-05 -0.000533109 0.0146906 0.113746 -0.00316438 0.00182439 -0.00602239 -0.0111276 -0.0016588 -7.70004e-05 0.00259626 0.0745416 0.000530564 -0.0202191 -0.00694409 0.0265546 0.122659 0.0155869 0.0457519 -0.000109067 0.000989819 -0.00108708 -0.000709063 -0.000555095 -0.0175384 -9.49556e-06 -0.0884726 0.0277001 -0.00589971 -0.0363961 -0.0159978 -4.99691e-05 -0.0109269 0.0230234 -0.000494557 -0.0328679 -0.0012421 -0.0170099 -0.0133979 -0.00373248 -0.0166109 -0.00144316 0.0697217 -0.000466363 0.00193317 -0.0116321 -0.000713828 -0.0167524 -0.0171186 -4.00666e-05 -0.00674738 -0.000297917 -0.0180464 0.0713255 -0.00155337 -0.0135034 -0.0288854 -0.00204542 -0.085645 -0.00185549 -3.37834e-05 
-3.78003e-07 -7.30523e-06 0.000100033 0.00162762 -1.94674e-06 -0.000209363 -6.66313e-06 -0.000888272 6.93663e-08 -0.00221238 -0.000591608 0.00083508 1.94343e-05 -0.000281771 -0.000730708 0.000152598 -0.00140897 -1.06029e-05 -0.000959495 0.00050034 0.00451232 0.00025011 -7.75815e-05 -7.20685e-06 -9.361e-05 0.000656896 -8.55568e-06 -3.96429e-05 -0.00188591 1.48103e-05 0.000917493 -0.00138263 0.000848914 -0.000769886 -7.55478e-08 -0.000144723 -0.00136983 -9.07899e-06 9.27339e-05 7.45685e-06 2.1998e-05 0.00144129 0.00118752 -4.98071e-05 3.28425e-05 0.000255092 -0.00010266 1.8338e-05 -5.95422e-06 -0.000314376 0.000474664 -1.41282e-05 -0.000874159 -5.16009e-05 0.000556402 0.00204331 -0.00130425 0.00120733 2.18669e-05 0.00040273 -2.31373e-05 -3.01326e-05 -4.9684e-06 0.0009231 0.000232929 -0.000834141 0.00039125 -0.000127255 0.000150963 -0.0003461 2.88434e-06 -0.000132517 0.000335953 3.43096e-05 -0.00038888 -3.20882e-05 -0.000356776 -0.000184529 -9.00064e-05 -0.000225253 -2.60655e-05 0.000813293 1.46139e-05 -3.06074e-06 -0.000210789 -1.12193e-05 -0.000480966 0.000274439 -6.91153e-07 -9.83326e-05 -6.64242e-06 -0.000221274 0.000848419 -3.03194e-05 -0.000228878 -0.000563799 -0.000356314 -0.00143071 3.93114e-05 -7.86201e-07 
1.74707e-05 0.000818244 0.00879324 0.128884 0.000108997 -0.0104697 -0.0017797 -0.0628758 -0.000976222 -0.100599 0.0183778 -0.0333955 -0.000633149 0.0389089 0.0171947 0.0321432 -0.131339 -0.00783035 -0.0477012 0.0813185 0.00025011 0.243074 -0.00845899 0.00634317 -0.0196895 -0.00798016 -0.000377387 -0.00196436 -0.0848248 -2.30297e-05 0.0471831 -0.139551 0.00646833 -0.00801496 6.09074e-06 -0.0163255 -0.164325 -0.000591017 0.00260314 4.69944e-05 -0.00158896 0.0134552 0.108752 -0.00860754 0.00143202 0.00145741 -0.0232035 -0.00382892 0.00079121 0.0307663 0.0764211 -0.000711362 0.0230735 0.0551757 0.0300983 0.0939131 0.0201356 0.0478413 -0.00037573 0.000736447 -0.000792437 0.00309572 -0.00108127 -0.0426675 0.019393 -0.0896814 0.0312534 -0.00676111 -0.041045 0.0131555 -6.19617e-05 0.00687484 0.020988 -0.00157658 -0.0293284 -0.00111683 0.0147393 -0.0386954 0.00516367 -0.0437635 -0.00373221 0.056332 -0.00032713 0.0021382 -0.0373843 0.000817441 -0.00572382 -0.0672854 -0.000107327 -0.01813 -0.000778537 0.0190634 0.0821581 -0.00336277 -0.000842872 0.0392488 -0.0266869 -0.102881 0.000935504 -8.99789e-05 
2.33079e-05 -1.73062e-05 -0.00128338 -0.0058975 -7.90388e-06 -0.000116747 8.55063e-05 -0.00493649 9.24566e-05 0.00577716 -0.00188497 -0.0100677 0.000143354 -0.00254691 -0.000871128 -0.00265237 0.00448175 -0.000231213 -0.00544102 -0.00314376 -7.75815e-05 -0.00845899 0.0171679 -0.000394575 0.000973937 -0.00335904 -6.36049e-05 -9.86042e-06 0.00221805 -6.02899e-05 -0.00203534 0.00683117 -0.000605171 0.0003948 5.19891e-07 0.00964965 0.0071024 -5.04418e-05 -0.000116934 -1.27964e-05 6.42876e-05 -0.000843467 -0.00458606 0.000560851 -4.80233e-05 -0.000507946 0.00257671 -5.65301e-05 -4.82649e-05 -0.000894387 -0.00306519 -9.81651e-05 -0.00144253 -0.00393487 -0.00107627 -0.0059762 0.0030374 -0.00237161 1.99058e-05 0.002214 0.00032185 -6.73111e-05 -2.62197e-05 -0.00144226 -0.00142717 0.00473789 -0.00132666 0.000900116 0.00617148 -0.00149235 -4.10708e-06 -0.00110167 -0.000927586 -3.68367e-05 0.000739882 -5.21598e-05 -0.00149841 0.00372416 -0.000234442 -2.46745e-05 0.000288496 -0.00252632 -4.56576e-05 -9.71153e-05 0.00232992 -4.69862e-05 0.00211813 -0.00165566 7.69266e-05 0.000146822 4.87553e-05 -0.00153166 -0.00387056 0.000897431 0.00160076 -0.0018619 0.00725828 0.00504996 0.000762291 2.02493e-06 
-1.05619e-05 -4.31551e-05 -0.000795446 0.011444 -1.17124e-05 -0.00122354 -3.01075e-05 0.000775333 -4.50424e-05 -0.012949 5.67425e-05 0.00161926 3.04863e-05 0.00841676 -0.00127281 0.00138057 -0.0115808 -0.000489103 -0.00795801 0.00860355 -7.20685e-06 0.00634317 -0.000394575 0.0260014 -0.000759542 0.0021783 -6.99457e-05 -0.000200194 0.00245329 -7.81128e-05 -0.0020439 -0.0117067 0.000450319 -0.00247425 6.58604e-08 -0.000565252 -0.0096765 -5.16369e-05 0.000468078 -1.15827e-05 -3.92192e-05 0.00216391 0.00725169 -0.000405553 -3.4091e-05 -0.000532893 -0.00139352 -0.000270079 -8.46295e-05 -0.00126083 -0.00485522 -0.000150786 -0.00305663 0.0108665 0.00104462 0.012028 -0.0092927 -0.000124788 3.6852e-05 -0.000226532 3.59835e-05 1.93555e-05 -7.23551e-05 -0.000785924 0.00485446 0.00188063 0.00800177 -0.000751678 -0.000810632 -0.00154405 -2.73558e-06 -0.000432426 -0.00114852 0.00128087 -0.00422387 -0.000166626 -0.00157945 -0.00182197 -0.000115812 -0.0019261 -0.000133441 -0.00150985 -3.39534e-06 -8.05276e-05 -0.00120897 -8.96281e-05 -0.0027771 -0.00163833 -4.72234e-06 -0.000856275 -6.17777e-06 0.000843238 -0.00111822 -0.000184693 -0.00193208 -0.00541038 0.000257939 -0.00149064 -0.000780763 -3.64469e-06 
2.16547e-05 -7.60117e-05 -0.00190893 -0.012514 -1.62586e-05 -5.88836e-05 7.58411e-05 -0.000872846 5.37424e-07 0.0091559 -0.0033178 0.00671738 -3.2701e-05 -0.00231706 -0.00532501 -0.00476834 0.00711047 3.70615e-05 0.0143197 -0.00696105 -9.361e-05 -0.0196895 0.000973937 -0.000759542 0.0357387 0.00570509 -8.86862e-05 -0.000294198 0.00742119 -2.84627e-05 -0.00464977 0.0112572 -0.00125284 0.0013342 -4.74161e-07 0.00325578 0.0126646 5.07879e-05 -0.000211457 -2.45913e-05 0.000814651 -0.00209053 -0.0119747 -1.74864e-05 -0.000131956 -0.00111167 0.00213484 -0.000277347 -0.000143806 -0.00250665 -0.0102099 -0.00024004 0.00108705 -0.00480302 -0.00288198 -0.00993128 -0.0183722 -0.00474574 -4.71584e-06 0.00120912 3.5454e-05 -0.000302703 -4.14778e-05 0.00278508 -0.00317482 0.0114808 -0.000920822 -0.000879028 0.0015958 -0.00317166 2.08953e-05 -0.00205863 -0.00198171 0.000132416 -0.000837839 -0.000123148 -0.00324143 0.0110394 -0.00072565 0.0124759 -1.07924e-05 -0.00532526 -7.0266e-05 -0.000221331 -0.00246691 -0.000115813 0.00279976 -0.000252885 6.78982e-05 0.000543955 -7.18506e-06 -0.00288685 -0.00871813 0.000270741 -0.00178512 -0.0022775 0.000851953 0.0109786 0.000131018 6.52905e-06 
-0.000149637 -0.000193487 -0.0513332 -0.0181666 -0.000252472 -0.0173863 -0.000425009 0.0742893 -0.00104404 0.017807 -0.0163437 0.119347 -0.00147125 -0.0572264 -0.055038 -0.0352977 0.0326294 -0.000833125 -0.03079 0.0337162 0.000656896 -0.00798016 -0.00335904 0.0021783 0.00570509 0.158504 -0.00150683 -0.00319326 0.0196778 -0.00177056 0.0175292 0.0443112 0.00478809 0.0642429 -2.23027e-06 -0.0135308 0.0449904 0.000348681 0.000466514 -0.000201018 0.000339527 0.00869678 0.048379 -0.0108686 0.000456823 -0.0150649 -0.0143769 -0.00745926 -0.00125923 -0.0462189 0.0476322 -0.00255844 -0.0362579 -0.0762696 0.0118741 0.0601157 0.0622278 0.023054 7.25867e-05 -0.00306563 -0.00393548 -0.00356135 0.00050722 0.011425 -0.0115952 0.035232 0.00416347 -0.0180562 -0.0460308 -0.0686224 -3.61223e-05 -0.0510995 0.00726965 -0.00262452 -0.0529734 -0.000977003 -0.0704553 -0.00685579 -0.00610795 -0.00819935 -0.00141939 0.0195379 -0.00189483 0.000303089 0.00895945 -0.00264137 -0.0361537 0.067382 -6.19543e-05 -0.0141221 -0.000914274 -0.068322 -0.011703 -0.0042395 -0.0433476 -0.0276874 0.0104809 0.034112 -0.00878563 -9.19751e-05 
5.3045e-06 -4.27033e-06 -0.00030319 -0.000338764 2.31339e-06 -0.000135815 -5.08753e-06 -0.000600461 -3.04745e-06 4.53688e-05 0.000119029 -0.000804017 2.55594e-06 -6.0316e-06 0.000962181 0.00102904 6.56133e-05 -4.90448e-05 -0.000962377 -0.000645882 -8.55568e-06 -0.000377387 -6.36049e-05 -6.99457e-05 -8.86862e-05 -0.00150683 0.00431259 0.000271928 -0.000459769 0.000312153 -9.15357e-05 -0.000182413 0.000152218 -0.000818039 -7.21893e-08 -9.28654e-05 -0.000407322 3.1911e-06 7.32873e-05 1.27316e-05 -4.84573e-06 -7.92054e-05 -0.00113507 9.39202e-05 -5.69943e-06 0.000905093 -0.000144253 0.000210774 0.000235125 0.000676406 0.000324827 0.000426996 -0.000205972 -0.000545076 -0.000287137 -0.00141327 -8.92664e-05 -0.000485406 2.8472e-07 5.93e-05 3.81642e-05 0.000297462 9.21975e-06 -0.000242274 -1.89115e-05 -0.00082891 -0.000335994 -2.25444e-05 -0.000630084 0.00124971 6.13196e-06 -2.02099e-05 -9.58481e-05 2.4549e-05 -0.00011125 1.84702e-05 0.0011765 -0.000281535 0.000689237 0.000248033 -2.42311e-05 2.30919e-05 1.75024e-05 -2.09824e-05 -0.00012249 0.000173936 0.000279093 9.82793e-05 1.20581e-05 -8.10727e-05 0.00013901 0.000871819 0.00107862 4.9847e-05 9.09276e-05 -0.000807649 -0.000331094 -0.000735439 0.000233563 3.27097e-06 
-3.4601e-06 0.000101392 -0.000730194 -0.00200046 2.10475e-05 0.00127396 0.000131917 -0.00259209 0.000733186 0.00179258 0.00054472 -0.00412705 -2.80502e-05 -0.00140843 -0.00063474 -3.37797e-05 0.000534427 -0.000115261 -0.00223092 -0.00163463 -3.96429e-05 -0.00196436 -9.86042e-06 -0.000200194 -0.000294198 -0.00319326 0.000271928 0.00957868 -0.00577696 0.000179509 0.000702434 0.000498863 -0.000203656 -0.00381025 1.17213e-06 -4.47624e-05 0.00097171 -2.77298e-05 0.00018801 4.16989e-05 1.6199e-05 -0.000557093 0.00165342 0.00244742 5.31471e-06 -6.33453e-05 0.00675944 0.000920602 0.000161679 -0.000323175 -0.001207 0.00132052 -0.00204119 -0.0024792 0.00216605 -0.00257413 -0.00208421 -0.00101997 -5.89883e-06 7.89723e-06 0.000299808 7.60219e-05 6.23362e-05 -0.000174563 0.00063467 -0.00461412 -0.000757523 0.0023352 0.0010568 -0.000121458 3.05868e-06 -0.000642067 0.00247041 -1.0099e-05 0.00253142 2.97207e-05 -0.000348259 0.00428744 -8.81493e-05 0.00493134 0.000394118 -9.73426e-05 -2.70101e-05 -4.49017e-05 -0.000517974 1.10998e-05 -7.61162e-05 -0.00342859 -1.45264e-06 0.00388525 -2.30028e-06 -0.000848707 0.00158695 0.000217769 -0.00051984 -0.00223113 -0.000692632 -0.000835563 0.00164268 5.7078e-05 
-0.000257912 -0.00139773 -0.0107278 -0.132473 -0.000261589 0.00196609 0.000411453 0.0752204 -0.00119342 0.115437 -0.0481602 0.00966887 6.20205e-05 -0.0211626 0.00832868 -0.037072 0.127959 0.00455331 0.0587889 -0.0665782 -0.00188591 -0.0848248 0.00221805 0.00245329 0.00742119 0.0196778 -0.000459769 -0.00577696 0.211732 -0.00153622 -0.0772085 0.104514 -0.0182825 0.0704327 -1.06493e-05 0.00595629 0.128552 0.000613661 -0.00487363 -0.000115832 0.000623336 -0.0263935 -0.112919 -0.00871595 -0.00210414 -0.0172595 -0.0179704 -0.00593942 -0.00243667 -0.0133803 -0.0706733 -0.00447999 0.0284072 -0.0100904 -0.0509795 -0.0950701 0.0316236 -0.0373264 0.000113978 -0.0102087 -0.00153621 -0.00342761 0.000678495 0.0174766 -0.0452273 0.117646 -0.0312898 -0.0056579 -0.0118177 -0.0165112 -2.42579e-05 -0.0141011 -0.0362033 0.000551176 0.0245105 0.00165383 -0.0179876 -0.00605493 0.00158555 -0.00527671 5.49532e-05 -0.0935282 -0.00178663 -0.00291144 0.0180719 -0.00205955 0.0161621 0.0618336 -3.31428e-05 -0.0108565 -0.000743308 -0.0150947 -0.125618 -0.001809 0.0165926 0.0328469 0.0193012 0.117457 -0.0133201 -7.40742e-05 
1.44428e-06 9.49064e-05 0.000731882 0.00109136 3.90602e-05 -0.000117993 6.84217e-05 -0.00129926 7.38622e-05 -0.00144437 0.000426495 -0.0009625 -3.41357e-06 0.000581925 0.00138378 0.000743406 -0.00152012 -1.48537e-05 0.000682486 -0.000558489 1.48103e-05 -2.30297e-05 -6.02899e-05 -7.81128e-05 -2.84627e-05 -0.00177056 0.000312153 0.000179509 -0.00153622 0.00345178 0.000731812 -0.00184901 0.000775183 -0.00241732 7.56037e-08 0.000275745 -0.00160526 -5.77425e-06 0.000319375 9.2552e-06 -1.00927e-05 -0.000111858 -0.000197599 2.50586e-05 6.49742e-07 0.00148254 4.77908e-05 7.29247e-05 2.94431e-05 0.000130177 -0.000192513 5.59463e-05 -0.00061619 0.000707355 0.000233697 -0.000982651 -0.00163164 -0.000222724 4.63542e-06 0.000327148 7.13376e-05 0.000186626 3.1152e-07 -4.07033e-05 0.00122346 -0.00206596 -0.000266514 -4.01181e-05 0.000502776 0.00200038 4.49254e-06 0.000721059 0.000361996 -9.06448e-06 -0.000531491 -2.66351e-05 0.00205004 -0.000114449 0.000291876 0.000465701 -2.20821e-05 0.00022294 8.40904e-05 -1.87069e-05 -0.000181609 9.23643e-05 -0.000349949 -0.00119506 3.81117e-06 -0.000104909 6.39874e-06 0.00158552 0.00138705 -1.39969e-05 -0.000167318 -0.00020309 -0.000313044 -0.0021022 0.000657107 1.75478e-06 
1.30725e-05 0.00151876 -0.0087627 0.064471 0.00019757 -0.00593649 -0.000347941 -0.0387947 -9.60267e-05 -0.057101 0.0184735 0.0175313 0.000636671 -0.0129325 -0.0191985 -0.000922364 -0.0592335 -0.00234224 -0.0416916 0.0512303 0.000917493 0.0471831 -0.00203534 -0.0020439 -0.00464977 0.0175292 -9.15357e-05 0.000702434 -0.0772085 0.000731812 0.110507 -0.0541632 0.0221487 -0.0077725 4.73591e-06 -0.00577441 -0.0601849 -0.000290211 0.00259282 -2.62546e-05 -0.000287973 0.018483 0.0775038 -0.00179326 0.000800503 0.00773719 0.000153736 -0.00100302 0.00200805 -0.00328297 0.0570781 0.000191652 -0.0267702 -0.0252263 0.0501375 0.0605707 0.00869266 0.0173948 -7.89536e-05 0.00483716 -0.000784419 5.60144e-05 -0.000346876 -0.0081239 0.0322524 -0.0814281 -0.00444205 -0.00351331 -0.0224267 -0.00761057 -4.69763e-06 -0.00575776 0.0315175 -0.00061089 -0.0202996 -0.000924599 -0.00572182 -0.00814558 -0.00142404 -0.00979966 -0.000897894 0.0636652 0.000464539 0.00196788 -0.00768436 -0.000379514 -0.0129871 -0.0262024 -6.60838e-06 -0.00369999 0.000158158 -0.00481809 0.0814803 -0.00070026 -0.00864171 -0.0286031 -0.00879319 -0.0774219 0.00871892 -1.57762e-05 
7.0099e-07 -0.00115736 -0.0390529 -0.175231 -0.000258666 0.0018437 0.000516344 0.100158 0.000382381 0.153378 -0.0150975 0.0457793 5.6609e-05 -0.0915368 -0.0431997 -0.0790187 0.175395 0.00367636 0.0224228 -0.0798967 -0.00138263 -0.139551 0.00683117 -0.0117067 0.0112572 0.0443112 -0.000182413 0.000498863 0.104514 -0.00184901 -0.0541632 0.242987 -0.0157468 0.0550863 -9.16235e-06 0.0050186 0.194308 0.000747545 -0.00511814 -0.000225254 0.00099885 -0.00963795 -0.100967 0.00572586 -0.00145325 -0.0175067 0.0138266 0.00161433 -0.00212343 -0.0334528 -0.0346529 -0.000740233 -0.0134188 -0.120325 -0.0393925 -0.0952553 0.050293 -0.0471718 0.000201503 -0.00156104 -0.00187286 -0.00488807 0.000985452 0.0259443 -0.0472019 0.131008 -0.0442691 0.00918956 -0.00243521 -0.0505357 -1.97324e-06 -0.039294 -0.0292594 -0.000150717 0.024917 0.000197438 -0.0524873 0.0274604 -0.00304486 0.0307686 0.00226243 -0.0619369 -0.00173014 -0.000971665 0.0243072 -0.00186781 0.0122981 0.0961033 1.49689e-06 0.0127346 -0.000599724 -0.0554207 -0.110704 0.00197832 -0.000541701 -0.00570631 0.0204102 0.138582 -0.0140599 4.432e-05 
3.07351e-05 -4.1632e-05 -0.00200357 0.0165776 1.32278e-05 -0.0016462 4.79573e-05 -0.0119639 7.54169e-05 -0.020183 0.0106213 0.00969125 -7.81742e-05 -0.00449658 -0.00456123 -0.00192293 -0.0145429 -0.000630301 -0.0116338 0.00352037 0.000848914 0.00646833 -0.000605171 0.000450319 -0.00125284 0.00478809 0.000152218 -0.000203656 -0.0182825 0.000775183 0.0221487 -0.0157468 0.0338098 -0.00626901 5.24938e-06 -0.00150599 -0.0135186 -7.51669e-06 0.00175171 7.62939e-05 -5.77071e-05 0.00822478 0.0159233 -0.000443527 4.71829e-05 0.00396134 -0.00142284 -0.00027601 0.0011113 -0.00251309 0.0146828 3.56389e-05 -0.00758085 -0.00680737 0.0117558 0.0185038 -0.0103351 -0.00090802 2.02212e-05 0.00119595 -9.30265e-05 -0.000303873 -1.70935e-05 0.0030099 0.0188441 -0.0184486 0.000553218 -0.000996827 -0.00330758 -0.00202586 2.19766e-06 -0.00156175 0.000619093 0.000441974 -0.00552226 -0.000261872 -0.00222768 -0.00225345 -0.000676816 -0.00163775 -0.000248021 0.0175446 -3.41182e-05 -0.000119338 -0.00181814 -0.000114789 -0.00372133 -0.00694732 7.61381e-06 -0.00107836 -3.35668e-06 -0.00307148 0.0199896 -0.000150209 -0.00257065 -0.00862647 -0.000753324 -0.0181868 -0.000104265 -3.95482e-06 
-0.000166045 5.17222e-05 -0.0528238 -0.0644585 -0.000314818 -0.0056537 -0.000657627 0.0473002 -0.00138726 0.0721746 -0.0275606 0.0428425 0.000644594 -0.0428149 -0.0401206 -0.0546166 0.067546 -0.00103322 -0.0194906 -0.00797138 -0.000769886 -0.00801496 0.0003948 -0.00247425 0.0013342 0.0642429 -0.000818039 -0.00381025 0.0704327 -0.00241732 -0.0077725 0.0550863 -0.00626901 0.145767 -6.11419e-06 -0.0109917 0.0533593 0.000349377 -0.0036995 -0.000298539 0.000131439 -0.000424656 -0.00494783 -0.0122279 -0.00192675 -0.0205421 -0.0271745 -0.0061668 -0.00107313 -0.0162053 0.00510413 -0.00411427 0.0322776 -0.0409971 0.00277502 0.00199467 0.0686965 0.00389554 5.01322e-05 -0.00443802 -0.00470752 -0.00265842 5.50614e-05 0.00122845 -0.0290992 0.073901 -0.00974621 -0.0028408 -0.0589308 -0.0592809 -3.15025e-05 -0.0534157 0.000929155 -0.00146275 0.0108043 -0.000915934 -0.0601398 -0.0239592 0.00094317 -0.0213862 -0.0029549 -0.0239178 -0.00224253 -0.00234746 0.00905204 -0.00257278 0.0105096 0.0475432 -0.000133087 -0.0201125 -0.00107772 -0.0578712 -0.0532877 -0.00260865 0.012029 0.0376234 0.00831823 0.0695109 -0.0144595 -8.78523e-05 
