0.00138025 2.91458e-06 -0.000602487 0.00028604 1.63764e-06 -0.000392792 -8.23907e-08 -0.000460993 1.3297e-08 -3.72639e-05 3.81863e-06 3.35426e-08 -1.89248e-06 -0.000653774 -2.51055e-05 3.94106e-05 3.93106e-05 8.78428e-06 3.36704e-05 1.03494e-05 2.56494e-05 0.000101798 0.00056308 0.000282753 1.84938e-05 -8.00358e-05 4.17766e-06 -0.000596469 0.000257491 -0.000519313 2.72398e-06 -6.56471e-07 -1.03702e-05 5.505e-06 -1.44497e-07 -0.000496067 -2.71615e-05 -6.55863e-05 -1.46046e-06 -1.32665e-05 0.000681792 1.18431e-07 5.90854e-05 -3.79415e-07 -3.23567e-06 1.91251e-05 -5.92768e-07 -0.000642237 1.12294e-06 -1.9774e-07 2.10818e-05 7.00223e-06 -4.13003e-07 6.61022e-05 -0.000525568 0.000167604 -0.000649196 0.000112771 0.000150977 1.93681e-07 0.000215105 -1.29219e-06 6.11796e-08 -1.08479e-05 2.78502e-05 -9.98359e-06 -4.63074e-07 0.000337805 8.66078e-08 5.68315e-06 -0.000122746 -9.95459e-08 -7.61406e-06 0.000353351 1.70532e-06 3.21579e-05 1.47613e-05 -0.000211014 2.56239e-06 -0.000298644 4.25713e-06 -0.000118905 0.000380627 3.26118e-07 -6.91717e-05 -4.97196e-06 -0.000253506 0.000345688 1.61589e-05 -3.05456e-08 0.00063205 -2.31021e-06 -1.22272e-05 -2.51513e-07 -1.83985e-06 -8.70495e-06 6.39873e-05 6.71091e-05 3.24257e-05 5.2733e-05 
2.91458e-06 9.39467e-05 1.70424e-05 -2.18191e-06 -3.11648e-07 -6.23544e-05 -1.31538e-08 4.46908e-05 6.33582e-07 4.19389e-06 5.80093e-05 1.64952e-07 1.78542e-05 -3.88339e-05 -3.51088e-05 -2.89527e-05 3.93706e-06 4.74787e-07 -1.94773e-07 -5.33668e-07 -1.4015e-08 5.23408e-06 4.96703e-06 4.89672e-07 2.44753e-06 5.28267e-05 9.69643e-07 4.94726e-06 -1.08206e-05 9.0396e-06 3.27897e-06 3.78662e-06 -1.35904e-06 5.33336e-07 1.66346e-05 -3.65741e-05 -7.9957e-06 -7.72732e-06 -2.35233e-07 5.14212e-05 -5.31749e-06 1.45099e-05 -1.2696e-07 -4.24084e-08 -3.09834e-07 6.12383e-07 -9.31663e-08 -1.29456e-05 3.3394e-08 -1.34419e-08 9.96353e-06 1.09294e-05 -2.8075e-08 -1.6529e-06 -4.215e-05 -1.26079e-06 -7.11231e-05 -4.32767e-05 -5.02589e-05 -1.18488e-09 -2.24076e-05 -8.78401e-08 -2.07663e-08 8.28815e-07 1.70294e-06 5.98323e-05 -4.28082e-08 -1.67355e-06 -1.13351e-07 -2.65581e-09 -1.69279e-05 6.26566e-07 -8.68047e-07 5.78573e-06 -2.93138e-08 5.69292e-07 -1.16382e-07 -2.39484e-06 2.92001e-06 -7.79927e-05 4.98194e-06 4.94876e-05 2.68622e-06 1.11576e-07 -9.47201e-06 -4.5732e-07 -1.46559e-05 -5.92526e-06 4.30126e-06 -2.07642e-09 -3.37499e-05 7.41123e-05 -1.73038e-06 -2.08738e-08 6.62807e-06 1.10675e-06 -8.26066e-07 -3.09966e-07 -6.46983e-07 1.17771e-07 
-0.000602487 1.70424e-05 0.218525 -0.015663 -0.00211632 -0.0234229 4.04625e-05 0.122486 1.47165e-05 -0.0164774 0.000973365 2.52036e-05 0.0048168 0.145408 -0.12298 -0.116572 -0.0033711 -0.00159064 -0.000848067 -0.00220961 -2.04471e-05 -0.00151554 -0.0305729 -0.000344262 0.0035388 0.0218703 0.000451026 0.107958 -0.110833 -0.0290879 3.18035e-06 -0.000855719 -0.00746329 -0.000354864 -1.93529e-05 0.0648534 0.00192962 0.0144658 -0.00112041 0.00139975 -0.0144027 3.6833e-05 -0.00485837 -0.00022035 -0.00184401 -5.60698e-05 -6.93191e-06 0.0339652 -0.00359451 3.11851e-05 -6.131e-05 0.0025825 -0.000161951 -0.00153532 -0.00142758 -0.00609868 0.045343 -0.0863427 -0.0241015 -7.12068e-06 -0.0967363 -0.000178597 3.77882e-05 0.00228933 -0.00613548 0.00271385 -0.000145699 -0.0132482 -0.000508948 -1.51482e-06 0.0208589 -1.43442e-05 -0.00240028 -0.014882 8.07179e-05 -0.00020612 -0.000992493 0.0192444 0.0010379 -0.0096065 -0.000693591 0.0108289 -0.0137805 1.2222e-05 0.0195411 0.000176184 0.0217571 0.0385244 0.0031884 1.48477e-06 -0.145235 0.000843002 0.00269716 4.47241e-05 0.000382368 -0.00123577 0.00309046 -0.000111395 0.001458 -0.000671871 
0.00028604 -2.18191e-06 -0.015663 0.0392838 0.000124886 -0.00302532 -3.1902e-06 -0.0115468 -1.34462e-05 -0.000532286 0.000160262 -4.56951e-06 -0.000758294 -0.0127909 0.00912882 0.0077037 0.00136601 0.00210073 0.000447747 0.000151771 8.21343e-05 0.00010828 -0.000480579 0.000230924 0.000218873 -0.00283223 -5.66978e-05 -0.0175323 0.01412 -0.00400977 6.63186e-06 -7.0682e-05 0.00621795 0.000110925 -2.61565e-06 -0.0126543 -0.00482082 -0.00108287 0.000749846 -0.000433106 0.00153622 -4.30323e-06 0.000520314 -9.66529e-07 0.000128611 6.54553e-05 -3.3551e-05 -0.00410081 -4.43141e-05 -4.60255e-07 5.86291e-05 -0.000814186 1.1713e-06 -0.000952827 0.00123939 0.00379188 -0.00126535 0.00604543 0.00551093 9.27872e-07 -0.00484709 -2.70667e-06 -8.42337e-07 -0.000321513 -0.000485724 -0.000476537 4.38703e-05 0.00136184 1.11057e-05 3.41993e-06 -0.00103122 2.1054e-06 -0.000349597 0.00222781 -8.59067e-06 0.00012148 -1.4158e-05 -0.00350909 -0.000145765 -0.000539757 1.78545e-05 -0.00381964 0.000929161 2.53792e-06 0.00298615 -0.000168433 -0.00679015 -0.00123561 -0.000331585 7.3503e-06 0.0115348 -0.000153811 -0.00186901 3.43301e-06 -3.26646e-05 -0.000186817 -5.83704e-05 0.000780826 -0.000321272 0.000700563 
1.63764e-06 -3.11648e-07 -0.00211632 0.000124886 0.00330598 0.000443264 -4.64377e-07 -0.00135131 -1.16802e-06 -9.5494e-05 -1.055e-05 -3.63915e-07 -0.000113591 -0.00184201 0.00174229 0.00144585 0.000386802 0.000118316 -1.09481e-05 0.00065096 4.80522e-06 -7.63131e-06 0.000145617 4.65045e-06 -7.0413e-05 -0.000255193 -4.2644e-06 -0.00225872 0.00220394 0.000555916 6.02031e-07 -8.15132e-07 0.00018151 -1.939e-06 -3.46772e-07 -0.00152889 -0.000217402 -0.000310553 3.77065e-05 -3.84218e-05 5.98355e-05 -4.3574e-07 3.61102e-06 2.28473e-05 5.36171e-06 -5.50723e-07 1.41442e-05 -0.00157326 7.53346e-05 -4.74549e-07 -5.79857e-06 -7.27503e-05 -9.9115e-07 -8.12352e-05 -0.000296927 -0.000108506 -0.00242195 0.00112017 0.000655167 1.02614e-07 0.000415803 4.35448e-06 2.51132e-06 -2.68334e-05 7.43022e-05 -4.30514e-05 -4.66844e-07 0.00036441 -5.1785e-06 -9.37599e-08 -0.000401594 9.05548e-07 -3.02897e-05 0.000710138 -1.42715e-06 -7.94222e-07 0.000105283 -0.000586886 3.30438e-05 2.51568e-05 -6.12919e-06 -0.000295323 1.13986e-05 -2.04829e-06 -0.000288546 9.84379e-06 0.000689884 -0.000786237 -3.81564e-05 -7.33052e-08 0.00183434 -1.40058e-05 -0.000185827 -7.36922e-07 -8.70607e-06 -1.16884e-05 -5.63361e-05 -1.74037e-05 1.98365e-05 -4.67326e-06 
-0.000392792 -6.23544e-05 -0.0234229 -0.00302532 0.000443264 0.187151 -7.85977e-05 -0.0322364 -0.000210123 -0.011927 -0.000871804 -6.67855e-06 -0.0002616 -0.048707 0.0869562 0.0282581 -0.0152114 -0.000917047 -0.00257524 0.000563338 -3.84902e-05 -0.00193091 -0.0201573 -0.00104569 -0.014495 -0.00977118 -0.000369566 -0.016462 0.0166737 0.0980224 -0.000112767 -0.000701111 0.000635733 -0.000256285 -6.99368e-05 -0.0587283 0.00103528 -0.0511231 -0.00064143 -0.00345736 -0.0527373 -8.355e-05 -0.0050956 0.000110105 8.68609e-05 -2.95778e-05 0.000190719 0.0497883 -0.00568448 2.92224e-05 -0.00062834 -0.00937028 -0.000156528 -0.0134887 0.0753297 -0.0181791 0.0230411 0.114173 0.0612199 1.5662e-06 0.0581353 -0.000378258 -7.64306e-06 -0.00303897 0.00223601 -0.00493772 -5.889e-05 -0.0197677 -0.000342686 -1.30861e-06 -0.0192362 -3.31336e-05 -0.00465914 -0.0182088 -0.000293547 -6.53171e-05 -0.000466329 -0.0480948 -0.0006026 -0.00543394 -0.000888822 -0.044952 -0.0175683 -0.00031845 -0.0699883 4.65354e-05 -0.0620602 -0.11129 -0.00132321 -1.47682e-05 0.0687378 -0.00119237 -0.000359543 3.35423e-05 -0.00220733 0.000330818 -0.00595239 -0.00288185 0.00130207 -0.00318582 
-8.23907e-08 -1.31538e-08 4.04625e-05 -3.1902e-06 -4.64377e-07 -7.85977e-05 0.00013998 -2.62937e-05 -2.70764e-08 -4.26407e-06 1.00733e-05 -1.91116e-08 1.92074e-07 4.91478e-05 -3.64883e-05 -4.18093e-05 3.74386e-05 -3.17481e-07 6.65621e-06 -7.952e-07 -2.08833e-08 2.07636e-08 -6.73787e-06 -1.91842e-07 2.89746e-05 1.05128e-05 -2.27354e-07 3.85975e-05 -4.39605e-05 -7.46609e-05 -3.13351e-08 -2.84833e-07 -1.72505e-06 -8.27773e-08 -1.46362e-08 3.3371e-05 -1.88389e-06 7.64587e-05 -3.50513e-07 2.84265e-06 3.6328e-05 2.37164e-07 -1.14944e-06 -6.31913e-08 -4.61673e-07 -3.12169e-08 -1.38824e-07 -3.04186e-05 -9.35966e-07 -2.00293e-08 1.95375e-06 3.76038e-05 -4.18336e-08 1.55118e-05 -8.12746e-05 1.04408e-06 -2.68085e-05 -6.1603e-05 -9.69901e-05 -1.76556e-09 -3.35536e-05 -4.19987e-08 -3.09431e-08 -3.99228e-07 -2.8263e-06 5.62174e-06 -6.37871e-08 -5.30827e-06 -2.1857e-07 -3.95733e-09 1.30473e-05 -1.00831e-08 3.03288e-05 -3.84246e-06 1.50875e-07 -9.54256e-08 -7.79787e-08 6.44139e-06 4.35034e-06 -1.16831e-05 -5.86951e-08 -1.87516e-05 -1.31427e-06 -9.86456e-08 -1.04096e-05 -6.81438e-07 4.30184e-05 7.0294e-05 1.95169e-06 -3.094e-09 -4.07297e-05 5.31723e-06 -3.35778e-06 -3.11033e-08 5.10091e-06 -2.61763e-07 4.29361e-06 2.17895e-07 -7.96277e-07 -4.18773e-07 
-0.000460993 4.46908e-05 0.122486 -0.0115468 -0.00135131 -0.0322364 -2.62937e-05 0.241618 -4.62279e-05 -0.0092876 0.00147222 3.7313e-06 0.0146845 0.125384 -0.113563 -0.116711 -0.0110563 -0.000666624 -0.00121913 -0.00173264 -2.33934e-05 -0.00125985 -0.017775 -0.000414529 -0.0056235 0.017581 0.000223311 0.0758569 -0.0759921 -0.0483864 -1.16862e-05 -0.000441739 -0.0051317 -0.000225023 -1.02311e-06 0.0500331 0.000629932 0.00215726 -0.000857238 0.00112214 -0.0116131 4.80325e-05 -0.00314023 -0.000178626 -0.00113691 -3.79635e-05 1.90615e-05 0.0371695 -0.00281858 1.99093e-05 -9.41842e-05 -0.00632446 -0.000114437 -0.00901081 0.0111509 0.000570958 0.022692 -0.0965715 -0.00469856 -4.31764e-06 -0.0749133 -0.000133984 6.35241e-05 -0.000519369 -0.00586731 0.00683468 -0.000155409 -0.0143322 -0.00023885 -2.74544e-06 0.00914786 -2.13284e-05 -0.00233339 -0.0124701 3.43966e-05 -0.00022278 -0.00053303 0.0421842 -0.000328876 -0.0152732 0.000135373 0.00555807 -0.0072474 0.000164404 0.0193727 -0.000677625 0.0235824 0.0277382 0.00653666 7.09554e-06 -0.145553 0.0022344 0.00152662 5.25566e-05 -0.00107738 -0.00148053 0.0050411 -0.000486587 0.00115628 -0.000678991 
1.3297e-08 6.33582e-07 1.47165e-05 -1.34462e-05 -1.16802e-06 -0.000210123 -2.70764e-08 -4.62279e-05 0.000352009 -8.22515e-06 -1.06443e-06 2.63041e-07 -1.07786e-05 6.41954e-05 -0.000113269 -0.000106835 0.000134889 4.25682e-07 6.31552e-07 -1.60012e-06 -1.91932e-08 1.11784e-05 2.5586e-05 4.39354e-07 2.59631e-05 3.71767e-05 -3.05182e-07 4.13536e-05 -8.66067e-05 -0.000187923 5.57674e-06 -5.05312e-07 -4.48238e-06 -2.08205e-07 -3.68136e-08 -4.46317e-05 -1.49604e-05 0.000167694 -6.70513e-07 9.53819e-05 0.000145066 -4.62586e-08 -2.48001e-06 -1.58941e-07 -4.83441e-07 -7.85179e-08 6.73047e-07 -0.000183933 -1.27575e-06 2.16288e-07 7.1944e-06 0.000176168 8.36675e-08 0.000150816 -0.000214342 3.28963e-05 -0.000170241 -0.000154391 -0.000159017 -4.44079e-09 -7.51376e-05 -3.29213e-07 6.66152e-08 -2.03755e-06 2.83568e-05 4.29932e-05 3.61782e-07 -4.18491e-06 9.71691e-06 -9.95364e-09 0.000165495 2.8575e-07 -7.42217e-07 -1.8899e-07 7.19929e-05 1.3776e-07 -7.9986e-07 -3.7848e-05 1.91286e-05 -5.02945e-05 5.07154e-06 -4.73431e-05 1.78489e-05 4.67411e-06 -3.72513e-05 7.35269e-06 -4.27278e-07 0.000177351 2.90376e-05 -7.78215e-09 -0.0001173 -7.2811e-07 1.50965e-06 -7.82323e-08 5.60594e-06 -1.72343e-06 1.29918e-05 1.86109e-05 4.63654e-06 1.53151e-06 
-3.72639e-05 4.19389e-06 -0.0164774 -0.000532286 -9.5494e-05 -0.011927 -4.26407e-06 -0.0092876 -8.22515e-06 0.02953 -0.000123699 6.01997e-06 -0.000954056 -0.0164511 -0.0111233 0.0153126 -0.000421788 -1.53322e-05 0.0011476 -0.000110011 -1.08771e-06 -7.10827e-06 0.0195623 -4.17041e-05 -0.0006207 -0.00235618 -3.50841e-05 -0.020183 0.0109464 -0.0197747 2.12607e-05 1.65547e-06 0.000272974 -6.28637e-06 -1.97307e-06 0.0112473 -1.50211e-05 0.000357569 -5.61558e-05 -0.000206179 0.0162356 -3.33445e-06 0.00179203 -1.3192e-05 0.00035405 -1.30249e-06 -2.5224e-05 -0.0244915 0.000148809 -4.01303e-06 -4.60893e-05 -0.000487036 -6.13442e-06 -0.000810989 -0.0205962 -0.00085609 -0.0228243 -0.0151686 -0.0105543 -3.84105e-07 -0.00677632 3.87915e-05 -6.73182e-06 -0.000198616 -0.000409812 -0.000335415 -6.32162e-06 0.00323212 -3.02859e-06 -8.27603e-07 -0.00309573 1.05286e-05 0.00477499 0.00297344 1.49543e-06 0.000134595 0.0001729 0.0232169 -0.000111991 0.00145068 5.67419e-05 0.0197226 0.0129687 -1.85386e-05 0.00221572 -0.000116461 0.0197829 0.019057 -0.00032028 1.638e-06 -0.00128218 -0.000130028 0.000145894 4.44444e-06 0.000157171 0.00208586 -0.000457566 0.000550895 -0.00021923 0.000555335 
3.81863e-06 5.80093e-05 0.000973365 0.000160262 -1.055e-05 -0.000871804 1.00733e-05 0.00147222 -1.06443e-06 -0.000123699 0.00414145 8.21174e-07 0.000340399 -0.000117187 0.000239209 -0.00145613 -9.41737e-05 -8.60656e-06 -1.6896e-05 -2.14883e-05 9.89077e-06 -1.20124e-05 -0.000197873 -4.42553e-06 -8.61811e-05 0.00140501 3.48464e-05 0.000910006 -0.00120281 0.000746787 -9.30819e-07 7.63894e-06 -2.53437e-05 3.55218e-06 2.39986e-05 -0.00135766 -0.00024897 -1.43574e-05 5.12323e-05 0.000404869 -0.000460581 3.54315e-05 -1.32224e-05 3.57844e-06 -9.26971e-06 -7.27308e-07 -3.37937e-06 0.000495675 -3.62638e-05 1.80502e-06 3.93518e-05 -8.63779e-05 -1.18712e-06 -0.000123188 0.000820197 -0.000113741 0.000280697 -0.000483567 -0.000286928 3.47554e-07 -0.000100421 -3.25472e-06 1.00305e-06 -1.70209e-05 -7.65588e-05 0.00117403 -3.72594e-07 -0.000156973 -1.84823e-06 -1.17554e-07 -0.000155825 -2.99522e-07 -2.57556e-05 -0.000124639 -1.47821e-06 -1.79091e-07 -5.91101e-06 -0.000671108 0.000113172 -0.00335665 4.79316e-06 -0.000271063 -0.000117119 4.14147e-07 -4.34309e-05 -4.16454e-06 -0.0010624 -0.00104423 0.000362289 8.19203e-07 -0.000516016 0.000638245 -3.84385e-05 6.15384e-06 -1.33735e-05 -2.09813e-05 6.36841e-05 1.17274e-05 0.000255711 1.36388e-05 
3.35426e-08 1.64952e-07 2.52036e-05 -4.56951e-06 -3.63915e-07 -6.67855e-06 -1.91116e-08 3.7313e-06 2.63041e-07 6.01997e-06 8.21174e-07 0.000136492 4.88216e-06 1.5696e-05 -3.70951e-05 -8.08359e-06 -1.5366e-06 2.95789e-08 -3.8469e-07 -2.08716e-07 2.01859e-07 1.04299e-06 2.74488e-07 1.35714e-07 1.61491e-05 5.06294e-05 2.03387e-06 2.99921e-06 -3.05846e-06 -5.5866e-06 1.14722e-06 5.77821e-07 -5.9681e-07 -1.40478e-08 -1.42715e-08 1.36171e-05 -2.37671e-06 8.68979e-06 -3.41778e-07 -1.58355e-06 1.12801e-05 -1.7933e-08 -5.65243e-07 7.0505e-07 -4.50168e-07 -3.04389e-08 -1.35364e-07 -1.05393e-06 8.42782e-08 9.23603e-06 2.13126e-06 1.5593e-06 -4.0791e-08 6.73499e-06 -5.80838e-05 -3.77966e-06 -4.60976e-05 -3.61414e-05 -6.95482e-05 -1.72156e-09 -1.64606e-05 -1.27626e-07 1.03161e-07 6.51219e-07 -2.3431e-06 2.55605e-06 3.78025e-08 -1.89821e-06 1.28688e-06 -3.85871e-09 -1.37541e-05 -9.83183e-09 6.51656e-06 -2.76758e-06 4.52376e-07 2.29175e-07 1.65228e-06 -1.03484e-05 1.19598e-07 -5.81571e-05 6.9974e-08 1.89227e-05 -2.76287e-06 -9.61872e-08 -1.25378e-05 4.05777e-06 5.21652e-05 4.0197e-06 -1.0964e-06 -3.0169e-09 -2.96865e-05 3.11466e-07 -2.38198e-07 1.03005e-07 -5.35994e-08 2.936e-07 -1.95753e-06 -1.40946e-07 2.3843e-05 2.94275e-06 
-1.89248e-06 1.78542e-05 0.0048168 -0.000758294 -0.000113591 -0.0002616 1.92074e-07 0.0146845 -1.07786e-05 -0.000954056 0.000340399 4.88216e-06 0.0341228 0.00938109 -0.0075889 -0.00661237 -0.000860343 -6.77198e-05 -5.79757e-05 -6.57359e-05 -3.08774e-06 0.000103055 -0.00163577 -4.99215e-05 0.0013347 0.00231489 0.000260987 0.00676512 -0.00961563 -0.00102474 -4.06394e-07 4.47307e-05 -0.000465685 -1.00822e-05 2.72907e-05 -8.84717e-05 0.000138355 -0.00198896 4.9924e-05 6.12449e-05 -0.00317856 -9.24752e-07 -0.000225621 -1.43222e-05 -9.10408e-05 -6.6543e-06 -2.06992e-05 0.00346219 -0.000292553 5.8947e-06 -6.22037e-05 -0.000606269 8.07409e-05 -8.915e-05 -0.000682426 0.000139321 0.00458359 -0.0103684 -0.000426764 -3.57218e-07 -0.00705144 -3.19938e-05 3.50815e-05 -6.08869e-06 -0.000724217 0.000170154 2.04606e-05 -0.00124265 3.86514e-05 2.70009e-06 -0.00460633 -8.81053e-07 -0.000258007 -0.000987118 -1.3531e-05 -2.18003e-05 -4.84117e-05 -0.00057871 -0.000127371 -0.00430997 0.000709846 -0.00102381 -0.00103493 0.000204042 -0.0016319 -3.28802e-05 -0.00497986 -0.0060404 0.00199036 2.62677e-07 -0.00952436 0.000327175 -0.000104012 1.27522e-05 -0.000116877 -0.000146047 0.00567891 -0.000107101 0.00123743 -0.000115669 
-0.000653774 -3.88339e-05 0.145408 -0.0127909 -0.00184201 -0.048707 4.91478e-05 0.125384 6.41954e-05 -0.0164511 -0.000117187 1.5696e-05 0.00938109 0.240036 -0.150086 -0.118591 0.00781496 -0.000535104 -0.00146096 0.000326338 -6.12839e-05 -0.000400587 -0.0243163 0.000206715 0.00831327 0.0263842 0.000330779 0.129734 -0.130149 -0.0509261 3.8892e-05 -0.000560097 -0.0073446 -0.000265174 1.89924e-05 0.0944169 0.00070182 0.0323129 -9.31649e-05 0.00108879 0.00325966 1.34373e-05 -0.00312264 -0.00026526 -0.00169698 -2.92682e-05 0.000150743 0.0218151 -0.00313153 1.04306e-05 -0.000667814 0.0084865 5.17679e-05 0.0117421 -0.0418503 0.00869474 0.0415222 -0.120351 -0.0613442 -6.68659e-06 -0.127447 -7.79092e-05 4.0727e-05 0.00300469 -0.0104166 0.00332586 1.38321e-05 -0.014573 -0.000609441 5.88961e-06 0.0546862 -9.18907e-06 -0.0017721 -0.0147019 3.3803e-05 -0.000373342 -0.00119203 0.0209904 0.000732328 0.00356336 0.000412622 0.0118393 -0.0123848 0.000128395 0.027465 0.0016859 0.0446841 0.0616626 0.00316119 -5.46707e-06 -0.185125 0.000892717 0.00250536 3.63295e-05 0.00121318 -5.69533e-05 0.0046496 0.00121057 0.000919576 -3.55279e-05 
-2.51055e-05 -3.51088e-05 -0.12298 0.00912882 0.00174229 0.0869562 -3.64883e-05 -0.113563 -0.000113269 -0.0111233 0.000239209 -3.70951e-05 -0.0075889 -0.150086 0.237847 0.0726534 -0.00588812 0.000609187 -0.00153389 -0.000238478 2.03612e-05 -0.000746308 -0.0109666 -0.000563852 -0.00822994 -0.0249619 -0.000568004 -0.0687224 0.0744671 0.0918321 -8.54142e-05 -0.000558748 0.00531637 0.000122149 -3.69581e-05 -0.11754 -0.00153007 -0.0358092 -0.000129989 -0.00226684 -0.0324445 -4.54123e-05 -0.00298695 0.000226854 0.00069181 -4.05517e-05 0.000129716 0.0256812 -0.00309401 -4.2928e-05 0.000338729 -0.00801197 -4.93639e-05 -0.00987715 0.0764108 -0.00875686 0.0103689 0.141627 0.0804163 4.90695e-06 0.126084 -0.0003135 -2.46451e-05 -0.00304955 0.00992848 -0.00328365 4.67289e-05 -0.00795886 -0.000291038 -1.08616e-05 -0.0428073 -2.5649e-05 -0.00333381 -0.00619278 -0.00015284 -7.84186e-05 0.000651469 -0.0665451 -0.00106081 -0.00595989 -0.000542203 -0.0535519 -0.0108377 -0.000164494 -0.0475884 -0.000192154 -0.0876089 -0.112624 -0.00194796 -6.92475e-06 0.170488 -0.00013054 -0.00288428 -3.16245e-05 -0.00131343 -0.00201333 -0.00553827 -0.00193231 -0.00112811 -0.00159007 
3.94106e-05 -2.89527e-05 -0.116572 0.0077037 0.00144585 0.0282581 -4.18093e-05 -0.116711 -0.000106835 0.0153126 -0.00145613 -8.08359e-06 -0.00661237 -0.118591 0.0726534 0.228833 -0.00662446 -0.000237729 0.00106377 0.000765277 -2.53923e-05 0.000295652 0.0222014 -0.000209037 -0.00199606 -0.0121706 -0.000459777 -0.125399 0.106875 0.043386 -1.08697e-05 0.000735873 0.00459246 0.000252334 -3.43622e-05 -0.0766769 0.000415134 -0.0135551 -0.000185666 -0.000452342 0.00502408 -4.20932e-05 0.00447375 7.323e-05 0.00152142 -2.01259e-05 -0.000119511 -0.0339046 0.00416547 -2.13298e-05 -0.000695387 -0.00515766 -9.63207e-05 -0.00846009 0.00710932 -0.0125625 -0.036577 0.0491135 0.005753 -3.03744e-06 0.0516046 0.000231453 -6.15215e-05 -0.0019474 0.00815855 -0.00402505 -4.02564e-05 0.0193827 -4.20555e-05 -9.50973e-06 -0.0474914 2.81229e-05 0.00249434 0.0187786 -8.37748e-05 0.000203961 0.000254875 -0.0207825 0.000421039 0.0121684 -0.000474518 0.00867698 0.0106947 -0.000191137 -0.0284436 -0.00020874 -0.0226354 -0.029031 -0.00375263 -7.62358e-06 0.118716 -0.00134803 -0.00207304 -3.15272e-05 -0.00046028 0.000869043 -0.00511302 -0.00108129 -0.00045299 0.000868036 
3.93106e-05 3.93706e-06 -0.0033711 0.00136601 0.000386802 -0.0152114 3.74386e-05 -0.0110563 0.000134889 -0.000421788 -9.41737e-05 -1.5366e-06 -0.000860343 0.00781496 -0.00588812 -0.00662446 0.0285422 0.000644779 0.000229919 -6.82092e-05 1.15912e-05 0.000338227 0.00224584 0.000786536 0.000453967 -0.00219722 -1.42e-05 0.00442819 -0.00390432 -0.0122949 4.65514e-05 1.04598e-05 0.00061665 -1.21318e-05 2.18479e-05 0.00390166 -0.00133385 0.0161769 0.001044 0.000689776 0.00764802 2.84802e-06 7.65993e-06 3.5378e-06 -8.61298e-05 1.74985e-05 1.42897e-06 -0.0221617 -5.94151e-05 -2.51596e-07 6.31209e-05 0.00951867 5.86462e-05 0.0112133 -0.0142702 0.0114153 -0.00815219 -0.00732814 -0.0121335 -3.70854e-07 -0.00427262 -1.10373e-05 9.71153e-06 -0.000182305 -0.0005161 -0.000304413 1.73349e-05 -0.000483334 -1.28327e-05 2.05765e-06 0.0149093 2.93158e-07 -0.000201988 -0.000265321 2.30697e-05 4.07004e-05 -2.43026e-05 0.000162503 0.000858801 0.000946077 -4.70277e-05 -0.00398008 0.000177079 -1.48649e-05 -0.00104016 0.000346842 0.00414165 0.0129492 -0.000313627 -6.49893e-07 -0.00800543 0.000100807 -8.64949e-05 -4.44435e-06 0.00160404 0.000346575 -0.000489483 0.000590743 -8.30296e-05 0.000736224 
8.78428e-06 4.74787e-07 -0.00159064 0.00210073 0.000118316 -0.000917047 -3.17481e-07 -0.000666624 4.25682e-07 -1.53322e-05 -8.60656e-06 2.95789e-08 -6.77198e-05 -0.000535104 0.000609187 -0.000237729 0.000644779 0.00391891 0.000172436 8.61749e-05 8.04645e-06 -1.08894e-07 -0.000171719 4.14397e-05 -5.23418e-05 -0.000244976 9.05517e-06 -0.00164768 0.00137937 -0.000476028 2.68606e-06 -2.22682e-06 0.00162463 9.72928e-06 1.05535e-06 -0.00204544 -0.00212546 0.0002047 0.000522583 -1.8388e-07 -0.000345257 -5.16848e-07 -2.91803e-05 2.15464e-05 2.84368e-05 3.42272e-06 -2.84578e-06 -0.000608235 -2.93141e-05 -5.6288e-07 1.30713e-05 -2.04583e-05 2.52436e-06 -5.78555e-05 0.000700768 0.000557613 0.000397111 0.000384504 0.000541437 4.83716e-07 0.000469219 -3.63386e-06 6.26375e-06 5.09052e-05 7.10637e-07 -3.16452e-05 4.14185e-05 -8.11884e-05 3.24354e-05 4.33232e-07 0.000781469 8.16637e-07 -2.93384e-05 -9.55463e-05 4.40541e-07 3.28405e-05 3.6279e-06 -3.01089e-05 1.38198e-05 -0.000268207 3.25522e-05 -0.000486087 0.000265837 7.08334e-06 0.000701797 -5.88362e-06 -0.00105346 -0.000939634 -2.88877e-05 1.12242e-05 0.000490432 7.22922e-05 -0.002331 8.14799e-07 6.16863e-05 -2.32424e-05 7.28849e-05 2.58119e-05 1.7977e-05 -1.87388e-06 
3.36704e-05 -1.94773e-07 -0.000848067 0.000447747 -1.09481e-05 -0.00257524 6.65621e-06 -0.00121913 6.31552e-07 0.0011476 -1.6896e-05 -3.8469e-07 -5.79757e-05 -0.00146096 -0.00153389 0.00106377 0.000229919 0.000172436 0.00418405 1.67566e-05 4.61769e-06 5.50286e-05 0.00148297 8.65324e-06 1.12008e-05 -0.000267194 -2.16782e-06 -0.00203352 0.00151884 -0.00215883 9.81788e-07 4.37182e-05 7.10571e-05 3.1949e-05 5.81629e-06 0.000113525 -0.000187304 2.92107e-05 7.36581e-05 -2.55069e-05 0.00111015 1.62581e-06 0.000295925 -3.74285e-07 8.23308e-06 2.77423e-06 -2.49974e-06 -0.00266715 0.00046655 -2.23345e-07 -4.09287e-06 -6.69347e-05 -4.33292e-07 -0.000105158 -0.00215674 0.000207536 -0.00208768 -0.00197662 -0.0014378 -5.29881e-08 -0.000959495 1.52385e-05 1.10466e-06 -5.5017e-06 -5.8602e-05 -4.84254e-05 1.73006e-06 0.00165998 2.47847e-05 5.81232e-07 -0.000593861 1.89738e-06 6.47364e-05 0.00148773 1.40589e-05 3.02472e-05 7.44901e-05 0.00146193 -6.8519e-06 3.02003e-06 7.75823e-06 0.00103597 0.000706809 1.83505e-05 0.000645394 4.07264e-05 0.00194399 0.00223033 -4.40581e-05 5.81825e-06 -5.44276e-05 -1.71801e-05 -0.000112466 3.07763e-06 -3.07873e-06 2.69364e-05 7.21124e-05 0.000231728 -2.31465e-05 0.000173273 
1.03494e-05 -5.33668e-07 -0.00220961 0.000151771 0.00065096 0.000563338 -7.952e-07 -0.00173264 -1.60012e-06 -0.000110011 -2.14883e-05 -2.08716e-07 -6.57359e-05 0.000326338 -0.000238478 0.000765277 -6.82092e-05 8.61749e-05 1.67566e-05 0.00564774 2.40829e-06 4.92018e-06 -1.91094e-05 4.75954e-06 1.2662e-05 -0.000171085 1.00093e-05 -0.000926279 0.00135041 0.00110225 1.48425e-06 4.34217e-05 -9.17042e-06 -9.1395e-07 -1.93812e-07 -0.000760618 -0.000135222 -0.0004228 -4.57638e-06 2.49446e-05 -0.000343711 -1.35052e-07 0.000168499 7.86957e-06 8.23592e-06 8.62238e-06 3.02788e-05 -0.000819076 -3.53644e-08 -8.12619e-07 -1.69321e-05 -5.6774e-05 -7.52803e-07 0.000704344 -0.0017122 -0.000171704 -0.00198239 0.00131681 -0.00111456 1.06147e-07 -0.00104529 1.33119e-05 1.22372e-07 -2.80496e-05 -8.12497e-05 -5.04163e-05 -9.87934e-07 0.000432425 -6.9899e-06 5.06112e-07 0.000237292 5.62425e-06 -5.0077e-05 0.000722765 -1.93274e-06 -3.50488e-06 3.49188e-05 -0.00070461 1.24219e-05 -1.13008e-05 2.02044e-05 -5.26461e-05 0.000122477 -3.77997e-06 -0.000523268 1.06864e-05 0.00111951 -0.00061824 4.37431e-05 -1.25528e-07 0.000292781 -2.16551e-05 -9.1252e-05 -1.61907e-07 5.01855e-07 0.000103691 8.13804e-05 5.23714e-06 8.68368e-05 4.67241e-05 
2.56494e-05 -1.4015e-08 -2.04471e-05 8.21343e-05 4.80522e-06 -3.84902e-05 -2.08833e-08 -2.33934e-05 -1.91932e-08 -1.08771e-06 9.89077e-06 2.01859e-07 -3.08774e-06 -6.12839e-05 2.03612e-05 -2.53923e-05 1.15912e-05 8.04645e-06 4.61769e-06 2.40829e-06 0.000149144 8.33601e-06 1.78876e-05 1.46053e-05 1.7231e-06 -9.91337e-06 3.68871e-07 -7.0574e-05 -2.29436e-05 -5.19258e-05 1.63328e-06 -3.03483e-07 -1.03542e-06 -8.81973e-08 -1.55945e-08 -8.23895e-05 -7.69596e-05 -1.01556e-05 2.04314e-07 -1.26369e-06 2.6807e-05 -1.95955e-08 2.97517e-07 -6.73289e-08 -4.91902e-07 7.24815e-11 -1.36803e-07 -7.78943e-05 -4.62791e-07 -2.13408e-08 1.48586e-05 7.2185e-07 4.65543e-06 6.7271e-07 3.90899e-06 5.35533e-05 -9.25245e-06 -2.01567e-05 -1.77357e-05 -1.88116e-09 -7.85689e-06 3.82765e-07 -3.29691e-08 3.48839e-07 1.53983e-06 -9.8649e-07 -6.79636e-08 -8.00284e-07 -1.10658e-07 3.29578e-06 1.21104e-05 -1.07433e-08 4.19964e-06 -1.24901e-06 -3.08465e-08 2.53166e-06 3.65647e-06 3.97003e-06 1.03244e-07 -7.25078e-05 -2.75633e-07 -2.02729e-05 7.0738e-05 6.15622e-08 -1.64936e-05 -3.37167e-07 -2.19985e-05 3.74183e-05 1.10005e-06 1.74481e-07 3.91705e-05 1.73976e-07 -1.33036e-05 -3.31399e-08 3.62451e-06 -9.41865e-07 -2.49728e-06 7.14681e-05 -2.14684e-07 6.19141e-05 
0.000101798 5.23408e-06 -0.00151554 0.00010828 -7.63131e-06 -0.00193091 2.07636e-08 -0.00125985 1.11784e-05 -7.10827e-06 -1.20124e-05 1.04299e-06 0.000103055 -0.000400587 -0.000746308 0.000295652 0.000338227 -1.08894e-07 5.50286e-05 4.92018e-06 8.33601e-06 0.00317488 0.00126432 9.11411e-05 0.00125372 -3.50887e-05 2.13878e-06 -0.000428834 0.000350958 -0.00112086 2.32045e-06 6.67422e-05 -3.09036e-05 6.06168e-05 3.40559e-05 -0.000255501 4.60844e-06 0.000627003 -2.01868e-06 -3.25022e-05 0.00122132 -4.0628e-08 0.000339117 1.29054e-07 -2.04759e-06 6.30092e-06 1.74084e-05 -0.0013839 6.65427e-05 -1.89004e-07 0.000162478 0.000212267 0.000173937 0.000100083 -0.00210459 0.000601269 -0.00131129 -0.00117597 -0.00187609 -4.01667e-08 -0.000620681 -2.13327e-06 3.64048e-06 0.000117345 -3.42266e-05 -8.47787e-06 1.57106e-06 0.00103691 4.38619e-07 6.76637e-07 -0.000384398 6.63727e-06 6.89609e-06 0.00116072 3.19629e-06 4.98461e-06 -3.0574e-06 -0.000549429 2.91747e-06 0.0001094 8.26813e-05 1.28031e-05 0.000718922 2.13669e-05 -0.00025099 5.89719e-06 0.000562396 0.00184259 -2.92435e-06 -7.0389e-08 0.000295261 0.000122228 -1.43448e-05 1.11462e-06 -8.84612e-06 -1.09552e-05 0.000301665 4.36125e-05 -2.15321e-05 0.000219973 
0.00056308 4.96703e-06 -0.0305729 -0.000480579 0.000145617 -0.0201573 -6.73787e-06 -0.017775 2.5586e-05 0.0195623 -0.000197873 2.74488e-07 -0.00163577 -0.0243163 -0.0109666 0.0222014 0.00224584 -0.000171719 0.00148297 -1.91094e-05 1.78876e-05 0.00126432 0.0458114 0.000425956 -0.000844411 -0.00371656 -7.19905e-05 -0.0287489 0.0210075 -0.0195798 2.26169e-05 0.00077215 0.000625816 0.00019301 -5.03148e-06 0.0048168 0.000315123 0.0028225 -8.41289e-05 -0.000397676 0.0333011 -1.1557e-06 0.00373225 -6.36765e-06 0.000110447 2.69575e-05 -4.29789e-05 -0.0383141 0.00598414 1.24787e-06 -8.87993e-05 0.000460687 -1.247e-05 0.00102005 -0.0348778 0.00200056 -0.0389658 -0.0134323 -0.0202133 -6.06943e-07 -0.00752543 0.000169072 -1.05928e-05 -0.000355328 -0.000350579 -0.000402888 -1.07391e-05 0.0133083 0.00020244 5.28404e-06 -0.00327979 1.25671e-05 0.00472833 0.0139212 3.08928e-05 0.000103673 0.000776239 0.0152844 -0.000140043 0.00136267 4.6002e-05 0.0139383 0.0211941 -2.99668e-05 -0.00311605 -0.000147135 0.0271898 0.0261393 -0.000487996 1.10305e-06 0.00973326 -0.00020941 0.00019595 7.68542e-06 -5.14643e-05 0.00101218 -0.000786931 0.000918165 -0.000237169 0.00160029 
0.000282753 4.89672e-07 -0.000344262 0.000230924 4.65045e-06 -0.00104569 -1.91842e-07 -0.000414529 4.39354e-07 -4.17041e-05 -4.42553e-06 1.35714e-07 -4.99215e-05 0.000206715 -0.000563852 -0.000209037 0.000786536 4.14397e-05 8.65324e-06 4.75954e-06 1.46053e-05 9.11411e-05 0.000425956 0.0015267 4.45436e-05 -6.46484e-05 -1.9053e-06 4.61948e-05 -0.000208608 -0.000969171 7.1911e-06 -1.74419e-06 -9.75029e-06 -6.15178e-07 -1.59852e-07 -0.000412777 -5.89716e-05 0.000491864 9.99274e-05 -5.43699e-06 0.000754551 -2.00864e-07 8.64906e-05 -6.90155e-07 -5.04224e-06 8.94795e-06 -1.03841e-06 -0.00102024 7.39183e-06 -2.18754e-07 2.98086e-06 0.00062872 -1.79114e-07 0.00054766 -0.00103451 0.000861877 -0.000585298 -0.000503091 -0.000844444 -1.92828e-08 -0.000273365 -1.06284e-06 2.95383e-07 -4.74723e-06 -2.62516e-05 -6.19583e-06 1.76811e-05 0.000173836 -1.66492e-06 5.25678e-06 0.000664956 -1.10124e-07 -1.07377e-05 0.000234251 3.27546e-06 8.96891e-06 -2.76953e-07 -0.000262752 2.58635e-05 -7.62407e-07 -1.86983e-06 -0.000191001 0.000296613 -5.32929e-07 -9.76335e-05 -3.04243e-06 -0.000314818 0.00089323 2.59682e-06 -3.37916e-08 -0.000152306 8.58568e-06 -4.91485e-07 2.26966e-07 0.00017587 -3.21014e-06 -2.29485e-05 1.83453e-05 -7.94834e-06 4.20472e-05 
1.84938e-05 2.44753e-06 0.0035388 0.000218873 -7.0413e-05 -0.014495 2.89746e-05 -0.0056235 2.59631e-05 -0.0006207 -8.61811e-05 1.61491e-05 0.0013347 0.00831327 -0.00822994 -0.00199606 0.000453967 -5.23418e-05 1.12008e-05 1.2662e-05 1.7231e-06 0.00125372 -0.000844411 4.45436e-05 0.0209153 0.00383417 0.000105615 0.00546215 -0.00678364 -0.0114637 1.0272e-05 -3.09043e-05 -0.000299707 -9.91439e-06 4.39657e-05 0.00890381 1.97065e-05 0.0100465 -3.89642e-05 -0.000225642 0.00928351 1.72575e-06 0.000346139 -9.62444e-06 -6.75114e-05 1.10345e-05 -1.87926e-05 0.00133779 -0.000165372 -9.46526e-07 0.000415683 0.00248849 0.000197125 0.000308993 -0.0140891 0.00215016 0.00191368 -0.0113896 -0.0115992 -2.69526e-07 -0.00522876 1.58412e-05 8.874e-07 0.00128596 -0.000422468 -0.000248817 1.54017e-06 -0.000650339 -2.23304e-06 -6.04118e-07 -0.00281893 6.31629e-06 0.000657678 -0.000624111 3.08156e-05 2.2477e-05 -4.89316e-05 -0.000159829 -1.49982e-05 0.00111761 0.000599341 0.00160741 -0.000594127 7.08965e-05 -0.000247068 -8.29491e-05 0.00209468 0.0120604 0.000251891 -4.72324e-07 -0.00755132 3.41394e-05 -1.17923e-05 1.8185e-06 8.42945e-05 -0.000112936 0.00335181 0.00068202 -8.23884e-05 6.53066e-05 
-8.00358e-05 5.28267e-05 0.0218703 -0.00283223 -0.000255193 -0.00977118 1.05128e-05 0.017581 3.71767e-05 -0.00235618 0.00140501 5.06294e-05 0.00231489 0.0263842 -0.0249619 -0.0121706 -0.00219722 -0.000244976 -0.000267194 -0.000171085 -9.91337e-06 -3.50887e-05 -0.00371656 -6.46484e-05 0.00383417 0.0719193 0.000708503 0.0214242 -0.0231324 0.00104023 -9.63679e-06 -0.000118123 -0.00112345 -3.13989e-05 1.06785e-05 -0.00423431 0.000224955 -0.00317118 -0.000146685 0.00356981 -0.00266205 5.68529e-05 -0.000308726 -3.4075e-05 -0.00024362 -1.36376e-05 -4.7282e-05 0.00915397 0.000889452 5.61736e-05 -0.000147126 0.000445688 1.43693e-05 0.00303707 -0.0114213 -0.00256092 0.00627924 -0.0300039 -0.0409957 8.8295e-07 -0.0186537 0.000113718 3.50384e-06 0.000530003 -0.00108592 0.00431139 0.000181104 -0.00144215 -3.80806e-05 -2.02713e-06 0.0012533 -2.07357e-06 -0.00064706 -0.00150732 4.48939e-05 -4.28906e-05 -0.000169267 0.00269299 9.49256e-05 -0.00921936 7.17959e-05 0.005408 -0.00219669 -7.17356e-06 -0.00336153 -0.000209422 0.0211135 0.0124185 0.000395177 -2.68332e-07 -0.0255746 0.000931916 0.000369655 8.28123e-06 -0.000193412 -2.87308e-05 0.00065924 -0.000288307 0.00144688 -0.000211496 
4.17766e-06 9.69643e-07 0.000451026 -5.66978e-05 -4.2644e-06 -0.000369566 -2.27354e-07 0.000223311 -3.05182e-07 -3.50841e-05 3.48464e-05 2.03387e-06 0.000260987 0.000330779 -0.000568004 -0.000459777 -1.42e-05 9.05517e-06 -2.16782e-06 1.00093e-05 3.68871e-07 2.13878e-06 -7.19905e-05 -1.9053e-06 0.000105615 0.000708503 0.00162132 0.000277742 -0.000448688 -0.000200369 -3.63477e-07 4.48492e-06 -2.27011e-05 -9.60191e-07 5.52447e-07 -1.01184e-05 7.65104e-06 -4.46549e-05 -2.87695e-06 2.18412e-06 -0.000176825 4.80889e-06 -7.36651e-06 -7.32999e-07 -1.46638e-06 -3.62106e-07 -1.26587e-06 2.98381e-05 1.12943e-05 6.38989e-06 9.59694e-06 0.000268527 3.70363e-06 6.68533e-05 -0.000386859 -1.94092e-05 0.000247003 -0.000740108 -0.000872543 -2.04799e-08 -0.000379389 8.19286e-06 9.85514e-07 0.000199874 1.49803e-06 -4.40943e-06 2.72676e-06 -1.91965e-05 -1.19089e-06 -4.59038e-08 -5.57118e-05 -1.69609e-08 -1.14803e-06 -2.09601e-05 1.00128e-06 4.45976e-06 -1.28895e-07 0.000138191 6.33528e-06 -0.000298171 1.79659e-05 2.12605e-06 -3.86309e-05 -1.04426e-06 -0.000135581 -2.1489e-06 0.000413358 0.000288512 2.25757e-05 5.75222e-07 -0.000529536 3.196e-05 -3.57372e-05 8.281e-07 2.20062e-05 -5.97617e-06 1.31866e-05 -2.48106e-06 0.000178086 -6.82866e-06 
-0.000596469 4.94726e-06 0.107958 -0.0175323 -0.00225872 -0.016462 3.85975e-05 0.0758569 4.13536e-05 -0.020183 0.000910006 2.99921e-06 0.00676512 0.129734 -0.0687224 -0.125399 0.00442819 -0.00164768 -0.00203352 -0.000926279 -7.0574e-05 -0.000428834 -0.0287489 4.61948e-05 0.00546215 0.0214242 0.000277742 0.209547 -0.158072 -0.000438519 -9.96158e-06 -0.000832529 -0.00821276 -0.000302154 2.58342e-05 0.0632805 0.00279208 0.01587 -0.000485227 0.00263214 -0.0168672 3.11284e-05 -0.00489244 -0.000276233 -0.00160948 -4.03695e-05 -5.75395e-05 0.0501873 -0.00415932 1.08363e-05 0.000625782 0.00458142 7.37282e-05 0.00802866 0.000356898 0.0071712 0.0514826 -0.0421227 -0.0315862 7.69095e-07 -0.0635937 -0.00018706 8.3238e-06 0.00223262 -0.0117612 0.0030711 9.08945e-05 -0.02144 -5.72882e-05 -7.0408e-06 0.0312068 -3.57302e-05 -0.00275542 -0.0197957 2.79091e-06 -0.000397008 -0.00143946 -0.019148 -0.000330855 -0.000277353 0.000257038 -0.0159112 -0.0175542 0.000116732 0.010384 0.000465561 -0.0018611 0.00880121 8.44727e-05 -1.24394e-05 -0.0963898 0.000817284 0.00322364 -6.44786e-05 0.000483341 -0.000811664 -0.0004424 -0.000519141 0.000590551 -0.00171783 
0.000257491 -1.08206e-05 -0.110833 0.01412 0.00220394 0.0166737 -4.39605e-05 -0.0759921 -8.66067e-05 0.0109464 -0.00120281 -3.05846e-06 -0.00961563 -0.130149 0.0744671 0.106875 -0.00390432 0.00137937 0.00151884 0.00135041 -2.29436e-05 0.000350958 0.0210075 -0.000208608 -0.00678364 -0.0231324 -0.000448688 -0.158072 0.219526 0.0231849 -7.82786e-06 0.000809512 0.00665862 0.000284038 -2.49999e-05 -0.0614285 -0.00192044 -0.0158504 0.000291582 -0.00310525 0.00878106 -9.3954e-06 0.00447754 0.000225611 0.000890488 2.99469e-05 0.000122712 -0.0379072 0.00398348 -1.74696e-05 -0.000767205 -0.00641237 -8.5865e-05 -0.0070495 0.00592555 -0.0115671 -0.0641441 0.0632929 0.0401504 5.51493e-07 0.0650507 0.000257539 -2.94055e-05 -0.00242637 0.00821082 -0.00292329 -0.000111852 0.019453 0.000549932 -7.19889e-06 -0.040748 3.29061e-05 -0.00226717 0.0192131 -0.000100619 -2.90516e-05 0.00123328 -0.00890991 0.000202661 -0.000858509 -0.000412597 0.00346685 0.0101829 -0.000124048 -0.0133846 -0.000282546 -0.00730391 -0.0322836 -0.00149314 1.06413e-05 0.0961347 -0.000536095 -0.00301561 1.82887e-05 -0.000890356 0.000307896 -0.00254519 -0.00144977 -0.00205333 0.000882939 
-0.000519313 9.0396e-06 -0.0290879 -0.00400977 0.000555916 0.0980224 -7.46609e-05 -0.0483864 -0.000187923 -0.0197747 0.000746787 -5.5866e-06 -0.00102474 -0.0509261 0.0918321 0.043386 -0.0122949 -0.000476028 -0.00215883 0.00110225 -5.19258e-05 -0.00112086 -0.0195798 -0.000969171 -0.0114637 0.00104023 -0.000200369 -0.000438519 0.0231849 0.197883 -0.000136341 0.000316096 0.000378789 2.58408e-05 -3.27278e-05 -0.0834219 4.26942e-05 -0.0482898 4.41888e-05 0.00210279 -0.0707557 6.9045e-06 -0.00294809 6.614e-05 0.000402381 -1.88596e-05 0.000184337 0.0454393 -0.000258189 1.88613e-05 -0.0004545 -0.0110735 -0.000136044 -0.00914783 0.113764 -0.0180225 0.0283287 0.113258 0.0659262 2.04319e-07 0.0584861 -0.00029331 7.17575e-06 -0.00304381 0.00452805 0.000431494 2.24518e-05 -0.0029429 -3.92952e-05 -1.36197e-05 -0.0163808 -2.39532e-05 -0.00648085 -0.00295981 -0.000268252 -0.000195834 0.000203161 -0.110028 0.000341045 -0.00654026 -0.000760854 -0.0529381 -0.0168026 -0.000194629 -0.0430578 0.000669293 -0.0995869 -0.148381 -0.00168959 -1.4373e-05 0.0792251 0.000755501 -0.000480561 -7.84466e-05 -0.00160517 -0.00216481 -0.00452969 -0.00330273 0.00194044 -0.00243264 
2.72398e-06 3.27897e-06 3.18035e-06 6.63186e-06 6.02031e-07 -0.000112767 -3.13351e-08 -1.16862e-05 5.57674e-06 2.12607e-05 -9.30819e-07 1.14722e-06 -4.06394e-07 3.8892e-05 -8.54142e-05 -1.08697e-05 4.65514e-05 2.68606e-06 9.81788e-07 1.48425e-06 1.63328e-06 2.32045e-06 2.26169e-05 7.1911e-06 1.0272e-05 -9.63679e-06 -3.63477e-07 -9.96158e-06 -7.82786e-06 -0.000136341 0.000223772 -4.55371e-07 -1.43751e-06 -1.10116e-07 -2.33994e-08 5.50361e-05 -1.57333e-05 0.000106104 4.0629e-07 -1.1859e-07 9.84679e-05 -2.94028e-08 -6.93206e-07 5.21196e-07 2.1508e-06 1.20565e-06 2.11391e-07 -0.000115704 3.10719e-07 -3.20215e-08 4.94877e-06 3.91145e-05 -6.68806e-08 2.63845e-05 -0.000153795 3.76995e-05 -7.30336e-05 -0.000109952 -6.36635e-05 -2.82265e-09 -5.48309e-05 1.29683e-08 -5.02524e-09 -9.32882e-07 -3.10286e-06 1.57488e-06 -1.01978e-07 1.09802e-05 -6.05449e-08 -6.32671e-09 2.31296e-05 -1.61202e-08 1.12655e-05 2.81313e-06 2.38148e-06 -1.5256e-07 2.73421e-07 1.00135e-05 -1.89862e-07 -1.67357e-05 1.67531e-06 3.99611e-06 1.60715e-05 -1.02152e-07 1.71776e-05 2.82168e-06 2.61917e-05 0.000133848 -2.073e-06 -4.94647e-09 -6.91107e-05 3.07729e-06 -3.10482e-06 1.63916e-06 1.65865e-05 -5.02142e-07 -2.15828e-06 2.36293e-06 -7.50386e-07 1.17708e-05 
-6.56471e-07 3.78662e-06 -0.000855719 -7.0682e-05 -8.15132e-07 -0.000701111 -2.84833e-07 -0.000441739 -5.05312e-07 1.65547e-06 7.63894e-06 5.77821e-07 4.47307e-05 -0.000560097 -0.000558748 0.000735873 1.04598e-05 -2.22682e-06 4.37182e-05 4.34217e-05 -3.03483e-07 6.67422e-05 0.00077215 -1.74419e-06 -3.09043e-05 -0.000118123 4.48492e-06 -0.000832529 0.000809512 0.000316096 -4.55371e-07 0.00203038 2.03798e-06 1.26748e-05 -2.12698e-07 -0.000151739 5.93978e-06 -0.000141706 4.19512e-06 0.000121855 0.000482026 5.54954e-07 0.000641907 5.59462e-07 2.51305e-06 4.90791e-07 1.71603e-05 -0.0011422 0.000421816 1.15089e-05 -4.82361e-06 -3.35066e-05 1.80951e-07 -4.1586e-05 -0.000963973 -5.00983e-05 -0.00122768 -0.000520087 -0.0008841 -2.56576e-08 -0.000469992 5.9979e-06 -1.60786e-07 1.54128e-06 -2.35859e-05 4.11786e-05 -8.15862e-07 0.00097047 -1.12076e-06 -5.75092e-08 -0.000346215 -7.98641e-08 -1.58634e-05 0.000994827 -7.08698e-07 -7.5342e-07 3.80334e-06 -5.6085e-05 1.85668e-06 9.00195e-06 9.61202e-08 0.000187012 1.026e-05 -3.22436e-07 0.000128455 4.42749e-05 0.000894677 0.000527734 5.15744e-05 -4.49629e-08 -0.000391234 1.68118e-05 2.20002e-06 2.02577e-06 -4.09151e-06 3.55648e-05 7.67741e-05 -1.02317e-05 -9.16028e-06 4.61168e-05 
-1.03702e-05 -1.35904e-06 -0.00746329 0.00621795 0.00018151 0.000635733 -1.72505e-06 -0.0051317 -4.48238e-06 0.000272974 -2.53437e-05 -5.9681e-07 -0.000465685 -0.0073446 0.00531637 0.00459246 0.00061665 0.00162463 7.10571e-05 -9.17042e-06 -1.03542e-06 -3.09036e-05 0.000625816 -9.75029e-06 -0.000299707 -0.00112345 -2.27011e-05 -0.00821276 0.00665862 0.000378789 -1.43751e-06 2.03798e-06 0.0142554 3.87031e-05 -5.12201e-07 -0.00399269 -0.00333283 -0.000669015 0.000689074 -0.000149214 0.000800233 -1.90018e-06 -9.51497e-06 4.85156e-05 8.21115e-05 9.60803e-06 8.31239e-06 -0.00244166 -7.30059e-05 4.52811e-07 -9.81399e-06 -0.000295103 -4.3222e-06 -0.000363814 0.000589898 0.000151308 -0.00607635 0.00363023 0.00217631 9.7314e-07 -0.000599309 -1.16232e-05 -2.1859e-06 -0.000116293 -7.83322e-05 -0.000187864 1.20985e-05 0.00028201 8.32398e-05 -4.08868e-07 -0.00107927 8.04448e-08 0.000259384 0.000562808 -4.93461e-06 3.68407e-05 8.95876e-05 -0.000798626 -2.9401e-05 0.000402613 -3.32813e-06 -0.00140143 0.000275216 4.58581e-06 -0.000319627 -6.05055e-05 -0.000944746 -0.00274027 -0.000165687 5.48033e-06 0.00668577 -6.43586e-05 -0.00186849 -2.98023e-06 -2.45068e-05 -7.67658e-05 -7.06704e-05 -7.03437e-05 -0.000105388 3.1681e-05 
