0.104518 0.0187327 0.0108308 -0.000870239 0.0203039 -0.00198501 7.97143e-05 -0.000115911 -0.0313304 0.000160513 -4.65899e-05 0.00269726 -0.000437389 -0.00599765 0.0178197 -0.0315965 0.0127183 0.0114967 0.00392184 0.010603 0.0239767 0.00348935 -0.00662601 -0.0194085 -0.00304073 -0.000610238 -0.00284057 -0.000186681 -5.73039e-06 0.0010857 -0.043648 0.00278491 0.0047918 -0.0264334 -0.0376186 -0.00062728 0.00838979 0.0256318 -8.97156e-06 -0.000621382 -0.00140347 -0.01682 0.00135529 8.80303e-05 0.0052401 0.00175878 0.00915492 0.0295925 0.00114691 -0.00421513 -0.0183945 -0.00286001 0.000680009 1.36162e-05 -0.0149537 -0.0195349 0.00979467 -0.00718745 0.000232759 -0.00260354 0.000189405 0.00605531 0.018623 -0.0163219 0.00032323 -0.0208745 0.0248781 0.000105617 0.018261 0.00360382 0.000122487 0.000271146 0.012077 0.00277821 -0.0144612 0.000848347 0.0446068 -0.00786295 0.000150441 -9.73562e-05 0.000234904 0.00506108 -5.39631e-07 0.003171 -0.0323685 -2.53178e-05 -4.42351e-05 0.00565562 -0.0507544 3.90925e-05 5.57155e-05 4.42862e-05 -0.0376607 -0.0122891 0.000234935 7.50053e-05 -0.0239696 -0.00964062 -6.4528e-05 0.0379086 
0.0187327 0.0228779 0.00868971 0.00013705 0.00198537 -0.00116699 -7.48385e-06 -2.27616e-05 -0.00722063 4.53399e-05 -0.000309265 0.000756183 0.000151306 -0.00116851 0.00248148 -0.00588985 0.000698828 0.000222954 -0.00104338 -0.000140892 0.00187832 0.000372105 -0.000438882 -0.00161978 -0.000619963 -6.98382e-05 -0.000549863 -1.50849e-06 2.1505e-06 4.13783e-05 -0.0117822 0.000303837 0.000469141 -0.00439224 -0.00742831 -0.000134875 -0.00237844 0.00370038 -2.11463e-05 -0.000108588 -0.000161958 -0.00266748 -0.000244459 2.35921e-06 -0.00199514 0.000356963 0.00191743 0.00594223 -8.2811e-05 -0.00204242 -0.00442706 -0.000633997 2.14477e-06 2.16563e-05 -0.00556169 -0.00559501 0.001218 -0.00184704 -0.000203152 -0.000631736 -2.24665e-05 -0.00115846 0.0099 -0.000958791 3.93604e-05 -0.0028774 0.00344478 0.000191431 0.0086368 0.00108614 0.000512484 0.000190688 -0.000212461 0.00265128 -0.000689924 0.000111789 0.0124898 -0.00299224 1.95094e-05 -3.0692e-05 2.76506e-05 0.000595974 -4.37014e-06 0.00245915 -0.00629748 9.64905e-05 -4.14571e-05 -0.000627603 -0.0108596 -4.27972e-05 -5.91351e-06 -7.75081e-06 -0.0127703 -0.00345476 5.31971e-05 -3.91553e-06 -0.00626619 -0.00197795 0.000139981 0.00825844 
0.0108308 0.00868971 0.119295 0.00520598 -0.00899917 -0.00600583 -0.000193792 0.000260861 -0.0124459 0.000366223 0.0125163 0.000380552 -0.00087434 -0.0129149 -0.00017353 0.0111068 0.0187439 -0.00153348 -0.022648 0.00241993 -0.00178434 -0.000619385 -0.000285212 0.0159687 -0.00333039 -0.00223469 0.00133817 0.000480812 -8.6533e-06 0.000846668 -0.048944 0.000579569 -0.00125482 0.000558004 -0.00599224 0.000123179 -0.0316936 -0.00225085 0.000166895 0.000575198 0.000751155 0.00329412 8.2909e-05 -0.000949025 -0.00597929 0.000615198 -0.00114106 0.0334621 -0.000491123 0.009353 -0.0249367 -0.00440148 -9.16333e-05 1.86441e-05 -0.029684 -0.0224568 -0.00173096 -0.00911004 0.000854944 -0.00363039 0.000875477 -0.00245984 0.028952 0.0277388 1.73988e-05 0.00889765 -0.00158873 7.13283e-05 0.0538372 0.0022458 -0.00041322 -3.15521e-05 -0.00712692 -1.3456e-05 0.0240082 -0.000375753 0.0015237 -0.0242319 -4.70837e-05 -1.53171e-05 0.000142698 0.00322575 -6.10013e-05 -0.0027177 -0.0272257 -0.000686405 0.00148465 0.000295954 -0.0589456 0.00154042 -4.58543e-05 0.000136606 -0.0614312 -0.0184564 1.01569e-05 2.16641e-05 0.0231335 -0.0132548 -0.000615123 0.0514886 
-0.000870239 0.00013705 0.00520598 0.0111146 -0.00112899 -0.000550722 -1.97466e-05 -8.74264e-06 0.000914001 -4.30694e-06 0.00173252 0.000322922 -8.6799e-05 -0.00146501 0.000265825 -0.00126379 -0.000175207 -0.000700817 -0.00281053 0.000207172 -0.000348807 0.000181074 0.000201583 0.00115142 -0.000264886 -0.0001686 0.000193854 -1.50213e-05 -1.17222e-06 0.000270651 -0.00412245 7.22375e-05 -0.000237846 -5.60053e-05 0.00275685 -7.31971e-05 -0.0025531 -0.000337408 -1.12024e-05 0.000122972 7.38169e-05 -0.00042729 -5.74669e-05 -7.57463e-05 -0.00087406 1.39775e-05 -0.000192396 0.000609814 -4.16709e-05 -0.00106474 -0.00108262 -0.000235372 -1.17953e-05 -2.50801e-06 -0.00237302 -0.00245197 -0.000160464 -5.41643e-05 8.94093e-05 -0.00017027 6.08441e-05 -0.000692401 0.000237177 0.00204442 0.000130541 -3.45384e-05 5.09011e-05 6.93561e-06 0.00186264 -0.00023669 -5.95223e-05 1.75048e-05 -0.000666066 1.25724e-05 0.00183844 -3.4644e-05 -0.000314465 -0.00192404 -4.79914e-06 2.11933e-06 -1.81441e-05 -0.000136855 -4.21537e-06 -0.000314044 -0.000414031 -8.02269e-05 -9.79403e-06 -0.000261249 -0.00284603 0.000120896 -5.46678e-06 -1.39986e-06 -0.00357495 -0.00152467 -5.63406e-06 -1.91306e-06 0.00245098 0.000459495 0.000437917 0.00434481 
0.0203039 0.00198537 -0.00899917 -0.00112899 0.119702 -0.00237077 7.62128e-05 0.000156614 -0.0386527 7.38634e-05 -0.0034529 5.31139e-05 -0.000819367 0.019696 0.0139795 -0.0192297 -0.00508309 0.013564 0.00166097 0.00464599 0.0105007 0.00407915 -0.0126026 -0.0174358 0.00241686 -0.00148198 -0.00351691 -0.000348596 -1.19714e-05 -0.00021164 -0.0279925 0.00172956 0.00144633 -0.0107202 -0.0314899 0.00209981 0.0298172 0.0117568 1.08237e-05 0.001799 0.00158362 -0.00453099 0.00565525 -0.000344413 -0.000810371 0.000171505 0.00877853 0.0304956 0.00148773 -0.0072848 -0.0108717 -0.00121797 0.000424739 3.04908e-05 0.00945685 -0.00730669 0.0105521 -0.0030884 0.00174861 -0.00277432 -0.000231908 0.00924824 -0.00291516 -0.0264637 -0.000100395 -0.0191822 0.0125952 0.000559503 -0.00484015 0.00193731 0.000923044 -2.34743e-05 0.0270253 0.000191483 -0.0194122 0.000822635 0.00718653 -0.0097576 0.000274776 0.000706087 0.000491408 0.00420585 -2.66251e-05 0.0141388 -0.0252903 0.00375441 -0.000150574 0.00278178 -0.0513726 -0.000675867 6.57777e-05 -3.67505e-05 -0.000639118 -0.00408125 9.43159e-06 1.39233e-05 -0.0203771 -0.0139482 -0.00113413 0.00556792 
-0.00198501 -0.00116699 -0.00600583 -0.000550722 -0.00237077 0.0490942 0.000664548 1.07457e-05 -0.00941815 -2.97053e-05 -0.00583217 -0.000122824 8.7244e-05 -0.00526272 -0.00143169 -0.00861232 -0.00331981 -0.00351618 -0.00488744 0.000530787 -0.00122138 -0.00340407 0.000953901 -0.00405008 0.000201043 0.000907494 0.00470131 0.000246927 3.74263e-06 -0.000238997 0.0108797 -0.000281824 0.00199957 0.00155094 -0.0115212 -0.0002893 0.0142401 -0.00146056 -1.97971e-05 0.00257006 -0.000658604 -0.00729784 0.000434849 0.00155688 -0.00338105 -0.000107107 0.000312027 -0.0176749 -8.55545e-05 -0.00493776 0.0166934 -0.00189014 -5.27975e-05 -1.29647e-05 0.0143839 0.0142117 -0.000812054 -0.00198905 -0.000524915 -0.00111907 -0.000174399 -0.00264871 -0.00272887 -0.0174789 -2.98406e-05 -0.00124922 -0.00149615 -1.68351e-05 -0.00497307 -0.000311557 -9.81439e-05 -1.76956e-05 -0.00265062 -0.00015638 -0.0124491 -6.74562e-05 -0.000344198 0.0197861 -1.97711e-05 -1.5954e-05 -0.000112897 -0.00101257 0.000180769 -0.000902793 0.00774972 -0.000435297 -9.29013e-05 0.0038603 0.0106802 7.92497e-05 2.93198e-05 -3.05189e-05 0.00721295 0.00495035 6.46177e-05 1.98563e-05 -0.0161816 -0.00155485 0.00104255 -0.00709749 
7.97143e-05 -7.48385e-06 -0.000193792 -1.97466e-05 7.62128e-05 0.000664548 0.00190327 3.04321e-07 -0.000428948 2.75977e-06 -0.000216331 3.84309e-05 -1.29696e-05 4.38446e-05 7.62328e-05 -0.000308183 0.000151358 -5.55159e-05 -0.000463769 0.000201638 0.000231671 -4.8138e-05 1.42496e-05 -0.00103258 -3.31196e-05 0.00012525 5.53469e-05 -2.18752e-06 -1.45382e-07 -5.2916e-06 3.42308e-05 3.94163e-05 5.09217e-06 -0.000422661 -0.000795199 -1.24127e-05 0.000447672 0.000338065 2.18582e-08 6.94685e-05 1.7079e-05 -0.000947979 9.09222e-05 0.000149872 -0.000133934 -2.78348e-06 8.4877e-05 -0.000141313 -3.25791e-06 -0.00024048 0.000256836 -4.45456e-05 -4.69699e-07 -3.37559e-07 0.000310993 0.000401651 8.0286e-05 -0.000135572 -1.86831e-05 -4.85556e-05 -5.26568e-06 0.00018704 -1.60784e-05 -0.000948973 2.30262e-06 -0.000151062 0.000363426 4.53611e-07 0.000137782 -1.80412e-05 -9.95257e-06 -4.17421e-07 0.000268009 3.44332e-05 -0.000855315 6.43412e-06 9.60812e-05 0.0007619 -8.14124e-07 -1.98432e-06 1.89432e-06 2.73944e-05 5.98463e-05 -5.20064e-05 -0.000101581 -1.4848e-05 1.64484e-05 0.00015772 4.82962e-05 -1.17632e-05 1.20933e-06 -5.45787e-07 0.000548748 0.000692141 3.51031e-06 1.61447e-06 -0.000905962 -0.000209515 3.18897e-05 -0.000359386 
-0.000115911 -2.27616e-05 0.000260861 -8.74264e-06 0.000156614 1.07457e-05 3.04321e-07 0.00120824 -0.000165593 2.89543e-05 -3.60888e-05 -2.65475e-06 -2.74373e-06 0.00029654 -4.77288e-05 0.000411172 -9.48595e-05 0.000444309 -0.000303782 -2.62694e-05 -3.28038e-05 -0.00035797 -0.000420654 -0.000259883 6.45538e-05 -2.29752e-05 1.27642e-05 -1.1889e-06 6.54814e-08 -5.02542e-06 -0.000520355 0.000198254 -2.05481e-05 -0.000298156 -0.000233823 0.000376323 -0.000269057 -2.30211e-05 6.94278e-05 0.000106066 0.000327477 -0.000260281 5.62541e-05 -7.79962e-06 -0.000107466 0.00026618 -2.52286e-05 -0.000206665 -3.08443e-06 4.57202e-05 -0.000137413 -4.33742e-05 -2.44392e-07 1.28942e-05 -0.00010146 0.000217443 0.000220037 -5.19274e-05 0.00032989 -2.11226e-05 3.26003e-05 -7.85021e-05 0.000172735 -0.000423409 -1.33709e-06 0.000472708 -4.21417e-05 1.68546e-06 -1.69429e-05 -1.29727e-05 4.79921e-05 -5.25601e-07 -7.47938e-05 -1.38434e-07 2.9556e-05 7.17718e-08 -8.62225e-05 -0.000122356 6.61317e-07 4.59768e-06 -7.92673e-07 -8.13626e-06 -8.79095e-08 -1.63262e-05 -0.000212244 2.181e-05 0.000330227 -2.56817e-07 -0.000498732 -6.50497e-06 3.1664e-06 3.42913e-05 -3.45166e-05 -4.71501e-05 9.94388e-07 5.55854e-05 -0.00016221 -3.2263e-05 -1.02474e-05 -0.000182299 
-0.0313304 -0.00722063 -0.0124459 0.000914001 -0.0386527 -0.00941815 -0.000428948 -0.000165593 0.224074 -0.000244333 0.0386127 -0.0011129 0.00196597 -0.0450175 -0.0162471 0.0122713 -0.0202015 -0.0237042 -0.00968822 -0.00860279 -0.0114916 0.00286154 0.00998862 0.0470891 -6.842e-05 -0.00654805 -0.0126439 -0.000770518 1.92493e-05 -0.000592564 0.0306122 -0.00195543 -0.00220181 0.0144807 0.0443144 -0.00206075 -0.0636464 -0.0129028 -0.000325377 -0.00223122 -0.00467952 0.0100423 -0.00474925 -0.00228563 0.0236873 -0.000779216 -0.00878965 0.0351256 -0.0010375 -0.0314048 0.00529479 -0.00183629 -0.00034777 -7.02064e-05 -0.0733334 -0.0459189 -0.00646909 0.0220619 -0.00320816 0.00875932 -0.0011755 -0.00775832 -0.0142311 0.0824317 -0.000390163 0.0181672 -0.0146371 -0.000243506 -0.0231822 -0.00539352 -0.00176563 -0.000146074 -0.0181762 -0.00115187 0.0674803 -0.000866878 -0.0232193 -0.0548422 -0.000137624 -0.000739454 -0.000260781 -0.00261619 -0.000121121 -0.00484985 -0.00855754 -0.00219917 -0.000569338 -0.00977578 0.051686 -0.00220948 -7.30305e-05 6.74814e-05 -0.0375917 -0.0457461 -0.000155311 -0.000119474 0.0730857 0.0161723 -0.00119831 -0.0303369 
0.000160513 4.53399e-05 0.000366223 -4.30694e-06 7.38634e-05 -2.97053e-05 2.75977e-06 2.89543e-05 -0.000244333 0.000836144 3.35331e-05 1.09266e-05 8.96326e-08 0.000157396 1.63557e-05 0.000165931 0.000252509 0.000218681 -5.27836e-05 6.10792e-05 9.76634e-05 -0.000107724 -0.000280239 -0.00021728 8.7842e-05 3.76556e-06 -1.02261e-05 1.42166e-05 -9.30571e-08 -2.53819e-06 -0.000328051 0.000123313 -5.60477e-07 -0.0003853 -0.000348403 0.000131 -0.000147988 6.51117e-05 0.000174666 1.51299e-05 0.000224918 -0.000323354 -1.76124e-05 -5.84911e-06 -6.40226e-05 1.35994e-05 5.49492e-06 -5.54696e-06 1.41311e-05 -0.000107555 -0.000129982 -2.78868e-05 4.93875e-07 -4.1527e-10 -0.000182863 0.000208888 -5.24961e-06 -4.93905e-05 6.63121e-05 -2.1187e-05 0.000181578 0.000145078 0.000462528 -0.000346875 1.91186e-06 -3.876e-06 0.000187976 1.79326e-05 0.000244421 4.28091e-05 1.38533e-06 -1.91552e-08 0.000102264 1.8832e-05 -0.000322764 5.43114e-07 -1.9533e-05 -0.000139688 1.0939e-07 -1.23668e-06 -1.53838e-06 -1.5898e-05 -1.65683e-07 1.71446e-05 -0.000261345 2.81577e-05 0.000268977 1.18258e-05 -0.000387892 -1.76483e-06 -2.63626e-08 1.41316e-06 -0.000392541 4.17586e-05 -4.34322e-07 8.30811e-06 -0.000357505 -7.82552e-05 1.64517e-05 -4.68556e-05 
-4.65899e-05 -0.000309265 0.0125163 0.00173252 -0.0034529 -0.00583217 -0.000216331 -3.60888e-05 0.0386127 3.35331e-05 0.112362 -0.000423263 -0.000790495 -0.0118445 -0.00454741 0.0307819 0.0016682 -0.00827467 0.0210453 -0.00285225 -0.00427528 0.00379471 0.00155283 0.0187113 -0.000530018 -0.00217322 -0.004778 -0.000354363 -3.4674e-06 0.00119879 -0.0207638 -0.000702299 -0.00212726 0.00455718 -0.019705 -0.000699029 -0.0278415 -0.00481277 -0.000123261 -0.000288413 -0.00154561 0.0104945 0.000235731 -0.000770333 0.0285241 -0.000153546 -0.00172504 0.0405487 -0.000252312 -0.0279588 -0.023788 -0.00190517 -0.00012468 2.56589e-05 -0.0297881 -0.0175014 -0.00222435 -0.00926781 -0.00136327 -0.00283589 -0.000401987 -0.00792126 0.0153599 0.0312011 -0.000156155 0.00820355 -0.00563218 2.70823e-05 0.0120554 -0.00226645 -0.000523838 -5.37394e-05 -0.0014216 -0.000439217 0.023734 -0.000375426 0.00604137 -0.0218507 -4.2787e-05 -0.000303054 0.000362116 -0.000268689 -6.06325e-05 -0.0016547 -0.0233567 -0.000555701 -0.000193771 -0.00426269 -0.0364643 -0.000110228 -5.89071e-06 0.000205916 -0.0452139 -0.0185795 -5.50528e-05 -3.50017e-05 0.0233882 -0.0135104 -0.00114951 -0.0131016 
0.00269726 0.000756183 0.000380552 0.000322922 5.31139e-05 -0.000122824 3.84309e-05 -2.65475e-06 -0.0011129 1.09266e-05 -0.000423263 0.00327676 0.000157517 -0.000333966 0.00161283 -0.000873614 0.00209658 0.000480466 -0.000806118 0.00128648 0.00187916 6.93217e-05 -0.000295545 -0.00266834 -9.39603e-05 4.04573e-06 -6.06481e-05 7.2153e-06 -3.65577e-07 -1.45522e-05 -0.00168335 0.000603926 0.000179767 -0.00301412 -0.00100969 -2.03677e-05 0.000156173 0.00257146 4.04594e-06 -5.10044e-06 7.21225e-06 -0.00285849 8.55187e-05 -2.29228e-05 -0.000323313 0.00010438 0.000337582 -0.00041686 3.90461e-05 -0.000654348 -0.000602075 -0.000126104 0.000122105 -8.30987e-07 -0.000743042 -0.000658643 0.000129502 -0.000245137 0.000135197 -5.00671e-05 0.000202923 0.0019128 0.000716001 -0.00229491 0.000175599 -0.000875411 0.00291636 7.08521e-05 0.00108245 0.000107582 -8.83044e-06 6.12494e-05 0.00132589 0.000644813 -0.00237667 -3.5432e-07 0.000709095 -0.000300919 -1.15913e-06 4.3433e-06 -6.11416e-06 8.17042e-06 3.53245e-06 -8.52665e-05 -0.00102745 -5.33495e-06 7.47429e-05 0.000203914 -0.00148628 -3.71074e-06 8.87978e-06 8.64379e-06 -0.00162418 -0.000355923 0.000139772 6.57335e-05 -0.00226701 2.10817e-05 0.000229902 0.00166274 
-0.000437389 0.000151306 -0.00087434 -8.6799e-05 -0.000819367 8.7244e-05 -1.29696e-05 -2.74373e-06 0.00196597 8.96326e-08 -0.000790495 0.000157517 0.00833308 -0.000976071 0.00038735 0.0045606 0.000808425 -0.00045966 0.0017824 0.000201955 0.000301055 -0.000719482 9.6539e-05 0.000164113 -0.000230081 -5.71285e-05 0.000109767 1.5075e-06 1.19988e-05 0.000152534 0.00193883 1.52912e-05 -9.56602e-05 -0.00081014 0.00278674 -4.0169e-05 -0.00191339 0.000710418 9.17807e-05 6.15476e-05 -0.000110143 -0.000794158 -0.000207663 -5.45708e-05 -0.000778401 2.57173e-05 -0.000149002 -0.00257259 5.13804e-05 -0.001256 -0.00139115 -0.000282408 4.54595e-06 -2.12418e-06 -0.0019844 -0.000171633 -0.000140919 -0.000509753 -8.4861e-05 -1.88127e-05 -1.26587e-05 0.00369556 -1.80285e-06 1.43705e-05 -2.25821e-06 -0.00127077 0.000351194 -6.08568e-06 -0.000338964 0.000233789 -2.11467e-05 1.45598e-05 0.00111694 0.000272842 0.000711709 -2.55331e-05 -0.00039237 -0.00105879 -3.51004e-06 -1.76147e-05 -2.21411e-05 -0.000144994 -4.00698e-06 -4.37746e-05 -0.00173736 9.47507e-06 2.31077e-05 -7.86722e-05 -0.00357926 -1.05004e-06 -3.51445e-06 8.52174e-06 -0.00176488 -0.00105205 8.80515e-06 1.57674e-05 0.00113851 -0.000903588 -4.3252e-05 -0.00121032 
-0.00599765 -0.00116851 -0.0129149 -0.00146501 0.019696 -0.00526272 4.38446e-05 0.00029654 -0.0450175 0.000157396 -0.0118445 -0.000333966 -0.000976071 0.12145 -0.000496793 0.0525243 -0.00201779 0.03347 0.0350744 -0.0030964 -0.00381237 0.00470547 -0.00718947 -0.0675515 0.00905843 0.00515938 -0.00545049 -0.000315588 -1.41861e-05 -0.000630905 0.0230164 -0.000608856 -0.00158079 0.00190561 -0.0629289 0.00333075 0.0635733 -0.00316226 -8.84763e-05 -0.00103031 0.00948573 0.00609151 -0.00305296 0.00266664 -0.0141972 0.000116547 -0.00329795 -0.0319451 -0.000493463 -0.0262765 -0.0199436 -0.00534012 0.000436828 0.00013881 0.0798454 0.0782833 -0.00042934 -0.0103478 0.00454526 -0.00365564 0.00123929 -0.00429158 -0.00488989 -0.0867053 -0.000152672 -0.0182889 0.000187824 -0.000119396 -0.010344 -0.00108614 0.00173693 -5.42859e-05 0.00146635 -0.000430722 -0.0840967 0.000884144 -0.00964273 0.0748522 0.000114172 -8.8969e-05 -0.000159099 0.00425791 1.95605e-05 0.00551505 -0.0373275 0.00450734 0.000752034 -0.00447045 -0.0133362 -0.000802503 -3.80172e-05 -6.27746e-05 0.0275364 0.0839613 -5.84632e-05 2.75676e-05 -0.0824828 -0.0160957 -0.00117962 -0.0219904 
0.0178197 0.00248148 -0.00017353 0.000265825 0.0139795 -0.00143169 7.62328e-05 -4.77288e-05 -0.0162471 1.63557e-05 -0.00454741 0.00161283 0.00038735 -0.000496793 0.0463654 -0.00949341 0.0175009 0.0117727 -0.00230818 0.00507012 0.0136207 0.0015781 -0.00963414 -0.0204646 3.10868e-05 0.00219528 -0.00171432 -8.22865e-05 -5.42001e-06 -0.000174057 -0.0154989 0.00170406 0.000573541 -0.0178282 -0.0112568 0.000556291 0.0170962 0.0174227 9.61929e-05 0.00016781 -0.00053177 -0.0143174 0.000116832 0.000255114 -0.00204785 0.00151971 0.00268371 0.00636626 0.00193957 -0.00870321 -0.00716794 -0.00154346 0.000489807 -6.37569e-06 0.0058863 -0.000295439 0.00727656 -0.00247527 0.000641479 -0.00130083 -0.000133368 0.00277233 -0.000455332 -0.0246972 0.000491447 -0.0131046 0.0172092 -3.71699e-05 0.0129761 0.00164605 0.000145457 0.000244367 0.0017276 0.00139561 -0.0222804 0.000255516 0.010039 -0.000826497 0.000165691 -6.71066e-05 -0.000104304 0.000124321 4.27597e-05 0.00284244 -0.0113646 0.00113836 -6.12924e-05 0.00221419 -0.0167659 -0.000340565 -1.95081e-05 1.53196e-05 -0.00616778 -0.000117352 -1.54189e-05 -1.12313e-05 -0.0219621 0.000436837 0.0021181 0.0107597 
-0.0315965 -0.00588985 0.0111068 -0.00126379 -0.0192297 -0.00861232 -0.000308183 0.000411172 0.0122713 0.000165931 0.0307819 -0.000873614 0.0045606 0.0525243 -0.00949341 0.209464 0.00790758 0.016822 0.0699292 -0.00286445 -0.00683163 0.00704025 -0.00591178 -0.0252903 0.00493027 0.0044929 -0.00985665 -0.000325045 -9.11521e-07 -0.000402484 0.0521796 -0.000626321 -0.00595723 0.00335178 -0.0562959 0.00412113 0.023046 -0.0060967 0.000271372 -0.00161851 0.00470352 0.0139634 -0.00590645 -3.68773e-05 -0.00958402 -0.000286986 -0.00716393 -0.00249147 -0.000143889 -0.0595764 -0.0484863 -0.0104771 -9.76708e-05 9.80631e-05 0.0373359 0.0734797 -0.00238406 -0.0214172 0.00239926 -0.00684187 0.000780422 0.00917544 0.0122378 -0.0529425 -0.000334856 -0.00843505 -0.0072342 -0.00026931 0.00860463 0.00183319 0.00167417 -0.000103589 0.00892967 -0.000777394 -0.0478405 -0.000421957 -0.0174844 0.0431291 -8.70877e-05 -0.000697929 -0.000389445 -0.00537081 -0.00011434 0.00397899 -0.0764393 0.00220522 0.00110807 -0.0085917 -0.0379628 -0.00159644 -9.80785e-05 3.84734e-05 -0.0233753 0.0507462 -0.000127596 0.000114818 -0.0453435 -0.0327851 -0.00260216 -0.0462497 
0.0127183 0.000698828 0.0187439 -0.000175207 -0.00508309 -0.00331981 0.000151358 -9.48595e-05 -0.0202015 0.000252509 0.0016682 0.00209658 0.000808425 -0.00201779 0.0175009 0.00790758 0.0805777 0.00808864 -0.0080521 0.0156168 0.017134 0.00221605 -0.00275157 -0.0243538 -0.00109764 0.00434137 -0.00193393 0.000509099 -9.20681e-06 -0.000211119 -0.0234762 0.0019046 -0.000908178 -0.0242223 -0.00607944 0.000121246 0.00881375 0.0207626 0.000399402 -0.000430286 -0.000563272 -0.0237657 0.00363709 -0.000550493 -0.00854402 0.000677669 -0.000347456 0.0124405 0.000526609 -0.00717306 -0.00885718 -0.00348638 0.000466661 -2.15422e-05 0.000623719 -0.00365516 0.00533074 -0.00287218 -0.000214542 -0.00170005 9.60418e-05 0.0162869 0.00585721 -0.0283425 0.00063379 -0.0206175 0.0215151 -8.66564e-05 0.0226834 0.000651877 -0.000346135 0.000149862 0.00910675 0.00120924 -0.0225688 -0.000218548 0.00221361 0.00583271 -2.7348e-05 -0.000160774 -0.000164392 0.000514756 0.000128954 -0.00157067 -0.0270311 0.000519533 0.000634011 0.0030099 -0.0247507 -0.000329176 -2.84048e-05 -2.92954e-05 -0.0165956 0.00705935 -1.97525e-05 -2.62649e-07 -0.0230299 -0.00363098 0.00248447 0.0083953 
0.0114967 0.000222954 -0.00153348 -0.000700817 0.013564 -0.00351618 -5.55159e-05 0.000444309 -0.0237042 0.000218681 -0.00827467 0.000480466 -0.00045966 0.03347 0.0117727 0.016822 0.00808864 0.0659054 0.0133657 0.000681055 0.00568299 0.0015802 -0.0182845 -0.0335954 0.00995079 -0.000686894 -0.00205328 -0.000160728 -7.28825e-06 -0.00013139 0.000491915 0.000592801 -0.00122116 -0.00822527 -0.0284528 0.00519582 0.0210531 0.00729695 0.000290928 -0.000405471 0.00274266 -0.00332252 -0.00128954 -7.90827e-05 -0.00706872 0.000959091 -0.00171121 -0.00980561 0.0012678 -0.0111715 -0.0134744 -0.00288704 0.000840507 5.7136e-05 0.0336716 0.0291867 0.00427575 -0.00545021 0.00481664 -0.00167698 0.000970235 0.00344952 -0.00210434 -0.0418488 4.02925e-05 -0.0156669 0.00831031 -7.66528e-05 0.000218537 -0.00134534 0.00227104 -1.14993e-05 0.00559173 -8.16046e-05 -0.0360984 0.00024063 -0.00237461 0.0214289 8.77366e-05 -7.08866e-05 -8.37234e-05 0.00401399 -1.04016e-05 0.0061294 -0.0212527 0.00389716 0.000630078 -0.00151121 -0.0316606 -0.000355831 2.00667e-05 4.42121e-05 -0.00419218 0.0253361 5.72332e-07 0.000112354 -0.0409237 -0.00792902 -0.000358062 0.00808323 
0.00392184 -0.00104338 -0.022648 -0.00281053 0.00166097 -0.00488744 -0.000463769 -0.000303782 -0.00968822 -5.27836e-05 0.0210453 -0.000806118 0.0017824 0.0350744 -0.00230818 0.0699292 -0.0080521 0.0133657 0.203159 -0.00686715 -0.00848111 0.00849939 -0.0131124 -0.016316 0.00148536 -0.00278479 -0.00892099 -0.000400949 -1.92212e-06 0.0012144 0.0685431 -0.0011993 -0.00532213 0.00979442 -0.0708649 0.00140944 0.0433075 -0.0102895 -0.000232043 -0.0018211 -0.000436554 0.0234685 -0.0066216 0.00216988 0.0201205 -0.000372069 -0.00173316 -0.0151567 0.00221744 -0.057259 -0.0456338 -0.0103754 -7.77184e-05 -2.28871e-06 0.0355406 0.0699243 -0.000720036 -0.0190936 0.000853218 -0.00697592 0.000611279 -0.00260221 -0.00304322 -0.0387114 -0.000325378 -0.0528062 -0.0112574 -0.000250793 -0.0243085 -0.00391635 0.000735585 -0.000120609 0.0126261 -0.000904713 -0.0423222 0.000897757 0.0235804 0.0372741 7.49669e-05 -0.000466714 -0.000293436 -0.00522192 -0.000104555 0.0139971 -0.0503911 0.00253849 -0.000533675 -0.00858621 -0.026178 -0.000692971 -3.4745e-05 3.62318e-05 -0.0571504 0.0334561 -9.66851e-05 8.69388e-05 -0.0472715 -0.0269189 -0.00167928 0.00592342 
0.010603 -0.000140892 0.00241993 0.000207172 0.00464599 0.000530787 0.000201638 -2.62694e-05 -0.00860279 6.10792e-05 -0.00285225 0.00128648 0.000201955 -0.0030964 0.00507012 -0.00286445 0.0156168 0.000681055 -0.00686715 0.0270408 0.0151945 0.000175344 -0.000226177 -0.0162868 -0.00018707 0.00162848 -0.000586162 0.000731605 -2.87075e-06 -0.000101329 -0.0104329 0.000981023 0.0018692 -0.0179353 -0.00811236 -0.000108828 0.0110703 0.0169489 0.000123003 -0.000110425 -0.000351492 -0.018821 0.000450487 -0.000177186 -0.00261718 0.000157074 0.00429485 0.00451365 0.000138468 -0.0040997 -0.00367461 -0.00105983 1.79325e-05 -7.00835e-06 0.000652995 -0.00395806 0.0054452 -0.00217773 -0.000184565 -0.000719951 -4.84825e-05 0.00869743 -0.001781 -0.0145871 0.000188269 -0.00672612 0.0168792 0.000323499 0.00269726 0.00141382 -0.000121278 1.67047e-06 0.0110934 -2.66985e-05 -0.0147939 -8.28449e-05 0.00670416 0.00162247 -1.02971e-05 3.22804e-05 2.23268e-05 -0.000179754 3.396e-05 0.0004726 -0.00772535 -8.41966e-05 -9.87173e-06 0.00810798 -0.0100502 -0.000174043 2.4087e-05 -8.45054e-06 -0.00352699 0.00153804 -8.95794e-06 4.20148e-06 -0.014122 -0.00312658 1.09665e-05 0.000755269 
0.0239767 0.00187832 -0.00178434 -0.000348807 0.0105007 -0.00122138 0.000231671 -3.28038e-05 -0.0114916 9.76634e-05 -0.00427528 0.00187916 0.000301055 -0.00381237 0.0136207 -0.00683163 0.017134 0.00568299 -0.00848111 0.0151945 0.0337902 0.00106252 -0.00214774 -0.0270774 -0.000809643 0.00263769 -0.0012205 0.000113476 -3.84938e-06 -0.000161266 -0.017035 0.0033224 0.00594126 -0.0300048 -0.0134124 -9.14848e-05 0.0150117 0.028998 0.000535282 -6.38766e-05 -0.000221374 -0.0268018 0.000407878 -0.000198535 -0.00285276 0.00137928 0.00795363 0.00495794 0.000325626 -0.00760362 -0.00629792 -0.00113577 0.000509548 -4.78431e-06 -0.00131643 -0.00717439 0.0111312 -0.00263746 0.000297409 -0.000782646 0.000385428 0.0132988 -0.000541352 -0.023546 0.000140649 -0.00904217 0.0271154 0.000402629 0.00528132 0.000633482 0.000288772 0.000193508 0.0161265 0.00122303 -0.0228179 -4.30852e-05 0.0134947 -0.0025782 -9.19411e-06 -2.86527e-05 -6.51223e-05 0.0002547 3.15594e-05 0.00198989 -0.010632 -0.000162966 0.00044376 0.00761602 -0.0150689 -0.000263309 4.65356e-05 5.1863e-06 -0.00650937 0.000115357 0.000196071 8.56359e-05 -0.0231817 -0.00246256 0.000757533 0.00528802 
0.00348935 0.000372105 -0.000619385 0.000181074 0.00407915 -0.00340407 -4.8138e-05 -0.00035797 0.00286154 -0.000107724 0.00379471 6.93217e-05 -0.000719482 0.00470547 0.0015781 0.00704025 0.00221605 0.0015802 0.00849939 0.000175344 0.00106252 0.0337848 -0.000113493 -0.00132419 0.000396431 0.000712106 -0.013873 -0.00062824 -3.34179e-05 -0.000110709 -0.00485805 -0.000140336 -0.00176825 -0.000937176 -0.0136436 -0.0002481 0.00833146 0.00117752 -0.00014971 -0.00376562 6.48532e-05 0.0107643 -0.00208246 0.000178972 0.00247997 -0.000270673 -0.000753902 0.0163948 8.8586e-05 -0.0188822 -0.0118389 0.000227918 3.20571e-05 -5.07273e-06 0.00716888 0.00674302 0.000279261 -0.000247664 -0.000318717 -0.00336415 -6.74617e-05 0.00130484 0.00219071 -0.00888542 -5.48939e-06 -0.00140564 0.00146289 -9.88363e-05 0.00350132 0.000620955 0.000119517 -3.13328e-05 0.00187758 6.24026e-05 -0.00695337 8.86116e-05 0.00212213 0.00580947 3.53605e-06 -0.000612763 7.03276e-05 0.00056353 5.40452e-06 0.000742165 -0.0144924 0.000194594 -0.000353272 -0.00957989 -0.0055995 -0.00207617 6.01706e-06 -0.000262334 -0.00463051 0.00505131 -8.3962e-06 -0.000138238 -0.00918389 -0.00727924 3.27793e-05 -8.10475e-05 
-0.00662601 -0.000438882 -0.000285212 0.000201583 -0.0126026 0.000953901 1.42496e-05 -0.000420654 0.00998862 -0.000280239 0.00155283 -0.000295545 9.6539e-05 -0.00718947 -0.00963414 -0.00591178 -0.00275157 -0.0182845 -0.0131124 -0.000226177 -0.00214774 -0.000113493 0.0312789 0.00729896 -0.0057925 0.00056436 0.00104539 -0.000108326 2.51662e-06 -0.000450398 -0.00174671 -0.000687129 0.000606865 0.00402639 0.0145498 -0.00503966 -0.00817846 -0.00151834 -0.000368532 -0.000278129 -0.00238394 0.00113263 0.000256933 -0.00117107 -0.0030011 -0.00134535 0.00063815 0.00199441 -0.00285572 0.00618423 0.00532484 0.00113319 -0.000633447 -8.24519e-05 -0.0117922 -0.0148752 -0.00356505 0.00201375 -0.00412366 0.000422357 -0.000815216 -0.00145887 -0.000685187 0.0174135 -0.000161371 0.00820025 -0.00134064 -4.52767e-05 0.000392686 0.000106538 -0.00190905 -2.19224e-05 -0.00402791 -0.000138424 0.0169323 -7.54134e-05 -0.00177505 -0.00363322 -0.0002124 -0.000125646 -5.40964e-05 -0.000212756 -1.39655e-05 -0.0061299 0.00816019 -0.00349936 -0.000812662 0.000865874 0.0135591 -0.000792698 -1.96828e-05 -0.000289311 0.0137357 -0.00417264 -0.000113013 -0.000290327 0.0167548 0.00317344 -0.000235144 -0.0071969 
-0.0194085 -0.00161978 0.0159687 0.00115142 -0.0174358 -0.00405008 -0.00103258 -0.000259883 0.0470891 -0.00021728 0.0187113 -0.00266834 0.000164113 -0.0675515 -0.0204646 -0.0252903 -0.0243538 -0.0335954 -0.016316 -0.0162868 -0.0270774 -0.00132419 0.00729896 0.126899 -0.0102906 -0.0164584 0.00249218 -0.000214803 2.44017e-06 0.000667234 -0.00531756 -0.00328681 -0.00786655 0.0348214 0.0630391 -0.00272289 -0.0814517 -0.0316857 -0.000739092 -0.0013827 -0.00984337 0.0422628 0.000969431 -0.00290947 0.0151158 -0.00139734 -0.00640935 0.0382839 -0.000114166 0.0292487 0.00563881 0.00551836 -0.00079596 -0.000142802 -0.0748553 -0.0600531 -0.0117932 0.00930812 -0.004159 0.00322171 -0.00169217 -0.0136635 0.00581014 0.102938 -0.000744729 0.0356255 -0.0353505 -0.000449107 -0.00270846 -0.000585009 -0.00160807 -0.00035801 -0.0122079 -0.00256975 0.101109 -0.00105999 -0.00605408 -0.0714466 -3.45373e-05 -1.24227e-05 -9.5044e-06 -0.00267067 -0.000302976 -0.00313814 0.0413585 -0.00198572 -0.0012038 -0.00890771 0.0130601 0.000884711 -3.51051e-05 3.60113e-05 -0.0293516 -0.0808294 -0.000236151 -0.000185672 0.100678 0.0119345 -0.00396663 0.0149042 
-0.00304073 -0.000619963 -0.00333039 -0.000264886 0.00241686 0.000201043 -3.31196e-05 6.45538e-05 -6.842e-05 8.7842e-05 -0.000530018 -9.39603e-05 -0.000230081 0.00905843 3.10868e-05 0.00493027 -0.00109764 0.00995079 0.00148536 -0.00018707 -0.000809643 0.000396431 -0.0057925 -0.0102906 0.027872 0.00090507 -0.00108301 -2.07539e-05 -2.97982e-06 2.09368e-05 0.00563047 -0.000106538 0.000258483 0.000130995 -0.0111708 0.00331836 0.00706275 -0.000981081 0.00023937 -0.000224743 0.00282131 -0.00264143 -0.000950247 0.00020739 -0.0025201 -4.79924e-05 -0.000575263 -0.00662088 9.65467e-05 -0.00596668 -0.00323293 -0.00099871 6.94798e-05 7.23579e-05 0.0122906 0.0114099 -0.000344512 -0.00213867 0.00275001 0.0002589 0.000214812 0.00234905 -0.000841664 -0.010888 -3.27962e-05 -0.00318701 -0.00109785 -2.03474e-05 -0.00288524 -0.000571237 0.00143895 -9.41228e-06 -0.00120351 -9.83194e-05 -0.0109412 8.97401e-05 -0.00226665 0.00878415 -5.49547e-06 -3.1694e-05 -7.85167e-05 -0.000304972 8.01771e-06 5.74713e-05 -0.00426336 0.000890295 0.000189992 -0.000913674 -0.00428287 -7.52937e-05 4.82768e-06 3.43031e-05 -0.00228245 0.010821 -7.6707e-06 -8.40755e-06 -0.0108934 -0.00289652 -0.000219499 -0.00259687 
-0.000610238 -6.98382e-05 -0.00223469 -0.0001686 -0.00148198 0.000907494 0.00012525 -2.29752e-05 -0.00654805 3.76556e-06 -0.00217322 4.04573e-06 -5.71285e-05 0.00515938 0.00219528 0.0044929 0.00434137 -0.000686894 -0.00278479 0.00162848 0.00263769 0.000712106 0.00056436 -0.0164584 0.00090507 0.0229499 -0.000891292 4.7025e-05 -1.60234e-06 -2.13756e-06 0.00165034 -8.25786e-05 0.0028406 -0.00483882 -0.0113296 -4.8435e-05 0.0133491 0.00293677 0.000357656 -0.0001748 0.00483091 -0.0127353 -0.000817485 6.22423e-05 -0.00231983 -5.33594e-05 0.00117455 -0.0118317 -8.4791e-05 -0.00508339 0.00176397 -0.000369572 -9.60169e-06 5.48372e-05 0.0120494 0.00971908 -0.000408616 -0.00142844 4.77513e-05 -0.000378792 4.38275e-05 0.0024699 -0.00027894 -0.0144875 5.11005e-05 -0.00454409 0.00455645 -9.65486e-06 0.00310039 0.000225425 4.96994e-05 0.000128322 0.000962331 0.000519163 -0.0159848 8.96722e-06 0.000492852 0.0121504 -4.75614e-06 -4.93677e-05 -4.42119e-05 -0.000435464 4.84383e-05 -0.000610441 -0.00634029 -0.000187845 0.000411464 0.000605924 0.000800112 -5.88088e-05 -6.52877e-06 -8.57354e-06 0.0063714 0.0151845 1.46751e-07 -6.37822e-06 -0.0147278 -0.000324456 0.0026351 -0.00403027 
-0.00284057 -0.000549863 0.00133817 0.000193854 -0.00351691 0.00470131 5.53469e-05 1.27642e-05 -0.0126439 -1.02261e-05 -0.004778 -6.06481e-05 0.000109767 -0.00545049 -0.00171432 -0.00985665 -0.00193393 -0.00205328 -0.00892099 -0.000586162 -0.0012205 -0.013873 0.00104539 0.00249218 -0.00108301 -0.000891292 0.0376752 0.000682086 2.34173e-05 -0.000176476 0.000963367 -0.000222388 0.00211454 0.00172516 0.0148944 -0.000238066 -0.00724989 -0.00146229 -3.11449e-05 0.00399275 -0.000489815 -0.00937389 0.00487385 -0.000191622 -0.00348959 -9.27417e-05 0.00160893 -0.0127828 -0.000143875 0.0235935 0.00443458 -0.00148498 -4.11846e-05 -9.63392e-06 -0.00900987 -0.00858333 -0.000769568 -0.00126191 -0.000203407 -0.00103432 -9.91304e-05 -0.00198213 -0.00225432 0.0105201 -2.65514e-05 -0.00594875 -0.00171871 0.000141632 -0.00309009 -0.000686564 -0.000201948 -1.28198e-06 -0.00226065 -0.00011825 0.00813295 -9.40962e-05 -0.00262193 -0.00661101 -1.33301e-05 0.000660021 -9.3405e-05 -0.000482163 -1.39304e-05 -0.00112753 -0.000125645 -0.000287893 -7.75363e-05 0.0151168 -0.00781482 0.003405 -1.74578e-05 -1.37107e-05 0.00570914 -0.00575656 -1.13292e-05 1.36495e-05 0.0103254 3.95225e-05 -0.000221154 0.0135036 
-0.000186681 -1.50849e-06 0.000480812 -1.50213e-05 -0.000348596 0.000246927 -2.18752e-06 -1.1889e-06 -0.000770518 1.42166e-05 -0.000354363 7.2153e-06 1.5075e-06 -0.000315588 -8.22865e-05 -0.000325045 0.000509099 -0.000160728 -0.000400949 0.000731605 0.000113476 -0.00062824 -0.000108326 -0.000214803 -2.07539e-05 4.7025e-05 0.000682086 0.00322268 -3.59524e-07 2.23203e-05 -0.000830784 -1.80007e-05 0.000471219 -0.000406613 0.000172284 1.17482e-05 -0.000194982 0.000271424 2.00019e-06 0.00010589 1.77181e-05 -0.00123126 -6.27635e-05 -3.35347e-06 8.47314e-05 -4.57263e-06 0.00123289 -0.00115901 -9.42985e-06 0.000931592 -0.000555372 -4.87023e-05 -2.75939e-06 -3.72784e-07 -0.000418313 -0.000401752 -6.01714e-05 -0.000219971 2.57659e-06 -3.37765e-06 -3.4758e-06 1.75252e-05 -6.69479e-05 7.40157e-05 7.66192e-07 -0.000650112 0.00031446 0.000116056 -8.05243e-05 0.000130608 6.13895e-05 -1.16032e-06 -0.000145456 3.45575e-05 -0.000105149 -5.35323e-06 0.000832584 0.000106115 -7.80332e-07 0.000140319 7.24208e-05 -4.54837e-05 1.8314e-05 -2.32611e-05 -0.000226448 -2.46023e-05 2.10668e-05 0.000748834 -0.0012848 0.000158271 -1.44876e-06 1.32062e-06 -0.000807808 1.60324e-05 -2.24406e-08 1.92127e-06 0.000117765 -0.000120103 -1.25859e-05 0.000806827 
-5.73039e-06 2.1505e-06 -8.6533e-06 -1.17222e-06 -1.19714e-05 3.74263e-06 -1.45382e-07 6.54814e-08 1.92493e-05 -9.30571e-08 -3.4674e-06 -3.65577e-07 1.19988e-05 -1.41861e-05 -5.42001e-06 -9.11521e-07 -9.20681e-06 -7.28825e-06 -1.92212e-06 -2.87075e-06 -3.84938e-06 -3.34179e-05 2.51662e-06 2.44017e-06 -2.97982e-06 -1.60234e-06 2.34173e-05 -3.59524e-07 0.000111188 2.09837e-06 -2.62403e-05 3.7397e-06 2.15325e-06 -2.58662e-07 3.22396e-05 -3.47716e-07 -2.35211e-05 -4.17128e-06 -6.63738e-08 3.12199e-06 -1.24679e-06 -3.17016e-05 1.20084e-05 3.30055e-06 1.6448e-05 -1.10982e-07 -8.43782e-07 -1.68406e-06 -3.90002e-07 -4.06426e-06 1.59698e-05 -3.17608e-06 -1.17453e-07 -2.81077e-08 -2.59676e-05 -1.6943e-05 -2.21093e-06 -9.50185e-07 -3.83897e-07 6.00174e-06 -2.11837e-07 6.38045e-06 -6.73511e-06 2.42592e-05 -1.3721e-07 -2.11788e-05 -4.08944e-06 -1.43307e-07 -7.17672e-06 -4.48913e-07 -5.53138e-07 4.02946e-06 -2.24624e-07 -3.85527e-07 1.35194e-05 5.54618e-06 6.82084e-07 -1.66059e-05 -4.7475e-08 1.38647e-06 6.99005e-06 1.89585e-06 -5.30214e-08 -3.0916e-06 2.70434e-06 -9.64684e-08 5.84553e-08 1.51051e-05 -2.3363e-05 -8.38851e-07 -5.51787e-08 -6.61677e-08 -6.19998e-07 -1.59018e-05 4.02006e-06 1.42345e-06 2.68074e-05 -1.17221e-05 -9.57023e-07 -1.39172e-05 
0.0010857 4.13783e-05 0.000846668 0.000270651 -0.00021164 -0.000238997 -5.2916e-06 -5.02542e-06 -0.000592564 -2.53819e-06 0.00119879 -1.45522e-05 0.000152534 -0.000630905 -0.000174057 -0.000402484 -0.000211119 -0.00013139 0.0012144 -0.000101329 -0.000161266 -0.000110709 -0.000450398 0.000667234 2.09368e-05 -2.13756e-06 -0.000176476 2.23203e-05 2.09837e-06 0.00518339 -0.000753093 3.00758e-05 -0.000104177 0.000120681 -0.00113527 -2.96789e-05 -0.00100632 -0.000175752 6.07345e-07 -3.15446e-05 -6.24165e-05 2.99287e-05 -0.000108508 -2.87301e-05 0.000711627 -8.32141e-07 -6.77856e-05 0.000561742 -2.48244e-06 -0.000815192 -0.000982549 8.34983e-06 4.52005e-07 -7.26075e-08 -0.000983499 -0.00100585 -8.60538e-05 -0.00039467 0.000148429 6.8371e-05 -1.58167e-05 0.000178665 0.000585851 0.0012133 -3.05151e-06 -0.000321717 -0.000214591 1.91833e-06 0.000552697 -0.00010197 -2.6852e-05 -2.26392e-06 0.000471606 -1.5187e-05 0.000726497 -8.59194e-06 0.00175932 -0.00080705 4.75445e-07 -6.62755e-06 2.0356e-05 -8.99837e-05 -2.48445e-06 -7.502e-05 -0.000795992 -2.1276e-05 -1.9753e-06 -0.000172161 -0.00178957 3.33491e-05 1.35891e-06 4.56218e-05 -0.00232569 -0.000684411 -2.60427e-06 1.38639e-05 0.000563935 -0.000516198 -4.74897e-05 0.000890756 
-0.043648 -0.0117822 -0.048944 -0.00412245 -0.0279925 0.0108797 3.42308e-05 -0.000520355 0.0306122 -0.000328051 -0.0207638 -0.00168335 0.00193883 0.0230164 -0.0154989 0.0521796 -0.0234762 0.000491915 0.0685431 -0.0104329 -0.017035 -0.00485805 -0.00174671 -0.00531756 0.00563047 0.00165034 0.000963367 -0.000830784 -2.62403e-05 -0.000753093 0.24963 -0.00271289 -0.00175078 0.0202354 -0.0425221 -0.0013001 0.0648544 -0.0194713 -0.000167375 -0.00355812 -0.000279448 0.0177433 -0.015388 0.00228195 -0.00644996 -0.00125306 -0.00645889 -0.0906264 0.000851633 -0.0652776 -0.00959192 0.00472993 -0.000423991 -8.94261e-05 0.06945 0.0787237 -0.00611046 -0.0264042 -0.00103797 0.00342327 9.12207e-05 0.00368264 -0.0282055 -0.0426824 -0.000533099 -0.047381 -0.0207483 -0.000430882 -0.0551688 -0.00749851 -0.000578086 -0.000223585 -0.00739821 -0.0017814 -0.0400315 0.00010092 -0.0192142 0.0637999 -3.43172e-05 -0.000500465 -0.00117959 -0.00859843 6.1995e-05 0.00284881 -0.0012942 -0.0023929 -0.00100128 -0.00589271 0.0803792 -0.000888633 -7.9934e-05 5.59307e-05 0.0184973 0.0466837 -0.000183934 -3.8819e-05 -0.0499753 -0.0166584 -0.000236764 -0.0225998 
0.00278491 0.000303837 0.000579569 7.22375e-05 0.00172956 -0.000281824 3.94163e-05 0.000198254 -0.00195543 0.000123313 -0.000702299 0.000603926 1.52912e-05 -0.000608856 0.00170406 -0.000626321 0.0019046 0.000592801 -0.0011993 0.000981023 0.0033224 -0.000140336 -0.000687129 -0.00328681 -0.000106538 -8.25786e-05 -0.000222388 -1.80007e-05 3.7397e-06 3.00758e-05 -0.00271289 0.00619881 0.000336662 -0.00416862 -0.00216676 0.000222112 0.00155201 0.00311647 0.000269206 1.33763e-05 0.000345222 -0.00336228 -6.37308e-05 -2.29762e-05 -0.00042441 0.000484448 0.000151242 0.00114426 0.000104221 -0.00113655 -0.000780862 -0.000170635 1.9556e-05 -4.21133e-07 -0.000884146 -0.000604217 0.00156493 -0.00032001 0.00022881 -7.12795e-05 0.000460074 0.00224704 0.00148907 -0.00347151 6.10811e-05 -0.000811059 0.00268116 1.27612e-05 0.00138368 0.000236928 -2.91799e-05 1.60009e-05 0.00138453 0.000113685 -0.0025942 2.58535e-05 0.000880648 -0.000887344 -1.3742e-06 2.19261e-05 2.04587e-06 1.38614e-05 1.08134e-06 0.000268545 -0.0012467 1.83299e-05 0.000576752 -7.98249e-05 -0.00255383 -3.18402e-05 1.99937e-05 2.35106e-05 -0.00108438 -0.000575464 0.000181552 9.12203e-05 -0.00329054 -0.000334175 0.000235032 0.00061231 
0.0047918 0.000469141 -0.00125482 -0.000237846 0.00144633 0.00199957 5.09217e-06 -2.05481e-05 -0.00220181 -5.60477e-07 -0.00212726 0.000179767 -9.56602e-05 -0.00158079 0.000573541 -0.00595723 -0.000908178 -0.00122116 -0.00532213 0.0018692 0.00594126 -0.00176825 0.000606865 -0.00786655 0.000258483 0.0028406 0.00211454 0.000471219 2.15325e-06 -0.000104177 -0.00175078 0.000336662 0.0224732 -0.00522709 -0.00356639 -0.000138268 0.00596464 0.00529934 3.22544e-05 0.00120498 0.000297323 -0.00791085 -0.000149961 -0.000122096 -0.000706058 -1.18443e-05 0.00739835 -0.00644732 -3.17598e-05 0.00189287 -0.000894206 0.000752886 -2.28625e-05 -5.11422e-06 -0.000528392 -0.000482359 0.000629091 -0.000213115 -6.53479e-05 -3.71561e-05 0.000131401 -0.000180892 -0.000802362 -0.00485301 2.29952e-05 -0.00411567 0.00555819 7.97117e-05 -0.00155525 6.03084e-05 0.000452181 0.000164917 0.00141631 0.000849441 -0.00520899 -5.84474e-05 0.00425684 0.00115264 -5.60935e-06 -1.4769e-05 2.16983e-05 -0.00036842 3.59211e-05 0.000570442 -0.00257488 -0.000158465 3.37801e-06 0.00527104 -0.00298389 -2.32986e-05 3.2186e-05 -9.97604e-06 -0.00475568 0.00102996 0.000167151 0.000111238 -0.00550012 -0.0010975 -0.000122534 0.00212859 
