0.0198152 -0.000871739 -5.36813e-06 0.00159089 0.000111694 -0.0109098 -1.25982e-06 0.000299151 0.0108412 0.000539696 0.000133869 1.76201e-05 -0.000201605 -0.000176969 -0.0026882 0.000703882 0.000709421 5.82227e-07 0.000343406 -0.01399 0.000177712 -2.11006e-07 -0.000386361 -2.776e-06 -0.0117912 -6.18062e-06 4.23675e-05 1.37204e-05 0.000271014 -0.000107396 0.000260668 0.000258018 0.0005138 0.0128408 0.00325107 0.00806317 -0.0016548 3.57083e-05 -0.000272943 0.00359182 -0.0143249 3.35775e-05 0.00595457 0.0115938 -0.00347232 -0.00110326 0.000921658 -0.0129348 0.00575356 -0.0141668 -0.0136132 0.00963287 0.000162411 0.000271197 -6.29985e-07 1.03187e-05 4.36567e-06 -9.32858e-07 -1.67094e-06 7.7035e-05 0.000775276 -4.97206e-05 3.3027e-05 2.4557e-07 7.76434e-05 0.0143963 0.000241168 -1.9369e-05 1.27217e-07 -0.000747835 -0.000163032 -0.00106224 0.0116245 -4.27342e-06 -8.07227e-07 -0.000196382 -0.00117889 0.000986426 -0.00723005 0.0143625 -0.00997338 1.45223e-05 -0.000117071 0.0122419 -2.17319e-06 0.000815939 0.00869015 0.000118034 5.11057e-06 -0.0113398 -2.76141e-06 -2.38543e-06 -0.00533352 7.71633e-05 4.9997e-05 2.34366e-05 -0.000786071 -0.0120398 -0.010953 0.000512763 
-0.000871739 0.102261 1.34852e-05 -0.000153579 -1.51432e-05 -0.0241513 9.50428e-05 1.06851e-05 -0.0073175 -0.00832424 -1.6413e-05 -4.80212e-05 -0.000851344 -0.000510919 -4.31347e-05 -0.000209383 -0.000537833 -7.01673e-06 0.00127991 -0.0193505 -0.00108468 -7.50862e-07 -0.00331046 -2.15546e-05 -0.0205467 -8.72202e-07 -3.44044e-05 0.000848714 1.05886e-05 -0.000459954 -0.000448646 -0.000352836 0.00483698 -0.0023056 0.0039803 0.0192384 0.00396938 -1.35082e-05 0.00630425 -0.00192341 0.00430738 0.000158289 -0.00562823 0.0108445 0.0079712 0.000114527 -0.00206132 0.000546943 0.0219411 0.00688416 0.00521078 0.0100709 -0.000468411 -0.00171866 -1.15756e-06 -9.4405e-05 3.04809e-05 -6.33099e-06 0.000109581 -0.000121359 -0.00286099 0.0014675 -3.01839e-05 -5.65308e-07 -0.00023327 -0.00468635 0.000714403 -0.000172053 -2.89078e-07 -0.00202105 -0.000683229 0.00110439 0.00259436 0.000127237 -1.87039e-05 -0.00134785 -0.00271839 -0.000289091 -0.031507 -0.00715008 -0.020371 -4.27424e-05 -8.48808e-05 -0.0116642 1.20494e-05 -0.0025618 -0.0181447 -0.00022434 -5.66495e-05 -0.0147163 8.26149e-05 -2.56349e-05 -0.00204941 -0.000268217 3.29279e-05 6.42252e-05 0.012514 0.00952603 -0.0129639 0.000626362 
-5.36813e-06 1.34852e-05 0.000273048 1.18537e-06 2.72444e-06 3.23875e-06 -9.93922e-08 -2.39543e-07 -2.90035e-05 -1.35327e-05 -1.4372e-07 2.79707e-06 -1.36309e-06 -2.2614e-06 1.82551e-05 2.8123e-06 1.90145e-06 -3.08507e-08 -2.73005e-06 5.12302e-05 -2.27308e-06 -2.84958e-09 -1.1908e-05 -5.95467e-08 5.49085e-05 -1.43938e-07 -2.58892e-08 -1.59695e-07 7.04423e-07 -8.08529e-07 1.27264e-06 -9.59797e-07 -2.85186e-05 -4.07348e-05 -1.04337e-05 -5.41269e-05 -3.91604e-05 2.27658e-06 -2.35352e-06 -4.91775e-06 2.41225e-05 -2.39037e-07 -1.25058e-05 -4.83132e-05 -6.09537e-06 -1.13855e-05 -5.47432e-06 1.1478e-05 -1.39617e-05 2.80991e-05 2.1316e-05 -2.81532e-05 -1.20084e-06 -5.15854e-06 -2.9215e-08 -2.23446e-07 -6.59493e-07 -2.86536e-08 1.88153e-07 -3.19589e-07 -6.72742e-06 -9.56274e-07 -1.02421e-07 -1.33526e-09 -4.13907e-07 -2.07452e-05 9.97279e-07 -5.54174e-07 -6.82806e-10 -3.1812e-06 -8.58682e-07 -1.87471e-06 -1.52373e-05 -7.75182e-08 -5.0215e-08 -1.62578e-06 -1.09943e-05 -1.92287e-06 7.46955e-05 -2.30177e-05 1.3871e-05 -1.35496e-07 1.76544e-07 -5.55729e-05 -4.99055e-08 -7.46746e-06 -4.34146e-05 -6.05897e-07 -1.57112e-07 3.58846e-05 -5.12468e-08 -7.75303e-08 -8.78392e-05 7.60092e-07 -2.21517e-07 6.85907e-08 -1.72864e-05 2.42418e-05 2.10505e-05 -4.60805e-07 
0.00159089 -0.000153579 1.18537e-06 0.00366074 8.74551e-05 -0.00224043 1.85179e-06 3.87775e-05 0.00157058 -0.000532914 1.90555e-05 0.000194551 -6.11717e-05 -2.35468e-05 -0.000501652 0.000288871 0.000386594 -2.4836e-07 0.000187036 -0.00276192 5.1234e-05 -3.83346e-08 -0.000194237 -6.78845e-07 -0.00272794 -1.35859e-06 3.64893e-05 -1.04971e-05 3.55954e-05 8.73151e-06 0.000216581 8.51548e-05 0.000456216 0.0028671 0.000979607 0.00215274 -0.000523914 3.27649e-05 7.31119e-06 0.00121736 -0.0026661 2.53287e-05 0.00185714 0.00220995 -0.000552186 -0.000410541 -1.95675e-05 -0.00253927 -0.000631877 -0.002471 -0.00267048 0.00110052 1.01529e-05 -7.91328e-06 9.89587e-06 -9.59418e-07 -5.33866e-06 -3.07691e-07 8.95356e-07 0.000100412 -6.04882e-05 -1.52823e-05 1.72777e-05 4.37593e-07 6.54614e-05 0.00257296 -1.5098e-05 2.04337e-05 -9.18561e-09 -7.93389e-05 -2.84995e-05 -0.00074884 0.00108533 1.56828e-06 -5.97752e-07 -4.32167e-05 -0.0001186 0.000244932 -0.00155769 0.00271534 -0.00165401 1.91054e-06 2.50052e-05 0.00257102 3.57308e-06 0.000107432 0.00120844 0.000111316 -7.58033e-07 -0.00250329 -6.89411e-07 -1.043e-06 -0.000837849 0.000439776 4.29776e-06 4.37214e-07 -0.000211801 -0.00137718 -0.00196319 0.000241427 
0.000111694 -1.51432e-05 2.72444e-06 8.74551e-05 0.000235933 -0.000142685 6.25232e-07 -1.29198e-07 0.000117873 -6.39828e-07 3.53598e-07 4.23917e-05 5.01043e-05 -1.42291e-06 -3.24883e-05 0.000134834 0.000101783 1.18445e-06 0.000134445 -0.000137781 -3.16775e-06 -2.46215e-09 -1.26941e-05 1.68188e-06 -0.000169773 1.86742e-07 7.11938e-07 5.97486e-06 2.9832e-05 5.00767e-08 4.66406e-05 1.3704e-05 -1.9892e-05 5.74389e-05 2.1002e-05 8.54387e-05 -3.53022e-05 2.56747e-05 -3.06723e-06 3.51509e-05 -0.000191937 8.24902e-06 0.000139186 9.87829e-05 -4.33214e-05 -0.00015931 1.80335e-05 -0.000142006 -5.47782e-05 -0.000186415 -0.000201544 1.51083e-05 1.17224e-05 3.63421e-07 -2.52429e-08 1.65742e-06 -5.25385e-07 3.07977e-08 7.25582e-07 1.03497e-06 4.00486e-05 2.858e-06 1.67817e-06 -1.15372e-09 5.60191e-05 8.40036e-05 -1.43687e-06 3.54504e-07 -5.89972e-10 -3.87336e-06 -8.77375e-07 -0.000173422 4.41028e-05 -1.14233e-08 1.86772e-06 9.18477e-06 -3.9288e-06 5.9283e-05 -8.85533e-05 0.000162386 -8.02795e-05 1.23848e-06 2.27183e-07 0.00017773 -4.31204e-08 1.30545e-06 5.56017e-05 -4.45743e-07 1.80869e-06 -0.00016291 -4.42794e-08 1.76634e-06 -7.97079e-05 0.000114762 2.27527e-06 -1.03943e-07 -4.24332e-06 -0.000175887 -0.000133628 5.16637e-06 
-0.0109098 -0.0241513 3.23875e-06 -0.00224043 -0.000142685 0.236736 -5.8008e-06 -0.000539372 -0.0698604 -0.0517162 -0.00028791 -0.00126046 -0.0119021 -0.00876974 0.0330178 -0.00104659 -0.00279295 -4.3887e-05 -0.00896624 0.103697 -0.00721767 -3.82939e-06 0.00234441 -5.55764e-05 0.123926 1.1976e-05 -0.0002309 -0.0053976 -0.000210843 -0.00291279 -0.0024141 -0.00203233 -0.0355783 -0.0857106 -0.0217088 -0.143339 -0.0177356 -0.000149483 0.000640765 -0.0110538 0.0660412 -0.000448975 -0.034405 -0.11788 0.0117918 0.00782644 -0.00977839 0.033857 -0.0731712 0.0732932 0.0545502 -0.0443848 -0.00199651 -0.0120482 -6.1625e-05 -0.000589198 -0.000494308 2.35173e-05 -0.000243664 -0.000719621 -0.00420995 -0.00225461 -0.000217611 -3.0075e-06 -0.00124569 -0.0465584 -0.00624383 -0.00112202 -9.26816e-07 0.00386443 0.00078595 0.00948687 -0.0312853 -0.000134988 -0.000101025 -0.00816849 -0.0270953 -0.00429948 0.0842747 -0.0567524 0.0462546 -0.000250308 -0.000481862 -0.12907 -0.000100861 -0.0170294 -0.108125 -0.00135276 -0.000100996 0.0903488 -2.49932e-05 -0.00016666 0.0903029 -0.00257602 -0.00049426 -0.000187233 -0.0282137 0.0807849 0.152045 -0.00143299 
-1.25982e-06 9.50428e-05 -9.93922e-08 1.85179e-06 6.25232e-07 -5.8008e-06 0.000363779 -3.1917e-07 -1.05948e-06 2.78444e-05 -1.91494e-07 -1.62602e-07 -5.26025e-06 -3.1928e-06 -1.49927e-06 4.87641e-06 1.44365e-05 -4.11058e-08 -8.04146e-06 -8.78521e-05 4.94325e-06 -3.79681e-09 4.77406e-06 -7.93407e-08 -0.000102169 2.4971e-06 4.80402e-07 -3.53205e-06 4.78764e-06 -1.77659e-06 9.92747e-06 -8.23289e-07 -3.30302e-05 2.37968e-06 8.66107e-06 -1.50527e-05 -7.52415e-06 5.65136e-07 -3.00797e-06 1.5142e-06 -2.10047e-05 -2.40717e-07 1.28508e-05 9.34285e-05 4.09444e-06 -1.36229e-06 1.76524e-07 -2.47803e-05 5.17029e-05 -1.21402e-05 -2.96571e-05 7.27767e-05 3.32987e-06 -5.93975e-06 -3.89264e-08 1.53195e-06 3.32395e-07 -3.81783e-08 -1.49026e-07 2.9731e-08 -6.61876e-06 2.89007e-07 -2.53556e-08 -1.77912e-09 3.6968e-06 1.37885e-05 -3.65648e-06 -6.49499e-07 -9.09778e-10 1.1763e-05 -2.3724e-06 -3.72e-05 -3.64949e-07 -1.03286e-07 -6.69071e-08 -6.90094e-07 -1.74915e-05 4.18239e-06 -0.000104824 1.60739e-05 -5.01977e-05 -1.80536e-07 3.07481e-06 -2.48419e-05 7.89061e-07 -2.308e-06 1.79343e-05 -9.61933e-08 1.96844e-06 -0.00014424 -4.60596e-08 -1.03302e-07 -3.0026e-05 9.29865e-07 2.38181e-07 -1.60287e-07 0.000102908 -5.20029e-05 -0.000111826 3.49268e-07 
0.000299151 1.06851e-05 -2.39543e-07 3.87775e-05 -1.29198e-07 -0.000539372 -3.1917e-07 0.000876286 0.000711291 -7.89373e-05 4.67182e-06 -7.82937e-07 6.34507e-05 -1.31726e-05 -0.000120721 1.59917e-06 3.69008e-05 4.53761e-08 -1.6956e-05 -0.000662006 4.63281e-06 -9.15061e-09 -4.867e-05 2.75449e-07 -0.000658983 -4.62218e-07 -3.68578e-07 -9.52205e-06 1.3643e-06 -4.84719e-06 0.000116258 1.28179e-05 -2.96224e-05 0.00072244 0.000213686 0.00043812 -0.000143896 3.98208e-06 -3.06148e-06 0.00027523 -0.000781006 1.57657e-05 0.000385716 0.000545223 -0.000158195 -0.000144796 9.24294e-05 -0.000777862 0.000289344 -0.00076196 -0.000790465 0.000547072 -1.43706e-06 -9.79227e-06 2.95073e-07 1.90641e-06 2.36e-06 -9.20129e-08 5.24084e-06 8.05151e-06 -1.72048e-05 -3.58206e-06 -1.17785e-07 -4.28783e-09 7.97133e-06 0.000736862 -4.83943e-06 1.10931e-06 -2.19264e-09 -2.89387e-05 -7.43153e-06 -0.000198565 0.000654536 5.06628e-07 -1.61252e-07 -5.5211e-06 -4.45223e-05 4.25364e-05 -0.00036833 0.000777568 -0.000745888 1.82045e-06 2.10293e-05 0.000654251 -3.80353e-08 -2.13629e-05 0.000517008 2.24877e-05 -5.04521e-07 -0.000620702 -1.64565e-07 -2.48967e-07 -0.000220503 1.49373e-05 -1.22452e-07 1.96248e-05 -5.09896e-05 -0.000683522 -0.000470913 5.45434e-05 
0.0108412 -0.0073175 -2.90035e-05 0.00157058 0.000117873 -0.0698604 -1.05948e-06 0.000711291 0.10602 0.0191132 0.000218541 0.00114498 0.0101617 -0.00174828 -0.0161849 0.000986555 0.00216161 -5.52825e-06 0.00520643 -0.0292828 -0.000384944 8.31119e-07 -0.00578606 5.26168e-05 -0.0710153 -6.02772e-05 0.000278383 -0.000610264 9.38622e-05 -0.00049374 0.00269396 0.00201598 0.00491529 0.063599 0.0162856 0.0596987 -0.016841 -2.00534e-05 -0.000907819 0.0151703 -0.0798484 0.000421992 0.0344779 0.0738702 -0.0207775 -0.0103443 0.0118228 -0.0372056 0.00772552 -0.0679606 -0.0662953 0.0496704 0.0012638 -0.00177522 3.18262e-06 0.000645034 8.05171e-06 -1.02807e-05 0.000293754 0.000784426 0.00302067 -5.28483e-05 0.000157159 3.98841e-06 0.00101661 0.0580202 0.00149767 0.00131745 6.54173e-07 -0.00349485 -0.000657167 -0.0105348 0.0342187 -1.93411e-07 -8.07546e-06 0.000903184 -0.00314426 0.00570959 -0.0315099 0.0605137 -0.0271003 0.000279994 -7.3624e-05 0.079828 0.000104783 0.0169676 0.0526929 0.00120405 -2.91914e-07 -0.0671558 -1.20198e-05 0.000223312 -0.0369995 0.00120925 0.000580414 0.000174257 0.00410535 -0.0853265 -0.0585637 0.00160494 
0.000539696 -0.00832424 -1.35327e-05 -0.000532914 -6.39828e-07 -0.0517162 2.78444e-05 -7.89373e-05 0.0191132 0.143109 -1.84985e-05 -0.000295098 0.00326756 2.04082e-05 -0.0203181 -0.000397422 -0.000768689 6.57521e-05 0.00231881 -0.0354239 0.00503704 1.18331e-06 0.00958861 4.50472e-05 -0.0112872 -2.9937e-05 0.000183195 0.00341372 -0.000134135 -0.000504624 -0.00044824 0.000280278 -0.000202365 -0.00944958 -0.00645493 -0.00495659 0.0509828 5.45897e-05 -0.00259667 0.000566778 -0.00405499 -3.87495e-05 -0.00636532 0.0216962 -0.00829531 -0.00591985 0.00409109 0.00324866 0.0334708 0.0002887 -0.000802212 -0.00227382 0.00133725 -0.00278759 -1.30448e-05 0.000310468 -0.000233241 1.92887e-05 1.30529e-05 -9.68346e-05 0.00261072 0.00327975 2.09204e-06 -8.2384e-07 0.000184394 -0.00614273 0.000858118 8.47012e-06 6.73543e-08 0.000952961 -0.000526113 -0.00088488 0.00863081 -2.08289e-05 -1.91844e-05 0.00616134 -0.00404365 0.00140373 -0.0228687 -0.00526561 -0.0226687 -6.96764e-05 -0.00155283 0.00865834 8.59117e-05 0.00975045 0.0231626 -0.000318614 4.2527e-05 0.0136291 2.00618e-05 0.000173297 -0.0591873 -0.000991605 0.000211173 -3.37689e-05 0.0263482 -0.0236293 -0.0758895 -0.000317975 
0.000133869 -1.6413e-05 -1.4372e-07 1.90555e-05 3.53598e-07 -0.00028791 -1.91494e-07 4.67182e-06 0.000218541 -1.84985e-05 0.000525934 -9.94156e-07 0.000141511 -5.8032e-06 -5.21207e-05 2.0729e-06 1.09339e-05 -5.94385e-08 8.21806e-06 -0.000269628 -3.26666e-06 -5.49014e-09 -1.90474e-05 -1.14726e-07 -0.000336853 2.85601e-06 7.88627e-08 -4.63962e-06 4.1186e-06 -1.64596e-06 1.57017e-05 5.50806e-07 0.000106622 0.000361561 0.000290946 0.000311494 -3.77386e-05 -1.30746e-07 1.11879e-05 6.25206e-07 -0.000407232 9.17238e-07 0.000268667 0.000125134 -8.21437e-05 -0.0002135 -5.59748e-06 -0.000396434 -9.13338e-05 -0.000334299 -0.000407148 5.99436e-05 3.33401e-05 -8.09937e-06 6.07705e-06 2.99616e-05 -1.10395e-06 -5.52054e-08 -9.32671e-08 2.08426e-06 -5.13339e-06 -6.38032e-07 4.00267e-06 -2.57259e-09 -6.97156e-07 0.000156857 3.9988e-06 5.323e-07 -1.31553e-09 -2.26444e-05 -2.69838e-07 -2.15859e-05 0.000249385 -1.4935e-07 4.03253e-07 8.57432e-06 -3.17254e-05 0.000124384 -0.000209608 0.000330603 -0.000120939 7.38947e-07 1.05756e-05 0.000322789 1.34829e-06 5.66474e-05 -2.00128e-05 -6.34019e-07 4.75078e-07 -0.000331643 -9.87347e-08 8.17293e-07 0.000142446 8.95803e-05 2.34621e-05 2.46823e-06 -8.74124e-06 -0.000174309 -0.000275539 -4.98324e-07 
1.76201e-05 -4.80212e-05 2.79707e-06 0.000194551 4.23917e-05 -0.00126046 -1.62602e-07 -7.82937e-07 0.00114498 -0.000295098 -9.94156e-07 0.00224318 1.81502e-05 3.11569e-05 -0.000297856 7.96331e-05 0.000178259 6.12716e-07 3.53609e-05 -0.000305865 -2.97022e-05 -2.34566e-08 -0.000102084 2.70984e-06 -0.00151416 -7.51511e-07 -6.22585e-07 9.8511e-05 5.17695e-05 2.99447e-05 4.69329e-05 0.000282922 0.00019341 0.000934307 0.000449404 0.00141762 -0.00018805 3.55747e-05 -9.89808e-06 8.35857e-05 -0.00156138 9.33235e-06 0.00117602 0.00135897 3.59336e-05 -6.526e-05 0.000136108 -0.000542963 -0.000248101 -0.00142878 -0.00158293 0.000875767 -1.54919e-06 -2.00837e-05 4.59285e-06 -9.49612e-07 1.5438e-05 -2.13642e-07 1.33349e-05 0.000169869 3.30323e-05 -9.40945e-06 2.40136e-06 3.0012e-07 0.000402279 0.00112063 8.28982e-05 -3.15063e-06 3.38824e-07 -0.000101131 -1.39832e-05 -0.000747681 -2.14755e-06 -4.26987e-07 1.70887e-06 -2.55949e-05 -3.11976e-05 3.93162e-05 -0.000616388 0.00141023 -0.000630136 -1.2646e-07 -8.25162e-06 0.00133601 -4.10802e-07 0.000243081 -0.000109205 0.000117501 2.35845e-05 -0.00119799 -2.21844e-07 2.3618e-06 -0.000666873 0.000386191 2.33211e-06 9.02086e-06 -0.000134354 -0.00168812 -0.00117599 4.55681e-05 
-0.000201605 -0.000851344 -1.36309e-06 -6.11717e-05 5.01043e-05 -0.0119021 -5.26025e-06 6.34507e-05 0.0101617 0.00326756 0.000141511 1.81502e-05 0.0208114 -8.17506e-05 -0.00260747 0.000265567 0.000281508 4.59817e-06 0.00659757 -0.000473669 -0.000240208 1.37815e-06 -0.000900236 4.42419e-05 -0.00692305 5.7939e-06 6.26975e-05 -0.00010603 -1.918e-05 -8.71788e-05 0.000279778 0.000560143 0.000514529 0.00365581 0.00103791 0.00972184 0.000657082 -4.17216e-06 -8.49407e-05 -0.000253964 -0.0102114 -4.65426e-06 0.00245799 0.00508158 -0.00168964 -0.00698031 3.30155e-05 -0.00166191 -0.00363139 -0.0117083 -0.00412485 0.000317066 0.000559407 0.000233769 2.39477e-05 0.000583755 -3.63882e-05 -1.64111e-07 9.16812e-05 5.7522e-06 -0.000302919 3.82262e-05 6.71595e-05 7.38229e-08 0.000128932 0.00221467 -2.34375e-05 0.000114022 5.24619e-07 -0.000938443 -8.58713e-05 -0.00155959 0.00137264 6.51538e-05 -1.72052e-06 0.00218144 0.00102207 0.000458865 0.000237877 0.00345576 -0.00110348 -8.7266e-06 -4.09293e-05 0.00787544 2.57971e-08 0.00168071 0.00583416 0.00010444 8.5794e-06 -0.00413613 5.41026e-06 0.00025412 -0.0052772 0.000806874 0.000136554 2.37882e-06 3.02959e-05 -0.010354 -0.00704276 4.02259e-05 
-0.000176969 -0.000510919 -2.2614e-06 -2.35468e-05 -1.42291e-06 -0.00876974 -3.1928e-06 -1.31726e-05 -0.00174828 2.04082e-05 -5.8032e-06 3.11569e-05 -8.17506e-05 0.015162 -0.0020653 -2.88981e-05 -2.17498e-05 1.26272e-05 0.00160158 -0.00813188 -0.000167361 -1.60664e-07 0.00222239 9.3134e-09 0.000744535 2.23956e-05 -1.98251e-06 0.000733852 -1.40054e-05 -1.61569e-05 -3.25638e-05 -4.83262e-05 -0.00153271 -0.00118425 -0.000404342 0.00509961 0.000452628 0.000131652 -0.000229695 -0.000243861 0.00144002 -1.08662e-05 -0.000564349 -0.000875399 -0.00167148 4.80865e-05 0.000609296 0.000173984 0.00843304 -0.00603898 0.00124278 -0.00156309 1.42771e-05 0.00260319 1.94169e-06 -7.83749e-06 8.4499e-06 -3.82207e-07 -2.68389e-06 6.83365e-05 9.49252e-05 2.48585e-05 5.93644e-06 -7.52847e-08 -2.2574e-05 -0.000975125 0.000328793 -1.39565e-05 -3.84978e-08 -0.000595344 -0.000100548 8.49989e-05 -0.000711103 1.64183e-05 4.33021e-05 1.69126e-06 0.00448742 -0.000100904 -0.00421846 -0.00109166 -0.00180046 -6.90618e-06 -0.000141032 0.00666014 -5.91542e-07 -0.000127685 0.00732006 0.000128083 -6.44715e-06 -0.00270116 2.63283e-06 -2.84908e-06 -0.00493429 -8.84172e-05 1.37438e-05 1.23729e-05 0.000557549 0.000489466 -0.00732539 9.74461e-06 
-0.0026882 -4.31347e-05 1.82551e-05 -0.000501652 -3.24883e-05 0.0330178 -1.49927e-06 -0.000120721 -0.0161849 -0.0203181 -5.21207e-05 -0.000297856 -0.00260747 -0.0020653 0.118716 -0.000171512 -0.000341624 -1.4806e-05 -0.00276298 0.0272191 -0.000399154 1.3032e-07 -0.00752082 -2.4326e-05 0.0229794 -2.63197e-05 -5.60657e-05 -0.0014746 -9.37757e-05 -9.08319e-05 -0.000526951 -0.000447492 -0.00782444 -0.0103276 -0.00207758 -0.0346937 -0.0132063 -2.27395e-05 -0.000641237 -0.00247302 0.0141432 -9.55212e-05 -0.00734087 -0.0250755 -0.0180331 0.00156678 -0.00242808 0.00657225 -0.0227517 0.0155569 0.0116607 -0.0163821 0.000102059 -0.00250132 -1.35593e-05 -0.000129232 -0.000286933 -1.16652e-05 -4.44992e-05 -0.000160302 -0.00201804 -0.000517228 -3.94259e-05 -6.73048e-07 -0.000272575 -0.00991058 -0.00134861 -0.000202324 -3.44172e-07 -0.00332283 0.000512427 0.0013292 -0.00771686 -3.7118e-05 -2.18668e-05 -0.00124035 -0.00625094 -0.000871823 -0.0356009 -0.0119543 0.0117814 -5.65198e-05 -0.000477922 -0.0226413 -1.89774e-05 -0.00372024 -0.0111011 -0.000290317 -5.41266e-05 -0.0115735 -2.25535e-05 -3.77352e-05 0.0414266 -0.000160589 -0.000105724 -4.34037e-05 -0.00793261 0.0183721 0.0402303 -0.000255623 
0.000703882 -0.000209383 2.8123e-06 0.000288871 0.000134834 -0.00104659 4.87641e-06 1.59917e-06 0.000986555 -0.000397422 2.0729e-06 7.96331e-05 0.000265567 -2.88981e-05 -0.000171512 0.00295662 0.000482361 5.6504e-07 0.00120541 -0.00137207 -3.47057e-05 -3.09391e-08 -9.13048e-05 -5.79859e-07 -0.00130448 -1.05169e-06 4.53802e-07 1.86672e-06 2.99781e-05 1.21863e-05 0.000439374 4.64235e-05 0.000195277 0.000776961 0.000552901 0.00114172 -0.000182865 2.96854e-05 -3.8684e-05 -3.9272e-05 -0.00149422 2.32602e-05 0.00163727 0.0010991 -0.000387891 -0.00107441 -4.04389e-05 -0.000772337 -0.000621021 -0.00142068 -0.00159188 -0.000318522 5.44126e-05 2.13563e-07 -3.172e-07 2.95806e-06 -4.48264e-06 -2.55549e-07 1.71896e-06 1.90301e-05 2.37556e-05 5.46962e-06 2.87971e-07 3.29947e-07 0.000299306 0.00105514 -2.24558e-05 2.23609e-05 -7.41353e-09 0.000218433 -1.79339e-06 -0.0012564 -4.02449e-05 4.33613e-06 1.3659e-06 7.60078e-05 -5.09042e-05 0.000293856 -0.000850704 0.00130792 5.334e-05 1.47289e-05 1.04874e-05 0.0011983 2.69265e-07 3.69824e-06 0.000976424 9.15483e-06 7.05275e-07 -0.00139425 -5.5641e-07 1.18044e-06 -0.000598495 0.000377041 1.92822e-06 -1.0728e-06 -0.00013466 -0.00110626 -0.00102849 -4.66993e-06 
0.000709421 -0.000537833 1.90145e-06 0.000386594 0.000101783 -0.00279295 1.44365e-05 3.69008e-05 0.00216161 -0.000768689 1.09339e-05 0.000178259 0.000281508 -2.17498e-05 -0.000341624 0.000482361 0.00485274 1.29361e-06 0.000618106 -0.00153293 3.99157e-05 -5.08784e-08 -0.000263496 1.71701e-05 -0.0026645 2.30019e-07 2.03729e-05 -2.93309e-05 5.63209e-05 -9.95803e-06 0.000463163 0.000252463 0.000509685 0.00223237 0.00139259 0.00157904 -0.000749265 4.19772e-05 -6.68243e-05 -4.65274e-05 -0.00302606 1.4721e-05 0.00271689 0.00217519 -0.000498085 -0.000790669 5.76786e-05 -0.00188305 -0.000234379 -0.00338086 -0.00306531 -3.21866e-05 0.000105344 -3.74037e-05 -4.21625e-07 1.61502e-05 -4.38618e-06 1.15507e-06 -7.19212e-07 1.62827e-05 0.00104032 -1.48989e-05 1.65046e-05 -1.61855e-09 0.000434766 0.00234206 -4.37558e-05 2.12498e-05 3.21142e-07 -0.000166266 -1.64534e-05 -0.00126321 0.000894081 2.15935e-07 3.11454e-06 4.10489e-05 -0.000139563 0.000114834 -0.0019428 0.00305422 -0.000684495 1.49696e-05 0.000126541 0.00346442 -8.91049e-07 0.000264927 0.00207309 7.57076e-06 1.76059e-05 -0.002931 -9.14998e-07 8.98238e-06 -0.00157642 0.00122913 4.69115e-05 -1.44789e-06 -0.000255306 -0.00272257 -0.00222982 5.62876e-06 
5.82227e-07 -7.01673e-06 -3.08507e-08 -2.4836e-07 1.18445e-06 -4.3887e-05 -4.11058e-08 4.53761e-08 -5.52825e-06 6.57521e-05 -5.94385e-08 6.12716e-07 4.59817e-06 1.26272e-05 -1.4806e-05 5.6504e-07 1.29361e-06 0.000112943 1.93729e-06 -7.15249e-05 -1.17189e-06 -1.1785e-09 -2.47534e-06 -2.46268e-08 -6.25145e-05 4.99603e-06 1.52531e-07 1.36883e-05 1.74902e-06 1.02263e-05 1.29901e-05 -3.525e-07 4.16251e-05 -1.53513e-05 -2.43345e-06 -1.88522e-05 6.65356e-05 8.38601e-07 -1.38437e-06 -1.85606e-06 5.48091e-06 -9.88587e-08 -3.84117e-06 2.81931e-05 2.98179e-05 -2.12263e-05 1.21849e-07 1.08372e-06 2.90923e-05 -7.68537e-06 4.71071e-06 -9.27657e-06 -2.33737e-07 -2.16326e-06 -1.20825e-08 7.22542e-07 -2.72748e-07 -1.18503e-08 -4.62566e-08 -1.32173e-07 3.04416e-05 2.20609e-06 -4.23583e-08 -5.52227e-10 1.13115e-06 -6.06467e-06 7.79684e-06 2.26365e-07 -2.82389e-10 -1.03072e-06 -2.12658e-07 -1.7643e-05 1.35237e-05 1.05013e-05 1.45472e-09 2.03539e-06 -7.06054e-06 7.71423e-07 -1.93184e-05 -5.76682e-06 -8.28794e-05 -5.60373e-08 6.22283e-07 -1.95613e-05 -2.06395e-08 -2.63407e-06 -4.04727e-06 -2.50582e-07 -6.49771e-08 2.73026e-05 -2.11942e-08 1.04571e-06 -3.93898e-05 3.40724e-06 -5.82799e-08 -3.86408e-08 4.51715e-05 -3.71102e-05 -6.2198e-05 -3.19243e-07 
0.000343406 0.00127991 -2.73005e-06 0.000187036 0.000134445 -0.00896624 -8.04146e-06 -1.6956e-05 0.00520643 0.00231881 8.21806e-06 3.53609e-05 0.00659757 0.00160158 -0.00276298 0.00120541 0.000618106 1.93729e-06 0.0232985 -0.00286761 -0.000287626 2.03986e-06 -1.07655e-06 2.75176e-06 -0.00203135 -9.61215e-06 4.44917e-05 8.53289e-05 2.33738e-05 -6.64456e-05 0.000262301 0.000262856 -0.00117024 -0.00057211 -0.000117862 0.00708548 -0.000170765 2.82584e-05 5.58616e-06 -0.000299186 -0.00508337 1.82439e-05 0.000971676 0.000217651 -0.00360379 -0.00595227 -0.000303289 0.00063803 0.00127072 -0.00947132 -0.00121894 -0.00224077 0.000428272 0.00118498 -5.30881e-07 0.000385156 -4.2111e-05 9.95959e-07 9.75146e-05 8.64879e-06 -0.000395119 2.71597e-05 6.10161e-05 -1.6689e-08 0.000419757 -0.000100234 -0.000183782 0.000107493 -5.96705e-08 -0.000587248 -0.000127375 -0.0012995 -0.00120838 3.9359e-05 8.34503e-06 0.00218612 0.00276512 0.000272205 -0.00294336 -4.63338e-05 8.89184e-05 1.37034e-05 -7.64692e-05 0.00686722 -1.77236e-06 0.000274285 0.00738636 -3.58939e-05 -4.79672e-06 -0.00531493 1.40993e-05 0.000253113 -0.00713232 0.000195298 6.30444e-07 -8.49066e-06 3.959e-05 -0.00651241 -0.00359972 -3.54468e-05 
-0.01399 -0.0193505 5.12302e-05 -0.00276192 -0.000137781 0.103697 -8.78521e-05 -0.000662006 -0.0292828 -0.0354239 -0.000269628 -0.000305865 -0.000473669 -0.00813188 0.0272191 -0.00137207 -0.00153293 -7.15249e-05 -0.00286761 0.171393 -0.00496781 -4.3752e-06 -0.000346996 8.36195e-06 0.08211 -9.37971e-05 -0.000100557 -0.0082612 -0.000187659 0.000652074 -0.00267132 -0.00153162 -0.0356541 -0.0524859 -0.0124288 -0.0805313 -0.0368281 -0.000140607 0.00237387 -0.0105651 0.0372569 -0.000421924 -0.0237274 -0.0806107 0.00344961 0.0027684 -0.00589134 0.0301546 -0.0902525 0.0435232 0.0335075 -0.0272756 -0.00069902 -0.0110893 -6.25292e-05 -0.000227533 -0.000406006 1.68605e-06 -7.01814e-05 -0.000838882 -0.00325273 -0.00228499 -0.000144861 -2.31514e-06 -0.000400647 -0.0369665 -0.00272915 -0.00145835 -4.9537e-07 -0.000342797 0.00123862 0.00513356 -0.0291398 -7.23086e-05 -9.93198e-05 -0.00594963 -0.0220655 -0.00307959 0.084222 -0.0419345 0.0580126 -0.000102831 -0.00301008 -0.0642819 -9.2091e-05 -0.00535539 -0.0778773 -0.00151032 -0.000144093 0.046821 -0.000119412 -3.29322e-05 0.0554069 -0.00138465 -0.000453335 -0.000153085 -0.0294033 0.0421378 0.109566 -0.00176696 
0.000177712 -0.00108468 -2.27308e-06 5.1234e-05 -3.16775e-06 -0.00721767 4.94325e-06 4.63281e-06 -0.000384944 0.00503704 -3.26666e-06 -2.97022e-05 -0.000240208 -0.000167361 -0.000399154 -3.47057e-05 3.99157e-05 -1.17189e-06 -0.000287626 -0.00496781 0.0142958 2.20421e-06 -0.000469895 -2.47379e-06 0.000137274 1.76662e-05 1.18594e-05 0.000612369 3.9258e-05 4.78187e-06 -1.38486e-05 -2.43661e-05 0.000409621 -0.00037321 -0.000429907 -0.00227167 0.00423199 3.4068e-06 -9.19555e-06 0.000296973 7.54123e-05 -8.75138e-06 -0.00062512 0.000103972 -0.00251524 -0.000311417 0.000147364 -0.000157747 0.00599035 0.000477939 -0.000901518 -0.000492445 0.000217989 -0.000225865 -1.55168e-06 4.63834e-06 -2.58384e-05 -9.55195e-07 -5.77378e-06 -1.47075e-05 1.08076e-05 0.000416564 4.64906e-06 4.95747e-07 -2.889e-05 -1.61118e-05 -0.000143097 4.75887e-05 -3.62655e-08 -0.000240085 -2.59038e-05 -0.00015145 7.49828e-05 3.91615e-06 9.32955e-07 0.00152735 0.000108757 -8.97277e-06 -0.00516254 0.000181944 -0.00227841 -3.52986e-06 -0.000101711 9.773e-05 3.81161e-05 -0.00026967 0.00806445 -1.43696e-05 1.48554e-05 -0.00293456 -1.52185e-06 -1.50672e-06 -0.00248417 -7.02651e-05 1.08124e-05 -5.756e-06 0.00162633 -0.00148047 -0.00549491 -3.42061e-06 
-2.11006e-07 -7.50862e-07 -2.84958e-09 -3.83346e-08 -2.46215e-09 -3.82939e-06 -3.79681e-09 -9.15061e-09 8.31119e-07 1.18331e-06 -5.49014e-09 -2.34566e-08 1.37815e-06 -1.60664e-07 1.3032e-07 -3.09391e-08 -5.08784e-08 -1.1785e-09 2.03986e-06 -4.3752e-06 2.20421e-06 1.04332e-05 -5.52635e-07 -2.2747e-09 -3.0455e-06 -5.49848e-09 -4.38455e-09 2.06055e-06 -1.08667e-08 6.7316e-07 -4.09433e-08 -3.66645e-08 -9.70563e-07 -1.66069e-06 -4.00266e-07 2.24654e-06 2.368e-06 -2.59234e-09 4.51248e-07 -2.11927e-08 -1.28292e-06 -9.13125e-09 -4.84686e-07 6.1531e-07 -1.25772e-06 -2.08472e-06 -2.17609e-07 5.7938e-07 3.5216e-06 7.56377e-07 8.55267e-07 -1.36281e-06 3.21294e-07 4.82918e-07 -1.11602e-09 1.50088e-06 4.85918e-07 -1.09457e-09 -4.27257e-09 -1.22084e-08 -1.44029e-07 -4.45944e-08 -3.9125e-09 -5.10074e-11 -2.17536e-08 -7.94169e-07 -5.66024e-08 -2.11696e-08 -2.60833e-11 -4.9546e-07 -8.84044e-08 -2.10831e-06 -5.98198e-07 -2.96121e-09 -1.91823e-09 4.43121e-06 4.01451e-06 -7.3454e-08 -3.22892e-06 -8.68839e-07 -2.4676e-06 -5.17598e-09 -9.85188e-08 -9.14475e-07 -1.9064e-09 -1.59764e-07 2.78115e-06 -2.31454e-08 -6.00172e-09 -1.59245e-07 8.20265e-07 -2.96168e-09 -1.6433e-06 -6.60404e-08 1.35982e-07 -4.59542e-09 -6.20146e-07 -4.6822e-06 -4.89638e-06 -2.94874e-08 
-0.000386361 -0.00331046 -1.1908e-05 -0.000194237 -1.26941e-05 0.00234441 4.77406e-06 -4.867e-05 -0.00578606 0.00958861 -1.90474e-05 -0.000102084 -0.000900236 0.00222239 -0.00752082 -9.13048e-05 -0.000263496 -2.47534e-06 -1.07655e-06 -0.000346996 -0.000469895 -5.52635e-07 0.053953 1.21452e-05 0.0131832 -2.24932e-05 -5.92756e-06 -0.000602533 -3.88827e-05 -0.000212933 -0.000220123 -0.000197865 -0.00356859 -0.00813777 -0.00190414 -0.014221 0.00895021 6.42517e-06 -0.000681371 -0.00101479 0.00548133 -4.89749e-05 -0.00317054 -0.0106174 -0.00320352 0.000294315 0.000311753 0.00304203 -0.00577449 0.00559202 0.00451713 -0.00624668 -0.00022862 -0.00110561 -5.86594e-06 -1.16652e-05 0.00012687 6.97392e-06 -1.45355e-05 -6.60645e-05 -0.00133688 0.000962194 -2.07605e-05 -2.79782e-07 -9.78434e-05 -0.0042654 -0.000462789 -1.92881e-06 2.5693e-07 -0.000865671 -0.000219642 0.000869371 -0.00155594 -1.04426e-05 -6.38837e-06 -0.000170955 -0.00342912 -0.000323682 0.0107604 -0.00526521 -0.00150745 -2.75797e-05 -0.000229732 -0.00972417 -8.54573e-06 -0.000672254 -0.00887237 -0.000126911 1.74576e-05 0.0107323 -6.41567e-06 1.77075e-07 -0.0145174 -0.000341751 -2.09152e-05 -2.09064e-05 0.00168154 0.0062483 -0.00585984 -0.000149664 
-2.776e-06 -2.15546e-05 -5.95467e-08 -6.78845e-07 1.68188e-06 -5.55764e-05 -7.93407e-08 2.75449e-07 5.26168e-05 4.50472e-05 -1.14726e-07 2.70984e-06 4.42419e-05 9.3134e-09 -2.4326e-05 -5.79859e-07 1.71701e-05 -2.46268e-08 2.75176e-06 8.36195e-06 -2.47379e-06 -2.2747e-09 1.21452e-05 0.000217975 -1.62995e-05 6.73989e-07 1.90838e-06 2.84761e-07 -2.27077e-07 5.53147e-06 2.88865e-07 3.13338e-05 -1.90176e-05 1.72227e-05 1.03024e-05 -4.49858e-05 8.56125e-06 -5.41713e-08 -3.10613e-06 -1.71453e-06 -6.04579e-05 3.20298e-07 6.37542e-07 -1.37543e-05 -2.38199e-05 -3.65401e-05 -2.04732e-06 -3.93373e-05 -3.27406e-05 -4.33516e-05 -4.32036e-05 4.07731e-06 2.79746e-06 -4.30411e-06 1.10012e-07 2.0075e-05 -4.93113e-07 -2.2873e-08 4.99606e-07 -1.10671e-07 1.05929e-05 1.48681e-05 -8.17583e-08 -1.06589e-09 3.93431e-06 1.46934e-05 8.93405e-06 2.90959e-07 -5.45056e-10 4.5291e-05 9.7084e-08 -6.89919e-05 7.38219e-05 1.04787e-07 1.15471e-07 6.61495e-06 -1.15391e-05 1.65428e-05 3.61797e-05 2.16545e-05 -5.67469e-05 -1.08161e-07 -9.36496e-07 1.06615e-06 -3.98375e-08 4.20676e-05 -2.94705e-05 -4.83663e-07 1.93014e-06 -1.37935e-05 3.14647e-07 -6.18892e-08 -5.71939e-05 3.80644e-05 2.20454e-05 7.06376e-08 9.20113e-06 -0.00012186 -2.28585e-05 -1.05078e-07 
-0.0117912 -0.0205467 5.49085e-05 -0.00272794 -0.000169773 0.123926 -0.000102169 -0.000658983 -0.0710153 -0.0112872 -0.000336853 -0.00151416 -0.00692305 0.000744535 0.0229794 -0.00130448 -0.0026645 -6.25145e-05 -0.00203135 0.08211 0.000137274 -3.0455e-06 0.0131832 -1.62995e-05 0.185976 3.50226e-05 -5.33567e-05 -0.00208693 -0.000460228 -0.0006253 -0.00291662 -0.00245576 -0.0478857 -0.0966955 -0.0254029 -0.127997 -0.000775054 -4.30251e-05 -0.000771368 -0.0134084 0.0753132 -0.000552252 -0.0412959 -0.137005 -0.00699633 0.00550443 -0.00812951 0.0409308 -0.0455098 0.0631021 0.0632475 -0.0604279 -0.00103038 -0.00636818 -7.36602e-05 -0.000398305 -0.000410911 2.28099e-05 -0.000224741 -0.000880234 0.00023014 0.000551793 -0.000218153 -3.68148e-06 -0.00146741 -0.0566835 -0.00652984 -0.00129659 -1.03813e-06 0.00396564 0.000748587 0.0109426 -0.0318664 -3.186e-05 -1.37154e-05 -0.000350236 -0.00352129 -0.00489889 0.0681953 -0.0685381 0.0438388 -0.000314389 -0.00265238 -0.0978038 -0.000103529 -0.0129571 -0.0620386 -0.00165014 -0.000128399 0.0874741 -4.17713e-05 -0.000132882 0.0508937 -0.00385601 -0.000539549 -0.000226098 -0.0180569 0.0810294 0.116471 -0.00165011 
-6.18062e-06 -8.72202e-07 -1.43938e-07 -1.35859e-06 1.86742e-07 1.1976e-05 2.4971e-06 -4.62218e-07 -6.02772e-05 -2.9937e-05 2.85601e-06 -7.51511e-07 5.7939e-06 2.23956e-05 -2.63197e-05 -1.05169e-06 2.30019e-07 4.99603e-06 -9.61215e-06 -9.37971e-05 1.76662e-05 -5.49848e-09 -2.24932e-05 6.73989e-07 3.50226e-05 0.000526733 4.67415e-07 3.70616e-05 1.67332e-06 7.77164e-06 1.59208e-05 -1.852e-06 1.01124e-06 -7.2869e-05 -3.19613e-06 -6.35901e-05 9.41829e-06 1.22461e-06 -4.59186e-06 -9.44475e-06 4.74874e-05 -4.05685e-07 -2.6156e-05 -8.6391e-05 -3.31613e-05 -1.99765e-05 -1.06697e-05 1.00547e-05 -1.74467e-05 1.90909e-05 3.61803e-05 -6.35942e-05 -2.29756e-06 6.17373e-06 2.88807e-06 6.16417e-07 -9.72544e-07 -5.52893e-08 -2.15817e-07 -1.61118e-07 1.20125e-08 -7.85896e-07 -1.97629e-07 -2.5765e-09 -1.09882e-06 -3.61486e-05 5.90131e-06 -1.80434e-07 -1.31753e-09 2.39621e-05 -4.00995e-06 -3.57295e-06 -2.24274e-05 2.27171e-05 -9.68939e-08 4.98631e-05 -1.34202e-06 -3.09922e-06 4.26053e-05 -3.89938e-05 -7.20137e-05 2.49661e-07 1.18236e-05 -0.000100154 -9.62966e-08 -8.51095e-06 -2.50519e-06 -1.16913e-06 -3.0316e-07 3.58498e-05 -9.88849e-08 7.05955e-07 -8.51487e-05 -7.13629e-07 3.27256e-06 6.7875e-08 -1.19922e-05 1.63616e-05 2.35469e-05 -3.39184e-08 
4.23675e-05 -3.44044e-05 -2.58892e-08 3.64893e-05 7.11938e-07 -0.0002309 4.80402e-07 -3.68578e-07 0.000278383 0.000183195 7.88627e-08 -6.22585e-07 6.26975e-05 -1.98251e-06 -5.60657e-05 4.53802e-07 2.03729e-05 1.52531e-07 4.44917e-05 -0.000100557 1.18594e-05 -4.38455e-09 -5.92756e-06 1.90838e-06 -5.33567e-05 4.67415e-07 0.000420068 7.60832e-06 2.15119e-06 -1.77926e-06 4.62862e-06 -9.54587e-07 -2.13349e-05 9.96108e-05 1.75544e-06 -8.78407e-06 -2.11936e-05 -1.04417e-07 -4.07557e-06 5.5811e-05 -0.000235613 -1.67798e-07 1.88161e-05 0.000183659 -7.77249e-05 -0.000249089 6.93238e-05 -2.17409e-05 -9.21807e-05 -0.000253346 -0.000165615 -5.61491e-06 3.41378e-06 -6.70741e-06 -4.49521e-08 1.38781e-06 -1.01474e-06 -4.40883e-08 1.85835e-05 -4.91742e-07 0.000141728 6.40378e-06 3.64631e-07 -2.05453e-09 6.60156e-06 2.56672e-05 1.41379e-05 1.02584e-05 2.11716e-08 -1.85666e-06 -3.50529e-06 -2.04627e-05 0.000137805 3.16961e-06 1.56069e-07 4.84741e-05 -2.35683e-05 6.69969e-05 -8.82199e-05 6.09095e-05 -7.975e-05 -2.08483e-07 3.32065e-06 0.000200448 5.67656e-07 0.000112341 0.000221323 -2.54497e-07 5.32492e-06 -0.000225924 -7.88519e-08 8.02929e-07 -0.000125353 -2.00449e-06 8.36936e-07 -1.40655e-07 9.0142e-05 -0.000307346 -0.000209862 1.16456e-05 
1.37204e-05 0.000848714 -1.59695e-07 -1.04971e-05 5.97486e-06 -0.0053976 -3.53205e-06 -9.52205e-06 -0.000610264 0.00341372 -4.63962e-06 9.8511e-05 -0.00010603 0.000733852 -0.0014746 1.86672e-06 -2.93309e-05 1.36883e-05 8.53289e-05 -0.0082612 0.000612369 2.06055e-06 -0.000602533 2.84761e-07 -0.00208693 3.70616e-05 7.60832e-06 0.0121498 -7.07864e-06 2.04108e-05 3.64161e-05 -3.55613e-05 0.00100115 -0.0018323 -0.000431109 0.00156539 0.00371313 5.8788e-05 -0.000183004 -0.000184134 0.00101423 7.11188e-06 -0.000609621 0.00187908 0.0016708 -0.000545963 -0.000233932 0.000516121 0.0074626 -0.00120913 0.000994564 -2.80202e-05 -5.44395e-05 0.000140635 -1.3158e-06 5.33457e-06 0.000122408 6.31704e-07 -5.03742e-06 -1.15272e-05 0.000229796 0.000784223 9.85377e-06 -6.01385e-08 -1.18479e-05 -0.000810794 2.19862e-05 1.51837e-07 -3.07527e-08 0.000425378 -9.33191e-05 7.09651e-05 -2.8163e-05 1.82087e-05 -1.01718e-06 0.00158052 0.00130197 -7.96368e-05 -0.00486323 -0.000969121 -0.00474763 1.04197e-05 -0.000106011 -0.00148567 -2.12546e-06 -0.000349366 0.00359962 -2.30888e-05 -1.34279e-06 0.00228875 4.0808e-06 2.15258e-06 -0.00413449 -4.47405e-05 3.48982e-06 1.32264e-05 0.00110453 -0.00136413 -0.00659549 -2.23328e-05 
0.000271014 1.05886e-05 7.04423e-07 3.55954e-05 2.9832e-05 -0.000210843 4.78764e-06 1.3643e-06 9.38622e-05 -0.000134135 4.1186e-06 5.17695e-05 -1.918e-05 -1.40054e-05 -9.37757e-05 2.99781e-05 5.63209e-05 1.74902e-06 2.33738e-05 -0.000187659 3.9258e-05 -1.08667e-08 -3.88827e-05 -2.27077e-07 -0.000460228 1.67332e-06 2.15119e-06 -7.07864e-06 0.00104045 4.3931e-06 8.79401e-07 1.02621e-05 -2.39452e-05 0.000285734 8.48646e-05 -3.81801e-05 -0.000107003 1.67412e-05 -1.23013e-05 6.46243e-05 -0.000362531 3.92178e-06 2.39434e-05 0.00027932 4.19341e-05 -5.93332e-05 6.90877e-05 -0.000341162 6.21337e-05 -0.000289133 -0.000210247 0.00021291 1.2228e-05 -6.19488e-06 3.07748e-06 -1.02158e-06 5.3184e-06 -1.09268e-07 -2.26519e-07 2.12571e-06 4.78227e-05 -3.04063e-06 1.87203e-07 1.1713e-07 2.66173e-05 0.000325209 2.10355e-06 1.16447e-06 -2.60383e-09 4.08389e-06 1.09526e-05 -7.44154e-05 0.000255272 2.71056e-07 7.19619e-07 -9.15395e-06 -5.28478e-05 1.50339e-05 1.84361e-05 0.000352128 -0.000286195 -5.16705e-07 -2.86822e-06 0.000210892 1.53191e-06 -3.05756e-05 4.32616e-05 2.51672e-05 2.91197e-06 -0.000243723 -8.43153e-08 -2.95657e-07 -0.000317814 5.2374e-05 1.82193e-06 1.69681e-06 -2.24333e-05 -0.000384703 -0.00026826 3.24786e-05 
-0.000107396 -0.000459954 -8.08529e-07 8.73151e-06 5.00767e-08 -0.00291279 -1.77659e-06 -4.84719e-06 -0.00049374 -0.000504624 -1.64596e-06 2.99447e-05 -8.71788e-05 -1.61569e-05 -9.08319e-05 1.21863e-05 -9.95803e-06 1.02263e-05 -6.64456e-05 0.000652074 4.78187e-06 6.7316e-07 -0.000212933 5.53147e-06 -0.0006253 7.77164e-06 -1.77926e-06 2.04108e-05 4.3931e-06 0.0057341 2.4945e-05 7.02103e-05 -0.000229636 0.000682206 9.16397e-05 0.00166157 -0.000516758 -1.27744e-06 8.1155e-05 -0.000103812 0.000460299 2.98857e-05 -0.000227249 -0.000475474 -0.000490293 5.4547e-05 -0.00010668 0.000223594 -0.000650611 0.000295547 0.00036028 -0.000651294 -2.66565e-05 -0.000108935 2.13864e-06 -4.24578e-06 -2.39281e-06 -6.05061e-07 -2.30625e-06 -5.67081e-06 -4.18768e-05 -2.09066e-05 -7.84985e-07 -2.8196e-08 4.77305e-05 -0.000424614 0.000299112 -1.17022e-05 -1.44184e-08 -0.000209493 4.72538e-05 -0.000495975 -0.00027844 2.14631e-05 -8.27029e-07 4.15786e-05 -0.000286758 -1.73041e-05 0.00180733 -0.00043428 0.000246309 -1.92786e-06 -1.65151e-05 0.000355938 -1.05383e-06 4.52328e-05 -0.000713208 -8.92772e-06 1.32824e-05 -0.00208402 -1.08215e-06 -1.48161e-06 0.000606691 0.000240172 1.52557e-05 -1.14027e-06 -0.000187408 -0.000149653 0.000286855 -1.16223e-05 
0.000260668 -0.000448646 1.27264e-06 0.000216581 4.66406e-05 -0.0024141 9.92747e-06 0.000116258 0.00269396 -0.00044824 1.57017e-05 4.69329e-05 0.000279778 -3.25638e-05 -0.000526951 0.000439374 0.000463163 1.29901e-05 0.000262301 -0.00267132 -1.38486e-05 -4.09433e-08 -0.000220123 2.88865e-07 -0.00291662 1.59208e-05 4.62862e-06 3.64161e-05 8.79401e-07 2.4945e-05 0.00390888 0.000178887 0.000844263 0.00275585 0.00145863 0.00261444 -0.000632633 1.35249e-05 -6.1264e-05 0.000941607 -0.00341756 3.38321e-05 0.00240819 0.00269039 -0.000650257 -0.00128265 0.00023464 -0.00202479 -0.000814729 -0.00336151 -0.00336245 0.00113535 5.79882e-05 0.000177195 4.57136e-05 1.19731e-05 -6.48685e-06 -4.117e-07 -9.07035e-07 0.000224464 0.000494065 -1.60657e-06 5.43951e-06 1.28081e-06 0.000165873 0.00304186 -1.65303e-05 0.000190382 -9.81069e-09 -0.000140768 -3.30848e-05 -0.00124876 0.000922 2.40973e-05 3.54517e-06 8.77152e-05 2.31819e-05 0.000303494 -0.0016145 0.00327764 -0.00152377 4.97421e-05 8.85331e-05 0.00298925 -6.83719e-07 -4.30354e-05 0.00239087 0.000143917 -1.22409e-06 -0.00268474 -7.36325e-07 1.08251e-07 -0.00112215 0.000545171 2.68505e-05 -1.51736e-06 -0.000230216 -0.00323187 -0.0022868 3.06423e-05 
0.000258018 -0.000352836 -9.59797e-07 8.51548e-05 1.3704e-05 -0.00203233 -8.23289e-07 1.28179e-05 0.00201598 0.000280278 5.50806e-07 0.000282922 0.000560143 -4.83262e-05 -0.000447492 4.64235e-05 0.000252463 -3.525e-07 0.000262856 -0.00153162 -2.43661e-05 -3.66645e-08 -0.000197865 3.13338e-05 -0.00245576 -1.852e-06 -9.54587e-07 -3.55613e-05 1.02621e-05 7.02103e-05 0.000178887 0.00350182 0.00116724 0.00231469 0.00127528 0.00196678 -0.000498433 1.52685e-06 -4.69656e-05 4.43806e-05 -0.00289618 8.39688e-05 0.00187474 0.00226911 -0.000588045 -0.000270991 -6.62732e-05 -0.0020092 -0.000344383 -0.00264456 -0.00288443 0.00119019 -6.26932e-06 -4.40753e-05 2.3913e-05 1.72754e-05 -7.40769e-06 -2.90897e-07 -5.16868e-07 7.86657e-05 -8.54381e-06 9.16856e-06 2.38711e-05 1.8606e-06 0.000385373 0.00211251 4.04562e-05 9.14083e-07 3.91215e-07 -0.000148193 -2.59876e-05 -0.00185217 0.00122618 -6.86287e-07 1.2539e-06 2.25431e-06 -0.000203672 0.000212259 -0.00145786 0.00280633 -0.00166053 8.80107e-06 0.000152383 0.00254614 1.84912e-05 0.000608407 0.000910407 0.00014806 1.62341e-05 -0.00246595 -6.59375e-07 2.88358e-05 -0.000557575 0.000730567 7.86498e-05 5.57744e-05 -0.000203526 -0.00250854 -0.00179566 3.15569e-05 
