0.0968948 -0.000597507 -0.0169379 -5.48848e-05 -0.00757503 -0.0273824 -0.0173311 -0.0239477 -0.00334849 0.0242995 -0.000991828 -0.000121176 0.0214749 -0.01327 -0.0258595 -0.0123006 -0.002453 0.00571973 0.000226638 0.00545482 0.000598267 0.0219911 -0.00413887 0.0274324 -0.0199958 -0.0198057 -0.0298358 -0.00240886 0.0254552 -0.00322556 -0.0014949 0.0183447 0.00832245 0.0330973 -0.000272846 -0.000168812 0.0326748 0.0429807 -0.0253409 -2.37734e-05 -0.00670546 0.000287716 0.00139438 -0.0013936 -0.0141857 -0.0415646 -0.00993193 -0.0199902 0.00124524 0.00178665 5.92595e-05 -0.0164562 -0.00205468 -0.0256259 0.000850703 0.0466645 -0.00223581 -0.0114486 -0.0112129 0.0381232 -0.000193454 -0.00483612 -0.0036423 0.0133906 -0.0276403 -0.000407518 -0.0218886 -0.00157792 -0.000343262 -0.0231911 -0.0205576 -0.00953852 -0.00395198 0.0144661 -0.0113482 -0.00357237 -7.24877e-05 -0.000670035 -0.00760734 -0.00107382 -0.000170928 -0.000560686 0.00342768 7.15355e-05 -8.33651e-05 0.0144212 -0.00239535 2.51709e-05 -0.0241795 -0.0192061 0.0274711 -0.00211399 0.0566303 0.0428854 2.39846e-05 1.88143e-05 -0.0134566 0.0011178 -0.000740595 -0.00261996 
-0.000597507 0.000686284 -4.79326e-05 3.55449e-06 0.000389251 0.000504146 0.000236766 0.000528633 -1.83671e-05 -0.000139918 -8.03286e-07 4.36623e-09 -0.000171929 -3.08919e-05 -5.40618e-05 -3.13008e-05 2.03895e-06 -4.11715e-05 1.2496e-06 -0.000126781 -2.71188e-06 -0.0001592 -2.32773e-06 -0.000416941 -0.000131918 0.000367206 -0.000108441 5.96519e-07 -0.000148041 7.09215e-05 2.364e-06 -0.000285295 -6.02923e-05 2.06202e-05 5.75392e-06 -3.16717e-06 -0.00018407 -0.000583323 0.000250837 1.63696e-05 0.000105403 -6.80644e-06 -3.04148e-05 4.61651e-06 -0.000205026 0.000612962 -1.18434e-05 0.000279471 -3.17037e-05 -1.96781e-05 -1.00733e-06 -0.000186392 1.55395e-06 0.000402703 2.61383e-05 -0.000401247 2.36774e-05 -4.3986e-05 3.10419e-05 -0.000219187 -5.58614e-06 -0.000245809 6.87454e-05 -0.000245384 -8.44632e-05 2.79919e-06 -3.76054e-05 -1.17149e-05 3.72572e-06 0.000440527 0.000285357 8.39988e-05 3.24388e-05 -0.000400496 -4.887e-05 8.04341e-05 1.44633e-07 2.86561e-06 -8.52694e-07 -1.8074e-06 1.56668e-06 0.00013544 -2.22384e-05 -4.69824e-05 4.26634e-07 -8.81593e-05 -6.52285e-06 2.286e-06 0.000437455 0.000196197 -0.000146188 -6.35895e-06 -0.000516698 -0.000272395 1.44797e-06 4.38057e-07 8.39631e-05 0.000251894 8.23071e-07 4.67851e-06 
-0.0169379 -4.79326e-05 0.072665 -4.38323e-06 0.000705842 -0.00379762 -0.00210986 -0.00286941 -0.0023181 -0.0179866 0.00084149 -8.21713e-06 -0.0161411 -0.00548766 0.0358241 -0.0138765 0.00205854 -0.00137046 -0.00025339 -0.00205062 -0.00120064 -0.0153005 0.00257739 0.0247906 0.04361 -0.00187267 0.0420674 -0.000296681 -0.0203555 -5.35374e-05 -0.000138106 0.00529489 -0.00293344 -0.0509517 0.000136878 -9.68965e-06 -0.0386397 0.00945616 -0.0164173 -0.000123551 -0.000984943 -0.000393823 -0.00302673 0.000169211 0.039941 -0.00625487 0.0107894 0.00945265 -0.00383412 0.00216625 -2.61571e-05 0.0284951 0.000191499 -0.00457514 -0.000884639 0.00222462 4.72749e-05 0.00494009 -0.00859259 -0.0219099 -0.00135398 0.0241252 -0.000472877 -0.0262688 0.0363413 -3.57457e-05 0.0178318 -0.00278223 -4.88738e-05 -0.00720974 -0.00507515 -0.000772297 -0.000167456 0.0284384 -0.00712373 -0.000342954 7.19693e-06 4.8059e-05 -0.000611281 0.000141471 3.94068e-06 -0.0011519 -0.00242491 0.00462473 -6.94552e-06 -0.0177072 -0.000365073 -0.000158233 -0.00356048 -0.0020144 -0.0189687 0.00159617 -0.0131237 -0.0298433 3.85371e-05 -0.000214822 -0.00160403 -0.0256164 -0.000147609 0.00156665 
-5.48848e-05 3.55449e-06 -4.38323e-06 6.62623e-05 4.76315e-06 8.3233e-06 8.97045e-07 1.47594e-05 -2.17541e-06 -1.1754e-05 -1.1718e-07 -1.88772e-08 -1.68599e-05 -5.15114e-06 -5.20836e-06 4.10017e-05 -3.02873e-07 -4.0703e-06 -2.63249e-07 -1.22065e-05 2.21551e-07 -1.57188e-05 -6.20227e-07 -4.00128e-05 -1.20645e-05 5.13499e-06 -1.78957e-05 5.99157e-06 -1.85104e-05 -2.65958e-07 -1.83593e-07 -1.66577e-05 -6.87839e-06 -4.12385e-05 2.19821e-07 -3.17401e-07 -2.83659e-05 -5.59846e-05 -1.52214e-05 1.53307e-07 8.53381e-06 -7.03943e-07 -3.23392e-06 4.18216e-05 -2.04804e-05 6.14316e-06 -1.41035e-06 -1.35672e-06 -3.71961e-06 -1.95346e-06 -9.71992e-08 -2.95062e-05 -1.54543e-07 9.94046e-06 -8.15416e-07 -3.27801e-05 3.54967e-06 -2.6763e-06 4.09827e-05 -2.23472e-05 8.16176e-08 6.64059e-06 4.6502e-05 2.0222e-05 2.24072e-05 4.34645e-05 -3.86791e-05 1.99837e-05 2.92061e-06 5.16382e-05 -1.79229e-06 4.79919e-05 4.00177e-05 -3.79306e-05 -5.30255e-06 5.6401e-07 -6.41461e-09 7.62081e-07 5.00531e-05 4.78589e-05 -1.28646e-08 -4.58106e-07 -2.28522e-06 -4.66746e-06 2.4223e-05 -1.89545e-05 1.67352e-06 -1.40728e-07 9.02326e-06 7.9618e-06 -1.74975e-05 1.90083e-06 -4.10224e-05 -2.55108e-05 -4.89784e-08 4.84938e-06 -2.76503e-07 -1.49255e-05 3.26051e-06 1.82414e-06 
-0.00757503 0.000389251 0.000705842 4.76315e-06 0.0101754 0.00213881 0.0018514 0.00303444 -0.000315942 -0.00231369 1.74087e-05 8.81571e-06 -0.00212043 -0.000711247 0.000399977 0.00210122 0.000344499 -0.000225129 -4.62004e-06 -0.00145588 -0.00012521 -0.00228553 -4.49931e-05 -0.00333755 0.000754447 0.00118151 0.00385993 9.05336e-07 -0.00222247 0.000200915 7.01616e-06 -0.00305574 -0.00102574 -0.00477841 9.97922e-05 -3.69327e-05 -0.00344614 -0.00608107 0.00308682 -5.40961e-06 -7.88617e-05 -9.85036e-05 -0.000359011 0.00020245 -0.000198197 0.0065352 0.000875709 0.00507472 -0.000502952 -0.000154096 -1.30802e-05 -0.000314997 0.000157745 0.00210033 -5.7476e-05 -0.00433637 0.000407724 -6.1864e-05 0.00258195 -0.0035969 3.36209e-05 0.000718093 0.00206824 -0.00220632 0.00407486 8.17876e-05 0.00161252 0.000425842 0.000276973 0.00309482 0.00316735 0.0039516 0.000847438 -0.00354829 -0.000967288 0.000137068 1.22492e-05 8.99146e-06 0.000544722 -1.71243e-05 8.63743e-06 2.99982e-05 -0.000250678 -0.000605198 2.91138e-05 -0.00182002 1.90556e-05 -1.78002e-05 0.00230016 0.00189755 -0.00260777 -0.000109135 -0.00647649 -0.00407695 1.40114e-06 -2.85396e-05 0.000985911 -0.0012329 0.000102517 0.000174463 
-0.0273824 0.000504146 -0.00379762 8.3233e-06 0.00213881 0.0485102 0.0219475 0.0259344 -0.000979833 -0.0110095 -8.79807e-05 4.84032e-05 -0.0124134 0.0140248 -0.00409624 0.0117964 -0.000144241 -0.00309168 -0.000188771 -0.00912389 0.000209429 -0.0118345 -0.000442886 -0.0307505 -0.00930528 0.0215727 -0.0135476 0.00222701 -0.011093 0.00195179 0.000571983 -0.01783 -0.00070278 0.00943244 -2.61399e-05 -0.00022956 0.00837353 -0.0416157 0.0125299 0.000133845 0.00760204 -0.000481083 -0.0017789 -0.000150588 -0.0161666 0.0389092 -0.000427335 -0.000950588 -0.00241544 -0.00148755 -6.66768e-05 -0.0159897 -8.44055e-05 0.0292169 -0.00031445 -0.0207527 0.00105766 -0.00406264 0.00175633 -0.0154064 -0.0013516 -0.0142189 -0.000174381 -0.00504003 -0.00970971 3.95664e-05 0.010141 0.00215598 3.04675e-05 0.0232166 0.0099012 -0.0003217 -0.000604763 -0.0291306 0.0080244 0.00380134 4.57512e-05 -3.5265e-05 0.00637815 -8.97028e-05 -9.81374e-06 0.00151885 -0.00142648 -0.00356431 -7.94295e-06 0.00527931 -0.000401011 0.000131441 0.0262552 0.0225907 -0.0128636 -0.000650325 -0.0282862 -0.0156262 -1.38751e-05 -0.00011065 0.0142663 0.0198314 -0.000146599 -5.31875e-05 
-0.0173311 0.000236766 -0.00210986 8.97045e-07 0.0018514 0.0219475 0.0340129 0.0210761 -0.000935472 -0.00745609 -6.13433e-05 2.10679e-05 -0.002336 0.000866988 -0.00276288 -0.00127591 -2.63932e-05 -0.00188545 5.99549e-05 -0.00591809 0.000808679 -0.00776591 -0.000260813 -0.0169651 -0.00702576 0.0154289 -0.00965375 0.000470229 -0.00670736 0.000807358 0.000595401 -0.0130012 -0.000874168 0.00615009 -4.28689e-05 0.000310033 0.013227 -0.0205679 -0.00282511 -3.97217e-05 0.00602653 1.83365e-05 -0.000972844 3.2476e-05 -0.0104276 0.0211764 -0.00076343 -0.000945934 -0.000323197 -0.00102589 -3.0024e-05 -0.0139076 -7.94325e-05 0.0207635 4.56855e-05 -0.0166767 0.00110206 -0.00216461 -0.00120411 -0.00853739 -0.000113271 -0.0127522 -0.000192897 -0.0044141 -0.00955368 1.03683e-05 0.00701304 -0.000951996 3.92871e-06 0.00303403 -0.00175687 -0.000148186 -0.000439125 -0.0135624 -0.00133331 0.00342868 2.61317e-05 -8.48593e-06 0.00486167 -4.19302e-07 -6.67767e-06 0.000738166 -0.000925159 -0.00198383 -5.27758e-06 0.0132532 -0.000313596 -2.86606e-05 0.0207418 0.0210229 -0.00738423 -0.000406084 -0.015291 -0.0107507 -7.78022e-06 -5.39568e-05 0.0157715 0.0104241 -8.31709e-05 -1.18468e-05 
-0.0239477 0.000528633 -0.00286941 1.47594e-05 0.00303444 0.0259344 0.0210761 0.0421006 0.000578311 -0.00564678 -4.86434e-05 2.21322e-05 -0.0101338 0.00216712 -0.00310349 -0.000770951 -9.71199e-05 -0.00267876 -0.000159375 -0.00798365 0.000110529 -0.00748633 -0.000370275 -0.0226775 -0.00639 0.0187168 -0.00998727 0.000949961 -0.00304347 0.00189962 0.000664064 -0.0131906 -0.00432452 0.00587225 -4.69702e-05 -0.000194419 0.00994875 -0.028086 0.00155417 9.16624e-05 0.00732144 -0.000331045 -0.00113274 -5.56417e-05 -0.0131315 0.02741 -0.0010002 0.00057668 -0.00189726 -0.00119281 -4.9431e-05 -0.0111954 -8.92409e-05 0.0262444 -3.02507e-05 -0.0148594 0.00126517 -0.00314955 -0.0010395 -0.00736355 -0.000876208 -0.0218351 7.07249e-05 -0.013649 -0.00996769 9.90679e-05 0.00528394 -0.00124464 0.000138589 0.00805733 0.00304427 0.00191319 -2.3618e-05 -0.0205935 -0.00154622 0.00391696 3.02702e-05 -1.01916e-05 0.00583787 0.000113518 -8.33856e-06 0.00113996 -0.00140057 -0.00291238 -3.14238e-06 0.0128327 -0.000386489 0.000129318 0.025436 0.0227254 -0.00672769 -0.000341272 -0.023029 -0.00987133 -2.78392e-06 -9.06415e-05 0.014886 0.0207143 6.5625e-06 -0.000183621 
-0.00334849 -1.83671e-05 -0.0023181 -2.17541e-06 -0.000315942 -0.000979833 -0.000935472 0.000578311 0.0317504 -0.00733291 -4.97725e-05 2.15039e-05 0.00833129 0.0211538 -0.00257231 0.0158881 -0.000148819 -0.00190207 1.9166e-05 -0.00516811 0.000220154 -0.00784239 -0.000287001 -0.019574 0.00154413 0.000346695 -0.00830942 -7.14561e-05 -0.00914 -0.000121876 -8.57617e-05 -0.0114624 -0.00289223 0.00593137 -1.57355e-05 -0.000153272 -0.0117454 -0.022678 0.00696408 -4.44687e-05 -0.000436805 -7.48181e-05 -0.000976699 -0.000146666 -0.00833557 0.00334951 -0.000504643 -0.000457164 0.0133862 -0.000649567 -3.38852e-05 0.0120866 -6.01484e-05 0.00170505 0.000411326 -0.0165861 -8.89621e-05 0.00650627 -0.00195143 -0.0114768 -0.000734161 0.00879356 8.50303e-05 0.0180266 -0.00685122 -1.54771e-05 0.00737818 0.00425619 0.000207075 0.00716614 0.00953358 -0.000143628 -0.000196884 -0.00754168 0.022907 -0.00012563 -3.07776e-06 -2.9027e-05 -0.000243866 0.000158559 -6.37303e-06 -0.000256141 0.00252086 -0.00204817 -4.76706e-06 -0.0100838 0.000121025 0.000107462 0.00328176 -0.000776172 -0.0081558 -0.000168194 0.000142515 -0.00968343 4.10142e-05 0.000574794 -0.00125115 -0.00616513 0.000441564 -0.000158081 
0.0242995 -0.000139918 -0.0179866 -1.1754e-05 -0.00231369 -0.0110095 -0.00745609 -0.00564678 -0.00733291 0.178195 -0.000400088 -6.16879e-05 -0.0101867 -0.0208111 -0.0185909 -0.0376515 -0.000858043 -0.0141872 0.000516881 -0.0424607 -0.000815572 0.13787 -0.00211308 0.0644686 -0.0447908 -0.00544709 -0.0664321 -0.00104045 0.135547 -0.000873051 -0.0004475 0.0109308 -0.018758 0.0439223 0.000179757 -0.000700646 0.104539 0.0250855 -0.0612463 0.000807324 -0.000782168 -0.000859504 -0.00786807 -0.00103761 -0.0733474 -0.0198328 -0.00547639 -0.00796408 -0.0116231 -0.00535265 -0.000246057 -0.108152 -0.000540981 -0.0102639 0.00498304 0.0887492 -0.000473822 -0.0185705 -0.0217968 0.107898 -0.00868379 -0.137728 -0.00145 -0.08011 -0.0697466 -9.46482e-05 -0.1613 -0.0092436 -0.000222195 -0.0171382 -0.0180285 -0.00286097 -0.00256002 -0.0981133 -0.0227768 -0.000947834 -2.07832e-05 -0.000163787 -0.00214892 -0.000349 -4.50346e-05 0.00841094 0.00123211 0.0246286 -3.41505e-05 0.0577098 -0.00220988 2.49061e-06 -0.00808994 -0.00494203 0.132103 -0.00309216 -0.0297963 0.133926 0.000107089 -0.000255947 -0.0104746 0.101464 -0.000602231 -0.000390369 
-0.000991828 -8.03286e-07 0.00084149 -1.1718e-07 1.74087e-05 -8.79807e-05 -6.13433e-05 -4.86434e-05 -4.97725e-05 -0.000400088 0.00176518 8.07378e-07 -0.000429669 -0.00014518 0.000909584 -0.000320619 2.21957e-05 0.000118807 -5.40251e-06 0.000275817 -2.66734e-05 -0.00032663 4.84938e-05 0.000385709 0.000765712 -3.90105e-05 0.00108397 -7.88942e-06 -0.000439479 5.06474e-05 2.34675e-05 -0.000333002 -0.000146447 -0.00114933 1.65973e-05 2.97467e-06 -0.000934739 0.000123369 -0.000357319 -3.02497e-06 -2.36077e-05 -7.16235e-06 9.10368e-05 7.63543e-05 0.00101243 -0.000123687 0.000176951 0.000359754 -9.06124e-05 5.51672e-06 -2.41596e-06 0.000816099 2.66495e-06 -0.000129684 2.74147e-07 -0.000951282 4.54393e-05 0.000371317 -0.00013302 -0.000607747 0.000183576 0.000504782 -3.50151e-06 -0.000493243 0.000976268 -9.46204e-07 0.000353199 5.34512e-05 5.87797e-06 -0.000180041 -8.86877e-05 2.45058e-05 -4.81043e-07 0.000618466 -0.000161576 -7.7576e-06 1.36216e-06 6.49514e-06 2.63965e-05 -1.84271e-06 1.34789e-05 -1.22657e-05 -4.9536e-05 6.72133e-07 4.69708e-07 -0.000547097 0.000169123 -3.32197e-06 -8.12319e-05 -4.62724e-05 -0.000462704 0.000116025 -0.000859844 -0.000712262 3.48191e-06 5.16906e-06 0.000133361 -0.000629231 6.92952e-05 4.05182e-05 
-0.000121176 4.36623e-09 -8.21713e-06 -1.88772e-08 8.81571e-06 4.84032e-05 2.10679e-05 2.21322e-05 2.15039e-05 -6.16879e-05 8.07378e-07 0.000284786 -6.63982e-05 9.28718e-05 1.13105e-05 0.000128042 2.94246e-06 -9.05295e-06 2.89057e-06 -5.00496e-05 -2.64165e-06 -6.56361e-05 -4.40063e-08 -0.000136274 -1.21606e-05 2.59435e-05 -9.0241e-06 2.29886e-05 -7.45601e-05 2.42456e-05 1.04411e-06 -0.000110767 -2.96008e-05 -1.50888e-05 4.50756e-06 2.34667e-06 -0.000128781 -0.000179977 9.45704e-05 -8.73087e-08 4.70939e-07 -1.82611e-06 -1.25909e-05 1.74087e-05 -3.68471e-05 0.000166156 -4.6237e-06 1.86033e-05 -1.50898e-05 -3.85309e-06 -4.17839e-07 3.98568e-05 9.68986e-07 4.47137e-05 -3.49419e-06 -0.000140596 2.2726e-05 -1.58061e-05 4.14288e-05 -9.9423e-05 1.5532e-05 5.12092e-05 4.96037e-06 5.01679e-05 0.000138875 1.92015e-07 4.62302e-05 0.00016591 5.17591e-07 0.000131342 9.67829e-06 2.51165e-06 1.34254e-06 -0.000129787 -2.4052e-06 2.91151e-07 -2.75751e-08 2.19702e-06 3.32824e-05 1.47836e-05 -5.53021e-08 -2.2063e-06 -9.13478e-06 -1.29978e-05 3.00186e-07 -7.66843e-05 -2.32198e-06 -2.93851e-07 7.83708e-06 2.02612e-05 -6.82723e-05 1.50158e-05 -0.000158749 -0.000110327 3.89452e-07 8.9759e-06 5.33911e-06 5.13435e-05 1.74171e-05 1.96143e-05 
0.0214749 -0.000171929 -0.0161411 -1.68599e-05 -0.00212043 -0.0124134 -0.002336 -0.0101338 0.00833129 -0.0101867 -0.000429669 -6.63982e-05 0.18994 -0.000465843 -0.0174615 0.0101498 0.000882158 -0.013146 0.0013962 0.0176532 0.00399481 -0.0278757 -0.00214532 -0.0151125 -0.0307602 -0.00604033 -0.0458327 -0.00112743 -0.034401 -0.000991497 -0.000609547 0.0302634 0.033602 0.0360135 -5.33914e-05 -0.000584997 0.0427582 0.00969675 -0.0183011 0.000324117 -0.00229459 0.00277293 -0.00456144 -0.000893967 -0.0314688 -0.0222017 -0.0014983 -0.00823699 0.0318388 -0.00167447 -9.67141e-05 -0.0304951 -0.000559659 -0.0144576 0.00200613 -0.020184 -0.000706238 -0.0049563 -0.00142941 -0.0161989 -0.0067009 0.0414251 -0.00127962 0.0847268 -0.0494886 -0.000133698 0.0139681 -0.00804486 7.42392e-05 -0.0210654 -0.0127197 -0.00298114 -0.00274811 0.0169288 0.00713326 -0.00105129 -2.32326e-05 -0.00021002 -0.00226965 -0.000292516 -4.91344e-05 -0.00370966 0.0135321 -0.0109986 -3.55073e-05 -0.020433 -0.000891962 -0.000194271 -0.00864604 -0.006386 -0.00173966 -0.00236671 0.0311253 0.00862581 -4.86628e-07 0.00108468 -0.00380568 -0.0611684 -0.000107957 -0.00134065 
-0.01327 -3.08919e-05 -0.00548766 -5.15114e-06 -0.000711247 0.0140248 0.000866988 0.00216712 0.0211538 -0.0208111 -0.00014518 9.28718e-05 -0.000465843 0.0827024 -0.00675224 0.0529846 -0.000368625 -0.00501834 -0.000327345 -0.0153517 -0.00083213 -0.021801 -0.000844908 -0.0518971 -0.00364587 0.0028709 -0.0172085 0.00202205 -0.0254363 0.00037859 -0.000211394 -0.0351593 -0.00460649 0.0154433 -9.10131e-06 -0.000425693 -0.0329325 -0.0601553 0.0397957 -0.000126157 -0.000210484 -0.000732589 -0.00424586 -0.000352441 -0.0235109 0.039034 -0.000368013 0.00211641 0.0145476 -0.00205856 -7.24369e-05 0.0339303 -0.000134921 0.00945094 -0.000604922 -0.0470403 -0.000179703 0.00313411 -0.00796517 -0.0325613 -0.00240499 0.0233721 0.000138465 0.0453591 -0.00587338 1.45622e-05 0.0199138 0.0170513 0.00016849 0.0467528 0.0428646 -0.000401698 -0.000633707 -0.036144 0.0589608 -0.000300972 -8.6735e-06 -7.81813e-05 0.0018905 -0.000150084 -1.68177e-05 0.000145506 0.00474771 -0.00625878 -1.40019e-05 -0.0274036 0.000703451 8.35339e-05 0.00675819 -0.000683155 -0.0222583 -0.000452621 -0.0253132 -0.0357229 5.81559e-05 2.4802e-05 -0.00234338 0.00469906 0.000271491 -0.000158007 
-0.0258595 -5.40618e-05 0.0358241 -5.20836e-06 0.000399977 -0.00409624 -0.00276288 -0.00310349 -0.00257231 -0.0185909 0.000909584 1.13105e-05 -0.0174615 -0.00675224 0.0738299 -0.0152381 0.00178856 -0.00410524 -0.000313071 0.00327052 -0.00123807 -0.0168788 0.00307137 0.0227338 0.0531326 -0.0019222 0.0563386 -0.000353097 -0.0225322 0.000356491 -0.000135077 -0.000872168 -0.00693768 -0.0617844 8.39362e-05 -3.46806e-05 -0.0435148 0.00999731 -0.00482396 -0.000113299 -0.0011163 -0.000652806 -0.00206735 -0.000278238 0.0539179 -0.00693693 0.00741914 0.0116044 -0.00420624 -0.000405643 9.4422e-07 0.0373741 0.00156101 -0.00631215 -0.000923963 -0.0105379 -0.000231185 0.0135093 0.00169815 -0.0282413 -0.00234283 0.0254393 -0.000503283 -0.0311785 0.0544793 -4.20425e-05 0.0185395 -0.00318122 -7.85234e-05 -0.00816176 -0.00411502 0.000174599 -0.000480806 0.0308017 -0.00775745 -0.000348226 -3.62606e-06 -5.09205e-05 -0.000756282 3.95475e-05 -5.13937e-06 -0.00133025 -0.00255897 -0.000181075 -8.76076e-06 -0.0255243 0.00368657 -0.000169108 -0.00373352 -0.00210253 -0.0213467 0.00088503 -0.0189929 -0.0328436 -4.29979e-05 -0.000212135 0.000725238 -0.0318383 -0.000222997 0.000475122 
-0.0123006 -3.13008e-05 -0.0138765 4.10017e-05 0.00210122 0.0117964 -0.00127591 -0.000770951 0.0158881 -0.0376515 -0.000320619 0.000128042 0.0101498 0.0529846 -0.0152381 0.157778 -0.000849924 -0.00422939 0.000271755 -0.014388 0.00774581 -0.0451135 -0.00159813 -0.0879067 -0.00716267 0.000390065 -0.0272619 0.0027176 -0.0530027 -0.000371773 -0.000481426 -0.033829 0.0111724 0.0220858 -0.000164407 -0.000629475 -0.0192295 -0.0616039 0.0580349 -0.000142045 0.00121256 -0.00189333 -0.00739574 0.000437135 -0.0401778 0.0382212 -0.00256854 0.0051083 0.00110926 -0.00468839 -0.000222625 0.0191493 -0.000428431 0.00837099 -0.00198255 -0.0487437 -0.00056761 -0.0100849 0.0348368 -0.0658154 0.010033 0.0551339 0.00180312 0.0822384 -0.0014204 0.000120874 0.0382373 0.0205032 7.15063e-05 0.0692713 0.0446411 0.0063255 0.00434868 -0.0719344 0.0517916 -0.00076092 -4.52589e-06 -0.000161661 0.00127567 0.00108236 -3.16898e-05 -0.00219972 -0.000209695 -0.0124016 3.85764e-05 -0.0488243 0.000421245 6.36842e-05 0.00504779 -0.00409275 -0.043043 -0.00126631 -0.00894406 -0.0127955 -0.000101624 0.000991365 -0.00816566 -0.0149441 0.000486395 -0.00035669 
-0.002453 2.03895e-06 0.00205854 -3.02873e-07 0.000344499 -0.000144241 -2.63932e-05 -9.71199e-05 -0.000148819 -0.000858043 2.21957e-05 2.94246e-06 0.000882158 -0.000368625 0.00178856 -0.000849924 0.00454963 -0.000235636 -8.92337e-06 -0.000163832 -6.9784e-05 -0.000317869 8.36886e-05 0.00102604 0.00136565 -1.37407e-05 0.00150607 -7.12873e-06 -0.0010471 0.000112301 6.33595e-05 0.00109051 -0.000144354 -0.00244016 9.30703e-05 -1.38695e-05 -0.00150884 0.000499233 -0.000303352 3.69703e-05 -5.55077e-05 5.47812e-05 0.000211018 -2.19467e-05 0.00195912 -0.000250508 0.00100581 0.000347084 -0.000208992 0.000269111 -1.26213e-07 0.000315527 6.2652e-05 -0.000253781 -3.87517e-05 -0.00174838 -7.57819e-06 0.000162486 -4.29737e-05 -0.00101882 -0.000142614 0.000948972 -2.84255e-05 -0.00115964 0.00157182 -7.34525e-07 0.000796896 -0.000174048 -4.19825e-06 -0.00047583 -0.000244199 -4.24812e-05 -1.32127e-05 0.00142162 -0.000449566 1.89027e-05 -3.97982e-07 -3.14805e-06 -4.05845e-05 1.95491e-05 -7.42846e-07 -4.94225e-05 1.43182e-05 -0.000212622 -7.10107e-07 -0.000792133 4.78689e-05 -9.59515e-06 -0.000164996 1.96023e-05 -0.000890881 -1.12619e-05 -0.00218979 -0.00149253 -2.97812e-06 -3.6208e-06 0.000151218 -0.0014371 -1.14972e-05 -8.42335e-06 
0.00571973 -4.11715e-05 -0.00137046 -4.0703e-06 -0.000225129 -0.00309168 -0.00188545 -0.00267876 -0.00190207 -0.0141872 0.000118807 -9.05295e-06 -0.013146 -0.00501834 -0.00410524 -0.00422939 -0.000235636 0.0576503 -0.000242274 0.0348049 -0.000803694 -0.0146632 -0.000191571 -0.00587564 -0.00750509 -0.00146917 0.0267683 -0.000248264 -0.0164509 -0.000234074 -0.00014894 -0.00515595 -0.00584484 -0.0263884 -6.43283e-05 0.0017327 -0.0316572 0.00722364 -0.00241882 -6.26182e-05 -0.000851285 0.00130214 0.00413146 0.00109149 0.0367421 -0.00484571 -0.000887202 -0.00125982 -0.00184142 -0.000475536 -7.52947e-05 0.0277614 -0.000106669 -0.00471427 -0.000638349 -0.0133125 -0.000163317 -0.00152737 -0.00358932 -0.0211903 0.010563 0.0192141 -0.000225987 0.0120692 0.0287774 -2.91224e-05 0.0141771 0.004064 -3.67779e-05 -0.00625396 -0.00360401 -0.000729325 0.000260045 0.0235778 -0.00409183 -0.000266647 -5.46798e-06 -3.289e-05 -0.000570709 -6.8186e-05 -1.19243e-05 -0.00100996 -0.00151841 -0.00306788 1.05569e-05 -0.0187577 -0.000412555 -0.00010032 -0.00279174 -0.00160045 -0.0161979 0.0025974 0.0114806 -0.0245169 -3.77207e-05 2.36602e-05 0.00337433 -0.0221817 0.000196176 -0.000279153 
0.000226638 1.2496e-06 -0.00025339 -2.63249e-07 -4.62004e-06 -0.000188771 5.99549e-05 -0.000159375 1.9166e-05 0.000516881 -5.40251e-06 2.89057e-06 0.0013962 -0.000327345 -0.000313071 0.000271755 -8.92337e-06 -0.000242274 0.00395679 -0.000702853 0.00217248 -0.000302226 6.01407e-05 0.000211117 -0.000814438 -8.54517e-05 -0.00101675 -1.257e-06 -0.00062827 -1.16104e-05 9.96273e-05 -0.000575871 0.000248794 0.000489999 6.19401e-06 -1.26387e-05 0.00155273 -0.00205546 -0.000900993 -2.68458e-06 0.000444176 3.58776e-05 -0.000157912 0.000137678 -0.0012474 -0.000190334 -8.23391e-05 -9.97409e-05 0.00104141 -0.000115584 2.41842e-05 -0.00174631 -3.24233e-06 -0.000224598 0.00122028 -0.000708945 0.000122413 -0.000310991 -5.60444e-06 -0.000759148 -0.000150485 0.00039998 -1.1784e-06 0.00119757 -0.00115623 3.51188e-05 -0.00112491 -1.54729e-05 2.10676e-06 -0.00013432 -0.000241259 -2.67333e-05 -2.81298e-05 -0.00137004 -0.000384688 -1.61998e-05 -3.84544e-07 0.000128461 0.000124586 2.55784e-05 7.75066e-05 -1.69848e-05 0.000539428 -0.000156139 3.1828e-06 0.0015001 -2.96886e-05 -2.63641e-06 -0.000144178 -4.2402e-05 -0.000633768 0.000121507 4.88753e-05 0.00194234 3.84161e-06 0.000185595 -0.000169745 -0.000885889 0.000155441 0.000187713 
0.00545482 -0.000126781 -0.00205062 -1.22065e-05 -0.00145588 -0.00912389 -0.00591809 -0.00798365 -0.00516811 -0.0424607 0.000275817 -5.00496e-05 0.0176532 -0.0153517 0.00327052 -0.014388 -0.000163832 0.0348049 -0.000702853 0.150589 -0.00198145 -0.0435079 0.00319209 -0.00144835 -0.00974322 -0.00441021 0.0547315 -0.000791869 -0.0485982 -0.00058215 8.13505e-05 -0.0125892 0.00678426 -0.0357956 -3.66628e-05 0.00109477 -0.0548165 0.0225873 0.00934401 -0.000237656 -0.0025494 -0.000100134 0.00366869 0.00130141 0.0748359 -0.0162969 -0.00150828 -0.00233359 0.00805525 0.00464283 -0.000250168 0.0526092 -0.000283057 -0.0139268 -0.00173494 -0.068673 4.27631e-05 0.00857325 -9.64096e-05 -0.0549924 0.00908094 0.0566536 -0.000432112 0.0423629 0.0462176 -9.88336e-05 0.0419101 0.00161183 -0.000172427 -0.0190186 -0.012715 -0.00222779 0.000479404 0.0700862 -0.00233071 -0.000771213 -1.76239e-05 0.000186023 -0.00156962 -0.000332338 -1.59907e-05 -0.00301918 -0.00428119 -0.00201869 2.65141e-05 -0.0560944 -0.00149894 -0.000179863 -0.00808337 -0.00479636 -0.0399902 0.0066968 0.0264943 -0.0615699 -0.000129495 0.000236605 0.00866854 -0.0711063 0.000312234 9.40411e-05 
0.000598267 -2.71188e-06 -0.00120064 2.21551e-07 -0.00012521 0.000209429 0.000808679 0.000110529 0.000220154 -0.000815572 -2.66734e-05 -2.64165e-06 0.00399481 -0.00083213 -0.00123807 0.00774581 -6.9784e-05 -0.000803694 0.00217248 -0.00198145 0.0151977 -0.00258003 -9.73966e-05 -0.00473254 -0.0013291 0.00037464 -0.00436295 2.78786e-06 -0.00373712 2.27483e-05 -1.46879e-05 -0.00513974 0.00265331 0.0027609 -5.23149e-06 -7.01236e-05 0.0056527 -0.00459334 -0.0026468 1.47499e-05 0.00155587 -0.000124064 0.000196275 5.18909e-05 -0.00472389 0.000340384 -0.000356846 -0.000497741 0.000657997 -0.000442991 -3.63592e-07 -0.00396272 -3.53877e-05 0.00106988 0.000881948 -0.00493096 -1.97034e-05 -0.000972057 0.00119061 -0.00374585 0.00406042 0.00253205 -3.05555e-05 0.00644746 -0.00450667 4.23737e-05 0.000127671 -0.000337362 -1.15049e-05 0.000393609 -0.000968026 -8.34287e-05 5.40228e-06 -0.00751088 -0.000948916 -6.41119e-05 -6.08725e-08 1.50908e-05 0.000393301 1.44646e-05 1.75145e-05 -4.57811e-05 0.000573909 -0.000788394 1.7462e-06 0.00240198 -8.98409e-05 -1.95143e-05 0.000187134 0.00090783 -0.00249224 -0.000129629 0.00181314 0.00647959 -4.85337e-06 0.000650262 -8.78047e-05 -0.00122442 2.72773e-05 -1.28068e-05 
0.0219911 -0.0001592 -0.0153005 -1.57188e-05 -0.00228553 -0.0118345 -0.00776591 -0.00748633 -0.00784239 0.13787 -0.00032663 -6.56361e-05 -0.0278757 -0.021801 -0.0168788 -0.0451135 -0.000317869 -0.0146632 -0.000302226 -0.0435079 -0.00258003 0.182342 -0.00194821 0.0759839 -0.0456512 -0.00549792 -0.0651235 -0.00105401 0.149395 -0.000803046 -0.000384323 0.0384925 -0.0217692 0.0418756 0.000202983 -0.000239571 0.105636 0.0309924 -0.0620203 0.000579168 -0.00207001 -0.0014863 -0.010445 -0.00111681 -0.0730669 -0.0203935 -0.00491227 -0.00795968 -0.0134031 -0.00587341 -0.00019782 -0.109554 -0.000517173 -0.0131542 0.000816541 0.092939 -0.000526954 -0.0191572 -0.0272178 0.122463 -0.0095493 -0.15703 -0.00151685 -0.0998626 -0.0690455 -9.80836e-05 -0.14462 -0.00953913 -0.000186542 -0.0220416 -0.0185903 -0.0029635 -0.00299496 -0.083994 -0.023881 -0.00102367 -2.19323e-05 -0.000132592 -0.00234161 -0.000267812 -4.45591e-05 0.0091311 -0.00282518 0.0152286 -3.42595e-05 0.0632433 -0.00234177 -0.000130175 -0.00999204 -0.00521865 0.135324 -0.00313201 -0.0427574 0.129008 -9.88483e-05 -0.000583557 -0.0108259 0.116615 -0.000644767 -0.000133449 
-0.00413887 -2.32773e-06 0.00257739 -6.20227e-07 -4.49931e-05 -0.000442886 -0.000260813 -0.000370275 -0.000287001 -0.00211308 4.84938e-05 -4.40063e-08 -0.00214532 -0.000844908 0.00307137 -0.00159813 8.36886e-05 -0.000191571 6.01407e-05 0.00319209 -9.73966e-05 -0.00194821 0.00927197 0.00158185 0.00184934 -0.000211182 0.0051472 -3.2849e-05 -0.0013268 -8.73087e-06 0.000748003 -0.00181421 -0.000588433 -0.00619166 2.46617e-05 0.00029907 -0.00390403 0.000795062 -0.000892458 -1.55666e-05 -0.000129555 -4.82479e-05 0.000236815 0.00123579 0.00320633 -0.000792663 -3.55008e-06 0.0011071 -0.000378572 -2.02312e-05 -1.30507e-05 0.00180725 0.00020935 -0.000521782 -0.000101703 -0.00141665 0.000987431 0.000396816 -0.000335758 -0.00189635 -0.000269042 0.001096 -4.67144e-05 -0.00330563 0.00318337 1.83696e-05 0.00161186 0.00061341 -2.93278e-06 -0.000965615 -0.000502422 -7.10416e-05 -7.73773e-05 0.0028093 -0.000850383 -3.6067e-05 2.19399e-06 0.000718617 0.000523817 -1.28546e-05 0.000149672 -0.000150136 -0.000295399 0.0010957 5.56946e-07 -0.00252124 -7.10235e-05 9.20118e-06 -0.000405053 -0.000221672 -0.00235655 0.00241114 -0.00294315 -0.00268235 5.10446e-06 0.000173907 0.000745555 -0.002473 0.000790751 0.0014944 
0.0274324 -0.000416941 0.0247906 -4.00128e-05 -0.00333755 -0.0307505 -0.0169651 -0.0226775 -0.019574 0.0644686 0.000385709 -0.000136274 -0.0151125 -0.0518971 0.0227338 -0.0879067 0.00102604 -0.00587564 0.000211117 -0.00144835 -0.00473254 0.0759839 0.00158185 0.235702 0.0288425 -0.0146348 0.0105733 -0.00262935 0.0697166 -0.00163914 -0.000817041 0.0253612 -0.00280948 -0.038697 7.40881e-05 -0.0016179 0.0534151 0.0747306 -0.119143 -0.000252147 -0.00686857 -0.00387804 0.00124889 -0.00276828 0.00848721 -0.0516983 0.0057758 -0.00227543 -0.024615 0.0074243 4.41135e-05 -0.0532569 -3.59771e-05 -0.0403397 0.00236564 0.0910856 -0.00168464 -0.00366218 -0.0533542 0.0848615 -0.0146332 -0.0547076 -0.00364295 -0.0688696 0.00123 -0.000306372 -0.063668 -0.0237844 -0.000456697 -0.0553784 -0.0436652 -0.00594268 -0.00460852 0.0417079 -0.0573113 -0.00252692 -4.30749e-05 -0.000448351 -0.00595621 -0.00052667 -0.000100625 0.00237131 -0.00911594 0.00779862 -3.81392e-05 0.0512391 -0.000560981 -0.000600016 -0.0234072 -0.0140992 0.0578296 -0.00195972 -0.00389488 0.0494494 -0.000183513 -0.00154162 -0.00486649 0.0259825 -0.00160832 7.02714e-05 
-0.0199958 -0.000131918 0.04361 -1.20645e-05 0.000754447 -0.00930528 -0.00702576 -0.00639 0.00154413 -0.0447908 0.000765712 -1.21606e-05 -0.0307602 -0.00364587 0.0531326 -0.00716267 0.00136565 -0.00750509 -0.000814438 -0.00974322 -0.0013291 -0.0456512 0.00184934 0.0288425 0.166227 -0.0049284 0.0740032 -0.000849616 -0.0561117 -0.00015487 -0.000357783 -0.0416085 0.0145478 -0.0803734 -1.66505e-06 -0.00044832 -0.0878199 0.00683234 -0.0120242 -0.000269681 -0.00288668 -0.00125099 0.00026252 -0.000874919 0.070394 -0.00932815 0.00999769 0.0168466 -0.00651273 0.0137995 0.000610357 0.0895694 0.0012887 -0.0142865 -0.00222606 -0.0177044 -0.000639882 0.0279064 -0.00149905 -0.0486785 -0.00132004 0.062492 -0.000210262 -0.0350324 0.0673577 -7.55597e-05 0.0469739 -0.00652674 -0.000106294 -0.00139923 -0.00112787 0.00513344 0.0020024 0.0400655 -0.00368112 -0.000761207 -1.94932e-06 -0.000172146 -0.00199874 -0.000221362 -2.52221e-05 -0.00344705 0.00411538 -0.00491887 -1.16925e-05 -0.0303204 0.0044086 -0.000436236 -0.00826141 -0.00539784 -0.0339557 -0.0016457 -0.00554436 -0.0677189 7.94027e-05 -0.000155247 0.00188742 -0.0581443 -0.000559569 -0.000377269 
-0.0198057 0.000367206 -0.00187267 5.13499e-06 0.00118151 0.0215727 0.0154289 0.0187168 0.000346695 -0.00544709 -3.90105e-05 2.59435e-05 -0.00604033 0.0028709 -0.0019222 0.000390065 -1.37407e-05 -0.00146917 -8.54517e-05 -0.00441021 0.00037464 -0.00549792 -0.000211182 -0.0146348 -0.0049284 0.0233785 -0.00682586 0.00132551 -0.00468497 0.00179777 0.000586029 -0.0107978 -0.00237887 0.00444039 -2.19079e-05 -0.000114725 0.00557893 -0.0205776 0.000671175 3.97371e-05 0.00478971 -0.000234119 -0.000628196 -0.000106631 -0.00761085 0.0215195 -0.00053887 -0.000660984 -0.00127894 -0.000642627 -3.51106e-05 -0.00842463 -3.44597e-05 0.0188709 -0.000214433 -0.0136344 0.000823904 -0.00191005 -0.0019081 -0.00845646 -0.000537987 -0.0141753 -0.000110355 -0.00655967 -0.00719718 2.32168e-05 0.00499248 -0.000712552 3.39796e-06 0.00626069 0.0044825 -0.000175655 -0.000297978 -0.0139503 0.00241723 0.00317615 1.27148e-05 -1.81271e-05 0.00416914 -5.90482e-05 -4.64992e-06 7.81037e-05 -0.000815017 -0.00168557 -3.72137e-06 0.00726938 -0.000187131 4.66684e-06 0.0180676 0.016888 -0.00615617 -0.000309734 -0.0179225 -0.00953382 -2.71445e-06 -6.54675e-05 0.0120984 0.0137034 -6.65001e-05 -0.000104149 
-0.0298358 -0.000108441 0.0420674 -1.78957e-05 0.00385993 -0.0135476 -0.00965375 -0.00998727 -0.00830942 -0.0664321 0.00108397 -9.0241e-06 -0.0458327 -0.0172085 0.0563386 -0.0272619 0.00150607 0.0267683 -0.00101675 0.0547315 -0.00436295 -0.0651235 0.0051472 0.0105733 0.0740032 -0.00682586 0.204698 -0.00114554 -0.0777161 3.42799e-05 0.000602758 -0.013447 -0.0250186 -0.125832 0.000310152 0.000728792 -0.154503 0.0217673 0.0459462 -0.000348707 -0.00390412 0.00208551 -0.00760485 0.000624656 0.165672 -0.00950742 0.0136273 0.0202838 -0.0137061 0.000367317 -3.1712e-05 0.131707 0.00156764 -0.0191152 -0.00314817 -0.0514701 0.000266234 0.02989 0.0216024 -0.0947596 -0.000104202 0.0900716 0.00178306 -0.0262084 0.176189 -3.48331e-05 0.0653293 -0.000584166 1.68516e-05 -0.0125921 -0.00225468 0.00645763 0.00600073 0.0904959 -0.0188861 -0.00118074 1.28142e-05 0.000472707 -0.00189174 3.46039e-05 0.000104242 -0.00468512 -0.00829135 -0.00332527 1.7374e-05 -0.0906918 0.00355977 -0.000555829 -0.0133406 -0.00752243 -0.076301 0.00592048 -0.000710313 -0.111892 -0.000134764 -0.000612466 0.00957705 -0.107565 0.000329276 0.00192263 
-0.00240886 5.96519e-07 -0.000296681 5.99157e-06 9.05336e-07 0.00222701 0.000470229 0.000949961 -7.14561e-05 -0.00104045 -7.88942e-06 2.29886e-05 -0.00112743 0.00202205 -0.000353097 0.0027176 -7.12873e-06 -0.000248264 -1.257e-06 -0.000791869 2.78786e-06 -0.00105401 -3.2849e-05 -0.00262935 -0.000849616 0.00132551 -0.00114554 0.00446656 -0.00121592 9.98707e-05 -1.59709e-06 -0.00191274 -0.000420036 0.000317514 -2.43647e-06 -2.08235e-05 -0.00193777 -0.00377707 0.00149818 -3.31962e-06 0.000249714 -4.68283e-05 -0.000175091 2.77203e-05 -0.00137196 0.00304503 7.12813e-05 -9.94774e-05 -0.000235186 -0.000131207 -4.74769e-06 -0.00083559 -2.58578e-06 0.00234918 -5.50646e-05 -0.00239861 4.02378e-05 -0.000336216 0.000444093 -0.00157453 -7.03922e-05 8.17149e-05 1.54061e-05 0.00095322 -0.000373897 2.10992e-05 0.000985869 0.000593393 -3.11873e-07 0.00335471 0.00179838 0.000182955 5.59696e-05 -0.00255616 0.00174539 -2.12843e-06 8.21244e-07 -1.2053e-06 0.00163427 0.000501792 -5.37683e-07 -4.07721e-05 -0.000111913 -0.00029804 7.9807e-06 -0.00121666 3.4823e-05 -7.6949e-06 0.00181607 0.000426657 -0.0011898 -2.20273e-05 -0.00133904 -0.00181194 -2.86061e-06 5.2223e-05 9.66921e-05 0.000939788 1.89607e-05 -3.27825e-06 
0.0254552 -0.000148041 -0.0203555 -1.85104e-05 -0.00222247 -0.011093 -0.00670736 -0.00304347 -0.00914 0.135547 -0.000439479 -7.45601e-05 -0.034401 -0.0254363 -0.0225322 -0.0530027 -0.0010471 -0.0164509 -0.00062827 -0.0485982 -0.00373712 0.149395 -0.0013268 0.0697166 -0.0561117 -0.00468497 -0.0777161 -0.00121592 0.202263 -0.00108014 -0.000187121 0.0378456 -0.0237742 0.0511936 0.000108375 -0.000272818 0.124596 0.0344377 -0.071517 2.44188e-05 -0.00312539 -0.00238319 -0.00860484 -0.000772186 -0.0865761 -0.0216839 -0.00642028 -0.00964229 -0.0157713 -0.00661294 -0.00035483 -0.129584 -0.000651801 -0.00705801 0.00265458 0.103492 -6.67009e-05 -0.0225218 -0.0309816 0.134066 -0.0103182 -0.169498 -0.00168462 -0.105803 -0.0830985 -0.000132367 -0.143732 -0.0106632 -0.000273753 -0.0266985 -0.0219035 -0.00345906 -0.00349615 -0.0808251 -0.0277113 -0.0011414 -2.62837e-05 6.23869e-05 -0.00210722 -0.000664136 5.3038e-05 0.00840834 -0.00291692 0.0295073 -4.37043e-05 0.0925531 -0.00275262 0.000619051 -0.00748508 -0.00356943 0.12823 -0.00272698 -0.0292621 0.139447 6.44202e-05 -0.000711525 -0.0113482 0.134039 -0.000445082 0.00049116 
-0.00322556 7.09215e-05 -5.35374e-05 -2.65958e-07 0.000200915 0.00195179 0.000807358 0.00189962 -0.000121876 -0.000873051 5.06474e-05 2.42456e-05 -0.000991497 0.00037859 0.000356491 -0.000371773 0.000112301 -0.000234074 -1.16104e-05 -0.00058215 2.27483e-05 -0.000803046 -8.73087e-06 -0.00163914 -0.00015487 0.00179777 3.42799e-05 9.98707e-05 -0.00108014 0.00399735 0.000290881 -0.00180437 -0.000381828 -0.000290347 0.00018096 -1.36901e-05 -0.000737439 -0.00235789 0.00171247 -4.54529e-07 0.00105319 -3.19234e-05 0.000127592 3.17721e-05 -0.00024874 0.00275619 -6.03233e-05 0.000963742 -0.00019099 -0.00011089 -2.46467e-06 0.000612427 0.000103485 0.00196396 -4.70192e-05 -0.00227809 8.89859e-05 0.000509415 -0.000176411 -0.00137077 0.000316206 -0.00104752 5.5729e-05 -0.00137421 5.73224e-05 8.98191e-05 0.000770084 0.000260848 9.66462e-06 0.00079181 0.00137397 0.00017135 -4.15246e-05 -0.00143313 -0.000119307 0.000525965 -3.88502e-07 -7.5359e-07 0.000103425 -1.05626e-05 -1.45812e-07 7.67127e-05 -9.87824e-05 -0.000239052 -6.23557e-07 -0.000282552 -1.66778e-05 3.33231e-06 0.000796406 0.00127264 -0.000938709 -5.76317e-06 -0.00299282 -0.00158976 -2.24417e-06 -1.10855e-05 0.000804175 0.000741786 3.98693e-06 3.5363e-05 
-0.0014949 2.364e-06 -0.000138106 -1.83593e-07 7.01616e-06 0.000571983 0.000595401 0.000664064 -8.57617e-05 -0.0004475 2.34675e-05 1.04411e-06 -0.000609547 -0.000211394 -0.000135077 -0.000481426 6.33595e-05 -0.00014894 9.96273e-05 8.13505e-05 -1.46879e-05 -0.000384323 0.000748003 -0.000817041 -0.000357783 0.000586029 0.000602758 -1.59709e-06 -0.000187121 0.000290881 0.00276284 -0.0011893 -0.000239092 -0.000644284 5.20389e-05 3.89633e-05 -0.000224375 -0.000851662 -0.000543433 -3.98383e-06 5.09521e-05 2.33803e-05 0.00012855 0.000857837 -0.00033159 0.000603678 -3.33104e-05 1.5654e-05 -0.000150322 -4.98603e-05 1.73251e-05 -0.000531351 0.000140605 0.000388213 -2.25135e-05 -0.00113255 0.000755559 8.36991e-06 -9.4688e-05 -0.000689781 -4.01447e-05 -0.00106664 -1.20341e-05 -0.000797534 -0.00031405 1.57953e-05 0.000159914 0.000705401 1.23422e-06 -0.000165571 -0.000166855 6.54937e-06 -1.61419e-05 -0.000551568 -0.000266165 0.000161933 -1.26299e-08 0.000564908 0.000419456 -7.00251e-06 0.000122495 -2.03738e-05 -2.44304e-05 0.000542249 -4.30445e-07 0.000311672 -1.87213e-05 -2.77253e-06 0.000423068 0.000737806 -0.000537449 0.000881327 -0.00120585 -0.000692298 7.17451e-06 0.000156431 0.00124984 1.37119e-05 0.000657323 0.000833921 
0.0183447 -0.000285295 0.00529489 -1.66577e-05 -0.00305574 -0.01783 -0.0130012 -0.0131906 -0.0114624 0.0109308 -0.000333002 -0.000110767 0.0302634 -0.0351593 -0.000872168 -0.033829 0.00109051 -0.00515595 -0.000575871 -0.0125892 -0.00513974 0.0384925 -0.00181421 0.0253612 -0.0416085 -0.0107978 -0.013447 -0.00191274 0.0378456 -0.00180437 -0.0011893 0.248146 -0.00413924 0.00745361 2.68026e-05 0.00108057 0.0558736 0.0492181 -0.0162166 -1.08456e-05 -0.00525381 0.00305917 -0.0123185 -0.00188155 -0.0108188 -0.0371273 0.00119856 -0.010378 -0.00644593 -0.00726825 -0.000419313 -0.057573 -0.000340302 -0.021152 -0.00458419 0.0861796 -0.00139939 -0.031502 0.00026361 0.0640459 -0.0168007 -0.0313939 -0.00175158 -0.02847 -0.0151469 -0.000185082 -0.0189231 -0.0173179 -0.000374399 -0.0379848 -0.0305544 -0.00431329 -0.00470064 0.0417824 -0.0317251 -0.0019514 -2.08652e-05 -0.000370048 -0.00428022 -1.42931e-05 -7.72518e-05 0.00135743 -0.0101958 -0.0144063 -6.30711e-05 -0.019933 -0.00416978 0.000137466 -0.0204247 -0.0114619 0.0238425 -0.00529817 0.00489872 0.052352 -0.000300152 -0.00101668 -0.0197665 0.00223912 -0.00132905 -0.00204791 
0.00832245 -6.02923e-05 -0.00293344 -6.87839e-06 -0.00102574 -0.00070278 -0.000874168 -0.00432452 -0.00289223 -0.018758 -0.000146447 -2.96008e-05 0.033602 -0.00460649 -0.00693768 0.0111724 -0.000144354 -0.00584484 0.000248794 0.00678426 0.00265331 -0.0217692 -0.000588433 -0.00280948 0.0145478 -0.00237887 -0.0250186 -0.000420036 -0.0237742 -0.000381828 -0.000239092 -0.00413924 0.0947469 0.0163029 -0.000132608 -0.000483499 0.0144369 0.0048143 -0.0140461 0.000164608 -0.00131405 -0.000729041 0.00111976 -0.000421457 -0.0223304 -0.00691029 -0.00226403 -0.00329452 0.000352878 0.00382955 0.000349585 -0.00747124 -0.000202611 -0.00646685 -0.00100926 0.00285569 -0.000294026 -0.00462809 0.00144681 -0.0197535 -0.00075739 0.0278958 -0.000659928 0.0229754 -0.0261094 -5.57078e-05 0.0190523 -0.00343037 -5.97199e-05 0.00398301 -0.00275536 -0.00122333 -0.00064413 -0.000239502 -0.00312847 -0.000404593 -8.51426e-06 -9.3338e-05 -0.000967135 -0.00017679 -2.02739e-05 -0.0017321 0.0107454 -0.00531652 -1.59322e-05 0.00492911 -0.000603464 -6.95293e-05 -0.00345477 -0.0023912 0.000369302 -0.00132482 0.0170072 -0.0102247 4.34801e-06 -7.18443e-05 -0.00110322 -0.0342488 -0.000294911 -0.00056886 
