0.149687 0.00670272 -0.0124899 -0.00956747 -0.00127517 0.0144319 -0.0101321 -0.000878585 -0.0158515 0.0019829 0.00989865 0.00731703 -0.000530288 -0.00179979 -0.00487568 -0.0286431 -0.00402784 -0.0553263 -0.00779246 -0.00088216 -0.0344342 -0.00298318 0.000299253 -0.00154251 -0.0143704 0.00911385 0.000121758 0.0162718 0.00217673 -0.00170706 -0.00116857 -0.00685896 -0.00186606 -0.00783818 -0.00354047 -0.0100289 0.0154673 0.00292512 0.00430416 -0.00482705 8.06689e-05 0.00421742 0.000728361 0.001735 -0.0017898 -0.000839442 -0.00578085 -0.0210708 -0.00118219 -0.0105817 -0.00875905 0.000551193 0.00122764 -0.0120835 -0.001004 -0.00339414 -0.00640591 -0.0140295 -0.0101889 -0.00207942 -0.00107793 -0.00102231 -0.0194382 -0.00304337 0.00173669 0.0145817 0.000133585 -0.00638055 -0.00389691 -0.00332089 -0.00741332 0.0334912 -0.00669451 -0.00497587 -2.30383e-05 0.00868387 0.00126261 0.0225036 -0.00465703 0.0206704 -0.00628148 0.0054706 0.00706057 0.0157799 -0.0066946 0.00636767 -0.00833149 0.0319596 -0.00600931 -0.00317103 -0.0103614 -0.000598389 -0.0185601 0.00226733 -0.00519023 0.0313011 -0.00372815 0.00258528 0.0139105 0.00629041 
0.00670272 0.093483 0.00554388 -0.000206756 0.00520957 0.0217762 -0.00710635 0.000784512 -0.0461367 -0.00198681 -0.0285611 -0.0246263 0.000182809 0.00519755 0.00529525 -0.0210869 -0.00208155 -0.0417588 0.00241723 0.000510823 -0.00703834 0.00418023 -0.000419895 0.000751719 0.0212066 0.00150122 -0.0019052 0.00238365 -0.00651992 0.0005726 0.00243006 -0.00192808 -0.0281777 0.0296915 -0.0012629 -0.00428467 0.00692776 0.00370223 -0.0167288 0.000116039 -0.0213206 0.00463584 -0.00133714 -0.000547375 -0.00373085 0.000366008 -0.00423164 0.000454877 0.001448 0.0110114 -0.0062157 0.000833721 0.000242666 -0.00642757 -0.00386682 -0.00271829 -0.00410916 0.0034886 -0.00539633 0.00393454 0.00890554 0.00867469 -0.0140228 -0.00175854 0.000382405 0.011983 0.000680275 -0.00229446 -0.001854 -0.0105089 -0.00820272 -0.00630425 0.00966372 0.00521057 0.000513172 0.00521458 0.00581992 -0.0199862 -0.00249244 -0.00865534 0.0034937 -0.00257322 -0.00137057 0.0303273 -0.00426134 -0.0012424 -0.00432982 0.0146866 0.0075021 0.00970552 -0.00598867 0.000105262 -0.00249741 0.000445218 -0.00206955 0.00752916 -0.000814137 0.0165038 0.00104984 0.00756571 
-0.0124899 0.00554388 0.171046 0.0238399 0.00443609 0.0297184 -0.00646885 0.000903653 -0.0070171 -0.00530005 -0.00704123 -0.0230494 0.000281057 -0.000234134 0.0063179 0.0147359 0.00585948 0.0179139 -0.0132627 -0.00080957 0.00138595 0.00444751 -0.00464579 0.00172143 0.00267247 -0.00856758 -0.0033215 -0.00237306 -0.00506126 0.00144934 0.00261117 -0.00244105 -0.0028812 0.00417214 -0.0068066 0.00222471 -0.00172077 -0.000605771 -0.0196113 0.00658498 -0.0370757 -0.00417304 -0.00288308 -0.00156004 -0.00524232 -0.000394653 -0.00278094 0.0130965 -3.70926e-05 0.00861767 0.0181672 -0.00085703 -0.000878636 -0.0100382 -0.00323485 -0.00340381 -0.00619314 -0.0129856 0.0029101 0.000793336 -0.00819399 -0.00393511 -0.0262421 -0.00014052 -0.00372755 -0.0131434 -0.000821803 -0.0048602 0.00185161 0.00180368 -0.00454164 -0.0155696 -0.000411816 0.00210155 0.0012536 -0.0049802 0.000987257 -0.027969 -0.00347869 -0.0215149 -0.00914581 -0.0130569 -0.00239772 -0.00847325 -0.00500734 -0.00274109 -0.00038489 -0.0174603 0.00396912 0.00733286 -0.00391916 -0.00335621 0.037957 -0.00493991 0.0191323 -0.00215672 0.0014998 -0.0100971 0.00601495 0.0127593 
-0.00956747 -0.000206756 0.0238399 0.143672 0.00686849 0.0416528 0.00760871 0.00244848 -0.00234923 -0.0133931 -0.0203328 -0.011535 0.000209914 0.000869563 -0.00152389 0.0102084 0.00309811 0.00132481 -0.0119625 0.00265525 0.0229553 -0.00973757 -0.00226953 -0.000251544 0.00579305 -0.0180524 -0.00117294 0.000867643 -0.0156952 -0.000847536 0.00696911 -0.00172648 -0.000979512 -0.00335567 0.00499949 0.000439111 -0.00651754 -0.0164623 -0.0103741 0.00372759 -0.0167389 0.000459985 -0.00163492 -0.00259798 -0.00344974 -0.000780351 0.00326074 -0.00844798 0.00147934 -0.00506346 -0.00207099 0.00153933 -0.000633542 -0.014846 -0.00599132 -0.00340391 0.00516214 0.00221667 -0.00718573 0.0010727 -0.00807284 -0.0114591 -0.0255577 -0.00192376 -0.00207986 -0.00228098 0.00114053 -0.0045585 -0.00192145 -0.0142314 -0.00795058 -0.0182581 -0.00394335 0.00681457 -0.000906667 -0.00385113 0.000446937 -0.0159298 0.000950617 -0.00941511 0.015942 -0.00938434 -0.00197029 -0.00857838 -0.0163786 -0.00228266 0.00490717 0.00211542 0.00124944 0.00758161 0.0197411 -0.00336692 0.0387109 -0.00263747 0.00809874 -0.010327 0.00365502 -0.00459373 -0.00515978 0.0114242 
-0.00127517 0.00520957 0.00443609 0.00686849 0.0600726 0.0127038 0.00233884 0.00164974 -0.00633947 -0.00215534 6.87945e-05 0.00438731 0.000564567 0.000417405 -0.00098322 -0.00632886 -0.0008623 -0.00495491 -0.00668108 -0.00249676 -0.00509077 -0.00132757 -6.03299e-05 0.00039804 0.00199358 -0.00648266 -0.00132347 -0.00170534 -0.00241861 0.00238994 0.000179115 -0.00310309 -0.0137223 0.00553418 0.00496811 -0.00119367 0.001659 -0.00584429 -0.0174106 0.0040882 -0.00973663 0.000881284 0.00151866 -0.000490558 -0.00133198 -0.000238326 -0.00271495 0.00533604 0.0031799 0.00221332 -0.00159874 -0.000138536 0.000886052 -0.00146852 0.00118662 -0.00180895 0.00402959 -0.00227459 -0.000335966 0.00117857 0.000438182 0.00362801 -0.00897252 -8.78685e-05 -0.00073485 -0.00168069 0.00132419 -0.00114756 -0.000948234 -0.000995715 -0.00601037 -0.0103561 0.00435579 0.000382645 0.000301955 0.00254485 0.00086798 -0.00936655 -0.000325963 -0.00109253 -0.00390358 -0.000825582 0.00481414 0.000678503 0.00402067 0.00399515 -0.000593407 -0.00228525 0.00287431 0.00305018 -0.00453439 -0.000240164 0.00800352 -0.00138473 -0.00368105 -0.00268837 0.000234292 -0.000874014 0.000377621 -0.00560237 
0.0144319 0.0217762 0.0297184 0.0416528 0.0127038 0.249875 -0.0162989 0.00114841 -0.0284541 -0.00861783 0.0123253 -0.0126679 0.000240804 -0.00154075 -0.00243423 0.0149777 0.000813615 -0.00811778 -0.0230707 -0.00996706 0.00804265 -0.012974 -0.00619494 -0.0016503 0.0196769 -0.015633 -0.00619341 0.00226603 -0.0251645 -0.00306626 0.00305308 -0.00472346 -0.00369918 0.0203668 -0.0057366 -0.00726791 -0.00207889 0.0096423 0.0224838 0.00145476 -0.0657151 -0.0053639 -0.00264178 0.00163612 -0.0130822 -0.00443859 -0.00317222 -0.00674656 -0.00157552 -0.0270132 -0.0201525 0.000497899 -0.00120193 -0.022775 -0.00608884 -0.00339038 0.00371912 0.00210875 -0.0166672 -0.00506279 0.00975721 0.013676 -0.0341389 -0.00905082 -0.00528098 -0.00720655 -0.000487653 -0.00685472 -0.00691589 0.000566829 0.00216134 -0.0121426 -0.003848 0.00978562 -0.000430538 0.00443145 0.00190025 -0.0219755 -0.00990164 -0.0159033 -0.000389929 -0.0194144 -0.00641845 0.010924 -0.035147 -0.00532974 0.0026364 0.0112178 0.00332412 0.00151124 0.00732528 -0.0128234 0.0182077 -0.00471922 0.00618 0.0339366 0.000472769 -0.00242603 -0.00342805 0.00224623 
-0.0101321 -0.00710635 -0.00646885 0.00760871 0.00233884 -0.0162989 0.0818714 1.90952e-05 0.00708626 -0.00437281 -0.00552133 0.00311924 0.00075847 -0.00026979 -0.00277789 0.00334353 0.00142137 -0.0104866 0.00484823 0.000629744 0.00827751 -0.000345687 -0.000244517 0.000422836 0.00293759 -0.00232848 0.00250036 -0.00114773 -0.00866505 0.000610442 -0.000349404 -0.00277339 0.00827013 -0.00338431 0.00804487 0.00209256 -0.00262169 -0.010054 -0.00793517 0.00177797 -0.00904516 -0.0006235 -5.00611e-05 -0.00061102 0.00376195 0.00168877 3.25447e-05 -0.00481808 -8.2599e-05 0.000610004 0.0130321 -0.000133875 -0.000516854 -0.00226058 -0.000843612 0.000105713 0.00689464 -5.87408e-05 0.00195105 -0.000263952 0.00145915 0.00176066 -0.00117072 -0.000892128 -0.000573474 -0.00742203 0.00155905 -0.00539547 0.00113586 0.000623966 -0.00436439 -0.0134889 -0.00457687 -0.0009565 0.000154168 0.000172238 -0.000679883 -0.00727388 -0.000848419 0.00185168 0.0104595 -0.000868716 0.00058943 -0.00620261 -0.00585428 0.00310719 0.00221418 -0.00674386 0.00264203 -0.00155041 0.00193533 0.00490075 0.00738523 -0.0016481 0.000452949 -0.0254555 0.0012348 -0.00239672 0.00377131 -0.00251042 
-0.000878585 0.000784512 0.000903653 0.00244848 0.00164974 0.00114841 1.90952e-05 0.0216941 -0.00842303 -0.000716268 -0.00101215 -2.57353e-05 0.00215901 0.000976844 0.00141041 -0.00329776 -0.00103023 -0.00476187 -0.000980656 8.25703e-06 0.00160713 -0.000507365 0.000486487 8.47305e-05 0.00262877 -0.00287031 3.88891e-05 0.00130484 -0.00235538 -5.07014e-05 5.11032e-05 -0.000711979 -0.00691651 -0.000272929 0.000561666 0.000931953 0.00100603 -0.0089486 -0.00384299 0.000316899 -0.00407594 0.000448587 0.00109364 -0.000234008 -0.000380458 -0.000193494 6.51882e-05 0.00117896 0.000330354 0.00138844 0.000293142 0.000368744 0.00117398 -0.000699855 -9.85314e-05 -2.21104e-05 3.18724e-05 0.00151497 -6.96695e-05 0.000364768 -0.00147985 0.000332137 -0.0012697 8.54047e-05 -0.000339723 0.00124252 0.00062345 0.00179673 -0.000367045 0.00126157 -0.00104235 -0.00605446 -0.000662712 0.000149633 4.72124e-05 -0.000188674 -2.85043e-05 -0.00709639 0.000191173 -0.000665179 0.00109461 0.00381045 -2.67001e-05 -0.00130149 -0.000726978 0.00039886 0.00101278 0.000568735 0.000730185 0.0035863 0.000184336 0.000756524 0.00127513 0.00280818 0.00344975 -0.00402807 0.00105821 0.000365366 -8.67363e-05 0.00143882 
-0.0158515 -0.0461367 -0.0070171 -0.00234923 -0.00633947 -0.0284541 0.00708626 -0.00842303 0.241531 0.00335148 0.0448957 0.017933 -0.00650758 -0.0150711 -0.014773 0.0261171 0.0126424 0.0497006 -0.00506246 -0.0208679 -0.00479686 0.00414018 -0.00622581 -0.00644558 -0.0298873 -0.00166703 -0.000383213 -0.00498951 0.00804335 -0.000557896 -0.00389882 -0.00390522 0.0816 -0.0226285 -0.0145446 -0.00727099 -0.0141504 0.0669908 0.044549 -0.00740571 0.0233866 -0.0026536 -0.000385064 0.000560412 0.00730867 -0.00364384 0.00672456 -0.0187966 -0.00683384 -0.030611 0.00208846 -0.00279615 -0.0078936 0.0138773 -0.00132909 -0.0102911 -0.006869 -0.0183792 0.00339296 0.00174313 -0.00245165 -0.00658137 0.0420809 -0.0100471 -0.0093833 -0.0177448 -0.00346983 -0.0348401 0.00407392 0.02103 -0.00852253 0.0454101 -0.0217798 -0.0154241 -0.00184632 -0.00880567 -0.00563183 0.0605188 9.14267e-05 -0.00410763 -0.00573742 -0.00908471 0.00250591 -0.028063 -0.0103918 0.000922985 -0.010026 -0.033725 -0.0121898 -0.0176979 0.00656829 -0.0180302 -0.0255631 -0.00779379 -0.0364644 -0.0152426 -0.00897986 -0.0233394 -0.00561846 -0.0161886 
0.0019829 -0.00198681 -0.00530005 -0.0133931 -0.00215534 -0.00861783 -0.00437281 -0.000716268 0.00335148 0.108545 0.016627 0.0140361 -0.000567972 -0.00157671 0.00629832 -0.0121339 0.0115962 -0.000589948 -0.00969448 -0.00404691 0.00125897 -0.0044 0.000217184 0.00105413 -0.00581453 -0.00127412 -0.000101595 0.000640498 -0.0119379 -0.000867213 0.000638444 -0.000883171 -0.0257274 -0.00401832 -0.000960877 -0.00310971 0.0156432 -0.0117479 0.0138562 0.000907962 -0.00471136 -0.00157571 0.00155706 -0.00291923 0.00136922 0.00275249 0.00116759 0.000881255 -0.00128659 0.00686195 -0.00468127 -0.00015288 -6.15133e-05 0.00917026 0.000521391 0.00413188 -0.00611726 -0.00720565 0.00378869 -0.0016385 -0.00277442 -0.000575623 0.00701541 0.00228299 -0.0011765 -0.00945202 -0.00022694 0.00338889 0.00119093 0.00781993 -0.00916892 0.000362999 -0.00534018 -0.00344392 -0.000454417 -0.00249408 -0.00119844 -0.00526277 0.000199176 -0.00286453 -0.0115655 0.0121567 0.00300386 -0.00840373 -0.00617054 -0.00130594 -0.00597225 -0.0060331 -0.000575106 0.00113146 -0.00568122 0.00257194 -0.00942498 -0.000491333 0.00435058 -0.00908211 -0.000397551 0.00306892 -0.00155762 3.90443e-05 
0.00989865 -0.0285611 -0.00704123 -0.0203328 6.87945e-05 0.0123253 -0.00552133 -0.00101215 0.0448957 0.016627 0.246564 0.0277379 -0.00175187 -0.00279443 -0.019189 0.0269435 -0.00406032 0.0318079 -0.0367242 -0.0242426 -0.0515322 -0.0158266 -0.00840921 0.00138389 -0.0259699 -0.015641 0.00130266 0.00609097 0.000655598 -0.000683248 -0.00363222 -0.00602876 0.00726512 -0.0175753 0.00523011 -0.0114928 -0.00764744 0.0118125 0.0798976 -0.00767901 0.0332561 -0.0055766 -0.0112792 3.81178e-05 -0.00909321 -0.00180612 -0.000400439 -0.0211844 -0.00569502 -0.0293378 -0.00900659 -0.00182146 -0.00598601 0.0172728 0.00804141 -0.00368247 -0.019338 -0.0331997 0.000261194 -0.0044409 -0.0313746 -0.0252283 0.0369123 -0.00413622 -0.00357316 -0.0117679 -0.00262382 0.00529039 -0.000280458 0.0361534 -0.00855319 0.0533686 -0.0183247 -0.0102823 -0.0010401 -0.012407 -0.00373922 0.0159842 -0.00359962 0.0053338 -0.0192093 0.0143919 -0.00486568 -0.0163746 0.00974679 -0.00101335 -0.0104953 -0.00784348 -0.0089643 -0.00677992 -0.0398231 -0.0157197 -0.00790955 0.00202656 0.0207183 0.0128252 -0.00619317 -0.0214221 -0.000420567 -0.0129673 
0.00731703 -0.0246263 -0.0230494 -0.011535 0.00438731 -0.0126679 0.00311924 -2.57353e-05 0.017933 0.0140361 0.0277379 0.235169 0.00242701 0.0049772 0.00226918 0.0311363 -0.0104562 0.026721 -0.0232153 -0.00374234 -0.0327457 -0.0113581 0.00867546 -0.000122403 -0.0301444 0.0132039 0.00183264 -0.00517255 -0.0179061 0.00367087 -0.00326571 -0.00508029 -0.0274737 -0.0124382 0.00786322 -0.00479647 -0.000482599 -0.0177889 0.00329242 0.000951496 0.0108226 -0.00209787 0.00544818 -0.00698356 -0.00132395 0.00100899 -0.00675323 -0.0189359 -0.0044254 -0.0122722 -0.0130961 -0.000796226 0.00174902 0.009516 0.00221255 -0.0116995 0.00674601 -0.0273261 0.00292258 -0.00689001 -0.0139087 -0.00791371 0.0038445 0.00317946 0.00182091 -0.00513957 0.00203311 0.00119251 -0.00053395 0.0127441 -0.0124822 -0.0172258 -0.0125349 -0.00976555 -0.00149427 0.00245595 -0.00274769 0.0234574 0.00376366 0.0180047 -0.0270617 0.0242772 0.00141964 -0.00574689 -0.00526238 0.000243005 -0.00877616 -0.0183596 -0.00588144 -0.00622084 -0.00610049 0.0118063 -0.00937523 -0.00245215 0.0103159 0.00148223 0.00115673 -0.0017717 0.000370931 -0.00926606 
-0.000530288 0.000182809 0.000281057 0.000209914 0.000564567 0.000240804 0.00075847 0.00215901 -0.00650758 -0.000567972 -0.00175187 0.00242701 0.0136629 0.00281628 0.00106338 -0.00228009 -0.000662399 -0.00363212 0.000769841 -0.000392985 9.23612e-05 0.000301162 0.000344354 0.00043459 0.000135131 0.00134734 0.000486555 0.00029945 -0.00137184 1.07344e-05 8.59166e-05 -0.000394366 -0.00626292 0.000281466 -0.000395162 0.00130032 3.27101e-06 -0.00645691 -0.00367546 0.000529258 -0.00227608 -0.000176711 0.00207554 0.000143328 0.000350132 0.000332276 0.00066283 -9.14818e-05 0.00083074 0.00105758 -0.000381579 0.000470879 0.000860653 -0.000909761 -0.000117043 -0.000303003 0.000539305 0.000533212 -0.000192711 -0.000183755 -0.00103919 0.00259306 -0.00146432 0.000554431 0.000569973 0.00173754 0.00130244 -7.60527e-05 -0.000310519 0.00151538 -0.00113904 -0.00441206 0.000523987 0.000304416 9.0772e-06 -0.000465921 0.000136807 -0.00698409 0.00042278 0.000476853 -0.000556544 0.00152407 -6.87837e-05 0.00206149 -0.000939435 0.000494859 -3.90868e-05 -0.00129027 0.00131324 0.00100268 0.00080574 0.00117826 0.000726006 0.00153603 0.00252645 -0.00489271 0.000469513 0.00166773 -0.000219696 -0.000685408 
-0.00179979 0.00519755 -0.000234134 0.000869563 0.000417405 -0.00154075 -0.00026979 0.000976844 -0.0150711 -0.00157671 -0.00279443 0.0049772 0.00281628 0.0351543 0.0044974 -0.00621646 -0.00256162 -0.00765524 -0.00199452 0.00367642 -0.00155399 -0.00197613 0.000476346 0.00109468 0.000262502 -0.00104861 0.000821192 -0.000598679 -0.00289834 5.03963e-05 0.000231837 -0.000363903 -0.0178693 0.00698456 0.00380065 0.00273456 -0.000241602 -0.00815774 -0.00899088 -0.000270303 -0.00357064 -0.000107606 0.00113467 -0.000197599 -0.000212794 0.000417312 0.000347622 -0.00287243 0.00374245 0.00251472 -0.00213163 0.000764548 0.000441207 -0.000859929 2.54971e-05 -0.000799878 0.00220952 -0.0024804 -0.000306341 -0.000235083 -0.00029012 -0.000452098 -0.00223856 0.000724734 0.00153871 0.0046687 0.00224085 -0.000858562 -0.000342713 -0.00136417 -0.00445724 -0.00558435 0.00569173 0.000809024 -8.2794e-06 0.00154007 0.000570688 -0.00960542 0.00372613 0.000934169 -0.00196347 0.00388562 0.000603323 0.00941976 -0.00343502 -0.000341824 -7.31714e-05 0.00145455 0.00169484 0.00572021 0.000256278 0.00352723 -0.00102669 0.00146753 0.00409035 -0.0077795 0.000480555 -0.000407388 -0.00174929 -0.000246122 
-0.00487568 0.00529525 0.0063179 -0.00152389 -0.00098322 -0.00243423 -0.00277789 0.00141041 -0.014773 0.00629832 -0.019189 0.00226918 0.00106338 0.0044974 0.0666566 -0.00919967 -0.00332735 0.00266427 -0.00225648 0.000138823 -0.00794352 0.00730081 0.0045915 -0.000810275 0.00274916 -0.00297936 -0.000801132 -0.000222058 -0.00250981 -0.000166279 0.000366646 0.00628455 -0.0200486 0.00289411 0.00127668 0.000376452 0.00124957 -0.0102014 -0.0137303 0.0014808 -0.019518 -0.000491919 0.00216398 -0.00174844 0.00206727 -0.000204574 0.000129922 0.00745154 0.00206113 0.0121316 -0.00375302 0.000461993 0.0030652 -0.00639421 -0.00213565 0.00220007 -0.0015778 -0.000266434 0.00580707 -0.000808378 -0.00488159 -0.00157312 -0.00618404 0.00568849 0.00153043 -0.00193075 0.00174138 0.000465568 0.00313928 0.002136 -0.0022689 -0.0167195 0.00325399 -0.00145531 -0.000147421 0.00102534 -0.000119454 -0.00780938 0.00163413 0.00458761 -0.00708294 0.00798262 0.000254453 0.00336716 -0.00393756 0.00130103 0.000720498 -0.000797092 0.00243389 0.00498025 -0.00484368 0.00404391 0.00164602 0.000144482 0.00148476 -0.00534309 -0.000943801 -0.000842842 0.00223862 0.00601044 
-0.0286431 -0.0210869 0.0147359 0.0102084 -0.00632886 0.0149777 0.00334353 -0.00329776 0.0261171 -0.0121339 0.0269435 0.0311363 -0.00228009 -0.00621646 -0.00919967 0.170525 -0.00903606 0.0307718 0.0185494 -0.0223364 0.016361 -0.00142907 -0.00493801 -0.00475888 0.00517293 0.0225703 -0.00511858 -0.0158876 -0.020881 -0.000327895 -0.00193101 -0.000646708 0.0422507 -0.00526335 0.00551727 -0.00163434 -0.0289915 0.0204693 -0.00513869 -0.00183164 -0.00606081 -0.0108128 -0.0137533 -0.00151828 -0.014363 -0.00315062 -0.00235051 0.00820812 -0.00894925 -0.0294644 0.00366607 -0.00138518 -0.00656728 -0.00915743 -0.00449496 -0.00605596 0.00654782 -0.000387335 -0.00125762 -0.00613079 0.00636705 0.00503012 -0.0206073 -0.000756742 -0.00928768 -0.00915402 -0.0028843 -0.0141181 -0.00548206 -0.00162694 0.00790851 -0.0330361 -0.0230158 -0.00034676 -0.000450125 -0.00934487 -0.00488375 0.0272981 -0.00356227 -0.0104511 0.0181157 -0.0045441 -0.0181766 -0.00191648 0.000519392 -0.00613837 -0.00548998 -0.0330838 -0.00923707 -0.0103985 0.0157221 -0.0107125 0.0129706 -0.00595503 0.0172 0.018858 0.00165903 -0.00779313 0.00422428 -0.00629471 
-0.00402784 -0.00208155 0.00585948 0.00309811 -0.0008623 0.000813615 0.00142137 -0.00103023 0.0126424 0.0115962 -0.00406032 -0.0104562 -0.000662399 -0.00256162 -0.00332735 -0.00903606 0.0882137 0.0126017 -0.00255997 0.000285651 0.00826736 -0.00227853 -0.00151374 0.000682286 -0.00577952 -0.0148626 -0.000136568 0.000376281 -0.00308895 -7.58215e-05 0.00067282 0.00376047 0.00421799 -0.00597562 -0.00400948 -0.00287002 0.00969668 0.00245853 0.00773172 6.74121e-05 -0.0111063 -0.00116857 0.000122723 -0.00155545 0.00299392 -0.000286767 -0.000241392 -0.00844254 0.000693877 0.0102303 0.00438799 -0.000161321 -0.000272248 -0.000859312 0.00265209 0.000778879 -0.00177971 -0.00120902 0.000931397 -4.67697e-05 0.00106067 -0.00734585 0.0167657 0.00032503 -0.00188365 -0.007761 -0.000990019 -0.00294388 0.00266747 0.00153052 -0.00770684 0.00566345 0.00103909 0.000597498 -0.000267714 -0.00309219 -0.001016 -0.00562902 3.51124e-05 -0.00683979 -0.0102456 -0.000110954 0.00361539 -0.011626 -0.00155627 -0.0016153 -0.00205971 -0.0110577 -0.00029234 -0.000891431 -0.00325891 -0.00234309 -0.00127042 -0.00230412 -0.00274057 -0.021961 0.000630083 -0.00384949 -0.00208558 0.00194569 
-0.0553263 -0.0417588 0.0179139 0.00132481 -0.00495491 -0.00811778 -0.0104866 -0.00476187 0.0497006 -0.000589948 0.0318079 0.026721 -0.00363212 -0.00765524 0.00266427 0.0307718 0.0126017 0.244216 -0.0271836 0.00203864 -0.00487084 -0.00481083 -0.00618152 -0.00173836 -0.027173 -0.02123 -0.00287128 -0.0168921 0.00700291 -0.00112839 -0.00156283 0.0074779 0.0230414 -0.0268097 -0.00979755 -0.000176427 -0.0164378 0.0168945 0.0331617 0.000466671 0.0401927 -0.0109331 -0.00918581 -0.00839678 0.00101 -0.000540244 2.25346e-05 0.0198976 -0.00635107 0.00985761 -0.0120604 -0.00283594 -0.0047622 3.09442e-06 0.00949051 0.00119216 -0.0037164 -0.00415191 0.00990313 -0.00977421 -0.0211949 -0.0223107 0.0235531 0.00381892 0.00120905 -0.0211622 -0.00719476 0.0236937 0.00426483 0.0219499 0.0126946 0.00374439 0.00213694 -0.0092706 -0.00172717 -0.0144809 -0.00506628 0.0212619 0.00518999 -0.0024914 -0.0437182 -0.00830013 -0.00892997 -0.0571139 0.0153237 -0.00831663 0.0153538 -0.0345563 -0.0111542 -0.00821762 -0.0159922 -0.00443846 -0.00224721 -0.00605893 -0.0111019 0.0294797 -0.00888725 -0.0288634 -0.022388 -0.0190108 
-0.00779246 0.00241723 -0.0132627 -0.0119625 -0.00668108 -0.0230707 0.00484823 -0.000980656 -0.00506246 -0.00969448 -0.0367242 -0.0232153 0.000769841 -0.00199452 -0.00225648 0.0185494 -0.00255997 -0.0271836 0.134574 -0.00226688 0.0152113 0.0081162 0.00290727 -0.00158752 0.0128602 0.0232021 0.000976511 -0.0016878 0.0033559 -0.000144187 -0.00104596 0.00460782 0.0218072 0.00100176 0.00188788 0.00121177 -0.00670243 0.0143276 -0.0266201 -0.00157019 0.00153326 -0.000208525 0.00209842 0.00408301 0.00170166 0.000101443 -0.00091238 0.00244002 0.000162411 -0.00514181 0.0131603 0.000803916 -0.00197427 -0.00780912 -0.00482364 -0.000416947 0.000648101 0.0163784 -0.00407493 -0.00169281 0.0140945 0.0340305 -0.0104142 -0.00242004 -0.00346276 0.00280725 0.000636048 -0.0119593 -0.00367522 -0.0191617 -0.0116778 -0.0268963 -0.00894723 -0.000829409 0.00072609 -0.00166184 0.00102131 0.00551303 0.000744517 -0.0184133 0.0209066 -0.00515125 -0.0010507 0.0158745 -0.00829204 0.00371832 -0.00140219 -0.014271 0.00123794 -0.00376537 0.019188 -0.0026684 -0.0049295 -0.00396782 -0.0119262 -0.0147856 -0.000990705 0.0110303 0.00277681 -0.0162083 
-0.00088216 0.000510823 -0.00080957 0.00265525 -0.00249676 -0.00996706 0.000629744 8.25703e-06 -0.0208679 -0.00404691 -0.0242426 -0.00374234 -0.000392985 0.00367642 0.000138823 -0.0223364 0.000285651 0.00203864 -0.00226688 0.0819299 0.00743884 -0.00221718 -0.000996341 -0.000670768 0.00132425 -0.0125146 -0.0013098 0.00422266 0.00963843 -0.000312604 0.000420479 0.00192548 -0.00289024 0.00137156 -0.00356229 0.00528824 -4.8965e-05 -0.00791043 -0.0202827 -0.000621659 -0.00756055 0.00499079 0.00129052 -0.0014501 0.00375461 8.62956e-07 3.53697e-05 -3.47182e-05 0.00173516 0.0136352 0.00304396 2.11711e-05 -0.000564577 -0.0065793 0.00176218 -0.00140144 0.00281909 -0.0023026 -0.00103187 -0.00110413 -0.00363272 -0.00915781 -0.00585683 0.00147536 0.00470799 -0.00493022 -6.73238e-05 0.00913408 0.000628954 -0.00993758 -0.00379282 0.00155823 0.0124644 0.00379419 0.000358512 0.00287127 0.000164131 -0.0115743 0.00613888 0.00678379 -0.00240062 9.28965e-05 -0.0027555 -0.00575162 0.0133839 -0.000471812 0.00407167 -0.00330664 0.00254142 0.00383386 -0.00378866 0.010972 0.000948672 -0.000474966 -0.000580091 -0.0120114 -8.91022e-05 -0.00387946 -0.00398157 0.0133429 
-0.0344342 -0.00703834 0.00138595 0.0229553 -0.00509077 0.00804265 0.00827751 0.00160713 -0.00479686 0.00125897 -0.0515322 -0.0327457 9.23612e-05 -0.00155399 -0.00794352 0.016361 0.00826736 -0.00487084 0.0152113 0.00743884 0.187859 -0.00474712 -0.0026156 0.00101839 0.0167803 -0.0292972 -0.00644419 -0.00842243 -0.0225631 -0.00289236 0.000695175 0.00214034 0.0114178 -0.00186551 0.00169309 0.0213154 -8.29614e-07 -0.0209746 -0.0203446 0.00129071 -0.0331277 -0.000424902 0.00242956 0.000921783 -0.00419092 -0.00225448 0.0051556 0.00738664 0.00179527 0.00235639 0.0236237 0.000474271 -0.000819239 -0.00647379 -0.00949502 -0.00113072 0.0252352 0.0253052 -0.00805567 -0.000808287 0.00894165 -0.00584243 -0.0037073 -0.000472314 -0.00372449 -0.00915297 -0.00207934 -0.000457422 -0.00511826 -0.0208811 0.00385557 -0.0433596 0.00186228 0.0112065 0.000441868 -0.00348721 -0.00175539 -0.0163289 -0.000237519 -0.0295353 0.00322599 -0.00785791 -0.00660665 -0.0132049 -0.0189177 -0.00427501 0.00279284 -0.0253463 0.00769689 0.00386648 0.049891 0.00111933 0.0313988 0.000289179 0.0213436 -0.032754 0.0121814 -0.000564341 0.000260343 0.00245489 
-0.00298318 0.00418023 0.00444751 -0.00973757 -0.00132757 -0.012974 -0.000345687 -0.000507365 0.00414018 -0.0044 -0.0158266 -0.0113581 0.000301162 -0.00197613 0.00730081 -0.00142907 -0.00227853 -0.00481083 0.0081162 -0.00221718 -0.00474712 0.0827645 -0.000502193 -0.000638493 0.00544166 0.0164625 0.00146742 -0.000845498 0.011546 -0.000782339 -0.000948454 0.000700991 0.00497127 0.000244914 -0.00274852 -0.00142776 0.00285155 0.00381445 -0.0181258 -0.00148566 0.00537653 -0.00149754 0.000473164 -0.000165674 0.00302476 -5.65742e-05 -0.000726805 0.0117102 -0.00143606 0.0031032 0.00176841 -0.000326533 0.000334382 -0.00249358 -0.00157581 -0.000355724 -0.00426099 0.00270154 0.00474943 -0.00153266 -0.000134456 -0.00124906 -0.00825385 0.00206648 -0.00020343 -0.00590861 0.0004442 -0.0032804 0.00446283 0.0024771 -0.00907241 -0.0102446 -0.00161011 -0.00105704 -0.000143262 0.00150136 0.00108509 -0.000375914 -0.00171662 -0.00328176 0.000377339 -0.00339504 -0.000572897 0.00333839 0.000184596 -0.000220318 -7.79002e-05 -0.00887853 0.00100342 -0.00178395 0.000398902 -0.000251846 -0.00443828 -0.00249202 -0.00918979 -0.00659626 0.000382224 0.000103891 -0.00250078 -0.00403793 
0.000299253 -0.000419895 -0.00464579 -0.00226953 -6.03299e-05 -0.00619494 -0.000244517 0.000486487 -0.00622581 0.000217184 -0.00840921 0.00867546 0.000344354 0.000476346 0.0045915 -0.00493801 -0.00151374 -0.00618152 0.00290727 -0.000996341 -0.0026156 -0.000502193 0.0388791 0.000676343 -0.00241709 -0.00214306 0.00152026 -0.00125547 0.00410166 0.000857506 -0.000207869 0.000211068 -0.00878184 -0.00128535 0.00265137 0.000550261 0.00605397 -0.00461518 -0.00651071 0.000310716 -0.00538856 0.00123808 0.00683866 -0.00091199 0.000400363 0.000879373 -0.000804837 -0.0027004 6.38955e-05 -0.00118412 -0.000737767 9.07446e-05 0.00373243 0.00656853 -0.00145702 -1.34412e-05 0.000507517 -0.00349893 0.00314383 3.81836e-05 0.00368252 -0.000980034 -0.00462037 0.0013166 0.00201119 -0.00220391 -0.000265675 0.0023627 -0.000332505 0.00166638 -0.0027875 -0.0094894 -0.00125582 -0.000610602 -5.56378e-05 4.93096e-05 -0.000246851 -0.00210106 -0.00017584 0.000612476 0.00135336 0.00504645 0.00749535 0.00150287 -0.00201952 0.00289274 -0.00179635 -0.00248192 0.000344441 0.000139261 0.00402387 0.00411931 -0.00361148 0.000321537 0.00248923 -0.0137603 0.00129834 0.00198498 -0.000949136 -0.00314971 
-0.00154251 0.000751719 0.00172143 -0.000251544 0.00039804 -0.0016503 0.000422836 8.47305e-05 -0.00644558 0.00105413 0.00138389 -0.000122403 0.00043459 0.00109468 -0.000810275 -0.00475888 0.000682286 -0.00173836 -0.00158752 -0.000670768 0.00101839 -0.000638493 0.000676343 0.0242009 -0.000816803 -0.00174963 0.000538685 0.00105255 0.000422192 -0.000145686 2.68572e-05 0.00151057 -0.0070573 0.000827969 0.000861857 0.00147166 0.00037172 -0.00790372 -0.00321731 0.00180274 -0.00197559 0.000190579 0.00426258 -5.91333e-05 -1.51343e-05 0.00177312 -2.21967e-05 0.000665136 0.00156456 0.000725814 0.00188958 8.26793e-06 0.000173831 0.00279176 -0.00104497 0.000475717 0.000940262 -0.0017532 -0.000182932 -0.000366784 -0.00114238 -0.00233761 -0.00154271 0.000303543 -5.59503e-05 -0.000542811 0.00056059 0.000205439 -9.98384e-05 -0.000638847 0.000257693 -0.00558387 0.00236721 0.00255737 5.84213e-05 -0.000571057 -0.000135659 -0.00992484 -0.000517687 -0.00240479 -0.000982829 -0.000567613 0.00369281 -0.000838314 0.000729259 0.00073387 -0.000801142 -0.00204093 0.0014936 0.0018008 0.00422506 0.000935976 0.00535065 0.000810122 0.00499845 -0.0107979 0.00183703 -0.000440088 0.000257533 -0.00295345 
-0.0143704 0.0212066 0.00267247 0.00579305 0.00199358 0.0196769 0.00293759 0.00262877 -0.0298873 -0.00581453 -0.0259699 -0.0301444 0.000135131 0.000262502 0.00274916 0.00517293 -0.00577952 -0.027173 0.0128602 0.00132425 0.0167803 0.00544166 -0.00241709 -0.000816803 0.0931516 0.00257926 -0.00152869 -0.00152309 -0.0125054 -0.00106168 0.00164003 -0.00304993 0.00259548 0.0187911 0.00122891 -0.00147497 -0.00508188 -0.00536191 -0.0244736 0.00112188 -0.0252603 -0.000521465 -0.000465028 0.00392261 -0.00168847 -0.0013261 -0.00481881 0.0133299 -0.00106627 -0.000934619 0.000695811 -0.00050502 -0.00179949 -0.00878318 -0.00411456 -0.00113131 0.00905859 0.019297 -0.00149802 0.00124744 0.0184837 0.0203619 -0.012474 -0.00102029 -0.00216513 -0.00335876 0.00129675 -0.00574679 -0.000401544 -0.0134487 -0.00749127 -0.0268486 -0.00308788 0.0066999 -1.62707e-05 -0.00022801 0.00167063 -0.0286462 -0.00267686 -0.0114004 0.0193796 -0.00731005 -0.00630537 0.0149161 -0.0144074 -0.00192417 0.0016783 0.00188592 0.00503467 0.00578503 0.0193523 -0.00233157 0.0160862 -0.00239601 -0.00036006 -0.00887609 0.00314769 0.0104969 -0.00371572 0.00241369 
0.00911385 0.00150122 -0.00856758 -0.0180524 -0.00648266 -0.015633 -0.00232848 -0.00287031 -0.00166703 -0.00127412 -0.015641 0.0132039 0.00134734 -0.00104861 -0.00297936 0.0225703 -0.0148626 -0.02123 0.0232021 -0.0125146 -0.0292972 0.0164625 -0.00214306 -0.00174963 0.00257926 0.180564 0.00869455 0.000113765 0.0118429 -0.000552256 -0.00214912 -0.00439971 0.00668554 0.00252501 -0.00162184 -0.00526752 -0.00214092 0.0150061 -0.0173483 -0.00247462 0.035525 -0.00403224 -0.00580313 -0.00141356 -0.00338921 -0.000233815 -0.00631028 0.01672 -0.00274495 -0.0124861 -0.0129267 -0.00096672 0.00195176 -0.0100299 -0.00438367 -0.00459839 -0.0123114 -0.00902393 0.00239389 -0.00148427 0.0116563 0.0251878 -0.0262317 0.000880991 -0.0025021 0.0123654 0.00115699 -0.0176094 -0.006175 -0.0231704 -0.0090917 -0.0146918 -0.00845733 -0.00167925 -0.0010405 -0.000372338 -0.000420455 0.0122722 -0.00363427 -0.00659435 0.0261262 -0.0069871 0.000309906 0.0202295 -0.0138692 -0.000402521 -0.00267422 -0.0119788 -0.00515475 -0.00652831 -0.00751068 -0.000545899 -0.0212679 -0.00390228 -0.00915469 0.0262615 -0.00166525 0.0168213 -0.00425379 -0.0212707 
0.000121758 -0.0019052 -0.0033215 -0.00117294 -0.00132347 -0.00619341 0.00250036 3.88891e-05 -0.000383213 -0.000101595 0.00130266 0.00183264 0.000486555 0.000821192 -0.000801132 -0.00511858 -0.000136568 -0.00287128 0.000976511 -0.0013098 -0.00644419 0.00146742 0.00152026 0.000538685 -0.00152869 0.00869455 0.037364 0.00123297 0.00471769 -7.50167e-05 0.000251838 0.000765051 -0.00410211 -0.00202307 0.00368414 -0.00177194 -6.45994e-05 -0.0011532 0.00350006 -0.000867562 0.00565659 9.85205e-05 0.000696818 -0.00016577 0.00200468 0.00089369 -0.00208723 -0.00245867 -0.000459566 -0.00136952 -0.00131515 8.78777e-05 0.000282637 -0.00135074 0.000673108 0.000339974 -0.00193584 -0.00309226 -0.000508021 -0.000955445 -0.00127417 -0.000332167 -0.00130957 -0.000165316 0.000387168 -0.00164486 0.000978187 -0.00251444 -7.11459e-05 -0.00213617 -0.00415099 0.00526532 -0.00118964 -0.00105333 8.31574e-05 0.00102101 -0.000160563 -0.000774052 0.00104752 0.00200301 0.00303011 1.54814e-05 0.00220139 -0.00189352 -0.00134306 0.00105722 -0.0019607 -0.000333278 0.000575523 -0.000651715 -0.00522766 0.000291798 -0.0032982 -0.000307226 -0.00167628 -0.00311851 0.000435702 -0.000743422 -0.00246608 -0.00278044 
0.0162718 0.00238365 -0.00237306 0.000867643 -0.00170534 0.00226603 -0.00114773 0.00130484 -0.00498951 0.000640498 0.00609097 -0.00517255 0.00029945 -0.000598679 -0.000222058 -0.0158876 0.000376281 -0.0168921 -0.0016878 0.00422266 -0.00842243 -0.000845498 -0.00125547 0.00105255 -0.00152309 0.000113765 0.00123297 0.070363 0.0074177 7.47865e-05 0.000262011 -0.00255367 -2.71131e-05 0.00169542 0.00174264 -0.00219632 0.00367612 -0.000572403 0.00856213 -0.00155136 -0.00536708 0.00511768 0.0047342 0.000283661 0.000241154 0.000542196 4.95482e-05 -0.00498186 -0.000542524 0.000449061 0.00480386 -7.12009e-05 -0.000298749 0.00167405 -2.33215e-05 0.000185036 -0.00267209 -0.00300751 -0.00258497 -0.00161275 -0.00557374 -0.000178418 -0.00530278 -0.00134355 -0.00144099 -0.00151776 0.000756208 -0.0031672 -0.000281172 -0.00471117 -0.0076545 0.00585995 -0.00139492 -0.00129092 0.000293484 -0.00162079 0.000320783 0.00289959 -6.97086e-06 -0.000441096 -0.00606781 0.00415421 0.00391548 0.00375647 -0.00440796 -0.000187658 -0.00253119 -0.000608596 3.35714e-05 9.29296e-05 -0.00889234 -0.00203073 -0.00395187 -0.00122019 -0.00141967 -0.00561473 -0.0013038 -0.00359404 0.00088205 -0.00341964 
0.00217673 -0.00651992 -0.00506126 -0.0156952 -0.00241861 -0.0251645 -0.00866505 -0.00235538 0.00804335 -0.0119379 0.000655598 -0.0179061 -0.00137184 -0.00289834 -0.00250981 -0.020881 -0.00308895 0.00700291 0.0033559 0.00963843 -0.0225631 0.011546 0.00410166 0.000422192 -0.0125054 0.0118429 0.00471769 0.0074177 0.142303 0.000671451 -0.00183491 0.00211374 0.0091371 -0.00845355 -0.00236953 -0.00295268 0.000447162 0.0107556 -0.00897869 -0.00135398 0.0230746 -0.000279089 0.000906568 -0.00160982 -0.00201369 0.00128736 -0.00117759 0.000796696 -0.00112674 0.00700527 2.78478e-07 -0.000886936 0.000401825 0.00565823 0.00167609 0.00158957 -0.00917896 -0.0111835 0.00678894 0.00194499 -0.00842999 -0.00506539 -0.00735769 0.00175709 0.00405628 -0.0040655 -0.00110706 -0.00530992 0.00143082 0.00359903 0.00514975 0.0110596 0.0141599 -0.00237815 0.000505932 0.00178083 -0.000470519 0.00175266 -0.000293958 0.000296622 0.0045473 -0.00353164 -0.000996536 -0.0106893 0.0281628 0.00220722 -0.00105785 -0.00836117 -0.00656967 -0.00298969 -0.0217776 3.33246e-05 -0.0151229 -0.00282975 -0.00952627 -0.0134023 -0.00161625 -0.00649327 -0.00459959 -0.00899443 
-0.00170706 0.0005726 0.00144934 -0.000847536 0.00238994 -0.00306626 0.000610442 -5.07014e-05 -0.000557896 -0.000867213 -0.000683248 0.00367087 1.07344e-05 5.03963e-05 -0.000166279 -0.000327895 -7.58215e-05 -0.00112839 -0.000144187 -0.000312604 -0.00289236 -0.000782339 0.000857506 -0.000145686 -0.00106168 -0.000552256 -7.50167e-05 7.47865e-05 0.000671451 0.0228399 0.000140688 -0.00055271 -0.00208653 0.000926083 4.55593e-05 0.000319992 -0.000201219 -0.000755035 -0.00173322 0.000584709 -0.00236717 -0.000274904 -3.18838e-05 -0.000422718 -0.00025196 0.000138805 0.000490659 -0.00189988 0.000332795 -0.00161575 -0.000151116 -6.91639e-05 4.75617e-05 -0.000758316 0.0014064 -0.000573918 7.56636e-05 -0.00157533 0.00175435 -0.000181524 -0.000749303 -0.00095111 -0.00278689 0.000270983 0.00112227 -0.000225496 0.00064089 -0.0015118 0.000173118 -0.000466739 -0.000352857 -0.000364617 0.00287098 0.000283818 0.000218381 0.00146624 0.000230334 -0.00193999 5.99086e-05 -0.000258959 -0.00115183 0.000229989 0.00018606 0.000797881 0.00176272 8.50639e-05 0.000535774 -0.00100973 0.000195285 -0.000566303 -0.00185446 0.000588098 -0.000198476 -4.61774e-05 -0.000408066 -0.00238792 -0.000250102 -0.0011208 -0.000370863 -0.00125976 
-0.00116857 0.00243006 0.00261117 0.00696911 0.000179115 0.00305308 -0.000349404 5.11032e-05 -0.00389882 0.000638444 -0.00363222 -0.00326571 8.59166e-05 0.000231837 0.000366646 -0.00193101 0.00067282 -0.00156283 -0.00104596 0.000420479 0.000695175 -0.000948454 -0.000207869 2.68572e-05 0.00164003 -0.00214912 0.000251838 0.000262011 -0.00183491 0.000140688 0.0246744 0.000943027 -0.00222024 0.00018784 -0.000603917 -4.20051e-05 8.21533e-05 -0.00201622 -0.00378349 0.000791364 -0.00537251 -1.47686e-05 0.000789232 -0.000474193 -0.000506035 0.000110836 7.49395e-05 -0.00219073 -1.18159e-05 0.000608437 -0.000665447 2.01643e-05 -8.14549e-05 0.000544113 -0.00104241 0.00120138 6.89909e-05 3.07017e-05 0.000592139 -0.000242042 -0.000354316 -0.00177272 -0.00294704 0.000647051 -0.000262874 0.000211789 -0.000144394 -0.00211869 0.000714922 -0.0023698 -1.9091e-05 -0.00197125 -0.000445833 -8.38236e-06 -0.000114136 0.000150106 0.000129281 -0.00500632 0.000244658 -0.00152662 0.00105032 -0.00161774 0.00124928 0.000328875 -0.00200144 -0.000166429 0.00057722 0.00138809 0.000148191 0.0015291 0.000748431 -0.000479614 0.00281331 -0.000467241 0.00234409 -0.00250347 -0.000250995 -0.000412778 -0.000736017 0.00323854 
-0.00685896 -0.00192808 -0.00244105 -0.00172648 -0.00310309 -0.00472346 -0.00277339 -0.000711979 -0.00390522 -0.000883171 -0.00602876 -0.00508029 -0.000394366 -0.000363903 0.00628455 -0.000646708 0.00376047 0.0074779 0.00460782 0.00192548 0.00214034 0.000700991 0.000211068 0.00151057 -0.00304993 -0.00439971 0.000765051 -0.00255367 0.00211374 -0.00055271 0.000943027 0.0576013 0.00280107 -0.0011861 -0.00129232 0.00213608 0.000432216 -0.00525562 0.00692174 -0.000292384 0.0034091 0.000388903 -0.000250727 -0.000855096 -0.000651752 0.000477293 -0.00262268 -0.00450599 -0.000306373 0.00139325 0.00082571 -0.000115632 0.000154015 -0.00383644 0.000253213 -0.000194856 -0.000436039 -0.00421649 -0.00293036 -0.00151732 -0.0045279 -0.00272847 -0.00704648 0.000321176 -0.000936608 -0.00393077 -0.000753218 -0.0020552 -0.00114633 0.0013009 0.00648823 0.000538205 -0.00353235 -0.00194046 -9.13749e-05 -0.00229506 -0.000350428 -0.0032844 0.000167517 -0.00343029 -0.00337193 -0.00140055 -0.001825 -0.00385051 0.00456428 -0.000593514 -0.00124344 0.00720259 0.000519565 0.00106497 0.0049935 0.00161173 -0.00108248 -0.00131999 0.000895711 0.000269942 0.000587089 -0.00311495 -0.000388141 -0.000929351 
-0.00186606 -0.0281777 -0.0028812 -0.000979512 -0.0137223 -0.00369918 0.00827013 -0.00691651 0.0816 -0.0257274 0.00726512 -0.0274737 -0.00626292 -0.0178693 -0.0200486 0.0422507 0.00421799 0.0230414 0.0218072 -0.00289024 0.0114178 0.00497127 -0.00878184 -0.0070573 0.00259548 0.00668554 -0.00410211 -2.71131e-05 0.0091371 -0.00208653 -0.00222024 0.00280107 0.20468 -0.0220921 -0.00879386 -0.00211522 -0.0209443 0.0537946 0.0234769 -0.00924998 0.00463859 -0.00312708 -0.00708949 0.00382504 0.00647613 -0.00535851 0.00138089 -0.0137401 -0.0099977 -0.0456988 0.012387 -0.00249551 -0.00959358 -0.00600687 0.00239953 -0.00569656 0.00362509 0.00900101 -0.00325108 -0.00484854 0.0112356 -0.0027435 0.00366112 -0.0150207 -0.0119042 -0.018194 -0.0054436 -0.0396612 -0.000475882 -0.0082098 0.00340175 0.0347486 -0.0185813 -0.00457233 -0.000817125 -0.0116136 -0.00351219 0.0603623 -0.00207829 -0.0117029 0.0269671 -0.0268994 -0.0101205 -0.0166307 -0.0118446 -0.00341225 -0.00937748 -0.00913785 -0.00520454 -0.0206943 0.0234856 -0.0171746 -0.0109856 -0.0108478 -0.0348882 0.00975488 -0.00167901 -0.0136097 0.00509348 -0.0105295 
-0.00783818 0.0296915 0.00417214 -0.00335567 0.00553418 0.0203668 -0.00338431 -0.000272929 -0.0226285 -0.00401832 -0.0175753 -0.0124382 0.000281466 0.00698456 0.00289411 -0.00526335 -0.00597562 -0.0268097 0.00100176 0.00137156 -0.00186551 0.000244914 -0.00128535 0.000827969 0.0187911 0.00252501 -0.00202307 0.00169542 -0.00845355 0.000926083 0.00018784 -0.0011861 -0.0220921 0.0827668 -0.000880719 0.000603613 0.00268895 0.00256569 -0.0200684 0.000172437 -0.0219198 0.00119551 0.000182372 0.000907229 -0.00286259 -0.000680328 -0.0047218 0.00753567 0.00112991 0.0037722 -0.00475336 0.000136577 5.41607e-05 0.000185132 -0.00312163 -0.00127057 0.000637431 0.00274395 -0.000791786 0.00357934 0.00805846 0.0193733 -0.00968305 -0.000907073 -0.000609733 0.00265911 0.00240942 -0.00053929 -0.000368757 -0.0107219 -0.00545091 -0.012815 0.00852769 0.00359687 0.000707415 0.00498009 0.00337354 -0.0252175 -0.00214824 -0.00854592 0.00316533 -0.00477255 -0.00169024 0.031529 -0.00701415 -0.00094444 -0.000443907 -0.00498366 0.00218632 0.00640185 -0.00168808 -0.0014583 -0.00139535 0.000306471 0.00228629 -0.00337552 -0.00089425 0.00524529 -0.00334333 0.00338811 
