0.0539987 0.00198651 0.00139851 0.00135242 -5.07945e-05 0.002789 0.00128402 -0.00651485 -0.00246715 0.00815261 -0.00675191 0.00142476 0.011861 0.0023963 -0.00424447 -0.0122356 -0.00291947 0.00286262 -0.00080405 -0.00371946 0.00332361 -3.93398e-05 -0.00314128 -0.00523625 0.00156463 -0.00220909 0.00241991 0.000339486 0.0124003 -0.00425931 -0.00509079 8.26257e-05 0.00866474 -0.00356939 -7.94697e-05 -0.00192911 -0.00655584 -0.000580011 -0.000930294 0.000525388 0.0103852 -0.00317712 0.00865501 0.000314714 0.00131973 0.0027028 0.00591698 -0.000797406 0.00270131 0.00629755 -0.00183898 -0.00278215 0.000361685 -0.00332615 -0.0069697 -0.0025365 0.00604287 0.00462228 -0.00035938 -0.000754649 0.000199754 -0.00518453 0.000207136 -0.00117481 -0.00044034 -0.00846467 -0.0021386 -0.00906985 0.00756136 0.0021027 0.00420518 -0.000275635 -0.000833317 0.00174821 0.000486862 -0.000344408 -0.0150843 0.00043499 -0.00376502 -0.00530406 0.00518941 -0.000164521 0.000488307 0.000573979 -0.000319298 -0.000815541 -0.00116604 0.000150012 -0.00050482 -0.00150424 -0.0151529 -0.0115004 -0.0018418 -0.00191622 -0.00315339 -0.0027372 -0.00201979 -0.00067857 0.000308336 -0.000379242 
0.00198651 0.0386957 0.00187466 -0.000124971 0.000704956 0.00394957 0.00161178 -0.0021902 0.00278552 0.00811536 -0.00322684 0.00358971 -0.00503324 -0.00131415 0.00144495 -0.00553725 -0.000185077 -0.000522682 0.00316853 -0.00148008 0.00586635 -0.00139948 -0.00493918 -0.00220312 0.00042388 -0.00127221 0.000481454 0.000807313 0.00829704 -0.0038562 -0.00297583 4.91829e-05 0.00797537 0.00343585 -0.00258909 -0.000190354 -0.000991948 0.000772487 -9.82267e-05 0.00175265 -0.000333475 0.00182602 0.00242832 -0.000488362 -0.00248566 -0.00240755 0.00148663 0.00185671 0.00105272 0.00791432 -0.00199709 -0.00486023 -0.00127838 -0.00583003 0.00105677 0.000361154 -0.00764733 0.00937798 -0.000175448 -0.000535455 0.000559478 -0.00309809 0.00671298 -0.00377696 -0.00107437 -0.00749027 -0.000904956 -0.000232691 0.0031706 0.00599746 0.00101122 -0.00325815 -0.00108412 -0.00226275 -0.000302752 0.00142383 -0.0108548 0.00182433 -0.00755701 -0.00710326 -0.000385712 -0.00279508 -0.000514598 -0.00213072 0.000762101 0.000969681 0.000294193 0.000664621 -0.00112094 0.00321194 -0.0082994 -0.00444883 -0.00208081 -0.00283991 0.000442219 -0.00759244 -0.00640644 0.000581653 -0.000387359 0.00339575 
0.00139851 0.00187466 0.0387375 0.00273864 -0.000358444 0.00246273 0.000218074 -0.00505781 0.00445837 0.00560526 -0.00341652 -0.00210177 -0.000732738 -0.00603376 0.000138098 -0.00653073 -0.00202024 0.00168189 0.000122158 -0.00441832 -0.0015082 -0.000878847 -0.00227829 -0.00295486 -0.000830773 -0.00170332 0.00139347 -0.00118576 -0.00481993 -0.00023377 -0.000774536 -0.000308244 -0.00277174 0.000312791 0.00546794 0.000859954 0.00336015 0.000108123 -0.00229869 -3.52187e-05 0.00800833 -0.0019902 0.00273232 -0.0002043 -0.00312616 -0.00415664 0.0026894 -0.000381063 0.000642582 0.00365411 -0.00137166 -0.0039223 0.00232964 -0.00260483 0.000318675 -0.000726255 0.00504568 0.000519026 -0.000867538 0.00340199 1.49836e-05 -0.000805477 -0.00146601 -0.0043702 -0.000779267 -0.00764914 -0.00017048 -0.00192727 -0.00241379 0.000562235 -0.00105769 0.00362437 0.00181901 0.000487839 -0.000699276 -0.000416894 -0.00334657 9.5753e-05 0.00185974 0.00131948 0.0018295 0.000558101 0.000745596 0.00324359 0.000795638 0.000560514 -0.00121534 -0.000554667 0.000727223 -0.00130836 -0.00684446 -0.00852644 -0.00252916 -0.00250668 0.00380305 0.00126964 -0.00463167 -0.00062461 0.00098717 0.0018634 
0.00135242 -0.000124971 0.00273864 0.101756 -0.000218887 0.00411225 -0.000578802 -0.00134232 0.0125785 0.0155869 -0.0125509 -0.0049346 0.00118432 0.00233407 -0.00406293 -0.0154026 0.00805379 -0.00447549 -0.00294112 -0.00667109 -0.00358189 -0.0018605 0.00164369 -0.011904 0.00431528 0.00202796 0.00127021 0.00583828 -0.0144459 -0.00614157 -0.0093891 -0.000330238 -0.00540181 -0.0104599 0.00905526 0.000333072 -0.0163439 0.000271458 0.000960365 0.00911068 0.0210323 -0.00781831 0.0162288 -0.00196374 -0.00840135 -0.0121892 0.00408949 0.000972828 -0.0038131 0.0155564 -0.00549615 -0.0155774 0.0203167 -0.00287391 0.00393204 -0.000753763 0.024843 0.0258159 -0.00128985 0.000465016 -0.000710918 -0.000444255 -0.00904462 -0.00927846 -0.00251449 -0.0106681 -0.00530235 0.00136358 0.0170894 0.0103326 -0.0055391 -0.00530848 -0.00380558 -0.00240378 -0.00198683 0.00206506 -0.0428112 0.0109864 -0.00849659 -0.0212664 0.00678596 0.00345825 -0.00416829 -0.00353167 0.000267936 -0.00227652 -0.00186205 0.00184249 0.00105691 -0.00715906 -0.000527507 -0.00792468 -0.00883935 -0.0128436 0.020622 -0.00786196 -0.0109285 -0.00707769 -0.00188968 0.00616472 
-5.07945e-05 0.000704956 -0.000358444 -0.000218887 0.0245473 -0.000584673 -0.000367025 -0.000109261 -0.00211434 -0.00321319 -0.00203412 -0.00204577 0.00336817 0.0039135 0.00140805 -0.000637473 -0.0012386 -0.00101777 -0.000615079 -0.000509153 -0.000668534 0.000485945 0.00512795 -0.00168108 0.000332866 -0.000121838 0.00172381 -0.000650194 0.000451761 0.00327345 0.00203511 0.000357039 -0.00157335 0.00216776 -0.00376757 -0.000300435 0.000594074 0.000487563 0.00343292 0.00021175 -0.00228713 0.00233495 -0.00138088 9.90213e-05 -0.000830725 -0.000870989 -0.000619072 -0.000455764 1.84773e-06 -0.00199108 -0.000295327 0.000330417 -0.00224555 -0.000810902 0.00275082 0.000851701 -0.00332493 -0.00206034 7.79861e-05 -0.00046248 -0.000230095 -0.00228904 -0.00309449 0.0011792 -0.000138739 -0.000535398 0.00149491 -0.0016677 0.00163607 -6.66229e-05 -0.00119392 -0.0040452 -0.00085273 0.000296888 -4.28182e-05 -0.000453313 -0.00132266 -0.000604269 -4.61656e-06 -0.000109583 0.000785092 -0.0028236 -0.000131397 0.000225833 -2.67259e-05 -0.000442916 -0.000369912 -0.00117549 0.000893913 -0.00112917 -0.00602145 0.00192707 -0.00136458 -0.000971553 -0.00131824 -0.000548215 0.000995755 0.00324017 -3.84751e-05 0.000780023 
0.002789 0.00394957 0.00246273 0.00411225 -0.000584673 0.0606879 -0.000635234 -0.00728925 0.00422933 0.00379767 -0.00582622 -0.00505105 -0.00423716 -0.00677604 -0.00606379 -0.00755932 0.00276552 0.00049193 -0.000690324 -0.00221903 -0.00022001 -0.000261633 0.00314562 -0.00604907 0.00348731 -0.00051488 -0.000229313 0.00128735 0.0147287 -0.00662718 -0.00380049 0.000105097 0.000483991 -0.00235924 0.00719014 -0.00473021 -0.00719426 0.000373978 -0.00392795 0.00162402 0.00930924 -0.00115483 0.00317123 -0.000809117 -0.00324535 0.00557764 -0.00208913 -0.000843997 0.0024681 0.0144168 -0.000678762 0.000192782 -0.00135431 -0.0072582 0.00283058 -0.0005867 0.00736014 0.000824687 -0.00164183 0.00110553 -0.000806267 0.00315836 -0.0035665 -0.00670208 -0.00226483 -0.00967289 -0.00304911 0.00344651 0.00271471 0.00523959 -0.00240972 -0.00509598 -0.00190549 -0.0010157 0.00187227 0.00312533 -0.0166533 0.00283426 0.00113819 0.00143267 -0.00421701 0.0153388 -0.00108765 -0.00364989 0.000892232 -0.00156019 -0.00224984 0.00054028 -0.00188069 -0.00217192 -0.0111251 -0.00748363 -0.00419501 -0.00643451 -0.0027253 -0.00424599 -0.00744158 -0.00123755 0.00250551 0.00814876 
0.00128402 0.00161178 0.000218074 -0.000578802 -0.000367025 -0.000635234 0.0231392 -0.000442724 -0.00116468 0.00196152 -0.000740887 0.00398675 -0.00487151 1.63351e-05 0.000183313 -0.000935076 -0.000324407 -0.0010772 0.00392145 -0.00189269 -0.000904621 0.000267396 -0.00545335 -0.0018875 -0.000546292 0.000237639 -6.92113e-05 -0.00056856 -0.00492531 -0.00136869 0.000292878 -9.29154e-05 0.00170021 -0.00020665 -0.00180523 -0.00109202 -0.00109187 -6.98245e-05 0.000524527 0.00248722 -0.000473625 -0.00138735 -0.00106633 -0.000250269 0.000122416 -0.000817947 -0.000566107 0.000680126 1.70387e-05 -0.00158592 0.00049833 -0.00335156 -0.00157356 -0.00518017 -0.00215511 6.87081e-06 -0.000862672 -1.39318e-05 0.000855116 -0.0004132 -0.000142023 0.000235673 -0.000682522 -0.00131382 -0.00017617 0.000814974 0.000856854 -0.000826872 -0.00212186 0.0051808 -0.000599619 -0.000868857 0.000167446 -0.00182945 -0.000340164 0.00194899 -8.82705e-06 -0.00021663 0.00167117 -0.00144001 -0.00232412 0.00429152 0.000261641 -0.000629283 0.000309405 9.02414e-05 -0.000469088 -0.000492158 0.00128845 -0.000487681 -0.00166321 0.00157264 -0.000836772 0.00222464 0.00363051 -0.000689213 0.000758268 -0.000440993 0.000398018 0.00169588 
-0.00651485 -0.0021902 -0.00505781 -0.00134232 -0.000109261 -0.00728925 -0.000442724 0.15999 -0.00339261 0.0170091 0.0040352 0.0165259 -0.00817686 0.000410895 0.00784057 0.0141307 0.010406 -0.00350801 0.0029892 0.00597283 -0.0010134 -0.000701952 -0.0134457 0.0129214 -0.00793829 0.0097686 -0.00339009 -0.0013527 -0.00303568 0.00929698 0.000153906 0.000173118 -0.00844579 -0.00806191 -0.00922432 0.0168534 -0.00168813 -0.00150516 -0.00127358 -0.00614689 -0.0229191 -0.00753919 -0.00949566 -0.00140487 0.00535253 0.00396702 -0.00369371 0.00184723 -0.00339821 -0.00558431 3.60082e-05 -0.0396704 -0.00581459 -0.0191743 0.00273721 -0.00203705 -0.017645 -0.00138511 2.46914e-05 -0.000438406 0.000242424 0.0175417 -0.00605747 -0.00720573 0.00186173 0.0156452 -0.00103179 0.0213081 -0.0108246 -0.00245109 -0.00783929 0.00661315 -0.00259325 -0.00590086 -0.000454292 0.00583883 -0.015765 -0.00173936 -0.0231215 -0.0201952 -0.00407101 -0.00983897 -0.00343324 0.0056445 0.00147456 0.00507174 -0.000468819 0.000372175 0.000944257 -0.00327487 0.0150323 0.00290876 -0.00122133 -0.00287477 0.00765426 -0.00846089 -0.0274879 -0.00615336 0.00285228 0.00446383 
-0.00246715 0.00278552 0.00445837 0.0125785 -0.00211434 0.00422933 -0.00116468 -0.00339261 0.153833 0.0512743 -0.0178826 0.00456891 0.0440411 -0.00899035 -0.0020914 -0.023172 0.00798535 -0.00631812 -0.00948322 -0.0163343 -0.00257437 -0.00377682 0.000625483 -0.00971114 -0.00132807 -0.00814159 -0.00566523 0.00455044 0.031106 -0.0069861 -0.0150363 -0.000842631 0.00792719 -0.0167804 0.0206637 -0.0038193 -0.0225967 0.00221278 -0.0118802 -0.00164662 0.0467175 0.000256625 0.000860774 -0.00304036 -0.00287361 -0.0114654 -0.00774745 -0.000508171 0.000702573 0.0133525 -0.0113416 -0.000251858 0.0315542 0.00667411 -0.015727 0.00392741 0.00586853 0.017669 -0.000685227 0.00415557 -0.000706613 0.0192488 0.0135042 -0.0113588 -0.00148307 -0.0299688 -0.00873393 0.0202858 -0.014709 0.0093907 -0.00490866 0.020208 -0.00493462 0.0109569 -0.0025743 -0.000796301 -0.0606975 -0.00771097 -0.0243368 -0.0174269 0.00410343 -0.0202225 -0.00474155 -0.00542545 0.000832221 0.000197448 -0.000539775 0.0201044 -0.00598541 0.0122987 -0.00168979 -0.0259301 -0.00981119 -0.0179221 0.00738118 -0.0340851 -0.0351506 -0.0128222 -0.00104194 0.00046039 
0.00815261 0.00811536 0.00560526 0.0155869 -0.00321319 0.00379767 0.00196152 0.0170091 0.0512743 0.173818 -0.0182289 0.0199461 0.0373371 -0.0144483 -0.0141021 -0.0401712 0.0254857 -0.0100593 -0.000628856 -0.0223759 -0.00933515 -0.00561578 -0.0232309 -0.0061516 0.00301797 -0.0100558 -0.0043649 0.00886392 0.0432359 -0.0100526 -0.022416 -0.000543917 0.0361775 -0.0180633 0.0200526 -0.00828988 -0.0163065 -0.000942028 -0.00349366 -0.00128655 0.0472833 -0.000290953 0.0112354 -0.00319313 -0.00131911 -0.00582117 0.00441008 0.00110858 0.0079278 0.0425974 -0.0101661 -0.00670615 0.0180278 -0.02281 -0.0108087 -0.0064389 0.0323023 0.0502252 0.000191608 0.0011779 0.000216724 -0.0118971 0.0230994 -0.0207691 -0.00331732 -0.0294827 -0.0093609 0.0050558 0.00375456 -0.000367737 -0.0044244 0.0187541 -0.00856779 0.00567555 -0.000822794 -0.00494386 -0.0656032 0.00867573 -0.045782 -0.0352668 0.00868931 -0.0180005 -0.00532141 0.000785434 0.000395162 -0.00215838 -0.00224911 0.016054 -0.00626566 0.00121807 -0.0148709 -0.0517885 -0.0134902 -0.0237672 0.00419121 -0.0383233 -0.0461194 -0.00985757 -0.00406411 0.0153223 
-0.00675191 -0.00322684 -0.00341652 -0.0125509 -0.00203412 -0.00582622 -0.000740887 0.0040352 -0.0178826 -0.0182289 0.125641 0.00113944 -0.0348121 -0.00828439 -0.0010163 0.00877344 -0.0137223 -0.000599783 -0.0053137 -0.00762356 0.00959245 0.0146739 -0.0118326 0.0214805 -0.00252188 0.00672741 -0.00328634 0.00886339 -0.0356539 0.00692898 0.0232523 0.00160123 -0.0164117 0.00708813 -0.0196743 0.0083447 0.0250351 0.00508863 0.0261948 -0.00405976 -0.0254844 -0.000291823 -0.0110641 -0.00089099 -0.00749121 -0.016814 -0.00608674 0.00192779 -0.00467523 -0.0186471 0.0251704 -0.011921 -0.00926796 -0.00391681 -0.000190338 -0.00627392 -0.0392599 -0.0206429 -0.000896173 -0.00418613 -0.0010274 -0.0135686 -0.00155021 0.000694214 0.0045155 0.0187725 0.0184903 -0.0137704 -0.0156794 -0.0108294 -0.00505778 -0.0140217 -0.00297461 -0.0136966 -0.00177451 4.25247e-05 0.0364561 -0.000837607 -0.00483285 -0.0175641 -0.0106832 -0.0173814 0.0105386 -0.00164484 0.0021605 0.00340571 0.00819049 -0.00531241 0.00768131 -0.00619815 0.0290451 0.0256278 0.0246563 0.0200477 -0.00493734 0.0266128 0.0205253 0.000337557 0.00101724 -0.00356126 
0.00142476 0.00358971 -0.00210177 -0.0049346 -0.00204577 -0.00505105 0.00398675 0.0165259 0.00456891 0.0199461 0.00113944 0.0993047 -0.0143034 -0.0119675 0.00693022 0.00345411 0.00201529 -0.00125087 0.00579379 -0.000995883 0.00739418 -0.00203203 -0.0164923 0.00226654 -0.00321888 -0.00225774 -0.000526365 -0.00176435 0.013141 -0.00243102 -0.00439074 -0.000202446 0.0119297 0.0012919 -0.0123593 0.00441598 -0.000998964 -0.0021001 0.000749754 -0.00347203 -0.0109773 -0.00423649 -0.00648596 -0.000785479 -0.000972942 -0.0126308 -0.00446638 -0.00202065 0.00103085 -0.00132667 -0.00187484 -0.00998192 0.00494656 -0.00438263 -0.0104923 0.000250055 -0.018032 0.0191076 0.00403165 -0.00263006 -0.000639474 0.00834075 0.00212117 0.00779174 -0.00271261 -0.00885623 0.00137213 0.00507446 0.000668162 -0.00215919 0.00115126 0.00126064 0.00199326 -0.00799956 0.00333559 -0.00159396 -0.000860495 -0.00247157 -0.0211505 -0.00923501 -0.00162896 -0.0129272 -0.00230925 -0.0029464 -0.000858635 0.00156561 0.00102316 0.0018513 0.00510811 0.00677133 0.004602 -0.00378206 0.00375173 0.00870876 0.00397262 -0.0181641 -0.0137433 -0.00163187 -0.00151523 -0.00632013 
0.011861 -0.00503324 -0.000732738 0.00118432 0.00336817 -0.00423716 -0.00487151 -0.00817686 0.0440411 0.0373371 -0.0348121 -0.0143034 0.22011 0.0249083 -0.0167008 -0.020232 0.00715232 -0.000417839 -0.0138672 0.0158846 -0.000742229 -0.00890894 0.0160983 -0.0152391 -0.00196145 -0.00860227 -0.00425853 -0.00249669 0.0891429 -0.0156026 -0.0256894 -0.00122023 0.0159213 -0.0295079 0.009775 -0.0203337 -0.0396156 -0.00513166 0.00904129 -0.00948349 0.0476896 0.0165981 -0.00474142 -0.00382195 0.0170408 0.0164186 0.00889063 -0.00383384 0.00252168 0.00622838 -0.0188825 0.0418228 0.017656 0.0438567 -0.0431898 0.00344097 0.0330611 0.0200064 0.00439177 -0.00179802 0.00155824 0.0359129 0.0110251 0.0248139 -0.00166635 -0.0235201 -0.013334 -0.0280926 0.000475643 -0.0217005 0.00345343 -0.0101179 -0.00780577 0.0326936 -0.000385084 -0.00990053 -0.0626225 -0.000133316 -0.0517297 -0.010545 0.0267803 -0.0597945 -0.000227138 0.0107298 -0.00143206 -0.00321409 -0.00239288 0.0173607 -0.0183506 0.0155735 -0.0178561 -0.0482451 -0.0221747 -0.0232885 -0.0163828 -0.0464973 -0.0469188 -0.0222179 -0.00598372 -0.000850962 
0.0023963 -0.00131415 -0.00603376 0.00233407 0.0039135 -0.00677604 1.63351e-05 0.000410895 -0.00899035 -0.0144483 -0.00828439 -0.0119675 0.0249083 0.158525 -0.011775 0.0117524 -0.0256173 -0.0106627 0.00566652 -0.0108765 0.00192014 0.00194503 0.0222951 -0.00606613 0.00194613 0.00654417 -0.00308553 -0.00661339 -0.000626981 -0.00340108 0.000776907 0.000618312 -0.00988313 -0.00564891 -0.0274131 -0.00523736 -0.0230897 0.00858828 -0.00213161 0.00182975 -0.0186811 0.0175116 -0.00417735 -0.001103 0.00675312 0.0168202 0.0101788 0.00276929 0.000323937 -0.0219349 -0.01043 -0.0183401 -0.0161536 0.0020219 -0.0127106 -0.000427412 0.00720294 -0.0031687 -0.00311971 0.00110332 0.00422958 0.0221278 0.00787692 0.0198476 -0.00254983 0.0164867 -0.00205396 -0.0297783 -0.00210623 0.00353057 -6.7379e-05 -0.039033 -0.00773963 -0.00869421 -0.00540701 0.00610099 -0.00851576 0.00128883 -0.0150575 -0.0331365 0.0174314 -0.00357459 -0.00278627 0.0076101 -0.00173988 0.00122996 0.000147819 0.00287738 -0.00611274 0.0134433 0.0255274 0.0168411 -0.00253998 0.000948361 0.00698511 -0.00430667 -0.000193423 -0.00407368 -0.00151035 0.00556323 
-0.00424447 0.00144495 0.000138098 -0.00406293 0.00140805 -0.00606379 0.000183313 0.00784057 -0.0020914 -0.0141021 -0.0010163 0.00693022 -0.0167008 -0.011775 0.0982283 -0.000377738 -0.00958888 0.00647066 -0.00625432 0.00116893 -0.000376531 0.0088907 0.00593585 0.0124626 -0.00475781 0.000244022 -0.00185231 -0.00189116 -0.0202499 0.0175606 0.0057514 -0.000596125 -0.00574036 0.00704364 -0.010043 0.0242976 0.0269655 -0.00159211 0.00332901 -0.00337712 -0.0114179 -0.00369385 -0.00437767 0.00134251 -0.000474611 -0.000918851 -0.00394683 0.00137134 -0.00246399 -0.015391 0.00686961 -0.0182339 0.00177106 0.00734363 0.028055 -0.00211053 -0.037066 -0.0126549 0.00136407 -0.00116678 -0.0010066 -0.0162193 -0.00444812 0.0078716 0.00311075 -0.00905594 0.00596427 0.00141877 -0.00600352 -0.00193033 -0.00137479 0.0279333 0.00770537 -0.00395093 -0.00179581 0.00133078 0.0204705 -0.000470765 -0.0020334 0.00946514 -0.00479138 -0.0324247 0.00277634 -0.00350576 0.000213895 0.00298845 0.00338895 -0.00373751 0.0122198 -0.00149648 -0.0290764 -0.000152477 -0.00438169 -0.00373348 -0.00373625 -0.0063206 -0.00559451 0.00347757 -0.000221654 -0.00661342 
-0.0122356 -0.00553725 -0.00653073 -0.0154026 -0.000637473 -0.00755932 -0.000935076 0.0141307 -0.023172 -0.0401712 0.00877344 0.00345411 -0.020232 0.0117524 -0.000377738 0.22031 -0.0212314 -0.0123991 0.010772 0.0199508 -0.00868749 0.00799204 -0.00151446 -0.00987944 -0.00816003 0.0197603 -0.0034364 -0.0102677 -0.0378186 -0.0134289 0.0215012 -0.0021544 -0.0380991 0.0030946 -0.0406124 0.00560045 -0.0151307 -0.00737288 -0.00520783 -0.00340144 -0.051511 0.00630797 -0.0206003 -0.00115877 -0.00242159 0.0036732 -0.0135777 -0.0014565 -0.00931573 -0.0453021 -0.0062749 0.00987284 -0.0222722 0.0100712 -0.0127675 0.00286638 -0.027636 -0.0305835 -0.00270709 -0.0052056 -0.00525695 0.0489783 -0.0267914 0.00313059 -0.00664413 0.0654927 -0.00683189 0.0117576 -0.033913 0.00795553 -0.00950353 -0.0345771 0.0050885 -0.0207853 -0.00192186 0.00315877 0.061368 -0.0155317 0.01957 0.0059523 -0.0222509 0.0232102 -0.00293689 0.00321798 -0.00485878 -0.00151986 -0.00250596 -0.00989725 -0.00987445 -0.00452208 0.0504651 0.0592099 0.00996805 0.0234083 0.00704506 0.0131838 0.0417148 0.00905611 -0.00162719 -0.00668141 
-0.00291947 -0.000185077 -0.00202024 0.00805379 -0.0012386 0.00276552 -0.000324407 0.010406 0.00798535 0.0254857 -0.0137223 0.00201529 0.00715232 -0.0256173 -0.00958888 -0.0212314 0.157893 -0.00299221 -8.43985e-05 0.0141405 -0.00722686 -0.00542517 -0.0189216 -0.00217796 0.00973811 -0.00572969 0.0015207 0.00311983 0.0203086 -0.0226499 -0.0182199 -0.00159596 0.00758067 -0.00681522 0.0264691 -0.0109702 -0.0141451 -0.00485864 -0.00658889 0.00472647 0.0262684 5.04649e-05 -0.00228556 -0.00164228 -0.00694848 0.00111651 0.000952176 -0.00121601 0.00102606 0.0220762 -0.00720641 0.0161865 0.00710956 -0.0137977 0.00394709 0.00835725 0.0191881 0.0140418 -0.00108081 -0.00249754 -0.00149403 -0.0192806 -0.00543966 -0.0204261 -0.00160113 -0.00809823 -0.00530968 0.027663 0.00426686 -0.0112219 -0.00446296 0.0131186 -0.00637094 0.00590544 -0.00200123 -0.00426519 -0.0420758 0.0113292 -0.00823704 0.0154802 -0.010482 0.00669988 -0.0013492 -0.00677478 -0.000726056 -0.00563098 -0.00628976 0.00968323 -0.00652282 -0.00293413 -0.00277729 -0.0249324 -0.00986911 -0.00735033 -0.00737409 -0.0197683 -0.0177033 -0.00719634 -0.00225556 -0.00168189 
0.00286262 -0.000522682 0.00168189 -0.00447549 -0.00101777 0.00049193 -0.0010772 -0.00350801 -0.00631812 -0.0100593 -0.000599783 -0.00125087 -0.000417839 -0.0106627 0.00647066 -0.0123991 -0.00299221 0.0725599 -0.00492078 -0.000355818 -0.000337567 0.00206866 -0.00269106 0.00096074 0.00017658 -0.00310081 -0.000751244 0.00148102 -0.00726028 0.00055703 -0.00160749 -2.31638e-05 -0.00788982 -0.00528964 0.00530593 0.00700332 0.0107905 -0.000529979 1.69174e-05 -0.0034094 0.00243654 -0.0054388 0.00233084 0.000256964 0.000682842 -0.00122671 0.0056717 0.000513272 -0.00028876 -0.00327573 -0.00111291 0.000804491 0.00944685 0.0268526 0.00576569 -0.00379783 0.00138894 -0.0118289 -0.00166957 -0.000517544 0.00130875 -0.0115285 -0.00501903 0.00255835 0.00115917 -0.00162629 -0.00207007 -0.00192825 -0.00104058 -0.00663863 0.00717412 0.0289888 0.00393999 -0.00117389 -0.000395177 -0.00163164 -0.00390708 -0.00388271 0.0133101 0.0150726 0.000419917 -0.0211433 -0.000285811 0.000402874 -0.000663876 0.00284229 0.00040867 0.001623 -0.00225926 -0.00323076 -0.0203888 -0.0142661 -0.00230411 0.00153141 -0.00663373 -0.000199976 -0.0081298 -0.00271073 0.0013382 -0.00497372 
-0.00080405 0.00316853 0.000122158 -0.00294112 -0.000615079 -0.000690324 0.00392145 0.0029892 -0.00948322 -0.000628856 -0.0053137 0.00579379 -0.0138672 0.00566652 -0.00625432 0.010772 -8.43985e-05 -0.00492078 0.0834466 -0.00180356 0.0046808 -0.000248725 -0.00247116 -0.00328211 -3.62131e-06 -0.000970946 0.00789577 -0.00551409 -0.0016637 -0.00642121 -0.00191572 -3.99947e-05 0.00227981 -0.00673802 -0.00213227 -0.00496861 -0.0122049 -0.00282343 -0.00434021 0.00235678 -0.005735 -0.0048936 -0.00272263 -0.00116643 -0.00423146 -0.0101883 0.00504391 -0.00118518 -0.000665246 0.00744354 -0.00146422 0.00744788 -0.00221751 -0.0102672 -0.00205038 -0.00304966 0.0105072 0.0192 0.00332598 -0.00174367 -0.000637627 0.00225035 -0.00612112 -0.00424867 -0.00253335 0.00254092 -0.00200464 -2.11645e-05 0.0113918 -0.0037773 -0.000640167 -0.0139243 0.000545215 0.000583977 -0.000167612 -0.000209466 -0.000907123 -0.00117893 -0.00570452 -0.0125241 -0.00573355 0.025283 -0.00249979 -0.00382552 0.000864841 -0.00165247 -0.00259446 -0.00415201 -0.000868767 -0.00570321 0.00459846 -0.00528735 0.000562843 0.00253036 0.000590964 -0.00338824 0.00670205 -0.000657704 8.89901e-05 0.00109336 
-0.00371946 -0.00148008 -0.00441832 -0.00667109 -0.000509153 -0.00221903 -0.00189269 0.00597283 -0.0163343 -0.0223759 -0.00762356 -0.000995883 0.0158846 -0.0108765 0.00116893 0.0199508 0.0141405 -0.000355818 -0.00180356 0.121631 0.000538666 0.000866879 0.00863811 0.00800403 -0.00409805 0.00587473 -0.00154123 -0.00458463 0.0232098 -0.00509929 -0.00355315 -0.00128432 -0.0164532 -0.00312967 -0.000222698 -0.00042156 -0.00462836 -0.00115262 -0.0014321 -0.00364055 -0.00890953 0.000345482 -0.00955612 -0.00208693 -0.00206533 0.00188208 -0.0088529 -0.00179734 -0.00277463 -0.00903975 -0.00606919 -0.00380816 -0.00837398 0.010108 -0.00400016 -0.00225952 -0.0160151 -0.0233504 -0.0011909 -0.00139586 -0.00257953 0.0220403 -0.0154095 -0.00262368 0.000482075 0.00897168 0.000592795 0.00607275 0.000630591 -0.00520978 -0.00335248 -0.0026368 -0.00234559 0.00484392 0.00783962 -0.00172479 0.014538 -0.00742932 -0.00673453 0.0204535 -0.00519317 -0.00689833 0.000774961 0.0020122 -0.00190683 -0.00050585 -0.000783408 -0.00373386 -0.00583683 -0.00988558 0.00223927 0.0118425 -0.00335553 0.00769875 -0.00604696 -0.00629329 -0.00037291 0.00150626 -0.000374775 -0.00546015 
0.00332361 0.00586635 -0.0015082 -0.00358189 -0.000668534 -0.00022001 -0.000904621 -0.0010134 -0.00257437 -0.00933515 0.00959245 0.00739418 -0.000742229 0.00192014 -0.000376531 -0.00868749 -0.00722686 -0.000337567 0.0046808 0.000538666 0.0834671 -0.00168668 -0.0106008 -0.00498612 -0.00409489 -0.000281529 0.00383991 0.00224918 0.0134905 0.000562189 -0.00399789 0.000495513 0.000426874 0.00187455 -0.0088762 0.00346118 0.000940818 -0.000709838 0.00374117 -0.00184111 -0.0109961 0.000959974 0.00346138 0.000718885 0.00430628 -0.00567937 0.00715942 5.86053e-05 0.000535959 0.00595296 -0.00105726 -0.0117524 -5.89987e-05 -0.00979853 0.000805641 0.000899035 -0.0295011 -0.00280193 -0.000997103 -0.00176479 -0.000711279 0.00610162 -0.00390659 -0.000666244 -0.00124539 -0.00809844 0.00250062 -0.00588085 0.0157658 -0.00430487 0.000992701 -0.0108093 0.000400539 -0.000843665 0.000583394 -0.000379472 0.000249843 -0.000504486 -0.016299 -0.00838602 0.00155287 -0.00171672 0.00294601 0.00256491 0.00165206 0.0030428 0.00253304 -0.000509331 -0.00537424 0.00284635 0.000535911 0.000847892 0.0146312 0.0128552 -0.00539272 -0.00857324 -0.00574094 -0.000888228 -0.00127202 -0.00516345 
-3.93398e-05 -0.00139948 -0.000878847 -0.0018605 0.000485945 -0.000261633 0.000267396 -0.000701952 -0.00377682 -0.00561578 0.0146739 -0.00203203 -0.00890894 0.00194503 0.0088907 0.00799204 -0.00542517 0.00206866 -0.000248725 0.000866879 -0.00168668 0.0762447 0.00206477 0.00168075 -0.000262345 0.00343542 -0.001332 0.00481831 -0.0146644 0.00302593 0.0120699 -0.00065244 -0.00745765 0.0013214 -0.00854081 -0.000851774 0.0042219 0.00167242 0.0179557 -0.00109694 -0.00555632 -0.000543452 -0.00519631 -0.000461689 -0.0070815 -0.0067779 -0.00295609 -0.000941462 -0.00304046 -0.0132266 0.00611872 -0.0124874 -0.00398572 -0.00827177 0.00749655 -0.00206759 -0.0189193 -0.00684895 0.00273151 -0.000469392 -0.00104487 -0.00285071 -0.0105814 -0.00210723 -0.00117705 0.0222698 0.00124503 -0.00488714 -0.00858321 -0.00185526 -0.00448386 0.00462376 0.000102989 -0.00427309 -0.00207162 0.00245926 0.00724276 -5.66966e-05 -0.00119986 -0.0074727 -0.00696687 -0.00460301 0.000153208 -0.00294399 -5.30759e-05 -0.000101642 0.000580892 -0.00109492 0.00510669 -0.00263307 -0.00460826 0.00223773 -4.1466e-05 -0.000418879 -6.10698e-06 0.0048171 0.00866967 0.00274272 0.000242722 -0.00190089 
-0.00314128 -0.00493918 -0.00227829 0.00164369 0.00512795 0.00314562 -0.00545335 -0.0134457 0.000625483 -0.0232309 -0.0118326 -0.0164923 0.0160983 0.0222951 0.00593585 -0.00151446 -0.0189216 -0.00269106 -0.00247116 0.00863811 -0.0106008 0.00206477 0.210847 0.0533134 -0.00198563 -0.0092818 -0.00920042 -0.00837807 0.0337412 -0.00240125 0.00525903 -0.000887484 -0.0310685 -0.00095686 -0.00342929 -0.00577316 -0.0166069 0.00175733 -0.00843567 -0.0055247 -0.00679892 -0.00332334 -0.0158921 -0.00370601 -0.00859831 -0.00293789 -0.00522507 -0.00529125 -0.00572734 -0.0207653 -0.00556287 0.0298519 -0.00185669 0.0447072 0.00600331 -0.0040888 0.0384189 -0.0154377 0.000713322 0.00258757 -0.00350981 -0.000322659 -0.0200873 0.00818287 -0.00194306 0.0028128 -0.0121551 -0.029687 -0.00629706 -0.00577732 -0.012314 -0.0190723 -0.0119376 0.0174431 -0.000163302 -0.00122516 0.00605461 -0.0109983 0.0217823 -0.0144215 0.0139255 0.00496145 -0.00495163 0.00219793 -0.00154833 -0.00519137 -0.00775679 -0.010406 -0.00625106 -0.0221643 0.00689428 -0.0135147 -0.0173194 -0.0370291 -0.0127989 0.0497701 0.0030041 -0.00370285 -0.000918281 -0.010186 
-0.00523625 -0.00220312 -0.00295486 -0.011904 -0.00168108 -0.00604907 -0.0018875 0.0129214 -0.00971114 -0.0061516 0.0214805 0.00226654 -0.0152391 -0.00606613 0.0124626 -0.00987944 -0.00217796 0.00096074 -0.00328211 0.00800403 -0.00498612 0.00168075 0.0533134 0.145291 -0.00384141 -0.00315198 -0.00394842 0.00989039 0.00464487 0.00801574 0.00478098 0.00135725 -0.0205969 -0.00561181 -0.01986 0.00964029 0.0127808 0.0064308 0.00637621 -0.00563896 -0.0198263 -0.00387714 -0.018574 -0.0013766 -0.00872181 -0.0148912 -0.00746087 -0.0028971 -0.00242522 -0.0329092 0.00814763 -0.0157459 -0.00832806 0.0366912 0.0121638 -0.0029701 -0.00846623 -0.00224415 0.00457126 -0.000427409 -0.00199619 -0.0248161 7.95146e-05 -0.000339363 0.00639209 -0.00912908 0.00134515 -0.0247753 -0.0136654 -0.00969957 -0.00752052 -0.000363589 -0.003336 0.00270931 0.00147871 -0.00167058 0.0330982 -0.00579822 -0.00532262 -0.025112 0.00751184 -0.0379024 -0.0028542 0.00475827 -0.00128768 0.0025918 0.00347104 -0.00170331 0.00833364 -0.00437346 0.0195436 -0.0111666 0.00749286 -0.0141586 -0.0112216 0.0497307 -0.000778433 -0.00101022 -0.000291572 -0.00891564 
0.00156463 0.00042388 -0.000830773 0.00431528 0.000332866 0.00348731 -0.000546292 -0.00793829 -0.00132807 0.00301797 -0.00252188 -0.00321888 -0.00196145 0.00194613 -0.00475781 -0.00816003 0.00973811 0.00017658 -3.62131e-06 -0.00409805 -0.00409489 -0.000262345 -0.00198563 -0.00384141 0.05799 -0.00211629 0.000867859 0.0023523 -0.000896402 -0.00416758 -0.00416055 -3.39003e-05 -0.00256073 -0.0043445 0.00200845 -0.00325178 -0.00841008 -0.00191128 0.00333697 0.00257246 0.0113438 -0.00375324 -0.00245182 -7.15288e-05 -0.00196481 5.95062e-05 -0.00200828 0.000773741 0.00190566 0.00512273 -0.00047553 -0.00242221 0.00363423 -0.00309366 -0.000804054 -0.0015182 0.0061899 0.0121643 -0.000703945 -0.000206128 -0.00070745 -0.0102387 -0.00435755 -0.00428822 0.00407922 0.00369682 0.000696826 -0.00146903 -2.79301e-05 -0.000594039 -0.00147916 -0.00110685 -0.00158578 -0.00509951 -0.000683073 -0.000871343 -0.0158539 0.00602345 -0.00372988 0.00214553 0.000721787 -0.00103255 -0.000732103 -0.000381875 -0.000367017 -0.000773965 -0.00114336 0.00410863 -0.00365005 -0.001372 -0.00955025 -0.0021165 0.00549017 0.00514959 -0.00214624 -0.00344253 0.00454564 -0.000110102 0.000393556 0.00341097 
-0.00220909 -0.00127221 -0.00170332 0.00202796 -0.000121838 -0.00051488 0.000237639 0.0097686 -0.00814159 -0.0100558 0.00672741 -0.00225774 -0.00860227 0.00654417 0.000244022 0.0197603 -0.00572969 -0.00310081 -0.000970946 0.00587473 -0.000281529 0.00343542 -0.0092818 -0.00315198 -0.00211629 0.0543692 -0.00135086 -0.00187023 -0.015627 0.00128453 0.00103204 -0.000180335 -0.0093183 0.000866451 -0.00896626 0.00361928 -0.00107398 -4.15506e-05 0.00489682 -0.00140426 -0.0113881 -0.000604145 -0.00411507 -0.000801524 -0.00179129 0.00997011 -0.00424197 0.000560811 -0.00156233 -0.00637096 0.00276329 -0.0143668 -0.00381109 -0.0116024 0.00142359 0.00144955 -0.0104829 -0.0102298 0.00027026 -0.00150339 -0.000836828 0.014983 -0.00660055 -0.000315303 -0.000398432 0.0209471 0.00173116 0.00134677 -0.00562857 0.0033213 -0.00212315 -0.0114084 0.00100002 -0.00410149 -0.00118451 0.00622593 0.00488888 -0.00104204 -0.00604485 -0.00276053 -0.00206205 0.000695992 -0.000820994 0.00110705 -0.000245323 -0.000857415 0.00175708 -0.00285302 -0.00192746 -0.00335836 0.00530567 0.0214721 0.00197031 0.00643974 0.00617121 -0.00839202 0.00945761 -0.000485622 -5.79603e-05 -0.0002259 
0.00241991 0.000481454 0.00139347 0.00127021 0.00172381 -0.000229313 -6.92113e-05 -0.00339009 -0.00566523 -0.0043649 -0.00328634 -0.000526365 -0.00425853 -0.00308553 -0.00185231 -0.0034364 0.0015207 -0.000751244 0.00789577 -0.00154123 0.00383991 -0.001332 -0.00920042 -0.00394842 0.000867859 -0.00135086 0.0460259 -0.001243 0.00147389 0.00193988 -0.00211638 0.000287961 0.00115302 -0.00340737 0.00153343 -0.00132935 -0.00380006 -0.000512436 -0.00119216 0.00178127 0.00287336 0.00391382 0.00527163 0.000739029 0.00176421 -0.00352714 0.00330954 -0.000120797 -0.000205415 0.00676736 -8.64406e-05 0.00993893 -0.000685137 -0.00970685 -0.0017527 0.00185143 -0.00161931 0.004665 0.000954909 -0.000331351 0.000257547 -0.00447121 -0.00257367 -0.000320182 -0.00127771 -0.00624934 0.000359433 -0.00261435 0.0119994 0.000414346 -0.000420333 -0.00844693 -0.000707503 0.0024007 0.000237119 -0.000599918 -0.00661666 -0.00031632 -0.000548657 0.000739756 -0.00453229 0.00953305 -0.00110135 -0.000367916 9.02288e-05 -0.00061268 0.00182641 -0.000954339 0.000362342 0.00150137 -0.00454633 -0.00658968 -0.00198954 -0.00225949 -0.00134923 -0.00258112 -0.00220198 -0.000905558 0.00089671 -0.00319757 
0.000339486 0.000807313 -0.00118576 0.00583828 -0.000650194 0.00128735 -0.00056856 -0.0013527 0.00455044 0.00886392 0.00886339 -0.00176435 -0.00249669 -0.00661339 -0.00189116 -0.0102677 0.00311983 0.00148102 -0.00551409 -0.00458463 0.00224918 0.00481831 -0.00837807 0.00989039 0.0023523 -0.00187023 -0.001243 0.0630289 -0.000610493 0.00678447 0.00837619 0.000261378 0.0010716 0.000661007 -0.000185046 0.00648086 0.0157136 7.23237e-06 0.00372624 -0.00194022 0.00535534 -0.000830873 0.00201597 -0.000746247 -0.00530203 -0.00776959 -0.000899645 -0.000845057 0.00218739 -0.00631463 0.00320619 -0.0187229 0.00155003 -0.00472239 0.00567806 -0.000758978 -0.0134569 0.0088873 9.96776e-05 -0.00119479 -0.000143569 -0.00693834 -0.00256867 -0.00724322 0.00136578 -0.00927522 -0.000181542 -0.00836018 -0.00245092 -0.00431792 -0.00224116 0.0117538 -0.00169644 -0.00355845 -0.000787071 -0.00202787 0.00123232 -2.95478e-05 -0.0136372 -0.0104751 -0.00213257 -0.0197631 0.000513388 -0.00153786 -0.000348692 0.00556105 0.0091824 0.00969237 0.000709022 0.000380969 -0.0110256 -0.00781206 0.00809882 -0.00137084 -0.00020814 0.00420556 -0.00723535 0.00115576 -0.00124347 -0.00211335 
0.0124003 0.00829704 -0.00481993 -0.0144459 0.000451761 0.0147287 -0.00492531 -0.00303568 0.031106 0.0432359 -0.0356539 0.013141 0.0891429 -0.000626981 -0.0202499 -0.0378186 0.0203086 -0.00726028 -0.0016637 0.0232098 0.0134905 -0.0146644 0.0337412 0.00464487 -0.000896402 -0.015627 0.00147389 -0.000610493 0.246167 -0.0193857 -0.0388031 -0.00137467 0.0543165 -0.0235175 -0.00153998 -0.0222396 -0.0365011 -0.00601843 -0.0181371 -0.0107613 0.0384109 0.012627 -0.00189927 -0.00492222 -0.000421125 0.0161755 -0.0105413 -0.00379383 0.0164233 0.0377347 -0.0213588 0.0471691 0.00887988 0.0193748 -0.0384765 -0.00539435 0.0206081 0.0389633 0.00109048 -0.00587577 -0.00164179 0.0338191 0.0279225 0.0339545 -0.00357792 -0.0638143 -0.0153974 -0.00626206 0.0382219 -0.0233106 0.0056172 -0.0167493 -0.0129006 0.0328007 0.0135648 -0.0106012 -0.058989 -0.00713248 -0.0706354 0.000746281 0.0268264 -0.0423426 -0.00225008 -0.00153385 -0.00128509 -0.00616016 -0.00592341 0.0158765 -0.0203362 0.0222551 -0.0352489 -0.0754043 -0.0127824 -0.0302078 -0.0423132 -0.0291698 -0.063191 -0.0178864 -0.00628812 -0.00232256 
-0.00425931 -0.0038562 -0.00023377 -0.00614157 0.00327345 -0.00662718 -0.00136869 0.00929698 -0.0069861 -0.0100526 0.00692898 -0.00243102 -0.0156026 -0.00340108 0.0175606 -0.0134289 -0.0226499 0.00055703 -0.00642121 -0.00509929 0.000562189 0.00302593 -0.00240125 0.00801574 -0.00416758 0.00128453 0.00193988 0.00678447 -0.0193857 0.127527 0.0193624 0.000693296 0.00616073 0.0207269 -0.00193938 0.0157215 0.0459736 0.00121305 -0.00397848 -0.00260421 -0.019257 -0.00761373 -0.000608885 -0.000330111 -0.00343883 -0.0101449 -0.00665678 -0.000534323 -2.91849e-05 -0.0149345 0.00984954 -0.028905 -0.00422528 -0.00340332 0.0505281 0.00684443 -0.0488995 -0.0271663 -0.000822446 -0.00213083 0.000262509 -0.0286383 -0.0120248 -0.00697523 -0.00101772 -0.0101665 0.00660956 0.00861739 0.00152417 -0.0109867 -0.00440973 0.00966782 0.00312936 -0.00599833 -0.00287687 0.00149709 0.025504 -0.00474468 0.00284216 -0.00757414 0.000404008 -0.0253831 -0.00173513 -0.00109595 0.00113425 0.00423442 0.0107043 -0.00299718 0.0279094 -0.00113142 -0.030008 0.0075085 -0.00633903 -0.00626914 -0.00364269 0.00123471 -0.000580741 0.0165327 -0.000980737 0.00456709 
-0.00509079 -0.00297583 -0.000774536 -0.0093891 0.00203511 -0.00380049 0.000292878 0.000153906 -0.0150363 -0.022416 0.0232523 -0.00439074 -0.0256894 0.000776907 0.0057514 0.0215012 -0.0182199 -0.00160749 -0.00191572 -0.00355315 -0.00399789 0.0120699 0.00525903 0.00478098 -0.00416055 0.00103204 -0.00211638 0.00837619 -0.0388031 0.0193624 0.104424 -0.000383224 -0.013827 0.0252832 -0.00862429 0.0141297 0.024742 0.00527123 0.0149587 -0.00322308 -0.0207746 -0.00306972 -0.011216 0.000145486 -0.00228667 -0.0116881 -0.00673017 -0.00117512 -0.00419379 -0.0188738 0.00954501 -0.0179334 -0.0101338 -0.00532075 0.0158411 -0.00157117 -0.0380581 -0.0183014 -0.000721326 0.00235936 -0.000410735 -0.0144615 -0.0125623 -0.0119142 9.34176e-05 0.00805516 0.00150884 -0.00209599 -0.0168577 -0.00283394 -0.00466468 2.37068e-05 -0.00117796 -0.0130722 -0.00221896 -0.000151933 0.036646 -0.00252977 0.0180648 -0.00413529 -0.00951274 -0.00504405 0.00249387 -0.00120621 -0.000208141 0.00423838 0.00391626 -0.0062261 0.00163479 -0.00784122 0.00485417 0.0264372 0.00308166 0.00409276 0.00857341 0.0207823 0.00940303 0.0134188 -0.00169493 -0.00579948 
8.26257e-05 4.91829e-05 -0.000308244 -0.000330238 0.000357039 0.000105097 -9.29154e-05 0.000173118 -0.000842631 -0.000543917 0.00160123 -0.000202446 -0.00122023 0.000618312 -0.000596125 -0.0021544 -0.00159596 -2.31638e-05 -3.99947e-05 -0.00128432 0.000495513 -0.00065244 -0.000887484 0.00135725 -3.39003e-05 -0.000180335 0.000287961 0.000261378 -0.00137467 0.000693296 -0.000383224 0.0140861 0.00229899 -0.000731194 0.000314579 -0.000886884 -0.000295251 -5.62598e-05 0.000291037 -0.000119441 -0.0011056 -0.00101762 0.000620739 -6.4023e-05 -3.3896e-05 -0.00149894 -0.000339655 -0.0001209 0.000537911 -0.00111817 0.000349639 -0.00144083 -0.000627524 -0.000421689 -0.000679336 -0.000135175 -0.00304674 -0.00135083 0.000358938 -0.000250815 0.00038164 -0.00238219 0.00138466 0.00134347 0.0013163 -0.00146833 0.000361372 -0.0008241 1.54242e-05 -0.000938823 -1.20139e-05 -0.00118294 -0.000231126 -1.26683e-05 0.000789334 7.71515e-05 -0.000891564 -0.000533264 -6.71132e-05 -0.0022034 -0.000224486 -0.000375535 0.000275956 0.000488713 0.000367922 -0.000197144 -0.000190826 -1.46434e-05 0.000845307 5.71808e-05 0.000122724 0.000607839 0.000434811 -0.000560022 0.00157012 0.00262792 0.00165748 0.00012355 0.000156766 0.000452067 
0.00866474 0.00797537 -0.00277174 -0.00540181 -0.00157335 0.000483991 0.00170021 -0.00844579 0.00792719 0.0361775 -0.0164117 0.0119297 0.0159213 -0.00988313 -0.00574036 -0.0380991 0.00758067 -0.00788982 0.00227981 -0.0164532 0.000426874 -0.00745765 -0.0310685 -0.0205969 -0.00256073 -0.0093183 0.00115302 0.0010716 0.0543165 0.00616073 -0.013827 0.00229899 0.177652 -0.00158907 0.00650953 -0.0150027 0.00907234 -0.00154833 -0.0111189 -0.000818565 0.0229275 -0.0130844 0.00753794 -5.94054e-05 0.0056688 0.00434924 -0.00113565 -0.00133941 0.0168395 0.043849 0.00109961 0.0252028 0.00513266 -0.0064629 -0.00549023 -0.00919253 0.00289121 0.034143 -0.00302409 -0.00694717 -0.000550918 -0.0339646 0.0372406 0.00759899 0.000142193 -0.0503582 -0.00546313 0.000552865 0.0453632 -0.0114563 0.0189927 0.00405029 0.00113535 0.00290763 0.00270288 -0.00438261 -0.0319862 0.00611442 -0.046079 -0.0105544 0.0048067 -0.000527018 -0.00794913 -0.0114585 0.00225571 -0.00447012 -0.00550738 0.00188005 0.0118283 0.0220097 -0.0504644 -0.036593 -0.0183377 -0.0210581 -0.0118424 -0.0331637 -0.0178345 -0.0108555 -0.00420687 0.00485154 
-0.00356939 0.00343585 0.000312791 -0.0104599 0.00216776 -0.00235924 -0.00020665 -0.00806191 -0.0167804 -0.0180633 0.00708813 0.0012919 -0.0295079 -0.00564891 0.00704364 0.0030946 -0.00681522 -0.00528964 -0.00673802 -0.00312967 0.00187455 0.0013214 -0.00095686 -0.00561181 -0.0043445 0.000866451 -0.00340737 0.000661007 -0.0235175 0.0207269 0.0252832 -0.000731194 -0.00158907 0.103744 -0.00979739 0.0052544 0.0303848 0.00236048 0.00155311 -0.00164876 -0.0194958 -0.00452811 0.000483089 0.000436073 6.44648e-05 -0.00392813 -0.0085948 -0.00109626 -0.00124326 -0.0133329 0.00042482 -0.0164918 -0.0115689 -0.022304 0.0117565 0.00204754 -0.031198 -0.023439 -0.00277663 -0.00130553 -0.00149697 -0.00848782 -0.0064237 -0.0153774 -0.00113625 0.000731321 0.00421754 -0.00400643 -0.00844863 0.000907175 3.70718e-05 -0.00157186 0.00386363 -0.00847268 -0.00297416 0.0029611 0.0367161 -0.00374296 0.0161877 0.00615809 -0.00767383 0.00750435 0.00342429 -0.002167 -0.000588351 0.000475777 0.00301989 -0.00555332 0.00609536 -0.0068365 -0.00644937 0.0346917 0.00102092 0.0143167 0.00139157 0.0178776 0.0081462 0.0217119 -0.000856308 -0.00333226 
