0.103976 -0.000873388 0.0289934 -0.00919294 -0.0106416 0.00874651 0.000842402 -0.001132 0.0026395 -0.0048008 -0.00116516 -0.00570544 -0.0240525 0.00229278 -0.00958708 -0.000464519 9.13489e-05 -0.000288848 0.00572333 0.0376455 0.012105 0.0193361 0.00998439 0.00483243 -0.00500013 -0.00542121 -0.00184791 -0.0105811 -0.00324094 -0.00797813 -0.0208918 0.0145105 -0.00623904 -0.00186836 -0.0320763 -0.0190623 -0.0061787 0.00302225 -0.00266995 0.0152128 0.00738373 -0.00481621 0.0125742 0.00239903 0.00583805 -0.00195824 -0.00377846 -0.00735628 0.0252747 -0.00877145 0.00656449 0.0179806 -0.00707661 0.0074524 -0.00838079 -0.012091 0.00147882 -0.000801472 -0.00833786 -0.000516631 -0.00418209 -0.00455422 0.00841226 -0.0153337 -0.00109596 -0.0143643 0.00473079 -0.00329943 0.0375079 -0.0102273 0.000668233 -0.011656 -0.00608035 -0.00414645 -0.0123345 -0.000758824 -0.0118303 -0.0271094 0.000122928 0.00172289 -0.0425199 -0.00937475 -0.00786346 -0.00173863 -0.00442853 -0.00578076 0.00410914 0.000624772 0.000295169 -0.00807184 0.00145886 0.0265759 0.00221597 0.0165222 -0.010535 0.00123272 -0.000690148 0.00219373 0.000812175 0.00671494 
-0.000873388 0.030423 0.00217358 0.00260496 0.00113872 0.00138596 -0.00019142 0.00071834 -0.00162083 0.00138458 0.000309167 -0.000191885 0.000524203 0.00063696 0.00142908 -0.000116674 0.00226701 9.21768e-05 0.00240359 -0.0021035 -0.000385756 -0.00208142 -0.00105444 0.000378812 -0.000653783 -0.00102453 0.000390431 -0.00418255 -8.7582e-05 -0.00400547 -0.00133129 -0.00563012 -0.00478665 -0.00187186 -0.00258691 -0.00751132 -0.00473826 0.00073551 -0.00275704 0.000176651 0.00136745 -0.00369533 -0.000961975 -0.00147027 -0.00117739 0.00133407 0.000541179 0.00107658 0.00104899 -0.00076868 0.0065357 0.000631096 -0.00179793 0.00320211 -0.00026278 0.00112181 4.69456e-05 0.00215606 0.00737515 0.000582024 -0.00305041 -0.00405079 -0.00204798 0.00358593 -0.000218867 -0.0017733 -3.54492e-05 0.000574067 0.00445689 -0.00134915 -0.00214314 -0.00408875 -0.000108058 0.000919583 0.000334233 -0.000618911 -0.00660199 -0.0037207 -0.00104817 -0.000970176 -0.0063074 0.00273382 -0.000339006 0.00639784 0.00218757 0.000250267 -0.000332808 0.000319196 0.00243029 -0.0013091 -0.000114778 -0.00203144 0.000792533 0.00181746 -0.000435586 -0.000312551 0.000849225 0.000209094 0.000549295 -0.00166964 
0.0289934 0.00217358 0.0954372 -0.00521229 -0.00824053 -0.00570633 0.00108344 0.00127298 -0.00758304 -0.00680854 -0.00322765 -0.00416736 -0.00559999 0.000739438 -0.00592268 3.29418e-06 0.00176751 0.000238227 0.0268606 0.00862609 0.0183384 0.00569702 0.00204103 0.00165525 -0.0133839 -0.00644075 -0.00241929 -0.0160537 -0.00184974 -0.0116875 -0.022164 -0.0168213 -0.022905 -0.00568177 -0.0351359 -0.0247294 -0.00488603 0.00231248 -0.0048499 -0.00788083 -0.00775887 -0.00328261 0.00259338 0.0126126 0.00286078 -0.000361979 -0.00682973 0.0209543 0.0192123 0.00337638 0.0274807 0.00282211 -0.00941211 0.0215768 -0.0041199 -0.00199283 -0.00347712 -0.000464266 -0.00257361 -0.000240768 0.00375332 -0.00766187 -0.00617394 0.00445076 -0.00154525 -0.0109073 0.00362206 -0.00399711 0.0435086 -0.000301111 -0.000472936 -0.0163589 -0.0135801 -0.00323893 -0.00381339 -0.00127146 -0.0185321 -0.0254637 0.00141414 0.0060325 -0.023781 0.0134535 -0.00362621 0.0128078 -0.00247749 -0.00107808 0.0164434 0.00107503 0.000700084 -0.00177705 -0.000259322 0.00906229 0.0030471 0.00564074 -0.00959819 0.000597781 -0.00030302 0.00562436 0.00674647 -0.00261943 
-0.00919294 0.00260496 -0.00521229 0.0860819 0.0141878 -0.000309767 0.000363263 0.000142627 0.00445489 -0.00329044 0.000178867 0.0111565 0.00923006 7.5658e-05 0.00137004 -0.000425185 8.72994e-05 0.000251836 -0.00839835 -0.00135573 -0.00324851 -0.00704367 -0.000505986 0.00147423 -0.00244922 6.64678e-05 0.00182425 -0.00849516 0.00245509 -0.00462499 0.00168542 -0.010998 -0.00565498 -0.00278003 0.00335422 0.000534949 -0.0037617 -0.00254933 7.58932e-06 -0.00424037 -0.00760623 -0.0181422 -0.0023315 -0.000523927 -0.00183927 0.00357594 -0.0144169 -0.000414944 -0.00277429 0.00149651 -0.000512096 -0.0188839 -0.00377496 -0.00246719 -0.0024251 0.00235653 0.00050972 -0.0013934 -0.00431514 0.00117546 9.83711e-05 -0.0111016 -0.00461406 0.0237661 -0.000322078 0.00371872 -0.000644825 0.00411308 -0.008459 0.00223075 0.00413895 -0.00474247 -0.00495431 0.00165017 0.00962263 0.00270048 -0.0109909 -0.00133674 -0.00355528 0.00422922 0.00431388 0.00417944 0.00883132 -0.00691987 0.00406579 0.00346288 -0.000407845 -0.0018588 0.00133711 0.0072078 -0.00528097 -0.0049925 0.000337339 -0.00267773 -0.00201154 -0.00227723 0.000691789 0.00161891 0.00161372 -0.001125 
-0.0106416 0.00113872 -0.00824053 0.0141878 0.171265 -0.000814244 0.00142462 0.0041053 0.0153279 0.0128363 0.00373661 0.0116854 -0.0183078 0.000944073 -0.0151727 -0.00104226 -0.00296334 -0.00288352 -0.0175601 -0.00603519 0.000317459 0.0220759 -0.00693714 -0.00537156 -0.0125916 0.000651159 0.00550523 -0.0235887 0.0023488 -0.0287141 0.0115447 0.000263985 -0.0371501 -0.0162461 0.0110177 0.0327009 -0.0205304 -0.00128695 -0.0121695 -0.00275516 0.00187964 -0.0206507 -0.0105058 0.0062736 -0.0024815 -0.004734 -0.00866114 0.0308343 0.00029675 0.012308 0.00330441 0.018432 -0.00616505 0.00125565 -0.0176448 0.0109636 0.0144097 -0.000210224 -0.0259039 0.00107657 0.034304 -0.00515255 0.00116596 0.0340844 -0.000391707 0.0140948 -0.003029 -0.00765362 -0.00524691 -0.00260277 0.0106633 -0.0128207 -0.00997816 -0.0113615 0.00831029 0.00432584 -0.0147716 -0.0377113 -0.0139949 -0.00258999 -0.0251619 -0.00292467 0.00935601 -0.0219135 0.000736098 -0.00291832 -0.00954237 0.0060213 0.00545534 0.00833368 -0.00451426 0.00442364 -0.00182317 -0.004846 0.00486556 -0.00311063 -0.00217948 -0.00214589 -0.00645584 -0.00745135 
0.00874651 0.00138596 -0.00570633 -0.000309767 -0.000814244 0.103403 -0.000916165 -0.000482023 -0.00681656 0.00455889 0.00394803 -0.00307194 -0.0243038 -0.00356098 0.0023263 -0.000998342 -0.00207524 -0.00175439 -0.0103632 -0.00236239 -0.00126509 -0.00134335 0.0128829 -0.00281384 0.0221588 -0.00557324 0.00236593 -0.0144141 -0.00270085 -0.0189987 -0.0036278 0.0313353 0.00724643 -0.000884111 -0.0108157 -0.00230995 0.000444457 0.00152406 0.00970852 0.0411436 0.00331973 0.00819164 0.000801654 -0.00105057 0.00486713 0.000259566 0.011331 -0.0198835 -0.00411823 -0.00772908 -0.0140966 0.0271555 -0.00270139 -0.0120009 -0.00870465 -0.00986646 -0.00195119 -0.00140306 -0.0126321 0.00153456 -0.0130513 0.00916822 0.00671325 -0.0132066 -0.000602761 -0.000121355 0.00132478 0.00631695 -0.0139056 -0.0147577 0.000859428 -0.0100983 0.00201633 0.00459059 -0.0170812 -0.00387618 -0.00334233 -0.00618625 -0.00617134 -0.00536143 -0.00551182 -0.00337171 -0.0108737 0.00904041 -0.00415265 -2.25912e-06 0.00335076 -0.0052381 0.000631478 0.00291034 -0.00526368 0.000943622 -0.00218996 -0.00015538 0.0104999 -0.00604667 -0.000702868 -0.00194237 -0.0027523 0.0113801 
0.000842402 -0.00019142 0.00108344 0.000363263 0.00142462 -0.000916165 0.0193403 0.00127666 0.00188137 8.0865e-05 0.00362187 0.000252382 0.00153182 0.000848829 -0.00165359 -0.000126545 0.000494467 -0.000242846 0.000515936 0.00116895 0.000239324 -0.00134701 -0.000569771 0.000503777 -0.00386302 -0.000643782 -0.000396048 -0.00411005 -0.000440214 -0.00262051 -0.00165599 -0.00245692 -0.00283812 -0.00107799 -0.00359721 0.00345394 -0.00317969 0.000117129 0.000162424 -0.000791507 -0.00187537 -0.00342616 0.00030214 -0.000667494 0.0011733 -0.000607718 -0.00250839 0.00199105 -0.000507708 0.00242399 0.0041053 -0.00112405 -0.00116719 0.00245025 -0.000434172 -0.00052258 0.00266517 -0.000285575 -0.00312328 -8.98899e-05 -0.0044893 -0.00287397 2.81661e-05 0.00234255 -0.000158433 -0.0017603 0.000553636 -9.81435e-05 0.00131701 0.00425907 0.00239503 -0.000424123 0.000669431 0.00118068 0.00250181 0.000876436 -0.00441045 -0.00496193 0.00144567 0.00159261 -0.00656724 -0.000940799 0.000906927 -0.00150292 -0.000268592 -0.000335616 -0.000659334 0.00377318 -0.000126053 0.00174079 -0.000166944 -0.000910132 0.000231408 -0.000246793 -0.000875128 0.000265783 -4.51428e-05 0.000924783 -0.000320403 -0.000120216 
-0.001132 0.00071834 0.00127298 0.000142627 0.0041053 -0.000482023 0.00127666 0.0209988 -0.000119902 0.000633679 0.000855909 0.00267764 -0.00171859 0.00225401 -0.00113875 0.000343299 0.000361054 0.000924873 0.000364147 -0.00117889 0.00129925 0.00408015 0.000623054 0.00138872 -0.000886537 0.000115245 -0.000108584 -0.00198369 -0.000408209 -0.00317234 -0.0025405 -0.00103822 -0.00106991 -0.00111121 -0.0018515 -0.000241458 -0.00175707 -0.0004024 -0.00116769 -0.00136811 0.00265777 -0.00195694 -0.000473796 8.77196e-06 0.00414772 -0.000141376 0.00126575 -0.00141465 0.000361054 -4.95803e-05 -0.00151308 -0.00123716 0.00109255 -0.000933784 -0.000942785 -0.0013086 -0.000204866 -2.20686e-06 -0.0046487 -0.000255971 -0.00168553 -0.00115856 -0.000524993 0.00146505 0.000172589 -0.00267285 0.000203941 8.87928e-05 -0.00208177 -0.00130848 0.00254004 0.00022636 -0.00190606 -0.000944068 0.000133081 0.000819293 -0.000386126 -0.000523939 -0.00110791 -0.000158009 -0.0050784 -0.00126154 0.000859549 -0.00183475 0.001265 -0.00068334 0.000108376 0.000821696 -0.000123648 -0.000608036 9.03406e-05 -0.000654774 -0.000272647 0.000295487 -0.000109085 0.00141769 -6.12069e-05 0.000430556 -0.000248856 0.000448494 
0.0026395 -0.00162083 -0.00758304 0.00445489 0.0153279 -0.00681656 0.00188137 -0.000119902 0.116184 -0.00283883 0.0112764 0.0138918 0.000188315 0.000224486 -0.00382272 -0.000952259 -0.00166588 -0.00141507 -0.0113096 0.0225074 -0.0050264 0.000872863 0.000285758 0.0054525 -0.00799757 0.0069582 -0.00234547 -0.0234226 -0.00238046 0.0120235 0.0449286 0.025089 0.0152888 -0.00550965 -0.00641367 2.2469e-05 -0.0169529 0.00209347 -0.00682118 0.00367708 -0.0133659 -0.0301686 -0.000775292 -0.00612649 -0.00377748 -0.00436833 -0.00407829 0.00125703 -0.00405086 -0.00431945 -0.00110626 0.0130056 0.00389087 -0.00614428 -0.00548621 -0.0050486 0.00108196 -0.00186846 0.00158997 -0.000403745 0.0093375 -0.00214517 0.0178589 -0.00866639 0.000957424 -0.0120618 0.000130058 -0.00548354 -0.0136885 -0.00839887 -0.00153535 -0.0153314 -0.011285 0.00564027 -0.0016923 0.00394362 0.0124893 -0.00518154 0.00177524 0.00103201 -0.0226442 -0.00733768 -0.00247887 -0.00898722 -0.00221739 -0.00174402 -0.00234775 -0.00231318 0.000761388 -0.00885131 -0.00346096 -0.00268864 -0.000712839 -0.00428384 -0.0109155 -0.00445336 -0.00105031 0.00140296 -0.00382084 0.000458757 
-0.0048008 0.00138458 -0.00680854 -0.00329044 0.0128363 0.00455889 8.0865e-05 0.000633679 -0.00283883 0.0737244 0.00136824 -0.00306762 0.00324332 -0.00085785 -0.00220132 -0.000698949 -0.00133539 -0.000956066 0.00129889 -0.00961393 -0.00118016 0.000625383 -0.00309616 -0.000271493 -0.0096367 -0.00352572 -0.000510065 -0.00444996 -0.00140298 -0.00887113 -0.0110971 -0.00689046 -0.00649697 0.000552743 0.00627464 0.00971005 -0.00693702 -0.000910607 -0.000263754 0.00621095 0.00349786 -0.00897463 -0.00181958 -0.00317711 -0.00260907 -0.00112278 0.0116913 -0.00228887 -0.00592851 0.00447611 -0.00355031 0.00834608 -0.000910655 -0.0042902 -0.00300095 0.00289288 0.00436198 0.00718179 -0.00272171 0.000792848 -0.00255814 -0.00120604 0.00171974 0.00682294 0.000784276 0.00685836 -0.000679285 -0.00191331 -0.00743019 -0.00661903 -0.00334568 -0.00276892 0.00845697 -0.000775552 0.00274136 -0.00222146 -0.0101112 -0.00607133 -0.00209241 -0.00389332 0.00122746 -0.00769409 0.00571564 -0.00248734 0.00115048 -0.00171113 -0.00262976 0.00268264 5.77333e-06 0.000683037 -0.0024209 -0.00693087 0.000457004 -0.00246543 0.0180705 0.00541874 -0.000165876 -0.0020687 -0.00271231 -0.00316198 
-0.00116516 0.000309167 -0.00322765 0.000178867 0.00373661 0.00394803 0.00362187 0.000855909 0.0112764 0.00136824 0.0624562 0.00472742 0.0155056 -0.000374572 0.00249339 -0.000312053 -0.000128474 -0.000611225 -0.00220495 0.00196966 -0.00268854 -0.0107891 -0.00101205 0.0026729 -0.00677043 -0.00347875 0.000178669 -0.0101568 -0.00161138 -0.00743137 0.0161946 0.00192654 0.00645581 0.00206947 0.00207384 0.00570288 -0.00213471 0.00221193 -0.000329858 -8.11584e-05 -0.00658735 -0.023073 -0.000409952 -0.00245863 -0.00178371 -0.00169893 -0.0116919 0.00806584 -0.00294461 0.00627737 0.00612718 -9.38544e-05 -0.00206762 0.00118321 0.00492982 -0.00640873 0.000620912 -0.00114077 0.00909777 0.00112614 -0.00779703 -0.00619095 -0.00130257 -0.00220719 -0.000529713 -0.00605889 0.000100969 0.00246956 -0.0073046 -0.00342923 0.000376256 -0.00612893 -0.00668676 -0.00403547 0.00898376 -0.00022089 -0.00833704 -0.00810515 -0.00357428 0.00305654 -0.00796984 -0.000487493 0.00431291 -0.00455206 0.0011196 0.00223678 -0.00185109 0.00333821 -0.0006281 -0.00588459 0.00132331 -0.00496584 0.00379912 -0.00442444 -0.00121024 -0.00265158 -0.000269096 -0.000288542 -1.955e-05 0.00149915 
-0.00570544 -0.000191885 -0.00416736 0.0111565 0.0116854 -0.00307194 0.000252382 0.00267764 0.0138918 -0.00306762 0.00472742 0.0769735 0.00899272 0.00194965 0.00407388 -0.000811526 -0.000628716 -0.000828238 -0.00151292 0.00674762 -0.000884352 -0.00560657 0.00139531 0.0022947 -0.00243336 0.00328618 -0.00201652 -0.01127 0.00066627 0.00114377 0.015515 0.00324808 0.00793546 -0.00143269 0.00806932 -0.00388212 -0.00878639 0.00116595 -7.40784e-05 -0.00131899 -0.00355012 -0.00786624 -0.00106105 -0.00335924 0.00302674 -0.00219808 -0.00930024 -0.00662214 -0.000583102 -0.00329898 -0.00243637 -0.000450106 0.0010172 -0.00576788 -0.00130974 -0.00356806 0.00491026 -0.00223466 -0.00916723 -0.000611281 0.0139116 -0.00689411 -0.000849041 0.00179773 -0.000173321 -0.00401889 0.000123665 -0.00280326 -0.0140042 -0.00349606 0.000768809 -0.00877448 -0.00246506 0.00117204 0.00412183 0.00581514 -0.000123658 0.00635686 -0.00408927 0.00264099 -0.00499809 -0.00714484 -0.00244218 -0.0143789 -0.00345248 -0.00260738 -0.00375271 -0.0021633 -0.00115432 0.000882932 -0.00266009 -0.00476018 -0.000816376 -0.00115931 -0.00714906 -0.00463758 -0.000789579 -7.55385e-05 -0.00136275 -0.000123257 
-0.0240525 0.000524203 -0.00559999 0.00923006 -0.0183078 -0.0243038 0.00153182 -0.00171859 0.000188315 0.00324332 0.0155056 0.00899272 0.224954 0.0101773 -0.0105312 0.000785021 -0.0015736 -0.00218407 0.0141561 -0.0402364 -0.0103585 -0.0713522 -0.0136438 0.000568676 -0.0110546 -0.00437209 -0.00220963 -0.00636098 -0.00103348 -0.0212666 -0.0138152 -0.0525103 -0.023351 0.00921206 0.0299182 0.0436497 0.0271904 -0.00408145 -0.00418091 -0.0345838 -0.0293757 -0.0717639 -0.0106013 0.00290079 -0.00868061 0.00284756 -0.062723 0.0595456 -0.0148792 0.0445277 0.0393971 -0.0386124 0.00496092 0.0200149 0.0379554 -0.0178416 -0.00619936 -0.00542876 0.0699806 0.00243017 -0.0391919 -0.0329343 -0.0231504 0.0232985 -0.00330463 -0.0188735 -0.00407557 -0.00218055 0.0250323 0.0466281 -0.00955115 -0.00399893 -0.00675614 -0.0344316 0.0748509 0.000172368 -0.0423386 -0.0189737 0.0109845 -0.00120661 -0.00237561 0.0355788 0.02012 -0.0127409 0.00479357 0.0117452 0.00677428 0.00613199 -0.00719955 -0.0135314 0.0101934 -0.0273512 0.00928252 -0.0173213 0.00324764 0.0116061 0.000422625 0.00413499 0.0125113 -0.0116218 
0.00229278 0.00063696 0.000739438 7.5658e-05 0.000944073 -0.00356098 0.000848829 0.00225401 0.000224486 -0.00085785 -0.000374572 0.00194965 0.0101773 0.0620278 -0.00463685 0.000762242 -0.000404986 0.000563338 -0.00435875 -0.000888331 -0.000504252 -0.00320574 -0.000315856 0.00270383 -0.00356222 -0.00210033 -0.000386869 -0.0042496 -0.00107534 -0.0057496 -0.000447483 -0.00694699 -0.0134984 0.00021209 0.00771293 0.0175408 0.00396612 -0.000326592 -0.00140229 -0.0023572 -0.00377038 -0.00251824 -0.00183787 0.00356773 -0.000819208 0.000159739 -0.00528099 0.000827671 0.000659577 0.00637111 0.00111355 -0.00730617 0.00718492 -0.00142406 -0.00200849 -0.00417059 -0.00450849 -0.00126339 0.00521846 0.000564352 -0.00884609 -0.00147904 0.00230759 -0.00220869 -0.00021883 -0.00337954 -0.000304606 -0.00209036 0.0032083 0.0102347 -0.00245563 -0.00228366 -0.00278021 -0.00241165 0.00983641 -0.000680011 -0.00488135 -0.00341432 0.00144751 -0.0027498 -0.0123346 -0.00322255 -4.72904e-05 -0.00793097 -0.000688749 -0.0025058 0.00129881 -0.00115398 -0.00221126 -0.000948011 -0.00196596 2.57145e-05 -0.000336144 0.000806149 0.0023024 -0.00174992 -0.000164294 -0.000408105 8.07198e-05 -0.000877424 
-0.00958708 0.00142908 -0.00592268 0.00137004 -0.0151727 0.0023263 -0.00165359 -0.00113875 -0.00382272 -0.00220132 0.00249339 0.00407388 -0.0105312 -0.00463685 0.104848 0.000690809 0.000938545 0.0019081 0.00724249 -0.00990969 -0.00414802 -0.0146556 -0.00381032 0.000293845 -0.0146741 0.00143015 0.000817667 0.013647 -0.000679218 0.00997498 0.00673661 -0.00799433 0.0119446 -0.00148413 0.00630171 -0.0338683 -0.00364827 0.000248986 0.0180225 -0.00278667 0.00542737 0.015799 -0.000677768 -0.00293812 -0.00815874 0.00825695 0.0159355 -0.0202238 -0.00719714 -0.00489104 -0.00727669 -0.0179961 -0.00612684 -0.010676 0.00434053 -0.00383458 0.00388759 -0.0028075 0.0120596 0.00285618 -0.0046043 -0.0111073 -0.00717715 -0.0151378 -8.15218e-05 0.00997311 -0.00181085 0.00205487 -0.0266535 -0.0175549 -0.00736114 -0.00315784 -6.49525e-05 0.0231774 -0.00984082 0.00256783 -0.00981981 0.0416042 -0.00141324 0.00242074 0.0352555 -0.00337557 -0.00423362 0.0172294 0.00256398 -0.000691644 -0.00334506 -0.00523942 0.0106751 0.00381396 -0.0035097 -0.0129125 -9.61045e-05 -0.00706083 -0.00150649 -0.00510115 0.00263566 -0.000274802 -0.00410918 -0.00690189 
-0.000464519 -0.000116674 3.29418e-06 -0.000425185 -0.00104226 -0.000998342 -0.000126545 0.000343299 -0.000952259 -0.000698949 -0.000312053 -0.000811526 0.000785021 0.000762242 0.000690809 0.0125075 -0.000104986 0.000321098 -2.04869e-06 -0.000371725 -0.000268024 -0.00085941 8.65647e-07 -0.000354401 0.000445126 -3.02997e-05 -0.000243049 0.00207884 0.000589737 -0.000453197 -0.00330075 -0.002661 -0.001386 0.000880738 0.00129237 -0.000680143 0.00108661 -0.000143609 6.36073e-05 -0.000486512 0.00136869 0.000618581 0.000151118 -0.000278121 0.000137868 0.000237601 -0.00158048 0.00146797 0.000434319 -0.000505193 -0.000254149 -0.00448582 -0.00108962 -0.000497133 0.00168582 -0.000281286 0.000292312 -0.000284584 -0.000341826 -7.34654e-05 -0.00287355 -0.00151316 -0.000808242 -0.000204822 0.000234277 0.000245438 -0.00012581 -3.57011e-05 -0.000848004 0.00106161 -4.77089e-05 0.00199193 -0.00150814 -0.00135777 0.000379261 -0.000215556 -0.00286904 -0.00141767 0.00132141 0.000347665 0.000193029 -0.000204129 0.000235381 -0.000682023 0.000157642 0.00115859 -0.000355025 0.000116459 0.00137956 0.000124977 0.00139364 0.00167073 -3.57271e-05 0.0003445 -6.10112e-05 0.00163302 0.000119916 -6.71178e-05 -6.37345e-05 -9.53961e-05 
9.13489e-05 0.00226701 0.00176751 8.72994e-05 -0.00296334 -0.00207524 0.000494467 0.000361054 -0.00166588 -0.00133539 -0.000128474 -0.000628716 -0.0015736 -0.000404986 0.000938545 -0.000104986 0.0257118 -0.000244792 0.003737 -0.00171464 -0.000209716 -0.000657711 0.000398102 0.000431455 -0.000139091 0.00110154 -0.000675018 -0.00559945 0.00176465 -0.00231287 -0.00506008 -0.00338481 0.000105912 -0.000877757 -0.00814903 -0.00785928 -0.00591127 -0.000312441 -0.0010719 -0.000675269 -0.000375348 -0.00164265 -0.00054434 5.15193e-05 -0.0012097 0.00571155 0.00292857 0.000964563 0.00167943 0.00468255 0.00352172 0.0042567 -0.000366127 0.000799896 0.00204486 0.000376307 -0.001433 0.000708536 -0.000349451 -6.60045e-05 -0.00144628 0.000212487 -0.00205846 5.06337e-05 2.17339e-05 -0.0027141 -9.05701e-05 0.000277099 0.00200503 -0.000451953 0.000453866 -0.00211027 -0.00123163 0.00165204 -0.00279305 0.00061531 -0.0057944 -0.00131216 -0.000817162 0.00160828 -0.00090842 0.000195456 0.00416436 0.00394877 0.00142308 -0.000922962 -0.00077281 0.000754827 0.0006512 0.00162124 0.000114837 0.000717412 -0.000255959 0.000872003 -0.00125 -0.00074139 0.000323974 0.00020221 -9.82967e-05 -0.00137753 
-0.000288848 9.21768e-05 0.000238227 0.000251836 -0.00288352 -0.00175439 -0.000242846 0.000924873 -0.00141507 -0.000956066 -0.000611225 -0.000828238 -0.00218407 0.000563338 0.0019081 0.000321098 -0.000244792 0.0201165 0.000990101 -0.000593321 0.000191794 0.00066955 -0.000249132 0.0015771 -0.00297289 -0.000841098 7.02332e-05 0.00682089 -0.00019829 0.0026225 0.00204483 -0.00221182 0.000243522 0.000856912 0.000713191 -0.00356722 0.00611268 -6.84517e-05 -0.000518027 -0.00211896 0.00120623 0.00341702 8.63201e-05 0.000179702 -0.00061512 0.000148602 0.00105248 -0.00342047 -0.000863577 -0.00219783 -0.00146211 -0.00608435 0.000231705 -0.00139428 2.48044e-05 0.000838778 -0.000631926 0.000326734 -0.0010694 -0.000143706 -0.00316105 -0.00142337 -0.00024894 -0.00175911 0.000699235 -0.000410963 0.000271775 -0.000568182 -0.00407882 -0.0026282 -0.000252665 -4.32293e-06 -0.00252543 0.001061 -0.0022883 -0.000161125 0.00148121 0.00842892 0.00191973 5.59701e-05 -0.000162664 -0.00121848 -0.00216458 -0.00107381 0.00147269 0.000584014 -0.000350203 -0.000642027 0.00109525 -0.000406896 -0.00113373 0.00142299 -0.000168177 -0.000302684 -0.00151723 -0.00121452 -1.29461e-05 0.000193448 -3.72922e-05 -0.000981324 
0.00572333 0.00240359 0.0268606 -0.00839835 -0.0175601 -0.0103632 0.000515936 0.000364147 -0.0113096 0.00129889 -0.00220495 -0.00151292 0.0141561 -0.00435875 0.00724249 -2.04869e-06 0.003737 0.000990101 0.115748 -0.00881285 0.0129249 -0.0148196 -0.000585662 0.00162867 -0.00220695 -0.00567409 -0.00309894 -0.00104127 -0.00117341 -0.00990816 -0.0221484 -0.0159047 4.987e-05 -0.000768281 -0.0220787 -0.0238729 -0.00962098 0.00178163 0.00350298 -0.0130468 -0.00071879 -0.00288758 0.000518296 -0.00147193 -0.00688949 -0.000555873 -0.0022872 0.00623139 0.00653067 0.0061068 0.030981 0.00495419 -0.00384407 0.0224511 -0.00292405 -0.00541719 -0.00116197 0.00241705 0.0120252 -0.000837856 -0.0130666 -0.00937988 -0.0115517 -0.00137701 -0.00111866 -0.00052852 3.38454e-05 0.000879741 0.0193682 0.00982816 -0.00534245 -0.0159689 -0.00926591 -0.00248628 -0.00563454 -0.00172863 -0.0220758 0.00256435 0.00765348 0.00920197 -0.0108137 0.00816903 -0.00481597 0.0160124 -0.000955081 -0.00221274 -0.00159379 -0.000766929 0.00422785 -0.00795338 -0.00573699 -0.000431189 0.00625553 -0.00332498 0.00137604 -0.00272161 0.000616852 0.00553126 0.00344762 -0.00599164 
0.0376455 -0.0021035 0.00862609 -0.00135573 -0.00603519 -0.00236239 0.00116895 -0.00117889 0.0225074 -0.00961393 0.00196966 0.00674762 -0.0402364 -0.000888331 -0.00990969 -0.000371725 -0.00171464 -0.000593321 -0.00881285 0.148571 0.00597802 0.0318577 0.0109164 0.00782533 0.0137777 0.00061983 0.00301459 0.00177183 -0.00324907 0.016155 -0.00323625 0.0362899 0.0269186 0.00362718 -0.0417222 -0.0396441 -0.0036907 0.00706982 -0.0094237 0.0173183 0.0023308 -0.00459893 0.0116174 -0.00444656 0.0133376 -0.00327359 -0.0136577 -0.0170236 0.0222816 -0.0197233 -0.01899 0.00973107 -0.00476456 -0.00797918 -0.0122334 -0.0159336 0.00324838 -0.00488982 -0.0226685 -0.00182669 -0.00434349 0.0114895 0.0163773 -0.0206231 -0.000868123 -0.0229664 0.00219504 -0.00387343 0.00795391 0.00101994 0.00927223 -0.0124519 -0.00898925 -0.00125607 -0.0231372 -0.00205356 0.0262507 -0.0142483 0.0043811 -0.00257113 -0.056396 -0.0187963 -0.0110018 -0.0157257 -0.0086432 -0.00837227 -0.00317348 -0.00453816 0.00421008 -0.00667033 -0.00196249 0.0316332 -0.00201997 0.0219902 -0.0193137 -0.00429047 -0.00132246 0.000487709 -0.000668502 0.00824507 
0.012105 -0.000385756 0.0183384 -0.00324851 0.000317459 -0.00126509 0.000239324 0.00129925 -0.0050264 -0.00118016 -0.00268854 -0.000884352 -0.0103585 -0.000504252 -0.00414802 -0.000268024 -0.000209716 0.000191794 0.0129249 0.00597802 0.0542352 0.009009 0.00077819 -0.00115943 -0.00271991 0.000762173 -0.000520286 -0.00607764 0.00198503 -0.00564984 -0.011072 -0.00517764 -0.00871062 -0.00328599 -0.0127812 -0.00848606 9.64335e-05 0.00236555 0.000662059 0.00164948 0.00766868 -0.00196783 0.00267833 0.00561625 0.000364297 0.000116812 -0.0077328 0.00733906 0.00864018 -0.00336623 0.00562434 -0.00103095 -0.00411412 0.0137624 -0.0043207 -0.00392005 0.00118044 7.86981e-05 -0.00328002 0.000890826 -0.00327359 0.00195007 -0.00363855 0.00323799 -0.000141812 -0.00225268 0.00085191 -0.00233387 0.0163038 -0.00128509 -0.00151661 -0.00472 -0.00371311 -0.0086941 -0.00402823 -0.000709649 -0.0134368 -0.0132304 -0.000676749 0.0026048 -0.0117837 0.00341878 -0.00446638 -0.00330474 -0.00228919 -0.001777 0.00304492 -0.00218713 -0.000155769 -0.00597071 0.000555384 0.00847843 -0.000104528 0.00436825 -0.00337921 0.000674275 -0.00051041 0.000607337 0.00131463 0.000812464 
0.0193361 -0.00208142 0.00569702 -0.00704367 0.0220759 -0.00134335 -0.00134701 0.00408015 0.000872863 0.000625383 -0.0107891 -0.00560657 -0.0713522 -0.00320574 -0.0146556 -0.00085941 -0.000657711 0.00066955 -0.0148196 0.0318577 0.009009 0.197903 0.0103618 -0.00110173 0.00835975 0.00455901 -0.00330197 0.0130394 -0.000158923 0.00542494 -0.024475 -0.0122258 0.00391292 -0.00138077 -0.0334066 -0.0361235 -0.0160826 -0.0016144 0.00862777 -0.00114421 0.0107888 0.0261063 -0.0123091 -0.00485631 0.0168872 0.0025883 0.0386649 -0.0202015 0.0145717 -0.011983 -0.0182093 0.0224541 -0.00440497 -0.00694729 -0.0236943 0.0211911 -0.0127403 0.00653618 -0.0646278 -0.00135826 0.0341476 0.0132589 -0.00121838 -0.0102524 0.0016869 0.00149524 0.00128177 -0.0103987 -0.00429086 -0.0130838 0.0126355 -0.00483204 -0.0097262 0.0132512 -0.0380202 0.00188298 0.0250503 -0.00434069 -0.00695826 -0.00770029 -0.0167832 -0.0296018 -0.0039936 -0.0285493 0.000419149 -0.0103254 -0.00710128 0.0029036 -0.00354184 0.000602022 -0.000732332 0.0267866 -0.00406783 0.0271109 0.000878502 -0.00842684 -0.00179942 -0.00380102 -0.000558965 0.0066219 
0.00998439 -0.00105444 0.00204103 -0.000505986 -0.00693714 0.0128829 -0.000569771 0.000623054 0.000285758 -0.00309616 -0.00101205 0.00139531 -0.0136438 -0.000315856 -0.00381032 8.65647e-07 0.000398102 -0.000249132 -0.000585662 0.0109164 0.00077819 0.0103618 0.056488 1.4889e-05 0.0126836 0.00118719 0.00214837 -0.011262 -0.00143673 -0.00532326 -0.00750197 0.0185143 0.00577101 -0.000885437 -0.0168418 -0.0171359 -0.00744869 0.00181333 -0.0016416 0.0112298 0.00039411 -0.00102298 -0.000719746 -0.00228403 0.00786217 -0.000238584 0.00569227 -0.00756423 0.0024596 -0.00392101 -0.00228456 0.00876552 -0.00370656 -0.00213572 -0.00384171 -0.00161136 -0.00470183 -0.00127458 -0.0134359 0.000394568 0.00365486 0.00436672 0.00385448 -0.00951389 -0.000113074 -0.00778257 0.00157743 -0.00157868 0.000895791 -0.00940373 0.00359842 -0.00550202 0.00284062 -0.000100482 -0.00862369 -0.000127048 0.00439093 -0.012075 -0.00376656 -0.000118938 -0.00901943 0.000584113 -0.00504661 0.00623593 -0.00249003 -0.00165276 0.00562547 -0.00257193 -0.00117717 0.00107137 -0.000521637 0.00658777 -0.00134118 0.000524554 -0.00394965 -0.00236522 -0.000342548 -0.000870701 -0.000969555 0.0101297 
0.00483243 0.000378812 0.00165525 0.00147423 -0.00537156 -0.00281384 0.000503777 0.00138872 0.0054525 -0.000271493 0.0026729 0.0022947 0.000568676 0.00270383 0.000293845 -0.000354401 0.000431455 0.0015771 0.00162867 0.00782533 -0.00115943 -0.00110173 1.4889e-05 0.0469867 -0.00354277 -0.00183646 -0.00120904 -0.00328641 -0.000334405 -0.00315414 0.00222873 -0.00052589 0.00538514 0.000417593 -0.0120366 -0.0031833 -0.00526265 -0.000705037 0.00194847 -0.00325464 -0.00270043 -0.0105453 8.52253e-05 -0.00143142 0.00241334 -0.000552782 -0.00960444 -0.00447506 0.000662446 -8.5223e-05 0.00881961 0.000613557 0.00228675 -0.00128275 0.00100581 -0.00470307 -0.00332221 -0.000496585 0.00254427 -0.000905163 -0.00352387 -0.00449474 0.000391668 -0.00410793 -0.000450957 -0.00599617 0.00108994 -0.000447537 0.00429907 -0.0016138 -0.00148732 -0.00448688 -0.00424617 -0.00188919 0.00356824 0.00483663 0.00111474 0.000952154 0.00223643 0.00334639 -0.0158676 0.00365147 -0.00397205 0.00102699 0.00261162 0.00151526 0.00192449 0.00036767 0.000369413 -0.00462916 -0.00223856 0.000559713 0.00177262 0.00140988 -0.0033335 0.00102436 0.000861727 0.00105599 0.001615 -0.000402523 
-0.00500013 -0.000653783 -0.0133839 -0.00244922 -0.0125916 0.0221588 -0.00386302 -0.000886537 -0.00799757 -0.0096367 -0.00677043 -0.00243336 -0.0110546 -0.00356222 -0.0146741 0.000445126 -0.000139091 -0.00297289 -0.00220695 0.0137777 -0.00271991 0.00835975 0.0126836 -0.00354277 0.191421 0.00657149 0.00636334 -0.0123945 0.00237988 0.00915104 -0.00444259 0.0329496 0.0272819 0.0131985 -0.0188651 -0.0272243 -0.00495602 -0.00492433 0.00460556 0.0137517 -0.00724953 0.0142639 0.00202115 -0.00381053 -0.000958558 -0.00119478 0.000223214 -0.00485973 0.00926394 -0.00405809 -0.0107657 0.0436334 -0.0109698 -0.0117461 -0.00927978 -0.0114983 -0.00680858 -0.00500224 -0.00221948 -0.00149549 0.00424419 0.0254403 -0.00621457 -0.0328046 -0.000558404 -0.0196262 -0.00210778 0.001813 0.00303944 -0.00530144 0.00515376 -0.0120544 -0.00893381 -0.0368633 -0.0315108 -0.00773784 0.0245441 -0.0139486 0.0146885 -0.0109158 -0.0171191 -0.00123092 -0.0128559 -0.00767233 -0.00964701 0.00894796 -0.00681863 -0.011068 -0.00555422 -0.00605371 0.00754291 0.0177208 -0.00363075 0.00414155 -0.00816563 -0.00472753 -0.00134488 -0.00011414 0.00244071 0.00162073 
-0.00542121 -0.00102453 -0.00644075 6.64678e-05 0.000651159 -0.00557324 -0.000643782 0.000115245 0.0069582 -0.00352572 -0.00347875 0.00328618 -0.00437209 -0.00210033 0.00143015 -3.02997e-05 0.00110154 -0.000841098 -0.00567409 0.00061983 0.000762173 0.00455901 0.00118719 -0.00183646 0.00657149 0.0724373 0.00334282 -0.00519896 0.00637008 0.0132889 0.0139673 0.00544302 0.00397498 -0.00094358 -0.0030662 -0.00778052 -0.0131717 -0.00115388 -0.00242795 0.00108695 -0.0065368 -0.0201131 -0.00204792 0.00407781 0.00101976 0.000407763 -0.0116048 -0.00852731 -0.00494635 -0.00330828 -0.00440498 -0.00987814 0.00398303 -0.000865486 -0.000211295 -0.00186869 -0.00458579 -0.00161834 -0.00292757 -0.000683866 0.000567592 0.0185057 0.00825609 0.000319843 -0.00022417 -0.00056193 2.02172e-05 0.000866383 -0.0114762 -0.0165051 0.00378394 -0.00258713 -0.00684927 -0.00444128 -0.00137029 0.0110982 0.0216293 0.00691811 -0.00187075 -0.000964807 0.0108903 0.00303979 0.00342183 -0.0115409 -0.00209783 0.00659876 -0.000286568 -0.00201676 -0.00244182 -0.00539595 -0.00254143 -0.00528483 -0.0016006 -0.00358198 -0.00559215 -0.00178991 -0.00047829 -0.000969641 -0.00295447 0.00163349 
-0.00184791 0.000390431 -0.00241929 0.00182425 0.00550523 0.00236593 -0.000396048 -0.000108584 -0.00234547 -0.000510065 0.000178669 -0.00201652 -0.00220963 -0.000386869 0.000817667 -0.000243049 -0.000675018 7.02332e-05 -0.00309894 0.00301459 -0.000520286 -0.00330197 0.00214837 -0.00120904 0.00636334 0.00334282 0.0425774 -0.00114596 0.000674849 -0.000351575 -0.0001723 0.00514827 -0.00431702 6.51156e-05 0.000541719 -0.00153374 0.000119464 -0.000821586 -0.00278143 0.00253593 -0.00368757 -0.0120896 -0.000968201 0.00170089 -0.00220564 -0.00108324 -0.0100044 0.000115745 -0.00114526 0.000193311 -0.00343571 0.000680418 0.00104611 -0.00424733 -0.00255159 -0.0020405 -0.00318582 -0.00116373 -0.000479801 0.00115344 0.00196992 0.00416723 0.00114874 7.66586e-05 -0.000282965 -0.00139171 -1.2195e-05 0.00515817 -0.00467367 -0.00422633 0.00491349 0.000106287 -0.00571088 -0.00530439 0.00221272 -0.000762059 0.00618945 0.000773075 -0.00354636 -0.00189422 -0.000102704 0.00163017 0.00215864 2.39757e-05 -0.00165541 0.00594651 -0.000800873 -0.00125229 -0.000891989 -0.000897858 -0.00109882 -0.000718568 -0.00054682 -0.00128478 0.000215344 -0.00151436 0.000250722 0.000921563 -0.000628176 -0.000538794 
-0.0105811 -0.00418255 -0.0160537 -0.00849516 -0.0235887 -0.0144141 -0.00411005 -0.00198369 -0.0234226 -0.00444996 -0.0101568 -0.01127 -0.00636098 -0.0042496 0.013647 0.00207884 -0.00559945 0.00682089 -0.00104127 0.00177183 -0.00607764 0.0130394 -0.011262 -0.00328641 -0.0123945 -0.00519896 -0.00114596 0.209392 -0.00318743 0.0434218 -0.00182855 -0.0128088 0.00857968 0.0167364 0.0259154 -0.0231833 0.0460969 -0.00113997 0.0152393 -0.0162329 0.019486 0.0503803 -0.00568517 -0.00556373 -0.00234784 7.35643e-05 -0.00442978 -0.0509436 -0.0093182 -0.0270444 -0.0388949 -0.0352378 0.00605575 -0.0207317 0.00288434 0.00326452 0.000612873 -0.00213359 -0.000304429 -0.00370811 -0.00310103 0.0185873 -0.00871494 -0.0236683 0.00135694 0.02493 -0.00240487 -0.00110881 -0.0452978 -0.0133252 -0.00645079 0.040804 0.000647026 0.000507205 -0.0130712 -0.00576344 0.0334565 0.0594608 0.00888643 -0.0113452 0.0551069 -0.0254302 -0.0200803 -0.00660498 -0.00212933 -0.00553951 -0.0113836 -0.00724502 0.00143065 -0.0133934 -0.0101706 0.000766047 -0.00309117 -0.00139054 -0.00815219 -0.0161111 0.000885198 -0.00579739 0.00258112 -0.0100824 
-0.00324094 -8.7582e-05 -0.00184974 0.00245509 0.0023488 -0.00270085 -0.000440214 -0.000408209 -0.00238046 -0.00140298 -0.00161138 0.00066627 -0.00103348 -0.00107534 -0.000679218 0.000589737 0.00176465 -0.00019829 -0.00117341 -0.00324907 0.00198503 -0.000158923 -0.00143673 -0.000334405 0.00237988 0.00637008 0.000674849 -0.00318743 0.0351054 0.00128643 -0.00326374 -0.00736385 0.000831049 0.00186517 -0.00308755 -0.00550445 -0.00580501 -0.00055604 -0.000558961 -0.00211106 0.000843789 -0.00449251 -0.000701521 0.00168492 -0.00221866 0.00143303 -0.00567994 0.00208312 -0.000290891 0.00482479 0.00109815 -0.000589418 -0.00041973 0.00197996 0.00157115 0.00563075 -0.000479504 0.00086933 -0.00421872 0.000111339 0.00568757 0.00159448 -0.00305247 0.00113273 0.000684614 -0.000167782 -0.000494437 0.000535114 0.00112323 -0.00136751 0.0014592 -0.00439934 -0.00151044 -0.00399015 -0.000310856 0.000300639 -0.00216002 -0.00438359 -0.00323167 -0.00157725 0.000545026 0.0070306 0.0024014 -0.00174075 -0.000320663 0.0054313 -0.00123859 -0.000788567 -0.000794994 0.00284821 -0.000130947 -0.00192721 0.000264031 -0.000654275 -0.000831149 -0.00167924 0.00064304 -0.000323162 0.000824525 -0.00189323 
-0.00797813 -0.00400547 -0.0116875 -0.00462499 -0.0287141 -0.0189987 -0.00262051 -0.00317234 0.0120235 -0.00887113 -0.00743137 0.00114377 -0.0212666 -0.0057496 0.00997498 -0.000453197 -0.00231287 0.0026225 -0.00990816 0.016155 -0.00564984 0.00542494 -0.00532326 -0.00315414 0.00915104 0.0132889 -0.000351575 0.0434218 0.00128643 0.163384 0.0457321 0.017844 0.0331252 0.00886134 0.00901691 -0.02441 0.00578466 -0.00271417 0.00214782 -0.007876 -0.0285793 0.00896779 0.0125934 -0.0066727 -0.00834467 -0.00231887 2.42345e-05 -0.0364655 -0.00966533 -0.0209433 -0.0243139 -0.00284486 0.0219081 -0.0181371 -0.0091745 0.0180159 -0.0107213 -0.0010278 -0.00737564 -0.0012578 0.000590814 0.0255794 0.0105898 -0.0310461 0.00351721 0.00721425 -0.00200676 0.00279864 -0.0394194 -0.00666199 -0.00413706 -0.00437626 -0.0227422 0.013996 -0.0246715 -0.00347159 0.0435895 0.0481075 -0.00252357 -0.00550028 0.0385985 -0.0192598 -0.00780059 -0.0151886 -0.00440525 0.000175593 -0.0101473 -0.0061905 -0.00233111 -0.0114543 -0.00615161 -0.00813691 -0.00396582 0.00274547 -0.0164394 -0.0106262 -0.00177003 -0.00182991 -0.0062045 -0.00582639 
-0.0208918 -0.00133129 -0.022164 0.00168542 0.0115447 -0.0036278 -0.00165599 -0.0025405 0.0449286 -0.0110971 0.0161946 0.015515 -0.0138152 -0.000447483 0.00673661 -0.00330075 -0.00506008 0.00204483 -0.0221484 -0.00323625 -0.011072 -0.024475 -0.00750197 0.00222873 -0.00444259 0.0139673 -0.0001723 -0.00182855 -0.00326374 0.0457321 0.229074 0.0527987 0.0486221 -0.00980533 0.0533152 -0.00198553 -0.0224128 0.00233253 -0.00277218 -0.00516894 -0.00626543 -0.000103786 -0.000177035 -0.00676901 -0.0131853 -0.00980617 -0.0175387 -0.0145269 -0.0194976 -0.0231713 -0.0230232 0.00435372 0.0250903 -0.0241373 -0.0123589 0.000751691 0.000238579 -0.00183449 0.00762602 -0.00205855 0.025768 0.00775858 0.0253139 -0.0230202 0.000186191 -0.0114799 -0.00353747 0.00451466 -0.0493913 -0.0156554 0.000404556 -0.00880305 0.0056519 -0.00822137 -0.0216097 0.00232952 0.0484911 0.0317512 -0.00549699 -0.00506215 0.0154431 -0.0244396 -0.00910373 -0.00847568 -0.00319118 0.00193961 -0.0191993 -0.00228478 -0.00122386 -0.0222864 -0.0117212 -0.0262437 -0.00418363 -0.0184402 -0.0300564 -0.0217907 -0.00305624 -0.00155076 -0.0103855 -0.0037516 
0.0145105 -0.00563012 -0.0168213 -0.010998 0.000263985 0.0313353 -0.00245692 -0.00103822 0.025089 -0.00689046 0.00192654 0.00324808 -0.0525103 -0.00694699 -0.00799433 -0.002661 -0.00338481 -0.00221182 -0.0159047 0.0362899 -0.00517764 -0.0122258 0.0185143 -0.00052589 0.0329496 0.00544302 0.00514827 -0.0128088 -0.00736385 0.017844 0.0527987 0.218153 0.0401232 -0.0015287 -0.0119888 0.000623396 -0.00815745 0.00234318 -0.0108195 0.037739 -0.00141195 0.00805649 0.017789 -0.01623 0.00626411 -0.0104029 0.0175101 -0.0401557 -0.0149607 -0.0303333 -0.025587 0.0331937 0.00800792 -0.0206221 -0.018435 -0.019242 3.82586e-06 -0.007464 -0.0166442 -0.00547274 0.0101814 0.0394553 0.0426029 -0.0521449 0.00082594 -0.0192396 0.00365613 0.00428492 -0.0297314 -0.0384969 0.00835134 -0.0141877 -0.0118077 0.00302546 -0.0446134 -0.00277417 0.0543794 0.0176756 -0.00951884 -0.00565446 -0.0308529 -0.0120459 -0.0265532 0.0208573 -0.0110407 -0.00857339 -0.00287106 -0.0139928 2.46744e-06 -0.00575419 -0.0155017 0.00429609 -0.00615648 -0.0129306 -0.0176905 -0.0167172 -0.0018291 -0.00344277 -0.00968672 0.0120525 
-0.00623904 -0.00478665 -0.022905 -0.00565498 -0.0371501 0.00724643 -0.00283812 -0.00106991 0.0152888 -0.00649697 0.00645581 0.00793546 -0.023351 -0.0134984 0.0119446 -0.001386 0.000105912 0.000243522 4.987e-05 0.0269186 -0.00871062 0.00391292 0.00577101 0.00538514 0.0272819 0.00397498 -0.00431702 0.00857968 0.000831049 0.0331252 0.0486221 0.0401232 0.218284 0.0167807 -0.00669157 -0.0400674 -0.0325672 -0.00113404 0.0086739 0.00891155 0.00888692 0.000685404 0.00564605 -0.0194799 0.00724778 -0.000454899 0.00872877 -0.0400031 -0.00544218 -0.0209991 -0.020015 0.00496713 4.80356e-05 -0.0211301 -0.0104504 -0.0105678 0.00147152 -0.00230088 -0.0393346 -0.00462179 0.00958913 0.00775705 0.00529181 -0.0451326 0.000443851 -0.0271184 0.00197721 0.00737658 -0.0371349 -0.0027013 -0.000960478 -0.000871504 -0.00645196 0.0148916 -0.0380337 -0.000365088 0.0378837 0.0513776 0.0120955 -0.0118611 0.0052782 -0.0136238 -0.0267204 -0.00518171 -0.00807992 9.19977e-05 -0.0108858 -0.0120131 -0.00426961 -0.022767 -0.006278 -0.00180208 -0.00409679 0.00473514 -0.00603378 0.000136907 0.000446405 -0.00284663 -0.00572106 0.0111142 
-0.00186836 -0.00187186 -0.00568177 -0.00278003 -0.0162461 -0.000884111 -0.00107799 -0.00111121 -0.00550965 0.000552743 0.00206947 -0.00143269 0.00921206 0.00021209 -0.00148413 0.000880738 -0.000877757 0.000856912 -0.000768281 0.00362718 -0.00328599 -0.00138077 -0.000885437 0.000417593 0.0131985 -0.00094358 6.51156e-05 0.0167364 0.00186517 0.00886134 -0.00980533 -0.0015287 0.0167807 0.104259 -0.00381 -0.0107404 0.00784545 -0.00126366 -0.000997969 -0.00933217 -0.00863362 -0.00885841 0.00283119 -0.00426741 -0.00474731 -0.000347263 0.00497532 -0.00678142 0.00247692 -0.00399153 -0.0121367 0.00320468 0.00239708 -0.00244388 0.00315136 -0.00444941 -0.00431937 -0.000614653 -0.00194126 -0.00212277 0.000470349 0.00425054 -0.00676213 -0.00906845 0.00227891 -0.000517157 -0.0016465 0.00142899 -0.0113364 -0.00420731 -0.00111597 0.00343973 -0.0101763 0.012146 -0.00716941 -0.00202047 -0.00145194 0.0127421 0.000443942 -0.00304721 -0.000907952 -0.00807714 -0.00700317 -0.0138019 0.00436796 0.00351542 -0.0044753 -0.00327189 -0.00361116 -0.00835284 0.00164374 -0.00151273 -0.00118148 -0.00110873 0.0114044 -0.00567091 -0.000922266 -0.000966969 0.0105588 -0.00456167 
