0.247198 -0.00855768 -0.00467263 -0.000923693 0.00379022 -0.0020509 -0.000926479 0.00242403 -0.0278982 0.0276841 -0.0091239 -0.0100548 -0.00821205 -0.00935652 0.00690288 0.0169132 -0.00460132 0.0246031 -0.0418648 0.0258194 0.0259174 -0.0121613 -0.0343254 0.0659929 0.00834841 0.00294783 0.0231126 0.0344751 -0.0312374 0.0282123 0.0127655 0.00161979 0.0011896 -0.0421387 0.0156128 -0.033785 -0.0222435 0.00351115 -0.0369964 0.0606259 -0.00814361 0.00146917 -0.0102622 0.00351298 -0.0107052 -0.0419517 -0.0187976 -0.00611448 -0.0044485 -0.00705733 -0.00499536 -0.00035498 -0.00253615 -0.00450957 -0.0142271 0.0167035 -0.009225 -0.0161285 -0.00229246 0.0456099 0.0302551 -0.0281204 0.00655722 -0.0395094 -0.0591273 -0.00564698 -0.0116074 -0.0550089 -0.00181726 -0.018298 0.0520187 -0.0014361 -0.00375957 -0.00456864 0.0444279 -0.0015313 -0.00312828 -0.00668248 0.0121804 0.0330816 -0.0164048 0.0263186 0.0143842 -0.0114852 0.00141315 -0.0012125 0.00825629 -0.00429335 -0.0067827 -0.0396133 -0.00514136 -0.00582547 -0.0541666 -0.0180552 -0.0277466 -0.00117417 0.00892407 -0.0322266 -0.00418346 0.0266548 
-0.00855768 0.0356851 0.00155268 -0.00302144 -0.000696755 0.000197481 -0.0010502 -0.00145698 -0.000753739 -0.00278615 -0.00179183 -0.000104687 -0.00316567 0.00626324 -0.00532406 -0.00217294 -0.000342821 -0.00382874 0.000574191 -0.000986124 0.00105168 0.00268177 0.0102527 -0.00375755 -0.00203325 0.00174657 -0.0029523 -0.000846177 -0.00291564 -0.00104299 -0.00147284 -0.00273675 -5.9759e-05 0.000390458 -0.00204191 -0.0011676 0.00154587 -0.00118549 0.000222977 -0.00451031 0.00118498 0.000754641 -0.000869044 -0.00174979 -0.00105925 0.00322687 -0.000164128 -0.00124039 -0.000971576 -0.000146071 -0.00535543 -0.000954502 -0.00343948 0.0025793 -0.00275219 -0.000842121 -0.000496443 0.000628536 0.0011601 -0.000559316 -0.00318817 0.00438378 0.000757189 -0.000217953 0.00399615 0.000169791 0.000726035 0.00579271 -0.000725583 -0.00227746 -0.00800565 0.00091613 -0.000232421 -0.000476435 0.00118793 0.00147366 -0.000431133 -0.000904166 0.00399845 -0.00175942 0.000353743 -0.00288668 -0.00221657 -0.000137023 -0.000266616 0.000669807 0.00350084 -0.000459117 2.00482e-05 0.00324003 -0.000492297 -0.000249084 0.00498158 -0.0018942 0.00298043 0.000267856 -0.000103813 -0.000485774 0.00208247 -0.00242604 
-0.00467263 0.00155268 0.0383141 -0.00316556 0.000367183 0.00298877 -0.00127111 0.00179086 0.00367954 0.0036396 0.00127101 0.000483715 0.00843745 -0.000592902 -0.00657634 0.00256685 0.000479123 -0.00504006 0.00311221 0.000214664 -0.00674805 0.00207961 -0.000761168 -0.00852987 0.00282163 0.0109376 0.000237072 -0.00174012 -0.0024634 -0.000761549 -0.000515599 -0.000132131 -0.00526444 -0.006428 0.00150847 -0.0031103 0.00101648 -0.000749304 -0.00198646 -0.000140033 0.00463092 -0.000690328 -0.000750013 -0.00593805 0.00302486 -0.00338951 -0.000385478 3.2015e-05 -0.00180297 -0.00175802 -0.00281538 -0.000368483 0.0059737 -0.000538875 -0.00624812 0.00396354 -0.00134425 0.00210538 0.000157271 0.00418094 0.00119717 -0.00253765 0.000780508 -0.000483366 -0.00266417 -6.48445e-05 -0.000988458 0.00258746 -0.00183117 0.00109812 -0.00985693 -0.00140948 0.000348187 0.000134994 0.00325795 -0.000749863 -0.000954656 -0.000632425 -0.00470965 -0.00208648 -0.00146198 0.00560279 -0.00130588 -0.000777335 0.000923472 -0.000146257 0.00162472 -0.000326082 -0.00107674 -0.00591059 0.00454289 0.000668987 -0.00314668 -0.000443688 -0.00348259 0.00108357 -0.000752412 0.00178415 0.000200605 -0.00292483 
-0.000923693 -0.00302144 -0.00316556 0.14305 0.00608232 -0.00085168 -0.00822812 0.0162478 -0.00455393 -0.01118 -0.0103437 0.00228422 -0.00481565 0.0035452 0.0240748 -0.00217376 -0.00300479 -0.0199155 -0.0222805 -0.0278623 -0.049019 -0.00575132 -0.0157497 0.0349628 0.00840323 -0.0132586 0.00736448 -0.026332 -0.0182531 0.00664121 -0.00174708 -0.00948824 0.0420879 0.0400024 -0.0106114 -0.00209272 -0.00747543 -0.0136817 0.00362296 -0.0287658 0.00889499 0.00650299 -0.00422119 0.062873 0.0168681 -0.0134215 -0.00328661 -0.0155228 -0.00690159 -0.0299266 -0.0404573 0.00149381 -0.00452623 -0.0029592 -0.0049185 -0.005632 0.00894461 -0.00853666 -0.000966259 0.00361388 0.0252582 -0.000580925 0.00593219 0.0121601 -0.00832095 -0.000738238 8.2019e-05 0.00183141 -0.00604681 -0.0117797 0.0262143 0.0357255 0.00221018 0.00100228 -0.0171064 -0.00361484 -0.00250176 -0.00404596 -0.0120876 0.0110377 -0.00873205 -0.00236522 -0.000927966 -0.00201083 0.000709372 0.000136849 -0.00644134 0.00540745 -0.000788246 -0.000229685 -0.00103931 0.00495393 -0.00787365 0.00158063 0.0123702 -0.000398885 0.00988541 -0.0127495 0.000104283 -0.02796 
0.00379022 -0.000696755 0.000367183 0.00608232 0.053341 0.00366102 0.00223679 0.00314712 0.00638893 -0.00524735 -0.00618789 8.49494e-05 4.78356e-05 -0.00255095 0.00281747 -0.00155926 -0.00670552 -0.0117571 -0.0107242 -0.00432682 -0.0117737 -0.00128893 1.25908e-05 0.0135999 -0.00433575 -0.00289995 0.00510826 -0.00822369 -0.0120417 0.00142161 -0.00146794 0.00247461 -0.0026603 -0.00212066 -0.00205756 -0.000435864 0.00372374 0.000336803 -0.00226066 0.00375175 -0.00326629 0.000980569 -0.00106772 0.0107325 0.00475979 -0.00381018 0.00083815 -0.00201722 -0.0011999 -0.00195849 -0.00526122 0.00101595 0.000811048 0.000741533 0.00275303 -0.000319035 0.000407439 -0.00257272 0.0069756 0.00361486 0.00237386 0.00233994 0.000666328 -0.00492433 -0.00754799 0.00041708 -0.00324971 -0.00988284 0.00392873 0.000442783 0.00985166 0.00343519 -0.000493589 0.00175179 -0.000104737 -0.00259266 -0.000205827 -9.09098e-06 -0.00202407 0.00215415 -0.000217452 0.00211704 0.000323214 -0.0012321 -0.000448751 -0.000264494 -9.12819e-05 -0.000241574 0.00201961 0.00129994 -0.000393321 -0.00149426 -0.00162732 -0.00191072 -0.00112316 -0.000211481 -0.000389966 -0.00503833 -0.000364583 -0.010267 
-0.0020509 0.000197481 0.00298877 -0.00085168 0.00366102 0.123693 0.00716946 0.0045802 0.0256449 -0.003446 -0.00052453 -0.000649636 0.00234473 0.00250461 -0.0209419 0.0031461 -0.00599738 -0.0063557 -0.0102418 -0.0157791 -0.00878381 -0.0021169 -0.0180649 0.00191101 -0.0105245 0.00199676 0.000475207 -0.00654416 0.00063381 0.013852 0.00189838 0.0178948 -0.00843682 -0.00621668 0.00175917 -0.00274839 -0.0146106 -0.00722909 -0.00388855 -0.0091833 0.0027241 0.00290937 0.00374176 -0.00148951 0.0120323 -0.00992792 0.00056278 0.00312256 0.00169164 -0.00655364 -0.0217523 0.00212047 0.0198741 9.33259e-06 -0.0128726 0.00228836 -0.00348061 -0.00143305 0.000637082 0.000763354 -0.0111867 -0.000490772 8.28129e-05 -0.0011584 -0.00884266 0.00347692 -0.0142411 -0.0171375 0.00346651 0.00782153 -0.014275 5.80413e-05 -0.00105347 0.00147864 0.00758367 0.000568321 -0.000334835 0.00157594 0.00791904 0.00313585 0.0057012 0.0135289 0.000318861 -0.000864257 -0.00154982 0.00220046 -0.00377496 -0.00124175 -0.0051778 -0.0131107 0.00485918 0.0060348 -0.00413274 -0.00780771 -0.0127069 -0.00212169 0.00675841 0.00215072 0.000370135 -0.00401363 
-0.000926479 -0.0010502 -0.00127111 -0.00822812 0.00223679 0.00716946 0.0591348 -0.0115753 -0.00115756 0.00417053 0.00618606 0.00102506 -0.00291648 0.00844801 -0.00185058 0.0136212 -0.0108447 0.010086 0.00688815 0.000665449 -0.00480898 0.00594378 0.00210177 -0.0143342 -0.00644314 -0.00199234 -0.00240481 -0.00602869 0.00765441 0.00391086 0.00505102 0.00626166 -0.00544834 -0.00912621 0.00796056 -0.000823461 -0.00411782 -0.00414645 0.00106398 0.00104277 -0.00325332 -0.00207077 0.0036673 -0.0219658 -0.00363485 -0.00465268 0.00662454 0.00175192 0.00789946 -0.0140145 -0.0050406 0.000104383 0.00909542 0.0022536 -0.011885 0.00585293 -0.00206031 0.00723278 -0.00154069 0.00256951 -0.00388413 -0.0035262 -0.000350734 -0.0019728 -0.00181782 0.0026643 -0.00265953 -0.00887965 0.00423171 -0.00177223 -0.00784377 -0.00394839 -0.0011012 0.000145396 -0.00759691 0.00101613 0.00155896 0.00508479 -0.0104971 0.00329539 0.0035448 0.00868152 -0.00227715 0.00327919 0.000139576 0.000753277 -0.00203608 -0.000783007 -0.00102425 -0.00393507 0.000461837 -6.7219e-05 -0.00528644 0.00720351 -0.00467505 -0.00085992 0.000498479 0.000985137 0.000509583 -0.00531952 
0.00242403 -0.00145698 0.00179086 0.0162478 0.00314712 0.0045802 -0.0115753 0.238907 0.031415 0.000323698 0.00593871 0.00053548 0.0359115 -0.015938 0.0264116 -0.0211066 0.00415639 -0.0502846 -0.0352672 -0.003352 0.00147033 -0.00265135 -0.0355082 0.0366394 -0.00152539 0.000490243 -0.00571748 0.00358342 -0.00617632 0.000678818 -0.0144649 -0.0304911 0.0296546 0.0117571 -0.0145229 -0.0205606 0.00872513 0.00704292 -0.0220596 -0.0221876 -0.010951 -0.0102341 -0.00934663 0.0863901 -0.000698537 -0.012611 -0.0168615 -0.0127601 -0.0249689 0.00467515 0.0202745 -0.00927041 -0.026335 0.000359108 0.0249685 -0.0139893 0.00886108 -0.00752811 0.00663533 -0.0166458 0.00915524 -0.00193304 -0.00945938 -0.00100174 0.020273 -0.00738581 -0.00814442 0.00185817 0.00164715 -0.0148683 0.0249062 0.0178299 -0.000975801 -0.00234511 0.00328318 -0.00583699 -0.00914217 -0.00665411 0.0315769 0.0127898 -0.0233202 -0.0266938 -0.016396 -0.0137183 -0.00228526 -0.00492946 -0.0150604 0.000440112 -0.0106802 -0.0233994 -0.00367002 -0.0209488 -0.0266538 -0.00280385 0.00530957 -0.00240852 -0.00918961 0.0365038 -0.00682664 -0.0257907 
-0.0278982 -0.000753739 0.00367954 -0.00455393 0.00638893 0.0256449 -0.00115756 0.031415 0.117815 -0.00331326 -0.0118679 0.00551609 0.0432681 -0.00658111 -0.0144412 -0.00283706 -0.00168543 -0.0238728 -0.0201597 -0.00237151 0.00296437 -0.00161848 -0.0063127 -0.00577892 -0.010265 0.00181383 -0.00680545 0.00510463 -0.00861757 -0.00359075 -0.00346575 -0.00368026 -0.0164792 -0.00962382 -0.00638625 -0.00115075 0.00469356 -0.00452108 -0.00239247 -0.0168064 0.00175639 -0.00392924 -0.00111896 0.0204759 0.00854837 -0.00345347 0.000205763 0.00553109 -0.00697478 -0.0180922 0.0210966 -0.00293501 0.00134227 0.00112689 -0.00607706 -0.00160776 -0.00189157 -0.00243168 0.0118564 -0.00829185 -0.00743072 0.000270322 0.00162172 0.00563765 -0.00619299 0.00112863 -0.00264598 -0.0158162 0.00410873 0.0015189 -0.0173408 0.00226153 0.00111589 0.00314834 0.0157965 0.000907083 -0.0014029 -0.000955797 0.0137184 -0.00787906 -0.00197293 -0.00426861 -0.00560381 -0.00172412 -0.000618799 -0.00172186 -0.00599453 -0.000104596 0.00404575 -0.00637674 0.00453064 0.000412009 -0.00363822 0.00059731 -0.00932018 -0.000732428 -0.00798239 0.0325079 -0.000827568 -0.0172277 
0.0276841 -0.00278615 0.0036396 -0.01118 -0.00524735 -0.003446 0.00417053 0.000323698 -0.00331326 0.126359 0.0219773 -0.00313835 0.0118725 0.00524056 -0.010646 0.00694191 -0.0141825 0.0364928 0.00566025 0.0100571 0.0232416 0.00140589 -0.00394626 -0.0171783 0.0114534 0.0213619 0.0109354 0.004391 0.0105184 0.0135341 0.00652591 -0.00703185 -0.0159356 -0.0200842 -0.00572809 -0.00962427 -0.0114947 -0.00939974 -0.0113503 0.0136751 -0.00731714 -0.00602352 -0.00185936 -0.0273789 -0.00911978 -0.0209433 -0.00492926 0.00174592 -0.0084771 -0.0359596 0.0152541 -0.00523553 0.00534357 -3.99777e-06 -0.0253359 0.00177843 -0.00402774 -0.000659574 -0.00321777 0.00525018 -0.00653203 -0.00577329 -0.00308134 -0.0127146 -0.0169628 -0.00217915 0.00580548 -0.0141472 -0.00181533 -0.0161586 0.00166278 -0.00981812 0.00018495 -0.00308168 0.012379 0.00865397 -0.00240116 0.00255525 -0.000555403 -0.00415385 -0.0119102 0.0109481 0.00138254 -0.00461543 -6.60522e-06 -0.000843258 0.0128029 -0.000784414 0.00224781 -0.0120715 0.00156576 -0.00723978 -0.0191591 0.00651307 -0.00906667 -0.000395344 0.00426883 0.0117957 -0.00241231 0.00448013 
-0.0091239 -0.00179183 0.00127101 -0.0103437 -0.00618789 -0.00052453 0.00618606 0.00593871 -0.0118679 0.0219773 0.151248 -0.000111506 -0.00603197 0.0151184 -0.000627106 0.00105631 -0.0224297 0.0260365 0.0305532 -0.0170928 -9.27469e-05 0.00783682 -0.0165736 -0.0118514 -0.00188172 -0.00165862 -0.00269088 -0.000288147 0.029364 0.00671748 -0.00354061 -0.0102724 -0.00417253 3.9896e-05 -0.00412481 -0.00952893 -0.0183725 -0.0181342 -0.00236298 -0.0362031 0.00457977 -0.0045582 -0.00410656 -0.00649781 -0.0137139 -0.00682816 -0.00501021 -0.00816347 -0.00136897 -0.0328758 0.00412181 -0.000185278 -0.00465287 -0.00233031 -0.0145453 -0.00186143 0.000134643 0.00214563 0.00421941 -0.00272968 -0.00529647 0.00973046 -0.00444519 -0.0177383 0.0171409 0.00370086 -0.00447633 0.0246745 0.00080503 -0.0203395 -0.0150869 -0.00147412 0.00154095 -0.00261379 -0.0178923 -0.00342039 -0.00435967 -0.00378102 -0.00224134 -0.00778092 0.000528037 0.00140351 0.00421417 -0.00151827 -0.00128082 -0.00197867 0.00630467 0.00158461 -0.00747512 0.00170187 0.00467119 -0.00702589 -0.00426839 0.0228259 0.0070051 -0.00150121 0.00646355 0.0384756 -0.000503368 0.00249189 
-0.0100548 -0.000104687 0.000483715 0.00228422 8.49494e-05 -0.000649636 0.00102506 0.00053548 0.00551609 -0.00313835 -0.000111506 0.0323726 0.00302595 -0.000540231 -0.00154032 -0.000474885 -0.00219521 -0.0040709 -0.00116652 -0.00366345 -0.00437886 0.0026199 0.00174116 0.000475351 0.00232942 -0.00255277 -0.00164861 -0.00121864 -0.000659389 -0.00230468 -0.000324541 0.000264174 7.57655e-05 0.00216728 -0.00142818 0.0022386 -0.00190068 -0.00322577 0.00171642 -0.00481036 -0.00149751 -0.000650413 -0.000297633 0.00231777 0.00206673 0.00140704 -0.00013752 -0.000211629 0.000168417 -0.00385717 -0.00275663 -0.000422407 -0.00118555 0.00039711 -0.00408446 -0.000128495 -0.000646501 0.00175926 -0.00117039 -0.00324136 -0.00293492 -0.000596012 -0.000523151 0.00743111 0.000991969 -0.000396065 -0.00289325 -0.00240177 0.000274232 -0.000457729 -0.000944322 0.00148995 -0.000213769 -0.0004976 -0.000874866 0.00302656 -0.000122607 3.21876e-05 0.00120941 -0.00168167 0.00167876 -0.00201032 -0.00143325 -6.11936e-05 0.000291655 5.61972e-05 -0.00151592 -0.000209023 -0.00107648 0.000897898 -0.000307939 -0.000191996 0.00233356 0.00250304 0.00226177 1.99233e-05 0.000269047 0.00233864 0.00193275 -0.00231665 
-0.00821205 -0.00316567 0.00843745 -0.00481565 4.78356e-05 0.00234473 -0.00291648 0.0359115 0.0432681 0.0118725 -0.00603197 0.00302595 0.167383 -0.00249095 -0.00151203 0.00450481 0.0078014 -0.0134539 -0.0248636 0.0246716 0.0171215 -0.0039061 -0.0154576 0.00886114 0.00750727 0.0116864 -0.00721579 -0.000403379 -0.0173439 -0.003539 -0.00687551 -0.0179042 -0.00825592 -0.0203761 -0.00744146 -0.0194301 0.00909329 -0.0134602 -0.0142303 -0.0179119 -0.00411158 -0.00940591 -0.00436229 0.0223929 -0.00233055 -0.00679146 -0.00629195 0.0152441 -0.0159404 -0.0347748 0.0315385 -0.00706838 0.00130538 -0.00109793 -0.0301931 0.00290207 -0.00482547 -0.00459943 0.0197552 0.00232541 0.00200259 -0.0130895 -0.00171001 -0.00474002 -0.0133117 -0.00264029 0.0121692 -0.0157105 0.0100008 -0.00852997 0.00577533 -0.0114831 0.00264303 -0.00318142 0.0379851 0.000999231 -0.00457042 -0.000392142 0.0121845 -0.0114905 -0.0150811 0.00514492 -0.00863233 -0.00352916 0.000755312 -0.00277858 -0.00305044 -0.00252959 0.00790329 -0.0251761 0.0144308 -0.00503219 -0.0217225 -0.00244457 -0.0160953 0.000845962 -0.00570215 0.0341075 -0.00256841 -0.0277502 
-0.00935652 0.00626324 -0.000592902 0.0035452 -0.00255095 0.00250461 0.00844801 -0.015938 -0.00658111 0.00524056 0.0151184 -0.000540231 -0.00249095 0.0737622 -0.00513904 0.00857977 -0.00813997 0.0100001 -9.63656e-05 -0.00123812 -0.00379041 0.00913786 0.0047345 -0.00987878 -0.00253766 0.000911754 -0.00658482 -0.014137 -0.00191595 0.0021688 -0.000439701 -0.000981655 0.00234477 -0.00420708 0.00415227 -0.00445255 -0.00898318 -0.00602734 0.00145126 -0.0157702 0.00327674 -0.00293458 0.000894185 -0.0158561 -0.000590292 -0.00544236 0.00360374 -0.000673254 -0.00136757 -0.0205476 -0.0275483 0.00030271 0.00104384 0.000620872 -0.0113474 0.00857536 -0.00183143 0.007443 0.00167443 0.00888257 0.00115992 0.00576809 -0.00218229 -0.00502791 0.00712285 0.00283387 -0.000562771 0.00351336 -0.00305715 -0.00666698 -0.0154165 0.00101425 -8.79866e-05 0.00075881 0.0127351 -0.001426 -0.000952111 0.00270878 -0.00555338 -0.00436666 0.00853982 0.00503469 -0.000277548 0.0032757 -0.000396447 0.00118979 0.0129514 0.000165628 -0.000316406 0.00551964 -0.00118528 0.00317626 0.00263123 0.00244291 0.00172968 -0.000891808 0.00582884 -0.00868539 0.00463969 -0.0118592 
0.00690288 -0.00532406 -0.00657634 0.0240748 0.00281747 -0.0209419 -0.00185058 0.0264116 -0.0144412 -0.010646 -0.000627106 -0.00154032 -0.00151203 -0.00513904 0.176833 -0.0081901 -0.0149154 0.00176974 0.0184443 -0.0245152 -0.0243476 -0.00588704 -0.0312449 0.0384052 -0.0210251 -0.0186684 0.0148297 -0.015592 0.0283733 0.00186428 -0.00708049 -0.021439 0.0463176 0.0207037 -0.0121281 -0.00858665 0.00699704 0.000249886 -0.00778707 -0.0130754 -0.024808 -0.00715484 -0.00587937 0.0453635 -0.00671849 0.00247964 -0.010707 -0.0132472 -0.0130736 0.0423436 -0.0105956 0.00109471 -0.0205037 0.00200282 0.0108262 -0.0155667 0.00430661 -0.00982401 0.00861715 0.00190585 0.0190101 -0.00450405 -8.64746e-05 0.0023072 -0.00329896 -0.00279922 -0.0133739 -0.0212328 -0.00532615 0.0118884 0.0377288 0.0209923 0.00174351 -0.00546087 -0.013139 -0.00552664 -0.0045171 -0.00481878 -0.0199641 0.0223247 -0.00688135 -0.0194078 -0.00251763 0.0038779 -0.00081153 -0.000804322 -0.00933112 0.000222899 -0.00964078 -0.0257076 -0.000546828 -0.00789796 -0.0166593 -0.00466433 0.0258603 -0.00130626 -0.00708987 -0.0144564 -0.000945602 -0.00601444 
0.0169132 -0.00217294 0.00256685 -0.00217376 -0.00155926 0.0031461 0.0136212 -0.0211066 -0.00283706 0.00694191 0.00105631 -0.000474885 0.00450481 0.00857977 -0.0081901 0.0741558 -0.00226793 0.00600712 -2.65085e-05 0.0017006 -0.00697341 0.000853454 0.00712054 -0.0123209 -0.00283103 0.00573869 -0.00205387 -0.00780464 -0.00205622 -0.00276595 0.00822853 0.0195044 -0.00691407 -0.00700951 0.013825 -0.00357822 -0.00819939 -0.00547278 0.00158263 -0.0026373 0.000167506 -0.00190262 0.000470269 -0.024784 -0.00478223 -0.0102264 0.00326876 0.00505524 0.00416795 -0.0221204 -0.017482 -0.00240661 0.0184758 -0.00121278 -0.0224235 0.0276681 -0.00297687 0.00533755 0.00260955 0.0297512 -0.000938604 -0.00634467 0.00352237 -0.0080025 -0.0115573 0.0010415 -0.000939341 -0.0113073 -0.00310623 -0.00143505 -0.0129575 0.000176336 -0.000888549 -0.000252137 0.00070576 -0.00192425 0.000666561 0.000311974 -0.0147657 0.00332537 0.00260866 0.0295265 -0.00491075 -0.00106888 0.000980731 4.07837e-05 0.0019359 -0.000496329 -0.0015054 -0.00754933 0.00538557 -0.00160125 -0.011637 0.00101988 -0.00684852 -0.00072422 0.00262993 -0.00538866 0.000447147 -0.00945065 
-0.00460132 -0.000342821 0.000479123 -0.00300479 -0.00670552 -0.00599738 -0.0108447 0.00415639 -0.00168543 -0.0141825 -0.0224297 -0.00219521 0.0078014 -0.00813997 -0.0149154 -0.00226793 0.181697 -0.0186793 -0.0026452 -0.00438444 0.0139285 -0.00517913 0.00265274 -0.0302875 0.0205787 0.0169011 -0.00924591 0.0357051 -0.0246629 -0.0170897 -0.00717622 -0.0108344 -0.0147866 -0.00273156 0.00303081 0.00635856 -0.000319345 0.000775711 -0.00116697 -0.0178123 0.0291629 9.34497e-06 0.00353996 -0.0169173 -0.0114054 0.00194663 -0.00896756 -0.000976099 -0.00552585 0.0145387 -0.00696783 -0.00548819 -0.00678167 -0.00503489 0.0228229 0.0051919 -0.00204609 0.00110671 -0.0154744 -0.00972614 -0.00980531 -0.000424057 -0.00451899 0.00503767 -0.00519109 -0.00503016 -0.00278799 0.0247625 -0.0127147 0.0129275 -0.0383688 -0.0121756 -0.00105473 -0.00376829 0.0438453 -0.00883796 -0.00186383 -0.00217947 0.0286992 -0.012812 -0.00493879 0.00499436 -0.0115771 -0.004113 0.0015576 -0.0010915 -0.00539433 -0.00162367 -0.00291693 0.00740901 -0.00216501 0.0157429 0.0222278 -0.00793768 -0.0124068 -0.00232577 -0.00276155 -0.0238408 -0.00183301 0.0264962 
0.0246031 -0.00382874 -0.00504006 -0.0199155 -0.0117571 -0.0063557 0.010086 -0.0502846 -0.0238728 0.0364928 0.0260365 -0.0040709 -0.0134539 0.0100001 0.00176974 0.00600712 -0.0186793 0.194303 0.0525243 0.0119434 0.037055 0.00138081 -0.0108101 -0.0228462 0.0116311 -0.0130435 0.0270813 0.025924 0.0488525 0.00681723 0.0201644 -0.0120606 -0.0336795 -0.0220079 -0.0034674 -0.0089591 -0.0241672 -0.00931804 -0.00802593 0.0368606 -0.00331645 1.34119e-05 0.00119685 -0.0583968 -0.0108795 -0.0191422 0.000143524 -0.00778223 -0.00509931 -0.0128251 0.0362199 -0.000252737 -0.0112059 -0.0011094 -0.0356737 -0.0111434 -0.010488 -0.00230313 -0.0147688 -0.0144832 -0.0289101 -0.0118206 -0.00132153 -0.00799155 -0.0280078 -0.00359122 -0.00342782 -0.0153297 0.00984961 -0.0188008 0.0170167 -0.0118375 -0.00324103 -0.0045477 -0.00295607 0.00983385 -0.00302286 0.00285578 -0.0108753 -0.0117271 0.00296878 -0.0152865 0.0175613 0.00310789 0.00181495 -1.4337e-06 0.00287956 -0.00155394 -0.00632117 -0.00673768 0.00318307 0.0107372 -0.0127256 0.0113151 -0.00841387 -0.00241749 0.00840434 0.00383714 -0.00225337 0.0351611 
-0.0418648 0.000574191 0.00311221 -0.0222805 -0.0107242 -0.0102418 0.00688815 -0.0352672 -0.0201597 0.00566025 0.0305532 -0.00116652 -0.0248636 -9.63656e-05 0.0184443 -2.65085e-05 -0.0026452 0.0525243 0.192744 -0.00916093 0.0186705 0.00578256 -0.00324534 -0.049085 0.00180765 -0.00934315 0.000378931 0.0264206 0.0550259 -0.010946 0.00382636 -0.00378162 -0.0104526 -0.00181078 0.00418731 -0.000219363 -0.0216439 -0.00365197 0.00571362 -0.0193934 -0.00247337 -0.00784457 -0.00190524 -0.0452254 -0.00595773 0.014058 -0.00445234 -0.00449443 -0.00876176 0.029357 0.0297613 0.00738613 0.00346943 0.00468163 -0.0227289 -0.0142401 -0.00698051 0.0125126 -0.0142751 -0.0244082 -0.0332133 -0.0160532 -0.00727009 0.00622314 0.0165768 -0.000640963 -0.0193807 0.0273693 -0.00444669 0.0105019 -0.0268506 -0.00800478 -0.00188573 -0.00536958 -0.00783925 0.00280251 -0.00554613 -0.00243233 -0.0225143 -0.0206405 -0.00214814 -0.017627 -0.00397438 0.00304758 0.000130127 0.00362964 -0.00795817 -0.000889169 -0.00885449 -0.0120237 0.00642523 -0.00292804 0.00249863 0.0219054 0.00546429 -0.00137696 0.0057177 0.0289123 0.00222657 0.0387155 
0.0258194 -0.000986124 0.000214664 -0.0278623 -0.00432682 -0.0157791 0.000665449 -0.003352 -0.00237151 0.0100571 -0.0170928 -0.00366345 0.0246716 -0.00123812 -0.0245152 0.0017006 -0.00438444 0.0119434 -0.00916093 0.17489 0.079763 0.000314041 -0.0088062 0.00499845 0.00604133 0.00283038 -0.00433467 0.0333503 -0.0164929 0.000396794 0.000449642 -0.0235969 -0.0195538 -0.030814 0.000245474 -0.0146434 0.0249509 0.027704 -0.021126 0.0483513 -0.0158992 -0.009975 -0.00554542 -0.0249032 -0.00677604 0.00394173 -0.00713999 -0.00963923 -0.0133022 0.0143668 0.0469139 -0.00597259 -0.00672634 0.00141269 -0.0225603 -0.00122384 -0.00824927 -0.00373934 -0.00317553 0.00246068 -0.0120914 -0.0174796 -0.00321656 -0.0108671 -0.0140249 -0.00057525 -0.00255515 -0.0280546 0.00688886 -0.0056209 0.0213749 -0.0156057 0.00257168 -0.00495713 0.0693221 0.00422484 4.12868e-05 0.000647811 0.0113221 -0.0131373 -0.0148303 -0.0062412 -0.00765036 -0.0050372 -0.00164782 -0.00217636 0.0100394 -0.00360639 -0.00657393 -0.0312418 0.0106653 -0.0144151 -0.0268576 -0.0122758 -0.0266292 -0.00109857 -0.0101132 -0.00286715 -0.00270846 0.0175324 
0.0259174 0.00105168 -0.00674805 -0.049019 -0.0117737 -0.00878381 -0.00480898 0.00147033 0.00296437 0.0232416 -9.27469e-05 -0.00437886 0.0171215 -0.00379041 -0.0243476 -0.00697341 0.0139285 0.037055 0.0186705 0.079763 0.24776 -0.000230855 -0.00134388 -0.0186455 0.0172814 0.0189424 -0.0113748 0.0480984 0.0348103 -0.0005144 -0.00149862 -0.0420414 -0.0261023 -0.0383574 0.00250152 -0.0266975 0.00845635 0.0234364 -0.0408878 0.0562943 -0.014169 -0.0159014 -0.00231739 -0.0532043 -0.018717 0.0289355 -0.0224743 -0.00545749 -0.0191267 0.026505 0.0810873 -0.00432619 -0.0277232 0.00221073 -0.0363037 0.000156121 -0.0143276 0.00082088 -0.00987979 -0.0175799 -0.0479337 -0.0302141 -0.0118219 -0.00650816 0.00441545 -0.00579101 0.00478724 -0.00600521 0.0092128 -0.0138431 0.00926923 -0.0313247 -0.0018671 -0.00937441 0.060376 0.00140331 0.000133742 -0.00341604 0.0304393 -0.028766 -0.0206871 -0.0153794 -0.00881672 -0.00399721 -0.00279934 -0.00318706 0.0086994 -0.0049332 -0.0059783 -0.0388683 -0.000317049 -0.00855711 -0.03513 -0.00399999 -0.040074 -0.00308556 -0.0156207 0.0123339 -0.0022957 0.0409599 
-0.0121613 0.00268177 0.00207961 -0.00575132 -0.00128893 -0.0021169 0.00594378 -0.00265135 -0.00161848 0.00140589 0.00783682 0.0026199 -0.0039061 0.00913786 -0.00588704 0.000853454 -0.00517913 0.00138081 0.00578256 0.000314041 -0.000230855 0.0471121 0.0101108 -0.00769948 -0.00268575 -0.00205346 -0.00449514 -0.00932871 0.00463626 -0.00010183 -0.00155799 -0.00138121 -0.00636846 -0.00570664 0.00168896 0.00255993 -0.0026535 -0.00387289 0.00425675 -0.0115178 -0.00264397 -0.000622488 0.00322071 -0.0135507 -0.00333575 0.00697306 0.0065484 0.00129203 -0.00205694 -0.0101035 -0.00864488 -0.00111152 -0.00545365 0.00175649 -0.0021054 0.00422122 -0.0015125 0.0074711 -0.00110695 -0.00188753 -0.00448166 -0.00137739 -0.000365553 0.00106656 0.0104993 0.00105452 -0.00325908 0.00117086 0.00181009 0.00323654 -0.00678939 -0.00234814 0.000395565 0.00118165 0.00034482 -0.000661088 -0.000103739 -0.000674161 -0.00637302 -0.000624499 0.0081022 -0.00269687 -0.00214676 0.00084341 -0.000346661 0.00184105 0.00241654 -0.000980337 -0.00197251 0.00277697 0.000282485 -0.00282654 0.00379761 6.98953e-05 0.00619059 -0.000532067 -0.00182851 0.00500417 0.00651118 -0.00574239 
-0.0343254 0.0102527 -0.000761168 -0.0157497 1.25908e-05 -0.0180649 0.00210177 -0.0355082 -0.0063127 -0.00394626 -0.0165736 0.00174116 -0.0154576 0.0047345 -0.0312449 0.00712054 0.00265274 -0.0108101 -0.00324534 -0.0088062 -0.00134388 0.0101108 0.129764 -0.0400453 -0.00576167 0.0162898 -0.0126964 -0.0123695 -0.0140273 -0.00914906 -0.00316825 0.0159293 -0.0205375 -0.000857223 0.00884081 0.0271237 0.00248956 -0.00824004 0.026657 -0.000820281 0.00213793 -0.00206672 0.00603285 -0.0342101 -0.0119994 0.016603 0.0209066 0.0123008 0.0181459 -0.0185416 -0.0221049 -0.00342899 0.00311205 0.00014293 0.0133963 0.0131224 0.00116566 0.00805805 -0.00368509 0.00138731 -0.0108228 0.013891 0.000227317 0.000893508 0.0257176 0.00115875 0.0111372 0.0175593 -0.00614863 -0.00735154 -0.0358554 -0.0117772 -0.00233056 0.00539614 -0.0163416 0.00672344 0.00513026 0.00248781 -0.00496942 -0.0106063 0.0121771 0.00622064 -0.00653577 0.000412682 -0.000541838 0.000890685 0.00254378 -0.00250194 0.00824285 0.0362243 -0.0098048 -0.00347133 0.0348345 -0.00717855 0.0100744 0.000449822 -0.00269761 -0.0134366 0.00590709 -0.0124014 
0.0659929 -0.00375755 -0.00852987 0.0349628 0.0135999 0.00191101 -0.0143342 0.0366394 -0.00577892 -0.0171783 -0.0118514 0.000475351 0.00886114 -0.00987878 0.0384052 -0.0123209 -0.0302875 -0.0228462 -0.049085 0.00499845 -0.0186455 -0.00769948 -0.0400453 0.232562 0.0115503 -0.0146386 0.00616699 -0.0239774 -0.046298 0.00443331 -0.00506651 -0.0096091 0.0516828 -0.00446563 -0.00708805 -0.0277532 0.00388907 -0.00958254 -0.0252616 0.00840209 -0.0247116 0.00731106 -0.0103244 0.0951755 0.00968066 -0.0239252 -0.016502 -0.0110793 -0.0151495 0.00952208 -0.0379193 -0.00290355 -0.0120916 0.00156024 -0.0197685 -0.00751176 0.00667569 -0.0154851 0.0218955 0.0313455 0.0450974 -0.00657673 0.0134101 -0.0102949 -0.0155085 0.00043019 -0.0346752 -0.0295364 0.00430742 0.000311983 0.0931913 0.0312658 0.000831147 -0.00647431 0.0148867 -0.0159913 -0.00264777 -0.00703124 0.00214056 0.0395518 -0.0038009 -0.00617552 0.00530941 -0.00657939 -0.0019169 0.00180707 0.00622676 -0.00273446 -0.0045195 -0.0429436 -0.00838412 -0.0185264 -0.0395144 -0.0223341 0.00883184 -0.000543508 -0.00297257 -0.0170342 -0.00129115 -0.0439397 
0.00834841 -0.00203325 0.00282163 0.00840323 -0.00433575 -0.0105245 -0.00644314 -0.00152539 -0.010265 0.0114534 -0.00188172 0.00232942 0.00750727 -0.00253766 -0.0210251 -0.00283103 0.0205787 0.0116311 0.00180765 0.00604133 0.0172814 -0.00268575 -0.00576167 0.0115503 0.133339 0.0123216 0.00126503 0.013277 -0.0135038 -0.00557712 0.0055064 -0.00467222 -0.00667853 -0.00813739 -0.00234645 -0.0100099 -0.0135228 -0.0147369 -0.0121405 -0.0151737 0.019366 0.0069414 -0.00363006 0.00704006 0.00320458 -0.0042959 -0.00844264 -0.00300557 -0.00964922 -0.0315976 -0.00749819 -0.0047062 -0.00449827 -0.00354542 -0.0359013 0.00273605 -0.00497609 0.00920408 -0.0100283 0.00321051 0.000480803 -0.0121926 -0.0033977 0.00739927 0.00836903 -0.00117619 -0.00722261 0.0269985 -0.000951162 -0.00727165 0.00738298 -0.00456585 -0.00271648 -0.00230852 0.00978871 -0.00615514 -0.00197905 -0.002931 0.0114161 -0.00643741 -0.00206432 0.00975643 -0.00306834 1.67934e-05 0.00235378 -0.0012259 4.66545e-05 0.000725254 -0.00397404 -0.0204616 -0.00480405 0.00389504 -0.00785003 -0.00302587 -0.0166141 0.00074382 0.0157732 -0.0046241 0.00384552 0.000984584 
0.00294783 0.00174657 0.0109376 -0.0132586 -0.00289995 0.00199676 -0.00199234 0.000490243 0.00181383 0.0213619 -0.00165862 -0.00255277 0.0116864 0.000911754 -0.0186684 0.00573869 0.0169011 -0.0130435 -0.00934315 0.00283038 0.0189424 -0.00205346 0.0162898 -0.0146386 0.0123216 0.105266 -0.00814758 -0.00652831 -0.0098901 -0.00371362 -0.00443074 -0.00653156 -0.018628 -0.014007 0.0071966 -0.00865705 0.00867194 -0.00173599 -0.00260175 0.00306967 0.00802367 -0.00104283 4.61876e-05 -0.0220439 -0.00863839 -0.00655683 -0.00480428 0.00975023 -0.001456 -0.0118615 -0.00959669 -0.0036208 0.00874186 -0.00146562 0.000649004 0.0152761 -0.000993022 0.00420227 -0.00148756 0.0190499 -0.00334016 -0.00244869 -0.000483128 -0.0123591 0.000378795 0.000635315 0.00631708 0.0149934 0.00208066 -0.00689916 -0.0232075 -0.00791542 -0.00157101 -0.000980054 0.0120033 -0.00349622 -0.00110774 0.00271896 -0.00358982 -0.00552675 -0.00441023 0.0241745 -0.00708537 -0.000621874 -0.000104542 -0.00155152 0.010619 0.00020654 0.0033355 -0.0100133 -0.00351205 -0.00222827 -0.00651259 -0.00709812 -0.0124741 0.00156195 -0.00554797 -0.0114608 0.00150147 -0.0132923 
0.0231126 -0.0029523 0.000237072 0.00736448 0.00510826 0.000475207 -0.00240481 -0.00571748 -0.00680545 0.0109354 -0.00269088 -0.00164861 -0.00721579 -0.00658482 0.0148297 -0.00205387 -0.00924591 0.0270813 0.000378931 -0.00433467 -0.0113748 -0.00449514 -0.0126964 0.00616699 0.00126503 -0.00814758 0.101429 0.0015195 0.0195674 0.0121238 0.00162398 -0.00504099 0.00477779 -0.0040556 -0.00502502 -0.00961915 -0.0105671 -0.0037704 -0.00875304 0.0145672 -0.00815154 -0.00102494 -0.00328222 -0.00348662 0.000768336 -0.0108872 -0.00572492 -0.00959231 -0.0035472 -0.0025607 0.00706552 -0.00091878 -0.00933342 -0.00290821 -0.0148002 -0.00393068 -0.0041455 -0.00626034 -0.00165511 -0.00505481 -0.00315077 -0.00299795 -0.000275519 -0.00514801 -0.0206791 -0.00112506 -0.00927595 -0.0222069 -0.00643785 -0.0039529 0.0375368 0.00535781 -0.000579015 0.00103115 -0.010131 -0.000965733 -0.000538159 -0.00237264 -0.0117048 0.00694121 -0.00489565 -0.00441223 0.0211947 -0.00316833 0.00142448 -0.00120239 -0.00113698 -0.0022472 -0.000427821 -0.0044537 0.000710262 -0.0022674 -0.00860852 0.00184518 0.00656654 -0.000628039 0.00844643 0.00139963 -0.00198669 0.0165891 
0.0344751 -0.000846177 -0.00174012 -0.026332 -0.00822369 -0.00654416 -0.00602869 0.00358342 0.00510463 0.004391 -0.000288147 -0.00121864 -0.000403379 -0.014137 -0.015592 -0.00780464 0.0357051 0.025924 0.0264206 0.0333503 0.0480984 -0.00932871 -0.0123695 -0.0239774 0.013277 -0.00652831 0.0015195 0.186418 0.00519399 -0.00344696 0.00544464 -0.0168586 -0.0266339 -0.0303977 -0.00141652 -0.0154075 -0.0116252 0.00703659 -0.0152294 0.002404 0.00647989 -0.00977788 -0.00391205 -0.0233412 -0.0142804 0.00776027 -0.00550676 -0.00970587 -0.0163691 0.00608437 0.0704748 -0.00393656 -0.0110759 -0.00565775 -0.0169044 -0.0038154 -0.00743339 -0.002755 -0.0125321 -0.0115187 -0.0319986 -0.0190528 -0.000771878 -0.00976245 -0.0156878 -0.00656818 -0.021366 -0.00216338 -0.013413 -0.00324115 -0.0232308 -0.018036 -0.000815089 0.00061627 0.0543094 -0.0014473 -0.00228182 -0.00452902 0.0369863 -0.0191865 -0.0138732 -0.00939007 -0.0118179 -0.00632247 0.000391938 -0.00170407 -0.00612055 -0.00191773 0.00100453 -0.00915413 0.00716604 8.75148e-05 0.00255528 0.00269578 -0.0413808 0.00165894 0.000776787 0.00930436 -0.0046811 0.0741156 
-0.0312374 -0.00291564 -0.0024634 -0.0182531 -0.0120417 0.00063381 0.00765441 -0.00617632 -0.00861757 0.0105184 0.029364 -0.000659389 -0.0173439 -0.00191595 0.0283733 -0.00205622 -0.0246629 0.0488525 0.0550259 -0.0164929 0.0348103 0.00463626 -0.0140273 -0.046298 -0.0135038 -0.0098901 0.0195674 0.00519399 0.210651 -0.00761772 0.00489792 -0.00237034 0.00308166 0.02504 -0.00859027 -0.00625 -0.0209571 0.00273351 -0.00345662 -0.00776062 -0.00439905 -0.00563641 0.00319505 -0.0248324 -0.00837008 0.0188021 -0.00702614 -0.00788849 -0.00904768 0.0247253 0.0258127 -0.00453171 -0.0123354 0.00338811 -0.0303523 -0.0161146 -0.00831094 0.0035183 -0.0224996 -0.0323827 -0.0344477 -0.0102178 -0.0100808 0.0143624 0.023103 -0.000535973 -0.00603638 0.00756102 0.00363372 0.0143702 -0.0218791 -0.00218313 -0.00519961 -0.00444227 -0.0356342 0.000899223 -0.00140703 -0.00362334 -0.0144908 -0.0170983 0.0142188 -0.0163815 0.00668835 0.010594 0.0010385 -0.00398889 -0.00372203 -0.00268032 -0.00954565 -0.0109845 0.000250917 -0.00608919 -0.0181416 0.0109203 0.00130089 -0.00294861 -0.000135316 0.0184656 -0.00231252 0.0256092 
0.0282123 -0.00104299 -0.000761549 0.00664121 0.00142161 0.013852 0.00391086 0.000678818 -0.00359075 0.0135341 0.00671748 -0.00230468 -0.003539 0.0021688 0.00186428 -0.00276595 -0.0170897 0.00681723 -0.010946 0.000396794 -0.0005144 -0.00010183 -0.00914906 0.00443331 -0.00557712 -0.00371362 0.0121238 -0.00344696 -0.00761772 0.0990831 0.00216409 0.00608921 0.00252567 -0.00851434 0.000221858 -0.000859771 -0.0101919 -0.0108205 -0.00482123 0.00529331 -0.00680481 0.00532231 -0.0010202 0.00118055 -0.00411982 -0.0147026 0.00145635 0.0021649 0.00219699 -0.0289774 -0.0107491 -0.00152014 0.00539142 0.000113812 -0.00674145 -0.00161706 -0.00317983 -0.00175558 -0.000911382 0.00582371 -0.0104756 -0.00892647 0.00172212 -0.00963209 -0.00539665 -0.000487939 -0.0120263 -0.0196205 -9.92105e-05 -0.00924281 0.0195394 -0.0035252 -0.000266381 0.00121842 0.0102393 0.00197628 -0.000702582 0.000443401 0.00339465 0.0111209 -0.00168236 9.51128e-05 0.00907831 -0.00211696 -0.000411742 -0.000628325 0.00389935 -0.000532669 -0.000838848 -0.0138941 0.00555396 0.00348602 -0.00990901 -0.000824827 -0.0109786 -0.000192044 0.00507473 -0.00523553 -0.000615594 -0.00091097 
0.0127655 -0.00147284 -0.000515599 -0.00174708 -0.00146794 0.00189838 0.00505102 -0.0144649 -0.00346575 0.00652591 -0.00354061 -0.000324541 -0.00687551 -0.000439701 -0.00708049 0.00822853 -0.00717622 0.0201644 0.00382636 0.000449642 -0.00149862 -0.00155799 -0.00316825 -0.00506651 0.0055064 -0.00443074 0.00162398 0.00544464 0.00489792 0.00216409 0.0633465 0.0103687 -0.0081399 -0.00849374 -0.001327 0.00728768 -0.00628156 -0.00367212 -0.00112186 0.0106263 -0.00344293 0.00444605 0.00255028 -0.0142696 -0.000790862 -0.00910124 0.00325645 -0.00126375 0.0007546 -0.00962834 -0.00338622 0.00321269 0.00320771 0.000298568 -0.0105082 -0.00356514 -0.00261359 0.00124405 -0.00275172 -0.00259799 -0.00259958 -0.0049037 0.00200321 -0.00245504 -0.0104299 -0.00159678 -0.00511113 -0.013112 -0.00113795 -0.00146958 -0.000244127 -0.000137234 -0.000490673 -0.000753102 0.000481608 -0.00179208 0.000728423 -0.000226734 -0.00180162 0.00123122 0.00130517 -9.68549e-05 -0.000408063 0.00312098 0.00148086 0.00186336 3.82806e-05 -0.000487818 -0.00206844 -0.00618183 0.00281755 0.00224922 -0.00601533 0.00549243 -0.00321116 5.86159e-06 0.0106266 -0.00337495 -0.000484245 0.00524781 
0.00161979 -0.00273675 -0.000132131 -0.00948824 0.00247461 0.0178948 0.00626166 -0.0304911 -0.00368026 -0.00703185 -0.0102724 0.000264174 -0.0179042 -0.000981655 -0.021439 0.0195044 -0.0108344 -0.0120606 -0.00378162 -0.0235969 -0.0420414 -0.00138121 0.0159293 -0.0096091 -0.00467222 -0.00653156 -0.00504099 -0.0168586 -0.00237034 0.00608921 0.0103687 0.135365 -0.00695829 0.00126805 0.0224727 0.0184111 -0.0127207 -0.0116459 0.0234403 -0.0153148 0.00042129 0.00771564 0.0045527 -0.0327028 0.00448165 -0.012002 0.011338 0.0227522 0.0293817 -0.0246163 -0.0370914 -0.00238656 0.0474198 0.000322535 -0.0183638 0.0170115 -0.00368276 0.00204779 0.00419739 0.0140342 -0.00868223 -0.00164221 0.00302513 0.00469761 -0.0123342 0.00486643 -0.00105082 -0.0160605 -0.00756599 0.0220335 -0.0222533 -0.00539638 -0.00324228 -0.000507149 -0.0265273 0.00365067 0.0019065 0.00214107 -0.0193065 0.00265456 0.0369108 0.032009 0.00544205 0.00502962 0.000871916 0.00150902 -0.00255811 -0.000862795 0.00809973 -0.00383348 -0.00459965 0.00812281 -0.00517553 4.49364e-05 -0.00257434 -0.00124529 0.00149574 -0.0144193 0.000768885 -0.0120612 
0.0011896 -5.9759e-05 -0.00526444 0.0420879 -0.0026603 -0.00843682 -0.00544834 0.0296546 -0.0164792 -0.0159356 -0.00417253 7.57655e-05 -0.00825592 0.00234477 0.0463176 -0.00691407 -0.0147866 -0.0336795 -0.0104526 -0.0195538 -0.0261023 -0.00636846 -0.0205375 0.0516828 -0.00667853 -0.018628 0.00477779 -0.0266339 0.00308166 0.00252567 -0.0081399 -0.00695829 0.15221 0.0323203 -0.00566199 -0.0107214 -0.00905055 -0.00988422 -0.00828377 -0.0219454 -0.0204251 -0.004056 -0.00593629 0.0515761 0.00859067 0.00091073 -0.0115928 -0.0133687 -0.00322074 0.00557081 -0.0315077 0.00227217 -0.0127184 -0.00235572 -0.000327227 -0.0133351 0.00587988 -0.00826048 0.00498389 0.00116672 0.0317655 0.0089336 0.00189496 0.00274767 0.00306176 -0.00205351 -0.00464923 -0.00282046 -0.00996879 -0.000550362 0.0429023 0.0126427 -8.77569e-06 -0.00270502 -0.0213211 -0.00686727 -0.00156609 -0.00388114 0.00362446 0.0246456 -0.00372606 -0.0134297 -0.00177931 -0.00223851 -0.000855031 1.82274e-05 -0.00386547 0.00173944 -0.00171512 -0.0144393 -0.0032074 -0.0123953 -0.0170398 0.00118885 0.0343094 -0.000666477 0.0041316 -0.0100075 -0.00162052 -0.0146509 
-0.0421387 0.000390458 -0.006428 0.0400024 -0.00212066 -0.00621668 -0.00912621 0.0117571 -0.00962382 -0.0200842 3.9896e-05 0.00216728 -0.0203761 -0.00420708 0.0207037 -0.00700951 -0.00273156 -0.0220079 -0.00181078 -0.030814 -0.0383574 -0.00570664 -0.000857223 -0.00446563 -0.00813739 -0.014007 -0.0040556 -0.0303977 0.02504 -0.00851434 -0.00849374 0.00126805 0.0323203 0.164371 -0.0115479 0.0222159 -0.00160052 -0.00547186 0.0239805 -0.0442681 0.00878138 0.00277252 -0.00453376 0.0493536 -0.00235672 0.0206489 -0.00441773 -0.00168417 -0.000828182 0.00082624 -0.033836 0.000934895 -0.00938178 -0.00378202 0.00793777 -0.0103068 0.00835874 0.000662073 -0.0148229 -0.0186228 -0.000494755 0.0112182 -0.00581898 0.0124588 0.0375665 -2.56094e-05 0.00516445 0.0327784 -0.00544666 0.00407599 -0.014677 0.0219538 -0.000969258 0.00248839 -0.0446925 -0.00250341 -0.000163663 -0.00336347 -0.00360655 -0.00480371 0.00062966 -0.0101792 -0.000141768 0.00318517 -0.000245233 -0.000912849 -0.00953193 0.00453543 -0.000998945 0.0165406 -0.0112217 0.000114588 0.00387615 0.000912899 0.0188322 0.00120697 -0.00276373 -0.00892456 -0.00113032 -0.014306 
0.0156128 -0.00204191 0.00150847 -0.0106114 -0.00205756 0.00175917 0.00796056 -0.0145229 -0.00638625 -0.00572809 -0.00412481 -0.00142818 -0.00744146 0.00415227 -0.0121281 0.013825 0.00303081 -0.0034674 0.00418731 0.000245474 0.00250152 0.00168896 0.00884081 -0.00708805 -0.00234645 0.0071966 -0.00502502 -0.00141652 -0.00859027 0.000221858 -0.001327 0.0224727 -0.00566199 -0.0115479 0.0775367 0.000136377 -0.00648728 -0.00477356 0.00398139 -0.00514249 -0.00133904 0.000360196 -0.00019633 -0.0253906 -0.00331584 -0.00291975 0.00439823 0.00403961 0.011741 -0.00282905 -0.0135895 0.00277903 0.0175064 0.00284441 -0.00868843 0.0204022 -0.00198626 0.00522338 -0.00317574 0.0129042 -0.00474991 -0.00734097 0.00118491 -0.0052775 -0.00270373 0.00174756 -0.00200637 -0.00460521 -0.00193799 0.00669207 -0.00772601 -0.00721459 -0.000783005 0.00123818 -0.00674231 -0.00390345 -0.000772187 0.00232208 -0.00573795 0.00139105 0.00842432 0.0153983 -0.00169993 -0.000409649 -4.11968e-05 0.00259052 -0.000988823 -0.00112893 0.00289667 -0.00782053 -0.00411771 -0.000272131 -0.00681699 -0.00549378 -0.00835146 -0.000333819 -0.000354845 -0.0109345 0.00227537 -0.00217778 
