0.144389 0.0202738 -0.0174658 -0.00115458 -0.03242 -0.0161832 -0.0202474 -0.00212467 0.0138539 0.00789203 0.00458565 0.00991815 0.008615 0.000580962 0.021464 0.00617844 0.00203576 -0.00580072 -0.00493149 -0.0266016 -0.00184084 -0.00129555 0.0142897 -0.000383938 -0.00575184 0.0113164 -0.00770968 0.00516351 0.0101616 0.0114808 -0.000764906 -0.00743393 -0.013115 -0.00443717 -0.0051305 0.00492142 -0.00175103 -0.0120487 0.00146927 0.00282673 -0.00195781 0.0373412 0.0104413 -0.00196104 0.0104296 -0.00431928 -0.000769488 -0.010527 -0.00193784 -0.00427024 -0.00180488 -0.00641387 0.0053112 -0.00373019 -0.00173157 0.00210313 -0.00544607 -0.00169843 -0.0128269 -0.0145817 -0.00136035 -0.000814252 -0.00138724 -0.0143211 -0.00810203 -0.00567903 0.000361041 -0.0217443 -0.0267305 -7.33741e-06 0.00529895 0.00642125 -0.00556344 -0.00674069 0.0298606 -0.00136208 -0.00582092 -0.011729 -0.00806451 -0.00445026 0.00231013 -0.0131648 0.00375971 -0.0155512 0.0108208 0.00730849 -0.00576412 -0.00322379 0.0110637 -0.000364276 0.00959142 -0.000414604 -0.00661219 -0.00724461 -0.0154654 -0.0322916 0.00546654 0.0224842 -0.0146205 0.0193736 
0.0202738 0.226686 -0.019087 0.00179923 -0.0492068 -0.00893793 -0.0457179 -0.00496717 0.0757231 -0.0260854 -0.00742927 0.0200054 0.0176625 0.0432523 0.0694393 -0.00546776 -0.00304832 0.0212596 0.00192396 -0.0162226 -0.00839014 -0.017683 0.0447881 0.00776877 0.00490173 -0.0180191 -0.00731727 -0.0093995 -0.0114994 0.0239684 -0.00734707 0.00228727 -0.0361029 -0.00460357 -0.0326025 0.022601 -0.0200892 -0.0309964 -0.010146 -0.00382579 0.00612529 0.0461966 0.00847816 -0.00881844 0.00797557 -0.00740127 0.00787523 0.0294849 -0.00601897 -0.00378965 -0.00165157 -0.0123498 0.00673228 -0.00728938 0.0305387 0.013247 -0.0157208 -0.00931834 -0.0275602 -0.0291373 -0.0152327 -0.0108254 0.00543698 -0.0259954 -0.0153339 0.0390995 -0.0147357 -0.0275952 -0.0103453 -0.0270869 -0.0313391 0.00165218 -0.0090058 0.00332284 0.0679201 -0.00430292 -0.0070294 -0.0333083 -0.0193041 0.00576265 0.000714403 0.0497483 -0.0509754 0.0242128 0.00172406 -0.000102613 0.00642591 -0.00283554 0.017453 -0.00340408 -0.00288115 0.00255327 -0.00622085 -0.0162495 -0.0382596 -0.0518609 -0.0122986 -0.0216484 -0.0111034 0.0155075 
-0.0174658 -0.019087 0.189085 0.0093228 0.00473669 0.0465587 0.0236241 0.0146398 0.0435009 0.0106678 -0.00161809 -0.0171854 -0.00454382 -0.0163559 -0.0481924 -0.00724369 -0.000963314 -0.029526 -0.00956012 0.0149236 -0.00948933 -0.0129919 -0.00382196 -0.0103012 -0.000113837 -0.00966217 -0.0128653 0.00793768 -0.0211388 -0.025969 -0.00609249 -0.00922826 -0.00585876 0.0114615 -0.0196572 0.0172242 -0.00580484 0.000994922 -0.00733243 0.00383503 -0.00146562 0.00438867 0.00365397 -0.00536638 0.00688865 -0.00121931 4.01814e-05 -0.00184323 -0.000430252 -0.000642761 -0.00420632 -0.0113501 0.00414236 -0.00586933 -0.00480067 -0.027037 -0.00874101 -0.0114979 -0.0253459 -0.0261258 -0.0069553 0.0127966 -0.00745398 0.0491451 -0.0137808 -0.0230594 0.0394399 0.00212672 -0.0351602 -0.00794082 0.00778643 -0.00110805 0.000229712 -0.012849 -0.0228965 -0.00422346 0.0253231 -0.00821724 0.0163228 -0.0166534 -0.00806769 0.00361375 0.0355244 0.00876554 -0.000626714 -0.000808735 -0.00726341 -0.000363826 -0.00704823 -0.00459974 -0.0069587 0.00219268 -0.00652704 0.0074647 -0.0297464 0.0381158 -0.00964154 -0.00708146 0.0074227 0.0431462 
-0.00115458 0.00179923 0.0093228 0.0422256 0.00098662 0.0021974 0.00423145 0.006415 0.00448135 0.00469313 -0.00125287 -0.00338997 0.000317383 -0.000936431 -0.00529531 -0.00172644 -0.000326382 -0.00558406 -0.0012003 -0.00601033 -0.000770447 -0.00115537 -0.00917892 -7.97413e-05 0.00436467 -0.00280933 -0.00338498 0.00161361 0.00120874 -0.00274535 -0.00102125 -7.4143e-05 -0.00215581 0.000787261 -0.00194999 -0.000779856 0.000896745 -0.00467607 -0.00125258 0.000415096 -0.00100139 -3.41156e-05 -0.00088141 -0.000358695 -0.0017873 0.00106282 0.000546365 0.00057164 -0.000168201 -0.00100049 -0.00145491 -0.00205253 -0.00982023 -0.00112257 0.00183363 -0.00391727 -0.000550179 -0.000352604 -0.00394588 -0.00435138 0.00608006 0.00528683 -0.000690898 -0.00587266 -0.00179674 0.00560006 0.000951595 0.00981179 -0.00901294 -0.000614397 -0.00102574 -0.00021921 -0.000570281 -0.000724458 0.000952482 -0.000282757 -0.000353291 -0.00153771 0.000460416 0.00118606 -0.000508489 -0.000649795 -0.000267352 0.00102242 -0.00445476 0.000100603 -0.000679318 -0.000256591 0.00161442 -7.19568e-05 0.00426161 0.00234434 -0.000337497 -0.000305064 -0.0046237 -0.00269351 -0.00284262 -0.00119908 -0.000252835 0.00391006 
-0.03242 -0.0492068 0.00473669 0.00098662 0.223967 0.0159421 0.0435602 -0.00628607 -0.0546831 -0.0159264 0.0019291 -0.015898 -0.0174072 0.000700094 -0.0648793 -0.00708399 -0.00529636 -0.0184649 -0.00769357 0.0418876 0.00544877 -0.00337739 -0.0400535 -0.00251112 -0.0240639 0.0159356 -0.020215 -0.0119715 -0.0223102 -0.0253395 -0.003993 -0.0108461 0.0375697 -0.00713006 0.0317425 -0.0320856 -0.00544816 0.0207636 -0.00342993 -0.0012832 0.00337726 -0.0470261 -0.0122488 0.000983649 -0.01721 -0.0108986 -0.00724057 -0.0316389 -0.000784978 -0.0022926 -0.0051146 0.00720783 0.00736259 0.0111078 -0.0123941 0.00148315 -0.00285382 -0.00233583 0.00622602 -0.0021085 8.40263e-05 0.00602435 -0.00119555 0.0568047 0.0188697 -0.0140509 -0.00583353 0.0671402 -0.0135994 -0.00968952 0.00695751 -0.00794132 0.00826953 0.00233976 -0.0446379 0.00256789 -0.00770889 0.022651 0.0170079 0.0245774 -0.00186614 -0.00135279 0.0216976 0.0119818 0.00888182 -0.00664659 -0.0125261 -0.00284334 -0.0168048 -0.00571761 -0.00582564 -0.00419785 0.0129218 0.000248693 0.0219772 0.0670257 -0.0133572 -0.00628857 0.0203774 -0.0357889 
-0.0161832 -0.00893793 0.0465587 0.0021974 0.0159421 0.177431 0.0481963 0.000685036 0.0111878 0.00375697 0.0046305 -0.0216144 -0.00806175 0.0225537 -0.0112744 -0.00888326 -0.00363644 0.0300286 -0.00438854 0.0304041 -0.00432202 0.00993976 0.0166925 -0.000139268 -0.0211923 -0.0162797 0.00162653 -0.00953005 -0.00356455 -0.0360557 -0.00535631 -0.00431574 -0.0171137 -0.00217438 -0.012475 0.00878472 -0.00635242 -0.00508577 -0.00169391 -0.00134657 0.0087432 -0.0294208 -0.00340413 -0.00210765 -0.0146719 -0.00677094 0.000689549 -0.00869305 0.00945212 -0.00432499 -0.00549022 -0.00900382 0.0103893 -0.00773337 -0.0120212 -0.0228634 -0.0104489 -0.00550213 -0.0248807 -0.0203345 -0.013354 0.019468 -0.00187412 0.042047 -0.011018 0.00931337 -0.0117724 0.0327914 0.00518679 0.0394032 0.0125063 -0.00383384 0.000511667 -0.0095074 -0.0211753 -0.00309047 -0.000139412 -0.00365939 -0.000342634 -0.0106575 -0.00594154 0.00134529 0.0187608 0.00525694 -0.0191921 0.000805243 -0.0094183 -0.00539048 -0.00895068 -0.00240952 -0.00516507 -0.00138801 0.00224297 0.00909706 -0.0259588 0.0148857 -0.0222947 -0.0132987 -0.0198041 -0.0262264 
-0.0202474 -0.0457179 0.0236241 0.00423145 0.0435602 0.0481963 0.247057 -0.0101349 -0.0673878 0.00460769 -0.0117947 -0.0198345 -0.0195334 0.00847132 -0.0397775 0.00144628 -0.00260996 0.00195249 0.000705087 0.0677194 -0.00941854 0.0266495 -0.0366601 -0.00863081 -0.00759173 -0.0340363 -0.0123286 -0.00468211 0.00379683 -0.00968079 0.00316891 -0.024964 0.0150012 -0.00499965 0.0164737 0.000870693 0.0263847 -0.0106203 0.00305187 -0.00047213 -0.00802888 -0.0547117 -0.0165836 -0.00225813 -0.0179482 -0.0101799 -0.00470221 -0.016475 -0.0012373 -0.00664926 -0.0119819 -0.00815251 0.0328829 0.0010961 -0.0193457 -0.00973441 0.00407246 0.00244327 -0.0187777 -0.00551756 0.0561443 0.0140624 -0.0130773 0.0194353 -0.00328825 -0.00428708 0.00697102 0.0722732 -0.0120897 0.0226124 0.0157084 -0.0104054 -0.00431401 -0.00948871 -0.0575021 -0.00513198 -0.00379772 -0.0117699 0.0162011 -0.0123744 -0.00908786 -0.013728 0.0385541 0.0035235 -0.0121518 0.00146067 -0.0195902 -0.00459417 -0.022505 -0.0104082 -0.0142265 -0.00397394 -0.00343935 8.18138e-05 0.00437637 0.0433409 0.0101123 -0.00388918 -0.0272851 -0.00650832 
-0.00212467 -0.00496717 0.0146398 0.006415 -0.00628607 0.000685036 -0.0101349 0.108602 0.0198682 0.0194846 0.00522327 -0.00976393 0.00180549 -0.00251165 0.00557336 -0.00522012 -3.20868e-05 -0.0134837 0.000567916 -0.0406663 -0.00334311 -0.00238336 -0.0298171 0.00913395 0.0136273 0.00897081 0.00522021 0.0068642 -0.0025756 -0.0187841 -0.00213154 0.0213437 -0.00902262 0.00890822 -0.0108908 -0.00659995 0.00234433 -0.00991881 -0.00359481 0.000480695 0.00107103 -0.0141677 0.0022905 0.000490953 0.00526964 -0.0029322 0.000808631 0.00371947 -0.00132774 -0.000670367 -0.00413322 -0.0046629 -0.0294815 -0.00461984 0.010369 -0.00630564 -0.00333813 -0.00524237 -0.00619067 -0.00595761 -0.00566411 0.0144745 0.00330855 -0.0127206 -0.00353394 0.0200825 0.0196626 -0.0197255 -0.00941426 -0.00674627 -0.00315935 0.0014757 0.000381184 -0.00975082 0.0141358 -0.000797814 0.00558143 -0.00214212 0.00904629 -0.0122525 -0.00414412 0.0128345 -0.000958141 0.00232437 0.00131749 -0.00402338 0.0138574 0.00234612 0.0014589 0.00203527 0.00102221 0.000390584 -0.00256197 0.00181967 -0.00842609 -0.0177325 0.000714896 0.00336922 -0.00894215 0.000561897 
0.0138539 0.0757231 0.0435009 0.00448135 -0.0546831 0.0111878 -0.0673878 0.0198682 0.242456 -0.00765214 0.00541732 0.0143705 0.0233747 -0.00594248 0.020324 -0.000342523 0.00127727 -0.0172006 -0.00370138 -0.0127201 -0.00607428 -0.0234856 0.0500976 -0.00476595 -0.00400171 -0.0104202 -0.0189184 0.00412064 -0.00483502 -0.00947528 -0.00983417 -0.000113821 -0.0362028 0.002372 -0.0420007 0.0137797 -0.0232647 -0.0187689 -0.00424516 -0.00195479 0.0112547 0.0493782 0.0174747 -0.0103411 0.0275542 -0.00253418 0.010103 0.0270866 -0.00475301 0.00152184 -0.00114006 -0.0116558 0.00253225 -0.0115526 0.00733799 -0.0290999 -0.0195386 -0.00855149 -0.0330626 -0.036688 -0.0249182 0.00218761 -0.00995576 0.0355596 -0.023206 0.0128642 0.0135298 -0.0457274 -0.0213001 -0.014997 0.000291219 0.00589508 -0.00248145 0.00596848 0.0214411 -0.00537078 0.00233883 -0.0383695 -0.0125679 -0.00701596 -0.0021828 0.00760357 -0.00530648 0.0107819 0.00471818 0.00815933 0.00511002 -0.00141315 0.014245 -0.00350798 -0.00300579 0.00454437 0.00245882 -0.00909803 -0.0608081 -0.0298711 -0.0182318 -0.0112415 0.00240728 0.0469328 
0.00789203 -0.0260854 0.0106678 0.00469313 -0.0159264 0.00375697 0.00460769 0.0194846 -0.00765214 0.115063 -0.006218 -0.00859528 -0.0057064 -0.00708596 -0.0118047 0.00121127 0.00227126 -0.00848166 0.00231609 -0.0148515 -0.00310657 0.00278867 -0.0199121 -0.00116421 0.0077889 0.0182083 -0.00155886 0.00971691 0.0102985 -0.00652286 0.00459308 0.00293784 -0.00616827 0.00408064 -0.00708325 0.0030544 0.0172672 -0.0161084 -0.00284587 -0.00148932 -0.00384754 -0.00588068 0.00153356 0.00280986 -0.000860492 0.00100967 -0.00380125 0.000557863 0.015574 -0.00316832 -0.0030577 -0.00266597 -0.015151 -0.00316373 -0.00571127 -0.00662102 -0.00201999 -0.00300827 -0.00741641 -4.40465e-05 0.0248455 0.00921223 -0.0040753 -0.0124483 -0.00632394 0.00385187 -0.00266664 -0.00988985 0.00888556 0.0105492 0.000466014 0.00096639 -0.00101953 -0.0121969 -0.00659746 -0.00172861 -0.00441738 -0.00463686 -0.0090592 -0.011734 -0.00335409 0.00353902 -0.00893736 -0.00840112 0.00285012 -0.00181206 0.00255247 0.00449026 -0.000391282 0.00911723 -0.000530359 -0.000584123 -0.00109358 0.0064334 -0.00966199 -0.00904154 0.00893613 0.0133684 -0.00629028 -0.00257023 
0.00458565 -0.00742927 -0.00161809 -0.00125287 0.0019291 0.0046305 -0.0117947 0.00522327 0.00541732 -0.006218 0.0929639 0.00269259 0.0143332 0.0100107 0.00598352 -0.00384963 0.00106329 0.00233171 -0.00397715 0.0076263 0.000880707 -0.0067608 -0.00335792 0.00484264 -0.00802275 -0.00180763 -0.00489798 -0.00645534 -0.00358709 -0.00805777 -0.00227645 -0.00320889 -0.00388654 -0.000275897 -0.00079807 -0.00556582 -0.00403427 0.00674435 0.00170688 -0.000718895 0.00568328 0.0101269 -0.0019977 -0.00204079 -0.000756251 0.00385787 -0.00143619 -0.00851167 -0.00047996 0.00137096 0.000494221 -0.00309868 0.0139688 -0.000618392 -0.00152685 -0.00223852 2.21618e-05 -0.000479656 -0.00602695 -0.00868973 -0.0224674 0.00180382 0.000657163 0.00997784 -0.00461592 -0.00883304 0.01204 -0.00319066 -0.00542129 -0.00935036 0.00680321 -0.000468244 -0.00213555 0.00735677 0.000313629 -0.00135283 -0.0034835 -0.00523093 -0.00146834 -0.00464396 -0.000309418 -0.0103137 0.0114573 -0.00762397 0.00617174 -0.00249488 0.000295988 -0.00167088 0.00515274 0.00138351 0.000212878 0.000417431 0.00600387 0.00313479 -0.0154924 -0.0145659 -0.00804215 -0.00667152 -0.000325171 -0.00374738 
0.00991815 0.0200054 -0.0171854 -0.00338997 -0.015898 -0.0216144 -0.0198345 -0.00976393 0.0143705 -0.00859528 0.00269259 0.10936 0.0156038 -0.00176577 0.0252058 0.0119671 0.0010528 0.00586887 -0.00291271 0.0180182 -0.00388786 0.000333065 0.0346778 -0.00245477 -0.00771916 -0.00270785 -0.00308912 -0.000713332 -0.00464602 0.0301619 0.000195178 -0.00362955 -0.00960799 -0.00339451 -0.00626181 -0.00627436 -0.00728194 -0.000400507 0.00107765 -0.00238526 -0.00438468 0.0203798 0.0052107 -0.00140423 0.00434356 -0.00237092 -0.00142958 -0.0083609 -0.00446355 0.000708814 0.00569857 0.00623447 0.0301027 0.00339827 0.00337934 0.000154477 0.00098379 0.000892672 -0.00461609 -0.00436941 -0.00482104 -0.00854324 -0.00237619 -0.0138888 -0.0027154 -0.00830294 -0.0115868 -0.00678845 -0.000197143 -0.0145885 -3.94954e-05 0.000462056 -0.0033347 -0.00227874 0.0109317 -0.000538294 0.000311588 -0.00748904 -0.0101235 0.00392902 -0.00355721 -0.0302609 0.000936597 -0.0162688 0.00453276 0.00961659 -0.00376745 -0.00201274 -0.00131482 -0.00430684 0.000122954 0.00176755 -0.00307486 -0.00332377 -0.000165228 -0.0216553 -0.0079067 -0.0085868 -0.0117621 -0.00221757 
0.008615 0.0176625 -0.00454382 0.000317383 -0.0174072 -0.00806175 -0.0195334 0.00180549 0.0233747 -0.0057064 0.0143332 0.0156038 0.0665099 -0.00586018 0.0195712 0.000334765 0.000358793 -0.00368758 -0.00142014 -0.00597045 -0.0017474 -0.005564 0.0142849 -0.00143492 -0.00196576 0.00304679 0.00124994 -0.000602793 -0.00408789 -0.000901844 -0.00204286 0.00185856 -0.00874499 -0.000668249 -0.0060949 -0.00700482 -0.00363077 0.00104084 -0.00390105 -0.00164807 -0.00291233 0.0282053 -7.868e-05 -0.00189703 0.00376112 0.00451075 0.00415079 -0.00216748 -0.00315408 0.00146724 -0.00126902 -0.00240306 0.00991628 -0.00177837 -0.00278141 0.00306136 0.000283382 -0.00123 -0.00269356 -0.00563197 -0.0126162 -0.000488755 -0.000761812 0.000146232 -0.00341342 -0.00248771 -0.00280646 -0.0100797 -0.00776062 -0.00778172 -0.00286621 0.00277578 -0.00126427 0.00532045 0.00983521 -0.00104524 -0.0043033 -0.00818846 -0.00532873 0.000323459 -0.00143521 -0.0146035 -0.00320891 -0.00682937 0.00580089 -0.00332603 0.00252177 -0.0019194 0.0124716 -0.00187217 0.00409903 -0.000234565 -0.00291564 -0.00100299 -0.00773835 -0.0173618 -0.00234454 -0.00110791 -0.00710596 0.00580878 
0.000580962 0.0432523 -0.0163559 -0.000936431 0.000700094 0.0225537 0.00847132 -0.00251165 -0.00594248 -0.00708596 0.0100107 -0.00176577 -0.00586018 0.224234 0.0478754 -0.00927709 -0.0041948 0.0241415 0.00519245 0.017217 -0.000834835 -8.67017e-05 -0.00270649 0.0157939 -0.003966 -0.0227015 0.00708335 -0.0201248 0.00128857 -0.00260275 0.000576497 0.00618566 -0.0134505 -0.0059557 -0.0121439 0.00294364 -0.0170976 -0.0361038 -0.00578678 -0.00280542 0.0263223 -0.0177602 -0.0092408 -0.00706362 -0.0181853 -0.0245902 -0.00756695 0.00760834 0.00495187 -0.00565372 -0.0037012 -0.00443436 -0.0193641 -0.00752958 0.0173856 -0.0121581 -0.0132342 -0.00954541 -0.0271227 -0.0214592 0.000558348 0.000655203 0.0168649 -0.0270628 -0.014586 0.0349953 -0.00443782 0.0181701 0.0128864 -0.012002 -0.0341484 -0.00393201 -0.00666074 -0.016105 0.0394523 -0.000757277 -0.0129424 -0.000517992 -0.0136366 0.0121139 -0.00591483 0.0463325 0.000554626 0.00865861 -0.00738517 -0.015191 0.00249534 0.000824608 -0.00392086 -0.00457936 -0.00822171 0.00196659 0.0128135 0.00214726 -0.0255625 -0.013088 -0.0249594 -0.0294415 -0.0048378 -0.00706061 
0.021464 0.0694393 -0.0481924 -0.00529531 -0.0648793 -0.0112744 -0.0397775 0.00557336 0.020324 -0.0118047 0.00598352 0.0252058 0.0195712 0.0478754 0.201383 -0.00437209 -0.00140503 0.0368524 0.00874832 -0.0227434 0.00194868 0.00608777 0.0180981 0.0173135 -0.00792903 0.00450581 0.0124175 -0.00722843 0.0087153 0.0132171 -0.00278339 0.0163202 -0.0337945 -0.00331681 -0.0202326 -0.00842564 -0.00327893 -0.0303827 -0.0116428 -0.0054882 0.0122662 0.0297002 0.00685648 -0.00323622 0.000716842 -0.00894678 -0.00142166 0.00423132 -0.00459499 -0.00314574 -0.00734765 -0.0067998 -0.00629112 -0.00682637 0.0162346 -0.000214382 -0.00439374 -0.000294234 -0.00287667 -0.00854827 -0.00916755 -0.0162468 0.0145475 -0.0497295 -0.00884798 0.0296707 -0.00965423 -0.0163158 -0.00182202 -0.00183141 -0.0265823 0.000458273 -0.00327295 -0.00225217 0.0706564 -0.00250986 -0.0113437 -0.0167521 -0.0178438 -0.00452012 -0.00283218 0.00756509 -0.0259821 -0.0184969 -0.00170496 -0.00589778 0.0209422 -0.00303884 0.00631081 0.00260348 0.000511575 0.0019376 -0.00682938 -0.0071732 0.000346571 -0.0674152 -0.00597624 -0.000383587 -0.0315628 -0.0014299 
0.00617844 -0.00546776 -0.00724369 -0.00172644 -0.00708399 -0.00888326 0.00144628 -0.00522012 -0.000342523 0.00121127 -0.00384963 0.0119671 0.000334765 -0.00927709 -0.00437209 0.0599843 0.00488661 0.00691884 0.0083216 0.00879144 -0.00226779 0.00598216 0.00657713 -0.00272514 -0.00361367 -0.0047055 -0.00408609 -0.00142703 -0.000564679 0.00766638 0.00147083 -0.0033757 -0.00500162 -8.04316e-05 -0.00192523 -0.0026737 -0.00150269 -0.00689982 1.26789e-05 -0.00062756 0.000315965 -0.000343529 0.00837225 0.00213271 0.00401235 -0.00214013 0.00237255 -0.000398771 -0.00103902 1.63505e-05 0.00146238 -0.000765073 0.00476182 -0.000355275 -0.00200898 -0.000703658 -0.00202697 -0.000355945 -0.00402559 -0.00397842 0.00410219 -0.00323434 -0.00271376 -0.00803451 0.00173877 -0.0115635 -0.00241929 -0.00220679 0.000168166 -0.000404304 0.00775447 -0.00087956 -0.00242352 -0.00239181 -0.00379385 0.000770549 0.00428902 -0.00280362 -0.00197531 0.00334023 0.00267145 -0.0146598 0.00246638 -0.0064083 0.00268442 0.00294433 -0.00263306 0.000949855 -0.000802351 -0.0015854 0.00115066 0.000347799 -0.00017749 -0.000216913 -0.000941955 -0.00367205 -0.00174233 0.00463345 -0.00147408 -0.00296536 
0.00203576 -0.00304832 -0.000963314 -0.000326382 -0.00529636 -0.00363644 -0.00260996 -3.20868e-05 0.00127727 0.00227126 0.00106329 0.0010528 0.000358793 -0.0041948 -0.00140503 0.00488661 0.0217418 -0.00220942 0.000285935 -0.00262226 -0.00100818 -0.000853552 -0.000740135 -0.000452696 0.000803296 -0.00201652 -0.00116951 -2.28628e-05 -0.000592164 0.00287728 0.000146679 -0.00014973 -0.00210651 0.00126895 -0.00205621 -0.00201614 0.00171448 -0.00236918 0.00114716 0.000366423 0.00038205 0.00297221 0.00106333 0.000525958 0.00746458 0.00133872 3.63175e-05 0.00305548 -0.000559228 0.000777872 -0.000257917 0.00164366 8.83082e-05 -0.000582334 -0.00196056 -0.00172975 -0.00017387 0.000108576 0.00046135 -0.000899785 0.00153344 -0.00122966 -0.000565688 -0.00324925 -0.00112098 -0.00301262 0.00213611 -0.00516297 -0.00126979 -0.00244879 0.00153027 0.000317002 -0.000413064 0.000764541 -0.00281347 -3.9185e-05 -0.000470901 -0.00213077 -0.00110509 -0.00181433 0.00248461 -0.00430166 0.00177136 -0.00158933 0.00162394 -0.000215379 -0.000585541 0.00105941 0.00218246 0.00108968 0.000399607 -8.24625e-05 0.000225579 0.00082878 -0.00281481 -0.00399007 0.001303 0.00358869 -0.00109308 0.00352537 
-0.00580072 0.0212596 -0.029526 -0.00558406 -0.0184649 0.0300286 0.00195249 -0.0134837 -0.0172006 -0.00848166 0.00233171 0.00586887 -0.00368758 0.0241415 0.0368524 0.00691884 -0.00220942 0.172463 -0.00790944 0.0243353 -0.00184034 0.0184229 0.0483832 0.0116186 -0.0229672 -0.00236287 0.0218204 -0.013595 0.0022491 -0.00307981 -0.00308814 0.00224377 -0.0190392 -0.00233129 -0.00616547 0.00758832 -0.0111148 -0.0124625 0.00417863 -0.00550745 -0.000663379 -0.0130087 0.000834186 -0.00204385 -0.00886822 -0.00434119 -0.00267122 -0.0109496 0.00209516 -0.00388038 0.000272491 -0.00884601 0.0263355 -0.00548971 0.00184594 -0.00825722 -0.00395216 1.18247e-05 -0.0174386 -0.00769856 -0.0271619 0.000235736 0.00775365 -0.0221258 -0.00161241 0.0276771 -0.0246104 -0.0027995 0.0396742 0.019624 0.00704258 -0.00527279 0.00347099 -0.00192924 0.0228659 -0.00273976 -0.00302451 -0.00128783 -0.00769894 -0.00873536 -0.00772006 0.0157095 -0.0153754 -0.00846227 -0.0100033 -0.00415969 0.00108029 -0.00480227 -0.00494086 -0.00498708 -0.0019805 0.000649212 -0.00641068 -0.00559397 -0.00972735 -0.0166398 -0.0228874 -0.00857316 -0.0249302 -0.0396319 
-0.00493149 0.00192396 -0.00956012 -0.0012003 -0.00769357 -0.00438854 0.000705087 0.000567916 -0.00370138 0.00231609 -0.00397715 -0.00291271 -0.00142014 0.00519245 0.00874832 0.0083216 0.000285935 -0.00790944 0.0791572 -0.00554975 -0.00119791 0.00585532 -0.0115487 -0.000914033 0.00793111 -0.00592772 0.00173063 -0.00241589 0.00246245 0.009042 -0.000558799 0.00240198 -0.00523551 0.00205979 0.000343181 -0.010121 0.00148589 -0.0114713 -0.00341653 -0.00127169 0.00334588 -0.00935674 -0.00105562 -0.00167573 -0.00146029 0.000202146 -0.000661188 0.00294435 6.37275e-05 -0.000366484 -0.000138613 0.00328484 -0.020423 0.00118708 -3.29384e-05 0.0139745 0.000101894 -0.00135222 0.00302947 0.00300569 0.00573096 -0.00470613 -0.0018251 -0.0178466 0.00306889 0.00499083 -0.00267457 0.00373723 -4.07741e-05 -0.00137201 -0.00183545 2.78724e-05 -0.00184119 -0.00327283 0.0100748 -0.000235081 -0.00455348 -0.00539566 -0.00432042 -0.000434633 0.000281787 0.00835711 -0.00662977 0.000187569 -0.000610695 -0.00201903 0.00279616 0.000878793 0.000497394 -0.000606603 -0.00188396 6.65358e-05 0.00135343 0.00149196 0.0148136 -0.0157301 0.00439795 -0.00108928 -0.00212737 -0.00952605 
-0.0266016 -0.0162226 0.0149236 -0.00601033 0.0418876 0.0304041 0.0677194 -0.0406663 -0.0127201 -0.0148515 0.0076263 0.0180182 -0.00597045 0.017217 -0.0227434 0.00879144 -0.00262226 0.0243353 -0.00554975 0.249994 0.0023356 0.0154868 0.0376577 -0.00833302 -0.0357846 -0.0109497 -0.00882942 -0.0253135 -0.00955236 -0.0188163 -0.00638881 -0.0330081 0.0155532 -0.00795976 0.0180872 0.0395348 -0.0136983 0.0184614 -0.00713985 0.000623927 0.00340891 -0.0247002 -0.00463572 -0.00609648 -0.00720367 -0.00417327 -0.00633897 -0.040427 -0.00134735 0.00130293 -0.00127124 -0.0126721 0.115107 0.00205842 -0.0203888 -0.0374539 -0.0189002 0.00281278 -0.0353327 -0.0355556 -0.00936372 -0.0125603 -0.0194841 0.0605497 0.00593171 -0.0666841 -0.00437675 0.0524334 -0.0086492 0.015404 0.0214261 -0.0107661 -0.00725368 -0.010144 -0.0678982 -0.00378257 -0.0103743 0.00556813 -0.00100287 0.0195684 -0.00646763 -0.0379408 0.0316334 -0.00738879 0.00838535 0.00335662 -0.0275001 -0.00368364 -0.0264237 -0.00993847 -0.0147447 -0.00418199 0.00999558 -0.0104296 -0.0130797 0.0645735 -0.0370525 -0.020613 0.00644089 -0.0106004 
-0.00184084 -0.00839014 -0.00948933 -0.000770447 0.00544877 -0.00432202 -0.00941854 -0.00334311 -0.00607428 -0.00310657 0.000880707 -0.00388786 -0.0017474 -0.000834835 0.00194868 -0.00226779 -0.00100818 -0.00184034 -0.00119791 0.0023356 0.0521119 -0.000746108 -0.00683849 0.00145603 -0.00356172 0.008578 0.000575232 -0.00186798 0.00225669 0.000717034 -0.00109484 0.0061528 0.00255161 -0.00137665 0.00107152 0.0040632 -0.00230883 0.00708968 -0.00221742 0.00216999 0.00407837 -0.00668695 -0.000201239 0.00022842 -0.00371335 0.00476193 -0.00104828 -0.00381375 -0.00162701 0.00233671 -0.000421929 0.00134194 -0.00578175 0.000973537 -0.00357756 0.00061239 0.00263238 0.000758919 0.0054564 0.00174347 -0.0103605 -0.00326114 0.00767233 0.00387498 0.00162163 -0.00117789 -0.00450246 0.00464842 -0.00823614 -0.00305111 -0.00036817 -0.00055082 0.00343291 0.00100786 0.0031162 0.00257951 -0.00265968 0.0102935 0.0014092 -0.00369335 0.00204139 -0.00660809 -0.0066731 -3.10984e-05 -0.00246934 0.0013855 0.00182798 -0.000367804 -0.00264119 0.000507301 0.00274865 -0.000657391 5.84557e-05 -0.002615 0.00670542 -0.00106618 -0.00458608 -0.00226695 6.48646e-05 -0.00506106 
-0.00129555 -0.017683 -0.0129919 -0.00115537 -0.00337739 0.00993976 0.0266495 -0.00238336 -0.0234856 0.00278867 -0.0067608 0.000333065 -0.005564 -8.67017e-05 0.00608777 0.00598216 -0.000853552 0.0184229 0.00585532 0.0154868 -0.000746108 0.0815626 -0.00356104 -0.00143726 -0.0039506 -0.00599946 0.01083 -0.00198883 0.0068255 -0.00674179 0.00428939 -0.00596289 -0.00416615 -0.00233303 0.00616173 -0.00168028 0.00352448 -0.011551 0.0015192 -0.0018181 0.0015869 -0.0180689 -0.00346978 0.00313033 -0.00579339 0.000648819 0.000361798 -0.00703913 0.0012196 -0.00135716 0.000326604 0.000797322 -0.0064792 -0.000343171 -0.00823449 -0.00793619 0.00604196 0.00302507 -0.0018979 0.00268445 0.01993 0.000280218 -0.00362041 -0.0163005 0.00562465 -0.000274507 -0.0109092 0.0207743 0.00391635 0.0187951 -0.00727889 -0.00292271 -0.00170582 -0.000408103 -0.0141308 0.000612551 -0.00568128 0.00619828 -0.000638945 -0.00677761 0.000935896 -0.0169304 -0.00305072 -0.008226 -0.00275184 -0.00323671 -0.00286364 0.000524296 -0.0047583 0.00269033 -0.00338393 -0.00114911 -0.000900691 0.0012901 0.0143681 -0.00197002 -0.0039928 0.00556264 -0.00848239 -0.00704607 
0.0142897 0.0447881 -0.00382196 -0.00917892 -0.0400535 0.0166925 -0.0366601 -0.0298171 0.0500976 -0.0199121 -0.00335792 0.0346778 0.0142849 -0.00270649 0.0180981 0.00657713 -0.000740135 0.0483832 -0.0115487 0.0376577 -0.00683849 -0.00356104 0.228615 -0.00681266 -0.021751 -0.0024437 0.0136018 -0.00313059 -0.00947176 0.00167107 7.04948e-05 -0.0104806 -0.0236956 -0.00864051 -0.0264545 0.0208835 -0.0231644 0.0225867 0.0118245 0.00341912 0.00334882 0.0199347 0.0151809 -0.00550713 0.0105322 -0.0112161 -0.000273453 -0.0153426 -0.00183639 -0.00172466 0.00700503 -0.00891472 0.0752133 -0.00425362 -0.0115703 -0.0227563 -0.00774331 -0.00221296 -0.0242217 -0.019325 -0.0274529 -0.00946274 -0.00866837 0.0256185 -0.00925344 -0.0322942 -0.0256247 -0.0150582 0.026894 0.0145149 0.0148613 -0.00499274 -0.00732032 0.00836263 0.00797619 -0.00381933 0.00470306 -0.0121734 -0.0228236 -0.0125972 -0.00520406 -0.0290425 -0.00841217 -0.0205973 -0.00673893 0.00519148 -0.0142114 -0.00156113 0.00279772 -0.0122978 -0.00141263 0.00170648 -0.00382169 -0.0132939 -0.0253829 0.00617604 -0.0307987 -0.00480194 -0.0182505 -0.00972713 
-0.000383938 0.00776877 -0.0103012 -7.97413e-05 -0.00251112 -0.000139268 -0.00863081 0.00913395 -0.00476595 -0.00116421 0.00484264 -0.00245477 -0.00143492 0.0157939 0.0173135 -0.00272514 -0.000452696 0.0116186 -0.000914033 -0.00833302 0.00145603 -0.00143726 -0.00681266 0.0551787 -0.00237143 -0.00234618 0.00356149 -0.00229237 0.00380074 -0.00202307 -0.000514744 0.0160543 -0.00545269 -0.000124152 -0.00321953 0.00317402 -0.00269655 -0.00553282 0.0015138 8.66425e-05 0.000113809 -0.009539 -5.60901e-05 -0.000954961 -0.00375237 -0.00507081 -0.00185372 -0.0061883 -0.000817817 -0.000519995 -0.00179256 -0.000694822 -0.00501777 -0.00237258 0.00882462 0.00071643 -0.00157573 -0.00102656 -0.00234395 -0.00219886 -0.00218888 0.00329209 0.0072097 -0.0156602 -0.00341564 0.0220211 -0.00239627 -0.00451239 0.00316525 -0.00564483 -0.00743993 -0.000659752 -6.34406e-05 -0.00269454 0.016594 8.81742e-05 -0.00262411 -0.00257413 0.00103535 -0.00150332 -0.000714547 0.00881433 -0.00701657 -0.00141953 -0.00197811 -0.00146107 0.0117696 0.000780417 -0.00104438 -0.00143878 0.00183217 0.000500322 -0.00158669 -0.000364635 -0.0052208 -0.0137129 -0.00401365 -0.00497527 -0.00735478 -0.00948514 
-0.00575184 0.00490173 -0.000113837 0.00436467 -0.0240639 -0.0211923 -0.00759173 0.0136273 -0.00400171 0.0077889 -0.00802275 -0.00771916 -0.00196576 -0.003966 -0.00792903 -0.00361367 0.000803296 -0.0229672 0.00793111 -0.0357846 -0.00356172 -0.0039506 -0.021751 -0.00237143 0.108347 -0.00414328 -0.0060095 0.00193201 0.00162732 0.0139785 -0.00203766 0.00483659 -0.00354798 0.00434485 -0.00771361 -0.00175648 0.00651468 -0.020394 -0.007779 0.00051276 -0.00485907 -0.00593809 0.00146789 0.00124295 0.00363421 0.00501659 0.00185715 0.0403329 0.000684921 -0.000592809 -0.000860071 -0.00152415 -0.0244636 -0.00228674 0.0115319 0.0145076 -0.000824125 -0.00436713 0.00118356 -0.00502709 0.00692337 -0.00613342 0.00438459 -0.0296463 -0.00696571 0.0209869 0.000932603 -0.0243365 -0.0113849 -0.00745713 -0.0102438 0.00485471 -0.000697005 -0.00977564 0.023134 0.000422692 0.00495412 -0.00576455 -0.0014851 -0.00198607 0.0028749 0.027803 -0.011027 0.0251976 -0.0074555 -0.00269708 0.0046052 0.00741259 0.00331652 0.00739433 0.0123652 -0.000641709 -0.00483167 0.00173273 -0.007945 -0.0231001 0.0167044 0.000546325 0.000547205 0.0239533 
0.0113164 -0.0180191 -0.00966217 -0.00280933 0.0159356 -0.0162797 -0.0340363 0.00897081 -0.0104202 0.0182083 -0.00180763 -0.00270785 0.00304679 -0.0227015 0.00450581 -0.0047055 -0.00201652 -0.00236287 -0.00592772 -0.0109497 0.008578 -0.00599946 -0.0024437 -0.00234618 -0.00414328 0.162599 0.0143504 0.00338647 -0.00172027 -0.024422 -0.00453924 0.0019991 0.00351592 0.00100368 -0.00592874 -0.0095835 -0.00740503 0.02164 -0.00961871 0.00185259 -0.00213838 0.0181239 -0.00226513 -0.00244122 -0.00499763 -0.00250526 -0.00570696 -0.0154505 0.00182732 -0.000430415 -0.00430221 -0.0048683 -0.00603841 0.00101867 -0.00952667 -0.00949473 -0.000720711 -0.00407922 -0.0106668 -0.019349 -0.0195206 -0.00761228 0.00449635 0.0231331 0.00732013 -0.0187975 -0.00715566 -0.0177841 -0.0221939 0.0143179 0.00854768 0.00144265 0.00171537 -0.0142727 -0.00530251 0.00134559 0.00429107 0.0206756 -0.0145099 0.0101037 0.00100545 -0.0194707 0.0146585 -0.0127231 0.0195732 0.00259262 7.32989e-05 0.00406003 -0.0031472 -2.57909e-05 0.00357164 0.000472107 -0.00549825 0.00315047 0.00464041 0.0248529 -0.00424977 0.018355 0.0153355 -0.0118079 
-0.00770968 -0.00731727 -0.0128653 -0.00338498 -0.020215 0.00162653 -0.0123286 0.00522021 -0.0189184 -0.00155886 -0.00489798 -0.00308912 0.00124994 0.00708335 0.0124175 -0.00408609 -0.00116951 0.0218204 0.00173063 -0.00882942 0.000575232 0.01083 0.0136018 0.00356149 -0.0060095 0.0143504 0.0887221 0.00316238 -0.000502942 -0.0131724 0.00487458 0.0149943 -0.000687599 0.000320296 -0.002783 -7.91306e-05 -0.00419866 0.0163513 0.00517061 -0.00136923 -0.00212229 -0.0129688 -0.0039525 0.000653657 -0.00611382 -0.00169462 -0.00242532 -0.00965035 0.00141966 -0.000299351 -0.000320408 0.00207985 -0.00705996 -0.00201205 -0.00400724 -0.00583994 0.00414921 0.000839603 0.0101689 0.016839 -0.0191406 -0.00135349 0.00550655 -0.0200328 0.00786103 0.000606983 -0.0102713 -0.0131723 0.0260804 0.0122353 -0.00151645 -0.00114476 0.00288211 -0.00504965 0.00333346 0.000474888 -0.00288019 0.0134271 -0.00574587 -0.0102081 -0.00232997 -0.0050407 -0.0116067 -0.00859828 -0.00494918 -0.0047509 0.00760563 0.00224219 -0.00133399 -0.000911468 -0.0012117 9.21658e-05 -0.00362251 -0.000902286 0.0185636 -0.00461049 -0.00356684 0.00308158 -0.0134121 -0.016804 
0.00516351 -0.0093995 0.00793768 0.00161361 -0.0119715 -0.00953005 -0.00468211 0.0068642 0.00412064 0.00971691 -0.00645534 -0.000713332 -0.000602793 -0.0201248 -0.00722843 -0.00142703 -2.28628e-05 -0.013595 -0.00241589 -0.0253135 -0.00186798 -0.00198883 -0.00313059 -0.00229237 0.00193201 0.00338647 0.00316238 0.0805862 0.000500251 0.000941412 -0.000177661 0.00235304 0.00982657 0.00247926 -0.00654178 -0.00573076 0.002419 -0.0123331 0.000549807 0.000154289 -0.0025264 0.00202671 0.00823226 0.00350196 0.0071902 0.000933657 0.00179884 -0.0036991 -0.000786801 -0.000975191 -0.00158445 0.0010324 -0.0129253 -0.0017764 -0.00152716 -0.00284274 0.00727103 -0.00321864 0.0115667 0.0036566 0.0184539 0.000396771 -0.00232129 -0.00810074 -0.00509547 -0.00970026 0.00256893 -0.0105046 -0.00389964 -0.00443735 -0.00665115 -0.0018533 -0.00096698 -0.00479879 -0.0116278 -0.000571823 0.00654959 -0.00310435 0.000561583 -0.00224884 -0.00203205 -0.00734876 -0.00421143 -0.00655489 0.00246211 -0.000743254 0.00199141 0.000590126 0.00113171 -0.00206573 -0.000754373 0.00184829 -0.00436338 -0.00165975 0.0117272 -0.00401741 0.0152095 0.0217046 0.00392335 0.0090043 
0.0101616 -0.0114994 -0.0211388 0.00120874 -0.0223102 -0.00356455 0.00379683 -0.0025756 -0.00483502 0.0102985 -0.00358709 -0.00464602 -0.00408789 0.00128857 0.0087153 -0.000564679 -0.000592164 0.0022491 0.00246245 -0.00955236 0.00225669 0.0068255 -0.00947176 0.00380074 0.00162732 -0.00172027 -0.000502942 0.000500251 0.101856 -0.00525964 0.0038315 -0.000617726 -0.00368018 -0.00228366 0.00576909 0.00515516 0.00838421 -0.0100626 0.00410724 -0.000333693 -0.00464259 -0.00717784 -0.00409828 0.00236669 -0.00227711 0.00134055 0.0019489 0.00586604 0.000577631 0.000257138 -0.00163128 -0.00089551 -0.0133045 -0.00170153 -0.00476037 0.00402844 0.000632536 0.00677894 0.00036669 0.0107661 0.0139909 0.00135517 -0.00325231 -0.0257309 -0.00622821 0.0146522 -0.0054508 0.00408543 0.00430483 0.0110688 -0.00467966 0.00048104 -0.00135176 0.00958318 0.00206223 0.00145952 -0.00821576 -0.00310356 -0.00345222 -0.0074205 0.00486683 -0.00653116 -0.00416196 -0.0132288 -0.00216938 -0.00414634 0.0025731 0.000112915 -0.00505345 0.00484949 0.00146407 0.00124567 -0.000700103 0.00230291 0.00472351 -0.0240987 0.000556951 0.00119453 -0.008874 -0.00493285 
0.0114808 0.0239684 -0.025969 -0.00274535 -0.0253395 -0.0360557 -0.00968079 -0.0187841 -0.00947528 -0.00652286 -0.00805777 0.0301619 -0.000901844 -0.00260275 0.0132171 0.00766638 0.00287728 -0.00307981 0.009042 -0.0188163 0.000717034 -0.00674179 0.00167107 -0.00202307 0.0139785 -0.024422 -0.0131724 0.000941412 -0.00525964 0.178785 0.0012701 -0.00624277 -0.0246011 -0.00233012 0.00306596 -0.0149812 -0.00295033 -0.0357026 -0.00182997 -0.00291961 -0.00743113 0.0213129 0.000526867 -0.00179014 0.00665732 0.0115822 -4.23545e-05 0.00966745 -0.00127063 -0.00472248 0.00306822 -6.33417e-05 -0.012795 0.00185578 0.00997501 0.0423849 0.0117636 -0.00443401 0.0121028 -0.000131538 0.0287702 -0.0141324 0.00875285 -0.0508044 -0.00442763 0.0218527 -0.0116734 -0.0194543 -0.00697144 -0.0200646 0.00672072 0.00110895 -0.00338776 0.00852606 0.0436719 -0.000306453 -0.00413366 -0.0223108 0.00239466 0.000224298 -0.00334468 -0.00347941 -0.0133364 0.00725575 -0.0150976 0.0136066 -0.00363246 -0.00219359 -0.00109534 0.00116101 0.0065907 -0.000104151 -0.00385284 0.000222541 -0.000416479 -0.0550938 0.0169014 0.00193638 -0.0105511 0.0143163 
-0.000764906 -0.00734707 -0.00609249 -0.00102125 -0.003993 -0.00535631 0.00316891 -0.00213154 -0.00983417 0.00459308 -0.00227645 0.000195178 -0.00204286 0.000576497 -0.00278339 0.00147083 0.000146679 -0.00308814 -0.000558799 -0.00638881 -0.00109484 0.00428939 7.04948e-05 -0.000514744 -0.00203766 -0.00453924 0.00487458 -0.000177661 0.0038315 0.0012701 0.0402039 -0.00215505 -0.00147793 -0.00110924 0.00255407 0.00474874 0.00236361 -0.00114869 0.00858185 0.00129024 -0.00169986 -0.0040347 -0.00117552 0.0039442 -0.00031826 -0.00219054 -0.00121402 -0.00360418 -0.000218508 3.5264e-05 0.00322073 0.00118427 -0.00138489 0.000315708 -0.00137521 0.000816739 0.00142395 0.00411747 0.00468958 0.0152217 0.01207 -0.00125775 -0.00115658 -0.0062646 0.000954806 -0.00460895 -0.00483234 -0.0053866 0.00914012 -0.00152447 -0.00132322 -0.000953431 -0.00117992 -0.000828008 -0.00684051 0.000267092 -0.00260284 0.000949883 -0.00161877 -0.00367624 -0.0011337 -0.0034374 -0.00720079 -0.00384814 -0.00239706 -0.000845241 -0.00214293 0.00110053 -0.000260408 0.00118709 -0.00159938 -0.000198308 0.00135358 0.00273337 0.00423621 -0.00310763 0.00749641 -0.0016409 0.00055786 -0.00423018 
-0.00743393 0.00228727 -0.00922826 -7.4143e-05 -0.0108461 -0.00431574 -0.024964 0.0213437 -0.000113821 0.00293784 -0.00320889 -0.00362955 0.00185856 0.00618566 0.0163202 -0.0033757 -0.00014973 0.00224377 0.00240198 -0.0330081 0.0061528 -0.00596289 -0.0104806 0.0160543 0.00483659 0.0019991 0.0149943 0.00235304 -0.000617726 -0.00624277 -0.00215505 0.0980285 -0.00462697 -0.00169725 -0.0096081 -0.0101306 -0.00428736 -0.00154486 -0.00034293 0.00012788 -0.002607 -0.0157526 0.00268068 -0.000691094 -0.00344066 -0.00403202 -0.00100535 0.00297993 -0.00221276 0.00355263 -0.00216606 0.00303095 -0.0202564 -0.0029126 0.00716145 0.00272081 0.00238823 -0.00428113 0.0118684 0.00876964 -0.0171773 -0.00286927 0.0105465 -0.0109258 -0.00273415 0.0251002 -0.00818764 -0.0169604 0.0128799 -0.00918273 -0.00523902 -0.0016741 0.00385531 -0.00632369 0.0263347 0.00246874 -0.00319788 0.00497184 0.00155842 -0.000293425 -0.00150423 0.0158612 -0.0161035 0.00176941 -0.0114284 -0.00324251 0.0298614 -0.000306214 -0.0032455 -0.000763433 0.00571934 -0.000855246 -0.00321503 -0.0021237 0.00783637 -0.0107895 -0.00775331 -0.00365701 -0.00965706 -0.0172288 
-0.013115 -0.0361029 -0.00585876 -0.00215581 0.0375697 -0.0171137 0.0150012 -0.00902262 -0.0362028 -0.00616827 -0.00388654 -0.00960799 -0.00874499 -0.0134505 -0.0337945 -0.00500162 -0.00210651 -0.0190392 -0.00523551 0.0155532 0.00255161 -0.00416615 -0.0236956 -0.00545269 -0.00354798 0.00351592 -0.000687599 0.00982657 -0.00368018 -0.0246011 -0.00147793 -0.00462697 0.132632 0.000329969 0.0209618 -0.00100291 0.00969986 0.028688 0.000772327 0.0016011 -0.00758184 -0.0128687 -0.00803083 0.00178957 -0.00705526 -0.00442816 -0.00453209 -0.0158888 -0.00544889 0.00077795 -0.00357759 0.00937182 0.00438056 0.00487765 -0.0119389 -0.0177454 8.38114e-05 0.00474831 0.00991244 0.0232026 0.00497039 -0.00876042 -0.00799754 0.0328035 0.00902991 -0.0362138 0.00489291 0.0114353 -0.00577317 -0.014489 -0.0121155 -0.00537126 -0.000353297 0.00740589 -0.0352731 0.00452132 -0.00429567 0.0320461 0.00650401 0.0127595 0.00242438 -0.00136143 0.0182079 -0.00497339 0.0159866 -0.00847406 -0.0102628 3.32257e-05 -0.00961974 -0.00385183 -0.00582504 -0.000479686 -0.00364273 -0.00457659 0.0187028 0.0563101 -0.00566881 0.000442381 0.0133397 -0.00164241 
-0.00443717 -0.00460357 0.0114615 0.000787261 -0.00713006 -0.00217438 -0.00499965 0.00890822 0.002372 0.00408064 -0.000275897 -0.00339451 -0.000668249 -0.0059557 -0.00331681 -8.04316e-05 0.00126895 -0.00233129 0.00205979 -0.00795976 -0.00137665 -0.00233303 -0.00864051 -0.000124152 0.00434485 0.00100368 0.000320296 0.00247926 -0.00228366 -0.00233012 -0.00110924 -0.00169725 0.000329969 0.0434987 -0.0038505 -0.00293567 0.00134441 -0.00225014 -0.00175206 -0.000356277 -0.000855803 -0.00360173 -0.000342949 -0.000724311 0.000531737 0.00234796 0.00035562 0.00596773 -0.000871625 0.000628747 0.00108351 -0.00167248 -0.00643212 -0.000644259 -0.000760799 -0.000801484 -0.000744661 -0.00208429 -0.00191188 -0.00414041 -0.010541 0.00316499 -0.000855696 -0.00554034 -0.00153687 -0.00170066 0.0107904 -0.0078587 -0.00378434 -0.00565309 0.000174134 0.000669822 3.44222e-05 -0.00281194 0.00600549 7.20202e-05 0.0102697 -0.00167906 0.00311942 -0.00056975 -0.00152619 0.00989646 0.00616667 -0.00156635 -0.000183157 -0.00124032 0.00222175 0.00102896 -0.00206653 0.000420129 0.000743605 0.000761714 -0.00189282 0.00302676 -0.00642909 -0.00182785 0.00257076 0.0010904 0.000728431 0.0050883 
-0.0051305 -0.0326025 -0.0196572 -0.00194999 0.0317425 -0.012475 0.0164737 -0.0108908 -0.0420007 -0.00708325 -0.00079807 -0.00626181 -0.0060949 -0.0121439 -0.0202326 -0.00192523 -0.00205621 -0.00616547 0.000343181 0.0180872 0.00107152 0.00616173 -0.0264545 -0.00321953 -0.00771361 -0.00592874 -0.002783 -0.00654178 0.00576909 0.00306596 0.00255407 -0.0096081 0.0209618 -0.0038505 0.11437 -0.0022725 0.00913927 0.00999805 -0.000950494 -0.0019474 -0.00240386 -0.0207553 -0.00900521 0.00196796 -0.00862477 0.00347901 -0.00387892 -0.0161255 -0.00116454 -0.00149686 -0.00053863 0.00248427 -0.00259354 0.00280504 -0.00822271 0.00826457 0.000558387 0.00781109 0.0199029 0.0164236 0.00593327 -0.00365069 -0.00669415 -0.0135269 0.013387 -0.010915 -0.0137127 0.0183461 0.00295801 -0.00320563 -0.000147321 -0.000974999 0.00379242 0.0105639 -0.0189927 4.84022e-05 -0.00347384 0.00651476 0.00433721 0.00636937 -0.000694495 -0.00610917 0.000912794 -0.00311917 -0.0056822 -0.00145192 -0.00704233 -0.00284545 -0.00393175 -0.000201338 0.000730642 -0.00195415 0.0055191 -0.000886035 0.0366609 0.0194552 0.0123189 -1.5379e-05 0.00659599 -0.0151036 
