0.135611 0.00666605 0.0134129 0.00799192 0.0211037 0.00868414 -0.00130486 0.000965571 -0.0171028 -0.00114786 -0.00833726 0.0129932 0.0132424 -0.00515994 -0.0187856 0.00236502 0.0192812 -0.0223911 -0.00181002 -0.00358433 0.00318701 0.0164609 -0.0495879 0.0156136 -0.000275198 0.0138995 -0.00025912 0.00995613 0.0138321 0.00119024 0.022588 0.00174125 -0.00237751 -0.000521064 0.00281397 0.000893741 -0.00709244 0.00413771 -0.0112016 -0.0166669 0.0017884 -0.000317779 0.00123784 -0.0120367 -0.00646293 -0.0172682 -0.000872214 0.000991387 -0.0119529 -0.00413655 0.00381934 0.0244499 -0.00426093 0.00954393 0.0058428 0.0205432 -0.0089339 -0.0213386 0.000197202 -0.00196618 0.0116173 -0.00278505 -0.00656828 -0.0119347 0.0140159 -0.00639298 -0.00620999 0.00655052 -0.00762572 0.0139601 0.00626596 -0.0053428 -0.0139469 0.00263631 -0.00263616 -0.0572452 -0.00836805 -0.0034133 -0.0143587 0.000695348 -0.0117398 -0.0114235 0.00836607 -0.0202884 -0.00576342 0.00623652 -0.0333717 -0.00489568 0.0010325 -0.000585597 -0.00631387 -0.00345851 0.00240122 0.00937667 -0.0080655 0.00169412 -0.0012245 0.00142782 0.00398624 0.00380278 
0.00666605 0.0579306 0.00249689 0.00272498 0.00966137 -0.000692333 -0.000391331 -0.0011185 -0.0102768 -5.03783e-05 -0.00240093 -0.00544432 0.000917304 -0.00720698 -0.0132501 0.00019977 -0.0185868 -0.00905701 -0.004718 0.00443155 0.00244059 0.000871427 -0.00928395 0.00504856 0.00970279 0.0132637 0.000214532 0.00084618 0.000761317 -0.000343717 0.00282067 -0.00222045 -0.00360724 0.000772963 0.000913173 -0.00251327 -0.00111397 0.00510539 0.00217722 -0.00167983 -0.00448392 1.34239e-05 0.00270507 0.0028507 0.00189831 -0.00173013 -0.000634258 -0.000395396 -0.00210463 0.000925888 -0.00213781 0.00295959 0.00548343 -0.00708022 0.00110849 0.00172561 -0.00569705 -0.0133343 -3.11813e-05 -0.00249307 0.0136713 0.00093705 -0.00441471 -0.00366729 -0.00297289 -0.00354252 -0.00290999 0.00990789 0.00238299 -0.00184056 -0.000371635 -0.000751953 -0.00843423 0.00063399 -0.00142429 -0.0088248 0.00953109 -0.00180183 -0.0096376 0.00120167 0.00932494 -0.0098297 5.33988e-05 -0.0105024 -0.000885226 -0.00777684 -0.0118931 0.0078195 0.000626928 -0.00013243 0.0113968 -0.00160769 -0.00227406 0.00150805 0.0042764 0.00584789 -0.000434623 -0.00221302 0.00147855 0.00198527 
0.0134129 0.00249689 0.075276 -0.0032354 0.00572409 0.00627139 0.000947436 -0.00155349 -0.013917 -0.00186211 -0.00137054 -0.00828263 -0.00609167 -0.00878664 0.00539068 0.00156757 -0.00817859 0.00399195 -0.00280019 -0.000791643 0.00538285 0.0105392 -0.0227518 -0.0103338 -0.00171028 0.00150223 0.000359872 0.00160229 -0.000146482 -0.000513901 -0.00557616 0.000465466 -0.00654254 -0.00174998 -0.00123737 -0.0014001 -0.00201509 0.00560356 -0.00936958 -0.00425547 0.000298665 0.0017635 0.000166135 -0.000784962 0.00178618 -0.00345067 -0.000613219 -0.000120269 0.00158041 -0.000407246 0.000267416 0.000411095 0.00253598 0.00294939 -0.000640496 0.00587282 -0.00421255 -0.00341363 -0.000452489 0.00128059 -0.000565165 -0.00572214 0.00747451 0.008709 -0.011672 0.00122285 0.00443486 0.00584575 0.0032239 0.00730265 0.00129703 -0.000668171 -0.00099755 0.0001522 -0.00618947 -0.0169081 -0.000192516 0.00280326 -0.00999973 0.00119594 -0.00381863 -0.00335319 0.00101347 -0.00327994 0.00639214 -0.0064184 -0.0111801 -0.00488373 0.00293344 0.00156909 0.000539607 -0.00123314 0.00526658 -0.00165388 0.00194335 0.00335432 -0.00129051 -0.00291526 0.00492736 0.000461669 
0.00799192 0.00272498 -0.0032354 0.160288 -0.0165936 0.0103756 0.0011739 -0.00652372 -0.0159342 -0.00568031 -0.00905385 0.0104715 0.00867693 -0.0120404 -0.0030882 -0.00302945 0.0140306 -0.0274432 -0.0169565 0.0167575 0.00574915 -0.0204495 0.0102774 -0.0390133 0.00384729 -0.0143092 -0.000366048 -0.00473854 -0.00205251 -0.00146611 0.0116568 -0.00776431 -0.0176205 -0.015624 -0.00131361 -0.00308195 0.00629808 0.000965852 0.0160849 0.00474602 0.00580457 -0.00212038 -0.00122845 0.0108587 -0.00751158 -0.0217527 -0.0026335 -0.00051127 -0.0118398 -0.0226924 0.0434136 0.00960623 0.0223961 0.0310108 0.000416653 -0.0101582 0.0169309 -0.013214 0.000558371 -0.0127833 -8.02572e-05 -0.0106148 -5.88659e-06 -0.00737568 -0.0235991 -0.0095448 -0.00591428 0.0218094 -0.00645838 -0.00370508 -0.00400245 -0.00122447 0.00140793 -4.11636e-05 0.0154761 0.0119898 0.0102625 -0.00569459 0.00011468 -0.00038021 -0.00444629 0.0250324 -0.00104289 -0.0206129 0.0120728 -0.000502877 -0.00740661 -0.00802943 -0.00772561 0.00183921 -0.0124994 -0.00302956 -0.00469064 -0.0103107 -0.016763 -0.0134728 0.00465273 0.00118199 0.003185 0.000861014 
0.0211037 0.00966137 0.00572409 -0.0165936 0.143725 -0.01146 -0.00283029 -0.0052596 -0.0187931 0.00738847 -0.0103253 -0.0146929 0.0286848 -0.0270339 -0.0256302 0.00726321 -0.00651867 -0.0104655 -0.0166862 -0.0132344 0.0116283 -0.00837981 -0.0452217 0.0524196 -0.00225796 0.016028 -0.000186813 -0.00493838 -0.0018512 -0.00136632 0.0135492 -0.00354835 0.0281729 0.00209923 -0.000558076 -0.00388035 0.00794244 0.00111373 -0.0181056 -0.00475932 -0.00606953 0.000548872 -0.00125806 -0.0105616 -0.00805183 -0.00723747 0.000139688 0.0106854 0.000775948 0.0408961 -0.0100193 0.0296662 0.00512063 0.00612351 0.00142469 0.0038344 -0.0150869 -0.0234232 -0.00286068 -0.005133 0.014003 0.0101692 -0.00412734 0.00182619 0.0243167 -0.00523564 -0.00532766 0.00317359 0.000299298 0.00235794 -0.00146285 -0.00780019 -0.00579138 -0.00180225 -0.013027 -0.0364768 -0.00529359 -0.00701059 -0.0125944 -0.000663531 -0.00269873 -0.0289532 -0.00296558 -0.0164463 -0.0034135 -0.00042838 -0.0324696 0.00314298 -0.0106821 -0.0013653 0.0162401 -0.00255314 -0.00272193 0.0256777 -0.000805792 0.0123585 -0.00378204 -0.00346481 0.00739341 0.00696424 
0.00868414 -0.000692333 0.00627139 0.0103756 -0.01146 0.108004 -0.00173067 0.00851215 0.00785179 -0.000106757 -0.00144601 0.0211164 -0.00753816 0.0307046 0.0130535 -0.00347827 -0.0172433 -0.00957003 -0.00856894 -0.00621233 0.00533207 0.0403335 -0.00365422 -0.00262431 0.000585978 -0.00598119 -0.000656239 -0.00351503 0.00106651 0.00101184 -0.0117733 0.00112826 -0.0194632 -0.00801681 0.00108266 -0.00297161 -0.00134459 -0.00195751 -0.0187456 -0.0134311 -0.0016291 -0.00110857 -0.00110008 0.0100581 -0.00814252 0.021464 -0.00242322 0.00110526 -0.00245718 -0.0391995 -0.00256195 -0.00737323 -0.0080721 -0.0197924 -0.00139072 0.0175083 0.0101933 -0.00646648 -0.00197653 -0.00400895 -9.5764e-05 -0.022845 0.00192239 -0.00559806 0.011351 -0.00872592 -0.00596873 0.012028 0.000159748 0.0055906 0.00310269 0.00112452 0.0355874 -0.000817228 -0.00523337 -0.0412991 -0.0110274 -0.00138804 0.00137291 0.000598624 -0.00859923 0.0158218 0.0228264 -0.00964433 0.00675599 0.000426859 -0.0208721 -0.00319832 -0.00050826 0.0053181 -0.00841383 -0.00152448 0.00777403 0.00342101 -0.00551723 -0.0192768 -0.00389181 -0.000342906 -0.00487447 -0.0010795 
-0.00130486 -0.000391331 0.000947436 0.0011739 -0.00283029 -0.00173067 0.0206035 -0.000747397 -0.00296184 0.000456727 0.00072604 -0.00084531 -0.00199319 -0.00150015 0.00239476 -0.000368977 -0.00125831 -0.00204508 -0.00112512 -3.22321e-05 -0.000668348 -0.000280435 -0.00129817 -0.00391712 0.00167403 -0.00172344 0.00039549 9.45752e-05 0.000184612 -5.60671e-05 -0.000852649 0.000929006 -0.00188304 0.000529086 7.51576e-05 -0.000965565 -0.000992871 -0.000364079 0.00246342 0.00293382 -7.44648e-05 0.00094087 -0.000185077 -0.000619445 0.00239029 -0.00423291 0.000584056 -0.000137558 -0.000792931 -0.0036423 0.00100452 -0.00225077 -0.00117572 -0.00231769 -0.000328217 -0.000255718 6.2728e-05 9.93123e-05 -0.000378957 -0.000253464 -0.000790268 -0.00117057 0.00461935 -0.0013279 -0.00411529 0.0022652 0.00587189 -0.00102037 0.000498809 0.00110582 0.000172735 0.00114757 0.000260258 -5.53728e-05 -0.00118345 0.00565512 -0.00106314 0.000136144 -0.000241206 0.00099763 -0.000400552 0.000553353 -0.00106094 0.006252 0.000622367 -0.00373221 -0.00177851 -0.000612148 0.00156591 -2.61057e-05 -0.00183987 0.00192833 0.000862362 -0.00134592 -0.0010737 -0.00382344 -0.000158456 0.000578624 -3.63987e-05 -0.00011919 
0.000965571 -0.0011185 -0.00155349 -0.00652372 -0.0052596 0.00851215 -0.000747397 0.0630847 0.0141727 0.00122724 -0.00135037 -0.00330154 -0.00333615 0.00486891 0.00380804 -0.00141778 -0.00166975 0.00123027 0.00387775 -0.00498895 -0.00305401 0.0201344 -0.0043305 -0.00592876 0.00679009 -0.00781805 -0.000105759 -1.13187e-05 0.000372597 -0.00136377 -0.0175175 0.00202373 -0.00897978 -0.00497885 -0.00142344 -0.00153444 -0.00109507 -0.00190782 -0.00265427 -0.00534845 7.94928e-06 -0.000472125 -0.00115385 0.00202842 -0.00321668 0.0144498 -0.000601273 -0.00135251 0.00269442 -0.0190708 -0.00685972 -0.00620107 -0.00614214 -0.0117754 -0.00143485 0.0047309 0.00515959 0.00721414 -0.000576565 -0.00283338 -0.00213068 -0.00865019 -0.00390887 -0.00673518 -1.3739e-05 -0.00350039 -0.00296387 -0.00447401 0.0086707 -0.000689624 0.000611257 0.0011472 0.0155772 0.000412359 -0.00103858 -0.0106305 -0.00532608 -0.000468315 0.0104698 0.000315 -0.00439447 0.016782 0.00916648 0.00644 0.000506259 -0.00738546 0.00715813 0.0024106 -0.0027027 -0.00100069 -0.00802809 -0.00173836 -0.000982008 0.00185727 0.00235289 -0.0090606 6.15374e-05 -0.00026478 -0.00312713 -0.00106832 
-0.0171028 -0.0102768 -0.013917 -0.0159342 -0.0187931 0.00785179 -0.00296184 0.0141727 0.188903 6.92266e-05 0.0241823 -0.0228022 -0.00965393 0.0402679 0.0318763 -0.00607383 0.0212523 0.00127666 0.00340326 -0.00356597 -0.017264 0.0263179 0.0428756 -0.0497267 0.00211203 -0.0201824 -0.00169169 -0.00141769 -0.00260615 -0.00124227 -0.031085 -0.000956182 -0.00656423 0.00106307 -0.0114803 -0.00127502 -0.0155715 -0.0049885 0.0159493 -0.012761 0.0163122 -0.00230177 0.00229247 0.0103994 -0.00930842 0.0223734 -0.000745565 0.00219431 -0.00241464 -0.0184195 -0.0184281 -0.0222052 -0.0199576 -0.0326475 -0.00414791 -0.00661526 -0.00769376 0.0759114 -0.00414595 -0.0160141 -0.0108488 -0.0137268 -0.0154625 0.00859171 0.0103006 -0.0151561 0.000130912 -0.0192927 0.0108123 -0.0103646 -0.00431927 0.00267241 0.00785422 -0.000760117 -0.00942099 0.0194043 -0.00685344 0.00400328 0.0182606 -0.00278244 -0.00682152 -0.000492349 0.00769755 0.00696393 -0.0041639 -0.0105255 0.0480851 -0.0061065 -0.00703432 -0.00421462 -0.0166887 -0.00358162 -0.012678 -0.0197364 -0.000330492 -0.0230923 0.00510321 -0.00508608 -0.000313498 -0.0061435 
-0.00114786 -5.03783e-05 -0.00186211 -0.00568031 0.00738847 -0.000106757 0.000456727 0.00122724 6.92266e-05 0.0839201 0.00109512 -0.00917011 -0.00324454 -0.00410805 0.00529937 0.00135253 -0.0157343 -0.00304718 -0.00175771 -0.00592187 -0.00284937 -0.0123628 -0.00649724 0.00917569 -0.000154867 0.00247728 0.00109014 -0.000452765 -0.00145414 -0.000712573 -0.0106946 0.00806695 0.00753561 -0.000858623 0.000179896 0.00453402 -0.00530679 -0.000374526 -0.00878941 0.0133019 0.00414047 0.000338224 0.000261932 0.00159878 0.00495698 0.00397823 0.000488788 0.00538887 0.00933127 0.0101249 -0.00279242 -0.00586258 0.00115308 -0.00981405 0.00154893 0.00525152 -0.00596909 -0.010099 0.000988573 -0.00303571 0.00269237 -8.4799e-05 -0.00274921 0.000306755 -0.00839753 0.00350019 0.00348587 -0.00609653 -0.00176207 0.00351158 -0.00174498 -0.00376201 -0.00108187 -0.00159081 -0.00872715 -0.00476013 -0.000282027 0.00161568 -0.00953488 -0.000963064 -0.0018842 -0.0180602 -0.00197865 0.00996256 0.00458142 0.00202256 -0.00359659 -0.00543172 0.00417183 -0.00265038 0.00128777 -7.6601e-05 0.00490859 -0.00280796 -0.00148979 -0.0091815 -0.00144024 0.000951451 0.00136705 -0.00103988 
-0.00833726 -0.00240093 -0.00137054 -0.00905385 -0.0103253 -0.00144601 0.00072604 -0.00135037 0.0241823 0.00109512 0.0749266 -0.0132415 -0.00697753 0.00600977 0.0233316 0.000189789 -0.0109121 -0.00424348 0.00199409 -0.00614742 -0.00291554 0.00375187 0.0056888 -0.0126121 -0.00489313 -0.00687182 0.000399958 -0.0012753 -0.00284234 -0.000939118 -0.0180108 0.00387517 -0.00775982 -0.00276708 -0.0022345 -0.00323044 -0.00542785 0.000296741 0.00240118 -0.00457044 0.00891872 -0.000766425 0.0011318 0.00144686 -0.000214837 0.00733849 0.000515833 -0.00375529 -0.00129349 -0.0125207 -0.00361836 -0.00598728 -0.00375445 -0.00201705 -0.000884642 -0.00482491 -0.00250918 0.0251614 -0.00183738 -0.00497736 -0.00213132 0.00768484 -0.00405462 0.00795399 -0.00867557 -0.00390501 0.00356339 -0.00610578 0.000346356 -0.00307323 -0.0018079 0.0037873 0.00392372 -0.00053805 0.00447866 0.0155925 -0.00525503 0.00390096 0.0140954 -0.000969262 -0.00636406 -0.00552771 0.00125832 0.00655356 -0.00170824 -0.00227837 0.0239767 -0.00238363 0.00257357 -0.000266821 -0.0149694 -0.001671 -0.0082762 -0.00840302 0.000863418 0.00246673 -0.00103983 -0.00186608 -0.00179529 -0.00221822 
0.0129932 -0.00544432 -0.00828263 0.0104715 -0.0146929 0.0211164 -0.00084531 -0.00330154 -0.0228022 -0.00917011 -0.0132415 0.185569 0.00817551 0.0178887 -0.0327337 -0.00541814 -0.0140682 0.00387685 -0.0184917 -0.00491094 0.0114273 0.0199616 -0.0328243 0.040945 -0.00490933 0.00963829 -0.000347738 0.0108177 0.016282 0.00249788 0.0261188 -0.000593536 -0.0143756 -0.0165122 0.00900097 -0.00768333 0.0243525 0.000139298 -0.0215799 -0.0200679 -0.0134871 8.91403e-05 -0.00414759 -0.0107816 -0.0126061 -0.00543578 -0.00442454 0.00100487 -0.0152384 -0.00631194 0.0132257 0.0203242 -0.00835699 -0.0243694 0.000596268 0.0204282 0.00737568 -0.0311618 0.00521643 0.013043 -0.00160239 -0.025289 0.0177422 -0.00332575 0.0037634 -0.0108589 -0.0116514 0.0256637 -0.0121267 0.00527339 0.00905207 -0.00864434 0.0157374 -0.000751665 0.00492343 -0.0460988 -0.0109633 -0.0127999 -0.027801 1.25505e-05 -0.0117647 0.00604348 0.00510584 -0.025389 -0.00266146 -0.0010885 -0.0386715 0.0077452 -0.000365999 0.00407284 0.0144821 0.00769622 0.00389285 0.025711 -0.00426452 -0.00622007 -0.00122554 -0.00479991 0.000179359 0.00730947 
0.0132424 0.000917304 -0.00609167 0.00867693 0.0286848 -0.00753816 -0.00199319 -0.00333615 -0.00965393 -0.00324454 -0.00697753 0.00817551 0.10524 -0.0113517 -0.0230393 0.0016312 0.0221885 -0.00534765 -0.0117984 -0.00321878 -0.00135966 -0.0112222 -0.0158887 0.0283609 0.000614747 0.00144284 -0.000955307 -0.000336231 -0.00121356 -0.000404839 0.0198656 -0.00387304 0.0186903 0.000401417 -0.00517765 -0.00312154 0.0142262 -0.00122968 -0.0151613 -0.00480464 -0.00773677 -0.00101029 -0.00223207 -0.00880098 -0.00556294 -0.01982 -0.00056448 -7.99696e-05 -0.00601232 0.0180819 0.00302203 0.0394151 0.00430193 0.00245306 -0.00268527 -0.00359704 -0.00438985 -0.0228158 -0.00146459 -0.00381051 0.00234979 0.00582341 -0.00836888 -0.00762093 0.00323908 -0.00337591 -0.00576661 0.00980885 -0.00237479 -0.000559624 0.000258227 -0.00558503 0.0029917 0.00115642 -0.00982115 -0.0275537 -0.0129247 -0.00615116 -0.00878853 -0.00131552 0.000268412 -0.0166754 -0.0033294 -0.0190891 -0.000248722 0.0112306 -0.0245309 0.0157471 -0.00550479 -0.00165476 -0.00224174 -0.00230216 0.000894514 0.00974306 -9.4016e-05 0.0167734 -0.00243005 -0.00243201 0.00516963 0.00457445 
-0.00515994 -0.00720698 -0.00878664 -0.0120404 -0.0270339 0.0307046 -0.00150015 0.00486891 0.0402679 -0.00410805 0.00600977 0.0178887 -0.0113517 0.16964 -0.00095766 -0.00379021 0.013111 -0.0116404 -0.00631603 -0.0135555 0.00297288 0.0390269 0.021389 -0.0335875 -0.0104432 -0.01892 -0.00107494 -0.00271944 0.0079735 -0.0018256 -0.0215146 -0.00101992 -0.0233046 -0.00199562 -0.00547881 0.00031157 -0.0077835 -0.00317512 0.00532894 -0.0108314 0.0075638 -0.001082 0.000689818 0.020003 -0.00947281 -0.0138082 -0.00270076 0.000579817 0.000448268 -0.0257699 -0.0156582 -0.01646 -0.0152841 0.00913283 -0.00237506 0.0124536 0.0136926 0.036867 -0.00240044 -0.00870728 -0.00408872 -0.0377238 0.00458659 -0.00468041 -0.029152 -0.00914603 -0.00646708 -0.00148265 0.0189546 0.00158482 0.00598921 0.00174787 0.0247285 0.000274227 -0.00565262 -0.0111677 0.00731377 -0.00642799 -0.00939908 -0.00490455 -0.00545017 0.01182 0.0153695 0.0110466 -0.00475866 -0.00927649 -0.00805833 -0.0145453 -0.000974224 -0.000128662 -0.00794014 0.00127188 0.00862683 -0.00118729 -0.00389675 -0.0235463 0.00700292 0.00922329 -0.00569257 -0.00387666 
-0.0187856 -0.0132501 0.00539068 -0.0030882 -0.0256302 0.0130535 0.00239476 0.00380804 0.0318763 0.00529937 0.0233316 -0.0327337 -0.0230393 -0.00095766 0.21534 -0.0120808 -0.0218848 0.00434664 0.0239072 -0.00509218 -0.0183177 -0.013111 0.0147958 -0.0382674 -0.00292647 -0.0268207 -0.00143288 -0.00649507 -0.0088313 -0.00518553 -0.0380211 0.0150603 -0.00457761 -0.00184456 -0.00755115 -0.0113252 -0.010232 -0.000882539 -0.00671224 -0.00830713 0.0174205 -0.00334049 0.000514885 -0.0030599 -0.0096573 0.0209841 0.00454866 -0.00950664 -0.00493473 -0.0305826 0.00568885 -0.0294612 -0.00789802 0.00324882 -0.00432633 -0.0037694 -0.00386249 0.0474784 -0.00603108 0.01191 -0.0082518 -0.0074557 0.016364 0.00180608 0.00804254 -0.00626353 0.00765914 -0.0149974 0.00812659 0.00403862 -0.00658365 0.00467205 0.0340011 -0.00395326 -0.00697761 0.0323956 -0.0261761 0.0224814 0.0127447 0.00206453 -0.00667835 0.00928168 0.00464525 0.0273654 0.0144416 -0.022196 0.0466651 -0.0113803 0.00326471 -0.00151763 -0.0555527 -0.00476482 -0.00547388 -0.029851 -0.00253344 -0.0123047 0.00423006 0.00503367 -0.0148057 -0.00819047 
0.00236502 0.00019977 0.00156757 -0.00302945 0.00726321 -0.00347827 -0.000368977 -0.00141778 -0.00607383 0.00135253 0.000189789 -0.00541814 0.0016312 -0.00379021 -0.0120808 0.0514371 0.00720999 0.00153369 -0.00371705 0.00122798 0.00427065 -0.0042704 -0.00257436 0.000243614 -0.00119821 0.00160432 0.00085006 -0.00139203 -0.00104197 0.000246382 -0.00619143 -0.00185328 -0.00180641 -0.00163058 -8.02554e-05 0.00250445 -0.00128265 0.00358492 -0.00209025 0.00236522 -0.00253901 0.00258165 -6.70538e-06 -0.00140833 0.000647547 -0.00886218 0.000153971 0.00376402 0.00255311 -0.00194082 0.000701869 0.00204645 0.00315129 0.000696936 -0.000713438 -0.0014232 -0.000603537 -0.00461564 -0.00117358 -0.00122663 0.00137305 0.0100207 -0.00443307 0.00671055 0.000217241 0.00490171 0.000323886 -0.00460019 -0.00166704 0.000417135 -0.000415509 0.000154486 -0.008963 -0.000400429 0.000589479 -0.00684965 0.0058117 -0.00213731 -0.0020575 9.46532e-05 -0.00437689 -0.00364611 0.00114548 -0.00395362 -0.00168244 0.00344981 -0.00580651 0.00210603 -0.00248165 -0.000884092 0.00384096 -0.000746703 -0.00421723 0.00247254 -0.00187036 -0.00241989 -0.00156075 -0.000232877 0.00331427 -0.000185837 
0.0192812 -0.0185868 -0.00817859 0.0140306 -0.00651867 -0.0172433 -0.00125831 -0.00166975 0.0212523 -0.0157343 -0.0109121 -0.0140682 0.0221885 0.013111 -0.0218848 0.00720999 0.247349 0.0140245 -0.0188558 0.013638 -0.00171115 0.0278142 0.0076693 -0.0342012 -0.0143287 -0.00554092 -0.00152695 -0.0107851 0.00522908 -0.00130305 0.0519118 -0.0161437 0.0304582 0.000214414 -0.0120103 0.0185138 -0.020695 -0.00208625 0.00699472 -0.0230772 0.00374935 -0.00173827 -0.00193945 -0.0124609 -0.0127119 -0.0392812 -0.00199962 -0.00145821 -0.0162554 0.0255856 -0.00922473 0.00524591 -0.013147 0.00392626 -0.00765358 -0.0129499 0.00112423 0.027568 -0.000983115 -0.0192238 -0.0107114 -0.00146456 -0.0267599 0.0197242 0.0144774 -0.0123532 -0.0117933 -0.0101358 -0.00356105 -0.0063902 0.00189289 0.00466431 -0.00764407 0.00545383 -0.0104186 0.0163558 -0.000791404 -0.0113616 0.0131431 0.000277833 -0.0162549 0.00978942 -0.00905368 -0.0287303 -0.00898729 0.0102791 -0.010738 -0.00583603 -0.0173892 -0.0144368 -0.017866 -0.00222153 0.0083627 -0.0176817 -0.0181286 0.00391976 0.00691648 0.000626974 0.00757743 -0.0014954 
-0.0223911 -0.00905701 0.00399195 -0.0274432 -0.0104655 -0.00957003 -0.00204508 0.00123027 0.00127666 -0.00304718 -0.00424348 0.00387685 -0.00534765 -0.0116404 0.00434664 0.00153369 0.0140245 0.249918 -0.00706509 -0.00907751 -0.0085396 0.0229572 -0.000649001 0.00053965 -0.0102596 0.0055597 -0.00120335 -0.00895546 -0.0156867 -0.00570264 -0.0154752 -0.00944811 0.00521559 -0.00697226 -0.0165462 -0.0149707 0.0173748 -0.00143949 -0.0233246 -0.0036333 -0.0159179 -0.00282578 -0.00867767 -0.00924984 -0.00898733 0.0193538 -0.000322131 -0.00855185 0.00292612 0.0379014 -0.0336728 0.00518602 -0.00907953 -0.0152387 -0.0121012 -0.0195729 -0.010272 0.0293895 9.1223e-05 -0.000529674 -0.0112011 0.019071 0.00414644 0.0162458 0.0204933 -0.00719033 0.00824389 0.000730589 -0.00942434 -0.00488811 -0.00700153 -0.000980288 0.00844365 -0.00612283 -0.0231188 -0.00446893 -0.0226073 -0.000510041 -0.0019513 -0.00519564 -0.00944113 0.0111003 -0.0218464 0.00762306 -0.00395706 0.00709857 0.0425247 0.0150025 -0.0174334 -0.00824411 0.00242585 0.000879727 -0.00341645 -0.0102604 0.0042667 0.0136137 -0.00268408 -0.00679278 0.00574294 -0.00641115 
-0.00181002 -0.004718 -0.00280019 -0.0169565 -0.0166862 -0.00856894 -0.00112512 0.00387775 0.00340326 -0.00175771 0.00199409 -0.0184917 -0.0117984 -0.00631603 0.0239072 -0.00371705 -0.0188558 -0.00706509 0.155136 0.00912961 -0.00908088 -0.00882746 0.0304743 0.00510126 0.00449097 -0.00460985 -0.000539745 0.00513819 0.000441661 0.000475043 -0.0318146 0.0205026 -0.017048 0.0128937 -0.00377568 -0.00533935 -0.0065689 -0.0068679 0.00557085 0.0188224 0.00327329 0.00106432 0.0025034 0.00720511 0.00567122 -0.0132053 -0.000357735 -0.00716181 -0.00105894 -0.0312268 -0.00746231 -0.0187985 -0.00909709 0.00279458 -0.000337843 0.00564249 -0.00288668 0.00978708 -0.00222158 0.0109428 -0.00307158 -0.0150043 -0.00422803 -0.0174914 0.0123641 0.00849818 0.00258968 -0.0164739 -0.0112008 0.00691402 -0.00192616 -0.00698751 -0.00467806 -0.000522949 0.00583511 0.0110743 0.0090945 0.00668756 0.0030564 -0.00221445 -0.00514731 -0.00131521 -0.00188566 0.018221 0.00815064 -0.00464319 0.00755073 -0.00856672 0.0159968 -0.00416087 -0.0118063 -0.00217821 -0.000396016 -0.0128661 0.00955621 -0.0166298 -0.00542994 0.003388 -0.00775227 -0.00369038 
-0.00358433 0.00443155 -0.000791643 0.0167575 -0.0132344 -0.00621233 -3.22321e-05 -0.00498895 -0.00356597 -0.00592187 -0.00614742 -0.00491094 -0.00321878 -0.0135555 -0.00509218 0.00122798 0.013638 -0.00907751 0.00912961 0.0946853 -0.00255895 -0.00645665 0.0173885 -0.0194025 0.0178974 0.00896233 0.00119602 -0.00381524 0.000213865 0.00451913 0.0127958 -0.00324336 0.000827465 0.0059495 -0.00228765 0.00370619 0.000123071 0.000788097 0.0120354 0.0164516 -0.00612749 -0.00113054 0.00336026 -0.00114121 0.00303584 -0.0118807 -0.000284719 -0.00179525 -0.0043317 -0.0198559 0.00818489 -0.0053341 0.0135543 -0.0117295 -0.00232478 -0.00583756 -0.00307236 -0.00444748 0.000141436 -0.00545486 -0.000109371 -0.00672608 0.000359936 0.00221004 0.00205726 -0.00311525 -0.00315091 0.00363674 -0.00671436 -0.0023672 -0.00121154 0.000663478 -0.0154614 0.000326554 0.00529217 0.0120978 0.013161 -0.000169415 -0.0165305 0.0015817 0.00182644 -0.0104897 -0.00355363 -0.00716537 0.005269 0.0059036 -0.0187311 -0.00493986 -0.003981 0.000717001 0.0053692 -0.000407976 0.000453117 -0.00888757 -0.00417702 -0.00935637 0.000414023 -0.00340478 0.00206305 -0.000906292 
0.00318701 0.00244059 0.00538285 0.00574915 0.0116283 0.00533207 -0.000668348 -0.00305401 -0.017264 -0.00284937 -0.00291554 0.0114273 -0.00135966 0.00297288 -0.0183177 0.00427065 -0.00171115 -0.0085396 -0.00908088 -0.00255895 0.0798771 0.00750992 -0.0139688 0.00633863 -0.00740083 0.00999205 -7.77956e-05 -0.00228939 0.00470453 -1.28545e-05 -0.00746808 -0.0039338 0.000263431 -0.00404911 0.00240296 -0.00117851 0.00220661 0.00439205 -0.00501157 -0.000638504 -0.00383341 0.00216704 0.000897591 0.00372367 -0.000902912 -0.00659172 -0.000178326 0.000188129 5.62724e-05 0.0016292 -0.00118306 0.00901208 0.0160378 0.0073179 -0.000282095 0.00296949 0.00427875 -0.0124271 -0.00122844 0.000957419 0.0090662 -0.0108048 -0.00530427 -0.000319727 -0.0169804 -0.00450827 -0.00415676 0.00557103 0.000899813 -0.000532075 0.00500587 -0.000169243 0.00326678 0.00165072 0.00180303 -0.0172523 0.00379869 -0.00303834 -0.00810166 0.00171206 -0.00287395 0.0040403 0.00107004 -0.0122935 -0.00140095 -0.00256477 -0.0224252 -0.000936629 -0.00321483 0.00137189 0.00267291 -0.0017176 -0.00796615 0.00118112 -0.00442794 0.0036538 -0.000398546 -0.000719401 0.00246113 0.00454395 
0.0164609 0.000871427 0.0105392 -0.0204495 -0.00837981 0.0403335 -0.000280435 0.0201344 0.0263179 -0.0123628 0.00375187 0.0199616 -0.0112222 0.0390269 -0.013111 -0.0042704 0.0278142 0.0229572 -0.00882746 -0.00645665 0.00750992 0.212531 -0.0236002 -0.0132552 -0.00217957 -0.0191684 -0.00207981 0.00301716 0.00737839 -0.00260128 -0.0168984 -0.00726198 -0.0381702 -0.0155643 -0.000446483 -0.0103981 -0.0145485 -0.000697745 -0.00534131 -0.0256905 0.000871754 -0.000672534 -0.00175502 0.00319975 -0.0121687 0.028914 -0.00464368 -0.00337372 -0.0144754 -0.036229 -0.0235852 -0.0111642 -0.0252325 -0.0278964 -0.000760282 0.0189301 0.0124502 0.0380467 -0.000590364 -0.013849 -0.00159782 -0.0273376 -0.00209899 -0.012257 -0.00519168 -0.0148589 -0.00349983 0.0131775 0.0170795 0.0137994 0.00789747 0.0107704 0.0523968 0.000576305 -0.0141284 -0.04328 -0.0240416 -0.00150113 0.024185 -4.96539e-05 -0.0204167 0.04373 0.0142717 -0.0128917 -0.00372773 -0.0221813 -0.0172942 -0.0072452 -0.0139938 0.00204465 -0.0149312 -0.00320549 -0.00661639 0.000126881 -0.000421584 -0.0325512 0.00951354 -0.00207852 4.8161e-05 -0.00357935 
-0.0495879 -0.00928395 -0.0227518 0.0102774 -0.0452217 -0.00365422 -0.00129817 -0.0043305 0.0428756 -0.00649724 0.0056888 -0.0328243 -0.0158887 0.021389 0.0147958 -0.00257436 0.0076693 -0.000649001 0.0304743 0.0173885 -0.0139688 -0.0236002 0.241817 -0.0580494 0.000756 -0.0111509 -0.000113007 -0.0153428 -0.0152818 0.00318695 -0.0440744 -0.0017051 -0.0258446 -0.0059788 -0.0109031 -0.0109552 -0.0125167 -0.00379258 0.0400866 0.0367922 -0.00254872 -0.000693225 0.00555674 0.00894578 0.0131712 -0.0036886 -0.00487675 -0.00721602 0.0242195 -0.0250511 -0.0150729 -0.0473706 -0.0114546 0.00592742 -0.00715755 -0.0241833 0.007903 0.0239899 -0.00557605 -0.0173385 -0.00890704 0.0289894 -0.00981455 -0.00393743 -0.00862902 0.011555 -0.00146366 -0.0169956 -0.0173222 -0.017844 -0.00721262 -0.00829774 -0.0144286 -0.00461908 0.0120509 0.0604516 0.00640596 9.50137e-06 0.00656522 -0.005661 0.00716668 0.0235072 -0.0023967 0.0275777 -0.00167777 0.0145478 0.0385876 -0.0128179 -0.00559162 -0.00863861 0.00768885 -0.00181683 0.00362521 -0.0216827 0.0150008 -0.0282929 0.00417119 0.0133893 -0.00699776 -0.00908789 
0.0156136 0.00504856 -0.0103338 -0.0390133 0.0524196 -0.00262431 -0.00391712 -0.00592876 -0.0497267 0.00917569 -0.0126121 0.040945 0.0283609 -0.0335875 -0.0382674 0.000243614 -0.0342012 0.00053965 0.00510126 -0.0194025 0.00633863 -0.0132552 -0.0580494 0.225272 -0.00750489 0.0117192 -0.000943989 0.0135412 0.00233975 0.00368495 0.0495502 0.00798492 0.0355361 0.00303974 0.0100745 0.000920004 0.0142494 -0.00680328 -0.0474687 -0.00115138 -0.0274048 -0.00123855 -0.00589069 -0.0238672 -0.0120312 0.0274182 -0.00127004 0.00810325 0.00483628 0.049777 -0.0190351 0.0343353 -0.00544039 -0.037669 0.00325374 0.0128442 -0.0181631 -0.0634207 0.00279226 0.0213604 0.00615669 -0.00558996 -0.0103827 -0.00894551 0.03925 -0.00699719 -0.0187151 0.000461231 -0.0145797 0.00325449 0.00110639 -0.0139776 -0.00187605 -0.00134554 -0.0035265 -0.0555426 -0.0232393 0.00171335 -0.0150477 -0.00158134 0.00768515 -0.0457152 -0.00541608 -0.0213917 -0.0034572 0.00698966 -0.0458312 0.0159975 0.0173083 0.00715072 0.0371576 0.00277083 -0.003414 0.0415377 0.00361056 0.0165338 -0.00858355 -0.00825315 -0.000813532 0.00934119 
-0.000275198 0.00970279 -0.00171028 0.00384729 -0.00225796 0.000585978 0.00167403 0.00679009 0.00211203 -0.000154867 -0.00489313 -0.00490933 0.000614747 -0.0104432 -0.00292647 -0.00119821 -0.0143287 -0.0102596 0.00449097 0.0178974 -0.00740083 -0.00217957 0.000756 -0.00750489 0.100011 -0.00323193 0.00059683 -0.00141168 -0.000634685 0.00259202 -0.016466 0.000753191 -0.00406361 8.28824e-05 -0.00208357 -0.0028905 0.00744853 -0.00053865 0.0162402 0.0134061 -0.00781771 0.00167087 0.000237331 0.000795015 0.00324829 0.00450494 -0.000798037 -0.00153121 -0.00216129 -0.0185767 0.00177187 -0.00514301 0.00454341 -0.0239764 0.000600628 0.00131065 -0.0074954 -0.00938629 -0.00190771 -0.000753086 0.000719927 -0.0077843 0.00425699 -0.0110372 0.00648708 0.00126208 0.00536 0.0158997 0.0165733 0.00189251 0.00054757 -0.0018739 0.00152749 -0.00173806 0.00120006 0.00255328 0.00585191 0.00407886 -0.0102593 0.00264889 -0.00650253 -0.00113753 0.00433471 -0.00357786 0.00323933 -0.0149095 -0.00835836 0.00231828 -0.00336221 -0.000934419 0.000976915 0.00127023 -0.00387271 -0.00313038 -0.00517563 -0.0188165 -0.00336464 -0.00196753 -0.00218401 1.19025e-05 
0.0138995 0.0132637 0.00150223 -0.0143092 0.016028 -0.00598119 -0.00172344 -0.00781805 -0.0201824 0.00247728 -0.00687182 0.00963829 0.00144284 -0.01892 -0.0268207 0.00160432 -0.00554092 0.0055597 -0.00460985 0.00896233 0.00999205 -0.0191684 -0.0111509 0.0117192 -0.00323193 0.132036 0.00140454 -4.11987e-06 0.00464818 0.0015326 0.0220415 -0.00266066 0.0200589 0.00808892 -0.00241349 0.00380443 -0.00152452 0.00253317 -0.0116298 -0.00127372 -0.0158431 -0.00154961 -0.000771037 -0.00865295 -0.00266085 -0.00496743 0.000748727 -0.00204727 0.00201675 0.0146449 -0.0104492 0.00961585 0.00646799 -0.00958399 5.24012e-05 0.0028668 -0.0124155 -0.0244297 0.00312757 0.00271837 0.0139931 -0.00124764 -0.00346532 0.0100516 0.0207766 0.000138808 -0.00401984 0.0068054 -0.00735855 0.00346498 0.000340847 0.000242324 -0.0283773 -0.00154941 -0.00858848 -0.0270052 0.0150294 -0.00990851 -0.0204671 -0.00503701 0.000543556 -0.0291416 0.00129785 -0.0133502 -0.0064352 0.0212821 -0.024482 -0.00355657 -0.00981645 -0.00158119 0.018359 -0.00144467 0.00879917 0.000531707 0.00360322 0.0107154 -0.00599547 -0.00269234 0.00188634 0.0023675 
-0.00025912 0.000214532 0.000359872 -0.000366048 -0.000186813 -0.000656239 0.00039549 -0.000105759 -0.00169169 0.00109014 0.000399958 -0.000347738 -0.000955307 -0.00107494 -0.00143288 0.00085006 -0.00152695 -0.00120335 -0.000539745 0.00119602 -7.77956e-05 -0.00207981 -0.000113007 -0.000943989 0.00059683 0.00140454 0.00947667 1.30733e-06 2.18689e-05 0.000505682 -0.000148897 0.00039827 -0.000650651 0.000171232 0.000342786 0.00113945 -0.000173393 8.42071e-05 -6.38433e-05 0.0012766 -4.27123e-05 0.000186719 0.000115047 0.000549994 0.00127573 -0.000832547 6.06037e-05 0.00115471 0.000959945 -0.000759004 0.000184426 -0.000338692 0.000299979 -0.00293053 0.000486417 0.00012811 -0.000768205 -0.00114795 0.000390861 8.9904e-05 -0.000101368 0.000567133 0.000994054 0.000684001 -0.00259145 0.000704435 0.00152322 -0.000441287 -0.000325239 0.000264455 -0.000163217 0.000460859 -0.00050761 -2.69389e-05 0.00029021 -0.00082135 0.000458003 -0.000182791 -0.00095057 0.000274736 -0.000664973 -0.00162215 -7.05137e-05 -0.000913646 -0.000264413 -0.000835003 -0.001682 -0.000162479 0.000373915 0.000417611 -0.000589378 0.000491872 0.00111477 0.000511953 -0.000154255 -0.000876074 -0.000124092 -0.000147766 0.000599114 9.78665e-05 
0.00995613 0.00084618 0.00160229 -0.00473854 -0.00493838 -0.00351503 9.45752e-05 -1.13187e-05 -0.00141769 -0.000452765 -0.0012753 0.0108177 -0.000336231 -0.00271944 -0.00649507 -0.00139203 -0.0107851 -0.00895546 0.00513819 -0.00381524 -0.00228939 0.00301716 -0.0153428 0.0135412 -0.00141168 -4.11987e-06 1.30733e-06 0.0541853 0.00405784 0.000689634 0.00313141 0.00613389 -0.00331079 0.000826671 0.00389024 0.00374022 0.000867672 -0.00072194 -0.00511837 -0.00196141 -0.0032241 0.00115692 0.000844469 0.00228727 0.00136532 0.00155965 0.000165514 0.0031616 -0.00371643 -0.00668807 9.81514e-05 0.00405553 -0.000678247 -0.00733267 0.00333447 0.001524 -0.00296311 -0.00964832 0.00110773 0.0134663 0.000911586 -0.0118875 -9.77002e-06 -0.00438742 -0.00851137 0.00289469 -0.000685214 0.000722947 -0.000136832 0.00247771 0.00305364 -0.000195609 -0.00557582 0.00378405 2.20334e-05 -0.0120081 0.0034123 0.00244954 0.00192165 0.00359805 -0.00083474 -0.00420239 -0.000620563 0.00153694 -0.00224089 -0.00638518 -0.00996398 0.00053335 -0.000814296 -0.000373497 0.00247123 0.000137438 -0.00312607 0.00101347 -0.000178327 0.0016021 -0.00160814 -0.000704858 -8.39214e-06 0.0005107 
0.0138321 0.000761317 -0.000146482 -0.00205251 -0.0018512 0.00106651 0.000184612 0.000372597 -0.00260615 -0.00145414 -0.00284234 0.016282 -0.00121356 0.0079735 -0.0088313 -0.00104197 0.00522908 -0.0156867 0.000441661 0.000213865 0.00470453 0.00737839 -0.0152818 0.00233975 -0.000634685 0.00464818 2.18689e-05 0.00405784 0.0544211 0.00175561 0.00841736 0.000490875 -2.85113e-05 0.00496674 0.00565761 0.00282761 -0.00084768 -0.000107794 0.00108161 -0.005556 0.0015384 0.000583176 0.00189912 -0.00155364 -0.000970824 -0.00475339 -0.000627397 -0.000148066 -0.00336681 -0.00402077 0.00191597 0.000515437 -0.00314405 -0.0120609 0.00286567 0.0066806 -0.00122312 -0.00261587 -0.000577581 0.00107758 0.00272622 -0.0123024 -0.00289128 -0.00256469 -0.00813942 -0.00268608 -0.00266439 0.000997161 -0.00361964 0.00147149 0.00837722 -0.000141459 0.00391113 0.000939533 0.00247659 -0.0160714 0.00972057 -0.00272077 -0.00822809 0.00156863 -0.00172155 -0.00622263 -0.000830242 -0.00816534 -0.00180275 -0.00773038 -0.0138545 -0.00139006 0.0027261 0.000495025 -0.00126129 -0.000633162 0.00198487 0.002487 -0.00290782 -0.00542288 0.00204405 0.000747594 -0.0023543 0.00269634 
0.00119024 -0.000343717 -0.000513901 -0.00146611 -0.00136632 0.00101184 -5.60671e-05 -0.00136377 -0.00124227 -0.000712573 -0.000939118 0.00249788 -0.000404839 -0.0018256 -0.00518553 0.000246382 -0.00130305 -0.00570264 0.000475043 0.00451913 -1.28545e-05 -0.00260128 0.00318695 0.00368495 0.00259202 0.0015326 0.000505682 0.000689634 0.00175561 0.0293613 0.00119982 0.000773064 0.00354618 0.000266612 -0.000383017 0.0010574 -0.00117099 -0.000395622 0.00130946 -0.00183944 -0.000438696 0.000154445 0.00223955 -0.000125849 0.00162622 -0.00678958 -0.000205652 -0.000357704 -0.00193369 -0.00262375 -0.00108852 -0.00123771 0.00212649 -0.0039844 -0.000291758 0.00275285 -0.00172804 -0.00140342 -0.000223217 0.00110535 -1.52544e-05 -0.000850513 0.00274212 -0.000373416 0.00163464 -0.00115049 -0.000803118 -2.61691e-05 -0.00228027 -0.000840116 5.50072e-05 -0.00102175 0.00135317 0.000521661 0.00417566 -0.00084503 0.00128945 -0.0009603 -0.00227437 -0.000365118 -0.000898256 -0.00273616 0.000204399 -0.00403362 -0.00112887 -0.00122894 -0.00470119 0.000471939 0.000132601 -0.000556732 -0.00413645 -0.000220041 0.00318422 -0.000507736 -0.00195716 -0.00214563 -0.000116682 0.00122638 -0.000970882 7.02436e-06 
0.022588 0.00282067 -0.00557616 0.0116568 0.0135492 -0.0117733 -0.000852649 -0.0175175 -0.031085 -0.0106946 -0.0180108 0.0261188 0.0198656 -0.0215146 -0.0380211 -0.00619143 0.0519118 -0.0154752 -0.0318146 0.0127958 -0.00746808 -0.0168984 -0.0440744 0.0495502 -0.016466 0.0220415 -0.000148897 0.00313141 0.00841736 0.00119982 0.233149 -0.0140122 0.026378 0.00723132 0.00627897 0.0195175 0.00350527 -0.00556307 -0.050578 -0.0208888 -0.030543 -0.00478389 -0.00659143 -0.0196096 -0.0203614 -0.00605203 0.000746469 0.00283775 -0.00693291 0.065897 0.0103043 0.0309905 -0.00215089 -0.0211155 0.00302688 0.00344331 -0.0193276 -0.0695352 0.00923999 0.00825146 -0.00386728 -0.0264022 -0.0115736 0.0139606 0.0111919 -0.00628191 -0.0182882 0.0114033 -0.0292518 -0.000316987 -0.000982333 -0.00202084 -0.0298664 -0.00105363 -0.0136654 -0.0260741 -0.00332868 -0.00992784 -0.0418183 -0.00189344 0.010014 -0.0436425 -0.0146032 -0.0257738 0.00173277 0.0442442 -0.0549696 0.0169106 0.00640558 0.00743922 0.0477513 0.00657249 0.015771 0.0335245 -0.00308679 0.0401186 -0.00184467 -0.00376542 0.0123392 0.0101035 
0.00174125 -0.00222045 0.000465466 -0.00776431 -0.00354835 0.00112826 0.000929006 0.00202373 -0.000956182 0.00806695 0.00387517 -0.000593536 -0.00387304 -0.00101992 0.0150603 -0.00185328 -0.0161437 -0.00944811 0.0205026 -0.00324336 -0.0039338 -0.00726198 -0.0017051 0.00798492 0.000753191 -0.00266066 0.00039827 0.00613389 0.000490875 0.000773064 -0.0140122 0.0519057 0.00197029 0.00721788 -0.00107642 0.000531662 0.00010254 -0.0018318 -0.00427001 -0.00080245 0.000678613 0.000243421 0.000238712 0.00304192 -0.00106963 -0.00148822 0.00231081 0.00105148 0.000337384 -0.0133133 -0.00126582 -0.00429572 -0.00281549 -0.00323157 0.000372159 0.00783621 -0.00249495 0.000748489 -0.00130376 0.0103814 -0.00161665 -0.0105233 0.00881652 -0.00522555 -0.00114286 0.00206377 0.000645589 -0.00449924 -0.00156079 0.00490331 -0.00101179 -0.0019685 0.000664065 -0.000550673 -0.00220242 -0.00374077 -0.00278769 0.00432187 -0.00434213 2.8677e-05 -0.00314622 -0.00542971 0.00199499 0.00672498 8.91993e-05 -0.00519042 -0.000671277 -0.00199748 0.00189814 -0.000445688 -0.00646884 -0.000305964 0.00895449 -0.0028703 0.000949095 -0.0104116 -0.00161763 0.00168302 -0.00241792 -0.00139074 
-0.00237751 -0.00360724 -0.00654254 -0.0176205 0.0281729 -0.0194632 -0.00188304 -0.00897978 -0.00656423 0.00753561 -0.00775982 -0.0143756 0.0186903 -0.0233046 -0.00457761 -0.00180641 0.0304582 0.00521559 -0.017048 0.000827465 0.000263431 -0.0381702 -0.0258446 0.0355361 -0.00406361 0.0200589 -0.000650651 -0.00331079 -2.85113e-05 0.00354618 0.026378 0.00197029 0.154387 0.0224714 -0.00312751 0.00699191 0.00208894 0.00272476 -0.0187763 -0.0143428 0.0012123 -0.00194254 -0.000671168 -0.00825974 -0.000808761 -0.015349 0.00399996 -0.00542414 -0.0125527 0.0502709 -0.0125956 0.0115507 0.0153895 0.00401553 -0.00425011 -0.00446532 -0.0138902 -0.0120269 -9.80734e-05 0.00427783 0.000207458 0.010068 -0.00621752 0.0242356 0.0138415 -0.00814213 -0.00560467 -0.0132037 -0.00742796 -0.00575024 -0.00230281 -0.00652458 0.00301386 0.000259304 -0.0141975 0.00279558 -0.00578581 -0.00150623 -0.0187088 -0.000159941 0.0091093 -0.0396531 -0.00730662 -0.0136753 -0.00840043 -0.000635805 -0.0215249 0.00207295 -0.00499268 -0.00353742 -0.00503511 -0.00150986 -0.000173226 -0.00304799 -0.011937 0.0327436 0.000940981 -0.00547443 -0.00284354 0.00451699 
-0.000521064 0.000772963 -0.00174998 -0.015624 0.00209923 -0.00801681 0.000529086 -0.00497885 0.00106307 -0.000858623 -0.00276708 -0.0165122 0.000401417 -0.00199562 -0.00184456 -0.00163058 0.000214414 -0.00697226 0.0128937 0.0059495 -0.00404911 -0.0155643 -0.0059788 0.00303974 8.28824e-05 0.00808892 0.000171232 0.000826671 0.00496674 0.000266612 0.00723132 0.00721788 0.0224714 0.10013 -0.00393004 0.0101469 -0.00420164 -0.00147083 -0.00729688 0.00782535 0.00665131 -0.000763919 6.37074e-06 -0.00300341 0.00150789 -0.00552216 0.0034078 -0.000839373 0.0022832 0.010166 -0.00616257 0.00124291 0.000820639 -0.019493 0.00050111 0.00155508 -0.00865694 -0.00345636 0.00034935 0.00196651 0.0019563 -0.0162205 -0.00559619 0.00137009 0.0092655 0.00152943 0.00298326 -0.00980824 -0.00680261 -0.000264086 0.00040519 -0.00115802 -0.00688674 0.00111935 -0.00130375 0.00021651 0.0146057 0.00149055 -0.012505 9.60955e-05 0.00850281 -0.0175728 -0.00341788 -0.00906955 0.00010724 -0.0041987 -0.0155697 -0.00348238 0.00345862 -0.00366835 -0.00605449 -0.00227395 0.00509052 -0.00752662 0.000545785 0.0114784 -0.00219312 -0.000482514 4.17685e-05 -0.00119363 
0.00281397 0.000913173 -0.00123737 -0.00131361 -0.000558076 0.00108266 7.51576e-05 -0.00142344 -0.0114803 0.000179896 -0.0022345 0.00900097 -0.00517765 -0.00547881 -0.00755115 -8.02554e-05 -0.0120103 -0.0165462 -0.00377568 -0.00228765 0.00240296 -0.000446483 -0.0109031 0.0100745 -0.00208357 -0.00241349 0.000342786 0.00389024 0.00565761 -0.000383017 0.00627897 -0.00107642 -0.00312751 -0.00393004 0.0547347 -0.00274052 -0.0026033 0.00093516 0.00101729 -0.00225387 -2.9973e-05 0.00285525 0.000661983 0.000706893 0.00721666 0.00711961 -0.000172599 0.000532196 -0.0026559 -0.00687601 0.00193961 -0.00416734 -0.00293086 -0.00140879 0.00341168 0.00392257 0.00091016 -0.0118314 0.00140306 0.00478945 -0.000171829 0.00249325 -0.0023881 -0.00251668 -0.00796329 0.00584756 0.000347323 7.30904e-05 0.00456219 0.00251254 0.00190298 0.000742655 0.00473382 0.000478846 0.00372788 -0.00654925 -0.00307877 0.00331875 0.000512217 0.00287548 2.99639e-07 -0.00116445 -0.000786473 0.00287714 -0.00194188 -0.0108172 -0.0102439 -0.00288991 0.00517901 0.00781373 0.00391827 5.23664e-06 -0.00397592 0.00387587 -0.00177652 -0.00518642 0.00165612 -0.00153133 -0.000489751 0.0023375 
