0.219678 0.0225488 0.0415013 0.0166569 -0.00376011 0.0427245 -0.00772831 -0.0250561 0.00597347 -0.00399205 0.0125636 -0.00714852 -0.00294287 0.00328007 0.00948657 -0.0141225 0.0105013 -0.0249169 -0.000141686 -0.0346391 -0.0074477 -0.0243924 -0.0431455 -0.00269069 -0.004213 -0.0208397 0.00313124 -0.0199986 -0.00290452 -0.0085888 0.031599 -0.00351758 -0.00948957 0.00373718 -0.0188688 -0.0572156 -0.0174736 0.0482268 -0.0217396 -0.019302 -0.0126891 0.00259236 -0.00768373 0.105792 -0.00569801 -0.00511546 -0.017299 0.0105591 0.00100293 0.0142828 -0.0157811 -0.0118987 0.00555567 -0.0176483 -0.00710432 0.00239431 0.00911056 -0.00480173 0.000445916 -0.0101929 -0.00108768 -0.00468035 -0.00376845 -0.00150189 -0.00235286 -0.0111444 -0.0216492 -0.00101453 -0.0042167 -0.00337263 -0.0148613 -0.0131886 0.0055444 0.0382508 -0.000535919 -0.0178774 -0.00210976 -0.0174927 -0.00847796 -0.0281847 -0.032535 0.0121376 -0.0244506 0.0142342 -0.000165527 0.0188437 -0.0115856 0.0211289 -0.00404565 0.00776693 -0.0121656 -0.025817 -0.0258453 0.00192058 0.0076874 -4.28693e-05 0.0527835 -0.0114474 0.0387788 -0.0146145 
0.0225488 0.133049 0.00959128 0.00161371 -0.00383132 0.0167812 -0.00613153 -0.00016163 0.00841878 -0.000437738 -0.00326732 -0.0060649 0.00283801 0.0105638 -0.00224763 -0.0013946 0.00431035 -0.0215405 -0.0046536 -0.00483612 -0.00877629 -0.0211783 -0.000559636 0.0184976 -0.000525254 -0.00991796 0.000735789 0.0103722 -0.00151849 -0.00721869 0.0149986 -0.00453024 -0.0021229 -0.0190723 0.0289506 0.00284308 -0.00497421 0.00215062 -0.0157533 -0.01321 -0.00575227 -0.00251189 -0.000463262 0.021525 -0.000678434 -0.00132552 -0.00299754 -0.000296252 -0.00746484 -0.000637417 -0.000458913 -0.0161983 -0.0024141 0.0153363 -0.0058291 -0.000639678 0.0010659 -0.00310103 -0.00579408 -0.00313416 0.00308679 -0.00203571 -0.0239555 -0.00109648 -0.0036819 0.00309684 -0.0163155 -0.00343198 0.0101046 -0.000187746 -0.0114935 -0.00824947 4.02099e-05 -0.00173937 -0.00119369 -0.00160785 -0.00617833 -0.0090931 -0.00379506 -0.0262183 -0.0164278 -0.00264115 -0.0084687 0.00348284 -0.00101338 -0.00213769 0.00353455 0.0154942 0.00375296 -0.00364907 -0.00533402 -0.00464681 -0.00668573 0.0178826 -0.00361764 0.00113315 0.01149 -0.0184858 0.0160178 0.00169573 
0.0415013 0.00959128 0.16151 0.0177329 -0.0116737 0.0513092 -0.00026482 0.00316062 -0.00167145 -4.12331e-05 -0.00234899 -0.00506033 -0.0037776 0.00697233 0.0212957 -0.00943032 0.030536 -0.0196003 0.00407764 0.00301399 -0.0167861 -0.00450311 -0.0164013 -0.014048 -0.00143287 -0.00928156 0.00214938 -0.044763 -0.000172619 -0.00115863 0.0625285 0.00272026 -0.000249195 0.00799488 -0.00576659 -0.0211337 -0.0111948 0.0317578 -0.0224741 -0.019556 -0.0291351 0.00575931 -0.00721854 0.0570872 0.0158334 -0.00401449 -0.0275655 0.0265932 -0.018425 -0.0150952 -0.0138773 -0.0412811 0.00517413 0.0151723 -0.00612376 -0.00473912 -0.00180349 -0.000940555 -0.00154819 -0.00336605 -0.00102112 -0.00207215 -0.0116887 -0.00298055 -0.00536147 -0.0142751 -0.023082 -0.0335027 -0.0117548 -0.000190891 0.00504994 -0.0113575 -0.00142872 0.0397321 0.00329668 -0.00227914 -0.00311617 0.00360011 -0.00920936 -0.025709 -0.0232805 0.00240894 -0.0463559 0.0012418 -4.30711e-05 0.00634206 -0.00865487 0.00238306 -0.00262496 0.0172661 0.0147132 -0.00528124 -0.0168153 -0.00201574 -0.0262309 -0.0114285 0.0268239 -0.0442345 0.058617 -0.00102723 
0.0166569 0.00161371 0.0177329 0.0933292 0.00306974 0.0100155 -0.00402847 -0.00624342 -0.00154918 -0.00194322 -0.00389176 -0.00283467 0.00232445 -0.000532256 0.00534808 -0.000785667 0.00232786 -0.0127168 -0.00302996 -0.0111677 -0.00711114 -0.00813764 -0.0092316 -0.0193664 0.00628288 -0.00617802 0.00268506 -0.0213879 -0.00140362 -0.00309382 0.0395031 0.00107272 -0.000430062 -0.00967419 0.0184197 0.014364 0.00599583 0.00703017 -0.000913989 -0.00941341 -0.0187811 0.0107375 0.00211313 0.0168925 -0.00505253 -0.00275094 -0.0121317 0.0146382 -0.0117262 0.00593971 -0.00562586 -0.019982 0.00333739 -0.00228053 -0.00479272 0.0116286 0.0149037 -0.0025078 0.00239273 0.00412477 -0.0023947 -0.00131483 -0.0152306 0.00183925 -0.00129797 -0.0101858 -0.0143103 -0.00982046 -0.00974195 0.00145686 0.00115356 -0.00399986 0.000404434 0.0182359 0.000508455 -0.0033343 -0.00492477 -0.00959358 -0.00116698 -0.0144579 -0.016968 0.00715594 -0.017024 0.0120722 0.00210733 0.00428644 0.00184811 0.00334332 -0.00203013 0.00222553 0.0152378 -0.00364109 0.00117833 -0.0218567 -0.00935217 -0.00585955 -0.00572752 -0.0194634 0.0256833 0.00117625 
-0.00376011 -0.00383132 -0.0116737 0.00306974 0.148249 0.0366392 0.00135332 0.0103085 0.00238757 -0.0030273 -0.00615122 -0.00504301 -0.000688315 -0.000868537 -0.00724854 -0.0101723 -0.00987241 -0.000909827 0.00382846 -0.014706 0.00165786 0.0161559 0.0224627 -0.0269249 -0.00361857 -0.00525115 -0.00272153 -0.00702858 -0.00355211 0.00285552 0.00707478 9.72992e-05 -0.00266032 -0.0072371 0.0288934 -0.00299211 0.0114018 -0.00479825 0.00770247 0.0158612 -0.0225343 -0.00329613 -0.0074756 -0.00459192 -0.00470341 -0.00135555 0.00643287 0.0104587 -0.0128714 -0.00252865 -0.00163563 0.00270534 0.00246536 -0.00600241 0.00571402 0.000280098 -0.00349092 -0.00379208 -0.00876364 -0.000770882 -0.00184298 -0.0124877 0.0052035 -0.00225208 -0.00353553 -0.00744374 -0.0021888 -0.0169337 -0.00803794 5.11924e-05 -0.013938 0.00426165 -4.95259e-05 -0.00530724 -0.00160746 0.00217234 -0.00414469 0.00414077 -0.00311373 -0.00779201 0.00770737 0.00541694 -0.0305037 0.0151499 0.00223114 -0.00719537 -0.00235508 -0.0126106 -0.00299732 -0.00967336 0.0115897 -0.0123563 0.00349788 -0.0136829 0.00580365 -0.00772402 -0.00882784 0.0119917 0.00228799 -0.00240925 
0.0427245 0.0167812 0.0513092 0.0100155 0.0366392 0.207803 0.00147812 0.00593499 0.00246173 0.00220496 -0.00237249 -0.00395159 0.00414485 -0.00854414 0.00288299 -0.0280274 -0.0282259 0.0114474 0.00206534 -0.0108585 -0.01662 0.0143822 -0.0118227 -0.0380268 -0.00102213 -0.0125244 -0.00446397 -0.0407105 -0.00562845 -0.00157191 0.0445609 0.00989335 -0.00357762 -0.00567916 0.0225739 -0.0353917 0.00279766 0.0231554 -0.00291902 -0.00344024 -0.0436738 -0.00746231 -0.00838405 0.044106 0.00367365 -0.00509409 -0.00450213 0.0183996 -0.0317816 -0.00584513 -0.0208395 -0.0373171 0.00386243 0.0159624 0.000857535 0.00880154 -0.0038835 -0.00550248 -0.0157765 0.00280069 0.010601 0.000617256 -0.000677396 -0.00427547 -0.00369426 -0.0129814 -0.0234618 -0.0388607 -0.00849978 -4.87375e-05 -0.0176562 0.00493909 0.00248153 0.00848507 0.00040848 0.00613846 -0.00281815 -0.00186192 -0.0107618 -0.0244446 -0.0164706 0.0104462 -0.052071 0.0261626 0.00148834 -0.000351526 -0.00341994 -0.0203408 0.000976935 0.0165216 0.00655713 -0.0245217 -0.0138697 -0.0191436 -0.00929751 -0.0034192 0.0306865 -0.0191831 0.0516042 -0.0042623 
-0.00772831 -0.00613153 -0.00026482 -0.00402847 0.00135332 0.00147812 0.0790835 -0.00122493 0.00152988 0.0036479 0.00348018 -2.05314e-05 -0.00104011 -0.00616793 -0.000761505 0.00192935 0.0071743 -0.00701375 -0.00216692 -0.0118379 -0.00627396 0.00203664 0.00233016 -0.00904652 -0.00088322 -0.00652131 -0.00170309 0.0219861 0.00144936 0.00695102 -0.0165224 -0.00365039 -0.000927367 -0.00309312 -0.0171302 0.000133742 -0.00340804 -0.00320337 0.00466797 0.0149743 0.010815 -0.00192 -0.000425341 -0.00736938 -0.0013928 -8.42549e-05 -0.00504511 -0.00664219 0.000740646 -0.00809953 0.0061846 0.00279952 -0.00161211 -0.000694194 0.0140939 -0.00180734 -0.00415803 0.00069854 -0.00560742 -0.00284563 -0.00139376 -0.0018633 -0.0085455 -0.000781999 0.000628661 -2.56569e-05 -0.000460961 0.00165796 0.0066635 -0.000255743 -0.0034095 0.00109292 -0.00063283 -0.003836 1.1136e-05 0.00103037 0.0055542 0.00277245 -0.00133423 -0.00268948 -0.00791393 -0.00141436 -0.0105412 -0.00292457 -0.000209196 -0.00695357 0.00445918 0.00697026 0.00306686 0.00497656 -0.00336001 0.000143742 -0.00109536 -0.0138913 0.0077455 -0.00170259 0.000314595 0.0101116 -0.00088348 -0.00216583 
-0.0250561 -0.00016163 0.00316062 -0.00624342 0.0103085 0.00593499 -0.00122493 0.184315 0.00339863 0.0128303 0.0063202 0.00920036 -0.00352455 -0.00801155 -0.00182592 0.00350311 -0.00277077 -0.0236966 -0.0047186 0.0229951 -0.0175648 0.0216871 0.0225381 0.0204176 -0.0035102 -0.0142262 -0.00268089 -0.0099326 0.00122573 -0.0074071 0.014022 -0.00730418 0.00496741 -0.0342863 0.0190644 0.00652918 0.0209563 -0.0203091 0.00255669 -0.00785158 -0.037396 -0.00709351 -0.000197297 -0.0113402 0.00314839 0.00118862 -0.000241306 0.01846 -0.00231659 -0.00518871 -0.00727698 -0.0100715 -0.00157248 0.0243595 0.00537309 -0.00367751 -0.00687108 0.000429192 -0.0112953 0.00624689 0.00422677 0.0154819 -0.00695193 -0.000532791 -0.00226745 -0.0119407 -0.0075734 -0.0199929 -0.0145944 -0.00366508 -0.0217931 0.00436899 -0.00488984 -0.0152672 0.00150502 0.00769768 -0.00189692 0.0311898 0.02057 -0.0337495 -0.0233825 0.00521975 0.0145004 0.00995423 0.000344542 -0.0172184 0.00855531 -0.023004 -0.00527216 -0.0105386 0.0250593 -0.0150687 -0.00904486 -0.00153025 -0.00542521 -0.00758379 -0.0464441 -0.00803818 0.00851793 0.0121828 
0.00597347 0.00841878 -0.00167145 -0.00154918 0.00238757 0.00246173 0.00152988 0.00339863 0.0869917 -7.58747e-05 -0.00154713 0.0017596 0.00440545 -0.00033677 -0.00165959 0.00223706 0.00238291 -0.0221724 -0.00341318 0.00866148 0.0033476 -0.0117607 -0.0110256 -0.00224233 -0.002349 -0.0031989 -0.002141 -0.000565355 -0.00142152 0.00168053 0.00462712 0.00327052 0.00288371 -0.000397743 0.00525714 -0.00532776 0.0111626 0.00721327 -0.0027257 -0.00653859 -0.00532338 -0.00163389 -0.000205809 0.00826051 -0.00172067 0.000989422 0.00762259 0.00354585 -0.00614871 0.0178538 0.00374277 -0.01198 0.000849139 -0.00290865 -0.00140366 -0.00181788 0.00691328 -0.00118165 0.00297004 -0.00173661 0.00294108 -0.00169977 -0.00748909 -0.000198338 -0.001969 -0.00703841 -0.00836387 -0.00029461 -0.00255665 0.000254665 -0.00564586 -0.00170167 0.00149624 0.00356188 -0.00021372 -0.00336373 -0.00168676 -0.00844642 -0.00353119 -0.0154827 -0.0125401 0.0001773 0.00361752 0.000566263 -0.000766554 -0.00110656 -0.000157217 0.00715822 0.00109584 0.0035864 -0.000479979 -0.00542132 -0.00894449 -0.0152716 -0.00637322 0.00190504 0.00138843 -0.00805373 0.000583808 -0.00415358 
-0.00399205 -0.000437738 -4.12331e-05 -0.00194322 -0.0030273 0.00220496 0.0036479 0.0128303 -7.58747e-05 0.0791458 -0.00157112 0.00165035 -0.00149417 -0.00268768 -0.00203235 0.00254569 -0.0113922 -0.000211934 0.000854088 -0.00665715 -0.00730818 -0.00375038 0.0087126 0.00217855 0.0016804 -0.00885095 -9.14441e-05 -0.00614026 0.000457521 9.26542e-05 -0.00909591 -0.00167998 -0.000983821 -0.00618501 -0.00278136 -0.00457678 -0.00247569 -0.00506671 -0.00138885 -0.00191185 -0.0109733 -0.0018993 -0.000336526 -0.00792032 -0.00149618 -0.00150238 -0.00719321 0.00202744 -0.00503676 -0.00261214 -0.00037543 0.00144263 -0.000975485 0.00745075 -0.000581548 -0.00253905 -0.00100441 -0.000925826 -0.00386328 -0.000575728 -0.000931563 0.000491003 0.00798047 -0.000697111 0.00140572 -0.00465546 0.0119192 0.00035009 0.00230523 0.000193354 -0.00507023 0.00232399 -0.00110373 -0.00613914 -0.000797722 -0.0045463 -0.00106122 -0.0017651 0.0101663 -0.00492235 -0.00835573 0.00252124 0.00957936 -0.0038999 -5.24181e-05 -0.00124122 0.00605093 -0.00725353 -0.000333981 0.00202223 -0.00144297 0.00339989 2.67745e-05 0.00773002 -0.00196895 -0.00325065 -0.00587976 0.00585865 0.00149194 0.0102928 
0.0125636 -0.00326732 -0.00234899 -0.00389176 -0.00615122 -0.00237249 0.00348018 0.0063202 -0.00154713 -0.00157112 0.0584441 0.00209002 -0.000157863 -0.00364363 -0.00105919 0.00715974 0.00527756 -0.00615222 -0.00185174 -0.00422111 -0.00307631 -0.00770371 -0.0161982 0.00488838 -0.000421436 -0.00501941 -0.000967666 0.00328393 0.000425255 0.00205816 -0.00784708 -0.00211561 -0.000959498 -0.00677815 -0.00866377 -0.013642 -0.00342796 -0.00249635 0.000557311 -0.00221881 0.00682561 -0.000830409 0.000187694 0.00234275 -0.000743658 -0.000829461 -0.00406583 -0.0034758 0.0169461 0.0024628 -0.001582 -0.000264515 -0.000541509 -0.00290073 -9.29126e-05 0.000998384 -0.00127967 0.00136651 -0.000720029 -0.000185997 0.00297064 0.0111891 -0.00715115 0.000423225 0.000522169 0.00398468 -0.00755615 0.0106561 -0.000469375 -0.00100514 -0.006898 0.000586179 -1.29117e-05 -0.00118851 0.00106597 -0.00230756 0.00281041 0.000504234 0.000750854 -0.00612277 -0.00862725 0.00130116 0.00676007 0.000420996 -0.000651008 0.000253406 0.00186661 0.00778713 -0.00124465 -0.00252317 -0.00547108 -0.000317129 -0.00438696 -0.00363865 0.00947549 0.00448219 -0.00145757 0.000808131 -0.00534606 -0.00263756 
-0.00714852 -0.0060649 -0.00506033 -0.00283467 -0.00504301 -0.00395159 -2.05314e-05 0.00920036 0.0017596 0.00165035 0.00209002 0.051115 -0.00115805 -0.00278719 0.000413761 0.00362565 -0.0032903 -0.00405121 -0.00250714 0.00212789 -0.000959187 -0.00316671 0.00258588 0.00475104 -0.00241333 -0.00411149 -0.000907489 0.00563235 -0.000461002 0.00175671 -0.0112553 -0.000327019 -0.000770812 -0.00414761 -0.00972597 0.00422333 0.00122972 -0.00396811 0.0141033 0.00212248 -0.000434954 -0.00151469 -8.74241e-05 -0.0104088 -0.000320799 0.000413829 0.0111563 0.00176715 0.00146367 -0.00349774 0.00219252 0.00771446 -0.0011537 -0.00610713 0.000386523 -0.00217833 -0.00269132 0.00115343 -0.00393719 0.000129633 0.000329855 0.0106898 -0.00804707 0.000667055 0.00267934 -0.00362063 0.000355506 0.00323777 -0.00417715 -0.000377168 0.0012522 0.00566538 -0.00160329 -0.00393039 0.00122062 -0.00409472 0.00245905 0.00116244 0.00136952 0.00479718 -0.00462106 -0.00144532 0.0125629 -0.00383963 -0.000368711 -0.00519371 -0.00217394 -0.000701266 -0.00155005 -0.000101778 0.000609325 -1.16236e-05 -0.00484584 -0.00586719 0.000424301 -0.00299751 -0.00666562 0.00484318 -0.00498396 0.000590788 
-0.00294287 0.00283801 -0.0037776 0.00232445 -0.000688315 0.00414485 -0.00104011 -0.00352455 0.00440545 -0.00149417 -0.000157863 -0.00115805 0.0462525 0.000778357 -0.00114808 0.00960159 0.00531428 -0.00532536 -0.00131927 0.00101018 -0.000127566 -0.00720375 -0.0114523 -0.0138882 0.00113621 0.000403144 -0.000596776 -0.00218595 0.000486704 3.58966e-05 0.00433599 0.00398879 0.00408515 -0.00582525 0.0128161 0.00184668 0.00999956 -0.00482517 -0.00402621 -0.0041447 0.00412843 -0.00069706 0.000453784 -0.00398987 -0.002413 -0.000633828 -0.00365431 0.00490372 -0.00213459 0.00340172 -0.000206494 -0.00798974 0.000514885 -0.00295147 0.00232671 0.00527064 0.0046853 0.00602052 0.00106637 0.00153195 -0.00109709 -0.00225814 -0.00558992 0.000147989 -5.61366e-05 0.00227084 -0.00792441 0.00171062 0.00424315 0.00169564 0.00172592 -0.000172892 -0.000690348 -0.00112256 0.000448935 0.000102055 0.00360006 -0.00185339 -0.00149476 -0.00764093 -0.00627646 0.00519245 -0.00782393 0.0120778 -1.70034e-05 0.00405435 0.00238593 -0.000456427 0.000451495 -0.00346113 -0.00259142 0.00427608 -0.00397917 -0.0151317 -0.00345192 8.17738e-05 -0.00755662 -0.0146529 0.0044451 -0.00219637 
0.00328007 0.0105638 0.00697233 -0.000532256 -0.000868537 -0.00854414 -0.00616793 -0.00801155 -0.00033677 -0.00268768 -0.00364363 -0.00278719 0.000778357 0.117983 -0.00112395 -0.000601008 -0.00710178 -0.00295552 0.00161936 -0.0107465 -0.0107724 0.00194179 0.000450414 -0.00144187 0.0027391 -0.00950645 0.00376166 -0.0250766 0.00122439 -0.00360823 -0.00726022 -0.00284031 -0.0018604 -0.00452383 0.00924719 -0.0216625 -0.00117049 0.00067868 -0.00843458 -0.0087425 -0.0118786 0.00675331 0.00156755 0.00425406 0.00587427 -0.0024196 -0.00530908 0.00960379 -0.00263586 -0.00903839 -0.00727628 -0.00269933 -0.00262755 0.00609373 -0.00337219 -0.00188842 0.00226536 0.00316675 -0.000314786 0.00539292 0.000449888 -0.00818808 -0.00654077 -0.00117515 -0.000264922 -0.00438272 0.00238394 -0.00793588 0.00974198 8.03239e-05 0.00889824 -0.00501708 0.00311317 0.00268813 -0.000629503 0.00531922 -0.00282976 0.0122959 -0.00287683 -0.00184767 -0.00264259 -0.00132846 -0.0232958 0.00403505 0.00100449 0.0215774 -0.00473289 -0.00590477 0.00203796 -0.00723327 0.00304371 0.00534871 0.00155591 0.0336783 -0.0208249 -0.00161893 -0.00940611 -0.00146404 0.0126713 -0.00352666 
0.00948657 -0.00224763 0.0212957 0.00534808 -0.00724854 0.00288299 -0.000761505 -0.00182592 -0.00165959 -0.00203235 -0.00105919 0.000413761 -0.00114808 -0.00112395 0.0556133 -0.00263667 0.012765 -0.000983519 0.0011238 0.00190577 0.000190164 -0.00343485 -0.0084251 -0.00517019 -0.00101533 0.00354124 -0.00107883 -0.0163823 -0.000525992 -0.000543128 0.0172141 0.00478558 -0.000652541 0.00800827 -0.0103691 -0.00581686 -0.00330266 0.01057 -0.00351315 -0.00518428 -0.00676007 0.00207205 0.00180507 0.015507 0.000421828 -0.000312602 -0.0062992 0.00735331 -0.00618548 0.00170784 -0.000307682 -0.0105975 0.0007529 0.00310565 -0.00424996 -0.00184358 -0.00157353 -0.000880291 -0.00139 -0.00185384 0.00283886 -0.000210149 -0.00613161 -0.00104215 -0.000429311 -0.00499948 -0.00303333 -0.0103053 -0.00580668 -0.000852198 0.00541063 -0.000969656 0.00506347 0.0136222 0.00452517 -0.000604897 -0.00297116 -0.0029228 -0.0020014 -0.00132492 -0.00374177 -0.000883074 -0.0117389 -0.00333315 -0.000142866 0.00187537 -0.00287851 -0.00251615 -0.000730402 0.00422572 0.00445721 -0.00235957 -0.00355837 -0.0197466 -0.00713947 -0.00260568 0.00802643 -0.0128631 0.011094 -0.000771523 
-0.0141225 -0.0013946 -0.00943032 -0.000785667 -0.0101723 -0.0280274 0.00192935 0.00350311 0.00223706 0.00254569 0.00715974 0.00362565 0.00960159 -0.000601008 -0.00263667 0.118962 0.0180965 -0.0260081 -0.00253173 0.0207635 -0.00214548 -0.0163989 -0.0121479 0.0133727 0.000380777 -0.00510516 -0.001194 0.0111285 0.00598751 0.0029537 0.00194618 -0.00214936 -0.000567583 -0.00739513 -0.00744863 0.0141835 0.0122132 -0.0160627 -0.00763722 -0.00681339 0.0289874 -0.00146807 0.00169268 -0.0265774 -0.00421796 0.00101966 -0.0143668 0.00113825 0.0187491 0.0100029 0.00521529 0.00180907 -0.00122992 -0.00965868 -0.00286292 -0.00377849 -0.00401517 0.0027316 -0.00689481 -0.00116753 -0.00345763 -0.00704386 -0.0145906 -0.000560296 -0.00243481 0.00217684 -0.0145157 0.0271167 0.00904624 -0.000331477 0.00163794 2.96972e-06 -0.000935372 -0.0064895 -0.000408441 -0.00852401 -0.00151748 -0.00164218 0.00927766 -0.0152485 -0.0087531 0.00510717 0.00513965 0.00487966 -0.000757309 -0.00711912 -0.000710098 0.0212394 -0.00331745 -0.00691454 -0.0138216 0.0158869 -1.42813e-05 0.00121235 0.000952079 -0.00469506 -0.018061 -0.0107744 -0.0107843 -0.0051766 
0.0105013 0.00431035 0.030536 0.00232786 -0.00987241 -0.0282259 0.0071743 -0.00277077 0.00238291 -0.0113922 0.00527756 -0.0032903 0.00531428 -0.00710178 0.012765 0.0180965 0.192363 -0.0265541 0.000167295 0.0351152 0.00256313 -0.0302726 -0.0155979 0.0157157 0.00219219 0.0159925 -0.000423864 -0.0120842 0.00628727 0.0152374 0.0282609 -0.00673345 0.00420391 0.00710233 -0.00665697 0.0099649 0.00710491 0.0224176 -0.0144787 -0.00950439 0.00232149 0.00757993 0.00932549 0.0231047 0.00677094 -0.000610117 -0.0262246 -0.00126466 -0.00788802 0.00121575 0.0157489 -0.0301575 -0.00117416 -0.00668811 0.00132795 -0.00897892 -0.00107299 -0.000796937 0.00510999 -0.00888522 -0.00522813 -0.00181647 -0.0335209 -0.00143027 -0.0036888 -0.0159565 -0.0306038 0.00110628 0.00491755 -0.00379138 -0.00415804 -0.00626194 0.00510253 0.0153414 0.00179139 -0.00375987 -0.00470623 0.00146109 -0.00910429 -0.0295487 -0.0109517 -0.00827712 -0.0257135 -0.010718 -0.000867868 -0.0269096 0.00288965 0.0211931 -0.00521754 -0.0039041 -0.000876603 -0.00310172 0.00297624 -0.00866551 -0.0107407 -0.0132589 0.0294383 -0.0477258 -0.00824008 -0.00465182 
-0.0249169 -0.0215405 -0.0196003 -0.0127168 -0.000909827 0.0114474 -0.00701375 -0.0236966 -0.0221724 -0.000211934 -0.00615222 -0.00405121 -0.00532536 -0.00295552 -0.000983519 -0.0260081 -0.0265541 0.214935 0.010533 -0.0290707 0.0104244 0.0495516 0.0194425 -0.0306011 0.00512564 0.0188881 -0.00424774 -0.0107773 -0.00518315 -0.003177 -0.0324584 0.0128414 0.00449919 0.0477132 -0.00373541 -0.0144033 -0.0189384 -0.0205619 0.00654824 0.0047137 -0.00265673 0.00349571 0.00781804 -0.0433924 -0.00357346 0.000954527 -0.00181264 -0.0270077 -0.0200548 -0.00230748 -0.00387568 0.026778 -0.00510051 0.00469679 -0.0057994 0.00655635 -0.00668941 0.00195095 0.00697071 -0.00524728 -0.00558769 -0.0114757 0.0277729 -0.000607531 -0.000714475 0.0305839 0.0156756 -0.0257321 0.00696294 -0.00124983 0.00717839 0.0112389 -0.0014154 -0.0186302 -0.00180767 -0.010364 0.0135155 -0.0117969 -0.00589402 0.0533889 0.0729667 -0.0039774 -0.00777719 -0.00656498 -0.000963223 0.00948724 0.00451408 -0.0449496 0.00592109 -0.00997123 -0.00165154 -0.00561039 0.0026917 -0.00531835 -0.0163425 -0.00619542 -0.0124907 0.0120866 -0.0357643 0.00846427 
-0.000141686 -0.0046536 0.00407764 -0.00302996 0.00382846 0.00206534 -0.00216692 -0.0047186 -0.00341318 0.000854088 -0.00185174 -0.00250714 -0.00131927 0.00161936 0.0011238 -0.00253173 0.000167295 0.010533 0.0570249 0.00941723 0.00998016 0.0112513 -0.00809214 -0.0109035 -0.00376597 0.0121474 -0.000560851 -0.0166974 -0.00135623 -0.000252161 0.00289643 0.00162634 0.00023513 0.0179162 -0.0033412 -0.00546287 -0.00338021 -0.000265845 0.00492298 0.0028902 -0.00494736 -0.00163449 0.00114788 -0.00469652 0.00374119 -0.000344117 -0.00120662 -0.00423145 -0.00294431 -0.00150213 -0.000253293 -0.00171457 -0.00081318 0.00201328 -0.00157879 -0.00158243 1.86318e-05 -0.0014787 0.00141202 -0.000527959 -0.000524969 -0.00588048 0.00544586 -0.000463935 -0.000847684 -0.00420102 -0.00520166 -0.00829229 -0.00581343 -0.000176768 -0.00488363 0.000252336 -0.000441777 -0.000654412 -0.000132104 0.00228559 -0.00169545 -0.00471003 0.00187155 0.00143438 0.0142991 -0.000478824 -0.0101049 -0.00160802 -0.000461027 -0.00369422 0.000760169 -0.0108134 0.000201563 0.00353644 -0.0024866 -0.00282119 0.00190104 -0.00169796 -0.00792926 -0.00142542 0.00755164 -0.00231207 -0.00499338 0.00216425 
-0.0346391 -0.00483612 0.00301399 -0.0111677 -0.014706 -0.0108585 -0.0118379 0.0229951 0.00866148 -0.00665715 -0.00422111 0.00212789 0.00101018 -0.0107465 0.00190577 0.0207635 0.0351152 -0.0290707 0.00941723 0.201796 0.0240747 0.000185814 0.00217607 0.0295452 -0.00218318 0.0393755 -0.000130015 -0.0441924 0.00437356 0.0012428 0.0159082 -0.000856514 0.00429299 0.0167818 0.0207789 0.0234056 0.0133033 -0.00927415 -0.0066579 -0.0183599 -0.00359939 -0.00476029 0.00555888 -0.00529234 0.0116405 0.000383413 0.00419497 -0.00310474 0.000353816 0.0119943 0.00213953 -0.0382922 -0.00366554 0.00893068 -0.020516 -0.00838378 -0.0049601 0.00091818 0.0201805 0.00201261 0.00678925 0.00729579 -0.004859 0.000658275 -0.00389915 -0.00970191 -0.0248772 -8.07046e-05 -0.0169491 -0.00358257 -0.0112641 -0.00725529 -8.27441e-05 -0.0110631 -0.000653467 0.0082741 -0.00793021 -0.00787028 0.00330075 -0.021238 0.0070685 -0.00828461 0.0098744 -0.00768997 -0.00340958 -0.025077 -0.00565241 0.000749136 -0.00788558 -0.00200287 -0.0212337 -0.00864541 0.0135326 -0.00143457 -0.0333962 -0.00145268 -0.0109944 -0.039218 -0.00368092 -0.00376701 
-0.0074477 -0.00877629 -0.0167861 -0.00711114 0.00165786 -0.01662 -0.00627396 -0.0175648 0.0033476 -0.00730818 -0.00307631 -0.000959187 -0.000127566 -0.0107724 0.000190164 -0.00214548 0.00256313 0.0104244 0.00998016 0.0240747 0.104561 0.00230492 -0.00520451 -0.00503105 -0.00188083 0.0357022 0.000517431 -0.0122027 0.000462531 0.000567929 -0.0145232 0.00607766 -0.00147035 0.030473 -0.00258857 0.0051727 -0.00320443 -0.0100414 0.00571232 -0.00114768 0.00220198 -0.00453515 0.00737477 0.00440805 -0.00270735 0.00356097 0.00646343 -0.00180756 -0.00684997 0.0135215 0.00419067 -0.000536446 -0.000235994 -0.0100477 -0.00397245 -0.00123342 0.00287732 -0.00136595 0.012283 -0.00231742 -0.00346109 -0.000450158 0.000293535 -0.000648096 -0.00202305 0.0158548 -0.0047632 -0.00427191 -0.0118977 -0.00176363 -0.00383765 0.00072519 0.000602141 -0.00368751 -0.00041039 -0.0087911 -0.00369959 -0.0128665 -0.0049314 0.0141714 0.0252483 -0.00241412 -0.00036541 -0.00427476 -0.00113316 -0.00750284 -0.00436157 -0.0115368 -0.00173282 0.00281847 -0.00680897 -0.00575959 0.00269367 -0.0292342 -0.00550694 0.00498397 -0.000429092 -0.00718929 -0.0106484 -0.00378876 
-0.0243924 -0.0211783 -0.00450311 -0.00813764 0.0161559 0.0143822 0.00203664 0.0216871 -0.0117607 -0.00375038 -0.00770371 -0.00316671 -0.00720375 0.00194179 -0.00343485 -0.0163989 -0.0302726 0.0495516 0.0112513 0.000185814 0.00230492 0.183212 0.0402397 -0.0319714 0.00146051 0.0129559 -0.00606619 -0.0275424 -0.00351748 -0.00533944 -0.043691 0.00267086 -0.00479146 0.0257941 -0.00303586 -0.0364626 0.00628808 -0.0248077 -0.00140369 0.00120929 -0.0156808 -0.00577011 0.00617527 -0.0308436 0.00448787 0.00325857 0.0103086 0.0126791 -0.00813956 -0.00932893 -0.0129252 0.00949005 -0.00334152 0.00196026 -0.00780235 0.000493029 -0.00437571 0.00333271 -0.003621 0.00216807 -0.00537172 -0.00247859 0.0483335 -0.00131482 -0.00127055 0.0223389 -0.00719086 -0.0440729 -0.00292801 -0.00145716 -0.0184066 0.00274655 -0.00557562 -0.0113776 -0.00181531 0.00401646 0.00696602 0.0193737 -0.00284479 0.0196928 0.066766 -0.00631137 -0.0364166 -0.00167152 0.00144175 0.0121016 0.00349267 -0.0312735 -0.00135225 -0.00957239 0.0168874 -0.0170933 0.00365263 -0.0024411 -0.0255277 0.00107348 -0.025296 0.0215468 -0.00790083 0.00521062 
-0.0431455 -0.000559636 -0.0164013 -0.0092316 0.0224627 -0.0118227 0.00233016 0.0225381 -0.0110256 0.0087126 -0.0161982 0.00258588 -0.0114523 0.000450414 -0.0084251 -0.0121479 -0.0155979 0.0194425 -0.00809214 0.00217607 -0.00520451 0.0402397 0.211788 0.0143858 0.0119684 -0.00231836 0.00184765 -0.0121874 -0.00327178 -0.0132742 -0.0229211 -0.00545204 0.000281419 -0.0207987 0.0365564 0.0174312 0.00653756 -0.0198077 -0.000815692 -0.00223031 -0.0192263 -0.00754284 0.00042359 -0.0325521 0.00249818 0.00990592 0.0150284 -0.00901122 -0.0135128 -0.00896327 -0.0011286 0.0143013 -0.00685723 0.0225397 -0.0049939 -0.000421376 -0.00454126 -0.00285996 -0.00943107 0.00133107 -0.00251215 -0.0048784 0.0229406 -0.00243836 -0.000705828 0.00873495 0.0120033 -0.0427194 -0.00704374 0.00144291 -0.00615541 0.00429697 -0.00584656 -0.0169238 -0.00232326 0.0133175 0.00291668 0.0114111 -0.00518204 -0.00130571 0.0415263 -0.00923461 -0.0122575 -0.0144487 -0.000307466 -0.00220883 -0.0076623 -0.0190517 -0.000449466 -0.0187912 0.0161643 -0.00261732 0.0292078 0.0212468 -0.0272866 -0.0124293 -0.0575156 0.0198519 -0.0200308 0.00292588 
-0.00269069 0.0184976 -0.014048 -0.0193664 -0.0269249 -0.0380268 -0.00904652 0.0204176 -0.00224233 0.00217855 0.00488838 0.00475104 -0.0138882 -0.00144187 -0.00517019 0.0133727 0.0157157 -0.0306011 -0.0109035 0.0295452 -0.00503105 -0.0319714 0.0143858 0.210905 0.00168348 -0.0123103 0.00107507 0.0183633 0.00490934 -0.0156672 -0.0130214 -0.0216337 -0.00753388 -0.0390476 -0.0129287 0.0324498 -0.00698878 -0.00323062 0.010622 -0.0252164 0.0124282 0.000851015 -0.00750674 -0.00785255 -0.00584045 0.000954355 0.0139465 -0.009439 0.0317553 -0.0118208 -0.00364894 0.0152626 -0.0083241 0.00875316 -0.0148859 -0.0220728 -0.014268 -0.00255991 -0.00245252 -0.00867511 0.0064927 0.0201922 -0.0108469 -0.00131524 -0.00571046 0.00138419 0.0137883 0.0361677 -0.0124523 -0.00714524 -0.00441538 -0.00772266 -0.000751176 -0.0132443 -0.00235902 -0.00968247 -0.00441053 0.00527198 0.0111698 -0.0150525 -0.0161854 -0.0197067 0.0715755 -0.033554 -0.00656758 -0.0389902 -0.0189835 0.0167512 -0.00247028 -0.0111458 -0.029656 0.0161177 0.00940586 0.0729248 0.000945221 -0.00143668 -0.0116559 0.0227999 -0.0192628 0.000302827 
-0.004213 -0.000525254 -0.00143287 0.00628288 -0.00361857 -0.00102213 -0.00088322 -0.0035102 -0.002349 0.0016804 -0.000421436 -0.00241333 0.00113621 0.0027391 -0.00101533 0.000380777 0.00219219 0.00512564 -0.00376597 -0.00218318 -0.00188083 0.00146051 0.0119684 0.00168348 0.0715991 0.00218508 0.00189634 -0.0141647 5.16541e-05 -0.00140667 -0.000630859 0.000457753 0.00656515 -0.00174364 0.0124375 0.00685779 -0.000692252 -0.00481586 -0.00845306 -0.00708507 -0.00568393 0.00489197 -0.00228115 0.00334638 -0.00239023 -0.000873426 -0.00493738 -0.0030482 -0.00546488 0.00371235 -0.00362243 -0.0104199 -0.00111203 0.00650741 -0.00360663 0.00352729 0.00662248 0.00114413 0.00819782 0.00244024 0.00143284 0.00163862 0.00497845 -0.000210416 0.000104497 0.00520064 -0.00629243 -0.00749623 -0.00493612 -0.00103847 0.00689561 -0.0041342 0.00211311 -0.000778087 -7.0039e-05 -0.00263356 0.00141123 -0.00210812 -0.00347978 -0.00762632 -9.80321e-05 -0.000276812 -0.00682804 0.00205593 0.00325626 -0.000651645 -0.00198077 -0.00437321 -0.00037707 -0.00299304 0.00153813 -0.00196022 -0.00146419 -0.00279681 -0.00875654 -0.00325555 -0.00795646 -0.0112475 0.00166511 -0.00189419 
-0.0208397 -0.00991796 -0.00928156 -0.00617802 -0.00525115 -0.0125244 -0.00652131 -0.0142262 -0.0031989 -0.00885095 -0.00501941 -0.00411149 0.000403144 -0.00950645 0.00354124 -0.00510516 0.0159925 0.0188881 0.0121474 0.0393755 0.0357022 0.0129559 -0.00231836 -0.0123103 0.00218508 0.115735 -0.000880807 -0.0296673 0.00112646 -0.00122478 0.000524315 0.00561586 0.00759411 0.0349009 0.0140932 0.00213518 0.00480952 -0.0120201 -0.00773137 -0.0040071 -0.00110772 -0.00529826 0.0152135 -0.00473457 0.00127466 0.00404302 0.0031075 -0.00470829 -0.00820883 0.00879403 0.00452201 -0.0138754 -0.00250438 -0.00274739 -0.00834881 0.000798241 0.00151872 -0.000443363 0.0163386 -0.00217728 -0.00395238 -0.00480339 0.00902406 -0.00154682 -0.00255298 0.00915326 -0.0114124 -0.00900912 -0.0114257 -0.00176816 -0.00533742 -0.00218094 0.00181051 -0.00760945 2.99484e-05 -0.00327976 -0.00593881 -0.00736607 -0.00392597 0.00801596 0.0462287 -0.00458573 -0.00655658 0.000993922 -0.000671189 -0.00420889 -0.00196822 -0.0243179 -0.00293602 -0.00493865 -0.0137656 -0.0103341 0.00483849 -0.0224428 -0.00990849 0.000680358 0.00828633 -0.0238542 -0.0120233 -0.00292939 
0.00313124 0.000735789 0.00214938 0.00268506 -0.00272153 -0.00446397 -0.00170309 -0.00268089 -0.002141 -9.14441e-05 -0.000967666 -0.000907489 -0.000596776 0.00376166 -0.00107883 -0.001194 -0.000423864 -0.00424774 -0.000560851 -0.000130015 0.000517431 -0.00606619 0.00184765 0.00107507 0.00189634 -0.000880807 0.0355319 -0.0020475 0.000666337 -0.000493537 0.00250216 0.000138241 0.000396765 -0.00183087 0.0020952 0.000301156 -0.000450216 -0.00272365 -0.00301299 -0.00233393 -0.000304546 0.000649609 -0.000541719 0.00785743 0.00267007 0.000290037 -0.00299154 -0.00180213 -0.00191973 0.000108422 -0.00193917 -0.0048727 -6.67645e-05 0.00128461 -0.00088442 0.000281558 0.000679376 0.000123315 0.00713772 -0.000318264 0.000412462 0.000754435 -0.002843 0.000181292 -0.000767889 -0.000413031 -0.0030875 0.000429996 0.00168039 -0.000387034 0.00122325 -5.83017e-05 -0.000731478 0.0015925 -0.000114776 0.00084 -0.00178468 -0.00135279 -0.00089129 -0.00339569 -0.0042513 -0.000468835 -3.63487e-05 -0.0016012 -2.80086e-05 0.000581222 -0.00183834 0.0011657 0.000662075 0.000977298 -0.00101808 -0.000607601 -0.000236159 0.00293595 -0.00442262 0.000940678 -0.00319077 -0.00209983 0.00133994 -0.0012143 
-0.0199986 0.0103722 -0.044763 -0.0213879 -0.00702858 -0.0407105 0.0219861 -0.0099326 -0.000565355 -0.00614026 0.00328393 0.00563235 -0.00218595 -0.0250766 -0.0163823 0.0111285 -0.0120842 -0.0107773 -0.0166974 -0.0441924 -0.0122027 -0.0275424 -0.0121874 0.0183633 -0.0141647 -0.0296673 -0.0020475 0.226927 0.00141976 0.0123453 -0.0520832 -0.0093288 -0.00722131 -0.0331231 -0.0357179 0.0175458 -0.0132353 -0.0225759 0.00867957 0.0211458 0.057168 -0.00978823 -0.00898766 -0.0430775 -0.0120587 0.00264109 0.000380792 -0.0317263 0.0292237 -0.0288763 0.0119582 0.0466245 0.00118013 -0.0317926 0.0175232 -0.00569707 -0.0178638 -0.00408174 -0.0126638 -0.00909517 -0.0107326 0.00361586 -0.0151995 -0.00120727 0.00323248 3.20971e-05 0.0428354 0.0459148 0.0333444 0.000602391 0.0126703 -0.00590824 -0.00768091 -0.0270112 -0.00217663 -0.0128414 0.00568175 0.00664052 -0.00296741 0.0246405 -0.0239817 -0.0109967 0.0493285 -0.0149999 -0.0018347 -0.0127259 0.000628436 0.0534015 0.00470798 0.00707593 -0.012424 0.0162544 -0.0153893 0.0261434 0.059959 0.000889391 -0.000739988 0.0499413 -0.0300347 0.000512054 
-0.00290452 -0.00151849 -0.000172619 -0.00140362 -0.00355211 -0.00562845 0.00144936 0.00122573 -0.00142152 0.000457521 0.000425255 -0.000461002 0.000486704 0.00122439 -0.000525992 0.00598751 0.00628727 -0.00518315 -0.00135623 0.00437356 0.000462531 -0.00351748 -0.00327178 0.00490934 5.16541e-05 0.00112646 0.000666337 0.00141976 0.0333238 -0.000301125 -0.00261564 -0.00119246 -0.000788781 -0.00267365 -0.00249806 0.000210195 -0.000201536 -0.00364984 -0.00322711 -0.00324646 0.00158823 0.00179562 0.000336871 -0.000506167 0.0041463 0.00139438 -0.00198233 0.00236293 0.00345257 -0.00196794 -0.00181014 -0.0055175 -0.000342289 -0.000288185 -0.00130752 -0.00102837 0.000127301 0.00149456 0.00240039 -0.000842063 -0.000485328 0.00302464 -0.00227328 0.000547333 -0.00108831 0.000850315 -0.00119983 0.0039998 0.0046878 -0.000504089 -0.0023299 -3.06763e-05 -0.00107642 -0.00169647 -0.000233827 -0.00306775 -0.000741638 0.00679138 0.00165963 -0.00542921 -0.00204012 -0.000823237 0.00301272 -0.00171369 -5.9563e-05 -0.00314626 0.00126459 0.000873832 0.000897899 -0.00152192 -0.00234771 -0.00011186 -0.00271684 0.00169474 -0.00120418 0.00190023 -0.00290599 -0.006626 -0.00170948 -0.000403755 
-0.0085888 -0.00721869 -0.00115863 -0.00309382 0.00285552 -0.00157191 0.00695102 -0.0074071 0.00168053 9.26542e-05 0.00205816 0.00175671 3.58966e-05 -0.00360823 -0.000543128 0.0029537 0.0152374 -0.003177 -0.000252161 0.0012428 0.000567929 -0.00533944 -0.0132742 -0.0156672 -0.00140667 -0.00122478 -0.000493537 0.0123453 -0.000301125 0.0598165 -0.00470764 0.000263186 -0.00042923 0.00785652 -0.0123397 -0.0119441 -0.00223971 0.00447942 0.00424228 0.00174175 0.00761037 0.000323393 -0.00176509 -0.00557809 -0.001676 -0.00101363 -0.0050661 -0.00522309 -0.00361189 -0.00401768 0.00852844 0.00442963 0.00377844 -0.00704811 0.00953891 -0.000487538 -0.00314908 0.00060303 0.000824804 -1.14658e-05 -0.0016687 -0.00500899 -0.00898061 0.000464716 0.000839245 -0.00271706 -0.00362879 0.0017044 0.0120228 0.00132802 0.00535595 0.00239634 0.00191832 -0.0035951 0.000315584 -0.00299241 -0.00208351 -0.00263121 -0.001902 0.00465836 -0.00518821 -0.000137465 -0.00959161 0.000884421 -0.000608905 -0.00179283 0.0028771 0.00324841 -0.000736586 0.00372577 -0.000793491 -0.00150691 -0.00316998 -0.00965521 0.00649254 -0.00239705 0.0127512 -0.000891231 -0.00629915 -0.000185855 
0.031599 0.0149986 0.0625285 0.0395031 0.00707478 0.0445609 -0.0165224 0.014022 0.00462712 -0.00909591 -0.00784708 -0.0112553 0.00433599 -0.00726022 0.0172141 0.00194618 0.0282609 -0.0324584 0.00289643 0.0159082 -0.0145232 -0.043691 -0.0229211 -0.0130214 -0.000630859 0.000524315 0.00250216 -0.0520832 -0.00261564 -0.00470764 0.21648 0.00697899 0.0096507 -0.00841899 0.0357788 0.027925 0.00548879 0.0470002 -0.0189676 -0.0217662 -0.0397054 0.00584666 -0.00229995 0.0562405 0.0127938 -0.00571965 -0.0270488 0.0173286 -0.0284611 0.0133978 -0.0140319 -0.0572136 0.00687189 0.0204379 -0.0111894 0.00599725 0.0130309 -0.00589645 0.00505654 -0.00277643 0.00397538 -0.00753323 -0.0439039 -0.00352545 -0.0031257 -0.0285182 -0.0444748 -0.023366 -0.0294228 0.000852851 -0.0115235 -0.00641466 0.00202262 0.0451426 0.00177461 0.0112064 -0.0136738 -0.00690545 -0.00276664 -0.0472632 -0.0400104 0.0161209 -0.0522382 0.0137951 0.00191308 -0.00563072 -0.00618036 0.00247927 -0.00862977 0.00512827 0.0153427 -0.0149582 -0.00828495 -0.016879 -0.021642 -0.0129967 0.0182102 -0.0445561 0.051461 -0.00167955 
-0.00351758 -0.00453024 0.00272026 0.00107272 9.72992e-05 0.00989335 -0.00365039 -0.00730418 0.00327052 -0.00167998 -0.00211561 -0.000327019 0.00398879 -0.00284031 0.00478558 -0.00214936 -0.00673345 0.0128414 0.00162634 -0.000856514 0.00607766 0.00267086 -0.00545204 -0.0216337 0.000457753 0.00561586 0.000138241 -0.0093288 -0.00119246 0.000263186 0.00697899 0.0537671 0.0033065 0.0140369 0.00519514 -0.000508567 0.000902249 0.0026951 -0.00430656 -0.00263814 -0.00220703 -0.00154758 0.00442322 -0.00376268 -0.000396204 -5.95294e-05 -0.00401405 -0.00148911 -0.00643104 0.0112373 0.000143338 -0.00686015 0.00219845 -0.00525909 -3.36944e-05 0.0106529 0.00286878 7.94756e-05 -0.000817578 0.00463717 -0.000651264 -0.00476735 -0.00315582 -0.000107288 -0.000799278 0.000882009 -0.0044485 -0.00974518 -0.00105923 0.00165264 0.000252189 -0.00162307 -0.00105226 -0.000119427 -7.13413e-05 0.00213848 0.00217885 -0.00484595 -0.00287079 0.00381547 0.00671612 0.00277704 -0.0130954 0.000249806 0.000114811 0.00576919 -0.000685345 -0.00596636 0.00468836 0.00433272 0.00121554 -0.004295 -0.0025546 -0.0176062 -0.00795712 -0.000989436 -0.00246831 -0.00948653 -0.000973843 -0.000388367 
-0.00948957 -0.0021229 -0.000249195 -0.000430062 -0.00266032 -0.00357762 -0.000927367 0.00496741 0.00288371 -0.000983821 -0.000959498 -0.000770812 0.00408515 -0.0018604 -0.000652541 -0.000567583 0.00420391 0.00449919 0.00023513 0.00429299 -0.00147035 -0.00479146 0.000281419 -0.00753388 0.00656515 0.00759411 0.000396765 -0.00722131 -0.000788781 -0.00042923 0.0096507 0.0033065 0.0387073 0.00176741 0.0108941 -0.000440018 0.00794748 -0.000799086 -0.00123695 -0.00204129 -0.00710862 -9.44653e-05 -0.001274 -0.00596306 7.97186e-05 -0.000467112 0.00164543 -0.0025299 -0.00488742 0.00649622 -0.000234961 -0.00506822 4.41566e-05 0.00535841 -0.000562241 0.00345489 0.00473226 0.00238218 0.00357276 0.00161191 0.000464699 -0.00115736 -0.00382272 0.000908333 0.00080281 -0.00195188 -0.00378572 -0.00546418 -0.00336395 1.57459e-05 0.00222839 0.000137731 -0.000289121 0.000920636 -4.00704e-05 0.0050064 0.00100361 -0.00345738 0.000896068 -0.0059264 -0.00263357 0.00105236 -0.00563383 0.00248355 -0.000127264 0.00169106 0.0040277 -0.00752302 0.000814919 -0.0028353 6.10862e-05 -0.0034222 -0.00250844 -0.0124021 -0.00399783 -0.00200644 -0.00130771 -0.00551236 -0.00484882 4.01989e-05 
0.00373718 -0.0190723 0.00799488 -0.00967419 -0.0072371 -0.00567916 -0.00309312 -0.0342863 -0.000397743 -0.00618501 -0.00677815 -0.00414761 -0.00582525 -0.00452383 0.00800827 -0.00739513 0.00710233 0.0477132 0.0179162 0.0167818 0.030473 0.0257941 -0.0207987 -0.0390476 -0.00174364 0.0349009 -0.00183087 -0.0331231 -0.00267365 0.00785652 -0.00841899 0.0140369 0.00176741 0.157299 -0.0230367 -0.0210869 -0.0147348 0.0122143 -0.00750066 0.00569168 9.59914e-05 -0.00131014 0.00960426 0.00160232 0.00134304 0.000188855 -0.00561016 -0.00933728 -0.0183123 0.00766469 0.00654111 -0.0121537 -0.00444586 -0.00958396 -0.00447507 -0.0019803 0.00460701 -0.00439917 0.0131342 -0.0038996 -0.00670379 -0.0137161 0.0334258 -0.000989926 -0.00512939 0.00946728 -0.00204037 -0.0109022 -0.00515709 -0.000452443 0.000132444 -0.0071293 7.6541e-05 0.00698065 -0.00153304 -0.0181448 -0.0075572 -0.0228751 -0.0098811 0.0219951 0.0386527 -0.00163651 -0.0176009 -0.00593699 -0.00244202 0.00276307 0.000484957 -0.0182422 -0.00191365 0.00759901 -0.0120643 -0.00912413 -0.00589104 -0.0194402 -0.00724197 -0.00498196 0.0491958 -0.0175185 -0.0165053 0.00170674 
-0.0188688 0.0289506 -0.00576659 0.0184197 0.0288934 0.0225739 -0.0171302 0.0190644 0.00525714 -0.00278136 -0.00866377 -0.00972597 0.0128161 0.00924719 -0.0103691 -0.00744863 -0.00665697 -0.00373541 -0.0033412 0.0207789 -0.00258857 -0.00303586 0.0365564 -0.0129287 0.0124375 0.0140932 0.0020952 -0.0357179 -0.00249806 -0.0123397 0.0357788 0.00519514 0.0108941 -0.0230367 0.185907 0.0332489 0.0307451 -0.00652837 -0.00947402 -0.0173042 -0.0256496 0.000215474 -0.00501884 0.00280895 -0.00232463 0.00165224 -0.00047842 0.00202666 -0.0256468 0.00617226 -0.0082888 -0.034786 -0.000613182 0.0328022 -0.00713159 0.00942386 0.0120241 -0.00162629 0.00661901 0.00630563 0.00293222 -0.0118085 -0.0108487 0.00174866 -0.00323655 -0.00619089 -0.0245522 -0.0373348 -0.00389826 1.19958e-05 -0.0191029 -0.00647297 -0.00461131 -0.0183306 -0.0016827 0.00809739 -0.00250566 -0.0041284 -0.00250402 -0.0381663 0.00208526 0.00925815 -0.0183373 0.0282787 0.00308107 0.00551994 0.00278901 -0.023442 2.09538e-05 -0.0153228 0.00857826 -0.0120988 0.0146805 -0.00885055 -0.0201422 -0.00734596 -0.0350436 -0.04334 0.0114069 -0.000689871 
