0.249545 0.0203646 0.0244635 -0.0199942 0.0241977 -0.0107534 0.0305257 -0.0190122 -0.0545214 0.0207757 -0.0280548 -0.00244056 0.0335913 -0.0411894 0.00766424 -0.01706 -0.0178492 0.00679355 -0.00216765 -0.00440907 0.00448791 -0.00151896 -0.0190929 0.00958545 0.0280876 0.0129974 -0.0427885 0.0221571 -0.0553673 -0.0345677 -0.0284574 -0.0451158 -0.0605001 0.0115566 0.0131266 0.0297238 -0.0220524 -0.014449 -0.00293459 0.000885989 -0.00922135 -0.00443103 0.0645561 0.00963759 -0.0130185 0.00182559 0.00336667 0.0354398 0.00201052 -0.00931372 0.000873617 -0.0144828 -0.0196426 -0.00705293 7.73774e-05 0.00869125 0.0103562 0.00104626 -0.00328853 -0.000571928 0.00322962 0.0010693 0.0468697 -0.0234606 -0.00733763 0.0035373 -0.00688384 -0.0134404 -0.0152597 -0.00884816 0.00299814 -0.00937477 -0.000910448 -0.00239843 0.0501054 -0.00100827 -0.024844 -0.00895006 -0.00260838 -0.011231 -0.0316332 -0.0372986 -0.0134084 0.0237867 0.00549341 -0.0286313 -0.0041141 0.0583484 0.0164626 -0.0166781 -0.0244765 -0.0124863 -0.0261075 0.0413661 0.00505784 -0.00715361 0.000196501 0.0150668 0.0110818 -0.00921685 
0.0203646 0.123889 0.0390114 -0.00574972 0.01561 0.00253498 -0.00464522 -0.00702716 -0.013749 0.031822 -0.0132114 0.000589092 0.019541 -0.0232652 -0.000859991 -0.000309552 -0.00505152 0.00907322 -0.00270083 -0.00368014 -0.00864333 0.00717571 -0.00781423 -0.000928254 -0.0139692 -0.020119 -0.0336767 0.000679768 -0.00582176 -0.00881091 -0.00697616 0.0118816 0.0138357 -3.90698e-05 -0.00723946 0.00139844 -0.000280053 -0.00453865 -0.00120125 -0.000248517 -0.00445131 -0.00309415 0.00715434 -0.00044673 0.00893773 -0.0053746 0.000431921 0.00671714 -0.00131746 -0.00499864 -0.00612561 -0.001959 0.00199953 0.00877161 0.00268119 0.00194572 -0.00862116 -0.000955393 -0.00612688 0.000494997 0.00406506 -0.0145232 0.000368379 -0.00764015 -0.000603724 0.000823628 -0.00457037 -0.00221761 -0.00302675 0.000577484 0.00100278 -0.00266003 -0.0234531 -0.00051259 -0.00440033 0.00729263 -0.0132389 0.0253514 0.00159967 -0.00559697 -0.00660142 0.00345695 -0.00468141 -0.00882236 0.0107312 0.00154161 0.0016598 0.00678301 -0.00795501 -0.00404836 -0.0151196 -0.0123479 -0.0114955 -0.01027 -0.00393383 -0.00337814 0.00130657 0.00744358 0.0148785 -0.0102987 
0.0244635 0.0390114 0.248379 -0.0125702 0.0434558 0.000237666 0.00889038 0.0229532 0.00882681 0.027514 0.00772642 0.0171202 0.0191588 -0.0141245 -0.00494224 -0.00863142 -0.0132297 -0.00387949 -0.0031778 -0.0135693 -0.0195293 0.00665914 -0.0102701 -0.0100055 -0.0166793 -0.019167 0.00403015 0.0364554 0.029293 -0.0269061 -0.00506723 0.0129871 0.0508955 0.0285172 -0.0411153 -0.0317611 -0.00230346 -0.0191651 -0.00206148 -0.0151129 -0.0168568 -0.00930636 -0.038963 -0.0127827 -0.010206 -0.00472451 -0.00805878 -0.0241578 4.27541e-05 -0.0159659 -0.000956489 -0.0103188 0.0177059 -0.00125831 -0.0088984 -0.00585102 -0.00110483 -0.00158638 -0.00838045 -8.26145e-05 0.00242777 -0.0235437 -0.00906128 -0.0218454 -0.00675792 -0.00443502 -0.00594982 -0.0143764 -0.00211418 -0.0108136 0.000850218 -0.0154385 -0.00502776 -0.00403467 -0.0302089 -0.0069579 -0.0169464 0.0414874 0.00424355 -0.0100591 -0.0473919 -0.017756 -0.0206614 0.0394574 -0.00121039 0.0133539 -0.00605789 -0.00794863 -0.00309644 -0.00131843 0.0105427 -0.0174776 0.000760287 -0.0187563 -0.00164234 -0.00251522 -0.00302854 0.0152564 0.00660408 0.019852 
-0.0199942 -0.00574972 -0.0125702 0.122479 -0.0172219 0.0127873 -0.0394494 -0.00311478 0.00264345 0.0191414 -0.0156293 -0.0147967 0.0414708 -0.0209649 -0.00293417 0.0427812 0.0233592 -0.00398836 -0.00652932 -0.00285706 -0.00823637 0.000943195 -0.00115116 -0.00166093 -0.0100073 -0.0269259 0.0246779 -0.0321063 0.0265718 -0.00370253 -0.000210128 0.0336386 -0.00479437 0.037821 -0.00637902 0.000116865 0.0071025 -0.00588773 -0.000248119 0.00260013 -0.00244702 0.00570741 -0.0280813 0.00372553 0.0280528 -0.00352842 -0.00271283 -0.0113946 -0.00227585 -0.00274091 -0.00329819 0.00112239 -0.000669386 -0.00318227 -0.00436299 -0.000131752 -0.00626469 0.000503269 0.00647817 -0.000818207 -0.00273371 0.0224777 -0.000397864 0.00160631 0.000647115 -0.00395237 -0.00672231 0.00195351 0.00442663 -0.00203963 -0.00165415 0.00163677 -0.0301649 0.00156243 -0.0260401 -0.00265406 0.00431793 0.0130813 -0.0018379 -0.00523897 0.0156445 -0.0219987 -0.00694303 -0.0316984 -0.00482345 0.0041179 0.00066963 -0.00116916 0.00409568 -0.0030466 -0.0110182 -0.0120479 0.0436168 -0.0147536 -0.00943295 -0.000417573 0.00065939 0.00637558 -0.00830078 -0.0225089 
0.0241977 0.01561 0.0434558 -0.0172219 0.186448 0.00145482 0.053069 0.0449074 0.00922358 0.0200239 0.0142544 0.00362991 -0.00951354 0.0254938 -0.00635126 -0.0383473 -0.0145468 -0.00490914 0.00129421 -0.00762421 -0.00839869 -0.00168139 -0.0138182 -0.00460105 -0.00573094 0.011543 -0.0142053 0.0614075 -0.0105188 -0.0173317 -0.0264066 -0.0141057 0.00319856 0.00109137 0.00151918 -0.0245906 -0.00417719 -0.00546178 -0.000994251 -0.0203509 -0.00950516 -0.00324742 -0.00141119 -0.0012433 -0.0413925 -0.00718208 -0.00586973 -0.0146797 -0.000139475 -0.0136076 -0.00468203 -0.00545778 0.00171986 -0.00264612 -0.00462783 0.000144955 0.00407954 -0.00496045 -0.00144019 -0.000988774 -0.00374466 -0.0173713 -0.0107211 -0.016575 -0.00576998 0.00592368 -0.0132654 -0.00684461 -0.000458376 -0.00800282 0.000822066 -0.0165129 0.0445975 -0.00214688 0.00822887 -0.00880073 0.00216811 0.00361316 -0.00402519 -0.00416506 -0.0215438 -0.016048 -0.0118922 0.0391797 0.00823182 -0.0104589 -0.00474323 -0.0172218 -0.00377271 -0.00411434 -0.00151039 0.0167752 -0.0233193 -0.0260398 -0.00742351 -0.000694362 -0.00222337 -0.0178157 0.00457058 0.0193173 
-0.0107534 0.00253498 0.000237666 0.0127873 0.00145482 0.0828998 -0.021498 -0.00613579 0.0153596 0.0116277 0.00333804 0.0212255 -0.00986566 0.012265 -0.00153748 0.000110382 0.0147195 -0.00214702 -0.000214682 6.08495e-05 -0.00604232 -0.000687277 0.008763 -0.00193338 -0.0051525 -0.0114952 0.0062967 -0.00670411 -0.00430758 -0.00302196 0.0103436 -0.00975902 0.0243751 -0.000351486 -0.0133074 -0.00875993 -0.00380831 -0.00342093 0.00141948 -0.00911066 -0.00181153 0.00701281 -0.0176071 -0.000394263 -0.0130523 -0.0028844 0.00037802 -0.0104469 0.00022615 -0.00158713 0.00204859 0.00064412 -0.00228995 -0.000208565 0.00129958 0.00113046 0.0072294 -0.00202432 -0.0034472 0.000209753 -0.000225978 -0.00203449 -0.00820969 0.00966712 0.00165975 -0.00135673 -0.00304768 0.00169009 0.004038 -0.00209347 -0.00092022 -0.00330574 -0.0012018 0.000759156 -0.0119596 -0.00129383 0.0149277 0.00211871 0.00122367 -0.00343352 -0.00533853 -0.00453857 -0.0134976 -0.0088194 -0.000653438 0.00730843 -0.00156162 -0.000536309 0.00450543 0.00317956 -0.00694008 -0.00819601 -0.00197686 -0.0104954 0.00161616 0.0094298 -0.000762654 -0.0119984 0.00292675 -0.00488283 
0.0305257 -0.00464522 0.00889038 -0.0394494 0.053069 -0.021498 0.245326 0.0595749 0.00861739 0.00179414 0.026105 0.00570886 -0.0340177 0.0295635 -0.00672417 -0.0600234 -0.0133866 -0.00964712 -0.011085 -0.00807835 0.0118123 -0.00583071 -0.0209338 -0.00636006 0.00809644 0.0222132 -0.0307221 0.0827515 -0.0393884 -0.0262032 -0.0145923 -0.0615116 -0.020392 -0.0576039 0.0124089 -0.0296579 9.50983e-05 -0.009802 0.000611897 0.000788928 -0.00697391 -0.00325789 0.00262551 -0.00783346 -0.0322299 -0.00592165 -0.00744309 -0.0088683 0.00101649 0.0286752 -0.00907551 -0.00752017 -0.00298808 -0.0114013 -0.00816688 -0.00170276 -0.00589979 -0.010825 0.0192697 -0.00173665 -0.00338904 -0.0367987 -0.00286607 -0.0169782 -0.00749433 0.0130804 -0.0102407 -0.0191342 -0.00127604 -0.00659426 -0.00445372 -0.0297296 0.077241 -0.00214764 0.0368028 -0.0166107 0.0119981 -0.0181352 -0.00762212 -0.0023193 -0.0135636 0.00499459 0.0143986 0.0534382 0.00726082 -0.0167819 -0.00448944 0.00880405 -0.00579366 -0.00661178 0.0131736 0.0148132 -0.0372584 0.0121846 0.00460088 -0.00864315 -0.00485542 -0.00532885 -0.00676508 0.0269469 
-0.0190122 -0.00702716 0.0229532 -0.00311478 0.0449074 -0.00613579 0.0595749 0.224032 0.0463581 -0.00134926 0.0352696 -0.00700597 -0.0254346 0.00480469 -0.00577547 -0.0277282 -0.0160315 -0.00698674 -0.00620815 -0.00593364 0.0110349 -0.0041216 -0.014916 -0.0102524 0.00491276 0.0206834 0.0207874 0.0650008 -0.00245897 -0.00717038 -0.0427139 -0.0226989 -0.023155 0.000181197 -0.0153568 -0.0178678 0.00205452 -0.0088907 -0.00200686 -0.0288496 -0.00367075 -0.00743075 0.00364135 -0.0140027 -0.0504168 -0.00120039 -0.00740078 -0.0248463 -0.000531609 0.00497955 -0.000884663 -0.0081939 -0.00581311 0.00920229 -0.00202583 -0.00263119 0.0192136 -0.00401313 0.00889776 -0.000260259 -0.00609969 -0.00594834 -0.00808018 -0.0226517 -0.00323186 -0.00337489 -0.0165338 -0.0052307 0.00166349 -0.00353933 -0.0017888 -0.014303 0.0500785 -0.00334344 0.00528474 -0.00975278 0.0113326 -0.0271233 -0.0105538 0.00260273 -0.0160469 -0.0190101 -0.00150937 0.0490665 -0.0027549 -0.0112586 -0.00608845 -0.0386508 -0.00271963 0.00856958 0.0069144 -0.00167715 -0.0120855 -0.0173441 -0.0176787 -0.00590198 -0.00396322 -0.00815446 -0.00291313 0.0368348 
-0.0545214 -0.013749 0.00882681 0.00264345 0.00922358 0.0153596 0.00861739 0.0463581 0.136586 -0.00437018 0.0415347 0.00457368 -0.0435922 0.0337745 -0.00525503 -0.0268054 -0.00209224 -0.00514498 -0.00319589 -0.000929431 -0.00762599 -0.00199328 0.00297464 -0.00566614 -0.0111029 3.45295e-05 0.0223252 0.0233157 0.0091439 -0.00604409 -0.00559801 -0.00664977 0.0333472 -0.00645679 -0.0249717 -0.0196863 -0.000927479 -0.00197693 0.0033433 -0.0170845 -0.004355 -0.00100965 -0.0475619 -0.00694784 -0.0278711 -0.00202903 -0.00417824 -0.0216357 -0.000203371 0.00951124 0.0090398 -0.0039896 0.000814255 0.000634545 0.00321195 -0.00551602 0.0125325 -0.00474422 0.00754066 -0.00056353 -0.00245932 -0.0167158 -0.0113818 -0.00200284 -0.00267037 -0.00746309 0.00565565 -0.00494443 0.0144084 -0.00231726 -0.000634143 -0.0128177 0.0300761 6.69153e-05 -0.00813205 -0.00690929 0.0364938 -0.0160053 -0.0051749 0.00411817 -0.00780745 -0.00482382 -0.0149027 0.0292908 -0.00431938 0.0153257 -0.00346727 -0.0228667 -0.001816 0.0136439 0.0160121 -0.00828983 -0.00825783 -0.0233195 -0.00347295 0.00131869 -0.00152791 -0.0153677 -0.00202157 0.0162561 
0.0207757 0.031822 0.027514 0.0191414 0.0200239 0.0116277 0.00179414 -0.00134926 -0.00437018 0.154523 -0.00676442 0.0333101 0.0345024 0.000627752 -0.00315306 0.0102648 0.0164208 -0.00327391 -0.00295588 -0.00665163 -0.00969745 0.00511934 -0.00659482 -0.0013458 -0.0144788 -0.0418985 -0.0125676 -0.0119312 -0.00298417 -0.00901356 -0.000585592 -0.000402336 0.0259211 0.0118773 -0.00734391 -0.0146043 0.00665196 -0.00157199 0.000258324 -0.00363187 -0.00536317 0.00742521 -0.0304185 0.000113184 -0.00658767 -0.00682152 -0.00061204 -0.0107801 0.000221058 -0.00603451 -0.00198955 -0.00236581 -0.00365567 0.00865278 -0.00291214 0.00364591 -0.00243181 -0.00511363 -0.00259783 -0.0005134 0.00202389 -0.00813565 -0.00993517 -0.0120565 -0.0017688 -0.00403012 -0.0113274 -0.00488788 -0.00382715 -0.00174494 -0.00146837 -0.00756117 -0.0114471 -0.00101509 -0.0189092 -0.00215563 -0.00214195 0.0286389 -0.000581932 -0.00700595 -0.0184124 -0.0208893 -0.0206041 -0.00852455 0.00187716 0.00275791 -0.0016851 0.0153326 -0.0108134 -0.00167615 -0.0197568 -0.0154131 -0.00124641 -0.00996659 0.000153685 -0.00470562 0.00112504 -0.00435985 0.0006684 -0.00139016 
-0.0280548 -0.0132114 0.00772642 -0.0156293 0.0142544 0.00333804 0.026105 0.0352696 0.0415347 -0.00676442 0.124263 0.0174858 -0.0399882 0.0412212 -0.00466315 -0.0211625 0.00120591 -0.00478868 0.00327905 -0.00521861 0.00164051 -0.00348952 -0.0026342 -0.00451335 -0.00513616 0.0237229 0.0221222 0.0321209 -0.00757937 -0.00920086 -0.0113121 -0.0235137 0.00679063 -0.0285335 -0.00844256 -0.014895 -0.00227763 0.00187236 0.00104108 -0.012331 -0.00258858 0.00261338 -0.0211953 -0.00576744 -0.0341812 0.00159729 -0.00206443 -0.0171161 -0.00201733 0.00708133 0.000796287 -0.00426509 -0.00517801 0.00541291 -0.00108424 -0.00316898 0.00721698 -0.00328318 0.00759019 0.000290528 -0.00395631 -0.0124374 -0.00976672 -0.00480383 -0.00285822 -0.00592049 -0.00507293 -0.00440084 0.00185122 -0.00213228 -0.0010796 -0.0112499 0.0695579 -0.000713285 0.00600486 -0.00662059 0.0209761 -0.0213244 -0.00314163 -0.00433142 -0.00357468 -0.0136886 -0.0194344 0.0323223 -0.00202229 -6.45885e-05 -0.00305164 -0.0127267 -0.00586117 0.00719713 0.008732 -0.00224191 -0.0166372 -0.0227344 -0.00521723 0.00095754 -0.00215656 -0.0189914 0.00216571 0.0161053 
-0.00244056 0.000589092 0.0171202 -0.0147967 0.00362991 0.0212255 0.00570886 -0.00700597 0.00457368 0.0333101 0.0174858 0.179439 -0.00686845 0.0247507 -0.00494982 -0.0228394 -0.00574541 -0.00662721 0.00169988 -0.00315442 0.00460272 0.000451885 0.0148411 -0.000244692 0.00319113 0.00690115 0.0304342 -0.00353777 -0.0088516 0.00105657 0.0373213 -0.00920173 0.0475877 -0.0352436 -0.0260678 -0.0255528 -0.0064206 -0.00905162 0.000747191 -0.0172353 -0.00801382 0.00323711 -0.0384233 -0.00386713 -0.04008 -0.000847779 -0.00177842 -0.0317456 -0.00301181 -0.0170453 0.0147897 -0.00246195 0.00450924 0.00179251 0.00438635 0.00406108 0.00134498 -0.00512213 -0.00420917 0.000243277 0.00190949 -0.0147166 -0.0212656 0.00902136 0.00427456 -0.00376921 -0.0047249 -0.0039985 0.000544401 -0.00464564 -0.003447 -0.0156803 0.0307053 -0.00202447 -0.0411176 0.000782259 0.0238265 0.0104488 -0.000209579 -0.00559465 -0.0118244 -0.00764672 -0.0289456 0.0181098 -0.00542473 0.00461257 -0.00263329 0.00104407 -0.00257393 0.00342149 -0.00223999 -0.0220374 -0.0111168 0.00905497 0.00203006 0.00430624 -0.00307104 -0.0287725 0.00357031 0.00122795 
0.0335913 0.019541 0.0191588 0.0414708 -0.00951354 -0.00986566 -0.0340177 -0.0254346 -0.0435922 0.0345024 -0.0399882 -0.00686845 0.249256 -0.0600943 -0.00156238 0.050996 0.00367037 0.00524599 -0.0194384 -0.00945261 -0.0130943 0.000106001 -0.0167879 0.00867404 -0.0243118 -0.0759306 0.0139058 -0.0845398 0.0294527 -0.0119194 0.00359323 0.0863771 -0.0208128 0.0624084 -0.0207114 0.0162627 0.00463306 -0.0119453 -0.00305943 0.0275337 -0.00843019 0.000558239 -0.0105918 0.00634925 0.0731357 -0.00571425 -0.00114024 0.00660501 -0.0045843 -0.0178774 -0.0103073 -0.00485951 -0.000341963 -0.00603391 -0.0124387 0.00813193 0.00734253 0.00768604 0.0106917 -0.00171404 0.00107496 0.0489473 0.00701697 -0.0169238 -0.00160496 -0.0188482 -0.012697 -0.00523111 -0.00945261 0.00187086 -0.000662983 0.00621247 -0.0840435 -0.00252993 -0.0569839 0.00197189 -0.0283673 0.0607174 0.000492164 -0.0142335 0.0051891 -0.0105196 0.00583233 -0.0549735 -0.0142298 -0.00576575 0.0040498 0.0232537 -0.0128409 -0.013416 -0.0232493 -0.0283593 0.0553943 0.0276297 -0.0144241 -0.00428118 7.2475e-05 0.0337569 -0.0101615 -0.0435881 
-0.0411894 -0.0232652 -0.0141245 -0.0209649 0.0254938 0.012265 0.0295635 0.00480469 0.0337745 0.000627752 0.0412212 0.0247507 -0.0600943 0.220595 -0.00599488 -0.0382894 0.0461464 -0.00877634 0.0126147 -0.0108077 0.00589235 -0.00529427 0.0108956 -0.00794999 -0.000698347 0.0261496 0.019156 0.0354276 -0.0209398 -0.0171486 0.0199487 -0.0431682 0.0159709 -0.0360695 -0.0105782 -0.0362189 -0.00689928 -0.00478382 0.0017946 -0.0147106 -0.0100966 0.0135374 -0.0584495 -0.00430059 -0.0478247 -0.00107315 -0.00202739 -0.0301439 -0.0026956 0.0258903 0.0135812 0.00201071 -0.00386969 -0.00984051 0.000433074 -0.00649844 -0.00112311 -0.0101096 0.000680569 -0.000405522 -0.00419494 -0.0383307 -0.0177209 0.0167019 -0.00427845 -0.0168449 0.00603338 -0.0157179 0.00889947 -0.00136822 -0.00150674 -0.0254884 0.0606905 0.000964183 0.02331 -0.0137813 0.0230022 -0.0126514 -0.00179313 0.00530682 0.0151424 0.0180518 -0.0223576 0.0416245 0.000747017 0.0208795 -0.00285262 -0.0183482 0.00437421 -0.00821111 0.00945682 0.00489792 -0.024418 -0.021079 0.00102849 0.0132527 -0.00289981 -0.048854 0.0101307 -0.00859812 
0.00766424 -0.000859991 -0.00494224 -0.00293417 -0.00635126 -0.00153748 -0.00672417 -0.00577547 -0.00525503 -0.00315306 -0.00466315 -0.00494982 -0.00156238 -0.00599488 0.043329 -0.00102205 -0.00687669 0.00251958 -0.000900955 0.00399389 0.000426339 0.000690073 -0.000373358 0.0015306 0.00455062 0.00551084 -0.00676957 -0.0083345 -0.00392147 -0.00277401 -0.00612362 -0.00285458 -0.0086886 -0.00128406 -0.00151267 0.00795005 -0.00193044 -0.000246304 -0.000266371 0.00479712 -8.68209e-06 -0.00105791 0.0101269 -0.000851356 0.00651931 0.000817441 0.00176494 0.0032691 0.000252202 0.000208878 0.00360143 -0.000799168 -0.00228832 -0.0014913 0.000237225 0.000600975 -0.00172317 0.000348737 -0.00147411 -0.000153072 0.00163351 0.00118946 0.00946619 -0.00260207 -0.00113825 0.00042041 0.000375534 0.0030207 -0.00033781 -0.000529395 0.000763673 0.00613912 -0.010369 6.06332e-06 0.00521456 0.00165663 -0.00242432 -0.000871313 0.000719149 0.000404953 -0.00263884 -0.00182994 0.000792758 -2.79721e-05 -0.0016847 -0.00201999 -0.00042148 -0.000909615 -0.000821213 0.00110977 -0.000460734 -0.00186649 -0.00236024 0.00102642 0.000394589 -0.000288577 0.00209603 0.00580729 0.00157325 -0.00248814 
-0.01706 -0.000309552 -0.00863142 0.0427812 -0.0383473 0.000110382 -0.0600234 -0.0277282 -0.0268054 0.0102648 -0.0211625 -0.0228394 0.050996 -0.0382894 -0.00102205 0.205862 0.0197972 -0.00527752 0.0054612 -0.00313569 -0.00642928 0.00156892 -0.0119777 0.00226842 -0.0231532 -0.0288773 0.0315638 -0.0623667 0.0441266 0.0132308 0.00990131 0.0409763 -0.00579335 0.0493389 -0.0144101 0.00731574 0.0172795 0.0105257 -0.002621 -0.00808624 0.000457122 0.00315206 -0.00224597 0.00488451 0.0484265 0.00210236 -0.00247992 -0.0146687 -0.00155256 -0.012801 -0.00756075 0.0127156 0.00874256 0.00770206 -0.00886968 0.000658355 -0.0165876 0.00681696 -0.0013041 -0.00125539 -0.00283803 0.0317967 -0.00905359 -0.0147104 0.00400996 -0.0209289 -0.0111601 0.0125065 -0.00768252 0.00825403 -0.00268854 0.0120957 -0.0453855 -9.72585e-05 -0.0393899 -0.00373715 -0.0276103 0.030099 -0.00849552 -0.00665772 0.0188235 -0.0160265 -0.0119846 -0.0627557 -0.00465617 -0.0024004 0.0110492 0.0190744 -0.00768968 0.00625298 -0.00842362 -0.030854 0.0672393 -0.00702074 -0.0121868 -0.00411902 0.000398486 0.0212224 -0.0139522 -0.0156718 
-0.0178492 -0.00505152 -0.0132297 0.0233592 -0.0145468 0.0147195 -0.0133866 -0.0160315 -0.00209224 0.0164208 0.00120591 -0.00574541 0.00367037 0.0461464 -0.00687669 0.0197972 0.158261 -0.00532507 0.0015455 -0.00693988 0.00919196 0.000284333 0.00226108 -0.00353903 -0.0110901 -0.0184749 0.0356657 -0.010615 0.0122031 -0.00743002 0.0217458 -0.00554369 0.00544178 -0.00716597 -0.0180986 -0.0234135 -0.00269392 -0.00244124 0.000573243 -0.0167614 -0.00435119 0.0124679 -0.0486914 0.0079612 -0.0223044 0.000831085 -0.00323893 -0.0174835 -0.000182186 0.0117306 0.00642384 0.00621339 0.00714719 -0.00885595 -0.00178927 -0.00228019 -0.000617227 -0.0042519 0.0106446 -0.00057701 -0.00295391 -0.00792391 -0.0122456 0.0182487 0.00387472 -0.0121781 0.00657779 -0.00679675 0.00367886 -0.00101069 -0.000852169 -0.00597495 0.00496834 0.00353995 -0.00546766 -0.00719863 -0.00663165 0.00702042 0.00549277 -0.00381754 0.0160465 -4.43006e-05 -0.0184573 -0.0220486 -0.00241118 0.0180287 0.000863121 0.00183142 0.00925333 -0.00425189 -0.00524391 -0.0143699 0.00931841 -0.0199835 0.000213696 0.0103536 -0.00185747 -0.0125386 -0.00521884 -0.0267804 
0.00679355 0.00907322 -0.00387949 -0.00398836 -0.00490914 -0.00214702 -0.00964712 -0.00698674 -0.00514498 -0.00327391 -0.00478868 -0.00662721 0.00524599 -0.00877634 0.00251958 -0.00527752 -0.00532507 0.0346719 -0.000327373 0.00301728 -0.00113996 0.000209261 -0.000925668 -0.00051093 -0.00196078 -0.00247883 -0.011053 -0.00999786 -0.00512652 0.00137169 -0.00276249 0.004032 -0.00781865 -0.00173817 0.00190396 0.0158807 -0.00199561 -0.000206816 0.000220841 0.00536013 0.0034703 -0.00110438 0.0143145 0.00116009 0.0115788 -0.00152495 0.00578088 0.0192046 -0.000272961 -0.00287395 -0.00165092 -0.00104209 -0.00292345 -0.000306014 0.000978776 -0.000123267 -0.000714444 -6.32805e-05 -0.00127166 5.84563e-05 0.00188508 0.00268 0.00676671 0.000903186 -0.000927217 -0.00112038 -0.00142531 -0.000330247 -0.000958723 -0.000504055 0.000574846 0.00756037 -0.00897582 3.22126e-05 0.00209556 0.00886623 -0.00548511 -0.00359164 0.0011803 -0.000786803 -0.00285479 0.0023172 0.00016182 -0.0104725 0.000192824 -0.00189645 -0.00021297 0.000564805 -0.00234041 -0.0013372 -0.00405958 -0.000317854 -0.00398737 0.00139066 -0.00108188 -0.00100092 0.001032 0.002939 0.00500574 -0.0066422 
-0.00216765 -0.00270083 -0.0031778 -0.00652932 0.00129421 -0.000214682 -0.011085 -0.00620815 -0.00319589 -0.00295588 0.00327905 0.00169988 -0.0194384 0.0126147 -0.000900955 0.0054612 0.0015455 -0.000327373 0.0775622 -0.000302884 -0.000493679 0.000451598 -0.000862807 -0.00162832 -0.00439374 0.0178024 -0.00520982 0.00573354 -0.000759438 0.00117517 -0.00893448 -0.012137 -0.000385651 -0.00318401 0.00137585 -0.00253552 -0.000283359 0.00673189 -0.000330969 -0.00584732 -0.00102125 0.0021058 0.00132798 0.00128101 -0.0132409 0.00321302 -0.0014736 0.00353326 -0.00158347 -0.00262502 0.00229166 0.00176756 -0.00288428 0.00373188 -0.000161676 -0.00146567 -0.0110266 -0.00019439 -7.49509e-05 0.00021818 -0.00109829 -0.00771542 -0.00428934 -0.000421683 -0.0015472 -0.00205471 -0.00386652 0.00233362 -0.00120196 0.00152724 0.00121319 0.00215319 0.0148122 6.43211e-05 0.0153134 0.00250787 -0.00213543 -0.00379328 8.65853e-05 -0.00122277 -0.0050846 -0.00258349 -0.00781574 -0.00781655 0.000611035 -0.00222242 -0.000759403 0.00237923 0.00692182 0.000569033 0.00378257 0.00529823 -0.00561409 -0.00964496 -0.0059738 0.00167089 -0.000305435 -0.00477202 0.00867941 -0.00223945 
-0.00440907 -0.00368014 -0.0135693 -0.00285706 -0.00762421 6.08495e-05 -0.00807835 -0.00593364 -0.000929431 -0.00665163 -0.00521861 -0.00315442 -0.00945261 -0.0108077 0.00399389 -0.00313569 -0.00693988 0.00301728 -0.000302884 0.0420165 6.71387e-05 0.00132943 7.30635e-05 -0.000535775 -0.000286855 0.00148905 -0.00921091 -0.00831991 -0.00557564 0.00536584 -0.00114891 -0.0027689 -0.00327577 -0.00244746 0.00781404 0.010588 -0.00167311 0.00178591 4.1267e-06 0.00447883 0.00743495 -0.00138609 0.0136663 -0.001359 0.003868 -0.00106643 0.00240199 0.00807536 0.00132664 -0.00441106 0.000644648 0.000160634 -0.0019128 0.000314141 0.000556197 -0.00055638 -0.00220907 0.000248661 -0.000222089 0.000517631 0.000429866 0.000362373 0.00787736 0.00189797 1.36841e-05 0.00607842 0.000646614 0.00791528 -0.000450738 0.00270848 -0.000300265 0.00995401 -0.00192581 -5.3628e-05 -0.00324511 0.00483685 0.00268146 -0.00484168 -0.00115934 0.000400392 -0.00327795 -0.00300429 0.00063632 -0.00342346 -0.00157265 -0.00239806 -0.000553627 -0.00479499 0.000992948 0.00241922 -0.00130287 0.0073452 -0.0055895 -0.0040385 -0.000289081 -0.00118875 0.00359436 -0.00121345 -0.00175347 0.00539815 
0.00448791 -0.00864333 -0.0195293 -0.00823637 -0.00839869 -0.00604232 0.0118123 0.0110349 -0.00762599 -0.00969745 0.00164051 0.00460272 -0.0130943 0.00589235 0.000426339 -0.00642928 0.00919196 -0.00113996 -0.000493679 6.71387e-05 0.125124 -0.00266275 0.00880397 0.00621886 0.0291346 0.0171223 -0.00970508 -0.0151661 -0.00519022 0.00998808 0.00745361 -0.0180714 -0.0260481 -0.0245554 -0.0126331 -0.000516257 0.00774035 -0.00116534 -0.000655748 0.000422761 -0.0014547 0.00232945 -0.0103768 -0.0044883 -0.00778408 0.00537298 -0.000453548 -0.00285923 -0.00310285 0.00387892 -0.00691864 0.00149626 -0.00355853 -0.0016947 0.00729609 0.000293679 -0.00779967 -0.0041171 0.000292476 -0.000110771 0.000400092 -0.00573139 -0.00320685 0.00228625 0.00392748 -0.00430405 0.00366477 -0.00551931 -0.00193579 -0.00192395 -0.0017253 -0.00879507 0.00840338 -0.000445559 0.00998054 0.00153868 -0.00851263 -0.00332597 -0.000806568 0.0137535 0.0101317 0.0117487 0.00315674 0.00751747 -0.00482687 -0.00601499 0.000993101 -0.0111687 -0.00210076 -0.00336392 -0.00334893 -0.0049748 -0.0104453 0.0160766 0.00401554 -0.00102795 -0.0011991 -0.0139713 -0.00642836 -0.00419652 
-0.00151896 0.00717571 0.00665914 0.000943195 -0.00168139 -0.000687277 -0.00583071 -0.0041216 -0.00199328 0.00511934 -0.00348952 0.000451885 0.000106001 -0.00529427 0.000690073 0.00156892 0.000284333 0.000209261 0.000451598 0.00132943 -0.00266275 0.0301691 -0.000886867 -0.00068819 0.000535028 -0.00165527 -0.00371106 -0.00195745 -0.000712867 -0.000550821 3.23399e-06 0.0044673 0.00418983 0.00257534 -0.00238915 -0.00185566 -0.00136687 0.000274881 -0.000232565 -0.00152564 0.00113902 -0.000738002 0.00475378 0.000373714 0.000251095 0.000213172 4.19943e-05 -0.00163898 0.000187666 -0.00191608 -0.000646724 -0.000191981 0.00251911 0.00191981 -0.000720737 -0.000621491 -0.00254649 0.000204968 -0.000526996 0.000267814 0.000914508 0.000988808 -0.00188206 -0.000440177 -4.30645e-05 -0.000472159 -0.00108823 0.00117394 -7.45395e-05 0.000196446 0.00132729 0.00151163 -0.00558596 0.000591252 -0.00404892 7.94179e-05 -0.00350083 0.000622357 0.00130773 -3.32976e-05 -0.00114741 -0.000879667 -0.00376074 -0.00422036 0.000317003 0.000671859 0.000109061 -0.000981508 0.00118076 -0.000177383 -0.00223305 -0.00205661 0.00155633 -0.00398736 -0.00167882 -0.000556402 0.00110968 0.00149919 0.000795791 -0.00182063 
-0.0190929 -0.00781423 -0.0102701 -0.00115116 -0.0138182 0.008763 -0.0209338 -0.014916 0.00297464 -0.00659482 -0.0026342 0.0148411 -0.0167879 0.0108956 -0.000373358 -0.0119777 0.00226108 -0.000925668 -0.000862807 7.30635e-05 0.00880397 -0.000886867 0.0696592 0.000901172 0.00874608 -0.000834701 0.0048391 -0.0178557 0.00726542 0.0139437 0.0227251 0.000976371 0.0206223 -0.017757 -0.0066997 -0.00556371 -0.00262672 -0.00239654 0.000769905 -0.00413629 -0.0027526 0.00163192 -0.024956 -0.00302465 -0.0135904 -0.00197056 0.00127861 -0.0095795 -0.00142816 -0.00187592 0.00362929 0.00155323 -0.00212661 -0.00170984 0.00870022 0.000370066 -0.00268856 -0.00199801 -0.000862914 0.000730829 0.0014603 -0.00517208 -0.00831034 0.0250087 0.00229581 -0.00448086 0.0210832 0.000110731 0.00436766 -0.00203631 -0.00095138 -0.00120716 -0.00602213 0.000458537 -0.0134938 0.00255752 0.0105494 -0.000588296 0.00532164 0.00380685 0.00626051 0.013852 -0.00535162 -0.00662865 -0.0039903 0.00812998 -0.00163674 -0.011731 -0.0031529 -0.00165134 -0.00182416 -0.00500786 -0.0030327 0.0185288 0.0130041 0.00585405 0.000565369 -0.0102754 -0.0026997 -0.00545148 
0.00958545 -0.000928254 -0.0100055 -0.00166093 -0.00460105 -0.00193338 -0.00636006 -0.0102524 -0.00566614 -0.0013458 -0.00451335 -0.000244692 0.00867404 -0.00794999 0.0015306 0.00226842 -0.00353903 -0.00051093 -0.00162832 -0.000535775 0.00621886 -0.00068819 0.000901172 0.0435293 0.0039268 -0.00664225 -0.00169231 -0.00967256 -0.00296007 -0.0019948 0.00533087 0.00324099 -0.00623587 -2.96767e-05 0.0011344 0.0015475 -7.10048e-05 -0.000526286 -0.000375173 0.00679179 -0.000742524 -0.000954136 -0.000671818 0.00101565 0.00465519 0.00078386 0.00125587 0.00505709 -0.000735527 0.000408163 0.00151675 -0.0011227 -0.0023996 -0.00105712 0.00257912 0.00595667 0.00332726 -0.000184128 -0.00112912 0.000212187 0.000416502 -0.00111314 -0.00273423 0.000132365 0.00135622 -0.00112344 0.00367967 -0.00094131 -0.000761759 0.000442011 -0.000533032 -0.00129363 -0.00923055 -0.000107143 -0.00262589 -0.00130079 0.000729726 -0.00127185 -0.000776108 -0.00101771 0.0053965 0.00180846 -0.0010112 -0.00280846 0.00219873 -0.00309824 0.000984954 0.00689566 -0.000810631 -0.00193296 -0.00522013 -0.00237037 -0.00300196 0.0086457 0.000936401 -0.0009586 0.00168157 -0.00364093 -0.00229467 -0.00321322 
0.0280876 -0.0139692 -0.0166793 -0.0100073 -0.00573094 -0.0051525 0.00809644 0.00491276 -0.0111029 -0.0144788 -0.00513616 0.00319113 -0.0243118 -0.000698347 0.00455062 -0.0231532 -0.0110901 -0.00196078 -0.00439374 -0.000286855 0.0291346 0.000535028 0.00874608 0.0039268 0.113785 0.0267761 -0.000917026 0.0114606 -0.0169221 -0.00192378 0.00357873 -0.0175181 -0.0302084 -0.00755823 -0.0103638 -0.00340237 -0.00654191 -0.00172245 0.000142225 -0.00619063 -0.0010431 -0.00206345 0.00465547 -0.00340855 -0.0283775 0.00638071 3.08498e-05 -0.0111147 0.000106538 0.00213877 0.0034672 -0.00353809 -0.00721136 -0.000893364 0.00677201 0.00142546 0.0102142 -0.00085506 -0.00321006 0.000361375 0.00175163 -0.0071719 0.00792266 -9.9585e-05 -0.00134542 -0.00564277 0.00554492 -0.00288383 -0.0032604 -0.00384489 -0.00154402 -0.0106472 0.0138254 -0.000327622 0.0311982 -0.00320268 -0.000824624 -0.0200262 0.00201396 0.00376888 0.00255047 -0.00189659 -0.00854227 0.0436452 -0.000936135 -0.00790712 -0.0005561 -0.00872448 0.0102674 -0.00220055 -0.00600887 -0.00655143 -0.0153644 0.0172896 0.00830566 0.000339584 0.000153807 -0.00501706 -0.00249527 0.00910335 
0.0129974 -0.020119 -0.019167 -0.0269259 0.011543 -0.0114952 0.0222132 0.0206834 3.45295e-05 -0.0418985 0.0237229 0.00690115 -0.0759306 0.0261496 0.00551084 -0.0288773 -0.0184749 -0.00247883 0.0178024 0.00148905 0.0171223 -0.00165527 -0.000834701 -0.00664225 0.0267761 0.224386 0.00744368 0.0696954 -0.0235532 0.00936344 -0.0363759 -0.0532654 -0.0476192 -0.0558736 0.00655324 0.00903521 -0.0118339 0.00963967 -0.00131557 -0.0237665 0.0038743 -0.00234675 0.0277058 -0.00188561 -0.0383187 0.0108226 -0.00416131 0.0032452 -0.00635602 -0.00493985 -4.20918e-05 -0.00703917 -0.00534585 -0.00327393 0.00565194 -0.00536055 -0.0152722 -0.00253976 -0.0154324 -0.000191193 -0.00214903 -0.023539 0.00509028 -0.00833166 -0.00514148 0.0094403 0.0018064 0.00270763 -0.00138943 -0.00534552 0.00246568 -0.0142375 0.0578365 -0.000981738 0.0636978 -0.00347978 -0.0083837 -0.0490877 -0.00458403 0.00537744 -0.000684163 0.00121621 -0.00974881 0.0427363 -0.0032742 -0.0119275 -0.00376076 -0.00589908 0.0242537 0.000298587 0.0196086 0.0175662 -0.0308231 -0.0132968 -0.00953915 -0.00160061 -0.00276403 -0.0197216 0.0225489 0.00328562 
-0.0427885 -0.0336767 0.00403015 0.0246779 -0.0142053 0.0062967 -0.0307221 0.0207874 0.0223252 -0.0125676 0.0221222 0.0304342 0.0139058 0.019156 -0.00676957 0.0315638 0.0356657 -0.011053 -0.00520982 -0.00921091 -0.00970508 -0.00371106 0.0048391 -0.00169231 -0.000917026 0.00744368 0.22723 -0.00389206 0.0495295 -0.00691129 0.0310397 0.0118628 0.0181145 0.0128134 -0.044099 -0.0311313 -0.00962243 -0.00911856 -0.00163417 -0.0273726 -0.00776805 -0.000997041 -0.0528296 -0.00451961 -0.0359355 0.00962401 -0.00874071 -0.0474013 0.0014157 -0.0133547 0.0247117 0.00267507 0.00752483 -0.00427844 -0.00805572 -0.000248317 0.0379018 -0.000533261 -0.00642506 -0.000167188 -0.00374426 0.0155667 -0.0217931 0.00661077 0.00274841 -0.0194055 0.00188736 -0.00452142 0.000563207 -0.00552037 -0.00197624 -0.0128776 0.0154751 -0.000237446 -0.0400353 -0.0153126 0.0152067 -0.0222795 -0.00407824 -0.0129885 0.0385699 -0.0249663 -0.0363568 0.0204783 -0.00875593 0.0215523 0.00202928 -0.0136455 0.00474551 0.00489938 0.00910946 -0.0371946 0.0401934 -0.0173303 -0.0142629 0.00639937 -0.00537551 -0.0240667 -0.00634631 -0.0233902 
0.0221571 0.000679768 0.0364554 -0.0321063 0.0614075 -0.00670411 0.0827515 0.0650008 0.0233157 -0.0119312 0.0321209 -0.00353777 -0.0845398 0.0354276 -0.0083345 -0.0623667 -0.010615 -0.00999786 0.00573354 -0.00831991 -0.0151661 -0.00195745 -0.0178557 -0.00967256 0.0114606 0.0696954 -0.00389206 0.23045 -0.0228313 -0.0275182 -0.0466244 -0.0557049 -0.0210487 0.00239415 0.00876346 -0.0249788 -0.024477 -0.0139724 -0.00124807 -0.0322888 -0.00699768 -0.00916587 0.0171993 -0.00935977 -0.0657184 0.0039082 -0.00813184 -0.0167551 0.00389057 0.00812465 0.00417954 -0.0108928 0.0127267 -0.00492571 -0.00127055 -0.00721114 0.00558195 -0.00704945 -0.0143147 -0.00110326 -0.00710149 -0.0365025 -0.00316863 -0.0241588 -0.00911349 0.0128703 -0.0141352 -0.0140412 -0.00154312 -0.00902033 -0.00105555 -0.0249104 0.0764881 -0.00174702 0.0563628 -0.0156219 0.0155875 -0.0293351 -0.00105934 -0.00867327 -0.0312656 -0.0215453 -0.0180708 0.0888836 0.0155612 -0.0128897 -0.00335067 0.00147329 0.0266957 -0.00485874 0.00601152 0.0246656 -0.0350008 -0.0396495 -0.00675455 -0.00630553 -0.00529902 -0.0094818 0.0119706 0.0362505 
-0.0553673 -0.00582176 0.029293 0.0265718 -0.0105188 -0.00430758 -0.0393884 -0.00245897 0.0091439 -0.00298417 -0.00757937 -0.0088516 0.0294527 -0.0209398 -0.00392147 0.0441266 0.0122031 -0.00512652 -0.000759438 -0.00557564 -0.00519022 -0.000712867 0.00726542 -0.00296007 -0.0169221 -0.0235532 0.0495295 -0.0228313 0.143017 0.00772232 0.027016 0.0573961 0.0349555 0.030052 -0.0254868 -0.0212095 0.00798508 -0.00537251 0.000498293 -0.0089233 -0.00698253 -0.00255951 -0.0533185 -0.00562034 0.0141215 0.000875771 -0.00452105 -0.0242449 -0.00174126 -0.0155135 -0.00402873 -0.00345418 0.0153063 -0.00161389 -0.00558072 -0.00422749 -0.0133896 0.00274484 -0.0037387 -0.00110829 -0.00276699 0.0107806 -0.0165527 -0.000336361 0.00164764 -0.0132538 0.0118529 0.00132672 0.000776262 -0.00375468 -0.00182058 0.00107618 -0.025697 -0.00127129 -0.0369724 -0.00523566 -0.00733503 0.0261935 0.00336985 -0.00347483 0.0128128 -0.00718319 -0.0100108 -0.0226277 -0.00610448 0.0130633 0.00109167 -0.0136044 -0.00897741 0.00411877 0.0168093 -0.0194587 0.0540469 -0.0187661 -0.00548784 -0.00078545 -0.00179705 0.00024119 -0.0132397 -0.00356395 
-0.0345677 -0.00881091 -0.0269061 -0.00370253 -0.0173317 -0.00302196 -0.0262032 -0.00717038 -0.00604409 -0.00901356 -0.00920086 0.00105657 -0.0119194 -0.0171486 -0.00277401 0.0132308 -0.00743002 0.00137169 0.00117517 0.00536584 0.00998808 -0.000550821 0.0139437 -0.0019948 -0.00192378 0.00936344 -0.00691129 -0.0275182 0.00772232 0.107054 0.0104135 0.0142092 0.0114489 -0.024222 0.00612228 0.0110929 0.00811219 0.0200036 -0.000550579 -0.00163871 0.0127965 -0.00224169 0.00415163 -0.00249189 0.00075152 -0.00328871 0.00106361 0.00397932 -0.00227477 -0.0118079 -0.00203526 0.00751551 0.00472855 0.00576341 0.00157415 0.00131957 -0.00993726 -0.00118562 -0.00829015 0.000797137 0.00114347 0.00756672 -0.0128434 0.00904759 0.00523472 -0.00472949 0.00933083 0.015815 -0.00125596 0.00366189 -0.00103819 0.0139177 -0.0109173 -0.00044118 -0.0211768 0.0139735 -0.0129877 -0.00760058 -0.000144645 0.00918834 0.00156135 0.0121362 0.00771854 -0.0249078 -0.00581975 0.00119486 0.000525515 -0.012897 -0.00917201 0.00912892 -0.00191513 0.00485624 -0.00177104 0.00952407 0.007016 -0.00182737 0.00149287 -0.00507795 -0.00691019 0.00339256 
-0.0284574 -0.00697616 -0.00506723 -0.000210128 -0.0264066 0.0103436 -0.0145923 -0.0427139 -0.00559801 -0.000585592 -0.0113121 0.0373213 0.00359323 0.0199487 -0.00612362 0.00990131 0.0217458 -0.00276249 -0.00893448 -0.00114891 0.00745361 3.23399e-06 0.0227251 0.00533087 0.00357873 -0.0363759 0.0310397 -0.0466244 0.027016 0.0104135 0.160609 0.0243094 0.0468791 -0.0250011 -0.0219632 -0.0214145 -0.00287257 -0.00668352 0.00172555 0.000510614 -0.0017574 0.000235105 -0.0406731 -0.00699592 -0.00507414 0.00142794 -0.0020786 -0.0202408 -0.00257107 -0.00943622 -0.0016657 0.00398649 0.0134378 -0.00576598 0.00188302 -0.0015921 -0.00569745 -0.00329117 -0.00309829 -0.000179224 0.00583622 -0.00938509 -0.0111022 0.0373609 0.00235661 -0.0119657 0.0206233 -0.00396575 0.000954692 -0.00140624 -0.00260079 -0.0102837 -0.00966852 0.000902474 -0.0373276 -0.00413479 0.0100951 0.0153999 0.00420639 -0.00646677 0.0259526 0.0105861 -0.0177466 -0.0264726 -0.00378864 0.0202831 0.00421546 -0.0194299 -0.00442008 -0.00460429 0.000384885 -0.0188451 0.0111228 0.024017 0.0114513 0.0108257 -0.00139856 -0.0261635 -0.00802867 -0.0108467 
-0.0451158 0.0118816 0.0129871 0.0336386 -0.0141057 -0.00975902 -0.0615116 -0.0226989 -0.00664977 -0.000402336 -0.0235137 -0.00920173 0.0863771 -0.0431682 -0.00285458 0.0409763 -0.00554369 0.004032 -0.012137 -0.0027689 -0.0180714 0.0044673 0.000976371 0.00324099 -0.0175181 -0.0532654 0.0118628 -0.0557049 0.0573961 0.0142092 0.0243094 0.186968 0.0303931 0.0432585 -0.033965 0.000150385 0.00352211 -0.00307069 -0.000686715 0.00279031 -0.0036399 -0.00390203 -0.0269851 -0.00427338 0.0408482 -0.00611684 -0.00431097 -0.0122553 -0.0047595 -0.0218812 -0.00470785 0.00176086 0.0155924 -0.00354381 -0.00402278 -0.00500946 -0.00470921 0.00310324 -0.00528436 -0.00110179 0.000895702 0.0266557 -0.0135474 0.00139624 -0.000534058 -0.0151201 0.0063923 0.00700602 -0.00212575 0.0082397 -0.00195088 0.0235572 -0.0607799 -0.000440607 -0.0583803 0.0143425 -0.0148595 0.0430064 0.00505002 -0.00107 0.00701881 0.00345348 -0.0069534 -0.0326582 -0.00683408 0.00212716 0.00509812 -0.0157927 -0.0138746 -0.000541971 -0.0068539 -0.0189445 0.0394006 0.00816381 -0.00750006 -0.00261468 0.0022939 0.0205292 -0.0148297 -0.00494561 
-0.0605001 0.0138357 0.0508955 -0.00479437 0.00319856 0.0243751 -0.020392 -0.023155 0.0333472 0.0259211 0.00679063 0.0475877 -0.0208128 0.0159709 -0.0086886 -0.00579335 0.00544178 -0.00781865 -0.000385651 -0.00327577 -0.0260481 0.00418983 0.0206223 -0.00623587 -0.0302084 -0.0476192 0.0181145 -0.0210487 0.0349555 0.0114489 0.0468791 0.0303931 0.211817 -0.0168827 -0.0329243 -0.0336061 0.0083742 -0.00304835 0.0022449 -0.0248154 -0.00698755 -0.00307163 -0.0704113 -0.00834486 -0.0226522 -0.00594322 -0.00353831 -0.0347836 0.000759958 -0.0129261 0.00710988 0.0123512 0.0221865 0.0073454 -0.00499806 -0.0064414 -0.00250197 -0.00543199 -0.00873781 0.000329369 0.00400401 -0.0261242 -0.0388614 0.0234659 0.00241985 -0.00757805 0.0120945 0.00488961 0.00619961 -0.00326162 -0.00255632 -0.0048702 -0.0017977 0.000236427 -0.0656711 0.000533169 0.0258863 0.0465428 0.00749275 -0.00729288 -0.0124235 0.0121011 -0.0213284 -0.0163869 -0.00580129 0.0315561 -0.00223463 -0.0230737 -0.0227116 0.0152538 -1.0786e-06 -0.0193054 -0.0056959 -0.0070789 0.0154151 0.00683642 0.00159447 -0.0119825 -0.00660953 0.0244628 
0.0115566 -3.90698e-05 0.0285172 0.037821 0.00109137 -0.000351486 -0.0576039 0.000181197 -0.00645679 0.0118773 -0.0285335 -0.0352436 0.0624084 -0.0360695 -0.00128406 0.0493389 -0.00716597 -0.00173817 -0.00318401 -0.00244746 -0.0245554 0.00257534 -0.017757 -2.96767e-05 -0.00755823 -0.0558736 0.0128134 0.00239415 0.030052 -0.024222 -0.0250011 0.0432585 -0.0168827 0.219052 -0.00163502 0.0152876 -0.0103951 -0.0127466 -0.00393529 -0.00794278 -0.00374872 -0.00370773 0.0139259 -0.00159366 0.0334394 0.00356624 2.76044e-05 -0.00485545 0.00170931 -0.0100495 0.0153364 -0.0039705 0.00452908 -0.003374 -0.00785724 -0.00236175 0.0196667 0.00504093 -0.00588434 -0.0025735 -0.00405567 0.0296771 0.0151897 -0.0212081 -0.0039721 -0.0110585 -0.0193176 -0.00298163 -0.00474572 -0.00248885 0.000288708 0.00516678 -0.04185 -0.00184627 -0.0138814 -0.00720178 -0.00902081 0.0358229 -0.0031712 -0.00884425 -0.0230159 -0.0336727 -0.0110073 0.00287123 0.00499969 -0.0137289 0.002523 0.00893367 0.00747321 -0.00859359 -0.00791777 -0.00790627 0.0408586 -0.0327765 -0.0120681 -0.00693782 -0.00278225 0.0101591 -0.0140464 -0.020704 
0.0131266 -0.00723946 -0.0411153 -0.00637902 0.00151918 -0.0133074 0.0124089 -0.0153568 -0.0249717 -0.00734391 -0.00844256 -0.0260678 -0.0207114 -0.0105782 -0.00151267 -0.0144101 -0.0180986 0.00190396 0.00137585 0.00781404 -0.0126331 -0.00238915 -0.0066997 0.0011344 -0.0103638 0.00655324 -0.044099 0.00876346 -0.0254868 0.00612228 -0.0219632 -0.033965 -0.0329243 -0.00163502 0.170007 0.0267198 -0.00350016 0.00921368 -0.000591982 0.0311531 0.0122988 -0.00271096 0.0567258 0.0041053 0.0231676 -0.00740713 0.00964412 0.036995 0.0022884 0.000905133 -0.00993151 -0.00354318 -0.0132443 0.00641413 -0.000949973 -0.00132808 -0.0222087 0.00178675 -0.0119006 0.000175599 -0.00346898 0.00224441 0.020881 -0.0046929 -0.00305045 0.0335143 -0.0134701 -7.30508e-05 -0.00458781 -0.00153401 -0.00230331 0.00342603 0.0190077 -0.000519697 0.0363471 -0.00480109 -0.00489841 -0.0294709 -0.00573663 -0.00269376 -0.00274764 -0.00939194 0.0315563 -0.0259054 0.0113455 -0.0128306 -0.00288299 0.00216768 0.00359779 -0.00659277 -0.012304 0.0601667 -0.0144159 -0.0134797 0.0077034 -0.00405237 -0.0011363 -0.0154115 -0.00592233 0.00910541 
