0.046914 -0.00211531 0.000694079 -0.00163104 -0.0023346 -0.00434859 -0.00345705 0.000380482 0.000169733 -0.00796685 0.0050327 -0.00586637 -0.00941762 -0.00962287 0.000773517 -0.00459254 0.0041331 0.00353828 0.00346149 0.0119857 0.00201318 0.00151982 -0.00267292 -0.000766973 -0.00183649 -2.13084e-05 0.00191979 0.00485271 0.00317244 -0.00167401 0.00202547 -0.00113178 -0.000192094 0.00701379 -0.00172632 -0.00215002 0.000513889 -0.0010988 0.000222661 -0.000344224 -0.000270699 -0.002117 -0.0150122 -0.00303391 -0.000663448 -0.00091296 0.00491827 0.0128757 -0.00390421 -0.00282229 -0.000438155 0.00168384 0.00422658 -0.00140622 -0.000141987 -0.0050202 0.0030224 0.00226338 0.00424201 -0.005479 -0.000845843 0.000557406 -0.000415615 -0.0112582 -0.00262471 2.01613e-06 -0.00104754 -0.00194648 -0.0086497 0.00228391 -0.0029747 0.000700835 -0.00916792 -0.00145785 0.000317152 0.000640824 0.000714435 -0.000994743 0.0027354 -0.00332399 0.000990246 -0.000432259 -0.000354024 -0.000344068 -0.000160937 0.00125367 -0.00124969 -0.0085593 5.80003e-06 0.00644743 -0.00420923 -0.00509222 -0.00168802 0.00123796 -0.00368113 0.00256015 0.00398486 0.00654532 0.00707441 0.00504748 
-0.00211531 0.0765348 0.002834 0.00265605 -0.00643538 -0.00465155 0.00362868 -0.00317756 0.0168607 0.00346917 0.00183349 0.00660085 -0.000986547 -0.00107469 0.0194374 -0.0035582 -0.00769571 0.00335915 0.00187087 -0.013183 -0.00131897 -0.00162767 -0.000295481 0.0116441 0.000277387 0.00473684 0.00438867 -0.0030181 0.000355198 -0.000619673 -0.00202223 -0.0028513 -0.00109831 -0.00954647 -0.00445356 -0.00128818 -0.00109973 -0.000922798 -9.11347e-05 -0.000832772 -0.00276452 -0.0196445 0.00237714 -0.000441428 -0.00119744 0.00848962 -0.00598156 -0.00563217 0.00163806 0.01906 -0.00306643 -0.000556056 -0.00193644 -0.00216156 -0.00428283 -0.0144236 7.13639e-05 0.00150702 -0.00129203 -0.00544269 0.00145739 -0.000911922 0.0024987 -0.0211066 -0.000281855 -0.00333403 0.00300138 -0.000616629 -0.0131919 0.00890539 0.00128022 0.0011042 0.00196205 0.00380532 -0.00461685 -0.00232834 0.000531049 -0.00284269 0.00659489 0.00256429 -0.00101862 -0.00406647 -0.00011088 -2.73976e-05 -0.0032913 -0.00306731 0.00290067 -0.01078 -0.00549243 0.000597545 0.00914431 -0.00584238 0.00422251 0.00287492 -0.00418646 -0.000726614 -0.00706198 -0.00526838 -0.00268618 -0.00143067 
0.000694079 0.002834 0.0838748 0.00721698 0.00103936 -0.012956 0.00978351 0.0166516 -0.000276516 -0.0139768 -0.0087371 -0.0230521 -0.0181588 -0.0182778 -0.0250667 -0.00413036 0.0041364 0.00100618 -0.00252163 -0.00973865 -0.000711348 -0.0062579 -0.0010092 -0.00339925 0.00325513 -0.00443933 -0.000221447 -0.00170608 0.00931456 0.00167401 -0.00538288 -0.00529149 0.000406206 0.0148729 0.0212132 0.00414051 -0.00157417 -0.000952223 0.0121484 0.00188626 -0.00488028 -0.0111748 -0.030797 0.0110981 0.0113558 -0.00289593 0.0042098 -0.000224978 -0.00661365 -0.000762758 0.0133755 -0.00284847 -0.00825946 0.0066099 -0.0075985 -0.0160195 -0.0208641 0.00385342 -0.00152635 -0.0205472 0.0159726 0.00207651 0.00147614 -0.0231876 0.00193971 0.0028606 -0.00630261 -0.000735975 -0.0138459 -0.00423498 -0.0103689 0.00136087 0.00385468 -0.000790499 0.0100083 0.00580052 0.0149023 -0.00231969 0.0106996 0.00658869 -0.00798257 0.00688619 0.00616298 0.00283658 -0.000833356 0.0100896 0.0106815 -0.0250623 0.0134373 0.0108979 0.000522568 -0.00108345 0.0171648 0.0134169 -0.00664811 -0.00329687 -0.00451138 -0.0082936 0.0111068 -0.00504588 
-0.00163104 0.00265605 0.00721698 0.0868982 -0.00539013 -0.00186856 0.0285123 -0.00339329 0.0125922 0.017599 -0.0110687 -0.026531 -0.0163904 0.0317174 0.000841143 0.00900145 -0.0130438 -0.00650479 0.00489771 -0.00650399 -0.00310976 -0.00951317 0.0125202 0.00198163 -0.00248278 -0.00466457 -0.000771575 -0.00267483 0.00745193 -0.00159246 -0.000717172 -0.00168075 -0.00161384 -0.00532047 0.000412657 -0.0160651 -0.000785243 -0.00199355 -0.00203511 -0.000129938 -0.00693453 -0.0164572 -0.0160387 -0.00500123 0.000350134 -0.00696222 0.00994598 -0.00641151 -0.0035068 0.013715 -0.00712382 0.00288975 -0.0108971 0.0101434 -0.00735471 -0.0241185 -0.00774952 -0.000938078 -0.00151288 -0.00431361 0.000244524 -0.00196878 -0.000583839 -0.00449132 -0.00388938 -0.00221978 -0.00325167 0.00670984 0.00802759 -0.00857594 -0.0130878 0.00276048 0.0185566 -0.00320822 0.0167156 -0.00687136 -0.00815519 -0.000172623 0.00565459 -0.00578832 -0.0181061 0.00501434 0.00243883 0.00829081 -0.00180571 0.00177654 0.00813029 0.00204012 0.00145993 0.00310368 0.00489824 0.0094253 0.00258144 -0.00327336 0.00409326 -0.00396128 -0.00661565 -0.00875163 0.00725583 -0.00294644 
-0.0023346 -0.00643538 0.00103936 -0.00539013 0.118469 0.00371166 0.00160425 -0.00565893 0.0148791 -0.0189431 -0.00315806 -0.00597203 -0.000867402 -0.00405544 -0.0210572 0.000479194 0.0192954 -0.0141311 -0.00869566 0.00194784 -0.00184752 -0.00712603 -0.00623903 -0.00749713 0.000934889 -0.00455318 -0.00166049 -0.00591959 -0.00475886 -0.0035404 0.00482149 0.00512304 -0.00248091 -0.00986492 0.00170715 0.00289139 -0.00142714 0.00228243 -0.0022794 0.000199787 0.00770713 -0.00830525 0.00798059 0.0116349 -0.0044903 -0.00466579 0.0043518 0.0114062 -0.00452191 -0.00799208 0.0046044 -0.00672426 0.012315 0.00020912 0.0118694 -0.00547511 -0.00522369 0.000861511 -0.00262677 -0.00369043 0.000262992 0.00120283 -0.000694963 0.000586529 0.00566771 0.003005 0.0062386 0.00521736 -0.000831415 0.00744947 0.00735919 8.62496e-05 -0.0279366 -0.00131297 -0.00382329 0.00290034 -0.00592399 0.00319723 -0.00188642 -0.00899143 0.000136301 -0.00631692 -0.00213743 -0.00678403 -0.000973872 0.00162953 -0.0323529 -0.0129238 0.0121155 -0.00430816 0.00528706 0.0239482 -0.0124952 -0.00557078 -0.0118467 -0.00106181 -0.00456799 0.0170188 0.00864224 -0.00192725 
-0.00434859 -0.00465155 -0.012956 -0.00186856 0.00371166 0.192921 0.0216853 0.00721307 0.00197072 0.0580835 -0.0308427 0.0101587 0.000872143 0.0509706 -0.00176714 0.0307391 -0.0222356 -0.0269228 0.0107621 -0.0230328 -0.00582341 -0.00475252 -0.0187666 -0.0114934 0.00229861 -0.00641724 -0.00635255 -0.00434034 -0.00874406 -0.00571911 -0.00221382 0.00564543 -0.00567681 0.0190066 -0.0112273 -0.0087084 -0.000821805 -0.00346057 -0.00637739 -0.00229692 -0.0115716 0.000819864 0.026846 0.00708209 -0.00377174 -0.0153968 -0.00330364 -0.00727293 0.0190238 0.0104546 -0.0145005 -0.00466398 -0.0021895 -0.00239976 -0.00959846 -0.0196085 -0.0486752 -0.0142302 -0.00936949 -0.0177219 -0.00443491 -0.00288751 -0.00275447 0.055871 0.00509735 -0.00530365 -0.0204755 -0.00345753 0.00279852 -0.0242218 0.0324857 -0.00360579 0.053107 -0.00444683 -0.016496 0.00668391 -0.014463 -0.00582146 -0.0113403 -0.0291813 -0.00984155 0.00548779 -0.00607363 -0.0224932 -0.00993914 0.00107489 0.031101 0.00146735 -0.0241103 -0.0302935 0.0250741 -0.0044663 0.00695585 -0.0147306 -0.0030824 -0.00682255 0.0219737 0.00177833 -0.0162654 -0.00812045 
-0.00345705 0.00362868 0.00978351 0.0285123 0.00160425 0.0216853 0.146692 -0.00426318 0.0171685 0.0343906 -0.0102754 -0.0152897 -0.015391 0.0182503 -0.0283933 0.00506753 -0.0255782 0.00286128 0.0113575 -0.00442231 -0.00707337 -0.00752589 0.00510702 0.00480104 0.00168603 -0.00462379 -0.00306219 -0.00702425 0.00336566 -0.00105056 -0.00375645 0.00826721 -0.00564107 -0.0100487 -0.0105427 -0.00698482 -0.00469622 0.00235061 -0.0020795 0.0012509 -0.0116083 -0.0195678 -0.0105236 0.00740371 -0.00720038 -0.00767019 0.0077917 -0.0189772 0.00137435 0.0113998 -0.0169086 -0.00392825 -0.0110243 0.00510486 -0.0111688 -0.0212239 -0.0243467 -0.00156993 -0.00586169 -0.0271367 -0.00339071 -0.000227239 -0.000565404 0.0103406 -0.00850533 0.00156699 -0.0125746 0.00250702 -0.00537162 -0.00886322 -0.00816452 0.00271483 0.0441739 -0.00463851 0.00426974 0.000372378 -0.012165 -0.00428768 0.00675777 -6.31774e-05 -0.0142997 0.00972572 0.00161038 0.0104013 -0.000783945 0.00125063 0.00441585 -0.00263611 -0.007566 -0.0027372 0.0213525 0.0082307 0.0142868 -0.00723897 -0.0023959 -0.00661783 0.00131281 -0.014587 0.0107718 -0.00939046 
0.000380482 -0.00317756 0.0166516 -0.00339329 -0.00565893 0.00721307 -0.00426318 0.0750721 -0.00779811 -0.00401397 -0.00312026 -0.00428342 -0.0119323 -0.0156725 -0.0216214 0.00160563 0.0106105 -0.00379592 -0.00274557 -0.00419157 -0.00125083 -0.00501987 -0.00398954 -0.00409769 0.00131944 -0.00238524 -0.00114783 0.00363867 0.00482637 0.00334424 -0.00343693 -0.00657647 0.000536488 0.0163419 0.0143471 0.00788521 0.00127478 -0.00129684 0.0108771 -9.09771e-05 -0.00665199 -0.000876678 -0.0173821 0.00806594 0.000253351 -0.00727286 -0.00072784 -0.00246705 -0.00160671 -0.00152088 0.00512304 -0.00173886 -0.00413458 -0.000210032 -0.00421345 -0.0146625 -0.0168489 -0.0035631 -0.00328319 -0.0105795 0.010906 0.00431532 -0.000393587 0.00185352 -0.00276988 0.000321469 -0.00635554 -0.00033988 -0.0119638 -0.00774814 0.00055819 -0.00112505 0.00836779 -0.0023499 0.00122007 0.002857 0.00736013 -0.00148365 0.000520238 0.00214532 0.00304765 0.00485052 0.00278971 -0.0034651 -0.00356179 0.000114692 0.0105309 -0.00637617 0.00864377 0.00759987 -0.0054736 -0.00633754 0.0142198 0.0125919 -0.00748625 -0.000348014 -0.00187148 -0.00179061 -0.00164983 0.00140938 
0.000169733 0.0168607 -0.000276516 0.0125922 0.0148791 0.00197072 0.0171685 -0.00779811 0.137533 0.00016631 -0.00266593 0.000616004 -0.00639666 0.00377329 -0.00774138 0.0075877 -0.00654087 -0.00756583 -0.00365157 -0.00566898 -2.75385e-05 -0.00320684 -0.00253824 -0.00469369 0.00465073 0.00267987 8.1768e-06 -0.00346876 -0.00909681 -0.00279825 0.0071848 0.0107342 -0.00296578 -0.00542449 -0.0115354 -6.68434e-05 0.00795475 0.000478586 -0.000589967 -0.000624858 0.000397288 -0.018758 0.0204967 -0.000966573 -0.00720056 -0.00692317 0.00209537 -0.000425558 -0.00983132 -0.000194437 0.00121996 -0.00582457 0.00957974 0.0041693 -0.00653291 -0.0183601 -0.00674537 -0.0030037 -0.00208518 0.00288553 -0.00120985 -6.44799e-06 0.000811363 0.00380724 -0.00409501 0.00524492 0.00480137 -0.00169872 -0.00976316 0.00339945 -0.00731364 0.00116168 0.00210497 -0.00386031 -0.0155638 -0.00639986 -0.00387081 0.00333744 0.0068145 -0.0120849 -0.015314 -0.00802127 -0.00203343 0.00156767 -0.00265572 0.00124614 -0.00523466 -0.0176742 -0.0110862 -0.0138573 0.02307 0.00457196 -0.00499555 -0.00559395 -0.0144079 -0.00110179 -0.00177191 0.0049645 -0.000699434 -0.00224661 
-0.00796685 0.00346917 -0.0139768 0.017599 -0.0189431 0.0580835 0.0343906 -0.00401397 0.00016631 0.199139 -0.0262879 -0.0317797 -0.0164582 0.0492701 0.0398443 0.0146973 -0.0337197 -0.00630563 0.0160539 -0.0052046 -0.00989787 -0.014613 -0.000518755 0.00271626 -0.000395217 -0.0097484 -0.00766628 -0.00746169 0.00537818 -0.00736395 -0.00899709 0.0131538 -0.00432046 0.00154246 -0.00927104 -0.0387021 0.00811468 -0.00533313 -0.00792819 0.000218072 -0.0167844 -0.0237268 0.00389186 -0.0106418 -0.0105838 -0.0204183 -0.0117381 -0.0208431 -0.0101646 0.0391107 -0.0278692 0.00903334 -0.0106465 0.00280966 -0.0182375 -0.0514234 -0.0235008 -0.0118485 -0.00875002 -0.00468991 -0.00755591 -0.00018973 -0.00244322 0.0531154 0.00536476 0.001019 -0.0193114 0.00167702 0.0122265 -0.0192284 -0.0172335 -0.00453942 0.0692188 -0.008213 0.0136689 -0.0347409 -0.0194894 0.00484111 -0.0113602 -0.0209141 -0.0384036 0.0169713 -0.00426995 -0.00493884 -0.00200881 -0.00148235 0.0447618 0.0435427 -0.00979715 -0.0161225 0.0106579 0.0074935 0.00920023 -0.00649641 0.025492 -0.00523423 0.0187284 -0.0120885 -0.00666792 -0.00519207 
0.0050327 0.00183349 -0.0087371 -0.0110687 -0.00315806 -0.0308427 -0.0102754 -0.00312026 -0.00266593 -0.0262879 0.126622 0.033425 0.0251219 -0.0287134 -0.00468777 -0.0137636 0.0109964 0.0185213 0.00573696 0.0133005 0.00328471 0.0175946 -0.00664364 -0.00400561 0.00505712 0.0053688 -0.000196586 0.00362567 -0.00325824 -0.00371232 0.00499271 -0.00907871 0.00100877 -0.0129782 0.00280719 -0.00408382 -0.00718172 0.00415903 -0.000144957 -0.000187789 0.0265508 0.0319226 -0.00396872 -9.2272e-05 -0.00219047 0.0350321 -0.00510353 -0.00247902 -0.00565643 -0.0241817 0.00702345 -0.00687168 0.0162504 -0.00729044 0.0199123 0.0313655 0.022748 -0.00452204 0.00816178 -0.0235045 -0.00916666 -0.00299322 0.000567885 -0.0171712 -0.00631751 -0.00609196 -0.00174382 -0.00575758 -0.0137638 0.00268779 -0.0116109 0.00101129 -0.0209878 -0.00165948 -0.0173938 -0.00699548 0.00630965 -0.000609393 -0.00702577 0.0237423 0.0231053 -0.00666704 0.00202194 0.00563246 0.000470656 -0.0061607 -0.024394 -0.0138263 -0.00888115 -0.0149135 -0.0082738 -0.015516 -0.0156684 0.000166525 -0.00860117 -5.91251e-05 -0.0171615 -0.00296515 0.000109393 -0.000251603 
-0.00586637 0.00660085 -0.0230521 -0.026531 -0.00597203 0.0101587 -0.0152897 -0.00428342 0.000616004 -0.0317797 0.033425 0.246027 0.0689867 0.0131161 0.0254736 -0.00663928 -0.00624559 0.0106557 0.0117778 -0.00178033 -0.00170372 0.01778 -0.0232731 0.00539352 -0.00180855 0.0173736 -0.00197025 -0.00293576 -0.0175692 -0.00768246 -0.00654047 -0.0118108 -0.00274647 -0.0354916 -0.00420205 -0.0169728 -0.0162707 0.00660185 -0.0023425 -0.00284462 -0.00358203 0.0290035 0.0713728 -0.0115481 0.000671741 0.03096 -0.0229849 -0.00683173 0.014102 -0.00128654 -0.00904386 -0.00991131 0.00951312 -0.00937123 0.00240194 0.0528289 -0.00883311 -0.000772085 -0.00243397 -0.00738164 -0.0153337 -0.0120335 -0.00130471 0.000953292 0.003195 -0.00209918 -0.0145046 -0.0124098 0.00665092 0.0206018 0.0311383 -0.00518947 -0.0123028 0.0032311 -0.0413101 0.0184261 -0.0188788 -0.00664703 -0.0129216 0.0231211 0.0317198 -0.0308361 -0.00937933 -0.0075813 -0.00153788 -0.0129048 -0.0149915 -0.0252736 -0.0139672 -0.00725692 -0.00431021 -0.0070056 -0.0329868 -0.0139353 -0.0189591 -0.00539616 -0.029203 -0.0266761 -0.0135219 -0.0156347 
-0.00941762 -0.000986547 -0.0181588 -0.0163904 -0.000867402 0.000872143 -0.015391 -0.0119323 -0.00639666 -0.0164582 0.0251219 0.0689867 0.203349 0.0230021 0.00183437 0.00146421 -0.020844 -0.00406026 -0.000997238 0.00760053 -0.00896338 0.000415306 -0.0107049 0.00445615 -0.00894244 0.00436425 -0.00591067 -0.00795352 -0.0147786 -0.00267832 -0.0112527 0.000967267 -0.0019638 -0.0399408 -0.0104741 -0.0214107 -0.0109972 0.0113886 -0.00911151 -0.00114845 0.0132991 0.0341314 0.0779611 -0.0155234 -0.0183725 0.0153219 -0.00958685 -0.0306807 0.0298722 -0.0235988 -0.0128997 -0.0058348 0.0082381 0.00541776 -0.000122152 0.0886073 0.0180841 -0.0089623 -0.00245062 0.00163404 -0.0176033 -0.00677823 -0.000195425 0.0155027 0.00383971 -1.94048e-05 0.0206234 -0.00354005 0.0451173 0.000806776 0.00258988 -0.0031428 0.00207374 -0.00180133 -0.0232275 -0.00656593 -0.018187 -0.00483795 -0.0102737 0.00748707 0.010643 -0.0197271 -0.00199864 -0.0125075 0.00126444 -0.0123489 -0.0310802 0.012015 -0.0217768 -0.0354367 0.0104232 -0.00675666 -0.031414 -0.0125495 0.0117428 -0.00741986 -0.0273133 -0.0217145 -0.0274329 -0.00870545 
-0.00962287 -0.00107469 -0.0182778 0.0317174 -0.00405544 0.0509706 0.0182503 -0.0156725 0.00377329 0.0492701 -0.0287134 0.0131161 0.0230021 0.22593 0.0235285 0.0327076 -0.0452495 -0.0343656 0.0097084 -0.0175128 -0.0153264 -0.0164424 0.0139124 -0.00134666 -0.0101333 -0.0112214 -0.00805124 -0.00526184 -0.00109833 -0.0080232 -0.0071548 -0.00639409 -0.00294805 -0.0314834 -0.0103212 -0.0325823 -0.0177966 -0.0040091 -0.0114435 -0.000945627 -0.0207158 -0.0325119 0.0560536 -0.019418 -0.00509891 -0.0201311 0.00385423 -0.0261723 0.0253825 0.0592857 -0.0288823 0.0198775 -0.0144747 0.0229933 -0.0246387 0.000714306 -0.0125541 -0.0143455 -0.00776137 0.0121915 -0.00736252 -0.00892392 -0.00304993 0.0297501 0.00281879 -0.00383219 -0.00312582 0.00936204 0.0505504 -0.0220018 0.0054956 -0.004843 0.0418614 0.00153298 0.0204812 -0.00724174 -0.0328535 0.000564103 -0.0112896 -0.0375059 -0.0434914 -0.00394461 -0.00752675 0.000981169 -0.00455108 -0.0080454 0.0253005 0.00941755 -0.0105948 -0.0119799 0.00640702 0.0272869 -0.0120626 -0.0206318 0.0284631 -0.0123835 -0.0213598 -0.0261575 -0.0203484 -0.00817174 
0.000773517 0.0194374 -0.0250667 0.000841143 -0.0210572 -0.00176714 -0.0283933 -0.0216214 -0.00774138 0.0398443 -0.00468777 0.0254736 0.00183437 0.0235285 0.245338 -0.0211532 0.0131054 0.0222534 0.0189496 -0.00267418 -0.00540219 0.0160358 0.00357387 0.00481443 -0.0163009 0.0110651 0.00500539 -0.00782892 -0.00167716 -0.00550034 -0.00131784 -0.019342 0.00210813 -0.00731843 -0.0254093 -0.0283014 -0.0188553 -0.00957998 -0.00898918 -0.00379409 -0.0130404 -0.0243085 0.00465593 -0.0263157 -0.00612457 -0.0121876 -0.00370624 0.0286445 -0.0216367 0.015621 -0.0209878 0.0111099 0.0111383 0.0154335 0.00590368 -0.0409273 0.0343016 0.0148738 -0.00223983 0.0108103 -0.0189623 -0.0101928 -0.00177017 -0.0129828 -0.00494762 -0.0100851 0.00394703 -0.00117865 0.012844 0.0157312 0.00383503 -0.00221674 -0.00920637 0.00252916 0.0106735 -0.0390203 -0.0212493 -0.00129023 -0.00842397 -0.0130005 -0.00964232 -0.0168136 -0.010366 -0.0156136 -0.00192122 -0.00383908 0.0327609 0.0470336 -0.012666 0.0190749 -0.0269041 -0.00245204 -0.0115224 -0.0148365 0.00456573 0.00172173 -0.0131326 0.00781807 -0.013525 0.00400603 
-0.00459254 -0.0035582 -0.00413036 0.00900145 0.000479194 0.0307391 0.00506753 0.00160563 0.0075877 0.0146973 -0.0137636 -0.00663928 0.00146421 0.0327076 -0.0211532 0.141964 -0.0268071 -0.00626095 0.00765245 0.00807322 -0.00411656 -0.0115401 -0.00573558 -0.00972255 0.00633528 -0.00730829 -0.00446018 0.00737634 0.013732 -0.00359358 -0.00236092 0.00666354 -0.00285188 -0.00302444 -0.0040454 0.00168793 -0.00854589 -0.000322876 -0.00193673 0.00015076 -0.00392589 -0.0201674 0.00604955 0.0153725 0.000489742 0.00246238 -0.00933926 -0.0107839 0.00718242 -0.00430445 -0.0029944 -0.00187751 -0.0120767 0.00684305 -0.0104516 -0.0154658 -0.0240157 -0.00978175 -0.00413722 0.0129465 0.0111802 0.00232862 -0.000470617 0.0404416 -0.0017625 0.00845322 -0.0158836 -0.00223898 -0.00958837 -0.0190253 -0.00176806 -0.00109671 0.0278117 -0.00514433 -0.00922358 0.00944527 -0.00203348 0.00893806 0.00232947 -0.0209131 -0.00889718 0.000461044 -0.00211768 -0.00212382 -0.00281632 0.00231877 0.00813786 -0.0377776 -0.0101312 -0.0188646 0.0116497 0.000126194 0.0183552 -0.000346134 -0.00533612 -0.00347032 0.00212656 -0.0157671 -0.0116543 -0.00819251 
0.0041331 -0.00769571 0.0041364 -0.0130438 0.0192954 -0.0222356 -0.0255782 0.0106105 -0.00654087 -0.0337197 0.0109964 -0.00624559 -0.020844 -0.0452495 0.0131054 -0.0268071 0.194078 -0.00556353 -0.00783953 -0.00382254 0.0115243 -0.00585288 -0.0157726 -0.0061972 -0.00813121 0.00174564 0.00193999 -0.00494431 0.000709719 -0.00256652 0.01508 -0.0229062 -0.00812446 0.00755961 0.0183839 0.0143419 -0.00526657 -0.00794977 0.000539335 -0.00392602 0.0117949 -0.00290733 -0.0423213 -0.00523388 0.0197901 -0.00402481 0.0151324 0.0381088 -0.0207648 -0.0119816 0.0191886 -0.0121861 0.0184182 -0.0130338 0.0182365 -0.0036552 0.0176302 0.0174415 -0.000192719 -0.022935 -0.00354638 -0.00417507 -0.00134373 -0.0265613 0.000287496 -0.00551272 0.00492889 -0.00339544 -0.0115146 0.0103261 -0.00482835 -0.00165499 -0.0422245 0.000930154 -0.0115712 -0.0155134 0.0154339 0.00123399 -0.00453258 0.0106706 0.000515841 0.00861393 -0.0067924 -0.00430267 -0.00874471 -0.000923099 -0.00942462 0.0175891 0.00790848 0.00159532 -0.0307528 0.0143532 0.000938227 0.00117932 -0.0174035 0.00577528 -0.00101337 0.0319004 0.0263744 0.00731576 
0.00353828 0.00335915 0.00100618 -0.00650479 -0.0141311 -0.0269228 0.00286128 -0.00379592 -0.00756583 -0.00630563 0.0185213 0.0106557 -0.00406026 -0.0343656 0.0222534 -0.00626095 -0.00556353 0.148855 0.0121467 0.0239437 0.00750465 0.0139705 0.00251438 0.0144119 -0.00620545 0.00313498 0.00397165 -0.0001769 0.001874 -0.000224615 -0.00406151 -0.00428452 0.00360338 -0.0012949 -0.00938488 -0.00489002 -0.00100336 -0.00426878 -0.00124622 -0.000644645 -0.00926792 0.010741 -0.0348337 -0.0042073 -0.000338475 0.0174638 0.00375806 -0.000547801 -0.00535742 -0.0140928 0.00138038 -0.00429527 -0.00456053 -0.00716068 -0.00887703 -0.00201105 0.0161154 0.0131055 -0.00430737 -0.0108267 -0.00529084 -0.00273998 0.000561159 0.00340672 -0.00805568 -0.00331203 -0.00560662 -0.00633529 -0.0185119 0.035322 -0.016029 0.00412188 -0.00947009 -0.00479234 -0.0120373 -0.00886469 -0.000335993 -0.00213559 -0.00120611 0.0309052 0.00393987 -0.0020489 -8.36193e-05 0.011885 -0.000912383 0.00191412 -0.00667222 -0.0197478 -0.00727554 0.0119798 -0.0163456 -0.0189498 -0.000419436 -0.00507152 -0.00883962 -0.00342375 -0.00473349 -0.0168196 0.0108345 0.00435263 
0.00346149 0.00187087 -0.00252163 0.00489771 -0.00869566 0.0107621 0.0113575 -0.00274557 -0.00365157 0.0160539 0.00573696 0.0117778 -0.000997238 0.0097084 0.0189496 0.00765245 -0.00783953 0.0121467 0.0912077 -0.00202918 -0.00259951 -0.00389462 -0.00574444 0.00335914 5.29807e-05 -0.00625131 -0.00167624 0.00129221 0.00633645 -0.00260717 -0.00532637 -0.00402572 -0.000456091 -0.00394264 -0.00346586 -0.0150152 -0.002172 -0.000781192 -0.00273821 -0.00137395 0.00114137 0.00812433 -0.0225452 -0.00595987 0.00140215 0.00805409 -0.00687238 -0.000793684 0.00581502 0.0116046 -0.00855905 -7.01934e-05 -0.00509598 -0.000987121 -0.00501788 -0.0101079 -0.0146407 0.00464705 0.00256629 -0.022403 -0.0013079 -0.00215988 -0.000313091 0.000182553 -0.00549179 -0.00490166 -0.00672442 -0.00293477 -0.0144479 -0.00165198 -0.00421098 0.000510311 0.022586 -0.000136882 -0.00463572 -0.00685256 -0.0086082 -0.00360798 -0.000777228 -0.0076282 0.00522206 0.0032332 -0.000691296 0.000460416 -0.00461626 -0.00256971 0.00771878 -0.00861308 -0.00681117 -0.00220601 0.000450815 -0.0068931 0.0149488 -0.000632324 -0.00225231 0.000611747 -0.00457607 -0.00705832 0.000985364 2.57449e-05 
0.0119857 -0.013183 -0.00973865 -0.00650399 0.00194784 -0.0230328 -0.00442231 -0.00419157 -0.00566898 -0.0052046 0.0133005 -0.00178033 0.00760053 -0.0175128 -0.00267418 0.00807322 -0.00382254 0.0239437 -0.00202918 0.159148 -0.000259375 0.000424497 0.00659403 -0.00773802 -0.00714557 0.00213374 -0.00316024 0.00705145 -0.00382947 -0.000352661 0.00310985 0.00705241 -3.7488e-06 -0.00502595 -0.0181384 -0.0162695 -0.0106494 -0.00226794 -0.00501356 0.000606677 0.00196821 -0.00455471 -0.0189685 -0.00710609 -0.00079023 0.0107571 0.0019053 0.0140075 -0.0163827 -0.0104993 -0.0139838 -0.000202554 0.00273179 -0.00676393 0.00858323 0.00113153 0.0112702 -0.00633846 -0.000853024 0.0253689 -0.000624806 0.00519864 -0.00086384 0.0117607 -0.000180043 0.0161109 -0.011901 -0.00243902 0.00835097 -0.00829305 -0.0112038 -0.00228994 -0.0289149 -0.00915006 0.00205118 0.00525658 -0.0134654 0.00205863 -0.0033508 -0.00499629 0.0170857 -0.0113888 0.00251814 0.00933698 0.00253161 0.00273678 -0.0127651 0.00278588 -0.00361019 0.0025895 -0.00709758 0.0061114 -0.0184539 -0.00570372 -0.00356306 -0.00171535 -0.00376017 -0.00521284 0.00392467 0.00590184 
0.00201318 -0.00131897 -0.000711348 -0.00310976 -0.00184752 -0.00582341 -0.00707337 -0.00125083 -2.75385e-05 -0.00989787 0.00328471 -0.00170372 -0.00896338 -0.0153264 -0.00540219 -0.00411656 0.0115243 0.00750465 -0.00259951 -0.000259375 0.0577593 0.00487993 -0.000496702 -0.000807026 0.00306572 -0.000162633 0.00354928 0.00439552 0.00139144 -0.000519406 0.00349901 -0.00474952 -0.000459552 0.00190989 0.00238713 0.00543938 -0.00150426 0.000282262 0.000989024 -0.000389503 0.00274223 -0.00260926 -0.0145253 -0.00192612 0.00159042 0.00339621 -0.000646779 0.00596519 -0.00413929 -0.00344235 0.00410893 -0.00152651 9.75155e-05 -0.00444182 0.0053023 -0.00901769 -0.00401934 0.0043791 0.00431357 -0.00365837 -0.00169744 -0.000520096 3.75309e-06 -0.0036198 -0.00174526 -0.0022279 -0.00271775 -0.000688495 -0.00839321 0.00464481 0.00152161 0.000228826 -0.0165541 -0.00113596 -0.00618034 -0.00464388 0.00313915 0.000955599 -0.000768194 0.00946969 0.0115333 0.0067057 -0.00045357 0.00228733 -0.00106548 0.00233904 -0.00759129 -0.00982186 0.00658439 0.00468883 -0.00596688 -0.00106949 -0.00346567 0.00145075 -0.00371102 -8.97212e-05 0.00286586 0.00113236 0.00616632 0.00111307 
0.00151982 -0.00162767 -0.0062579 -0.00951317 -0.00712603 -0.00475252 -0.00752589 -0.00501987 -0.00320684 -0.014613 0.0175946 0.01778 0.000415306 -0.0164424 0.0160358 -0.0115401 -0.00585288 0.0139705 -0.00389462 0.000424497 0.00487993 0.12739 -0.00446139 -0.00191368 -0.000568428 0.00829713 0.00234517 0.00626551 -0.00603093 0.00340435 0.0123 -0.00597915 0.0118253 0.0152159 -0.0128165 -0.00136092 0.000804785 0.00304336 -0.000285023 0.000503419 4.26396e-05 0.0073883 0.0106146 -0.00214546 0.00144874 0.00490068 -0.00735897 0.0226733 -0.00554283 -0.0147637 -0.00978795 0.00140398 0.0122418 0.000738612 0.000780363 0.00182981 0.00794579 0.0022711 0.00477921 -0.0197562 -0.0047587 -0.00238913 -0.000438678 -0.0112997 0.00176236 -0.00123255 0.00296718 -0.00190656 -0.011264 0.00924702 -0.00653387 -0.000631658 -0.0192149 0.00174001 -0.0119329 -0.0130147 -0.00627499 -0.00452827 -0.004576 0.00110505 0.00158259 -0.00956953 -0.00261677 0.00218826 0.00396538 0.00231198 0.017223 -0.0223963 -0.00501082 -0.000415565 -0.00988594 -0.00298464 -0.0120726 -0.0024302 -0.00629544 0.000513974 -0.000507346 -0.00992987 -0.00996412 -0.00346173 
-0.00267292 -0.000295481 -0.0010092 0.0125202 -0.00623903 -0.0187666 0.00510702 -0.00398954 -0.00253824 -0.000518755 -0.00664364 -0.0232731 -0.0107049 0.0139124 0.00357387 -0.00573558 -0.0157726 0.00251438 -0.00574444 0.00659403 -0.000496702 -0.00446139 0.09844 0.00354247 -0.00507773 -0.00214995 0.00752852 0.00105278 -0.00245424 0.000457963 0.000898137 -0.000357839 0.00249888 -0.00850887 -0.00754465 -0.0140875 -0.00575255 -0.00244242 -0.00293367 -0.000675383 -0.0044892 -0.0152095 -0.0119746 -0.00674239 -0.00730232 -0.00991007 0.00876659 -0.00510145 -0.00100543 0.0047744 -0.00942062 0.0115224 -0.0056519 0.00563593 -0.00775792 -0.011026 0.0213365 0.00264067 0.00428904 0.0169143 0.00116259 0.00828847 -0.000192679 -0.0112863 -0.00205397 0.00157532 0.00286231 0.00820887 0.0126057 -0.00401055 -0.0129866 -0.00113709 0.0023732 0.000295982 0.0185852 -0.00598386 -0.00639619 -0.000706779 0.00330278 -0.00567997 -0.00780309 -0.0048487 0.0062887 -0.0059018 0.000955694 0.00496663 0.0124505 -0.0117507 0.0114036 0.0253214 -0.00275825 0.00193647 -0.00589659 0.00512005 0.0120785 -0.00385471 -0.0122316 -0.0127391 -0.00149103 0.00184558 
-0.000766973 0.0116441 -0.00339925 0.00198163 -0.00749713 -0.0114934 0.00480104 -0.00409769 -0.00469369 0.00271626 -0.00400561 0.00539352 0.00445615 -0.00134666 0.00481443 -0.00972255 -0.0061972 0.0144119 0.00335914 -0.00773802 -0.000807026 -0.00191368 0.00354247 0.0796909 -0.00179203 0.00143243 0.00429641 -0.00325746 -0.000781676 0.000896648 -0.00386367 -0.00431647 0.000761442 -0.0144655 -0.00666782 -0.00453001 0.00282437 0.000642402 -0.00162872 0.000559167 -0.000189616 -0.00392131 0.00230935 -0.00372089 -0.00551998 -0.0042624 -0.00377197 7.26987e-06 0.00702954 0.00140994 -0.00740066 -0.000670452 -0.00406121 -0.00236667 -0.0070458 0.00611913 0.0182311 0.0116314 -0.0016862 -0.0014138 -0.00429056 -0.00102683 0.000488907 -0.0222785 -0.00312983 -0.00320169 0.00928331 -0.00169875 -0.0013411 0.0144602 -0.00583034 0.00116479 -0.000378937 -0.00130105 0.000215591 -0.000226953 -0.00814181 -0.00126604 -0.00242574 0.00503051 -0.00780359 -0.00272617 0.000191341 0.00149769 0.00342364 -0.00338925 -0.00924347 -0.00279024 -0.000616 0.0041625 -0.000999006 -0.00552712 -0.00847161 -0.00271861 0.00672611 -0.00125214 -0.000100836 -0.00609171 0.0111055 0.00656883 
-0.00183649 0.000277387 0.00325513 -0.00248278 0.000934889 0.00229861 0.00168603 0.00131944 0.00465073 -0.000395217 0.00505712 -0.00180855 -0.00894244 -0.0101333 -0.0163009 0.00633528 -0.00813121 -0.00620545 5.29807e-05 -0.00714557 0.00306572 -0.000568428 -0.00507773 -0.00179203 0.0582475 -0.00176458 -0.000883849 0.000677856 -0.000996056 0.000929762 -0.00189494 0.00504485 0.000796999 0.0059809 0.00129922 0.00381277 0.00760465 0.000898319 0.00454997 0.00192363 0.00256384 0.00119986 0.00724848 0.00868067 -0.00212605 0.00184541 -0.00488474 -0.00197613 0.000958347 -0.00566247 0.0052302 -0.00212595 -0.00466705 -0.00120959 0.000919644 -0.00414922 -0.0110324 -0.00140377 0.00260588 -0.0100539 -0.00200461 0.00145835 0.00168439 -0.00249718 -4.52073e-05 0.000874435 -0.00314195 -0.00165372 -0.00665624 -0.000671974 -0.00214611 0.000558559 0.00946076 -0.000413926 -0.00290111 0.00404816 0.00661628 -0.000184473 0.000310488 0.00108867 -0.000947427 -0.00175516 -0.000496868 -0.0029111 0.00475951 -0.000708983 -0.00250427 -0.0118741 0.0006534 -0.00828851 0.0059767 -0.00372338 -0.00145768 0.00165441 -0.00217662 -0.000970018 0.000641513 -0.00468974 0.000678852 -0.00194522 
-2.13084e-05 0.00473684 -0.00443933 -0.00466457 -0.00455318 -0.00641724 -0.00462379 -0.00238524 0.00267987 -0.0097484 0.0053688 0.0173736 0.00436425 -0.0112214 0.0110651 -0.00730829 0.00174564 0.00313498 -0.00625131 0.00213374 -0.000162633 0.00829713 -0.00214995 0.00143243 -0.00176458 0.0816172 0.00272946 -0.00165797 -0.00122132 -0.000505457 0.00590182 -0.00693977 -0.000908188 -0.00603555 -0.00939786 0.00241209 -0.00617914 -0.000701162 0.000500139 0.000748372 0.00554421 -0.00234229 0.0165284 0.00595036 -0.00514886 0.000217311 -0.00699506 -0.00298311 -0.00804242 -0.00713294 -0.00579253 -0.00393451 0.0106082 -0.00278477 0.00818755 -0.00793282 0.0137816 0.00110272 0.000721873 -0.00733658 -0.00161149 -0.0014549 0.000714255 -0.0141782 -0.000864785 -0.00262838 0.0106146 -0.00301527 0.000799885 -0.000282044 0.0123004 -0.000117461 -0.0151098 -6.22667e-05 -0.0081082 0.00207462 -0.00535358 -0.00201615 -0.00279775 0.00740767 0.0134167 -0.00431481 0.000160399 -0.00174083 0.0041362 -0.00328827 -0.0191798 0.00829675 -0.00850238 -0.00246388 -0.00938575 0.00146178 -0.00903583 -0.000365085 -0.00571852 0.00416727 -0.00743988 0.00933592 -0.00342288 -0.00162835 
0.00191979 0.00438867 -0.000221447 -0.000771575 -0.00166049 -0.00635255 -0.00306219 -0.00114783 8.1768e-06 -0.00766628 -0.000196586 -0.00197025 -0.00591067 -0.00805124 0.00500539 -0.00446018 0.00193999 0.00397165 -0.00167624 -0.00316024 0.00354928 0.00234517 0.00752852 0.00429641 -0.000883849 0.00272946 0.0346915 0.00271306 0.0012905 0.00112516 -0.00135775 -7.02601e-05 0.000637295 -0.00319946 -0.000998922 0.00086157 -0.00143474 -0.000289572 -0.000182141 0.000260702 -0.0027529 -0.00709138 -0.00382267 -0.000839663 -0.00245338 -0.000326832 0.00362756 0.0065573 -0.00180578 -0.00129101 -0.00293934 0.00221132 -0.0014836 -0.00239796 -0.000699789 -0.00602982 0.00678421 0.00408979 0.00213049 0.000842742 -0.00116087 -0.000903853 0.00026328 -0.0145487 -0.00144407 -0.000451528 0.00305786 0.00305205 -0.00604029 0.00607035 -0.000656685 9.86925e-05 -0.00905564 0.000785084 0.00214932 0.00296122 -0.0021357 -0.000467163 0.00301883 0.000763721 0.00139209 -0.00202244 -0.000194455 -0.00210402 0.00296103 0.00137097 -0.00236425 -0.00845797 0.000271291 0.0108688 -0.0010007 -0.00348047 -0.00323457 0.00362679 -0.00205998 -0.000597097 -0.00185278 -0.0027441 0.00428101 0.00313778 
0.00485271 -0.0030181 -0.00170608 -0.00267483 -0.00591959 -0.00434034 -0.00702425 0.00363867 -0.00346876 -0.00746169 0.00362567 -0.00293576 -0.00795352 -0.00526184 -0.00782892 0.00737634 -0.00494431 -0.0001769 0.00129221 0.00705145 0.00439552 0.00626551 0.00105278 -0.00325746 0.000677856 -0.00165797 0.00271306 0.0569467 0.00531014 0.000907939 0.000976183 -0.00253965 0.00449194 0.00882752 -0.00242824 -0.00234674 -0.00167859 0.000481428 -0.000645992 0.000557391 0.00316716 0.000622903 -0.00751114 -0.000655467 -0.00258094 0.00384931 -0.00239469 0.00636458 -0.00564488 -0.00606487 -0.00320507 0.00203303 -0.00484779 0.002426 0.00579005 -0.00171851 -0.00775962 -0.00175885 0.00653433 0.00362264 0.00249766 0.00437098 -0.000210737 0.00178508 -0.00119041 0.00021756 -0.00267515 -0.00148744 -0.00839538 -0.00692555 -0.00552494 -0.000418156 -0.00842126 -0.00198859 -0.000426172 0.00296945 -0.000226481 0.00104077 0.00456168 -0.00644475 0.00653183 -0.000149774 0.00214532 -0.00238998 -0.000907414 0.00300814 0.00746069 -0.0118271 0.000567346 0.00112751 -0.00371059 -0.00686946 -0.00197327 0.00488857 -0.00593636 0.00109676 0.00554486 -0.00141355 -0.00284173 0.00010042 
0.00317244 0.000355198 0.00931456 0.00745193 -0.00475886 -0.00874406 0.00336566 0.00482637 -0.00909681 0.00537818 -0.00325824 -0.0175692 -0.0147786 -0.00109833 -0.00167716 0.013732 0.000709719 0.001874 0.00633645 -0.00382947 0.00139144 -0.00603093 -0.00245424 -0.000781676 -0.000996056 -0.00122132 0.0012905 0.00531014 0.0805552 -0.0012354 -0.00474356 -0.00509853 -0.000478446 -0.00719857 0.00773263 -0.00509983 -0.00394163 -0.00235307 -0.000575015 0.00124547 -0.00189184 -0.016044 -0.0283193 -0.00265221 0.000381078 0.000634817 -0.00150107 -0.00206399 -0.00935596 0.00759346 -0.00420927 0.00445904 -0.00939877 0.00113313 -0.00663201 -0.0193583 -0.0098436 0.00588579 0.00209326 -0.00774946 0.000296079 0.000220839 -0.000738893 -0.00705609 -0.00242924 -0.00320629 -0.00503918 0.000696331 -0.01057 -0.00501642 -0.00782489 0.000376381 -0.00725554 0.00114177 0.0194345 -0.000379466 0.00239836 0.000838188 0.00585899 -0.00249666 0.00250737 0.0103101 0.000382006 0.00193219 -0.00198645 0.00275805 0.00236047 -0.00603152 0.0129285 0.0145307 -0.00136301 0.00483278 0.0162509 0.00675179 0.000550663 0.000622937 0.00312011 -0.00752505 0.00942997 -0.00179509 
-0.00167401 -0.000619673 0.00167401 -0.00159246 -0.0035404 -0.00571911 -0.00105056 0.00334424 -0.00279825 -0.00736395 -0.00371232 -0.00768246 -0.00267832 -0.0080232 -0.00550034 -0.00359358 -0.00256652 -0.000224615 -0.00260717 -0.000352661 -0.000519406 0.00340435 0.000457963 0.000896648 0.000929762 -0.000505457 0.00112516 0.000907939 -0.0012354 0.0557594 0.000258922 -0.00176252 0.00165608 0.00743225 0.00175161 0.00332127 0.00141733 -0.00149478 0.00277379 -0.000415945 -0.00412171 -0.00569981 -0.00657082 0.000674276 0.00111868 -0.000884786 0.00183287 -0.0010582 0.00252667 -0.00688181 0.00745482 -0.000758556 -0.00154279 0.00402187 -0.00197208 -0.00881576 -0.00190651 -0.0015076 -0.00136235 0.00175115 -0.000657688 0.00143113 0.000973228 -0.00349333 -0.000707028 0.000308312 0.00393582 0.00345697 -0.00160022 -0.000605465 -0.00595464 0.000472718 0.00445784 0.00115767 -0.00156721 -0.0059881 0.00871641 -0.000571348 0.0020877 0.00191496 -0.00092701 -0.00395166 0.00327779 0.00183379 -0.000394483 0.00183483 0.00584062 0.000258947 -0.000908699 0.00693726 -0.0017225 -0.00056651 0.000145433 0.00457339 -0.0047161 -0.000608019 -0.00432098 -0.00551287 -0.00349338 -0.00152271 
0.00202547 -0.00202223 -0.00538288 -0.000717172 0.00482149 -0.00221382 -0.00375645 -0.00343693 0.0071848 -0.00899709 0.00499271 -0.00654047 -0.0112527 -0.0071548 -0.00131784 -0.00236092 0.01508 -0.00406151 -0.00532637 0.00310985 0.00349901 0.0123 0.000898137 -0.00386367 -0.00189494 0.00590182 -0.00135775 0.000976183 -0.00474356 0.000258922 0.0787114 -0.00454119 0.00168601 0.0188228 -0.00712902 0.00509173 -0.0040627 -0.000998877 -0.00211475 -0.00100337 0.0159595 0.0151921 -0.0156127 -0.000693392 0.00466536 -0.007183 0.00132669 0.0241423 -0.00781551 -0.012071 -0.000604251 -0.00239661 0.0154424 -0.00550734 0.00717789 -0.00788448 0.0122829 0.00232079 0.000448146 -0.014871 0.00106857 0.00195797 -0.000444151 -0.00635606 -3.31093e-05 -0.00139483 -0.000807612 -0.0025277 -0.00939447 -0.00408304 0.00244466 -0.000691584 -0.0180364 -0.00374994 -0.00581096 -0.00848044 0.00339105 0.000207708 -0.00469437 -0.00271047 -0.00215582 -0.0051762 9.19338e-05 -0.00625018 -0.00441512 -0.0026885 -0.00365117 0.00493103 -0.00666728 -0.00799237 -0.0102787 0.00237472 -0.00790006 0.000879892 -0.00634171 -0.000601263 -0.00158996 0.0202001 0.0010745 0.0028732 
-0.00113178 -0.0028513 -0.00529149 -0.00168075 0.00512304 0.00564543 0.00826721 -0.00657647 0.0107342 0.0131538 -0.00907871 -0.0118108 0.000967267 -0.00639409 -0.019342 0.00666354 -0.0229062 -0.00428452 -0.00402572 0.00705241 -0.00474952 -0.00597915 -0.000357839 -0.00431647 0.00504485 -0.00693977 -7.02601e-05 -0.00253965 -0.00509853 -0.00176252 -0.00454119 0.0994569 -0.000413093 -0.00648062 -0.00736824 0.00406139 0.0130577 0.000836686 -0.0021035 -2.92926e-05 -0.00290544 -0.00975983 0.00602967 -0.00134024 -0.0100378 -0.00161681 -0.00353219 -0.00215052 -0.00143981 -0.00674946 -0.00579198 -0.00265063 -0.00966587 -0.00402503 -0.010429 -0.00252453 -0.0121814 -0.00483094 -0.00166427 0.0238766 -0.00315432 0.000217769 0.00109247 0.0141694 -0.000385944 0.00706514 -0.00379105 0.000410422 0.0043326 -0.00428704 -0.00339857 -0.000966087 0.00804134 -0.00214149 -0.00869246 0.0111371 -0.00668106 0.001628 0.00471367 -0.0105914 0.000429657 -0.000503421 -0.00155241 0.0028842 0.00524164 0.00127596 -0.0003222 -0.00902923 -0.0123181 -0.00831258 0.0291527 -0.00545737 -0.00778397 -0.000246739 0.00718437 -0.0016992 0.0247177 0.000640442 -0.000499133 -0.00107234 
-0.000192094 -0.00109831 0.000406206 -0.00161384 -0.00248091 -0.00567681 -0.00564107 0.000536488 -0.00296578 -0.00432046 0.00100877 -0.00274647 -0.0019638 -0.00294805 0.00210813 -0.00285188 -0.00812446 0.00360338 -0.000456091 -3.7488e-06 -0.000459552 0.0118253 0.00249888 0.000761442 0.000796999 -0.000908188 0.000637295 0.00449194 -0.000478446 0.00165608 0.00168601 -0.000413093 0.0420135 -0.00139231 -0.00226882 -0.00475156 -0.00149108 0.00276629 0.000314978 -0.000390035 -0.00104402 -0.00124771 0.0043368 0.00330287 -0.0022017 0.000316779 -0.00301973 0.00584326 -0.00164907 -0.00593625 -0.000798835 0.00629004 -0.00146983 0.00808994 -0.000381656 -0.00170163 -0.000949067 0.0024132 0.00234121 0.00638136 1.57717e-05 0.00104721 0.000518741 -0.0110039 -0.00125656 -0.000118619 0.00583242 -0.000148152 -0.00470446 0.000784472 -0.00337391 0.00129557 -0.00882854 0.00135347 0.00527233 -0.00355613 -0.00250358 -0.000115961 0.000649575 -0.00186438 -0.00497821 -0.00324823 -0.000266067 0.000884375 0.00400161 0.00198136 0.0079737 -0.0128142 0.00319785 0.00117703 -0.000812592 -0.00430228 -0.00100613 -0.000159356 -0.00311607 -0.00120101 -0.00262064 -0.00476344 -0.00307003 0.00345626 
0.00701379 -0.00954647 0.0148729 -0.00532047 -0.00986492 0.0190066 -0.0100487 0.0163419 -0.00542449 0.00154246 -0.0129782 -0.0354916 -0.0399408 -0.0314834 -0.00731843 -0.00302444 0.00755961 -0.0012949 -0.00394264 -0.00502595 0.00190989 0.0152159 -0.00850887 -0.0144655 0.0059809 -0.00603555 -0.00319946 0.00882752 -0.00719857 0.00743225 0.0188228 -0.00648062 -0.00139231 0.16233 -0.00178268 0.00170874 0.0172589 -0.00549125 0.00330911 -0.00257106 -0.00766282 0.0356151 -0.0529774 0.00647385 0.0274756 -0.0204884 0.013001 0.0101699 -0.00594363 -0.0197842 0.00938813 -0.00963718 0.000331748 -0.0117375 -0.00242244 -0.0208881 -0.0251175 -0.00710842 -0.00177096 -0.0193489 0.0164742 0.00730892 -0.00101806 0.0298092 0.00877139 0.00555254 -0.0133424 -0.00362778 -0.0206383 -0.00880232 -0.012542 -0.00151782 0.0135618 -0.00813044 -0.00474532 -0.00326881 0.0227879 -0.00561567 -0.00364623 -0.0150326 -0.0102218 0.00524255 0.00294851 -0.0163431 -0.00935834 0.0144769 0.0396942 0.00144338 -0.00397163 -0.00651615 -0.0231514 -0.00836882 0.023795 0.000384108 -0.0120029 0.00184163 0.0234568 0.0165668 -0.00960986 -0.00151378 
-0.00172632 -0.00445356 0.0212132 0.000412657 0.00170715 -0.0112273 -0.0105427 0.0143471 -0.0115354 -0.00927104 0.00280719 -0.00420205 -0.0104741 -0.0103212 -0.0254093 -0.0040454 0.0183839 -0.00938488 -0.00346586 -0.0181384 0.00238713 -0.0128165 -0.00754465 -0.00666782 0.00129922 -0.00939786 -0.000998922 -0.00242824 0.00773263 0.00175161 -0.00712902 -0.00736824 -0.00226882 -0.00178268 0.122224 0.00790674 0.00280017 -0.00267802 0.0117597 -0.000873057 -0.00500054 0.00527404 -0.026033 0.000873484 0.00287186 -0.00620172 0.000123162 -0.00671147 0.00648886 0.00127268 0.0256941 -0.000403099 -0.00849464 -0.00617407 -0.00450922 -0.0113536 -0.0188485 0.000114393 -0.00376942 -0.0255728 0.0143281 0.00139468 -0.000832516 -0.0219387 0.00698969 -4.47827e-07 -0.00493317 0.00502837 -0.00550577 0.00330101 0.000157678 0.000662965 -0.00885201 0.00603079 0.010509 -0.00725281 0.0270401 0.00199019 0.00370838 0.0209032 -0.014064 0.00428465 -0.00074519 0.0143647 -0.0058127 0.000160752 -0.00368446 -0.0253102 0.0292511 0.00871378 -0.00966378 0.00935277 0.00203999 0.0214804 0.000967374 -0.0051728 -0.0197222 -0.0133507 0.0164362 -0.00247583 
