0.171916 0.0124775 0.00800743 -0.00126977 0.00112154 0.0306111 0.0170211 -0.000652746 -0.0157533 -0.00824805 0.00108647 -0.0145052 -0.00425324 -0.0210818 -0.00788094 -0.0119506 -0.00317174 -0.00916283 0.00657898 0.00479889 -0.014077 -0.0360879 -0.0125327 -0.00914784 -0.0162482 -0.0388155 -0.000268305 -0.0119305 0.0253893 -0.00209377 -0.0275891 -0.0219491 -0.0207685 0.00289759 -0.0169389 0.0216549 0.00215554 0.00078114 -0.00422914 -0.00273958 0.000644866 -0.0035452 0.0259894 0.0153064 -0.0034884 0.0147784 0.00115855 -0.0164706 -0.000969307 0.00651476 -0.00422012 -0.00157952 -0.00264385 -0.00355443 -0.0209689 0.000361142 0.0239245 0.0103069 0.00250375 -0.013896 -0.0205752 0.0144181 -0.00710751 -0.0090172 -0.000805506 -0.00705407 0.0100016 -0.0276525 0.0318817 -0.00857662 -0.0093254 -0.00691718 -0.0169976 -0.00380853 0.000228215 0.00386609 0.0533707 0.000320373 -0.0040693 0.00409787 -0.0144603 -0.017011 0.00732608 -0.001594 0.00808219 0.0153437 -0.00109522 -0.00629962 0.00453012 0.0158292 0.0138591 -0.0162767 -0.00520515 -0.0102283 -0.00195807 0.0141417 0.0019049 -0.000925653 -0.0132172 0.00767304 
0.0124775 0.219164 -0.0138975 -0.000704597 0.0032208 -0.0215911 -0.0318889 -0.00497964 -0.00241033 -0.00525281 -0.00467848 -0.0188511 0.000299325 0.0115039 -0.00712419 -0.0293335 -0.00720717 0.0218936 -0.0110497 -0.0242483 -0.0293202 -0.0401974 0.022658 0.0110006 0.00902488 -0.0183077 0.0504824 -0.00742399 -0.0115891 0.010748 0.0397054 -0.00719362 -0.0132122 -0.0137524 -0.0148964 -0.0234605 0.00241947 -0.0074752 -0.00185321 -0.0177913 -0.00888166 -0.00158623 -0.00947701 -0.00174408 0.013381 -0.00628569 0.000705212 -0.0323519 -0.000266046 0.00240345 -0.012579 -0.00675754 -0.0216293 -0.0296987 -0.0254231 -0.00755679 -0.0232691 -0.0190125 -0.0130864 -0.00478906 0.000850294 0.0630998 -0.00725881 0.0586313 -0.000365367 -0.00714752 -0.00633417 0.0389916 -0.0114663 -0.00265838 -0.0135978 0.0068653 -0.000314077 0.00356443 0.00458116 -0.0032901 0.0342724 0.00685099 -0.000449243 0.079814 0.0105654 -0.027119 -0.0154293 -0.00601313 0.00302297 -0.0323729 0.000113231 0.00534618 0.0041939 -0.0150075 -0.0172228 0.0299883 -0.0116115 0.00880672 0.00175184 0.00728665 0.00116404 0.00477565 -0.00754092 -0.00634082 
0.00800743 -0.0138975 0.0881289 0.000902604 -5.6143e-06 0.00488005 0.0007549 -0.000137019 -0.00665282 -0.00283291 -0.00956897 -0.00302884 -0.00453486 -0.0269982 0.00143367 0.00444384 -0.00165142 -0.010898 -0.00188788 0.0235319 -0.00581096 -0.00269282 0.00322913 -0.00254926 -0.00872745 -0.0104732 -0.0155492 -0.00124277 0.0133203 -0.00506693 -0.0166546 0.00239248 -0.00434352 0.000302573 0.0036379 0.0089159 -0.00246351 0.00750462 -0.0016667 0.00365013 0.0105138 0.000206752 0.00215545 -0.00237266 -0.00200248 0.000741604 -0.000606007 0.00789113 0.000298028 -0.00154916 0.000147178 -0.00132114 0.00816665 0.00103862 -0.000677469 -0.00067239 -0.000496978 0.0110692 0.00147238 -0.00541469 -0.0196351 -0.0176884 -0.0103989 -0.0198153 0.00604295 -0.000278933 -0.00336739 -0.0209826 0.015273 0.0038611 -0.00689479 -0.00696799 -0.0130826 -0.00211344 -6.28249e-05 0.00233597 0.00160228 -0.0132356 -0.000448475 -0.00841223 -0.010195 0.0016748 0.00971773 -0.000706121 -0.00570789 0.00814391 0.000420387 0.00891716 0.00498112 0.0132312 0.0121086 0.000646153 0.00147425 0.0011422 -2.85398e-05 0.00490769 -0.00266993 -0.00102378 0.000762231 0.0221839 
-0.00126977 -0.000704597 0.000902604 0.137456 0.000140424 0.0403772 0.0281947 -0.00305193 0.00108249 -0.00166262 -0.00415374 0.00810421 -0.00710532 -0.0437351 -0.00267932 0.00408602 0.00725338 -0.0102761 -0.0035113 -0.00501351 -0.00229413 -0.00466279 -0.0153008 -0.0176873 -0.00631761 -0.00941176 0.00161953 -0.00769238 0.00416285 0.00500502 -0.0180096 0.00906675 -0.021151 -0.0114645 -0.00690003 0.00644731 0.00165371 -0.000830849 -0.00637913 -0.00398221 0.0107206 0.00318213 0.00126807 0.027129 0.00334275 0.0101096 0.00702506 0.0103642 -0.00099726 -0.00233392 0.00205841 -0.00449282 0.00639301 -0.0015655 -0.00692494 0.00260458 0.0302548 0.0093679 -0.00156701 0.00271277 -0.0226495 -0.0146716 -0.0219984 -0.00889597 0.00114972 -0.00139407 -0.00235378 -0.0172803 -0.0148015 -0.000331948 -0.0206057 -0.00178463 -0.0121197 -0.00320692 -0.00502846 0.00152649 -0.00320663 -0.0143867 -0.0036391 -0.00963769 -0.00758216 -0.0024382 -0.00229355 0.00522123 0.0100246 0.00563254 -0.000214698 -0.0169565 -0.00358832 0.0193818 0.0210383 -0.00799287 0.00221699 0.00187227 -0.00187587 0.0301102 -0.012082 -0.00301546 -0.00505902 -0.00603934 
0.00112154 0.0032208 -5.6143e-06 0.000140424 0.13802 -0.00562242 0.00224258 -0.000282022 -0.00283043 -0.00557137 -0.00216545 -0.00813876 -0.00465475 -0.00744025 -0.00160372 0.00384763 -0.00445709 0.00688038 0.00543098 -0.0207672 0.00872483 0.0132484 0.00864238 -0.00482755 -0.00420567 -0.0131725 0.0121541 -0.00647266 -0.00311501 0.00712719 -0.00212229 -0.00252953 -0.00691022 -0.00736942 0.0117271 -0.00307945 -0.00184746 -0.00241005 -0.00231832 0.00112115 0.00616191 0.00110232 -0.00775888 -0.0260107 -0.00364889 -0.00184725 -0.00240367 -0.0038042 -0.000572337 0.0031727 -0.00542243 0.0143831 -0.00794567 -0.00344584 0.00699358 0.00113052 0.00317764 0.00570659 -0.000676631 -0.0124814 0.020349 -0.00245055 -0.0198811 -0.0047321 -0.004006 -0.00199082 -0.000479604 0.0216487 -0.00052669 -0.00678771 -0.00195222 -0.00274818 -0.0109061 -0.00262257 -0.0025621 -0.000630457 -0.00286316 -0.00667137 -0.00279197 0.000604366 -0.00123027 0.0122215 0.011261 -0.00019532 -0.00285127 -0.0216013 -0.00134325 -0.0129143 -0.00334382 -0.00538631 -0.00761434 -0.00627238 -0.00242544 -0.00709749 -0.00189935 0.00743784 0.00793306 0.00392644 -0.00907376 0.00692874 
0.0306111 -0.0215911 0.00488005 0.0403772 -0.00562242 0.227201 0.0212039 -0.00266691 0.000197744 0.00980757 -0.010831 0.0270478 -0.0148996 -0.0387204 0.000474476 0.0118687 0.00697908 0.000200845 -0.00359019 0.0116128 0.000121135 -0.0119717 -0.0332697 -0.0311656 -0.0208029 -0.0177179 -0.000162729 -0.00423195 0.00316174 -0.00850371 -0.0411194 -0.00988124 -0.0317444 -0.00884854 -0.0180634 0.0182909 0.0127477 -0.00910642 -0.0111137 -0.0289105 0.0171866 -0.00569029 0.00162459 0.0293866 -0.00493081 0.0226885 0.00125376 0.0181908 -0.00269067 -0.00832544 -0.0123979 -0.00140368 0.00134298 -0.00506743 -0.0277406 -0.0034147 0.0839714 0.0173758 -0.0136526 -0.00244048 -0.0779681 -0.0404549 -0.0516284 -0.0287312 -0.00126298 -0.00725627 -0.00127907 -0.0223096 -0.0110475 -0.00606195 -0.0383242 0.00926314 -0.0390183 -0.00702228 -0.00782039 0.00221686 0.0462751 -0.0342034 -0.00919986 -0.0234187 0.0256723 0.00303056 0.0632049 0.00195943 0.0526081 0.0328516 -0.00354271 -0.0147141 -0.00542138 0.0260804 0.0607855 -0.00959412 -0.00747608 -0.00294315 -0.00249659 0.00549565 -0.0171502 -0.00384945 -0.00337753 0.000614743 
0.0170211 -0.0318889 0.0007549 0.0281947 0.00224258 0.0212039 0.158454 0.00382741 -0.0135939 -0.00246195 -0.00693742 0.0249169 -0.00921827 0.0022403 -0.00326514 0.00638837 0.0213124 -0.0157291 -0.00271452 -0.00456419 0.015886 -0.00249171 -0.0174966 -0.0135312 -0.00859683 -0.0133154 -0.0146455 -0.0123733 -0.00625715 -0.00546711 -0.0178476 -0.00862469 -0.02267 0.001977 -0.00510793 0.000655724 -0.00476844 0.000960327 -0.0015077 0.0102643 -0.00181586 -0.00103621 0.00316537 0.0165245 0.00166533 -0.00867693 -0.00074342 0.00627762 -0.00045849 0.0017753 0.0111602 -0.00946054 0.00700454 0.0270164 0.0109545 0.0105491 0.0134761 -0.000158279 0.0174622 -0.00540433 0.00384829 -0.0165072 -0.0155155 -3.35958e-05 -6.19596e-05 0.00192013 0.0169597 -0.0381128 -0.0143024 -0.0105596 -0.0244728 -0.00612487 -0.0222885 -0.00226967 -0.00641935 0.00218773 0.0115044 -0.014243 -0.00556953 -0.033094 -0.00425107 0.00741625 0.00409366 -0.000510699 0.00626264 0.0293424 0.000384972 -0.0167796 0.00210387 -0.000983485 0.0024615 -0.0218253 0.00453443 -0.00521239 -0.00100631 0.014984 2.20231e-05 -0.00177657 -0.0121483 -0.00446081 
-0.000652746 -0.00497964 -0.000137019 -0.00305193 -0.000282022 -0.00266691 0.00382741 0.0406774 0.000143771 1.77165e-05 -0.00105434 -0.00749892 0.000580387 0.00712534 0.000976644 -0.00211987 -0.000302342 0.00138935 0.000382122 -0.00336302 0.0121381 -0.00238879 -0.00309095 0.00055282 0.00061378 -0.00462878 -0.00335716 -0.000583198 0.000685339 -0.00159169 -0.00555704 -0.00128599 -0.001641 -0.00309615 -0.00150659 -0.00207938 -0.000570472 0.000387492 0.00274785 0.000534754 7.97434e-05 0.000288186 0.000861111 0.00863797 -0.000868535 -0.00264358 -0.00106022 -0.000728276 -0.000267116 -8.50374e-05 0.00242511 -0.00151094 0.00208892 0.00205642 0.00359289 3.01123e-05 -0.00768359 0.000751749 0.00589176 -0.00215935 0.00389407 0.000798677 -0.000325882 -0.00224567 -0.00204306 7.98947e-07 0.00124832 -0.00390866 0.00606703 -0.0018615 -0.000287805 -0.000549434 -0.00351511 -0.000315436 -0.00125173 0.000397348 -0.000853045 -0.0043535 -0.00139901 -0.00734502 -0.00422528 0.000478294 0.000673537 -0.000989222 -0.00024044 -0.000281106 -0.000759441 -0.00078783 0.00075627 -0.00121462 0.00324055 -0.00608735 -0.000949498 -0.000393743 -0.000312735 0.0030217 0.000549982 -0.000830597 -0.00146972 0.00267819 
-0.0157533 -0.00241033 -0.00665282 0.00108249 -0.00283043 0.000197744 -0.0135939 0.000143771 0.118567 0.00689425 -0.00384808 0.00783832 0.00257276 0.00786087 -0.00150995 -0.00116238 -0.000194413 -0.00174045 -0.00499736 0.0156475 -0.00282696 0.000766283 -0.0150275 -0.00919914 -0.0048103 0.00837767 -0.00559085 -0.004007 -0.00606634 -0.00469367 0.00356504 0.00485656 0.00278667 -0.00482671 -0.000300521 -0.0028376 0.000128393 -0.00356052 0.000211486 -0.00939484 -0.00194954 -0.000695785 -0.00723716 -0.00353954 -0.00298768 -0.00686951 -0.00250197 0.00884659 -0.000867512 -0.00210115 -0.0041144 0.00418201 -0.00886804 0.00380141 -0.0074901 0.0037966 -0.0106471 -0.00383436 0.00223955 -0.00361145 -0.0145594 0.00200644 0.00049663 0.00976288 0.00383792 0.00230452 -0.00399237 -0.00879319 -0.014687 0.00694279 0.00262001 -0.0044394 0.00497441 0.00348264 -0.00329335 -0.00174812 -0.0125045 -0.00849039 4.44367e-05 -0.00227838 0.0161357 0.0105119 0.0277828 -0.00360269 -0.0106447 -0.0158109 -0.00133391 0.0054362 -0.00404453 -0.0181116 0.00154064 -0.00601427 -0.00457302 0.00679977 -0.00131246 0.0211942 -0.0085301 0.000629312 0.0132632 -0.000214469 
-0.00824805 -0.00525281 -0.00283291 -0.00166262 -0.00557137 0.00980757 -0.00246195 1.77165e-05 0.00689425 0.0695631 -0.00490476 0.00268171 0.000876538 -0.00996727 9.37039e-05 -0.00344369 -0.00278192 -0.00306946 -0.00217926 0.0278441 0.00541888 0.00319467 -0.0153494 -0.000651974 -0.00498425 -0.00024098 -0.00110393 -0.00176682 -0.00205313 -0.000396026 0.000657013 0.000889161 -0.0096366 -0.00443278 0.00331326 0.00117609 -0.00179741 -0.00132732 -0.00357699 -0.00444152 -0.00373806 0.000376026 -0.00071592 -0.00273122 -0.00121347 -0.00677822 -0.000291026 0.0122148 -0.000444636 -0.00136585 0.00489172 -0.00185805 1.02807e-05 0.0126266 0.00777268 0.00298796 0.015552 -0.00415746 -0.00375499 0.00476803 -0.0184512 -0.00820032 -0.0142357 0.000426275 0.00963352 0.00351499 -0.0037046 -0.00111278 -0.003113 0.00644734 -0.00668466 0.00121656 -0.00903507 -0.000881335 0.00057491 -0.000756113 -0.0136182 -0.00659517 -0.00106807 0.00230076 0.0150924 0.00375491 0.00379294 -0.00297871 -0.00486513 -0.0113565 0.000555715 -0.00957853 -0.00114106 -0.00100155 0.00041823 0.00574097 -0.00226617 -0.000854287 -0.000611179 0.00394307 -0.000109309 -0.000588304 0.0069801 -0.00402952 
0.00108647 -0.00467848 -0.00956897 -0.00415374 -0.00216545 -0.010831 -0.00693742 -0.00105434 -0.00384808 -0.00490476 0.136052 -0.0120085 0.0130849 -0.0216633 -0.00349223 -0.00210533 -0.00632954 0.0185753 0.0226037 -0.0184598 -0.0127925 -0.00643304 0.0081763 -0.00034484 -0.00481394 0.0183247 0.0264203 0.00782431 -0.00508597 0.0111555 0.0114266 0.00152771 -0.00795193 -0.00511053 -0.00117251 0.00257504 -0.000193896 -0.000307647 -0.00425598 0.00170902 -0.00078752 -0.00212643 0.000663749 -0.0238417 -0.00233188 0.00538532 0.00167229 -0.00108669 -5.98237e-06 0.0056868 -0.0063341 0.00107758 -0.0116862 -0.00183399 -0.0122716 -0.00248261 -0.013796 -0.00431351 0.00416505 -0.00931185 0.00285407 0.0184832 -0.00044696 -0.0110556 -0.00660928 -0.00465816 0.0165947 0.0358991 -0.0165963 0.00122846 0.0201621 -0.00640339 0.00222936 -0.00187419 -0.00209488 -0.0021495 -0.00922217 0.0168543 0.00266068 0.017443 -0.0113301 -0.00453338 -0.0175041 -0.00421437 -0.012741 -0.0333815 0.00412384 -0.0149417 -0.00572859 -0.0194568 -0.0243095 -0.00150739 -0.00253405 0.00253529 0.00228882 0.0138109 0.0151524 0.00198153 -0.00463878 -0.00268908 
-0.0145052 -0.0188511 -0.00302884 0.00810421 -0.00813876 0.0270478 0.0249169 -0.00749892 0.00783832 0.00268171 -0.0120085 0.204596 -0.00947144 0.0150247 0.00794681 0.0148737 0.0243338 -0.0109786 -0.00575676 0.00937413 -0.00769092 -0.00950021 -0.0105007 -0.00757054 -0.0209009 -0.00475569 -0.00177171 -0.00828931 -0.00404662 -0.00459821 0.00393468 0.00680318 0.00651926 0.0109694 -0.00276094 0.00915437 -0.00273767 -0.00621821 -0.00851924 -0.00363571 -0.00929422 -0.00872252 -0.00803903 -0.0149113 0.00518206 -0.013466 -0.00509565 0.00924234 -0.000143898 -0.00505322 0.00435773 -0.000627495 -0.00986851 0.0211467 0.00390542 0.0091407 0.00287744 -0.0146449 -0.0082505 -0.000348064 -0.0155359 -0.0425797 0.0218413 -0.0134073 0.00491055 0.0066341 0.0139588 -0.00974661 -0.0113506 0.00307791 -0.0207415 -0.00988174 -0.00894558 0.00151476 -0.00126165 0.000238948 0.0258989 -0.0020392 -0.00442772 -0.047601 0.0333499 0.0175218 0.0127246 -0.00299488 0.0127314 0.0271902 -0.000375749 -0.00287127 -0.00650623 -0.0415424 -0.0266256 -0.0208462 0.0106715 -0.00172735 -0.00290624 -0.017458 -0.0134416 -0.00574779 0.000836159 -0.0103106 
-0.00425324 0.000299325 -0.00453486 -0.00710532 -0.00465475 -0.0148996 -0.00921827 0.000580387 0.00257276 0.000876538 0.0130849 -0.00947144 0.0736905 0.0073661 -0.00176129 -0.00180731 -0.00285372 -0.00163781 0.00477346 -0.00439433 -0.00300909 -0.0102664 -0.00111392 -0.00690858 0.00153076 -0.0119599 0.00079456 -0.00303445 -0.00133326 0.00276144 -0.00101246 -0.0021079 -0.00659913 0.000884685 -0.00461287 -0.000215446 -0.000407006 0.00063461 0.000296946 0.00288975 -0.00246994 0.000740275 0.00276884 -0.00712975 0.00156532 0.005229 0.00137477 -0.00100551 0.00110091 0.00546115 -0.000424537 0.00193673 -0.0106394 -0.000852727 -0.00660643 0.000268477 -0.00379093 -0.00241012 0.000239551 -0.00841353 0.00731119 0.0191419 0.0137768 -0.00222902 -0.00382715 -0.000171163 0.0022357 -0.00807016 0.000405217 8.40394e-05 0.0133176 -0.00267709 0.00402945 0.00406248 0.00121763 -0.000894354 -0.0047151 0.0170453 0.00250279 0.00704072 -0.0044716 -0.00616447 -0.00859851 9.20877e-05 -0.00738528 -0.0136956 -0.000947034 0.00145375 0.00117152 -0.012161 -0.00850918 -0.00599253 -0.00342428 0.000214886 0.000820088 0.00324838 0.0170352 0.00110512 0.00725789 -0.00144259 
-0.0210818 0.0115039 -0.0269982 -0.0437351 -0.00744025 -0.0387204 0.0022403 0.00712534 0.00786087 -0.00996727 -0.0216633 0.0150247 0.0073661 0.228705 -0.00147249 0.00111686 0.0118743 -0.00409761 -0.00906664 -0.0300152 0.0136447 0.0148639 0.00427399 -0.0142248 0.0175231 0.00232896 -0.0115802 -0.00709714 -0.0118739 -0.0111608 0.028692 -0.0137932 0.0464112 0.0139686 -0.0113474 -0.00808761 -0.00525856 -0.00908059 -0.00124761 -0.00844019 -0.0227117 -0.0136835 -0.00779008 -0.00421901 -0.0117273 -0.031787 -0.0102419 -0.0373777 0.00187215 0.00134534 -0.0114445 -0.00254587 -0.0130298 -0.000963439 0.0137951 -0.00125894 -0.0525547 -0.0202703 0.00420483 -0.0136693 0.0855242 0.0157072 0.0447043 0.0508716 -0.0147323 0.00165539 0.00834846 -0.0092673 0.0254144 -0.0143105 0.00219168 0.00631535 0.015171 0.00520425 -0.00400164 -0.00241368 0.037726 0.0251401 -0.00701003 -0.0355098 0.0154258 0.00361335 -0.00437452 -0.00608652 -0.015166 0.0244734 -0.00480414 0.024782 -0.00068675 -0.0533545 -0.028482 0.0111352 -0.00321458 -0.00273221 -0.00565231 -0.0295514 -0.00843546 -0.00866264 -0.00749543 -0.0104761 
-0.00788094 -0.00712419 0.00143367 -0.00267932 -0.00160372 0.000474476 -0.00326514 0.000976644 -0.00150995 9.37039e-05 -0.00349223 0.00794681 -0.00176129 -0.00147249 0.0450716 0.00269988 0.00162805 -0.00083771 -0.00233829 0.00446413 0.00694503 0.00219241 -0.00465874 0.00379685 -0.00328873 0.000627166 -0.0069358 0.00548701 -0.00102459 -0.00254145 -0.00527533 0.00417999 -0.00216452 -0.00142305 0.00240726 -0.00164478 0.00175728 0.000921437 0.000586287 0.00338699 -0.000791607 0.00106529 -0.00273362 0.000826267 0.000605775 -0.00023871 -0.000110651 0.0042447 -0.000194274 -0.0011912 0.00243239 -0.000474968 0.00507719 0.00100077 0.00695911 -0.000852869 -0.000376901 0.00328724 -9.60852e-05 0.00400865 -0.00568848 -0.00872194 -0.00649113 -0.00767525 -0.00129473 0.00319071 -0.00220341 -0.00431665 -0.00390253 -0.000138968 -0.00557087 0.000597497 -0.00215702 -0.00108175 -0.000993424 0.000335767 -0.00545143 -0.00480343 -0.0011502 -0.00878807 0.00155799 0.00691086 0.00367558 0.000395175 0.0034773 0.00210709 -8.31479e-05 0.00345956 0.00063165 0.00133011 -0.00118034 -0.00406615 0.00174212 0.00111481 -0.000974266 -0.00537799 -0.00563089 -0.000912152 0.0018236 -0.000296541 
-0.0119506 -0.0293335 0.00444384 0.00408602 0.00384763 0.0118687 0.00638837 -0.00211987 -0.00116238 -0.00344369 -0.00210533 0.0148737 -0.00180731 0.00111686 0.00269988 0.123425 -0.00214782 -0.00157676 -0.00309996 0.00539335 0.00423752 0.00624139 -0.00561164 -0.00392527 -0.00996534 0.0156499 -0.0207798 0.00499195 -0.00354356 -0.00602633 -0.00361601 0.00110156 0.00494815 0.00171379 0.00124745 0.0013045 -0.00395915 -0.00123168 -0.00434299 -0.00405986 -0.00132711 0.00114765 -0.00735221 -0.00879588 -0.00714765 -0.0003379 -0.00129346 0.0117497 -0.000142146 -0.000519074 0.00856668 0.00106716 -0.00155335 -0.00429279 0.00515004 0.00217024 -0.00349552 0.00203819 0.00527322 -0.00590919 0.0126312 -0.0272946 -0.00518747 -0.0144341 0.00114902 -0.00233545 0.00480468 -0.0116844 -0.0054419 0.00320877 -0.0155998 -0.00876144 -0.0106226 -0.000597315 0.00199595 -0.00111711 0.000357174 -0.0113917 0.00378301 -0.037797 -0.00319904 0.0122482 0.00836084 0.00149327 -0.00805692 0.0258408 2.0784e-05 0.0152194 -0.00307272 -0.00458819 0.00687709 -0.0123202 0.00351877 -0.00564708 -0.00121345 -0.00868369 0.00168757 -0.00252202 0.00734737 0.00225686 
-0.00317174 -0.00720717 -0.00165142 0.00725338 -0.00445709 0.00697908 0.0213124 -0.000302342 -0.000194413 -0.00278192 -0.00632954 0.0243338 -0.00285372 0.0118743 0.00162805 -0.00214782 0.0851534 -0.00499357 -0.00310389 -0.00337533 -0.00415964 -0.00232725 -0.00901674 -0.000523988 -0.0057823 -0.00387813 -0.0118055 0.000311325 -0.00128037 -0.00563557 -0.0172382 -0.000734309 -0.00377827 0.00183242 -0.00456519 0.00412058 2.85293e-05 0.000120155 -0.00152019 -0.00238225 -0.00221245 -0.00260358 0.00218668 0.00310703 0.000769549 -0.00307088 -0.00229191 0.00118153 -0.000153673 0.000416594 -0.00396291 -0.00138294 0.00137204 0.00908495 0.0013653 0.000174516 -0.003947 0.0045665 -0.000981324 -0.00095214 0.00153024 -0.0131782 -0.00155034 -0.0077068 -0.00356085 0.00354373 0.00845634 -0.017573 0.00447807 -0.0010773 -0.00957629 -0.00349293 -0.00912675 0.00400352 -0.00161256 0.00179068 0.0164056 0.00172091 -0.00017583 -0.0266626 0.006013 0.00173923 -0.00482409 0.00144847 0.0105502 0.0147321 0.000858811 -0.000377139 -0.000684963 -0.0038203 -0.00301284 -0.00925545 0.00427377 0.00135917 -0.000518474 0.00232292 -0.00826924 -0.0017648 -0.00300154 -0.00481996 
-0.00916283 0.0218936 -0.010898 -0.0102761 0.00688038 0.000200845 -0.0157291 0.00138935 -0.00174045 -0.00306946 0.0185753 -0.0109786 -0.00163781 -0.00409761 -0.00083771 -0.00157676 -0.00499357 0.124081 0.0116311 -0.022203 0.000613122 0.00461963 0.00243252 0.0126136 -0.00237925 0.0430449 0.0373803 0.0262388 -0.00598005 0.00634293 0.0118241 -0.00682172 0.00958767 -0.00218557 0.00667651 -0.00719083 -0.00167631 -0.00332923 0.000561529 -0.00726241 -0.00155925 0.00161819 -0.00349496 -0.00765996 -0.00306165 -0.0035894 -0.000861454 -0.0136162 -0.000476567 -0.000164312 -0.00633707 0.0027172 -0.0155585 -0.01034 -0.0157345 -0.00511861 -0.00742889 -0.00697345 -0.00788522 -0.00870625 -0.00224506 -0.00205473 -0.019644 0.0191344 -0.00302228 -0.00522349 -0.00258678 0.0516236 -0.0252253 -0.00508412 0.0018683 0.00123198 -0.0130312 -0.00189418 -0.000609963 -0.000826548 -0.0128775 -0.00753121 -0.00345649 0.00980581 0.00437668 -0.00840503 -0.0158757 -0.00233433 0.00738626 -0.0246249 -0.00115025 -0.00320909 -0.00373587 -0.0122511 -0.0161579 0.0129359 -0.00296237 0.00330361 0.00583058 -0.00965502 0.00178416 -0.00132561 -0.00867615 -0.00193543 
0.00657898 -0.0110497 -0.00188788 -0.0035113 0.00543098 -0.00359019 -0.00271452 0.000382122 -0.00499736 -0.00217926 0.0226037 -0.00575676 0.00477346 -0.00906664 -0.00233829 -0.00309996 -0.00310389 0.0116311 0.0611458 -0.00702182 0.000213206 -0.00744026 0.0121929 -0.00332099 -0.00261145 -0.00131489 0.018456 0.00127487 0.00140921 0.00960961 -0.00230418 -0.00518076 -0.00261058 0.000998351 -0.00368013 0.000912162 -0.000426975 0.00631004 -0.0018321 -0.00199793 0.00235919 0.00127661 -0.000729656 -0.0110052 -0.00243362 -0.000812571 -0.00192953 -0.00347388 -0.000341094 0.000419258 -0.00169357 0.00249496 -0.00708137 -0.000267817 -0.00638612 0.00105991 0.00432023 0.00224133 -0.00216616 -0.00516486 -0.00596486 0.0102419 0.00497629 -0.00915616 -0.0028551 -0.00200846 0.00926801 0.00529288 -0.0040634 0.00215084 0.0166451 -0.00261759 0.00327721 -0.000642427 0.000842028 0.000548744 -0.00590255 0.00494527 0.000221115 0.00872744 -0.0104988 -0.00595909 -0.00711916 -0.00114517 -0.0086141 -0.0134008 0.0016681 -0.00670332 -0.0018253 -0.0122142 -0.0103811 0.00423052 -0.00179637 -0.00221262 0.000257389 -0.00849809 0.00883692 -0.000125266 -0.00538934 0.00539289 
0.00479889 -0.0242483 0.0235319 -0.00501351 -0.0207672 0.0116128 -0.00456419 -0.00336302 0.0156475 0.0278441 -0.0184598 0.00937413 -0.00439433 -0.0300152 0.00446413 0.00539335 -0.00337533 -0.022203 -0.00702182 0.164465 -0.000672822 -0.0122261 -0.0322222 0.0106801 -0.0153699 -0.00623898 -0.0297213 -0.0108521 0.00992849 -0.013295 -0.0223695 0.0135937 -0.0153762 -0.00335707 0.00733379 0.0138647 -0.00484717 0.000178933 -0.00535273 -0.00377318 0.00207587 -0.000790863 -0.00107796 0.00124548 -0.00713115 -0.00394553 9.22807e-05 0.038052 -0.000863958 -0.000504783 0.0129103 -0.000122194 0.0167121 0.0251548 0.0123071 0.00499529 0.0259374 -0.00020571 -0.00333947 0.0108462 -0.0448817 -0.0404928 -0.0349313 -0.024032 0.0178239 0.00604066 -0.00991143 -0.027 0.0110692 0.0156848 -0.0180712 -0.00847625 -0.0162041 -0.0031612 0.00124553 0.00121276 -0.0220328 -0.0161295 0.000994044 -0.0198556 0.0154569 0.0177215 0.0113873 -0.00543877 -0.0166988 0.00754142 0.00087615 0.00321199 0.00243836 0.017248 0.0122809 0.000379047 -0.00250295 0.00472878 -0.000516995 0.00498334 -0.00556849 -0.00336129 0.0253582 0.00562482 
-0.014077 -0.0293202 -0.00581096 -0.00229413 0.00872483 0.000121135 0.015886 0.0121381 -0.00282696 0.00541888 -0.0127925 -0.00769092 -0.00300909 0.0136447 0.00694503 0.00423752 -0.00415964 0.000613122 0.000213206 -0.000672822 0.127493 0.022574 -0.0145145 0.0174894 -0.00857902 0.0126998 -0.0177022 -0.000186693 0.000530009 -0.00537441 -0.016496 0.000968295 -0.00697985 -0.004042 0.00656709 -0.0055182 0.00331547 -0.00534947 -0.000225386 -0.00577626 -0.010041 -0.0071791 -0.00309492 0.0392228 -0.00388562 -0.0110242 0.000905936 -0.0090914 -0.00122536 -0.00270978 0.0130087 -0.00344142 0.0325399 0.0119459 0.0279522 0.00428382 0.00685222 0.00637323 0.000292258 0.0171632 0.01391 -0.0209385 -0.0156146 -0.00953022 -0.00290882 0.00454984 -0.000597172 -0.016199 0.011832 -0.00328247 -0.00634071 -0.0020642 -0.011113 -0.00192577 -0.00336674 0.000552309 -0.0104133 -0.0158136 -0.0057219 -0.0418314 -0.0122605 0.00470351 -0.00392328 -0.00254349 0.0100366 0.00554702 -0.000685844 -0.00520639 0.0012491 0.00966656 0.000851783 -0.0270656 -0.00142253 -0.0048937 -0.0012885 0.00318357 -0.0155822 -0.000640613 -0.00936247 -0.00857478 
-0.0360879 -0.0401974 -0.00269282 -0.00466279 0.0132484 -0.0119717 -0.00249171 -0.00238879 0.000766283 0.00319467 -0.00643304 -0.00950021 -0.0102664 0.0148639 0.00219241 0.00624139 -0.00232725 0.00461963 -0.00744026 -0.0122261 0.022574 0.170923 -0.00165217 0.00415663 -0.00895569 0.0312377 -0.0218755 0.0107813 -0.00424468 -0.00937561 0.0136398 0.00327409 0.0176158 -0.00635529 0.0271912 0.00106629 0.00301665 -0.00610795 -0.00503435 -0.00290999 -0.00127748 -0.00621075 -0.0057301 -0.00350193 -0.0109922 -0.0093381 -0.00430007 -0.0076971 -0.00058716 -0.0037555 -0.000994701 0.0125244 0.00327897 0.0124017 0.0253699 -0.00459936 -0.019007 -0.00663951 -0.00510317 0.00866474 0.028152 -0.0255852 -0.00531674 -0.00549844 -0.00178271 -0.00217531 -0.00745885 0.00651349 0.000233431 -0.00930913 0.00473314 0.0137932 0.00771446 -0.0046692 -0.00118844 -0.000585453 -0.00712658 -0.00937179 -0.00133273 -0.0401767 0.00651073 0.0152091 -0.000143378 -0.00492574 -0.00658702 0.00881851 -0.00156799 0.0192447 -0.00333868 -0.00390075 -0.0148141 -0.0238083 0.00549875 -0.00637274 -0.00218723 -0.01586 -0.0143295 -0.0013253 0.000918936 -0.00451312 
-0.0125327 0.022658 0.00322913 -0.0153008 0.00864238 -0.0332697 -0.0174966 -0.00309095 -0.0150275 -0.0153494 0.0081763 -0.0105007 -0.00111392 0.00427399 -0.00465874 -0.00561164 -0.00901674 0.00243252 0.0121929 -0.0322222 -0.0145145 -0.00165217 0.229224 0.00039673 0.0255305 0.0143757 0.0415014 -0.0032291 -0.00645773 0.0134428 0.00467663 0.00820244 0.0321911 0.00716852 -0.00779153 -0.0169291 -0.00475867 0.00254929 0.000782678 -0.00653063 -0.0159957 -0.00240728 -0.002716 -0.0341728 0.00285091 -0.0375147 -0.0107057 -0.0143004 -0.00258369 -0.00294095 0.00303676 -0.0174769 -0.0011525 -0.0217646 -0.0162469 -0.0103001 -0.0364268 -0.0168608 -0.015489 -0.0245119 0.0130895 0.0402461 0.0336475 -0.0110691 0.00165726 -0.0082249 -0.00296254 0.0313316 -0.0310286 -0.00512447 0.0401744 -0.00218935 0.0636226 -0.000119216 -0.00762768 -0.0017176 -0.0298596 0.02377 0.00759175 0.0703074 -0.0313033 -0.00966787 -0.0199055 -0.0052165 -0.0182848 -0.00883992 0.00016577 -0.0177102 -0.00194419 -0.00997732 -0.0156729 0.0473158 -0.011054 0.0070767 -0.000488782 -0.0284368 -0.0210037 -0.00511214 -0.00180418 -0.000563983 
-0.00914784 0.0110006 -0.00254926 -0.0176873 -0.00482755 -0.0311656 -0.0135312 0.00055282 -0.00919914 -0.000651974 -0.00034484 -0.00757054 -0.00690858 -0.0142248 0.00379685 -0.00392527 -0.000523988 0.0126136 -0.00332099 0.0106801 0.0174894 0.00415663 0.00039673 0.138471 -0.00568078 0.0275434 0.00268624 0.015972 -0.00588611 -0.00544044 -0.00805228 0.00269974 -0.0164641 -0.00142627 0.0124727 -0.00164534 -0.00329835 -0.00211424 0.0054993 0.0115348 -0.00679153 -0.0078139 0.000816208 0.00520444 -0.000458598 -0.008534 0.00225114 -0.00862114 0.000221653 -5.91242e-05 0.0132147 0.000937523 0.0103492 -0.00178848 0.0122525 -0.00230776 -0.0336347 -0.00668053 -0.00658701 0.0157503 0.00901601 -0.0116627 -0.0181283 -0.0213117 0.0126146 0.00517528 -0.00112194 0.019031 0.0151844 0.0104701 -0.00532606 -0.00835191 -0.0068665 -0.0016681 0.00724292 0.00128875 -0.00174887 -0.0112331 0.00771464 -0.00940642 -0.00186424 0.00246497 -0.0276496 -0.00405343 -0.00452362 -0.0201974 0.00308036 0.0169803 0.00311428 0.00978383 -0.00955127 0.00023219 0.00663984 0.000410217 0.00235571 -0.0153623 -0.0169149 -0.00200054 -0.00550658 -0.00804981 
-0.0162482 0.00902488 -0.00872745 -0.00631761 -0.00420567 -0.0208029 -0.00859683 0.00061378 -0.0048103 -0.00498425 -0.00481394 -0.0209009 0.00153076 0.0175231 -0.00328873 -0.00996534 -0.0057823 -0.00237925 -0.00261145 -0.0153699 -0.00857902 -0.00895569 0.0255305 -0.00568078 0.104132 0.0139636 0.0229437 0.00570226 -0.0053334 0.0141166 0.00554197 0.00931889 0.0149213 0.00182786 0.000299155 -0.00910114 -0.00325191 0.00438337 0.00612642 -0.000677397 -0.00531049 -0.00280808 -0.00763102 -0.0143567 0.000710513 -0.0128376 -0.00316999 -0.00557746 0.000388669 0.000518742 0.000208686 -0.00595773 -0.00921863 -0.0075216 -0.00436388 -0.00114115 -0.0164936 -0.00445899 -0.00329698 -0.0090907 0.0141699 0.0309043 0.0172295 0.0194263 -0.00518369 0.00123403 -0.00541445 0.0123824 -0.0143992 -0.00367019 0.0159346 -0.00467299 0.0264183 0.00507091 -1.73879e-05 -0.0018552 -0.0156073 0.00955217 0.00538474 0.0282899 -0.0141537 -0.00562985 -0.0131963 0.00661234 -0.00649435 -0.0248712 0.000169438 -0.0081576 0.000300956 -0.0183317 -0.0102362 0.0359833 -0.00595461 0.0029623 0.000250515 -0.0184188 -0.00735163 -0.00218123 -0.00566795 -0.00551848 
-0.0388155 -0.0183077 -0.0104732 -0.00941176 -0.0131725 -0.0177179 -0.0133154 -0.00462878 0.00837767 -0.00024098 0.0183247 -0.00475569 -0.0119599 0.00232896 0.000627166 0.0156499 -0.00387813 0.0430449 -0.00131489 -0.00623898 0.0126998 0.0312377 0.0143757 0.0275434 0.0139636 0.183376 0.0219034 0.0431636 -0.0103119 0.00566074 0.0176074 0.0229056 0.0333539 0.00880555 0.0237181 -0.0139181 -0.00301099 0.000891092 -0.00124596 -0.00803009 -0.0125777 -0.0131076 -0.0158833 -0.0105996 -0.00973932 -0.0202599 0.00270813 -0.010832 -0.00158356 -0.00433324 0.00750214 -0.00731941 0.018929 0.00299143 0.0045985 -0.00430949 -0.0273456 -0.0116435 -0.00801858 0.0128993 -0.000121708 -0.0169622 -0.0103298 0.00236751 0.00206037 -0.00477425 -0.00744113 0.0479386 -0.0443673 0.000631751 0.008754 -0.00130806 0.0105645 -0.0020627 -0.00214243 -0.000544319 -0.0357884 -0.0179367 0.00149455 -0.00133166 0.00487127 -0.00351331 -0.0354919 -0.00517688 -0.0188024 -0.0231268 0.00315199 -0.00324879 -0.00211253 -0.0225718 -0.0289277 0.0197002 6.79996e-05 0.00249464 0.0020306 -0.015429 -0.0183111 -0.00320002 -0.0152294 -0.016762 
-0.000268305 0.0504824 -0.0155492 0.00161953 0.0121541 -0.000162729 -0.0146455 -0.00335716 -0.00559085 -0.00110393 0.0264203 -0.00177171 0.00079456 -0.0115802 -0.0069358 -0.0207798 -0.0118055 0.0373803 0.018456 -0.0297213 -0.0177022 -0.0218755 0.0415014 0.00268624 0.0229437 0.0219034 0.168191 0.00704546 -0.0134686 0.0296525 0.0133806 0.00154016 -0.00374125 -0.00990866 -0.00699635 -0.00769031 -0.00232262 -0.000454154 -0.00340595 -0.00607612 -0.000409664 -0.00543004 -0.00775979 -0.035346 0.00630714 -0.0140782 0.000173534 -0.0113777 -0.00045714 0.00311865 -0.0105544 0.00221219 -0.0218617 -0.014082 -0.0199657 -0.00407941 -0.00585003 -0.0155251 -0.016089 -0.00706309 -0.0261108 0.0359067 -0.00951546 0.0186164 -0.0103441 -0.0066995 0.00126055 0.061932 -0.0444742 -0.00661105 0.00464015 -0.00246601 0.0126427 -0.0012954 -0.00422102 -0.00335474 -0.00365974 0.00319219 0.000554883 0.0754178 0.0115271 -0.0162296 -0.0193013 -0.000258555 -0.000121226 -0.0504232 0.00300449 -0.0213578 -0.00483663 -0.0143021 -0.0280739 0.0312722 -0.00793842 0.00407437 -0.00186378 -0.014141 -0.00923227 -0.00126409 -0.0117354 -0.00533096 
-0.0119305 -0.00742399 -0.00124277 -0.00769238 -0.00647266 -0.00423195 -0.0123733 -0.000583198 -0.004007 -0.00176682 0.00782431 -0.00828931 -0.00303445 -0.00709714 0.00548701 0.00499195 0.000311325 0.0262388 0.00127487 -0.0108521 -0.000186693 0.0107813 -0.0032291 0.015972 0.00570226 0.0431636 0.00704546 0.0848685 -0.00330034 -0.00153552 0.0124851 0.00746335 0.00734915 -0.000636885 0.0126005 -0.00660831 0.00231616 0.00300743 -0.0022282 -0.00321067 -0.00323421 -0.00520157 -0.00662619 -0.01197 -0.00521121 -0.00748314 0.00238192 -0.0095507 -0.000642759 -0.00200773 -0.00166212 -0.00308485 0.00885521 -0.0060031 0.000958037 -0.00371765 -0.0134785 -0.000137085 -0.0032646 0.0123804 -0.00172738 -0.0170291 -0.00783081 0.005477 0.000530367 -0.00224998 -0.00299517 0.0212624 -0.0141618 0.000814662 -0.00190996 0.000769722 -0.00433202 -0.0013165 0.00310955 0.00185956 -0.00577401 -0.00586024 0.00422196 -0.0047502 0.00419167 -0.00698758 -0.0189829 -0.000324053 0.00258432 -0.0121677 -0.000205854 0.000479028 -0.00137017 -0.00591251 -0.00823248 0.0141779 0.00439926 -0.000324408 0.00119049 -0.0109078 -0.0091605 -0.00230738 -0.00760631 -0.00289084 
0.0253893 -0.0115891 0.0133203 0.00416285 -0.00311501 0.00316174 -0.00625715 0.000685339 -0.00606634 -0.00205313 -0.00508597 -0.00404662 -0.00133326 -0.0118739 -0.00102459 -0.00354356 -0.00128037 -0.00598005 0.00140921 0.00992849 0.000530009 -0.00424468 -0.00645773 -0.00588611 -0.0053334 -0.0103119 -0.0134686 -0.00330034 0.0716532 -0.00191342 -0.0171693 -0.00459694 -0.00245622 0.00382968 -0.00519988 0.0100319 7.56956e-05 -0.000209501 0.00262524 0.000310174 -0.000964699 -0.00282426 0.011297 0.0149585 -0.00349386 0.00731924 -0.000250133 -0.00383013 -0.000110055 0.000293196 -0.000650768 -0.00163858 0.0087831 0.00165044 -0.00355057 -0.000792942 0.0179838 0.0127232 -0.000640471 -0.00387239 -0.00679684 -0.0103636 -0.00296035 -0.013967 -0.000244934 -0.000733134 -0.00459813 -0.0171939 0.0246624 -0.00057353 0.00111898 -0.00674241 -0.00844651 -0.000154832 -0.00112032 0.00613567 0.00650068 -0.00107035 -0.00308371 -0.0165654 -0.0107727 -0.00467955 0.000481637 0.00124727 0.00372245 0.0176707 -0.000864405 -0.00403949 0.00182473 0.0146201 8.95253e-05 -0.0125713 0.00229579 -0.00266437 -0.000468353 -5.42077e-06 -0.0054582 -0.00179254 -0.00261002 0.00446533 
-0.00209377 0.010748 -0.00506693 0.00500502 0.00712719 -0.00850371 -0.00546711 -0.00159169 -0.00469367 -0.000396026 0.0111555 -0.00459821 0.00276144 -0.0111608 -0.00254145 -0.00602633 -0.00563557 0.00634293 0.00960961 -0.013295 -0.00537441 -0.00937561 0.0134428 -0.00544044 0.0141166 0.00566074 0.0296525 -0.00153552 -0.00191342 0.0695396 -0.0011653 0.00252729 0.00188318 4.03242e-05 -0.0022206 -0.00371057 -0.00197559 0.0040944 0.00208831 0.00111197 -0.00326155 0.000234247 0.00121139 -0.00665211 0.00597612 0.000558745 0.000681318 -0.00490989 4.16385e-05 0.000845123 0.00220304 -0.00327751 -0.00961475 -0.00514152 -0.00791036 -0.00184334 0.00172273 -0.00535013 -0.0029796 -0.00717256 -0.0043737 0.0266094 0.0092534 -0.00494895 -0.00232316 0.000472996 0.00474335 0.0095621 -0.0146137 -0.00436828 0.00439516 -0.000803291 0.0131129 0.000528274 -0.00109407 -0.00123582 -0.00942519 -0.000321159 0.00312114 0.0189881 -0.00885566 -0.0049229 -0.00636251 0.00459697 -0.00484206 -0.0205502 0.00108 -0.00745226 -0.00185279 -0.016711 -0.00960716 -0.000334183 -0.00259744 -0.00069178 -0.000735017 -0.00614277 -0.00133154 0.000470901 -0.00664202 -0.002283 
-0.0275891 0.0397054 -0.0166546 -0.0180096 -0.00212229 -0.0411194 -0.0178476 -0.00555704 0.00356504 0.000657013 0.0114266 0.00393468 -0.00101246 0.028692 -0.00527533 -0.00361601 -0.0172382 0.0118241 -0.00230418 -0.0223695 -0.016496 0.0136398 0.00467663 -0.00805228 0.00554197 0.0176074 0.0133806 0.0124851 -0.0171693 -0.0011653 0.187183 0.00434485 0.0248747 0.00706252 0.0128049 -0.0199259 -0.00550456 -0.00365509 -0.00807928 -0.0101748 -0.0137875 -0.000948847 -0.0168742 -0.0428181 -0.00235499 -0.0219012 0.00253439 -0.0239763 -0.000240037 -0.00137163 -0.0116937 -0.004099 -0.0105676 -0.0146254 0.00287395 -0.00690232 -0.0372912 -0.0253881 -0.00536185 0.00432861 0.0300722 0.0176415 0.0285025 0.0706659 -0.00634011 -0.00355605 0.00599303 0.0459425 -0.0245034 -0.0046895 0.00684628 0.00984984 0.0183048 -0.00384612 0.000946928 -0.00425836 -0.00554648 0.0115646 -0.0024738 0.0528719 0.0252311 -0.0131828 -0.0123588 -0.0121303 -0.0302897 -0.0175251 -0.00182814 -0.0133513 -0.0047965 -0.0401508 -0.0392283 0.0296212 -0.00265679 -0.00349405 -0.00271214 -0.0101765 0.00853275 0.00208498 0.000783777 -0.00836402 
-0.0219491 -0.00719362 0.00239248 0.00906675 -0.00252953 -0.00988124 -0.00862469 -0.00128599 0.00485656 0.000889161 0.00152771 0.00680318 -0.0021079 -0.0137932 0.00417999 0.00110156 -0.000734309 -0.00682172 -0.00518076 0.0135937 0.000968295 0.00327409 0.00820244 0.00269974 0.00931889 0.0229056 0.00154016 0.00746335 -0.00459694 0.00252729 0.00434485 0.103044 0.0130202 -0.00699746 0.0145234 -0.00372001 -0.00249913 0.000145904 -0.00109917 -0.0106779 -0.00795633 -0.00582368 -0.00535549 -0.0126164 -0.00229132 -0.00750182 0.00155347 0.00320067 -0.000982348 -0.00276583 0.00330799 -0.0019782 0.0228683 0.00535712 0.00814633 -0.000909071 -0.0134082 -0.00907277 -0.00713331 0.0125306 -0.0220411 -0.00598162 -0.00915986 -0.0103279 -0.0024268 0.00200756 -0.000184279 0.00793646 -0.0172134 0.00928285 0.00118687 0.00549166 0.0183475 -0.00191943 -0.000285306 -0.00104184 -0.0215753 -0.00511266 0.00239715 0.00830403 0.0109301 0.0087716 -0.0151809 -0.00127207 -0.00173819 -0.027235 0.00270124 -0.0152887 -0.00314463 -0.0064227 -0.0109138 0.00462172 -0.00151781 0.0149761 -0.000123749 -0.00539235 -0.0168386 -0.00184528 0.00347417 -0.0041122 
-0.0207685 -0.0132122 -0.00434352 -0.021151 -0.00691022 -0.0317444 -0.02267 -0.001641 0.00278667 -0.0096366 -0.00795193 0.00651926 -0.00659913 0.0464112 -0.00216452 0.00494815 -0.00377827 0.00958767 -0.00261058 -0.0153762 -0.00697985 0.0176158 0.0321911 -0.0164641 0.0149213 0.0333539 -0.00374125 0.00734915 -0.00245622 0.00188318 0.0248747 0.0130202 0.16053 0.0209304 0.0166804 0.00468338 -0.00416864 -0.00446618 -0.000314238 -0.0135271 -0.0136153 -0.00919601 0.00196893 -0.0145266 -0.00853151 -0.0207699 -0.00469857 -0.0213349 -0.00120433 -0.00294692 -0.00762011 0.00116797 -0.00820294 -0.0104788 -0.00162003 -0.00573273 -0.0229108 -0.0203623 -0.0121836 -0.0116929 0.0396136 0.00759872 0.0413579 0.022976 -0.00862759 -0.000886954 -0.00894154 0.0324102 -0.0028035 -0.0119863 0.0185394 0.0014848 0.0324945 -0.00163113 -0.00296398 -0.00128506 -0.00333627 0.0183583 -0.00510863 -0.00514785 -0.00489956 0.00181582 -0.0239487 -0.000162057 -0.0145222 -0.0018509 -0.00058387 -0.00179606 -0.00327586 -0.0360848 -0.036312 0.00914555 0.00287517 0.00190517 -0.00157271 -0.0281754 -0.00992491 -0.00392037 -0.00388756 -0.00805882 
0.00289759 -0.0137524 0.000302573 -0.0114645 -0.00736942 -0.00884854 0.001977 -0.00309615 -0.00482671 -0.00443278 -0.00511053 0.0109694 0.000884685 0.0139686 -0.00142305 0.00171379 0.00183242 -0.00218557 0.000998351 -0.00335707 -0.004042 -0.00635529 0.00716852 -0.00142627 0.00182786 0.00880555 -0.00990866 -0.000636885 0.00382968 4.03242e-05 0.00706252 -0.00699746 0.0209304 0.0951525 -0.00135866 3.17925e-05 -0.00230616 0.00106008 0.00114553 -0.000189609 -0.00468791 -0.0048907 0.00975651 -0.00533038 -0.00296195 -0.00674672 -0.000782446 -0.00721921 -0.000224466 0.000406494 0.00182671 -0.00205439 -0.00610669 -0.00203327 -0.00529983 -0.00350746 -0.00774652 -0.00810135 -0.00368854 -0.00552825 0.0123042 -0.00724013 0.0282037 0.011437 -0.000154817 0.000821551 -0.00157573 -0.00365158 -0.00189807 -0.00502428 0.00806475 -0.00533412 0.0121832 -0.00108616 -0.002953 -0.0009771 -0.0047903 0.019639 -0.00201496 -0.00906624 0.000520425 -0.00437541 -0.00335753 -0.00120353 -0.0141262 0.00741638 -0.00146525 -0.00267334 -0.00149555 -0.021126 -0.0117163 0.00370843 0.00190825 -0.00211927 0.00188733 -0.00652818 -0.00250521 -0.00216128 -0.00295835 -0.00310752 
-0.0169389 -0.0148964 0.0036379 -0.00690003 0.0117271 -0.0180634 -0.00510793 -0.00150659 -0.000300521 0.00331326 -0.00117251 -0.00276094 -0.00461287 -0.0113474 0.00240726 0.00124745 -0.00456519 0.00667651 -0.00368013 0.00733379 0.00656709 0.0271912 -0.00779153 0.0124727 0.000299155 0.0237181 -0.00699635 0.0126005 -0.00519988 -0.0022206 0.0128049 0.0145234 0.0166804 -0.00135866 0.079765 0.000845331 -0.000588934 0.000496558 -0.00175915 0.00656986 -0.0049751 -0.00325736 -0.0057227 -0.0105338 -0.005358 -0.00890731 0.000920797 -0.00281532 -0.000756023 -0.00142943 0.00369162 0.00644551 0.00614111 0.0109362 0.0127767 -0.00106833 -0.015754 -0.00698205 -0.00158809 0.0031402 0.00843562 -0.0185075 -0.00911165 -0.00344849 -0.00152196 0.00313432 -0.00229787 0.0123112 -0.0015857 0.00112402 -0.0060118 0.000928486 -0.00225987 -0.00189495 -0.000245842 -0.000844254 -0.0174417 -0.00732479 -0.000623021 -0.0110257 0.00942212 0.0085665 -0.00428141 -0.00258617 -0.00667529 -0.0205319 0.000277833 -0.00673481 -0.00118653 -0.0146058 -0.0127642 0.00179597 0.00418142 0.00236623 -0.0010293 0.000413099 -0.00390591 0.00121 -0.00288494 -0.000849495 
