0.163097 0.02329 0.0133354 0.02529 0.0132541 -0.00510168 -0.0309011 -0.0079244 -0.00274499 -0.00306088 0.0122682 -0.00201551 0.000266383 -0.0220767 -0.00860365 -0.0164994 0.00463632 -0.020289 0.0033675 -0.00657682 -0.000322967 0.0120722 -0.00192304 0.000520369 -0.00530313 -0.00442873 0.00216277 -0.000438436 -0.000114473 -0.0143176 -0.0158257 0.00678692 0.0021981 0.00710768 -0.0134394 0.0138187 0.0165693 0.000305364 -0.0196955 -0.00462687 -0.0126604 0.0258762 -0.0106478 -0.00548467 -0.00649808 -0.0154541 0.0417388 0.00881739 -0.0127379 -0.0373685 0.00449853 -0.00349257 -0.0209429 0.00330075 0.00488133 0.00238667 -0.0223277 -0.0327371 0.00626454 -0.00060535 -0.0127151 -0.0117502 -0.00560636 -0.0106969 0.00142594 0.000552052 -0.00081079 0.0100021 -0.00468621 0.0352481 -0.0020929 -0.00800122 -0.00407334 0.00206959 -0.0219247 -0.00728399 -0.0110226 -0.00771619 0.00269413 0.00531077 -0.00204824 -0.000386842 0.00561766 -0.00359867 0.00313638 -0.00580675 -0.000214302 0.0231992 -0.0159878 -0.030328 0.00885761 0.000387852 0.000397811 0.00252328 -0.0264385 -0.00912303 0.0190496 0.0280596 0.0138603 0.0089972 
0.02329 0.122833 0.016129 0.0265867 0.00908099 -0.0131475 0.0133086 -0.0116844 0.00669788 0.00144263 -0.00185932 -0.00735168 0.00608158 0.00199121 -0.00714584 -0.0106803 0.00124009 -0.0146305 -0.00236684 -0.00895257 -0.00334798 -0.00384773 -0.000400154 0.00203345 -0.00766517 0.000793897 -0.0171747 0.000325868 -0.00291452 -0.0121369 -0.0141607 -0.0189336 0.00303157 -0.000507165 -0.0118027 0.0122574 -0.00926004 -0.00042864 -0.0117118 0.0114287 0.00541577 0.0186248 -0.00170411 0.000866237 -0.0123035 -0.00681045 0.015624 0.00391462 0.00605285 0.00568688 0.00267742 -0.000513104 -0.00585942 -0.00425759 0.0112851 0.00368594 0.000761416 -0.0192505 -0.00515568 0.0269424 0.00195972 -0.00485167 -0.00596699 -0.0076354 -0.00792867 -0.0114701 -0.00282557 -0.0228688 -0.00922572 0.00473258 -0.0147824 -0.00867622 0.00723943 -0.0107296 -0.00888527 0.00549028 -0.0160375 -0.00393799 0.00595193 -0.00457917 -0.00429721 0.00390531 0.00138037 0.00428856 -0.00487223 0.000752233 9.15969e-05 -0.0121768 -0.00919627 -0.00202532 0.0263262 0.000645301 0.000881473 -0.000170274 -0.0068198 -0.0109066 0.00216911 -0.00656565 0.00836155 0.0111306 
0.0133354 0.016129 0.0742293 0.00888101 0.00194289 -0.00202046 -0.00569381 -0.00862959 0.00352613 -0.000311816 0.00332096 -0.00127622 -0.00125652 -0.00486213 -0.00310471 -0.00450568 -7.50191e-05 -0.00682006 -0.00218172 -0.000789466 -0.00267125 -0.00366149 -0.00111383 -0.00249173 -0.00405023 0.000532745 -0.0188433 -0.00128924 0.000539462 -0.00562981 -0.00745691 -0.0158061 0.00618838 0.000359311 -0.00673458 0.000469802 -0.0084924 -0.0012914 -0.0036635 0.00430197 0.00321303 0.00791253 -2.38674e-05 -0.00184452 -0.0107863 0.00105396 0.012447 0.00184388 -0.000532501 0.00272925 0.00261214 -0.000218941 -0.00839971 -0.00257765 -0.00172079 0.00764524 -0.000320853 -0.0109399 -0.00580317 0.00726228 -0.00656213 0.00232235 -0.00205297 -0.00567912 -0.00538172 -0.00272938 -0.00158394 -0.0110987 -0.00657401 -0.0076247 -0.00832061 -0.00164156 -0.00774484 0.000732977 -0.00283443 -0.00399294 0.00300598 -0.00138887 0.00251377 0.000297029 -0.00144284 0.00451248 -0.00191041 -0.00425161 -0.00244484 -0.000339586 0.00473539 -0.00442956 0.00800684 -0.00132855 0.0126482 0.0157194 0.00846907 0.000185522 0.00704796 -0.000561032 0.00722897 -0.00561666 0.00161193 0.0059126 
0.02529 0.0265867 0.00888101 0.146431 0.0143915 0.0200452 0.0249015 0.00593423 0.00230649 -0.00362746 0.0100253 0.0119948 0.00987661 -0.0201141 0.0208646 -0.0109221 -0.00363692 -0.0231012 -0.00863538 -0.00507417 -0.00774586 0.00852225 -0.00196667 -0.00534766 -0.023345 -0.000286238 -0.023584 -0.00236326 0.0050318 -0.0109963 -0.0112194 -0.0308422 0.0138085 0.00790432 -0.00295857 0.0183317 0.00630123 -0.000595654 -0.0148242 0.00184148 -0.00822326 0.010613 -0.00481716 -0.00246414 -0.0286666 -0.0119282 0.0172193 0.00289171 -0.0077781 -0.00714342 -0.00404409 0.00229499 -0.0202925 -0.00565022 0.0126565 0.00744224 -0.00805515 -0.0212139 0.000587369 0.015229 -0.0140136 0.00104712 -0.00300772 -0.0218862 -0.00653025 -0.0123129 -0.00560297 -0.0282357 -0.00547936 0.0168754 -0.0114951 -0.0102543 0.0127042 -0.00916976 -0.0125197 0.0380241 0.000443078 -0.00716235 -0.000536481 0.000845469 -0.0058071 -0.00199468 -0.00143783 -0.00309768 -0.00905656 -0.0030309 0.00924847 0.0115457 -0.0116234 -0.0279208 0.0159475 -0.000191107 0.000196236 0.00781553 0.0102374 -0.00420251 -0.00535348 -0.0278212 -0.000156272 0.00822837 
0.0132541 0.00908099 0.00194289 0.0143915 0.17204 -0.00335703 0.0351924 -0.00880079 0.036236 -0.00396611 -0.000926325 0.000935312 0.000155713 0.0188469 0.00682405 -0.00969115 -0.00322306 0.00384443 -0.00100095 -0.0131421 -0.00865095 -0.00455173 0.00160114 -0.0126696 -0.0220567 -0.00474483 -0.0169342 0.00306594 0.0028803 -0.0134735 0.00462314 0.00362805 0.00472951 -0.00368879 0.00673507 -0.0106093 0.0219554 -0.00324043 -0.0135333 0.0350105 -0.00859373 -0.0240099 0.000462319 -0.00122087 -0.0230765 -0.0133978 -0.00355154 -0.00447952 -0.0212443 -0.00861723 0.00525594 0.000201937 0.01489 0.00313485 0.00265935 0.00444916 0.00774016 -0.0175077 -0.00345534 0.00937607 0.0197097 -0.00565818 -0.00327866 -0.00740213 0.00409824 -0.0131009 0.0184189 0.0133161 -0.0106036 0.00993115 -0.0157432 0.00874617 -0.0156384 0.00358088 -0.0139666 0.014882 0.00216008 -0.00735252 -0.00333729 -0.00527859 -0.0034735 -0.00349507 -0.00048336 0.00595798 -0.00932812 0.000806567 0.00183285 -0.0258362 -0.021698 -0.0386834 0.0208714 -0.0148488 0.00820956 -0.00371547 0.0057714 -0.0108557 -0.00410914 -0.0127223 0.000256556 -0.0456679 
-0.00510168 -0.0131475 -0.00202046 0.0200452 -0.00335703 0.204641 0.0152287 0.0186727 -0.0356209 -0.00411488 -0.00203905 0.00117088 0.0127731 -0.0160813 0.0154289 -0.00985187 -0.00665537 -0.0120469 -0.00988752 -0.00532269 -0.00306647 -0.00385771 0.00726855 -0.00725051 0.00342292 -0.00204391 0.0139594 0.000773635 0.0101803 -0.0176201 -0.0237607 -0.0141243 -0.00581806 -0.00300922 0.0407077 0.0164583 0.00450549 -0.000293518 -0.0276539 -0.0047497 -0.0119513 0.00290523 -0.00592785 -0.0011697 -0.0168454 -0.0150328 -0.0137298 -0.018517 -0.012289 -8.19945e-05 -0.010738 0.00287973 -0.0278361 0.00426164 -0.00485604 -0.00589032 -0.0128566 -0.0280211 0.0174367 0.0193034 -0.0133387 0.00401564 0.0216856 -0.0147334 -0.0122227 -0.0373379 -0.00713507 -0.0229454 0.00337223 0.037388 0.00713236 -0.00589016 0.0280542 -0.0179218 -0.0184762 0.0431428 -0.0168994 -0.0053519 -0.00615917 0.0107744 0.00456134 -0.00415743 -0.00937074 0.0100951 -0.00781533 0.00118261 0.00789289 0.0526834 -0.0235264 -0.0330479 0.0233058 -0.000708313 -0.00156221 0.00760789 0.00202229 0.0294309 -0.0214471 -0.012942 -0.00525502 -0.00388779 
-0.0309011 0.0133086 -0.00569381 0.0249015 0.0351924 0.0152287 0.20896 -0.0188679 0.00218587 -0.00217473 0.0175509 0.00269596 0.00166435 0.0356817 0.0448726 -0.00556972 0.00431403 0.0179995 0.00185383 -0.00249035 -0.0105247 -0.0115745 -0.00203217 -0.0177896 -0.0196534 -5.18746e-05 -0.0828287 0.00178428 0.00368044 -0.0122106 -0.0127881 -0.0748973 0.00519991 -0.00188673 0.00786615 -0.0128104 0.00354977 -0.00397621 -0.00315308 0.037724 0.0100972 -0.053454 0.0121674 0.013632 -0.0362067 0.0124242 0.00646936 0.00504562 -0.00102689 0.0234514 0.000460514 0.00489228 -0.00556797 -0.00363544 0.00334068 -0.00226239 0.0438488 0.00583901 -0.010666 0.0398491 0.00920177 -0.00144611 0.00285161 -0.0174314 -0.00717034 -0.026129 0.00499454 -0.061937 -0.0150279 -0.00378403 -0.0355164 0.00148008 0.00305904 -0.00439321 0.0204353 0.0359594 0.00301296 -0.0069476 -0.00242137 -0.00768775 -0.00751693 -0.0114753 0.000614663 0.0217855 -0.00547365 0.00401848 0.00843158 -0.0616757 0.00563933 -0.0175625 0.0421895 -0.00671083 0.0182152 -0.000375237 0.0495373 -0.00796355 -0.0157335 -0.0605158 0.00075491 -0.0703237 
-0.0079244 -0.0116844 -0.00862959 0.00593423 -0.00880079 0.0186727 -0.0188679 0.128042 -0.00668681 -0.000758994 0.00998998 -0.00110851 0.00336315 0.0013937 0.00888666 0.0116428 -0.00243157 0.00788185 -0.0031673 -0.00860824 -0.00630995 0.00314991 -0.000774622 -0.00754884 -0.00823998 0.00117958 0.0288268 -0.00185318 0.000162152 0.00523764 0.023956 0.0136801 -0.00258131 0.011221 -0.0014953 -0.00642832 0.018537 0.000298476 0.00390028 -0.000675329 -0.0110291 -0.0187375 -0.00260349 -0.00163923 0.0207266 -0.00380696 -0.00318867 0.000694779 -0.00624705 -0.0190328 -0.00306636 0.00108448 0.0103329 -0.000522546 -0.00149657 -0.00180985 -0.0142373 -0.00652133 0.00493637 -0.00828368 0.00642759 -0.00404489 0.00544247 0.00200015 0.00965691 0.0124402 -0.00477011 -0.00536228 0.0158433 -0.016365 0.0176055 0.00147207 -0.00137339 -0.0141049 -0.00680222 0.000555841 0.00857937 -0.00156226 -0.00280679 0.000641042 -0.000388989 0.00260463 0.000104774 -0.00662516 -0.00277665 -0.00126454 -0.00226177 -0.00852866 -0.00906011 -0.0134473 -0.0350008 -0.0142808 -0.00428973 0.00546203 -0.0209847 0.00665166 -0.0158182 -0.00705936 -0.0085629 -0.0148791 
-0.00274499 0.00669788 0.00352613 0.00230649 0.036236 -0.0356209 0.00218587 -0.00668681 0.246211 -0.00714053 -0.0399993 0.0052844 -0.00818176 0.0458962 -0.027597 0.0158037 -0.000391497 0.00505868 -0.00444001 -0.0118937 -0.0225547 -0.0134692 -0.00464761 -0.00636577 -0.0200066 0.00210965 0.0179223 -0.0080908 -0.0101604 0.00680275 0.017695 0.0434283 0.00575223 -0.00663574 -0.0479813 -0.00951392 0.038071 -0.00725493 -0.00507778 0.0222156 -0.0174419 -0.0107701 -0.00800896 -0.00979101 -0.00795082 -0.0121618 -0.000731649 -0.00444624 -0.0396621 -0.00605708 0.00799476 -0.00395284 0.0139045 -0.0129604 -0.0115451 0.00505653 0.0110196 0.0406459 -0.0271484 -0.00240437 0.0112355 -0.0224615 -0.0157861 -0.000552318 0.00861462 0.019964 0.00587234 0.0565618 -0.0194895 0.00906877 -0.0067106 -0.00278815 -0.0284121 0.00633812 -0.0215112 -0.0249525 0.0199359 -0.00987905 0.00427479 -0.00634764 -0.0120362 -0.00971263 -0.0107061 -0.024984 0.00481107 -0.010663 -0.019962 -0.00733624 -0.0170696 0.0121412 -0.029813 -0.0281623 0.0178962 -0.00890709 0.00919838 -0.0232088 -0.00380134 0.0451711 -0.00105602 0.0148888 
-0.00306088 0.00144263 -0.000311816 -0.00362746 -0.00396611 -0.00411488 -0.00217473 -0.000758994 -0.00714053 0.0263489 -0.00135735 -9.7454e-05 0.00125802 -0.00115202 -0.00261574 0.0017224 -0.000315062 0.000866464 0.00100319 -0.00106484 0.000274221 5.5971e-05 0.000526723 0.000105885 0.00095597 -0.000146368 -0.000726866 -0.00043685 -0.000633585 -0.00182437 -7.8198e-05 -0.00179966 -0.000416483 0.00120882 -0.00255557 -0.00128749 -0.004163 0.00024879 0.00498284 -0.00310721 0.00144283 0.00126661 7.42656e-05 0.000875588 0.000183971 0.00341129 -0.000468419 -0.0015196 -0.000221252 0.00620772 0.00104449 -1.83379e-05 -0.000254554 -0.000859173 -0.000250983 -0.000589423 -0.00176122 0.00103626 -0.00202947 -0.000819587 0.000801606 0.000659789 -3.28473e-05 0.00547469 0.00212708 -0.000537672 0.00149956 -0.00388761 -0.000316678 -0.00345563 0.00275312 0.00422922 -0.000765948 -0.00253223 0.00121845 -0.0030133 -0.00172269 0.00174983 0.000269881 -0.000781481 -0.000676051 0.00443665 0.00290148 -0.0006436 -0.00016045 0.000204595 -0.000693136 -0.00577579 0.000612676 0.00472612 -0.00464341 0.000366017 -0.000190455 -0.000392204 -0.00164779 -4.87883e-05 -0.00145782 0.00268314 0.000160672 -0.00231725 
0.0122682 -0.00185932 0.00332096 0.0100253 -0.000926325 -0.00203905 0.0175509 0.00998998 -0.0399993 -0.00135735 0.138852 -0.00357959 0.00309594 -0.0091449 0.039982 -0.0112691 0.00354156 0.00185194 0.000563289 0.00722478 -0.00110801 -0.000716446 -0.00426462 -0.00973156 -0.024787 -0.000621033 -0.0232777 0.0044364 0.00723032 -0.00256061 -0.00299901 -0.0100394 -0.000835548 0.0146174 0.00324044 -0.00703577 -0.0109735 0.0041129 -0.00730705 0.000850927 -0.00663183 -0.0217841 -0.00175501 0.00664819 0.00474867 -0.0103234 0.0458432 0.00244339 -0.00320722 -0.0249257 0.000648729 0.00190379 0.00178645 -0.00218054 0.000926739 0.00233029 0.00956005 -0.0275932 0.00710141 0.00500896 0.00736836 -0.00710318 -0.000106985 0.000669165 0.00260646 0.00848095 0.00416478 -0.0222255 -0.00557667 -0.00758947 -0.00658313 -0.00866674 -0.00303984 -0.00809495 -0.0028502 0.00352245 0.0236703 0.00181975 -0.0020076 0.00454719 -0.00435226 -0.00389729 0.00312824 0.0124678 -0.00446541 -0.00129468 0.0152852 -0.0343291 -0.00718403 -0.00426898 -0.00791071 -0.00827748 -0.0126651 0.00413186 0.00243515 -0.00555542 0.0103385 -0.0247345 0.0209831 -0.0297116 
-0.00201551 -0.00735168 -0.00127622 0.0119948 0.000935312 0.00117088 0.00269596 -0.00110851 0.0052844 -9.7454e-05 -0.00357959 0.0668231 0.00198412 -0.00846044 0.00407332 0.00709265 -0.00041185 -0.00390193 -0.0012937 0.000992803 -0.00191834 0.000452051 -0.00212028 0.00373871 -0.00542179 0.00330101 -0.00750165 -0.000306337 -0.000134633 -0.000210548 -8.99464e-05 -0.00199025 0.00616708 0.00458585 -0.000521153 -0.000935019 -0.000216369 -0.000412211 0.00165792 -0.00443327 -0.000430046 0.00296344 5.09216e-05 -0.0028396 -0.00556808 -0.000665462 0.00432503 0.000596029 -0.0062635 -0.00160868 -0.00101238 -0.000180064 0.00162672 0.00125024 -0.000955154 0.00223076 -0.00516979 0.00539598 -0.00185574 0.000738569 -0.00331315 -0.00152161 -0.00160221 -0.00424917 0.00330436 0.00191345 -0.00101938 0.00111542 0.00259896 0.00206849 -0.00433841 -0.000972129 0.000601264 -0.00291983 -0.0033827 0.0024721 0.00629966 -0.00141752 0.00186568 -0.00114563 0.0011432 -0.00189215 0.00138717 0.00343848 0.00268257 -0.00098382 -0.00089735 -0.00429732 0.00149161 0.00183546 -0.014991 -0.00331198 -0.00281495 -0.00045706 -0.00615371 -0.00407078 -0.00516636 -0.00560771 -0.00743804 -0.0101245 
0.000266383 0.00608158 -0.00125652 0.00987661 0.000155713 0.0127731 0.00166435 0.00336315 -0.00818176 0.00125802 0.00309594 0.00198412 0.0793054 -0.00379573 0.00164626 -0.00257087 -0.00182786 -0.006321 -0.0011812 0.00263927 0.000368342 -0.00135821 0.00101449 -0.00277693 -0.0130063 0.00123766 -0.0149397 -0.0020283 0.000676612 -0.00617977 -0.00425881 -0.00988495 -0.0015995 -0.00291986 0.00968943 0.00757959 -0.00440542 0.00108061 0.00290252 0.000440489 2.74636e-05 0.00164204 -0.00144742 0.00181416 -0.00746519 -0.00337614 0.00320688 0.00435924 -0.00828778 0.00435976 -0.000587685 -0.00059295 -0.00810118 0.00213795 0.00254006 -0.000402949 0.00851829 -0.00725858 -0.00684488 0.00533723 -0.00214152 -0.00259333 0.000739816 -0.00716043 -0.00613395 -0.00891098 0.000224362 -0.0124514 0.000880096 -0.00891529 -0.0112844 0.00115349 0.00502467 0.00159061 -0.00369329 0.00433973 -0.00981049 0.0019141 -0.000346108 -0.000639579 -0.00303276 4.33874e-05 0.000523466 0.00105961 -0.00117671 -0.00201076 -0.000409251 -0.0013569 0.0103641 0.00669005 -0.00877132 -0.00739977 -0.00408975 0.00296924 0.0165845 -0.00151622 0.0173411 -0.0150413 0.0055501 -0.00829233 
-0.0220767 0.00199121 -0.00486213 -0.0201141 0.0188469 -0.0160813 0.0356817 0.0013937 0.0458962 -0.00115202 -0.0091449 -0.00846044 -0.00379573 0.181197 -0.0123582 0.0149894 0.00258097 0.0346553 -0.0126731 0.00327904 0.0022843 -0.0118145 -0.00863978 -0.00882821 -0.0165616 -0.0049822 -0.0310445 -0.00510809 -0.00542655 -0.00196614 0.0170269 -0.0296741 -0.00758503 0.0039132 -0.0186407 -0.0187894 0.0134428 -0.00188286 0.0123308 0.0381452 0.00264566 -0.0396434 -0.00333876 -0.000465497 0.00176667 0.0147484 0.0046715 -0.00164114 -0.00841285 0.000548761 -0.000215913 -0.000332784 0.0330222 -0.00653198 -0.00307178 -0.00149707 0.0263389 0.05 -0.0252056 0.0251154 0.0279017 -0.00762861 0.00575039 0.00893257 0.0072972 0.00120421 -0.00502352 -0.0346867 -0.0146122 -0.0525702 -0.022365 -8.51947e-05 -0.0200279 0.0027215 0.0177828 -0.0143403 0.00245769 -0.00710585 0.000762474 -0.00597259 -0.00185862 -0.00699225 -0.00188329 0.00215918 -0.00289082 -0.00134653 -0.00501819 -0.0600577 0.00568292 -0.0103358 0.00289698 -0.00901245 0.0430201 -0.00409403 0.0383208 -0.0228959 0.0116204 -0.0313367 -0.00299287 -0.0478707 
-0.00860365 -0.00714584 -0.00310471 0.0208646 0.00682405 0.0154289 0.0448726 0.00888666 -0.027597 -0.00261574 0.039982 0.00407332 0.00164626 -0.0123582 0.135704 -0.00973682 -0.0011985 -0.0117895 0.000632255 -0.00434043 -0.000827575 -0.000467287 -0.00301575 -0.00648912 -0.0126358 0.00846458 -0.0406039 0.00236375 0.0133287 -0.00126473 -0.00920225 -0.0296166 0.00781997 0.00307391 0.011912 -0.00795161 0.00651123 0.000683295 -0.00104693 0.0112637 -0.00329476 -0.0339224 -0.000453689 0.00215249 0.00215423 -0.00827818 0.0171372 0.0134019 0.00415063 -0.0223507 -0.00628356 0.00346423 -0.00346855 0.000740122 0.00552645 0.0037085 0.0229123 -0.0318487 0.0131518 0.0140546 -0.0100429 -0.00015852 0.0017338 -0.0111353 -0.00366608 -0.00788917 -0.00500194 -0.0439861 -0.00036232 -0.00749458 -0.00388462 -0.00815688 -0.000243909 -0.0112683 -0.00436208 0.0249914 0.0263808 -0.0028384 -0.00225003 0.000844009 0.000900125 -0.00606077 0.00119488 0.0222163 0.00100986 -0.00141361 0.0210619 -0.0259781 -0.00565014 -0.000806513 0.00301076 -0.0123535 -0.0102442 0.00228043 0.0124836 0.00306298 -0.0160126 -0.0220693 0.00206026 -0.0352794 
-0.0164994 -0.0106803 -0.00450568 -0.0109221 -0.00969115 -0.00985187 -0.00556972 0.0116428 0.0158037 0.0017224 -0.0112691 0.00709265 -0.00257087 0.0149894 -0.00973682 0.115716 -0.000649843 0.011215 -0.00473583 0.00395853 -0.00596105 -0.00380915 -0.00233945 -0.00668143 -0.00460922 -0.00284974 0.0165118 -0.00214606 -0.00425309 -0.00205465 0.0203159 0.0101665 0.000298959 -0.000790963 -0.0125517 0.00160302 -0.00445842 -0.00163104 0.0122178 0.0025205 0.000599307 -0.00174531 0.00152174 -0.00452222 -0.00259496 0.00954748 -0.00905245 -0.00693953 -0.0100895 -0.000968623 0.000279691 -0.00093841 0.00928032 -0.00456925 -0.00613471 0.000699865 -0.00113492 0.0119926 -0.00482604 -0.00569449 0.0066746 -0.00622009 0.000403778 0.010065 0.00371901 -0.00388812 0.00318277 0.0032857 0.00187775 -0.0123494 0.00659475 0.00764501 0.000664606 -0.0107337 0.00716962 -0.00590314 -0.00164537 -0.00529902 0.00306329 -0.000424469 -0.00218699 0.00552247 -0.000104414 -0.00487827 0.00322975 -0.00257268 -0.00547465 -0.0152043 0.00186433 0.00414257 -0.0271797 -0.00866673 0.0115148 -0.00121787 0.0014228 -0.00374235 -0.00671326 -0.00367955 -0.0136567 -0.00996881 
0.00463632 0.00124009 -7.50191e-05 -0.00363692 -0.00322306 -0.00665537 0.00431403 -0.00243157 -0.000391497 -0.000315062 0.00354156 -0.00041185 -0.00182786 0.00258097 -0.0011985 -0.000649843 0.0393716 0.00561129 0.00491459 0.00126766 -0.00013393 0.00047371 9.75718e-05 0.000916942 0.00131866 -0.000740978 -0.00177337 0.00102029 -0.000140726 0.00345667 -0.000975328 -0.00585229 -0.00110531 0.00057375 -0.00368762 -0.00270006 0.000770177 -0.000279282 -0.00239767 -0.00135524 -0.00254878 -0.00493224 -0.00114712 -1.12885e-05 0.000284781 0.000372556 0.00252611 0.00221686 -0.000602442 -0.00440698 0.00173327 -0.000200434 -0.00103844 0.00179057 -0.000359894 0.000647317 -0.00145625 0.000181313 -0.00266706 -0.00424859 -0.0019933 -0.000735656 -0.000381866 -0.00144963 0.00387812 0.00549119 -0.00028837 -0.00503692 -0.00140316 -0.0035299 -0.00335168 -0.00100163 -0.00297739 -0.000740049 0.00193453 -0.00220437 0.00819502 0.000513264 -4.26975e-05 -0.000231189 -0.000180745 -0.00101412 4.81862e-05 0.0012344 0.00195763 0.00238845 -3.3022e-05 -0.00863844 0.00172292 -0.00360377 0.00226441 0.000889399 -6.18353e-05 0.000585812 -0.00457348 -0.00227178 -0.00218854 0.000787067 -0.000986792 -0.00325091 
-0.020289 -0.0146305 -0.00682006 -0.0231012 0.00384443 -0.0120469 0.0179995 0.00788185 0.00505868 0.000866464 0.00185194 -0.00390193 -0.006321 0.0346553 -0.0117895 0.011215 0.00561129 0.131301 -0.000857036 -0.00181114 -0.00480079 -0.00396285 0.00474818 -0.00660831 -0.0191373 -0.00391963 -0.0170748 -0.00148539 -0.00336702 0.0158891 0.0257419 -0.0125472 -0.00480837 0.00370857 -0.0027408 -0.0118427 0.00792326 -0.00103734 0.0106391 -0.000253498 0.0107312 -0.0300671 0.0069242 0.00138641 0.00928214 0.0121251 0.00109724 -0.0101239 -0.00803265 -0.0107642 0.00404597 -0.00139204 0.012827 0.0048641 -0.0056009 0.000269045 0.00786027 0.0217377 -0.00608303 -0.00394948 0.0229765 -0.00617896 0.00226096 -0.00322345 0.00260782 0.0252162 0.00290959 -0.000784757 -0.00799032 -0.0284262 -0.00757269 0.00420667 -0.0156351 -0.00464072 0.0180628 -0.00393167 0.00614285 0.00526882 -0.00315792 0.00193655 -0.000936948 -0.00656977 0.00794239 -0.00375873 -0.00498073 0.00162733 -0.00557979 -0.0448356 0.0105158 -0.0119954 -0.0201814 -0.00319978 0.0221511 -0.00153911 0.00840628 -0.00573719 -0.0050512 -0.011122 -0.0154205 -0.0307005 
0.0033675 -0.00236684 -0.00218172 -0.00863538 -0.00100095 -0.00988752 0.00185383 -0.0031673 -0.00444001 0.00100319 0.000563289 -0.0012937 -0.0011812 -0.0126731 0.000632255 -0.00473583 0.00491459 -0.000857036 0.0807347 -0.00474557 -0.000627345 0.000969723 0.00366856 -0.00311248 0.00547199 0.00131843 0.00431347 0.00473975 0.00103161 -0.00153616 -0.0053993 0.00121707 -0.00124449 0.00181145 -0.00359863 -0.00186626 -0.00390406 0.000474042 -0.00530986 -0.00792784 -0.000502154 -0.00384433 0.000957902 0.00273978 0.00338421 0.000537969 -0.00608985 -0.000537736 0.000367649 -0.00909101 -0.00286976 -0.00113641 -0.00655978 -0.00216668 -0.000628744 -0.000678218 -0.00237331 -0.00415759 -0.00415584 -0.00632787 -0.00546755 -0.00246886 -0.000103106 -0.00406386 0.0113741 0.00907964 0.00536589 0.00731534 -0.00133567 -0.00123566 -0.00321279 5.41422e-05 0.0059077 -0.000609377 0.008431 -0.00581476 0.00199253 0.000327206 0.000432588 -0.00175062 -0.00172458 -0.0012783 0.00276664 0.00771334 0.00132328 -0.000236575 -0.00229274 0.000684956 0.0054018 0.0127841 -0.00636083 -0.00356573 -0.00646599 -0.000964247 -0.00704583 -0.00559912 -0.00593308 0.0124493 -0.00910088 -3.45213e-05 
-0.00657682 -0.00895257 -0.000789466 -0.00507417 -0.0131421 -0.00532269 -0.00249035 -0.00860824 -0.0118937 -0.00106484 0.00722478 0.000992803 0.00263927 0.00327904 -0.00434043 0.00395853 0.00126766 -0.00181114 -0.00474557 0.0994974 0.00972049 -0.00587544 -0.000808237 -0.000545955 0.0154535 -0.00273782 -0.0202872 -0.000460535 -0.00187793 0.00968568 -0.0066381 -0.015136 -0.00116679 0.0063627 0.0129287 -0.00247633 -0.0157608 0.00107634 0.00843818 -0.00614137 0.00216601 -0.0219291 -0.00463154 0.00297843 -0.0134586 0.00627321 -0.00132815 -0.00546664 -0.00206019 -0.00740354 -0.0013962 -0.00135657 -0.0119987 0.00389276 -0.0018388 0.0012032 0.00853909 0.031893 -0.00567124 -0.00116234 -0.00748045 0.00111101 -0.000550744 -0.00611032 -0.0026306 -0.00458155 -0.00213674 -0.00553831 -0.00546534 -0.000775175 -0.0128313 -0.00411272 -0.00385161 0.0143277 0.0139869 -0.00769562 -0.00599293 0.00916509 0.00337937 0.00202797 -0.000916401 -0.0027805 0.00136235 0.000178601 0.00627403 0.00519098 -0.004229 0.00092235 0.00990675 -0.00368679 0.0092003 0.00874473 -0.000613121 0.000258199 0.0246771 -0.00291786 0.00610145 -0.020544 -0.00547788 -0.0109405 
-0.000322967 -0.00334798 -0.00267125 -0.00774586 -0.00865095 -0.00306647 -0.0105247 -0.00630995 -0.0225547 0.000274221 -0.00110801 -0.00191834 0.000368342 0.0022843 -0.000827575 -0.00596105 -0.00013393 -0.00480079 -0.000627345 0.00972049 0.0774051 0.000304316 -0.000326744 0.0073355 0.00679401 0.000353957 -0.00863147 -0.000176556 -0.00214068 -0.00213283 -0.00950425 -0.00760712 0.000396119 0.00154117 -0.00249639 -0.00353846 -0.0117407 5.96892e-05 0.00697299 -0.00480113 0.00188819 -0.00608825 -0.00211921 0.00324494 0.0045219 0.00573451 -0.00270523 -0.00136914 0.0125882 3.24937e-07 -0.00189942 -0.000557447 0.0043814 -0.00161154 0.00238507 -0.00188517 -0.00643194 0.00958049 -0.00714479 -0.00718568 -0.00304223 -0.00162849 0.00155557 0.00754583 -0.00432087 -0.00930701 -9.19635e-05 -0.0115473 -0.00170185 -0.00746438 -0.00631597 0.00314745 0.00139881 0.0145337 0.0132162 0.00260329 -0.000746255 0.00966728 -0.00142411 -0.000617622 -0.00172509 0.00331699 0.000796582 -0.00182758 -0.00347346 0.00192559 0.00281372 -0.00517791 0.000431721 0.0070874 0.00685552 0.000400127 0.000597406 -9.42284e-05 0.00555527 -0.00659264 0.0117876 -0.00464127 -0.00294618 -0.00601881 
0.0120722 -0.00384773 -0.00366149 0.00852225 -0.00455173 -0.00385771 -0.0115745 0.00314991 -0.0134692 5.5971e-05 -0.000716446 0.000452051 -0.00135821 -0.0118145 -0.000467287 -0.00380915 0.00047371 -0.00396285 0.000969723 -0.00587544 0.000304316 0.0620226 0.000843139 0.00167903 -0.00389856 -0.00203804 0.0215937 -0.000541226 -0.000673462 -0.00302436 -0.00117983 0.0104064 -0.000177355 0.00449942 -0.00663732 0.000285803 3.96602e-05 0.00284299 -0.00427373 -0.00554473 -0.00438191 0.0204617 -0.00480736 -0.000379184 0.00445954 -0.00501096 -0.00234944 -0.00579867 -0.00667142 -0.00364483 0.000475562 -7.57151e-05 -0.00459639 0.000636579 -0.0011349 -0.00059741 -0.00830548 -0.0119472 0.00670563 -0.00234384 0.000172503 -0.000310155 -0.00193744 0.00345283 0.00158923 -0.00346224 0.000281598 0.00463601 0.00189402 -2.22312e-05 0.00463468 -0.00315927 0.0021472 -0.00202924 -0.00684382 0.00123324 0.00288244 -0.00311074 -0.000494163 0.000329111 -0.00137879 -0.00103925 -0.000834706 -0.00496849 0.00131611 -0.000727917 -0.000512026 0.0161993 -0.00449494 -0.0100225 -0.0101432 -0.00364102 -0.00717488 0.00177136 -0.00967778 9.07186e-05 -0.00335626 0.011543 0.0143972 0.00681815 
-0.00192304 -0.000400154 -0.00111383 -0.00196667 0.00160114 0.00726855 -0.00203217 -0.000774622 -0.00464761 0.000526723 -0.00426462 -0.00212028 0.00101449 -0.00863978 -0.00301575 -0.00233945 9.75718e-05 0.00474818 0.00366856 -0.000808237 -0.000326744 0.000843139 0.0451267 0.00322292 0.00746539 -0.000683996 0.00384638 0.000271969 -0.001215 -0.0021741 -0.00356044 -0.000291607 -0.000737013 -0.000824746 0.00438373 -0.00389335 -0.00276245 0.000526042 -0.00278068 -0.00281207 0.00520816 0.00127815 0.00379353 0.000320507 -0.00701566 0.000894888 -0.00491279 -0.00236959 -0.00221428 -0.00217668 -0.00128252 -0.00077204 -0.00631915 0.00109294 -0.00174523 -0.00107867 -0.000777175 -0.00816968 0.00398389 -0.00595562 -0.000573381 0.00235725 0.00156804 -0.00183202 -0.00256194 -0.00528971 0.00114213 -0.00189061 0.000177616 0.00973366 0.001385 0.00244029 -0.000369499 -0.00275787 0.00124031 0.00216533 -0.00399922 0.00202116 -0.000562779 0.00331838 0.000386905 8.22815e-05 -0.000129403 0.000289432 -0.00102531 0.000816438 -0.00164081 0.00197923 0.00153159 -0.00574549 -0.00189457 0.00146411 0.000670604 0.000294519 -0.00144084 0.00843274 -0.00459928 -0.00141825 -0.00272887 -0.00332324 
0.000520369 0.00203345 -0.00249173 -0.00534766 -0.0126696 -0.00725051 -0.0177896 -0.00754884 -0.00636577 0.000105885 -0.00973156 0.00373871 -0.00277693 -0.00882821 -0.00648912 -0.00668143 0.000916942 -0.00660831 -0.00311248 -0.000545955 0.0073355 0.00167903 0.00322292 0.0829455 0.0202629 -0.00170748 0.00822366 -0.000186098 -0.000493031 -0.00369996 -0.0103488 0.00404879 -0.000541486 -0.00313268 -0.00615277 -0.0018974 -0.00221721 0.00212659 -0.00473426 -0.00737287 0.00862341 0.0189251 -0.000520291 -0.00356607 -0.00788934 -0.00244835 -0.00596814 0.00426229 0.00580266 -0.000525454 -0.00127159 -0.00115968 -0.00830654 0.000680122 0.00115504 -0.000244486 -0.00779039 -0.00480921 -0.00319602 -0.00949458 -0.00616131 0.00246263 -0.00342515 -0.00364332 -0.00572121 0.000527491 -0.00260692 -0.000921592 0.0058442 0.0168499 0.0077217 0.000284749 -0.00149171 0.00849532 0.00144677 -0.00399237 0.00203813 0.00552509 -0.000962715 -0.00268753 1.71037e-05 -0.00209946 0.000691357 -0.00383145 0.00265472 -0.000661093 0.00249909 0.0131211 -0.00106203 -0.00218663 0.00884916 -0.00383317 -0.00539688 -0.00175328 -0.00960806 -0.00318325 -0.00641404 0.00923075 -0.00245399 0.0131408 
-0.00530313 -0.00766517 -0.00405023 -0.023345 -0.0220567 0.00342292 -0.0196534 -0.00823998 -0.0200066 0.00095597 -0.024787 -0.00542179 -0.0130063 -0.0165616 -0.0126358 -0.00460922 0.00131866 -0.0191373 0.00547199 0.0154535 0.00679401 -0.00389856 0.00746539 0.0202629 0.177499 -0.000475283 0.00899196 -0.000507234 -0.00539443 -0.00762999 -0.0131063 -0.0371509 0.00114851 -0.00826292 -0.00190653 -0.0152824 -0.010915 0.00147738 -0.00155708 -0.0192682 0.00325844 -0.00604173 -0.00731618 7.35134e-05 -0.00963599 0.00153809 -0.0318751 0.00524994 0.0154903 0.018272 -0.00631003 -0.00182098 -0.0222634 0.0104329 0.00191973 -0.00596085 -0.0165834 0.0346089 0.00182029 -0.0096617 -0.00441835 0.0184146 0.0149919 -0.00564339 -0.0147038 -0.0061931 -0.00725726 -0.0312431 0.00802605 0.0259215 0.0314299 -0.0092495 0.0146023 0.00103472 0.00509781 -0.00702643 -0.0276834 0.00438495 -0.00090031 0.00269861 0.0127802 0.00536775 0.00136034 -0.00101647 0.00771188 0.00959575 -0.00514618 0.035437 0.000135965 -0.00312997 0.0426331 0.0163917 -0.00377519 -0.00128564 -0.0117864 0.00550614 -0.0168352 0.000713841 -0.0256514 0.0250858 
-0.00442873 0.000793897 0.000532745 -0.000286238 -0.00474483 -0.00204391 -5.18746e-05 0.00117958 0.00210965 -0.000146368 -0.000621033 0.00330101 0.00123766 -0.0049822 0.00846458 -0.00284974 -0.000740978 -0.00391963 0.00131843 -0.00273782 0.000353957 -0.00203804 -0.000683996 -0.00170748 -0.000475283 0.0388458 -0.00418271 0.000417303 0.00138373 0.00322887 0.00229412 -0.00425001 0.00215991 -0.00150734 -0.00485954 -0.00129929 -0.00542385 -0.0003654 0.0013732 -0.00272843 -0.00166438 0.00348752 0.000892967 -0.000270483 0.00665503 -4.16388e-05 -0.00494418 0.00772282 -6.67286e-05 -0.00291443 -0.000744204 -0.000396639 0.00484869 -0.00186833 -0.000655024 -0.000369677 -0.00145652 -0.00168742 -0.00231213 -0.00301546 -0.0020986 7.80903e-05 0.0017369 -0.00164871 -0.00192145 6.09325e-05 -0.00169572 -0.0042574 9.31258e-05 -0.00915441 0.00255945 -0.00129332 0.00186551 0.000930174 -0.00145304 -0.00265533 0.00443377 2.39441e-05 0.000306021 0.000677625 -0.000503863 -0.00055919 -0.00121419 -0.00248451 0.000569168 -0.00134035 0.00162447 -0.00668892 0.00383251 0.0174705 -0.00808877 -0.00223067 -0.00355007 -0.00036634 -0.00247589 -0.00181627 0.00607057 0.000881205 -0.00321604 0.00437962 
0.00216277 -0.0171747 -0.0188433 -0.023584 -0.0169342 0.0139594 -0.0828287 0.0288268 0.0179223 -0.000726866 -0.0232777 -0.00750165 -0.0149397 -0.0310445 -0.0406039 0.0165118 -0.00177337 -0.0170748 0.00431347 -0.0202872 -0.00863147 0.0215937 0.00384638 0.00822366 0.00899196 -0.00418271 0.24482 0.000237951 -0.0120162 0.000782562 0.00243219 0.11285 -0.0123759 -0.0106781 -0.0157204 0.00476568 0.00349061 -0.000769119 -0.0227176 -0.0385234 -0.0312168 0.0716531 -0.0182488 -0.00225858 0.021313 -0.0280866 -0.0536088 -0.0352204 -0.0280028 -0.00810922 -0.00438681 -0.00312536 0.00119874 -0.00957723 -0.0116289 -0.00619634 -0.0589198 -0.0070187 0.00856543 -0.027731 0.0102272 -0.0156346 -2.5738e-05 0.0346481 0.00968946 0.00674748 -0.00700449 0.0803332 0.019696 0.0468873 0.0476994 -0.00182503 0.0264991 -0.0032216 -0.0296074 -0.0131642 -0.00453255 -0.00721327 -0.00204568 -0.0102377 -0.00515978 -0.00227488 -0.0154667 -0.0343034 0.00719462 -0.00592401 -0.0131864 0.0856298 -0.0343678 -0.00190476 -0.0177522 -0.0200773 -0.0369792 -0.000341138 -0.071042 0.00823319 -0.024594 0.0889026 0.0159006 0.0666815 
-0.000438436 0.000325868 -0.00128924 -0.00236326 0.00306594 0.000773635 0.00178428 -0.00185318 -0.0080908 -0.00043685 0.0044364 -0.000306337 -0.0020283 -0.00510809 0.00236375 -0.00214606 0.00102029 -0.00148539 0.00473975 -0.000460535 -0.000176556 -0.000541226 0.000271969 -0.000186098 -0.000507234 0.000417303 0.000237951 0.029605 0.00134377 0.000146064 -0.00266472 -0.00308933 -0.000479342 0.000406205 0.004482 -0.00231752 -0.00283138 0.000121048 -0.000795344 -0.000760385 0.00169491 -0.00336799 0.00162451 0.000494785 0.000401552 -0.00091072 -0.00414109 0.000244701 0.00173065 -0.00139155 -0.000118536 0.000175803 -0.00183588 0.000898866 -0.00092925 -0.000511845 -0.000136706 -0.00691844 0.00544902 -0.00239486 -0.00239355 0.00268608 0.000176777 0.000102512 0.00196135 -0.00338042 -0.000110685 -0.00259794 0.000900759 0.00110847 -0.000329442 -0.000109362 -0.000839461 -0.00215971 -0.00139658 0.00130844 -0.000320217 -0.000176687 -0.000167104 0.000667464 0.00145079 -4.55234e-05 0.000482464 0.00184842 -0.000311269 0.00241511 0.00139997 -0.000831386 -0.000857073 -0.00212421 0.00234784 0.00247407 -0.00204608 -0.000448342 -0.00160488 0.00285026 -0.00441659 0.000928785 0.00139146 -0.00507809 
-0.000114473 -0.00291452 0.000539462 0.0050318 0.0028803 0.0101803 0.00368044 0.000162152 -0.0101604 -0.000633585 0.00723032 -0.000134633 0.000676612 -0.00542655 0.0133287 -0.00425309 -0.000140726 -0.00336702 0.00103161 -0.00187793 -0.00214068 -0.000673462 -0.001215 -0.000493031 -0.00539443 0.00138373 -0.0120162 0.00134377 0.0391758 -0.0012596 -0.00302441 -0.00959071 0.00100345 0.000493039 0.00860435 -0.000514684 -0.00285937 -0.000256879 -0.0024149 -3.01953e-05 -0.000511467 -0.00588354 0.000670462 -0.00175061 -0.00338617 -0.0019001 0.00117583 -0.000513949 -0.000666249 -0.00334473 -0.000348962 0.000640325 -0.00354963 0.00108308 -0.00110918 0.0004329 0.00169001 -0.00908611 0.00741876 -0.00294753 -0.00138198 0.00491258 0.00167061 -0.00410178 -0.000585214 -0.00527802 8.25385e-05 -0.011662 0.0011275 -0.00447452 -0.00088827 -0.00188058 -0.00046378 0.00202538 -0.0028344 0.00707064 0.0022031 -0.000465285 -0.000403671 0.00221435 0.00237826 -0.00195853 -0.000286787 0.00851691 0.0015271 0.000508796 0.007704 -0.00397432 0.000567159 -0.00244533 0.00241467 0.0019928 -0.00335613 0.00177108 0.00510349 0.00475737 -0.00412329 -0.00593972 0.00237226 -0.00836943 
-0.0143176 -0.0121369 -0.00562981 -0.0109963 -0.0134735 -0.0176201 -0.0122106 0.00523764 0.00680275 -0.00182437 -0.00256061 -0.000210548 -0.00617977 -0.00196614 -0.00126473 -0.00205465 0.00345667 0.0158891 -0.00153616 0.00968568 -0.00213283 -0.00302436 -0.0021741 -0.00369996 -0.00762999 0.00322887 0.000782562 0.000146064 -0.0012596 0.107097 0.0161839 0.0157568 -0.00146547 0.00293774 -0.00771683 -0.00251136 -0.0020292 -0.00221609 0.00873978 -0.00976499 0.000478306 -0.0162156 -0.00753073 -0.00270917 0.0257509 -0.00346892 0.00123439 -0.00584865 -0.0022667 -0.0184643 0.000415555 -0.00195967 0.0155241 -0.00571523 -0.00236682 0.00263611 -0.00128121 0.00919213 -0.000848742 -0.016832 -0.00653984 -0.00240613 -0.00446181 0.00604744 0.0108339 0.0348425 -0.00607481 0.0318761 -0.00463505 -0.0189974 -0.0121587 -0.00499931 -0.00453167 -0.00478256 0.00359583 -0.00842729 0.0134391 0.00206385 0.00142145 -0.0023198 -0.00396051 -0.00556523 -0.00210088 0.00192904 0.00174112 -0.00216333 -0.00350354 -0.0120454 0.00322052 0.00452553 -0.0167063 -0.00121314 -0.00530312 0.000495484 -0.00761842 -0.000377872 0.00473202 0.00520498 -0.0116673 0.0105291 
-0.0158257 -0.0141607 -0.00745691 -0.0112194 0.00462314 -0.0237607 -0.0127881 0.023956 0.017695 -7.8198e-05 -0.00299901 -8.99464e-05 -0.00425881 0.0170269 -0.00920225 0.0203159 -0.000975328 0.0257419 -0.0053993 -0.0066381 -0.00950425 -0.00117983 -0.00356044 -0.0103488 -0.0131063 0.00229412 0.00243219 -0.00266472 -0.00302441 0.0161839 0.134396 0.0133181 -0.00281822 0.00236725 -0.0219928 -0.00869335 -0.00146892 -0.00214592 0.0125202 0.0150113 -0.00569401 -0.016231 0.00268946 -0.0035685 0.0367533 0.00137247 0.00513848 0.00623478 -0.00742089 -0.0185405 0.0032456 -0.00185043 0.0303032 -0.00165097 0.00250775 0.00140965 0.00892241 0.00716182 -0.0150647 -0.0107281 0.022127 -0.00881445 0.0030493 0.000106184 0.00239534 0.0289717 0.00601527 0.00268854 0.0109095 -0.0489091 0.0126576 0.0137964 -0.00499735 -0.00988966 -0.00384914 -0.0204347 0.00977334 -0.00380952 -0.00154269 -0.00229252 -0.00102766 0.00120786 6.48868e-05 -0.00154362 -0.0013673 -0.00507826 -0.00711427 -0.0387817 0.000650558 -0.000516237 -0.0456064 -0.00732386 0.0102147 -0.0029911 -0.0111822 -0.0158149 0.00802961 -0.015509 -0.00673438 -0.00503984 
0.00678692 -0.0189336 -0.0158061 -0.0308422 0.00362805 -0.0141243 -0.0748973 0.0136801 0.0434283 -0.00179966 -0.0100394 -0.00199025 -0.00988495 -0.0296741 -0.0296166 0.0101665 -0.00585229 -0.0125472 0.00121707 -0.015136 -0.00760712 0.0104064 -0.000291607 0.00404879 -0.0371509 -0.00425001 0.11285 -0.00308933 -0.00959071 0.0157568 0.0133181 0.232816 -0.0119319 -0.0129271 -0.00983165 0.01376 0.0201614 -0.00283101 -0.016645 -0.020403 -0.0262792 0.0425246 -0.0131402 -0.0134429 0.0296891 -0.0270968 -0.00658112 -0.0213212 -0.0216228 -0.0280986 0.00558003 -0.00471301 0.0223542 -0.0119277 -0.0123989 -0.00123425 -0.0412438 -0.018067 0.00722687 -0.0367299 0.00240751 -0.0214716 -0.0181871 0.0349196 0.0164631 0.0302792 0.00216178 0.116959 0.0155512 0.04598 0.0181482 0.00429876 -0.00365401 -0.00181444 -0.0282856 -0.0280954 0.0132532 -0.00640884 -0.00308072 -0.00799954 -0.00541352 -0.0032339 -0.0102993 -0.0217414 0.00459331 -0.00625193 -0.0119408 0.0436633 -0.035254 0.00288973 -0.0600768 -0.0319281 -0.0345887 -0.00483872 -0.0645897 0.00661272 -0.00470209 0.0827349 0.015857 0.039274 
0.0021981 0.00303157 0.00618838 0.0138085 0.00472951 -0.00581806 0.00519991 -0.00258131 0.00575223 -0.000416483 -0.000835548 0.00616708 -0.0015995 -0.00758503 0.00781997 0.000298959 -0.00110531 -0.00480837 -0.00124449 -0.00116679 0.000396119 -0.000177355 -0.000737013 -0.000541486 0.00114851 0.00215991 -0.0123759 -0.000479342 0.00100345 -0.00146547 -0.00281822 -0.0119319 0.0492494 0.00222037 -0.00336684 -0.00192743 -0.00134018 -0.000160384 0.000743133 0.00096935 -0.00200261 -0.00259954 7.96127e-05 0.00272199 -0.0098529 0.0008133 0.00390205 0.00124847 -0.00128042 -0.000281073 0.000592437 -0.00025059 -0.0053087 -0.00066874 0.00630276 0.0019581 -0.00178152 -0.00118066 -0.00187863 -0.000178543 -0.00255064 -0.00126672 -0.00190643 -0.00539584 0.000115745 0.00225056 -0.000960629 -0.00694396 -0.00241957 0.00513064 -0.00405812 -0.00089388 0.000477891 0.00147721 -0.000939694 0.00899761 0.0038462 -0.000140891 0.000370668 -0.000747974 -0.0013661 8.83696e-05 0.001148 -0.0017183 -0.000188753 -0.000823423 0.0016849 -0.00862994 -0.00224571 -0.0025676 0.0101453 -8.46951e-05 -0.00274321 -0.000478727 -0.00318332 -0.00336726 -0.0047674 -0.00860695 -0.0053204 -0.000373806 
0.00710768 -0.000507165 0.000359311 0.00790432 -0.00368879 -0.00300922 -0.00188673 0.011221 -0.00663574 0.00120882 0.0146174 0.00458585 -0.00291986 0.0039132 0.00307391 -0.000790963 0.00057375 0.00370857 0.00181145 0.0063627 0.00154117 0.00449942 -0.000824746 -0.00313268 -0.00826292 -0.00150734 -0.0106781 0.000406205 0.000493039 0.00293774 0.00236725 -0.0129271 0.00222037 0.0652836 -0.00691743 -0.00464138 -0.00180589 0.00541955 0.00139098 -0.00293738 0.00404654 -0.00517153 -0.00365025 0.00363169 0.000752879 0.000119471 0.0123188 -0.00535293 -0.00352631 -0.0123049 0.000893291 0.000480391 -0.00184784 0.000309374 -0.00165486 -0.00119848 -0.00544355 -0.00272468 0.00448308 0.00399427 -0.00258347 -0.00334894 -0.00179086 -0.00115284 0.00853669 0.000462146 -5.45437e-05 -0.0122826 -0.00143942 -0.0238403 -0.00570845 0.000991856 -0.00529604 -0.00425989 0.00310052 -0.00557188 0.0124052 0.00460094 0.00166398 0.00183806 -0.000623331 -0.000656208 0.000198362 0.00727361 0.00017533 0.00256115 0.00130859 -0.0119793 0.000916189 -0.00700949 -0.0151419 0.000258729 0.00528812 0.00294738 0.00446984 -0.00390248 -0.00565516 -0.00419618 0.00240967 -0.0130014 
-0.0134394 -0.0118027 -0.00673458 -0.00295857 0.00673507 0.0407077 0.00786615 -0.0014953 -0.0479813 -0.00255557 0.00324044 -0.000521153 0.00968943 -0.0186407 0.011912 -0.0125517 -0.00368762 -0.0027408 -0.00359863 0.0129287 -0.00249639 -0.00663732 0.00438373 -0.00615277 -0.00190653 -0.00485954 -0.0157204 0.004482 0.00860435 -0.00771683 -0.0219928 -0.00983165 -0.00336684 -0.00691743 0.146555 0.008303 -0.00230091 0.00254724 -0.00123432 -0.0037435 0.00306516 -0.0126231 0.00651219 -0.00587581 -0.0172256 -0.00317473 -0.0130366 -0.00768495 0.00648002 0.00734618 -0.00477104 0.000474907 -0.0160485 0.0188944 -0.00269305 -0.00601443 0.00804208 -0.0184057 0.0182975 0.00415747 -0.00559869 0.00620487 0.000835296 -0.0166182 -0.0081655 -0.0262353 -0.0056349 -0.00182713 -0.00117329 0.022999 -0.0111843 -0.00854976 -0.00565002 0.000164852 0.00187088 0.0199205 -0.0294225 0.00483936 -0.00200909 0.00546127 0.0113734 -0.00554632 -0.00218056 0.0197403 -0.00797414 0.00394695 0.00425196 0.0259596 0.00320056 -0.0229721 0.0296318 0.00983962 -0.0107542 0.000949818 0.0159622 0.0303252 -0.0146822 -0.0274091 0.00817454 -0.0221506 
