0.126025 0.00487229 -0.00215749 -0.00378986 -0.0135539 0.000504269 0.00273351 0.0022541 -0.00965871 -0.00244482 -5.31107e-05 0.00425703 -0.00649389 -0.00689062 -0.0130618 -0.00761046 -0.00425526 -0.00979528 0.010045 0.00046662 0.0135172 -0.00125292 -0.00868397 0.00329403 0.00998452 -0.00807628 0.00349777 -0.00245651 0.0113857 -0.000574327 -0.0075429 -0.000386802 -0.00506433 -0.012342 -0.0149222 -0.00458281 -2.80833e-05 -0.00993932 -0.00266839 -0.00266719 -0.00426853 0.0050975 -0.00272657 0.0138087 0.0405648 -0.00546793 -0.00100405 -0.010548 -0.00638474 0.00367505 0.00430394 -0.000161551 -0.000110791 -0.00852742 -0.00364927 -0.0151523 -0.00762431 -0.0118208 -0.00767216 0.0232562 -0.0120191 -0.00108246 0.0198315 0.0105914 -0.00449376 -0.00365575 6.83617e-05 -0.00393576 -0.00972091 -0.00289767 -0.0014989 0.00331483 -0.00814929 0.0041058 -0.00305975 -0.00505319 -0.00524928 -0.00324674 -0.0052718 -0.00326079 0.00368213 -0.000696991 -0.00189341 -0.000828312 -0.0219561 -0.00592197 0.0140077 0.00283988 -0.00470483 -0.010132 -0.00171915 0.00358909 0.00263862 -0.000734497 -0.0105765 -0.0128854 0.0291967 0.0100563 0.00370222 -0.00045143 
0.00487229 0.0525031 0.000220875 0.00198715 -0.00850708 -0.000266725 -0.0120341 0.00358627 -0.0118317 0.00867399 0.00157 -0.00387261 -0.0144607 -0.00322845 -0.00865876 -0.00656515 -0.00184943 0.00621016 0.00397664 -0.00522778 0.0011351 0.00306485 0.00250904 -0.0010447 -0.00467488 0.000295719 0.00461737 -0.00115148 0.00416941 -0.000476802 -0.00253388 -0.00789587 -0.00246795 -0.0152293 -0.00364983 -0.018591 -0.00141612 -0.00246441 0.000788467 0.00023604 -0.00145768 -0.00378274 0.0118952 0.00275282 0.00467498 -0.00389881 0.000189956 0.00286538 0.0135867 -0.000791963 -0.000759093 -0.000853707 0.00357443 -0.00681229 0.00240601 0.00313387 0.000823607 -0.00344222 -0.000373668 -0.00157982 0.000429911 -0.00299362 -0.00931929 0.00715777 -0.00206965 0.00137835 -9.02787e-05 0.00715367 -0.00112937 -0.00131217 0.000257333 -0.00150208 -0.00523842 0.00302252 -0.000240989 -0.000600991 0.00382682 -0.00316211 -0.00592175 0.00172906 -0.00051432 0.000486352 0.000255663 0.00226057 -0.0106912 7.39425e-06 0.00661019 -0.00095275 -0.00268501 0.0150894 0.00054746 -0.00033254 -0.00237425 -0.000926192 0.00230363 -0.00194377 0.0136447 -0.000760601 0.000151843 0.00397989 
-0.00215749 0.000220875 0.0412263 4.21143e-06 0.00244772 -0.000286137 0.000160896 0.00108282 -0.00260518 -0.00051456 0.0021567 0.00124619 -0.000754483 0.000668762 -0.00119681 -0.00163433 -0.00141911 0.00204613 -0.00389715 0.000451321 -0.00024182 0.00013067 0.000617311 -0.00422468 0.00373538 0.000298965 0.000368367 0.000390507 -0.000836728 -0.000344324 0.000645202 0.00110356 -0.00187486 -0.00263937 0.000372069 0.00176371 -0.000866222 0.000239152 -9.71557e-05 -0.00116835 0.0012985 -0.00393597 -0.000269284 -0.0017559 0.00151727 -0.00167183 7.53639e-05 0.00266314 0.00234017 -0.000275726 -0.000775009 8.38281e-05 0.00227634 0.000602777 0.00196369 0.00120382 -0.0014271 0.00066724 0.00127631 -0.00280236 0.000570614 -0.00275075 -0.00173368 -0.00186161 -0.00128919 -0.000745867 -0.000219373 -0.00197682 -0.00125057 -0.000384572 0.00148497 -0.00239298 -0.000993124 -0.000950788 -0.000737488 0.000707619 -0.00164844 0.00113812 -0.000945278 -0.00148972 5.07272e-05 -0.00261324 -0.000734045 -0.000314447 0.00275651 0.000555841 -0.00297694 -0.00164228 -0.00307492 -0.00105301 -0.000129864 -0.000248776 -0.000476804 8.40856e-05 -0.000521953 -0.00220967 -0.00522452 -0.001862 0.00071992 -0.00128904 
-0.00378986 0.00198715 4.21143e-06 0.183967 -0.0232267 -0.00261779 -0.0718105 0.0106819 -0.00956785 0.0113285 0.00795382 0.00803477 -0.0409416 -0.0044743 -0.0432253 -0.0296822 -0.00179879 -0.00288152 0.0049853 -0.0305873 -0.00278831 -0.000367808 0.005643 0.00361701 0.00846366 0.0320387 0.00327789 -0.00432925 0.00610497 0.0030866 -0.0123002 -0.0309928 -0.0252774 -0.035221 -0.002258 -0.0602005 -0.00807447 -0.00655396 -0.00210808 0.00524527 -0.0147442 0.0250269 0.0228873 -0.00112537 0.000705832 0.0101777 0.000722914 -0.0027016 -0.00531747 -0.00118121 -0.00251642 -0.00210704 0.018315 -0.0389706 0.00993052 0.0382198 0.0452869 0.0237358 0.00399022 0.020118 0.0194673 -0.0107474 0.0094239 0.0355499 0.00180582 0.00609838 -0.00199299 0.0310544 7.68639e-05 0.00403193 -0.00389281 0.0201701 -0.0267401 0.004706 0.00316334 -0.00247424 0.00452365 -0.00722364 -0.0389298 0.00684732 -0.000572657 -0.00712445 0.00299766 0.00192265 -0.0440468 0.00357709 -0.00248952 -0.00359516 -0.00974872 0.00203255 -0.000873861 -0.00436954 -0.0197555 -0.0246978 -0.000218216 0.029235 0.0319759 -0.00264917 -0.00190642 0.00359187 
-0.0135539 -0.00850708 0.00244772 -0.0232267 0.15053 0.00135348 0.0498495 -0.00890441 0.00427832 -0.0120553 -0.00742567 -0.0146869 0.0229428 0.00890677 0.02041 0.00687388 -0.00364227 0.00300838 -0.0227804 0.020486 -0.00847147 -0.00593405 -0.00414177 -0.0252596 -0.0039486 -0.00884271 -0.0249913 0.00538631 -0.00798258 -0.000366126 0.012643 0.0127609 0.00668983 0.0481217 0.00705534 0.0499555 0.00883896 0.00877176 -0.00494735 0.011353 -0.001243 -0.00819008 -0.0184888 -0.0126051 -0.0226979 0.00811285 -0.00143077 0.00240345 -0.016669 -0.00135706 -0.00047498 0.00288454 -0.019766 0.0343932 -0.00253448 -0.0204032 -0.0309493 -0.000577727 -0.00756979 -0.0151905 -0.0154594 -0.00962251 -0.0160372 -0.026238 -0.0020516 -0.00909924 0.000408652 -0.00996826 -0.00901627 0.0018107 -0.000678852 -0.0135277 0.0300747 -0.00413164 -0.00509357 -0.00320613 -0.00463301 0.0132816 -0.00295845 -0.0113806 -0.00168272 0.00944316 0.0165399 -0.0060511 0.0435857 0.000693776 -0.0284016 -0.000717265 -0.0218047 -0.0115059 -0.00184907 0.0115585 0.000644298 0.0212659 0.00188018 -0.0100885 -0.0374301 -0.00675392 -0.000267802 -0.0021729 
0.000504269 -0.000266725 -0.000286137 -0.00261779 0.00135348 0.0168092 0.00181774 -0.00232647 -0.00321827 0.000383514 0.000610642 -0.000404123 0.00245197 -0.000296874 0.000144205 0.000440861 0.00119624 -0.00135211 -0.0011054 0.00128343 -0.000818431 0.00116275 -0.000447104 0.00100279 -0.000633458 -0.00122887 -0.000180822 -0.000159711 -0.00035708 0.00039977 -0.000651136 -0.000136121 0.00120558 0.0026696 0.0030443 0.00125367 0.000268294 0.000364232 0.000518843 -0.000960065 0.00108229 -0.00173559 -0.00290784 -0.000555634 -0.00174558 -0.00113917 -0.000229206 -0.000815303 -0.000809106 3.93263e-05 -0.0002407 0.000826938 0.00071372 -0.00034547 -9.15135e-05 -0.00167804 -0.000899636 -0.00145277 -4.01067e-05 -0.00120641 -0.00109596 -0.00156489 -0.00228531 -0.00262761 -0.000570326 -0.000723438 0.000239412 -0.00135634 -0.00135369 0.00186837 0.000657655 0.000139451 -0.00142732 -0.000324832 -0.000582064 0.000345635 -0.000645345 -0.00114264 0.00146566 0.000525112 0.000152398 0.000313732 0.000426894 0.000111261 -0.00248454 -0.000611372 5.01901e-05 0.00167952 0.00246408 -0.00188355 0.000186666 4.10582e-05 0.00396613 0.000246568 0.000435533 -0.00271964 -0.00130224 7.79085e-05 0.0004884 0.000610584 
0.00273351 -0.0120341 0.000160896 -0.0718105 0.0498495 0.00181774 0.249875 -0.00238043 -0.00277561 -0.0226867 -0.00167041 -0.0293161 0.0877759 0.00687211 0.0743598 0.0525056 -0.0101986 0.0107537 -0.0250649 0.0578402 -0.00374865 -0.00183968 -0.0165992 0.000924014 0.0207132 -0.038768 -0.0143675 0.00666438 -0.00413922 -0.00710475 0.0268766 0.0379931 0.023665 0.0897103 0.0010184 0.12951 0.00787369 -0.0083834 -0.0158228 -0.0198609 0.0166817 -0.0403424 -0.0333057 -0.0243074 0.0218142 -0.0038526 -0.00920354 -0.0247627 -0.0306466 -0.00161177 -0.0167185 7.99895e-05 -0.0370065 0.048211 -0.0128717 -0.0614979 -0.0755929 -0.0165582 -0.0233338 0.00064369 -0.0393932 -0.0204722 -0.0121439 -0.0464089 -0.0280524 -0.0393583 0.00307998 -0.0377946 -0.0378605 -0.00663937 -0.000592492 -0.0276034 0.0358132 -0.00650346 -0.0157349 -0.0029174 -0.0199639 0.0166466 0.0446143 -0.0625204 -0.00530992 0.00192651 -0.00391135 -0.00263214 0.0389064 -0.00694112 0.0269942 0.0102377 0.0408841 -0.037885 -0.00253806 0.00921659 0.0330607 0.0548513 -0.0194493 -0.0647359 -0.0543954 0.0012073 -0.00759342 -0.014828 
0.0022541 0.00358627 0.00108282 0.0106819 -0.00890441 -0.00232647 -0.00238043 0.191673 -0.007451 0.0109978 0.000150783 0.0402488 -0.0245933 -0.00473915 -0.0420682 -0.0218552 -0.00674637 0.0152609 0.00923966 -0.0120031 0.00237179 -0.000574437 -0.00524328 0.00290938 0.0113506 0.00549318 0.0224496 -0.00556054 0.033011 -0.00135422 -0.0169037 -0.0270322 -0.00586777 -0.0259478 -0.00299305 -0.0444832 -0.00248983 -0.0035803 -0.00378079 -0.00837812 -0.0163521 0.02943 0.021356 -0.00611711 0.0620218 -0.00231851 -0.00458633 -0.00826713 -0.00629291 0.000979307 -0.0080593 -0.00441539 0.0289697 -0.0286029 0.00612451 -0.0149528 -0.0206169 -0.0126867 -0.0118639 0.0245673 -0.0141907 -0.0167588 0.0325874 0.0270911 -0.0139281 -0.0110547 -0.00154029 -0.00557936 -0.0015588 -0.000634887 -0.00149368 -0.0024725 -0.0192441 0.00667186 -0.000704445 -0.000748483 -0.00192159 -0.00339122 -0.0262673 -0.0258493 -0.000463231 -0.0162251 -0.00472163 0.0068424 -0.00246586 -0.00386435 0.028381 -0.00725834 -0.0027685 -0.00165075 -0.00260966 -0.00520143 -0.0146539 -0.0119468 -0.00506828 -0.0173292 0.0522287 -0.00977953 -0.00384643 -0.000432415 
-0.00965871 -0.0118317 -0.00260518 -0.00956785 0.00427832 -0.00321827 -0.00277561 -0.007451 0.201924 -0.0015489 0.00134908 -0.00130809 0.00856784 0.00557379 0.0223173 -0.00251498 6.19676e-05 -0.011536 -0.0117933 -0.0299486 -0.00638473 -0.00857476 -0.00451378 -0.00980427 0.010447 -0.0177501 -0.0356189 -0.00508898 -0.0102165 -0.00313072 0.00603863 0.00777196 0.0126071 0.00509299 -0.0151748 0.02187 0.00322427 -0.000297877 0.0059407 -0.00998883 -0.00949516 -0.00381747 -0.0347321 -0.00100361 -0.0304467 0.00938213 0.000841718 0.00867635 -0.0103758 -0.00118853 -0.00374943 0.000510002 -0.0248337 -0.0100442 -0.00802185 0.00579683 0.00752596 -0.017164 0.0208099 0.0084988 0.0122655 0.0216265 0.0201551 -0.022533 0.00844328 0.00763791 -0.00179639 -0.00709556 0.0120694 -0.00198187 -0.00274862 -0.00413195 0.0167569 -0.0102873 -0.00567301 -0.00687089 0.00769481 0.00832942 0.00678029 -0.00646998 -0.0010819 0.0020651 0.00356273 -0.0167587 0.018699 0.011414 -0.0284715 0.00724827 -4.0873e-05 -0.000733216 -0.00161085 -0.00493103 -0.0141726 -0.0115562 -0.00247554 0.0288902 -0.0155566 -0.00634704 -0.00659455 -0.00565149 
-0.00244482 0.00867399 -0.00051456 0.0113285 -0.0120553 0.000383514 -0.0226867 0.0109978 -0.0015489 0.135058 0.00327167 0.00429463 0.0152835 -0.008371 -0.0195864 -0.0112493 -0.00337602 -0.00611026 0.00019282 -0.00623373 -0.00380066 -0.00357411 0.0211963 0.0320268 -0.0246786 0.0054633 -0.00592917 -0.00349475 -0.00342133 -0.00136859 -0.0175133 -0.0147906 -0.00811124 -0.00618284 0.0139806 -0.017621 0.0054793 -0.00348912 -0.00385933 -0.00986431 0.0187952 -0.00509206 0.0271661 -0.0100574 -0.00449606 -0.00231641 -0.00352354 -0.00190518 -0.0127409 -0.00237621 -0.00103246 -0.00284215 0.0109672 -0.0090876 0.00671088 -0.00118893 0.00268606 0.0088085 0.0108427 0.0066351 0.00322478 -0.0158182 -0.02333 0.02282 -0.0113745 -0.0115255 -0.00133832 0.00347149 -0.0117554 -0.000411083 0.00753824 0.00553508 -0.0154828 0.000145744 0.00613748 0.0108081 -0.00442555 -0.0117832 -0.0200885 -0.0117203 -0.00267945 -0.00129562 -0.00645386 -0.00417919 -0.0248319 -0.00624063 0.0151792 0.0120002 0.0339371 -0.00542857 0.000810533 -0.00289215 -0.0124578 -0.0159888 -0.00942459 -0.003354 0.0450485 -0.0077051 -0.00469666 -0.00168267 
-5.31107e-05 0.00157 0.0021567 0.00795382 -0.00742567 0.000610642 -0.00167041 0.000150783 0.00134908 0.00327167 0.0692087 -0.00687169 -0.0127408 0.00498583 0.00178891 -0.00495188 0.00485129 -0.000717421 -0.00312361 -0.0106934 -0.000686807 0.000779776 0.00216345 0.00520883 0.0105565 0.00452504 -0.0052654 -0.00157133 -0.000695554 -0.00140554 -0.00464789 -0.00101945 -0.00550865 -0.0174593 -0.00148211 -0.0101531 0.000285988 -0.00355463 0.000950099 0.00204558 -0.00130372 0.00448643 -0.00879624 -0.0054905 0.00286626 -0.000311497 0.00216999 0.00419263 -0.0064922 -0.0014184 -0.00252237 -2.91267e-05 -0.00442391 -0.00727701 -0.0018951 0.00290279 0.0067201 -0.0050234 -0.000450146 -0.00403055 -0.00186229 -0.000716171 -0.0112151 -0.0122702 0.00252059 0.00597689 -0.000534606 0.00741583 0.00542408 -0.000740519 -0.000507259 0.00493992 -0.00584734 -0.00119859 -0.00121198 -0.000523328 -0.000331661 -0.000824106 -0.00817221 0.00773279 0.00416414 0.00152288 0.00479162 -0.00151375 -0.00161176 0.00403251 -0.00147979 0.00442619 0.00710906 -0.00500902 -0.000607753 -0.000853279 -0.00144624 0.00373106 0.00349587 0.00609892 -0.00271886 -0.00477505 -0.00218353 -0.00181705 
0.00425703 -0.00387261 0.00124619 0.00803477 -0.0146869 -0.000404123 -0.0293161 0.0402488 -0.00130809 0.00429463 -0.00687169 0.157975 0.00394733 -0.0136413 -0.0212322 -0.00847403 -0.00386576 -0.0026558 0.00874408 -0.0146072 -0.00666038 -0.00653373 -0.00787353 -0.00711437 0.00937366 0.00620715 0.0312294 -0.0013622 0.0265063 0.000992955 -0.0125776 -0.00362686 -0.0118206 -0.0148437 0.00137509 -0.0314774 -0.00272996 -0.00298473 -0.000197634 -0.00220993 -0.0136964 0.0217508 0.0215167 0.00644543 0.0297716 -0.00437184 0.00447652 -0.00379125 -0.0196408 0.000382343 0.000806038 0.00219077 0.0142716 -0.0215105 0.00687888 -0.00512001 -0.0060634 -0.0152345 -0.00980588 0.0158745 -0.0141727 -0.0186078 0.0333402 0.0517905 -0.009522 -0.0139267 0.000183636 -0.0142025 -0.0088389 0.00267079 -0.000368383 -0.00922536 -0.009255 -0.00312568 -0.00164108 -0.00255332 -0.00277902 -0.0108698 -0.0224493 -0.0254683 0.000643156 -0.0030246 -0.000531386 0.00377006 -0.00170786 -0.00328259 0.00491282 -0.0030932 -0.012741 -0.0206663 -0.00275357 -0.00554129 -0.00484713 -0.0207172 -0.0134469 0.0194008 0.0308561 0.00547066 0.0139393 -0.00423354 
-0.00649389 -0.0144607 -0.000754483 -0.0409416 0.0229428 0.00245197 0.0877759 -0.0245933 0.00856784 0.0152835 -0.0127408 0.00394733 0.249965 0.00101919 0.050883 0.0592854 -0.012312 -0.0123212 -0.0199733 0.0616019 -0.0184948 -0.011958 0.00805871 0.00589928 -0.00394739 -0.0357556 -0.046298 0.00576358 0.0130079 -0.00818379 -0.00147105 0.0397354 0.0136428 0.105219 0.020126 0.126622 0.00569541 0.0109595 -0.0140252 -0.0445475 0.025502 -0.0196416 -0.0287744 0.00908684 -0.0398349 -0.00840868 -0.000213627 -0.0294997 -0.0368661 0.00289522 0.000728268 -0.00305107 -0.0394418 0.0547999 -0.00667088 -0.0465737 -0.0423341 0.0125983 -0.00497203 0.0386311 -0.044208 -0.0388692 0.0133721 0.0184254 -0.0288554 -0.0475153 0.002603 -0.0421119 -0.0412553 0.00290768 0.00926285 -0.0347262 0.0171203 -0.0123362 -0.00784204 0.00634132 -0.0235858 0.00108833 0.0029674 -0.0618646 -0.0104822 -0.00697425 -0.0172348 0.00381744 -0.00439159 -0.0150899 0.00704162 0.0115639 0.0731381 -0.0482897 0.000447513 -0.00116644 0.0251267 0.00870449 -0.0367601 -0.0516731 -0.0391567 -0.00210205 0.00244589 -0.0170233 
-0.00689062 -0.00322845 0.000668762 -0.0044743 0.00890677 -0.000296874 0.00687211 -0.00473915 0.00557379 -0.008371 0.00498583 -0.0136413 0.00101919 0.0754483 -0.00224134 -0.000390908 0.00514591 -0.00380806 -0.00770938 -0.00402385 -0.00202165 -0.00323127 -0.00116287 0.0112663 0.0115043 -0.00752501 -0.0132538 -0.00164301 -0.00723854 0.00165707 0.00975819 -0.00703181 -0.00368127 0.0113416 0.00727226 0.017122 0.000235236 -0.00148599 0.000430155 0.0130039 0.000513223 -0.00829141 -0.0244142 0.00137075 -0.0136023 -0.00290331 -0.00172705 -0.00229029 -0.00351361 -0.000318572 0.00293699 -0.00146686 -0.00902398 -0.00932061 -0.00313998 0.000274271 -0.00645041 -0.00185007 -0.00181199 -0.00150231 -0.00449759 0.00189852 0.00280551 -0.015595 0.00681665 0.00320473 -0.000562825 -0.00245985 0.00188405 2.86533e-05 -0.00213767 -0.00343368 -0.00692933 -0.00181404 0.00351234 0.00227856 0.000638111 0.0238931 -0.00597863 0.0063179 0.00296477 -0.00413043 0.0105676 1.95762e-05 0.0288896 0.00552485 -0.013925 -0.00281945 0.0106255 -0.00282136 -0.00100912 -0.00116992 -0.0062087 -0.00628738 0.0119578 -0.00543932 -0.0213335 -0.00586331 -0.00566026 -0.00134087 
-0.0130618 -0.00865876 -0.00119681 -0.0432253 0.02041 0.000144205 0.0743598 -0.0420682 0.0223173 -0.0195864 0.00178891 -0.0212322 0.050883 -0.00224134 0.172905 0.0701507 -0.00349466 -0.00102861 -0.0229521 0.0330139 -0.00908237 -0.00265343 -0.00861274 -0.00998788 -0.00148902 -0.0223727 -0.0108863 0.00662094 -0.00985626 -0.0033392 0.00890818 0.0467068 0.0201248 0.0527341 -0.011701 0.0758607 -0.000331918 -0.0177838 -0.00755247 -0.01184 0.0157456 -0.0228263 -0.0438713 -0.00882558 -0.0292957 0.00134794 0.000685797 -0.00847863 -0.0182465 -0.00212844 -0.00923641 0.00290503 -0.0196237 0.0414752 -0.00605399 -0.0231564 -0.0271269 -0.0177698 -0.00995746 -0.0130264 -0.0190948 -0.0120569 -0.0339301 -0.0267116 -0.0123705 -0.0254927 0.00369995 -0.01831 -0.0185749 -0.00214905 0.000868581 -0.00762899 0.0535801 -0.00609828 -0.0028555 -0.00804819 -0.0112511 0.00641874 0.0194309 -0.0264393 -0.00267494 -0.000284075 -0.00287179 0.00796976 -0.0153312 0.00239746 -0.0157346 0.00391844 0.0333671 -0.0258736 6.39402e-05 0.0044826 0.0421623 0.0404059 -0.00624607 -0.0204903 -0.0486944 -0.00227054 0.00818425 -0.00869571 
-0.00761046 -0.00656515 -0.00163433 -0.0296822 0.00687388 0.000440861 0.0525056 -0.0218552 -0.00251498 -0.0112493 -0.00495188 -0.00847403 0.0592854 -0.000390908 0.0701507 0.142956 -0.00489272 0.00551838 -0.0130283 0.0582723 -0.00106184 -0.00541521 -0.00413628 -0.00843335 -0.0101346 -0.0155659 -0.00325612 0.0106738 -0.00126198 -0.00264649 0.0052532 0.0127867 0.0189578 0.0608718 0.000766549 0.0494826 -0.00113584 -0.0108221 -0.0061105 -0.0171858 0.00308773 -0.0150699 -0.0302714 -0.0127612 -0.0307704 -0.00483257 -0.00200621 -0.013521 -0.0162615 -0.000398166 -0.00796978 -0.000610878 -0.0149827 0.0384686 -0.00509152 -0.0164163 -0.0220171 -0.00704211 -0.0110167 -0.0139377 -0.0138358 -0.016362 -0.0286819 -0.0285466 -0.0118524 -0.0218635 0.00390791 -0.0101863 -0.0164437 -0.000400624 0.0055001 -0.00565261 0.0440925 -0.00501855 0.00047496 -0.00393425 -0.0108551 0.000128278 -0.00274211 -0.0270641 -0.00417214 -0.00383861 -0.00446265 0.0204639 -0.0203214 -0.00360443 0.00144521 -0.00210413 0.0310001 -0.0272803 0.00168945 0.00532752 0.0408282 0.022924 -0.0140656 -0.023301 -0.0388832 -0.00652388 0.00852264 -0.00566687 
-0.00425526 -0.00184943 -0.00141911 -0.00179879 -0.00364227 0.00119624 -0.0101986 -0.00674637 6.19676e-05 -0.00337602 0.00485129 -0.00386576 -0.012312 0.00514591 -0.00349466 -0.00489272 0.0502661 0.00317134 0.00612032 -0.00823133 2.85734e-05 0.00163144 -0.00221485 0.0156443 0.00256504 -0.00237479 0.00188693 -0.000870233 -0.00135911 0.00107357 0.0012226 -0.000525277 -0.00298533 -0.011419 0.00856158 -0.0131123 -0.00124389 -0.000580875 -0.000309376 0.0013034 -0.00253002 -0.00357204 -0.0126898 -0.00646895 -0.00423924 -0.000845107 0.000803751 -0.0011242 -0.000191207 -0.000390392 -0.00174313 0.00186682 0.000511048 -0.0101609 -0.00170928 0.00746488 0.00866328 0.00202359 0.00554618 -0.0117613 0.00185831 0.00600639 -0.00385917 -0.00647962 0.000414266 0.00195777 -0.000270657 0.00744342 0.00373344 0.00271118 0.000337942 0.00792961 -0.00180829 0.000103038 0.00125871 0.00346541 0.00181897 -0.0025291 -0.000261305 0.00923118 -3.46622e-05 0.00377224 0.00204645 -0.00193537 0.000828327 0.000847519 -0.00853389 -0.000858139 -0.00627097 -0.000925122 -0.000147759 -0.000538507 -0.00152501 -0.00231444 0.0104642 0.00338957 -0.00603949 -0.000964189 0.00338896 0.00118166 
-0.00979528 0.00621016 0.00204613 -0.00288152 0.00300838 -0.00135211 0.0107537 0.0152609 -0.011536 -0.00611026 -0.000717421 -0.0026558 -0.0123212 -0.00380806 -0.00102861 0.00551838 0.00317134 0.0955696 -0.00654554 0.00908757 0.000954874 0.00117911 0.000875689 0.0024442 -0.00157449 -0.00129618 0.017984 0.00454845 0.00415358 0.000260599 -0.00472912 -0.00820015 0.00776024 -0.0145727 -0.00396992 -0.0179614 -0.00108721 -0.00918308 -0.000971494 -0.00145769 -0.00314187 -0.00644171 0.00108012 -0.00935161 0.00813629 -0.00182054 -0.000587731 -0.00322622 0.00405251 -0.00147321 -0.00176723 -0.00119715 0.00761788 0.00863377 0.00718357 -0.00618816 -0.00735792 -0.00478874 0.00163408 -0.013059 -0.00243244 -0.00299083 -0.0115037 -0.00112087 -0.00345127 -0.00850414 7.67251e-05 -0.000373728 0.00032248 -0.000254975 -0.00188927 -0.00439593 0.00966811 0.00624813 -0.000790894 -0.00135019 -0.00302593 -0.00043045 -0.0103908 -0.0124685 -0.00140176 -0.000852557 -0.00337264 0.00178274 0.00569774 0.00508888 0.000314219 -0.0024661 -0.00439194 0.00850191 0.00116646 0.00110182 -0.00123919 0.00102118 -0.00244774 -0.00969254 0.00589688 -0.00452794 0.00781706 -0.00390696 
0.010045 0.00397664 -0.00389715 0.0049853 -0.0227804 -0.0011054 -0.0250649 0.00923966 -0.0117933 0.00019282 -0.00312361 0.00874408 -0.0199733 -0.00770938 -0.0229521 -0.0130283 0.00612032 -0.00654554 0.165789 -0.00984336 0.0170758 0.00533826 -0.00709268 0.00704056 0.0153944 0.00713275 0.0156911 -0.00416158 -0.0064864 -0.00162199 -0.00554886 -0.0187722 -0.0230901 -0.0501752 -0.00869254 -0.0520515 0.00627371 0.0221754 -0.00760688 -0.0177372 -0.00971777 0.00532097 0.0298626 0.00960877 0.0248566 -0.0122336 0.00123431 -0.0110471 0.0165296 -0.00300682 -0.0038599 -0.0029302 0.025069 -0.025045 -0.00275571 0.0148649 0.0194014 -0.0106151 -0.0110145 0.00404941 0.00448985 0.000880625 0.043749 0.0017077 -0.00870281 -0.00278603 -0.00130623 0.00970002 -0.0058033 -0.00362738 -0.00199096 0.00904147 -0.0119141 4.13914e-05 0.000683168 0.000381583 -0.000193735 -0.00881022 -0.0181205 0.0092398 0.00294333 -0.00222427 0.000168547 -0.0107023 -0.0492706 -0.00720579 0.0299795 -0.00458465 -0.0137964 -0.000863944 -0.00177655 -0.0018623 -0.0166088 -0.00839133 -0.00980519 0.0164497 0.0387877 -0.00610502 0.00832699 0.00694917 
0.00046662 -0.00522778 0.000451321 -0.0305873 0.020486 0.00128343 0.0578402 -0.0120031 -0.0299486 -0.00623373 -0.0106934 -0.0146072 0.0616019 -0.00402385 0.0330139 0.0582723 -0.00823133 0.00908757 -0.00984336 0.192433 0.00109568 -0.0025237 0.0179911 -0.0146325 -0.0163225 -0.0170937 0.0131441 0.00868641 -0.00307891 -0.000460272 0.00196864 -0.000468513 0.0167525 0.0408993 -0.011246 0.0514056 -0.00187174 0.000402769 -0.007691 -0.0190793 -0.00197796 -0.0200931 0.0109473 -0.0109244 0.00246522 -0.0148911 -0.00492295 -0.0206165 -0.0203266 -0.00217574 -0.00961573 -0.00158498 -0.00581077 0.0401871 -0.00656515 -0.0336345 -0.0403451 -0.00804196 -0.0147697 -0.0106471 -0.0217652 -0.0223842 -0.0190568 -0.0157024 -0.0163976 -0.0306241 0.00363016 -0.0190975 -0.02006 -0.00179006 0.00201758 -0.013861 0.034993 0.000634078 -0.00510905 -0.00405667 -0.0125303 0.00916926 -0.00606605 -0.0337745 -0.00430298 -0.00405611 -0.00797044 0.0146006 -0.0147038 -0.00850892 0.0301727 0.0019257 0.0263741 -0.0258303 0.00371377 0.00448778 0.0416141 0.0275939 -0.0203057 -0.0431109 -0.0189957 0.00575517 0.00111127 -0.00580299 
0.0135172 0.0011351 -0.00024182 -0.00278831 -0.00847147 -0.000818431 -0.00374865 0.00237179 -0.00638473 -0.00380066 -0.000686807 -0.00666038 -0.0184948 -0.00202165 -0.00908237 -0.00106184 2.85734e-05 0.000954874 0.0170758 0.00109568 0.0676559 0.000471166 -0.00246162 -0.00108395 0.00297129 0.000351932 0.0092235 -0.000315776 0.0021592 0.00158163 -0.00258185 -0.00577402 -0.0036372 -0.0149112 -0.00635323 -0.0152849 -0.00144157 -0.00165917 -0.00244998 -0.00147895 -0.00560917 0.00528877 0.0118973 -0.00532333 0.0193433 0.00214618 -0.000719238 -0.00157889 -0.000695663 -0.000971537 -0.00186535 -0.001413 -0.00140328 -0.00860778 -0.00123667 0.00423411 0.000106111 -0.00822834 -0.00291519 -0.00115223 8.07627e-05 0.0104153 -0.00368907 -0.00119818 -0.00189597 0.00553018 -3.89299e-05 0.0103131 -0.0031734 -0.000656189 -0.000399459 0.0090348 -0.00233986 0.00131755 -0.000114931 -0.00116012 -0.00133553 -0.00327866 -0.00247034 0.00841755 0.00172348 -0.0042848 -0.000458038 0.00132807 -0.0112871 -0.00219695 0.0120412 -0.00290108 -0.013646 -0.00476062 -0.000573914 0.00160533 -0.00156512 -0.001466 -0.00117537 -0.00325229 0.0113945 0.00135679 -0.00301403 -0.000421092 
-0.00125292 0.00306485 0.00013067 -0.000367808 -0.00593405 0.00116275 -0.00183968 -0.000574437 -0.00857476 -0.00357411 0.000779776 -0.00653373 -0.011958 -0.00323127 -0.00265343 -0.00541521 0.00163144 0.00117911 0.00533826 -0.0025237 0.000471166 0.0813209 0.000543272 0.00198056 -0.00362085 -0.00373791 -0.01214 -0.00208105 0.00155207 -0.000704526 -0.00196442 0.00754718 -0.0046741 -0.00275637 0.00215112 -0.0110259 -0.00224106 0.00178342 0.00092394 -0.00590754 0.0040844 0.00244989 -0.00358654 -0.00801827 -0.00963928 0.00352075 0.000496397 0.00351181 0.0165014 0.000500408 -0.00398586 -0.000349913 -0.00438822 -0.01416 0.000597648 0.0134645 0.00992308 -0.00143844 0.00370854 -0.00867133 0.00678884 -0.00557747 -0.0124094 -0.00124715 -0.00251642 -0.00216528 0.000205701 0.00533949 -0.00428053 -0.00189269 -0.000934326 0.00748207 -0.00751946 -0.00244406 -0.00235508 0.000174163 -0.00255398 -0.00882121 0.0133558 0.00045049 0.000168544 -0.00441486 0.00458673 -0.00415005 -0.0124719 -0.000473091 0.0101275 0.00471637 -6.01664e-05 5.33092e-05 1.37441e-05 -0.000126219 -0.00175729 0.00987022 -0.00296919 0.00163097 0.00587621 -0.000652398 -0.00178638 0.00194366 
-0.00868397 0.00250904 0.000617311 0.005643 -0.00414177 -0.000447104 -0.0165992 -0.00524328 -0.00451378 0.0211963 0.00216345 -0.00787353 0.00805871 -0.00116287 -0.00861274 -0.00413628 -0.00221485 0.000875689 -0.00709268 0.0179911 -0.00246162 0.000543272 0.0878745 0.00659543 -0.0145444 0.00163132 -0.00191909 -1.28085e-05 -0.00639378 0.000492774 -0.0119302 -0.00931961 -0.00118707 0.00180772 0.00841236 -0.00300808 0.0001817 -0.00255372 0.00075895 -0.00273876 0.00351041 0.00477072 0.0173738 0.000431321 -0.00822737 -0.00127839 -0.00141311 -0.00476296 -0.00435816 6.07344e-05 -0.00276081 -0.00147691 -0.00289757 0.0128086 -0.000174883 0.00108408 -0.00287614 0.0166457 0.00201114 -0.00301671 -0.00294916 -0.0097708 -0.0163832 0.0161792 -0.000586245 -0.00343372 -0.000686915 0.00419372 -0.00271129 -0.000641049 0.0023075 -0.00238517 -0.000724796 -0.00114127 0.00227082 0.00360943 -0.00396542 -0.007179 -0.0122849 -0.00195028 -0.0012042 -0.000814011 -0.00215625 -0.00090064 -0.00118322 -6.91289e-05 0.0101486 -4.07811e-05 0.00749526 -0.0086862 0.00233695 -0.00206368 -0.00769085 -0.00966279 -0.00788285 -0.00656631 0.0112034 -0.0036155 -0.00425962 -0.00217067 
0.00329403 -0.0010447 -0.00422468 0.00361701 -0.0252596 0.00100279 0.000924014 0.00290938 -0.00980427 0.0320268 0.00520883 -0.00711437 0.00589928 0.0112663 -0.00998788 -0.00843335 0.0156443 0.0024442 0.00704056 -0.0146325 -0.00108395 0.00198056 0.00659543 0.153895 0.0065813 -0.002017 0.00779663 -0.000189673 -0.00118402 -0.00070969 -0.00841398 0.0016913 -0.00776562 -0.00242131 0.0134907 -0.00771816 -0.00225987 -0.0104725 -0.00416713 -0.012641 0.012356 -0.0136023 -0.00209622 -0.00844621 0.00911725 -0.00392168 -0.000871888 -0.0138102 -0.00462905 -0.00318173 -0.00468274 -0.00217482 0.00932543 -0.0129479 0.00193989 0.00487238 0.0084219 -0.0015932 -0.00134962 -0.0121374 -0.00772817 -0.0107335 0.00472311 0.0113043 -0.0084882 -0.0169193 -0.00152941 0.00483642 -0.0135372 -0.000291471 -0.00296178 0.0106615 -0.0167487 0.0022495 0.00379659 0.00912823 -0.00235718 -0.00621832 -0.000209663 0.00224668 -0.000646988 -0.0062704 -0.00927056 -0.00976919 -0.0179146 -0.00839268 -0.000341249 -0.000133416 0.0304618 -0.0203046 0.00178141 -0.00425591 -0.00719151 -0.0101217 -0.00885872 -0.0185139 0.0291001 -0.00378074 -0.00247642 0.0033246 
0.00998452 -0.00467488 0.00373538 0.00846366 -0.0039486 -0.000633458 0.0207132 0.0113506 0.010447 -0.0246786 0.0105565 0.00937366 -0.00394739 0.0115043 -0.00148902 -0.0101346 0.00256504 -0.00157449 0.0153944 -0.0163225 0.00297129 -0.00362085 -0.0145444 0.0065813 0.155662 -0.00463105 0.00250809 -0.0024048 0.0106009 -0.00178248 0.0205453 -0.00227792 -6.01385e-06 -0.0143048 -0.0158476 -0.00701882 -0.00344998 -0.0104837 -0.00465805 0.00523951 -0.00901652 -0.00382653 -0.037611 -0.00642594 0.0320647 -0.00596616 0.00157382 -0.00932968 -0.011817 -0.00171542 -0.00317891 0.000422692 -0.0122761 -0.0280094 -0.00101084 -0.00227446 -0.00680465 -0.0191327 -0.0064406 0.0173872 -0.0138798 -0.00633819 0.0344501 -0.0125113 -0.00225785 0.00120067 -0.00112622 -0.00835487 -0.00731779 -0.00318177 -0.00366628 -0.00693348 -0.00683519 -0.000926482 -0.00260014 -0.0057777 -0.00502567 0.0208223 0.00106142 0.000654248 0.00274989 0.000295541 0.00693588 -0.0122998 0.00711263 0.00292733 0.00973932 -0.00539058 -0.00579746 -0.0155511 -0.00080527 -0.00321163 -0.00566247 0.00528673 -0.00510324 0.0173229 -0.00512447 -0.0070499 -0.00625975 -0.00394613 
-0.00807628 0.000295719 0.000298965 0.0320387 -0.00884271 -0.00122887 -0.038768 0.00549318 -0.0177501 0.0054633 0.00452504 0.00620715 -0.0357556 -0.00752501 -0.0223727 -0.0155659 -0.00237479 -0.00129618 0.00713275 -0.0170937 0.000351932 -0.00373791 0.00163132 -0.002017 -0.00463105 0.100093 0.0156084 -0.000826562 0.0016283 0.00201639 -0.0114625 -0.014656 -0.014343 -0.0277111 -0.00781261 -0.0320518 -0.00297058 0.00704866 -0.00294542 -0.00410152 -0.00464506 0.0157604 0.0422482 0.00304285 0.00921322 0.00536397 0.000865513 0.00451939 -0.000878933 -0.00207286 0.00354111 -0.000589509 0.0246633 -0.00441499 -0.000824565 0.00358926 0.0277436 0.0106702 -0.00378898 -0.00353778 0.0175438 -0.00400273 -0.00520594 0.0263883 -0.00451428 0.00505739 -0.00092604 0.0137937 0.00849905 -0.00129787 -0.00183832 0.00850216 -0.00985044 -0.00301761 0.00476323 0.00137258 -0.00234641 -0.00821701 -0.0132913 0.0114742 -0.00192748 -0.00703362 -0.0054516 -0.000327204 -0.0149068 -0.00385506 -0.00596953 -0.00340504 -0.0207803 0.00484965 -0.000610218 -0.00258958 -0.0113151 -0.0130602 0.00128517 0.0172689 0.00429902 0.000532931 0.00224766 0.00347749 
0.00349777 0.00461737 0.000368367 0.00327789 -0.0249913 -0.000180822 -0.0143675 0.0224496 -0.0356189 -0.00592917 -0.0052654 0.0312294 -0.046298 -0.0132538 -0.0108863 -0.00325612 0.00188693 0.017984 0.0156911 0.0131441 0.0092235 -0.01214 -0.00191909 0.00779663 0.00250809 0.0156084 0.176877 0.00333919 -0.00119975 -0.00138138 0.00807598 -0.0161719 0.00171234 -0.0534246 -0.0133825 -0.0554142 -0.00514065 -0.00108924 -0.00354835 0.0208443 -0.0191942 -0.00718415 0.0318606 -0.00627353 0.0607535 -0.00371899 -0.00406807 -0.00838382 -0.0110002 -0.00360025 0.000603794 -0.000785407 0.0442158 -0.00963793 0.00301344 -0.00938562 -0.016205 -0.00597598 -0.0129704 -0.0368123 7.12131e-06 0.00627009 0.0180921 0.0056776 -0.00782049 -0.0166782 0.000197021 -0.0131289 -0.00625498 -0.0040811 -0.00153265 -0.0140666 -0.00419936 0.0135828 0.0078577 -0.00568005 0.00834063 -0.00360019 -0.0172371 -0.00931002 -0.000157073 0.0133162 0.00120016 -0.00595168 -0.00494709 -0.00045724 0.0135284 -0.00587135 -0.0255192 0.00254979 -0.00127192 -0.0010268 -0.00103559 -0.00555322 0.00498819 -0.00329047 0.0207222 0.0195195 0.00525681 -0.00295966 
-0.00245651 -0.00115148 0.000390507 -0.00432925 0.00538631 -0.000159711 0.00666438 -0.00556054 -0.00508898 -0.00349475 -0.00157133 -0.0013622 0.00576358 -0.00164301 0.00662094 0.0106738 -0.000870233 0.00454845 -0.00416158 0.00868641 -0.000315776 -0.00208105 -1.28085e-05 -0.000189673 -0.0024048 -0.000826562 0.00333919 0.0273036 -0.00171078 -6.45736e-05 0.00142293 0.00354146 0.00134713 0.00452661 9.68841e-05 0.00350209 0.000296516 0.000432753 -0.000564653 -0.00252658 -0.00120651 0.000263784 -0.000731972 -0.000747494 -0.00558961 -8.41767e-06 -0.000628377 -0.00200993 -0.00268576 -0.000516417 -0.000647926 -2.25665e-05 0.000866169 0.0107247 -0.000580065 -0.00396057 -0.00426698 0.000701853 -0.00127555 -0.00615928 -0.00141132 -0.00235099 -0.00559806 -0.00285096 -0.00156518 -0.00311356 0.000235422 -0.00208574 -0.00198699 -0.000272171 -2.41549e-05 -0.000314071 0.0102095 -0.000335113 -0.000108795 -0.0010819 -0.00149886 -0.00183116 -0.00315923 -0.00305305 -0.000709511 0.000315441 -0.00132148 0.000200949 -0.0019941 0.000414903 -0.00355131 -0.000768151 -0.00147208 -0.00203373 0.00160449 0.00246663 0.00368774 0.00311057 -0.00216733 -0.00388933 -0.00560323 -0.000292385 0.00150151 -0.000819025 
0.0113857 0.00416941 -0.000836728 0.00610497 -0.00798258 -0.00035708 -0.00413922 0.033011 -0.0102165 -0.00342133 -0.000695554 0.0265063 0.0130079 -0.00723854 -0.00985626 -0.00126198 -0.00135911 0.00415358 -0.0064864 -0.00307891 0.0021592 0.00155207 -0.00639378 -0.00118402 0.0106009 0.0016283 -0.00119975 -0.00171078 0.0999443 -0.000683166 -0.00382264 0.00079329 -0.00306034 0.00286723 -0.00796789 -0.00486141 -0.00311413 -0.00541003 -0.000105024 -0.00864129 -0.00780359 0.010242 -0.00591768 0.00570325 0.0255431 -0.00576222 0.000647882 -0.0030583 -0.00639629 0.00229649 -0.00203813 6.23413e-05 -0.00622732 -0.0107581 -0.000750387 -0.0124209 -0.0117381 -0.0150087 -0.00331139 0.0237234 -0.00928054 -0.00914275 0.0153557 0.0359764 -0.00633393 -0.0137806 -3.02869e-05 -0.00584263 -0.00761344 -0.000647741 -0.000167803 -0.00714696 -0.00380709 -0.001132 -0.00338781 -0.00235977 -0.0049938 -0.00340553 -0.00709192 -0.0184526 -0.00146402 -0.00537098 -0.0054003 0.00472667 -0.0155526 -0.00303834 0.0125677 -0.000829512 -0.00578924 -0.0103405 -0.00156874 -0.00170767 0.00586424 -0.0066009 -0.00926388 -0.00665337 0.0183367 -0.00166687 0.000333918 -0.00312436 
-0.000574327 -0.000476802 -0.000344324 0.0030866 -0.000366126 0.00039977 -0.00710475 -0.00135422 -0.00313072 -0.00136859 -0.00140554 0.000992955 -0.00818379 0.00165707 -0.0033392 -0.00264649 0.00107357 0.000260599 -0.00162199 -0.000460272 0.00158163 -0.000704526 0.000492774 -0.00070969 -0.00178248 0.00201639 -0.00138138 -6.45736e-05 -0.000683166 0.0279743 -0.00149081 -0.00133868 -0.00161607 -0.0027646 0.000464739 -0.00609319 -0.000709563 -0.0019172 0.00238813 -0.000245812 -0.00118157 0.000350465 0.0020117 -0.00019557 -0.00173634 0.00162166 -0.000637636 0.000177389 0.000780202 -0.000443443 0.00113816 0.000510496 0.000330415 -0.00265122 0.00185811 0.00416818 0.00123761 0.00146293 -0.0017799 -0.0011095 0.000350688 0.000116379 -0.00674521 0.00173084 0.00172011 0.00441465 -0.000189431 0.00510581 0.00138863 0.00176308 -0.000528611 0.00313144 -0.00105204 -0.000946267 0.00214656 -0.000590503 -0.000240558 0.0027133 -0.00327341 0.001778 0.000638133 -0.00169226 -0.000594044 0.00328652 -8.91357e-05 0.000755158 -0.00170574 -0.000996889 -0.00313709 -0.000979259 -0.000382483 -0.000294384 -0.0017737 -0.00198101 0.00152006 -0.00274928 0.00106842 -0.00183206 0.00302972 0.000694033 
-0.0075429 -0.00253388 0.000645202 -0.0123002 0.012643 -0.000651136 0.0268766 -0.0169037 0.00603863 -0.0175133 -0.00464789 -0.0125776 -0.00147105 0.00975819 0.00890818 0.0052532 0.0012226 -0.00472912 -0.00554886 0.00196864 -0.00258185 -0.00196442 -0.0119302 -0.00841398 0.0205453 -0.0114625 0.00807598 0.00142293 -0.00382264 -0.00149081 0.128337 0.000311096 0.015652 0.00887229 -0.0099092 0.0216204 0.000767931 -0.011261 -0.00194818 0.022269 -0.0109052 -0.0196065 -0.035736 -0.00243479 -0.00823598 -0.00221652 -0.00148357 0.00313486 0.00775315 0.000115325 -0.00447643 -0.00174901 -0.0143708 -0.0117417 0.00146248 -0.000206721 -0.0142374 -0.013258 -0.00169281 -0.0199867 -0.00490971 0.0195957 0.00340599 -0.0307184 0.0055571 -0.00421691 0.00132012 -0.0115513 -0.00450483 -0.00396536 -0.00454621 -0.0100289 0.00199016 -0.00210679 -0.00179019 -0.00472163 -0.0018161 0.0217769 0.033039 -0.00571503 0.000460845 0.0210628 0.00740761 -0.0104767 0.0326334 0.00697825 -0.0109684 -0.00805197 -0.0176007 0.00954084 9.90553e-05 0.0015406 0.00107004 0.00945574 0.0007769 -0.00247556 -0.0346277 0.00167577 -0.00522039 0.00051446 
-0.000386802 -0.00789587 0.00110356 -0.0309928 0.0127609 -0.000136121 0.0379931 -0.0270322 0.00777196 -0.0147906 -0.00101945 -0.00362686 0.0397354 -0.00703181 0.0467068 0.0127867 -0.000525277 -0.00820015 -0.0187722 -0.000468513 -0.00577402 0.00754718 -0.00931961 0.0016913 -0.00227792 -0.014656 -0.0161719 0.00354146 0.00079329 -0.00133868 0.000311096 0.145082 0.00706119 0.0436371 0.00343812 0.0478807 -0.00487985 -0.0171405 -0.0037308 -0.0167529 0.0102951 -0.00835129 -0.0299198 0.00205434 -0.0161641 -0.0055822 0.007311 -0.00235054 -0.0108475 0.000856613 -0.00108965 -0.0011546 -0.0169424 0.0156222 -0.00515522 -0.0160325 -0.012903 -0.00454971 7.17124e-05 0.00170656 -0.0128961 -0.00252334 -0.020878 0.00791722 -0.00744826 -0.0168547 0.00136723 -0.0111386 -0.0120117 -0.00372461 0.00241115 -0.00468841 0.024004 -0.00752311 -0.0075504 -0.00169372 -0.00567359 -0.0117498 0.0299958 -0.0164379 -0.00300177 -0.00446988 -0.00735865 -0.00500577 -0.00585156 -0.00535425 -0.0127474 0.0047759 0.00247163 -0.0218908 -0.00211887 0.00226319 0.02193 0.0199917 -0.00751801 -0.00717815 -0.017773 0.00522832 0.0125052 -0.00559722 
-0.00506433 -0.00246795 -0.00187486 -0.0252774 0.00668983 0.00120558 0.023665 -0.00586777 0.0126071 -0.00811124 -0.00550865 -0.0118206 0.0136428 -0.00368127 0.0201248 0.0189578 -0.00298533 0.00776024 -0.0230901 0.0167525 -0.0036372 -0.0046741 -0.00118707 -0.00776562 -6.01385e-06 -0.014343 0.00171234 0.00134713 -0.00306034 -0.00161607 0.015652 0.00706119 0.125498 0.0270743 -0.0110397 0.0226993 -0.0013855 -0.012788 -0.00309216 0.00531843 -0.00722047 -0.0147028 -0.0177135 -0.00285275 -0.00456495 -0.00104003 -0.00216781 -0.00910372 -0.0118433 0.00380356 -0.00229026 -0.00238739 -0.00985154 0.0350238 -0.00223054 -0.0205145 -0.0286048 -0.0160927 0.00300078 -0.00310766 -0.0127351 0.0057298 -0.00349927 -0.0238142 -0.00880823 -0.00929914 0.000878327 -0.0158834 -0.0058893 -0.00346745 -0.00373895 -0.0122998 0.0215892 0.0107191 -0.00168105 -0.0058885 -0.00262429 0.00629231 0.0133713 -0.0174657 -0.00153121 0.0162014 0.00254871 -0.00234414 0.0206522 0.00224921 -0.0172026 -0.000151199 0.00209197 0.00968202 0.00242656 -0.00103317 0.0141104 0.00373649 -0.000303972 -0.0185446 -0.016654 0.0062462 -0.00241158 -0.00421772 
-0.012342 -0.0152293 -0.00263937 -0.035221 0.0481217 0.0026696 0.0897103 -0.0259478 0.00509299 -0.00618284 -0.0174593 -0.0148437 0.105219 0.0113416 0.0527341 0.0608718 -0.011419 -0.0145727 -0.0501752 0.0408993 -0.0149112 -0.00275637 0.00180772 -0.00242131 -0.0143048 -0.0277111 -0.0534246 0.00452661 0.00286723 -0.0027646 0.00887229 0.0436371 0.0270743 0.221354 0.0123973 0.128444 0.00550529 -0.0202776 -0.00999862 -0.0243621 0.0200136 -0.0273592 -0.0449772 -0.00840033 -0.0453554 -0.00223249 -0.00293252 -0.0201139 -0.0299123 0.00497482 -0.0046084 0.00260759 -0.0412762 0.0427589 -0.0059603 -0.0295475 -0.0387359 -0.000344719 -0.00338493 0.0232637 -0.0299849 -0.0158043 -0.00989818 -0.00666734 -0.0175453 -0.0297137 0.00305836 -0.0274637 -0.0267281 0.00327594 0.00203431 -0.0178534 0.0317185 -0.0101748 -0.0088758 0.0013525 -0.0188695 0.00402044 0.0238974 -0.0446557 -0.00807045 -0.00178986 -0.012888 0.0142974 0.0232307 -0.00568321 -0.00670728 0.00989176 0.0320628 -0.0404508 -0.00160187 0.00702426 0.0325857 0.0185004 -0.0211406 -0.0515326 -0.0607001 0.000371554 -0.00542728 -0.00975396 
-0.0149222 -0.00364983 0.000372069 -0.002258 0.00705534 0.0030443 0.0010184 -0.00299305 -0.0151748 0.0139806 -0.00148211 0.00137509 0.020126 0.00727226 -0.011701 0.000766549 0.00856158 -0.00396992 -0.00869254 -0.011246 -0.00635323 0.00215112 0.00841236 0.0134907 -0.0158476 -0.00781261 -0.0133825 9.68841e-05 -0.00796789 0.000464739 -0.0099092 0.00343812 -0.0110397 0.0123973 0.112818 0.00872149 0.00310718 0.0107742 -0.000658949 -0.00281231 0.00369664 0.00196691 -0.00306179 0.000471571 -0.0275629 -0.00188003 0.00094476 0.00225305 0.00116672 -5.59963e-05 0.00096062 0.000419723 -0.0013661 0.00942528 0.00205481 0.000492003 -0.0027673 0.0321513 0.00201753 -0.0218117 0.00175267 -0.0151201 -0.0124522 0.0043081 -0.00409119 -0.00823365 -0.000436732 0.00929801 -0.00991863 0.00917903 0.00700328 0.00741364 -0.0115351 -0.000429301 0.000324575 0.012672 -0.00258675 -0.00813144 -0.00750853 -0.00383445 -0.00257926 -0.00625727 -0.000502089 0.00842401 -0.00477783 -0.00463047 -0.0144359 -0.00270274 0.014968 -0.00433332 0.000713079 -0.00138754 -0.00621646 -0.00704583 -0.00205733 -0.0121906 0.000217319 -0.00820222 -0.00450691 0.00274391 
