0.0578833 0.00122326 -0.000395141 -0.00704466 -0.00219529 0.00912181 0.00754262 -0.00220126 -0.00976693 0.000590399 -0.00244813 -0.00155319 0.00647947 0.00159351 0.00321718 0.00435416 0.000151822 -0.000450037 0.0045149 0.00748884 -0.000770399 0.00168193 0.00305026 -0.00104211 0.000795885 0.00247161 -0.00346977 0.000444718 -0.00366549 -0.00242684 0.00386137 -0.014579 -0.015431 5.22008e-06 0.00659788 0.00152984 0.00483781 -0.000344596 0.00665995 -0.00629876 -0.00200989 -0.000273496 0.00130902 -0.00675682 0.00153469 -0.0122695 1.40488e-05 -8.70824e-05 -0.00227902 -0.00326116 -0.0013423 -0.000328298 -0.00322558 0.00110966 -0.00601817 -0.00349144 -0.00673906 -0.00171444 0.000555472 -0.00643082 0.00159291 -0.00623802 0.000609115 -0.00139162 0.000768767 -0.000999547 -0.0119171 0.00314914 -0.00253959 0.00315871 0.00976079 0.00384697 -0.0148952 0.00248197 -0.0171091 -0.0151662 -0.00204155 0.00738554 0.00248858 -0.000701852 -0.00411113 -0.00400694 0.00780711 -0.000510534 0.00633622 0.00140046 -0.000654158 -0.00119283 0.00903558 0.00364947 0.000370701 0.00325022 0.0152445 -0.000234671 -0.00347946 0.00152792 -0.00259585 7.20056e-05 -0.00150338 -0.00295888 
0.00122326 0.0552928 0.00352429 -0.00133573 -0.00107192 0.0074295 0.00520535 -0.00108799 -0.00174894 -0.00011146 0.00601995 -0.000312803 -0.00137566 0.000297808 0.00191274 0.00602014 0.000429205 0.00250277 -0.00123292 -0.00290612 -0.00519662 4.26357e-05 -0.00233109 0.000958668 0.00145983 0.00171609 0.00440274 0.00437005 0.00636892 0.010522 0.00535975 -0.0111127 -0.0111144 -0.00370774 -0.00113749 -0.00232253 0.00260862 -0.000994096 -0.000741932 -0.00563861 0.00225954 0.000689285 0.00263401 -0.00550595 0.00048906 -0.00586394 -0.00137931 0.000223083 0.0019989 -0.00296712 0.00110242 0.00147202 0.00169781 -0.000813426 -0.00917878 -0.000989583 -0.0133869 0.00224574 -0.000363727 -0.00816069 -0.00157522 -6.86589e-05 -0.0025395 -0.00178154 0.00361907 0.00179789 -0.00427756 -0.00301981 -0.00202264 0.000134335 -0.00230731 -0.00235452 -0.011166 -0.00496973 -0.0078384 0.00711013 -0.00249589 -0.00508475 -0.00102225 0.000978816 -0.00194226 -0.000635186 -0.00194461 0.000365381 -0.00507211 -0.00411047 0.00225488 -0.000558077 0.00367407 0.00152456 0.00230478 -0.00704586 0.00600049 5.37082e-05 -0.00246496 -0.00468979 -2.27455e-05 0.00585476 0.00300037 0.00394791 
-0.000395141 0.00352429 0.035334 0.000350855 0.000439204 0.00151348 -0.000341424 -0.00245299 0.00210322 0.00108841 0.0041387 -2.14907e-05 -0.000186805 -0.00155332 0.00531063 0.00529636 0.000147668 -0.000568859 -0.00166731 -0.00125949 -0.00129289 -0.00116295 -0.00202327 0.00120663 -0.00221784 0.00159292 0.00067649 0.000330758 -0.000707255 0.00886192 -0.000243249 -0.00437654 -0.00783079 -0.00680849 -0.00201696 -0.00112175 -0.000237544 -0.00078348 0.0016526 -0.00206571 0.00113766 -0.000579317 0.000839885 0.000382255 0.000131797 0.00248978 -0.00315611 0.000158274 0.00119138 -0.00162847 0.000467105 -0.000391961 -0.000558471 0.000611792 -0.00273843 0.00489704 -0.00804831 0.00251591 -0.000662608 -0.00499927 -0.000884203 0.00126967 -0.00159649 -0.0010225 -0.00193128 0.000675298 -3.59798e-05 -0.00192453 0.000203241 -0.00114902 -0.000369309 -0.00216384 -0.00144232 -0.00290933 -0.00475649 0.00664411 0.00200846 -0.000880176 -0.000732264 8.90991e-05 -0.00140584 0.0071716 -0.00253263 0.000183623 0.00208718 0.000929115 0.000420005 -0.000453018 -0.00246301 -1.07186e-05 -0.000898207 -0.00591854 -0.00252529 -0.000950567 -0.00219169 -0.00594927 0.00181694 0.00119562 -0.00022927 -0.00166072 
-0.00704466 -0.00133573 0.000350855 0.170556 0.00587501 -0.00263348 -0.0258622 0.00112848 0.0712708 -0.00208696 -0.001529 -0.00417323 -0.0064833 -0.00898439 -0.00611318 -0.0113736 -0.00806048 0.000782847 -0.00481589 -0.0108296 -0.00394078 -0.0180613 -0.0100088 -0.00949394 -0.00904755 -0.0161087 -0.0188527 0.00231269 -0.0274418 -0.00979332 -0.0225253 0.0302183 0.0232491 0.0175134 -0.0200442 -0.0171108 -0.00903143 -0.00313484 -0.0127496 -0.00384524 -0.00414628 -0.00687655 -0.00430949 0.00255881 -0.00322339 0.0273433 -0.0105536 -0.00228086 0.00230763 0.0218801 0.0046633 0.000542608 -0.00114548 -0.00489375 -0.00219349 -0.00630049 0.0229363 -0.00980539 -0.00226541 0.0323741 -0.00113274 -0.00728268 0.0158753 -0.0109403 -0.010253 0.0049886 0.0436942 0.00770371 -0.00216018 -0.00836055 -0.0172519 -0.0225364 0.0332111 -0.00174309 0.0361307 -0.0276389 0.00515081 -0.0158765 -0.00763345 0.00241348 -0.00465509 -0.0107748 -0.0260393 -0.000283977 0.0288779 -0.0144386 -0.00356038 0.00419677 -0.0251485 -0.000476816 -0.0148846 0.00389268 -0.000724361 -0.00408097 -0.00359015 0.0309231 -0.0201771 -0.00395911 -0.021059 0.00225038 
-0.00219529 -0.00107192 0.000439204 0.00587501 0.0472617 -0.00440517 -0.0107082 0.00621235 0.00838837 8.67305e-05 0.00417016 0.000940132 -0.000648993 -0.00161854 -0.00339927 -0.00810174 1.8305e-05 -0.000789297 -0.00302006 0.000514774 -0.00107603 -0.00284702 0.000488505 0.000481598 -0.00123483 0.000136168 -0.00888224 -0.000405388 -0.00315577 -0.00709233 -0.00727792 0.0101861 0.00818666 -0.00984322 -0.00644228 0.000752194 -0.00146398 -0.00106254 0.000227038 -0.000416499 -0.00129498 -0.00453446 -0.00232874 -0.00522175 0.000301073 0.00735173 2.10075e-05 -0.000260453 0.00152947 -0.000823578 -0.000601264 0.000595938 -0.000156059 -0.000730872 0.00334442 0.00101025 0.00337568 0.00114993 0.000752852 -0.00316451 0.00423095 -0.000767959 -0.00176109 -0.00100098 -0.000142563 -0.00238345 0.0116368 -0.00196954 0.000932818 -0.00175262 -0.00122059 -0.00332971 0.0132778 -0.00282404 0.00996441 -0.0106497 -0.00131488 0.000159595 -0.00114154 0.000672214 0.00165129 0.00270266 -7.12672e-05 -6.59583e-05 -0.00231007 -0.00363224 0.000487613 -0.0004779 -0.000961206 -0.000895433 0.000151498 -0.00277515 -0.00529827 0.000990897 0.00288275 0.00410266 -0.00146947 -0.00593221 -0.00507014 -0.00214811 
0.00912181 0.0074295 0.00151348 -0.00263348 -0.00440517 0.119284 0.0226491 -0.00960407 -0.00580739 -0.000663276 -0.00512166 -0.000940905 -0.00188989 0.00724181 -0.0046048 0.0170101 -0.00223032 0.00196746 0.00384331 0.000669893 -0.00243631 0.002423 0.00161422 -0.00245324 -0.000646526 0.00491268 0.0142478 0.00501325 -6.16791e-05 0.0307765 0.0233179 -0.0363531 -0.0234952 0.0246656 0.00554522 -0.0115603 -0.000476398 -0.00140364 -0.0021681 -0.0358617 -0.00153939 0.0118496 0.00927571 -0.00538017 0.00040333 -0.0295057 -0.0102585 -0.000805615 -0.00345784 -0.00472813 0.00732255 0.000729968 -0.00478214 0.0029681 -0.0153908 0.000701508 -0.0437773 -0.00565731 -0.00146502 -0.00396313 -0.00779817 0.00782318 -0.00358913 -0.0105291 0.0112468 -0.00126749 -0.0217295 -0.000907531 -0.00210116 0.00828007 0.00900519 0.00317226 -0.0416048 -0.00382096 -0.0372391 0.0249868 -0.00377192 -0.00135959 0.00311236 0.000126406 0.00243999 -0.00513296 -0.00652191 0.00324152 0.0257724 0.000419493 -0.000985269 -0.000188163 0.0262859 0.000222178 -0.00102243 -0.0233964 0.0103411 -0.00216915 -0.00331413 -0.00769164 -0.00614482 -0.00773196 0.0157787 -0.00320607 
0.00754262 0.00520535 -0.000341424 -0.0258622 -0.0107082 0.0226491 0.179951 -0.0373393 -0.0620808 -0.00249605 -0.0126321 -0.00332101 -0.00456631 0.00666585 0.0070887 0.057024 -0.00658791 0.00218393 0.0180747 0.00225934 -0.0191388 0.00377952 -0.00105039 -0.000143779 0.00251227 0.0221932 0.0574033 6.54914e-05 0.0207464 0.0524903 0.0571923 -0.0708497 -0.049077 0.0229554 0.0526947 0.0106372 -0.021499 -0.00591511 0.0171266 -0.0463565 -0.00791865 0.0142428 0.0111671 0.0256819 4.37894e-05 -0.031539 -0.00449641 -0.00311951 -0.0033846 -0.00576107 0.014912 -0.000922431 -0.0172857 -0.00722729 -0.0166184 -0.0152889 -0.0568039 -0.0113506 -0.00091723 -0.00673874 -0.00937377 -0.0238209 0.00243748 -0.00401943 0.00611349 -0.00432049 -0.0538974 -0.00986631 -0.00180194 0.00148946 -0.00871287 0.0138263 -0.0688492 0.007327 -0.0507503 0.0545115 -0.00552092 -0.013603 0.00287795 -0.00142502 -0.0137846 -0.0145409 0.0133528 -0.00180219 0.0137004 0.011027 -0.00864815 0.00666934 0.00317954 -0.00211159 -0.00719133 -0.0175191 0.033237 0.00118344 -0.01974 -0.0340374 0.0123104 0.0319418 0.0378819 -0.00288029 
-0.00220126 -0.00108799 -0.00245299 0.00112848 0.00621235 -0.00960407 -0.0373393 0.23963 0.0551148 -0.00147522 0.0020274 -0.00346449 -0.0118356 -0.0095793 -0.0110665 -0.0374863 -0.0146129 -0.0107249 -0.0236899 0.00773322 0.0228501 -0.0129041 0.0232041 -0.000901538 -0.0288425 -0.045067 -0.0439617 -0.00772937 -0.00634085 -0.042743 -0.0364659 0.0138267 0.0091249 0.0349195 -0.00782434 0.00274604 0.0250579 0.00947535 0.00187922 0.0462581 -0.00610223 -0.00397468 -0.0148299 -0.0218697 0.00137104 -0.00200135 -0.00517326 -0.00287892 -0.00469243 -0.00582519 -0.00499307 -0.000903913 0.0118058 0.00812691 0.0302522 0.0115472 0.11159 0.00497127 -0.000510152 0.0230255 -0.00815178 0.0123156 -0.0146709 0.00575296 -0.00685695 -0.00901109 0.0453186 -0.0101284 -0.014427 -0.0104967 0.0214275 -0.00996541 0.0246928 -0.0267952 0.00324869 -0.0175244 -0.0192936 0.0246179 0.0005106 -0.00146868 -0.0108236 -0.018328 -0.0380837 -0.00719088 -0.022623 -0.00998157 -0.0056639 -0.0205404 -0.0216557 -0.0111866 0.0105823 -0.00668717 -0.00560198 0.00287347 0.0326257 -0.0219081 -0.0306853 -0.0153314 -0.0168419 0.00723509 
-0.00976693 -0.00174894 0.00210322 0.0712708 0.00838837 -0.00580739 -0.0620808 0.0551148 0.229897 0.000945874 0.0163329 -0.00188787 -0.00478531 -0.0159152 -0.00770555 -0.0194295 -0.0136147 -0.0110374 -0.022267 -0.0126681 0.00874895 -0.0356745 0.00301328 -0.00902613 -0.0182605 -0.0442064 -0.0415927 -7.78688e-05 -0.0323565 -0.0269999 -0.0437916 0.0484643 0.0306511 -0.0013334 -0.0374656 -0.0140979 -0.0033657 0.00343238 -0.0131173 0.0343225 -0.0017946 -0.0341211 -0.0100289 0.00529342 -0.00215909 0.0276341 -0.00574288 -0.00305196 0.00607352 -0.00247924 -0.00145963 -0.000913655 -0.00326361 0.00965949 0.00290833 0.021426 0.0482492 0.00301009 -0.0039753 0.0332951 -0.000318326 0.0285307 -0.00210019 -0.0193976 -0.0163916 0.00188466 0.0665841 0.0118782 -0.00239506 -0.00893368 -0.00488789 -0.0252944 0.0461264 -0.0200682 0.0491254 -0.0156152 0.00532431 0.00406367 -0.0133758 0.00265972 0.00352278 -0.00252302 -0.0420445 -8.22454e-05 -0.00488119 -0.0118418 0.00237656 -0.00763404 -0.0308933 -0.00441064 -0.0089036 -0.00565839 -0.0152245 -0.0104785 0.0300855 0.0076094 -0.0179276 -0.016385 -0.0407701 -0.00249854 
0.000590399 -0.00011146 0.00108841 -0.00208696 8.67305e-05 -0.000663276 -0.00249605 -0.00147522 0.000945874 0.0216715 0.00396119 0.00236591 0.000932544 -0.000792858 0.00317838 -0.00237159 -9.93767e-06 -0.000896734 -1.28687e-05 0.000144735 0.00390904 -0.00146688 -0.00108946 -0.000708233 -0.00185082 -0.00184926 -0.00352248 -0.000665503 -0.00218348 -0.00207818 -0.00215063 -0.00184991 -0.00429239 -0.00216085 0.000533894 0.00446763 0.00104298 -6.78366e-05 0.000308067 -0.00486208 0.000158229 -0.00135731 -0.000568619 -0.00170864 0.00038747 -0.00392697 -0.00103209 0.000524216 -0.000772378 -0.00124166 -0.000716 -0.00041599 0.00093776 0.000844154 -0.000668894 0.00469269 -0.00141425 0.00599967 -5.05836e-05 0.000952011 -3.87085e-05 0.0078511 0.000326192 -8.07838e-05 0.000964609 -0.000664843 -0.00238309 -0.000389116 0.000470416 8.56867e-05 0.0018136 0.00101656 0.00264759 0.000242041 -0.00537291 -0.00242279 0.000592373 -0.00031255 -0.000551138 0.000151672 0.000620695 0.00228995 -0.00200146 0.000354542 -0.00110939 0.000781919 0.00293058 -0.000181789 -0.00215811 0.000316582 -0.000283833 -0.00302135 8.93805e-05 -0.000354544 8.93173e-05 -0.00355521 0.00013784 4.22409e-05 -0.00203028 -0.00103818 
-0.00244813 0.00601995 0.0041387 -0.001529 0.00417016 -0.00512166 -0.0126321 0.0020274 0.0163329 0.00396119 0.0597872 0.00178596 -0.00130607 -0.0021966 -0.00467102 -0.00358978 -0.000253001 -0.00198944 -0.00279185 -0.0018253 -0.00017268 -0.00705262 -0.00185814 -0.00188093 -0.00331997 -0.00689937 -0.00866061 -0.000552004 -0.00189567 -0.00171349 -0.00873393 0.00318524 -0.00396023 -0.0121072 -0.00871475 -0.00106233 0.00470466 -0.00128209 -0.00137682 0.00543163 0.00303721 -0.00386948 -0.00256994 -0.00265125 0.000408933 0.00528875 -0.00354007 0.000584151 0.00127615 -0.0022674 -0.00112931 0.000244326 0.00393868 0.00219412 -0.00577993 0.00958221 -0.00409427 0.0131379 0.000649584 -0.00658344 0.00126377 0.0143208 -0.00183811 0.00210545 -0.00200137 -0.000942322 0.00451521 -0.000838447 0.00177087 -0.00134591 0.00349144 -5.18521e-05 0.00364164 -0.000101894 -0.00170245 -0.00206607 -0.000714571 -0.00289227 -0.00248398 0.00153388 0.000762628 0.00885778 -0.0016834 0.000112872 -0.00548119 -0.00176725 0.0048411 -0.000812531 -0.00441713 -0.000264221 0.00606967 -0.0043828 -0.00638931 -0.00172501 0.00367416 -0.00573004 0.00289322 -0.0046423 -0.0100817 -0.0033034 
-0.00155319 -0.000312803 -2.14907e-05 -0.00417323 0.000940132 -0.000940905 -0.00332101 -0.00346449 -0.00188787 0.00236591 0.00178596 0.0348625 0.0020622 0.000757927 0.00137843 -0.000380054 0.00726246 0.000891569 0.00369445 0.00149173 -0.000366633 0.00543999 0.000596276 0.00211572 0.00516762 0.00107238 -0.00245972 0.00202572 -0.00197637 0.00076903 2.64647e-05 -0.00233641 -0.00662871 -0.00814638 -3.45229e-05 0.00471474 0.000374979 0.000197428 0.00448736 -0.00588756 0.00147174 -0.00230099 -0.000617573 -0.0015129 0.00193941 -0.00753587 0.00228788 -0.000207064 -0.00015839 -0.00233039 -0.0015921 0.00257576 0.00137579 0.000255241 -0.000457193 0.00260951 -0.00592424 0.00302906 7.56327e-05 -0.0119397 0.00347311 -0.00223968 -0.00204088 -0.00253851 -0.000784156 0.00054681 -0.00712387 0.00175723 -0.00240537 0.00231907 0.00302772 0.000427192 0.00153647 0.00356451 -0.0106551 -0.00770852 0.00011766 -0.00104484 0.000379185 -2.52611e-06 -0.00136826 0.00101247 0.00337412 0.0042544 -0.00299993 0.000295299 0.00530859 0.00021715 -0.00228724 0.000659254 -0.00151478 -0.00292959 -0.000632688 0.000871556 -0.00132007 -0.00219557 -0.00179484 -0.00223967 -0.0037855 0.00483655 
0.00647947 -0.00137566 -0.000186805 -0.0064833 -0.000648993 -0.00188989 -0.00456631 -0.0118356 -0.00478531 0.000932544 -0.00130607 0.0020622 0.0512138 0.00404193 0.00114821 0.00450159 0.00458793 0.000217944 0.00352566 6.36709e-05 0.000644958 0.0059183 0.000729443 -0.0011546 0.00432811 -0.00328664 0.00278114 -0.000622202 -0.000643342 0.00241048 0.0032226 -0.00177329 -0.00898875 -0.00910941 -0.00343734 -0.00142074 -0.00425235 -0.000327008 0.00628851 -0.0122695 -0.000248483 -0.00234121 -0.00150129 -0.000128219 0.000443554 -0.00558869 -0.00113365 0.00189872 0.00136536 -0.00356833 -0.00120184 -0.000316231 -0.00223175 -0.00101897 -0.00264298 -0.00247205 -0.00944015 -0.00297581 0.0017713 -0.00780465 0.00321886 -0.00611586 -0.00320041 -0.00438149 -0.00168992 0.00236354 -0.0076764 0.00106478 -0.00023123 0.0083427 0.000737726 0.00523812 0.00178959 0.00310523 -0.00796594 -0.00801545 0.00440058 0.0017498 0.00430978 0.000770776 0.00212827 0.00397817 0.00387315 0.000877724 0.00202551 -0.00274032 -0.000860777 0.00287533 0.00313633 0.000991109 -0.00362444 -0.000951183 -0.00230141 0.000778961 -0.00267646 0.00287875 0.00443448 -0.00159739 0.00167768 0.00168171 
0.00159351 0.000297808 -0.00155332 -0.00898439 -0.00161854 0.00724181 0.00666585 -0.0095793 -0.0159152 -0.000792858 -0.0021966 0.000757927 0.00404193 0.0736492 0.00517176 0.00585498 0.00104454 -0.000257871 0.00666315 0.00609021 0.00136319 0.0182097 0.00267331 -0.00116467 0.0038629 -0.0024156 -0.00298193 0.000356558 -0.00538522 -0.00508465 0.00788815 -0.0142355 -0.0185293 0.00935311 0.0167433 -0.00484168 0.00280909 0.00127687 0.0110933 -0.0113164 -0.00054166 0.0107157 -0.000176253 -0.00266474 0.00176739 -0.0146426 -0.0031946 0.000968096 -0.0022399 -0.00324888 -0.00621108 0.00345764 -0.00166315 0.000465103 -0.00678991 -0.00430857 -0.0171299 -0.0027711 -0.000622251 -0.020117 -0.000692326 -0.00464403 -0.0016644 -0.00243714 -0.00120449 0.00481528 -0.0102653 -0.00425741 -0.00501495 0.0104876 0.00700362 0.0110027 -0.016823 0.0200874 -0.0203753 -0.00759777 -0.00250001 -0.00276953 0.00376788 -0.000168941 -0.00318607 0.00309547 -0.00225267 0.000110663 0.0194501 0.00160258 -0.00196799 -0.00397548 2.91007e-06 0.00109355 0.00157365 -0.00975665 -0.000694832 -0.000496857 -0.00250978 0.0069163 -0.000759825 -6.5929e-05 -0.00611056 0.00228015 
0.00321718 0.00191274 0.00531063 -0.00611318 -0.00339927 -0.0046048 0.0070887 -0.0110665 -0.00770555 0.00317838 -0.00467102 0.00137843 0.00114821 0.00517176 0.131069 -0.0102042 0.00467986 0.00145399 -0.00998922 0.0204425 0.00591705 0.0202877 0.00143884 0.000250218 -0.00385977 -0.0111631 -0.0222431 -0.00475893 -0.00703451 -0.0101324 -3.31207e-05 0.00122221 -0.0108486 0.00657545 0.0248387 0.0222248 -0.0027152 -0.00336253 0.0171023 -0.0236177 0.000986136 -0.00523791 0.00418765 0.000521137 0.000183603 -0.0302974 0.000754692 0.000913259 -0.00382748 -0.0117093 -0.0126553 0.00166365 0.00216145 0.000999914 0.00760298 -0.0039581 -0.00929124 -0.00364093 -0.00164438 -0.00335129 0.00115382 -0.00160474 -0.00566216 -0.00573097 -0.000765427 0.00692089 -0.0125451 -0.00918094 -0.00202771 -0.00274816 0.00398674 0.0210883 0.0101619 -0.00716411 -0.00279886 -0.00711641 -0.000181344 -0.0025497 0.00151435 0.00174195 -0.00124859 0.00483147 0.0139734 -0.00115554 0.00402567 0.00416905 -0.00472685 -0.00443979 -0.0150244 0.00585755 -0.00680067 -0.0204844 -0.00437314 -0.00376021 -0.0124445 -0.0128665 -0.00503974 0.0128895 -0.0021999 -0.000421814 
0.00435416 0.00602014 0.00529636 -0.0113736 -0.00810174 0.0170101 0.057024 -0.0374863 -0.0194295 -0.00237159 -0.00358978 -0.000380054 0.00450159 0.00585498 -0.0102042 0.156449 -0.00151527 -0.00172529 0.0299279 -0.00957499 -0.0118549 -0.00383322 -0.00486925 0.00263904 -0.00113434 -0.000776022 0.072477 0.00508473 0.0157339 0.0528263 0.0292599 -0.0685379 -0.0742536 0.0121715 0.0128378 -0.00261091 -0.0134267 -0.00654963 0.00766775 -0.0225167 -0.000906233 0.00548221 0.00325988 0.024279 -0.0011049 -0.00303571 -0.00294059 -0.0011712 0.00307265 -0.0111484 0.0169288 -0.00306667 -0.0111849 -0.00541398 -0.0240962 -0.00866368 -0.0546783 -0.00709141 -0.00129618 -0.024301 -0.0114151 -0.0165017 0.00974143 -0.00135361 -0.00913699 0.00403409 -0.0383149 -0.0159378 -0.00574936 0.0115643 -0.00947944 -0.00773758 -0.0636735 0.0189799 -0.061083 0.0541284 0.00784384 -0.0165643 -0.00550415 -0.000375555 -0.0118659 -0.00737909 -0.00042404 0.00169666 0.0355513 0.0174306 -0.00885546 0.00462493 -0.0015981 -0.00245497 -0.00280823 -0.00703303 0.0183622 0.000895658 -0.015757 -0.0147565 0.0257121 0.0292047 0.0249014 -0.00285598 
0.000151822 0.000429205 0.000147668 -0.00806048 1.8305e-05 -0.00223032 -0.00658791 -0.0146129 -0.0136147 -9.93767e-06 -0.000253001 0.00726246 0.00458793 0.00104454 0.00467986 -0.00151527 0.0554737 0.00283102 0.00163661 0.00276803 0.00105418 0.0151154 -0.00226057 -0.00106053 0.00858643 0.00295542 -0.00201231 0.00133452 0.00179001 -0.00170037 -0.00282018 0.00527875 -0.0101261 -0.0030814 -0.0022028 0.00448723 0.00321165 -0.00029914 0.00461202 -0.0122315 0.00612972 0.000841519 0.000679156 -0.00104579 0.000641326 -0.00831189 -0.00452332 -0.000336939 -0.00130578 0.000426694 -0.00273879 0.000250895 -0.000916342 0.00146001 0.000109473 0.00080523 -0.0128615 -0.0020469 0.000850079 -0.0142785 0.00236041 -0.00484374 -0.00092062 -0.00251039 -0.00254291 0.00436835 -0.013802 -0.000628519 -0.00263358 0.00231031 0.00311699 0.000794823 0.00155975 0.0112436 -0.00711792 -0.00917875 -0.00142584 0.00383375 0.000821492 -0.00011027 0.00129225 0.00655523 0.00523539 0.00256296 -0.00467153 -0.00191422 0.00312976 -0.00240552 -0.00205807 0.000317087 -0.00305079 0.00616548 -0.00518295 0.000631945 -0.00428405 0.0107149 -0.00258496 0.0023337 -0.00573995 -0.000347153 
-0.000450037 0.00250277 -0.000568859 0.000782847 -0.000789297 0.00196746 0.00218393 -0.0107249 -0.0110374 -0.000896734 -0.00198944 0.000891569 0.000217944 -0.000257871 0.00145399 -0.00172529 0.00283102 0.0500278 -7.79976e-05 0.00169787 -0.00366101 0.0142104 -0.000188795 0.00155236 0.0022496 0.0028241 0.000256814 0.00423561 -0.000582417 0.00431391 0.00132641 -0.00414783 0.0024505 -0.00349819 -0.000974114 -0.00623737 0.00509894 0.00137596 0.00217537 -0.00454966 0.00225247 -0.000815969 0.00131796 -0.00090049 -0.000423464 -0.00247936 -0.00205402 0.00146313 -0.001064 -0.00183448 -0.00240144 0.00189867 0.00397831 -0.000614263 -0.00737542 -0.00374685 -0.0102729 -0.00300723 -0.000673508 -0.00779901 -0.000482638 -0.00934518 0.00211727 -0.0027317 -0.00222166 0.00193405 -0.0117917 -0.00222388 -0.00149316 0.00398873 0.00354331 -0.00173449 -0.00486265 -0.000512464 -0.00460172 -0.00689589 -0.00272301 -0.00261172 0.00119394 0.000407318 -0.000267275 -0.00357906 0.0108688 9.28345e-05 0.00139937 0.00285535 0.000752624 0.000604799 0.00200979 0.00250325 -0.00126581 0.00140712 -0.00219795 0.00132064 -0.00189899 0.00688912 -0.00148625 2.00206e-05 -0.00225508 0.00355586 
0.0045149 -0.00123292 -0.00166731 -0.00481589 -0.00302006 0.00384331 0.0180747 -0.0236899 -0.022267 -1.28687e-05 -0.00279185 0.00369445 0.00352566 0.00666315 -0.00998922 0.0299279 0.00163661 -7.79976e-05 0.0760808 -0.00393161 -0.00287525 0.00556264 -0.00313022 0.00319904 0.00864285 -0.000177886 0.0185384 -0.000752561 0.000514897 0.0139318 0.0111796 -0.0293768 -0.0267617 9.94442e-05 0.0138376 -0.00434557 -0.00374625 -0.0025038 0.00376271 -0.016006 -6.45685e-05 0.0103724 0.000933396 0.00488945 0.00107143 0.00116107 -0.0077631 -0.000487831 0.00018241 -0.00251103 0.00528043 -0.00167266 -0.00552709 -0.00309013 -0.00863539 -0.0043937 -0.022313 -0.00389103 0.00149763 -0.0139485 -0.000615591 -0.0139926 0.0115966 -0.0024436 -0.000920507 -0.000898271 -0.0179566 -0.00424038 -0.00342621 0.00958857 -0.00577173 0.000760096 -0.0224925 0.0138375 -0.033798 0.000870372 -0.00194742 -0.00567688 0.000551527 0.000289172 -0.00453941 -0.00174881 -0.00471478 0.00485466 0.0170075 0.00523086 -0.00116045 0.00531406 0.00960128 -0.00115736 0.00112924 -0.00148073 0.0126939 0.00240121 -0.00670801 0.000624602 0.0139207 0.0110494 0.00131799 -0.0020974 
0.00748884 -0.00290612 -0.00125949 -0.0108296 0.000514774 0.000669893 0.00225934 0.00773322 -0.0126681 0.000144735 -0.0018253 0.00149173 6.36709e-05 0.00609021 0.0204425 -0.00957499 0.00276803 0.00169787 -0.00393161 0.0766986 0.0078941 0.0163594 0.00835268 -0.00286834 -0.00569857 -0.00854071 -0.0132913 -0.0027343 -0.00579308 -0.00946268 -0.00137444 -0.0155578 -0.0248564 0.00628002 0.0256891 -0.00278469 0.00491715 -0.00233818 0.0212957 -0.0193369 -0.000731625 -0.000802396 0.00630984 -0.00397425 0.00737775 -0.0204193 0.00717786 0.000217078 -0.00362042 -0.00686832 -0.00714117 0.0034499 -0.00151211 0.00226889 0.00295395 9.28513e-05 0.0045853 0.000144374 -0.000659238 -0.0221362 -0.00240209 0.000298147 -0.005925 -0.0033431 -0.00273701 -0.00102385 -0.0150428 -0.00801771 -0.00255493 5.76373e-05 0.0352969 0.00763535 -0.0120508 0.00451744 -0.0231135 -0.00539391 -0.00387263 0.0115976 0.0111664 -4.94383e-05 -0.00297726 -0.00226211 0.00978833 -0.00170976 0.0108416 0.0143869 -0.00129083 -0.00224223 -0.00747834 -0.000192232 0.00312561 -0.0130701 0.00072566 0.00361578 -0.000711918 -0.00285659 -0.00799118 0.00301337 -0.0112914 -0.00439788 
-0.000770399 -0.00519662 -0.00129289 -0.00394078 -0.00107603 -0.00243631 -0.0191388 0.0228501 0.00874895 0.00390904 -0.00017268 -0.000366633 0.000644958 0.00136319 0.00591705 -0.0118549 0.00105418 -0.00366101 -0.00287525 0.0078941 0.105298 0.00597695 0.00156947 -0.00352779 -0.00512172 -0.0184024 -0.0192958 -0.00222212 -0.0106054 -0.0147272 -0.0144719 -0.00590934 -0.0208802 0.0206295 0.00379264 -0.00475738 0.0132495 -0.00100423 0.00820021 -0.0081956 -0.00413838 0.00553538 -0.00375039 -0.00682381 0.00170128 -0.00152788 -0.00242497 0.00134386 -0.0043048 -0.0030613 -0.00450758 0.004045 0.00602665 0.00624428 0.000154108 0.00713614 0.0266076 -0.00116343 -0.00227903 0.0176504 -0.00532111 0.011705 0.0047836 -0.000381518 -0.00134515 -0.00228011 -0.00492436 -0.00639986 -0.00411623 -0.00225632 0.0288758 -0.00689406 0.0126347 -0.00413848 -0.0192392 -0.00901664 -0.000625683 0.00882343 2.06587e-05 0.00215006 0.0017155 -0.00603067 -0.00790595 -0.00141022 0.00430702 0.00761981 -0.00119111 -0.00426721 -0.010829 0.000515786 -0.000990608 -0.0141207 -0.0138044 0.00398757 0.00417398 -0.0152991 -0.00447873 -0.00377926 -0.00686655 -0.00505824 
0.00168193 4.26357e-05 -0.00116295 -0.0180613 -0.00284702 0.002423 0.00377952 -0.0129041 -0.0356745 -0.00146688 -0.00705262 0.00543999 0.0059183 0.0182097 0.0202877 -0.00383322 0.0151154 0.0142104 0.00556264 0.0163594 0.00597695 0.156334 0.00253551 -0.00174868 0.0120591 0.00437193 -0.0173188 0.000855805 0.000568518 -0.00483279 -0.00247528 -0.0141752 -0.0306898 -0.0151792 0.0169494 0.001895 9.92566e-05 -0.0037736 0.0116692 -0.0424444 0.0067592 0.0114108 0.00322752 0.00116365 0.00176471 -0.0329285 0.00269574 0.00156467 -0.00488915 -0.01052 -0.0173143 0.00728528 0.00320711 -0.00150749 -0.00505785 -0.00681546 -0.0161891 -0.011223 0.00192829 -0.0152072 0.00848015 -0.025142 -0.00279757 -0.0103737 -0.0016612 0.00469652 -0.0369004 -0.00407433 -0.00749825 0.0201524 0.0266521 0.00548185 -0.00277359 0.00654956 -0.0188129 -0.019516 -0.00954826 0.0202569 0.0125143 -0.00103572 0.000605283 0.000160426 0.0137546 0.000312147 0.00358617 0.00275192 -0.00554313 -0.00553341 -0.00773944 0.00628196 -0.00743839 -0.00304551 -0.0146624 0.00901997 -0.0109272 0.00969985 -0.00507063 0.0106977 0.00299202 0.00938801 
0.00305026 -0.00233109 -0.00202327 -0.0100088 0.000488505 0.00161422 -0.00105039 0.0232041 0.00301328 -0.00108946 -0.00185814 0.000596276 0.000729443 0.00267331 0.00143884 -0.00486925 -0.00226057 -0.000188795 -0.00313022 0.00835268 0.00156947 0.00253551 0.0770725 -0.000816223 -0.00546273 -0.00264674 0.00438412 -0.00161167 0.00427062 -0.00100982 -0.00261374 -0.0195256 -0.00848291 0.00667788 0.0137674 -0.0134164 -7.88661e-05 0.00217261 0.00450258 -0.000433936 -0.000348555 0.0028997 -0.00324806 -0.00653833 0.000357188 -0.00486187 -0.00376852 -0.000789049 0.00181525 -0.00644401 -0.000657061 0.00121436 0.000533468 0.00159818 -0.00268034 0.00103403 0.00935834 -0.00265532 0.00258612 -0.0154182 -0.00404359 -0.000251381 -0.00462843 -0.00489539 -0.00159798 0.0012271 0.00419839 -0.00163799 -0.00382901 0.00257793 0.00797349 0.00310554 -0.01466 0.000230864 -0.0122522 0.00458749 -0.00294438 0.00360804 0.0036944 -0.000354 -0.00454307 -0.00404209 -0.00993081 -0.000774688 -0.00691185 -0.00187183 -0.00389508 -0.00353854 0.000748608 -0.00246472 0.00225594 -0.00823969 -0.00298401 0.00056992 0.00842009 0.000382883 -0.00084935 0.000882544 -0.00425106 0.00973568 
-0.00104211 0.000958668 0.00120663 -0.00949394 0.000481598 -0.00245324 -0.000143779 -0.000901538 -0.00902613 -0.000708233 -0.00188093 0.00211572 -0.0011546 -0.00116467 0.000250218 0.00263904 -0.00106053 0.00155236 0.00319904 -0.00286834 -0.00352779 -0.00174868 -0.000816223 0.0659338 0.0106196 0.0120084 0.0115862 0.00166703 0.006506 -0.000932359 0.00600261 -0.0132945 -0.00512453 -0.0150306 -0.00801762 0.00596499 -0.00319821 0.00263856 -0.0015046 -0.00264581 0.000477376 0.00133647 0.00272117 -0.00541683 0.000433205 0.0209716 0.010552 0.00110737 0.00410222 -0.00250504 0.00985179 0.000945564 0.000265095 -0.00138042 0.00336899 -0.00402595 -0.00428919 -0.00246004 0.000435474 -0.00462262 -0.00224945 -0.0113336 0.0042151 -0.00113342 -0.00453134 -0.00338426 -0.00731301 -0.00541424 -0.00453504 -0.00161475 -0.0082129 -0.00143636 -0.00180054 -0.00553535 -0.00667309 -0.00698746 -0.0013937 -0.00549016 -0.000899196 -0.000798485 -0.00160233 -0.00323432 -0.000827575 0.000626276 -0.00742179 -0.000802193 -2.13099e-05 0.00061571 0.0109436 -0.000970703 2.80717e-05 0.0116494 -0.000354581 -0.000166042 -0.00298798 -0.00630988 0.00510887 -0.00669376 -0.00184293 0.00132513 
0.000795885 0.00145983 -0.00221784 -0.00904755 -0.00123483 -0.000646526 0.00251227 -0.0288425 -0.0182605 -0.00185082 -0.00331997 0.00516762 0.00432811 0.0038629 -0.00385977 -0.00113434 0.00858643 0.0022496 0.00864285 -0.00569857 -0.00512172 0.0120591 -0.00546273 0.0106196 0.0976766 0.0133802 0.00880883 0.00339987 0.0172651 -0.00252572 0.0120725 0.00478095 -0.000708192 -0.0328989 -0.00559245 0.00520568 -0.00697106 -0.0013114 -0.00148328 -0.0163511 0.0046125 -0.00595698 0.000403638 -0.000267179 0.00144995 0.00985667 0.0135332 0.000325379 0.00339887 -0.000617493 -0.00511246 0.00238897 -0.00237041 -0.00463461 -0.00559382 -0.0072616 -0.0186313 -0.00639762 0.00176726 -0.0202184 0.00646305 -0.0207135 -0.00199726 -0.00495929 -0.00594171 -0.00170155 -0.0254447 0.00263917 -0.00494784 0.00358644 -0.0105244 -0.000753737 0.00837022 0.00370771 0.0135061 -0.0187216 -0.000144729 -0.00724005 -0.00295182 -0.00154021 0.000388172 0.00240417 0.0147597 0.00313455 -0.011674 -0.00512644 0.000182909 -0.0061813 0.0176055 -0.000561133 -0.00326798 0.0277389 -0.00988393 -0.00186118 -0.00916623 0.0206111 0.00816251 -0.00707592 -0.00305016 0.00316161 
0.00247161 0.00171609 0.00159292 -0.0161087 0.000136168 0.00491268 0.0221932 -0.045067 -0.0442064 -0.00184926 -0.00689937 0.00107238 -0.00328664 -0.0024156 -0.0111631 -0.000776022 0.00295542 0.0028241 -0.000177886 -0.00854071 -0.0184024 0.00437193 -0.00264674 0.0120084 0.0133802 0.142248 0.0209094 0.0035798 0.011216 0.011271 0.0288093 -0.0247433 0.0110349 -0.0211419 -0.0085845 -0.000561046 -0.0136418 -0.00315391 -0.0120733 -0.00960614 0.00443996 0.0111067 0.00169634 0.000418661 -0.00159685 0.0178991 -0.00846349 -0.000916665 0.00801994 0.0032264 0.00713506 -0.000101742 -0.0105856 -0.00532231 -0.00915716 -0.011247 -0.0358909 -0.00567807 -0.00127084 -0.0149764 0.0107066 -0.0220535 -0.000656866 -0.000591662 0.0115699 0.000750096 -0.0220226 0.00132019 0.00186816 0.00205922 -0.0198643 0.00370038 -0.0249807 -0.00418575 0.0144702 0.0136961 0.000646723 -0.0168729 -0.0024978 -0.00197536 -0.00435092 -0.0074404 0.0276075 -0.00284611 -0.0152786 -0.0185566 -0.00171945 0.00754827 0.0220597 -0.000748761 0.00789591 0.0102698 0.0130922 -0.00315309 -0.0150103 0.0201757 0.00515356 -0.0104699 0.0297782 -0.00148662 
-0.00346977 0.00440274 0.00067649 -0.0188527 -0.00888224 0.0142478 0.0574033 -0.0439617 -0.0415927 -0.00352248 -0.00866061 -0.00245972 0.00278114 -0.00298193 -0.0222431 0.072477 -0.00201231 0.000256814 0.0185384 -0.0132913 -0.0192958 -0.0173188 0.00438412 0.0115862 0.00880883 0.0209094 0.173558 0.00467962 0.0401713 0.0720243 0.042802 -0.0653964 -0.0431038 0.00176843 0.00970692 -0.0214977 -0.0176672 -0.00465428 0.00382464 -0.0220783 0.000850518 0.00695936 0.00537209 0.0277957 -0.00289445 0.00619995 0.00127458 -0.00255032 0.00477383 -0.00112209 0.0399517 -0.000911311 -0.0113579 -0.00750166 -0.0255078 -0.0104848 -0.0651608 -0.0123392 0.00168478 -0.033109 -0.00873593 -0.0162323 0.00348385 -0.00375901 -0.00306671 -0.000623242 -0.0554329 -0.00057236 -0.00879925 -0.00147268 -0.022736 -0.0145366 -0.0659667 0.00767033 -0.0418641 0.0602966 0.00456103 -0.0231249 -0.00209734 0.000837852 -0.0077652 -0.00926804 0.00462202 -0.000608554 0.00320915 0.0103929 -0.00850058 0.0166552 0.0260867 -0.00582442 0.00523976 0.00066499 0.0118648 0.000500276 -0.0155923 -0.0169308 0.0288104 0.0147024 0.0276221 0.00230162 
0.000444718 0.00437005 0.000330758 0.00231269 -0.000405388 0.00501325 6.54914e-05 -0.00772937 -7.78688e-05 -0.000665503 -0.000552004 0.00202572 -0.000622202 0.000356558 -0.00475893 0.00508473 0.00133452 0.00423561 -0.000752561 -0.0027343 -0.00222212 0.000855805 -0.00161167 0.00166703 0.00339987 0.0035798 0.00467962 0.0450557 0.00716418 0.000768766 0.00177445 -0.00328654 -0.00678245 -0.00349163 -0.00392308 -0.00301552 -0.00202862 0.000628818 -0.00231095 -0.00982176 0.00466608 -0.00492384 0.00147065 -0.00211073 0.000331042 -0.00294593 -0.000175895 0.000376112 -0.00133436 0.00198122 0.00288573 0.00632186 0.00113003 -0.000795784 -0.0041555 -0.00156228 -0.00951151 -0.000978055 0.000131366 -0.00312653 -0.000766604 -0.00475115 0.00121719 -0.00102726 -0.00262291 0.00080016 -0.00696471 0.00394174 -0.00312817 0.000738436 -0.0015775 -0.00407254 -0.00644966 -0.00215302 -0.000888604 -0.00510769 0.00188289 -0.00417565 -0.00105166 0.000583791 0.00295076 -0.0021836 0.00202204 0.00297504 -0.000149901 0.00493118 -0.000685083 -0.000122311 -0.000569729 0.00252016 -0.00118572 0.00285752 -0.00289841 0.00227284 -0.00340786 0.00154365 -0.000216485 -0.00144273 -0.00237096 0.00270315 
-0.00366549 0.00636892 -0.000707255 -0.0274418 -0.00315577 -6.16791e-05 0.0207464 -0.00634085 -0.0323565 -0.00218348 -0.00189567 -0.00197637 -0.000643342 -0.00538522 -0.00703451 0.0157339 0.00179001 -0.000582417 0.000514897 -0.00579308 -0.0106054 0.000568518 0.00427062 0.006506 0.0172651 0.011216 0.0401713 0.00716418 0.118263 0.0244608 0.0103727 -0.0171801 0.00264696 -0.0180344 -0.00105653 -0.0203896 -0.00167953 0.000417053 -0.00332469 -0.00465431 0.00656107 -0.00506424 0.000199738 0.0132621 -0.000457191 -0.00132226 0.00584678 -0.000174091 0.00150194 -0.00369071 0.00916655 0.000863328 0.00169941 -0.00542667 0.00326706 -0.00802391 -0.00974583 -0.00294295 0.00321527 -0.037811 -0.00666786 -0.0193934 -0.00649633 0.0120319 -0.00132754 -0.0037831 -0.0316017 -0.00214948 -0.00720835 -0.00202636 -0.00979231 -0.00849816 -0.0160461 -0.00333949 0.00405097 0.0117424 -0.00391151 -0.00527325 -0.000956982 -0.000759573 -0.0059343 -0.00339827 0.00257827 -0.00326897 -0.0177087 -0.00250526 -0.00601942 -0.0057694 0.0183856 -0.00289611 0.0104341 0.0184082 -0.0126535 0.000638561 -0.00407082 -0.00458372 0.0163388 0.00261385 0.008742 0.00882234 
-0.00242684 0.010522 0.00886192 -0.00979332 -0.00709233 0.0307765 0.0524903 -0.042743 -0.0269999 -0.00207818 -0.00171349 0.00076903 0.00241048 -0.00508465 -0.0101324 0.0528263 -0.00170037 0.00431391 0.0139318 -0.00946268 -0.0147272 -0.00483279 -0.00100982 -0.000932359 -0.00252572 0.011271 0.0720243 0.000768766 0.0244608 0.153317 0.0395472 -0.0539219 -0.0416737 0.0111572 0.00111161 -0.0185268 -0.0119484 -0.00632996 0.0048805 -0.0233645 0.000816792 -0.00622839 0.0104124 0.0297366 -0.00174593 -0.0223721 -0.00611504 -0.00224267 0.00202818 -0.00746181 0.0227114 -0.000753758 -0.00669234 -0.00166104 -0.0253349 -0.0030079 -0.0710816 -0.00439031 6.20583e-05 -0.0245493 -0.00925835 -0.00405033 -0.00485629 -0.00712919 -0.00171714 0.000296193 -0.036674 -0.00780567 0.00429849 0.0024633 -0.0016367 -0.00799853 -0.0598964 -0.00261977 -0.0445446 0.0619821 0.000754306 -0.0121056 -0.00152002 0.00314288 -0.0144196 -0.00575181 0.00392958 -0.00132884 0.0168535 0.00541808 0.00459464 0.0174319 0.0163712 -0.00314485 -0.00283321 -0.0278049 0.0111478 -0.000675 -0.010552 -0.027049 0.0162511 0.0106343 0.0456112 -0.00435892 
0.00386137 0.00535975 -0.000243249 -0.0225253 -0.00727792 0.0233179 0.0571923 -0.0364659 -0.0437916 -0.00215063 -0.00873393 2.64647e-05 0.0032226 0.00788815 -3.31207e-05 0.0292599 -0.00282018 0.00132641 0.0111796 -0.00137444 -0.0144719 -0.00247528 -0.00261374 0.00600261 0.0120725 0.0288093 0.042802 0.00177445 0.0103727 0.0395472 0.140406 -0.0487021 -0.027832 0.0160442 0.0229624 0.0155236 -0.0122831 -0.00133623 0.0104357 -0.033828 -0.00492414 0.00447233 0.0150982 0.00526442 -0.00119136 -0.013079 0.00350254 0.000779527 -0.00201076 0.000986866 0.0198597 0.00118614 -0.0137529 -0.00692257 -0.0180232 -0.00960489 -0.046019 -0.0082008 -0.00170782 -0.0200622 -0.00397521 -0.0108495 0.000785608 -0.00576908 -0.0019368 0.000998198 -0.0386896 -0.00731137 -0.00701639 0.00477929 -0.0191636 0.0336621 -0.0455039 -0.00278273 -0.0423613 0.0395034 -0.00557299 -0.0203256 -0.00354435 -0.00167543 -0.00470158 -0.00874376 0.00274721 0.000118805 0.0266622 -0.00437563 -0.00585042 0.00831831 0.0125266 -0.00415103 -0.004376 -0.022488 0.0117423 -0.00368061 -0.0145648 -0.0144117 0.00268184 -0.00967286 0.0504423 -0.00755365 
-0.014579 -0.0111127 -0.00437654 0.0302183 0.0101861 -0.0363531 -0.0708497 0.0138267 0.0484643 -0.00184991 0.00318524 -0.00233641 -0.00177329 -0.0142355 0.00122221 -0.0685379 0.00527875 -0.00414783 -0.0293768 -0.0155578 -0.00590934 -0.0141752 -0.0195256 -0.0132945 0.00478095 -0.0247433 -0.0653964 -0.00328654 -0.0171801 -0.0539219 -0.0487021 0.243651 0.121393 -0.044716 -0.0484335 0.0294482 -0.000214561 0.00294784 -0.0253654 0.065114 5.24404e-06 -0.0383075 -0.0147206 -0.0180287 -0.00532133 0.00700953 0.00078079 0.00151172 -0.00416679 0.00317976 -0.032405 -0.00592164 0.0116695 -0.00405872 0.0285576 -0.0013797 0.0438064 0.000856458 0.00118773 0.0147077 0.018923 0.000749512 -0.0264116 0.00379779 -0.0140849 0.00732797 0.0748286 0.0122347 0.0093975 -0.00894257 -0.036519 -0.00946025 0.109036 -0.0171646 0.112429 -0.0614595 0.00930422 0.00817654 -0.0119191 -0.00234988 0.0268165 0.0217209 -0.0106552 -0.00318513 -0.0233378 -0.0327287 0.00927713 -0.00787544 -0.0160717 0.00379909 -0.00284437 0.0106731 -0.0290441 -0.00365379 0.012206 0.0374458 -0.0153334 -0.0325218 -0.0331623 0.00185414 
-0.015431 -0.0111144 -0.00783079 0.0232491 0.00818666 -0.0234952 -0.049077 0.0091249 0.0306511 -0.00429239 -0.00396023 -0.00662871 -0.00898875 -0.0185293 -0.0108486 -0.0742536 -0.0101261 0.0024505 -0.0267617 -0.0248564 -0.0208802 -0.0306898 -0.00848291 -0.00512453 -0.000708192 0.0110349 -0.0431038 -0.00678245 0.00264696 -0.0416737 -0.027832 0.121393 0.248964 -0.0147057 -0.0304502 -0.00364716 0.00144949 0.00822607 -0.0306218 0.071669 -0.00243078 -0.0151095 -0.00691141 -0.0125448 -0.00881574 0.0233316 -0.00114259 0.000402492 0.00317709 0.0185389 -0.0220983 -0.00775508 0.00412079 -0.0107418 0.0134973 -0.0177174 0.0423115 -0.00815039 0.00116156 0.0125883 0.0123794 -0.0039965 -0.0331884 0.0138896 0.00808741 -0.00113919 0.0674026 0.0198827 0.0100907 -0.0107779 -0.0573533 -0.000450191 0.0721042 -0.0178323 0.112048 -0.042505 0.0022175 -0.0142773 -0.0106692 -0.00552862 0.00734856 0.00778114 -0.0212962 -0.00981079 -0.0360419 -0.0333735 -0.00336476 -0.00487331 0.0163138 -0.00356675 0.00600972 0.0222925 -0.0185786 -0.0114835 0.0129211 0.0263116 -0.0173237 -0.0359873 -0.0149246 0.0074019 
5.22008e-06 -0.00370774 -0.00680849 0.0175134 -0.00984322 0.0246656 0.0229554 0.0349195 -0.0013334 -0.00216085 -0.0121072 -0.00814638 -0.00910941 0.00935311 0.00657545 0.0121715 -0.0030814 -0.00349819 9.94442e-05 0.00628002 0.0206295 -0.0151792 0.00667788 -0.0150306 -0.0328989 -0.0211419 0.00176843 -0.00349163 -0.0180344 0.0111572 0.0160442 -0.044716 -0.0147057 0.249926 0.0385204 -0.0434358 0.0199443 0.00304994 0.00589299 -0.00560263 -0.0130828 0.0251812 0.00669166 -0.0125723 -0.00153808 -0.0118435 -0.038464 -0.00329776 -0.0135245 0.0211718 0.00839459 -0.00100862 -0.00519546 -0.00107063 -0.0267314 -0.00559474 0.0212691 -0.0226416 -0.00539185 0.029219 -0.0209137 0.0216864 0.0153143 0.0103493 0.0116416 -0.00131005 -0.00169305 -0.0212492 -0.00854497 -0.00832024 0.0077602 -0.00812478 -0.0440679 0.016018 -0.0465085 0.0324865 -0.0169017 -0.0203542 0.00361811 0.000936175 -0.0152283 -0.0252506 -0.0357494 -0.002306 0.0505009 0.0115562 -0.013986 -0.00682718 -0.00745676 -0.00788447 -0.00448296 -0.0300274 -0.00154302 -0.00707464 0.00972552 -0.0394459 -0.0177036 0.0330121 0.00569131 -0.00142922 
0.00659788 -0.00113749 -0.00201696 -0.0200442 -0.00644228 0.00554522 0.0526947 -0.00782434 -0.0374656 0.000533894 -0.00871475 -3.45229e-05 -0.00343734 0.0167433 0.0248387 0.0128378 -0.0022028 -0.000974114 0.0138376 0.0256891 0.00379264 0.0169494 0.0137674 -0.00801762 -0.00559245 -0.0085845 0.00970692 -0.00392308 -0.00105653 0.00111161 0.0229624 -0.0484335 -0.0304502 0.0385204 0.148943 -0.0111553 -0.00461939 -0.0011743 0.0242719 -0.0395451 -0.00777704 0.0268958 0.00728337 -0.0103977 0.0013184 -0.0394093 0.00583922 -0.00074615 -0.00792647 -0.00857768 -0.0090358 0.00212484 -0.00702664 -0.00406628 -0.0179643 -0.00686588 -0.0158128 -0.00864594 0.00034075 -0.0165755 -0.0055618 -0.00222919 -0.00651859 0.00355787 0.0109293 0.002285 -0.0334514 -0.00666723 -0.00774749 -0.00322937 0.0105458 0.0188699 -0.0435686 0.0231337 -0.0517358 0.0229449 -0.00782157 -0.0048542 0.0106455 -0.00191822 -0.00953158 -0.011094 -0.00705746 -0.00240691 0.0120065 0.0343588 -0.00861025 0.000568507 -0.00619451 -0.00344799 0.00136468 -0.0172694 0.0171583 0.00205618 -0.0116266 -0.0193245 0.00260375 0.0358026 -0.00725417 0.000817234 
