0.126967 0.0127141 -0.0183266 -0.000199836 0.0170161 0.00259838 -0.000917398 -0.00978797 0.00121761 0.00294321 -0.00138007 -0.00250197 -0.0406333 -0.0034904 0.00387109 0.000503068 0.00109426 0.00341224 0.00553294 -0.00580875 0.00715732 0.00305284 0.00961031 -0.022518 -0.000696027 0.00949427 -0.00473092 -0.0143294 0.0085853 0.0170334 0.00169574 -0.00366775 -0.00687373 -0.0209063 -0.00370649 -0.00488856 -0.00332416 -0.00230906 -0.00365071 -0.00270225 -0.00609482 -0.00254678 0.0167087 0.00642266 0.00611191 0.0015354 0.00445718 -0.00476768 0.00273169 -0.0181226 -0.00188727 0.0151341 0.000305845 -0.00270489 -0.00444111 0.00947305 -0.00244105 -0.0121675 -0.0249803 -0.0177976 0.000461968 0.00669972 -0.0149272 0.00106775 0.0226091 0.000479632 -0.00586771 0.0102226 -0.00131718 -0.00228786 0.00545535 0.0126657 -0.0111411 0.00558553 0.0084617 -0.00649796 0.00191702 0.00170148 0.000434775 -0.00159679 -0.00115938 -0.0201182 -0.00827467 0.00501772 0.0127978 0.0053697 -0.000877837 0.00965524 -0.000142255 0.000205702 -0.00299386 0.00150612 0.00285748 -0.0163371 -0.0163751 -0.0122442 -0.0122156 -0.00190909 -0.00603768 0.00507036 
0.0127141 0.199336 -0.0191081 0.00103889 0.0300237 0.000514376 0.00397236 0.0148422 -0.00902437 0.00397889 -0.000296639 -0.00448019 0.00406133 -0.00238765 -0.00350722 0.0588162 0.00888733 0.00111203 -0.00790773 -0.0173683 0.028676 -0.00772582 -0.00329181 -0.0379256 -0.00108879 -0.00290344 -0.0173357 0.00883204 0.0128254 -0.0133037 0.00801618 0.00543554 -0.0173115 -0.025866 -0.00523033 -0.00829488 -0.0040992 0.00894752 0.00174577 -0.0244271 0.0193479 -0.00126063 -0.0051652 0.00923674 -0.0102656 -0.00994936 0.00119607 0.00102804 0.0149058 -0.0132963 0.000562908 -0.0097817 -0.00496748 0.00152316 -0.00856693 -0.0240172 -0.021318 -0.0172012 -0.0296394 -0.0190594 -0.00840765 -0.0103054 -0.0134647 -0.00484742 -0.00608357 -0.0162652 -0.00894495 -0.00792432 0.0188884 -0.00286329 0.0128426 0.0108317 -0.0042128 -0.00459185 -0.01301 -0.00253701 -0.000855692 0.00401782 -0.00526981 -0.00290024 -0.00528826 0.0335766 0.00192512 -0.00468725 -0.0146865 0.0294131 0.00677549 -0.00453024 0.000253721 0.00475923 0.0491462 -0.00152414 -0.000640318 0.00747597 -0.0300573 -0.031871 -0.0286133 -0.0130107 0.00777645 0.00550698 
-0.0183266 -0.0191081 0.159537 -0.0140779 -0.0109393 -0.00194398 -0.011675 -0.000563507 0.0106614 0.00833069 -0.0118965 -0.00462178 -0.00624019 -0.00322632 0.00186881 -0.0223765 -0.00813578 -0.00514039 0.00602225 0.0301838 0.0124097 -0.0123785 0.00147558 0.0074395 0.0204537 0.0196905 -0.00953348 -0.00953648 -0.0131899 0.00790852 -0.000247878 0.00441047 -0.00946044 0.00651684 0.00109361 0.00170961 -0.00380431 -0.0094199 0.00149507 -0.00015917 -0.0273264 0.00219856 -0.00628669 -0.00135858 0.0164437 -0.00590403 0.00206381 0.013597 -0.000142119 -0.00322297 -0.00103866 0.00130726 -0.00148491 -0.000300874 -0.000636595 -0.00815979 0.00259959 -0.0197032 -0.0112833 0.0230783 0.000962394 -0.00566527 0.00551662 -0.016856 -0.00465758 0.0311954 0.0160451 0.00477854 -0.00122023 0.000296927 -0.0264001 0.0028575 0.028975 -0.000957317 -0.00478878 0.0113928 -0.0012991 -0.00229185 0.00182023 0.000166926 0.00120325 -0.0359536 -0.00599417 -0.00998452 -0.0429448 -0.0121656 -0.000602747 -0.00194697 0.000781535 -0.000310932 -0.00369386 -0.00246952 2.17736e-05 -0.00528308 0.00927622 -0.00376446 0.0396101 -0.00925266 0.0114145 -0.0374572 
-0.000199836 0.00103889 -0.0140779 0.168731 0.0302913 -0.000895359 0.00717532 -0.0101764 -0.0163291 -0.00778182 -0.00679316 -0.00581817 0.00658088 -0.00377612 -0.00139303 0.0462076 -0.0063917 -0.00130973 -0.00619383 -0.00678505 0.000747369 -0.00963594 -0.00243576 0.00102221 -0.00998632 -0.0156275 -0.00334249 0.019023 -0.0206877 -0.027896 -0.00605765 -0.00762316 -0.0131692 -0.0119036 0.0119267 -0.00558891 0.00208668 -0.00135875 -0.00121965 -0.026618 0.00716138 -0.0058412 -0.00158804 -0.00124395 -0.00576069 0.00228726 -0.0080828 -0.00906491 -0.0019311 -0.0121155 0.000276751 0.0108704 -0.000653918 -0.00112513 -0.00375995 -0.0103496 -0.0232439 -0.00031561 -0.0073633 -0.0217681 -0.00638907 0.0038962 -0.0195824 -0.00143222 0.017054 -0.0192096 -0.00874723 0.0046576 0.0032861 -0.00330333 0.0558666 0.00595141 0.00412046 0.00728843 -0.00407026 -0.00887834 0.0068777 -0.00225127 -0.00302685 0.00440073 0.00141386 0.0364659 -0.00716598 -0.00743259 0.0180947 -0.00391429 0.000204846 -0.00659933 -0.00121327 -0.00436512 0.0145126 -0.00106188 -0.000823859 0.0101009 -0.0161503 -0.0079953 -0.00997666 -0.00594931 -0.0111691 0.0163681 
0.0170161 0.0300237 -0.0109393 0.0302913 0.215701 0.00290791 0.00319026 -0.0063452 -0.0187216 -0.0022785 -0.000139558 -0.000438656 0.0376242 -0.00783379 -0.0170689 0.0355205 -0.00962395 0.0037309 -0.0115608 -0.0283587 0.0200251 -0.00952884 0.0106159 -0.013385 -0.000938749 -0.0021544 0.00634718 0.05661 0.0182357 -0.02193 -0.00737749 -0.0211786 -0.00817982 -0.0359463 0.000740208 -0.00813889 -0.00307115 -0.0177095 0.00164627 -0.0165249 -0.0168461 -0.00917611 0.00266325 -0.00308957 -0.037834 -0.00315924 -0.0134747 -0.0123 -0.00532766 -0.0176582 -0.000388189 0.0384847 -0.00443743 -0.00947487 -0.00578668 -0.012118 -0.0189125 0.0132065 -0.0436671 -0.00716367 -0.00323813 0.00570305 -0.0323912 -0.0110559 -0.00928013 -0.00770059 -0.00874906 -0.00543056 -0.000881618 -0.00731387 0.00217475 0.0201128 -0.00324155 0.0171632 -0.0181091 -0.0163808 -0.000919126 0.00529026 -0.00258152 -0.00495905 -0.00827666 0.043923 -0.0163583 1.64343e-06 0.0407695 -0.010933 -0.00515516 -0.010387 0.000851705 0.000831397 0.00672707 -0.000948746 0.000589339 0.0087916 0.00183397 -0.0175967 -0.0138814 -0.0130425 -0.0114209 0.041075 
0.00259838 0.000514376 -0.00194398 -0.000895359 0.00290791 0.0290216 0.00253286 0.00122805 0.00184358 0.00523223 0.000777881 -0.0015517 -0.00628883 0.000243973 0.00219227 0.00160396 -0.00160425 0.00226314 0.00228217 0.000619863 -5.71796e-05 5.96046e-05 0.000774307 -0.0053406 -0.00171281 -0.00436501 0.00161879 -0.00453865 -0.000972346 -0.00415119 -7.82248e-05 -5.51447e-05 2.9055e-05 -0.00206308 -0.000420801 -0.00027269 -2.50354e-05 -0.00117081 -0.000362034 -0.00317019 -0.00151278 -0.000581468 0.00129239 0.000426043 -0.000581919 0.00103523 -0.00307514 0.000288717 0.00134651 -0.000708085 -6.81401e-05 0.00109283 0.00129002 7.26334e-05 0.000663112 0.000438191 -0.000764541 0.00133001 -0.00219353 -0.00854329 -0.000132661 0.000255376 -0.000810675 -0.00128074 0.000445121 -0.00172352 -0.000722553 0.00307633 1.86927e-05 -0.000901234 -0.00368056 0.000256504 -0.00179127 2.68251e-05 -0.000189728 0.000801331 -0.000207782 0.00119151 -0.000396475 -0.000838832 -0.00013402 0.000127104 -0.000440996 0.00049637 -0.0054439 0.00192869 -0.000389598 -0.00231596 0.000832038 0.00140487 -0.00180816 0.000591021 0.000485318 -0.00142094 0.00171893 -0.00216015 -0.00355091 0.00109765 0.0028278 0.00420833 
-0.000917398 0.00397236 -0.011675 0.00717532 0.00319026 0.00253286 0.0712792 0.00118091 -0.0029441 0.002492 -0.00246346 0.0114415 0.00315013 -0.00116067 0.000585686 0.00112185 0.00194218 0.00351377 -0.00166143 -0.00793109 -0.0158243 -0.00795245 -0.00114352 -0.0215728 -0.00523247 -0.00805962 0.00741899 -0.00713577 -0.00593786 0.0112459 -0.00118337 -0.00124035 0.00400915 0.0146035 0.010909 -7.19794e-05 -0.000236752 -0.00447786 -0.00052503 -0.00663517 0.00115438 -0.000596271 -0.00215397 -0.00137962 -0.00680215 -0.00377096 -0.00313504 -0.00294775 -0.00405143 -0.00372522 -0.00105137 -0.0022085 -0.000722039 0.00751137 0.000161937 0.00252781 -0.00773586 0.00361116 -0.00331396 0.00219878 -0.000929112 -0.00249046 -0.00435333 0.00487508 0.000914441 -0.00620568 -0.00270427 -0.00480569 0.00279735 -0.00190156 0.0189557 -0.00452632 -0.00563169 -0.000403648 -0.00258162 -0.00309461 0.000388142 -0.000973092 -0.00149145 -0.00189917 -0.00207568 0.0209691 -0.000252337 0.00277124 0.0143154 0.00387604 0.00024598 -0.00176766 -0.00122722 -0.0059931 0.00197469 8.4293e-05 -0.000138454 0.00186597 -0.011687 -0.0048193 -0.011598 -0.0022251 -0.00205864 -0.00555268 
-0.00978797 0.0148422 -0.000563507 -0.0101764 -0.0063452 0.00122805 0.00118091 0.113977 0.0169209 -0.00217427 0.0132089 -0.0105213 0.0185525 -0.000454782 -0.00115214 -0.00478135 -0.00454146 -0.00103809 -0.00480731 -0.0157393 -0.001477 -0.00272752 0.0047778 -0.0200643 -0.00271974 -0.00280284 -0.00952829 -0.0223372 -0.000151233 -0.0138689 0.00180521 0.0214275 -0.00598396 0.0112283 6.27641e-05 0.000567348 0.00144946 -0.00780561 -0.00358871 -0.0121504 -0.00953264 0.00603311 -0.00330643 0.00290482 -0.0146471 0.00109963 -0.0111061 0.00730467 -0.00300645 0.0126083 -0.00159162 -0.0181121 -0.00142693 0.00989979 -0.0023163 -0.00961314 0.00356925 0.00302784 -0.00681873 -0.00675309 -0.00215321 -0.00421648 0.00751822 0.00321592 -0.00820127 -0.00211824 0.00619147 0.0017079 0.0165456 0.00166228 -0.00352767 -0.0146799 -0.0051589 -0.00623263 -0.00795058 -0.00654322 -0.000605808 -0.00109126 -0.00211081 -0.00174571 -0.00265154 -0.00177824 0.00890785 -0.00236186 -0.0138737 0.0181989 0.00362434 -0.00180299 -0.00032616 0.00528084 0.00887362 -0.000608774 2.68047e-05 0.0111028 -0.00896138 -0.000830547 -0.0144494 -0.000564696 0.0218146 -0.00228348 
0.00121761 -0.00902437 0.0106614 -0.0163291 -0.0187216 0.00184358 -0.0029441 0.0169209 0.13683 0.00352299 0.00202602 0.0049214 0.0076052 0.00130211 -0.00161753 -0.0224553 0.00589852 0.00640318 0.00822943 0.0109046 -0.0139262 -0.0118008 0.00598418 -0.00865076 -0.00831392 -0.00501876 0.00921691 -0.0308135 -0.0157377 0.0172981 -0.00165885 0.00687626 -0.0101277 0.00633564 -0.0065994 0.00118324 0.00353927 -0.0054242 -0.00134492 -0.00315417 -0.0129737 0.00829642 0.002641 -0.0083607 0.0150372 -0.00624414 0.0106765 -0.00161184 -0.0130935 -0.00336932 -0.00310165 -0.0178382 -0.00392741 0.0121158 -0.00158541 0.00918139 0.00390603 -0.00179545 -0.0136647 0.00450462 0.00401941 0.00229506 -0.00436426 0.0437685 -0.00601651 0.00677511 0.0047768 -0.00422136 0.00312539 0.00167695 -0.00992988 -0.0164171 0.000382133 -0.00835097 0.0114315 -0.00908575 -0.00239385 -0.00331563 -0.00181031 -0.000236661 -0.00249154 0.00371502 -0.00142153 -0.00390777 -0.0313101 0.0191423 0.00371112 0.00106247 -0.00224504 -0.00640446 -0.000354717 -0.00113842 -0.000554983 -0.00519431 -0.0234767 0.00521535 -0.00130064 -0.00174376 0.0084606 -0.0257217 
0.00294321 0.00397889 0.00833069 -0.00778182 -0.0022785 0.00523223 0.002492 -0.00217427 0.00352299 0.0722564 0.00280027 0.00489874 -0.0113231 -0.00263031 0.0119318 -0.00183098 0.00419947 -3.92197e-07 0.000890379 -0.00479582 0.0103877 -0.00149473 -0.00716679 -0.0180473 -0.000326572 -0.00388531 -0.00022106 0.0113636 -0.00346944 0.00810885 -0.000631867 -0.00200619 -0.0038906 0.00121183 -0.00176005 0.000143352 -0.000284849 -0.000244981 -9.71854e-05 -0.00253163 -0.0143185 -0.000322594 2.86971e-05 -0.00230745 0.00189883 -0.00121486 -0.000831626 -0.00409247 0.00766981 -0.00831507 0.00197077 0.00545643 -0.00106087 0.0011678 -0.00106179 0.000925419 0.00246035 -0.00601381 -0.0132295 -0.013887 0.00112835 0.0070761 -0.00764147 -0.00665313 -0.00262656 -0.00194764 0.00186935 -0.00169029 0.001267 7.87694e-05 -0.00654784 -0.000353153 -0.00176956 -0.00382353 0.000572094 -0.00291753 -0.000678809 -0.000172028 0.00310946 0.000483604 0.00130286 0.000754645 0.00730275 0.00259481 -0.0158035 0.00342437 0.00100293 0.000649908 0.00597503 0.0016325 -0.00241647 -0.000184894 0.000783798 0.00848648 -0.0095871 -0.000224533 -0.00832259 -0.00280457 0.00215432 -0.00622499 
-0.00138007 -0.000296639 -0.0118965 -0.00679316 -0.000139558 0.000777881 -0.00246346 0.0132089 0.00202602 0.00280027 0.0879895 -0.0017576 0.019186 0.00131977 0.00197559 -0.0173503 -0.00402808 0.00295236 -0.00515422 -0.00820181 -0.0132789 9.8304e-05 -0.00263152 -0.0105155 -0.00362003 -0.0074529 -0.00195698 0.00304475 -7.47024e-05 -0.00707809 -0.00182424 -0.00179228 -0.000960344 0.00214885 0.0016863 -0.0015279 0.00248042 -0.00395654 -0.0020192 -0.0076204 -0.00773797 0.000878355 -0.000591945 0.00247279 -0.0105065 -0.00318667 -0.00633669 -0.00271065 -0.00031867 -0.000962206 -0.00167914 -0.00221204 -0.00182427 0.00138091 -0.000433677 0.000635007 0.0171734 0.00465477 -0.00793705 -0.00813656 -0.00197143 -0.00357041 0.00203161 0.00419133 -0.00301581 -0.00723327 -0.0039443 -0.00093535 0.00381575 -0.00231809 0.00318789 -0.00380534 -0.00657264 -0.00533341 -0.00600058 -0.00572797 0.000235836 -0.000251797 -0.00131375 0.00133474 -0.00151556 0.0127823 0.0212036 0.0123945 0.00672317 0.0248032 0.00178667 -0.00497262 -0.000644381 -0.00250484 -0.00607142 0.000295695 -0.0014899 0.00930167 -0.000294861 -0.00454816 -0.0128386 0.00396496 0.00432805 -0.0140516 
-0.00250197 -0.00448019 -0.00462178 -0.00581817 -0.000438656 -0.0015517 0.0114415 -0.0105213 0.0049214 0.00489874 -0.0017576 0.121057 -0.00390159 -0.00110623 -0.00251824 -0.00854208 0.0072658 0.00322451 0.00256629 0.00723641 -0.0314919 0.00214357 0.00545529 0.00136251 -0.00452349 0.0259519 0.00945504 -0.0213923 -0.00318479 0.0434625 0.000295685 -0.00122218 0.00806828 -0.0037663 0.00920341 0.00396678 0.00741647 -0.0101372 0.00296996 0.0139987 -0.00243618 -0.00274208 -0.000186018 0.00505946 -0.00111715 -0.00721934 0.0117884 -0.00672912 -0.0109347 -0.0122914 -0.00135945 -0.00471771 -0.00146427 0.000577207 -0.00344512 0.00815112 -0.00568997 0.00561463 -0.0226814 0.00537421 0.00801831 -0.00372205 -0.00659574 0.00903158 0.00318295 0.00834377 -0.00616418 -0.00804153 -0.0102928 9.89159e-05 -0.0104844 0.00314952 -0.00477361 -0.00482692 0.00502878 -0.00745012 0.00100033 -0.00170794 0.00016069 -0.00101932 -3.51605e-05 2.43585e-05 -0.00156958 0.00752046 0.0148592 -0.00220968 -0.00274144 -0.00383135 -0.000871754 -0.0110369 -0.00912726 -0.000228766 2.03277e-05 -0.00852428 -0.0236916 -0.0189533 -0.0137725 -0.00612905 -0.00768903 -0.0113838 
-0.0406333 0.00406133 -0.00624019 0.00658088 0.0376242 -0.00628883 0.00315013 0.0185525 0.0076052 -0.0113231 0.019186 -0.00390159 0.241472 -0.00424133 -0.0212088 0.00388422 -0.00724709 -0.00364591 -0.0162342 -0.0329316 -0.00803347 -0.0160235 -0.00317137 -0.0140059 -0.000193674 -0.00955856 0.00186788 0.0255445 0.0249192 -0.0406442 -0.00642605 0.00193232 0.00121636 0.0243187 0.00561091 0.000936411 0.0042885 0.00180421 -0.00331761 -0.01163 0.0248963 -0.000597185 -0.0124851 0.00182469 -0.0453417 -0.0112625 -0.0272692 -0.00424281 -0.0348965 0.0225587 -0.00181966 -0.0117205 -0.0081454 0.00380366 -0.00311641 -0.0177222 0.00613301 0.0176999 0.0073009 0.0307909 -0.00810993 -0.0109699 -0.00203502 0.00750076 -0.0310836 -0.0299038 -0.00304899 -0.0233831 0.00010424 -0.00379156 0.000626813 0.00601983 -0.0132896 -0.0144449 -0.034658 -0.0104417 -0.00190501 -0.00508247 -0.00910218 -0.0124932 -0.00875629 0.0564883 0.0202013 -0.000351381 0.0282732 0.00605055 -0.00363604 -0.0258855 -0.00346308 0.00740566 -0.00209517 -0.00399033 -0.00719085 0.0322115 0.00248718 0.00310584 -0.0213423 5.0037e-05 -0.00257646 0.0184611 
-0.0034904 -0.00238765 -0.00322632 -0.00377612 -0.00783379 0.000243973 -0.00116067 -0.000454782 0.00130211 -0.00263031 0.00131977 -0.00110623 -0.00424133 0.0389306 0.00146716 -0.00387039 0.00563892 -0.000321425 -0.000218684 0.00688129 -0.00755332 0.0081962 8.02475e-05 0.00630334 -0.000458237 -0.00393677 -0.0023561 -0.00672734 -0.00125238 -0.00212894 -0.000165792 -0.00320131 -0.000259388 0.00223619 -0.0025774 -0.000183726 -9.84206e-05 0.00213776 -0.000237911 -0.000367419 0.00293693 -0.00046176 -0.00052601 -0.00069978 1.4021e-05 -0.00113217 0.000305626 0.000290048 -0.0016094 0.00471394 -0.000244899 -0.00291726 0.00132391 -5.40879e-05 2.21703e-05 -0.00140659 0.00119388 -0.000130812 0.0105468 -0.00280424 -0.000836904 -0.00129052 -0.00214864 -0.0008663 -0.0036497 -0.00196228 -0.00186269 -0.00321108 -0.00216711 4.45565e-05 -0.000429039 -0.0034556 -0.000748091 -0.00146002 0.00153747 0.00373047 -0.00052454 0.00117018 -0.000920363 0.00285305 0.00261515 -0.00128882 -0.00310599 -0.00138277 0.0021786 5.42073e-06 0.000513918 0.0022765 -0.000616288 0.000653043 0.0014372 -0.000373908 -7.49896e-05 -0.00358403 -0.000407828 -0.00192538 0.00486402 0.000565075 -0.00181127 -0.00221574 
0.00387109 -0.00350722 0.00186881 -0.00139303 -0.0170689 0.00219227 0.000585686 -0.00115214 -0.00161753 0.0119318 0.00197559 -0.00251824 -0.0212088 0.00146716 0.0815416 0.00488289 0.00576133 0.00254381 0.00252349 0.0043952 -0.00277575 0.0126089 -0.00567057 0.0011469 0.000229633 -0.0120411 -0.000510756 0.0118483 0.000519276 -0.000949705 -0.000145998 -0.00421656 -0.00271703 -0.000380006 -0.00130076 -0.00181975 0.000694059 0.00560869 0.00280522 -0.000366387 -0.0061549 -0.00257598 -0.000922576 -0.00153677 0.00212933 0.00075866 0.004822 -0.00063176 0.00280291 -0.00502843 -0.000649275 -0.00694753 0.00059121 -0.00155238 -0.000594082 -0.000172681 0.0040829 -0.00766397 -0.000792854 -0.0164982 -0.00188705 -0.00136847 -0.00486631 -0.0115347 0.00453207 -0.00560488 0.00138041 0.0042094 0.00347477 -0.00198534 -0.00701302 0.00215294 -0.0016309 0.00195173 0.000374298 -0.002996 0.00106215 0.000869276 0.00151844 0.00135307 -0.000559817 -0.00894342 0.00689052 0.00100496 -0.00648106 -0.0049469 0.00387019 0.00213936 0.00131382 -0.00352811 -0.00342799 -0.000127529 0.00332261 -0.00433955 -0.0046948 -0.000349641 -0.00737563 0.00043762 0.00217219 -0.00347572 
0.000503068 0.0588162 -0.0223765 0.0462076 0.0355205 0.00160396 0.00112185 -0.00478135 -0.0224553 -0.00183098 -0.0173503 -0.00854208 0.00388422 -0.00387039 0.00488289 0.194887 -0.00973067 -0.00238777 -0.00595118 -0.0137368 0.0193762 -0.023757 -0.00790992 -0.0165708 0.00360933 -0.0280926 -0.0141981 0.0146249 0.00596196 -0.0414729 -0.00231114 -0.00279063 -0.0107598 -0.024281 -0.00351406 -0.00684222 -0.00367531 -0.00259951 -0.00398318 -0.0349146 0.0248399 -0.00631614 0.00197088 0.0131797 -0.000253779 0.00149019 -0.00256747 -0.00361366 0.00394058 -0.0122126 0.00216208 0.00651462 -0.000773624 -0.00847931 -0.00640778 -0.0238703 -0.0428783 -0.0149438 0.000651998 -0.0213083 -0.00743662 -0.003337 -0.0171168 -0.00881235 0.0118698 -0.0243556 -0.0136709 0.00123436 0.0144597 -0.000882914 0.0261561 0.0537509 0.00750568 0.0115473 -0.00346244 -0.00313859 0.00246427 0.00234527 -0.00197985 0.00216857 -0.00365704 0.0529186 -0.0145994 -0.0116661 0.00100718 -0.0215689 0.000621249 -0.0198384 0.000654128 -0.00683766 0.0259735 -0.00240977 -0.000240488 -0.00137306 -0.0193791 -0.0157044 -0.0238819 -0.0120381 0.00185692 0.0594149 
0.00109426 0.00888733 -0.00813578 -0.0063917 -0.00962395 -0.00160425 0.00194218 -0.00454146 0.00589852 0.00419947 -0.00402808 0.0072658 -0.00724709 0.00563892 0.00576133 -0.00973067 0.0803654 0.00231949 -0.00294216 0.00349206 -0.0098186 0.0181852 -0.00464907 0.00385322 -0.00274004 -0.00536616 0.00176618 -0.000860015 -0.00394362 0.0133901 -0.000215403 -0.00294166 0.00038752 -0.0009283 -0.00309789 -0.00103619 0.000265628 -0.00128405 1.05084e-05 -0.000194001 -0.0193174 0.000371041 0.000469369 -0.00478222 -9.21734e-06 -0.0031888 0.000946092 -0.000200837 -0.00466084 -0.00364327 -0.00240023 -0.00716115 0.0012974 0.000759302 -0.000316743 0.00149816 0.00689838 0.00134588 -0.00285351 -0.00993767 0.00101762 0.00223832 -0.00768622 0.00639954 -0.00242621 -0.000688961 -0.00124092 -0.007154 -0.00605464 -0.00138942 -0.00241688 -0.0074926 -0.00262709 -0.00235773 0.00616402 -0.00100402 -5.84367e-05 0.00127215 -0.000271123 0.000955392 0.0023532 -0.00825802 -0.0022187 -0.00058 0.0025936 0.00720704 0.000329743 0.0185118 0.000972999 0.0104328 -0.00199711 -0.000920082 0.00218598 -0.00116176 -0.00741519 -0.00944906 -0.000910528 -0.00429441 -0.00337512 -0.00770269 
0.00341224 0.00111203 -0.00514039 -0.00130973 0.0037309 0.00226314 0.00351377 -0.00103809 0.00640318 -3.92197e-07 0.00295236 0.00322451 -0.00364591 -0.000321425 0.00254381 -0.00238777 0.00231949 0.0361377 0.000121165 0.00265276 -0.0102312 0.00239039 0.00206259 -0.000718543 -0.00186638 -0.00679087 0.00484149 -0.00604455 -0.0026277 0.000120847 0.000320345 -3.10916e-05 -0.00200338 -0.00503175 -0.000863801 -0.00127695 0.00418378 -0.000718069 0.00152548 -0.00610646 -0.00500052 0.000280353 0.00208902 -0.0018104 0.000285118 -0.000952216 0.00147344 -0.00150108 0.0012627 -0.00376003 -0.000186736 -0.00349228 2.67701e-05 0.00206738 -0.000379099 0.00403058 -0.000307056 0.00222318 -0.00273516 -0.0106223 -0.000830579 0.00243104 -0.00369746 0.00555577 -0.00188488 0.000475681 -0.0010909 0.000688021 -0.00225202 0.000548133 -0.00586897 -0.00369675 -0.000549806 -0.0015598 0.000505756 -0.000769404 0.000303554 -0.000603479 -0.000688882 4.80715e-05 -0.000258067 0.00590734 0.00100704 0.00378721 -0.0047825 0.0114414 0.00030561 -0.000718191 0.000698919 0.000452299 6.1735e-05 0.00033073 -0.000426899 -0.000164018 -0.00642558 -0.000945401 -0.00433489 -0.000126116 -0.000276905 -0.00326614 
0.00553294 -0.00790773 0.00602225 -0.00619383 -0.0115608 0.00228217 -0.00166143 -0.00480731 0.00822943 0.000890379 -0.00515422 0.00256629 -0.0162342 -0.000218684 0.00252349 -0.00595118 -0.00294216 0.000121165 0.0695961 0.00708461 -0.00452888 -0.00508239 0.00694546 -0.00663171 -0.00373706 0.0078041 0.00206631 -0.0171404 0.00771411 0.00418727 0.000977673 -0.00172851 -0.000568168 -0.00276987 -0.00095927 -0.000814753 -0.000298378 -0.00271407 0.000552892 0.0042065 0.002621 -0.00104271 0.000333872 -0.000718224 0.0051095 -0.00213961 0.00150085 0.0029923 -0.00157569 -0.0039572 0.00154393 -0.00664362 -0.00136243 -0.00090395 0.00294549 0.00362571 -0.00578418 -0.00814254 -0.00360586 0.00603372 0.00191924 0.000914118 -0.00488258 0.00997009 0.00427507 0.00824701 -0.00117977 0.00649244 0.00158224 0.000272233 -0.0069684 -0.00243091 0.000458232 -0.00418283 0.001292 0.00611957 -0.000450312 -0.000813325 0.000933612 -0.00128772 0.00558506 -0.00767204 -0.00149611 -0.00213063 -0.00493236 -0.00762412 -0.0013193 0.000766826 0.000100247 -0.00238294 -0.00747319 -4.47607e-05 0.00132532 -0.00791942 -0.00343213 -0.00378938 0.00290926 0.00336932 -0.00239604 -0.00225208 
-0.00580875 -0.0173683 0.0301838 -0.00678505 -0.0283587 0.000619863 -0.00793109 -0.0157393 0.0109046 -0.00479582 -0.00820181 0.00723641 -0.0329316 0.00688129 0.0043952 -0.0137368 0.00349206 0.00265276 0.00708461 0.123496 -0.0318383 0.0132819 -0.00553825 0.0136824 -0.00163122 -0.0015267 -0.00535709 -0.031798 -0.0222646 0.0101388 -0.00208997 -0.00517331 -0.00201584 -0.0136141 -0.000349962 -0.00035507 -0.00161074 0.0155834 0.00280788 0.00499052 -0.00938658 0.00201082 -0.00120296 0.0024294 0.0443592 -0.00446682 0.0228704 -0.000441707 -0.00275159 0.00207389 -0.0014962 -0.00878554 0.00338643 -0.00418846 -0.0038706 0.000812631 0.00670237 -0.0168223 0.0139334 0.0127803 0.00154979 -0.00372541 0.00255623 -0.000961995 0.00393053 0.0201139 -0.00453044 0.00965167 -0.00521707 0.00632774 -0.0109692 -0.0108688 0.0160964 0.000941151 0.0241098 0.0217057 0.000448579 -0.00102215 -0.000224492 0.00702505 0.00635268 -0.0306049 -0.00645247 -0.00597023 -0.0352032 0.00069951 -0.00315935 0.00631467 -0.00210418 -0.00187363 -0.00590167 -0.0016326 -0.000941716 -0.0174593 -0.00631504 -0.0144674 0.0259174 0.000685989 -0.0030884 -0.0302909 
0.00715732 0.028676 0.0124097 0.000747369 0.0200251 -5.71796e-05 -0.0158243 -0.001477 -0.0139262 0.0103877 -0.0132789 -0.0314919 -0.00803347 -0.00755332 -0.00277575 0.0193762 -0.0098186 -0.0102312 -0.00452888 -0.0318383 0.247581 -0.0134957 0.00547421 0.00611245 0.0154398 0.00174705 0.00147298 0.0439106 0.00748907 -0.0241472 -0.0014647 -0.00424217 -0.00690937 -0.0212095 -0.0230802 -0.0190708 -0.00742102 -0.000325538 -0.00150746 -0.0297064 0.0253752 0.00217244 -0.00095043 -0.000875924 -0.0158676 -0.000843081 -0.017495 0.000927121 0.0239917 -0.0329319 0.00227832 0.0232863 -0.00722139 0.000720002 0.00300729 -0.00999967 -0.0306596 -0.00182778 -0.0428898 0.00185137 -0.0117033 0.0078908 -0.00484422 -0.024619 -0.00220531 -0.00131973 0.0143917 0.00691171 -0.00158481 0.000371631 -0.00344655 0.0139055 0.00781154 -0.00152095 -0.0240055 -0.00714517 0.000899303 0.00170869 -0.00107284 -0.00514768 -0.00242034 -0.0151679 -0.0253488 -0.0143937 -0.0173968 -0.0141705 0.00333699 -0.0249681 0.00267358 0.00911162 0.00473644 0.00200409 -0.00270058 -0.00856639 0.0362721 -0.00232253 0.0155739 0.00312182 0.00935267 0.0293573 
0.00305284 -0.00772582 -0.0123785 -0.00963594 -0.00952884 5.96046e-05 -0.00795245 -0.00272752 -0.0118008 -0.00149473 9.8304e-05 0.00214357 -0.0160235 0.0081962 0.0126089 -0.023757 0.0181852 0.00239039 -0.00508239 0.0132819 -0.0134957 0.135007 -0.00571145 0.031686 0.00546521 -0.000368611 -0.0100581 -0.000384657 0.00742504 0.0108631 0.000789518 -0.00890063 0.0115022 -0.0148177 -0.00616055 -0.00388679 0.000507499 -0.00261903 0.00162008 -0.00409197 -0.022789 -0.00441377 0.000228455 -0.00152056 0.00433509 0.00141568 0.00297376 0.00456397 -0.00761007 0.0111388 -0.00163934 -0.0145374 0.00512994 -0.00588774 0.000740612 0.00318381 0.00165538 0.00853042 0.00854982 -0.0264523 -0.0034998 -0.000774154 0.0024072 -0.015336 -0.00782741 -0.0047216 0.000989328 -0.00494672 -0.008673 0.00122087 -0.0159871 -0.013514 -0.00586809 -0.00369305 0.0106929 0.00522621 -0.00128964 0.00489934 0.00349674 -0.000419736 0.00980759 -0.0251022 -0.0122342 0.00103976 0.0120694 -0.00370405 -0.00222 0.0161 0.00279931 0.0100079 -0.00467915 -0.000350797 8.60901e-07 -0.00618912 0.0131531 -0.00870821 0.000410403 -0.00182835 -0.00691617 0.0102858 
0.00961031 -0.00329181 0.00147558 -0.00243576 0.0106159 0.000774307 -0.00114352 0.0047778 0.00598418 -0.00716679 -0.00263152 0.00545529 -0.00317137 8.02475e-05 -0.00567057 -0.00790992 -0.00464907 0.00206259 0.00694546 -0.00553825 0.00547421 -0.00571145 0.0963844 -0.000118868 -0.00370939 0.0137686 0.0101474 -0.021995 -0.000642931 0.00389712 0.000433581 0.0123063 -0.000371392 0.0038896 -0.00424031 0.000391315 -0.000123219 -0.00915672 -0.00265487 -0.00166611 -0.0016878 0.000370855 0.00420396 0.00152159 -0.000217715 -0.00106607 0.000223491 0.0050868 -0.000594466 -0.00296609 0.0018623 -0.0133915 -0.00224201 0.00399694 0.00355415 0.00332586 -0.0100651 -0.00298725 -0.00434042 -0.0100053 -0.0018835 -0.00164532 -0.00688533 0.0133397 0.00203498 0.00322895 -0.00154327 0.0079288 -0.000290231 -0.000670811 -0.00806803 -0.0111846 0.00316869 -0.00651675 -0.00258735 -0.000716453 0.00116006 -0.000921769 -0.00227987 -0.00391859 -0.000709044 -0.00451387 -0.00738288 -0.00371057 -0.00906429 -0.00344844 -0.00101753 -0.00529693 -0.00149449 0.00174303 -0.00761979 -8.2177e-05 -0.00109799 -0.010728 -0.00145792 0.00366417 -0.000915192 0.00120689 -0.000167446 -0.00471452 
-0.022518 -0.0379256 0.0074395 0.00102221 -0.013385 -0.0053406 -0.0215728 -0.0200643 -0.00865076 -0.0180473 -0.0105155 0.00136251 -0.0140059 0.00630334 0.0011469 -0.0165708 0.00385322 -0.000718543 -0.00663171 0.0136824 0.00611245 0.031686 -0.000118868 0.249916 0.0142532 -0.00679795 0.00046734 0.0181548 -0.00359863 -0.00972916 -0.00412626 -0.00630059 0.00210544 0.00308987 -0.0240726 -0.000228387 6.33803e-06 -0.0146007 0.0105873 0.00394008 -0.0218192 -0.0087027 -0.000375289 -0.00943988 -0.0075384 -0.00298802 0.017278 -0.00625167 -0.000349377 -0.00196733 -0.00553042 -0.0116667 -0.00667256 -0.0148858 0.00446694 -0.00542398 -0.0178221 0.0071339 0.0429529 -0.0408661 -0.00521098 -7.99247e-05 0.0176224 -0.0141436 -0.0181221 0.0110215 0.00274296 0.00203306 -0.0297101 -0.00149258 -0.022406 0.00561292 0.012138 0.00560078 0.00490368 -0.0099825 -0.00353091 0.00403263 0.00154417 -0.00590062 0.00270472 -0.0303883 -0.0124841 -0.00462812 0.0222657 -0.0253776 -0.00543932 0.0127224 -0.000935164 0.0147172 -0.0139124 0.000323772 -0.00136171 -0.0214039 0.052556 0.00517605 0.0275084 0.00647958 -0.014495 0.0101575 
-0.000696027 -0.00108879 0.0204537 -0.00998632 -0.000938749 -0.00171281 -0.00523247 -0.00271974 -0.00831392 -0.000326572 -0.00362003 -0.00452349 -0.000193674 -0.000458237 0.000229633 0.00360933 -0.00274004 -0.00186638 -0.00373706 -0.00163122 0.0154398 0.00546521 -0.00370939 0.0142532 0.0839574 0.000536073 -0.00959927 -0.00245707 0.00635827 0.00429304 0.00186143 -0.00277162 0.000535035 -0.00773205 -0.00749846 -0.000869314 -0.00115819 0.00159919 -0.00104886 -0.0061065 -0.00663047 -0.00157011 -0.00203985 -0.00626696 0.00113003 -0.00442766 -0.00437244 0.00514972 -0.00196149 -0.00242833 -0.00143687 -0.00787049 -0.00175772 -0.0023175 -3.19887e-05 -0.00509487 -0.000212406 0.00430846 -0.00603029 -0.0151906 0.00108948 -0.00130488 0.00969176 -0.0119194 -0.00645722 0.0134409 0.00335043 -0.0021438 -0.00559734 -0.00337679 -0.0158204 0.00685963 0.0150763 -0.0017175 0.000124233 0.00111607 -0.00135097 0.00449872 0.00398734 -0.00116464 0.000886889 -0.00613475 -0.00546978 -0.00332007 -0.01234 -0.00515912 -0.000825154 0.00139763 -2.92099e-05 0.00484789 -0.00378358 0.000170171 -0.000804327 -0.00176568 0.0158738 -0.00658786 0.00349833 -0.00303766 -0.00026344 0.00766084 
0.00949427 -0.00290344 0.0196905 -0.0156275 -0.0021544 -0.00436501 -0.00805962 -0.00280284 -0.00501876 -0.00388531 -0.0074529 0.0259519 -0.00955856 -0.00393677 -0.0120411 -0.0280926 -0.00536616 -0.00679087 0.0078041 -0.0015267 0.00174705 -0.000368611 0.0137686 -0.00679795 0.000536073 0.191704 0.000888682 -0.00246664 0.0229324 0.036739 0.00209594 0.00184065 0.00674385 -0.0103662 -0.00587103 0.00138554 -0.00221252 -0.00659431 -0.00564356 0.0358397 0.0099044 -0.00344648 -0.000870725 0.00379488 -0.0162262 -0.0127812 0.0122861 -0.00149859 -0.00812224 -0.00651414 -0.00351811 0.0338555 -0.00514047 -0.000591086 -0.00284006 -0.00206608 0.0049873 -0.0204557 -0.052992 0.0267123 -0.00206554 -0.00665265 0.000372892 0.0086613 -0.000407276 0.0142056 0.00010635 -0.00948379 -0.00654837 0.0126211 -0.00141395 0.00270984 -0.00787602 -0.00309146 -0.00574658 -0.00840955 -0.000223685 -0.00335023 -0.00421256 -0.00391631 -0.00467201 -0.0372712 0.00281507 -0.00265215 -0.0136887 -0.00534404 -0.00529619 -0.0120225 -0.000922876 -0.00336648 -0.0217948 -0.0020047 -0.00256779 0.00907866 -0.0130457 -0.00847647 0.00859775 -0.012883 -0.00374012 -0.019758 
-0.00473092 -0.0173357 -0.00953348 -0.00334249 0.00634718 0.00161879 0.00741899 -0.00952829 0.00921691 -0.00022106 -0.00195698 0.00945504 0.00186788 -0.0023561 -0.000510756 -0.0141981 0.00176618 0.00484149 0.00206631 -0.00535709 0.00147298 -0.0100581 0.0101474 0.00046734 -0.00959927 0.000888682 0.134835 -0.00831353 -0.0150656 0.012074 -0.00032108 -0.00429315 0.000154927 -0.0040567 -0.00166299 -0.00116349 0.00416301 -0.00929692 -0.00203762 -0.0124248 -0.0113015 -0.0010783 0.00123159 -0.00954788 -0.00943858 0.00541679 -0.000312033 -0.00537752 -0.00339327 -0.00961256 0.00625096 -0.00609123 -0.00404932 0.00465578 0.00800255 0.00937084 0.000424449 0.0115223 0.000121027 0.00956457 -0.00379654 -0.00198151 -0.00360571 0.0311843 0.000111515 0.00403419 -0.00391945 0.00162552 -0.0107167 -0.000527214 -0.0084232 -0.0187717 -0.0113721 0.000495491 0.00262416 0.0043284 -0.00175451 -0.00389548 -0.00290942 -0.00514298 -0.001749 0.0231151 -0.0114173 -0.00360675 0.00897701 -7.87073e-05 -0.000743372 -0.016184 0.000310464 -0.0107608 -0.000813719 0.00236874 -0.00102036 -0.00525802 -0.00825103 0.0189852 -0.00288798 0.00334374 -0.00564898 -0.0140641 
-0.0143294 0.00883204 -0.00953648 0.019023 0.05661 -0.00453865 -0.00713577 -0.0223372 -0.0308135 0.0113636 0.00304475 -0.0213923 0.0255445 -0.00672734 0.0118483 0.0146249 -0.000860015 -0.00604455 -0.0171404 -0.031798 0.0439106 -0.000384657 -0.021995 0.0181548 -0.00245707 -0.00246664 -0.00831353 0.24989 -0.00451782 -0.012879 -0.00618345 -0.0302405 0.0051281 0.00540254 -0.0100251 -0.0140881 -0.00608238 0.00900875 0.0112615 0.00128028 0.0114633 -0.0120374 -0.0127769 -0.0131834 -0.0507754 0.0067261 -0.0100808 -0.0164186 0.0238562 -0.0280351 0.0062985 0.0473665 -0.00735223 -0.0134022 -0.000569626 -0.00904938 -0.0225107 -0.00197295 0.000721066 0.00570451 -0.00793617 0.00549312 -0.0313999 -0.0401579 -0.0107822 -0.0241833 -0.00156262 -0.0258094 -0.00660652 -0.00809911 0.0112146 0.0312137 -0.0129757 0.0139734 -0.0269699 -0.0142252 -0.00102642 -0.00221758 -0.00160306 -0.0067875 -0.011153 0.0267442 0.0053747 0.00131913 0.0219074 -0.0111248 -0.00407837 -0.00980545 0.00358018 0.0094575 -0.0235317 -0.00158449 -0.000593418 0.0121114 0.0193843 0.0196529 -0.00269014 -0.00140391 -0.0151992 0.0154683 
0.0085853 0.0128254 -0.0131899 -0.0206877 0.0182357 -0.000972346 -0.00593786 -0.000151233 -0.0157377 -0.00346944 -7.47024e-05 -0.00318479 0.0249192 -0.00125238 0.000519276 0.00596196 -0.00394362 -0.0026277 0.00771411 -0.0222646 0.00748907 0.00742504 -0.000642931 -0.00359863 0.00635827 0.0229324 -0.0150656 -0.00451782 0.157537 -0.0152638 -0.000127252 0.00316099 0.00615576 -0.00968852 -0.00126935 -0.0016272 0.00107161 -0.00298443 -0.000715085 -0.0109038 0.00126372 -0.00480673 -0.00621373 0.0019105 -0.00815158 -0.00216778 -0.0111099 0.00847407 -0.00625953 0.0023934 -0.00270551 0.00133376 0.00258573 -0.00413182 0.000187626 -0.00779612 -0.013088 0.00595798 -0.0191355 -0.00382355 -0.00291296 0.00186238 -3.23019e-05 -0.00188261 -0.00249281 -0.00589837 -0.00224737 0.00915127 0.0024839 -0.00154188 -0.0267045 0.0287777 -0.0121119 -0.00289551 -0.0100671 -0.00617839 -0.0017083 0.00184974 -0.00242341 -0.00784545 -0.0014404 -0.00926968 0.000502203 -0.0076194 0.00437192 -0.0181493 -0.00265284 -0.003957 0.00278302 0.00242537 0.00689521 0.000830341 -0.00029736 -0.00187542 0.0302735 -0.0235736 -0.0218364 -0.00170524 -0.0074927 0.0288964 
0.0170334 -0.0133037 0.00790852 -0.027896 -0.02193 -0.00415119 0.0112459 -0.0138689 0.0172981 0.00810885 -0.00707809 0.0434625 -0.0406442 -0.00212894 -0.000949705 -0.0414729 0.0133901 0.000120847 0.00418727 0.0101388 -0.0241472 0.0108631 0.00389712 -0.00972916 0.00429304 0.036739 0.012074 -0.012879 -0.0152638 0.169264 0.00701094 -0.00286257 -0.000533831 -0.0164424 0.00277159 0.00275235 0.00185185 -0.00950186 -0.000264444 0.0392641 -0.0133831 -0.00175697 0.00409145 -0.0064453 0.0135324 -0.00749302 0.0188898 -0.00702005 -0.0139035 -0.0222683 -0.00157798 -0.010443 -0.00303816 0.00175421 0.000207528 0.0359433 0.0187559 0.000845999 -0.0359456 0.0157017 0.0101336 -0.00259904 -0.00953803 0.0137572 0.0061692 0.0220492 -0.00853683 -0.0172532 -0.0131998 0.00157907 0.00261477 -0.0151902 -0.00392392 -0.0121335 0.0148328 -0.0120909 -0.00276697 -0.00457923 0.00663066 0.000856472 -0.00248215 -0.0101419 0.00757733 0.0129184 0.00517114 0.0145225 -0.00320229 0.0112371 -0.00327549 -0.0100653 -0.0282488 -0.000937858 -0.000711818 -0.00974511 -0.0283147 -0.00698678 -0.0102747 -0.00836099 -0.0099717 -0.0405936 
0.00169574 0.00801618 -0.000247878 -0.00605765 -0.00737749 -7.82248e-05 -0.00118337 0.00180521 -0.00165885 -0.000631867 -0.00182424 0.000295685 -0.00642605 -0.000165792 -0.000145998 -0.00231114 -0.000215403 0.000320345 0.000977673 -0.00208997 -0.0014647 0.000789518 0.000433581 -0.00412626 0.00186143 0.00209594 -0.00032108 -0.00618345 -0.000127252 0.00701094 0.0384607 0.00569598 -0.000444675 0.000439761 -0.00130574 0.00134494 -0.000932391 -0.00284663 -0.000419122 0.00802687 0.0023659 0.00124783 -0.00123776 0.00335368 -0.000813743 -0.00116428 -0.000742004 -8.3628e-05 0.00114964 -0.0015939 0.00135598 -0.00438728 0.00029688 0.000627842 -0.000544897 -0.00164511 0.00333445 -0.00404955 -0.0010062 -0.00115019 0.0003909 -0.00206719 0.00292939 -0.00211055 0.000111998 0.000577153 -0.00123618 0.00193802 -0.00164127 8.39208e-05 -0.00410804 -0.00262584 -0.000490304 -0.00239376 0.000841727 0.000410523 -0.000548675 -0.000167066 7.28756e-06 -0.000852734 -0.00081601 -0.00204077 0.00364682 -8.67039e-07 -0.00352612 0.00167913 0.000769875 -0.00157433 -6.44458e-05 -0.00212228 -5.12122e-05 -0.000332877 -0.000260847 -0.00300851 -0.00320222 -0.00196054 -0.00408923 -0.00126566 0.00399786 -0.000825989 
-0.00366775 0.00543554 0.00441047 -0.00762316 -0.0211786 -5.51447e-05 -0.00124035 0.0214275 0.00687626 -0.00200619 -0.00179228 -0.00122218 0.00193232 -0.00320131 -0.00421656 -0.00279063 -0.00294166 -3.10916e-05 -0.00172851 -0.00517331 -0.00424217 -0.00890063 0.0123063 -0.00630059 -0.00277162 0.00184065 -0.00429315 -0.0302405 0.00316099 -0.00286257 0.00569598 0.111226 -0.00369744 0.00184097 -0.00360606 0.000446328 0.00236843 -0.00176684 -0.00208902 0.00943663 -0.00324149 0.011888 -0.00198064 0.00354842 -0.0031195 -0.00232858 -0.00111817 0.00924519 0.00802216 0.00438736 -0.00190026 -0.0143582 0.00474523 0.0109589 -0.00118194 0.000176572 0.00101348 0.000359311 -0.00426587 -0.0164951 -0.00163689 -0.000723475 0.000892451 0.00587386 -0.00303123 0.00665429 -0.00275469 0.0156441 0.000785286 0.00180555 -0.00315868 -0.0106251 -0.00226585 -0.0056797 -0.00218573 -0.00633782 -0.000413666 -0.0031186 -0.00204901 -0.00183397 0.000476782 -0.0162425 0.00763994 -0.00212752 -0.0396479 0.0119756 0.000534784 0.0116241 -0.00171345 -0.00579259 0.00325616 0.000518901 -0.000323847 -0.00405269 -0.0176152 -0.00207814 -0.00216669 -0.00264236 0.020495 -0.0110799 
-0.00687373 -0.0173115 -0.00946044 -0.0131692 -0.00817982 2.9055e-05 0.00400915 -0.00598396 -0.0101277 -0.0038906 -0.000960344 0.00806828 0.00121636 -0.000259388 -0.00271703 -0.0107598 0.00038752 -0.00200338 -0.000568168 -0.00201584 -0.00690937 0.0115022 -0.000371392 0.00210544 0.000535035 0.00674385 0.000154927 0.0051281 0.00615576 -0.000533831 -0.000444675 -0.00369744 0.083519 0.00581903 -0.00405462 0.00202098 -0.00158159 0.00105897 0.000388478 0.00140238 -0.00245727 -0.00170018 -0.00138128 0.000617751 -0.00585913 -0.000851351 -0.00502527 0.00277092 -0.00203055 0.0158934 -0.00032505 -0.00177445 0.000441908 -0.00133639 0.00199722 -0.000269298 -0.00851477 -0.00210562 0.0127292 0.0167311 0.000359619 0.000938171 0.0107303 -0.00765868 -0.00228208 -0.00168358 0.00502675 -0.00746572 -0.00588013 -6.44203e-05 -0.0121428 0.000921295 -0.00409979 -0.00157161 -9.82072e-05 0.00557926 -0.000317332 0.00478375 -0.00253169 -0.00252419 9.91415e-05 -0.0172042 -0.00816816 0.00129414 0.00588596 -0.0125276 -0.00187693 -0.00552929 -0.000735975 0.00103968 -0.0109429 3.0633e-05 -0.000933769 -0.00839804 0.0136343 0.00612389 0.00310225 0.00398615 -0.00378843 0.00896872 
-0.0209063 -0.025866 0.00651684 -0.0119036 -0.0359463 -0.00206308 0.0146035 0.0112283 0.00633564 0.00121183 0.00214885 -0.0037663 0.0243187 0.00223619 -0.000380006 -0.024281 -0.0009283 -0.00503175 -0.00276987 -0.0136141 -0.0212095 -0.0148177 0.0038896 0.00308987 -0.00773205 -0.0103662 -0.0040567 0.00540254 -0.00968852 -0.0164424 0.000439761 0.00184097 0.00581903 0.143257 0.00668133 0.00828683 -0.00277462 -0.00310628 0.00122474 -0.000886751 0.000765669 0.00039103 -0.00466355 -0.00244808 -0.013092 -0.00619373 -0.00510832 -0.000331334 -0.00374886 0.0110566 -0.00154693 -0.0111972 0.000503215 0.00696243 0.00379512 -0.00756678 0.00161999 -0.0109404 0.0466147 0.0111105 -0.000466092 -0.00513774 0.00742576 0.000397407 -0.00835668 -0.00904844 0.00635553 -0.0130681 0.00533902 -0.00273295 0.0105459 -0.00886088 -0.00709479 -0.00382105 -0.0104411 0.00514722 -0.00092484 -0.00316171 -0.00450379 -0.0029553 -0.003816 -0.00041295 0.0147717 -0.00266535 0.0077514 -0.0143728 0.0037662 -0.0058369 -0.00224791 -0.00142562 -0.0086409 -0.00158679 0.0017525 -0.00488208 0.00446398 0.0307837 0.0012287 0.00447855 -0.000807342 -0.00291526 
-0.00370649 -0.00523033 0.00109361 0.0119267 0.000740208 -0.000420801 0.010909 6.27641e-05 -0.0065994 -0.00176005 0.0016863 0.00920341 0.00561091 -0.0025774 -0.00130076 -0.00351406 -0.00309789 -0.000863801 -0.00095927 -0.000349962 -0.0230802 -0.00616055 -0.00424031 -0.0240726 -0.00749846 -0.00587103 -0.00166299 -0.0100251 -0.00126935 0.00277159 -0.00130574 -0.00360606 -0.00405462 0.00668133 0.100839 0.00334867 0.000379791 0.00124347 0.0022316 -0.00563914 -0.0217269 -0.000417311 -0.00222844 -0.00384367 0.00330292 0.00378186 0.00559929 0.00239376 -0.00753515 -0.00291921 -0.00286248 -0.00611099 0.00813015 0.00134164 -0.00058064 0.00213572 -0.00449464 0.0134907 0.00486522 0.0150314 0.000149368 -0.00343696 -0.00372159 0.00564415 0.00319751 -0.00886589 -0.0032482 -0.00453424 0.0120193 0.000874502 0.0216834 -0.0175103 -0.00245306 -0.000974709 0.000887868 0.00165275 0.00402426 -0.00287246 0.00254389 0.0014815 -0.00115628 0.0161561 0.00234629 0.00395444 -0.00474709 0.00675953 -0.000831256 -0.00297255 -0.00162294 -0.00595552 -0.00574351 -0.000240284 0.00170466 0.00811619 -0.0118143 -0.00175642 -0.0144951 -0.0038646 -0.00303408 -0.0245597 
