0.00930311 -0.000359767 0.000374714 0.000673909 0.000227411 -0.00161445 -0.000422295 0.000684855 0.000719427 -0.000689364 0.00118833 -9.03682e-05 -0.000820031 -3.93804e-05 6.19698e-05 -0.000282168 0.000140305 0.000262082 -0.000249031 -0.000453669 -0.00103881 0.000199761 0.00145943 -0.000173412 0.000548673 2.62096e-05 -0.000200538 0.000585994 0.000205357 3.52312e-05 -8.43446e-05 -0.00227672 -0.00119008 0.000186243 0.0013368 -0.00251776 -0.0016495 -0.000289055 0.000244319 9.18722e-06 -0.000191301 -0.000918143 -0.000422136 5.69057e-05 -4.45181e-05 -0.00106261 0.00020233 8.70618e-05 -0.000869222 -0.00130135 0.00211674 0.000208185 0.00154898 -0.000806898 0.00178333 -0.000837094 0.000245044 -0.000534589 0.000277957 5.43729e-05 -0.000117762 0.000464502 -0.000203981 8.38965e-06 0.000211107 -0.000471547 -0.000144028 1.65246e-06 0.000397823 6.28821e-06 -0.000135617 9.30419e-05 0.000678526 -0.000871637 0.000498095 0.00121196 -0.00155915 0.000251751 -0.0008025 9.00873e-07 -0.000234826 0.000935777 0.000309796 -0.00032558 1.05276e-05 0.000559417 -0.000491869 0.000767324 -0.000628713 0.000229596 0.000234568 -0.00017817 -0.00250833 -0.00103572 -2.22505e-05 -7.32895e-05 0.000376208 0.000667991 -0.00137195 -0.000363947 
-0.000359767 0.0891264 -0.00144974 -0.00398546 -3.36716e-05 0.0175841 0.0136421 -0.00185712 -0.00169938 0.00493182 -0.015426 0.0150798 -0.0071078 0.00191096 0.00987806 -0.00241576 -0.0026587 -0.00129502 -0.0200576 -0.00203749 -0.00672853 0.0122424 -0.0120737 0.00393767 0.000321535 0.00200372 0.00551439 -0.00139206 0.000885555 -0.00271801 0.000465542 0.00717168 0.0195677 0.000385929 -0.0125753 -0.00357855 0.011388 -0.000159445 -0.00105833 0.00423862 -0.00266262 -0.00681161 -0.00192778 -0.00118959 -0.000913705 -0.0112659 -0.00415805 0.00414903 -0.0101558 -0.0118325 -0.0111932 -0.00305501 -0.00984846 0.0118611 -0.00833767 -0.0073203 0.000208809 -0.00332452 0.0012097 -0.000115411 0.00101706 -0.0205488 0.00232474 -0.0015453 0.00171546 -0.00478365 0.00356491 -0.000407383 -0.00371179 0.00244797 -0.000945256 0.00226887 -0.000429787 -0.0112184 -0.0007516 -0.0096537 -0.00912419 0.013814 -0.0003745 0.00726459 -0.00203974 -0.000492159 -0.00185152 -0.000856127 4.35646e-05 -0.000146394 0.000163882 -0.0123705 -0.00108151 -0.00576083 0.00226899 0.000438328 -0.00402307 -0.0100125 -0.000782292 -0.00136679 0.00853 0.00334994 0.0138437 -0.00170314 
0.000374714 -0.00144974 0.0600368 -0.00221067 0.00400522 0.00189632 -0.00101814 0.000839528 -0.000147005 0.000907245 -0.00508136 0.00875908 -0.00542062 -0.00492393 0.000976346 -0.0029158 -0.00192207 0.00129164 -0.00851999 0.00415811 0.00336854 0.00314453 -0.00950463 0.00221207 0.00103064 -0.000739853 0.00188197 0.000225875 -0.000241267 0.00807905 0.000303466 -0.000257706 0.00175915 0.000704957 -0.0023565 0.000311132 -0.00517041 -0.00118068 -0.00532742 -0.00195073 -0.0188877 -0.001128 -0.00773476 -0.000115638 -0.000285584 -0.00756092 -0.000543854 0.00197901 0.00814522 -0.0112636 -0.00463221 0.00113206 -0.00275162 -0.00572458 -0.00123268 0.00127591 -8.15714e-05 -0.00353987 -0.000878952 -0.000348549 -0.000106847 -0.00986589 0.00313469 0.00636789 0.00136061 0.00101285 0.000795704 0.00143007 -0.00450632 0.00075446 0.0008816 -0.000438898 0.00405226 0.00315748 0.00185963 -0.00573875 -0.00190945 -0.00283401 0.000856639 -0.000440922 0.00638062 -0.00273574 0.00317429 -3.49459e-05 -0.00784393 0.00323636 -0.000650146 -0.00361999 2.76491e-05 0.000236888 0.0015309 0.000879484 -0.00775703 -0.000826205 0.00154881 0.00158722 0.00123995 0.00264853 0.0043337 0.00507082 
0.000673909 -0.00398546 -0.00221067 0.208177 0.00630069 -0.0396047 -0.0234849 -0.00400575 -0.00743738 -0.0013492 -0.0295531 -0.00228554 0.00386366 -0.000479911 -0.002255 0.0085348 -0.034312 -0.000947971 -0.000111024 -0.00319758 -0.000518615 0.00372062 0.0443183 0.000820378 0.00366319 -0.0039573 -0.00212962 0.00567092 0.000827841 -0.0116744 0.00380431 -0.00702903 -0.00982373 -0.00267496 -0.0233757 0.0258672 0.00993728 0.0090037 -0.000503681 0.00564271 0.000756047 -0.0234846 0.0260308 -0.00478279 -0.00360425 0.00875311 -0.00420555 -0.0053526 0.0142837 -0.0127555 0.00741974 -0.00676707 -0.010487 0.00195185 0.00302114 0.00299157 0.000335201 0.017405 -0.00183621 -0.00204071 -0.00189506 -0.00993968 -0.00905473 -0.00261602 -0.000620161 -0.00105584 -0.000752045 -0.000785293 0.00256294 -0.00443771 -0.00268754 -0.00307634 -0.00316101 -0.0265299 -0.00758384 -0.0371097 -0.00481619 0.00123385 0.000700726 -0.0019639 -0.00221444 0.0114396 0.00164611 -0.00500255 0.0023074 0.000986475 -0.0144956 -0.0324114 -0.000620235 0.011387 -0.00726593 0.00888543 0.0251127 -0.00922734 -0.0016858 0.000240561 0.0284045 -0.00567425 -0.03042 0.000644239 
0.000227411 -3.36716e-05 0.00400522 0.00630069 0.0364978 -0.00214818 0.000381006 0.000848205 -0.000577889 0.000150269 -0.00102401 0.00268337 -0.0010033 -0.00297823 0.000299784 -0.00122822 -0.001903 0.00281866 0.0019047 -0.00232135 -0.00682867 0.00882339 0.00921532 0.00105669 2.09334e-05 -0.00042188 -0.00154875 0.000173824 2.1384e-05 -0.000848084 -0.00128022 -0.0106072 -0.00391864 0.000478858 -0.0012062 -0.00504037 -0.00867454 -0.000113117 -0.00119288 -0.000335076 -0.00807462 -0.00220059 0.000669513 -0.000245648 -0.000220006 -0.0066531 0.000439362 0.000820218 0.0021911 -0.00797164 -0.00250284 0.000970342 -0.00114888 0.000275351 0.00259189 -0.00259398 0.000871503 -0.00111389 0.000876136 0.000411796 -0.000253347 -0.0016534 0.00289993 0.000227631 0.0023312 -0.00270279 -0.00102169 -0.00042054 0.00047452 0.000313322 -0.000130543 0.000254601 0.0013003 0.000116494 0.00253129 -0.00324155 -0.00197714 0.00189086 -0.00215911 0.00326994 0.00539102 0.00260085 0.000891278 0.0009951 0.00327769 0.00278484 -0.00273447 -0.00179643 0.00195771 -0.00206215 -4.32766e-05 0.00404689 -0.00704447 -0.00776995 -7.44469e-06 -0.00057646 0.00602242 -0.000292905 -0.00469295 -0.00106328 
-0.00161445 0.0175841 0.00189632 -0.0396047 -0.00214818 0.215096 0.0279318 -0.00780926 -0.0051234 -0.0205867 -0.0067761 -0.00529079 0.00391062 0.0268007 -0.00777222 -0.0289147 0.0203151 -0.00465833 0.00723004 0.000593677 0.046007 0.00460801 -0.066225 -0.00573682 0.00272358 0.000361255 -0.00364249 -0.0166622 -0.00229121 0.00281245 -0.00710295 0.0786899 0.0209143 -0.00228169 -0.0306422 0.021904 0.0206747 -0.00869274 -0.00928736 -0.00743981 0.0406083 0.000331717 -0.0372669 -0.00426155 -0.00181796 0.0404812 -0.0140812 -0.0195806 0.0189871 0.033191 -0.0503927 -0.0078058 -0.0223704 -0.00356483 -0.0321572 -0.0133035 -0.00273625 -0.0244728 -0.00312062 0.000270384 -0.000886493 -0.0214217 -0.0183789 -0.00534534 -0.00143496 -0.0251056 -0.0053729 -0.00288728 -0.0294701 -0.00357788 -0.00711351 -0.00677275 -0.000987939 0.0104116 -0.00733101 0.0151635 0.0382152 -0.00736539 0.0241832 0.0120793 -0.0145696 -0.0228236 -0.00832298 -0.00615311 -0.0239221 -0.0066068 -0.0108985 -0.0036505 -0.0100769 -0.012137 -0.00753638 -0.00763439 0.020186 0.00115744 -0.0032358 -0.0052259 -0.0238949 -0.00208892 0.0419463 0.0221987 
-0.000422295 0.0136421 -0.00101814 -0.0234849 0.000381006 0.0279318 0.233269 0.0086411 0.00680309 -0.00314459 0.0595668 -0.00512295 -0.0153617 -0.0172402 0.00337934 -0.0331631 0.0827571 0.000430559 -0.0366266 -0.0107663 -0.000609979 0.0226676 -0.0148217 0.00372445 -0.0289729 -0.00429397 -0.00942977 0.00619492 -0.00240441 -0.00750433 -0.00550324 -0.0157925 -0.0420288 0.00391376 0.0371086 -0.0537201 -0.0132856 -0.00672325 0.0032832 -0.00125223 0.0191252 -0.000512291 -0.0206701 -0.00135724 0.00148057 -0.0114511 -0.0233839 -0.00412286 -0.0211779 -0.00883983 -0.00384684 0.00387624 -0.012216 0.0260945 0.0276131 -0.0243657 0.00304723 -0.0247919 0.00059083 0.00208438 -0.00442332 0.0536747 -0.0280912 -0.0095397 0.00202227 -0.0207118 -0.0133123 -0.00327802 -0.0280489 0.00622421 -0.00509091 0.00580899 3.87387e-05 0.0357455 0.00984443 0.0171678 0.00119312 0.0155077 0.00356705 0.00333184 0.00899491 -0.00846011 -0.0118673 -0.0132206 -0.0270398 0.00183095 0.0130289 0.00541011 -0.0130434 -0.0170941 -0.00718444 -0.0135473 -0.052079 -0.0131529 0.000662206 -0.00116706 0.00198666 -0.0133046 0.0282225 0.00121737 
0.000684855 -0.00185712 0.000839528 -0.00400575 0.000848205 -0.00780926 0.0086411 0.0395015 0.00204394 -0.00232036 0.0135259 -0.00191014 -0.00412092 -0.00693913 0.00107855 -0.00302933 0.00542496 -0.000124313 -0.00165663 -0.00138863 -0.0106944 -0.000536856 0.00414054 0.000514398 -0.00281983 -0.00056289 -0.000241486 0.00102359 0.00015459 0.00395593 0.00044619 -0.0149527 -0.00787911 0.00131305 0.0151248 -0.0196816 -0.00580389 -0.000511752 -0.00310969 -0.000980991 -0.00391611 -0.00145633 0.00334474 0.000210427 0.00206939 -0.00918553 -0.00139884 0.00508957 -0.00627593 -0.00879136 0.0158374 0.00144932 0.00228693 -0.00473451 0.0104064 -0.00296563 -0.000264079 0.000503044 0.00130743 0.000551206 -5.60408e-05 0.00929339 -0.000485861 -0.000724976 0.00162238 0.00335278 -0.00100682 -9.33688e-05 -0.00403069 0.00221022 -0.000424093 0.000977964 -3.80676e-05 0.00187095 0.00106094 0.00908872 -0.00479973 0.00164662 -0.0017788 -0.00252303 0.000207129 -0.000288714 0.00157352 -0.00109844 -0.00118553 0.0010146 0.00625369 0.00863714 -0.00335033 -0.00192781 -0.000657588 -0.00096103 -0.0158042 0.0022403 0.000552433 0.00156656 -0.00175723 -0.000455488 -0.00799079 -0.00212333 
0.000719427 -0.00169938 -0.000147005 -0.00743738 -0.000577889 -0.0051234 0.00680309 0.00204394 0.0559057 0.000452116 0.0128112 -0.000182592 -0.00135271 -0.00156648 0.000472017 -0.00334941 0.00512601 0.00244034 -0.0137595 -0.00301619 -0.00902757 0.000109688 0.00928592 0.00307008 -0.00375868 0.000107705 0.0149585 0.00372877 0.000163795 0.0061846 0.00314556 -0.008081 -0.00783402 0.000160247 0.00582529 -0.023589 -0.010046 -0.000608951 0.000576741 -0.000980494 -0.0115912 -0.00173405 0.0156261 -0.000569417 -0.000264614 -0.016882 -0.00278045 -0.00049922 -0.0101504 -0.0107716 0.000781871 -4.97874e-05 -0.00426189 -0.000313055 0.00512697 -0.00529217 0.00184107 0.0107457 0.00200637 -0.000162748 0.000242944 0.00880982 -0.00565767 -0.00175842 -0.000421999 -0.00349495 -0.00124281 -0.000575624 -0.00140027 -5.6506e-05 -0.00142402 0.00302075 0.000538993 -0.000320334 0.000501954 0.00420459 -0.00802538 0.0052522 -0.00420055 -0.00156563 0.000167385 -0.00104577 -0.00165902 -0.00180241 -0.00289388 0.000293372 -6.26667e-05 0.0100455 -0.00314396 0.00185459 0.00636301 -0.00134024 -0.0180277 0.00301829 0.000713996 0.000539485 0.00398633 -0.00150795 0.0122663 -0.00295037 
-0.000689364 0.00493182 0.000907245 -0.0013492 0.000150269 -0.0205867 -0.00314459 -0.00232036 0.000452116 0.111195 0.00159647 0.00105623 0.0078407 -0.0185283 -0.00154344 -0.00316131 0.0138179 0.000141035 -0.00360453 -0.00713135 -0.0179848 0.0053388 0.00889482 -0.00116174 -0.00134742 -0.00118706 -0.000390295 0.017829 -0.000572961 -0.00273605 -0.00123045 -0.0266035 -0.00361668 0.00024086 0.000659777 0.00125351 -0.0118037 0.000112714 -0.0088029 -0.000994273 -0.00792013 -0.00554022 0.00996514 0.00352305 -0.000303535 -0.0217925 0.00626632 0.00268182 -0.000466552 -0.0088859 0.00495541 0.0036381 -0.00459462 -0.00122388 -0.00536701 -0.00768443 -8.56234e-05 -0.00132417 -0.000795757 0.000840469 2.06477e-05 -0.00538253 0.0117644 -0.000309008 0.000424075 -0.00727762 0.00551631 0.000285317 0.00877129 0.00101106 -0.00112082 0.00394789 0.00173087 -0.00406992 0.000420243 0.00280078 0.00617178 0.0201201 -0.0048967 -0.0050679 0.0156931 0.00831395 0.00434244 0.000357227 0.0225199 -0.000767339 -0.00808015 -0.00689924 0.00671618 -0.00464653 0.00188133 -0.00662614 -0.0127871 -0.0289798 -4.66561e-05 5.6374e-05 -0.00617544 -0.00447399 -0.0118383 -0.00523306 
0.00118833 -0.015426 -0.00508136 -0.0295531 -0.00102401 -0.0067761 0.0595668 0.0135259 0.0128112 0.00159647 0.223337 -0.0125834 0.00262515 -0.00729642 -0.00118451 -0.0212443 0.108641 -0.00102085 -0.0128808 -0.00530974 -0.018313 -0.0039054 -0.0050445 -0.0102083 0.00172142 -0.000953279 -0.000314458 0.00166697 -0.000471125 0.0194808 -3.86185e-05 -0.0412717 -0.0476418 0.00290483 0.0553296 -0.0523359 -0.0216064 -0.00724175 -0.010914 -0.00855158 0.00516459 -0.0189666 -0.0163769 -0.00210447 0.00378949 -0.0343424 -0.0164701 -0.00304459 -0.0547079 -0.00225245 0.028718 0.00824206 -0.0129928 0.00506985 0.0352773 -0.00984733 4.89257e-05 -0.0146181 0.0026325 0.00281778 -0.00228324 0.0427944 -0.0244979 -0.00832286 0.000854699 -0.00287567 -0.0175819 -0.00142769 -0.0284556 0.00562596 -0.00454358 0.00211816 0.000894607 0.0095833 0.00327823 0.0386748 -0.0281374 0.0216391 -0.0111665 -0.00516967 0.00661284 -0.0129861 -0.013379 -0.00945029 -0.023089 -0.00142531 0.0232437 0.0824958 -0.0204769 -0.0152503 -0.00138137 -0.0173584 -0.0745153 0.0405032 -0.0001358 0.00184418 -0.0161693 -0.0139103 0.0275685 -0.0159819 
-9.03682e-05 0.0150798 0.00875908 -0.00228554 0.00268337 -0.00529079 -0.00512295 -0.00191014 -0.000182592 0.00105623 -0.0125834 0.146801 -0.0168604 0.0277592 0.0205898 0.00805003 0.011339 -0.00091655 0.00352897 -0.00447507 -0.00119286 0.00974268 -0.00733556 0.00243422 0.0147145 0.00290988 0.0235644 0.00751504 0.00126287 0.0169122 -0.0070132 0.000229864 0.00784703 -0.000210141 -0.0277193 0.0105095 -0.0267777 -0.00233558 0.00858555 -0.00192378 -0.0616077 -0.0123936 -0.025591 0.00261684 -0.00240951 -0.0354708 -0.00597227 0.0104396 -0.00942778 -0.0141127 -0.0162563 0.00209759 0.00386781 0.0124098 -0.0110797 -0.0105981 -0.0013302 -0.00431748 -0.00130687 -0.00112192 0.00246081 -0.0139045 0.0131138 0.0079461 0.00281589 0.00833361 0.00515877 5.1504e-06 0.000726334 -0.00178902 0.00161342 0.000153015 0.00177939 0.00290527 -5.23474e-05 -0.0284938 -0.0400405 -0.00948918 0.000793986 -0.00221849 0.00979825 0.00306 0.00135851 -0.00246052 -0.00229175 -2.72514e-05 -0.014694 -0.0178646 0.00135239 -0.0041427 0.0126854 0.00138077 -0.0365527 0.000632272 -0.00104835 0.000482038 0.0236812 0.0243767 0.00752491 -0.00515235 
-0.000820031 -0.0071078 -0.00542062 0.00386366 -0.0010033 0.00391062 -0.0153617 -0.00412092 -0.00135271 0.0078407 0.00262515 -0.0168604 0.128294 0.00328347 -0.00413299 -0.00158424 0.00607729 0.00211506 -0.0192391 -0.00313881 -0.0090321 -0.00585126 -0.00066354 -0.0018149 -0.00377709 0.00489552 -0.00423684 -0.00647858 -0.000596275 0.00450474 -0.00288411 0.0030324 -0.012168 -0.000998078 -0.018919 -0.00154667 0.00766059 0.00253764 -0.00334512 -0.00187414 0.0359135 0.0156099 0.0136769 -0.00276272 -0.00100942 -0.00916874 0.000887036 -0.00943585 -0.0119686 0.0143634 -0.00854542 0.000531277 -0.00781047 -0.00390862 -0.00482991 -0.0102959 -0.000141518 0.00233567 -0.000737613 -0.000887046 -0.00150465 -0.012893 -0.00644759 -0.00141949 -0.00232786 -0.00657609 -0.00383721 -0.00105488 -0.00882021 -0.00257286 -0.00305929 -0.00057858 -0.000368563 -0.00741783 -0.00194914 0.00611154 -0.0151242 0.0133681 -0.00783154 -0.00473087 -0.00492398 0.0038182 -0.002818 -0.00218739 0.0240846 -0.00178706 0.000490572 -0.00351931 -0.00466481 -0.00101376 -0.00327203 -0.00657041 0.00861582 0.00501204 0.000363008 -0.00139644 0.00573985 -0.0069966 0.0201003 0.00183147 
-3.93804e-05 0.00191096 -0.00492393 -0.000479911 -0.00297823 0.0268007 -0.0172402 -0.00693913 -0.00156648 -0.0185283 -0.00729642 0.0277592 0.00328347 0.166798 0.00515108 0.00440199 -0.0048499 -0.00040013 0.000224201 0.00232009 0.0361662 -0.0052514 -0.0169085 -0.00532505 0.00372189 0.00149155 0.0109342 -0.0085556 -0.000407209 0.00657662 -0.00724994 0.0438061 -0.000557192 -0.00223741 -0.0213537 0.010663 -0.00048644 -0.00637312 -0.00333723 -0.00438646 -0.0164282 -0.00538738 -0.0317939 -0.00336995 -0.0028463 0.00636987 -0.00766117 -0.00304115 0.00552593 0.0315356 -0.0279965 -0.00513093 -0.00298855 0.0311643 -0.0168401 -0.0130469 -0.00242376 -0.0130522 -0.0026376 -0.000318235 0.00418767 -0.0236943 -0.0147258 -0.00261008 -0.00272687 -0.0147383 -0.00561349 -0.00197586 -0.0151675 -0.00351445 -0.0015091 -0.00408434 -0.00265565 0.00259649 -0.0064062 -0.0153701 -0.0249505 -0.00829558 0.00144982 0.0066067 -0.00541718 -0.00320567 0.00398052 -0.00564318 -0.00958409 -0.0049155 -0.0113742 -0.0114088 -0.000180058 0.00444301 0.00546842 -0.0015149 0.0102493 0.00888336 0.000277396 -0.00404038 0.00368584 0.00631189 0.0260944 -0.0028831 
6.19698e-05 0.00987806 0.000976346 -0.002255 0.000299784 -0.00777222 0.00337934 0.00107855 0.000472017 -0.00154344 -0.00118451 0.0205898 -0.00413299 0.00515108 0.0519589 0.0106923 0.00577484 -0.000349869 -0.00721112 -0.00231944 -0.00676492 0.000994153 -0.0068992 0.00294086 0.00136262 -0.000283049 0.00449849 0.000773586 0.000316047 -0.00177925 -0.000838735 -0.00702552 0.00538134 0.0002995 -0.00197962 -0.00441724 -0.0114759 -0.000463979 -0.00101722 -0.000748737 -0.0151037 0.00025939 -0.00536827 0.0021365 -0.00022496 -0.0151468 0.000571337 0.0152595 -0.00564126 -0.0119851 -0.00140442 0.000313476 -0.00231642 0.0056007 -0.00384945 -0.00311862 -0.000291665 0.00258816 0.000413111 -0.000438004 0.00167716 -0.00672029 0.00843684 0.00181455 0.000592955 0.00256863 -0.0012701 -0.00017942 -0.0023867 0.000103673 0.002854 0.000795258 0.000682903 0.000341601 -0.000131935 -0.00976528 -0.0148118 0.00288336 -0.00308447 0.00185123 4.29578e-05 -0.000747554 0.00012517 -0.000865915 -0.00362652 -0.000517403 -0.00207041 -0.00536111 -0.00409683 0.00281959 0.00846512 0.000752671 -0.0112215 0.00136806 0.000596572 0.000176987 0.00547841 0.00312288 0.00346706 -0.00283163 
-0.000282168 -0.00241576 -0.0029158 0.0085348 -0.00122822 -0.0289147 -0.0331631 -0.00302933 -0.00334941 -0.00316131 -0.0212443 0.00805003 -0.00158424 0.00440199 0.0106923 0.107261 -0.0267786 7.27569e-05 0.0129288 -0.000461804 -0.00831718 -0.0063652 0.0141439 0.00284807 -0.0010451 -0.00246284 0.00684437 -0.00115269 0.00100928 -0.00197837 0.000137127 -0.0183165 0.0101009 -0.000483721 -0.0168014 0.00824162 -0.0118684 0.00275194 0.00582306 -0.000632792 -0.0149726 0.00307007 0.00937093 -0.00065283 0.00037154 -0.0194186 0.0131395 0.0214502 -0.00235937 -0.0136612 0.0031018 0.00152436 -0.00065039 0.00154965 -0.0043009 -0.0106578 -0.0010973 0.016652 -0.00105156 -0.00140713 0.00437925 -0.0115181 0.0234121 0.00910848 -0.00168183 0.0156624 0.0043213 0.00115 0.00133877 -0.00170039 0.00249094 -0.000874771 -0.000654103 -0.009602 -3.83745e-05 -0.0212482 -0.0188746 -0.00358585 -0.00796711 -0.00285119 -0.00353018 -0.00237524 0.0010594 0.0011604 0.010401 -0.00245553 -0.00434631 -0.0142349 0.00215497 0.0129777 0.00392692 0.000941802 0.00987444 0.00476264 -0.000362543 -0.00237259 0.0140592 0.00058136 -0.0144574 -0.00492164 
0.000140305 -0.0026587 -0.00192207 -0.034312 -0.001903 0.0203151 0.0827571 0.00542496 0.00512601 0.0138179 0.108641 0.011339 0.00607729 -0.0048499 0.00577484 -0.0267786 0.24425 -0.00275552 -0.0592966 -0.0187923 -0.0110682 0.00401346 -0.031998 -0.00963327 -0.00507635 0.000725739 0.0104335 -0.000346913 -0.000677367 0.0139173 -0.0108442 0.00175911 -0.0312968 0.00136868 0.0530267 -0.0485641 -0.0372732 -0.010239 -0.00401852 -0.00733589 0.0111716 0.00570519 -0.024353 -0.00135193 -0.000912948 -0.0297158 -0.0288997 -0.00319322 -0.0230324 0.0205023 -0.0148078 0.00591225 -0.0225964 0.0141641 0.00641494 -0.00262833 0.000764549 -0.0254269 -0.00279447 0.00180178 -0.00355871 0.0226235 -0.0276962 -0.0143763 0.00255137 -0.0266018 -0.0159198 -0.00360989 -0.0371384 0.00630998 -0.0055414 0.00290776 0.00104345 0.0448043 0.0060279 0.0358673 -0.00983221 0.0263281 -0.0208129 6.24323e-05 0.00686621 -0.0130463 -0.0154301 -0.0152137 -0.0128653 0.00107045 0.0132505 0.0375142 -0.0148697 -0.0225643 -0.0010188 -0.0235504 -0.0725904 0.00155244 -0.00114031 0.00115411 -0.00608461 -0.00727332 0.0606828 -0.0138732 
0.000262082 -0.00129502 0.00129164 -0.000947971 0.00281866 -0.00465833 0.000430559 -0.000124313 0.00244034 0.000141035 -0.00102085 -0.00091655 0.00211506 -0.00040013 -0.000349869 7.27569e-05 -0.00275552 0.022378 -0.00637504 0.000556759 -0.000123713 0.00255378 0.00704508 0.00236652 -0.00158696 0.00232835 0.00174193 0.00189902 0.000145587 0.000997685 -0.000523132 -0.00519823 -0.00275083 1.70226e-05 0.00165598 -0.00569003 -0.00256827 -0.000396866 -0.000805412 -0.000500787 -0.00505701 -0.00163914 0.00159044 -0.000392448 0.000180789 -0.00515794 0.000665482 2.54796e-05 -0.00352902 -0.00581552 -0.00156013 1.24646e-05 -0.000824981 -0.000560028 0.00199687 -0.000121614 0.00282196 0.00221299 -1.39207e-05 0.000396319 -0.000100697 0.000648859 -0.00144221 -1.74539e-05 0.00183078 0.00322803 -0.00120023 -0.000303528 -0.00216365 -0.00020241 -0.000471285 0.00151084 0.00113018 -0.00342511 0.00164795 -0.00446257 -0.00588399 0.00134515 -0.0012465 -0.00052698 -0.000664477 0.00602987 0.00097562 2.05779e-05 0.00370166 0.00302131 7.99163e-05 0.000509032 -0.0011589 -0.000464769 0.00284519 0.00148544 -0.00514433 0.000211356 0.000519349 9.31445e-06 0.000962842 -0.000739806 -0.000978033 -0.000617394 
-0.000249031 -0.0200576 -0.00851999 -0.000111024 0.0019047 0.00723004 -0.0366266 -0.00165663 -0.0137595 -0.00360453 -0.0128808 0.00352897 -0.0192391 0.000224201 -0.00721112 0.0129288 -0.0592966 -0.00637504 0.249943 0.0079141 -0.0345649 -0.00894586 0.0197264 -0.00855782 0.012338 -0.0135684 -0.0253455 0.000232598 -0.0031664 -0.00299733 -0.0143765 -0.0474834 -0.0161568 -0.00365519 -0.0251671 0.0477544 -0.0147255 0.00421319 -0.0066863 -0.00297118 -0.00254533 -0.0148613 0.00396956 0.00265714 0.00321793 0.0396211 0.0139874 0.00772297 0.0119994 0.0247022 0.0293517 0.0083157 0.0322338 -0.027994 -0.0222684 0.00281899 -0.00345217 -0.0143027 8.33695e-05 -0.000738877 -0.000561397 0.0100343 0.0221476 0.00318048 -0.0024571 0.0117469 -0.0083304 -0.00141302 0.0296927 -0.00788584 0.0058893 -0.00269738 0.000728652 -0.00247367 0.000572385 0.0320515 0.012673 -0.0142468 0.0215313 -0.0182165 -0.00378958 0.00762423 0.00673481 -0.000514437 0.00275118 -0.0103212 -0.0364667 -0.00227097 -0.00375479 -0.00279493 -0.00668467 0.0100839 0.0106028 -0.0177536 -0.000907868 -0.00300169 -0.0104249 0.000354132 -0.0799241 0.00399056 
-0.000453669 -0.00203749 0.00415811 -0.00319758 -0.00232135 0.000593677 -0.0107663 -0.00138863 -0.00301619 -0.00713135 -0.00530974 -0.00447507 -0.00313881 0.00232009 -0.00231944 -0.000461804 -0.0187923 0.000556759 0.0079141 0.0820509 0.0216617 -0.00286026 0.00255029 -0.000402296 -0.00263567 -0.000105451 -0.00377761 -0.00320665 -8.77546e-05 0.000309947 0.00339232 0.00360883 -0.0039511 4.06284e-05 0.000631519 0.0107082 0.00824701 -0.00191325 -0.00175313 -0.00106723 -0.00557365 -0.00428154 -0.0098784 0.000458136 0.000700779 -0.00454504 -0.000524458 -0.00542955 -0.000121406 -0.0160559 0.00199945 -0.00212447 0.00224389 -0.00966887 0.00027078 0.00704401 -0.000703937 -0.00317732 0.000484633 -0.000664113 -0.000384094 0.000573429 -0.00627025 -0.00124303 -0.000213513 0.00654365 -0.00161595 0.00043189 -0.00663833 -0.00165488 0.000310965 -0.00159786 -0.000201388 -0.00754129 -0.00219606 -0.0142362 -0.00554941 -0.00699534 0.0124439 -0.00219335 -1.99434e-05 -0.00311414 0.00191687 0.00126923 -0.010376 0.0012088 -0.00321142 0.0032937 -0.00435733 0.00795151 -0.000772158 0.000361947 0.012259 0.0298369 -0.000527571 0.00241575 -0.00715267 -0.00148334 -0.00469266 0.000793683 
-0.00103881 -0.00672853 0.00336854 -0.000518615 -0.00682867 0.046007 -0.000609979 -0.0106944 -0.00902757 -0.0179848 -0.018313 -0.00119286 -0.0090321 0.0361662 -0.00676492 -0.00831718 -0.0110682 -0.000123713 -0.0345649 0.0216617 0.240596 0.0019585 -0.030426 -0.00605738 -0.0249376 0.00585926 -0.00859802 -0.0190705 -0.00014417 -0.00808562 0.00571424 0.0816041 0.0145051 -0.00299091 -0.00945412 0.0305699 0.0229462 -0.00965187 -0.00170826 -0.00765779 0.0162347 -0.021653 -0.0425715 -0.00440693 -0.00406277 0.0357648 0.00139153 -0.0203313 0.0209463 -0.0321713 -0.0341885 -0.00864972 -0.0153255 0.00644165 -0.0137697 0.0103466 -0.0012411 -0.0151786 -0.00736102 -0.000665013 -0.00198313 -0.0126746 -0.018411 -0.00543333 -0.00243381 0.00362275 -0.00523996 -0.00110902 -0.0472283 -0.0062306 -0.00540976 -0.00707631 -0.00212146 0.00357866 -0.00745004 -0.0655574 0.0155049 -0.0227121 0.0193419 0.00588682 -0.00995607 -0.023141 0.00270214 -0.00659832 -0.0248319 -0.00132418 -0.0150043 -0.00868076 0.00243094 0.00586366 -0.00100373 -0.00617271 0.0601069 0.0450914 -0.00201632 0.000846517 -0.0190557 0.00571603 0.0362906 0.0129567 
0.000199761 0.0122424 0.00314453 0.00372062 0.00882339 0.00460801 0.0226676 -0.000536856 0.000109688 0.0053388 -0.0039054 0.00974268 -0.00585126 -0.0052514 0.000994153 -0.0063652 0.00401346 0.00255378 -0.00894586 -0.00286026 0.0019585 0.0629083 0.00277736 0.0059743 -0.00317075 0.000248138 -0.00183029 0.000226962 -0.000161986 -0.000458631 0.00231272 -0.0138879 -0.0107096 0.000460753 -0.00477785 -0.0115446 -0.00888348 -0.00157781 -0.00558452 0.00294443 -0.0148425 -0.00399956 -0.00127245 -0.00120168 -0.000625275 -0.00151065 -0.0040973 -0.00458333 -0.0022425 -0.0229707 -0.00551702 -0.00252881 -0.00411761 0.00725967 0.00126394 -0.00412481 0.00305911 -0.00484806 0.00263156 6.76137e-05 -0.000740517 0.00201642 -0.00526019 -0.000465399 0.00565839 -0.00452971 -0.000257712 -0.000767651 -0.00312489 0.00183752 -0.000804132 0.00358736 0.000228603 0.00350217 0.0021353 -0.00893638 -0.00270822 0.00721792 0.00540118 0.00336146 0.00489567 0.00911998 0.00118483 -0.00201304 -0.00183062 0.00672859 -0.00341398 -0.00536536 -0.00239058 -0.00339155 -0.000852961 0.000422386 -0.0105437 -0.00704346 -0.000283769 -0.000742712 0.00451255 -0.002546 0.00627904 0.00245677 
0.00145943 -0.0120737 -0.00950463 0.0443183 0.00921532 -0.066225 -0.0148217 0.00414054 0.00928592 0.00889482 -0.0050445 -0.00733556 -0.00066354 -0.0169085 -0.0068992 0.0141439 -0.031998 0.00704508 0.0197264 0.00255029 -0.030426 0.00277736 0.190903 0.000135354 0.00199949 -0.00093098 0.00999793 0.0218873 0.00122342 -0.00153439 0.00143135 -0.0699134 -0.0362387 -0.000562893 0.0101439 -0.0154488 -0.0390259 0.0119204 0.0110013 -0.000139858 -0.0253181 -0.0188863 0.0460314 0.000227951 7.1363e-05 -0.0252465 0.00315493 -0.0119001 -0.00837577 -0.0216413 0.0637731 -0.00255905 0.0215208 -0.00325386 0.0250636 -0.00889837 0.00345587 0.0255317 0.00294182 -0.000973677 -0.00190857 0.0124894 -0.00850684 -0.00640141 0.00171144 0.00439383 -0.00185962 -0.00303767 0.0239729 -0.00205649 -0.00194293 0.000400824 -0.002124 -0.0280003 0.000868053 -0.00616853 -0.0424154 0.00882388 -0.00465597 -0.00424453 0.00409093 0.0341115 0.0079318 0.00508492 0.021101 0.00236089 -0.0118279 -0.0113258 -0.00280685 0.0032023 -0.00412646 0.0170966 -0.0385299 -0.0202088 0.000298323 -0.00067331 0.0219692 -0.00310308 -0.0369936 -0.0102146 
-0.000173412 0.00393767 0.00221207 0.000820378 0.00105669 -0.00573682 0.00372445 0.000514398 0.00307008 -0.00116174 -0.0102083 0.00243422 -0.0018149 -0.00532505 0.00294086 0.00284807 -0.00963327 0.00236652 -0.00855782 -0.000402296 -0.00605738 0.0059743 0.000135354 0.0407677 -0.000744244 0.00156495 0.00580663 0.0022385 0.00126721 0.00054222 0.00251314 -0.00611418 -0.00497942 0.000171422 -0.00160669 -0.0110822 -0.00562689 -0.000494313 0.0027107 0.00165886 -0.0038157 -0.00109206 0.00364987 -0.000388567 0.00170379 -0.0110367 0.000931535 0.0056249 -0.00379022 -0.0161099 -0.00447545 0.00047623 -0.00146856 0.000275264 0.00518894 -0.00104232 0.0015149 0.00833847 0.0012652 0.00019682 0.000658027 -0.0067674 0.00142304 0.000514569 0.00220818 -0.00129398 0.000494569 -0.000310229 -0.00222178 -0.000169558 -2.28913e-05 0.00387594 0.000675243 0.00340526 0.00126108 -0.00343282 -0.00796958 -0.00151618 -0.000823173 0.000924721 -0.000272465 -0.00182232 -0.00111217 -0.000273875 0.000236886 0.00135733 0.00207491 -0.00633095 0.0010759 0.00254613 0.00105986 0.00369094 -0.00292888 -0.000703867 0.00061448 0.00018524 0.0088677 9.05861e-05 0.00368335 -0.000455692 
0.000548673 0.000321535 0.00103064 0.00366319 2.09334e-05 0.00272358 -0.0289729 -0.00281983 -0.00375868 -0.00134742 0.00172142 0.0147145 -0.00377709 0.00372189 0.00136262 -0.0010451 -0.00507635 -0.00158696 0.012338 -0.00263567 -0.0249376 -0.00317075 0.00199949 -0.000744244 0.105764 0.000319383 0.00385232 0.00905635 0.00160598 0.0104808 -0.00537848 -0.00825301 0.0123784 -0.000672147 -0.0150694 0.0133168 -0.000173128 0.00297462 -0.00332877 -0.000399164 -0.0170946 -0.00256543 -0.0151863 0.00225592 1.62102e-06 -0.00058729 -0.00819092 -0.00260513 -0.0089086 0.0106047 0.00133367 0.000797147 0.00981373 -0.00912103 -0.0113834 -0.00470659 -0.00104048 0.000761102 -0.000861778 -0.0012501 -0.000871227 -0.025078 0.00067336 0.00359519 8.02995e-05 0.00739192 0.00358761 -0.000775491 0.0159675 -0.000763358 -0.00123884 -0.00175252 0.000334807 -0.00771016 -0.00162764 0.00411478 -0.021087 0.000271793 -0.00179821 0.00625324 -0.00125848 0.00385849 -0.000883818 -0.0014645 0.0013709 -0.000514561 -0.00199616 0.00145543 -0.00230471 -0.00130129 0.000143051 -0.00232426 -0.0206089 0.000566799 0.0002912 -0.00110518 0.00972031 0.0101843 -0.00270281 -0.00352838 
2.62096e-05 0.00200372 -0.000739853 -0.0039573 -0.00042188 0.000361255 -0.00429397 -0.00056289 0.000107705 -0.00118706 -0.000953279 0.00290988 0.00489552 0.00149155 -0.000283049 -0.00246284 0.000725739 0.00232835 -0.0135684 -0.000105451 0.00585926 0.000248138 -0.00093098 0.00156495 0.000319383 0.0395364 0.00642245 -8.5572e-05 0.00233958 -0.000177492 0.00033383 0.000166397 0.00173361 -0.000208417 -0.000128807 -0.00527312 -0.000524486 -0.000891347 -0.000747408 -0.00015886 -0.000377424 -0.000187154 -0.0066145 0.000218523 -0.000553711 -0.00427177 -0.00259938 -0.00173365 -0.0057161 0.00176742 -0.00266425 -3.23977e-05 -0.00129423 0.000345839 0.00385083 0.0017604 4.19878e-05 -0.00170556 -0.000360263 -7.39843e-05 -0.000433142 -0.00487686 -0.00283577 -0.000421143 0.00142995 0.00154492 -0.00194835 -0.000431267 -0.0034863 -0.000509999 -0.000761586 -0.00050662 -0.000573898 -0.0040116 -0.00127144 0.000431805 -0.00453017 0.000486879 -0.0024259 -0.00140204 -0.00182941 0.00236977 -0.000379962 0.000407999 0.00162489 -0.000369893 0.00438353 0.00454163 -0.00241389 -0.00185101 0.000897294 0.00028952 -0.00545151 0.0032614 -0.000109512 -0.000363489 0.00337725 0.00152939 0.00243186 -0.00132543 
-0.000200538 0.00551439 0.00188197 -0.00212962 -0.00154875 -0.00364249 -0.00942977 -0.000241486 0.0149585 -0.000390295 -0.000314458 0.0235644 -0.00423684 0.0109342 0.00449849 0.00684437 0.0104335 0.00174193 -0.0253455 -0.00377761 -0.00859802 -0.00183029 0.00999793 0.00580663 0.00385232 0.00642245 0.0799549 0.00739862 0.0030982 0.0155939 0.00486048 0.00257966 0.00480072 -0.00074826 -0.00560421 -0.0178689 -0.0150084 0.00100424 0.00722493 -0.00128872 -0.0272843 0.000444261 0.00377506 -0.000636598 -0.000899676 -0.0274191 -0.00472945 0.000685347 -0.0115576 -0.00277012 -0.00749586 -0.000412045 -0.00613814 0.00383411 -0.00106104 -0.00488946 -6.67811e-05 0.0178386 -0.000168669 -0.000441984 0.00113667 -0.0115822 -0.00254402 -0.00239668 0.0014435 -0.00789659 0.0011711 -0.00128291 -0.00709354 -0.000944632 -0.00207206 0.00137231 -0.00155055 -0.000686472 -0.00263604 -0.00638401 -0.0229781 -0.000907432 -0.00634614 -0.00236444 -0.00317955 0.000830403 -0.000581605 -0.00110753 -0.00171589 -0.00141374 -0.00272622 -0.000120603 -0.00330175 -0.0016989 0.00696009 0.00176834 -0.0242538 0.00805456 -0.000452471 -0.000723342 0.0191258 0.00492451 0.0162992 -0.00351445 
0.000585994 -0.00139206 0.000225875 0.00567092 0.000173824 -0.0166622 0.00619492 0.00102359 0.00372877 0.017829 0.00166697 0.00751504 -0.00647858 -0.0085556 0.000773586 -0.00115269 -0.000346913 0.00189902 0.000232598 -0.00320665 -0.0190705 0.000226962 0.0218873 0.0022385 0.00905635 -8.5572e-05 0.00739862 0.0815874 0.000440278 0.00394691 0.00142481 -0.0318982 -0.00443222 -0.000149509 0.0116873 -0.00358194 -0.0141991 0.00215573 0.00181151 -0.000716604 -0.0162673 -0.00468978 -0.000954392 0.00335061 0.000230362 -0.0183833 -0.00328973 -0.00310898 -0.00534596 -0.00848416 0.0104095 0.00555632 -0.00315111 -0.000747165 0.00791743 -0.00578893 0.000647645 0.00854234 0.000750714 0.00145459 -0.000755506 0.0028765 -0.00358808 -0.00134434 0.000828641 -0.0067925 0.00172861 0.00011338 0.00864044 0.00110553 -0.00123402 0.00395026 0.00338007 -0.00759648 0.00216344 0.00355155 -0.0097684 0.00251205 -0.00326634 -0.00430725 0.00816066 0.00873935 -0.000848551 -0.00145753 -0.00327132 0.00212563 -0.00615491 0.000917553 -0.00118291 0.002164 -0.00221261 0.00307032 -0.0224483 -0.0201666 0.000446974 -0.00057853 0.00697148 0.00244681 -0.0135559 -0.00346543 
0.000205357 0.000885555 -0.000241267 0.000827841 2.1384e-05 -0.00229121 -0.00240441 0.00015459 0.000163795 -0.000572961 -0.000471125 0.00126287 -0.000596275 -0.000407209 0.000316047 0.00100928 -0.000677367 0.000145587 -0.0031664 -8.77546e-05 -0.00014417 -0.000161986 0.00122342 0.00126721 0.00160598 0.00233958 0.0030982 0.000440278 0.0137658 0.000580547 0.000753167 -0.00160389 0.0022377 3.51425e-05 3.78464e-05 -0.00153481 -0.00164476 -5.26111e-05 -0.000581885 -0.000181074 -0.00171292 -0.00107567 -0.000303034 -5.96886e-05 -8.00187e-05 -0.00158955 -0.000603935 0.00112404 -0.00106441 -0.00501732 0.00100084 -0.000190988 0.000157082 -0.000281287 0.000574434 -0.000651648 -1.1266e-05 0.00159069 2.85809e-05 -0.000139646 -7.68071e-05 -0.00324443 -1.69596e-05 0.000615695 0.00106144 -0.000750723 -0.000538465 6.80314e-05 -0.000770252 0.000413404 -0.000151627 0.00020539 -0.000140038 -0.00154963 -0.000260466 -0.00170696 -0.00263907 0.000725784 -0.000738295 0.000564987 -0.000386675 0.000245295 -0.000214853 -0.000387818 -5.00137e-05 4.08975e-05 0.00017298 -3.54842e-05 -0.000401532 0.000753023 0.000308376 -2.01682e-05 -0.00172321 0.00133184 -0.000164123 2.31538e-05 0.00344217 0.00107202 -0.00170806 -0.000619125 
3.52312e-05 -0.00271801 0.00807905 -0.0116744 -0.000848084 0.00281245 -0.00750433 0.00395593 0.0061846 -0.00273605 0.0194808 0.0169122 0.00450474 0.00657662 -0.00177925 -0.00197837 0.0139173 0.000997685 -0.00299733 0.000309947 -0.00808562 -0.000458631 -0.00153439 0.00054222 0.0104808 -0.000177492 0.0155939 0.00394691 0.000580547 0.0916204 -0.000105263 -0.00031111 -0.00617943 -0.000414286 -0.0154388 -0.0110979 -0.0100229 -0.00262385 -0.00223766 -0.00262272 -0.016391 -0.00623767 -0.0014944 0.000238133 0.000337644 -0.016694 -0.00392307 -0.0068428 -0.0113799 -0.00963037 -0.00120272 0.00463114 0.000353003 -0.00587657 -0.00868768 -0.00465098 -0.000768086 0.000487688 0.0015143 0.00149334 0.000806232 -0.00730277 -0.00521785 0.0011755 0.00412532 0.00253795 -0.00308519 -0.000484266 -0.00339691 -0.001263 -0.00202939 -0.00202707 0.00150003 0.0019535 -0.00252975 0.000662248 -0.0286231 0.00249108 0.00280501 -0.00057741 -0.000362359 -0.00320262 0.000884377 -0.00300797 -0.00843591 0.00208431 -0.0012879 0.0182311 -0.00638641 -0.00478362 0.00430338 -0.00402012 -0.0316015 0.0186323 0.000197505 0.000729001 0.00641639 0.00696566 0.0170076 -0.00214487 
-8.43446e-05 0.000465542 0.000303466 0.00380431 -0.00128022 -0.00710295 -0.00550324 0.00044619 0.00314556 -0.00123045 -3.86185e-05 -0.0070132 -0.00288411 -0.00724994 -0.000838735 0.000137127 -0.0108442 -0.000523132 -0.0143765 0.00339232 0.00571424 0.00231272 0.00143135 0.00251314 -0.00537848 0.00033383 0.00486048 0.00142481 0.000753167 -0.000105263 0.0628658 -0.00358562 0.00515842 -0.000636431 0.00031802 -0.0100535 -0.000980504 0.00139815 -0.0020886 0.000848994 0.000314277 -0.00596879 0.00316799 -0.00075802 0.000561908 -0.00763498 -0.00207615 -0.00522402 -0.00509496 -0.0178829 0.00122387 -0.00178809 -0.00220914 -0.0018954 0.0127914 0.00725539 0.000177543 0.0140455 0.00174957 6.23819e-05 -0.00012787 -0.00685071 -0.00242992 0.0020163 0.000213264 0.00552577 0.00451887 0.000208834 -0.0070571 -0.000997587 -0.000666109 0.000248357 -0.000485612 -0.00666046 -0.00138374 -0.00860077 -0.00550896 -0.00278748 0.00213589 0.00170427 -0.00338368 -0.00194707 -0.000389435 -0.00128394 -0.00613173 0.00106761 -0.00119651 0.00766822 -0.00364876 0.0101183 -0.000165679 -0.00161104 0.0110441 0.0125141 -0.000138866 0.00143289 -0.000104021 -0.00151546 -0.00469604 -0.00129523 
-0.00227672 0.00717168 -0.000257706 -0.00702903 -0.0106072 0.0786899 -0.0157925 -0.0149527 -0.008081 -0.0266035 -0.0412717 0.000229864 0.0030324 0.0438061 -0.00702552 -0.0183165 0.00175911 -0.00519823 -0.0474834 0.00360883 0.0816041 -0.0138879 -0.0699134 -0.00611418 -0.00825301 0.000166397 0.00257966 -0.0318982 -0.00160389 -0.00031111 -0.00358562 0.249244 0.0576411 -0.00437835 -0.0304681 0.0382852 0.0528742 -0.00776449 -0.00119108 -0.00340023 0.0310126 0.0111446 -0.0374572 -0.00832569 -0.00634624 0.0402006 -0.0144535 -0.023011 0.0134417 0.0380974 -0.0684732 -0.0140704 -0.0211713 -0.00872972 -0.0307962 0.0101955 -0.00236298 -0.0217091 -0.00371111 -0.00264173 0.00277676 -0.0211178 -0.0148901 -0.00389426 -0.00546973 -0.00800466 0.00700502 -0.00106958 -0.0247847 -0.0092627 -0.00735606 -0.00979862 -0.00438802 0.000764937 -0.0147429 -0.0166891 0.0108872 -0.0281363 0.00841584 0.0066233 -0.0189596 -0.0379375 -0.00852963 -0.00239505 -0.0262861 -0.00651017 -0.0115001 -0.00440006 0.00213889 -0.00520084 -0.00143472 -0.0127868 0.0731785 0.0209421 -0.00352466 0.000778435 -0.00262692 0.0025256 0.0507933 0.0110061 
-0.00119008 0.0195677 0.00175915 -0.00982373 -0.00391864 0.0209143 -0.0420288 -0.00787911 -0.00783402 -0.00361668 -0.0476418 0.00784703 -0.012168 -0.000557192 0.00538134 0.0101009 -0.0312968 -0.00275083 -0.0161568 -0.0039511 0.0145051 -0.0107096 -0.0362387 -0.00497942 0.0123784 0.00173361 0.00480072 -0.00443222 0.0022377 -0.00617943 0.00515842 0.0576411 0.191033 -0.00249389 -0.0328134 0.0383794 0.0396659 0.00146263 0.00784539 0.00583376 -0.0146059 0.0132108 -0.0266566 8.14228e-05 -0.00259478 -0.00672919 0.00308902 0.00658518 -0.0100009 -0.00260347 -0.0172811 -0.00406815 -0.0185637 -0.0241234 -0.0237078 -0.0186255 -0.00389197 -0.00490835 -0.0023223 -0.00258686 0.00424076 -0.0310695 0.0228486 0.00619787 -0.00433755 0.00866374 0.0222501 0.00339593 0.013162 -0.00213334 0.000310756 -0.00509855 -0.00141673 -0.0250264 -0.00758479 -0.0243157 0.0040778 -0.0154086 -0.00363346 0.00254476 -0.00383719 -0.0150327 -0.00451297 0.00933064 0.00695265 -0.000362462 0.000270673 -0.000964912 0.00319046 0.0066191 0.00235609 -0.011079 0.0463268 0.00109893 -0.00100013 -0.00216357 0.00419509 0.00975918 -0.0190775 0.000981185 
0.000186243 0.000385929 0.000704957 -0.00267496 0.000478858 -0.00228169 0.00391376 0.00131305 0.000160247 0.00024086 0.00290483 -0.000210141 -0.000998078 -0.00223741 0.0002995 -0.000483721 0.00136868 1.70226e-05 -0.00365519 4.06284e-05 -0.00299091 0.000460753 -0.000562893 0.000171422 -0.000672147 -0.000208417 -0.00074826 -0.000149509 3.51425e-05 -0.000414286 -0.000636431 -0.00437835 -0.00249389 0.0154571 0.0031065 -0.00345179 -0.00202086 0.000518329 -0.000479009 -0.000254501 -0.00185064 -0.00100006 -0.00136356 0.0007613 0.000337084 -0.00322113 -0.000140592 0.00225737 -0.00159422 -0.00404582 0.00242283 0.00165724 -0.000419502 0.000564508 0.00309757 -0.000470434 0.000119796 -0.000948171 -0.000123359 0.000210987 0.000114764 0.00105695 0.001339 -3.45318e-05 0.000113878 0.000616542 -0.000182974 5.39995e-05 -0.000417055 0.00269468 0.000660036 0.000993178 0.000689866 0.000737649 0.00332052 -0.00093436 -0.00350931 0.00313089 -0.00124209 -0.000307137 0.00128187 0.000584628 6.64965e-05 0.000618944 -0.000610764 0.000496837 0.00238485 -0.00189623 0.000415627 -0.000924215 0.00127851 -0.000527596 -0.0047401 -0.00188107 0.000231255 4.13733e-05 -0.00071038 -0.000720782 0.000406577 -0.000702903 
