0.227015 0.0726828 0.0291368 0.00196597 0.0424266 -0.071189 -0.00133185 0.01341 -0.00257578 -0.00298941 -0.0121217 -0.0117161 0.0108361 -0.00268334 -0.00126207 -0.00212502 -0.0213888 -0.00146025 0.00114589 -0.000140141 -0.0121611 -0.00498076 0.0574247 -0.000444877 -0.00475609 -0.00354293 0.00304672 -0.000215423 -0.0150806 -0.0152465 0.0264375 -0.0245533 -0.00209974 -0.0402094 0.00186265 -0.000576109 -0.0524725 0.00594995 0.000237788 0.0200297 -0.00307252 0.00612463 0.0109085 -0.00518601 -0.00692861 -0.0149605 0.0642482 0.0251269 -0.00231011 -0.0626208 -0.0559644 -0.0563678 -0.0393316 -0.0131813 -0.00132452 -0.0736121 -0.017169 -0.00377329 0.00666924 0.00455372 -0.0189691 -0.0178156 -0.00138564 0.012181 -0.0223628 -0.0125569 -0.0090077 -0.00599178 -0.0127483 -0.00629879 -0.0206372 0.000295971 0.0127752 0.0448506 -0.00528358 0.00743792 -0.00322715 -0.0152036 -0.020738 -0.00517024 0.00263878 0.0406624 0.00016166 -0.00958732 -0.00892173 0.030512 -0.0144662 0.0350332 -0.0166757 -0.0106336 0.010949 0.0491193 -0.00482346 -0.0279749 -0.0177099 -0.0157598 0.0118657 0.0037161 -0.016885 0.0905209 
0.0726828 0.218233 -0.0151792 0.00700836 0.02573 -0.0330828 0.0083895 0.0107408 -0.00627483 -0.00507953 -0.0063642 -0.0106697 -0.0130474 -0.000806644 0.000924278 -0.000597371 -0.00565475 -0.000417322 0.0100317 -0.0185113 -0.00621464 -0.00436575 0.0418947 -0.00093452 -0.00391625 -0.00296309 -0.00142737 -0.00998832 -0.00911428 -0.0479619 0.00922427 -0.0176024 0.00564009 -0.00694079 0.00113888 -0.00480647 -0.0236323 0.0153173 -0.0144737 -0.00365591 -0.00266284 0.0115668 -0.00286556 -0.005799 -0.000934243 0.00575893 0.0232516 -0.039916 -0.00207234 -0.0386456 -0.0330271 -0.029323 -0.0208305 0.00197934 -0.0270421 -0.0296245 0.00247869 -0.00378435 -0.0462646 -0.0116975 -0.0108015 -0.0123768 -0.00383395 -0.00778188 -0.0209288 -0.00757068 -0.00887163 -0.00562755 -0.00932457 -0.00997097 -0.00395283 0.0178163 0.00939183 0.0432957 -0.00235364 -0.0136062 -0.0029793 -0.0235937 -0.0125683 -0.0101863 0.011182 0.0422738 0.0069542 0.00319007 -0.0115724 0.0180755 -0.00564062 0.0313511 0.00432301 -0.00236845 0.00194148 0.0594116 -0.00682578 -0.00760375 -0.00478358 0.000626685 0.00882468 0.00540051 -0.00695315 0.0441988 
0.0291368 -0.0151792 0.191674 0.00513358 0.0199197 -0.00886775 0.0015845 0.00162254 0.00627326 -0.00346058 -0.00211534 -0.00757676 0.0114788 -0.00971747 -0.00488487 -0.000569813 -0.00771672 -0.00195878 -0.000461278 0.00884458 0.00231722 0.0036915 0.00453765 0.000714229 -0.00199438 -0.00271339 -0.00472702 0.0238959 -0.00613115 -0.0187723 0.00172584 0.0223552 0.000905892 -0.00719825 -0.00252351 -0.00174808 -0.0177034 0.00237229 -0.0217757 0.00665334 0.000607159 -0.00405373 -0.0122864 -0.00284271 -0.000601809 -0.0078359 -0.000485324 0.0230203 -0.000730554 -0.012306 -0.0174876 -0.0177386 -0.0286226 -0.000155241 0.0204678 -0.0229074 -0.00654879 -0.00055855 0.0147915 -0.0116336 0.0183993 0.004088 0.00535427 -0.00143416 0.0170394 -0.00403267 -0.00103585 -0.00366023 -0.00523518 0.00532165 -0.00683376 -0.0102609 -0.00969017 0.00220071 -0.00313044 0.00665165 0.000173912 0.0215208 -0.0041896 -0.0045268 -0.00622198 -0.0183026 -8.73065e-05 0.00489422 -0.00136731 -0.0336845 -0.00781544 -0.0116677 -0.0120678 -0.00350532 -0.00395588 -0.0247638 0.000452971 0.00314018 -0.00224168 -0.00436365 -0.00955423 -0.00792556 -0.0195346 0.0227185 
0.00196597 0.00700836 0.00513358 0.106298 0.0259578 -0.00468134 0.00089714 0.0046068 0.000255702 0.000743025 -0.000352528 0.00202839 0.0276128 0.00237625 0.000803652 0.00126503 -0.0184008 -0.00200391 0.00651744 -0.00264876 -0.0011749 -0.00227719 -0.00433314 0.00147578 -0.00150117 -0.00127357 0.00394619 0.00768422 -0.00389286 -0.024028 -0.00460307 0.012224 -0.00172373 -0.00902999 -0.00187933 0.000459775 0.001945 0.000682727 -0.00410734 0.00102411 -0.00123481 -0.00199859 -0.00653881 0.00062221 0.00523632 -0.00598724 -0.00928562 -0.0192263 -0.000171101 -0.0145758 -0.00871656 -0.0070321 0.000403264 -0.000138207 0.00164004 -0.00203575 0.0088055 -0.000613198 -0.0244999 -0.00882629 0.0151525 -0.00545438 -0.000680335 -0.00811555 -0.00864948 -0.00259005 0.00301638 0.00215485 -0.00239505 -0.0187226 -0.0140931 0.0167653 -0.00125483 -0.00355964 -0.000977184 -0.00070968 -0.00138408 -0.0073919 -0.00652948 -0.00296015 -0.000170634 -0.00340185 0.00211253 0.00366397 0.00133259 -0.0188422 0.00100691 0.0181864 0.0143215 -0.00149215 0.0120674 -0.00273059 0.000193712 0.00629406 -0.0258138 -0.00833241 -0.00773977 -0.00330126 0.0256855 -0.00548866 
0.0424266 0.02573 0.0199197 0.0259578 0.209079 -0.0529729 0.014131 0.0150808 -0.00767875 -0.00717006 -0.0033042 -0.0111645 0.000569074 -0.00111156 0.00459375 0.00218051 -0.0486936 0.0028467 0.0245561 0.00218289 -0.00312672 0.00479615 0.0036466 0.000593951 -0.00136058 -0.0030313 0.00450769 0.0522262 -0.000221778 -0.0302051 -0.0154419 0.020053 -0.0120809 -0.0447434 -0.0147305 -0.00306648 -0.0394416 0.0026268 -0.00339521 -0.000989017 -0.00169488 -0.00636411 -0.0111257 0.0056802 0.00586624 -0.00609446 0.0259268 -0.00845035 -0.000786886 -0.0160392 -0.0274554 -0.0395143 -0.0281547 0.0125076 0.0128402 -0.0352137 0.00388522 -0.00138101 0.00967212 0.00884108 0.0200333 -0.00938683 -0.00195782 -0.0104308 -0.00491248 -0.00589505 -0.00442713 0.00381717 -0.00650688 -0.0250725 -0.0548394 0.0107379 -0.00555879 0.00116415 -0.00403381 -0.00741181 0.00712065 0.0248471 -0.0136304 -0.01577 0.0046631 0.0129832 -0.00428672 0.00869321 -0.00678648 -0.00472718 0.000737357 0.0388251 0.0146557 -0.00627766 0.00551888 0.0361789 0.000146449 -0.0163508 -0.0477184 -0.0224322 -0.0102089 0.00358156 0.000634106 0.0175647 
-0.071189 -0.0330828 -0.00886775 -0.00468134 -0.0529729 0.177317 -0.00347461 -0.01461 0.00276195 -0.00120005 -0.000260291 0.0107167 -0.0279215 -0.00421324 -0.00184512 -0.00168341 0.0522127 -0.00728529 -0.0238996 0.0073683 0.00180723 0.00112153 -0.042025 -0.00113384 -0.000211867 -0.000901795 -0.00559694 -0.0298054 0.00659177 0.0105961 -0.00968641 -0.0240797 0.000853746 0.0446054 -0.00376689 -0.000673262 0.0764818 -0.00782137 -0.00239623 -0.00856442 0.00237704 -0.00057085 -0.0207845 -0.00352239 2.91566e-05 0.0209151 -0.0336139 -0.0204224 0.00110211 0.0191851 0.0459165 0.0632756 0.0436272 -0.0124579 -0.0293523 0.0639726 -0.00149536 0.00292094 -0.0225752 -0.0196513 -0.0109699 0.0129899 -0.00106413 0.000769725 0.00445234 -0.00212176 0.00024169 -0.00245095 -0.00764607 -0.00965258 0.0267254 0.00355324 -0.00892902 -0.0185892 0.00494826 -0.0145525 -0.0033746 -0.0127471 -0.00384593 0.0105095 -0.00160665 -0.0241259 0.0051679 -0.00833331 0.00541419 -0.0404967 -0.00739048 -0.0247398 -0.00023527 0.00670808 -0.0182322 -0.0342556 -0.00379977 0.0392466 0.040652 0.0378602 -0.0129137 -0.00623839 0.00107827 -0.019465 
-0.00133185 0.0083895 0.0015845 0.00089714 0.014131 -0.00347461 0.0460694 0.00396907 0.000439616 0.00366372 0.0028052 -0.00180989 -0.000628847 -0.00130856 0.00448996 -0.000218685 -0.0099565 0.00033144 0.0133977 -0.00102103 0.000322379 0.00592498 -0.0085285 0.00111934 -0.000407085 -5.7135e-05 0.00303353 -4.6722e-05 0.000400629 -0.0121534 -0.00233292 -0.00276528 5.29427e-05 -0.00105034 -5.94198e-05 0.000154582 -0.00275358 0.00086376 -0.00111607 -0.00272813 -0.000432743 0.000279503 0.000694279 -0.00161388 -0.000144778 0.00668042 -0.00914886 -0.00802398 0.000620085 -0.00613723 0.00232455 0.000502171 -0.00444849 0.00252095 0.0024011 -0.0020291 0.00112773 0.00084214 -0.00795835 -0.00296624 0.00976043 -0.00205998 -0.000349648 -0.00152993 -0.00123902 -0.000757192 -0.000797413 0.00223747 -0.00106179 -0.00648341 -0.00098793 -0.00303452 -0.00128086 0.00367046 0.000103622 -0.00132206 0.00104308 0.00205972 -0.00168952 0.00092828 0.00395848 -0.00164527 0.00168449 0.00224234 -0.0032092 -0.015911 0.00026507 -0.00324045 -0.00156409 -7.31368e-05 -0.00282959 0.00564003 -0.000425857 -0.00216571 -0.00823081 -0.000586803 -0.00033925 -0.000718091 0.00571653 -0.00915863 
0.01341 0.0107408 0.00162254 0.0046068 0.0150808 -0.01461 0.00396907 0.0919934 0.00208804 -0.000412617 0.00224616 2.52324e-05 0.00130585 0.00161372 -0.00109715 0.00146997 -0.0156844 -0.00181852 -0.00348383 0.00748554 0.0029517 -0.00196421 0.0155924 0.000593248 0.000955081 -0.0011823 0.00141899 0.00642654 0.00360745 -0.0212664 0.00137789 0.00168607 0.000618604 -0.0135907 -0.000307072 0.0013336 -0.0175782 -0.00319491 -0.0059497 -0.00704336 -0.00128209 -0.00301561 -0.00506517 0.00133392 0.00154105 -0.00676579 0.00557383 0.00424182 0.000485108 -0.00447174 -0.0143258 -0.0124979 -0.0122848 -0.000870324 -0.00197522 -0.0119854 0.00587086 0.000646136 -0.00730191 -0.00476386 0.00883294 -0.00967766 -0.00068644 -0.00735391 -0.00664588 -0.00189243 -0.0017168 0.00725627 -0.00153833 -0.0169884 -0.00339418 0.00473372 -0.00148118 0.00648 -0.00145692 -0.000618945 -0.000513604 -0.00244488 -0.0045028 -0.00840643 0.00463475 0.0130028 -0.000738264 0.00375869 -0.00427674 0.0152627 -0.00323469 0.0117079 0.00568729 -0.000715085 -0.011837 0.0272232 -0.00316054 -0.00912317 -0.02234 -0.0064619 0.0051481 0.00278315 -0.000845349 -0.00258301 
-0.00257578 -0.00627483 0.00627326 0.000255702 -0.00767875 0.00276195 0.000439616 0.00208804 0.0404257 0.00207857 0.00572764 0.00145879 0.00458793 6.84524e-05 -0.000573379 0.000115938 -0.000458951 -0.000792879 -0.00209492 0.0012535 0.002208 -0.00113187 -0.0047127 -0.000172696 0.000238082 -0.00036314 -0.000444879 0.00355695 -0.00163343 -0.000219011 -0.00267282 0.00235392 0.000513867 -0.00333755 0.00157707 -8.72102e-05 0.000676218 0.00154836 -0.000884676 0.00619104 -0.000387183 -0.000682809 0.000483734 0.000249518 -3.41361e-05 -0.00326782 -0.00886827 -0.00160595 0.000210592 -0.00359626 0.00101214 -0.000122461 -0.000694958 -0.00120738 0.000173584 -0.000321924 0.000101376 0.00121309 -0.00179918 -0.00329459 -0.00189835 -0.00227624 0.000302163 7.779e-05 -0.00193566 0.000252539 0.00166544 0.00306729 -0.0013027 -0.00164637 0.0105004 -0.00413227 -0.00247293 -0.00159371 0.000138534 0.0012582 0.00114415 -0.000364095 -0.00185066 0.0025247 0.00119476 -0.00390982 0.00020383 0.000160289 -0.00181042 -0.00690623 -0.000947381 -0.00479607 0.000672366 -0.000446119 -0.00376655 -0.00507813 0.00226247 0.00124309 -0.000703526 -0.00144405 0.00157101 -0.00118372 -0.000293982 -0.0053302 
-0.00298941 -0.00507953 -0.00346058 0.000743025 -0.00717006 -0.00120005 0.00366372 -0.000412617 0.00207857 0.0676722 0.00210622 -0.000988621 0.00656637 0.00358464 0.00424252 -8.07901e-05 -0.00149169 -0.000414701 0.00374234 0.00497074 0.00464155 0.00683192 -0.0129071 0.000319008 -0.000948434 0.000451913 0.00151643 -0.00906994 0.00153652 -0.0132731 -0.00245469 -0.00774308 0.00474044 0.00352818 0.00808242 0.00220848 -0.00469426 -0.00117078 -0.00223427 -0.00209143 -0.000692722 0.00380258 0.00920443 0.000456938 -0.00268334 3.39613e-05 -0.00628494 -0.00926539 0.000409946 -0.00233765 -0.00252938 -0.002017 0.0045397 -0.00203125 -0.00716038 0.000719622 0.00163848 -2.48143e-05 -0.00351367 -0.0036648 0.00956713 -0.00132134 0.00126743 -0.00239813 -0.00119322 -0.00273962 -0.000765289 0.00138596 -0.000138487 -0.00991576 0.00550636 -0.000498894 -0.00521831 0.00269692 8.65824e-05 0.00694717 -0.00127932 -0.00241375 0.00196902 -0.00108491 -0.00208151 -0.00252306 -0.00183356 0.00228216 -0.00317598 -0.00666472 0.0022716 -0.00284146 0.0049426 -0.00106178 -0.00560098 -0.00186567 0.00386309 -0.00125974 -0.00950819 -0.00342952 0.00445847 -0.00125073 0.0086742 -0.0158071 
-0.0121217 -0.0063642 -0.00211534 -0.000352528 -0.0033042 -0.000260291 0.0028052 0.00224616 0.00572764 0.00210622 0.040963 0.00124676 -0.00100399 7.98421e-06 -0.000313661 0.000393385 0.00469806 -0.000337667 0.00448483 -0.00396954 0.000589436 -0.000317817 -0.00602795 7.5727e-05 0.000811395 -2.81985e-06 -0.000846266 0.00036169 -0.00255894 -0.00349713 -0.00653697 0.00172743 0.00283566 0.00116426 0.00376336 -0.000626681 0.000146396 -0.0012552 -0.00159442 -0.00182476 -0.000372062 -0.000918035 -0.000989815 0.000894776 0.00143415 0.00118119 -0.00501793 -0.00840724 -0.000271047 -0.00131581 0.0103818 0.000741161 0.00210257 0.00252814 0.000636645 0.00240537 0.00439851 0.000203317 -0.00659963 -0.0022645 -0.00282314 0.000735378 0.000232184 -0.00432575 0.00047258 -0.00062764 0.00125608 0.00333591 0.00236623 0.00210943 0.0132322 -0.000853477 -0.00294693 -0.00622036 0.000507459 -0.00249445 -0.00160582 -0.000584489 -0.00189257 -0.000845399 0.00275628 -0.00557333 -0.00037783 0.000196391 0.00033738 -0.00269743 -0.00172258 -0.00374552 0.000734771 -0.000490363 0.00220893 -0.00537421 0.00177538 -0.00218867 0.00393439 -0.00155236 -0.000632224 -0.00118596 0.00422146 -0.011326 
-0.0117161 -0.0106697 -0.00757676 0.00202839 -0.0111645 0.0107167 -0.00180989 2.52324e-05 0.00145879 -0.000988621 0.00124676 0.0508333 0.0048909 0.00293755 -0.000620643 0.000511059 -0.00187591 -0.00216815 -0.00845641 0.00166911 0.00217976 0.000263946 -0.00911234 -0.000481039 0.0013441 6.07952e-05 -0.00125426 0.000999497 0.0023285 0.0121091 -0.00791062 0.00262602 -0.00101381 0.00178826 -0.00424015 0.000240805 0.00339942 -0.00155007 -0.00314222 -0.00322773 -0.000610148 -0.00249812 -0.00547478 -0.000570266 0.00473046 0.00019548 0.000478682 -0.00465101 0.00165849 0.00539354 0.00691161 0.00470567 0.00427019 0.000975819 -0.00740866 0.00639452 0.000367824 -0.000149642 -0.0102147 -0.00368046 0.00152194 -0.00260203 -0.00016431 -0.00244606 -0.00449726 0.0113006 0.00156563 -0.000469777 -0.00210707 -0.00585803 0.000406499 -0.00549297 -0.00440161 -0.00301214 -0.000159574 0.00333194 0.000404599 -0.00453698 0.00577032 -0.0031289 0.00514575 -0.0038223 -0.00103544 -0.00140539 0.00572047 0.00727172 -0.000696917 0.00201979 -0.00182152 0.00286153 -0.00267389 -0.00617876 0.00270722 -0.000917896 0.00352131 0.000812267 -0.00285164 -0.00120768 0.000698233 -0.00907515 
0.0108361 -0.0130474 0.0114788 0.0276128 0.000569074 -0.0279215 -0.000628847 0.00130585 0.00458793 0.00656637 -0.00100399 0.0048909 0.157307 0.0107249 0.0028367 -0.000524023 -0.0222995 -0.000807374 0.00695268 0.00358892 0.00398215 -0.00447106 0.00530517 -0.00101629 -0.00212648 -0.000926123 0.00353896 0.00398069 -0.00837743 0.000144444 -0.00425414 0.016062 -0.00315612 -0.0194873 0.00495396 0.0013146 -0.0247197 0.00215204 -0.00612825 0.0102999 -0.000918555 -0.00441469 -0.00050902 0.0026793 0.00176457 -0.0116639 -0.0177609 -0.00801573 0.00161486 -0.0109058 -0.0174261 -0.0157785 0.00263732 -0.00570376 0.0258292 -0.0188763 0.010078 -0.00239369 -0.000732795 0.000976445 0.0194329 -0.00613186 0.000405747 -0.0201104 -0.00420821 0.00968162 0.000443953 0.00519086 0.00157968 -0.010306 -0.0182595 -0.0121306 0.000981995 -0.000214811 -0.00145372 0.0106987 0.000648663 -0.0117915 0.0131539 0.00586539 -0.00399812 -0.0132731 -0.00562319 0.00117472 0.00369368 -0.0088162 0.0191186 0.0106901 0.00070083 -0.00232783 0.0141826 -0.02167 0.00252958 -0.0110911 -0.0402751 -0.0131527 0.00607718 -0.0068349 0.015954 -0.0211121 
-0.00268334 -0.000806644 -0.00971747 0.00237625 -0.00111156 -0.00421324 -0.00130856 0.00161372 6.84524e-05 0.00358464 7.98421e-06 0.00293755 0.0107249 0.0602944 0.00111944 7.22348e-05 -0.00548445 -0.00104382 -0.000756411 -0.00120325 0.000669942 -0.00248973 -0.0114301 -8.15697e-05 7.35231e-06 -0.000393042 0.00197087 -0.00617651 -0.00101834 -0.00112864 -0.000600223 -0.00616358 0.000241227 -0.000597525 0.00231806 -0.000539226 -0.00622613 -0.00255915 -0.00347734 0.00296909 0.000165499 -0.00274236 -0.00382682 -0.00137723 -0.000688764 -0.00100149 -0.0182145 -0.00782335 0.00116951 0.00648716 -0.00436122 -0.00143468 0.00862346 -0.00111517 -0.00651044 0.000296072 0.00433924 -0.000584425 -0.00604338 0.00758789 0.00846832 -0.00209526 -0.000482767 0.00129122 -0.00379305 -0.00252256 -0.000514316 -0.00308544 -0.00302539 -0.0057571 -0.00673851 -0.0020793 0.00359145 -0.00184374 -0.000429134 0.00632281 -0.00177961 -0.00308331 0.000311742 4.04866e-06 -0.000913946 0.00532431 0.000916167 0.00242949 -0.00300005 0.00384361 0.0100773 0.00339995 0.0076722 -0.000490033 0.000484946 -0.00234069 0.00158731 -0.000910932 -0.0142302 -0.000800283 0.00574043 -0.000673373 0.0137731 -0.00736065 
-0.00126207 0.000924278 -0.00488487 0.000803652 0.00459375 -0.00184512 0.00448996 -0.00109715 -0.000573379 0.00424252 -0.000313661 -0.000620643 0.0028367 0.00111944 0.0254903 8.69471e-05 -0.00363027 0.000651285 0.00884992 0.00364621 7.38746e-05 0.00453593 -0.00652984 -7.39308e-05 0.000233973 0.000584551 0.0034631 -0.000873886 0.00345903 -0.00779299 -0.0017206 -0.00245916 0.00207887 0.000326428 0.00117077 0.00195134 -0.000791084 -0.00036587 0.00200986 -9.1491e-05 -0.000397301 -0.000412488 0.00613614 8.61341e-05 2.10571e-05 0.00272871 -0.00855629 -0.00548311 6.91393e-05 -0.00428067 -0.00112217 -0.000961134 0.000408597 -0.000521962 -0.00104942 -0.00174677 0.000474046 -0.000345724 -0.00737806 -0.00180618 0.00140514 -0.00102789 0.000344419 -0.0039323 -0.00213105 -0.000875793 -0.000496769 0.000799702 0.000229427 -0.00416764 -0.00249242 0.00141417 0.00285772 -0.000652323 0.000822454 0.00143663 0.000616105 -0.00111709 -0.00166901 0.00158413 -0.000351164 -0.00169312 0.00120083 -0.000247997 -0.00171038 -0.00787092 0.00253806 -0.000354487 0.00171344 0.00066247 0.00305044 -4.03702e-05 -1.9324e-05 -0.00127615 -0.00776551 -0.00199158 0.00452089 0.000209732 0.00802371 -0.0101054 
-0.00212502 -0.000597371 -0.000569813 0.00126503 0.00218051 -0.00168341 -0.000218685 0.00146997 0.000115938 -8.07901e-05 0.000393385 0.000511059 -0.000524023 7.22348e-05 8.69471e-05 0.0122723 -0.00271528 5.86849e-05 -0.00139245 0.00166282 0.000919708 0.000690581 0.000375663 0.000178169 0.000511097 0.00018326 -2.678e-05 0.00313213 -0.000125776 -0.000385518 -0.00122343 0.00194529 -5.16955e-05 -0.00160648 -0.00096509 0.000106468 -0.00159847 0.000149279 -0.00063764 -0.000731309 -0.000186614 -0.000249118 -0.000534476 0.00141069 0.000639752 -0.00088426 0.000139372 0.00192602 3.14894e-05 0.00122824 -0.00116455 -0.0012231 -0.00149987 0.0017134 -0.00062531 0.000208404 0.000922303 0.000123102 -0.000763415 0.00059384 -0.000651083 -0.00104585 2.55254e-05 -0.00161398 -0.000885287 -0.000109302 -1.12047e-06 -0.000156796 -0.000387591 -0.00224328 -0.00164125 0.00192079 -0.00106479 -0.00137954 -0.000121287 -0.000339384 -0.000248697 0.000989317 -0.000362681 -0.000942602 0.000875169 -0.000404181 -0.000253384 0.000555045 0.000195506 0.00211528 0.000660139 0.00149129 0.00215675 -3.88083e-06 -0.00126314 -0.00132296 0.000391425 -0.00022522 -0.00284971 -0.00130475 -0.000996794 0.000746695 -0.000422434 -0.00270933 
-0.0213888 -0.00565475 -0.00771672 -0.0184008 -0.0486936 0.0522127 -0.0099565 -0.0156844 -0.000458951 -0.00149169 0.00469806 -0.00187591 -0.0222995 -0.00548445 -0.00363027 -0.00271528 0.216103 -0.0078599 -0.00937639 -0.0122435 -0.00137487 -0.0123674 -0.0356633 -0.00201112 -0.00112137 0.00152069 -0.00615575 -0.0314536 -0.0101147 0.0138613 -0.0484742 -0.0445059 0.00689679 0.0317344 0.0184019 -0.00418868 0.0478064 -0.00582981 -0.00866927 -0.00338301 -0.00014686 0.0180953 0.00695134 -0.0100213 -0.00378396 -0.000251871 -0.0225321 -0.0154886 -0.0023381 0.00108373 0.0323711 0.0430601 0.0291636 -0.0160583 -0.0114259 0.0526693 -0.00752404 -0.000749659 -0.00750533 -0.0147466 -0.0356433 0.0215418 0.000472042 -0.00279251 0.00952709 -0.00438894 -0.00184641 -0.00785152 0.000890556 0.000401761 0.0590916 -0.0102162 0.00363082 -0.0312158 0.0032984 -0.0145611 -0.00346689 -0.0157931 -0.00053706 0.0168504 -0.0196031 -0.0257707 0.00603485 -0.012536 0.00319794 -0.0248892 -0.0162495 -0.030064 -0.00125587 0.0029769 0.0150518 -0.0248256 -0.00644617 0.0325932 0.0501642 0.0376659 0.00960438 -0.00364554 -0.0266806 -0.00652714 
-0.00146025 -0.000417322 -0.00195878 -0.00200391 0.0028467 -0.00728529 0.00033144 -0.00181852 -0.000792879 -0.000414701 -0.000337667 -0.00216815 -0.000807374 -0.00104382 0.000651285 5.86849e-05 -0.0078599 0.0477615 -0.00175641 -0.00136736 -0.000240677 0.000148542 0.0117915 -0.000407358 0.00163022 -0.000265617 7.60863e-05 -0.00359213 -0.00302512 -0.0037592 0.0119614 0.00337711 8.40091e-05 -0.00295222 0.00142916 0.00100345 -0.00341123 -0.00185763 0.00300826 -0.00462362 3.87851e-05 -0.000232074 0.00108633 -0.00126998 0.00160414 -0.00134086 0.00810131 -0.000725844 1.02909e-05 -0.00350814 -0.0017278 -0.00293924 -0.00260174 0.00204185 0.00552093 -0.00527593 0.00166625 -0.000685051 0.00354675 0.00447281 -0.00506803 -0.00390204 -0.000823617 -0.000961539 -0.00140177 -0.00048487 0.00280746 -0.00184623 0.00142244 0.00854287 -0.00303247 0.00265649 4.20897e-05 -0.00689509 -0.000162399 -0.00196216 -0.000106265 -0.00331868 -0.00294882 -0.00199242 0.00515718 -0.00397079 -0.000703411 0.00063305 -0.00159449 0.00092253 -0.000265921 -0.00157958 -0.000804687 -0.000224814 -0.00146671 -0.00237583 -0.00051357 -0.00424927 0.00566706 -0.0042954 -0.00259996 -0.00156315 -0.00248276 -0.00256948 
0.00114589 0.0100317 -0.000461278 0.00651744 0.0245561 -0.0238996 0.0133977 -0.00348383 -0.00209492 0.00374234 0.00448483 -0.00845641 0.00695268 -0.000756411 0.00884992 -0.00139245 -0.00937639 -0.00175641 0.206891 -0.0101001 0.0026503 0.00574832 -0.0488943 0.000521975 0.000504753 0.00300492 0.00533042 -0.00701708 -0.000437277 -0.0708869 -0.0388001 -0.00807282 0.000324091 -0.0275509 0.0159287 -0.00258779 -0.0440533 -0.00170045 0.00290777 -0.00638881 -0.00166421 0.0116181 0.0357414 0.000954725 -0.0026233 0.0108105 -0.0411488 -0.0458013 -0.00198398 -0.0165042 -0.00603883 -0.00804901 -0.00517032 -0.00345127 0.0451666 -0.0258107 0.00281209 0.00100452 0.00338418 -0.00813681 0.030136 0.0213274 0.00493845 -0.0328731 0.0141606 -0.00883617 0.00712201 0.02791 0.0223242 -0.0228434 0.00509813 -0.0175851 0.0249412 -0.0247804 0.0044354 0.00732627 -0.00402995 0.0205591 -0.00702016 0.0225333 -0.0045693 -0.0193067 -0.00850621 -0.000257661 -0.00835381 -0.0522614 0.00244955 -0.0173219 0.00229442 -0.00385427 0.0432925 0.0239977 -0.00576078 -0.00205517 -0.0370857 0.00807449 0.0479868 -0.00100407 0.0239909 -0.0370256 
-0.000140141 -0.0185113 0.00884458 -0.00264876 0.00218289 0.0073683 -0.00102103 0.00748554 0.0012535 0.00497074 -0.00396954 0.00166911 0.00358892 -0.00120325 0.00364621 0.00166282 -0.0122435 -0.00136736 -0.0101001 0.122412 0.00964035 0.00977497 0.00440951 1.43944e-05 0.00232258 0.00048054 0.000423735 -0.00264832 0.0132333 -0.00355877 0.00662463 -0.00374046 -0.00226999 -0.00776662 0.000691824 0.00344202 -0.00199372 -0.0049182 0.00300746 -0.00545683 -0.00196429 0.00126241 -0.00124231 0.00512586 -0.00356073 -0.00430062 0.000243072 0.029481 -0.000648754 0.00626164 -0.0170154 -0.0161419 -0.00782167 -0.00259673 0.00398738 -0.00885697 -0.00324902 -0.00268332 0.0192223 -0.00809121 -0.000776623 -0.00541859 0.00239957 -0.00479907 -0.0080603 -0.00327652 0.00436032 -0.000847874 -0.004833 -0.00558602 -0.017306 0.00455228 -2.07598e-05 -0.00587222 -0.00257861 0.00501437 0.00306642 -0.00556146 0.0041142 -0.00810712 -0.00363345 -0.00985078 -0.00333378 0.00218441 -0.00662587 0.0165783 0.000378353 -0.0130675 0.00306365 0.00134399 -0.00694928 -0.00715078 -0.0026623 -0.00292407 -0.022243 -0.00894774 0.000613108 -0.00272197 -0.00086713 -0.00665018 
-0.0121611 -0.00621464 0.00231722 -0.0011749 -0.00312672 0.00180723 0.000322379 0.0029517 0.002208 0.00464155 0.000589436 0.00217976 0.00398215 0.000669942 7.38746e-05 0.000919708 -0.00137487 -0.000240677 0.0026503 0.00964035 0.0316077 -0.000559974 -0.00413137 -0.000202783 0.00137905 0.00197735 -0.000770759 -0.000956258 0.00170167 -0.00313985 -0.00630293 0.00116424 2.2412e-05 -0.00443174 -0.000450037 0.00125058 -0.00425404 -0.000213828 -0.00210236 -0.00346493 -0.000491047 0.0011149 -0.00102267 0.000780313 -0.000534405 -0.0016582 -0.00413326 0.00372446 0.000209751 0.00741389 -0.00459076 -0.00301736 -0.00303301 0.00138872 0.00420445 -0.00056092 2.42119e-05 -0.000340065 0.00658738 -0.0021755 0.00435793 -0.00140914 0.000958813 0.000275124 0.00114543 0.000417521 0.00156717 0.00203675 0.000906586 -0.00244017 -0.000761215 -0.00210532 -0.00269979 -0.00367311 7.74275e-06 0.00345361 0.000111042 0.00249538 0.00449304 0.000555325 0.00153318 -0.00385333 -0.00128203 -0.000709163 -0.00178017 -0.000453653 0.000554221 -0.00371543 0.000403622 0.000553444 -0.00347618 -0.00314011 0.00135632 0.000125287 -0.0064628 -0.00114032 0.00250811 -0.00131303 -0.00190339 -0.010171 
-0.00498076 -0.00436575 0.0036915 -0.00227719 0.00479615 0.00112153 0.00592498 -0.00196421 -0.00113187 0.00683192 -0.000317817 0.000263946 -0.00447106 -0.00248973 0.00453593 0.000690581 -0.0123674 0.000148542 0.00574832 0.00977497 -0.000559974 0.0774939 -0.0112055 3.82415e-05 0.000727046 0.00122771 0.00383577 0.00585941 0.00911756 -0.0092486 -0.00501297 0.00895754 0.00216207 -0.00415064 9.09922e-05 -0.000918225 -0.000461384 -0.00150034 0.00202624 -0.00722354 -0.000958871 -0.000185673 0.00371933 0.00162464 -3.97702e-05 0.00521966 -0.0169707 -0.00360624 0.000451932 -0.00171696 -0.00385727 -0.00331611 -0.00286755 -0.00191772 -0.000367481 -0.000777467 -0.00233244 0.00237898 -0.00170065 -0.00245688 -0.0009475 0.00048698 0.00125499 -0.00831715 0.000579165 -0.00215211 0.00122636 -0.000867018 -0.00184718 -0.0142768 -0.0080914 0.00387049 0.00612671 0.00559966 -0.000405515 0.00376858 0.00433139 0.00709462 -0.00369315 -0.00241385 0.00879513 -0.00526719 0.00011297 0.00396553 -0.0021845 -0.00878809 -0.0011738 0.000710082 0.00330573 0.00197098 -0.00339593 -0.00687566 0.000834426 0.00182341 -0.016418 -0.00691961 0.00110024 0.000937684 0.00254127 -0.0171426 
0.0574247 0.0418947 0.00453765 -0.00433314 0.0036466 -0.042025 -0.0085285 0.0155924 -0.0047127 -0.0129071 -0.00602795 -0.00911234 0.00530517 -0.0114301 -0.00652984 0.000375663 -0.0356633 0.0117915 -0.0488943 0.00440951 -0.00413137 -0.0112055 0.207273 -0.000597934 -0.00444228 -0.00224388 -0.00509962 0.00723024 -0.00640449 0.0278014 0.0531458 0.0300728 -0.0027654 -0.0274791 -0.00225457 0.0031567 -0.0326716 0.00737333 0.000941102 -0.000195916 -0.000996369 -0.00583887 -0.0103321 0.00750224 -0.0102676 -0.0189115 0.0619019 0.0454376 -0.00139164 -0.00721485 -0.0456665 -0.0379744 -0.0355282 0.00225062 0.00812638 -0.0384629 -0.00751543 -0.00441379 0.0013936 0.00121225 -0.0324184 -0.0217658 -0.00362311 0.003572 -0.0230008 -0.00821492 -0.00455336 -0.0060338 -0.00573294 0.0489954 -0.0302776 0.00682649 -0.00392028 0.0214293 -0.0042187 -0.0192772 -0.00443574 -0.0208587 -0.00515661 -0.0132634 -0.00576149 0.0301271 -0.00624529 -0.00625061 -0.00263889 0.0760272 -0.00594515 0.00338324 -0.0108465 -0.00524164 -0.018669 0.0273549 -0.0053971 -0.0262048 0.0202205 -0.0174481 -0.0380217 0.00437469 -0.0313865 0.0488701 
-0.000444877 -0.00093452 0.000714229 0.00147578 0.000593951 -0.00113384 0.00111934 0.000593248 -0.000172696 0.000319008 7.5727e-05 -0.000481039 -0.00101629 -8.15697e-05 -7.39308e-05 0.000178169 -0.00201112 -0.000407358 0.000521975 1.43944e-05 -0.000202783 3.82415e-05 -0.000597934 0.0148692 -0.000116628 -8.96795e-05 -8.54831e-05 0.00249986 0.000683815 -0.00256777 -0.000912832 0.000714324 -0.000677565 -0.00130486 0.00051948 3.48291e-05 -0.00107099 1.75077e-05 -0.000423287 -0.000814804 0.000105475 -0.000295221 0.00133891 -0.000206737 -7.22383e-07 5.86249e-06 -0.00237458 -4.2754e-05 9.68282e-06 -0.00134184 -0.000972089 -0.000873667 -0.000940438 0.000986631 0.000719821 -0.00025805 9.24911e-05 0.000398787 0.00133801 -0.000471342 0.00106565 0.000444894 0.00018389 -9.25084e-05 0.000154573 -0.000112332 -0.000250524 5.77245e-05 -0.000774172 -0.000754103 -0.00209293 -0.000182278 -0.000191835 0.000542451 0.000122514 0.000325269 0.000183615 0.00275993 -0.000780177 0.000288795 -0.000572451 -6.35324e-05 0.000272321 0.000458096 -0.000429407 -0.00206933 -0.000501922 -0.000881427 0.000778003 -8.14434e-05 -0.00200034 0.00113975 -0.00052403 0.000174814 -0.00288314 -8.3588e-05 0.000649906 0.000354578 0.00117616 -0.00239096 
-0.00475609 -0.00391625 -0.00199438 -0.00150117 -0.00136058 -0.000211867 -0.000407085 0.000955081 0.000238082 -0.000948434 0.000811395 0.0013441 -0.00212648 7.35231e-06 0.000233973 0.000511097 -0.00112137 0.00163022 0.000504753 0.00232258 0.00137905 0.000727046 -0.00444228 -0.000116628 0.0235393 0.000252881 -0.000177522 -0.000644339 0.00378153 -0.000857874 -0.00063791 -0.00106277 -0.00041264 -0.000213096 -0.00119605 0.000139559 0.000677693 -0.000407915 -2.81479e-05 -0.000713712 -0.000457308 -0.000642679 -0.00240309 -0.000396749 0.00195351 -0.000494211 -0.00143749 0.000877961 0.000415921 0.00257785 0.000859634 0.000538961 0.000546701 0.00113897 -0.00162496 -0.000316798 -0.000449958 0.000101676 0.000426893 0.000690431 -0.00120436 -0.000771777 0.000527274 -0.000994017 -0.000736726 0.00184749 0.00213397 -0.000638244 0.000109778 -0.00164156 -0.00112053 0.00123292 -0.0020915 -0.00311852 0.000139243 0.00205187 0.000850156 -0.0013405 0.000269845 -0.000106775 0.00208151 -0.0012145 -2.74533e-05 -0.00071359 -0.000465429 -0.000541519 0.000121289 -8.15705e-05 -0.000234485 0.00243567 -0.000693716 0.000607047 -0.000273648 -0.0016037 -0.00154587 -0.000400977 0.00188482 -0.000605615 0.000528986 -0.00636171 
-0.00354293 -0.00296309 -0.00271339 -0.00127357 -0.0030313 -0.000901795 -5.7135e-05 -0.0011823 -0.00036314 0.000451913 -2.81985e-06 6.07952e-05 -0.000926123 -0.000393042 0.000584551 0.00018326 0.00152069 -0.000265617 0.00300492 0.00048054 0.00197735 0.00122771 -0.00224388 -8.96795e-05 0.000252881 0.0194751 -8.75454e-07 -0.0018453 0.000963185 0.00230475 -0.0034606 -0.000972151 -0.000507435 -5.98767e-05 -0.00130475 -0.00028455 -0.00134203 -0.000155615 0.003571 0.000453021 -0.000121862 -0.000628603 0.00171091 0.000545927 -0.00036625 -2.86489e-05 8.55802e-05 0.000806522 -7.59797e-05 0.000629683 -0.000849955 0.000176781 -0.00156871 0.00107554 -0.00176112 -0.00110721 -0.000520516 -0.00010693 0.00233632 -3.14597e-05 -0.000571134 0.000486312 -2.11198e-06 0.00220527 0.0011276 0.000122613 -3.69304e-05 -0.00011168 -0.000307493 -0.00184209 -0.001733 -0.00203559 0.000742174 -0.00337309 0.000164984 0.00125639 0.000443165 -0.000270733 0.00219786 0.00438872 -0.001527 -0.00104899 -0.000732232 -0.000649994 0.000129113 0.00133497 -0.000526853 -5.63879e-05 -5.72036e-05 0.000549139 0.000101223 -0.000563643 -0.000131964 -0.000792208 -0.000942207 -0.00056027 0.001361 0.00013537 -0.000709419 -0.00499237 
0.00304672 -0.00142737 -0.00472702 0.00394619 0.00450769 -0.00559694 0.00303353 0.00141899 -0.000444879 0.00151643 -0.000846266 -0.00125426 0.00353896 0.00197087 0.0034631 -2.678e-05 -0.00615575 7.60863e-05 0.00533042 0.000423735 -0.000770759 0.00383577 -0.00509962 -8.54831e-05 -0.000177522 -8.75454e-07 0.0415184 -0.000920801 -0.00165153 -0.010606 0.0130746 0.00198877 0.00291446 0.00148902 0.00309973 0.000986579 -0.00471387 -0.000391864 -5.79719e-05 0.00417389 2.24628e-05 -0.00166149 0.00942789 0.00027824 0.000542243 0.00645348 -0.0157685 -0.00659808 5.55157e-05 -0.00491736 -0.00328778 -0.00190145 0.00050131 0.000706496 0.00281588 -0.00492418 0.00114158 -0.000158818 -0.00387774 0.000585584 0.00030376 0.000990352 -0.000419524 -0.00542704 -0.00398804 0.000529049 -0.00100388 0.000962102 0.00349926 -0.00456971 -0.000495522 -0.000905491 0.00761483 -0.00382833 2.44962e-05 0.00527836 -0.000360278 -0.00231404 -0.00300014 -0.00271577 -0.00189855 -0.00145077 -0.000894013 -0.00166904 -0.00273574 -0.00581124 0.00140641 0.0014595 -0.000765573 -0.000306166 0.00262356 -0.00434698 -0.000284004 -0.00224658 -0.0140286 -0.00350316 0.00865386 1.30641e-05 0.00727274 -0.0114969 
-0.000215423 -0.00998832 0.0238959 0.00768422 0.0522262 -0.0298054 -4.6722e-05 0.00642654 0.00355695 -0.00906994 0.00036169 0.000999497 0.00398069 -0.00617651 -0.000873886 0.00313213 -0.0314536 -0.00359213 -0.00701708 -0.00264832 -0.000956258 0.00585941 0.00723024 0.00249986 -0.000644339 -0.0018453 -0.000920801 0.166608 -0.000332744 0.00226282 -0.0142888 0.0241775 -0.00943401 -0.0362571 -0.0156948 0.000267699 -0.02591 0.00344621 -0.00749919 3.07698e-05 -0.00280561 -0.010487 -0.000455751 -0.00248549 -0.000351832 -0.00710428 0.00543509 0.0102083 -0.00013713 -0.0161322 -0.0026462 -0.0201986 -0.0262572 0.0179292 0.0177269 -0.0149358 0.00486431 -0.00138946 0.0198714 -0.0106788 0.00957394 -0.00165309 -0.00147003 -0.000511861 -0.0055766 0.0111128 -0.00415763 -0.00458059 -0.00804349 0.00341763 -0.0226775 -0.00416642 0.00450878 0.00771365 -0.00185498 -0.00275511 0.0116564 0.0256202 -0.00282054 -0.00834784 0.0146327 -0.00193662 -0.0023121 0.0109392 -0.00457434 -0.00169003 0.00187631 0.00265866 0.00569296 -0.000969983 0.00391006 -0.0026389 0.00122743 -0.00904533 -0.0333829 -0.0216056 -0.0171277 0.00284917 -0.00422772 -0.00920831 
-0.0150806 -0.00911428 -0.00613115 -0.00389286 -0.000221778 0.00659177 0.000400629 0.00360745 -0.00163343 0.00153652 -0.00255894 0.0023285 -0.00837743 -0.00101834 0.00345903 -0.000125776 -0.0101147 -0.00302512 -0.000437277 0.0132333 0.00170167 0.00911756 -0.00640449 0.000683815 0.00378153 0.000963185 -0.00165153 -0.000332744 0.0808414 -0.00169277 -0.00848147 0.00367449 -0.000793688 -0.00474094 -0.00690238 0.00179585 -0.00208452 -0.000772065 0.00174525 -0.00402526 -0.000125317 -0.000686688 -0.0069152 0.00615651 -0.00286449 -0.00525106 -0.00810409 0.00159946 -0.000194655 0.00601094 -0.00500566 -0.00854735 -0.00533252 -0.00121063 -0.00308603 0.00168073 -0.00211713 -0.00106639 0.00717408 0.000624198 0.00862033 -0.00603639 0.00101996 0.00313663 0.00712222 0.00210063 0.00303953 -0.00243543 -0.00184646 -0.00381248 -0.0163545 -0.000454317 -0.00506025 0.0121154 0.000138138 0.00151869 0.000309115 0.00701588 0.00378278 0.000814815 -0.0020952 -0.00288762 -0.00187752 0.0029466 -0.00124015 0.00455456 0.0032738 -0.00468033 0.00299625 0.00153401 -0.00782361 0.00482699 -0.000984279 0.00297841 -0.0151372 -0.00192447 -0.0101604 -9.44196e-05 0.0077019 -0.0052287 
-0.0152465 -0.0479619 -0.0187723 -0.024028 -0.0302051 0.0105961 -0.0121534 -0.0212664 -0.000219011 -0.0132731 -0.00349713 0.0121091 0.000144444 -0.00112864 -0.00779299 -0.000385518 0.0138613 -0.0037592 -0.0708869 -0.00355877 -0.00313985 -0.0092486 0.0278014 -0.00256777 -0.000857874 0.00230475 -0.010606 0.00226282 -0.00169277 0.2247 -0.00231285 0.00457106 -0.011897 0.0154738 -0.0242126 0.000724109 0.0190906 -0.0102207 0.0210592 0.0113337 0.000286129 -0.0112419 -0.0288309 -0.000323706 -0.00753225 -0.00529351 0.0645104 0.0755893 -0.000135874 0.0271246 0.0264799 0.00717931 0.00416082 -0.0034602 -0.0422756 0.0170191 -0.0139113 -0.00255583 0.0111699 0.0203722 -0.0258833 -0.0152442 -0.00256813 0.0539998 -0.00583128 0.00974242 -0.00647296 -0.0181782 -0.0174917 0.0378128 -0.0175876 -0.0378083 -0.021422 -0.0289037 -0.00396831 -0.0048155 -0.00438109 -0.0134544 0.0177107 -0.00700112 -0.012936 -0.00607074 -0.00945053 -0.0115828 0.0246531 0.0724917 -0.00279495 -0.0142888 -0.0213825 0.00130442 -0.0295231 -0.0304553 0.00569511 -0.0120175 0.0746482 -0.0167009 -0.0402143 -6.21802e-05 -0.0418557 0.0288169 
0.0264375 0.00922427 0.00172584 -0.00460307 -0.0154419 -0.00968641 -0.00233292 0.00137789 -0.00267282 -0.00245469 -0.00653697 -0.00791062 -0.00425414 -0.000600223 -0.0017206 -0.00122343 -0.0484742 0.0119614 -0.0388001 0.00662463 -0.00630293 -0.00501297 0.0531458 -0.000912832 -0.00063791 -0.0034606 0.0130746 -0.0142888 -0.00848147 -0.00231285 0.185394 0.0248024 0.00709857 0.0157143 0.00168663 0.00498137 0.00156885 -0.00500241 0.00526826 0.00232829 0.0011548 -0.00872054 -0.00368487 -0.0108071 -0.00260696 6.32883e-05 0.0190172 0.0253708 -0.00126449 -0.011979 -0.0215462 -0.0134867 -0.0168146 -0.00792416 -0.00719731 -0.018164 -0.00724758 -0.000388155 0.00133934 0.0162031 -0.0198693 -0.0178512 -0.00372495 -0.0120896 -0.0192662 -0.00244456 -0.00405621 -0.0121385 -0.00976709 0.0263923 -0.0163275 0.0174892 -0.00213776 0.00980367 -0.00275496 -0.000962521 -0.00479595 -0.0117239 -0.0134735 -0.00450488 0.00177348 0.0281854 0.00698777 -0.0030802 -0.00562053 0.0132335 -0.00447781 0.00846467 -0.0101195 -0.00287856 -0.0258521 -0.00246269 -0.00830487 -0.00733293 0.00758521 -0.0164652 -0.0167341 -0.00514605 0.000256679 0.0355849 
-0.0245533 -0.0176024 0.0223552 0.012224 0.020053 -0.0240797 -0.00276528 0.00168607 0.00235392 -0.00774308 0.00172743 0.00262602 0.016062 -0.00616358 -0.00245916 0.00194529 -0.0445059 0.00337711 -0.00807282 -0.00374046 0.00116424 0.00895754 0.0300728 0.000714324 -0.00106277 -0.000972151 0.00198877 0.0241775 0.00367449 0.00457106 0.0248024 0.160309 -0.004653 -0.0179515 -0.00992412 5.52823e-05 -0.0280668 0.00268443 -0.00883476 -0.0108093 0.00044072 -0.00689288 -0.012585 0.00447561 0.00142527 -0.0106234 0.000530783 0.00596283 -0.00127526 0.012524 -0.0279154 -0.0200446 -0.0228048 0.00795611 0.032639 -0.00939115 0.00538895 0.0017305 0.0139624 0.0041236 0.000878384 -0.00776517 -0.000695783 -0.0123714 0.00477074 0.00670004 -0.00186499 0.00493536 0.00112213 0.0296271 -0.0312704 0.00189784 -0.00558323 -0.0155823 -0.00323432 -0.00208724 -0.00212994 0.0115934 0.00305397 -0.0128782 -0.0020849 -0.00944901 -0.00592952 0.0109602 0.00997729 0.0306706 -0.00362506 0.0107401 3.42945e-05 0.000809103 -0.0164027 -0.015601 0.00176571 -0.0115486 -0.00717528 -0.0167228 -0.0153361 -0.00657014 -0.00849977 -0.0183774 
-0.00209974 0.00564009 0.000905892 -0.00172373 -0.0120809 0.000853746 5.29427e-05 0.000618604 0.000513867 0.00474044 0.00283566 -0.00101381 -0.00315612 0.000241227 0.00207887 -5.16955e-05 0.00689679 8.40091e-05 0.000324091 -0.00226999 2.2412e-05 0.00216207 -0.0027654 -0.000677565 -0.00041264 -0.000507435 0.00291446 -0.00943401 -0.000793688 -0.011897 0.00709857 -0.004653 0.0501583 0.00995347 0.0109087 0.000434089 0.00152021 -0.00202654 -0.00168185 0.00238416 0.000843015 0.00228622 0.00500825 -0.00138436 -0.000387371 -0.00142457 -0.00941651 -0.00989171 -0.000536994 -0.00392747 -0.00270888 0.00341805 0.00082412 -0.0035781 -0.00782887 0.000197619 0.000113331 -0.000802426 -0.0129436 -0.00382333 -0.00341495 -0.00117721 0.000964955 -0.00670032 -0.00113352 -0.0011891 -0.000548462 0.00207171 -0.00015396 -0.00702015 0.0128235 0.00142918 0.000452791 0.00623175 0.00102273 0.00143032 -0.000590457 -0.00507112 -0.00231338 0.00191216 -0.00185114 -0.00103452 0.00310975 -0.000750925 -0.00256179 -0.0100642 0.00065385 -0.0033029 0.000533684 -0.000881043 -0.00160133 -0.00655249 -3.82707e-05 0.00813486 0.00269863 0.000636039 0.000316716 0.000116419 0.00503285 -0.00175472 
-0.0402094 -0.00694079 -0.00719825 -0.00902999 -0.0447434 0.0446054 -0.00105034 -0.0135907 -0.00333755 0.00352818 0.00116426 0.00178826 -0.0194873 -0.000597525 0.000326428 -0.00160648 0.0317344 -0.00295222 -0.0275509 -0.00776662 -0.00443174 -0.00415064 -0.0274791 -0.00130486 -0.000213096 -5.98767e-05 0.00148902 -0.0362571 -0.00474094 0.0154738 0.0157143 -0.0179515 0.00995347 0.175228 -0.00231534 -0.000870485 0.0609029 -0.00369464 0.00612587 -0.00332831 0.0031355 0.00121182 -0.00657793 -0.00997046 -0.00628648 0.0178901 -0.0157376 -0.0331134 0.000646582 0.00574437 0.0424848 0.0437717 0.0410769 -0.00846343 -0.0351682 0.0378042 -0.00603289 -0.000903638 -0.0482058 -0.00539847 -0.00841858 0.00803652 -0.00022491 0.00126989 -0.00604498 -0.00175893 -0.00600368 -0.0077044 -0.0102305 -0.0106523 0.0402866 0.000801911 -0.0161141 0.00384208 0.00193726 -0.00233461 -0.00466126 -0.0209205 -0.00337186 -0.00253471 -0.0148492 -0.0136106 0.010179 -0.00894024 0.0117829 -0.0212075 -0.00394562 -0.0149801 -0.00958842 0.00241147 -0.0296427 -0.0165125 -0.00198229 0.0234953 0.0522257 0.0151238 -0.011386 -0.00532814 -0.00540286 -0.00612358 
