0.0118394 0.000189405 0.000479633 0.00164204 0.000193138 -0.000889546 -0.000733938 9.64049e-05 0.000130374 -0.000211117 8.45018e-05 -0.000341468 0.000537369 -1.34312e-05 -0.000259511 0.000623858 -0.00233051 -0.00124952 -0.00355455 4.43446e-05 3.67054e-05 -0.000355407 -0.000303657 -0.000522081 0.0010452 -0.000113625 -0.000270271 -4.95337e-05 -0.0011964 -0.00335896 -0.00148534 0.000436392 -0.000882206 0.00113196 0.000942813 0.000277124 0.00147908 0.00084135 0.000864751 -0.000792458 0.000879055 -0.000202253 0.000773122 0.000202146 0.000566176 -6.23586e-08 0.000537364 0.00099728 -9.4273e-06 0.000159881 0.00189866 -0.0010209 0.000564458 -0.000252757 0.000283037 -0.00135365 0.000570159 0.000425491 0.000262773 -0.00159411 0.00168317 -0.00048874 0.000651898 0.000539546 0.000691343 8.32331e-05 -0.000215924 0.00012326 0.000845357 0.000771702 -0.00441804 -0.00260801 0.000600414 -0.00121825 -0.00185087 0.000547258 -4.60012e-05 0.000681122 0.000308201 -0.00011738 0.000651149 -0.000305166 -0.000812936 -0.00172099 5.72178e-05 0.000515864 -0.00116725 -0.000573999 -0.000152217 0.000915257 0.00011601 0.000292169 -7.84181e-06 0.000368647 1.64531e-05 0.000165993 0.000574683 -0.000937582 -0.00291764 0.0006701 
0.000189405 0.0689618 0.00303511 0.00496803 0.00199871 -0.00726751 0.00678355 0.0023434 -0.000839062 0.000270282 -0.000105332 -0.00439921 0.00113167 0.00864834 -0.00322633 0.00127065 -0.00954366 0.0139803 -0.0201014 -0.000470797 -0.00972297 -0.0059038 -0.00268428 -0.00226851 0.00903788 -0.00357727 -0.00282869 -0.00175457 -0.00507317 -0.0240285 0.00484756 0.0113555 -0.0102579 0.00291392 0.00711839 0.00331372 0.00581239 0.00171956 -0.00105773 -0.00816765 0.0273862 -0.00401117 -0.00961437 0.00102335 -0.00134053 -2.04888e-05 -0.000155968 0.00368048 0.00516825 0.00100075 0.000821356 0.0112145 -0.00756004 -0.000427955 -0.00579213 -0.00466513 0.0109009 0.00095057 -8.81186e-05 -0.0178363 -0.00552636 -6.50197e-05 -0.000142079 0.00384104 -0.00096536 0.000151986 0.00546416 0.00344747 0.00599383 -0.00195733 -0.0157421 0.00222506 -0.00674519 -0.0164774 -0.00811161 0.00288302 0.00421252 -0.000846164 -0.0050766 0.00861241 -0.00462746 -0.000531353 -0.000317945 0.00413578 3.25655e-05 -0.000542468 -0.00174014 -0.00364714 0.00361614 0.00265268 0.00232997 0.00242508 0.00203881 -0.00263847 -0.00368023 -0.000440552 0.00291124 -0.00839796 -0.0165 0.000689054 
0.000479633 0.00303511 0.0369808 -0.00276153 0.000755579 0.000162029 -0.00338072 0.0020201 0.000178802 1.84716e-05 6.01545e-05 -0.000388716 0.00130455 0.00050844 0.0038898 -0.000933684 -0.00510075 -0.00140446 -0.0112271 8.77754e-05 0.00143829 0.000801202 0.000468019 0.00455338 -0.000570161 0.000530307 0.00441154 -0.000840844 -0.00350425 -0.0077676 -0.00128406 0.00167623 -0.00378238 -0.00200765 0.00541799 0.00210849 0.00182886 -0.000159851 0.00114486 -0.00386318 -0.000645737 -0.00334988 -0.00467085 0.00272304 -0.00218543 -0.000177136 0.000627082 0.00329333 0.0018166 0.000104345 0.000809564 -0.00589764 0.000549732 0.00310398 -0.000160971 0.00500614 0.00110722 0.00145713 -0.000458442 -0.00888298 -0.00193065 0.00223623 0.00025806 0.00344851 0.000438538 -0.00134311 0.00254793 0.00218021 -0.000443095 0.00339781 -0.00747704 -0.00589941 0.00235552 -0.00645931 -0.00544749 -0.000309781 0.00128679 -2.58297e-05 -0.000679108 -0.000298603 0.00163965 0.00856348 0.00494257 -0.00645967 0.000858508 0.00168681 -0.000524773 -0.00044338 0.000278287 -0.000292427 -0.000389346 0.00187172 0.00013327 -0.00438035 0.00209967 4.26576e-05 0.00027946 -0.00544522 -0.0112507 -9.89557e-05 
0.00164204 0.00496803 -0.00276153 0.228582 0.000881841 -0.0456004 -0.00024063 -0.0065424 -0.000887811 -0.00669022 -0.00188103 0.0196576 0.00358461 0.00315351 -0.0422835 -0.000158956 -0.00201385 0.0157227 0.00245094 -0.00354345 -0.0195647 -0.00818022 -0.021839 -0.0163584 0.00261153 -0.0160697 -0.0187074 0.000297566 -0.0237571 -0.0631414 0.00293354 0.00587259 0.0308601 -0.00651151 -0.00440074 -0.00103558 -0.00805211 -0.00211489 -0.00190155 0.0254341 0.0201752 -0.00212036 0.0205366 -0.00233898 -0.000887043 -0.00337764 0.00159942 -0.0103431 0.00642812 -0.00257562 0.000852954 0.0255162 -0.00329516 -0.0113854 -0.0117898 0.0301257 -0.00867519 -0.00104961 0.000226848 0.0174482 0.00822056 -0.00956168 -0.00133027 0.000931537 -0.00679529 0.00239113 -0.0110824 -0.003357 0.0053267 -0.00767345 -0.011434 -0.0129755 -0.0176038 0.00874325 -0.0123569 0.00132544 -0.00523629 0.00305582 -0.0316287 0.00338566 0.00382687 -0.0128973 -0.0108783 -0.0161522 -0.00387743 0.000181995 -0.0123842 0.00309005 0.00528477 -0.00623062 -0.00456126 0.00502182 0.00176769 0.00569369 0.0069518 -0.0059176 -0.00365484 0.0307813 0.0209956 0.00112733 
0.000193138 0.00199871 0.000755579 0.000881841 0.0153606 -0.00236262 0.00253252 -3.82112e-05 0.000388195 -7.56092e-05 4.92805e-06 -0.000696786 -0.000306068 -0.000382155 -0.00105956 0.00028101 -8.69155e-05 0.000244094 -0.0028231 0.000173692 -0.000307884 0.00172984 -0.000343684 0.000420368 0.00162633 0.00123567 0.00105081 -0.000397387 0.000259642 -0.00355507 -0.000530359 0.000325189 -0.00145894 -0.000712674 0.00120059 0.00029843 -0.00141528 1.32541e-06 0.00105699 -0.00379626 0.00301698 -0.00231756 -0.00132267 0.0012769 0.00192257 0.000324858 6.59694e-05 0.000565499 -0.000474468 0.00134787 0.000235304 0.00120028 2.99687e-05 -0.000411393 -2.16742e-05 -0.00158195 -0.000588856 -5.67595e-05 -0.000473398 -0.00151997 0.000163005 0.000584259 0.000409549 0.000854059 7.26779e-05 -0.000561637 0.000516144 -0.000238831 -0.00112499 0.000475116 -0.00311654 -0.00124067 7.74231e-05 -0.0037493 -0.000140372 -6.53808e-05 -0.00052384 0.000406579 -0.00104034 0.00482303 -0.000201279 -0.00226722 -0.00136525 -0.00246521 -7.56787e-05 -9.10037e-07 0.000759696 -0.000258531 -0.000115614 -0.000399995 9.85947e-05 0.00190618 0.000273352 -0.000464106 -0.000909923 -0.000417396 0.000709294 -0.00191933 -0.00267683 0.000321837 
-0.000889546 -0.00726751 0.000162029 -0.0456004 -0.00236262 0.183124 0.0150206 0.00852818 0.00122231 0.00627102 -0.000276694 -0.00608638 0.00325474 -0.00474303 0.0280462 0.00177062 -0.0174319 -0.0163944 -0.0277756 0.000228169 0.0498716 -0.0212644 0.0163699 0.0131314 -0.00399525 0.00427613 0.0192141 0.00281183 0.00805315 0.0491565 0.0327632 -0.0151515 -0.0415586 -0.00328366 -0.000577488 -0.00683425 -0.00108077 -0.00244462 -0.00361671 -0.0288983 -0.0304972 0.0159801 -0.00543335 -0.0116327 -0.0107422 0.00255406 -0.00132227 0.00409849 0.00476256 -0.00118214 -0.00101862 -0.053799 -0.00447055 0.0179448 0.0164768 -0.0121202 -0.000742445 -0.00277307 -0.00483746 -0.0230284 -0.00604238 0.00343541 -0.00286387 -0.00975326 -0.00153355 0.00317539 -0.00660652 -0.0019111 -0.0101838 0.00297996 0.0193613 0.000341476 0.0276167 -0.0264577 -0.0293111 -0.000399403 -0.00379053 -0.00364764 0.0175574 -0.0181283 -0.00116261 0.0208962 -0.0121104 0.0402821 0.00256224 -0.00220418 0.0120422 -0.00160897 0.0017519 -0.00171196 0.00168121 -0.00697094 -0.00202716 -0.0274963 -0.00511679 0.00152926 -0.000586096 -0.0250065 -0.0282306 -0.00431089 
-0.000733938 0.00678355 -0.00338072 -0.00024063 0.00253252 0.0150206 0.135166 -0.00110653 0.00138864 0.0046775 -0.000583514 0.000487903 0.00366893 0.00190364 -0.0104576 0.00474816 0.0125007 0.00223916 -0.0177275 -0.00086599 -0.000504302 0.004965 -0.00268649 -0.00663378 0.00201147 0.0107029 0.0268053 0.0112677 0.0178375 -0.00479304 0.0481076 -0.00208596 -0.0317652 -0.00914006 -0.00614723 -0.00398272 -0.0137927 8.2916e-05 -0.00243311 -0.0291595 -0.0177627 -0.0196438 -0.0072851 0.00374999 -0.00302624 -0.00322083 -0.001232 0.000231002 0.00476407 0.000773289 -0.000837806 0.00346435 -0.0142275 0.000197946 -0.0106788 -0.00799753 -0.00039433 -0.00102963 -0.00303901 -0.0263179 -0.00886549 0.0123573 -0.00225428 -0.0057052 0.000712562 0.0021938 -0.0145836 -0.000881663 -0.00729013 -0.00139056 0.0084374 0.0195229 0.016523 -0.0282855 -0.00145126 0.000461309 -0.00385351 -0.00310463 0.00176274 -0.00386633 0.0085653 -0.00732901 -0.00504429 0.0099688 0.000387382 -0.00145362 0.0105329 -0.00339311 -0.000844804 0.00359474 -0.00302746 -0.00290154 -0.00144901 -0.012534 0.0072405 -0.0030463 -0.00124668 -0.0116606 -0.0260317 -0.00193114 
9.64049e-05 0.0023434 0.0020201 -0.0065424 -3.82112e-05 0.00852818 -0.00110653 0.0800809 3.97561e-05 0.00141928 -0.000368109 -0.00177546 0.00440008 0.00187135 0.0164701 -0.00313666 -0.0167049 -0.000183082 -0.0273018 0.000137395 0.00694942 -0.000981453 -0.0057282 0.00936722 0.00286195 -0.000879542 0.0110265 -0.000123659 -0.00304511 -0.0145074 -0.00902479 0.000291417 -0.00164471 -0.00374464 0.00232415 0.000500412 0.0109028 0.00152914 -0.00162274 -0.00141169 -0.000438663 -0.0113368 -0.00114287 -0.00555562 -0.00255635 -0.00210569 0.00127844 0.00700091 -0.00380206 -0.00108077 0.000241422 -0.00350977 -0.00129082 -0.00199723 0.00173965 -0.0130054 -0.00125637 0.000371601 -0.000935505 -0.0240098 -0.00528802 -0.000457506 -0.000697775 -0.000636158 -0.00159113 0.00539174 0.0012269 0.00135096 0.00632071 0.00403227 -0.00497298 0.00634841 0.0190145 -0.0134607 -0.0176429 0.000164107 0.000959504 0.00066918 0.00107444 -0.00155443 0.00562932 0.0140936 0.00470911 -0.000489062 0.00225432 -0.000956103 -0.00349011 0.00327219 -0.000803657 0.000377806 0.00262038 -0.00325169 -0.000866273 -0.00439315 0.00143125 -0.00170891 -0.000423402 -0.00993343 -0.00937059 0.00114999 
0.000130374 -0.000839062 0.000178802 -0.000887811 0.000388195 0.00122231 0.00138864 3.97561e-05 0.0187427 0.000593496 3.86884e-05 -0.000319012 0.000706701 -0.000656105 -0.00040503 0.000804067 0.000153086 -0.00193006 -0.00433396 8.87195e-05 0.00129861 0.00119694 0.00074875 -0.000842604 -0.000271005 -6.91745e-05 6.49452e-05 -0.000588506 -0.000334792 -0.00208909 0.00261927 -0.00123207 -0.000801684 -0.000284793 0.0012128 0.00182539 -0.00244951 0.000400312 0.000173808 -0.00241656 -0.00319859 -0.000161251 0.000791012 0.00103185 0.00136948 7.8528e-05 0.000334943 0.000666907 -0.000110489 0.000405852 0.000396177 -0.00265711 0.0034623 0.00114848 -0.00029814 -0.00276456 -8.66783e-05 -2.78081e-05 6.41862e-05 0.000582268 0.00135113 -0.000258287 0.00022224 -0.000798997 2.27236e-05 1.09799e-05 -0.000862918 0.000109124 0.000137026 0.000889274 -0.0007595 -0.00569721 -0.000307745 -0.00121164 -0.00145679 -0.000192333 -0.000398836 0.00180483 -0.00132084 0.000178921 0.0012289 -0.00382452 0.000477542 -0.0011843 0.000298403 0.000342477 -0.000438742 0.000886839 3.47662e-05 0.000624361 -0.000114711 0.000322206 3.42554e-05 -0.00124253 0.00062579 2.52222e-05 0.000190203 -0.00282082 -0.00124737 2.79572e-05 
-0.000211117 0.000270282 1.84716e-05 -0.00669022 -7.56092e-05 0.00627102 0.0046775 0.00141928 0.000593496 0.0563585 0.000213558 -0.00393426 -2.86026e-05 0.00236577 -0.00306289 0.00307012 0.000158146 0.00691355 -0.0068089 -7.15111e-05 0.0131994 -0.004281 -0.00484406 0.0011159 0.00123079 -0.00128167 0.00457307 0.00104283 -0.000551793 -0.00719573 -0.00215764 -0.00228831 -0.00890993 0.000680145 -0.00146745 0.00206334 -0.00510603 0.000883353 0.000139031 -0.010612 -0.00520978 -0.00885842 -0.00419753 -0.00197422 -0.000987596 0.000812113 -0.000252707 0.0023224 0.00095577 0.00116612 -0.000116914 -0.00549909 0.0013014 -0.000938112 -0.000435697 -0.00523993 -0.00218067 0.00069038 -0.00168966 -0.00970195 -0.00102851 0.00338772 -0.000755446 0.000247301 -0.00125242 0.00615732 0.000421171 -0.000744101 -0.00134642 0.000284894 0.00221533 0.00513459 0.008324 -0.00852756 0.00140737 -0.000312948 0.000470228 0.000109721 -0.00303027 0.000658052 0.00149584 0.00038683 2.41253e-05 0.00103954 -0.000692896 -0.000439814 0.00509783 -0.00194835 -0.00169855 0.00413537 0.000250197 -0.00165688 -0.000484806 -0.00245377 0.00219568 -0.000298698 0.000479782 -0.00761352 -0.00822706 0.000944326 
8.45018e-05 -0.000105332 6.01545e-05 -0.00188103 4.92805e-06 -0.000276694 -0.000583514 -0.000368109 3.86884e-05 0.000213558 0.00892681 -8.80486e-06 0.00132189 -0.00017496 0.000899127 -0.000109458 -0.00135616 -0.000645922 -0.00134671 0.000990403 -0.000518167 -5.22161e-06 0.000142521 -0.000519462 0.000559132 0.000237224 2.86086e-05 6.2754e-05 0.000549604 -0.0018609 0.000638768 0.000558516 -0.00180496 -0.00109234 4.76551e-05 -0.000371065 -0.000538695 0.000414549 -4.38597e-05 -0.00166652 0.000331446 -0.00114157 -0.00115079 0.000212482 -4.89019e-05 -0.000148863 3.20072e-05 0.00175147 0.000530078 0.000320293 0.000310782 0.000202811 -0.000657465 1.22444e-05 -0.000352518 -0.00113905 0.000234646 0.000726338 0.000236487 -0.00148627 0.00111899 0.00149437 0.000942513 0.00126992 0.00124205 0.000143938 -0.00126897 0.000824456 0.00101579 0.00023261 -0.00322809 -0.00265629 0.000569495 -0.000824377 -0.0012656 0.000132065 -0.00019602 0.000523803 -0.000515625 0.0015208 -6.74021e-05 -0.000319048 -0.000194969 -0.00109092 0.000201415 0.000461318 -0.000833085 -0.000489537 -4.0501e-05 0.00102041 0.00101308 0.000272766 -5.94091e-05 0.00126543 -0.000108419 0.000556596 6.45243e-05 0.000489323 -0.00258051 8.59498e-05 
-0.000341468 -0.00439921 -0.000388716 0.0196576 -0.000696786 -0.00608638 0.000487903 -0.00177546 -0.000319012 -0.00393426 -8.80486e-06 0.111571 -0.00119085 -0.00382811 0.000285755 0.000801717 0.0221133 0.00497962 0.0265353 -9.56726e-05 -0.0277734 -0.00384174 -0.00634321 -0.00527787 -0.000170342 -0.0108636 -0.0106373 -0.00269218 0.00334995 -0.00194261 -0.00503719 0.00646622 0.00724166 -0.0110021 0.000103714 -0.00445979 -0.00102589 -0.00222578 0.000804131 -0.00509453 -0.00220002 -0.00631646 0.000325537 -0.00253198 0.00574621 -0.00276203 0.00092465 -0.00403702 0.000203086 -0.000895719 -0.000111807 -0.0178547 -0.0150412 -0.00421564 -0.00161828 0.0260848 -0.00562111 -0.00175276 0.00125599 -0.00295373 0.00296524 -0.00432225 -0.000504719 0.00326459 -0.00213975 -0.00535976 -0.0210636 -0.00174756 -0.00395479 -0.00300212 -0.0107268 -0.00946439 -0.00843167 0.00541581 0.0159751 -0.00134364 -0.000322994 -0.000856635 -0.003467 -0.00580597 -0.00800904 0.00704674 -0.0032921 -0.0206198 -0.00153076 -0.000976929 0.00206275 0.00183525 0.00205049 0.000293094 -0.000735494 -0.00168036 -0.00195533 0.0105501 -0.00322439 0.00229081 -0.000948379 0.0196432 0.00385613 -0.00133636 
0.000537369 0.00113167 0.00130455 0.00358461 -0.000306068 0.00325474 0.00366893 0.00440008 0.000706701 -2.86026e-05 0.00132189 -0.00119085 0.0439766 0.00563097 0.000995756 0.000688343 -0.00672307 -0.000763316 -0.0175316 -0.000317266 0.00706363 0.00152242 -0.00278276 -0.000965777 0.0020028 0.00279011 0.0035373 0.00383568 -0.00284355 -0.0101703 0.0119414 -0.00299007 -0.0107013 -0.0010814 0.000482923 -0.00338721 -0.00369489 0.00153201 0.00130821 -0.00161205 -0.00724317 -0.00697124 0.00725469 0.00128077 -0.00156232 -0.000721403 0.000383097 0.0022224 0.00122341 -0.00019754 0.000669117 -0.00921907 -0.00177823 0.00105568 -0.00145677 -0.00231253 0.00298961 0.00246359 0.00127243 -0.0092793 0.00302339 0.00168947 -0.000235731 0.000118829 -0.00103713 0.0040969 -0.00526942 0.000142283 -0.00254512 0.00187149 -0.0104173 -0.00765904 0.00748609 -0.0036486 -0.00526457 -0.000555376 -0.00192805 0.000799573 -0.00162681 -0.00180269 0.00589269 0.000162908 0.00565286 -0.00211232 0.000227528 0.00211314 -0.00171456 0.000634883 0.00181988 0.000706577 0.00145864 -0.000759087 0.000155406 -0.00114595 0.00694317 -0.000304976 -0.000145295 -0.00352654 -0.0138849 0.000385985 
-1.34312e-05 0.00864834 0.00050844 0.00315351 -0.000382155 -0.00474303 0.00190364 0.00187135 -0.000656105 0.00236577 -0.00017496 -0.00382811 0.00563097 0.0796979 -0.000165515 0.00154911 0.00233961 0.0139791 -0.00830385 -0.000606825 -0.00915578 0.00592354 -0.00769741 0.00128941 0.00452701 -0.00528378 -0.00535025 0.0018325 -0.000359485 -0.017732 0.00607482 -0.00342683 -0.0220528 0.0129357 0.00485765 -0.0026855 -0.0063085 -0.000414529 -0.000504996 -0.00454852 -0.00268665 -0.0106719 -0.00455234 0.0123969 0.00376969 -0.000730519 -0.000151079 -0.00279737 0.005489 -0.000287345 -0.000190766 -0.0079548 -0.000597399 0.00375588 4.46323e-05 0.00366738 0.00289789 0.00216526 -0.00146249 -0.0221878 -0.0018711 -0.00159599 -0.00113085 0.009104 0.00130881 0.0018434 0.00708585 -0.00144045 -0.00367952 0.00297944 -0.010004 0.00842012 0.000647536 -0.00866262 -0.00473092 0.000329493 -0.000523905 -0.000463675 -0.00563156 -0.00322274 -0.00239986 0.0125368 0.00603419 -0.0113584 -0.000225539 0.00131274 -0.00293582 -0.00413368 -0.000112923 0.00238514 0.00114899 -0.000716178 -0.000602132 -0.00630676 0.000892209 -0.00171869 0.000812973 -0.0072816 -0.00976442 -0.000938481 
-0.000259511 -0.00322633 0.0038898 -0.0422835 -0.00105956 0.0280462 -0.0104576 0.0164701 -0.00040503 -0.00306289 0.000899127 0.000285755 0.000995756 -0.000165515 0.142764 0.0211551 -0.0190575 -0.0158489 -0.02095 -0.000119594 0.0173101 -0.0131208 0.0127883 0.0327695 -0.00554219 0.00345951 0.0060288 -0.00352749 -0.00874014 0.0142899 -0.0123736 -0.0120937 -0.0117246 0.00364434 -0.000983426 0.00199275 0.00540444 0.00242692 -0.00156605 -0.0169295 -0.0124599 0.0108042 -0.0260842 -0.00641217 -0.00880275 -0.000206276 0.00071255 -0.000792487 -0.00451773 -0.00111275 -0.00107671 -0.0371494 0.0145831 0.0140655 0.0196698 0.00718288 0.00274929 0.00132836 -0.00459059 -0.0267844 -0.0109646 0.00101825 -0.00130992 0.00339162 0.00968171 0.0091607 0.0141465 0.000848345 -0.000533198 0.0103328 -0.0139892 -0.00199014 0.0182881 -0.0323666 -0.0139619 9.152e-05 0.00407335 -0.00244057 0.0207251 -0.00977001 0.00398182 0.0341736 -0.00742639 -0.000218301 0.00245657 4.18719e-05 0.00943117 -0.0124532 -0.00391524 -0.00456585 -0.00465258 -0.00247498 -0.00308644 -0.0139957 -0.0167894 -0.000527442 0.000773427 -0.0129688 -0.0230964 -0.00134896 
0.000623858 0.00127065 -0.000933684 -0.000158956 0.00028101 0.00177062 0.00474816 -0.00313666 0.000804067 0.00307012 -0.000109458 0.000801717 0.000688343 0.00154911 0.0211551 0.0866539 0.00397101 -0.00446361 -0.00617096 -0.000903833 0.00302092 -0.00880344 0.002357 0.00726084 -0.00217102 0.00819271 0.0048339 -0.000163407 -0.00581403 0.000843834 -0.00177733 -0.00473156 -0.0156721 -0.00637933 0.00052199 0.000148176 0.00336458 0.000466465 0.00154434 -0.0037004 -0.0125438 0.00801951 -0.012212 0.00261525 -0.00249258 0.00257352 -0.00065228 -0.00288229 0.00116707 -0.000307589 -0.0010206 -0.0179372 0.0145261 0.00728462 0.00566311 0.00593941 0.0105661 0.000146219 -0.00158297 -0.00988779 -0.00311413 0.00472393 -0.00117567 0.0041045 0.00105711 -0.0014851 -0.00740345 -0.000241445 -0.00739179 -0.000412741 -0.0123161 -0.013466 0.000351747 -0.0110764 -0.00119349 -0.000788594 0.00300624 -0.000196909 0.00684736 -0.00583327 0.000188229 0.0120022 -0.00749791 -0.00366423 0.000263251 0.000574604 0.000149806 -0.00413626 0.000926923 -0.00221551 -0.00372017 0.00424334 -0.000559593 -0.00912801 -0.00753236 -0.00102555 -0.000192491 -0.00179886 -0.0232196 0.000512023 
-0.00233051 -0.00954366 -0.00510075 -0.00201385 -8.69155e-05 -0.0174319 0.0125007 -0.0167049 0.000153086 0.000158146 -0.00135616 0.0221133 -0.00672307 0.00233961 -0.0190575 0.00397101 0.206786 0.0152311 0.0672967 -0.00311184 -0.0596881 0.00838961 0.00131148 -0.0184288 -0.00728577 -0.0116992 -0.0215845 -0.00944105 0.0138023 0.00655489 -0.0191652 -0.00449846 0.0289923 -0.0226987 -0.0124905 0.0118965 -0.0301011 -0.00374895 0.000691106 -0.00991264 -0.0192794 -0.00830511 -0.0231778 -0.00213208 0.0134234 -0.000506939 -0.00111555 -0.00882011 -0.00353815 -0.0035045 -0.0029946 0.0149347 -0.0195311 -0.00578832 -0.0104614 0.0084956 -0.0140507 -0.00226345 -0.00293664 0.0479954 -0.0127209 -0.0109896 -0.0026938 -0.0134351 -0.00930752 -0.0158498 -0.0235878 -0.00811637 -0.0279607 -0.0103225 0.0337588 0.0305126 -0.0295115 0.0498809 0.0795864 -0.00253838 0.000804713 -0.00439825 -0.00117535 -0.0107362 -0.0119483 -0.0166048 -0.00728197 -0.0428983 -0.00311919 -0.00228712 0.0108884 0.00489006 -0.00809083 -0.00529303 -0.00356026 -0.00996324 -0.003533 0.00673303 -0.025259 0.00448409 -0.00290915 0.0271309 0.0368064 -0.00381093 
-0.00124952 0.0139803 -0.00140446 0.0157227 0.000244094 -0.0163944 0.00223916 -0.000183082 -0.00193006 0.00691355 -0.000645922 0.00497962 -0.000763316 0.0139791 -0.0158489 -0.00446361 0.0152311 0.124217 0.0137497 -0.0013892 -0.0116845 0.0052413 -0.010252 -0.00744761 0.00896362 -0.0101799 -0.0128527 -0.00561028 0.00126915 -0.0149599 -0.0184968 0.0115956 0.00101558 0.00884383 0.00426366 0.00357696 -0.00159849 -0.00135442 -0.00362027 -0.0042294 0.0243913 -0.0237481 -0.0130272 -0.00581664 -0.000952176 0.00116571 -0.000340568 0.00206636 0.00236531 -0.000344188 -0.000491825 0.0154855 -0.0103343 -0.00355955 0.00533912 -0.00853407 -0.00129563 5.85508e-05 -0.00373171 -0.0291823 -0.0116118 -0.00800878 -0.00169254 -0.00260412 -0.000984119 -0.00650141 0.00417006 0.00142895 0.00239428 -0.00496665 0.000673263 0.0238585 -0.014291 -0.017059 0.0255442 -0.000613906 0.00168432 -0.00311446 -0.0129318 0.013251 -0.00992649 -0.00427953 -0.00288137 -0.0238555 -0.00181663 -0.00167436 0.00900622 -0.0013135 -0.00324689 0.00388346 0.00315724 -0.00381487 0.000459212 -0.00193667 -0.00910941 -0.000373861 0.000472352 -0.00304599 0.004979 -0.0022878 
-0.00355455 -0.0201014 -0.0112271 0.00245094 -0.0028231 -0.0277756 -0.0177275 -0.0273018 -0.00433396 -0.0068089 -0.00134671 0.0265353 -0.0175316 -0.00830385 -0.02095 -0.00617096 0.0672967 0.0137497 0.225259 -0.00158565 -0.0561554 0.0251286 0.00115849 -0.0140053 -0.0135944 -0.0289812 -0.0514173 -0.0195761 0.0333861 0.0535972 -0.0370798 0.0089626 0.075174 -0.0129465 -0.0222384 0.00226 -0.0277289 -0.0100669 -0.00129701 0.0155092 0.028472 -0.0081971 -0.0152357 -0.0118201 0.0077537 -0.00219566 -0.0012327 -0.0192456 0.0030241 -0.00484492 -0.00532952 0.0492256 -0.0470701 -0.0160414 -0.0187416 0.0346484 -0.0315828 -0.00885778 -0.0122798 0.049897 -0.00641554 -0.0184332 -0.00320632 0.0026051 0.00108019 -0.0236066 -0.0312063 -0.0145195 -0.023143 -0.0195399 0.0379026 0.0189744 -0.0607664 0.0687331 0.0978021 -0.007575 -0.0026417 -0.00974221 0.00862762 -0.00190097 -0.0294539 -0.0291444 -0.0183509 -0.040085 -0.00745673 -0.00612872 -0.0134766 -0.000508362 -0.0122274 -0.0156489 -0.00179591 -0.00611612 -0.00610912 0.0255412 -0.0222102 0.00174625 -0.00508613 0.0462095 0.086432 -0.00734286 
4.43446e-05 -0.000470797 8.77754e-05 -0.00354345 0.000173692 0.000228169 -0.00086599 0.000137395 8.87195e-05 -7.15111e-05 0.000990403 -9.56726e-05 -0.000317266 -0.000606825 -0.000119594 -0.000903833 -0.00311184 -0.0013892 -0.00158565 0.0159651 -0.00256073 -0.00111675 -0.000222665 0.000353699 0.00101603 0.00146961 0.000244285 -0.000208665 0.000744888 4.63725e-05 -0.000677124 -0.00123469 -0.00293109 0.00011534 0.000572272 -0.000174616 -0.000393083 0.00068297 0.000324105 -0.0040948 -4.40954e-05 0.000391337 -0.000380163 -0.000739955 0.00111796 4.27259e-05 7.08984e-05 0.000272983 0.000243679 0.00126755 0.000593432 0.000228951 -0.000889414 -0.000203393 -0.000500692 -0.00312815 -0.000110738 0.00103813 0.000263547 0.00115475 -7.20572e-05 0.000750599 0.00397457 0.00259038 0.0047801 -0.000227222 0.00119855 -2.95529e-05 0.00397892 1.74471e-05 -0.00505733 -0.00438105 0.000686328 -0.00275968 -0.00450051 0.00157432 -0.000504377 0.00145465 -0.000264666 0.00461641 -0.000432965 -0.00232988 -0.00130534 -0.00220922 0.00017675 -5.3633e-05 -0.00226614 -0.000416839 -0.000362528 0.00151895 0.00152194 0.000413339 0.000428088 0.00274162 -0.000433571 0.000236552 0.000688325 -0.000522152 -0.00262482 0.000126992 
3.67054e-05 -0.00972297 0.00143829 -0.0195647 -0.000307884 0.0498716 -0.000504302 0.00694942 0.00129861 0.0131994 -0.000518167 -0.0277734 0.00706363 -0.00915578 0.0173101 0.00302092 -0.0596881 -0.0116845 -0.0561554 -0.00256073 0.223891 -0.00990803 0.00286417 0.0330209 -0.00320941 0.0101365 0.0271732 0.00175621 -0.0269672 0.0310204 0.0208612 -0.0295412 -0.0558517 0.0372274 0.00756387 -0.00817754 0.000552316 0.00221461 -0.000532354 -0.0149831 -0.0473598 -0.0101382 0.0255691 -0.00056784 -0.0142628 0.0006811 -0.00119336 0.00875677 -0.00184027 0.000562153 0.000977532 -0.0669311 0.0482118 0.00397049 0.0226953 -0.0247897 -0.00399491 0.000746807 -0.00291945 -0.0543882 0.016784 -0.00433832 -0.00417969 -0.0186638 -0.00267273 0.0210464 0.0218639 0.00363233 -5.753e-05 0.00810816 -0.0109227 0.00211548 0.0445718 -0.0689748 -0.0733948 -0.00371495 -0.00434025 0.00295895 0.00306275 -0.00517802 0.0132076 0.038385 0.0116261 0.0607133 0.000882125 -0.000351577 0.0167446 -0.00857757 0.00566643 0.00913095 0.0032345 -0.0088538 -0.00441955 -0.038945 0.0363376 -0.00493792 -1.89643e-05 -0.0483113 -0.0508089 0.00614087 
-0.000355407 -0.0059038 0.000801202 -0.00818022 0.00172984 -0.0212644 0.004965 -0.000981453 0.00119694 -0.004281 -5.22161e-06 -0.00384174 0.00152242 0.00592354 -0.0131208 -0.00880344 0.00838961 0.0052413 0.0251286 -0.00111675 -0.00990803 0.142973 -0.0082071 -0.00807001 -0.00300761 0.00152102 -0.00691574 -0.00779406 0.00484085 -0.0099656 0.00141767 0.0035588 0.00803249 -0.0063965 -0.00658691 -0.00759954 -0.00862305 -0.00181092 -8.76424e-05 -0.000268686 0.00484952 -0.025506 0.0159657 -0.00332176 0.00848737 -0.00255673 -0.000722519 -0.00578286 -0.00908241 -0.00147671 -0.00166417 0.0271055 -0.010823 -0.00546809 -0.0153577 -0.00608467 -0.0082024 -0.00241523 -0.00379425 -0.00355467 0.000403878 -0.00714066 -0.00145624 0.00207829 -0.00441921 -0.00601282 -0.00397401 -0.0026855 -0.0126938 0.00034353 -0.000253878 -0.0092272 -0.00824953 0.0146557 0.0387335 -0.00230232 0.00478533 -0.00199664 -0.0103305 -0.00207608 0.00143641 -0.0222342 0.00398993 -0.0253262 0.000517069 0.00120329 -0.0111562 -0.00792019 -0.00187833 -0.0064564 -0.00525841 0.00386282 0.000190838 0.0189744 0.0098765 -0.00119255 -0.000732817 0.00548254 0.0339776 -0.000279238 
-0.000303657 -0.00268428 0.000468019 -0.021839 -0.000343684 0.0163699 -0.00268649 -0.0057282 0.00074875 -0.00484406 0.000142521 -0.00634321 -0.00278276 -0.00769741 0.0127883 0.002357 0.00131148 -0.010252 0.00115849 -0.000222665 0.00286417 -0.0082071 0.113833 -0.00229198 -0.00429191 0.00512336 0.0106586 0.000167546 -0.000953869 0.0316825 -0.00717991 0.00348906 -0.00870157 -0.0101282 -0.00166267 -0.00887772 -0.0081004 -0.00233132 -0.00249001 -0.00916933 -0.0221057 0.0268831 -0.00870525 -0.000293495 -0.0079276 0.00028927 -0.000238624 -0.000834969 -0.000597309 -0.00158006 -0.00104155 -0.0306031 0.013282 0.0112466 0.00759105 0.00438831 0.00246484 -6.32758e-05 0.00012771 0.0114662 0.00114105 0.00731259 0.000700617 -0.00375352 0.00303948 -0.00359872 -0.0112633 0.00204915 -0.00811807 0.00404695 0.00237928 -0.0232224 0.00145226 0.00496866 -0.0139611 0.00094059 -0.00475845 -0.00194329 0.0143698 -0.0111958 -0.000346887 0.00451226 -0.00349415 0.00835375 -0.000300022 -6.46233e-05 0.00547274 0.00341372 -0.00325378 -0.00318657 -0.00435762 0.00657395 0.000324722 -0.0136318 -0.00367742 8.29973e-05 -0.000139396 -0.00248016 -0.020428 -0.0007569 
-0.000522081 -0.00226851 0.00455338 -0.0163584 0.000420368 0.0131314 -0.00663378 0.00936722 -0.000842604 0.0011159 -0.000519462 -0.00527787 -0.000965777 0.00128941 0.0327695 0.00726084 -0.0184288 -0.00744761 -0.0140053 0.000353699 0.0330209 -0.00807001 -0.00229198 0.0996095 -0.00330375 0.00581135 0.0111465 -0.00397352 -0.00676898 0.0159358 -0.00632447 -0.00712495 -0.0168353 0.0224569 0.00668454 0.000392394 0.00728295 -0.00055791 -0.000588548 -0.0201836 -0.0129329 -0.0241749 -0.0144565 -0.00411116 -0.000763148 -0.00252761 -0.000515964 0.00181633 -0.000719746 0.00116694 -0.000511212 -0.0220126 0.00692717 -0.00167707 0.0059502 0.0143546 -0.00133864 3.8973e-05 -0.00286357 -0.0385122 -0.00930551 0.00595608 -0.000888948 -5.22938e-05 0.00591361 0.00227125 0.0232789 -0.000559497 -0.00622261 0.00901073 -0.016345 0.0080812 0.0174536 -0.0273174 -0.0190244 -0.00131109 0.00141726 -0.00146134 0.0142352 -0.00104216 -0.00498318 0.0434539 -0.00507085 -0.00619565 -0.000480857 0.000589467 0.0072236 -0.00354487 0.00060368 8.68069e-05 0.00463494 -6.82484e-05 -0.00197903 -0.011851 -0.00456571 -0.00141004 -4.57405e-05 -0.0174253 -0.0285658 -0.000940265 
0.0010452 0.00903788 -0.000570161 0.00261153 0.00162633 -0.00399525 0.00201147 0.00286195 -0.000271005 0.00123079 0.000559132 -0.000170342 0.0020028 0.00452701 -0.00554219 -0.00217102 -0.00728577 0.00896362 -0.0135944 0.00101603 -0.00320941 -0.00300761 -0.00429191 -0.00330375 0.0419162 -0.00264748 0.000450524 0.000409218 -0.00197219 -0.0107939 -0.00044976 0.00638316 -0.00709515 0.00708967 0.00833232 0.00094263 -0.00139754 0.000990373 0.000368197 -0.00655688 0.0133222 -0.00806933 -0.00307019 0.00249709 0.00636118 0.000208903 0.000299987 0.00237476 6.64392e-05 0.00239496 0.0026643 -4.14515e-05 -0.00382604 -0.00106896 0.00056386 -0.00907859 0.00314151 0.00118432 -0.000199122 -0.0109335 -0.00103083 -0.000126899 0.00132861 0.00366538 0.00103892 -0.000462864 0.00183268 -0.000657483 0.00543846 -0.000651547 -0.00752425 0.00484721 -0.00123682 -0.00923303 -5.50463e-05 0.00239048 -0.00126366 -5.92827e-05 -0.00494124 0.00824916 -0.00238291 -0.00712556 0.000478876 -0.00365655 -0.000321978 -0.000171048 -0.00390448 -0.000952902 -0.00115464 0.0030513 0.00452076 8.79015e-05 5.165e-05 0.000964043 -0.00268301 -0.000802984 0.00238862 -0.00642018 -0.00852779 0.000170318 
-0.000113625 -0.00357727 0.000530307 -0.0160697 0.00123567 0.00427613 0.0107029 -0.000879542 -6.91745e-05 -0.00128167 0.000237224 -0.0108636 0.00279011 -0.00528378 0.00345951 0.00819271 -0.0116992 -0.0101799 -0.0289812 0.00146961 0.0101365 0.00152102 0.00512336 0.00581135 -0.00264748 0.115061 0.0266762 0.00941291 -0.00501026 -0.00480375 0.0100791 -0.00293999 -0.0261622 0.00159603 -0.00385339 -0.00787479 -0.0074544 -0.00102755 0.00168284 -0.00390736 -0.026096 0.0106225 -0.00783337 0.00275986 -0.00436694 0.00388428 -0.000641076 -0.000273239 -0.00402602 0.000759957 -0.000840015 -0.0218962 0.0133407 0.00287901 0.0125983 -0.0118552 0.00519776 -0.000655352 0.000457188 -0.00241989 -0.00639248 0.0143025 0.000696222 -0.00286189 0.00479164 -6.28626e-05 -0.00550276 2.69429e-05 -0.0114371 0.0068213 -0.00313193 -0.00919418 0.0147038 -0.0146059 -0.0294315 -0.000102045 -0.0049707 0.00219341 0.00881689 0.0057674 0.00714453 0.00466861 0.0129722 0.00424524 0.000657353 0.00171775 -0.00689117 -0.00355353 -0.000689029 0.00107165 -0.00158674 0.00160062 0.00505623 -0.00523508 0.00498876 0.000382155 -0.000226289 -0.00769673 -0.0269411 0.00097734 
-0.000270271 -0.00282869 0.00441154 -0.0187074 0.00105081 0.0192141 0.0268053 0.0110265 6.49452e-05 0.00457307 2.86086e-05 -0.0106373 0.0035373 -0.00535025 0.0060288 0.0048339 -0.0215845 -0.0128527 -0.0514173 0.000244285 0.0271732 -0.00691574 0.0106586 0.0111465 0.000450524 0.0266762 0.131325 0.0249484 -0.00107372 -0.0170197 0.0171206 -0.00686158 -0.0390315 -0.00410387 -0.0002112 0.000718068 0.00214752 0.00399316 0.00147881 -0.0132358 -0.0245203 -0.00684801 -0.00615198 0.011492 -0.0100456 0.00100936 -0.000510695 0.0117266 -0.00280756 0.00215169 0.000650277 -0.02485 0.0110104 0.00305834 0.00147103 -0.0271855 0.00521641 7.44217e-05 0.000584966 -0.0416597 -0.00832485 0.0242126 -0.00104602 -0.00423006 0.000217744 0.0134727 0.0014743 0.00960445 -0.000687672 0.00939161 -0.0146237 0.0152169 0.042798 -0.0455477 -0.0420958 0.000933535 -0.00343215 -0.000201793 0.00735788 -0.0020887 0.0108104 0.0165197 0.00318287 0.0180737 -0.000656685 0.00125853 -0.00498072 0.00255869 -0.00313626 0.000520896 -0.000332992 0.000485875 -0.000728773 -0.0160217 0.00562057 -0.00259991 -0.000654746 -0.0193551 -0.0442262 -0.000159778 
-4.95337e-05 -0.00175457 -0.000840844 0.000297566 -0.000397387 0.00281183 0.0112677 -0.000123659 -0.000588506 0.00104283 6.2754e-05 -0.00269218 0.00383568 0.0018325 -0.00352749 -0.000163407 -0.00944105 -0.00561028 -0.0195761 -0.000208665 0.00175621 -0.00779406 0.000167546 -0.00397352 0.000409218 0.00941291 0.0249484 0.0857782 0.00411123 -0.00348426 0.0190041 -0.00606874 -0.0169854 -0.00976187 0.000996143 -0.00057084 -0.00600571 0.000440475 0.000207675 0.00160764 -0.0137936 0.00271065 0.00730648 0.01046 -0.00284635 0.000970264 -0.000287581 -0.000787 -0.00154371 0.000300783 0.000613027 -0.0140184 0.00124318 -0.00249627 -0.00651051 -0.0101977 -0.000121169 -0.000771771 0.00382813 -0.00712539 0.00564091 0.0117739 -0.000951204 0.00121077 0.000890227 0.00596698 -0.0153288 0.00494971 0.00237921 -0.000568182 -0.023899 0.00356939 0.012015 -0.0152402 -0.0277297 -0.00162875 -0.00224237 0.000199432 0.0105517 -0.00273772 0.00238296 -1.49723e-05 0.00104114 0.0200728 -0.00126941 -0.000191156 -0.00648766 0.00936682 0.00120263 0.00019727 -0.00391718 -0.00112572 8.12036e-05 -0.00878751 0.00693031 -0.000821838 -0.000769236 -0.00958673 -0.0154043 0.000973742 
-0.0011964 -0.00507317 -0.00350425 -0.0237571 0.000259642 0.00805315 0.0178375 -0.00304511 -0.000334792 -0.000551793 0.000549604 0.00334995 -0.00284355 -0.000359485 -0.00874014 -0.00581403 0.0138023 0.00126915 0.0333861 0.000744888 -0.0269672 0.00484085 -0.000953869 -0.00676898 -0.00197219 -0.00501026 -0.00107372 0.00411123 0.123194 0.023481 0.0206451 -0.000336431 -0.0234685 -0.0121488 -0.00475013 -0.0106428 -0.00385846 -0.00128497 -0.00328403 -0.013298 0.00349297 -0.0123443 -0.0148374 -0.000207662 0.00658608 -0.00223199 -0.000852945 0.00118684 0.0071 -0.0011784 -0.00124005 0.0191477 -0.0158088 -0.00538741 -0.0098727 -0.00615356 -0.00646344 -0.00127519 -0.00331572 0.00237593 -0.00758199 0.00413754 0.00190113 0.00520992 0.00549013 -0.00673394 -0.0188657 -0.0033926 0.00302138 -0.00419807 0.00668648 0.00371272 -0.00799109 0.00785769 0.0173097 -0.000360532 0.000480833 -0.00312411 0.0220996 -0.00275375 -0.0084464 -0.00467462 -0.00926892 -0.0111311 -0.00118147 -0.00106039 -0.0124183 0.00508374 -0.00274531 0.00214124 -0.00350155 -0.00186145 -0.0012077 -0.00897509 -0.0133818 0.00232141 -0.00103254 0.00420715 0.00347014 -0.00244868 
-0.00335896 -0.0240285 -0.0077676 -0.0631414 -0.00355507 0.0491565 -0.00479304 -0.0145074 -0.00208909 -0.00719573 -0.0018609 -0.00194261 -0.0101703 -0.017732 0.0142899 0.000843834 0.00655489 -0.0149599 0.0535972 4.63725e-05 0.0310204 -0.0099656 0.0316825 0.0159358 -0.0107939 -0.00480375 -0.0170197 -0.00348426 0.023481 0.249988 0.00657367 -0.00598017 -0.00465521 0.00531691 -0.00241524 -0.0237543 -0.00465571 -0.00845747 -0.00180522 -0.0119387 -0.0505984 0.0207224 0.00445491 -0.0130912 -0.00266365 -0.00168079 -0.0038121 -0.0132609 -0.00579649 -0.00453606 -0.00478721 -0.0314687 0.00492041 0.00220796 0.00617849 0.00402304 -0.00456639 -0.00619761 -0.00332093 0.0291527 -0.00436527 -0.00559731 -0.00132661 -0.0148794 0.00600739 -0.0108241 -0.0165198 -0.0114682 -0.0161593 -0.00815778 0.0239875 -0.00787836 -0.013978 0.01758 0.015016 -0.00452253 -0.01196 -0.00987117 0.0341887 -0.0279107 -0.0165602 0.00127488 -0.0199068 0.03367 -0.00360733 -0.005501 0.00267624 -0.000636928 -0.00627887 -0.00573863 -0.00531548 -0.0112897 -0.00389088 -0.0303083 -0.012913 -0.000355208 -0.000806815 -0.000394146 0.0330527 -0.00606694 
-0.00148534 0.00484756 -0.00128406 0.00293354 -0.000530359 0.0327632 0.0481076 -0.00902479 0.00261927 -0.00215764 0.000638768 -0.00503719 0.0119414 0.00607482 -0.0123736 -0.00177733 -0.0191652 -0.0184968 -0.0370798 -0.000677124 0.0208612 0.00141767 -0.00717991 -0.00632447 -0.00044976 0.0100791 0.0171206 0.0190041 0.0206451 0.00657367 0.188091 -0.00595435 -0.0347001 -0.000974008 -0.00138482 -0.0117096 -0.0209858 -0.00243141 -0.00338092 -0.0281804 -0.0202119 -0.020245 0.0167662 0.0185414 0.00286083 -0.00512706 -0.00150678 -0.00828138 0.000693547 0.000210893 0.000249624 -0.0114837 -0.00368894 0.000187296 -0.0129205 -0.00970751 0.00475773 0.000262469 0.00260217 -0.00967274 -0.00417107 0.00589339 -0.0014316 -0.00829813 0.00368431 0.00475946 -0.00431141 -0.00142414 -0.00431314 -0.00172136 -0.00294404 -0.011561 0.00865334 -0.027028 -0.0294498 0.00392094 -0.00143483 0.00304063 -0.0115017 -0.00790607 0.0100898 -0.00179714 -0.00368543 0.0329508 0.00402339 0.00326206 -0.0028624 -0.00406301 0.0114768 0.00182888 -0.0060658 0.00171541 -1.39802e-05 -0.0186899 0.018906 -0.00510765 -0.00102194 -0.0209112 -0.0364359 -0.00131507 
0.000436392 0.0113555 0.00167623 0.00587259 0.000325189 -0.0151515 -0.00208596 0.000291417 -0.00123207 -0.00228831 0.000558516 0.00646622 -0.00299007 -0.00342683 -0.0120937 -0.00473156 -0.00449846 0.0115956 0.0089626 -0.00123469 -0.0295412 0.0035588 0.00348906 -0.00712495 0.00638316 -0.00293999 -0.00686158 -0.00606874 -0.000336431 -0.00598017 -0.00595435 0.107186 0.0124232 -0.00913314 0.00570054 -0.00588655 0.00663272 -0.000339373 0.000677812 -0.00343086 0.0291833 -0.0074139 -0.0119898 -0.00272651 -0.000507067 -0.0025142 0.000748422 0.00266027 -0.00306825 0.000450911 -3.65562e-05 0.0170095 -0.0143109 0.000836992 -0.00533316 0.00181373 0.00531132 -0.000158034 0.00307621 -0.0111176 -0.00494654 -0.000487774 -0.000601115 -0.000987254 -0.000994261 -0.00558857 -0.00192977 -0.000431489 0.00363663 -0.00381164 -0.0176714 -0.00532187 -0.0116468 0.00565767 0.0119518 -0.000666153 -0.00105639 -0.0013067 -0.00992607 0.00238178 -0.0056282 -0.00465972 -0.00402647 -0.0232941 -0.000276624 0.000942906 -0.0103671 -0.00282017 0.000685437 0.00490055 0.00136127 0.00587199 0.000561105 0.0116552 -0.00603672 -0.000341619 0.00152423 0.00417234 0.00752966 -0.000183908 
-0.000882206 -0.0102579 -0.00378238 0.0308601 -0.00145894 -0.0415586 -0.0317652 -0.00164471 -0.000801684 -0.00890993 -0.00180496 0.00724166 -0.0107013 -0.0220528 -0.0117246 -0.0156721 0.0289923 0.00101558 0.075174 -0.00293109 -0.0558517 0.00803249 -0.00870157 -0.0168353 -0.00709515 -0.0261622 -0.0390315 -0.0169854 -0.0234685 -0.00465521 -0.0347001 0.0124232 0.240569 -0.0050749 -0.0174092 0.0311516 -0.0164897 -0.00743447 -0.00317663 0.0143645 0.0418157 -0.0074468 0.00398788 -0.0134328 0.00345671 -0.00681163 0.00171362 -0.0203481 -0.0126194 -0.00381522 -0.00266907 0.0537605 -0.0205558 -0.0188296 -0.00921412 0.027898 -0.0221881 -0.00386642 -0.00764808 0.058592 -0.0167091 -0.0183302 -0.0040701 -0.0178081 -0.0106615 -0.0180223 -0.00449738 -0.0110642 -0.013 -0.0133473 0.0423125 0.010399 -0.0319835 0.0665158 0.0528545 -0.00468264 0.00626916 -0.00525462 -0.0107778 0.00544239 -0.0193915 -0.0364109 -0.0159177 -0.0321217 -0.00238601 -0.0059532 0.0034689 -0.010885 -0.0134555 -0.0164384 0.00204043 -0.00448393 -0.00339939 0.0451141 -0.0191072 -0.00472559 -0.00424608 0.0193145 0.0756465 -0.00283129 
0.00113196 0.00291392 -0.00200765 -0.00651151 -0.000712674 -0.00328366 -0.00914006 -0.00374464 -0.000284793 0.000680145 -0.00109234 -0.0110021 -0.0010814 0.0129357 0.00364434 -0.00637933 -0.0226987 0.00884383 -0.0129465 0.00011534 0.0372274 -0.0063965 -0.0101282 0.0224569 0.00708967 0.00159603 -0.00410387 -0.00976187 -0.0121488 0.00531691 -0.000974008 -0.00913314 -0.0050749 0.152186 0.0238852 -0.00279464 -0.00552464 -0.00105647 0.00491136 -0.0324602 -0.00581588 -0.0330953 -0.00802434 0.0104491 0.0101098 0.00296481 0.000601121 -0.000354293 -0.000394804 0.00176549 0.00158508 -0.0394632 0.0197114 -0.00146963 0.0162035 0.00314429 -0.00173925 0.00136948 -0.00456759 -0.0287951 -0.0118663 -0.0057198 -0.000657496 0.0015299 0.00654022 0.00520801 0.059883 -0.00346363 -0.0127699 0.00993778 0.00311669 0.0243141 0.00435651 -0.0244873 -0.0266182 0.000364035 -0.00292135 0.00200522 -0.00448058 0.00222781 -0.0102947 0.0291457 -0.0069396 -0.00727611 -0.00182744 -0.00103005 0.00603837 -0.00692098 -0.00545271 0.0102754 0.00870898 -0.00718891 -0.00240362 -0.016037 -0.00571219 -0.00221779 0.00126275 -0.0311559 -0.0259944 -0.000155257 
