0.0312074 0.000375566 0.000200888 0.000561368 0.00109294 0.0045137 -0.00905458 0.000504965 -0.000489577 -0.0026734 -0.000293008 0.00203871 -0.00312778 -0.00169526 0.00383179 -0.00350203 -0.00196734 -0.008956 -0.00408137 -0.00134134 0.000787965 0.0047767 -0.00135491 0.00235473 0.000568742 0.00293335 0.000739635 0.0015772 0.00163226 -0.00109856 0.000490022 0.00880069 0.000542115 0.000152434 0.00191403 0.000432117 -4.56583e-05 0.00453813 -0.00119915 0.00215373 -0.00102561 -0.000283281 -0.00323775 -0.00599955 -0.00194548 -0.00692102 0.000499671 -0.00579011 0.000672697 0.0017538 0.000886884 -0.000764562 -0.000606435 0.00315046 0.00207525 -0.00234153 5.84744e-05 0.00094132 -0.00134252 0.000952768 0.000539063 -0.00319263 0.000152275 2.48526e-05 0.00192054 -0.000256923 0.000826273 0.000683989 0.00236418 0.00036587 -0.00149433 9.14382e-05 0.00231838 0.000531157 -0.000871185 0.00618907 -0.000152837 0.00317758 0.000736633 -0.00408269 -0.00475226 -7.70609e-05 -0.00902159 -0.000304776 -0.000929738 -0.00593951 -9.92629e-05 0.000852211 -0.00266018 0.00137223 -0.0050525 -0.000235884 -0.00146707 -0.00123459 0.00249893 -0.00120106 0.00121162 0.00153282 -0.00435857 0.00142085 
0.000375566 0.156073 0.000433751 0.00501634 0.000142587 -0.00179146 0.013691 -0.0191081 -0.00228374 0.0127772 -0.00326367 -0.00620542 0.010338 -0.0069661 -0.0327525 0.0139331 -0.0075029 0.0158229 -0.0161864 -0.00478072 0.00430534 -0.00559449 -0.000944493 -0.00320106 -0.00288007 0.00392147 -0.0184769 -0.00516562 -0.00118097 -0.00975761 -0.00143998 9.97637e-05 -0.00644101 0.000484765 -0.00220241 -0.000568898 -0.00510441 -0.0287334 0.0106969 0.014945 -0.0335945 -0.0104979 0.0119375 -0.0187073 -0.0146724 0.0182127 -0.00121054 0.0015929 -0.00131371 -0.00481456 -0.00582223 -0.00119853 0.0204944 -0.00214475 0.00638936 -0.0199505 -0.00394623 0.00506355 -0.00773172 -0.000417762 -0.00141995 0.0018818 -0.000928143 -0.0030014 0.00437842 -0.00441953 0.00999606 -0.0262288 -0.000589489 -0.00654048 0.00633643 -0.00337063 -0.00774138 0.00166113 -0.00514573 -0.0323493 -0.00930963 0.00635612 -0.00399532 0.00947879 0.0429496 0.0126447 0.0173235 0.00347667 0.00101295 -0.0187735 -0.00823392 0.00246101 0.0116675 -0.00203704 -0.0298662 0.00429225 0.00110537 -0.00709893 0.00633717 0.00448159 -0.00159461 0.00661044 0.0153041 -0.00530334 
0.000200888 0.000433751 0.0297112 0.000121323 0.000713548 -0.000537636 -0.00388211 0.00297526 -0.000269056 -0.00384396 -0.00406684 0.00278522 -0.00181442 0.000153736 0.000680822 -0.00166119 -0.000816664 -0.00305348 -0.000266 -0.0023348 -0.000364033 -0.000332278 0.000413223 -0.000517508 0.00135358 -0.00126016 -0.00605982 -0.000335255 0.00102162 0.00465505 0.00212412 -0.00265146 0.00129021 0.000312012 -0.000975014 -9.48751e-05 -0.000690785 -0.00128114 -0.00138043 0.000811118 -0.00343665 0.00310693 -0.00171701 0.000968413 0.00158053 -0.00657817 -0.000109698 0.00577274 0.00146053 0.000211661 0.00249343 0.00144371 -0.00276293 0.00128159 -0.00053596 -0.0021256 -0.000180774 0.000297388 0.00115536 -0.000852469 0.00120678 -0.000370535 -0.000230671 -0.000431661 -0.000795259 -0.000387308 -0.00106519 0.00263261 6.56192e-05 0.000366639 0.00109759 0.00134817 -0.00190948 0.00112588 -0.000798231 0.00114911 0.000886462 -0.00129282 -0.000535492 -0.00130291 -0.00427296 -0.00140266 0.00140186 1.74186e-05 -0.000964083 -0.00599006 -0.000196364 0.00239875 -0.000565045 0.000400448 -0.00213494 0.0015569 -0.00129185 -0.000550672 0.0011064 -0.000518409 -0.000576692 -0.000298567 -0.00178377 0.000164222 
0.000561368 0.00501634 0.000121323 0.039033 -8.67344e-05 -0.000833542 -0.00163226 0.00187994 -0.000313129 0.00142873 0.000992213 0.00144614 -0.00443193 0.00255833 -0.001534 0.000266965 0.00187815 0.00226228 -0.00388787 -0.00228987 0.000751372 -0.000872525 -0.00187701 0.00025131 -0.000156471 0.00467665 -0.00114581 0.000747937 0.000265736 -0.000823316 0.00150744 -0.000530183 0.00087567 4.14347e-05 -0.000515478 0.000332149 -0.00104211 -0.00149439 0.00249999 0.00080955 -0.00502555 -0.00324412 -0.00113052 -0.00151595 -0.00567496 -0.0043839 0.000943326 -0.00356207 0.00135141 -0.000314763 -0.00230136 -0.000967203 -0.000382339 0.00157187 0.00147613 -0.00355417 0.000484319 0.000563083 -0.00206612 -0.000515452 -3.40158e-05 -0.00251517 3.79726e-05 -0.00040994 0.00308998 -0.00104577 -1.12782e-05 -0.0037773 0.0030074 -0.00128504 -0.000422467 -0.000799555 0.00192985 0.000347825 0.00103111 -0.00571307 -0.00574 0.0013034 -0.0026022 0.000830547 -0.00215877 0.0023636 -0.00178266 -0.000440496 -0.0044534 -0.00358802 0.000371342 0.00344221 0.000771787 0.000915874 -0.00337456 0.00557996 0.00192431 -0.00234917 -0.00435277 -0.00162165 0.0043283 0.00189654 -0.00360647 0.000422689 
0.00109294 0.000142587 0.000713548 -8.67344e-05 0.0168525 -0.00012039 -0.00623496 0.000513144 0.000286833 -0.00261149 -0.00444748 -0.000188675 -0.00246333 0.00267746 -0.000882344 -0.000508803 0.0012012 0.000663834 0.00320891 0.00196401 0.00136251 -5.37773e-05 -4.52651e-05 0.00274441 0.00309727 0.00119392 -0.00161545 0.00294937 0.000961615 0.00223171 7.1951e-05 -0.0019869 -4.03008e-05 1.67324e-05 -0.00045072 -3.68238e-06 -3.23449e-05 0.00337109 -0.00301246 -0.000352714 -0.000709103 -0.00275869 -9.31741e-05 -0.00223662 0.000626967 0.000612812 -3.84433e-05 -0.00135906 5.14584e-05 0.000654087 0.000202095 -0.000193044 -0.000352329 0.00265314 0.000190332 0.00481557 -0.000108377 0.000399248 -0.000221654 0.000239817 6.10637e-05 -0.000994918 -8.72005e-05 0.000214845 -0.000601711 -9.86527e-05 -0.000863645 -0.000151462 0.00105943 2.32887e-05 0.00210636 -0.000310224 -0.00219996 0.000555607 -0.000872419 -0.001979 -0.00228393 -0.000552519 -0.000681966 -0.00119018 -0.00311358 -0.00126884 -0.00120816 -7.10431e-05 -0.00315682 -0.0039073 -0.000868033 0.00238596 -0.0017537 0.000511487 -0.00356176 0.000165728 -0.00049154 -0.000351242 -0.00249388 -0.00037398 0.000146169 0.00126366 0.00211885 0.000320469 
0.0045137 -0.00179146 -0.000537636 -0.000833542 -0.00012039 0.122485 -0.00243319 -0.00431083 -0.00127742 0.0197219 -0.000353347 -0.000693258 0.0106773 -0.00148084 -0.0221262 -0.0184309 0.00540613 0.00412669 0.0117605 0.0160101 -0.00315826 -3.96274e-05 0.00672136 -0.00101381 -0.0023728 0.0303577 0.022671 0.0133479 0.00297234 -0.00210783 -0.00474864 0.0164387 0.00110934 -0.000368849 -0.00102957 -0.0032878 0.00142932 -0.010959 0.0107339 -0.00745402 0.0434272 -0.031054 -0.00791874 -0.0118069 -0.0247771 0.0154009 0.000494415 -0.0434251 -0.00233797 -0.00262392 -0.00790441 0.00928908 0.0119731 -0.000523266 -0.00109956 0.00756544 0.00142232 0.00395359 -0.00711884 -0.00580668 -0.000841599 0.00484236 -0.000556391 -0.00171891 -0.00985604 -0.00139227 -0.00463063 -0.00589995 0.0019579 -0.00276511 -0.0104148 -0.00382782 0.00789811 -0.000918751 0.000263202 -0.00809401 -0.000705512 -0.00205095 -0.00406467 -0.00847566 0.0138079 -0.0122979 -0.0332326 -0.000442285 -0.0159031 0.00498819 -0.00325552 0.00484836 -0.0152495 -0.00248975 -0.0371039 0.00809655 -0.00649088 0.00490762 0.0045601 -0.0090316 -0.00254432 0.000260433 -0.0116431 0.00278384 
-0.00905458 0.013691 -0.00388211 -0.00163226 -0.00623496 -0.00243319 0.222745 0.00683712 0.000898807 0.03901 0.0251936 -0.00113971 -0.0158682 -0.00382054 -0.00429084 0.014656 -0.00490465 0.00646244 -0.0253819 0.000691468 -0.00662278 -0.000689767 -0.00190979 -0.0137806 -0.00636538 -0.0191636 -0.00630268 -0.00169561 -0.00907085 -0.0194095 -0.0130824 -0.00970865 -0.010437 -0.00372314 -0.000414438 -0.0108579 -0.00595722 -9.4216e-05 -0.0142811 0.00470175 -0.0124522 0.00501279 0.00864919 0.00787333 -0.00394286 0.0223484 0.000414076 0.0252157 0.00156193 -0.00721265 -0.0113035 -0.0140868 0.00437002 -0.0260558 -0.00648121 -0.0217206 -0.00373731 -0.00298857 -0.00241632 -0.01743 -0.00548402 -0.00918145 -0.00368595 -0.00526348 -0.00129517 -0.01521 -0.0154413 -0.0349797 -0.0145459 -0.0155092 -0.0194434 -0.00693826 0.0461964 -0.00383586 0.00422645 -0.0182477 0.00148479 -0.00397204 -0.00529324 0.00606733 0.0446081 -0.0161227 0.0292924 -0.00758131 0.0288031 0.0162079 -0.00892455 -0.0244856 0.0281189 -0.00424772 0.0196478 -0.00135051 -0.00871055 -0.005704 -0.00577471 -0.0107899 -0.00396671 -0.00506721 0.0112643 -0.00316083 
0.000504965 -0.0191081 0.00297526 0.00187994 0.000513144 -0.00431083 0.00683712 0.107638 0.00726612 -0.0018409 -0.0141146 0.00965558 -0.0140649 0.00115978 0.0280798 -0.000829133 -0.00352818 -0.0236679 -0.00602632 -0.0131109 -0.000588711 0.0147407 -0.00614689 -0.000369357 0.00296565 -0.00410621 -0.0176934 0.00242643 -0.000802429 0.00648626 0.00624847 0.00694794 0.0036756 0.000391343 -0.00133625 0.00206784 0.000348052 0.016111 -0.00558173 0.0126304 -0.00186344 0.0344056 -0.0129678 -0.0178292 0.0145462 -0.0309207 0.002205 0.0160239 0.000858057 0.00317259 0.00320137 -0.00259729 -0.00876143 -0.000312907 -0.00145307 -0.0143545 0.00137593 -0.00023985 0.00932865 0.000911672 0.00214613 -0.00893607 -0.000413353 0.00299267 0.0104632 -0.0034892 -0.00631449 0.00303348 -0.00154658 0.00805605 -0.00916061 -0.00153002 0.00314982 0.000769006 -0.00289419 0.019779 0.0154414 0.0015388 0.00421492 -0.0095079 -0.0377558 -0.0122554 -0.0361536 -0.000145817 0.0039701 -0.0254803 -0.00282483 -0.000658736 -0.0109103 -0.00130761 0.00865232 -0.00367722 0.00130336 -0.00161054 -0.00998837 -0.00572451 0.000121652 -0.00187078 -0.00190997 0.0113828 
-0.000489577 -0.00228374 -0.000269056 -0.000313129 0.000286833 -0.00127742 0.000898807 0.00726612 0.0462885 -0.00131607 0.00284694 2.11952e-05 0.00641669 0.00474118 0.00195733 0.00146285 0.000263417 -0.00895183 -0.00451598 -0.00260501 -0.00138128 0.00301387 -0.00144922 0.00210968 -0.000153076 -0.000931195 0.00197384 0.00148337 0.00148692 0.000929213 0.000215692 -0.00258566 0.000949365 0.000135244 6.51321e-05 -0.000299278 -0.000852823 0.00242614 -0.00365797 0.00181237 -0.00467365 0.00754792 -0.00551744 -0.00742142 -0.00341421 -0.00852695 7.97118e-05 0.0009735 -0.00072862 -9.97559e-05 0.00207256 -0.00144804 -0.00332193 -0.00368366 2.40074e-05 -0.00391202 0.000487043 0.000996372 0.0013486 -0.00133786 0.000280273 -0.0021406 0.00138411 0.000399404 0.00256941 0.00354411 0.000978899 -0.000581507 -2.08612e-05 0.00437714 -0.00308155 0.00076056 0.00128517 1.02001e-06 -0.000414941 0.00614591 -0.000681139 0.000217665 0.00653744 -0.00379961 -0.0156281 -0.00424125 -0.0103709 0.00150744 -0.00231737 -0.00780868 -0.00155892 -0.000982336 -0.00326447 -0.000826136 0.00209794 -0.00299625 0.00111006 -0.00193655 -0.00307719 0.00350089 0.00208597 0.000380042 0.000834522 0.00056786 
-0.0026734 0.0127772 -0.00384396 0.00142873 -0.00261149 0.0197219 0.03901 -0.0018409 -0.00131607 0.18505 0.0166418 -0.0126692 -0.0156565 0.000729005 -0.0286919 0.0453763 0.0106361 0.0105593 -0.00727627 -0.0177751 -0.00528494 -0.00767464 -0.0112444 -0.00580249 -0.00813338 0.00667796 -0.00231512 0.000154124 -0.00145823 -0.0129328 -0.00465099 -0.00473666 -7.92049e-05 -0.00136511 -0.000370644 -0.00571696 -0.00423742 -0.0145311 -0.0125668 0.0186941 -0.00163368 -0.00906111 0.00350484 -0.000174121 -0.0404033 0.0190581 -0.00017502 -0.0165292 -0.00317515 -0.00400475 -0.0162108 -0.00427957 0.0105478 -0.0118489 -0.0035061 -0.020016 0.000104828 -0.000503927 -0.0139625 -0.00673815 -0.00256995 0.0118253 -0.00185175 -0.0041039 -0.00959905 -0.00586204 -0.000931025 -0.0215186 -0.0043426 -0.00287449 -0.00422864 -0.0105293 0.0291737 -0.00116326 -0.0121712 -0.0342863 -0.00800736 -0.00465792 -0.00906579 0.0286296 0.0349206 -0.00572667 -0.0106292 -0.0049721 -0.0107806 0.0250733 -0.00392387 -0.00660397 -0.000366785 -0.0030932 0.00521757 0.0104907 -0.0120199 -0.00443709 -0.0138108 -0.0127207 -0.00262874 0.000503463 0.0353312 -0.00268315 
-0.000293008 -0.00326367 -0.00406684 0.000992213 -0.00444748 -0.000353347 0.0251936 -0.0141146 0.00284694 0.0166418 0.210985 -0.0110217 0.0494302 0.0276848 -0.0258394 -0.0147409 0.00707368 0.0177234 -0.00207429 0.0184403 -0.00824764 -0.00983294 -0.00064792 0.000279781 -0.0110261 0.00213069 0.0487377 -0.00545091 -0.00358294 -0.0219507 -0.00878971 0.0156377 0.00418943 -0.000991965 0.0122573 -0.00600119 0.00447444 0.0134554 0.0102355 -0.0137181 0.0292941 -0.0556516 -0.0113376 -0.00419629 -0.0375926 0.0526673 -0.00678709 -0.0367383 0.00103921 -0.00295066 -0.0117956 -0.00489978 -0.0102354 -0.0155663 -0.00384171 0.0117742 -0.0044049 -0.00581079 -0.0188436 -0.0160946 -0.00261898 -0.0067775 -0.000812238 -0.00359374 -0.0188314 -0.00576955 0.0165721 -0.0310749 -0.00375955 -0.0149767 -0.00245459 -0.00822271 0.00910088 -0.00332427 -0.00334151 -0.00182583 -0.0403776 -0.00747394 -0.0053325 -0.0051059 0.0293457 0.00656744 0.0292532 0.000468349 0.00672322 0.0240878 -0.00409398 -0.00534241 -0.0146443 -0.0050462 -0.016026 -0.0111766 -0.0180743 -0.00729338 0.0141172 -0.00903949 -0.00686821 -0.00153603 -0.027273 -0.0101311 
0.00203871 -0.00620542 0.00278522 0.00144614 -0.000188675 -0.000693258 -0.00113971 0.00965558 2.11952e-05 -0.0126692 -0.0110217 0.0901846 -0.0098458 -0.0113208 0.0343849 -0.0106461 -0.0120373 -0.0107559 -0.0132374 -0.00537798 0.000497689 0.00401205 -0.00836707 -0.00294944 0.00991418 0.00216007 -0.0203141 -0.000483362 0.000520325 0.0026642 0.00749318 0.0150863 0.00350566 -0.000381102 -0.00188564 0.00470874 -0.00133238 0.0151443 0.0108129 0.0124145 0.00354655 0.0141066 -0.0144958 0.00133981 0.0208635 -0.0349012 0.00118284 0.0186943 0.00650847 0.00184879 0.00546456 -0.00329953 -0.0108314 0.00717216 0.000431271 -0.00712192 0.00171402 -0.000997956 0.00295382 0.000759483 0.000753529 -0.00659286 0.00034402 0.000665134 0.000544444 0.00125093 -0.00890834 -4.24939e-05 -0.00244541 0.00485442 -0.00746534 0.00458076 -0.0049077 0.000507149 -5.94715e-05 0.0154051 0.00661081 -0.000813515 -0.00342531 -0.0160381 -0.0283113 -0.0036558 -0.0175547 -0.0013437 -0.00397158 -0.0261736 0.00370298 -0.00346423 0.00150489 0.00259618 -0.00824504 0.0026583 0.00525606 -0.00295452 0.00513434 0.0011393 0.000689691 -0.00115267 -0.0158274 0.00161872 
-0.00312778 0.010338 -0.00181442 -0.00443193 -0.00246333 0.0106773 -0.0158682 -0.0140649 0.00641669 -0.0156565 0.0494302 -0.0098458 0.197877 0.0351133 -0.00918343 -0.0267787 0.00851884 -0.00134182 0.00836562 0.00033201 -0.000265103 -0.0153342 -0.00154006 0.00596821 -0.00774038 0.0100963 0.0224918 -0.0080237 -0.00215399 -0.0172633 -0.00839461 0.0195035 0.00191016 -0.000921873 -0.00405449 -0.00242493 -5.3758e-05 -0.00535851 0.0253683 -0.011162 0.0376259 -0.0238557 -0.0150522 -0.0120245 -0.0175546 0.033052 -0.00290435 -0.0275557 -0.00297682 -0.00256297 -0.00623933 0.00237989 -0.0226821 -0.0114475 -0.00117098 0.00686141 -0.00374975 -0.00125211 -0.00931094 -0.00828621 -0.00296854 0.00761253 0.000205203 -0.00248447 -0.0126389 0.00435813 0.0220142 -0.00978135 -0.000219339 -0.0124394 0.0009366 -0.00563526 0.0048814 -0.00109352 0.000888604 0.00875138 -0.0128506 -0.00376541 0.00542788 -0.0329057 -0.00707135 0.00548544 -0.00376961 0.00719967 -0.00187013 0.000511957 -0.00674635 0.00705411 -0.0251627 -0.00266095 -0.049072 -0.00342556 0.000522541 -0.000241734 0.0426773 -0.00590962 -0.00670618 -0.000903229 -0.0360732 -0.00656409 
-0.00169526 -0.0069661 0.000153736 0.00255833 0.00267746 -0.00148084 -0.00382054 0.00115978 0.00474118 0.000729005 0.0276848 -0.0113208 0.0351133 0.141208 -0.0184655 -0.00844781 0.0251203 0.0403755 0.0193386 0.0157788 -0.0037274 -0.00906256 -0.0141634 0.0170624 -0.00302146 0.00585022 0.0350564 0.00737909 0.00328158 -0.0117715 -0.00369834 -0.00760754 -0.00351132 -0.000975312 -0.00272999 -0.00523944 0.00196363 0.0188618 -0.0318927 -0.0145777 0.015116 -0.0256012 0.00541986 -0.0171168 -0.0280586 0.0457614 -0.000405228 -0.00283735 -0.00165078 -0.00216959 -0.00132081 -0.000299873 -0.0122509 -0.00926221 -0.00220248 0.0144341 -0.00355912 -0.0013335 -0.00629767 -0.0100059 -0.00208486 -0.00278611 -0.00138834 -0.00298809 -0.0213036 0.00846123 0.0210899 -0.0131659 0.00487661 -0.00827277 0.0201729 -0.00241951 0.0156131 -0.00244195 -0.0134194 -0.00673994 -0.0318883 -0.0101135 0.000174375 -0.00491771 -0.0210724 -0.00683759 0.0217166 -0.00201377 -0.0118379 -0.000640112 -0.0101008 -0.00479511 -0.0202615 -0.00489641 -0.0221005 -0.00196714 -0.00276379 -0.00769675 -0.024535 -0.00688431 -0.00187752 -0.00473385 -0.0110413 -0.000397038 
0.00383179 -0.0327525 0.000680822 -0.001534 -0.000882344 -0.0221262 -0.00429084 0.0280798 0.00195733 -0.0286919 -0.0258394 0.0343849 -0.00918343 -0.0184655 0.204661 -0.0218826 -0.0293639 -0.078586 -0.024475 -0.0119612 0.00824222 0.0272087 -0.0192996 -0.00775304 -0.00305573 -0.0217119 -0.0341854 -0.0119519 -0.00242805 0.00569681 0.0055641 0.0272523 0.00326321 -0.0002938 -0.00432526 0.00703635 -0.00630932 -0.00991307 0.0273722 0.0226997 -0.0164966 0.0757862 -0.0268016 -0.00342781 0.0458844 -0.0715662 -0.00162907 0.0591315 0.00288076 0.0114163 0.021916 -0.00996647 -0.0368504 -0.00233882 0.0035472 -0.0278173 0.00558028 -0.00549109 0.0186616 0.00874846 0.00175166 -0.0235403 0.00217724 0.00637219 0.0260359 -0.0021417 -0.0103794 0.0378397 -0.00782502 0.0129929 -0.00500869 -0.000644709 -0.011755 0.00166864 -0.00961075 0.055061 0.0400854 0.00953197 0.00636101 -0.0389516 -0.0599441 -0.0177812 -0.0176549 -0.00611752 0.025598 -0.0452048 -0.000776005 -0.0125527 0.0128132 0.00493156 0.00339209 -0.0121039 -0.00577263 -0.00271385 0.0269005 0.0199475 -0.00301086 -0.00263439 -0.0285652 0.00339186 
-0.00350203 0.0139331 -0.00166119 0.000266965 -0.000508803 -0.0184309 0.014656 -0.000829133 0.00146285 0.0453763 -0.0147409 -0.0106461 -0.0267787 -0.00844781 -0.0218826 0.126657 -0.00421076 0.0304724 0.00168697 -0.0192525 -0.000888006 -0.00990351 -0.00774055 -0.00467299 -0.00444717 -0.0112735 -0.0187102 -0.00177597 -0.00363809 -0.0018233 0.00137765 -0.016536 -0.00276441 -0.000976352 -0.00122532 -0.00194032 -0.00336242 0.00906656 -0.0233416 0.000391507 -0.0342772 0.0119191 0.0263347 -0.00752887 -0.0271723 0.0192231 -0.00189409 0.021233 -0.000999809 -0.00292029 -0.00792881 -0.00527099 0.00238869 -0.00839784 -0.00333216 0.00315263 -0.00253989 -0.00186304 -0.0111796 0.000423517 -0.00200974 0.012137 -0.0010668 -0.00164281 0.00296753 -0.0051121 -0.0158701 -0.0165841 -0.00346765 -0.000488894 0.00105157 -0.00292772 -0.0209585 -0.000468964 -0.0101273 -0.0294216 -0.0247758 -0.00390676 -0.00829453 0.067097 0.0217569 -0.00934929 0.018917 -0.00146753 -0.00760843 -0.00299175 -0.0067259 -0.0041735 0.00707717 -0.00253295 0.0338116 0.00259691 -0.00436268 -0.00200718 -0.0269539 -0.00154493 0.00477483 -0.00118881 0.0798023 -0.00276588 
-0.00196734 -0.0075029 -0.000816664 0.00187815 0.0012012 0.00540613 -0.00490465 -0.00352818 0.000263417 0.0106361 0.00707368 -0.0120373 0.00851884 0.0251203 -0.0293639 -0.00421076 0.12497 0.0255815 -0.00130988 -0.00147076 -0.00471544 -0.00830521 0.007769 0.00558778 -0.00472577 0.00103594 0.0190827 0.00862207 0.00285251 -0.00625535 -0.00215686 -0.0189027 0.00110775 -0.000972596 -0.00164238 -0.00391689 -0.00402163 -0.00474833 -0.0371023 -0.0100187 -0.00666621 -0.0289318 0.00895891 -0.0039811 -0.0180158 0.0286801 0.00103425 -0.0209099 -0.000282829 -0.00187048 -0.00891263 -0.00170512 0.0180848 -0.00475059 0.00101869 0.00351166 -0.0020279 0.00284084 -0.00133231 -0.00600291 -0.00196154 -0.00324314 -0.00166093 -0.00234288 -0.0200154 -0.00307726 0.00933953 -0.00643407 0.0126814 -0.00775482 0.0016814 -0.00536157 0.025301 -0.00199826 -0.00822491 -0.0208243 -0.0165468 -0.00316671 -0.00711387 0.00750203 -0.00376821 0.00859807 -0.00488407 -0.000975408 0.0121652 0.0258487 -0.00659499 0.00132003 -0.00630961 -0.00394459 0.00628207 -0.00289909 -0.00225493 6.41999e-05 -0.0123576 -0.00817701 -0.00207412 -1.34788e-05 0.00922833 0.00311751 
-0.008956 0.0158229 -0.00305348 0.00226228 0.000663834 0.00412669 0.00646244 -0.0236679 -0.00895183 0.0105593 0.0177234 -0.0107559 -0.00134182 0.0403755 -0.078586 0.0304724 0.0255815 0.249817 0.0471124 0.0180896 -0.00313882 -0.0283496 5.86043e-05 0.00507324 -0.00735177 0.0215023 0.030913 0.00821588 -0.000469272 -0.013929 -0.00777995 -0.0129395 -0.0114137 -0.00152078 -0.00307548 -0.00982076 0.0068257 0.00584975 -0.0101092 -0.0331128 0.0465508 -0.0752915 0.0777243 0.00661437 -0.0541027 0.105692 0.00253391 -0.0429426 -0.00137673 -0.0132763 -0.0336858 0.009066 0.0100208 -0.0118603 -0.00563918 0.0660513 -0.0110222 -0.00125034 -0.0266403 -0.0194756 -0.00794065 0.023809 -0.001898 -0.00910854 -0.0258817 -0.00494146 -0.0123066 -0.0530551 0.00248972 -0.0202409 0.00739453 -0.0102105 -0.00562889 -0.00478139 0.00610553 -0.0773027 -0.0811104 -0.0220252 -0.0274777 0.0410574 0.0534182 -0.011073 0.0323312 -0.00268768 -0.0236962 0.0383886 -0.0197839 0.00917009 -0.0253892 -0.0112642 -0.000731638 0.0200924 0.0114052 -0.00925073 -0.0745122 -0.0194094 0.00240856 -0.00565606 0.0315018 -0.00908153 
-0.00408137 -0.0161864 -0.000266 -0.00388787 0.00320891 0.0117605 -0.0253819 -0.00602632 -0.00451598 -0.00727627 -0.00207429 -0.0132374 0.00836562 0.0193386 -0.024475 0.00168697 -0.00130988 0.0471124 0.139482 0.00968079 0.00603289 -0.00554925 0.0093935 0.00400309 -1.4861e-05 0.0118328 0.00226452 0.00294193 0.000911882 -0.00938795 -0.00607333 0.00209598 -0.00505908 -0.000315689 -0.00235072 -0.00407688 0.00688719 -0.00287525 0.0142814 -0.0158284 0.0339307 -0.0309243 0.0215948 0.00115827 -0.0104499 0.0426546 -0.00332018 -0.035726 -0.00340096 -0.00391639 -0.0112387 0.0100963 -0.00301628 -0.00435638 -0.00387195 0.0373697 -0.00139133 -0.00132458 -0.0129115 -0.0104595 -0.00149241 0.0205739 0.00111609 -0.00285744 -0.00604979 -0.000951008 0.00466773 -0.0190115 0.00341852 -0.00591566 0.00548057 -0.00499176 -0.0179168 -0.00173441 0.00179254 -0.0260668 -0.0219601 -0.00978903 -0.00619531 0.0047515 0.0118192 -0.00976134 0.00952558 -0.00425429 -0.0224136 -0.0038221 0.00129765 0.0111031 -0.0153426 -0.00206056 -0.014186 0.00830793 -0.00162151 -0.00762593 -0.0246819 -0.00678191 0.0021037 -0.00234946 0.00800718 -0.00565899 
-0.00134134 -0.00478072 -0.0023348 -0.00228987 0.00196401 0.0160101 0.000691468 -0.0131109 -0.00260501 -0.0177751 0.0184403 -0.00537798 0.00033201 0.0157788 -0.0119612 -0.0192525 -0.00147076 0.0180896 0.00968079 0.205617 0.00170131 0.0153286 0.0260325 0.00332342 0.00437807 0.00887222 0.0337955 -0.00189191 3.0081e-05 0.00678462 -0.00571438 -0.0127579 -0.00103191 -0.00136077 -0.00199332 -0.00450725 0.00662719 0.0271247 -0.00599744 -0.00529113 0.00286625 -0.0440683 -0.0130035 -0.00572494 -0.0251098 0.0426526 -0.00565222 -0.0214058 -0.00312279 -0.00491599 -0.0115272 0.0100449 0.00107026 0.00737919 -0.00430328 0.0312418 -0.000628154 -0.00641732 -0.00300455 -0.00621015 -0.00187184 -0.0110741 -0.00167899 -0.00161081 -0.0295679 -0.00317546 -0.00198726 0.00173097 -0.00466701 -0.0100341 0.00870823 -0.00127268 -0.0206157 -0.00259434 -0.00787394 -0.000334026 -0.0317373 0.00836766 -0.00667404 -0.0202749 0.0177257 0.00266825 0.0434857 7.84759e-05 -0.0448942 -0.00583592 -0.00931046 -0.00767219 -0.0119485 -0.00181215 -0.0219615 -0.0162754 -0.00427762 -0.00583124 0.0012696 -0.00032834 -0.00790879 -0.00335613 -0.0154644 -0.00802996 
0.000787965 0.00430534 -0.000364033 0.000751372 0.00136251 -0.00315826 -0.00662278 -0.000588711 -0.00138128 -0.00528494 -0.00824764 0.000497689 -0.000265103 -0.0037274 0.00824222 -0.000888006 -0.00471544 -0.00313882 0.00603289 0.00170131 0.0423831 0.00226796 3.82704e-05 -0.000351201 0.000218234 -0.00214928 -0.0074635 -0.0016087 -0.000239056 -0.00148024 -0.00168296 0.000262792 -0.000349282 0.000298332 -0.000931654 0.00234613 -0.000581692 -0.00205717 0.00785741 0.00707325 -0.0078425 0.00193879 5.16054e-05 -0.000648434 0.00269524 0.000372594 -0.000450345 -0.000176545 0.000292748 -0.00025472 -0.00184518 0.00153684 -0.00399902 0.00261043 0.00173567 0.000878414 0.00159425 0.000358306 -0.00373395 -0.00204669 -0.000198967 0.00190824 -0.000162809 0.000905183 -0.00242214 -0.00121124 -0.00268883 -0.00212615 -0.000299978 -0.00118193 0.00258902 -4.36593e-05 -0.0045394 0.00067548 0.000424292 -0.00671307 0.00283115 0.00365433 -0.00146431 -0.00516621 0.0060796 -0.00112129 0.00296217 -0.000869131 -0.00206686 -0.00864336 -0.00129729 0.00472819 -0.000224689 0.0030539 -0.00971359 0.000113662 0.00437635 -0.00289133 0.000424523 -0.000698635 -0.000475621 0.00156747 -0.000718026 -0.00157216 
0.0047767 -0.00559449 -0.000332278 -0.000872525 -5.37773e-05 -3.96274e-05 -0.000689767 0.0147407 0.00301387 -0.00767464 -0.00983294 0.00401205 -0.0153342 -0.00906256 0.0272087 -0.00990351 -0.00830521 -0.0283496 -0.00554925 0.0153286 0.00226796 0.103728 0.00203218 0.00150216 0.00155549 0.00208554 -0.00633469 0.00125572 0.00189926 -0.000846473 0.00125636 -0.00664181 0.00146339 -0.000104542 -0.000922645 0.00176027 -7.28114e-05 0.00938613 0.00534165 0.0168842 -0.0116257 0.0150699 -0.00865911 -0.0110783 0.00463614 -0.0282525 7.66488e-05 -0.00526423 -0.00264481 -0.000408125 0.00367475 -0.00159245 -0.00190321 0.0104527 0.0030332 -0.0109575 0.00616172 -0.00277702 -0.00453605 -0.0004819 0.00130877 -0.00446225 0.00289535 0.00331344 0.0160033 -0.00312759 -0.00448773 0.0136352 -0.00213943 0.00740511 -0.00993451 -0.00296959 -0.00244897 0.000221992 0.00590322 0.0185401 -0.00104267 0.00769543 -0.00518069 -0.0164629 -0.0130996 -0.0086159 -0.0208331 -0.000349973 0.000483336 -0.0190591 4.70419e-05 -0.00165299 -0.00794069 0.00503111 -0.00959283 -0.00573916 -0.00617826 0.00338638 0.010776 0.000314763 -0.00308658 -0.000257835 -0.0086717 0.00246754 
-0.00135491 -0.000944493 0.000413223 -0.00187701 -4.52651e-05 0.00672136 -0.00190979 -0.00614689 -0.00144922 -0.0112444 -0.00064792 -0.00836707 -0.00154006 -0.0141634 -0.0192996 -0.00774055 0.007769 5.86043e-05 0.0093935 0.0260325 3.82704e-05 0.00203218 0.10545 -0.000967174 0.00521187 -0.00070232 -0.0129512 0.00314379 -0.00133992 0.00841413 -0.00414018 0.00564103 0.00199104 -0.000615372 0.00125785 -0.00276818 0.000454164 -0.000924639 -0.00199114 -0.00660431 -0.00851069 -0.0235173 -0.00682377 -0.00128725 -0.00983977 0.00805632 -0.00154382 -0.0240887 -0.000721011 -0.00290871 -0.0056489 0.00450426 0.00866711 0.0111917 -0.000447293 0.00518017 0.000293149 -0.000203104 -0.00791351 -0.00455572 0.000407442 0.0131257 -0.000742489 -0.000525059 -0.0118562 -0.00123653 -0.00603433 0.00190487 0.00289452 -0.00233344 -0.00914921 9.42458e-05 -0.0135123 0.00115776 0.000850895 -0.0134534 -0.0118591 0.00503866 -0.00682537 -0.00395503 0.0175361 0.00692738 0.0132834 2.36219e-05 -0.00995782 0.00138485 0.00266368 0.00448849 -0.0092133 0.000129614 0.00449214 0.00107797 -0.000286718 0.00111108 0.00286632 0.0013108 -0.00263994 0.00335991 0.00795955 -0.00467885 
0.00235473 -0.00320106 -0.000517508 0.00025131 0.00274441 -0.00101381 -0.0137806 -0.000369357 0.00210968 -0.00580249 0.000279781 -0.00294944 0.00596821 0.0170624 -0.00775304 -0.00467299 0.00558778 0.00507324 0.00400309 0.00332342 -0.000351201 0.00150216 -0.000967174 0.0375505 0.000549468 0.00393636 0.0113041 0.00478743 0.00262262 -0.003156 -0.000651769 -0.000888811 -0.000777008 -0.000122369 -0.000158964 -0.000547781 0.00133248 0.0054732 -0.00601695 -0.00409647 0.00322002 -0.00822597 0.00331245 -0.00548028 -0.00568848 0.010104 0.000622414 -0.0125027 -0.000570478 -0.00098608 -0.00134856 -0.000596775 0.00231283 0.000569802 0.000478592 0.0080922 -0.000455969 -0.000241793 -0.00307839 -0.000779414 -0.00034304 0.00173279 0.000235392 -0.000716327 -0.00581468 0.00419274 0.00714402 -0.000966379 0.00460922 -0.00178079 0.00504062 0.000457333 -0.00239169 -0.000278954 -0.00327069 -0.00070052 -0.00741478 -0.00113582 -0.000888187 -0.0044251 -0.00786762 -0.0011341 -0.00392431 3.66668e-06 -0.00626075 0.00052276 -0.00215992 0.002577 -0.00730386 -0.000656296 -0.00804158 0.000613796 0.000203694 -0.000290811 -0.00532681 -0.00196843 0.00051484 0.00033361 -0.00158594 -0.000312985 
0.000568742 -0.00288007 0.00135358 -0.000156471 0.00309727 -0.0023728 -0.00636538 0.00296565 -0.000153076 -0.00813338 -0.0110261 0.00991418 -0.00774038 -0.00302146 -0.00305573 -0.00444717 -0.00472577 -0.00735177 -1.4861e-05 0.00437807 0.000218234 0.00155549 0.00521187 0.000549468 0.0425027 0.00296711 -0.00771348 0.00124412 0.000771537 0.00761028 0.00301775 0.00113315 0.00301162 0.00051891 -0.00120389 -0.000463316 -0.000444754 0.0128618 -0.00728727 0.00302599 -0.00509715 -0.00634722 -0.00568944 -0.00200096 0.00786146 -0.015129 0.000166625 0.00555209 0.00117704 0.00117365 0.00524888 -0.000456607 -0.0013318 0.0142927 -0.000714949 -0.000417752 0.0025307 -0.000325575 -3.65863e-06 0.00333177 0.00041345 0.000880714 -0.000308459 -0.000182221 -0.00425453 0.00331152 0.00123906 0.00382664 -0.000457822 0.00283773 -0.00172397 0.00485183 -0.00248043 0.00329864 -0.00221707 -0.00229648 -0.0018141 -0.0010316 0.00293184 -0.00623482 -0.013577 -0.000736958 -0.00355255 0.00234389 -0.00880333 -0.0110662 0.00406664 -0.000996002 -0.00198932 0.00215916 0.00236351 -0.00267195 0.00132624 -0.00103856 -0.00397633 0.00257164 -0.000509688 0.00340873 -0.00288444 -0.000768484 
0.00293335 0.00392147 -0.00126016 0.00467665 0.00119392 0.0303577 -0.0191636 -0.00410621 -0.000931195 0.00667796 0.00213069 0.00216007 0.0100963 0.00585022 -0.0217119 -0.0112735 0.00103594 0.0215023 0.0118328 0.00887222 -0.00214928 0.00208554 -0.00070232 0.00393636 0.00296711 0.101843 0.00804236 0.0104268 0.00388734 -0.00283787 0.00293222 0.00384824 -0.000673975 0.000867524 0.00204935 -0.00214398 0.00947595 -0.00729525 0.0257937 -0.00522167 0.0392738 -0.0196993 -0.0117822 -0.00369752 -0.0185899 0.00972292 0.000148495 -0.0374587 -0.00258151 -0.00308177 -0.00644101 0.00268147 0.00623415 0.00696761 -0.00125695 0.00849987 0.000860798 0.00761216 -0.00481604 -0.00500783 -0.00146662 0.00382795 2.67304e-05 -0.00162982 -0.00893085 0.00427422 0.000441686 -0.011325 0.00276549 0.0018331 -0.00442834 -0.00329278 0.00335623 -0.000637872 -0.00160529 -0.00903561 -0.0143404 -0.00510706 -0.00229379 -0.0138274 -0.0111074 -0.00202672 -0.0303125 0.00045064 -0.0215908 -0.00525209 0.0010243 0.00815903 -0.0174615 -0.000739884 -0.029755 0.00240518 0.00476712 -0.000658638 -0.00509805 -0.00440106 0.00205978 0.00180294 -0.0156985 0.00531344 
0.000739635 -0.0184769 -0.00605982 -0.00114581 -0.00161545 0.022671 -0.00630268 -0.0176934 0.00197384 -0.00231512 0.0487377 -0.0203141 0.0224918 0.0350564 -0.0341854 -0.0187102 0.0190827 0.030913 0.00226452 0.0337955 -0.0074635 -0.00633469 -0.0129512 0.0113041 -0.00771348 0.00804236 0.202537 0.00644434 0.00203402 -0.0143358 -0.00970747 0.000894722 0.00161198 -0.0013308 0.00211032 -0.00774642 0.00309006 0.00387873 -0.0367683 -0.0310336 0.0391297 -0.0550226 0.0232045 0.00751166 -0.0351665 0.054566 -0.00387731 -0.0458313 -0.00201459 -0.00564554 -0.0100461 0.00530288 0.014974 -0.0166816 -0.00304982 0.0257217 -0.00264449 -0.00670684 -0.0107357 -0.00633716 -0.00355016 -0.0103324 -0.00168605 -0.00433937 -0.0325279 0.00112066 0.015531 -0.00762899 0.0032369 -0.0140677 0.00884962 -0.00256415 0.0117019 -0.00324104 -0.0117403 -0.00901762 -0.028747 -0.0026643 -0.00531412 0.000622241 0.0114087 0.00141405 0.0169107 0.000447791 0.00589796 0.0618351 -0.0132491 -0.010591 -0.0233214 -0.00787835 -0.0268465 -0.0153957 -0.00948114 0.00702103 -0.0135897 -0.0160965 -0.0105362 -0.00505684 -0.016048 -0.00460652 
0.0015772 -0.00516562 -0.000335255 0.000747937 0.00294937 0.0133479 -0.00169561 0.00242643 0.00148337 0.000154124 -0.00545091 -0.000483362 -0.0080237 0.00737909 -0.0119519 -0.00177597 0.00862207 0.00821588 0.00294193 -0.00189191 -0.0016087 0.00125572 0.00314379 0.00478743 0.00124412 0.0104268 0.00644434 0.0552183 0.00601149 0.00287077 -0.000902204 -0.00224731 -0.000685757 9.71627e-05 0.0002961 -0.00170347 -4.08043e-05 0.00695688 -0.0133548 -0.00442011 0.0075513 -0.0097436 -0.00225364 -0.00912739 -0.00712897 5.90601e-05 0.000252156 -0.0118773 4.54982e-05 -0.0006918 -0.00232227 0.00129734 0.0184992 -0.00206871 0.00111063 0.00545811 -0.00113275 0.0063306 0.00455393 -0.000873991 -0.000412358 0.00212225 -0.000415506 -0.000706893 -0.0051681 0.00086205 -0.00388087 -0.0082618 0.00965859 -0.00211245 -0.00279551 -0.00167471 0.00629775 -0.000293585 0.000256777 -0.00753003 -0.00582231 -0.00232584 -0.00162656 -0.00511807 -0.0171533 -0.00287471 -0.0164101 0.000497735 -0.00442438 -0.0110174 -0.0035024 0.00848351 -0.00573384 -0.000119601 -0.0101624 0.00171925 0.00159512 0.00470945 -0.0100879 -0.00292498 -0.00105908 6.49393e-05 0.00117407 0.0113749 
0.00163226 -0.00118097 0.00102162 0.000265736 0.000961615 0.00297234 -0.00907085 -0.000802429 0.00148692 -0.00145823 -0.00358294 0.000520325 -0.00215399 0.00328158 -0.00242805 -0.00363809 0.00285251 -0.000469272 0.000911882 3.0081e-05 -0.000239056 0.00189926 -0.00133992 0.00262262 0.000771537 0.00388734 0.00203402 0.00601149 0.0302212 -0.000775593 0.00200332 -3.3231e-05 0.00118443 0.000347084 8.1775e-05 -0.00011249 -0.000305257 -0.000897277 -0.00260311 -0.000254513 0.00129063 -0.0020399 0.000225136 -0.0036016 -0.00323366 0.000344419 0.000261039 -0.00505982 -0.000217781 -0.000331747 -0.0010268 -0.000125775 0.00147065 0.000971181 0.0020948 0.000654313 -0.000179049 0.00290213 0.00132026 0.00108742 0.000952951 -0.00105293 -6.6514e-05 -0.000275393 -0.00350327 -4.87324e-05 -0.000903453 5.5705e-05 0.00878033 -0.000270531 0.00179293 -0.000921034 -0.000524662 0.000196451 -0.00278823 -0.00149509 -0.00318664 0.000547834 0.00122501 -0.00206691 -0.0088592 0.00134817 -0.00637844 1.1128e-05 -0.00377886 -0.00406874 -0.00147395 0.0037781 -0.00404644 -0.000149101 -0.00608615 0.00525426 -0.0015027 0.00115928 -0.0032373 0.000479869 -0.000465664 0.000683009 -0.00342214 0.00184551 
-0.00109856 -0.00975761 0.00465505 -0.000823316 0.00223171 -0.00210783 -0.0194095 0.00648626 0.000929213 -0.0129328 -0.0219507 0.0026642 -0.0172633 -0.0117715 0.00569681 -0.0018233 -0.00625535 -0.013929 -0.00938795 0.00678462 -0.00148024 -0.000846473 0.00841413 -0.003156 0.00761028 -0.00283787 -0.0143358 0.00287077 -0.000775593 0.0915516 0.00572886 -0.0086977 0.00374192 0.000537649 -0.00127328 -0.00214566 -0.000528713 -0.00400324 -0.0181853 -0.00203336 -0.0128958 0.00393713 -0.0113528 0.0114347 -0.00439385 -0.0286837 0.00061661 0.0183565 0.00318556 0.00542843 0.00764702 0.00252547 -0.00699603 0.0106919 0.000272682 -0.00654355 0.00114805 -2.18756e-05 0.00612317 0.00618392 0.0015286 -0.0103335 1.48613e-05 0.00162958 0.00485497 0.0020859 -0.00642678 0.0293808 -0.00286545 0.00475198 0.00261048 0.00679726 -0.0136631 0.00364623 0.000983181 0.00573951 0.0219092 0.0106862 -0.000258975 0.000446339 -0.0198468 -0.00471524 -0.00304298 0.00270636 -0.0081207 -0.00475306 0.00276456 -0.00383198 -0.000321321 0.000358851 0.0131087 -0.00609973 0.00349885 0.00505692 -0.00680485 0.00564624 -0.00208632 -0.000533653 -0.00338232 -0.000875583 
0.000490022 -0.00143998 0.00212412 0.00150744 7.1951e-05 -0.00474864 -0.0130824 0.00624847 0.000215692 -0.00465099 -0.00878971 0.00749318 -0.00839461 -0.00369834 0.0055641 0.00137765 -0.00215686 -0.00777995 -0.00607333 -0.00571438 -0.00168296 0.00125636 -0.00414018 -0.000651769 0.00301775 0.00293222 -0.00970747 -0.000902204 0.00200332 0.00572886 0.047999 -0.00141815 0.000466659 0.00101404 -0.00077596 0.00393093 -0.000302788 -0.00175801 0.00510204 0.00125999 -0.00698653 0.013454 -0.00433055 0.00155913 0.00708063 -0.0179615 0.000646952 0.00786645 -0.000240087 0.00163708 0.0100776 -0.00160616 -0.00459888 0.0112024 0.00376079 -0.00682949 0.00030938 0.00120166 0.00108344 -0.000703864 0.00214325 -0.0031704 0.00018156 0.00210721 -0.00162902 -0.00058079 -0.00567328 0.00426731 0.0014109 0.0149551 -0.00341206 0.00219805 -0.00782519 0.000809665 -0.00452293 0.00411165 0.000124912 0.00106141 -0.000195345 0.00162045 -0.0157845 0.000492597 -0.0170709 0.00453025 -0.00783297 -0.0118315 0.00343938 -0.00102411 0.0020347 0.00116511 -0.00208905 -0.00120934 0.00166312 0.00219211 -0.00243884 0.00372343 0.00163771 0.000478726 -0.00184993 0.00323402 
0.00880069 9.97637e-05 -0.00265146 -0.000530183 -0.0019869 0.0164387 -0.00970865 0.00694794 -0.00258566 -0.00473666 0.0156377 0.0150863 0.0195035 -0.00760754 0.0272523 -0.016536 -0.0189027 -0.0129395 0.00209598 -0.0127579 0.000262792 -0.00664181 0.00564103 -0.000888811 0.00113315 0.00384824 0.000894722 -0.00224731 -3.3231e-05 -0.0086977 -0.00141815 0.152724 0.00777556 0.000455953 0.00733674 0.00940636 -0.00129439 0.0144633 0.0457365 0.00401073 0.0342686 -0.0135822 -0.00908931 -0.0241318 0.00346546 -0.0114017 -0.00162054 -0.0198364 -0.00491955 0.000594162 0.000998557 -0.00327628 -0.0193828 -0.00714745 -0.000173799 -0.0050329 0.00124797 -0.00259133 -0.00400285 0.00087304 0.000366148 0.0062409 -0.000606542 0.00163173 -0.000288496 -0.00101017 0.000913799 -0.01154 0.00264189 -0.00376702 -0.0175126 -0.00690714 2.16409e-05 0.0014698 -0.00868693 0.0309446 -0.0114657 -0.00551677 -0.00389517 -0.0211216 -0.00375668 -0.0120917 -0.0173315 -0.00298176 -0.0266317 -0.0216729 -0.00766084 -0.00167992 -0.0161769 -0.00161331 -0.0273947 0.00762175 -0.00642297 -0.00487768 0.0333383 0.00128197 0.00392612 0.000234512 -0.0181359 0.00146727 
0.000542115 -0.00644101 0.00129021 0.00087567 -4.03008e-05 0.00110934 -0.010437 0.0036756 0.000949365 -7.92049e-05 0.00418943 0.00350566 0.00191016 -0.00351132 0.00326321 -0.00276441 0.00110775 -0.0114137 -0.00505908 -0.00103191 -0.000349282 0.00146339 0.00199104 -0.000777008 0.00301162 -0.000673975 0.00161198 -0.000685757 0.00118443 0.00374192 0.000466659 0.00777556 0.0462212 0.000205059 0.00132343 0.00208129 0.000467366 0.0139385 0.00414748 0.00103563 -0.00348227 -0.00735215 -0.00688593 -0.00190317 0.00237771 -0.011021 -0.000922068 -0.00360953 3.6177e-05 0.000895236 0.000546152 -0.000543216 -0.00477233 0.00185101 -0.000751183 -0.000990246 0.00170917 -0.000276408 -0.00268831 0.00103056 0.00082779 -0.00220189 0.000105414 5.90175e-05 -0.000288074 2.84481e-05 -0.00264708 0.00391607 0.00116424 -0.000831093 -0.00246813 2.71381e-05 0.000590147 0.000914689 0.00211169 0.00973625 -0.00117584 -0.0010875 -0.000781263 -0.00443645 -0.00814587 -0.00221815 -0.0104313 -9.42998e-05 -0.0100358 -0.000576404 0.000398059 -0.000378365 -0.00528125 3.3933e-05 -0.000609705 -0.00133746 -0.00208018 0.00125171 0.00966311 -0.00162766 -0.00041081 0.000976525 -0.00484573 -0.000883256 
0.000152434 0.000484765 0.000312012 4.14347e-05 1.67324e-05 -0.000368849 -0.00372314 0.000391343 0.000135244 -0.00136511 -0.000991965 -0.000381102 -0.000921873 -0.000975312 -0.0002938 -0.000976352 -0.000972596 -0.00152078 -0.000315689 -0.00136077 0.000298332 -0.000104542 -0.000615372 -0.000122369 0.00051891 0.000867524 -0.0013308 9.71627e-05 0.000347084 0.000537649 0.00101404 0.000455953 0.000205059 0.0103844 -0.000163629 0.00052656 8.88672e-05 -0.00170263 0.000427414 -0.000116197 -0.00141857 0.000259853 -0.000340391 -0.000362008 0.00036335 -0.0022031 0.000251563 -0.00112051 -7.86776e-05 0.000262233 1.95744e-05 0.000441132 0.000383752 0.00123459 0.000919247 -0.0010284 0.000381042 0.000809637 0.00115679 0.000670616 2.20466e-06 -0.000570219 0.00026805 0.0001525 -0.000127512 0.00044867 -0.000200639 0.00104868 0.000336282 0.000719149 -0.000116299 0.000424133 -0.000770949 0.000459082 -2.75082e-05 0.000248074 0.00141168 -3.82954e-05 0.00114918 -0.00136144 -0.00144067 0.000387905 -0.00318205 0.000423537 0.000888042 -6.60954e-05 0.000608178 0.000337849 -0.000423353 -6.1562e-05 -0.00068654 -0.000733417 0.000255862 -0.000214881 0.000793605 0.000295032 -0.000119743 0.000154258 -0.00127599 0.00102339 
