0.087772 0.0128367 -0.00349411 0.0047407 0.00848229 2.86031e-05 -0.00297779 -0.00721936 -0.00494564 0.00354405 0.00014883 -0.0100798 -0.00080195 -0.00966364 0.00779476 0.00391911 -0.0111941 -0.00727998 -0.00730906 -0.0114778 0.00488817 0.00724236 0.0166701 -0.00199887 -0.00537998 0.00642101 0.0066871 0.00201201 0.0127868 -0.000812766 0.000574615 0.00239186 -0.00282826 0.0128569 0.00725328 -0.0003555 0.00408445 0.0241653 0.0284444 -0.00399693 -0.0147208 0.000660955 -0.00283066 -0.00435633 -0.00584471 -0.000837607 0.000418841 -0.00363483 0.00255976 -0.0167752 -0.00911716 -0.0341735 -0.0254771 -0.0272236 -0.00555565 -0.00600062 0.00114643 -0.000178589 -0.00128745 -0.00174397 0.000962113 -0.00423947 0.000832184 0.000650996 8.42966e-05 -0.0221387 -0.000220305 0.00873488 -0.010346 0.0226638 0.000650637 0.00354408 0.00375019 -0.00333048 -0.00544666 -0.0081984 -0.000576229 0.00180025 -0.00373167 0.0036186 -0.0118875 0.00216737 0.0132574 0.00292281 -0.0021673 0.00012128 0.0173899 0.000881685 -0.000770449 -0.0199166 -8.86555e-05 -0.00470487 -4.51315e-05 -0.00420516 -0.000849522 -0.002836 -0.00257903 0.011485 -0.000980759 -0.00521643 
0.0128367 0.0926621 0.0245365 -0.00588836 0.00342323 -0.00190146 -0.000888075 -0.0161424 -0.00666961 -0.0223575 -0.00117036 -0.0139173 -0.000578984 -0.00884143 -0.00146872 0.0121121 -0.00882084 -0.0276837 -0.00421673 -0.0119891 0.0133873 -0.00333066 0.0130375 -0.00150972 -0.00575243 0.00216674 -0.00331972 0.0133149 0.000366561 0.00159182 -0.0003505 0.000102617 -0.00340427 0.0244603 -0.00161153 -0.00033115 0.0130465 0.0265263 0.0213274 -0.00666948 0.00691077 -0.00538611 -0.0162256 -0.0102136 -0.0160338 0.00228369 -0.0038881 -0.00397864 0.0165729 -0.028997 -0.00698788 -0.028347 -0.019399 -0.025108 0.00837249 -0.0152484 0.000357307 -0.000842761 -0.00204726 0.00343812 0.0159692 -0.00111421 0.00626726 -0.00138834 -0.015588 0.00536819 -0.000859771 -0.00153851 0.0152329 0.0218482 -0.000391041 -7.29368e-05 0.00144262 -0.00322247 -0.00712543 -0.0174083 -0.00112051 -0.00206682 -0.00806831 0.00593451 -0.0124999 -0.0234601 0.0239079 -0.00118917 4.38333e-05 0.0017812 0.0111236 0.000452847 0.000689583 -0.0207176 -1.6036e-05 -0.00183033 0.00808992 -0.00527566 0.00187363 0.00150434 0.00154884 0.0126654 0.00268733 0.0152054 
-0.00349411 0.0245365 0.140292 -0.00510546 0.00136886 -0.00602339 -0.00382179 0.000943021 0.00808729 -0.00695929 -0.000666056 -0.0307346 -0.000872617 0.012124 -0.00615855 0.0218494 0.00799554 0.00311513 -0.0169236 -0.000303676 0.00406966 -0.0189647 0.0104981 -5.45728e-05 0.00113535 -0.00515553 -0.0064047 0.00519296 -0.00335693 -0.00173034 0.00025525 -0.00169032 0.00315023 0.0252602 0.00322388 -0.00111527 0.00437524 0.0187548 -0.0114507 -0.0164623 -0.00292398 -0.00540943 -0.0132576 0.000787747 -0.0170343 -0.00924236 -0.00810879 -0.00189865 0.0133152 -0.0402234 0.00617634 -0.00928476 -0.030548 -0.0422563 0.00421405 -0.0346726 -0.00120082 -0.001595 -0.00265407 -6.54764e-05 0.0131433 -0.00232019 0.00623378 -0.00473257 0.006504 0.0263383 -0.00144531 -0.00822601 0.00990575 -0.0110826 -2.54829e-05 -0.00183246 -0.00458389 0.0149704 -0.00767769 -0.0175909 -0.0045581 -0.0020686 0.00743599 -0.0144708 -0.0173886 0.00404731 -0.0209252 0.00477861 -0.00401862 0.0083506 0.0322067 0.00434115 0.00190708 0.02521 -0.000614095 -0.0155979 0.00973903 -0.00153796 0.004296 0.00863666 0.00803699 -0.013739 0.00139552 0.00406162 
0.0047407 -0.00588836 -0.00510546 0.104755 -0.00458166 0.000442286 0.00661719 -0.00849929 -0.00725759 -0.0125347 -0.000218579 0.00493073 -0.000768979 -0.00102655 0.0177242 0.0226959 -0.00346995 -0.0206317 -0.0050198 -0.00618246 0.00893105 0.0325563 0.00654685 0.000739695 -0.00169184 0.00140738 0.0199433 0.0154313 0.00783893 -6.78521e-05 0.00225449 -0.0001696 -7.45135e-05 -0.0022181 0.00396277 0.00306724 -0.00459789 0.0038942 0.0287024 0.00656342 -0.0229927 -0.00202014 -0.0109141 0.0294921 0.00185771 0.00714313 -0.00294698 -6.59717e-05 0.0124157 -0.0283866 -0.00903027 -0.0266292 -0.0323157 -0.0346148 -0.0042622 -0.000456973 0.000898793 -0.000831545 -0.000160512 0.000744636 0.00790489 -0.00222052 -0.0010392 0.0126202 -0.0113031 -0.0165008 0.000585751 0.00548455 -0.02237 0.0020347 0.000833705 0.00815369 0.0182482 -0.00256568 0.00513394 -0.0102025 0.00183527 0.00513189 0.0028336 -0.00935541 -0.0213099 -0.0268583 0.00484592 0.0113799 0.0025306 -0.00570139 -0.0293355 -0.000230557 0.000537656 -0.0203176 0.00368801 0.000754561 0.00910671 -7.71891e-05 0.00493051 -0.000473591 -0.00373815 -0.00565736 -0.000922507 -0.00905965 
0.00848229 0.00342323 0.00136886 -0.00458166 0.0669666 -0.00310219 1.18039e-05 0.00468867 -0.00394662 6.7326e-05 -0.000387484 -0.0123762 -0.000406611 -0.00399332 -0.00611492 -0.00529085 -0.00700995 -0.00387014 -0.00889945 -0.0179207 0.00220888 -0.0117464 0.000904837 0.00381934 0.00314483 -0.000933354 -0.00200905 -0.00683252 0.00117421 -0.000555823 0.00273052 0.00264532 -0.00107657 0.0125337 0.00421753 0.00204101 0.0122369 0.00371249 0.00687546 -0.00599987 -0.0134995 0.00144872 0.00886867 -0.00539124 0.0101911 -0.00562708 0.00213797 -0.00236902 0.000541913 -0.00848081 -0.00432194 -0.0295793 -0.0186698 -0.0207151 0.00149996 -0.0100749 0.00102646 0.00269515 0.000251747 0.00100948 0.00137881 -0.001812 0.00265397 0.00137303 0.0135192 -0.0147128 0.000858439 0.00535335 0.00732314 0.0150345 -0.000348425 -0.00010923 -0.000145372 -0.000488625 -0.00360579 -0.00142453 -0.00102313 -6.76032e-05 -0.00272006 -0.00535727 -0.00931664 0.00692785 -0.00820168 -0.000896709 0.00811625 0.0107398 0.0236659 0.000235878 -5.72343e-06 0.000745662 -0.000822438 5.6603e-05 0.00281936 -0.00263969 -0.000112532 -0.00154056 0.00217884 0.00526843 -0.000563192 0.000522342 
2.86031e-05 -0.00190146 -0.00602339 0.000442286 -0.00310219 0.137137 -0.00655803 -0.0226263 -0.00845633 0.00321813 -0.000366919 0.0170306 0.000630559 -0.0105825 0.00660941 -0.00931601 0.00316412 -0.0270518 0.00803099 0.0225388 -0.00653711 0.0101338 -0.00362457 0.00175052 -0.000838073 -0.00387244 -0.00962751 -0.00351214 -0.00223709 -0.00180269 0.000268185 -0.00224833 -0.00569486 -0.0178967 -0.00223939 0.00111047 -0.0167991 -0.0106367 -0.00566359 0.00708922 -0.0102404 0.0023078 -0.00746675 0.00638975 -0.00922417 -0.000655655 -0.00807053 -0.0032193 -0.00881314 0.00636891 0.0160672 0.0333102 0.0213279 0.00602833 -0.0214289 0.0319306 -0.000822855 -0.00171476 -7.89595e-05 -0.000667476 -0.00719447 -0.0047053 -0.0033063 -0.00203037 -0.0168342 0.0177991 -0.00176004 0.00207736 -0.01577 0.0216962 -0.000891809 0.000961598 -0.00676938 -0.000990395 0.00208748 -0.0128367 -0.00342266 -0.00338667 0.000179766 -0.0173177 0.0249557 -0.0135615 0.0214964 -0.00793174 -0.00930131 -0.0094903 -0.0178281 0.000101696 -0.00117795 -0.0131672 -0.00092648 0.00523125 -0.00328845 0.0106639 -0.00369947 -0.00686968 0.00560381 -0.00302756 -0.00116106 -0.00550316 
-0.00297779 -0.000888075 -0.00382179 0.00661719 1.18039e-05 -0.00655803 0.0778006 0.00127942 -0.00433349 -0.0136136 -0.000132212 0.00842076 -0.000548703 0.0055105 -0.00442986 -0.00671096 -0.0085998 -0.0149107 0.00372349 -0.0108354 -0.00169439 0.00181214 0.00186743 -0.00143564 -0.00421517 -0.00194455 0.0084664 -0.000803886 -0.000272996 -0.000180367 0.00208263 0.00174181 -0.00120802 -0.00257556 -0.005964 -0.000923891 0.00316307 -0.00447633 0.00938341 0.00592339 -0.00384707 -0.00442552 -0.00730992 0.0022093 0.000938389 0.0130637 0.00211527 -0.00343673 0.00170728 -0.00852524 -0.00738327 -0.00582136 -0.006901 -0.00916001 0.00937967 0.000280138 0.000739132 -0.00112694 -0.000959065 -0.000330702 -0.00150668 0.00184904 0.000468841 -8.5127e-05 -0.00470945 -0.0154601 0.000608773 0.00238266 -0.00200913 -0.00697072 -1.97202e-05 0.000138054 0.0033256 0.00225543 0.00250678 -0.00242122 -0.00140087 0.00228457 -0.00469956 0.00308208 -0.0128221 -0.00443547 0.0233957 -0.00264486 0.00580432 -0.00235691 -0.00403621 -0.000484333 0.000555365 -0.00782434 0.000790602 0.0169117 -0.00260052 -0.000117406 0.00142149 0.00375455 -0.00366022 0.00576933 -0.00114035 -0.000854496 
-0.00721936 -0.0161424 0.000943021 -0.00849929 0.00468867 -0.0226263 0.00127942 0.211873 0.00856478 0.0574208 0.00201885 -0.0194696 0.000481707 -0.0236161 -0.00785347 -0.00644802 -0.0206426 0.0209625 -0.0199587 -0.0531631 -0.00809626 -0.0348722 0.0107514 0.00875122 -0.000713762 -0.00231799 0.00767637 -0.00414975 -0.00801185 0.00222102 -0.0017117 -3.96811e-05 -0.00407677 -0.0221801 0.00133138 0.00111432 -0.0147396 -0.0131199 -0.0024986 -0.00306907 0.0138012 0.00772424 0.0538003 -0.0132598 0.0315717 9.12046e-05 0.0215781 0.00714409 -0.0145521 -0.00901548 -0.0267145 -0.0100199 0.0136791 0.0184055 0.002943 -0.00405499 -0.000946964 -0.00106132 0.00177966 -7.40764e-05 -0.0263324 -0.00857085 -0.00453323 0.00410468 0.0223171 -0.0501528 -0.00302527 0.0139585 -0.0283093 -0.0176325 -0.00150488 -0.00383797 -0.0063243 -0.002575 0.0269159 0.0430379 0.0119664 -0.000985093 0.00688176 0.0163314 -0.0125345 0.0255194 -0.0503667 -0.0104778 -0.000197958 -0.00345723 0.0343322 -0.00382875 -0.00198749 -0.00410884 -0.00251745 -0.00209198 -0.00598143 -0.00436385 -0.000655682 -0.00646985 -0.00842288 -0.00693168 -0.00520824 -0.0296408 
-0.00494564 -0.00666961 0.00808729 -0.00725759 -0.00394662 -0.00845633 -0.00433349 0.00856478 0.110434 0.011823 4.52569e-05 -0.00452299 0.000819785 0.0155295 -0.00780471 -0.00856313 -0.00891331 0.0275135 0.00252361 -0.0178103 -0.0052694 -0.0204395 -0.00740561 -0.000683442 -0.00182035 0.00109086 -0.000698276 -0.00579284 -0.00352411 -0.00141729 0.000302682 -0.000558541 0.014303 -0.00173536 -0.000646408 -0.00338759 -0.0043834 -0.0111563 -0.0188359 -0.0096591 0.0208707 0.000909196 -0.00737085 -0.00642917 -0.0198324 -0.00228608 -0.0010558 -0.00346298 -0.0121428 0.00291591 -0.0047861 0.0094734 0.0125056 0.0143514 0.010943 0.00656653 -0.000446416 -0.000357952 -0.0005189 -0.00101165 -0.0100541 -0.00345409 -0.00179429 -0.00264488 0.0219399 0.0238409 0.00154266 -0.00675671 -0.00798804 -0.00894175 9.04962e-05 -0.00118067 -0.00732548 -0.00140589 -0.00348428 -0.00386697 -0.00415753 0.00158871 -0.00662441 -0.0011569 0.00145091 0.00874567 -0.0197928 -0.000414217 -0.00410309 0.00897205 0.0109176 -0.00179786 -0.000744001 0.0120378 -0.00106208 -0.0127563 -0.000913223 -0.00378543 -0.000583389 0.000232273 -0.00255706 -0.00709833 -0.000393757 -0.00375682 
0.00354405 -0.0223575 -0.00695929 -0.0125347 6.7326e-05 0.00321813 -0.0136136 0.0574208 0.011823 0.214283 -0.000808028 -0.0224555 -0.00105625 0.0187704 0.00416226 -0.0190482 -0.0302639 0.069719 -0.0329073 -0.0145997 -0.0160074 -0.0192169 0.0309239 0.00240485 0.0119417 0.00943033 -0.00854811 -0.0207309 0.00717971 0.000115395 -0.00285545 -0.00224766 0.0053779 -0.0219244 0.00878657 -0.00739619 -0.0311108 -0.00698427 0.00421442 -0.0102681 -0.0394031 0.00298682 0.0685974 0.00448108 0.0833153 -0.0161286 0.0153159 -0.0043514 -0.0160444 0.00736167 -0.0109498 -0.0278789 -0.0480282 -0.0273861 -0.00523727 -0.0343011 -0.00176104 -0.00142124 -0.00443926 -0.00253757 -0.0241403 0.00316577 -0.00429269 -0.00131214 0.0236067 -0.0482471 -0.00263772 -0.000544426 -0.023291 -0.0128622 -0.00135011 -0.000231969 -0.00271105 0.00496361 -0.0107403 0.0370179 0.0138262 -0.000355977 -0.0124419 0.0299251 -0.0123504 0.0869575 -0.0586913 0.000965736 -0.01029 0.00178416 0.0268484 -0.00422793 -0.00281932 0.0138724 0.00152941 0.0173484 -0.0118485 -0.0155146 -0.00680326 -0.0139169 -0.0134685 -0.0199888 -0.00477158 -0.0236404 
0.00014883 -0.00117036 -0.000666056 -0.000218579 -0.000387484 -0.000366919 -0.000132212 0.00201885 4.52569e-05 -0.000808028 0.0142963 0.000137665 5.65897e-05 -0.00016455 2.99723e-05 1.84936e-05 0.00064121 -0.00192867 0.00318846 -0.00201236 0.000238689 -0.00027014 -0.000261711 0.00129992 -0.000151557 -4.75112e-05 -5.54498e-05 -0.000433252 -0.000332728 -0.000123606 -0.000191248 2.53002e-05 -0.000214193 0.000335446 -0.000837038 -0.000169761 0.000368839 -0.000761729 -0.000742057 0.00156039 -0.00122284 0.00142845 -0.00177098 -0.00178436 -0.00115291 -0.00197166 0.000520548 0.00238806 -0.00047349 -0.000103534 0.000965687 0.00185798 -0.00022167 0.000408391 0.000185839 0.00150218 -3.3552e-05 0.000205304 0.000452638 -0.000107589 -0.000590454 8.00725e-06 -8.63861e-05 -6.51034e-05 -3.46769e-05 -0.00275836 5.12234e-05 4.46323e-05 -0.00260179 -0.000931735 0.000232824 -4.92866e-06 -0.000160008 1.14998e-05 0.00113604 -0.000393232 0.000561445 0.000334055 -0.000517832 -0.000862738 8.66628e-05 -0.00355466 0.000852667 -0.000664772 5.22626e-05 0.000103661 -0.000604779 0.000266478 1.5083e-05 -0.00369432 0.000121719 0.000387892 -0.000628279 0.000330874 0.000431267 0.000735756 -0.000269069 -0.000212033 0.000404361 -0.000568781 
-0.0100798 -0.0139173 -0.0307346 0.00493073 -0.0123762 0.0170306 0.00842076 -0.0194696 -0.00452299 -0.0224555 0.000137665 0.172679 -1.72436e-05 -0.0128397 0.00392646 -0.00500976 0.00226332 -0.0174882 0.0197458 0.0267191 -0.0107259 0.0251614 -0.0225163 -0.00159844 0.000224209 -0.0075647 -0.00641193 -0.00153701 -0.0090744 -0.00480324 -0.00284031 -0.00137033 -0.00384015 -0.0413647 -0.0165106 -0.00236959 -0.00750898 -0.0181232 -0.0236366 0.0317933 -0.00631559 -0.00565515 -0.0232095 -0.00159685 -0.0259025 0.0203826 0.00772158 0.0052668 -0.0117221 0.0443317 0.000329469 0.0484709 0.0396104 0.0376459 -0.0207187 0.0490326 -0.000935726 -0.00406146 0.00232331 -0.00417829 -0.00295404 0.00219972 -0.00349939 -0.0056319 -0.0162079 0.00260154 0.000189294 -0.00315579 -0.0377249 -0.0172254 -0.000507109 -0.00507555 -0.00519022 -0.00646681 -0.00775959 -0.0137268 -0.00422806 -0.00112666 -0.00922847 -0.00634256 0.00950546 -0.0206005 0.0497887 0.000485032 -0.0106049 -0.0128283 -0.0283276 0.000795067 -0.000778607 0.0185383 -0.000519673 0.0178181 -0.00652681 0.0120965 -0.00333426 -0.01547 -0.00771063 -0.000586585 -0.00162253 0.00779954 
-0.00080195 -0.000578984 -0.000872617 -0.000768979 -0.000406611 0.000630559 -0.000548703 0.000481707 0.000819785 -0.00105625 5.65897e-05 -1.72436e-05 0.0109204 -0.000668647 -0.000623958 -0.00068062 0.000654947 -0.00264296 0.00243494 0.000170482 0.000243336 -0.0014461 -0.00148949 0.000140795 -0.000422549 -0.000494559 -0.000754574 -0.000141987 -0.000621011 -3.81766e-06 -0.000130904 -4.00086e-05 0.000108099 -0.000151965 -0.000192104 2.57441e-05 -2.3113e-05 -0.000188539 -0.00206149 0.00156831 0.00353899 -2.79639e-05 0.000261569 -0.000408031 -0.000531891 -0.000635461 3.3481e-05 0.000429241 -0.000493081 -0.00141025 -0.000563599 0.00247696 0.00196398 0.00291166 -0.000456211 0.000368003 1.92419e-05 4.40885e-05 0.000838009 0.000115915 -0.000274516 0.00041785 -6.35624e-05 0.000318367 -0.00064594 0.00179655 -1.43747e-05 0.000517582 -0.000280258 -0.000428432 6.24718e-05 -9.75169e-05 0.000186256 -0.000188119 0.000119728 -0.00117706 -2.22071e-05 -0.000197244 -0.000196115 -0.000495923 -0.00120587 -0.00178792 -0.000880792 -0.000643597 -0.000500319 -0.000562781 -0.00149853 -9.46975e-05 -5.0101e-05 -0.00129077 -9.52099e-05 -0.00186721 -0.000347811 0.000841627 0.000217836 -0.000127542 0.00163927 0.000675341 2.91351e-05 -0.000688156 
-0.00966364 -0.00884143 0.012124 -0.00102655 -0.00399332 -0.0105825 0.0055105 -0.0236161 0.0155295 0.0187704 -0.00016455 -0.0128397 -0.000668647 0.122637 0.000910294 -0.00531349 -0.00864222 0.0254224 -0.0038557 0.0136585 -0.00241821 0.00263266 -0.00583273 -0.00168122 0.00909781 -0.00102706 -0.00302975 -0.00175474 -0.00551623 0.00269437 0.00265851 0.00202648 0.0131776 0.00815664 -0.00153558 -0.00287415 -6.36872e-05 -0.00285569 0.00110252 -0.0136066 -0.00670066 -0.00531613 -0.00020514 0.0208714 0.0170179 -0.00941024 -0.00296124 -0.00209063 0.0025085 -0.0110673 -0.00672695 -0.012199 -0.0206324 -0.0282542 0.0297234 -0.0278773 -0.000394309 0.00361379 -0.002378 0.000464426 -0.00889179 -0.000523225 0.000688282 -0.00271997 -0.00883344 0.0026045 0.000888281 -0.00618991 0.00799169 -0.0116401 -6.77155e-05 0.00102706 -0.0028654 0.0117136 -0.00767796 -0.0126338 0.00100671 0.00345656 -0.0113812 0.00133999 -0.0185384 0.0157604 -0.0178313 0.00922955 0.00763027 0.01127 -0.00873414 -0.00107593 -0.000573405 0.0111499 0.00117584 0.0028159 -0.000378446 -0.00465254 -0.000556333 -0.00188121 -0.00423667 -0.00948136 -0.00058208 -0.010494 
0.00779476 -0.00146872 -0.00615855 0.0177242 -0.00611492 0.00660941 -0.00442986 -0.00785347 -0.00780471 0.00416226 2.99723e-05 0.00392646 -0.000623958 0.000910294 0.0969555 0.021115 0.0035433 0.0136012 -0.0116625 0.0132841 0.000618287 0.0331451 0.00577124 -0.0021226 0.00493177 0.0043565 0.00771962 0.00637316 0.00788248 -5.14319e-05 -0.000310951 -0.00102035 -0.00128233 -0.0122071 0.0050686 0.00414873 -0.00689134 0.00275984 0.00848757 -0.00114422 -0.0223246 -0.0045512 -0.00472368 0.0276144 0.00191121 -0.000507825 0.00179471 -0.00378096 0.00158056 -0.0177339 -0.00733903 -0.00944101 -0.0248864 -0.0143076 -0.0154955 -0.0143183 -0.00056722 -0.0019862 0.000365414 -0.00292927 -0.00777411 0.00233862 -0.000947233 0.0015424 0.00648586 -0.0124331 -0.000139919 0.00170584 -0.0184906 0.00648254 0.00166181 0.000337016 0.00900217 0.000227337 -0.000813591 -0.00951781 0.00398541 0.000381456 -0.00430338 -0.0068227 -0.00679048 -0.00907517 -0.00988301 0.0172405 -0.00224892 -0.00147445 -0.00558532 -0.000731318 -0.000196174 -0.0127448 0.00324486 -0.0189681 -0.00062257 -0.00149769 -0.000215705 -0.00487829 -0.00149778 -0.00637218 -0.000166162 -0.00859092 
0.00391911 0.0121121 0.0218494 0.0226959 -0.00529085 -0.00931601 -0.00671096 -0.00644802 -0.00856313 -0.0190482 1.84936e-05 -0.00500976 -0.00068062 -0.00531349 0.021115 0.106655 0.0170984 -0.0101649 -0.0107171 -0.00492298 -2.83673e-05 0.0132421 -0.00547004 -0.00209237 -0.00195113 0.00130037 0.0154399 0.0255605 0.00560796 0.000735893 -0.00125141 -0.000981669 -0.00330462 0.0073519 0.00553241 0.000914461 -0.00531345 0.0112475 0.00480976 -0.00545641 -0.0150176 -0.0049263 -0.0167785 0.0210273 -0.0129714 -0.0100363 -0.00425341 0.00139446 0.00735808 -0.0337877 0.00550265 -0.0142732 -0.0191476 -0.0238252 -0.00497307 -0.0244836 -0.000612948 -0.0018694 -0.000717868 -0.00122142 0.00837838 0.00035813 0.000775378 0.00360868 -0.0185847 0.00896111 -0.000711086 -0.00452006 -0.00853798 -0.0104606 0.00252755 -0.00133851 0.0189461 0.000261338 0.000512309 -0.00318537 0.00488634 0.0025959 0.0121427 -0.00283802 -0.0142648 -0.0314369 -0.0131597 0.0197696 0.000282551 -0.00124004 -0.00816425 0.0016454 -0.000672877 -0.00928503 0.00217418 -0.0138658 0.0150632 -0.000996736 0.00213657 0.00768818 0.00809974 -0.0107308 0.0019241 0.00569817 
-0.0111941 -0.00882084 0.00799554 -0.00346995 -0.00700995 0.00316412 -0.0085998 -0.0206426 -0.00891331 -0.0302639 0.00064121 0.00226332 0.000654947 -0.00864222 0.0035433 0.0170984 0.136873 -0.0123016 0.0185455 0.0325266 -0.00495926 -0.00328389 -0.0249674 -0.00299628 -0.00242161 -0.00742377 -0.00852428 -0.00977931 -0.00717789 -0.00481291 -0.00198939 -0.00108083 -0.00256692 -0.028978 -0.0113353 -0.00389079 -0.0188758 -0.00483686 -0.0326402 -0.00303878 0.00580128 0.00241919 -0.0126823 -0.00414265 -0.0239167 -0.0215886 -0.00864108 0.000350677 -0.00865188 0.0111025 0.0371567 0.0473721 0.0354183 0.0275844 -0.0153029 0.00749768 -0.00102877 -0.00237807 0.00120656 -0.00228697 -0.000307207 -0.0038669 -0.00195887 -0.00453607 -0.0169442 0.0481037 -0.0005988 -0.00725908 0.0113567 -0.0148281 -0.000789555 -0.00238995 -0.00634034 -0.00409796 -0.00307041 0.0167853 -0.00434329 -0.00270753 0.0240459 -0.0150369 0.0211044 -0.0169666 -0.0099463 0.00554472 -0.00799345 -0.00974277 -0.0355979 0.00406296 0.00200019 0.0243781 -0.000533981 -0.00603582 -0.00296761 0.0150215 -0.00118846 0.00959283 0.0156199 -0.0062297 0.00373989 -0.00823544 
-0.00727998 -0.0276837 0.00311513 -0.0206317 -0.00387014 -0.0270518 -0.0149107 0.0209625 0.0275135 0.069719 -0.00192867 -0.0174882 -0.00264296 0.0254224 0.0136012 -0.0101649 -0.0123016 0.247733 -0.0425246 0.0261522 -0.0246516 0.00149289 0.0172212 -0.00698014 0.0142056 0.00648735 -0.00739036 -0.0270588 0.00641312 0.000147954 -0.00581922 -0.00456829 0.0137374 -0.034095 0.013102 -0.00687344 -0.0217655 -0.0158055 -0.0382628 -0.0362196 -0.00533435 0.00217759 0.060276 0.0102738 0.0464384 -0.0214983 0.0124836 -0.00340245 -0.0307779 0.0561083 -0.0232552 0.00580509 -0.0144278 0.00751619 -0.0163171 -0.0379234 -0.00335183 0.000739424 -0.00498082 -0.00777274 -0.0238359 0.00528219 -0.00406918 -0.0105137 0.0339864 -0.0166092 -0.000783543 -0.0109637 0.00217348 -0.0567009 0.000437559 -0.00710263 -0.013104 -0.000947989 -0.020437 0.0238517 0.00390592 0.00107668 -0.0311509 0.0163801 0.00249158 0.110339 -0.0758533 0.014192 -0.0121082 0.0115137 0.0360676 -0.0035871 -0.00497061 0.0563512 -0.000332 0.00250288 -0.0113172 -0.0297413 -0.00355887 -0.030916 -0.0187003 -0.0416419 -0.000869525 -0.0125708 
-0.00730906 -0.00421673 -0.0169236 -0.0050198 -0.00889945 0.00803099 0.00372349 -0.0199587 0.00252361 -0.0329073 0.00318846 0.0197458 0.00243494 -0.0038557 -0.0116625 -0.0107171 0.0185455 -0.0425246 0.127075 0.0117153 0.00355987 0.00339893 -0.0173239 0.00121549 -0.00443574 -0.00335626 -0.00999102 0.00140095 -0.00782144 -0.00300279 -0.00222792 -0.000687002 -0.00192203 -0.0198923 -0.0120656 -0.00264168 -0.00184293 -0.010254 -0.0197567 0.0249043 0.023895 0.00256214 -0.0237772 -0.0100308 -0.02512 0.00261497 -0.00763691 0.00834457 -0.00747021 0.00971123 0.00162781 0.0439086 0.0304622 0.0346377 0.00754954 0.0413159 -0.000914703 -0.000380019 0.00279198 -0.000345747 -0.00370806 -0.00278853 -0.00121262 -0.00245571 -0.020125 0.0147275 0.000288702 -0.00337203 -0.00271752 0.00630525 -0.000748424 -0.00153216 -0.00398607 -0.00560399 0.00853656 -0.0131997 -0.00319555 -0.00134902 -0.00572178 -0.00775347 0.00514158 -0.037927 0.0321433 -0.00986457 -0.00658221 -0.00952255 -0.0471185 0.00176242 0.000304987 -0.012873 -0.00133738 0.0122403 -0.00436267 0.0203468 0.00151758 0.009543 0.00444726 0.00734012 -2.00195e-05 0.000439544 
-0.0114778 -0.0119891 -0.000303676 -0.00618246 -0.0179207 0.0225388 -0.0108354 -0.0531631 -0.0178103 -0.0145997 -0.00201236 0.0267191 0.000170482 0.0136585 0.0132841 -0.00492298 0.0325266 0.0261522 0.0117153 0.242568 -0.00695997 0.0745518 0.00882017 -0.0054173 0.00782272 -0.0102387 -0.0234034 -0.00962947 -0.00724928 -0.00588079 -0.00517012 -0.00463315 -3.34344e-05 -0.0385437 -0.00712869 -0.00843414 -0.0237193 -0.0042031 -0.0420847 0.0229161 -0.000509954 -0.00751938 -0.0271835 0.00208345 -0.00366689 -0.0202978 -0.0160618 0.000310584 -0.0104411 0.0477193 0.0262004 0.065993 0.041417 0.0313621 -0.0258457 0.00325193 -0.00303366 -0.00261916 -0.000453615 -0.00411628 -0.0227928 -0.00661693 -0.0021297 -0.00848343 -0.0242188 0.0404617 -0.00305316 -0.0127436 -0.0175485 -0.0113771 -0.00169864 -0.00324262 -0.00768295 0.0104934 -0.0206431 -0.0233611 -0.00953406 -0.00187974 -0.0134861 -0.0199279 0.035064 0.0250154 0.0100072 -0.00152255 -0.0188968 -0.0178018 -0.0600519 -0.000107246 -0.00100167 0.0449246 0.00131043 0.00370382 -0.0153044 -0.00193628 -0.00710812 -0.0248749 -0.00510021 -0.0330826 -0.0018112 -0.0180464 
0.00488817 0.0133873 0.00406966 0.00893105 0.00220888 -0.00653711 -0.00169439 -0.00809626 -0.0052694 -0.0160074 0.000238689 -0.0107259 0.000243336 -0.00241821 0.000618287 -2.83673e-05 -0.00495926 -0.0246516 0.00355987 -0.00695997 0.0646422 -0.00243123 0.00659602 -0.000604945 0.000510085 -0.00197485 0.00607276 0.00335269 -0.00130052 -0.000975552 0.000758516 0.000524165 -0.00190808 0.0163268 0.002089 0.00783934 0.0126806 0.0154734 0.0207339 0.00174773 -0.00367104 -0.00264115 -0.00909288 -0.00215909 -0.00542846 0.000148393 -0.000851235 -0.00172124 0.0224188 -0.0274494 -0.00568168 -0.0229508 -0.0186755 -0.0183613 0.00290842 -0.00627306 0.0015571 -1.16056e-05 -0.000249927 0.00179261 0.00643825 -0.00153303 0.00261425 0.0001194 -0.00319377 -0.00011086 -0.00021459 0.00159066 0.00842983 0.0156453 -0.000570972 0.00342739 0.00513605 -0.000742667 -0.00249659 -0.0147706 0.000117485 0.00197328 -0.00228789 -0.00300226 -0.0153829 -0.0168465 0.00978941 -0.000354491 0.0078107 -0.00121307 -0.00535025 0.000306744 0.00160454 -0.015363 0.00112912 -0.00879859 0.00502009 -0.00112846 0.00358274 0.00579592 0.00247718 0.00726605 0.000766384 -0.00223665 
0.00724236 -0.00333066 -0.0189647 0.0325563 -0.0117464 0.0101338 0.00181214 -0.0348722 -0.0204395 -0.0192169 -0.00027014 0.0251614 -0.0014461 0.00263266 0.0331451 0.0132421 -0.00328389 0.00149289 0.00339893 0.0745518 -0.00243123 0.241918 -0.00138548 -0.00663592 -0.0021943 0.00240139 -0.000286131 0.00789625 0.0144587 -0.00290153 -0.00478392 -0.00296603 -0.00627651 -0.02628 -0.00343425 -0.00129073 -0.0206701 0.020964 -0.0045145 0.0254488 -0.00916488 -0.0161479 -0.0253092 0.0383637 -0.0048041 0.0229885 -0.0115423 -0.000984294 -0.0100252 0.00580716 -0.00667202 0.00090906 0.00615969 -0.000114477 -0.0365431 0.0293968 -0.000341004 -0.00678232 0.00382206 -0.00776355 -0.001569 -0.00324426 0.000794504 0.00344538 -0.0384186 -0.0306141 -0.00194776 0.00121658 -0.0553569 0.00636129 0.000621317 0.00527495 0.0118515 -0.00467364 -0.000982817 -0.0534902 -0.00341736 -6.3758e-05 -0.0162249 -0.0295853 0.0205212 -0.00216847 0.025584 0.0156092 -0.0113523 -0.0178311 -0.0418847 -0.00213302 -0.000262643 0.0254549 0.00379389 -0.00498667 -0.00200569 -0.0133919 0.00085347 -0.0245505 -0.0176224 -0.013359 -0.00162816 -0.018705 
0.0166701 0.0130375 0.0104981 0.00654685 0.000904837 -0.00362457 0.00186743 0.0107514 -0.00740561 0.0309239 -0.000261711 -0.0225163 -0.00148949 -0.00583273 0.00577124 -0.00547004 -0.0249674 0.0172212 -0.0173239 0.00882017 0.00659602 -0.00138548 0.160069 -0.0019516 0.00296791 0.0144992 -0.00757994 0.00824741 0.0190345 0.00632756 -0.000346216 -0.00154094 -0.00193078 0.0190029 0.0145826 -0.00362115 0.00128654 0.00619165 0.043398 -0.00769228 -0.0327772 0.00244818 0.0099931 -0.00067429 0.026098 0.00915797 -0.0030876 -0.00174648 0.0205701 -0.0176291 -0.0188054 -0.0349442 -0.041693 -0.0468786 0.000687092 -0.0328787 -0.000726875 0.00178654 -0.00456639 0.000735291 -0.0121118 -0.00754707 -0.00204918 -0.00313532 0.0182084 -0.0424623 -0.00100093 0.00177192 -0.0230051 0.00605614 -0.00162726 0.000116929 0.00115408 -0.00455445 -0.00566965 -0.0109893 -0.00110589 -0.0029822 -0.0155586 0.0086847 -0.0210173 0.0171372 0.0059555 -0.012518 -0.00176262 0.000499489 0.0182414 -0.00128035 -0.00187087 -0.0226429 0.000584831 0.0225943 -0.00560212 -0.011012 0.00195705 -0.0112917 -0.00741355 -0.0140118 -0.00219115 -0.00189324 
-0.00199887 -0.00150972 -5.45728e-05 0.000739695 0.00381934 0.00175052 -0.00143564 0.00875122 -0.000683442 0.00240485 0.00129992 -0.00159844 0.000140795 -0.00168122 -0.0021226 -0.00209237 -0.00299628 -0.00698014 0.00121549 -0.0054173 -0.000604945 -0.00663592 -0.0019516 0.0266208 -0.000729894 -0.00120357 -0.000146349 -0.00049179 -0.000734961 0.000383948 8.65391e-05 0.000383652 -0.000611316 0.00216678 -0.00137697 -0.000248018 -0.000527225 -0.00160811 0.000407167 0.000435433 -0.00196172 0.00584569 0.00463714 -0.00204459 -0.000698841 -0.00247101 -0.000132892 0.00179291 -0.0027425 0.000391724 -0.00297307 -0.000729886 -0.0024663 -0.0027236 0.00554318 0.00527561 0.000250032 0.0029232 0.000777099 0.0032741 -0.00141517 0.000648339 -0.00030145 0.00519576 -0.00279323 -0.00552495 -0.000210175 0.00384534 -0.00175865 0.00176088 -0.00012149 0.000257044 -0.000727266 0.00154631 0.00198746 -0.000477492 0.000762872 -2.98697e-06 0.000389178 0.000551023 -0.000888904 -0.004253 -0.00582682 -0.00182146 0.0026542 0.000298671 -0.00293946 -0.000132352 0.00027237 -0.0057129 -0.000259561 0.00157294 0.00089245 0.000438694 0.000217177 -0.00140814 0.000102476 -0.00183312 -0.000517064 -0.00139873 
-0.00537998 -0.00575243 0.00113535 -0.00169184 0.00314483 -0.000838073 -0.00421517 -0.000713762 -0.00182035 0.0119417 -0.000151557 0.000224209 -0.000422549 0.00909781 0.00493177 -0.00195113 -0.00242161 0.0142056 -0.00443574 0.00782272 0.000510085 -0.0021943 0.00296791 -0.000729894 0.0668516 0.00338307 -0.00321218 -0.00708523 0.000718447 0.00558712 -0.000428213 -4.2597e-06 0.00185457 0.00190336 0.000101084 0.000914784 0.00234638 -0.00394506 -0.0119001 -0.00211293 -0.00957101 0.00516424 0.00688433 0.00723195 0.0178246 -0.00956864 0.000854903 0.00101518 -0.00199364 0.000151314 -0.00394432 -0.0136036 -0.0165406 -0.0113632 -0.00214734 -0.0104485 -0.000291544 0.00151372 -0.00124545 -0.000272659 -0.00153951 0.00151486 -0.000308434 -0.00209988 0.00456854 -0.00835644 -0.000548518 -0.00201044 -0.00114553 -0.0039159 -0.00047803 -0.00133839 -0.000998125 0.00560625 -0.00475552 -0.00427817 0.000159903 0.00349146 -0.00679566 0.00208425 -0.0178205 0.0112768 -0.0131027 0.00400325 0.000105966 0.00807206 -0.000934729 0.000114623 -0.000365959 0.010655 0.00175342 4.85049e-05 -0.00117694 -0.00413528 0.000727174 -0.00656331 -0.00170873 -0.00675359 0.000806996 -0.00174445 
0.00642101 0.00216674 -0.00515553 0.00140738 -0.000933354 -0.00387244 -0.00194455 -0.00231799 0.00109086 0.00943033 -4.75112e-05 -0.0075647 -0.000494559 -0.00102706 0.0043565 0.00130037 -0.00742377 0.00648735 -0.00335626 -0.0102387 -0.00197485 0.00240139 0.0144992 -0.00120357 0.00338307 0.0578635 -0.00104719 0.00274007 0.0159503 0.0048704 0.00071176 -0.000233671 0.00133886 -0.00155663 -0.00067209 -0.000185022 -0.00103757 0.000500683 0.00984694 -0.00307286 -0.00908666 0.00914031 0.00226818 0.0109643 0.00845163 -0.00392115 -0.00299419 -0.00119505 -0.00200072 -0.00918864 -0.00374886 -0.0220713 -0.0190529 -0.0174521 0.00512716 -0.0123483 -0.000129777 -0.000274782 -0.000749125 -0.00112613 -0.0022518 -0.00173313 -0.000374094 0.000639008 0.00332271 -0.0123833 0.000176915 -0.000395618 -0.00203533 0.00158201 0.000534562 0.00101515 0.00436107 -0.00218262 -0.00182508 -0.00598262 0.00388669 0.0006604 -0.0035655 0.00767683 -0.00858178 -0.0030533 -0.00706331 0.00109767 0.000246049 -0.000147335 -0.00412767 0.000144446 -0.000650029 -0.00373592 0.00163284 0.0138025 0.00125049 -0.00242822 0.0023402 -0.00150553 -0.00097535 -0.000475909 0.00150384 -0.00241856 
0.0066871 -0.00331972 -0.0064047 0.0199433 -0.00200905 -0.00962751 0.0084664 0.00767637 -0.000698276 -0.00854811 -5.54498e-05 -0.00641193 -0.000754574 -0.00302975 0.00771962 0.0154399 -0.00852428 -0.00739036 -0.00999102 -0.0234034 0.00607276 -0.000286131 -0.00757994 -0.000146349 -0.00321218 -0.00104719 0.0858364 0.0132469 0.00306298 0.00225551 0.00263769 0.00234498 -0.00305365 0.0112309 0.0161876 0.00848155 0.00135391 0.00102949 0.0163368 -0.00350688 -0.00907917 -0.00362438 -0.010073 0.0110436 -0.00736327 0.00247373 0.00748415 -0.00231605 0.000558215 -0.0318914 -0.0106465 -0.0295155 -0.0186317 -0.0185137 0.00428387 -0.0151614 0.00143545 0.000151469 0.000713527 0.000783336 0.00936709 0.00224328 0.00157988 0.00763749 0.0106941 -0.014317 0.000146943 0.000141213 -0.00268793 -0.00488426 0.000987273 0.00161991 0.0144203 -0.00202365 0.00386313 -0.00641999 -0.000759399 0.00806149 0.0147459 -0.00342688 -0.0201883 -0.0173968 -0.00600987 0.0102501 0.0162173 -0.00223992 0.00502843 0.000272808 -0.000483472 -0.0201789 -0.000114321 -0.014888 0.00604137 -0.00433564 0.000427358 0.0113178 -0.00074661 0.0078101 -0.00109684 -0.00979644 
0.00201201 0.0133149 0.00519296 0.0154313 -0.00683252 -0.00351214 -0.000803886 -0.00414975 -0.00579284 -0.0207309 -0.000433252 -0.00153701 -0.000141987 -0.00175474 0.00637316 0.0255605 -0.00977931 -0.0270588 0.00140095 -0.00962947 0.00335269 0.00789625 0.00824741 -0.00049179 -0.00708523 0.00274007 0.0132469 0.121031 0.00504698 0.00311012 -0.00189177 -0.00114095 -0.00415978 0.00975957 0.00873088 -0.00299521 0.00061638 0.0127505 0.0180979 -0.00317332 -0.0104782 -0.00368781 -0.0230253 0.017752 -0.0135679 -0.00458119 -0.00574262 0.000479972 0.0208045 -0.0244308 -0.0116635 -0.00392027 -0.0239165 -0.0247783 -0.00626243 -0.0116837 -0.000585593 -0.00243318 -0.00115405 0.000915758 0.0029389 -0.00436322 -0.00232652 0.00475972 0.0017928 0.00594957 6.45039e-05 -0.00328199 -0.0150098 0.00283008 0.000469532 -0.000356222 0.0111232 -0.00497534 0.00791348 -0.00924258 0.00468501 -0.00110633 0.00848092 -0.00119581 -0.00667867 -0.0416235 -0.0017289 0.00587108 0.000598495 -0.000869742 -0.00925366 0.00126051 -0.000393154 -0.0179775 0.0010678 -0.00270093 0.00765488 0.00722913 0.00077871 0.0120618 0.000301548 -0.00288292 0.00139711 -0.00212031 
0.0127868 0.000366561 -0.00335693 0.00783893 0.00117421 -0.00223709 -0.000272996 -0.00801185 -0.00352411 0.00717971 -0.000332728 -0.0090744 -0.000621011 -0.00551623 0.00788248 0.00560796 -0.00717789 0.00641312 -0.00782144 -0.00724928 -0.00130052 0.0144587 0.0190345 -0.000734961 0.000718447 0.0159503 0.00306298 0.00504698 0.0665436 0.00263343 -0.000855423 -0.000700314 -0.000167334 -0.00306911 0.00195504 0.00029997 -0.00401151 0.0121931 0.0126142 -0.00377155 -0.00946176 0.00289621 -0.00202614 0.0149786 0.00946377 0.00140454 -0.00425287 -0.00165621 -0.000780267 -0.0175011 -0.00733049 -0.026727 -0.0194014 -0.0221535 -0.0036286 -0.0124334 -0.000173642 -0.0011944 -0.00105465 -0.0015793 -0.00154982 0.000229628 -3.50085e-05 0.00056261 0.0019144 -0.0150264 0.000108493 0.00597971 -0.0130081 0.00358076 0.000311437 0.00254012 0.0113486 -0.0026134 -0.00182762 -0.0150541 0.00219918 0.000832479 -0.000438748 -0.00199402 -0.00839672 -0.00496051 -0.00498954 0.00775135 -0.00214866 -0.000866528 0.00139687 0.000178625 0.000135187 -0.0042916 0.00212478 0.00524475 0.00782031 -0.00281879 0.00299348 -0.00328919 -0.0015363 -0.00514735 0.000184516 0.00121235 
-0.000812766 0.00159182 -0.00173034 -6.78521e-05 -0.000555823 -0.00180269 -0.000180367 0.00222102 -0.00141729 0.000115395 -0.000123606 -0.00480324 -3.81766e-06 0.00269437 -5.14319e-05 0.000735893 -0.00481291 0.000147954 -0.00300279 -0.00588079 -0.000975552 -0.00290153 0.00632756 0.000383948 0.00558712 0.0048704 0.00225551 0.00311012 0.00263343 0.0327175 0.000657172 0.000545564 -0.000561667 0.005018 0.00454411 -0.000465504 0.000290647 0.00097872 0.00527354 -0.00156517 -0.00483665 0.00262836 0.00140893 0.00437492 0.00251243 -0.00401322 -0.000953561 -0.000349427 -0.00138938 -0.00874613 -0.00399281 -0.00723405 -0.00939743 -0.00664039 0.00782141 -0.00735388 0.00029214 0.00250219 9.67785e-05 0.00120643 0.000790065 0.00126662 -0.000597815 0.00195349 -0.00104963 -0.00878088 -0.000309086 -0.000774907 -0.000574903 -0.00114737 2.53192e-05 0.000674561 0.000139326 -0.0010652 -0.000341708 -0.00411104 0.00107886 0.000556307 0.00224105 0.00637011 -0.00706785 -0.000991712 -0.00448679 -0.00056769 0.00384484 0.0041592 -0.00431495 -0.000267702 -0.000248458 -0.00578091 -0.000129619 0.0012592 0.0012598 -0.00187566 0.0009935 4.94344e-05 -0.00144196 0.00122881 0.000711005 -0.00159699 
0.000574615 -0.0003505 0.00025525 0.00225449 0.00273052 0.000268185 0.00208263 -0.0017117 0.000302682 -0.00285545 -0.000191248 -0.00284031 -0.000130904 0.00265851 -0.000310951 -0.00125141 -0.00198939 -0.00581922 -0.00222792 -0.00517012 0.000758516 -0.00478392 -0.000346216 8.65391e-05 -0.000428213 0.00071176 0.00263769 -0.00189177 -0.000855423 0.000657172 0.0222826 0.00141596 0.00039295 0.00517201 0.00348735 0.000711525 0.00339986 -0.0014108 0.0073834 -0.00191624 -0.0014749 0.00115422 -0.00135393 0.000108236 0.000616709 -0.00151927 -0.000116956 -0.00085891 0.000279036 -0.00636135 0.000451403 -0.00629206 -0.00454328 -0.00520694 0.00362756 -0.00255132 0.000679636 0.000767041 0.000139053 0.00175036 0.000728962 0.000223292 0.000210469 0.00020892 0.00461435 -0.00266689 0.000957519 0.00207247 9.17547e-05 0.00257145 0.00113524 0.000712192 0.000629851 0.000373325 0.00107896 -0.00338507 0.000310997 -0.000414471 -0.00109758 -0.000965801 -0.00440067 -0.00608036 -0.00213666 -0.0011591 0.00363793 0.00229882 0.00121578 0.000307051 0.000156071 -0.00405486 0.000114365 -0.00214416 -0.000433805 0.00092255 -0.000243708 0.0029061 0.00191568 -0.00212574 0.000120633 -0.00124271 
0.00239186 0.000102617 -0.00169032 -0.0001696 0.00264532 -0.00224833 0.00174181 -3.96811e-05 -0.000558541 -0.00224766 2.53002e-05 -0.00137033 -4.00086e-05 0.00202648 -0.00102035 -0.000981669 -0.00108083 -0.00456829 -0.000687002 -0.00463315 0.000524165 -0.00296603 -0.00154094 0.000383652 -4.2597e-06 -0.000233671 0.00234498 -0.00114095 -0.000700314 0.000545564 0.00141596 0.0155402 -0.000339731 0.0054352 0.00140852 0.00124207 0.00372482 -0.000229181 0.0021709 -0.00111452 -0.00118684 -0.000106215 -0.000934417 -0.00183237 -0.00140517 -0.00148982 0.000466502 -0.000694962 0.000422811 -0.00286107 -0.00171358 -0.00589677 -0.00310777 -0.00328611 0.00342273 -0.00240091 0.000748381 0.00047061 0.00025634 0.00252861 -0.000168377 0.000534616 0.000492468 -0.000254454 0.000678245 -0.00277567 -1.76326e-05 -0.000868092 0.00146114 0.00250137 0.000194425 0.000597708 0.000234175 -7.44981e-05 -0.000640336 -0.000866976 -0.000345894 0.000518131 4.97951e-05 -1.57308e-05 -0.00384856 -0.0030129 0.00095206 -0.000986548 0.00333098 0.00275385 0.00178247 0.000343002 0.000123034 -0.00382863 -0.000107724 -0.000813427 -0.000420408 0.000246336 0.000372968 0.00124637 0.000485285 0.00360081 0.000118275 0.000964234 
-0.00282826 -0.00340427 0.00315023 -7.45135e-05 -0.00107657 -0.00569486 -0.00120802 -0.00407677 0.014303 0.0053779 -0.000214193 -0.00384015 0.000108099 0.0131776 -0.00128233 -0.00330462 -0.00256692 0.0137374 -0.00192203 -3.34344e-05 -0.00190808 -0.00627651 -0.00193078 -0.000611316 0.00185457 0.00133886 -0.00305365 -0.00415978 -0.000167334 -0.000561667 0.00039295 -0.000339731 0.0475613 -0.00206252 -0.00374162 -0.00153193 -0.00067188 -0.00414164 -0.00587062 -0.00443117 0.00116982 0.00337615 0.00247379 -0.00121216 -0.00096475 0.000183516 -0.00135104 -0.000944783 -0.0019961 0.00677889 -0.0042487 0.000439748 -0.00408215 0.00315863 0.00527205 -2.7566e-06 -0.000291295 0.000852757 -0.000521372 -0.000600041 4.59387e-06 -0.00182447 -0.000746733 -0.00147707 0.000294542 0.00125599 0.000877113 -0.00236195 -0.00067922 -0.00550666 -0.000401067 -5.81964e-05 -0.00292501 -0.000662301 -0.00192351 -0.00138695 -3.19301e-06 0.00111266 -0.0032288 0.000111041 -0.00367148 0.0058791 -0.00869824 -0.00050809 -0.00127637 0.0044539 -0.00593619 -0.000520646 -0.000122186 0.00841725 -0.000247105 0.00187072 -0.000645616 -0.00106682 -0.000680194 -0.00320496 -0.00137816 -0.00557603 0.000189472 -0.00325416 
0.0128569 0.0244603 0.0252602 -0.0022181 0.0125337 -0.0178967 -0.00257556 -0.0221801 -0.00173536 -0.0219244 0.000335446 -0.0413647 -0.000151965 0.00815664 -0.0122071 0.0073519 -0.028978 -0.034095 -0.0198923 -0.0385437 0.0163268 -0.02628 0.0190029 0.00216678 0.00190336 -0.00155663 0.0112309 0.00975957 -0.00306911 0.005018 0.00517201 0.0054352 -0.00206252 0.206068 0.0274641 0.00846282 0.069238 0.0238641 0.0665273 -0.0137285 -0.021365 -0.00569459 -0.0176722 -0.00297114 -0.0125713 -0.0199796 -0.00556266 -0.0103587 0.0370399 -0.042207 -0.0233876 -0.0752648 -0.0698443 -0.0711623 0.0308445 -0.0465421 0.00260308 0.0068137 -0.00361092 0.007291 0.00719731 0.0063122 0.00352415 -0.000627331 0.0292553 -0.0308107 0.00202708 -0.00735461 0.0385797 0.0328848 0.00340367 -0.00165722 0.00205734 0.00620979 -0.0125728 -0.0422745 -0.0057937 -0.000126922 0.0039169 0.0012951 -0.0489018 -0.0373793 0.0184307 -0.00790044 0.0295361 0.0295914 0.0638392 0.000609623 -0.00145308 -0.0520128 -0.00255591 -0.0246204 0.013323 -0.011201 -0.00126946 0.0188348 0.00420053 0.00779805 0.000368149 0.0307848 
