0.151268 -0.00104282 -0.0153685 -0.00545203 -0.00438197 0.000938087 -0.000922898 -0.010772 -0.00402049 0.00268749 -0.02463 -0.00738482 -0.0113958 0.00201047 -0.0200371 -0.00376477 -0.00907369 -0.00995915 -0.00144399 -0.0045991 -0.00350302 -0.00271872 -0.0219826 0.0022344 -0.0169177 0.0250184 0.00377998 -0.00639265 0.0315952 -0.00929204 -0.000786229 -0.00195898 0.00035375 -0.039467 -0.00398868 -0.00168515 -0.00615468 -0.00392127 -0.00292971 -0.00277471 -0.00299516 0.00638309 -0.00756919 -0.0131613 -0.000913508 0.00180159 -0.0100803 0.0194701 -0.0236313 -0.0240795 0.0120268 -0.00661519 -0.0156397 -0.00592429 -0.0065354 0.00517524 0.0343444 -0.0134986 -0.00165828 0.00356201 -0.00103308 0.0182616 -0.00192806 0.0203328 0.0220358 -0.000689888 0.0694484 -0.0329749 0.0407896 0.0353487 -0.00193831 0.00564838 -0.00667411 -0.0169095 -0.00176273 -0.00238458 -0.00351292 -0.0069288 -0.00084044 0.00429907 -0.00783873 -0.0122923 -0.0012714 -0.000587849 -0.00176212 -0.00198312 0.00848677 -0.0227001 0.0337548 -0.00887488 -0.0161178 0.00789016 -0.0151528 -0.00292934 -0.00199117 -0.005741 -0.0105797 -0.00363833 0.0229734 -0.00985678 
-0.00104282 0.0459381 -0.00263065 0.0020146 0.00262072 -0.00153153 -0.00105287 -0.00813093 0.00102315 -0.00240427 -0.0119024 0.000907437 -0.00125766 0.00223801 -0.0044899 -0.00132604 -0.00141848 0.00422039 0.00362726 -0.000151915 -0.000682962 -4.41148e-05 0.00323921 9.1314e-05 -0.00305015 -0.00710009 -0.00174414 0.00429977 0.000602025 -0.000571534 0.00186648 -0.000103256 -0.000129891 0.00316517 -0.000235787 0.000632243 0.000755 -0.000181293 -0.000400475 -0.00170474 0.000620996 -0.0029138 0.0147259 0.00060961 6.96961e-06 0.00206919 0.00324298 0.00682488 -0.0029611 0.00996938 -0.0155978 0.00261175 0.00052196 0.000827127 -0.00278777 -0.0171738 0.0021054 0.00259236 -5.84827e-05 -0.000668473 0.00112318 -0.002627 0.000313821 -0.00350111 0.000554333 -0.00169596 -0.0055454 -0.00619072 -0.00350222 -0.000501028 -0.00140853 0.00490623 -0.00064948 -0.000415071 -0.00029806 -0.00105952 -0.000685525 -0.000513649 -0.000659078 0.00035659 0.000318165 0.00228072 0.00754472 1.70392e-05 -0.00259747 -0.000479606 -0.00391134 0.00038132 0.00189156 -0.000323143 -0.000524851 0.00723496 -0.00176357 0.000513663 0.000258282 -0.0021572 -0.00187246 -0.000712101 -0.00601651 -0.00660418 
-0.0153685 -0.00263065 0.106384 0.00907671 -0.0176931 -0.00302147 0.00306211 0.0113165 0.00217042 -0.0125581 0.00726109 0.00643689 0.0297414 -0.00209973 0.0423672 0.00388705 0.00214479 0.0116546 0.00227391 0.000364693 0.00158658 0.00414092 -0.00705645 -0.00115943 -0.00522318 -0.00886012 0.00914868 -0.000274181 -0.0189645 -0.0114701 -0.00286649 0.0014399 0.00530149 0.0133937 0.000693699 0.00163935 0.0071162 -0.000444214 0.00154728 0.00161985 0.000410438 -0.00550726 -0.00785699 0.00288133 0.00366775 0.00156708 -0.00304089 -0.0112206 0.0187449 -0.00278682 -0.0128508 -0.000134927 0.00619877 0.00298032 -0.00307062 -0.0196608 -0.0481042 -0.00443824 0.00171809 -0.0134438 -0.00262769 0.000462863 0.00218089 0.0131308 -0.0288387 -0.00538438 -0.0298082 0.019134 -0.0299722 -0.0182008 0.00213267 -0.0306133 -0.00357424 0.00164531 0.00249464 0.0103847 -0.0117576 0.00805225 0.00103805 0.0172462 0.00131917 -0.0046348 -0.0126374 0.000154455 0.0188973 0.00728666 -0.00941804 0.0125228 -0.0100686 0.00965157 -0.00378857 0.00119454 0.00112959 -0.00337588 -0.000224694 -0.0108144 0.0107932 0.00654256 -0.0109423 -0.00284429 
-0.00545203 0.0020146 0.00907671 0.037503 -0.00526898 -0.000795081 0.000384514 -0.00395685 0.00210225 -0.00585288 -0.000237373 0.00399182 0.0115191 -0.00044471 0.0105009 0.0016943 0.00451144 0.00436068 3.62869e-07 -0.000625562 0.000680385 0.000289914 -0.00110865 0.000397701 0.00133623 -0.00648038 -0.000905281 0.00205986 -0.00666823 -0.00192324 0.000339694 0.00426316 -0.000773191 0.00773005 0.00017239 0.00209578 0.00261973 -0.000471141 0.00253248 0.00125269 0.00144323 -0.00263316 0.0042087 0.00605512 0.00195384 -0.000379403 0.00501485 -0.00366973 0.000199428 0.00827821 -0.0153261 -0.00135137 0.00596555 0.000922993 -0.000920657 -0.0142293 -0.0176875 -0.00289606 -0.0003084 -0.00325133 0.000295904 -0.0089837 0.00091135 -0.00521601 -0.00881592 -0.00180459 -0.0135318 0.000649532 -0.0103645 -0.0082891 0.000808608 -0.00177395 -0.00080199 0.00931469 0.00111047 -0.000781137 -0.00033912 0.0026714 0.000460902 0.00201397 0.000223143 -0.0019985 -0.0054104 0.000633899 -0.000515893 -0.0015079 -0.00277108 0.011517 -0.00357389 0.00496639 0.00212684 0.00325818 0.00309762 -0.000709325 -0.000951106 -0.00473797 0.00515632 0.000843271 -0.00665248 -0.00438435 
-0.00438197 0.00262072 -0.0176931 -0.00526898 0.212262 -0.0121968 3.22538e-05 -0.0214806 -0.00374722 0.0317546 -0.0444526 -0.012291 -0.0135873 0.00319086 -0.0289694 0.00524025 -0.00681991 -0.00756808 9.16815e-05 -0.00417312 -0.000445534 0.00165461 -0.00252758 -0.000929876 -0.0237344 0.0413637 0.00581297 0.00292016 0.0118224 0.0220313 -0.00323851 -0.00309414 -0.00654342 -0.0195897 -0.0102854 -0.00258183 -0.00117998 -0.00564667 -0.00345221 -0.0125933 -0.00120259 0.0110071 0.0033209 0.00378616 -0.000595942 0.0193944 0.0025426 0.0185521 -0.0137575 0.0091849 -0.0179554 0.0226032 -0.0140203 -0.0041361 -0.013027 0.00147095 0.0320096 0.00587871 -0.00396917 -0.00493351 -0.00876605 -0.0756195 -0.0020159 -0.0258224 -0.000660877 -0.00398834 -0.0123089 -0.0520837 0.0351523 -0.00522783 -0.0135097 0.0355684 -0.0165703 -0.013803 -0.00258177 -0.00633336 0.00955489 -0.00884882 -0.000377764 -0.0236306 0.00587549 0.0154048 0.0588009 -0.000844368 -0.0202368 -0.016002 0.0155297 -0.00970796 0.00560106 -0.00851374 0.0112369 -0.0116963 -0.00812525 0.00515587 0.00289519 0.00788664 -0.00566979 -0.00446057 0.0292229 0.0010431 
0.000938087 -0.00153153 -0.00302147 -0.000795081 -0.0121968 0.082207 -0.00223624 0.0232258 -0.00221764 -0.0034865 -0.00768185 -0.000535747 -0.00358876 -0.00131541 0.00460814 -0.00188528 -0.00153849 -0.00390583 0.00301651 0.00588683 0.00038832 -0.00114692 0.00098065 -0.00155859 -0.00463884 0.00148978 -0.00683529 -0.00204931 0.00800718 0.00737862 0.0020357 -0.000164274 0.0177561 -0.0302838 0.00535135 -0.000736746 -0.00107192 -0.00235752 0.000683257 -0.000343055 0.000371407 0.00311306 0.00135998 -0.00743253 -0.00178239 -0.00396484 -0.00494118 0.00594292 -0.0106301 -0.0137992 0.0154333 -0.00421394 -0.00579366 -0.000843015 0.000163926 -0.00826099 0.00761061 -0.00746252 -0.00150919 -0.00375065 -0.0157132 -0.0149599 -0.000224308 -0.0123929 0.00536771 0.00703505 0.0091299 -0.00397364 0.0149984 -0.0102791 0.000222614 -0.0139727 0.00647658 -0.003433 0.000582203 0.000739931 0.00193245 0.0023841 0.00141563 -0.00773982 0.00229329 -0.00320663 -0.00143672 -0.000169964 -0.00407447 0.0197453 0.0137394 -0.0087553 -0.00359444 -0.00451266 -0.0047632 -0.00387066 -0.00501324 0.000810933 0.000740834 -0.00855086 -0.00355646 -0.00104687 0.0212 -1.58393e-05 
-0.000922898 -0.00105287 0.00306211 0.000384514 3.22538e-05 -0.00223624 0.0434974 -0.00495742 -0.000303326 -0.00185002 0.00218046 3.01286e-05 0.000339559 -0.000865284 -0.00304759 0.00121661 0.00101352 -0.000865616 -0.00127241 -0.00159542 0.00151212 -0.000292913 0.000251091 -0.000119883 0.000855897 0.00270823 0.000427904 -0.000992337 -0.00313682 -0.00411283 -0.000573921 0.000186755 -0.00177653 -0.00307627 -0.000511227 -0.000176138 -0.000363653 0.00409797 -9.33512e-06 0.00174039 -0.000180712 -0.00256898 -0.00366517 -0.00094146 0.000149704 0.000458948 -0.000513427 -0.00216362 -0.0020798 -0.00178714 -0.00340994 -0.000306174 0.0025169 0.000269914 -0.00448252 -0.000843185 0.00137321 0.00163529 0.000828757 -0.00154186 -0.00025157 0.00125848 0.000156462 0.00126772 0.00297395 -0.00143022 0.00166307 -0.00360079 -0.0049304 -0.00189106 -0.00146263 -0.00334207 0.000355522 0.00113326 -0.000320723 0.00166538 -0.0039024 0.00062471 0.000586128 0.00253284 -0.00176437 0.00415515 0.0030828 -0.000115943 0.000451503 -0.00240686 0.00132999 -0.000646511 -0.00391395 1.30343e-05 0.00629009 -0.00229791 -0.00181423 -0.000507771 0.000639611 0.000610516 0.0008167 0.000975026 -0.00750663 -0.00265056 
-0.010772 -0.00813093 0.0113165 -0.00395685 -0.0214806 0.0232258 -0.00495742 0.211825 -0.00314766 0.00400937 0.0269298 0.00716461 0.0151777 -0.00793545 0.0309873 -0.00546777 0.0185385 -0.00561713 -0.0056087 0.00129591 0.00822882 -0.000518978 0.0139294 -0.00460116 -0.00385003 -0.00822111 -0.0154373 -0.0073213 -0.0232425 -0.0132432 -0.00100621 -0.004883 7.97832e-05 -0.0147039 -0.00525424 -0.00134293 0.00257493 0.000570428 -0.00322539 -0.00289778 -0.00429646 -0.00559693 -0.0197553 -0.0156818 -0.00477829 -0.0123679 -0.0047894 -0.0320672 0.0255431 -0.0335849 0.0232223 -0.00545758 0.0141701 0.000158067 0.00153964 0.00876191 -0.0420218 -0.0254157 -0.000991405 -0.018815 -0.0230612 0.0111954 -0.000618897 0.00554812 -0.0529328 0.00493145 -0.0104593 0.0412615 0.00774521 -0.0165352 -0.00179129 -0.0447573 0.00540203 -0.0162375 0.00216581 0.00722356 0.00318828 0.00438132 -0.000587683 -0.00387249 0.003896 -0.0103585 -0.0342862 -0.000831274 0.0173281 0.0325542 0.00179858 -0.0092638 -0.020554 2.43703e-05 -0.0030307 -0.0156737 -0.00615993 0.00371946 0.00934328 -0.00867676 0.00330507 -0.000805828 0.0474158 0.031261 
-0.00402049 0.00102315 0.00217042 0.00210225 -0.00374722 -0.00221764 -0.000303326 -0.00314766 0.0313408 -0.00458046 0.00177463 0.00368257 0.00314915 -5.04572e-05 0.00410314 -0.000329029 -0.000140419 0.00586135 -0.00140539 0.000708216 -0.000590776 0.00124552 -0.00119175 0.000959679 -0.002838 -0.00640177 -0.00219675 0.00483943 -0.00259934 -0.00562428 0.00267109 0.00113288 -0.00166733 0.0126866 -0.000629601 0.00020581 0.00201309 -0.000187025 7.64259e-06 0.000424451 0.002813 -0.000951932 0.00891312 0.00301524 -0.00053796 -0.000888771 -0.000441353 -0.00454825 0.0113689 0.0060293 -0.0134826 -0.00240291 0.00341159 -0.00106325 -0.00293308 -0.0104886 -0.0138647 -0.00173317 0.000246614 0.006809 0.00581622 0.000534655 0.000880123 0.00418212 -0.00575216 -0.00177413 -0.0103212 0.00227373 -0.00951801 -0.00467545 -0.00160254 0.00140964 -0.000403011 0.00496603 0.000259255 -1.80211e-05 -0.00231112 0.000798663 0.000292522 -0.00148424 -0.00189472 -0.00193386 -0.00470602 0.000799095 0.00392207 -0.00347083 -0.00757391 0.0047136 -0.0011902 0.00187548 0.00158058 0.00685068 0.00160908 -0.000624357 -0.000688727 -0.0052388 0.00213679 0.00237805 -0.00699458 -0.00260571 
0.00268749 -0.00240427 -0.0125581 -0.00585288 0.0317546 -0.0034865 -0.00185002 0.00400937 -0.00458046 0.189929 -0.00545673 -0.00114834 0.00630538 -0.000765787 -0.0181341 0.00247229 0.00384855 -0.00246923 -0.00455898 0.0120035 0.000346249 -0.000460743 0.00736878 -0.00561883 -0.0150003 0.00498173 0.00055192 -0.00123516 0.0101586 -0.0152205 -0.0037088 -0.00517618 -0.00878636 -0.0201515 -0.0107343 -0.00237949 -0.00405526 -0.0012195 -0.00257155 -0.00734814 -0.004616 -0.00579645 -0.000387788 -0.000645195 -0.00168711 0.00859958 -0.0060023 -0.0161616 -0.0178205 -0.0220845 -0.0178706 0.00872158 -0.0109201 -0.00156764 -0.0122586 -0.00579702 0.0183137 0.00110643 -0.00368694 0.0172626 0.0100433 -0.0164426 -0.000762571 0.00945824 -0.0233752 0.0078162 0.00742565 -0.00941552 0.0143482 0.0246276 0.000585531 -0.0130621 -0.00216671 -0.0163895 -0.000604823 -0.00327586 0.00595454 -0.00713232 -0.00258007 -0.00836016 3.19967e-05 0.00879478 0.00297986 0.000615004 -0.010453 -0.00886275 0.000437948 -0.00607098 0.00853218 -0.00207316 0.00494486 -0.0119057 -0.0158329 -0.00627855 0.00754399 -0.00376486 -0.00436847 -0.00346295 0.0259376 0.000375967 
-0.02463 -0.0119024 0.00726109 -0.000237373 -0.0444526 -0.00768185 0.00218046 0.0269298 0.00177463 -0.00545673 0.239068 0.00357148 -0.00326548 -0.0129178 0.0117989 -0.00894639 -0.00961063 -0.00776306 -0.00736247 -0.00332782 0.00220169 -0.00324675 0.0197915 0.00169767 0.0333943 -0.012081 -0.0123899 -0.00510347 -0.0675972 0.00716222 -0.00183015 -0.00161676 -0.0119281 0.0103362 -0.00483595 -0.00189516 -0.00882442 0.0023954 -0.00274654 0.00195167 -0.00371144 -0.0095561 -0.00988343 -0.00434724 0.0201049 -0.0108131 0.00722582 -0.0349585 0.0240716 0.00227933 0.0201521 -0.0185414 0.0452641 0.000331969 -0.000881939 0.00570208 -0.0696435 -0.00355577 0.00903574 -0.0101485 0.0151708 0.0405514 -0.000857289 0.00620549 -0.0316816 0.00121766 -0.0463541 0.083286 -0.014216 -0.0211721 0.00431329 -0.0430936 0.0119031 0.036499 0.000201312 0.00605685 -0.0217256 0.0114143 -0.00247499 0.0103733 0.00499783 -0.0137253 -0.0361934 0.00172035 0.0337099 -0.00286559 -0.0234887 0.0141222 -0.0198232 0.0131733 -0.00771459 -0.00962637 -0.016616 0.000512462 0.00153495 -0.0458023 0.0096531 0.00968653 -0.0198185 0.012954 
-0.00738482 0.000907437 0.00643689 0.00399182 -0.012291 -0.000535747 3.01286e-05 0.00716461 0.00368257 -0.00114834 0.00357148 0.0521349 0.00722025 -0.00153207 0.0125699 0.00270366 0.00452892 0.00623914 -0.000818673 0.00123201 0.00341354 -0.000395274 0.00311161 0.00048352 0.00648927 -0.00882307 -0.00416381 -0.000515918 -0.0118294 -0.0104158 -0.00211206 0.00251415 -0.00195627 0.00745937 -0.00142629 0.000780437 0.00247848 0.00282856 0.00257433 0.000802902 0.00120946 -0.00483992 0.00589246 0.00145449 -0.00115961 -0.00177823 0.00111574 -0.00962877 0.00938779 0.0103519 -0.0117184 -0.00194415 0.0122653 -0.000276643 0.00519104 -0.0108366 -0.0141183 -0.00303213 -0.000812037 0.00209625 0.000296531 0.00312418 1.74653e-05 -0.000968402 -0.0132506 -0.00304453 -0.00971004 0.00148923 -0.0169969 -0.00626669 -0.000409514 -0.00654902 0.00296626 0.00833256 0.00187035 -0.00114206 -0.000715214 0.00113109 0.000504679 -0.00278061 -0.000201421 -0.00256716 -0.00987724 0.00126133 -0.000586733 -0.000702299 -0.00730472 0.0069142 -0.00505719 -0.00166799 0.000663462 0.00253901 0.0014757 -0.000548586 0.000391863 -0.00255515 0.000153466 0.000972987 -0.00869651 -0.00132669 
-0.0113958 -0.00125766 0.0297414 0.0115191 -0.0135873 -0.00358876 0.000339559 0.0151777 0.00314915 0.00630538 -0.00326548 0.00722025 0.0783875 -0.00179889 0.0272753 0.00478074 0.00971839 0.0170502 0.00154448 0.00130743 0.00215652 0.00103236 -0.00663494 -0.00143518 -0.0095197 -0.0115834 0.00175521 0.00356653 -0.0041781 -0.0110144 -0.00361445 0.00125795 -0.00316697 0.0180377 -0.00173545 0.00251395 0.0110693 -5.0172e-05 0.00306776 0.00180417 -0.000409804 -0.00338232 -0.00117971 0.00509455 0.00127982 0.000436087 -0.00348011 -0.00668873 0.00552539 -0.00411258 -0.0179724 -0.00393562 0.00259201 0.000128413 -0.00702299 -0.0215756 -0.0313292 -0.00482625 -0.000197374 -0.0030935 0.0114592 -0.0070497 0.00156636 0.0167929 -0.0270929 -0.00299816 -0.025088 0.0066669 -0.0221713 -0.0039129 0.00504376 -0.0193226 -0.00106645 -0.00296686 0.0034415 0.00333717 -0.00104075 0.001886 -8.48055e-05 0.00835867 9.69835e-05 -0.00328539 -0.0151395 0.000629806 0.00522609 0.00331449 -0.0146629 0.0093949 -0.00586483 0.00618947 -0.00216174 0.00177136 0.00326751 -0.00218326 0.00146602 -0.00485562 0.00438984 0.000999636 -0.00682781 -0.00532446 
0.00201047 0.00223801 -0.00209973 -0.00044471 0.00319086 -0.00131541 -0.000865284 -0.00793545 -5.04572e-05 -0.000765787 -0.0129178 -0.00153207 -0.00179889 0.0463913 -0.0031104 -0.000238498 -0.00188735 0.00408179 0.0020131 0.000196991 -0.000838406 0.000526788 -0.00208192 0.000537146 -0.00493652 0.00756348 0.00194506 0.00109743 0.00756706 0.00493926 0.000368388 0.000641278 8.02821e-05 -0.00979852 0.00177235 0.0009462 0.00133747 -0.000486111 -0.000230486 0.0012623 0.000904405 0.00193341 0.000935868 0.00215992 -0.000794777 0.00205214 -0.00118006 0.0121798 -8.71059e-05 0.00215693 -0.00913475 0.00191754 -0.00457554 0.000505199 -0.00435634 -0.0135793 -0.00401561 -0.000314618 -0.000435515 -0.000696947 -0.00340133 -0.00668069 0.00242577 -0.00736497 -0.00130876 0.00259005 -0.0100757 -0.00751551 0.0046728 0.000509932 0.00275202 -0.00407863 -0.000503167 -0.00233292 -0.000343007 0.000163565 -0.000291789 -0.000568128 0.000847179 0.00029927 0.000417174 -0.00173094 0.00923624 -9.30193e-05 -0.00289242 0.00337039 0.0105751 0.00442827 -0.00192104 0.00360619 -0.000363569 0.00156183 -0.00179598 -0.00130943 -0.000857626 -0.00656864 0.000110605 -0.000699339 -0.00163996 -0.00617757 
-0.0200371 -0.0044899 0.0423672 0.0105009 -0.0289694 0.00460814 -0.00304759 0.0309873 0.00410314 -0.0181341 0.0117989 0.0125699 0.0272753 -0.0031104 0.122796 0.000493827 0.00512353 0.00751443 0.00228621 0.00318212 0.00178138 0.000430963 0.0081562 -0.000664554 0.0123491 -0.027689 0.00898196 0.000736112 -0.0251212 0.001224 -0.000970353 0.00135883 -0.0035329 0.0179365 0.000186982 0.00371992 0.00552286 -0.000278271 0.00456378 0.00152909 0.00254078 -0.00680163 -0.0133349 0.0108736 0.00226214 -0.00514722 -0.000844598 -0.0202965 0.0330312 -0.00301065 -0.0149009 -0.00476666 0.0142541 0.000969829 0.00197884 -0.0315904 -0.0646605 -0.00879267 0.000837468 -0.00750619 -0.00936162 0.0055799 0.000867277 0.00936689 -0.0414498 -0.00162674 -0.0339071 0.0241679 -0.0377508 -0.0216091 0.00113792 -0.0420994 0.0025845 0.0183781 0.00411942 0.00799789 -0.0046799 0.0170492 0.00307397 0.00409677 0.00758901 -0.00621497 -0.0282383 0.000573775 0.0193842 -0.000332736 -0.015688 0.0161798 -0.0145941 0.00249403 0.00357775 -0.00540576 0.00536523 -0.0033985 0.00151587 -0.0108193 0.0141868 0.00520694 -0.01219 0.0117376 
-0.00376477 -0.00132604 0.00388705 0.0016943 0.00524025 -0.00188528 0.00121661 -0.00546777 -0.000329029 0.00247229 -0.00894639 0.00270366 0.00478074 -0.000238498 0.000493827 0.0395384 0.000179253 0.00372795 0.000394611 0.00165853 0.00151448 0.000333598 -0.000138505 -0.000880049 0.000389383 0.000778681 0.00271471 0.0011527 -0.00930492 -0.00700563 -0.00106318 0.000362388 -0.00149807 -0.00402779 -0.00157678 -4.90919e-05 0.00383891 -0.000154315 0.00314248 -0.000881729 0.00140307 -0.000708932 0.000843797 0.000270332 -0.000396677 0.00454428 -0.001405 -0.00427044 -0.00442034 -0.00171998 -0.00832949 -5.81742e-05 -0.00116855 -0.000839908 -0.00276725 -0.00555679 0.000242419 0.000579537 -0.000573731 -0.00467381 -0.0022814 -0.00826995 0.000257009 -0.00237445 -0.00387245 0.00131306 -0.0048164 -0.00837096 -0.0029643 0.000988645 0.00257164 -0.00550989 0.000459348 -0.000887536 0.000748677 -0.000409034 -0.00141119 0.00115825 0.000358365 0.000167911 0.00122723 0.00287633 0.00846265 -4.81228e-06 -0.00154097 -0.000456162 0.00422143 0.00145961 0.00400768 0.00120288 0.00025054 -0.00149136 -0.00255557 -0.00023502 0.00065846 0.00452996 0.00024259 -0.000109798 0.00833438 -0.00260681 
-0.00907369 -0.00141848 0.00214479 0.00451144 -0.00681991 -0.00153849 0.00101352 0.0185385 -0.000140419 0.00384855 -0.00961063 0.00452892 0.00971839 -0.00188735 0.00512353 0.000179253 0.0759423 0.00546338 -0.00212755 0.000482802 0.00272228 -0.000842783 0.000453935 -0.00161979 -0.00964764 -0.00356553 -0.00469775 9.28496e-06 0.00421804 -0.0128718 -0.00138468 0.00226983 -0.00383197 0.0164593 -0.00195577 0.00242888 0.00573452 -0.00092477 0.000971328 -0.00222849 0.00146611 0.00148917 -0.00734818 0.00486984 -0.000431768 -0.00271613 0.00484288 -0.0145832 0.00765234 0.00346063 -0.0102581 0.00323873 0.00606011 0.00337132 0.0031953 -0.00535206 -0.00794017 -0.00558837 -0.00062839 0.00175952 0.0149419 -0.00941926 -0.000650578 0.00677386 -0.0132309 -0.00267928 -0.0173121 -0.00428276 -0.00258603 0.00500592 -0.00301774 -0.00709084 0.000495148 -0.00418574 0.000417224 -0.000286215 0.00250484 -0.00120648 -0.000921712 -0.00153029 -0.00302445 -0.00398716 -0.0122777 -0.000417816 -0.00342859 0.00557088 -0.0163457 -0.00203156 -0.0011554 0.000539614 -0.00124589 -0.00380531 0.00122421 -0.000914284 0.00052857 0.00856685 0.00439079 0.00224164 -0.00826052 -0.0050418 
-0.00995915 0.00422039 0.0116546 0.00436068 -0.00756808 -0.00390583 -0.000865616 -0.00561713 0.00586135 -0.00246923 -0.00776306 0.00623914 0.0170502 0.00408179 0.00751443 0.00372795 0.00546338 0.0900644 0.0018077 0.00728117 -0.00073742 0.00374026 0.00949293 -0.00200357 -0.00652144 -0.00303009 -0.000364328 0.00195067 -0.00285972 -0.000893625 0.00305852 0.00186449 -0.00407574 0.032866 -0.00301363 0.000404531 0.0143123 -0.000319204 0.00322295 -0.00247845 0.00254642 -0.0014556 0.00271321 0.00555 7.99473e-05 0.00127985 0.00284896 -0.0106652 0.0177245 0.0180225 -0.0299847 0.000667749 -0.0049555 -0.00170531 -0.00641594 -0.0334628 -0.0274801 -0.00815341 -0.0013124 0.00376561 0.0127061 -0.00166768 0.00283437 0.00875308 -0.0231701 -0.00342867 -0.031133 -0.00460838 -0.0223689 -0.000229501 0.00103756 0.00838932 -0.00131691 0.00373772 1.53346e-05 -0.000898818 -0.000444099 0.00158921 -0.000280312 0.00328167 0.00171969 -0.00589213 -0.0115621 0.00116214 -0.00304982 -0.00453322 -0.0191659 0.00970185 -0.00649441 0.00139751 0.00029993 0.00190275 -0.00268764 -0.00136879 0.00222985 0.00262037 0.00402696 -0.00108765 -0.0124513 -0.0149683 
-0.00144399 0.00362726 0.00227391 3.62869e-07 9.16815e-05 0.00301651 -0.00127241 -0.0056087 -0.00140539 -0.00455898 -0.00736247 -0.000818673 0.00154448 0.0020131 0.00228621 0.000394611 -0.00212755 0.0018077 0.0600585 0.000884096 0.000489743 0.000823407 0.00310156 -0.000311712 -0.00504956 -0.00798174 0.00379404 -0.000857388 -0.00815752 0.0114025 3.82612e-05 5.62944e-05 -0.000411015 -0.00634233 -0.000543492 0.00174366 0.00169511 -0.000608258 0.00341332 0.00126044 -0.000380775 -0.00107067 0.00797699 0.00340946 0.0040623 0.00412326 -0.00141421 0.00743465 -0.003774 -0.00383443 -0.0135652 0.00677065 -0.00382133 -0.000404814 -0.00105502 -0.020191 -0.00346902 -0.00191534 -0.000257844 -0.00430978 -0.00526528 -0.0146281 0.000253376 -0.00482248 -0.00397202 0.000475443 -0.00407243 -0.00324545 -0.00943561 -0.00619507 0.0101279 -0.00602392 0.000909931 0.000537188 0.000994507 0.00563407 -0.000344515 0.00367958 7.54829e-05 0.00186207 0.00347062 -0.00202016 0.00390972 0.000423813 -0.00152559 -0.000562005 0.00625816 0.00979757 -0.00139871 -0.00106156 -0.00459504 0.00146962 0.00113952 -0.000219503 0.00290982 -0.000470042 -0.00201562 -0.000138127 0.00101705 -0.00820363 
-0.0045991 -0.000151915 0.000364693 -0.000625562 -0.00417312 0.00588683 -0.00159542 0.00129591 0.000708216 0.0120035 -0.00332782 0.00123201 0.00130743 0.000196991 0.00318212 0.00165853 0.000482802 0.00728117 0.000884096 0.0518173 -0.000285243 0.000997991 0.00120629 0.000362805 -0.000240067 -0.00508979 0.00556632 -0.00104859 -0.00594047 0.00134736 0.000687032 -0.0001575 -0.00149158 -0.00308285 -0.00197479 0.00018055 0.000162213 0.00102458 -0.000138898 -0.000724947 0.000320641 -0.00218484 -0.00400804 8.35103e-06 0.0017037 0.00165768 -0.000697384 -0.000243561 -0.000468484 -0.00385188 -0.00516908 -0.0040907 -0.0033165 -0.00146019 -0.000138083 -0.00429528 -0.00568212 -0.00131377 -0.00092865 -0.000141123 -0.00655694 -0.00486084 0.000550211 -0.00178129 -0.00575474 0.00233195 -0.00260649 0.00168676 -0.00406327 -0.00748216 0.000387129 0.000604439 -0.000968435 0.000306063 0.000429963 6.15012e-05 0.00211848 0.0010291 -0.000409901 0.000147334 -0.00166924 -0.000574928 -0.00251365 0.000696185 -0.00197872 -0.000502322 -0.000121449 -0.00563368 0.00123389 0.00126496 -0.00199741 -0.00390373 -0.00264432 -0.00164259 0.00240794 0.00285021 -0.000666669 0.000660713 0.00902966 -0.000353467 
-0.00350302 -0.000682962 0.00158658 0.000680385 -0.000445534 0.00038832 0.00151212 0.00822882 -0.000590776 0.000346249 0.00220169 0.00341354 0.00215652 -0.000838406 0.00178138 0.00151448 0.00272228 -0.00073742 0.000489743 -0.000285243 0.0379337 -9.36776e-05 0.00576592 0.000528563 0.000146004 0.00132641 -0.00332422 0.00110185 -0.0080501 -0.00688572 0.000857482 0.00165402 0.00153351 -0.00636624 -0.000468252 7.83882e-05 0.00012274 0.00177154 0.00227158 0.000792386 0.000469033 -0.00241521 -0.000657999 0.00492474 0.00345729 -2.26961e-05 0.00197532 -0.00414629 0.0069024 -0.00164404 -0.00853561 -0.002166 0.00285294 0.000693364 -0.00330807 -0.00639792 -0.00305048 -0.00105863 0.000439709 -0.00358242 -0.00506188 -0.00582657 0.000144165 -0.00482372 -0.00647918 0.000880385 -0.0131225 -0.00276044 -0.00208245 -0.00647403 1.9664e-05 -0.0161161 0.000186367 0.00118277 0.000545678 0.000802599 -0.000352625 0.00134371 0.00226965 -0.000329295 -0.00105727 -2.62146e-05 0.00266139 -3.59853e-05 -0.00100516 0.00697585 0.00360465 0.00397716 -0.00332459 0.00254308 0.00328607 -0.00103272 -0.00363329 0.00470326 0.00286661 -0.00592652 0.0013344 0.000469217 0.00399638 0.000313479 
-0.00271872 -4.41148e-05 0.00414092 0.000289914 0.00165461 -0.00114692 -0.000292913 -0.000518978 0.00124552 -0.000460743 -0.00324675 -0.000395274 0.00103236 0.000526788 0.000430963 0.000333598 -0.000842783 0.00374026 0.000823407 0.000997991 -9.36776e-05 0.0197342 -0.000859381 0.000898613 -0.00149015 -0.00288393 0.000473554 0.000209209 -0.00363081 -0.00212966 0.000212761 0.000822366 0.000371337 0.00464501 0.000465196 5.69667e-05 0.00238744 0.00129173 0.000581791 -8.10729e-05 0.000977651 -0.00141606 -0.000825248 0.00181289 0.00201262 0.00140377 0.000698766 0.00017119 0.000534814 0.00359287 -0.00325988 -0.000641045 -0.00020336 0.000459129 0.000769256 -0.0027861 -0.00559636 -6.49661e-05 -6.62335e-05 -0.000766089 -0.00148004 -0.00293263 0.00175363 -0.00153457 -0.00367265 -0.000712365 -0.0063419 -0.000845081 -0.00345381 -0.00406869 -0.000229165 -0.000275445 -0.0010898 -0.000933898 2.85185e-05 0.000391642 -0.000922575 -0.000777008 8.67195e-05 -0.00117679 0.000266489 -0.000508176 -0.00186517 5.0121e-06 -0.000198887 -0.000409264 -0.00234572 0.000765049 -0.001938 0.00114588 -5.69957e-05 0.0001409 0.00212002 0.000296069 0.000359735 0.00244193 0.00255542 0.000960873 0.00189061 -0.000778062 
-0.0219826 0.00323921 -0.00705645 -0.00110865 -0.00252758 0.00098065 0.000251091 0.0139294 -0.00119175 0.00736878 0.0197915 0.00311161 -0.00663494 -0.00208192 0.0081562 -0.000138505 0.000453935 0.00949293 0.00310156 0.00120629 0.00576592 -0.000859381 0.141832 -0.0040544 0.0158848 -0.00173359 -0.00841579 8.95079e-05 -0.0181942 -0.0127561 0.0108441 0.00208599 0.0016688 -0.00797355 -0.00169962 -0.000392222 0.000382781 0.00388196 0.00162492 -0.00305764 0.000936535 0.000770125 -0.00585206 0.0152558 -0.0022988 -0.00424072 0.0113547 -0.00925246 0.0200777 0.0142446 0.00185795 0.0164223 -0.00404299 0.000592578 -0.010154 -0.0598844 -0.0235168 -0.00614879 -0.000973866 -0.00380883 0.00348286 -0.00969587 0.000559491 -0.00811915 -0.0532707 0.0148547 -0.0473711 0.0181504 -0.00194172 -0.00969681 0.00117488 -0.0234157 0.007135 0.020777 -0.000605438 -0.00116041 -0.00967076 0.0135713 0.00379287 -0.00155761 0.0190558 -0.00856368 -0.0186516 0.000118494 -0.0020449 0.00390785 -0.00664994 0.0365951 -0.0128895 0.00491018 0.0110654 -0.00805074 -0.0151665 -0.00119441 0.00634327 -0.0203728 0.0120344 -0.00163732 -0.0175122 -0.00291382 
0.0022344 9.1314e-05 -0.00115943 0.000397701 -0.000929876 -0.00155859 -0.000119883 -0.00460116 0.000959679 -0.00561883 0.00169767 0.00048352 -0.00143518 0.000537146 -0.000664554 -0.000880049 -0.00161979 -0.00200357 -0.000311712 0.000362805 0.000528563 0.000898613 -0.0040544 0.0326028 0.000345387 -0.00113448 0.00137484 0.00174267 -0.00300924 -0.00337002 0.000877963 0.000373948 -0.0015859 -0.00151347 0.000921079 -6.82915e-06 -0.00141352 0.00210707 -0.000395927 -0.000147956 -9.73872e-06 -0.00118772 0.000659349 -0.00136714 0.00347523 0.000620529 -0.000136228 -0.000570089 -0.00194583 -0.0034457 -0.00732625 -0.00152089 0.00961979 -0.00104243 -0.00257873 -0.00198428 -0.000645366 0.000435685 0.000413042 0.000869177 -0.000962668 -3.61325e-05 6.01197e-05 -0.00233004 -0.000184477 -0.00181643 0.00216909 0.0027485 -0.00549918 -0.00258812 -0.000666822 0.000932616 -0.000614039 0.00138027 9.64629e-06 -0.000305567 -0.00180176 0.00111943 0.000122866 -0.00203536 0.000409689 0.00412645 0.00483692 -1.7621e-05 0.000845032 -0.00284989 -0.00168221 -0.00220353 -0.000814595 -0.000718571 -0.000830974 -0.00157852 0.00105156 0.00222522 -0.000233518 -0.00216674 -0.00142906 0.00362638 0.000951288 0.00341552 
-0.0169177 -0.00305015 -0.00522318 0.00133623 -0.0237344 -0.00463884 0.000855897 -0.00385003 -0.002838 -0.0150003 0.0333943 0.00648927 -0.0095197 -0.00493652 0.0123491 0.000389383 -0.00964764 -0.00652144 -0.00504956 -0.000240067 0.000146004 -0.00149015 0.0158848 0.000345387 0.170242 -0.0173882 -0.00824806 -0.00521324 -0.0291864 0.00861969 -0.00196071 -0.000475853 -0.00188833 -0.0141241 -0.00274475 -0.000971789 -0.00618178 0.00312199 0.00297328 0.00482732 -0.00172886 -0.00503722 -0.00982408 -0.00430852 -0.000283817 -0.00626046 0.0156759 -0.0316637 -0.010733 0.0120834 0.00379334 0.00208051 0.0192559 -0.00274766 0.0106922 0.00644639 -0.0153133 0.0039099 -0.0015808 -0.0264145 -0.0173717 0.0347221 -4.9515e-05 -0.00951227 -0.0182594 0.000951394 0.00488344 0.00513688 -0.000427942 -0.0201375 -0.000331798 -0.0047421 0.00580938 0.0409173 -0.00137919 -0.00464798 -0.0112521 0.00988225 0.00136766 -0.00793414 0.00435533 -0.00428338 -0.0147378 -0.000606377 0.000465576 -0.0224951 0.00823776 0.0204664 -0.01098 -0.00440358 0.00364792 -0.0116189 -0.00814209 0.00141904 -0.00292195 -0.00513907 0.0143632 -0.00362776 -0.0221052 0.0325057 
0.0250184 -0.00710009 -0.00886012 -0.00648038 0.0413637 0.00148978 0.00270823 -0.00822111 -0.00640177 0.00498173 -0.012081 -0.00882307 -0.0115834 0.00756348 -0.027689 0.000778681 -0.00356553 -0.00303009 -0.00798174 -0.00508979 0.00132641 -0.00288393 -0.00173359 -0.00113448 -0.0173882 0.212496 -0.012175 -0.00767233 0.0471025 0.00981149 0.00342239 -0.00329821 0.00621192 -0.0684741 -0.00196955 -0.00320142 -0.00474763 -0.00436214 -0.00421823 -0.0065736 -0.00234746 0.0176609 -0.0245175 -0.0126201 -0.00573574 0.00445775 -0.00959749 0.0195451 0.0108581 -0.0337386 0.021847 -0.0128402 0.00228746 -0.00606416 -0.0251949 0.000424977 0.0197431 -0.0138685 -0.00183301 -0.0153445 0.00530341 -0.0114565 -0.00228083 -0.0110811 0.0142248 0.00721713 0.0147126 -0.0476558 0.0740173 0.0228338 -0.00518072 -0.0173406 -0.0153165 -0.0159825 -0.0029983 -0.00612756 -0.000868994 -0.00710933 0.00223972 0.00591882 0.0164383 0.000462565 0.0359237 -0.00187065 -0.00961425 0.0119608 0.0547853 -0.0188852 0.0105326 -0.00340643 -0.00601818 -0.0123044 -0.0261732 -0.0011858 -0.00470325 -0.0472286 -0.0140915 -0.00352567 0.000538829 -0.0253608 
0.00377998 -0.00174414 0.00914868 -0.000905281 0.00581297 -0.00683529 0.000427904 -0.0154373 -0.00219675 0.00055192 -0.0123899 -0.00416381 0.00175521 0.00194506 0.00898196 0.00271471 -0.00469775 -0.000364328 0.00379404 0.00556632 -0.00332422 0.000473554 -0.00841579 0.00137484 -0.00824806 -0.012175 0.109816 -0.00182543 0.0150244 0.023417 0.00287312 -0.00164371 -0.00618726 0.0122169 -0.00229641 -0.000668573 -0.0034369 9.76424e-05 -0.00145765 -0.00315129 0.000215378 -0.00388738 -0.0104404 0.00185984 0.00535639 0.00277787 -0.00470178 -0.00224511 -0.00153937 -0.00399183 -0.0286936 0.00664508 -0.00306605 -0.000637457 -0.00532656 -0.0019315 -0.00407524 0.00463626 -0.000247764 0.012198 -0.00471118 -7.13403e-06 -0.0011388 0.00639219 -0.0221688 -0.00581548 -0.018912 5.74546e-05 -0.0190095 0.000672561 -0.00180703 0.00590254 -0.00374267 -0.00590756 -0.000294913 0.00339778 -0.00261461 0.00131733 -0.000251896 0.00237037 0.00188975 -0.00362096 -0.0024321 -0.000193547 0.00198987 -0.0118822 -0.0211207 -0.00317518 0.0186695 -0.000310389 -0.00300302 -0.00402517 -0.00725424 -0.000504366 -0.000307722 0.019486 0.000358416 0.0019086 0.00725174 0.00143439 
-0.00639265 0.00429977 -0.000274181 0.00205986 0.00292016 -0.00204931 -0.000992337 -0.0073213 0.00483943 -0.00123516 -0.00510347 -0.000515918 0.00356653 0.00109743 0.000736112 0.0011527 9.28496e-06 0.00195067 -0.000857388 -0.00104859 0.00110185 0.000209209 8.95079e-05 0.00174267 -0.00521324 -0.00767233 -0.00182543 0.0415458 -0.00289501 -0.00819932 4.14775e-05 0.000548828 -0.000401686 0.00496383 -0.000130505 0.000904631 0.00146589 0.000629193 0.00146937 -0.000190656 0.00342143 0.000265738 0.011262 0.00999486 0.000393075 0.00103714 -0.0011269 -0.000518655 0.00374224 0.00236889 -0.018311 -0.00019082 0.00204406 2.07038e-05 -0.00482836 -0.0143251 -0.00270353 0.00285719 0.00103508 0.00821642 0.00532769 -0.00837732 0.000328232 -0.00121877 -0.00839952 -0.00289378 -0.011613 0.00230609 -0.00982039 -0.00352166 -0.00187249 0.00206672 -0.00180154 9.18739e-05 0.00178393 -0.000314941 -0.00122515 -0.00148014 0.000745286 -0.00324352 -0.000899296 0.00635271 0.00981516 0.000746238 -0.00060249 -0.00255723 -0.00501616 0.00544453 -0.00211546 0.00351199 0.00219397 0.00883134 -0.000177136 0.00123649 -0.000368373 -0.00478639 0.000848734 0.00116006 -0.00548276 -0.00468366 
0.0315952 0.000602025 -0.0189645 -0.00666823 0.0118224 0.00800718 -0.00313682 -0.0232425 -0.00259934 0.0101586 -0.0675972 -0.0118294 -0.0041781 0.00756706 -0.0251212 -0.00930492 0.00421804 -0.00285972 -0.00815752 -0.00594047 -0.0080501 -0.00363081 -0.0181942 -0.00300924 -0.0291864 0.0471025 0.0150244 -0.00289501 0.215529 0.0260146 0.00499234 -7.49683e-05 0.0101256 -0.0129108 0.00664628 -0.00185253 0.00108189 -0.00600786 -0.0059029 -0.00733232 0.00296324 0.0155144 -0.0144513 -0.0172261 -0.0113883 -0.000242232 -0.0142718 0.0310126 -0.00730676 -0.0294509 0.0153081 -0.00984153 -0.0317593 -0.00380475 -0.0153276 0.000260528 0.0412177 -0.00190966 -0.00441613 0.0198318 0.0102932 0.00358972 -0.00240198 0.0128274 0.0277308 -0.00195704 0.00612321 -0.054097 0.0550591 0.0302644 -0.00969181 0.0283256 -0.0125154 -0.026487 -0.00281309 -0.00590325 0.0112729 -0.0125079 0.00050512 -0.0049866 -0.0131791 -0.00481581 0.00161044 -0.00109097 -0.0118924 0.00258105 0.00415289 -0.0235038 0.0337153 -0.0106842 -0.00958539 -0.0068358 -0.00988166 -0.00852407 -0.00667558 0.000991834 -0.0119292 -0.0083943 -0.0185737 -0.0266682 
-0.00929204 -0.000571534 -0.0114701 -0.00192324 0.0220313 0.00737862 -0.00411283 -0.0132432 -0.00562428 -0.0152205 0.00716222 -0.0104158 -0.0110144 0.00493926 0.001224 -0.00700563 -0.0128718 -0.000893625 0.0114025 0.00134736 -0.00688572 -0.00212966 -0.0127561 -0.00337002 0.00861969 0.00981149 0.023417 -0.00819932 0.0260146 0.215906 0.00531663 -0.00387178 -0.00294648 -0.00223381 0.006206 -0.00122676 -0.00691154 -0.00547057 -0.0026243 -0.00384134 0.000419145 -0.00860148 -0.0124942 -0.0075858 0.00242029 -0.0030489 -0.00162985 0.0181934 -0.011801 -0.00895792 -0.0133091 -0.000170996 -0.00567713 -0.00211788 -0.00561644 -0.00236012 0.00108471 0.00370006 -0.000579294 -0.0260494 -0.0232444 -0.0306648 -0.00112357 -0.0259923 0.0325534 0.00238799 -0.0123568 -0.0188443 0.0107748 -0.000182515 0.0126193 0.0147588 -0.00828148 -1.00572e-05 -0.000901001 0.0019278 0.0151478 0.00439129 0.000530103 -0.00374106 0.00305515 -0.0130158 -0.0167984 -0.000738018 -0.00741405 -0.00782136 0.0196717 -0.0049092 0.00352128 -0.0121856 -0.0176085 -0.0157908 0.00667508 -0.00325406 0.000153446 0.0215174 -0.00167515 -0.00162795 0.000930943 -0.0229029 
-0.000786229 0.00186648 -0.00286649 0.000339694 -0.00323851 0.0020357 -0.000573921 -0.00100621 0.00267109 -0.0037088 -0.00183015 -0.00211206 -0.00361445 0.000368388 -0.000970353 -0.00106318 -0.00138468 0.00305852 3.82612e-05 0.000687032 0.000857482 0.000212761 0.0108441 0.000877963 -0.00196071 0.00342239 0.00287312 4.14775e-05 0.00499234 0.00531663 0.0486035 -0.00077757 -0.00164495 -0.00158082 0.000856042 -0.000279095 -0.00100087 0.000732934 -0.000666129 -0.00174396 0.000746476 0.0045548 0.00285645 -0.00473056 -0.000244954 -0.000185128 0.0032486 0.00261233 0.00171913 0.000169819 -0.00928241 0.00098901 -0.00305953 0.000147341 -0.00529993 -0.0139229 -0.00249946 -0.00333082 -6.67611e-05 0.00514573 -0.00276891 -0.0061404 0.00137462 -0.000553772 -0.00753037 0.00444489 -0.0100575 0.00111623 -0.00125743 -0.00447033 -0.00233938 0.00517291 -0.000768335 0.00395324 -0.000187055 -0.000395422 -0.00148406 0.00135782 0.000767929 -0.00151451 0.0026405 -0.00186178 0.00216495 -0.000128036 -0.00252046 -0.00309172 -0.00544995 -0.00124013 -0.00138618 -0.000648292 0.00288608 -0.00177332 -0.00421461 0.000260809 -6.61826e-05 0.00135791 0.0025278 0.00134559 -0.00148426 -0.00549289 
-0.00195898 -0.000103256 0.0014399 0.00426316 -0.00309414 -0.000164274 0.000186755 -0.004883 0.00113288 -0.00517618 -0.00161676 0.00251415 0.00125795 0.000641278 0.00135883 0.000362388 0.00226983 0.00186449 5.62944e-05 -0.0001575 0.00165402 0.000822366 0.00208599 0.000373948 -0.000475853 -0.00329821 -0.00164371 0.000548828 -7.49683e-05 -0.00387178 -0.00077757 0.0249143 0.0021699 0.00267533 0.00278243 0.000978483 0.00278522 0.000795092 0.000664453 0.000237004 0.00180344 -0.0018641 -0.00168265 0.00506406 0.000295369 -0.000347085 0.00269183 0.00223935 0.00163625 0.00562926 -0.00428985 -0.00127319 -0.000254044 0.00045018 0.00284295 -0.00638959 -0.00464968 -0.00115748 -0.000383516 -0.00207637 -0.00101133 -0.00535866 0.000319968 -0.00385445 -0.00233358 -0.000854694 -0.00733285 -0.0022811 -0.0049485 -0.00556086 -0.00019857 -0.00348808 -0.000563333 0.000882169 0.000281795 -0.000482185 -0.00122051 0.000367994 0.000422006 0.000351989 -0.00013127 -0.00164758 -0.00396254 -8.73791e-05 -1.34448e-05 0.00104178 -0.00173078 0.00824221 -0.00230792 0.00482088 0.00133048 0.00159034 0.00193272 -0.000735167 -0.000283481 0.00120183 0.00284124 7.5169e-05 -0.00396798 -0.00317052 
0.00035375 -0.000129891 0.00530149 -0.000773191 -0.00654342 0.0177561 -0.00177653 7.97832e-05 -0.00166733 -0.00878636 -0.0119281 -0.00195627 -0.00316697 8.02821e-05 -0.0035329 -0.00149807 -0.00383197 -0.00407574 -0.000411015 -0.00149158 0.00153351 0.000371337 0.0016688 -0.0015859 -0.00188833 0.00621192 -0.00618726 -0.000401686 0.0101256 -0.00294648 -0.00164495 0.0021699 0.0647093 -0.0244487 0.00687694 -0.000478017 -0.000927072 -0.00167585 -0.000374165 0.00437619 0.00320778 0.00442127 -0.00236873 -0.00452119 0.000618261 -0.00187072 -0.00319465 -0.0004208 -0.00664143 -0.00670095 0.0153141 -0.00357222 -0.00675973 0.000712957 0.00398479 -0.00370861 0.00565229 -0.00238709 0.000706961 -0.00682945 -0.01036 -0.0105571 0.00376663 -0.00713563 0.00488412 0.00498566 0.00281166 -0.00669936 0.0160551 -0.00673786 0.000725603 -0.0144175 -0.00133552 -0.00487285 -0.000222126 -6.39101e-05 0.00047807 -0.00165653 0.00160636 -0.00113649 -0.00109722 -0.00508067 0.00149989 -2.98112e-05 -0.00059922 0.0206562 0.0230845 0.000317642 0.00291232 0.0012441 -0.00534141 -0.00355552 -0.00307237 -0.00186621 -0.000885258 -0.0101024 -0.00152701 -0.000259802 0.0036252 -0.00317123 
-0.039467 0.00316517 0.0133937 0.00773005 -0.0195897 -0.0302838 -0.00307627 -0.0147039 0.0126866 -0.0201515 0.0103362 0.00745937 0.0180377 -0.00979852 0.0179365 -0.00402779 0.0164593 0.032866 -0.00634233 -0.00308285 -0.00636624 0.00464501 -0.00797355 -0.00151347 -0.0141241 -0.0684741 0.0122169 0.00496383 -0.0129108 -0.00223381 -0.00158082 0.00267533 -0.0244487 0.248918 -0.00126649 0.00222053 0.0127772 -0.000444559 -0.00146945 -0.00843737 0.00501342 -0.00926603 0.0189683 0.0149223 0.000159914 -0.00235914 0.0114866 -0.0374411 0.0308424 0.0638742 -0.0647414 -6.33005e-05 0.00955778 0.00256056 0.0161849 -0.0011491 -0.0444838 -0.00717374 -0.00113032 0.0223232 0.0607407 0.00286379 -0.00198444 0.0161869 -0.0128543 -0.0234134 -0.0681154 0.0276919 -0.0912858 0.0117132 -0.0105821 0.0438993 0.00206291 0.0105998 0.00239904 -0.000819943 -0.00988656 -0.00402205 -0.00297572 -0.00905069 -0.0207549 -0.000170463 -0.0307993 0.00139325 0.00155125 -0.0363527 -0.0883657 0.0139759 -0.0200207 0.00250263 0.0154844 0.0113778 0.0272228 -0.000825676 -0.00556956 0.0654002 0.0074251 0.00212228 -0.05073 0.00716056 
