0.103736 0.00411705 0.00335534 0.00884885 -0.0012118 -0.00298996 0.0149419 -0.00210177 -0.00318595 -0.00619257 0.000714034 0.0106214 0.00194907 -0.000203018 0.0036614 -0.00476373 0.0238368 -0.00844669 -0.0241811 0.00578055 0.00173091 -0.0137521 0.00587081 -0.00453311 -0.0208859 -0.00292529 -0.00231134 -0.00646052 0.0118121 0.000873483 -0.00303778 0.0263009 0.00875051 0.000188639 -0.0185205 0.00239163 0.00933268 -0.000854977 0.00217435 0.0141812 -0.00133642 -0.00116115 -0.00124364 0.0106995 0.000284549 0.00394292 -0.0204732 -0.00303923 -0.00371804 0.000708552 -0.00164745 -0.000605136 -0.0240667 -0.0123689 -0.00577464 0.0121262 -0.00737376 -0.00526886 -0.0016452 -0.0055074 -0.0080692 0.00698062 4.84024e-05 0.00225597 0.0078558 -0.000633169 0.0139396 0.0142317 -0.00431261 -0.0162411 -0.00465237 -0.000262606 0.0211231 -0.0426118 0.00590105 -0.0021184 0.0159881 -0.00648682 -0.000696666 0.00512889 -0.00286131 -0.0145395 -0.00582624 -0.00122157 -0.00162647 -0.0125195 -0.00489083 -0.00432466 -0.00474171 -0.00119022 0.0314668 0.00105555 0.0101439 -0.0270591 -0.0236673 0.000882256 -0.00311842 -0.0174604 -0.0112638 0.0142506 
0.00411705 0.0463042 -0.00225459 0.000790499 0.000559919 0.000441415 0.0134313 -1.50666e-05 -0.00265831 -0.00213567 -0.000558699 -0.0013233 -0.00165751 0.0011496 -6.62859e-05 -0.00368548 0.00644484 0.00249282 -0.000830393 0.00306216 -0.000605673 -0.00417184 -0.00563204 -0.00289478 -0.00416982 -0.00143133 -0.000172989 -0.00501162 -4.96324e-05 -0.000587397 -0.00144554 0.000820546 -0.000497643 0.000866865 -0.00932185 -0.000140171 0.00278871 0.000876026 0.00026904 0.000391309 0.000557694 9.5911e-05 -0.000134776 9.42742e-05 0.00337265 0.000228199 0.00382745 0.0101893 -0.0011238 -0.000226554 -0.000977665 -0.000347754 -0.0101149 -0.00466283 -0.00264644 0.0101737 -0.00517224 9.58198e-05 -0.00105757 -0.0032665 -0.00420612 0.00228566 -0.0010587 -0.00117899 -0.00143488 -2.62329e-05 0.00302202 0.00722441 0.00031503 -0.00932668 -0.00330502 -0.00100917 0.000163331 -0.00876772 -0.00160273 -0.00131614 -0.000152087 -0.00173397 0.00139235 -0.000474415 0.000503132 -0.00399602 -0.000668605 -0.00024891 -0.00137248 -0.00353986 -0.000875314 0.000624533 0.000209761 0.000396978 0.0142186 0.000786411 0.00591426 -0.00614629 -0.00237015 0.00386065 -0.00281574 -0.0079288 -0.00763401 -0.00012067 
0.00335534 -0.00225459 0.0613851 -0.0016653 -0.000303696 0.000496006 -0.00985581 7.90932e-05 0.00200316 0.00300928 0.00059199 0.0014687 0.00214694 0.00168086 0.00541829 0.00943223 0.0112328 0.00252068 -0.00259412 0.00744825 -0.000325514 -0.00828731 0.00113349 0.00160866 -0.00180281 0.000559411 -0.00128153 -0.0026951 0.00248136 -0.000142294 0.000623076 -0.00470582 0.00353825 -4.05184e-05 -0.00817738 0.00106987 0.0146479 0.000202348 -0.00129567 0.000531731 5.50169e-05 -0.000212833 -0.000211656 0.00595076 -0.0018355 -0.00150971 -0.00835899 -0.00261988 0.000244487 -0.000144205 -0.00126529 0.000173436 -0.00842948 -0.00675655 -0.010808 -0.00117369 0.005113 0.00183837 0.00187632 -0.00152214 -0.00360064 0.00416162 -0.000950148 -0.00242449 -0.00132966 -0.000110464 -0.00843641 0.0023939 -0.000727346 0.000786219 -0.00119147 1.46974e-05 -0.0117493 0.00556083 0.00226133 0.00131762 0.000950828 -0.00212908 -0.000377511 -0.000238992 0.000961912 -0.00164305 -0.00237219 0.000675483 -0.00392848 0.000239796 -0.000307236 -0.000161946 -0.000823814 0.000476412 0.00696223 0.000209973 -0.00649166 -0.00602285 -0.0138175 -0.00393767 -0.00234433 -0.00736576 -0.00737135 -0.000760185 
0.00884885 0.000790499 -0.0016653 0.0503917 0.00186165 0.000427635 0.00118697 0.000547834 -0.000798751 -0.00299837 -0.00013304 0.00460791 0.00114574 0.000526818 0.00487302 -0.0143143 -0.00214362 -0.0107508 -0.0147928 -0.00241634 0.000602616 -0.000528994 -0.00181711 -0.00269889 0.000113222 0.00135421 0.00275201 -0.00287018 0.00419358 0.00263803 -0.00101178 7.81137e-05 0.00196199 0.00130293 -0.00710676 0.00232528 -0.00545142 0.00310735 0.00218918 0.00240977 0.000530201 0.00172168 -0.000371325 0.000491386 0.00343467 0.00413644 -0.0155969 -0.0034973 0.00393179 0.000134822 0.00145978 0.000121 -0.00793478 -0.00359069 -0.00101051 -0.00299668 -0.00219883 -0.00142341 -0.000352298 0.000189368 0.00439566 -0.00102926 -0.000622673 -0.00197703 0.00248957 7.13743e-05 0.00629029 0.00274898 0.0016641 -0.0061448 -0.00247121 -0.00112279 0.0105992 -0.0146192 -0.000460544 -0.00079338 -0.000125029 -0.00159475 0.00121583 -0.00042359 0.00130785 -0.00409496 0.000200467 -4.83203e-05 -0.00328938 -0.00390607 0.00179661 -0.000509335 -0.00126296 0.000114136 0.00621742 0.00181756 0.00179888 -0.00199248 -0.0083736 0.000578423 -0.000362091 0.00117747 -0.0089922 0.0138151 
-0.0012118 0.000559919 -0.000303696 0.00186165 0.0309829 0.00148334 -0.00702939 0.000173446 0.00143124 0.00132601 4.81024e-05 -0.000971667 0.0024263 0.000260473 -0.000304212 -0.000452203 -0.00848237 -0.00604117 -0.0086445 -0.00280382 -0.000358814 0.00550804 0.00456877 -0.00775544 0.00341544 0.000642959 0.00121161 0.0058424 -0.00147958 0.00106695 -0.000351447 -0.00874984 -0.000382442 0.00203678 -0.00487018 0.000386892 0.004595 0.00216939 0.00173115 -0.00115717 0.000615291 0.000867199 0.000728796 0.00376045 -0.000817005 0.00159003 -0.00690551 8.79878e-05 0.000330156 -0.000123413 4.93343e-05 0.000122009 0.0091453 0.00303241 -0.00233127 -0.00474071 -0.00116364 0.00319117 0.00014479 0.00360786 0.00230625 0.00710961 -0.00015964 -9.99476e-05 -0.00068855 0.00197254 -0.00535894 0.00401034 0.00741379 -0.00819149 0.00386272 0.000119694 -0.00495672 0.000743598 -0.000373883 -0.000805488 -0.000703748 -0.0011711 0.000181981 -0.000662644 0.000583805 0.00467793 0.00126656 -2.77839e-05 -0.00125025 -0.00137145 -0.00194242 0.00266518 -0.00168024 0.000205325 -0.00306617 0.00165739 -0.00498539 -0.00875447 -0.00594549 -0.00274246 0.000328754 0.002408 -0.0087256 -0.00141982 
-0.00298996 0.000441415 0.000496006 0.000427635 0.00148334 0.0374711 -0.00928872 0.000241017 0.00531026 0.0018852 0.00102743 0.00014861 0.000287816 0.00158455 -0.00194275 0.000817075 -0.00911177 -0.00447136 -0.0074888 -0.00181212 -0.000538305 0.00235637 0.000758164 -0.00160379 0.00918401 -0.00121395 0.00203789 0.0034099 0.00171294 0.000304444 8.34179e-05 -0.00775487 -0.000184455 0.00286312 -0.00385926 -0.000670776 -0.000544251 0.00160977 -0.000768552 -0.00125999 0.0011087 0.000442457 0.00134379 -0.00107492 0.00116366 -0.000708636 -0.00817202 -0.00238329 0.00249981 0.000320111 0.000363014 0.000194979 0.00442594 0.00106975 0.00472707 -0.00526006 -0.00220279 0.00493597 0.000508945 0.00233832 0.00220223 -0.00189407 0.000766184 -0.000319116 -0.000985803 0.000454384 -0.00501149 0.00449163 0.00183016 0.000936795 0.00281001 0.00334748 -0.00807542 0.00158584 0.000109106 0.000210512 -0.001614 0.00122987 0.0010414 0.000360787 0.00264453 0.00172226 0.00050882 0.00168857 -0.00137571 0.00406768 0.000793547 0.00305359 -0.00226863 0.000146427 -0.00597146 0.000201583 -0.00472125 -0.0098535 -0.00587618 -0.00177321 0.000498799 -0.00658316 -0.00401727 -0.0024405 
0.0149419 0.0134313 -0.00985581 0.00118697 -0.00702939 -0.00928872 0.247814 -0.00687266 -0.0178345 -0.00542449 -0.00391855 -0.007107 -0.00286332 -0.00148462 -0.0195814 -0.0333403 0.0156087 0.0141319 0.0488822 0.0108993 -0.00587311 0.00338652 -0.0314732 0.0352275 -0.0304148 0.00706869 -0.00457676 -0.0472534 0.0056047 -0.0113253 -0.00535663 0.0578266 -0.000256837 -0.00319404 0.00332734 0.000444796 -0.0158237 -0.00288138 0.00638488 0.00474901 0.00176169 -0.00268953 -0.00695095 -0.0194094 -0.00292682 0.00304725 0.0425416 0.0145318 -0.00975104 -0.00148311 -0.011805 0.000868719 -0.0331261 -0.0441951 -0.00190829 0.0400045 -0.0194123 -0.0115781 -0.00356589 -0.0339344 -0.0307385 0.0012519 -0.000662337 -0.00852982 -0.010295 -0.00185764 -0.00455845 0.000836424 -0.000556523 -0.0148277 -0.0375442 -0.016223 0.0511461 -0.0495835 0.00238723 -0.00658645 -0.00545353 -0.0118339 -0.000842376 -0.00440408 -0.00976416 -0.0367916 -0.00941295 -0.00282188 -0.0262083 -0.0265606 0.000574398 -0.015275 0.0126374 -0.00554255 0.0600582 0.00304243 0.0164141 0.0430142 0.0174696 0.0186437 -0.0192243 -0.00291587 0.0055373 0.0180948 
-0.00210177 -1.50666e-05 7.90932e-05 0.000547834 0.000173446 0.000241017 -0.00687266 0.0326192 0.000127765 -0.00179291 0.00045673 0.00223531 -0.000581877 0.00264747 0.0108433 -0.00193563 0.00096556 -0.00243301 0.00227938 -0.00281788 0.000106456 -0.00857485 -0.0046071 -0.00141389 -0.00659625 -0.00192447 -0.0014537 -0.00203677 0.000497873 -0.00325275 0.00253961 0.000188974 0.00106786 -0.000995268 0.00160911 0.00104963 -0.00139825 -0.000399879 0.00131242 0.00191396 -6.30648e-05 -0.000532827 8.21399e-05 -0.00177876 -0.00124129 0.00178743 0.00133445 0.00173384 -0.00061372 0.000373275 0.00203827 -0.000166922 -0.00239641 -0.00189959 -0.00299998 -0.00213595 0.00221697 -0.00109325 -3.31125e-05 -0.00234015 -0.00251812 -0.00424537 -0.000841851 -0.00124617 0.00411351 -2.49849e-05 -0.00152892 -0.00390003 0.0016579 -0.000334015 -0.00104791 0.00885722 0.00343744 -0.011881 0.000639158 -0.00138243 0.00133192 0.00228339 0.000728316 -2.59172e-05 0.000498732 -0.00141533 0.00281031 0.000643619 -0.00114122 -0.00299643 0.00120043 -0.00129544 0.000642494 4.88005e-05 -0.000597921 0.000667178 0.00970866 -0.000698307 -0.000770125 0.00236469 0.00328771 -0.00425876 -0.00773791 0.000397384 
-0.00318595 -0.00265831 0.00200316 -0.000798751 0.00143124 0.00531026 -0.0178345 0.000127765 0.108873 0.00112993 0.00131032 0.00380829 0.00247012 0.000970912 -0.000184524 0.00518875 -0.000417852 -0.0112661 -0.0303781 0.0222536 -0.000671475 0.0165197 -0.0109874 -0.00249487 0.0151469 -0.00250476 -0.00052185 0.00453455 0.00129514 0.000785767 -0.00216232 -0.0206763 0.00113191 0.003147 -0.00459582 0.000327477 0.00835934 0.00266354 -0.000890899 -0.00112527 -2.07596e-05 -0.000650924 0.00101507 0.00304143 -0.00122725 -0.000587841 -0.0204019 -0.00333369 0.0124136 0.00142163 -0.000104594 -0.000627359 0.00570858 -0.00193059 -0.00755235 -0.00511147 0.000722379 -0.000534164 0.00168406 -0.00690259 -0.00336909 0.00213163 0.00312218 -0.00223155 0.00555909 -0.000583631 -0.0068175 0.00457708 0.00559054 -0.00298439 0.00771882 0.000239719 -0.021342 -0.000891856 0.00188093 -0.00480256 -0.000683047 0.00367944 -0.000504609 0.00653575 0.00309962 0.000284572 -0.00659755 0.00270668 -0.00501422 -0.00560079 0.00388371 0.0108586 -0.00583388 -0.000368984 -0.0099726 -0.00063388 -0.0138693 -0.0135471 -0.00996119 -0.00180087 0.00514188 -0.00412962 -0.0130542 -0.004871 
-0.00619257 -0.00213567 0.00300928 -0.00299837 0.00132601 0.0018852 -0.00542449 -0.00179291 0.00112993 0.0842548 0.00168686 -0.000253616 -0.00285417 -0.000541538 -0.00641877 -0.00931162 -0.0110208 -0.00217705 -0.0152552 -0.00372226 0.000107351 -0.00457813 -0.00215477 -0.00659853 0.00277562 -0.00255422 0.00167741 0.0019487 -0.00383015 -0.00772186 -0.00175125 -0.0169193 -0.0013956 -0.00192239 -0.00751533 0.000175949 0.0104516 -0.000443201 -0.000375474 0.000290537 -0.000106697 5.53523e-05 0.00249566 -0.00169364 -0.00116645 -0.00215367 -0.00285893 -0.00501483 0.00305248 9.10751e-05 -0.0022227 0.000863628 0.0230603 0.00684601 -0.0125224 -0.0061656 0.00700416 0.00451141 0.00586736 0.0133728 0.00641833 0.00683732 0.00171977 -0.000209739 -0.00381863 0.00142802 -0.00795284 -0.00418636 0.00380104 -0.00213332 0.00131256 -0.00398031 -0.0173113 0.0215226 -0.00239 0.00307755 -0.00402366 0.0032954 -0.000877395 0.00354363 0.00600528 0.0151964 -0.00405476 0.00170097 -0.00476357 0.0110518 -0.00476029 0.000679171 0.00523737 0.00645216 -0.00831255 -0.00125657 -0.0151356 -0.0126087 -0.00621666 -0.00715069 0.000105538 -0.00477109 0.00697849 -0.0066248 
0.000714034 -0.000558699 0.00059199 -0.00013304 4.81024e-05 0.00102743 -0.00391855 0.00045673 0.00131032 0.00168686 0.0209609 0.00406195 -0.0005979 -0.000329445 -0.000785567 0.00632147 -0.00386305 0.00483683 -0.00772497 0.001413 0.000177313 0.00311376 0.00198803 -0.00404255 4.97195e-05 -0.0011697 -0.000255787 -0.000395536 0.00342262 0.00180032 0.000398439 -0.00482014 0.000553692 0.00189391 -0.00341115 -0.000415697 0.00207838 -0.000198059 0.000115066 0.000209736 0.000131134 0.00101564 0.000805287 -1.22991e-05 4.38412e-05 -0.000141709 -0.00578242 -0.000764407 -0.000566915 0.000216839 -2.61857e-05 -0.000237882 9.01859e-05 0.00050064 -0.00329094 -0.00165916 -0.000345722 0.000788995 0.000269265 0.00168016 -9.35071e-05 0.00157454 0.000327285 -0.000557303 -0.000240476 -0.000114947 0.000845009 0.00209382 0.000520762 -0.00377227 0.00466455 0.00081027 -0.00443648 0.000474525 -0.000599048 -0.00131321 -0.000317576 0.000139325 0.000176684 0.000226122 0.00150714 0.000679428 0.000201966 0.000579936 0.00263964 -0.000284136 -0.00179019 0.000897323 0.000848339 9.57492e-06 -0.00579585 0.000174976 -0.00300056 -0.00458453 -0.00353558 -0.00143712 -0.000960067 -0.00126798 -0.0030515 -0.00156394 
0.0106214 -0.0013233 0.0014687 0.00460791 -0.000971667 0.00014861 -0.007107 0.00223531 0.00380829 -0.000253616 0.00406195 0.102933 -0.000610121 -0.00411003 0.0275103 0.0102948 0.0206593 0.00738952 -0.0368763 -0.0039791 0.00706821 -0.0178169 -0.0169662 -0.0275952 -0.0281566 -0.010073 -0.00835516 0.0143297 0.013783 -0.0147711 -0.000491057 0.0177248 0.00773216 -0.00175856 -0.021018 0.00870541 0.00678761 -0.00104236 0.00182358 0.0025134 -0.00069341 -0.000288209 -6.31913e-05 0.00367386 0.0062206 0.00757579 -0.0116061 0.00432983 -0.00137027 -4.86196e-06 0.00752812 -0.000993032 -0.00479563 -0.00325646 -0.0357611 0.000373469 -0.00465704 -0.00315774 0.00188471 0.00531542 0.000969148 -0.00143621 0.000304356 -0.00176373 0.00507403 -0.00110402 0.0320023 -0.00406581 -0.00332491 -0.00736862 0.0117583 -0.00160041 0.00264244 -0.0146237 0.00356972 -0.0071575 0.00618509 -0.00352527 -0.00162025 0.00274486 -0.00079729 0.00424811 -0.00480416 0.000619003 0.0170291 -0.00483321 -0.000244039 -0.00273609 0.00767884 -0.00073847 0.00531015 -0.000572272 -0.00570446 -0.0338056 -0.0321211 0.00699097 0.00653865 -0.0255176 -0.0115677 0.0141808 
0.00194907 -0.00165751 0.00214694 0.00114574 0.0024263 0.000287816 -0.00286332 -0.000581877 0.00247012 -0.00285417 -0.0005979 -0.000610121 0.0626572 0.00124127 0.00200916 -0.00220442 0.0134572 -0.00460061 -0.0117631 0.0125057 -0.000895755 -0.0140875 0.000852632 -0.00954875 -0.00138705 -0.00392734 -0.00127253 -0.00482314 0.00236337 -0.00575219 0.000825305 0.00356369 0.00314758 0.00297242 -0.00604491 0.00137751 -0.000157235 0.00362101 0.00198943 0.00328358 0.000477975 0.000619753 -0.00052988 -0.00275075 -0.00191364 -0.000529002 -0.0205908 -0.0050679 0.00396426 0.000444124 -0.000225089 -0.000430399 0.00122788 -0.00315011 -0.00843662 0.00362104 -0.00524098 0.00176959 0.00120797 0.00135635 -0.00584216 0.00725505 0.00142155 -0.00145348 -0.00135274 -0.00074908 0.00379974 0.00453642 0.00525206 -0.00996026 -0.00248821 -0.000667056 0.00203243 -0.00568382 0.0141211 0.00536043 0.00497156 -0.00104855 -0.00112831 0.00167361 -0.00121873 -0.00591614 0.000178657 0.000272883 -0.00532774 -0.000754632 0.00153536 0.00713408 -0.00152641 -0.00031588 0.0154987 0.00287884 -0.00480318 -0.00459484 -0.00770463 -0.00226923 -0.00344056 -0.00814316 -0.0185147 0.000493678 
-0.000203018 0.0011496 0.00168086 0.000526818 0.000260473 0.00158455 -0.00148462 0.00264747 0.000970912 -0.000541538 -0.000329445 -0.00411003 0.00124127 0.0521088 0.00326215 -0.00129349 0.00588084 -0.00255859 0.00180449 -1.25801e-05 -0.000538642 -0.007535 0.000730443 -0.000837572 -0.00255158 -0.00468432 -0.00217803 -0.00294935 -0.00302957 -0.00191979 -0.000268783 0.00154954 0.000233847 -0.00194363 -0.00180601 0.000226991 -0.000143126 1.27237e-05 -0.000668553 -0.00236548 -9.30994e-05 -0.00106136 0.0010449 0.00289701 0.00148544 -0.000411965 0.00436961 -0.00399565 -5.8698e-05 -0.000228136 -0.000508592 0.000453611 0.000417549 1.37648e-05 0.00192301 -0.0017216 0.00183585 -0.000783862 -0.00145185 -0.000314099 -0.00201281 0.00155868 -0.00115805 -0.00140401 -0.000718951 0.000577605 -0.00687484 -0.00104544 -0.00124722 0.00367469 -0.00104264 0.00376383 0.00525317 -0.00442401 -0.00174919 0.00212944 -0.000870081 -0.000706367 -9.22096e-06 0.000341547 0.000617963 -0.000905377 0.00242119 -0.000562237 -0.00278656 0.00300168 -0.00172181 -0.00029306 -0.00258875 3.19004e-05 0.000109797 -0.00073566 0.00374349 -0.00286431 -0.00437398 0.000794995 -0.00284251 -0.00700564 -0.0125601 -0.001248 
0.0036614 -6.62859e-05 0.00541829 0.00487302 -0.000304212 -0.00194275 -0.0195814 0.0108433 -0.000184524 -0.00641877 -0.000785567 0.0275103 0.00200916 0.00326215 0.130552 -0.00203805 0.0414656 -0.00739942 -0.0293886 0.000864793 0.00266316 -0.0207862 -0.0188551 -0.00781166 -0.0261639 -0.00425364 -0.00963086 -0.00400605 0.00495213 -0.0125567 -0.00325789 0.0142668 0.00505828 -0.00446481 -0.0049286 0.0104924 0.00379277 -0.0017841 0.000568464 -0.00175828 -0.00186235 -0.00162294 0.000134586 0.00647426 -0.00470739 0.00348914 -0.0156059 -0.00155465 -0.00133101 -0.000639471 0.00634306 -0.00179878 -0.0265091 -0.00594516 -0.024118 0.0129707 0.0144097 -0.00597834 -0.00166013 -0.00771296 -0.00763981 0.00594121 -0.00327338 -0.00463398 0.0164146 -0.00173266 0.0260349 -0.00431913 -0.00452327 -0.00806831 0.000162335 0.0100568 0.0353348 -0.0381697 0.00783737 -0.00867515 0.0108158 -0.00423708 -0.000875229 0.00566006 -0.00117751 -0.00303751 -0.00540132 -3.869e-05 0.000313683 -0.0154829 0.00943847 -0.00614499 -0.0138313 -0.000180995 0.0160899 -0.00109826 0.0321678 -0.0148024 -0.0318433 0.00721329 0.00275642 -0.0185969 -0.0331693 0.0180541 
-0.00476373 -0.00368548 0.00943223 -0.0143143 -0.000452203 0.000817075 -0.0333403 -0.00193563 0.00518875 -0.00931162 0.00632147 0.0102948 -0.00220442 -0.00129349 -0.00203805 0.221867 0.00146223 0.0432365 0.0188457 -0.0068446 -0.00101893 0.0227727 0.0289925 -0.0258835 -0.00857729 -0.00296328 -0.018525 0.00666546 -0.005441 -0.0190726 0.00137876 -0.0151221 -0.00255284 -0.00649271 -0.0343945 -0.0044575 0.0514672 -0.00286367 -0.00509611 -0.00343936 -0.00213218 0.00543126 0.00298897 0.0391154 -0.00514559 -0.00748862 0.0288616 0.0221894 -0.00792775 -0.000631329 -0.00564187 -0.00355698 0.031363 0.00401554 -0.035355 -0.0301178 -0.00693315 0.010779 -0.00368694 -0.0130041 -0.00880053 0.0336643 0.00303148 -0.0130123 -0.0148122 -0.00284848 -0.0212458 0.0129671 -0.00777463 -0.00658985 0.0147479 -0.000597361 -0.0612669 0.0446389 -0.00660055 -0.0109445 0.00253567 -0.00795286 -0.000534136 -0.00579286 -0.0103497 0.0202077 0.0082829 -0.00143901 0.0274514 0.00755494 -0.022114 -0.000775085 -0.0155367 -0.0040138 -0.0380251 -0.00459036 -0.0239581 -0.0393733 -0.0339031 -0.016781 -0.0108907 0.00808763 0.00778045 -0.0162079 
0.0238368 0.00644484 0.0112328 -0.00214362 -0.00848237 -0.00911177 0.0156087 0.00096556 -0.000417852 -0.0110208 -0.00386305 0.0206593 0.0134572 0.00588084 0.0414656 0.00146223 0.21801 0.0254057 -0.00419642 0.0464566 0.00392356 -0.0755564 -0.0172004 -0.00789195 -0.0688942 -0.0250692 -0.0200647 -0.0128192 0.0193266 -0.0300226 -0.00147968 0.0498483 0.00834575 -0.0125872 -0.0325626 0.00575469 0.0169241 -0.00143595 -0.00127398 0.0140841 -0.00262581 -0.00605278 -0.00398363 0.013695 -0.00418083 -0.00386408 0.000678127 -0.00255284 -0.00681365 3.99206e-05 0.000877167 -0.00558008 -0.0374188 -0.0273391 -0.0699653 0.062642 -0.00322292 -0.012941 -0.000160082 -0.0139412 -0.0166495 0.0167713 0.000294348 0.00308572 0.0176828 -0.0031592 0.0562614 0.000716724 -0.0131343 -0.0209301 -0.00585535 -0.00306965 0.0414977 -0.0398254 0.0151692 -0.00617972 0.0224278 -0.00685136 -0.0016595 0.00837926 -0.00956588 -0.0322561 -0.0172555 -0.000849457 0.00977813 -0.0221484 0.0103036 -0.00677953 -0.00273089 -0.00196895 0.0863192 -0.00378827 0.0223404 -0.0352868 -0.0486505 0.000779765 -0.0103381 -0.0650205 -0.0458641 0.0277206 
-0.00844669 0.00249282 0.00252068 -0.0107508 -0.00604117 -0.00447136 0.0141319 -0.00243301 -0.0112661 -0.00217705 0.00483683 0.00738952 -0.00460061 -0.00255859 -0.00739942 0.0432365 0.0254057 0.210393 0.0347594 0.00513491 -0.000354531 -0.0244472 -0.00344782 -0.0407325 -0.0277793 -0.00916035 -0.0115338 -0.00910931 0.0176628 -0.0210541 0.0144382 0.0239886 -0.00255823 -0.00996381 -0.0408722 -0.00710466 -0.0154135 -0.00404367 -0.000506418 -0.0120113 -0.000176956 -0.00373007 -0.00378446 -0.0365566 -0.00808618 0.00338461 0.0303261 0.0195913 -0.00513402 0.000969467 -0.002824 0.00288053 0.0311562 -0.00307031 -0.0518831 0.00821056 -0.00906608 -0.00709422 0.00207823 -0.0089403 -0.0297323 -0.0299739 0.000734712 -0.000561116 -0.00962074 -0.00158309 0.0157438 -0.0209421 -0.000795652 -0.0257864 -0.00122627 -0.00371782 -0.0187708 0.0397661 -0.000527406 -0.00740375 -0.00122109 -0.0105589 0.000658214 -0.00965524 -0.00121321 -0.0042664 -0.00340242 -0.000709109 0.0259747 0.0202592 -0.0223279 -0.00427053 0.0306768 -0.00138825 -0.00526298 -0.00174032 -0.0104192 -0.0245418 0.0492776 -0.00569912 -0.00445009 -0.020705 0.0438339 -0.00885569 
-0.0241811 -0.000830393 -0.00259412 -0.0147928 -0.0086445 -0.0074888 0.0488822 0.00227938 -0.0303781 -0.0152552 -0.00772497 -0.0368763 -0.0117631 0.00180449 -0.0293886 0.0188457 -0.00419642 0.0347594 0.240342 -0.0122864 -0.00504551 -0.0306651 -0.0260479 0.0440757 -0.0293101 0.00555838 -0.0249107 -0.0330268 -0.0158461 -0.0317401 0.00814152 0.0322649 -0.0103874 -0.0112448 0.0348905 -0.0119136 -0.00917669 -0.00708433 -0.000431405 -0.00587186 -0.00158275 -0.0146494 -0.00652599 -0.0404208 -0.0140062 -0.00582531 0.108003 0.015153 -0.0194981 -0.00367255 -0.010844 5.75965e-05 0.0164737 -0.0421995 -0.0160653 0.0245655 -0.0094438 -0.0010563 -0.00408035 -0.0176731 -0.0163627 -0.0260659 0.00629419 -0.0195028 -0.0154026 -0.0045774 -0.0487241 -0.0267321 -0.00344323 0.044313 -0.0268303 0.00102897 0.0253485 0.00467913 -0.00559781 -0.00405973 -0.0132721 -0.0191588 -0.00238372 -0.0176817 -0.0112695 -0.0173608 0.0115683 -0.00341703 -0.00646042 -0.00345123 -0.00610149 -0.00882846 0.0188002 -0.00253419 0.0227404 -0.00315457 0.0326724 0.0774709 0.070858 0.00217873 -0.0144601 0.00974588 0.0485897 -0.0189056 
0.00578055 0.00306216 0.00744825 -0.00241634 -0.00280382 -0.00181212 0.0108993 -0.00281788 0.0222536 -0.00372226 0.001413 -0.0039791 0.0125057 -1.25801e-05 0.000864793 -0.0068446 0.0464566 0.00513491 -0.0122864 0.121381 -0.00188009 -0.0104407 -0.0185172 0.0156364 0.00582384 -0.00529603 -0.00309137 -0.0112653 0.00512497 0.00502423 0.000431208 -0.0110259 0.00307166 -0.00157595 -0.00561812 0.000911995 0.00449253 0.00189904 0.000586646 -0.00237235 0.000682171 0.00189513 -0.00167455 -0.00257813 -0.00295564 -0.00353532 -0.0363924 -0.0090111 0.000454364 -9.47374e-05 -0.00233018 -0.00218365 -0.026229 -0.0156573 -0.0173773 0.0255011 -0.00425656 -0.00681771 -0.00180433 -0.0141215 -0.0068903 0.0101079 -0.000460464 -0.00337456 0.00361967 -0.0016301 0.00426372 0.0076688 0.00203475 -0.0237744 -0.00329087 -0.00345025 0.0104398 0.0047032 0.00811821 -0.000666432 0.00329437 -0.000139381 -0.000934507 0.00574986 -0.00200135 -0.0173187 -0.0045181 0.000129338 -0.0128417 -0.0108875 0.00974177 0.0043971 0.00449029 -0.00209601 0.0292593 -1.63269e-05 -0.0109234 0.00127301 -0.00588233 -0.00388989 -0.00885519 -0.0206377 -0.0257395 0.00699067 
0.00173091 -0.000605673 -0.000325514 0.000602616 -0.000358814 -0.000538305 -0.00587311 0.000106456 -0.000671475 0.000107351 0.000177313 0.00706821 -0.000895755 -0.000538642 0.00266316 -0.00101893 0.00392356 -0.000354531 -0.00504551 -0.00188009 0.021914 -0.00378115 -0.00226196 -0.00437839 -0.00453815 0.000149863 -0.00106534 0.00584459 0.00412596 -0.00015721 7.9306e-05 0.00224178 0.00112752 0.000125067 -0.00258954 0.00066127 -0.00199338 -0.000381321 1.89551e-05 -0.000329572 -0.00020581 -0.000468198 -5.46661e-05 -0.00175056 0.000931692 -0.000597561 -0.00197289 0.000723805 -0.000493796 2.44729e-06 0.00126084 0.000259396 -0.0017469 -0.0015548 -0.00452395 -6.5396e-05 0.000723241 -4.32202e-05 0.000670886 -0.000651377 0.000225698 -0.00433915 -0.000178944 0.00209106 0.00129211 -0.000173819 0.00773973 -0.0021832 -0.000741879 -0.00336748 0.00448074 -0.000843506 0.00237785 -0.00382134 0.000482248 -0.00117795 0.00132479 -0.000597159 -0.000344225 7.94599e-05 0.000756453 -0.00195007 -0.00132417 0.000140364 0.00505222 0.000198553 0.000514469 -0.000199078 0.000628144 0.000682682 -0.00295858 -0.000160186 0.00316695 -0.00486637 -0.00582933 0.000984139 0.00186193 -0.00367526 -0.000392993 0.00151643 
-0.0137521 -0.00417184 -0.00828731 -0.000528994 0.00550804 0.00235637 0.00338652 -0.00857485 0.0165197 -0.00457813 0.00311376 -0.0178169 -0.0140875 -0.007535 -0.0207862 0.0227727 -0.0755564 -0.0244472 -0.0306651 -0.0104407 -0.00378115 0.238598 0.0200466 0.0357806 0.102872 0.0369401 0.0153818 -0.0225248 -0.0203467 0.0452532 -0.0110756 -0.0680783 -0.00611237 0.0133528 0.0277962 -0.0079729 -0.0132911 0.00382543 -0.00366753 -0.00819086 0.000916102 0.0131847 0.00143885 0.0174097 -0.00494892 -0.00844924 -0.00820674 -0.00740187 -0.00823802 -0.0018624 -0.00797513 -0.00568133 -0.0140259 0.019398 0.0787311 -0.0509787 -0.00686343 0.00488888 -0.00476603 -0.0132919 -0.00278675 -0.00256735 -0.00309322 -0.0019132 -0.00910861 -0.000730237 -0.0405739 0.0251088 0.00636697 -0.000523017 0.00947857 -0.00578281 -0.0477878 0.0422771 -0.0193061 -0.0103481 -0.016608 0.00350339 -0.00158177 -0.00450983 -0.00814641 -0.00729433 0.00611442 -0.00210106 -0.016403 -0.029926 -0.000745836 9.44677e-05 -0.0105729 -0.00697327 -0.0737794 -0.00195288 -0.0430224 0.0442681 0.0222794 -0.0250258 -0.00272406 0.0584807 0.0186447 -0.0212406 
0.00587081 -0.00563204 0.00113349 -0.00181711 0.00456877 0.000758164 -0.0314732 -0.0046071 -0.0109874 -0.00215477 0.00198803 -0.0169662 0.000852632 0.000730443 -0.0188551 0.0289925 -0.0172004 -0.00344782 -0.0260479 -0.0185172 -0.00226196 0.0200466 0.17386 -0.00734539 0.0156295 0.00883896 0.0134247 0.020821 -0.00480002 0.0191949 0.000461071 -0.0379236 0.00091489 -0.00403373 -0.0138972 -0.00258784 0.0150567 -0.00111227 0.00253061 0.00746292 -0.00134584 0.00197613 0.00081408 0.0267926 -0.00114703 -0.00643996 -0.0211971 -0.0118318 -0.00288399 0.00202246 -0.000351446 -0.00279231 0.0363996 0.0126286 0.00979464 -0.0209063 0.00778848 0.00196914 -0.00485672 -0.00177887 0.00193274 0.0375342 0.00652026 0.0144897 0.000348032 0.00255517 -0.0149071 0.0148578 -0.00125211 -0.0334845 -0.00513999 0.0027176 -0.0311003 0.00804178 -0.00468731 0.00638142 0.000995549 -0.00339439 0.000793723 0.000653665 0.000113733 0.017935 -0.00292617 -0.00276215 0.0146357 0.018329 -0.0160111 -0.00331502 -0.0202816 -0.00130842 -0.0205973 -0.00193796 -0.0242292 -0.0434485 -0.0385537 -0.0148238 -0.00727779 0.0360744 -0.0184155 -0.0111786 
-0.00453311 -0.00289478 0.00160866 -0.00269889 -0.00775544 -0.00160379 0.0352275 -0.00141389 -0.00249487 -0.00659853 -0.00404255 -0.0275952 -0.00954875 -0.000837572 -0.00781166 -0.0258835 -0.00789195 -0.0407325 0.0440757 0.0156364 -0.00437839 0.0357806 -0.00734539 0.239325 0.0190586 0.00944817 -0.00159821 -0.0491641 -0.0176954 0.0107767 -0.0034528 -0.0265641 -0.00520958 0.00778679 0.0399189 -0.00152776 -0.00618064 0.000526918 -0.00494655 0.00322159 -1.41382e-05 -0.00471359 -0.00237916 -0.0183242 -0.00663953 -0.0120159 0.0404836 -0.0190787 -0.013911 -0.0042774 -0.00728516 -0.0074816 -0.0286635 -0.0226875 0.0556114 0.0132389 -0.000137024 -0.0128059 -0.00726507 -0.0292238 -0.0234463 0.00604391 0.000610773 0.000952049 0.00284259 -0.00175243 -0.050052 0.0268262 -0.00689202 0.0318858 -0.00969298 -0.00175978 0.0199273 -0.0122196 -0.00647842 -0.00255009 -0.00800839 -0.00260528 -0.00102583 0.00027552 -0.0117047 -0.0375001 0.00591109 -0.000722795 -0.0284284 -0.0477195 -0.0125476 -0.00656259 -0.011711 -0.00745277 0.0244346 -0.004194 0.0267225 0.0694886 0.00724961 0.00317348 -0.0110374 0.0116568 -0.0107898 -0.0135696 
-0.0208859 -0.00416982 -0.00180281 0.000113222 0.00341544 0.00918401 -0.0304148 -0.00659625 0.0151469 0.00277562 4.97195e-05 -0.0281566 -0.00138705 -0.00255158 -0.0261639 -0.00857729 -0.0688942 -0.0277793 -0.0293101 0.00582384 -0.00453815 0.102872 0.0156295 0.0190586 0.230435 0.0305665 0.0290784 -0.0143657 -0.0145707 0.0621991 -0.00377774 -0.084389 -0.00741182 0.00924678 0.0455134 -0.010185 -0.0355763 0.00654362 -0.00283536 -0.0212009 0.00187739 0.014582 0.00343294 -0.00670835 -0.00819865 -0.00842829 -0.0483081 -0.00901876 0.00167897 -0.00113505 -0.00808919 -0.00523732 -0.0276248 0.0172344 0.100474 -0.0395295 0.00523496 0.00138708 -0.00171165 0.000201572 0.0118022 -0.038126 -0.00618048 -0.00210887 -0.00654735 0.000736316 -0.0728986 0.0113366 0.0117132 -0.00602879 -0.00266813 0.00213251 -0.0395011 0.0643219 -0.00954251 0.0108771 -0.0103921 0.00995055 -0.000154423 -0.00301159 0.00158989 -0.0102466 0.00838899 0.000207542 -0.031482 -0.0208154 0.00457346 0.0119969 0.00765702 -0.00351189 -0.0769624 0.00044941 -0.0497486 0.0590009 0.069347 -0.0277652 -0.00368259 0.0480306 -0.00388359 -0.0230786 
-0.00292529 -0.00143133 0.000559411 0.00135421 0.000642959 -0.00121395 0.00706869 -0.00192447 -0.00250476 -0.00255422 -0.0011697 -0.010073 -0.00392734 -0.00468432 -0.00425364 -0.00296328 -0.0250692 -0.00916035 0.00555838 -0.00529603 0.000149863 0.0369401 0.00883896 0.00944817 0.0305665 0.109913 0.00802851 0.00164454 -0.00641649 0.0100441 -0.0033191 -0.014005 -0.000565298 -0.000588426 0.00846468 0.000145197 -0.000432534 -0.0014077 -0.000208591 -0.00761635 0.000284166 0.000777597 -0.00114693 -0.00703198 -0.00455015 -0.000650539 -0.0132439 0.00504562 -0.00432184 0.00160148 0.00159838 -0.000186665 -0.0083762 -0.00213599 0.00960411 -0.0125957 -0.00881654 0.00376834 -0.00168558 -0.0125081 -0.0130509 0.000743916 0.00324788 -0.00350093 -0.00244245 0.000625514 -0.0165284 -0.00175329 -0.0021185 -0.0216444 -0.0050055 -0.00460851 -0.00560971 0.0135481 -0.00290997 -0.00344692 -0.00498567 -0.00228333 -0.00164432 -0.00143162 -0.00200466 -0.00876935 -0.00411081 -0.00118704 -0.00915209 -0.0036473 0.00161598 -0.00693782 -0.00246153 -0.00116339 -0.0201764 0.00130374 -0.0102415 0.0127932 0.0120995 -0.00715598 0.00160411 0.0425432 0.0146247 -0.00586421 
-0.00231134 -0.000172989 -0.00128153 0.00275201 0.00121161 0.00203789 -0.00457676 -0.0014537 -0.00052185 0.00167741 -0.000255787 -0.00835516 -0.00127253 -0.00217803 -0.00963086 -0.018525 -0.0200647 -0.0115338 -0.0249107 -0.00309137 -0.00106534 0.0153818 0.0134247 -0.00159821 0.0290784 0.00802851 0.0777029 -0.0049228 0.00326653 0.0323846 -0.00120966 -0.0146499 -0.00120281 0.000457178 0.00639689 -0.00195003 -0.00938183 0.00414177 0.00131341 -0.00482559 0.000866323 0.00595103 -0.000947039 -0.00192108 -9.83068e-05 -0.00159913 -0.0300045 -0.0017364 0.00623118 0.00124946 -0.00190054 -0.000338441 -0.00718693 -0.00277025 0.0252656 -0.0107139 0.000574833 0.0031097 -0.000443646 -0.000885269 0.00546429 -0.00868222 0.00116852 0.00577087 -0.00256905 0.00215889 -0.00902682 -0.00029276 -0.000641563 -0.011764 -0.00647689 -0.000987975 -0.00415383 0.00529793 -0.00269701 0.0124298 -0.00220763 0.000806048 0.00171507 -0.00214724 0.00217002 -0.00687541 -0.00155411 -0.000747465 -0.00738043 -0.00108999 -0.00241327 0.00355028 -0.000469684 0.000472584 -0.0169486 0.00145906 -0.0130203 0.00802672 0.00909876 -0.00498168 0.000163543 0.0241568 -0.00524846 -0.00254877 
-0.00646052 -0.00501162 -0.0026951 -0.00287018 0.0058424 0.0034099 -0.0472534 -0.00203677 0.00453455 0.0019487 -0.000395536 0.0143297 -0.00482314 -0.00294935 -0.00400605 0.00666546 -0.0128192 -0.00910931 -0.0330268 -0.0112653 0.00584459 -0.0225248 0.020821 -0.0491641 -0.0143657 0.00164454 -0.0049228 0.141447 -0.00479509 -0.00505646 -0.00340844 -0.00744363 0.00142221 -0.00393856 -0.0251948 0.00126161 0.00255793 -0.00241098 -0.00230481 -0.00544368 -0.000342141 -0.00444894 0.00222188 0.017193 0.012405 0.00303056 -0.0274152 -0.00302044 0.00782751 0.00262793 0.0124872 0.00349456 0.0337324 0.0218803 -0.0287394 -0.0211514 0.00412238 -0.00029977 0.000356316 0.0119024 0.0267707 0.0153578 0.00258308 0.00712159 -0.00312951 0.00243084 0.0253442 -0.0152985 0.00268053 -0.0198388 0.0214312 -0.000290873 -0.0353968 0.0155307 -0.00451389 -0.00574906 0.00302687 -0.00161853 -0.000749214 0.00370615 0.00798978 0.0450099 -0.00569584 -0.000920867 0.0320848 0.0532203 -0.0024176 -0.00152161 -0.00971431 0.000304748 -0.0415418 0.000224205 -0.0157889 -0.0542098 -0.0335068 -0.0024328 0.0167656 -0.00726323 0.0185533 -0.00243557 
0.0118121 -4.96324e-05 0.00248136 0.00419358 -0.00147958 0.00171294 0.0056047 0.000497873 0.00129514 -0.00383015 0.00342262 0.013783 0.00236337 -0.00302957 0.00495213 -0.005441 0.0193266 0.0176628 -0.0158461 0.00512497 0.00412596 -0.0203467 -0.00480002 -0.0176954 -0.0145707 -0.00641649 0.00326653 -0.00479509 0.0719708 -0.0028943 0.00412676 0.0137042 0.00620594 -0.000786337 -0.0133854 -0.000446415 -0.00225026 -0.000321204 0.00409192 0.0020148 -0.0003514 -0.000934492 -0.000636948 -0.00518689 0.000287783 0.00165233 -0.0229745 0.00482573 0.0027163 0.000687363 -0.000629022 -0.000171869 -0.00589189 -0.00884676 -0.0101094 0.00381221 -0.00465253 -0.00333362 0.00137158 -0.00456925 0.00123432 -0.00694016 0.00262492 0.00215976 0.0100754 2.69885e-05 0.0186622 -0.00374612 -0.00270095 -0.0153986 0.00147383 -0.000953776 0.00961221 -0.0204898 0.00635255 0.00080484 0.00669918 -0.00224647 2.29843e-05 -0.000750793 0.00290426 -0.00925028 -0.00550313 0.003218 0.00595913 -0.0014543 -0.00145434 0.00363769 0.00839896 0.000528088 0.0133176 0.00261286 -0.00432281 -0.0286635 -0.0120258 0.00183416 0.00153878 -0.0126741 -0.0193902 0.0118459 
0.000873483 -0.000587397 -0.000142294 0.00263803 0.00106695 0.000304444 -0.0113253 -0.00325275 0.000785767 -0.00772186 0.00180032 -0.0147711 -0.00575219 -0.00191979 -0.0125567 -0.0190726 -0.0300226 -0.0210541 -0.0317401 0.00502423 -0.00015721 0.0452532 0.0191949 0.0107767 0.0621991 0.0100441 0.0323846 -0.00505646 -0.0028943 0.125477 -0.000972709 -0.0316549 -0.00308681 0.00546165 0.0242574 -0.00485693 -0.0147336 0.00261095 -0.00282458 -0.00767179 0.00014058 0.00820301 0.00045149 0.00180799 -0.00144677 -0.00530763 -0.040908 0.000362273 0.00142363 0.00020061 -0.00351676 -0.0023468 -0.02987 -0.000396011 0.0478725 -0.00959635 0.00992321 -0.00259179 -0.00252709 -0.00862855 0.00935191 -0.0177766 -0.00337736 0.00788054 0.00189566 0.000742922 -0.015402 0.0127454 -0.00391516 -0.0177607 -0.0071613 0.000639612 -0.00633862 0.0127095 -0.00588823 0.00529432 -0.00536968 0.00528276 0.00183314 -0.00180787 0.00300998 -0.014237 -0.00626017 -0.000257375 -0.0122504 -0.0077206 -0.00265121 0.00349277 -0.00530811 -0.00185821 -0.0323542 -0.000122657 -0.0189075 0.0268339 0.0203621 -0.0113837 -0.00305154 0.026842 -0.0116237 -0.00570706 
-0.00303778 -0.00144554 0.000623076 -0.00101178 -0.000351447 8.34179e-05 -0.00535663 0.00253961 -0.00216232 -0.00175125 0.000398439 -0.000491057 0.000825305 -0.000268783 -0.00325789 0.00137876 -0.00147968 0.0144382 0.00814152 0.000431208 7.9306e-05 -0.0110756 0.000461071 -0.0034528 -0.00377774 -0.0033191 -0.00120966 -0.00340844 0.00412676 -0.000972709 0.0377169 -8.7603e-06 -8.34302e-05 -0.000895198 -0.00194507 -0.000989611 -0.0043602 -0.000436407 7.14339e-05 0.000706183 -1.53625e-05 -0.00113459 -0.000388223 -0.00611122 -0.000681546 0.00309953 0.00371175 0.00221924 0.000151203 0.000440663 -0.000852041 0.000198242 0.00464418 -0.00371535 -0.00644678 -0.00146411 0.00128292 -0.000766996 -0.000471734 -0.00116554 -0.0027649 -0.00433015 0.000832658 0.00233144 -0.00133722 -0.000276758 -0.00141264 -0.00272029 4.90435e-05 -0.00283256 -0.000962575 0.00254361 -0.00422133 -0.00600129 0.000487311 -0.000552006 0.000713508 0.000618451 -0.000281684 -0.000360668 0.00414799 -0.00284925 0.000476009 0.000215884 0.00308865 0.000399741 -0.00186745 0.00116285 0.00498107 0.000680335 -0.00142717 6.10571e-07 -0.00274979 -0.00228536 0.005905 -0.00113595 0.00231716 0.000180035 0.00338726 -0.00215612 
0.0263009 0.000820546 -0.00470582 7.81137e-05 -0.00874984 -0.00775487 0.0578266 0.000188974 -0.0206763 -0.0169193 -0.00482014 0.0177248 0.00356369 0.00154954 0.0142668 -0.0151221 0.0498483 0.0239886 0.0322649 -0.0110259 0.00224178 -0.0680783 -0.0379236 -0.0265641 -0.084389 -0.014005 -0.0146499 -0.00744363 0.0137042 -0.0316549 -8.7603e-06 0.228173 0.00293893 -0.00945224 -0.0168767 0.00968178 -0.00475493 -0.00621718 -0.00333242 -0.000267261 -0.00350407 -0.0112646 -0.00513779 -0.0113324 0.00478175 0.0094135 0.0472811 0.00447434 -0.0012488 0.000774212 -0.00455287 0.00367965 -0.0100782 -0.0359049 -0.0483232 0.0257237 -0.0123818 -0.00828393 0.001495 -0.00492889 -0.0158642 -0.0184094 -0.00471862 -0.00858783 0.00269005 -0.00364655 0.0320538 -0.028673 -0.0143715 -0.00906951 -0.0206034 -0.00337016 0.0549164 -0.0575835 0.00789574 -0.00341818 0.00824651 -0.0213591 -0.00286424 4.67763e-05 -0.00397685 -0.0115657 -0.0190896 -0.00299001 0.00925815 -0.00237635 0.00404461 -0.0124938 0.0198202 -0.00477305 0.0493926 -0.00149 0.0476829 -0.0239477 -0.00447184 0.0373511 0.00181504 -0.0395116 0.0273423 0.0262189 
0.00875051 -0.000497643 0.00353825 0.00196199 -0.000382442 -0.000184455 -0.000256837 0.00106786 0.00113191 -0.0013956 0.000553692 0.00773216 0.00314758 0.000233847 0.00505828 -0.00255284 0.00834575 -0.00255823 -0.0103874 0.00307166 0.00112752 -0.00611237 0.00091489 -0.00520958 -0.00741182 -0.000565298 -0.00120281 0.00142221 0.00620594 -0.00308681 -8.34302e-05 0.00293893 0.0252373 0.000600976 -0.00548249 0.00274123 0.00122694 0.000509045 0.00206765 0.00307693 0.000456498 -0.000689921 6.75424e-05 0.00198662 0.0012503 -0.000678736 -0.00798086 -0.000765293 -0.000335543 0.000294353 0.000444198 -0.000137276 -0.00469032 -0.00251717 -0.00642692 -0.00179217 -0.00206894 -0.00104835 -2.34993e-05 0.00198389 -0.00109409 0.000497327 0.000292844 0.000219791 0.00214905 -8.07125e-05 0.00571778 0.000580237 -0.000488251 -0.00476303 0.0017302 -0.000135032 0.0039186 -0.0104927 0.0016876 -0.000614882 0.00374926 -0.00140387 -0.0002825 0.00162031 -0.000391288 -0.00282507 -0.000636322 0.00105681 0.00303624 -0.00181417 -0.0011755 -2.33035e-05 -0.00184959 -0.000356846 0.00498213 0.000853294 0.00154006 -0.009871 -0.0110238 0.00037189 0.00057906 -0.00505942 -0.00569619 0.00287376 
0.000188639 0.000866865 -4.05184e-05 0.00130293 0.00203678 0.00286312 -0.00319404 -0.000995268 0.003147 -0.00192239 0.00189391 -0.00175856 0.00297242 -0.00194363 -0.00446481 -0.00649271 -0.0125872 -0.00996381 -0.0112448 -0.00157595 0.000125067 0.0133528 -0.00403373 0.00778679 0.00924678 -0.000588426 0.000457178 -0.00393856 -0.000786337 0.00546165 -0.000895198 -0.00945224 0.000600976 0.0472076 -0.00214266 -0.000399392 -0.00399779 0.0031155 0.000490919 0.00110078 0.000661955 8.55275e-05 0.00106868 -0.00475293 0.00013472 -0.00151356 -0.00431988 -8.61554e-05 -6.81879e-05 -0.000251551 -0.000702594 0.000112799 0.000383284 0.000432602 0.013699 -0.00721976 -0.00398731 -0.00107151 0.000174444 0.00481133 0.00119416 -0.00278399 -0.00080968 1.20402e-05 -0.000221527 -3.17885e-06 -0.00314706 0.0136069 0.00429876 0.000155929 0.00508237 -0.00169309 -0.00920133 0.000562466 -0.000965527 -0.00231004 -0.00212867 0.00196416 0.00040346 -0.00197833 0.00133186 0.00013104 0.00242103 0.00295662 -0.00378933 -0.00406689 -0.00131227 0.00734517 -0.00107545 -0.000290322 -0.00769837 0.000738046 -0.00436928 0.00367785 -0.00512998 -0.00404719 0.00510427 -0.00381983 -0.00765345 -0.001882 
