0.0519838 0.00326697 0.00421024 0.0044845 0.00128481 0.00661754 -0.000978437 6.5511e-05 0.000274153 0.00937293 0.00337111 0.0024559 -0.00174187 -0.00127756 0.00366069 0.000335584 -0.00168624 -0.000313006 0.00451566 -0.00281265 -0.00244623 0.000366218 -0.00526474 0.000376024 -0.000485637 -0.00218601 -0.00259615 -0.00638938 0.00688429 -0.00337108 -0.00170115 -0.00365301 -0.00155042 -0.00122992 0.00104525 -0.00292681 0.00137757 -0.00276012 -0.0047248 -0.00103324 0.000220515 0.00357471 0.000180752 -0.00336797 -0.00882594 -0.000152255 -0.00441758 -0.00290824 0.00020078 -0.00406302 -0.00286208 0.0025068 -0.000819307 -0.000129286 -0.00101476 0.000227811 0.00345432 -0.00775759 -0.00264283 -0.0073592 0.000858635 -0.00099899 -7.12995e-05 -0.00106547 -0.00153046 -0.00138553 -0.00502356 -0.00116482 0.000513614 -0.00340864 -0.00272505 -0.00193358 -0.00081991 -0.00529621 -0.000438567 0.00281674 -0.00411848 -0.000486871 0.00413519 -0.000391653 -0.000683361 0.00229559 -0.000559931 0.00172007 -0.00355786 0.00273599 -0.00343343 0.00226543 0.00206156 -0.000201499 -0.00264583 -0.000408148 -0.000607435 -0.00412661 0.000620658 -0.00118712 0.00815065 0.00109817 -0.00266543 0.00279744 
0.00326697 0.0639366 -0.000725396 0.0148643 0.000240678 -0.00081982 -0.00759284 -0.00172033 -0.00476241 0.00163764 0.0033358 -0.00233732 0.00233448 -0.00844001 0.0105254 0.000659917 -0.00144678 -0.000794749 -0.000973114 0.00537747 -0.00328312 0.00620228 0.0101038 -0.00080762 0.0114632 0.00118823 0.00314531 -0.00128298 -0.0122937 -0.00478816 -5.21356e-05 -0.00778997 0.0115867 -0.00202126 0.00110944 0.00907959 0.00148716 0.0139675 -0.0128692 0.0119238 0.00107708 0.000630717 0.000813354 -0.0014584 -0.00293175 0.00136211 0.0189588 -0.00286541 0.00159297 -0.00154523 0.00522981 0.00266873 1.28731e-05 -0.000622227 -0.00357292 0.00586857 -0.00071137 -0.00229966 -0.00489482 -0.0106217 0.00374723 -0.00687694 0.000462658 -0.000548304 -0.00667763 0.00368296 -0.0100094 -0.000100543 3.74459e-05 -0.00549201 -0.00316214 -0.00673036 -0.00814822 -0.0106405 -0.00482719 -0.0152165 -0.00550122 -0.00535025 -0.000530047 0.00408161 -0.00359616 0.00077821 -0.000992444 -0.00314663 -0.00341423 -0.000271691 0.00316655 0.0138112 -0.00224903 -0.00240397 -0.0104393 -0.00480021 -0.00341668 -0.00785237 -0.000519717 -0.00327442 -0.0104475 0.00247828 -0.00331926 -0.00161798 
0.00421024 -0.000725396 0.13659 -0.00270881 0.00352144 -0.00853631 -0.0131218 -0.00234593 -0.00673122 -0.00119142 -0.00271954 0.0319546 -0.00468377 0.0111357 0.0372161 0.00116522 0.0224851 -0.000855443 -0.0138977 -0.00437702 -0.00220382 0.00182292 -0.00711788 -0.0147589 0.0134271 0.000220764 -0.0142244 0.0205342 -0.0182938 -0.0172428 0.0029004 0.033971 0.00114419 0.00368594 -0.00423961 0.00127456 -0.00776509 0.00312318 -0.0187135 -0.00469646 -0.0015671 -0.000222613 0.000931383 -0.0140298 -0.00727636 -0.0128442 0.0238333 0.00263106 -0.00880365 0.00682433 -0.00813672 -0.00372518 -0.00254647 -0.0120316 0.00165292 -0.000301538 0.00679831 0.00506465 -0.0126783 0.00895019 -0.00055625 -0.00815782 0.00182093 -0.0072476 -0.01672 0.00148422 -0.00812321 -0.00336077 -0.00385883 -0.00665603 -0.00641573 -0.0245158 -0.0121588 -0.0315543 0.00368788 0.0202446 -0.00583271 -0.00731083 0.00897482 -0.00624094 -0.00430101 2.01453e-05 -0.00290101 -0.0132733 -0.0189102 -0.00187864 -0.00599741 0.00223141 -0.000859715 -0.00345309 -0.000797141 0.0293378 0.0224986 -0.007781 -0.0058227 0.0135691 -0.000315304 -0.0102155 0.000228167 -0.0106365 
0.0044845 0.0148643 -0.00270881 0.0884916 0.000394236 -0.00179114 -0.0100788 -0.00377658 0.00819347 -0.00323466 -0.000839999 0.00491626 0.000270935 -0.00564019 0.0146346 -0.00171264 0.00108081 -0.00392946 -0.00221472 0.00301271 -0.00933792 0.00275308 0.0168543 -0.002954 0.029845 -0.00382272 0.00758218 0.00491292 -0.00254082 -0.0112823 0.0022191 0.00365009 0.000993768 -0.00571192 0.0120831 0.00416605 0.00580891 -0.000314911 1.23649e-05 0.00747395 -0.00194779 -0.00119837 0.00139383 -0.00373124 -0.00537784 -0.000953567 0.01264 -0.0026107 0.00390614 -0.00768455 -0.00378171 0.0028505 -0.000376158 -0.00134562 -0.00461955 0.00286937 -0.00428504 -0.00667734 -0.00898822 -0.00501538 0.00247466 0.00551783 -0.000790816 -0.00703236 -0.0141398 -0.000269682 -0.000638871 -0.00144411 -0.00143518 -0.00549499 -0.00483288 -0.00765196 -0.00822564 0.000101476 -0.00664647 -0.00151124 -0.00536927 -0.00540756 -0.00429171 -0.00176023 -0.00394764 -0.00142127 -0.00182365 -0.00468743 -0.00526798 0.00315916 0.00581791 0.00631573 -0.00291353 -0.00122804 -0.00999745 -0.00312983 -0.00716395 -0.0117989 0.000124789 -0.00855013 -0.0127771 -0.00268527 -0.00746702 0.00641694 
0.00128481 0.000240678 0.00352144 0.000394236 0.075758 -0.00334636 -0.00521242 -0.000334846 -0.00872553 0.0029304 -0.000669834 0.0152867 -0.0016932 -0.00379311 0.00521729 -0.000649262 0.00147934 0.00775106 0.00979693 -0.00524964 -0.00202755 0.0045987 0.00622241 -0.000241737 -0.00299954 -0.00357802 -0.0110786 0.00835311 -0.00405874 -0.00794389 -0.000921575 -0.018439 0.00196976 0.00763874 0.0135299 0.00297859 -0.00406839 0.00176704 -0.013294 0.000829617 -0.00149486 0.000395225 -0.000212692 0.00749812 -0.018611 0.00672637 -6.54936e-06 0.00257168 0.003115 0.00756976 -0.00170202 -0.00166637 0.00125629 0.00237544 -0.00995893 -0.00154869 0.00862888 -0.0114498 -0.00664369 -0.0145595 0.000987232 -0.00294422 7.91112e-05 0.00564364 -0.00471994 0.00142587 -0.0130221 0.00134349 0.000611966 -0.0049978 0.00793264 -0.0221681 0.0221025 -0.00817714 -0.00174104 0.00394801 -0.00821338 -0.00169453 0.00123096 0.000980628 0.00155776 3.23969e-05 2.04085e-05 0.000547663 -0.0054054 0.000842642 -0.00174969 0.0124783 -0.00190353 -0.00222162 0.00159043 0.00891642 0.00101928 -0.014195 0.00199942 -0.006632 -0.0127787 -7.50141e-05 -0.00492046 -0.00323726 
0.00661754 -0.00081982 -0.00853631 -0.00179114 -0.00334636 0.0938747 0.0059061 0.0129146 0.00846014 -0.00288781 0.00032347 -0.0068863 0.000520031 0.0128856 0.00983616 0.00337381 0.0182104 -0.00192291 0.000981562 -0.00568088 -0.00519617 -0.000209573 -0.010396 -0.000702687 -0.00733645 -0.00185133 -0.0196998 -0.00533383 0.00197678 -0.0141416 -0.000792629 -0.0323893 0.00271054 0.00011921 -0.0109042 -0.00426101 -0.00741953 -0.00360876 -0.00298584 -0.00646779 0.0043339 0.0011248 -0.00295359 0.0294543 -0.00746372 0.0191892 -0.00718491 0.000836327 0.00632461 -0.00617852 0.00563225 0.00173424 0.000150378 -0.00345694 -0.00875436 -0.00439542 -0.00674894 -0.0277465 -0.0148309 -0.00795251 -0.0029911 0.0184599 0.000627577 -0.000250497 -0.00674857 -0.00214413 -0.021278 -0.00112851 7.35225e-05 -0.00209767 0.00173496 -0.0189447 -0.0050606 0.0186665 0.00689587 0.00222107 0.00553983 0.0083455 -0.00316121 0.00411145 -0.0011197 0.000856991 -0.000604368 0.00225278 -0.00492838 0.00542885 -0.00631871 0.0248634 -0.0046682 0.00207661 -0.00524755 -0.00357568 -0.00443887 -0.00753208 0.00893883 -0.00433132 0.0064902 0.00952122 0.00434572 -0.0091374 
-0.000978437 -0.00759284 -0.0131218 -0.0100788 -0.00521242 0.0059061 0.129398 0.0099768 -0.00540627 0.0101198 -0.000444076 -0.013968 -0.00674014 -0.00944898 -0.0299152 -0.00309915 -0.0182861 -0.00754514 0.00889459 -0.0103523 -0.00433003 0.00169427 -0.00860342 0.00976572 -0.0267928 -0.0043628 -0.0170999 -0.00191498 0.0182003 -0.0167436 -0.000187831 -0.0161384 -0.00825973 0.0166222 -0.0157465 -0.00883948 -0.00312618 -0.00445202 0.0429886 -0.00545956 -0.00463603 -0.00287967 0.00120086 -0.00723051 -0.0165277 -0.0115462 -0.0264974 -0.0153184 0.00946882 -0.0101003 0.00906569 -0.00372654 0.00155233 0.0121942 -0.00340869 0.0013328 -0.00278973 -0.0279893 -0.00724256 -0.0123808 -0.0064597 0.00780603 -0.00155327 0.0208232 0.00370694 -0.000325407 -0.0171711 -0.00160885 0.000197532 -0.00272491 -0.00813567 0.0117877 0.00585683 0.0321752 -0.00206294 0.000437572 0.0013148 -0.00764514 0.0170829 -0.00160701 -0.00515531 0.0069468 -0.00103077 0.0156725 0.000909541 0.00252962 0.00309528 -0.017136 -0.00329273 -0.0024304 0.0550777 -0.00794317 0.0108749 0.0254541 -0.00117642 0.00976013 -0.020465 0.0125544 0.027445 -0.0154455 
6.5511e-05 -0.00172033 -0.00234593 -0.00377658 -0.000334846 0.0129146 0.0099768 0.0770443 -0.0122828 0.00421573 0.00136379 0.000873117 0.00296162 0.00541894 -0.0070239 0.00447349 0.0141614 -0.00215529 0.00561412 -0.00685652 -0.00416318 0.0101344 -0.00715051 -0.00144965 -0.021237 -0.00353288 -0.0157569 -0.00495445 -0.00304716 -0.0107613 0.00436453 -0.0107906 -0.00463015 -0.00160117 -0.0113832 -0.00439992 -0.00229366 0.00559379 -0.000830679 -0.00138867 0.000106258 0.00112206 -0.00106135 -0.00121687 -0.0239981 0.00246198 -0.00223664 -0.00518906 -0.00405464 -0.0068834 0.0166586 0.00633821 0.00147975 0.0069915 -0.0053188 0.000630274 -0.00222332 -0.0248414 -0.0130473 -0.000843078 -0.00105514 -0.00932718 0.00151204 0.0114461 -0.00028103 0.00265474 -0.0112268 -0.00185789 3.95264e-05 -0.0041194 0.0112998 -0.0290648 -0.00623904 0.00915569 0.00799536 -0.00117654 0.0155471 -0.00261537 0.000680192 0.00112418 0.00152039 0.000394723 -0.00118099 0.00542243 -0.000156722 0.00329361 -0.00280617 0.00437401 -0.00278772 0.00390255 0.0115404 -0.00439012 0.0100158 0.0124434 0.00420179 0.00340741 -0.0109765 0.000754873 0.0168205 -0.00846879 
0.000274153 -0.00476241 -0.00673122 0.00819347 -0.00872553 0.00846014 -0.00540627 -0.0122828 0.183828 -0.0128414 -0.00186585 -0.0324238 -0.00896612 0.00424821 -0.0109485 -0.00310793 -0.0285047 -0.00716123 -0.0168857 0.0154285 -0.0184678 -0.015218 0.0030832 -0.0155273 0.0280306 -0.00351495 -0.00896108 -0.0282345 0.0136762 0.0135895 -0.00716301 -0.0160263 -0.00607069 -0.00162998 -0.0101718 -0.00205559 -0.00208379 -0.00372875 0.0454521 -0.00862162 0.00628275 -0.00303625 -0.00396313 4.03032e-05 0.0449347 -0.00833826 -0.0276485 0.00969133 0.00945425 -0.0163785 -0.0102713 0.00216558 -0.000885554 -0.00149315 0.000725839 -0.00160674 -0.00815652 0.0311412 0.00437821 0.00304108 0.00355102 0.0370031 -0.00145871 -0.00660758 0.00721299 -0.00127567 0.021513 -0.000928046 -0.0010057 0.000628955 -0.0108191 0.0511243 0.0104265 0.00800683 -0.00768897 0.0223588 -0.0290881 -0.0127622 -0.0165182 -0.0048746 -0.0100567 -0.00276303 -0.00498603 0.000239749 -0.000436298 -0.00409571 -0.00148833 -0.00184028 -0.00624503 0.00629112 -0.0149741 0.00261143 -0.0144365 -0.032943 -0.00818285 -0.0261362 0.00182885 0.0131803 -0.0135674 0.00294876 
0.00937293 0.00163764 -0.00119142 -0.00323466 0.0029304 -0.00288781 0.0101198 0.00421573 -0.0128414 0.0786205 0.000105614 0.00120707 0.000704277 0.00264402 -0.0159822 -0.00234395 -0.00185134 0.00135753 0.0104443 -0.00593066 0.00287661 -0.00272904 -0.00514435 -0.00109013 -0.00746166 0.00849821 0.00600347 0.00207968 0.00207217 0.00150849 -0.000340763 -0.0142583 0.00202248 -0.00338098 -0.00567612 -0.00325682 -0.00139984 0.001938 -0.0050495 0.000739943 -0.00256866 0.0042658 4.3924e-05 0.00104606 -0.0256546 -0.00436753 -0.00491782 0.0109687 -0.00216772 -0.0016083 0.00491117 -0.00135099 -0.00095706 0.0036081 0.000651095 0.00177158 -0.000732891 -0.013274 -0.00848301 -0.00922771 -0.0013795 -0.00350151 -0.000641573 0.00642971 -0.000429896 -0.00300378 -0.00840961 -0.000551278 -7.13334e-05 -0.00162846 0.00147996 -0.00709433 -0.00337995 -0.00601687 -0.00262577 -0.00379393 0.00623392 -0.0036183 0.00864989 0.00148982 0.00130657 0.000330601 0.00141739 -0.000393357 -0.00599893 0.00391414 -0.00326958 -0.00625561 0.000703224 0.00183486 0.00311465 -0.00603473 0.00725514 0.00442055 -0.000338984 0.0116305 -0.00244001 -0.00329954 -0.00161227 0.00857399 
0.00337111 0.0033358 -0.00271954 -0.000839999 -0.000669834 0.00032347 -0.000444076 0.00136379 -0.00186585 0.000105614 0.0362603 0.00584556 0.000936854 -0.000772211 0.00360533 0.00112456 0.000925011 0.00261724 -0.00148959 0.00162021 0.00548425 0.000928433 -0.00244124 -0.00229625 -0.0076348 0.00178401 0.00347573 -0.000281519 -0.0033093 -0.00308213 -0.00137546 -0.002619 -0.000510823 0.00115824 -0.00231734 -0.000843277 0.000203637 -0.000457473 -0.00198877 0.00240237 0.00321967 0.00220429 0.00109346 -0.00281391 -0.00389118 -0.00138205 0.00805254 -0.00310159 0.000457663 -0.00272571 -0.000187721 0.000130391 -0.000662326 -0.00302006 -0.00478956 0.00114682 -0.000719333 -0.0085716 -0.00363258 -0.00219471 0.000980459 -0.00489908 0.000949893 8.40582e-05 -0.00531179 1.52498e-05 -0.00657193 -0.000981502 0.000168563 -0.00169114 -0.00192579 -0.00583239 -0.00259493 0.00591637 0.00134837 -0.00461881 0.00483209 0.00419312 -1.26447e-05 0.0028196 0.00106139 0.000876493 -0.000620821 -0.00118603 -0.00245785 0.000105869 -0.000775624 -1.06588e-06 0.000144615 -0.000753167 -0.000706643 -0.000586027 -0.00183295 0.00705459 -0.000882594 0.00295009 -0.003032 -0.00010324 -0.00169598 -0.00195243 
0.0024559 -0.00233732 0.0319546 0.00491626 0.0152867 -0.0068863 -0.013968 0.000873117 -0.0324238 0.00120707 0.00584556 0.163153 0.0030959 0.00193585 0.0618862 0.000235502 0.0744877 0.0106684 -0.00938241 -0.0071232 -0.00184503 0.00759327 -0.0141036 -0.0241085 -0.0162052 -0.00986467 -0.0312817 0.0419721 -0.0138258 -0.0370331 0.0040843 0.0199175 -0.00423687 -0.00912379 -0.0106591 -0.0127256 -0.00647927 0.00478474 -0.032739 -0.00632059 0.00155284 0.00402133 0.00127498 -0.00342726 -0.0323787 0.0036945 0.049764 -0.00754332 -0.00985159 -0.0021222 -0.00579281 -0.0101586 -0.00279879 -0.0201135 -0.0234079 -0.00426078 0.0129055 -0.0400176 -0.0282869 0.00104192 -0.00701468 0.00101458 -0.000801084 0.0018497 -0.0440949 0.00158713 -0.0317393 -0.00547299 -0.00327195 -0.0123495 -0.012477 -0.0674624 -0.0256626 0.00167378 -0.0103815 0.040848 0.0170199 0.0062506 0.0189177 -0.00670613 0.0184451 -0.00333727 0.000114927 -0.017126 -0.0160242 0.00327 -0.0121558 0.0100564 0.00512551 -0.0064501 0.0174516 0.0411767 0.0507345 0.0051133 0.00394545 0.0212711 0.0273216 -0.0168418 -0.0177858 -0.0138087 
-0.00174187 0.00233448 -0.00468377 0.000270935 -0.0016932 0.000520031 -0.00674014 0.00296162 -0.00896612 0.000704277 0.000936854 0.0030959 0.064524 -0.00175756 0.00883789 0.00579124 0.00338935 -0.00374472 0.000229295 -0.00394872 0.00589945 0.00527869 0.00165409 -0.00252899 -0.00123034 -0.000446571 -0.00289189 -0.00722635 -0.0122298 -0.00501234 -0.00116961 -0.0152137 0.000518783 -0.00203235 -0.00689996 0.00358819 -0.0028696 0.00578304 -0.012435 0.00175218 0.000456755 0.00413206 0.00367363 0.000815921 -0.00929241 0.0173117 0.018768 -0.00058676 -0.00261787 0.00220721 0.0111219 0.00404211 0.00215619 0.00847402 -0.00547919 0.000356384 -0.00356808 -0.00864584 -0.00274797 -0.00751922 -0.00125889 0.00098378 0.000364095 -0.00364444 -0.0120007 0.00365089 -0.012643 0.00171014 0.000699934 0.000909068 0.00946608 -0.0191977 -0.00258804 -0.00583677 -0.00210825 -0.00812917 0.00682998 -0.00225927 0.00494336 0.00349198 -0.00294798 0.0007035 0.00128489 -0.000530834 -0.00637433 -0.000605997 0.00605212 0.00639736 -0.00138709 -0.00276127 0.00384153 -0.010914 -0.00628216 0.00552988 0.00743801 0.00134324 -0.00723479 -0.00514122 0.00454854 -0.0020086 
-0.00127756 -0.00844001 0.0111357 -0.00564019 -0.00379311 0.0128856 -0.00944898 0.00541894 0.00424821 0.00264402 -0.000772211 0.00193585 -0.00175756 0.139957 0.00198926 0.00652438 0.0356595 0.00529823 -0.00908756 -0.0085252 -0.00423008 -0.00557574 -0.00799291 -0.0116718 0.0254024 -0.00507095 -0.022798 -0.0286307 -0.00243617 -0.0138766 -0.000949915 -0.0203618 0.00706553 -0.00244518 0.00021824 0.0103464 -0.00213612 -0.00748942 -0.0087367 -0.00780213 -0.000594873 4.95701e-05 -0.000586896 0.00723097 -0.0313788 0.00282023 -0.00236046 0.0121059 0.0071314 0.0010762 -0.00251878 0.0182331 -0.00140246 -0.00655429 -0.00201166 0.00322669 0.00129249 -0.00898984 0.00154996 0.0367623 -0.000859922 0.00875879 0.000315774 -0.00457429 -0.0214662 -0.002625 -0.0131162 -0.00057737 0.00406556 0.00891889 0.00717631 -0.0298274 -0.0117195 0.0153303 0.00533511 -0.0130413 0.00271066 0.0138624 -0.00495652 -0.00581683 0.00275128 -0.00357816 -0.00040248 -0.0125121 -0.0179725 0.00029221 -0.00525373 0.000691389 0.00422779 0.0108223 -0.0230287 -0.00188093 0.010738 -0.00423041 0.00260914 -0.00559646 -0.00812305 -0.0111548 -0.000616285 -0.000539254 
0.00366069 0.0105254 0.0372161 0.0146346 0.00521729 0.00983616 -0.0299152 -0.0070239 -0.0109485 -0.0159822 0.00360533 0.0618862 0.00883789 0.00198926 0.194089 0.00497921 0.0470833 0.00647513 -0.0116674 -0.00394965 -0.0203139 0.00244371 -0.00619442 -0.023845 -0.0016317 -0.0107454 -0.0380913 0.0387618 -0.0385647 -0.0343116 -0.00333919 -0.00285687 -0.00188565 -0.00994602 -0.0136303 0.00165554 -0.0110062 0.000662409 -0.0474104 -0.00687969 0.00243767 0.00486714 0.00132917 0.0110773 0.00683862 0.0270237 0.0394118 3.18128e-05 -0.00382316 0.0197365 -0.0106153 -0.00439502 -0.00326155 -0.00806524 -0.0175131 -0.00812843 0.00244298 -0.0186098 -0.0301072 -0.00800783 0.00212016 0.00853151 -0.000943241 -0.00952092 -0.0452603 0.00236997 -0.0370036 -0.00551591 -0.00255756 -0.015065 0.00621828 -0.0540902 -0.0261326 -0.0164289 -0.0135325 0.0555536 0.00561386 -0.00809604 0.0115237 0.00217599 0.0100726 -0.000960425 -0.000305863 -0.018382 -0.00986411 0.00151287 -0.00382065 0.0415292 0.00768496 -0.0103771 -0.010258 0.0164683 0.0244843 -0.0138572 0.00668547 -0.00583376 0.0352101 0.000200624 -0.0178813 -0.018358 
0.000335584 0.000659917 0.00116522 -0.00171264 -0.000649262 0.00337381 -0.00309915 0.00447349 -0.00310793 -0.00234395 0.00112456 0.000235502 0.00579124 0.00652438 0.00497921 0.0400346 0.00332164 -0.000726829 0.000509353 -0.0032577 0.00141852 0.000600103 -0.00130554 -0.000455352 -0.00436226 -0.00102471 -0.00533329 -0.00868447 -0.00513529 -0.00392528 -0.000775965 -0.00944055 -0.0012108 0.000588478 -0.00120641 -0.000503684 -0.0011542 0.000995294 -0.00528877 0.0012416 -0.000290812 0.00217076 0.00095725 -0.00188612 -0.00956786 0.00363122 0.00827239 0.000774152 -0.00178201 0.00355896 0.00296932 0.00316676 0.000397721 -0.000308537 -0.00353648 -0.000801816 0.00101037 -0.0062881 -0.00149011 -0.00382647 -0.00124303 -0.00349681 0.00209706 0.00319108 -0.00442474 0.00138419 -0.00424925 -0.000552702 0.000513138 -0.00215534 0.00564076 -0.0140867 8.60297e-05 -0.00242833 0.00906089 -0.00786372 0.00396564 0.000158728 0.000754658 -0.0014125 0.00101292 0.00066384 0.000301023 5.5636e-05 -0.000970018 4.07831e-05 2.73188e-05 0.0012106 0.000901506 -9.40202e-05 -0.00201916 -0.00157267 0.00172667 -0.000669993 0.00448187 0.000381563 -0.0078895 -0.00203031 0.011206 -0.00150214 
-0.00168624 -0.00144678 0.0224851 0.00108081 0.00147934 0.0182104 -0.0182861 0.0141614 -0.0285047 -0.00185134 0.000925011 0.0744877 0.00338935 0.0356595 0.0470833 0.00332164 0.193566 0.00142813 -0.0191626 -0.00311465 -0.00394857 0.00624678 -0.00613225 -0.0253977 -0.0117158 -0.00147889 -0.0454389 0.0150395 -0.0329535 -0.0391809 0.00678037 0.0123812 0.00833608 -0.0119448 -0.0241542 -0.00895383 -0.012022 0.0133757 -0.0454326 -0.0120385 0.00266899 0.00486897 -0.00357722 -0.00618326 -0.0373512 -0.000209635 0.0395414 -0.0125167 -0.00513205 -0.0116212 0.0107785 0.00110949 -0.00287367 -0.0235395 -0.0192872 0.00228204 0.00216044 -0.027816 -0.0243269 0.0289144 -0.000545092 0.0136024 0.00047774 0.0017333 -0.0233256 0.000799409 -0.0319808 -0.00365564 -0.00280757 0.00320446 -0.0147068 -0.0791537 -0.0427684 0.0213834 -0.00465762 0.0266933 0.0324386 0.021472 0.00700581 -0.000522867 0.00965316 -0.00733128 -0.0014513 -0.0176391 -0.019128 0.00484425 -0.0138829 0.00347172 -0.00137886 -0.00758324 0.0117479 0.0163791 0.0451315 0.00430688 0.0068037 0.0197332 0.0289631 -0.0249458 -0.00447674 -0.0203856 
-0.000313006 -0.000794749 -0.000855443 -0.00392946 0.00775106 -0.00192291 -0.00754514 -0.00215529 -0.00716123 0.00135753 0.00261724 0.0106684 -0.00374472 0.00529823 0.00647513 -0.000726829 0.00142813 0.0676098 -0.000151857 0.00209424 0.00379375 0.00270522 -0.0039813 -0.00771251 -0.00562579 0.000427478 -0.00494678 0.00417706 -0.00246093 0.000108873 -0.00301146 0.00696488 -0.000945211 0.0016099 0.00193792 -0.00358457 -0.00108834 -0.00429403 -0.0108948 -0.00294982 0.00092486 0.000798908 -0.000572634 0.00117181 0.00388047 -0.00170023 -0.00162714 -0.00283584 -0.000628481 0.00364269 -0.00464729 -0.00364341 -0.00088523 -0.00439243 -0.0052423 -0.00298676 -0.00298923 -0.00739907 -0.00840657 -0.00230296 -0.00204016 -0.00112016 0.000987188 -0.00314133 -0.000430141 0.000215698 0.00550432 -0.000493902 -0.000160378 0.000920988 0.00597732 -0.00922435 -0.00416071 -0.00356071 0.00117994 0.00637501 -0.000629478 0.00289301 -0.00329076 0.00185399 0.00322885 -0.000100795 0.00392938 -0.00257642 8.42314e-05 -0.00160254 -0.00356838 0.00110735 0.00444547 -0.000244474 -0.00716429 -0.00431819 0.000294027 -0.00295777 0.00171621 -0.00442218 0.0067572 0.00472293 -0.00457452 0.00120065 
0.00451566 -0.000973114 -0.0138977 -0.00221472 0.00979693 0.000981562 0.00889459 0.00561412 -0.0168857 0.0104443 -0.00148959 -0.00938241 0.000229295 -0.00908756 -0.0116674 0.000509353 -0.0191626 -0.000151857 0.109649 -0.00842899 -0.00053657 0.000240381 0.000789104 0.0211081 -0.0125894 -0.00658782 -0.0175011 0.00257591 0.00613067 -0.0070902 -0.00226103 -0.036063 0.00174096 -0.00630665 -0.00261386 -0.00411673 -0.0072366 0.00311369 0.0013995 0.00982132 -0.00239988 -0.000594683 -0.00127669 0.00966372 -0.0242432 0.0086859 -0.00386947 -0.00277684 0.00386601 0.0130012 0.00489778 0.00392498 0.00329712 0.0169486 -0.00150368 -5.11486e-05 0.00248388 -0.0356771 -0.00730736 -0.0225222 0.000745747 -0.00426054 -0.000682304 -0.00462094 0.00514759 -0.000817133 -0.0173249 0.00338571 0.00184695 -0.00751513 0.00772179 -0.0227205 0.0320095 -0.00231709 -0.00728957 -0.0102165 -0.00553568 -0.00559716 0.0014119 0.00486908 0.00752651 0.00619647 0.00152464 0.0200015 0.0159893 0.00531344 -0.00254571 0.0078811 0.00221699 0.000109145 -0.000973549 -0.00119574 -0.000636359 0.0115089 0.00711548 -0.00109123 -0.00809493 0.00245449 -0.00127122 -0.0061269 
-0.00281265 0.00537747 -0.00437702 0.00301271 -0.00524964 -0.00568088 -0.0103523 -0.00685652 0.0154285 -0.00593066 0.00162021 -0.0071232 -0.00394872 -0.0085252 -0.00394965 -0.0032577 -0.00311465 0.00209424 -0.00842899 0.0927304 -0.00338386 -0.00236111 0.00707454 -0.00793563 0.0110593 -0.000209056 0.00997264 0.00388616 -0.0121049 0.0153602 0.00280575 0.00167268 0.00346576 -0.00615398 0.000789019 0.00469153 -0.00345188 0.000860385 0.00815186 -0.00147434 0.0045944 -0.0015217 0.00273267 -0.00556077 0.0233374 -0.00368041 -0.00341831 -0.000514925 -0.000456935 -0.00715105 -0.00505747 -0.00187438 -0.00190317 -0.00688211 0.00101052 -6.98921e-06 -0.00122647 0.0133836 0.0109142 0.00825619 0.0108688 -0.00198371 0.00109728 -0.00365491 0.00371422 -0.00465459 0.00384466 -0.00042746 0.00081818 -0.00238228 -0.00723759 0.0170984 -0.00571551 -0.00185544 0.000883372 -0.00923124 -0.0100687 -0.0055066 -0.000407813 -0.000232935 -0.00659613 -0.00100361 -0.00156163 -0.00239353 -0.00325279 -0.0010504 -0.00232954 -0.0059513 0.000133206 -0.00132918 -0.0176336 -0.00145607 -0.00682542 -0.0123059 -0.000676086 -0.00691646 0.00327709 2.20321e-05 -0.0102834 -0.00517855 
-0.00244623 -0.00328312 -0.00220382 -0.00933792 -0.00202755 -0.00519617 -0.00433003 -0.00416318 -0.0184678 0.00287661 0.00548425 -0.00184503 0.00589945 -0.00423008 -0.0203139 0.00141852 -0.00394857 0.00379375 -0.00053657 -0.00338386 0.111337 0.00644159 -0.00232881 -0.00268846 -0.0213265 0.0181183 0.0174308 -0.00859536 0.00281592 -0.00986215 0.00552691 0.00533073 0.00390046 4.04411e-05 -0.00979301 -0.00905054 0.00213415 -0.00373765 -0.00710133 0.00276641 -0.00390379 0.00408806 -0.00010002 -0.00515772 -0.0196576 -0.00981002 0.0152826 -0.00010125 -0.00172745 0.0159432 0.00994242 -0.00443302 -0.00127084 -0.00232221 -0.0136366 -0.00319082 -0.00354282 -0.0345433 -0.00887992 -0.0213478 -0.00474548 -0.0209632 0.000626583 0.00266549 -0.0179302 -3.76443e-05 -0.00966029 -0.00101714 0.00316444 0.000619715 3.97723e-05 -0.0276693 0.00114846 0.00750686 0.0173036 -0.0169333 0.0225457 0.035854 0.00729183 0.00356733 0.00703902 0.00499164 0.00299612 -0.000783669 -0.00914365 0.000342705 0.00376848 -0.00203099 0.00800018 -0.00255256 -0.0121704 0.000414647 -0.00236954 0.0414185 0.00212148 0.0370464 -0.0144525 -0.0112817 -0.00422529 0.000745107 
0.000366218 0.00620228 0.00182292 0.00275308 0.0045987 -0.000209573 0.00169427 0.0101344 -0.015218 -0.00272904 0.000928433 0.00759327 0.00527869 -0.00557574 0.00244371 0.000600103 0.00624678 0.00270522 0.000240381 -0.00236111 0.00644159 0.0699713 -0.00505421 0.00215287 -0.0187615 -0.00171059 -0.012528 -0.00615838 0.00857033 -0.0115392 -0.000249371 0.00191508 -0.00132445 0.0109321 -0.00843247 -0.00228906 0.00466675 0.0161977 -0.00491579 -0.00226229 0.00176041 -0.000403774 -0.0012193 -0.0074448 -0.0118281 -0.00366542 0.0173781 -0.00762031 -0.0015245 -0.00182172 0.00929334 -0.00232583 0.00126843 -0.00090799 -0.00486709 0.00451271 -0.00139818 -0.012722 0.00246384 -0.00130467 -0.00145105 -0.0105977 -0.000694606 0.00375625 -0.00386187 0.00509712 -0.000444336 -0.00175619 -0.00116977 -0.00396555 -0.00452683 -0.0181968 -0.00578956 -0.00847749 -0.00534028 -0.012333 -0.00573995 -0.00459598 -0.000394619 -0.0012545 -0.00261377 -0.000198363 0.000490003 0.00364955 0.00158811 0.00161202 0.00546203 0.00100059 -2.00706e-05 -0.00340273 0.0095246 -0.0106325 0.00419999 0.0166653 0.0102041 0.00104662 -0.0108514 0.000702056 0.00374498 -0.00119498 
-0.00526474 0.0101038 -0.00711788 0.0168543 0.00622241 -0.010396 -0.00860342 -0.00715051 0.0030832 -0.00514435 -0.00244124 -0.0141036 0.00165409 -0.00799291 -0.00619442 -0.00130554 -0.00613225 -0.0039813 0.000789104 0.00707454 -0.00232881 -0.00505421 0.115884 0.00288183 0.0381415 0.000718086 0.0260422 -0.0135266 -0.0252793 0.00603761 0.00485458 -0.0022052 0.016017 -0.00167142 0.0366905 0.0145298 -0.00543357 -0.00829709 -0.00823797 0.0237391 -0.00429066 -0.00196787 0.000333819 0.000334627 -0.00616948 -0.00802909 0.00584583 -9.06739e-05 0.0119866 0.00282174 -0.00609567 0.000771432 0.00209822 0.00682987 -0.00950981 -0.00531167 -0.00470464 0.00654827 -6.36006e-05 -0.00366361 0.00707993 -0.011837 8.71165e-06 -0.00449126 0.0090312 -0.00175798 -0.00172722 0.00894177 0.00159384 -0.00342097 0.0122791 -0.0117668 0.00860905 -0.0140126 -0.00391597 -0.0171724 -0.00962919 -0.00385388 -0.0018727 0.00220002 -0.00863735 0.00222577 -0.000670406 -0.00893762 -0.00881329 0.00326584 0.00164058 -0.00348787 -0.000910955 0.00336826 -0.0223007 -0.00587729 -0.0147955 -0.0224122 -0.00461598 -0.0086161 -0.0264058 -0.010973 -0.000691749 0.0122304 
0.000376024 -0.00080762 -0.0147589 -0.002954 -0.000241737 -0.000702687 0.00976572 -0.00144965 -0.0155273 -0.00109013 -0.00229625 -0.0241085 -0.00252899 -0.0116718 -0.023845 -0.000455352 -0.0253977 -0.00771251 0.0211081 -0.00793563 -0.00268846 0.00215287 0.00288183 0.140202 -0.0104367 -0.00661153 0.0042807 -0.00778729 0.0335978 0.00430532 0.00239216 -0.0212142 -0.0026997 0.0153777 -0.00338017 0.000906926 0.00682683 -0.00826158 0.0211991 0.011521 -0.00167592 -0.00150771 -0.000598204 0.0067543 -0.015653 -0.000609445 -0.00989089 -0.00961321 0.0116623 0.00419468 -0.00403996 0.00439744 0.00568643 -0.00110492 -0.0174197 -0.00501499 -0.00858787 -0.0291198 -0.0154675 -0.0383758 -0.00363659 -0.0118112 -0.000894696 0.00243558 -0.00448506 0.000748678 -0.00162683 0.00248789 0.00123942 0.00011381 -0.00217941 0.00398399 0.024917 0.0257081 0.00744343 -0.0393344 -0.000408992 0.0121198 -0.00659568 -0.00238095 0.0021596 0.00209615 0.00797251 0.0103553 0.00416657 0.00197301 0.000441873 0.00176926 0.00056906 -0.000216847 0.00448256 0.00776482 -0.000320632 0.01019 -0.00321255 -0.000396253 -0.0231895 0.0237863 0.0103603 -0.0129419 
-0.000485637 0.0114632 0.0134271 0.029845 -0.00299954 -0.00733645 -0.0267928 -0.021237 0.0280306 -0.00746166 -0.0076348 -0.0162052 -0.00123034 0.0254024 -0.0016317 -0.00436226 -0.0117158 -0.00562579 -0.0125894 0.0110593 -0.0213265 -0.0187615 0.0381415 -0.0104367 0.224531 -0.0119855 0.0356493 -0.0161614 -0.0288244 0.00205052 -0.00684409 -0.00491351 0.0205468 -0.0195707 0.0581872 0.0288737 -0.000250314 0.00312808 0.000524027 0.0178485 -0.00577115 -0.00814325 0.00422688 0.00247639 0.0172 0.000691997 0.00152042 0.0108251 0.00864496 -0.00447803 -0.0165813 0.00261837 0.00129514 -0.00389447 0.0110874 -0.000718191 -0.00676135 0.0444676 0.0215461 0.032923 0.000668879 0.0169072 0.00147153 -0.0258028 -0.0117265 -0.00342425 0.00508225 0.00739259 0.00272571 -0.00722711 0.0124308 0.00665635 0.0106369 -0.0400409 0.000403446 -0.026319 -0.0384307 -0.0213361 -0.016147 -0.0129996 -0.0172951 -0.00552451 -0.00501137 -0.0179235 -0.0188144 -0.00356267 -0.000421928 0.000954623 -0.00317467 0.0152539 -0.0305558 0.00841576 -0.036151 -0.0551643 -0.0104225 -0.0401234 -0.0259536 -0.0182023 -0.0152602 0.0225147 
-0.00218601 0.00118823 0.000220764 -0.00382272 -0.00357802 -0.00185133 -0.0043628 -0.00353288 -0.00351495 0.00849821 0.00178401 -0.00986467 -0.000446571 -0.00507095 -0.0107454 -0.00102471 -0.00147889 0.000427478 -0.00658782 -0.000209056 0.0181183 -0.00171059 0.000718086 -0.00661153 -0.0119855 0.0795052 0.0254138 -0.00205498 -0.00718897 0.0155359 -0.00103728 0.0111808 0.00202719 -0.000823498 -0.00461718 0.00474172 -0.000386934 -0.00335401 -0.00201731 -0.00133174 -0.000133362 0.0041915 -0.000871348 -0.00173185 -0.00668085 -0.00410557 -0.00515324 0.00724704 -0.00211625 0.00449581 -0.00339477 -0.00276733 0.000163423 -0.00529889 -0.000412977 0.000949783 -0.00258281 0.00728375 -0.00567906 -0.00755247 0.00164284 -0.00865957 -0.000310785 0.000622007 0.0135698 -0.000262012 -0.00244915 -0.000974005 -0.00157126 0.00517611 -0.00455162 0.000235777 -0.00962622 0.000736321 0.00180027 0.003608 0.00172285 0.00824608 -3.61257e-05 0.00926172 -0.00307921 0.000393385 -0.000143569 -0.00724761 -0.00779094 -0.000265796 -0.00283918 0.00394763 -0.00285193 -0.00208355 -0.0193242 -0.0118985 -0.00672104 0.00494587 -0.0028287 0.014412 -0.0082167 -0.00186495 -0.00755011 -0.000987743 
-0.00259615 0.00314531 -0.0142244 0.00758218 -0.0110786 -0.0196998 -0.0170999 -0.0157569 -0.00896108 0.00600347 0.00347573 -0.0312817 -0.00289189 -0.022798 -0.0380913 -0.00533329 -0.0454389 -0.00494678 -0.0175011 0.00997264 0.0174308 -0.012528 0.0260422 0.0042807 0.0356493 0.0254138 0.196876 0.00123661 -0.0197675 0.0555449 -0.00150233 0.0459218 -0.00111952 0.00987513 0.0194047 0.00491561 0.0118172 -0.0206801 0.00486218 0.012061 -0.00772383 0.000735114 0.00372143 -0.0155214 0.0040957 -0.0101539 -0.0283041 0.0091486 -0.00851327 3.11761e-05 -0.0199458 -0.0079102 0.00221232 -0.000809485 0.013246 0.000594059 -0.0101517 0.0404099 0.0228834 0.00331568 0.0042957 -0.0320148 -0.000992429 -0.0109349 0.0230964 -0.00324058 0.0264168 0.000985823 -0.00292383 0.00574242 0.00466121 0.0446558 0.00471205 -0.0261062 0.0239027 -0.0318929 0.00572503 -0.00455622 -0.0182672 0.0057197 -0.00522816 0.000321691 -0.00155355 -0.0243572 -0.0105459 -0.00534178 -0.00684332 -0.0134738 -0.00110272 0.000104253 -0.0409911 -0.0158955 -0.0350118 -0.00544898 -0.0111324 0.00166771 -0.015662 -0.0133536 -0.0236575 0.0289467 
-0.00638938 -0.00128298 0.0205342 0.00491292 0.00835311 -0.00533383 -0.00191498 -0.00495445 -0.0282345 0.00207968 -0.000281519 0.0419721 -0.00722635 -0.0286307 0.0387618 -0.00868447 0.0150395 0.00417706 0.00257591 0.00388616 -0.00859536 -0.00615838 -0.0135266 -0.00778729 -0.0161614 -0.00205498 0.00123661 0.226883 -0.0215498 -0.0150315 -0.00588581 0.0106782 0.00171942 -0.0103015 -0.0279446 -0.0189604 -0.0192561 0.000824712 -0.021612 -0.00120456 0.0016591 -0.00381275 0.00315493 0.0101472 0.0120091 0.00350246 0.0243729 -0.0172907 -0.00357118 0.00210609 -0.00847704 -0.00944841 -0.00191526 0.00122207 0.0009659 -0.00244011 0.00562353 -0.0339279 -0.0300903 -0.0153598 0.00455103 0.010454 -0.0023992 -0.0213099 -0.0361786 -0.0014854 -0.0309623 -0.00652615 -0.00475327 -0.0162605 -0.00310874 -0.0191442 0.00220929 0.00953375 -0.0204668 0.0452336 0.00904844 -0.0118918 0.000453707 -0.00251266 0.00841962 -0.00345335 -0.00607707 0.00134145 0.00784055 -0.00136574 -0.0183559 0.00682541 0.00122497 -0.00408961 0.0206821 0.0347364 0.0149874 0.0183159 0.00594649 0.00390909 0.0292954 -0.00382698 -0.0316126 -0.0223283 
0.00688429 -0.0122937 -0.0182938 -0.00254082 -0.00405874 0.00197678 0.0182003 -0.00304716 0.0136762 0.00207217 -0.0033093 -0.0138258 -0.0122298 -0.00243617 -0.0385647 -0.00513529 -0.0329535 -0.00246093 0.00613067 -0.0121049 0.00281592 0.00857033 -0.0252793 0.0335978 -0.0288244 -0.00718897 -0.0197675 -0.0215498 0.202616 -0.0133357 -0.00747428 0.000442569 -0.00893006 0.0124405 -0.000359559 -0.0187508 0.0229573 -0.00527346 0.0409146 -0.00283815 0.0019239 -0.00492248 -0.00722127 -0.00211609 -0.00500075 -0.0317339 -0.0249096 -0.00766742 0.00959255 -0.00583693 -0.0065476 0.00476866 -0.00527858 -0.0070114 -0.0153691 -0.00210896 0.00107167 -0.0196558 0.00521577 -0.0254638 -0.0089281 0.000285993 -0.000329516 0.00451992 -0.0121468 -0.0141149 0.0178773 -0.00526557 -0.00384818 0.00107856 -0.0204998 0.0261941 0.0195104 0.0288673 -0.00696504 -0.0361223 -0.00726497 0.0284697 -0.00612935 -0.00819957 0.0172281 -0.00301272 -0.000668438 0.0074179 -0.000645692 0.00263437 0.0115186 -0.0258868 0.00798489 0.00367386 0.0221602 -0.00861786 0.0104054 0.02599 -0.0111396 0.00824458 -0.0185344 0.0306858 0.00287863 0.0184966 
-0.00337108 -0.00478816 -0.0172428 -0.0112823 -0.00794389 -0.0141416 -0.0167436 -0.0107613 0.0135895 0.00150849 -0.00308213 -0.0370331 -0.00501234 -0.0138766 -0.0343116 -0.00392528 -0.0391809 0.000108873 -0.0070902 0.0153602 -0.00986215 -0.0115392 0.00603761 0.00430532 0.00205052 0.0155359 0.0555449 -0.0150315 -0.0133357 0.165211 -0.00820676 0.0144456 -0.0073235 0.00342724 0.0157287 -0.000374305 -0.00300526 -0.0108109 -0.00330385 -0.00799434 -0.00375851 0.000714841 0.00350089 -0.00234574 0.0445036 0.0025723 -0.0330517 0.0172908 -0.00784374 -0.00204328 -0.0143734 -0.00278033 0.00460941 -0.00507505 0.00805935 -0.00383226 -0.00817493 0.0669092 0.0198106 0.00809372 0.00845285 -0.00392123 -0.00201936 -0.00954445 0.0588359 0.00017217 0.0398263 0.00179021 -0.000491746 0.0218525 -0.00476007 0.0672309 0.0191983 -0.0288223 0.00305097 -0.0106685 -0.0166328 -0.020847 -0.0200157 0.00904022 -0.0114847 -0.00268792 0.000348094 -0.00907559 0.00254299 -0.003621 -0.00855324 -0.0126059 5.3974e-05 -5.72503e-05 -0.0314108 -0.0273262 -0.0332206 -0.0365617 -0.0087247 -0.0266989 0.0129649 0.00718093 -0.0155367 0.00768205 
-0.00170115 -5.21356e-05 0.0029004 0.0022191 -0.000921575 -0.000792629 -0.000187831 0.00436453 -0.00716301 -0.000340763 -0.00137546 0.0040843 -0.00116961 -0.000949915 -0.00333919 -0.000775965 0.00678037 -0.00301146 -0.00226103 0.00280575 0.00552691 -0.000249371 0.00485458 0.00239216 -0.00684409 -0.00103728 -0.00150233 -0.00588581 -0.00747428 -0.00820676 0.0617168 -0.00183669 0.00342183 -0.000344162 0.00109475 -0.000710305 -0.00152304 -0.000561829 0.000304743 0.00320076 0.0003648 0.00360529 0.000516621 0.000533481 -0.0190522 -0.000440951 0.00279421 -0.00255268 -0.00012129 0.00167671 0.00374562 0.00264484 0.000333508 -0.0014916 -0.00835269 0.00239724 0.00604393 -0.020299 -0.0121572 -0.0129265 -0.00357232 -0.00467085 0.000984796 0.00395369 -0.0129354 0.00201615 -0.0126109 0.000566184 -0.000788136 -0.00368247 0.00284592 -0.0157359 -0.00716699 0.00944346 0.011012 -0.000200102 0.00809282 0.00631702 0.013953 0.0041645 -0.00299231 0.0024701 0.000922049 -0.00513578 -0.00610264 0.000233562 -0.00285447 0.00162735 -0.00179506 0.00336648 -0.00607388 0.0155884 0.0103302 0.00683166 -0.0015436 0.0110398 -0.00945521 -0.00564759 -0.00220806 -0.00329899 
-0.00365301 -0.00778997 0.033971 0.00365009 -0.018439 -0.0323893 -0.0161384 -0.0107906 -0.0160263 -0.0142583 -0.002619 0.0199175 -0.0152137 -0.0203618 -0.00285687 -0.00944055 0.0123812 0.00696488 -0.036063 0.00167268 0.00533073 0.00191508 -0.0022052 -0.0212142 -0.00491351 0.0111808 0.0459218 0.0106782 0.000442569 0.0144456 -0.00183669 0.249936 -0.00771485 0.0133009 0.0107284 -0.00809995 0.00799071 -0.0151288 -0.0142503 -0.0137372 -0.0100301 -0.00472889 -0.00794199 -0.041623 0.0352539 -0.0344065 -0.00366433 -0.00449782 -0.0195785 -0.00553103 -0.0261285 -0.0205495 -0.00736147 -0.0188197 0.0201751 -0.00410223 0.0036918 0.060488 0.0205574 0.0343408 -0.00557136 -0.0385359 -0.00271465 -0.0160022 0.0287205 0.000108948 0.0564739 -0.00794676 -0.00947045 0.0025719 -0.0172656 0.0376437 -0.0436747 -0.0357494 -0.0128491 0.0199236 0.00637194 -0.00673312 -0.0119431 -0.00325074 0.0016487 -0.00475359 -0.00316036 -0.0195104 -0.00996428 -0.00816085 0.00449581 -0.0332199 -0.00266741 -0.0189446 -0.0184111 0.00765821 0.00324895 0.0137454 -0.0167558 0.0132393 0.0386152 -0.0176334 -0.00459445 0.0141866 
-0.00155042 0.0115867 0.00114419 0.000993768 0.00196976 0.00271054 -0.00825973 -0.00463015 -0.00607069 0.00202248 -0.000510823 -0.00423687 0.000518783 0.00706553 -0.00188565 -0.0012108 0.00833608 -0.000945211 0.00174096 0.00346576 0.00390046 -0.00132445 0.016017 -0.0026997 0.0205468 0.00202719 -0.00111952 0.00171942 -0.00893006 -0.0073235 0.00342183 -0.00771485 0.0720829 -0.0028192 0.011956 0.0116601 -0.00224125 0.00863419 -0.0126966 0.00848467 -0.0019484 -0.000743966 -0.000343559 0.00590067 -0.00442642 -0.000741812 0.0109984 -0.000476661 0.00207418 0.00759583 -0.00029168 0.00101422 0.000438315 -0.00267144 -0.0095046 7.76669e-06 -0.00121102 -0.00930662 -0.00626151 -0.00708649 0.00350597 -0.00439289 -7.27184e-05 -0.003251 -0.00748042 -0.00200619 -0.0136977 0.00347071 0.00395489 -0.00354669 0.00399599 -0.017286 0.00179501 -0.00581543 -0.00381853 -0.00653715 -0.00258967 0.00275315 0.00134162 0.00268469 -0.00145074 0.000103972 -0.000633175 -0.00490258 -0.00979398 8.9616e-05 -0.000923126 0.00481648 -0.00333957 0.00241472 -0.0159006 0.00224357 -0.00220915 -0.0102312 -0.00209476 0.000651223 -0.0172271 -0.00346392 -0.00561129 0.00560326 
-0.00122992 -0.00202126 0.00368594 -0.00571192 0.00763874 0.00011921 0.0166222 -0.00160117 -0.00162998 -0.00338098 0.00115824 -0.00912379 -0.00203235 -0.00244518 -0.00994602 0.000588478 -0.0119448 0.0016099 -0.00630665 -0.00615398 4.04411e-05 0.0109321 -0.00167142 0.0153777 -0.0195707 -0.000823498 0.00987513 -0.0103015 0.0124405 0.00342724 -0.000344162 0.0133009 -0.0028192 0.100721 0.00585386 0.0081537 -0.0030715 -0.00287091 0.0146555 -0.00420698 0.000337406 0.00100763 -0.00264992 -0.00911144 -0.00763489 -0.00669943 -0.00944767 -0.00530483 0.00291984 -0.00298499 -0.00605421 -0.00381642 0.000381165 -0.00311882 -0.0149427 0.00230948 -0.00531592 0.00654253 -0.00157278 -0.0134324 0.000897564 -0.0117551 -9.74679e-05 0.0128383 0.00910299 0.00197364 0.00490863 -0.00161871 -0.000882443 0.000852722 -0.00183621 0.0134879 -0.000550634 -0.00442005 0.00572662 -0.0136825 -0.00770412 -0.0126687 -0.00651102 0.000739927 -0.0056416 0.00305228 6.40285e-05 0.00118534 -0.00197306 -0.00185321 0.00614606 -0.00600598 -0.0029568 -0.00437584 0.0080588 0.00179806 -0.00545628 0.00332138 -0.00146886 -0.00557767 -0.0325103 0.014666 0.00672514 -0.00440329 
0.00104525 0.00110944 -0.00423961 0.0120831 0.0135299 -0.0109042 -0.0157465 -0.0113832 -0.0101718 -0.00567612 -0.00231734 -0.0106591 -0.00689996 0.00021824 -0.0136303 -0.00120641 -0.0241542 0.00193792 -0.00261386 0.000789019 -0.00979301 -0.00843247 0.0366905 -0.00338017 0.0581872 -0.00461718 0.0194047 -0.0279446 -0.000359559 0.0157287 0.00109475 0.0107284 0.011956 0.00585386 0.173993 0.0256305 0.0080244 -0.00565159 -0.00149472 0.0134441 -0.00114619 -0.00284528 -0.000446437 -7.35526e-05 -0.0118581 -0.00488208 -0.0139651 0.00819877 0.0134795 0.00825767 -0.0124709 0.000175659 -0.000936104 -0.00785429 -0.00388962 -0.00544923 -0.00283559 0.0351333 0.0329056 0.0135196 -0.00539847 -0.016164 -0.000312681 -0.00599446 0.0219261 0.000444349 0.018556 0.00932495 0.00175073 -0.00612396 0.0195288 0.00689352 0.0118719 -0.0381424 0.00252586 -0.0397491 -0.0299881 -0.0100235 -0.0131539 -1.10702e-05 -0.00631848 -0.00137255 -0.00315614 -0.00796245 -0.0157254 0.00192095 0.00569268 -0.00886432 -0.00235716 0.00725375 -0.0382772 -0.0103319 -0.0235484 -0.0390575 -0.00951478 -0.0298599 -0.035421 -0.0142239 -0.00824487 0.0384172 
