0.0629077 -0.0061488 -0.00208809 -0.00910654 0.00180973 -0.00173584 -0.013115 -0.00110791 -0.00468509 -0.00116186 -0.00556042 -0.001065 -0.000254139 0.000477701 -0.00010515 0.00278103 -0.0117623 -0.00123221 0.000219221 0.000574531 -0.00824241 -0.0137073 -0.00170906 0.00017349 -0.000263338 -0.00490108 0.000609498 -0.0180103 -0.00185622 -0.00589113 0.000237967 -0.0185984 0.00411157 -0.00040861 0.000385536 0.00154516 0.00233952 0.00213305 -0.00397865 0.000197332 0.0090506 0.000916296 -0.00219416 -0.00355572 -0.00477837 0.00149532 -0.00260247 -0.000693466 -0.0184628 0.00310532 -0.000745627 0.00464672 0.00338229 0.00513016 0.00502291 0.00814718 0.0104234 0.00274217 0.00329179 0.000839527 0.00184149 0.000610822 0.00332138 -0.000181378 -0.000356673 0.00879458 -0.00298626 -0.00142849 -0.00147023 0.00160548 -0.00146666 0.00107354 0.00140507 -0.00255149 -0.000554608 -0.000280838 0.000116208 -0.00299203 -0.00141475 -0.00357185 0.00356342 0.0022707 1.0519e-05 -0.00134954 -7.51577e-06 0.00282036 -0.000892001 -4.49039e-05 -0.00139369 0.00729539 0.00661787 -0.000564097 -7.46447e-05 0.00243826 0.0141968 -0.000808626 -0.000218643 -0.00186608 -0.000592982 0.000116856 
-0.0061488 0.191378 -0.0157799 -0.0253614 -0.00407066 0.00253851 -0.00405273 0.00586221 0.00248927 0.00260645 0.0151547 -0.0177531 -0.00394554 -0.0127936 -0.0343265 -0.00832933 -0.00783618 0.0157721 -0.00899625 -0.040404 -0.000606317 0.0266958 -0.0113465 0.00653523 0.0381179 -0.0087497 -0.00163762 0.00581679 -0.0225232 0.0475011 0.00875625 0.00554425 -0.0102199 -0.00467933 -0.000302227 -0.00476935 -0.0211137 -0.0010624 -0.0181195 -0.00608077 -0.000660166 -0.0014501 -0.000157928 -0.00694083 -0.0145692 -0.00430214 0.0113648 0.0013448 -0.00522193 0.00506468 -0.00793604 -0.00951754 -0.00446654 0.00357254 0.0244209 0.0420332 -0.00487786 -0.00705824 -0.00321445 0.0031626 -0.00396865 -0.000276604 -0.00787923 2.90224e-05 0.0151724 -0.000931829 -0.0115448 0.00155696 0.0189515 -0.0011293 -0.00919346 -0.0259876 0.000621104 -0.014731 0.00368379 -0.00307223 -0.00338 -0.0150353 -0.00320513 -0.00322512 0.00293561 -0.00756518 -0.00419758 0.0322426 -0.000690823 -0.010369 -0.0128769 -0.00592404 0.00773311 -0.0224209 -0.00370153 -0.00180419 -0.00080748 0.00247646 0.00377977 -0.00606672 -0.00323637 0.00804872 0.00334225 -0.0117028 
-0.00208809 -0.0157799 0.0891202 0.0114737 -0.00237598 0.0243292 0.0166328 0.000598706 -0.00755679 -0.00154948 -0.000412013 -0.00457452 0.00550422 -0.0035895 -0.00861176 0.000519968 -0.0115519 -0.00560469 -0.00457069 -0.000680055 -0.00344898 -0.00877064 -0.00461046 -0.00284934 -0.00842637 0.00972779 -0.00107316 -0.0115939 -0.00287666 -0.00416785 0.00207271 0.00144564 0.00013128 -4.34096e-05 0.00157803 -0.000474232 0.0220911 0.00191623 0.016777 -0.000799945 -0.00082341 0.00145784 -0.00175594 0.00162379 0.00488328 -0.00133541 0.00898952 0.00046944 -0.00833179 0.0078601 -0.00081484 -0.00118726 0.00587061 -0.000984601 -0.0076162 -0.0184235 -0.0155757 -0.00501749 -0.00442973 -0.00316245 -0.00597365 0.00389912 0.00230878 0.00102138 -0.00850928 -0.00274269 -0.000599942 0.00471387 -0.000914736 -8.84648e-06 -0.000284275 0.00248214 -0.000317483 -0.00992172 0.000637158 0.00164179 0.00170135 0.0171433 0.00623789 -0.00643261 -0.00538146 0.0134593 0.0063167 0.00022237 0.00148395 -0.0217098 0.00419568 -0.003424 0.00404506 -0.00279825 -0.0105293 0.0029213 -0.000460247 -0.00877305 -0.0155002 0.000815941 -0.00157573 -0.0183712 -0.00439811 0.00584486 
-0.00910654 -0.0253614 0.0114737 0.242112 -0.0013338 0.00343918 0.0515476 -0.00377609 -0.0050466 0.000362156 0.010203 -0.00146579 -0.00186091 0.00126849 0.0037025 -0.0072218 0.0943091 -0.0156977 -0.0212059 0.0636852 0.00374856 0.0321102 0.0222581 -0.00730504 -0.0197618 -0.0244872 -0.00423421 0.0570751 0.0474441 -0.0191127 0.00732402 0.073555 -0.00600158 -0.0085323 0.000668457 -0.00658781 0.045929 -0.00292963 0.00783 -0.0218544 -0.00794013 -0.00202895 0.00730104 -0.00990917 0.0917039 -0.00267558 -0.0147012 -0.00899704 0.0476701 -0.0296418 0.00333239 -0.0175278 -0.00429706 -0.0244415 -0.0227032 -0.0478777 -0.0205251 -0.0161653 -0.0281902 -0.0126945 -0.0329729 0.00884242 -0.046303 -0.00807388 -0.0659347 -0.0147826 0.00866384 -0.0200135 -0.0189855 -0.00106678 0.00880536 -0.0128103 -0.00127875 -0.00567799 -0.00499423 -0.00740637 -0.00702567 0.0143244 -0.00210177 -0.016953 -0.0491763 0.00399368 -0.0039245 -0.0330153 -0.00426238 -0.0662869 -0.00415184 -0.0104842 -0.0130252 0.0228301 -0.0128654 -0.00176865 -0.00278209 -0.0173707 -0.0555289 -0.000357652 0.000866893 0.00414264 0.0132338 0.00882457 
0.00180973 -0.00407066 -0.00237598 -0.0013338 0.0767515 -0.00168761 -0.0126414 -0.000325914 0.00204875 0.00173739 0.00850722 0.00205047 0.00332512 -0.00720084 0.00348173 0.00545762 -0.0261481 -0.00521967 0.0051232 -0.0201821 -0.0195665 -0.0073966 0.000277506 -0.000863009 0.0031749 -0.0126462 0.00218504 -0.0402276 -0.00289193 -0.0187509 0.0176488 -0.028777 0.000167823 -0.00186676 0.000281026 0.00552783 0.00616412 0.000730656 -0.0101958 -0.00448802 0.00440769 0.0018787 -0.00181753 -0.00152765 -0.0163589 0.00265579 0.00158717 -0.00135326 -0.0291944 0.00844467 0.0136739 -0.00234039 0.000533594 0.0012075 0.00125227 -0.00685098 0.0162896 0.0110173 0.0150556 0.00288254 0.00814241 0.00593599 -0.00338061 -0.00163075 0.0169661 0.0122186 -0.00268905 -0.00239761 0.00246897 0.00274687 -0.00289142 -0.0108152 0.000958352 -0.00905818 0.00348139 -0.000188708 0.00401414 -0.00402545 0.00311656 -0.00308879 0.0172278 0.00572681 -3.27158e-05 -0.00811279 0.000570361 0.00870846 -0.0061047 -0.00263731 0.00053489 -0.00036212 0.0146188 0.00111752 -0.000509812 0.00806564 0.0121425 0.00640348 -0.00388525 -0.0124042 0.000312382 -0.000300662 
-0.00173584 0.00253851 0.0243292 0.00343918 -0.00168761 0.121513 0.031531 0.000895152 -0.00400233 -0.00217928 0.00683399 -0.00138857 0.01171 -0.00315883 -0.020049 -0.000174605 -0.00484165 0.00290342 -0.00775094 -0.0363606 -0.0187789 -0.010793 -0.00727308 -0.00964281 -0.00410639 -0.00152536 0.000366174 -0.00717959 -0.00533126 -0.0104143 -0.0190135 0.0149749 -0.00795126 -0.00318935 0.00220353 -0.00107755 0.00367093 0.000314743 0.0130967 -0.00728804 0.00425358 0.00131579 0.00142022 0.00251968 0.0060948 -0.00136831 0.0122448 0.00172463 -0.00725765 0.00620758 0.00893582 -0.00207334 0.00455785 0.00200433 -0.0114273 -0.00485805 -0.0173806 -0.00761136 0.00282404 -0.00281797 -0.0138407 0.000742958 0.0061952 0.00110797 -0.00536376 -0.00481295 0.00446069 -0.00123899 -0.00356845 0.00558641 -0.00756343 0.0179693 -0.00115185 -0.0148954 -0.000645251 0.00744859 -0.000725153 -0.000758764 0.00295821 -0.00357903 -0.000265198 0.00642262 0.00845814 0.0095098 0.00121119 -0.0289914 -0.00276658 -0.00219872 0.0130667 -0.00474958 -0.0149708 0.00219493 -0.00056093 -0.0126803 -0.0213876 0.00380214 -0.00395739 -0.0115936 0.000723675 0.0276722 
-0.013115 -0.00405273 0.0166328 0.0515476 -0.0126414 0.031531 0.24491 0.00199271 -0.0111317 -0.00319244 0.0224837 0.00359544 0.0013913 0.016366 -0.0136039 0.0084319 0.0328584 -0.00131447 -0.0250828 0.00890856 0.0118573 0.0052006 -0.0100964 -0.0164835 -0.00820328 -0.0213674 -0.00709728 0.0283914 0.018776 -0.00686294 0.0236115 0.07731 -0.00949836 -0.00084221 0.000866804 -0.00664227 0.0118358 -0.00466504 -0.00568992 -0.0161588 -0.00776851 -0.00330867 0.00352345 -0.0147296 0.0486354 -0.000725445 -0.00436978 0.00329994 0.0329157 -0.016176 0.00199742 -0.0057247 0.00337172 -0.0153198 -0.0231032 -0.0184536 -0.0156318 -0.0175718 -0.0235153 -0.00538806 -0.0109874 -0.000539325 -0.024821 -0.00597847 -0.00302322 -0.0224938 0.0110746 -0.0107307 -0.0107015 -0.00201487 -0.0062517 0.00058055 -0.00185156 -0.0191269 0.00129217 0.0034682 -0.00661412 -0.00298469 0.00433417 -0.00696463 -0.0389445 0.00348367 0.00109162 0.00835722 -0.0033732 -0.0604642 -0.0187111 -0.00793201 -0.00701788 -0.0165666 -0.0168456 -0.00112324 -0.00259454 -0.0263228 -0.0518923 -0.00310895 -0.00197972 -0.00716208 -0.00151092 0.0242372 
-0.00110791 0.00586221 0.000598706 -0.00377609 -0.000325914 0.000895152 0.00199271 0.0280738 -0.000844625 0.00135356 0.00193881 -0.000806654 0.00228281 -0.00109416 -0.00333132 -0.000219564 -0.00714998 0.00305179 -0.0015149 -0.00865919 -0.00466084 -0.000850703 -0.0010054 -0.0014192 -0.00126887 0.00311605 0.00462876 -0.00347758 -0.0040246 0.00384837 -0.00304341 -0.00189734 0.000955164 -0.000434348 4.8465e-06 1.37412e-05 -8.85647e-05 1.08644e-05 3.01961e-05 0.000339753 0.000433025 -3.38716e-05 0.000322606 -0.00122576 -0.00536359 -4.14124e-05 0.00290628 0.000331985 -0.00556421 -0.000437485 0.000709686 -0.000618301 0.000427225 -0.000894854 -0.00172827 -0.0027344 -0.00305724 0.00050177 0.0021336 -0.000459426 -0.00239486 0.00042851 0.000737632 0.00011095 0.00574431 -0.0025406 0.00100182 0.00490042 0.00672807 -0.000410087 0.000738884 -0.00220304 -0.000179565 -0.00274586 9.24695e-05 -0.000584946 0.000175241 -0.0010102 0.000810717 0.000711646 -8.611e-05 -0.000967943 0.000458863 0.00646786 -0.000135342 -6.59759e-06 -0.00137454 -0.000578392 0.00314036 -0.0023149 -0.000350741 0.00021909 -8.76938e-05 -0.00088535 -0.0018458 -0.00067229 0.000142862 -0.00181297 -0.0020848 -0.000940562 
-0.00468509 0.00248927 -0.00755679 -0.0050466 0.00204875 -0.00400233 -0.0111317 -0.000844625 0.135569 0.00227094 -0.00614554 0.0249118 -0.00518877 0.0153304 0.00150459 -0.00205909 0.00383989 0.00915372 0.00960034 -0.032134 -0.023811 -0.0187543 -0.00266749 -0.0148962 -0.00187196 -0.0193558 -0.000426776 0.00570856 -0.0143327 -0.0386581 -0.021856 0.00138847 0.00157564 -0.00107918 5.14241e-05 -0.000486802 -0.0065313 -0.000174769 -0.0106902 -0.004297 0.00490916 0.00245849 -0.00184717 -0.00691688 0.023589 -0.00356277 -0.0030808 -0.00365848 -0.00679559 -0.0166429 -0.000636886 0.00181212 -0.00234282 0.00406047 0.00353326 0.0312603 0.00079899 0.0018644 0.0116217 0.00756215 0.00817741 -0.00431626 0.00107679 -0.00108574 -0.00151673 0.000369327 -0.00811396 -0.013315 -0.00840542 -0.00146081 -0.0070001 -0.0193946 -0.00103496 0.00893785 0.00179738 -0.00552637 0.00950821 -0.00922635 -0.00408119 0.0309347 0.00834087 -0.00372255 0.0024426 0.00451886 -0.000823935 0.00672113 -0.0127917 0.00984119 -0.00156987 -0.00786562 -0.0101753 0.00388558 -9.90407e-05 0.0154402 0.0101726 -0.00234683 0.00360312 -0.00883089 0.00271563 -0.000524214 
-0.00116186 0.00260645 -0.00154948 0.000362156 0.00173739 -0.00217928 -0.00319244 0.00135356 0.00227094 0.0312782 0.0051419 -0.00222816 0.00149238 0.00168838 -0.000478917 0.000137349 0.00302529 -0.00192991 -0.00134152 -0.00308862 -0.00442907 0.00189425 -0.000670464 -0.00223372 -0.000561556 0.00179259 4.08323e-05 -0.00298989 -0.00418252 -0.00664579 -0.0024121 0.000521579 -0.00173538 -0.000634566 0.000341128 -0.000402576 -0.00159549 -0.0006728 -0.00277367 0.000720279 -0.000224256 -0.000127169 -0.000980472 0.000277297 0.00285254 -0.000234186 0.00191158 0.0027495 0.00387033 -0.00158299 0.00123177 -0.00175839 -0.000293288 -0.00199812 -0.00302266 -0.00140065 -0.00392496 0.000862895 2.70435e-05 0.000464098 -0.00157755 -0.000531986 -0.00139296 0.000299302 -0.00194511 -0.00295686 -0.000168252 0.000460017 0.00396541 0.000848912 -0.000981006 -0.000845457 3.74386e-05 0.00130991 0.000559669 -0.000606265 0.000668203 -0.000416137 -3.12524e-05 0.00178777 -0.00252406 -0.00123083 -4.55868e-05 0.00140634 -0.000181436 -0.00160038 0.000246001 -0.00149684 0.000217613 -0.00284077 -0.0023432 0.000197831 -5.08183e-05 -0.00317243 -0.00429625 0.000638897 0.00157897 0.00654938 0.00316869 0.00128027 
-0.00556042 0.0151547 -0.000412013 0.010203 0.00850722 0.00683399 0.0224837 0.00193881 -0.00614554 0.0051419 0.152114 -0.00509844 -0.00378784 -0.00806575 0.00166185 0.00437108 0.00628498 0.000861434 -0.0147277 0.0135092 0.0180149 -0.00698704 -0.00357336 -0.00846786 0.0139117 -0.0137643 -0.00313764 -0.00110159 0.007163 -0.0158529 0.0108146 0.0136571 -0.0081561 -0.00242337 0.000673632 -0.00233503 0.00221655 -0.00224567 -0.00131832 -0.0142445 -0.004067 -0.00155989 -0.00439094 0.0021234 0.0148777 -0.00234902 -0.00463482 0.00229825 0.0207799 -0.0129761 0.00354707 0.00316215 -0.00284784 -0.00990511 -0.00514969 -0.0135593 -0.0192241 -0.00426199 -0.00318286 -0.00220172 -0.00832043 0.000517531 -0.015225 -0.00268644 -0.0161094 -0.0140067 0.00600489 -0.00869852 -0.00376283 0.00224496 -0.00436079 -0.014705 -0.00193638 0.0036931 -0.00214128 0.00626144 -0.00103845 -0.00826694 0.0171219 0.000138572 -0.0159322 -0.00609609 -0.0014166 -0.00492462 -0.00107155 -0.0241777 -0.00599643 -0.00142131 -0.00872574 -0.00956575 0.00225451 8.88991e-05 -0.000378829 -0.00629868 -0.0190101 0.00415473 -0.00515094 0.00440344 0.00546274 0.0144881 
-0.001065 -0.0177531 -0.00457452 -0.00146579 0.00205047 -0.00138857 0.00359544 -0.000806654 0.0249118 -0.00222816 -0.00509844 0.108933 -0.00513001 0.0202521 0.0259874 -0.00273156 -0.0106459 -0.00742872 0.0104578 -0.0189433 -0.0197455 -0.0228367 0.00451011 -0.00842755 -0.00589927 -0.00902857 0.00134868 -0.0102175 0.0093179 -0.0426414 -0.0175287 -0.00706635 -0.00231288 -0.00291618 -0.000579847 0.00346695 -0.000809357 -0.00142101 -0.0130908 0.0105856 0.00182737 -0.000419029 -0.00438402 -0.00716393 0.00562467 -0.00110904 -0.00322326 -0.00234082 -0.00668047 -0.00621458 0.00091899 0.00333147 1.3338e-05 0.00134272 -0.00522134 0.00713973 0.0137491 0.00739209 0.0186939 0.0065657 0.013045 -0.0023476 0.011557 -0.00190114 0.00818023 -0.00959811 -0.00302978 -0.00895021 -0.00216724 -0.00224929 -0.00363985 -0.00776289 -0.000297533 -0.00255137 0.00189169 0.000509458 0.0085124 -0.00603546 -0.00318386 0.00115694 0.0103205 -0.00310545 0.00305834 -0.00600511 0.000229558 0.0185014 -0.00171675 0.000326114 0.00240771 -0.00538105 -0.00868059 0.000767976 -0.000241757 0.00733778 0.00184714 -0.00237738 0.00602509 -0.0148898 -0.0069915 -0.00404902 
-0.000254139 -0.00394554 0.00550422 -0.00186091 0.00332512 0.01171 0.0013913 0.00228281 -0.00518877 0.00149238 -0.00378784 -0.00513001 0.0689288 0.00105013 0.0014653 -0.000773636 -0.0200472 -0.00129022 0.0013595 -0.0155345 -0.00900865 -0.0107409 0.000656436 -0.00238616 0.00330318 0.00175051 0.00142628 -0.0259358 -0.0111813 0.00191506 -0.000572216 -0.00705489 -0.000616085 -0.00217268 0.00138183 0.000204951 0.000317165 0.000649236 -0.00446144 0.00146252 0.000614923 0.00207019 0.000244474 -0.000305458 -0.00785511 -0.000163727 0.00695047 0.0078141 -0.0139169 0.0143349 0.00462604 7.04695e-05 0.00573698 0.000255613 -0.00048003 -0.00256734 0.0123498 -0.00135375 0.00345283 -0.00132332 -0.00204527 -0.00295916 0.00142931 0.00204751 0.00672223 0.00460841 0.00146883 -0.00120511 0.000886249 0.00187582 -0.00129513 -0.00238071 0.00124687 -0.0093904 -0.000625677 0.00216776 -0.000673386 0.00211317 6.35912e-05 -0.003195 0.0104388 0.00340366 0.0029804 -0.0035771 -0.00045472 -0.00751923 -0.00190287 -0.00360305 0.0001061 -0.0059695 -0.00560361 0.000250352 0.000248926 0.0049886 -0.000344964 0.00157144 0.00551926 -0.00937612 -0.00458741 0.00238217 
0.000477701 -0.0127936 -0.0035895 0.00126849 -0.00720084 -0.00315883 0.016366 -0.00109416 0.0153304 0.00168838 -0.00806575 0.0202521 0.00105013 0.131098 0.0128182 -0.0018633 0.00405943 -0.00167831 0.00504751 -0.0135713 -0.0203253 -0.0384956 0.00804001 -0.00742002 -0.0121709 -0.0112805 0.00323093 0.00996499 0.00389222 -0.0409911 -0.00652824 0.0192416 -0.00130963 -0.00257376 0.00131453 -0.00269433 0.0062234 -0.000793516 -0.0113825 -0.00187979 0.000691277 -0.00147135 0.0112084 0.000785926 0.0189078 -0.00254728 -0.00917368 -0.00392997 -0.00323803 -0.0111805 -0.00285789 0.00125107 0.00359428 -0.00652616 -0.00793282 0.0165577 0.0226657 -0.00182143 -0.000327608 0.000925824 0.0128176 0.0022043 -0.00852578 -0.00200905 -0.00947815 -0.00714375 -0.00333925 -0.0194547 -0.00139877 -0.00133261 -0.00497414 -0.00925246 -0.000100865 0.0153168 0.0016078 -0.00220353 -0.000829059 -0.00747931 -0.00286292 0.0080092 -0.0121136 -0.00178797 -0.00121733 0.0247303 -0.00114673 -0.00115842 -0.00430965 0.00738907 -0.00838622 0.00141634 -0.00423879 -0.000592852 0.000473146 0.00138959 -0.00737341 -0.00391474 0.00320177 -0.0223652 -0.00514343 -0.000507652 
-0.00010515 -0.0343265 -0.00861176 0.0037025 0.00348173 -0.020049 -0.0136039 -0.00333132 0.00150459 -0.000478917 0.00166185 0.0259874 0.0014653 0.0128182 0.162691 -0.00789385 -0.00499613 -0.0121677 0.0299428 0.0172187 -0.0101794 -0.000354353 0.0107055 0.00357132 -0.0118631 0.00891754 -0.000872164 -0.0105262 -0.0163093 -0.0471806 -0.00573731 -0.023461 0.000660817 -0.00317639 -0.00205834 0.0026942 -0.00456602 -0.00317168 -0.0106877 0.0196086 -0.00380582 -0.00173095 -0.00938979 0.00523415 -0.0169214 0.00121637 -0.000739617 -0.00171269 0.0152206 -0.000462796 0.00444983 0.0250305 -0.00191186 -0.00276737 -0.0149804 -0.0110324 0.020624 -0.00594638 0.00240993 0.00120179 0.00576818 -0.00928659 -0.0103767 -0.00190966 0.0140014 -0.0138477 -0.00289568 0.00458217 -0.00488875 -0.00320149 -0.00272324 0.00217281 0.000266444 -0.0121796 -0.00179352 0.00308666 0.0071605 -0.00681302 -0.00304281 -0.0113771 -0.000364147 -0.00478959 -0.00117271 -0.0252914 -0.000639511 0.0280041 0.00921721 -0.002449 -0.000550048 -0.00539215 -0.0145645 -0.000478409 -0.000415777 0.011983 -0.00584002 -2.99148e-05 -0.000493773 0.0117004 0.00701912 -0.0130647 
0.00278103 -0.00832933 0.000519968 -0.0072218 0.00545762 -0.000174605 0.0084319 -0.000219564 -0.00205909 0.000137349 0.00437108 -0.00273156 -0.000773636 -0.0018633 -0.00789385 0.0764882 -0.0129033 -0.00663585 -0.00180937 2.14651e-07 0.00984264 -0.00248301 -0.00389271 -0.00086479 -3.75236e-07 -0.00917045 -0.000109366 -0.00511143 -6.38205e-05 -0.00763378 0.00105555 0.000865847 -0.000182835 0.000352312 -0.000138536 0.00100598 -0.00204984 0.00122543 -0.00449987 -0.00528336 0.00535387 -0.000954657 0.00159903 -0.0030996 -0.000903185 0.000409583 -0.00322389 0.00200226 -0.00246415 0.00207506 -0.000106148 0.00127594 -0.000472484 -0.00271447 -0.00282036 -0.00120786 -0.00172425 -0.00125918 -0.000422113 0.000518019 0.00346967 0.00190687 0.00151719 0.000399364 -0.00198745 0.0031118 0.000678461 -0.00388943 -0.00444453 0.00236743 -0.00136498 -0.00898735 0.00100248 0.00740167 0.00513597 0.00134975 -0.00185926 -0.00104539 -0.00167432 -0.000658455 -0.00400677 0.00170608 0.000126708 -0.0077748 -9.39032e-05 0.000810859 -0.00390852 -0.000188603 -0.0027861 0.00087563 0.00326232 0.000527179 -0.000207666 -0.00393115 0.00102848 0.000788375 -0.00355678 0.000633397 0.000297291 0.00367138 
-0.0117623 -0.00783618 -0.0115519 0.0943091 -0.0261481 -0.00484165 0.0328584 -0.00714998 0.00383989 0.00302529 0.00628498 -0.0106459 -0.0200472 0.00405943 -0.00499613 -0.0129033 0.247425 0.015531 -0.0330592 0.0653372 0.0449582 0.032588 0.0131159 -0.018222 -0.0191557 0.00442587 -0.00431129 0.136078 0.0438758 -0.00464279 -0.0458835 0.124464 -0.00663295 -0.00832541 -0.00141682 -0.0111021 0.00754292 -0.00520112 0.0284589 -0.0012663 -0.0134241 -0.00400168 0.0038186 0.000728644 0.106491 -0.0102495 -0.0443807 -0.0137321 0.0999997 -0.069859 -0.00839642 -0.0151553 -0.0118326 -0.0296152 -0.0299813 -0.00627415 -0.0447148 -0.0202919 -0.0397304 -0.0134392 -0.0270747 -0.00346188 -0.0392517 -0.0083315 -0.0973974 -0.0553 0.0122384 -0.03271 -0.0156678 -0.00377027 0.00583445 0.0226821 -0.00668484 0.0371821 -0.00907385 -0.00411561 -0.0135351 0.00496142 -0.010597 0.00657169 -0.0737562 -0.0131572 -0.00710329 0.0158682 -0.00530965 -0.0784133 -0.00387023 -0.0126341 -0.0246593 -0.00453074 -0.0176889 -0.00701087 -0.00327686 -0.0201464 -0.0736929 0.00203462 0.00823065 0.0628321 0.0133089 0.0134406 
-0.00123221 0.0157721 -0.00560469 -0.0156977 -0.00521967 0.00290342 -0.00131447 0.00305179 0.00915372 -0.00192991 0.000861434 -0.00742872 -0.00129022 -0.00167831 -0.0121677 -0.00663585 0.015531 0.13616 -0.00529825 -0.0131088 -0.0137869 0.0128076 -3.00454e-05 -0.00675804 -0.00490165 0.00930835 0.00279588 0.0216911 -0.016534 0.0025447 -0.0200011 0.0136924 -0.00181376 0.000628223 0.00119748 -0.00167968 -0.0113702 0.00091457 0.00646383 0.0011067 -0.00175296 0.000532951 0.00521313 -0.00342085 -0.00189136 0.000252074 -0.000601267 -0.00206803 -0.0273667 -0.0140185 -0.000599543 -0.00652936 -0.00157922 -0.0071831 0.00179493 0.0234199 -0.00389129 -0.00540083 -0.00563107 -0.000598213 -0.0139668 -0.00494683 -0.0146035 0.00197624 -0.00408287 -0.0177347 0.000726458 0.0053598 -0.002478 0.000500688 -0.00182426 0.00774221 -0.00202918 -0.00233124 -0.000390618 0.00242822 0.00215111 -0.00321918 -0.000504903 0.0187987 -0.00762705 -0.00772122 0.000414722 0.0317088 -0.00112272 -0.0201685 -0.00599451 0.00896678 -0.00352216 -0.00616375 0.013136 -0.00219503 -0.000616422 -0.00159451 -0.0114286 -0.000101951 0.000130343 -0.00299785 0.000285309 -0.00474215 
0.000219221 -0.00899625 -0.00457069 -0.0212059 0.0051232 -0.00775094 -0.0250828 -0.0015149 0.00960034 -0.00134152 -0.0147277 0.0104578 0.0013595 0.00504751 0.0299428 -0.00180937 -0.0330592 -0.00529825 0.110275 -0.00996428 -0.0214358 -0.00105809 -0.0017158 -0.009513 -0.00397362 -0.00629342 0.00125869 -0.0145148 -0.0171962 -0.0219078 0.00373761 -0.0409653 0.0024874 -0.00223417 -0.00105927 0.00209508 -0.0077021 -0.00158911 -0.0122533 0.000921375 0.00270619 -7.19352e-05 -0.00142219 0.00426184 -0.0245379 -0.00124586 0.014416 -0.000203221 -0.0166111 0.00385428 -0.00121028 0.014583 0.000643887 -0.000691876 -0.000729649 0.00984219 0.0238636 0.00802899 0.0131875 0.00471325 0.00760463 -0.0034317 0.00368168 0.000842629 0.0189784 -0.000848016 -0.00627965 0.00722245 0.00682557 -0.000131735 -0.00165558 -0.0113769 -6.4652e-05 -0.0120556 0.00195454 0.00122546 0.0038162 -0.00564337 -0.00224797 0.00101216 0.0184167 0.00155459 0.000621097 -0.0145996 0.000657847 0.0343277 0.00120721 0.00295439 0.0069242 -0.00428496 -0.00247642 0.00586718 0.00156368 0.0125583 0.0182947 -0.0013918 -0.00282911 -0.0155548 -0.00164376 -0.00876452 
0.000574531 -0.040404 -0.000680055 0.0636852 -0.0201821 -0.0363606 0.00890856 -0.00865919 -0.032134 -0.00308862 0.0135092 -0.0189433 -0.0155345 -0.0135713 0.0172187 2.14651e-07 0.0653372 -0.0131088 -0.00996428 0.249803 0.0858886 0.0273714 0.00789109 0.0184866 -0.0109513 0.00811189 -0.00298807 0.0735429 0.0274145 0.0337918 0.0164199 0.0365851 0.00902709 0.000931435 -0.00277178 -0.00881811 0.0279131 -0.00448282 0.0300278 -0.0109502 -0.0109919 -0.00230791 0.0121158 0.00686317 0.0316561 -0.00250144 -0.0363165 -0.00995354 0.053485 -0.0264187 -0.0156558 -0.00216663 -0.00612472 -0.0218408 -0.00950001 -0.0763097 -0.0309305 -0.0185367 -0.0307906 -0.0145801 -0.029931 0.00656098 -0.0461124 -0.00636281 -0.0838905 -0.0239123 0.00748319 0.00519501 -0.0199519 -0.00650987 -0.00160075 -0.00764738 -0.000586815 0.0241597 -0.0103984 -0.00492125 -0.00985045 0.0186488 0.000764913 -0.0101561 -0.057615 -0.00330465 -0.00721736 -0.0190706 -0.00379571 -0.0337378 0.00588015 -0.00689409 -0.0230612 0.01172 0.0157251 -0.004405 -0.000812774 -0.0185598 -0.0283974 0.00315144 -0.0147197 0.0216873 0.0139036 -0.00949871 
-0.00824241 -0.000606317 -0.00344898 0.00374856 -0.0195665 -0.0187789 0.0118573 -0.00466084 -0.023811 -0.00442907 0.0180149 -0.0197455 -0.00900865 -0.0203253 -0.0101794 0.00984264 0.0449582 -0.0137869 -0.0214358 0.0858886 0.210137 0.0260412 0.000348474 0.0299604 0.0211867 0.0106356 -0.00607818 0.0593091 0.0215719 0.0528662 -0.0114175 0.051958 0.00059421 0.000166943 0.00300383 -0.00645918 -0.00948955 -0.0052654 0.0216102 -0.012248 -0.00824908 -0.000632377 -0.00513129 0.00952279 0.0130312 -0.00543679 -0.0290306 -0.00120399 0.0496368 -0.0262732 -0.0107034 -0.00293554 -0.0056183 -0.0190764 -0.0133419 -0.0355691 -0.0291967 -0.0188556 -0.0227114 -0.00953425 -0.0254766 0.000136802 -0.0305105 -0.00296974 -0.0662386 -0.0237154 0.0058914 -0.0232699 -0.0150181 -0.00274265 0.00718977 0.0132879 -0.00173817 0.0190298 -0.00558808 0.00318408 -0.0088098 0.000311265 -0.00127491 -0.00255358 -0.0401298 -0.00197024 -0.00498604 -0.0143419 -0.00178794 -0.0285262 0.000410742 -0.0152736 -0.0118077 -0.0104515 0.00662997 -0.000688623 0.000252724 -0.00709199 -0.0309581 -0.000386427 -0.0053717 0.0325694 0.00932168 0.0020554 
-0.0137073 0.0266958 -0.00877064 0.0321102 -0.0073966 -0.010793 0.0052006 -0.000850703 -0.0187543 0.00189425 -0.00698704 -0.0228367 -0.0107409 -0.0384956 -0.000354353 -0.00248301 0.032588 0.0128076 -0.00105809 0.0273714 0.0260412 0.225164 -0.00517353 0.0183369 0.013745 0.0119563 -0.00466675 0.0294009 -0.0162233 0.058039 -0.0126218 0.0212404 -0.0150841 -0.00296099 -0.00213859 -0.00507201 -0.0139626 -0.0027715 -0.00795812 -0.00363339 -0.0113324 -0.0022889 -0.0051963 -0.00238023 -0.0136504 -0.00306413 -0.00604114 0.00349856 0.0444918 -0.0013084 -0.00673158 -0.00706751 -0.00342224 -0.0132738 -0.00645569 -0.0271934 -0.0256174 -0.0145422 -0.0193051 -0.00651651 -0.0356164 -0.00719517 -0.0142462 0.0032544 0.00486057 -0.0257697 -0.00700586 0.0347899 -0.00382257 -0.00440115 0.00959399 0.00384173 -0.00228221 -0.0231864 -0.00123405 -0.00585444 -0.00499728 -0.00495926 -0.00734474 -0.0100749 -0.027568 -0.0107981 -0.00397198 -0.0121953 0.00100874 -0.0113982 0.0124583 -0.00854186 0.00278925 -0.0132741 -0.00194129 -0.000548493 -0.00179721 -0.0184216 -0.0267072 -0.00224506 0.00367257 0.0506124 0.0133575 -0.0225407 
-0.00170906 -0.0113465 -0.00461046 0.0222581 0.000277506 -0.00727308 -0.0100964 -0.0010054 -0.00266749 -0.000670464 -0.00357336 0.00451011 0.000656436 0.00804001 0.0107055 -0.00389271 0.0131159 -3.00454e-05 -0.0017158 0.00789109 0.000348474 -0.00517353 0.0800839 -0.00226937 -0.00170611 -0.00375447 0.00603135 -0.000822248 0.00721601 -0.00887175 -0.00964528 0.0165039 -0.00183899 -0.00184729 -0.000468656 -0.00115059 0.00703103 0.0017639 -0.00851163 0.00361648 -2.88591e-05 -0.000115405 0.00298722 -0.00390932 0.00437937 -0.000283312 -0.00364041 -0.00336663 0.00318382 -0.0106562 0.000868117 -0.00211883 -0.000355859 -0.00462751 -0.00326184 -0.00253755 0.0118809 -0.00145473 -0.00439173 -0.00323641 -0.00412901 -8.58881e-05 -0.00845962 -0.00209391 -0.01527 -0.00557009 0.00368369 -0.00462846 -0.00494262 -0.000641025 0.00589435 0.000275893 0.000105803 -0.00123601 -0.00188333 -0.00104588 0.000469902 -0.00217443 -0.0015112 -0.00287716 -0.00867629 0.00228767 -0.000809975 -0.00256767 -0.000495079 -0.0079315 -0.00397494 0.000523279 -0.00387031 0.00123901 0.00347241 -0.00166321 0.000907953 -0.00197989 -0.00926764 0.00132736 -0.00149244 0.00871341 -0.00177644 -0.00256052 
0.00017349 0.00653523 -0.00284934 -0.00730504 -0.000863009 -0.00964281 -0.0164835 -0.0014192 -0.0148962 -0.00223372 -0.00846786 -0.00842755 -0.00238616 -0.00742002 0.00357132 -0.00086479 -0.018222 -0.00675804 -0.009513 0.0184866 0.0299604 0.0183369 -0.00226937 0.102825 0.0121976 0.0163105 -0.00154991 -0.000279958 -0.00396027 0.0274334 0.0134418 -0.0105539 0.00772162 0.00157261 -0.000598976 -0.000377814 -0.00824669 0.00145722 -0.00154128 -0.00410766 -0.00298788 -0.00138376 3.26535e-05 -0.00145943 -0.0143039 -0.000226662 -0.00529459 0.00249923 -0.00166512 0.00355458 -0.00223508 -0.00179641 0.000323711 0.0030886 0.00424456 -0.00932096 -0.00493444 -0.00512708 -0.00748435 -0.00405808 -0.0107566 0.00266631 -0.0107607 0.00493156 -0.00814736 0.00584264 -0.0047025 -0.00137468 -0.00435744 -0.000996381 0.000981087 0.00536146 0.00388306 -0.00200363 0.000129481 -3.91006e-05 -0.000737323 0.00486173 -0.00240904 -0.00626219 -0.00850392 0.00272506 -0.00211525 -0.000187064 0.000207045 -0.00999366 -0.00152029 -0.00722119 -0.00137042 -0.00439764 0.00624694 -0.000355806 0.000380184 0.000309972 -0.00284545 -0.00174489 0.00296156 -0.00826717 0.00818898 -0.00885859 
-0.000263338 0.0381179 -0.00842637 -0.0197618 0.0031749 -0.00410639 -0.00820328 -0.00126887 -0.00187196 -0.000561556 0.0139117 -0.00589927 0.00330318 -0.0121709 -0.0118631 -3.75236e-07 -0.0191557 -0.00490165 -0.00397362 -0.0109513 0.0211867 0.013745 -0.00170611 0.0121976 0.116295 -0.00626977 -0.0020609 -0.0117492 0.00169055 0.019539 0.00441762 -0.00964077 -0.0039767 -0.00311993 0.000443203 -0.00162439 -0.0108485 -0.000981563 -0.0166904 -0.0103657 0.00067446 -0.000747873 -0.00502324 0.00427159 -0.0139422 -0.00259902 -0.00222361 0.00118137 0.00862191 0.0043766 -0.00467437 0.00405054 -0.00085322 -0.000633477 0.00600039 0.0178216 0.0111145 -0.00531391 -0.00317978 0.00527439 -0.00700059 -0.00185131 -0.00110956 0.00382726 0.00512846 0.00254524 -0.00379635 -0.0113632 -0.000889066 -0.00222654 -0.00599065 -0.0170063 0.00316247 -0.00974728 0.00260019 0.000820607 -0.00159427 -0.00739154 0.00508023 -0.00416009 -0.00559592 -0.00397596 -0.00233145 -0.00356432 0.00107637 -0.00303099 -0.00719035 -0.00631852 -0.0021586 -0.0104153 0.00962127 -2.93554e-05 5.811e-05 0.00248527 0.00559743 -0.00095116 -0.00439288 0.00221506 0.00439804 -0.00434022 
-0.00490108 -0.0087497 0.00972779 -0.0244872 -0.0126462 -0.00152536 -0.0213674 0.00311605 -0.0193558 0.00179259 -0.0137643 -0.00902857 0.00175051 -0.0112805 0.00891754 -0.00917045 0.00442587 0.00930835 -0.00629342 0.00811189 0.0106356 0.0119563 -0.00375447 0.0163105 -0.00626977 0.152351 0.00219183 0.0154331 -0.0262915 0.0282585 -0.0237291 -0.0232602 0.00272692 -0.000391001 0.00269899 -0.000780142 -0.0140541 -0.000966564 0.0286346 0.0189722 -0.00497223 -0.00120952 -0.00474063 0.0082234 -0.0286002 -0.00287476 -0.00800178 0.00199468 0.0131311 -0.00195652 -0.00543628 -0.003879 0.00311251 -0.0014402 -0.0156607 -0.0274955 -0.0331698 -0.00634967 -0.00430008 -0.00248285 0.00123834 -0.0075022 0.0161496 0.00890974 -0.0128576 -0.0164796 0.00609275 0.0229377 0.00917913 -0.0014632 0.00301656 0.0397549 -0.000907426 0.0112031 -0.00147279 -0.000578881 -0.00361165 0.0135243 -0.00245761 -0.00944557 -0.0127431 -0.00436099 -0.0013251 0.0155021 0.00187758 0.00496304 0.021676 -0.00917738 0.0026186 -0.0082699 -0.0126591 -0.00252569 0.000416037 -0.0151044 -0.0223513 -0.00315249 0.00405775 0.0189336 -0.00995955 -0.0127902 
0.000609498 -0.00163762 -0.00107316 -0.00423421 0.00218504 0.000366174 -0.00709728 0.00462876 -0.000426776 4.08323e-05 -0.00313764 0.00134868 0.00142628 0.00323093 -0.000872164 -0.000109366 -0.00431129 0.00279588 0.00125869 -0.00298807 -0.00607818 -0.00466675 0.00603135 -0.00154991 -0.0020609 0.00219183 0.0298819 -0.0053804 -0.00324488 0.00143993 -0.00268545 -0.00498199 0.000227599 -0.000771783 -8.63992e-05 0.000505207 -0.000943491 0.00215325 -0.00111203 0.00242095 0.00283965 -0.000169357 0.00213865 -3.81593e-05 -0.00619024 -0.000105951 0.00310219 -0.00092196 -0.00931513 -0.000974352 0.00203995 -0.00131011 0.00131934 -0.000922718 -0.00158955 -0.00412946 0.00269578 0.00277733 0.00201215 -0.000711563 -0.0023544 -4.14589e-05 -6.17074e-05 0.000233162 0.000251978 -0.00163511 0.00119578 0.00644875 0.00521074 0.000432881 0.00071026 -0.0017012 4.97499e-05 -0.00158979 0.00026002 -0.000666762 -0.000255816 -0.000976725 -0.000195495 -0.000312656 0.000847808 0.000541389 0.000993669 0.00478614 0.000232182 -0.000353105 -0.00206342 -0.000216144 0.000690032 -0.000657679 0.00172617 -0.00031454 0.000183573 0.00176033 -0.00223599 -0.000163431 -0.000414764 -0.0030116 -0.00230962 -0.000862747 
-0.0180103 0.00581679 -0.0115939 0.0570751 -0.0402276 -0.00717959 0.0283914 -0.00347758 0.00570856 -0.00298989 -0.00110159 -0.0102175 -0.0259358 0.00996499 -0.0105262 -0.00511143 0.136078 0.0216911 -0.0145148 0.0735429 0.0593091 0.0294009 -0.000822248 -0.000279958 -0.0117492 0.0154331 -0.0053804 0.237763 0.0358012 0.00380953 -0.0364148 0.106431 0.0048032 -0.002597 0.000130492 -0.0128924 -0.00463628 -0.00607214 0.0324638 -0.0166242 -0.0109187 -0.00525013 0.0079833 0.00334679 0.0737661 -0.0127437 -0.0525831 -0.0150381 0.0831783 -0.0734656 -0.0169191 -0.0116513 -0.0126379 -0.0179959 -0.0221663 0.00227769 -0.0473256 -0.0203647 -0.0285469 -0.0141068 -0.027758 0.000633742 -0.0398799 -0.00203251 -0.0850643 -0.054004 0.00612732 -0.0355656 -0.00456886 -0.00649039 0.00943987 0.0101283 -0.00709149 0.0378201 -0.00982754 -0.00362993 -0.0118134 0.00280732 -0.0112523 0.0135293 -0.0738723 -0.014002 -0.00827911 0.0223783 -0.00645015 -0.0478942 -0.00210894 0.00191331 -0.0252333 -0.00282505 -0.0173111 -0.00377623 -0.00216638 -0.0205514 -0.0559663 -0.0023434 -0.00399926 0.0410959 0.0134828 0.00230372 
-0.00185622 -0.0225232 -0.00287666 0.0474441 -0.00289193 -0.00533126 0.018776 -0.0040246 -0.0143327 -0.00418252 0.007163 0.0093179 -0.0111813 0.00389222 -0.0163093 -6.38205e-05 0.0438758 -0.016534 -0.0171962 0.0274145 0.0215719 -0.0162233 0.00721601 -0.00396027 0.00169055 -0.0262915 -0.00324488 0.0358012 0.176258 0.0043487 0.000232123 0.0433484 0.00749929 0.0013743 -0.00138684 -0.00407789 0.027611 -0.00184622 0.00420793 -0.0169075 0.00116926 -0.00165374 0.00399735 -0.0007649 0.0453252 -0.00462597 -0.020317 -0.00903337 0.0154904 -0.0249781 -0.000589848 -0.0157442 -0.00369929 -0.0084952 -0.0062915 -0.0242907 -0.000478132 -0.00588729 -0.00572051 -0.00629569 -0.0219495 0.0105686 -0.0173359 -0.00611329 -0.0489442 -0.00627171 -0.00314966 -0.0276445 -0.0166511 -0.00167838 -0.00261145 -0.0243081 -6.81748e-05 0.00879169 -0.00411645 0.000815432 -0.0063329 -0.00100869 -0.00197727 -0.00638049 -0.0174467 -0.000809902 -0.00404131 -0.0215474 -0.000271242 -0.0309695 0.00319085 -0.00366417 -0.0108896 0.0234207 0.0248232 -0.00551555 0.000347731 -0.0137872 -0.0131112 0.00319605 -0.00515218 0.00396999 0.0152226 0.00648304 
-0.00589113 0.0475011 -0.00416785 -0.0191127 -0.0187509 -0.0104143 -0.00686294 0.00384837 -0.0386581 -0.00664579 -0.0158529 -0.0426414 0.00191506 -0.0409911 -0.0471806 -0.00763378 -0.00464279 0.0025447 -0.0219078 0.0337918 0.0528662 0.058039 -0.00887175 0.0274334 0.019539 0.0282585 0.00143993 0.00380953 0.0043487 0.248214 0.0179675 -0.0053397 0.00644792 -0.00241804 -0.00112392 -0.0039531 -0.0121645 0.00319653 0.030317 0.00948203 -0.00266051 -0.00143014 -0.0017881 0.00239984 -0.0566771 -0.00308848 0.0104926 0.00112691 0.00148613 0.0186314 -0.0137089 -0.0201909 -0.00135237 -0.00889711 -0.00467279 -0.0554263 -0.0296892 -0.0189663 -0.0171734 -0.0151037 -0.0378989 0.000961492 -0.00684006 0.00330653 0.00383652 0.00981231 -0.000315353 0.0404491 0.00370595 -0.00667894 -4.78876e-06 0.00810411 0.000780313 -0.00118611 -0.00375675 -0.00829871 -0.00837282 0.00387747 0.00168756 -0.0219846 -0.00218732 0.00729177 -0.00603411 0.0154003 -0.000237011 -0.0142457 0.00574002 -0.0114606 0.0103061 0.00904069 0.0191496 -0.000367751 0.000110046 -0.0144536 -0.0187824 -0.00772653 -0.00544842 0.00133461 -0.00678075 -0.0208801 
0.000237967 0.00875625 0.00207271 0.00732402 0.0176488 -0.0190135 0.0236115 -0.00304341 -0.021856 -0.0024121 0.0108146 -0.0175287 -0.000572216 -0.00652824 -0.00573731 0.00105555 -0.0458835 -0.0200011 0.00373761 0.0164199 -0.0114175 -0.0126218 -0.00964528 0.0134418 0.00441762 -0.0237291 -0.00268545 -0.0364148 0.000232123 0.0179675 0.186417 -0.0248137 0.0223489 0.00702338 -0.0002846 0.00215805 0.011381 0.00340598 -0.0280973 -0.0161728 -0.00583915 -0.000954607 0.00413186 -0.00598371 -0.0301042 0.0054662 -0.00109785 -0.00431828 -0.0345056 0.0261768 0.000275055 -0.00962063 0.00197516 0.0142147 0.0290309 -0.0279264 0.0250371 0.00179464 -0.0044586 -0.00208168 0.00913009 0.00900232 -0.0110906 -0.00559925 0.0254353 0.0346382 -0.0114944 0.0117815 -0.00131579 0.000340029 -0.00231325 -0.0284079 0.00320701 -0.0351124 0.000534206 -0.00282098 -0.00100329 -0.00624342 0.00586148 -0.0106047 0.0124614 0.00858875 -0.0028601 -0.013267 -0.00135102 -0.00162487 -0.0126378 0.00375044 -0.00563035 0.0182787 0.0277537 0.000993885 0.000456684 -0.0134447 0.0296471 -0.00209348 -0.0115371 -0.038497 -0.00752539 -0.008612 
-0.0185984 0.00554425 0.00144564 0.073555 -0.028777 0.0149749 0.07731 -0.00189734 0.00138847 0.000521579 0.0136571 -0.00706635 -0.00705489 0.0192416 -0.023461 0.000865847 0.124464 0.0136924 -0.0409653 0.0365851 0.051958 0.0212404 0.0165039 -0.0105539 -0.00964077 -0.0232602 -0.00498199 0.106431 0.0433484 -0.0053397 -0.0248137 0.245782 -0.0091678 -0.00684201 0.0022139 -0.0112286 0.0251598 -0.00373386 0.0238546 -0.00438813 -0.0108234 -0.000552038 0.012562 -0.0216244 0.0970082 -0.00684777 -0.0450074 -0.00619035 0.0688 -0.0652485 -0.00400601 -0.0204191 -0.00667572 -0.0260329 -0.0229637 -0.00851114 -0.0182907 -0.028578 -0.0324711 -0.012871 -0.0422662 0.0110384 -0.052895 -0.00979166 -0.0906685 -0.0472986 0.0114419 -0.043598 -0.0200811 -0.000261032 0.0116447 0.00972039 -0.00497229 0.0154672 -0.00801227 0.00681061 -0.00540483 0.00529854 -0.00987565 0.0061339 -0.0748602 -0.00432207 -0.00215646 0.034685 -0.00557598 -0.102499 -0.0154127 -0.00604658 -0.0248516 -0.0137386 -0.00789799 -0.00806479 -0.00178742 -0.0309434 -0.0745238 0.00133367 0.0107994 0.028551 0.0131606 0.022496 
0.00411157 -0.0102199 0.00013128 -0.00600158 0.000167823 -0.00795126 -0.00949836 0.000955164 0.00157564 -0.00173538 -0.0081561 -0.00231288 -0.000616085 -0.00130963 0.000660817 -0.000182835 -0.00663295 -0.00181376 0.0024874 0.00902709 0.00059421 -0.0150841 -0.00183899 0.00772162 -0.0039767 0.00272692 0.000227599 0.0048032 0.00749929 0.00644792 0.0223489 -0.0091678 0.0721418 0.00251567 -0.000405467 -0.000532425 0.00480308 0.00276076 0.000385052 0.00483721 0.00102248 0.00189198 0.00252924 -0.00245945 -0.00936315 -0.00181062 -0.00452554 -0.0022307 -0.0142372 -0.00673932 -0.00144684 -0.00611045 -0.00051079 0.00625725 7.49424e-05 -0.00750075 -0.000489764 0.00154258 0.00235509 -0.00117603 -0.00105837 0.00357231 -0.00485619 0.000746017 -0.00909223 0.00381722 -0.00409457 -0.0042904 4.69173e-05 0.000298752 0.00408423 -0.00531807 0.000128252 -0.00414095 -0.000126341 -0.000718768 -0.00103812 -0.000965048 -0.00182023 0.00170658 -0.000472342 0.00212731 -5.66792e-05 -0.00612366 -0.000374984 -0.0010471 -0.00250095 0.000583316 -0.00286816 0.00761596 0.0105996 0.00246548 0.000244999 -0.00312417 0.00590826 -0.00127866 -0.00326117 -0.00845024 -6.9201e-05 -0.00536541 
-0.00040861 -0.00467933 -4.34096e-05 -0.0085323 -0.00186676 -0.00318935 -0.00084221 -0.000434348 -0.00107918 -0.000634566 -0.00242337 -0.00291618 -0.00217268 -0.00257376 -0.00317639 0.000352312 -0.00832541 0.000628223 -0.00223417 0.000931435 0.000166943 -0.00296099 -0.00184729 0.00157261 -0.00311993 -0.000391001 -0.000771783 -0.002597 0.0013743 -0.00241804 0.00702338 -0.00684201 0.00251567 0.0351626 -0.000497614 1.2827e-05 -0.00221752 0.000527131 -0.00290637 -0.00207377 -0.000863006 0.000258046 0.000262183 -0.00141348 -0.00413035 0.00236675 0.00427919 -0.00119125 -0.0054838 0.00170709 -0.000882972 -0.00132032 -0.000593567 0.00267018 0.00906477 0.00112924 -0.000727029 -0.000106527 -0.000985075 0.00195031 0.00239477 0.000153639 0.00403137 0.000384095 0.00189018 0.005521 0.00124782 0.00257971 -0.00252612 0.000172152 -0.000238965 -0.00420078 -0.00032403 0.0018057 -0.000225469 0.000159997 -0.00122388 -0.00112276 -0.00148914 0.0012618 0.00441255 -0.00114018 0.000585642 -0.00308665 0.000185672 0.0045833 -0.000569909 0.00352413 -0.000800191 0.00214349 1.33631e-05 0.000417194 -6.85069e-05 -0.00201632 0.00833268 -0.000462212 -0.00200993 -0.00376455 -0.00158091 -0.00103223 
0.000385536 -0.000302227 0.00157803 0.000668457 0.000281026 0.00220353 0.000866804 4.8465e-06 5.14241e-05 0.000341128 0.000673632 -0.000579847 0.00138183 0.00131453 -0.00205834 -0.000138536 -0.00141682 0.00119748 -0.00105927 -0.00277178 0.00300383 -0.00213859 -0.000468656 -0.000598976 0.000443203 0.00269899 -8.63992e-05 0.000130492 -0.00138684 -0.00112392 -0.0002846 0.0022139 -0.000405467 -0.000497614 0.0178199 -0.00033029 0.00074766 -0.00013038 0.00243714 -0.00102703 0.000310892 6.40398e-05 6.24207e-05 -0.000370527 -0.000689663 -0.000196361 -0.00202506 -0.000181142 -9.23581e-05 -0.000586367 0.000458478 -0.000762947 0.000575551 -0.000416819 -0.00124831 -0.00169479 -0.00187451 -0.000338516 -0.00011804 -0.000293285 0.000202208 0.0011618 -0.00190328 -0.000277707 -0.00199148 -0.000251732 -0.000195685 -0.00123147 -0.00114193 0.000680565 -0.000445855 0.00043936 -6.72179e-05 -0.00056427 -7.85439e-05 0.00119647 0.000588946 0.000505483 -0.000503961 -0.000601193 -0.00151715 0.000744315 0.00016514 0.0027561 -6.90893e-05 -0.0037877 -0.000563012 -0.000978172 -0.000799139 -0.00154033 -0.000828503 -0.000233029 0.000186151 -0.00127074 -0.00203448 0.000228798 -0.000591594 -0.00119089 0.000137614 0.00144477 
