0.0519322 0.000970043 0.0107986 0.00578571 0.0022344 0.00568614 -0.00841937 -0.000640102 0.0114428 -0.000279541 0.00021268 0.00166036 -0.00148205 0.000828486 -0.00638693 -0.00677283 -0.00697462 -0.00111227 0.00199967 -0.00811697 -0.000980915 -0.00196155 -0.000949375 -0.00848359 0.00536635 -0.000892557 -9.91291e-06 -0.00314431 -0.00272941 -0.00135972 0.00637701 -0.00531842 0.00696038 0.000726982 0.000306751 -0.0023857 0.00250645 -0.000224426 -0.0010138 0.00052492 0.00187073 -0.00454609 0.00375398 -4.07484e-05 -0.00412919 -0.00540179 0.00156483 -0.00069438 0.0024613 -0.00122613 -0.00719501 -0.0074914 0.00792927 -0.00311951 -0.000969382 -0.00180234 -0.0012193 -0.00386672 0.0071185 0.00103423 0.000215985 -0.00297735 -0.000130798 -0.000452993 -9.45573e-05 0.00249563 -0.000637465 -0.000601413 -0.00229148 0.000194476 -0.00414319 0.0049163 -0.00418509 0.00054995 0.0021428 0.00113391 -0.000415652 0.00107018 0.00221889 -0.00255817 -0.00587768 0.00133243 0.00225182 0.00251215 0.000813586 -0.000132058 -0.00323786 -0.000476481 -0.00578032 0.000477585 0.000175364 0.000586676 -0.0010567 0.000467192 -0.00174651 -0.00213878 -0.00535268 -0.00116256 -0.00586053 -0.002957 
0.000970043 0.115961 -0.0105314 0.00122835 -0.00279439 -0.0117926 0.0040276 -0.00928728 -0.00884327 -0.00208624 0.00308845 -0.0225299 0.0107881 0.000951286 0.0211133 0.0347083 -0.020486 0.0118226 0.0232431 -0.0111646 0.0094586 0.00234583 0.0117337 -0.0104299 -0.0267375 -0.00511005 -0.00283639 -0.00840158 -0.00639608 -0.00360523 -0.0141419 0.00874859 0.0161654 -0.000193094 0.00129718 -0.0073282 -0.00120325 -0.0030901 -0.00512181 -0.0270378 -0.000322084 0.0130495 0.00504856 0.0025808 -0.00329021 0.00615934 0.00248983 0.00988831 -0.0108503 -0.00158508 0.0182281 0.0142328 -0.00584327 -0.00224095 0.00695755 -0.00331353 0.0013099 0.0169021 -0.00100665 -0.00515 0.0227222 -0.00126092 -0.00894529 0.00280259 0.00248741 -0.00765316 0.0010455 -0.00245012 -0.00648653 -0.0211945 0.00791478 0.00713737 -0.0020336 -0.0029736 -0.00324479 -0.00249817 0.0013313 0.000714197 -0.0287909 -0.0100543 -0.00867665 0.00432675 0.00483093 -0.000180263 0.00027248 -0.0073339 0.00724473 0.0002161 -0.00901479 -0.0283722 -0.0218963 -0.00201059 0.0108922 -0.0175657 0.00824555 -0.000332055 -0.00483874 2.68421e-05 0.0304716 -0.034623 
0.0107986 -0.0105314 0.141155 0.00091765 0.0210187 -0.0203955 -0.0163759 -0.00269807 0.0113265 -0.000103715 -0.00620924 0.00585826 -0.00564922 0.00847929 -0.0154716 0.013504 0.012941 0.0310518 0.0183414 -0.0349596 -0.0165417 -0.00152407 -0.00115593 -0.0237753 -0.0160817 -0.000713929 -0.00438633 -0.0038239 -0.00136972 0.00563618 0.00294621 -0.00263434 0.0135094 -0.00276707 -0.000530545 -0.0110783 0.0158739 -0.0035288 -0.00117782 -0.0262888 -0.000690934 -0.00332191 0.00958242 0.00191545 0.014216 -0.00326465 0.00199531 -0.00648223 0.0225611 -0.000898188 -0.0178079 -0.0042121 0.0283724 -0.0114555 -0.00283775 -0.00649788 0.00584936 -0.00288813 0.00140509 -0.0029291 -0.00273355 -0.00729764 -0.026158 0.000999907 -0.0017729 -0.000289784 -0.00348417 -0.00590279 0.00944296 -0.0196804 -0.00859078 0.00975862 -0.00865263 0.00618542 0.00830416 3.19987e-05 -0.00235086 -0.000518476 -0.00261822 -0.0142206 0.00424247 -0.00406697 0.00152044 0.00921181 -0.00157494 -0.00100828 0.0140986 -0.00130848 -0.0174384 -0.0178614 0.0213585 0.00209962 -0.0171049 -0.0146315 -0.0072013 0.00275685 0.0072907 -0.00242043 -0.0127546 -0.00185626 
0.00578571 0.00122835 0.00091765 0.0638399 0.0177569 0.00692291 -0.00933207 0.012886 0.00258333 -0.000880547 0.000662442 0.0196135 -0.00292694 -0.00148227 -0.00999938 -0.00268133 -0.0198181 -0.00455954 0.00601662 -0.0122023 -0.00393516 -0.00137724 -0.00310894 -0.0135394 0.00159833 -0.00372423 -0.00181085 -0.00477059 -0.00323944 0.00412788 -0.000322922 0.00994264 0.00268226 -0.000244582 0.00245158 -0.00277181 0.0215583 0.00459656 -0.00739912 -0.00772026 -0.000237833 -0.00404238 0.00196389 -0.000104885 -0.012806 -0.0103832 0.00081727 0.00337633 -0.00435369 -0.00145599 -0.00769039 -0.00747656 0.00260773 -0.00387331 6.69083e-05 0.00446231 -0.00243076 -0.00953771 0.000859082 -0.00256115 0.00153912 -0.00149073 -0.00580271 0.00194949 -0.000742701 0.00126839 -0.000571945 -0.0016777 -0.00217529 -0.00895051 -0.00877469 -6.68875e-05 -0.000750274 -0.0026081 -0.000970122 0.00507566 -0.00609647 -0.000134953 0.0072641 -0.00505659 0.0094884 -1.28367e-05 0.00224352 -0.00769706 -0.00111951 -0.00209903 -0.00418092 -0.000703971 0.000816807 -0.00700212 0.00876117 0.00319355 0.012941 -0.00111347 -0.00210209 0.00118243 -0.00881563 -0.000757692 0.00917677 0.00204985 
0.0022344 -0.00279439 0.0210187 0.0177569 0.179067 -0.0142802 -0.0112946 0.028116 0.0128707 -0.00110583 -0.00221862 0.0397278 -0.00527409 0.0167969 -0.0317229 0.0170292 -0.0108073 0.0342051 0.017863 -0.0358709 -0.0287096 -0.000659903 -0.00512742 -0.022325 -0.0173147 0.00160985 -0.00558685 -0.00924827 -0.00450622 0.0132611 -0.00186492 0.0033461 0.0122201 -0.000816574 -0.000727017 -0.00932323 0.0287413 0.00446452 7.97115e-05 -0.0516189 -0.00273299 -0.00612979 0.000484922 -0.00230299 0.0123883 -0.0299847 -0.00211699 0.0132103 -0.0176472 -0.00470628 -0.00293131 -0.0272268 -0.00276082 -0.0144129 0.000887639 0.00398059 0.00915651 -0.0240829 -0.00489167 -0.00847757 -0.00791819 -0.00383317 -0.0305235 -0.0005946 -0.00323557 0.00972347 -0.00482142 -0.00761594 -0.0037646 -0.045264 -0.0173924 0.000532236 0.0040319 0.0197107 0.00765762 0.00534296 -0.0167728 -0.00111779 0.00322349 -0.0136027 0.0353672 -0.00688677 0.00527998 -0.011596 -0.00183388 -0.0301989 0.0181642 -0.000804283 -0.0181625 -0.0472101 0.0409432 0.00596528 0.00207005 -0.0312209 -0.0110515 0.00127884 0.000354666 0.00196126 0.0505332 0.0363668 
0.00568614 -0.0117926 -0.0203955 0.00692291 -0.0142802 0.219049 -0.0303026 0.0199543 -0.0139336 -0.00408556 -0.00251595 0.0231659 -0.0196024 -0.012537 0.0149898 -0.0772046 0.038611 -0.0394962 -0.0310454 -0.0172871 -0.0108625 -0.00706503 -0.00472558 0.0163175 0.036892 -0.00987901 -0.00908746 -0.00304044 0.00443912 -0.00982186 -0.0248821 -0.00143944 -0.00850344 -0.00346245 0.00121462 -0.00710915 0.00197825 0.0014315 -0.00617727 0.089984 -0.00240171 -0.0172248 0.00355181 -0.00255432 -0.0272433 -0.0156479 -0.00680632 -0.0105844 0.00259875 -0.00292584 -0.0342668 -0.0218681 0.0122796 0.0322898 0.00416352 0.00796844 -0.0164196 -0.0118516 -0.00873322 0.00640446 -0.00876709 0.00648962 0.0450404 -0.00530041 -0.0031852 -0.0115091 0.00433571 -0.00924987 -0.00115816 0.0351979 -0.0274971 0.00940378 -0.00451436 -0.0139271 -0.00924266 -0.00503998 -0.0109166 0.000424148 0.0657938 -0.00131243 -0.00286926 -0.0133616 0.00487719 -0.014135 0.00396897 0.016798 -0.0433979 -0.00303731 -0.0218556 0.0368555 0.012852 -0.00884288 -0.00159939 0.0520005 -0.0135568 0.000374519 -0.0194632 -0.000592464 -0.0478457 0.0369351 
-0.00841937 0.0040276 -0.0163759 -0.00933207 -0.0112946 -0.0303026 0.1685 -0.00621114 -0.0062338 0.000738441 -0.00553138 -0.00451997 -0.000707249 0.00443722 0.019324 0.00057446 -0.00403358 -0.00905068 -0.014758 0.0358908 -0.0061723 -0.00516731 -0.000856503 0.00919444 -0.00455729 -0.00218484 0.00625345 0.00822327 -0.00745846 0.00219841 0.00250614 -0.0185019 -0.0114343 0.00190275 -0.00101708 0.0056548 -0.0175338 -0.00409846 -0.0055457 -0.0124682 -0.00168373 -0.00413441 -0.000392347 -0.00138025 0.0274371 -0.00540109 -0.0012968 -0.00653296 -0.00363076 0.00011918 0.0199153 0.0169021 -0.0140557 -0.0107119 -0.00157701 -0.00839877 -0.000558213 -0.00815365 -0.00491582 -0.00445738 -0.00715126 -0.0052989 -0.00657602 0.00196163 -0.0014754 0.0110828 -0.00177075 0.0111378 -0.00494867 -0.00323035 0.00347509 0.00760545 0.0149377 0.000406266 -0.00212627 -0.00244448 0.0278 -0.00139478 -0.0314574 0.012036 -0.0166539 0.0120651 -0.0237915 -0.0130785 0.00627982 -0.0203263 -0.00718368 0.00218515 0.00412942 0.00376734 -0.0239884 0.000209958 0.0193951 -0.0144985 0.0155752 0.00873151 -0.0166842 -0.00383321 0.0121298 0.000249572 
-0.000640102 -0.00928728 -0.00269807 0.012886 0.028116 0.0199543 -0.00621114 0.0951106 -0.00937673 -0.00130792 0.00143851 0.0387715 -0.00632816 -0.00131329 -0.0103009 -0.0206687 -0.00811786 -0.0106856 -0.0122651 -0.0135545 -0.012852 -0.00138581 -0.0025135 -0.00373691 0.000657316 0.00565959 -0.00126759 -0.00269132 0.004509 0.00638185 -0.00868778 0.00708929 -0.00241504 -0.000729029 0.00520085 -0.00541051 0.0299488 0.00793899 0.0089318 -0.00940178 -0.00129547 0.000994912 -0.00474429 -0.00147093 -0.0117504 -0.0148194 -0.00197714 -0.00626277 -0.00785557 -0.00237775 -0.013994 -0.00836396 -0.00589728 -0.00137792 -0.000701493 0.00594956 -0.000854589 -0.0181933 -0.00478126 -0.00240242 -0.00740411 -0.00510927 -0.00664116 0.0083326 -0.00321761 -0.00195799 -0.00129768 -0.00274724 0.00792923 -0.00458753 -0.0115331 -0.0079696 0.000404862 -0.000837879 -0.00331382 0.00367212 -0.0122497 0.00123205 0.00928741 -0.00276464 0.0147245 -0.00402649 0.0170101 -0.0147997 -0.00142637 -0.0122232 -0.015115 -0.00072062 -0.0165557 -0.0158714 0.0292075 0.00421059 0.012342 -0.0010465 -0.0043294 0.0109753 -0.00321165 0.00699455 0.00281277 0.0252495 
0.0114428 -0.00884327 0.0113265 0.00258333 0.0128707 -0.0139336 -0.0062338 -0.00937673 0.126994 0.00088799 0.00275114 -0.00125303 0.0014284 0.00716667 -0.0154861 0.0150907 0.00343063 0.0179844 0.0105672 -0.0249786 -0.0075698 -0.00307345 -0.00425305 -0.00326802 0.012794 -0.00204987 -0.00416113 -0.00968375 -0.00988235 -0.00140704 -0.00845956 -0.0132879 0.00246706 -0.000367725 -0.0011815 -0.000834079 -0.0071447 -0.00402912 -0.0106901 -0.0270765 0.000394512 -0.00857167 -0.00211971 -0.0012458 -0.00821583 -0.00663936 0.00192487 -0.00231476 -0.00249163 -0.000473561 0.0105419 -0.0104415 0.0116319 -0.00223805 -0.00359579 -0.00306428 0.00658489 -0.0171083 0.0063032 0.00120548 0.0107997 -0.00404772 -0.00289547 -0.00165966 0.00619945 0.0178046 -0.00262234 -0.0029862 -0.000731184 -0.00986086 -0.00078012 0.0164527 0.000601626 0.00698962 0.00285141 0.00633764 -0.00713411 0.000269444 0.000996438 -0.0078431 0.011026 0.00200365 0.000740212 -0.00444212 -0.00288641 -0.0123938 0.0174853 0.000778953 -0.00724778 -0.0239075 0.00525348 0.00375313 -0.0130701 -0.0117035 -0.00104512 -0.00696918 0.00117658 -0.00292632 0.00989095 -0.00558594 
-0.000279541 -0.00208624 -0.000103715 -0.000880547 -0.00110583 -0.00408556 0.000738441 -0.00130792 0.00088799 0.0200606 0.000466912 -0.00201457 -0.000180121 0.0022746 -0.00280122 -0.000281673 -0.00165342 0.000577374 -0.00178631 0.00141801 0.0023769 -0.000800382 -0.00105349 -0.00219979 0.000981922 -0.000243857 0.00318709 0.00142712 -0.000819643 0.00155741 0.00202634 -0.00238534 -0.000684944 -1.56542e-05 -0.00020091 -0.000897784 -0.00424767 -0.000390071 0.00018601 -0.00356019 -1.60189e-05 0.000181267 0.00100816 0.000115406 0.000856282 0.0034832 -0.000143552 0.000222546 8.90006e-05 0.000633219 0.000127969 -0.0016683 -0.000288695 -0.00145823 -1.78821e-05 -0.00088682 0.000641566 -0.00141862 0.000952558 -0.000382506 7.25321e-05 1.48656e-05 -0.00230743 -0.000678764 0.000591421 -0.000467624 -0.000347115 0.000157948 6.4424e-05 5.01463e-05 -0.00194499 -0.00171026 0.000751973 0.000169254 0.0026201 0.000777875 0.000669156 -1.70969e-05 -0.00586933 -7.00722e-05 -0.00103171 0.00169804 -0.00134299 -6.03501e-05 -2.63801e-05 0.00239813 0.00313744 0.000862502 0.00488356 -0.00124645 0.000417654 -0.000530587 -0.00151618 -0.00139281 0.00143814 -0.000487303 -0.0009201 -0.00012797 -0.00235298 -0.000457563 
0.00021268 0.00308845 -0.00620924 0.000662442 -0.00221862 -0.00251595 -0.00553138 0.00143851 0.00275114 0.000466912 0.0574211 -0.00192891 0.000856525 0.00098841 0.00751538 0.00838822 -0.00565516 0.00307835 0.00456694 0.00529169 0.0066425 -0.00255377 0.000782584 -0.00716883 -0.00135092 0.000779985 -0.000363913 -0.00189201 -0.00137952 -0.00159436 -0.00470382 0.00182758 -0.00244911 0.00087387 0.00103479 -0.00256682 -0.0030073 0.0023214 0.00273892 -0.0072299 0.00151338 0.00447409 -0.00200085 0.000743633 -0.00852086 0.000653994 0.0014488 0.00507905 -0.00505504 0.000729694 0.00786192 0.00869544 -0.00276494 -0.00070472 -0.000983808 -0.000990536 0.00318179 -0.00938278 -0.00157419 -0.00280326 -0.0020615 -0.00203831 -0.00931249 0.00302683 0.00474262 -0.00211504 -0.00101567 0.000487163 0.00292512 -0.00437885 -0.00137296 -0.0089645 -0.00239741 0.000554846 0.00220667 0.00318801 -0.00104779 0.000253215 -0.0115897 -0.000491914 0.0012017 -0.000880568 -0.0018543 -0.00230117 -0.00138535 -0.013009 0.00436062 0.000190337 -0.00329007 -0.00855057 0.00358101 -0.00095613 -0.00182614 0.000523341 -0.00166062 0.0013282 0.00298546 0.000172877 -0.00063912 -0.00159847 
0.00166036 -0.0225299 0.00585826 0.0196135 0.0397278 0.0231659 -0.00451997 0.0387715 -0.00125303 -0.00201457 -0.00192891 0.157563 -0.0142997 -0.0017948 -0.0327903 -0.0437787 -0.0235356 -0.0237233 -0.0255738 -0.0207287 -0.0277134 -0.00199154 0.00254764 -0.0130534 0.0296597 0.00361132 -0.000883078 -0.00900425 0.0114149 0.0164823 0.000907392 -0.00364037 -0.00795087 -0.000319955 -0.000369851 -0.0123223 0.0521051 0.0156352 -0.00851915 -0.00885849 -0.00263815 -0.0151322 -0.00534754 4.62792e-05 -0.0243901 -0.0267218 -0.00347994 -0.0038597 -0.011144 -0.00428288 -0.0281526 -0.0296411 0.00564305 -0.00147352 -0.00347828 0.00122029 -0.00713211 -0.0320684 -0.00329599 0.00664096 -0.0131247 -0.0100611 -0.0174355 0.000817234 -0.00545588 0.00437144 0.000650699 0.000640044 0.00444749 -0.0101215 -0.0173464 -0.0174719 0.00829301 -0.00167136 -0.000314657 0.0213184 -0.0162776 0.00163484 0.0158687 -0.000569211 0.0485382 -0.00211978 0.00981896 -0.0153732 -0.00011986 -0.00438786 -0.0318133 -0.00192104 -0.0115994 -0.021058 0.0829716 0.0105188 0.0145719 -0.0111818 -0.00579903 0.012219 -0.0134013 0.00232058 0.011466 0.0612195 
-0.00148205 0.0107881 -0.00564922 -0.00292694 -0.00527409 -0.0196024 -0.000707249 -0.00632816 0.0014284 -0.000180121 0.000856525 -0.0142997 0.0808491 -0.000640684 0.0024776 0.0348996 -0.00374044 0.0120603 0.0179628 -0.0100096 0.00215552 0.00938478 -0.00505379 0.00245079 -0.00715657 -0.00117164 -0.00275605 -0.00238863 -0.00233095 -0.00649804 -0.00678525 -0.011226 -0.00432977 -2.11123e-05 0.000198944 0.00920099 -0.0171313 -0.0020187 -0.00268355 -0.0158855 -0.000716458 0.00719153 -0.00446309 0.000440523 -0.00248199 0.00717192 0.00414196 -0.00420834 -0.00737222 -0.000457222 0.00563152 0.005596 -0.00698506 0.00439977 2.45827e-05 -0.00295493 -0.00153846 0.0153928 0.00363305 0.000434687 0.00800214 -0.000847201 -0.00436918 -0.00245527 -0.000587544 -0.00263674 -0.00168983 0.00319473 -0.00237505 -0.011468 0.0126277 0.00708037 -0.00259679 0.00374615 0.000591858 0.00132985 -0.00442096 -0.000402782 -0.0176237 0.000391001 -0.0165683 0.00582504 -0.00420378 0.000768598 -0.00139558 0.000919767 0.0140482 5.92378e-05 0.000328044 -0.00941131 -0.0176981 -0.00162997 0.00528523 -0.0128079 0.00788447 0.00464439 -0.000395774 -0.00209887 0.0116748 -0.0200354 
0.000828486 0.000951286 0.00847929 -0.00148227 0.0167969 -0.012537 0.00443722 -0.00131329 0.00716667 0.0022746 0.00098841 -0.0017948 -0.000640684 0.0795936 -0.00818769 0.00714384 -0.00673007 0.0074474 -0.00800918 -0.00787685 -0.00608513 -0.00126676 -0.00272671 0.00375945 -0.00620869 0.00354574 -0.000733738 0.000160276 0.00186534 -0.00211052 0.00153002 -0.00109087 -0.00275185 -0.000166726 -0.000775638 -0.00375893 -0.0033219 -0.00155342 -0.00165368 -0.0121987 -0.00101625 -0.00379528 0.000655031 0.000374673 -0.00179871 -0.00686931 -0.001305 0.0100488 -0.00409005 0.000454874 -0.00192976 -0.00693453 0.00290229 0.00144023 0.00140052 -0.000393068 0.0158003 -0.0154988 0.00547209 0.00292721 0.000133006 -0.00209203 -0.00756454 -0.00123 0.000981251 -0.00241603 -0.00207197 0.0023855 -0.00212604 -0.0153892 0.000174157 -0.00135337 0.00210731 0.0183079 0.00185625 0.00730126 0.00213247 -0.000786878 -0.00588022 -0.00123608 0.0100742 -0.00171215 -0.00539006 0.00459307 -0.000632237 -0.0107248 -0.00353433 -0.000686617 -0.00593405 -0.0177851 0.00958679 -0.00136706 -0.007898 -0.00923373 5.2008e-05 -0.00215039 -0.00477334 -0.00181295 -0.00274241 0.0089997 
-0.00638693 0.0211133 -0.0154716 -0.00999938 -0.0317229 0.0149898 0.019324 -0.0103009 -0.0154861 -0.00280122 0.00751538 -0.0327903 0.0024776 -0.00818769 0.208773 -0.00120839 0.0444699 -0.0139939 -0.0039112 -0.00221881 0.0108072 0.00512733 0.0219649 0.0191351 -0.0337068 -0.00564239 -0.00943411 0.00418896 -0.00588355 -0.00427431 -0.00518405 -0.0226039 -0.0104706 0.00468288 0.00101382 -0.00141085 -0.0373134 -0.00729399 -0.0145775 0.000423537 0.00134963 0.0115555 0.00318304 0.000768434 0.0101258 0.00141424 0.00351487 -0.0102519 0.0215852 -0.000940989 0.00897289 0.0388945 -0.00336311 0.00553235 0.00563014 -0.00885788 -0.00261877 -0.00443679 0.00402331 -0.00533458 0.00345244 -0.00454572 0.00355667 -0.00492862 0.00259558 -0.00932625 -0.00317456 -0.010717 0.00269248 0.0238955 0.0239574 0.0206669 -0.0167401 -0.00496598 -0.00854675 -0.0103966 0.00125733 -0.00117793 0.00286314 -0.0122891 -0.0138068 -0.00371189 -0.0176157 0.039313 0.00194623 -0.0181608 -0.0130274 -0.000474193 0.00625234 0.023667 -0.0525192 -0.00611127 -0.00788753 0.0035414 8.60152e-05 -0.00528192 0.00044307 -0.0041752 -0.0291587 -0.0559253 
-0.00677283 0.0347083 0.013504 -0.00268133 0.0170292 -0.0772046 0.00057446 -0.0206687 0.0150907 -0.000281673 0.00838822 -0.0437787 0.0348996 0.00714384 -0.00120839 0.23879 -0.0473108 0.0884088 0.0887472 -0.0100108 0.00457145 0.00340562 -0.0122526 -0.0373324 -0.0598903 -0.00960859 -0.00646947 -0.0153288 -0.0241442 -0.0132532 -0.0067982 0.0243226 0.0165461 0.00556646 0.00055169 -0.00566108 -0.020107 -0.00644576 -0.0110641 -0.0808419 0.00169311 0.0370747 -0.00919312 0.00210934 0.0103589 0.00721289 0.00341596 0.0168439 -0.0295336 0.00743385 0.0754333 0.0204789 -0.0248934 -0.0158564 -0.00518085 -0.0196187 0.0191145 0.0450014 0.00290586 -0.00578552 0.0206075 -0.00120192 -0.0447007 -0.00280432 0.0110458 -0.0124024 -0.00779311 -0.00573924 -0.0059613 -0.0555216 -0.00509779 0.0282936 -0.00498468 0.0163042 0.0140132 -0.00682499 -0.0168771 -0.00438115 -0.0893774 -0.022724 -0.0531249 0.0182879 -0.00733673 0.00988545 -0.00588412 -0.00542332 0.0900203 0.00361918 -0.00982785 -0.0605849 -0.0335081 -0.00720035 0.0216378 -0.0355977 0.0101669 0.0149939 0.0463491 -0.00446413 0.05694 -0.0749686 
-0.00697462 -0.020486 0.012941 -0.0198181 -0.0108073 0.038611 -0.00403358 -0.00811786 0.00343063 -0.00165342 -0.00565516 -0.0235356 -0.00374044 -0.00673007 0.0444699 -0.0473108 0.249893 0.0079815 -0.0252257 -0.0194654 0.00325457 0.00441254 0.00217178 0.0366014 -0.00861061 0.00298563 -0.00951303 0.0185243 0.0112611 -0.00891431 -0.00639814 -0.0609574 -0.0125809 -0.01201 -0.00677943 0.00367234 -0.061557 -0.0060133 0.0101826 0.0217223 -0.0057452 -0.0265301 0.00369753 -0.00176338 0.0545481 0.00358894 -0.00401285 -0.0205012 0.0340869 -0.00216043 -0.0256418 0.00391814 0.00419011 0.00359937 0.00180646 -0.00854668 -0.0015796 0.00172837 -0.000316011 -0.00958357 -0.00310238 0.00805846 0.024623 -0.00971009 -0.00664578 -0.0141136 -0.00306436 -0.0039318 0.0107535 0.0239283 0.020085 0.0146867 -0.025506 -0.00464437 0.00250723 -0.0340961 0.00434591 -0.00283633 0.0541571 0.00187958 -0.00318064 -0.0143403 -0.016149 0.00687821 0.00373488 -0.00404907 -0.00929507 -0.00329408 0.0144133 0.0265657 -0.0143528 -0.00911613 -0.0349923 0.000999588 -0.00472711 -0.0054647 0.00548383 -0.00680958 -0.0737177 0.00402807 
-0.00111227 0.0118226 0.0310518 -0.00455954 0.0342051 -0.0394962 -0.00905068 -0.0106856 0.0179844 0.000577374 0.00307835 -0.0237233 0.0120603 0.0074474 -0.0139939 0.0884088 0.0079815 0.163049 0.0750441 -0.036604 -0.0161238 -0.00105092 -0.00927687 -0.0216383 -0.0489001 -0.00273559 -0.00377522 -0.00687238 -0.00876979 -0.012997 -0.000214092 -0.00373207 0.0134334 -0.00428046 -0.00172267 -0.0129139 -0.0346083 -0.00613419 -0.00810306 -0.0567162 -0.00118106 0.0252613 -0.00622129 0.00144288 0.0267865 0.00350543 0.00144604 0.006364 -0.0119905 0.00188993 0.0299713 0.0019928 -0.00975765 -0.011625 -0.00303576 -0.0100348 0.0124164 0.0302929 0.00659246 -0.0101538 0.00800847 -0.00324114 -0.0361623 -0.00454775 0.0026864 -0.00808178 -0.00594472 -0.00585852 -0.00271007 -0.042345 -0.0100259 0.0247499 -0.00388015 0.00997302 0.021812 -0.0132739 -0.00491667 -0.00265921 -0.0509393 -0.0122584 -0.0350668 0.000901958 -0.00234972 0.00998667 -0.00388536 0.00344228 0.0875092 0.00173198 -0.0120819 -0.0431149 -0.0105959 -0.0038148 -0.0123931 -0.0321431 -0.0043921 0.013369 0.0575773 -0.0045275 0.0193798 -0.0402336 
0.00199967 0.0232431 0.0183414 0.00601662 0.017863 -0.0310454 -0.014758 -0.0122651 0.0105672 -0.00178631 0.00456694 -0.0255738 0.0179628 -0.00800918 -0.0039112 0.0887472 -0.0252257 0.0750441 0.159116 -0.0282698 0.00565813 0.000977122 -0.000508297 -0.0351862 -0.0450954 -0.0072896 0.000214419 -0.0104728 -0.0132004 -0.0116088 -0.00330003 0.0166449 0.0297418 0.000110637 0.000769631 -0.00292252 -0.0119238 -0.00581228 -0.0109044 -0.0471141 0.000176164 0.0219196 -0.00221755 0.00361293 0.00698942 -0.0126357 0.00582996 0.00122337 -0.0172819 0.000939759 0.0140801 0.012246 -0.0104528 -0.0136718 -0.00471834 -0.00823371 -0.00545904 0.0441838 0.00508942 -0.00961411 0.00835426 -0.00533967 -0.0211922 -0.00358915 0.00937796 -0.00685717 -0.00443533 -0.00491368 -0.00701259 -0.0309487 -0.0116326 0.0332316 -0.00359993 0.00128461 0.01318 -0.00878801 -0.0066395 -0.00159039 -0.0503855 -0.0192913 -0.043187 0.00350537 0.000592404 0.00541437 -0.00387331 -0.00080327 0.0713114 0.00254427 -0.00558857 -0.028248 -0.0259787 -0.00255609 0.00777738 -0.0254643 -0.00284741 0.0132233 0.0418925 -0.00443588 0.0299362 -0.0658342 
-0.00811697 -0.0111646 -0.0349596 -0.0122023 -0.0358709 -0.0172871 0.0358908 -0.0135545 -0.0249786 0.00141801 0.00529169 -0.0207287 -0.0100096 -0.00787685 -0.00221881 -0.0100108 -0.0194654 -0.036604 -0.0282698 0.202444 0.0339065 -0.0111314 -0.00885 0.0138146 0.0292327 -0.00282897 0.00863651 0.00551372 0.00204564 -0.0108224 0.027378 0.00785631 -0.0102606 0.00853972 -0.00530808 0.0133681 -0.0144321 -0.00458358 0.0260892 0.0511883 0.00134582 -0.00292004 -0.0142315 -0.00334428 -0.00606067 0.0231836 -0.00201543 -0.00176892 -0.0243722 0.00211994 0.0368605 0.0233961 -0.025008 -0.0154374 -0.00477894 -0.00137565 2.09267e-05 -0.000905543 -0.00428342 0.000479051 -0.00412147 0.00865691 0.0119755 0.000775842 -0.00354697 0.000814155 -0.00150886 0.00819692 -0.0166378 0.02443 0.00275753 -0.0344419 0.0106439 -0.000678023 -0.00645249 -0.00351643 0.011384 -0.00335573 -0.0329822 0.0241186 -0.0428134 0.00248217 -0.0202296 -0.00999135 0.00215455 -0.0177651 -0.016334 0.000299147 0.0124055 0.0484921 -0.0359252 -0.00759657 0.00264864 0.0332924 0.00504218 -0.0103285 -0.0211001 -0.00431325 -0.0103188 0.00140547 
-0.000980915 0.0094586 -0.0165417 -0.00393516 -0.0287096 -0.0108625 -0.0061723 -0.012852 -0.0075698 0.0023769 0.0066425 -0.0277134 0.00215552 -0.00608513 0.0108072 0.00457145 0.00325457 -0.0161238 0.00565813 0.0339065 0.137704 -0.000245212 0.00717682 0.0147524 0.00398528 -0.00248244 0.000340388 0.00360079 -0.000193056 -0.00834677 0.00639555 -0.00600347 0.0121108 0.000355764 -0.0019149 0.00259765 -0.0104617 -0.00374877 0.0156708 0.0112515 0.00180707 -0.0103057 -0.00743561 0.0042117 -0.0358635 0.0187554 -0.000241127 0.00119028 -0.0030428 -0.00106854 -0.000342262 -0.00153478 -0.00641038 -0.00828021 -0.000611941 -0.00819884 8.20353e-06 0.011623 -0.0057835 -0.00897416 0.00600662 0.0117868 0.0144294 -0.00212204 0.000250814 -0.00632625 -0.00157047 -0.0046951 -0.00519819 0.0197593 0.0159727 -0.0220694 -0.00384338 -0.00262815 -0.00532337 -0.004112 -0.00606466 0.00245164 -0.0104043 -0.0110579 0.0100548 0.0055755 -0.000337665 -0.00301665 -0.00196796 -0.00231894 -0.0126152 -8.10836e-05 0.0190486 0.0171599 -0.0250114 -0.00318481 -0.00593641 0.0129165 0.00804959 -0.0119612 -0.00894189 -0.00101751 -0.0140098 -0.0309792 
-0.00196155 0.00234583 -0.00152407 -0.00137724 -0.000659903 -0.00706503 -0.00516731 -0.00138581 -0.00307345 -0.000800382 -0.00255377 -0.00199154 0.00938478 -0.00126676 0.00512733 0.00340562 0.00441254 -0.00105092 0.000977122 -0.0111314 -0.000245212 0.0560991 0.000194014 0.00885993 -0.00461574 0.000459243 0.000703682 0.000534763 0.00767493 -0.00024915 -0.0014051 -0.00662223 -0.00168113 -0.000815199 -0.000840966 0.00377183 -0.00423571 -0.00147702 -0.00387499 -0.00685024 -0.000105138 -0.00544613 -0.000416815 0.000626931 0.00228231 0.000239845 0.000239037 -0.00239886 -0.00126013 -3.87995e-05 -0.00966592 -0.00103954 -0.00466924 -0.00192085 0.00134332 0.00156301 0.00131024 0.006605 -0.00106724 -0.00188553 0.0011553 -0.000640392 -0.00442932 -0.00156102 -0.000518152 -0.00304456 -0.000989776 -0.00173474 0.00101235 -0.00133357 0.00408296 0.00164262 0.000243984 0.00102599 -0.00125878 -0.000617419 -0.00358749 -0.000336677 0.00635222 -0.0018299 0.00884606 -0.00035615 -0.00264947 0.00328236 -0.00124048 0.010227 -0.00260752 0.00021352 -0.000706149 -0.00538401 -0.00159752 -0.000647765 0.00194956 -0.00729048 0.000788111 -0.000707702 -0.00289367 -2.3741e-05 -0.00109334 -0.00606666 
-0.000949375 0.0117337 -0.00115593 -0.00310894 -0.00512742 -0.00472558 -0.000856503 -0.0025135 -0.00425305 -0.00105349 0.000782584 0.00254764 -0.00505379 -0.00272671 0.0219649 -0.0122526 0.00217178 -0.00927687 -0.000508297 -0.00885 0.00717682 0.000194014 0.0760772 0.000439494 -0.0134254 0.0017941 0.00195448 -0.0019681 0.00259318 -0.00209117 -0.00676188 0.00359008 0.00286197 -0.000279801 0.000745384 -0.00436942 0.00684286 0.00162944 -0.00239299 -0.00677003 0.000228098 -0.00646787 -0.000908528 0.00253765 -0.00959389 -0.00257713 0.00253455 -0.00131253 0.00239408 0.000126006 -0.00500691 0.00654869 0.0062362 -0.00260001 -0.000196867 -0.00438574 -0.000374049 -0.00226681 0.000608256 -0.00296837 -0.00101636 0.000946434 0.00310041 -0.00101656 -0.000605014 -0.00335638 0.000579152 -0.00161827 0.00628674 0.00157655 0.00376014 -0.00564444 -0.00176856 -0.00110019 -0.0019485 -0.000889599 -0.00226223 0.00110281 0.00121078 -0.00716377 0.0106634 -0.000709289 0.00267675 0.00358114 0.000856814 0.00442289 -0.0108256 7.54871e-05 -0.00137372 -0.00217845 -0.00169499 0.00121188 0.000366548 0.0051438 -0.000597343 -0.00291724 -0.00730253 0.00214691 -0.00843121 -0.0124719 
-0.00848359 -0.0104299 -0.0237753 -0.0135394 -0.022325 0.0163175 0.00919444 -0.00373691 -0.00326802 -0.00219979 -0.00716883 -0.0130534 0.00245079 0.00375945 0.0191351 -0.0373324 0.0366014 -0.0216383 -0.0351862 0.0138146 0.0147524 0.00885993 0.000439494 0.194745 0.0273757 0.00813743 -0.00101995 0.0111677 0.00412535 -0.0158816 0.00247696 -0.0290442 -0.00618138 -0.00182829 -0.00256095 0.0251608 -0.034938 -0.00845844 0.0139786 0.0218419 -0.00280324 -0.0103569 -0.0122056 -0.00049094 -0.0182987 0.00762725 -0.00187271 -0.018625 -0.0161539 -0.0039612 -0.0136345 -0.0352823 -0.0121507 0.0187288 -0.00374644 -0.00933691 0.00188598 0.000294302 0.00102762 0.00626913 -0.00337719 0.00637556 0.0438488 -0.00251034 -0.00190701 -0.00446984 -0.00225777 -0.00477661 -0.0023851 0.058027 0.0416496 -0.00715173 0.0131941 -0.00101097 -0.00882053 0.00288168 -0.0195111 -0.0028984 0.0349704 0.013535 -0.0170236 -0.00814286 -0.014059 0.00922822 0.0011957 -0.00678758 -0.0289648 -0.000123378 -0.0044418 0.0240592 -0.0173133 -0.00672603 -0.0256432 0.00682961 0.00098928 -0.00752961 -0.0241781 0.000482174 -0.0423145 -0.00214082 
0.00536635 -0.0267375 -0.0160817 0.00159833 -0.0173147 0.036892 -0.00455729 0.000657316 0.012794 0.000981922 -0.00135092 0.0296597 -0.00715657 -0.00620869 -0.0337068 -0.0598903 -0.00861061 -0.0489001 -0.0450954 0.0292327 0.00398528 -0.00461574 -0.0134254 0.0273757 0.211308 -0.00870079 -0.00547023 -4.90845e-05 0.00660784 -0.00339346 0.0289728 -0.0303596 -0.0165266 0.00359438 -0.000782854 -0.0082858 -0.00959245 -0.000682116 -0.0151724 0.0569933 -0.00158146 -0.0182791 -0.00884252 -0.00322995 -0.0470024 -0.001332 -0.00339212 -0.00646118 -0.00477625 -0.000237965 -0.026196 -0.0220143 0.0134247 0.00191327 -0.00420249 0.00992605 -0.0133724 -0.043234 -0.00631 0.0190291 -0.00289469 0.00168921 0.0202268 -0.00937034 -0.00293347 0.00891925 0.000114192 0.00328547 -0.010251 0.0417022 -0.0131166 -0.0221854 -0.00259434 -0.00712464 -0.00928122 0.0258896 -0.015729 -0.00220788 0.0442839 0.0251384 0.0111626 0.00339697 0.00276848 -0.00302172 0.0012085 0.00976938 -0.0429647 -0.00190512 0.00924706 0.0370036 0.0262877 -0.00451026 -0.0172252 0.0245012 -0.00154123 -0.0187122 -0.0162888 -0.00213747 -0.0245374 0.0367562 
-0.000892557 -0.00511005 -0.000713929 -0.00372423 0.00160985 -0.00987901 -0.00218484 0.00565959 -0.00204987 -0.000243857 0.000779985 0.00361132 -0.00117164 0.00354574 -0.00564239 -0.00960859 0.00298563 -0.00273559 -0.0072896 -0.00282897 -0.00248244 0.000459243 0.0017941 0.00813743 -0.00870079 0.0637907 0.00242675 0.00622148 0.0050281 4.5801e-05 -0.000251811 -0.00193099 0.00126851 -4.01411e-05 0.00318974 0.00710253 0.00760104 -0.000155965 0.0124537 -0.015688 -0.000401593 0.000648695 -0.00326667 -0.000591075 -0.00609605 -0.00154575 0.00156459 -0.00248484 -0.00156753 -0.000719668 -0.00702589 -0.00359467 -0.0046409 0.00365395 -0.00155658 -0.00362533 -0.000567072 -0.00481995 -0.00245357 0.00387686 -0.00307185 -0.00390426 -0.00219383 0.00381607 -0.00144641 -0.000961667 -0.000875389 0.00131438 0.0108581 -0.00398684 0.00945395 -0.0087812 0.00326276 0.00336428 -0.0011592 0.0041109 0.00126673 0.00102899 -0.00917582 0.00301041 0.00342713 -0.00326343 0.0136658 -0.00428212 -0.00102866 -0.011079 -0.00862977 -0.000394828 -0.00656243 -0.0105912 0.00367459 -6.60665e-05 -0.00472023 -0.00403159 -0.00275343 0.00713449 -0.00183268 0.00808607 -0.00320204 0.00134631 
-9.91291e-06 -0.00283639 -0.00438633 -0.00181085 -0.00558685 -0.00908746 0.00625345 -0.00126759 -0.00416113 0.00318709 -0.000363913 -0.000883078 -0.00275605 -0.000733738 -0.00943411 -0.00646947 -0.00951303 -0.00377522 0.000214419 0.00863651 0.000340388 0.000703682 0.00195448 -0.00101995 -0.00547023 0.00242675 0.0572765 0.007253 -0.00188631 0.00351533 0.0156142 0.0103615 -0.00165898 -0.000550984 -0.000413267 -0.00051671 0.000930923 0.000227374 0.0022333 -0.0084919 0.000496567 -0.00421593 0.00133393 -0.000863238 0.00193905 -0.00100728 -0.000622648 -0.00359745 -0.00689772 0.00150172 -0.00822334 -0.00590309 -0.00451283 -0.00248242 0.00068237 -0.00327301 -0.00256345 0.00249861 -0.00186132 0.0012685 -0.00400328 -0.00241228 0.00895429 0.000381222 0.00222278 0.000279471 0.00142363 0.000196736 0.00331057 0.0117095 -0.000864223 0.0033326 0.00842652 -0.00193404 0.000812588 0.00237502 0.00533772 0.000645852 -0.0127918 0.00152796 -0.00493779 -0.000106548 -0.000682958 -0.0071134 0.00191724 -0.00510558 -0.00285945 0.00231059 -0.00062498 -0.00371286 0.000381465 0.00202278 -0.00519334 -0.00408027 0.00160386 0.000789812 -0.00348447 0.00315413 -0.00427958 -0.00067204 
-0.00314431 -0.00840158 -0.0038239 -0.00477059 -0.00924827 -0.00304044 0.00822327 -0.00269132 -0.00968375 0.00142712 -0.00189201 -0.00900425 -0.00238863 0.000160276 0.00418896 -0.0153288 0.0185243 -0.00687238 -0.0104728 0.00551372 0.00360079 0.000534763 -0.0019681 0.0111677 -4.90845e-05 0.00622148 0.007253 0.0771149 0.000680311 0.00380987 0.00503254 -0.0109979 -0.00351772 -0.0016982 -0.000705468 0.000262159 -0.012092 -0.00123791 0.00994636 0.0030309 -0.00075111 -0.00859085 -0.00268739 -0.000593181 0.00165036 -0.000655569 -0.000223908 -0.00588329 0.00140811 -0.00111282 -0.00987553 -0.00624495 -0.00503421 0.00251196 -0.00189035 -0.00480687 -0.00198333 0.00384612 0.00147992 -0.00252545 -0.00380328 0.00150787 0.018202 -0.00163292 -0.00193287 -0.00554489 -0.00230885 0.00254162 0.00222902 0.0173874 0.00881656 0.00316529 -0.00486108 0.000104306 -0.00203394 -0.00304968 0.0105959 6.92924e-05 0.00801718 0.0136734 0.00409804 -0.0025086 -0.00528455 -0.00619308 0.0036979 -0.0133166 -0.00685523 -0.00107544 0.00217978 0.0157678 -0.00929382 -0.00190639 -0.00774291 -0.00418624 0.00219444 -0.00467209 -0.00625702 0.00108734 -0.0208013 -0.00177506 
-0.00272941 -0.00639608 -0.00136972 -0.00323944 -0.00450622 0.00443912 -0.00745846 0.004509 -0.00988235 -0.000819643 -0.00137952 0.0114149 -0.00233095 0.00186534 -0.00588355 -0.0241442 0.0112611 -0.00876979 -0.0132004 0.00204564 -0.000193056 0.00767493 0.00259318 0.00412535 0.00660784 0.0050281 -0.00188631 0.000680311 0.102597 -0.000189763 0.000507467 -0.0105911 -0.00554687 0.000575133 -0.00150194 -0.00757818 -0.0076111 -0.00276541 -0.00125278 0.000269254 -0.00110312 -0.0106493 -0.00124655 0.000577961 -0.014806 -0.00183418 -0.00156913 0.00339218 -0.00246205 -0.00025863 -0.0139751 -0.00402477 -0.00171904 0.00395429 -0.00223278 -0.00106558 0.00665646 -0.013075 -0.00263481 -0.000537045 -0.00601407 0.0027402 -0.00113884 4.93794e-05 -0.00365948 0.000745524 -0.000770529 0.00502688 0.00287067 -0.003366 0.00112065 -0.0166786 -0.00206628 0.000481115 -0.00228444 0.000535312 0.000502498 0.000549109 0.0253389 -0.00460997 0.0241808 -0.00372442 -0.0026321 0.00105616 -0.000171967 0.00762983 -0.0118192 -0.000514305 0.0128772 0.0190792 0.0101318 -0.00239777 -0.00825573 -0.00686099 -0.00276551 -0.00582446 -0.00668722 0.00300689 -0.0215852 0.0195501 
-0.00135972 -0.00360523 0.00563618 0.00412788 0.0132611 -0.00982186 0.00219841 0.00638185 -0.00140704 0.00155741 -0.00159436 0.0164823 -0.00649804 -0.00211052 -0.00427431 -0.0132532 -0.00891431 -0.012997 -0.0116088 -0.0108224 -0.00834677 -0.00024915 -0.00209117 -0.0158816 -0.00339346 4.5801e-05 0.00351533 0.00380987 -0.000189763 0.0783861 -0.00175011 0.0102801 -0.00328587 -0.00179008 -0.000526901 -0.00417485 0.0275094 0.00303542 -0.00464793 -0.0174042 2.32941e-05 -0.0039507 0.00630989 -0.000250119 0.00533646 -0.00484052 -0.000487526 -0.00182795 0.00923993 -0.00198547 -0.0048589 -0.00635746 -0.00241455 -0.00516683 -0.000333913 0.00159259 -0.0028236 -0.0141581 -0.00378524 -0.00324693 -0.00387244 -0.00305254 -0.0105088 0.00451788 -0.00118115 0.00625879 0.00112352 -0.00242553 -0.000952746 -0.0113746 -0.00314379 -0.0101448 -0.0039056 -0.00240243 -0.00300491 0.00283465 0.00625482 0.00160194 0.00419205 -0.000992705 0.0268227 -0.00358548 0.00713692 -0.0076613 -0.00176087 -0.00816714 -0.011344 -4.36843e-06 -0.00301831 -0.00752945 0.0142291 0.00362473 0.00253624 -0.00950195 -0.00275058 -0.00486074 -0.00930537 0.0091708 0.0201631 0.0257415 
0.00637701 -0.0141419 0.00294621 -0.000322922 -0.00186492 -0.0248821 0.00250614 -0.00868778 -0.00845956 0.00202634 -0.00470382 0.000907392 -0.00678525 0.00153002 -0.00518405 -0.0067982 -0.00639814 -0.000214092 -0.00330003 0.027378 0.00639555 -0.0014051 -0.00676188 0.00247696 0.0289728 -0.000251811 0.0156142 0.00503254 0.000507467 -0.00175011 0.137664 0.00950743 -0.00137647 0.00459455 -0.00259128 -0.0078578 -0.00279377 -0.00181898 0.00250544 -0.00332362 0.00117465 -0.0129487 -0.000131946 -9.6766e-05 0.00457131 -0.00216352 -0.00123149 -0.0022829 -0.00173476 -0.000183512 -0.0168933 -0.0166409 -0.00850473 -0.00505316 -0.0029362 -0.00410192 -0.0047937 -0.0124096 0.000742565 0.00360716 0.00205553 -0.0065048 0.00933503 -0.00443357 -0.00432711 0.0019705 0.00201927 0.00132339 -0.00762873 0.0281363 -0.00821681 -0.00932113 -0.0020937 0.00633573 0.00781007 0.00566922 0.00524634 -0.00149533 -0.0178368 0.00350392 -0.0149943 0.00040484 -0.00337331 0.0101332 -5.11929e-05 -0.00449675 -0.0025402 -0.000411468 0.00854285 0.014833 -0.00790103 -0.00489795 -0.0147081 -0.00269159 -0.00308068 -0.00564755 0.00578109 -0.00160993 -0.0237521 -0.0143431 
-0.00531842 0.00874859 -0.00263434 0.00994264 0.0033461 -0.00143944 -0.0185019 0.00708929 -0.0132879 -0.00238534 0.00182758 -0.00364037 -0.011226 -0.00109087 -0.0226039 0.0243226 -0.0609574 -0.00373207 0.0166449 0.00785631 -0.00600347 -0.00662223 0.00359008 -0.0290442 -0.0303596 -0.00193099 0.0103615 -0.0109979 -0.0105911 0.0102801 0.00950743 0.151479 0.0136578 0.00337544 0.00530309 -0.00397103 0.0583496 0.00348563 -0.00113496 -0.0071475 0.00244046 0.00570964 0.00445451 -0.0013747 -0.0179511 -0.00516093 -0.00042703 0.00287828 -0.0103171 0.00577552 0.0159542 -0.0032423 -0.00472074 0.00835378 -0.00156197 0.00254098 -0.000398138 -0.00310437 -0.0066533 -0.00188642 0.00476386 0.0020527 -0.00247057 0.0122169 -0.000572646 -0.00360263 0.0045786 -0.00567408 -0.00325516 -0.00570009 -0.0207516 -0.0228313 0.000213216 -0.000439208 -0.00210221 0.00253529 -0.00968254 0.000806609 -0.0250808 -0.0135876 -0.00310757 -0.00317283 0.0354981 -0.00623928 -0.00285584 -0.00843843 -0.00165048 -5.1852e-05 -0.0191559 -0.0180647 -0.0118567 -0.000933119 0.0113482 0.0133552 -0.00537873 -0.000696219 0.00378615 0.0089005 0.0197217 -0.00828115 
0.00696038 0.0161654 0.0135094 0.00268226 0.0122201 -0.00850344 -0.0114343 -0.00241504 0.00246706 -0.000684944 -0.00244911 -0.00795087 -0.00432977 -0.00275185 -0.0104706 0.0165461 -0.0125809 0.0134334 0.0297418 -0.0102606 0.0121108 -0.00168113 0.00286197 -0.00618138 -0.0165266 0.00126851 -0.00165898 -0.00351772 -0.00554687 -0.00328587 -0.00137647 0.0136578 0.0772011 -0.000760303 0.00143462 -0.00330058 0.00964809 -0.00139696 0.00724006 -0.0168464 0.00034432 0.00830341 0.00163048 0.00290356 -0.013875 -0.000405562 0.000382893 0.00158753 -0.0054961 0.000338921 -0.000839232 -0.00617575 -0.000690199 -0.00596745 0.000129473 0.0006751 -0.00126616 0.0139823 -0.00221758 -0.00276204 0.00181062 -0.000300916 0.00165852 0.00317397 -0.00184178 -5.54592e-05 -0.00119043 -0.00338282 -0.00258356 -0.0064578 0.0100915 -0.00181418 -0.00238299 -0.00216676 -0.000291888 -0.0037772 -0.00928499 0.00151241 -0.0212035 -0.00618889 -0.00791521 0.000260986 0.0124148 0.00497136 -0.00106659 -0.00860705 0.0083682 -0.000859161 -0.00623587 -0.0180043 -0.00810543 0.000665594 -0.0030566 -0.00810919 -0.00278503 -0.00341983 0.0015694 -0.000242295 0.0117648 -0.0207536 
0.000726982 -0.000193094 -0.00276707 -0.000244582 -0.000816574 -0.00346245 0.00190275 -0.000729029 -0.000367725 -1.56542e-05 0.00087387 -0.000319955 -2.11123e-05 -0.000166726 0.00468288 0.00556646 -0.01201 -0.00428046 0.000110637 0.00853972 0.000355764 -0.000815199 -0.000279801 -0.00182829 0.00359438 -4.01411e-05 -0.000550984 -0.0016982 0.000575133 -0.00179008 0.00459455 0.00337544 -0.000760303 0.0317798 0.00186325 -0.00237523 -4.15468e-05 -0.000717027 0.00191607 -0.00266401 0.00354588 0.000499467 -0.00109367 -0.000220157 -0.00700414 -0.00309503 -9.53744e-05 -0.00139845 -0.00265317 0.00168264 0.00506855 0.00439884 -0.00267635 -0.00202512 -0.000562943 -0.000663949 -0.000406839 -0.00417933 -0.000736027 0.0044573 -0.0018182 -0.000962312 -0.0020264 -0.000605151 0.000464552 -0.00131806 -0.000660759 0.00206842 -0.00145158 0.000329338 -0.00284499 0.000448778 0.000206554 0.00496352 -0.000809185 3.13655e-05 -0.00220149 -6.2774e-05 -0.00978064 0.00073717 -0.00586577 0.000687467 0.00176904 0.00434513 -0.000551986 -0.00404772 -0.00205587 -0.000191782 -0.00339224 0.00243151 -0.00487338 -0.00103445 0.00128259 0.00351011 0.000477935 -0.000867977 -0.00101558 8.08352e-05 0.00299219 -0.00273276 
0.000306751 0.00129718 -0.000530545 0.00245158 -0.000727017 0.00121462 -0.00101708 0.00520085 -0.0011815 -0.00020091 0.00103479 -0.000369851 0.000198944 -0.000775638 0.00101382 0.00055169 -0.00677943 -0.00172267 0.000769631 -0.00530808 -0.0019149 -0.000840966 0.000745384 -0.00256095 -0.000782854 0.00318974 -0.000413267 -0.000705468 -0.00150194 -0.000526901 -0.00259128 0.00530309 0.00143462 0.00186325 0.0262045 -0.00141262 0.00563981 0.00222076 -0.00278941 -0.00470121 0.000910358 0.00117249 -0.000641754 0.000486346 -0.00707469 -0.00242998 2.14276e-05 -0.00163743 0.00301744 0.000407636 -0.00306199 -0.00142007 0.00200954 0.000687715 -0.000237074 -0.000413692 -0.000659124 -0.00269545 -0.000488615 0.00338384 0.000253828 -0.00152667 -0.00114931 0.00283872 0.00014948 -0.000158254 -0.000103041 -0.000271924 0.00909802 -0.000491572 -0.00264681 -0.00259119 -0.0011288 0.000181048 -0.000782933 0.00276288 -0.00302293 0.000835189 -0.00397468 -0.000128843 -0.00262577 -0.000863498 0.00930577 0.000906605 -0.00022889 -0.00279861 -0.00262873 -7.75958e-05 -0.0041202 -0.00529145 -0.00210964 0.000707281 0.00126956 0.0054971 -0.00106419 0.00178678 -0.000575235 0.00197957 -0.00282201 -0.00701245 
