0.146253 0.00274688 -0.00283456 0.0013999 0.00178422 -0.0194581 0.0134305 -0.00949516 0.00625215 0.00201363 -0.0121597 0.000120327 -0.018763 -0.00801549 -0.000251141 -0.0111137 -0.0138856 -0.00570166 -0.0158092 -0.0152103 -0.0186768 -4.05352e-05 -0.00634287 0.0150411 0.0005464 -0.0272958 -0.00475929 -0.0200856 -0.000375908 -0.00113756 0.0115224 0.0184802 -0.0082385 -0.000148294 -0.0100405 0.00112239 -0.00495737 -0.0038568 -0.000858588 -0.0142681 -0.000605031 0.00828829 0.00589132 0.0253417 -0.00305203 -0.00239711 0.0238447 -0.000603837 0.0199152 -0.00184314 -0.0195283 -0.00456723 0.0030933 -0.00415714 3.3335e-05 -0.00211153 0.0031391 0.0011509 -0.00163633 0.00255288 -0.00016664 -0.00387082 -0.0137768 -0.000896151 -0.00553262 -0.00996044 -0.00254145 -0.00386283 -0.00766929 -0.00168848 0.00273397 0.00243755 -0.00766981 0.00369729 0.000338519 -0.0150957 0.00233934 -0.000682664 -0.0063187 0.0034263 0.0104376 -0.00951866 -0.00594281 0.00336906 0.000739 0.0012281 0.00596064 0.00780126 0.00152299 -0.00708544 -0.00123964 0.0195588 0.00243735 -0.00722097 -0.00733255 0.0292276 -0.00488374 0.000714461 0.000524403 0.00478004 
0.00274688 0.0670691 0.00219621 0.0048146 -0.000722418 0.0246565 -0.0116136 -0.00260041 0.00174508 -0.0146581 -0.00702328 0.00145089 -0.00914293 -0.00275617 -0.000607259 -0.00296441 -0.00532495 0.00418292 -0.0148711 -0.0100536 -0.00825988 0.000661593 -0.00305049 -0.00711239 -0.000218956 0.0187336 -0.000369127 0.000103788 -0.000466811 -0.0104987 0.000163848 -0.00375512 0.0034304 -0.00260184 -0.0013169 -0.00585722 -0.00461027 -0.00173259 -0.00129528 -0.00668729 0.000499262 0.00277934 -0.00385263 0.00282018 0.000995669 -0.00074977 -0.0105758 5.40114e-05 -0.00141709 0.00113262 0.00306762 -0.00468943 -0.000661574 -0.000822089 -0.0006748 -0.0017583 -0.000213026 -0.000207552 0.000259658 -0.000136678 -0.000436866 0.00182417 0.0164121 -0.000549734 0.00141502 -0.00211708 -0.00868455 0.00116078 -0.00591595 -0.000382509 0.00263595 0.000531026 -0.00264423 -0.00179147 0.000809332 -0.00832633 0.00303108 -0.00954191 0.0175842 0.000465262 0.00142277 0.00153204 0.00215995 -0.00400138 0.00332872 -0.00183385 0.00205998 0.0040656 0.000622956 0.015239 0.00204975 -0.00471849 -0.00073867 -0.00155566 -0.00388615 0.00516235 -0.000696404 -0.000142771 -0.00044462 -0.00273727 
-0.00283456 0.00219621 0.0337336 0.00078723 0.000910171 0.0107148 -0.00737331 0.00098425 0.000354728 0.00499415 -0.00460486 0.00153966 0.000726977 -0.000295086 -0.000324866 -0.00255977 -0.00131675 0.00425231 -0.00218449 -0.00323762 -0.00307538 0.000103064 -0.00108927 0.00553738 -0.000305623 0.0109104 -0.00033677 0.00143804 -0.000120203 -0.00976214 -0.00185648 -0.00181888 0.00834227 -0.00184439 -0.00125518 0.0023369 -0.000218689 2.97491e-05 -0.00268031 -0.00465232 4.6093e-05 -0.000926778 -0.00626611 -0.00213441 -0.000118319 -2.18234e-05 -0.0122547 0.000111006 -0.0105588 9.97754e-05 0.00786145 -0.000895537 -5.48605e-05 -0.00202209 0.000701717 -0.000397054 -0.000450531 -0.000371686 -0.00017015 -0.000515742 0.000302336 0.00145545 0.00857856 0.000246931 -0.000811707 -0.00198613 -0.000656682 0.000969456 -0.00697036 -0.000474048 0.00296364 0.000105783 0.00180007 -0.000982803 0.000225696 0.00104468 0.00150587 -0.00347699 0.00253233 -0.00948632 -0.000493554 0.00260522 -0.000295206 -0.00059009 0.000829162 -0.000967769 -0.000469493 -0.000402669 5.09708e-05 0.00964053 -0.000201291 -0.00231672 -0.000819962 0.000417226 -0.00202608 -0.0102712 0.000224498 0.000321615 -0.000371269 0.000443812 
0.0013999 0.0048146 0.00078723 0.020792 0.000694745 0.00379857 -0.00805383 -0.00100225 -0.000198973 -0.00167239 -0.000711097 -8.21621e-06 0.000541294 0.000393454 0.00018438 -8.02838e-06 1.13282e-05 -0.000251621 -0.00209555 -0.00272354 -0.00135731 4.61256e-05 -0.000182008 -0.00108589 -0.00018509 0.00190659 0.0021663 -0.00108123 0.000134558 -0.00298449 0.00150564 -0.000434859 0.00047845 0.0011648 -0.0011003 -0.00612809 -0.00133758 -0.00059294 -0.00140195 -0.00429195 0.000419845 -0.000379659 -0.00292105 0.000155998 0.000231297 0.000273097 -0.00659993 0.000785316 -0.00797037 0.000840721 -0.00354189 -0.00138474 0.000249457 0.00323554 -5.33039e-05 0.000368107 -0.000164601 7.79146e-05 0.000501505 -6.94129e-05 -5.66828e-05 0.00371435 0.00621413 0.000178028 0.00318884 -0.00103399 -0.0063442 -0.000283204 -0.00451204 -0.000163196 0.000658043 0.000196945 -0.000504628 -6.79336e-05 0.000662226 -0.00149629 0.00287698 -0.00177887 0.00762324 -0.00258597 0.000397072 -0.000562311 -0.000196429 -0.0010566 0.00176025 -0.00039081 0.00112024 0.000147897 0.000245378 0.00449197 0.0031966 -0.00268845 0.000527023 5.43303e-06 -0.0013487 -0.000299291 0.00241777 -2.53212e-05 0.000753733 -0.00096592 
0.00178422 -0.000722418 0.000910171 0.000694745 0.0169927 9.07726e-05 0.0034601 0.0018008 0.000822525 0.0046044 -0.00191443 -5.20307e-05 0.000344247 -0.000894761 -9.76936e-05 -0.00125615 -0.000322841 -0.002664 -0.00205177 -0.000125754 -0.0021366 -1.28713e-05 3.72946e-05 0.00386999 -0.000145337 -0.00200611 0.000837846 -0.00216736 0.000171073 -0.0021493 -0.00129737 2.64605e-05 0.00147951 -0.000186487 -0.00126813 -0.00272326 0.00325828 -0.000409814 -0.00276288 -0.000979256 0.000173859 -0.000888206 -0.000785489 -0.000764248 3.73908e-05 0.00040794 0.00138261 -1.01948e-05 -0.00279853 7.94383e-05 -0.0023527 -0.00103583 0.000359531 -0.00252515 0.000818351 0.000522842 -0.000260416 0.000143531 0.000170666 0.000470485 -2.19658e-05 0.000608019 -0.00108397 -8.90941e-05 0.00123835 -0.00129162 -0.00260771 -7.64152e-05 -0.00168449 -0.000250247 -0.000252653 0.000348226 0.00133552 -0.000173515 8.08353e-05 0.00272759 0.000916092 0.000619633 -0.000750492 -0.00451012 1.54641e-05 -0.00342984 -0.000341634 0.00178293 -0.000254782 -0.000445207 -6.61657e-05 0.00102748 0.000176076 -0.000972944 -5.73038e-05 0.00300942 0.000307903 0.00178516 -7.13388e-05 -0.00377173 0.000195828 0.000455544 0.000120754 -0.000531997 
-0.0194581 0.0246565 0.0107148 0.00379857 9.07726e-05 0.216229 -0.0455384 0.0152308 0.00232402 -0.0145822 -0.0223234 -0.00243544 -0.0110255 -0.0129086 -0.00286687 -0.0219084 -0.0193313 -0.00132115 -0.0501682 -0.0488144 -0.0329877 0.00126017 -0.00664116 -0.00578974 -0.00239334 0.120286 -0.00357268 0.0175115 -0.000503423 -0.0398069 -0.00738135 -0.00880412 0.019345 -0.00650505 -0.00186583 0.0100468 -0.00749845 -0.00602599 -0.0292642 0.0161333 0.000700693 -0.0092842 -0.00677078 0.00493991 -0.000395594 -0.00776481 -0.0655024 -0.000415659 -0.0313829 0.00302815 0.0589061 -0.0265182 0.00317178 -0.0178526 -1.26402e-05 -0.011451 -0.00715598 -0.00284019 0.00140545 -0.00293215 -0.00149747 0.00525667 0.0341646 -0.00210834 0.0033812 -0.0192644 -0.00264259 0.00183615 -0.0225436 0.00201913 0.00494308 -0.00228904 -0.000306383 -0.00244514 0.00257198 -0.0264916 0.00665035 -0.0259688 0.0430457 0.0227351 -0.00117028 0.0350351 0.00527475 -0.00980603 0.00890824 0.00407478 -0.0024488 -0.00589716 0.000974001 0.0707206 -0.00266198 -0.00499208 -0.00295476 -0.00824708 -0.0147951 0.00186614 0.011139 0.000690763 -0.00180895 -0.0127259 
0.0134305 -0.0116136 -0.00737331 -0.00805383 0.0034601 -0.0455384 0.240667 0.0176697 -0.00462193 0.0676431 -0.036269 0.00629336 -0.0184786 0.000376325 -0.00325575 -0.0395931 -0.0107332 -0.0490696 0.0398365 -0.00271262 0.0187634 -0.00172611 -0.0121018 0.02616 -0.00168981 -0.0533319 -0.00753125 -0.0218675 0.000300668 -0.0174188 -0.0205933 0.00285038 -0.00507729 -0.0164365 -0.0393663 0.0330917 0.0198397 -0.0220663 -0.0607486 -0.0363777 -0.00113156 -0.0132323 -0.0366493 0.00277892 -0.00436015 -0.00270339 0.0526654 -0.00190601 0.017297 -0.000522098 -0.00607762 0.0103711 -0.000525175 0.0633724 0.00351064 -0.00399577 0.00339334 -0.00214972 -0.0041616 -0.00390872 -0.00320347 -0.00875488 -0.00144515 -0.00177857 -0.00692718 -0.00531231 -0.0180241 0.00107041 0.0229248 0.00201921 -0.000639545 5.0575e-05 -0.0168821 -0.00971512 -0.00159788 -0.0167221 -0.0079835 0.0349882 -0.00923329 0.0570179 -0.00381856 0.0234434 -0.00138465 0.00633824 -0.0181895 -0.000299428 -0.0134894 0.0136615 -0.00271345 -0.0325438 -0.0138363 0.0414046 0.00350016 -0.0033749 0.00635214 -0.0168806 -0.0159179 -0.00137144 -0.00163345 0.0120998 
-0.00949516 -0.00260041 0.00098425 -0.00100225 0.0018008 0.0152308 0.0176697 0.0887488 -0.00295092 0.0118641 -0.0129984 0.00116309 -0.00141392 -0.00206639 -0.000949362 -0.00790302 -0.00620272 -0.0116415 -0.00762308 -0.00367692 0.00191205 2.32795e-05 -0.00165907 0.00521528 -0.00089718 0.0179974 -0.00179366 -0.00807995 -0.000319365 -0.0289928 -0.00745097 0.00167339 0.00283065 -0.00686722 -0.00799126 0.00774492 0.00146041 -0.00424563 -0.0163503 0.000138191 4.70075e-05 -0.00805974 -0.020167 -0.00840663 0.000962739 -0.0026657 -0.00891845 -0.000148951 -0.00268017 0.00161459 0.0272878 0.00446842 -0.00120838 0.00341939 -0.00149861 -0.00185566 0.000640468 0.00399187 -0.000845736 -0.00111028 0.000343401 -0.00101603 0.00673847 -0.000684442 0.00038272 -0.0011239 -0.00829016 0.0007893 0.0131203 0.00366831 -0.00677653 -0.000648765 -0.00301214 -0.00179111 0.000377382 -0.0154243 -0.000897723 0.00117031 0.00347819 0.015561 -0.00240869 0.00398242 0.00110025 -0.000913459 -0.00188508 -0.00236994 -0.00144649 -0.00656559 -0.000641023 0.000479353 -0.00256252 0.0218519 0.000318695 -0.00369667 -0.00345247 -0.0144855 -0.00302686 -0.000128368 -0.000606899 0.00434013 
0.00625215 0.00174508 0.000354728 -0.000198973 0.000822525 0.00232402 -0.00462193 -0.00295092 0.0546598 -0.0103844 -0.00181717 -0.00146858 -0.000579228 -0.000950056 7.53222e-05 -1.70036e-05 -0.00474014 0.00318572 -0.00909882 -0.00609633 -0.00470283 0.000651248 -0.00125916 -0.00746254 0.00022861 0.00223215 -0.00061298 -0.00482814 0.000275813 0.00497782 -0.00245218 -0.00363377 -0.00195672 -0.00106743 0.00573799 -0.0102657 -0.00419166 0.00189736 0.00319403 0.0117167 -0.000152045 -0.0016934 0.000351295 0.00385151 0.000383855 -0.000626767 0.00467205 -0.000199368 0.0061872 -0.000667162 -0.0121616 -0.00470786 -0.000483131 -0.00583194 -0.000456371 -0.00181869 -0.00115811 -0.00081141 -0.000114037 0.000613407 -0.000413287 -0.000867407 -0.003049 0.000287061 -0.00112797 -0.00450657 -0.0132131 -0.00119262 0.0105668 -0.000750366 -0.00233296 -1.27737e-05 0.000922595 0.000840058 -1.73197e-05 0.000360843 -0.00042786 0.0105565 -0.0035614 -0.000345429 0.000608204 0.00119744 -0.00120183 -0.000739606 0.00393806 -0.000260403 0.000774709 -0.00314316 -6.65178e-05 0.0039799 -0.00104022 -0.00216582 -0.00130535 -0.00124809 0.000721715 0.00847361 0.000793112 -4.23033e-06 0.000638622 -0.00181798 
0.00201363 -0.0146581 0.00499415 -0.00167239 0.0046044 -0.0145822 0.0676431 0.0118641 -0.0103844 0.227369 -0.024183 0.0115738 0.0214594 0.00251399 -0.00283962 -0.0214144 0.00246154 -0.0204117 0.0220842 0.0103607 -0.00448752 -0.0007792 -0.00795845 0.0716275 -0.00248923 -0.0148748 -0.0058289 -0.0112277 -0.0010523 -0.0542677 0.00885625 -0.0113007 0.00971209 -0.00831045 -0.0292254 0.0254879 0.027049 -0.00691086 -0.0446709 -0.0485927 -0.000382889 -0.00861514 -0.0552696 -0.0193975 -0.00391145 -0.00198872 0.0113864 -0.000729743 -0.0296722 -0.000979072 0.0289685 0.0306161 0.00199101 -0.00310314 0.00154587 -0.00262255 -0.0010011 -0.00130643 -0.00215804 -0.00176227 -0.00162668 0.00236021 0.00399377 -0.00113379 -0.00407991 0.0122305 0.00896926 0.0136744 -0.0499757 0.0025846 -0.011069 0.00347693 0.0185976 -0.0101552 -0.000142881 0.0206807 -0.00272013 -0.0339158 -0.0129803 -0.00130522 -0.00556459 -0.0205422 -0.00336516 0.00665926 -0.00869595 0.00043675 -0.0086628 0.000878223 -0.00204238 -0.00508049 -0.00329376 0.0182805 0.00485672 0.015698 -0.00613254 -0.0665412 0.00583397 -6.17427e-06 -0.000701805 0.00936217 
-0.0121597 -0.00702328 -0.00460486 -0.000711097 -0.00191443 -0.0223234 -0.036269 -0.0129984 -0.00181717 -0.024183 0.151892 -0.00597054 0.032057 -0.00155152 0.0027894 0.0477781 0.0289532 0.00225705 -0.00215132 0.000665004 -0.0222423 -8.58084e-05 0.0111446 -0.0185524 -0.00190559 -0.0237448 0.0100953 0.0254896 0.00028674 0.0460357 0.00100086 -0.0144454 -0.012179 -0.00438799 0.0170001 -0.0333587 -0.00794156 0.00277566 0.0468409 0.0131124 0.001285 0.014181 0.0349557 -0.00892359 0.000232517 0.00699854 -0.00739643 0.00174124 -0.0238652 0.00026336 -0.033239 -0.00830304 -0.00125944 -0.0376327 -0.00364681 -0.00226703 0.0020989 0.00232252 -0.000918746 -0.0008623 2.70674e-05 -0.0012528 -0.0195936 0.00119918 0.00490423 -0.000398014 0.0128636 -0.000449655 -0.00430147 -0.00159114 0.00643692 0.000685872 -0.00187084 0.000549197 0.000671081 0.0341776 0.00121808 0.0110733 -0.0171113 -0.056607 -0.00373115 -0.0349892 -0.00515165 0.00594797 -0.00535282 -0.00693568 0.000775978 -0.00922026 0.001367 -0.0150177 0.0126904 -0.018503 -0.00293315 0.00160058 0.0022716 -0.00612428 0.012434 -0.000598791 -1.37795e-05 -0.00256349 
0.000120327 0.00145089 0.00153966 -8.21621e-06 -5.20307e-05 -0.00243544 0.00629336 0.00116309 -0.00146858 0.0115738 -0.00597054 0.0463232 -0.00491805 9.62703e-05 -0.000401824 -0.00419143 -0.00191723 -0.00412103 0.00856181 -0.00640969 -0.000356497 0.000119561 -0.00197621 0.0075261 -0.000276462 -0.00328447 -0.00116221 -0.00643339 0.000289195 -0.0060354 0.00442505 0.00569093 0.00117628 -0.00224523 -0.00374785 7.34348e-05 0.00137315 -0.0012088 -0.00536348 -0.0118219 -0.00014175 -0.000990938 -0.0084507 -0.00184473 0.000280439 0.000350987 0.00303295 -0.000147078 -0.00856239 -0.000217414 -0.00164513 0.00636064 0.0010022 0.00315543 -0.000639987 0.00155217 -5.061e-05 -0.000926284 -0.000426674 7.59279e-05 0.000230919 0.00137008 -0.00259218 -0.000345681 -0.000107248 0.00126854 -0.00524911 0.00725722 -0.00695478 0.00138138 -0.00220663 1.11203e-05 -0.00204469 -0.00178284 -4.0062e-07 -0.00539431 -0.000422133 -0.00217551 0.00892111 0.000652813 -0.000846214 0.00101782 0.003116 -0.00147389 0.000862706 -0.000456681 0.000603326 0.00131059 -0.000351581 -0.000708955 -0.000219013 0.000942563 0.000273127 0.0017095 -0.00269791 -0.00275344 -0.00259465 -0.000168688 1.8245e-05 -0.00315759 
-0.018763 -0.00914293 0.000726977 0.000541294 0.000344247 -0.0110255 -0.0184786 -0.00141392 -0.000579228 0.0214594 0.032057 -0.00491805 0.172468 0.00744007 0.00344956 0.0240432 0.0372836 -0.0168454 0.00877999 0.0207163 -0.014214 0.000422441 0.0129279 0.00747883 -0.00245007 -0.0109612 0.00942907 0.0130205 0.00023891 -0.0030098 -0.0137045 -0.0227607 -0.00472617 -0.0156662 -0.00737909 -0.0348885 0.00228216 0.00421121 0.0114391 0.0104964 0.000860523 0.000228482 0.00532414 -0.0172371 -0.00248263 0.000502288 -0.0170399 0.000897564 -0.027411 0.000865156 0.0114771 -0.0084203 -0.00400198 -0.0546294 0.00197271 -0.000880026 0.000671282 -0.00101473 -0.000567884 -0.00223094 -0.000583486 0.00413097 -0.0132151 -0.000907342 0.0115856 0.00370108 0.0139478 -0.00677676 -0.0164123 -0.00276983 -0.00379937 0.000744977 0.0171081 -0.00735725 0.00157915 0.0622752 0.00299158 -0.0134216 -0.0117463 -0.0410345 -0.00331881 -0.0259447 0.00135797 0.0156909 -0.000236261 0.000192316 -0.0042716 -0.0104369 -3.1984e-05 0.00679123 0.0116182 -0.018219 -0.0014154 0.00707147 0.00188506 -0.0605879 0.00251133 -0.000278696 -0.00013655 0.000506296 
-0.00801549 -0.00275617 -0.000295086 0.000393454 -0.000894761 -0.0129086 0.000376325 -0.00206639 -0.000950056 0.00251399 -0.00155152 9.62703e-05 0.00744007 0.0695914 0.00295854 0.00582396 0.00575159 0.000994591 0.030901 -0.00245553 -0.00460814 -0.000270373 -0.00188264 -0.00726631 -0.000483295 -0.00809766 0.00185249 -0.00600517 -0.000363578 0.00480146 3.30042e-05 -0.00187843 -0.000598712 -0.00557333 -0.00450412 -0.00501629 -0.00232112 0.00146441 -0.00062232 -0.0177157 -0.000268778 -0.00231319 -0.00976287 -0.000672864 0.0016294 -0.00126638 -0.0128147 7.67036e-05 -0.000352019 0.000701949 0.00575821 0.00248703 -0.000212308 0.000257059 0.000672312 0.00122666 0.00183204 -0.00167026 -0.000680615 -0.000602024 0.000558853 -0.00275552 -0.000335811 -4.54849e-05 0.000520294 0.022493 0.00752421 0.00549301 -0.0118945 -0.000608771 1.18515e-05 -0.000565059 -0.00351593 -0.00260113 -0.00049639 0.00847933 -0.000682482 -0.00181077 -0.00493888 0.0027631 -0.00197476 0.00465315 -0.00333697 -0.00218995 -0.000163697 0.001859 0.00460462 0.00212792 -0.000412488 -0.00511488 -0.00103278 -0.00771264 -0.00104683 -0.00297303 -0.000836381 -0.0178615 -0.00285368 -1.73898e-05 0.000829001 -0.00405669 
-0.000251141 -0.000607259 -0.000324866 0.00018438 -9.76936e-05 -0.00286687 -0.00325575 -0.000949362 7.53222e-05 -0.00283962 0.0027894 -0.000401824 0.00344956 0.00295854 0.014829 0.00302139 0.00347833 0.00026861 0.0018986 0.00140281 -0.0012817 1.84871e-05 0.00137368 -0.00183624 0.000212823 -0.00234805 0.00177599 -0.00189573 -6.00742e-05 0.00181433 -0.000744536 -0.000426568 -0.000807741 2.73458e-06 -0.000839362 -0.00471264 -0.000528766 0.00174588 0.00462551 -0.000904387 -9.62373e-06 0.00184245 0.0035637 0.000304285 -0.000137985 0.000621675 0.000367026 0.000240607 0.000535543 0.000124083 -0.00201756 -0.000680951 -3.78718e-05 -0.00438265 -8.44356e-05 0.000441068 3.11538e-05 -8.31262e-05 -7.20538e-05 -0.000180484 3.23037e-05 -0.000329461 -0.00116489 -9.17243e-07 0.00117218 0.00230033 -0.00238753 -0.000662107 -0.00287079 -0.000250188 -0.000412648 4.67301e-05 -7.25572e-05 -0.000198481 6.70236e-05 0.00402483 8.20712e-06 -0.000340085 -0.00100837 -0.0050408 -0.000186767 -0.00559237 -0.000501949 -0.000642589 0.000189112 0.000656455 0.000642088 -0.000261554 -0.000108447 -0.00142049 0.000649617 -0.00104629 0.00121466 1.47866e-05 -0.000704326 -0.00326249 -0.000593051 -7.56621e-05 0.000539832 -0.00075336 
-0.0111137 -0.00296441 -0.00255977 -8.02838e-06 -0.00125615 -0.0219084 -0.0395931 -0.00790302 -1.70036e-05 -0.0214144 0.0477781 -0.00419143 0.0240432 0.00582396 0.00302139 0.0925572 0.0298677 0.013507 0.00577947 0.0137756 -0.0122426 -0.000194728 0.00834228 -0.018134 -0.000817915 -0.0187937 0.0102591 0.00291912 0.000272719 0.0332654 -0.00662303 -0.00899505 -0.00769093 0.00124209 0.0153581 -0.0274367 -0.00341398 0.00856413 0.0407168 0.00418074 0.000159221 0.0123326 0.0250705 -0.00910112 0.00196382 0.00331525 -0.00905989 0.00110262 -0.00853304 0.000906269 -0.020204 -0.00824101 -0.00212887 -0.0299318 -0.00215681 -0.00158453 0.000808109 -0.000420862 1.91886e-05 -0.00118703 0.000436526 -0.00120363 -0.0116855 -0.000614391 0.00268025 0.0044309 -0.000983638 -0.002267 -0.0145194 -0.000727427 0.00158852 0.000845741 -0.00653721 0.000483972 0.000846371 0.0349248 -1.6823e-05 -0.00362453 -0.0107247 -0.0391173 -0.00218146 -0.0216356 -0.00418515 -9.86546e-05 -0.00150577 -0.00258374 0.00413496 -0.00665642 1.15758e-05 -0.0121871 0.00891802 -0.0145279 -0.00271363 0.00176879 0.00608926 -0.00978219 0.00519627 -0.000452224 0.00172319 -0.000678825 
-0.0138856 -0.00532495 -0.00131675 1.13282e-05 -0.000322841 -0.0193313 -0.0107332 -0.00620272 -0.00474014 0.00246154 0.0289532 -0.00191723 0.0372836 0.00575159 0.00347833 0.0298677 0.0986892 -0.00213713 0.0182429 0.0220112 -0.014472 -0.000170152 0.00793075 -0.00934982 -0.00115111 -0.0232316 0.008819 -0.00195447 0.000258159 0.0231925 -0.007192 -0.00480596 -0.00548455 -0.00956558 -0.00586139 -0.0230815 0.0119948 0.00523175 0.0220656 -0.00973714 0.000187374 -0.00153925 0.00896528 -0.00868663 -0.000414245 0.00786184 0.00252295 0.0012922 -0.00629958 0.00209105 -0.00243669 -0.00697078 -0.00230661 -0.0316127 -0.00199162 0.00339782 0.000302331 -0.00125272 -0.00108244 -0.00172933 -1.42441e-05 0.00136405 -0.00668988 -0.00066823 0.00319957 0.00982079 0.00355307 -0.00142813 -0.0217448 -0.000656241 0.00992251 0.00290844 0.00493517 -0.00370817 -0.000159621 0.0456841 -0.000889836 -0.00959797 -0.00959965 -0.0439261 -0.00284383 -0.0308356 -0.00405777 0.00920573 -0.00266942 -0.00303812 0.00159355 -0.00290455 -0.000114086 -0.0146755 0.00952861 -0.014339 4.36049e-05 0.00219658 0.00103583 -0.0395072 -0.00276692 6.25462e-05 0.00168147 0.00552691 
-0.00570166 0.00418292 0.00425231 -0.000251621 -0.002664 -0.00132115 -0.0490696 -0.0116415 0.00318572 -0.0204117 0.00225705 -0.00412103 -0.0168454 0.000994591 0.00026861 0.013507 -0.00213713 0.185555 -0.0218851 -0.000202945 0.00553489 -0.000316148 -0.00264573 -0.0302391 -0.000968639 0.0119063 -0.00615929 -0.00257462 -0.000610801 0.0248601 -0.00339522 -0.00589135 -0.00716861 0.0195462 0.0222748 0.0104877 -0.0129848 0.0128962 0.0306881 0.0064421 -0.000752531 0.00136531 -0.000131546 -0.0060964 0.000283342 -0.00330292 -0.00306053 2.57727e-05 0.0278255 -0.00317924 0.0154465 -0.0178926 -0.00224518 -0.0118679 -0.00429465 0.00200776 -0.00581852 -0.00406003 -0.000753235 0.00156177 -0.0011823 -0.00327059 0.0095397 -0.00105914 -0.00460432 0.00576304 0.0106106 -0.00942105 -0.0207511 -0.00151893 -0.00213883 -0.000507813 -0.00114123 0.00315605 -0.00163835 0.00430832 -0.00181552 -0.0197243 -0.0144104 -0.0128947 -0.00159536 -0.00128363 -9.03403e-05 -0.0108425 -0.00364699 -0.00520439 0.000764574 -0.0117459 -0.000319015 -0.00640406 -0.000258073 -0.0280131 -0.000602262 -0.00404041 -0.0101978 0.0168937 -0.00400802 -0.00123823 0.000628175 -0.000788213 
-0.0158092 -0.0148711 -0.00218449 -0.00209555 -0.00205177 -0.0501682 0.0398365 -0.00762308 -0.00909882 0.0220842 -0.00215132 0.00856181 0.00877999 0.030901 0.0018986 0.00577947 0.0182429 -0.0218851 0.223006 0.00508804 0.00712762 -0.00127707 0.00089879 -0.0151945 -0.00222429 -0.0441187 0.0100583 0.000698976 0.00199346 0.0179993 -0.0193074 -0.000840445 0.00859032 -0.0189572 -0.0193214 0.000381774 -0.00101891 -0.00547356 -0.0181845 -0.0449691 -0.000327989 -0.00204942 -0.0237474 -0.00114333 0.000491998 0.00774826 -0.0318432 0.000196171 -0.0264772 -0.00199278 -0.019144 0.00474502 0.00151302 0.046399 0.00531163 -0.00641915 0.0100553 -0.00274639 -0.000340751 -0.00497907 -0.00206191 -0.00466422 0.00384338 -0.000219638 0.00301842 0.0303477 -0.0246636 -9.39035e-05 -0.0149954 -0.00414031 -0.00197092 -0.00181243 -0.0126031 -0.0146666 -0.00313075 0.0246778 -0.00157613 0.0322515 -0.00010769 0.00874618 -0.00731007 0.0360963 -0.00292876 -0.00679052 -0.00288078 0.00887224 0.00652149 0.0129598 -0.00161612 -0.028984 -0.000178757 -0.0097432 -0.0019741 -0.00356263 0.00338219 -0.0609087 -0.00142753 -0.00030616 0.00123511 -0.00498475 
-0.0152103 -0.0100536 -0.00323762 -0.00272354 -0.000125754 -0.0488144 -0.00271262 -0.00367692 -0.00609633 0.0103607 0.000665004 -0.00640969 0.0207163 -0.00245553 0.00140281 0.0137756 0.0220112 -0.000202945 0.00508804 0.160298 0.0209747 -0.000601458 0.014682 0.0124302 0.00233719 -0.0248712 0.00322789 -0.00674229 0.00017644 0.0214186 -0.0076669 -0.0221313 -0.00878938 -0.0067426 -0.00559047 -0.00821526 -0.00219259 0.000556308 0.00522668 9.32975e-05 -0.000595355 -0.00721148 -0.00870375 -0.00755524 0.00217875 -0.00185585 -0.000998031 0.00044448 0.00914642 -0.000130527 -0.0034156 -0.00569255 -0.00310246 -0.0199654 0.000548792 -0.00068638 -0.000219429 0.00143039 0.00153144 -0.00143902 -0.000586127 -0.00224404 -0.0180426 0.0046156 0.000708985 0.00694646 0.0183888 0.00313228 0.00604484 -0.00104141 -0.0106858 0.000868923 0.0308508 -0.00267304 -0.00102049 0.036965 -0.00493735 -0.00724905 -0.0224432 -0.0319505 -0.00255625 -0.0233911 -0.00524984 0.0101798 -0.00378133 -0.00481888 -0.00247525 -0.0151884 -0.000582556 -0.0215057 0.000891042 -0.0186965 -0.00282347 0.0116901 0.0158023 -0.0349914 -0.00617226 0.00054593 0.00181149 0.0217769 
-0.0186768 -0.00825988 -0.00307538 -0.00135731 -0.0021366 -0.0329877 0.0187634 0.00191205 -0.00470283 -0.00448752 -0.0222423 -0.000356497 -0.014214 -0.00460814 -0.0012817 -0.0122426 -0.014472 0.00553489 0.00712762 0.0209747 0.170388 -0.000349721 0.00220477 -0.00545312 0.00566384 -0.0126438 -0.00522262 0.00371661 -6.97151e-05 -0.0304111 -0.00267126 -0.0053034 -2.20366e-05 0.00412399 -0.00376106 0.0198048 -0.00905675 -0.00362527 -0.0170282 -0.00304021 -0.000806865 -0.0132993 -0.0118743 -0.0107894 0.00250245 -0.00357211 -0.0158599 -0.000467348 0.00925119 -0.00116295 0.00979622 0.0119477 0.00418162 0.0246603 -0.00152676 -0.00244837 -0.0031637 -0.000531235 -0.00066422 -0.000677593 0.000197548 0.00720921 0.0035761 0.00192813 -0.00441124 -0.00133029 -0.00510337 -0.00908065 0.00908328 0.00157519 -0.00365633 -0.00143297 -0.00494329 -0.000686167 -0.00118277 -0.0281492 -0.0042274 -0.000858979 0.00921466 0.0141912 -0.00373829 0.00948723 0.0165241 -0.007683 -0.000761889 -0.00185919 -0.00454727 -0.00242455 -0.00128213 0.00134266 -0.00677883 0.00457597 0.00253344 -0.00560966 0.0047716 0.000705578 -0.00765602 4.08e-05 -0.0001416 0.0086379 
-4.05352e-05 0.000661593 0.000103064 4.61256e-05 -1.28713e-05 0.00126017 -0.00172611 2.32795e-05 0.000651248 -0.0007792 -8.58084e-05 0.000119561 0.000422441 -0.000270373 1.84871e-05 -0.000194728 -0.000170152 -0.000316148 -0.00127707 -0.000601458 -0.000349721 0.00527017 -2.47923e-05 0.000268412 3.14495e-05 0.00143631 -6.71201e-05 0.000506023 8.45653e-06 -0.000821042 0.000863682 -0.000276047 0.000662642 0.000198919 0.000597818 -0.00142153 -0.000145199 2.58771e-05 0.000131424 0.000479648 1.49726e-06 -9.58112e-05 6.94745e-05 -0.000405801 3.53792e-05 -1.02981e-05 -0.000744716 5.41227e-06 -0.00107616 -3.48006e-06 -0.000806185 4.17617e-05 -0.000101963 -0.00205569 -2.99183e-05 -0.000144107 -2.23377e-05 -7.414e-05 1.53103e-05 0.000119783 7.99737e-06 0.000105194 0.000120518 3.74087e-05 -3.80155e-05 -0.000315907 0.000495368 0.000615879 -0.000453696 -4.9645e-05 -0.000261471 1.70763e-05 -7.77259e-05 0.000117371 0.00010741 -0.000397433 5.21944e-05 -0.000559286 3.98409e-05 -0.00038538 0.000512168 -0.000691353 6.2221e-05 0.000137934 0.000503953 0.000137469 -0.000115725 -0.000313166 0.000228899 0.00120478 0.00019452 -0.00055644 -1.91465e-05 -4.22991e-05 -5.04342e-05 -0.00027373 7.58549e-05 1.29268e-05 -5.42435e-05 -5.67955e-05 
-0.00634287 -0.00305049 -0.00108927 -0.000182008 3.72946e-05 -0.00664116 -0.0121018 -0.00165907 -0.00125916 -0.00795845 0.0111446 -0.00197621 0.0129279 -0.00188264 0.00137368 0.00834228 0.00793075 -0.00264573 0.00089879 0.014682 0.00220477 -2.47923e-05 0.0477155 -0.00227174 0.000928421 -0.00678133 0.00531081 0.00184467 0.000495695 0.00508406 -0.00408341 -0.0035739 -0.00125016 -0.0014178 -0.00200701 -0.012035 0.00299071 6.07961e-05 0.00038371 0.00667653 0.000384512 0.00342151 0.0155263 -0.000865886 2.84757e-06 0.00585712 -0.016759 0.000294394 -0.0142204 0.00238122 -0.00513706 -0.00326989 0.000477974 -0.0135027 0.00177108 -0.00194013 0.0039998 0.00378398 0.0024519 -0.000533412 -0.000190802 0.00092603 -0.00507708 0.000641942 0.00330239 0.00385289 0.00089512 -0.00197456 -0.00165574 -6.0646e-05 -0.000701375 -0.000108035 0.00809436 -0.00145379 0.000140382 0.0129829 0.00061072 -0.00328771 -0.00403591 -0.0221911 -7.1018e-05 -0.012418 0.00135926 0.00586504 -2.835e-05 0.000493789 -0.000112924 -0.00262778 0.000310816 -0.00388919 0.00335741 -0.00389524 0.00042254 -0.000136052 6.8198e-05 -0.0179051 0.00209243 0.000453806 0.000568923 0.000458391 
0.0150411 -0.00711239 0.00553738 -0.00108589 0.00386999 -0.00578974 0.02616 0.00521528 -0.00746254 0.0716275 -0.0185524 0.0075261 0.00747883 -0.00726631 -0.00183624 -0.018134 -0.00934982 -0.0302391 -0.0151945 0.0124302 -0.00545312 0.000268412 -0.00227174 0.178649 -0.000197011 -0.00280572 -0.00300236 -0.00863748 -0.000355657 -0.0458686 0.0041218 -0.00411275 0.0141923 -0.000668197 -0.017126 0.00737436 0.00965249 -0.00820414 -0.0334829 -0.013775 -0.00075303 -0.00954057 -0.0315712 -0.00465719 -0.00285409 0.00121967 0.0171609 -0.000797458 -0.034907 0.000412229 0.0132861 0.0110573 -0.000482962 -0.0162921 0.00123666 -0.00885649 -0.00221465 0.000842838 -0.000453416 0.00149592 -0.00109209 0.00168672 -0.0103807 0.00161072 -0.00517922 -0.0118236 0.00992183 0.0244605 -0.0115407 -0.00205423 -0.00279097 0.00184922 0.0288046 -0.00673021 0.000592761 0.00241054 0.00024617 -0.0227134 -0.0102687 -0.0115011 -0.000570886 -0.0134648 -0.00185287 0.00890232 -0.00131645 -0.00419291 -0.00535325 0.00854178 -0.000866429 0.00239152 -0.000589706 0.0102044 -0.00115272 0.015799 0.001182 -0.0298718 -0.00162221 0.00263185 -0.00109211 0.00229237 
0.0005464 -0.000218956 -0.000305623 -0.00018509 -0.000145337 -0.00239334 -0.00168981 -0.00089718 0.00022861 -0.00248923 -0.00190559 -0.000276462 -0.00245007 -0.000483295 0.000212823 -0.000817915 -0.00115111 -0.000968639 -0.00222429 0.00233719 0.00566384 3.14495e-05 0.000928421 -0.000197011 0.0158517 -0.00253264 -0.000331317 -0.000384833 -1.28724e-05 -0.00444411 9.01356e-05 0.000800944 -0.000785292 0.00180025 0.000657293 -0.000413198 -0.000341769 0.000214499 0.00080532 0.00109507 -2.08779e-05 0.00153432 0.0043114 0.0024447 0.000823864 -0.000473513 -0.00236127 -3.88803e-05 0.00146902 -5.39127e-05 -0.00156614 0.00010194 9.93549e-05 -0.00142419 7.98912e-05 -0.000335094 -5.3775e-06 0.00114964 0.00090563 2.29466e-05 5.29508e-05 -9.67525e-05 -0.00102813 0.000330889 0.000266095 -0.000426867 -0.000596762 -0.000508887 0.0010655 0.000370239 -0.000649188 -0.000167207 -5.88933e-05 3.88574e-05 -4.60103e-05 -0.00278683 -0.000292923 -0.00143802 0.00058707 -0.00151396 0.000225134 -0.00523458 0.00169528 -0.000558545 0.000122633 0.0012436 0.0002387 0.000193402 9.26756e-05 -0.00118829 -0.000504967 8.8571e-05 0.000274385 -0.000299501 1.51468e-05 -0.00115975 -0.000553574 0.000252227 -9.6339e-05 0.00217017 
-0.0272958 0.0187336 0.0109104 0.00190659 -0.00200611 0.120286 -0.0533319 0.0179974 0.00223215 -0.0148748 -0.0237448 -0.00328447 -0.0109612 -0.00809766 -0.00234805 -0.0187937 -0.0232316 0.0119063 -0.0441187 -0.0248712 -0.0126438 0.00143631 -0.00678133 -0.00280572 -0.00253264 0.199508 -0.00666392 0.0113741 -0.000952941 -0.0498137 -0.00328234 -0.0196924 0.02338 -0.0125386 -0.00626964 0.019223 -0.0150524 -0.00818675 -0.0311839 0.0171167 -1.3055e-05 -0.0189206 -0.0312611 -0.00404717 0.00156555 -0.0088049 -0.06805 -0.00042348 -0.0191174 0.000509395 0.0650295 -0.0142475 0.00126196 -0.0102429 -0.00197348 -0.0129555 -0.00729447 -0.00210527 0.00179908 -0.00235868 -0.00130214 0.00525893 0.0392113 -0.00135824 -0.00175293 -0.0154989 0.00258409 0.00469782 -0.00537648 -0.000373128 -0.00386835 -0.00283954 0.00995927 -0.00180355 0.000925248 -0.0263617 0.00101397 -0.0228745 0.0300163 0.0262416 -0.00543373 0.0487417 0.00751192 -0.00958428 0.0127655 -0.000832965 0.000654288 -0.00861429 -0.00062821 0.0698807 -0.00443135 -0.00361535 -0.00440507 -0.00453753 -0.0113827 -0.00441609 0.00812627 0.000312088 -0.00135868 -0.0142514 
-0.00475929 -0.000369127 -0.00033677 0.0021663 0.000837846 -0.00357268 -0.00753125 -0.00179366 -0.00061298 -0.0058289 0.0100953 -0.00116221 0.00942907 0.00185249 0.00177599 0.0102591 0.008819 -0.00615929 0.0100583 0.00322789 -0.00522262 -6.71201e-05 0.00531081 -0.00300236 -0.000331317 -0.00666392 0.0375234 -0.000439547 0.000498492 0.00978981 -0.0027234 0.000718288 0.00179003 -0.00190796 -0.000997465 -0.0200516 0.00046447 0.000378556 0.00102054 -0.00487136 0.00101437 0.00262991 0.00930474 -0.00259057 0.000182587 0.00597645 -0.0100277 0.000828299 -0.0161725 0.00238189 -0.0116671 0.000819751 -0.000734404 -0.0100847 -0.000577763 0.00112614 0.00160178 0.000203643 -0.000203508 0.000404048 -3.29304e-05 0.00145336 0.000554939 0.000561915 0.00750265 0.00191911 -0.00101904 0.000209929 -0.00816895 -0.000628127 0.00363426 0.000315417 -1.26779e-05 -2.20743e-05 0.000555208 0.0112885 0.00162216 -0.00102565 -0.00152394 -0.0151734 -0.000938021 -0.00784361 -0.00177501 0.00146904 -1.77923e-05 0.000157625 0.00015569 0.00123398 0.000126633 -0.0035328 0.0061003 -0.00289023 0.000651341 -0.00107231 0.00170903 -0.0107609 0.00451761 -4.84495e-05 0.000124018 -0.00140296 
-0.0200856 0.000103788 0.00143804 -0.00108123 -0.00216736 0.0175115 -0.0218675 -0.00807995 -0.00482814 -0.0112277 0.0254896 -0.00643339 0.0130205 -0.00600517 -0.00189573 0.00291912 -0.00195447 -0.00257462 0.000698976 -0.00674229 0.00371661 0.000506023 0.00184467 -0.00863748 -0.000384833 0.0113741 -0.000439547 0.138401 0.000715745 -0.0107061 -0.00366359 -0.0152706 -0.00192944 0.00385928 0.0104706 0.00384873 -0.00376863 -0.0025701 -0.00929561 -0.00441952 7.0138e-05 0.00550656 -0.00197933 -0.0158263 -0.000756612 -0.00228626 -0.0364021 0.00012694 -0.061906 -0.00026454 0.0018886 -0.00804054 0.00198905 -0.00337713 0.00112788 -0.00393495 0.00233571 -0.00111181 0.00302902 -0.00171579 -0.000867414 -0.00330425 0.00578926 0.000482169 0.00397749 -0.00413691 -0.000819629 -0.0044587 -0.00671234 -0.00251616 0.00466692 -0.00122994 0.00609374 -0.0051425 0.00111965 0.0076782 0.00365687 -0.00296149 0.00635172 -0.00259564 -0.00182809 0.0115075 0.00501554 0.00102622 0.0018273 -0.00245349 -0.0042124 -0.00751305 0.000159001 0.0135711 -0.000917389 -0.0186199 -0.00405443 -0.000347626 0.0125392 0.0125445 0.0164133 5.46251e-05 -0.00169757 0.00355265 
-0.000375908 -0.000466811 -0.000120203 0.000134558 0.000171073 -0.000503423 0.000300668 -0.000319365 0.000275813 -0.0010523 0.00028674 0.000289195 0.00023891 -0.000363578 -6.00742e-05 0.000272719 0.000258159 -0.000610801 0.00199346 0.00017644 -6.97151e-05 8.45653e-06 0.000495695 -0.000355657 -1.28724e-05 -0.000952941 0.000498492 0.000715745 0.0081303 0.000924945 -0.000309925 -8.50024e-05 -2.09014e-05 -0.000561458 0.000382342 -0.000619699 -0.000492328 -0.000109239 -5.79487e-05 0.00087153 1.14304e-05 6.00977e-05 4.72951e-05 -7.43628e-05 -3.59588e-05 -0.00010302 -0.00267259 2.16163e-05 -0.00203235 -6.26953e-05 -0.00186756 -0.000654965 0.000191899 0.00079419 0.000605513 -0.000416179 -8.41649e-05 0.000189907 0.000172767 -7.79671e-05 -5.48382e-05 0.000301747 -0.000101876 9.82623e-05 1.95412e-05 -0.000289107 -0.0024094 -0.000196568 -0.000151664 -3.25385e-05 -0.000432246 -3.56931e-05 -5.10885e-05 -0.00025147 0.000157011 0.000375202 0.000244241 0.00220036 -0.000281235 -0.00153137 5.8605e-05 9.72173e-06 -0.000134713 -0.000270943 -0.000106113 0.00033022 -0.000200898 -0.00048461 -1.78084e-05 -0.000423314 0.000378733 0.000147179 0.000148745 -8.32014e-05 0.00137036 -0.00155181 8.32496e-05 9.48509e-05 1.94919e-05 0.000136981 
-0.00113756 -0.0104987 -0.00976214 -0.00298449 -0.0021493 -0.0398069 -0.0174188 -0.0289928 0.00497782 -0.0542677 0.0460357 -0.0060354 -0.0030098 0.00480146 0.00181433 0.0332654 0.0231925 0.0248601 0.0179993 0.0214186 -0.0304111 -0.000821042 0.00508406 -0.0458686 -0.00444411 -0.0498137 0.00978981 -0.0107061 0.000924945 0.245662 -0.0132846 -0.0229554 -0.0296611 -0.0031452 0.0204217 -0.0258431 -0.0151839 0.00991839 0.0634868 0.0383361 -0.00106494 0.013909 0.0524265 0.00568797 -0.00318474 0.00654896 0.0491886 0.000667664 0.0382545 -0.00247519 -0.0678267 -0.0336097 -0.00730731 -0.0214436 -0.00240245 -0.00211934 -0.000817209 -0.00335903 -0.00366396 0.00340533 -0.00252991 -0.0101109 -0.0354612 -0.00131374 0.000241155 0.00236747 0.0044707 -0.00301392 0.0189856 -0.00311446 -0.0015267 -0.0014882 -0.00971368 0.0135435 -0.00135819 0.0363308 -0.00305421 0.0239527 -0.0315943 -0.0194451 0.00225232 -0.0206609 -0.0173828 -0.00283141 -0.0112995 -0.001286 0.00423874 -0.0129724 0.00112032 -0.0478011 0.00412028 -0.0278414 -0.0057036 -0.0106923 0.0069352 0.00874965 -0.0059155 -0.00166794 0.0013936 -0.00352458 
0.0115224 0.000163848 -0.00185648 0.00150564 -0.00129737 -0.00738135 -0.0205933 -0.00745097 -0.00245218 0.00885625 0.00100086 0.00442505 -0.0137045 3.30042e-05 -0.000744536 -0.00662303 -0.007192 -0.00339522 -0.0193074 -0.0076669 -0.00267126 0.000863682 -0.00408341 0.0041218 9.01356e-05 -0.00328234 -0.0027234 -0.00366359 -0.000309925 -0.0132846 0.105684 0.00826877 -0.000763403 0.0102398 0.0133062 -0.0035552 -0.00154711 0.00352644 0.0034294 -0.0140366 0.000119631 -0.00141087 4.32182e-05 -0.00268739 -0.00071399 -0.0026352 0.0110679 -0.000187154 -0.00611036 -0.00110475 -0.00996048 0.0120363 -0.00185454 -0.0126063 -0.00200335 0.00474466 -0.00249596 -0.00213439 -0.000306872 0.00268913 0.000612707 -0.0012922 -0.00526705 0.0022833 -0.00104732 0.000265811 0.0295415 0.00790852 -0.0122877 0.000858675 -0.00325452 0.00023766 -0.00914893 0.00500374 -0.000221337 -0.0167627 0.000403365 -0.00312835 -0.00666428 0.00587134 0.00489209 -0.0119578 -0.00207586 -0.0017075 -0.00189368 -0.00165991 -0.000720509 -1.55321e-05 -3.96609e-05 0.0052217 -0.00269972 -0.00525359 -0.000276565 0.00255223 -0.00502361 0.02032 -0.000862105 -0.000412989 -0.000160567 -0.00407893 
0.0184802 -0.00375512 -0.00181888 -0.000434859 2.64605e-05 -0.00880412 0.00285038 0.00167339 -0.00363377 -0.0113007 -0.0144454 0.00569093 -0.0227607 -0.00187843 -0.000426568 -0.00899505 -0.00480596 -0.00589135 -0.000840445 -0.0221313 -0.0053034 -0.000276047 -0.0035739 -0.00411275 0.000800944 -0.0196924 0.000718288 -0.0152706 -8.50024e-05 -0.0229554 0.00826877 0.145217 -0.000703214 0.00628768 -0.00330615 0.00940985 0.0152705 0.000543349 -0.0142712 -0.0310541 -0.000189547 -0.00991418 -0.000661445 0.00556256 -0.000715035 0.00294029 0.0217225 -0.00034519 0.0333779 -0.000116116 0.00703096 0.0200525 -0.00308214 0.00360253 -0.00285757 0.0115347 -0.00304034 -0.000164393 -0.00205786 0.00816027 0.00414082 0.00114673 -0.00876668 -0.00163959 -0.0010841 0.00511511 0.0180797 -0.00486314 -0.0208499 0.000974364 0.002135 -0.00123273 -0.0157991 -0.0011548 -0.000850118 -0.0200684 0.000987428 -0.00453824 -0.00532102 0.0245538 -0.000301806 -0.0108946 -0.00426602 -0.00432667 -0.00470253 -0.0020413 0.000665553 0.00899756 0.000210367 -0.0161355 -0.00351841 0.0174914 -0.00219223 -0.0069224 -0.00556967 0.0061315 -0.00915713 -0.000613631 -0.000338585 -0.00703233 
-0.0082385 0.0034304 0.00834227 0.00047845 0.00147951 0.019345 -0.00507729 0.00283065 -0.00195672 0.00971209 -0.012179 0.00117628 -0.00472617 -0.000598712 -0.000807741 -0.00769093 -0.00548455 -0.00716861 0.00859032 -0.00878938 -2.20366e-05 0.000662642 -0.00125016 0.0141923 -0.000785292 0.02338 0.00179003 -0.00192944 -2.09014e-05 -0.0296611 -0.000763403 -0.000703214 0.0793859 -0.00447158 -0.00470585 -0.00448189 0.00833622 -0.00170816 -0.0125383 -0.00841535 4.48836e-05 -0.00198938 -0.0131564 -0.00362684 0.000143616 5.19392e-05 -0.0279433 -0.000159146 -0.027667 0.000272751 0.00477905 0.00550772 0.00300143 -0.000660139 0.00213514 -0.00373487 -0.000663378 -0.00161791 0.000739318 -0.000377835 0.000150145 0.0060479 0.0215957 0.000225044 -0.000832233 -0.00268178 -0.012812 0.00979114 -0.0170592 -0.000654434 0.00132766 -3.28806e-05 0.00669041 -0.00222307 0.000101698 -0.007897 0.00114582 -0.00363732 0.0083299 -0.00924674 -0.0016736 0.0138581 -0.000427641 -0.00100324 0.00373068 0.00246433 -0.00218408 0.0142812 -0.000290532 0.0225443 0.00130296 -0.00237257 0.00357577 -0.000308207 -0.00109171 -0.0295974 0.00125615 -0.000229727 -0.000997275 -0.00520346 
-0.000148294 -0.00260184 -0.00184439 0.0011648 -0.000186487 -0.00650505 -0.0164365 -0.00686722 -0.00106743 -0.00831045 -0.00438799 -0.00224523 -0.0156662 -0.00557333 2.73458e-06 0.00124209 -0.00956558 0.0195462 -0.0189572 -0.0067426 0.00412399 0.000198919 -0.0014178 -0.000668197 0.00180025 -0.0125386 -0.00190796 0.00385928 -0.000561458 -0.0031452 0.0102398 0.00628768 -0.00447158 0.101157 0.0236378 0.000275141 -0.00180047 0.00845709 0.0126632 0.00238848 -0.00020073 0.00927545 0.0186209 -0.00524297 -0.000492919 -0.000174888 0.0155845 -0.000229232 0.00640714 -0.00133667 -0.0219386 0.00208451 -0.00145818 -0.00928951 -0.000716363 -0.00300097 -0.00292255 -0.00154905 0.00243548 0.0020134 5.31846e-05 -0.00162808 -0.00793485 -0.00104118 -0.000592293 -0.0043531 -0.0119804 -0.00148053 -7.73083e-05 0.000821611 0.00126775 -0.000302836 0.0019391 0.00127119 -0.000320901 -0.0117286 -0.000813141 -0.0132857 -0.00755856 0.00469413 0.0060579 -0.0142749 -0.00350525 -0.00406693 -0.00140336 0.00321341 -0.00193293 -0.00117412 0.000116632 -0.0114678 -0.00239662 -0.00915132 0.000877263 -0.000685485 -0.00200032 0.0217107 0.00187026 -0.000702772 -0.00018224 0.000852547 
