0.218712 -0.00856351 -0.000607892 -0.0032823 -0.0148865 -0.00531794 0.00287989 -0.0273797 -0.0204661 0.00668994 0.00264296 -0.0085957 0.0192615 -0.0374839 0.00134901 -0.0468932 -0.00763152 -0.00757022 -0.041236 -0.0189243 -0.00175236 0.00871949 0.029334 0.0144634 0.00521313 -0.00506282 0.0242783 0.00687531 -0.0153594 -0.000894756 -0.0023391 -0.00136519 -0.000217533 -0.0166512 -0.00161916 -0.0148606 0.0452627 0.000574608 -0.00291598 -0.043642 -0.0653804 0.0076105 -0.00893951 -0.0124532 -0.00563371 -0.0351183 -0.00233236 -0.0295667 -0.0372491 -0.00273333 0.0112229 -0.0102964 -0.0516753 0.0142817 0.0196815 0.017 0.0318246 -0.00596615 -0.00551026 -0.00722367 0.00344928 0.0543748 -0.00454501 0.00724476 -0.00795888 -0.0244737 -0.00439611 -0.00330639 -0.0194886 -0.00113396 0.0478036 -0.00490176 -0.0193989 0.0234472 0.000308695 -0.00393621 0.00223483 0.000393872 0.0018683 -0.0113965 -0.000938137 0.00398101 -0.00391584 -0.00900124 0.000321395 -0.00389308 0.0183808 0.0468228 0.0378143 0.00648865 0.00186112 0.0235543 -0.000991394 -0.00429201 -0.00240986 0.00012538 -0.00487316 0.0031886 0.00538583 -0.00607935 
-0.00856351 0.0537887 0.00360538 0.00404653 0.00674324 -0.00795179 -0.00549403 0.00730886 -0.00118536 -0.00275495 0.00598718 -0.00394365 -0.00200386 -0.0011719 0.00144829 -0.000398739 0.00555909 -0.00119133 0.000655932 0.00335808 -0.00486547 -0.00087052 -0.0113824 -0.00165977 0.00437915 -0.00520665 -0.00933541 -0.00284117 0.00777837 0.000191203 -0.000149727 0.00310226 -0.000962286 0.00349801 0.000803689 -8.72479e-05 -0.00335804 0.00049842 -0.000793843 0.00102961 -0.00272592 -0.00695772 0.000140885 0.00187017 0.00598644 -3.47291e-05 0.00429911 0.000419901 0.000867766 0.000529014 -0.00662169 -0.00159067 -0.00473304 -0.00776286 -0.00616346 -0.00277566 -0.00994796 0.00264595 0.012534 0.000837018 0.00176604 -0.00934668 -0.00138941 -0.00268373 -0.0023084 -0.000543199 0.000481885 -0.00184366 -4.5819e-05 0.000184149 -0.00559126 -0.000518206 -0.00203856 0.00202792 1.07337e-05 -0.00272807 0.000791222 0.000159779 0.000154327 -0.000500222 -0.00132065 -0.00131791 0.000578888 -0.00306038 -0.000323241 0.00333555 0.00433114 -0.00150093 -0.0116005 0.0063657 -1.78907e-05 0.00125511 0.000402829 0.000404772 -1.85038e-05 -0.00125513 -0.000411571 0.00145334 0.00110403 0.00712955 
-0.000607892 0.00360538 0.0587718 0.0015524 0.00631619 -0.00662146 0.00232998 0.000512381 -0.000252225 0.00545582 0.00248568 0.00201857 0.00452773 0.00218735 0.00405208 0.000177375 -0.00375604 0.0017956 0.00257008 -0.0028435 -0.00731246 -0.00420708 -0.010277 -0.0115674 -0.00279035 -0.0028213 -0.0101067 -0.000516772 -0.000669761 0.000119418 -0.000833996 0.000745049 0.0063614 0.00726566 0.00231806 -0.0010913 0.00384596 -0.0014338 0.00070638 0.00212124 -0.00225716 0.00485236 -0.00387944 -0.000935035 0.00434914 0.00596476 0.000621385 0.000192639 0.0012174 -0.00187787 0.000496258 -0.00105672 0.001894 -0.0185866 -0.00827114 0.00486931 -0.00611115 -0.00224546 0.00742942 -0.00115013 -0.00168893 -0.0127865 -0.000412797 0.00112085 -0.000786387 -0.00109999 0.001123 0.00182165 -0.00370394 4.49316e-05 -0.0054158 -0.000603487 0.00388616 -0.00778462 -0.00037754 -0.00273079 -0.00149908 0.0014003 0.00332788 0.00200415 0.00791437 -4.74853e-05 -0.000200245 0.0043918 -0.00138795 -0.00151369 -0.0095308 -0.0022775 -0.0151676 -0.00367149 -0.000975046 0.00485454 4.99304e-06 0.000802294 0.000771476 -0.00133427 0.000210189 0.003517 0.00293304 -0.00478112 
-0.0032823 0.00404653 0.0015524 0.0246974 0.00311709 -0.00340024 -0.0039683 0.00264552 -0.000419625 -0.000482294 -0.000684662 -0.00208515 4.31486e-05 -0.00132169 0.000533934 -0.000347842 0.00109753 -0.000475576 -0.0023953 0.000517892 0.00166238 -3.93733e-05 -0.000860082 0.000697757 -0.000334177 -0.00236203 -0.00388193 -0.000990673 0.000195154 0.000260915 0.000168216 0.00068151 -6.93064e-05 -0.000257692 0.00085547 -0.000987672 0.000432766 -0.000724378 0.000815551 0.000124244 0.00127556 -7.12033e-05 -0.003176 -0.00264599 0.00046252 0.001029 0.00104302 -0.00221367 -0.000426631 -0.000441537 -0.00145175 0.000215429 -0.00268904 0.000533828 -0.0010374 -0.000416585 -0.00100337 0.00166367 0.00311468 0.0020307 0.00016419 -0.00263166 -0.000405094 0.00113962 -0.00150314 -0.000680997 -0.000141505 -0.00052737 -0.00134435 9.43918e-05 -0.00179879 0.000685181 -0.000498448 0.00064869 -0.000387754 0.000281084 2.20542e-06 6.08297e-05 0.00055771 0.000880036 -0.000931248 -0.00149313 -9.95441e-05 -0.00176093 -0.000539533 0.00128303 -0.00166472 -0.000958077 -0.00356126 -0.00107676 -0.000248416 0.000654851 0.000414219 0.000173355 -0.000210032 -5.21265e-05 -0.000301513 0.000620442 0.000341681 0.00424452 
-0.0148865 0.00674324 0.00631619 0.00311709 0.0745072 -0.00412923 -0.004113 0.00364269 0.0215026 0.00414699 -0.00181663 -0.00312711 0.000137225 0.028595 -0.00162449 0.0345377 -0.0149255 -0.000274871 0.0295915 0.0136184 -0.0207422 -0.00636122 -0.0176136 -0.00173651 0.00145339 -0.00575252 -0.0229919 -0.00811645 -0.00719659 6.76813e-05 0.000434468 -0.00136585 -0.00281985 0.000544363 -0.00112247 0.00455552 -0.00953627 -0.00125725 -0.00336837 0.0222513 -0.0128884 -0.00504094 0.0163449 0.0187105 0.00037487 0.0226726 -0.000586151 0.00838104 0.0260125 0.00464709 -0.0136243 0.000925389 0.024511 -0.0255176 -0.00901795 -0.000414452 -0.0170011 0.0016185 -0.00201174 0.000584649 0.00426377 -0.0222165 -0.00316325 0.000756427 -0.00288047 0.00278909 0.00237066 0.00155185 -0.00567512 0.000151316 -0.0210683 0.00306979 0.00521421 -0.0107708 0.00132522 -0.00177625 -0.00152495 0.000898548 -0.000867703 0.0105147 -0.00095009 -0.000869332 0.000202144 0.00488132 -0.00208563 0.00231544 -0.0197277 -0.033264 -0.0229553 -0.0217616 -0.00139179 -0.00122453 0.000159826 -0.000401618 0.000499811 -0.00201665 0.0019127 2.00122e-05 -0.00104564 -0.00482386 
-0.00531794 -0.00795179 -0.00662146 -0.00340024 -0.00412923 0.219724 -0.0159663 -0.00327228 -0.0148209 0.0233345 -0.0211845 0.00875628 -0.00227532 -0.0110298 0.00377376 -0.0161537 -0.0412366 -0.00705064 0.0152925 -0.0186291 0.0254709 0.0193016 0.00554836 0.0196928 -0.0153241 0.00816567 -0.0562867 -0.0147369 -0.00708589 -0.000387296 0.00049883 -0.000278517 -0.0181397 -0.00723008 -3.50971e-05 0.00722554 -0.0106641 0.00843805 -0.00396118 -0.00926372 0.0161099 -0.00261308 0.0209732 -0.00362954 -0.00304646 -0.024826 -0.00192179 -0.0377577 -0.0141307 0.00330596 0.00694849 0.00308005 -0.00726391 0.0296809 0.0247293 -0.017549 -0.0298681 -0.0170952 -0.00397685 0.00302925 -0.00439312 0.0304663 -0.00225898 0.000323516 0.0165037 0.019176 -0.00213983 -0.0118764 -0.0144198 0.000620419 -0.000186846 0.00595681 0.00519931 0.000462597 0.000698129 0.00223082 -0.00151115 -0.000682611 -0.00108755 0.00683038 -0.00783612 -0.00101706 -0.00382582 -0.000850121 -0.0044613 -0.00512578 0.0233724 -0.00500149 0.00273545 -0.00263857 -0.000894239 -0.00810574 -0.00305448 -0.00398596 0.000351883 0.00477765 -0.000887842 0.00313297 -0.00691831 -0.0166478 
0.00287989 -0.00549403 0.00232998 -0.0039683 -0.004113 -0.0159663 0.226422 -0.00504481 0.0242207 0.00865806 -0.0125786 0.0199268 -0.0140533 -0.00388106 -0.0012215 -0.0368601 0.0369378 0.00558334 -0.0063448 -0.0581077 0.00838184 -0.00502308 0.0276174 -0.0600747 0.0144232 0.00380817 0.0433869 0.00594243 -0.00247643 -0.00135782 -0.00242149 -0.00681528 -0.00132041 0.00480998 -0.000484703 -0.0135852 -0.00413559 -0.025259 -0.0034435 -0.0240533 0.0399033 0.0244543 -0.010675 -0.0172023 -0.000375392 0.0102926 -0.00635648 -0.0305726 -0.0166487 -0.0289206 0.0225073 -0.0125841 0.0117001 0.00850433 -0.000370414 0.021028 0.012292 -0.0244731 -0.0157919 -0.0156217 -0.0294236 -0.0010803 0.0062673 -0.0112493 0.00811213 -0.0107731 -0.00381928 0.00647829 0.000640065 -0.00225997 0.0614263 -0.0128453 0.0135441 -0.0158588 -0.00545216 -0.00222974 -0.00693941 -0.000616767 -0.00320649 -0.00605716 -0.000306746 -0.0145796 0.00124052 -0.0417636 -0.00344225 -0.0188685 -0.0267597 0.0453809 0.023633 0.0300175 -0.00612818 0.000904589 -0.00146791 -0.00152165 -0.00044115 -0.00494125 -0.0097282 -0.0066423 -0.00139388 -0.0361823 
-0.0273797 0.00730886 0.000512381 0.00264552 0.00364269 -0.00327228 -0.00504481 0.10855 0.00581367 -0.00245842 0.00314172 -0.00711412 -0.00238068 0.0167253 -0.000824666 0.00434654 0.000379103 0.00305285 -0.000648348 0.00710078 0.00295963 -0.00499666 -0.0129613 -0.00164053 -0.0039169 -0.00165679 -0.0261413 -0.00269964 0.0114589 0.00151044 0.000211293 -0.000436069 -0.00186078 0.00730367 -0.00234959 -0.0070322 -0.0153358 -0.00403661 0.00344748 0.000590615 0.020082 -0.00296641 0.000742863 0.00334509 0.00212399 0.0212353 -0.00185974 -0.00316943 0.00823477 -0.00149402 -0.0189542 0.00437144 0.0162746 0.00706651 -0.0065055 -0.00373488 -0.000878352 0.00259142 -0.00856874 -0.00190366 -0.00344963 -0.00358931 -0.004651 0.00419045 -0.00508628 0.00093684 0.000782996 -0.00197854 -0.00458071 4.22942e-05 -0.0186407 -0.00175165 -0.00424992 -0.00878765 -0.000187549 -0.00509312 0.000474465 -0.000422828 -0.00131011 0.000261473 -0.00226738 -0.00339156 0.00177188 0.00329863 0.00363032 -0.00384935 -0.00644181 0.00152304 -0.0116894 -0.0144791 -0.000156622 -0.00498276 -0.000391068 -0.000895158 -0.000285589 -0.00246187 -0.000476932 -0.00157022 0.00112234 0.00653637 
-0.0204661 -0.00118536 -0.000252225 -0.000419625 0.0215026 -0.0148209 0.0242207 0.00581367 0.117256 0.000272236 -0.0038024 -0.00091319 0.00181248 0.0195823 -0.00306838 0.0106523 0.0229261 -0.000381443 0.0180741 0.0016473 -0.0163222 -0.00784851 -0.0200396 -0.0169603 0.00450137 0.0135471 0.00987048 0.00238796 -0.00381292 -4.1824e-05 0.000491028 -0.000900234 0.00817597 -0.00839348 -0.00126521 -0.00160106 -0.0199649 -0.00779267 -0.00137154 0.00747307 -0.0137745 -0.0108073 0.0144483 0.00666335 -0.00160942 0.0217074 -0.00325018 0.0140971 0.018151 -0.0047591 -0.00286631 -0.000292701 0.00585051 -0.00382967 -0.0112734 -0.00690921 -0.000324542 -0.00126105 -0.015688 -0.00239849 -0.00579143 -0.0240949 0.00207747 -0.00347001 -0.00560815 -0.00181925 0.0011103 0.00281829 0.00133608 -0.000346454 0.00604212 -0.00225276 0.00159022 -0.0161149 -0.00165908 0.0020536 -0.00466656 0.000177288 -0.00102292 0.0111602 -0.00652141 -0.00916169 -0.00162768 -0.00849693 -0.00246925 -0.00855496 -0.0196442 -0.00957399 -0.0119876 -0.000199689 -0.00151001 -0.0048507 0.000644597 -0.00178185 0.000146637 -0.00228329 -0.00156558 -0.00268381 0.00180074 -0.0116548 
0.00668994 -0.00275495 0.00545582 -0.000482294 0.00414699 0.0233345 0.00865806 -0.00245842 0.000272236 0.085589 -8.51537e-05 0.00498281 0.000399571 0.008727 0.00153481 0.00639568 -0.0236252 -0.00292957 0.0127588 -0.00285033 -0.0112832 -0.00501391 -0.0115443 -0.0135809 -0.00733816 -0.00352305 -0.0206588 0.00219993 -0.00195409 -0.000367173 0.000525947 -0.000565151 -0.0030373 -0.0045585 -0.000349332 -0.00166994 0.00214766 0.000730259 -0.00248177 0.000640491 -0.00688661 0.00496392 0.0102246 0.0113366 -0.000758225 0.00393819 -0.00265646 -0.0111468 -0.00108535 0.000673587 -0.00159317 -0.00497162 0.0120699 -0.0208313 -0.00729463 0.00697809 -0.00764244 -0.000703384 -0.0060404 0.000399903 -0.000166631 -0.000452427 -0.00136043 0.00193486 0.00735386 0.012684 -8.64743e-05 -0.0026744 -0.00188554 0.000127676 -0.0196363 0.00130903 -0.0017664 0.000433495 0.00132878 0.00335558 0.00345159 -0.000152429 0.000545601 0.00752939 -0.00284835 0.00163728 -0.000983609 0.00180851 0.000252349 -0.00304285 -0.011694 -0.0150082 -0.00190253 -0.0120687 -0.000118681 0.00295963 -0.000252885 0.00147729 0.000644534 0.00329765 0.000999546 0.00033115 -0.00131249 -0.00710128 
0.00264296 0.00598718 0.00248568 -0.000684662 -0.00181663 -0.0211845 -0.0125786 0.00314172 -0.0038024 -8.51537e-05 0.105443 -0.00142506 0.00175736 0.00322516 -0.000264067 0.0128654 0.00359352 -0.00228578 -0.00315161 0.0232646 -0.0285598 -0.00240856 -0.0299276 -0.00818446 0.00325125 -0.00156158 -0.00119275 0.00207105 0.000859745 0.000178894 -6.1621e-05 -0.00191157 0.010873 -0.00487524 -0.00101719 -0.00448663 0.00319011 -0.00622745 0.00142949 -0.00158445 -0.020991 -0.0109292 -0.0140425 -0.00316353 -0.000289445 -0.00298192 0.000741868 0.00371144 0.00316267 -0.00154146 -0.0135052 -0.00226973 -0.00485879 -0.0229814 -0.00389434 0.00588498 0.00847329 0.00966415 0.00839303 0.000960266 0.0163329 -0.0192389 -0.00295346 0.0146361 -0.00428682 0.00262452 -0.00116516 -0.00339875 -0.00772889 0.000674796 -0.0257457 0.000593688 -0.00642844 0.00376131 0.000244956 0.00146401 -0.000599068 -7.10982e-06 -0.00102545 -0.00312736 0.000673764 0.0088104 0.00116021 0.0222462 -7.78544e-05 -0.00324845 0.0197031 -0.0142327 -0.00545093 0.00443328 0.00227584 0.0091033 0.00191547 0.0024248 -0.000542604 -0.00170145 0.0001328 0.000744672 0.00813305 -0.00765585 
-0.0085957 -0.00394365 0.00201857 -0.00208515 -0.00312711 0.00875628 0.0199268 -0.00711412 -0.00091319 0.00498281 -0.00142506 0.10021 0.000269432 0.00166523 0.000222204 -0.0026415 -0.0209043 0.00730917 0.00792912 -0.00410787 0.012777 -0.00564073 0.0133863 -0.0118039 4.13913e-05 0.00206829 -0.00404906 -0.00423445 -0.00719539 -0.000287107 -0.00162639 0.00129578 0.000287655 0.00344212 0.00485785 0.00668051 0.0122856 -0.0022079 -0.00217595 -0.0044515 0.0166328 -0.00120239 -0.0160058 -0.000707712 -0.0024598 -0.00889214 -0.0017051 -0.00651053 -0.00720634 -0.00837825 0.00311472 -0.0018262 0.00973609 -0.0228273 -0.00758711 0.003133 -0.0167711 -0.00480211 0.00141542 -0.00368451 0.00519307 -0.0180689 0.00362718 -0.00789255 0.00751218 0.0043766 4.80317e-05 0.0003683 -0.00428443 -0.000327047 0.00432508 0.00204612 0.000918906 -0.00853584 -0.000862197 -0.00219166 -0.00359952 -0.000149346 -0.000931502 0.00494071 -0.000963923 0.00716287 0.00268725 0.00316523 -0.00170905 0.00677337 -0.00362773 -0.00805743 -0.00567263 -0.00260075 -0.00172731 -0.00161367 -0.000533493 0.00617012 0.000379048 -0.000372649 -0.00177149 -0.00208885 -0.0042368 -0.013223 
0.0192615 -0.00200386 0.00452773 4.31486e-05 0.000137225 -0.00227532 -0.0140533 -0.00238068 0.00181248 0.000399571 0.00175736 0.000269432 0.0723097 0.00226103 0.00516553 0.00494266 -0.00505425 -0.000265885 -0.00045707 0.00708509 -0.0163704 0.00226695 -0.016344 0.00160296 0.00112311 0.00397893 -0.00775767 -0.00573441 -0.00537523 2.23038e-05 0.00105665 -0.000550904 -0.00112058 -0.00539598 0.00023335 -0.0026304 0.00874153 -0.00173185 0.000157807 0.00121648 -0.0240514 -0.0101308 -0.010669 -0.00118672 -0.000171509 -0.00843121 -0.000430641 0.0036707 -0.00225638 0.00020832 0.000875959 0.00091874 0.0019585 -0.0110815 -0.0086757 0.00132865 0.00378812 0.00751017 0.00614655 0.00458024 0.00295136 -0.00067337 -0.00244287 0.00329918 -0.00155789 -0.00411166 -0.000681835 -0.00125593 -0.00127438 -4.95525e-05 0.00583964 0.00364212 -0.00192199 0.00347895 0.00112348 0.00100353 -0.000985113 0.000424002 0.00633536 -0.000126352 -0.00147707 0.00132644 -0.00195951 0.0141974 -0.000784376 -0.00181053 -0.00829131 -0.00585871 -0.0175683 -0.00841624 0.00021198 0.0163495 0.000856833 -0.00195912 -0.000393978 -0.00152224 -0.000867424 0.00640638 -0.00358651 -0.0026416 
-0.0374839 -0.0011719 0.00218735 -0.00132169 0.028595 -0.0110298 -0.00388106 0.0167253 0.0195823 0.008727 0.00322516 0.00166523 0.00226103 0.128166 -0.00330072 0.0801997 -0.0397102 0.0032021 0.0525926 0.0327604 -0.0392045 -0.00994114 -0.0365615 -0.0169893 -0.00738793 -0.0156201 -0.0511195 -0.013051 -0.00762304 0.00128708 0.00273744 -0.00236625 -0.00687364 0.0169502 -0.00177613 0.0141748 -0.0181615 0.00258284 -0.00366746 0.0549871 -0.000760983 6.4203e-05 0.0240029 0.041068 0.00354543 0.0617045 -0.00352541 0.0373174 0.0461257 -0.000518124 -0.0222342 0.00175737 0.0778199 -0.0578615 -0.0255391 0.00420197 -0.0406017 0.0190484 -0.00808278 0.000254008 0.00125255 -0.0469789 -0.00570669 0.00288886 -0.0046553 0.00471716 0.00522494 0.00145186 -0.0106687 0.00198023 -0.0496844 -0.000630133 0.0181104 -0.0184498 0.00372009 -0.00233967 -0.00380289 -0.000287797 -0.00259955 0.0173802 -0.00282715 -0.00548367 0.00152972 0.0179454 -0.000912015 -0.00316927 -0.0363972 -0.0777111 -0.0374262 -0.0416007 -0.00108219 -0.00111921 -0.00109398 -0.00115819 0.000357626 -0.00159666 0.00338406 0.000302723 -0.00723219 -0.0177843 
0.00134901 0.00144829 0.00405208 0.000533934 -0.00162449 0.00377376 -0.0012215 -0.000824666 -0.00306838 0.00153481 -0.000264067 0.000222204 0.00516553 -0.00330072 0.0317003 -0.00366779 -0.00336104 0.00413418 -0.00328467 -0.00214947 -0.00193961 0.00101666 0.00037436 -0.00341943 -0.00237692 -0.00125857 -0.00629023 -0.00139066 0.00033602 -0.000203472 -0.000272916 0.000352896 -0.000585698 -0.000491956 0.000968581 6.97339e-05 0.00833677 0.000313889 0.00114672 -0.000201975 -0.000300916 0.00201456 -0.00387348 -0.00282466 0.0001139 -0.00203797 0.00138816 9.83693e-06 -0.00171647 -0.000925756 -0.00239883 0.000876714 -0.00582724 -0.0078145 -0.00240429 0.00258684 -0.00347132 -0.000356642 0.00188487 1.66002e-05 -0.00166071 -0.00218775 -0.000868587 -0.00199881 0.00178845 -0.000683183 0.000511745 0.000206956 -0.00239197 9.62276e-05 0.00169737 0.000202961 -0.00114301 0.00345572 -6.81285e-05 -0.00122915 0.00055731 0.000351434 0.0018918 -0.000452002 0.00310924 0.000568491 -0.000527439 0.0022837 -0.00055485 -0.000508607 -0.000683141 0.00204538 -0.00670308 -0.00119412 2.65156e-05 0.00247848 -0.000100382 0.000729523 -8.37716e-05 0.00139434 -0.000690109 0.00131829 0.0010137 -0.00256979 
-0.0468932 -0.000398739 0.000177375 -0.000347842 0.0345377 -0.0161537 -0.0368601 0.00434654 0.0106523 0.00639568 0.0128654 -0.0026415 0.00494266 0.0801997 -0.00366779 0.164291 -0.0534991 0.00101944 0.0637928 0.0637002 -0.060934 -0.014629 -0.0492905 -0.00262356 -0.00883516 -0.0178234 -0.0702647 -0.0195652 -0.00933741 0.00162262 0.00309432 -0.00254837 -0.00566973 0.018677 -0.00247731 0.0218171 -0.0132202 0.00243669 -0.00550959 0.073398 -0.00714953 -0.0111302 0.0262875 0.0509341 0.0050436 0.051275 0.000216242 0.048254 0.0633872 0.0133891 -0.0275312 0.00330858 0.0878433 -0.0772136 -0.0333377 -0.000370576 -0.050528 0.0269927 0.00528322 0.00562569 0.00918796 -0.0589449 -0.00569556 0.000639873 -0.00596218 0.0144625 0.00518222 0.00559574 -0.00288364 0.00146008 -0.0796152 0.00796362 0.0201349 -0.0213632 0.00821438 -0.00701909 -0.00462446 -0.000234432 -0.00179802 0.0139551 0.00604409 -0.0016578 0.00153903 0.0447287 -0.00370813 -0.00120335 -0.032946 -0.107654 -0.0462785 -0.0519788 1.81489e-05 -0.00228549 0.00059197 0.00167855 0.000954043 -0.0042985 0.00983085 0.00245688 -0.00762364 -0.0122188 
-0.00763152 0.00555909 -0.00375604 0.00109753 -0.0149255 -0.0412366 0.0369378 0.000379103 0.0229261 -0.0236252 0.00359352 -0.0209043 -0.00505425 -0.0397102 -0.00336104 -0.0534991 0.224283 -0.00978733 -0.0330365 -0.0158104 -0.00974453 0.0163678 -0.0271739 -0.0297912 0.0315949 0.0232375 0.0985483 0.0149769 0.0191543 -0.00204714 -0.00097989 -0.00159368 0.0207753 -0.0250586 -0.00543919 -0.0228038 -0.0500389 -0.0186468 0.00382912 -0.0457517 -0.0191652 -0.0386474 -0.0206413 -0.0385263 0.0047148 -0.0261104 -0.000442161 -0.0174439 -0.038266 -0.0188706 0.0367696 -0.0147134 -0.0719338 0.0676493 0.0227343 -0.0193256 0.0691194 -0.0155789 0.0135336 -0.00504686 -0.00527217 0.0247301 0.00895643 -0.0114424 -0.0086765 -0.00884818 -0.000664916 -0.0121905 0.00850232 -0.000860736 0.0730579 -0.00918947 -0.0165206 -0.00373505 -0.00354475 0.00563261 -0.00965781 -0.000620431 -0.000550076 -0.0125584 -0.0222286 -0.0102904 -0.00174359 -0.0340248 -0.00352422 0.00187396 0.0259025 0.0497888 0.0212734 0.0957298 -0.00383738 -0.00867608 0.00210524 0.00193623 -0.00224403 -0.00395326 -0.00725214 -0.0089598 -0.00431476 0.0142292 
-0.00757022 -0.00119133 0.0017956 -0.000475576 -0.000274871 -0.00705064 0.00558334 0.00305285 -0.000381443 -0.00292957 -0.00228578 0.00730917 -0.000265885 0.0032021 0.00413418 0.00101944 -0.00978733 0.0568059 -0.00425234 -0.00471859 0.00268899 -0.00382734 0.00891727 -0.000369785 -0.00159431 0.00256074 -0.00555753 -0.00287834 -0.00117808 -9.14902e-05 -0.00118348 0.000231443 -0.000429633 0.00337266 0.000917725 -0.000140904 0.0101793 -0.00100918 0.00168482 0.00483849 0.0119042 0.00584501 -0.008486 -0.00115844 -0.00128762 -0.00041771 0.00201925 0.0107808 0.00469422 -0.00127148 5.10188e-05 0.00322737 0.00220556 -0.0155293 -0.00691212 0.00443027 -0.00390217 -0.000723763 -0.00601467 -0.00175071 -0.00328838 -0.00646733 -0.000658208 -0.00401985 0.000801622 -0.00301439 0.00077444 0.0028224 0.00144919 -7.2047e-05 -0.00376553 -0.000303682 0.00119077 -0.00471113 -0.00103046 -0.00117917 -0.000166029 0.000258858 -0.000586414 -0.00129482 0.00377001 -0.00244713 0.00204485 0.000702672 9.70013e-05 -0.00172311 -0.00968796 -0.000860276 -0.0111548 -0.00801503 -0.000722762 0.000896371 -6.59826e-05 -0.00116234 -0.000446351 -0.000121805 -0.000130667 -0.00118838 -9.08679e-05 -0.00298739 
-0.041236 0.000655932 0.00257008 -0.0023953 0.0295915 0.0152925 -0.0063448 -0.000648348 0.0180741 0.0127588 -0.00315161 0.00792912 -0.00045707 0.0525926 -0.00328467 0.0637928 -0.0330365 -0.00425234 0.212807 0.0342048 -0.00993303 -0.0111253 -0.0113574 0.0160589 -0.0182803 -0.0156681 -0.045447 -0.0181168 -0.0149455 0.00104446 0.000442258 -0.00349175 -0.00807879 0.00259816 -0.00345564 -0.00682151 -0.0510937 -0.0137685 -0.00914987 0.0434741 0.0100448 -0.0114012 0.0175734 0.0401501 0.00334226 0.0129319 0.00157192 0.00532834 0.0387427 -0.00831319 0.00258171 0.00131908 0.0630456 -0.0438553 -0.00364988 -0.00723768 -0.0547873 0.00701552 0.0169246 -0.00365996 0.0118622 -0.0506067 -0.00737505 -0.0020139 -0.00118797 0.0186484 0.00247682 0.00742894 -0.005273 -5.81197e-05 -0.0496912 0.00615202 0.0138829 -0.0314828 0.00172946 -0.0068546 -0.00570383 -7.69033e-05 -0.00713433 0.0162682 0.00450998 -0.00951562 -0.00117409 0.0234812 -0.00539762 -0.010213 -0.0166587 -0.0733934 -0.0341595 -0.0301704 -0.0017619 -0.00784383 -0.000415822 -0.00159966 0.00142568 -0.00658424 0.00375239 -0.00198991 -0.00584951 -0.00344724 
-0.0189243 0.00335808 -0.0028435 0.000517892 0.0136184 -0.0186291 -0.0581077 0.00710078 0.0016473 -0.00285033 0.0232646 -0.00410787 0.00708509 0.0327604 -0.00214947 0.0637002 -0.0158104 -0.00471859 0.0342048 0.132477 -0.0482676 -0.0065432 -0.0440065 0.0061277 -0.00171103 -0.00922994 -0.0362089 -0.00687202 -0.00344393 0.000149024 0.00438139 0.00070945 0.00363753 -0.00558318 -0.00287234 0.00609646 -0.00785002 0.00114409 -0.00255484 0.0264629 -0.0313578 -0.0274511 0.00694924 0.0278537 0.00777009 0.00993168 -0.000113042 0.0248574 0.0314886 0.00393162 -0.00516263 0.00382947 0.0298329 -0.0422188 -0.0151687 -0.00936974 -0.01853 0.0225908 -0.000126025 -0.000340496 0.0323433 -0.0300206 -0.00655078 0.00322831 -0.00396676 0.00818689 0.00528404 -0.00234154 -0.000619588 -0.000127562 -0.0430422 0.00623005 -0.00792971 -0.00773186 0.00997678 -0.00271329 -0.00217517 1.96419e-05 0.000385137 0.00333722 -0.00241311 0.0164318 -0.000869041 0.0398451 -0.00346382 0.0115121 -0.00115062 -0.0682451 -0.0212914 -0.0150819 0.000438488 0.000708608 -0.000659848 0.00130973 -0.00109347 -0.00493358 0.00357538 0.000586139 -0.000492347 -0.000841296 
-0.00175236 -0.00486547 -0.00731246 0.00166238 -0.0207422 0.0254709 0.00838184 0.00295963 -0.0163222 -0.0112832 -0.0285598 0.012777 -0.0163704 -0.0392045 -0.00193961 -0.060934 -0.00974453 0.00268899 -0.00993303 -0.0482676 0.244704 -0.0135947 0.0894428 0.0261926 -0.010033 0.00824555 0.018839 0.00946633 0.00431872 0.000471215 -0.00345419 0.00364616 -0.00555939 0.0161654 0.00411245 -0.0158082 0.0161455 -0.00427238 -0.00418356 -0.0218819 0.0836657 0.0209209 -0.0295773 -0.0239196 -0.00990491 -0.0200563 0.00740955 -0.0274918 -0.0220177 -0.0150945 -0.0266268 0.00375351 -0.024281 0.0341296 0.0209541 -0.00720914 -0.0039675 -0.0193752 -0.0165868 -0.00987388 -0.0144767 0.00408327 -0.0016901 -0.0111626 0.00480453 -0.00394297 -0.00411509 0.00397764 -0.0135941 -0.002328 0.0360882 -0.00258466 -0.00622616 -0.014845 -0.00706563 -0.0192359 -0.00816922 3.11511e-06 -0.00592847 -0.00596199 0.010542 -0.0129439 0.000932863 -0.0302373 -0.00217169 -0.00919417 0.0171307 0.0966923 5.17911e-05 -0.00398963 -0.00418271 -0.0175355 -0.0011715 -0.00217063 -0.00137444 -0.000343381 -0.00729685 -4.14713e-05 -0.0101071 -0.00474198 
0.00871949 -0.00087052 -0.00420708 -3.93733e-05 -0.00636122 0.0193016 -0.00502308 -0.00499666 -0.00784851 -0.00501391 -0.00240856 -0.00564073 0.00226695 -0.00994114 0.00101666 -0.014629 0.0163678 -0.00382734 -0.0111253 -0.0065432 -0.0135947 0.0857078 -0.0143321 -0.00200179 0.000391379 -0.00365656 0.00638603 -0.00684621 -0.00422668 -0.000603018 0.000203872 0.000390873 -0.00284391 -0.00904752 0.00025845 -0.00497238 -0.00922638 -0.00341902 -9.47078e-05 -0.0126757 -0.019127 -0.013421 -0.0023996 -0.0098368 -0.000379423 -0.0184933 -0.00088197 -0.015485 -0.0107329 -0.00366427 0.0215456 -0.00565115 -0.0148018 0.018765 0.00807473 -0.00581047 0.00979562 -0.000830461 0.0090151 0.00993002 -0.00142573 0.0265723 0.00444892 0.00588663 -0.00171844 -0.000517133 -0.00105247 -0.00300187 -0.000707212 7.28849e-05 0.0202997 -0.00120845 -0.000352399 0.0147979 -0.00108327 0.0141085 -0.00241681 -0.000270267 0.000185959 -0.00302597 -0.00637609 -0.000264203 -0.00204482 -0.010099 -0.000780013 0.00219226 0.00935051 -0.00030391 -0.00281008 0.0197238 -0.00103373 0.00265954 -0.000774692 -0.000144001 -5.02718e-05 -0.000339737 -0.00165861 0.00374471 -0.000617108 -0.000572685 
0.029334 -0.0113824 -0.010277 -0.000860082 -0.0176136 0.00554836 0.0276174 -0.0129613 -0.0200396 -0.0115443 -0.0299276 0.0133863 -0.016344 -0.0365615 0.00037436 -0.0492905 -0.0271739 0.00891727 -0.0113574 -0.0440065 0.0894428 -0.0143321 0.241468 0.0232917 -0.0208381 -0.0129189 0.0269104 0.0144481 -0.0186599 -0.000724405 -0.0066317 -0.00185388 -0.00661746 -0.00400778 0.00203181 -0.0103483 0.0309044 -0.00161201 -0.00604109 -0.0142635 0.0534397 0.0415925 -0.00960786 -0.0156734 -0.0127114 -0.0226495 -0.00498431 -0.0391148 -0.0197881 -0.00160253 -0.0403697 0.0012142 -0.0164984 0.0465556 0.0210823 0.0146638 -0.016974 -0.0158161 -0.0364884 -0.0157002 -0.0204642 0.0183918 -0.00953429 -0.0106243 0.00808321 -0.0127774 -0.00376917 -0.00132101 -0.0138162 -0.00246109 0.045914 -0.00270699 -0.00786345 -0.00658074 -0.00449288 -0.0178998 -0.00615345 -0.000582359 -0.00307856 -0.00963584 0.0157685 -0.00378295 0.00348974 -0.0175647 0.00671583 0.0185228 -0.00136712 0.0654159 0.0326011 -0.0251321 0.00419209 -0.00364307 -0.00363131 -0.00567589 -0.00130076 -0.00572633 0.00050613 -0.00648181 -0.00440213 -0.0131869 
0.0144634 -0.00165977 -0.0115674 0.000697757 -0.00173651 0.0196928 -0.0600747 -0.00164053 -0.0169603 -0.0135809 -0.00818446 -0.0118039 0.00160296 -0.0169893 -0.00341943 -0.00262356 -0.0297912 -0.000369785 0.0160589 0.0061277 0.0261926 -0.00200179 0.0232917 0.17876 -0.0129856 -0.00177427 -0.0252509 -0.00975918 -0.00575836 0.00137118 -0.00144939 -0.000703937 -0.00260734 -0.00752094 -0.00206499 -0.00949699 -0.0063693 0.00897825 -0.000749491 -0.0107954 0.00797046 -0.00756514 -0.00638394 0.00831762 -0.00567724 -0.0372213 0.00419681 0.000593799 -0.00432664 0.00715337 0.00174338 0.0168042 -0.021071 0.035375 0.018381 -0.0193756 -0.00856557 -0.00523012 0.00540516 0.00219495 0.0138484 0.0166515 -0.00473135 0.008701 -0.000958891 -0.00422061 0.000669797 -0.00537501 -0.000915246 -0.00143816 -0.0115296 0.00351297 -0.00363446 0.00446781 0.00228728 -0.010934 0.00362846 -0.000543212 -0.00384829 -0.00627577 0.0074158 0.000277175 -0.00208945 0.0107192 -0.00154385 0.00224833 0.00898875 -0.00793586 -0.016173 -0.0262994 0.00252618 -0.00637992 5.42844e-05 -0.00648329 -0.00126683 -0.00236956 0.0054298 -0.00391214 0.000471035 0.0266934 
0.00521313 0.00437915 -0.00279035 -0.000334177 0.00145339 -0.0153241 0.0144232 -0.0039169 0.00450137 -0.00733816 0.00325125 4.13913e-05 0.00112311 -0.00738793 -0.00237692 -0.00883516 0.0315949 -0.00159431 -0.0182803 -0.00171103 -0.010033 0.000391379 -0.0208381 -0.0129856 0.0886196 0.0025432 0.0349596 -0.00285675 -0.00122039 -0.000461407 -3.49897e-05 -0.000524857 -0.00179245 -0.00406969 -0.00107413 -0.0050608 -0.00771054 -0.00571621 0.0024159 -0.00984794 -0.0191825 -0.00892955 -0.00511002 -0.0101059 -0.001802 -0.00543355 0.00205188 -0.00395971 -0.00766402 -0.00467762 0.00613051 -0.00547117 -0.0118976 -0.00013245 0.0032321 -0.000412218 0.0282835 -0.00316542 -0.00794159 -0.00139497 -0.00013421 0.000578385 0.00554363 -0.00463466 -0.00463244 -0.000725709 -0.000479329 0.00186856 0.000133917 0.000229562 0.0303586 -0.00178656 -0.0028741 0.00100991 -0.000679883 0.0042144 -0.00204133 0.000105052 0.000949179 -0.0028246 -0.00287474 -0.00231211 0.00145851 -0.0073216 -0.00187863 -0.00533863 -0.00917155 0.00934748 -0.0024987 0.0139405 -0.00175187 0.00372753 0.00149152 -0.000991715 -0.000488965 -0.00338381 -0.00224634 -0.00168444 -0.0025343 0.00712128 
-0.00506282 -0.00520665 -0.0028213 -0.00236203 -0.00575252 0.00816567 0.00380817 -0.00165679 0.0135471 -0.00352305 -0.00156158 0.00206829 0.00397893 -0.0156201 -0.00125857 -0.0178234 0.0232375 0.00256074 -0.0156681 -0.00922994 0.00824555 -0.00365656 -0.0129189 -0.00177427 0.0025432 0.109448 0.0279479 0.00291812 -4.17085e-05 -0.000367449 0.000507162 -0.000228278 -0.000542449 -0.00726048 -0.00110758 -0.00534468 -0.0151314 -0.00419239 0.00730589 -0.0145781 -0.01678 -0.0116065 -0.000211638 -0.00273173 -0.00200516 -0.0193897 0.00139832 0.00259648 -0.010976 -0.00725512 0.00837988 -0.000680751 -0.0247056 0.00821528 0.00501259 -0.00887317 0.0139814 -0.00855514 -0.00451545 -0.000652933 -0.00249721 0.0129566 -0.000328651 0.0026274 -0.000687438 0.00501525 -0.00130508 -0.00260171 0.00650746 5.60418e-05 0.00500963 0.000345749 -0.00200106 -0.011698 -0.000419041 0.00228032 -0.00294751 2.48695e-05 -0.00031457 -0.00230197 -0.0111339 -0.00309775 -0.00189006 -0.00730254 -0.00159522 -0.00383303 0.0160005 0.0180876 0.00454956 0.023224 -0.00151573 -0.00471066 9.54392e-05 -0.00202492 -0.00129067 -0.00360681 -0.000128923 -0.00162486 -0.00490419 -0.00325548 
0.0242783 -0.00933541 -0.0101067 -0.00388193 -0.0229919 -0.0562867 0.0433869 -0.0261413 0.00987048 -0.0206588 -0.00119275 -0.00404906 -0.00775767 -0.0511195 -0.00629023 -0.0702647 0.0985483 -0.00555753 -0.045447 -0.0362089 0.018839 0.00638603 0.0269104 -0.0252509 0.0349596 0.0279479 0.235037 0.0306649 -0.00114391 -0.00254662 -0.00407214 -0.00260426 0.0160473 -0.0299558 -0.0075464 -0.0213308 -0.0170775 -0.0186927 -0.000824039 -0.0549268 -0.0474517 0.000428404 -0.0275414 -0.037467 -0.00519999 -0.0317158 -0.00294282 -0.0239611 -0.0445693 -0.0240603 0.0356619 -0.0199262 -0.0560648 0.0469498 0.0243453 0.004889 0.0977219 -0.023264 -0.00629284 -0.00749075 -0.0127724 0.0374868 0.0119044 -0.0125011 -0.00959339 -0.00529362 -0.00337568 -0.0118417 0.0155969 -0.0020531 0.0900261 -0.00836077 -0.0101505 0.0107428 -0.00770876 0.0146141 -0.00724848 0.000113148 0.00083575 -0.012442 -0.0195985 -0.021559 -0.000315702 -0.0441506 -0.00191452 -0.0123241 0.0171877 0.0726654 0.0464157 0.067003 -0.0043017 -0.00620631 -0.000248906 -0.00632063 -0.00321366 -0.00577161 -0.00659454 -0.0122464 -0.00974005 0.0115938 
0.00687531 -0.00284117 -0.000516772 -0.000990673 -0.00811645 -0.0147369 0.00594243 -0.00269964 0.00238796 0.00219993 0.00207105 -0.00423445 -0.00573441 -0.013051 -0.00139066 -0.0195652 0.0149769 -0.00287834 -0.0181168 -0.00687202 0.00946633 -0.00684621 0.0144481 -0.00975918 -0.00285675 0.00291812 0.0306649 0.111376 0.0025674 -0.00022592 0.000750735 0.00118285 0.0227734 -0.0100936 -0.00179855 -0.00536367 0.00374194 -0.0039913 -0.000989541 -0.0156894 -0.00354611 0.0084986 -0.00413875 -0.00922601 -0.00411702 0.0158312 -0.000939333 -0.00360261 -0.00975863 -0.00725472 -0.00630958 -0.00224246 -0.0104991 0.01295 0.00535425 -0.000676552 0.0156944 -0.00887633 -0.00967949 -0.00469196 0.00208125 -0.0126741 -0.00192729 -0.00356075 0.0078835 -0.00266022 -0.00124495 -0.00403161 0.000337337 -0.000731423 -0.0128644 -0.00277478 -0.000476791 -0.011991 -0.00186245 -0.00562924 -0.0020612 -0.000362821 -0.00114062 -0.00314077 -0.00261551 -0.00551278 -0.000762412 -0.0121699 0.00010755 -0.000943487 0.0145747 0.0179098 0.0169704 0.00231166 0.000977067 -0.0061051 -4.67473e-05 -0.00202983 0.000109772 0.00312195 -0.00204435 -0.00388025 0.0010662 -0.00996057 
-0.0153594 0.00777837 -0.000669761 0.000195154 -0.00719659 -0.00708589 -0.00247643 0.0114589 -0.00381292 -0.00195409 0.000859745 -0.00719539 -0.00537523 -0.00762304 0.00033602 -0.00933741 0.0191543 -0.00117808 -0.0149455 -0.00344393 0.00431872 -0.00422668 -0.0186599 -0.00575836 -0.00122039 -4.17085e-05 -0.00114391 0.0025674 0.0917863 -0.000376004 -0.00128573 0.00257303 0.000777172 -0.00279308 0.00050533 0.00579157 -0.00288752 0.00270236 0.00313367 -0.0107814 0.0151231 -0.0104235 -0.00888333 -0.00214878 0.00366581 0.00162118 0.00128879 0.0100251 -0.00878813 -0.00483665 0.0143655 0.00366034 -0.00890448 -0.00785488 -0.0044591 0.000771276 -0.0139026 0.000608184 0.00687954 -0.000355531 -0.00359759 -0.0113766 -0.00299005 -0.00609293 -0.00228113 0.00456405 -0.000999446 -0.00066954 0.00280701 0.000215273 -0.010365 -0.00123914 -0.00392966 0.00430209 0.000520619 -0.00116207 0.000727597 -0.000429485 0.00051039 0.00194759 -0.00850672 -0.00498662 0.00161199 -0.0122237 0.00136874 -0.00278021 0.020448 0.0119826 -0.00979883 0.0300492 -0.000403496 -0.00368235 -0.000172727 -0.000762522 -0.000604332 0.0120599 -0.00187433 -0.00139413 -0.00273216 -0.0026218 
-0.000894756 0.000191203 0.000119418 0.000260915 6.76813e-05 -0.000387296 -0.00135782 0.00151044 -4.1824e-05 -0.000367173 0.000178894 -0.000287107 2.23038e-05 0.00128708 -0.000203472 0.00162262 -0.00204714 -9.14902e-05 0.00104446 0.000149024 0.000471215 -0.000603018 -0.000724405 0.00137118 -0.000461407 -0.000367449 -0.00254662 -0.00022592 -0.000376004 0.00894467 0.000271411 -5.73799e-05 -0.000152599 0.00298634 0.000255971 -0.000107537 -0.00121244 -0.000507423 -0.000234578 0.000753065 0.0033057 -0.000927767 -0.000128565 0.000521816 -0.000152474 -2.01665e-05 0.000136613 -0.000889474 0.00131335 -0.000230309 -0.00153931 0.000151101 0.001698 0.000240594 -0.000645963 -0.000317771 -0.0023317 -0.000163708 0.000423935 -6.57586e-05 0.000132979 -0.0010687 -0.000303074 0.00103486 -0.000173952 -0.000482203 -4.16666e-07 0.00059026 -4.09948e-05 0.000141767 -0.00273494 -1.06171e-05 0.00127987 -0.000681968 0.000120114 -0.000591303 -0.000165844 1.06736e-05 -0.000147853 -0.000162088 0.000307454 0.000200809 6.77169e-05 0.00103042 -0.000186549 -0.000474135 -9.50627e-05 -0.00195409 -0.00258316 -0.00141003 0.000250105 -0.000352934 3.27204e-05 0.000262069 0.000216288 -7.23892e-05 7.02216e-05 -0.000220515 -0.000342737 -0.000123959 
-0.0023391 -0.000149727 -0.000833996 0.000168216 0.000434468 0.00049883 -0.00242149 0.000211293 0.000491028 0.000525947 -6.1621e-05 -0.00162639 0.00105665 0.00273744 -0.000272916 0.00309432 -0.00097989 -0.00118348 0.000442258 0.00438139 -0.00345419 0.000203872 -0.0066317 -0.00144939 -3.49897e-05 0.000507162 -0.00407214 0.000750735 -0.00128573 0.000271411 0.022647 7.92113e-05 0.000890219 0.000843364 -9.51872e-05 0.000543392 -0.0016308 -0.000626477 -3.16068e-05 0.000298185 -0.00213563 -0.00150972 0.00273857 0.0010761 -0.000120405 0.00148037 0.000955227 0.000664799 0.00327205 0.000776043 -0.00304323 -0.000352845 0.00432285 -0.000825682 -0.00164054 -0.00104555 -0.00302709 -0.000161232 -0.000466611 -0.000145722 -0.000778501 -0.00265844 -0.000705468 -0.000643628 0.00315106 0.00242916 0.000819766 0.000493584 0.000495132 0.000346515 -0.00434075 0.000174607 0.000950646 -0.000186589 0.00110655 -0.00059812 6.17665e-05 -5.33037e-05 0.000493684 3.88036e-05 -0.000433832 0.000965503 -0.000110869 0.000626751 -5.90865e-05 -0.000603405 -0.0013922 -0.00690228 -0.00040539 -0.00325849 -0.000380895 0.00144996 4.68048e-05 -0.000349372 -2.77623e-05 -0.000531309 -1.71641e-05 0.00016779 -0.00041187 -0.00167667 
-0.00136519 0.00310226 0.000745049 0.00068151 -0.00136585 -0.000278517 -0.00681528 -0.000436069 -0.000900234 -0.000565151 -0.00191157 0.00129578 -0.000550904 -0.00236625 0.000352896 -0.00254837 -0.00159368 0.000231443 -0.00349175 0.00070945 0.00364616 0.000390873 -0.00185388 -0.000703937 -0.000524857 -0.000228278 -0.00260426 0.00118285 0.00257303 -5.73799e-05 7.92113e-05 0.0239554 0.0038587 0.00127582 0.00221326 0.000729748 0.00215424 0.00287422 -0.000588269 0.00168432 -0.0003997 -0.00275589 -0.00315929 -0.0020707 -0.000360547 -0.00206871 0.000970788 -0.00131115 -0.00156284 -1.82597e-05 0.000666329 0.00205612 -0.00360518 -0.00493247 -0.00342855 -0.00193739 -0.00298367 -2.30519e-06 0.000122483 0.00111678 -0.000687144 -0.00525061 0.000647138 -0.00102334 7.98227e-05 0.00173279 -6.2203e-05 0.00173284 -0.000722781 7.93276e-05 -0.00454625 0.000433945 -0.00119549 -0.000795716 0.00062234 0.00123878 -0.000157182 0.000289333 2.85746e-05 0.000456898 0.00235802 0.00204483 -0.000501792 0.00130741 -2.74502e-05 0.00298613 0.000816827 0.000375443 -0.00455031 0.00131657 -0.000189564 -0.000462733 -0.000112311 0.00218247 0.000155199 0.00201389 -0.00034235 0.000805137 0.00127246 -0.00167136 
-0.000217533 -0.000962286 0.0063614 -6.93064e-05 -0.00281985 -0.0181397 -0.00132041 -0.00186078 0.00817597 -0.0030373 0.010873 0.000287655 -0.00112058 -0.00687364 -0.000585698 -0.00566973 0.0207753 -0.000429633 -0.00807879 0.00363753 -0.00555939 -0.00284391 -0.00661746 -0.00260734 -0.00179245 -0.000542449 0.0160473 0.0227734 0.000777172 -0.000152599 0.000890219 0.0038587 0.0636513 -0.00497276 -0.000860402 -0.00307086 -0.00337873 -0.0033537 0.000634073 -0.00465498 -0.0112382 0.00103686 -0.0104258 -0.00810283 -0.0015932 0.0077926 -0.000590072 -0.000337765 -0.00298022 -0.00349773 0.00340764 0.00172132 -0.00989176 -0.00651476 -0.00620642 -0.00371765 0.0174661 -0.00162929 0.00267039 0.000340869 0.00481118 -0.0129569 0.00162462 -0.00129174 -0.0026063 -0.000467304 0.000365277 -0.00108563 -0.00138515 -0.000238624 -0.00751268 -0.00132603 -0.00107693 -0.00638291 -0.000877082 -0.00191841 -0.00204784 -0.000105714 0.00218724 -0.000954197 -0.00135883 -0.000600285 -0.000824679 -0.000171333 -0.00133893 -0.0011526 3.21928e-05 0.00178545 -0.00173368 0.0076217 -1.15786e-05 -0.00185044 0.000740759 0.000701416 6.92137e-05 -0.00090361 -0.00112117 -0.00130673 0.00359265 -0.00378521 
-0.0166512 0.00349801 0.00726566 -0.000257692 0.000544363 -0.00723008 0.00480998 0.00730367 -0.00839348 -0.0045585 -0.00487524 0.00344212 -0.00539598 0.0169502 -0.000491956 0.018677 -0.0250586 0.00337266 0.00259816 -0.00558318 0.0161654 -0.00904752 -0.00400778 -0.00752094 -0.00406969 -0.00726048 -0.0299558 -0.0100936 -0.00279308 0.00298634 0.000843364 0.00127582 -0.00497276 0.0976417 0.00312808 0.00236781 -0.0143436 0.00132787 -0.00145496 0.0236566 0.0424081 0.0133657 -0.00468198 0.00809693 -0.00063299 0.0104538 0.00186343 0.0112143 0.0130682 -0.00561374 -0.0122675 -0.00217303 0.0323942 -0.0230276 -0.0109194 0.00822768 -0.0284994 -0.00352845 0.00478348 -0.000601592 -0.00755146 -0.0239613 0.000782127 0.00296255 -0.00299363 -0.00373775 -0.000213104 0.0181806 -0.00542959 0.000680649 -0.0254708 -0.000181845 0.0144072 -0.0137112 0.0021458 -0.00458804 -0.00349935 0.000579497 -0.00225837 -0.00250159 0.0205055 0.00289951 0.00125098 0.00695831 -0.000197732 -0.0037675 -0.0110392 -0.0144428 -0.0241072 -0.0175215 -0.00133994 -0.00333497 -2.12271e-07 0.00469383 0.0028335 -0.00155068 0.00275131 -0.000232399 0.0038071 -0.00957507 
