0.118949 0.00335962 0.0324854 -0.00106577 -0.00902525 0.00115021 0.00359759 -0.000269719 0.0059162 -0.00269822 -0.0112116 0.00522321 -0.0046432 -0.00910796 0.0386755 0.0150152 0.0174524 -0.0241336 0.0129984 0.0127874 0.00903573 -0.00432206 -0.036569 -0.0181773 0.0183835 -0.00479303 -0.0336794 0.0260382 -0.033865 -0.00210526 -0.00114956 0.0225801 0.000524069 0.00470778 -0.00527565 -0.00142042 0.00790366 -0.0110679 0.0102968 -0.0337846 0.0106781 -0.00707238 -0.0168355 0.0247507 -0.00290858 -0.00177654 -0.00287867 0.000206105 -0.00614224 -0.00172029 0.00328211 -0.0107358 0.000184271 -0.00236312 -0.0099303 -0.00701856 -0.00245721 0.000878004 0.012988 -0.00307536 -0.00337587 -0.0175662 -0.0013244 0.00174781 0.0251501 -0.00494889 0.00819363 0.00951812 6.70983e-05 -0.0112998 -0.00198761 0.00379576 -0.00251013 -0.00380094 0.00607758 1.14801e-05 -0.0235178 -0.0202844 -0.00301376 -0.000903166 -0.0222023 -0.003409 -0.00142908 0.00440636 0.0108939 -9.15655e-05 -0.00924974 0.00757642 -0.0138417 -0.00369193 -0.00920369 0.0058331 -0.0157649 -0.00386506 -0.00055862 -0.00684011 0.000804125 -0.00495204 -0.00523764 0.0140261 
0.00335962 0.0340907 0.00848636 -3.9277e-05 -0.00457617 -0.000561191 0.000577632 0.000451662 0.0108823 0.000674685 0.00300245 0.00443373 0.00524615 -1.9156e-06 0.000917277 0.00102166 0.00195234 -0.0105128 0.00182904 0.00552215 -0.00264374 -0.000466683 -0.0125551 0.00742657 -0.00117255 -0.00170519 -0.0129559 -0.000794227 -0.0103592 -0.00233039 0.0034444 0.00301099 0.000822773 -0.00041245 -0.00192912 0.000277963 0.00230418 -0.00255625 0.0014575 -0.00434896 0.00280832 -0.00418409 -0.0074434 0.00650234 -0.000408393 0.00203641 -0.00210595 0.00169453 0.00712253 -0.00158983 -0.00130556 -0.00213992 -0.00181455 -0.000502937 1.72915e-05 -0.00191252 0.000530785 0.00375357 0.0101812 -0.000705919 -0.00165055 -0.00412469 0.00184375 -0.000576945 -0.00160738 -0.00326506 0.00171629 -0.00203465 -0.000747597 0.00075658 -0.000718181 -2.27428e-05 -0.000195082 -0.00518985 0.000931354 0.000309499 -0.00636207 -0.00302935 0.00135947 0.00244111 -0.00820869 -0.00190544 -0.000440761 -0.000975135 -0.000296589 -0.000453087 0.00157176 0.000439089 -0.00552161 0.00264578 0.000208715 0.00227077 -0.00474014 -0.00136076 0.00152207 0.000437743 -0.00131321 0.00221664 -0.00660073 -0.00113516 
0.0324854 0.00848636 0.240283 -0.00513898 -0.0606238 -0.000697893 0.0134369 0.000622437 0.0394371 0.00200432 -0.0297735 0.00666969 0.00983961 -0.0190057 0.0394525 0.0203775 0.0716497 -0.0659211 0.011158 0.032505 0.0296524 -0.00462738 -0.0971229 -0.0119167 0.0501209 -0.0244915 -0.0907665 0.0380619 -0.0446389 -0.0198177 0.0646318 0.120042 0.0028356 0.040946 -0.0176173 0.0296773 0.0118731 -0.0239127 0.019582 -0.0734128 0.00601448 -0.0216889 -0.0457092 0.0341068 -0.00886559 -0.0122001 -0.0155997 0.000410314 0.0108705 0.0121009 0.00695076 -0.00125785 -0.000411967 -0.00809521 0.0122126 -0.00315786 -0.00509842 0.0117235 0.0219446 -0.00339785 -0.00739371 -0.0455772 0.000472233 0.0330768 -0.0201191 -0.0140941 0.00415986 0.0101553 -0.00825063 -0.0221303 -0.00577382 -0.002791 -0.00194642 -0.0587028 -0.0236705 -0.00588193 -0.0189391 -0.0238322 -0.00688912 -0.011952 -0.0257774 -0.0114715 -0.008053 -0.00110814 -0.0110502 -0.00104769 0.00187791 -0.00809595 -0.022481 -0.00533754 -0.0256067 0.0329254 -0.0224316 -0.00519988 -0.00611928 -0.0167599 -0.0132253 0.0823264 -0.0332095 -0.00727247 
-0.00106577 -3.9277e-05 -0.00513898 0.0367351 0.00113105 0.000498305 0.000752612 -0.00135227 -0.000160051 -0.000908003 -0.00385358 0.00231359 0.000695069 -0.00124979 -0.00500333 -0.00237112 -0.00663942 -0.00454833 -0.00231683 -0.00228918 -0.00300642 -0.000674177 -0.000610998 -0.00381128 -0.00507676 -0.00186554 -2.09125e-05 -0.000831398 -0.00809645 0.00167318 1.90766e-05 -0.00789212 -0.000313706 -0.00142288 0.00558834 -0.00456515 -0.00123536 -0.0025808 0.000892026 0.00143607 -0.000989413 -0.0053928 -0.00165242 -0.00697466 -0.00076186 -0.00264078 0.00608644 0.00025028 -0.000706062 -0.000183616 -0.000467286 -0.000159062 -0.000153437 1.2596e-05 0.000824665 -0.00166113 0.000181371 0.0036878 -0.00107626 -0.00188165 -3.12551e-05 0.0119034 -0.000559154 0.00103011 0.00195946 -0.00111154 0.000318717 -0.00156449 0.00143781 0.00332736 0.000458345 0.0009773 -0.00218911 0.00166072 0.00407789 0.000946241 0.00405577 -0.00213371 -1.75867e-05 0.00216256 0.00148001 0.00042356 0.000265634 0.0015519 -0.00028739 -0.000604584 0.00271859 0.00199483 0.000348505 0.000530944 -0.00128003 0.00250671 0.0060086 -0.00118038 0.00506537 0.00284098 0.00137088 -0.010155 0.0021547 -0.00159989 
-0.00902525 -0.00457617 -0.0606238 0.00113105 0.165348 0.00201248 0.000200786 0.00143497 -0.0141292 -0.00408415 -0.0246664 -3.81e-05 -0.0126201 0.00795481 -0.0294445 -0.0161824 -0.0395868 0.0502321 -0.0138213 -0.0162319 -0.020172 -0.00314909 0.0515569 0.00717314 -0.0290353 0.00357715 0.0635652 -0.0163767 0.0190907 0.00609176 -0.00317123 -0.046002 -0.00468332 -0.0199537 -0.00885917 -0.0297417 -0.00853925 0.00791629 -0.012131 0.0401055 -0.00877894 0.019508 0.048556 -0.0261035 0.00294076 0.00721525 0.00253814 0.000122066 -0.0106246 -0.00825498 -0.00769336 -0.0013816 0.000401065 0.00434256 -0.00402725 0.00702928 -0.00140264 -0.00886509 -0.0216457 -0.00662879 0.0101066 0.0260877 -0.00369506 -0.0176439 0.00273609 0.00304028 -0.00228221 -0.00589715 0.00074662 0.00460904 -0.00113644 0.000522017 0.0030036 0.017724 0.00420033 -0.00549889 0.00481101 0.00311731 0.00552183 -0.00882839 0.0447736 -0.000827555 -0.00560128 0.00175358 -0.00100175 0.000349433 0.00342645 -0.0105624 -0.0214893 -0.00707123 -0.00588642 -0.00823374 0.0256815 -0.00773979 -0.000162296 -0.00997366 -0.00318253 -0.0244289 0.0275929 -0.00645414 
0.00115021 -0.000561191 -0.000697893 0.000498305 0.00201248 0.0482916 0.00145219 0.00237087 -0.00450967 0.00186192 -0.00107796 -0.00250235 -0.00418468 0.000709153 -0.00513722 -0.00745307 -0.00192656 -0.00609743 -0.00195387 -0.00275762 -0.00521388 -0.000750176 -0.00651989 -0.000973197 -0.00120201 0.0013495 0.00193224 -0.00185054 -0.00262883 -0.00217423 0.000754547 -0.00152167 -0.000674476 -0.00360019 -0.00307544 -0.00403344 -0.000259364 -0.00539955 -0.00186746 0.00255035 -0.000455348 0.000107399 0.00967899 -0.000164969 -0.000244974 0.000315254 -0.000210538 -8.89071e-06 0.00154575 0.00304472 -0.00212333 0.00404154 -0.00208145 -0.000211065 0.00446083 -0.000288182 -0.00020574 -0.00262869 -0.00214469 0.00530879 -0.00128711 0.00488401 0.00152805 0.00695978 -0.00406473 0.0081061 0.00367731 -0.00343442 -0.00033892 -0.000806748 -3.32806e-05 0.000324598 -0.0025681 -0.00468719 0.000990053 0.00217173 -0.00198833 -0.00508985 0.000271939 0.000230157 0.00667012 -0.00176413 -0.00103676 -0.0013917 -0.00281731 0.00147726 0.000354709 0.00102838 0.000540787 0.000370739 0.0016552 -0.00479446 -0.000196189 0.00108918 -0.00131677 0.00086863 -0.00242256 -0.00537322 -0.00075953 0.000907675 
0.00359759 0.000577632 0.0134369 0.000752612 0.000200786 0.00145219 0.089527 0.00274687 -0.0064049 0.00439638 3.68116e-05 -0.00400006 0.00420212 -0.00160406 -0.000387183 0.00546808 0.0089698 -0.0148108 -0.0013749 -0.00173098 -0.000350672 -0.00190519 -0.00908405 0.0114035 0.00205352 0.00201575 -0.0131218 -0.0029002 -0.0191866 -0.00486642 0.0107658 0.00609104 -0.000621809 -0.00838396 -0.00669356 -0.00258969 0.0046131 -0.0126932 -0.00633135 -0.0239394 -0.000541506 -0.006095 -0.00194907 0.00908385 -0.00104371 0.000699418 -0.00279992 -0.000366954 0.00263577 0.00257901 -0.00397273 -0.00201831 -0.0062085 -0.00208933 0.0134685 -0.00128527 0.000866825 -0.00269451 0.00371821 -0.00467464 0.000891689 -0.000620205 -0.0011932 0.00664024 -0.00350697 -0.00167174 0.0047128 0.00241409 0.00321752 0.00771404 -0.00228133 0.000891865 -0.00137688 -0.00985933 0.00189867 0.000911923 -0.00494546 -0.0102426 -0.00102067 -0.00135336 0.00488448 -0.00176703 -0.0037815 0.00123659 -0.000352574 -0.000606317 0.00016525 -0.00457723 -0.00347203 -0.000881657 0.000321859 -0.00549727 -0.00404295 0.0045289 -0.0045862 0.00381836 -0.00240792 0.00368953 -0.00549911 0.00096699 
-0.000269719 0.000451662 0.000622437 -0.00135227 0.00143497 0.00237087 0.00274687 0.047339 -0.000468554 0.000383224 0.000933725 -0.00107429 -0.0018711 -0.00170953 -0.00536306 -0.00753523 -0.00274534 0.00529132 -0.00175003 0.000236535 -0.00637564 -0.00133594 -0.00940816 -0.00741141 -0.00465372 0.00179168 -0.00558457 -0.00641604 0.00414184 0.0031233 0.00207456 -0.00438876 -0.000320709 0.00188624 -0.0030154 0.000738744 0.00138777 -0.00210272 -0.00206235 0.000247648 0.000320845 0.0130933 0.00899799 0.00749022 0.00136686 -0.000194288 -0.00110488 0.00403375 -0.00026405 -0.00101933 -0.000965508 -0.00177107 0.0070882 0.000336031 -0.00443797 -0.00286573 -9.4909e-05 -0.00312326 0.00302773 0.00218753 0.00629101 -0.00280731 0.00155058 -0.00402746 -0.00233086 0.00915664 -0.000453819 0.00236126 -0.00098821 -0.00329335 0.00042155 0.000110081 -0.00289187 0.00126767 0.000252005 -0.00180304 -0.00395764 0.0020058 0.00172148 -0.00126317 -0.000886901 -0.000844561 -0.00224656 -0.000903304 -0.002539 -0.000433542 -0.00109571 -0.00150383 -4.78644e-05 -0.00231672 0.00289797 -0.00323212 -0.00652195 -0.000397803 -0.00231466 -0.00147939 0.000315525 -0.00753013 -0.00413857 0.00180839 
0.0059162 0.0108823 0.0394371 -0.000160051 -0.0141292 -0.00450967 -0.0064049 -0.000468554 0.156698 -0.000771071 0.00811712 0.0178525 0.0168502 -0.00436632 0.0130347 -0.00820412 0.00249187 -0.0140224 0.00400917 0.0151333 -0.0132369 -0.00381016 -0.0348734 0.000104966 -0.00346134 -0.0119366 -0.0553754 0.0186037 -0.0287109 -0.0161338 0.0124778 0.0170653 -0.001769 0.00122815 0.00285732 -0.00304642 0.00449049 -0.0235601 0.0364707 -0.0270019 0.00839093 -0.0115993 -0.0277675 0.0159236 -0.00464662 -0.0117072 -0.00782825 -0.00181878 0.00215027 0.0117468 0.00698323 -0.00119284 0.0184737 0.000327153 -0.00170387 -0.00677629 -0.000417783 0.0181583 0.0129721 -0.0140727 -0.00434904 -0.0195199 0.00373583 0.00435252 -0.00361859 -0.0142618 -0.00352949 0.00215456 -0.00232791 0.00208839 -0.00558355 0.000183132 -0.00153614 -0.0234701 -0.0101999 -0.00185424 -0.0103509 -0.0143065 -0.000879977 5.51365e-06 -0.00254541 -0.0101317 -0.0051906 -0.000858395 -6.55851e-05 -0.0022087 -0.00376925 0.00122236 -0.00621535 0.00825804 0.00102121 0.0250744 -0.0200722 -0.0090071 0.0203569 -0.0046584 -0.00213504 0.0257378 -0.0214692 -0.00343877 
-0.00269822 0.000674685 0.00200432 -0.000908003 -0.00408415 0.00186192 0.00439638 0.000383224 -0.000771071 0.0395248 0.000767464 0.000844285 0.00127976 0.00112981 0.00334105 -0.00352633 0.0115092 -0.0100734 -0.000342161 0.00249463 -0.00270995 -0.000785817 -0.00904315 0.00232427 0.00431158 -0.00134531 -0.00882518 0.00259825 -0.00853356 -0.00128385 -0.000868268 0.0053276 0.00145993 -0.00255554 -0.00344549 -0.000627081 -0.00238202 -0.00451361 -0.00322025 -0.000898609 0.00169455 -0.00456171 -0.00859239 0.00330126 -0.000794199 0.000824726 -0.000583063 0.000205296 0.00312678 0.000203228 0.00267589 -0.00274124 -0.00302737 0.00112477 -4.58908e-05 -0.00345442 -0.000267449 -0.0018613 -0.00143193 -0.001257 -0.00160434 0.000389998 0.0011689 0.0031872 -0.000767713 0.0022126 0.00133892 -0.000882194 0.000454377 -0.00423593 0.000774857 0.00127314 -0.00197765 -0.00220437 0.0040715 0.00524539 -0.00325865 -0.00297993 0.00082961 0.00451997 -0.00118909 -0.000225853 -0.00149339 0.000597139 -0.00140402 0.00257957 3.30526e-05 0.00597013 -0.00389206 0.000336914 0.00135616 -0.000326782 -0.00314875 0.00142493 -5.81823e-05 1.71911e-05 0.00187448 -0.00122038 -0.00299175 -0.0031257 
-0.0112116 0.00300245 -0.0297735 -0.00385358 -0.0246664 -0.00107796 3.68116e-05 0.000933725 0.00811712 0.000767464 0.142003 -0.000108479 0.0049528 -0.00624819 0.0133085 0.0069427 0.0102665 -0.0109505 0.0174202 -0.00457624 -0.00850694 0.00748209 0.00267847 -0.0157369 0.0133304 0.00681242 -0.0361441 -0.00775908 -0.0378085 0.0071737 -0.0194479 -0.00367452 0.00107068 -0.0075064 0.00190078 0.016842 0.0112635 -0.0130187 0.00196151 -0.0123567 0.00529224 -0.0158435 -0.0332337 -0.00612221 0.00131754 -0.00606451 0.000726347 0.00151883 -0.00820866 -0.00401791 0.00398738 -0.00390169 -0.00746689 0.000610954 -0.00642524 0.0181963 0.0055163 0.00336818 0.0108224 -0.00714261 0.00169124 -0.00187312 0.000162959 0.000524544 -0.0030155 -0.00923499 0.000490349 -0.00878454 0.00404599 0.0136755 0.00101979 -0.000190962 0.00843468 0.00490524 0.0106738 0.0103735 -0.0188102 0.00131921 -0.00356064 0.0111429 -0.0211757 0.0155327 0.00449169 -0.00124632 -0.00657997 0.0011203 -0.0139806 0.00443817 -0.00371537 0.00583792 0.0326587 -0.0198602 -0.0136034 0.0243167 -0.00565942 0.030806 -0.0036646 -0.0150406 -0.00446959 -0.00996606 
0.00522321 0.00443373 0.00666969 0.00231359 -3.81e-05 -0.00250235 -0.00400006 -0.00107429 0.0178525 0.000844285 -0.000108479 0.0726566 0.0110029 -0.00540827 0.00801369 0.00352773 -0.00323763 -0.0127093 -0.00608184 0.00661454 -0.00120467 0.00434514 -0.0181311 -0.0131924 -0.00860226 -0.00168046 -0.0177863 0.00617663 -0.0238946 0.00215344 -0.000208527 -0.00774151 -0.000549623 0.00354433 0.00945375 -0.0108404 0.00353654 -0.00451773 0.0129924 -0.00913537 0.00861434 -0.00823508 -0.0160178 -0.0140816 -0.000757915 -0.00503842 -0.0015021 0.0017786 0.00710631 -0.000415289 0.00336229 -0.000261073 0.00413887 -0.000886482 0.00378849 -0.00615844 -0.000221651 0.00932995 0.000931401 -0.00553571 0.00276035 -0.000381969 0.00152518 0.00354065 0.0103061 -0.0102194 0.000514653 -0.0017408 0.000867559 0.00139125 -0.000190842 -0.00053511 -0.00115142 0.00644329 0.00986231 0.00157572 -0.00491626 -0.0119137 -0.00228544 0.00226501 -0.01089 -0.00125799 0.0060296 -0.000634147 0.00165022 0.00177338 0.0061997 -0.00231941 -0.00743636 0.00344124 -0.00335843 0.0155631 -0.00585648 -0.0019454 0.0129494 -0.00547187 -0.00225318 -0.00857957 -0.0110179 -0.00295128 
-0.0046432 0.00524615 0.00983961 0.000695069 -0.0126201 -0.00418468 0.00420212 -0.0018711 0.0168502 0.00127976 0.0049528 0.0110029 0.087108 -0.00137191 -0.00416859 0.00519821 -0.00564881 -0.00332179 -0.00368062 0.0100063 0.000608674 -0.00178497 -0.0109645 0.00422851 0.00199119 -0.00197912 -0.0187412 0.0148839 -0.0224018 -0.00157963 0.00586924 -0.0015542 -0.000913789 -0.00269621 0.000264046 -0.00793314 0.00243438 -0.000360111 -0.00206595 -0.0133856 0.00332931 -0.0107475 -0.01888 -0.0114694 -0.00166984 -0.00778724 -0.00347201 0.00136564 0.0114265 0.0035566 0.00414153 -0.00462165 -0.00203188 -0.000624714 0.018911 0.00278792 -0.000755226 0.000999884 0.00988468 -0.002671 -0.0034835 -0.00417743 0.00230571 0.00711482 -0.00533375 -0.00983832 0.00585554 0.00082369 0.00109115 -4.33346e-05 -0.00274337 -0.000126999 0.00835639 -0.00925387 0.0047069 0.00198361 -0.00853381 -0.00888035 0.00235359 0.00346655 -0.0198387 -0.00299718 -0.00374006 -0.00117057 0.00881656 -0.000114502 0.00191989 -0.000781423 -0.00645247 -0.00122585 -0.000998512 0.00932212 -0.0100438 -0.00262552 0.00382512 -0.00180639 0.000616697 0.00922686 -0.0114435 -0.00659461 
-0.00910796 -1.9156e-06 -0.0190057 -0.00124979 0.00795481 0.000709153 -0.00160406 -0.00170953 -0.00436632 0.00112981 -0.00624819 -0.00540827 -0.00137191 0.0803 -0.0097759 0.000579207 -0.016534 0.0207383 -0.00652833 -0.00619136 -0.0121614 -0.00259026 0.0212457 0.0134398 -0.012987 0.00309743 0.0263254 -0.0099376 0.0240034 -0.00275288 -0.0136824 -0.0182118 -0.000238731 -0.0087014 -0.00772104 -0.00246106 -0.00510013 0.00424894 -0.00926397 0.024344 -0.00268895 -0.000257738 0.0162069 -0.00766124 -6.10299e-05 0.00255573 0.00294849 -0.000505811 -0.000707101 -0.00605019 -0.00257782 -0.00166223 -0.0045397 0.00171829 -0.0100966 -0.000692202 0.00134582 -0.0063548 -0.00513913 0.00429376 -0.00367865 0.000774335 0.000162137 -0.0134194 -0.00517477 0.0113812 -0.00283683 -0.00546349 -0.000605469 0.00323872 -0.00120043 -8.56181e-05 -0.00257834 0.00193484 -0.0055477 -0.00242141 0.00120761 0.00455815 0.00302691 -0.00266059 0.0092547 -0.00169858 -0.00183934 -0.0024133 0.00272431 0.000188808 0.00377766 0.000526974 0.00158829 -0.00473454 0.00351812 -0.00952001 0.0117363 -0.00331397 0.000321694 0.00334337 -0.00302198 -0.0101401 0.00338353 0.00242923 
0.0386755 0.000917277 0.0394525 -0.00500333 -0.0294445 -0.00513722 -0.000387183 -0.00536306 0.0130347 0.00334105 0.0133085 0.00801369 -0.00416859 -0.0097759 0.156835 0.0479002 0.0700809 -0.0344088 0.0221806 0.0223646 0.0117623 -0.000541522 -0.0570164 -0.0190499 0.0450304 -0.0108197 -0.0697908 0.0318121 -0.067016 0.00354032 0.000380943 0.0513505 0.00512493 -0.00825128 -0.0161385 0.0485633 0.0214171 -0.0296814 0.00328428 -0.049487 0.0158937 -0.0182512 -0.045689 0.0434153 -0.00550541 -0.00612391 -0.00702381 -0.00171912 0.00028215 -0.00219634 0.00408969 -0.00584274 -0.015129 -0.00247645 -0.0140044 -0.00976428 -0.00325414 -0.001723 0.004785 -0.0134145 -0.00302209 -0.0274025 -0.000608568 0.00745993 0.0274072 -0.0152458 0.000693638 0.00366903 -0.00233209 -0.0176251 -0.0032968 0.00233642 -0.0113288 -0.00659652 0.0238765 0.00107719 -0.0307053 -0.0108094 -0.00422582 0.0177597 -0.0188991 0.00183997 0.00582399 -0.00198825 -0.000827444 -0.00129161 -0.0196303 0.0266658 -0.0278149 -0.00224522 -0.00905484 0.00463574 -0.0277762 0.0051159 0.00530947 -0.00985075 0.000887406 -0.0118503 -0.0352431 0.0118746 
0.0150152 0.00102166 0.0203775 -0.00237112 -0.0161824 -0.00745307 0.00546808 -0.00753523 -0.00820412 -0.00352633 0.0069427 0.00352773 0.00519821 0.000579207 0.0479002 0.171934 0.0366252 -0.00621883 0.00685178 -0.00324484 0.0399827 0.000630912 -0.00127534 -0.0261881 0.0416681 -0.00300124 -0.043665 0.0321586 -0.0323283 0.00675193 -0.039666 0.0287593 0.0016139 -0.0136015 -0.0146725 0.0395591 0.0152178 -0.0208892 0.00403087 -0.0511151 0.00508211 -0.0246056 -0.0457026 0.0111385 -0.000689699 0.000567962 -0.000711194 -0.00300403 -0.015898 -0.00880521 -0.00326171 -0.00588249 0.00310294 0.00352849 -0.00168504 0.00959695 -0.00165902 0.000925283 0.0190901 -0.000594319 -0.00691381 -0.0284776 0.000239576 0.00582213 0.0189731 -0.0135343 0.0056183 0.0129592 0.00583544 0.0115959 0.00224486 0.000314648 0.00519152 0.0119837 0.011156 -0.00247448 -0.0484188 -0.00474964 0.00314841 -0.00344683 -0.0535873 0.000729507 0.00977386 -0.000465377 0.0295002 0.00228592 -0.0186918 0.0124865 -0.0277364 -0.00562072 -0.00558463 -0.0252511 -0.0170885 0.00614604 -0.015566 0.00484575 -0.00719773 -0.022742 -0.0165034 -0.00801071 
0.0174524 0.00195234 0.0716497 -0.00663942 -0.0395868 -0.00192656 0.0089698 -0.00274534 0.00249187 0.0115092 0.0102665 -0.00323763 -0.00564881 -0.016534 0.0700809 0.0366252 0.212573 -0.0745691 0.0269984 0.0164243 0.0254559 -0.00154365 -0.0897759 -0.000309659 0.0557009 -0.00759063 -0.095829 0.0274168 -0.0588653 -0.00354364 0.0343205 0.0901702 0.00882083 0.0190445 -0.0151021 0.0625394 0.0140558 -0.0383185 0.00760381 -0.0626593 0.00442273 -0.0322008 -0.066791 0.0672461 -0.00802182 0.00678687 -0.0145884 -0.00294558 0.00902503 -0.00566795 0.00381749 -0.00665283 -0.012951 -0.00383421 0.00215646 -0.0145945 -0.00500497 0.00734593 0.00787291 -0.00194762 -0.00955876 -0.0393091 0.00545303 0.0372232 0.00378581 -0.0152138 0.00724861 0.00664206 0.000516659 -0.0250853 -0.00586998 0.00290073 -0.00864899 -0.0268763 0.013366 0.0072318 -0.0207361 -0.0162514 -0.00333843 0.0160021 -0.0268562 -0.008478 -0.00136311 0.000741871 -0.0157366 -0.00171506 -0.0187214 0.0260684 -0.0338663 -0.00141762 -0.0145878 -0.00658568 -0.0403658 0.00653659 -0.0174892 -0.010884 -0.00418308 0.0242439 -0.0305932 0.00460062 
-0.0241336 -0.0105128 -0.0659211 -0.00454833 0.0502321 -0.00609743 -0.0148108 0.00529132 -0.0140224 -0.0100734 -0.0109505 -0.0127093 -0.00332179 0.0207383 -0.0344088 -0.00621883 -0.0745691 0.249384 -0.0252832 -0.0261124 -0.0383813 -0.00645387 0.102432 0.00985336 -0.0298664 0.00138486 0.0924766 -0.00424693 0.0769555 0.0108676 -0.0439819 -0.0533904 -0.0068184 -0.0341628 -0.0357161 -0.0100908 -0.0132744 0.0193739 -0.0078785 0.0778463 -0.016415 0.0342446 0.0596479 -0.0227792 -0.00177646 0.00149057 0.0109879 0.00225542 -0.00638846 -0.0180442 -0.0162106 0.000680291 0.00502924 0.00175823 -0.022597 0.00912821 -0.00172459 -0.0316488 -0.0164619 0.00085305 0.0135451 -0.011446 -0.00221503 -0.0571235 0.0047829 0.0236294 -0.0109831 0.00242844 0.000543784 0.00562098 0.00514934 -0.00255289 0.00861593 0.031153 -0.00982271 -0.0122176 -0.0183968 0.028366 0.00530839 -0.0150763 0.0586082 0.00871593 -0.00271655 -0.00891481 0.0247278 -0.00508924 -0.00042864 -0.0119421 0.0209358 -0.0192391 0.00762887 -0.0471249 0.0106152 -0.0106984 -0.020827 -0.0179384 -0.0126498 -0.0225704 0.00865891 -0.00997017 
0.0129984 0.00182904 0.011158 -0.00231683 -0.0138213 -0.00195387 -0.0013749 -0.00175003 0.00400917 -0.000342161 0.0174202 -0.00608184 -0.00368062 -0.00652833 0.0221806 0.00685178 0.0269984 -0.0252832 0.107371 0.00475274 -0.00188939 -0.000133075 -0.0273997 -0.0160948 0.0298444 0.00138883 -0.0276276 0.000289654 -0.0210277 -0.00908441 -0.00477318 0.0248755 -0.000203126 0.0136911 -0.00158783 0.0139791 0.0152211 -0.00668308 0.00993489 -0.0245738 0.00475883 -0.0165381 -0.0284504 0.0270288 -0.000303628 -0.000240445 -0.00190308 -0.00173638 -0.00418739 -0.00397003 0.00274685 -0.00211663 -0.00943272 -0.00120719 -0.0154042 0.00646718 -0.0016832 0.00784637 0.0106376 -0.00539684 -0.00630241 -0.00195026 0.000924604 -0.019605 0.00652997 -0.00858136 0.00260684 -0.00342684 4.81315e-05 -0.00872772 0.00173129 2.51095e-05 0.00214611 -0.0117917 -0.00526613 -4.21496e-05 -0.0203518 0.000993866 -0.0035819 0.00104728 -0.0281395 -0.00319023 0.00262975 -0.000696698 0.00483619 0.00136661 -0.00171671 0.0140137 -0.00497766 0.00384902 0.00137364 -0.00299322 0.012102 0.00247985 -0.00798006 0.014929 0.000702326 -0.00535439 -0.0104096 -0.0067481 
0.0127874 0.00552215 0.032505 -0.00228918 -0.0162319 -0.00275762 -0.00173098 0.000236535 0.0151333 0.00249463 -0.00457624 0.00661454 0.0100063 -0.00619136 0.0223646 -0.00324484 0.0164243 -0.0261124 0.00475274 0.083134 0.000803138 1.21764e-05 -0.0233073 0.00279312 0.0102857 -0.00392244 -0.0326609 0.00777048 -0.013751 -0.00782908 0.0118216 0.0245606 0.00465154 0.0102528 -0.00980386 0.00765774 0.00979793 -0.00941481 -0.000646964 -0.0249974 0.00882571 -0.00562542 -0.0193475 0.0189831 -0.00203291 -0.00375463 -0.0046138 -0.00134522 0.0122082 -0.000641687 -0.00090871 -0.00614427 -0.00502047 -0.00151211 -0.00134848 -0.00313716 7.80507e-06 0.00393176 0.00802292 -0.00303361 -0.00152133 -0.0157947 0.00163398 -0.0039373 -0.00326587 -0.00734727 -0.000366474 0.00399166 -0.00175029 -0.0084579 -0.002156 -0.000524585 -0.00350878 -0.0126925 -0.00611069 -0.00169963 -0.00453699 -0.0041573 -0.00270382 -0.00134801 -0.0185343 -0.00463678 -0.00231974 -0.00223566 -0.00158767 -0.00118329 0.000636014 0.00482966 -0.00809659 -0.000857561 -0.00446253 0.0236105 -0.0116058 -0.00350504 0.000681204 -0.00333924 -0.00119426 0.0161277 -0.0176986 0.005198 
0.00903573 -0.00264374 0.0296524 -0.00300642 -0.020172 -0.00521388 -0.000350672 -0.00637564 -0.0132369 -0.00270995 -0.00850694 -0.00120467 0.000608674 -0.0121614 0.0117623 0.0399827 0.0254559 -0.0383813 -0.00188939 0.000803138 0.166429 -0.00215013 0.0150306 -0.0383389 0.0308806 0.00502599 -0.0203278 0.0351734 -0.0143961 -0.00793589 -0.0292662 0.0392813 -0.000873633 0.0130432 0.0224858 -0.00116988 0.00051508 0.0063024 0.0137856 -0.0347821 0.00345393 -0.0153004 -0.0211005 -0.0393389 0.00178221 -0.0108053 -0.00643981 -0.00274551 -0.0189881 -0.00445202 0.00683292 -0.00159192 0.00705457 -0.00178783 0.00695212 0.00699693 0.00155154 0.0144101 0.00355839 -0.00126565 -0.00980913 -0.01824 -0.00372768 0.0159349 -0.00326182 -0.00700905 0.00302294 0.00996186 0.00485721 0.00611335 -0.0015594 -0.00176048 0.00959351 -0.0105582 -0.0173604 -0.00398132 -0.0137371 -0.0104758 -0.00457451 -0.0114492 -0.0552358 0.0029845 -0.00681933 0.00918621 0.012862 0.00519506 -0.0170949 -0.00989992 -0.0153778 0.012021 -0.000165662 -0.00242689 -2.16115e-05 0.00409286 -0.010568 0.00651315 0.00140425 0.0190182 -0.00190487 -0.0146798 
-0.00432206 -0.000466683 -0.00462738 -0.000674177 -0.00314909 -0.000750176 -0.00190519 -0.00133594 -0.00381016 -0.000785817 0.00748209 0.00434514 -0.00178497 -0.00259026 -0.000541522 0.000630912 -0.00154365 -0.00645387 -0.000133075 1.21764e-05 -0.00215013 0.0462199 0.00553411 -0.0101978 -0.00544304 0.00526701 -0.00353706 -0.00457631 -0.00172631 -0.00147847 -0.00837254 -0.00565072 0.00083664 0.00641213 0.0070434 0.00334322 0.00150755 0.000832656 -0.00190779 -0.00784521 0.0027926 -0.00186965 -0.00313502 -0.00342032 0.00370029 -0.00317396 0.000433456 -0.000479652 -0.00249841 -0.00153366 0.00348143 0.00307977 -0.0023693 4.12371e-05 -0.0019935 0.0015885 0.00688244 -0.00187501 -0.00182264 0.000801138 0.0015119 -0.0001063 7.54625e-05 -0.00333871 -0.00171386 -0.000738703 -0.000502557 -0.00129189 -1.98489e-05 0.00355534 0.00274359 -0.000514023 0.00142026 -0.00420538 0.000665201 -0.000231588 -0.000535022 0.0112484 0.000425617 0.000202696 -0.0106756 0.00490761 0.00976968 0.000766029 -0.00244819 0.00097943 -0.000400126 -0.000520144 0.00782615 0.000439747 -0.000208699 0.000881575 -0.0013393 -0.000641678 -0.00122633 0.00167492 -0.00179683 -0.0124451 0.000513816 -0.00504489 
-0.036569 -0.0125551 -0.0971229 -0.000610998 0.0515569 -0.00651989 -0.00908405 -0.00940816 -0.0348734 -0.00904315 0.00267847 -0.0181311 -0.0109645 0.0212457 -0.0570164 -0.00127534 -0.0897759 0.102432 -0.0273997 -0.0233073 0.0150306 0.00553411 0.245362 0.00396486 -0.0317169 0.0189499 0.118442 -0.0104276 0.0932678 0.00432021 -0.0854132 -0.0539287 -0.00799376 -0.0268321 0.00140961 -0.0377186 -0.0113082 0.043232 -0.0285354 0.0611885 -0.0105892 0.0196124 0.0454935 -0.0655245 0.00904875 -0.00741948 0.0180299 -0.00552691 -0.0249528 -0.0246982 -0.0123498 0.010951 0.00915337 0.00443515 -0.026295 0.0290093 0.00154991 -0.0230643 -0.0262791 0.00178438 0.00131802 0.0120614 -0.00977117 -0.0567199 -0.00806213 0.0189756 -0.0164882 -0.00187914 0.0075281 0.024634 0.00263809 -0.00307223 0.00220045 0.045414 -0.0254379 -0.011061 -0.00958797 0.0490428 -0.00219937 -0.0220341 0.000754634 0.0120646 0.00296013 -0.0057617 0.0170967 0.0037867 -0.0129846 -0.0250053 0.0361771 -0.0032123 0.0226852 -0.046095 0.0389409 -0.00432514 -0.0208318 0.0135683 -0.00485512 -0.0265237 0.0510488 -0.0204399 
-0.0181773 0.00742657 -0.0119167 -0.00381128 0.00717314 -0.000973197 0.0114035 -0.00741141 0.000104966 0.00232427 -0.0157369 -0.0131924 0.00422851 0.0134398 -0.0190499 -0.0261881 -0.000309659 0.00985336 -0.0160948 0.00279312 -0.0383389 -0.0101978 0.00396486 0.23249 -0.0321815 -0.00140173 0.0322554 -0.00416527 0.0209564 -0.000385451 0.00884759 -0.00852573 -0.00119592 -0.0267979 -0.0253532 -0.00952158 0.00478293 -0.0040338 -0.0302257 0.0701654 -0.00654231 6.69452e-05 -0.000416819 0.0238315 -0.00871882 0.0295659 -0.0133262 -0.00268654 0.0375122 -0.0166534 -0.0130468 0.0113651 -0.0197694 -0.00637822 0.0108049 -0.0140879 -0.00267891 -0.0234507 -0.0106737 -0.00961642 -0.00567335 0.00179817 -0.0011607 0.00531479 -0.0190841 -0.0141904 -0.00796773 -0.00931167 -0.00332302 -0.0120384 -0.0027216 -0.00134872 -0.0110676 -0.00664157 -0.0116909 0.0028468 -0.000462868 -0.0149366 -0.00732336 -0.00306158 0.0548274 -0.0104079 -0.0140606 -0.00871373 -0.0149977 -0.00660604 0.0124053 -0.0104482 -0.0101708 -0.00924182 0.00361507 0.00574919 -0.00321135 -0.0078824 -0.0035695 -0.00421429 -0.0102165 0.0512341 0.0100796 0.02575 
0.0183835 -0.00117255 0.0501209 -0.00507676 -0.0290353 -0.00120201 0.00205352 -0.00465372 -0.00346134 0.00431158 0.0133304 -0.00860226 0.00199119 -0.012987 0.0450304 0.0416681 0.0557009 -0.0298664 0.0298444 0.0102857 0.0308806 -0.00544304 -0.0317169 -0.0321815 0.139004 -0.00701947 -0.0569855 0.0443619 -0.0460317 -0.00248987 -0.00254252 0.0717789 0.00245628 -0.0135007 -0.00947167 0.0348134 0.00757937 -0.0169917 0.000125047 -0.0506009 0.00490535 -0.0193901 -0.0410223 0.0189126 -0.00363655 -0.00542847 -0.00737516 -0.0023626 -0.00772199 -0.00319634 0.00885218 -0.00523336 -0.00340037 -0.000583002 0.000153272 0.0024913 -0.00174206 -0.00794118 0.0162802 -0.00869059 -0.00953622 -0.0186921 -0.000730346 0.014542 0.00598958 -0.008435 0.00917501 0.00536254 0.000320315 -0.0026862 -0.00332158 0.00118917 -0.00305716 -0.0190026 -0.000963588 -0.000792007 -0.026761 -0.00497333 -0.00472222 -0.00042088 -0.0441785 0.00406583 -0.00158161 0.000870741 0.00242503 0.000447079 -0.0117798 0.0140263 -0.0211914 0.00191241 -0.000954204 -0.0112317 -0.0136029 0.0124314 -0.010732 0.0108702 -0.00437992 0.00328558 -0.0189871 -0.010758 
-0.00479303 -0.00170519 -0.0244915 -0.00186554 0.00357715 0.0013495 0.00201575 0.00179168 -0.0119366 -0.00134531 0.00681242 -0.00168046 -0.00197912 0.00309743 -0.0108197 -0.00300124 -0.00759063 0.00138486 0.00138883 -0.00392244 0.00502599 0.00526701 0.0189499 -0.00140173 -0.00701947 0.0764777 0.00923909 -0.00620635 0.0066548 -0.00579834 -0.0163644 -0.0154507 -0.00102637 -0.0044983 0.00647989 -0.00613712 0.00106407 0.00851083 -0.00677848 0.0105095 0.000244222 0.00181673 0.00857087 -0.00785575 0.00187638 0.00632381 -0.00331669 0.000324244 0.0014733 -0.00589149 0.000406932 0.000370882 -0.00197052 0.00395631 -0.0072586 0.00921655 0.00200425 -0.00420848 -0.00356167 0.00177659 -0.000234523 0.00411687 0.000489907 -0.0109546 -0.00353901 0.00267741 -0.00141261 -0.00107174 0.00668847 0.000829064 -0.00204547 -0.000314628 -0.0017027 0.0104932 -0.00449911 -0.00116412 -0.00671052 0.0110262 -0.00373001 -0.0022666 -0.00933454 0.00100096 0.00113496 -3.17849e-05 -0.00117934 0.00531776 0.00401957 -0.0019695 0.00331635 0.000886717 0.00706905 -0.00742016 -0.000551485 0.000830521 -0.0057443 0.00593438 0.000374803 -0.0171243 -0.00697584 -0.00431167 
-0.0336794 -0.0129559 -0.0907665 -2.09125e-05 0.0635652 0.00193224 -0.0131218 -0.00558457 -0.0553754 -0.00882518 -0.0361441 -0.0177863 -0.0187412 0.0263254 -0.0697908 -0.043665 -0.095829 0.0924766 -0.0276276 -0.0326609 -0.0203278 -0.00353706 0.118442 0.0322554 -0.0569855 0.00923909 0.241309 -0.04042 0.115098 0.00067686 -0.0479815 -0.0726067 -0.00885944 -0.023765 0.00765935 -0.0527265 -0.025012 0.0512455 -0.0427234 0.107357 -0.0150184 0.0453214 0.101382 -0.0446884 0.00592169 0.0170692 0.0144036 -0.0021727 -0.00660397 -0.0230478 -0.00943475 0.00858855 -0.00468806 0.00237012 -0.0175822 0.000296264 -0.00127502 -0.0317469 -0.0417485 0.00470802 0.000579388 0.0348755 -0.0100818 -0.0491122 -0.0152656 0.0247669 -0.0154777 -0.0207282 -0.00692741 0.000405337 0.00481433 -0.00381324 -0.000657546 0.0435723 -0.0317307 -0.0100736 0.0327259 0.0295285 -0.00289501 -0.017871 0.0473293 -0.0038555 0.00220715 -0.00744493 0.00139421 0.00134941 0.0220069 -0.0268886 0.0446555 -0.0142316 -0.00754419 -0.0266002 0.0474758 -0.0147741 -0.00876636 -0.00938982 0.00250173 -0.0218579 0.062452 0.0112299 
0.0260382 -0.000794227 0.0380619 -0.000831398 -0.0163767 -0.00185054 -0.0029002 -0.00641604 0.0186037 0.00259825 -0.00775908 0.00617663 0.0148839 -0.0099376 0.0318121 0.0321586 0.0274168 -0.00424693 0.000289654 0.00777048 0.0351734 -0.00457631 -0.0104276 -0.00416527 0.0443619 -0.00620635 -0.04042 0.190254 -0.0528633 -0.00720473 -0.0171011 0.0513412 -0.000110617 -0.000535101 -0.0147989 0.012284 0.00270744 -0.0136896 0.00948431 -0.0374471 -0.0012604 -0.027709 -0.0474211 -0.0102024 -0.00223337 -0.0156623 -0.000438974 -0.00070767 0.00076598 -0.0038584 0.00640585 0.00898241 -0.00739494 -0.00462157 0.0115786 -0.0185114 0.000152042 -0.0051408 0.0168734 -0.00189775 -0.0127925 -0.0236868 -0.000880369 0.0169419 0.00812968 -0.0183789 0.00942349 0.00768512 0.0023645 0.0103367 0.00140096 -0.000441315 0.00949682 -0.0246125 -0.00696021 -0.000369596 -0.0472656 -0.00841126 -0.00371411 -0.00921173 -0.0247863 0.00118185 -0.00747234 0.00541121 0.0335004 0.00350115 -0.0181817 -0.00272947 -0.0160554 -0.00688269 -0.00887756 -0.0012039 -0.0251448 -7.26177e-05 -0.00918221 -0.00722674 -0.0098214 0.0202776 -0.0115731 -0.0121729 
-0.033865 -0.0103592 -0.0446389 -0.00809645 0.0190907 -0.00262883 -0.0191866 0.00414184 -0.0287109 -0.00853356 -0.0378085 -0.0238946 -0.0224018 0.0240034 -0.067016 -0.0323283 -0.0588653 0.0769555 -0.0210277 -0.013751 -0.0143961 -0.00172631 0.0932678 0.0209564 -0.0460317 0.0066548 0.115098 -0.0528633 0.244566 -0.00180779 -0.041741 -0.0330764 -0.00321251 0.0038948 -0.0113926 -0.0202526 -0.0180356 0.0491225 -0.0294535 0.0564317 -0.015606 0.0436552 0.0666877 0.00641043 0.00198439 0.0112304 0.00827248 -0.00463709 -0.0131101 -0.0144003 -0.00520419 0.00591981 0.0121445 0.00443212 -0.0356416 0.00952118 -0.00652999 -0.0273266 -0.0174421 0.0280095 -0.00382299 -0.0087188 -0.00151889 -0.0547026 -0.0206888 0.0426332 -0.0174373 0.0128922 -0.00759667 -0.00881249 -0.000108503 -0.00460925 -0.0136384 0.022617 -0.0464981 -0.0131178 0.0267077 0.049385 -0.00204868 -0.021354 0.0104349 -0.00797634 0.00348888 -0.00938726 -0.00185764 -0.00048173 0.00112296 -0.0268965 0.0438539 -0.0108189 -0.00619122 -0.0224401 0.0242744 -0.0145132 -0.0262488 -0.00203527 -0.00756407 0.0123239 0.0409099 0.00498883 
-0.00210526 -0.00233039 -0.0198177 0.00167318 0.00609176 -0.00217423 -0.00486642 0.0031233 -0.0161338 -0.00128385 0.0071737 0.00215344 -0.00157963 -0.00275288 0.00354032 0.00675193 -0.00354364 0.0108676 -0.00908441 -0.00782908 -0.00793589 -0.00147847 0.00432021 -0.000385451 -0.00248987 -0.00579834 0.00067686 -0.00720473 -0.00180779 0.0978886 -0.01099 -0.0156885 -2.58409e-05 -0.0139893 -0.00725349 -0.00528544 -0.00167511 -0.00384663 -0.00117417 0.00940523 -0.00233818 0.011435 0.000920253 -0.0105638 0.00129071 -0.00471702 0.00998645 0.0028512 -0.00068989 -0.00113457 -0.00466483 0.00136886 0.0060756 2.70856e-05 -0.000142621 0.00117572 7.31296e-06 -0.00629524 -0.00498665 -0.00435229 0.0180979 0.00749747 -0.00145163 -0.00078771 0.0175449 -0.0100811 -0.001496 -0.00504842 0.000473753 -0.00741706 0.000902124 0.000519093 -0.00137997 0.0286197 0.0207052 0.00594794 -0.00684693 -0.00242468 0.00100215 0.0030081 0.0118023 0.00228811 0.000337141 -0.00158657 -0.00363806 -0.00139649 -0.00690381 0.00348581 -0.00443167 -0.00436601 0.00277688 -0.0124499 -0.010951 0.00989105 -0.0080059 -0.000848881 0.0020328 -0.0294895 -0.00879751 0.00447744 
-0.00114956 0.0034444 0.0646318 1.90766e-05 -0.00317123 0.000754547 0.0107658 0.00207456 0.0124778 -0.000868268 -0.0194479 -0.000208527 0.00586924 -0.0136824 0.000380943 -0.039666 0.0343205 -0.0439819 -0.00477318 0.0118216 -0.0292662 -0.00837254 -0.0854132 0.00884759 -0.00254252 -0.0163644 -0.0479815 -0.0171011 -0.041741 -0.01099 0.227725 0.0171172 0.00205174 0.0222911 -0.0120857 0.000479235 -0.00272555 -0.0139422 0.00820599 -0.00928459 -0.00452581 -0.0130369 0.00989154 0.0212868 -0.00969778 0.00314877 -0.0156803 -0.00159611 0.0123852 0.0307273 -0.011367 -0.0088665 -0.00534968 -0.00595915 0.0234612 -0.0181808 -0.00453926 0.0163343 0.0039917 -0.00813959 0.00534441 0.00919295 0.000693096 0.0282177 -0.0263454 -0.0182013 0.00901067 -0.00458692 -0.00637477 -0.0130997 -0.00951555 -0.00172785 0.00168895 -0.0446477 0.00198042 -0.00315688 0.0474062 -0.0349083 0.000525506 0.00921983 0.050756 -0.0119675 -0.0138766 -0.00365877 -0.0242424 -0.00706878 0.0127796 0.00333572 -0.0274953 -0.000417773 -0.0110205 0.0291583 -0.00564247 -0.00565543 0.0265698 -0.017321 -0.0025558 0.059439 -0.0271086 0.00247112 
0.0225801 0.00301099 0.120042 -0.00789212 -0.046002 -0.00152167 0.00609104 -0.00438876 0.0170653 0.0053276 -0.00367452 -0.00774151 -0.0015542 -0.0182118 0.0513505 0.0287593 0.0901702 -0.0533904 0.0248755 0.0245606 0.0392813 -0.00565072 -0.0539287 -0.00852573 0.0717789 -0.0154507 -0.0726067 0.0513412 -0.0330764 -0.0156885 0.0171172 0.203025 0.00254927 0.0202625 -0.026134 0.0469143 0.0108612 -0.0149017 -0.00104838 -0.0552448 0.00633102 -0.0221942 -0.0531634 0.0364212 -0.00535804 -0.00630445 -0.0143489 -0.00391083 0.00294175 -0.00252169 0.00593549 -0.0036779 -0.00522565 -0.00544112 -0.00116414 0.00169587 -0.00522407 -0.00509532 0.0176744 -0.000614943 -0.0119116 -0.0457347 -0.000522513 0.0292254 -0.00694348 -0.00827077 0.000433793 0.00787005 -0.00618235 -0.0270981 -0.00616781 -0.00121663 -0.00799606 -0.0378827 -0.0192319 -0.00400624 -0.044631 -0.00300136 -0.0061861 -0.0097903 -0.0341607 -0.0020537 -0.00263083 0.000859542 -0.00361286 -0.00290297 -0.0110845 0.00652087 -0.0351451 -0.00424847 -0.0164536 0.00566462 -0.0259664 -0.00183844 -0.018799 -0.00769889 -0.0122115 0.0598836 -0.0215751 -0.0103882 
0.000524069 0.000822773 0.0028356 -0.000313706 -0.00468332 -0.000674476 -0.000621809 -0.000320709 -0.001769 0.00145993 0.00107068 -0.000549623 -0.000913789 -0.000238731 0.00512493 0.0016139 0.00882083 -0.0068184 -0.000203126 0.00465154 -0.000873633 0.00083664 -0.00799376 -0.00119592 0.00245628 -0.00102637 -0.00885944 -0.000110617 -0.00321251 -2.58409e-05 0.00205174 0.00254927 0.025509 -0.00109825 -0.00154795 0.00747379 0.00171832 -0.00302806 -0.000618845 -0.00519132 0.00170336 -0.00229123 -0.00490911 0.00772575 4.48835e-05 -0.000526797 -0.000578285 0.000905607 0.00269947 -0.00163688 -0.00120643 -0.00128735 -0.00148658 -0.000254718 -0.00197866 -0.00120491 -0.000410281 -0.000152556 0.00282165 0.00241051 0.000709716 -0.00391189 0.000743418 -0.00242436 0.000292708 -0.0025403 0.00015924 0.00304817 -0.000718423 -0.00200854 0.000912712 -0.000194968 -0.000866465 -0.00204614 0.00263951 -0.000693712 0.000175852 -6.9228e-05 -0.00047007 0.0037023 -0.00373856 8.72123e-05 0.0012265 -0.000272114 -2.37838e-05 -0.000191983 -0.00174534 0.00171701 -0.00305881 -0.000636495 -0.000180814 -0.000633952 -0.00329287 0.00111267 0.000197013 -0.000982179 0.00175319 -0.00348372 -0.00458282 0.00227276 
0.00470778 -0.00041245 0.040946 -0.00142288 -0.0199537 -0.00360019 -0.00838396 0.00188624 0.00122815 -0.00255554 -0.0075064 0.00354433 -0.00269621 -0.0087014 -0.00825128 -0.0136015 0.0190445 -0.0341628 0.0136911 0.0102528 0.0130432 0.00641213 -0.0268321 -0.0267979 -0.0135007 -0.0044983 -0.023765 -0.000535101 0.0038948 -0.0139893 0.0222911 0.0202625 -0.00109825 0.135704 0.0177388 0.0139506 0.00341463 -0.00315807 0.00851017 -0.0189505 0.000656726 -0.0215661 -0.0222929 0.00288785 0.000596511 -0.00739127 0.00224518 -0.00120471 -0.0101572 0.00272568 0.00950289 -0.0104302 -0.00799876 -0.00349167 -0.0100537 -0.00523517 -0.000596043 0.014362 0.00850158 0.0115112 -0.00642065 -0.00905106 0.00163725 0.00560867 -0.0121988 -0.00922564 5.49192e-06 -0.00226321 -0.00221422 -0.00161594 -0.000222483 -0.0017349 0.0122596 -0.0216039 -0.0146381 -0.00558692 0.0167824 0.00331464 -0.00157573 -0.00574946 -0.0257334 -0.00676214 -0.000561425 0.000696169 -0.00480962 0.00105226 -0.000220944 -0.00434344 0.0104496 -0.000536373 -0.00867477 0.0285235 0.0128294 -0.00323014 -0.00258574 -0.00513061 -0.00430642 0.0248226 0.00376913 -0.0094761 
-0.00527565 -0.00192912 -0.0176173 0.00558834 -0.00885917 -0.00307544 -0.00669356 -0.0030154 0.00285732 -0.00344549 0.00190078 0.00945375 0.000264046 -0.00772104 -0.0161385 -0.0146725 -0.0151021 -0.0357161 -0.00158783 -0.00980386 0.0224858 0.0070434 0.00140961 -0.0253532 -0.00947167 0.00647989 0.00765935 -0.0147989 -0.0113926 -0.00725349 -0.0120857 -0.026134 -0.00154795 0.0177388 0.12823 -0.0215142 -0.00735929 0.0131279 0.0100701 0.00813575 -0.00123246 -0.0106578 -0.00683991 -0.0337869 0.00176513 -0.00837021 0.00236024 0.000733749 -0.0102283 -0.00418029 0.0151245 -0.00142886 0.00274334 -0.00230916 0.0035282 -0.01047 0.0046255 0.0159566 -0.0101445 -0.0063597 -0.00689513 0.0328688 -0.00271589 0.00576488 -0.000872932 -0.0124238 0.00163512 -0.00932959 -0.000867036 0.0162009 -0.00179529 -0.000671272 -0.00523046 0.00215253 -0.00544022 -0.0021516 0.0314134 -0.00978164 -0.00348025 7.0596e-05 -0.0262201 -0.00173774 0.00202188 0.00691081 -0.00914845 -0.000265523 0.0131736 -0.00607947 0.0243838 0.0205226 0.000241616 0.0157919 0.0232107 -0.00539553 0.0155748 -0.00558666 0.0198682 -0.0205757 0.0121768 -0.0030282 
