0.0813696 -0.0030778 0.00113624 -0.000693362 -0.00853323 -0.00301817 0.00350753 0.00196191 -0.00299863 0.00149547 -0.000709478 -0.00328538 0.00100565 -0.00257819 -0.00143005 -0.000188504 -0.00024152 -0.00284655 5.27357e-05 -0.000360843 0.00582835 0.00162562 -0.00018541 0.0012941 -0.000725651 -0.00773036 -0.00558198 -0.007683 -0.00497549 -0.00111881 -0.00772125 -0.0022373 0.00269984 0.0177259 0.0158365 0.00272085 -0.00203404 -0.00596147 -0.00096339 -0.00344305 0.0126562 -0.000307611 0.00151118 0.0119668 0.00489259 0.00391985 -0.000906877 0.00833861 0.00675184 0.00629547 -0.00194235 0.00189777 0.00173144 0.000546463 0.000492973 0.00141373 -0.0118353 -0.0191452 0.0119151 -0.000315911 0.00400749 0.00569048 0.000380062 -0.00336025 -0.00791778 -0.00801504 -0.000715178 -0.0145597 0.00102066 -0.00156277 -0.00632166 -0.00386941 -0.00288681 0.00261277 -0.00226149 0.00107072 0.013966 -0.00646988 -0.00221726 -5.31055e-06 -0.025042 -0.00731457 -0.00422263 -0.00320983 -0.00438909 -0.00617023 -0.0169734 -0.00273175 -0.00259295 -0.00741795 -0.00655257 -0.00080254 -0.00264676 -0.0017886 0.00441513 0.0122042 -0.00062958 0.0110648 -0.00805769 0.00645806 
-0.0030778 0.193895 -0.00571275 -0.000851154 -0.00994206 -0.00992056 -0.0149213 0.00289313 -0.0138841 -0.0167316 -0.0079294 -0.014671 -0.00440254 0.000843666 0.00628764 -0.00527928 -0.00243553 -0.0033367 0.00738835 0.00173059 0.00167223 -0.00626249 0.0188925 -0.0093326 -0.0043013 -0.00842514 0.0103489 0.0652628 -0.014427 -0.00885877 -0.00705471 -0.00699948 0.00316629 0.0126457 0.00306653 0.00544753 0.0265379 0.00271847 -0.00250649 -0.00888626 -0.00170428 -0.0128056 -0.00862775 0.0231202 -0.0108766 -0.0112333 0.0230611 -0.0264536 0.00309677 -0.0101855 -0.0134313 -0.000962872 0.0263268 -0.0158534 0.000485552 -0.0078168 -0.0230726 0.00430393 -0.00829259 -0.013583 -0.00800973 -0.00883826 -0.0153179 -0.00848908 -0.00656863 -0.0106999 -0.0010114 0.039425 -0.0100578 0.00261619 0.0151927 -0.0134973 -0.00909249 -0.00688332 -0.00927848 -0.0082935 -0.00927693 0.00225951 0.0288424 -0.00111718 0.0124512 0.00444633 -0.00629499 0.0268939 -0.0146709 -0.014095 0.0288135 -0.00730902 -0.00222887 -0.0240196 0.00971047 -0.00271821 -0.00379135 0.00105757 -0.00442652 -0.0220842 -0.00428984 -0.00106501 -0.0107855 -0.0156405 
0.00113624 -0.00571275 0.0419918 7.62619e-05 -0.000902585 -0.00034621 0.00587027 0.000657947 0.00114478 0.00136948 0.00527874 0.00486669 0.00186372 0.00523829 -0.00109047 0.00165519 -0.000303375 0.00156409 0.00373978 -0.000428345 -0.000883999 0.00370061 -0.0107658 0.00518473 -0.00172161 -0.00796768 0.00181384 -0.0170575 0.00165095 -0.000422195 -0.00829923 2.25041e-05 -0.00150322 0.0053242 0.00247974 -0.000217028 -0.00537279 -0.00567729 0.000874343 0.00348993 -0.000499646 -0.00957255 0.00706436 -0.00826042 0.00449747 0.00496301 0.00564087 0.00420683 -0.00129639 -0.00798858 0.000122237 -0.000952833 -0.0118023 0.00241358 -0.00778668 0.0014296 -0.00304852 -0.00544692 0.00683936 -4.10124e-05 -0.000235159 0.00113035 0.000369512 -0.00191536 -0.00284204 -0.00303486 0.000417696 -0.0047684 -7.59713e-05 -0.00126228 -0.00524098 0.00328401 -0.000757907 -0.00404814 -0.000787348 0.00114339 -0.000719391 0.00800689 0.00921439 -0.000183431 -0.00447552 -0.00573709 0.000612924 -0.00192259 0.00371882 0.000118708 0.00461607 0.000617038 0.000667305 0.00132026 -0.003347 0.000644127 -0.00098338 -0.000407219 -0.000950386 -0.00644258 0.00145142 -0.000857515 3.0683e-05 0.000827533 
-0.000693362 -0.000851154 7.62619e-05 0.0175576 0.00352623 0.000189134 -0.000666006 0.0014994 -0.000167233 0.000712843 0.000973562 -0.000499507 -0.000259135 -0.000137321 2.17588e-05 0.000746286 6.15056e-05 0.00106917 -0.000926626 0.000265456 0.00261928 -0.00039852 -0.00242133 0.000126125 0.000445117 -0.00114402 0.000179451 -0.000731158 -0.00207366 -0.000120102 -0.000703906 0.00113832 4.8367e-06 -0.00260374 -0.00279361 -0.000355169 0.000477678 0.000423336 6.59007e-05 -0.00104656 -0.00110986 0.000319644 0.0006061 -0.00266802 -0.000168638 0.000211765 -0.000317261 -0.000671042 0.000562049 -0.00351872 -0.000172329 0.00108426 -0.00283458 -0.000875482 -0.00183172 -0.00129578 -0.000901722 -0.00197169 -0.000513979 -0.000648984 -0.000211382 -0.00034299 0.00278353 6.31105e-05 -0.00144764 -0.000595689 0.000625938 -0.00106334 0.000196857 0.000411981 0.00213102 0.00162116 -0.000114965 -0.000727798 -2.4682e-05 0.000825516 -0.000119049 0.000891736 -0.00193098 0.000274563 -0.000375401 0.00185674 -0.000410635 0.000413002 -0.000440545 -0.000577804 0.00046025 0.000571609 0.000225262 0.00168363 0.00058508 -0.000137235 -0.000111885 0.00167265 -0.000889897 -0.00216494 -0.000434474 -8.85275e-05 -0.00208112 0.00012616 
-0.00853323 -0.00994206 -0.000902585 0.00352623 0.214627 -0.00633618 0.0120001 0.0109883 -0.0210466 -0.00473467 -0.000969346 -0.00857837 -0.00824277 -0.00952186 0.00322829 0.000752591 -0.00227829 0.000456082 -0.0213501 -0.00380202 0.0119625 -0.00191733 -0.0715639 0.00383661 -0.0142891 0.0249277 -0.019548 -0.0136725 0.0118679 0.00803711 -0.0381943 0.00778649 0.00156386 -0.0415933 0.00344681 -0.0204172 -0.0379987 0.00283075 -0.0040867 0.0295603 -0.00863717 -0.0136211 -0.00466744 -0.0272705 -0.00819607 9.37183e-05 0.0209154 -0.00191262 0.000138896 -0.053563 0.00128441 -0.0105606 0.0197073 0.0275696 0.00596251 -0.0291728 0.0438828 0.0348436 -0.0088895 0.0142459 -0.00868489 -0.0053702 -0.0076932 -0.00590276 0.0426401 0.0170592 -0.00151262 -0.0168184 0.00733803 -0.00489716 -0.0120142 -0.0159528 -0.00734878 0.00162019 0.0221301 -0.00516062 -0.015663 -0.012007 0.000705285 -0.00262661 0.0411908 0.035132 -0.0154122 -0.0026837 -0.0168861 0.0291537 0.0554942 0.0125656 -0.00124611 -0.00960181 -0.0202015 0.00395811 -0.00691462 -0.00204066 -0.0165511 -0.0240823 -0.00651446 -0.00454962 -0.00889212 0.00420901 
-0.00301817 -0.00992056 -0.00034621 0.000189134 -0.00633618 0.0868717 0.00683286 -0.000220595 -0.00214341 0.0121824 -0.00314229 0.0076618 -0.00404749 0.00395852 -0.00359049 -0.00161528 0.0015852 0.000541041 -0.00130541 0.002073 0.00459529 4.76781e-05 -0.00264235 -0.006782 -0.00532132 -0.0143137 0.00334384 -0.0249946 0.0062302 -0.000344766 -0.00414666 -0.00297813 -0.0013164 -0.00295459 -0.0106065 -0.0026207 -0.00718768 -0.00484804 0.00689967 -0.00105308 -0.000692926 -0.00238626 -0.0018042 -0.011641 -0.0026236 -0.00128529 0.00165125 0.00163079 -0.00214576 -0.000795396 -0.003085 0.00219838 -0.0159477 0.00507795 -0.00543599 0.00804909 -0.00843997 -0.011199 0.00438046 -0.00094853 -0.00301181 -0.00157199 0.0101858 -0.00138415 -0.00846154 0.00395753 0.00643793 -0.012001 0.00637119 -0.00220119 -0.0128445 0.0225095 0.00523765 -0.00455612 -0.00219493 0.00534573 0.00336423 0.0247348 0.00308724 -0.000175598 -0.0114876 -0.00209689 -0.00283015 -0.00930912 0.00621259 -0.0122866 0.00281469 -0.000102233 -0.000849907 0.0164264 -0.00390109 -0.00012954 -0.00104652 0.0169243 0.00111255 0.00614815 -0.00379054 -0.00156796 -0.0103968 -0.00244554 
0.00350753 -0.0149213 0.00587027 -0.000666006 0.0120001 0.00683286 0.101804 -0.00847628 0.0101901 0.0130686 0.00146658 0.00562418 -0.00150114 0.00294149 -0.00416766 0.00114889 -0.000516454 0.000165258 3.91404e-06 0.00127465 -0.00488675 0.00729447 -0.00223877 0.0184362 -0.00539155 -0.0204536 -0.00540832 -0.022372 0.00354918 -0.00180594 0.000923654 0.000366862 0.000931107 0.0185227 0.000798188 -0.00452462 -0.00173266 -0.00953323 -0.00179841 -0.00406833 0.00437944 -0.0197143 -0.00154489 -0.0174222 0.00252817 -0.00681706 -0.00297135 0.00751766 -0.000264076 -0.0138875 0.0121736 -0.00319184 -0.0101082 -0.00729482 -0.00227776 0.0123195 0.00247139 -0.000666406 0.00716765 0.00524835 -0.00303634 0.00229614 -0.00766933 -0.00272282 0.0264192 0.00955282 -0.00123659 -0.0250049 0.00244644 -0.00209673 -0.0197894 0.00517688 0.00358688 0.00206474 -0.000221885 0.00397088 -0.00234122 -0.00595467 -0.0109244 -0.0010442 -0.0241413 -0.0160605 -0.0003188 -0.0129736 0.00633248 -0.0134033 -0.000131596 -0.00115776 -0.0017901 0.0224806 -0.00437545 0.00135529 0.00191271 0.00824498 0.00589031 -0.0114831 0.00332253 -0.00233562 -0.00631892 0.00157607 
0.00196191 0.00289313 0.000657947 0.0014994 0.0109883 -0.000220595 -0.00847628 0.0831947 -0.00916828 2.71618e-05 0.0105664 0.00235482 0.00181982 -8.74924e-05 -0.00192306 0.000700436 0.000634954 -0.00238878 0.0161432 -0.000617827 0.0168261 -0.00201177 -0.00526103 -0.00354692 -0.00243093 -0.00389416 0.0125502 0.0105486 -0.00705561 0.000106727 -0.00609605 0.00210575 0.000890588 -0.0123532 -0.00935871 -0.000715369 -0.00998799 0.0185249 -0.00076343 -0.00500179 0.00175175 0.0318615 0.00247972 -0.0040774 -3.34676e-05 -0.00186307 -0.0037478 -0.000512146 -0.00392055 -0.00189303 -0.00446477 0.00190144 -0.00690783 -0.00839797 -0.0135165 -0.00631183 -0.00721326 -0.0223801 -0.00287449 -0.00787886 0.000953711 -0.00308465 -0.000931685 -0.00440024 -0.0122128 -0.00802655 0.00209805 0.0114939 0.00217089 -2.80158e-05 -0.00209814 -0.00857734 -0.00078993 -0.00400013 0.000670798 -0.00103476 0.0032945 -0.00870323 0.000124723 -0.0010249 -0.00338066 0.0200536 -0.00662578 0.0058396 -0.00397654 0.00663841 -0.0161908 -0.000987155 0.000548123 -0.00948525 -0.00793339 -0.000507529 -0.000247323 -0.00288787 0.00108682 -0.000979286 -0.00353446 -0.00245177 0.0171057 -0.00361575 
-0.00299863 -0.0138841 0.00114478 -0.000167233 -0.0210466 -0.00214341 0.0101901 -0.00916828 0.104703 -0.00279081 0.00401245 0.000532406 0.0127707 -0.00252777 -0.0032494 0.00195391 0.000187402 -0.00198188 -0.0132905 0.00289325 -0.0122001 0.0051304 0.0165444 -0.00887443 0.003548 -0.0211651 -0.00711643 -0.00440814 0.00474769 -0.00288544 0.0318927 -0.000975404 0.00132051 -0.00570568 -0.0205782 0.0331132 0.0384542 -0.00255248 0.00206898 -0.00883466 -0.00476849 -0.0097004 -0.0068346 0.0177985 0.00305157 -0.00928858 -0.00336348 0.0139917 0.00261437 -0.0196001 0.00179996 -0.00162263 -0.0188311 -0.00709103 0.0199534 -0.00266997 -0.00231468 -0.0142749 -0.00362127 0.00417864 -0.00113066 -0.0019918 0.00223997 0.0133988 -0.00827589 0.0135632 -9.29785e-05 -0.0253653 -0.000774972 0.00164208 -0.0252279 0.0112868 -0.00154133 -0.00507449 -0.00668704 0.00128908 -0.0103404 0.00163079 -0.00619749 -0.000812453 -0.0265949 -0.0167121 0.0166761 -0.00981206 -0.00687938 -0.00644208 0.000656103 -0.004103 0.00304054 0.00766062 0.0165016 -0.000698631 0.00433158 0.00361926 0.0267486 -0.00840147 0.00187002 -0.00384313 -0.0109031 -0.00432285 
0.00149547 -0.0167316 0.00136948 0.000712843 -0.00473467 0.0121824 0.0130686 2.71618e-05 -0.00279081 0.0719349 0.000906693 0.00687099 -0.00205019 0.00674185 -0.00282916 -0.000455532 0.00142617 -0.000948261 -0.000770763 0.00166236 -0.00326815 0.000867644 -0.00699292 0.00113839 0.000388469 -0.0103446 0.00198782 -0.023557 0.00321904 -0.0010634 -0.00824499 -0.000102892 0.00189984 0.00274384 -0.000197377 -0.00454516 -0.0104809 -0.00606024 -0.00138884 0.00900632 -0.00215218 0.000556403 1.05892e-05 -0.018678 0.00413091 -0.00809137 -0.00879564 0.00361285 0.00639074 -0.0123434 -0.000238466 0.00143981 -0.0274968 -0.00804659 -0.0093465 0.0185693 0.000361591 -0.00761206 0.00771167 0.00724793 0.00139103 0.00378448 0.0155766 0.00165972 -0.0044843 0.00772185 0.0014374 -0.0192951 0.00587686 -0.0029 -0.00548448 0.0111599 0.00195569 0.00182915 -0.000474483 0.00485899 0.00774848 0.00291576 -0.00221746 0.000951399 -0.0178885 -0.00273561 0.00404739 -0.00344686 0.0114296 -0.00372936 -0.0111555 0.00801827 -0.00129014 0.0118434 -0.000124387 -0.000775799 -0.000937177 0.00358898 -0.0013845 -0.00316818 0.000660626 0.000122127 -0.0073817 0.000972383 
-0.000709478 -0.0079294 0.00527874 0.000973562 -0.000969346 -0.00314229 0.00146658 0.0105664 0.00401245 0.000906693 0.0795884 0.001841 0.0101007 0.0062212 -0.00227741 0.00299296 0.00101092 -0.00095652 -0.00156333 0.000141111 0.0093219 0.00135688 0.00518445 -0.00109808 -0.00243172 -0.0146547 -0.00147516 -0.00639239 -0.00513017 -0.0038565 -0.00312908 0.000843258 -0.0010193 -0.00587907 -0.0121637 0.0086547 0.00585623 -0.00408562 0.000715662 0.00161898 -0.000319489 0.00740248 0.000459626 -0.0024595 0.00176345 -0.00374203 -0.00459316 0.00188805 -0.00362971 -0.0142656 0.000341046 0.00570493 -0.0198416 -0.00813926 -0.00281521 0.0010896 -0.00513152 -0.00573517 -0.00204147 0.0035374 -0.00229173 0.00568785 -0.00387669 0.00302714 -0.00900564 0.00044734 0.001805 -0.0117837 -0.000334985 0.00525217 -0.0134883 0.000289165 -0.00212792 -0.000965681 0.00301633 0.011034 -0.000827913 -0.000921502 -0.00293478 -0.00102095 -0.0120507 0.0179266 0.00122416 -0.00546926 0.000634091 0.00847126 -0.00945489 -0.00109798 0.00414293 -0.00486116 -0.00252953 0.000361828 -0.00192351 -0.000892117 0.00395338 -0.0126149 0.00105455 -0.0024868 0.00716134 -0.00179091 
-0.00328538 -0.014671 0.00486669 -0.000499507 -0.00857837 0.0076618 0.00562418 0.00235482 0.000532406 0.00687099 0.001841 0.0631541 -0.00210739 0.0130594 -0.00143084 -0.000628981 -0.000444773 -0.00116981 0.0116215 -0.000265214 -0.00647632 0.00463035 -0.013427 0.00202108 -0.00232508 0.00543127 0.00819488 -0.0303351 0.00533343 0.0014238 -0.00625634 0.000179391 0.0013771 0.000955132 0.000452347 -0.00408631 -0.0142847 0.00266931 0.000316714 -0.00022881 -0.00378399 -0.00549054 0.00323299 -0.026706 0.00703866 -0.001638 -0.00159635 -0.00328523 -0.00248995 -0.00165514 0.00275932 -0.00217834 -0.0240384 -0.0044904 -0.0063324 0.0135506 0.00510227 -0.00456212 0.00681865 -0.00394803 -0.00191387 0.00113496 -0.00246887 -0.00146337 -0.00619834 -0.00177945 0.00173206 -0.008813 0.00522209 -0.00163837 -0.00731045 0.0129927 0.0107367 0.000269919 -0.00231284 0.00629101 -0.00627275 0.00139306 0.00020097 -0.000190025 -0.00289912 -0.00688838 -0.00444587 0.00462938 0.0236201 0.00111826 -0.00562539 0.00836662 -0.000573031 0.00334851 -0.00533988 0.000242088 -0.000383234 0.00294295 -0.0014199 -0.0104628 0.00397131 -0.00194781 0.00453171 0.00122397 
0.00100565 -0.00440254 0.00186372 -0.000259135 -0.00824277 -0.00404749 -0.00150114 0.00181982 0.0127707 -0.00205019 0.0101007 -0.00210739 0.0629303 -0.00174521 -0.00224072 0.00356713 0.000948817 -0.00252122 0.00106247 0.000598228 -0.000601003 -3.3331e-05 0.0119774 0.00705792 -0.00427455 -0.00729734 0.00441939 0.00379683 -0.0064236 -0.00225796 0.00585041 0.000975499 0.0011395 -0.00236159 -0.00032957 0.012711 0.0160513 0.000961532 0.00214324 -0.00275498 -0.00594912 -0.00882843 -0.00433632 -0.00170275 0.00546986 -0.00343836 -0.00260083 0.00653079 0.000281554 -0.0101194 -0.00041791 0.000384468 -0.0183851 -0.00811729 0.00621315 -0.00141912 -0.00309317 -0.0109984 0.0020549 0.00735108 0.0021557 0.000718665 -0.00568164 0.00408375 -0.00863815 0.000529206 -0.000122779 -0.00452611 -0.00106226 0.00102069 -0.00748206 -0.00583532 -0.00256362 -0.00211228 -0.00143509 0.000233565 -0.00143306 -0.00649929 0.00348681 -0.000795129 -0.0170438 -0.00302811 0.00893085 -0.0040381 -0.00185506 -0.00763895 -0.0100741 0.00186707 0.00196961 -0.0036388 0.00804987 -0.000182096 -0.00226468 0.00135063 0.00633086 -0.000135774 -0.00149196 -0.00167904 0.00184406 0.00150657 
-0.00257819 0.000843666 0.00523829 -0.000137321 -0.00952186 0.00395852 0.00294149 -8.74924e-05 -0.00252777 0.00674185 0.0062212 0.0130594 -0.00174521 0.0548336 -0.000200577 -0.000395134 0.000219493 0.00393665 0.0025627 0.00159224 -0.00158241 -0.000280742 -0.002931 -0.00740925 -0.00460037 -0.00726688 0.000171708 -0.0116225 0.00207844 -0.00174572 0.000694737 -0.00061953 -0.00185642 0.0132024 -0.00470852 -0.00292013 0.000207579 -0.00436964 0.00100068 -0.00236691 -0.00356503 -0.00613197 0.0103678 -0.0182222 0.00558517 -4.34321e-05 0.00245181 0.00324654 -0.0018831 -0.00437505 -3.44039e-05 0.00148388 -0.0244747 -0.00400439 -0.00582401 0.00682964 -0.00441122 -0.00910204 0.00617602 -0.000958978 -0.00121138 0.00632503 -0.00273162 -0.00136477 -0.00587086 -0.000177606 0.00138119 -0.00956483 0.00267276 -0.00047959 -0.00141276 0.0157603 0.00654361 -0.00360493 -0.00267652 0.00584057 -0.00499178 0.0124247 0.00561139 -0.000182866 -0.00235788 -0.00260701 -0.00246403 -0.00202307 0.010238 -0.0053802 0.00122835 0.00178686 -0.00116271 -0.00285991 -0.00322373 6.40759e-05 -0.00124643 0.00158656 6.12599e-05 -0.00734415 0.00337886 -0.00161364 -0.00984948 0.00035699 
-0.00143005 0.00628764 -0.00109047 2.17588e-05 0.00322829 -0.00359049 -0.00416766 -0.00192306 -0.0032494 -0.00282916 -0.00227741 -0.00143084 -0.00224072 -0.000200577 0.0423178 0.000193856 -0.000264401 0.00123464 -0.00237949 -0.000308236 -0.00278529 -0.00148678 -0.00594933 -0.00331556 0.00406784 0.0102608 -0.00176541 0.0021095 0.000525544 0.00119403 -0.00358611 0.000851464 -0.00200793 -0.00562043 -0.00224711 -0.00182957 0.0027411 0.00322146 -0.000842027 -0.00101604 -0.00245284 -0.00533315 -0.00105381 0.00317009 -0.00190172 0.00103039 0.00162858 -0.00671243 -0.0023055 -0.000171006 -0.00034292 -0.00173533 0.00707923 0.0045942 0.00446813 -0.00418007 0.00532846 0.00698894 -0.00182028 -0.00408604 0.000357971 -0.00111314 -0.00187074 -0.00166494 0.00485042 -0.00242522 -0.000570235 0.00339774 -0.00136354 8.15226e-05 0.00256461 -0.00110561 -0.0016539 -0.000901783 -0.00063378 -0.00211014 -0.00371563 -0.00320077 -0.000290208 -0.000483632 0.013153 -0.000101045 -0.00257956 -0.000612396 -0.00370467 -0.000308331 0.00392623 -0.000847943 -0.000714781 -0.00523724 -0.00313182 9.85626e-05 8.11136e-05 -0.00212544 -0.0023844 -0.00103949 0.00102274 -0.00159243 -0.000676 -0.00199017 
-0.000188504 -0.00527928 0.00165519 0.000746286 0.000752591 -0.00161528 0.00114889 0.000700436 0.00195391 -0.000455532 0.00299296 -0.000628981 0.00356713 -0.000395134 0.000193856 0.0298027 4.6166e-05 -0.000424087 -0.00341274 0.00120912 0.00436719 -0.00010803 0.000818938 -0.00208551 -0.000787783 -0.000420273 -0.00186423 -0.00207232 -0.00258033 -0.00029835 0.00165147 0.00135753 0.000397389 0.00211147 -0.00275537 0.0039524 0.00422389 0.0046339 -0.000494042 -0.00213579 -0.000672984 -0.00122447 0.00119876 0.00127169 0.00185267 -0.000424102 -0.00151831 0.000246149 0.000990736 0.000247484 -0.00125738 0.00083219 4.75789e-05 -0.000243907 -0.000646342 -0.000722499 -0.00234375 -0.00687703 0.00219937 -0.00247497 -0.00138848 -0.00155746 0.00103158 -0.0012751 -0.00375858 -0.00132178 0.000303439 -0.000897337 0.00153379 0.00238628 -0.00203606 -0.00143375 0.00107237 -0.000734153 -0.000584955 0.000565356 -0.000281979 -0.0023577 -0.00195272 -9.19764e-05 -0.00735304 -0.00207466 0.00109458 -0.00271658 0.00145712 -0.00168146 -0.00471073 0.00113275 -7.2998e-05 0.00441162 -0.00201374 0.000345622 -0.000325722 0.00141574 -0.000429956 -0.00350821 -0.000537175 -0.000628547 -0.00124012 -0.000548061 
-0.00024152 -0.00243553 -0.000303375 6.15056e-05 -0.00227829 0.0015852 -0.000516454 0.000634954 0.000187402 0.00142617 0.00101092 -0.000444773 0.000948817 0.000219493 -0.000264401 4.6166e-05 0.0120447 0.000753731 0.000183553 0.000603196 4.34339e-05 -9.71651e-05 0.000867097 -0.000556926 -0.000370531 -0.00227921 3.93809e-05 -0.00176815 -0.000415951 -0.000185161 -0.000750129 4.76072e-05 -0.000315062 -0.00203756 -0.00130106 3.61729e-05 -2.26061e-05 0.000297976 -0.000141888 -0.00169027 -0.000264528 0.00139077 -9.43556e-05 5.91583e-05 0.00026638 -0.00105026 -0.00136205 -6.52617e-05 9.30263e-05 0.000950808 0.000509379 0.000939973 -0.00241822 -0.000726229 -0.00103174 -0.000813169 -0.00171676 -0.00144812 -0.000162769 -0.000338729 0.00156597 0.000536892 0.00142392 0.000113637 -0.00193611 -0.000217323 6.22795e-05 0.000858507 0.000354613 -0.000246438 -0.00046164 0.0012443 6.37033e-05 0.000465673 0.000189806 0.00134495 0.000648919 0.000622657 -0.00138927 -2.34857e-05 -0.00299769 -0.00165037 0.000478053 -0.00032185 -0.000128666 -0.000452866 -0.00143918 -0.00046567 0.000193956 0.00207319 0.000512468 -2.49794e-05 -0.000119622 6.88361e-05 3.85325e-05 0.00319682 -0.000317393 7.34111e-05 0.000706894 1.58139e-05 
-0.00284655 -0.0033367 0.00156409 0.00106917 0.000456082 0.000541041 0.000165258 -0.00238878 -0.00198188 -0.000948261 -0.00095652 -0.00116981 -0.00252122 0.00393665 0.00123464 -0.000424087 0.000753731 0.0506876 -0.00540274 0.001621 -0.000688504 -0.000385873 -0.00725826 -0.000613683 0.00271223 0.0017212 0.00065523 -0.00517248 0.000579809 0.00205902 -0.00207686 0.0035754 -0.00139391 -0.00952983 -0.00533352 -0.00369802 -0.00599789 -0.00276197 0.00113048 -0.00490635 -0.0043018 -0.00848323 0.00229913 -0.0174802 -0.0013826 0.00553344 0.000212689 -0.00607947 -0.00407128 -0.00454871 0.00178933 0.00215985 -0.0116577 -7.90825e-06 -0.00321317 -0.0016619 0.00689375 0.0112049 -0.00182195 0.00130453 0.00327128 -0.00239955 -0.00125673 0.00114939 0.00223276 0.00434007 0.000433144 -1.61662e-05 0.000410538 0.000590175 0.00698278 0.00476744 0.000521637 -0.00121789 -0.00118748 0.00167713 -0.00198393 0.00652142 -0.00368087 -0.000345795 0.0103393 -0.00224606 0.00187906 0.00331631 -0.000212473 -0.00260757 0.00706918 0.000279772 0.00104136 -0.00250961 -0.000420103 0.00123207 -0.000200888 0.00169934 -0.00264369 -0.00400449 -0.000641228 -0.00128689 0.00112911 -0.00137855 
5.27357e-05 0.00738835 0.00373978 -0.000926626 -0.0213501 -0.00130541 3.91404e-06 0.0161432 -0.0132905 -0.000770763 -0.00156333 0.0116215 0.00106247 0.0025627 -0.00237949 -0.00341274 0.000183553 -0.00540274 0.156131 -0.00295462 -0.00493212 -0.0034549 0.0436699 0.0372043 -0.0112094 0.0274922 0.0373783 0.00692044 -0.0169382 -0.00463078 0.0210368 -0.0028887 -0.00404206 0.0267961 0.0043273 -0.0151274 -0.011462 0.0137893 -0.00319968 -0.0181463 -0.0120008 0.0317635 -0.00109017 -0.0317193 0.00506486 -0.0148307 -0.0104812 -0.00540008 -0.0054061 0.0474154 -0.00209137 -0.00610223 -0.0081806 -0.0239018 -0.0316254 -0.00526658 -0.0222075 -0.0372107 0.00321767 -0.00457751 -0.00273399 -0.00195338 -0.0182983 -0.00628836 -0.00112625 -0.0127423 -0.00110841 0.0409841 -0.00156496 -0.00154481 0.0289893 -0.0117975 0.00440315 -0.00988989 -0.000943805 -0.00496033 -0.0160571 -0.0130548 -0.00665638 -0.00205163 -0.0141177 -0.00118859 -0.00993987 0.00268989 0.0128108 -0.0279071 -0.0364574 0.000920634 -0.00539978 -0.0110301 -0.0153086 -0.00244688 -0.00158256 -0.00564455 -0.00096786 0.0190932 -0.00039447 -0.00848759 0.0186695 -0.0084007 
-0.000360843 0.00173059 -0.000428345 0.000265456 -0.00380202 0.002073 0.00127465 -0.000617827 0.00289325 0.00166236 0.000141111 -0.000265214 0.000598228 0.00159224 -0.000308236 0.00120912 0.000603196 0.001621 -0.00295462 0.0207501 0.0022444 -0.000272346 0.00342564 -0.0014495 -0.0015373 -0.00143424 -0.00022626 -0.000394331 -0.00034762 -0.00067579 0.00168619 0.000126094 0.000315229 -0.00275416 -0.00390671 0.00232676 0.00143935 0.000280159 -7.14505e-05 -0.000917864 -0.000826772 -0.00274623 0.00138119 -0.00301118 -0.000277035 -0.000507552 -2.51869e-05 -0.000800192 -0.00102341 -0.00440866 -5.80427e-05 0.00135566 -0.00524584 -0.00178656 -0.00125005 -0.000360162 0.00142171 -0.00321353 -0.000480891 0.00430832 -8.45145e-05 0.000111188 0.00166478 0.000269723 -0.00153059 0.00491052 0.000334668 -0.00410649 0.000990498 2.00419e-05 -0.00235671 0.00346184 7.96881e-05 -0.000160094 -0.000310334 0.000193257 0.0013052 0.000699471 -0.000523626 -0.000335809 -0.00574016 0.000764545 -0.000350548 -0.00118854 -0.00125301 -0.00287594 -0.000798895 -0.000257551 -0.000319587 0.00163657 0.000702416 -0.000153461 -0.000323066 0.000890845 0.000302405 -0.00254894 0.000536503 0.000435951 -0.00252305 0.00045177 
0.00582835 0.00167223 -0.000883999 0.00261928 0.0119625 0.00459529 -0.00488675 0.0168261 -0.0122001 -0.00326815 0.0093219 -0.00647632 -0.000601003 -0.00158241 -0.00278529 0.00436719 4.34339e-05 -0.000688504 -0.00493212 0.0022444 0.114573 -0.00304168 -0.00459884 0.000529038 -0.000853032 -0.0221141 -0.00404122 0.0191131 -0.00339252 -0.00424009 -0.0188583 0.000334302 -0.00261917 -0.00538804 -0.00797335 -0.00153953 -0.0115802 0.00691377 0.000356245 -0.00081238 -0.00331274 0.0116496 0.0124897 -0.000366387 -0.00458267 -0.00209059 -0.000328505 0.00409398 -0.00785025 -0.00139441 -0.00532353 0.00796575 0.00924879 0.00698483 -0.0120255 -0.0146012 -0.0139404 -0.0220769 -0.00185634 -0.00617399 -0.00438999 -0.00562789 -0.005617 -0.00193434 -0.0122048 -0.00654077 0.00374392 0.0124389 0.0043815 -0.0013614 -0.00676123 -0.00167715 -0.00353167 0.00584221 0.000730247 0.00511113 0.0199425 0.00836527 -0.000885341 -0.000796899 -0.0229159 0.0247169 -0.00525804 -0.00671255 -0.00877089 0.00320002 0.00477365 -0.00294423 0.00181768 -0.00411421 -0.00259299 -0.000377219 -0.00407964 -0.00170915 -0.00721124 0.00961115 -0.00418435 0.00219594 -0.00947376 -0.00365116 
0.00162562 -0.00626249 0.00370061 -0.00039852 -0.00191733 4.76781e-05 0.00729447 -0.00201177 0.0051304 0.000867644 0.00135688 0.00463035 -3.3331e-05 -0.000280742 -0.00148678 -0.00010803 -9.71651e-05 -0.000385873 -0.0034549 -0.000272346 -0.00304168 0.043018 -0.00239095 0.0101371 0.00133825 -0.00318521 -0.00223699 -0.0139593 0.00239364 0.000952654 -0.00360737 0.00168176 0.00206553 -0.00420059 0.00183831 0.00184568 -0.00171493 0.00100274 -0.000690292 -0.00174647 -0.000878523 -0.00521941 -0.000750804 -0.00798489 -0.000346896 -0.00241006 -0.00312541 0.000512694 -0.00191518 -0.00747192 -0.000922425 -0.00136515 -0.00261056 -0.00130159 0.000664253 0.00600116 0.0069936 0.00700289 -0.000883805 -0.000723716 -0.00179884 2.82177e-05 -0.000350654 0.00144314 0.00240733 -0.000972164 6.221e-06 -0.00684431 -0.000186213 -0.00122857 -0.0101861 0.00619741 -0.000323899 0.00514166 0.000570479 0.000897572 -0.000850408 -0.00168272 -0.00137044 1.00346e-05 -0.00605009 -0.00677371 -0.00298958 -0.00201191 0.00469383 0.0036972 0.0054344 -0.00079506 0.00062598 0.00264319 -0.00347238 0.000466445 6.27214e-05 0.00105169 0.000293373 -0.00523528 0.00036431 -0.00195894 -0.0036697 0.00200724 
-0.00018541 0.0188925 -0.0107658 -0.00242133 -0.0715639 -0.00264235 -0.00223877 -0.00526103 0.0165444 -0.00699292 0.00518445 -0.013427 0.0119774 -0.002931 -0.00594933 0.000818938 0.000867097 -0.00725826 0.0436699 0.00342564 -0.00459884 -0.00239095 0.244946 -0.0120416 -0.0218916 -0.00937647 0.00949769 0.0700228 -0.0211199 -0.0107501 0.0923371 -0.00967104 0.0055133 0.0675411 -0.0267466 0.0259901 0.0785508 0.0226474 -0.00559822 -0.0354243 -0.0269602 0.0423425 -0.0193334 0.0584615 -0.00316832 -0.0471107 -0.0195251 0.0402166 6.69921e-05 0.0447355 -0.000568574 -0.00179692 0.0306904 -0.0570693 -0.0136472 -0.00137263 -0.0417847 -0.077326 -0.0151426 -0.0189273 -0.00115158 -0.00688993 -0.00560111 -0.00125486 -0.0110566 -0.00679581 -0.00252068 0.0341427 -0.00722359 0.00668133 0.0127335 -0.00131198 -0.00817343 -0.00854855 -0.0171521 -0.00775679 -0.0283196 -0.00406377 -0.0209817 -0.00346674 -0.0787175 -0.00638682 0.020175 -0.020952 -0.00981397 -0.0642662 -0.0570774 -0.0164555 -0.00383273 0.00654542 0.0113872 -0.00370308 -0.0106225 -0.00296495 0.02085 0.0449431 -0.00184634 -0.015175 -0.0105468 -0.0127886 
0.0012941 -0.0093326 0.00518473 0.000126125 0.00383661 -0.006782 0.0184362 -0.00354692 -0.00887443 0.00113839 -0.00109808 0.00202108 0.00705792 -0.00740925 -0.00331556 -0.00208551 -0.000556926 -0.000613683 0.0372043 -0.0014495 0.000529038 0.0101371 -0.0120416 0.188459 0.0106972 0.0363677 0.0160155 -0.0413192 -0.00313294 -0.0077016 -0.0387232 0.003795 -0.00501274 0.00364133 0.0380952 -0.0107054 -0.0292549 -0.0270743 -0.000824619 0.0136962 -0.00574487 -0.0210731 -0.00798646 -0.0648399 -0.000574812 0.00175882 -0.0123891 -0.0140699 -0.0036087 -0.00618149 0.00237654 -0.00431804 -0.0427001 -0.0255805 -0.0160177 0.00659923 0.0243634 0.0336675 0.00607445 0.0192152 -0.00547542 -0.00451697 -0.00601493 0.0090424 0.0207844 0.00366618 -0.00256189 0.00575635 -0.00417817 -0.00721135 -0.00278859 -0.00299183 -0.00375974 0.0262849 -0.00346311 -0.00754133 -0.014079 -0.0174174 -0.0139882 -0.000947727 0.00620801 -0.00465858 0.0017596 0.01408 0.0123216 0.00337836 -0.000595365 0.0114424 -0.000674131 -0.00514657 -0.00690509 -0.00165002 -0.00459077 -0.00610551 -0.0129812 -0.00372106 -0.00759143 -0.00720645 0.00556656 -0.00737716 
-0.000725651 -0.0043013 -0.00172161 0.000445117 -0.0142891 -0.00532132 -0.00539155 -0.00243093 0.003548 0.000388469 -0.00243172 -0.00232508 -0.00427455 -0.00460037 0.00406784 -0.000787783 -0.000370531 0.00271223 -0.0112094 -0.0015373 -0.000853032 0.00133825 -0.0218916 0.0106972 0.0946105 0.00456061 -0.00643583 -0.00449999 -0.00970117 0.0012447 -0.0114227 -0.000897914 -0.00246061 -0.0197949 -0.00573466 -0.00282013 -0.00660232 -0.000190844 -0.00328542 -0.00642182 0.00134681 0.00493091 -0.00137479 -0.00428035 -0.0023073 0.0117758 -0.00333965 -0.0128865 -0.00587781 -0.014398 0.00272731 0.0035522 0.00216523 0.00887534 -0.00462337 0.00997848 0.0141413 0.0211469 -0.00191905 -0.00783296 0.000634899 -0.00296436 0.00350895 0.00287959 -0.00781566 -0.00411779 -0.000743527 0.000925373 -0.00296303 0.000874978 -0.00660585 -0.004962 -0.00328307 0.0125991 -0.00308789 -0.00238845 0.0155675 -0.00886866 -0.00685552 -0.000762874 0.0199542 0.000374512 -0.00381598 0.00928504 0.000163308 0.0137746 -0.00338258 0.000480745 0.000621261 -0.00873537 -0.00402023 0.0012006 0.00340324 -0.00317702 -0.00660663 -0.000794203 -0.00080538 0.00320777 0.0183069 -0.00168887 
-0.00773036 -0.00842514 -0.00796768 -0.00114402 0.0249277 -0.0143137 -0.0204536 -0.00389416 -0.0211651 -0.0103446 -0.0146547 0.00543127 -0.00729734 -0.00726688 0.0102608 -0.000420273 -0.00227921 0.0017212 0.0274922 -0.00143424 -0.0221141 -0.00318521 -0.00937647 0.0363677 0.00456061 0.222547 0.0155254 -0.0181368 -0.0170973 0.00328213 -0.0078562 0.000400659 -0.00587327 -0.0230212 0.000972359 -0.0254085 -0.0240695 0.0236577 -0.00738882 0.0249675 -0.00561659 0.00710873 -0.0102736 -0.0429458 -0.0057579 0.000496433 -0.0052437 -0.0311964 -0.00753301 0.0352383 -0.00792518 -0.015665 0.000647424 -0.00137513 -0.0337398 -0.0039609 0.0402599 0.0234523 -0.006282 0.00828379 -0.00437075 -0.011886 0.00456539 -0.009103 0.01335 0.00487329 -0.00333746 0.0376387 0.00287089 0.000123886 0.0570191 -0.0128524 0.00386683 -0.00303692 0.00490517 -0.0143486 -0.0317886 -0.0251109 -0.0155661 -0.00254784 0.0540326 0.0116025 -0.00121497 0.0138003 -0.0111968 -0.00362832 -0.0267156 0.00926617 -0.00933928 -0.0199254 -0.019408 -0.0023538 3.24071e-05 -0.0172367 -0.0162601 -0.00474881 -0.00800611 -0.0097862 0.018622 -0.000568484 
-0.00558198 0.0103489 0.00181384 0.000179451 -0.019548 0.00334384 -0.00540832 0.0125502 -0.00711643 0.00198782 -0.00147516 0.00819488 0.00441939 0.000171708 -0.00176541 -0.00186423 3.93809e-05 0.00065523 0.0373783 -0.00022626 -0.00404122 -0.00223699 0.00949769 0.0160155 -0.00643583 0.0155254 0.102051 0.000927821 -0.0112348 0.000867504 0.000839041 -0.00154816 -0.00216335 -0.00169362 -0.00421498 -0.00859393 -0.006126 0.00659589 -0.000906066 -0.0137163 0.000177088 -6.62935e-05 -0.00120666 -0.0350223 0.00028312 -0.0070585 -0.00474372 -0.000387431 -0.00744989 0.0251702 -0.002627 6.678e-05 -0.0320422 -0.0153595 -0.019538 -0.00266145 -0.00781145 -0.0160556 0.00117286 -0.00736968 0.0013871 -0.00913439 -0.00706415 -0.00286957 -0.00481694 -0.00272827 0.00108502 0.027611 -0.000548006 -0.00169525 0.0237896 0.00143658 0.0117435 -0.00589795 -0.00526521 0.00178337 -0.00782473 0.00293975 0.00216723 0.000796667 -0.00141431 -0.00755806 -0.00520835 0.00817111 0.0171177 -0.0127294 -0.0181639 0.00202124 0.000725641 -0.00332806 -0.00575947 -0.00159087 0.00420622 0.0032951 -0.00200102 -0.00736831 -0.00457408 -0.00369389 0.0167436 -0.000762491 
-0.007683 0.0652628 -0.0170575 -0.000731158 -0.0136725 -0.0249946 -0.022372 0.0105486 -0.00440814 -0.023557 -0.00639239 -0.0303351 0.00379683 -0.0116225 0.0021095 -0.00207232 -0.00176815 -0.00517248 0.00692044 -0.000394331 0.0191131 -0.0139593 0.0700228 -0.0413192 -0.00449999 -0.0181368 0.000927821 0.248504 -0.0203993 -0.00898104 0.0689425 -0.0013794 0.00131028 0.0326841 -0.0239356 0.0064352 0.0421365 0.0176807 -0.00984647 -0.048046 -0.0119327 0.0503592 -0.0202818 0.0961162 -0.0121997 -0.0140146 -0.0104307 0.0168201 -0.00460974 0.0402704 -0.00788927 0.00509616 0.0716122 -0.00848693 -0.00326513 -0.0422407 -0.0440409 -0.0451875 -0.022999 -0.0350123 0.00104131 -0.023129 -0.0278082 -0.00407944 0.00335432 -0.009689 -0.00541836 0.0655459 -0.0216957 0.00719226 0.0264642 -0.0385354 -0.0216747 -0.0132541 -0.0234434 -0.0156319 0.0117894 -0.0305318 -0.000787456 -0.00154051 -0.0112937 -0.00646327 -0.00351849 0.00711513 -0.032465 -0.0190787 -0.0228922 -0.0208114 -0.00493376 -0.0145813 0.0129232 -0.0046319 -0.00347712 -0.0125349 0.00809258 0.0297169 0.00735862 0.00728593 0.00383691 -0.0291575 
-0.00497549 -0.014427 0.00165095 -0.00207366 0.0118679 0.0062302 0.00354918 -0.00705561 0.00474769 0.00321904 -0.00513017 0.00533343 -0.0064236 0.00207844 0.000525544 -0.00258033 -0.000415951 0.000579809 -0.0169382 -0.00034762 -0.00339252 0.00239364 -0.0211199 -0.00313294 -0.00970117 -0.0170973 -0.0112348 -0.0203993 0.119069 0.00532612 -0.00474447 0.00318923 -0.000764648 0.00182888 0.00252626 -0.0082894 -0.0236639 -0.00735271 0.00112817 0.0112452 -0.00120683 -0.0190405 -0.00236901 -0.0136869 -0.00317143 -0.00857099 0.0014467 -0.0134544 -0.00618763 -0.019117 -0.00173119 -0.00461646 0.00153669 0.0240974 0.0358413 -0.00321184 0.0178654 0.0244209 -0.00412615 0.00760786 -0.00459129 0.0120164 -0.00791822 0.00531521 0.00577453 0.00688516 -0.000876821 -0.0284263 8.07573e-05 -0.00286063 -0.0205099 0.0145401 -0.00216354 -0.00935564 0.00690169 -0.000678415 -0.00031696 0.0133339 0.0108559 0.00132696 0.00529622 -0.00130895 0.002001 -0.00427672 -0.0085005 0.00125845 0.02441 0.00181802 0.00398108 -0.00571649 0.00556019 0.0027783 0.00237408 -0.00239986 0.000758357 -0.014507 0.00146614 -0.00068854 -0.0198481 -0.00134248 
-0.00111881 -0.00885877 -0.000422195 -0.000120102 0.00803711 -0.000344766 -0.00180594 0.000106727 -0.00288544 -0.0010634 -0.0038565 0.0014238 -0.00225796 -0.00174572 0.00119403 -0.00029835 -0.000185161 0.00205902 -0.00463078 -0.00067579 -0.00424009 0.000952654 -0.0107501 -0.0077016 0.0012447 0.00328213 0.000867504 -0.00898104 0.00532612 0.0509636 -0.00276774 0.00179697 0.00179566 -0.00665245 -0.00695916 -0.00373708 -0.00640874 -0.0029402 0.000548244 -5.78933e-05 -0.000962098 -0.00393589 -0.000509828 -0.01195 -0.0013328 0.00183372 -0.00334743 -0.00182848 -0.00164859 0.00317338 -0.00232556 -0.00106099 0.00608532 0.00219414 0.00061698 -0.000595386 0.00800267 0.00794594 0.000408116 -0.000703824 -0.000275955 -0.00029534 0.000764579 -0.00142166 0.00568627 0.000678522 -0.000189791 -0.00669403 0.000357429 -0.00108296 -0.00320176 -0.00329223 0.00102697 -0.0033445 0.00565919 -0.000902044 -0.00322347 -0.00490096 -0.00312261 0.000565718 0.0145157 0.00215784 -0.00173107 0.0008563 -0.000395199 -0.000810197 -0.001892 0.000826357 0.000926267 -0.00138873 -0.00322681 0.000852038 0.00853858 -0.000122805 -0.00140501 -0.00148029 -0.000140742 0.000603682 0.00796225 0.00437066 
-0.00772125 -0.00705471 -0.00829923 -0.000703906 -0.0381943 -0.00414666 0.000923654 -0.00609605 0.0318927 -0.00824499 -0.00312908 -0.00625634 0.00585041 0.000694737 -0.00358611 0.00165147 -0.000750129 -0.00207686 0.0210368 0.00168619 -0.0188583 -0.00360737 0.0923371 -0.0387232 -0.0114227 -0.0078562 0.000839041 0.0689425 -0.00474447 -0.00276774 0.190575 -0.00391756 0.00413861 0.0320767 -0.0340331 0.0148752 0.0679246 0.030904 -0.00517536 -0.0374804 -0.0229747 0.0494976 -0.0134279 0.0539573 0.00251439 -0.0272212 -0.0176113 0.0234476 -0.00378294 0.0273387 -0.00284546 -0.00346435 0.010975 -0.019717 0.00527863 -0.0154866 -0.0259085 -0.0555913 -0.00861089 -0.0199881 0.00132502 -0.0111357 -0.0102213 0.00152408 0.000347344 0.00784694 -0.00222337 0.0129286 -0.00444876 0.0132877 0.00628491 -0.0059415 -0.00867092 -0.0239151 -0.0148651 -0.00943635 -0.0135012 -0.0126004 -0.00929751 -0.00251551 -0.038628 -0.0108601 0.00528321 -0.0207271 -0.00912345 -0.0420763 -0.0505684 -0.0115902 -0.00286188 0.00899302 0.00383053 -0.00090207 0.000907752 0.000692134 0.0259812 0.0178537 0.00690308 -0.00833998 -0.0156693 -0.0117512 
-0.0022373 -0.00699948 2.25041e-05 0.00113832 0.00778649 -0.00297813 0.000366862 0.00210575 -0.000975404 -0.000102892 0.000843258 0.000179391 0.000975499 -0.00061953 0.000851464 0.00135753 4.76072e-05 0.0035754 -0.0028887 0.000126094 0.000334302 0.00168176 -0.00967104 0.003795 -0.000897914 0.000400659 -0.00154816 -0.0013794 0.00318923 0.00179697 -0.00391756 0.0501952 0.00185763 -0.00148943 0.0014903 -0.000746813 -0.00861066 0.00561607 -0.000563516 -0.00014256 -0.00168062 -0.000329088 0.00370305 -0.0102944 -0.00100794 0.00127379 -0.00208655 -0.00594481 -0.000740942 -0.00389602 -0.00207423 0.00191238 -0.00654884 -0.000560015 -0.00634345 -0.00377664 0.00744505 0.00835997 -0.000663336 -0.00403966 -0.0015111 -0.00374161 -0.000981883 -0.00104694 0.00653859 -0.000691693 7.44882e-05 -0.00744569 -0.000836153 -0.000493363 0.00785156 0.00152256 -0.000851826 -0.000627574 0.00123109 -0.000621252 0.00238753 -0.00512407 -0.00475478 -0.000279919 0.00383628 -0.00486595 -0.00135167 0.00451879 -0.00255656 0.0079969 0.000644515 0.000823918 0.000597349 -0.00097115 -0.000615569 0.000823269 -0.00115397 -0.000888408 -0.000716136 -0.00726936 -9.17491e-05 -0.000457996 -0.00408102 -0.0014919 
0.00269984 0.00316629 -0.00150322 4.8367e-06 0.00156386 -0.0013164 0.000931107 0.000890588 0.00132051 0.00189984 -0.0010193 0.0013771 0.0011395 -0.00185642 -0.00200793 0.000397389 -0.000315062 -0.00139391 -0.00404206 0.000315229 -0.00261917 0.00206553 0.0055133 -0.00501274 -0.00246061 -0.00587327 -0.00216335 0.00131028 -0.000764648 0.00179566 0.00413861 0.00185763 0.0580105 -0.000476998 0.0123626 0.00134066 0.00282067 0.00514867 -0.000740696 -0.0052067 0.00102452 -0.00213808 0.00318312 0.00521654 7.87989e-05 -0.00420221 -0.00226952 0.00600383 0.0119482 -0.0069472 -0.000381714 -0.000797935 0.00288564 -0.00256501 -0.00669155 -0.00296811 -0.00684667 -0.00971015 -0.000554361 -0.00110803 -0.000361191 -4.26504e-05 -0.0027186 -0.00273001 0.00630273 0.000818542 -0.000436527 -0.00822741 0.0046617 -0.00155224 -0.0105231 -0.000734791 -0.00127235 -0.00354484 0.000604915 -0.000122187 0.00383599 -0.00693824 -0.00589888 0.000680552 -0.0191828 -0.00210323 -0.00225934 -0.00495725 -0.000992342 -0.00282462 0.00298549 -0.000608942 -0.00119553 0.00387384 -0.00168008 -0.000271545 0.000871615 0.00345775 0.000828749 -0.00305538 -0.00103866 0.00456161 -0.00510077 0.000432353 
0.0177259 0.0126457 0.0053242 -0.00260374 -0.0415933 -0.00295459 0.0185227 -0.0123532 -0.00570568 0.00274384 -0.00587907 0.000955132 -0.00236159 0.0132024 -0.00562043 0.00211147 -0.00203756 -0.00952983 0.0267961 -0.00275416 -0.00538804 -0.00420059 0.0675411 0.00364133 -0.0197949 -0.0230212 -0.00169362 0.0326841 0.00182888 -0.00665245 0.0320767 -0.00148943 -0.000476998 0.222033 0.0163325 0.000832212 0.000686655 -0.0174195 -0.00702131 -0.0206027 0.00029703 -0.0146015 -0.000346743 0.0317167 0.0102299 -0.0153381 -0.00570432 0.0360728 0.0103856 0.0428302 0.00190701 -0.00174474 0.00383061 -0.0186565 -0.00689765 0.00175107 -0.0384113 -0.0498741 0.010265 -0.0169119 -0.00673027 -0.00346296 -0.0125211 -0.0094353 -0.00353229 -0.00979658 -0.00350281 -0.000147292 -0.0031178 -0.00383719 0.015921 0.00134854 -0.00176 -0.0191695 -0.017999 0.00593237 -0.00986268 0.0031984 -0.0020587 -0.00325799 -0.0496105 -0.0333841 0.00692327 -0.00485614 0.00873771 -0.0400224 -0.0418547 -0.00925295 -0.00334515 0.00336237 0.00700827 -0.000979858 -0.00501556 -0.00326312 0.00899926 0.0185574 0.0118491 0.00358579 -0.0400643 -0.0109129 
