0.092662 -0.00823339 -0.000920684 -0.0108357 -0.0147308 0.00545201 0.00464563 -0.00316149 -0.00280904 -0.00076094 -0.00546202 0.00151038 0.00100603 0.0134127 0.00646064 0.00530481 -0.0029071 0.0047847 -0.00266968 -0.00167238 0.00137229 -0.0221356 -0.000364757 -0.00239918 0.00186333 -0.00289058 -0.00438549 -0.000612648 -0.00380455 -8.8917e-05 -0.000649751 -0.00345113 -0.00516815 -0.00338149 -2.28358e-06 0.0190432 0.0193243 -0.0232878 -0.0025781 -0.00606021 -0.00395539 -0.00157423 0.000873878 -0.00180754 -0.00327433 -0.00100717 0.00203906 0.00218912 0.00193047 -0.0114869 0.00189522 -0.0038796 -0.00115998 0.00141559 0.000628534 -0.00320531 0.00244047 -0.0026127 0.000650877 -0.000732393 -0.00444019 -0.0239041 0.00649759 -0.00104408 -0.0114294 -0.0110622 0.00374944 -0.00598603 0.017829 -0.000696719 0.00973321 -0.00120663 -0.00246314 -0.00121884 -0.00427104 -0.000475437 -0.00332788 0.00666673 0.000334471 0.000687796 0.00160014 0.00155204 -0.000820902 -0.00167627 0.0101251 0.00472585 0.00125 -0.0055509 0.00112438 -0.00925793 0.00574677 0.00689356 -0.000681429 0.00986428 -0.00114333 -0.0112493 4.77554e-05 -0.00986381 0.000210324 0.00234524 
-0.00823339 0.151425 0.00145118 -0.01047 0.0170399 -0.000719852 -0.0147807 -0.00103515 0.00206998 0.00330796 0.0026345 -0.0226363 0.0103564 -0.0146232 -0.0284546 -0.00168239 -0.0114246 -0.0179551 -0.00697372 -0.00922481 -0.00893 0.0219074 -0.00233342 -0.00350351 -0.000773961 -0.00986408 -0.0145615 -0.00255364 -0.0034097 -0.00421093 -0.0113986 -0.0089242 -0.01038 -0.0100838 0.0025434 -0.00100461 0.00350375 -0.0023223 0.00665971 0.0166611 -0.00640839 -0.00726372 0.0020938 -0.00341087 0.000100949 -0.00147999 0.00708838 0.00219537 -0.00305733 0.0155826 -0.00189259 0.00533892 0.00528851 0.00195937 -0.000380586 -0.00151388 -0.000792152 0.0131201 -0.0026571 -0.0120743 -0.00455912 -0.0304941 0.00710001 0.00799602 0.020026 0.00944817 -0.00101188 -0.00296938 -0.0152724 -0.00230522 -0.00293453 0.00792291 0.00107182 0.00321155 -0.00394636 -0.000203723 0.00300515 -0.00363642 0.00270853 0.0145697 0.00378808 0.0133552 0.0211576 0.00185153 -0.00759454 -9.9153e-05 -0.00372608 0.00102097 -0.00310361 0.0162471 0.0037035 0.00981949 -0.0043906 -0.0251555 -0.00328433 -0.00462609 -0.00121922 -0.0117345 0.000408806 -0.0250746 
-0.000920684 0.00145118 0.0394719 -0.00150406 0.00719477 0.000860736 0.00306022 5.0037e-06 -0.00106684 -0.000444461 -0.00266284 -0.00512544 -0.00122876 -0.0103405 -0.000496911 -0.000400529 0.0018966 -0.00928048 0.00119828 0.00851125 -0.000624035 -0.00091588 -0.000767461 0.00610419 0.000150636 -0.00452667 -0.00351267 0.000248836 0.00598861 -0.00123463 0.000838671 0.00595969 -0.000154395 -0.00209159 -0.000118491 -0.00167903 -0.0106265 0.00246627 0.0010264 0.000976073 -0.000258284 -9.14395e-05 0.000192234 -0.000750003 0.00093278 -0.000108539 0.00310144 0.00563125 0.0015189 0.0105212 0.00173141 0.0137648 0.00302425 7.58297e-05 -0.000599745 -0.000932813 -0.000272125 -0.00204719 0.0021501 0.000877237 0.000263055 -0.00223184 -0.00854447 -0.000472539 -0.000467326 -0.00402682 -0.000533737 0.00875604 -0.0117333 0.00264057 -0.000441138 4.572e-05 -0.00160535 0.000742652 0.000204814 -0.000165576 -0.00146106 -0.00648951 0.000816494 -0.00275325 0.002092 -0.00047168 -0.00205573 -0.000825337 -0.00108076 -0.000491143 0.000415848 0.0051311 0.00184538 0.00396556 -0.00081965 -0.00335958 -0.000254227 -0.0119738 -0.000568176 -0.00761104 -0.000286839 -0.00971685 -0.00192783 -0.0106985 
-0.0108357 -0.01047 -0.00150406 0.239091 0.00031646 -0.00913659 0.00979544 -0.00320841 0.00172971 -0.00418634 -0.000790314 0.015752 -0.01874 -0.00846314 0.0282188 -0.0043787 -0.00889533 0.0048115 -0.00297283 0.0031194 -0.000144408 0.00390713 -0.000125107 -0.000290643 -0.00137745 0.0122821 -0.0143478 -0.00482926 0.000668951 -0.0106391 0.0047533 -0.00202723 0.000972952 -0.0102879 -0.00205583 -0.0532556 -0.021856 0.0377504 -0.00772582 -0.016298 0.00314799 -0.0116242 -0.0027823 -0.00669828 -0.00129453 -0.003373 -0.0164889 0.00204793 -0.00510765 -0.0172996 -0.00357187 -0.0164326 -0.016537 -0.0110101 0.00364956 0.00141978 0.00427862 0.00206709 -0.00760751 0.0011483 -0.0110722 0.033646 -0.0111668 -0.00219092 -0.00283688 -0.0557002 -0.002301 -0.00376448 -0.0158751 -0.0162556 -0.00699908 -0.00511674 -0.00587353 0.0216914 -0.00429825 0.000639209 -0.00348016 0.0210123 -0.0139037 -0.0100357 -0.00353568 -0.00997111 -0.0027764 0.00911413 -0.00683667 -0.00490884 -0.00256307 0.00714073 -0.0025629 0.0182061 -0.0140735 -0.0179154 0.00708144 0.0209018 0.0014892 0.0114288 -0.0103972 0.0166008 0.00503867 0.0401613 
-0.0147308 0.0170399 0.00719477 0.00031646 0.176868 0.00215621 0.0343277 0.0113029 -0.00844355 0.00346716 -0.0100838 -0.00403568 -0.00607391 -0.0441373 -0.017348 -0.0063933 -0.00390651 -0.048148 -0.00207368 0.0125536 0.00591614 0.0373943 0.000956482 0.000259195 -0.00401341 -0.00015319 -0.0185561 -0.00244944 -0.00525384 -0.00525599 0.0153054 0.00336239 0.00273759 -0.0141934 0.00135874 -0.0164999 -0.0116825 0.0428531 0.00552753 0.0238555 0.00258318 -0.00239587 -0.00617436 -0.00526692 0.0197627 -0.00233628 -0.00397113 -0.00514493 -0.00300608 0.0510488 -0.00365344 0.0177645 0.00926722 0.00380123 -7.34148e-05 0.00250114 0.00251932 0.0144087 -0.000306759 -0.0110602 -0.00145572 0.00200928 -0.0357459 0.00115668 0.0214651 0.0097175 -0.00179139 0.00132355 -0.0409563 -0.00645303 -0.00079915 0.0157061 0.0108029 -0.0100737 -0.000100264 -6.99093e-05 0.00675474 -0.046889 -0.00673528 -0.0132401 0.000971742 -0.000217658 -0.00850575 -0.00400649 -0.00238863 -0.00590858 -0.00332389 0.00817249 0.00530174 0.0226912 0.000560835 -0.0309931 -0.00427974 -0.0225371 -0.00369967 -0.031312 -0.00272661 -0.0110245 0.00489507 -0.0578832 
0.00545201 -0.000719852 0.000860736 -0.00913659 0.00215621 0.0404389 0.00117333 0.000106 0.000438477 0.000379464 -0.00203629 -0.00159144 0.00113625 -0.00227044 0.00632641 -0.000707798 -0.00146975 0.00531334 -0.00159758 -0.00128309 -0.000693123 -0.00643631 -0.000722572 0.00141138 0.000702413 -0.00505007 -0.00429236 -0.00050114 -0.000897013 -0.000294218 0.0052658 -0.000720857 -0.000118573 -0.00127213 -0.000168195 -0.00110238 -0.00904716 0.00291354 -0.00162477 -0.000694874 -0.00122939 -0.000642952 -0.000136301 0.000749494 0.00226821 8.74325e-05 -0.000833948 0.00298966 -0.000407617 0.00252897 0.000655639 0.00417809 -0.00120739 -0.00047586 0.00146292 -0.000668081 0.00154969 -0.00199297 0.00121232 0.00565858 -0.000256099 -0.00434343 0.001244 -0.00049326 0.000401428 0.00191569 -0.00100313 0.00292276 -0.00103554 0.00484525 -0.000889224 0.00127437 -0.00219814 0.00240577 -0.00229602 -0.000139952 -0.00279212 -0.0056813 -0.000396486 -0.00250783 -0.00165596 7.82568e-05 -0.00592501 -0.000469613 -0.000867102 -0.00131179 -0.000400233 -0.000927943 0.00102466 0.00119842 -0.000999366 -0.000464109 0.000303058 0.00366635 -0.000442543 -0.00145115 0.000379835 -0.007591 -0.00773682 -0.00275691 
0.00464563 -0.0147807 0.00306022 0.00979544 0.0343277 0.00117333 0.237468 -0.000319238 -0.00670944 -0.00292899 -0.00547588 0.00684996 -0.0114002 0.031539 0.00550916 -0.0106873 -0.0195618 0.0510145 -0.00467169 -0.00434135 0.00544027 0.027245 -0.00604806 -0.014066 -0.0078489 0.0243665 0.00852533 -0.0143058 -0.0204653 -0.000414047 0.00114385 -0.0162376 0.0108234 -0.00593537 -0.00510562 0.0123354 0.0285913 0.028226 -0.00490823 -0.0673284 -0.013906 -0.010518 -0.0162546 -0.0014049 -0.0196407 -0.00581425 -0.00640743 -0.00518482 0.000354754 -0.027125 -0.00552622 -0.0295692 -0.00935491 -0.0109488 -0.000843343 -0.00600608 -0.00275232 -0.0144441 -0.00345251 0.0136836 -0.00802891 0.0395843 0.0127008 -0.0106973 -0.00939821 -0.00493076 -2.43755e-05 -0.0113404 0.0366258 -0.036047 -0.00912394 -0.0285498 -0.0108049 -0.0856023 -0.0202275 -0.0013641 -0.00553377 0.00683882 -0.017459 -0.00175667 0.00960425 -0.0150978 -0.00370647 0.00381202 -0.00487139 -0.00742121 -0.00882551 -0.015823 0.000620966 -0.0187782 0.00571938 -0.033731 -0.00894778 0.0614026 -0.00524495 0.0138493 -0.00220038 0.0519402 0.0039044 0.0255087 
-0.00316149 -0.00103515 5.0037e-06 -0.00320841 0.0113029 0.000106 -0.000319238 0.0728592 -0.00126741 3.65807e-05 0.00209944 0.00204839 -0.00121075 -0.00240785 -0.010786 0.00389315 -0.00364133 -0.0234932 -0.00383094 2.61863e-05 0.0112161 0.00354489 0.00296551 0.00170093 -0.000798811 -0.00310678 0.000461405 0.00068635 0.000643271 0.000710459 0.00529728 0.00010277 0.00210391 -0.00513432 0.00102584 -0.012174 -0.01119 0.00561867 -6.02884e-05 -0.000164808 -0.000874597 0.0035502 -3.50057e-05 0.00219547 0.00416049 0.000928867 0.00698349 -0.000733333 0.00131698 0.00969373 0.00171148 0.00640601 0.0075716 0.00280148 -0.00063828 0.00162096 0.00270941 0.00139513 -0.000643997 0.0015308 0.00279085 0.0024781 -0.012214 -0.000847001 0.00683774 0.00096984 4.25226e-05 -0.00374814 -0.013012 0.000724572 0.0102309 0.00503639 0.00102648 0.000905954 -0.00381696 3.84406e-05 -0.00150753 -0.0151511 -0.00520253 -0.00149986 0.000715041 0.000214879 -0.002269 -0.00242879 0.00364609 -0.00137984 0.00196928 -0.00489711 0.00102665 -0.00790281 0.00109939 -0.0088934 -0.000943724 -0.00842481 -6.18097e-05 -0.0166392 0.00256111 0.00124364 -0.00621218 -0.0196205 
-0.00280904 0.00206998 -0.00106684 0.00172971 -0.00844355 0.000438477 -0.00670944 -0.00126741 0.047764 -0.00048387 -0.00190848 -0.00478299 0.00933189 -0.00459707 -0.000861763 -0.000633774 -0.00423819 -0.0086783 -0.00275825 -0.00222589 0.00346164 0.00119369 0.00268897 -0.000830534 0.000689446 0.0018727 -0.00554852 -0.000203604 -0.00203255 0.000982092 -0.000638985 -0.00301828 -0.00319414 -0.00403274 -0.000418477 -0.00692429 -0.0111061 -0.00669756 -0.000681053 -0.00772209 0.00124576 0.00364933 0.00434259 0.00282323 -0.000605488 0.000429804 0.00408254 0.00848202 0.00149087 -0.010469 0.000613573 -0.00378984 0.00120975 0.00114212 0.000455129 0.000933792 -0.000990674 -0.00399877 -0.000483405 0.00373664 -0.00173528 -0.0165822 0.0039419 0.00560495 -0.00571233 -0.0107303 -0.000194138 -0.00261682 -8.38123e-05 -0.000691805 -0.000424159 -0.00303884 -0.00226818 0.00256382 0.000537555 0.000113728 0.0093338 0.00511315 0.00427995 0.0101378 -0.00116317 0.0046396 0.00852856 0.00909481 8.14087e-05 0.00367272 -0.000158504 0.00732962 8.09718e-05 0.00567475 -0.00148127 -0.00557544 0.00026663 -0.00420523 0.000964254 -0.00480977 0.000997994 -0.0108974 0.00175872 0.00564323 
-0.00076094 0.00330796 -0.000444461 -0.00418634 0.00346716 0.000379464 -0.00292899 3.65807e-05 -0.00048387 0.0225005 0.00264471 -0.000747733 0.000899752 -0.00452172 -0.00442701 0.00135706 -8.54109e-05 -0.00692191 0.000232818 -0.000589293 -0.000921304 0.00471419 -0.000224744 -0.000962376 0.00151832 -0.000860618 -0.00212676 -0.000456298 0.000343184 6.47429e-05 -0.00128867 -0.00181856 -0.0015534 -0.000738215 0.000241275 -0.00276565 8.86729e-05 -0.00205371 -4.95625e-05 -0.00125372 -0.000715728 -0.000499901 -0.000231115 -0.000384489 -0.000489384 -0.000242482 0.00379834 -9.16145e-05 -0.000207372 -0.00324707 -4.82335e-05 -0.000943165 0.0012406 0.000604279 0.000488422 0.000528352 -0.000542979 0.000669541 0.00323361 -0.00294826 -0.000323963 -0.00341098 -0.00384422 0.000925723 0.00320979 -0.00428976 0.000415546 -0.00101377 -0.00293374 -0.00111774 3.41988e-05 0.000340986 0.00191097 0.00322582 0.00525195 0.000241518 -0.000417287 -0.00316582 0.00577853 2.79334e-05 0.000433305 0.00499193 0.00639878 -0.000480186 -0.000614083 -7.00236e-05 -0.000307424 0.00597262 -0.00035804 0.00749741 0.000926693 -0.00176452 -0.000582807 -0.00739584 -0.000204476 -0.0033062 -0.000109507 -0.00418786 0.000853796 -0.00713575 
-0.00546202 0.0026345 -0.00266284 -0.000790314 -0.0100838 -0.00203629 -0.00547588 0.00209944 -0.00190848 0.00264471 0.121638 0.010047 -0.00345757 0.0114304 -0.0229509 0.00241389 0.00982193 -0.0171739 0.00536301 -0.00713928 -0.00446921 0.000809904 0.00127964 -0.0066983 -0.000945666 -0.0133818 0.00534702 -0.00108135 -0.00156071 -0.00281526 -0.0071834 -0.00129716 -0.00871601 0.00488727 -0.00141253 -0.00166868 -0.00281884 -0.0216266 -0.00214165 -0.0130917 -0.00254318 -0.00210313 -0.00113957 0.000485051 -0.000147265 4.16177e-05 0.00605345 -0.00266002 -0.0022914 -0.00275314 0.000786616 -0.00954436 -0.00284476 -0.00458365 0.00070402 -0.00135749 -0.00313045 -0.00758112 0.000553649 -0.00432111 0.00845621 0.000446572 -0.0189828 0.000808048 -0.00362864 -0.0180514 -0.00187935 -0.00971449 0.00691765 0.00962494 0.00554848 -0.00245308 -0.00657845 0.0139979 0.0107851 -0.000144861 -0.000116744 0.00999593 0.0229794 0.00806496 0.00621629 -0.00115966 0.00129541 -0.000809008 -0.00132894 0.00692575 -0.00207573 0.00597515 -0.00128834 0.00669046 -0.00419785 -0.00108572 0.000554289 0.00466164 -0.00125879 0.00722127 -0.000246866 -0.0245549 0.00848464 -0.0180849 
0.00151038 -0.0226363 -0.00512544 0.015752 -0.00403568 -0.00159144 0.00684996 0.00204839 -0.00478299 -0.000747733 0.010047 0.175329 -0.00978041 0.029964 -0.00156331 -0.000554653 0.0320773 -0.00213513 0.0126488 -0.00833913 -0.00269857 0.0320816 0.00421614 -0.0160156 0.00174525 -0.0361653 0.0405227 -0.00256785 -0.00734637 -0.00412293 -0.0115561 -0.017256 1.96594e-05 0.0191289 -0.00131183 0.0145568 -0.0228149 -0.0112837 -0.00328299 -0.0335626 -0.00681102 -0.0118818 -0.00758893 -0.000341072 -0.00471848 -0.00305974 -0.000406465 -0.0061151 -0.00435256 -0.0377582 -0.00165854 -0.0259959 -0.00947522 -0.00526458 0.0046589 -0.000463261 0.0106648 -0.0103823 -0.00312354 0.0040397 0.00806277 0.0337803 -0.0113348 -0.006381 0.00265316 -0.0196477 -0.00558948 -0.00800244 0.0213078 -0.00871559 -0.000640904 -0.0173466 -0.00688357 -0.0215639 0.00295785 0.000314901 -0.00274506 -0.0205387 0.0311777 0.00117036 -0.00389645 0.00663461 -0.016593 -0.00587977 0.0025592 0.00659285 -0.00409064 -0.00742718 -0.00296213 0.00751752 -0.00343015 -0.0325424 0.00561323 0.0434254 0.00022348 -0.00398249 -0.00691966 0.0226762 -0.0253406 -0.00140062 
0.00100603 0.0103564 -0.00122876 -0.01874 -0.00607391 0.00113625 -0.0114002 -0.00121075 0.00933189 0.000899752 -0.00345757 -0.00978041 0.0795498 -0.001089 -0.00914324 2.77746e-05 -0.00400949 -0.0124602 -0.00338636 -0.0020323 -0.00036056 0.000511895 0.000889179 -0.00364956 0.000466339 -0.000870798 -0.00524757 -0.00018431 -0.00175272 0.00124865 0.00141647 -0.00272597 -0.000406535 -0.00522097 -8.88888e-05 -0.00310618 0.00824254 -0.00838913 0.00289169 0.00264197 -0.00117069 0.00326186 0.00279945 0.000840075 -0.00341499 0.000660885 0.00299767 0.00333753 0.000820519 0.00102816 0.000943253 -0.00175045 0.00506843 0.00197271 -0.000388814 0.000762678 -0.00251833 -0.003851 0.00276253 0.00231238 -0.0029801 -0.0114198 -0.00496195 0.00114621 -0.00909606 -0.00413403 -0.00259448 -0.00405283 -0.0121559 -0.00351211 4.5528e-05 -0.00100085 -0.000198274 0.00671633 0.000821691 -6.64979e-05 0.00501931 -0.00943413 0.00937799 0.00220842 -0.00190036 0.00400555 0.00946681 0.0013145 6.07985e-06 0.00386209 0.00145719 0.00734063 0.00039107 0.0132666 0.00142367 -0.000146322 -0.000592194 -0.0115311 -0.000305562 -0.00241456 0.00125379 -0.0046147 -0.00317782 9.12673e-05 
0.0134127 -0.0146232 -0.0103405 -0.00846314 -0.0441373 -0.00227044 0.031539 -0.00240785 -0.00459707 -0.00452172 0.0114304 0.029964 -0.001089 0.225886 0.01052 0.00514317 0.0138892 0.0753353 0.00970349 -0.0186889 -0.00400976 -0.0112883 0.00303482 -0.0202105 -0.00252175 -0.0416484 0.0404265 -0.00878604 -0.0137275 -0.00409782 -0.0033074 -0.0260842 0.00687055 0.0151131 -0.00442779 0.00908971 0.00278206 0.00584876 -0.011542 -0.0528681 -0.0108351 -0.0189723 -0.00528062 -0.00530553 -0.0158656 -0.00544112 -0.0189385 -0.0105216 -0.00021719 -0.0437444 -0.00444241 -0.0403571 -0.0113059 -0.00644004 -0.0036928 0.000882373 0.00544679 -0.0314255 -0.0105856 0.00876476 -0.0077299 0.0445429 0.0254106 -0.00945448 -0.00986466 0.00899116 -0.00517125 -0.00923201 0.0670954 -0.0137022 -0.00654741 -0.0248469 -0.016412 -0.0125358 -0.0196541 -0.0011734 -0.0130937 0.0382724 -0.00564076 -0.0258999 -0.0013883 -0.0145144 -0.0181492 -0.0123375 -0.00519074 0.00733775 -0.0030921 -0.00882769 -0.00100411 -0.0256229 0.00187062 -0.0131156 -0.00490866 0.0606055 -0.00503167 0.039092 -0.0100678 0.035305 -0.0287332 0.0383662 
0.00646064 -0.0284546 -0.000496911 0.0282188 -0.017348 0.00632641 0.00550916 -0.010786 -0.000861763 -0.00442701 -0.0229509 -0.00156331 -0.00914324 0.01052 0.244582 -0.000487233 -0.0066117 0.0700794 -0.0140708 0.0081678 -0.0175023 -0.0660443 -0.00773741 0.0254775 -0.00150167 -0.0334767 -0.0327937 0.00169924 2.0465e-05 -0.00502717 0.025878 -0.00353457 0.0194532 -0.0212865 -0.00077558 0.000190343 -0.000607938 0.0857447 -0.0178095 -0.0351365 0.00869204 -0.00790225 -0.00145328 -0.00112737 -0.004732 -0.00405141 -0.0243062 -0.00266711 -7.10338e-05 -0.0227126 4.12626e-05 -0.00686487 -0.0124075 0.00897378 -0.00447924 0.012051 -0.000133401 -0.0230953 -0.005556 0.0439784 0.00261826 0.0596242 -0.00378253 -0.0107019 -0.0105234 0.00479193 -0.00298325 0.00705277 0.00435324 -0.0148101 -0.00669803 -0.0300867 -0.0205831 -0.0342209 -0.00941999 -0.00044471 -0.0106904 0.0512361 -0.0306383 -0.0337135 -0.0128585 -0.0211855 0.00277106 -0.012613 -0.0115919 -0.00448846 -0.00164871 -0.0198477 0.000216358 -0.0443668 -0.0131703 -0.0428155 0.0107514 0.0502603 0.00536871 -0.0403715 -0.00919296 0.0538133 -0.0157902 0.0863109 
0.00530481 -0.00168239 -0.000400529 -0.0043787 -0.0063933 -0.000707798 -0.0106873 0.00389315 -0.000633774 0.00135706 0.00241389 -0.000554653 2.77746e-05 0.00514317 -0.000487233 0.0365959 -0.00341216 -0.00333282 0.000440843 -0.000749511 -3.2645e-06 -0.00453489 0.00112988 0.000910149 0.00203081 -0.0011465 -0.00293844 0.00053844 -0.000654332 -0.000170323 0.000326325 0.000734091 -0.00234092 -0.00155846 0.00113737 -0.00309947 0.00134306 -0.00177528 -0.000771532 -0.000279154 -0.00108969 0.00125336 0.00522526 -0.000171841 0.00135621 0.00231463 0.00392446 0.000247828 0.000860698 -0.00753896 0.000672179 0.000685666 -0.00109799 -0.000932316 -0.000582827 7.36303e-05 0.000523039 0.00110926 0.00266283 -0.00287881 -0.000311209 -0.0114799 -0.0066245 0.000336779 -0.00112045 -0.00742173 0.00124007 -0.00212957 0.00036722 2.68621e-05 0.00708936 -7.61249e-05 -0.000707158 0.0125122 0.000646505 5.07689e-05 -0.00144871 -0.000270071 0.00426774 0.00115726 -0.00111839 0.00405581 0.000482194 -0.00167566 0.00190688 0.000465676 0.00101128 0.00333368 0.000857325 0.00355232 9.76712e-06 -0.000791042 -0.000644465 -0.00571103 -0.000451469 -0.00361996 5.78357e-05 -0.00733775 -0.00447105 -0.00326788 
-0.0029071 -0.0114246 0.0018966 -0.00889533 -0.00390651 -0.00146975 -0.0195618 -0.00364133 -0.00423819 -8.54109e-05 0.00982193 0.0320773 -0.00400949 0.0138892 -0.0066117 -0.00341216 0.125495 0.00172474 0.00758193 0.000113526 0.00056039 0.00695445 0.00352882 0.00144411 0.000877329 -0.0276551 0.022405 0.000921333 0.0037188 -0.00142808 -0.00629404 -0.00904957 -0.00618635 0.0140714 -0.0015608 -0.00247909 -0.0307279 -0.0033133 -0.00209516 -0.00320961 0.000343976 -0.00203999 -0.00328873 -0.000984178 -0.00139542 -0.00136997 -0.00317576 -0.00444879 -0.000801697 -0.000514367 -0.000153215 -0.00641372 -0.000213131 -0.000453062 0.00100731 -0.000437613 0.006367 -0.00549578 -0.00467834 -0.000190196 0.00351572 0.0208523 -0.00106425 -0.00304329 0.0030726 0.00725828 -0.000687699 0.00862546 -0.000634468 0.00345825 -0.00475595 -0.00434781 -0.00420104 -0.00387087 0.000838723 -0.000224873 -0.00596773 -0.0134903 0.00758492 -0.00794968 -0.00160441 -0.00247143 -0.0037386 -0.00455495 0.000515652 -0.00225987 0.000505771 0.00205757 -0.000354055 -0.00589284 -0.00645635 -0.016694 0.00241328 0.0179172 -0.000854748 -0.00815813 -0.0025874 -0.00786261 -0.0211847 0.00171251 
0.0047847 -0.0179551 -0.00928048 0.0048115 -0.048148 0.00531334 0.0510145 -0.0234932 -0.0086783 -0.00692191 -0.0171739 -0.00213513 -0.0124602 0.0753353 0.0700794 -0.00333282 0.00172474 0.249945 -0.00184695 -0.017681 -0.0107333 -0.0359097 -0.012538 -0.00978283 -0.00307416 -0.0146081 0.0263796 -0.0125861 -0.0167416 -0.00414823 0.00821909 -0.0162808 0.0197439 0.0108626 -0.0030201 0.00735998 0.0106915 0.0459123 -0.0095524 -0.0398445 -0.00537073 -0.0284991 -0.00839155 -0.00532558 -0.0165963 -0.00777265 -0.0346398 -0.0201637 0.000135325 -0.0344648 -0.00677526 -0.0270382 -0.0235894 -0.0109661 -0.00454467 -0.00120746 -0.000905982 -0.0313928 -0.0174523 0.0310548 -0.00878734 0.0493019 0.0381099 -0.0140027 -0.0105384 0.0234274 -0.00936581 -0.00154981 0.0539901 -0.0135 -0.015695 -0.0163301 -0.0101404 -0.0534193 -0.0290367 -0.00162522 -0.0211652 0.0599151 -0.0385086 -0.0349685 -0.00534602 -0.0256116 -0.0288368 -0.00957561 -0.0171847 -0.00735856 -0.00666351 -0.0305413 -0.00151526 -0.0513477 0.00176642 0.0155677 0.00310943 0.0977673 -0.000408308 0.043977 -0.0130196 0.0634754 -0.0365337 0.0818243 
-0.00266968 -0.00697372 0.00119828 -0.00297283 -0.00207368 -0.00159758 -0.00467169 -0.00383094 -0.00275825 0.000232818 0.00536301 0.0126488 -0.00338636 0.00970349 -0.0140708 0.000440843 0.00758193 -0.00184695 0.0721408 -0.00226977 -0.00242579 0.00775289 0.00327912 0.00179837 0.00161013 -0.0143187 0.0103189 -0.00153452 0.00258555 -0.00269588 -0.00336026 -0.00370778 -0.00650512 0.0273313 -0.000675726 0.0151516 -0.0168286 -0.0144819 -0.00288251 -0.0125655 -0.00320845 -0.00411546 -0.00271468 -0.00087649 -0.00182879 -0.00147142 -0.000408399 -0.00150537 -0.00145332 -0.0113527 8.48475e-06 -0.0036383 -0.0014627 -0.00289809 0.00045251 -0.000465498 -0.00148801 -0.00552622 -0.00245256 -0.00875524 0.00425705 0.00141511 0.000913349 0.000303008 -0.00655604 0.00578817 0.00299998 -0.00384519 0.0109328 -0.00337929 -0.000317316 -0.00336398 -0.00497964 0.00523396 0.00149194 0.0011226 0.00383264 -0.00199007 0.0124552 -0.0052852 0.00351222 -0.00168448 -0.00446585 -0.00228426 -0.00342391 0.00226532 -0.0018772 0.00750103 -0.000679443 0.00579462 0.00309796 -0.00471441 -0.00195985 -0.000500276 -0.000465255 0.0139805 -0.00259596 -0.00851652 -0.00698872 -0.00989721 
-0.00167238 -0.00922481 0.00851125 0.0031194 0.0125536 -0.00128309 -0.00434135 2.61863e-05 -0.00222589 -0.000589293 -0.00713928 -0.00833913 -0.0020323 -0.0186889 0.0081678 -0.000749511 0.000113526 -0.017681 -0.00226977 0.0771529 -0.00173449 -0.0124113 -0.00183584 0.0065307 -0.00043703 0.00121841 -0.010074 -0.000269813 0.0109191 0.000416399 0.00231921 0.02409 -0.00259046 -0.0047058 0.000847546 -0.00368428 -0.00228084 0.0077929 -0.0016227 0.0150955 0.00167662 0.000317261 -0.00277195 0.000401898 -0.00132871 0.000116939 -0.00269479 0.00304876 0.00136501 0.0111484 0.00140055 0.0152591 -0.00137693 0.00354767 0.00270401 0.00244243 -0.00165764 0.00792337 0.00375932 0.000452085 -0.00147557 -0.00525822 -0.0172311 0.00116262 -0.00874307 -0.0125085 -0.00251455 0.0064179 -0.0200793 -0.00473171 0.000752058 0.00643756 0.0137716 0.00295302 0.00437863 -0.000212595 -0.00369491 -0.00877995 -0.00707424 -0.00480129 0.000189114 -0.00344454 -0.00763827 -0.00161864 0.00247145 -0.00395103 -0.000430008 0.00161399 0.00171146 -0.00578736 0.000589026 0.00737462 -0.000631975 -0.0180571 -0.000747551 -0.0021772 0.00191209 -0.00566229 0.00327579 -0.0144844 
0.00137229 -0.00893 -0.000624035 -0.000144408 0.00591614 -0.000693123 0.00544027 0.0112161 0.00346164 -0.000921304 -0.00446921 -0.00269857 -0.00036056 -0.00400976 -0.0175023 -3.2645e-06 0.00056039 -0.0107333 -0.00242579 -0.00173449 0.0624307 -0.00346257 0.00659345 -0.00130295 -0.000373919 0.0200541 -0.000648553 0.000567904 -0.00281979 0.00255255 -0.000386536 -0.00298205 -0.00498475 -0.0045365 1.13751e-05 -0.00634773 -0.00280426 -0.00362624 -0.00222433 -0.00114849 0.000770821 0.00726152 6.79322e-05 0.00298397 0.00734906 0.000798 0.00603675 -0.000612913 0.000554964 -0.00144034 -0.000239714 -0.0051231 0.000494513 -0.000267707 0.00202675 -0.00194073 0.00257452 -0.0046142 -0.00141476 -0.000647037 -0.00187676 -0.00611734 -0.00130253 -0.000899831 0.0033482 -0.0105049 0.00085099 -0.00161858 -0.00615594 -0.00363635 0.00218832 -0.00390206 -0.00116356 9.59478e-05 -0.00262494 -0.000147851 0.00794683 -0.0111227 -0.00239636 0.00538446 -0.00172125 0.00370068 0.00258712 0.0117216 0.00835615 -0.000900693 0.00065302 0.000174913 0.003087 -0.000305508 -0.000608458 -0.00844299 0.000204121 -0.00715086 0.000525388 -0.00730855 0.00247403 -0.00766653 -0.00421349 -0.00340708 
-0.0221356 0.0219074 -0.00091588 0.00390713 0.0373943 -0.00643631 0.027245 0.00354489 0.00119369 0.00471419 0.000809904 0.0320816 0.000511895 -0.0112883 -0.0660443 -0.00453489 0.00695445 -0.0359097 0.00775289 -0.0124113 -0.00346257 0.213681 -0.00185906 -0.0078752 0.00195225 0.0155693 0.0244063 -0.00556113 -0.00509493 -0.000304451 -0.0111492 -0.00991736 -0.0108411 0.0162367 -0.00092322 -0.0226031 -0.0277533 -0.0371388 0.00961857 -0.00239456 -0.00352659 -0.00498354 -0.00169024 0.00178013 -0.00295888 -0.0018869 0.00866585 -0.00134283 -0.00546568 0.0215567 -0.00438335 0.00269929 -0.00319511 -0.00715366 -0.00014427 -0.00971943 -0.00298931 -0.00246928 -0.00295423 -0.0201392 -0.00229544 0.0162402 -0.0254611 0.00510477 0.00557522 0.00213392 -0.0020736 -0.0074039 0.00244711 -0.0087914 -0.00655529 -0.00514257 -0.00124216 0.0108106 0.00615588 0.00061162 0.00763458 -0.047308 0.024852 -0.0105343 0.00477822 0.00916639 -0.00600399 -0.00129601 -0.0105032 0.000277708 -0.00504425 0.0248191 -0.0035761 0.0521003 -0.00841138 -0.0306206 -0.00929788 0.0104938 -0.00413299 -0.0139615 -0.00593342 0.00538792 -0.0157961 -0.0398303 
-0.000364757 -0.00233342 -0.000767461 -0.000125107 0.000956482 -0.000722572 -0.00604806 0.00296551 0.00268897 -0.000224744 0.00127964 0.00421614 0.000889179 0.00303482 -0.00773741 0.00112988 0.00352882 -0.012538 0.00327912 -0.00183584 0.00659345 -0.00185906 0.0422195 -0.000687043 0.000613774 0.000788635 -0.000337946 -0.00101549 0.000612323 -0.000814865 -0.000764443 -0.00247901 -0.00180713 -0.00240419 0.000889882 5.47822e-05 -0.00828978 -0.00357246 -0.000245292 -0.00292275 -0.000941396 0.00398617 -0.000808205 0.000718665 0.00126736 -0.000594382 0.00244621 0.000818993 -0.00023197 -0.00637984 0.00169781 -0.00314596 0.000286161 -0.00038061 -0.000228865 0.000620539 0.000935796 -0.00324245 -0.000763337 -0.00242926 0.00166732 -0.00705149 -0.00256295 0.000255388 0.00671634 -0.00617666 -0.000428636 -0.000207183 -0.00336699 -0.00195366 8.73823e-05 -0.000916531 -0.0013254 0.00456312 0.00442808 0.000178946 0.00487086 -0.00405838 0.00645854 0.00679842 -0.00132748 0.00205947 0.002428 0.0024615 0.00268518 0.000903672 0.000460161 0.00527062 0.00023284 0.00397007 0.000829426 -0.00413218 -0.00021285 -0.0107973 -0.000707097 -0.0034822 -0.000437936 -0.0106201 0.00152488 -0.00856068 
-0.00239918 -0.00350351 0.00610419 -0.000290643 0.000259195 0.00141138 -0.014066 0.00170093 -0.000830534 -0.000962376 -0.0066983 -0.0160156 -0.00364956 -0.0202105 0.0254775 0.000910149 0.00144411 -0.00978283 0.00179837 0.0065307 -0.00130295 -0.0078752 -0.000687043 0.0933407 0.00164737 -0.0118442 -0.0102834 0.00525127 0.00553034 -0.00304199 0.00643939 0.00893212 -0.00336913 -0.00332396 0.00100808 -0.0133116 -0.0199642 0.00820275 -0.00406444 0.00597057 0.00207476 0.00306897 0.00218069 -0.00142292 0.00410013 0.000916602 -0.00294532 0.00462237 -0.000110787 0.0142734 0.000226743 0.0194721 -0.00339209 5.18925e-05 -0.00114425 0.00125926 -0.00284085 -0.00104507 -0.00217527 0.00758826 0.00107517 0.00528991 -0.00317797 -0.000287536 -0.00360751 0.00631414 -0.00026322 0.00761399 -0.00978994 -0.00264079 -0.00115591 0.00475461 -0.0011203 0.0182695 0.00167645 0.000100816 -0.000767912 -0.00585742 -0.0100725 -0.00851326 -0.000421187 -0.00463648 -0.00586248 -0.00385444 0.00220818 -0.00157339 0.000431288 0.00675369 0.000686001 -0.00326293 -0.00421501 -0.0078392 -0.000651985 -0.00229007 0.00221328 -0.0250999 -0.000407284 -0.0105311 -0.0140424 0.00531439 
0.00186333 -0.000773961 0.000150636 -0.00137745 -0.00401341 0.000702413 -0.0078489 -0.000798811 0.000689446 0.00151832 -0.000945666 0.00174525 0.000466339 -0.00252175 -0.00150167 0.00203081 0.000877329 -0.00307416 0.00161013 -0.00043703 -0.000373919 0.00195225 0.000613774 0.00164737 0.023868 -0.00276804 -0.00181767 0.00027892 0.00244691 8.73345e-07 -0.000237625 0.00101716 -0.000464801 0.000978519 0.000223578 -0.00240448 -0.00601766 -0.00486905 0.00198402 0.00320297 -0.000141931 0.000242852 0.000252101 -5.98965e-05 0.000598227 -0.000116905 0.000287405 0.00149983 0.000848108 -0.00216226 -0.000225038 0.00272071 -0.000463413 -0.000240886 0.000290406 -2.89363e-05 0.000808036 0.00106143 0.000261624 2.35586e-05 -0.000678952 -0.00700515 -0.00284102 0.00229072 8.98296e-05 -0.00266911 -0.000154477 0.00063455 -0.00433952 0.000413008 -0.000105012 0.0017595 -0.000302954 0.00338849 0.00241873 0.000701401 0.00106613 -0.00262613 0.00365418 -0.00121512 0.000118447 0.00153729 0.000801186 -0.000639633 0.00047356 0.00190543 3.37168e-05 0.00233725 -0.000151666 0.00282154 -0.000450233 -0.00137404 -0.000146597 -0.000393721 4.52426e-05 -0.00389066 -0.000311969 -0.00408442 -0.00243636 -0.00375082 
-0.00289058 -0.00986408 -0.00452667 0.0122821 -0.00015319 -0.00505007 0.0243665 -0.00310678 0.0018727 -0.000860618 -0.0133818 -0.0361653 -0.000870798 -0.0416484 -0.0334767 -0.0011465 -0.0276551 -0.0146081 -0.0143187 0.00121841 0.0200541 0.0155693 0.000788635 -0.0118442 -0.00276804 0.19979 -0.00557608 0.00278741 0.00260766 0.0156122 -0.00320659 0.0109588 -0.0102578 -0.0103955 0.000203092 -0.00745811 0.0384145 -0.025366 -0.00556025 0.0161668 -0.000115773 0.0117326 -0.00197453 0.00347652 -0.00300714 0.00433437 0.00994261 -0.00895693 0.000830729 0.00463001 3.49685e-06 -0.0153925 -0.00820828 -0.00490577 -3.54361e-05 -0.00909888 -0.00945379 0.00349784 0.00459075 -0.0104283 -0.00678263 -0.0391897 0.00461255 -0.0032746 -0.0157508 -0.0202357 -0.00248677 -0.0171556 -0.0107146 0.00209246 -0.00404558 -0.00091154 0.00801443 -0.00388197 0.00265442 -0.000916125 0.00733352 -0.0257698 -0.00582619 0.0139813 -0.0116355 -0.00164643 -0.00441244 0.014791 0.0015348 -0.00881212 -0.000732078 -0.00195502 0.0019319 -0.000114839 0.010362 0.0367445 -0.00426523 -0.0217206 0.00165333 0.0176495 0.00786257 0.0150277 0.0171143 0.0068775 
-0.00438549 -0.0145615 -0.00351267 -0.0143478 -0.0185561 -0.00429236 0.00852533 0.000461405 -0.00554852 -0.00212676 0.00534702 0.0405227 -0.00524757 0.0404265 -0.0327937 -0.00293844 0.022405 0.0263796 0.0103189 -0.010074 -0.000648553 0.0244063 -0.000337946 -0.0102834 -0.00181767 -0.00557608 0.136776 -0.00295635 -0.00604131 0.000717102 -0.0125725 -0.0135074 -0.00673764 0.0275305 -0.000878302 0.0258069 -0.0134493 -0.020726 -0.00572826 -0.0250915 -0.00365617 -0.00997172 -0.00574981 0.00163924 -0.00540977 -0.00237787 -0.00849003 -0.00577978 6.08943e-05 -0.0204276 -0.00234362 -0.0187444 -0.0017045 -0.00547891 0.000415448 -0.00442054 0.0025114 -0.011266 -0.00583308 -0.000846572 0.00745342 0.0288462 0.0131231 -0.00501978 0.00512 0.00759315 -0.00191986 -0.00292458 0.0273991 0.0012764 -0.00552806 -0.0161309 -0.000886984 -0.0247984 -0.00784716 -0.000584772 -0.0045855 -0.0111944 0.00115343 -0.00353197 -0.00288575 -0.00170699 -0.0251262 -0.00707638 -0.000988336 -0.00146122 -0.00303573 -0.0145178 -0.00220181 -0.0207092 0.00264041 -0.00237013 0.00260438 0.0159726 -0.00192597 0.0292477 -0.00309483 0.0282291 -0.0100308 -0.00558744 
-0.000612648 -0.00255364 0.000248836 -0.00482926 -0.00244944 -0.00050114 -0.0143058 0.00068635 -0.000203604 -0.000456298 -0.00108135 -0.00256785 -0.00018431 -0.00878604 0.00169924 0.00053844 0.000921333 -0.0125861 -0.00153452 -0.000269813 0.000567904 -0.00556113 -0.00101549 0.00525127 0.00027892 0.00278741 -0.00295635 0.0355988 0.00231497 0.00336329 -0.00257237 -0.000863507 0.000249937 -0.000734684 0.000463024 -0.000157379 -0.00167867 -0.000428468 0.00147832 0.0031208 0.00724833 0.00309743 0.000926294 0.00109474 0.00132148 0.00196733 0.00126138 0.000400368 4.1294e-05 -0.000625896 0.000725474 0.00257719 0.000919144 0.00182774 0.000223689 -0.000439876 -0.00114426 -0.00191146 0.00023449 0.000856137 0.002964 0.00105835 0.00112453 0.000190123 -0.0035281 0.00604862 0.00309388 -0.00101582 -0.00327989 -0.000458174 0.00134373 0.00243172 0.000882665 -0.000534101 0.000131952 0.000204936 0.000622684 -0.00562684 -0.00313976 -0.00247988 -0.000611473 -0.000854794 0.00346394 0.000298819 0.00051266 -0.00176327 0.000820073 -0.000922155 0.00039017 -0.00567974 0.000566908 -0.00362798 0.00168069 -0.00880053 0.00209603 -0.00654074 0.000786157 0.0021631 0.00307899 0.00162856 
-0.00380455 -0.0034097 0.00598861 0.000668951 -0.00525384 -0.000897013 -0.0204653 0.000643271 -0.00203255 0.000343184 -0.00156071 -0.00734637 -0.00175272 -0.0137275 2.0465e-05 -0.000654332 0.0037188 -0.0167416 0.00258555 0.0109191 -0.00281979 -0.00509493 0.000612323 0.00553034 0.00244691 0.00260766 -0.00604131 0.00231497 0.0551922 0.000824876 -0.00124073 0.0128882 -0.00346833 -0.000449916 1.62291e-05 -0.00788508 -0.00482302 -0.0111082 0.000445234 0.0209335 -0.000272177 0.00995675 0.000541512 0.000799634 -0.000435808 0.00410848 0.00251608 0.000984239 0.000391086 0.00833736 0.000535829 0.0140058 -0.001795 0.000646356 0.000709799 0.000767362 -0.000703697 0.00431865 0.00579341 -0.00594519 0.000139129 -0.0128016 -0.0106622 0.000761409 0.000989965 -0.00556208 -0.00131165 0.0121186 -0.0155966 0.00868854 0.00198186 0.00715125 0.00432418 0.0157906 0.0108193 4.43267e-05 -0.00124984 -0.00867939 0.00193832 -0.00662098 -6.27606e-05 -0.000501442 -0.00180591 -0.00149445 -0.00153068 0.000901263 0.00455664 0.00085895 0.000608987 -0.00013479 -0.00151556 0.00910216 0.00102487 -0.0205901 0.00126277 -0.00476738 -0.00105682 -0.0189076 -0.00591711 -0.0156776 
-8.8917e-05 -0.00421093 -0.00123463 -0.0106391 -0.00525599 -0.000294218 -0.000414047 0.000710459 0.000982092 6.47429e-05 -0.00281526 -0.00412293 0.00124865 -0.00409782 -0.00502717 -0.000170323 -0.00142808 -0.00414823 -0.00269588 0.000416399 0.00255255 -0.000304451 -0.000814865 -0.00304199 8.73345e-07 0.0156122 0.000717102 0.00336329 0.000824876 0.0399191 0.00047823 0.000966641 -0.000322287 -0.000866697 0.000479531 0.00082134 0.00516693 -0.0084074 -8.43348e-05 -0.00311318 -0.00104502 0.00470824 -0.000173068 0.00300968 -0.00144695 0.00290219 0.00153228 0.000108702 0.00181358 -0.0055612 0.000572613 -0.0037818 0.000848113 0.000534205 0.00126965 -0.00130928 3.13224e-05 0.00041075 0.000386884 -0.00212411 0.000446513 -0.00804137 9.07391e-05 -0.000443808 -0.0003025 -0.00344288 -0.000677651 -0.000582668 0.000393868 -0.000913163 -0.000512076 -0.00142717 -0.00128941 -0.00202305 -0.000387841 -3.05243e-05 0.00171303 -0.00844448 -0.00207318 0.00266327 2.60379e-05 0.00134358 0.00271072 0.0027351 -8.50662e-05 -0.00189171 0.00297391 -0.00326684 -0.000142826 -0.00294731 0.00249962 0.00544584 -0.000525594 -0.00300414 0.00187932 -0.000836552 0.00385379 0.00306738 0.00254879 -0.00451277 
-0.000649751 -0.0113986 0.000838671 0.0047533 0.0153054 0.0052658 0.00114385 0.00529728 -0.000638985 -0.00128867 -0.0071834 -0.0115561 0.00141647 -0.0033074 0.025878 0.000326325 -0.00629404 0.00821909 -0.00336026 0.00231921 -0.000386536 -0.0111492 -0.000764443 0.00643939 -0.000237625 -0.00320659 -0.0125725 -0.00257237 -0.00124073 0.00047823 0.10358 0.00236294 0.0104445 -0.00693545 0.00100206 -0.0142104 -0.00672935 0.0292066 -0.00382351 -0.00815776 0.00257878 0.00072937 0.00475788 0.000216337 0.00533936 0.000975057 -0.00590918 -0.000512809 -0.000291673 0.00959796 0.000466066 -0.00216092 0.00638724 0.0051018 -0.00190489 0.00402125 0.00607778 -0.00496127 0.00354019 0.0109563 -0.00253631 0.0135673 -0.0178031 -0.00284845 -0.000753886 -0.00929707 -0.00248852 0.00509286 -0.019094 -0.000353585 -0.000505456 -0.00491697 -0.00630123 0.00448695 -0.00628113 -0.000238933 -0.00527542 -0.00337225 -0.0111875 -0.014812 -0.00364693 -0.00634655 -0.00722277 -0.00484754 -0.00432163 -0.00215843 0.00178521 0.00461802 0.00635864 0.00134066 -0.00354937 -0.0135855 -0.000689508 -0.00715058 0.00275232 -0.0183127 -0.00172676 -0.000347591 -0.0138639 0.00421507 
-0.00345113 -0.0089242 0.00595969 -0.00202723 0.00336239 -0.000720857 -0.0162376 0.00010277 -0.00301828 -0.00181856 -0.00129716 -0.017256 -0.00272597 -0.0260842 -0.00353457 0.000734091 -0.00904957 -0.0162808 -0.00370778 0.02409 -0.00298205 -0.00991736 -0.00247901 0.00893212 0.00101716 0.0109588 -0.0135074 -0.000863507 0.0128882 0.000966641 0.00236294 0.0979988 -0.00752476 -0.00548798 0.00223427 -0.0146502 0.00296576 -0.020868 0.00060566 0.0373746 -0.00375936 0.00732562 -0.00175279 0.00162662 -0.00103542 0.00348678 -0.00204519 4.36921e-05 0.00289391 0.0212832 0.000270457 0.0289444 -0.00290873 -0.0026409 -0.000524139 0.000868834 -0.00209216 0.0214437 0.00417991 -0.00405649 0.000208698 -0.0295681 -0.0255101 0.00118043 -0.0032599 -0.0123349 -0.00315604 0.00294858 -0.0187414 0.00646117 0.00189934 0.0209901 0.0106947 0.0158671 0.0116699 -1.36214e-05 -0.0038198 -0.0109553 -0.00924658 -0.00363067 0.0038223 -0.000573966 -0.00800235 -0.00115446 0.0149897 -0.00359869 0.00146484 0.00431811 -0.000272062 0.00912189 -0.0011574 0.0233095 -0.00109803 -0.0140351 -0.00100334 -0.0122384 0.00697788 -0.0293809 -0.00735144 -0.0255132 
-0.00516815 -0.01038 -0.000154395 0.000972952 0.00273759 -0.000118573 0.0108234 0.00210391 -0.00319414 -0.0015534 -0.00871601 1.96594e-05 -0.000406535 0.00687055 0.0194532 -0.00234092 -0.00618635 0.0197439 -0.00650512 -0.00259046 -0.00498475 -0.0108411 -0.00180713 -0.00336913 -0.000464801 -0.0102578 -0.00673764 0.000249937 -0.00346833 -0.000322287 0.0104445 -0.00752476 0.104582 -0.00730494 -0.000728511 -0.00467273 -0.0135985 0.0403706 -0.000530929 -0.00777675 0.0065187 -0.00384179 -0.00121379 -0.00107242 -0.00486999 -0.00206066 -0.00717904 0.000351121 -0.000277398 -0.00576638 -0.00108085 -0.00645262 0.00359898 -0.00376711 -0.00207889 0.00508701 -0.000388008 -0.00325821 -0.00160056 0.0256557 0.00568273 0.0250868 -0.0146678 -0.0031206 0.00143937 0.00142759 -0.00251076 0.00897255 -0.0180516 -0.00865135 -0.00197073 -0.00842768 -0.00213968 -0.0187325 -0.00669 0.000215556 -0.00732963 0.00202532 -0.0119781 -0.0132217 -0.00404716 -0.00518788 -0.0112524 -0.00235715 -0.00502459 -0.00582786 -0.000478969 -0.007187 -0.000273919 -0.0141042 -0.00318584 -0.00381529 0.00779059 0.0057616 0.00108598 -0.00476305 -0.00176962 0.0192706 0.0039442 0.021092 
-0.00338149 -0.0100838 -0.00209159 -0.0102879 -0.0141934 -0.00127213 -0.00593537 -0.00513432 -0.00403274 -0.000738215 0.00488727 0.0191289 -0.00522097 0.0151131 -0.0212865 -0.00155846 0.0140714 0.0108626 0.0273313 -0.0047058 -0.0045365 0.0162367 -0.00240419 -0.00332396 0.000978519 -0.0103955 0.0275305 -0.000734684 -0.000449916 -0.000866697 -0.00693545 -0.00548798 -0.00730494 0.0860922 -0.00127684 0.0134387 -0.0129017 -0.0230856 -0.00282971 -0.0143981 -0.00397842 -0.00578081 -0.00319288 0.000614245 -0.00336264 -0.00112958 -0.00404139 -0.00368356 -0.00145132 -0.013694 -0.00131087 -0.009627 -0.0040217 -0.00344524 -0.000440031 -0.00191469 -0.000998209 -0.00701168 -0.00241424 -0.00659391 0.00247968 0.00943994 0.00677099 -0.00227568 -0.0072106 0.00679263 0.00172388 -0.00395964 0.0229233 0.00083585 -0.00366082 -0.00590676 -0.00367555 -0.00353484 -0.00479014 0.000457197 -0.00291959 0.00525717 0.00622921 -0.00886751 0.000488128 -0.00345663 -0.00757522 -0.00332487 -0.00407097 -0.00162064 -0.00140332 -0.00297446 -0.00122189 -0.00571779 -0.000642365 0.0024259 -0.00172297 0.0127599 -6.82196e-05 0.0332227 -0.00236449 0.0108658 -0.0117218 0.000675769 
