0.122768 0.0262449 -0.00675045 -0.000456845 -0.00164785 -0.00106752 0.000595171 -0.000693761 -0.00265046 0.00307348 -0.0135413 0.00915262 0.00171335 0.00893137 0.0050852 0.000864212 0.0113248 -0.00591047 -0.00863388 0.0013253 -0.00117778 0.00533729 -0.00155183 -0.000754418 -0.00421885 0.00667483 0.0047357 -0.00114684 -0.0091591 -0.00089154 -0.014864 0.000657361 -0.027066 -0.00114924 0.000478465 0.00349109 -0.00323356 -0.000513531 -0.00667825 -0.00308167 -0.00506563 0.00620344 -0.00248835 -0.000489408 0.00411307 0.00157681 -0.0225225 -0.0144348 -0.00194439 0.0144705 0.0135079 -0.00772085 -0.01152 0.00167019 -0.00050934 -0.0157495 -0.00426795 0.00309772 -0.00238228 0.0205367 -0.0244375 -0.00892844 -0.00262531 -0.0036743 -0.00787502 0.0141106 -0.0123542 0.00998855 -0.0242698 0.00396976 -0.00673299 -0.0108182 -0.000557265 -0.00373815 -0.00276891 -0.000146269 -0.00107827 0.00389422 -0.00458459 -0.00507419 -0.0120008 -0.000133494 0.00294459 0.00346146 -0.00145202 0.00136569 0.000885105 0.0124348 -0.00516747 1.72108e-05 -0.000619448 -0.000341813 0.00383715 0.0182187 -0.000882647 -0.00770391 -0.014881 -0.00153714 0.00537472 0.0121851 
0.0262449 0.186497 0.0158793 -0.000698868 -0.00355105 -0.00529255 -0.000930728 0.000736415 -0.00144754 -0.00688237 -0.00449673 -0.00600066 -0.0325944 0.0144767 -0.017548 -0.0140087 0.003936 -0.00521474 -0.00109385 -0.000413558 -0.0130681 -0.0309514 0.000747957 -0.00570059 0.00717017 -0.000186211 -0.0215807 0.0208251 -0.0123037 -0.00401328 0.024989 -0.0039067 0.000752132 -0.0081464 -0.00214928 -0.00281489 -0.00507069 -0.000664891 -0.00123868 0.00015117 0.0548865 -0.00282497 -0.00693821 0.00049244 -0.000183942 -0.00235151 -0.0394907 -0.00751324 -0.00271811 0.00270844 0.0510554 -0.00269528 0.0162772 -0.00341294 -2.60696e-05 0.020452 0.00569816 -0.00697486 -0.00480893 0.00557153 0.00820824 0.00927563 -0.0037407 -0.00597737 -0.00437333 -0.0154717 -0.00283703 -0.00919115 0.00256283 -0.00324271 -0.0115106 -0.0182198 -0.00324106 -0.000948931 -0.026591 -0.000917157 -0.0036352 0.000586834 0.00155816 -0.00401934 0.00373376 -0.000625618 -0.0170205 -0.00486317 -0.00667547 -0.00177669 -0.00112136 -0.0224456 -0.00433516 0.0042093 -0.00147421 -0.000373611 0.00607953 0.0036146 -0.00184835 -0.0240958 -0.0143218 -0.00334796 0.00465541 0.00611791 
-0.00675045 0.0158793 0.134858 -0.000209479 0.00770089 0.00034758 0.00185036 0.00283262 0.0129542 -0.0107566 0.00621259 -0.00449234 -0.00709237 -0.0524686 -0.00158952 -0.00925686 0.0384669 -0.00824548 0.00451862 0.00111907 0.0039752 0.0133985 0.000600532 -0.00108881 0.00692802 -0.00485199 -0.00668666 -0.0338828 0.0185479 0.000234875 0.0152705 -0.0015411 0.00925809 0.00185783 -0.00217263 -0.00399729 -0.00165994 -0.000228574 0.00773087 0.00106054 -0.0241388 -0.000746641 -0.00437375 0.00394657 0.00242394 -0.000385244 -0.022346 -0.00182814 0.00284773 -0.039217 -0.0203054 -0.0117656 0.00857346 0.0065338 0.00233332 0.00518642 -0.00453362 -0.0479207 0.0215583 -0.010563 -0.00999423 0.030047 0.00889736 -0.00227606 0.0279267 -0.0145505 -0.0449819 0.0147397 -0.0299757 -0.00287176 0.00505297 0.00805295 0.00057947 0.000432949 -0.00350919 4.84206e-05 -0.00134604 -0.000194401 0.00487124 -0.000106175 0.035919 -0.000187933 -0.00865748 -0.00515126 0.00172615 -0.00196874 -0.000646248 -0.00341736 0.00455292 -0.00382635 -0.00120668 0.00238587 0.017351 -0.00775123 0.000931777 -0.00321976 -0.0196108 -0.0010545 0.0161245 -0.0270463 
-0.000456845 -0.000698868 -0.000209479 0.0138878 0.000364756 6.93153e-05 0.000290792 0.000844493 0.000152048 5.23288e-05 -0.000124286 -8.7817e-05 -0.0023118 0.00105142 -0.000751639 0.00014882 -0.00112314 3.7584e-05 0.000135531 0.000372931 -0.00073536 -0.00516091 -0.000349956 -0.000159469 0.00079817 0.000115435 -0.0017245 -0.000202416 -0.000349137 0.000267631 0.000838873 -3.98002e-05 0.000371419 0.00167826 -0.000161934 0.00116357 -0.000109781 0.000400832 0.000660943 -6.3568e-06 0.00171233 0.000734457 0.000841633 0.000337188 0.000110995 -6.43501e-05 0.00240766 -6.29657e-05 -0.000184778 -0.00577162 -0.00168952 -0.00137415 6.99504e-06 -0.000886593 5.2268e-05 0.00214535 -5.88346e-05 -0.000285169 0.000788602 -0.00102761 -0.00140493 0.000184362 0.000192411 0.000871418 -0.000834176 -0.00227474 -0.00108435 -0.00127438 0.000305178 0.000544181 0.000804181 -0.000176974 -0.000157412 0.00166257 -0.000174758 -1.42221e-05 0.000228462 0.00131733 0.00171633 0.000488082 0.00133751 0.000147854 0.000356741 -0.00048944 0.000250071 0.00025095 -0.000214944 -0.00479012 0.000155561 0.000958737 -0.000164115 -8.80843e-05 -0.000241174 -0.00109116 0.000112816 -0.0031495 -0.00150418 0.000711138 0.000631949 -0.000770563 
-0.00164785 -0.00355105 0.00770089 0.000364756 0.0277187 5.07315e-05 0.000220186 0.000801561 0.00285896 -0.00208591 -0.000504465 0.00101975 -0.000609983 -0.0101206 0.00465198 0.00159762 0.00941516 0.00129136 0.0015792 3.77393e-05 0.00590642 0.00364139 -0.000162832 0.0011465 -0.000949215 0.000740869 0.000948675 -0.0088102 0.00480649 -0.000598014 -0.0014303 0.000422547 -0.00484106 0.00079559 -0.000132416 7.449e-05 4.86765e-05 0.000423489 8.42107e-05 0.000650012 -0.00911506 -0.00107834 0.00016383 0.000570762 -0.000262942 0.000511721 0.000410467 0.00168331 0.00112937 -7.2025e-05 -0.00605787 -0.00129822 -0.00153694 -0.000827653 -9.10513e-05 -0.00593526 -0.00114097 -0.00617751 0.00195065 -0.00381755 -0.00918517 0.000464676 0.00231205 -0.000250941 0.00131832 -0.000700765 -0.00509669 -0.000556368 -0.0059346 0.000125 -0.000731059 0.00552572 0.000485566 0.00317422 -0.00160831 0.000264242 0.000294147 0.00105066 -0.000702472 -0.000816918 0.00294427 0.000641094 0.0034445 -0.000279577 0.00228111 0.000194889 -0.000255781 -3.87763e-05 0.000111471 -0.00100367 -3.43726e-05 7.44146e-07 -2.38614e-05 -0.00183959 -0.00029642 -0.00133843 -0.00445595 0.000672742 0.00153466 -0.00425318 
-0.00106752 -0.00529255 0.00034758 6.93153e-05 5.07315e-05 0.0296807 0.000264544 0.0028705 0.000753771 -0.00191608 -0.000640448 0.000881607 0.00879259 -0.0107423 0.000991266 -0.00415669 -0.00106879 -0.000602458 -0.00522021 0.000436437 0.000283627 0.00387786 -0.000533601 0.00138877 -0.00239615 0.000176843 0.0104583 -0.0114148 0.00382863 0.000669361 -0.00339233 4.49153e-05 -0.00477588 0.000218105 0.00124927 0.00227029 0.000337459 0.000269381 -0.000427022 -0.000726327 -0.0108854 -0.00134069 -0.000487126 -0.000150464 -0.000690186 -7.24979e-05 -0.00494705 -0.000819734 0.00205341 -0.00863521 -0.00547423 -0.00129191 -0.00940312 0.0110245 -6.80247e-05 -0.0084672 -0.000500402 -0.00635198 0.00027318 -0.00480557 -0.00671014 -0.00112199 0.00012917 0.00151636 -0.000270438 0.0123749 -0.0121659 0.01315 -0.00478203 0.00105232 0.00928419 0.00921258 0.00107116 -0.000621934 -0.00187926 0.000350741 0.00101529 0.000208617 0.00536734 0.00197997 -0.00144243 -0.000112671 0.00285724 0.00200323 6.63255e-05 0.000374869 0.000341647 0.00953605 0.00221834 -0.000916966 -0.000262477 0.00017293 -0.00228284 0.0013347 -0.000157279 -0.00291429 -0.000573721 6.98444e-05 0.0012158 -0.00548832 
0.000595171 -0.000930728 0.00185036 0.000290792 0.000220186 0.000264544 0.0173809 0.000177999 0.000108334 -0.000169485 0.00277909 0.000205465 -0.00133435 -0.00538099 0.000292519 -0.0010062 -6.72261e-05 0.000303067 0.0013225 0.00026471 0.000276203 -0.000729968 -8.28054e-05 -0.000143181 0.00151641 -0.000488726 -9.46166e-05 -0.00283613 0.00152453 0.000693075 0.00223604 0.000299152 -0.00158405 -0.000534132 0.000650606 -0.00028542 0.000477238 7.71155e-05 4.56255e-05 -4.17845e-05 -0.00388622 0.000418219 -0.000399108 0.000140777 -0.000386529 0.000338191 -0.00105116 0.00102852 3.14598e-05 -0.00382688 -0.00269226 -0.00081054 -0.00134892 0.00120069 0.000345136 -0.00101358 7.35344e-05 -0.00329027 0.00175711 -0.00183224 -0.000123189 0.00202846 -2.139e-06 0.000224016 0.000457493 -0.000807005 -0.00222931 -3.39524e-05 -0.00200372 0.00155333 0.00141954 0.00142432 8.75883e-05 0.000489004 -0.00068751 6.33307e-06 0.000365039 0.000656905 -0.00016762 0.000843199 0.000895223 8.60225e-05 -0.000645088 -0.000191999 0.000294393 -0.000118972 0.000176774 -0.0022345 -8.28997e-05 -0.00067309 0.000684514 3.53951e-05 0.0014104 -0.000501431 0.000280524 -0.000722014 -0.00274022 0.000474471 -0.000248723 -0.0026173 
-0.000693761 0.000736415 0.00283262 0.000844493 0.000801561 0.0028705 0.000177999 0.0292266 8.34208e-05 -0.00166643 0.000318733 -0.000524863 -0.00125279 -0.00792864 -0.00153262 -0.000792094 -0.00107969 0.00185643 -0.00356864 0.0018777 -1.43675e-05 -0.00788678 0.00125945 0.00263509 0.000233876 -0.000994039 0.00130605 -0.00944483 0.00230813 -0.000292754 0.000314921 0.000924657 -0.000565883 0.00182034 0.000559768 0.000212054 0.000480356 0.00164231 0.00213514 0.0016989 -0.00306249 0.000914739 -0.0012913 0.00128776 -0.000233306 -0.000163127 -0.00374487 -0.00201783 0.000409338 -0.00928448 -0.00613314 -0.00151854 -0.00612188 0.000875079 0.000206973 -0.00350767 0.000729496 -0.00775821 0.00108912 0.0012047 -0.00616422 -0.00235546 0.00194895 0.00363861 0.00310091 0.00194866 -0.00744864 0.00161306 -0.0041339 0.0010863 0.00274193 0.0025344 0.000470718 0.00396749 -0.00201593 0.000496823 0.00081223 0.00688323 0.00477522 0.00282274 -0.0011534 -0.000120774 -0.00154965 -0.000287553 0.00297578 0.000636865 0.000988264 -0.00737738 0.00339056 0.00142097 0.000287062 0.000125258 0.00278087 0.000667799 0.000233441 -0.0056082 -0.00323897 0.000720923 0.00486177 0.000723575 
-0.00265046 -0.00144754 0.0129542 0.000152048 0.00285896 0.000753771 0.000108334 8.34208e-05 0.0283221 -0.00113028 -0.000373575 0.00497843 0.00248694 -0.0119263 0.00274045 -0.00289352 0.00334432 -0.000648539 -0.000259685 0.00108906 -0.00107111 0.00165844 -0.000754101 -0.000478024 -0.000195349 0.000633653 0.00137808 -0.0132816 0.00315701 0.000523182 -0.00020416 0.000367087 0.00130418 -0.000296207 0.000104957 -0.000178587 0.00086233 2.77681e-05 0.0031598 -0.000240131 -0.00577421 -0.000991574 0.000437804 0.000585862 0.000120388 0.000653607 -0.00712369 -0.00241342 0.00160393 -0.0083435 -0.0066653 -0.00237615 -0.0047217 0.0017485 0.000246683 -0.00477988 -0.000958384 -0.0112922 0.00205054 -0.000388801 -0.00252543 0.0011487 0.00563865 -0.00011933 0.00399106 0.000544465 -0.0119778 0.00152272 -0.0040612 -0.00110035 0.000836786 0.00644682 -7.14009e-05 0.00169814 -0.000180954 0.000214262 0.00029701 0.00171177 0.00227384 0.00066507 0.00292874 6.98737e-05 0.000736927 0.000693606 0.000808156 -0.000226517 0.00141847 0.000975313 0.000788219 -0.000384791 -9.98788e-07 3.61681e-07 0.00317463 0.000535655 -5.31818e-05 -0.000799435 -0.00272881 0.000162301 0.00329026 -0.00497947 
0.00307348 -0.00688237 -0.0107566 5.23288e-05 -0.00208591 -0.00191608 -0.000169485 -0.00166643 -0.00113028 0.0911219 -0.00134131 0.0103043 -0.00687066 0.0252422 -0.00196939 -0.00185316 -0.005223 -0.00264014 -0.00361942 -0.000339568 -0.00491961 -0.0116774 0.000427338 0.000843289 0.0114785 -0.00103856 -0.0107107 0.00577464 -0.00224628 -0.00108352 -0.00865027 -0.0026253 -0.0116009 -0.00211422 -0.00093556 -0.00038433 -0.00214444 -0.000196321 -0.00182849 0.000200347 -0.00187514 0.00531825 0.00223441 -0.000399671 0.00303215 0.000807239 0.0114543 -0.0047461 -0.00168148 -0.00992653 -0.014746 -0.00655179 -0.00693385 -0.00586618 -0.000957961 0.0075953 0.00301647 0.0162048 -0.00347553 0.0124839 -0.0102214 -0.0051089 -0.00157726 -0.00133485 -0.000654776 -0.017287 0.0172492 -0.00797569 -0.000474234 0.00438204 0.0027505 -0.00807465 -0.000268166 -0.0012986 0.000734781 -0.000245652 -0.000270362 0.00062262 -0.00448015 -0.00460242 -0.00335903 -6.05135e-06 -0.00408303 -0.00123627 0.000166834 -0.000600819 0.00277092 -0.00529849 -0.00135594 0.0100696 0.00123131 -8.13014e-05 -0.000842539 -0.0037177 -0.00096493 -0.0129406 0.00081105 0.000659671 -0.00261425 0.0166413 
-0.0135413 -0.00449673 0.00621259 -0.000124286 -0.000504465 -0.000640448 0.00277909 0.000318733 -0.000373575 -0.00134131 0.105012 -0.00269523 0.00747858 -0.0125878 -0.00293846 0.00705154 -0.00566902 0.00162985 0.00125274 0.000412612 -0.00989915 -0.0194485 0.00192442 0.000551854 0.00169564 -0.00161264 -0.0054195 -0.0127129 0.0046291 0.00123811 0.00286544 -0.00113936 0.0165152 -0.00112991 -0.00131965 -0.00261112 0.00132897 0.000934832 0.000379697 0.00433266 -0.0074622 0.000174026 -0.00126489 0.000977093 0.000511166 0.000444381 -0.010071 0.0110481 0.000287854 -0.000894964 -0.0264072 0.00861612 -1.81727e-05 -0.00446735 0.00060683 -0.00550526 0.012914 -0.0171222 0.00120141 -0.00788191 0.0079158 0.000714566 0.0058806 0.00288363 -0.00223893 0.000454713 0.0105843 -0.0214237 0.0133364 -0.000197193 -0.00512372 0.000258404 0.000756205 0.000757183 0.000580118 -0.000395119 0.000196729 0.000491126 -0.000247508 -0.000231203 -0.000698454 0.000311066 -0.00369729 -0.000767455 0.00617716 -0.00122801 0.00266311 -0.0210907 -0.000395711 -0.00470371 0.00112051 0.00223275 0.000955206 -0.00663724 0.00148331 0.00217105 -0.00610975 0.00195856 -0.00244709 -0.010274 
0.00915262 -0.00600066 -0.00449234 -8.7817e-05 0.00101975 0.000881607 0.000205465 -0.000524863 0.00497843 0.0103043 -0.00269523 0.102365 0.020884 0.00239871 0.0167201 0.0118577 0.00711843 0.00565779 -0.0165418 0.00027337 -0.00536138 0.00752481 -0.000833919 0.00185724 0.0033261 0.00127845 0.00120134 -0.0157917 -2.13682e-05 0.00207584 -0.00995773 0.00186408 -0.0298052 0.000909398 6.93637e-05 0.0025009 0.00877771 -0.000323161 -0.00296084 0.00253276 -0.02577 -0.0022914 -0.00530555 0.0013213 -0.000645932 0.0023501 -0.012161 -0.00602034 0.0025676 0.00944749 -0.0243009 -0.00249538 -0.0422676 0.00184739 -0.00123334 -0.0217907 -0.00340037 -0.0177745 -0.00172637 0.0196205 -0.0262626 -0.0085483 0.00161964 -0.00239549 -7.48828e-05 -0.000880733 -0.0088768 -0.00626858 -0.00313503 -0.00356095 0.00380614 0.00475853 -0.000180995 0.00376852 0.0199275 0.00109652 0.000570518 -0.00290677 0.000330631 0.000748053 -0.00330687 0.00018721 0.00980956 -0.00179363 0.00306005 0.00112023 0.00158136 0.0143221 -0.00146889 -0.00333862 0.000892944 -0.000184763 0.00237459 0.00384649 0.000518478 -0.00531122 0.00534093 0.000359212 -0.00374182 -0.000110592 
0.00171335 -0.0325944 -0.00709237 -0.0023118 -0.000609983 0.00879259 -0.00133435 -0.00125279 0.00248694 -0.00687066 0.00747858 0.020884 0.178061 -0.0161962 0.0169759 0.0222505 0.00246916 -0.00810726 -0.0225936 -0.000120854 0.000993249 0.0145018 -0.00188025 0.00397837 -0.01516 0.00306054 0.0154075 -0.0351749 -0.00489553 -0.000211259 -0.030346 -0.00226389 -0.0153992 0.00536849 0.00554003 0.00108542 0.00490771 0.000462124 -0.00230579 0.000622336 -0.0512057 -0.0133799 -0.00333623 -0.0012476 -0.00526828 -0.000772062 -0.0127917 -0.0250361 0.00313155 0.00743813 -0.0213935 -0.000721448 -0.0307573 0.0254505 -0.000808767 -0.0411913 0.00107603 -0.0194849 -0.00853871 -0.00756379 -0.0208431 -0.0186821 -0.00224568 0.00648999 -0.00379855 0.0702013 -0.0240975 0.025572 -0.0191049 -0.00528589 0.00380007 0.0239482 0.00388933 -0.0032563 0.0474028 9.03128e-05 -0.000715129 -0.00675624 -0.00638114 -0.008464 -0.0174776 0.000536613 0.0125745 0.000688545 0.0011543 0.0019117 -0.00310144 0.0522901 0.00100242 -0.00358005 -0.0022117 0.000115513 -0.00718297 0.0104363 0.00013832 0.00313234 0.00390824 0.000761942 -0.00612988 -0.014648 
0.00893137 0.0144767 -0.0524686 0.00105142 -0.0101206 -0.0107423 -0.00538099 -0.00792864 -0.0119263 0.0252422 -0.0125878 0.00239871 -0.0161962 0.243533 -0.00585505 -0.00720074 -0.0389094 -0.0172296 -0.030627 -0.00752583 -0.0447674 -0.0222086 -0.0119672 -0.00213027 -0.00237597 -0.00455767 -0.0587111 0.0674724 -0.0306881 -0.0126069 0.00903507 -0.0084683 0.00613752 0.00113329 -0.0102103 -0.00283404 -0.00991586 -0.00297001 -0.0146106 -0.0006033 0.0966235 0.0155658 0.00341797 -0.00273154 -9.49491e-05 -0.00155962 0.0266814 -0.00747623 -0.00937577 0.0321276 0.0373034 -0.0062314 0.0127962 -0.0352937 -0.00506348 0.0456646 0.0052455 0.097417 -0.0191401 0.0194737 0.0125323 -0.0208895 -0.0179459 -0.00651883 -0.0146286 -0.0649511 0.0858387 -0.0427303 0.0640648 -0.0129026 -0.0168455 -0.0470407 -0.00406085 -0.0083742 0.00511893 -0.00228795 -0.00351281 -0.0047563 -0.0124399 -0.00922157 -0.014577 0.000416408 -0.00137106 -0.00365557 -0.0111487 -0.00380248 -0.00675072 -0.0214787 -0.00602798 0.0106934 -0.002329 -0.00466902 -0.0136483 -0.0031426 -0.00424821 -0.0685936 0.015467 -0.00385833 -0.0114049 0.0652443 
0.0050852 -0.017548 -0.00158952 -0.000751639 0.00465198 0.000991266 0.000292519 -0.00153262 0.00274045 -0.00196939 -0.00293846 0.0167201 0.0169759 -0.00585505 0.101788 0.0151342 0.0138034 -0.00332277 0.00673411 0.000697609 -0.00531715 0.0161373 0.00262385 0.00203268 -0.0070482 -0.000401412 -0.00086185 -0.0125975 0.00198115 0.000943472 -0.0177242 0.00037421 -0.0153205 -0.00178145 -0.000515429 0.00112506 0.00137502 -0.000115599 0.000281761 3.27374e-05 -0.0257447 -0.00596424 -0.00579679 0.000402929 0.000698875 0.00310668 0.00212384 -0.00305867 0.00556198 0.0145504 -0.0217436 -0.000455622 -0.0277937 -0.000150622 -0.000381897 -0.0185194 0.000723406 -0.0125468 0.00236439 0.00857384 -0.0313838 -0.00758894 0.00282452 -0.0020927 -0.00768508 0.00079934 -0.00291648 -0.0179249 -0.0171498 -0.00837393 -0.00456434 0.000345075 -0.000611678 -0.00230995 0.0229415 0.00212368 0.00245153 -0.00406524 -0.00497284 -0.000800228 -0.000781565 0.000229366 0.0227538 0.00167524 0.00252486 0.00025072 0.00107723 -0.00469539 -0.00120241 -0.0048626 -0.000747796 0.000478126 0.00503184 0.0145442 -0.000549603 0.00392481 -3.62088e-05 0.0021995 -0.00140183 0.00926082 
0.000864212 -0.0140087 -0.00925686 0.00014882 0.00159762 -0.00415669 -0.0010062 -0.000792094 -0.00289352 -0.00185316 0.00705154 0.0118577 0.0222505 -0.00720074 0.0151342 0.17313 0.0263303 -0.00860967 0.0304687 0.00179946 0.000821389 0.0134008 0.0017216 -0.00511771 -0.00185542 0.0103919 0.0104534 0.00212854 -0.00826917 0.00367316 -0.0168141 0.000675386 -0.0383556 -0.00219866 -0.00200826 -0.00337106 -0.0026828 0.000244133 -0.00830017 0.00317437 -0.0473549 -0.000280022 0.000275819 0.00233404 -0.00160789 0.000369151 0.0196785 0.0135316 -0.000768439 0.0370065 -0.0261577 -0.00958852 -0.0104273 -0.0144098 -0.00129952 -0.0317131 0.0046221 -0.0188045 -0.00391424 0.0231192 -0.040415 -0.0141869 0.00334456 -0.00608454 -0.0196964 0.0062801 0.0209384 -0.0230065 -0.0225409 0.00223953 -0.00852484 -0.00234723 -0.000539268 -0.00306799 0.0385229 0.000177647 0.00858862 -0.00814544 -0.00772315 0.000270645 -0.00925618 0.000854547 0.0109291 0.0081599 0.00157726 0.00264771 -0.00274373 -0.0272274 -0.00459561 -0.0115205 -0.00131324 0.00108413 0.00190709 -0.0142745 -0.00215008 0.0101117 -0.0251673 0.00272854 0.0075856 -0.00659894 
0.0113248 0.003936 0.0384669 -0.00112314 0.00941516 -0.00106879 -6.72261e-05 -0.00107969 0.00334432 -0.005223 -0.00566902 0.00711843 0.00246916 -0.0389094 0.0138034 0.0263303 0.158168 -0.0119663 0.00675694 0.00271815 -0.00043607 0.0327504 0.00299163 -0.003406 0.000419702 0.00725573 0.013264 -0.0149519 0.00512135 0.00287675 0.00402208 0.000354837 -0.0287661 -0.00793437 -0.000996488 -0.00312038 -0.001403 -0.00100158 -0.000560101 -0.000529357 -0.058512 -0.00815534 -0.00378673 0.000829489 0.000115196 -0.00088672 -0.00164336 0.0104654 0.000541621 0.00765906 -0.00788431 -0.0133994 0.0165474 -0.00255925 -0.000837672 -0.0135566 -0.00568176 -0.0483989 0.00550014 -0.00191507 -0.0502071 0.00727445 0.00405391 -0.00495003 0.0143484 -0.00926797 -0.0308609 0.0187592 -0.0323203 -0.00493334 0.00246032 0.00789789 0.00201988 -0.00347599 0.00532469 0.00114717 -0.000964733 -0.00229578 -0.00399236 -0.00265118 0.01301 7.9257e-05 -0.00214885 0.0049466 -0.00179592 -0.000151078 -0.00191702 0.0157285 -0.00308309 -0.0105347 -0.00257695 0.00138356 0.00409043 -0.00631113 0.00174795 0.00442654 -0.0205912 -0.000590957 0.0103283 -0.0225435 
-0.00591047 -0.00521474 -0.00824548 3.7584e-05 0.00129136 -0.000602458 0.000303067 0.00185643 -0.000648539 -0.00264014 0.00162985 0.00565779 -0.00810726 -0.0172296 -0.00332277 -0.00860967 -0.0119663 0.0747836 -0.011457 0.00162123 0.0035685 -0.00232409 0.00152825 0.000924993 -0.000658116 -0.00120213 0.000607329 -0.0117051 0.0121841 -0.000897453 -0.0048959 0.0055392 -0.0124758 0.00384168 0.00135395 0.00505966 0.0109508 0.00205763 0.00275944 -0.00120022 -0.00842965 -0.00197058 -0.00379459 -0.000467047 4.12715e-05 -0.000615997 -0.00907062 0.00158699 0.00138236 -0.0106401 -0.00885915 0.00779343 -0.020457 0.00168193 8.76395e-05 -0.0117904 -0.00357954 -0.00826716 0.00186467 -0.00475853 0.00105046 -0.00270854 0.00330691 0.00203597 0.00344868 0.00935056 -0.00983782 0.000517593 -0.00400482 -0.000896431 0.00524554 0.00866634 -4.0343e-05 0.0109644 -0.00566311 0.000358866 0.000238012 0.00802955 0.00686408 0.00837183 -0.00241184 -1.41716e-05 0.000203262 -0.000228956 0.00797163 0.000756802 0.00149382 0.00612585 -2.33565e-05 0.00149902 0.00212467 -6.89411e-05 -0.00364793 -0.00427274 0.000291727 -0.00184598 0.0121567 0.00242597 -0.00140549 -0.00640889 
-0.00863388 -0.00109385 0.00451862 0.000135531 0.0015792 -0.00522021 0.0013225 -0.00356864 -0.000259685 -0.00361942 0.00125274 -0.0165418 -0.0225936 -0.030627 0.00673411 0.0304687 0.00675694 -0.011457 0.179238 -0.00082382 0.0223978 -0.0107275 0.00513004 -0.00655824 -0.00944035 0.0193951 0.00423054 0.0220301 -0.000166048 -0.000426593 -0.00184935 -2.91581e-05 0.0228528 -0.000561095 -0.00122302 -0.00308328 -0.00477422 -0.000514652 -0.00540099 -0.00588043 -0.00219791 -0.000850241 0.004634 -0.00209842 -0.00145862 2.66098e-05 0.0382669 -0.00067789 0.00176216 0.0074536 -0.00675 -0.0129315 0.01871 -0.0141147 0.00251255 0.0172719 -0.00277122 -0.0249144 0.00897467 0.0044707 -0.0314175 0.0144709 0.00520603 -0.00618322 -0.0171859 -0.0168519 0.009532 -0.038505 -0.0245266 -0.0048665 -0.0144793 -0.0204957 -0.0023752 -0.0041454 -0.00444203 -0.00114774 0.00318495 -0.00650826 -0.00209106 0.00568858 0.00621512 0.000336265 0.00406941 0.00329117 0.00323183 -0.00106806 0.00117613 -0.0496195 -0.00459222 -0.0046929 -0.0021319 9.06726e-05 0.0122254 0.00230704 -0.00126901 0.0267626 -0.0164988 0.0018107 0.00709768 -0.0398897 
0.0013253 -0.000413558 0.00111907 0.000372931 3.77393e-05 0.000436437 0.00026471 0.0018777 0.00108906 -0.000339568 0.000412612 0.00027337 -0.000120854 -0.00752583 0.000697609 0.00179946 0.00271815 0.00162123 -0.00082382 0.0210025 0.000383829 -0.00188178 0.000477801 -2.42607e-05 -0.000821343 0.000562376 0.000541169 -0.00797046 0.00211698 -0.000392796 -0.0013721 0.00159029 -0.00206169 -0.000690318 3.74454e-05 0.000939855 0.000647048 0.00104693 0.00242065 0.000771775 -0.00376554 -0.00109713 -0.000718277 0.000240807 0.00218949 0.000398505 -0.00295966 -0.000599378 0.0002929 -0.00447744 -0.00378834 0.00076217 -0.00652943 -0.000513665 0.000443174 -0.00279572 0.000181024 -0.00748162 -0.000113073 3.08847e-05 -0.00645149 -0.000247082 0.00124202 0.00192377 0.00114384 -0.000234487 -0.00440952 0.000884336 -0.000229539 -0.000436426 0.000753611 0.00205896 4.8008e-05 0.00187617 -0.000867134 0.000462339 0.000633468 0.00482579 0.00349729 -0.000135015 0.000284663 0.000281805 -0.000437992 0.00051238 0.001587 0.00106902 0.000613654 -0.00159949 0.00204639 -0.000632639 4.75947e-05 0.000152523 0.00108604 -0.000483336 0.000243119 -0.00273216 -0.00255118 0.000519786 0.0021198 -0.00031121 
-0.00117778 -0.0130681 0.0039752 -0.00073536 0.00590642 0.000283627 0.000276203 -1.43675e-05 -0.00107111 -0.00491961 -0.00989915 -0.00536138 0.000993249 -0.0447674 -0.00531715 0.000821389 -0.00043607 0.0035685 0.0223978 0.000383829 0.111538 0.0141937 0.00127563 0.00402473 -0.00148416 -0.00208645 0.0145573 -0.0182174 0.009291 0.00160514 -0.0176912 0.000358402 -0.0165235 0.00155684 -0.000667502 -0.000396623 0.00176825 -0.000147107 -0.00431727 0.00341145 -0.033509 -0.00672516 0.00319884 -0.000176227 0.000626277 -0.000928307 0.0224506 8.8139e-05 -0.000635393 0.000766757 -0.032121 -0.00523848 -0.00422569 0.000746982 0.0015278 -0.00196828 -0.00529255 0.00134323 0.00357448 -0.00786071 -0.00711283 0.00401627 0.000367839 -0.00301115 0.00482394 0.0131857 -0.0149994 0.0139567 -0.0290395 0.0102864 -0.00114675 0.00298017 0.000743131 -0.0019661 -0.00135614 -0.000153215 0.00100344 -0.000297621 -0.00497962 -0.000726517 0.00749574 -0.000307933 0.00949331 -0.000985782 -0.00172795 0.00449675 0.00122022 0.00903102 -0.000981801 0.00256608 -0.00070458 0.000352359 3.11023e-05 -0.0100747 0.000100869 0.0279133 -0.01577 0.000745069 -0.00123114 -0.00776671 
0.00533729 -0.0309514 0.0133985 -0.00516091 0.00364139 0.00387786 -0.000729968 -0.00788678 0.00165844 -0.0116774 -0.0194485 0.00752481 0.0145018 -0.0222086 0.0161373 0.0134008 0.0327504 -0.00232409 -0.0107275 -0.00188178 0.0141937 0.24978 0.00158145 -0.00519937 -0.0154457 -0.000104664 0.0348888 -0.00817111 -0.0160662 0.00119009 -0.0249388 -0.00082174 -0.0796932 6.16015e-05 -0.00203707 -4.19191e-06 0.00465589 -0.00250492 -0.010871 -0.008338 -0.0643804 -0.00718631 -0.00460263 -0.00134216 -0.00106501 -0.00102872 0.0303682 0.00181977 0.00444084 0.0536211 -0.0513079 -0.00454715 -0.0192163 0.0203044 -0.00411463 -0.0165836 -0.0217082 0.00710556 -0.010271 -0.0204727 -0.0309277 0.00749536 -0.00557429 -0.00647991 -0.0216238 0.0377465 0.00235054 0.0102399 -0.0436798 -0.0160577 0.00202229 0.0201026 -0.000307495 -0.00886285 0.0217463 0.00218332 -0.00169752 -0.0193724 -0.00222697 -0.00139941 -0.0107046 -0.00109042 0.0265673 0.0124446 -0.0153856 0.00144659 -0.00458275 0.0477055 0.000383105 -0.00944768 -0.00481348 0.00153896 -0.0141453 -0.0121297 -0.00454665 0.0516968 -0.0203687 -0.004023 -0.0017039 -0.00573832 
-0.00155183 0.000747957 0.000600532 -0.000349956 -0.000162832 -0.000533601 -8.28054e-05 0.00125945 -0.000754101 0.000427338 0.00192442 -0.000833919 -0.00188025 -0.0119672 0.00262385 0.0017216 0.00299163 0.00152825 0.00513004 0.000477801 0.00127563 0.00158145 0.0396923 -0.00107201 -0.00184247 -0.00150289 0.00353109 0.000100076 0.000150055 -0.000319847 -0.00164191 -0.000310207 -0.00221667 -0.00122007 -0.000326049 -0.00116749 0.00181082 -3.68209e-05 -0.0015726 -0.000952679 -0.0035323 -2.61565e-05 -0.00205408 -0.000530201 0.000710248 6.02111e-05 0.00369164 0.00291611 5.1257e-05 0.000167537 -0.000369228 -0.000510522 0.00427632 -0.00169223 -0.000505228 0.00345753 0.000561124 -0.00658994 0.00172466 -0.00395994 -0.00179898 0.00149996 -0.000660901 -0.00052031 0.0014631 -0.00471107 -0.00492236 -0.00196157 -0.00728889 0.000131846 0.00158863 0.00123184 -0.000506817 0.00142876 0.00017414 4.66321e-05 -0.000496977 -0.00128509 -0.000402443 0.000538894 0.00400434 -4.2198e-05 -0.00158337 -0.00148661 0.000266357 -0.000524568 -0.000241172 -0.00795338 -0.000330728 -0.000532466 -0.000385478 0.000859326 -0.000885047 -0.0017145 -4.65236e-05 0.00645858 -0.00460268 -4.27044e-05 -0.000701522 -0.00718696 
-0.000754418 -0.00570059 -0.00108881 -0.000159469 0.0011465 0.00138877 -0.000143181 0.00263509 -0.000478024 0.000843289 0.000551854 0.00185724 0.00397837 -0.00213027 0.00203268 -0.00511771 -0.003406 0.000924993 -0.00655824 -2.42607e-05 0.00402473 -0.00519937 -0.00107201 0.0373004 -0.00195888 -0.00159222 -0.00268493 -0.00753368 0.00142889 -0.00081545 -0.00357014 0.00055463 -0.00241747 0.00283112 0.000716978 0.000484093 0.000821605 0.00047891 -7.07582e-05 0.00345234 -0.0018529 0.00107543 -0.00195497 0.000695883 -0.000824789 -0.000166716 -0.00645208 -0.00180324 0.0013139 -0.00580131 -0.00519371 0.000190446 -0.012274 0.000603947 0.00115569 -0.00216904 0.000119174 -0.00140281 0.000268692 0.000364209 -0.00592207 -0.0022178 0.00172947 0.00138224 0.000194065 0.000906954 -0.0029667 7.42391e-05 -0.00361236 0.000919537 0.000149202 0.000938891 0.00237907 0.000866179 0.00373764 0.000336017 -0.0006057 0.00139934 7.21705e-05 -0.000303719 0.00146728 8.10193e-06 0.00590421 -0.000917525 0.000886582 0.00100088 -0.000100139 0.00650875 0.000498193 -0.000591356 0.00138983 0.000373068 -0.00052048 0.000734865 0.000977072 -0.00499505 0.00200558 0.000765381 -0.00127287 0.00555257 
-0.00421885 0.00717017 0.00692802 0.00079817 -0.000949215 -0.00239615 0.00151641 0.000233876 -0.000195349 0.0114785 0.00169564 0.0033261 -0.01516 -0.00237597 -0.0070482 -0.00185542 0.000419702 -0.000658116 -0.00944035 -0.000821343 -0.00148416 -0.0154457 -0.00184247 -0.00195888 0.0842757 -0.00276798 -0.0066117 0.000821837 0.00484733 0.00191476 0.00999911 -0.000780685 -0.00648864 -0.00146038 -0.000616525 -0.00217977 -0.00123029 -0.000156647 0.000584499 0.00382433 -0.00631452 -0.00453673 0.00495461 0.00459858 -0.000110412 0.00220329 -0.000406178 -0.00546574 -0.00102771 -0.0142967 -0.0165082 -0.00250375 0.0061939 -0.00522418 -3.99767e-05 0.00787178 -0.000320281 0.000288883 0.00151588 -0.00213533 0.00654193 0.0046081 0.00173956 -0.00139289 0.0117982 -0.0144024 0.0048587 -0.00426886 0.00314205 0.00856509 0.00159862 -0.00736155 -0.000906795 0.0011328 -0.00641723 -0.000477859 0.00451747 0.00271884 -0.000932952 -0.00464528 0.0055896 -0.00028464 -0.00404466 -0.00301183 -0.00177676 -0.00129547 -0.00116934 -0.0193851 -0.00115861 0.00381879 -0.00085173 -0.000604754 0.00434245 -0.00889812 0.000541767 -0.00448562 -0.00434234 -0.000194723 0.00260343 0.00376358 
0.00667483 -0.000186211 -0.00485199 0.000115435 0.000740869 0.000176843 -0.000488726 -0.000994039 0.000633653 -0.00103856 -0.00161264 0.00127845 0.00306054 -0.00455767 -0.000401412 0.0103919 0.00725573 -0.00120213 0.0193951 0.000562376 -0.00208645 -0.000104664 -0.00150289 -0.00159222 -0.00276798 0.0601357 0.00321354 0.00545638 -0.00424615 -0.00064181 -0.0024821 0.00328638 -0.00574929 -0.00127785 0.000501568 0.00645014 0.00135822 1.83763e-06 -0.00226595 -0.000867445 -0.00331681 0.00212554 -0.00149143 -0.000155502 -0.00125704 -0.000749873 -0.0032902 -0.000503395 0.00227834 0.00873529 0.00313418 -0.00512933 -0.0177213 0.0009472 -7.12277e-05 -0.00996387 -0.00169537 -0.0209723 -0.00270541 0.0160261 -0.0282447 -0.00535687 0.00318436 -0.00066271 -0.00544328 0.00410757 -0.00792541 -0.00525158 -0.00523731 -0.00325216 0.000158719 -0.00328363 -0.00031419 -0.00039431 -0.00262786 -9.93209e-05 0.000108976 -0.00172514 0.00291944 0.0065766 -0.00630853 9.07793e-05 0.00713336 0.00206644 0.00242928 0.00169525 -0.000734054 0.00283378 -0.0016797 -0.00301409 -0.00153212 -0.000646183 0.000418322 0.00439678 -0.000327632 0.00250889 -0.0024623 0.000460399 0.00315281 -0.0117135 
0.0047357 -0.0215807 -0.00668666 -0.0017245 0.000948675 0.0104583 -9.46166e-05 0.00130605 0.00137808 -0.0107107 -0.0054195 0.00120134 0.0154075 -0.0587111 -0.00086185 0.0104534 0.013264 0.000607329 0.00423054 0.000541169 0.0145573 0.0348888 0.00353109 -0.00268493 -0.0066117 0.00321354 0.125927 -0.0201898 0.000970748 0.0127369 -0.0187057 -8.84659e-05 -0.0154182 -0.00577848 0.00449631 0.00129717 -0.000429787 -0.000313733 -0.00284172 -0.00171186 -0.0489219 -0.00814603 0.00569584 -0.00157169 -0.0026331 -0.00087126 -0.0201602 0.00018195 0.00122197 -0.00793339 -0.00976653 -0.00198102 0.00723529 0.0213296 -0.00105229 -0.0424303 -0.00488831 -0.0310156 -0.00466898 -0.0170813 0.00358831 -0.00603876 0.000638009 0.00298619 -0.0115587 0.0542453 -0.0464602 0.0346621 -0.0294476 0.00979934 0.00763151 0.0276421 -0.000679457 -0.00354175 -0.000756677 0.000971159 0.0045288 0.00288962 0.00233792 -0.00277593 -0.0139352 -0.000693038 -0.00532435 0.00243459 -0.000200014 -0.000428466 0.000947397 0.0211348 0.00120014 -0.000299349 -0.00286038 -0.000855422 -0.00650932 0.00136652 0.000803221 0.0396199 0.00564087 0.000404629 0.00991152 -0.0211487 
-0.00114684 0.0208251 -0.0338828 -0.000202416 -0.0088102 -0.0114148 -0.00283613 -0.00944483 -0.0132816 0.00577464 -0.0127129 -0.0157917 -0.0351749 0.0674724 -0.0125975 0.00212854 -0.0149519 -0.0117051 0.0220301 -0.00797046 -0.0182174 -0.00817111 0.000100076 -0.00753368 0.000821837 0.00545638 -0.0201898 0.211217 -0.0199253 -0.000800643 0.0238026 -0.00708846 0.0162068 -0.00243773 -0.00655224 -0.00383105 -0.0129036 -0.00338329 -0.0154605 -0.00600385 0.056439 0.00904026 -0.0072246 -0.0049451 -0.00317579 -0.00165346 0.0211618 0.0154433 -0.00880635 0.0597445 0.0568771 -0.00464146 0.0438646 -0.0250606 -0.00689177 0.0254976 -0.00550278 0.0330759 -0.0218466 -0.00808525 0.0126951 0.00225113 -0.0155926 -0.0109346 -0.0303462 -0.0453795 0.0577915 -0.0198128 0.0299847 -0.0036341 -0.00645086 -0.0480325 -0.00547084 -0.00608479 -0.0137066 -0.00356097 -0.00399566 -0.0152831 -0.0179758 -0.00334468 -0.0143256 -0.000809626 -0.0224254 -0.00146261 -0.0121144 -0.00271609 -0.00773754 -0.029199 -0.0134475 -0.00531994 -0.00759084 -0.000819908 -0.0154619 0.00521063 -0.00175783 0.00454305 0.0179655 -0.00331215 -0.0156479 -0.00141068 
-0.0091591 -0.0123037 0.0185479 -0.000349137 0.00480649 0.00382863 0.00152453 0.00230813 0.00315701 -0.00224628 0.0046291 -2.13682e-05 -0.00489553 -0.0306881 0.00198115 -0.00826917 0.00512135 0.0121841 -0.000166048 0.00211698 0.009291 -0.0160662 0.000150055 0.00142889 0.00484733 -0.00424615 0.000970748 -0.0199253 0.0869828 0.00239597 0.004625 0.00280722 0.00939337 0.00761353 0.000157087 -0.00101717 0.00450074 0.00128556 0.00964633 0.00157266 -0.0237678 -0.00276023 -0.00281353 0.000965943 -0.000796873 -0.000948509 -0.00385623 0.0128123 0.00231859 -0.0329111 -0.022858 -0.00499599 -0.00672723 -0.00246556 0.00118148 0.00159031 -0.00218538 -0.0143312 0.0168258 -0.00694651 -0.00565809 0.00621589 0.00688849 -0.00085996 0.0126469 -0.0100024 -0.0235806 0.00020108 -0.0209773 0.00655231 0.00111214 0.0100648 0.000259665 0.00747812 -0.00846998 0.000132814 0.000873344 0.0078566 0.00509186 0.00697448 0.0232087 -0.000142858 -0.00100216 -0.00254924 0.0111245 0.000905038 -0.000263907 0.00157088 0.00257134 0.00169278 0.00184425 0.000158741 0.00189099 -0.00791161 0.000455902 -0.0204613 -0.0126862 0.00567144 0.00228669 -0.0170146 
-0.00089154 -0.00401328 0.000234875 0.000267631 -0.000598014 0.000669361 0.000693075 -0.000292754 0.000523182 -0.00108352 0.00123811 0.00207584 -0.000211259 -0.0126069 0.000943472 0.00367316 0.00287675 -0.000897453 -0.000426593 -0.000392796 0.00160514 0.00119009 -0.000319847 -0.00081545 0.00191476 -0.00064181 0.0127369 -0.000800643 0.00239597 0.044111 0.000298133 -0.000696937 0.00191612 -0.00151557 0.00137496 -0.000751972 -0.000509638 -1.47347e-05 0.00154164 -8.81856e-06 -0.0112946 -0.00105861 -0.000964899 0.000682173 6.18388e-05 -0.000559624 -0.00446725 -0.00344654 -0.000469446 -0.00719204 -0.00464711 -0.000610795 0.00357057 0.00329495 0.00063181 -0.002049 -0.000226189 -0.00767395 -0.000463588 -0.00701775 -0.00185578 0.0026734 0.000232384 0.000159975 -0.000692541 0.00762682 -0.0119131 0.00637335 -0.00700583 -0.000270842 0.00427869 0.00254772 -0.000109354 -0.000290591 -0.00133539 -0.000226212 0.00110227 -0.000988768 0.00102674 0.00320011 -0.0033018 -0.00012179 -0.0037552 0.000289835 -0.000340574 -0.000391079 -0.000195291 -0.00250493 0.000222078 -0.00294842 -0.000779047 -7.86267e-05 -0.00255435 0.000511471 0.000586625 0.00375676 0.00187072 0.00027303 -0.000945848 -0.00501728 
-0.014864 0.024989 0.0152705 0.000838873 -0.0014303 -0.00339233 0.00223604 0.000314921 -0.00020416 -0.00865027 0.00286544 -0.00995773 -0.030346 0.00903507 -0.0177242 -0.0168141 0.00402208 -0.0048959 -0.00184935 -0.0013721 -0.0176912 -0.0249388 -0.00164191 -0.00357014 0.00999911 -0.0024821 -0.0187057 0.0238026 0.004625 0.000298133 0.150453 -0.00236551 0.0240811 8.81209e-07 -0.00305566 -0.00321043 -0.00522192 -0.000689596 0.00370922 -0.00406221 0.0269556 0.0106937 -0.00124197 0.00140281 -0.00361998 -0.000888639 -0.00300245 0.0120187 -0.00272427 -0.0415213 0.0298727 -0.00342001 0.0316288 -0.00901442 -0.0017017 0.0592944 -0.00566997 -0.00103608 0.00343691 -0.0215219 0.0129987 0.0316769 0.000250773 -0.0031306 0.00427573 -0.0435805 0.00732632 -0.0182658 0.018546 -0.00700164 0.00727952 -0.0143287 -0.000262332 0.00209186 -0.0213666 -9.98728e-05 -0.000870791 0.00496708 0.0114854 0.00580755 0.0175584 -0.000259126 -0.0167563 -0.00626668 -0.00328953 -0.00318097 -0.00280348 -0.0376056 0.000640277 -0.00834442 -0.00240818 4.58603e-05 -0.00234443 -0.0137667 0.0023037 -0.0328047 -0.0131521 -0.000786431 -0.00236126 -0.0295633 
0.000657361 -0.0039067 -0.0015411 -3.98002e-05 0.000422547 4.49153e-05 0.000299152 0.000924657 0.000367087 -0.0026253 -0.00113936 0.00186408 -0.00226389 -0.0084683 0.00037421 0.000675386 0.000354837 0.0055392 -2.91581e-05 0.00159029 0.000358402 -0.00082174 -0.000310207 0.00055463 -0.000780685 0.00328638 -8.84659e-05 -0.00708846 0.00280722 -0.000696937 -0.00236551 0.0327632 -0.00607187 0.00190301 0.0018772 0.00124383 0.00441064 0.000445167 0.00187775 0.000632243 -0.00682953 -0.00179333 -0.00137984 -0.000349044 0.000125301 0.000426099 -0.00418606 0.00227816 0.00046295 0.00268459 -0.00340831 0.00187183 -0.0113087 0.000372906 0.00115171 -0.00454767 -0.00144024 -0.0106303 0.00115192 0.00378628 -0.00928597 -0.00163212 0.00263458 0.000401672 0.00156679 0.000308972 -0.00368062 -0.000774642 -0.00287547 -0.00212964 -0.000423651 0.000545413 0.000258749 0.005367 -0.00264979 0.00023855 8.94778e-05 0.00340954 0.00449595 0.00424169 -0.00083076 -6.5856e-06 0.00450421 0.00292233 0.00603004 0.00155098 -0.000284168 0.00639952 -0.000578831 -0.00111877 0.00107701 1.99719e-05 -0.0011679 -0.00165484 9.99813e-05 -0.00212988 -0.00458773 0.000321518 0.000764677 -0.00691184 
-0.027066 0.000752132 0.00925809 0.000371419 -0.00484106 -0.00477588 -0.00158405 -0.000565883 0.00130418 -0.0116009 0.0165152 -0.0298052 -0.0153992 0.00613752 -0.0153205 -0.0383556 -0.0287661 -0.0124758 0.0228528 -0.00206169 -0.0165235 -0.0796932 -0.00221667 -0.00241747 -0.00648864 -0.00574929 -0.0154182 0.0162068 0.00939337 0.00191612 0.0240811 -0.00607187 0.228657 -0.00172861 -0.000383369 -0.00467287 -0.00914374 -1.77985e-05 0.00700379 -0.00263362 0.0582686 0.00740824 -0.00100623 -0.0032923 0.000160532 -0.00286157 -0.029091 -0.00329115 -0.00128328 -0.0500462 0.0444967 -0.00687504 0.020678 -0.0116143 0.00391714 0.00686786 0.00968053 -0.0100211 0.0175342 -0.0140073 0.0550451 0.012252 -0.000659196 0.00341899 0.00382528 -0.0295972 -0.0105678 -0.0192063 0.0162972 0.00123182 -0.00549498 -0.0105616 -0.000674837 -0.00176655 -0.0192578 -0.00180451 -0.00584804 -0.00651225 -0.00484984 -0.00366473 0.0239329 -0.000163302 -0.0240665 -0.0138678 0.00291426 -0.00505928 0.00315351 -0.0368132 0.00495891 -0.0058719 0.000903279 -0.00219634 0.0117719 0.0182767 0.00294827 -0.00673031 0.0441824 -0.00275556 -0.0065852 -0.0148323 
-0.00114924 -0.0081464 0.00185783 0.00167826 0.00079559 0.000218105 -0.000534132 0.00182034 -0.000296207 -0.00211422 -0.00112991 0.000909398 0.00536849 0.00113329 -0.00178145 -0.00219866 -0.00793437 0.00384168 -0.000561095 -0.000690318 0.00155684 6.16015e-05 -0.00122007 0.00283112 -0.00146038 -0.00127785 -0.00577848 -0.00243773 0.00761353 -0.00151557 8.81209e-07 0.00190301 -0.00172861 0.0632262 0.000770732 0.00138515 0.0018816 0.00185367 -0.00182817 -0.000770396 -0.0112467 0.00324892 0.000835726 0.00245246 -0.00145565 -0.000163648 0.006672 -0.0013599 0.00218035 -4.37998e-05 -0.00950803 -0.00342983 -0.0083728 -0.002524 0.00124904 -0.000413967 -0.00245913 -0.00264679 0.00435439 -0.0077448 -0.00809276 -0.000518789 0.00354245 -0.000693737 -0.00369785 -0.00212446 -0.00525919 -0.00810169 -0.00950671 0.000620019 -0.00400048 -0.00160173 0.000909241 0.0051856 0.0014901 4.23318e-05 -0.000105203 0.00254257 0.000293401 0.00362437 0.00780416 -0.000202483 0.00344613 -0.000687177 0.00491072 0.0025444 -0.00139842 -0.000708375 -0.000580266 0.0079013 0.00150572 -0.00020738 -0.00241244 -0.00587084 0.000517761 -0.00515156 -0.00790778 0.00113074 0.00118269 -0.00614227 
