0.0295601 -0.000650112 -0.00113434 -0.00103566 0.000361159 0.00352755 0.000286846 -0.00175849 -0.00358447 0.00318106 0.000123551 -0.000830627 0.000190041 -0.00181008 0.00256552 0.000356745 0.000758853 -0.000924001 0.00085858 0.000887457 -0.000554709 -0.0030426 0.000218287 -0.00280853 -0.000245569 -0.000100978 -0.00367022 -0.00332158 0.000155406 -0.00107205 -8.19035e-05 -0.00668344 -0.000516342 -0.00138198 0.000231315 -0.00401783 -0.00332937 -0.000665458 -0.0011597 -0.00462111 0.00323257 -7.02306e-05 -0.000314755 0.00348265 0.000414847 -0.00443498 -0.00252387 0.00148798 -0.000886309 -0.000175179 -0.00509266 0.00366444 0.000390932 -0.000145643 -0.0015031 -0.00233822 0.000373075 -3.1865e-05 0.00266212 0.00156753 2.69643e-05 -0.000111802 -0.00241483 0.000442509 0.00175089 0.00108327 0.00042166 -0.00120476 0.00273161 -0.000206542 -0.000527325 -0.000494032 0.00107653 0.00027099 0.000392597 0.000133394 0.00168039 -0.0030023 0.000962823 -0.000656855 -0.00158833 0.00150625 -0.00127992 -0.000850962 -0.00124315 0.00283798 -0.00058756 -0.000290238 -7.97675e-05 0.00126517 0.00124589 0.00014651 0.00222759 -0.00102843 -0.000290046 -0.00259585 0.006302 -0.00213495 -0.000487653 0.000549571 
-0.000650112 0.168857 0.0123404 0.00269839 -0.000620491 -0.0103342 -0.000288895 -0.00745019 0.012319 -0.00250641 0.00764104 0.0313779 -0.000402785 -0.00851107 0.0114259 0.00191296 -0.00834698 -0.0095516 -0.00154121 -0.00474688 0.00162231 -0.0151239 -0.0133835 -0.00144258 -0.00539822 -0.00141048 0.0331431 -0.0196212 0.00334218 -0.00987771 -0.000348204 -0.00859483 -0.00457283 -0.00711611 -0.00368512 0.00412656 0.0244569 0.00686571 -0.00619282 0.000996779 0.00191259 0.0042077 -0.0371564 -0.0151547 -0.0114629 -0.0339716 -0.0176789 -0.00186346 -0.0416967 -0.000368795 -0.0196727 -0.0171468 0.00655035 -0.0157036 -0.00864509 -0.00285542 -0.00105336 -0.000421994 0.00131295 0.00481717 3.96518e-05 0.00544063 0.000511044 -0.000283407 -0.0146775 0.0110404 0.0142662 0.0102997 0.00015856 -0.00290039 -0.0042806 -0.00183887 -0.00263597 -0.000398666 0.0198577 -0.00159474 0.00351993 0.0201363 0.000215871 -0.00587674 -0.0116312 0.0079988 -0.00742332 -0.0177961 -0.000350023 0.0111024 -0.000791731 -0.00728642 0.00105313 -8.52775e-05 0.00779164 0.000388303 -0.00710735 0.00818059 0.0246212 -0.0241391 -0.00888413 -0.00288376 0.00294118 0.00794605 
-0.00113434 0.0123404 0.192711 -0.000838915 -0.00746695 0.00406856 0.0012029 0.0496404 0.0603492 0.00266816 0.0192921 0.0479185 -8.8167e-05 -0.00629519 -0.0129778 0.0120059 -0.010853 -0.00834346 -0.00497636 -0.00686508 0.0253877 -0.0147714 -0.0100384 0.0436463 -0.0187574 -0.00112213 -0.00750366 -0.0456544 -0.00656517 -0.0199017 -0.000605638 -0.0210127 0.00424336 0.00607814 -0.00563938 0.0135329 -0.0158994 -0.00710624 -0.0184627 -0.01408 -0.0134628 -0.00285453 0.0216077 -0.0185347 -0.00799587 0.00289968 -0.0200365 -0.00547866 -0.00976084 -0.00170885 -0.0443413 -0.0342661 -0.0475603 -0.0515525 -0.00768773 0.0443959 0.00249564 -0.0010347 -0.000124833 -0.00412275 -0.00244327 -0.00106344 0.0817078 -0.00547321 -0.00697935 0.00233799 0.01229 0.00699191 -0.0134809 -0.00154461 -0.00761439 -0.00433365 -0.00436563 -0.0010743 0.0162454 0.000925571 -0.00559116 0.00982822 0.000511906 -0.0171748 -0.0612452 0.0146179 0.00208093 -0.0208469 -0.00692618 0.00188335 -0.0041234 -0.0208261 -0.000305603 0.0068753 0.00312882 0.000544874 -0.0157412 -0.0107494 0.00360008 0.0364424 -0.0133679 -0.00910629 0.00540856 -4.61626e-05 
-0.00103566 0.00269839 -0.000838915 0.0795412 0.00397466 0.0128204 0.000577627 0.00234116 0.0016572 -0.00418142 -0.0057964 -0.00790896 -0.000142026 -0.00249193 -0.00282362 0.011685 0.0248189 -0.00594987 0.00453392 -0.00190665 0.00505337 -0.0057089 -0.0145522 -0.0115941 -0.00355959 0.00549269 -0.00110653 -0.00687395 0.000995741 0.0126012 -7.0489e-05 0.00894296 0.00146007 -0.00248535 0.0028059 0.00274741 -0.00923469 -0.00375633 -0.00728628 -0.0131322 0.00226749 0.0001586 -0.00875163 -0.00110367 0.0074105 -0.00128708 0.00130377 -0.00188232 -0.0274701 0.00227442 0.00842738 -0.00563723 -0.0239654 -0.00527521 0.00806986 -0.0126955 -0.000168577 -0.000353271 -0.000616824 0.00925502 0.000953138 0.0116232 -0.00592841 0.000348734 -0.00572796 0.000798579 -0.00933087 0.0039853 -0.00117022 0.000804285 0.00192475 -0.00066571 -0.000179746 0.000205241 -0.00575346 -0.00089546 0.002794 0.000903853 0.000344406 -0.00615657 -0.00238204 -0.00268393 0.00388661 -0.0115825 -0.00756686 -0.00275413 0.00891725 -0.00513748 -0.00040732 0.00142217 -0.00525723 0.000181841 -0.00378032 -0.00104971 -0.00468164 -0.00721078 0.00778784 0.0173951 0.00359675 0.000157474 
0.000361159 -0.000620491 -0.00746695 0.00397466 0.0354311 0.00812286 0.00192771 -0.0055726 -0.00454283 0.000235107 0.000504395 -0.00386595 5.43033e-05 0.000354586 0.000897511 0.000168754 0.00648367 0.00145556 0.00075636 0.000395765 0.000722867 -0.0016939 -0.00379566 -0.00482878 -2.09538e-05 0.00107345 -0.00359361 -0.00263512 -0.000333143 0.00684777 -0.000187893 0.00270542 -0.000849523 -0.00210918 0.00179873 0.00198342 -0.00637901 -0.00174256 -0.00243031 -0.00358672 -0.00143061 -0.000175485 -0.00625259 0.00115557 -0.00182713 -0.00579191 -0.00334378 -0.00143188 -0.00484938 0.00090988 0.000338965 -0.00122509 -0.0058105 0.00317389 0.00102633 -0.00503493 -7.44512e-05 0.000469753 0.000740227 -0.00124751 -0.000367113 -0.00102968 -0.00746516 0.000966315 0.00416217 0.00331487 0.00133369 -0.00176986 0.00182077 0.000523336 0.00351169 -0.000371503 2.21931e-05 0.000402076 -0.00164525 0.000280272 0.000641577 0.00392117 0.00103116 0.000618947 0.000410832 0.0017154 -0.000314685 -0.00317326 -0.000392711 0.00162023 0.00088087 -0.0028029 0.000225171 -0.000815799 0.000941108 -0.000124617 0.00499967 -0.00260048 -0.00188992 -0.00329531 0.000381746 0.00483898 0.000934243 -0.000759642 
0.00352755 -0.0103342 0.00406856 0.0128204 0.00812286 0.189125 0.00311797 0.0441501 0.0443686 -0.000388682 -0.00975754 0.0267626 -0.00119549 -0.00417629 -0.0119459 0.00233518 0.019778 0.00335306 -0.00816537 -0.0069426 0.0121311 -0.0233247 0.0240131 -0.0103336 -0.0106705 0.0044625 -0.0350624 -0.039753 -0.00458352 -0.0035549 -0.000674052 -0.0210525 0.0082998 -0.000449301 -0.000384435 0.0286592 -0.0418431 0.00473484 -0.0165014 -0.00623154 0.0101151 0.00249393 0.0460645 -0.0105885 -0.00469464 0.00216501 -0.026286 -0.00956686 0.00121855 0.00124347 0.00417404 -0.022716 -0.0339608 -0.0395491 0.00824423 0.0401185 0.00170114 -0.000494711 0.00257706 0.00573208 -0.00286012 -0.0076797 -0.0156479 0.000724786 0.0133549 -0.00985267 -0.0326661 -0.00242055 -0.00848829 0.00177276 -0.0015504 -0.00218573 6.01993e-05 -0.00105922 -0.0168171 -0.00559828 0.02087 0.0244757 0.0134239 -0.0100239 -0.0653646 -0.00911158 -0.00745112 0.00451705 -0.0207656 0.000879432 -0.000172581 -0.0161768 -0.000438125 -0.000691121 -0.0142123 -0.000805102 -0.0133386 -0.0223352 -0.0162019 0.0648023 -0.00717667 0.0132319 -0.00310842 0.00159041 
0.000286846 -0.000288895 0.0012029 0.000577627 0.00192771 0.00311797 0.0175026 -0.000867257 -0.00232436 0.00173753 0.000874805 0.0024467 0.000134999 0.000822054 -0.000784284 0.000636791 0.00160228 -0.00105862 -0.000142065 -0.000370617 0.00390665 -0.000982141 -0.00203793 -0.00308445 0.000555806 0.000813736 -0.00283914 -0.00332085 5.54754e-05 0.00131985 5.04932e-05 -0.00397247 0.000947394 -0.000703683 0.000390884 -0.00179237 0.000274253 0.000211872 -0.000656601 -0.00117003 0.000260968 0.000533645 -0.00259847 -0.00128325 0.000619997 -0.00240508 -0.000513635 0.000259404 -0.00423139 0.000927254 -0.0023929 -0.0016645 -0.00464269 -0.00297123 -0.000344288 -0.00286429 0.000863909 0.000122699 -2.42134e-05 0.00161454 0.00101793 -0.0005914 0.00239182 0.000819604 2.77207e-05 2.14529e-06 0.00124476 0.00123494 -0.000577228 0.000333333 -0.000277987 -9.18814e-05 0.000490967 0.000588531 0.00147361 4.6015e-05 0.00116929 -0.000259095 -0.000104791 0.000700074 -0.00415339 0.0014694 0.00164341 -0.00195394 0.000481942 0.00155084 0.000528283 -0.0011409 -1.63078e-05 0.000615666 0.000829785 2.35102e-06 0.000472933 0.00095329 0.000839846 -0.00464838 -0.00036779 -0.00149064 -0.000306032 0.000783374 
-0.00175849 -0.00745019 0.0496404 0.00234116 -0.0055726 0.0441501 -0.000867257 0.224662 0.0967986 0.016241 0.000334103 0.0400778 -0.00196586 -0.0162285 -0.00294006 -0.00954113 -0.0155264 -0.0142145 -0.0128287 -0.00112088 -0.0051115 -0.0348219 0.04911 0.0453268 -0.0128177 0.000236016 -0.0156538 -0.0618712 -0.0011659 -0.0326382 0.000303485 -0.0883648 0.0149126 -0.00688262 -0.00108342 0.0495095 -0.0611795 -0.000885648 -0.0160736 0.0466823 -0.0183007 0.000511298 0.0368445 -0.0184952 -0.0363346 -0.0524035 -0.0512056 -0.00350025 0.042258 -0.00363358 0.00698596 -0.0398492 -0.00220689 -0.0446467 0.00200087 0.0536005 -0.00291071 -0.00233982 -0.00238162 0.00274738 -0.00665367 -0.0147192 0.0143937 -0.00701526 0.00889828 -0.00215888 -0.0126844 -0.0168342 -0.0183347 -0.00261334 -0.00753048 -0.00667833 0.00222415 0.00256475 0.00511423 0.00532606 0.0169741 0.0613892 0.00249539 -0.00367017 -0.0826085 -0.00650022 -0.00331587 0.00368791 0.00215248 -0.00171038 -0.00156402 -0.0240786 -0.00138819 0.00866676 -0.022231 -0.0015691 -0.0272214 -0.0256718 -0.0178377 0.0729323 -0.00983282 -0.00145623 0.00185856 -0.00130134 
-0.00358447 0.012319 0.0603492 0.0016572 -0.00454283 0.0443686 -0.00232436 0.0967986 0.227484 0.0131334 -0.00918369 0.0250668 -0.00150794 -0.0197606 -0.010858 0.00535387 -0.00492029 -0.00416582 -0.0140223 0.000383647 0.00787714 -0.0202413 0.0480375 0.0464386 -0.0143793 0.00344398 -0.00357622 -0.0649978 -0.0069338 -0.029723 0.000335168 -0.0508099 0.0152048 -0.000573536 -0.00132651 0.0329485 -0.0405903 0.00410443 -0.0163925 0.0289523 -0.0169428 -0.000244697 0.0474115 -0.0148408 -0.0340488 -0.00870721 -0.0477758 -0.00416925 0.0579033 -0.00602945 -0.0149934 -0.0398915 -0.0110566 -0.0596057 -0.00132643 0.0453694 0.00245818 -0.00201027 0.00100646 0.00784535 -0.00603161 -0.00791537 0.00888117 -0.0078036 0.00790333 -0.0167038 -0.031392 -0.0155987 -0.0156968 0.00260968 -0.0114305 -0.00411914 -0.000363783 -0.00113813 -0.00494405 -0.00471494 0.000438864 0.0395755 -0.00534638 -0.0178788 -0.0650903 -0.0157397 -0.00566027 0.0023893 -0.0164947 -0.00574987 -0.00457851 -0.0246763 -0.00127264 -0.00446068 -0.031191 0.000554177 -0.0149722 -0.0169262 -0.0207385 0.0636523 -0.0174837 0.0182461 0.00442369 -0.00275619 
0.00318106 -0.00250641 0.00266816 -0.00418142 0.000235107 -0.000388682 0.00173753 0.016241 0.0131334 0.0825825 0.000519082 -0.00370164 0.000133513 -0.00509143 0.0133745 -0.00467599 -0.00495303 0.00182958 -0.000382056 0.00609374 -0.00514478 -0.00517274 0.0173455 0.0172121 -0.00356035 -0.0010698 -0.00939022 -0.0108032 -0.00316781 -0.00507778 4.62537e-05 -0.0168551 0.000543623 -0.00510532 6.28933e-05 -0.00601351 -0.00583221 0.00332176 0.00300044 -0.00135706 -0.00586052 0.000714827 0.00176249 0.00252617 -0.0067215 -0.00677727 -0.00509236 0.000724976 0.0176023 -0.00237288 -0.00446334 -0.00182568 0.00186961 -0.0029126 -0.00465042 -0.00783347 -0.00048515 -0.000349053 0.00220553 0.000783942 0.00064491 -0.00219752 -0.00830124 -0.0022826 -0.00233597 0.00128221 0.000520994 -0.00274075 -0.00054964 0.00016772 0.000714151 -0.00148948 0.000361038 0.00265358 0.00200843 0.00215018 0.00237996 0.0027212 -0.00517333 1.86627e-05 -0.0111798 0.00128287 -0.00540836 -0.0026337 -0.00574654 0.00530175 -0.00138121 -0.00365388 0.000559199 -0.000218612 -0.00921501 -0.000273639 0.00672499 -0.00152848 -0.00667956 0.000846421 -0.00136398 -0.0115787 -0.000542692 -0.00154043 
0.000123551 0.00764104 0.0192921 -0.0057964 0.000504395 -0.00975754 0.000874805 0.000334103 -0.00918369 0.000519082 0.091711 0.0318988 0.000800079 -0.00116372 -0.00401039 0.000103074 -0.00755096 -0.00259768 0.00573295 -0.00232577 0.00593811 0.00289567 -0.0241305 0.00372165 -0.00561424 -0.000729473 -0.00574166 -0.0186547 0.000932303 -0.00851655 -0.000324777 -0.0160336 -0.00689959 -0.00282218 -0.00118687 -0.00873325 -0.00305851 -0.000293818 -0.00320895 -0.0115023 -0.000336719 0.00110028 -0.0168599 -0.00622614 -0.00783708 -0.0217126 -0.00834863 -0.00368141 -0.0145766 0.00222068 -0.0225722 -0.00890184 -0.0252966 -0.0136625 -0.00162691 -0.00828821 0.000260054 0.000637759 0.00749208 0.00323626 -0.00109599 0.000370384 0.0155283 0.00406141 -0.00492079 0.0173212 0.0348128 -0.00823718 -0.00356977 -0.00128798 -0.00254846 -0.00145211 -0.000417159 0.00149827 0.0169072 0.000465802 0.00462054 -0.00691967 0.00841362 -0.00204682 -0.0204296 0.0196525 0.00198788 -0.016223 0.021212 0.00558657 0.000563685 -0.00693011 0.000215907 0.0149831 0.0215337 0.000511701 0.00513342 0.00446064 0.00912414 0.00437748 0.00130754 -0.0127862 -0.000267953 0.00627767 
-0.000830627 0.0313779 0.0479185 -0.00790896 -0.00386595 0.0267626 0.0024467 0.0400778 0.0250668 -0.00370164 0.0318988 0.218154 0.00017111 -0.00339199 -0.0112353 0.00563988 -0.00615204 -0.0125557 -0.00710149 -0.000549536 0.0225177 0.00179003 -0.0281805 -0.00320606 -0.0198902 0.00215286 -0.0296717 -0.0344785 -0.00446148 -0.0100392 -0.00118155 -0.0621846 -0.0115854 -0.014919 -0.000930508 -0.0214758 0.00934735 0.0110291 -0.0170561 0.00318001 0.00864815 0.00411175 -0.0286461 -0.0253145 -0.0108018 -0.0245644 -0.0198119 0.00395025 0.00248315 0.00406154 -0.0436244 -0.0334896 -0.0318899 -0.0683276 -0.0114592 0.0203391 -6.89027e-05 -5.60299e-05 0.00131249 0.00756697 0.00063864 -0.00749657 0.0659564 0.00249523 -0.00906881 0.00252759 0.0222076 -0.00382796 -0.0106051 -0.0014936 -0.0078836 -0.00473245 0.00210324 0.000352849 0.0311797 -0.00529368 -0.00263275 -0.00743916 0.016867 0.010399 -0.065451 0.0154913 0.00136624 -0.00660446 0.0092728 0.00149901 -0.00157513 -0.0157369 0.00125293 0.0281974 0.0179942 0.000498423 -0.0222946 0.00366193 0.0283499 0.0236563 -0.0131917 -0.0278934 -0.000791084 0.0106481 
0.000190041 -0.000402785 -8.8167e-05 -0.000142026 5.43033e-05 -0.00119549 0.000134999 -0.00196586 -0.00150794 0.000133513 0.000800079 0.00017111 0.00932772 0.000628185 0.00122093 0.00030705 0.000466404 -0.000164167 6.71212e-05 -0.000195769 0.000768409 -0.000728118 -0.000151078 -0.000891899 0.000393826 0.000203521 -0.000946385 0.000301983 -3.74595e-05 0.000672865 1.15047e-05 -0.00150273 0.000648953 -0.000152381 0.000698567 -0.000897912 -0.000497842 9.33208e-05 0.00135185 -0.00188279 0.000207157 1.65233e-05 -0.000691309 -0.000333462 0.0002066 -0.00152614 -0.000120288 0.000388784 -0.00251327 0.000400984 -0.000438322 0.00120969 -0.00153154 -0.00147313 -0.00022386 -0.00355288 0.000154696 -5.13424e-06 0.000460963 -5.2834e-05 0.000664295 0.000195167 0.000709848 -0.000128009 0.000986628 4.73609e-05 0.00014524 0.0013733 0.000998373 0.000120142 -0.000171871 -6.38812e-05 0.000753198 0.0002171 -0.00054356 0.000548902 0.000240487 -0.00092622 -0.000237133 -0.000129162 0.000484123 0.000254697 -0.000356388 -0.00074782 -0.00090679 0.00117386 0.000246575 0.000211955 -1.45158e-05 0.00140982 -0.000211271 0.000111916 -0.000610592 0.000379699 0.000925758 -0.00205009 -1.49118e-05 -0.0012445 8.30663e-06 0.000271271 
-0.00181008 -0.00851107 -0.00629519 -0.00249193 0.000354586 -0.00417629 0.000822054 -0.0162285 -0.0197606 -0.00509143 -0.00116372 -0.00339199 0.000628185 0.0715347 -0.00601531 0.00103867 0.00185759 0.0096567 0.00556435 -0.00384969 -0.00540552 0.010671 -0.00616266 -0.0030841 0.00822238 7.86088e-05 -0.00949721 0.0130025 -0.00108452 0.0123901 -8.17906e-05 0.0181298 -0.00168088 -0.00194538 -0.000980001 -0.0113794 0.00837865 0.00269511 0.000251778 -0.013655 -0.00153388 -0.000679043 -0.00933996 -0.0014551 0.0121775 0.00762902 0.00533124 -0.0036096 -0.0127437 0.000834968 -0.00334322 0.0120175 -0.00972477 0.0141126 0.00268097 -0.00397284 0.000925087 0.000542835 -0.00157087 0.000101453 -0.000593577 0.00173599 0.00319662 0.000522104 -0.00219387 -0.00449415 0.000979184 -0.00593214 0.00368484 -0.000763507 0.00368987 -0.00051248 -0.0017537 -0.000893254 -0.00193202 -0.0019604 -0.00627329 -0.0119899 -0.00121696 -0.00293415 0.0101069 -0.00390449 0.000679769 0.00186529 -0.00261245 -0.00318246 7.32619e-05 0.00380623 8.08096e-05 -8.09523e-05 -0.00236279 -0.000322889 0.00138743 0.00373503 -0.00399309 -0.0159256 0.00352222 -0.0024137 -0.000152688 -0.000585784 
0.00256552 0.0114259 -0.0129778 -0.00282362 0.000897511 -0.0119459 -0.000784284 -0.00294006 -0.010858 0.0133745 -0.00401039 -0.0112353 0.00122093 -0.00601531 0.0832825 0.00216415 -0.00322747 -0.00697661 0.00140665 -0.00321215 -0.0071231 -0.00313759 0.00118138 0.00992466 -0.00187479 -0.00149091 0.00381797 0.0176018 -0.000776749 -0.00645032 0.000115313 -0.0196854 -0.00474302 -0.0050954 -0.000264532 -0.00356128 -0.0100381 0.00948056 0.00809115 -0.00398561 -0.00660146 0.00146798 -0.00681705 -0.00590136 -0.00848116 -0.0129923 -0.00395611 0.00898465 -0.00370191 -0.00291365 0.0133635 -0.00444947 0.0257642 0.0111176 -0.0019359 -0.00930793 0.00156231 -0.000144233 -0.000496442 -0.00111367 0.00135545 0.00365258 -0.0100106 0.000623647 -0.0026797 0.0113022 -0.0038512 0.00548008 -0.00218921 -0.00140841 0.00231235 -0.000809575 0.00409031 0.00344181 -0.000539255 0.00338967 0.00551253 0.0030228 -0.00110218 0.00435371 -0.00561251 -0.00116234 -0.00683072 0.00743153 -0.00423936 0.0114573 -0.000495629 0.00632141 0.000592712 -0.00213418 -0.00677722 -0.000431278 0.00112941 -0.00295972 -0.0061797 -0.0179311 -0.00369041 -0.0117579 1.72809e-05 0.00254121 
0.000356745 0.00191296 0.0120059 0.011685 0.000168754 0.00233518 0.000636791 -0.00954113 0.00535387 -0.00467599 0.000103074 0.00563988 0.00030705 0.00103867 0.00216415 0.0798763 0.00888169 -0.0025333 0.00317976 -0.00426709 0.0128053 0.00467007 -0.0114716 -0.00689671 -0.00415215 0.00325569 -0.0120735 0.00465692 -0.000618945 0.00595461 -0.00039449 -0.00555318 -0.000978658 -0.00418342 -0.000154747 -0.00874738 -0.00523277 0.0174403 -0.00670181 -0.0144217 -0.001892 -0.00043031 -0.0137053 -0.0069744 -0.00367016 -0.00656946 -0.00195192 0.00773005 -0.0220837 0.000181525 -0.0140349 -0.00685488 -0.0202829 -0.00377492 0.00501081 -0.00432766 0.0031553 -1.88225e-05 0.00278456 0.0127515 0.000253756 0.0129334 0.00747422 0.0035647 -0.00407842 0.00318359 -0.00967719 0.00848538 -0.00344472 0.00293146 0.00426746 -0.000310817 0.00164258 -0.000688459 0.00502926 -0.000848435 -0.00709177 -0.0131076 0.00543534 -0.000991025 -0.0134196 -1.19235e-05 0.00490929 -0.000312546 -0.00864799 0.000237645 0.00163861 0.00166939 0.000264968 -0.00111196 0.00140659 0.00110439 0.000298984 -0.00212798 -0.00324668 -0.0219372 0.00423239 0.00677507 0.00546161 0.000981764 
0.000758853 -0.00834698 -0.010853 0.0248189 0.00648367 0.019778 0.00160228 -0.0155264 -0.00492029 -0.00495303 -0.00755096 -0.00615204 0.000466404 0.00185759 -0.00322747 0.00888169 0.139188 0.0114002 0.000790264 0.0103405 -0.00132329 -0.0169069 0.000337172 -0.0432027 0.00109738 0.00380807 -0.0288681 -0.0373774 0.00215301 0.0163746 -0.000506737 0.0245077 -0.00456977 -0.00230927 0.00175029 -0.00990718 -0.0106756 0.00219582 -0.00385275 -0.0401249 0.020089 1.3532e-05 -0.00506548 0.00137293 0.0227717 0.0149944 -0.00609316 0.00192323 -0.0233727 0.00703058 -0.0119148 0.0146003 -0.0478148 -0.0177588 0.0187295 -0.0194853 0.00183679 0.000995731 -0.00188635 0.0166175 -0.00145089 0.0091875 -0.0107435 0.0026202 -0.00587779 -0.00560324 -0.00368455 -0.00817473 0.000232193 0.0055505 0.00301439 -0.000467351 0.000813941 -0.00206051 -0.0115658 0.00591856 8.66502e-05 -0.0144611 0.00899661 -0.00992815 0.00446281 -0.00194275 0.00366487 -0.0146993 -0.00827686 -0.0044612 0.0107072 -0.0122838 -0.000403613 0.00764966 -0.00702651 7.85371e-05 0.00503401 -0.000745942 -0.000218929 -0.0153204 0.0256264 0.0397552 -0.000217016 0.00119507 
-0.000924001 -0.0095516 -0.00834346 -0.00594987 0.00145556 0.00335306 -0.00105862 -0.0142145 -0.00416582 0.00182958 -0.00259768 -0.0125557 -0.000164167 0.0096567 -0.00697661 -0.0025333 0.0114002 0.0992058 -1.42825e-05 0.00913959 0.000448363 0.00298114 0.012246 -0.0104996 0.016426 -0.00102314 -0.0160117 -0.0149438 -0.00285128 0.00592727 -0.000604756 0.0254212 -0.00128982 0.0055251 -0.00157365 -0.00844808 0.00406187 -0.00322537 0.00448471 -0.0204626 -0.00461758 -0.00191895 0.0139527 0.0135061 0.0136442 0.0143364 -0.00130655 -0.00293765 0.021303 -0.000941142 -0.0193833 0.033352 -0.0233236 -0.00148016 -8.97662e-05 0.00235088 0.000332827 0.00197142 -0.000256363 -0.00451867 -0.00229295 0.000613848 -0.0165913 0.000172559 -0.00268623 -0.0076629 -0.00735575 -0.0105167 0.00648261 0.00200654 -0.00260072 -0.000686237 -0.00181153 -0.000432627 -0.00977266 -0.00376956 -0.00815102 -0.0178447 -0.00570733 -0.00530139 0.0114368 -0.00508065 -0.00502159 -0.0134866 0.0036355 -0.00335316 0.00055435 -0.00893706 -0.000624771 -0.00556663 0.00120933 -0.00027969 0.00804233 0.00341906 -0.00609603 -0.00798702 0.0111693 -0.0038442 -0.00160794 -0.00122763 
0.00085858 -0.00154121 -0.00497636 0.00453392 0.00075636 -0.00816537 -0.000142065 -0.0128287 -0.0140223 -0.000382056 0.00573295 -0.00710149 6.71212e-05 0.00556435 0.00140665 0.00317976 0.000790264 -1.42825e-05 0.0507401 -0.00280084 -0.00150795 3.65582e-05 -0.00929406 0.00510612 -0.00056734 0.00094955 0.00529681 0.00319257 0.000296524 0.00378032 0.000322853 0.00674241 -0.00268776 -0.0020669 -0.000947229 -0.00562948 0.00475819 0.0013701 -0.000822784 -0.0114892 0.00056979 0.000845026 -0.0113467 0.00308909 -0.000299223 -0.00637995 0.00398882 -0.00199772 -0.0199653 -9.01855e-05 0.00130579 -0.00128914 -0.00164742 0.0126574 0.000345836 -0.0124144 0.000313004 0.000789372 0.0024654 0.00352757 0.00282347 0.00798491 0.0020742 0.00137149 -0.00378618 0.0044702 0.0041119 0.0015634 0.00010508 -0.00117093 3.45633e-05 -0.000985054 -0.0005691 -0.000221978 0.00306739 -0.00011076 -0.000321691 -0.00635657 0.00175564 -0.00279337 9.80985e-06 0.00430774 0.00286074 -0.00671756 0.000462946 -0.000228133 0.00171185 0.00621365 -0.000138645 0.00218946 -0.00095701 -0.000134575 0.00180891 0.00122006 -0.0015497 -0.0124085 0.000808517 -0.00410013 -0.000268592 -0.0010993 
0.000887457 -0.00474688 -0.00686508 -0.00190665 0.000395765 -0.0069426 -0.000370617 -0.00112088 0.000383647 0.00609374 -0.00232577 -0.000549536 -0.000195769 -0.00384969 -0.00321215 -0.00426709 0.0103405 0.00913959 -0.00280084 0.0841637 0.000290473 -0.00304266 -0.00685684 -0.0104409 0.00406679 -0.00130781 0.00391274 -0.0141062 -0.00209119 -0.0039942 -0.000308691 -0.00464937 -0.00574952 -0.00600593 0.00109898 -0.00549432 0.00382822 -0.00697994 -0.00623797 -0.00626159 0.00423824 -0.00155921 -0.0120257 0.00916479 0.00348485 -0.00213787 -0.00413414 -2.9558e-05 0.0234721 -0.00198353 -0.0142443 0.0201401 -0.00263398 0.00531537 -0.00341887 -0.0064011 -0.00116088 0.000510503 -0.00137839 0.00378713 -0.000907228 -0.00356811 -0.00658172 -0.00106477 -0.00203136 0.00155367 -0.00395974 -0.00834543 0.0082901 -0.000361341 -5.05446e-05 0.000874716 -0.000968751 0.000469704 -0.00376133 6.73017e-05 -0.00168826 -0.00390071 -0.00551669 0.010237 0.00949891 -0.00406514 -0.00279672 -0.00702014 0.0100135 -0.00260284 0.0013408 0.00171804 0.000274044 0.00285689 0.00374326 -6.57371e-05 0.0053129 0.00847735 -0.00226298 -0.0198258 0.00366598 -0.00838275 0.00142552 -0.00101801 
-0.000554709 0.00162231 0.0253877 0.00505337 0.000722867 0.0121311 0.00390665 -0.0051115 0.00787714 -0.00514478 0.00593811 0.0225177 0.000768409 -0.00540552 -0.0071231 0.0128053 -0.00132329 0.000448363 -0.00150795 0.000290473 0.0876187 0.00350244 -0.0147344 8.35426e-05 -0.00126133 0.00343706 -0.00872604 -0.017693 -0.00010139 0.00207544 -0.000619843 -0.0118838 -0.00301591 -0.00167719 0.000636728 0.00708537 0.00434641 -0.00697115 -0.0093768 -0.0152762 -0.00123206 -0.00107799 -0.0018802 -0.00846397 -0.00300573 -0.00112155 -0.00222942 -0.00287111 -0.0108383 0.0136309 -0.0207453 -0.0108362 -0.0215748 -0.0239382 1.40611e-05 0.00073815 -5.46257e-05 0.000404196 0.00221776 -0.000453405 0.00223355 0.00214152 0.0221369 -0.00144636 -0.0061431 0.00202222 -0.0101754 0.00844282 -0.0039985 0.00753138 -0.00197166 -0.00139605 8.76647e-05 -0.00065838 0.0164411 0.000739359 -0.00101825 0.00277915 0.00220685 -0.00372657 -0.0216693 0.0034886 0.0081068 -0.0139124 0.00456109 0.00434432 0.00284149 -0.00505216 0.00084792 0.00207849 -0.00184584 0.0016277 -0.00642396 0.00583415 -4.46179e-05 -0.00704181 -0.00424238 -0.0105777 0.00125555 0.00216626 
-0.0030426 -0.0151239 -0.0147714 -0.0057089 -0.0016939 -0.0233247 -0.000982141 -0.0348219 -0.0202413 -0.00517274 0.00289567 0.00179003 -0.000728118 0.010671 -0.00313759 0.00467007 -0.0169069 0.00298114 3.65582e-05 -0.00304266 0.00350244 0.121593 -0.0215432 -0.00894655 0.00626815 -0.000197715 -0.0146233 0.0224536 -0.00286416 0.0014303 -0.000347129 -0.0064762 -0.000885375 0.00277704 -0.00288858 -0.0148124 0.019476 0.00146162 -0.00623348 0.0142578 0.0010915 -0.000761438 -0.0171653 -0.00578904 -0.00638591 0.00618866 0.0202003 0.000202088 0.0161678 0.00487351 -0.0165149 -0.00117303 0.00221495 -0.0035408 -0.00151154 0.000624644 -0.000903037 8.36048e-05 5.14433e-05 -0.00209225 -0.000582292 -0.00255016 -0.00181855 0.00203648 -0.00997501 -0.00326345 -0.0124277 -0.00140258 -0.00472715 0.0013961 0.00333279 -0.000406879 -0.0013599 0.000120343 0.0129675 -0.00138807 -0.00991758 -0.0194456 -0.00534437 0.016346 0.0225695 -0.0029917 0.00988848 0.00794856 0.0221296 -0.00275804 -0.00195098 0.0101509 0.000390467 -0.00468861 0.0125282 0.00154899 0.00110902 0.00707232 0.000909004 -0.0191773 -0.00391626 -0.00266419 0.000501534 -0.00379816 
0.000218287 -0.0133835 -0.0100384 -0.0145522 -0.00379566 0.0240131 -0.00203793 0.04911 0.0480375 0.0173455 -0.0241305 -0.0281805 -0.000151078 -0.00616266 0.00118138 -0.0114716 0.000337172 0.012246 -0.00929406 -0.00685684 -0.0147344 -0.0215432 0.203258 0.017126 -0.00283178 -0.00101611 -0.0102544 -0.0483623 -0.00382113 0.0064205 0.000737744 -0.000749534 0.0253066 0.0163187 0.000597869 0.0167824 -0.0347204 -0.00408046 0.0219314 0.00913239 -0.0147326 0.0016114 0.0589967 -0.00859494 -0.00297679 -0.00443583 -0.0226975 -2.02245e-05 0.0371825 -0.0068087 0.0334032 -0.00212777 0.00381549 -0.0311028 -0.00265183 -0.00561225 0.000785463 -4.80573e-05 -0.0022457 -0.0141277 0.00230195 -0.00737759 -0.0302735 -0.00487891 0.00817684 -0.0156409 -0.0368997 0.000784682 -0.00392658 -0.00150594 -0.00937998 -0.00289353 0.00282795 -0.000756915 -0.0136867 0.0022071 0.0118871 0.0205886 -0.00960909 -0.0124188 -0.00786242 -0.0116262 -0.0167877 0.00115362 -0.0230884 -0.00144772 -0.00550703 -0.0187552 -0.00120417 -0.00670408 -0.0261548 -0.00128632 -0.02025 -0.0191106 -0.00450046 0.0403467 0.00336389 0.0135057 -0.00483905 -0.00431607 
-0.00280853 -0.00144258 0.0436463 -0.0115941 -0.00482878 -0.0103336 -0.00308445 0.0453268 0.0464386 0.0172121 0.00372165 -0.00320606 -0.000891899 -0.0030841 0.00992466 -0.00689671 -0.0432027 -0.0104996 0.00510612 -0.0104409 8.35426e-05 -0.00894655 0.017126 0.233284 -0.00594168 -0.00347523 0.0107175 0.0195412 -0.0112474 -0.0113731 -0.0011306 -0.0172855 -0.00531653 -0.00633286 -0.00442864 -0.00460231 -0.0310593 0.00404285 -0.00330695 0.0299572 -0.036062 -0.0060356 0.0303094 -0.0145274 -0.0101787 0.00820636 -0.0200259 -0.0154261 0.0406148 -0.0114138 0.0170101 -0.03213 0.0329054 0.0218512 -0.00432722 0.0306993 -0.00382102 -0.00261388 0.00102285 -0.0115951 -0.00733768 -0.00170724 0.0368848 -0.014017 0.00327457 -0.0069039 0.00354988 -0.00602379 -0.0216935 -0.00987497 -0.0169326 -0.00761921 -0.0020774 -0.00059951 -0.00869679 -0.00775437 -0.00721046 -0.00690185 -0.0138071 -0.0101514 -0.023584 -0.00187572 -0.0191564 -0.00938041 0.00633013 -0.00328611 -0.0137455 0.000569123 -0.00226221 -0.0057372 -0.0319932 -0.00248933 -0.0109708 -0.0200347 -0.0288466 0.0605684 -0.0206901 -0.0259833 -0.00296641 -0.0126961 
-0.000245569 -0.00539822 -0.0187574 -0.00355959 -2.09538e-05 -0.0106705 0.000555806 -0.0128177 -0.0143793 -0.00356035 -0.00561424 -0.0198902 0.000393826 0.00822238 -0.00187479 -0.00415215 0.00109738 0.016426 -0.00056734 0.00406679 -0.00126133 0.00626815 -0.00283178 -0.00594168 0.082703 -0.00112208 -0.00146498 0.00259927 -0.00068975 0.00244247 2.64584e-05 0.00796344 0.00167302 -0.00146358 -0.00010372 -0.00802194 0.00290803 -0.00431288 0.00756541 -0.0122986 -0.00411471 -0.00109084 -0.00458509 0.00973817 0.00611384 0.0026517 0.00188256 -0.000250106 0.00543573 0.00157027 -0.00332364 0.0178262 -0.00266706 0.0141271 0.00604552 -0.0123682 0.000361319 0.00146 -0.00196091 -0.00110356 -0.00126718 0.000393643 -0.0136894 -0.00057319 -0.0017126 -0.000549468 -0.00229584 -0.00977477 0.00131009 0.000559893 -0.00117337 0.000143894 0.000629659 0.00127491 -0.00324421 -0.0018102 -0.00418187 -0.00715516 -0.00553128 -0.00493186 0.0200668 -0.0055932 0.00314039 -0.000575542 0.0104559 0.000569452 0.00234597 0.003816 -0.000231339 -0.00383092 0.00181163 0.000203244 0.00534896 0.00898276 -0.00556955 -0.0232097 0.00930025 -0.00943417 -0.00210494 -0.00155282 
-0.000100978 -0.00141048 -0.00112213 0.00549269 0.00107345 0.0044625 0.000813736 0.000236016 0.00344398 -0.0010698 -0.000729473 0.00215286 0.000203521 7.86088e-05 -0.00149091 0.00325569 0.00380807 -0.00102314 0.00094955 -0.00130781 0.00343706 -0.000197715 -0.00101611 -0.00347523 -0.00112208 0.0261641 -0.00200397 -0.0020825 0.00059427 0.00150317 1.51989e-05 -0.00255866 0.00206368 0.000298835 0.000379185 -0.00082085 -0.00301614 -0.00043646 -0.00130988 -0.00310342 -0.000111868 0.000355358 -0.000187722 -0.000914056 -0.00134071 -0.000966027 0.000161265 9.69965e-05 -0.00434638 0.00139013 -0.00377235 -0.00118212 -0.00667309 -0.00467118 0.0010748 -0.00717782 8.20073e-06 4.8518e-05 0.000596917 0.00254401 0.000604759 0.00215739 -0.000984007 0.000114567 -0.00148717 -0.00112508 -0.00306786 -1.64301e-05 0.000344782 0.000756977 0.000113025 -5.37171e-05 0.000134303 1.8703e-05 -0.00072382 -8.76596e-05 -0.00137437 -0.000516734 0.00193867 -0.000764298 -0.00357071 7.48331e-05 0.00136211 4.60847e-05 -0.00210754 2.17959e-05 0.00241858 -0.000789268 -3.69962e-05 0.00254368 -0.00175063 0.000220939 0.000951906 -0.000375647 0.000260347 -0.00173023 0.000830001 -0.000999782 0.00111833 -0.000431147 
-0.00367022 0.0331431 -0.00750366 -0.00110653 -0.00359361 -0.0350624 -0.00283914 -0.0156538 -0.00357622 -0.00939022 -0.00574166 -0.0296717 -0.000946385 -0.00949721 0.00381797 -0.0120735 -0.0288681 -0.0160117 0.00529681 0.00391274 -0.00872604 -0.0146233 -0.0102544 0.0107175 -0.00146498 -0.00200397 0.190439 0.0289027 0.00493548 -0.00426052 0.00187944 0.0184412 -0.0048708 -0.00695526 0.00129554 0.00848437 0.0116751 -0.0224065 0.00833927 0.00852362 -0.011371 -0.0031867 -0.0335773 0.0116554 -0.0090138 -0.0151707 0.000391116 0.0070399 -0.0178948 -0.00737691 0.04813 0.00566093 0.0538542 0.0362342 -0.00994584 -0.011654 -0.00388337 -0.000182857 -0.00425479 -0.00992905 -0.00144215 -0.00201479 -0.0158559 -0.000217282 -0.0148706 0.00498955 0.00812811 0.00809768 0.0041784 -0.00364087 -0.00409672 0.00427363 -0.00182785 -0.00304417 0.00390359 0.0043368 -0.00584063 -0.000724984 -0.0138186 -0.00988986 0.036389 -0.00337298 -0.0150571 -0.0247319 -0.00172042 0.00248549 -0.00358673 0.0108305 -0.000131852 -0.0123387 0.00221815 -0.000988792 -0.00423641 -0.00876556 0.00531106 -0.0239394 -0.0102362 -0.010071 0.000616481 -0.003853 
-0.00332158 -0.0196212 -0.0456544 -0.00687395 -0.00263512 -0.039753 -0.00332085 -0.0618712 -0.0649978 -0.0108032 -0.0186547 -0.0344785 0.000301983 0.0130025 0.0176018 0.00465692 -0.0373774 -0.0149438 0.00319257 -0.0141062 -0.017693 0.0224536 -0.0483623 0.0195412 0.00259927 -0.0020825 0.0289027 0.212392 -0.00419229 0.00825364 -0.000309941 0.0293481 -0.0164102 -0.0119783 -0.00259231 -0.0290641 0.0431371 0.0235534 0.00744953 0.0105913 -0.0093343 -0.00386563 -0.0338378 0.00774822 0.00689863 0.035265 0.0456939 0.00575454 -0.00259563 -0.0106965 0.0450898 0.0163209 0.0733764 0.0861155 -0.0131732 -0.0134001 -0.00255265 -0.00147689 -0.0054701 -0.00064983 -0.00138238 0.00921689 -0.00385301 0.0010264 0.00444647 -0.0020384 -0.00942079 0.00661133 -0.00024042 -0.0054051 0.00114961 0.00602934 -0.000521488 -0.00284237 -0.0239904 -0.0073003 -0.0193751 -0.0514266 -0.00353424 0.0120656 0.0643499 -0.0189048 -0.00853426 0.0407777 -0.0112872 -0.00739698 -0.00550133 0.041501 -0.000580646 -0.0146935 -0.0198689 -0.00134065 -0.00291023 -0.00213404 -0.0158679 -0.0397154 -0.0156732 -0.0437159 -0.00438455 -0.00442343 
0.000155406 0.00334218 -0.00656517 0.000995741 -0.000333143 -0.00458352 5.54754e-05 -0.0011659 -0.0069338 -0.00316781 0.000932303 -0.00446148 -3.74595e-05 -0.00108452 -0.000776749 -0.000618945 0.00215301 -0.00285128 0.000296524 -0.00209119 -0.00010139 -0.00286416 -0.00382113 -0.0112474 -0.00068975 0.00059427 0.00493548 -0.00419229 0.0386522 -0.000747299 0.000734614 -0.00259046 0.00111535 0.00144686 0.000891859 0.00436147 -0.00517895 -0.00177212 0.00120879 -0.00134428 0.00661608 0.000463847 -0.00322465 0.000899884 -0.000805679 -0.00641624 -0.00581125 0.00293206 -0.00945511 0.00260622 0.00414532 -0.000569339 0.00178043 -0.002016 0.00331286 -0.00640786 9.78892e-05 -2.55049e-05 -0.00042854 0.00401691 -0.00022656 -0.000685083 -0.00665479 0.000321009 -0.00308995 0.00242619 0.000807207 -0.000671274 0.00070217 0.00262908 0.00190378 0.000252165 -0.00027845 -0.000116621 0.000487161 0.00716404 0.00258641 0.00363429 -0.000428435 0.00194323 -0.00250911 0.000161889 -0.000349763 -0.00502826 0.00187966 0.00152997 0.00198669 -0.00198713 2.96447e-05 0.000533242 0.00394164 0.000159585 -0.00174243 -0.00072377 0.00016282 -0.00180651 0.00100666 0.00434063 -0.000311703 0.00165803 
-0.00107205 -0.00987771 -0.0199017 0.0126012 0.00684777 -0.0035549 0.00131985 -0.0326382 -0.029723 -0.00507778 -0.00851655 -0.0100392 0.000672865 0.0123901 -0.00645032 0.00595461 0.0163746 0.00592727 0.00378032 -0.0039942 0.00207544 0.0014303 0.0064205 -0.0113731 0.00244247 0.00150317 -0.00426052 0.00825364 -0.000747299 0.108349 -0.000249667 0.0390227 -0.00220887 1.11741e-05 0.000888162 -0.00853814 0.0146594 -0.00716868 -0.00134853 -0.0236581 -0.000248727 -0.00166914 -0.0239109 0.00725128 0.0201725 -0.00956708 0.0104559 -0.0038448 -0.0213893 0.0042084 0.0124627 0.0118667 -0.0207145 0.0067115 0.00380146 -0.0376344 -0.00166579 0.000878873 -0.00160808 -0.00380287 0.0027177 0.00386569 -0.00865743 -0.000322994 0.00678942 -0.00716895 -0.0117615 0.00796914 0.010569 0.00216301 0.00828909 0.000709052 -0.0012109 -0.0013972 -0.00434603 0.00034406 -0.00711669 -0.0147907 -0.000440353 -0.00585002 0.0374989 0.00132965 -0.000655129 -0.0058558 -0.00951378 -0.00182156 0.000227899 -0.00584026 -2.9055e-05 -0.00130161 -0.00741701 -0.000691167 -0.00453486 -0.00605252 0.00566387 -0.0233491 0.0119976 0.0205347 -0.000486708 -0.00233727 
-8.19035e-05 -0.000348204 -0.000605638 -7.0489e-05 -0.000187893 -0.000674052 5.04932e-05 0.000303485 0.000335168 4.62537e-05 -0.000324777 -0.00118155 1.15047e-05 -8.17906e-05 0.000115313 -0.00039449 -0.000506737 -0.000604756 0.000322853 -0.000308691 -0.000619843 -0.000347129 0.000737744 -0.0011306 2.64584e-05 1.51989e-05 0.00187944 -0.000309941 0.000734614 -0.000249667 0.00760588 -0.00087857 0.00023107 0.000678668 0.000191007 0.000452571 -0.000912504 0.000275595 0.000996898 0.00104141 -0.00032245 0.000107491 -0.000282574 0.000692868 -0.000160069 -0.00146089 -0.000840527 -8.21704e-05 -0.00116531 -6.60994e-05 0.00141384 -5.09321e-06 0.000410873 -0.000401805 0.000513834 -0.000748968 0.000186047 7.70486e-05 0.000153658 -0.000128699 -6.32911e-05 -0.000297181 -0.000122289 0.000427041 -0.000463683 0.000159427 -0.000815231 0.000270726 0.000302583 -9.05993e-05 -8.08321e-05 0.00057684 4.47914e-05 -3.03356e-05 1.71468e-05 0.000171264 0.000549268 0.000688191 3.37242e-05 -0.000346456 -0.000693001 -0.000178565 0.000398108 0.000239011 -0.000581287 5.21908e-05 -5.4997e-05 -4.25345e-05 -1.39281e-06 -4.09579e-05 -0.000212138 0.000196042 -0.000653413 -0.00056918 -0.000308318 -0.00130693 -0.000351554 -0.00109892 0.000163156 -9.81555e-06 
-0.00668344 -0.00859483 -0.0210127 0.00894296 0.00270542 -0.0210525 -0.00397247 -0.0883648 -0.0508099 -0.0168551 -0.0160336 -0.0621846 -0.00150273 0.0181298 -0.0196854 -0.00555318 0.0245077 0.0254212 0.00674241 -0.00464937 -0.0118838 -0.0064762 -0.000749534 -0.0172855 0.00796344 -0.00255866 0.0184412 0.0293481 -0.00259046 0.0390227 -0.00087857 0.246613 -0.0119361 0.0191087 -0.00741994 -0.0175657 0.0608001 -0.0180916 0.0074178 -0.0496955 0.00135639 -0.00736316 0.00355337 0.0240828 0.0491428 0.0768422 0.0474441 -0.0138738 -0.0288091 -0.00924968 0.0106053 0.0326002 -0.0139543 0.0309761 0.00942496 -0.0400813 -0.00281537 0.000184324 -0.00828565 -0.018659 -0.00281993 0.00981591 -0.0299453 -0.00470001 0.00162568 -0.0191008 0.0109761 0.00595346 0.00670505 -0.00482924 -0.00182059 0.00567396 -0.0102155 -0.00695678 -0.030837 -0.0060059 -0.0336109 -0.0547404 -0.00710866 -0.0228367 0.0874062 -0.014227 -0.01162 -0.00622307 -0.0295127 -0.0118121 0.000519592 -0.0131381 -0.00116861 -0.0190241 0.00204045 -0.00195918 0.0247292 0.00313734 -0.00449282 -0.0155676 0.00858361 0.036327 -0.01005 -0.0133701 
-0.000516342 -0.00457283 0.00424336 0.00146007 -0.000849523 0.0082998 0.000947394 0.0149126 0.0152048 0.000543623 -0.00689959 -0.0115854 0.000648953 -0.00168088 -0.00474302 -0.000978658 -0.00456977 -0.00128982 -0.00268776 -0.00574952 -0.00301591 -0.000885375 0.0253066 -0.00531653 0.00167302 0.00206368 -0.0048708 -0.0164102 0.00111535 -0.00220887 0.00023107 -0.0119361 0.0724357 0.00874245 -0.000383196 0.00452702 -0.0115944 0.00170589 -0.000761493 0.00420383 -0.00379085 0.000305538 0.0226208 -0.00373192 -0.00591634 -0.0078074 -0.00697647 0.000705163 0.000329648 0.000852086 0.000769564 -0.00336151 -0.0147831 -0.0153033 0.0012127 0.00118874 0.00201272 -0.000272239 0.0028373 -0.000338066 -0.000443677 -0.00335739 -0.00921073 -0.0013812 -0.00126478 -0.00227586 -0.00998232 0.00417273 0.000527133 0.00213358 0.00117572 0.000902513 0.000463432 0.000156665 0.00127299 9.38731e-05 0.00106506 0.0133059 -0.0040616 -0.00466172 -0.0117087 -0.00266577 0.00507005 -0.00104916 -0.00422628 -0.000417454 -0.00117931 -0.00856262 -0.000260666 -0.00142092 -0.00457728 0.000231021 -0.00626886 -0.000614371 -0.00292283 0.0119346 -0.00192515 0.00783007 -0.000397995 -0.000810961 
-0.00138198 -0.00711611 0.00607814 -0.00248535 -0.00210918 -0.000449301 -0.000703683 -0.00688262 -0.000573536 -0.00510532 -0.00282218 -0.014919 -0.000152381 -0.00194538 -0.0050954 -0.00418342 -0.00230927 0.0055251 -0.0020669 -0.00600593 -0.00167719 0.00277704 0.0163187 -0.00633286 -0.00146358 0.000298835 -0.00695526 -0.0119783 0.00144686 1.11741e-05 0.000678668 0.0191087 0.00874245 0.0716323 -0.000699067 0.00790057 -0.014324 -0.00690848 -0.00232463 0.00465585 0.00306364 -0.00044776 0.0227629 -0.0030655 0.00298826 0.0041257 7.37776e-05 -0.00308008 -0.0106953 -0.0011562 0.00885686 -0.00413964 -0.0132293 -0.0176187 0.000458393 0.00539268 0.00124187 0.000130807 -0.000865865 -0.00519391 -0.000592652 -0.00150591 -0.00672962 -0.00152342 -0.00377902 -0.00255521 -0.00916948 0.0180292 -0.00206802 -0.00037439 -0.00191843 6.70022e-05 -0.00116854 -0.000783675 -0.00501667 0.00220654 0.000938165 0.00185239 -0.00317038 -0.00276627 0.00218707 -0.00169023 -0.00278209 -0.0051765 -0.00437053 -0.000995528 -0.000701463 -0.00619921 -0.000174267 -0.003241 0.00829848 0.000224335 -0.00562359 -0.00489887 -0.000656388 0.0152799 -0.00140841 0.0195531 -0.000854404 -0.00254888 
