0.176872 0.0158776 -0.00328047 0.00792833 -0.0104542 0.00916836 -0.0184518 0.0281368 0.00479733 0.0010568 -0.00709151 -0.00565724 0.01807 -0.00234653 -0.0056471 -0.0251728 -0.000676451 0.0242345 0.00576329 -0.00130851 0.0092011 -0.00863569 -0.00118295 0.00367045 -0.0220018 -0.0105408 -0.000106997 -0.0011966 0.0403794 -0.00167752 0.0201327 -0.00956305 -0.0439856 -0.00640751 -0.00736601 -0.033477 -0.0262634 -0.0432419 -0.0246636 -0.0152936 0.00883025 -0.0169301 -0.00292969 -0.0217868 -0.00305372 0.00465354 0.00413247 0.0267452 0.000293091 -0.00201589 0.00703699 -0.00669685 -0.00377835 0.028659 -0.000661571 0.00854721 0.00647755 0.00780036 0.0170933 0.0249954 0.00155775 -0.00340042 -0.0196293 0.0070238 -0.0135014 -0.00178353 -0.0311619 -0.0245277 -0.00950269 -0.0145386 0.0314106 0.00216883 -0.000668115 -0.0128375 -0.00729671 -0.0274701 -0.00454255 -0.0173325 -0.00226338 -0.000525328 -0.00954942 -0.00318505 -0.00240173 0.00199238 0.000140308 0.011146 0.0082038 0.0193691 -0.00567386 -0.00871539 -0.000112016 -0.00383267 0.00386467 -0.0132733 0.00455658 0.0158706 0.00142355 -0.00130975 0.00381954 0.00947776 
0.0158776 0.130141 0.0141008 0.0118152 0.00752639 0.00811458 -0.00409812 0.0352236 0.0105643 0.00670499 -0.000906227 -0.00258872 -0.00549387 -0.00117099 -0.00168706 -0.0200725 0.00459751 -0.00817805 0.0238302 -0.0016815 -0.00102426 -0.00453314 0.00978058 0.00275289 0.00373311 -0.00650439 0.00104365 0.019227 0.00811542 -0.00772959 0.020581 -0.00690642 -0.0308308 -0.0116491 -0.00643205 -0.0116436 -0.0195518 -0.0322208 -0.0192649 -0.0175428 0.0109278 0.0062624 -0.0175082 -0.00441158 -0.00404817 -0.00715857 0.00209228 0.0132966 -5.52996e-05 0.0100042 0.0148488 0.00431638 0.00022289 0.0718033 -0.00187413 -0.0125798 -0.00545016 -0.000557301 0.0167099 -0.0443203 -0.0046348 -0.00388713 -0.00595054 0.0293804 0.0113923 -0.00963866 0.0176235 0.013489 0.0031814 -0.0180639 -0.0111125 0.0149244 -0.00350631 -0.00875097 -0.00466684 -0.0283173 -0.0287639 -0.0163352 0.00855245 0.000594214 -0.00753806 -0.0115247 -0.00453458 0.000142094 0.000344256 -0.00178703 -0.0240951 0.0119081 -0.0346307 0.00354316 0.0115267 -0.00917976 -0.00498712 -0.0315528 -0.00337235 -0.0184584 -0.00240677 -0.00020982 0.00481079 0.00195253 
-0.00328047 0.0141008 0.0755882 -0.0033308 0.00593768 0.000294965 -0.0108979 0.0145796 0.00445768 -0.000561483 0.00149744 0.00336589 -0.0137727 -0.00228198 0.00112716 0.00315749 -0.00190722 -0.00253487 0.0169423 0.0118062 0.00267249 -0.00172497 0.0136334 0.00278065 -0.00243472 -0.00134699 -0.00200574 0.0102854 -0.0020967 1.20891e-06 -0.0134512 -0.0021977 -0.0122829 -0.00158133 0.00898124 -0.00547488 -0.00766759 -0.0118922 0.005426 0.0179596 -0.003647 -0.00016876 -0.00291881 -0.0295434 -0.0015119 -0.00353814 0.0028473 -0.00651722 0.000725978 0.00244796 0.00724505 0.00269998 0.000222135 0.0134113 0.000483132 -0.00116629 -0.00278244 1.61052e-05 -0.0038359 -0.014692 -0.00242845 -0.000478609 -0.00677435 0.00853603 -0.0109427 -0.00345491 -0.0120223 -0.0227059 -0.00158624 0.00793014 -0.0107484 0.0071937 -0.00139179 0.00954578 0.00457037 -0.0118122 0.000725799 0.00537413 0.0042068 0.000725831 0.00364362 -0.0041179 -0.00141482 -0.00106549 0.000661799 -0.00854143 -0.00107727 -0.00777704 -0.00546536 -0.00826002 -0.000340138 -0.00499283 -0.00406684 -0.00925584 -0.00205491 -0.00409996 -0.000628957 -0.00126796 0.00864332 0.0153673 
0.00792833 0.0118152 -0.0033308 0.0709139 0.000869143 0.000146474 0.00358731 -0.0104365 -0.00043292 0.00105516 -0.00126114 0.0016187 -0.0285575 0.000366855 0.00368291 -0.00919437 -0.000645222 -0.00727811 0.00652385 -0.00505096 -0.00192691 -0.00541863 -0.000768309 0.00204572 -0.0106513 -0.00194307 0.00578078 -0.00427099 -0.00320788 -0.00269346 -0.00923043 -0.000405688 0.00407613 -0.00411501 -0.00557208 -0.00466344 0.00622436 -0.000122677 -0.000500853 -0.0206058 0.000572877 -0.00413559 -0.011857 -0.0135028 -0.00230073 -0.00351237 -5.98718e-05 -0.00305555 0.000552923 0.0175609 -6.41421e-05 0.00190097 -0.00204887 0.00752026 -0.0009642 0.002999 -0.00422664 -0.00306479 0.0178377 -0.0287806 -0.000670843 0.00354673 0.0298782 0.00633508 0.00529475 0.00335517 0.0206849 -0.0103541 0.00426756 0.010965 -0.0131444 0.00168288 0.00116237 0.00763003 0.00385368 0.00325856 -0.00941473 -0.00783668 -0.0013611 0.00218494 0.00132545 -0.00287379 -0.000561373 -0.00109297 -0.00125137 -0.00817797 -0.0128914 0.0095623 -0.0146304 0.00828706 0.00518231 0.00206891 0.0102891 -0.0137001 0.000828246 0.00884852 -0.00190294 0.00085201 -0.00312666 -0.00407506 
-0.0104542 0.00752639 0.00593768 0.000869143 0.12115 0.000236603 0.0132743 -0.0125386 -0.00399526 0.00349764 -0.00340791 -0.000805531 -0.00664137 0.00701447 -0.00199724 0.0150254 4.52098e-05 -0.00462722 0.00432736 -0.00239713 -0.00606612 0.00747917 0.00228574 -0.00190225 0.0150412 -0.00423244 -0.00103077 0.00933571 -0.0150621 -0.00556544 -0.00634933 0.000230673 0.00919994 0.00190188 0.00468047 0.00798686 -0.00855314 0.0258585 0.0035762 0.0255954 -0.00613991 0.00360058 -0.0204957 -0.00119393 -0.0019639 -0.0083762 -0.00161537 -0.0126174 -0.000478838 0.00564962 5.77029e-06 -0.0031194 0.00362349 -0.00470665 0.00205096 -0.00960958 -0.0051593 -0.00543507 -7.99751e-05 -0.020656 -0.00491364 0.000493805 0.010473 -0.00131838 -0.00185801 -0.0107732 -0.0114451 0.0138734 0.00912004 -0.0101195 -0.000603991 0.000359313 -0.00427386 -0.00631624 -0.00435895 0.00892055 -0.0163087 -0.0129564 -0.0011009 0.00283652 0.000127647 0.00048975 -0.00318217 -0.00182071 -0.00181053 -0.00819944 -0.0105835 -0.014528 0.00315286 0.0072756 0.00161847 -0.00404999 -0.00685407 -0.0156458 0.00161303 -0.0195099 -0.00179295 -0.00292926 -0.0027075 0.00987333 
0.00916836 0.00811458 0.000294965 0.000146474 0.000236603 0.0368425 0.00135332 0.0104613 0.00225645 0.00293218 -0.000517321 6.25541e-05 0.00207316 0.00339879 -0.000654267 -0.00830218 0.000765291 -0.00243406 -0.000596187 -0.0073059 0.000577172 0.00136154 0.000943198 0.000969042 0.00089509 -0.00157356 -0.000474982 0.00368263 0.0112426 -6.95264e-05 0.0106412 -0.0019305 -0.00750016 -0.00134458 0.00603123 -0.00409768 -0.00525564 -0.00768803 -0.00542794 -0.00568492 0.000728967 -5.96345e-05 -0.00466592 0.000532356 -0.00123369 0.00151646 -0.000832517 -0.00243564 0.000720446 -0.00168614 0.00405231 0.00139206 0.00213767 0.00684501 -0.000700473 -0.00394734 -0.00289604 -0.000814547 0.0039074 -0.00609587 -0.00119191 -0.00109104 -0.00127642 0.00556451 -0.00261994 -2.7535e-05 -0.00575862 -0.000628241 -0.00248204 -0.00498482 0.011376 0.00373673 0.00176924 -0.0016811 -0.00126601 -0.00840345 -0.00755477 -0.00633554 0.00027046 -0.000410334 -0.00225632 -0.00369597 -0.00104841 0.00192615 0.000169504 0.00482679 -0.00445273 -0.00156343 -0.0074197 -0.00717571 0.00115576 -0.00180163 0.00221342 -0.00739066 0.000197969 -0.00511689 0.00060191 -0.000355688 0.00540883 -0.001286 
-0.0184518 -0.00409812 -0.0108979 0.00358731 0.0132743 0.00135332 0.171842 -0.0111903 -0.00945484 -0.00350422 -0.0077321 -0.00213617 0.000447053 -0.00316572 -0.00702682 -0.00721499 -0.0105861 -0.00495975 -0.0045961 0.00751774 0.0150705 0.00976841 -0.00399826 -0.00206864 0.00370512 0.000237533 -0.000543526 -0.0346546 0.00383415 0.00860018 0.00517763 -0.0142165 -0.00864655 -0.00354185 -0.00171012 -0.0187096 -0.00911258 0.0313965 -0.00413979 -0.0264693 -0.00138375 0.00990586 -0.00659443 0.0152727 0.00271336 0.00734058 -0.000176399 -0.0052415 -0.00167685 0.000160135 -0.00283114 0.00310127 -0.00426303 -0.0165534 -0.00265353 -0.0142283 -0.0250845 -0.0100752 0.00338294 0.0283375 -0.00247732 -0.00260963 -0.00620408 -0.0025174 0.0423889 -0.00954441 0.022271 0.0383534 0.00570095 -0.00961465 0.0103295 -0.015 0.000729142 -0.00834265 -0.00564406 -0.00084276 0.00366576 0.0086946 -0.000430056 0.00382798 -0.0054121 0.019522 -0.0023714 -0.00111566 -0.00179633 -0.00223325 -0.0172586 -0.00641318 -0.0310158 -0.00912312 -0.0048432 -0.00533838 -0.00612027 0.0100326 0.000516986 -0.0186194 -0.00318886 -0.00228773 -0.00142678 -0.00667943 
0.0281368 0.0352236 0.0145796 -0.0104365 -0.0125386 0.0104613 -0.0111903 0.209827 0.0125001 -0.00449408 0.00194437 0.00522137 0.0490599 0.0144343 0.00387036 -0.0150328 -0.00618832 0.0184142 0.0035997 0.0278194 -0.000698466 -0.0032917 0.00765622 0.00241961 0.005714 -0.0046198 -0.00159756 0.00954809 0.022948 -0.00376131 -0.0070003 -0.0155449 -0.0421722 -0.0101507 0.01467 -0.00805254 -0.0349288 -0.0550942 -0.0310818 0.00238634 0.0232751 -0.00274019 0.0052294 -0.0122307 -0.00868529 -0.0156716 0.000800936 -0.00360932 0.00321348 -0.0141566 0.00860994 -0.00244142 -0.000986249 0.0493395 -0.00164125 -0.00730825 0.00513823 0.00951189 0.00627417 0.00070018 -0.00339708 -0.00950535 -0.0300298 0.0105366 -0.0168707 0.00216279 -0.0276771 -0.00487418 -0.00780294 -0.0232272 0.0126701 0.00795226 0.00645264 -0.000113432 -0.00728152 -0.0426771 -0.029067 -0.0302157 -0.00189296 -0.00244952 -0.0113538 -0.00622216 -0.00946049 0.000491038 -0.00341435 -0.0190381 0.0141217 0.0122797 -0.0101998 -0.0157273 0.00291913 -0.012111 -0.0136299 -0.00875738 -0.0071966 -0.0224614 0.0061511 -0.00100646 0.022226 0.0145164 
0.00479733 0.0105643 0.00445768 -0.00043292 -0.00399526 0.00225645 -0.00945484 0.0125001 0.0591244 0.0034218 0.00126297 0.00214076 0.00838052 0.00645158 0.00227767 -0.00798309 -0.00175169 -0.00178046 0.00351843 0.000850458 -0.00310107 0.0003225 0.00388857 0.00572594 0.00366672 -0.00290648 0.00504975 0.0193981 0.000541335 0.00151623 0.00533338 -0.00279913 -0.0111076 -0.00351064 0.00183821 -0.00461733 -0.00745652 -0.0102762 -0.00455777 0.00357087 -0.00158267 0.00203587 -0.00866404 -0.00404985 -0.00186272 -0.00316201 -0.000286511 0.00158923 0.00132149 -0.00984803 0.00304998 -0.000144731 0.0012758 0.0118781 -6.37802e-05 -0.00342538 -0.00499615 -0.00141656 0.00701309 -0.0127912 -0.00058061 -0.00218936 -0.00907912 0.00390917 -0.00677536 -0.0027959 -0.0114064 -0.00824079 -0.00356602 -0.00607284 -0.000736878 -0.00172119 0.00158759 -0.00464734 0.00177103 -0.0101146 -0.00445695 -0.0022537 -0.00114423 9.49282e-05 0.00723398 -0.00953018 -0.00133097 0.00153859 0.00169004 0.00101894 0.00269968 -0.00045886 -0.00532937 0.00465388 -6.79473e-05 -0.00374573 -0.00171045 -0.0108265 -0.00126939 -0.00517621 0.00147544 0.000332071 0.00582401 0.00840256 
0.0010568 0.00670499 -0.000561483 0.00105516 0.00349764 0.00293218 -0.00350422 -0.00449408 0.0034218 0.0415755 0.00405018 0.000553169 -0.00259576 0.00449232 0.00113539 -0.00162299 0.000316688 0.000329564 0.00467938 0.00647217 -0.00175191 -0.00127239 -0.00109926 0.000499167 0.00364353 0.000396833 0.000188425 0.00446447 0.00237075 -0.00167857 0.00251784 -0.00256409 -0.000140283 0.000363987 -0.000647899 -0.00327892 -0.00240467 0.00158242 0.000211961 -0.000617777 -0.000966494 0.000434409 -0.00493901 -0.00475074 -0.000631336 -0.00114526 -0.000631301 -0.00441476 0.000729769 -0.00262003 -0.000597151 -0.000805682 0.00188642 0.000289597 0.000648786 -0.00590237 -0.00453187 -0.000999452 0.00308196 -0.0127409 -0.00169145 0.000225687 -0.00201673 0.00103578 -0.00618129 -0.00303033 0.00323543 -0.00402416 -0.000646747 -0.000133472 0.00314422 -0.00113466 0.000287838 0.000614417 -0.000614239 -0.00194621 -0.00395939 0.000963957 0.00200442 0.000938587 7.9166e-05 -0.00215287 -0.000917836 0.000367381 0.000347339 0.00475136 -0.00405887 -0.00315106 -0.00168495 -0.000963362 0.000162743 -0.00228883 0.000543974 -0.00742808 -0.00125132 -0.00595378 0.00132637 0.00167718 0.000180785 0.0016704 
-0.00709151 -0.000906227 0.00149744 -0.00126114 -0.00340791 -0.000517321 -0.0077321 0.00194437 0.00126297 0.00405018 0.0438913 0.0010876 0.00137933 0.00408532 0.00539638 0.00911933 0.00132254 0.00210174 -0.00060156 0.00402452 -0.00136685 -0.00173701 9.83322e-05 5.66616e-05 0.0010443 0.00533506 -0.000699865 0.00329607 -0.000931331 -0.00119997 -0.0015912 -0.00358637 0.00276247 -0.000418719 0.00290425 0.000763446 -0.000773608 -0.00414332 0.00218878 0.00350267 0.00131097 -0.00358103 -0.00122112 -0.00617231 -7.1639e-05 -0.000741083 -0.000485286 0.0014593 0.000872586 -0.00477627 0.000212259 -0.00065569 0.000884128 -0.000920154 6.2737e-06 -0.00317467 -0.00236346 -8.82337e-05 -0.00278008 -0.0129484 -0.000908442 0.000612478 -0.00118024 -0.00154631 -0.00678466 0.00035054 -0.00227384 -0.00777548 -0.00285581 0.00107544 -0.00165057 0.000624048 0.000126868 0.000785755 -0.00115115 0.00288274 0.0010095 0.00260524 -0.000826797 -0.000468768 -0.000763092 -0.00313187 0.0020947 -3.34754e-05 -0.000296777 -0.00103094 0.00282281 -0.00507529 -0.000671909 -0.00282392 -3.29275e-05 -0.00219824 -0.000252892 -0.00340331 -0.000180285 -0.00299158 0.00160551 0.00238186 6.30366e-05 0.00135294 
-0.00565724 -0.00258872 0.00336589 0.0016187 -0.000805531 6.25541e-05 -0.00213617 0.00522137 0.00214076 0.000553169 0.0010876 0.0389302 0.000607723 0.00331841 0.0131119 0.00632927 -0.000663045 5.05562e-05 0.00187866 -0.00310938 -0.000437597 0.011333 0.00127721 0.00269517 -0.00105795 0.00310955 0.00093787 -0.00160355 0.000769163 -0.00185258 -0.0079974 0.00826483 -0.000777909 0.00157312 0.00632742 -0.000618589 -0.00140049 -0.00587299 0.00375845 0.00410515 0.00116741 0.00829176 0.000939354 -0.0126271 -0.00120564 -0.00114433 0.000996035 -0.00113288 0.000228228 -0.00746486 -0.000177502 0.000760084 0.00192313 -0.00656383 -0.000443531 -0.00398655 -0.000548855 -0.000703676 0.00255591 -0.00938146 -0.00113617 0.00362119 -0.00119984 0.000893684 -0.00651622 -0.00177719 -0.0105538 -0.00291583 -0.00387054 -0.00128838 -0.00228124 -0.0015005 0.00244746 -0.00053721 0.00246276 0.00507047 -0.00343585 -0.00291767 -0.00165934 -0.000353511 0.00186221 -0.00284652 0.00155017 -0.000356797 -0.000135618 -0.00753433 -0.00171154 -0.00534383 -0.00600887 -0.00568977 -8.77637e-05 -0.00208612 -0.00138483 -0.00506531 0.00148171 -0.000699125 0.00105638 -0.00068503 0.00493226 -0.00112999 
0.01807 -0.00549387 -0.0137727 -0.0285575 -0.00664137 0.00207316 0.000447053 0.0490599 0.00838052 -0.00259576 0.00137933 0.000607723 0.246713 0.0049143 -0.00109016 0.000334001 -0.00537262 0.0011129 -0.0217511 0.0213811 0.0200568 0.00217487 -0.0144846 -0.00329204 0.0247126 -0.0128282 -0.00498684 0.00558315 0.0279948 0.00382715 0.0529671 -0.0198235 -0.0232559 -0.00242179 0.0161521 -0.0137863 -0.0484463 -0.00623511 -0.0452202 -0.00973736 0.00124402 0.00442429 0.017356 0.0527327 -0.00135413 0.00586312 -9.57031e-05 0.0302695 -0.0019623 -0.0135459 -0.0036168 -0.0134746 0.00810642 0.0204702 -0.000749824 -0.0460868 -0.00733841 0.00562204 -0.0112443 0.0406134 -0.00167912 -0.0140688 -0.074133 -0.0101909 0.0117688 -0.0280303 -0.0166042 0.0408194 -0.00329236 -0.0440251 0.0521944 -0.019753 -0.000991567 -0.0390475 -0.021038 -0.0162369 0.0148344 -0.0398913 -0.00973521 -0.00616664 -0.0112759 0.0235642 -0.00628175 0.0029125 0.00192274 0.0302393 -0.00254096 0.00630055 -0.0161826 -0.0231484 -0.00645774 -0.0148585 -0.00787584 -0.00800552 0.00132726 -0.048906 0.00359835 0.00378405 -0.00336493 -0.00486541 
-0.00234653 -0.00117099 -0.00228198 0.000366855 0.00701447 0.00339879 -0.00316572 0.0144343 0.00645158 0.00449232 0.00408532 0.00331841 0.0049143 0.105699 0.0167173 0.0297841 0.000746522 0.0186264 3.57434e-05 0.00283195 -0.0093371 0.0182832 0.00239842 0.00267222 0.0298855 0.00269773 0.000174524 0.000917994 -0.0147775 -0.00470289 -0.00732108 -0.0119281 -0.00978676 0.00332861 0.00789167 -0.0104374 -0.0166562 -0.018225 -0.00664099 0.022148 -0.00162353 -0.00619593 -0.0137318 -0.0213648 -0.00198102 -0.00479791 -0.00193396 -0.0269432 0.0054925 -0.0181763 -0.00080583 0.00514884 0.0108347 -0.0146551 0.00273154 0.00223054 0.0168387 -0.000452931 0.00616433 -0.00940981 0.00333153 0.000774012 -0.00934501 -0.000923182 -0.012743 0.0130824 -0.026608 -0.012908 -0.00539113 -0.00351905 -5.27996e-05 0.00115901 -0.000531781 -0.00426862 0.00201211 -0.0105582 -0.0069626 0.000227527 -0.00344752 0.00147382 -0.00530107 -0.023889 0.000476358 0.000362359 0.00114361 -0.0129053 -0.0114372 -0.0114727 -0.00190014 -0.0129995 -0.000188535 -0.00500297 -0.00434529 0.0265368 -0.000768131 -0.00193425 0.00684518 -0.00179248 0.00948661 0.00237803 
-0.0056471 -0.00168706 0.00112716 0.00368291 -0.00199724 -0.000654267 -0.00702682 0.00387036 0.00227767 0.00113539 0.00539638 0.0131119 -0.00109016 0.0167173 0.0555699 0.0148262 0.00103749 0.00192942 0.00709664 0.00504937 -0.00230989 0.00470044 0.000694434 0.00341662 -0.00225847 0.00784282 0.000448574 -0.00384278 -0.000114777 -0.00185712 -0.00585155 0.00254457 1.09619e-05 0.0024009 0.0026048 -0.00699035 -0.000390205 -0.00966636 -8.16012e-05 0.00538897 0.00320927 0.000428316 -0.00221274 -0.0177167 -0.00141208 -0.00180281 0.000732387 -0.00170728 -0.00017405 -0.0092327 -0.000251844 2.32051e-05 0.00110538 -0.00811748 0.000400763 -0.00101281 0.00368482 0.00048916 0.00144857 -0.0137353 0.00148493 0.00552656 -0.00124944 0.0012186 -0.00935436 0.000673376 -0.0125879 -0.00614558 -0.00412553 0.00200025 -0.00361871 -0.00182357 0.00498487 0.00128363 0.00296608 0.00274717 -0.00553356 -0.00427096 -0.00165019 -0.000311227 -0.000223592 -0.00459281 0.000638511 0.000644598 0.00130104 -0.00985471 -0.00860563 -0.00751056 -0.00627361 -0.00960963 0.000181859 -0.00289895 0.00203754 0.00292495 0.00198177 -0.00231071 0.00251891 -0.00023733 0.00556594 -0.00345342 
-0.0251728 -0.0200725 0.00315749 -0.00919437 0.0150254 -0.00830218 -0.00721499 -0.0150328 -0.00798309 -0.00162299 0.00911933 0.00632927 0.000334001 0.0297841 0.0148262 0.190967 -0.000338433 0.0357008 -0.00913125 0.00882815 -0.0260027 0.0220978 -0.00377267 -0.00275593 0.0160316 0.00602334 -0.00405832 -0.0229812 -0.0267279 -0.01171 -0.0376359 -0.00062646 0.00750335 -0.0111751 0.00193034 -0.00801941 -0.00259231 0.0118211 0.0223558 0.0487916 -0.00604246 -0.0120831 0.0131017 -0.04299 0.000335582 -0.00672126 -0.00542081 -0.0323331 0.000284652 -0.0221555 -0.00585284 0.00378039 0.00741442 -0.0434058 0.00104162 0.0104443 0.0295697 0.0024377 -0.0163327 0.0225424 0.00370457 0.0172901 -0.00660037 -0.00963653 -0.0278612 0.000523792 -0.035056 -0.0193103 0.00164662 0.0135849 -0.0216904 -0.0136754 -0.00586638 0.0015877 -0.00507579 0.0247496 0.023313 0.00975276 -0.00817719 0.00127049 -0.00390517 -0.0207514 0.00519346 -0.00439823 -0.00176518 -0.0350745 0.00333028 -0.0292874 0.0184996 -0.0101233 -0.00506972 -0.00472162 -0.0118651 0.0606511 0.00155322 0.0171341 -0.000219787 -0.00613517 -0.00315668 -0.000481244 
-0.000676451 0.00459751 -0.00190722 -0.000645222 4.52098e-05 0.000765291 -0.0105861 -0.00618832 -0.00175169 0.000316688 0.00132254 -0.000663045 -0.00537262 0.000746522 0.00103749 -0.000338433 0.0760021 -0.00198509 0.00147213 -0.00419941 0.00459877 -0.00536457 -0.000614462 0.00302865 0.000104133 -0.00244715 0.00632829 0.0027325 -0.00129228 -0.00454889 -0.00932536 0.00506679 -0.00525108 0.00325075 0.00130958 0.0154217 0.00794318 -0.00337402 0.00111946 0.00565139 0.00521449 -0.00522244 0.0118473 -0.0146696 -0.00272206 0.000322282 -0.000139632 0.00908386 -0.00140706 -0.0113717 0.000591452 -0.0032708 0.00492525 -0.00169076 -0.000179179 0.00524959 0.00797619 0.000958591 -0.00499501 -0.0172175 0.00573085 0.000410969 0.00235065 0.00274563 -0.0102432 0.00707785 -0.0204692 -0.00716107 -0.00635925 -0.0050359 0.000416675 0.00222116 0.00109832 0.00427763 -0.00170834 -0.0119034 -0.0133963 -0.00150701 0.00395731 -0.00103579 -0.00165171 -0.0108309 0.000463443 -0.000480235 0.00108879 -0.0135363 -0.00514495 -0.00242879 0.00915019 -0.00675026 0.00542755 0.000396023 0.000370277 0.00370001 0.00309247 0.00984947 0.00354915 0.00163305 -0.00457765 -0.00439937 
0.0242345 -0.00817805 -0.00253487 -0.00727811 -0.00462722 -0.00243406 -0.00495975 0.0184142 -0.00178046 0.000329564 0.00210174 5.05562e-05 0.0011129 0.0186264 0.00192942 0.0357008 -0.00198509 0.140107 -0.00462704 0.037011 -0.0175651 0.00439594 9.36311e-05 -0.00137126 -0.00884793 0.00272057 -0.00429923 -0.00621022 -0.00701575 -0.00350761 -0.0311648 -0.00798372 -0.017098 -0.0103779 -0.0048149 -0.0110103 -0.020058 -0.0200348 0.00818356 0.0297102 0.000844195 -0.00112283 0.00352008 -0.0491785 -0.00223626 -0.00520279 -0.0025231 -0.0283947 0.00256856 -0.0242591 -0.00224248 -0.00212837 -0.00203149 -0.0144541 0.00365275 0.024057 0.0195166 0.00504202 -0.00818278 0.021269 0.000801733 0.00151736 -0.0223084 -0.000384468 -0.0210794 0.0133761 -0.0407584 -0.0397638 -0.014528 -0.00490073 -0.00629636 -0.000778385 -0.0049218 -0.000551261 -0.000821013 -0.00437939 0.0286081 0.028727 0.00287427 0.00124222 -0.00424497 -0.0179287 0.00289464 -0.00268256 -0.00205475 -0.0243116 0.0346731 -0.0138551 0.0187247 -0.0238981 -0.00209954 -0.00422002 -0.0071136 0.0340578 -0.00397523 0.0363322 0.00123909 -0.0030129 0.00924592 0.00308309 
0.00576329 0.0238302 0.0169423 0.00652385 0.00432736 -0.000596187 -0.0045961 0.0035997 0.00351843 0.00467938 -0.00060156 0.00187866 -0.0217511 3.57434e-05 0.00709664 -0.00913125 0.00147213 -0.00462704 0.0792192 0.0151338 0.00259668 -0.00443745 0.00857822 0.00400479 -0.00213797 -0.00482008 0.00294515 -0.00584989 -0.00198062 -0.00184749 -0.0014957 -0.00668289 -0.0121513 2.32589e-05 0.000775677 -0.0160819 -0.00199448 -0.0116144 -0.00564208 -0.00492205 0.00195874 -0.00239664 -0.00985288 -0.023172 -0.000314632 -0.00371468 0.00407156 0.00586639 0.000112773 -0.00151316 0.0105119 0.00190643 -0.00263648 0.0191228 0.00104498 -0.00628774 -0.00376874 -0.00168776 0.00794159 -0.0221897 -0.00247816 -0.000978275 0.00198622 0.0181759 -0.00498348 -0.00276369 0.000665351 -0.00736312 0.00260473 0.0074735 -0.0103655 0.00917722 0.00167916 0.00422801 0.00982267 -0.0110799 -0.00705679 0.0122227 0.00569219 0.00243198 -0.000988414 -0.00666359 -0.00162918 -0.000411511 0.000776198 -0.00147504 -0.0119424 -0.00479407 -0.0235757 -0.0106194 0.00154799 -0.00357578 -0.000417691 -0.0115355 -0.00159439 -0.003308 -0.00136639 0.00184538 0.00821012 -0.00255904 
-0.00130851 -0.0016815 0.0118062 -0.00505096 -0.00239713 -0.0073059 0.00751774 0.0278194 0.000850458 0.00647217 0.00402452 -0.00310938 0.0213811 0.00283195 0.00504937 0.00882815 -0.00419941 0.037011 0.0151338 0.223236 0.00848675 -0.014081 -0.00147239 -0.00364893 0.00134341 -0.00928722 -0.00490972 -0.0388853 -0.000214463 0.00942821 0.00521056 -0.0248949 -0.0350898 0.0125991 0.00649194 -0.00633343 -0.031949 0.0108583 -0.00186237 0.0312101 0.0119926 -0.0238596 -0.00177028 -0.0519132 0.00388107 -0.0109607 -0.000581421 -0.0227264 0.00145947 -0.00996939 -0.00752955 -0.0024658 -0.00200606 -0.00210822 0.0078757 0.00453911 -0.0071132 0.00718084 -0.00363504 0.0277773 -0.0112093 -0.00691959 -0.0351557 -0.00504026 -0.00431371 -0.00571805 -0.0243085 -0.0481392 -0.0136172 0.00068278 0.010813 -0.00871624 -0.00159026 -0.00156473 -0.0018575 -0.0530328 0.0490236 0.0152642 0.00543852 -0.000291106 -0.0061498 -0.000934183 -0.00579217 -0.0036034 0.000987766 0.00742254 0.0251766 -0.0152751 -0.00696722 -0.0466918 -0.00443446 -0.0131394 -0.00537662 0.0176565 -0.00725675 0.00502431 0.00520351 0.00356432 0.0145507 -0.00168918 
0.0092011 -0.00102426 0.00267249 -0.00192691 -0.00606612 0.000577172 0.0150705 -0.000698466 -0.00310107 -0.00175191 -0.00136685 -0.000437597 0.0200568 -0.0093371 -0.00230989 -0.0260027 0.00459877 -0.0175651 0.00259668 0.00848675 0.113962 -0.00584694 -0.000784935 0.00212322 -0.00867076 -0.00560691 0.00421428 -0.0103345 0.0306754 -0.000493465 0.0158361 -0.00608916 -0.0195533 0.0105351 6.35867e-05 -0.0175894 -0.0150479 0.000404625 -0.0135418 -0.0274423 0.00222401 -0.00782729 0.0188089 -0.0208305 -0.00198152 0.00927733 0.00995114 0.0458684 -0.00189266 0.00367959 0.000495267 4.02556e-05 -0.000599237 0.0137728 -0.00123095 -0.0194864 -0.0130873 -0.00583845 -0.00106519 -0.000192587 -0.00249384 -0.00484951 -0.0201983 0.000303026 0.0176907 -0.00969254 -0.00716466 0.0123525 -0.0085347 -0.00646605 0.025744 -0.00190706 0.00771512 -0.00793674 -0.00157281 -0.0201113 -0.00941227 -0.0115185 0.00292869 -0.000264506 0.00056306 0.0223745 -0.00317083 0.00684955 0.00470051 0.0182194 -0.0202156 0.00188127 -0.0205337 -0.0071202 -0.000716627 -0.00529297 0.00193785 -0.0147392 0.0122575 -0.020997 0.00202914 0.00201516 -0.00183172 -0.00139188 
-0.00863569 -0.00453314 -0.00172497 -0.00541863 0.00747917 0.00136154 0.00976841 -0.0032917 0.0003225 -0.00127239 -0.00173701 0.011333 0.00217487 0.0182832 0.00470044 0.0220978 -0.00536457 0.00439594 -0.00443745 -0.014081 -0.00584694 0.109196 0.00430461 0.00320267 0.0169619 0.00375107 -0.00210501 -0.00768042 -0.00704294 -0.00119855 0.00493858 -0.00261482 -0.00676854 0.000893629 -0.000896645 -0.016596 -0.0121489 -0.00885785 0.00387166 -0.00367187 -0.00430301 0.0141028 -0.00175721 -0.00126557 -0.000510479 0.00764115 -0.000908249 -0.0181607 0.00267229 -0.0154027 -0.00112329 0.00311252 0.00041224 -0.0149183 0.000632396 -0.00987833 0.00284512 -0.00503431 0.00437646 -0.00494857 -0.00161839 -0.000108012 -0.0132521 -0.00190826 0.00498283 -0.00431748 -0.0080956 0.0255695 0.00225997 -0.0109243 -0.00435611 -0.0043359 0.000677755 -0.00705354 0.00499916 0.0144968 0.00373727 -0.00406655 -0.0043215 -8.6357e-05 0.00287204 -0.00555525 0.00527424 -0.00079414 -0.00191165 -0.0089672 -0.0113623 -0.0108887 -0.00755747 -0.002033 -0.000953049 -0.00737102 -0.00518678 0.00178367 0.00187371 -0.00422528 6.29573e-05 -0.00227483 0.00921466 -0.00497654 
-0.00118295 0.00978058 0.0136334 -0.000768309 0.00228574 0.000943198 -0.00399826 0.00765622 0.00388857 -0.00109926 9.83322e-05 0.00127721 -0.0144846 0.00239842 0.000694434 -0.00377267 -0.000614462 9.36311e-05 0.00857822 -0.00147239 -0.000784935 0.00430461 0.0367244 0.00324749 -0.000210499 -0.00148564 0.00078883 0.00302453 -0.00266246 -0.00076423 -0.00578256 -0.00113692 -0.00605863 0.00122022 0.000641519 -0.00340684 -0.00212326 -0.00560318 -0.0020684 0.00394933 -0.00100233 0.00481507 -0.00464611 -0.0131093 -0.00104717 -0.00106334 0.00246369 -0.00255253 0.00125527 0.000541412 0.00370568 0.00474957 -0.000105581 0.00743032 0.000381979 0.000280988 -0.00100664 -0.00179081 0.00337217 -0.0112404 -0.000740855 -0.000428964 -0.000461475 0.00970536 -0.00595841 0.00198998 -0.00711325 -0.00727346 -0.00224284 0.00159363 -0.00584628 0.00671069 8.64735e-05 0.000522325 0.00437041 -0.00686012 -0.00430418 0.00198274 0.00202804 -1.22466e-05 0.00190599 -0.0062314 -0.000332236 0.000339968 -3.24057e-06 -0.0052328 -0.00365922 -0.00319301 -0.00693027 -0.0059577 0.000361285 -0.000327221 -0.00133461 -0.00708657 0.000197059 0.000668212 -0.000656394 -0.000597715 0.00722827 0.00591367 
0.00367045 0.00275289 0.00278065 0.00204572 -0.00190225 0.000969042 -0.00206864 0.00241961 0.00572594 0.000499167 5.66616e-05 0.00269517 -0.00329204 0.00267222 0.00341662 -0.00275593 0.00302865 -0.00137126 0.00400479 -0.00364893 0.00212322 0.00320267 0.00324749 0.0266183 0.000847734 -0.000548336 0.00396952 0.00316813 0.0017626 0.000735031 -0.00166342 -0.000581028 -0.00515014 -0.00133435 -0.000314606 -0.00456385 -0.00137832 -0.00614269 -0.0018888 -0.00249582 2.94272e-05 0.00155129 -0.00229917 -0.00861301 -0.000803031 0.000780885 0.00037261 0.00120347 0.00168887 -0.00399699 0.00133317 0.00213118 -4.67873e-05 0.00123184 -1.04765e-05 -0.0007764 0.000309785 -7.91638e-05 0.00424116 -0.0078308 0.000870364 0.000864564 -0.00112282 0.00539754 -0.00369841 0.00041035 -0.00624176 -0.00429631 -0.00227375 -0.000746412 -0.00305309 1.92179e-05 0.00355486 -0.000547304 0.00222082 -0.00233444 -0.00423139 -0.00326194 0.000422349 5.55233e-05 0.000674087 -0.0047526 0.000938315 0.000796122 0.000691149 -0.00120027 -0.00322843 -0.00103027 -0.00638124 -0.00309006 0.000651522 -0.000560118 0.00109054 -0.00331146 0.000187409 0.0024922 -3.48428e-05 -0.000160275 0.00167755 0.000813001 
-0.0220018 0.00373311 -0.00243472 -0.0106513 0.0150412 0.00089509 0.00370512 0.005714 0.00366672 0.00364353 0.0010443 -0.00105795 0.0247126 0.0298855 -0.00225847 0.0160316 0.000104133 -0.00884793 -0.00213797 0.00134341 -0.00867076 0.0169619 -0.000210499 0.000847734 0.14906 -0.00390271 -0.00183881 0.000517882 -0.0203857 -0.00143575 0.0262527 -0.015623 -0.0231805 0.00883427 0.0164735 -0.00131565 -0.0111415 -0.00471966 -0.00779364 0.0291854 8.53763e-05 0.00206555 -0.0151403 0.0213374 0.00171114 0.00335001 -0.00364596 -0.0250152 0.00565076 -0.0190183 -0.000749701 0.00386812 0.0139137 -0.00120384 0.000658584 -0.0145195 -0.0045432 -0.00642675 0.00203487 0.00625865 -0.00601245 -0.00330781 -0.0126775 -0.00342464 -0.00284867 -0.00473646 -0.0106596 0.008043 -0.00823258 -0.0129758 0.0103829 -0.00995835 -0.00271714 -0.00360613 -0.00345695 -0.0120868 -0.00917896 -0.00801046 -0.00175968 -0.000267368 -0.00855517 -0.0323004 -0.00304032 0.000381867 -0.000719562 0.0205214 -0.00589462 -0.00840507 -0.00503305 -0.0155167 -0.0013119 -0.00789267 -0.00591664 0.00393735 -0.00708587 -0.0173879 0.00446441 0.00116005 -0.00541816 0.0127872 
-0.0105408 -0.00650439 -0.00134699 -0.00194307 -0.00423244 -0.00157356 0.000237533 -0.0046198 -0.00290648 0.000396833 0.00533506 0.00310955 -0.0128282 0.00269773 0.00784282 0.00602334 -0.00244715 0.00272057 -0.00482008 -0.00928722 -0.00560691 0.00375107 -0.00148564 -0.000548336 -0.00390271 0.0750032 -0.000730251 0.00616182 -0.00386739 -3.70147e-05 -0.00649529 0.0126854 0.0217548 -0.00235645 0.0010935 0.0128085 0.00673201 -0.00573019 0.0177267 0.00165282 0.00551188 0.00944086 -0.00830727 0.00282417 0.000467252 -0.00204909 0.00028257 -0.00391541 -0.000284354 -0.00974937 -0.00162579 -0.000870762 -0.00129532 -0.011855 -0.00158586 -0.0023066 -0.00134975 -0.00303401 -0.00281122 -0.0141913 -0.000494253 0.00527021 0.00323644 -0.00297493 -0.0104968 0.00468373 -0.00804339 -0.00728863 -0.00144966 -8.8727e-05 -0.00746212 0.00312443 8.74518e-05 0.00250346 -0.00251239 0.00931614 -0.00935873 0.00154558 0.00231558 -0.000187003 -0.00505384 -0.00269342 -0.000979729 -0.000870862 -0.000774017 -0.00928833 0.00527369 -0.00822038 0.0115722 -0.00109024 -0.000851002 -0.000194243 -0.00315239 -0.0015586 -0.00193367 -0.00399293 0.0039274 -0.00188282 -0.00303189 -0.00414959 
-0.000106997 0.00104365 -0.00200574 0.00578078 -0.00103077 -0.000474982 -0.000543526 -0.00159756 0.00504975 0.000188425 -0.000699865 0.00093787 -0.00498684 0.000174524 0.000448574 -0.00405832 0.00632829 -0.00429923 0.00294515 -0.00490972 0.00421428 -0.00210501 0.00078883 0.00396952 -0.00183881 -0.000730251 0.0345116 -0.00207802 -0.00131896 -0.000513109 -0.00291586 -0.000216024 -0.00117682 -0.000235267 -0.00115088 0.000579517 0.000466754 -0.00491068 0.00421686 -0.00596531 0.0021168 -0.000726781 0.000424496 -0.00604424 -0.000956582 0.00138687 0.00108266 0.00627019 -7.08079e-07 -0.00225596 0.000122888 -0.000582053 0.000881636 0.0010041 -0.000453917 -0.00246872 -0.00122096 -0.00105444 0.00533506 -0.00887113 0.000160503 0.000770101 0.00437785 0.00203222 -0.000314762 -0.00149901 -0.00428868 -0.00562073 -0.000734437 -0.00147168 -0.00270014 -0.000301246 0.00315848 0.00271619 0.00231856 -0.00328413 -0.00442743 -0.0017637 -0.000508955 0.000401007 -0.00114155 -0.00291443 0.00084661 0.00136904 8.99313e-05 -0.00460201 -0.00267197 0.00306522 -0.00013586 0.00781652 0.00112051 -0.00177042 0.000317269 -0.00354124 0.000738443 -0.0021872 0.00187799 -0.000112807 -0.000966597 -0.00198254 
-0.0011966 0.019227 0.0102854 -0.00427099 0.00933571 0.00368263 -0.0346546 0.00954809 0.0193981 0.00446447 0.00329607 -0.00160355 0.00558315 0.000917994 -0.00384278 -0.0229812 0.0027325 -0.00621022 -0.00584989 -0.0388853 -0.0103345 -0.00768042 0.00302453 0.00316813 0.000517882 0.00616182 -0.00207802 0.159165 -0.00251584 -0.00223214 -0.00837672 0.0213325 0.00243844 -0.0135526 0.0149309 0.0260094 -0.000631897 -0.0115991 -0.00105583 0.0201451 -0.00776941 0.00287159 -0.00514847 0.0131923 -0.00397506 -0.0108439 -0.0022675 -0.00537016 -0.00106873 -0.0130976 0.00769657 0.00284832 0.00201785 0.017035 0.00257944 0.00162229 0.0108803 0.00658793 -0.00463893 -0.0580748 0.00374073 -0.00277322 -0.00393466 0.00653072 -0.024173 -0.00171762 -0.0333164 -0.0120651 -0.00346348 -0.013874 -0.0116347 0.0245676 0.00363776 -0.00738365 -0.00315201 -0.00221371 -0.0315023 -0.0156726 0.00748323 -0.000632116 0.0132191 -0.0244075 -0.00432146 0.00124228 0.00425319 0.00269076 0.00380345 -0.00266587 0.0203124 0.0282642 0.00207501 -0.00364882 -0.00192531 -0.0307961 -0.00390864 -0.0186797 -0.000188243 0.00196672 -0.00216108 0.0155341 
0.0403794 0.00811542 -0.0020967 -0.00320788 -0.0150621 0.0112426 0.00383415 0.022948 0.000541335 0.00237075 -0.000931331 0.000769163 0.0279948 -0.0147775 -0.000114777 -0.0267279 -0.00129228 -0.00701575 -0.00198062 -0.000214463 0.0306754 -0.00704294 -0.00266246 0.0017626 -0.0203857 -0.00386739 -0.00131896 -0.00251584 0.141103 0.000881295 0.0335914 -0.00303072 -0.0265523 -0.00146125 0.00395981 -0.0169353 -0.0231955 -0.0187178 -0.0227804 -0.0344414 0.00246176 -0.000222121 0.0249846 -0.0135684 -0.0024513 0.0115332 0.00403073 0.0352362 -0.00199507 -0.000870398 0.00434196 -0.00218984 8.81951e-05 0.0157633 -0.00320871 -0.0171331 -0.0152325 0.000573183 0.004728 -0.000997913 -0.00133444 -0.00524332 -0.027592 0.00506359 0.00418373 -0.00984218 -0.018165 0.00814835 -0.0136205 -0.00596818 0.04442 0.003491 0.00863641 -0.0108253 -0.00400322 -0.0206209 -0.0175837 -0.0214864 0.0031769 -0.00205758 -0.00121291 0.0251117 -0.00342645 0.00388824 0.00171338 0.0199138 -0.0137546 0.00112283 -0.0191635 -0.017461 -0.00119417 -0.00683458 0.00228333 -0.0191063 0.0125253 -0.015257 -0.00376746 -0.00158597 0.0106757 -0.0109594 
-0.00167752 -0.00772959 1.20891e-06 -0.00269346 -0.00556544 -6.95264e-05 0.00860018 -0.00376131 0.00151623 -0.00167857 -0.00119997 -0.00185258 0.00382715 -0.00470289 -0.00185712 -0.01171 -0.00454889 -0.00350761 -0.00184749 0.00942821 -0.000493465 -0.00119855 -0.00076423 0.000735031 -0.00143575 -3.70147e-05 -0.000513109 -0.00223214 0.000881295 0.0603351 0.0108653 -0.00466523 -0.002511 -0.00081969 -0.00175607 -0.00913131 -0.00793246 0.000414259 -0.00515436 -0.00759959 -0.0043099 0.0014934 2.95798e-05 0.00942032 0.00403873 -0.00222855 0.000155936 -0.00279406 0.000923679 -0.00127936 -0.000980972 0.000605574 -0.00190602 -0.0014762 -0.000897362 -0.0045376 -0.00624958 -0.00111802 -0.00297278 0.0129866 0.00125304 -0.00219679 -0.00881554 -0.0024678 -0.00389722 -0.00361157 0.00524625 0.000708922 0.003263 3.60664e-05 0.000163222 -0.00142909 -0.000900183 -0.00438831 -2.46805e-05 -0.0032083 0.0201336 0.00623805 0.00243072 0.00127019 -0.00249162 0.00235994 0.000364118 1.24849e-05 0.000147412 0.0172705 6.3127e-05 -0.00321423 -0.00562537 -0.00443411 -0.00188038 -0.00244141 -0.000959046 0.00180573 -0.00269898 -0.00518967 5.37289e-05 0.00192536 -0.000229378 0.000496751 
0.0201327 0.020581 -0.0134512 -0.00923043 -0.00634933 0.0106412 0.00517763 -0.0070003 0.00533338 0.00251784 -0.0015912 -0.0079974 0.0529671 -0.00732108 -0.00585155 -0.0376359 -0.00932536 -0.0311648 -0.0014957 0.00521056 0.0158361 0.00493858 -0.00578256 -0.00166342 0.0262527 -0.00649529 -0.00291586 -0.00837672 0.0335914 0.0108653 0.181718 -0.0200979 -0.0219009 0.00990613 0.00621889 -0.0196205 -0.0296033 -0.0232777 -0.0320201 -0.0374494 -0.00123591 -0.00247768 -0.0185733 0.0534266 0.00552938 0.0152016 0.000310777 0.0263703 -0.00134592 0.0125371 0.00259571 -0.00595778 -0.000240676 0.0414467 -0.00307495 -0.0362415 -0.0264348 -0.00552177 0.0138426 0.0049136 -0.00446964 -0.00913014 -0.0277892 -0.000226785 0.0287384 -0.0178274 0.0334225 0.0689819 0.00332824 -0.0245504 0.0562745 -0.0114269 -0.00396695 -0.0229241 -0.0105467 -0.0352971 0.00261846 -0.0267113 0.00102342 -0.00158059 -0.00662651 0.00546487 -0.00467747 0.00833076 -0.000917654 0.0697904 -0.0375498 0.00799356 -0.0512379 -0.00340201 -0.00256375 -0.0105895 0.00160204 -0.0440408 0.000327626 -0.0438392 -0.00895071 0.00346659 -0.00311886 -0.0167429 
-0.00956305 -0.00690642 -0.0021977 -0.000405688 0.000230673 -0.0019305 -0.0142165 -0.0155449 -0.00279913 -0.00256409 -0.00358637 0.00826483 -0.0198235 -0.0119281 0.00254457 -0.00062646 0.00506679 -0.00798372 -0.00668289 -0.0248949 -0.00608916 -0.00261482 -0.00113692 -0.000581028 -0.015623 0.0126854 -0.000216024 0.0213325 -0.00303072 -0.00466523 -0.0200979 0.114758 0.00926866 -0.00235617 0.00740376 0.0403144 0.00849163 -0.0055921 0.0153843 0.0122696 -0.000710819 0.00351372 0.0199957 -0.00361653 -0.00458564 -0.00597588 0.00118602 0.0240268 -0.00223367 -0.00221792 -0.00167345 -0.00064595 -0.00161918 -0.0114539 0.000934833 0.013339 0.0143105 -0.000786725 -0.00574793 -0.0207691 0.00429759 0.00326205 0.00348865 -0.0011583 -0.0242812 0.00432737 -0.0262691 -0.0265027 -0.00922821 -0.00579476 -0.0124089 0.00651816 0.00332367 -0.00584463 -0.0046081 0.00328005 -0.0153749 -0.00928642 0.00149189 -0.000757169 0.000332183 -0.00209676 -0.000647256 -0.000487114 2.61043e-05 -0.0155149 0.0121958 0.00252382 0.0318472 -0.00044378 0.00601289 0.00925898 -0.000127384 -0.0234623 0.00536015 0.0153283 0.00295282 -0.00275323 -0.00718024 -0.00122807 
-0.0439856 -0.0308308 -0.0122829 0.00407613 0.00919994 -0.00750016 -0.00864655 -0.0421722 -0.0111076 -0.000140283 0.00276247 -0.000777909 -0.0232559 -0.00978676 1.09619e-05 0.00750335 -0.00525108 -0.017098 -0.0121513 -0.0350898 -0.0195533 -0.00676854 -0.00605863 -0.00515014 -0.0231805 0.0217548 -0.00117682 0.00243844 -0.0265523 -0.002511 -0.0219009 0.00926866 0.191935 0.00448761 -0.0158419 0.0135025 0.0453088 0.0559644 0.0202649 -0.0294558 -0.0143224 0.00981556 -0.0214176 0.049265 -0.00601062 -0.0147209 -0.00416053 -0.00966757 -0.00208723 0.0269907 -0.00656639 -0.000780069 -0.00599622 -0.0404008 -0.00461676 -0.0158544 -0.014139 -0.00586363 -0.00802846 -0.0278603 -0.00304799 0.00992725 0.0467864 -0.0112961 0.00343608 -0.00129263 0.0570448 0.0267436 0.0220548 0.0178411 -0.0251333 -0.00719446 -0.00504572 0.00490571 -0.00299431 0.068679 -0.0175068 -0.00586098 -0.000198544 0.000902227 0.00611352 0.0179214 -0.0046565 -0.0040371 -0.00328282 -0.0191799 -0.0296255 -0.00314159 0.00622432 0.037325 -0.00410526 0.0155203 0.00768982 -0.00185317 -0.0034929 -0.0161538 -0.00358372 0.000444629 -0.0118924 -0.0188144 
-0.00640751 -0.0116491 -0.00158133 -0.00411501 0.00190188 -0.00134458 -0.00354185 -0.0101507 -0.00351064 0.000363987 -0.000418719 0.00157312 -0.00242179 0.00332861 0.0024009 -0.0111751 0.00325075 -0.0103779 2.32589e-05 0.0125991 0.0105351 0.000893629 0.00122022 -0.00133435 0.00883427 -0.00235645 -0.000235267 -0.0135526 -0.00146125 -0.00081969 0.00990613 -0.00235617 0.00448761 0.0930751 0.0072857 0.00791067 0.00428087 0.0120154 -0.00595825 0.00325857 -0.00171781 -0.0036605 -0.00904654 0.00466221 -0.000471066 -0.000756682 -0.000748009 0.00956494 0.00144348 0.00775299 -0.00262766 0.00178354 0.00458319 -0.0170251 0.00113638 -0.00883352 -0.0136628 -0.00370794 0.00260485 0.00296759 0.000846485 -0.00100291 -0.00118763 -0.00363281 0.00502871 -0.000568103 0.00025141 0.00343958 -0.00125118 -0.000406661 0.0169615 -0.00596266 0.000311703 -0.00300448 -0.000658658 -0.0109984 -0.011994 -0.00564808 -0.00225922 0.000434687 0.00254587 -1.49827e-05 -0.000898247 0.00173595 -9.40406e-05 0.00539279 -0.0117633 -0.00589029 -0.0153923 -0.0132867 -0.000474777 -0.00198308 0.00328624 -0.0065584 -0.00100413 -0.00666942 0.00520664 0.000771739 0.000658219 -0.00288509 
-0.00736601 -0.00643205 0.00898124 -0.00557208 0.00468047 0.00603123 -0.00171012 0.01467 0.00183821 -0.000647899 0.00290425 0.00632742 0.0161521 0.00789167 0.0026048 0.00193034 0.00130958 -0.0048149 0.000775677 0.00649194 6.35867e-05 -0.000896645 0.000641519 -0.000314606 0.0164735 0.0010935 -0.00115088 0.0149309 0.00395981 -0.00175607 0.00621889 0.00740376 -0.0158419 0.0072857 0.0866626 0.0191715 -0.0118809 -0.00357427 -0.00348118 0.0307588 -0.00278315 -0.009535 0.00389134 0.00376441 0.00194427 -0.00388203 -0.00098893 -0.0038652 -0.00136172 -0.0122312 -0.000429086 0.000482996 0.014412 -0.00904385 0.00120543 -0.00363828 -0.00192231 -0.00121781 -0.0019615 -0.0159819 -0.00382141 -0.00136762 -0.00767396 -0.00184845 -0.0179233 -0.00268069 -0.0336618 -0.0183904 -0.00348649 -0.00637677 0.0205325 0.00407527 0.00560026 0.00212429 -0.00171708 -0.018672 -0.0112959 -0.0112503 0.00126098 -0.0005477 -0.00147592 -0.0108754 -0.00203576 0.00131269 -0.000785049 0.00849446 -0.00299864 -0.00833797 -0.00504107 -0.0188441 0.000491158 -0.00424111 -0.00155611 -0.00370022 -0.00367866 -0.01502 0.00067372 0.000213363 0.00305288 0.00280034 
