0.203171 0.029053 0.00140507 0.00101406 0.00261631 0.00517987 0.0107644 -0.00203226 -0.00540586 -0.00921862 -0.0658387 -0.00195478 -0.00164173 0.0122227 -0.00084893 0.0518684 -0.00202249 0.0162141 -0.00442497 0.00777801 0.00465465 0.00033576 -0.00128437 0.0025712 0.00735407 0.00148938 -0.0416473 -0.0413739 -0.0173029 -0.00668744 -0.00538265 -0.0232275 -0.00663321 0.0184857 -0.00216008 0.00143102 -0.000886723 0.00156381 -0.0347167 -0.000930505 -0.0142107 0.00738561 -0.00358112 -0.00220224 -0.0299834 0.0330585 -0.00373147 -0.00719382 -0.00618514 -0.0114759 -0.00175222 -0.00801566 -0.00379447 -0.028676 -0.00364797 0.00372085 -0.00439894 -0.0162723 -0.00431619 0.0215822 -0.00785688 0.0136047 -0.00358523 0.00732703 -0.0144299 0.0270354 -3.33652e-05 0.0435643 0.0128506 -0.00215474 0.000230629 0.00423525 0.0104665 0.00228282 0.00560732 -0.00190765 0.00379017 -0.00495855 -0.00322831 0.00599103 -0.00134039 0.000877283 -0.0016165 -0.0350633 -0.00305953 -0.0049586 -0.00364481 -0.0101147 0.00367448 0.00393473 0.000818996 -0.00242684 -0.00749133 0.00147547 0.00592806 -0.0250812 -0.00456144 -0.0348791 0.0054211 -0.00658347 
0.029053 0.204487 0.00574727 0.00455188 0.00312751 0.00133941 0.0128416 -0.0015441 0.00541727 -3.53784e-05 0.0116074 -0.0129232 -0.0107166 0.0532833 -0.00426929 0.0390084 0.0164212 0.0118602 -0.00285244 -0.000334943 -0.00263828 -0.0134801 -0.00650084 -0.079962 0.0498797 -0.0140379 -0.0196146 -0.0293777 -0.00761587 -0.00799332 -0.00816938 -0.00663304 -0.00671905 0.0317529 -0.00465121 0.0039742 -0.00415396 0.00357403 -0.0176884 -0.0025923 -0.00284987 0.00785027 -0.00564532 -0.0031392 -0.0725102 0.0194204 -0.0115188 -0.0144585 -0.00696237 -0.00643648 -0.0243242 -0.0223938 -0.00175988 0.00551429 0.0036685 -0.0118229 -0.0019321 -0.0141272 -0.0165089 -0.0182532 -0.0176183 -0.00219643 0.000906387 0.0165626 -0.0211476 -0.0385841 -0.00513584 0.0318016 -0.0129101 -0.0102669 -0.00100467 -0.00104728 0.00229671 -0.00600048 0.00093768 -0.00205379 0.00223958 0.000676221 0.0467557 0.0238756 -0.00202548 0.000620792 -5.30628e-05 -0.0336785 -0.0040298 -0.00632469 -0.00202502 -0.0149453 -0.0065626 -0.00292027 -0.00112685 -0.0031689 0.00362272 0.0647145 0.0207718 -0.0121706 -0.0123462 -0.0021092 -0.0146946 -0.00486828 
0.00140507 0.00574727 0.0471151 0.00168772 0.00173382 -0.000235883 -0.00779273 0.000219251 -0.00102952 0.000158106 0.00185129 -0.00126558 -0.00219449 0.000225801 -0.000391141 -0.000460039 0.00372242 -0.00143654 0.00166993 0.00212694 0.00371593 0.00647305 0.00149602 -0.0139915 0.00742615 -0.00153064 -0.0108501 -0.00445062 -0.000454886 0.00118698 0.000297554 -0.00198255 1.61992e-05 0.00606401 8.69641e-05 0.000177943 -0.000785139 0.00262434 -0.000750052 0.000249605 -0.00305623 -0.000900032 -0.00235419 -0.000739184 -0.00794033 0.00080945 -0.000679453 0.000778121 0.000143246 -0.00188165 -0.0083931 -0.00649474 0.000204633 -0.00553024 -0.0019168 -0.000391997 0.000228193 -0.00191791 -0.00459968 -0.00304232 -0.00333641 -0.000460727 1.12289e-05 -0.00213261 -0.00234885 -0.00909152 -0.000580234 0.00131417 -0.00325972 -0.00168232 -0.000202468 -0.000359025 -0.00465784 0.00042158 -0.000544812 0.000960947 0.000777096 -0.000333364 0.0108791 0.00618541 0.00081571 -8.27328e-05 0.000185406 0.000537809 -0.000542632 -0.00161921 -0.00151443 -0.00143427 -0.00096551 -0.000144436 0.00194265 -0.00145907 0.00355352 0.00686191 -0.00011834 0.000974427 -0.00110841 -0.00317782 0.00669285 -0.00115874 
0.00101406 0.00455188 0.00168772 0.0201173 -0.000294106 0.000319964 -0.000750441 -0.000130782 0.00194255 0.000314441 -0.00271222 -0.000985628 -0.000789475 0.000515758 9.73039e-05 0.00232627 -0.000711469 0.00153807 0.000200331 0.000431998 -0.00150025 -0.00498683 0.000217088 -0.0062177 0.0014543 0.00185481 -0.00325855 -0.000657889 0.00130834 -2.08337e-05 -8.87093e-05 -0.000560417 0.000141513 0.00308429 0.00266974 0.000758962 0.000511778 -0.000486168 -0.000325467 8.6928e-05 0.00285211 6.20322e-05 -0.000257728 0.000700612 -0.00438952 -0.00173279 -0.000278851 -0.000926438 -0.000481252 -2.95074e-05 -0.00257455 0.000742366 0.000245472 -0.00548248 0.000541869 -0.000415736 -0.000247436 -0.00139012 -0.000344932 -0.000514947 -0.00140533 0.000198741 -0.000160474 -0.000562154 -0.00120498 -0.00430629 0.000386285 0.00144914 -0.00046164 -0.000346267 -1.35306e-05 -0.000641581 -0.00106223 0.00067242 0.000894839 0.000121905 -0.000255758 0.00048031 0.00400289 -0.00126308 0.000421533 8.24159e-05 0.000365814 0.000676691 -0.000193665 0.000194138 -0.000647345 -0.000132325 -0.000406795 -0.000127225 0.000607392 0.000372741 -0.00417777 -0.00239054 -0.00188449 0.00124228 0.000222057 -0.000265544 0.000608849 0.000161967 
0.00261631 0.00312751 0.00173382 -0.000294106 0.0524167 0.0012037 -0.000172909 0.00134774 -0.000407082 -0.00153987 0.000808884 -0.0019003 0.000335171 -0.00843767 0.00103211 -0.00999433 -0.00197467 -0.0019089 0.00145477 0.000582537 0.00189413 -0.00496349 0.000192361 0.00573737 -0.00403241 0.000634356 -0.00936184 -0.00200133 -0.00541459 0.00210243 -0.000683239 0.00348934 -0.00116282 -0.00475972 0.000864942 -0.000260505 7.34512e-06 0.0102272 0.000635887 0.00115914 -0.00292083 -0.000927254 0.000548206 -0.000252682 -0.000318647 0.00867026 0.000941354 0.000186693 0.000596805 -0.00197611 -0.00445244 0.00115719 0.000123848 -0.0111474 0.000538581 2.62315e-05 -0.000430805 -0.00399442 0.00680558 0.0072949 0.011857 -0.000777878 -0.000540076 -0.000658197 -0.00151806 0.0115873 -0.000683949 -0.000334804 0.00288723 -5.40888e-05 -0.000160671 -0.000806632 -0.00998004 -0.00303861 -0.00103552 -0.000119754 0.000426895 -2.55492e-05 -0.00737893 0.00531482 -0.000601422 0.000668398 0.000140447 -0.00943176 -0.000258873 3.57131e-05 0.00143537 0.000569457 -0.00184156 -0.000723456 -0.000330345 -0.00146643 -0.00343672 -0.00254333 -0.00668902 -0.00662283 -0.00522976 -0.000839148 -0.00276583 0.000167721 
0.00517987 0.00133941 -0.000235883 0.000319964 0.0012037 0.0205788 -0.00314416 0.00028261 0.00224746 -0.000406378 -0.00405346 -0.00095848 -0.000513226 -0.00180041 0.000368849 0.00166525 -0.000636611 0.00160535 -6.22676e-05 0.000729407 -0.00137981 -0.00325249 0.000331584 -0.00304858 -0.000912823 -0.000282159 -0.00385382 -0.00434138 -0.00357955 -0.0006636 0.00127935 -0.00062245 0.000118701 0.00333455 0.000939714 -0.000137225 4.94702e-05 0.000153822 -0.00124692 -0.000152313 -0.00100161 -0.00062237 -0.00029325 0.000879178 -0.00293349 0.00309368 0.000898637 0.00068966 0.000115477 0.00140273 -0.00183648 0.001812 0.000213228 -0.00365662 -0.000131694 -0.000246073 0.00150493 -0.00152736 0.000312521 0.00151716 -1.44031e-05 0.00329134 0.000283937 0.00160892 -0.00156991 -0.000238043 0.000275379 0.00425664 0.00168667 0.00188039 0.000197565 -0.000502082 -0.00398278 0.00117847 0.00127851 0.000430792 0.000982 -0.000115418 0.00236447 -0.000614634 -1.08932e-05 1.30477e-05 0.0014615 -0.00487733 9.22967e-05 4.37535e-05 0.000671763 -1.797e-05 0.00179439 0.000139777 0.000467764 -0.000728225 -0.00646238 -0.000487109 -0.000341497 -0.000821895 -0.000965978 -0.0084119 -0.000136367 -0.000734723 
0.0107644 0.0128416 -0.00779273 -0.000750441 -0.000172909 -0.00314416 0.218743 -0.000920555 -0.0007791 0.0079675 -0.0162225 0.0096562 -0.00435232 0.00815443 0.00226207 0.0130265 -0.0141075 0.0188835 -0.0037923 -0.0140794 -0.00996651 -0.0293386 -0.00521696 -0.00434061 -0.0251459 -0.00434783 -0.037546 -0.00414448 0.00482898 0.00115169 -0.00540949 0.0148209 -0.00676602 -0.0147361 -0.000658281 -0.000991556 0.000134244 0.0147369 0.00924029 0.00142753 -0.00786779 0.0195101 0.0405088 -0.00431491 -0.00494794 0.00793525 -0.0028583 0.005829 0.00417384 -0.00438939 0.0490688 -0.0182271 -0.00352873 -0.0270831 -0.00721738 -0.00033728 -0.0093471 -0.00549847 -0.012413 -0.00184344 -0.0326025 -0.00527176 -0.000375126 -0.00117751 0.00490122 -0.0292863 -0.00172245 0.00258519 0.00178452 -0.00661002 -0.000203223 -0.00604169 0.0387404 -0.00305633 -0.00410838 -0.0035711 -0.00163553 -0.00119416 -0.0273677 -0.0152993 -0.00355434 0.000102837 -0.00619645 0.0123113 0.00127105 0.00609576 0.00517941 -0.0051885 -0.00106774 -0.00439821 -0.00342508 -0.00109482 -0.0254318 -0.0188223 0.019547 -0.0283056 -0.0133413 0.0187467 -0.00321762 -0.00876741 
-0.00203226 -0.0015441 0.000219251 -0.000130782 0.00134774 0.00028261 -0.000920555 0.0162841 -9.41206e-05 0.000117196 -0.00107763 3.7306e-05 0.000277684 -0.0069097 0.000482151 -0.00384392 -0.000930388 -0.000683535 9.50936e-05 -0.000382666 0.000727786 -0.00126255 0.00141029 0.00104183 -0.00355632 -0.000453088 -0.00248809 -0.00286828 0.00104496 0.00153357 0.000527033 -0.000311948 0.00127901 -0.00133911 0.00221207 0.000539186 0.000145364 0.00038033 0.00198531 0.000453065 0.00307483 0.000598162 -0.000419666 0.000684655 0.00247647 -0.000137447 0.00265028 3.68498e-05 -0.000210055 0.00229335 -0.00147311 4.80118e-06 0.000553348 -0.00106294 -8.30716e-05 0.000714343 0.00091331 0.000945345 8.01508e-05 -5.02945e-05 0.0011074 2.60003e-06 0.000254238 -0.000589068 0.00331787 -0.00261128 -0.000286825 -0.00329616 -0.000383278 0.000263384 0.000133641 0.000190803 -0.00338224 0.0007337 0.000761207 0.00094379 0.000476417 3.51363e-05 -0.00143473 -0.00138038 -0.000190015 0.000211891 0.00165594 -0.000392874 0.00124874 0.000493697 -6.91965e-05 0.000264016 0.000351679 -0.000116612 -2.60112e-05 -0.000750528 -0.0017204 -0.00437187 -0.00314723 -0.00017337 -0.000976262 0.000201555 -0.000829493 0.000296905 
-0.00540586 0.00541727 -0.00102952 0.00194255 -0.000407082 0.00224746 -0.0007791 -9.41206e-05 0.0480603 0.00139805 -0.0109385 -0.000274508 -0.0015772 0.00122877 0.000306131 -0.00201765 0.00830877 -0.000672619 -0.000181407 -0.00199309 -0.00479261 -0.00027405 0.00211414 -0.00912102 -0.00292538 -0.00170373 -0.00465486 -0.00998086 -0.012462 0.00148224 -0.000449341 0.00378441 0.000610366 0.0035794 0.00655028 0.000475273 0.00109692 0.000985914 -0.00666959 1.54276e-05 0.00127768 0.000504325 0.00578279 0.00148183 -0.00918412 -0.00503486 0.000188668 0.000532898 -0.00153487 0.00162264 -0.0055635 0.00281395 0.00186048 0.00026054 -0.000587103 -0.0019264 -0.000160438 0.00505162 0.00287381 -0.00158658 -0.00785132 0.000352985 -5.21618e-05 0.001744 -0.00321186 -0.0065549 -0.000642318 0.00381764 -0.00051259 0.000954344 0.000468627 0.000321341 -0.00820777 0.00123495 -1.93671e-06 -0.000485627 -0.00077424 -0.000917552 0.00220105 -0.00258933 -0.000137036 -1.11469e-05 0.000504927 -0.00145109 0.00281326 0.000664804 -0.000949295 -0.000397911 3.70893e-05 -0.000503401 -0.00130503 0.00141787 -0.00307795 -0.000324888 0.00273454 0.000423027 0.0100552 0.00285684 -0.00189982 -0.000616321 
-0.00921862 -3.53784e-05 0.000158106 0.000314441 -0.00153987 -0.000406378 0.0079675 0.000117196 0.00139805 0.0541623 0.00832007 0.000570403 0.00130733 0.00296373 0.000215577 -0.00594975 -0.00276257 0.00473133 0.000271598 -0.00251585 -0.00300181 -0.0147993 -0.00118693 0.00112681 -0.0104592 0.000361282 -0.00960417 -0.00309515 -0.00229742 -0.00161427 0.00124832 0.00539779 -0.00112564 0.0001364 0.000981834 -0.000669623 0.000894828 0.0021545 -0.000221475 0.0014182 -0.00395994 0.00320377 0.00981184 -0.00010576 -0.00818534 -0.00439457 -0.000470112 0.00331001 -0.000518326 0.00206305 0.0036058 -0.00494754 0.000173716 -0.00606229 -0.00212989 -0.000243976 -0.000757708 0.00686586 0.00358397 -0.00330653 -0.00633285 -0.000357629 -0.000194112 -0.00269396 0.000870189 -0.00730909 0.00263046 -0.00527307 0.00150681 0.000750832 0.000159253 -0.00174833 0.0102876 0.00243324 -0.000800382 -0.000594754 0.0011046 -0.000842703 0.0011774 -0.00335775 -0.000163492 -0.000133556 -0.00114912 -0.00581454 0.0022035 0.00312963 0.00045523 0.00411328 0.000638304 -0.000338499 -0.000385942 -0.000987837 -0.0134436 -0.00703772 -0.00258573 -0.00535789 -0.000120718 0.0125103 9.64001e-05 -0.000293899 
-0.0658387 0.0116074 0.00185129 -0.00271222 0.000808884 -0.00405346 -0.0162225 -0.00107763 -0.0109385 0.00832007 0.24067 -0.00689287 -0.000273074 0.0223158 -0.00342257 -0.0320954 0.00513325 -0.0076602 0.00276374 -0.00991772 -0.000963591 -0.0265687 -0.00505754 -0.0228116 -0.00214537 -0.0100388 0.00873297 0.0552464 0.0323889 -0.0029542 0.000510198 0.000301289 -0.00898289 0.000741931 -0.0070565 -0.00149355 -0.00402719 -0.00737235 0.0449424 -0.00213872 0.00255208 -0.00911441 -0.0235866 -0.00370328 -0.00263344 -0.023637 -0.00872165 -0.00334955 0.00386354 -0.0102859 -0.0459479 -0.015759 0.000256714 -0.00190824 0.00138682 0.00435665 -0.00986122 -0.000335707 0.017677 -0.0180687 0.0230919 -0.0111822 -0.00215748 -0.0219206 0.0187262 -0.0385221 -0.00545446 -0.0165596 -0.00536964 -0.00452517 -0.00113286 -0.00799444 -0.00893952 -0.0238847 -0.00626104 0.000413845 -0.00276424 0.000670319 0.0587691 0.0161693 -0.000921517 -0.00120454 -0.0106882 0.0109345 -0.004549 -0.0105145 -0.00839678 -0.00952713 -0.0131176 -0.00675927 -0.00377573 -0.00643589 0.0288223 0.0484038 -0.0325613 -0.00301967 -0.0180627 0.0400074 0.00690243 0.00649197 
-0.00195478 -0.0129232 -0.00126558 -0.000985628 -0.0019003 -0.00095848 0.0096562 3.7306e-05 -0.000274508 0.000570403 -0.00689287 0.0707049 -0.00109754 -0.00659918 -0.000468377 -0.00657568 -0.00269727 -0.000495597 -0.00120559 -0.00334478 0.000296453 -0.00839919 4.96675e-05 0.00919067 -0.0201344 -0.00285686 0.000457313 -0.00924065 0.00319458 0.00173275 -0.000262578 0.0117096 -0.000761189 0.000987177 0.00214175 0.000300844 -0.000942416 -0.000444338 0.00191995 0.000110212 -0.00119547 0.00208295 -5.50425e-05 0.000358598 0.00323973 -0.00649266 -0.00149545 0.00134096 -0.0023597 -0.00121445 0.0066119 -0.00357511 -9.49807e-05 0.00637199 -0.00246234 0.00146251 -0.000810181 0.00246238 -0.00369706 0.00525545 -0.0086715 -8.03273e-05 0.00684015 -0.000196013 0.00563848 -0.00416168 -0.00124046 -0.0117033 -0.00112997 -0.00148379 0.000512499 0.00308132 0.00583879 -0.00086834 0.000159869 -0.00199845 0.00154756 -0.000300149 -0.0101963 -0.00781707 0.00092909 -0.000391903 -1.83499e-05 0.000371392 0.0042756 -0.00065172 0.00327727 0.000432489 0.00118756 -0.000746415 0.00184278 -0.000170017 0.00534358 -0.00990325 -0.0100077 0.00385666 -0.00480846 0.00973904 -0.00202613 -0.00241569 
-0.00164173 -0.0107166 -0.00219449 -0.000789475 0.000335171 -0.000513226 -0.00435232 0.000277684 -0.0015772 0.00130733 -0.000273074 -0.00109754 0.0520925 -0.0148282 0.000314143 -0.00786656 -0.00265912 -0.00210798 -0.000218948 0.00116981 -0.000588643 -0.0140596 -0.00172035 0.0201412 -0.0197435 0.00246407 -0.00938142 0.000813906 -0.00562058 -0.00039028 0.000828585 -0.000647338 -0.000887409 -0.00718911 -0.00202001 0.000856526 0.00208114 -0.00201374 0.00408866 0.000625043 0.00483288 -0.0018051 0.00820684 0.00157676 0.00658217 0.000551561 0.00186313 -0.00108165 -0.000239596 0.000431206 0.00125077 -0.00375286 0.00267339 -0.0168485 0.00158691 0.0060081 -0.00116864 -0.00119874 0.0169744 0.00524651 0.0133538 0.00355397 -0.0012103 -0.00165653 0.00333376 0.0174836 0.00212605 -0.00984192 0.016669 0.0117653 0.000349317 -0.000995922 -0.00217988 -0.00102688 0.000102539 0.00154616 -0.000513906 -0.000881152 -0.00779713 -0.00580404 -0.000151116 0.000645271 1.36475e-05 -0.00750908 -0.000222078 0.00247049 0.0018345 0.00113161 -8.17246e-05 -0.000200067 -6.74681e-06 -0.00265576 -0.0158828 -0.0191009 -0.0133281 -0.00746062 0.00258902 0.0112331 0.00253494 0.00178361 
0.0122227 0.0532833 0.000225801 0.000515758 -0.00843767 -0.00180041 0.00815443 -0.0069097 0.00122877 0.00296373 0.0223158 -0.00659918 -0.0148282 0.247075 -0.00241364 0.0765271 0.0147174 0.0196275 -0.00669749 -0.0168208 -0.0185648 -0.0297191 -0.00808098 -0.0746552 0.0154553 -0.01784 0.0333286 0.0196167 0.013439 0.00262021 -0.0115349 0.0114929 -0.0147687 0.049289 -0.00757359 -0.00260661 -0.00684505 0.00305653 0.00872555 -0.00278878 -0.0273705 -0.00490588 -0.00641573 -0.0103584 -0.0588877 -0.0206449 -0.0271556 -0.0132973 -0.00358214 -0.00762907 -0.0107275 -0.00189515 -0.0063637 0.040426 0.00414913 -0.0113277 -0.0113597 -0.0031635 -0.0308902 -0.0225411 -0.0209727 0.00123274 -0.00260025 0.0129529 -0.0345153 -0.0355596 -0.00608881 0.022408 -0.0109428 -0.017221 -0.00215878 0.00229501 0.0614112 -0.0227884 -0.00445928 -0.00961594 -0.00115092 0.00419001 0.03294 -0.0115107 -0.00305518 -0.000951102 -0.00832293 -0.0235809 -0.00402339 -0.00475772 -0.00814567 -0.0142958 -0.00796272 -0.00483214 0.000556196 0.00619229 0.0115414 0.0918949 0.0318274 -0.00551533 -0.0630533 -0.0251843 -0.0300951 -0.0185373 
-0.00084893 -0.00426929 -0.000391141 9.73039e-05 0.00103211 0.000368849 0.00226207 0.000482151 0.000306131 0.000215577 -0.00342257 -0.000468377 0.000314143 -0.00241364 0.0250173 -0.00136044 0.000652143 0.00247375 -0.000179599 0.000973504 -0.00202346 -0.00228708 -9.11564e-05 -0.00267944 -0.00493445 -0.000375392 -0.00410868 -0.00224119 -0.00439402 0.000952273 -0.000212733 0.00156151 -0.000497383 -0.00250483 0.000140515 -0.000218267 0.000357637 0.00244527 0.000796926 0.0006619 0.00172037 0.000385452 0.00599919 0.00018512 0.00440739 0.000710999 0.00132734 0.000889363 -0.000265437 -0.000542187 -0.000830188 -0.00291663 -7.64981e-05 -0.00757644 -0.000457439 0.0010572 0.000247473 -0.000783302 0.000838022 0.00103341 -2.02767e-05 0.00149389 -0.000516584 -0.000449627 0.000652079 0.00221064 0.000201287 0.00184305 0.0023458 0.000439664 5.6243e-05 0.000259284 -0.00249114 0.00129674 -0.000370088 0.000103675 -5.74977e-05 3.46346e-05 -0.00172615 -0.00265872 0.000307704 0.000118398 -0.000524308 -0.000594119 5.92542e-05 -0.000548191 -0.000267837 -0.000781414 -0.000220713 0.000536733 -0.000509462 0.000468089 -0.000642989 -0.00259493 0.000119842 -0.00116784 -0.00134995 -0.00329548 0.00217441 -0.000476277 
0.0518684 0.0390084 -0.000460039 0.00232627 -0.00999433 0.00166525 0.0130265 -0.00384392 -0.00201765 -0.00594975 -0.0320954 -0.00657568 -0.00786656 0.0765271 -0.00136044 0.214514 -9.86496e-05 0.0148899 -0.00797815 -0.0107774 -0.012924 -0.0379155 0.00988812 -0.0565214 0.0102145 -0.00491857 0.0268257 0.000428022 0.0162617 -0.00189995 -0.00986455 -0.0161934 -0.00944183 0.066919 -0.00113884 0.00168173 -0.00304418 -0.00794513 -0.0062066 -0.00375843 -0.011765 -0.00322986 -0.0119359 -0.00318671 -0.0515314 -0.0161658 -0.014807 -0.00483061 0.00157176 -0.0161411 -0.00555704 0.00275904 -0.00396249 0.0222943 -0.00249153 -0.00696374 -0.00518176 -0.0190338 -0.0131369 -0.00522402 -0.0327101 0.00454985 -0.00442814 0.00561077 -0.0343077 -0.0284512 -0.000813044 0.0255938 0.00266013 -0.00741047 -0.00185488 0.00516888 0.0363074 0.00511126 0.0024935 -0.00467419 0.00294146 0.000871962 0.0321844 -0.0139705 -7.40687e-05 -0.000606483 -0.00240936 -0.0168438 -0.0014661 0.000897476 -0.00630441 -0.00630069 -0.00132074 0.00107183 0.0031296 0.00462656 -0.0162107 0.0413068 0.00970449 0.023133 -0.0621265 -0.0595671 -0.00988839 -0.0123591 
-0.00202249 0.0164212 0.00372242 -0.000711469 -0.00197467 -0.000636611 -0.0141075 -0.000930388 0.00830877 -0.00276257 0.00513325 -0.00269727 -0.00265912 0.0147174 0.000652143 -9.86496e-05 0.0755393 -0.00182672 -0.00153923 0.00112144 -0.00230346 0.015659 0.00470656 -0.0267276 0.0196656 -0.00278123 0.00253148 -0.010707 -0.0166859 -0.000870071 -0.00061181 -0.00160422 -0.00190608 0.000279535 -0.00368702 0.000331702 -0.00118347 -0.00241327 -0.0111095 -0.000662123 -0.00706797 -0.00354846 0.00336767 -0.000828521 -0.0161766 -0.000568006 -0.00356035 -0.000665388 4.94292e-05 -0.000736633 -0.0163176 -0.0102364 0.000110069 0.00356494 0.00109744 -0.00401971 -0.00169172 0.00114945 -0.00117867 -0.00534958 -0.00350332 -0.00120556 -0.00119718 0.0139675 -0.00523347 -0.00972938 -0.00159238 0.0132934 -0.00352443 -0.00210491 0.000193569 0.00787138 -0.00569098 -0.00341547 -0.00129972 -0.000107999 -0.00180059 0.00013287 -0.0014154 0.0201381 0.000113413 -7.83786e-05 -0.0015375 -0.0152429 0.000381558 -0.00290109 -0.00216197 -0.00405138 -0.00232057 -0.000923202 0.00159321 0.00125381 0.00481275 0.0249982 0.0182477 -0.00882573 0.00202646 -0.0134191 -0.00311575 -0.00358955 
0.0162141 0.0118602 -0.00143654 0.00153807 -0.0019089 0.00160535 0.0188835 -0.000683535 -0.000672619 0.00473133 -0.0076602 -0.000495597 -0.00210798 0.0196275 0.00247375 0.0148899 -0.00182672 0.0706052 -0.00182864 -0.000520001 -0.000605636 -0.0152367 -0.00187933 -0.0121507 -0.000268799 -0.00230428 -0.00926181 -0.0116186 -0.00598485 -0.000664459 0.00179823 0.00334459 -0.00135413 0.00270646 0.00253951 -0.00069102 -0.000464846 0.00038705 -0.000334868 0.000102463 -0.00350351 0.00729795 0.00976186 -0.000877566 -0.0145754 0.00337808 -0.00376679 0.00349845 -0.00163768 -0.0013004 0.00552995 -0.00269426 -0.000883934 -0.0135328 0.00187628 0.00240136 -0.00128218 -0.00268452 -0.00504787 -0.000382021 -0.00600744 0.00600716 -0.000442706 0.00755481 -0.00649117 -0.00318781 0.000172271 0.00752873 0.00329145 -0.00254297 0.000289675 -0.000301215 0.0253597 0.00676503 0.00308869 -0.00137602 -0.000153627 0.00129269 -0.00695102 -0.00519067 0.000849476 -1.59158e-06 0.000243955 -0.00946765 -0.00100159 0.000367198 0.00145603 -0.00300705 0.000565521 0.000852165 0.00447681 -0.000904515 -0.0237838 -0.0117527 0.0025242 -0.00978225 -0.025082 -0.0194398 -0.00731447 -0.00142493 
-0.00442497 -0.00285244 0.00166993 0.000200331 0.00145477 -6.22676e-05 -0.0037923 9.50936e-05 -0.000181407 0.000271598 0.00276374 -0.00120559 -0.000218948 -0.00669749 -0.000179599 -0.00797815 -0.00153923 -0.00182864 0.0367012 0.00747141 -0.000416652 0.00537641 -0.000168071 0.0030793 0.00364144 -0.000751847 0.000643761 0.00280452 -0.00231322 0.000459922 -2.13327e-05 -0.00350078 0.00153632 -0.000256659 0.000728683 0.000645096 8.88383e-05 0.000352764 -0.0015781 0.000369972 -0.00116054 -0.00110359 -0.0033412 -0.000189992 0.000246216 0.00299849 -0.00152274 -0.00160851 0.00160203 -0.00101849 -0.00661028 -0.00379661 -8.43901e-05 0.004603 -0.00130219 -0.00051661 -6.80219e-05 -0.00218606 -0.00151838 -0.00235384 0.00125204 -0.00139805 -0.000296944 -0.00223039 0.000898733 0.0057987 -0.000642744 -0.00344368 -0.00208476 0.000295807 -0.000144391 0.000143361 -0.00484698 0.00116723 0.000328359 0.000796789 -0.000599662 -0.000681838 -0.00025139 -0.000942976 -0.000356603 7.41752e-05 4.09659e-05 0.000180174 -0.000586638 -0.000914185 -0.00095543 -0.000335991 -0.000728241 -0.00016056 0.0013815 -0.00011469 0.000529369 0.00318637 -0.00645877 0.00201111 0.00333286 -0.00231617 -0.00120133 -0.00118076 
0.00777801 -0.000334943 0.00212694 0.000431998 0.000582537 0.000729407 -0.0140794 -0.000382666 -0.00199309 -0.00251585 -0.00991772 -0.00334478 0.00116981 -0.0168208 0.000973504 -0.0107774 0.00112144 -0.000520001 0.00747141 0.0849 -0.0067795 0.00989534 -0.00230482 0.00824248 0.0181154 0.000803192 0.00314628 -0.0148547 -0.0201382 -0.00336058 -0.00280056 -0.00661293 0.00127201 -0.00518482 -0.00556172 -0.000177872 -0.000123536 0.00115063 -0.0118706 -0.000621914 0.000434103 -0.00359304 0.000791678 -7.49473e-05 -0.00446219 0.0244528 0.00190941 0.00315704 -0.000644237 -0.00146132 -0.0052281 -0.00384488 -0.000987769 0.00516181 -0.00522937 -0.00288571 0.00101005 -0.00383159 -0.00776461 -0.003377 0.000424507 0.00219398 -0.00231545 -0.0032847 -0.00224894 0.0276161 0.00216236 0.00645709 -0.00364725 -0.00126163 0.000349387 -0.000399205 -0.00242993 0.00396331 -0.00208886 0.000185154 -0.00275953 -0.000578549 -0.00502847 0.00114302 -0.000553924 0.000356756 -0.00127143 -0.00884076 -0.00156618 -0.00135461 -0.00159996 -0.00385063 -0.000939011 0.00130748 0.000818984 -0.000380795 -0.000605604 0.00113528 -0.00769061 0.0121862 0.0130676 -0.0126342 -0.00528116 -0.00311987 
0.00465465 -0.00263828 0.00371593 -0.00150025 0.00189413 -0.00137981 -0.00996651 0.000727786 -0.00479261 -0.00300181 -0.000963591 0.000296453 -0.000588643 -0.0185648 -0.00202346 -0.012924 -0.00230346 -0.000605636 -0.000416652 -0.0067795 0.129328 0.007738 -0.00317843 0.0217098 -0.00232672 -0.000885361 -0.0259823 7.20291e-05 0.00355428 0.000196711 -0.00330199 -0.00126925 0.00323337 -0.0111204 -0.00221812 -0.00101557 -0.00256611 0.000593285 -0.00328372 -0.000179633 -0.00620897 0.0064795 -0.0105673 0.000561561 -0.00939772 -0.00446282 0.00113419 -0.00246533 -0.000906415 0.00402098 0.00794493 -0.00336798 0.00071842 -0.000955277 -0.00504034 0.0113001 -0.000442805 -0.00700921 -0.000670096 -0.000751106 0.0039356 0.00601482 0.00428795 0.00448277 -0.00453608 0.00239018 -0.00104885 -0.022957 -0.000370378 -0.00200865 -0.000677688 1.21775e-05 -0.00554865 0.00418479 0.00200615 -0.00057874 0.000479097 -0.00274021 -0.00128259 0.00121654 -0.00129 0.000460662 0.00768615 0.0211428 -0.00124896 -0.000923049 0.00448837 -0.00255893 0.00180712 -0.000792587 4.63537e-05 -0.00389648 0.00351991 -0.0304248 -0.023047 -0.00884657 -0.00588522 0.00606792 0.00682574 0.00775487 
0.00033576 -0.0134801 0.00647305 -0.00498683 -0.00496349 -0.00325249 -0.0293386 -0.00126255 -0.00027405 -0.0147993 -0.0265687 -0.00839919 -0.0140596 -0.0297191 -0.00228708 -0.0379155 0.015659 -0.0152367 0.00537641 0.00989534 0.007738 0.228838 0.000942089 -0.0163005 0.08483 -0.00224541 -0.0106687 -0.0235817 -0.015633 0.00708981 -0.0032301 -0.0145917 0.0071193 -0.0353044 -0.00995519 -0.00487208 -0.00188967 0.0043276 -0.0376902 -0.0052468 0.00807958 -0.00320134 -0.0102503 -0.0023528 -0.011048 0.0135506 -0.00981711 -0.00591573 -0.0105079 0.00325641 -0.0114803 -0.00822371 0.00010695 0.0231896 0.00579122 -0.0131122 0.00643094 0.0088222 -0.0175781 -0.0128232 0.00455838 -0.00959721 -0.00526039 0.000536802 -0.0110165 0.0184542 -0.00418848 0.0176913 -0.0239443 -0.011321 -0.000932148 -0.00618181 -0.0148006 0.00965871 -0.0057481 0.00280699 -0.00857168 -0.00204009 -0.0254473 0.0262936 -0.0025659 -0.00268256 0.000583915 0.0145138 -0.00479449 -0.0111637 -0.00401341 -0.015619 -0.00299959 0.000783335 -0.00846621 -0.00541269 0.0519784 0.00093546 0.053117 0.00223036 0.0406881 0.00748676 -0.0012452 -0.00809281 
-0.00128437 -0.00650084 0.00149602 0.000217088 0.000192361 0.000331584 -0.00521696 0.00141029 0.00211414 -0.00118693 -0.00505754 4.96675e-05 -0.00172035 -0.00808098 -9.11564e-05 0.00988812 0.00470656 -0.00187933 -0.000168071 -0.00230482 -0.00317843 0.000942089 0.060696 -0.0187729 0.0069766 0.00307782 0.0139535 -0.0101041 0.00587843 0.0011407 -0.000614562 -0.00217552 7.56662e-06 0.00647282 0.00460311 0.00171071 -0.000533896 -0.000517359 -0.00279508 -0.000932135 -0.00471938 -0.0025983 -0.00354175 0.000478002 -0.00272528 -0.00672584 -0.00164526 0.000778084 0.0013687 -0.000258535 -0.0086568 0.00621055 0.0020238 0.00478293 0.00456257 -0.00171345 0.000963432 -0.00343306 -0.00431384 -0.00472504 -0.00145778 -0.00242346 -0.00123487 0.00533855 -0.00134092 -0.00961211 5.35505e-05 0.0058224 -0.00210716 -0.000949252 -0.000214379 0.0020857 -0.00982778 0.00381129 0.0022838 0.000791517 -0.000827539 -0.000248898 7.1889e-05 0.000949561 2.61019e-05 -2.32036e-05 0.000464175 -0.0104083 0.000821366 -0.000333243 -0.00166928 -0.00273647 -0.00110052 0.00184594 0.000821569 0.00157237 -0.00468046 0.00391317 0.00923208 -0.000314045 -0.0059686 -0.0107417 0.00189853 -0.00244501 
0.0025712 -0.079962 -0.0139915 -0.0062177 0.00573737 -0.00304858 -0.00434061 0.00104183 -0.00912102 0.00112681 -0.0228116 0.00919067 0.0201412 -0.0746552 -0.00267944 -0.0565214 -0.0267276 -0.0121507 0.0030793 0.00824248 0.0217098 -0.0163005 -0.0187729 0.248807 -0.0680182 0.00888398 -0.0134618 0.0330284 0.00597611 -0.00924877 0.00328847 0.0174855 0.00558413 -0.0500163 -0.0170904 -0.00338456 0.00345006 -0.00566455 -0.00331312 0.000828013 0.0101616 0.00667541 0.000839922 0.00603161 0.0804551 0.00563674 0.0134566 -0.00498372 0.00321152 0.00322975 0.0435871 0.00706626 0.000616257 -0.0158521 -0.0109099 0.00815117 0.00334644 -0.000354022 0.0291368 0.0328908 0.0313893 0.00234798 0.00391415 -0.0169303 0.031677 0.068251 0.00444644 -0.0604861 0.015558 0.0137364 0.0016669 -0.00617098 -0.0110178 0.00228751 -0.00325412 0.00138085 0.00317751 -0.00474346 -0.0682935 -0.0274348 -0.00112631 0.00153105 0.00458007 0.00744832 0.00262699 0.0083611 0.00996402 0.0199861 0.00394579 -0.00426908 -0.00135174 -0.0109241 -0.0241102 -0.09311 -0.0589959 -0.0179667 0.0282294 0.0327678 -0.000178807 0.00602326 
0.00735407 0.0498797 0.00742615 0.0014543 -0.00403241 -0.000912823 -0.0251459 -0.00355632 -0.00292538 -0.0104592 -0.00214537 -0.0201344 -0.0197435 0.0154553 -0.00493445 0.0102145 0.0196656 -0.000268799 0.00364144 0.0181154 -0.00232672 0.08483 0.0069766 -0.0680182 0.239194 0.0034382 0.0113908 -0.0093131 0.015489 -0.00871662 -0.00884189 -0.023425 0.00610643 0.00188 -0.0145759 -0.00140391 -0.00667602 0.000552766 -0.0320835 -0.00782421 -0.00399299 -0.00787307 -0.0246777 -2.86097e-05 -0.0612757 0.0256204 -0.0156158 -0.00664396 -0.0110833 0.0030981 -0.0125511 -0.00380361 -0.00340514 0.0347627 0.00820736 -0.0260585 0.00197788 -0.0032788 -0.0450835 -0.0243903 -0.0196441 -0.010905 -0.0062206 0.012416 -0.0280903 -0.0209863 -0.00468437 0.0374249 -0.0442913 -0.018285 -0.00139405 -0.00216867 -0.0114681 0.0139506 0.00112437 0.000230367 -0.00490752 0.00134092 0.0145261 0.0348029 -0.0028614 -0.00143515 0.00437287 -0.0145363 -0.00842099 -0.0172171 -0.00447189 -0.0209637 -0.00512258 0.00177118 -0.00206726 -0.0068608 0.0452116 0.0228011 0.0691906 0.0127813 0.00479886 -0.0407832 -0.0176285 -0.0108344 
0.00148938 -0.0140379 -0.00153064 0.00185481 0.000634356 -0.000282159 -0.00434783 -0.000453088 -0.00170373 0.000361282 -0.0100388 -0.00285686 0.00246407 -0.01784 -0.000375392 -0.00491857 -0.00278123 -0.00230428 -0.000751847 0.000803192 -0.000885361 -0.00224541 0.00307782 0.00888398 0.0034382 0.0638587 0.00815658 0.00370452 0.00228511 -0.00289397 -0.00128398 -0.00475709 -0.000943944 -0.00835897 -0.00154769 0.000339743 0.00215057 -0.00320915 -0.0101546 -0.000814693 0.00223944 -0.0012454 -0.00457149 0.00536332 -0.00859728 0.000286992 8.76913e-05 -0.00156441 0.000364069 0.00213577 0.00427742 0.00929279 -0.000439823 0.00186913 -0.000291439 -0.00281658 0.00346672 0.00590099 -0.0028008 0.00655086 0.00557202 0.000629906 0.00123123 -0.0019421 -0.000208772 -0.000252146 0.00901404 -0.00036892 -0.000243154 0.00385003 -0.000262278 -0.000970524 0.000561793 0.00111716 -0.000728019 0.000677941 -7.64425e-05 -0.000152501 -0.0131702 -7.37378e-05 -0.000118723 5.10766e-05 -0.000799071 -0.000945445 -0.000464318 0.00421387 -0.000509 0.00580599 -0.000215967 0.00241714 -0.000376072 0.000959582 -0.0106876 -0.0178349 -0.00690415 0.00854824 0.00389852 -0.0150859 0.00194815 0.000200162 
-0.0416473 -0.0196146 -0.0108501 -0.00325855 -0.00936184 -0.00385382 -0.037546 -0.00248809 -0.00465486 -0.00960417 0.00873297 0.000457313 -0.00938142 0.0333286 -0.00410868 0.0268257 0.00253148 -0.00926181 0.000643761 0.00314628 -0.0259823 -0.0106687 0.0139535 -0.0134618 0.0113908 0.00815658 0.23653 0.0227963 0.0193076 -0.00815017 -0.0115567 -0.00441982 -0.00201856 0.0138207 -0.017612 -0.00150007 -0.00322506 -0.014512 0.00711901 -0.00552746 -0.015755 -0.0161079 -0.0132483 -0.00672743 0.0348219 -0.0202394 -0.00337844 -0.0098762 0.00405022 -0.00698503 5.36421e-05 0.0331032 -0.00329917 0.0883503 -0.000993468 -0.0128261 -0.000992901 0.0145874 -0.00842301 -0.0212107 -0.0177852 -0.0112025 -0.000785776 -0.000629485 -0.0129168 -0.00786832 -0.00234798 -0.0107641 -0.0143132 -0.00495521 -0.000537929 0.00942324 0.0314793 -0.0102145 -0.00360448 -0.00384287 -0.0104637 0.00168236 -0.0108065 -0.0227222 -0.00202388 0.000206355 -0.00816384 -0.0207021 0.000684821 4.13246e-05 -0.00613899 -0.00318809 -0.00682825 -0.00160124 9.78773e-05 0.018719 0.02643 0.0300013 0.0216639 0.0344734 -0.0485009 -0.0569134 -0.0200274 -0.0144325 
-0.0413739 -0.0293777 -0.00445062 -0.000657889 -0.00200133 -0.00434138 -0.00414448 -0.00286828 -0.00998086 -0.00309515 0.0552464 -0.00924065 0.000813906 0.0196167 -0.00224119 0.000428022 -0.010707 -0.0116186 0.00280452 -0.0148547 7.20291e-05 -0.0235817 -0.0101041 0.0330284 -0.0093131 0.00370452 0.0227963 0.201262 0.0415412 -0.00644602 -0.000592186 -0.00829759 0.00105827 -0.0021932 -0.0119168 -0.0036674 0.000286126 -0.0121464 0.0375868 -0.00260044 -0.000321324 -0.00727194 -0.0237654 -0.00232519 0.0228597 -0.0330682 -0.0106528 -0.013532 0.00889229 -0.00872703 0.0160576 0.0245754 -0.00367861 0.00101893 0.0102156 0.00362254 -0.005026 -0.0123159 0.0117709 4.3546e-05 0.0183028 -0.00976292 -0.00319811 -0.0127784 0.000943684 -0.0142043 0.000773907 -0.0546981 -0.00589971 0.000395762 -0.000746306 -0.00406431 -0.0142666 -0.0124473 -0.00147969 0.00202001 0.00474342 -0.00259386 0.0143032 -0.0264462 -0.0031732 0.000217136 -0.00607801 0.0256932 -0.00187378 -0.00116319 -0.0022282 0.000778919 -0.00721079 -0.00291625 0.00144166 -0.00518155 0.00610802 -0.00606066 -0.0285206 -0.00929664 -0.0224569 0.0164082 0.00860815 0.00120319 
-0.0173029 -0.00761587 -0.000454886 0.00130834 -0.00541459 -0.00357955 0.00482898 0.00104496 -0.012462 -0.00229742 0.0323889 0.00319458 -0.00562058 0.013439 -0.00439402 0.0162617 -0.0166859 -0.00598485 -0.00231322 -0.0201382 0.00355428 -0.015633 0.00587843 0.00597611 0.015489 0.00228511 0.0193076 0.0415412 0.244381 0.00364132 -0.00438793 0.00422924 -0.00312078 0.0119811 -0.020884 -0.000650916 -0.004633 -0.0145795 0.0364 -0.000623607 0.00809805 0.00636832 -0.0330769 -0.00105166 0.00710493 -0.0332757 -0.0119178 -0.0143118 -0.00569308 0.0125141 -0.0196377 -0.0174794 -0.00281741 0.0133968 -0.0018311 -0.00233313 -0.00272436 -0.0125742 -0.00836586 0.00245485 -0.0100092 -0.00763365 0.00149536 -0.00768354 0.00640067 -0.0631131 -0.00231859 -0.0304598 -0.0164855 -0.00285582 -4.35173e-05 0.00128682 -0.0204112 -0.00876433 0.000207861 3.04154e-05 0.0135929 0.00473574 0.013197 0.00226559 0.00357065 -0.00116804 -0.00100626 -0.00278017 -0.00449075 -0.0116398 -0.00627662 -0.00187603 -0.00352277 0.000425175 -0.00470199 -0.00547558 0.0209775 0.016302 -0.0089968 0.0119773 -0.0442157 0.00478468 -0.00909851 -0.00742389 
-0.00668744 -0.00799332 0.00118698 -2.08337e-05 0.00210243 -0.0006636 0.00115169 0.00153357 0.00148224 -0.00161427 -0.0029542 0.00173275 -0.00039028 0.00262021 0.000952273 -0.00189995 -0.000870071 -0.000664459 0.000459922 -0.00336058 0.000196711 0.00708981 0.0011407 -0.00924877 -0.00871662 -0.00289397 -0.00815017 -0.00644602 0.00364132 0.0501037 0.00287022 0.00603262 -0.00068288 0.00393126 0.00569514 0.00150253 -0.000572293 0.00077754 0.0106495 0.00175782 0.00618242 -0.00034024 0.00172919 -0.00059947 0.0025681 -0.00490997 -0.00117511 0.000666178 0.000452633 -0.00111035 -0.00489499 -0.00691441 0.00179451 -0.00560228 -7.82817e-05 -0.000210599 -0.000817576 -0.000108652 0.000163153 0.00147126 -0.00207587 -0.000280729 -0.000920317 -0.00243855 -0.00144679 -0.00251695 -0.000817092 -0.00755473 0.00210924 -0.000851305 6.5238e-05 -0.000237263 -0.00537286 -0.00171072 -0.00074295 0.000132023 0.00123142 1.05628e-05 -0.00281068 -0.00244287 0.00185587 -7.66982e-05 -0.000508531 -0.00361921 -0.00031711 -0.000399398 -0.00059421 -0.0023585 -0.000854241 -0.000384865 0.000886655 0.00339128 -0.00461628 0.000594676 -0.00222307 -0.00532692 -0.00566422 0.0152873 -0.00151964 0.00207159 
-0.00538265 -0.00816938 0.000297554 -8.87093e-05 -0.000683239 0.00127935 -0.00540949 0.000527033 -0.000449341 0.00124832 0.000510198 -0.000262578 0.000828585 -0.0115349 -0.000212733 -0.00986455 -0.00061181 0.00179823 -2.13327e-05 -0.00280056 -0.00330199 -0.0032301 -0.000614562 0.00328847 -0.00884189 -0.00128398 -0.0115567 -0.000592186 -0.00438793 0.00287022 0.0476085 -0.00194566 0.00226203 -0.00483521 0.00515637 -0.000295552 0.00163359 -0.00135627 0.00266234 0.00184074 -0.00332902 -0.000490924 0.00170783 -0.000228372 0.00257707 -0.00119155 0.00258777 0.00385822 0.00166249 -0.00031929 0.000512779 -0.00193172 0.00101398 -0.0158606 -0.000666116 0.000551795 0.000800393 -0.00012499 0.00355182 0.000665803 0.00286871 -0.000840927 -0.000267378 -0.00150941 0.000529252 0.000392172 -2.98196e-05 0.00298647 0.00628761 0.0035204 0.000509923 0.00171179 -0.00379314 0.00332788 0.00108508 0.00132722 0.00236003 -0.000709588 -0.00436139 0.00305687 6.15259e-05 -8.4976e-05 -0.000465721 0.00192285 0.000584024 0.00229826 0.000181322 0.00194179 0.00235519 -0.00046209 0.00311508 -0.000812939 -0.0148949 -0.00430504 -0.000563761 -0.0031094 0.00245721 0.00299102 0.00225932 0.00465386 
-0.0232275 -0.00663304 -0.00198255 -0.000560417 0.00348934 -0.00062245 0.0148209 -0.000311948 0.00378441 0.00539779 0.000301289 0.0117096 -0.000647338 0.0114929 0.00156151 -0.0161934 -0.00160422 0.00334459 -0.00350078 -0.00661293 -0.00126925 -0.0145917 -0.00217552 0.0174855 -0.023425 -0.00475709 -0.00441982 -0.00829759 0.00422924 0.00603262 -0.00194566 0.108667 -0.00113917 -0.00432411 -0.00067547 0.00104504 -0.000456446 0.00230814 0.00572128 0.000394089 0.0043135 0.00808293 0.0143394 0.000308996 -0.00193597 -0.0110246 -0.00196262 -0.00420789 -0.0027726 0.00342753 0.0103553 -0.00426332 0.00193684 -0.00526806 -0.00303452 -0.00119255 -0.000166319 0.00245216 -0.00427881 0.00477024 -0.0142702 -0.00243553 0.00743096 2.02984e-05 -0.00168172 0.000437571 -0.000467642 -0.0195909 -0.00133009 -0.00376529 -0.000238659 -0.00222018 0.00867771 -0.00117097 -0.00160779 -0.00159595 -0.000774021 0.00529715 -0.0115061 -0.00471449 -4.4202e-05 -0.000556203 0.000954495 -0.00948881 0.00373578 -0.00241541 0.0071215 0.006312 -0.00148993 -0.00211055 -0.00138356 0.000553338 -0.00505184 -0.00951516 -0.00748593 -0.0139817 -0.016432 0.0218485 -0.00690783 -0.00044793 
-0.00663321 -0.00671905 1.61992e-05 0.000141513 -0.00116282 0.000118701 -0.00676602 0.00127901 0.000610366 -0.00112564 -0.00898289 -0.000761189 -0.000887409 -0.0147687 -0.000497383 -0.00944183 -0.00190608 -0.00135413 0.00153632 0.00127201 0.00323337 0.0071193 7.56662e-06 0.00558413 0.00610643 -0.000943944 -0.00201856 0.00105827 -0.00312078 -0.00068288 0.00226203 -0.00113917 0.035767 -0.00459383 0.00165063 0.000789682 0.000253969 -0.00102988 -0.00623101 -0.000376164 -0.00301179 0.000459413 -0.000785534 0.00158249 0.00738531 -0.000444077 0.00382963 0.000204192 -3.90724e-05 0.0084715 0.00790577 0.00699722 0.00207838 -0.0032318 -0.000870412 -0.000884972 0.00184907 5.34419e-05 -0.00271967 -0.00197892 9.07205e-05 -0.00160775 0.000771496 8.72435e-05 0.00174016 -7.30707e-05 -0.000476361 -0.00503723 -0.00116355 -0.000125824 -4.42349e-05 -0.000797108 -0.00668439 0.00197663 0.00251265 0.000191613 -0.000787757 4.98218e-05 -0.0082 -0.0019947 0.000120525 0.000607576 0.00370195 0.00580268 0.00132256 0.000497833 0.000474533 0.00144832 0.00325197 -0.000403642 0.00164728 -0.00103814 -0.00668051 -0.0132606 0.00228978 -0.00090554 0.0034745 0.00274769 0.000133932 -0.000175107 
0.0184857 0.0317529 0.00606401 0.00308429 -0.00475972 0.00333455 -0.0147361 -0.00133911 0.0035794 0.0001364 0.000741931 0.000987177 -0.00718911 0.049289 -0.00250483 0.066919 0.000279535 0.00270646 -0.000256659 -0.00518482 -0.0111204 -0.0353044 0.00647282 -0.0500163 0.00188 -0.00835897 0.0138207 -0.0021932 0.0119811 0.00393126 -0.00483521 -0.00432411 -0.00459383 0.135131 0.00708451 0.00346078 -0.00240489 -0.00580765 0.00580137 -0.000443209 -0.0111399 -0.00566304 -0.0124518 -0.00257639 -0.0440505 -0.0135978 -0.0088404 -0.00695779 -0.00169356 -0.00901716 -0.0258104 -0.00818146 -0.00170145 0.0155875 -0.00139122 -0.00546616 -0.00201005 -0.0118363 -0.0131633 -0.00900871 -0.0162758 0.00405285 -0.000120757 -0.00441598 -0.0109358 -0.02729 -0.000751054 0.0144061 -0.00293955 -0.00469114 -0.000906245 -0.00124663 -0.00928336 -0.00500759 0.00137544 -0.000176761 0.00454913 0.00158669 0.0613079 -0.0148151 0.00268148 -2.24781e-05 -0.00143143 -0.0157328 -0.0010311 -0.00340331 -0.00454019 -0.0061332 -0.000954453 0.000915336 0.00141793 0.00563865 0.0048514 0.0521459 -0.0101487 0.0222023 -0.0274689 -0.0273013 -0.00527826 -0.00741125 
