0.0883041 0.00342309 -0.0027369 -0.00115688 -0.00243188 -0.00201474 -0.0011175 0.00770196 -0.000847833 -0.00118621 -0.00541475 0.00372577 0.00237365 -0.00700172 -0.00192821 -0.000299533 0.00255037 0.00553576 -0.000987186 0.0103052 -0.000394648 -0.0112902 0.0016375 0.00382268 0.000421622 5.14994e-05 -0.000548169 -0.00407658 0.0166303 -0.0118797 -0.000942036 -0.0263767 -0.00234465 0.00160428 0.00141234 -0.00847556 0.00259101 -0.00235775 -0.00488098 -0.000569918 -0.0132871 0.0121966 -0.0102775 -0.00153819 -0.00344723 -0.0169304 -0.00383983 -0.0104001 0.00310966 -0.00714739 -0.00564049 -0.00187776 0.0142623 -0.00387614 0.00028577 -0.000634783 -0.00419626 0.00318586 -0.00824893 -0.000885116 -0.003438 0.000402421 0.000813155 0.00277733 -0.0102065 0.00598603 -4.83099e-05 -0.00077694 -0.000194068 -0.00252146 -0.00792453 0.00389954 0.0198358 -0.010245 0.00856727 -0.00083564 -0.00356211 0.00100762 0.00172615 -0.015207 -0.0132138 -0.00173135 0.0114262 -0.00142154 0.0179504 0.000999587 -0.0126694 -0.000763632 0.0133431 0.00258815 -0.000695129 -0.00864215 0.00205658 -0.0111371 0.000436754 -0.0012303 0.0237917 -0.000924519 -0.00095993 -0.000903243 
0.00342309 0.0485166 0.00515926 -0.00141099 -0.00927102 -0.000739781 0.000602008 0.00391088 -0.000632943 0.00304074 -0.000524361 0.00177846 0.00428036 -0.00157881 0.000987236 -0.000908898 -0.00152071 0.00333295 -0.000226036 0.00736607 -0.000952824 -0.00563402 0.000353279 0.0031331 0.00209459 0.00340793 2.08599e-05 0.00230174 -0.000929057 -0.00232879 0.000608262 -0.00936312 0.00269309 -0.000443637 -0.00532174 0.00662761 -0.00106683 -0.00162216 -0.000185746 -0.000480634 -0.0127294 9.00922e-05 -0.000296307 -0.00318781 -0.000519845 -0.0114767 0.000613422 -0.00253446 -0.00209555 -2.67567e-05 -0.000525041 0.00280561 -0.00171156 0.00811062 0.000540183 -0.000100392 0.0039782 -0.00234927 -0.00500451 -0.000655487 0.000207957 0.000614986 0.00246176 0.00138864 -0.0123574 0.00532281 4.98209e-05 -0.000153865 0.000526033 0.0032345 -0.00228492 0.000887684 0.00749297 -0.00610132 -0.000136798 0.00569813 -0.00139218 0.00471735 0.00301829 -0.0173192 -0.0122006 -0.0056542 0.0134343 0.00394642 -0.00442335 0.000442898 -0.00229376 -0.00414123 0.00123869 0.00522568 -0.0011736 0.00035932 -0.0038944 -0.0151373 -0.0012779 -0.000522701 -0.00695124 0.00406173 0.000614624 0.00105049 
-0.0027369 0.00515926 0.142828 -0.00468779 -0.0299616 0.00898514 0.00968746 -0.00742366 0.0040832 -0.00339073 0.0100088 0.0069871 0.00324227 -0.00236801 0.010732 -0.00106846 -0.00413841 -0.00799858 -0.00182726 -0.00630069 0.00552609 -0.000781474 -0.00629912 0.00380289 0.0105012 -0.00287569 0.0048706 -0.00821867 -0.019299 0.0382238 -0.000842508 0.0131462 0.00568326 0.00508175 0.0116719 0.0123491 -0.00802231 0.0107782 -0.00525663 -0.00983275 -0.0331588 -0.00653868 0.00379013 -0.00187949 0.00703623 -0.0290051 0.00282181 0.000261392 -0.00241782 0.0179688 -0.0114205 0.00144071 0.0137672 0.0025537 0.000260182 -0.00172119 -0.00967086 0.00559848 -0.0158523 0.000283227 -0.00251604 0.00536938 0.000785399 -0.00121061 0.0215639 -0.00188301 0.000131563 -9.22398e-05 -0.0013263 -0.0120796 -0.014139 0.00400923 0.0101358 -0.0213745 0.00535169 -0.000881954 0.0050683 -0.00104209 -0.0118769 -0.0412406 -0.00581528 -0.0278916 -0.00155501 -7.58791e-05 -0.0276681 0.00266567 -0.00342682 0.012286 -0.0039736 0.0171253 0.0147978 -0.013305 -0.00862079 -0.0431797 0.0511701 0.00617206 -0.0453268 0.00233035 -0.00141923 -0.00117717 
-0.00115688 -0.00141099 -0.00468779 0.0658757 -0.000824188 0.00695244 -0.000136124 0.00408055 -0.00175025 -0.000801754 4.46211e-05 0.000719914 -0.00129701 0.00589997 -0.000454086 -1.85664e-05 0.0027097 -0.000879252 0.00157194 -0.00371328 -0.000804654 0.00393039 0.00293868 -0.000607451 -0.00220026 -0.000191231 -0.00326913 -0.000849196 -0.00637187 -0.000204305 -5.49609e-05 -0.00396959 -0.00222888 -0.000779227 0.000392923 -0.00348124 0.00261134 0.00281914 -0.00117797 -0.0051416 -0.00680089 0.000779188 -0.00171217 0.000861705 -0.000871651 0.00207833 -0.000380874 0.00168127 0.000165922 -0.00165812 -0.0015339 -0.00165807 0.000685627 -0.0020737 0.00068174 0.000618371 -0.00195577 -0.000458511 0.000698821 0.00101498 -0.00444055 -0.000641922 -0.00149016 -0.000621144 -0.00248415 -0.000284888 2.2115e-06 -0.000974121 0.00065782 -0.000990055 -0.00110476 -0.0018474 0.00614084 -0.00449128 0.00355751 -0.000260706 0.000705039 -0.000234737 -0.00382423 -0.00224736 0.00181971 -0.00491991 -0.00815143 -0.000895189 -0.00411532 0.00251425 0.00272471 -0.00287357 0.00388704 -0.00152328 -0.00259855 -0.000329621 0.00181583 -0.00454016 -0.0042237 -0.00242375 -0.00246196 -0.00112453 -0.00127464 0.00132026 
-0.00243188 -0.00927102 -0.0299616 -0.000824188 0.242304 -0.00596797 -0.00576923 -0.0281874 -0.0197106 -0.0120367 -0.0246164 -0.00625777 -0.00851566 -0.0198234 -0.010217 -0.013381 -0.00190152 -0.0246874 -0.00727046 -0.0324604 -0.0176358 -0.00981385 -0.0188164 -0.0284098 -0.0422209 -0.000909016 -0.0266734 -0.00171906 0.0152327 -0.0274141 -0.00478015 0.0743685 -0.0183272 -0.0073517 0.0204019 0.00459417 0.00504753 -0.0711563 -0.00608251 0.0187301 0.100858 -0.0169545 -0.00853527 -0.0280866 -0.00973414 0.0476873 -0.00146579 0.0102297 -0.0120447 -0.0255238 0.000140622 -0.0151 -0.0708166 -0.00801761 -0.0041165 -0.00155739 -0.0275216 -0.00201245 0.0458521 -0.00576914 -0.0174305 -0.0109534 -0.00583611 -0.00136979 0.11074 -0.00856272 -0.000691214 -0.0116168 -0.00349446 -0.0124476 0.00612361 -0.000634658 -0.064762 0.0533573 -0.0428843 0.00121672 -0.00661845 -0.00760754 0.00235563 0.113562 0.0794208 0.101595 -0.0881071 0.000766671 0.028145 0.001535 -0.00896374 0.00582074 -0.0200861 -0.0238625 -0.0271414 0.000595013 -0.0256241 0.0559692 -0.0502322 -0.0131764 0.0960704 -0.00512403 -0.00475645 0.00112128 
-0.00201474 -0.000739781 0.00898514 0.00695244 -0.00596797 0.147184 -0.00147434 0.00684968 -0.00547533 3.09135e-05 0.0103164 0.00829538 -0.00208706 -0.0161191 0.00215721 -0.00598832 0.000620634 -0.000320307 0.0019459 -0.00497471 0.0018471 0.0258626 -0.000850391 -0.000144918 -0.00343128 -0.00321157 0.0125754 -0.00836783 -0.000334967 -0.00317312 0.00144582 0.0203266 -0.00159597 -0.00038907 -0.00874687 -0.0120338 0.000761797 0.00729347 -0.00898697 0.00146689 -0.0105326 0.00828013 0.00331612 -0.00642499 -0.00342798 -0.0143617 -0.0015399 -0.0133008 0.00343107 -0.00481201 -0.0164494 -0.00475794 -0.00254218 -0.00232554 0.00135419 0.00914253 0.0101687 -0.0129537 -0.0233509 0.000185762 0.00648357 0.00564037 -0.0023463 -0.0032931 -0.00839442 -0.00326913 -6.88112e-05 -0.00250948 -0.000635828 -0.00730217 0.00251579 -0.00306135 0.0114728 -0.00602061 0.00587096 -0.00493063 -0.000685523 -0.00194948 -0.00849602 -0.0109544 -0.000794629 -0.00852525 0.0197283 -0.00316549 -0.0273729 -0.00549967 0.0106981 0.00824075 -0.00968474 -0.0033977 0.00522228 -0.00766469 0.000972499 0.00208139 -0.0122329 -0.000969659 -0.0186002 -0.00192717 -0.00187336 -0.000888554 
-0.0011175 0.000602008 0.00968746 -0.000136124 -0.00576923 -0.00147434 0.0285352 -0.00140469 0.00393846 0.000365128 0.000614666 0.00155829 0.00094073 -0.00355851 0.00461124 0.000675516 7.43438e-06 -0.00193399 0.000627968 1.74874e-05 0.00315288 -0.00196682 -0.00349736 0.00641952 0.00466379 -0.000906849 0.00332906 -0.00200036 -0.00397992 0.00595335 0.00074758 -0.00176489 0.000570192 0.00238341 -0.00245587 -3.38012e-05 -0.00202164 0.00292997 0.00051503 -0.000789878 -0.00702749 -0.00097133 -0.00207196 0.00209809 0.00168821 -0.00845056 0.00309208 -0.00019437 0.00085642 0.00404943 -0.00190806 -0.00105833 0.0058215 0.0022197 5.90456e-05 -7.60854e-05 0.000735649 -0.000426536 -0.00706675 0.000484466 -0.001334 4.11763e-05 -0.000214561 -4.42682e-05 -0.00255361 7.5162e-05 0.0001515 0.000762941 0.000443125 -0.00121167 -1.25131e-05 0.00313345 0.00354883 -0.00330769 0.00300192 0.00123674 0.00104464 -0.000303702 -0.00166067 -0.0125368 -0.00704369 -0.0113024 0.00104485 -0.000411174 -0.00406267 0.000877035 0.000197804 0.00102567 -0.00286289 0.000392094 0.00461883 -0.00323863 -0.000592025 -0.00969702 0.00672681 0.00104756 -0.00800561 0.000199991 0.00118441 -0.000246645 
0.00770196 0.00391088 -0.00742366 0.00408055 -0.0281874 0.00684968 -0.00140469 0.118196 0.00642565 0.00345252 0.00648247 0.00784028 0.00279132 -0.00912112 -0.000703974 -0.00453104 0.00493799 0.0012233 0.00115525 0.0161061 0.000142732 0.0104295 -0.00544662 0.00707971 -0.00144502 -0.00127855 0.0111563 -0.00232138 0.000776857 -0.0195292 0.000656422 -0.0151485 0.00634609 0.000609602 -0.0108813 -0.00109056 -0.00218422 0.0126479 -0.00295994 -0.00131691 -0.00246105 0.0123557 0.00091832 0.011494 -0.00160145 -0.0281269 -0.000111236 -0.00979626 -0.000613993 -0.00544354 0.00208131 0.00483494 0.0155907 -0.000269637 0.00227946 0.00175589 0.00863639 -0.00369685 -0.0075449 -0.000109535 0.0186066 0.00356292 0.00353201 0.00039557 -0.0238778 0.00807819 8.27556e-05 0.00268243 -2.81572e-05 0.0198797 -0.00815648 0.00276162 0.00345157 -0.0117705 -0.00361407 0.00291488 -0.00479044 0.00356918 -0.00182426 -0.0384542 -0.0381049 -0.0257052 0.0328273 -0.00109385 -0.00588023 0.00590005 -0.0136599 -0.0121475 -0.00126403 -0.00463578 0.00963583 0.00770845 -0.00375729 -0.0373428 0.00069027 -0.00363534 -0.0160004 0.004453 -0.00422162 0.00303608 
-0.000847833 -0.000632943 0.0040832 -0.00175025 -0.0197106 -0.00547533 0.00393846 0.00642565 0.0661919 0.0004749 0.00637894 -0.00174385 0.00136899 -0.0044746 0.00324547 0.0114354 0.00152905 0.00158188 -0.000403804 0.0129526 0.00908014 -0.000527756 -0.00868958 0.0145065 0.0097451 0.00066255 0.00878834 -0.0032311 -0.00279454 0.000790906 0.00118364 -0.0119349 -0.000588633 0.00109234 0.00260915 -0.00257261 -0.00346103 0.00800149 0.00909077 -0.000322617 -0.00550392 0.00150322 -0.00472077 0.00668696 0.00335267 -0.00329062 -0.00191748 -0.000216405 0.00690939 -0.000539139 0.00511736 -0.000331627 0.0113303 -0.00110747 -0.00115276 0.000423893 0.000815585 -0.000816427 -0.0184092 0.000997399 -0.00101891 -0.00100125 0.000464249 -1.0606e-05 -0.0241816 0.00348974 0.000225175 0.00279713 0.000484967 -0.00104773 -0.00245011 0.00846897 0.0096301 -0.00916841 0.0130299 -0.000390974 0.00163383 -0.00210421 -0.00579218 -0.0313192 -0.0255207 -0.0218199 0.00521731 -0.000601566 -0.0037819 0.0033435 -0.00498289 -0.00307065 -0.00287479 0.00311774 0.0064658 -0.00685404 -0.00457743 -0.021863 0.0109441 -0.000157892 -0.0136707 0.0012978 0.0028079 -0.000283964 
-0.00118621 0.00304074 -0.00339073 -0.000801754 -0.0120367 3.09135e-05 0.000365128 0.00345252 0.0004749 0.0374337 -0.00148525 0.000940083 0.00170216 -0.0052044 0.00107513 5.29903e-05 0.00126582 0.00469312 -0.000274884 0.0127521 -0.000587468 -0.00342979 -0.000838216 0.000754831 -0.000165602 9.10213e-05 0.00432417 -0.00131722 -0.00221929 -0.00145298 0.0017752 -0.0110908 0.000281464 0.00165101 -0.00714803 0.00529579 -0.000198639 -0.00259562 0.00412829 -0.0024769 -0.00788621 0.000970524 -0.00212646 0.00218539 0.00252617 0.00359737 0.00231535 9.61423e-05 -0.000378528 0.00146185 0.00282586 0.0053229 -0.00768113 0.00443384 0.000826291 -0.000363167 0.000284668 -0.00195515 -0.00973855 0.00159622 0.00593869 -0.00101653 0.000257685 0.000855506 -0.0144681 -0.000600114 0.000155405 0.00234056 0.000667615 0.0062942 -0.00054333 -0.000671489 0.00337477 -0.00494321 -0.00101237 0.00745564 -0.0016658 0.00428493 0.00335198 -0.0132128 -0.0163636 -0.00283067 0.0169696 0.00107176 -0.00637283 -0.00146339 0.00759813 -0.00305669 -0.00361674 0.0028852 -0.00161036 0.00728718 -0.00263235 -0.0128809 -5.46859e-05 -0.0015537 -0.00951601 0.00059116 -0.000658382 0.00336991 
-0.00541475 -0.000524361 0.0100088 4.46211e-05 -0.0246164 0.0103164 0.000614666 0.00648247 0.00637894 -0.00148525 0.0823815 -0.00152096 -0.00108491 -0.000117221 0.0024076 0.00309713 -0.0019661 -0.00574396 0.000272407 -0.00700157 0.00660385 0.0154999 -0.00525439 0.0039977 0.00707709 0.000544896 0.00599338 0.000523547 0.00244199 0.00906849 0.000416479 -0.00327357 0.00386507 -0.000695945 -0.000255128 -0.00863903 0.000521635 0.0224927 -0.00386304 -0.00545978 -0.0197786 0.000802827 0.0186798 -0.00241994 0.00168166 -0.0141951 0.00364782 0.00205029 0.000115062 0.012522 -0.00794838 -0.0041242 0.0230591 -0.00514406 -0.000558564 -0.00120921 0.0084095 0.000295308 0.00156878 0.0020664 0.00864199 0.00880949 0.0012342 -0.000227851 -0.0195379 -0.00141713 0.000317404 -0.000696329 -0.000810815 -0.00443875 -0.000995298 0.00154306 -0.00740359 -0.0121253 0.0062312 -0.00349909 0.0085657 -0.00276445 -0.00804088 -0.0314667 -0.0125175 -0.0313652 -0.00612608 -0.001199 -0.0175238 -0.00160072 -0.00774469 -0.0100504 0.00468761 0.00387116 0.0161016 -0.00672241 0.00280461 -0.0151703 0.00899399 0.01166 -0.0278027 0.00312234 0.00208657 -0.00107936 
0.00372577 0.00177846 0.0069871 0.000719914 -0.00625777 0.00829538 0.00155829 0.00784028 -0.00174385 0.000940083 -0.00152096 0.0944631 -0.0011731 -0.00980612 0.00485714 -0.00304726 0.000149557 0.00159628 -0.000242525 0.00949319 0.00717003 5.67514e-05 -0.0001614 0.0110297 0.00533537 -0.0015347 0.0100895 0.00243303 0.0010397 -0.00757997 0.000393864 -0.0103808 0.001606 0.0024088 -0.017674 0.000675372 -0.00359992 0.00639707 -0.00393443 0.00171183 -0.00202875 0.00935821 -0.0049806 -0.00765449 0.00010758 -0.0212799 0.00155658 -0.010476 -0.00198669 0.0010701 -0.00864893 -0.00386355 -0.00195961 -9.62533e-05 0.00544725 0.00102423 0.00100754 -0.00279609 -0.0225775 -0.000231472 -0.00342183 0.000505436 0.00279428 0.00207762 -0.00331818 0.000999282 6.29591e-05 0.00055961 -0.000799591 0.000151744 -0.0130438 0.000641059 0.007718 0.00698863 -0.00653786 0.00393263 -0.00671643 0.00410741 0.00394332 -0.0180132 -0.0152625 -0.0128901 0.017969 -0.00103114 -0.00138677 0.00547689 -0.00673265 0.00705201 -0.00843126 0.00219843 0.00653284 -0.00379636 -0.000538251 -0.0220267 -0.000669536 -0.00417071 -0.00250982 0.00184699 0.00112418 -0.000471779 
0.00237365 0.00428036 0.00324227 -0.00129701 -0.00851566 -0.00208706 0.00094073 0.00279132 0.00136899 0.00170216 -0.00108491 -0.0011731 0.0311018 0.000420223 -8.91991e-05 0.00148102 0.00265922 0.000498334 -0.000442663 0.0016208 0.00144798 -0.000810201 -0.00316732 0.00373768 0.0066569 0.00132638 0.000337763 -0.00124955 -0.00362297 -0.00168968 0.000630672 -0.00736524 1.86168e-05 0.00168836 0.000698407 0.00115025 -0.000942467 -0.00366669 0.000974705 0.00043222 -0.00752881 0.000657286 -0.00246812 0.0012141 -0.0002579 -0.00664094 -0.00051865 -0.0016526 -0.00115974 0.000437764 0.00571626 0.00636173 0.00357649 0.000158454 -0.000287065 0.000377577 0.00174439 -0.00124156 -0.00768761 0.00214104 0.000567598 -0.000636728 0.00278029 0.000956195 -0.00996351 0.00597227 3.70594e-05 0.000437336 -3.76951e-05 -0.00180811 0.00104821 0.000615804 0.00594678 -0.00414023 0.00286864 -0.000142864 0.000639903 -0.000655133 -0.00167378 -0.0130832 -0.0136576 -0.0103959 0.00894459 -7.05752e-05 -0.00563367 0.00123906 0.00302641 -0.0020981 -0.0019197 0.00902579 0.00306195 -0.00231594 -0.00107733 -0.0120319 0.0109313 0.000833017 -0.00889363 0.00142169 0.00146102 -0.00089843 
-0.00700172 -0.00157881 -0.00236801 0.00589997 -0.0198234 -0.0161191 -0.00355851 -0.00912112 -0.0044746 -0.0052044 -0.000117221 -0.00980612 0.000420223 0.195155 -0.00443838 0.00899868 -0.00444307 -0.000914085 0.00358129 0.00571081 -0.00974109 0.011916 0.019499 -0.0102763 -0.00898207 0.00203329 -0.0184252 -0.0140856 -0.026967 0.0358247 -0.0024684 -0.0235093 -0.0038852 -0.00229924 0.000716492 -0.013994 0.0167627 0.0145674 -0.0060007 -0.0109917 -0.0165798 -0.0120801 -0.0193829 0.0103926 0.000557713 -0.00803723 -0.0055758 0.00971361 0.00661292 -0.00124019 0.0076007 0.00688806 -0.00699033 -0.0150499 0.000445713 -0.00316056 -0.0157558 0.0112644 0.0155263 -0.00191032 -0.010816 -0.00337155 0.000762332 -0.00193709 -0.0157123 0.00121236 1.72551e-05 -0.00286865 -0.0020324 -0.00550046 -0.0208462 -0.00369034 0.0138803 -0.0227707 0.0137874 -0.00911718 0.00252923 -0.00773938 0.000557843 0.00979178 0.0042966 0.0110444 -0.0111465 -0.00297498 0.0112008 0.00464944 0.0114256 -0.0150225 0.00880618 0.00227974 -0.0174713 -0.0101471 0.00829333 0.0217208 0.00640805 -0.000699078 -0.00659645 0.00444944 -0.00586724 -0.00451604 
-0.00192821 0.000987236 0.010732 -0.000454086 -0.010217 0.00215721 0.00461124 -0.000703974 0.00324547 0.00107513 0.0024076 0.00485714 -8.91991e-05 -0.00443838 0.0379965 0.000621478 0.00135252 0.000547386 8.64144e-05 0.00195864 0.0084318 -0.0059223 -0.0045868 0.0100294 0.00713533 -0.00134605 0.00270876 -0.00303859 -0.00586621 0.0078486 0.00270089 -0.0102556 0.00845666 0.00313703 -0.00558281 0.00433507 -0.00250987 -0.00202193 0.000714751 -0.0027595 -0.0109589 -0.000788897 0.00345981 0.00642572 0.00491563 -0.00556562 0.0028753 0.00139448 -0.00197036 0.00745206 -0.00181138 0.000578226 -0.00463803 0.00431132 0.00204848 -0.000742525 0.000222737 0.0012075 -0.0112746 0.00196985 0.00314462 0.00566688 0.00364144 0.000305956 -0.0100765 -0.000924088 5.36913e-05 0.00386519 -0.000331054 -0.00192997 0.000957271 0.000220632 0.000371309 -0.00651889 -0.00174202 0.00251391 0.000862487 -0.000241528 -0.00289077 -0.0199319 -0.0206758 -0.0125883 0.00809892 6.20182e-05 -0.00918411 0.00137741 0.00547 -0.00119026 -0.0053978 0.00610824 0.00508028 -0.00218425 0.000743038 -0.0173062 0.00980755 -0.00027454 -0.0119444 0.000579517 0.000904555 -2.70065e-05 
-0.000299533 -0.000908898 -0.00106846 -1.85664e-05 -0.013381 -0.00598832 0.000675516 -0.00453104 0.0114354 5.29903e-05 0.00309713 -0.00304726 0.00148102 0.00899868 0.000621478 0.0510556 0.00242916 -0.000847143 0.0021706 0.00214465 0.00449894 -0.00518375 0.00363226 -0.000631952 -0.000661544 0.00100616 -0.00269653 -0.0019202 -0.00362715 0.00157734 -0.000237324 -0.0158383 -0.000466343 0.000109505 0.00577955 -0.00279208 -0.000126043 0.00307 0.0114093 -0.00313149 -0.0108562 -0.00175018 -0.00529079 0.00172826 0.001182 0.00227461 0.00184881 0.00403667 0.00224494 0.00357153 0.0051745 0.00173027 0.0136099 -0.000333497 -0.000135444 0.000138081 -0.00270401 0.0006114 -0.0101407 0.00051984 -0.00278138 -0.000130388 -0.000354422 0.000688115 -0.0179851 -0.000102421 0.000336406 0.000110132 0.000662664 0.00229529 -0.000147456 0.0028027 0.000911661 -0.00799556 0.0132107 -0.00119415 0.00324331 -0.00104367 -0.000622842 -0.00980175 -0.0101636 -0.0109239 -0.0030146 -0.000808165 -0.00168168 -0.00124101 -0.00119036 0.000123201 0.00520521 0.00123578 0.00268488 -0.00751339 0.00233704 -0.00968143 0.000205877 0.00119037 -0.00651281 0.000429588 0.00230005 -0.000385264 
0.00255037 -0.00152071 -0.00413841 0.0027097 -0.00190152 0.000620634 7.43438e-06 0.00493799 0.00152905 0.00126582 -0.0019661 0.000149557 0.00265922 -0.00444307 0.00135252 0.00242916 0.0682289 -0.00201376 0.000556834 0.000340107 0.00350286 -0.00133024 -0.00336461 0.00915906 0.00766761 0.00369532 0.00819189 -0.00507682 -0.00828997 -0.00436912 0.00024108 -0.0141834 -0.00214059 0.00371182 0.00300421 0.00202374 -0.00343564 -0.0113267 0.00593714 0.000562077 -0.0005304 -0.00127183 -0.0036455 -0.00396177 -2.73066e-05 0.00294268 -0.00161428 -0.0016085 0.00324681 -0.00535285 0.0123834 -0.00293563 0.00581056 -0.00318924 -0.000444912 0.00138642 -0.00202325 0.0095572 -0.00918108 0.00279324 -0.0024413 0.00329694 0.00270738 0.000396966 -0.00501921 0.00470332 4.35741e-05 -0.000540468 0.000148305 -0.00338078 -0.00227962 -0.000317338 0.00284898 0.00480871 -0.0016743 -0.00072191 -0.00339321 -0.00215572 -0.00392854 -0.00782184 -0.0106267 -0.014332 -0.00159114 -0.00129918 -0.00967664 -0.000993634 -0.00268187 -0.00337616 -0.00420411 0.00358208 0.00516798 -0.00802857 -0.00398866 -0.0155173 0.00809426 0.00157211 0.00190399 -0.000643469 0.00185731 -0.000365622 
0.00553576 0.00333295 -0.00799858 -0.000879252 -0.0246874 -0.000320307 -0.00193399 0.0012233 0.00158188 0.00469312 -0.00574396 0.00159628 0.000498334 -0.000914085 0.000547386 -0.000847143 -0.00201376 0.0861169 -0.000189184 0.0223748 -0.00304164 -0.00104668 0.0104822 0.0118388 0.00389409 0.0013391 -0.0012429 -0.000746907 -0.00512206 -0.00339435 0.000667139 -0.0319451 0.00955393 -0.000560109 -0.00654059 0.00383558 -0.000884813 -0.00162115 0.00255834 -0.0035176 -0.0164706 0.0139172 0.00251056 0.00242148 0.0011732 -0.00895481 -0.00157355 -0.00287044 -0.00428916 -0.00223389 0.00246665 0.00515636 -0.00602807 0.00653255 0.000345807 -0.00179499 0.00211038 -0.00366726 -0.0139386 0.00159333 0.00243453 0.00154938 0.000970318 -0.000326163 -0.0323326 0.00247725 -3.32209e-05 -0.00143743 -0.000671017 0.00436217 -0.00428812 -0.0023781 0.0195319 -0.0115445 0.00632875 0.00165717 -0.00518032 0.00514302 0.00942798 -0.0211472 -0.0251071 -0.00130929 0.0368385 0.00129937 -0.000281792 -0.0026217 0.00408722 0.00158974 0.000232837 0.00717006 -0.00403899 0.00516847 -0.00413463 -0.0286827 0.00158048 -0.0030854 -0.00304224 -0.000795192 -0.00173126 -0.000564698 
-0.000987186 -0.000226036 -0.00182726 0.00157194 -0.00727046 0.0019459 0.000627968 0.00115525 -0.000403804 -0.000274884 0.000272407 -0.000242525 -0.000442663 0.00358129 8.64144e-05 0.0021706 0.000556834 -0.000189184 0.0340885 0.00235559 0.00216058 0.00412623 0.000638223 0.00109131 1.58851e-05 0.000997355 0.00504577 -0.00174687 -0.00362122 -0.00384395 0.000763013 -0.00679623 0.000206834 -0.000264145 -0.00502646 0.000846805 -0.000373826 -0.00257152 0.00099223 0.00129997 -0.00213061 0.00283953 -0.00161451 0.00865351 -0.000650152 -0.00170024 -0.000275905 -0.000946625 -0.00121277 -0.00183665 -0.00115488 -0.000662559 -0.00375979 0.0055197 0.00112035 -0.000192917 0.000258705 -0.0014035 -0.00484111 0.00252755 0.00090903 -0.000134185 -0.000668769 0.00033245 -0.0110121 -6.17356e-06 -5.33958e-06 0.000346121 -0.00011334 0.00106606 -0.000979734 -0.00109639 -0.0023519 -0.00254484 -0.00248884 0.000528907 0.000807884 0.000491306 0.00184402 -0.00670133 -0.00690009 -0.00184578 0.00232153 0.000266347 0.00268988 0.000161848 0.00168846 -0.00112022 -0.00330607 0.00134675 0.00147187 0.004227 0.00390813 -0.00324716 -0.00430294 -0.00122677 -0.00428099 0.000611169 0.000220029 6.84005e-05 
0.0103052 0.00736607 -0.00630069 -0.00371328 -0.0324604 -0.00497471 1.74874e-05 0.0161061 0.0129526 0.0127521 -0.00700157 0.00949319 0.0016208 0.00571081 0.00195864 0.00214465 0.000340107 0.0223748 0.00235559 0.0942297 0.000234232 -0.00478348 0.000720451 0.0069902 0.00499954 0.00291078 0.00389432 -0.00615833 -0.00755123 -0.004854 0.0026392 -0.0347498 0.00391136 0.00416839 -0.0194845 0.000332357 -0.00171583 -0.0078781 -0.00176149 -0.00323609 -0.0132633 0.00867018 -0.00845649 0.0258018 0.00559495 -0.0182971 -0.00059869 -0.00281642 0.00720294 -0.00400086 0.00311842 0.00718418 -0.0152214 0.00650024 0.00125848 0.00147186 -0.00658488 -0.00550599 -0.0218519 0.000706018 -0.00216136 -0.00108576 0.00190745 0.000949716 -0.0449083 0.00587525 0.000352097 0.00501189 -0.00033941 0.015335 -0.00574956 0.000798768 0.0301318 -0.015858 0.00803885 0.0153789 -0.00397361 0.0103832 0.0122214 -0.038517 -0.0495924 -0.0021503 0.0422184 0.00266392 0.00692785 -0.00213322 0.00543112 -0.00073393 -0.00727071 0.00229692 -0.0059605 0.00962452 -0.00622259 -0.0339938 -0.000348701 -0.00488445 -0.0124466 0.00372886 -0.00133631 0.00557343 
-0.000394648 -0.000952824 0.00552609 -0.000804654 -0.0176358 0.0018471 0.00315288 0.000142732 0.00908014 -0.000587468 0.00660385 0.00717003 0.00144798 -0.00974109 0.0084318 0.00449894 0.00350286 -0.00304164 0.00216058 0.000234232 0.0577487 0.00972508 -0.00166152 0.0191472 0.0257228 -0.002536 0.00927675 -0.000178022 0.000674483 -0.0065632 0.00182483 -0.0186312 0.00525827 0.00112831 -0.00327631 0.000824185 -0.00340112 0.00748029 0.000796076 0.000825283 -0.0179007 0.00948071 0.00331673 0.00935373 -0.000967469 -0.0132596 0.000382074 -0.00607613 -0.00299553 0.00123537 -0.00644254 -0.00293397 0.0155289 0.00320227 0.00170365 -0.000537876 0.00760855 -0.0031633 -0.0157199 0.00137028 0.00158925 -1.39417e-05 3.52589e-05 0.000269785 -0.0238168 0.00124388 0.000310334 0.00399031 9.94106e-05 -0.00409413 0.000426294 -0.000576296 -0.00537713 -0.0103386 0.00485847 0.000998394 0.00380765 5.84641e-06 -0.00472572 -0.0321882 -0.0186409 -0.0259986 0.00630948 -0.00154467 -0.0120344 0.0056461 -0.00380329 0.00247189 -0.00269624 0.00931181 0.0230508 -0.00675477 0.0045157 -0.0247064 0.0107038 0.0029865 -0.0149297 -0.000444677 0.00353158 -0.0014892 
-0.0112902 -0.00563402 -0.000781474 0.00393039 -0.00981385 0.0258626 -0.00196682 0.0104295 -0.000527756 -0.00342979 0.0154999 5.67514e-05 -0.000810201 0.011916 -0.0059223 -0.00518375 -0.00133024 -0.00104668 0.00412623 -0.00478348 0.00972508 0.197485 0.00274593 0.00729197 0.0259499 -0.00732516 -0.00242199 0.000184506 0.00153243 0.000130197 -0.000485467 0.00752303 0.00318758 -0.00219428 0.010618 0.00257604 0.00878567 0.0105344 -0.00951415 -0.010042 -0.00481387 0.00594742 0.00856054 0.00802079 -0.00860118 0.000487646 -0.00574166 -0.0186067 -0.00689823 -0.0197275 -0.015234 -0.00495843 -0.00691069 -0.000464215 0.00118007 7.89866e-05 0.0205707 -0.010916 -0.00310281 0.00120575 0.0148922 0.00480802 -0.00428762 -0.00379391 -0.00739229 -0.00145485 -6.48229e-05 -0.00299178 -0.00236893 -0.00394188 -0.0201854 -0.00419413 -0.0236564 -0.0184359 -0.00590677 -0.00685334 0.00340476 -0.00674149 -0.014155 -0.0176335 -0.00821255 -0.0218187 0.00164188 -0.00653355 -0.040029 -0.00228009 0.0281819 -0.0197739 -0.0118742 0.00288286 0.0207822 -0.00410226 -0.0166251 0.0137646 -0.00283184 0.00188372 -0.0291054 0.000464812 0.00294911 -0.00407593 
0.0016375 0.000353279 -0.00629912 0.00293868 -0.0188164 -0.000850391 -0.00349736 -0.00544662 -0.00868958 -0.000838216 -0.00525439 -0.0001614 -0.00316732 0.019499 -0.0045868 0.00363226 -0.00336461 0.0104822 0.000638223 0.000720451 -0.00166152 0.00274593 0.146938 -0.00390665 -0.0088623 -0.0040853 -0.0107867 -0.0100027 0.00378168 -0.00652371 -0.00134135 -0.0359666 -0.00128191 0.000486214 0.0292784 -0.013133 0.0104989 0.00459832 -0.00600769 -0.00662876 -0.0373542 -0.00338247 -0.0177492 0.0019962 0.00962043 -0.0351717 0.00416405 -0.0111796 -0.00424601 -0.00673434 -0.017209 -0.00831815 0.00160739 -0.00520945 -0.00142986 -0.00379271 -0.00371796 0.00184488 0.00281852 -0.00329287 0.000887277 0.00254162 -0.00343217 -0.000790265 -0.0109204 -0.00157262 -0.000228004 -0.00377152 -0.0007898 0.00532717 -0.0154719 -0.00494465 0.00166778 -0.0190173 0.0118526 -0.000626784 0.000906023 0.00459259 0.0092698 0.00386725 0.0153782 0.0133736 -0.00630106 -0.00111806 0.0237297 -0.000514854 0.00323767 0.0116548 0.0313509 -0.00768487 -0.000546926 -0.0134874 0.0141685 0.0014453 -1.30403e-05 0.00549289 0.00764613 -0.00123234 -0.0040873 -0.00217092 
0.00382268 0.0031331 0.00380289 -0.000607451 -0.0284098 -0.000144918 0.00641952 0.00707971 0.0145065 0.000754831 0.0039977 0.0110297 0.00373768 -0.0102763 0.0100294 -0.000631952 0.00915906 0.0118388 0.00109131 0.0069902 0.0191472 0.00729197 -0.00390665 0.0872507 0.0302115 -0.00174228 0.0161726 -0.00251799 -0.013692 -0.0019146 0.00248487 -0.0348551 0.00890921 0.00233274 -0.0059983 0.00897779 -0.00571905 0.00663165 0.0037643 -0.000261646 -0.0280768 0.00982244 -0.00129475 0.00276756 0.00105643 -0.0191352 0.000307409 -0.00389733 0.00157203 0.000644756 -0.00537151 -0.0014561 0.00988141 0.0155206 0.00144042 0.000746367 0.0124665 -0.00229458 -0.0245372 0.00267795 0.00560623 0.0036408 0.00612637 -0.000311453 -0.0360019 0.00568432 0.000131907 0.00375396 0.000796168 0.000751269 -0.00225467 0.0025656 0.0153127 -0.0144175 0.000950849 -0.00171943 -0.00542574 -0.000201155 -0.00516323 -0.0495583 -0.0444679 -0.0361327 0.036904 -0.000945966 -0.0159299 0.00824628 0.00453893 -0.00588802 -0.00532731 0.0107672 0.0174064 -0.00391567 -0.00311234 -0.0427923 0.0161281 0.000453836 -0.0225018 0.00173863 0.0037697 -0.00193605 
0.000421622 0.00209459 0.0105012 -0.00220026 -0.0422209 -0.00343128 0.00466379 -0.00144502 0.0097451 -0.000165602 0.00707709 0.00533537 0.0066569 -0.00898207 0.00713533 -0.000661544 0.00766761 0.00389409 1.58851e-05 0.00499954 0.0257228 0.0259499 -0.0088623 0.0302115 0.12769 -0.00641275 0.0199236 -0.000453854 -0.00199334 0.00178106 0.000893693 -0.0324961 0.0103576 0.00143868 -0.00470197 -0.00133062 -0.00850309 0.0220919 -0.00156086 -0.000580496 -0.044899 0.00944593 0.00110882 0.00807105 -0.00224778 -0.0287041 -0.00347641 -0.012348 -0.00670146 -0.00192519 -0.00157607 -0.0048484 0.0406645 -0.00523465 0.00149076 -0.00150467 0.0224595 -0.00240691 -0.0288292 0.00643067 0.00307759 0.00221158 0.00799241 0.00213317 -0.0348448 0.00876951 0.000339386 0.00214265 -0.000582782 -0.0055263 -0.00257898 -0.00321029 0.000394251 -0.0220374 0.00327436 -0.00564696 -0.000888732 -0.00152156 -0.0102781 -0.0487261 -0.0366184 -0.0472266 0.028439 -0.00303659 -0.0337013 0.000621037 0.010167 -0.00336369 0.0022806 0.0248386 0.0339594 -0.0133034 -0.00319467 -0.0339799 0.0469379 0.00627068 -0.0318126 -0.00268414 0.00746125 -0.00178289 
5.14994e-05 0.00340793 -0.00287569 -0.000191231 -0.000909016 -0.00321157 -0.000906849 -0.00127855 0.00066255 9.10213e-05 0.000544896 -0.0015347 0.00132638 0.00203329 -0.00134605 0.00100616 0.00369532 0.0013391 0.000997355 0.00291078 -0.002536 -0.00732516 -0.0040853 -0.00174228 -0.00641275 0.0615981 -0.00439261 -0.000693809 -0.00689075 0.0131303 -0.000499731 -0.00238829 -0.00141194 0.00232186 -0.0116779 -0.00597321 0.00147437 -0.00771643 0.00111856 0.00162983 -0.0032765 -0.000591682 -0.000217604 -0.00325378 -0.000538162 0.00210922 0.000614413 0.0185797 0.000309881 0.00217015 0.013446 0.00508962 -0.00473298 -0.0017037 -7.73164e-05 0.000716767 -0.00544284 -0.00229953 0.00612561 -0.000446912 -0.00441869 -0.000739806 0.00040012 0.00110504 -0.00504809 0.00180654 -3.89839e-05 0.000668967 0.00156204 -0.00186217 0.00574995 0.00199955 0.011647 -0.00201152 -0.00179037 -0.000655808 0.00143972 0.000599978 -0.00266415 -0.00652185 -0.000466508 -0.0100487 -0.00156162 -0.000415663 -0.003946 -0.000873948 -0.00562795 -0.00619092 -0.00284906 -0.00202322 -0.00445696 -0.00572261 -0.00186492 0.00231955 -0.00432703 0.00300698 -0.00363728 -0.000745529 -0.000532863 -0.00118308 
-0.000548169 2.08599e-05 0.0048706 -0.00326913 -0.0266734 0.0125754 0.00332906 0.0111563 0.00878834 0.00432417 0.00599338 0.0100895 0.000337763 -0.0184252 0.00270876 -0.00269653 0.00819189 -0.0012429 0.00504577 0.00389432 0.00927675 -0.00242199 -0.0107867 0.0161726 0.0199236 -0.00439261 0.095789 -0.00113301 -0.00523655 -0.0103532 0.00143638 -0.0132047 -0.000685281 2.29035e-06 -0.00414288 0.00403142 -0.00407614 0.00631159 0.00427896 0.0133645 -0.0124865 0.0075842 -0.00178264 0.00898064 -0.00146973 -0.00878607 -0.0002574 -0.0105628 0.00419265 -0.00117253 -0.00606147 -0.00389196 0.0136001 0.00598018 0.00274447 0.000623631 0.0129381 -0.00276839 -0.0242556 0.00388465 0.00957216 0.00104812 0.000400817 -0.000551225 -0.0265419 -0.00161432 -0.00013276 -0.000872563 5.41217e-06 -0.000493997 0.00196089 -0.00203319 0.00717581 -0.00114512 -0.000119064 -0.001408 -0.00315169 0.00140828 -0.0076032 -0.0313011 -0.0340027 -0.0219785 0.0322151 -0.000878955 -0.0160851 0.0043124 -0.000397239 0.00722624 -0.00862009 0.00272829 0.0129272 0.00533039 0.00314495 -0.0314589 0.00280556 -0.00170461 -0.0277076 -0.00126374 -0.000113569 -0.000740808 
-0.00407658 0.00230174 -0.00821867 -0.000849196 -0.00171906 -0.00836783 -0.00200036 -0.00232138 -0.0032311 -0.00131722 0.000523547 0.00243303 -0.00124955 -0.0140856 -0.00303859 -0.0019202 -0.00507682 -0.000746907 -0.00174687 -0.00615833 -0.000178022 0.000184506 -0.0100027 -0.00251799 -0.000453854 -0.000693809 -0.00113301 0.0880245 0.00420189 -0.00284622 -2.29001e-05 0.00900934 0.000128328 -0.00198761 -0.00902826 0.00804346 -0.00409435 0.00819327 0.00420659 -0.00366011 -0.00325558 -0.00442693 0.00337478 -0.0122041 -0.00287637 0.0072921 0.000343723 -0.00369318 -0.00439188 0.00629684 0.00743195 0.00509221 -0.000144901 0.00511489 5.31939e-05 0.000326885 0.0220169 -0.00501985 -0.0063499 -0.000238287 -0.000807948 -5.90463e-05 -0.00127106 0.00111304 -0.00588851 0.00177794 -0.000172139 -0.000351867 0.00141272 0.00709804 -0.00130884 -0.000720027 -0.00843423 0.00237117 -0.00176262 -0.00197842 -0.00173065 -0.00178085 0.00242532 0.00635183 0.0103983 -0.00382987 -0.00725647 0.00016391 -0.0136898 -0.0034339 -0.00356213 -0.00145233 0.00190461 -0.00340088 -0.00129915 -0.00266133 0.00106847 0.00689084 -0.00959199 -0.00331651 -0.00521122 4.56987e-05 0.00443667 -0.00173645 
0.0166303 -0.000929057 -0.019299 -0.00637187 0.0152327 -0.000334967 -0.00397992 0.000776857 -0.00279454 -0.00221929 0.00244199 0.0010397 -0.00362297 -0.026967 -0.00586621 -0.00362715 -0.00828997 -0.00512206 -0.00362122 -0.00755123 0.000674483 0.00153243 0.00378168 -0.013692 -0.00199334 -0.00689075 -0.00523655 0.00420189 0.161637 -0.0274725 -0.00170253 0.0196925 -0.000773791 -0.0028231 -0.0246846 -0.0136119 0.00140342 0.00385692 -0.00849579 0.00446827 0.0159605 0.00385377 -0.0078005 -0.00719357 -0.00470288 0.0101946 0.00213689 -0.018028 -0.00393017 -0.00191559 -0.0163742 -0.00822103 0.00713362 -0.0102848 -0.00224666 -0.00476433 0.0170777 -0.00906258 -0.0132481 -0.00326475 0.000465862 -0.00233048 -0.00259387 -0.000392895 0.00580941 -0.00156196 -0.000176111 -0.00460048 -0.000166557 -0.00033176 -0.00204094 0.00544192 -0.0175309 0.0150197 0.00135553 -0.00629382 -0.0067925 0.000986938 -0.00823094 0.0115476 0.0284514 0.00589324 -0.0138756 -0.00203423 0.00406095 -0.00893502 -0.0112466 0.0150291 0.010481 -0.00438327 -0.00860125 -0.00366812 -0.000104186 0.0213284 -0.0240538 0.00760433 0.0217212 -0.0031333 0.00477423 -0.00160883 
-0.0118797 -0.00232879 0.0382238 -0.000204305 -0.0274141 -0.00317312 0.00595335 -0.0195292 0.000790906 -0.00145298 0.00906849 -0.00757997 -0.00168968 0.0358247 0.0078486 0.00157734 -0.00436912 -0.00339435 -0.00384395 -0.004854 -0.0065632 0.000130197 -0.00652371 -0.0019146 0.00178106 0.0131303 -0.0103532 -0.00284622 -0.0274725 0.150337 -0.00101425 0.0187124 -0.00377723 0.00408162 -0.00907784 0.00336709 0.00175263 0.015427 0.00169451 -0.00990269 -0.0266264 -0.0123777 -0.000902794 0.00143447 0.00839146 0.00276147 1.00349e-05 0.0312338 -0.00770466 0.0145243 0.00887023 0.0104436 -0.021271 -0.0120506 -0.0019555 8.66018e-05 -0.0175388 0.00817269 0.00942713 -0.00207064 -0.00451954 0.0044576 -0.0011798 -0.00315033 0.0239246 -0.00354575 -6.08945e-05 -0.0013356 -0.00137162 -0.0133663 -0.0145073 -0.00253065 0.0110446 -0.02034 -0.00874284 -0.00366771 0.00523839 -0.00337705 -0.00989164 -0.00315916 0.00556198 -0.00457426 -0.0144862 -0.00242659 -0.0311758 -0.0066832 0.0159903 0.00454411 -0.0147655 0.00581136 -0.00166658 -0.0203463 -0.0129121 -0.0053068 0.036534 0.000513803 -0.0331875 -0.000543932 -0.000749659 -0.00145029 
-0.000942036 0.000608262 -0.000842508 -5.49609e-05 -0.00478015 0.00144582 0.00074758 0.000656422 0.00118364 0.0017752 0.000416479 0.000393864 0.000630672 -0.0024684 0.00270089 -0.000237324 0.00024108 0.000667139 0.000763013 0.0026392 0.00182483 -0.000485467 -0.00134135 0.00248487 0.000893693 -0.000499731 0.00143638 -2.29001e-05 -0.00170253 -0.00101425 0.0147499 -0.00348515 0.00195767 0.00016709 -0.0020379 0.00243029 -0.000292768 -0.00294588 1.20086e-06 -0.000336986 -0.00259246 0.000649646 0.000185558 -0.000271425 5.12599e-05 -0.000541087 0.0015272 -0.000821853 0.000251491 -0.000273118 -0.000407304 0.000791065 -0.00358338 0.00408163 0.000241087 0.000281355 0.00223942 -0.000495037 -0.00354287 0.000731517 0.00302244 0.000688531 0.000972232 0.000416701 -0.00633376 4.59571e-05 5.40052e-06 0.000338036 -0.000113402 0.00187701 -0.000722611 -0.000221311 -0.00140787 -0.00171546 -0.00144899 0.0024446 -0.000588689 0.000630048 0.000680759 -0.00568375 -0.007009 -0.00333302 0.00509198 0.00166347 -0.00237603 0.000572657 0.00205227 -0.00240515 -0.00157069 0.00186206 0.00185749 0.00284617 -0.00058706 -0.00455766 -0.001041 -0.000125669 -0.00359534 -5.50268e-05 0.000872766 0.00112333 
-0.0263767 -0.00936312 0.0131462 -0.00396959 0.0743685 0.0203266 -0.00176489 -0.0151485 -0.0119349 -0.0110908 -0.00327357 -0.0103808 -0.00736524 -0.0235093 -0.0102556 -0.0158383 -0.0141834 -0.0319451 -0.00679623 -0.0347498 -0.0186312 0.00752303 -0.0359666 -0.0348551 -0.0324961 -0.00238829 -0.0132047 0.00900934 0.0196925 0.0187124 -0.00348515 0.245185 -0.014506 -0.00701683 -0.0123996 0.00019919 -0.00801941 -0.0353855 -0.0120998 0.00525598 0.0831549 -0.023122 0.020444 -0.0274584 -0.00269571 0.0336655 0.00315218 0.012683 -0.0158065 -0.0117882 -0.0119012 -0.011666 -0.0527755 -0.0313108 -0.0066397 0.00456587 -0.0189261 -0.00675306 0.0339431 -0.0050115 -0.00887967 -0.0112353 -0.00833067 -0.00497459 0.10938 -0.00897033 -0.000645103 -0.00193133 -0.00398428 -0.0187837 0.00829617 -0.000321836 -0.0331023 0.0461753 -0.0338644 -0.0132078 0.00445197 -0.0102357 -0.0136617 0.0817061 0.097884 0.0662303 -0.0717218 -0.00294411 -0.0186727 -0.0137833 -0.00301886 8.35142e-05 -0.0466693 -0.013727 -0.0162081 0.0168599 -0.0288397 0.0738554 -0.0101663 -0.0095968 0.0119809 -0.0114986 -0.00586523 -0.00283532 
-0.00234465 0.00269309 0.00568326 -0.00222888 -0.0183272 -0.00159597 0.000570192 0.00634609 -0.000588633 0.000281464 0.00386507 0.001606 1.86168e-05 -0.0038852 0.00845666 -0.000466343 -0.00214059 0.00955393 0.000206834 0.00391136 0.00525827 0.00318758 -0.00128191 0.00890921 0.0103576 -0.00141194 -0.000685281 0.000128328 -0.000773791 -0.00377723 0.00195767 -0.014506 0.0554531 0.00152578 -0.00659328 0.00389837 -0.00333344 0.00425057 -0.00258888 -0.00473312 -0.0161691 0.00633618 0.0160964 0.00169259 -0.000805004 -0.00996574 0.00439816 -7.01865e-05 -0.00286927 0.00685794 -0.00235844 0.00749153 0.00602571 0.00839088 0.000929572 -0.000668324 0.00787108 -0.00259245 -0.0111384 -0.00031631 0.00615748 0.00398563 0.0036724 -9.64018e-05 -0.0233247 0.000310617 2.05425e-05 0.0023129 -0.000201847 0.000948739 0.00116018 -0.0010339 0.000780153 -0.00908614 -0.00216397 0.00133567 -9.5077e-05 -0.000150952 -0.00266831 -0.0260599 -0.0239279 -0.0150809 0.0195819 0.0013172 -0.0113089 0.00123361 0.001044 -0.00369249 -0.00449501 0.00469552 0.0107884 0.00610397 0.00315752 -0.0237334 0.00294092 0.00144293 -0.0146731 0.00196162 0.00163345 -0.00078624 
0.00160428 -0.000443637 0.00508175 -0.000779227 -0.0073517 -0.00038907 0.00238341 0.000609602 0.00109234 0.00165101 -0.000695945 0.0024088 0.00168836 -0.00229924 0.00313703 0.000109505 0.00371182 -0.000560109 -0.000264145 0.00416839 0.00112831 -0.00219428 0.000486214 0.00233274 0.00143868 0.00232186 2.29035e-06 -0.00198761 -0.0028231 0.00408162 0.00016709 -0.00701683 0.00152578 0.0325453 -0.00115908 -0.0014005 -0.00135146 0.000434789 0.00121009 -0.0020637 -0.00510405 0.000196174 -0.000424987 0.00655611 0.0048769 -0.00414874 0.00136878 0.000272879 0.00301556 -0.00027827 0.000497451 0.00158215 -0.00261932 -0.00118928 0.000539526 0.000343218 -0.000807768 0.00210528 -0.00703764 -9.62916e-05 -0.00186292 0.00264 0.00127844 0.000714038 -0.00219697 0.00011994 0.000123388 0.00284444 -0.000155183 1.91118e-06 -0.000922703 -0.0001271 0.00111336 -0.00169642 0.00457707 0.0027614 -0.000163994 -0.000360822 -0.00181225 -0.00990119 -0.0122533 -0.0127481 0.00301229 0.000754221 -0.00297014 -4.82443e-05 0.0015221 6.6321e-05 -0.00323386 0.0026245 0.00116952 -0.00124059 -0.00184274 -0.0141751 0.00619924 0.000704254 -0.00844021 0.000567673 0.000217702 0.000950947 
