0.116349 0.00713789 0.00468678 0.00148729 -0.00255176 0.0028781 -0.0037564 -0.0193253 -0.0115102 -0.0084886 -0.0190009 0.00013082 -0.00587441 0.0300181 0.00252975 -0.00192108 -0.0102305 0.00313057 -0.011845 -0.00850392 -0.00678151 -0.00197925 0.00553647 -0.00126215 -0.0039242 5.93851e-05 -0.000737835 -0.00610666 0.00123738 0.000361988 -5.66083e-05 0.00351436 -0.0132239 -0.0015497 -0.0215582 0.00153174 -0.0060329 0.0139973 -0.00901438 -0.00592239 -0.00210862 0.0100476 0.00571167 -4.53229e-05 -0.00213414 -0.00858937 0.0177457 -0.0066118 0.000419538 -0.00540881 0.000995055 0.00959984 0.000952987 -0.00853023 5.23749e-05 -0.00221916 0.00234491 0.0128858 0.0191985 -0.000801148 0.00875102 -0.00207973 0.00103954 -0.000800027 0.00399968 -0.00727165 -0.00795695 -0.00897242 -0.00319869 -0.0158995 -0.0194329 -0.00109936 -0.00650296 0.0120931 -0.00485804 -0.0221421 -0.00374377 -0.0124019 0.00129076 -0.0117918 -0.0028744 -0.028545 -0.00362712 0.000477175 0.00083657 -0.00075615 -0.00662365 0.00582657 4.48712e-05 0.0047097 7.83165e-05 -0.000580083 0.00984002 0.00448728 0.00121105 0.00428021 0.0133593 0.0213821 0.0173687 0.00314812 
0.00713789 0.163991 0.0149402 0.0295097 -0.0186698 -0.00301371 -0.00514457 0.010297 9.84118e-06 0.0450736 -0.00623822 5.86514e-05 0.00586091 -0.0160097 0.00047075 0.00238403 0.00617877 -0.00409516 0.00177205 0.000404328 -0.00240311 -0.00508274 -0.0139465 -0.00113 -0.00782082 -0.0242075 -0.00272124 -0.00768355 -0.00133721 0.00708917 0.00276719 0.00115458 0.0076352 2.27633e-05 -0.00706237 -0.00132358 0.00305171 -0.00765833 -0.00145517 -0.0241693 -0.00260237 0.00844457 0.00503131 -0.00591644 0.00504299 -0.00812231 -0.0250195 0.00746484 -0.00105575 -0.0108759 0.00181251 -0.00539828 -0.00119666 -0.0138997 0.0047857 -0.00572815 0.0181564 -0.00352326 -0.00249663 -0.0031289 -0.0116843 -0.0156493 -0.000130264 -0.00121937 0.0198736 -0.005307 -0.0130488 -0.00384944 -0.00461245 -0.0011002 -0.00479229 -0.00124169 -0.049721 -0.00152787 -0.0225393 -0.0303688 0.000562494 -0.0245059 0.00236603 0.0035868 0.0156271 -0.00960526 -0.00132203 0.00445539 -0.00545582 -0.000423558 0.00667428 -0.000902103 0.00192869 -0.0040753 -0.00256365 -0.00265142 0.0111347 -0.0035234 -0.00299497 -0.00482511 0.0343722 0.00467035 0.00325823 0.0107199 
0.00468678 0.0149402 0.10179 0.0167026 -0.00842074 0.000527332 -0.00125834 0.00773705 -0.0110699 -0.00376559 -0.0134691 -0.000260507 -0.00775959 0.0220365 0.000278172 0.00232116 0.0188416 -0.00316725 0.0269596 0.000794151 -0.00650625 -0.00474972 -0.00968571 -0.00240159 -4.90016e-05 -0.00683338 -0.00229593 -0.00676923 -0.00116562 -0.00328269 0.00460359 -0.00593351 0.00776649 -0.000711644 -0.0183869 -0.000830314 -0.00139149 -0.00394677 -0.00709707 -0.000954085 -0.000725333 0.0112201 0.00259314 -0.00447609 0.000604713 -0.000947928 -0.01869 -0.00242312 0.00191844 -0.00590914 0.00126 0.00294863 0.000750203 -0.000577619 -0.0119372 -0.0116771 0.0036598 0.00435665 0.00411977 0.00116788 -0.00851475 0.00523024 -0.000622448 0.000325997 0.00100613 0.0205101 -0.00935228 -0.000623072 -0.0029551 -0.00841957 -0.0142253 -0.00308811 -0.00340206 -0.0060105 -0.0205373 -0.012187 0.00187947 -0.0145403 0.00606184 -0.00658542 0.000730594 -0.0194969 0.00406393 0.0069621 -0.00358478 0.000542448 0.00405118 -0.00441713 -0.00766124 -0.00307738 -0.00235246 -0.00474375 0.0214208 -0.00404058 -0.00237432 0.00325389 0.00302849 0.0163458 -0.00993917 0.00227853 
0.00148729 0.0295097 0.0167026 0.107806 -0.0106605 -0.00174848 -0.00153322 -0.0126565 -0.00593592 0.0158783 -0.0173551 -0.000548553 -0.00561687 0.0215725 5.40482e-05 0.00306613 0.0303997 -0.00979883 0.00890379 0.00187036 0.00568283 -0.00413617 -0.00857863 -0.001932 -0.00102307 -0.0196646 -0.00335993 -0.00650633 -0.00112015 -0.00255806 -0.00810356 -0.000873242 -0.00422984 -0.000308624 -0.00929659 -0.000287827 0.00494497 -0.0175934 0.00101638 0.00476252 0.000954341 -0.00130372 -0.00479682 -0.0034978 -0.00352437 -0.00440495 -0.0177205 0.00364713 -0.00162536 -0.00819113 0.00217622 -0.00254705 -0.00350537 0.00714807 -0.0067033 -0.0209155 0.0221036 -0.00521233 0.0203942 0.00289305 -0.0109641 0.00109321 0.000510691 6.33941e-05 -0.0046766 0.00203149 -0.00740511 -0.00309097 -0.000627372 -0.00573382 -0.0237603 -0.00238171 -0.0120575 -0.00955023 -0.0206313 -0.00436418 0.000844317 -0.00531452 -0.00702156 -0.00518292 0.0161378 -0.0217356 0.000734202 0.00335001 -0.00213857 -0.000171631 0.00325666 -0.00455772 0.00483261 -0.00573499 0.00293891 -0.00480186 0.0205871 -0.00359319 -0.00392274 0.00484319 0.0202274 0.0124829 0.00283258 -0.000947834 
-0.00255176 -0.0186698 -0.00842074 -0.0106605 0.0990576 0.00203743 0.0119799 -0.0164133 0.0108904 -0.012358 -0.0184915 -0.000768984 0.00271306 -0.0096848 6.23476e-05 -0.00065124 -0.0125623 -0.00131054 -0.0299519 -0.00364133 0.00586408 0.00337741 0.00583892 -0.000229244 -0.00290543 0.0136375 -0.00142303 0.00539258 0.000289924 -0.00155852 -0.00910089 -0.0148922 -0.013578 -0.00142842 -0.0174976 0.000473321 -0.00231105 -0.0110828 0.000575876 0.0163493 -0.000333273 -0.01602 0.00733528 0.023186 0.00815029 -0.00230958 0.0111631 -0.00299849 1.53216e-06 0.00695868 0.000663901 0.00326135 -0.000797746 0.0106301 0.0309195 -0.0237807 -0.00376384 -0.0109252 -0.001536 0.001017 0.000511216 0.00621951 -0.00250537 0.000245394 0.000811089 -0.0153149 0.00976245 0.0171928 -0.00228077 -0.0162797 -0.0115377 0.000661417 0.0304313 0.0245497 0.0245675 0.00509238 -0.00790784 0.00192939 -0.00244629 -0.00786929 -0.00874409 0.00326909 -0.0009312 -0.00364221 -0.00248015 -0.000830904 -0.00832798 -0.00280694 -0.0102706 -0.00044708 -0.00162682 -0.00163902 -0.00016756 0.000622019 -0.00279834 -0.00854356 -0.00928972 -0.0102388 0.0176025 -0.00175853 
0.0028781 -0.00301371 0.000527332 -0.00174848 0.00203743 0.0639671 0.00360732 0.00105722 0.0016532 -0.00126286 -0.0111785 -0.00038397 -0.00106484 0.00100955 -0.000262993 -0.00066454 0.00316251 -0.00197653 -0.00752151 -0.000523656 0.00450824 -0.00354446 -0.00246601 -0.000678873 0.00042676 0.00778087 -0.00092509 0.00701064 0.000293026 0.00225472 -0.0062766 -0.00444012 -0.00776224 0.000754495 -0.00759557 -0.000278577 -0.00205923 0.00943725 0.00442876 -0.00445355 0.000458924 -0.00467967 0.00100867 0.000556714 -0.00291561 -0.00132724 -0.00349094 -0.00212746 -0.000993427 0.0005441 -0.000754719 0.00477547 -0.00239848 0.00442648 -0.00719108 -0.0156662 0.00565821 0.00531938 0.00153228 0.00420653 -0.0043966 -0.000992614 0.00179731 0.000793802 0.0123023 -0.0114619 0.0136507 -0.00547446 -0.00288541 -0.00907071 -0.0147894 -0.00107368 0.00190853 0.000104178 -0.00673496 -0.00348833 -0.00582862 0.00912786 0.00473321 -0.00526379 -0.00337007 -0.013201 -0.00161839 -0.00101654 -0.00208564 -0.000207685 -0.00446128 -0.0011042 0.00234332 0.000330548 -0.00154214 0.00739948 -0.00457823 0.00925239 0.000355881 -0.00135904 0.0101714 -0.00349486 -7.46921e-05 0.00164858 
-0.0037564 -0.00514457 -0.00125834 -0.00153322 0.0119799 0.00360732 0.0527575 -0.00700309 -0.00223255 0.00304598 -0.00582257 -1.7512e-05 -0.000707147 -0.00590343 -5.88405e-05 -0.00114437 -0.0066838 -0.000570416 -0.0173075 0.0091618 -0.00348789 0.00373066 -0.00145507 -0.0014244 -0.000784731 -0.00156209 -0.00108767 -0.00504351 -0.000644814 -0.000921306 -0.00430731 -0.00686728 -0.00904891 -0.000616738 -0.0156805 -2.43529e-06 -0.000709475 -0.00615994 -0.00339636 0.00944443 0.00141096 -0.00883551 0.000508029 0.0156846 0.0113317 -0.00250406 -0.00292365 -0.000515265 -0.000359896 0.00291683 0.000737811 0.00230614 0.0027373 0.00467203 0.0191196 -0.0122198 0.00314402 -0.00399764 0.00300704 0.00328638 -0.00423556 0.0041581 0.000273837 0.00201277 0.00177461 0.00137581 0.000759636 0.0216059 -0.000230389 -0.00434069 -0.0102162 0.000956534 0.0164556 0.00508871 -0.00824596 0.00997062 -0.00696914 0.000939332 -0.00477383 -0.0045007 -0.00309831 -0.00834925 -0.000878645 0.000190091 -0.00207848 0.000579334 -0.00333061 -0.00208912 0.00145914 0.00038733 -0.00170159 -0.000974673 -0.00650036 0.00205739 -0.00146133 -0.0050948 0.00103026 -0.00406928 -0.000658406 0.00183256 
-0.0193253 0.010297 0.00773705 -0.0126565 -0.0164133 0.00105722 -0.00700309 0.189804 -0.0277656 -0.000267185 0.0222333 0.00239287 -0.0148731 -0.0657054 -0.000195377 -0.00412742 -0.0109882 -0.0115063 0.0609998 0.0159552 -0.0214279 -0.00824465 -0.015882 -0.000756213 0.00492467 -0.0188246 0.0028651 0.0025151 -0.000218448 -0.00897605 0.0439854 -0.00592425 0.0376064 0.00337148 0.0538493 -0.00171099 0.0188171 -0.00463832 0.00833564 -0.0243447 0.00575608 -0.0311913 -0.0225679 -0.0120373 -0.000874988 0.021591 -0.0419062 -0.00412139 -0.00177001 -0.00547008 0.00160622 -0.0132037 0.00245056 -0.00142485 -0.0406318 0.0398284 -0.0261445 -0.0183031 -0.0350908 -0.00609476 -0.00684765 -0.0253486 -0.00382659 -0.000331703 -0.00508437 0.0159871 -0.00286639 -0.0170536 0.00715271 0.0659832 0.0697423 -0.000890492 -0.0137696 -0.0262895 0.0340784 -0.0172998 0.0149676 0.0371375 -0.0236461 0.0332729 -0.000909329 0.0584082 0.00196876 -0.00426301 -0.00525912 -0.00141364 -0.0107863 -0.00655101 -0.0136441 0.00137564 -0.00936712 -0.00516759 -0.0322483 -0.00694557 -0.000309769 0.00290347 -0.0497239 -0.0175397 -0.0305902 -0.000375704 
-0.0115102 9.84118e-06 -0.0110699 -0.00593592 0.0108904 0.0016532 -0.00223255 -0.0277656 0.19945 -0.0176113 0.0212126 -0.00178428 0.0340989 -0.00786521 -0.00140236 0.00312542 0.000439298 0.0353638 -0.0429065 0.00475825 -0.000228708 0.00922737 0.0172763 -0.00171592 -0.00254837 0.0109932 0.00445744 -0.015528 0.000695576 0.0101301 -0.0188436 0.00894145 -0.0172209 0.00248112 0.0256716 0.00198972 -0.0164737 0.0143808 0.0162311 -0.0229775 -0.00652681 -0.00231568 0.0177573 -0.00168235 -0.00372593 -0.0152543 0.0584943 0.00241585 -0.0017372 0.0189992 -0.00411139 0.00772167 -0.00706165 -0.0133319 0.0421304 -0.00188455 0.00310504 0.0122344 -0.0170529 -0.00262702 0.00763635 -0.000187974 -0.0030195 0.00102245 0.00354521 -0.0340405 -0.0111005 -0.0119331 0.010797 -0.0304389 -0.022013 0.0021873 -0.0455243 0.00660736 -0.0132385 -0.0393441 0.0163098 -0.0361707 0.00920892 -0.00930714 0.00108551 -0.0213273 -0.0039907 -0.00582353 0.000504882 0.00301222 0.00028089 0.00992165 0.00217003 -0.00263331 -0.00330756 0.00548184 -0.0496352 -0.00913064 0.00449641 -0.0147078 -0.00499316 -0.00615368 0.000334484 1.51471e-05 
-0.0084886 0.0450736 -0.00376559 0.0158783 -0.012358 -0.00126286 0.00304598 -0.000267185 -0.0176113 0.1852 0.0189486 -0.000603675 -0.0122737 -0.00360268 0.000988316 0.00416255 -0.021211 -0.0112575 -0.0102 -0.0134966 0.0272004 -0.00686965 -0.0183149 0.00488618 -0.00245769 -0.0151751 -0.00566735 -0.00325131 -0.00191634 0.00648829 -0.0298265 0.0023824 0.00566303 -0.00245139 -0.0165803 -0.00126622 -0.0021518 -0.0148274 -0.00838189 -0.0107894 -0.00151051 0.0134597 -0.011699 -5.45513e-06 -0.0027846 -0.00755507 -0.0318868 0.00239523 -0.00129028 -0.00976055 0.00322048 -0.0085036 -0.00319963 -0.0139199 -0.00611112 0.0265103 0.0118457 -0.0210829 -0.00612398 -5.51236e-05 -0.0185987 -0.0283443 0.00373767 -0.000775879 0.026299 0.00884467 0.00345654 0.00945156 -0.000781912 -0.00268437 0.0016973 -0.00336929 -0.00209723 -0.0152076 -0.00562271 0.038675 -0.0219728 -0.017318 -0.0243128 0.00850928 -0.00774836 0.0224939 -0.00326441 0.00244053 0.001572 -0.00157949 0.00338289 -0.0017429 0.019068 -0.00860828 -0.00328694 0.000406113 0.00252859 0.00265115 -0.00280012 0.0122897 0.00332794 -0.00567657 -0.00425693 0.0136839 
-0.0190009 -0.00623822 -0.0134691 -0.0173551 -0.0184915 -0.0111785 -0.00582257 0.0222333 0.0212126 0.0189486 0.187294 -0.000653059 -0.001213 -0.0190963 -0.00203324 -0.00205869 -0.0228751 0.00653234 0.0212139 -0.00371883 -0.0220239 -0.00858984 -0.00232913 -0.000908264 0.00292165 -0.0314604 0.00460901 -0.0129216 -0.000912121 0.00230897 0.00484023 -0.0129886 0.0207699 0.00259719 0.0270759 -0.000846321 -0.00758318 0.0234071 0.00183212 -0.00740035 -0.00253839 0.024083 -0.0242002 -0.00523449 0.0020479 -0.0128154 -0.00568647 0.000225324 0.000533919 0.000469945 0.000457684 0.0020214 -0.000478107 -0.0181967 0.00172374 0.0488645 -0.00971255 0.00231136 -0.028785 0.0017156 0.0198423 -0.0221536 -0.00141208 -0.00124282 -0.00670768 0.00636328 -0.0250859 -0.00202249 0.00198325 0.0122383 0.0355897 -0.00264114 -0.0351608 -0.0219667 -0.0142072 -0.00525291 0.0195892 -0.0321783 0.00691042 0.0222701 0.00279973 0.0267104 0.00280832 -0.00777978 0.0184822 0.000349738 0.00661396 0.010556 -0.00924186 -0.00203654 0.00236801 -0.00336543 -0.00996542 -0.00705878 0.00380059 -0.00867659 -0.0366996 -0.00417166 -0.0274192 -0.00626554 
0.00013082 5.86514e-05 -0.000260507 -0.000548553 -0.000768984 -0.00038397 -1.7512e-05 0.00239287 -0.00178428 -0.000603675 -0.000653059 0.014011 0.000100766 -0.00169181 0.000201581 -0.000198843 5.6099e-05 -5.16408e-05 -0.000838491 -0.000603452 0.000171191 0.000225153 -0.000271808 0.000239126 0.00142498 -0.000393907 6.45536e-05 -0.000981543 0.000123162 0.000194235 0.00228698 -0.00123266 0.000113889 1.13714e-05 -0.00204022 -0.00010045 -0.000541455 -0.000904394 0.000509936 0.00225364 -5.74716e-05 -0.00306593 -0.000523107 -0.000212093 2.16326e-05 -0.00042055 -0.00152252 -0.000489634 4.88252e-05 -0.000652334 -4.80301e-05 -0.00013099 0.000302178 0.000890515 0.000542419 -0.0013792 -0.000195968 -0.000216929 -0.00103259 -0.000132486 0.00218807 0.000283288 3.13584e-05 5.65611e-05 -0.000871686 -0.000694193 -0.000466069 0.0015535 0.000943167 0.000842206 -0.00128172 0.00039107 -0.000514268 3.80604e-05 0.000141282 -0.00236606 0.00184593 -0.001673 7.16462e-05 0.00204917 -0.000220392 -0.00034082 -0.000141512 -0.000305397 3.25904e-05 -0.000139317 -0.000492596 -0.000425542 -0.000327473 0.000832862 -0.000263874 -1.15982e-05 -0.00219407 -0.000109877 0.000403805 -0.000157349 0.00069701 -0.000908623 -0.000173787 0.000253148 
-0.00587441 0.00586091 -0.00775959 -0.00561687 0.00271306 -0.00106484 -0.000707147 -0.0148731 0.0340989 -0.0122737 -0.001213 0.000100766 0.116012 -0.0309198 0.000590967 0.00302486 -0.0018954 0.0366841 -0.0477577 0.00233698 -0.000473916 0.00867128 0.0177414 -0.00208352 -0.00141481 0.0257937 0.00143222 -0.00543481 0.000582021 0.0035933 -0.0168694 -0.00258623 -0.00968543 0.0010473 -0.0151974 0.00117146 -0.00737867 0.00232591 0.00822899 -0.0243649 -0.00290875 -0.0155366 0.0154411 -0.00139844 0.000520568 -0.0102204 0.0334917 0.0030797 0.00157765 0.0148629 -0.00172748 0.00717166 0.000983276 -0.0130623 0.0192375 -0.0242151 0.00615372 0.0111679 0.0082015 -0.000832077 0.0174582 0.0163024 -0.000960758 -0.000754713 0.000397194 -0.0157349 -0.00273594 -0.00493206 -0.00260814 -0.0157097 -0.0260694 0.00267271 -0.0293732 0.0114775 -0.0210094 -0.0216616 0.00501639 -0.00864324 0.0299789 -0.00675742 -0.00266287 -0.0186165 -0.00316719 0.0016849 -0.000789216 0.000387215 -0.0038624 0.0105746 -0.000399149 0.00856934 -0.00184259 0.0015212 -0.0230642 -0.001443 0.00423405 -0.00603999 0.0118473 -0.0114079 -0.00173697 0.00130679 
0.0300181 -0.0160097 0.0220365 0.0215725 -0.0096848 0.00100955 -0.00590343 -0.0657054 -0.00786521 -0.00360268 -0.0190963 -0.00169181 -0.0309198 0.240177 -0.00319978 -0.00508226 0.0465157 -0.021486 0.0277617 -0.0100906 0.0114547 -0.00522823 -0.0157992 0.000119632 0.000580483 -0.0303598 -0.00536067 -0.00876887 -0.00330732 -0.0121673 -0.0320928 0.0253374 -0.0337548 -0.00341967 -0.0317174 -0.00153215 -0.012447 -0.00812571 -0.0231359 0.0415802 -0.00703899 0.0547537 -0.00377755 -0.0158297 -0.0115622 -0.0178099 -0.00453913 -0.00377314 0.000270822 -0.0225559 -0.00419763 0.000962551 -0.00330055 -0.00809595 -0.0250173 0.011809 0.0144417 -0.00518412 0.0157819 -1.29157e-05 -0.016905 0.0224732 0.00448758 -0.00174114 -0.0172121 0.0206966 -0.0192952 -0.0148279 -0.0073968 -0.0385969 -0.0424728 -0.00848068 0.0449765 0.0167239 -0.0106068 0.0189926 0.0112501 -0.0313574 -0.0121971 -0.0273357 0.00294586 -0.0484186 0.00108937 0.00775713 0.000766366 0.000162782 0.000593217 -0.0080906 -0.0047155 -0.010209 0.00470516 -0.00876417 0.0746992 -0.00401198 -0.00938838 0.00214025 0.0495337 0.048666 0.0111774 -0.00774697 
0.00252975 0.00047075 0.000278172 5.40482e-05 6.23476e-05 -0.000262993 -5.88405e-05 -0.000195377 -0.00140236 0.000988316 -0.00203324 0.000201581 0.000590967 -0.00319978 0.0149564 0.000526952 -0.00159413 0.00109927 -0.00189373 -0.00122793 0.00141929 -0.000210379 0.00171203 0.000937306 -6.19587e-05 0.00104973 0.000262602 0.000443761 0.000970721 0.000404495 0.00141093 0.000956295 -0.00167267 6.29263e-05 -0.002114 5.69724e-05 -0.000982802 0.000216909 -0.000148221 -0.00133224 -2.96344e-05 -0.00121459 0.000611784 0.000207567 0.000285636 -0.000699963 0.000483835 -0.000293465 -0.000155894 0.000172983 0.000307938 0.00110494 -4.87003e-05 0.000638106 0.00204495 -0.0030391 -0.000260188 0.00218465 0.000387142 0.000342493 0.0029161 -0.000628031 -0.000211713 -4.34263e-06 -0.000637144 -0.00220778 0.00175174 -0.000492829 5.74426e-05 -0.00140561 -0.000999017 0.000269442 -0.00304818 -0.000408184 0.000476424 -0.00129042 -0.00102355 -0.00207509 0.00021808 0.000806589 -0.00107762 -0.0010409 -0.00049292 -0.000485355 0.000590733 -9.54756e-06 -0.00049048 0.00024439 -0.000772757 0.000703859 6.97837e-05 0.000314363 -0.00274877 -0.000305108 0.000787584 0.000579133 -0.00210739 -0.00119192 -0.000976411 4.30835e-05 
-0.00192108 0.00238403 0.00232116 0.00306613 -0.00065124 -0.00066454 -0.00114437 -0.00412742 0.00312542 0.00416255 -0.00205869 -0.000198843 0.00302486 -0.00508226 0.000526952 0.0362955 0.00211429 0.000699182 -0.00569407 -0.000400327 0.00273304 -0.000591751 0.000505952 -0.000549765 -0.00112954 0.00370563 0.0010008 -0.0014273 0.000513462 0.00125489 -0.00120237 0.000561076 -0.000708154 -0.000256368 -0.00432461 -0.000189749 -0.000522995 -0.000959968 0.00258389 -0.00318527 -0.00050885 -0.00126955 0.000991121 -0.000692382 -0.00174937 -0.00137822 0.00521441 0.00197422 -9.90088e-05 -0.000947087 0.000483338 -0.00111972 0.000117183 -0.000478535 -0.000581375 -0.00278894 -0.000875005 0.00365517 -0.0041682 0.00143162 -0.00227241 -0.000822247 -0.00037536 -8.84712e-05 -0.0015921 -0.00158056 0.00183018 0.000897756 -0.000404355 -0.00265175 -0.00736093 0.000185077 -0.00683312 0.00264041 -0.00457126 -0.0018861 -0.00143439 -0.00194189 0.00126829 -1.61334e-05 -0.000214071 -0.00366408 -0.000161351 0.00201985 0.000801321 -7.94911e-05 0.00308515 -0.0012821 0.00467714 -0.000419322 -0.000221832 0.0031079 -0.00911758 -0.000739861 0.00144184 0.00152166 0.000734021 -0.00075677 -0.00362722 -0.00089479 
-0.0102305 0.00617877 0.0188416 0.0303997 -0.0125623 0.00316251 -0.0066838 -0.0109882 0.000439298 -0.021211 -0.0228751 5.6099e-05 -0.0018954 0.0465157 -0.00159413 0.00211429 0.15946 -0.0187985 0.0304444 0.00794499 -0.00987738 -0.0112296 -0.0151615 -0.00445241 -0.000143638 -0.0150656 -0.00327066 -0.000784735 -0.00159406 -0.00485674 -0.0127783 0.00464984 -0.000588455 0.00210393 -0.000739431 -0.00110382 0.00581453 -0.0158655 -0.0052784 0.00983234 -0.00168105 0.00355597 -0.00482801 -0.00950396 0.00305407 -0.00520615 -0.0187549 0.00763348 0.00198687 -0.0124934 -0.00221234 -0.000851671 -0.00449994 0.0123126 -0.0209211 -0.0186492 0.00419314 -0.0037957 0.000558727 -0.00170815 -0.0186212 0.0242659 0.00125301 -0.000262814 -0.0110057 0.00404791 -0.00950539 0.00441013 -0.00786318 -0.00900422 -0.00488329 -0.00282133 -0.00600696 0.00705007 -0.0203614 -0.00211288 0.0254234 -0.0102413 0.00737322 -0.0106256 0.0207951 -0.0260604 0.00106937 0.00526022 -0.00643198 0.000771663 0.00156167 -0.0139092 -0.00721394 -0.00757283 0.010214 -0.00154712 0.0247156 -0.00695055 -0.00546731 -0.00213638 0.0161925 0.0175847 -0.0226302 -0.00527114 
0.00313057 -0.00409516 -0.00316725 -0.00979883 -0.00131054 -0.00197653 -0.000570416 -0.0115063 0.0353638 -0.0112575 0.00653234 -5.16408e-05 0.0366841 -0.021486 0.00109927 0.000699182 -0.0187985 0.103551 -0.034331 -0.00605234 -0.0106896 0.00933065 0.0180115 -0.00122391 0.00313797 0.0101174 0.00693351 -0.00170404 4.26047e-05 0.00865972 -0.00321001 -0.00778395 -0.0069562 0.00185343 0.00934125 0.00231864 -0.00598385 0.0216011 0.0228931 -0.0225434 -0.00035196 0.00115868 0.00707458 -0.00222874 -0.00376384 -0.00735667 0.0413025 -0.00563047 0.00026749 0.00612231 -0.00135687 0.014824 0.00318309 -0.0122061 0.0164248 -0.0208662 -0.00738913 0.0222386 -0.018667 -0.00312905 0.0323022 -0.00447219 -0.00176872 -0.000470646 0.00673469 -0.00950121 -0.00673704 -0.0151318 0.00134931 -0.0139 -0.0205255 0.00310447 -0.037165 -0.00676783 -0.0123377 -0.0282376 0.00592667 -0.0137487 0.0104183 -0.00904012 0.000793208 -0.0137381 -0.00308773 0.00192201 0.00236676 0.000510126 -6.33768e-05 0.0239819 1.81145e-06 0.00796646 -0.00335845 0.00408526 -0.0328069 0.00244682 0.00955 -0.00849994 -0.0126228 -0.0077744 -0.00515495 0.00699622 
-0.011845 0.00177205 0.0269596 0.00890379 -0.0299519 -0.00752151 -0.0173075 0.0609998 -0.0429065 -0.0102 0.0212139 -0.000838491 -0.0477577 0.0277617 -0.00189373 -0.00569407 0.0304444 -0.034331 0.246196 0.000594326 -0.0213433 -0.0113823 -0.0164731 0.000760733 0.012248 -0.0426338 -0.000559086 0.0266325 -0.000944593 -0.0220979 0.0430531 0.0204097 0.0475272 0.00124643 0.0792837 -0.00349263 0.015377 -0.0086001 0.0017678 0.00673234 0.00413034 -0.000834823 -0.0389656 -0.0338465 -0.0130077 0.0231175 -0.045055 0.00016882 -0.00467297 -0.0198803 -0.000930194 -0.0137544 -0.0029389 0.0105725 -0.0836494 0.0537774 -0.0235139 -0.0167506 -0.0403017 -0.0122007 -0.0122059 -0.0270746 -0.0102477 -0.00189503 -0.0329556 0.0190002 -0.0189262 -0.0433879 -0.0109905 0.0348286 0.0664924 -0.00445873 -0.0129627 -0.0604386 0.0262758 0.0122703 0.0261354 0.0323485 -0.0317616 0.019147 0.0168303 0.0473261 0.00778183 -0.00263468 -0.00410483 -0.00315499 -0.0220323 -0.0148944 -0.03033 -0.00872708 -0.00938768 -0.0127646 0.0573844 -0.0190123 -0.0104229 -0.00125666 -0.0492621 0.0284746 -0.0099288 -0.0126516 
-0.00850392 0.000404328 0.000794151 0.00187036 -0.00364133 -0.000523656 0.0091618 0.0159552 0.00475825 -0.0134966 -0.00371883 -0.000603452 0.00233698 -0.0100906 -0.00122793 -0.000400327 0.00794499 -0.00605234 0.000594326 0.139196 -0.00733147 -0.000823576 -0.00272646 -0.000738386 0.00518411 -0.00229704 -0.00261646 -0.011965 -0.00141617 -0.00400515 -0.00802873 -0.00205022 -0.0160052 -0.00033862 -0.0146646 -0.000939658 0.0038448 -0.00899266 -0.00601936 -0.0164658 0.00211595 -0.014854 0.000700151 0.0051961 0.00553565 0.00774027 -0.00426361 0.00399259 -0.00125778 0.00159599 -0.000471691 0.00198865 -0.00301941 -0.000438313 0.00217021 -0.00179239 -0.00888194 0.00184688 0.0139725 -0.00210337 -0.00694908 -0.00602208 -0.00200996 0.00138937 -0.006224 -0.00113592 -0.00727785 0.00218635 -0.00124556 0.010672 -0.00922601 -0.00146011 0.00166572 -0.000537218 0.00377114 0.00238746 0.00774 0.00966809 -0.00480058 0.000689307 0.000475022 0.00544235 0.00207616 -0.00262766 -0.00435752 0.00190035 -0.00413498 -0.00648915 -0.0077486 -0.00337724 -0.0025705 -0.00229508 -0.0053553 -0.00276127 -0.00460075 -0.00500357 0.0135748 -0.00294373 -0.00212676 -0.00649192 
-0.00678151 -0.00240311 -0.00650625 0.00568283 0.00586408 0.00450824 -0.00348789 -0.0214279 -0.000228708 0.0272004 -0.0220239 0.000171191 -0.000473916 0.0114547 0.00141929 0.00273304 -0.00987738 -0.0106896 -0.0213433 -0.00733147 0.162794 0.00248524 -0.00331598 -0.000511 -0.000414119 0.0261244 -0.0013687 -0.000827678 -0.000260262 -0.00314852 -0.00459674 0.000384068 -0.0178494 -0.00259252 -0.0394708 -0.00129137 -0.00373218 -0.028461 -0.00911112 -0.0202925 -0.00209389 -0.0237989 0.00765189 0.00153453 -0.00179918 -0.00551484 -0.0204505 -0.000811028 -0.00267248 -0.00100773 -0.00146392 -0.0126579 -0.00589994 0.00569912 -0.000389706 -0.00993084 0.0106785 -0.00553311 0.0280113 0.00136322 -0.0175367 -0.00381514 0.000677668 -0.000884496 -0.0128321 -0.0286359 0.0339625 0.00371216 -0.00220118 -0.00779847 -0.0379024 -0.00321222 0.0336549 0.00622968 0.0137979 0.0368765 -0.0185504 0.0195628 -0.000150304 0.00496443 -0.017084 0.02274 -0.00283339 -0.00519749 -0.00213909 -0.000632174 0.00588327 -0.00773882 0.0110035 -0.00657705 0.0026793 0.00199989 -0.0183484 0.00445759 -0.00446238 0.0234614 0.0152307 -0.0171727 0.0141105 -0.00121687 
-0.00197925 -0.00508274 -0.00474972 -0.00413617 0.00337741 -0.00354446 0.00373066 -0.00824465 0.00922737 -0.00686965 -0.00858984 0.000225153 0.00867128 -0.00522823 -0.000210379 -0.000591751 -0.0112296 0.00933065 -0.0113823 -0.000823576 0.00248524 0.0816686 0.000433901 -0.000343232 0.00499512 0.00708353 0.000181226 0.00715085 -0.000221795 -0.00198012 0.00583684 -0.000936699 -0.0109859 -0.00108229 -0.000293499 0.00168834 -0.00471515 -0.00468895 4.64489e-05 -0.000656537 0.00107344 -0.00441386 0.00136013 -0.00248081 0.00238623 -0.000478526 0.0172118 -0.00432694 -7.44369e-05 0.0108041 0.000147153 -0.00216636 0.00261898 0.000511695 0.00958735 -0.0180437 0.000526847 -0.00816641 0.001459 -0.00129439 0.00324784 0.00279813 -0.00136663 0.00133158 -0.00306663 -3.19956e-06 -0.00267079 -0.00533312 0.00536114 -0.00880219 -0.0190978 0.00594651 0.00401211 0.00604208 -0.00763863 0.00345171 -0.00748887 0.00172564 -0.0117745 -0.00435614 -0.00330249 -0.00307507 -0.00139199 0.00109073 -0.00284597 0.000991599 -0.00410073 0.00215137 -0.0052638 0.00944359 -0.00223781 -0.00180546 -0.0131681 -0.000231486 0.000121023 -0.00114469 0.000525344 -0.00676687 0.0142669 0.000618137 
0.00553647 -0.0139465 -0.00968571 -0.00857863 0.00583892 -0.00246601 -0.00145507 -0.015882 0.0172763 -0.0183149 -0.00232913 -0.000271808 0.0177414 -0.0157992 0.00171203 0.000505952 -0.0151615 0.0180115 -0.0164731 -0.00272646 -0.00331598 0.000433901 0.0949346 0.00371569 -0.00209199 0.0373974 0.000497256 0.00328807 2.7767e-05 -0.000442562 -0.00239415 -0.00355943 -0.0183257 -0.00102065 -0.020873 0.000968382 -0.00430687 0.0133971 0.00136219 -0.0126516 -0.000105157 -0.00290457 0.0127533 0.00106708 -0.00132384 0.00236339 0.0397188 -0.00076289 -0.00113459 0.0272892 -0.00150707 0.00714036 -0.00176052 -0.00263474 0.0218819 -0.0132774 -0.00831395 0.0199174 -0.0087312 -0.00245722 0.0161718 -0.0121722 -0.00268779 0.000720925 -0.00438535 -0.0211592 0.0158763 -0.00453122 -0.00422689 -0.00627152 -0.00731919 0.00432741 -0.0257706 -0.00686209 -0.00616414 -0.0082781 -0.0117015 0.0073619 0.0189829 -0.00483773 -0.00129964 -0.0117661 -0.00370903 -0.00431606 -0.00274532 -0.000165042 -0.00751748 0.00501764 -0.0024134 0.00388927 -0.000127906 0.00667924 -0.0205065 0.00354228 0.00705026 0.00159156 -0.0151294 -0.00274253 -0.00600423 -0.00419238 
-0.00126215 -0.00113 -0.00240159 -0.001932 -0.000229244 -0.000678873 -0.0014244 -0.000756213 -0.00171592 0.00488618 -0.000908264 0.000239126 -0.00208352 0.000119632 0.000937306 -0.000549765 -0.00445241 -0.00122391 0.000760733 -0.000738386 -0.000511 -0.000343232 0.00371569 0.0361096 0.00185167 -0.00285031 0.00074335 0.00396887 0.00168992 1.49474e-05 0.00069868 0.00138904 -0.000209578 -0.000194867 0.00489261 -3.57026e-05 -0.000478937 -0.00181267 0.00248593 0.0056472 0.00167348 0.00607884 -0.00296047 -0.00103685 -0.00205341 0.00111859 0.00127064 -1.00507e-05 0.000205501 -0.000602742 -0.000481494 -0.00156048 -0.000936416 -0.00203547 -0.00365181 0.00079181 -0.00364112 -0.00395772 -0.0085305 -0.000251971 0.00083933 -0.00345573 -0.000276548 0.000314866 -0.000784625 -0.000627451 0.00288182 -0.00481082 0.00179172 -0.00234547 0.00280731 7.43559e-06 -0.00418621 -0.00111685 0.00340617 0.00217203 -0.00476732 -0.000685377 -0.00721298 0.00102607 -0.00205051 -0.00282151 -0.000812474 -0.000434457 0.00373438 -0.000180969 0.00162618 0.00101562 -0.000876033 -6.18838e-05 -1.31595e-05 0.00022774 -7.52909e-05 0.000648261 -0.000466732 -0.000947931 -0.00264479 0.000180769 -0.00105749 -0.00162297 
-0.0039242 -0.00782082 -4.90016e-05 -0.00102307 -0.00290543 0.00042676 -0.000784731 0.00492467 -0.00254837 -0.00245769 0.00292165 0.00142498 -0.00141481 0.000580483 -6.19587e-05 -0.00112954 -0.000143638 0.00313797 0.012248 0.00518411 -0.000414119 0.00499512 -0.00209199 0.00185167 0.0501964 -0.00305695 0.00213063 2.75879e-05 -0.000207845 -0.00150762 0.00452059 0.00254499 0.000324439 0.00132736 0.00668622 -0.000236536 7.56781e-07 -0.00134378 0.00679144 0.000295648 0.00184743 -0.00555331 -0.00432751 -0.00254547 -0.00145888 -0.000460237 0.00081871 -0.0021492 0.000387057 -0.00262037 0.000302091 0.00301891 0.00573029 0.00156069 -0.00565562 1.78608e-05 -0.000891789 -0.00390592 -0.00795711 -0.000348594 0.00131049 -0.00430105 -0.000574985 -0.000217353 -0.00275305 0.0106351 -0.0019926 -0.00518968 0.00205163 -0.00149949 -0.0105168 -0.000387716 0.000142953 -0.00377393 -0.00486422 -0.00683949 0.00813408 -0.00103425 -0.00673561 0.000823256 0.000103333 -0.00627377 -0.000944524 -0.000789535 -0.00073089 -0.000169365 -0.00362856 0.000106257 -0.00248344 0.0036698 -0.00176831 3.62398e-05 -0.00702887 0.000866041 -0.00141231 -0.00137796 -0.00486438 0.00369285 -0.00369814 -0.000950175 
5.93851e-05 -0.0242075 -0.00683338 -0.0196646 0.0136375 0.00778087 -0.00156209 -0.0188246 0.0109932 -0.0151751 -0.0314604 -0.000393907 0.0257937 -0.0303598 0.00104973 0.00370563 -0.0150656 0.0101174 -0.0426338 -0.00229704 0.0261244 0.00708353 0.0373974 -0.00285031 -0.00305695 0.177736 -0.00223501 -0.00507999 -0.00034203 0.000613488 -0.014374 -0.0119303 -0.028987 -0.00187565 -0.0521605 -0.000980425 0.00263293 0.00963336 -0.00463725 -0.013759 -0.00550923 -0.0315133 0.034985 -0.00147233 -0.009063 0.00236065 0.0186196 0.00349151 -0.000847899 0.0299567 -0.00224387 0.00478218 -0.00773138 -0.00813998 0.0194654 -0.0317763 -0.0093245 0.0288298 0.0152276 0.00297152 0.00164885 0.00950744 0.000808661 0.000837298 0.0124418 -0.0206219 0.0291793 0.0145135 -0.00688766 -0.0101295 -0.0558041 0.00478613 0.00677132 0.01279 -0.0182491 0.00494022 -0.0363178 0.0316898 0.0567953 -0.00556767 -0.0190219 -0.0368713 -0.00662242 -0.0050153 -0.00706862 -0.0013187 -0.013329 0.00425845 0.00248769 0.00335705 0.00207531 0.0114997 -0.0247946 0.00867192 0.00834363 0.015256 0.00586294 -0.0176873 -0.00333838 0.00344259 
-0.000737835 -0.00272124 -0.00229593 -0.00335993 -0.00142303 -0.00092509 -0.00108767 0.0028651 0.00445744 -0.00566735 0.00460901 6.45536e-05 0.00143222 -0.00536067 0.000262602 0.0010008 -0.00327066 0.00693351 -0.000559086 -0.00261646 -0.0013687 0.000181226 0.000497256 0.00074335 0.00213063 -0.00223501 0.0316741 0.00323557 0.00344519 -0.000272956 0.0084408 0.00225476 -0.00125424 0.00134858 0.00839647 3.30833e-05 9.25911e-05 0.00409294 0.00622258 -0.00113751 0.000671224 -0.00586744 -0.00249696 -0.00125447 7.09941e-05 6.05935e-05 0.0045125 -0.000323291 -0.000295222 -0.00143207 -2.30012e-05 0.000258039 -0.000430158 0.000279941 -0.00307334 -0.00243765 -0.00293961 0.00137473 -0.00522483 -0.000657061 0.00409902 -0.000293623 -0.000677375 -8.62508e-05 -0.000655168 -0.00232822 -0.00168393 -0.00434967 0.000500004 -0.00177031 -0.00138113 0.000622441 -0.00787514 -0.00194959 0.00210534 -0.00590239 0.00399971 0.00104544 -0.00196491 -0.000323505 0.00109944 -0.00206755 -0.000299149 -0.000646046 0.00201976 3.88888e-05 0.00078663 0.00175421 -0.00138061 -0.00090745 -0.00117242 -0.000398806 -0.00807538 -0.000445144 0.000345721 0.000364967 -0.00497128 -0.0025671 -0.0030778 -0.000425511 
-0.00610666 -0.00768355 -0.00676923 -0.00650633 0.00539258 0.00701064 -0.00504351 0.0025151 -0.015528 -0.00325131 -0.0129216 -0.000981543 -0.00543481 -0.00876887 0.000443761 -0.0014273 -0.000784735 -0.00170404 0.0266325 -0.011965 -0.000827678 0.00715085 0.00328807 0.00396887 2.75879e-05 -0.00507999 0.00323557 0.10555 0.00390739 -0.00306387 0.00926016 0.0150787 0.00476886 -0.000614905 0.0285735 0.000233439 -0.00222472 -0.00123963 0.00367147 -9.73428e-06 0.00212756 -0.00231905 -0.0117613 -0.00608437 0.0018951 0.0140989 -0.00141455 0.00332693 0.000107427 0.000689444 -0.00122697 -0.00553442 -0.00221724 0.0110767 -0.0103652 -0.0200231 -0.00591784 -0.0106562 -0.0178106 -0.00380638 -0.00333724 -0.00944636 -0.00268295 -0.000163675 -0.00821356 -0.00170511 0.0078293 -0.0147615 -0.00300645 -0.00664176 0.01884 0.00198337 -0.00463598 -0.0119588 0.0265378 0.0188982 -0.00431543 0.0131173 -0.0276287 -0.0063274 -0.00302627 0.00992753 -0.00135395 -0.00163303 -0.00246825 -0.000540313 -0.00935109 -0.00272703 -0.00372945 0.00309887 -0.00226637 -0.000630895 0.00253393 -0.00237748 -0.00319165 0.00125325 -0.02046 -0.00318701 0.00568154 -0.00489006 
0.00123738 -0.00133721 -0.00116562 -0.00112015 0.000289924 0.000293026 -0.000644814 -0.000218448 0.000695576 -0.00191634 -0.000912121 0.000123162 0.000582021 -0.00330732 0.000970721 0.000513462 -0.00159406 4.26047e-05 -0.000944593 -0.00141617 -0.000260262 -0.000221795 2.7767e-05 0.00168992 -0.000207845 -0.00034203 0.00344519 0.00390739 0.0156674 0.00142616 0.00329282 0.00399652 -0.000423773 0.00102717 0.00171794 0.000131172 5.35492e-05 0.00168441 -0.000145735 -0.000555567 -0.000307475 -0.00216163 -0.000932463 -0.000580562 -0.000877198 -0.00040991 0.000117402 0.000687929 -6.93256e-05 3.51034e-05 -3.83775e-05 -0.000766217 0.000994382 0.00210917 0.00048701 -0.000669312 -0.000357884 0.00069367 -0.00159382 -0.000156838 0.00069477 -0.00114684 -5.7217e-05 -7.05055e-05 0.000377851 -0.00261913 -0.000973404 -0.00158678 0.000510738 -0.00159588 0.00044856 0.000139998 -0.00372939 -0.00135216 0.00361304 -0.00368887 -0.000774642 -0.00122938 -0.00104052 1.7332e-05 -0.000664969 -0.00172631 -0.000157905 3.21402e-05 0.00153664 -0.000126318 -0.000843776 0.00174295 -0.000406988 0.000269551 -0.000407772 -0.000263059 -0.0047159 8.56059e-05 0.000237962 0.000645614 -0.00374451 -0.000699847 0.000840686 0.000143581 
0.000361988 0.00708917 -0.00328269 -0.00255806 -0.00155852 0.00225472 -0.000921306 -0.00897605 0.0101301 0.00648829 0.00230897 0.000194235 0.0035933 -0.0121673 0.000404495 0.00125489 -0.00485674 0.00865972 -0.0220979 -0.00400515 -0.00314852 -0.00198012 -0.000442562 1.49474e-05 -0.00150762 0.000613488 -0.000272956 -0.00306387 0.00142616 0.0452398 -0.00339282 -0.00172234 0.00385161 0.000788554 3.85323e-06 -0.000248967 -0.00191583 0.003104 0.002622 -0.00462667 -0.00133902 0.00555765 0.00495823 0.000376404 -0.00119331 -0.00187219 0.00322018 -0.000519031 2.78062e-05 -0.00105314 0.000160507 0.00141321 0.0017655 -0.00369793 0.013841 -0.00182333 0.0018693 0.00679788 -0.00480463 0.000438296 0.00467187 -0.00212691 0.00186008 0.000256173 0.0157929 -0.00630694 1.60826e-05 0.00130676 0.0014806 -0.00307672 -0.00640092 -0.000613342 -0.0142645 0.00246996 -0.00987126 -0.0134222 -0.00313772 -0.00519526 0.00720169 -0.0030642 0.00135728 -0.0087078 -0.00142239 0.000417041 0.0021973 0.000273566 0.00648099 0.0049744 0.00185908 -0.00158868 -0.000513164 0.000903359 -0.0166917 -0.000188609 0.00376182 -0.00424576 0.0042547 -0.00389845 -0.00353288 0.00495207 
-5.66083e-05 0.00276719 0.00460359 -0.00810356 -0.00910089 -0.0062766 -0.00430731 0.0439854 -0.0188436 -0.0298265 0.00484023 0.00228698 -0.0168694 -0.0320928 0.00141093 -0.00120237 -0.0127783 -0.00321001 0.0430531 -0.00802873 -0.00459674 0.00583684 -0.00239415 0.00069868 0.00452059 -0.014374 0.0084408 0.00926016 0.00329282 -0.00339282 0.166813 -0.00259503 0.0213556 0.00121724 0.0493506 -0.000754267 0.00542664 0.00278445 0.0018544 6.08454e-05 0.00397888 -0.0179438 -0.0138568 -0.0085244 0.00379421 0.000615565 -0.013698 6.48992e-06 -0.000752561 -0.00481424 -0.00192389 -0.0126243 0.00244877 0.018864 -0.0130621 -0.00849105 -0.00850852 -0.0103351 -0.00642424 -0.00675363 -0.0023017 -0.0106001 -0.00529886 0.000176931 -0.00740197 0.0147021 -0.00265875 -0.0223775 0.00351435 0.0153472 0.0270213 0.00198485 -0.0107035 -0.025652 0.0196333 -0.0260241 0.00162888 0.015738 -0.0219077 0.0110988 -0.000453848 0.0259002 0.000305889 -0.00367031 -0.00352806 -0.000166678 -0.00167174 -0.00848077 -0.000526209 0.00400966 -0.00835779 -0.00763736 -0.0258598 -0.00641019 0.00358753 0.00253216 -0.0291105 -0.00313176 -0.0140049 -0.00629702 
0.00351436 0.00115458 -0.00593351 -0.000873242 -0.0148922 -0.00444012 -0.00686728 -0.00592425 0.00894145 0.0023824 -0.0129886 -0.00123266 -0.00258623 0.0253374 0.000956295 0.000561076 0.00464984 -0.00778395 0.0204097 -0.00205022 0.000384068 -0.000936699 -0.00355943 0.00138904 0.00254499 -0.0119303 0.00225476 0.0150787 0.00399652 -0.00172234 -0.00259503 0.146857 -0.00768976 0.000783771 0.0237615 0.000758701 -0.00898304 -0.00458366 -0.00538446 -0.0153762 -0.00516838 -0.010382 -0.00506205 -0.00834191 -0.00535826 -0.00430585 0.00990274 0.00626206 -0.00197269 -0.00254069 -0.000495105 -0.00556492 -0.00247093 -0.00689606 -0.0128909 0.0152692 0.00793233 -0.00648141 0.00922101 -0.0062355 -0.0159866 0.00295657 -0.00313651 -0.000794574 -0.0124926 -0.00961647 -0.00436669 -0.0235727 -0.00155713 -0.00666941 0.00997871 0.000865212 -0.0157048 -0.00946147 0.0090341 -0.00605935 0.0243229 -0.0150353 -0.0101011 -0.000450912 0.00367145 -0.00479386 -0.00303158 -0.000149937 -0.0053207 -0.0012191 -0.00639148 -0.00106573 0.00522028 0.00100891 -0.00499413 -0.00311477 0.00314664 -0.00699481 -0.00403669 0.00366423 0.00984798 0.0159826 -0.00873858 -0.00664575 
-0.0132239 0.0076352 0.00776649 -0.00422984 -0.013578 -0.00776224 -0.00904891 0.0376064 -0.0172209 0.00566303 0.0207699 0.000113889 -0.00968543 -0.0337548 -0.00167267 -0.000708154 -0.000588455 -0.0069562 0.0475272 -0.0160052 -0.0178494 -0.0109859 -0.0183257 -0.000209578 0.000324439 -0.028987 -0.00125424 0.00476886 -0.000423773 0.00385161 0.0213556 -0.00768976 0.173667 0.00110361 0.0528953 -0.000572986 0.00531027 -0.0011292 0.00887129 -0.00680769 -0.00146522 0.00669457 -0.0186724 -0.0111676 -0.0109521 0.00972906 -0.0210918 -0.00290375 0.00363756 -0.0138258 0.00172551 -0.00671479 -0.0074877 -0.0032995 -0.0289849 0.0440725 -0.012834 -0.014596 -0.0393595 -0.00536457 0.0060847 -0.01883 -0.00437731 -0.000876857 0.000538051 0.00557344 -0.00946474 -0.0241235 0.00130806 0.0239406 0.0510486 -0.0041235 -0.0288417 -0.0256066 -0.00797379 -0.0170476 0.0210967 0.00747583 -0.0189726 0.0142928 0.00359395 0.0240698 0.000918941 0.00219909 0.00805258 -0.00139705 0.012678 -0.0084405 -0.0083775 -0.00269168 -0.0021692 -0.00798318 0.00703768 -0.00616957 -0.000378282 0.00373349 -0.0285858 0.011876 -0.0180186 0.00123205 
-0.0015497 2.27633e-05 -0.000711644 -0.000308624 -0.00142842 0.000754495 -0.000616738 0.00337148 0.00248112 -0.00245139 0.00259719 1.13714e-05 0.0010473 -0.00341967 6.29263e-05 -0.000256368 0.00210393 0.00185343 0.00124643 -0.00033862 -0.00259252 -0.00108229 -0.00102065 -0.000194867 0.00132736 -0.00187565 0.00134858 -0.000614905 0.00102717 0.000788554 0.00121724 0.000783771 0.00110361 0.0153957 0.00142323 6.38268e-05 1.11426e-05 0.0029404 0.00234838 -0.0018108 -0.000123256 0.000129709 -0.00016959 -0.00103074 -0.000462588 -0.000588345 -0.00116097 -0.000987169 0.000110367 6.64633e-05 -0.000199331 3.81627e-05 -0.000334329 0.000101629 -0.00213091 -0.00199074 -0.000926185 0.00110528 -0.00331215 0.000659975 0.00135434 3.32925e-05 -2.02715e-05 4.2684e-05 0.000949052 -7.15356e-05 -0.00165939 -0.00162536 -0.000260847 0.00133892 0.000937909 -0.000131165 -0.00525631 -0.00172975 -0.0024564 -0.0046815 0.0034148 -0.00100213 0.00217788 -0.000362702 0.00242852 -0.00113158 -0.00018455 -0.00015101 0.000683481 -4.01141e-05 0.000322997 0.00130733 -0.00100765 0.00013473 -0.000271508 -0.000407742 -0.00248228 -0.000278975 0.000255213 -0.000317142 -0.00125434 -0.00119054 -0.00177702 0.000516852 
