0.0902241 -0.00106431 0.000187553 -0.00720799 0.00542191 0.000253963 -0.00253331 -0.00170596 -0.00343516 0.00521478 0.00148813 0.00542939 0.00360502 -0.00344655 0.00363801 -0.0110289 0.0130468 -0.0058216 0.00801125 -0.00885775 0.00326574 0.00162335 -0.0120986 -0.0128243 -0.00565404 -0.00659865 -0.00706432 -0.00131481 0.00791387 -0.00835714 -0.0133217 -0.0141266 -0.00374201 -0.00124412 -0.00793218 0.000534881 0.000521148 0.0023396 -0.00437331 -0.0193458 -0.001796 0.000536761 -0.000488495 -0.00796397 -0.00183501 -0.00771787 -0.00220939 -0.00732052 -0.00613774 -0.00153606 -0.00233902 0.0041476 -0.000261025 -0.00919409 0.00236317 0.00930346 0.000805462 0.00696926 -0.000659914 0.00360967 -0.00246986 0.00826158 -0.00372895 -0.00415578 0.000646689 -0.000417006 -0.00268067 0.0141488 -0.000763828 -0.0107979 -0.00568816 0.00580364 -0.00128362 0.00203265 -0.00697453 0.00722718 -0.00850896 -0.0213636 0.00274744 -0.00157587 -0.00142951 -0.00399281 -0.00220966 0.00065957 0.0174184 0.00135516 -0.0015782 0.000228702 -0.00312747 -0.00123175 0.00473695 -0.00512187 0.00263875 -0.00609665 -0.000863805 0.0126804 0.0136854 0.0119342 -0.00170393 0.0236621 
-0.00106431 0.0434697 -0.0114829 0.00222423 -0.000493403 0.000191642 0.00250051 0.000938947 -3.67186e-05 -0.00276903 -0.000651808 0.000848257 -0.000248597 -0.00298949 -0.000403758 -0.00385496 0.00181721 -0.00580614 0.00282444 0.000736033 -0.000230889 -0.000391785 0.0012113 -0.01449 -0.00216162 -0.014035 -0.000801125 0.000461422 -0.00188335 0.00355054 -0.00129439 -0.00911608 0.00191193 -0.000894769 -0.00362602 0.00748157 0.00309929 -0.00078857 -0.000174852 -0.0102981 -0.00157896 8.36883e-06 0.00032609 -0.00440769 -0.00183316 -0.00483518 0.00129239 0.00123698 0.00714828 0.00301956 -4.90798e-06 0.00402355 0.000871972 0.00108843 0.00544096 0.00142941 0.00616017 0.00490531 -6.30753e-05 0.00360699 0.00399112 0.00365593 0.00487919 0.000157038 0.000888972 0.000450961 -0.000460709 0.00430189 0.00396616 -3.34791e-05 -0.000480159 0.00452379 0.00131213 -0.000270211 -0.000952051 -0.00690711 -0.000869704 -0.00916182 -5.64426e-06 -0.00135365 -0.000474853 0.00157224 0.00344848 -0.000537702 0.00613081 -0.000103781 -0.00133638 1.78761e-05 -0.00455852 6.97033e-05 0.00240184 -0.00739913 -0.000944059 -0.00134813 0.00429103 -0.00620347 -0.00455418 0.0060863 -0.00715724 -0.00814836 
0.000187553 -0.0114829 0.246583 0.0212533 -0.0087259 0.00118783 0.00607429 -0.0074331 0.00326949 -0.0214596 -0.0194071 -0.0119079 -0.00305237 0.0115615 0.015323 -0.0148199 -0.0160757 0.03781 -0.0203437 -0.0217799 -0.0200839 -0.0131989 -0.00582505 0.011925 0.0020891 0.0491683 -0.0198116 -0.00754188 -0.019166 -0.0278512 -0.00393763 0.040069 -0.00330012 -0.0203616 -0.0105868 -0.024425 -0.0531814 -0.00338592 1.85645e-05 0.0479976 0.00542126 0.00738386 -0.0050711 0.028503 -0.0188518 -0.0109495 -0.0061156 0.0251408 -0.029115 -0.00214994 -0.0354144 0.00117561 -0.00253714 -0.045067 -0.0427259 -0.0060973 -0.0307546 0.00200788 -0.00665921 -0.015929 -0.00225276 -0.0182759 0.000933905 -0.000373778 0.00834366 -0.00122415 0.0148192 -0.00998426 -0.0142368 0.00499271 0.00983406 -0.017466 -0.00320969 -0.00829731 -0.0501697 0.01993 0.0200871 0.0212665 -0.0297847 -0.00717469 -0.00264727 -0.0196789 0.0044636 -0.00657735 -0.00860491 -0.00873502 0.000582623 0.00345029 0.00885387 0.000456214 -0.00145392 0.0167285 -0.000923063 -0.00861159 0.0126425 0.0238862 0.0320616 -0.00775544 0.0505266 0.0560113 
-0.00720799 0.00222423 0.0212533 0.182395 -0.00897127 -0.00247921 0.00725502 0.00249834 -0.00518096 -0.00491886 -0.00781118 -0.00456587 -0.00415746 0.00579692 -0.00877507 -0.0130783 0.00225384 -0.0130674 -0.00232182 -0.028869 -0.00437543 0.000761078 -0.000174289 0.00797192 0.00684856 0.0244963 -0.00294535 -0.00141598 -0.0101241 -0.0105772 -0.0128019 -0.0106059 -0.0023105 -0.00592689 -0.00597621 -0.00928373 -0.0167549 -0.00328903 -0.00868109 0.0219069 -0.0140343 0.00205048 -0.00426428 -0.00420922 -0.00124321 0.00925208 -5.52039e-05 0.0419806 -0.00923653 0.00665115 0.00980974 0.00288256 -0.00377505 -0.0147788 -0.0181076 -0.00558023 -0.00514557 -0.0107998 -0.00103582 -0.0202348 0.00216787 -0.0034297 -0.00666459 -0.00114097 -0.000990605 -0.00054761 0.0221009 -0.00391863 -0.00819787 0.015904 0.00833389 -0.00831922 0.000646786 -0.00875543 -0.0126941 0.0204085 0.031955 0.0136992 -0.00656239 -0.00486001 0.0130728 -0.00510311 0.000745141 -0.00660322 -0.0108993 -0.00233209 0.000315796 0.00401876 0.00419946 -0.000142401 -0.000609459 -0.0124222 -0.00669726 0.00390597 0.00284403 -0.0198587 -0.01388 -0.00671649 -0.0343185 0.012205 
0.00542191 -0.000493403 -0.0087259 -0.00897127 0.0851825 0.00111166 -0.0043836 -0.00120269 -0.00461218 0.0238565 8.68628e-05 -0.00185449 0.00109406 -0.0022047 -0.00355901 -0.00177743 -0.00139138 -0.00778895 0.00712157 -0.00909574 -0.00299421 -0.000365188 -0.00535221 0.00664283 -0.00823742 -0.015136 -0.00294533 0.00112911 0.00338041 0.00285318 -0.00295912 0.0106915 0.00135773 -0.00581907 -0.00216674 0.000526401 -0.00925602 -0.00132403 0.00283704 -0.00542808 0.0103007 0.000508072 0.00246106 -0.00843996 0.0158695 -0.0112986 -0.00370228 -0.0062267 -0.000470951 -0.00328605 0.00593051 -0.00175288 0.00127723 0.0153464 0.0086259 -0.00792735 -0.00177242 -0.00257747 0.000526449 -0.00836426 -0.00155647 -0.00911029 -0.00603992 -0.00263643 -0.000963845 -0.00045445 -0.0096774 -0.0103948 -0.00559069 -0.00856426 -0.00197161 -0.00371081 -0.00161489 0.00300881 -0.00615217 -0.0118182 -0.0122288 -0.0153159 0.00228064 0.00341694 -0.000713938 0.00107123 -0.00211686 -0.00160915 -0.00432626 0.00735111 0.000969958 -0.000577606 -0.00077896 -0.00104079 -0.00594461 0.0197002 0.00236225 0.00524918 0.000791112 0.00224249 -0.0061765 0.0223679 -0.0021267 0.0221246 
0.000253963 0.000191642 0.00118783 -0.00247921 0.00111166 0.0354179 0.000975191 -0.00105219 0.00128583 0.00160555 -0.000431486 0.000458423 -0.000138306 -0.000885811 -0.000873836 -0.000710891 0.000428364 -0.00462531 -0.00151583 -0.00501733 -0.00301895 -0.000395894 -0.00457799 -0.00478925 0.00218688 -3.5617e-05 0.00135058 0.00108527 0.000498634 3.46963e-05 6.46931e-05 -0.00258044 0.00257275 0.000505199 -0.00113209 -0.00196322 -0.00518946 -0.00092852 0.00416541 -0.0034921 0.00130441 0.00340488 -0.000562405 0.0041706 -0.00358661 0.00290002 -0.00133842 -0.000294241 -0.00134936 -0.00193215 0.00310338 0.000277518 0.00045161 -0.00354672 0.000611064 -0.00113666 -0.00230505 -0.0057044 0.000561516 -0.00466854 -0.000315352 0.00175685 -0.00215092 -8.68989e-05 0.00615654 1.28963e-05 0.00373148 -0.00127637 -0.00286787 -0.00410381 -0.000243731 -0.00113642 -0.000421928 -0.00127168 -0.00350971 -0.00371587 0.00250941 -0.00618579 -0.00370544 -0.00123054 0.00069335 -0.000521974 0.000278707 0.000977573 -0.00356089 0.00198884 0.000565343 0.00248412 0.00277981 0.000115654 0.00539685 0.0070883 -0.00246697 0.000425948 -0.00138979 0.00133573 -0.00217282 0.00217622 0.0021162 -0.000162176 
-0.00253331 0.00250051 0.00607429 0.00725502 -0.0043836 0.000975191 0.0640376 -0.000269796 -0.00305566 -0.00397873 -0.00189002 -0.00351394 0.000210315 -0.00101836 0.00492185 0.00182396 0.00125064 0.00286092 4.72175e-05 0.000647721 -0.000535708 -0.00320941 -0.00423306 0.00498644 -0.00656646 0.0138352 -0.00262002 0.00219278 -0.00275208 -0.00414017 0.00456639 0.000714572 0.0026004 -0.00154638 -0.000520564 0.000310827 0.00512862 0.000120159 -0.00267947 -0.00474939 -0.00552732 0.000806631 -0.00129644 0.00151561 -0.00943687 -0.000401637 -0.00209692 0.00827702 -0.00391995 0.00294246 -0.0126537 -1.98928e-05 0.000132344 -0.00949305 -0.0057652 -0.00107644 -0.00438629 -0.00632255 -0.000159179 -0.00422371 0.00121623 -0.000839784 -0.00758099 0.00195665 0.00454642 -0.000256588 0.00148792 -0.00161018 -0.00467921 -0.00413131 0.000676957 -0.00524031 -0.00066946 -0.00281447 -0.0027798 0.00981226 0.00151811 0.0103574 -0.00723558 0.000770219 0.000632498 0.000961628 -0.00219024 0.000102497 -0.00729058 -0.00132731 -0.00183861 -0.000739545 0.0100312 0.000269903 0.00142696 0.000674314 -0.00482433 -0.00135452 0.000991373 0.000468722 0.00427827 0.000979673 -0.000964618 -0.014551 
-0.00170596 0.000938947 -0.0074331 0.00249834 -0.00120269 -0.00105219 -0.000269796 0.0624285 -0.00119084 0.000454237 0.00103109 0.00141582 -0.000589799 -0.0048842 0.00238958 0.0132435 -0.00193624 0.00144448 0.00172623 0.0188965 -0.00330988 0.00263217 0.022346 0.0037221 -0.00649672 -0.0172598 0.00357186 0.000549475 -0.000908103 0.00837119 0.0101232 0.00711303 0.00131631 -0.00369546 0.00270274 -0.0014351 -0.00673259 0.00646896 -0.00107851 -0.0163584 0.00158636 -0.00181026 0.00133133 -0.00106314 0.00765496 -0.00673843 -0.000820294 0.00856504 0.00554853 0.000565973 -0.00384988 -0.000251986 -0.00112486 0.00134735 0.00208571 -0.00334028 0.00147547 -0.00793096 -0.000214454 -0.00876676 -0.000350301 -0.000324214 -0.00533015 0.00104859 -0.00289292 -0.000823475 0.000408653 0.00131743 -0.00354592 -0.00829604 -0.00175454 4.1031e-06 -0.000197091 -0.00425018 -0.00639815 0.00241182 -0.00578912 -0.0033362 -0.0016092 0.00250997 -0.0017941 0.00260348 -0.00350541 -0.00143491 -0.00501075 0.00145768 -0.00215294 0.00222587 -0.00566295 9.10485e-05 -0.00438219 -0.00296423 -0.00275674 -0.00482651 -0.00141353 -0.0045834 -0.000808313 -0.00382361 -0.0117002 -0.00445559 
-0.00343516 -3.67186e-05 0.00326949 -0.00518096 -0.00461218 0.00128583 -0.00305566 -0.00119084 0.0889149 -0.00104288 0.00174618 -0.00136814 -0.00284124 -0.00266563 0.00622865 -0.0121068 -0.00367919 0.000824336 -0.00198635 0.00787115 0.00242658 -0.00235084 -0.00638772 -0.0107902 -0.00670259 -0.000837346 -0.00232629 -0.000791286 -0.00189098 0.00018703 -0.00330115 -0.0113133 -7.19999e-05 0.000103459 0.00121968 -0.00238937 -0.00900234 -0.000922676 0.00336556 0.000409114 -0.00382485 0.00279487 0.00563589 0.0111652 -0.00806825 0.00221857 -0.000545605 -0.00320085 -0.00568031 0.00824839 -0.00308339 0.00177697 -0.000897475 -0.00274761 -0.00493103 0.000120584 -0.00436759 -0.0118506 -0.00137685 0.00520034 -0.000722011 -0.00446287 -0.00478469 6.64647e-05 -0.00144251 -0.000817803 0.00955494 -0.00336471 0.000893925 0.00073227 0.00133513 -0.00183755 0.00437556 -0.00622271 0.0120336 0.00490434 0.00430886 0.00767201 -0.00197052 0.00401464 0.00273518 -0.000823648 0.00645729 0.00105735 -0.00576615 0.000427318 -0.00219762 -0.00257366 -0.00202962 -9.57097e-05 -0.000588457 -0.0044012 0.000165474 0.00346401 -0.00318931 0.0073547 -0.00640175 -0.00900614 0.00219122 -0.0132042 
0.00521478 -0.00276903 -0.0214596 -0.00491886 0.0238565 0.00160555 -0.00397873 0.000454237 -0.00104288 0.0934118 -0.00173409 -0.00384414 0.0031097 -0.00536344 -0.00317806 0.0165943 -0.00291967 -0.00142351 0.00462769 -0.00402724 -0.00755859 -0.00168232 -0.00473696 0.0103075 -0.00859304 -0.0023053 0.0119574 -0.000258149 0.0116565 0.00935023 0.0042229 0.0106523 -0.0013663 -0.00405835 -0.0137555 0.00120772 -0.00523489 0.000388954 -0.00208871 -0.0199259 0.00862345 0.00108608 0.0083567 -0.000313442 0.0137952 -0.00223694 -0.00337133 -0.00863383 -0.00830997 -0.00560649 -0.0129167 -0.00130507 -0.0014362 0.0246367 0.0132299 -0.00957415 -0.00763342 -0.00570013 -0.0016517 -0.0238733 -0.00200987 -0.0081158 -0.0113142 -0.00180007 -0.00646921 0.000470015 -0.00770306 -0.0130731 -0.00928132 -0.0113521 -0.00491485 -0.00784513 -0.00110015 -0.00919642 -0.00467143 -0.00403251 -0.00957182 -0.0193405 0.00855653 0.00250118 -0.00273305 -0.00193442 -0.000126193 0.00190072 -0.00771114 0.0104052 0.00138704 -0.00178653 -0.0117805 -0.000777669 -0.00333458 0.0109268 0.00033835 0.0083925 -0.00658148 0.0146569 -0.0115426 0.0253847 0.0061532 0.0314666 
0.00148813 -0.000651808 -0.0194071 -0.00781118 8.68628e-05 -0.000431486 -0.00189002 0.00103109 0.00174618 -0.00173409 0.0439694 0.00423542 0.00244137 -0.00252793 -0.00171832 -0.00526471 0.00332004 -0.00662282 0.00387338 -0.00466238 0.008954 0.00383952 -0.00593873 -0.0190385 0.00249465 -0.0112666 -0.00421096 0.000301182 0.00627135 -0.00274149 -0.00639498 -0.0102257 3.49731e-05 0.00509769 -0.00517237 0.00540299 0.00335566 0.00153236 -0.00155362 -0.0084693 -0.00412541 -0.00172552 -0.000138304 -0.0076173 -0.0100595 5.76449e-05 0.00257776 -0.00356006 0.0149842 -0.000445863 0.0123164 -0.00070047 -0.000428285 0.000916985 0.0012287 0.00591583 0.0163099 0.00956072 0.00142407 0.0122719 0.00146072 0.0038521 0.00536136 -0.0011682 -0.00347396 -3.61622e-05 -0.00254632 0.00815874 0.0112881 0.00318287 -0.00315376 0.00399968 0.000983112 0.00483988 0.00915181 -0.00971699 -0.00476577 -0.00226311 0.00091755 -0.000500567 -0.000768341 0.00288988 -0.00120475 0.00154204 0.00174097 -0.000776221 0.00171915 -0.00172428 -0.0035893 -0.000116586 -0.00162186 -0.00787051 0.00868035 -0.000207838 -0.00268059 -0.00816919 -0.00527528 -0.00461107 -0.0106619 -0.0133713 
0.00542939 0.000848257 -0.0119079 -0.00456587 -0.00185449 0.000458423 -0.00351394 0.00141582 -0.00136814 -0.00384414 0.00423542 0.0653168 0.00423422 0.0102085 0.00134206 -0.010206 0.00365988 -0.00702273 -0.00153962 -0.00846323 0.00445135 0.0016159 -0.00272393 -0.0165173 -0.00463145 -0.0224459 -0.0022456 -0.00122098 -0.0018538 -0.00448951 -0.00872027 -0.019142 -0.00154919 -0.00109451 0.0181991 0.00874947 -0.00359645 0.00739809 -0.000604119 -0.0235812 -0.00631112 2.74403e-05 -0.00185797 -0.0067819 -0.0106736 -0.0110584 0.000430205 -0.00741496 0.0154635 -0.00406022 0.0195393 0.00279455 -0.00099711 -0.00780683 -0.0027034 0.0071285 0.0155421 0.0238993 -0.000502701 0.0175697 -0.00192502 0.0290071 0.00450181 -8.47147e-05 -0.00474813 0.00133739 0.0014192 0.0229802 0.0207421 -0.00248115 -0.00258124 0.0211894 0.000246742 0.0106469 -0.00336934 -0.0187582 -0.0117798 -0.0140164 -0.0075358 -0.00359282 -0.000729341 0.00326683 -0.00308999 -0.00135623 0.00926754 -6.83543e-05 -0.00159099 -0.00198884 0.00442456 -0.000267034 -0.000565149 -0.00422448 -0.00155835 -0.00637963 -0.0041555 -0.00729745 -0.00628354 -0.00758258 -0.0139337 -0.00817295 
0.00360502 -0.000248597 -0.00305237 -0.00415746 0.00109406 -0.000138306 0.000210315 -0.000589799 -0.00284124 0.0031097 0.00244137 0.00423422 0.0453915 0.0118174 0.0023879 0.000925379 0.00320373 0.00106077 -0.000139936 -0.00442755 -0.00253825 -0.000911633 -0.00232905 -0.0138927 -0.00244543 -0.00536747 -0.00374138 0.000225747 0.0060267 -0.00365644 -0.000736579 -0.000869075 0.00110154 0.0017134 0.00155746 0.00132161 -0.0014377 0.00713541 -0.00135086 -0.0123305 0.00326782 -0.000658305 -0.000596014 -0.00371603 -0.00282104 -0.000701697 -0.00115444 -0.00281654 0.00107524 -0.00178939 -0.0035762 1.71382e-05 -0.00097565 -0.0068679 -0.00268717 -0.00302073 -0.00204099 0.00694789 0.000295087 -0.00725351 0.000201022 0.00295608 -0.00416637 0.00218113 -0.00112925 0.00156262 -0.00301543 0.00191041 0.000806818 0.00400523 -0.00302954 -0.0013831 -0.000357682 -0.00139226 -0.00278097 -0.00801855 -0.0034652 -0.00525096 -0.00109775 -0.00148663 -0.00140871 -0.00162407 -0.000149194 0.000573524 -0.00346464 7.65563e-05 0.0011431 -0.000572044 0.000312354 3.76394e-05 -0.000656569 0.0118935 0.0011572 0.00254725 -0.00193733 0.000790568 0.00126063 0.00261661 0.00472679 0.00333877 
-0.00344655 -0.00298949 0.0115615 0.00579692 -0.0022047 -0.000885811 -0.00101836 -0.0048842 -0.00266563 -0.00536344 -0.00252793 0.0102085 0.0118174 0.126799 0.0191921 -0.00457038 -0.00411471 0.0377427 -0.00413374 -0.0113569 -0.00345998 -0.00316844 -0.0107573 -0.0223266 -0.0079399 -0.00766883 -0.00192338 -0.00195359 -0.00343021 -0.00952638 -0.00208473 0.0164514 -5.64821e-05 -0.00060399 0.0134467 -0.00704732 -0.0210485 0.00367084 0.00450416 -0.0124697 0.00636888 0.000994057 -0.00336837 -0.00310173 -0.0422115 -0.0107489 -0.00478947 -0.00947901 0.00159355 -0.00566915 -0.00274837 0.00212315 3.04411e-06 -0.0082391 -0.00975132 -0.00961843 -0.0155729 0.00509541 -0.0022678 -0.0171754 -0.00286986 -0.00117797 -0.00281254 0.00611756 -0.00612366 0.000259261 -0.0150026 0.00901665 -0.00572099 0.00730362 0.0149613 -0.00620821 -0.000870572 0.0056148 -0.00721089 -0.0202847 -0.00151973 -0.00337113 -0.0161917 -0.0004773 -0.0012452 0.00563224 -0.00736379 -0.00256562 -0.0224147 -0.00341991 0.00469113 0.000319025 0.00664093 0.000985636 0.000681626 0.0509929 -0.00722606 0.00938254 0.000955021 0.0196317 0.0205907 -0.00335155 -0.00148158 0.00813271 
0.00363801 -0.000403758 0.015323 -0.00877507 -0.00355901 -0.000873836 0.00492185 0.00238958 0.00622865 -0.00317806 -0.00171832 0.00134206 0.0023879 0.0191921 0.0682829 0.00211513 -0.00368683 0.028974 -0.00389479 0.00636063 -0.00192544 -0.00296002 0.00123526 -0.00745361 -0.0107103 -0.0106595 0.00144449 0.000703444 -0.0030298 -0.00196858 -0.00482431 0.0152506 -0.00248769 -0.00340994 -0.00353171 -0.00421482 -0.0106683 0.000812286 0.00095098 -0.00788093 0.00744379 -0.00221399 0.000124747 -0.00624618 -0.0190565 -0.00492747 -0.00233348 -0.000307694 -0.00264739 0.00252348 -0.0131654 0.00340954 -0.0012226 -0.00783703 -0.00849797 -0.00463268 -0.00772068 -0.000343529 0.000413069 -0.01434 0.00106736 0.00104638 -0.00823951 -0.001538 -0.00303561 0.000339848 -0.00270852 0.00600256 -0.00441095 -0.00177218 0.00484009 -0.00286945 -0.00043301 -0.00402936 -0.00836556 0.00464385 -0.00827794 0.00544987 -0.00996279 0.00228887 -0.00196584 0.000306297 -0.000301843 -0.000702272 -0.0112925 -0.00151463 2.82642e-05 0.000592837 -0.00133547 3.07371e-05 0.0010914 0.00772763 -0.00125296 0.00809156 0.00316058 0.0206809 0.0112563 -0.00588577 0.00350761 -0.000419032 
-0.0110289 -0.00385496 -0.0148199 -0.0130783 -0.00177743 -0.000710891 0.00182396 0.0132435 -0.0121068 0.0165943 -0.00526471 -0.010206 0.000925379 -0.00457038 0.00211513 0.158538 -0.00766417 0.0173679 -0.00254708 0.0384812 -0.00891494 -0.00623355 0.0368466 0.0273447 -0.0094667 0.0206122 0.00598613 0.00210575 0.00606794 0.0253534 0.0184788 0.0319241 -0.00102077 -0.00919337 -0.00279116 -0.00564536 0.0011518 0.00239224 -0.00491221 -0.0246991 0.0229415 -0.00391966 0.000708278 0.0173953 -0.0121515 -0.0141077 0.000660553 -0.000591795 -0.0125223 -0.00155284 -0.0304931 -0.00350117 -0.00316708 -0.013201 -0.00171939 -0.0171403 -0.0260115 -0.0259156 -0.000770901 -0.0423314 -0.00266782 -0.0118366 -0.0216452 0.00934595 -0.0111135 -0.00170622 -0.0162076 -0.0173098 -0.0174825 -0.0156534 0.00405672 -0.0194749 0.000523325 -0.0155699 -0.00686146 0.0212179 -0.0015817 0.00438321 0.00146046 0.0106981 -0.00441271 -0.00142279 -0.0035231 0.000941602 -0.0208391 -0.00218383 -0.00131667 0.00505324 -0.00464627 -0.000890929 -0.00476081 0.0131598 -0.00777017 0.00149369 -0.00778853 0.0214288 -0.00735505 0.00992363 0.00393525 0.0189445 
0.0130468 0.00181721 -0.0160757 0.00225384 -0.00139138 0.000428364 0.00125064 -0.00193624 -0.00367919 -0.00291967 0.00332004 0.00365988 0.00320373 -0.00411471 -0.00368683 -0.00766417 0.12335 -0.0130215 0.0222277 -0.0097271 0.00499542 0.0163267 -0.00916148 0.00892209 -0.00545606 -0.0105541 -0.00916713 0.000275311 -0.00409519 -0.0032539 -0.0189273 -0.0258147 -0.00331689 -0.00518236 0.00605614 0.00115294 0.00900799 0.00505488 -0.00398694 -0.0131316 -0.00433288 -0.00380938 -0.000520798 -0.00605673 0.0254712 0.00248024 0.000579794 -0.000901773 0.00279382 0.00865129 0.00468174 0.00182331 -0.000745796 0.007628 0.0112502 0.00406638 0.0187643 0.00445336 0.0041361 -0.0152338 -0.0010641 0.00373132 0.00856346 -0.00564044 0.0153391 -0.000275623 -0.00261727 -9.97857e-05 -0.00360218 -0.0137389 0.0034118 -0.0033916 -0.00188032 -0.00158336 -0.00681179 -0.0226093 -0.0188373 -0.0130124 0.00715125 -0.00398583 0.00412308 -0.000247592 -0.00561952 -0.001189 0.03841 0.00294705 -0.00162575 -0.00403315 -0.00450999 0.000113718 -0.00755886 -0.00976581 -0.00734207 -0.00864927 -0.00554324 -0.00986448 0.00236694 -0.00231668 -0.0226994 -0.0113071 
-0.0058216 -0.00580614 0.03781 -0.0130674 -0.00778895 -0.00462531 0.00286092 0.00144448 0.000824336 -0.00142351 -0.00662282 -0.00702273 0.00106077 0.0377427 0.028974 0.0173679 -0.0130215 0.142603 -0.00884942 0.0155921 -0.00799041 -0.00324889 0.00539329 -0.00268726 -0.0195935 0.0116201 0.00163955 -0.00212057 0.00187915 -0.0020118 0.0100529 0.0498025 -0.00146269 -0.0055341 -0.00936955 -0.00824107 -0.0286509 -0.00430454 0.00461138 -0.00478708 0.00981818 -0.00409277 -0.00547482 -0.00602986 -0.0324341 -0.00750266 -0.00287086 -0.0134811 -0.0135513 0.00391242 -0.033959 0.000998457 -0.00348727 -0.00385285 -0.00989246 -0.0105057 -0.0218506 -0.00555271 -0.00144351 -0.024854 -0.00138884 -0.0121897 -0.0135706 0.00194435 -0.00962302 -0.000950703 -0.011469 0.00436712 -0.0141183 -0.0064412 0.00988142 -0.0154644 -6.12829e-05 -0.00880081 -0.0143823 0.00452194 0.00215775 0.0182883 -0.0214727 0.00568259 -0.00502124 2.09853e-05 -0.00288741 0.000882642 -0.0246184 -0.00434743 0.00267986 -0.000610455 -0.000744264 0.00151833 0.00339729 0.0231841 -0.00727816 0.0119141 -0.000585116 0.0379239 0.0225248 -0.0103457 0.019643 0.0047176 
0.00801125 0.00282444 -0.0203437 -0.00232182 0.00712157 -0.00151583 4.72175e-05 0.00172623 -0.00198635 0.00462769 0.00387338 -0.00153962 -0.000139936 -0.00413374 -0.00389479 -0.00254708 0.0222277 -0.00884942 0.0605569 0.00359821 0.00453196 0.00824837 -0.00819186 0.00336935 -0.00449648 -0.0152297 -0.00390019 0.00232952 0.00170374 -0.00243066 -0.0077859 -0.0135481 -0.00282836 0.00240929 -0.00240349 0.00110693 0.0105732 0.000117007 -0.00022952 -0.00935058 -0.00215482 -0.00233857 0.00106634 -0.00742456 0.0182667 0.001209 -0.000828126 -0.00134463 2.98463e-05 0.00333407 0.0061418 -0.000379034 -0.000272358 0.00615041 0.0123822 0.00221881 0.0124395 -0.00570826 0.00362244 -0.00670537 -0.000664296 0.000370808 0.0032073 -0.00227631 0.000661156 0.000222476 -0.00494455 -0.00686814 -0.003708 -0.00541979 0.000833455 0.00189975 -0.000970367 -0.00398314 0.00226761 -0.0077222 -0.0079127 -0.00732179 0.0131945 -0.00195604 -6.75842e-05 -0.00234969 -0.00267385 0.000411807 0.0145553 1.54579e-05 -0.000474077 -0.00160619 -0.00331307 -0.000381538 -0.00403109 -0.00672824 -0.00366609 -0.00446069 -0.00332662 -0.00767417 -0.00562522 0.00181148 -0.0107791 0.000411103 
-0.00885775 0.000736033 -0.0217799 -0.028869 -0.00909574 -0.00501733 0.000647721 0.0188965 0.00787115 -0.00402724 -0.00466238 -0.00846323 -0.00442755 -0.0113569 0.00636063 0.0384812 -0.0097271 0.0155921 0.00359821 0.186591 0.00642566 -0.00362408 0.0385577 0.0339892 -0.0350234 -0.0185185 0.00853737 -0.00169256 -0.0106057 0.0315852 0.0177777 0.017758 -0.00700143 0.0128647 0.0128985 -0.0111507 -0.000593116 0.00127752 -0.00127818 -0.0366366 0.00310262 -0.00596984 -0.0022989 0.0107635 0.0113256 -0.0025671 0.00320886 -0.0129796 -0.00193018 0.00467439 -0.024363 -0.00336447 -0.00315953 -5.48031e-05 0.00478741 -0.0161591 0.00419692 -0.0127578 0.00212538 -0.0193589 0.00269514 0.00129722 -0.00396347 0.00778737 -0.00215196 -0.00041104 -0.0168063 0.0166416 -0.0145993 -0.0223523 -0.00281218 -0.00108498 -0.00111612 -0.0198745 0.00369777 0.00476956 -0.0304408 0.0172795 -0.00669514 0.0113516 -0.00853402 0.00968092 -0.0109102 -0.00367222 0.00382594 -0.00558853 -0.00950714 0.00179573 0.00823281 -0.00167383 -0.00916372 -0.0236407 -0.0115412 -0.0154292 -0.00735704 0.00144094 -0.0231217 -0.00344035 0.0233146 -0.0151822 
0.00326574 -0.000230889 -0.0200839 -0.00437543 -0.00299421 -0.00301895 -0.000535708 -0.00330988 0.00242658 -0.00755859 0.008954 0.00445135 -0.00253825 -0.00345998 -0.00192544 -0.00891494 0.00499542 -0.00799041 0.00453196 0.00642566 0.102526 0.00294346 -0.00532938 0.00190387 -0.0068806 0.00106569 -0.0070415 0.00121273 0.00110158 -0.00184714 -0.00397241 -0.0147723 0.00030004 0.00194589 -0.00154671 0.00909669 0.018543 -0.00129367 0.000145939 -0.0137181 -0.00813445 -0.00345543 -0.00319056 -0.0106111 -0.0179595 -0.0100329 -3.56171e-05 -0.00918327 0.00091526 0.00455398 0.00939436 -0.0012279 -0.00169304 -0.00250569 -0.00618244 0.00274266 0.0146858 0.0149853 0.00143076 0.0208841 -0.00282952 0.00338097 -0.00256997 -0.000218277 -0.00282322 0.000276756 -0.0116627 0.0183617 0.0101993 -0.00224127 -0.00397818 0.00561969 -0.00047275 0.00390286 0.017911 0.00249641 -0.00278949 0.00420046 -0.00285217 0.00123479 -0.00230439 0.00211417 -0.00320777 0.00332126 0.00224754 -0.00187305 -0.000643092 -0.00329088 0.0103063 0.000155737 -0.00716791 -0.0150687 0.00367203 -0.00655273 -0.00823356 -0.0096902 -0.0107449 -0.00997067 0.000262279 -0.026355 
0.00162335 -0.000391785 -0.0131989 0.000761078 -0.000365188 -0.000395894 -0.00320941 0.00263217 -0.00235084 -0.00168232 0.00383952 0.0016159 -0.000911633 -0.00316844 -0.00296002 -0.00623355 0.0163267 -0.00324889 0.00824837 -0.00362408 0.00294346 0.0557589 0.00576971 0.00509223 0.00522801 -0.00740835 0.000595853 -0.000436752 0.000367964 0.00460391 -0.000487619 -0.00976231 -0.00122349 -0.000275063 0.00490747 0.00352369 0.00268916 0.00108908 0.000371797 -0.00355458 -0.00291795 -0.00133451 -0.000400149 -0.00637624 0.00965291 -0.00147107 -0.00211297 -0.0067316 0.00866227 0.00421711 0.0101321 -0.000176704 -0.00143739 0.010969 0.00819288 -0.000628044 0.00261113 -0.0043326 0.00249068 -0.00235299 -0.00152402 0.000378331 -0.00211573 -0.00309699 -0.00163335 -0.000416934 0.000550546 -0.00357507 -0.00270512 -0.0042516 -4.48773e-05 -0.00130601 0.00085101 -0.00362712 -0.000581696 -0.0110666 -0.00280774 -0.00831628 0.00217465 -0.00109906 -0.00111928 -0.001992 -0.00304543 0.00204383 0.00878617 0.000205148 -0.00016342 -0.000335315 0.00121479 -0.000223841 -0.00210838 -0.00670947 -0.00569196 -0.00471946 -0.00426811 -0.00819751 -0.00590755 -0.00303088 -0.00545712 -0.00482159 
-0.0120986 0.0012113 -0.00582505 -0.000174289 -0.00535221 -0.00457799 -0.00423306 0.022346 -0.00638772 -0.00473696 -0.00593873 -0.00272393 -0.00232905 -0.0107573 0.00123526 0.0368466 -0.00916148 0.00539329 -0.00819186 0.0385577 -0.00532938 0.00576971 0.185719 0.0201359 -0.0056836 -0.0171044 0.00575182 -0.00108264 -0.0057978 0.0408809 0.0426675 0.0318302 0.000683564 -0.00569186 0.0067722 0.0155422 -0.0267241 0.00238846 -0.0016374 -0.0202764 0.0167728 -0.00908102 -0.00135389 0.0024224 0.02093 -0.0147388 -0.00729033 0.0145867 0.00668725 0.00187072 -0.0269867 0.000272968 -0.00523591 0.0143338 0.0125608 -0.0189545 -0.00596268 -0.0310169 0.00289776 -0.0202065 -0.00318334 -0.00742547 -0.0106117 -0.000331589 -0.00618423 -0.00158297 -0.00441296 -0.00163815 -0.00759706 -0.00387907 -0.0129221 -0.00391572 0.00105756 -0.0223007 -0.0137883 0.00341708 -0.00635772 -6.26818e-05 -0.0016068 -0.00271073 -0.00706414 -0.00266992 -0.00194729 -0.00232367 0.00274881 0.000967568 -0.00689771 0.00130346 -0.00821446 -0.000968964 -0.00652217 -0.0105181 -0.0170345 -0.00406757 -0.0105957 -0.00721108 -0.0156705 0.00124004 -0.0358974 -0.00704391 
-0.0128243 -0.01449 0.011925 0.00797192 0.00664283 -0.00478925 0.00498644 0.0037221 -0.0107902 0.0103075 -0.0190385 -0.0165173 -0.0138927 -0.0223266 -0.00745361 0.0273447 0.00892209 -0.00268726 0.00336935 0.0339892 0.00190387 0.00509223 0.0201359 0.209269 -0.00346011 0.0329083 0.0192855 -0.00298075 -0.0156524 0.0150361 0.0105671 0.0250161 -0.00301335 -0.0186002 0.025213 -0.00649592 0.00474451 -0.0017751 -0.00625448 0.0208497 0.00515322 -0.00184212 -0.00138871 0.0243253 0.0551484 -0.00044842 -0.00671927 -0.0067288 -0.0267726 0.0038375 -0.02012 -0.013328 -0.00724439 0.0133242 0.00739012 -0.0383298 -0.0235233 -0.0416899 0.00280394 -0.0505401 -0.00916096 -0.0211187 -0.0283563 -0.00271158 0.00575887 -0.00117683 -0.0089987 -0.0455764 -0.0468051 -0.0397125 0.00948613 -0.0253282 -0.00646351 -0.0254896 -0.00586221 0.0379715 -0.0128813 0.0144463 0.00746754 -0.00141679 -0.0114464 -0.0113649 -0.00947727 -0.0088646 0.0123387 0.00192218 -0.00596228 0.0011933 0.0124189 -0.00171894 -0.0205554 0.0120041 -0.0266908 0.00238434 -0.0122422 0.0167842 -0.00812956 0.00723466 0.0279943 0.0286381 
-0.00565404 -0.00216162 0.0020891 0.00684856 -0.00823742 0.00218688 -0.00656646 -0.00649672 -0.00670259 -0.00859304 0.00249465 -0.00463145 -0.00244543 -0.0079399 -0.0107103 -0.0094667 -0.00545606 -0.0195935 -0.00449648 -0.0350234 -0.0068806 0.00522801 -0.0056836 -0.00346011 0.144229 0.0557733 -0.0086626 0.00308533 0.00687608 -0.00768125 -0.00037815 -0.00607164 -0.000813949 0.00677478 -0.0175388 0.00264293 0.00386762 -0.00399986 -0.00382428 0.0464327 -0.0111549 0.00161982 0.00232779 0.00792035 0.0213456 0.0139493 -0.00332204 0.000772348 0.000822801 -0.00501573 -0.00477217 -0.000784665 -0.00256027 -0.0101408 -0.00245496 -0.012178 -0.0202321 -0.0330256 -0.00146643 -0.00389293 -0.00281964 -0.0151719 -0.0105488 -0.00286523 0.00595677 -0.000481174 0.0148427 -0.00914216 -0.00570324 0.0346927 -0.00723979 -0.0010656 1.95605e-05 -0.0125518 0.00806848 0.00928234 0.0491252 0.00794065 0.031432 -0.00577837 0.0048258 -0.00723415 0.00568766 -0.00432901 -0.00423075 -0.00288891 0.0047585 8.73897e-05 -0.0171688 0.00276 0.00369864 -0.0186825 -0.010761 0.00225091 -0.0110382 -0.0179328 -0.0154959 -0.0192687 -0.00116895 0.00102139 
-0.00659865 -0.014035 0.0491683 0.0244963 -0.015136 -3.5617e-05 0.0138352 -0.0172598 -0.000837346 -0.0023053 -0.0112666 -0.0224459 -0.00536747 -0.00766883 -0.0106595 0.0206122 -0.0105541 0.0116201 -0.0152297 -0.0185185 0.00106569 -0.00740835 -0.0171044 0.0329083 0.0557733 0.247399 -0.0179033 0.00333571 -0.0118561 -0.0217051 -0.00114899 0.00569784 -0.00182622 0.0012867 -0.0241296 -0.000804295 0.0160733 -0.014975 -0.0083745 0.0557437 -0.0171778 0.00557317 -0.00493089 0.052953 -0.00607201 0.0292864 -0.00765663 -0.00346386 -0.0351475 0.00113607 -0.0699134 -0.00685085 -0.00695667 -0.0415846 -0.0435334 -0.0330737 -0.0574813 -0.0532729 -0.00539435 -0.0300688 -0.00534749 -0.0325252 -0.0422009 0.00895017 0.0105656 -0.00207014 0.0190337 -0.0366191 -0.0310809 0.0194761 -0.00528788 -0.0278617 -0.00143667 -0.0246054 0.018479 0.0777771 0.0542432 0.0548704 0.0285612 0.00508751 -0.00183723 -0.0107746 -0.005508 0.000959187 -0.0344056 -0.00892246 0.000230071 -0.00444955 0.0195119 0.00115677 0.00827132 -0.012823 -0.0280532 -0.00851335 -0.0150728 0.0309986 -0.00498681 0.00154917 0.0596867 0.00474257 
-0.00706432 -0.000801125 -0.0198116 -0.00294535 -0.00294533 0.00135058 -0.00262002 0.00357186 -0.00232629 0.0119574 -0.00421096 -0.0022456 -0.00374138 -0.00192338 0.00144449 0.00598613 -0.00916713 0.00163955 -0.00390019 0.00853737 -0.0070415 0.000595853 0.00575182 0.0192855 -0.0086626 -0.0179033 0.102414 -0.00099598 -0.00299354 0.0140576 0.000905064 0.00383653 -0.000114825 0.00131458 0.00276448 0.00409733 0.000821985 0.00131493 -0.000350333 0.00324453 -0.00329226 -0.00210929 0.00127345 0.000645601 0.0120694 -0.00185776 -0.00299813 -0.0105629 -0.00588099 -0.00146843 0.00222312 -0.00179297 -0.00276307 0.0186406 0.00538268 -0.00871825 -0.00529485 -0.0101639 -0.00023541 -0.00686086 -0.000842598 0.000294325 -0.00757534 -0.00234595 -0.00936876 0.00113951 -0.0042286 -0.0118343 -0.00683222 -0.00989671 -0.00154371 -0.00322765 -0.00159649 -0.00203573 0.000680391 0.00108829 -0.00894347 -0.0124906 -0.000447276 -0.00102602 -0.000678349 0.00162702 0.000995189 0.0022105 -0.00325472 0.00523338 -0.000966309 -0.000627956 0.00657917 0.000101776 -0.000928483 0.00398726 -0.0052326 0.0127171 -5.8597e-05 0.00239825 -0.00538235 -0.000688434 -0.00357156 -0.00278993 
-0.00131481 0.000461422 -0.00754188 -0.00141598 0.00112911 0.00108527 0.00219278 0.000549475 -0.000791286 -0.000258149 0.000301182 -0.00122098 0.000225747 -0.00195359 0.000703444 0.00210575 0.000275311 -0.00212057 0.00232952 -0.00169256 0.00121273 -0.000436752 -0.00108264 -0.00298075 0.00308533 0.00333571 -0.00099598 0.0250439 6.28018e-05 0.000718885 0.0010832 -0.00149528 0.000997028 0.00297681 -0.00296511 0.0023028 0.00500048 0.000559638 0.000138113 -0.00132264 0.000102824 -0.000325425 0.00134245 0.00170435 -0.00349218 0.000621804 -0.000974116 -0.00135807 -0.00109036 -0.00085631 -0.00209599 -0.000104965 0.000409276 -0.00168958 -0.00163657 -0.00074201 0.00179479 -0.00279185 0.000275954 0.00163203 0.000610305 0.00164452 -0.00104648 0.00134409 -0.00139374 -0.000331824 -0.00111651 -0.00258098 -0.00123727 0.000645929 0.00201333 0.000222733 0.000326709 -0.000819596 0.00174351 -0.00216548 0.000433961 -0.00120233 0.0017765 0.000804681 8.72158e-06 -0.00068264 -0.000957123 0.00148042 -0.00346585 -0.000589244 -0.000593826 -0.000520756 6.82395e-05 0.00116488 0.00125394 -0.00212123 -0.000904483 -0.000493328 -0.000991197 -0.00232128 -0.00228368 -0.00236269 -0.000293771 -0.00408065 
0.00791387 -0.00188335 -0.019166 -0.0101241 0.00338041 0.000498634 -0.00275208 -0.000908103 -0.00189098 0.0116565 0.00627135 -0.0018538 0.0060267 -0.00343021 -0.0030298 0.00606794 -0.00409519 0.00187915 0.00170374 -0.0106057 0.00110158 0.000367964 -0.0057978 -0.0156524 0.00687608 -0.0118561 -0.00299354 6.28018e-05 0.0883242 0.0025413 0.00489581 0.0221819 0.00224269 0.000211827 -0.0125257 -0.00570076 -0.00823779 -0.00033165 -0.00339893 -0.0117443 0.0101194 -0.00241352 0.000837158 -0.0140267 -0.00158096 -0.0124627 0.00132911 -0.00879138 0.00494468 -0.00701888 0.00877598 8.09803e-05 -0.000804665 0.012879 0.0159081 -0.00150456 -0.000278729 -0.00773758 -0.000281607 -0.00444418 -0.00239239 -0.00380842 -0.000517727 -0.00126464 0.00227366 0.00176758 -0.00787082 0.00584761 0.000217016 -0.00714411 -0.00736288 -0.0023639 0.00141339 -0.00105553 0.0045723 -0.0193602 -0.00788686 -0.00699931 0.00435279 0.000699692 -0.00278094 1.07929e-05 0.00173137 0.00313723 0.0022963 -0.000242969 0.00252078 0.000200517 -0.0096734 0.000266303 0.000175371 -0.000227183 0.000563056 0.010159 -0.00468075 0.00855883 0.0123568 0.0116877 -0.0149941 -0.00393728 
-0.00835714 0.00355054 -0.0278512 -0.0105772 0.00285318 3.46963e-05 -0.00414017 0.00837119 0.00018703 0.00935023 -0.00274149 -0.00448951 -0.00365644 -0.00952638 -0.00196858 0.0253534 -0.0032539 -0.0020118 -0.00243066 0.0315852 -0.00184714 0.00460391 0.0408809 0.0150361 -0.00768125 -0.0217051 0.0140576 0.000718885 0.0025413 0.0944275 0.0256812 0.0125088 -0.000842454 -0.00535232 0.00930894 0.015053 -0.0112237 0.00528936 -0.00353039 -0.016973 0.00927793 -0.00401389 0.00461908 -0.0117183 0.022974 -0.0105713 -0.00238097 -0.00895333 0.00961012 0.0133709 -0.0107187 -0.00139155 -0.00249188 0.0222971 0.023581 -0.0108903 -0.00564098 -0.0171154 0.00197718 -0.0209768 -0.000602833 -0.0107304 -0.0108324 -0.00290213 -0.00470485 -0.000463882 -0.0111622 -0.00755745 -0.00875942 -0.012543 0.0017472 -0.00767239 -0.000177667 -0.00850589 0.00116575 -0.00907107 -0.00490868 -0.0130614 0.00300549 -0.000222369 -0.00321025 0.00603009 -0.00173064 0.000132208 -0.00426955 0.00180451 -0.00309354 0.00332686 -0.00177292 1.27268e-05 -0.00568327 -0.00799521 -0.00559061 -0.00666908 -0.00185264 -0.00751249 -0.011816 0.0176787 -0.0232134 -0.00869321 
-0.0133217 -0.00129439 -0.00393763 -0.0128019 -0.00295912 6.46931e-05 0.00456639 0.0101232 -0.00330115 0.0042229 -0.00639498 -0.00872027 -0.000736579 -0.00208473 -0.00482431 0.0184788 -0.0189273 0.0100529 -0.0077859 0.0177777 -0.00397241 -0.000487619 0.0426675 0.0105671 -0.00037815 -0.00114899 0.000905064 0.0010832 0.00489581 0.0256812 0.149967 0.0394058 0.0127665 0.0011523 0.00214218 0.00972785 -0.0228182 0.0019277 0.000749052 -0.0156215 0.00533031 -0.00248615 0.000628773 -0.00806887 0.00904494 -0.0116124 -0.00679982 -0.00216132 -0.002716 -0.00408427 -0.0150515 -0.00291622 -0.00196947 0.0183827 0.0195165 -0.0141469 -0.0200591 -0.024769 -0.00164187 -0.0204906 -0.00495759 -0.0164271 -0.0105419 -0.00433228 0.00217068 3.38223e-05 -0.00135859 -0.00494105 -0.0123017 -0.00800407 -0.0102015 -0.0149139 -0.00167117 -0.010473 -0.00540223 0.00222242 0.016496 0.00364371 -0.00579683 -0.00157168 -0.00345925 0.00372268 -0.00667276 -0.000983468 -0.0181342 0.00149875 -0.00286264 0.00319007 -0.00126491 0.00149802 -0.00792898 0.00875134 -0.0130302 0.00820802 -0.00665047 -0.0136079 -0.00658588 0.01121 -0.0118818 -0.0080259 
-0.0141266 -0.00911608 0.040069 -0.0106059 0.0106915 -0.00258044 0.000714572 0.00711303 -0.0113133 0.0106523 -0.0102257 -0.019142 -0.000869075 0.0164514 0.0152506 0.0319241 -0.0258147 0.0498025 -0.0135481 0.017758 -0.0147723 -0.00976231 0.0318302 0.0250161 -0.00607164 0.00569784 0.00383653 -0.00149528 0.0221819 0.0125088 0.0394058 0.209052 -0.000879679 -0.00911405 -0.0359629 -0.0169363 -0.0454266 -0.00478357 -0.00456909 0.0228453 0.0471018 -0.00808045 0.00161218 -0.00821636 -0.0148912 -0.00537053 -0.00774348 -0.000376488 -0.0101355 -0.0115628 -0.0465415 -0.0061574 -0.0046624 0.00295719 0.0116019 -0.0304582 -0.046993 -0.0442745 0.00124474 -0.0640625 -0.00727976 -0.0289457 -0.0282664 -0.00186906 0.0248628 0.000287115 -0.019294 -0.0172418 -0.029783 -0.00784391 -0.00120515 -0.0226127 -0.00264125 -0.0179454 -0.032084 0.0116126 -0.0023628 0.0292332 -0.0292768 -0.00299487 -0.0088362 -0.00294455 -0.000602699 -0.000835089 -0.0415484 -0.00523212 0.00121302 0.0104097 -0.00825224 0.0026444 -0.00916183 0.0318242 -0.0113846 0.0300969 -0.00701257 0.043506 0.0218073 0.040014 0.0111292 0.0281391 
-0.00374201 0.00191193 -0.00330012 -0.0023105 0.00135773 0.00257275 0.0026004 0.00131631 -7.19999e-05 -0.0013663 3.49731e-05 -0.00154919 0.00110154 -5.64821e-05 -0.00248769 -0.00102077 -0.00331689 -0.00146269 -0.00282836 -0.00700143 0.00030004 -0.00122349 0.000683564 -0.00301335 -0.000813949 -0.00182622 -0.000114825 0.000997028 0.00224269 -0.000842454 0.0127665 -0.000879679 0.0525643 0.0023478 0.00523751 -0.000612008 0.00439442 -0.00109988 0.00461311 -0.00618345 -0.00151282 0.00390522 -0.0013388 0.000490455 0.00268773 -0.00552184 0.000420226 -0.000665303 -0.000347059 -0.00258293 0.00311718 -0.000490097 -0.000616111 -0.00480458 -0.00459523 -0.00413896 -0.00582706 -0.0052732 -0.000324509 -0.00257823 -0.00050377 -0.0035335 -0.000330858 -0.00135782 0.00136927 0.000108598 0.00201888 -0.00160924 -0.00188548 0.00312679 -0.00237518 -0.000846514 -0.000579601 -0.000577742 0.00333966 -0.00870472 0.00275057 -0.00941507 -0.00268471 -0.0028798 -0.00158983 -0.000814195 0.000165191 -0.000246415 -0.00853177 0.000794725 0.00100324 0.00306101 0.00810755 0.000359115 0.000808028 0.0162953 -0.00328148 0.00379505 -0.00176941 -0.00544603 -0.00468383 -6.03744e-05 7.63044e-05 -0.00339494 
-0.00124412 -0.000894769 -0.0203616 -0.00592689 -0.00581907 0.000505199 -0.00154638 -0.00369546 0.000103459 -0.00405835 0.00509769 -0.00109451 0.0017134 -0.00060399 -0.00340994 -0.00919337 -0.00518236 -0.0055341 0.00240929 0.0128647 0.00194589 -0.000275063 -0.00569186 -0.0186002 0.00677478 0.0012867 0.00131458 0.00297681 0.000211827 -0.00535232 0.0011523 -0.00911405 0.0023478 0.088946 -0.00715382 0.00368916 0.0209248 0.000244779 0.00823428 -0.00675542 -0.000765982 -0.000338115 -0.00315505 -0.00620096 -0.00511305 0.0176956 -0.00174363 -0.00383783 -0.00350485 -0.00591148 -0.00549176 -0.00053631 -0.000336381 -0.0107073 -0.0047391 -0.00078916 0.0023405 -0.00277179 0.00119774 0.00976927 0.000377629 0.00380878 -0.0065176 0.00269232 -0.00460584 0.00142222 0.00872465 0.00908189 -0.00141302 0.0170774 -0.00301753 0.00138544 -5.3726e-05 -0.00331176 0.0171413 -0.00208057 -0.00220896 -0.00772378 0.00138645 -0.000998709 -0.00136932 0.000732876 -0.00275229 0.00513564 -0.0134556 -0.00240376 7.51781e-05 -0.00187017 0.00213046 0.00115873 0.00122371 -0.0106436 -0.00311938 0.00133909 -0.00380069 -0.0115671 -0.010176 -0.0106551 0.0200026 -0.00744803 
-0.00793218 -0.00362602 -0.0105868 -0.00597621 -0.00216674 -0.00113209 -0.000520564 0.00270274 0.00121968 -0.0137555 -0.00517237 0.0181991 0.00155746 0.0134467 -0.00353171 -0.00279116 0.00605614 -0.00936955 -0.00240349 0.0128985 -0.00154671 0.00490747 0.0067722 0.025213 -0.0175388 -0.0241296 0.00276448 -0.00296511 -0.0125257 0.00930894 0.00214218 -0.0359629 0.00523751 -0.00715382 0.144148 -0.00197479 -0.00020405 0.002971 0.00192798 0.0031255 -0.0123563 -0.00494422 -0.00350473 -0.00307732 0.0135204 -0.0196284 -0.00119838 -0.0134169 0.00911051 -0.00110826 0.0247607 -0.00231099 0.0012269 0.00721145 0.000638526 -0.0029773 0.0081982 0.0019554 -0.00221814 0.006081 -0.00372146 0.0135015 0.00949725 9.04541e-05 -0.00874824 -0.000510387 -0.00580943 0.000467108 0.00606267 -0.0179426 0.00775158 0.0127787 -0.00245078 0.00917841 0.000706134 -0.0248552 -0.0158195 -0.013707 -0.00969599 -0.00259271 -0.00389959 -0.000971163 -0.00932456 -0.00632008 0.0131813 0.00364642 -0.00298144 -0.00145662 0.0219534 -0.00108572 -0.00783845 0.0296764 -0.00720698 -0.0160901 -0.000335974 -0.0124498 0.00219577 -0.0164033 -0.0212142 -0.0148505 
