0.10174 -0.000262697 -0.00495001 0.00898961 -0.00241452 0.00767066 -0.0111949 -0.0044631 0.0103273 0.00318781 -0.00873036 -0.0148142 0.000452002 -0.0086369 0.0101213 0.00699632 -0.000959931 0.0127396 -0.0100731 -0.00279021 -0.00250413 -0.0199945 -0.0013444 -0.00710727 0.00100939 0.00356816 -0.00550531 -0.00349086 0.00183557 0.00220878 0.000435053 0.0221872 -0.000750129 -0.00808695 0.00353747 0.00370793 -0.00278424 0.00106018 -2.56716e-05 0.0177917 -0.0114551 -0.0013423 -0.0022182 0.0076891 -0.00942447 -0.00295484 0.00523519 -0.0108351 -0.00920977 -0.00983986 -0.00212833 0.00136241 -0.0034541 0.00135256 -0.0140684 -0.000560948 -0.00252098 -0.00595119 -0.00599299 -0.0160083 0.0017768 -0.00220989 0.00272589 -0.00126039 0.00231663 0.00474751 -0.00262296 0.00355519 -0.000776853 -0.00911516 0.00399727 0.00744934 0.00796326 0.00398942 -0.0130162 -0.00423948 -0.00172336 0.00974284 0.00108124 -0.00235731 0.000102254 0.0032101 0.000798485 0.0052943 -0.000289255 -0.0032326 0.0108152 -0.0167302 -0.00200056 -0.00269214 -0.00550741 -0.00333711 -0.000697341 0.0094342 -0.00208737 0.00189321 -0.00776501 -0.00105556 -0.00160145 -0.00293216 
-0.000262697 0.0321207 -0.00178603 0.000147813 0.00440063 0.00107887 -0.000105542 -0.00101924 -0.00481591 -0.000848308 -0.000764653 -0.00134366 0.000379304 -0.0039545 0.000340019 -0.00167029 0.000148135 -0.00613115 -0.000735564 -0.000624928 -0.0017515 0.000993877 -0.000840181 0.00226153 0.00171072 0.000555709 0.00116168 -0.000205831 -0.00108579 -0.000984258 0.000555684 -0.00218769 0.000620302 0.00142517 0.00167154 0.000728037 0.00311319 0.00350407 0.0004091 0.00220881 -0.000373614 0.00107898 -0.00241537 -0.000812089 0.00304685 -0.00100542 -8.10259e-05 0.00112656 -0.00516394 -0.00272453 -0.000510474 -0.00403692 -0.00122566 -0.00209542 -0.00122643 -0.000425159 0.00640506 0.00416476 -0.00861949 0.00293942 1.50259e-06 -0.00218928 3.02129e-05 0.00218589 -0.000353043 -0.000910151 -0.000505311 0.00174651 0.00509881 -0.00364733 -0.00116331 -0.00327165 -0.00519853 0.00132213 -0.000166846 0.000120994 -0.000203953 -0.00503115 0.000709095 0.000498589 -0.00108773 -0.00057653 0.00055134 -0.00523661 -1.23819e-05 0.00661172 0.00329554 -0.00690654 0.00398383 -0.00108655 -0.00243341 0.000825379 -0.00207826 -0.00146349 0.000375243 7.37279e-05 -0.00127773 0.00118892 5.53184e-05 -0.000338239 
-0.00495001 -0.00178603 0.103369 -0.00857561 0.00027173 -0.000916862 0.0121449 0.000376403 -0.00648996 0.00249204 -0.00615943 0.00707296 0.00233468 0.0204499 -0.00723535 0.000510184 0.00325452 0.0004882 0.00640022 -0.00305985 -0.00620008 -0.0271383 -0.00609151 -0.00599201 -0.000510936 0.000705714 -0.0153769 -0.00717825 -0.00311669 0.00454238 0.000194077 -0.0157689 0.00258204 -0.00687246 -0.00160832 -0.0024732 -0.00738397 -0.00199322 -0.000752167 -0.000909312 -0.00735609 -0.00117697 -0.00287896 0.000591543 -0.00989878 -0.00289317 0.00348049 0.0274957 -0.0103607 0.00539992 -0.000622476 -0.00985087 -0.00906133 -0.0140072 -0.0104987 -0.00147039 -0.0168539 -0.00392757 0.0170346 -0.00878926 -0.00107403 -0.00483238 -0.00200238 -0.00404372 -0.00018388 -0.00403965 -0.00227732 -0.00202832 0.00105189 -0.00425577 0.00395229 0.018053 0.0147074 0.00537331 0.00175525 -0.00350455 -0.00196472 0.00418675 -0.0036807 -0.00314441 0.00860184 -0.000936434 -0.00223967 -0.00912435 -0.000424701 -0.00915339 -0.00357802 0.0225586 -0.00520644 -0.00291908 -0.00321942 0.00523277 0.00134364 -0.00230912 0.0019573 0.00224246 0.0222841 0.0045125 -0.00171353 -0.00296296 
0.00898961 0.000147813 -0.00857561 0.0853931 -0.00736449 0.00592079 -0.00672575 0.013681 0.0161789 -0.00429695 -0.00503228 -0.0119149 -0.00441589 -0.012736 0.00476672 -0.00090912 -0.00142332 0.00296418 -0.00983143 -0.00242117 -4.54615e-05 -0.00272374 -0.00335227 0.00793513 0.00653432 0.00593117 0.00962473 0.000572421 -0.000908234 -0.00239263 0.000371188 0.0104336 -0.000655049 0.00180521 0.00140574 -0.00127996 0.0044405 -0.00829838 -0.000782808 -0.0152402 -0.00425085 0.00546986 -0.00102561 0.00836972 -0.00184442 0.0181718 -0.00338518 -0.00918217 0.0135474 -0.0175616 -0.00111583 -0.00299795 0.00840037 -0.00346358 -0.0156057 -3.40555e-05 -0.00656207 -0.0100857 -0.0178546 -0.00589188 -0.00100123 -0.00144626 0.00447924 -0.000789687 0.00252389 0.00214164 0.00347913 0.00431058 0.00229023 -0.00637991 5.42356e-05 -0.00712311 0.00305325 -0.00718542 -0.00404319 -0.00144951 0.00204231 -0.0037085 -0.000801274 -0.0023107 -0.00577859 0.000922066 0.00137589 0.0108205 0.000107465 0.00499551 -0.00679752 -0.0208739 -0.00234709 -0.00523213 0.00283513 0.00101066 0.00390726 0.00987034 0.000683035 0.00263387 -0.0156438 -0.00252701 -0.000497221 0.00353125 
-0.00241452 0.00440063 0.00027173 -0.00736449 0.160672 -0.00243745 0.0239717 -0.00741449 -0.0382929 -0.00212074 0.0161994 0.0241498 -0.00467222 0.0214202 -0.0111207 0.0128561 -0.00489564 -0.0360593 -0.0171177 -0.00504868 -0.0144088 -0.0225007 -0.00700305 -0.0273767 -0.0129817 -0.00304204 -0.0294397 -0.00224996 -0.00419818 -0.00737068 -0.000359211 -0.0235901 0.00264807 -0.0131285 0.00576862 0.00369285 -0.00668724 0.0790412 0.0024118 -0.00670729 0.00644876 -0.0185605 -0.00243442 -0.00532033 0.021575 -0.00842133 -0.0058051 0.00672738 -0.018487 0.0232435 -0.00273682 0.0126361 -0.0135374 -0.000755592 0.0321025 -0.00253853 0.013679 -0.00760067 0.0146988 0.00340405 -0.00155531 -0.0172327 -0.00383318 0.00806165 -0.00512604 -0.00542743 0.002146 -0.00426012 -0.00549776 -0.0317812 -0.00675638 -0.00466578 -0.00108833 -0.0159319 -0.0312166 -0.0132628 -0.00353286 0.0116782 -0.00479226 0.00601784 0.0166673 -0.0039967 -0.00168628 -0.0197541 -0.000128973 0.00358177 -0.00371915 0.0352029 0.00713372 0.00668789 -0.00843943 0.00548503 0.00822359 -0.000605749 -0.0038427 -0.00309066 0.0136878 -0.00465166 -0.00121319 -0.00330346 
0.00767066 0.00107887 -0.000916862 0.00592079 -0.00243745 0.0251925 -0.0023298 0.00377595 0.00193097 0.00251317 -0.000991168 -0.0103296 -0.00042642 -0.00219885 0.00100024 -0.000339919 -0.000930528 -0.00329875 -0.00122913 -0.000303829 -0.000664887 -0.000490107 -0.000275115 -0.00178178 0.00423741 0.000194397 0.000346655 -0.000786572 0.00168556 -0.000507136 0.000285318 0.00393623 0.00012362 0.000673371 -0.00023142 0.000553915 0.00178551 -0.0061632 9.31809e-05 0.00156364 -0.00259358 0.000432877 -0.000446493 0.00119667 0.000115887 0.00179773 -0.00159783 -0.00168136 -0.00494927 -0.00168734 0.000214135 -0.00934673 0.00163568 -0.00355905 -0.00703675 0.000280702 -0.000788265 0.00257242 -0.00935185 -0.000647805 -0.000237784 -0.00104782 0.00102685 0.000438558 0.0029216 0.000446519 0.0010887 0.00275894 0.000162139 -0.00542546 0.00361262 0.00323848 -0.00388617 -0.000377261 -0.000919174 -0.000495183 0.000388582 -0.00822727 0.00430258 -0.000650641 0.000288599 0.000816456 -0.000147841 0.00070832 0.000206488 0.00374881 0.0031537 -0.00943722 0.000167237 -0.000252892 -0.000609742 0.00349196 0.00220473 0.00320672 0.000208191 0.000728843 -0.00162163 0.000843571 -0.000264802 0.000952477 
-0.0111949 -0.000105542 0.0121449 -0.00672575 0.0239717 -0.0023298 0.147177 0.0125536 -0.0139032 -0.00802657 0.00517937 0.0287705 -0.00894532 0.0208331 -0.0030955 0.0104033 0.00127901 -0.0136633 0.00654858 -0.0038256 -0.0124274 -0.0234539 -0.00787353 -0.0129709 -0.0126773 -0.00853122 -0.0292018 -0.00678793 -0.00499838 -0.00121418 0.00175291 -0.0125743 -0.000633059 -0.00942458 0.00238346 -0.00181155 -0.015507 0.0377702 -0.000656145 -0.00532503 -0.00462448 -0.00846204 -0.0034762 -0.0126584 -0.00597249 -0.00263276 0.0395969 0.027494 -0.0166733 0.0184254 -0.00164167 0.012607 -0.00959956 -0.0175527 0.0333534 -0.00119311 -0.0167567 -0.0215806 0.0396383 0.00755128 -0.00158767 -0.0206749 -0.00387841 -0.00331255 -0.00124928 -0.00642938 0.00398094 -0.0051537 -0.0096698 -0.0107511 -0.000123902 -0.00111692 0.00274366 -0.00899345 -0.00812024 -0.0111507 -0.0034046 0.0113138 -0.00426788 -0.00432154 -0.000609645 -0.00541202 -0.00111355 -0.0276164 -0.00156499 -0.0122621 -0.0177404 0.0540866 -0.00760427 -0.008438 -0.00764019 -0.00858596 0.00305025 -0.00900985 -0.0055009 -0.00284002 0.0186416 -0.000107616 -0.00247363 0.000182782 
-0.0044631 -0.00101924 0.000376403 0.013681 -0.00741449 0.00377595 0.0125536 0.24147 -0.0111623 -0.0108321 -0.023703 0.0188843 -0.0190767 -0.0271724 -0.0234814 0.0147683 -0.00307618 -0.0484501 0.0126464 -0.00688739 -0.011444 0.036623 -0.00333294 -0.0236253 0.00142087 -0.00780772 0.0216771 -0.0199638 -0.00202893 -0.0176078 -0.00125982 0.00885241 0.0005524 0.0252986 -0.0129047 -0.00643329 0.0146001 0.00928235 -0.00155973 -0.0319894 0.0195385 0.0360629 -0.0254278 -0.012004 0.00235223 -0.00668488 0.0319027 -0.0130837 -0.0206762 -0.00811048 -0.00518577 -0.0326524 -0.0142159 -0.0434428 0.020161 -0.00135989 0.010349 0.024907 0.0182424 0.0434114 -0.00396604 -0.021519 -0.00678467 -0.000460506 0.000844846 -0.0103639 -0.00301055 0.00594539 -0.00801385 -0.021512 0.00185536 0.000531902 -0.0224872 -0.0368953 0.00817648 -0.0210641 -0.00420894 -0.0209711 0.00169455 -0.0110006 -0.00367484 -0.0101159 0.00255097 -0.0121881 -0.00205153 0.0531508 -0.012067 0.0260957 -0.00484968 -0.0209378 -0.02234 0.0118325 0.0056039 0.00541699 -0.00586639 -0.000408466 0.0239755 0.00017253 -0.000942792 0.00600258 
0.0103273 -0.00481591 -0.00648996 0.0161789 -0.0382929 0.00193097 -0.0139032 -0.0111623 0.167827 0.000644693 -0.0184803 -0.0108207 0.00809397 -0.0107896 0.0109683 -0.0166602 0.00053745 0.0571009 -0.000329461 0.00056937 0.00718112 0.00526286 -0.000513202 0.0321057 0.0056628 0.000912716 0.00332581 -0.0131098 0.000704442 -0.00364741 -0.00172741 0.00739667 0.000359258 0.00638142 -0.00250678 -0.0055056 -0.00509728 -0.0425627 -0.00153247 -0.0117979 -0.0119854 0.0022946 0.00085326 0.00489167 -0.00950528 0.00953163 0.0151995 -0.0121989 0.045227 -0.0361852 0.00464158 0.0133274 0.00323205 -0.0201941 -0.026868 0.00439912 -0.0194579 -0.0195694 -0.00918821 -0.0122432 0.000483585 -0.0024454 -0.000657502 -0.00455604 0.00408879 -1.99126e-05 -0.0062428 0.000353373 0.00355091 0.02712 0.000374354 0.0126286 0.00733535 -0.00062064 0.00137349 0.0165467 0.00103462 0.0163896 0.00418989 -0.00388717 -0.0215076 0.000546595 -0.00181839 -0.00759838 -0.000337015 -0.019059 -0.0094832 -0.0275548 -0.0102288 -0.00853121 0.0225507 -0.0136242 -0.00469563 -0.00307954 -0.00190219 0.000287229 -0.0198637 -0.00763559 0.0025787 0.00398716 
0.00318781 -0.000848308 0.00249204 -0.00429695 -0.00212074 0.00251317 -0.00802657 -0.0108321 0.000644693 0.0924656 0.000817396 -0.0264471 0.00546518 0.0155681 -0.00448067 -0.00826582 -0.00227824 -0.0208857 -0.00692311 -0.0024663 0.00116573 -0.00460512 0.00290694 -0.00968175 0.00782109 -0.000562567 -0.00960309 -0.00469751 0.00705106 0.00626621 0.000318245 -0.00178647 -0.00076091 0.00962975 -0.00193317 0.00138914 -0.00255559 -0.0240384 0.000910137 0.0345158 -0.00930133 0.00145054 0.00151391 0.000979551 -0.00316901 -0.000537755 -0.00894544 -0.000249499 -0.00478546 -0.00202017 -0.000818329 -0.0343682 -0.00112231 -0.00438432 -0.0314427 0.00102833 0.000101226 -0.00246586 -0.0186114 -0.0147228 0.00103721 0.010779 -0.000481215 0.00567879 0.000810943 0.000110394 0.00173735 0.0182602 0.000590033 0.0030784 0.00894672 0.0277931 -0.014525 0.0105032 0.000686341 0.00916266 -0.000703704 -0.02641 0.00223653 0.000351104 -0.00595828 0.000291772 -0.000338165 -0.000677853 0.000402564 -0.0033295 0.0113785 -0.0226175 0.00257252 0.0200417 -0.00470686 0.0134127 0.00147638 -0.00423093 0.0076782 -0.000939258 0.0136307 0.00776113 -0.00161018 0.000959558 
-0.00873036 -0.000764653 -0.00615943 -0.00503228 0.0161994 -0.000991168 0.00517937 -0.023703 -0.0184803 0.000817396 0.0993289 -0.00843576 0.00374968 0.0106722 -0.0101833 0.00482737 -0.00354837 -0.0209327 -0.00979376 0.00304971 0.00441608 -0.00229544 0.0025404 -0.0125641 0.00170952 0.00934171 -0.00524493 0.0206339 0.000369502 0.00161546 0.000252399 -0.00509582 -0.00152313 -0.00671745 0.000513878 0.00280704 0.0023275 0.00474415 -0.000102709 0.00834115 -0.000268622 -0.00426396 -0.00475972 -0.00341218 0.00866189 0.000383431 -0.00964062 0.00442626 -0.00136123 0.0142922 -0.00244786 -0.000204764 0.0119114 0.0165769 -0.00142121 0.00221809 0.0195883 -0.00507253 -0.0110684 -0.0105831 -0.000739409 0.00423193 2.07448e-05 -0.00306347 -0.00172543 0.0022742 0.00694421 0.00128263 -0.00499653 -0.0119245 -0.000701398 -0.00363186 -0.0177765 0.00547387 -0.0122274 0.00100456 -0.00195513 -0.0220489 0.00168037 0.00408866 -0.00466815 0.00267253 0.00262779 -0.00289953 0.00067745 -0.0122165 -0.00673889 -0.00967033 -0.000927482 0.0114255 -0.00101834 0.00700146 -0.00251976 -0.00399859 0.00129412 0.00071557 -0.00525766 -5.08957e-05 -0.00135501 0.00200367 
-0.0148142 -0.00134366 0.00707296 -0.0119149 0.0241498 -0.0103296 0.0287705 0.0188843 -0.0108207 -0.0264471 -0.00843576 0.19955 -0.0174555 0.000757387 -0.00375267 0.0197011 0.00131331 0.0295237 0.0159857 -0.00692261 -0.0190339 -0.00317181 -0.0113574 0.0105432 -0.03959 -0.021034 -0.00999114 -0.0118588 -0.00687771 -0.0137798 -0.00421413 -0.00979638 -0.0046194 -0.0256734 -0.0192556 -0.0104123 -0.017797 0.0597447 -0.000300665 -0.0339606 0.00778696 -0.025678 0.00116778 -0.0204601 -0.0103519 -0.00904125 0.0247975 0.0189192 -0.00382153 0.0239099 0.00430351 0.0710754 -0.0331173 0.00122601 0.0810406 -0.0064992 -0.0257618 -0.0195219 0.0713355 0.0265821 -0.000792507 -0.0263851 -0.00863393 -0.0168353 -0.0101655 -0.0224885 -0.00929206 -0.0197057 -0.00404753 -0.0186233 -0.0231729 -0.0220519 0.0416146 -0.0353356 0.00197391 -0.0348267 -0.0110341 0.0651213 -0.0237156 -0.00558696 0.0097774 -0.00989599 -0.00294887 -0.00194143 -0.00260833 0.00557104 -0.0131746 0.0844796 -0.011636 -0.019733 -0.0059036 -0.0286021 0.000722814 -0.00406796 -0.0154487 -0.00825109 0.0104702 -0.0051286 -0.00184377 -0.0147811 
0.000452002 0.000379304 0.00233468 -0.00441589 -0.00467222 -0.00042642 -0.00894532 -0.0190767 0.00809397 0.00546518 0.00374968 -0.0174555 0.0793698 -0.00401808 0.0025353 -0.00547488 0.0029792 -0.00104503 0.000152706 -0.000384259 0.00794828 0.00132654 0.00173005 0.00316255 0.0128937 0.000268784 -0.00894359 -0.00303186 0.00504303 0.00411854 -0.000290935 -0.00701072 0.0032762 -0.00271312 0.00979042 0.00160745 0.00231406 -0.0125126 -0.000396085 0.00662376 -0.00448725 0.00334569 -0.00101263 0.0109832 -0.00170416 -8.06457e-05 -0.0144595 -0.00286354 0.000788577 -0.00256519 0.000258168 -0.00927294 -0.00157682 -0.0029228 -0.0208143 0.0015439 0.00533729 0.00953104 -0.0207599 -0.00963866 0.00138358 -0.000367817 0.00247939 0.00664615 0.00119955 0.000179895 -0.00165103 0.000526697 -0.00311557 -0.0134641 0.00336229 -0.00114187 -0.00382042 0.0146045 -0.00217702 0.0120818 0.000521031 -0.0115372 -0.00115531 -0.00035641 -0.00214197 0.0053847 -0.000820871 -0.0155716 0.000364255 -0.00437166 0.0128111 -0.0233788 0.00163889 0.00191957 0.0134014 0.0049381 8.79529e-05 -0.00261012 0.00859519 0.0017463 -0.0058624 -0.00343051 0.000330544 -0.00165967 
-0.0086369 -0.0039545 0.0204499 -0.012736 0.0214202 -0.00219885 0.0208331 -0.0271724 -0.0107896 0.0155681 0.0106722 0.000757387 -0.00401808 0.17901 -0.0115178 -0.0115034 -0.00359603 -0.0178132 0.00297258 -0.00325105 0.00182055 -0.0287619 -0.005002 -0.0222553 -0.0116326 0.00351898 -0.0252818 -0.0126345 -0.00208012 0.00683446 -0.000294573 -0.0208594 -0.00475686 -0.00334815 -0.00399297 -0.00167323 -0.0243215 0.00946293 0.00119115 0.00361384 -0.0116751 -0.0154537 -0.00354806 -0.0081169 -0.00533577 -0.0116492 0.0183751 0.0303105 0.00330469 -0.00251228 0.00280524 -0.00143588 -0.00244909 -0.0139811 -0.0111377 -0.000690232 -0.0324479 -0.0272266 0.0232544 -0.0120723 -0.00208693 -0.00784493 -0.0028945 -0.00440584 -0.00287523 -0.00730935 -0.00339937 -0.000268993 -0.00264084 0.011517 0.00318008 0.0354342 -0.0117752 0.00974485 -0.0130078 0.0048025 -0.00346923 -0.000780438 -0.00132664 -0.000590349 0.0161406 -0.00219163 -0.0038445 -0.0148372 -0.000583979 -0.0220788 -0.00218093 0.0346516 -0.00759137 0.0287565 -0.00232237 0.0144409 0.00269454 0.00251201 -0.00194924 -0.00156145 0.0211556 0.0091762 0.000205518 -0.00295609 
0.0101213 0.000340019 -0.00723535 0.00476672 -0.0111207 0.00100024 -0.0030955 -0.0234814 0.0109683 -0.00448067 -0.0101833 -0.00375267 0.0025353 -0.0115178 0.121382 0.00524392 0.00499578 0.0203296 -0.00638403 -0.00192897 -0.00200912 -0.00502236 0.0011064 0.00148491 0.0018204 -0.00091688 -0.00789355 -0.00751869 -0.00135764 -0.00315311 0.000643778 0.00296143 -0.000708223 -0.00739882 0.00461357 -0.00130092 0.00996347 0.000781316 0.00011652 -0.015033 -0.0076418 0.0117869 0.0167047 0.00222426 -0.00493366 0.00139065 0.00651498 -0.0028952 -0.015696 -0.0181587 0.00392404 -0.00208653 0.000961843 -0.00371158 -0.00522439 0.00148496 0.000688551 -0.00983997 -0.00489884 0.00348438 -0.00030011 -0.0128477 0.00489974 0.00112592 0.000618226 0.0054582 0.00174234 0.000505979 0.000329318 -0.00462406 -0.00654751 -0.0153638 0.0104385 0.000201897 -0.0126534 0.0105087 0.00339455 0.0132636 0.00875598 0.000698394 -0.00137787 -0.000984663 -0.00120207 -0.0162209 -0.000428325 -0.00403854 0.000521556 0.0021954 0.00305335 -0.00908882 0.00542563 -0.0104839 -0.00752672 0.00310029 0.000357416 0.00154314 -0.012607 -0.00391031 -0.00197068 0.00027696 
0.00699632 -0.00167029 0.000510184 -0.00090912 0.0128561 -0.000339919 0.0104033 0.0147683 -0.0166602 -0.00826582 0.00482737 0.0197011 -0.00547488 -0.0115034 0.00524392 0.124598 -0.00360121 -0.00243793 0.00378252 0.000476819 -0.00643981 -0.0183361 -0.00390669 -0.0149317 -0.00668282 -0.00024128 0.0120393 0.00638392 -0.00415465 -0.003777 -0.000392007 0.011235 0.000611566 -0.00686961 -0.00116813 -0.000901518 0.00834827 0.023521 -0.00045832 -0.0229608 0.00231665 0.0020693 -0.00132877 -0.00660761 -0.00468164 -0.00384623 -0.00930317 -0.0010984 -0.017423 -0.00314472 -0.00235769 -0.00453572 -0.00916512 0.00286735 0.0242943 -0.000334215 -0.00335377 -0.000991059 0.00558879 -0.00278237 0.00111832 -0.0105657 -0.00230146 -0.0027371 -0.00184935 -0.00489919 -0.0016059 -0.00207968 -0.00749531 -0.0252333 -0.00732456 -0.0202529 0.0207513 -0.0102439 0.000901413 -0.0140329 0.000580956 0.0120664 -0.000495603 -0.00178421 0.00222366 -0.00291206 0.00235557 0.00473508 -0.000638818 0.00597834 -0.00788232 0.015276 -0.00124753 -0.00973492 -0.00220468 -0.00690018 0.00474252 -0.00204382 -0.00575264 -0.000468149 -0.00262309 -0.00319845 -9.44516e-05 -0.00252987 
-0.000959931 0.000148135 0.00325452 -0.00142332 -0.00489564 -0.000930528 0.00127901 -0.00307618 0.00053745 -0.00227824 -0.00354837 0.00131331 0.0029792 -0.00359603 0.00499578 -0.00360121 0.0450369 0.00296112 -0.000808464 0.000480474 -0.00117047 0.00236326 0.00132076 0.0084164 0.00225047 -0.0012445 -0.00560225 -0.00142548 -0.000467708 -0.00161853 -0.000138941 -0.00555241 -0.000709485 -0.00265241 -0.00176155 -0.00113722 -0.00256823 -0.00492072 -9.76122e-05 -0.00416564 -0.00152997 0.0052141 0.00288152 0.00184264 -0.0024535 0.000630542 0.00207855 -0.00166393 -0.00302779 -0.00201939 1.32662e-05 0.00146739 -0.00235744 0.00257127 -0.00311714 0.000640363 -0.00597057 0.00477974 0.0116163 0.00059994 -0.000194582 -0.0031013 0.000101587 -0.000624545 -9.43193e-05 -0.000746217 0.000268777 -0.00165009 -0.000806067 0.00626896 -0.00208184 -0.000817496 -0.00384803 0.000272678 -0.000917316 0.000384682 -0.000898272 0.00494778 -0.00115708 -0.00130209 -0.00258198 0.00126867 -0.000689405 -0.0069663 -0.000336457 -0.00293618 0.00368566 -0.000450514 -0.000737177 0.000318914 0.000160164 -0.00247452 -0.00250131 -0.0029857 0.00151762 0.000830969 -0.00605869 -0.000754779 -0.000361419 -0.00113441 
0.0127396 -0.00613115 0.0004882 0.00296418 -0.0360593 -0.00329875 -0.0136633 -0.0484501 0.0571009 -0.0208857 -0.0209327 0.0295237 -0.00104503 -0.0178132 0.0203296 -0.00243793 0.00296112 0.228095 -0.00129972 -0.00267392 0.0210946 -0.00687574 -0.00583948 0.0502381 -0.0137372 -0.00384818 0.0135294 -0.00343746 -0.000590269 -0.000829791 -0.00410362 -0.00453651 -0.00177443 -0.0150064 0.000945625 -0.00756449 -0.0115718 -0.0237072 -0.00165501 -0.0390027 -0.0262486 -0.0140436 0.0145755 -1.86034e-05 -0.0228726 0.00102148 0.0121001 -0.00290758 0.0425334 -0.0340365 0.00847651 0.0507653 -0.00374506 0.00206199 -0.016111 -0.00296785 -0.0306196 -0.0227718 0.0181333 0.0045797 -0.00212357 0.00355536 0.00459004 -0.0197196 -1.94246e-05 -0.0032425 -0.00956893 -0.016342 0.00497397 0.0292416 -0.00698383 -0.0168216 0.0394139 0.00106471 0.00329611 0.00954042 -0.00267112 0.0771046 -0.0049506 -0.0065452 -0.0208323 -0.00563008 -0.000881768 0.0100694 -0.00203332 -0.0250425 -0.0108048 0.0139055 -0.0119788 -0.0202237 0.0263041 -0.0290994 -0.0210936 -0.00375323 -0.00697697 -0.00226958 -0.0496899 -0.0126203 -0.00155668 -0.00872785 
-0.0100731 -0.000735564 0.00640022 -0.00983143 -0.0171177 -0.00122913 0.00654858 0.0126464 -0.000329461 -0.00692311 -0.00979376 0.0159857 0.000152706 0.00297258 -0.00638403 0.00378252 -0.000808464 -0.00129972 0.135887 0.0123905 0.0063416 0.0458458 0.00767384 0.0128835 -0.0101389 -0.00902671 0.0182494 -0.00926085 0.00267676 0.00238564 -0.000573995 -0.00394545 -0.00239297 0.00649995 -0.00218711 -0.00535447 -0.0020433 -0.0334511 -0.00116477 -0.00350494 0.0186283 -0.0020595 -0.00648453 -0.00316887 -0.000849421 -0.00718534 -0.00521523 -0.00332256 -0.0221857 0.00330352 -0.000399719 -0.00290161 -0.0119559 -0.02158 -0.00259064 -0.000768836 -0.000677131 0.00532881 0.0042688 0.0210124 -0.000198371 -0.0102873 -0.00395477 -0.00437918 -0.00080797 -0.00559314 -0.00478257 -0.00420733 -0.00572436 0.0162308 -0.00793428 -0.00752797 -0.014323 -0.0136146 0.0386151 -0.0117284 -0.00221935 -0.022707 -0.00448841 -0.00351786 -0.00804445 -0.00446256 0.00415534 -0.016296 -0.000593748 0.0135928 -0.0124985 0.00991594 -0.00186011 -0.00693559 -0.00754189 -0.0114224 -0.00134278 -0.00286261 -0.0053636 -0.0019759 -0.000956343 0.0110578 0.00341932 0.000215547 
-0.00279021 -0.000624928 -0.00305985 -0.00242117 -0.00504868 -0.000303829 -0.0038256 -0.00688739 0.00056937 -0.0024663 0.00304971 -0.00692261 -0.000384259 -0.00325105 -0.00192897 0.000476819 0.000480474 -0.00267392 0.0123905 0.0430064 0.00165576 0.00498583 0.00634898 -0.000933003 0.00163199 -0.000794603 -0.000820151 -0.00129124 0.00148022 -0.000756233 -5.94995e-05 0.00113824 -0.000867403 0.0025682 -0.000792766 0.00204711 -0.00420502 -0.0120315 9.82274e-05 0.000697072 0.0146347 -0.00219827 0.000535485 -0.000860804 0.00382003 -0.000672642 -0.0016932 -0.00461189 0.00377262 0.00962798 -0.00137659 -0.00201691 0.000462548 0.000716242 -0.00020727 0.000556039 -0.00327151 0.0124896 -0.00506868 0.000823635 0.000425646 0.000936102 -0.000182784 0.00283716 0.00204998 -0.000751972 0.00201943 -0.000701622 -0.000386523 0.000862657 -0.00183941 -0.00219834 -0.00683935 -0.0037397 -0.000125478 -0.00220387 0.00153767 -0.0124984 0.000831536 -0.000344002 -0.00290077 0.00108181 -0.000377456 0.00262636 0.0014439 -0.00312518 -0.000179387 -0.00992651 0.00137036 -0.00251735 -0.00267124 -0.00283152 0.000376453 -0.00299643 -0.000761741 0.000361041 -0.00518189 0.00087742 0.000582914 0.00211468 
-0.00250413 -0.0017515 -0.00620008 -4.54615e-05 -0.0144088 -0.000664887 -0.0124274 -0.011444 0.00718112 0.00116573 0.00441608 -0.0190339 0.00794828 0.00182055 -0.00200912 -0.00643981 -0.00117047 0.0210946 0.0063416 0.00165576 0.0844316 0.0116786 0.000364498 -0.00240677 0.00163414 0.00499102 0.0099469 0.0116857 0.00401174 -0.000774557 -0.000525523 -0.0058086 -0.000822801 -0.000942521 0.00139024 -0.00146468 0.00335258 -0.0269257 -0.000612483 -0.0131773 -0.0110588 0.0105128 -0.00204584 0.00454602 -0.00397307 0.00146749 -0.00573633 -0.00930534 0.00152228 -0.0138169 0.0004826 -0.00357802 0.014141 0.0100965 -0.0307129 0.00188234 0.0188105 -0.0014339 -0.0165182 0.001078 -0.00100556 0.0120349 0.00546164 -0.00486681 0.000531164 0.000931945 0.000272003 -0.0034391 -0.0013322 0.00474298 0.000107383 -0.00336779 -0.012653 0.00287372 -0.00183932 0.0103291 0.000727582 -0.019918 0.00155578 -0.00155033 -0.00345798 0.00282465 0.00290878 0.00458343 5.73651e-07 0.0038949 -0.00568136 -0.0267772 0.000218707 0.00772608 0.00674797 0.00722029 -0.00415786 0.000628593 0.00458245 0.00148293 -0.00889251 -0.00399974 0.00131359 -0.000672804 
-0.0199945 0.000993877 -0.0271383 -0.00272374 -0.0225007 -0.000490107 -0.0234539 0.036623 0.00526286 -0.00460512 -0.00229544 -0.00317181 0.00132654 -0.0287619 -0.00502236 -0.0183361 0.00236326 -0.00687574 0.0458458 0.00498583 0.0116786 0.241279 0.0118126 0.0201901 -0.00887688 -0.00825097 0.0224943 -0.00416776 0.0107682 -0.0038255 7.26805e-05 -0.0266419 -0.00242444 0.0210084 0.00411165 -0.00882232 0.0119379 -0.0524724 -0.00196043 -0.00293711 0.0375867 0.0111708 -0.028892 -0.00267652 0.015056 -0.011631 -0.000201224 -0.0236322 -0.0170082 -0.0268181 0.00263603 -0.0204581 -0.00301314 -0.0260146 -0.0102233 -0.00224879 0.0557295 0.0381534 -0.0271273 0.0552249 -0.00421127 0.00211259 -0.00175263 -0.00325624 -0.0022931 0.00389847 -0.00833975 -0.00717846 -0.00325727 0.0445991 -0.00935664 -0.0209468 -0.0619804 -0.0101327 0.0389969 0.0132018 0.0002485 -0.0557327 -0.00274196 -0.00423393 -0.0312239 -0.00177639 0.00647416 -0.0329673 -0.00257174 0.0410081 0.00721377 -0.0218321 0.00357645 -0.0198649 -0.00690226 0.00374009 -0.0134578 -0.00490958 -0.00463445 -0.00491425 -0.00845497 -0.00122002 0.0014855 0.000969458 
-0.0013444 -0.000840181 -0.00609151 -0.00335227 -0.00700305 -0.000275115 -0.00787353 -0.00333294 -0.000513202 0.00290694 0.0025404 -0.0113574 0.00173005 -0.005002 0.0011064 -0.00390669 0.00132076 -0.00583948 0.00767384 0.00634898 0.000364498 0.0118126 0.061748 0.000366142 0.00608705 0.00262675 0.0112799 0.000264553 6.06384e-05 0.00142852 -0.000626172 -0.00392823 0.000364806 0.000485899 -0.000531918 -0.00100135 0.00485083 -0.0209214 -0.000234674 0.000112141 0.0104676 0.00459778 0.00195877 -0.000720699 0.00651715 -0.000802315 -0.00571695 -0.00639465 -0.00471554 -0.00420083 -0.00101926 -0.0127106 0.00375356 -0.00287454 -0.0135484 0.000829336 0.00185352 0.0105782 -0.00946121 0.00283301 -0.000616287 0.00734387 -0.000773839 0.0027376 0.00121714 0.000811909 0.00149482 0.003396 -0.00144283 0.00983736 0.00169341 -0.000272366 -0.0136511 0.00537366 0.00603401 -0.000113676 0.00300048 -0.0157118 0.00589803 -0.000222254 -0.00552967 0.00137136 -7.20708e-06 0.00150213 0.000502514 -0.00350433 -0.00103208 -0.00901724 -0.000617239 0.000985824 -0.0034739 -0.00335298 -0.00457862 -0.0022334 0.000499027 -0.00074074 -0.0143478 0.00124035 0.00243314 0.00113853 
-0.00710727 0.00226153 -0.00599201 0.00793513 -0.0273767 -0.00178178 -0.0129709 -0.0236253 0.0321057 -0.00968175 -0.0125641 0.0105432 0.00316255 -0.0222553 0.00148491 -0.0149317 0.0084164 0.0502381 0.0128835 -0.000933003 -0.00240677 0.0201901 0.000366142 0.140074 0.00438117 -0.0019819 0.020085 -0.00134768 -0.00395318 0.000954088 -0.00133145 -0.0111275 -0.0011724 0.00378409 0.00141274 -0.00455114 0.000466303 -0.0404115 -0.00112108 -0.00276681 -0.00309787 -0.010248 0.00479941 0.00537966 -0.00785865 0.00934066 -0.0225292 -0.00596883 0.00826301 -0.0141902 0.00680573 0.0289636 -0.00206367 0.000945806 -0.0265406 -0.000944673 -0.0235793 -0.00701898 -0.00473827 -0.00586567 -0.00102759 0.0076648 0.00134336 -0.00620166 -0.0019433 -0.00224764 -0.00270931 -0.00930189 0.00973362 0.0238747 -0.00179333 -0.0152677 0.00427864 0.00560777 0.0168063 -0.00222267 -0.000440635 0.0168601 -0.00366186 -0.0022177 -0.0147454 -0.000359493 -0.00113046 0.00419976 -0.000380415 -0.00207005 0.00592086 -0.0218224 -0.00233839 -0.00774993 0.0104222 -0.00810251 -0.00722636 -0.00734018 0.00272736 -0.000470704 -0.0128023 -0.0102153 0.000211914 -0.00306917 
0.00100939 0.00171072 -0.000510936 0.00653432 -0.0129817 0.00423741 -0.0126773 0.00142087 0.0056628 0.00782109 0.00170952 -0.03959 0.0128937 -0.0116326 0.0018204 -0.00668282 0.00225047 -0.0137372 -0.0101389 0.00163199 0.00163414 -0.00887688 0.00608705 0.00438117 0.0908514 0.00770473 0.0088647 0.000402783 0.00196494 -0.00249226 -0.000187377 0.0102184 0.00139363 0.00783784 -0.000889671 0.00244107 0.0139834 -0.0278628 -0.000160106 0.00919214 -0.00435522 0.0110163 -0.00064717 0.012135 0.000931104 0.00542501 -0.0194972 -0.0116536 0.00205728 -0.0058582 -0.00271594 -0.0279097 0.00921517 -0.00313304 -0.0338398 0.00413721 -0.0013907 0.0212573 -0.0315841 -0.0134021 0.000975113 0.00844196 0.00271574 0.00897565 0.0046478 0.00392898 0.00137896 0.00813181 0.000237506 -0.0103457 0.0110169 0.00500618 -0.0167489 0.010301 -0.00664836 0.0130272 0.00465982 -0.0292145 0.00696717 -0.00254313 -0.00882828 0.0011398 -0.00188957 0.0139959 0.000617758 0.00206083 0.0105293 -0.0423064 0.0035932 0.003776 0.00107593 0.0106075 -0.00126346 -0.000309646 0.00596718 0.0060039 -0.00937589 -0.00175519 -0.000841863 0.00486485 
0.00356816 0.000555709 0.000705714 0.00593117 -0.00304204 0.000194397 -0.00853122 -0.00780772 0.000912716 -0.000562567 0.00934171 -0.021034 0.000268784 0.00351898 -0.00091688 -0.00024128 -0.0012445 -0.00384818 -0.00902671 -0.000794603 0.00499102 -0.00825097 0.00262675 -0.0019819 0.00770473 0.0745225 0.00977467 0.00524168 0.000233001 0.00562908 0.000618334 -0.00279189 0.00349831 0.00617296 0.00220795 -0.000478396 0.00105755 -0.00816641 0.000657667 0.000565573 -0.00687016 0.00336866 -0.00351727 0.00587173 0.0013288 0.00159059 -0.00931086 -0.00574444 0.00804097 -0.00136041 -0.00272513 -0.0186358 0.00541897 0.00398874 -0.0255289 -0.000169403 -0.00377324 -0.00384538 -0.0151277 -0.0105373 -0.000732895 0.00149491 0.00124184 -0.00304408 -0.000670838 -0.000751558 0.00521629 0.00092667 -0.000880173 0.00570884 0.0111825 0.0075664 -0.0126887 0.00839361 -0.00296756 -0.00165306 -0.000707078 -0.0139128 0.0017521 -0.000784078 0.00331597 0.00182132 0.000251284 -0.00161964 -0.000274063 -0.00228329 -0.00168892 -0.0227493 0.000667228 0.0030593 -0.00233067 0.0112681 -0.00167639 0.00481761 0.00459569 0.00606913 -0.000916752 -0.00078905 -0.000107783 -0.000362442 
-0.00550531 0.00116168 -0.0153769 0.00962473 -0.0294397 0.000346655 -0.0292018 0.0216771 0.00332581 -0.00960309 -0.00524493 -0.00999114 -0.00894359 -0.0252818 -0.00789355 0.0120393 -0.00560225 0.0135294 0.0182494 -0.000820151 0.0099469 0.0224943 0.0112799 0.020085 0.0088647 0.00977467 0.152209 0.0106038 0.000379166 0.000419421 0.000110092 0.0296887 0.00302237 0.0213782 -0.00824741 -0.00040831 0.0289369 -0.0495194 -0.00141701 -0.027858 -0.00366222 0.0141159 -0.00948139 -0.00568425 -0.00800422 -0.00215912 -0.033964 -0.0205923 0.00761225 -0.0202201 0.00471526 -0.0175984 0.0150864 0.00551581 -0.0349682 0.000379214 7.18389e-05 0.00185149 -0.0369991 0.00210033 -0.0017673 0.0239498 0.00100456 -0.00700893 0.00152167 0.0007335 -0.00707975 0.0021891 0.00815384 0.0141922 -0.00540255 -0.0213476 -0.0129802 -0.0114333 0.0380856 -0.0119027 0.00427141 -0.0241043 0.00515032 -0.000690399 -0.0095563 -0.00204248 0.00431161 0.0445739 0.000322427 0.0190241 -0.00314145 -0.0397721 0.00033272 -0.00898406 -0.0056774 -0.00733327 -0.00413044 0.00665614 -0.00546581 0.00145302 -0.0315375 0.00611356 0.0071077 0.00530225 
-0.00349086 -0.000205831 -0.00717825 0.000572421 -0.00224996 -0.000786572 -0.00678793 -0.0199638 -0.0131098 -0.00469751 0.0206339 -0.0118588 -0.00303186 -0.0126345 -0.00751869 0.00638392 -0.00142548 -0.00343746 -0.00926085 -0.00129124 0.0116857 -0.00416776 0.000264553 -0.00134768 0.000402783 0.00524168 0.0106038 0.0873651 -0.000911497 0.00250015 0.00162583 0.0121313 -0.000398729 -0.00308727 -0.000869686 0.0023068 0.010078 -0.00681265 -0.000464659 0.00027966 -0.00795441 -0.00266826 -0.00227047 -0.00311734 0.000864729 0.000782554 -0.0166952 -0.00942208 -0.0047556 0.00655678 -0.00242439 0.00780551 0.0203838 0.0298567 -0.00724702 -0.000237427 0.0126092 -0.00511435 -0.00925607 -0.0117313 -0.00084261 0.0162644 0.00439517 -0.00393528 -0.000419618 0.0090117 0.0021166 -0.000419328 -0.00220437 -0.001309 0.000140774 -0.00988808 -0.00611552 0.00709179 -0.00237356 0.000978604 0.0013902 -0.0113105 -0.00133933 0.00472937 -0.00378129 0.00267853 0.000809339 0.0213863 0.000492777 -0.00880394 -0.00791081 -0.0228363 0.00398078 0.00315246 -0.00519624 0.00214842 -0.00493726 -0.00498839 -0.00235283 0.000563041 -0.0160684 -0.00487397 0.000652738 -0.00112813 
0.00183557 -0.00108579 -0.00311669 -0.000908234 -0.00419818 0.00168556 -0.00499838 -0.00202893 0.000704442 0.00705106 0.000369502 -0.00687771 0.00504303 -0.00208012 -0.00135764 -0.00415465 -0.000467708 -0.000590269 0.00267676 0.00148022 0.00401174 0.0107682 6.06384e-05 -0.00395318 0.00196494 0.000233001 0.000379166 -0.000911497 0.0411892 0.0020348 0.000132144 0.00204772 -0.000217441 -0.000448818 -5.29623e-05 0.000713775 0.000125595 -0.00969477 -0.000192251 1.63576e-06 -0.00231184 0.00368532 -0.00163829 0.00406989 -0.00129005 -0.00131001 -0.00424023 -0.00522846 -0.00519802 -0.00552113 0.00271182 -0.00568049 -0.00080043 -0.000870268 -0.00327181 0.000278903 0.0045966 0.00654797 -0.00721024 0.00445541 0.000181055 -3.40215e-05 0.00157319 -0.00252654 0.00104866 0.000691355 5.11969e-05 0.00362566 -0.00106078 0.000229005 -0.000916636 -0.00334895 -0.00707181 -0.00110799 -0.00131925 0.00137718 -0.000283273 -0.00997796 -0.000156798 0.000125647 -3.82805e-05 0.00120444 -0.000147898 0.00246557 0.000192551 0.00772166 0.0028159 -0.0127116 0.000577272 -2.82926e-05 -0.00321673 0.00351174 -0.00245001 0.00300159 -0.000678127 -8.20253e-05 -0.0009451 -0.00117053 -0.000335209 0.000266021 
0.00220878 -0.000984258 0.00454238 -0.00239263 -0.00737068 -0.000507136 -0.00121418 -0.0176078 -0.00364741 0.00626621 0.00161546 -0.0137798 0.00411854 0.00683446 -0.00315311 -0.003777 -0.00161853 -0.000829791 0.00238564 -0.000756233 -0.000774557 -0.0038255 0.00142852 0.000954088 -0.00249226 0.00562908 0.000419421 0.00250015 0.0020348 0.0587058 0.00172895 0.00435772 0.000257851 0.000304082 0.00410569 -0.000540076 -0.00492598 -0.00580841 -1.58829e-05 0.0103742 -0.00524297 -0.00500015 0.000876989 -0.000510903 -0.00415961 -0.00106328 -0.00358661 0.00751149 -0.00479293 0.00857829 -0.00126617 -0.0104499 0.00313977 -0.00126201 -0.0101111 -5.50623e-05 -0.0104226 -0.00587789 -0.00743218 -0.0114206 -0.00016604 0.000594449 0.000340487 -0.00110013 -0.000917841 0.00219243 -0.000201001 0.000756842 -0.0013359 0.00779981 0.00324058 0.00651575 -0.00352565 -0.000573125 0.00675491 -0.00127754 -0.000113004 -0.00434449 0.00101518 -0.000521165 0.00196172 0.000461116 0.000475709 -0.00322681 -0.000343221 -0.00654172 -0.00182872 -0.00757197 -0.00218969 0.00248072 -0.00136381 0.000152109 0.000643935 0.00550344 0.00072875 -0.000644645 0.00826251 0.0063715 0.000602696 -0.00127124 
0.000435053 0.000555684 0.000194077 0.000371188 -0.000359211 0.000285318 0.00175291 -0.00125982 -0.00172741 0.000318245 0.000252399 -0.00421413 -0.000290935 -0.000294573 0.000643778 -0.000392007 -0.000138941 -0.00410362 -0.000573995 -5.94995e-05 -0.000525523 7.26805e-05 -0.000626172 -0.00133145 -0.000187377 0.000618334 0.000110092 0.00162583 0.000132144 0.00172895 0.0163076 0.00157938 -0.000289971 -0.000251922 0.000992777 0.000853338 0.000811045 -0.0028087 0.000115642 0.00273409 -0.00110928 0.000313184 -0.000379611 -0.000558843 -0.000783193 0.000508085 0.00149663 0.00166365 -0.0040466 -6.70308e-05 -0.000352098 -0.00467517 0.00173848 -0.00171888 -0.00310182 0.000622102 -6.93966e-07 -0.000716685 -0.00326701 -0.0017407 0.000159199 0.000176872 0.000794668 7.47559e-05 0.000131423 0.000733067 0.000611417 0.00174885 0.000989645 -0.00122281 0.000739405 0.00148726 -0.00144814 -0.000675642 7.46135e-08 -0.000485299 0.000874231 -0.00433814 0.00138179 -0.000157743 -0.00113566 5.06663e-05 0.000698207 -0.00196881 0.00010533 -0.000132452 0.00111817 -0.00257373 0.00189311 -8.01852e-05 -0.0011909 -0.000865924 0.000476957 3.91218e-06 -0.000268605 8.94583e-05 0.00258697 0.00108722 -0.000181525 0.00183303 
0.0221872 -0.00218769 -0.0157689 0.0104336 -0.0235901 0.00393623 -0.0125743 0.00885241 0.00739667 -0.00178647 -0.00509582 -0.00979638 -0.00701072 -0.0208594 0.00296143 0.011235 -0.00555241 -0.00453651 -0.00394545 0.00113824 -0.0058086 -0.0266419 -0.00392823 -0.0111275 0.0102184 -0.00279189 0.0296887 0.0121313 0.00204772 0.00435772 0.00157938 0.152227 -0.000647513 0.00985315 -0.00528294 0.00892486 0.0155645 -0.0121308 -0.000410324 0.00849053 -0.0147178 0.00147901 -0.00630944 -0.000678828 -0.0109893 0.00629353 -0.0189965 -0.0166492 0.00642178 0.00603914 -0.00420085 -0.00288295 0.00772653 0.00720357 -0.0073887 0.000787982 -0.00796053 -0.00611928 -0.0212953 -0.0247008 0.0039914 0.00648556 -0.0005136 0.00214796 0.00331325 0.00685968 -0.00235143 0.0117136 -0.00411062 -0.0292833 0.00171662 0.00210386 0.0131995 -0.00701157 0.0170595 -0.0110355 0.000202868 -0.0113438 0.0012828 0.00201877 -0.0115559 0.000554558 -0.00100801 0.0469813 0.000692608 -0.00733255 -0.00449826 -0.0263702 -0.0056963 -0.00768126 -0.00772242 -0.0103561 0.00352025 0.0049209 -0.00301326 0.00109453 -0.027177 0.00785216 0.000208218 0.00532959 
-0.000750129 0.000620302 0.00258204 -0.000655049 0.00264807 0.00012362 -0.000633059 0.0005524 0.000359258 -0.00076091 -0.00152313 -0.0046194 0.0032762 -0.00475686 -0.000708223 0.000611566 -0.000709485 -0.00177443 -0.00239297 -0.000867403 -0.000822801 -0.00242444 0.000364806 -0.0011724 0.00139363 0.00349831 0.00302237 -0.000398729 -0.000217441 0.000257851 -0.000289971 -0.000647513 0.033426 0.000903908 0.0044456 0.00067909 0.000703517 -0.00260334 3.0987e-05 0.00363162 -0.00139748 0.00219064 -0.00222307 0.00196861 0.000567215 -0.00025272 -0.00380664 -0.00149628 0.00126223 0.00154366 -0.000334723 -0.010847 -0.00123376 -0.00430011 -0.00592802 -5.13359e-05 0.00144673 0.00258976 -0.00988557 0.00164088 -0.000134776 -0.00100164 -0.000531406 0.00141902 -0.000269021 -0.00102606 0.000606582 0.000919366 0.000415159 -0.000792906 0.00595876 0.00241713 -0.00229413 0.00407713 -0.00194302 0.00158314 0.000849113 -0.00491399 0.000308212 -0.000567383 -0.00332558 -6.92562e-05 -0.000506449 -0.00339767 0.000171693 0.00156024 -4.1127e-05 -0.00399915 -0.001308 -0.00127461 -0.00150133 0.00288286 -0.00179378 -0.000784035 0.00112556 0.000178555 -0.00138667 0.00245885 -0.000136828 0.000210957 
-0.00808695 0.00142517 -0.00687246 0.00180521 -0.0131285 0.000673371 -0.00942458 0.0252986 0.00638142 0.00962975 -0.00671745 -0.0256734 -0.00271312 -0.00334815 -0.00739882 -0.00686961 -0.00265241 -0.0150064 0.00649995 0.0025682 -0.000942521 0.0210084 0.000485899 0.00378409 0.00783784 0.00617296 0.0213782 -0.00308727 -0.000448818 0.000304082 -0.000251922 0.00985315 0.000903908 0.108554 0.00411989 -1.52571e-05 0.00973977 -0.0289058 -0.000351648 0.0112681 0.0054816 0.0027669 -0.00700787 -0.00238682 -0.00281133 -0.00224265 -0.0131044 -0.00639839 -8.41499e-05 0.00422444 0.00138281 -0.0292681 0.00743892 -0.0117078 -0.0299169 -0.000163775 0.00287902 0.0120779 -0.0407832 -0.00368682 -0.000788902 0.0136038 -0.00185199 0.00824565 0.00246896 0.00379514 -0.00542751 0.00930485 0.00112773 0.0125998 0.00370477 0.017614 -0.0265782 -0.00452599 0.021704 0.00460746 0.00337762 -0.0411741 0.00425854 -0.000189597 -0.00879853 -0.00326546 0.00154562 0.0110812 -0.000543748 0.0041738 -0.00328697 -0.0358227 -0.00300162 -0.00184068 -0.00817882 0.00354329 -0.000788536 0.00125898 0.00227589 -0.00052745 0.00297102 0.00388386 0.00125667 0.0037022 
