0.151686 0.00230689 0.00248785 0.0157924 0.00743839 -0.000242563 -0.000691908 -0.0236487 -0.00335689 0.00948976 -0.000138354 -0.00778747 0.00665839 -0.000393975 -0.0150493 -0.00300643 -0.00824716 0.00620005 0.0120434 0.00667519 0.00101104 -0.0109323 -0.0116787 0.0045256 0.00199585 0.0197194 0.0229503 -0.00901215 -0.000719651 0.0137176 -0.00524978 -0.00243909 0.00199642 0.00227453 0.00257304 -0.000390251 -0.0116077 0.0109448 -0.00810074 0.00872293 -0.0296099 -0.00282116 -0.0267218 0.000502171 -0.00117083 0.00760999 -0.00309338 -0.0179544 0.00125601 -0.000826072 -0.000928933 -0.00705198 -0.00658447 -0.0154892 7.13608e-06 -0.00513717 -0.0015713 -0.00881737 -0.00410238 -0.00385636 0.00337661 0.00319411 0.00174316 0.00396426 -0.00180798 -0.00519288 -6.9536e-05 -0.00856859 0.000581621 0.000855939 0.00726816 0.01325 -0.00293628 0.000557652 -0.00544059 0.00122448 -0.00277275 0.000712301 -0.0177217 0.0131008 0.00542854 0.00292544 -0.0191128 -0.00703753 0.00323406 -0.0237762 -0.00198403 0.00961098 0.00728634 -0.0149225 -0.0207099 -0.00573025 -0.0130386 0.00780927 -0.0102966 -0.00219306 -0.0143466 -0.000790715 -0.00581937 0.0359889 
0.00230689 0.0178219 0.00136073 0.00472388 0.000499897 -7.341e-05 0.00108323 -0.000338373 0.000303269 -9.59113e-06 -0.000156532 -0.000503029 -0.00030432 -0.00109325 -0.00521906 0.000366464 -0.00209262 -0.00197927 0.00163989 0.000995858 0.00125032 -0.00329182 -0.0017489 -0.00139147 0.000434327 -0.000636737 0.00307088 -0.000398827 -0.000389972 0.00342122 -6.73625e-05 -0.000145441 0.000122094 -0.000733665 0.000549919 -0.000781487 -0.00023857 -0.00053897 0.00124568 -0.000106871 -0.00421665 0.000278995 -0.000985614 0.000394204 -0.000189981 0.0013702 -0.000277488 -0.00134752 -8.78438e-05 0.000829376 0.00141346 0.000394548 -0.000387098 -0.00190762 0.000133152 0.00231419 -7.64323e-06 -0.00191417 0.00017526 0.00123001 0.00406168 -0.00461869 0.000999848 0.00148766 2.90199e-05 -0.000567561 -0.000113763 0.00133133 0.00128655 -0.00335612 0.000639341 -0.0010651 -9.00587e-05 2.51503e-05 0.00271341 -6.96408e-05 1.85891e-05 0.000120945 -0.00289691 0.000755939 -0.00160859 -0.00195214 -0.00421972 -0.00085013 9.73605e-05 -0.0059191 -0.000333396 -0.000242839 0.00040415 -0.00152043 -0.000347866 0.000119149 -0.00594562 0.0031121 0.00133555 -0.000887792 -0.00150045 0.000159714 -0.00080128 0.00404105 
0.00248785 0.00136073 0.111942 0.0190666 -0.00580065 0.000405431 -0.00180497 -0.0144965 0.000194195 0.0151474 -0.00124975 -0.000297574 -0.00330479 -0.0139977 0.00115167 0.00649443 0.00989606 -0.0173937 0.000164068 -0.00285584 0.00226764 -0.0206779 -0.00935251 -0.0172986 -0.000300098 -0.0356211 0.0149317 -0.0126459 -0.00404572 -0.00510311 0.00633623 -0.00157444 0.00172002 0.00291721 0.0109877 0.00431975 -0.000471177 0.0106562 -0.00711629 0.00514618 -0.039011 -0.0171064 -0.0229425 -0.0022436 0.00197818 -0.00558639 -0.00424187 0.00760275 -0.000896789 0.000889472 -7.43727e-05 0.000894699 -0.00647309 0.00348847 -0.00129297 -0.00337875 -0.00196771 -0.0110126 0.00223402 -0.0024696 0.0152606 -0.0075422 -0.00132677 0.0186541 -0.0036672 -0.00544543 0.0121862 0.0191693 -0.00351711 0.0119219 0.0089034 -0.00442054 0.00370539 -0.000824597 0.00284734 0.00159406 0.00480416 0.00253166 -0.00396823 -0.000633528 -0.00399191 -0.00313942 0.00677289 0.017918 0.00353998 -0.0404505 -0.000198802 -0.00612616 0.00548088 0.00123078 -0.00781646 0.00512174 -0.0221944 -0.00494551 0.00607361 0.00158529 0.0069901 -0.00028082 0.0015154 0.0121075 
0.0157924 0.00472388 0.0190666 0.143777 -0.00670759 0.00169238 0.00345417 -0.0422638 -0.00389735 0.0107024 0.00455099 -0.00298138 0.0107008 -0.0198155 -0.0248112 -0.000688559 -0.0320357 -0.0107673 0.00134145 -0.00404712 0.00579216 -0.0447916 -0.0192927 -0.0196242 0.00532684 -0.0383577 0.0375506 -0.00292124 -0.0146946 0.0347572 0.00768408 -0.000964321 0.0183259 0.0145992 0.00932015 -0.00699224 -0.00696176 0.0281959 -0.0120281 -0.00223926 -0.0695274 -0.025398 -0.0377153 0.00633811 -0.00411799 0.0260963 -0.00690248 0.0598821 -0.00313306 0.00337627 0.00748213 0.00292437 0.000282409 -0.000552845 0.00129388 -0.00931555 0.0023468 -0.0131243 -0.00100238 -0.00561583 0.0360558 -0.0347878 -0.0141157 0.038542 0.00177489 -0.003434 -0.00129381 0.00724173 -0.00171297 0.00468382 0.0198393 -0.00772986 -0.000175063 -0.00138819 -0.0139581 -0.00256036 0.00714586 -0.0040152 -0.0190005 0.00144094 -0.0034333 -0.0123572 0.0104959 0.0130749 -0.000877675 -0.0666105 0.00349368 0.0286214 0.0378042 -0.00824948 -0.0463359 0.0143218 -0.0184122 0.0210303 0.00646421 -0.00522832 -0.00524061 -0.000690668 -0.00547217 0.0309607 
0.00743839 0.000499897 -0.00580065 -0.00670759 0.0979667 -0.000322972 0.0126094 0.00811736 -0.00109235 0.0082419 0.00135024 -0.00098536 -0.000175098 -0.0105813 -0.0267019 0.0024276 -0.0253175 0.00455829 -0.0141378 -0.00401202 -0.00184593 -0.000816184 0.00522346 -0.012476 -0.000282324 0.0123316 0.00285183 0.000828085 0.00629897 0.011563 -0.00155964 0.00107182 0.000489828 -0.00694679 0.00232814 0.00448827 -0.00607413 -0.0161169 -0.00391215 0.00217574 0.000744419 -0.00901546 0.0141198 0.000401977 -0.00404637 -0.00720821 -0.00263283 -0.0130946 -0.000919347 0.00266561 -0.00107119 0.00233364 0.010352 0.00187003 0.00163707 0.00344447 0.00280655 -0.00148909 -0.00169326 -0.00097306 -0.00623999 -0.00360194 0.00721638 -0.0068828 -0.00247643 -0.00408968 -0.00372602 -0.00408002 0.00986987 0.0210369 -0.00470066 -0.00972578 -0.00011951 -0.00124629 0.00675464 -0.0022767 -0.001832 0.00126162 -0.00897299 -0.0077405 -0.000167723 -0.00886864 -0.0249087 -0.00287601 0.00195315 0.00667567 -0.00162289 0.00470799 0.00280149 -0.0140698 0.0127664 -0.00343989 0.0067304 0.00658135 0.00267825 0.00150093 -0.0155427 4.9251e-06 -0.000564287 0.0020039 
-0.000242563 -7.341e-05 0.000405431 0.00169238 -0.000322972 0.0190646 -0.00344156 -0.00265246 0.000707242 0.000430985 0.00106901 0.000233887 -0.000872577 0.000338705 -0.00188834 -0.000353964 -0.00082867 0.00203684 -0.00124368 0.00208188 0.000132262 -0.000147725 -0.00441599 0.00199482 0.00131754 -0.000256601 -0.00037397 -0.0010142 -0.00089633 -0.000715405 0.0015196 0.000235072 -0.000206912 0.000687679 0.00149507 0.0003578 -0.00118216 -0.000311182 -5.4717e-05 0.00141708 -0.00460825 0.00035759 0.00151722 0.00187274 0.000298309 -0.000451861 0.00043955 -0.00423276 0.000275671 -1.95747e-05 0.000346217 0.0010869 -9.74824e-05 0.00249413 0.000371807 -4.95356e-05 0.000535106 -0.00292938 -0.000113805 0.000501642 -0.000835878 -0.00250076 0.00134939 -4.82605e-05 0.00168633 0.00243203 -0.000878113 -0.00123519 -0.000453367 -0.000984488 -8.69999e-05 7.01859e-05 0.000605961 0.000624135 0.00272967 0.00404679 0.000150761 0.000890889 -0.00218843 0.000663469 4.43225e-05 -0.000957316 -0.00323641 -0.000529529 0.000673166 -0.00705215 -0.000242873 0.00171917 0.00156021 0.000796936 -0.00546903 0.00279953 -0.00315615 -0.000480677 -0.00304172 0.000529898 -0.00117104 9.88467e-05 -0.000639184 -0.00160082 
-0.000691908 0.00108323 -0.00180497 0.00345417 0.0126094 -0.00344156 0.171043 -0.0289614 -0.00658012 -0.00323615 0.00335995 -0.00294408 0.00373199 -0.0137848 -0.00885855 -0.00549749 0.0159058 -0.023907 0.0293824 -0.00299796 -0.00104687 -0.044901 0.0410708 0.00595358 -0.0017094 0.0192861 0.0221304 -0.0057419 -0.0129476 0.00709243 0.00368417 -0.000663053 -0.00559366 -0.00118299 -0.00559242 -0.00628635 0.0021833 0.00284094 0.00406751 -0.00868394 -0.00857429 -0.0253319 -0.00191434 -0.00118741 -0.00222275 -0.00261141 0.00894059 0.0100678 -0.00363437 -0.00238871 -0.00204905 0.0100208 0.00260052 0.00409115 0.00145806 0.000638611 -0.00192225 0.0226222 -0.000184695 -0.0075089 0.00500425 -0.0251239 -0.00773254 -0.000687241 -0.000825888 -0.0153553 2.63688e-05 0.00150359 0.00426654 -0.0140632 -0.000535454 -0.00553563 -0.00302853 -0.00129604 -0.0138365 -0.00368287 -0.00178346 -0.00571785 0.00313761 0.00175556 -0.0203738 -0.00513601 -0.00539383 -0.00213359 -0.0109503 0.00799397 0.00371328 -0.0115432 -0.0123181 0.00693697 -0.0149005 -0.00331837 -0.00808694 0.00541522 -0.00449983 -0.00146846 -0.00635696 -0.000361123 -0.00705769 0.0206163 
-0.0236487 -0.000338373 -0.0144965 -0.0422638 0.00811736 -0.00265246 -0.0289614 0.224613 0.0204531 -0.0197209 -0.0119103 0.00182292 0.00268138 0.00708684 0.0213817 -0.0016319 -0.0263927 0.0303145 -0.0389826 -0.00714164 -0.00732542 0.0682848 0.00634069 -0.038104 -0.00468832 0.0167603 -0.0359932 0.00707066 0.0244245 -0.00872798 -0.0197482 -0.000493178 -0.0133706 -0.0277619 -0.014191 -0.000159569 -0.0135819 -0.0426428 -0.00353179 0.00125025 0.0994442 0.0267302 0.036734 -0.00175582 -0.0132137 -0.0224595 -0.00637547 -0.0322889 -0.000726321 -0.00571757 -0.00484944 -0.0157983 -0.0126748 -0.0312957 -0.00389954 0.00547584 -0.00428893 -0.00951897 -0.0021692 0.00589961 -0.0284662 0.0350841 0.0164281 -0.0235204 -0.00849599 -0.00514681 -0.0051324 -0.000231553 -0.00114624 0.0131434 -0.0307983 -0.028949 -0.00117464 -0.0014948 0.00721602 -0.00989277 -0.00298997 -0.000944036 0.0226296 -0.0197946 0.00671243 0.0272376 0.00713826 -0.00251338 -0.0100305 0.0673149 -0.00667536 -0.00727734 0.00853974 -0.0452493 0.0427049 -0.016358 0.0693775 -0.0188397 0.0282363 3.79179e-05 -0.0236851 -0.000284542 0.00586553 -0.0579681 
-0.00335689 0.000303269 0.000194195 -0.00389735 -0.00109235 0.000707242 -0.00658012 0.0204531 0.0630789 -0.00141328 -0.00164748 0.00177806 0.00215857 0.00334335 0.00339975 0.00151013 -0.00749276 0.000265226 -0.00486857 0.000187182 -0.0010211 0.00521023 -0.00854934 -0.0112101 -0.00122693 -0.0046024 -0.00394354 0.00111191 0.000409819 0.00103555 -0.00372545 1.5666e-05 -0.00280595 -0.00253219 -0.000786512 -0.00112209 0.00040615 -0.00752906 -0.00202664 0.0023455 0.00911839 0.00290449 -0.00306175 6.48502e-05 -0.0012055 -0.00171399 0.00292142 -0.00736677 -0.000259696 -0.000765137 9.92828e-06 -0.00175965 -0.000770902 -0.00594419 -0.000922964 -0.00139836 -6.93723e-05 -0.00891908 0.00118385 -0.00121538 -0.00503148 0.000203665 0.00666681 -0.00353307 -0.00052988 0.00189485 0.00115338 0.00241358 -0.000492919 -0.0012824 -0.00296311 -0.0068577 0.00191686 4.41247e-05 -0.00167495 -0.00118308 0.0013306 0.000305819 0.00697888 0.00305814 0.00146983 0.00881166 -0.00482435 -0.00312342 -0.00109357 0.00479528 -0.00127906 -0.0029587 0.00579293 -0.00795445 0.00802668 -0.000940414 0.00574999 -0.00348116 -0.00183135 -0.00207753 -0.0012169 -0.000321173 -0.000234278 -0.013042 
0.00948976 -9.59113e-06 0.0151474 0.0107024 0.0082419 0.000430985 -0.00323615 -0.0197209 -0.00141328 0.0785749 0.00929143 -0.00287823 0.00137059 -0.00679919 -0.0152354 0.00826044 -0.00495224 -0.00721532 -0.00418912 -0.003404 -0.00065448 -0.0193688 -0.000922178 -0.00796027 0.00163333 -0.00347464 0.000268084 0.0019737 -0.00406006 -0.0033696 0.0129503 0.000271123 0.0132824 0.0108658 0.0196311 -0.00115439 -0.0028395 0.00886542 -0.00498154 0.00256309 -0.0382673 -0.0107124 -0.0163085 -0.000801824 0.00474973 -0.000355275 -0.00358342 -0.0025464 -0.000132074 0.00504801 -0.000179626 0.00288221 -0.00213601 0.0140097 0.00127418 -0.00838486 -0.000122142 -0.00133272 0.0120479 -0.000134378 0.00978356 -0.00135117 0.00101587 0.00122863 0.00122161 -0.00463876 0.00682178 0.00543892 -0.000255115 0.015918 0.00487275 -0.00393027 0.00144096 0.00030541 -0.00536637 0.00166082 -0.000842412 -0.00219403 -0.0165674 -0.00567392 -0.00265947 -0.0135987 -0.0166124 0.000631064 0.0104409 -0.0321942 -9.87449e-05 0.00989671 -0.00594565 -0.000610728 -0.0255121 0.0111798 -0.0212956 0.00154909 -0.00125442 0.00937366 -0.00518108 -0.000519892 -0.0017902 0.0243228 
-0.000138354 -0.000156532 -0.00124975 0.00455099 0.00135024 0.00106901 0.00335995 -0.0119103 -0.00164748 0.00929143 0.0472817 0.00118838 -0.00250749 0.000735055 -0.000775102 0.000205617 -0.00177867 -0.00404718 -0.00643036 0.000481429 0.00037908 -0.00808394 0.00120433 -0.00131535 0.000607764 -0.00554053 0.000487729 0.00361802 -0.00333514 -0.00367351 0.00895366 -0.000127725 0.00393213 0.00283922 0.00602626 -0.00137288 -0.00132666 0.00294594 -0.000266917 0.00170932 -0.0166413 -0.00575255 -0.0098507 -0.000659708 0.00315102 0.000508973 -0.00130958 -0.0020515 -0.000413312 0.00349841 -0.000120707 0.00240857 -0.00167515 0.00763165 -0.000380213 -0.000484008 0.00151382 -0.00289003 0.00384181 -0.000256492 0.00141894 -0.00100351 -0.000462609 0.000226874 -0.000875745 0.000904839 0.000660736 -0.00207368 5.73307e-05 0.00216925 0.00290496 -0.00144604 0.00365759 0.000345248 -0.000566056 0.000628881 -0.000286755 -9.03071e-05 -0.00314926 -0.00294266 7.55272e-05 -0.00227262 -0.0020327 0.000555639 0.00257747 -0.0127353 0.00251431 0.000941031 -0.0031741 0.00357677 -0.0141401 2.12785e-06 -0.00937645 -0.000281042 -0.00331185 0.0012639 0.00433543 3.08836e-05 -0.000783949 0.00555462 
-0.00778747 -0.000503029 -0.000297574 -0.00298138 -0.00098536 0.000233887 -0.00294408 0.00182292 0.00177806 -0.00287823 0.00118838 0.0526474 0.00203272 0.00317278 3.86281e-06 0.00110063 -0.00344416 -5.66355e-05 -0.00434018 -0.0015861 -0.000307576 0.00740478 -0.0115107 0.00507841 -0.00112361 -0.00332627 -0.00450732 0.0032736 0.00129055 -0.00550466 8.52554e-05 0.000880439 -0.00206471 0.00230412 -0.00197165 -3.90576e-06 0.00222371 -0.00405796 0.0062964 -0.000335335 0.00295805 0.00308853 -0.00407394 0.00253514 0.000820123 -0.00412266 0.000559002 -0.00377738 0.00161638 -0.000122396 0.0016159 0.00287381 0.00594219 0.0030524 -0.000441635 -0.00486541 0.00136115 -0.00181066 -0.000209112 0.00149362 -0.004535 0.00560345 -0.00188415 -0.00081791 0.00162902 0.00273043 -0.000946704 -0.00348432 0.00262102 -0.00186235 -0.000645041 -0.00161432 0.00519511 -0.000286217 -0.00360835 0.00243093 0.000180188 -0.000252403 -0.00667868 -0.00295948 -0.000584188 0.000738497 -0.00585417 0.00105969 0.00116764 0.00380792 0.000508197 -0.00245603 -0.00556649 0.0047689 -0.00785772 -0.000642981 -0.00692168 -0.000856106 -0.00383807 -0.000878747 -0.00135559 0.000432371 0.00393971 -0.00921958 
0.00665839 -0.00030432 -0.00330479 0.0107008 -0.000175098 -0.000872577 0.00373199 0.00268138 0.00215857 0.00137059 -0.00250749 0.00203272 0.10103 0.000121317 -0.012249 -0.00241313 -0.00714368 0.00280864 0.00189522 -0.00481569 -0.000245039 -0.0030036 -0.00923536 0.00696068 -0.00176273 0.004538 -0.00181985 0.0129523 -0.00334732 -0.00159287 -0.00223092 -1.56643e-05 0.00141922 0.00791912 -0.00283996 0.00294612 -0.00447599 0.00958701 0.00288249 -0.00101099 -0.00802506 -0.0133797 -0.0142304 -0.00123454 0.000744077 -0.00650889 0.00194365 0.00865552 -0.000206674 -0.00118157 0.00106256 0.00410958 -0.00420027 0.00185352 0.00166349 -0.0106447 0.00925499 0.00605463 0.00285428 -0.00424716 0.00202643 -0.0166737 -0.00934545 0.00507287 0.00134031 -0.00435861 0.00153941 -0.00717672 -0.00161971 -0.00148757 0.00409193 -0.00739408 -3.4038e-05 0.00262053 -0.0115694 -0.00219506 0.000323458 -0.00260861 -0.00487496 0.00420482 -0.00327208 0.00569053 0.000995197 -0.00577418 0.00221059 0.00602204 -0.00110496 -0.000459901 -0.00746987 -0.00675257 -0.0251052 0.000804803 0.0079398 0.004234 -0.0145332 0.00190709 -0.0100687 -0.000799966 -0.00495132 0.00523988 
-0.000393975 -0.00109325 -0.0139977 -0.0198155 -0.0105813 0.000338705 -0.0137848 0.00708684 0.00334335 -0.00679919 0.000735055 0.00317278 0.000121317 0.13334 0.0215115 -0.00096429 0.0159022 0.0174379 0.00618562 -0.00226731 -0.00150226 0.0123973 -0.0168457 0.0463777 -0.00011029 0.019482 -0.0172016 0.00196733 0.00138352 -0.0239947 -0.00839874 0.000523656 -0.00642009 -0.0126047 -0.00385166 -0.0107296 -0.00442377 -0.00820668 0.00232995 0.00142534 0.0187965 0.0603048 -0.00613444 -0.000167565 0.00173308 -0.00637562 -0.00172914 -0.0282087 -0.000146967 -0.000908616 0.000592445 0.00201712 -0.00472924 -5.50894e-05 -0.00130199 0.00628553 0.00119238 -0.0211084 0.00407592 0.0108759 -0.0176634 0.0345083 -0.00515999 -0.00756574 0.000540532 0.017608 0.00197161 -0.00784037 -0.00246055 0.00868441 -0.00684578 0.0164052 0.0135103 0.000522225 -0.0047331 -0.00311554 -0.00170812 -0.00358129 -0.0129457 -0.00404964 0.00518205 -0.0143934 -0.0226925 -0.0107087 -0.00800848 -0.0126959 -0.00249716 -0.00698596 -0.0230988 0.00201853 -0.0137227 -0.0088998 -0.011957 -0.0127854 -0.014535 0.00739171 0.00577375 -0.000192503 0.00103012 -0.0203868 
-0.0150493 -0.00521906 0.00115167 -0.0248112 -0.0267019 -0.00188834 -0.00885855 0.0213817 0.00339975 -0.0152354 -0.000775102 3.86281e-06 -0.012249 0.0215115 0.249325 -0.00878594 0.0487274 0.00433568 0.0184362 -0.0208314 -0.0055343 0.0138869 -0.026676 0.0246047 -0.0108519 0.0590311 -0.0174525 -0.0269535 -0.00273742 -0.0520836 -0.00406685 0.000119211 -0.0121454 -0.0276093 -0.0186396 -0.0133034 0.000595361 -0.00671828 0.00782958 -0.0152567 0.056739 0.0153166 0.00954368 -0.0088818 -0.00688855 -0.0231203 0.00940635 -0.0227381 -0.00606958 -0.0070429 -0.00554484 0.00614142 -0.0178694 -0.00209473 -0.00406361 -0.0123139 -0.00338922 0.00326621 -0.00222632 -0.0126404 -0.00634113 0.0547134 -0.025245 -0.0102917 -0.0107509 0.00456091 0.00250019 -0.024465 -0.0130677 -0.0468255 -0.0183302 0.0122767 0.00361259 0.0002496 -0.0233742 -0.00780787 -0.000798076 -0.00960954 0.0197575 -0.00705257 -0.0217836 -0.0197932 0.0524054 -0.0155719 -0.0199507 0.0309671 0.000916005 -0.00958244 -0.01733 0.0384931 0.000798241 -0.0190415 0.0287497 -0.0193676 -0.0104262 -0.00189201 0.0670142 -0.000915994 -0.00194173 -0.0148937 
-0.00300643 0.000366464 0.00649443 -0.000688559 0.0024276 -0.000353964 -0.00549749 -0.0016319 0.00151013 0.00826044 0.000205617 0.00110063 -0.00241313 -0.00096429 -0.00878594 0.0336318 -0.00510362 -0.00422263 -0.00614505 0.0017482 0.000100799 -0.00522588 0.000519127 -0.00630265 0.000718185 -0.0123416 -0.00277315 0.00199685 -0.00179784 -0.00110467 0.00208763 0.000324654 0.00223963 0.00204186 0.00738658 0.00451229 0.000859571 -0.00280209 -0.00187782 0.00447157 -0.0126103 -0.00267463 -0.0061304 0.00106262 0.000539052 0.00035738 -0.00178477 -0.00240116 0.0014021 0.00240176 0.000785448 -0.00251037 0.0019727 -0.00251016 0.000315634 0.00129515 -0.000645556 0.00036427 0.00294032 0.00208696 0.00131043 0.000173373 0.0031226 -0.00113593 0.00125809 -0.0017213 0.00556547 0.00317083 -0.000308921 0.00835619 -0.00071411 -0.00222677 0.000721826 -0.000344585 0.00413827 0.00130332 5.78206e-05 0.0019084 0.00121752 -0.00188207 0.000404896 -0.00309449 -0.00696424 0.00517767 0.00513442 -0.00863445 -2.51834e-05 0.000381134 -0.00408873 -0.00208709 -0.00258903 0.00429468 -0.00955473 -0.00142978 0.00733753 0.000733031 -0.00285999 -9.77921e-05 -0.00100143 0.000771702 
-0.00824716 -0.00209262 0.00989606 -0.0320357 -0.0253175 -0.00082867 0.0159058 -0.0263927 -0.00749276 -0.00495224 -0.00177867 -0.00344416 -0.00714368 0.0159022 0.0487274 -0.00510362 0.224399 -0.012021 0.0350043 0.00471798 -0.0068639 0.0173201 0.0261757 0.044899 -0.00666437 0.0585348 -0.0233774 -0.00543213 0.00329366 -0.051098 0.00329033 -0.00355056 -0.0104854 -0.0136633 -0.0049227 -0.00825823 0.00222409 0.00960951 -0.00237911 -0.00779337 0.0157421 0.00637247 -0.00708099 -0.00720811 -0.00252371 -0.0128732 0.0107899 -0.0379136 -0.00374959 -0.00465347 -0.00547139 0.0101651 -0.0152293 0.0075611 -0.0012509 -0.009498 -0.0147357 0.00360922 -0.00299185 0.00141771 -0.0251088 -0.00511672 -0.00982498 -0.0137414 -0.00401751 -0.00297406 0.00598798 -0.0018187 -0.00369502 0.0104639 -0.00951146 0.0251695 -0.00898625 -0.000271964 0.00221426 -0.00275896 -0.00235484 -0.00335623 -1.74059e-05 0.00592341 -0.0187696 0.0142402 -0.0113412 -0.0182636 -0.0100633 0.0096614 -0.00312138 -0.0293578 -0.0356518 0.0366597 0.00347915 -0.0133896 -0.0290668 -0.0157866 -0.0246524 0.00733437 0.024835 -0.00188484 -0.00863917 -0.0014656 
0.00620005 -0.00197927 -0.0173937 -0.0107673 0.00455829 0.00203684 -0.023907 0.0303145 0.000265226 -0.00721532 -0.00404718 -5.66355e-05 0.00280864 0.0174379 0.00433568 -0.00422263 -0.012021 0.143704 -0.0197228 -0.00249076 -0.00323715 0.0187969 -0.0226325 0.0120438 0.000708026 0.0121125 -0.0106419 0.00143065 0.00517841 -0.00296346 -0.00917003 -0.000861709 -0.00531933 0.000538502 -0.00465116 -0.00624557 -0.00593616 0.00072907 0.00873646 -0.00525911 0.0203263 0.0284009 0.0304692 0.00494446 0.000498459 -0.00687187 0.00515236 -0.0124863 -0.000866181 -0.00197992 -0.00137411 -0.0031282 -0.00737063 -0.0104271 -0.000953318 -0.00253902 -0.00288442 -0.0217384 -0.00287075 0.000832888 -0.0130321 0.011831 -0.0107378 -0.00664697 -0.00331541 0.0176957 -0.000957462 -0.00352211 -0.00427927 0.0190711 -0.00171099 0.000300782 0.000521142 0.00219403 -0.00415463 0.0060246 -0.002358 -0.00459193 -0.0196021 0.0034706 0.00827448 -0.0146985 -0.0368397 -0.00406642 -0.00377462 -0.00886259 -0.00155868 -0.00116055 0.0199969 -0.0214801 -0.00334669 -0.00775993 0.0308012 -0.00718651 0.00438115 0.00217786 -0.0272085 -0.00083068 0.00473071 -0.0241168 
0.0120434 0.00163989 0.000164068 0.00134145 -0.0141378 -0.00124368 0.0293824 -0.0389826 -0.00486857 -0.00418912 -0.00643036 -0.00434018 0.00189522 0.00618562 0.0184362 -0.00614505 0.0350043 -0.0197228 0.181763 -0.00740996 -0.00515595 -0.0368519 0.0204251 0.0392285 -0.00423921 0.0380831 0.0157183 -0.0209729 -0.01555 -0.0156166 -0.000457317 0.00050497 -0.00518691 -0.00701512 -0.00671288 -0.0102052 0.0138433 0.00658189 0.0027693 -0.00790933 -0.000393993 0.00556556 -0.00189714 -0.0060828 0.00063405 -0.0068274 0.00135299 -0.000602146 0.0033734 -0.00204627 -0.000680637 0.00715863 -0.00269373 -0.00599537 0.00130837 0.000425146 -0.00611774 0.00907773 -0.00345296 -0.00911468 0.000635234 -0.0140052 -0.01643 0.00234213 -0.00105261 -0.00584966 -0.0036602 0.00322054 -0.000579771 -0.013822 -0.000652954 0.0155772 -0.00657251 -0.000875805 -0.0173475 -0.00391943 -0.00219333 -0.0030249 -0.0185081 0.00966433 -0.0165301 -0.014531 -0.000553997 -0.0164281 -0.00838246 -0.00574668 -0.00186774 -0.00445202 0.00461243 0.0153022 -0.00440957 -0.00736868 -0.0276793 -0.00181722 -0.028009 -0.0029467 0.0115188 -0.00149652 -0.00970199 0.0328847 
0.00667519 0.000995858 -0.00285584 -0.00404712 -0.00401202 0.00208188 -0.00299796 -0.00714164 0.000187182 -0.003404 0.000481429 -0.0015861 -0.00481569 -0.00226731 -0.0208314 0.0017482 0.00471798 -0.00249076 -0.00740996 0.0641608 0.00218592 0.0072458 0.000240586 0.00689938 0.00182083 -0.0147337 -0.0050323 0.0108564 -0.000919068 -0.00717596 -0.00302574 -0.000123042 -0.00158065 -0.000638407 -0.000363292 -0.00161832 0.000145655 8.46239e-05 -0.00032366 0.0058955 -0.0122923 -0.00165194 -0.00242782 0.0033952 -0.00104065 -0.00137809 -0.00279558 -0.00388934 0.00248111 0.00131916 -0.0002815 -0.00281813 -0.000646652 -0.000331454 0.000364992 0.0110132 -0.00189261 -0.00455947 -0.00126717 0.013307 -0.0065383 -0.0142717 0.0136139 0.00390345 0.00534389 0.00181074 -0.00289857 -0.00693759 0.00322157 -0.00588351 0.00326468 0.0146289 -0.00179008 0.00161531 0.0250176 0.00756011 0.000218819 0.00628175 0.000641482 0.00590238 -0.00024804 0.00650112 -0.012896 9.77077e-05 0.0110883 -0.0101818 0.00116764 -0.00815474 -0.0134797 -0.00123792 -0.00410329 -0.001897 -0.0214568 -0.000870553 -0.00674269 -0.000698292 -0.00142772 0.00171891 -0.000879441 -0.00264174 
0.00101104 0.00125032 0.00226764 0.00579216 -0.00184593 0.000132262 -0.00104687 -0.00732542 -0.0010211 -0.00065448 0.00037908 -0.000307576 -0.000245039 -0.00150226 -0.0055343 0.000100799 -0.0068639 -0.00323715 -0.00515595 0.00218592 0.0315906 -0.00652756 -0.00537259 -0.000114848 0.000413039 -0.00924907 0.00213728 0.000324144 -0.00122929 0.00445182 -0.000641218 0.000118223 0.00108586 0.00297265 -0.000329921 -0.00121761 -0.000745845 0.00120882 0.000107236 0.00124743 -0.0133359 -0.00114968 -0.00628188 0.000396421 -0.000515769 0.00372431 -0.000262571 0.00544194 -8.3182e-05 0.00078481 0.00393646 0.000335472 0.000819951 0.00560965 9.04793e-05 0.000394905 0.000695378 -0.00107204 -0.000783685 0.00115517 0.003551 -0.00505403 0.00105915 0.00322581 0.000143197 0.00274432 0.0016934 -0.00150792 -0.00046173 -0.00690401 0.0059924 -0.000560175 0.000340316 0.000230001 0.00329764 -0.000168655 0.00133722 0.000231881 -0.00144692 -0.000256422 -0.00140612 -0.0030921 -0.000339973 0.00510415 0.0015215 -0.0119594 0.000430214 0.00177694 -0.00125313 0.00105704 -0.0034108 0.0029702 -0.00629466 0.00291208 0.00157685 -0.000331517 0.00102291 0.000721973 0.00104802 0.00195068 
-0.0109323 -0.00329182 -0.0206779 -0.0447916 -0.000816184 -0.000147725 -0.044901 0.0682848 0.00521023 -0.0193688 -0.00808394 0.00740478 -0.0030036 0.0123973 0.0138869 -0.00522588 0.0173201 0.0187969 -0.0368519 0.0072458 -0.00652756 0.225048 -0.0188916 -0.00283576 -0.00739343 0.0409581 -0.0410085 0.0177579 0.0377854 -0.0269625 -0.0185455 0.000554179 -0.0107004 -0.0215594 -0.0160314 -0.00262151 0.00250724 -0.0296637 0.00759278 0.00377681 0.0851213 0.0234103 0.0283528 -0.00629716 -0.0110386 -0.0220023 -0.00137661 -0.0707421 0.00172604 -0.00415152 -0.00185508 -0.00879429 -0.00309437 -0.0119405 -0.00216261 -0.00452345 -0.0060801 -0.0152064 -0.000264439 0.0111909 -0.0351037 0.0300062 0.0133907 -0.0208273 0.000526723 0.0123568 -0.0111833 -0.0165618 0.00110646 -0.0158483 -0.0286936 0.00292378 -0.00140533 -0.000687207 0.0113113 -0.00249662 -0.00282498 -0.000527974 0.00532254 -0.0121834 0.0171108 0.0336046 -0.0121791 -0.0234205 -0.00129948 0.0753081 -0.00632151 -0.0103745 -0.0246541 -0.0242602 0.0506086 -0.0142206 0.0366321 -0.014599 -0.0204577 0.00501095 -0.0264759 -0.00096271 0.0184169 -0.0520321 
-0.0116787 -0.0017489 -0.00935251 -0.0192927 0.00522346 -0.00441599 0.0410708 0.00634069 -0.00854934 -0.000922178 0.00120433 -0.0115107 -0.00923536 -0.0168457 -0.026676 0.000519127 0.0261757 -0.0226325 0.0204251 0.000240586 -0.00537259 -0.0188916 0.24509 -0.0237993 -0.00240606 4.1325e-05 -0.00870241 -0.00801579 -0.00147797 -0.00764183 -0.000786393 -0.00395637 -0.00659699 -0.0139487 0.00855259 -0.0158814 -0.00418768 -0.0436644 -0.00951675 -0.00636392 0.0367703 -0.0379416 0.00759152 -0.00607316 -0.0107578 -0.00599678 -0.00202928 -0.000207047 -0.00353668 -0.00113201 -0.00287923 -0.0207571 -0.00328525 -0.00471566 0.00213842 0.0139405 -0.0138392 0.0404927 -0.000432005 -0.0126466 -0.00903688 0.0194461 0.00879968 -0.00689683 -0.00907746 -0.0232955 -0.000471008 0.0180654 0.00988146 0.0204015 -0.0181348 -0.0199324 -0.00813211 -0.0031401 0.0142298 -0.0127874 -0.00613123 -0.00468327 0.0131153 -0.00507908 -0.00569593 0.0114221 -0.028024 -0.015286 0.00612132 0.053208 -0.000629108 -0.0266709 -0.0395778 -0.0158474 0.0494827 -0.00401924 0.00704111 -0.00310123 0.00858491 -0.00455321 -0.00229959 -0.00130137 0.00290283 0.0255843 
0.0045256 -0.00139147 -0.0172986 -0.0196242 -0.012476 0.00199482 0.00595358 -0.038104 -0.0112101 -0.00796027 -0.00131535 0.00507841 0.00696068 0.0463777 0.0246047 -0.00630265 0.044899 0.0120438 0.0392285 0.00689938 -0.000114848 -0.00283576 -0.0237993 0.196535 -0.00419978 0.0611548 -0.0172658 -0.000878503 -0.00701149 -0.0442337 -0.00631009 0.0012313 -0.00823128 -0.00156578 -0.0111581 -0.0122468 0.0129435 0.0332745 0.0101417 -0.00356079 0.00546618 0.0419353 -0.00933661 0.00202448 0.00342372 -0.0189555 0.00614228 -0.0225311 0.000577514 -0.00430604 -0.00115588 0.0310474 -0.00646264 0.0419667 -0.000888157 -0.00630979 -0.00392723 -0.0135332 -0.00727517 0.0104147 -0.030418 -0.0042897 -0.00942456 -0.00499965 0.00439216 0.0107146 -0.00252303 -0.00924558 -0.00144951 -0.00842867 0.00437713 0.0518996 -0.000192438 0.00153058 -0.00817649 0.00443669 -0.002121 -0.00769366 -0.0326228 0.0052806 -0.0127631 -0.0378805 -0.0333101 -0.026442 -0.0113843 -0.0300249 0.000910582 -0.0162122 -0.0302853 0.0392118 -0.0262256 -0.0107356 -0.0450617 -0.0108121 -0.0483076 0.00766843 0.0137614 -0.000128514 -0.00107589 0.0149814 
0.00199585 0.000434327 -0.000300098 0.00532684 -0.000282324 0.00131754 -0.0017094 -0.00468832 -0.00122693 0.00163333 0.000607764 -0.00112361 -0.00176273 -0.00011029 -0.0108519 0.000718185 -0.00666437 0.000708026 -0.00423921 0.00182083 0.000413039 -0.00739343 -0.00240606 -0.00419978 0.030294 -0.00951419 -0.000962699 2.42815e-05 -0.000665026 0.0129224 -0.000255145 -8.79259e-05 0.000375778 0.000202384 0.00435808 0.0024943 -0.00167508 -0.003465 0.00131175 2.62843e-05 -0.00970145 8.37217e-05 -0.00105087 0.00303548 0.000779856 0.00740134 -0.000486635 0.0027766 0.000465657 0.00178393 0.000461238 -0.00087085 0.000647226 -0.00201692 0.000119529 -0.00179066 0.000653487 -0.00507881 -0.000826936 -0.000751525 0.00107215 -0.00535192 0.000175244 0.000672937 -8.02983e-05 -0.000411483 0.000226249 -0.000229026 -0.000368159 0.00637286 -0.0019911 -0.00249084 -0.00053257 0.000392078 0.00259308 0.000492433 0.000672759 0.00256154 -0.00320675 0.00378574 0.00320647 0.0022225 -0.00528535 0.0106239 0.00420358 -0.0115319 -0.000367438 0.00560702 0.00100339 -0.00632256 -0.0104588 0.00448828 -0.000824315 -0.000912024 0.00809304 0.00153136 -0.0049655 0.000152891 -0.000768578 -0.00308576 
0.0197194 -0.000636737 -0.0356211 -0.0383577 0.0123316 -0.000256601 0.0192861 0.0167603 -0.0046024 -0.00347464 -0.00554053 -0.00332627 0.004538 0.019482 0.0590311 -0.0123416 0.0585348 0.0121125 0.0380831 -0.0147337 -0.00924907 0.0409581 4.1325e-05 0.0611548 -0.00951419 0.249564 -0.0256861 0.000574905 0.0163236 -0.0355613 -0.0123112 0.000611502 -0.00927499 -0.0157512 -0.0153583 -0.0135416 -0.0107956 0.000168162 -0.00331722 -0.0109073 0.060833 0.00338685 0.0278566 -0.00950949 -0.0105944 -0.0191143 0.00792493 -0.0577768 -0.004487 -0.00604337 -0.00591963 0.0162514 -0.00999289 0.011009 -0.0019511 -0.0066661 0.000123482 0.00112172 0.00030902 -0.00785726 -0.0295153 0.0240602 -0.0083851 -0.024625 -0.00587553 -0.003863 -0.00829492 -0.0267106 0.00437059 -0.0107056 -0.0149145 0.0193747 -0.00251099 0.000315248 -0.0213115 -0.00755898 -0.00617536 -0.0105585 -0.0184311 -0.00143789 -0.0215177 -0.00936223 -0.0190978 -0.0422215 -0.0174128 0.0467152 -0.00555949 -0.00744708 -0.0470907 0.0096812 0.0060117 -0.019348 0.00894974 -0.00953913 -0.0531194 0.00957267 -0.00146886 -0.00227188 -0.0162587 0.0155184 
0.0229503 0.00307088 0.0149317 0.0375506 0.00285183 -0.00037397 0.0221304 -0.0359932 -0.00394354 0.000268084 0.000487729 -0.00450732 -0.00181985 -0.0172016 -0.0174525 -0.00277315 -0.0233774 -0.0106419 0.0157183 -0.0050323 0.00213728 -0.0410085 -0.00870241 -0.0172658 -0.000962699 -0.0256861 0.135975 -0.00879371 -0.0111659 0.0469573 0.00239237 -0.00120023 0.00259856 0.0141064 0.00247377 0.00348976 -8.49639e-05 0.0188566 -0.00832182 -0.00247453 -0.0599659 -0.0234308 -0.0125523 -0.00368986 0.000588481 -0.0012197 0.00053588 0.0285198 0.00148748 9.24157e-05 0.000354606 -0.00614364 -0.00403138 -0.00539617 -0.0008302 0.0042471 -0.0026908 0.000430847 -0.000423885 -0.00785291 0.0317523 -0.0216509 -0.0107889 0.0146096 -0.00124905 -0.0068715 -0.00547402 0.0111314 -0.00344727 -0.0152403 0.0113275 -0.00189124 -0.0050794 -0.00063414 -0.0128005 -0.00269759 -0.00155404 -0.00347106 0.0039254 0.00708421 -0.0130633 -0.00757831 0.00675918 0.00896912 -0.00253215 -0.0413911 -0.000811011 0.00409383 0.0379389 -0.00803372 -0.0110336 0.00550541 -0.0154805 0.019154 0.012121 -0.00956325 -0.00789459 -0.00125258 -0.00344028 0.0323597 
-0.00901215 -0.000398827 -0.0126459 -0.00292124 0.000828085 -0.0010142 -0.0057419 0.00707066 0.00111191 0.0019737 0.00361802 0.0032736 0.0129523 0.00196733 -0.0269535 0.00199685 -0.00543213 0.00143065 -0.0209729 0.0108564 0.000324144 0.0177579 -0.00801579 -0.000878503 2.42815e-05 0.000574905 -0.00879371 0.109107 0.0129692 -0.00428675 0.000891892 0.000283577 0.00296528 0.0108017 -0.00385792 0.00289005 0.00350978 0.010591 -0.00118095 -0.000365707 -0.00669828 -0.00481724 0.0036876 0.00350242 0.00235796 0.0032131 -0.00437113 -0.00697829 0.000360869 -0.00100665 -0.00136396 8.37998e-05 -0.00238051 0.00956892 -0.0010351 0.000292662 0.00575783 -0.0119001 0.00903549 0.0106335 -0.00956813 -0.0173643 -0.00260876 -0.00166634 0.00771641 -0.00547514 -0.0057604 -0.00948615 0.00461301 -0.0136791 -0.00191565 -0.00196394 -0.00170911 0.00116001 0.00332038 0.000669396 9.41282e-05 0.00168253 -0.00633051 0.00074099 -0.00746774 0.00558185 -0.0179341 -0.00387566 0.0134868 0.00189961 0.00135388 0.0016094 -0.0180238 -0.00211839 0.00186836 0.00549375 -0.00547159 0.00396948 -0.0120998 0.00102201 -0.0147955 0.000177785 0.000521788 -0.0129081 
-0.000719651 -0.000389972 -0.00404572 -0.0146946 0.00629897 -0.00089633 -0.0129476 0.0244245 0.000409819 -0.00406006 -0.00333514 0.00129055 -0.00334732 0.00138352 -0.00273742 -0.00179784 0.00329366 0.00517841 -0.01555 -0.000919068 -0.00122929 0.0377854 -0.00147797 -0.00701149 -0.000665026 0.0163236 -0.0111659 0.0129692 0.0837518 -0.0119239 -0.0042441 -0.00121624 -0.00326005 -0.00649917 -0.00215588 0.000719575 -0.0021922 -0.012704 0.00325957 -0.000718942 0.0219003 0.00361023 0.00891543 -0.00101832 -0.0016632 -0.00384736 0.00225595 -0.0209554 -0.000909108 -0.000783518 -0.0017858 0.000276662 -0.00291287 -0.00261446 -0.000549119 -0.00369829 0.00293809 -0.00533355 0.000112093 0.00314849 -0.00980133 0.00421017 -0.00370593 -0.00597479 -0.0017621 -0.00164572 0.00184624 -0.00328764 0.00376432 0.00376722 -0.00737569 -0.00868122 -0.000757441 -0.000167677 0.00597109 0.000175421 -0.000970718 0.00145736 -0.00423676 -0.00489293 -0.00123573 0.00227091 -0.0122116 -0.00495218 0.000160666 0.0216214 -0.00151743 -0.00754423 -0.014707 -0.0122438 0.0108238 -0.00418661 0.0146027 -0.00290271 -0.00198754 0.00294766 -0.00936924 -7.73323e-06 0.00618488 -0.015948 
0.0137176 0.00342122 -0.00510311 0.0347572 0.011563 -0.000715405 0.00709243 -0.00872798 0.00103555 -0.0033696 -0.00367351 -0.00550466 -0.00159287 -0.0239947 -0.0520836 -0.00110467 -0.051098 -0.00296346 -0.0156166 -0.00717596 0.00445182 -0.0269625 -0.00764183 -0.0442337 0.0129224 -0.0355613 0.0469573 -0.00428675 -0.0119239 0.166575 -0.0059229 -0.00115892 -0.000218881 0.00420354 0.00268403 0.00849526 -0.015557 -0.00497837 -0.0124084 -0.00204565 -0.0316872 -0.0289878 -0.00788096 0.000580293 -0.00292898 0.0246938 -0.00286121 0.0405651 -0.000623454 0.00161738 -0.000766054 -0.014691 0.00296484 -0.0153024 -0.00188342 0.00212223 0.00161489 -0.00665832 -0.00642255 -0.0090378 0.0222804 -0.0310344 -0.00290938 0.00635698 -0.00123026 -0.0086115 -0.00691662 0.0079609 -0.00183706 0.00499029 -0.00364623 -0.0207958 -0.0067037 -0.0016382 -0.00628252 -0.00740492 -0.0010171 -0.00115565 0.0165122 0.00996746 0.0115065 0.00122372 0.00734044 0.0281014 0.00119711 -0.02827 -0.00252465 0.0263297 0.0507359 -0.0330764 0.006863 0.0145516 0.0163838 0.0171457 0.0430203 -0.0110881 -0.0226055 -0.000779937 -0.00298131 0.00336193 
-0.00524978 -6.73625e-05 0.00633623 0.00768408 -0.00155964 0.0015196 0.00368417 -0.0197482 -0.00372545 0.0129503 0.00895366 8.52554e-05 -0.00223092 -0.00839874 -0.00406685 0.00208763 0.00329033 -0.00917003 -0.000457317 -0.00302574 -0.000641218 -0.0185455 -0.000786393 -0.00631009 -0.000255145 -0.0123112 0.00239237 0.000891892 -0.0042441 -0.0059229 0.0651805 0.00168717 0.00512101 0.0141093 0.00696691 -0.00294722 -0.00501499 0.0139644 -0.00339368 -0.00181594 -0.0270998 -0.00836524 -0.0147343 0.000668563 0.00781852 -0.00472445 -8.52666e-05 0.00464756 -0.000701374 0.000637503 0.00208159 0.0078181 0.00781117 0.0135627 0.00073156 -0.00472588 -0.0012257 0.0136696 0.00454295 -0.00216478 0.0118387 -0.00372229 -0.00394849 0.00224931 0.00194209 -0.0019182 -0.000478132 0.00638548 6.88781e-05 0.000607583 0.0111787 -0.00373849 -0.00245775 -8.81144e-05 -0.00457849 0.00340891 0.000161053 -0.00114535 -0.00605168 -0.00320972 -0.00415386 -0.00976187 0.00342201 -0.00321432 -0.00104657 -0.0157177 0.00435751 0.000957995 -0.00487368 0.0109769 -0.0246054 0.00568733 -0.0193973 -5.50555e-05 -0.00267406 -0.001347 0.00591125 -4.59328e-05 -0.00304607 0.0149423 
-0.00243909 -0.000145441 -0.00157444 -0.000964321 0.00107182 0.000235072 -0.000663053 -0.000493178 1.5666e-05 0.000271123 -0.000127725 0.000880439 -1.56643e-05 0.000523656 0.000119211 0.000324654 -0.00355056 -0.000861709 0.00050497 -0.000123042 0.000118223 0.000554179 -0.00395637 0.0012313 -8.79259e-05 0.000611502 -0.00120023 0.000283577 -0.00121624 -0.00115892 0.00168717 0.0216324 -0.000104712 0.00127474 -0.000144688 -0.00073875 0.000532913 -0.000758834 0.00062852 0.000176629 -0.00198863 0.00303999 -0.000529783 0.000473275 0.000513617 -0.00213002 -0.000139195 -0.00248632 0.00052327 0.000124334 0.000841238 0.00163944 0.00238562 0.000677299 0.000411113 0.000385498 0.000223102 0.000429985 0.000159208 0.000125891 0.000517319 -0.000328165 -0.000325844 0.000949371 0.00114361 0.000304041 -0.00029483 -0.00201898 0.000380309 -0.000328139 0.000104294 -0.00120918 0.00064066 2.02555e-05 -0.00147583 0.000192069 -5.98662e-05 1.51008e-05 -0.00157211 0.000635155 -0.000180852 -0.00124407 -0.00230546 -0.00122912 -0.000570589 0.000769877 -6.92206e-05 0.00114952 -0.00204023 9.02018e-05 -0.00401898 0.001078 -0.00326268 0.000396494 -0.00220897 0.00192627 -0.00125772 -3.54847e-05 0.00031224 -0.00162032 
0.00199642 0.000122094 0.00172002 0.0183259 0.000489828 -0.000206912 -0.00559366 -0.0133706 -0.00280595 0.0132824 0.00393213 -0.00206471 0.00141922 -0.00642009 -0.0121454 0.00223963 -0.0104854 -0.00531933 -0.00518691 -0.00158065 0.00108586 -0.0107004 -0.00659699 -0.00823128 0.000375778 -0.00927499 0.00259856 0.00296528 -0.00326005 -0.000218881 0.00512101 -0.000104712 0.047368 0.012101 0.00848013 -0.000231351 -0.0012233 0.0166778 -0.00253092 0.000199662 -0.0228753 -0.00477247 -0.00902312 9.31097e-05 0.00203625 0.00954719 -0.00208526 0.0115489 -0.000129585 0.00570645 0.000470671 -0.00161454 -0.000286563 -0.00267976 0.00140243 -0.00459504 0.000601244 -0.00403946 0.00278093 0.00100921 0.0112386 -0.00870526 -0.00204133 0.00457981 0.000987865 -0.000745363 0.00340406 0.00519804 -0.000421971 0.000267364 0.00510925 -0.00171336 -0.000836866 0.000188889 -0.00386685 0.00278097 0.00152487 -0.000436173 -0.0095469 -0.0025577 -0.0038128 -0.00486596 0.00131913 0.00387928 0.00254514 -0.0203444 0.0027828 0.00145062 0.00374911 -0.00339004 -0.018859 0.0101858 -0.00832521 0.00918606 -0.00395891 0.00335649 -0.00678096 0.000221238 -0.00229481 0.0135051 
0.00227453 -0.000733665 0.00291721 0.0145992 -0.00694679 0.000687679 -0.00118299 -0.0277619 -0.00253219 0.0108658 0.00283922 0.00230412 0.00791912 -0.0126047 -0.0276093 0.00204186 -0.0136633 0.000538502 -0.00701512 -0.000638407 0.00297265 -0.0215594 -0.0139487 -0.00156578 0.000202384 -0.0157512 0.0141064 0.0108017 -0.00649917 0.00420354 0.0141093 0.00127474 0.012101 0.09604 0.00355491 -0.00318129 0.00774977 0.0489138 0.0140137 -0.00290626 -0.0425556 -0.00832088 -0.0123645 0.00338344 0.0199356 -0.00492523 0.00485583 0.0207924 0.000219452 -0.000633716 0.00157928 -0.00152165 -0.0023173 0.00232973 0.000294431 -0.00750089 0.00117266 -0.00855282 0.008869 0.00373187 0.0212416 -0.0235635 -0.00648234 0.00929481 0.00737465 0.000112587 -0.00286307 0.00558632 -0.00189826 -0.0204583 0.0356367 0.0131014 -0.00336817 0.000870464 -0.00502107 0.0142045 0.00182239 -0.00243632 -0.0134732 0.0130992 -0.0129175 -0.00423114 -0.0149536 -0.00641991 0.00293516 -0.041378 0.00378972 -0.00925785 0.00418989 -0.00268681 -0.036022 0.0156949 -0.0317255 0.0195048 -0.0131246 -0.00307765 -0.0165084 -0.000316988 -0.00314912 0.0174722 
0.00257304 0.000549919 0.0109877 0.00932015 0.00232814 0.00149507 -0.00559242 -0.014191 -0.000786512 0.0196311 0.00602626 -0.00197165 -0.00283996 -0.00385166 -0.0186396 0.00738658 -0.0049227 -0.00465116 -0.00671288 -0.000363292 -0.000329921 -0.0160314 0.00855259 -0.0111581 0.00435808 -0.0153583 0.00247377 -0.00385792 -0.00215588 0.00268403 0.00696691 -0.000144688 0.00848013 0.00355491 0.0556882 0.00178367 -0.00194929 -0.00403828 -0.00389901 0.00254106 -0.0246965 -0.00652409 -0.0102056 0.00152492 0.00137153 0.00972374 -0.00231243 0.0058058 0.000643152 0.00915011 0.000233537 -0.00357205 0.00107963 0.000432019 0.000604159 -0.00531753 -0.000156083 -0.0037206 0.00443637 -0.00059565 0.00470314 -0.00249806 -0.000511578 0.00223952 -0.000388275 -0.00427702 0.00766523 0.0115043 6.49726e-05 0.0155478 1.77077e-05 -0.0038726 0.0013497 -7.81681e-05 -0.00375575 0.000239552 0.00062321 -0.000949343 -0.00708234 -0.00119333 -0.00571771 -0.00621599 -0.015185 0.0134347 0.00904133 -0.0246919 -0.000728731 0.00260989 9.57851e-05 -0.00327644 -0.0153603 0.0111802 -0.00819557 -0.00163722 0.0130264 0.00282208 -0.00761636 -0.00035215 -0.00294021 0.00851839 
