0.0368616 8.42568e-05 0.00625509 -0.000180916 0.00151116 -0.00308974 -0.000614103 0.00132359 -0.00121994 -0.000641592 0.00436348 0.00161571 0.00146004 -0.00094006 0.000477174 0.00157932 -0.00392692 0.00469374 -0.00684176 0.00224308 -0.0115979 0.00242288 0.00192857 -0.00118028 -0.00114628 0.00403244 0.00325326 -4.09035e-05 -6.10052e-05 0.00403897 -0.0020569 0.00115347 0.00475774 -0.000286684 0.0012581 -0.00146601 -1.17003e-05 -0.00178219 -8.41534e-05 -0.0010475 -0.000724726 0.00433114 0.00107816 0.000223397 -0.00178315 -0.000402539 -0.00070293 -0.00823375 0.000259147 3.51861e-05 0.00374133 -0.00579368 -0.000817813 -0.00159494 0.000444453 -0.00589593 0.00381822 -0.000739267 -0.00136039 -0.0011322 -0.00180303 0.00144473 0.00109276 0.00105272 0.00173112 -0.00213568 -0.00383664 -0.000429422 -0.000103994 0.000265936 0.00422162 0.00017913 0.00315616 0.00134816 0.00313413 0.000399206 0.000460496 0.00456394 0.00528419 -0.00214374 -0.0020964 0.000180308 0.00159089 -0.000720524 0.000117026 0.00477675 -0.000369681 -0.0133997 -0.00506748 0.000533413 -0.00697172 -0.00236812 -0.013044 0.000829773 -0.00833936 -0.000965105 0.000595616 9.28533e-05 -0.00484095 -0.000262217 
8.42568e-05 0.0408739 0.000867126 -0.00134594 0.00513308 -0.00464924 -1.77097e-05 -0.000211658 -0.00687768 -0.00336261 -0.00120104 -0.000412284 0.000686611 -0.00342704 0.00145573 0.000646264 -0.00433674 0.00583641 -0.00149443 -5.52838e-05 -0.0118213 -0.00691972 0.00537309 -0.0001458 -0.000813687 0.00256911 -0.00110767 -0.000775782 -0.00122721 -0.000661818 0.00658946 0.0016452 -0.00280863 6.0426e-05 -0.00639958 0.00293178 0.000443129 0.00125862 -0.000889383 0.00614853 0.00851647 0.000951482 0.00569033 4.46832e-05 0.0112578 0.0034392 0.000508496 0.00709568 -0.000227975 0.00411587 -0.00054293 0.00575613 0.000687926 -0.00111273 -0.000291408 -0.00257833 -0.00200925 0.000375898 0.00115994 -0.000379113 -0.00636618 0.000393659 -0.00036566 -0.000929499 0.00644621 -0.00267136 -0.00423564 -0.000289579 -0.00516669 -0.000347521 -0.0018527 0.00235528 -0.000369135 0.000538931 -0.000479734 -0.000368366 -3.60516e-05 -0.00326883 -0.00290119 -0.00331712 0.000795314 0.000595149 -0.00804284 0.00340799 -0.00231918 -0.00173017 -0.000346056 -0.00871378 -0.000158595 -0.00829539 0.00211878 -0.00220519 0.00224734 -0.00924327 -0.0055713 -0.000825396 -0.0111634 -0.000549247 0.0117994 -0.00266776 
0.00625509 0.000867126 0.0838117 -0.00277961 0.00501413 -0.00563689 0.00980931 3.67655e-05 0.00182807 -0.00369945 0.00360238 0.000104414 -0.00438156 0.00630987 0.013298 0.00326508 -0.00180417 0.00756031 -0.0206011 0.00879396 -0.0216483 0.016281 -0.00151123 0.00355066 -0.00237917 -0.00913962 0.00477354 0.00340443 0.000377077 0.00867859 -0.00165853 0.00127351 -0.00111769 0.00410039 0.00818986 0.000359255 0.00208972 0.0067815 0.00235565 0.00911973 0.00139467 0.000169045 0.013078 -0.000420561 0.00866317 0.000117325 0.0102852 0.0111627 -0.000601581 0.0113462 0.001784 -0.015426 -0.00172566 -0.00268618 0.00105812 -0.0307551 0.0048965 -0.00175455 0.00101112 0.000286003 -0.0192805 0.000219166 -0.00267216 -0.00145264 0.00178896 -0.00830627 -0.0108966 -0.000716228 -0.0108199 -0.0018526 -0.00386174 0.000437963 0.00233123 0.0020272 0.00480482 -0.000321179 0.000411488 -0.00372076 -0.00234355 0.00388754 0.00735452 0.000208754 -0.0118301 0.00261327 -0.000803002 0.00397414 0.00322866 -0.0143198 -0.00533224 -0.0222664 0.00630766 -0.0103331 -0.0179355 -0.0117931 -0.021561 -0.00288805 -0.0218618 0.0019394 0.0069295 0.00128798 
-0.000180916 -0.00134594 -0.00277961 0.0896132 -0.00179175 0.0027484 0.0190342 -0.000299747 0.00821938 0.0124716 0.00454357 0.00176009 0.00188785 -0.00586491 0.00210239 0.00912131 -0.00903891 -0.000223414 -0.00198241 0.0122703 3.79551e-05 0.0189438 -0.00420136 0.000949606 0.000234024 -0.0103676 5.49205e-05 0.00297487 -0.00512956 -0.00345491 -0.00927758 -0.00173685 0.0154349 -0.00193214 0.0122446 -0.00490212 -0.0021064 -0.00407534 -0.00201883 -0.0112646 -0.00608951 -0.00472044 -0.00340018 0.00184311 -0.0123963 0.0010187 -0.000723553 -0.0247774 -0.000143509 -0.00680895 0.0176404 -0.02086 -0.00231467 -0.000413245 0.000765604 -0.00755176 0.00570618 -0.000263429 0.000603576 0.000724822 -7.55787e-06 -0.000565645 -0.000457259 0.00404947 -0.00532522 0.0131626 0.0052988 0.00210918 -0.00238232 0.000536231 -0.00209969 -0.0084356 0.00546542 0.000506418 0.00168256 0.000219223 0.000183028 -0.00240767 -0.000860249 -0.00497308 -0.00916378 0.000719799 -0.00825153 -0.00427839 0.00710529 -0.00223437 0.00059251 -0.00878062 -0.0134672 -0.0104128 -0.00799065 -0.00809337 -0.0251078 5.56439e-05 -0.00707455 -0.00272797 0.0214634 0.00128953 -0.0077374 0.00988412 
0.00151116 0.00513308 0.00501413 -0.00179175 0.0755104 0.00403903 0.0115576 0.00046844 0.0226295 -0.00608597 -0.00107242 0.0001445 0.00160604 0.00145807 0.0044934 -0.0035255 -0.00210672 0.00214767 -0.00882094 -0.00724524 -0.0024455 -0.00661306 -0.00493956 0.00064912 -0.00455499 0.0114204 -0.00178662 0.00210981 0.00054743 -0.0015538 0.00415298 0.000977954 -0.00510828 -0.000847465 -0.0126573 0.00371076 0.000908261 -0.00229334 -0.00116781 -0.00405302 0.00393217 0.00584838 0.00169476 -0.000615956 0.00243036 0.00208639 -0.000716189 0.0110365 -0.00333481 0.008006 0.00138511 0.00267471 0.00402459 -0.00407358 -0.000252028 0.000868826 -0.00480802 5.04095e-05 0.0118916 0.000983152 -0.00858761 -0.00140432 -0.00095792 -0.00222962 0.00520624 -0.0105623 0.00196152 -6.47826e-05 -0.00713933 -0.000619059 -0.00297859 -0.00146161 -0.00191325 -0.00168683 0.000779764 -0.000406268 -1.70993e-05 -0.00469277 -0.00134624 0.000518447 -0.00348389 8.74476e-05 -0.00951646 -0.000711019 -0.00212405 -0.0071006 -0.00113276 -0.00216569 0.00181771 -0.0080831 -0.00286105 -0.00536646 -0.0102292 -0.017021 0.00989337 -0.00218146 -0.0251279 -0.00108774 0.00322696 -0.00386451 
-0.00308974 -0.00464924 -0.00563689 0.0027484 0.00403903 0.15402 0.0149008 -0.00105409 0.0385674 -0.0101691 -0.00679898 -0.00147928 -0.00411655 -0.0152383 -0.00146263 -0.0102604 -0.0103668 -0.00357736 0.0244425 -0.0111362 0.00809258 -0.00847013 -0.00759424 0.00035228 -0.00400812 0.00148076 -0.00310688 -0.00529249 -0.0049528 -0.00541808 -0.00527993 -0.00243473 0.0164262 -0.000907027 -0.0402517 -0.00799312 -0.00466668 -0.00966895 -0.0077501 -0.0150325 -0.00304308 -0.00608324 -0.0069542 0.000405203 -0.0171514 -0.0101348 0.000857453 0.033117 -0.00737054 0.00978032 0.0175009 0.0139058 0.00398746 -0.00242762 -0.000390969 0.0225107 0.00571929 0.00075647 0.00252374 -0.00293117 0.00282302 -0.00137177 -0.00438308 -0.00707975 -0.0122744 -0.0138285 0.0114753 -0.00261459 0.0136463 -0.000366639 -0.00196255 -0.00724919 -0.00132832 0.00121027 -0.000963034 -0.000521934 -0.000270615 -0.00688516 -0.0101866 -0.00720582 -0.00877654 -9.37365e-05 0.0248739 0.00256915 -0.00929587 -0.00252191 -0.00348034 0.0257756 -0.00110914 -0.000345094 -0.0196558 -0.0109155 0.00965887 -0.0293534 0.0407934 -0.00483288 -0.0434729 -0.00202428 -0.00927988 -0.00696075 
-0.000614103 -1.77097e-05 0.00980931 0.0190342 0.0115576 0.0149008 0.138988 -0.00020956 0.0347868 0.00278035 -0.00496179 -0.000114045 -0.000509452 -0.00227092 -0.00302772 0.0114055 -0.00396194 -0.000789775 -0.00955015 0.00394902 0.00571556 0.00531885 -0.000223664 0.00519295 0.00356456 0.0042954 0.000596969 0.00474281 -0.00319411 -0.00555115 -0.00850795 -0.00327383 -0.00341151 -0.00104613 0.0111658 -0.00187226 -0.00474614 -0.00857686 -0.0029621 -0.0157199 0.00162773 0.00236591 -0.0036059 0.000959272 -0.00506647 0.00248769 0.0210617 -0.00953151 -0.00429808 0.00740044 0.0338435 -0.0246725 -0.000977616 -0.00313016 0.000803105 -0.00770626 -0.000223298 0.00132727 -0.000305715 0.000514347 -0.00209824 -0.00262698 -0.00302434 -0.0021881 -0.00712523 -0.0216606 0.0199767 -0.000673222 -0.003997 -0.00303087 -0.0036496 -0.00925438 -0.000224957 0.00344742 0.00208433 -0.000392826 6.43389e-05 -0.0121166 -0.0031911 0.000291302 0.00657174 0.000151235 -0.0210723 -0.00686559 0.000743893 -0.00429536 -0.00268641 0.0144861 -0.0190171 -0.0369373 0.00390643 -0.0163173 -0.0491939 -0.0256536 0.0160575 -0.000796363 -0.0125777 0.00103033 -0.0148671 0.00115772 
0.00132359 -0.000211658 3.67655e-05 -0.000299747 0.00046844 -0.00105409 -0.00020956 0.0302891 -0.000201746 0.000719062 -0.0005924 -0.000132915 -0.00105472 0.000815681 -0.00029539 -0.000402037 -0.00142407 -0.000592185 -0.00371225 0.000264366 0.00117357 -0.00147688 -0.000834452 0.000524776 0.000520426 0.00116836 0.000338515 0.000843563 -0.000395195 -0.00108288 -0.00337972 -0.000421436 -0.00316327 -0.000151115 0.0073891 -0.00214881 -0.000215865 -0.00180978 0.00231397 -0.00248896 -0.00226858 0.000628783 -0.000526866 -1.29761e-05 -0.0039637 -0.0016445 0.00193653 -0.00725933 -0.00077865 -0.00175096 0.000351171 -0.00465695 -0.000628372 0.00155419 0.000218411 -0.00188832 -0.00189287 -0.00121516 -0.000979542 -0.000939356 0.00259985 -0.000135795 0.000980471 -0.000234977 -0.00169264 -0.000585897 0.00265581 -0.000509557 0.00712921 -0.000155918 0.000413653 -0.0010591 3.74109e-05 -0.000242647 0.000290921 0.000106546 -3.95885e-05 -0.00198214 -0.000767081 -0.000502877 -0.00180981 9.90143e-05 -0.00154327 -0.00248815 0.00135322 -7.00622e-05 -0.000576478 0.00144498 -0.00241972 1.94258e-05 -0.00188481 0.00157146 -0.00410455 0.00725402 -0.00199357 0.00163352 0.00515092 0.000194253 -0.00284994 -7.16364e-06 
-0.00121994 -0.00687768 0.00182807 0.00821938 0.0226295 0.0385674 0.0347868 -0.000201746 0.248608 -0.0206253 -0.00267827 -0.00198153 -0.00980977 -0.0017889 -0.00348061 -0.00432274 -0.0290559 -0.00539066 0.00056568 -0.0321936 0.0570711 0.00214362 -0.00577344 -0.00063401 -0.0193704 0.0227578 -0.00645706 0.011836 -0.00425668 -0.00517331 -0.0306444 -0.00823977 -0.0166585 -0.00960254 -0.0332499 -0.0135302 -0.00468424 -0.0226599 0.0037283 -0.042195 -0.015603 0.00203732 -0.0132086 -0.000169848 -0.0192605 0.0198056 0.02039 0.0145326 -0.0168845 0.00413039 0.0323315 -0.00349561 0.00145265 -0.00330047 0.000730377 0.0453156 -0.00105913 0.00108864 0.00664724 -0.0109457 0.0182974 -0.00496035 -0.0056357 -0.010621 -0.00615974 -0.0362482 0.0328403 -0.00559899 -0.0229446 -0.00887107 -0.0140031 -0.0231953 -0.0135174 -0.00397619 -0.00611382 -0.00327699 -0.000695661 -0.0171581 -0.00590238 0.00811061 -0.0135049 -0.00147975 -0.0236033 -0.00844533 -0.00246537 -0.0175128 -0.00306013 0.0679012 -0.00299507 -0.00761684 -0.0174588 -0.00877255 9.15355e-05 -0.0139515 0.0796515 -0.00938312 -0.0344208 -0.00232762 -0.0127938 -0.0127428 
-0.000641592 -0.00336261 -0.00369945 0.0124716 -0.00608597 -0.0101691 0.00278035 0.000719062 -0.0206253 0.103972 -0.00419178 0.000174255 0.0129577 -0.00372186 0.00752084 0.0168093 0.00598221 0.00482243 -1.86788e-05 0.0159327 0.00540613 0.0103833 -0.0152067 0.00618953 0.00375037 0.0132498 0.0046768 -0.00108208 -0.00121481 0.00238004 -8.9439e-05 -0.00208742 -0.00202975 0.000527294 0.022446 -0.00482336 -0.00210479 0.00201741 -0.00498894 -0.0116881 -0.00529647 -0.00169792 -0.00302088 0.000825311 -0.00935592 -0.00170625 -0.0106615 -0.0227576 0.00169377 -0.0102679 0.0110996 -0.0340734 -0.00127708 -0.00511817 -0.000368807 -0.0221217 -0.00486822 -0.0026148 -0.000805383 0.0015041 -0.0078188 0.000380849 -0.00286546 0.00244752 -0.00108603 0.0108477 -0.00446282 0.00701845 0.0116248 -0.00198978 -0.00321148 -0.00768311 0.00432191 7.02846e-05 -0.000748105 -0.00079885 0.00011004 -0.00447776 -0.00539431 -0.00286268 -0.00573396 -0.000315306 0.00986565 -0.00834197 0.00528994 0.0171713 0.000642628 -0.0169372 -0.00354074 -0.00392798 -0.00330747 -0.00538386 -0.0157403 -0.00139641 -0.0132567 -0.00322273 0.0303585 -0.00149705 -0.00940513 -0.00119186 
0.00436348 -0.00120104 0.00360238 0.00454357 -0.00107242 -0.00679898 -0.00496179 -0.0005924 -0.00267827 -0.00419178 0.0515852 0.00263478 -0.00232556 0.00632489 -0.00187983 -0.00148724 -0.003709 -5.08816e-05 -0.00913533 0.00375159 -0.00664912 -0.000515582 -0.00695964 -0.00200616 0.00213219 -0.00515094 0.000699661 0.00105238 0.000597773 -0.000760377 -0.00946436 -0.000420896 0.00321683 3.52246e-05 0.000210532 -0.00309586 0.000464778 -0.00248947 -0.000710705 -0.00186106 -0.00309373 0.00332541 0.000861231 0.000601029 -0.00212654 -0.00611309 -0.00701346 -0.012099 0.00103936 -0.00264914 -0.00257815 0.000415458 -0.000545662 -4.41439e-06 9.76367e-05 0.00196184 0.0111695 0.00122973 0.00427188 -0.00127939 0.000533192 0.000890056 0.00315248 0.00045859 3.71277e-05 -0.00430471 -0.00368801 -0.000283838 -0.00555981 0.00251276 0.006299 0.00379558 0.00230868 -0.00106894 0.00284169 0.00108802 0.000122593 0.0140004 0.0142602 -0.00297726 0.00150584 0.000498733 -0.0054835 0.0018017 -0.000947468 0.00225209 -0.000136257 -0.00639358 -0.00294925 0.00796933 -0.00508184 0.000198221 -0.0148639 0.0154651 -0.0155632 -0.00216892 0.00364532 0.0019448 -0.00699982 -0.00162825 
0.00161571 -0.000412284 0.000104414 0.00176009 0.0001445 -0.00147928 -0.000114045 -0.000132915 -0.00198153 0.000174255 0.00263478 0.0229858 0.00121724 0.00227433 0.00212488 -0.00101056 -0.00268007 0.00163756 -0.000273529 0.000181292 -0.00420099 -0.000522823 -0.00247124 -0.000628679 -0.000539861 -0.000504085 0.000575483 0.000877447 0.00140939 0.00107647 -0.00188635 0.000107602 0.00272804 0.00088595 -0.000278367 -0.00154148 -0.000233859 -0.00038226 0.00156732 -0.000910919 0.000531754 -0.000632738 0.00104765 0.000344973 -0.00197659 -0.000741826 -0.00104686 -0.00406333 -2.68943e-05 -0.000650174 0.000151344 -0.0021026 -5.50256e-05 -0.000640769 -9.03291e-05 -0.00163937 0.00139193 -0.000204107 -0.000949756 -0.000382027 -0.000797225 9.76697e-05 -0.000110175 0.00186139 0.000133783 0.00129093 -0.00358124 0.000542383 -0.000957678 0.000699217 0.00107238 -0.000639396 0.00188135 -0.000482416 0.00128158 0.000895325 0.000178457 0.00394579 0.00358878 0.000227773 -0.00118496 0.000180608 -0.00161621 -0.000265484 6.55436e-05 -0.00194175 0.00022181 -0.0056073 -0.00204132 0.000898964 -0.0033765 0.000350728 -0.00372401 0.00151496 -0.00642214 -0.000500932 0.000120067 0.000368625 -0.00159629 0.00126421 
0.00146004 0.000686611 -0.00438156 0.00188785 0.00160604 -0.00411655 -0.000509452 -0.00105472 -0.00980977 0.0129577 -0.00232556 0.00121724 0.073408 -0.0038541 0.00364555 0.00609435 -0.00936742 0.00696865 0.00584954 -0.0015398 -0.0115727 -0.0059417 -0.00803427 -0.0024624 -0.00554357 0.00517408 -0.00151373 -0.00405501 4.9968e-05 0.00255157 0.0118393 0.00241576 0.00784982 -0.00150693 -0.010158 -0.00183243 0.000719407 0.00261222 -0.000704117 -0.00213081 0.00855193 0.000456071 -0.000568787 0.000515741 -0.000681705 0.00494309 -0.006253 -0.010548 -0.00218964 -0.00551965 -0.00667059 0.00326215 -0.00169094 -0.00152876 -0.000422126 -0.0156023 -0.00541141 -0.000184046 -0.00257934 -8.82345e-05 -0.0106797 -0.000536384 -0.0015211 0.00298108 0.00166093 0.0153317 -0.0028717 0.00426875 0.0114087 -0.0019366 0.00481898 -0.0031439 0.00343431 -0.0012716 0.00248954 0.000536271 7.40848e-05 -0.00638076 -0.00111532 -0.00322208 -0.00647182 -0.000135351 0.00120418 -0.00358101 0.000829586 -0.00561433 -0.00100925 -0.00380493 -0.00179715 -0.0096156 0.00402897 0.00453436 0.00324027 -0.0176169 0.00623338 -0.00112956 -1.05324e-05 0.000739496 -0.0011432 0.00242467 
-0.00094006 -0.00342704 0.00630987 -0.00586491 0.00145807 -0.0152383 -0.00227092 0.000815681 -0.0017889 -0.00372186 0.00632489 0.00227433 -0.0038541 0.118151 -0.00808446 -0.00455141 0.0134738 -0.00184249 -0.0152372 -0.00117438 0.00275383 -0.000917568 -0.0108469 -0.00608725 0.00249703 -0.0121769 0.00074798 0.0120638 -0.000843613 -0.00255586 -0.0116829 -0.00269011 -0.0113935 0.00446636 0.00604155 -0.00389093 -0.00701853 -0.00344684 0.00505402 0.00220211 -0.00586104 0.00854569 -0.00221389 -0.000442381 -0.0112198 0.000848293 0.0057123 -0.0252946 -0.00251449 -0.00868325 0.00906148 0.00272886 -0.00361619 0.0018578 -0.000145138 0.00962063 0.00212792 -0.000640812 0.00571438 -0.00286064 0.0170124 -0.00246288 0.000809376 0.000410199 -0.00702753 -0.00766736 -0.00113066 -0.00186415 -0.00732703 0.00375689 0.00477372 -0.00538603 -0.0019708 0.000687139 -0.000364893 0.000145199 0.000360298 0.00628508 0.00263572 -0.00379894 -0.00551236 -8.46379e-05 -0.00376178 -0.00226144 -0.00309763 -0.00907074 0.00459913 0.00150438 -0.0100075 0.00382406 -0.00590373 0.00112981 -0.0213515 0.039553 -0.011614 -0.00259801 0.00888181 0.000740817 -0.00792251 -0.000735195 
0.000477174 0.00145573 0.013298 0.00210239 0.0044934 -0.00146263 -0.00302772 -0.00029539 -0.00348061 0.00752084 -0.00187983 0.00212488 0.00364555 -0.00808446 0.102138 0.00606192 0.0113281 0.00329961 -0.0232618 0.0062938 -0.00670782 0.0237402 0.00988158 0.00498857 -0.00846489 0.011663 0.00648797 -0.00284615 -0.00143182 0.00188789 -0.00488603 -0.000163242 -0.00361805 -0.000257127 0.000992317 -0.00343717 -0.00186101 0.00875271 -0.00260948 0.00924952 0.00176361 -0.00274643 0.0117011 -0.000680998 0.005068 -0.00345192 0.00803311 0.000870801 0.000164553 0.00360652 -0.0123033 -0.0165886 0.000586814 -0.00493291 -0.000255082 -0.0127829 -0.00792126 -0.00196073 0.00675108 0.00352654 -0.0199346 -0.000423441 -0.00343531 0.00121689 0.00172294 0.00590734 0.00109674 0.00241202 -0.00339471 -0.00276213 -0.00558366 0.001226 0.00302939 -0.000169494 0.000394522 -0.000768114 -8.38015e-05 -0.00980488 -0.00824824 0.00403599 0.000171568 -0.000414149 0.0069988 0.00545972 -0.00459382 -0.00627158 -0.000309253 -0.0260175 0.0040387 -0.0165847 -0.0120981 -0.00996997 -0.0130464 -0.0224251 -0.00414132 -0.00101069 -0.0161698 0.000981602 0.000284341 0.00612782 
0.00157932 0.000646264 0.00326508 0.00912131 -0.0035255 -0.0102604 0.0114055 -0.000402037 -0.00432274 0.0168093 -0.00148724 -0.00101056 0.00609435 -0.00455141 0.00606192 0.0909545 0.0083667 0.00348393 -0.00982664 0.023733 0.000454135 0.0196569 0.00302554 0.00643223 -0.00105068 -0.00316435 0.00599236 -0.000734067 -0.000950356 0.000685138 0.00315666 -0.00244391 -0.0034431 -0.000448977 0.0379013 -0.00580051 0.00132462 -0.00480136 -0.00258838 -0.0130219 0.000180862 0.000241015 -0.00202896 -0.000253425 -0.00938687 0.00764173 0.00170389 -0.024781 0.00325886 -0.00424078 0.0174599 -0.0274566 -0.00345223 -0.00357256 -0.000125018 -0.0239649 -0.00437556 -0.00134068 0.00358956 -0.000163401 -0.0170679 -0.00107832 -0.00289016 0.00417607 -0.00688562 0.000745911 -0.000652339 0.00135207 0.00141013 -0.00145086 -0.00283676 -0.00517148 0.000782027 0.00694708 -0.000147551 -0.000768919 0.000488607 -0.0073192 -0.00490284 -0.000714911 -0.00311798 0.000731694 -0.015867 -0.00604009 0.00711255 0.00675693 -0.000683453 -0.00318988 0.00562994 -0.0220102 0.0119097 -0.00830723 -0.0351587 -0.0102712 -0.0130869 -0.00123937 0.0158792 0.00158919 -0.0164284 0.0065263 
-0.00392692 -0.00433674 -0.00180417 -0.00903891 -0.00210672 -0.0103668 -0.00396194 -0.00142407 -0.0290559 0.00598221 -0.003709 -0.00268007 -0.00936742 0.0134738 0.0113281 0.0083667 0.206398 -0.00319636 -0.0163138 0.0234077 -0.0150446 -0.00828302 0.0131864 -0.000395166 0.00991197 0.00442838 0.0130924 -0.00653823 0.00510016 -0.00366363 -0.0121834 0.00203362 -0.0204015 0.000639783 0.0181372 -0.000110951 -0.00725632 0.0111671 -0.00797062 0.0150234 -0.0223508 -0.00580611 0.00644475 -0.00213705 0.0141726 0.00445115 0.000727025 -0.0240833 0.00492679 -0.00218208 -0.0109394 -0.00197867 -0.00657861 -0.00582182 -3.83766e-05 0.0263598 -0.00499417 -0.0100663 0.0094727 0.00583821 0.00404943 0.00402734 0.000858596 -0.00661308 -0.00946635 -0.0190699 0.0164559 -0.00201418 -0.017421 -0.00484001 -0.00690612 0.00142873 -0.00283396 0.00391592 -0.00458524 -0.00150407 -0.00114905 -0.00617906 -0.00751866 -0.00625021 0.010264 0.000271259 0.010654 0.0136222 -0.0136171 -0.00330678 0.000994348 -0.00483211 0.0068872 -0.0282607 -0.0133892 -0.0243446 -0.0282092 0.015674 -0.0517842 0.00810912 0.0218667 0.000683121 0.00299886 -0.0126227 
0.00469374 0.00583641 0.00756031 -0.000223414 0.00214767 -0.00357736 -0.000789775 -0.000592185 -0.00539066 0.00482243 -5.08816e-05 0.00163756 0.00696865 -0.00184249 0.00329961 0.00348393 -0.00319636 0.0404211 -0.00294582 0.00269931 -0.0141322 -0.000987843 0.00425427 -0.000578796 -0.000874542 0.00825391 0.00136947 -0.0016611 -0.000801189 0.00229733 0.00792678 0.00336036 -0.00130388 6.9337e-07 -0.00721691 0.00145662 0.00153718 -0.00126062 -0.000923134 0.00299202 0.00516185 0.00087317 0.00748896 -0.000231972 0.00514097 0.00500816 -0.00244567 0.00221937 7.27333e-05 0.00109227 -0.000746986 -0.00143492 -0.00143118 -0.00177809 0.000767056 -0.00708988 -0.00285945 -0.000833041 -0.00150063 -0.000234971 -0.0053653 0.000787742 -0.000983122 -0.000230742 0.00713173 -0.00356858 -0.00704387 0.00165975 -0.00164444 -0.000618129 -0.00028658 -0.000261412 0.00528199 0.000386619 0.00284075 0.000350156 0.000581072 -0.00288592 -0.000971597 -0.00385965 -0.00249111 0.000717435 -0.0064613 -0.000656889 -0.00116678 -0.00110944 0.000780107 -0.0127179 0.00159004 -0.00727845 -0.00395504 -0.00176995 -0.00654147 -0.0102524 -0.0106115 -0.000655975 -0.00775023 -1.65303e-07 0.00647344 -0.00335078 
-0.00684176 -0.00149443 -0.0206011 -0.00198241 -0.00882094 0.0244425 -0.00955015 -0.00371225 0.00056568 -1.86788e-05 -0.00913533 -0.000273529 0.00584954 -0.0152372 -0.0232618 -0.00982664 -0.0163138 -0.00294582 0.203244 -0.00934602 0.048985 -0.0118231 -0.0334284 -0.0140516 -0.00944063 -0.0242431 -0.00574259 -0.0138205 -0.00183876 0.00303445 0.00537099 -0.00381274 0.0334879 -0.00386504 -0.0407748 -0.0158849 0.00220756 -0.0113151 -0.0145524 -0.00536723 0.000202475 -0.00899725 -0.0105354 0.00295152 -0.014683 -0.0145923 -0.0296343 0.0397686 -0.00943176 -0.0227551 -0.0107769 0.0249057 0.00460962 0.00601999 -0.0026044 0.0205243 0.000577065 -0.00795447 -0.00964945 -0.00623865 0.0108185 -0.0066335 -0.00101617 -0.00429063 -0.00559521 0.00951076 -0.011722 0.00116295 0.00259461 -0.00329845 -0.0072343 -0.00650983 -0.00589736 -0.00447868 -0.00448821 0.000134366 -0.000201756 0.0106999 -0.00173319 -0.0180349 -0.0104137 -0.00156967 0.0130783 0.00735746 -0.00708424 -0.0161274 -0.00619057 0.0394977 0.0257213 0.0475794 0.000648773 -0.00974389 0.0516077 -0.0177375 0.0478859 -0.00654382 -0.00722514 -0.00400518 -0.0105517 -0.0195413 
0.00224308 -5.52838e-05 0.00879396 0.0122703 -0.00724524 -0.0111362 0.00394902 0.000264366 -0.0321936 0.0159327 0.00375159 0.000181292 -0.0015398 -0.00117438 0.0062938 0.023733 0.0234077 0.00269931 -0.00934602 0.0974709 -0.0248755 0.00218744 0.000795465 0.00635786 0.0105731 -0.0176667 0.00550487 -0.00308729 -0.00420686 -6.4993e-05 -0.0107456 -0.000589469 0.00843186 -0.000721479 0.0396214 0.000293494 -4.61117e-05 0.00612152 -0.0039948 0.00261251 -0.00621955 -0.00132996 0.00329239 0.000612253 -0.00216072 -0.00355944 -0.00838492 -0.0203162 0.0131617 0.00375925 0.0160929 -0.0266894 -0.00352495 -0.00177185 -0.00025017 -0.0296414 0.0126925 -0.00451696 0.0011599 -0.00277663 -0.0173993 0.00544543 -0.00190859 0.00451013 -0.00435483 -0.00365179 -0.015568 0.000148809 -0.01439 0.00112344 0.00060739 -0.0057057 0.00596736 0.00759789 0.000727521 6.70315e-05 -4.48028e-06 0.00981132 -0.00362487 0.00138056 0.00704722 0.0010663 -0.000122571 0.00191384 0.00482477 0.0209413 -0.000653526 -0.0220675 -0.0016709 -0.00765583 -4.38903e-05 -0.0110883 -0.0387406 0.00316502 -0.0406641 -0.00284583 0.0226074 0.000944588 -0.00668833 0.00452173 
-0.0115979 -0.0118213 -0.0216483 3.79551e-05 -0.0024455 0.00809258 0.00571556 0.00117357 0.0570711 0.00540613 -0.00664912 -0.00420099 -0.0115727 0.00275383 -0.00670782 0.000454135 -0.0150446 -0.0141322 0.048985 -0.0248755 0.219299 0.00511867 -0.0386139 -0.00639473 -0.016897 0.00326902 -0.00829941 0.00536882 -0.00277239 -0.00837653 -0.0471395 -0.0154066 -0.0141031 -0.00226352 0.00242198 -0.0217756 -0.00214242 -0.0346487 -0.0147762 -0.0275928 -0.0102613 -0.00105112 -0.0228956 -0.0023541 -0.0433106 0.00170411 -0.00523271 -0.00702412 -0.0242914 -0.0436906 0.00296853 -0.00915879 0.0017587 -0.00556096 -0.00360096 0.0646933 -0.00960797 0.000239719 0.00674886 -0.00204754 0.0475614 -0.00986882 -0.00504974 -0.00707429 -0.0163049 -0.0116224 0.0408593 -0.0023349 0.0191556 -0.0075168 -0.0058539 -0.0181681 -0.0156698 -0.00594247 -0.0111087 -0.00339581 -0.000818695 -0.00210628 0.00853083 -0.00537327 -0.020206 -0.00302053 0.00954551 -0.0209828 -0.00402379 -0.0173547 -0.0113703 0.062296 0.0347501 0.0554243 -0.029559 0.0187941 0.0107221 0.0482858 0.0708504 -0.00761765 0.0310576 -0.00590884 -0.0517225 -0.019153 
0.00242288 -0.00691972 0.016281 0.0189438 -0.00661306 -0.00847013 0.00531885 -0.00147688 0.00214362 0.0103833 -0.000515582 -0.000522823 -0.0059417 -0.000917568 0.0237402 0.0196569 -0.00828302 -0.000987843 -0.0118231 0.00218744 0.00511867 0.185019 -0.00885115 -0.0139625 -0.00382967 -0.0140732 0.00378356 0.00706226 -0.00625215 0.00459755 0.00199591 -0.00296513 0.00842881 -0.00166966 0.0266861 -0.0134846 0.000403774 0.0102947 -0.0033105 -0.00169732 -0.0102555 -0.00381921 0.00302656 0.00122893 -0.0118427 0.00050384 0.0156714 -0.00307454 -0.00717499 -0.0135318 -0.0211409 -0.0296076 -0.0055799 0.00286418 0.000184441 -0.0613758 -0.00332485 -0.00862076 -0.00560134 -0.00235019 -0.0427631 -0.00272814 -0.00704579 0.0108897 -0.00922077 0.0439045 0.00670258 0.000704507 0.00943469 -0.00585611 -0.00909204 0.00980702 -0.00119367 0.0016306 -0.00188538 -0.00110171 -0.000451524 -0.006442 -0.00881043 0.00232878 -0.0183897 5.75089e-05 0.0204968 0.0064782 -0.000812677 -0.0172049 0.00148767 -0.00793144 0.00721776 -0.0261726 0.00782401 -0.0155275 -0.0122165 -0.00870398 -0.0231776 -0.000815455 0.0149159 0.00125974 -0.00642631 0.020749 
0.00192857 0.00537309 -0.00151123 -0.00420136 -0.00493956 -0.00759424 -0.000223664 -0.000834452 -0.00577344 -0.0152067 -0.00695964 -0.00247124 -0.00803427 -0.0108469 0.00988158 0.00302554 0.0131864 0.00425427 -0.0334284 0.000795465 -0.0386139 -0.00885115 0.172284 0.0164397 0.0065494 0.014236 0.00718335 -0.000673081 -0.00345642 -0.00234178 0.0166992 0.00571135 -0.0252136 -0.00432531 -0.00180895 -0.00234243 0.00138847 0.000539663 0.00446194 0.00227192 -0.00665977 -0.00701615 0.0051427 -0.00174402 0.0120244 -0.00556884 0.0259103 -0.0145243 0.0130856 0.0277998 0.00413551 -0.00102239 -0.00649771 -0.00180845 0.00149661 0.0193501 -0.0148659 0.00146768 -0.0013465 -0.00168021 0.0140722 0.00182642 0.00465113 -0.00278799 0.00352067 -0.0153107 0.00332671 -0.00262816 0.00407434 -0.00189355 -0.00767649 0.0072801 0.00218864 0.00717574 0.00119485 -0.0011625 -0.000159133 -0.0176838 -0.00959099 -0.00783604 -0.0047377 0.00208826 -0.0340195 0.00525693 -0.00157037 -0.0114023 0.00360015 -0.0215645 -0.00649732 -0.0312891 0.00310077 -0.00706826 -0.025559 -0.00787537 -0.0210822 0.0173851 -0.00225914 0.00012449 0.0133824 0.0031688 
-0.00118028 -0.0001458 0.00355066 0.000949606 0.00064912 0.00035228 0.00519295 0.000524776 -0.00063401 0.00618953 -0.00200616 -0.000628679 -0.0024624 -0.00608725 0.00498857 0.00643223 -0.000395166 -0.000578796 -0.0140516 0.00635786 -0.00639473 -0.0139625 0.0164397 0.107799 0.0181706 0.00590458 0.00314673 -0.000163166 0.00721588 0.00353042 -0.00511817 -0.000223813 -0.00865112 -0.000557553 0.00817224 -0.00445434 0.000165973 -0.00279329 0.00750424 -0.0135237 -0.00063981 -0.00271412 0.000538042 -0.000709068 0.00190171 -0.000165654 -0.00845607 -0.0149691 0.00881516 0.0142952 0.027899 -0.0149394 -0.000266471 0.000442847 0.000667829 -0.000833573 -0.00678871 0.000114985 -0.000224541 -0.0012269 0.000380625 0.00191577 -0.00242812 -0.00275482 -0.00495689 -0.00860423 -0.00724486 0.0010661 -0.0112276 3.6827e-05 -0.00352194 0.00279286 0.00445654 0.0049202 0.000677518 -0.000147962 0.000949242 -0.00802774 -0.00700638 0.00588758 -0.00164767 -0.000146827 -0.0162268 -0.0028101 0.00647438 -0.000858581 0.0011606 -0.0108438 -0.00877965 -0.0119456 0.00573823 -0.00499311 -0.0195842 -0.00898769 -0.011919 0.00198177 -0.0102625 -0.000433126 -0.00988906 0.00484387 
-0.00114628 -0.000813687 -0.00237917 0.000234024 -0.00455499 -0.00400812 0.00356456 0.000520426 -0.0193704 0.00375037 0.00213219 -0.000539861 -0.00554357 0.00249703 -0.00846489 -0.00105068 0.00991197 -0.000874542 -0.00944063 0.0105731 -0.016897 -0.00382967 0.0065494 0.0181706 0.103546 -0.0106946 0.00132319 -0.00411645 0.0016388 -0.00473956 -0.00655287 -0.00100538 -0.00949944 -0.00160806 0.0112763 0.0032627 -0.0032159 0.0012605 -0.0034711 -0.00125356 0.00293028 -0.00208143 -0.00354194 0.000614735 -0.0010117 -0.00133874 -0.00538878 -0.00845231 0.0069608 0.000431249 0.0142205 -0.0219972 0.00271768 0.00401385 -0.00024557 0.00346325 0.00456478 -0.00436311 -0.00428067 -2.44192e-05 0.00104395 -0.000478653 0.000128147 0.000231957 -0.00242041 -0.0069119 -0.00379639 -0.00151534 -0.00243435 -0.00156997 -0.00271171 0.00623457 0.00157268 0.0039616 -0.00150866 -0.00084198 0.000528371 -0.000453099 -0.00307318 0.000565067 0.00645483 0.000311002 -0.0104557 0.00509623 -0.00153334 0.0164108 0.000804589 -0.000735796 -0.011501 -0.0112827 -0.000394403 -0.00544322 -0.0117368 0.0125264 -0.0210805 -0.000880507 0.00988947 0.00350365 -0.0102806 0.00144465 
0.00403244 0.00256911 -0.00913962 -0.0103676 0.0114204 0.00148076 0.0042954 0.00116836 0.0227578 0.0132498 -0.00515094 -0.000504085 0.00517408 -0.0121769 0.011663 -0.00316435 0.00442838 0.00825391 -0.0242431 -0.0176667 0.00326902 -0.0140732 0.014236 0.00590458 -0.0106946 0.188558 0.000549245 0.000517428 0.00531908 0.00311821 0.00887153 0.00325831 -0.00280193 0.00456607 -0.0147256 -0.00233217 -0.00535685 -0.00481475 0.00748948 -0.0160178 7.48808e-05 0.00264253 1.21796e-06 -0.00152205 0.00232755 0.0150005 -0.00816764 -0.0252702 -0.00725107 -0.00630713 -0.00671803 -0.0183493 -0.00222896 -0.00957873 0.00173381 0.0205249 -0.0190456 0.000800509 0.0040885 0.00794288 0.0128712 0.00349138 -0.000705166 -0.00595083 0.0154354 -0.0320582 0.0317909 0.00393275 0.013338 -0.00646321 0.00249266 -0.0112491 0.00103992 -0.00366855 0.00297024 0.000633694 0.000159952 -0.0151849 0.0105643 -0.0145987 -0.0129136 -0.00160506 -0.00894801 -0.00930931 -0.0024033 -0.0116987 -0.0021812 -0.000524484 0.00326263 -0.022155 -0.017867 -0.00589177 -0.00494376 -0.0202364 0.000969295 0.00127658 -0.0135909 -0.00447324 0.00453196 -0.0137589 
0.00325326 -0.00110767 0.00477354 5.49205e-05 -0.00178662 -0.00310688 0.000596969 0.000338515 -0.00645706 0.0046768 0.000699661 0.000575483 -0.00151373 0.00074798 0.00648797 0.00599236 0.0130924 0.00136947 -0.00574259 0.00550487 -0.00829941 0.00378356 0.00718335 0.00314673 0.00132319 0.000549245 0.0387675 -0.000272613 0.00445251 0.0046163 -0.00500993 0.000868305 -0.00268466 0.000744955 0.00161552 -1.5368e-05 0.000874533 -0.00101274 0.00135596 0.000292824 -0.00204853 -0.000577981 0.00188677 0.000792083 -0.00138337 -0.000294056 0.000594081 -0.00525008 0.00293245 -0.00280523 -0.00196775 -0.00651526 -0.000905828 -0.00165276 0.00103138 -0.00806105 -0.000501637 -0.000835714 0.00237117 0.00167747 -0.00533689 0.000925071 0.00101296 -0.000520615 -0.00103467 -0.00613222 -0.000257895 0.00137673 -0.00369983 -0.000653082 0.000144209 0.000459445 0.00335906 0.00122294 0.00165896 -5.91998e-05 0.000380788 0.00137726 -0.00194857 -0.000884245 0.00281716 0.000758624 6.88795e-05 0.000212717 -0.0019877 0.00491975 0.00175229 -0.00876109 0.00127578 -0.00613886 -0.00415345 -0.00367552 -0.0168962 -0.00284492 -0.0121034 0.00262145 -0.00433066 0.000935959 -0.00409752 -0.000979127 
-4.09035e-05 -0.000775782 0.00340443 0.00297487 0.00210981 -0.00529249 0.00474281 0.000843563 0.011836 -0.00108208 0.00105238 0.000877447 -0.00405501 0.0120638 -0.00284615 -0.000734067 -0.00653823 -0.0016611 -0.0138205 -0.00308729 0.00536882 0.00706226 -0.000673081 -0.000163166 -0.00411645 0.000517428 -0.000272613 0.0602281 -0.00136148 -0.00212084 -0.0075645 -0.00149833 -0.00728545 0.000944739 0.00877166 -0.00513899 1.75975e-05 -0.00532204 0.0118269 -0.00664355 -0.00331894 0.00548121 -0.00161115 0.000127101 -0.00791025 -0.000101774 0.005888 -0.0121438 -0.00106026 -0.00185956 0.00201413 -0.00125129 -0.0015047 -0.000994324 0.0007234 -0.00472276 -0.000714351 0.00524103 0.00775954 0.000668201 -0.00270012 -0.000810238 -0.0004808 0.000153723 -0.00356368 -0.00252471 0.00631288 -0.000173429 -0.0039713 0.00375136 0.000835779 -0.00263717 -0.00158939 0.00222596 6.24338e-05 -0.000152651 0.000575777 -0.00159842 -0.00156056 0.000511681 -0.00173927 0.000106531 -0.00343188 -0.00428986 5.42255e-05 -0.00702909 0.000769463 -0.0008849 0.009034 -0.00518742 -0.00283011 -0.000162519 -0.0176665 0.00811822 -0.00667142 -0.00103535 0.00266247 -0.000163204 -0.00682783 0.00124939 
-6.10052e-05 -0.00122721 0.000377077 -0.00512956 0.00054743 -0.0049528 -0.00319411 -0.000395195 -0.00425668 -0.00121481 0.000597773 0.00140939 4.9968e-05 -0.000843613 -0.00143182 -0.000950356 0.00510016 -0.000801189 -0.00183876 -0.00420686 -0.00277239 -0.00625215 -0.00345642 0.00721588 0.0016388 0.00531908 0.00445251 -0.00136148 0.0670613 0.00142736 -0.00491714 0.00129111 -0.00286376 0.0019253 -0.00356887 -0.00292795 0.00240599 0.000373021 0.00371612 -0.00171502 -0.0039906 -0.000412098 -0.000470691 -0.000162274 0.00683184 -0.00119368 -0.00904529 0.00655244 0.00223209 -0.00327065 0.00606418 -0.00168783 0.000456622 0.00117259 0.00203257 -0.00115281 0.00125628 0.000180297 -0.0022265 0.000373925 -0.00444664 0.00264017 -0.00010521 -0.00165458 -0.000612476 -0.00500847 -0.0083932 0.00112336 -0.00723637 0.00204527 0.00144559 -0.00208058 0.0028757 -0.00121556 0.00426919 0.000586064 0.000167742 0.000496243 0.00714656 0.0050297 0.00211131 -0.000133742 -0.00686857 -0.00377003 -0.00379799 0.00919007 0.00211379 -0.00601674 -0.00407729 0.000341016 -0.00116635 -0.00146023 -0.00684365 -0.00299978 -0.0119965 0.00138509 -0.00729551 0.000399799 -0.00229712 -0.00199951 
0.00403897 -0.000661818 0.00867859 -0.00345491 -0.0015538 -0.00541808 -0.00555115 -0.00108288 -0.00517331 0.00238004 -0.000760377 0.00107647 0.00255157 -0.00255586 0.00188789 0.000685138 -0.00366363 0.00229733 0.00303445 -6.4993e-05 -0.00837653 0.00459755 -0.00234178 0.00353042 -0.00473956 0.00311821 0.0046163 -0.00212084 0.00142736 0.0517119 0.00593028 0.000625426 0.0124576 0.00228987 -0.00559477 -0.00124081 0.000260332 0.0017883 0.000228949 0.00430341 0.00229109 -0.00257887 0.00252337 7.6673e-06 0.00271298 -0.00405774 -0.00264545 0.0083978 -0.000318215 -0.00307089 -0.00377915 -0.00525759 -0.00146469 -0.001368 -1.89904e-05 -0.0119793 0.00101144 -0.00193683 -0.00163696 0.000758479 -0.0113106 0.00185172 -0.00111267 0.000721707 0.00322362 0.00220875 -0.00901441 0.000712374 -0.00425442 -0.0015626 0.00144931 0.000813686 0.00215889 -0.000167096 0.0016885 0.000298015 7.81585e-06 0.00184435 0.00140653 -0.0023086 0.00192623 -0.000169793 -0.00235338 9.89285e-05 -0.000506246 0.000371264 0.00254322 -0.00981215 0.00120243 -0.000407904 0.00500169 -0.00428891 0.00177193 -0.0142169 -0.00556225 -0.00135904 -0.0152814 -0.000597668 0.0080483 -0.00181469 
-0.0020569 0.00658946 -0.00165853 -0.00927758 0.00415298 -0.00527993 -0.00850795 -0.00337972 -0.0306444 -8.9439e-05 -0.00946436 -0.00188635 0.0118393 -0.0116829 -0.00488603 0.00315666 -0.0121834 0.00792678 0.00537099 -0.0107456 -0.0471395 0.00199591 0.0166992 -0.00511817 -0.00655287 0.00887153 -0.00500993 -0.0075645 -0.00491714 0.00593028 0.163453 0.00984127 0.0235808 -0.00274879 -0.020215 0.016414 0.00504583 0.0135461 -0.0106788 0.0180403 0.0147049 -0.00510951 0.00208149 -0.000331114 0.0204532 -0.0107439 -0.00426751 0.0409886 0.00251091 0.0228406 -0.0268799 0.00673379 -0.00276457 0.00282259 0.000311075 -0.0393885 -0.0127752 -0.00136302 -0.00845015 -0.000156617 -0.0232439 -0.00123099 -0.00275598 0.00134972 0.0164416 0.00803335 -0.0272545 0.00217473 0.015893 -0.00527224 -0.00152369 0.002871 0.00113279 -0.00376138 0.00298898 0.000880038 0.000311916 -0.0110528 -0.00993213 -0.0163065 -0.00437134 0.000974113 -0.00763344 0.00794943 0.000826902 -0.0128974 0.000288544 -0.0250891 -0.00442593 -0.0214162 0.0380094 -0.000311412 0.0319923 -0.0503318 -0.000360993 0.00206691 -0.0359343 -0.000442511 0.0313439 -0.00196352 
0.00115347 0.0016452 0.00127351 -0.00173685 0.000977954 -0.00243473 -0.00327383 -0.000421436 -0.00823977 -0.00208742 -0.000420896 0.000107602 0.00241576 -0.00269011 -0.000163242 -0.00244391 0.00203362 0.00336036 -0.00381274 -0.000589469 -0.0154066 -0.00296513 0.00571135 -0.000223813 -0.00100538 0.00325831 0.000868305 -0.00149833 0.00129111 0.000625426 0.00984127 0.0282669 9.29019e-05 0.000481621 -0.00615993 0.00600182 0.000356284 0.00272407 0.000448793 0.0049432 0.000181984 0.000669931 0.00218945 4.25691e-05 0.00645218 -0.00150675 -0.00142564 0.00282322 0.00130124 0.0023407 -0.00499199 0.00662514 0.000133594 -0.000902544 0.00105822 -0.00532278 -0.00160604 -0.000504441 -0.000448326 0.000434469 -0.00204124 0.00117584 0.00049518 -0.00011227 0.00637753 -0.00218098 -0.00539695 0.000340117 0.000291387 0.000320178 0.000619819 0.00280765 0.00310006 -0.000747557 0.00283476 0.000566881 0.000255293 -0.000796877 -0.000214686 -0.0011733 0.000396138 0.000409511 -0.00093501 0.000415507 -0.0012343 0.000690766 0.00117785 -0.0114046 -0.00206902 -0.00564 -0.00143073 -0.00226141 -0.00044494 -0.0072858 -0.00791507 0.00363992 -0.00889473 0.000896323 0.00684368 -0.00132434 
0.00475774 -0.00280863 -0.00111769 0.0154349 -0.00510828 0.0164262 -0.00341151 -0.00316327 -0.0166585 -0.00202975 0.00321683 0.00272804 0.00784982 -0.0113935 -0.00361805 -0.0034431 -0.0204015 -0.00130388 0.0334879 0.00843186 -0.0141031 0.00842881 -0.0252136 -0.00865112 -0.00949944 -0.00280193 -0.00268466 -0.00728545 -0.00286376 0.0124576 0.0235808 9.29019e-05 0.167909 0.00170623 0.00299323 -0.000995354 -0.00430267 -0.000983189 -0.00849605 0.0019521 0.00641878 -0.0108486 -0.0060938 0.00192072 -0.00330892 -0.0213568 -0.0191813 0.0055587 -0.00376575 -0.00697967 -0.0128427 -0.000626492 -0.000484067 -0.00297194 -0.000417501 -0.0083228 0.0212939 -0.00255877 -0.00552739 -0.00267016 -0.0222789 -0.000154254 -0.00391668 0.00579738 -0.00791591 0.0137187 -0.027914 -0.00032419 -0.00362246 -4.4148e-05 0.00489913 -0.00981825 0.00372081 -0.00292766 0.00729519 0.00452724 0.000184077 0.0272775 0.0176726 -0.00645724 0.00410389 -0.000219796 0.00220755 0.0101815 -0.0045681 0.00512561 -0.00249016 -0.00204214 -0.0123867 0.0113376 -0.00122141 -0.0132674 -0.00428451 -0.0259895 0.00351844 -0.00998236 -0.0172236 -0.00226348 -0.0123735 -0.00423213 
-0.000286684 6.0426e-05 0.00410039 -0.00193214 -0.000847465 -0.000907027 -0.00104613 -0.000151115 -0.00960254 0.000527294 3.52246e-05 0.00088595 -0.00150693 0.00446636 -0.000257127 -0.000448977 0.000639783 6.9337e-07 -0.00386504 -0.000721479 -0.00226352 -0.00166966 -0.00432531 -0.000557553 -0.00160806 0.00456607 0.000744955 0.000944739 0.0019253 0.00228987 -0.00274879 0.000481621 0.00170623 0.0315798 0.00484721 0.00105857 -0.000195807 0.0011001 0.00368774 0.00127836 2.75664e-06 0.00130976 0.000274368 0.00036422 0.00116329 -0.0031365 -0.000543202 -0.00497209 -0.000518933 -0.00147835 -0.00462227 -0.00327215 -0.000902 -0.00166031 3.72176e-05 -0.00444619 0.000291248 -0.000829957 0.00562393 0.00196153 -0.00266946 0.000655827 -0.000460119 9.79674e-05 -0.00011169 -0.00231536 9.13376e-05 0.000764414 -0.00135167 0.000602786 0.00167329 -0.00108315 0.0010997 -0.000155542 0.00237347 0.00091657 0.000323141 0.00337217 0.00347797 -0.000426254 0.00130202 -0.00012773 -0.000875442 -0.00198376 0.00149324 0.00123262 -0.000363505 -0.00648304 -0.00113827 -0.00286566 0.00442847 -0.000864289 -0.00563838 0.00214313 -0.00701104 7.13593e-05 -0.00318728 -0.00046918 -0.00208891 -0.00108138 
