0.0428804 -0.000451786 0.000275492 0.0033196 -4.74028e-05 0.000685196 -0.000982794 0.000338086 -0.00138963 -0.00118707 0.00695788 0.000105788 -0.000355787 0.00315037 -0.000407451 0.00245405 -0.000282266 0.00168444 0.00451012 -0.000231784 0.00130397 0.00452594 0.00392372 0.00562515 0.00386364 0.00295938 -0.0012345 0.00422284 -0.000618436 0.00697891 -0.000419558 0.0014567 0.000312976 -0.00911687 -0.000279859 8.11163e-05 -0.00253527 -6.05003e-05 0.00110401 -0.00852902 -0.00119889 -0.00299636 8.40618e-05 0.00128626 -0.00137697 -8.48645e-05 -0.000227654 0.00242336 0.000126441 -0.00225612 0.000306416 0.00213968 -0.00268005 0.00012613 -5.79767e-05 0.000310362 -0.000948717 -0.000496902 -0.00190269 0.00116588 -0.00236145 -0.000500936 -0.00643518 -0.000274612 -0.00660604 3.53282e-05 -0.00214587 0.000150939 -0.00098312 -0.00447338 6.60688e-05 -0.0100131 -0.0055651 -0.00017733 0.000508562 -0.000117674 -0.00264822 1.78588e-05 -0.00482498 0.000135067 -0.00191083 -0.00287289 -0.00048144 -0.00681716 0.00018539 -0.000132972 0.000711963 0.0023538 0.00131083 -3.85684e-05 0.000125461 -0.00604935 -0.000915818 0.00311336 -0.00220376 0.00289373 0.00366994 -0.0105918 -4.07288e-05 -0.0044272 
-0.000451786 0.207276 0.00246771 -0.0222588 -0.0021943 -0.0139251 -0.00500359 -0.00561018 -0.0218236 -0.0301941 -0.0044631 -0.000969933 0.00187977 -0.00263672 -0.0405781 0.0105773 -0.00682241 -0.016761 -0.00217912 -0.00227536 0.00525083 0.00846515 -0.000395002 0.0187355 -0.00474926 0.00617223 -0.00981955 -0.0123168 -0.0084815 -0.00511405 -0.00514108 -0.00854551 -0.018779 0.0151801 -0.00756856 -0.00729206 -0.0172292 -0.00358408 -0.00107382 0.0301315 -0.0209619 0.0114358 -0.0123027 -0.013056 0.0122405 -0.0264302 -0.0147022 -0.0160215 0.000272069 -0.0377142 -0.0140673 0.0160935 0.0449923 -0.00258302 -0.000909043 -0.0096935 0.00217681 -0.00814264 -0.0145326 -0.0072079 0.00293257 -0.0128862 0.0410782 -0.00466076 -0.00519279 -0.00691618 -0.0185067 -0.00406716 -0.0053096 0.0339802 -0.0139616 0.0378247 0.0454616 -0.00525859 0.00095904 -0.0112537 -0.00105585 -0.0189148 -0.0244606 -0.0125849 -0.0229531 0.0068764 0.00622504 0.0734148 -0.00615536 -0.01902 -0.0160588 -0.0187744 -0.00332136 -0.0343513 -0.00121546 0.0109927 -0.00779426 -0.00428356 0.0504522 0.0174052 -0.00439864 0.0762248 -0.00923666 -0.018021 
0.000275492 0.00246771 0.0390612 -0.00222248 0.000489926 -0.000544379 0.00198856 0.000137148 -0.0021008 -0.00335973 0.00172485 0.000592131 -0.00105043 -0.00209938 -0.00211986 0.00244512 0.00436971 -0.000388712 0.000777483 -1.85068e-05 8.43081e-05 -0.0037692 -0.00122778 -0.00213456 0.0011836 0.00442353 0.00330948 0.00186082 0.00158956 0.0109483 0.000643658 0.0140808 0.00712443 -0.00466004 -0.000112759 -0.000548826 -0.00246712 0.000476428 0.00444731 -0.0116642 0.00710527 0.0020457 -0.000252153 -0.00103621 -0.00513731 0.000601458 -0.00318189 0.00291909 -0.000777266 -0.00518903 -0.00154959 0.00457168 -0.00258143 -0.000419714 -0.000104742 -0.00131194 0.000913782 0.000284106 -0.00311695 -0.00160493 -0.00283541 -0.000619377 -0.00561506 -5.57192e-05 -0.00165258 0.000781802 -0.00209725 -0.000438546 0.000513854 -0.00793766 -0.0019165 -0.000258708 -0.00759641 -0.000516346 -0.000765538 0.000918161 -0.00286614 -0.00140162 -0.00557835 -0.00166839 -0.00292462 -0.0015179 0.00843675 0.00435577 0.000463049 -0.00127808 -0.00187296 -0.000902529 -0.00107156 -0.00261184 -0.000729122 -0.00986383 -0.00226951 -0.000380801 -0.00219369 -0.00155188 0.00367012 -0.00500005 0.00163629 0.00102153 
0.0033196 -0.0222588 -0.00222248 0.0901395 -0.000617238 0.00850109 -0.000237311 0.00500356 0.0137835 -0.00287158 -0.00164533 -0.00134459 -0.00113039 -9.76457e-05 0.0145438 -0.00466473 0.00956401 0.00199023 0.00438473 -0.000901778 0.00297463 -0.0112052 0.0122272 -0.00294838 -0.00581744 -0.0129331 0.00571967 -0.00236225 0.00224413 -0.0064629 0.00353355 0.00144962 0.00100304 -0.0242037 -0.00220073 0.00273173 -0.0106754 -0.000359523 -0.00232932 -0.0261095 0.00910764 0.00353377 0.00618068 0.0045567 -0.00401621 0.0136003 0.0117463 0.0275584 -0.0032119 -0.00215931 0.0109232 -0.003859 -0.00633809 -0.00116711 -0.000343874 -0.00625825 -0.00179425 0.00197497 0.0196414 0.00766878 -0.00331224 0.00625497 -0.012012 -0.000110688 0.00153969 -0.000299212 -0.0025614 0.00858897 -0.00116049 -0.0144251 0.00219015 -0.0263049 -0.0236913 0.0062928 -0.000785149 -0.00012824 -0.0063349 0.00376857 0.00881894 0.0142786 0.00534329 -0.00492636 -0.00323572 -0.0305745 0.00331444 0.00736217 0.00508046 -0.000616177 0.000392484 0.00568841 -0.00367581 -0.0171837 -0.00214819 0.0058579 -0.0211228 -0.010731 0.013992 -0.0363852 0.0110321 -0.0129292 
-4.74028e-05 -0.0021943 0.000489926 -0.000617238 0.0188316 0.000781196 0.00127102 -0.000164486 -0.000614576 0.000368922 0.00110175 0.00163873 -0.000108306 0.000117994 0.00330896 -0.000476345 0.000935253 -0.000313505 -3.10249e-05 0.000348404 -0.00090969 0.000976934 -0.000518557 1.23529e-05 -0.000618583 -0.001793 0.00152834 0.00118724 -0.000404711 -4.87831e-05 -6.06463e-05 0.000917807 -0.000147801 -0.000432695 0.000251067 -8.59621e-05 -0.000146419 9.10755e-05 -0.00039605 -0.00135343 0.000180192 -0.0022523 -0.000191965 -0.000177437 -0.00116169 0.00014118 -0.00110271 0.00150165 -0.000575847 -0.000934827 -0.000451449 0.00107993 -0.00402212 0.000129851 0.000141861 0.000347031 -0.000642325 -9.5696e-05 -0.00155261 -0.00042446 -0.000626213 -0.000319834 -0.00115466 0.00028202 0.00291502 -0.000245635 0.000681564 -0.000139877 0.000577369 -0.00161554 0.000257726 0.000435903 -0.000545737 -0.000239887 -6.33046e-05 4.3563e-05 0.000770784 0.000666877 -0.00196631 -0.000560701 -0.00199127 0.000323844 0.00267552 -0.000180533 5.07003e-05 -0.00023111 0.00105942 0.000221416 -0.000263165 0.000892147 -0.00108848 -0.00117971 -0.000870191 -0.00113662 -0.00433865 0.000520436 -0.00143049 -0.00388257 -0.000742682 -0.000172443 
0.000685196 -0.0139251 -0.000544379 0.00850109 0.000781196 0.0587841 -0.00263204 0.000985691 -0.00263455 -0.00242297 -0.00180363 -0.000902428 -0.00043059 0.00451205 0.0210854 -0.00302893 -0.00381113 0.00256462 -0.000593972 -0.000333639 0.00151403 -0.00735362 -0.00295166 -0.00581607 -0.000719964 -0.00928261 0.00303914 -0.00430402 -0.00128634 -0.00340164 -0.000559045 0.000311531 -0.00314898 -0.0186734 -0.000432852 0.00154714 -0.00831957 -0.000104385 0.00102378 -0.00210689 0.00720626 -0.000862144 0.00194951 0.00899302 -0.00503846 0.00890191 0.0182484 0.0257728 -0.00182563 0.007132 0.0120219 -0.0107581 0.00337314 0.00184544 -0.000107113 0.00278161 0.00224692 -0.000239687 0.00327773 0.00983103 -0.00191238 0.00420601 0.00064964 -0.000155806 0.0045598 -0.00116394 -0.000113699 0.000705421 -0.0006189 -0.00604329 -0.002879 -0.0160244 -0.018884 -4.14241e-05 -0.000261374 8.56491e-05 -0.00415352 0.00799668 0.00263628 0.01214 -0.00261688 -0.00314239 -0.00765837 -0.0129711 0.00172717 0.00154244 -0.000353259 0.00286347 -0.00200168 0.00248374 -0.00437344 -0.0141926 -0.0032138 -0.0044272 -0.0157517 -0.00507075 -0.00229111 -0.0180721 0.0120358 -0.00380524 
-0.000982794 -0.00500359 0.00198856 -0.000237311 0.00127102 -0.00263204 0.0795699 3.84872e-05 0.00032012 -0.00492177 -0.00146231 0.000624783 0.00132283 -0.00584026 -0.00425032 -0.00318944 0.00251381 0.000935837 0.00170053 0.000447005 -0.00183077 -0.0010579 0.00120497 -0.00329743 -0.00331073 -0.00496135 -0.00204303 -0.00437518 -0.00205885 -0.00374598 -0.000476427 -0.00707032 0.00078892 0.00433112 0.00542439 -0.000861828 0.0166454 0.000345331 -0.00334079 -0.011862 -0.0103068 -0.00012742 -0.00116679 0.00114231 -0.0093915 -0.00059072 -0.00813465 -0.00761487 -0.00279019 -0.00043701 -0.00238549 0.00256898 -0.000221588 0.00148551 0.00013503 -0.00296005 -0.00110247 0.000299999 -0.00278526 -0.00190559 0.00140922 -0.00118355 -0.0151815 9.38532e-05 0.00086697 0.00090794 -0.00293465 -0.000325924 1.04226e-06 0.00701162 -0.00207619 -0.00408454 0.0175322 -0.000867093 -0.0011408 0.00328118 -0.00420105 -0.0040153 -0.000256395 -0.00429833 -0.00271949 -0.00150779 0.0140006 0.0123276 -8.20319e-05 -0.000159792 -0.00371227 0.00143725 -0.00170641 -0.00248833 0.00272064 0.00586071 -0.0047494 -0.00845029 0.00158096 -0.00691892 0.00304331 0.00426786 -0.00511165 0.00745664 
0.000338086 -0.00561018 0.000137148 0.00500356 -0.000164486 0.000985691 3.84872e-05 0.0194963 -0.000425506 -0.000949261 -0.000849138 -0.000275948 -0.000400494 -0.000285218 0.000277694 -0.000597553 -0.00102013 0.000363088 -0.000246918 2.30236e-05 0.000535847 -0.00164652 -0.00045225 -0.00233025 -0.000830203 -0.00270603 7.64882e-05 -0.00177162 -0.000440655 -0.000890013 0.000148713 -0.000316879 0.00165988 -0.00517006 -0.000221815 0.00025592 -0.000906273 0.000371502 -0.000891273 0.00107407 0.000189642 0.000576883 0.0020282 0.00059316 -0.00159014 0.00232065 0.00199119 0.00328571 -0.000266991 0.00208985 0.00112611 -0.0035786 -0.00220773 2.33356e-05 6.15276e-05 -0.00135577 0.000573705 5.14417e-05 0.00209769 0.00154892 -0.000747587 0.000824105 0.00250465 1.2286e-05 -0.00119764 0.00054846 -0.000961262 0.000363405 0.000125703 -0.000853791 -0.000598552 -0.00381194 -0.00632048 0.00034047 2.16928e-05 2.37725e-05 -0.0013687 0.000968959 -4.92882e-05 0.0027439 -0.000156517 -0.000450508 -0.00206114 -0.00363834 0.000209065 0.00200446 -0.000586084 -0.000437678 0.00136783 0.00310512 0.000424587 -0.00458385 0.000340472 -0.000448443 0.00102408 0.00165928 -3.86094e-05 -0.00465 0.0023325 0.00107002 
-0.00138963 -0.0218236 -0.0021008 0.0137835 -0.000614576 -0.00263455 0.00032012 -0.000425506 0.0768275 0.00546337 0.0087158 0.000248604 -0.000303412 0.0023925 -0.00202489 0.00358376 0.00888818 0.00224072 0.00294168 6.76605e-05 0.00223604 -0.00287342 0.00224608 -0.00328831 -0.000847083 0.0192279 0.00791661 0.00201422 0.0074787 0.00249637 0.00380973 0.000239722 0.000402465 -0.00607974 0.00161105 0.00194614 0.0024918 0.00015518 0.00452082 -0.0283739 0.0125021 -0.00795361 -0.000107418 0.00362437 -0.00735155 -0.00195941 -0.00280814 -0.00317105 -0.001323 0.00706561 0.00596792 0.0114305 -0.00928625 -0.000627423 8.61345e-05 -0.00339616 0.00111853 0.000640973 0.0159202 0.000755794 -0.00218037 0.00313693 -0.0206809 0.000383959 -0.00487198 0.00654114 -0.00222988 0.00190606 -0.000320187 -0.0152798 0.00634353 -0.0191384 -0.0177103 0.00673962 0.000417552 0.00806201 -0.00651742 -0.00462999 0.00459185 0.00685648 0.0038216 -0.00225613 0.00453755 -0.0205554 0.00161539 0.00289093 0.00088682 -0.00123339 0.00276051 -0.000286143 0.00284048 -0.00914159 -0.00422102 0.0130834 -0.0370824 -0.0127178 0.00586786 -0.0288512 0.000439444 -0.00643377 
-0.00118707 -0.0301941 -0.00335973 -0.00287158 0.000368922 -0.00242297 -0.00492177 -0.000949261 0.00546337 0.0975042 0.00487472 0.00115252 -0.00105402 5.76238e-05 0.00476314 -0.00333688 -0.0105363 -0.00016944 -0.00294492 -5.1635e-05 -0.00399491 -0.00778028 0.00242241 -0.00879672 0.00330511 0.00824544 -0.00185565 -0.00226677 -0.000371439 -0.00550877 -0.00074596 -0.00765401 -0.00206157 0.0179925 -0.00293252 0.000561799 -0.0072837 -0.000381752 -0.00172345 0.00261902 -0.0059006 -0.0238129 -0.00157003 -0.00714964 -0.00940984 -0.000802046 -0.0110275 -0.00382128 0.00166179 0.0132557 0.00114637 -0.0029126 -0.0150799 -0.00215608 -0.000124561 0.00277283 -0.00112654 0.000900271 -0.00817063 -0.0031052 0.00164904 -9.54696e-05 -0.00684682 0.002016 0.000475106 0.00189417 0.0219523 -0.00110575 -0.000241411 -0.00384539 -0.00215437 -0.0020586 -0.00205513 -0.000579116 -0.00135417 -0.00265221 0.0058158 0.00345591 0.00312036 -0.00414105 0.0195504 -0.00533186 -0.00633041 -0.0185225 -0.000803521 0.00540848 0.00169226 0.0117377 -0.00221968 0.00658538 -0.00400469 0.0251449 0.00775977 0.0145326 -0.0198314 -0.00888669 -0.0072005 -0.0107431 -0.00442744 0.0270998 
0.00695788 -0.0044631 0.00172485 -0.00164533 0.00110175 -0.00180363 -0.00146231 -0.000849138 0.0087158 0.00487472 0.0635765 0.0022931 0.00113408 0.00560837 -0.00393858 0.00784203 0.0065285 0.00538071 0.00673439 9.21756e-05 -0.00097084 0.0165757 -0.000158356 0.0163785 0.00853145 0.0279275 0.00628039 0.00581106 0.00179103 0.0154589 0.000445997 0.00702476 -0.00051092 -0.0012755 0.000180631 -0.000327682 -0.00596162 -0.000318724 0.00987706 -0.0287774 0.00534616 -0.02024 -0.000371293 -0.00182117 -0.00189791 -0.00162001 -0.00248096 -0.0126331 8.49981e-05 -0.000772997 0.00476938 0.018597 -0.0171628 0.000506265 2.62084e-05 -0.00221535 -0.00249883 0.000107693 -0.00170961 0.00107946 -0.00215507 0.00148111 -0.0247274 0.000157369 -0.0120605 0.00377785 0.000780573 -0.00033108 -0.00107865 -0.00858977 -0.000678358 -0.0176976 -0.00535408 0.000437025 -0.000766772 -0.00107353 0.00235705 -0.00125425 -0.00228045 -0.00492215 -0.0041164 -0.00467181 0.00468457 -0.0258054 -0.000185932 0.00139252 -0.00382182 0.00140002 0.00265588 0.000842009 -0.00166341 -0.0120233 -0.00258825 0.0184567 -0.0153358 -0.00219812 0.00234266 -0.0269863 -0.00189087 -0.00798635 
0.000105788 -0.000969933 0.000592131 -0.00134459 0.00163873 -0.000902428 0.000624783 -0.000275948 0.000248604 0.00115252 0.0022931 0.0249183 0.000760582 -0.000428091 -0.00132993 0.00225298 -0.00169239 -6.27137e-05 0.000734512 0.000669423 -0.000589429 -0.00102857 -0.00117761 0.000959813 -0.000876242 0.00174488 0.000231455 -0.00103038 -0.000287386 0.00291963 -5.44727e-05 -0.000714258 -2.80917e-05 0.00523744 -0.000293446 0.000124574 0.000626063 -0.000206 0.000711338 -0.00491732 -0.00235546 -0.00390177 -0.000170493 -0.0016567 -0.00377497 -0.000987917 -0.00239532 -0.00285458 0.000133998 7.04852e-05 -0.00031692 0.000852746 -0.00126265 0.000172298 0.000250555 0.00236847 -0.000986492 -9.47769e-05 -0.00186041 -0.000599929 0.000851394 -0.000264703 0.000860151 -0.000136088 -0.00163551 0.000819703 -0.000134502 -9.71159e-05 0.000756953 -0.00356341 0.000266359 0.000106777 -0.000275123 -0.000127636 -0.000388509 0.000103527 0.00320333 0.00205917 0.000710877 -0.00170333 -0.00256447 0.00533295 0.00106239 -0.00623748 -0.000198663 -0.000258178 -0.00144624 -0.000403917 -0.00120611 -0.00125257 -0.000564026 0.000380752 -0.000737645 0.00389956 -0.00930546 0.003428 0.00156933 -0.000729337 -0.00156788 -0.00158087 
-0.000355787 0.00187977 -0.00105043 -0.00113039 -0.000108306 -0.00043059 0.00132283 -0.000400494 -0.000303412 -0.00105402 0.00113408 0.000760582 0.0412682 -0.00301926 -0.00938914 0.00194834 0.000483101 0.00116464 -0.000624506 1.08114e-05 -0.00257339 0.00150857 -0.000254304 0.00599081 -0.0018425 -0.005684 -0.00140029 0.00104125 -0.00088196 -0.00299825 -0.000107763 -0.00277484 -0.000817015 0.0087534 -0.000525721 -0.000407045 0.00113841 -0.000299335 -0.000793477 -0.00289659 -0.00483986 -0.00746608 -0.000398559 -0.000518646 0.00237296 -0.00128739 -0.00504329 -0.00409865 -0.00102875 -0.00245642 -0.000802219 -0.000684787 -0.00471149 0.00242607 8.9278e-05 0.00134129 -0.00223604 -0.000154554 -0.00159233 -0.00112405 -0.00101573 9.68424e-05 -0.00433629 -4.08642e-05 -0.00485323 -0.00059113 0.00128222 -0.000146243 -0.000212228 0.00635284 0.00150147 -0.000392328 0.0103653 -4.07372e-05 -0.000244224 -0.000957355 0.000112786 0.0011692 -0.00214217 -0.00259408 0.00276419 -0.00118687 0.00080882 0.00115524 -0.000375085 -3.4436e-05 0.000801919 0.0024828 -0.000537233 -0.00215634 -0.000811718 0.00274577 0.00285624 4.5869e-05 -0.00577246 -0.00233384 -0.00122672 0.00219946 0.00147413 -0.00028228 
0.00315037 -0.00263672 -0.00209938 -9.76457e-05 0.000117994 0.00451205 -0.00584026 -0.000285218 0.0023925 5.76238e-05 0.00560837 -0.000428091 -0.00301926 0.090393 0.0245197 0.000255424 -0.00922695 0.000692904 0.000501982 -5.52192e-05 -3.01473e-05 0.0100259 -0.00550664 -0.00806843 0.00261326 0.0086344 0.000469216 -0.00567845 -0.0016464 0.00195955 -6.04133e-05 0.00460796 -0.00405587 -0.0322178 -0.000655144 0.000573186 -0.00369377 -0.000106184 0.00839329 -0.0101936 0.0146879 0.00581901 0.000418783 0.00905395 -0.000916551 0.00392841 0.00286395 0.0105225 -0.0015117 0.0219759 0.00831654 -0.00732186 0.00569711 0.000401175 -0.000263281 0.0107708 5.69971e-05 -0.000335416 -0.00338871 0.00150465 -0.00109004 -0.00209244 -0.00257811 -5.70368e-05 -0.00621382 0.00353048 -0.00647421 -0.000420995 -0.00124821 -0.0112459 0.00660663 -0.00752956 -0.0274646 -0.000288206 0.000142293 0.00643296 -0.00457789 0.00347644 -0.00808247 0.00427387 -0.0103337 -0.00652755 -0.00679454 -0.0189431 0.000624442 0.00233494 0.0017362 -0.00151792 0.0016936 0.00129317 -0.00196875 -0.0203711 0.000105543 0.00492332 -0.00969064 -0.0128322 -0.00528965 -0.00287701 -0.00393411 -0.0128875 
-0.000407451 -0.0405781 -0.00211986 0.0145438 0.00330896 0.0210854 -0.00425032 0.000277694 -0.00202489 0.00476314 -0.00393858 -0.00132993 -0.00938914 0.0245197 0.204766 -0.0142833 -0.0103294 0.0108249 -0.00140983 -0.00115592 -0.00463235 -0.00661369 -0.00998019 -0.0104533 0.00119189 -0.0315966 0.00171144 -0.00191917 -0.00454445 -0.0131367 -0.000656698 0.00953588 -0.00892054 -0.0368687 -0.00136683 0.00190317 -0.0182218 0.00284905 0.0017827 0.00978401 0.0243281 0.0118231 0.00320908 0.0149233 -0.0108113 0.0243293 0.0347817 0.0424072 -0.00593836 0.0266075 0.00779457 -0.0172305 0.0105684 -0.00232627 -0.000827932 0.00155915 0.00114598 0.00339125 -0.00856243 0.0102465 -0.00360841 -0.00257482 0.00700332 0.000878835 0.0255243 -0.0040448 -0.00179572 -0.000889571 -0.00270174 -0.0210095 -0.00342907 -0.0196261 -0.0568855 -0.00286397 -0.00398348 0.0109728 -0.0160596 0.00753598 -0.0115029 0.00855344 0.00318559 -0.00466947 -0.0156292 -0.0370033 0.00517204 0.010044 0.00579231 0.00621127 -0.00359972 0.00550071 -0.0120125 -0.0398952 0.0120301 -0.0169276 -0.0184943 -0.0136496 -0.00418481 -0.0324082 0.00920673 -0.0123007 
0.00245405 0.0105773 0.00244512 -0.00466473 -0.000476345 -0.00302893 -0.00318944 -0.000597553 0.00358376 -0.00333688 0.00784203 0.00225298 0.00194834 0.000255424 -0.0142833 0.0597555 -0.00306905 -0.0019429 0.00593087 0.00118309 0.000849751 0.00171402 0.000210617 0.0062171 0.00286897 0.0143547 0.00217141 -0.0029842 9.80008e-05 0.00655863 -0.000444949 0.00283756 0.000295074 -0.00533234 -0.000932116 -0.000696751 -0.00373765 -0.000194031 0.00385286 -0.0181842 0.000770583 -0.00531545 -0.000842944 -0.00406794 0.0062211 -0.00301002 -0.00906417 -0.00425902 0.00248536 -0.00807591 -0.00181391 0.00627663 0.00357576 0.00303931 4.13825e-05 0.00111641 -0.00151517 -0.00124457 -0.0035813 -0.000614387 0.00165324 -0.00112066 -0.00167763 -0.000419216 -0.00891009 0.000521969 -0.00287794 -0.000191806 0.000843279 -0.0105983 0.00475347 -0.0026051 0.00916369 -4.18475e-07 0.000529524 0.000300889 0.000357577 -0.00310881 -0.00867407 -0.00444099 -0.00233333 -0.00198936 0.00602973 -0.00885827 -0.000408855 -0.00213459 -0.0016964 -0.00252187 0.000440987 0.001982 -0.00139575 -0.00386344 -0.00285291 0.00394364 -0.00206494 0.00220917 -0.000611715 -0.00017051 -0.00168375 -0.00880191 
-0.000282266 -0.00682241 0.00436971 0.00956401 0.000935253 -0.00381113 0.00251381 -0.00102013 0.00888818 -0.0105363 0.0065285 -0.00169239 0.000483101 -0.00922695 -0.0103294 -0.00306905 0.124081 0.00894045 0.00557085 -0.000560642 0.00657886 -0.00813927 0.018455 0.0120224 0.000332028 0.00159837 0.0145127 0.0198722 0.00676293 0.000259287 0.00438463 0.00654193 0.0105041 0.00122089 0.000734444 0.00292581 -0.00833723 0.000407275 0.00841694 -0.0440264 0.00388358 0.0123677 0.000391365 0.0111845 0.00181337 -0.00387572 -0.0123568 -0.0143629 -0.00396264 -0.00228009 0.00387792 0.0127417 -0.0329027 0.001603 0.00031959 -0.00630497 -0.00438979 0.00492039 0.0173139 -0.000259054 -0.0043533 0.00745927 -0.0460945 0.000425333 -0.0157219 -0.00351139 -0.00575125 -0.000919542 0.00101747 -0.0210187 -0.00823001 -0.0304295 -0.0170144 0.0043084 0.000437699 0.00137934 -0.00370488 -0.00730023 0.00660371 -0.00500842 -0.00131274 -0.00921439 0.0343205 0.00709462 0.000550271 0.00372783 0.00571126 0.00255171 0.00117217 -0.00354206 0.0069699 0.00184423 -0.00502553 -0.00541872 -0.0249954 -0.0102519 0.0210296 -0.0422429 0.00307812 -0.00789383 
0.00168444 -0.016761 -0.000388712 0.00199023 -0.000313505 0.00256462 0.000935837 0.000363088 0.00224072 -0.00016944 0.00538071 -6.27137e-05 0.00116464 0.000692904 0.0108249 -0.0019429 0.00894045 0.0478308 0.00124059 0.000572735 0.00049807 -0.000219475 0.00048471 0.00434514 0.00353954 -0.0040304 0.00154912 0.00492292 0.000391041 -0.00225608 0.000405382 0.00151686 0.00223708 -0.00815299 -0.000399051 0.00116217 -0.00544677 0.000922378 -0.00195332 -0.0116712 0.0002639 0.000450835 0.0019018 0.0104549 0.000615524 -0.00102611 0.00362188 0.00135165 -0.00069114 0.00238686 0.00896641 -0.00284955 -0.0121583 0.00118458 0.000331438 0.00473399 0.000952654 0.0035287 0.0102376 0.00270408 -0.00335021 0.00705968 -0.00448033 5.6723e-05 -0.00352209 -0.00036982 -0.00177621 0.000683425 -0.000691848 -0.0065896 -0.00208622 -0.0138787 -0.0131023 0.000481335 -7.00399e-05 0.0012609 -0.000877506 0.00629114 0.00166543 -0.00202497 -0.00230115 -0.00290881 1.419e-05 -0.0211539 0.000163774 0.00740587 0.00749508 0.00342048 0.00143486 0.000383717 0.000616005 -0.00949116 0.00301698 -0.00270667 -0.014877 -0.00413777 0.00297673 -0.0250264 0.00606021 -0.00665909 
0.00451012 -0.00217912 0.000777483 0.00438473 -3.10249e-05 -0.000593972 0.00170053 -0.000246918 0.00294168 -0.00294492 0.00673439 0.000734512 -0.000624506 0.000501982 -0.00140983 0.00593087 0.00557085 0.00124059 0.0337214 0.000625511 0.00426769 0.00622836 0.00824291 0.00577611 0.00512503 0.00667005 0.00586875 0.00347113 0.00300911 0.00910931 0.00101092 0.00104726 0.000758752 -0.0126177 0.000709526 0.00125205 -0.00161765 0.000122647 0.00314177 -0.016645 -0.0015695 -0.00343906 0.000794948 0.000520604 -0.00308577 0.000496912 -0.00377002 0.00138144 -0.000348407 -0.00210193 0.000130654 0.00464056 -0.00314533 0.000235645 2.10299e-05 -0.00190522 -0.000865493 0.000281674 0.000826921 0.00222654 -0.00111346 -3.50579e-05 -0.0142783 -0.000133957 -0.00757588 0.000403907 -0.00281901 0.000125617 -0.000285063 -0.00722719 0.00278186 -0.0109412 -0.00650272 6.7253e-05 -0.000389021 0.00205472 -0.00288186 -0.00229379 -0.00141238 -0.00203492 -0.00295274 -0.00185065 0.00590225 -0.0134101 0.00143478 0.000252489 -0.00100625 4.32781e-05 0.00235463 -0.000214331 0.00414372 -0.0097307 -0.00164946 0.0021881 -0.00808113 -0.000379497 0.00915719 -0.0125185 -0.000327939 -0.00646631 
-0.000231784 -0.00227536 -1.85068e-05 -0.000901778 0.000348404 -0.000333639 0.000447005 2.30236e-05 6.76605e-05 -5.1635e-05 9.21756e-05 0.000669423 1.08114e-05 -5.52192e-05 -0.00115592 0.00118309 -0.000560642 0.000572735 0.000625511 0.0131265 0.00202973 -0.000325221 6.97362e-05 0.00286327 -0.000195585 0.000285193 0.000453192 -8.40632e-05 0.000547217 0.000209044 3.18641e-06 -0.000581331 0.000790509 0.00201801 0.000192074 0.000117614 0.00124752 3.2021e-05 -9.67713e-05 -0.000178398 -0.00118578 -0.00201161 7.49548e-05 -0.000203866 -0.000788008 -0.000227371 -0.00163464 -0.00101218 -9.93604e-05 -0.000377151 -0.000240391 6.77537e-05 -0.000554556 0.000533582 5.08034e-05 -0.000155823 -0.000176011 6.71216e-06 -0.000131179 -0.000207287 0.00113302 -0.000123666 0.000493227 -8.34933e-05 -0.00181288 -0.000152304 4.71965e-05 -5.10896e-05 -7.60265e-05 -0.00176677 -0.000491992 -0.00239458 -0.00193244 -1.81204e-05 -0.000176847 0.000276373 -0.000595777 -4.72987e-06 -0.000195331 -0.000658456 -0.000629275 -0.000462504 0.00387652 -0.00370807 3.85176e-05 -6.02258e-05 -0.000149982 6.22417e-05 -0.000454594 -4.0425e-05 -2.84002e-05 -7.16618e-05 -8.11137e-05 -0.000516088 -0.000539502 -1.16742e-05 -0.00073979 7.59661e-05 -0.000254479 -0.000428151 
0.00130397 0.00525083 8.43081e-05 0.00297463 -0.00090969 0.00151403 -0.00183077 0.000535847 0.00223604 -0.00399491 -0.00097084 -0.000589429 -0.00257339 -3.01473e-05 -0.00463235 0.000849751 0.00657886 0.00049807 0.00426769 0.00202973 0.0763186 -0.000329456 0.0108339 0.0035554 0.00531874 -0.000973996 0.00306384 0.00567751 7.85394e-05 0.0019452 -0.000194944 0.000149713 0.00573094 -0.0102182 0.00284598 0.00241769 -0.00770193 1.80506e-05 0.00170776 -0.00271224 -0.00469195 -0.00455182 0.000366389 0.0043048 -0.00729349 -0.000567838 -0.0102545 0.00236594 -0.00191405 0.00315518 0.00262996 -0.00439013 0.00483553 0.000463039 0.000739145 -0.00540326 0.000287193 -2.71648e-05 -0.00150376 0.0096357 0.000187851 0.00248633 -0.00961303 0.000887987 -0.0158387 -0.0009899 -1.63896e-05 -0.000671809 -0.00171168 -0.00918028 -0.00667812 -0.00597715 -0.000193113 0.000121244 -0.00012242 0.000540676 -0.00530607 -0.00250249 -0.00445681 0.00388357 -0.00429025 -0.00158083 0.00576834 -0.00252183 0.000112419 -0.00120806 -0.0034016 0.000702825 -0.00281776 -0.0051677 0.00259291 -0.00143109 -0.0038696 -0.00660351 -0.011041 0.00591286 0.00691221 -0.0115049 -0.00149105 -0.00823039 
0.00452594 0.00846515 -0.0037692 -0.0112052 0.000976934 -0.00735362 -0.0010579 -0.00164652 -0.00287342 -0.00778028 0.0165757 -0.00102857 0.00150857 0.0100259 -0.00661369 0.00171402 -0.00813927 -0.000219475 0.00622836 -0.000325221 -0.000329456 0.136362 0.000964829 0.00451211 0.00813748 0.0229377 -0.00466158 -0.00240435 -0.00228759 0.00271071 -0.000562671 -0.00892203 -0.00615956 -0.00192995 0.000127836 -0.000660358 0.000509022 -0.000779442 0.00112251 0.0123424 0.00454124 -0.0271459 -0.000839827 -0.0117711 0.0211408 -0.00547938 -0.0157058 -0.0171553 -0.00366172 -0.00502118 -0.00508746 0.0156752 -0.00336851 -0.000971074 0.000372247 -0.00604742 -0.00332977 -0.00163791 -0.019085 -0.00558437 -0.00728192 -0.00330084 -0.032733 -0.00112855 -0.0186979 0.00053576 -0.00990943 -0.00161851 -0.00290858 0.000585053 0.000280493 0.00316583 0.0161542 -0.0013319 0.00129907 -0.0017652 -0.00266041 -0.00218928 -0.005669 -0.00901021 -0.00813248 -0.00184914 -0.00177169 0.00465743 -0.000861277 -0.00383123 0.00118786 -0.00230861 0.00613474 0.00758439 -0.00388126 -0.00621022 -0.00152183 0.00407476 0.0197115 0.00566944 -0.00391577 0.0064376 -0.00640273 -0.00546246 
0.00392372 -0.000395002 -0.00122778 0.0122272 -0.000518557 -0.00295166 0.00120497 -0.00045225 0.00224608 0.00242241 -0.000158356 -0.00117761 -0.000254304 -0.00550664 -0.00998019 0.000210617 0.018455 0.00048471 0.00824291 6.97362e-05 0.0108339 0.000964829 0.0861719 0.0111636 -0.00183655 0.0120044 0.00277064 0.0124521 0.00100993 -0.000729618 0.00154598 0.00213279 0.00604431 -0.000590781 -0.00188902 0.000712481 -0.00605403 -0.000615779 0.00109354 -0.0284622 -0.00438256 0.00483257 -4.52318e-05 0.00148277 0.00242448 0.00188237 -0.0113875 -0.00231061 -0.00202699 -0.0102222 -0.00195397 0.0105273 -0.0128114 -0.00117809 -0.000196375 -0.00660632 -0.000958429 0.000716338 0.00188148 0.000710269 -0.00367945 -0.000475369 -0.0371688 0.00108443 -0.0130325 -0.00117575 0.000906044 -0.000130619 -0.000679654 -0.0202193 -0.00517983 -0.0199326 -0.00309979 0.00101186 0.00119478 0.000465314 -0.00614126 -0.00517794 -0.000853721 0.00162722 0.00342554 -0.00395832 0.0156654 -0.00573263 0.000814874 -0.000697954 0.000730242 0.00709139 0.001893 0.00276908 0.00682561 0.0123377 -0.00481692 0.00396163 -0.0158218 -0.00658536 0.012775 -0.0188101 0.00380519 -0.01098 
0.00562515 0.0187355 -0.00213456 -0.00294838 1.23529e-05 -0.00581607 -0.00329743 -0.00233025 -0.00328831 -0.00879672 0.0163785 0.000959813 0.00599081 -0.00806843 -0.0104533 0.0062171 0.0120224 0.00434514 0.00577611 0.00286327 0.0035554 0.00451211 0.0111636 0.143229 0.0119961 0.0075858 0.000271516 0.0175964 -9.76426e-05 0.00656067 -0.000592985 -0.0025448 -0.00423204 0.0100734 -0.00363186 -0.000239779 -0.0204241 -0.000564762 0.00654594 -0.00451362 -0.00677299 -0.0206596 -0.00102294 -0.00154157 0.0162619 -0.00506771 -0.00709422 -0.0180539 0.000834111 -0.0232943 -0.00591233 0.0264106 -0.00311256 0.00280001 -0.000194903 -0.00759833 -0.00649869 0.000114116 -0.00481124 0.0028954 -0.00674821 -0.0019366 -0.0163528 -0.00098343 -0.0219882 -0.00302751 0.00429673 0.000794444 -0.00334915 0.000391537 0.00633562 -0.0306727 0.0101325 -0.000412195 0.00104506 -0.00191655 -0.00271684 0.00490709 -0.0161756 -0.00935047 -0.00356352 -0.00840758 0.0201961 -0.0275962 -0.000368921 -0.0022381 -0.00306875 0.00225154 -1.6761e-05 -0.00955655 -0.000687817 0.00412475 -0.00332025 0.0019111 -0.00246903 -0.00273376 0.000804148 -0.017114 0.00350705 -0.0196487 
0.00386364 -0.00474926 0.0011836 -0.00581744 -0.000618583 -0.000719964 -0.00331073 -0.000830203 -0.000847083 0.00330511 0.00853145 -0.000876242 -0.0018425 0.00261326 0.00119189 0.00286897 0.000332028 0.00353954 0.00512503 -0.000195585 0.00531874 0.00813748 -0.00183655 0.0119961 0.0776038 0.0159588 0.000996327 0.00829394 0.00140865 0.0211266 -5.56254e-05 0.00468349 -0.00295326 -0.0116076 0.00186832 0.00245071 -0.00690877 -6.35791e-05 0.0155332 0.000950479 0.00512135 -0.0197561 0.00197777 0.0026114 -0.00794532 -0.0010942 -0.00845593 -0.00606573 0.00114813 -0.0016749 -0.000631928 0.00797895 -0.015649 -0.000955626 0.000558402 -0.00489214 -0.00314617 -0.00127047 -0.00991134 0.00211227 -0.00312537 -7.55976e-06 -0.0209707 -9.38326e-05 -0.0103869 0.000947838 0.00211169 -0.00104831 -0.000756694 -0.00080202 -0.00334753 -0.00891608 -0.00814956 -0.000598977 -0.00131648 0.000873165 -0.0054654 0.000585408 -0.0008394 -0.00587264 -0.0030891 -0.00452294 0.000731977 -0.0125215 -0.000690592 0.00946069 -0.00352751 0.0041393 0.00265135 0.000496074 0.000898882 -0.00271878 0.00441624 0.00166344 -0.0199096 7.67017e-05 -0.00201425 -0.0125473 -0.00156124 4.00302e-05 
0.00295938 0.00617223 0.00442353 -0.0129331 -0.001793 -0.00928261 -0.00496135 -0.00270603 0.0192279 0.00824544 0.0279275 0.00174488 -0.005684 0.0086344 -0.0315966 0.0143547 0.00159837 -0.0040304 0.00667005 0.000285193 -0.000973996 0.0229377 0.0120044 0.0075858 0.0159588 0.179807 0.0139511 0.023164 0.00677451 0.0344852 0.00106449 0.0144953 0.00567897 0.00654579 -0.00177646 0.00184983 -8.63951e-05 0.000740408 0.0229733 -0.0534688 0.0154211 -0.0235058 -0.00336116 -0.0044202 0.00631188 -0.0102299 -0.0217903 -0.0382066 0.000757246 0.0188212 -0.00213558 0.0500439 -0.0198671 0.000603271 -0.000133507 -0.0103691 -0.0047328 -0.00153859 -0.0139384 -0.00843368 -0.00797999 -0.00542026 -0.0515885 -9.71921e-05 -0.0323043 0.0147727 -0.00645531 -0.00180512 -0.00302791 -0.0214314 -0.000410871 -0.0448563 -0.0196254 -0.000661538 -0.000567293 0.00326041 -0.00577566 -0.0145697 -0.00421752 0.00197935 -0.0146998 0.000872787 0.0069459 -0.00129359 -0.000684124 -0.00622958 -0.00809555 -0.00369138 0.0075714 -0.00966169 0.0153724 -0.00627585 -0.00779341 0.0335258 -0.026258 -0.00802168 -0.00366677 -0.0182117 -0.00806566 -0.0131203 
-0.0012345 -0.00981955 0.00330948 0.00571967 0.00152834 0.00303914 -0.00204303 7.64882e-05 0.00791661 -0.00185565 0.00628039 0.000231455 -0.00140029 0.000469216 0.00171144 0.00217141 0.0145127 0.00154912 0.00586875 0.000453192 0.00306384 -0.00466158 0.00277064 0.000271516 0.000996327 0.0139511 0.0602445 0.00778339 0.00762632 0.010617 0.00181313 0.0137753 0.0119088 0.00109234 0.000806955 0.00303676 -0.00422194 0.00201064 0.00866268 -0.0202372 0.00132582 -0.0102079 -0.000252984 0.00619732 -0.00910566 -0.00196887 -0.00356816 -0.00267112 -0.00220323 0.00335415 0.00160709 -0.00199334 -0.0155719 6.33313e-05 0.000483376 -0.00344742 -0.0030858 0.00195811 0.00757605 -0.00097124 -0.00143001 0.000809477 -0.0160344 0.000150564 -0.00938496 0.00428895 -0.00356304 -0.000376478 -0.00027665 -0.00468984 -0.00143282 -0.0173669 -0.0211392 0.00104051 -0.000970116 -0.00169858 -0.00389587 -0.000552146 0.00152237 0.00977139 -0.000846836 3.21294e-05 0.00855161 -0.0100014 0.00024688 0.000378308 0.000650832 -0.000596764 -0.00117965 -0.00478552 0.000205564 -0.00420834 -0.00286831 0.00134745 -0.02343 -0.00467289 0.00748034 -0.0262823 0.00158418 -0.00368988 
0.00422284 -0.0123168 0.00186082 -0.00236225 0.00118724 -0.00430402 -0.00437518 -0.00177162 0.00201422 -0.00226677 0.00581106 -0.00103038 0.00104125 -0.00567845 -0.00191917 -0.0029842 0.0198722 0.00492292 0.00347113 -8.40632e-05 0.00567751 -0.00240435 0.0124521 0.0175964 0.00829394 0.023164 0.00778339 0.113229 -0.0008926 0.0165659 0.00149556 0.00967136 0.0123415 0.00453595 0.00129471 0.00541983 -0.00629419 0.00204733 0.00727488 -0.0232937 0.00323175 0.0108718 -0.00188685 0.00954045 -0.0138454 -0.00768267 -0.0168218 -0.0178753 -0.00214921 0.0141888 -0.00469944 0.0284176 -0.052576 0.00137301 0.000397757 -0.00087383 -0.0031791 0.00465597 -0.00422116 -0.0043131 -0.00743262 0.00419737 -0.0494856 0.00142752 -0.0201587 0.00110315 0.00231114 9.04582e-06 -0.00187887 -0.00653517 -0.00563422 -0.0229666 -0.0254588 0.000254236 -0.00138454 0.00118509 -0.00889536 -0.00370695 -0.0118937 0.00530446 0.000650372 -0.00453275 0.0188476 0.00230699 -0.000581027 -0.00384715 0.00383257 0.00214018 0.0124784 -0.00455943 0.0170283 0.00834563 -0.000143733 0.00978382 -0.0465538 0.0101697 -0.000629334 -0.0320645 0.00134664 -0.0082021 
-0.000618436 -0.0084815 0.00158956 0.00224413 -0.000404711 -0.00128634 -0.00205885 -0.000440655 0.0074787 -0.000371439 0.00179103 -0.000287386 -0.00088196 -0.0016464 -0.00454445 9.80008e-05 0.00676293 0.000391041 0.00300911 0.000547217 7.85394e-05 -0.00228759 0.00100993 -9.76426e-05 0.00140865 0.00677451 0.00762632 -0.0008926 0.0401077 0.00424288 0.00241396 0.00799831 0.00126383 0.000289506 0.000239324 0.000832044 0.00117073 0.000176394 0.00401255 -0.0121831 -0.00151159 -0.00484899 -0.000295981 0.00120268 -0.00415118 -0.00157213 -0.00290149 -0.00503973 -0.000502164 5.18752e-05 -0.000392595 0.00462544 0.000511204 4.80339e-05 2.01824e-05 0.000245961 0.0012018 0.000329888 0.00468228 -4.42484e-05 -0.00210532 0.000911668 -0.0105987 -0.000138842 -0.00394194 -0.000160437 -0.00156664 0.000132093 0.000610194 -0.00852699 0.00461214 -0.00540454 -0.00772765 0.0017201 0.000278878 -0.000429815 -0.0031758 -0.000887302 0.000921979 0.000173537 0.00208742 -0.00219144 0.00393007 -0.00860241 0.0009043 0.00217432 -0.00105763 -0.00022884 0.000504763 -0.00253285 0.000589468 -0.00538004 -0.00151554 0.00112605 -0.00593885 -0.00609714 0.00270871 -0.00654186 0.0046844 -0.00205263 
0.00697891 -0.00511405 0.0109483 -0.0064629 -4.87831e-05 -0.00340164 -0.00374598 -0.000890013 0.00249637 -0.00550877 0.0154589 0.00291963 -0.00299825 0.00195955 -0.0131367 0.00655863 0.000259287 -0.00225608 0.00910931 0.000209044 0.0019452 0.00271071 -0.000729618 0.00656067 0.0211266 0.0344852 0.010617 0.0165659 0.00424288 0.0886896 0.00059394 0.0200926 0.0125338 -0.0182116 0.00217742 0.0014714 -0.00336868 0.000630753 0.0180443 -0.027308 0.0112414 -0.00621023 0.000794901 -0.0015328 -0.00974157 -0.00179391 -0.0100139 -0.00858438 -0.00135901 0.00501526 -0.000740741 0.0120276 -0.0287561 -0.000284605 0.000314509 -0.00468088 -0.00445744 -0.00124343 -0.00611857 -0.00371912 -0.00574465 -0.00124569 -0.0273005 0.000124486 -0.0141085 0.0107205 -0.00680283 -0.000585668 -0.00151359 -0.0117001 0.00198592 -0.00558149 -0.0282619 -0.000133979 -0.00145819 0.00151282 -0.00840137 -0.00552162 0.00660215 0.0029887 -0.0119474 0.011824 0.00562897 -0.00743389 -0.000663607 -0.00301272 -0.00615527 -0.0021828 0.00567174 -0.00176481 0.00812751 -0.0142976 -0.00362029 0.0141198 -0.0225003 0.0112229 0.00334874 -0.0259209 -0.00685389 -0.00552663 
-0.000419558 -0.00514108 0.000643658 0.00353355 -6.06463e-05 -0.000559045 -0.000476427 0.000148713 0.00380973 -0.00074596 0.000445997 -5.44727e-05 -0.000107763 -6.04133e-05 -0.000656698 -0.000444949 0.00438463 0.000405382 0.00101092 3.18641e-06 -0.000194944 -0.000562671 0.00154598 -0.000592985 -5.56254e-05 0.00106449 0.00181313 0.00149556 0.00241396 0.00059394 0.0135237 0.00268351 0.00151149 -0.00171011 0.00161724 0.000760734 0.00018654 0.000552556 0.000696915 -0.00615339 0.000347759 0.00473552 0.000252106 0.00117263 -0.000530252 0.000752194 -0.00159468 0.00161962 -0.000495886 0.000559064 0.000499343 0.000191845 -0.00495327 0.000214804 1.71973e-05 -0.00056358 -0.000352342 0.000175153 0.00121753 -0.000169349 -0.000346788 0.000273691 -0.0054822 6.18039e-05 -0.00159414 1.11919e-05 -0.000804518 0.000150516 0.00103353 -0.00294236 -0.000901048 -0.00392318 -0.00402575 0.000579333 -0.000114715 0.000840692 -0.00118804 -0.000627945 0.00050217 0.000437588 -0.000618833 -0.000636227 0.00288172 -0.00180238 0.000725606 0.0011467 -0.000521751 -9.6708e-05 0.000151291 0.000667189 0.00191915 -0.00240711 -0.00090301 -0.000310114 -0.00541796 -0.00077974 -0.000370384 -0.0062129 0.00225527 -0.00155385 
0.0014567 -0.00854551 0.0140808 0.00144962 0.000917807 0.000311531 -0.00707032 -0.000316879 0.000239722 -0.00765401 0.00702476 -0.000714258 -0.00277484 0.00460796 0.00953588 0.00283756 0.00654193 0.00151686 0.00104726 -0.000581331 0.000149713 -0.00892203 0.00213279 -0.0025448 0.00468349 0.0144953 0.0137753 0.00967136 0.00799831 0.0200926 0.00268351 0.0867346 0.0109335 -0.0169358 0.00108788 0.000806575 -0.0106206 0.00281234 0.00936386 -0.0228075 0.0207751 0.0066215 0.00364963 -0.000380679 -0.00662487 0.0102042 -0.00061196 0.016733 -0.00264067 -0.00350513 0.0011386 0.011137 -0.010676 -0.000162338 -0.000184045 -0.00306611 0.00261988 0.00161095 0.00451968 -0.00251439 -0.00487626 -0.000632593 -0.0145818 -0.000243318 0.0019518 0.00349165 -0.00542127 7.02321e-05 -0.000645275 -0.0174196 -0.00352474 -0.0174225 -0.029501 -0.00039698 -0.00182234 0.00038666 -0.00803492 -0.00601539 -0.00877428 0.00671139 -0.0042241 -0.00172732 9.18773e-05 -0.011737 0.00117629 -0.00147326 0.00496258 -0.00149823 0.000416966 -0.00360478 -0.000346823 -0.020419 -0.00586189 -0.000431946 -0.0250664 -0.00202022 0.00704991 -0.0238078 0.0107947 -0.0137181 
0.000312976 -0.018779 0.00712443 0.00100304 -0.000147801 -0.00314898 0.00078892 0.00165988 0.000402465 -0.00206157 -0.00051092 -2.80917e-05 -0.000817015 -0.00405587 -0.00892054 0.000295074 0.0105041 0.00223708 0.000758752 0.000790509 0.00573094 -0.00615956 0.00604431 -0.00423204 -0.00295326 0.00567897 0.0119088 0.0123415 0.00126383 0.0125338 0.00151149 0.0109335 0.0620987 0.000551337 0.00146143 0.00168573 -0.000413707 0.00169319 0.00142096 -0.0211291 0.00168471 0.000688335 0.00124446 0.00237259 -0.00837765 -0.00181862 -0.00751533 -0.00645004 -0.000635998 0.00442059 -0.00146915 0.000934346 -0.0286739 -0.000874098 0.000222607 -0.00140273 -0.00245491 0.00183768 -0.00312266 -0.00279282 -0.00406702 0.00203305 -0.0170955 0.000392558 -0.0123569 0.00363124 0.000877214 -0.000241453 0.00124182 -0.00980765 -0.00267014 -0.00207079 -0.015006 1.08241e-06 -0.00085951 -0.0003427 -0.00160187 -0.000789016 0.00380519 0.00411693 -0.00166181 0.00588089 0.0105022 0.000486923 -0.000155541 -0.000729371 -0.00115557 -0.00156085 0.00111496 -0.00210549 0.00856786 0.00790574 -0.000467064 0.00561253 -0.0164778 0.0120435 0.00219186 -0.0197601 -0.00239284 0.00577393 
-0.00911687 0.0151801 -0.00466004 -0.0242037 -0.000432695 -0.0186734 0.00433112 -0.00517006 -0.00607974 0.0179925 -0.0012755 0.00523744 0.0087534 -0.0322178 -0.0368687 -0.00533234 0.00122089 -0.00815299 -0.0126177 0.00201801 -0.0102182 -0.00192995 -0.000590781 0.0100734 -0.0116076 0.00654579 0.00109234 0.00453595 0.000289506 -0.0182116 -0.00171011 -0.0169358 0.000551337 0.24236 -0.00244214 -0.00441484 0.0248271 -0.00422371 -0.0143672 0.0223859 -0.04452 -0.0568103 -0.0105807 -0.00796182 -0.00319679 -0.0239658 -0.039977 -0.0514796 -0.00825592 0.00153067 -0.0168699 0.0131698 -0.0131082 -0.00149325 0.000429691 0.00432957 -0.0115876 -0.0021394 -0.0308112 -0.0221079 0.0116578 -0.00759878 -0.00306353 -0.00135 -0.0286277 -0.00571689 0.0254451 -0.00451577 0.00290278 0.0122047 -0.00785181 0.014657 0.0646887 -0.00367051 -0.00415196 -0.0111083 0.00630578 -0.00265284 0.00958356 -0.018466 0.0220631 -6.26176e-05 0.0229042 0.023435 -0.00558974 -0.00278142 0.00168369 -0.00205989 -0.0150639 -0.0156982 -0.0083951 0.0672714 0.00633783 0.0111079 -0.00656481 0.00943516 -0.00880607 0.0335981 -0.0110994 0.0390774 
