0.235649 0.00258166 0.014651 0.0392106 0.0244541 0.0337524 -0.0371478 0.00874921 -0.000711509 -0.028161 -0.0187904 -0.0200184 -0.00257088 -0.0101721 -0.00511226 -0.00585024 -0.00369996 -0.0111298 -0.0126878 0.00762096 -0.0100328 -0.0141474 -0.0144997 0.0256518 0.0231224 -0.00730036 0.009122 -0.0232159 0.00105338 0.0456664 -0.00386641 -0.00344298 -0.000571561 0.000973509 0.00112392 -0.000270318 0.0152714 -0.0174519 -0.00206789 -0.00502859 -0.0174689 -0.0118719 -0.0312903 -0.0172378 -0.0145027 -0.0183449 -0.0105588 -0.0370408 -0.00168442 -0.00952113 -0.0302523 0.000808503 -0.035596 -0.0143916 -0.004676 -0.00108784 -0.00888003 -0.00690535 -0.00798451 -0.00646956 -0.00443533 -0.0119683 -0.00798194 -0.0362771 -0.0127386 0.0336369 -0.0113139 -0.00722152 -0.000562259 0.01592 0.0170174 -0.00422706 -0.0200182 -0.00467753 -0.00271381 -0.0203506 -0.0175069 -0.00312617 -0.0399364 0.0456175 -0.0076615 -0.00277816 -0.00276963 0.0174234 0.0490275 -0.00850932 -0.00660316 -0.0247039 -0.00498899 -0.0291086 -0.0122073 -0.00087832 -0.00234401 -0.0311782 0.0419512 -0.0167142 0.0227752 0.0384194 0.13438 -0.00641667 
0.00258166 0.0196206 0.00299678 0.00308575 0.00205616 -0.00149386 -0.000889644 0.0030188 0.000605513 -0.00229932 -0.0018316 -0.000208028 -0.000205588 0.00191254 -0.00052532 -0.000705121 -0.000157853 7.21387e-05 -0.000337906 0.000327154 -0.00127951 0.00265409 -0.00128518 -0.000980182 -0.000809471 -0.000139333 -0.000548097 -0.00157843 -0.000188256 -0.000775502 0.000103822 -0.000705829 0.00172269 0.00118625 0.000762641 -7.09185e-05 0.000209566 0.00380094 0.000291574 -0.000414909 0.0020639 0.00185526 0.00130058 -0.000916505 -0.000460523 -0.000569609 -0.0041048 -0.00147583 0.000243039 3.84642e-05 -0.00196893 0.000283406 0.000959452 -0.000118889 -0.000278818 -0.000269975 -0.000326983 -0.000504097 -2.71507e-05 -0.000447022 -3.43362e-05 -0.000411086 -0.000461034 -0.00249409 -0.00126145 -0.00525654 -0.000514325 -0.00098766 -8.74266e-06 -0.0050288 0.00100908 0.000710294 -0.00127718 -0.000507607 -0.000347163 -0.00132639 -0.00114006 0.00020442 -0.00413831 6.51789e-06 0.000206232 0.000613212 -0.000242054 -0.00211583 -0.00620934 0.000871851 -0.00034946 -0.00154594 -0.000444652 -0.0015201 -0.000822674 0.000124432 0.000707362 -0.000772746 -0.000211126 0.00114681 -0.000611813 0.00240129 0.00372485 0.00346043 
0.014651 0.00299678 0.067904 0.014384 0.0161749 0.00270257 -0.0101953 0.00699305 -0.00195952 -0.0184345 -0.00830209 -0.00488818 -0.00294582 -0.00235058 -0.00196909 -0.000353221 -0.000611721 -0.00309437 -0.00425828 -0.0063272 0.000192922 -0.00748693 -0.00746295 -0.00148649 0.00199401 -0.000295445 -0.00114742 -0.00404012 0.0030171 0.0056497 6.90351e-05 0.00235969 0.00325342 0.000881682 0.00321161 -0.000427315 -0.000488628 0.0027282 -0.000475142 -0.000698756 -0.00205783 -0.000546074 0.00145797 -0.0017077 -0.00268859 -0.000379974 -0.00374585 -0.00654743 -0.000655333 -0.00127013 -0.00566071 0.00533819 -0.00315425 -0.00209329 -0.000827214 -0.000880801 -0.00126814 -0.00145138 -0.000919783 0.00212846 0.000402472 -0.00175822 0.000317387 -0.00842271 -0.00352319 -0.0133729 0.000448601 -0.00394652 -0.000148111 -0.00490816 0.00272377 0.00478694 -0.00390817 0.00220352 0.00481206 -0.00145644 -0.00259694 0.00529624 -0.00816429 -0.0103785 -0.000879327 0.00330185 -0.000294083 -0.000767559 -0.00571067 -1.42224e-05 -0.00100907 -0.00307782 -0.00207565 -0.00528015 -0.00304356 -0.00109105 -0.000142056 0.000976435 0.00371281 -0.0039401 0.000214897 0.00900429 0.0192938 -0.000120317 
0.0392106 0.00308575 0.014384 0.147401 0.0248065 0.00220198 -0.0179219 0.00516375 -0.00619485 -0.0219268 -0.00289416 -0.00512489 -0.00128883 0.00297425 -0.0026187 -0.00235696 -0.000641487 -0.00625372 0.000287478 -0.00507755 -0.0128657 -0.0120081 -0.00247394 -0.0102709 0.00433925 -0.000107569 -0.00578665 -0.00743927 0.00188516 0.00391856 -0.00154925 -0.00614704 0.00689913 0.00765703 0.00183983 -0.00148638 -0.00400037 -0.00386834 -0.000358946 -0.00115617 0.00389942 0.000418625 -0.00697815 -0.00519927 -0.00665398 0.0018512 -0.0215896 -0.00313313 -0.000829619 0.00483305 -0.00341841 0.0075842 -0.00486486 -0.000133199 -0.000284674 -0.00144055 -0.0034746 -0.00597512 -0.001139 0.00354591 0.000960447 -0.00321314 0.00168215 -0.015934 -0.00632582 -0.00633737 0.000180103 -0.0057012 -0.000478932 0.00171832 0.00592782 0.00569664 -0.0129074 -0.00170766 -0.00675127 -0.00342807 -0.0062319 0.00574473 -0.0129812 -0.00962013 -0.00214963 0.00246751 -0.00416246 -0.00199805 0.0190616 0.00423865 -0.000284824 -0.000644939 -0.00325623 -0.00847877 -0.00344826 0.00162294 0.00101499 -0.0200196 -0.0010598 -0.015112 -0.00865422 -0.00486111 0.0323765 0.00180142 
0.0244541 0.00205616 0.0161749 0.0248065 0.0713476 -0.0146424 -0.0111692 0.00624351 -0.00117147 -0.0179293 -0.00454614 -0.00514127 -0.00127157 -0.00237594 -0.00126507 0.000636827 -7.96287e-05 -0.000739206 -0.00174117 -0.0049906 -0.00311503 -0.00696524 -6.17804e-05 -0.0118516 -0.00489521 -0.00140019 -0.00172815 -0.00150157 0.00292031 -0.00693579 -6.66022e-05 0.00337267 0.00401309 0.000384503 0.00243746 -0.000402784 0.00315689 -0.000198574 6.36868e-05 -0.000591996 -0.00164345 0.00197702 0.00119389 -0.00287619 -0.00261445 -0.00125649 -0.0100507 -0.00508562 -0.000833873 0.00221742 -0.00589635 0.00709566 -0.00249014 0.00215185 -0.000201394 -0.00118011 -0.000922653 -0.00176194 -0.00254263 0.003597 0.00121073 -0.00124677 0.00159811 -0.00828383 -0.0031322 -0.00452985 -0.00101165 -0.000548957 -0.000238718 -0.0183756 0.00500974 0.00128617 -0.00458418 0.00516396 0.00243145 0.0027808 -0.00138265 0.00605555 -0.00145594 -0.0103866 5.67438e-06 0.00353859 -0.000214412 0.00362604 0.00326867 0.000693701 -0.00159578 -0.00182095 -0.00094206 -0.00363782 -0.00367039 -4.74073e-05 0.00103981 -0.00944931 -0.00245508 -0.0100842 -0.00489207 -0.00657637 0.0282691 0.000417207 
0.0337524 -0.00149386 0.00270257 0.00220198 -0.0146424 0.249309 -0.0173508 -0.011012 -0.00618694 0.000618881 -0.0457562 -0.0325989 -0.00504276 0.00849691 -0.00602256 -0.0092837 -0.00413164 0.00241209 -0.00312272 0.0121445 -0.000407026 0.0197473 -0.0488801 0.0996684 0.11101 -0.0135186 -0.00569643 -0.0287426 -0.0138495 0.0876326 -0.00533413 -0.001324 -0.00735409 0.0130225 -0.00241788 -0.00261486 -0.0044575 0.0309401 -0.00285139 -0.0076373 0.00491316 -0.00257854 -0.0395494 -0.0269707 -0.018339 -0.0118578 -0.00843614 -0.0344757 -0.00566824 -0.00944871 -0.0366775 -0.0120104 -0.0306702 -0.0316656 -0.00519798 -0.00984217 -0.0121735 0.00998214 -0.0200881 -0.0206511 -0.0110072 -0.0138293 -0.0150596 -0.0607662 -0.0150857 0.0280576 -0.0149047 -0.0320614 -0.000737926 0.0804116 -0.0382389 -0.00969322 -0.0209531 -0.0147047 0.00657647 -0.0305731 -0.0205546 -0.0132107 -0.0688245 0.0643411 -0.00540085 -0.0109102 -0.000122327 -0.00394713 0.0323108 -0.00588607 -0.0076558 -0.0391145 -0.00917483 -0.0642507 0.00104952 -0.0034876 -0.00864577 0.0113486 0.0597617 0.0144974 0.056449 0.096534 0.0427067 -0.00576778 
-0.0371478 -0.000889644 -0.0101953 -0.0179219 -0.0111692 -0.0173508 0.153354 -0.0017786 0.00491958 0.0122641 0.0173658 0.0261272 0.00528481 0.00244256 0.000870844 0.00937467 0.000428849 0.000970976 0.00805552 -0.0136267 0.00446126 0.013913 -0.0030232 -0.0101397 -0.0269976 0.000354047 -0.00540977 -0.00381816 -0.00247053 -0.0314418 0.00124845 0.00983384 -0.00275841 -0.0043129 -0.00120989 -0.000423104 -0.00178644 -0.00441099 0.00103079 0.00291278 0.00182078 -0.00346866 0.00868315 -0.00511646 0.00536397 0.000303147 -0.00924571 -0.00639519 0.000750967 0.00867939 0.00759773 -0.00259079 0.0213993 0.0139851 -0.00162176 0.00418196 0.000894776 -0.00338295 0.00442061 -6.91481e-05 0.00292872 0.00508344 0.00575651 0.0224543 0.000324861 -0.0379705 -0.00424771 0.0100435 1.81261e-05 -0.0326578 -0.00813985 -0.00295892 0.00515395 -0.00273308 -0.00488295 -0.000885132 -0.00029307 0.00412322 -0.00787021 -0.0179897 0.000157791 0.000752932 -0.000752963 -0.00986961 -0.025306 0.0123546 0.00424095 0.0128892 0.00469278 0.0226456 0.00112612 0.00256167 0.00075945 0.00431789 -0.0221591 0.0116223 -0.0248644 -0.00532088 -0.039276 0.00104948 
0.00874921 0.0030188 0.00699305 0.00516375 0.00624351 -0.011012 -0.0017786 0.0621721 0.00460108 -0.00276077 0.00107828 0.00517686 0.00194814 0.00319428 0.000128597 -0.00355054 -7.66244e-05 -0.00385361 -0.0022907 -0.0150433 -0.00359863 0.000601023 0.00593568 -0.0202704 -0.0138593 -0.000895124 -0.00160507 -0.00580755 -0.000935399 -0.0106018 0.00154955 -0.00435429 -0.000635579 0.00269562 -0.000700694 0.00059455 -0.00187899 -0.00315829 0.000177908 0.000220963 0.00410792 -0.0012836 0.00975013 0.00195556 -8.55464e-05 0.00863379 -0.00435269 0.006369 -0.000261379 0.004582 0.00093758 0.00109002 -0.00293413 -0.000869639 -0.000529271 0.00134848 0.000109355 -0.00221402 0.00501943 -5.8457e-05 -3.83277e-05 0.00334255 0.000354794 0.00654085 -0.00121494 -0.00926048 -0.000249666 0.000942584 -2.76432e-05 -0.0154318 -0.0013619 -0.00518672 0.00186921 0.00381638 -0.00205659 0.00399747 0.00157857 0.00292298 0.0058627 -0.00826477 0.000273298 -0.000647657 -0.000586257 -0.00295669 -0.0116907 0.00226939 0.000436412 0.00366978 -0.000546075 0.00447963 -0.00194011 -0.000576509 0.00065141 -0.00240399 -0.0089536 -0.000204299 -0.0168351 -0.000637796 0.00115918 0.00401424 
-0.000711509 0.000605513 -0.00195952 -0.00619485 -0.00117147 -0.00618694 0.00491958 0.00460108 0.0545045 -0.00617811 -0.00188918 -0.00104341 -0.00163261 0.0103402 -0.000490774 -0.00241119 -0.000257567 -0.00204271 -0.00256679 -0.00511791 0.0168404 0.0129461 0.000585152 0.00121469 -0.0107469 0.0018772 0.00228415 0.000954334 -0.00142543 -0.00745606 0.00223548 0.00754543 -0.00101828 0.001334 -0.00128623 0.000185722 0.00142434 0.000196594 0.0012809 -0.000991863 0.00293829 -0.00165969 -0.00503769 0.00111139 -6.53021e-05 0.00598658 -0.0100675 0.0016505 -0.000427039 0.00102487 -0.00525491 -0.000166869 -0.00298188 -0.00200828 0.000381671 0.000338672 -0.000321199 0.00541328 0.00885898 0.000140129 -0.000892732 5.46758e-05 -0.000269732 -0.00289509 -0.000300374 -0.00775693 0.000837812 -0.000368354 0.000203377 -0.00159518 -0.006957 -0.00556305 0.00340598 -0.00180729 -0.000408179 -0.00413635 -0.00133142 -0.00145503 -0.00474677 -0.00263631 0.00316199 0.000699465 8.73375e-05 -0.00278535 -0.0119812 0.00252652 0.000981497 -0.00391311 -0.000525343 -0.00570505 -0.00123205 0.00390961 -4.69978e-05 -0.00163386 -0.0111769 0.003023 -0.00867461 0.0035044 -0.00444306 0.00989151 
-0.028161 -0.00229932 -0.0184345 -0.0219268 -0.0179293 0.000618881 0.0122641 -0.00276077 -0.00617811 0.220245 0.0164918 0.0100015 0.0126142 0.00606852 0.00108064 0.00337207 0.00203167 -0.00881573 -0.00930764 0.00768586 -0.0519015 0.0208183 -0.0460822 -0.0116049 -0.0138988 0.00402917 -0.0121092 -0.0106227 -0.00987597 -0.00787622 -0.00306984 -0.0115222 -0.00430884 0.0131011 -0.00446951 0.00211652 -0.0121593 -0.0189358 -0.00221904 -0.00272571 -0.00370668 0.00391281 -0.00610603 -0.00107838 0.00573146 -0.00843938 0.0167037 -0.00824275 0.000244006 -0.00114855 0.00824784 -0.0060499 -0.00523172 0.0106379 0.00336321 -0.000231236 0.00523526 -0.00536014 -0.0005515 -0.00512984 0.00369887 0.0186613 0.000380166 0.00778864 0.000978673 0.0209825 -0.000818772 -0.00828707 -0.000260585 -0.00289578 -0.0284743 -0.000160309 1.40936e-06 -0.00558017 -0.00684523 -0.0142471 0.00135641 -0.00494117 0.0159206 0.00600411 -0.00189018 -0.00178497 0.00170476 -0.0028282 0.0405867 -0.0063352 -0.000502367 -0.0120369 0.00108593 -0.000813595 -0.00185598 -0.00663883 -0.00424728 0.0355019 0.0199429 0.0224453 0.025976 -0.0337609 -0.0666311 -0.0073245 
-0.0187904 -0.0018316 -0.00830209 -0.00289416 -0.00454614 -0.0457562 0.0173658 0.00107828 -0.00188918 0.0164918 0.124995 0.0444023 0.00791177 -0.0115859 0.00109419 0.001845 0.00357548 -0.00603 0.0100329 -0.0355122 -0.0155443 -0.0203984 0.034018 -0.0777996 -0.058265 -0.00346483 -0.00745755 0.0223936 0.0107262 -0.0430897 0.000739191 -0.0116617 -0.00300122 0.0100855 -0.00145255 0.000490105 -0.00645296 -0.0195704 -0.000322887 0.0127843 -0.00763476 -0.00326852 0.0219713 0.0175777 0.00770331 -0.00246479 0.0526357 0.03497 0.00236042 -0.000896169 0.0194021 0.000263643 0.00747625 0.00110104 -0.0021539 0.00359048 0.00175503 -0.00564671 0.000240652 0.00120934 0.00263213 -0.000191121 0.00228197 0.0523373 -0.00155396 0.0106149 0.00249416 0.0369234 0.000302885 -0.0543792 -0.024915 -0.00308235 0.0103281 -3.82048e-05 -0.0110598 0.00245448 0.00980782 -0.00282319 0.0554356 -0.0308401 -0.00186305 0.000448094 -0.00270176 0.0048735 0.00371247 -0.00770014 -0.00223837 0.0398295 0.00527259 0.0575057 -0.00592363 -0.00168137 -0.000217501 -0.011714 -0.0365917 -0.0138584 -0.0431779 -0.0614154 -0.0395433 -0.00434776 
-0.0200184 -0.000208028 -0.00488818 -0.00512489 -0.00514127 -0.0325989 0.0261272 0.00517686 -0.00104341 0.0100015 0.0444023 0.0889415 0.0107144 -0.0039458 0.000800227 0.00875611 0.00122885 -0.0029553 0.0012404 -0.0253854 -0.00679451 -0.00580418 0.0196614 -0.0402205 -0.029666 -0.00101897 -0.00489823 0.00188649 1.95681e-05 -0.0317475 0.00102996 -0.0045153 -0.000308828 0.00568914 -0.000724929 0.000559006 -0.00369302 -0.00814479 -0.000568189 0.00900656 -0.00636774 -0.00364373 0.0106141 0.00533648 0.00291376 -0.00399065 0.0298808 0.0171038 0.00164929 0.00111742 -0.00202392 -0.00165133 0.00495732 0.00330139 -0.000968119 -0.000849704 -0.00111729 -0.00268516 -0.0010793 0.00159772 0.00145034 0.00386748 0.00117437 0.037013 -0.000759739 -0.0132781 0.00148276 0.0214253 0.000155948 -0.040546 -0.0161828 -0.00102749 0.00623748 -0.00065831 -0.00529309 0.0108114 -0.00286177 -0.000175161 0.0292824 -0.0255314 -0.00119452 0.00013382 -0.00236668 -0.000433769 -0.00424624 -0.00159916 0.00395007 0.0323978 0.00248895 0.0433079 -0.000832536 -0.000527917 0.00183676 -0.00966872 -0.0220046 -0.00336787 -0.0290696 -0.035344 -0.0300026 3.44304e-05 
-0.00257088 -0.000205588 -0.00294582 -0.00128883 -0.00127157 -0.00504276 0.00528481 0.00194814 -0.00163261 0.0126142 0.00791177 0.0107144 0.0731525 -0.00361836 0.00373749 0.0109122 0.000483616 0.00448992 -0.0039282 0.000140585 0.00260705 -0.00579725 -0.0115315 -0.0154788 0.00116036 -0.000351017 -0.00101046 -0.00528989 0.00058664 0.00127847 -0.000674222 0.00465459 -0.000316432 0.00739412 0.000525787 0.00210703 -0.0027612 0.00382963 -0.000475295 0.000248278 -0.00363234 0.00275643 -0.0128252 0.000746325 0.00068497 -0.00129427 -0.0113726 -0.00845617 0.00117169 0.000950411 -0.00349411 0.000116885 -0.0106371 0.0050668 -0.000439787 0.000848497 -0.000288162 -0.000932528 0.00261302 -0.00163036 0.00384258 -0.00128379 0.000321537 0.00575125 0.00255709 0.0041374 0.00114226 0.000769129 0.00053953 -0.0177416 -0.00586239 -0.00279334 0.000922495 -0.00405963 0.000807958 -0.00280471 -0.00127145 0.00134387 0.0148 0.00163394 -0.000621818 -0.000680696 -0.000159409 -0.000209817 0.00731812 -0.00506312 5.16305e-06 -0.00246127 0.00166325 -0.00286965 0.00122952 -0.000702422 -0.00132526 -0.00692501 -0.01754 -0.00286851 -0.0103875 -0.012479 0.0017773 4.69129e-06 
-0.0101721 0.00191254 -0.00235058 0.00297425 -0.00237594 0.00849691 0.00244256 0.00319428 0.0103402 0.00606852 -0.0115859 -0.0039458 -0.00361836 0.0997261 0.000461751 -0.00601171 -0.00133738 -0.00471163 -0.00458543 -0.0129562 -0.0101559 0.0264887 -0.00546927 0.02083 0.00837702 0.00376371 -0.00410007 0.000461671 -0.00457587 0.0104672 0.000308743 0.000546132 -0.00206863 0.00261139 -0.00178655 -0.00153219 -0.00161706 -0.00350426 -0.000128617 -0.00223918 0.00677981 -0.00159449 0.0182327 -0.00516487 -0.00192008 0.00568656 -0.00692919 -0.0108824 -0.000611915 -0.0016311 -0.00227294 -0.00187835 -0.00177983 -0.00817099 -0.00118268 -0.00158009 -0.00234125 -0.00496315 0.000479082 -0.00233924 -0.00279741 -0.00205154 -0.00321986 -0.0120136 -0.00570379 -0.0173059 -0.00252389 -0.00832071 -0.000454897 0.0124498 -0.00545069 -0.00849763 -0.0065758 -0.00346813 -0.000367107 -0.00740111 -0.00458462 -0.00345532 -0.0113887 0.0270833 0.000103256 0.000244243 -0.00255611 -0.00379111 -0.0258684 0.00833297 -0.000594203 -0.00982339 -0.00244433 -0.0195722 -0.0037836 -0.000507459 -0.00140611 0.00596837 0.00838426 0.0114382 -0.00381268 0.0310632 -0.0147657 0.0048595 
-0.00511226 -0.00052532 -0.00196909 -0.0026187 -0.00126507 -0.00602256 0.000870844 0.000128597 -0.000490774 0.00108064 0.00109419 0.000800227 0.00373749 0.000461751 0.0322779 0.00295721 0.000474501 0.00153201 -0.00154008 -0.00286046 0.00117566 0.000534427 -0.00419308 -0.0115624 -0.00880034 0.000377601 0.000675445 -0.000502897 0.00135225 -0.00305438 6.98226e-06 0.00219436 0.000378746 -0.00184976 -0.000171056 0.00030987 -0.00047721 -0.00119295 0.00145831 -1.96029e-05 -0.0013963 -0.000625416 -0.00283576 -5.86237e-05 0.00393737 0.00229644 -0.00367693 -0.00128797 -0.000156109 -0.00048843 0.00112672 0.000376781 -0.0024279 -3.42756e-06 -1.88814e-05 -7.37082e-05 -5.81411e-05 0.000140372 0.00405681 0.00458185 0.00124811 0.00109605 0.00127419 0.00480027 0.005185 0.000162939 0.00261884 -0.00103602 8.43193e-05 -0.00691135 -0.00369271 -0.00181849 -0.00128146 0.00221439 0.000888888 0.00015052 0.00225814 6.71549e-05 0.0079427 -0.00281706 0.000975821 1.27694e-05 0.00181195 0.00487506 0.000474648 -5.87768e-05 0.00131557 0.003015 0.00255957 -0.00143061 6.26476e-05 -0.000730855 0.000162237 0.000885004 -0.00954097 -0.000848325 -0.00627073 -0.00695547 -0.00598619 0.000177455 
-0.00585024 -0.000705121 -0.000353221 -0.00235696 0.000636827 -0.0092837 0.00937467 -0.00355054 -0.00241119 0.00337207 0.001845 0.00875611 0.0109122 -0.00601171 0.00295721 0.0914115 0.00179705 0.00873468 -0.00350505 0.00371502 -0.00357421 -0.0123046 -0.0155192 -0.0126249 -0.000937921 -0.000271112 -0.00351312 -0.00679049 -0.00314072 0.00968433 -0.00139052 0.0117033 0.0045089 -0.00171446 0.00325603 -0.000653798 -0.00110452 -0.00284487 -0.000255412 -0.000630529 -0.00572743 0.000656467 -0.0143357 -0.00651866 0.00993486 -0.00444207 -0.00648069 -0.0117922 0.00112677 0.000852746 -0.0049007 0.00261045 -0.0035674 0.00508307 0.00153576 -0.000467511 -0.00178782 0.00169853 -0.00295956 0.00212339 0.00592026 -0.00133936 0.00215473 0.0065001 0.00399236 -0.000271709 -0.004659 -0.00389046 5.0206e-05 -0.0255364 0.00342352 0.00732476 0.00167886 -0.00432654 0.00219916 -0.00295407 0.00253903 0.00437528 0.00362621 -0.00830491 -0.000885414 0.0010465 0.00057339 -0.00323441 0.012083 -0.00356489 0.00761737 0.00335029 0.00593146 0.0018843 0.00672414 -0.00126612 0.00181989 -0.00792713 -0.0169644 -0.00983767 -0.000570336 -0.0251795 0.00354559 -0.00165733 
-0.00369996 -0.000157853 -0.000611721 -0.000641487 -7.96287e-05 -0.00413164 0.000428849 -7.66244e-05 -0.000257567 0.00203167 0.00357548 0.00122885 0.000483616 -0.00133738 0.000474501 0.00179705 0.0138185 0.000119362 -0.000716477 -0.00221821 -0.000925657 -0.00182102 0.000157333 -0.00691596 -0.00357488 0.000315811 -0.000258465 -0.00020728 -0.000166881 -0.00514691 8.07329e-06 -0.000960997 0.00108873 -0.000127999 0.000932961 7.39071e-05 -0.000780701 -0.00155662 -9.08481e-05 0.000616422 -0.000847848 0.000657364 -0.00107009 0.000393404 0.000849291 -2.82049e-05 0.000603168 0.00163604 0.000535879 0.000605155 0.00245159 0.000288816 0.00182885 0.00157743 -5.31082e-05 0.000441422 0.000588552 -0.000414408 0.000904272 -6.50873e-06 0.00090949 0.00103979 0.00117466 0.00449941 0.0018939 -0.00102884 0.00168526 0.00143626 7.2753e-05 -0.0064708 -0.000958396 0.000699965 0.0019771 0.000134454 -0.000630031 0.000333592 0.000783701 5.18816e-05 0.00385574 -0.00446232 0.000165282 0.0002411 -0.000152313 0.00028196 0.00134471 -3.25718e-05 0.000842864 0.00425595 0.00162915 0.00251642 -0.000337396 -0.000222617 0.000587855 -0.0002365 -0.00340721 -0.00139906 -0.00417128 -0.00669023 -0.00342239 -0.000420645 
-0.0111298 7.21387e-05 -0.00309437 -0.00625372 -0.000739206 0.00241209 0.000970976 -0.00385361 -0.00204271 -0.00881573 -0.00603 -0.0029553 0.00448992 -0.00471163 0.00153201 0.00873468 0.000119362 0.0708311 -0.000899529 0.0213147 0.00615407 0.00280779 -0.00580963 0.000777997 0.0140023 -0.000712843 -0.00215784 -0.00354361 -0.00139685 -0.000837068 -0.000885318 0.0154743 0.0010703 -0.00415622 0.00304541 0.000509084 0.00456248 0.0114902 0.000866394 -0.000986085 0.000700732 0.00242182 -0.00420049 -0.00161952 -0.000802188 -0.00327281 -0.00949804 -0.00587942 -0.000365021 0.00219113 -0.00460467 -0.00114778 -0.00482244 0.00199819 -0.000140605 -0.000529606 -0.00143098 0.00178391 -0.00487526 0.0028477 -0.00203099 -0.00198211 0.00285166 -0.00451887 0.000228761 -0.000397313 -0.000939477 -0.000718467 0.000150578 -0.0135399 0.00101967 0.00487727 -0.00100661 -0.00166581 0.00180869 0.000212624 -0.00177416 -0.00213348 -0.00734805 -0.00894189 0.00167157 -0.00100593 -0.000655394 -0.00232958 0.000352924 0.00107751 -0.00124805 -0.00455363 0.00349945 -0.00827062 0.000218922 -0.000631892 -0.000818012 -0.00683454 -0.00596642 -0.00690235 0.00841868 -0.0129279 0.00341745 0.000354836 
-0.0126878 -0.000337906 -0.00425828 0.000287478 -0.00174117 -0.00312272 0.00805552 -0.0022907 -0.00256679 -0.00930764 0.0100329 0.0012404 -0.0039282 -0.00458543 -0.00154008 -0.00350505 -0.000716477 -0.000899529 0.0742606 -0.00551728 0.0054172 -0.00839476 0.0275585 -0.00523071 -0.017431 -0.000868896 -0.00290839 0.0083137 -0.003084 -0.00170481 0.000115918 -0.00554973 -0.00103326 -0.00113989 -0.00197617 -0.000558973 -0.00198371 0.0036561 -2.74939e-05 0.000406774 0.00273336 -0.0017889 0.00988859 0.0013789 -0.00270847 0.000840238 0.0145613 0.0151992 -0.000448686 -0.000616173 0.00253466 0.00124467 0.0060117 -0.00124808 -0.000220818 0.000770609 -0.000663858 -0.000751131 -0.00354082 -4.57254e-05 0.00101291 -0.00394916 0.00027953 -0.00212894 -0.00153147 -0.00312544 -0.000309468 0.00766443 -0.000262315 0.00241555 -0.0100559 -0.000139489 -0.00458627 -0.00179258 -0.00383413 0.00750547 -0.0016036 0.00258579 0.0018579 -0.0110585 -0.000181744 -0.000603315 -0.00171387 -0.00820502 -0.0188835 -0.00231896 -0.000831837 0.00556916 -0.00124024 0.0189944 0.00557603 0.00168418 -0.000275665 -0.00297878 -0.00235384 -0.00910056 -0.0144153 0.000701206 -0.0187875 -0.00315798 
0.00762096 0.000327154 -0.0063272 -0.00507755 -0.0049906 0.0121445 -0.0136267 -0.0150433 -0.00511791 0.00768586 -0.0355122 -0.0253854 0.000140585 -0.0129562 -0.00286046 0.00371502 -0.00221821 0.0213147 -0.00551728 0.209318 -0.0130541 0.0104701 -0.025294 0.0505876 0.0219525 -0.00209174 0.00622267 -0.0183183 0.000444278 0.00459425 -0.00227364 0.00799341 -0.00241856 -0.00680771 0.00239925 -0.000902083 0.0040958 0.0115978 0.000533056 -0.00564059 0.0057472 0.013249 -0.0301746 -0.0117778 -0.00213317 -0.0148146 -0.0521813 -0.0209257 -0.000725845 -0.00634446 -0.0230466 0.00155704 -0.00255767 0.00362313 0.00289178 -0.00367674 0.0070541 0.000373678 -0.00288831 0.000245278 -0.00424265 0.00466005 -0.000978761 -0.0326717 -0.00464945 0.00480355 -0.0131541 -0.0236248 -0.000394932 0.0213357 0.0331908 0.00494692 -0.0106528 -0.00341357 0.00368187 -0.019598 -0.00643228 0.000146912 -0.0437795 0.022984 -0.00134578 0.00159246 0.00341187 -0.00759995 0.00468423 -0.0115445 -0.00154121 -0.0339953 -0.00217441 -0.047007 -0.00648403 -0.00432481 -0.00136237 0.0136 0.0102361 0.0113335 0.0724325 0.00836829 0.0246341 -0.000289513 
-0.0100328 -0.00127951 0.000192922 -0.0128657 -0.00311503 -0.000407026 0.00446126 -0.00359863 0.0168404 -0.0519015 -0.0155443 -0.00679451 0.00260705 -0.0101559 0.00117566 -0.00357421 -0.000925657 0.00615407 0.0054172 -0.0130541 0.157739 0.00333931 0.0283317 0.00518968 0.00467548 -0.0012464 0.0147547 -8.56461e-05 0.00524966 -0.0120252 0.00526628 0.0215501 -0.00360365 -0.00978988 -0.00273614 -5.50184e-05 0.00137113 0.0275322 0.00270607 -0.00121046 -0.0081451 -0.0105154 -0.0207632 0.0106253 -0.00262663 0.000621172 -0.021018 0.00449039 -0.00199506 0.00184448 -0.0154282 -0.00193518 -0.0133958 -0.00215962 -5.3806e-05 0.00374667 -0.00379394 0.0138566 0.00213933 0.00128605 -0.00229315 -0.00908489 -0.00139173 0.00474177 0.00607952 -0.00325045 0.00792632 0.0125632 0.000160876 0.00494634 0.000207039 -0.0195848 0.00946241 -0.00766728 -0.000713462 -0.000698596 -0.000367851 -0.00358197 0.00410012 -0.0110183 0.00514935 -0.00256643 0.000626319 -0.00291475 -0.0434037 -0.00414642 0.00466464 0.0136323 0.00356172 0.00310203 0.00344045 0.011105 0.000944966 -0.015997 -0.0369623 -0.0124539 -0.0328159 0.0113985 0.0161802 -0.000412714 
-0.0141474 0.00265409 -0.00748693 -0.0120081 -0.00696524 0.0197473 0.013913 0.000601023 0.0129461 0.0208183 -0.0203984 -0.00580418 -0.00579725 0.0264887 0.000534427 -0.0123046 -0.00182102 0.00280779 -0.00839476 0.0104701 0.00333931 0.143645 -0.0340472 0.0422499 0.00845385 0.00806108 0.00134076 -0.00112 -0.00147391 -0.033773 0.00112409 0.00612468 -0.00374209 -0.00662702 -0.0034111 -0.00192222 -0.000350777 0.0170245 0.000235651 -0.00356055 0.0104614 -0.004378 0.014538 -0.00628681 -0.00667478 0.00644766 -0.0343281 -0.0115043 0.00181407 0.00072055 -0.00354792 -0.00235809 0.0108289 -0.0107395 -0.00187188 -0.00106849 0.000760603 0.000485393 0.00205407 -0.00504722 -0.00400219 -0.00297507 -0.0050366 -0.0209915 -0.00479757 -0.0313961 0.00954926 -0.014886 -0.000619078 0.0109335 -0.0059579 -0.00752983 -0.00606163 -0.00361875 -0.00302863 -0.00566724 -0.00738324 -0.0029259 -0.0354507 0.0221389 0.00184741 0.000456273 -0.00157021 -0.00328884 -0.0456082 0.012287 -0.00167139 -0.0202341 -0.00246109 -0.02761 -0.00733352 0.0011197 0.000960751 0.00498674 0.0220599 0.037085 0.00348991 0.0307008 -0.0155189 0.012279 
-0.0144997 -0.00128518 -0.00746295 -0.00247394 -6.17804e-05 -0.0488801 -0.0030232 0.00593568 0.000585152 -0.0460822 0.034018 0.0196614 -0.0115315 -0.00546927 -0.00419308 -0.0155192 0.000157333 -0.00580963 0.0275585 -0.025294 0.0283317 -0.0340472 0.224556 -0.0528894 -0.049333 -0.00517897 -0.00481193 0.035295 0.00551647 -0.0199304 0.00545682 -0.0132889 -0.00383567 -0.00917097 -0.0056681 3.02723e-05 0.0103582 -0.0104076 5.18944e-05 0.00761368 0.000968857 -0.00421268 0.0357465 0.0162984 -7.2933e-05 0.00522344 0.0655906 0.0464953 -0.00297165 -0.00393908 0.0109853 -0.00342276 0.011033 -0.00780993 -0.00358615 0.00157202 -0.00294468 -0.0077155 -0.0071623 0.00691874 0.00180444 -0.00701554 -0.000205826 0.0301916 0.00563205 -0.0125416 0.00463494 0.0364901 0.000151934 -0.0214882 -0.00930767 -0.009139 -0.000690502 -0.00289054 -0.0223922 0.0159242 0.00901342 -0.00336352 0.0545129 -0.0431628 0.000149147 -0.00148935 -0.00672505 -0.0173165 -0.0411214 -0.0122957 -0.000109512 0.048571 0.00135105 0.0758402 0.00521993 0.00597783 -0.00141235 -0.0154258 -0.0524499 -0.0492851 -0.0648344 -0.0251043 -0.0272007 -0.0104702 
0.0256518 -0.000980182 -0.00148649 -0.0102709 -0.0118516 0.0996684 -0.0101397 -0.0202704 0.00121469 -0.0116049 -0.0777996 -0.0402205 -0.0154788 0.02083 -0.0115624 -0.0126249 -0.00691596 0.000777997 -0.00523071 0.0505876 0.00518968 0.0422499 -0.0528894 0.228794 0.10848 0.00118375 0.0104528 -0.0210505 -0.0183654 0.061296 -0.00593743 -0.00285528 -0.00915429 -0.0212117 -0.00489201 -0.0059996 -0.0018819 0.0386783 -0.00271037 -0.0115462 0.0075855 0.000552831 -0.0190586 -0.0260738 -0.023055 -0.0116838 -0.0384597 -0.0452683 -0.00304474 -0.0111569 -0.0367625 -0.00915351 0.0050923 -0.0213485 -0.00466562 -0.0102149 -0.00247203 0.00808584 -0.0178707 -0.0265391 -0.0136937 -0.0073972 -0.0187002 -0.0808375 -0.0193905 -0.00034964 -0.0166891 -0.0454037 -0.0016646 0.113966 0.00874767 -0.0160938 -0.0185481 -0.0133677 0.00508531 -0.0253168 -0.0296012 -0.00872775 -0.101749 0.0737254 -0.00649166 -0.00591573 -0.0024872 -0.00648217 -0.0151109 0.00825606 -0.0102655 -0.0620284 -0.0132694 -0.0667566 -0.00729493 0.000154938 -0.0034153 0.0186691 0.0827306 0.0392212 0.0746057 0.133072 0.0394189 0.00478368 
0.0231224 -0.000809471 0.00199401 0.00433925 -0.00489521 0.11101 -0.0269976 -0.0138593 -0.0107469 -0.0138988 -0.058265 -0.029666 0.00116036 0.00837702 -0.00880034 -0.000937921 -0.00357488 0.0140023 -0.017431 0.0219525 0.00467548 0.00845385 -0.049333 0.10848 0.248872 -0.0070685 -0.00354204 -0.0348677 -0.0192248 0.0825751 -0.00601618 0.0225068 -0.00597315 0.00605485 5.51003e-05 -0.00199592 -0.00624444 0.0249447 -0.00318906 -0.00884226 0.00680914 -0.000548741 -0.0406231 -0.0246729 -0.0187571 -0.0176711 -0.0341546 -0.0495157 -0.00480291 -0.00696395 -0.0359469 -0.00946578 -0.0302097 -0.0180463 -0.00271913 -0.0102371 -0.0130736 0.0107781 -0.0298019 -0.0177756 -0.0107304 -0.0106014 -0.014193 -0.0627517 -0.0147685 0.0224744 -0.0130852 -0.0340715 -0.000733924 0.0630111 -0.00678118 0.00362684 -0.0102867 -0.0120912 0.0174277 -0.027834 -0.0219016 -0.0148706 -0.0544857 0.0550118 -0.00280181 -0.0102746 -0.000727462 -0.000756977 0.0269204 -0.00688905 -0.00691619 -0.0440743 -0.00667833 -0.0749444 -0.00962861 -0.00361892 -0.00703659 -0.00315174 0.0708238 0.0123108 0.0578236 0.0726699 0.0786776 -0.00309 
-0.00730036 -0.000139333 -0.000295445 -0.000107569 -0.00140019 -0.0135186 0.000354047 -0.000895124 0.0018772 0.00402917 -0.00346483 -0.00101897 -0.000351017 0.00376371 0.000377601 -0.000271112 0.000315811 -0.000712843 -0.000868896 -0.00209174 -0.0012464 0.00806108 -0.00517897 0.00118375 -0.0070685 0.0350708 0.00078616 0.000167537 -7.30734e-06 -0.00470303 0.000177394 0.00211226 -7.2342e-05 -0.00294774 -0.000601804 -0.000284427 -0.000652308 -0.00193338 0.000176079 -0.000472509 -0.00156029 -0.000198341 -0.00297252 -0.00172164 -0.000224738 0.00113985 -0.00665403 -0.00397514 0.000365725 -0.0012378 0.00562644 0.00022171 0.00317973 0.0023593 0.00184177 0.000798108 0.000104871 0.000587095 0.000744306 0.00274708 0.000514069 0.00219388 0.00080156 -0.00127075 0.00107234 -0.00637531 0.00914306 -0.00217994 -0.000136707 -0.0021678 -0.000637944 -0.00186877 -0.00051838 -0.000845395 -0.000196273 0.00445201 -0.0010588 0.000764293 -0.0010741 0.00224315 0.00182339 0.000978538 -6.00722e-05 -0.000404731 -0.00724072 0.00633936 2.56493e-05 -0.00297878 0.000772733 -0.00150245 0.00112408 -0.000412125 -1.4565e-05 0.00478997 -0.00187578 0.00315832 -0.00392569 -0.00149681 -0.00957164 0.00559775 
0.009122 -0.000548097 -0.00114742 -0.00578665 -0.00172815 -0.00569643 -0.00540977 -0.00160507 0.00228415 -0.0121092 -0.00745755 -0.00489823 -0.00101046 -0.00410007 0.000675445 -0.00351312 -0.000258465 -0.00215784 -0.00290839 0.00622267 0.0147547 0.00134076 -0.00481193 0.0104528 -0.00354204 0.00078616 0.0536861 0.00287018 0.00465599 -0.00357439 0.000386566 -0.00139027 -0.00137132 -0.00389306 -0.000922637 -0.000403952 0.00178914 0.00299294 -1.57402e-05 -0.00102731 -0.00225661 -0.00102852 -0.00899932 0.00229456 -0.00159195 0.000845125 -0.0136596 -0.00526861 1.55817e-05 -0.00174558 -0.00468182 0.00184891 0.000126564 -0.000701085 0.000125915 0.000425755 0.00231349 0.00337162 0.00116196 -0.000317542 -0.00063313 -0.00272367 -0.00123297 -0.00680102 0.000707609 0.00135378 -0.00148996 -0.00316916 -6.76682e-05 0.0107196 0.0128661 -0.00646563 0.000889927 -0.000332345 -0.00293041 -0.0035963 -0.00161322 -0.000691678 -0.00864343 0.0144672 0.000299788 0.00019027 0.00290348 0.0103835 -0.00745039 -0.00167893 -0.00151814 -0.00513868 -0.000761312 -0.0103504 -0.00141237 0.000330804 0.00163316 -0.00568635 -0.00991925 0.00466561 -0.0036551 0.00794598 0.0151053 0.000488524 
-0.0232159 -0.00157843 -0.00404012 -0.00743927 -0.00150157 -0.0287426 -0.00381816 -0.00580755 0.000954334 -0.0106227 0.0223936 0.00188649 -0.00528989 0.000461671 -0.000502897 -0.00679049 -0.00020728 -0.00354361 0.0083137 -0.0183183 -8.56461e-05 -0.00112 0.035295 -0.0210505 -0.0348677 0.000167537 0.00287018 0.106938 0.0140278 -0.0189265 0.00360362 -0.00272789 -0.00186979 0.000495771 -0.00179648 -0.000468699 -0.00154119 -0.0120812 0.000591198 0.00082423 -0.000826532 -0.00255109 0.0228049 0.0208729 0.00222507 0.00545004 0.023361 0.0138232 0.00128189 0.000575935 0.0118455 0.00385856 0.0107909 -0.00277119 -0.00202315 0.00284992 0.00424472 -0.0048188 -0.000299131 0.00129068 -0.000703418 -0.00379906 0.0016898 0.00232382 -0.00224429 -0.00264385 0.00299267 0.0133715 -0.00011384 -0.00692064 -0.0125329 -0.00248596 -0.00129948 0.0025287 -0.00804343 0.000389234 0.00483237 -0.0010416 0.0259892 -0.00982933 -0.00120402 0.000426203 0.000764465 -0.00174509 -0.0139305 -0.00312568 -0.00264926 0.00401635 -0.00118216 0.0193293 -0.00156955 -0.000798112 -0.000388842 -0.00635289 -0.0129724 -0.00755569 -0.0267755 -0.0104875 -0.0272688 -0.00184396 
0.00105338 -0.000188256 0.0030171 0.00188516 0.00292031 -0.0138495 -0.00247053 -0.000935399 -0.00142543 -0.00987597 0.0107262 1.95681e-05 0.00058664 -0.00457587 0.00135225 -0.00314072 -0.000166881 -0.00139685 -0.003084 0.000444278 0.00524966 -0.00147391 0.00551647 -0.0183654 -0.0192248 -7.30734e-06 0.00465599 0.0140278 0.0615779 -0.0173189 0.00211776 0.00326034 -0.000828911 -0.00123847 0.00155522 -0.000541164 0.000705254 -0.00255911 0.0013814 0.00119839 -0.00362473 -0.00228079 0.00297099 0.00697453 0.00724758 0.000616841 -0.00350462 0.000399686 0.00186262 -0.0014216 0.0013106 0.00123195 0.00250693 -0.00248507 -0.000174747 0.00130101 0.003206 -0.00166157 0.000723135 0.00591888 0.000115761 -0.0017821 0.00232526 0.00902501 -0.00132278 -0.00664354 0.000492703 0.00333362 0.000306704 -0.0187062 0.000148563 -0.00330361 -0.000220231 0.00729817 -0.00123669 -6.45244e-05 0.00534618 -0.000631674 0.00507338 0.00130084 -0.000399533 0.00451259 0.00260227 0.00682963 -0.00491907 -0.00266533 0.000136887 0.00648678 -0.00108746 -0.00166765 -0.00100254 -0.000446909 0.0017745 -0.00507921 -0.0203934 -0.00385801 -0.0121603 -0.00889755 -0.00252204 0.000200132 
0.0456664 -0.000775502 0.0056497 0.00391856 -0.00693579 0.0876326 -0.0314418 -0.0106018 -0.00745606 -0.00787622 -0.0430897 -0.0317475 0.00127847 0.0104672 -0.00305438 0.00968433 -0.00514691 -0.000837068 -0.00170481 0.00459425 -0.0120252 -0.033773 -0.0199304 0.061296 0.0825751 -0.00470303 -0.00357439 -0.0189265 -0.0173189 0.247808 -0.00661267 -0.00583591 0.000652539 0.0133449 -0.0037583 -0.00169094 -0.00545176 -0.00640857 -0.00342392 -0.00725624 -0.00934796 0.00593908 -0.0512241 -0.026613 -0.0150174 -0.0189962 -0.00650855 -0.0658512 -0.00784767 -0.010847 -0.0339316 -0.0096265 -0.0628198 -0.021131 0.00233664 -0.00599056 -0.0103337 0.00216279 -0.0255752 -0.0140329 0.00280718 -0.0153662 -0.016475 -0.0491011 -0.00932351 0.033564 -0.0147398 -0.025897 -0.00097107 0.0794911 -0.00918539 -0.0105146 -0.0176278 -0.0104932 0.0128013 -0.0160263 -0.0122295 -0.00518631 -0.0191964 0.0678851 -0.00710944 -0.00807616 0.00175411 0.0146937 0.0494718 -0.0148326 -0.00680965 -0.0274431 -0.00773492 -0.0483528 0.00787956 -0.00425935 -0.00689992 0.0112114 0.0423387 0.000404253 0.0276165 0.0773423 0.0513455 -0.0047106 
-0.00386641 0.000103822 6.90351e-05 -0.00154925 -6.66022e-05 -0.00533413 0.00124845 0.00154955 0.00223548 -0.00306984 0.000739191 0.00102996 -0.000674222 0.000308743 6.98226e-06 -0.00139052 8.07329e-06 -0.000885318 0.000115918 -0.00227364 0.00526628 0.00112409 0.00545682 -0.00593743 -0.00601618 0.000177394 0.000386566 0.00360362 0.00211776 -0.00661267 0.0168049 0.00152103 0.000286481 0.000354253 -7.44584e-05 4.26072e-05 0.000558422 -0.000764592 0.000106402 0.000193215 0.00133005 6.24774e-05 0.00397125 0.00442033 0.000163142 0.0022256 -0.000402426 0.00405668 -6.87415e-05 0.000492861 0.000771119 0.000562355 0.00134061 -0.000658201 -0.000200883 0.00152939 0.000464056 -7.84557e-05 0.00159652 0.000946492 -0.00021469 0.00022096 0.000540246 0.00184619 -0.000327817 -0.00623003 0.000693129 0.00175962 2.24677e-05 -0.00567331 -0.00109667 -0.00179213 -0.000821958 0.000926381 -0.000598053 -1.39149e-05 0.000779491 -0.00024906 0.000379152 -0.00308991 0.000379577 0.000934264 0.000172706 -0.000663343 -0.00511562 -0.000614809 0.000322071 0.00247049 -0.000102358 4.99522e-05 -0.000904553 0.000743071 0.000309795 6.95235e-06 -0.00484721 0.000155963 -0.00350882 -0.00339243 -0.00326317 0.000383354 
-0.00344298 -0.000705829 0.00235969 -0.00614704 0.00337267 -0.001324 0.00983384 -0.00435429 0.00754543 -0.0115222 -0.0116617 -0.0045153 0.00465459 0.000546132 0.00219436 0.0117033 -0.000960997 0.0154743 -0.00554973 0.00799341 0.0215501 0.00612468 -0.0132889 -0.00285528 0.0225068 0.00211226 -0.00139027 -0.00272789 0.00326034 -0.00583591 0.00152103 0.117299 0.00311699 -0.00564975 0.0039725 -0.000330457 0.0160207 0.0033728 0.00243656 -0.00180444 -0.00313564 -0.00421279 -0.0134131 -0.00350468 0.00123916 -0.000689495 -0.0182578 -0.016704 -0.000424592 -0.000175206 -0.0100155 -9.29941e-05 -0.00716033 -0.00321113 -4.36477e-05 0.000593809 -0.00270904 0.0104377 0.00352396 0.00742553 -0.00342699 -0.00243677 0.00415133 -0.00663064 -0.00210636 -0.00693895 -0.00119714 -0.00150066 0.000175518 -0.0276996 -0.00136985 0.0085239 0.00109956 -0.00162967 0.00897222 -0.0109559 -0.00561596 -0.00407263 -0.0138505 -0.0263741 0.00262173 -0.000420885 -0.000824984 -0.00374022 0.00862472 0.00163805 0.0024962 -0.00601411 0.0016799 -0.0244294 -0.00168679 0.00331761 -0.00135138 -0.00389897 -0.0220714 -0.00936355 0.0105238 -0.0127565 0.023086 0.00107873 
-0.000571561 0.00172269 0.00325342 0.00689913 0.00401309 -0.00735409 -0.00275841 -0.000635579 -0.00101828 -0.00430884 -0.00300122 -0.000308828 -0.000316432 -0.00206863 0.000378746 0.0045089 0.00108873 0.0010703 -0.00103326 -0.00241856 -0.00360365 -0.00374209 -0.00383567 -0.00915429 -0.00597315 -7.2342e-05 -0.00137132 -0.00186979 -0.000828911 0.000652539 0.000286481 0.00311699 0.0303311 0.000706405 0.00564437 3.33655e-05 2.12669e-05 -0.00111861 0.000538262 -0.000545926 -0.00113385 0.00204229 -0.00191889 -0.000945411 0.00182046 -0.000749811 -0.00475503 -0.00438532 -0.000200208 0.00255098 -0.000313966 0.00245806 -0.0010049 0.00432893 -6.61118e-05 0.000152249 6.25932e-05 -0.000647051 0.000321799 9.73061e-05 0.00154518 0.0028363 0.00276048 -0.00201647 0.000390264 -0.00960977 0.000916502 -0.00149706 1.0899e-05 -0.00831449 0.00789504 0.00369406 -0.000442664 0.00570558 0.000441317 0.00351148 -0.00106081 0.00458072 -0.00117425 -0.00864869 0.000125972 0.00207301 -0.000426248 -0.00127158 0.00308476 0.00460034 0.00174168 -0.00112551 0.000577154 -0.00254957 0.00185077 -0.000194706 0.000492261 4.08108e-05 -0.00495445 -0.00324167 -0.000704792 -0.00804146 0.00120294 0.00112615 
0.000973509 0.00118625 0.000881682 0.00765703 0.000384503 0.0130225 -0.0043129 0.00269562 0.001334 0.0131011 0.0100855 0.00568914 0.00739412 0.00261139 -0.00184976 -0.00171446 -0.000127999 -0.00415622 -0.00113989 -0.00680771 -0.00978988 -0.00662702 -0.00917097 -0.0212117 0.00605485 -0.00294774 -0.00389306 0.000495771 -0.00123847 0.0133449 0.000354253 -0.00564975 0.000706405 0.100458 -0.00136308 0.000276558 -0.00285969 -0.0132744 -0.000402822 -0.00118717 -0.00205135 -0.00385519 -0.0159013 0.00379879 0.000215293 -0.00338711 -0.00547602 0.000553613 -0.00132179 -0.0039259 -0.00916007 0.000838995 -0.0151647 -0.000201756 0.000747349 -0.00164737 -0.00188968 -0.00410767 -0.0049413 -0.00364871 0.00205626 -0.00220423 -7.43946e-05 -0.00513328 -0.00404862 0.0220991 -0.00458083 0.000334763 -1.93166e-05 -0.0126381 -0.00499298 0.0133242 -0.00607209 -0.00236413 -0.00380661 -0.00607624 0.00220896 -0.0011683 0.00892558 -0.00017785 -0.000555541 -0.000462951 -0.00126276 0.00212269 0.0187374 -0.00450899 -0.000268665 -0.00224756 -0.00256982 -0.00601376 -0.00145761 -0.002444 -0.00237359 -0.00778951 0.00230367 0.00548478 -0.00640215 -0.00946853 0.0072863 -0.0021583 
