0.0516558 -0.000164619 0.00016164 0.00216643 -0.00038394 0.00113368 -7.83661e-05 -0.00470566 0.00604472 -0.000698323 -0.00425721 0.000814688 -0.00172968 -0.00137872 -0.00144094 -0.00480066 -0.000848115 -0.00105739 -0.00195947 -0.000101182 -0.00226428 0.00263622 -0.00217345 -0.00866745 -0.000222388 -0.000820678 0.00468807 -0.00191844 0.00443868 -0.000243581 2.31529e-05 -0.000539778 -0.00118138 -0.000364008 0.000458149 -0.000409949 0.00828395 0.0037795 -0.00101289 0.00119494 -0.00606155 -0.000557104 0.00246063 0.000399911 0.000899258 -0.000364975 3.06821e-06 -0.00233719 -0.00146681 0.00305877 -0.00315862 0.000664657 -0.000426743 -0.000826002 0.000574437 -0.00504436 -0.000431519 -0.000220396 0.00283515 -0.00459122 -7.61604e-06 -0.00281836 -0.00229004 -0.00239302 -6.03189e-05 -0.000616604 -0.000792731 7.08532e-05 0.000640882 0.00101293 0.00425389 -0.00148634 -0.00111563 -0.000150012 2.96093e-05 0.000549375 -0.00567038 0.0044233 -0.000163772 -0.00522751 -0.00259301 -0.0100445 0.000354389 -0.0051073 9.97201e-05 0.00221559 -0.00647262 -0.00114384 -0.000716732 0.000603143 -0.00269316 -0.00105109 -0.000494116 -9.34542e-05 0.00230667 -0.000413951 0.00857934 -0.000443783 0.000910745 -0.00145706 
-0.000164619 0.014283 -0.000377556 0.000240467 -0.000108399 0.00500095 0.000324842 0.00224871 -0.000871364 0.00283212 0.00776161 -0.000508861 0.00160371 0.00218446 0.00285398 -0.0010355 0.000325088 0.00084628 8.62164e-05 0.000225661 0.00237527 -0.000621709 0.000365795 -0.00176659 0.00142176 -0.000405503 -0.00444562 0.00212662 -0.000787606 0.00160967 0.000517633 -0.00105056 -0.000666962 -0.000875711 -7.98977e-05 -0.000189566 -0.00465756 -0.0010925 -0.00023492 -0.000402041 0.00475908 0.000442547 -0.00496549 -0.000427844 -0.000198523 -0.000668806 3.31371e-05 0.00293024 0.000821439 -0.000455268 0.000199502 0.000607311 -0.000138225 0.000503811 -0.00471554 -0.000546967 0.000804928 0.000642366 -0.00290977 -0.00157472 0.00275199 -0.000601384 -0.000302549 6.22882e-06 -6.59708e-05 -8.65885e-05 -0.000503035 -4.35622e-05 -9.54766e-05 -0.000137333 -0.00279946 -0.000733708 -5.64821e-05 0.000126975 0.000150016 -0.000364165 -0.00455278 -0.00138876 -0.000342433 3.19394e-05 -6.58108e-05 -0.00416094 -0.000709746 0.00304996 -9.77967e-05 0.00120772 -0.00255029 0.00250111 -0.00503408 0.000331655 -0.00533408 -0.00145052 -0.000102653 0.00160526 -0.00145095 -0.000146809 -0.000814228 -0.000982127 0.00149707 -0.00232015 
0.00016164 -0.000377556 0.160213 -4.35168e-05 -0.00145935 0.0188461 0.000829115 0.0267707 -0.0248948 0.0287938 0.0426749 -0.0107753 0.0462012 -0.00799388 0.0100481 -0.017896 0.000451783 -0.0122217 -0.00851842 -0.000115797 0.00183643 -0.00908435 -0.00563322 0.0256524 0.000719798 -0.00496305 -0.0343543 0.0070211 -0.0043468 -0.0021605 -0.00245334 0.00192806 -0.0116978 -0.0136529 -0.00285837 -0.00358133 -0.00694274 -0.0129902 -0.00648788 0.00352432 -0.000909684 -0.00390848 0.0226482 0.00760844 -0.00119904 0.000632526 -3.04334e-05 0.00122326 -0.00241733 0.00247693 -0.00493655 -0.00167404 -0.00872742 -0.000266802 -0.037289 0.027108 0.0243621 -0.00102466 0.0163326 -0.0229773 0.0161952 -0.00308771 -0.0067179 -0.00496327 -0.00241262 -0.00472358 0.00341269 0.00703969 -0.00138618 -0.00175305 0.0124498 0.00204738 0.000238054 0.00045768 0.000242192 -0.00565659 -0.0135884 0.0269422 -0.000522494 0.00339656 -0.00949738 -0.035121 0.00324962 0.0269975 -0.000756549 -0.0057048 -0.0351541 -0.000467231 -0.0558491 0.00294865 -0.0601793 -0.0213093 -0.0031532 -0.009313 -0.0227161 -0.00666009 -0.00985663 -0.0138204 0.0227411 0.0188105 
0.00216643 0.000240467 -4.35168e-05 0.0343037 -0.000151387 -0.000240028 -3.05499e-05 -0.00227511 -0.00588208 -0.00145617 -0.00016981 -0.00206081 -0.000936744 0.000171494 0.00143452 -0.000193308 0.000673553 -0.00208989 0.00105101 0.000139691 -0.00111206 -8.74262e-05 -0.000178562 0.000412605 0.00150051 -0.000338146 -0.000394047 -0.000919914 -0.000770358 6.63726e-05 0.0017193 -0.00209104 -0.000756065 0.000850362 0.00144364 0.00019813 -0.00321837 0.00361032 -0.000213347 -0.000624743 -0.00300336 -0.00103603 0.00200022 0.0013077 0.000448452 0.000775947 0.000124114 0.00799116 0.000807748 0.0005202 -0.000654015 -0.000111351 0.000956757 -0.000415398 -0.00517764 -0.0061441 -0.000959536 -0.000387934 0.00101663 -0.00647007 -0.00466239 0.00369815 0.00125201 0.0056941 0.000833548 -0.00068417 -0.000185923 0.00145154 0.00022173 0.000377583 0.0123093 0.00196817 -0.000542262 -0.000289114 -5.17738e-05 0.000674837 -0.012042 -0.00243982 0.0027432 -0.00622583 -0.00168148 -0.00381709 -0.000502734 -0.00184767 0.00107176 0.00189909 -0.0011157 0.000612529 -0.00577817 0.000391235 -0.00801192 -0.00270138 0.00101903 0.00111625 -0.00591684 -0.000604743 0.00646567 -0.000475293 -0.0001923 0.000630742 
-0.00038394 -0.000108399 -0.00145935 -0.000151387 0.0128064 -0.000453807 0.000101789 -0.00116579 -0.000824685 -3.3585e-05 -0.00126453 -0.000238899 0.00056813 0.000112026 -0.000620764 0.000368578 0.000141717 0.00231217 -0.00040497 0.000115633 -0.000429446 -0.000564022 0.000435238 -0.0018105 -0.000129597 -3.7742e-05 -0.000588605 0.000366032 -0.000209248 -1.50709e-06 0.000701772 0.000282773 -0.000272938 0.00170363 0.000668273 9.93e-06 -0.00123038 0.000788382 -0.000512609 -0.000513053 -0.000408752 0.000468941 -0.00145552 0.000321839 -6.80722e-05 -5.01081e-05 3.63812e-05 -0.000821427 -0.000186793 0.000252666 -0.000204701 0.00047758 0.00105679 -2.90815e-05 -0.000441302 -0.00120843 -0.000351722 -4.98143e-05 -0.000992444 -0.00108266 -0.0034164 -0.00177782 -0.000287604 0.000285738 9.04448e-05 -1.05149e-05 0.00015896 1.13131e-05 0.000393959 0.000582382 -0.000414306 -0.000328845 0.000316518 0.000116897 6.57488e-05 1.20204e-05 0.00223989 -0.00284983 -0.00024922 -0.00066267 0.000189143 0.000264041 -0.000536378 -0.000153143 -1.56545e-05 0.000241049 0.00153382 0.000471172 -8.7735e-05 2.46507e-06 -0.000160494 0.00101018 0.00030844 -0.000405317 -0.00055641 0.00025953 -0.000509184 0.00169744 4.41865e-05 -0.00120994 
0.00113368 0.00500095 0.0188461 -0.000240028 -0.000453807 0.205192 0.00172029 0.0227355 0.0178586 0.0280136 0.0512699 -0.012126 0.00724675 0.00168411 0.0408665 -0.00786688 -0.00475181 0.00402845 0.0138904 0.00259487 0.0084429 0.00417703 -0.00904917 0.0596859 0.00219031 -0.000269312 -0.0258755 -0.00911457 -0.00648342 0.00146128 -0.00445981 -0.0254692 -0.0021089 0.0005754 -0.00326659 -0.00367487 0.0227853 -0.0303025 0.00459498 0.00478321 0.0169777 -0.000689146 0.00893363 -0.013705 0.00156742 -0.00901414 -0.000314291 0.0272972 0.00331206 -0.00214311 0.00327061 -0.00495157 -0.00369544 0.00601095 -0.059819 0.0225504 -0.00260712 -0.00201785 0.00859694 -0.0289298 0.0693526 -0.00610144 0.00473937 -0.00368302 -0.00341492 0.00930269 -0.000769955 -0.00632979 -0.000272074 -0.00543913 -0.0263764 -0.0127771 -0.00519279 0.00116699 -0.000745279 -0.00783759 -0.0335081 0.0195459 0.00749829 -0.0270266 -0.0111505 -0.0623723 -0.0102434 0.0313192 -0.00153957 -0.00321297 -0.0221873 -0.00288863 -0.041825 -0.00243626 -0.0429676 -0.0192262 -0.00311919 -0.00329959 -0.0407029 -0.00284972 -0.0168901 -0.0173804 -0.0196935 -0.0353613 
-7.83661e-05 0.000324842 0.000829115 -3.05499e-05 0.000101789 0.00172029 0.0155245 -0.000879754 0.000631142 0.00379513 -0.000886002 0.000654161 0.00193499 0.000343858 0.0022149 0.00163199 0.00159377 -0.000258612 0.00113742 0.000428179 5.97308e-05 -0.000953862 0.000477267 -0.00123956 0.000773861 -0.000497815 -0.00449755 -0.000108988 -0.000469191 0.000127505 0.000290955 0.000664722 -0.000174511 0.00199167 0.000136914 -0.000342243 -0.00438928 -0.00127785 -0.000287384 -0.000178705 -0.00128375 0.000112137 -0.00434373 0.000179515 1.82031e-05 -0.000781227 0.000110269 0.00430397 0.00221346 -0.000414582 0.00053563 0.00106868 -0.00024116 0.00026141 -0.00252697 -0.000600077 -6.71541e-05 0.000106744 -0.00514088 -0.00127533 -0.00126557 -0.00111492 0.000121051 0.000629353 0.00133162 -0.000349888 -9.55802e-05 2.98145e-05 0.00060165 0.00011063 -8.93077e-05 0.000291298 0.000163362 0.000734244 0.000870979 8.51502e-06 -0.00320686 -0.00344086 0.000265884 -0.00274387 -0.000470006 -0.00252426 0.000208845 -0.000781378 -5.9382e-05 0.00172127 0.000507828 -0.000678843 -0.00346729 0.000218233 -0.0029101 -0.000350045 0.000146793 0.00218611 -0.00233194 0.00188284 -0.000760186 8.72307e-05 0.0016312 -0.000182113 
-0.00470566 0.00224871 0.0267707 -0.00227511 -0.00116579 0.0227355 -0.000879754 0.242905 -0.0137515 0.0228385 0.0146486 -0.0010779 0.0528093 0.0025486 0.0101236 -0.0184065 0.0026845 -0.00315103 -0.014785 0.000853011 0.00103034 -0.0206039 -0.0153149 -0.0210457 -0.00728511 0.00556426 -0.0197272 -0.0119302 -0.00768392 -0.00161129 -0.000303073 0.0168947 -0.0188578 -0.0258373 -0.000690532 0.00582327 -0.0461511 0.0215634 -0.00926134 0.00263345 0.0326184 -0.0115491 0.0294267 -0.000173296 -0.000981947 0.00131013 -0.000161506 0.0161061 0.00264463 -0.0115075 -0.0125228 -0.00416159 -0.00510061 0.00336525 0.0162576 0.0387709 0.0131238 0.00613113 0.0286726 -0.0167455 0.0243294 -0.0403351 -0.00454089 -0.00876266 -0.00257431 0.00293614 -0.0101336 -0.00146723 -0.00115794 -0.00292568 -0.0388298 -0.0232652 0.000571334 0.000497474 0.00012062 0.000107702 0.0492929 0.0152934 -0.00688703 0.0213753 -0.00877088 -0.0299405 -0.0153359 0.0136899 -0.00105489 -0.0107126 -0.0368269 -0.0017725 -0.0942837 -0.00538202 -0.046969 0.0131541 -0.00489971 0.00190487 -0.0115253 -0.0107562 -0.00379532 -0.0105059 -0.00619473 -0.0173642 
0.00604472 -0.000871364 -0.0248948 -0.00588208 -0.000824685 0.0178586 0.000631142 -0.0137515 0.194395 -0.0135868 -0.0167426 0.00833246 -0.00934509 -0.00889998 -0.0128067 -0.00472792 -0.00460912 0.0146178 -0.00446986 0.000528713 -0.00920655 0.00280062 -0.000594402 -0.0298707 -0.00147622 0.000203245 0.00813614 -0.0055355 0.00804653 -0.00161758 -0.00435388 -0.00757692 -0.000843749 0.00224063 -0.00328859 -0.000539712 0.0333856 -0.0211363 -0.00467254 0.0067081 0.0080479 0.00281067 -0.0196598 -0.0120859 0.000603026 -0.00613011 -0.000253578 -0.026662 -0.00079988 -0.0134911 0.000213029 -0.00230228 -0.00993256 0.00520242 0.0279004 0.00311537 -0.017418 -0.00110065 -0.0106644 0.0140888 0.0162279 -0.011921 -0.00887231 -0.00669701 -0.0033533 -0.000662638 -0.00390002 -0.00364336 -0.000766884 -0.00352732 -0.0485174 -0.00714661 -0.00349883 0.000376825 -0.00051321 -0.0120815 0.0398999 -0.00638616 -0.00688539 0.0052441 0.00202746 -0.00690794 -0.0050658 -0.00437001 -0.00119538 -0.0110409 -0.0210985 -0.00471892 0.0160895 -0.00285229 0.0527283 0.00987267 -0.00322006 -0.00336575 0.0166527 0.00813301 -0.0102217 0.0079424 -0.00362879 -0.00242134 
-0.000698323 0.00283212 0.0287938 -0.00145617 -3.3585e-05 0.0280136 0.00379513 0.0228385 -0.0135868 0.152588 0.0491634 -0.0096624 0.00846909 -0.000629852 0.012601 -0.00078768 -0.00131302 0.00558984 0.00148425 -0.000195011 0.00757415 -0.00978447 -0.00149971 0.025301 0.00310176 -0.00506302 -0.0354357 0.0147969 -0.0123743 -0.000706702 -0.00359963 -0.017254 -0.0108267 -0.00418473 -0.00135789 -0.00192896 -0.0195666 -0.02354 -0.00773814 0.0051874 0.0321136 -0.00183778 -0.0201076 -0.00955238 -0.000714926 0.00692567 -1.78881e-05 0.00505713 0.013266 -0.00645303 0.000245481 -0.00218059 -0.0062552 0.00369973 -0.0366708 0.0359976 0.00395233 -0.000384611 -0.00603572 -0.0103241 0.0290761 -0.01421 0.00159577 0.00100842 -0.00232768 -0.00128366 -0.00164692 -0.00190326 -0.00374115 -0.00191071 -0.0302763 -0.00872263 0.00130271 1.56993e-05 0.00104969 -0.00646328 -0.0172661 -0.000339006 0.000527114 0.0333188 -0.00990618 -0.0414726 -0.00583309 0.0478146 -0.00037771 -0.00209323 0.00607378 -0.00279727 -0.0586688 -0.00110386 -0.0554441 -0.00156063 -0.00167257 -0.0046957 -0.0149035 -0.00073833 -0.00766476 -0.0102563 0.025867 -0.0279999 
-0.00425721 0.00776161 0.0426749 -0.00016981 -0.00126453 0.0512699 -0.000886002 0.0146486 -0.0167426 0.0491634 0.191425 -0.0134703 0.0114015 0.0134455 0.0214975 -0.0177178 -0.000696793 -0.00208006 -0.000820669 0.000660488 0.0159434 -0.00918778 0.000301456 0.0393277 0.0138786 0.00173121 -0.0562195 0.0137322 -0.00856315 0.00303305 -0.00104141 -0.0270846 -0.00835189 -0.0125445 -0.000986935 -0.00415237 -0.00900939 -0.0188053 -0.00172441 0.00431691 0.0439472 -0.00124744 -0.0278369 -0.0106105 -0.000584171 0.00565229 -0.000191354 0.00934993 0.0017448 -0.00453173 -3.90412e-05 -0.00217884 -0.00149198 0.0053428 -0.0768595 0.00346195 0.00214856 0.00158536 -0.0104444 -0.0088543 0.0604355 0.0208279 -0.000659895 -0.00517973 -0.00286723 0.00411292 -0.00882112 -0.00324832 -0.00435477 -0.00395008 -0.0266811 0.0026418 -0.00347697 -0.00126148 -0.000257528 -0.00482745 -0.044567 0.0383888 -0.00279059 0.0298528 -0.00768287 -0.0346271 -0.000745833 0.0618288 -0.00123865 -0.00318924 -0.0284434 0.00227549 -0.0617489 -9.71101e-06 -0.0663584 -0.0158145 -0.00381843 -0.0115999 -0.0202371 -0.00698503 -0.0147962 -0.0210963 0.00822128 -0.0260494 
0.000814688 -0.000508861 -0.0107753 -0.00206081 -0.000238899 -0.012126 0.000654161 -0.0010779 0.00833246 -0.0096624 -0.0134703 0.0662997 -0.00215888 0.000962591 -0.00373592 -0.000992582 -0.000440756 -0.00194735 -0.00150487 3.92507e-05 -0.00228253 0.00593991 0.00201045 -0.0122908 -0.00233708 -0.00192885 0.00573239 -0.00397592 -0.00241563 7.79388e-05 0.00013749 0.00414667 0.00983836 0.00845813 0.00023018 0.00244025 -0.00300212 -0.00102038 0.00237009 -0.00118776 -0.00384283 -0.000946645 -0.0107334 -0.00246652 -0.00103011 -0.00518931 0.000138351 -0.00748549 -0.000191834 -0.00129818 0.00747125 0.00150506 3.81419e-05 -0.00130093 0.0148328 -0.00774546 -0.00552537 -0.000405504 -0.00896194 0.00615351 -0.0020131 -0.0111355 -0.00165991 -0.00314289 -0.000418789 0.000196798 -0.00275699 -0.000393641 0.000136132 -0.000573106 -0.00263597 -0.00105765 0.000615093 0.000306984 -8.92497e-05 0.000215385 -0.00551173 0.000394071 -0.000714792 -0.00885266 -4.0336e-05 -0.000724039 0.00113192 -0.00980168 0.000174843 -0.00237599 -0.00245809 0.000398599 0.0178889 -7.21265e-05 0.0205988 0.00974311 -0.000286477 0.00875001 0.000395315 0.00159771 -0.00479648 0.0126038 -0.00834811 -0.00564652 
-0.00172968 0.00160371 0.0462012 -0.000936744 0.00056813 0.00724675 0.00193499 0.0528093 -0.00934509 0.00846909 0.0114015 -0.00215888 0.157102 -0.00162677 0.00329205 -0.0086308 0.00598057 -0.00733135 -0.00902212 0.000449214 0.00638349 -0.0108933 -0.00872029 -0.0298854 0.00140338 0.00391189 -0.0389943 -0.00825057 -0.0041055 -0.00185086 -0.00131671 0.0163386 -0.00589993 -0.0159648 -5.78023e-05 0.000781459 -0.0207104 -0.00440413 -0.00663586 0.000420505 0.00524408 -0.00513153 0.0184229 0.0233311 0.00231495 0.00867381 -3.15745e-05 0.0133526 -0.000216149 -0.000925189 -0.00176304 -0.001906 0.000287829 0.00298842 -0.00941965 -0.0062172 0.0110896 0.000512538 0.0109345 -0.0185362 0.0032258 -0.0219196 -0.00328753 0.00153806 0.0012102 0.00308839 -0.0031758 0.00568654 -0.00268232 -0.000531038 -0.00109562 -0.0119495 -0.00199987 0.00306472 0.000160408 -0.00817385 0.0046851 0.0158895 -0.000710827 -0.0129718 -0.00744392 -0.0203111 0.00154913 0.00550903 -0.000739281 -0.00772836 -0.0454433 0.0132599 -0.0561654 -0.000515716 -0.0436638 0.000745567 -0.00297769 -0.00257584 -0.0122876 -0.00443211 -0.00112014 -0.000507148 0.0182945 0.0156704 
-0.00137872 0.00218446 -0.00799388 0.000171494 0.000112026 0.00168411 0.000343858 0.0025486 -0.00889998 -0.000629852 0.0134455 0.000962591 -0.00162677 0.0642672 0.00169471 0.00267777 0.000129304 0.000717245 -0.00013236 4.14194e-05 0.00951305 0.00240168 0.00336193 -0.00162732 0.0120662 0.00207638 -0.0165218 0.00262821 -0.00470454 0.00517415 0.000516569 0.000798565 0.000671163 0.00203227 0.00414059 0.0005599 -0.0163064 0.00283306 6.91151e-05 -0.00217273 0.0115028 -9.24255e-05 -0.0149081 -0.0016219 -0.00130581 -0.0024383 0.000191177 -0.000133875 -0.00127096 -0.00304695 -0.000287067 0.00280041 0.00275229 0.00168114 -0.0105064 -0.0123798 -0.00214479 0.000691371 -0.018563 -0.00865706 0.00833546 0.00619102 0.000297293 0.00103624 0.00176153 0.0027856 -0.0020731 3.71268e-05 0.000156516 0.00119527 -0.00524044 0.00320099 -0.000306855 -4.42911e-05 0.000255802 0.00182257 -0.0145917 -0.00685551 -0.000115483 4.36418e-05 0.00020278 -0.00346891 0.000389107 0.00575825 0.000199524 0.00239733 -0.00875737 0.010522 -0.0104627 0.00126791 -0.010145 0.00160018 0.0017783 -0.0033565 0.000866582 -0.00127787 -0.00416408 0.00439798 -0.00250568 -0.00322489 
-0.00144094 0.00285398 0.0100481 0.00143452 -0.000620764 0.0408665 0.0022149 0.0101236 -0.0128067 0.012601 0.0214975 -0.00373592 0.00329205 0.00169471 0.093133 0.00387872 -0.000439229 -0.00168253 0.00856693 0.000425665 0.00355368 0.0025883 -0.000667945 0.0139262 -0.00275052 -0.000167317 -0.0239209 -0.00637901 -0.00297804 0.000834293 0.000427555 -0.00730533 -0.000258516 0.00204509 -9.15575e-05 -0.00254592 -0.00354425 -0.0114645 0.00248201 -0.00302955 0.0169834 -0.00155087 -0.000361984 -0.0043354 -0.000398533 0.00509808 1.45106e-05 0.0207925 0.00740971 -0.000182006 0.00241087 -0.000124114 0.00533004 0.000786562 -0.0334768 0.0187254 -0.00164802 0.000183791 2.65742e-05 -0.00752701 0.0288156 -0.00499862 0.000453363 -0.00220001 -0.000379715 0.00545339 -0.00114371 -0.00296 -0.00119839 -0.000991586 -0.0063103 -0.00213629 0.000332162 -0.000209764 -0.00018369 0.000556255 -0.0348623 -0.000776732 0.00428309 -0.0141551 -0.00443362 -0.0140519 -0.00320021 0.0083616 -0.000233005 -2.48446e-05 -0.0124361 -0.00379021 -0.0274887 -0.00119762 -0.0337426 -0.00319167 -0.000221601 0.00264545 -0.0205958 -0.000406062 -0.00355983 -0.00890887 -0.00680056 -0.0149272 
-0.00480066 -0.0010355 -0.017896 -0.000193308 0.000368578 -0.00786688 0.00163199 -0.0184065 -0.00472792 -0.00078768 -0.0177178 -0.000992582 -0.0086308 0.00267777 0.00387872 0.113917 0.0023829 -0.00070724 0.0126466 -8.63724e-05 -0.00556489 0.00185679 0.00412102 0.010799 -0.0001803 -0.00157406 -0.0212857 -0.00723239 -0.00454086 0.0001256 0.00186111 0.0141982 -0.00224944 0.0189281 0.000806558 -0.00260449 -0.0259606 0.0155122 -0.000316101 -0.00604509 -0.00573881 0.00469856 -0.0333277 0.00128728 -0.00074675 -0.00392454 4.49664e-05 0.0112148 -0.00233112 -0.00322966 0.0057617 0.00093087 -1.3521e-05 -0.00231458 -0.00758485 -0.00789922 -0.0087302 -0.000191507 -0.0165055 0.00321272 -0.0196121 0.00854342 0.0112178 0.0163745 0.0016768 -0.00363531 0.00678203 0.00452163 -0.000145267 0.00100527 0.0136473 -0.00219078 0.00230343 0.000220836 0.000568774 -0.0075344 -0.0152705 -0.0377778 0.00309748 -0.0147697 0.00586553 0.0229327 0.0044432 -0.00842529 0.00178328 0.00550716 0.0142766 0.00836502 0.00128783 0.00213323 -0.00727206 0.00585778 0.00296125 -0.00546287 -0.00947972 0.000144227 -0.0135789 0.00125792 0.00879743 0.0106606 
-0.000848115 0.000325088 0.000451783 0.000673553 0.000141717 -0.00475181 0.00159377 0.0026845 -0.00460912 -0.00131302 -0.000696793 -0.000440756 0.00598057 0.000129304 -0.000439229 0.0023829 0.0323789 -0.000407863 0.000813189 0.000141136 -0.000791608 -0.00246055 -0.000549849 -0.00800135 -0.000305552 0.0004312 -0.00516258 -0.00123416 0.00135886 -9.92126e-05 0.00129488 0.00396302 -0.0014736 -0.00212274 0.00015166 -4.87068e-05 -0.0124615 0.00458445 -0.00124353 -0.000357302 -0.0011906 0.000481905 -0.00625968 0.00241815 -0.00058507 4.54764e-05 0.00016086 0.00106592 6.19026e-05 0.000233997 -0.00077787 0.00580186 0.00207463 0.000418942 0.00147333 -0.00813232 -0.00243775 0.00153584 -0.00629536 0.00173911 -0.00646924 0.00104238 0.000549093 0.00291936 0.0014339 -0.00038146 0.000254232 -5.86721e-06 -0.000201188 0.000696325 -0.00205553 -0.00193397 0.00133537 0.00029324 0.000596228 0.00275398 -0.00153125 -0.00752849 -0.000819567 -0.00366041 0.00132203 0.00648749 -0.000455669 -0.0039745 0.000160073 0.00399778 -0.00334198 0.00310022 -0.00530485 0.000234227 -0.00120497 -0.0012058 8.50676e-05 0.000615575 -0.00107807 1.45611e-05 0.00981909 0.000727861 0.00145956 -0.000239695 
-0.00105739 0.00084628 -0.0122217 -0.00208989 0.00231217 0.00402845 -0.000258612 -0.00315103 0.0146178 0.00558984 -0.00208006 -0.00194735 -0.00733135 0.000717245 -0.00168253 -0.00070724 -0.000407863 0.0802075 -0.000325912 0.00152773 -0.00309992 -0.00204119 0.00749937 -0.0085426 -0.00166329 -0.000585152 -0.00180432 -0.0035462 -0.00212036 -6.84546e-05 -0.00141714 -0.00479025 -0.00318685 -0.001041 -0.000191027 -0.0018441 -0.000771009 -0.00459301 -0.00252124 0.00150302 0.00991862 0.00761442 -0.0253203 -0.00445755 -0.00165703 -0.00121012 -7.93201e-05 -0.0117577 -0.000439295 -0.00123586 -0.00607004 -0.00064431 -0.00421489 -0.000943207 -0.00529769 0.0139023 -0.00647147 -0.000394323 -0.0163381 0.0105249 -0.0102648 -0.00435889 0.0020123 0.000361279 -0.00144001 -0.000386114 0.00326413 -0.00167496 0.00159479 0.000345839 -0.0262066 -0.00538952 -0.000812824 -0.000588551 -0.000255055 0.00291855 0.0203871 -0.0269869 -0.00233444 0.00572409 0.0122376 0.0110824 -0.00242499 0.00821352 1.80831e-05 -0.00313617 0.0158055 0.00200676 -0.00343475 -0.00102532 0.0119399 0.00630627 -0.00115094 -0.00140229 0.0039516 -0.000227345 -0.00423514 0.0100622 -0.00807819 -0.00960839 
-0.00195947 8.62164e-05 -0.00851842 0.00105101 -0.00040497 0.0138904 0.00113742 -0.014785 -0.00446986 0.00148425 -0.000820669 -0.00150487 -0.00902212 -0.00013236 0.00856693 0.0126466 0.000813189 -0.000325912 0.0684176 0.000754601 -0.00287797 -0.000294972 0.0027812 0.0103629 0.000587469 -0.00163596 -0.00138858 -0.00406833 -0.00411107 0.000235023 -0.000946546 -0.00604132 0.000600689 0.010166 -0.000593847 -0.000153141 -0.0106829 -0.00418521 0.00282435 -0.00141578 -0.00893262 -0.000382176 -0.00378315 -0.00323192 7.61984e-05 0.000816934 -8.20321e-05 0.0102583 -0.0006165 -0.00374638 0.00444538 -0.000876935 0.0057931 -0.0011157 -0.0145815 0.00280844 -0.00138105 0.000457877 -0.00784812 0.00636667 0.0123031 0.0162352 0.0128057 0.0138021 0.00162362 0.00349868 0.00802481 -0.000694792 -0.000723466 -0.000674689 -0.00692664 -0.00110194 -0.00076117 0.000716739 -0.000139929 0.00102906 -0.019561 -0.0160426 0.00722386 -0.0185425 0.00353804 -0.00265882 -0.000920312 -0.00853776 -0.000141458 0.0032632 0.00993435 -0.000842803 -0.00231487 -0.00128548 -0.00424762 -0.00936571 -0.000429749 -0.00220529 -0.00818388 -1.07679e-05 -0.00440436 -0.00432195 -0.00347519 -0.0159952 
-0.000101182 0.000225661 -0.000115797 0.000139691 0.000115633 0.00259487 0.000428179 0.000853011 0.000528713 -0.000195011 0.000660488 3.92507e-05 0.000449214 4.14194e-05 0.000425665 -8.63724e-05 0.000141136 0.00152773 0.000754601 0.0130032 0.000956103 -0.00065655 -1.96662e-05 0.0016834 0.000293358 0.000214986 -0.00149197 -0.000157579 -0.000235177 0.000125123 0.000256156 -0.000572551 -0.000201114 0.00119311 -0.00018398 -0.000118066 -0.000976733 -0.000344101 -0.00033628 -0.000450685 0.000152088 -9.35985e-05 -0.00234664 -0.000295422 0.000434559 0.000584961 9.73959e-06 0.000588446 -0.000114184 -0.000443039 -0.000360451 -5.79414e-06 -0.000278414 0.00226982 -0.00165028 0.00325267 -0.000509263 0.000103955 -0.00239364 -0.00187285 -0.00122454 -0.000551436 -0.000530926 0.000207067 5.69902e-05 -4.83102e-05 -0.000169377 -0.000171459 -0.000136137 2.8664e-06 -0.00305055 -0.000286404 -0.000199531 0.000262591 2.04041e-05 -0.000824227 0.000899925 -0.00225313 0.000159895 -0.00116151 0.00146094 -0.00192792 -0.000326663 0.00228717 0.000151649 0.000163642 -0.000362328 -0.00017266 -0.00369641 -9.56206e-05 -0.00183218 -0.000429069 -0.000162355 -6.3771e-05 -0.00106729 -0.000142026 -0.000766298 1.89747e-05 -0.000853901 -0.000626673 
-0.00226428 0.00237527 0.00183643 -0.00111206 -0.000429446 0.0084429 5.97308e-05 0.00103034 -0.00920655 0.00757415 0.0159434 -0.00228253 0.00638349 0.00951305 0.00355368 -0.00556489 -0.000791608 -0.00309992 -0.00287797 0.000956103 0.0571854 0.00108612 -0.00114107 0.00887322 0.00340489 0.00403949 -0.0132287 0.0032914 -0.00193477 0.00141612 -0.000738187 -0.000513579 -0.000417711 -0.00323341 0.00108463 -0.000481188 -0.00312723 -0.00953128 0.00186631 0.00091738 0.00203802 -0.00186646 -0.00532094 0.000302386 -0.000882074 -0.00309036 -1.31135e-05 0.00421461 0.0023111 0.00099108 0.00481129 -0.000726053 0.00030072 0.00513364 -0.0185082 -0.0137693 0.00363899 -0.000443265 -0.00447055 -0.00935453 0.0163419 0.000366606 -0.00197101 -0.00283904 1.66357e-05 3.65395e-05 -0.00204617 -0.00133085 -0.000673685 -0.00102037 -0.00762221 0.00238499 -0.000950649 0.0010696 0.000176204 -0.000719305 -0.0207521 0.00632053 -0.000747828 0.00409125 -0.00303901 -0.01172 0.00400284 0.00941189 -0.000225031 -0.000933848 -0.0122658 -0.000462687 -0.00929512 0.0022808 -0.013464 0.00436792 -0.000216219 -0.00459295 0.00271109 0.000230687 -0.00659682 -0.000869213 0.00579415 0.000596086 
0.00263622 -0.000621709 -0.00908435 -8.74262e-05 -0.000564022 0.00417703 -0.000953862 -0.0206039 0.00280062 -0.00978447 -0.00918778 0.00593991 -0.0108933 0.00240168 0.0025883 0.00185679 -0.00246055 -0.00204119 -0.000294972 -0.00065655 0.00108612 0.105306 0.00548475 0.00855259 0.00128346 -0.00155314 0.0118248 -0.000661751 0.00989547 0.00039749 -0.00127312 -0.00831128 0.00480648 -0.000224572 -0.00102411 0.000696695 0.0181961 -0.0154935 0.00458784 0.00423041 -0.00728467 -0.0021216 0.00758814 -0.00393256 -0.00245425 -0.00914041 -6.30468e-05 -0.00666798 -0.00306734 -0.000733754 0.0015219 -0.000484788 -0.00563779 -0.00175967 -0.0138357 -0.0209308 0.0033558 -0.00141482 0.00325777 -0.00239536 0.0151386 -0.00504998 -0.00121043 -0.0050698 -0.00172769 -0.000193477 -0.00375565 0.000193567 -0.00265442 -0.000772914 -0.000640946 0.00218212 -0.00228581 -0.000855709 -0.000447312 0.0035569 -0.0275233 0.0111337 0.00400111 -0.00722873 -0.00408224 -0.00549902 -0.001273 -0.0103106 0.000343129 -0.00393606 -0.0118631 0.00108919 0.024709 0.00228734 0.0136403 -0.00403683 -0.000213636 -0.00514117 0.00569551 -0.00196102 -0.00688373 -7.45764e-05 2.62981e-05 -0.00607761 
-0.00217345 0.000365795 -0.00563322 -0.000178562 0.000435238 -0.00904917 0.000477267 -0.0153149 -0.000594402 -0.00149971 0.000301456 0.00201045 -0.00872029 0.00336193 -0.000667945 0.00412102 -0.000549849 0.00749937 0.0027812 -1.96662e-05 -0.00114107 0.00548475 0.0507991 0.000764237 -0.000280777 -0.000249012 -0.00686579 -0.000518536 -0.000445268 0.000798025 0.00178751 -0.000496421 -0.00140329 0.00440616 -0.000344038 -0.00138188 -0.00294574 -0.00734685 0.00294168 0.000985163 -0.00360392 0.0028649 -0.0171617 -0.00288499 0.00259881 0.0047429 0.000113565 0.00685387 0.000964314 0.00357427 0.000944825 0.00033092 0.00011204 -0.000827503 -0.0122348 -0.00994727 -0.00138197 0.00103775 -0.00827282 0.000773165 -0.00768542 0.00785218 -0.000356619 0.000578769 0.000587207 -0.000811307 0.00290402 0.0001872 0.00215768 0.00104763 -0.00258561 0.00292656 0.00056382 -0.000426495 9.10687e-06 0.0017459 -0.013855 -0.00982238 0.000880782 -0.0013957 0.00330709 0.00650157 0.00141416 -0.00419161 0.000202949 0.000907383 0.00753033 0.00184577 0.00609763 0.000664669 0.00201206 -0.00114836 0.0013739 0.00058914 -0.000863665 0.000128724 -0.00304869 0.00324831 0.00169803 -0.00286849 
-0.00866745 -0.00176659 0.0256524 0.000412605 -0.0018105 0.0596859 -0.00123956 -0.0210457 -0.0298707 0.025301 0.0393277 -0.0122908 -0.0298854 -0.00162732 0.0139262 0.010799 -0.00800135 -0.0085426 0.0103629 0.0016834 0.00887322 0.00855259 0.000764237 0.249989 -0.00131683 -0.00514833 0.0157111 0.00101071 -0.00915189 -0.00140258 -0.00028947 -0.0436315 -0.00055071 0.0263442 -0.00715926 -0.00700692 0.030859 -0.0139767 0.0161147 -0.00882282 -0.0513722 -0.015763 0.00187813 -0.0260703 -0.00668635 -0.00428108 -0.00051925 0.0433565 -0.00753112 0.00442559 0.00996266 -0.0106247 -0.00625306 0.000737407 -0.0322404 0.0322778 0.000238993 -0.00148338 0.0442655 -0.0164116 0.0214685 0.0119382 0.0147089 0.000425964 -0.00192173 -0.00356849 -0.000606728 -0.0016626 -0.0067838 -0.00472222 0.0190595 -0.0103679 -0.00268113 -0.000420098 -0.00130706 -0.00662158 -0.0468648 0.0234565 0.00877462 -0.025187 -0.015605 -0.046356 -0.00733476 0.0222738 -0.000218114 0.00373279 0.0248869 -0.0186542 0.000159702 -0.00109206 -0.0311532 -0.0333607 0.0020562 -0.0212383 -0.0472176 -0.00978473 -0.0199143 -0.0278124 0.000488928 -0.0410452 
-0.000222388 0.00142176 0.000719798 0.00150051 -0.000129597 0.00219031 0.000773861 -0.00728511 -0.00147622 0.00310176 0.0138786 -0.00233708 0.00140338 0.0120662 -0.00275052 -0.0001803 -0.000305552 -0.00166329 0.000587469 0.000293358 0.00340489 0.00128346 -0.000280777 -0.00131683 0.0401427 0.000682707 -0.00931527 0.00972518 -0.00175972 0.00254989 -0.00037034 3.46766e-05 0.000283625 -0.00159531 0.00267656 0.000253666 -0.00333118 0.00116566 0.000788639 -0.000992652 0.00459057 0.00120562 -0.00690681 0.00228055 0.001599 -0.00264075 -1.69566e-05 -0.00397839 -0.00141159 -0.00250182 -0.000617644 -0.000235893 -0.00278796 0.00257374 -0.00793976 -0.0109238 0.00104768 0.000342945 -0.0131277 -0.00631718 0.0023471 0.00513467 0.000890816 0.00181136 0.00130205 0.00123055 -0.00145961 0.00221161 -0.000414715 4.91605e-05 -0.00267743 0.003351 0.000966759 0.000323409 0.000434334 -0.00114441 -0.0115233 -0.00172021 0.00228331 0.00566971 -0.00138822 -0.00481923 -0.000918861 0.00535331 0.00011353 0.000288793 -0.00923769 0.00681681 -0.0118587 0.00147625 -0.0113841 -0.00433673 -0.000528054 -0.00278713 0.000486508 -0.00136562 -0.00466529 -0.00110036 0.00634917 0.0045891 
-0.000820678 -0.000405503 -0.00496305 -0.000338146 -3.7742e-05 -0.000269312 -0.000497815 0.00556426 0.000203245 -0.00506302 0.00173121 -0.00192885 0.00391189 0.00207638 -0.000167317 -0.00157406 0.0004312 -0.000585152 -0.00163596 0.000214986 0.00403949 -0.00155314 -0.000249012 -0.00514833 0.000682707 0.0446214 -0.00795211 -0.00289466 -0.00100865 0.000280994 -0.000714108 0.00038186 0.00378552 -0.00320731 0.00163678 0.000336306 -0.00151056 -0.00431395 -0.00140986 0.00364575 0.00113003 0.000337227 -0.00143832 0.0020407 0.000561057 0.00256464 8.08647e-06 0.00799228 0.000115198 0.00249833 0.00087135 0.000598002 0.0012125 0.00252393 -0.0050682 -0.00699822 0.00146065 0.000595483 -0.00257427 -0.00172923 0.00140472 0.00270226 -0.00157858 -0.00120373 -0.00029685 0.00199267 -0.00119168 -0.000874994 0.00115638 0.000101523 -0.00469249 -0.000653285 -0.000278724 7.0384e-06 0.000326687 0.00134599 -0.00337701 0.00287096 -0.000665093 -0.000454037 -0.000597601 0.00174594 -0.00101779 -0.000792349 -0.000311249 -0.0010601 -0.00962418 0.00280039 -0.0114879 -0.000461312 -0.00844239 0.00290479 0.000110583 -0.00160564 0.000628961 0.000594944 -0.00355321 -0.00210936 -0.000155482 0.0037943 
0.00468807 -0.00444562 -0.0343543 -0.000394047 -0.000588605 -0.0258755 -0.00449755 -0.0197272 0.00813614 -0.0354357 -0.0562195 0.00573239 -0.0389943 -0.0165218 -0.0239209 -0.0212857 -0.00516258 -0.00180432 -0.00138858 -0.00149197 -0.0132287 0.0118248 -0.00686579 0.0157111 -0.00931527 -0.00795211 0.233455 0.0150582 0.0247048 -0.002461 0.00395405 -0.0222352 0.00916136 -0.00871689 -0.0043113 0.00695462 0.0471039 0.0083594 0.0136672 -0.00645098 -0.0579819 -0.0130999 0.0805225 -0.0149675 0.00237827 -0.015257 -0.000364531 -0.0269118 -0.0137266 0.0114295 -0.00538424 -0.00343897 -0.0043762 -0.00547844 0.10013 -0.0152262 0.00786269 -0.000359631 0.048242 0.000617963 -0.0356738 -0.0299759 0.00486108 -0.0151551 -0.00474658 -0.00478309 -0.00509047 -0.00154979 -0.00250886 -0.00455116 0.000962119 -0.00794379 -0.00371294 -0.00120514 -0.00120896 -0.00288977 0.0382284 0.0169265 0.000286358 -0.0255011 -0.00910113 -0.0219048 -0.0161291 -0.0396011 -0.00197786 -0.00530344 0.0234852 -0.0171287 0.0648511 -0.00363777 0.0519717 -0.023702 -0.00435627 0.000232912 0.00658265 -0.00675921 0.0271981 0.000297561 -0.0245853 -0.0246768 
-0.00191844 0.00212662 0.0070211 -0.000919914 0.000366032 -0.00911457 -0.000108988 -0.0119302 -0.0055355 0.0147969 0.0137322 -0.00397592 -0.00825057 0.00262821 -0.00637901 -0.00723239 -0.00123416 -0.0035462 -0.00406833 -0.000157579 0.0032914 -0.000661751 -0.000518536 0.00101071 0.00972518 -0.00289466 0.0150582 0.0832996 0.00634172 0.00110351 0.00165637 -0.00824045 -0.00344301 -0.00328635 -0.000234043 -0.00187922 0.0124839 -0.00386271 0.00174896 -0.00180151 0.00203788 -9.72174e-05 0.0138413 -0.00471432 -0.000920288 -0.00196677 0.000117956 -0.0126054 -0.000385895 9.80302e-05 -0.00215762 0.00145967 -0.00255509 0.000502157 0.00402079 -0.00777315 0.00494197 -0.000317623 -0.00101345 -0.00708943 -0.0144169 -0.0094473 -0.000502275 -0.00481648 -0.000893176 -0.00204917 -0.00150132 4.58668e-05 -0.00212036 -0.00182923 0.00430865 0.00173432 0.00208334 -0.000834518 0.000264313 -0.000122346 -0.0136257 -0.00171785 0.00241029 0.0221411 -0.0025646 -0.011894 -0.00312553 0.00384354 -7.11397e-05 -0.00176694 -0.00728259 -0.00233554 -0.00227195 0.000401541 -0.0177676 -0.0075665 -0.000537504 -0.00549349 0.00620876 -0.00204969 0.00327133 -0.00359891 0.0114528 -0.00658349 
0.00443868 -0.000787606 -0.0043468 -0.000770358 -0.000209248 -0.00648342 -0.000469191 -0.00768392 0.00804653 -0.0123743 -0.00856315 -0.00241563 -0.0041055 -0.00470454 -0.00297804 -0.00454086 0.00135886 -0.00212036 -0.00411107 -0.000235177 -0.00193477 0.00989547 -0.000445268 -0.00915189 -0.00175972 -0.00100865 0.0247048 0.00634172 0.077258 0.000147781 0.000789084 -0.00667839 -0.000173775 0.00129249 -0.00124668 -0.00139149 0.00699393 -0.00121885 0.000251141 -0.00225068 -0.00960087 -0.00109298 0.012141 -0.00304235 0.000270555 0.000671002 -0.000101721 -0.00880115 -0.00281132 0.000394109 0.000360041 0.000891156 0.00234988 -0.00148034 0.0177599 -0.00761903 0.00230517 0.000275477 0.0119048 -0.00943385 -0.0137373 -0.008619 -0.00382214 -0.00384618 -0.000954931 -0.00218187 -0.00192535 -0.00113162 0.0001817 -0.00061662 0.00306962 -0.00381011 -0.00120669 -0.00055238 -0.000134753 -0.00152509 -0.00381135 0.00745365 -0.00211517 -0.00770194 -0.00400031 0.00187812 -0.00388903 -0.0106883 -0.000535667 -0.00313562 -0.00465186 -0.000512189 0.017065 0.000481561 0.00933775 -0.00636348 -0.000335603 -0.00404195 -0.00317679 0.00129715 0.0184469 -0.00205862 -0.000466367 -0.0103619 
-0.000243581 0.00160967 -0.0021605 6.63726e-05 -1.50709e-06 0.00146128 0.000127505 -0.00161129 -0.00161758 -0.000706702 0.00303305 7.79388e-05 -0.00185086 0.00517415 0.000834293 0.0001256 -9.92126e-05 -6.84546e-05 0.000235023 0.000125123 0.00141612 0.00039749 0.000798025 -0.00140258 0.00254989 0.000280994 -0.002461 0.00110351 0.000147781 0.0171411 0.000462096 0.0001309 0.00112172 0.000887531 0.000648266 -0.000291317 -0.00641411 0.000764926 0.000681882 -0.000104969 0.00513682 0.000723295 -0.00376483 0.000289942 0.00127715 -0.00079334 3.11038e-05 -0.00223383 0.000123615 -0.00109424 -1.04069e-05 0.000983915 0.000552073 -0.000242001 -0.00412115 -0.00202709 -0.00018413 4.69406e-05 -0.00580769 -0.00224096 0.00244087 0.00464024 -0.000252413 0.00174143 0.000130888 0.00137726 -0.000371795 4.99197e-05 0.00248943 3.32548e-05 -0.00433438 0.000344445 -0.000394518 6.28864e-05 0.000209942 -0.000604532 -0.00480252 -0.00488754 -0.000270842 -0.000767704 0.000503985 -0.00223379 5.47906e-05 -0.000192303 -3.95425e-05 0.000204309 -0.00293629 0.00275918 -0.00248873 0.000693327 -0.00168093 -8.228e-05 0.000370462 -0.000884794 -0.000559683 0.00115002 -0.000583767 0.000382802 -0.000924702 0.000639858 
2.31529e-05 0.000517633 -0.00245334 0.0017193 0.000701772 -0.00445981 0.000290955 -0.000303073 -0.00435388 -0.00359963 -0.00104141 0.00013749 -0.00131671 0.000516569 0.000427555 0.00186111 0.00129488 -0.00141714 -0.000946546 0.000256156 -0.000738187 -0.00127312 0.00178751 -0.00028947 -0.00037034 -0.000714108 0.00395405 0.00165637 0.000789084 0.000462096 0.0277452 0.00249333 -0.000816951 0.00209706 -0.000114182 -0.000175963 -0.00506413 0.00108731 0.00105897 -0.00157527 -0.00239051 -0.000364538 -0.00137913 0.00153016 5.25949e-05 0.00080031 6.95349e-05 6.01846e-05 9.24155e-05 -0.000170254 -0.000432912 0.00169989 -0.000255422 0.000282338 0.00195516 -0.0027465 -0.00124064 0.000864806 -0.0021561 -0.00128726 -0.00592823 -0.00130151 -0.000917708 0.000232483 0.000465582 -0.000398648 1.98473e-06 6.48871e-05 -7.76235e-05 0.000104449 0.00307807 -0.000754564 0.000238168 -5.03956e-05 6.90236e-06 0.000382907 -0.00207299 -0.00593516 0.000728499 -0.0038377 -0.000141482 0.00479919 9.76718e-06 -0.00240857 0.000266766 0.00134263 0.00510463 5.41455e-05 -0.000126722 0.000124482 0.000987363 -0.00232139 0.000794354 0.000288055 -0.00201296 -0.000135947 0.0012217 -0.00105976 -0.00320602 -0.00244808 
-0.000539778 -0.00105056 0.00192806 -0.00209104 0.000282773 -0.0254692 0.000664722 0.0168947 -0.00757692 -0.017254 -0.0270846 0.00414667 0.0163386 0.000798565 -0.00730533 0.0141982 0.00396302 -0.00479025 -0.00604132 -0.000572551 -0.000513579 -0.00831128 -0.000496421 -0.0436315 3.46766e-05 0.00038186 -0.0222352 -0.00824045 -0.00667839 0.0001309 0.00249333 0.122442 -0.00273998 -0.00264517 0.00627826 0.00339732 -0.0365726 0.0117168 -0.0039548 -0.00608416 -0.003155 0.00157583 -0.00853722 0.0274535 0.00229478 -0.00492157 1.97851e-05 -0.00369086 -0.00378491 -0.000391116 -0.00942273 0.00436248 -0.00931157 -0.000427173 0.00116995 -0.0205685 -0.000511932 -0.000331558 -0.0201885 -0.00333901 -0.0372113 0.0134497 -0.00752206 0.00589944 0.00143533 -0.00487529 0.00347893 0.00237902 0.0070886 0.00343894 0.0123358 0.0102918 0.00356364 0.00225647 0.000456513 -0.00692386 0.0140505 -0.0209622 -0.00326539 -8.66798e-05 0.0101431 0.023845 0.0136201 -0.0194906 0.000917172 -0.001149 -0.0105488 0.0144738 -0.0256596 0.00600108 0.0036463 0.0130334 -0.000486154 0.00472795 0.00210658 -0.000794195 -0.0108555 0.014147 -0.00573256 0.0562709 
-0.00118138 -0.000666962 -0.0116978 -0.000756065 -0.000272938 -0.0021089 -0.000174511 -0.0188578 -0.000843749 -0.0108267 -0.00835189 0.00983836 -0.00589993 0.000671163 -0.000258516 -0.00224944 -0.0014736 -0.00318685 0.000600689 -0.000201114 -0.000417711 0.00480648 -0.00140329 -0.00055071 0.000283625 0.00378552 0.00916136 -0.00344301 -0.000173775 0.00112172 -0.000816951 -0.00273998 0.0707174 0.00725938 0.00133776 0.00522829 0.0134139 -0.00396662 0.00211044 -0.000396614 -0.00198655 -0.000169853 0.00664149 0.000177083 -0.000835425 2.98341e-05 -4.65886e-05 -0.00611561 -0.00233322 0.00344173 -0.000289625 -0.000492687 0.00166876 -0.000437577 0.00939732 -0.00854165 -0.00519509 -0.00105777 -0.0062134 -0.00636939 0.00372746 -0.00168655 -0.00208924 -0.00237443 -0.000520483 0.00164377 -0.00157984 -0.00175651 -0.000935073 -0.00103234 0.00038213 0.00305271 -0.000800169 -0.000234282 -0.000323478 -9.87248e-05 -0.00400675 0.00750619 -0.00125537 -0.0094776 -0.000804124 0.00036691 -0.00332909 -0.00725181 -0.000569889 -0.00190665 -0.00654385 -0.00168636 0.0159598 -0.000710452 0.00966099 -0.00486404 0.000233598 0.00477119 -0.0103641 -0.00103111 0.0028699 -0.00312932 -0.00846279 -4.12942e-05 
-0.000364008 -0.000875711 -0.0136529 0.000850362 0.00170363 0.0005754 0.00199167 -0.0258373 0.00224063 -0.00418473 -0.0125445 0.00845813 -0.0159648 0.00203227 0.00204509 0.0189281 -0.00212274 -0.001041 0.010166 0.00119311 -0.00323341 -0.000224572 0.00440616 0.0263442 -0.00159531 -0.00320731 -0.00871689 -0.00328635 0.00129249 0.000887531 0.00209706 -0.00264517 0.00725938 0.0891734 -0.00093781 -0.00288846 -0.00970095 0.00166571 0.0054327 -0.00496951 -0.0169291 -0.00249427 -0.0202757 -0.00524903 -0.000639099 0.00153666 3.03399e-05 0.0157909 -0.0020038 -0.00215354 0.0109343 0.000306496 0.00686607 -0.00189807 -0.00652413 -0.00351024 -0.00773695 0.000520234 -0.00904842 -0.00784364 -0.0120825 0.00289329 0.00415274 0.00756292 0.00522665 -0.00315093 0.00794684 -2.90434e-05 0.00102812 0.000389818 0.0156883 -0.0027947 0.00029188 -0.00019975 -9.78957e-06 -0.00280948 -0.0238837 -0.0210367 0.00339629 -0.0234093 0.00330235 0.00265796 -0.000813476 -0.00664425 -4.23562e-06 0.00628484 0.0237711 -0.00304571 0.0193653 0.00259015 0.00105225 -0.00322082 0.00478769 0.000183197 -0.0135071 0.00678413 -0.00267519 -0.000218263 -0.00721164 -0.0130377 
