0.120246 -0.0150826 0.0035169 0.00462317 -0.000173926 0.014553 -0.0115689 0.0145953 0.0186223 0.0111201 0.00598379 0.0405289 0.0200184 0.0201735 -0.0022403 0.00487309 0.00117507 0.000999248 -0.00464109 -0.0232257 0.00904799 -0.0198788 0.00124178 -0.0111798 -0.00308674 -0.00487182 0.00475244 0.0186453 -0.00103873 0.0034614 -0.00690873 -0.00759508 0.0125336 -0.000448887 -0.00710735 0.024896 -0.0156107 0.00361265 -0.0141534 -0.0116752 0.000227626 0.00289871 0.0045256 0.0033124 -0.00262538 -0.0011916 0.00432233 -0.0086054 -0.000407849 0.00435098 -7.40902e-05 0.00724094 -0.00422551 -0.00273353 0.00102488 -0.0150749 -0.00287509 0.00569104 0.00847902 0.00160716 -0.00158899 -0.00954768 -0.0188675 -0.00461161 -0.00489844 0.0147767 0.00271037 -0.00664456 0.000201441 6.21019e-05 -0.0121922 0.0090432 0.0105385 -9.82577e-05 0.0134637 -0.00342658 0.00236799 -0.0134539 -0.0231533 0.0019086 0.00837782 -0.0127321 0.00312397 -0.00604959 -0.00223906 0.000391009 -0.00823463 0.00395232 -0.00161304 -0.00256011 -0.00446618 -0.0145528 -0.00578296 -0.00376332 -0.0301341 -0.0470087 -0.0113008 -0.0165039 -0.0103333 0.000240327 
-0.0150826 0.137765 0.00644567 -0.00109933 -0.00201923 0.00775448 0.00576796 -0.00132383 -0.0102112 -0.0175444 0.0036778 -0.00542403 -0.00851905 0.00829199 0.000825708 -0.0010352 0.00144081 -0.00859299 -0.00113243 -0.0150919 0.00713863 0.0108397 0.00184473 0.00582255 -0.00432224 0.00987114 0.00356548 -0.0214525 0.00143245 -0.00165341 0.000413399 -0.00551837 -0.0187594 0.00487445 -0.00336403 -0.0233472 -0.0029278 -0.00697986 0.00702652 0.00156446 -0.0104627 -0.00605876 0.00234777 -0.00546368 -0.00300549 -0.00389645 -0.00248632 0.0217033 0.0184178 0.00231354 -0.00848844 -0.00921071 -0.0040089 -0.00321059 -0.00268739 -0.00994713 -0.00422548 -0.00656912 0.00683897 -0.0040822 -0.00206984 0.0011398 0.000238627 -0.00299945 -0.017189 -0.00434907 -0.00180217 0.00106809 -0.00961481 0.00797822 0.0178805 -0.00421257 0.000802782 0.0025086 0.0145723 -0.0100326 -0.012427 0.008699 -0.0104076 -0.00472743 0.00353029 -0.0140889 0.0052791 -0.00813647 0.000759228 -0.0004465 -0.014901 -0.000366722 -0.0201723 0.000317355 -0.00167687 0.0167827 -0.00764693 -0.026478 0.0171911 0.0315424 0.0095343 0.00244518 0.0205551 -0.00785951 
0.0035169 0.00644567 0.0812911 -0.0013325 0.00144333 0.000606075 -0.00350816 0.00853626 -0.00569228 -0.00487013 -0.00462276 0.0227234 0.0223434 0.00869165 0.00494294 0.00915456 -0.0011206 -0.00490288 0.00205142 -0.018355 0.0102573 -0.00700057 0.000185125 -0.0012753 -0.00452652 -0.000421014 0.00484178 0.00143962 -4.02231e-05 0.00176949 -0.00361376 -0.000289468 -0.00220106 -0.00178126 0.00253196 0.0113006 0.0111838 0.00886794 0.00646667 -0.01288 -0.00462189 -0.0131082 -0.00421043 -0.00436939 0.000574333 -0.00301819 0.00283383 -0.00287265 -0.00763715 -0.00605093 0.00212026 -0.0021509 -0.00908893 0.000157041 0.00374473 -0.0015148 0.00088104 -0.00449533 0.00925061 -0.00272957 -0.00109751 0.00915488 -0.0104972 0.012573 -0.0105329 0.0025213 -0.00102632 -0.00529996 0.00271354 -0.00278924 -0.00552362 0.00944652 0.00687695 -0.00417656 -0.00293335 -0.00710471 -0.00602799 -0.00378215 -0.0162396 0.00157704 0.0154937 -0.00961415 0.0100437 -0.00595208 0.000793014 -0.000430106 0.00116582 0.00347624 -0.0171116 -0.00083085 -0.0125338 -0.000735073 -0.00422329 -0.0180994 -0.00195012 -0.0179581 0.00223025 -0.00871531 -0.00753298 -0.00119884 
0.00462317 -0.00109933 -0.0013325 0.0476014 -0.000857155 0.00604621 -0.00154908 -0.00146536 6.1198e-05 0.00934493 0.000768877 -0.000397801 -0.00347974 -0.00294771 -0.000508514 -0.00119374 0.00164061 0.00392252 -0.00168176 -0.0114078 0.00121935 0.00122625 -7.36825e-05 -0.00343093 -0.00221954 -0.000375727 0.0037036 0.0015918 -5.67464e-05 -0.00105668 6.83983e-05 -0.00258723 -0.00171459 0.00134655 -0.00104692 0.00642131 -0.00238347 0.000765126 0.00898514 0.000993604 0.00023479 -0.000404201 0.000698621 -0.00312451 -0.000702418 -0.000565062 -0.00143559 -0.00479755 -0.00410097 0.00712237 0.00531431 -0.000335178 -0.00248427 -0.00173199 -0.000467379 -0.00540918 0.00193554 -0.000494967 0.00278318 0.0012253 -0.000268992 -0.000822964 0.00299212 0.000636998 -0.00245294 0.00140465 -0.002144 -0.00057497 0.000929158 -0.000404418 -0.00176968 0.000903384 0.00410921 -0.00104277 0.0077156 -0.00335239 -0.000716715 -0.00759854 -0.00838688 -0.00154642 0.00421031 -0.00470953 -0.00133368 -0.0038271 -0.000471409 -0.00417719 -0.00117831 -0.000582703 0.00239042 0.000589803 -0.00344442 -0.0042826 -0.00196375 -0.00317441 0.0012102 -0.0150543 0.0020641 -0.00637473 0.00219527 -0.000420343 
-0.000173926 -0.00201923 0.00144333 -0.000857155 0.0361742 1.53768e-05 -0.00344077 -0.000894153 0.000713308 -0.0032705 3.02147e-06 0.00365861 0.00100042 0.00265647 0.00171972 -0.00163245 -0.000647017 -0.00259305 -0.000431103 0.00563643 0.00133327 0.0041439 -0.000391605 0.000232576 0.000968319 0.00309148 0.000203614 0.00171859 -0.000329744 0.000354708 0.000343151 -0.000662561 -0.00209728 -0.000881124 -3.39664e-05 -0.000122607 -0.00319972 1.34109e-05 -0.000708747 0.00646547 -0.000601636 -0.000698711 0.00141724 0.00188237 0.000491905 0.00015247 -0.00174904 -0.00264682 -0.00180436 -0.00342854 -0.00339199 -0.00185828 0.000603219 0.00420308 0.000754755 -0.00369704 -0.000354921 0.00316981 0.00212436 -0.000867615 6.99966e-05 -0.00338648 -0.00555417 -0.00253468 -0.00217729 0.00168275 0.000741777 0.00136824 -0.000130633 -0.00178422 -0.0034078 0.00115263 0.00399609 -0.00403887 -0.00492701 -0.00227077 0.000158689 -0.00209551 -0.0005164 -0.000507467 0.00109023 0.0021075 -0.000294922 0.00257573 0.000186482 0.00043474 -0.00308971 -0.00107999 -0.00339503 0.000300009 -0.00594286 -0.0058506 -0.0008694 0.00132348 -0.00485623 0.000233837 0.00113857 -0.000928089 -0.00114891 0.00102333 
0.014553 0.00775448 0.000606075 0.00604621 1.53768e-05 0.13847 -0.00503453 0.0268367 -0.015141 0.0296535 -0.00789754 0.00531918 -0.0069094 -0.00470146 -0.00685264 0.0279026 0.00450858 0.0329144 -0.00488309 -0.0184431 0.0147803 -0.000728787 0.0032115 -0.0127545 -0.00313777 0.00604406 0.0308631 -0.0161148 -0.000203091 -0.00645628 -0.00476111 -0.0119033 -0.0232779 0.000952039 0.00750554 0.00558706 0.00443192 -0.0122675 -0.00395785 -0.00385802 -0.00334493 -0.0139738 -0.00215078 0.00173974 -0.00288201 -0.0010291 -0.00420855 -0.014929 -0.00978802 -0.00115513 -0.0036103 -0.00555617 -0.00619034 -0.00492518 0.00160393 -0.0126357 -0.00272147 0.0098512 0.0219476 -0.00466282 -0.00272005 0.0195098 -0.0146719 -0.00259342 -0.0106307 0.00279323 -0.00602538 0.00655417 -0.00753403 -0.00986099 -0.0105245 -5.90981e-05 0.0278419 -0.0103191 -0.0129063 -0.00767336 -0.0169784 -0.0232554 -0.0227117 -0.00298082 0.0461499 -0.0166008 -0.000997536 -0.0109805 -0.000104066 -0.00643262 -0.0138139 -0.00289971 -0.0110517 -0.000685894 -0.00463552 -0.00960472 -0.000481987 0.00415923 0.00872727 -0.0209799 0.0218032 -0.000667565 -0.0149373 -0.00127146 
-0.0115689 0.00576796 -0.00350816 -0.00154908 -0.00344077 -0.00503453 0.138789 -0.00585849 -0.00163117 -0.0360767 -0.0051774 -0.00663496 -0.00540485 -0.0149841 -0.0033763 -0.0118578 -0.00434554 -0.00820494 0.000104715 0.0171936 -0.0142855 -0.0161959 -0.00233018 -0.00806732 -0.00789337 -0.00940843 -0.00531254 -0.0147121 0.00389832 -0.00148156 -0.00389165 0.0215865 -0.0123664 -0.00325821 -0.00291254 -0.0212497 0.00378586 0.00827767 -0.0163998 -0.0166759 0.00445984 -0.00355891 0.00957359 0.0132053 -0.00197202 -0.00548378 -0.0103217 -0.0121302 0.00662641 -0.000501623 -0.0145735 -0.0104371 -0.0146758 -0.00539193 -0.00313694 -0.00440395 -0.0102868 -0.0221776 0.00958899 -0.00293139 -0.00294356 -0.011659 0.00362357 -0.00154288 0.0126957 -0.00488363 0.00296708 -0.00788394 -0.00500575 0.0127931 0.0219724 -0.00121935 -0.0191281 0.00183753 -0.00135858 -0.0122578 0.00278477 0.0233294 0.0389682 -0.00426794 -0.0426468 0.0244725 0.000904218 0.0209332 0.00423739 0.0278563 -0.00914189 -0.00396208 0.0201595 -0.0018784 0.00794107 0.000720394 -0.00721257 0.0203795 0.00734571 0.0179072 0.00696331 -0.00612765 0.0344762 -0.00792766 
0.0145953 -0.00132383 0.00853626 -0.00146536 -0.000894153 0.0268367 -0.00585849 0.113326 -0.0117143 0.0373185 -0.00679919 0.0137332 0.0044547 0.00570041 -0.00172207 0.0141126 -0.00306516 -0.00572176 -0.00441566 -1.07284e-06 -0.00604914 0.0235929 -0.00250619 -0.000490489 0.00585968 0.0151718 0.0010633 -0.00398167 0.00236827 -0.00516616 -0.00425338 -0.00543808 -0.0158615 -0.003484 -0.00548031 0.0261597 -0.00185972 -0.0144746 -0.0140091 -0.0206172 -0.00138527 -0.00795906 -0.00328914 -0.00187792 -0.00107079 -0.00516519 0.00419298 0.00856992 -0.00818963 -0.00199446 -0.00533097 -0.00457437 -0.0139271 -0.003576 0.000596769 -0.0088388 -0.00751492 -0.0061344 0.00240759 -0.00659754 -0.0027767 -0.00212276 -0.00493653 0.00750331 -0.00798514 0.0018185 -0.0022675 -0.00205882 -0.00625447 -0.00634049 -0.00797551 0.00530697 0.0281897 -0.0063071 -0.00913027 -0.00853748 -0.0127441 -0.00616332 -0.0176332 -0.00306939 0.0359979 -0.0106216 -0.000373273 -0.00907448 -0.000224842 -0.00629112 0.0100514 0.000949657 -0.0203987 -0.00398933 0.000540617 0.00150613 0.00181748 -0.00197349 0.0171125 -0.0173682 -0.00712717 -0.0126842 -0.00121502 -0.00766799 
0.0186223 -0.0102112 -0.00569228 6.1198e-05 0.000713308 -0.015141 -0.00163117 -0.0117143 0.124702 -0.042073 0.0139326 0.0175846 0.0142198 0.0059766 0.00493461 -0.0112925 -0.00455438 0.000201639 -0.00434162 -0.00563786 -0.013158 -0.0321858 0.00233793 -0.0034735 -0.0048844 -0.00618028 -0.0147166 0.042001 -0.00137356 0.00166771 -7.47736e-05 -0.00434766 0.0556386 -0.00239129 -0.00662051 -0.0204051 0.0130967 -0.00412157 -0.014104 0.0204547 -0.00419922 0.0218251 -0.00436744 0.00203879 -0.000461615 -0.000745835 0.00824113 -0.0179175 -0.00769065 -0.00902281 -0.00909538 0.0143248 0.01586 -0.000408959 0.00263111 -0.00790886 -0.0067733 -0.0192352 -0.014381 0.0150904 -0.00236596 0.00541067 0.00126012 0.0240327 0.0487153 0.00619219 0.0193897 -0.0117583 0.00576325 -0.0102733 0.00535797 -0.00159179 -0.0122521 0.0270242 0.00635707 0.000346709 0.00562538 0.00798131 -0.0109853 0.00405718 -0.0388769 0.0064723 0.00426786 0.000563156 -0.000489018 0.0126012 -0.00650159 0.0129529 -0.0153321 -0.00291373 -0.0189098 -0.0183724 -0.00687826 -0.00759225 -0.0437728 -0.0153144 -0.0132903 -0.012974 -0.0218128 -0.00573661 
0.0111201 -0.0175444 -0.00487013 0.00934493 -0.0032705 0.0296535 -0.0360767 0.0373185 -0.042073 0.239161 0.00645554 0.00761174 -0.0159148 -0.00394691 -0.0163017 0.0219224 0.00806279 0.00812102 -0.00507957 -0.00549261 -0.0195815 0.0763355 -0.00559949 0.0081518 0.00554366 0.00857947 0.00822261 -0.0202955 -0.00421402 -0.0227726 -0.00395304 -0.0243022 -0.0253055 0.00362847 -0.00899731 0.0756022 -0.00434711 -0.0311267 0.0458237 -0.00715024 -0.0197422 -0.035328 0.00586537 -0.0104476 0.00270518 -0.00915918 0.0131321 0.0191458 -0.0219429 0.00708038 0.038387 -0.0139994 -0.0265032 -0.011701 -0.00301433 0.00282507 -0.00684796 -0.00336356 -0.00942484 -0.00458815 -0.00732396 0.021387 -0.00675038 -0.0180387 -0.0226566 -0.00189 -0.0128695 0.0267134 0.00818528 -0.00937222 -0.0228136 0.0196266 0.057194 -0.0259856 -0.00331425 -0.000899319 -0.0323815 -0.0210375 -0.0743935 -0.00439476 0.0750368 -0.0406308 -0.0128457 -0.02512 -0.00750765 -0.0364201 0.0136132 -0.00911528 -0.00450059 -0.0122562 0.0286202 -0.0200889 0.0194146 -0.0390957 0.0549667 0.00394744 -0.0113901 -0.0140368 -0.0181044 -0.00899363 
0.00598379 0.0036778 -0.00462276 0.000768877 3.02147e-06 -0.00789754 -0.0051774 -0.00679919 0.0139326 0.00645554 0.107282 -0.00386344 0.0131318 0.0189509 -0.00404756 -0.00252286 -0.000174422 -0.00919627 -0.00330345 -0.00648614 -0.00575736 -0.0114549 -1.20256e-05 -0.00221618 -0.00289342 -0.00145559 -0.0111318 0.0109273 -0.00121011 -0.00366963 -0.0025527 -0.00685269 -0.00166667 2.3623e-05 -0.00224054 0.00572296 -0.00394738 0.00430694 0.0325086 0.0170816 -0.00408861 -0.00224532 0.0106606 0.00757329 0.00236616 -0.00219066 0.0104622 -0.00865342 -0.00139124 -0.00483722 -0.00600299 -0.006287 0.00879899 -0.00283779 -0.000241143 0.0189702 -0.00146844 -0.0016095 -0.000783128 -0.00182937 -0.000339778 -0.0031259 -0.00503006 -0.011404 0.00768362 0.00873119 0.000705474 0.0147747 -0.00326395 -0.00547801 0.00256353 -0.00203057 0.00149115 -0.00126358 -0.00796177 0.00437956 0.000503193 -0.016516 -0.0157327 -0.000980774 -0.0270162 -0.0064853 0.00256992 -0.00619806 -0.00168805 -0.00130474 -0.00551309 0.0112991 -0.00830394 -0.00309406 -0.00861296 -0.00755045 0.00754725 -0.0248422 -0.0101599 -0.00609166 -0.010946 -0.0127942 0.0024302 0.00507841 
0.0405289 -0.00542403 0.0227234 -0.000397801 0.00365861 0.00531918 -0.00663496 0.0137332 0.0175846 0.00761174 -0.00386344 0.129945 0.028428 0.0302413 0.00261807 0.00413331 -0.00182784 0.00179742 -0.0039622 -0.0340924 0.00277379 -0.0104224 0.000949026 -0.00516618 -0.00366387 -0.00643767 0.00575583 0.0170315 -0.0014318 -0.00710358 -0.00555404 -0.000578951 0.00893063 -0.00353593 -0.00841469 0.028489 0.0134543 0.000237178 -0.00656992 -0.0149568 -0.00526042 -0.0108628 -0.00171372 0.00610797 0.00425086 -0.00327119 0.00575741 -0.0144345 -0.00969234 -0.00893938 0.0121055 -0.00309231 -0.0187864 -0.0017015 0.00773256 -0.0118792 -0.00305208 -0.0213852 0.0132586 0.00154603 -0.00308385 0.0100639 -0.0244891 0.00462779 -0.00873949 0.011829 0.0106969 -0.00636676 0.0151584 -0.0043928 -0.0148903 0.0317534 0.00356635 -0.00378932 -0.0106186 -0.00879812 -0.0114117 -0.00813638 -0.0262318 0.00406289 0.00698167 -0.0155441 0.0115261 -0.0102172 0.00292336 0.0124875 -0.0117824 0.00447363 -0.00892163 -0.00311702 -0.0114156 -0.011275 -0.0106279 -0.00808047 -0.0127183 -0.0417978 -0.00298606 -0.0194116 -0.0170571 -0.00684408 
0.0200184 -0.00851905 0.0223434 -0.00347974 0.00100042 -0.0069094 -0.00540485 0.0044547 0.0142198 -0.0159148 0.0131318 0.028428 0.0948273 0.022388 -0.00100542 0.0113651 -0.00282388 -0.0108981 -0.00394296 -0.0271453 0.0121823 -0.0222328 0.00123055 -0.00373054 0.000162141 -0.00376019 -0.00629887 0.0245528 -0.000242828 0.0012581 -0.00386073 -0.00733542 0.00261224 -0.00227233 -0.00465881 0.000661626 0.00682203 0.00586516 -0.00623383 -0.015225 -0.00272154 0.00288096 -0.000695052 0.00122319 0.000888215 -0.000877032 0.00751736 -0.0065996 0.00472184 -0.00245876 -0.00396633 0.00313131 -0.00221551 -0.00186951 0.00511773 7.7093e-05 0.00468898 0.00562664 0.00411127 0.000869991 -0.00119354 -0.00468835 -0.00666593 0.00579669 -0.00381167 0.00157066 0.00782498 -0.00358484 -0.00172576 -0.00254354 -0.007677 0.00275268 -0.00113071 0.00758459 -0.00362708 -0.0023845 -0.000252179 -0.010716 -0.0167055 0.000343375 -0.00218685 -0.00966727 0.012524 -0.00790156 -0.000737578 0.011139 -0.00762122 0.00792717 -0.0109325 -0.000107547 -0.0114892 0.000223192 0.000895434 -0.0209708 -0.0166987 -0.0315806 -0.0080789 -0.00850296 -0.0061132 0.00563344 
0.0201735 0.00829199 0.00869165 -0.00294771 0.00265647 -0.00470146 -0.0149841 0.00570041 0.0059766 -0.00394691 0.0189509 0.0302413 0.022388 0.130057 -0.00292847 0.00979768 0.00065938 -0.0177567 -0.00391021 -0.03866 0.0152163 -0.0151398 -0.000492645 -0.00757049 -0.0028519 -0.00561378 -0.0110478 0.0193019 -0.00226172 -0.00158966 -0.00495418 -0.011259 -0.00741149 -0.00270634 0.00583381 0.0119611 -0.00823699 0.00537142 0.00505815 0.0115813 -0.00402615 -0.0103446 -0.00191339 0.00110817 -0.00134771 -8.66227e-05 0.00624478 -0.00793132 0.00773488 -0.00376066 8.62459e-05 -0.00521104 0.0132269 -0.0038477 0.00349143 0.00366182 0.00720904 0.0288797 0.0113992 -0.00297021 0.000254634 -0.0208928 -0.0210412 -0.00649764 -0.0200184 0.0120908 0.00370117 0.00818389 -0.00708402 0.00634137 -0.00984967 0.00668933 0.000998369 0.00128645 -0.00791071 0.00100701 0.00699894 -0.0127077 -0.0189908 -0.00354863 0.0199597 -0.0190113 0.0109738 -0.00983388 1.26654e-05 0.00313926 -0.0192921 0.00597509 -0.0182233 0.00134987 -0.00660421 -0.0127023 -0.00537875 -0.0228284 -0.0278374 -0.0292189 -0.00290282 0.00616698 -0.0208637 0.0195693 
-0.0022403 0.000825708 0.00494294 -0.000508514 0.00171972 -0.00685264 -0.0033763 -0.00172207 0.00493461 -0.0163017 -0.00404756 0.00261807 -0.00100542 -0.00292847 0.0561462 -0.00108092 -0.00152235 -0.0039254 -0.000196718 0.00514072 -0.00252807 -0.00526908 -0.000470182 0.00206321 -0.000411479 -0.00124875 0.00374252 -0.00212386 0.00141967 0.00167337 0.00142976 0.00465129 0.00146011 0.00123447 -0.00245751 -0.00851235 0.00888292 -0.00513778 -0.00246181 -0.00328553 -0.00184112 0.00250969 -0.00193928 0.000393774 0.0016545 0.000321533 -0.00390801 -0.00382911 -0.00341759 -0.00419704 -0.00275749 0.0022453 -0.00143435 0.00448859 -0.00123534 -0.000398779 -0.00172955 -0.0030252 -0.00147604 0.000432664 -0.000281421 0.0102585 -0.00636408 0.010737 0.00642755 -0.0002363 0.00456153 -0.00613466 0.0131239 -0.00232405 0.0018112 0.00231416 -0.00559098 0.00414675 -0.00364288 -0.00468983 -0.00534688 -0.00459212 -0.000598221 0.00289009 -0.0059376 0.00456913 0.000735915 -5.09665e-05 0.00126481 -0.00362454 0.0106824 0.00313447 -0.00977888 0.00168316 -0.00519969 0.00780467 -0.00525363 0.00479388 -0.00223493 -0.0127624 -0.00342434 -0.00293204 -0.000624526 -0.00344173 
0.00487309 -0.0010352 0.00915456 -0.00119374 -0.00163245 0.0279026 -0.0118578 0.0141126 -0.0112925 0.0219224 -0.00252286 0.00413331 0.0113651 0.00979768 -0.00108092 0.11658 0.00475423 -0.00805374 -0.00419626 0.00772504 0.0238903 -0.000345307 -0.00140662 -0.00629715 0.00519272 0.00858314 0.00754306 0.0118414 0.000278492 -0.00464033 -0.00379033 -0.0102762 -0.00950884 -0.00364648 0.00398484 0.0112055 0.00243596 -0.00477324 0.00708168 -0.00784516 -0.00749202 -0.0156839 0.00196139 -0.00906735 -0.00174791 0.00237698 -0.00228581 -0.0170089 -0.0105928 -0.00343673 -0.00581136 -0.00756805 -0.00233038 -0.00224443 0.00012513 0.00562682 0.00735029 0.0308546 0.00408904 -0.00198968 -0.00148717 0.00458335 -0.015845 0.00440758 -0.0251423 -0.000767459 -0.00467156 0.0169375 -0.00957045 -0.00344922 -0.00837732 -0.00426089 0.0242374 0.00610808 -0.00182603 -0.00152196 -0.00367722 -0.0167273 -0.0279983 -0.00227758 0.0396121 -0.0147944 -0.000718699 -0.00793364 -0.00238971 -0.0103187 -0.00790512 -0.000191995 -0.0148651 -0.00168003 -0.00649769 -0.0172534 -0.00884081 -0.0206263 -0.00615559 -0.0201531 -0.00459968 0.00156511 -0.0123465 0.00333149 
0.00117507 0.00144081 -0.0011206 0.00164061 -0.000647017 0.00450858 -0.00434554 -0.00306516 -0.00455438 0.00806279 -0.000174422 -0.00182784 -0.00282388 0.00065938 -0.00152235 0.00475423 0.0333229 0.00648949 -0.00084026 -0.00503619 0.00242277 -0.000908869 9.23412e-05 -0.00184776 -0.00225051 -0.00170555 0.00285315 -0.000351449 -0.000501056 -0.00175807 0.000676981 -0.00279093 -0.00655985 -0.000995295 0.00128881 0.00410603 0.0013403 -0.00170358 0.00638274 0.000847174 0.000551797 -0.00263872 -0.00144168 -0.00172596 0.000260707 -0.000921782 0.000332502 -0.00463062 -0.00242926 0.00317302 -0.00226829 -0.000986764 0.000122006 -0.000290324 -0.000235927 0.00121729 -0.000896083 0.00171173 0.00442989 -0.000651896 -0.000418067 0.0054293 -0.00242736 -0.00268217 -0.00816769 0.00347293 -0.00150416 0.00753634 0.000490077 -0.00106297 -0.00126915 0.00238621 -0.00081359 -0.00134009 -0.000790907 0.00558199 -0.00178206 -0.00466668 -0.00304536 -0.000887584 0.00449244 -0.00337845 -0.000926058 -0.00181329 2.64925e-05 -0.0013207 -0.0028831 -0.00103349 0.000285972 -0.000506154 -0.000943681 -0.00565983 -0.00285987 0.00061306 -0.00153307 -0.00467627 0.000842956 0.000483779 -0.00645515 0.00579016 
0.000999248 -0.00859299 -0.00490288 0.00392252 -0.00259305 0.0329144 -0.00820494 -0.00572176 0.000201639 0.00812102 -0.00919627 0.00179742 -0.0108981 -0.0177567 -0.0039254 -0.00805374 0.00648949 0.194324 -0.00805074 -0.0114294 0.00282351 -0.0279747 0.00607871 -0.0133195 -0.00376866 -0.0157791 0.00739268 -0.0142031 -0.000631409 -0.00459523 -0.00653919 -0.00542438 0.0130776 -0.00577475 0.00781117 -0.00568894 0.00478288 -0.011238 -0.0104474 0.0248587 -0.0062633 0.00930163 -0.0065161 0.00567874 -0.000317318 0.00157055 0.000415628 -0.0195405 -0.0184495 -0.00415379 -0.00918106 0.00950293 -0.00164901 -0.00254197 -0.00260055 -0.00539806 0.00312866 -0.00214725 0.00212428 -0.00441733 -0.00472841 0.0356502 0.00116936 -0.00565057 0.00896122 -0.00344764 -0.00560743 0.00386198 1.72158e-05 -0.020342 -0.0111503 0.00102538 -0.023873 -0.00168847 -0.00708195 0.00824371 -0.00275942 -0.0313447 -0.0139545 -0.0006754 0.0283971 -0.00448935 0.00269441 -0.0108609 0.00035484 -0.00717546 -0.00633351 -0.0063626 -0.00466444 -0.000923444 -0.00864847 -0.0102857 0.0102826 0.0153302 0.0121431 -0.00117483 0.0304101 0.0193793 -0.0333532 0.00922371 
-0.00464109 -0.00113243 0.00205142 -0.00168176 -0.000431103 -0.00488309 0.000104715 -0.00441566 -0.00434162 -0.00507957 -0.00330345 -0.0039622 -0.00394296 -0.00391021 -0.000196718 -0.00419626 -0.00084026 -0.00805074 0.0487277 0.0105378 -0.00414641 -0.00499162 -0.000673819 0.00384309 -0.00232502 -0.0027589 -0.0043433 -0.00489792 -0.000249408 0.00181456 0.00175898 0.00549621 0.00512182 0.000875029 0.00137018 -0.00387008 0.000297286 0.00199394 -0.0039597 -0.00307669 0.000460124 -0.00755723 0.00034268 -0.000869272 -0.000481603 -0.000141182 -0.00370164 0.00378853 -0.00144372 -0.00460348 0.0102194 0.000903122 0.00402184 0.000943168 -0.000484584 -0.00255506 -0.00141197 -0.00400173 -0.00187831 -0.000511599 0.00170131 0.00245435 0.00260853 -0.00110295 -0.002314 -0.000970298 0.000335142 -0.00426132 0.00568611 0.00245674 -0.000936447 -0.00213985 -0.00579468 -0.00188723 -0.00451158 -0.00118184 -0.000519463 0.00336061 0.00799136 0.00285302 -0.00786426 0.00483549 -0.000723643 0.00138604 -0.000789625 0.000376057 0.00537408 -0.0012548 0.00275661 0.00125751 -0.00145378 0.00240399 -0.000940407 -0.00431286 -0.00383404 0.0111946 0.000487596 0.00179669 0.00364862 -0.00289969 
-0.0232257 -0.0150919 -0.018355 -0.0114078 0.00563643 -0.0184431 0.0171936 -1.07284e-06 -0.00563786 -0.00549261 -0.00648614 -0.0340924 -0.0271453 -0.03866 0.00514072 0.00772504 -0.00503619 -0.0114294 0.0105378 0.231737 -0.00644294 0.0427419 -0.00766008 0.018364 0.00812459 0.0222289 -0.0298411 -0.0206447 0.00275536 -0.00744381 0.00974873 0.0258124 0.0267542 -0.0119393 -0.0040645 -0.00706917 -0.0426521 0.0226944 0.0128501 0.0170985 0.00228474 -0.0255433 0.0170077 -0.00201412 -0.00603983 0.00355082 0.00167437 -0.0205372 -0.0256473 -0.0355908 -0.0209889 -0.00496857 0.0037864 0.00549402 -0.00695365 -0.00737352 -0.00359737 -0.0188935 -0.0341477 -0.00901041 0.00375218 -0.00981218 -0.0176442 -0.00847928 0.0173446 -0.0134393 -0.00349684 0.00211383 -0.0183388 -0.00700509 -0.00727208 -0.0383118 0.0255307 -0.00872493 -0.0273191 -0.0234631 0.0164486 0.0677074 0.0457144 0.00143613 -0.0166951 0.040427 -0.0078382 0.0373844 -0.00480996 0.0033388 0.020322 -0.0124428 -0.0116053 0.000715433 -0.0128997 -0.0386986 0.021743 0.0300859 -0.0503918 0.0664444 -0.00910603 -0.0179186 0.0397049 -0.0158746 
0.00904799 0.00713863 0.0102573 0.00121935 0.00133327 0.0147803 -0.0142855 -0.00604914 -0.013158 -0.0195815 -0.00575736 0.00277379 0.0121823 0.0152163 -0.00252807 0.0238903 0.00242277 0.00282351 -0.00414641 -0.00644294 0.124916 -0.0236102 5.2311e-05 0.00367735 0.00405935 0.00827799 0.00750009 0.00553747 -0.001496 -0.000262982 -0.00667089 -0.00536574 -0.0174792 -0.00384596 0.0105995 -0.00339145 -0.016076 0.00429142 0.00309624 -0.00440772 0.00163999 -0.00617836 -0.00230267 -0.00935438 -0.00364209 0.0101546 0.00169613 -0.0225688 -0.000774523 -0.00395262 -0.00675941 -0.00281647 0.0128416 0.0064485 1.6064e-05 0.00447545 0.0301196 0.0425346 0.0100437 -0.00315338 0.00630766 -0.00327585 -0.0205596 -0.0105824 -0.0228932 -0.00183495 -0.00618933 0.00380548 -0.00763005 0.00404273 -0.012041 -0.0057934 0.00274534 0.00174434 0.0148084 0.000952736 0.0150389 -0.0136683 -0.00520987 0.00372743 0.0260997 -0.0136132 0.00858176 -0.000530478 -0.00120799 -0.009566 -0.0187137 -0.00138437 -0.00336198 0.0112877 -0.0166458 -0.0200806 -0.0074315 0.0028389 -0.0387176 -0.0411445 0.00122681 -0.00204178 -0.0125241 0.0144277 
-0.0198788 0.0108397 -0.00700057 0.00122625 0.0041439 -0.000728787 -0.0161959 0.0235929 -0.0321858 0.0763355 -0.0114549 -0.0104224 -0.0222328 -0.0151398 -0.00526908 -0.000345307 -0.000908869 -0.0279747 -0.00499162 0.0427419 -0.0236102 0.197449 -0.00672191 0.0162078 0.00647577 0.0279922 -0.00916852 -0.0408601 -0.000959522 -0.0207673 -0.00154222 -0.00328025 -0.0278464 0.00303297 -0.0154227 0.0303311 -0.00590064 -0.00358188 0.0241867 -0.00451543 -0.0121132 -0.0391395 0.00250937 -0.0196504 -0.00167065 -0.00623767 0.00275046 0.0143949 -0.0124497 0.00593068 0.0198399 -0.0167905 -0.028984 -0.0029347 -0.00525797 -0.00993637 -0.0123919 -0.0265576 -0.022798 -0.0101161 -0.0029346 -0.00109781 -0.00110495 -0.0103023 -0.0270852 -0.0102813 -0.00878429 -0.00265729 -0.00205025 -0.00187064 -0.00908806 -0.00801408 0.0537939 -0.0302058 -0.0257814 -0.0114374 -0.0232437 0.0304483 -0.00802688 -0.00719357 0.0307575 -0.00738863 -0.00829176 -0.00149286 -0.00333369 -0.00959151 0.0184107 -0.00842556 0.0255552 -0.00532328 0.0229472 -0.0107306 0.0164964 -0.0075368 0.0550888 0.0455459 0.000837499 -0.0145095 0.0406423 -0.0167859 
0.00124178 0.00184473 0.000185125 -7.36825e-05 -0.000391605 0.0032115 -0.00233018 -0.00250619 0.00233793 -0.00559949 -1.20256e-05 0.000949026 0.00123055 -0.000492645 -0.000470182 -0.00140662 9.23412e-05 0.00607871 -0.000673819 -0.00766008 5.2311e-05 -0.00672191 0.0287068 0.00114317 -0.00126264 -0.0024006 -0.00102653 -0.001433 -0.000364944 0.000373436 0.00317474 -0.00122514 -0.00246973 0.00295541 0.00015751 -0.00415795 0.00245665 -0.000184607 -0.00247326 0.000828643 -0.00106603 0.00691747 -0.00112372 -0.000339356 -0.000319763 0.000569146 -0.00185444 0.00357233 0.00101931 0.00234718 -0.00146976 0.00217991 0.000611052 -0.000878372 0.000872373 -0.00299813 -0.000603448 -0.00330241 -0.00137868 0.00025412 -0.000506302 0.00527443 0.00322828 0.00169743 -0.00160732 0.00110888 -0.000548055 -0.00222633 -0.000829638 -0.00166245 -0.00104738 -0.000213534 -0.00284596 -0.00208239 0.00265177 0.00535561 0.000195285 -0.00546659 -0.00270339 0.00164318 -0.00335786 -0.0020976 0.00169165 -0.00182315 0.000480583 -0.00103246 -4.72806e-05 0.00282293 -0.0027125 0.000307905 -0.00328026 0.00256221 -0.000833106 -0.00356116 0.001762 -0.000613214 0.00355363 -0.000729462 -0.00640572 -0.000794913 
-0.0111798 0.00582255 -0.0012753 -0.00343093 0.000232576 -0.0127545 -0.00806732 -0.000490489 -0.0034735 0.0081518 -0.00221618 -0.00516618 -0.00373054 -0.00757049 0.00206321 -0.00629715 -0.00184776 -0.0133195 0.00384309 0.018364 0.00367735 0.0162078 0.00114317 0.108262 0.0126565 0.00486691 -0.0138197 -0.00899794 -0.000314596 -0.00667654 0.00184694 -0.00568324 0.00312291 -7.34341e-05 -0.00537724 0.000218184 0.0104717 -0.0114957 0.00678549 -0.00543205 -0.00611736 0.00779098 -0.00660933 -0.000208217 -0.0023815 -0.0020804 -0.00371768 0.00836834 -0.00413198 -0.0044968 0.00791929 -0.0027481 -0.0101843 0.00206295 -0.00364339 -0.00868253 -0.00238455 -0.0122723 -0.00914989 -0.00302435 -0.000445872 0.00680361 0.0125023 0.00998533 0.000308781 -0.00328455 -0.000729106 -0.0026282 0.00617251 -0.00403447 -0.00818246 -0.00181154 0.00314173 -0.00896441 -0.000870298 0.00890262 -0.00135484 0.00860094 -0.0128828 0.00795129 -0.00443175 -0.0050046 -0.00178481 -0.00187704 -0.000674953 -0.00797004 0.0155264 -0.000346136 -0.0149374 -0.000451109 -0.00389285 -0.0021203 0.00888079 -0.00602362 0.014851 0.0202596 -0.00859667 -0.0130537 -0.0158349 -0.00505307 
-0.00308674 -0.00432224 -0.00452652 -0.00221954 0.000968319 -0.00313777 -0.00789337 0.00585968 -0.0048844 0.00554366 -0.00289342 -0.00366387 0.000162141 -0.0028519 -0.000411479 0.00519272 -0.00225051 -0.00376866 -0.00232502 0.00812459 0.00405935 0.00647577 -0.00126264 0.0126565 0.0870014 0.00187748 0.00092218 0.00804258 -0.000329864 -0.00299103 0.00171888 -0.00613608 -0.0054538 -0.00104724 -0.00480561 0.0172637 -0.00535347 -0.0122874 -0.00411493 -0.00191495 -0.00294429 0.00151243 -0.00369108 0.00951897 -0.000539645 -0.00369801 0.00408059 -0.00339211 -0.0011506 -0.00475328 -0.008272 -0.00326959 0.0011147 0.0042972 0.00294851 -0.00467858 -0.0014963 0.00413484 -0.000360836 0.00187808 -0.000988692 -0.00352976 -0.00908053 -0.00342439 0.000673834 -7.55746e-05 0.0022806 0.00413715 0.00123184 -0.00492487 -0.00745086 0.00272075 0.00994304 0.000440039 -0.00816652 -0.0031317 -0.00548427 -0.0101987 -0.0135439 -0.000837654 -0.0013614 -0.00360678 -0.00252341 -0.00470914 0.0029935 -0.00445978 0.00474262 -0.00165471 -0.00767552 -0.00206987 0.00919106 0.000324861 0.0270078 0.00341152 0.00482204 -0.0108091 -0.00414961 0.00159433 -0.019 -0.00583376 
-0.00487182 0.00987114 -0.000421014 -0.000375727 0.00309148 0.00604406 -0.00940843 0.0151718 -0.00618028 0.00857947 -0.00145559 -0.00643767 -0.00376019 -0.00561378 -0.00124875 0.00858314 -0.00170555 -0.0157791 -0.0027589 0.0222289 0.00827799 0.0279922 -0.0024006 0.00486691 0.00187748 0.109854 0.000169991 -0.015072 0.000433359 -0.00768637 0.000967198 -0.00480053 -0.0222926 -0.000123704 -0.00622511 -0.00451581 -0.0117749 -0.0084455 0.00622877 -0.00814868 -0.00329141 -0.0145672 0.00583847 -0.01172 -0.000678945 0.001201 -0.00583111 0.00537568 -0.000493679 -0.0113834 -0.000407537 -0.00302047 -0.00944731 0.00216233 0.000740663 -0.0121913 0.000108357 0.00109719 -0.0114392 -0.00611464 0.000551 0.00110427 -0.00513037 0.0098069 -0.0138426 -0.00514752 0.000629546 0.000766253 -0.00227064 0.00282087 -0.00730873 -0.0122697 0.0310905 -0.00915313 -0.00175185 -0.00627894 -0.00625011 0.0216794 0.00245584 -0.00270449 0.010026 -0.00260246 -0.00172171 0.0056103 -0.00209833 -0.00203825 0.000772281 -0.00341355 0.0062678 -0.00175126 -0.0110582 -0.00937807 -0.00618807 -0.00977107 0.0117879 0.00421642 -0.00821486 -0.00623362 0.0248724 -0.00655297 
0.00475244 0.00356548 0.00484178 0.0037036 0.000203614 0.0308631 -0.00531254 0.0010633 -0.0147166 0.00822261 -0.0111318 0.00575583 -0.00629887 -0.0110478 0.00374252 0.00754306 0.00285315 0.00739268 -0.0043433 -0.0298411 0.00750009 -0.00916852 -0.00102653 -0.0138197 0.00092218 0.000169991 0.157065 -0.0105126 0.00166291 0.00482992 -0.00253164 -0.00498228 -0.0331633 -0.00337847 0.0104117 0.0105092 0.00687672 -0.0110944 -0.016361 -0.0178736 0.00128288 -0.0234013 -0.0102641 -0.00795394 -0.00114499 -0.00333511 -0.00706377 0.00460455 0.00168248 0.0178129 -0.0085328 -0.0033619 -0.0168138 0.000768308 -0.00123561 -0.00556666 -0.00138305 0.00876717 0.0435821 -0.00579257 -0.00277251 0.00692368 -0.0105711 -0.0114676 -0.0314119 0.00990297 -0.00359763 0.0141461 0.0079923 -0.00667855 -0.00883782 0.00501676 0.0036536 -0.0208815 0.011653 -0.00518026 -0.0191184 -0.0259704 -0.0119499 -0.00200686 0.0214435 -0.00572909 -0.00427929 -0.00648557 -0.000542104 -0.00827617 -0.00785418 -0.00376536 0.0160216 -0.00200206 0.012659 0.0169737 -0.00409645 0.0269475 0.0320766 -0.0448846 0.00415101 -0.00342204 0.00408949 -0.00236756 
0.0186453 -0.0214525 0.00143962 0.0015918 0.00171859 -0.0161148 -0.0147121 -0.00398167 0.042001 -0.0202955 0.0109273 0.0170315 0.0245528 0.0193019 -0.00212386 0.0118414 -0.000351449 -0.0142031 -0.00489792 -0.0206447 0.00553747 -0.0408601 -0.001433 -0.00899794 0.00804258 -0.015072 -0.0105126 0.165961 -0.00155463 0.0236602 0.00361141 -0.013908 0.0314996 -0.00629487 0.00402949 0.0116212 0.00254494 -0.00335066 0.0115972 0.00962805 0.0058582 0.0376465 -0.00863658 0.00854711 0.000500761 0.0024166 0.019441 -0.0207862 -0.00612543 -0.0101616 -0.0176483 0.000283711 0.0165024 0.00154069 0.00412134 -0.0076078 0.00240708 0.00271252 -0.00087845 0.00997843 0.00247063 -0.00575583 -0.00575258 0.015815 0.0351048 0.00313012 0.00753136 0.00429055 -0.007297 -0.00408721 -0.0165561 0.0215139 -0.00312532 0.027055 -0.00406566 0.00654481 0.0314351 -0.0177294 -0.0228191 -0.00223566 -0.00955344 -0.0099522 -0.00137152 -0.00715764 -0.00296475 0.00684775 -0.0169791 0.00744404 -0.0243088 -0.00418876 -0.0277643 -0.0154229 -0.00316125 -0.0178527 -0.0548883 -0.0478992 -0.0202921 -0.0161129 -0.0440487 -0.00197546 
-0.00103873 0.00143245 -4.02231e-05 -5.67464e-05 -0.000329744 -0.000203091 0.00389832 0.00236827 -0.00137356 -0.00421402 -0.00121011 -0.0014318 -0.000242828 -0.00226172 0.00141967 0.000278492 -0.000501056 -0.000631409 -0.000249408 0.00275536 -0.001496 -0.000959522 -0.000364944 -0.000314596 -0.000329864 0.000433359 0.00166291 -0.00155463 0.020885 0.0032221 -0.000158628 0.00218479 -0.00193635 -0.000425087 0.00151488 -0.00437202 -0.00028951 -0.00182737 -0.0029346 -0.00278128 0.00104398 -0.000493461 0.000423065 0.00114815 0.000314787 -0.000479868 -0.00104349 0.00205727 0.00058192 -0.000684331 -0.00258808 -0.000351291 -0.00148925 -0.0002211 0.000152618 -0.00142151 -0.000975893 -0.00149391 -0.000667019 -1.98834e-05 -0.000332345 -9.34738e-05 -0.00127603 0.00223837 0.000391458 -0.000693895 0.000122391 -0.000348396 -0.00100601 -0.000691189 -1.92724e-05 -0.00163493 -0.000316849 -0.000955683 0.00119612 -0.000582153 -0.000479172 0.000285895 0.000642875 0.000795642 -0.00474908 0.0034474 -0.000710194 0.000896389 -1.90962e-05 -0.000407912 0.0034905 -0.000253964 -0.00166774 0.000406039 -0.00208209 6.6051e-05 -0.00192458 -0.000656182 0.00343049 -0.000228713 -0.00140041 -0.00124309 0.00459124 -0.000547825 
0.0034614 -0.00165341 0.00176949 -0.00105668 0.000354708 -0.00645628 -0.00148156 -0.00516616 0.00166771 -0.0227726 -0.00366963 -0.00710358 0.0012581 -0.00158966 0.00167337 -0.00464033 -0.00175807 -0.00459523 0.00181456 -0.00744381 -0.000262982 -0.0207673 0.000373436 -0.00667654 -0.00299103 -0.00768637 0.00482992 0.0236602 0.0032221 0.0955833 0.00190301 0.0032668 0.00905852 -0.000589024 0.001731 -0.00128051 -0.00365353 0.00607967 -0.00425688 -0.00631973 0.0132604 0.0217779 -0.0050754 0.00701527 -0.00186251 0.00139519 -0.000712372 0.00134571 0.00665202 -0.00380483 -0.0102715 0.00435749 -7.45979e-05 -0.0024633 -0.000916174 -0.010015 0.0015092 -0.00460078 -0.00104077 0.00312271 0.00592609 0.000304964 -0.000119338 0.000194226 0.0125097 0.00147797 -0.00113096 -0.00633499 -0.00539264 0.00301158 -0.00448519 -0.00468345 -0.00646413 -0.00488079 0.00824531 0.00244482 0.0189948 -0.0050981 0.00837001 -0.00102409 -0.0131683 -0.004631 -0.000687528 0.00445442 -0.000694662 -0.00220411 -0.00312306 0.00426897 -0.00347543 -0.00049042 -0.00392189 0.0240513 -0.00925574 -0.00568745 -0.0146497 -0.0206719 -0.00819286 -0.0055314 -0.0121331 -0.00355715 
-0.00690873 0.000413399 -0.00361376 6.83983e-05 0.000343151 -0.00476111 -0.00389165 -0.00425338 -7.47736e-05 -0.00395304 -0.0025527 -0.00555404 -0.00386073 -0.00495418 0.00142976 -0.00379033 0.000676981 -0.00653919 0.00175898 0.00974873 -0.00667089 -0.00154222 0.00317474 0.00184694 0.00171888 0.000967198 -0.00253164 0.00361141 -0.000158628 0.00190301 0.0586844 0.00176913 0.00448837 0.000881039 -0.00313535 -0.00693243 -0.00270956 0.00415528 0.0003599 0.000921543 -0.00112919 0.00147742 -0.00191397 -0.00450804 -0.000568448 0.000561016 -0.00421042 0.000383963 -0.0020024 0.00063951 -0.00295635 -0.0002344 0.00104116 0.00364499 0.000825857 -0.00172452 -0.00019087 -0.00528353 -0.00663121 0.00335728 -0.000319258 0.000840371 -0.00119239 0.00642414 -0.000926084 -0.000981267 0.00108759 0.000740155 0.000155661 -0.000184512 -0.00118871 -0.00612137 0.00609972 -0.00167562 -0.00342511 -4.98969e-05 0.00105757 0.00201707 0.00194024 -0.00100066 -0.00669081 -0.000459868 -0.00178683 -5.73626e-06 0.00102875 0.00396546 0.00297788 -3.86392e-05 0.00158045 -0.000257506 0.0014264 0.00136042 0.00266703 -0.00217592 -0.00908577 0.00782287 0.00119208 0.00137579 -0.00600894 -0.00329545 
-0.00759508 -0.00551837 -0.000289468 -0.00258723 -0.000662561 -0.0119033 0.0215865 -0.00543808 -0.00434766 -0.0243022 -0.00685269 -0.000578951 -0.00733542 -0.011259 0.00465129 -0.0102762 -0.00279093 -0.00542438 0.00549621 0.0258124 -0.00536574 -0.00328025 -0.00122514 -0.00568324 -0.00613608 -0.00480053 -0.00498228 -0.013908 0.00218479 0.0032668 0.00176913 0.0859526 0.00843966 -0.0039969 0.0105534 -0.0125969 0.0015247 0.0092588 -0.00425594 -0.00837356 0.00644044 -0.0100898 0.00659191 0.00479813 -0.000429701 -0.00290758 -0.00666132 -0.00864617 -0.00642816 -0.00556387 -0.0047535 -0.0036432 -0.00558695 -0.00313448 -0.00171229 -0.0037665 -0.00426721 -0.0123401 -0.000834943 -0.00142327 -0.00114304 -0.00571064 -0.0113712 0.000379849 -0.000729499 -0.00312508 0.000684141 -0.00896272 -0.00222824 0.00922247 0.00331882 -0.00173768 -0.0160941 -0.00365109 -0.00840026 -0.00802985 0.00201787 0.0188679 0.0380477 -0.00132426 -0.0309699 0.0273694 0.0028386 0.0220787 0.001862 0.00988573 0.00507208 -0.00327906 0.00263635 0.00222852 -0.00821711 -0.00507355 -0.00274168 0.0238154 -0.0114365 0.0161099 0.00915559 -0.00407148 0.0145425 -0.00620825 
0.0125336 -0.0187594 -0.00220106 -0.00171459 -0.00209728 -0.0232779 -0.0123664 -0.0158615 0.0556386 -0.0253055 -0.00166667 0.00893063 0.00261224 -0.00741149 0.00146011 -0.00950884 -0.00655985 0.0130776 0.00512182 0.0267542 -0.0174792 -0.0278464 -0.00246973 0.00312291 -0.0054538 -0.0222926 -0.0331633 0.0314996 -0.00193635 0.00905852 0.00448837 0.00843966 0.20487 -0.00618089 -0.00674363 -0.0139143 -0.00734072 0.0120953 -0.011445 0.0276581 -0.00624738 0.0174639 0.00232042 -0.008796 -0.000692984 0.00390729 0.016501 -0.0147418 -0.0157137 -0.0127836 -0.00444679 0.0207896 0.010874 -0.00214481 -0.00253588 -0.00687449 -0.00178369 -0.0191035 -0.0339825 0.0115314 -0.00299334 0.00909249 0.00125511 0.0141757 0.0382598 0.0019136 0.00783071 -0.013787 -0.0049795 -0.0076253 0.0042426 -0.0106268 -0.0148168 0.0455408 0.0151359 -0.00242429 0.0194587 0.0179975 -0.0109634 0.00888652 -0.0128913 0.00533384 -0.00125134 0.00141254 -0.00435817 -0.00395101 0.00469573 0.00550435 -0.0299184 -0.00509027 -0.0232497 -0.0288563 -2.36323e-06 -0.0134949 -0.0820169 0.0244031 -0.0144928 -0.000730058 -0.0310469 -0.00347751 
-0.000448887 0.00487445 -0.00178126 0.00134655 -0.000881124 0.000952039 -0.00325821 -0.003484 -0.00239129 0.00362847 2.3623e-05 -0.00353593 -0.00227233 -0.00270634 0.00123447 -0.00364648 -0.000995295 -0.00577475 0.000875029 -0.0119393 -0.00384596 0.00303297 0.00295541 -7.34341e-05 -0.00104724 -0.000123704 -0.00337847 -0.00629487 -0.000425087 -0.000589024 0.000881039 -0.0039969 -0.00618089 0.0471893 -0.00320169 0.00180168 0.000241395 -0.00459534 0.00487205 -0.00246714 -0.00241429 0.00449642 -0.00185474 -0.00195091 0.000352255 0.000104717 -0.00300454 0.00726658 0.00551179 -0.000231378 0.0119204 0.00445768 -0.0012829 -0.00153736 0.00158807 0.0023116 -0.00227524 0.000537157 -0.00099079 0.00266541 -0.000534798 0.000170855 -0.000998954 0.00172242 -0.00478832 -0.00140832 -0.000637331 -0.00318147 0.00440927 -0.00112814 0.0033295 0.00180091 0.00165119 -0.00458721 0.00244952 0.000284894 -0.00538847 -0.00206157 -0.00486122 -0.00134547 -0.00326078 -0.00512539 -0.00118389 -0.00309173 -0.000198284 -0.00161804 -0.00219126 0.000404939 -0.00098165 -0.000306885 0.00643399 0.0107352 -0.00203718 -0.00934295 0.0117227 0.00124952 -0.0024214 -8.87057e-05 -0.00165946 -0.00217951 
-0.00710735 -0.00336403 0.00253196 -0.00104692 -3.39664e-05 0.00750554 -0.00291254 -0.00548031 -0.00662051 -0.00899731 -0.00224054 -0.00841469 -0.00465881 0.00583381 -0.00245751 0.00398484 0.00128881 0.00781117 0.00137018 -0.0040645 0.0105995 -0.0154227 0.00015751 -0.00537724 -0.00480561 -0.00622511 0.0104117 0.00402949 0.00151488 0.001731 -0.00313535 0.0105534 -0.00674363 -0.00320169 0.0871473 -0.0120264 0.00336031 -0.00400897 -0.00342841 0.0124593 -0.00184729 -0.0101897 -0.00226517 0.00662593 -0.00081681 -0.00180812 -0.00400654 -0.00995828 -0.00714853 -0.00619698 -0.00714312 -0.00396277 0.010665 -0.00240514 -0.00136966 0.00443079 0.00401106 0.015844 0.00798785 0.000723432 0.00147797 0.00804561 -0.0128088 -0.00173806 -0.00466483 -0.00094745 -0.00280238 0.0188554 -0.00174425 -0.0056063 -0.00781772 0.000725176 -0.0106198 -0.00421272 -0.00205562 -0.00286872 0.00160042 -0.0095811 0.00486226 0.000848844 0.00458556 0.00645943 1.35108e-05 0.00387226 -0.000529582 0.00248012 -0.00281511 -0.000542778 -0.0107497 0.00572901 -0.00838487 -0.0143922 -0.00188153 0.00415839 -0.00243145 -0.012339 0.0132532 0.00831487 -0.0143464 0.00891171 
