0.225832 -0.0120795 0.0415195 -0.00395888 0.0119476 0.00588885 -0.00789552 0.0125952 -0.00766298 -0.0225509 -0.0205955 -0.00802166 -0.00812263 -0.0183412 -0.012802 -0.0064228 -0.0167092 -0.0215929 0.0131599 -0.00201604 0.0187865 -0.00417361 0.0110883 -0.00130253 0.0214283 -0.0286706 -0.0230479 0.0124824 0.0103799 -0.00733441 0.00170053 0.00551825 -0.00244972 -0.0101759 0.003394 0.00347999 -0.00766012 0.0160188 -0.00367372 -0.0071852 0.00103968 0.0104204 0.0107401 -0.00113551 0.00610233 -0.00732472 -0.0122386 0.0449081 0.000265987 -0.00933676 -0.0274712 -0.00592297 0.00587372 -0.0155255 -0.0430397 -0.00342578 0.0115534 -0.0097473 -0.00360528 -0.00456079 -0.00951572 0.0201595 -0.0075075 -0.00391622 0.002884 -0.0184997 -0.0157867 0.0487095 0.00571673 0.0377552 0.00103608 0.0182353 0.00532242 0.00185039 -0.0052661 -0.0204829 -0.0104613 -0.0030176 0.0026821 0.0108362 0.0103072 -0.00511307 -0.00877523 -0.0161677 -0.0210212 -0.00467698 0.0144459 -0.0120818 -0.00979967 -0.00431325 -0.00342769 -0.039414 -0.00402896 0.00614322 -0.0135905 -0.0155338 -0.00350763 -0.0102766 -0.0110706 -0.00717553 
-0.0120795 0.0669275 -0.00997857 -0.00286179 -0.000218675 0.00187503 -0.00304293 0.00108745 -0.00585853 -0.00890737 -0.00313167 -0.00176511 0.0014503 -0.003034 0.00422807 0.00332544 0.0390188 0.00492944 -0.000166193 0.000494272 -0.00538835 -0.00653015 -0.00184381 -0.00889532 -0.00408213 0.00714923 0.0146522 -0.00924037 -0.0133063 -0.00212313 -0.0026304 -0.00177665 0.00117986 0.00113153 -0.000965227 -0.0020271 -0.000103302 0.00273911 0.00172809 -0.00179302 0.00219352 0.0213661 -0.0147802 -0.00100134 -0.00633631 -0.016312 -0.0117599 0.000612356 0.0112012 0.000414495 0.0171332 0.00635872 -0.00163523 -0.00897448 0.033969 0.00011903 -0.00517367 -0.00296207 0.000935839 8.19508e-05 -0.00173976 -0.0185728 -0.000153623 -0.00193105 -0.00212037 0.00532808 0.00958649 -0.00743063 -0.00900813 -0.0118503 0.0186277 -0.00330154 -0.00468911 -0.00106942 0.00071492 -0.00668617 -0.00293544 -0.000675943 -0.00110076 0.0032062 -0.000831469 -0.00278828 0.00117186 0.0196646 -0.00135213 -0.02888 0.00246694 -0.00468709 -0.00475149 -0.000934652 -0.0027624 0.00947659 0.00191387 0.000950766 -0.00345048 -0.00352681 -0.00837217 -0.00233206 0.00122387 -0.00201483 
0.0415195 -0.00997857 0.200003 -0.0041696 -0.0113494 -0.000952362 0.0158511 -0.0133197 -0.0103244 -0.0204528 -0.0129403 0.00882104 -0.00332833 -0.0174248 -0.029801 -0.0112992 -0.0352331 -0.0680346 -0.0301049 -0.00285374 -0.0167104 0.0250373 -0.0326945 0.0129823 -0.0156263 -0.0567323 -0.0106857 0.053752 0.045971 0.0289193 0.010823 -0.00148878 -0.002637 0.00948554 -0.00242175 0.00203587 -0.00182794 -0.0139414 -0.00595774 -0.0105837 -0.0139133 -0.0169244 0.0651303 0.00622523 0.0040994 0.0435712 -0.0452389 -0.0262496 0.000887016 -0.0025043 -0.0221457 -0.00853864 -0.00213358 0.045328 -0.0341528 -0.00410103 0.0159869 -0.00535751 0.00335176 -0.00388977 -0.00293287 0.0580571 -0.00585961 -0.00420724 -0.012128 -0.0139851 -0.0158431 0.0325641 0.0555861 0.0596023 -0.037202 0.00885874 0.00862564 -0.0116455 0.00985397 0.0264663 -0.0255938 -0.00539748 0.0051559 0.00182454 0.0017153 -0.0126978 -0.00828262 -0.0546021 -0.0144145 0.0547602 -0.00548035 -0.0230103 0.0139097 -0.0120545 -0.00268466 -0.0437655 -0.00453168 -0.0042858 -0.011545 -0.0217574 0.0426732 -0.00214721 -0.0130307 -0.0123248 
-0.00395888 -0.00286179 -0.0041696 0.101848 -0.00270006 -0.00296645 -0.000311666 0.016222 0.00570005 -0.00628586 0.0151981 -0.00366192 -0.000786904 -0.00441251 -0.018326 0.00243846 0.0291793 0.0223653 -0.00932937 0.000270861 0.0184427 -0.006641 -0.00361617 -0.000957577 -0.00484482 -0.0347868 -0.00735183 0.00232152 -0.000557016 -0.00646742 -0.00168818 -0.0081916 -0.00184584 0.000233309 -0.00130225 -0.00223846 -2.90317e-05 -1.86421e-05 0.00129459 -0.00587452 0.00617117 0.025957 0.00435169 -0.0019897 -0.0100113 -0.0123854 -0.00127638 0.00645943 -0.0020209 -0.00116606 -0.0042971 -0.00123051 -0.0037196 -0.00668178 0.0193168 3.23963e-05 -0.00804959 -0.00152873 -0.00278725 -0.00380057 -0.00303259 -0.00340458 -0.00258641 -0.00344541 -0.0104024 -0.00770219 0.0100304 -0.00121743 7.76129e-05 -0.00366 -0.00917583 -0.000208755 0.00194947 -0.00510606 0.00052292 -0.0105182 -0.00999029 -0.000251477 -0.00259419 0.00164372 0.00446422 -0.0168317 -5.60818e-05 -0.0151638 -0.00751628 0.016223 -0.0059045 -0.00426427 -0.00540424 -0.00460797 -0.00262321 0.00464608 -0.00101251 -0.00461028 0.00322681 0.0021185 -0.00395964 0.0110176 0.0170049 0.0016493 
0.0119476 -0.000218675 -0.0113494 -0.00270006 0.0566404 0.00763823 0.00334436 0.00686286 -0.00593741 0.00260681 -0.00346389 -0.00265823 -0.00083488 -0.00563006 0.00784843 -0.00111539 -0.00613119 -0.00217415 0.00723394 0.000684456 -0.00956532 -0.00397973 0.0112596 0.0050712 0.00700318 0.0182556 -0.00348587 -0.017376 -0.0126001 -0.0039616 -0.00110592 0.00538013 -0.000552383 -0.00382647 -0.00229588 0.000989577 -0.00116523 0.00607686 -0.00114962 0.00111249 -0.0052877 -0.00233619 -0.00861716 -0.00180555 -0.00351899 -0.0066874 0.00196399 0.0126657 -0.00107721 -0.0024413 -0.00220517 -0.000316068 0.00585715 -0.00558609 -0.0060533 -2.16072e-05 -0.00377564 0.000694477 -0.00207022 -0.000426619 0.00109691 -0.00746964 0.000244454 -0.00117283 -0.00201529 -0.0013302 -0.0056371 -0.00332817 -0.0131895 -0.00970705 0.0148336 -0.00119964 0.00291238 0.0128773 -0.00303146 -0.00436484 0.0138472 -0.000823178 -0.000547869 -0.00156508 0.00122422 -0.000721307 0.000273774 -0.000584412 -0.00290082 -0.014773 0.00136089 0.0110374 -0.00264869 0.00701182 0.00064588 -0.00852806 0.00221218 0.00534642 8.33885e-05 0.000403566 -0.00509045 -0.00613994 -0.00266132 -0.00161493 
0.00588885 0.00187503 -0.000952362 -0.00296645 0.00763823 0.0726965 0.000694226 -0.00460293 -0.00216181 -0.0139909 -0.00161697 0.00195914 0.000999584 -0.00206406 0.0128436 0.000327466 0.00686068 -0.0145513 -0.00261244 0.00148277 -0.00951915 0.000166284 -0.000799499 -0.00804022 -0.00130315 0.012078 -0.00581906 -0.0171594 -0.00817487 -0.00417602 -0.000717923 0.0114913 0.00461098 -0.00403368 -0.00138464 0.00282252 0.0026004 -0.00150482 -0.00068305 0.00082589 0.000653321 0.0115182 -0.0146209 -0.00239753 0.0108632 0.00503009 -0.0158166 -0.00149684 0.000510776 -0.00357428 -0.00101467 -0.00101503 0.00511807 -0.00894623 -0.00118416 -0.000798441 -0.00871785 -4.09018e-05 -0.00143527 -0.000221369 -0.00129813 0.00136677 0.00286772 0.00295346 0.00094969 0.00759098 -0.000321467 0.00945705 -0.0165476 -0.00038077 -0.000484859 0.00216383 0.00428707 0.00330719 0.00126046 -0.0100184 -0.00278702 -0.0016532 0.00175678 0.0064022 0.00318084 -0.00317336 -0.00524922 -0.00450292 0.00773276 -0.00883538 0.00279575 0.00414127 -0.00561915 0.00411379 0.00256259 -0.00560608 0.00218091 -0.00541693 -0.00228507 0.00349057 -0.0057836 -0.00673466 0.00160034 -0.000904545 
-0.00789552 -0.00304293 0.0158511 -0.000311666 0.00334436 0.000694226 0.082843 -0.00369999 -0.00558452 0.00578 0.00794274 -0.00106282 0.00026906 -0.00345996 -0.00568461 -0.001301 -0.0142982 -0.0128343 -0.00154181 0.00050225 -0.00424992 0.00511218 -0.0104336 -0.00897877 -0.00218635 -0.00207554 -0.0057484 -0.00106955 -0.00707607 0.0103901 -0.00167272 0.0021477 -0.000578161 -0.00369579 0.00193553 0.00119581 0.00297267 0.00526074 -0.000894061 -0.000390461 -0.00335301 -6.82252e-05 0.0096999 -0.00248468 -0.000865318 -0.00359351 0.00219063 -0.0149576 -0.00208406 -0.00157865 -0.00391074 0.000943976 0.00745618 0.00881516 0.00237438 0.00306497 -0.00650098 0.00306127 -0.000185772 -0.00174254 0.00042692 -0.00545706 -0.00145375 0.00104205 -0.00224049 -0.0025334 -0.00279303 -0.00266895 -0.00672962 -0.00214458 -0.00485772 -0.00159933 0.0201274 0.00338691 0.00267863 -0.000814844 0.0047165 -0.00177452 0.008266 0.00265053 -0.000127218 -0.0135559 0.00357728 -0.015257 -0.00615099 -0.00396058 -0.0017431 0.00505229 0.000197839 0.00328879 0.00429954 -0.00906579 0.000764499 0.0165742 -0.00121617 -0.00841742 -0.000996175 -0.00708116 -0.00224706 -0.00491955 
0.0125952 0.00108745 -0.0133197 0.016222 0.00686286 -0.00460293 -0.00369999 0.181764 0.0132357 -0.0107898 -0.00555902 -0.00374118 -0.000989862 -0.0174164 -0.020075 -0.00515347 0.0069854 0.0147482 -0.0141336 -0.000351271 -0.0244198 -0.00391077 0.00938214 0.0339263 -0.000308211 -0.0185457 0.0110533 0.0407176 0.0340117 -0.0188574 0.00418534 -0.0114857 -0.0030701 -0.00385172 0.00329485 -0.00130003 -0.00709654 0.0024203 0.000598741 -0.00620061 -0.0170989 -0.0138682 0.036488 -0.00161715 -0.010608 -0.0402402 -0.0196373 0.0108086 -0.00491017 -0.000688122 -0.000737291 0.00121039 -0.00429806 -0.00546196 -0.0097796 -0.00409307 0.0228545 0.00966294 -0.00520909 -0.00878956 -0.00243918 0.00620237 -0.00505645 -0.00648346 -0.0101224 -0.0128777 -0.00165391 -0.00655203 0.0376554 -0.020582 0.00594269 -0.000400209 0.00317348 -0.00186322 -0.00989908 0.00123646 -0.00923542 -0.00645583 0.00114698 -0.00222485 0.00259236 0.011587 -0.0119561 -0.0358384 -0.0123363 0.0238078 -0.00376661 0.015977 -0.0111485 -0.00468489 -0.0103907 -0.0170317 -0.00213612 -0.0169134 0.00929669 -0.00174871 -0.0152055 0.00405898 -0.00555986 -0.00631404 
-0.00766298 -0.00585853 -0.0103244 0.00570005 -0.00593741 -0.00216181 -0.00558452 0.0132357 0.116553 0.0135263 -0.0031718 -0.00169023 0.000731679 0.0115587 -0.00548903 0.000754067 0.0161409 0.0365627 0.0050247 -0.000784358 0.0113775 -0.00785392 -0.00133923 -0.0192329 -0.00483526 -0.000589785 -0.00142589 0.0015176 -0.0229482 -0.0111385 -0.00253357 -0.00570393 -0.000236775 -0.000152444 0.00655203 -0.00203983 0.000170625 -0.000869636 0.000560143 -0.00486153 0.00916101 0.0138113 0.00209807 -0.00401451 -0.0100179 0.00293102 0.0024991 0.0142352 0.00329526 -0.00419063 -0.00193157 -0.00549695 -0.00316032 -0.0109817 -0.000532384 -0.000515912 -0.0116707 -0.000740496 0.000586582 -0.00167235 -0.000254814 0.0012704 -0.00332148 -0.00360463 -0.00711155 0.00184296 0.00799866 -0.00761032 -0.00487578 -0.0177222 -0.00942937 0.00340797 -0.00682686 -0.00288114 -0.00401446 -0.0180083 -0.0093824 0.00256079 -0.00295323 -0.00399677 -0.00123145 0.00506739 -0.00615238 0.00900506 -0.00710122 0.0154504 -0.00408491 -0.00397004 -0.00267114 -0.00509773 -0.00542902 0.00483166 -0.00189281 -0.00159378 0.013773 -0.0040343 -0.0158469 -9.89058e-05 -0.00062677 -0.00261542 
-0.0225509 -0.00890737 -0.0204528 -0.00628586 0.00260681 -0.0139909 0.00578 -0.0107898 0.0135263 0.177952 0.00766371 -0.00273718 0.00054669 0.0176336 0.0243459 0.00400846 -0.0241247 0.0306325 0.0151938 0.000180554 0.000433771 -0.00167085 0.0240998 -0.0418389 0.00984162 0.0365951 -0.00588691 -0.027485 -0.0420874 -0.00660698 -0.00370968 0.0121033 -0.00199742 -0.00374522 -0.00583784 -0.00300489 -7.31883e-05 0.00428755 0.00166842 0.00291629 0.0106927 -0.0286673 -0.0258473 -0.0065138 -0.00754205 -0.0143638 0.0724268 0.00854854 0.000925018 0.000532749 -0.00768671 -0.00682682 -0.00238233 0.00370485 -0.00916849 -0.00054969 -0.0228652 0.0145246 0.00109583 0.000888152 -0.0021154 -0.0221556 -0.00384855 -0.00566754 -0.00874689 -0.0037686 -0.01474 -0.0311116 -0.0328396 -0.0429227 0.0203384 -0.0120592 -0.00770429 0.0029119 -0.008843 0.00144932 3.80922e-06 0.00107728 -0.00799011 -0.0189279 -0.00254454 0.0274947 0.0111019 0.055348 -0.00802206 0.00176086 -0.00579538 0.0145721 -0.00556163 0.000253923 -0.00214931 0.00264086 -0.0018761 0.0191429 0.0015919 0.00100823 -0.0224484 -0.0084623 -0.00656426 0.00701051 
-0.0205955 -0.00313167 -0.0129403 0.0151981 -0.00346389 -0.00161697 0.00794274 -0.00555902 -0.0031718 0.00766371 0.0946342 0.00143143 0.0046295 0.0134658 -0.000483174 0.00666774 0.0203424 0.0196036 -0.00996575 0.000562755 0.00415841 -0.00551488 -0.0035888 -0.020551 -0.00244919 -0.0114581 -0.00717784 -0.0247244 -0.0122601 0.000913584 -0.000442222 -0.0018159 0.000851702 -0.000744172 -0.00253492 -0.00335304 0.00228235 -0.00211166 0.00244937 -0.00402088 0.00842935 0.0148503 -0.0194822 -0.00266311 -0.000283691 -0.00966977 -0.00401191 -0.00700075 0.000136979 -0.00285898 0.00256685 2.44987e-05 -0.00303961 -0.00614314 0.0304101 0.00330316 -0.0108887 0.00358266 0.0116521 -0.000258673 0.00126814 -0.0163291 -0.00169075 -0.00155737 -0.00476138 0.00340008 0.0144883 -0.00906211 -0.0157764 -0.00641535 0.000383545 -0.0041843 0.00226183 -0.00113779 0.00174961 -0.0183114 -0.00601576 -0.00114227 0.000948279 0.00676847 2.4791e-05 -0.00515479 0.00452988 -0.00510931 -0.0019007 -0.0166243 0.00248675 0.00686524 -0.00450943 -0.00482759 -0.00325849 0.00799111 0.00253563 0.00634889 -0.0049727 0.00377892 -0.0129701 0.00650152 0.0218698 0.00373301 
-0.00802166 -0.00176511 0.00882104 -0.00366192 -0.00265823 0.00195914 -0.00106282 -0.00374118 -0.00169023 -0.00273718 0.00143143 0.0526786 -7.01651e-05 -0.000579847 -0.00891679 -0.000696451 -0.00575372 -0.0114818 0.00152332 0.000454812 -0.00890326 0.000729917 -0.00717003 -0.00530333 -0.00257376 -0.00292688 -0.00177715 0.000155218 0.00172376 0.00443424 0.0016883 -0.00116968 0.000415931 -0.00122999 -0.00129706 -0.000518938 0.000209841 -0.00352981 -0.000873955 -0.00133796 -0.0049524 -0.00761751 -0.00183442 0.000311275 0.00696274 -0.000492857 -0.00602505 -0.006162 -0.00129027 -0.000397553 0.00192107 -0.00101417 -0.00174503 0.0113005 -0.00892362 -0.000527115 0.0034729 -0.000708847 0.00174161 -0.000673253 0.00027744 -0.0043157 0.00573062 0.0025146 0.00437539 0.00549517 -0.00412906 -0.00468254 0.000450911 0.003364 -0.0103232 -0.000136713 -0.000991328 -0.000410058 0.00631043 0.0031861 -0.00322022 7.4303e-05 -0.000307089 -0.00065298 -0.000228103 0.00666164 -0.00210314 0.00741685 0.0112066 0.0041064 -0.0022334 -0.00203096 -3.53648e-05 -5.5694e-05 0.00129696 0.00323347 0.000158988 -0.0039417 0.000415057 0.00303912 0.00371129 -0.00134564 -0.00217168 0.00216647 
-0.00812263 0.0014503 -0.00332833 -0.000786904 -0.00083488 0.000999584 0.00026906 -0.000989862 0.000731679 0.00054669 0.0046295 -7.01651e-05 0.0287525 0.00154635 0.00229959 0.00247731 0.00626825 0.00615027 -0.00219829 -0.000495468 -0.00545997 -0.000936475 -0.0013908 -0.0056003 -0.000878459 0.00119077 -0.00155743 -0.00383451 -0.00457831 0.00160257 0.000128538 6.20706e-05 0.000264102 0.000588635 -0.000668296 -0.000522055 -0.000307404 -0.00103436 0.000102003 -0.000580385 0.000173154 0.00250437 -0.00401093 0.000642077 -0.000982933 -0.00203233 0.00162487 0.001757 -0.000317455 -0.000787131 0.00371831 0.00027618 -0.000416591 -0.00221264 0.00354153 0.00146551 -0.00336348 0.00181237 0.00251173 -0.000193315 -8.07385e-05 -0.00557718 -5.22045e-05 0.000205663 -0.00176044 0.00279846 0.0070401 -0.00312387 -0.00309599 -0.00279089 -0.000690531 -0.00114512 0.000329066 -0.000594277 -0.000178856 -0.00429996 -0.00241671 -0.000466333 0.000223379 -0.000401506 -0.000627498 -0.00250936 0.00184112 6.72845e-05 4.83147e-05 -0.00824747 -0.000566748 0.00153435 -0.000642808 0.000180151 -0.00107274 0.00268361 0.00144701 0.000280887 0.00066376 -1.37853e-05 -0.00099261 -0.00110354 0.00226257 -0.000749318 
-0.0183412 -0.003034 -0.0174248 -0.00441251 -0.00563006 -0.00206406 -0.00345996 -0.0174164 0.0115587 0.0176336 0.0134658 -0.000579847 0.00154635 0.116831 0.00955999 0.00177496 0.00355678 0.0115395 -0.00658099 0.0014301 0.00221632 -0.00999803 -0.000916793 -0.0344878 0.00373174 -0.00492876 -0.0111916 -0.0121934 -0.0230552 -0.00573391 -0.00186616 0.00291845 -0.00200901 0.0066714 0.00152097 -0.00223236 0.00946247 -0.00102863 0.000841196 0.024783 0.0265222 -0.001082 -0.0302748 -0.00380133 0.0108529 0.0086342 0.0193161 -0.0145458 0.00449048 -0.00319871 0.00640871 0.00159567 -0.00155094 -0.00235531 0.00782585 0.000197213 -0.0140864 0.00851233 0.0010714 0.00831295 0.0002049 -0.0203022 0.00189365 0.000365701 -0.00505095 0.010966 0.00403499 -0.0100823 -0.0283912 -0.0136379 -0.00884884 -0.00263157 -0.00875918 -0.000560454 -0.00639151 -0.0119391 0.00243534 0.00199211 -0.00147193 -0.00373437 -0.00324095 -0.0142145 0.0120045 0.00753054 0.000795432 -0.0201093 -0.00149945 0.0158564 -0.00357882 0.00316951 -0.00517143 0.00523089 -0.00212775 0.0152641 -0.000233799 0.00792737 -0.0203434 -0.0051992 0.0101679 0.0123799 
-0.012802 0.00422807 -0.029801 -0.018326 0.00784843 0.0128436 -0.00568461 -0.020075 -0.00548903 0.0243459 -0.000483174 -0.00891679 0.00229959 0.00955999 0.209915 0.00504551 0.0168412 0.0178017 0.00924577 -0.00067276 -0.0178363 -0.0170874 0.0423864 -0.0292735 -0.00121444 0.0701452 -0.0139044 -0.069732 -0.0563358 -0.0072231 0.00303558 0.0196314 0.00962046 -0.013096 -0.0106526 0.00803151 0.0108354 -0.000467392 0.00185495 -0.000371755 0.0279096 0.00742659 -0.0451699 -0.0110184 0.00180521 0.0240985 0.0197903 0.0202848 -0.00462031 -0.0077005 0.00729233 -0.00114576 0.00842535 -0.0314354 0.0145281 0.00416692 -0.0331396 0.00154195 0.00318834 0.0165958 -0.0028132 -0.0243864 8.79792e-05 -0.00322491 0.00176939 0.0135806 -0.00824363 -0.0200054 -0.0663579 -0.0432472 0.0130003 -0.00978752 0.000983039 0.0123646 -0.00843226 -0.0300291 0.017814 -0.00194024 -0.00513585 -0.00844601 -0.00290025 0.00906735 0.0120924 0.0377426 0.00121577 -0.0402512 0.0164542 0.0110063 0.00207126 0.00702066 0.00347067 -0.00306973 4.019e-05 0.0121408 -0.0112484 0.00727842 -0.031538 -0.0187708 -0.0107451 0.00247784 
-0.0064228 0.00332544 -0.0112992 0.00243846 -0.00111539 0.000327466 -0.001301 -0.00515347 0.000754067 0.00400846 0.00666774 -0.000696451 0.00247731 0.00177496 0.00504551 0.0468998 0.0104592 0.00946924 0.00716509 0.00026927 -0.00615562 -0.00454518 0.00354799 -0.0126263 0.00535442 0.00545031 -0.000746464 -0.0168401 -0.0134002 -0.00452688 -0.00194367 0.00594999 0.00012954 -0.000761068 -0.00100524 -0.00150781 0.00206489 -1.46312e-05 0.000892541 -0.00122501 0.00256291 0.00844125 -0.0114941 -0.00119095 -0.00463886 -0.00877464 0.00258612 0.0100809 0.000451084 -0.000848369 0.00814894 -0.000258721 -8.54078e-05 -0.00597631 0.0104009 0.000988218 -0.00511532 0.00103894 0.000177374 -0.00124738 -0.000421078 -0.0127109 -0.000247454 -0.00103598 -0.00297323 -0.000620512 0.0127468 -0.00572983 -0.0126216 -0.00880357 0.00919303 -0.000108873 -0.00110075 0.000558909 -0.000800167 -0.00761747 -0.00332882 0.000572516 -0.00116179 0.000673477 0.000372171 -0.00370999 0.00641087 0.0123193 -0.00101636 -0.0201038 0.00299965 0.00110415 -0.00122205 0.000877592 -0.00205845 0.00296305 0.00160514 0.000802646 -0.00116146 -0.00131763 -0.0069087 0.00516428 0.00104734 -0.00106204 
-0.0167092 0.0390188 -0.0352331 0.0291793 -0.00613119 0.00686068 -0.0142982 0.0069854 0.0161409 -0.0241247 0.0203424 -0.00575372 0.00626825 0.00355678 0.0168412 0.0104592 0.21626 0.0627801 0.0059626 -0.000980913 0.0259077 -0.0275446 -0.00194557 -0.0342218 -0.0208153 -0.028323 0.00241871 -0.0315534 -0.0522116 -0.0187423 -0.0130612 -0.0182182 0.00139764 -0.00404895 -0.00398222 -0.00752182 0.00118043 0.00976151 0.00468517 -0.0130187 0.036038 0.106742 -0.04961 -0.0101012 -0.0172413 -0.026442 -0.0100954 0.0519909 0.00821833 -0.00699042 0.0173708 0.0150667 -0.0084961 -0.0335431 0.0988368 0.00385186 -0.0253422 -0.0120137 0.00448045 0.00183925 -0.00696644 -0.0505922 -0.00527718 -0.00785043 -0.0160725 0.0154944 0.0342365 -0.0110693 -0.0315963 -0.0308324 0.0230759 -0.00639304 -0.00520928 -0.0121194 -0.00138468 -0.0493368 -0.0284813 -0.00296144 -0.00336621 0.00567489 0.000205546 -0.0285576 0.00722206 0.0442655 -0.0109181 -0.0549259 0.00970825 -0.013936 -0.0238687 -0.0103103 -0.0124145 0.0391655 0.000672257 0.0197742 -0.010132 0.00370894 -0.0394399 0.00455827 0.0288144 -0.014692 
-0.0215929 0.00492944 -0.0680346 0.0223653 -0.00217415 -0.0145513 -0.0128343 0.0147482 0.0365627 0.0306325 0.0196036 -0.0114818 0.00615027 0.0115395 0.0178017 0.00946924 0.0627801 0.235523 0.00662497 -0.00520051 0.0123159 -0.0196238 0.0209782 -0.0527729 -0.00277608 0.0364442 -0.0138521 -0.0443572 -0.0406864 -0.02661 -0.00634486 -0.0115191 0.000213165 -0.00663362 -0.00499038 -0.0090366 -0.00116885 0.010863 0.00664829 -0.0170017 0.0271388 0.047137 -0.0542562 -0.0123531 -0.028685 -0.0106973 0.0580317 0.0479956 -0.00631235 -0.00574974 0.00804931 -0.00029154 0.001138 -0.0461988 0.0413824 0.00568411 -0.0166972 0.0131989 -0.00253677 -0.00396382 -0.0049623 -0.0596265 -0.00623415 -0.00726354 -0.0150547 0.00105137 0.0151334 -0.0298557 -0.0432831 -0.0504383 0.0342517 -0.00907675 -0.00469069 0.000995308 -0.00810605 -0.042251 -0.00364676 -0.000565072 -0.00720281 -0.00952377 -0.00637082 0.00722151 0.0138247 0.0302272 -0.0117124 -0.0354102 0.00687941 0.00980954 -0.0171092 0.00145933 -0.0129464 0.0235925 0.000715789 0.0330834 -0.00140487 7.32773e-05 -0.0570115 0.016259 0.0234721 -0.00926644 
0.0131599 -0.000166193 -0.0301049 -0.00932937 0.00723394 -0.00261244 -0.00154181 -0.0141336 0.0050247 0.0151938 -0.00996575 0.00152332 -0.00219829 -0.00658099 0.00924577 0.00716509 0.0059626 0.00662497 0.122752 0.000446069 0.0302973 -0.0117744 0.00952217 -0.0308997 0.0146629 0.0323998 -0.00850285 -0.0382276 -0.0261087 -0.0104006 -0.00514017 -0.000989918 -0.00134397 -0.003673 0.00105803 0.000187568 -0.00185405 0.00896109 -0.00075053 -0.00222318 -0.00265169 0.0125324 -0.0271749 -0.00309314 -0.00212444 -0.0130178 0.0201361 0.0406808 -0.00342962 -0.00323098 -0.0061076 0.0161145 0.000376101 -0.0120556 0.0123575 -0.00245575 -0.0157244 -0.00495773 -0.00162938 -0.00243238 -0.00311744 -0.0239256 0.000665746 -8.14961e-05 0.0167836 0.00210256 -0.0115942 -0.0157225 -0.0261657 -0.0206147 -0.00194509 0.00601406 -0.00708494 0.00779607 -0.00256399 -0.0150545 0.00318435 0.00925128 -0.00302146 -0.00475995 -0.00215759 0.0228418 -0.00557839 0.042054 0.00407238 -0.039748 0.000119707 -0.0135238 -0.00611582 -0.00111286 -0.00157605 0.0299115 7.63489e-05 0.000244688 0.00527057 0.00632674 -0.0192508 -3.72887e-05 -0.00472124 -0.00225296 
-0.00201604 0.000494272 -0.00285374 0.000270861 0.000684456 0.00148277 0.00050225 -0.000351271 -0.000784358 0.000180554 0.000562755 0.000454812 -0.000495468 0.0014301 -0.00067276 0.00026927 -0.000980913 -0.00520051 0.000446069 0.0233906 0.00201138 -0.00142728 0.00248952 -0.000910508 7.72749e-05 -0.0012271 -0.000403557 -0.00247012 -0.000271651 0.000315985 -0.000216568 -0.000183554 0.000326691 0.00032918 0.00221647 -0.000442017 0.000650654 0.000103641 0.000210388 0.00303019 -0.00146539 -0.00124193 -0.00153246 -0.000154832 -0.00164405 -0.00537629 -0.00246931 -0.00184623 0.00266324 0.00249383 0.000726754 -0.000566278 0.0005206 -0.00111306 0.001665 0.000810533 0.000837765 -0.000948513 -0.000157762 0.00112765 0.00118622 -0.00305663 0.001401 0.00102811 -0.00135182 -0.00115695 0.00029429 0.0010822 -0.00458404 -0.00105396 -0.00148814 0.000619491 -0.00174034 0.00101732 0.000464281 -0.0011487 0.00152672 -0.000323488 0.00178649 -0.000806284 0.00118814 -0.00220462 0.000468677 -0.00150377 -0.000383963 -0.00268902 -0.000645701 0.000536538 -3.80482e-05 0.0019783 -0.000734581 0.000178229 -0.000323047 -0.00182949 0.000561714 6.69703e-05 -0.00143742 -0.00202725 0.000420755 0.00136984 
0.0187865 -0.00538835 -0.0167104 0.0184427 -0.00956532 -0.00951915 -0.00424992 -0.0244198 0.0113775 0.000433771 0.00415841 -0.00890326 -0.00545997 0.00221632 -0.0178363 -0.00615562 0.0259077 0.0123159 0.0302973 0.00201138 0.201901 -0.0178638 -0.0202067 -0.0111291 0.00392832 -0.0278175 -0.00690853 -0.00860613 -0.0265587 -0.00991057 -0.0119785 -0.0196268 -0.00281851 -0.00955232 0.0109365 -0.00304664 -0.00459198 0.00207173 0.00252381 -0.00375809 0.00965249 0.0569622 -0.0156997 0.00246332 -0.00955508 0.00707114 0.00609178 0.0153868 -0.00320495 -0.00289132 -0.0135531 0.00821199 -0.00282873 -0.0192998 0.026236 -0.000481369 -0.0267781 -0.0136878 -0.00157832 -0.00660007 -0.00388903 0.00898973 -0.0062169 -0.00179429 0.00654845 -0.0158362 -0.0111965 0.0203927 -0.00192716 0.0303803 -0.0273503 0.0102691 -0.00977501 -0.00457478 -0.00765016 -0.0011925 -0.0201864 0.00819684 -0.00721755 -0.000548957 -0.00182587 -0.0155696 -0.00755921 0.012901 -0.0100578 -0.0017116 -0.00211427 -0.0254284 0.00204321 -0.0126953 -0.00929672 0.0270537 -0.00438568 0.00434332 -0.000498383 -0.0108278 0.00285557 0.0110783 0.0100341 -0.00440396 
-0.00417361 -0.00653015 0.0250373 -0.006641 -0.00397973 0.000166284 0.00511218 -0.00391077 -0.00785392 -0.00167085 -0.00551488 0.000729917 -0.000936475 -0.00999803 -0.0170874 -0.00454518 -0.0275446 -0.0196238 -0.0117744 -0.00142728 -0.0178638 0.0967111 -0.0159243 0.0108125 -0.00211873 -0.0148553 0.000390602 0.0291552 0.0400173 0.00807172 -0.00199129 -0.00584643 -0.000133658 0.0089026 -0.000934137 0.000410413 -0.00117434 -0.00525513 -0.0025289 0.00194407 -0.0102001 -0.029133 0.0112924 0.00271323 0.0209986 -0.00559635 -0.00884075 -0.0240442 -0.00439927 0.00588854 -0.00573885 -0.00579538 -0.00272801 0.0162715 -0.0197656 -0.0012202 0.0252161 0.00704628 -0.00288418 -0.00232285 0.00271025 0.0108741 2.4756e-05 0.00293555 0.00833892 0.00238652 -0.00651468 0.00209062 0.01207 0.00468737 -0.00902148 -0.00293353 -0.00138393 -0.00499133 0.00819988 0.0246385 0.00271221 0.000718536 0.0058481 -0.00209355 0.000307484 -0.000206274 -0.000939751 -0.0195744 -0.000370071 0.0205236 -0.00642513 -0.00234302 0.000914542 -0.00531845 0.00442287 -0.0156113 -0.0019316 -0.00446682 0.00116185 -0.0149325 0.005297 -0.000240533 -0.00831798 -0.00562739 
0.0110883 -0.00184381 -0.0326945 -0.00361617 0.0112596 -0.000799499 -0.0104336 0.00938214 -0.00133923 0.0240998 -0.0035888 -0.00717003 -0.0013908 -0.000916793 0.0423864 0.00354799 -0.00194557 0.0209782 0.00952217 0.00248952 -0.0202067 -0.0159243 0.197873 -0.011497 0.0151556 0.0370616 -0.000973129 -0.0560467 -0.0195396 -0.0193112 -0.00383358 0.0192875 0.00191758 -0.00758293 -0.00871825 -0.000137549 -0.000387835 0.00125337 -0.00295871 0.0027588 -0.00385359 0.00148921 -0.0618413 -0.0100082 -0.0201514 -0.0412179 0.0491663 0.0862272 0.00100319 0.00417064 -0.00564372 -0.00420803 -3.048e-05 -0.029718 -0.000858653 0.00421173 -0.00720442 0.00525646 0.00355017 0.0104451 -0.00202762 -0.0307952 0.000215773 -0.0041427 -0.010452 -0.0158395 0.0144185 -0.0250319 -0.0668294 -0.0398566 0.0577512 -0.0032928 -0.0221089 -0.000363059 -0.00671589 -0.0367573 0.000608846 -0.000716687 0.00291441 -0.0119059 0.00373738 -0.000690495 0.0107855 0.0374797 -0.00539813 -0.0374988 0.0048302 0.0288063 -0.00769571 0.0174984 -0.0120421 0.0201477 0.000847897 -0.0135828 -0.0135309 0.043337 -0.0346758 -0.000918416 -0.00860435 0.0101049 
-0.00130253 -0.00889532 0.0129823 -0.000957577 0.0050712 -0.00804022 -0.00897877 0.0339263 -0.0192329 -0.0418389 -0.020551 -0.00530333 -0.0056003 -0.0344878 -0.0292735 -0.0126263 -0.0342218 -0.0527729 -0.0308997 -0.000910508 -0.0111291 0.0108125 -0.011497 0.233226 -0.00547108 -0.0339192 0.0425137 0.0884256 0.082064 -0.00669685 0.00832308 0.00465342 -0.00608742 -0.00811068 0.000358812 0.00322229 -0.00776282 -0.0177556 -0.00617793 -0.00221872 -0.0276195 -0.0614231 0.0932022 0.0111009 -0.00318871 -0.0154651 -0.0350404 -0.0263409 -0.00856406 -0.00221601 -0.0175213 -0.0156495 -0.00839122 0.021061 -0.0322402 -0.00651935 0.0346676 -0.0117311 -0.00848436 -0.00998376 0.00835415 0.0488197 -0.00210006 -0.00769478 -0.0067164 -0.0207193 -0.0210844 0.0148095 0.0845057 0.0208557 -0.00374477 -0.011994 -0.00386927 -0.0139968 -0.0111283 0.0529784 0.0178697 -0.00859879 0.000256973 -0.0116172 -0.0041998 -0.00395895 -0.021588 -0.0695788 -0.00797502 0.0818008 -0.0109457 -0.0119984 0.00370159 0.00668274 0.00829435 -0.047915 -0.00219772 -0.0228818 0.00945897 -0.0142572 0.0415885 0.00436594 -0.0193454 -0.0067489 
0.0214283 -0.00408213 -0.0156263 -0.00484482 0.00700318 -0.00130315 -0.00218635 -0.000308211 -0.00483526 0.00984162 -0.00244919 -0.00257376 -0.000878459 0.00373174 -0.00121444 0.00535442 -0.0208153 -0.00277608 0.0146629 7.72749e-05 0.00392832 -0.00211873 0.0151556 -0.00547108 0.0723625 0.0210646 -0.00329359 -0.0131581 -0.00418701 -0.00537663 0.00031888 0.012459 -2.62041e-05 0.00210721 0.00145931 0.0019119 -0.000504012 0.00469713 0.0014789 0.0107132 -0.00420375 -0.0113713 -0.013927 -0.000567916 -0.00177151 -0.0156881 0.0175749 0.0142932 -0.00209218 4.79099e-05 -0.00257376 0.000737785 0.00219914 -0.00620149 -0.0110647 0.000366495 -0.00329246 -0.00173183 -0.000935732 -0.00151727 -0.0014071 -0.0130536 -0.000951953 0.000587139 0.00557902 -0.0036368 -0.00554014 -0.0050881 -0.0231454 -0.0131748 0.0173961 0.00236926 -0.00093931 0.00636746 -0.00386295 -0.000307227 0.00244471 0.00345735 -0.000687989 -0.00374529 -9.08593e-05 0.00480065 7.96487e-05 0.00806954 -0.0038122 -0.0265976 0.00387636 0.00798374 -0.00302702 0.00592944 -0.00118765 -0.00663652 -0.000518473 -0.00188183 -0.000786311 -0.0044859 -0.0102001 -0.000516066 -0.00343637 -0.000230413 
-0.0286706 0.00714923 -0.0567323 -0.0347868 0.0182556 0.012078 -0.00207554 -0.0185457 -0.000589785 0.0365951 -0.0114581 -0.00292688 0.00119077 -0.00492876 0.0701452 0.00545031 -0.028323 0.0364442 0.0323998 -0.0012271 -0.0278175 -0.0148553 0.0370616 -0.0339192 0.0210646 0.241539 0.00160845 -0.0955364 -0.0566231 -0.0183532 -0.00462314 0.0255254 0.00495306 -0.00394642 -0.0110593 0.00463938 0.00241987 0.00770008 -0.00168227 0.0149302 -0.014198 -0.0217537 -0.0664581 -0.0107468 -0.00341053 0.0110111 0.0450147 0.0270229 -0.0118476 -9.85002e-05 0.023896 0.00707634 0.0149932 -0.042167 -0.00733317 -0.00481521 -0.0336256 0.00551965 -0.00350942 0.00420033 0.000998991 -0.0513962 0.00692788 0.00734362 0.0202394 0.0156436 -0.00619041 -0.0463361 -0.0845772 -0.0666964 0.0463124 -0.0114367 0.00355043 0.0204616 0.00166324 -0.0287698 0.0322784 0.000392871 -0.00655652 -0.0200564 -0.0057676 0.0566522 -0.00733846 0.0559722 0.0315577 -0.0543645 -0.000396273 0.0248232 -0.00940328 0.0226962 0.00745252 0.0354119 0.00339655 0.00398939 -0.00427742 0.0251846 -0.0469965 -0.0160452 -0.0140375 0.0164534 
-0.0230479 0.0146522 -0.0106857 -0.00735183 -0.00348587 -0.00581906 -0.0057484 0.0110533 -0.00142589 -0.00588691 -0.00717784 -0.00177715 -0.00155743 -0.0111916 -0.0139044 -0.000746464 0.00241871 -0.0138521 -0.00850285 -0.000403557 -0.00690853 0.000390602 -0.000973129 0.0425137 -0.00329359 0.00160845 0.114335 0.0294452 0.00791344 -0.00775349 -0.00432306 -0.00195065 -0.00235659 0.00136795 0.00390681 -0.00199829 -0.0022604 -0.00494796 -0.00102141 -0.00317178 -0.00779499 -0.0136452 0.0134792 0.00435476 -0.00828536 -0.0156278 -0.0152478 -0.0148468 0.00717448 0.00806288 -0.000328225 -0.00329619 -0.00506765 -0.00318873 0.00727508 -0.00249425 0.00720653 -0.0058464 -0.00174538 -0.00119536 0.00458337 -0.00293719 -0.000244519 -0.0022092 0.00180905 -0.00311231 -0.00606646 -0.0105043 0.0282421 -0.00780106 0.0159983 -0.00111118 -0.0123182 -0.00503923 -0.000410565 0.0156762 0.00317814 -0.00208436 -0.000383701 -0.00545046 -0.000565282 0.020685 -0.00613398 -0.00475085 0.00444371 0.00524673 0.000548493 -0.00769868 -0.00498316 0.00042898 -0.00322662 -0.00564765 -0.000480365 -0.0111654 0.00175595 -0.011658 0.00061656 0.005227 -0.0060718 -0.0014094 
0.0124824 -0.00924037 0.053752 0.00232152 -0.017376 -0.0171594 -0.00106955 0.0407176 0.0015176 -0.027485 -0.0247244 0.000155218 -0.00383451 -0.0121934 -0.069732 -0.0168401 -0.0315534 -0.0443572 -0.0382276 -0.00247012 -0.00860613 0.0291552 -0.0560467 0.0884256 -0.0131581 -0.0955364 0.0294452 0.249818 0.0698624 0.0176483 0.00572713 -0.0224926 -0.0102035 0.00639 0.011447 -0.00607913 -0.00644497 -0.0193712 -0.00781148 -0.0123161 -0.0131834 -0.0497961 0.107613 0.0122208 0.00566967 -0.00870008 -0.048715 -0.0607706 0.00721193 -0.00240459 -0.0339897 -0.0202834 -0.0128234 0.0541981 -0.0391544 -0.00754811 0.0404834 0.0022092 -0.00401072 -0.0158306 0.00682547 0.0478734 -0.00715349 -0.00989355 0.00106347 -0.0242918 -0.0275172 0.040267 0.123286 0.0577039 -0.0194031 -0.00368742 -0.000479823 -0.0206906 -0.0110865 0.07314 0.00154831 -0.00577401 0.00544798 -0.00947404 -0.00646392 0.000328319 -0.0153082 -0.0704503 -0.0239271 0.0854548 -0.00709763 -0.0121692 0.00243167 -0.0145338 -0.00304159 -0.0802648 -0.00504573 -0.0130216 0.0156165 -0.0623306 0.0479741 0.0187886 -0.0154038 -0.0161713 
0.0103799 -0.0133063 0.045971 -0.000557016 -0.0126001 -0.00817487 -0.00707607 0.0340117 -0.0229482 -0.0420874 -0.0122601 0.00172376 -0.00457831 -0.0230552 -0.0563358 -0.0134002 -0.0522116 -0.0406864 -0.0261087 -0.000271651 -0.0265587 0.0400173 -0.0195396 0.082064 -0.00418701 -0.0566231 0.00791344 0.0698624 0.225742 0.0174978 0.0105529 -0.00632898 -0.000481622 0.0129411 0.0035264 -0.00304666 -0.00493526 -0.0172871 -0.0042062 -0.001088 -0.0340153 -0.0690229 0.0600528 0.0136616 0.0148664 -0.0229127 -0.0322128 -0.0369582 -0.00809914 0.006021 -0.010989 -0.00740109 -0.011156 0.0294884 -0.0314609 -0.00544953 0.0593461 -0.00322443 -0.0114198 -0.0095377 -0.000313722 0.0453993 -0.000456567 0.00355863 -0.00485287 -0.0100673 -0.00491596 0.0289821 0.0591801 0.0430044 -0.0374081 -0.00182207 -0.00728562 -0.0126761 0.00693752 0.0319114 -0.00648975 -0.00577418 0.0105799 0.00166239 -0.00388858 -0.00138019 -0.0164347 -0.0765875 -0.00816758 0.0605946 -0.0164763 -0.014924 0.00792629 -0.00688269 -0.00234285 -0.0228744 -0.00607958 -0.0256879 0.0101054 -0.00433498 0.0356269 -0.000977787 -0.0100106 -0.00819802 
-0.00733441 -0.00212313 0.0289193 -0.00646742 -0.0039616 -0.00417602 0.0103901 -0.0188574 -0.0111385 -0.00660698 0.000913584 0.00443424 0.00160257 -0.00573391 -0.0072231 -0.00452688 -0.0187423 -0.02661 -0.0104006 0.000315985 -0.00991057 0.00807172 -0.0193112 -0.00669685 -0.00537663 -0.0183532 -0.00775349 0.0176483 0.0174978 0.0935861 0.00626705 -0.00610428 0.00204461 5.78034e-05 0.00168141 -0.00141322 -0.00168427 -0.00390659 -0.000164609 -0.00377414 -0.00318284 -0.0144098 0.0217845 0.0068343 -0.000860973 0.00951866 -0.0159529 -0.0351337 0.00181966 -0.000294616 0.00106684 -0.00336821 0.00351273 0.0262595 -0.0052753 -0.00048844 0.0144764 -0.00338103 0.00187358 0.00328144 0.000502551 0.0117676 0.00148525 0.00473344 -0.00325299 0.00515256 -0.000227367 0.00645381 0.0169805 0.024757 -0.0211013 -0.00211663 0.00438779 0.000231715 0.0097614 0.0132703 -0.00437954 0.000250817 0.00158791 0.00582039 -0.00116474 -0.0138128 0.0005644 -0.0205424 -0.00169503 -0.00192915 -0.0042987 -0.00967682 0.018013 -0.00462669 0.00412494 -0.0141558 -0.00096483 -0.00710926 -0.000841749 -0.00999581 0.026904 -0.00857356 -0.00387302 -0.00557041 
0.00170053 -0.0026304 0.010823 -0.00168818 -0.00110592 -0.000717923 -0.00167272 0.00418534 -0.00253357 -0.00370968 -0.000442222 0.0016883 0.000128538 -0.00186616 0.00303558 -0.00194367 -0.0130612 -0.00634486 -0.00514017 -0.000216568 -0.0119785 -0.00199129 -0.00383358 0.00832308 0.00031888 -0.00462314 -0.00432306 0.00572713 0.0105529 0.00626705 0.0505235 -0.000402621 0.000796716 -0.00118197 -0.000928722 0.00674846 -0.00023361 -0.00227023 0.000679463 -0.00263258 -0.00141422 -0.0114264 0.0119524 0.000148782 0.0022327 0.00521234 -0.00719828 -0.0111628 -0.00167125 -0.00150062 -0.00247606 -0.000912863 -0.00100537 0.00478023 -0.00965231 8.23761e-05 0.00533969 -0.00117315 -0.000146034 -0.00104338 0.000202598 0.0130174 -0.00098972 -0.000900366 -0.00120654 -0.00333947 -0.00401559 -0.00190451 0.00962871 0.0011103 -0.00916915 -0.000208583 0.00435285 0.000227048 -0.00195221 0.00640263 0.00179842 -0.000324696 -0.0010833 -0.0010777 -0.00125295 0.00108263 -0.00244892 -0.0124419 -0.002704 0.0121388 -0.00238471 -0.0029924 0.000380517 -3.69351e-05 0.00108488 -0.00787445 -4.42749e-05 -0.00247661 -0.00169698 -0.000155162 0.00548648 -0.00248242 -0.00336837 -0.00137306 
0.00551825 -0.00177665 -0.00148878 -0.0081916 0.00538013 0.0114913 0.0021477 -0.0114857 -0.00570393 0.0121033 -0.0018159 -0.00116968 6.20706e-05 0.00291845 0.0196314 0.00594999 -0.0182182 -0.0115191 -0.000989918 -0.000183554 -0.0196268 -0.00584643 0.0192875 0.00465342 0.012459 0.0255254 -0.00195065 -0.0224926 -0.00632898 -0.00610428 -0.000402621 0.105284 0.00340485 -0.00306789 -0.00267563 0.00431946 0.0128999 0.000144301 -0.00124702 0.00898675 -0.00175855 -0.0158821 -0.00907573 -0.00091766 -6.2188e-05 -0.00591437 0.00952488 0.00712419 -0.00113889 -0.000826229 -0.00249998 -0.00433562 0.00181576 -0.0122229 -0.00791598 -0.000157456 -0.00709885 -0.00345718 0.00165137 0.00023066 -0.000300945 -0.00665463 0.001502 0.00167775 1.82347e-05 0.00289999 -0.00623319 -0.00881749 -0.0222015 -0.0104694 0.0125146 0.000832079 0.00138 0.00384789 0.00296417 -0.0106107 -0.00216462 -0.00139362 0.000537183 -0.00417006 0.00166492 0.00152828 -0.0031296 0.00956423 -0.00331462 -0.0126617 0.000399499 0.00881753 -0.00530465 0.0055112 0.00253336 -0.0171677 -0.00154012 0.000490387 -0.00473392 0.00441257 -0.0105046 -0.00598461 -0.00443416 0.00173178 
-0.00244972 0.00117986 -0.002637 -0.00184584 -0.000552383 0.00461098 -0.000578161 -0.0030701 -0.000236775 -0.00199742 0.000851702 0.000415931 0.000264102 -0.00200901 0.00962046 0.00012954 0.00139764 0.000213165 -0.00134397 0.000326691 -0.00281851 -0.000133658 0.00191758 -0.00608742 -2.62041e-05 0.00495306 -0.00235659 -0.0102035 -0.000481622 0.00204461 0.000796716 0.00340485 0.0285983 0.00098305 -0.000820802 0.00144854 0.00141734 0.00129816 0.000457966 -0.00130477 0.000505661 7.16762e-07 -0.00803419 -0.000621825 0.00245741 0.000775198 -0.00199633 -0.00564334 0.000523833 0.00117905 0.00492035 0.00182748 0.000616725 -0.00263785 0.00144203 0.000676004 -0.00255053 -0.00131424 0.00146625 0.00228927 -0.000823764 0.00166516 0.00148836 0.000950348 -0.000701629 0.00534389 0.00211024 -0.00070288 -0.00932057 -0.004366 -0.0022512 -0.000952115 0.000589173 0.000936988 0.00267847 -0.00390919 -0.00177609 -0.000116078 -7.14274e-05 0.00032984 3.49381e-06 -0.00375234 0.00228218 0.000936399 0.00131439 -0.00523072 -0.00120775 -0.00204324 -0.00038631 -0.000315618 0.00109724 0.00229246 0.000380484 -0.000919382 -0.00118217 0.0009741 -0.00295856 -0.00259491 -0.000593904 -0.000455914 
-0.0101759 0.00113153 0.00948554 0.000233309 -0.00382647 -0.00403368 -0.00369579 -0.00385172 -0.000152444 -0.00374522 -0.000744172 -0.00122999 0.000588635 0.0066714 -0.013096 -0.000761068 -0.00404895 -0.00663362 -0.003673 0.00032918 -0.00955232 0.0089026 -0.00758293 -0.00811068 0.00210721 -0.00394642 0.00136795 0.00639 0.0129411 5.78034e-05 -0.00118197 -0.00306789 0.00098305 0.069516 -0.00095565 -0.00114085 0.00076929 -0.00449157 -0.00142963 0.00653158 -0.00547943 -0.0156537 -0.00127096 0.00308589 0.00127492 -0.00292917 -0.00571437 -0.0131893 0.000136263 0.0119066 0.00493624 -0.000166 -0.00184096 0.00701054 -0.00844965 -0.000482185 0.00405128 -0.000315397 0.000580362 0.00206052 0.00255377 -0.00594296 0.0011623 0.00324295 0.000858738 0.0052411 0.00314727 -0.00465048 0.0020102 -0.00433045 -0.0099867 -0.00115502 -0.00350049 -0.0018591 0.0057873 0.00302449 -0.000286651 0.00458356 0.00343173 -0.00465001 -0.00145019 -0.00241889 0.00230069 -0.00107261 0.000403624 -0.00704048 -0.00419551 -0.00266827 0.00360305 -0.00188526 0.000362751 0.00818626 -0.000697018 -0.00492278 -0.000292758 -0.00355071 -0.0018038 0.0100917 -0.00104529 0.00298428 
0.003394 -0.000965227 -0.00242175 -0.00130225 -0.00229588 -0.00138464 0.00193553 0.00329485 0.00655203 -0.00583784 -0.00253492 -0.00129706 -0.000668296 0.00152097 -0.0106526 -0.00100524 -0.00398222 -0.00499038 0.00105803 0.00221647 0.0109365 -0.000934137 -0.00871825 0.000358812 0.00145931 -0.0110593 0.00390681 0.011447 0.0035264 0.00168141 -0.000928722 -0.00267563 -0.000820802 -0.00095565 0.0437105 3.33138e-05 -0.000373977 0.000129879 -0.000931758 -0.00189591 -0.00191851 -0.00242758 0.0113525 0.00111738 -0.000104325 -0.00550998 -0.00620093 -0.00680208 0.00586039 -0.00145603 -0.00323719 0.000721098 0.000153979 0.00127273 -0.00324709 -0.000379687 0.00344957 -0.000953053 0.000629151 -0.00177858 0.00170143 0.00351754 -0.000971297 0.0010929 0.00583806 -0.00281641 -0.00160741 0.00672287 0.00748989 0.00610417 -0.00878786 0.00371335 0.00162033 0.00023319 0.000756374 -0.00334749 -0.00352706 0.000922435 0.00388092 0.000301015 0.00125846 -0.00216131 -0.00289908 -0.00897241 -0.00351604 0.00320316 -0.00184298 -0.00515145 -0.00141081 -0.00165666 1.62986e-05 -0.00352577 -0.000740348 -0.00469258 0.0046412 -0.00549714 -0.00230364 -0.00351144 -0.000544423 -0.0026012 
