0.113199 0.00474356 -0.00237791 -0.00548552 0.0117847 -0.00163838 -0.00224609 -0.00419585 -0.000706055 0.00111654 4.70071e-06 0.0143668 -0.0131636 -0.00378954 -0.00385331 0.00374573 0.00267396 -0.00108132 0.000544993 0.00146906 -0.0125927 -0.00565515 0.00184274 0.00105896 -0.00420505 0.00863418 0.00584165 -0.000964443 -0.00774601 -0.0149367 -0.00279467 0.000178397 0.00835161 0.0137911 -0.0320428 0.00409314 0.000910618 0.0222958 -0.00320911 -0.00279472 -0.00942214 -0.00725138 -0.00201052 0.00742281 -0.00120757 -0.00559391 0.0136069 -0.00154487 0.0122406 6.34257e-05 -0.00668219 -0.0215564 0.00192552 -0.00426749 -0.00665229 -0.00778903 -0.00806255 0.00379411 0.0025492 -0.000865823 0.00263319 -0.00143277 -0.000469945 0.00881184 0.0153789 0.00270173 0.00422886 -0.000464158 0.00349605 0.000899965 -0.00761393 -6.24266e-05 -0.000193299 0.0065636 -0.00150516 -0.0192505 0.00596474 -0.00679998 -0.00186399 0.00152035 0.0015456 0.00641347 0.00055299 0.000757258 -0.00184986 0.00149097 -0.00219453 0.0138167 -0.00973202 -0.0205415 -0.00151628 -0.00330365 -0.0104922 -0.0121243 -0.00277733 -0.00587625 0.00518976 -0.0229508 -0.00364185 0.000825636 
0.00474356 0.248076 -0.00317429 -0.00753025 -0.0244029 -0.00143542 -0.00248326 0.00188319 -0.00191914 -0.0286507 0.00095576 -0.00474044 -0.00264121 -0.0110428 -0.00889961 0.0167515 -0.00215112 -0.00377989 -0.0117871 -0.00690672 -0.0402688 -0.0238608 -0.0131029 -0.0173178 -0.0119608 0.000191176 0.00170961 -0.00191253 0.00747969 -0.000642782 -0.00157694 -0.00221815 0.0469029 0.0426887 0.0475697 0.0121252 -0.00618397 0.00702358 -0.000199447 -0.00786147 0.0437079 -0.00834708 -0.00882231 -0.022072 -0.0120987 -0.0279689 0.0232941 -0.00410932 0.0230979 -0.00130376 -0.0160558 -0.0101434 0.0328088 -0.00950203 -0.00566883 -0.0124666 -0.0277813 0.016939 -0.0115782 -0.00176574 0.00114764 -0.0199691 -0.00898781 0.0122672 0.0295544 0.00192446 -0.00577106 -0.00252129 -0.00268159 -0.00384834 -0.0251586 -0.00208561 -0.000747059 -0.0130797 -0.0061093 0.0220146 0.0233402 -0.01344 -0.0152339 -0.00892966 -0.00401074 -0.00593301 -0.0205832 -0.00126517 -0.0157986 0.00132205 -0.0189092 -0.00174733 -0.0122152 0.00100931 -0.00958822 -0.00828078 -0.0138958 0.0387131 -0.0228861 -0.0167453 0.00482168 0.0107988 -0.0099691 -0.00613606 
-0.00237791 -0.00317429 0.0480585 -0.00329782 0.000418258 0.00124788 -0.000620019 0.0135404 -0.000262384 -0.00510851 0.000227067 0.00212855 0.00433015 0.00226728 0.00182905 0.000785633 0.00145505 -0.00113569 -0.00104567 0.000944877 -0.00681247 -0.00162616 -0.000995877 0.0011752 -0.000718107 -0.000595534 0.00565657 -0.000128707 3.54148e-05 -0.000435826 -0.000118098 6.30976e-05 -0.00174635 -0.0111397 -0.00709514 -0.00812604 -0.00201744 0.000512608 0.000421308 -0.000995689 -0.012354 0.00752541 0.000380222 0.000825683 -0.000731627 -0.00282382 -0.00194022 -0.000395716 -0.00125051 -0.000202958 -0.000891252 0.0123988 -0.0022799 0.00935297 0.0014829 -0.000669249 -0.00271813 -0.0131142 -0.000939079 -0.000133911 0.000556255 0.00183791 5.74535e-05 0.00117479 -0.00241567 -0.00187287 -0.000710323 0.000161892 -0.000710229 0.00133289 0.00352047 -0.000333214 0.000179075 -0.00244953 -0.000810383 -0.00505706 -0.000271692 -0.00172199 0.00161779 -4.73496e-05 -0.000188926 -0.00107696 -0.00260376 0.000110318 0.0026786 0.000350597 0.00516915 0.00128143 -0.00197146 -0.00438374 0.00182022 0.00140464 -0.00233516 -0.00325836 -0.000203949 0.00111595 -0.00135417 -0.010599 0.00330254 -0.000341136 
-0.00548552 -0.00753025 -0.00329782 0.139191 0.00812298 -0.000375299 0.00399927 -0.0198074 0.0011792 0.00245935 0.000552106 -0.0155881 0.0417952 -0.00482627 0.00158148 -0.00608976 -0.00196759 -0.00483191 0.00268497 -0.000709316 -0.0171251 -0.032861 0.000909732 -0.00392849 0.0147609 -0.00926483 -0.00846397 0.000227479 -0.000365863 0.017498 -0.000641409 -0.000343477 -0.0071462 -0.00474349 0.00528684 -0.0230214 -0.00905934 -0.0124229 -0.00232242 -0.00101105 0.0174357 0.0050299 -0.00631623 -0.0106095 0.000518948 -0.00146738 -0.0379047 0.00109067 -0.0133185 -0.000246218 0.00349855 0.00217005 -0.0112127 -0.00307687 0.00304552 0.00113288 0.0219344 -0.0346281 0.00443975 -0.000777842 -0.00438392 -0.00167964 -0.00155707 -0.00296418 -0.0424532 0.00784152 0.000684608 -0.00156599 -0.000474074 -0.0018486 -0.00480796 0.000408409 0.000230369 0.00447558 0.00299923 0.00151403 0.0238429 -0.00968662 0.00155153 -0.00185069 -0.0011385 -0.000705416 -0.00175451 -0.00137128 -0.00397486 -0.00189761 -0.00373409 -0.0115032 0.00733879 0.0104085 -0.00114936 0.00962939 0.0194062 -0.0164742 0.00149291 -0.00310082 -0.00519043 0.0309536 0.0244109 0.000321683 
0.0117847 -0.0244029 0.000418258 0.00812298 0.108956 0.0146223 0.00226267 0.00452388 0.000105294 -0.00748871 -0.00011891 -0.00756867 0.0235858 -0.0015801 0.00267543 0.000455992 0.00384453 -0.00290175 0.00874242 0.00533129 0.00774108 -0.000318238 0.00363268 0.0078013 0.000877111 -0.00217997 0.00238207 -0.000665206 -0.00364488 -0.0251348 -0.00141966 9.2031e-05 -0.0183884 -0.0269332 -0.0353711 -0.0175588 0.0052222 0.00320422 -0.00312706 -0.000224954 -0.0206192 -0.00264083 -0.00293845 0.00661426 0.00453286 0.0154781 -0.0169063 0.00540204 -0.00789223 -4.47857e-06 0.00398231 0.0103505 -0.0109335 0.000975525 -0.00279424 0.0103508 0.0323598 -0.0376783 0.0117723 0.000421822 -0.00192571 0.00897973 0.00192094 -0.00125444 -0.0318558 -0.00139723 -0.00520035 0.000401354 0.00311443 0.00652046 -0.00289474 0.00155733 0.000389088 0.013628 -0.00350584 -0.00928267 -0.00238044 -0.00704716 0.0124993 -0.000591944 -0.000411915 0.00282777 0.00704392 0.00163893 -0.00150243 -0.000730532 0.018064 -0.000448163 -0.000804245 -0.00603534 0.00543042 0.00475644 -0.0111257 -0.0385966 2.6441e-05 -0.00193763 0.0030276 -0.0135546 0.00404505 -0.000577614 
-0.00163838 -0.00143542 0.00124788 -0.000375299 0.0146223 0.116063 0.00405235 -0.014642 -0.000115493 -0.00252861 -0.000841217 -0.0122763 0.0174706 -0.00367015 0.00540281 0.0182167 5.84184e-05 -0.00112495 -9.51048e-05 -0.00184957 0.0176537 -0.0280179 0.00591074 0.0140375 -0.00181155 -0.00525616 -0.00727087 -0.000707559 -0.00201006 -0.0143516 0.00142804 5.38267e-06 -0.0241161 -0.0141564 -0.00962444 -0.0134255 -0.00445046 -0.00398929 0.0013602 7.91277e-05 -0.0155471 -0.00125196 -0.00752291 0.00203708 -0.0039801 0.000229573 -0.0220776 0.00111464 -0.0096125 0.00118231 -0.00206106 0.016125 -0.00441216 -0.00787368 -0.00179321 0.0167499 0.00773552 -0.0066068 0.0014612 -0.000367898 0.000161984 0.00308676 -1.44576e-05 0.014257 -0.0127703 0.00210201 -0.00100298 -0.000215551 0.0190304 0.000181268 0.0021862 0.000416596 -9.86573e-05 0.00328617 0.00161038 0.0279513 -0.0215965 0.00289872 0.00100392 -0.00204155 -0.000150896 0.00564684 -0.00704763 0.00048107 0.00121845 -0.000179642 -0.00302261 -0.0122998 -0.00243566 -0.007212 -0.00209532 0.00106587 -0.00326191 -0.0223667 -0.00639783 0.00320519 -0.000519463 -0.00527049 0.00774511 0.00110736 
-0.00224609 -0.00248326 -0.000620019 0.00399927 0.00226267 0.00405235 0.0249802 -3.37856e-05 0.000702087 0.000134373 8.96936e-05 -0.000919458 0.00466692 -0.000921291 -0.000916437 -0.00155981 -0.00014008 -0.000749285 -0.00119116 7.07418e-05 0.00182196 -0.00662986 0.00176686 0.00109711 -0.000504943 -0.00149913 -0.00312523 5.18159e-05 -0.000364541 0.00596722 0.000434273 0.000178271 0.000325232 -0.00456158 -0.000525022 -0.00295259 -0.000658061 -0.00182206 -0.000539845 -0.000437993 -0.00369436 -0.00045377 -0.00171521 0.000802698 0.00454631 -0.00031802 -0.0035033 0.00100061 -0.00267138 0.000193154 -0.000700401 -0.00542772 -0.000105668 -0.00089071 0.0030401 -0.000558054 0.000373827 -0.00606735 -0.000219354 0.000172231 -0.00078593 -0.00150378 0.00148013 -0.000275956 -0.00762353 -5.14599e-06 0.00383746 -0.000173686 -0.000807905 0.00105082 0.00405389 -0.000140258 2.12862e-05 0.000668606 0.000642915 0.00102928 -0.00178045 -7.18716e-05 0.0010826 -0.00027067 -0.000218668 0.0003155 -0.00197621 0.000378875 -0.000577481 3.01263e-05 -0.00112588 -0.00153742 0.00139487 0.00210374 -0.00072569 -0.000817695 -0.000759317 -0.00400287 -0.000846614 0.00127045 3.78174e-05 0.000774792 0.00397084 0.000879832 
-0.00419585 0.00188319 0.0135404 -0.0198074 0.00452388 -0.014642 -3.37856e-05 0.204229 -0.000840018 -0.0246452 0.00138049 0.0459826 -0.0151358 0.0143691 -0.00714198 -0.000460466 -0.00378528 0.00886402 0.00413875 0.0022351 -0.0199673 0.0286574 -0.00491717 -0.00145529 -0.00518665 -0.000287051 -0.0149826 -0.00065795 -0.0160658 -0.00734148 0.00172138 0.00058641 0.0171858 -0.0156688 0.00909349 0.0150789 0.00741444 -0.00355196 -0.00371484 -0.00342384 -0.0526131 -0.00230192 -0.000510436 -0.00669246 -0.00505856 -0.00502746 0.0499634 -0.00185215 -0.0258573 -0.00143628 -0.00352277 0.00723849 0.0220246 0.0173584 -0.000948761 0.0203018 -0.0212678 -0.0523899 0.00185365 -0.000444428 0.00147704 0.00389507 -0.00204129 -0.00153101 0.00981789 -0.00311928 -0.00313234 0.00266385 -0.0094955 0.000445208 0.00355326 -0.000866298 -0.000231086 -0.00650489 -0.00384326 -0.0320779 -0.00476527 0.00590855 -0.0044473 -0.00155196 5.80208e-05 -0.00514163 -0.00819556 -0.000661878 0.0013977 -0.00370168 0.0243228 0.0267476 -0.00759146 -0.0335307 0.000970281 -0.0102127 -0.0226377 0.0175481 0.000714113 -0.00205768 -0.00324459 -0.0447971 -0.0139322 -0.0020002 
-0.000706055 -0.00191914 -0.000262384 0.0011792 0.000105294 -0.000115493 0.000702087 -0.000840018 0.0207799 -0.000953419 4.7158e-05 -0.00339902 0.00265878 -0.000939809 4.62819e-06 -0.00159284 -0.000130424 -0.000786944 0.000227471 -0.000331369 0.000334803 -0.00169666 0.000240521 0.000234193 0.000756815 -8.93715e-05 0.00296743 6.94215e-05 0.00193284 0.00131596 -0.000330584 1.13652e-05 0.00017631 0.000145566 0.00172256 -0.00414423 -0.000588 -0.00203443 0.000630212 0.000127185 0.000743931 0.00220597 -0.00123981 -0.00132408 0.000914474 0.00157709 -0.00811825 -5.78366e-05 -0.0018852 0.000167641 -0.00100298 0.00176604 0.00180793 0.000436903 -0.000900569 -0.00102672 0.00149786 -0.0036856 0.000284876 2.31232e-06 -0.000445916 -0.00188734 0.000570082 -0.00120082 -0.00558569 -0.00108642 -5.10073e-05 -8.06032e-05 -0.000869316 0.000120352 -0.000877869 -0.000246913 5.75201e-05 -0.000948911 -0.000181924 0.00148751 0.00220572 -0.00147513 -7.65032e-05 -0.000633109 -0.000117476 0.000144939 -0.000620683 -1.09162e-05 0.000199914 -0.00021057 0.0014064 -0.00252339 -0.00097963 0.0011244 8.43155e-05 0.000580535 -0.000325371 -0.00423927 0.000484099 0.00101224 0.000131471 0.00646125 0.000512768 0.000417786 
0.00111654 -0.0286507 -0.00510851 0.00245935 -0.00748871 -0.00252861 0.000134373 -0.0246452 -0.000953419 0.141888 -0.00117532 0.00674766 -0.0085773 -0.00114041 0.00435948 -0.0123565 -0.00455347 -0.00677499 -0.000404089 0.00141175 0.0307137 -0.00107761 0.00223362 -0.00147123 0.00329107 -0.00615846 -0.0199701 -0.000311258 -0.00549693 -0.00770466 -0.000831361 -5.31476e-05 -0.0178282 -0.0247893 -0.0255931 0.006872 0.00963202 -0.00383389 -0.000175574 0.00022376 -0.00593431 -0.00287186 0.012312 0.0171799 0.00659978 0.00736599 -0.0096208 -0.000705797 -0.0262599 0.000356859 0.0110247 -0.0335478 -0.0320527 -0.0024101 -0.00443035 0.0067467 -0.00458322 0.0248595 -0.00110217 0.00255549 -0.00262844 0.0168196 0.000502906 -0.00369068 0.020606 0.0159462 0.00452117 0.000170331 0.00052713 -0.000869168 0.00929764 -0.00258235 -0.000281706 0.00473591 0.00707074 -0.0202073 -0.01896 0.0112238 -0.0061153 0.00709479 -0.00108945 -0.00202235 0.0112089 -0.000450723 -0.00158746 0.00108013 -0.0095071 -0.012074 0.0119015 0.000261808 -0.00448458 0.00144376 -0.00351122 -0.00393449 0.00443756 -0.00127124 -0.00114015 0.00713036 0.000734721 0.00277934 
4.70071e-06 0.00095576 0.000227067 0.000552106 -0.00011891 -0.000841217 8.96936e-05 0.00138049 4.7158e-05 -0.00117532 0.0087586 0.000987214 -0.000566149 -0.000173825 -0.000257458 0.00110003 -3.53577e-05 0.000268202 3.50589e-05 3.22784e-05 -0.00131566 -0.000214503 -0.000267435 -5.21581e-05 -3.60636e-05 -0.000260442 -9.90385e-05 -4.34941e-05 -0.000274839 -0.000803575 -0.000149849 3.5711e-07 6.92173e-05 0.000394065 0.000646985 0.000288212 -0.000304984 0.000238916 1.02616e-05 -0.000174677 7.10483e-05 2.29096e-05 -0.000227356 -0.000459674 -0.000278586 -0.000537857 0.000526722 -1.76027e-05 0.00098329 -2.61459e-06 -0.000229544 7.08963e-05 0.000384529 0.000772362 -6.06241e-05 -3.17457e-05 -0.000589215 -0.00246634 -0.000105072 -4.48692e-06 0.000231516 -0.000722457 -8.16301e-05 -0.000292153 -0.000851306 4.88058e-05 -3.82042e-05 6.0389e-05 -0.0003833 7.11491e-05 -0.000670445 0.000213672 -3.71953e-06 -0.000236067 -0.000244512 -0.00217331 0.000664454 -5.28986e-05 -5.4345e-05 -6.13518e-05 2.08577e-05 0.000472729 -0.000641243 0.000146933 6.64437e-05 -1.16912e-05 0.000264713 0.000201947 -0.000607354 -0.000581944 0.000129786 -0.000311698 3.54202e-05 0.000265758 -0.000316107 0.000494592 -0.000197946 -0.0011396 -0.000417277 -4.1052e-05 
0.0143668 -0.00474044 0.00212855 -0.0155881 -0.00756867 -0.0122763 -0.000919458 0.0459826 -0.00339902 0.00674766 0.000987214 0.184267 -0.0303377 0.0180258 -0.00222989 0.00769935 -0.000149586 -0.000303973 -0.00913268 0.00248328 -0.0120346 0.0426207 -0.000217666 -0.00228742 -0.00539626 0.00441928 -0.0216092 -0.00131304 -0.00691112 -0.00629112 0.000364229 -0.00164158 0.015105 0.00934793 -0.0335557 0.0178839 0.0093059 0.00498763 -0.00289833 -0.00625165 -0.0325733 -0.00813299 0.0237747 0.013225 -0.00303948 -0.00050455 0.0594489 0.000110528 -0.0224016 -0.000969881 -0.00266902 -0.0258135 -0.0505291 0.0124448 0.00253765 -0.0141144 -0.0157777 0.00830719 -0.00492122 -0.000148273 -0.0023193 0.00105216 -0.00435913 -0.00717808 0.00542692 0.00711392 -0.00280339 0.000107713 -0.0102222 -8.71218e-05 0.0146302 -0.00223163 -0.000400953 0.00420876 -0.00239525 -0.0440059 -0.0398716 0.00495975 -0.00222434 0.00746748 0.00673307 -0.0028814 -0.00289618 0.00031517 0.00342322 -0.0018381 0.00201893 0.0497928 0.00721584 -0.021249 -0.000936141 -0.00851571 -0.0242652 0.0184299 0.00952236 -0.0135298 -0.0119297 -0.0543104 -0.0174282 -0.00246214 
-0.0131636 -0.00264121 0.00433015 0.0417952 0.0235858 0.0174706 0.00466692 -0.0151358 0.00265878 -0.0085773 -0.000566149 -0.0303377 0.158002 -0.00169882 0.0153286 0.00296662 0.00517002 -0.00723351 0.00781902 -0.00156775 -0.00690106 -0.0275848 0.000109259 0.00456224 0.00485088 -0.00615593 0.017218 -0.000221101 -0.00319303 0.0031165 -0.00308858 -0.00132045 -0.0290373 -0.0202116 -0.00878397 -0.0469295 -0.00193748 -0.0220852 -0.00309419 -0.00372121 -5.2437e-05 0.0266455 -0.00613748 -0.00937752 0.0055332 0.000269119 -0.0709736 -0.000365339 -0.00556713 0.000838086 0.00586667 0.0357337 -0.0169983 0.00492095 -0.000594019 -0.00479392 0.0214058 -0.0491363 0.00732716 -0.000212145 -0.0043054 0.00315577 -0.000561284 -0.00341788 -0.0594631 -0.00203409 0.00282328 -0.00134262 -0.00275581 0.00189918 -0.00215156 0.000505859 0.000823925 -0.00206739 -0.00195934 0.0141137 0.0141772 -0.00996191 0.00266329 -0.00291946 -0.00179122 -0.0032907 -0.00435706 0.00114789 -0.00325327 -0.00136426 0.0160118 -0.0210726 0.00574293 0.0247857 0.00513245 0.0123966 0.00196952 -0.0484747 0.0119567 -0.00154279 -0.00176598 0.0214956 0.0467385 -0.000482553 
-0.00378954 -0.0110428 0.00226728 -0.00482627 -0.0015801 -0.00367015 -0.000921291 0.0143691 -0.000939809 -0.00114041 -0.000173825 0.0180258 -0.00169882 0.0575062 0.00117043 0.00183474 -1.81521e-05 0.00624949 -0.00131509 0.000207184 -0.00328274 0.0120455 0.00241446 -0.000544918 -0.00123082 0.00359618 -0.00798042 -4.64682e-05 -0.00429908 -0.00869598 -0.000226711 0.00251757 -0.00563128 -0.00758277 -0.0154962 -0.00421137 -0.00209174 -0.00258398 -0.000307686 -0.000340574 -0.0165405 0.000443539 0.00805601 0.00518045 0.00259451 0.00617343 0.00919941 0.000186957 -0.00625787 0.000184227 0.00242 0.000250325 -0.00836969 0.00501954 0.00637073 -0.00657521 -0.000254199 -0.00716827 0.000793176 0.000494619 -0.000649529 -0.00206248 0.000731011 -0.00297016 -0.00235772 0.00428264 -0.000373756 0.0016164 -0.00278597 0.000670375 0.00546094 -7.51909e-05 8.30083e-06 0.00346957 0.00214104 -0.00988243 -0.0147173 0.00513135 -0.000126155 0.00578467 4.18084e-05 -0.0010792 -0.00185584 6.70674e-05 -0.000481803 -0.000509552 0.00726805 0.0131167 -0.00144552 -0.0129267 0.00236086 -0.00284879 -0.00357249 -0.00664276 0.0065371 -0.000239157 -0.0027398 -0.0197022 0.00118451 0.00143597 
-0.00385331 -0.00889961 0.00182905 0.00158148 0.00267543 0.00540281 -0.000916437 -0.00714198 4.62819e-06 0.00435948 -0.000257458 -0.00222989 0.0153286 0.00117043 0.0523515 0.000897622 0.00728791 -0.000540732 0.0057289 -0.000198831 -0.00384413 -0.00427881 -0.000264392 -0.00143405 0.00120797 0.00429684 0.00564538 5.09801e-05 0.0109094 -0.000105016 0.00307559 0.000126875 -0.00931584 -0.0115379 -0.0148399 -0.0228257 0.0014771 -0.00567963 0.00329434 -0.00143516 -0.00624637 0.00951832 -0.000515734 -0.0023555 -0.00212932 -0.000325802 -0.0169207 0.00160362 -0.00672201 0.000708928 0.00218603 0.00852713 -0.0125777 0.0027739 -0.00239381 -0.00382565 0.000250045 -0.00531226 -0.000351641 2.9731e-05 -0.00133341 -0.00246793 -0.000537052 -0.00367678 -0.0229908 -0.00106526 0.000496157 0.000592747 -0.00174455 2.21595e-05 -2.07436e-05 -0.000411841 0.000383302 -0.000446647 0.00160936 0.00677059 -0.00995753 -2.42781e-05 0.00414307 0.00184478 3.17228e-05 0.000483244 0.00425823 0.000853585 0.00112908 -0.000466454 0.00727169 0.00105307 0.00209323 0.010067 0.00736692 0.00261875 0.00159849 -0.017725 0.00337168 -0.00416753 -0.0015919 0.00199621 0.0137182 -0.000170308 
0.00374573 0.0167515 0.000785633 -0.00608976 0.000455992 0.0182167 -0.00155981 -0.000460466 -0.00159284 -0.0123565 0.00110003 0.00769935 0.00296662 0.00183474 0.000897622 0.113678 0.0036258 0.00709219 0.0112502 -0.000432466 0.0147903 0.00195448 0.00208384 0.00228548 0.0013731 0.00560679 -0.00704484 -0.000832577 -0.00645316 -0.0287235 -0.00135492 -0.000402813 -0.0264409 0.00370395 -0.023012 -0.0131988 -0.000745607 -0.00543694 -0.00136807 -0.00299627 -0.0305479 6.71811e-05 0.00734626 -0.00561814 -0.00413853 -0.00708331 0.013258 -0.0011434 -0.00773256 -3.46199e-05 -0.00453348 0.02292 0.00971679 -0.000136876 -0.000880734 0.0065109 0.00871948 -0.00852378 -0.0022446 -0.000566641 0.0049172 -0.00884475 -0.00170745 0.01009 0.0112164 0.00665128 -0.000361868 -0.000945457 0.00832816 -0.000268545 -0.00518806 0.00232166 -0.000126427 0.00161261 -0.001288 -0.0181471 -0.0105025 -0.00509035 -0.000805993 -0.00269748 0.00164548 0.00928182 0.0012226 0.000319752 0.00301121 -0.000988303 0.00729558 -0.00583923 0.00474674 -0.0166481 0.0063776 -0.00479517 -0.0137167 -0.0046494 -0.0015459 -0.00340081 0.00142376 -0.0459327 -0.00263056 -0.00109058 
0.00267396 -0.00215112 0.00145505 -0.00196759 0.00384453 5.84184e-05 -0.00014008 -0.00378528 -0.000130424 -0.00455347 -3.53577e-05 -0.000149586 0.00517002 -1.81521e-05 0.00728791 0.0036258 0.0314342 0.000315181 0.00171268 0.00069144 -0.00663474 -0.00491506 -0.000379689 -0.000326518 -0.000761776 0.0100916 0.0120365 -0.000111517 0.0076322 -0.00324293 0.00164409 -0.000130057 -0.00270684 -0.00336282 -0.0148043 -0.0135106 0.00248906 0.00438659 0.000247827 -0.000975647 -0.00549776 0.0070398 -0.00117818 -0.00160541 -0.00163271 0.000298663 -0.00724397 0.00136736 0.000147052 -8.82344e-05 -0.000758862 -0.0003132 -0.00510003 0.00290318 -0.00183264 -0.00464033 0.00091235 -0.00388273 3.65272e-05 -0.000181202 0.000287688 -0.00297757 -0.000543456 -0.000433651 -0.0118208 -0.00166149 0.000138096 0.00136804 -0.000780035 0.00179097 -0.000880287 0.000585209 0.000527512 -0.000968008 -0.000543003 -0.000503828 0.000479643 -0.00267547 0.00473825 0.00071388 0.000256613 0.00158968 0.00131695 0.000901377 -0.000672257 -0.000120838 0.0101749 0.00555327 -0.000891968 0.00248573 0.00901164 -0.000338274 -0.00231556 -0.0142886 -0.000282763 -0.00328888 -0.00163776 -0.00956086 0.00439416 0.000118532 
-0.00108132 -0.00377989 -0.00113569 -0.00483191 -0.00290175 -0.00112495 -0.000749285 0.00886402 -0.000786944 -0.00677499 0.000268202 -0.000303973 -0.00723351 0.00624949 -0.000540732 0.00709219 0.000315181 0.0505514 2.49095e-05 0.000724027 -0.00980967 0.00264201 -0.00107602 0.00139516 -0.000196582 -6.2239e-05 -0.000534686 -7.37906e-05 -0.00116236 -0.010354 0.000766531 0.00118478 -0.00339176 0.00899386 -0.0064878 -0.00069732 -0.000841852 0.00456033 -0.00146232 0.00174367 -0.00561381 -0.00196613 0.00165992 -0.0024954 -0.00153473 -0.00301056 0.00725111 -0.000477604 0.00806103 3.53902e-06 -0.00136461 -0.00199701 0.0143775 0.000907083 0.00127292 0.000546815 -0.00313721 -0.0159819 -0.000632081 2.45703e-05 0.00278396 -0.00122927 0.000278116 -0.000360619 0.00463283 -0.00156739 -0.00124657 0.000359836 0.00156717 0.000235327 -0.000469178 0.00243407 3.47001e-05 -4.73686e-06 0.00189117 -0.012777 0.0106717 -0.00150389 -0.000701925 -0.000122964 0.000300165 0.00207497 -0.00308215 -5.87101e-05 -0.000701776 -7.12468e-05 0.00425293 0.00485635 -0.00329678 -0.00751599 0.000716449 -0.00165986 -0.00207681 -0.00160873 0.00078898 -0.00384002 -0.000220959 -0.0141706 -0.00274115 -0.000724184 
0.000544993 -0.0117871 -0.00104567 0.00268497 0.00874242 -9.51048e-05 -0.00119116 0.00413875 0.000227471 -0.000404089 3.50589e-05 -0.00913268 0.00781902 -0.00131509 0.0057289 0.0112502 0.00171268 2.49095e-05 0.0698728 0.00304226 0.0276547 0.00207092 0.00165729 -7.96251e-05 0.00793977 0.000959057 -0.000126946 -0.000240215 0.000985707 -0.0103278 4.10055e-06 0.000629227 -0.0123356 -0.00990152 -0.020166 -0.0089057 -0.00146591 -0.00523343 -0.00144189 -0.00201954 -0.0134808 0.00131605 0.00470517 -0.00204573 -0.00276641 -0.00410636 -0.0122672 0.000354657 -0.00716889 -0.000187166 -0.000669096 0.00126795 0.00113906 -0.000716312 -0.00365391 0.00742936 0.00399291 -0.0116142 0.00168377 -0.000139804 0.0010471 0.00342496 0.0017788 0.000927631 -0.00354195 0.000300057 0.00540483 -0.000605496 0.00152469 -6.4163e-05 -8.41208e-05 -3.16572e-05 -8.97088e-05 0.00413025 -0.00166804 0.0015283 -0.00976435 -0.00338937 0.000589684 0.00108465 0.000884749 0.00236096 0.0090591 0.000670267 0.00333215 -0.000664687 -0.000116084 -0.00716346 0.000648781 -0.0150543 0.00327115 -3.45066e-05 -0.00535826 -0.0194981 0.00130464 0.00881324 -0.00173837 -0.0129014 0.00616625 -6.74486e-05 
0.00146906 -0.00690672 0.000944877 -0.000709316 0.00533129 -0.00184957 7.07418e-05 0.0022351 -0.000331369 0.00141175 3.22784e-05 0.00248328 -0.00156775 0.000207184 -0.000198831 -0.000432466 0.00069144 0.000724027 0.00304226 0.0230955 0.00217776 0.00184276 0.000926069 0.00172434 0.00157097 0.00206236 0.000370192 1.39781e-05 0.000120415 -0.003352 0.000958162 1.5496e-05 -0.00275094 -0.00858583 -0.011132 -0.00432182 0.00122068 0.000357715 -0.000646365 -0.000557362 -0.00674774 -0.00104292 -0.000608702 0.00216956 -0.000466272 0.00106849 -0.0046309 0.0010729 -0.00268338 -6.01364e-06 0.00229302 -0.000933178 -0.00318609 0.00103156 -0.000368964 0.0014524 0.00226379 -0.00392736 0.00063659 0.000170733 0.0010658 0.00133684 -0.000232451 -0.000330611 -0.00388868 0.00182597 -0.000958486 0.000853718 0.00232946 0.001779 0.00203772 0.000560686 4.96147e-05 0.000385148 0.000188049 -0.00686658 0.00123956 0.000984012 0.0035171 0.00059752 9.52241e-05 0.00330191 0.00238595 0.00122832 0.000506623 4.52776e-05 0.00345842 0.00270541 1.48472e-05 -0.0041745 0.00312313 0.000935298 -0.000549149 -0.00767813 -0.00012238 -0.0013156 -0.000664488 -0.00807823 -0.000794049 -0.000212221 
-0.0125927 -0.0402688 -0.00681247 -0.0171251 0.00774108 0.0176537 0.00182196 -0.0199673 0.000334803 0.0307137 -0.00131566 -0.0120346 -0.00690106 -0.00328274 -0.00384413 0.0147903 -0.00663474 -0.00980967 0.0276547 0.00217776 0.200771 0.0376763 0.0145451 0.00478501 0.0116644 -0.00335365 -0.0148695 -0.000731501 -0.0125991 -0.0401497 0.00104873 0.00145382 -0.0621978 -0.0769484 -0.0360958 0.0238051 0.0151218 -0.0228262 0.00220952 -0.00373664 -0.0483357 -0.0124182 0.0129625 0.0299203 0.014722 0.00666308 -0.015556 -0.00179791 -0.0428765 -0.00104373 0.000144639 0.0207609 -0.00327833 -0.0113227 0.00356365 0.0155601 0.0147541 0.0264216 0.00189226 0.00249937 0.00199577 0.0090578 0.00738433 -0.00563141 0.0306818 0.00126109 -0.00225469 -0.00118871 0.00602181 -0.00169925 0.020515 -0.00325745 -0.000566558 0.00361752 0.00977366 0.0337347 -0.050788 0.021926 0.00299151 -0.000128089 0.00111882 0.00409137 0.0364463 -0.000776645 0.0127579 -0.00235427 -0.0244634 -0.0227981 0.0289053 -0.0660017 -0.00710903 -0.010434 -0.0142033 -0.0310986 -0.00781571 0.0311013 0.00666458 -0.0295169 -0.00669364 0.00362614 
-0.00565515 -0.0238608 -0.00162616 -0.032861 -0.000318238 -0.0280179 -0.00662986 0.0286574 -0.00169666 -0.00107761 -0.000214503 0.0426207 -0.0275848 0.0120455 -0.00427881 0.00195448 -0.00491506 0.00264201 0.00207092 0.00184276 0.0376763 0.232608 0.00749729 -0.0116199 -0.0037236 0.0076818 -0.00970811 -0.00255279 -0.0219876 -0.0528266 -0.00386964 -0.00201378 -0.0041574 -0.0314994 -0.0271778 0.0331919 0.0232218 0.00510702 -0.0083724 0.00444695 -0.068767 -0.00779403 0.0320512 0.0108235 0.00151812 -0.00252181 0.0498395 -0.00279511 -0.0165015 7.29765e-06 0.0024682 0.00547225 -0.0145668 0.0122035 0.00328261 -0.0133675 0.00173253 0.00646107 0.00143346 0.00187853 0.00105809 0.0142344 -0.00589417 -0.0106312 0.0413241 0.000232646 -0.00690457 0.000339457 -0.0161501 -0.0011378 0.0101156 -0.00433444 -0.000559221 -0.00548685 -0.00646931 -0.0266575 -0.0371718 0.0131104 -0.00641866 0.00579038 0.00118591 -0.00666125 0.0346014 -0.00265836 0.000824559 -0.00262786 -0.00706685 0.0350675 0.0115735 -0.0359959 -0.00175618 -0.0116626 -0.0397812 0.0135246 0.0167593 0.00234003 0.00750716 -0.0759815 -0.0252282 -0.000230982 
0.00184274 -0.0131029 -0.000995877 0.000909732 0.00363268 0.00591074 0.00176686 -0.00491717 0.000240521 0.00223362 -0.000267435 -0.000217666 0.000109259 0.00241446 -0.000264392 0.00208384 -0.000379689 -0.00107602 0.00165729 0.000926069 0.0145451 0.00749729 0.0366195 0.00193013 0.00123796 0.00034829 -0.00359644 1.31558e-05 -0.00212041 -0.0070671 0.000671343 0.000369383 -0.00635874 -0.0124906 -0.0180063 0.000248981 0.00673316 -0.000920307 -0.00114351 -0.000110997 -0.0105159 -0.000662074 -0.000674415 0.00192478 0.00342469 0.00219329 -0.00115875 0.000571282 -0.00348152 1.06115e-05 -0.00141679 -0.00794638 -0.00235848 -0.000742787 0.00107484 -0.00167945 0.00641361 -0.000107212 0.000624229 0.00172958 0.000833089 0.00178076 0.000144635 -0.000249797 -0.00225372 0.00359204 -0.000262521 0.00105796 -0.000863092 0.000369785 0.00661586 0.000313315 -3.38538e-05 0.00316908 0.00385982 -0.00325951 -0.00533566 0.00432601 0.00109287 0.00105506 0.000734052 0.00149438 0.00500227 -8.15431e-05 0.00285966 -0.000333626 -0.00112481 0.00133986 0.00317911 -0.00982184 0.00142 -0.00146902 -0.00408803 -0.0135862 0.000602179 0.000192917 -0.000687198 -0.0111629 0.000793738 0.000655164 
0.00105896 -0.0173178 0.0011752 -0.00392849 0.0078013 0.0140375 0.00109711 -0.00145529 0.000234193 -0.00147123 -5.21581e-05 -0.00228742 0.00456224 -0.000544918 -0.00143405 0.00228548 -0.000326518 0.00139516 -7.96251e-05 0.00172434 0.00478501 -0.0116199 0.00193013 0.0614784 -0.00105026 0.00150539 -0.00356136 8.15344e-05 -0.00124015 -0.0115857 0.00093498 0.000537381 -0.0133568 -0.0111998 -0.0112566 -0.00504804 0.00353659 -0.00340199 -0.00192029 -0.00227254 -0.000131586 -0.00153378 0.00100842 0.0032688 0.00126946 0.0036042 -0.0173135 0.000692269 -0.00228765 0.00127888 -0.000765342 -0.00326666 -0.00237079 -0.00173724 -0.00137331 0.0141009 0.00444826 -0.00857963 0.00164537 -0.00024323 -0.00120855 0.0139134 0.00300594 0.00070799 -0.00338288 -0.00132208 -0.00103612 -0.000320351 0.00655432 0.00305735 0.000806913 0.00204104 7.53404e-05 0.00405591 -0.000428739 -0.00430502 0.000526401 -0.000420723 0.000878032 -0.00087599 6.38793e-05 0.00509261 -0.00234808 0.000685883 0.00371212 -0.000505491 0.00266143 0.00101904 -0.000837276 -0.00601637 0.000554923 0.00235985 0.00413523 -0.0172318 -0.00147461 -0.00182078 -0.00184067 -0.00672183 -0.000521887 0.00124802 
-0.00420505 -0.0119608 -0.000718107 0.0147609 0.000877111 -0.00181155 -0.000504943 -0.00518665 0.000756815 0.00329107 -3.60636e-05 -0.00539626 0.00485088 -0.00123082 0.00120797 0.0013731 -0.000761776 -0.000196582 0.00793977 0.00157097 0.0116644 -0.0037236 0.00123796 -0.00105026 0.0452914 -0.00131609 -0.00656199 0.000701271 0.00047099 -0.00603616 0.000227457 -5.48276e-06 -0.0120952 -0.01828 -0.00974037 -0.00454742 -0.00281574 -0.00428888 -0.00172864 -0.000470202 -0.000582759 -0.00161068 -0.000641899 0.00226102 0.000797489 -0.0025932 -0.0117691 -0.0005379 -0.00589167 -2.88607e-05 -0.000655712 -0.00134511 0.00340141 -0.00120011 0.000480798 0.00451786 0.0127082 -0.00805822 0.000602742 6.11894e-05 0.00196284 0.00264625 -8.83061e-06 0.000584146 -0.00437313 -0.000727983 -0.00120623 -0.000260249 0.000672982 -0.000681989 -0.000616473 -0.000589373 -2.92457e-05 -6.26627e-05 0.00282796 0.000522058 0.00584836 0.00243186 0.000874777 -0.000127008 -0.000344051 0.000870633 0.00473875 -0.000112962 -0.00147627 -0.000316821 -0.00318043 -0.0030932 0.00670638 -0.0047684 0.000705336 0.00383171 0.00346023 -0.00231355 0.00383614 0.000698751 0.0011172 -0.00510116 0.0039781 -0.000393435 
0.00863418 0.000191176 -0.000595534 -0.00926483 -0.00217997 -0.00525616 -0.00149913 -0.000287051 -8.93715e-05 -0.00615846 -0.000260442 0.00441928 -0.00615593 0.00359618 0.00429684 0.00560679 0.0100916 -6.2239e-05 0.000959057 0.00206236 -0.00335365 0.0076818 0.00034829 0.00150539 -0.00131609 0.0775642 0.00715415 -0.000127736 0.00155841 -0.0109444 -0.000110526 -0.000220314 -0.00985984 -0.00115062 -0.0263406 -0.0127577 0.00447318 0.00792664 -0.00203297 -0.00250783 -0.00958855 0.00202619 0.00412245 -0.00142143 -0.00444545 -0.00338084 -0.00313188 0.000804724 0.00437717 -0.000360919 -0.00259808 -0.0102823 -0.00583647 0.00557045 -0.00281274 -0.010737 -0.00211243 0.0104482 -0.000940366 -9.56317e-05 -0.00103831 -0.00754738 -0.00134485 0.00302863 -0.00257025 0.00048106 0.00463348 0.00253348 0.00342548 0.00132423 0.00486307 -0.000614805 -4.63362e-05 -0.00415532 -0.00232339 -0.0116166 -0.00703493 -0.00262155 0.00368141 0.00249138 0.000222924 0.00561815 0.00522962 8.27813e-05 -0.000691119 0.00106351 0.00906682 0.021749 -0.00195061 -0.00894994 0.0117541 -0.0027379 -0.00431062 -0.0131777 0.00814479 -0.00591535 -0.00226882 -0.0193146 -0.004997 0.000690502 
0.00584165 0.00170961 0.00565657 -0.00846397 0.00238207 -0.00727087 -0.00312523 -0.0149826 0.00296743 -0.0199701 -9.90385e-05 -0.0216092 0.017218 -0.00798042 0.00564538 -0.00704484 0.0120365 -0.000534686 -0.000126946 0.000370192 -0.0148695 -0.00970811 -0.00359644 -0.00356136 -0.00656199 0.00715415 0.185254 -0.00130877 0.0127863 0.00457689 0.00443766 -0.000937638 -0.018141 0.00297525 -0.019891 -0.0271134 0.00201001 0.0021618 0.00561289 -0.00590251 0.00193638 0.00108898 -0.0171942 -0.00439667 -0.00742239 -0.00246891 -0.0338674 -0.00130493 0.0107692 -0.000499089 -0.00736186 0.0547592 0.0152438 0.00779163 -0.00618234 -0.0190464 -0.00142509 -0.0121457 0.000396056 -0.00071712 -0.00356108 -0.0198042 -0.00268721 -0.00746434 -0.023173 -0.0134459 -0.00416009 0.000788131 -0.00345279 0.00120592 -0.0118144 0.0048814 0.000105411 -0.0155595 -0.00176613 0.023388 0.0394937 -0.0106822 0.00253261 -0.0047725 -0.00163363 0.00299092 -0.000456075 0.000347219 0.00373448 -0.00141367 0.00710192 -0.00761228 -0.00913947 -0.0123502 0.00958458 -0.000759893 0.00464169 -0.0239247 0.00893863 -0.00803971 0.00480322 0.0033973 0.0155509 -0.00176275 
-0.000964443 -0.00191253 -0.000128707 0.000227479 -0.000665206 -0.000707559 5.18159e-05 -0.00065795 6.94215e-05 -0.000311258 -4.34941e-05 -0.00131304 -0.000221101 -4.64682e-05 5.09801e-05 -0.000832577 -0.000111517 -7.37906e-05 -0.000240215 1.39781e-05 -0.000731501 -0.00255279 1.31558e-05 8.15344e-05 0.000701271 -0.000127736 -0.00130877 0.0102812 0.000491925 0.00291413 -0.000105848 8.32577e-06 -0.00032832 -0.000499812 0.00132835 -0.000457766 -6.70206e-05 -2.30884e-05 -0.000123093 4.62797e-05 -1.85182e-05 0.00014141 -0.000793169 -0.000262123 9.66152e-06 -0.000339849 -0.00113101 0.000111948 0.000135201 0.000138424 0.000213611 -0.00228129 -0.00142484 -0.000501942 0.000318658 -0.000955798 0.000321086 0.00199702 0.000613273 9.58772e-06 -0.000125908 -0.00109245 2.20072e-06 -0.000336038 -0.000769408 0.000817745 4.01691e-05 -9.33598e-05 -0.000217353 -2.34926e-05 3.26911e-05 -0.000111182 4.78962e-05 -0.00033613 -8.47586e-05 0.00228899 -0.000333645 0.00124367 0.000273845 -3.50547e-05 -2.59139e-05 -0.00020277 -0.000306192 -3.64842e-05 0.000505646 6.31812e-05 9.40784e-06 -0.000378507 0.00123356 -0.00046199 -0.000183762 0.000207527 0.00218916 3.56607e-05 -0.000231502 -0.000534469 6.44701e-05 -0.00126582 0.000114742 -9.9151e-06 
-0.00774601 0.00747969 3.54148e-05 -0.000365863 -0.00364488 -0.00201006 -0.000364541 -0.0160658 0.00193284 -0.00549693 -0.000274839 -0.00691112 -0.00319303 -0.00429908 0.0109094 -0.00645316 0.0076322 -0.00116236 0.000985707 0.000120415 -0.0125991 -0.0219876 -0.00212041 -0.00124015 0.00047099 0.00155841 0.0127863 0.000491925 0.0817044 0.0193448 0.00190429 -0.00041494 0.0139986 -0.00026476 0.00888985 -0.0140679 -0.00336778 -0.00729734 0.00497722 -0.000918496 0.0274252 0.0032152 -0.00703354 -0.00535433 -0.00485836 -0.000296134 -0.0233901 0.00189204 -0.0127739 -8.88754e-05 -0.00359326 -0.0035801 -0.0075145 -0.00243198 -0.00499561 -0.00487624 0.00324949 -0.000244937 -0.00287009 -0.000513839 -0.00262411 -0.0018624 -0.00165747 -0.00279355 -0.0245064 -0.00435315 -0.00214144 -0.000214188 -0.000389739 0.00125939 -0.00618443 0.00120838 0.00075153 -0.00169519 0.000364062 0.0150748 0.0101251 -0.00616355 0.00463335 -0.00124574 -0.000452504 -0.000228304 -0.00376769 0.000568429 -0.00134746 -0.000927905 0.000651123 -0.00466469 -0.00274417 0.0106967 0.00325235 0.00501524 0.00482765 -0.00355044 -0.0055822 -0.00678705 -0.00507779 0.0244815 0.0044983 -0.000768721 
-0.0149367 -0.000642782 -0.000435826 0.017498 -0.0251348 -0.0143516 0.00596722 -0.00734148 0.00131596 -0.00770466 -0.000803575 -0.00629112 0.0031165 -0.00869598 -0.000105016 -0.0287235 -0.00324293 -0.010354 -0.0103278 -0.003352 -0.0401497 -0.0528266 -0.0070671 -0.0115857 -0.00603616 -0.0109444 0.00457689 0.00291413 0.0193448 0.196945 -0.000317222 -0.00184788 0.0501299 0.0306899 0.0540836 -0.00541116 -0.0212002 -0.00762558 0.00992747 0.0034652 0.039957 0.00568185 -0.01693 -0.0189006 -0.00647875 -0.00752839 0.00241922 -0.00137745 -0.0028512 -0.000634219 0.00680645 -0.0133113 -0.0199626 -0.00956076 0.00502251 -0.0279066 -0.0193871 0.0236618 -0.00573642 -0.0010892 -0.00502217 -0.0223391 -0.00434735 -0.0104257 -0.0321049 -0.00525507 0.00925834 -0.00223164 -0.00558817 -0.00405631 0.00213854 -0.00437537 -0.000150491 -0.00968159 -0.00810951 0.043071 -0.0158161 -0.00953083 0.000965406 -0.000918016 -0.00131431 -0.00666556 -0.0169656 0.00173165 -0.00213589 0.00169941 -0.0148359 -0.0206635 -0.00337169 0.0434006 -0.00804847 0.00251611 0.0224671 0.0209698 -0.00350815 -0.00922687 -0.0134975 0.056234 0.0126865 -0.00136598 
-0.00279467 -0.00157694 -0.000118098 -0.000641409 -0.00141966 0.00142804 0.000434273 0.00172138 -0.000330584 -0.000831361 -0.000149849 0.000364229 -0.00308858 -0.000226711 0.00307559 -0.00135492 0.00164409 0.000766531 4.10055e-06 0.000958162 0.00104873 -0.00386964 0.000671343 0.00093498 0.000227457 -0.000110526 0.00443766 -0.000105848 0.00190429 -0.000317222 0.0388294 0.000507716 0.00267213 -0.00163067 -0.00165799 -0.00722739 0.00205028 -0.00308579 0.000787017 0.000112328 -0.00590726 0.000856708 -0.00216502 -0.00262718 -0.00130087 0.0017828 -0.00778541 0.000376211 -0.00526502 3.03557e-05 -3.11329e-06 -0.00854051 -0.000920211 0.00301694 -6.78696e-05 0.000786512 0.00181001 -0.00105966 -0.000743697 -8.55065e-05 0.000241941 0.000633432 -0.000284383 -0.00104013 -0.0065845 -0.00151853 -0.000419701 0.000956516 0.00143124 0.00067811 0.00244631 -0.000330595 8.04588e-06 -0.00012953 0.00157589 -0.00747244 -0.00326495 0.00465703 0.00175373 0.000634497 0.000233538 0.0036105 0.000502949 0.000542148 0.00139421 -0.000423578 0.000260125 -0.0024884 -0.00191694 -0.00251916 0.0036197 6.07057e-07 5.91651e-05 -0.00412963 -0.00230688 -0.00046249 -0.000196781 0.0010053 0.00277398 0.000239629 
0.000178397 -0.00221815 6.30976e-05 -0.000343477 9.2031e-05 5.38267e-06 0.000178271 0.00058641 1.13652e-05 -5.31476e-05 3.5711e-07 -0.00164158 -0.00132045 0.00251757 0.000126875 -0.000402813 -0.000130057 0.00118478 0.000629227 1.5496e-05 0.00145382 -0.00201378 0.000369383 0.000537381 -5.48276e-06 -0.000220314 -0.000937638 8.32577e-06 -0.00041494 -0.00184788 0.000507716 0.0114032 -0.00120846 -0.00143562 -0.00216582 -0.000870506 -3.19639e-05 -0.000481694 -0.000227924 -0.000247851 -0.000955382 -0.000500752 -0.000720033 0.000192183 0.00170682 2.48002e-05 -0.000178926 -3.67319e-05 0.000316861 7.15455e-05 0.000300438 -0.00165707 0.00100922 -0.000276866 0.00083799 0.000607298 -0.00069676 -0.00110115 -0.000111133 0.000209375 9.35224e-05 -0.000152432 0.00121039 -0.000429088 0.000857354 0.00109186 0.000404224 1.42233e-06 7.35725e-05 -2.29823e-05 -0.000106114 0.000126378 -1.16452e-05 0.001247 0.000441451 -0.00100807 -0.000897731 0.000756224 -0.000444466 0.000159392 0.00018646 0.000285988 -0.000529314 2.47322e-05 0.000686387 2.51429e-05 -0.000338941 0.000137253 -0.000790694 -0.00307486 0.00016855 -0.000336465 0.000316798 -0.00291201 -0.000285984 0.00268351 0.00130777 -0.00218675 0.000123664 0.000427206 
0.00835161 0.0469029 -0.00174635 -0.0071462 -0.0183884 -0.0241161 0.000325232 0.0171858 0.00017631 -0.0178282 6.92173e-05 0.015105 -0.0290373 -0.00563128 -0.00931584 -0.0264409 -0.00270684 -0.00339176 -0.0123356 -0.00275094 -0.0621978 -0.0041574 -0.00635874 -0.0133568 -0.0120952 -0.00985984 -0.018141 -0.00032832 0.0139986 0.0501299 0.00267213 -0.00120846 0.213338 0.0534861 0.0453793 0.0268566 -0.0135092 0.0417726 0.0012781 0.00546552 0.0223593 -0.00301 -0.00960497 -0.0225791 -0.0106931 -0.00527335 0.0422421 0.000625233 0.0195437 -0.000947732 -0.00934653 -0.0398785 0.0108 -0.0052445 -0.00113375 -0.0251793 -0.0211004 0.000283984 -0.00807754 -0.00203287 -0.00216114 0.0034188 -0.00474119 -0.00897458 0.0110337 -0.00500883 0.00503845 -0.000750409 -0.0129269 -0.00209866 -0.0217947 -0.00574962 6.3292e-05 0.00328541 -0.00804825 -0.0282423 -0.0178615 -0.0187051 -0.0102837 -0.00547875 -0.00256638 -0.00760755 -0.0143342 0.000709958 -0.0102766 0.00309329 -0.0112842 0.013425 -0.0243675 0.0476705 -0.0111501 -0.00415585 -0.018481 0.0167225 -0.0160248 -0.0152682 -0.00944409 0.0373886 -0.0137346 -0.00252576 
0.0137911 0.0426887 -0.0111397 -0.00474349 -0.0269332 -0.0141564 -0.00456158 -0.0156688 0.000145566 -0.0247893 0.000394065 0.00934793 -0.0202116 -0.00758277 -0.0115379 0.00370395 -0.00336282 0.00899386 -0.00990152 -0.00858583 -0.0769484 -0.0314994 -0.0124906 -0.0111998 -0.01828 -0.00115062 0.00297525 -0.000499812 -0.00026476 0.0306899 -0.00163067 -0.00143562 0.0534861 0.245557 0.0613956 0.00912674 -0.0252188 0.0222545 0.000268518 0.00110596 0.0627347 -0.00773007 -0.00488618 -0.0449272 -0.0234451 -0.00536796 0.0561078 -0.00256278 0.0586118 -0.00258274 -0.0119866 -0.040754 0.0150541 -0.0216418 -0.0182212 -0.0345227 -0.0281369 0.0351395 -0.0122396 -0.00302588 -0.00350023 -0.0288803 -0.00655843 -0.000128313 0.0221094 -0.00641485 0.00660301 -0.0029172 -0.000789174 -0.00139137 -0.0301583 -0.00124533 -0.00054987 0.00283093 -0.0128905 -0.0362666 0.0145253 -0.0196757 -0.0189808 -0.00753998 0.000129818 -0.00767022 -0.0276675 -0.000315181 -0.00559651 0.00197126 -0.00154006 0.000570318 -0.0392023 0.0371404 -0.00984998 -0.00805602 0.00402159 0.0607527 -0.00493624 -0.00731005 -0.0133228 0.0444604 -0.0151682 -0.00434099 
