0.0408923 -0.000691999 0.00192988 0.00119167 -0.00114007 0.00194722 -0.00110141 -0.00017144 -0.00166231 -0.00423291 0.000725846 0.000269372 0.000220861 0.00642625 0.00679393 0.000912442 -0.000155634 0.000419069 -0.00111127 -0.00694937 -0.00165368 0.00229565 -0.000174273 0.00112682 -0.00155164 0.00151465 0.00170209 0.000333534 -0.00605288 -0.00215909 -0.00303116 -0.000313102 -0.00266591 6.82901e-06 -0.00151287 -0.00272053 -0.00276865 -0.00213938 -0.0030146 0.000233952 -0.00710563 -0.000718747 0.000232879 -0.00672991 -0.00442205 0.0001773 0.000660146 -0.000318477 -0.00203325 0.000539989 0.00187153 4.12886e-05 0.000187814 2.89553e-05 0.00181301 0.00109634 0.000926055 0.00195131 0.00120338 0.00235672 0.00213521 -0.000124251 -0.000509056 0.00822155 -0.00561099 2.91321e-06 -3.53358e-05 0.00194245 0.000451858 0.00106802 0.000855112 0.00125703 -0.000170002 -0.000507396 -0.00702517 -0.00211548 -0.00749014 -0.00148082 -0.00516484 0.0026453 -0.00216851 0.00452336 0.0049795 0.00839933 -0.00101162 -0.00341487 0.00177757 0.00460808 -0.00319682 -0.00171035 0.00426014 -0.00421934 -0.00560496 -0.00267558 -0.0022758 -0.000484537 -0.00389605 -0.000816596 -0.00321724 0.00407148 
-0.000691999 0.165063 0.0431951 0.0144709 0.0119577 -0.00982729 -0.00870893 0.00621289 0.036122 -0.0214636 -0.0294684 0.0165367 -0.00904137 0.0234197 -0.0137152 0.0221021 -0.00450399 0.00619646 0.0417038 -0.0385144 -0.00952327 -0.0222455 -0.00889709 0.0492493 -0.00710701 -0.00611422 -0.00376529 0.0350528 0.0131785 -0.0532897 -0.0325358 0.064086 -0.00859029 0.0182463 -0.00480301 -0.0141801 -0.00990461 0.033576 -0.0207346 0.00144385 -0.0496749 0.00924184 0.00660777 -0.00213547 -0.0359406 0.00862152 -0.00273009 0.0112377 -0.0175619 -0.00610971 -0.0300287 -0.0161433 0.00521364 0.00217886 -0.00783387 0.00297077 -0.000537576 0.0235412 -0.000125541 -0.0312231 0.00340305 0.00835358 -0.00231876 -0.0110649 -0.0533128 -0.00079769 -0.00225179 -0.00529903 -0.0113169 0.00620997 -0.00336424 -0.0102586 -0.00250222 0.0462232 -0.0264796 -0.0710945 -0.0284999 0.0101025 -0.0195744 -0.00270084 -0.0510758 -0.00290634 -0.0207057 0.00458613 -0.018065 0.024277 -0.0314963 -0.0022 0.000673643 0.00616213 0.013666 0.0623175 -0.0241274 0.0401394 0.0279492 -0.00880072 0.0219165 4.64862e-05 0.0228064 -0.0223755 
0.00192988 0.0431951 0.106625 0.00888593 0.0067548 0.00829078 0.00140554 0.00475814 0.0198858 -0.0130755 -0.00751652 0.0166288 -0.00392153 0.0119321 0.00162407 0.0193078 0.00120399 -0.00310771 0.00820643 -0.0201364 -0.005295 -0.00769088 0.000111961 0.0125238 -0.00530849 -0.00175133 0.00497526 0.0149554 -0.0172445 -0.0280566 -0.0153313 0.0241403 -0.00138711 0.00908032 -0.00055568 -0.00473898 -0.00493821 0.0116949 -0.00794931 0.00142824 -0.0214206 0.000881682 0.0031837 0.00325072 -0.0173765 0.00147392 -0.00166976 -0.00246592 -0.0249519 -0.00225865 -0.0202735 -0.00998407 0.00405037 0.000884714 -0.00398479 0.00259195 -0.000760272 0.00817909 0.00110032 -0.0153171 -0.00113609 0.000723651 0.0019568 -0.00624705 -0.0339721 -0.000583788 0.000103965 -0.00546772 -0.00703863 0.00186443 -0.00280539 -0.00404608 0.00277904 0.0370312 -0.0138205 -0.0421832 -0.0253685 -0.00172164 -0.0114732 0.00712144 -0.0235076 -0.00144024 -0.00826915 0.00534978 -0.0100373 0.00719363 -0.0254717 -0.00489904 -0.00324165 -0.000446905 0.0156165 0.0371539 -0.0119104 0.0170651 0.0114281 -0.00349566 0.00780019 -3.69347e-05 0.00721872 -0.00845896 
0.00119167 0.0144709 0.00888593 0.0678568 0.0064139 0.0117894 0.00315179 0.00288311 0.0254011 -0.00925618 -0.0162512 0.0189436 -0.000859011 -0.000732936 -0.00751511 -0.00514057 -0.00301446 -0.000314535 0.0115342 -0.0123688 -0.00331169 -0.00772285 -0.00202084 0.00257454 0.00411994 -0.00276045 -0.00192737 -0.00544694 -0.00438794 -0.00706709 -0.010366 0.0187922 0.00536632 0.000973186 -0.00132415 -0.00373334 -0.00133181 0.0132472 -0.00942409 -0.00115489 -0.0173653 0.011813 -0.00410098 -0.00781609 -0.0152951 -0.000795016 -0.00078414 -0.00521571 0.000277026 -0.00153077 -0.00847924 -0.0057063 0.00702291 -0.00141175 -0.00279067 -0.0019654 -0.00249986 0.012945 -0.000385112 -0.0159634 0.0023976 -0.00153858 -0.00117647 0.00756238 -0.014125 0.000122108 0.00171488 -0.00250039 0.000363865 0.000610592 0.000300254 -0.0015772 -0.00455578 0.0168047 -0.00774234 -0.018971 -0.0114858 -0.00490656 -0.0064259 -0.00579657 -0.0187814 -0.00518414 -0.00239068 0.00022689 -0.00661589 0.013863 -0.00789569 0.013019 0.00344187 0.00243536 -0.00702829 -0.00435612 -0.0029767 0.0107983 0.0102018 0.00274161 0.00282455 -0.00106379 0.0100599 -0.00251117 
-0.00114007 0.0119577 0.0067548 0.0064139 0.0691156 0.00409117 -0.00182252 0.000626958 0.00669938 -0.00717921 -0.00818633 0.00627012 -0.0020164 -0.00762951 -0.00482593 0.00717172 -0.00489565 0.00118495 0.00482631 -0.0143031 2.38575e-05 -0.00923295 0.00219766 -0.00703407 -0.00268806 -0.00074652 -0.000371238 0.0253833 0.00275085 -0.0125903 -0.00884195 0.00405783 -0.00144292 -0.00421937 0.00287278 -0.000347297 -0.000523302 0.000340019 0.000644809 0.00507862 -0.0158217 -0.00147838 -0.000350937 0.0030323 -0.0135174 0.00383045 0.000552597 -0.00274356 -0.0109322 -0.00163601 -0.0125148 -0.00291323 0.00159789 0.00541872 -0.00334805 -0.000335426 -0.00143882 0.000260758 -0.00110854 -0.00365382 0.0038289 0.00368973 0.00201092 0.0064784 -0.0115412 0.00082069 -0.000969352 -0.00311905 0.00240438 -0.000761674 -0.00059943 -0.004409 0.00329492 0.00909436 -0.00235173 -0.0292874 -0.0135987 0.0017281 -0.00629068 -0.00525299 -0.00830008 0.000174623 -0.00887399 0.00451693 -0.00526471 0.00272251 -0.000202456 -0.000289891 0.014605 0.000489092 -0.00447167 0.0270157 -0.00217267 0.00837598 0.00477198 -0.00238754 0.00542137 0.00252359 0.00383535 -0.00898368 
0.00194722 -0.00982729 0.00829078 0.0117894 0.00409117 0.148458 0.0102798 9.05317e-05 -0.00196771 -0.00196422 0.0126361 0.00309962 0.00393958 -0.00859666 -0.0174771 -0.00535638 -0.000269553 -0.00580991 -0.00381947 -0.00721467 -0.00114649 0.00624584 0.0150689 -0.00580952 -0.00273846 -0.0150994 -0.000187455 -0.00275998 -0.0178947 -0.0035786 0.00661169 -0.0100326 0.0307242 0.00068151 0.00178777 -0.0104908 0.0196775 0.00366499 -0.0181724 -0.00373588 0.00733339 -0.00811303 -0.00847395 -0.00172141 0.00120012 0.0010755 -0.000393293 -0.00187309 -0.011627 -0.00377134 -0.00658352 -0.0099849 0.00177366 -0.00340323 -0.00746422 -0.0055418 -0.0109568 -0.00530373 -0.00529008 -0.0221558 0.000885308 -0.0094019 -0.000470518 -0.00740913 -0.018523 3.34107e-05 0.000495394 -0.00597861 0.000774291 0.00117493 -0.00310043 -0.00261687 -0.00975724 0.00649341 0.0179933 -0.0215289 0.0126641 0.00412319 -0.00561923 0.00453587 -0.000405821 0.000443091 -0.0117153 -0.00548998 0.0286776 0.00412072 0.00683823 0.0161495 -0.0144852 -0.0026038 0.0110878 -0.00586461 -0.0114446 0.00180327 0.0148883 0.0110042 -0.0152753 -0.00688945 0.0012439 -0.0207111 
-0.00110141 -0.00870893 0.00140554 0.00315179 -0.00182252 0.0102798 0.0982464 0.00223288 0.000346717 0.00429461 0.0138154 -0.00173095 0.00360978 0.0051485 -0.00556185 -0.00331555 -0.00656885 -0.000537528 -0.00614741 0.0042659 -0.00216294 0.0039438 0.000588474 -0.0134861 -0.00216499 -0.00763316 -0.0025415 -0.00477638 0.00641058 -0.00512918 -0.000670983 0.00864943 0.00326403 0.00458935 0.00611024 0.000159384 -0.000583753 -0.00313999 -0.0094251 -0.000830791 0.00251283 -0.00410653 -0.00301557 -0.000866496 0.0217051 0.000808763 -0.00173903 -0.0025399 -0.00332375 0.000287671 -0.00858582 -0.00466323 -0.00251493 -0.00323753 -0.00334737 -0.00471822 0.00256498 0.00140255 -0.003957 0.000211811 -0.00440728 -0.00461725 3.91623e-07 -0.0122803 0.0071649 0.0003001 0.00178925 0.000441258 0.00192253 0.000887628 -0.000898977 -0.00446625 -0.00302555 -0.000827636 0.0156029 0.00423714 -0.00023926 -0.00360265 0.00107698 0.00182147 0.00187412 0.00193052 0.000474615 -0.00791679 -0.00774999 -0.00923126 0.00569263 -0.00462947 0.00152477 -0.0015162 -0.00581702 -0.014071 0.00776182 -0.00532924 -0.0156307 0.000738115 -0.00473933 -0.000313688 -0.00839159 -0.0108909 
-0.00017144 0.00621289 0.00475814 0.00288311 0.000626958 9.05317e-05 0.00223288 0.0329253 0.00608025 -0.00310896 -0.00174334 0.00765509 0.00140442 -0.00109381 -0.000798444 0.0033041 -0.00127536 0.00143509 0.000806979 -0.0045918 -0.000791787 -0.00214322 0.00240174 -0.000534288 -0.00069372 -0.00326753 0.000190797 -0.000966232 0.00033376 -0.00361042 -0.00213115 0.0060276 0.00102664 -0.00174947 0.000199467 -0.00251383 -0.00253074 0.00613909 -0.00287539 -0.000846369 -0.00568549 0.00157598 0.0022773 -0.00210283 -0.00280878 -0.000343776 0.000851006 0.00168227 -0.00428089 -0.000520535 -0.00331141 -0.00336313 0.00208429 0.000179652 -0.00166407 0.00187034 0.00479189 0.00294827 -0.000348688 -0.00314863 0.00286666 0.00361199 -0.000166205 -0.00111673 -0.00803443 -5.97866e-05 -0.000191746 -0.00111046 -0.000834871 0.000179843 0.000238474 -0.00112607 0.00208326 0.00401326 -0.00309838 -0.00627553 -0.00307254 0.00116941 -0.00387662 0.00129542 -0.0116315 -0.00142612 -0.00151302 0.00401876 -0.0020073 0.00548589 -0.00606591 0.00253996 -0.00128184 -0.000394851 0.00431334 0.000773102 -0.00440316 -0.00347629 -0.00579235 1.43405e-05 -0.00275562 0.000681188 -0.00169103 -0.00186282 
-0.00166231 0.036122 0.0198858 0.0254011 0.00669938 -0.00196771 0.000346717 0.00608025 0.0898332 -0.0107387 -0.0118851 0.0286755 -0.00366451 0.00584133 -0.00710346 0.00895587 -0.00499941 -0.000708312 0.0238946 -0.018932 -0.00418513 -0.0129606 -0.000764444 0.0122777 0.00253016 -0.00760997 -0.00215834 -0.00405239 -0.00692389 -0.0157318 -0.0132555 0.0313019 -0.00301822 0.000417414 -0.00339667 -0.0065637 -0.00639196 0.0179285 -0.00808433 0.000511396 -0.0239611 0.00803533 0.000901855 -0.00591986 -0.0204898 0.00073162 -0.00189231 -0.00281778 -0.0113822 -0.00312717 -0.0173828 -0.00803885 0.0122098 -0.00168612 0.000313396 -0.000915516 0.00334656 0.0180789 0.000984654 -0.0210653 0.00245954 0.000120671 -0.00133649 0.015356 -0.0209449 -0.000115534 0.00232808 -0.0038644 -0.00176316 -0.00505607 -0.00124549 -0.00703458 -0.00451706 0.0248117 -0.0192513 -0.0261175 -0.00931968 -0.00265146 -0.0100032 -0.00646986 -0.0318877 -0.00471874 -0.0061638 0.0129585 -0.0153147 0.0155419 -0.0193216 0.00560789 0.00613882 0.0059362 0.000139151 0.0129907 -0.0120236 0.00884451 0.00908338 -0.00286501 0.0030693 -0.00256431 0.0049919 -0.00169545 
-0.00423291 -0.0214636 -0.0130755 -0.00925618 -0.00717921 -0.00196422 0.00429461 -0.00310896 -0.0107387 0.138477 0.0256685 -0.00751597 -0.00134466 -0.00606904 -0.0120145 -0.0172773 -0.00819643 -0.00372396 0.00555087 0.035769 0.009904 -0.00320531 0.00063494 -0.0151697 -0.00225634 -0.0164624 -0.00409709 -0.0233295 0.0183829 -0.00268756 0.0180589 -0.00472735 -0.000787646 -0.00630067 0.00386363 -0.00639198 -0.00881642 -0.0113569 -0.0056013 0.00538941 0.0337441 -0.00733911 -0.000541057 -0.00556741 0.0175149 -0.000918604 0.000571949 0.00594904 0.0048416 0.00557198 0.00102148 0.00101678 -0.00459722 -0.00119669 0.00327022 -0.00302187 -0.0126156 -0.0293066 0.000404594 -0.00335428 -0.000630459 -0.00825897 -0.000143081 -0.0134855 0.0284092 -0.000468007 -0.00110468 0.00827112 0.00104368 -0.00441588 -8.98403e-05 -0.0041699 -0.00173508 -0.0131932 0.0414979 0.0358573 0.0276418 -0.0107678 0.0130789 -0.00703437 -0.004167 -0.00559285 -0.00708458 -0.0183968 0.0038878 -0.00416232 0.0133801 -0.00674712 -0.00295145 -0.00142807 -0.0199181 -0.0212247 0.019742 -0.0236075 -0.0267643 0.00264915 0.00849488 0.000553571 -0.0165384 -0.0135184 
0.000725846 -0.0294684 -0.00751652 -0.0162512 -0.00818633 0.0126361 0.0138154 -0.00174334 -0.0118851 0.0256685 0.200673 -0.0213995 -0.00349422 -0.000931643 0.00439932 0.0120504 -0.00874911 -0.00885907 -0.0167444 0.0611834 0.00794795 0.0124769 0.00968849 -0.0166952 -0.0118282 -0.0166471 -0.000925748 -0.0393458 0.027043 -0.00941327 0.0489167 -0.022863 -0.000801453 -0.00766385 0.00388412 -0.0194145 -0.0100949 -0.0201497 -0.00490914 -0.00535724 0.0353845 -0.0193764 -0.00533524 -0.0194742 0.0619923 -0.00238001 0.00164092 -0.0111783 0.0181859 -0.000800394 -0.00342945 -0.00885635 -0.00680407 -0.00651109 -0.000924654 -0.002959 0.0136057 0.00431982 -0.00975474 -0.00434302 -0.00831307 -0.0019419 -0.000604982 -0.0127994 0.0422684 -0.0015292 0.00428032 0.0101508 -0.01243 -0.000410586 -0.00454196 0.00770473 0.00358207 -0.0175756 0.0312439 0.0550193 0.00909027 -0.0108722 0.0125894 -0.00213916 -0.00529914 -0.021114 0.00904427 0.00190452 0.00897507 -0.0346803 -0.00715991 -0.0172043 -0.0140778 -0.0139524 0.0199438 -0.03775 -0.00819427 -0.0550166 -0.0145931 -0.00649798 -0.0222357 -0.00774063 -0.020716 -0.00917977 
0.000269372 0.0165367 0.0166288 0.0189436 0.00627012 0.00309962 -0.00173095 0.00765509 0.0286755 -0.00751597 -0.0213995 0.117086 -0.00115399 0.000750708 0.0025701 0.00328617 -0.00946003 -0.00508218 0.00837598 -0.0225751 -0.00361115 -0.00155335 0.000652842 0.00781025 0.00921131 -0.00573428 0.00041096 0.0194112 -0.00550294 -0.0186653 -0.0153449 0.0166783 -0.00139146 -0.00603905 -0.00484751 -0.0101662 -0.00558936 0.00918768 -0.0130369 0.00224806 -0.0287368 0.00795602 -0.00253619 -0.00983072 -0.0248036 -0.00174316 -4.72384e-05 0.000535414 -0.0274922 -0.00419384 -0.013286 -0.0103022 0.0099534 0.00460794 -0.00250982 -2.18225e-05 -0.00627929 0.0150547 0.00350064 -0.00910809 0.00252788 0.00981505 -0.00125948 0.0168055 -0.0205216 -0.000325409 -0.0019443 -0.00234601 -0.000572691 -0.00472379 -0.00102576 -0.000649411 -0.00189042 0.0190249 -0.0127334 -0.0257219 -0.0213583 0.00723972 -0.0121411 -0.0018818 -0.030871 -0.00316765 -0.000708863 0.00116588 -0.00476574 0.020898 -0.0081504 0.00858155 0.00233222 0.00445441 -0.00211607 0.0233649 -0.00743813 0.0118473 0.0164355 -0.00389483 8.09958e-05 -0.00197703 -0.000515407 -0.007949 
0.000220861 -0.00904137 -0.00392153 -0.000859011 -0.0020164 0.00393958 0.00360978 0.00140442 -0.00366451 -0.00134466 -0.00349422 -0.00115399 0.0487717 0.00186508 -0.000119228 -0.00372583 0.000372569 0.00121142 -0.00333225 -0.00269515 -0.000100266 0.00349537 -0.000963339 -0.00566241 -0.00179314 -0.00294027 0.000223348 -0.00980641 -0.00940525 -0.00116354 0.00702811 -0.0013775 0.00964212 -0.00328017 0.00550206 -0.00133988 0.00726669 0.00444832 -0.00231976 0.00164642 -7.27344e-05 -0.00376183 -0.00174791 -0.00228287 0.00305982 -0.000249753 0.000662446 0.00474903 -0.00926926 0.00110785 -0.00744702 -0.00358283 -4.93892e-05 0.000971201 0.0041865 0.000863585 -0.00306414 -0.00167332 0.00111515 -0.00229503 0.00159509 -0.00397797 0.000781713 -0.00683403 -0.00924767 0.000581185 0.00186354 -0.000814224 0.00401279 0.00483801 0.00237281 0.00275698 -0.00105849 -0.00196172 0.00660868 -0.00472422 0.00153738 0.00491985 -0.000345865 0.0114237 -0.00756813 0.00979961 -6.25476e-05 -0.00464113 -0.00250615 -0.00469639 0.00297376 0.0086048 -0.0032072 -0.00150466 -0.00196442 -0.00957883 0.00432659 -0.0052288 -0.0108876 0.0071378 -0.00052164 0.00189396 -0.00321571 0.0001719 
0.00642625 0.0234197 0.0119321 -0.000732936 -0.00762951 -0.00859666 0.0051485 -0.00109381 0.00584133 -0.00606904 -0.000931643 0.000750708 0.00186508 0.117471 0.00653456 0.016906 0.00368219 0.00437442 0.00429458 -0.00829078 -0.00649573 0.00980488 -0.00194286 0.0230629 0.00466979 -0.00784149 0.00571888 -0.0190706 -0.00591107 -0.0260292 -0.00920794 0.0128607 -0.00782795 0.0140499 -0.00390406 -0.00756929 -0.0148524 0.00332344 -0.016387 -0.00578754 -0.0199397 0.000751741 0.00230336 -0.0270581 -0.0119846 -0.00124258 0.000749052 0.0225958 -0.0232562 0.00145711 -0.0115544 -0.0121561 -0.0024963 0.00188683 0.00441274 0.00185096 0.00207328 0.0123912 -0.000697083 -0.0199545 -0.00197212 -0.00806412 -0.00114445 -0.00616964 -0.0291659 0.000203017 0.00199199 0.00631072 -0.00311776 -0.00237584 -0.000471274 0.000984853 -0.00292929 0.0145285 -0.0106363 -0.00818173 0.0128089 0.00739635 -0.009729 0.0375311 -0.0333896 0.0186366 0.000678406 0.00560299 0.00239942 -0.00406902 -0.0179238 0.00398374 -0.00868649 -0.00462936 0.0258944 -0.0101194 0.0031198 -0.00241913 -0.00877711 -0.0025248 -0.00984082 -0.00654243 0.00591425 0.00879678 
0.00679393 -0.0137152 0.00162407 -0.00751511 -0.00482593 -0.0174771 -0.00556185 -0.000798444 -0.00710346 -0.0120145 0.00439932 0.0025701 -0.000119228 0.00653456 0.140958 0.00615035 0.0142681 0.00437052 -0.00364471 -0.0197077 -0.00127805 -0.010595 0.00599888 0.00984472 0.00946152 -0.00256802 0.011246 -0.0150903 -0.0325621 -0.0026625 0.0010773 -0.0223803 -0.00961398 -0.0110093 -0.000635482 -0.0102349 -0.0179669 -0.0120475 0.0212992 0.00411793 -0.016984 -0.00779035 0.012237 -0.00219131 -0.00363505 -0.00567698 0.00314801 0.00239617 -0.0260644 0.000865351 -0.0231589 -0.00100417 -0.00304405 0.000601727 0.0143701 0.0126655 -0.000229027 0.0122384 0.0011145 0.0168303 0.00735669 -0.00511781 -0.000189273 -0.0063425 -0.00569115 -0.00113128 -0.000689367 -0.00222828 0.000817609 0.000673232 0.00136605 -0.00368374 0.0303414 -0.00371798 -0.0217114 -0.00359991 9.39262e-05 0.00761972 -0.0148442 0.0168563 0.0118086 0.0134829 0.0288752 0.0203846 0.00651335 -0.016776 0.0186539 -0.00666753 -0.0096165 -0.00384671 0.0322991 -0.000469434 -0.00698296 -0.0137655 -0.0456712 -0.00555878 -0.00665084 -0.00481606 -0.0154613 0.0118114 
0.000912442 0.0221021 0.0193078 -0.00514057 0.00717172 -0.00535638 -0.00331555 0.0033041 0.00895587 -0.0172773 0.0120504 0.00328617 -0.00372583 0.016906 0.00615035 0.120902 0.000368091 0.00786781 -0.00522459 -0.0191444 -0.0044282 -0.0124331 0.00209266 0.00767723 -0.00441746 -0.00613256 0.00563908 0.0301885 -0.00962826 -0.0202697 -0.0138347 0.00360748 -0.00863407 -0.00154072 -0.00408631 -0.00953529 -0.00826781 0.00992874 -0.00110564 -0.000753145 -0.0336044 -0.00329638 -0.00242699 -0.0200117 -0.0233705 0.00281956 -0.00244917 -0.003506 -0.0245919 -0.00305375 -0.0127159 -0.0119603 0.00353234 -0.00376162 -0.00502449 0.00260196 0.0108248 0.0330886 0.00208734 -0.00463325 0.000730925 -0.00624601 -0.000182864 0.0181218 -0.0328174 8.28212e-05 -0.00147867 -0.00457979 -0.0036536 -0.0019893 -0.00145451 -0.00281557 0.0112786 0.0113317 -0.0196531 -0.0321603 -0.0192298 0.0196658 -0.0156203 0.00517332 -0.0245664 0.0018422 -0.00215705 0.0273546 0.0129537 -0.00346498 -0.0117366 0.00653418 -0.00440482 -0.00136963 0.0439215 0.0309308 -0.0188392 0.00796265 0.0106776 -0.00590469 -0.0119367 -0.00640242 0.00928178 -0.00989527 
-0.000155634 -0.00450399 0.00120399 -0.00301446 -0.00489565 -0.000269553 -0.00656885 -0.00127536 -0.00499941 -0.00819643 -0.00874911 -0.00946003 0.000372569 0.00368219 0.0142681 0.000368091 0.0960813 0.00149011 -0.00144362 -0.0141493 -4.36103e-05 -0.00759979 0.000893395 0.0165921 -0.00108038 -0.0035841 0.0080148 -0.0108804 -0.0257963 0.00408555 0.00853039 -0.00668269 0.0065584 0.00399779 -0.00343196 0.000883393 0.0138148 -0.00440515 0.00729356 -0.00285623 0.0113959 -0.00113178 0.00384412 0.00365088 -0.00911837 -0.00275463 -0.00178604 0.00291947 -0.0196067 0.000960877 -0.0129531 -0.010172 -0.00106815 0.000331554 0.0046648 0.00146653 -0.00196888 -0.00819751 -0.000843101 -0.0147876 -0.00221105 -0.00592543 0.00526407 -0.00226479 -0.0202492 0.000337403 0.00047687 -0.00420094 0.00217208 0.00683639 -0.00255434 0.00225776 0.0144991 -0.00144489 -0.00804363 -0.0280007 -1.4496e-05 -0.000999718 -0.00197414 0.0117986 0.0138442 0.0152471 -0.00623674 0.016932 0.0110212 0.00612217 -0.014219 0.00867433 -0.000884022 -0.00280644 0.0216105 0.00442941 3.98389e-05 -0.0148002 -0.0208051 0.00322006 -0.0081019 -0.0039901 -0.000689609 0.00669855 
0.000419069 0.00619646 -0.00310771 -0.000314535 0.00118495 -0.00580991 -0.000537528 0.00143509 -0.000708312 -0.00372396 -0.00885907 -0.00508218 0.00121142 0.00437442 0.00437052 0.00786781 0.00149011 0.0658398 0.0101202 -0.00625585 -0.00107447 0.00144832 0.00453052 0.0121711 0.000600688 -0.00342599 0.00303167 -0.00353865 -0.00633861 7.27679e-05 -0.00781836 0.00816478 -0.00272128 -0.00159557 -0.00335829 0.00382727 -0.00488455 0.0116401 -0.00306345 -0.00305625 -0.0115563 0.00139846 0.00297259 -0.0112888 -0.0145221 0.000194212 0.00280884 0.0103253 -0.00788475 0.00401005 -0.0016532 -0.00302941 -0.0012761 0.00739633 0.00649592 0.00616418 0.00392213 0.00504203 -0.000909567 -0.0103586 0.00408364 -0.00499033 -0.000830183 -3.49995e-06 -0.0184817 0.000986468 -0.000811083 -0.00174106 0.00310949 -0.00143476 0.00236345 0.00118932 -0.00180777 0.00608443 -0.00962559 -0.00844018 0.0018863 0.00228411 -0.00613233 0.000654319 -0.00669013 0.00539203 0.00132408 0.00727354 -0.000485689 -0.00467198 -0.00654128 0.00692167 -0.00285555 -0.00210498 0.0076629 0.00228033 -0.00680726 -0.0175798 -0.0179148 0.000826862 -0.00287567 -0.00265169 0.00537002 0.00281071 
-0.00111127 0.0417038 0.00820643 0.0115342 0.00482631 -0.00381947 -0.00614741 0.000806979 0.0238946 0.00555087 -0.0167444 0.00837598 -0.00333225 0.00429458 -0.00364471 -0.00522459 -0.00144362 0.0101202 0.105036 -0.00931488 -0.000305072 -0.0132641 0.00076561 0.0238748 0.00415359 -0.0124818 -0.00193213 -0.00677321 0.00337693 -0.0239882 -0.011579 0.0380585 -0.00342088 0.00906759 -0.00151355 -0.00171852 -0.00197165 0.00757255 -0.0103896 0.00301372 -0.0182104 0.00425642 0.016735 0.00199231 -0.0203155 0.00560023 0.00410802 0.0170208 -0.0025155 -0.000672047 -0.0167683 -0.00916048 0.000644331 0.00995201 0.00488073 0.00419095 -0.00654463 -0.0110042 0.000972728 -0.0247575 0.00490767 -0.00461143 -0.00177295 -0.0151795 -0.0276988 9.40684e-05 0.00136455 -0.00485728 -0.00306258 7.72483e-05 -0.00120874 -0.00758924 -0.00396213 0.0270864 -0.00421009 -0.0295912 -0.0021619 0.00824446 -0.00091135 -0.003269 -0.0340836 0.000265922 -0.013177 0.00281768 -0.0128066 0.00848242 -0.019777 0.00420995 0.00346275 0.00556041 -0.00955936 0.0202359 -0.011242 -0.0120113 -0.00409225 -0.00175613 0.015214 -0.000847609 -0.00118817 -0.00591347 
-0.00694937 -0.0385144 -0.0201364 -0.0123688 -0.0143031 -0.00721467 0.0042659 -0.0045918 -0.018932 0.035769 0.0611834 -0.0225751 -0.00269515 -0.00829078 -0.0197077 -0.0191444 -0.0141493 -0.00625585 -0.00931488 0.175491 0.018154 0.0402249 -0.00924128 -0.026121 -0.00294956 -0.0171914 -0.00714541 -0.0529754 0.0538621 0.015297 0.0332401 -0.0252183 -0.00613751 -0.0134441 -0.0038222 0.00027632 -0.0103769 -0.0221996 -0.000617781 -0.0136154 0.0854677 -0.00872568 -0.00557359 -0.0182219 0.0686364 -0.0042845 0.00158604 -0.00863071 0.0403753 0.00114441 0.0240113 0.0181253 -0.0085908 -0.00568227 0.003231 -0.00748136 -0.0105297 -0.0284093 -0.00533656 0.00974527 -0.0102916 -0.00365192 -0.00180231 -0.0304891 0.068472 -0.000284641 0.000105062 0.0155199 -0.0081997 -0.011979 -0.0029731 0.00682974 -0.012088 -0.017277 0.0471169 0.0762315 0.0309937 -0.0172578 0.041318 -0.00451992 0.0181488 -0.0201207 -0.000142152 -0.0251962 0.00076952 -0.0269241 -0.000716339 -0.0208568 0.00422828 -0.014047 -0.0301793 -0.0591608 0.0143878 -0.0736361 -0.0291876 0.00022464 -0.0102573 -0.0107224 -0.0177979 -0.00700752 
-0.00165368 -0.00952327 -0.005295 -0.00331169 2.38575e-05 -0.00114649 -0.00216294 -0.000791787 -0.00418513 0.009904 0.00794795 -0.00361115 -0.000100266 -0.00649573 -0.00127805 -0.0044282 -4.36103e-05 -0.00107447 -0.000305072 0.018154 0.0544274 0.00432352 -5.20374e-05 -0.00719533 -0.000965478 0.00261492 -0.00109652 -0.0102882 0.00640679 -0.00152254 0.00691748 -0.0110861 -0.00351426 -0.00386059 -0.00176672 -0.000374729 -0.000504525 -0.00560202 0.00439529 -0.00081198 0.0209637 -0.00507657 0.000806643 -0.000156653 0.00968774 0.00224399 -0.000543933 -0.0032817 0.00553563 0.00132321 0.00133466 0.00553714 -0.00151862 -0.000732053 0.00278014 -0.0018256 -0.00467128 -0.00618778 -0.0013649 0.00177416 -0.00268932 -0.000734815 0.00127821 -0.00789123 0.0119204 -0.000126487 -0.000141095 0.000851972 -0.000429144 -0.00326478 -0.000476676 0.00247047 -0.00106446 -0.00602744 0.00746549 0.000694277 0.00325734 -0.00354589 0.0101061 -0.00201569 0.000459807 -0.00206993 -0.00438995 -0.0059308 0.00392652 -0.00848684 0.00704187 -0.00586541 -0.000333848 -0.0017079 -0.00826616 -0.00945573 0.00136155 -0.00691853 -0.0130118 6.24348e-05 0.0018386 0.000130742 -0.00504346 -0.000673833 
0.00229565 -0.0222455 -0.00769088 -0.00772285 -0.00923295 0.00624584 0.0039438 -0.00214322 -0.0129606 -0.00320531 0.0124769 -0.00155335 0.00349537 0.00980488 -0.010595 -0.0124331 -0.00759979 0.00144832 -0.0132641 0.0402249 0.00432352 0.144284 -0.000498735 -0.0237432 -0.00337387 0.00401615 -0.00207793 -0.010272 0.0277166 0.0177829 0.0123841 -0.0174197 0.0015895 -0.00824289 -0.00250383 0.00488693 -0.0164642 -0.0152077 -0.0048542 -0.00611741 0.0199299 -0.00657468 -0.00449682 -0.00521387 0.0107644 -0.00206057 -4.91721e-05 0.00257615 0.015796 0.0026621 0.0282493 0.0136333 -0.0027239 0.00552283 -0.00122686 -0.006856 -0.00660414 -0.0235678 -0.00179423 0.0025424 -0.0064136 0.00161733 0.000961095 -0.0253756 0.0367102 0.00104004 0.000931106 0.0101882 -0.00679895 -0.00613822 -0.0010393 0.00814748 -0.00806407 -0.00938607 0.0224508 0.0243103 -0.00576208 -0.00393038 0.0173205 0.0129011 -0.00100985 0.00334061 -0.010151 -0.0144334 0.001507 -0.0226447 -0.00788894 -0.00988194 -0.0053614 -0.0121129 -0.0294053 -0.0156473 0.00769401 -0.0382168 0.00394139 0.00894505 -0.0111096 -0.00614878 -0.012533 -0.00855887 
-0.000174273 -0.00889709 0.000111961 -0.00202084 0.00219766 0.0150689 0.000588474 0.00240174 -0.000764444 0.00063494 0.00968849 0.000652842 -0.000963339 -0.00194286 0.00599888 0.00209266 0.000893395 0.00453052 0.00076561 -0.00924128 -5.20374e-05 -0.000498735 0.0690572 -0.00471053 -0.000135888 -0.000697169 0.00301489 -0.00426199 -0.0119976 -0.00371673 0.00729041 -0.00534554 -0.000312341 0.00355333 0.000767428 0.000994323 0.000797754 -0.00382314 -0.000317971 0.00152546 -0.0025195 -0.00104934 0.00425223 0.00197466 -0.00052829 -0.00125641 0.00136286 0.000379196 -0.00813744 0.00269799 -0.00401303 -0.00392458 0.000217413 -0.000725163 -0.000177318 0.00400157 5.36331e-05 -0.000436014 -0.00135081 -0.00397763 0.00121213 -0.00428803 0.00201139 -0.0064636 -0.0131889 -0.000354636 -0.00116392 -0.00297637 -0.00339353 -0.00315807 -0.000669065 -0.00329564 0.00221932 0.000250914 -0.00369258 -0.00143138 0.00692207 0.00113017 -0.00695481 0.00273785 -0.00122929 -0.000730935 0.00171723 0.0049089 -0.000399985 -0.0057712 0.00276248 -0.00209823 -0.00417166 0.00191002 0.0121327 0.00325969 -0.00776387 -0.0120548 -0.0063253 0.000608291 -0.00417136 -0.00236258 -0.00658111 0.00131053 
0.00112682 0.0492493 0.0125238 0.00257454 -0.00703407 -0.00580952 -0.0134861 -0.000534288 0.0122777 -0.0151697 -0.0166952 0.00781025 -0.00566241 0.0230629 0.00984472 0.00767723 0.0165921 0.0121711 0.0238748 -0.026121 -0.00719533 -0.0237432 -0.00471053 0.142169 0.00384591 -0.00834428 0.00338632 -0.00401068 -0.0127934 -0.0301618 -0.0141712 0.036893 0.00631575 0.00424986 -0.00693117 -0.0111723 -0.0010649 0.0174685 -0.011998 -0.00135298 -0.0280663 0.0026989 0.00545053 -0.00960163 -0.0290301 -0.00643354 0.00092694 0.0165056 -0.0236086 -0.00332716 -0.028921 -0.00979799 0.00459203 0.00146225 0.00322024 0.010965 0.000705405 0.0215984 -0.00147344 -0.0287367 0.00763728 -0.00550436 -0.000338016 0.0105621 -0.0459675 -0.000560222 -0.00309882 -0.00667499 -0.00287709 -0.000727951 -0.00403909 -0.00422252 -0.000257018 0.0243502 -0.0254252 -0.0398835 -0.00164942 0.0201303 -0.00806023 0.00687461 -0.0303084 -0.000479086 -0.00425 0.0087443 0.0019431 0.0278139 -0.0205783 0.0138928 -0.00319625 0.000154992 0.039565 0.0197854 -0.0260452 -0.00932444 -0.0130377 -0.00688977 0.00230916 -0.00836341 0.0252317 -0.00131724 
-0.00155164 -0.00710701 -0.00530849 0.00411994 -0.00268806 -0.00273846 -0.00216499 -0.00069372 0.00253016 -0.00225634 -0.0118282 0.00921131 -0.00179314 0.00466979 0.00946152 -0.00441746 -0.00108038 0.000600688 0.00415359 -0.00294956 -0.000965478 -0.00337387 -0.000135888 0.00384591 0.0738673 -0.00257046 -0.00207351 -0.003218 -0.0151804 -0.000879662 0.00228336 -0.00715069 0.0019265 0.00406015 -0.00145373 -0.000166639 -0.00195889 -0.00145348 0.000887379 -0.000357076 -0.000678693 0.00300977 -0.00315657 -0.00339163 -0.00613013 -0.00241509 0.00155378 0.00190509 -0.0107814 -0.000589391 -0.00891777 -0.00528481 0.000710769 -0.00040204 0.000369306 0.000672268 -0.00343161 0.00692667 0.00169522 -0.0119513 -0.00111841 -0.00340507 -0.000191819 -0.00111886 -0.00118998 -0.000405104 0.00199392 -0.00380965 0.00234767 -0.00386875 0.00468247 -0.00329381 -0.00349355 -0.0021046 -0.000308952 -0.00626847 0.00735601 0.00179902 0.00597002 -0.00102603 -0.00467478 -0.00491762 -0.00326072 0.0019192 -0.00168082 0.00338497 -0.00310986 -0.000262018 0.00631738 0.00456384 0.000682551 0.0032739 0.0126685 0.00292898 -0.00759259 -0.00147041 -0.00400957 -0.00114526 0.00154009 0.00848332 
0.00151465 -0.00611422 -0.00175133 -0.00276045 -0.00074652 -0.0150994 -0.00763316 -0.00326753 -0.00760997 -0.0164624 -0.0166471 -0.00573428 -0.00294027 -0.00784149 -0.00256802 -0.00613256 -0.0035841 -0.00342599 -0.0124818 -0.0171914 0.00261492 0.00401615 -0.000697169 -0.00834428 -0.00257046 0.12222 -0.00183324 0.0158648 -0.00389965 0.0110574 -0.000913794 -0.00896333 -0.00728212 0.014022 -0.00472967 0.0191264 -0.00386728 -0.0112379 0.0110871 0.00149925 -0.00449374 0.0029251 -0.0107893 0.00779337 -0.0105996 -0.00273261 -0.00288387 -0.0104853 0.018774 -0.000341459 0.0133833 0.0185358 -0.00337598 -0.00371128 -0.00386716 -0.00407127 0.00521861 6.30303e-05 -0.000960998 0.00650105 -0.00606423 0.0127606 0.00305585 0.00023883 0.00543167 -0.000175694 -0.00118701 0.000340892 -0.00673764 -0.00418247 0.00103925 0.00739942 -0.00736037 -0.0105544 -0.0201661 0.0055045 -0.0210781 -0.00706569 0.00585349 -0.0109511 0.0195912 -0.00282082 0.00734299 -0.0108015 -0.0133791 0.00454609 0.00606492 -0.0110097 0.00708569 0.00373324 -0.0140024 -0.016132 -0.00557649 0.0211152 0.0241288 -0.00582315 0.00151013 0.000423325 -0.00245101 0.0167795 
0.00170209 -0.00376529 0.00497526 -0.00192737 -0.000371238 -0.000187455 -0.0025415 0.000190797 -0.00215834 -0.00409709 -0.000925748 0.00041096 0.000223348 0.00571888 0.011246 0.00563908 0.0080148 0.00303167 -0.00193213 -0.00714541 -0.00109652 -0.00207793 0.00301489 0.00338632 -0.00207351 -0.00183324 0.0446109 0.00145642 -0.00628964 -7.03547e-05 0.00178906 -0.00540911 -0.00286838 -0.00274692 -0.00134484 -0.0030286 -0.00437547 -0.00345091 -0.000441653 -0.000630804 -0.00573152 -0.0039167 0.000104674 -0.00326459 -0.00924944 -0.000422119 0.0014197 0.00147337 -0.00952022 0.00368535 -0.00398033 -0.00422734 -0.000709139 0.000246965 0.00205609 0.00296696 0.00237306 -0.00444215 0.0029863 -0.000817827 0.00411894 -0.000566692 0.000118562 -0.00297591 -0.0108958 4.15906e-05 -0.000144413 -0.000224371 -0.00070073 -8.1342e-05 -0.00102559 0.00371124 0.0089151 0.00176039 -0.00155259 -0.0106106 -0.0058334 -0.000154692 -0.00530376 0.00910522 -0.00414122 0.00588706 0.00166391 0.0129458 0.0117417 -0.00612005 -0.00593206 0.00624843 -0.00286896 -0.00187629 0.0121524 0.00273177 -0.00576271 -0.00932084 -0.00897807 -0.000929019 -0.00224878 0.00066685 -0.00161402 0.00440091 
0.000333534 0.0350528 0.0149554 -0.00544694 0.0253833 -0.00275998 -0.00477638 -0.000966232 -0.00405239 -0.0233295 -0.0393458 0.0194112 -0.00980641 -0.0190706 -0.0150903 0.0301885 -0.0108804 -0.00353865 -0.00677321 -0.0529754 -0.0102882 -0.010272 -0.00426199 -0.00401068 -0.003218 0.0158648 0.00145642 0.219353 0.00223018 -0.0323424 -0.0416247 0.00439419 -0.00349085 0.00760114 -8.37717e-05 0.00169329 0.0152902 0.00359666 0.00707335 -0.000354221 -0.0543295 -0.00744366 -0.0119747 0.00525248 -0.0380476 0.00712813 -0.000214172 -0.00590536 -0.0215386 -0.0079307 -0.00801983 -0.00819167 0.00460199 0.00238208 -0.0163989 -0.00513519 0.00562421 0.00533332 -0.00209792 0.00385188 0.00626277 0.0168662 0.00301505 0.0229494 -0.0405454 -0.00135261 -0.00719627 -0.00447917 0.00217366 0.0040401 -0.00282656 -0.00801387 0.0144119 -0.00308464 -0.0177863 -0.0901509 -0.0543882 0.0183759 -0.0124675 -0.01989 -0.0216119 -0.00216192 -0.0286973 0.0261891 0.00778928 0.0219978 -0.00298128 -0.00388255 0.0159003 0.0166966 0.00119596 0.108168 -0.0207906 0.0518688 0.0670821 -0.0137284 0.00339745 0.00543283 0.0244491 -0.0242916 
-0.00605288 0.0131785 -0.0172445 -0.00438794 0.00275085 -0.0178947 0.00641058 0.00033376 -0.00692389 0.0183829 0.027043 -0.00550294 -0.00940525 -0.00591107 -0.0325621 -0.00962826 -0.0257963 -0.00633861 0.00337693 0.0538621 0.00640679 0.0277166 -0.0119976 -0.0127934 -0.0151804 -0.00389965 -0.00628964 0.00223018 0.19977 -0.0161599 0.000954182 0.000601804 -0.00026472 -0.0124589 -0.00390441 -0.0114802 -0.0169846 -0.0160604 -0.0215789 -0.00589036 0.0143327 -0.00512693 -0.00835948 -0.0143969 0.0220336 -0.00298491 -0.00117754 0.00254852 0.0621631 -0.00265786 0.0202901 -0.000510019 -0.00655483 -0.00470928 -0.00748873 -0.0067139 -0.00756293 -0.00637279 -0.00711325 0.0112611 0.000772846 0.0291486 -0.00186202 -0.0298184 0.0576059 -0.000696589 -0.00133983 0.0164565 -0.0147325 -0.00333226 -0.00422677 0.0066183 -0.00932254 -0.0103928 0.0216962 0.0527736 0.0121692 -0.0106432 0.0214112 -0.0224883 -0.0542068 -0.0201657 -0.0165169 -0.0219121 -0.0214394 -0.00648376 -0.00764837 -0.0176989 0.00194838 -0.011141 -0.0211865 -0.0250262 0.00603953 -0.0259741 0.0246121 -0.00704331 0.0182297 0.000447913 0.00533731 -0.0212953 
-0.00215909 -0.0532897 -0.0280566 -0.00706709 -0.0125903 -0.0035786 -0.00512918 -0.00361042 -0.0157318 -0.00268756 -0.00941327 -0.0186653 -0.00116354 -0.0260292 -0.0026625 -0.0202697 0.00408555 7.27679e-05 -0.0239882 0.015297 -0.00152254 0.0177829 -0.00371673 -0.0301618 -0.000879662 0.0110574 -7.03547e-05 -0.0323424 -0.0161599 0.210476 0.0190426 -0.0367419 -0.00273197 -0.0175025 2.79829e-05 0.0122399 -0.0100701 -0.0152135 0.0249987 -0.00577302 0.0367413 0.024157 -0.0125616 0.00849086 0.00151913 -0.00805954 -0.00447984 -0.0178682 0.0258974 0.000499078 0.0315943 0.0127154 -0.00526189 -0.00689435 -0.00486629 -0.00590798 0.00727876 -0.0131496 0.00141987 0.0133127 -0.00973392 -0.011723 -0.00202742 0.0123508 0.0568443 0.00128271 3.82146e-05 -0.00785509 0.0135516 -0.00752759 0.00137025 0.00551846 -0.00568591 -0.0262581 0.00675118 0.0628809 0.00867079 -0.0264996 -0.00118041 -0.0155389 0.0558842 -0.00682041 0.0313069 -0.0034947 0.000784969 -0.013695 0.00170049 -0.00160654 -7.04115e-06 -0.00238794 -0.0180538 -0.0308942 -0.00323515 -0.0313959 -0.0111652 0.0115375 -0.0146905 -0.00652785 -0.0136081 0.0104603 
-0.00303116 -0.0325358 -0.0153313 -0.010366 -0.00884195 0.00661169 -0.000670983 -0.00213115 -0.0132555 0.0180589 0.0489167 -0.0153449 0.00702811 -0.00920794 0.0010773 -0.0138347 0.00853039 -0.00781836 -0.011579 0.0332401 0.00691748 0.0123841 0.00729041 -0.0141712 0.00228336 -0.000913794 0.00178906 -0.0416247 0.000954182 0.0190426 0.140257 -0.0255598 0.0103172 -0.00585072 0.0135203 0.0054511 -0.0073116 -0.0131231 0.00683861 0.00208333 0.0454222 -0.0122455 0.000774068 0.0033315 0.0391402 -0.00356089 0.0022453 -0.00774474 0.00136703 -0.00158581 -0.00341417 0.000819654 -0.00221117 -0.00601792 0.00330301 0.000732321 -0.0109356 -0.0292594 -8.95893e-06 -0.00988162 -0.00639426 -0.00344611 0.00309688 -0.029192 0.0173901 0.000161709 0.00762405 0.00136235 -0.00301792 0.00669862 0.000110685 0.00394499 -0.00106629 -0.014027 0.0487833 0.0423784 0.0114098 -0.0113096 0.0205396 -0.00328117 0.00610152 -0.00564399 -0.0126048 -0.00830275 0.0146393 -0.0278511 -0.00752192 -0.0105137 -0.00976455 -0.00946269 -0.00545275 -0.0394278 0.0142207 -0.0445703 -0.0275135 0.00236831 -0.0112192 0.00214832 -0.0200058 -0.00174665 
-0.000313102 0.064086 0.0241403 0.0187922 0.00405783 -0.0100326 0.00864943 0.0060276 0.0313019 -0.00472735 -0.022863 0.0166783 -0.0013775 0.0128607 -0.0223803 0.00360748 -0.00668269 0.00816478 0.0380585 -0.0252183 -0.0110861 -0.0174197 -0.00534554 0.036893 -0.00715069 -0.00896333 -0.00540911 0.00439419 0.000601804 -0.0367419 -0.0255598 0.187439 0.00562689 0.0205454 -0.00105606 0.0120843 0.00644225 0.0459347 -0.0086166 0.00515201 -0.041039 0.00904206 0.0123117 0.0146783 -0.0398577 0.00399333 -0.00143391 0.00288554 -0.0110321 -0.00263517 -0.0129667 -0.0162637 0.00426448 0.00388158 -0.00827894 0.00409856 -0.00314459 0.00979566 -0.00393404 -0.0386473 0.00467888 -0.00426974 -0.00138335 0.016405 -0.0571103 0.000659215 -0.00229608 -0.00445556 -0.00215503 0.00206926 -0.00306858 -0.0109085 -0.00738464 0.0359188 -0.0193755 -0.0508852 -0.0442111 0.0018709 -0.00948418 -0.012815 -0.0382027 -0.000463401 -0.0310254 0.000745744 -0.0238084 0.0354058 -0.0417795 0.00732685 0.00432017 -2.93899e-05 -0.000225339 0.0202883 -0.0132476 0.00901984 0.0037485 0.00367742 0.00459052 0.00540417 0.0132098 -0.0170677 
-0.00266591 -0.00859029 -0.00138711 0.00536632 -0.00144292 0.0307242 0.00326403 0.00102664 -0.00301822 -0.000787646 -0.000801453 -0.00139146 0.00964212 -0.00782795 -0.00961398 -0.00863407 0.0065584 -0.00272128 -0.00342088 -0.00613751 -0.00351426 0.0015895 -0.000312341 0.00631575 0.0019265 -0.00728212 -0.00286838 -0.00349085 -0.00026472 -0.00273197 0.0103172 0.00562689 0.098246 0.00119163 0.00456246 -0.00295675 0.0135099 0.00585342 -0.01175 -0.00129328 -0.00141283 -0.00343792 -0.00518675 -0.00366614 -0.00780773 -0.00248222 -0.000512314 0.0068847 -0.015485 -0.00267793 -0.0159779 -0.00957864 0.00348381 -0.00359998 -0.00290292 0.00157751 -0.00725673 -0.00113361 -0.000859342 -0.0135511 0.00156399 0.00013237 0.00122406 -0.00916925 -0.0113631 -3.41509e-05 -0.000269893 -0.00362813 -0.00180945 0.0168728 -0.00215187 0.000273504 -0.00343013 -0.000346613 0.00133033 -0.0109157 -0.00278407 0.0019652 0.00612892 -0.00141257 -0.018561 0.00176584 -0.013799 -0.00411512 0.00247426 0.0188868 -0.00874443 0.0117045 -0.00152252 -0.00216602 0.017352 -0.00331 -0.000619346 -0.00877158 0.0113035 0.00243134 -0.00837127 -0.00100932 0.00792642 -0.010264 
6.82901e-06 0.0182463 0.00908032 0.000973186 -0.00421937 0.00068151 0.00458935 -0.00174947 0.000417414 -0.00630067 -0.00766385 -0.00603905 -0.00328017 0.0140499 -0.0110093 -0.00154072 0.00399779 -0.00159557 0.00906759 -0.0134441 -0.00386059 -0.00824289 0.00355333 0.00424986 0.00406015 0.014022 -0.00274692 0.00760114 -0.0124589 -0.0175025 -0.00585072 0.0205454 0.00119163 0.105407 0.000770169 0.00896696 0.0109095 0.0109628 -0.0108259 -0.00147284 -0.0103213 0.00637932 0.0080799 -0.00773895 -0.0118042 0.0115053 -0.000297052 0.00405928 -0.00187471 0.00241281 -0.00346945 -0.00319708 -0.000440232 0.00135795 -0.0045874 -0.000986479 -0.00586783 -0.00817201 -0.00351961 -0.0193553 -0.00450389 -0.000202541 0.000273913 -0.00109368 -0.0287284 0.000213985 0.0034078 -0.00272862 0.000943973 0.00360095 -0.00136012 -0.00481259 -0.00545261 0.00117398 -0.00703317 -0.0221657 -0.00618463 -0.000556596 0.00327372 0.00152224 0.00714851 0.00269276 -0.0165925 -0.00958603 0.00654933 0.00264222 -0.0160519 -0.0068104 -0.0037486 0.00266354 -0.0110294 0.00544511 0.00452753 0.0112251 0.0146537 0.00127435 -0.00399864 -0.00383273 -0.00271959 0.000250378 
-0.00151287 -0.00480301 -0.00055568 -0.00132415 0.00287278 0.00178777 0.00611024 0.000199467 -0.00339667 0.00386363 0.00388412 -0.00484751 0.00550206 -0.00390406 -0.000635482 -0.00408631 -0.00343196 -0.00335829 -0.00151355 -0.0038222 -0.00176672 -0.00250383 0.000767428 -0.00693117 -0.00145373 -0.00472967 -0.00134484 -8.37717e-05 -0.00390441 2.79829e-05 0.0135203 -0.00105606 0.00456246 0.000770169 0.0588433 1.29991e-05 0.000177284 -0.00258858 0.000609204 0.00878321 0.00017444 -0.00433582 0.00167495 0.0135248 0.0178252 -0.000228306 -1.84449e-05 0.00160837 -0.00755781 0.000600592 -0.00920881 -0.00475337 -0.000265524 -0.000775631 -0.00115108 4.67527e-05 -0.00211672 -0.010581 -0.000211127 -0.00074473 4.69953e-05 -0.00457334 0.00255493 -0.0105127 -0.00116821 -0.000275259 0.00186088 -0.000760059 0.00227436 0.0036835 0.00209701 0.00134668 0.00406714 -0.000184103 0.0168612 -0.00243111 -0.00418437 -0.00354181 -0.0049461 0.00127825 -0.00532909 -0.00232558 -0.00635665 -0.00595849 -0.0028781 -0.00493895 0.00191563 -0.00344086 -0.00210461 0.00217236 -0.00304194 -0.00200831 0.0120701 -0.000603269 -0.0126231 -0.000202629 -0.00223352 0.00363021 -0.00716481 -0.00431897 
