0.117259 0.0137352 0.0250791 -0.00823666 0.000866877 0.00958211 0.0293791 0.012805 -0.0196487 0.00273672 0.00217665 0.00259466 -0.00712054 0.0448788 0.012409 0.0139785 -0.00291813 0.000310539 0.00143645 -0.0118838 -0.00951357 -0.000982048 0.000113837 -0.00210068 -0.00956721 0.0241768 0.0122544 -0.00396354 0.00738677 0.000358377 0.0304132 -0.0454127 -0.018144 0.0101113 -0.0390333 -0.00778364 -0.00230525 -0.00538578 -0.0168691 0.00302937 -0.0156031 -0.0226106 -0.000315759 -0.00644069 -0.00172573 0.0271333 0.00536795 0.0127215 -0.00379585 -0.00353462 -0.0144985 0.00105906 0.00491142 -0.00885915 0.00888152 -0.00152497 0.00527107 0.00152427 -0.00183444 0.00700472 0.00338221 -0.00327022 -0.00220696 -0.00402308 0.00766683 -0.00294961 0.00209937 -0.00903547 -0.0286135 -0.00502259 -0.00396481 -0.0293435 -0.00702362 -0.0151888 -0.0483212 -0.0106335 -0.013706 0.00264084 0.00354407 -0.00101085 -0.00793342 0.000658261 -0.00949078 -0.00776999 0.0225182 0.00253055 0.00450441 0.0200458 -0.00578291 -0.0021367 -0.00192939 -0.00600359 -0.0143056 0.00750109 -0.00371761 -0.00783895 -0.000379343 -0.0068596 0.021843 0.000192506 
0.0137352 0.0815737 0.00152719 -0.00203075 0.00784264 -0.00809262 0.0128835 0.00182321 -0.0108176 0.00436964 0.00252134 -0.000762471 -0.00975252 0.00478184 0.00509637 0.0142077 -0.002318 0.00742997 0.0063571 -0.00252945 0.00379987 3.03396e-05 -0.00565284 -0.00393773 0.00221161 0.0113706 0.0140529 0.00208861 -0.00238875 -0.00560457 0.0042384 -0.0290938 -0.00969049 0.00520641 -0.0110662 -0.0132529 -0.00282412 -0.00129362 -0.0126355 0.00545007 -0.0109895 -0.0100838 0.00187493 0.00238213 -0.00200295 0.00630752 0.000301429 0.0118529 0.00879596 -0.000274758 -0.00718009 -0.00122192 -0.00165728 -0.0135133 0.00693771 -0.00326464 -0.00396334 0.00302848 -0.00588867 0.00683256 0.0040389 -0.00541758 0.00893637 0.00191492 0.00176459 3.99919e-05 0.000318826 -0.0119212 -0.0141908 -0.0019643 0.00195585 -0.0119894 -0.00508005 0.0120773 -0.024373 -0.00535763 -0.00696443 0.00107194 0.000336955 -0.00455154 0.00390676 -0.00392864 -0.00237312 -0.000973152 0.0201752 -0.00334492 -0.00675713 -0.00462667 -0.00352816 -0.00154385 -0.0018228 -0.000858813 -0.0108601 0.00710984 -0.00212621 -0.00816139 0.00149367 0.00158159 0.00625023 0.00261415 
0.0250791 0.00152719 0.198649 -0.0169646 -0.00157401 0.00238578 0.0136655 0.0165978 -0.0415883 0.00024452 -0.0244864 0.00159032 -0.0565811 0.0470966 0.00143351 -0.00935392 -0.00109629 -0.0141398 -0.000266815 -0.0228989 0.000286615 -0.00417021 0.0179185 -0.0131258 0.0116376 0.0110625 0.0197835 -0.00448418 0.00711979 0.0315797 0.0373265 -0.00184161 -0.010059 0.0712379 -0.0500796 -0.00311896 -0.0046799 -2.84161e-05 -0.0374148 -0.0126125 -0.0437859 0.0126019 0.0275751 -0.00385239 -0.0167268 -0.00414615 -0.00572368 0.00547566 -0.0142076 0.00112499 -0.0124894 0.00420422 -0.0105791 -0.00527451 9.10698e-06 -0.00258145 -0.00545472 0.00211519 0.00936748 -0.00268066 0.000156657 -0.00490987 0.0191039 0.00148752 -0.00119699 -0.00398914 -0.004457 -0.0362692 -0.0110051 -0.00767146 -0.00376121 -0.0356208 -0.00130531 0.0125918 -0.021711 0.0131251 0.0077733 -0.0162714 -0.000519175 -0.0133741 0.00724958 -0.00857369 -0.0102859 -0.0195878 0.046799 -0.0118358 -0.0129387 0.0592825 -0.00477826 -0.0036486 -0.00229599 -0.0104047 -0.0225593 -0.00202696 -0.00189601 -0.0268787 -0.000576805 0.00708737 0.00719825 -0.00213446 
-0.00823666 -0.00203075 -0.0169646 0.0688872 -0.000408467 -0.00403701 -0.00623965 -0.00234516 0.00268387 -0.00275053 -0.00173316 -0.00213434 -0.00687302 -0.00785522 -0.00430383 -0.00377066 -0.00265076 0.000602387 -0.00199523 -0.00458633 -0.00126323 0.00373063 -0.00713415 -0.00308675 -0.00243179 -0.00397155 -0.00686526 0.0193282 -0.00800732 -0.0124401 -0.00522203 -0.000258251 -0.00568821 -0.0184762 0.0153849 -0.010526 -0.000730816 0.00940156 0.000152314 -0.0109132 0.0079892 -0.00831032 -0.00962999 -0.000760327 -0.000457671 -0.00790642 -0.00238618 -0.00663721 -0.00108593 -0.00454433 0.0110311 -0.00144021 -4.68871e-05 0.00450962 -0.00409855 -0.0039424 -0.00257444 -0.000612751 0.00516424 -0.00103298 -0.00274861 0.00298384 -0.00623618 -0.000228989 -0.00503549 -0.00127064 0.000693315 0.013943 0.0104633 -0.00384372 0.00633707 0.024713 -0.000513478 -0.00830431 0.0228077 0.0132039 -0.00171203 0.00140009 0.0049679 0.000873726 -0.00593186 0.00518445 0.0157056 -0.00248643 -0.0130773 -0.00458351 -0.00382371 -0.00677428 0.00331386 -0.000266849 -0.000659746 0.00730819 0.0300934 -0.0021491 -0.00316245 0.000357972 -0.000365063 -0.00626932 -0.00193596 -0.000439687 
0.000866877 0.00784264 -0.00157401 -0.000408467 0.0307273 -0.00288339 0.00500045 0.000740275 -0.000490061 0.0121132 0.00268679 -0.000585253 -0.00145729 -0.00195136 0.000150412 0.00131637 -0.00150846 0.000219132 0.000967455 -0.00283346 0.000497325 -0.000477183 0.00346926 -0.00339825 -0.00288257 -0.00137713 0.00409981 -0.00522537 -0.00275707 -0.00382931 -0.0012006 -0.00218076 -0.00235206 0.00414214 -0.00418356 -0.00282602 -0.000674101 0.00116297 -0.000772606 0.00381891 -0.0034677 -0.00755374 0.00371918 0.00379886 0.00197553 -0.00458019 -0.000178582 -0.00152407 -0.000389635 0.00072129 -0.00575711 0.0010577 -0.00134771 -0.00237409 0.00166266 -0.0021212 -0.00202117 0.00275987 -0.00193218 0.00175963 -0.000118182 -0.00200525 0.00109008 0.000731785 0.00189496 0.000502778 -0.00075265 -0.00803474 -4.46122e-05 -0.000131227 -0.00036958 -0.00228538 -0.00080915 -0.000413148 -0.00896457 -0.0014081 0.000271424 -0.00230428 0.00138626 -3.82393e-05 0.00209219 -0.00167651 -0.00127844 0.00118999 -0.00108329 -0.000173118 -0.000712149 -0.000812421 -0.00146177 -0.000621737 0.00026182 -0.000315569 -0.00234528 0.00287072 0.00042744 -0.00278047 0.00458549 0.00328949 0.00390549 0.000239618 
0.00958211 -0.00809262 0.00238578 -0.00403701 -0.00288339 0.222223 0.0422502 0.0103802 -0.00193395 -0.0024992 0.000784424 0.00788217 -0.0114714 -0.000444004 -0.00573089 -0.0058422 0.00508366 -0.0100608 -0.00857917 -0.00437189 -0.00874763 -0.000737418 -0.0152579 0.0100411 -0.0326048 -0.0071733 -0.0302239 -0.0147847 0.0281843 -0.0111317 -0.00214661 -0.0127808 -0.0304679 -0.0295445 -0.00708543 -0.0236846 0.00598899 -0.0108142 0.00401278 0.00887544 0.00496515 0.0261555 0.0118645 -0.00295926 -0.0129496 0.0152366 0.00109427 0.0124512 -0.00750253 -0.0072095 0.0109473 -0.000934256 -0.00201179 -0.0251513 -0.00742346 0.0057017 0.0101253 0.00174555 -0.0205213 -0.00421325 0.00632981 0.00558821 0.0229355 -0.00635664 0.000370532 -0.00395414 -0.00159763 0.0222741 0.0164735 -0.00975537 -0.00343457 -0.0132848 0.000235327 -0.00563066 -0.00382031 0.0196003 -0.0358785 -0.0036545 -0.000193664 0.00563747 -0.0101458 0.000785946 -0.0090994 3.83466e-05 -0.0428191 0.0153575 0.0272919 0.00473585 -0.000390781 -0.00471617 -0.000538239 -0.0047536 -0.020398 0.00601678 -0.0143401 0.0043701 -0.00263885 -0.0158516 -0.00515856 -0.00358399 
0.0293791 0.0128835 0.0136655 -0.00623965 0.00500045 0.0422502 0.143831 0.0124894 -0.0305243 0.00606621 0.0205058 0.00475469 -0.0122827 0.0286557 0.00163029 -0.00168898 0.000977309 0.000282407 -0.00357126 -0.00988525 -0.0126802 -0.000990294 -0.00949093 0.00299709 -0.0178939 0.016588 -0.000938999 -0.010693 0.0232218 0.00595758 0.0158254 -0.0582032 -0.0254173 -0.00227348 -0.0591476 -0.0191663 -0.00196709 -0.00510474 -0.0121657 0.00171139 -0.0379156 -0.00231207 -0.0089514 -0.00172348 -0.00128085 0.0344495 0.00426945 0.0491667 0.000345877 -0.00662781 -0.0067632 -0.00258443 0.00119079 -0.0240966 0.0142307 0.00365898 0.00979088 0.00195079 -0.0114368 0.00366491 0.0153422 -0.00112788 0.0196314 -0.00242486 -0.0039785 -0.00190169 0.00240439 -0.0124436 -0.00695889 -0.00253862 -0.000323236 -0.0402889 -0.00442225 -0.00592879 -0.0506847 -0.00291009 -0.0172613 0.0128494 0.00464667 0.00229391 -0.000268691 -0.00882587 -0.00783989 0.00851983 0.00930671 0.00101962 0.0210396 0.0156559 -0.00931754 -0.00376625 0.000210444 -0.00733955 -0.0288805 0.0188557 -0.00383067 -0.0135317 -0.00100535 -0.00236752 -0.000317145 0.00133398 
0.012805 0.00182321 0.0165978 -0.00234516 0.000740275 0.0103802 0.0124894 0.0688053 -0.0101652 0.00160928 -0.00601628 0.000963113 -0.0105438 0.0117323 -0.00184219 0.00464824 0.000841682 -0.00333278 0.000813136 -0.00780522 -0.00416491 -0.00038935 -0.00287031 -0.00467529 0.00629384 0.00748009 0.00808117 -0.00218113 -0.00453229 -0.00730545 0.0127632 -0.0209921 -0.00838323 0.0100383 -0.00389797 -0.00583858 -0.00234975 -0.00202069 -0.0125459 -0.000995817 -0.0102256 -0.0107963 0.00268001 -0.000228467 -0.000447696 0.000509161 -0.00168163 0.00632772 -0.00314962 -0.00125779 -0.000717311 0.000347188 0.00123348 -0.0122052 -0.00233656 -0.00347632 -0.00197296 0.00160131 -0.00269269 0.00175047 0.00523229 0.0015177 -0.000127339 -0.00158697 0.00302421 -0.00156883 -0.000122911 -0.00368113 -0.00462883 -0.00226954 -0.00127058 -0.00403485 -0.000723088 -0.00722688 -0.0116889 -0.00281505 -0.00477638 -0.00434104 0.00267573 -0.00130237 -0.00231201 5.3802e-05 -0.00193902 -0.00579516 0.0134041 -0.00211854 -0.00465072 0.0135957 -0.00279586 -0.000633314 0.00125939 -0.00143957 -0.000961877 0.00638318 -0.00324432 -0.00688091 0.00057355 6.51037e-05 0.0101981 -2.02601e-05 
-0.0196487 -0.0108176 -0.0415883 0.00268387 -0.000490061 -0.00193395 -0.0305243 -0.0101652 0.201635 -0.000274906 -0.00777669 0.0013242 0.0254431 -0.03885 -0.0149053 0.0179293 -0.00118773 0.00291412 -0.00162903 0.00632852 0.0159626 -0.00169696 0.015003 0.00544957 0.0139878 -0.0166894 -0.00121872 -0.0216885 -0.020395 0.00945187 -0.0228599 0.0688723 0.0443964 -0.00906928 0.0560652 0.0262262 0.00383691 -0.00435601 0.00910188 -0.0151472 0.051109 0.0158267 -0.000768284 -0.00675136 0.00682229 -0.0261374 -0.00996742 -0.0253164 -0.0103397 -0.00269599 -0.0250456 -0.00156711 -0.0194956 0.00427081 -0.0117673 -0.0121224 -0.00257471 -0.00321949 0.0176002 -0.00893121 -0.00781607 0.00771141 -0.036293 -0.00762806 0.0012532 -0.00311236 -0.00465174 0.00317996 -0.0293379 -0.000171189 -0.00729659 0.00362101 -0.00152316 0.0163151 0.0354574 -0.0354119 0.015518 -0.0118777 0.00186084 -0.00526479 0.00602396 0.00744096 -0.0172018 -0.00758482 -0.042425 -0.0160413 -0.0199963 -0.02116 0.000952712 -0.000740744 -0.00590005 0.00467926 0.0100059 -0.00828254 0.00322819 0.0280235 -0.00564983 -0.00388293 -0.00795217 -0.000697829 
0.00273672 0.00436964 0.00024452 -0.00275053 0.0121132 -0.0024992 0.00606621 0.00160928 -0.000274906 0.0718764 0.00417294 -0.000969392 -0.00907562 0.0116611 0.000428584 4.19971e-05 -0.000999112 0.000110309 0.000606434 -0.00235695 0.00787132 -0.000569042 0.00691411 0.000339306 0.00400458 -3.28024e-05 0.0162135 -0.0122502 -0.00661506 -0.000577679 -0.001997 -0.000217316 -0.00732847 -0.000194154 -0.0158245 -0.00791605 -0.00300986 -0.000847832 -0.00168133 -0.00133846 -0.00850959 -0.0130626 -0.0058036 0.00271137 0.00720016 -0.0111031 -0.00230819 -0.0052744 0.00472528 -1.16619e-05 -0.0218786 0.00227153 0.00563864 -0.00416734 0.00478248 -0.0015538 -0.00213922 0.00289539 -0.00438148 -0.00012903 0.000201434 -0.00200866 -0.0104586 0.00199124 0.00329135 0.00408697 0.000280364 -0.0158555 -0.00376282 0.0011104 -0.00029126 -0.00973985 0.00488187 -0.00674509 -0.0167305 -0.00268206 -0.00149535 -0.00656067 0.00435483 0.00540745 0.00195351 -0.00275356 -0.00169811 0.00745394 -0.000989607 0.00616783 0.00922895 0.0101225 -0.00161183 -0.000626203 0.00291452 -0.00236404 -0.00974252 0.00605341 0.000442553 -0.00131449 0.00615246 -0.000547182 -0.000505582 0.000431149 
0.00217665 0.00252134 -0.0244864 -0.00173316 0.00268679 0.000784424 0.0205058 -0.00601628 -0.00777669 0.00417294 0.142557 0.00517718 0.033164 0.00117093 0.0110974 0.0227923 -0.00682351 0.00287735 0.00574047 0.015644 -0.0120519 -0.00262196 -0.00669791 0.00859831 -0.007004 -0.00289522 0.0118204 -0.0203185 0.00597492 0.0057224 -0.0082098 -0.0238268 -0.0131691 -0.0379321 -0.0174201 0.000311037 0.000622583 -0.00248241 -0.00640556 0.00495448 -0.0136322 -0.0180883 -0.0199583 0.00797419 0.00350977 0.00594924 0.0116773 0.0093536 0.0193746 -0.00432612 -0.0271889 -0.00296622 0.0189567 -0.00223094 0.0160294 0.00901767 0.000462417 -0.00215155 -0.0023901 -0.000838673 -3.43161e-05 -0.00812784 -0.009042 -0.00208003 -0.00785038 0.00136863 0.00352617 -0.00101865 0.000535713 0.00792761 -0.0014678 -0.0292849 -0.00302477 -0.0249898 -0.031345 -0.0107862 -0.0115845 -0.00329695 0.00354338 0.00351947 0.00253354 0.00423763 0.00137272 0.00812252 0.00145057 0.00841383 0.026779 -0.0196675 -0.00518645 -0.00178018 -0.00206673 -0.00815602 -0.02039 0.00360098 0.00731161 -0.00513607 -0.000623154 0.00697297 0.00475933 -0.000771369 
0.00259466 -0.000762471 0.00159032 -0.00213434 -0.000585253 0.00788217 0.00475469 0.000963113 0.0013242 -0.000969392 0.00517718 0.0642681 -0.00470464 0.00251253 -0.00130153 0.0157914 0.00318447 0.000640492 0.00143065 0.0062577 -0.00123352 0.000741395 -0.00339368 0.00669749 0.00533231 0.00901472 0.00718628 -0.00864965 0.01422 0.00866398 0.000998029 -0.00786996 -0.00465831 -0.00305568 -0.000658599 -0.0085432 -0.00237274 -0.00205242 -0.00617023 -0.00769782 0.00125861 -0.00937598 -0.00923696 0.0026538 -0.00374946 -0.00474489 7.94588e-05 -0.000253466 -0.00112313 -0.00455383 -0.0168506 -0.000862537 -0.00560033 -0.00865876 -0.00213651 -0.00249185 -0.000631172 0.000409368 0.00077055 -0.000459451 0.00182803 0.00387739 -0.0121619 -0.00155184 -0.000249116 -0.00088159 0.000293183 -0.00985954 -0.00879033 0.00019086 -0.00131796 -0.00556334 -0.00178937 -0.00661519 -0.00607427 -0.000664762 -0.00611457 -0.00113524 0.00417899 0.00736598 -0.00833512 -0.000440788 0.00027459 -0.00336395 0.00346342 -0.00214939 -0.000818162 0.00441251 -0.00189261 0.000203374 -0.000475104 0.000918133 -0.00143831 0.00416891 -0.00157694 0.00182459 9.5666e-06 0.00109772 0.0107401 -0.000443207 
-0.00712054 -0.00975252 -0.0565811 -0.00687302 -0.00145729 -0.0114714 -0.0122827 -0.0105438 0.0254431 -0.00907562 0.033164 -0.00470464 0.21104 -0.0156241 0.0107712 -0.00755916 -0.00552542 0.0097208 -0.00827857 -0.00417412 -0.00763743 -0.00454815 -0.00891632 0.00150611 -0.0381677 -0.024982 -0.041056 -0.0176032 -0.0108068 -0.0216465 -0.0140585 0.00350627 0.0281382 -0.010324 0.0138777 0.0508678 0.00532651 0.002117 0.0175154 0.0367532 0.0351879 -0.0163171 -0.0129926 0.00137872 0.0107857 0.015301 0.0227585 0.00530539 0.00247408 0.0130993 0.0111539 -0.00536668 0.005065 -0.001117 -0.00430583 0.00564355 0.00276602 -0.00520497 -0.0011706 -0.00379431 -0.0101167 -0.00679148 -0.0156577 -0.00630072 0.000151687 0.00109548 -0.000801601 0.0338098 -0.0221806 0.0132005 -0.00487157 -0.00684404 -0.0119553 -0.00952416 0.00174173 -0.0220281 0.0135193 0.000777292 -0.00492219 0.0131323 -0.0139419 -0.000885329 -0.0242448 0.00357904 -0.0411406 0.000328634 0.00623625 -0.0295552 -0.00782934 0.00172012 1.8316e-05 0.000291716 -0.00773793 -0.00911007 0.0135289 -0.00224098 -0.00611482 0.0131013 -0.00922152 -0.00184284 
0.0448788 0.00478184 0.0470966 -0.00785522 -0.00195136 -0.000444004 0.0286557 0.0117323 -0.03885 0.0116611 0.00117093 0.00251253 -0.0156241 0.192145 0.0148484 0.0187476 0.00276094 -0.00390512 0.0052631 -0.0138328 -0.00856948 0.00083124 0.00437292 0.00554249 -0.00607476 0.0377931 0.0362613 -0.00540225 0.0357086 0.0124217 0.0415488 -0.0558695 -0.0323127 -0.0128905 -0.066841 -0.022126 -0.00538555 5.74369e-05 -0.0168756 -0.0229147 -0.0310405 -0.0418563 -0.0271577 -0.00774903 0.0062702 0.0317902 0.00546449 0.0338343 0.00334481 -0.00736568 -0.0397604 -0.0021821 0.00133309 0.00952362 0.00691667 -0.00370073 0.0233598 0.00114949 0.00787226 0.00732395 0.000878535 0.00585086 -0.0172267 -0.00013953 0.00449187 -0.00236484 0.00541807 -0.046979 -0.0385701 -0.00464703 -0.00118371 -0.0543012 -0.011241 -0.0421438 -0.0499693 0.00021983 -0.0139268 -0.00556847 0.00301737 0.0165343 0.00279256 0.000711666 0.00477536 0.000659662 0.0641885 -0.0044356 -5.42393e-05 0.049437 -0.00701885 -0.00130767 -0.000130009 -0.0121045 -0.0260488 0.00678382 -0.0112379 -0.015599 -0.00765219 -0.0160095 0.0244768 -0.000815229 
0.012409 0.00509637 0.00143351 -0.00430383 0.000150412 -0.00573089 0.00163029 -0.00184219 -0.0149053 0.000428584 0.0110974 -0.00130153 0.0107712 0.0148484 0.0717007 0.00599971 0.00173789 0.00182651 0.00391073 -0.00239426 -0.00215248 0.00137366 -0.00756713 0.00460338 -0.00617753 0.00320528 0.00157305 -0.00672788 0.000405556 0.00407491 0.00652701 -0.0320754 -0.0041239 -0.000697984 -0.0242711 -0.00279813 0.00313707 -0.00292255 -0.00892876 0.0157655 -0.0127908 -0.0122901 -0.00514249 -0.003661 -0.00129563 0.0161737 0.0132643 0.00105833 -0.00058979 0.000781644 0.0014656 -0.000758035 0.00300337 -0.00455871 0.00264939 0.0003393 -0.00102794 -0.000432889 -0.00590151 0.00454229 0.00117647 -0.00312315 0.00403309 -0.000260285 0.00466481 -0.000253095 0.00230593 -0.00591781 -0.0106201 0.0131724 0.00244564 -0.0133718 -0.00350083 -0.00324412 -0.0207859 -0.00383564 -0.0103736 -0.00253669 -0.000369586 0.00220716 -0.000861905 -0.00250882 -0.00525966 -0.00223973 0.0034243 0.00913486 0.00680805 -0.00201333 -0.00310255 -0.00119087 0.00230605 -0.00103486 -0.0109195 0.00221559 0.00630742 -0.00687433 -0.00115208 0.00622166 -0.000585342 -0.000102204 
0.0139785 0.0142077 -0.00935392 -0.00377066 0.00131637 -0.0058422 -0.00168898 0.00464824 0.0179293 4.19971e-05 0.0227923 0.0157914 -0.00755916 0.0187476 0.00599971 0.104812 -0.00207165 -7.44648e-05 0.0181167 0.0135511 -0.0052108 -0.000793637 -0.00561466 0.00630421 0.016593 0.0178407 0.0414501 -0.00852657 0.00405728 0.00651378 0.00306683 -0.0190199 -0.00446201 -0.00614175 0.0169161 -0.0176878 -0.000134066 -0.0017273 -0.0138375 -0.0173386 -0.00144203 -0.0237295 -0.0107617 0.00105867 -0.000665291 -0.0043204 -0.00124518 0.00145291 0.00573106 -0.00814437 -0.0243332 -0.00214588 -0.00753681 -0.00633165 0.00384339 -0.00135691 -0.00279411 3.71462e-05 -0.00705858 0.000231938 0.0010983 -0.00415594 -0.0132387 -0.00245753 -0.00366093 -0.002666 -0.000218645 -0.0210455 -0.0253481 -0.00216279 -0.00315256 -0.0197881 -0.00571592 -0.0148775 -0.0229253 -0.0168058 -0.00995675 -0.00546711 0.0110414 0.00055525 -0.00412912 0.00318198 -0.00687158 -0.00527623 0.0263861 -0.000521755 -0.00629113 -0.00243904 -0.00194609 0.00101745 -0.00199226 -0.000621263 -0.0129299 0.00822202 -0.00356211 0.00386015 -0.000170229 -0.00128342 0.022416 -0.000409821 
-0.00291813 -0.002318 -0.00109629 -0.00265076 -0.00150846 0.00508366 0.000977309 0.000841682 -0.00118773 -0.000999112 -0.00682351 0.00318447 -0.00552542 0.00276094 0.00173789 -0.00207165 0.0603857 -0.00159409 -0.000300967 0.00738266 -0.0020971 0.00245657 -0.00415436 -0.00196506 0.00462507 -0.00487387 -0.00311059 0.000991436 0.00483372 0.00565135 -0.00272519 -0.00358457 -0.00491963 -0.0130047 -0.00249456 -0.00917899 -0.000962339 0.000134195 -0.000634425 -0.00703692 -0.00831932 0.00521098 -0.00476234 -0.000402783 -0.00231425 -0.000992217 -0.00152418 -0.00359229 -0.0028914 -6.67408e-05 0.00455762 0.000273051 -0.00185029 -0.00668146 0.00162107 -0.00336579 -0.00228463 -0.000393958 0.0020339 -0.000795986 -0.00113109 0.00527154 -0.0104823 -0.000924906 -0.000692771 -0.00052725 -0.000565035 0.00529732 0.00179057 -0.000869356 0.000848562 -0.00195078 0.00321367 0.00194249 0.00595536 0.00972688 -0.000764798 0.00827004 -0.00262352 -0.00203276 -0.00344042 -0.000416052 0.00310076 -0.00225993 -0.00211976 0.00348567 0.00231744 -0.0024684 0.00152078 0.000522911 -0.000137217 8.91756e-06 -0.00360279 -0.00120853 -0.0014023 0.00402401 -0.000832371 -0.000343781 -0.00151644 0.000246357 
0.000310539 0.00742997 -0.0141398 0.000602387 0.000219132 -0.0100608 0.000282407 -0.00333278 0.00291412 0.000110309 0.00287735 0.000640492 0.0097208 -0.00390512 0.00182651 -7.44648e-05 -0.00159409 0.0680841 0.000621551 0.000582317 0.00189041 0.000198777 -0.00218389 -0.00396552 -0.00198572 -0.00288075 -0.00586374 0.00151371 -0.00245659 -0.00593713 -0.00361097 -0.00460647 0.00389788 -0.00555371 0.00447101 -0.00818012 0.000324556 -0.000487353 0.00256729 -0.0036893 0.00151181 -0.00412224 -0.00412556 0.0015452 -0.00279029 -0.000332296 -0.000361134 0.000689642 -0.00232525 -0.00131298 -0.00484987 -0.000798317 0.000754576 0.000196508 -0.00118242 0.000692847 0.00106544 0.00288102 0.00767205 -0.000366123 -0.00208046 0.00113418 0.00317561 -0.00136267 -0.00390468 0.00150096 0.00188904 0.00618533 -0.0072643 -0.000504795 0.00178946 0.00366842 -0.000937666 -0.000600693 -0.0038451 -0.00558783 -0.00117651 0.00327045 -0.0022503 -0.000428829 -0.00678215 0.000639674 -0.000583882 0.00190397 -0.00544415 -0.00171806 0.00372695 -0.0061332 -0.00358987 0.00118918 -0.00105416 0.0011507 0.00802672 -0.000998015 0.0011208 0.000538146 -0.00169534 0.000418282 -0.00446061 5.54745e-05 
0.00143645 0.0063571 -0.000266815 -0.00199523 0.000967455 -0.00857917 -0.00357126 0.000813136 -0.00162903 0.000606434 0.00574047 0.00143065 -0.00827857 0.0052631 0.00391073 0.0181167 -0.000300967 0.000621551 0.038939 0.000599963 -0.00258404 0.000219208 -0.00368762 -0.000751189 0.00778064 0.00356573 0.0196238 -0.000202581 -0.0025064 0.00936426 0.00355622 -0.0118848 -0.00415948 -0.00262906 0.00273035 -0.00809496 -0.000854397 -0.00149704 -0.00376371 -0.00793236 -0.00764448 -0.00699305 -0.00120322 -0.0012384 -0.00132175 0.00112047 -0.00201699 0.000299798 0.00176904 -0.00187608 -0.00616024 -0.000380415 0.00184754 0.00540502 0.0001837 0.0015068 0.000240615 0.00163804 -0.00325815 0.000950886 -1.43472e-05 -0.00269658 6.50884e-05 0.000816856 -0.0012694 0.000355886 0.00206794 -0.00549556 -0.00325774 -0.000813886 -2.60366e-05 -0.00837656 -0.00206146 -0.00452205 -0.0100563 -0.00446239 -0.0045296 -0.00104864 -0.000411697 -0.00125098 -0.00353498 0.00116349 0.00363927 0.000903523 0.014261 0.000257565 -0.000972941 -0.000168836 -0.0018711 -8.31702e-06 -4.61779e-05 -0.00171187 -0.0058054 0.00146048 -0.000790001 -0.00281437 0.000201001 -0.000550246 0.0036947 0.000337217 
-0.0118838 -0.00252945 -0.0228989 -0.00458633 -0.00283346 -0.00437189 -0.00988525 -0.00780522 0.00632852 -0.00235695 0.015644 0.0062577 -0.00417412 -0.0138328 -0.00239426 0.0135511 0.00738266 0.000582317 0.000599963 0.115453 0.00288986 -0.00161911 -0.00507569 0.0218275 0.00588047 -0.000902394 0.00231709 -0.0156081 -0.00388564 0.00526422 -0.00726181 0.00439769 -0.00728115 -0.0352031 0.00990587 -0.013052 -0.00533845 -0.00309172 0.0237857 -0.00280828 0.0137062 -0.00729063 -0.0153175 0.000138397 0.00277564 -0.00933468 -0.00312447 -0.00962213 0.0147012 -0.00520673 -0.0131726 -0.000547215 0.00658227 -0.0234472 0.00284685 0.00435671 -0.0078307 -0.000186228 -0.0116155 -0.000220226 -0.00128274 -0.00680179 -0.0186412 0.00629774 -0.00429617 0.00103678 -0.00173585 0.0025344 0.0108663 -0.000155409 -0.00298006 -0.0103369 -0.00105771 -0.0141565 -0.0118958 -0.0020031 -0.00516372 0.0170057 0.00155763 0.0104939 0.00195831 0.00148342 -0.0021532 0.000980134 0.00360836 0.0110555 0.0122889 -0.00799826 0.015247 -0.000672956 0.00012913 -3.53283e-05 -0.0121124 0.00252474 -0.00110936 0.0261769 -0.00295371 -0.00781628 0.000878295 -0.000344273 
-0.00951357 0.00379987 0.000286615 -0.00126323 0.000497325 -0.00874763 -0.0126802 -0.00416491 0.0159626 0.00787132 -0.0120519 -0.00123352 -0.00763743 -0.00856948 -0.00215248 -0.0052108 -0.0020971 0.00189041 -0.00258404 0.00288986 0.113029 -0.00107489 0.0132288 -0.00594955 0.00285963 -0.00979308 -0.00310056 -0.0111789 -0.00895225 -0.0117081 -0.00110336 0.0147337 0.00977215 0.0225027 0.0156083 0.0039412 -0.00556278 -0.00226844 -0.00285101 0.00616645 -0.000762136 -0.00217912 -0.000732175 -0.00602563 -0.0011938 -0.00422678 -0.00252758 -0.0113214 0.00356903 -0.00368636 -0.00225172 -0.00301184 -0.00451482 -0.0277927 0.00285181 -0.00421203 -0.00794255 0.00372268 -0.00572208 -0.00264384 -0.000508605 0.00245735 0.00251017 0.00211376 0.00679539 0.00131246 -0.00305019 -0.0157068 -0.0174116 0.00611895 0.00106838 -0.00220691 -0.0041101 0.0213394 0.00871889 0.00192659 -0.00481575 -0.00893051 0.000665898 -0.00295734 -0.00368735 0.00116168 -0.0117882 -0.00363539 -0.0131463 -0.00428066 -0.00699077 0.00616261 0.00194884 -0.00132165 0.000253771 0.0086514 -0.00830661 -0.00408759 0.00375958 0.0201967 0.00600894 0.0035352 -0.00293592 0.000185168 
-0.000982048 3.03396e-05 -0.00417021 0.00373063 -0.000477183 -0.000737418 -0.000990294 -0.00038935 -0.00169696 -0.000569042 -0.00262196 0.000741395 -0.00454815 0.00083124 0.00137366 -0.000793637 0.00245657 0.000198777 0.000219208 -0.00161911 -0.00107489 0.030866 -0.00143099 -0.000191296 0.00293081 -0.00103276 -0.00171712 0.00393472 -0.000193799 -0.00114172 -0.00103996 -0.00165776 -0.00148914 -0.00251886 0.00207357 -0.00420144 0.000117224 0.00181768 -0.000629671 -0.00434499 -0.00166463 -0.00599441 -0.00109593 -0.00104645 -0.00109798 -0.000153995 4.51249e-05 0.00117269 -0.00178325 -0.00117203 0.0026497 -0.000438545 0.000953776 -0.000110252 -0.000349233 -0.00174135 0.000980728 0.000596813 -0.00243167 -0.00056956 -0.000792476 -0.000302094 -0.00264935 2.31391e-05 -0.00136493 -0.000249267 0.00179347 0.00213152 0.00212811 -0.000585197 0.000287842 0.00661351 -0.00137673 -0.00118952 0.00484136 0.00212988 -0.000529612 -0.00016485 -0.000278639 -0.000657815 -0.00414475 -0.000133068 -0.0014416 -0.00199379 -0.00269039 -0.000571983 0.000550975 -0.00034901 0.00236604 -0.00010142 0.00112216 0.000870489 0.00567913 -0.00129412 0.000445099 -0.00110143 -0.00024182 -0.00119047 -0.00136382 -3.62173e-05 
0.000113837 -0.00565284 0.0179185 -0.00713415 0.00346926 -0.0152579 -0.00949093 -0.00287031 0.015003 0.00691411 -0.00669791 -0.00339368 -0.00891632 0.00437292 -0.00756713 -0.00561466 -0.00415436 -0.00218389 -0.00368762 -0.00507569 0.0132288 -0.00143099 0.118049 -0.00149514 -0.000959878 -0.00948578 0.010522 -0.015857 -0.00044354 0.0030306 -0.00206998 0.0248767 0.0180501 0.035575 -0.00744806 0.0112687 -0.00263448 0.00127826 -0.00151642 -0.0085453 -0.0086526 0.00511949 0.0066371 -0.00469255 -0.00017211 -0.00856279 -0.00399763 -0.0096137 -0.00744773 -0.000317368 -0.0185599 -0.00182069 -0.00363194 0.00134202 0.00399429 -0.00176702 0.000120059 0.000681713 0.014456 -0.00268782 -0.0041635 0.00507956 -0.0122931 0.000542013 0.000906045 0.00217473 -0.00292185 -0.0150771 -0.0184559 -0.00588502 -0.00349107 -0.00964529 -0.00596386 0.0064002 0.00719248 0.000690524 0.0142199 -0.0107432 -0.0022082 -0.00715696 -0.00320435 -0.00523055 -0.0140901 -0.00612823 -0.00978143 -0.00537045 -0.00264648 0.0149644 -0.00501343 -0.000148416 -0.00230273 0.00252246 -0.00588748 -0.00579839 -0.00261393 -0.00153427 -0.000245204 0.00804308 0.00134224 -0.000590566 
-0.00210068 -0.00393773 -0.0131258 -0.00308675 -0.00339825 0.0100411 0.00299709 -0.00467529 0.00544957 0.000339306 0.00859831 0.00669749 0.00150611 0.00554249 0.00460338 0.00630421 -0.00196506 -0.00396552 -0.000751189 0.0218275 -0.00594955 -0.000191296 -0.00149514 0.128942 0.000648065 0.0147835 0.00521106 -0.0140383 -0.000679159 -0.00179124 -0.00633658 -0.0175982 -0.0113869 -0.0211551 -0.0164765 -0.000147208 0.00107955 -0.00384952 0.00590919 0.0101338 0.00959386 -0.0104127 -0.0187841 -0.00243357 0.00385304 0.0216152 -0.000370819 0.00407907 0.00994031 -0.00657445 -0.0155063 -0.00276201 0.00609369 -0.0222817 -0.00672283 0.0107094 0.0173426 -0.00184394 -0.017984 0.00147491 0.006533 -0.00684175 -0.0132176 -0.0010236 -0.00540403 0.000841012 -0.00214204 0.00562276 -0.0143584 -0.00121923 -0.00225634 -0.0171554 0.000983316 -0.0154367 -0.00740307 -0.0102593 -0.00957256 0.00521065 0.00724245 0.0186854 -0.00493915 -0.00741955 -0.00528385 -0.00401022 -0.000319516 -0.00354035 0.0113322 0.00814662 -0.00065032 -0.00174053 -0.00191602 -0.00451099 -0.0109269 0.015491 -0.00198674 0.000259001 -0.00340102 -0.000692957 -0.00363293 -0.000625112 
-0.00956721 0.00221161 0.0116376 -0.00243179 -0.00288257 -0.0326048 -0.0178939 0.00629384 0.0139878 0.00400458 -0.007004 0.00533231 -0.0381677 -0.00607476 -0.00617753 0.016593 0.00462507 -0.00198572 0.00778064 0.00588047 0.00285963 0.00293081 -0.000959878 0.000648065 0.169563 -0.000674923 0.0251542 0.00838763 -0.0170252 0.0322323 0.00103634 0.0275685 0.0121507 -0.00189211 0.0310968 0.00282236 -0.00505111 -0.00316641 -0.0187611 -0.0343628 0.00885107 -0.0338838 -0.0200735 0.00942581 -0.0099484 -0.0290609 -0.0118644 -0.0187205 -0.00107734 8.66675e-05 -0.0293089 -0.000385505 -0.00930158 -0.0236876 -0.00165327 -0.00486403 -0.00592594 -0.00264935 0.0142985 -0.00675024 -0.00140533 0.00448861 -0.0290455 -0.000126133 -0.0146986 -0.00406886 -0.00144014 0.00802928 -0.0228473 -0.000271431 -0.000748124 0.0177039 0.0066801 -0.0150392 0.0268134 -0.00332636 0.0108248 -0.0105885 -0.00117009 -0.0184967 -0.0053727 -0.00145461 -0.0074664 -0.00986258 0.0213676 -0.00665249 -0.0066714 -0.00139867 0.00253128 0.00227829 0.000298607 0.00918976 0.0244934 0.000665291 0.000806158 0.0169951 0.00136811 -0.00305334 -0.00335943 0.00240983 
0.0241768 0.0113706 0.0110625 -0.00397155 -0.00137713 -0.0071733 0.016588 0.00748009 -0.0166894 -3.28024e-05 -0.00289522 0.00901472 -0.024982 0.0377931 0.00320528 0.0178407 -0.00487387 -0.00288075 0.00356573 -0.000902394 -0.00979308 -0.00103276 -0.00948578 0.0147835 -0.000674923 0.115668 0.0307664 -0.00604389 0.0211277 -0.00629158 0.0287901 -0.0498278 -0.0132472 -0.00791247 -0.0373119 -0.00933983 -0.00246168 -0.00435329 -0.00658569 -0.0129339 -0.0120472 -0.0333249 -0.016984 0.00399199 0.00877766 0.00779615 -0.00503275 0.0128915 0.00923732 -0.00626823 -0.03189 0.00130018 -0.00641518 0.0036366 0.00341056 -0.00254145 0.0107864 0.000617394 -0.011609 0.0151944 0.00827129 -0.00475615 -0.0131627 -0.000110102 0.00766514 -0.00202828 0.00287605 -0.0342023 -0.0128452 -0.000649606 0.00105206 -0.0260331 -0.00344216 -0.0165094 -0.0315813 -0.0177122 -0.0113811 -0.00400163 0.0130795 0.0102377 0.00617015 -0.00375032 0.0195486 0.0114011 0.0292695 -7.57544e-05 -0.00462401 0.0173319 -0.00187548 -0.00147518 -0.00226491 -0.00600079 -0.0171073 0.0242501 -0.00497658 -0.0104532 -0.00224334 -0.00414859 0.0249872 -0.000416143 
0.0122544 0.0140529 0.0197835 -0.00686526 0.00409981 -0.0302239 -0.000938999 0.00808117 -0.00121872 0.0162135 0.0118204 0.00718628 -0.041056 0.0362613 0.00157305 0.0414501 -0.00311059 -0.00586374 0.0196238 0.00231709 -0.00310056 -0.00171712 0.010522 0.00521106 0.0251542 0.0307664 0.139816 -0.0161229 0.000771926 0.0389772 0.0141461 -0.0272073 -0.0196873 0.00713095 -0.0122094 -0.0298903 -0.00466838 -0.00266433 -0.0194176 -0.0349476 -0.0147684 -0.0257931 -0.0105985 -6.00207e-05 -0.00156423 -0.00060277 -0.00780461 -0.00520499 0.00704891 -0.00815557 -0.0423601 -0.00259542 -0.00561602 0.0136931 0.00956341 -0.00193846 0.00232919 0.00117526 0.00196433 0.000530631 0.00396062 -0.00334214 -0.0165055 0.000690663 -0.00251874 0.000436849 0.00609778 -0.0365673 -0.0219822 -0.00736568 -2.29164e-05 -0.0244553 -0.00398218 -0.0183666 -0.033786 -0.0157142 -0.00887943 -0.00774723 0.00983475 -0.00340001 0.00909901 -0.000665604 0.00930496 0.00181539 0.0485908 -0.00641146 -0.0122059 0.0123235 -0.00608254 0.000614644 -0.00147346 -0.0049492 -0.0134123 0.0203618 -0.0047961 -0.00412578 0.000208801 -0.00324894 0.0223445 0.000776852 
-0.00396354 0.00208861 -0.00448418 0.0193282 -0.00522537 -0.0147847 -0.010693 -0.00218113 -0.0216885 -0.0122502 -0.0203185 -0.00864965 -0.0176032 -0.00540225 -0.00672788 -0.00852657 0.000991436 0.00151371 -0.000202581 -0.0156081 -0.0111789 0.00393472 -0.015857 -0.0140383 0.00838763 -0.00604389 -0.0161229 0.160493 -0.00928275 -0.021354 0.00043543 0.00574914 -0.0119032 0.0071449 0.0174242 -0.0193824 -0.00244149 0.00165876 -0.00504035 -0.0335694 -0.00995364 0.0225173 -0.00159334 -0.00632501 -0.00925021 -0.00154276 -0.00660213 -0.00510219 -0.00533376 -0.00546122 0.0543294 -0.00389373 0.0019443 0.0225911 -0.00829079 -0.00476252 0.00365094 -0.0019096 -0.000470247 -0.0019256 -0.00370829 -0.00407205 0.0267112 9.40625e-05 -0.0122806 -0.00108394 0.00201748 0.0310016 0.00866248 -0.0118701 0.00294726 0.0404339 -0.0012858 0.00540524 0.0178357 0.0248833 -0.0103761 0.00785145 -0.00798676 -0.0068885 -0.016348 -0.000786314 0.00803506 -0.0109473 0.0207591 -0.0121966 -0.018433 -0.00859245 0.000401313 6.71713e-05 -0.00428761 0.00352774 0.0326671 -0.0117995 -0.00525393 -0.00930041 -0.00622985 -0.00147255 -0.00630705 0.000963597 
0.00738677 -0.00238875 0.00711979 -0.00800732 -0.00275707 0.0281843 0.0232218 -0.00453229 -0.020395 -0.00661506 0.00597492 0.01422 -0.0108068 0.0357086 0.000405556 0.00405728 0.00483372 -0.00245659 -0.0025064 -0.00388564 -0.00895225 -0.000193799 -0.00044354 -0.000679159 -0.0170252 0.0211277 0.000771926 -0.00928275 0.143037 0.0060787 0.00164584 -0.0304604 -0.00975882 -0.0288612 -0.0378538 -0.0152295 0.0031305 -0.00264544 0.000566885 -0.0204223 -0.0253357 -0.0199648 -0.0200829 0.0092587 -0.00359653 0.0173081 0.00682839 0.0186884 6.92753e-05 -0.00854151 -0.0422263 -0.000135812 -0.0038636 -0.00369375 -0.000614543 -0.00111159 0.0219376 -0.00166773 0.0227908 0.00152106 -0.000116722 0.00471469 0.00205354 0.000490244 -0.00337524 0.0006331 0.00294625 -0.0462506 0.0166978 -0.00636719 0.00246022 -0.0354249 0.00386658 -0.0105827 -0.00213816 -0.00152784 -0.0126833 -0.00637647 0.0047914 0.0173668 0.0147357 0.00571372 0.0334625 0.00744781 0.00853915 0.000158932 0.0074698 0.00753537 -0.00203122 -0.00107888 -0.000461182 -0.00608072 -0.0236382 0.00574866 -0.00495466 -0.0051325 -0.00458678 -0.00591972 0.00432502 -0.00130972 
0.000358377 -0.00560457 0.0315797 -0.0124401 -0.00382931 -0.0111317 0.00595758 -0.00730545 0.00945187 -0.000577679 0.0057224 0.00866398 -0.0216465 0.0124217 0.00407491 0.00651378 0.00565135 -0.00593713 0.00936426 0.00526422 -0.0117081 -0.00114172 0.0030306 -0.00179124 0.0322323 -0.00629158 0.0389772 -0.021354 0.0060787 0.185057 -0.00901684 0.00282091 -0.00168903 -0.00397722 -0.0190003 -0.00889793 -0.000573656 -0.00572995 -0.0189735 -0.0390049 -0.0240926 0.0226645 -0.0086257 -0.0110901 -0.0108295 0.0106009 -0.00387707 0.00401607 -0.00143553 -0.00840167 -0.0251103 -0.00173577 -0.0132909 0.00351809 0.00885183 0.00666129 0.0133077 -0.00167408 0.0377471 -0.00378719 -0.001885 0.0149322 -0.0146938 -0.0012437 -0.0141743 -0.000325129 0.00446108 -0.00717065 -0.00258354 -0.00484958 -0.00160987 -0.021909 0.00885518 -0.000527471 0.00292278 -0.00471238 -0.00562068 0.00583525 -0.00386617 -0.0111792 0.00773561 -0.00801964 -0.0057515 -0.0136147 0.0176258 -0.00990778 -0.0084673 -0.00283018 -0.0033243 -0.00463162 -0.00269741 -0.014127 -0.0111374 -0.0019318 0.000892347 -0.0118457 -0.00246498 -0.00417728 -0.00993223 -0.00106419 
0.0304132 0.0042384 0.0373265 -0.00522203 -0.0012006 -0.00214661 0.0158254 0.0127632 -0.0228599 -0.001997 -0.0082098 0.000998029 -0.0140585 0.0415488 0.00652701 0.00306683 -0.00272519 -0.00361097 0.00355622 -0.00726181 -0.00110336 -0.00103996 -0.00206998 -0.00633658 0.00103634 0.0287901 0.0141461 0.00043543 0.00164584 -0.00901684 0.0930174 -0.0246402 -0.0110062 0.0140952 -0.0269314 -0.00971572 -0.00238163 -0.00209115 -0.00879073 -0.00959087 -0.00924127 -0.0168304 -0.0028319 -0.000934304 -0.00041216 0.00130258 -0.00108811 0.00963056 -0.00360596 -0.000935067 -0.0134537 0.00430136 -0.00230758 0.0045211 0.000477646 -0.00179479 0.00152495 0.00146018 -0.0139639 0.00999422 -0.0012725 -0.0048955 -0.0051089 -0.00146848 0.00153427 -0.00200609 -0.000318031 -0.0153337 -0.0232233 -0.000228158 0.000173665 -0.0149682 -0.00690898 -0.0152875 -0.0311864 -0.0116925 -0.00326819 -0.000934878 0.00168881 -0.000617383 -0.00628918 0.00241097 0.00143942 -0.00124878 0.0300002 0.00186385 -0.00762 0.0288077 -0.00138924 -4.65592e-05 0.000856181 -0.00431555 -0.00530493 0.00216775 -0.00338323 -0.00973265 -0.00201048 -0.00499865 0.02308 -0.000201306 
-0.0454127 -0.0290938 -0.00184161 -0.000258251 -0.00218076 -0.0127808 -0.0582032 -0.0209921 0.0688723 -0.000217316 -0.0238268 -0.00786996 0.00350627 -0.0558695 -0.0320754 -0.0190199 -0.00358457 -0.00460647 -0.0118848 0.00439769 0.0147337 -0.00165776 0.0248767 -0.0175982 0.0275685 -0.0498278 -0.0272073 0.00574914 -0.0304604 0.00282091 -0.0246402 0.249239 0.0513929 0.0332696 0.10254 0.0327361 0.0020417 0.0055312 0.0232984 -0.0119475 0.0481107 0.0507241 0.0201077 0.0031368 -0.0119373 -0.0701109 -0.0136813 -0.0500184 -0.0193126 0.0033222 0.0100988 -0.00265856 -0.0212716 0.0106425 -0.0152208 -0.0229872 -0.0150486 -0.00682873 0.0140979 -0.0176856 -0.0217875 -0.00195688 -0.0351118 -0.0046249 -0.0132896 -0.00531912 -0.010629 0.0324069 0.0132981 -0.00458605 -0.00604835 0.0678696 0.00653151 0.0125265 0.0812779 -0.000585567 0.0404498 -0.0172083 -0.0117127 -0.0329099 0.00159872 0.00381529 -0.0312408 -0.0173548 -0.0498805 -0.0222547 -0.0232726 -0.00525598 0.0087678 0.00169481 -0.00483376 0.00394072 0.0362671 -0.0307915 -0.0015516 0.0198938 -0.00579185 -0.00274627 -0.020217 -0.00237349 
-0.018144 -0.00969049 -0.010059 -0.00568821 -0.00235206 -0.0304679 -0.0254173 -0.00838323 0.0443964 -0.00732847 -0.0131691 -0.00465831 0.0281382 -0.0323127 -0.0041239 -0.00446201 -0.00491963 0.00389788 -0.00415948 -0.00728115 0.00977215 -0.00148914 0.0180501 -0.0113869 0.0121507 -0.0132472 -0.0196873 -0.0119032 -0.00975882 -0.00168903 -0.0110062 0.0513929 0.146283 0.0213006 0.0383948 0.0520474 0.00558727 -0.000368311 -0.0058398 0.00531065 0.0137358 0.00194887 -0.0141431 0.00154455 0.0035509 -0.0290996 0.0030409 -0.0152125 -0.0103156 -0.00510666 -0.0154898 -0.000385019 -0.0155573 -0.00543352 -4.02634e-05 -0.0124441 -0.0107085 -0.00344619 0.013242 -0.00490525 -0.00646456 -0.00230721 -0.021768 -0.00325185 -0.00365637 -0.0019776 -0.00487762 -0.0140521 -0.00213093 0.0126081 -0.00110284 0.0155509 7.11135e-05 0.013332 0.0398301 -0.0200585 0.0268887 -0.0129323 -0.00243279 -0.00857633 0.00587528 -0.00240368 -0.012532 -0.00407419 -0.0296639 -0.00343758 -0.00551441 -0.00977196 0.000129322 0.000414634 -0.00404867 0.00669465 -0.00275062 -0.0072619 0.0159385 -0.000249879 -0.000974626 0.0108626 -0.0106509 -0.00177734 
0.0101113 0.00520641 0.0712379 -0.0184762 0.00414214 -0.0295445 -0.00227348 0.0100383 -0.00906928 -0.000194154 -0.0379321 -0.00305568 -0.010324 -0.0128905 -0.000697984 -0.00614175 -0.0130047 -0.00555371 -0.00262906 -0.0352031 0.0225027 -0.00251886 0.035575 -0.0211551 -0.00189211 -0.00791247 0.00713095 0.0071449 -0.0288612 -0.00397722 0.0140952 0.0332696 0.0213006 0.237085 0.0170651 0.0130031 -0.00424302 -0.00262044 -0.040889 0.0130229 -0.0401966 0.0484169 0.0578711 -0.000881865 -0.0119442 -0.0160806 -0.00752792 -0.0110941 -0.0245351 -0.00435386 0.0323054 -0.00135806 -0.019604 -0.0147541 -0.00418045 -0.0167311 -0.0189055 0.00336026 -0.0189766 -0.00651187 -0.00772673 -0.00570706 0.0378629 -0.00255629 0.0143082 -0.00278066 -0.00819885 -0.0204646 -0.0441095 0.00123 -0.00561145 0.00690155 -0.0169825 0.0593694 -0.00142866 -0.00103178 0.0148633 -0.0157831 -0.00508754 -0.0215243 -0.019461 -0.0131167 -0.0434186 -0.0239803 0.022883 -0.019496 -0.0296349 0.0478427 -0.0150208 -0.00355844 -0.00557254 -0.00047142 -0.0159626 -0.0106611 0.00194499 -0.0268511 -0.00062368 0.0264073 0.00774617 0.000273061 
-0.0390333 -0.0110662 -0.0500796 0.0153849 -0.00418356 -0.00708543 -0.0591476 -0.00389797 0.0560652 -0.0158245 -0.0174201 -0.000658599 0.0138777 -0.066841 -0.0242711 0.0169161 -0.00249456 0.00447101 0.00273035 0.00990587 0.0156083 0.00207357 -0.00744806 -0.0164765 0.0310968 -0.0373119 -0.0122094 0.0174242 -0.0378538 -0.0190003 -0.0269314 0.10254 0.0383948 0.0170651 0.246401 0.0176553 -0.00021967 0.00163399 0.0229149 -0.00681108 0.0484891 0.0272027 0.00855528 0.00726366 -0.0148361 -0.0501118 -0.016506 -0.0399564 -0.0244896 -0.0124654 0.0559541 -0.0100606 -0.022708 -0.000606262 -0.0235017 -0.0280657 -0.0255979 -0.00320541 -0.0096183 -0.0159564 -0.0171783 -0.00036856 -0.0105466 -0.0089958 -0.0170643 -0.00760828 -0.00816404 0.0561464 0.0190543 -0.00309798 -0.00356587 0.0887004 -0.00663958 0.00745583 0.0813362 0.00517642 0.0154803 -0.00438809 -0.00256756 -0.0262802 -0.0368055 0.00860709 -0.0256489 -0.0211553 -0.0330746 -0.0204591 -0.0345063 -0.0379493 0.00345269 0.00380315 -0.0101628 0.0130742 0.0474271 -0.0195653 -0.00837136 0.0295248 -0.00461519 -0.00877292 -0.0154421 -0.00191804 
