0.0966911 0.0173265 -0.00221535 0.0117127 -0.000388228 0.00710605 -0.00548043 -0.00932558 -0.00271864 -0.00215225 -0.000930425 -0.00269858 0.00769237 0.0201487 0.00103211 -0.00520711 0.00771785 0.0108131 0.00798593 0.0159872 -0.00190592 -0.014353 -0.00620346 0.000722961 -0.024744 0.00302982 -0.00318354 -0.0184694 -0.000341378 0.00113362 0.0241715 0.0107019 -0.000305969 -0.00718206 -0.00568786 -0.0176294 -0.00692672 0.00509178 -0.00857591 0.00214379 0.0140344 -0.00159019 -0.0137837 -0.0179018 0.000187951 -0.00876153 -0.00855566 2.00993e-05 -0.0011348 -0.00799908 0.00686123 -0.0113611 -0.00264346 0.00354981 0.0013977 -0.00950706 0.0119631 -0.00964663 -0.00564491 0.00032973 -0.00068066 0.010547 -0.0285634 0.00403883 -0.0148961 0.0260682 -0.0104061 0.00206647 0.00702242 -0.00200972 -0.0233465 0.000972954 0.00539425 -0.0043253 -0.00194288 0.00200962 -0.00034733 -0.00299173 -0.00517396 0.000694434 -0.0132293 -0.00586109 0.00206719 -0.0080869 -0.00265537 0.0166727 -0.00473069 -0.00590559 -0.00110515 -0.00179499 0.0307732 -0.00288147 -0.00321961 -0.00314386 0.00048364 -0.00356551 -0.0123976 0.00473816 -0.00880483 0.0141188 
0.0173265 0.124773 0.0173424 0.012588 -0.000344497 0.00418917 -0.000500556 -0.00830434 0.0201906 0.00266117 0.0183244 -0.00171334 -0.00226537 0.00024368 -0.00460491 -0.00299321 -0.00710757 -0.00576615 0.0160695 0.0263857 -0.00346052 -0.0157614 0.00358196 0.0140418 -0.0283217 -0.00203391 -0.0143058 -0.0224287 -0.00251533 0.00934799 0.0425718 0.0135456 -0.00804553 -0.00969275 -0.000247219 -0.0286794 0.0064754 0.00287067 -0.00131736 -0.000199138 0.0196561 -0.00419419 -0.0060076 -0.00947866 -0.000741705 -0.00990914 -0.023006 0.000224129 -0.00720755 -0.016054 0.0154768 -0.0192347 0.00249048 0.00511739 0.0049397 -0.00912844 0.00731732 -0.00222527 -0.0180259 -0.000501122 -0.00130806 0.00469424 -0.0161541 0.00107577 -0.0112578 0.0296031 -0.0182349 0.00340775 0.0115793 -0.00259172 -0.018849 0.00152991 0.00231944 -0.004662 -0.0028643 -9.54561e-05 -0.00418439 -0.0290268 -0.00560522 1.63954e-06 0.00773502 -0.00103847 -0.0100571 -0.00790396 -0.000282046 0.0219803 -0.0254039 -0.0116635 -0.00421682 -0.000442974 -0.00647449 0.0016559 -0.00283938 -0.00498856 0.00388283 -0.005235 -0.00718141 -0.0007649 0.00228404 0.000148491 
-0.00221535 0.0173424 0.0810897 0.00384463 -0.00100171 0.00855331 0.000815752 -0.01129 0.00546706 0.00187714 0.0217738 -0.00182275 -0.00188147 0.00139831 -0.00198704 -0.00117402 -0.00689539 -0.00900356 0.00825104 0.00438108 -6.35168e-06 -0.00729034 -0.00391909 -0.00961472 -0.0185206 -0.00557281 0.00287086 -0.0203122 0.00018445 0.0116002 0.0134236 0.0152748 -0.00346467 0.000623185 -0.00396988 -0.014798 0.0157882 -0.000668064 -0.00796356 -0.00202251 -0.00841861 -0.00111337 -0.00602401 -0.0161965 -0.000669887 -0.00461514 -0.0100359 -0.00131703 0.000259777 -0.00937925 0.00755065 -0.0134151 0.00144901 0.0168128 0.00828287 -0.00548908 0.0120278 0.000633778 -0.00540753 -0.000123778 -0.000491125 -0.00158323 -0.00971502 -0.00982511 -0.0144273 0.00676806 -0.0090002 -0.000153171 0.000708983 -0.000280968 0.00659148 -0.00228606 0.00158474 -0.00243155 -0.0029944 -0.000994391 0.00123713 -0.00120597 -0.000264559 -0.000216571 0.0195441 0.0143929 -0.000309119 0.00563637 0.000618897 0.00957696 -0.0116915 -0.00458784 -0.007939 0.00152905 -0.0216686 -0.0049752 -0.00323138 -0.00494539 0.00289389 -0.00227395 -0.000356749 0.00218754 0.00893328 -0.00833185 
0.0117127 0.012588 0.00384463 0.177658 -0.00100067 0.0051296 0.000984931 -0.0057917 -0.0115484 0.00286206 0.0119407 -0.00497826 -0.0080684 -0.0367414 -0.00386873 0.0101102 -0.0118063 -0.0297781 -0.0111476 0.0249946 0.00224736 -0.00983468 0.0154028 -0.0240103 -0.0299343 0.00676393 -0.0178568 -0.0583154 0.00106234 0.0206435 0.0344584 0.021733 -0.0031056 -0.00344972 0.00686061 -0.023076 0.0362999 0.00267753 -0.016141 0.00971491 0.0123488 0.000548032 0.0233811 -0.0223305 -0.00151747 -0.00339342 0.00586508 -0.00340152 0.0164397 -0.0183304 0.016598 0.00101585 0.0033152 0.0446498 0.011434 -0.0192727 0.0325345 -0.0132191 0.00345541 -0.0023693 -0.00115066 -0.0137819 -0.0483144 -0.0118341 -0.0411043 0.0120687 -0.031912 0.00107964 -0.00287424 -0.00120001 -0.00605609 -0.00265706 -0.000331382 -0.00628964 -0.00609287 0.0233763 0.0126921 0.00761874 0.00427132 -0.000110381 -0.00643867 -0.00329252 -0.000806966 0.0183307 0.00458335 0.00555636 -0.0420418 -0.0148728 0.0018613 -0.00106263 -0.0109708 -0.0138331 -0.000568902 0.00346694 0.0032624 -0.00631939 -0.0345663 0.00051663 0.00269162 0.0101197 
-0.000388228 -0.000344497 -0.00100171 -0.00100067 0.0307528 -0.00142526 -0.000111386 0.00284717 0.000291723 0.000798337 -0.00429991 -0.000458862 0.000477269 0.00307806 0.000196024 0.000769615 0.00167453 0.00803036 -0.00129797 1.15207e-05 0.000387675 0.00171003 0.00504632 -0.00114156 0.00273379 0.00201996 -0.00342938 -0.00343231 0.000161241 -0.00177837 -0.00543786 -0.00109387 -0.00240986 -0.00103808 -0.000389676 -0.00425451 0.00105619 0.000502109 3.62717e-05 -0.000865993 0.00454903 -4.73209e-05 -0.00302478 0.000288646 0.000152498 -0.00128978 -0.00342638 0.000306944 0.000138859 1.32078e-05 -0.000308562 0.00196178 -8.69494e-05 -0.00145758 -0.000218469 0.00017025 -0.00055656 -0.000318111 -0.00316825 0.00033914 -0.000283398 0.00128685 0.000758492 0.000723682 -0.00227676 -0.00104674 0.00586175 -7.64588e-05 0.00024891 -0.000825458 -0.00673302 -0.000284084 0.000193562 -0.00225567 -0.00197075 0.00196096 0.000729706 -0.00253624 -0.00162781 -9.21169e-06 -0.00510824 -0.00191003 0.000382824 0.000138484 -0.000616627 0.00299808 -0.00116679 -0.00144057 -0.00178577 -0.00131307 -0.00283061 -0.000835702 -0.000296399 0.00357681 0.000928366 0.000861408 -0.00407444 0.00313285 -0.00159506 -0.00188248 
0.00710605 0.00418917 0.00855331 0.0051296 -0.00142526 0.108264 0.00603758 -0.00894851 -0.00275298 0.0164025 -0.00760353 -0.00141881 -0.000945013 0.00366715 -0.00260081 -0.00410642 -0.00472873 -0.0026677 0.00389402 0.00966521 0.00240995 -0.0121284 -0.00322798 -0.00615977 -0.0276839 0.00401636 -0.00940192 -0.0337366 0.000860656 0.00432867 0.027346 0.000548074 0.000620859 0.00966185 -0.008348 0.0030194 -0.000279236 -0.00935575 -0.00933033 -0.00453312 0.00363307 -0.00364729 -0.0106466 -0.0177045 -0.000426632 -0.00680613 -0.000180607 -0.00247661 -0.000147116 -0.00318396 0.0194417 -0.00299966 0.00235815 -0.00770092 0.000190136 -0.00688617 0.00652578 -0.000428862 0.00482559 -0.00189129 -0.000598107 -0.000105316 -0.0172321 -0.010454 -0.0199279 0.00597827 -0.0197523 9.21562e-05 -0.00167907 -0.0017454 -0.00296648 0.000776306 -0.00216826 -0.00367984 -0.00360714 0.000966387 -0.006099 -0.00959143 0.00674181 0.000849911 0.0149033 0.0118572 -0.00722078 0.00929271 0.000923136 0.00482333 -0.0094875 -0.00929415 0.0153066 0.00271448 -0.0272543 0.00411097 0.00383973 0.00403182 0.000877912 0.00157729 -0.0113068 0.00366953 0.0282889 0.0063629 
-0.00548043 -0.000500556 0.000815752 0.000984931 -0.000111386 0.00603758 0.0803879 -0.01651 -0.0201046 0.00145312 -0.00683148 0.000531111 0.00412885 0.00372503 -0.000434678 0.00448658 -0.00610222 -0.00834855 0.00491406 -0.0072622 0.000504449 -0.00549276 -0.00404038 0.00217965 -0.00153012 0.00440616 -0.00785968 -0.00875918 0.000698135 -0.00448491 -0.00117115 -0.00581109 0.00480841 -0.000759899 -0.000913298 0.0114789 -0.00670487 0.00871479 -0.00677164 1.03745e-05 -0.00165227 -0.00151551 0.00805883 -0.00354671 0.000630571 0.000118924 -0.00594167 -0.00138794 -0.00474998 0.00395043 -0.00123612 -0.00936141 -0.000614775 -0.0148062 0.000639145 0.00377389 -0.00510412 0.0133384 -0.000516022 -0.000378555 -0.000342496 -0.0052778 0.00854939 -0.00479431 -0.00059383 -0.00264946 -0.0113569 4.39216e-05 0.00744142 0.00194492 0.00203423 0.00240932 0.0016569 0.000719307 0.000922832 -0.00457881 -0.00652929 -0.00600214 0.00190983 0.000194716 0.000780228 0.0115722 0.00760842 -0.00206943 -0.00154031 -0.00290425 -0.0107368 0.0116849 0.00504872 -0.00318313 -0.0112614 0.00566891 0.00767706 0.00359747 -0.00145024 -0.000359345 -0.00608052 0.00663638 -0.00138402 0.00101382 
-0.00932558 -0.00830434 -0.01129 -0.0057917 0.00284717 -0.00894851 -0.01651 0.231598 0.0987428 -0.00608149 -0.0279879 -0.00621413 -0.0169532 0.0288285 -0.00294314 -0.00791787 0.0110669 0.0412015 -0.00263508 0.0352017 0.00886044 0.0395725 0.0266736 0.0290405 0.0167819 -0.00541043 0.0125108 0.036631 -0.00184025 -0.010421 -0.0238458 -0.0205245 -0.0366363 -0.0239653 0.0196785 -0.0453031 -0.00121033 -0.00686898 0.0046839 -0.00716071 0.00441099 0.007398 -0.0412286 0.00342035 0.00181916 -0.0113924 -0.0487211 -0.000281601 -0.00773965 -0.0188956 -0.00171509 -0.00556228 -0.00498364 0.00915961 -0.0107848 -0.0154251 0.0111757 -0.0143747 -0.0224773 0.0026907 -0.00323693 -0.010974 0.010577 -0.00944198 0.0160997 -0.00384922 0.0786358 -0.00173159 -0.00757088 0.0190563 -0.0444429 -0.00289628 -0.00235996 0.00762567 -0.00176606 -0.0149583 0.0141143 -0.0131841 -0.00877492 -0.00115784 -0.0626343 -0.0277266 -0.00176954 -0.00700677 -0.00477704 -0.00795336 0.00759635 -0.014677 -0.00848705 -0.010522 0.0162278 -0.0164008 -0.00895329 0.00938696 -0.00228483 -0.00890867 -0.0138394 -0.00588369 -0.0013522 -0.0161207 
-0.00271864 0.0201906 0.00546706 -0.0115484 0.000291723 -0.00275298 -0.0201046 0.0987428 0.249151 -0.0079832 -0.00921008 -0.0100569 -0.00921462 0.0459703 -0.00173745 -0.023258 0.00623265 0.0337232 0.0118531 0.0116996 0.0053095 0.0226734 0.00410278 0.059883 -0.00527011 -0.0143903 -0.000179289 0.0406221 -0.0107983 -0.0094098 0.00644583 -0.0189532 -0.0327794 -0.0187332 0.00308571 -0.0541817 -0.01583 -0.0187139 0.0166882 -0.0038816 0.0152218 -9.73458e-05 -0.0450212 -0.00127409 -0.00151155 -0.0334591 -0.0461815 0.00107354 -0.0101449 -0.0467413 0.00211692 -0.0101458 -0.00368093 0.0107708 -0.00850279 -0.0248963 -0.00960532 -0.00938342 -0.0329461 -0.00155651 -0.00220943 0.00363817 0.013107 0.00979798 0.0121881 0.00886016 0.0770152 -0.00200717 -0.000864594 0.0127792 -0.0488104 0.00286215 0.00449263 0.00434538 -0.0215243 -0.0211522 -0.0169869 -0.011944 -0.0135002 -0.00109594 -0.0276471 -0.0245494 -0.0262407 -0.0155944 -0.0065796 0.00184706 0.0225867 -0.00926744 0.0184883 -0.0108047 0.0129052 -0.0137015 -0.0154495 -0.00954984 0.00370925 -0.0103177 -0.00866746 -0.00653141 0.0417828 -0.00987195 
-0.00215225 0.00266117 0.00187714 0.00286206 0.000798337 0.0164025 0.00145312 -0.00608149 -0.0079832 0.0566979 -0.000566723 -0.00133236 -0.000881546 -0.0055526 -0.00124405 0.000938722 -0.00405767 -0.00316839 -0.00019318 -0.00103327 0.0010256 -0.00396711 0.00712949 -0.00659893 -0.00323313 0.000625281 -0.0008033 -0.00934237 0.0014035 -0.000433149 0.000948497 -0.00364269 -0.00256784 0.000856507 0.00102416 -0.00607478 -0.00215735 -0.00514589 0.00056601 -0.00306453 -0.000328962 -0.00217383 0.00491603 0.00742925 0.000209605 0.00774108 0.00580822 -0.000400209 0.00157424 0.0036587 0.00245305 0.00248498 0.00435726 -0.00367721 -0.00129464 0.0016758 0.000912349 -0.00203756 -0.000601333 0.00021656 0.000226949 -8.24438e-05 -0.00155945 -0.00255871 -0.00403275 -0.000345552 -0.00459708 -0.000319278 -0.00146789 -0.00169841 -0.00376754 -0.00174883 -0.00225559 -0.00107147 -0.00098224 -0.00119349 -0.0025642 -0.0165179 0.00129969 3.67722e-05 0.00698753 0.00545043 0.00197645 -0.00220176 -0.000759775 0.000442723 -0.00633287 -0.00481995 -0.00170897 -0.000194078 -0.00977112 -0.00244435 0.00160443 0.000163767 -0.00102244 -0.00108572 0.00422079 0.00105687 0.00112573 0.00359616 
-0.000930425 0.0183244 0.0217738 0.0119407 -0.00429991 -0.00760353 -0.00683148 -0.0279879 -0.00921008 -0.000566723 0.143629 -0.00535638 -0.0117373 -0.0354801 -0.00281852 -0.00661076 -0.010452 -0.028585 0.00156175 -0.00752191 -0.0044388 -0.0221221 -0.0125067 0.0136834 -0.0130916 -0.00812157 0.00566437 -0.0172316 -0.00507902 0.0260263 0.0306901 0.0178121 -0.00838391 0.00356563 -0.00231887 -0.0134693 0.0109569 0.0112403 -0.00794437 0.0162413 -0.0179333 0.000990827 -0.0100721 -0.0221083 -0.00156508 -0.000826158 -0.00567321 -0.0022996 -0.00567394 -0.0157106 0.00954098 -0.0193761 0.00165725 0.0269246 0.00809183 -0.00588586 0.00537393 -0.00515575 -0.00318657 -0.00292704 -0.000544873 -0.00931143 -0.0278176 -0.0137186 -0.0113325 0.00245218 -0.0316502 1.51254e-05 0.00376208 0.00123346 0.0498692 -0.00232929 -0.00468283 -0.00873969 0.00721037 -0.00741007 -0.00881015 0.0298544 0.00777409 -0.000385512 0.0600901 0.0143032 -0.00359878 0.00499784 0.00522311 -0.00899274 -0.00174321 -0.00332927 -0.00926376 0.00250076 -0.0187518 0.00311944 -0.000860902 -0.0136337 2.021e-05 -0.00458331 0.0245074 -0.00741546 0.0125554 -0.0171791 
-0.00269858 -0.00171334 -0.00182275 -0.00497826 -0.000458862 -0.00141881 0.000531111 -0.00621413 -0.0100569 -0.00133236 -0.00535638 0.0480488 0.00377215 -0.00735375 0.00156082 0.00448707 -0.0026025 -0.00575935 -0.00516828 0.0013886 -0.000637607 -0.00312283 -0.0015746 -0.014797 -0.0038117 -0.00152486 -0.00355059 -0.00457574 0.00295236 -0.00182202 -0.00195693 -0.00293342 0.00745022 0.00425545 -0.00193698 0.015477 0.00373922 -0.00305043 -0.00108421 -0.00107778 -0.000190748 -0.000256945 0.00146915 -0.00126051 -7.46071e-05 0.0075116 0.0103694 -0.000143102 0.00199146 0.010715 -0.000209938 0.00676885 -0.000272062 -0.00824493 -0.0013519 0.00339722 -0.00149332 -0.00109231 0.0107729 -0.000715297 -0.000621081 0.0100991 -0.00243113 0.00241802 -0.0089374 -0.00210075 -0.00828105 -8.58119e-05 -0.00147644 -0.00176902 0.000797325 0.000785495 0.000143038 0.000631214 0.00242125 0.00737347 0.00468278 -0.00684344 -0.000142358 4.97265e-05 -0.000721825 -0.00288279 -0.00213215 0.0011377 0.000960099 0.000274391 0.0020524 -0.00411251 -0.00350434 0.00323908 -0.0111655 -0.00118082 -0.00041423 -0.0024286 0.000282603 0.00218912 -0.00661247 0.000772829 -0.00194444 0.00251682 
0.00769237 -0.00226537 -0.00188147 -0.0080684 0.000477269 -0.000945013 0.00412885 -0.0169532 -0.00921462 -0.000881546 -0.0117373 0.00377215 0.0842317 0.0288661 0.00174831 0.00206321 -0.000268124 0.00591444 0.00722518 0.000154572 0.000862633 -0.00362413 -0.0123217 0.00645463 -0.0246475 0.00784924 -0.00699566 -0.0156923 0.00515805 -0.00802366 0.010804 -0.00665454 0.0206756 0.00522974 -0.00347968 0.00113269 -0.00423386 -0.00418455 0.00918153 0.00289267 0.00447414 -0.000518676 0.0125558 0.000771515 -0.000335811 -0.003121 -0.0156746 -0.000848446 -0.00680017 -0.0070055 -0.00495648 -0.0143402 -0.00227115 -0.0175411 0.000994895 -0.00423778 -0.00261617 0.00251939 0.00288624 -0.000736477 -0.000100721 0.0280243 0.00868654 0.000878268 -0.010195 0.00327381 -0.0170014 0.000534325 0.00135868 0.000788233 -0.0142831 0.00583847 0.00248356 0.00386399 0.00226774 -0.00751725 0.00492693 -0.0295736 -0.00219874 0.000233267 -0.0137922 -0.00612939 -0.00676724 -0.0061539 -0.000467113 0.0177929 -0.00338478 0.00601595 -0.00178956 0.00230088 -0.00623823 0.0163954 -0.00113265 -0.00720884 0.00477158 0.0010623 -0.00829536 0.00665853 -0.00729791 0.0137306 
0.0201487 0.00024368 0.00139831 -0.0367414 0.00307806 0.00366715 0.00372503 0.0288285 0.0459703 -0.0055526 -0.0354801 -0.00735375 0.0288661 0.225266 -0.0015751 -0.0061112 0.0193884 0.0709293 0.0422613 0.00562329 0.00697967 0.0434514 -0.0312781 0.046082 -0.0110515 0.0173659 -0.000561007 -0.0160609 -0.00381814 -0.0119855 0.00698121 -0.00594645 0.00600185 -0.0126642 -0.0150804 -0.039421 -0.0298315 -0.0193358 0.0154238 -0.0116969 0.0268138 -0.00406072 0.00391899 -0.0312229 0.000332067 -0.0201623 -0.0413302 -0.00380627 -0.0118957 -0.0146146 -0.00412083 -0.0361505 -0.00637721 -0.0472969 -0.00523363 -0.0147944 -0.0134483 -0.00701946 -0.0329337 0.000468279 -0.00121246 0.0146767 0.0350223 0.0163575 -0.0105224 0.010955 0.0297582 0.00129836 0.0080325 0.00947098 -0.0647374 0.00642001 0.00464321 0.0284005 -0.0192565 -0.000726775 -0.0176484 -0.035886 -0.0153067 -2.28059e-05 -0.0426175 -0.0144688 -0.00751336 -0.0241948 -0.0037168 0.0313349 0.0330082 -0.00909391 0.00196871 -0.00757341 -0.0144401 -0.0103413 -0.0100079 -0.00287611 0.00342323 -0.000626785 -0.0242838 0.00916531 0.012437 0.00350182 
0.00103211 -0.00460491 -0.00198704 -0.00386873 0.000196024 -0.00260081 -0.000434678 -0.00294314 -0.00173745 -0.00124405 -0.00281852 0.00156082 0.00174831 -0.0015751 0.0349144 0.000871612 0.00532697 0.000259433 -0.00180107 0.00369958 0.00011498 0.000989215 -0.004565 -0.00972268 0.000322565 -0.00224024 -0.00343253 0.00587247 0.00180832 -0.00319971 -0.00432432 -0.00162327 -2.65661e-05 -0.00114888 -0.000862682 -0.000334052 -0.00115052 0.00551833 0.000357713 0.000706176 -0.00152397 0.00256323 -0.0044078 0.000629623 -8.13651e-05 0.00314455 -0.00321056 0.00129851 0.00154301 -0.00147578 -0.0023164 -0.00445105 9.7108e-05 -9.98459e-05 -4.50438e-05 0.000276561 -0.0024579 -0.000113827 0.000934723 1.37074e-05 0.000438667 0.00129556 -0.00606744 -0.00110217 0.00102717 -0.00187859 -0.00148554 -0.0001176 -0.00138796 -0.000479736 -0.00575928 -0.000117578 0.00158663 -0.000375746 0.0052834 0.00123271 0.000797236 -0.00253713 -0.000659187 7.00667e-05 -0.0026307 0.00197848 0.00290151 -0.00229785 -0.00125293 -0.0010842 0.00306548 0.00772896 -0.000933732 0.000719683 0.00659578 0.00539103 0.000438057 0.00203241 0.000124519 -0.00107127 -0.000463496 0.000138282 -0.00588045 -0.00263361 
-0.00520711 -0.00299321 -0.00117402 0.0101102 0.000769615 -0.00410642 0.00448658 -0.00791787 -0.023258 0.000938722 -0.00661076 0.00448707 0.00206321 -0.0061112 0.000871612 0.0698518 -0.00308879 -0.00455843 -0.00555088 0.0114413 0.00115719 0.00301044 0.00797243 -0.0169322 -0.0104983 0.000407235 -0.0105914 -0.0137298 0.00838096 -0.00598686 -0.00644052 -0.00204574 0.00307537 -0.00421849 0.00268427 0.00645337 -0.00387792 -0.000741832 -0.00214172 -0.00276348 0.00230398 0.00012487 0.013124 0.0117053 -0.000102792 0.0113017 0.0100566 -0.000397717 0.0010193 0.00683913 -0.00243887 0.00252552 0.00194124 -0.00816776 0.00526993 0.00571498 0.00338843 -0.00167712 0.00198558 -0.000152924 0.000219319 0.0032593 -0.00951604 -0.00145223 -0.00304001 -0.00208915 -0.0101956 0.000158743 -0.00109168 -0.0020619 -0.00173648 -0.00161031 0.00215035 0.000996826 0.00376805 0.00280989 -0.00238786 -0.0109755 0.00175281 -0.000161779 -0.00038531 0.00608686 0.0015078 -0.00169325 0.00129272 0.00688388 -0.0136249 -0.0062947 0.00398779 -0.000916284 -0.0122385 0.00164803 0.00705452 0.00226116 0.00012251 0.000678727 -0.0125131 0.00227548 -0.00671816 -0.00019191 
0.00771785 -0.00710757 -0.00689539 -0.0118063 0.00167453 -0.00472873 -0.00610222 0.0110669 0.00623265 -0.00405767 -0.010452 -0.0026025 -0.000268124 0.0193884 0.00532697 -0.00308879 0.0806912 0.0305665 0.000188452 -0.00113128 0.00281623 0.0127128 -0.0043653 -0.00474222 0.0112563 -0.00319054 -0.00285796 0.00658191 -0.00149626 -0.00534561 -0.0161109 -0.0024727 -0.00495006 -0.00486154 -0.00438206 -0.0122405 -0.00601715 0.00517213 -0.00441005 -3.04554e-05 0.000155939 0.00664766 -0.0113096 -0.00834607 0.00276899 -0.00537283 -0.0136402 0.000258295 -0.0067949 -0.00090206 -0.00631908 -0.00739776 0.00213827 -0.00676035 -0.00190656 -0.00449164 -0.00366127 -0.00547915 -0.00909933 0.00225593 -0.000454715 -0.00525394 -0.00611305 0.00691251 -0.00808066 -0.00230208 0.0176733 -0.000728864 -0.0030051 0.000162269 -0.0197128 -0.000342469 0.00331651 0.010761 -0.0027996 0.00391606 0.0050168 0.00278558 -0.00523 2.06423e-05 -0.01478 -0.00720685 0.00023554 -0.00659923 -0.00330801 0.00886512 0.0260788 0.00285096 -0.0050613 0.000900115 0.0225069 -0.0040118 -0.00322164 0.0105565 0.000247563 -0.000946671 -0.00480131 0.00128745 -0.00183417 -0.0067227 
0.0108131 -0.00576615 -0.00900356 -0.0297781 0.00803036 -0.0026677 -0.00834855 0.0412015 0.0337232 -0.00316839 -0.028585 -0.00575935 0.00591444 0.0709293 0.000259433 -0.00455843 0.0305665 0.148011 0.00970796 0.00274466 0.0059306 0.0374994 -0.0140843 0.0145396 -0.0106975 0.00516769 0.00220393 0.00789488 -0.00193939 -0.00674112 -0.0256685 -0.00740442 -0.0119996 -0.00333724 -0.00556076 -0.0316603 -0.0139958 -0.00676562 0.0189766 -0.0102498 0.00880432 -0.000817406 -0.0221297 -0.0107601 0.00113315 -0.0114863 -0.0347762 0.00128362 -0.0129932 -0.0117448 -0.00207608 -0.0116258 -0.00280309 -0.0301925 -0.00528883 -0.00338263 -0.00149238 -0.00439651 -0.0211481 0.0024515 -0.000887637 0.0131552 0.0102371 0.0232305 0.00132406 0.00395268 0.0478927 -0.000482793 -0.00311179 0.000762979 -0.0508219 -0.000649099 0.00828796 0.00658641 -0.0087845 -0.00487891 0.0070581 -0.0145285 -0.0104454 -0.000463701 -0.0354111 -0.0150211 -0.00600266 -0.0139121 -0.00615682 0.0149321 0.0206623 -0.0140353 -0.00510735 -0.00274555 0.0177216 -0.0095892 -0.00656503 0.00794605 0.000216904 0.00306785 -0.0171375 0.00536687 0.00281585 -0.00141319 
0.00798593 0.0160695 0.00825104 -0.0111476 -0.00129797 0.00389402 0.00491406 -0.00263508 0.0118531 -0.00019318 0.00156175 -0.00516828 0.00722518 0.0422613 -0.00180107 -0.00555088 0.000188452 0.00970796 0.111842 0.00700331 0.00400262 0.00141285 -0.0125769 0.0369021 -0.038585 0.00352817 0.000179016 -0.0158613 -0.00319373 -0.00553275 0.0307141 0.00582192 0.00840017 -0.00721696 -0.00872947 -0.0244334 -0.0134003 -0.000154942 0.0078419 -0.00313744 0.0140574 -0.00121993 -0.00111041 -0.0240402 0.000462421 -0.011007 -0.0288347 -0.0018573 -0.00919603 -0.0131198 0.00937269 -0.0206585 -0.00147165 -0.0166743 -0.000232083 -0.00976405 -0.00797612 -0.00304759 -0.0146821 -0.0010886 -0.00104561 0.00274657 0.00381835 0.000513293 -0.0112805 0.0114344 -0.00824529 0.00172283 0.0117629 0.0084858 -0.022573 0.0115232 0.000852148 0.000919371 -0.00758596 -0.0100637 -0.0118828 -0.010713 -0.00693815 0.000751948 -0.00422985 -0.00222105 -0.00308556 -0.00239488 0.000927294 0.0280096 -0.0036322 -0.00110421 -0.00796681 -0.00300402 -0.0128148 0.00236168 -0.00395936 -0.00572891 0.00146608 -0.00194293 -0.0131101 0.0017737 0.0287156 0.00888127 
0.0159872 0.0263857 0.00438108 0.0249946 1.15207e-05 0.00966521 -0.0072622 0.0352017 0.0116996 -0.00103327 -0.00752191 0.0013886 0.000154572 0.00562329 0.00369958 0.0114413 -0.00113128 0.00274466 0.00700331 0.125575 0.0020442 -0.0102501 0.0161037 -0.0230305 -0.0394592 -0.00387098 -0.0188012 -0.0369187 0.00832091 0.00106629 0.024187 0.00198574 -0.00622537 -0.00458197 0.00457823 -0.0187667 0.00902827 0.00260839 -0.0114629 0.000542533 0.0220514 -0.00226971 -0.0121932 -0.0165314 -0.000518192 -0.00445343 -0.0108504 -0.00100253 0.00141625 -0.0033458 0.00993683 -0.0101524 -0.00294058 0.0157176 0.00160466 -0.0118319 0.0261587 -0.0121285 0.00724919 -0.00098295 -0.000450502 0.00673884 -0.0398273 -0.0104309 -0.0251833 0.0204786 -0.016212 0.00278621 0.000265166 0.00124469 -0.0373573 0.000279004 0.0107822 -0.00606764 0.0080524 0.00240124 0.0139526 -0.0317034 -0.00397955 -4.82242e-05 -0.0225833 -0.00297294 -0.00354431 0.00363679 -0.00529844 0.0246461 -0.0197132 -0.0108066 0.00310777 -0.00326358 -0.0115671 0.00059549 -0.00159462 0.0125199 0.00288624 -0.00359329 -0.0246373 0.00123301 0.00050496 0.0036837 
-0.00190592 -0.00346052 -6.35168e-06 0.00224736 0.000387675 0.00240995 0.000504449 0.00886044 0.0053095 0.0010256 -0.0044388 -0.000637607 0.000862633 0.00697967 0.00011498 0.00115719 0.00281623 0.0059306 0.00400262 0.0020442 0.0332848 0.0132925 -0.000457529 0.0053806 -0.00526773 0.00164916 -0.00135142 -0.00287964 0.000559665 -0.00056875 -0.00242784 -0.00235504 0.00102088 0.000333376 -0.000423406 -0.0053239 -0.00289046 -0.00131873 0.00243725 -0.00141821 -0.000417167 -0.000281436 -8.77195e-05 -0.00319496 0.000121797 -0.00142289 -0.00725627 -0.000644378 0.00182025 -0.0037742 0.0005058 -0.0026377 -0.000186999 -0.00455636 -0.000832598 -0.00269307 0.000262943 -0.00185901 -0.00244831 0.000781605 -2.36793e-05 -0.00245926 0.00345215 -0.00135089 -0.00217432 -0.00144719 0.00473702 -0.000130449 -0.000332122 0.00529953 -0.00838611 0.000919613 -0.00124142 0.00514469 -0.00109115 -0.00128503 -0.000107107 -0.00994038 -0.00149303 8.65957e-05 -0.0062947 -0.0027971 -0.0028626 -0.000929849 -0.000594546 0.00399497 -0.00088713 -0.00213619 -0.00283197 -0.000434049 -0.00836029 -0.000189577 -0.000175892 -0.00144785 -0.000304882 0.000146827 -0.00523715 7.72308e-05 0.00716729 -0.000758797 
-0.014353 -0.0157614 -0.00729034 -0.00983468 0.00171003 -0.0121284 -0.00549276 0.0395725 0.0226734 -0.00396711 -0.0221221 -0.00312283 -0.00362413 0.0434514 0.000989215 0.00301044 0.0127128 0.0374994 0.00141285 -0.0102501 0.0132925 0.151196 0.0122747 0.0216878 0.0186843 0.0129172 0.0144824 0.0118366 -0.0027742 -0.0133489 -0.0156398 -0.0112503 -0.00815935 -0.0093996 0.00141228 -0.0294617 -0.0154853 -0.00469895 0.0169241 -0.00828148 -0.0109502 0.00245417 0.004292 -0.00378984 -0.000253231 -0.00311707 -0.0217498 -0.000225054 -0.00517762 -0.00510409 -0.0100439 0.00865819 -0.0014509 -0.0238812 -0.00452055 -0.00547826 -0.00575301 -0.0102384 -0.0190288 0.00123144 0.00167959 -0.0132765 0.0327217 0.00253296 0.0116981 -0.00796836 0.0511916 -0.00144977 -0.00688972 0.0117616 -0.0240928 -0.00354314 -0.00698794 0.0205818 -0.00773289 -0.00651557 -0.00480088 -0.0143793 -0.00826124 -0.00019783 -0.0321077 -0.0129227 -0.00948386 -0.0164486 -0.00409106 0.00319369 0.0181403 -0.0151913 -0.0135938 -0.00340959 0.00342129 -0.0108291 -0.00349364 -0.00505629 -0.00143136 -0.00326606 -0.0173941 -0.000194328 0.0145851 -0.013666 
-0.00620346 0.00358196 -0.00391909 0.0154028 0.00504632 -0.00322798 -0.00404038 0.0266736 0.00410278 0.00712949 -0.0125067 -0.0015746 -0.0123217 -0.0312781 -0.004565 0.00797243 -0.0043653 -0.0140843 -0.0125769 0.0161037 -0.000457529 0.0122747 0.169774 -0.00563364 0.0255834 0.00260522 0.0323877 -0.0139954 0.00118949 -0.0126507 -0.00965738 -0.0139486 -0.0153761 -0.00433979 0.00650404 -0.025564 -0.00516458 0.00595529 -0.01731 -0.0100307 0.0219036 -0.00452433 0.00384316 0.0265857 -0.00173054 0.00951511 0.00892421 0.000615673 0.00169241 0.00374062 -0.00989842 0.0464596 -0.00156152 0.010662 -0.00532181 -0.00038057 -0.00772273 -0.012044 -0.00915841 -0.00178267 0.00105556 -0.00241893 0.00263128 -0.0157093 0.00031997 0.00166746 0.00368609 -0.000592273 -0.00274625 -0.00278333 -0.00606666 -0.00572696 -0.000559372 -0.00821839 -0.0046536 0.00901606 0.00320691 -0.000366003 -0.00120834 -3.67033e-05 -0.0233966 -0.010439 -0.00166375 0.00395552 -0.00579855 0.000986955 -0.0311379 -0.0205751 -0.0110607 -0.0109946 -0.0101322 -0.00702815 -0.00264544 0.00117299 -0.00132842 -0.00615447 -0.00836455 -0.00114572 -0.0166711 0.0146109 
0.000722961 0.0140418 -0.00961472 -0.0240103 -0.00114156 -0.00615977 0.00217965 0.0290405 0.059883 -0.00659893 0.0136834 -0.014797 0.00645463 0.046082 -0.00972268 -0.0169322 -0.00474222 0.0145396 0.0369021 -0.0230305 0.0053806 0.0216878 -0.00563364 0.249753 0.00982973 0.00264957 -0.00370418 0.0362984 -0.0134595 -0.00331594 0.0185452 -0.0112822 0.00775941 -0.0274164 -0.00518063 -0.0387965 -0.0403098 -0.00440421 0.030107 -0.00481609 0.02187 -0.00282967 0.00884416 -0.0018173 -9.84845e-05 -0.0369479 -0.0644939 -0.000863166 -0.0290151 -0.0365932 -0.00355796 -0.016914 -0.00882924 -0.0531057 -0.00912345 -0.0141284 -0.026824 0.0111718 -0.0525389 -0.00692886 -0.00206277 -0.0177377 0.0433952 0.0117972 0.0427918 0.00115462 0.00612203 0.000358658 0.012015 0.0115861 -0.00815986 0.00715177 -0.0133983 0.00929604 -0.0210246 -0.0233585 -0.0449283 0.00255065 -0.0134053 -0.000696058 -0.00521206 -0.0105636 -0.0187649 -0.0238199 -0.000744181 -0.00601074 0.0273449 0.00291414 -0.012636 -0.00561243 0.0107756 0.00805527 -0.00945859 -0.0213854 0.000193887 -0.0126523 0.0259089 0.000226104 0.030344 0.00990153 
-0.024744 -0.0283217 -0.0185206 -0.0299343 0.00273379 -0.0276839 -0.00153012 0.0167819 -0.00527011 -0.00323313 -0.0130916 -0.0038117 -0.0246475 -0.0110515 0.000322565 -0.0104983 0.0112563 -0.0106975 -0.038585 -0.0394592 -0.00526773 0.0186843 0.0255834 0.00982973 0.235739 -0.00196934 0.0302822 0.0732262 -0.0176131 -0.0134942 -0.072827 -0.0124187 -0.0344631 -0.0172972 -0.00433154 0.0129961 -0.0377614 0.0154451 -0.0251394 -0.010114 -0.00821823 -0.00159977 0.0150345 0.0444676 0.00138902 0.0121843 0.0387721 -0.00198279 0.0169627 0.0323077 -0.0393249 0.0536266 -0.00417863 -0.0163933 -0.0158714 0.0167951 -0.0260258 0.00328978 -0.0135657 -0.0051852 0.000588643 -0.0337571 0.0568467 -0.0122043 0.0538231 -0.0367347 0.0335208 -0.00570536 -0.019853 -0.0109959 0.0357997 -0.0193608 -0.0163844 0.000796066 -0.00967493 0.0269019 -0.0209072 0.0564352 -0.0161749 -0.000835399 -0.0181747 -0.0134911 0.0152005 -0.0164608 -0.00926053 -0.0400878 0.028564 0.00683134 -0.00833497 -0.0170882 0.0407139 -0.0102157 -0.00040566 -0.000881006 -0.00916029 8.49655e-05 0.0434515 0.00115226 -0.0557255 -0.0104229 
0.00302982 -0.00203391 -0.00557281 0.00676393 0.00201996 0.00401636 0.00440616 -0.00541043 -0.0143903 0.000625281 -0.00812157 -0.00152486 0.00784924 0.0173659 -0.00224024 0.000407235 -0.00319054 0.00516769 0.00352817 -0.00387098 0.00164916 0.0129172 0.00260522 0.00264957 -0.00196934 0.078301 0.00133679 -0.0164059 -0.00110698 -0.00102161 0.00643664 0.000985987 -0.00522023 -0.00385326 -0.00451504 -0.00751696 -0.00280366 -0.000351176 0.00150765 -3.44111e-05 0.00233433 -0.00160034 0.0181345 -0.0113055 -2.14025e-05 -0.00197127 -0.00571226 -0.000488753 -0.000159542 0.01185 0.0012657 0.00271259 0.00412597 -0.0135377 0.0007354 -0.004297 0.00419866 -0.00499658 -0.00756927 -0.000637302 -0.000221993 -0.00458978 -0.000571113 0.00110296 -0.00812542 0.00104552 -0.010014 0.00116907 0.00197488 0.00360468 -0.012291 0.00319396 -0.00164872 0.0122738 -0.00374489 -0.00468011 -0.00308894 -0.00775948 -0.0017112 0.000177876 -0.00654224 -0.00406238 0.00142809 -0.00277017 -0.00119436 -0.00057412 -0.0004873 -0.00667875 -0.00576594 0.00140869 -0.000342966 -0.0025622 -0.000131864 0.00803127 0.00115062 -0.00116218 -0.0139679 -0.000499579 0.00346403 -0.000311956 
-0.00318354 -0.0143058 0.00287086 -0.0178568 -0.00342938 -0.00940192 -0.00785968 0.0125108 -0.000179289 -0.0008033 0.00566437 -0.00355059 -0.00699566 -0.000561007 -0.00343253 -0.0105914 -0.00285796 0.00220393 0.000179016 -0.0188012 -0.00135142 0.0144824 0.0323877 -0.00370418 0.0302822 0.00133679 0.17821 0.000524275 -0.00522141 0.00793616 -0.0128048 0.000467778 -0.00591004 -0.00351026 -0.010463 -0.0244915 -0.00511563 0.00260776 -0.0198876 -0.00591233 -0.018999 -0.00380452 -0.00745611 0.00955507 -0.00220721 0.00855179 0.0064164 0.00110568 -0.00211768 -0.00582963 -0.00374347 0.018513 -0.00317099 0.00970651 -0.00585111 -0.00875308 0.00706699 -0.0111049 -0.0208468 -0.00160792 0.000642505 -0.0061302 0.026167 -0.00600768 0.00332035 -0.00539119 0.0182072 -0.000806641 -0.00446613 0.00270645 0.00936338 -0.00677617 -0.00717354 0.000404936 -0.00860317 -0.00200378 -0.0136 0.0167861 -0.00720049 -4.701e-05 0.00206261 -0.0128535 0.00451131 -0.00750879 -0.00398922 -0.00360516 0.00882523 -0.0110918 -0.0168289 0.000515413 0.0186554 -0.00714429 -0.00697971 -0.0156973 -0.00357411 -0.00473175 0.0092483 -0.00108543 -0.0109509 -0.00207422 
-0.0184694 -0.0224287 -0.0203122 -0.0583154 -0.00343231 -0.0337366 -0.00875918 0.036631 0.0406221 -0.00934237 -0.0172316 -0.00457574 -0.0156923 -0.0160609 0.00587247 -0.0137298 0.00658191 0.00789488 -0.0158613 -0.0369187 -0.00287964 0.0118366 -0.0139954 0.0362984 0.0732262 -0.0164059 0.000524275 0.240107 -0.00988951 -0.00811395 -0.0665282 -0.0285039 -0.017637 -0.0185375 -0.00396858 0.0166358 -0.0397904 0.00281442 0.0135898 -0.00804945 -0.0255278 -0.000971732 -0.016186 0.0499207 0.00027345 0.00262449 -0.0119698 0.00280711 -0.0097931 0.00331997 -0.0269382 0.0136766 -0.00509308 -0.0273363 -0.0112672 0.0297688 -0.0284551 0.0170773 -0.0143588 -2.75037e-05 -0.000445206 -0.0125867 0.0553034 0.00383538 0.0898856 -0.0254976 0.0682894 -0.00321641 -0.014076 -0.0077643 0.00781053 -0.00765405 -0.00953969 -0.00786518 -0.000257635 -0.035692 -0.00530284 0.0319874 -0.0134528 -0.00133341 -0.0208371 -0.00913655 0.00803363 -0.0245821 -0.00481994 -0.0258705 0.0252859 0.034727 -0.00477327 -0.0100253 0.0528637 -0.00569152 -0.00487966 -0.0096621 -0.00395872 -0.00156907 0.0482998 -0.00958311 -0.0337406 -0.0175209 
-0.000341378 -0.00251533 0.00018445 0.00106234 0.000161241 0.000860656 0.000698135 -0.00184025 -0.0107983 0.0014035 -0.00507902 0.00295236 0.00515805 -0.00381814 0.00180832 0.00838096 -0.00149626 -0.00193939 -0.00319373 0.00832091 0.000559665 -0.0027742 0.00118949 -0.0134595 -0.0176131 -0.00110698 -0.00522141 -0.00988951 0.0433959 -0.00318203 -0.00337111 0.000273536 0.00516354 0.00146081 0.00420635 0.000104187 0.00924964 -0.0026759 -0.000137718 -0.000347285 -0.00146257 -0.000686299 -0.00334245 0.000148773 -0.000375522 0.00452916 0.00439448 0.000659999 0.000165815 0.000637627 -0.000328885 -0.00552464 -0.00020181 0.00579976 0.00181894 0.000142457 0.00167306 -0.00198631 0.0079114 0.00044884 4.51885e-05 0.011416 -0.0116608 -0.00209518 -0.00894403 -0.0021542 -0.00650025 -9.76498e-05 -0.00141439 -0.00107899 -0.00397897 -0.00143199 0.00383749 0.00207074 0.00427616 -7.5746e-05 0.00793751 -0.0133967 0.000779647 4.77316e-05 -0.00717924 0.00368063 -0.000805746 0.00384217 -0.00161181 0.00806301 -0.00448733 -0.000282043 0.00212989 0.00169232 -0.0059606 -0.00196364 0.00223473 0.0057732 0.0019225 0.00214836 -0.0050819 0.00227501 -0.00555581 0.00136937 
0.00113362 0.00934799 0.0116002 0.0206435 -0.00177837 0.00432867 -0.00448491 -0.010421 -0.0094098 -0.000433149 0.0260263 -0.00182202 -0.00802366 -0.0119855 -0.00319971 -0.00598686 -0.00534561 -0.00674112 -0.00553275 0.00106629 -0.00056875 -0.0133489 -0.0126507 -0.00331594 -0.0134942 -0.00102161 0.00793616 -0.00811395 -0.00318203 0.107054 0.0168183 0.0208128 0.000620736 0.00316705 -0.00658488 0.0024877 0.015413 0.00403348 -0.00913087 -0.00119678 -0.00596188 -0.00305826 0.00280059 -0.0213851 -0.00030319 -0.00220152 -0.00266423 -0.00100069 0.00625671 -0.0052634 0.0195708 -0.00958806 -0.00103748 0.00983133 0.00246292 -0.00472882 0.0133547 -0.00465685 -3.59875e-05 -0.000171179 -0.000668605 -0.0096972 -0.0174575 0.00624637 -0.0175702 0.000930735 -0.0191116 0.00122679 0.00424174 -0.00114967 0.0184604 -0.00191753 -0.00391122 -0.00260637 -0.000624976 0.0038173 -0.0027726 0.00300732 -0.00157469 -0.000279824 0.0206135 0.000168433 -0.00866137 0.00582056 0.000245867 -0.0121002 -0.0109434 -0.00711245 -0.00578696 0.00240893 -0.0138998 -0.00666475 -0.00263396 -0.00755215 0.000694616 -0.00309744 0.00279053 -0.00359491 0.00495471 -0.0111757 
0.0241715 0.0425718 0.0134236 0.0344584 -0.00543786 0.027346 -0.00117115 -0.0238458 0.00644583 0.000948497 0.0306901 -0.00195693 0.010804 0.00698121 -0.00432432 -0.00644052 -0.0161109 -0.0256685 0.0307141 0.024187 -0.00242784 -0.0156398 -0.00965738 0.0185452 -0.072827 0.00643664 -0.0128048 -0.0665282 -0.00337111 0.0168183 0.186509 0.0235185 0.0142001 0.00981318 -0.00626712 -0.0176867 0.0213824 -0.00515618 -0.00680959 0.00321641 0.0120082 -0.00647005 0.00568814 -0.0496598 -0.0013718 -0.00652717 -0.00598729 -0.00355581 -0.00407156 -0.0207521 0.0306112 -0.0259585 -0.000371919 0.00661486 0.00669452 -0.0192509 0.009778 -0.0122545 0.0127325 -0.00326086 -0.00105606 -0.00483781 -0.0460232 -0.0111207 -0.045782 0.0293903 -0.0449761 0.00366582 0.0157784 0.00477259 -0.00252736 0.0161733 -0.00361943 0.00343619 -0.00535812 -0.00387296 -0.00928512 -0.0369017 0.00834375 0.000997549 0.0320971 0.0027165 -0.0132056 0.00503016 0.00907902 0.0149455 -0.0418566 -0.0124366 0.00958486 0.00530657 -0.0446736 0.00182113 -0.00165366 -0.0195993 0.00274937 -0.00600864 -0.0352152 -0.00765595 0.0348429 0.0232501 
0.0107019 0.0135456 0.0152748 0.021733 -0.00109387 0.000548074 -0.00581109 -0.0205245 -0.0189532 -0.00364269 0.0178121 -0.00293342 -0.00665454 -0.00594645 -0.00162327 -0.00204574 -0.0024727 -0.00740442 0.00582192 0.00198574 -0.00235504 -0.0112503 -0.0139486 -0.0112822 -0.0124187 0.000985987 0.000467778 -0.0285039 0.000273536 0.0208128 0.0235185 0.0922113 -0.00104521 -0.000491361 -0.00377999 -0.0122201 0.021199 0.00835978 -0.00968862 0.00725125 -0.00267286 -0.00148689 0.00292647 -0.0171524 -0.000184009 -0.00281694 0.0050566 -0.00149296 0.00338921 -0.0062058 0.00360115 -0.0142515 0.000590154 0.0304504 0.00809097 -0.00636064 0.00902918 -0.00580839 -0.0026947 0.000265479 -0.000914377 -0.00536003 -0.0188187 -0.00622213 -0.0210938 0.000364933 -0.0201308 0.00132488 -0.00206067 -0.00292175 -0.000960382 -0.00297581 -0.00189058 0.00238856 -0.00328744 0.0119496 0.0129946 0.00476186 -0.00257093 0.000269883 0.0142722 -0.00524063 0.000552334 0.00620203 0.00178245 0.00993739 -0.012981 -0.00716559 -0.00390875 0.00428549 -0.00377896 -0.00561325 -0.00199345 -0.00197949 0.00221855 -0.00223182 -0.0120582 -0.000582361 -0.00245142 -0.00279795 
-0.000305969 -0.00804553 -0.00346467 -0.0031056 -0.00240986 0.000620859 0.00480841 -0.0366363 -0.0327794 -0.00256784 -0.00838391 0.00745022 0.0206756 0.00600185 -2.65661e-05 0.00307537 -0.00495006 -0.0119996 0.00840017 -0.00622537 0.00102088 -0.00815935 -0.0153761 0.00775941 -0.0344631 -0.00522023 -0.00591004 -0.017637 0.00516354 0.000620736 0.0142001 -0.00104521 0.115288 0.0125821 0.000343414 0.0270001 0.0107159 -0.00465922 0.0145021 -0.00439196 0.0115297 -0.000266955 0.0183705 -0.00482656 -0.000955493 -0.00113353 -0.0138846 -0.00123018 -0.00334974 -0.00926948 0.00579099 -0.0140492 -0.00269762 -0.0178686 0.00139873 -0.00287089 0.00503585 0.0116358 0.00974821 -0.00150188 0.000289552 0.00602076 0.00298821 0.0121368 -0.00497983 0.00217304 -0.0235539 0.0012385 0.01233 -0.00267218 0.00121395 0.000115044 -0.00439599 -0.00371228 0.00329506 0.00164626 -0.000884192 -0.0200638 0.000978396 0.000736895 -0.00709534 -0.00711815 -0.0108806 0.003006 -0.00239098 0.00418422 -0.00255377 0.00451197 -0.00506051 0.00505871 -0.0144452 0.0161297 0.000668997 -0.0108963 -0.00127759 0.000138459 -0.00945776 0.00144899 0.00522912 0.013829 
-0.00718206 -0.00969275 0.000623185 -0.00344972 -0.00103808 0.00966185 -0.000759899 -0.0239653 -0.0187332 0.000856507 0.00356563 0.00425545 0.00522974 -0.0126642 -0.00114888 -0.00421849 -0.00486154 -0.00333724 -0.00721696 -0.00458197 0.000333376 -0.0093996 -0.00433979 -0.0274164 -0.0172972 -0.00385326 -0.00351026 -0.0185375 0.00146081 0.00316705 0.00981318 -0.000491361 0.0125821 0.0964342 -0.00120548 0.0180678 0.0171603 -0.00273195 -0.00255086 -0.000628803 -0.00993188 -0.00298792 -0.00855333 -0.00425161 -0.00102647 0.00354388 0.00546996 -0.00044896 -0.00513861 0.000122604 0.00150157 -0.00686881 -0.00203591 0.00101275 -0.00079366 0.00143749 -0.00590835 5.92414e-05 0.0327488 -0.00067342 -0.000687745 0.00334106 0.00777093 -0.00398711 -0.0169118 -0.00613549 -0.0150822 -0.000238123 0.002573 -0.00349729 0.0154292 0.00298972 0.00379693 -0.00400643 0.00339591 -0.0028968 0.0190995 -0.0139715 0.00935135 0.000429467 0.0154867 -0.00197477 -0.00624992 0.0200563 0.00191052 -0.00196521 -0.00475484 -0.00821986 0.000401473 0.0121624 -0.0224716 0.00178777 -0.000937988 0.000989116 -0.00123916 0.0121375 0.000839261 -0.00282279 0.00380676 -0.00537978 
-0.00568786 -0.000247219 -0.00396988 0.00686061 -0.000389676 -0.008348 -0.000913298 0.0196785 0.00308571 0.00102416 -0.00231887 -0.00193698 -0.00347968 -0.0150804 -0.000862682 0.00268427 -0.00438206 -0.00556076 -0.00872947 0.00457823 -0.000423406 0.00141228 0.00650404 -0.00518063 -0.00433154 -0.00451504 -0.010463 -0.00396858 0.00420635 -0.00658488 -0.00626712 -0.00377999 0.000343414 -0.00120548 0.0832072 -0.00200533 0.0137985 0.00504277 0.0109895 -4.75226e-06 0.00739192 0.00322442 -0.00149439 0.00590353 -0.000849242 0.00588452 -0.013794 0.00178281 0.0024925 -0.0078508 -0.00310521 -0.00213518 -0.000627025 0.00699138 -0.00138112 -0.00370483 -0.000342227 0.00287504 -0.00326712 0.000765879 -0.000602491 -0.000798077 -0.00106926 0.00108353 0.00252893 0.00164424 0.00896635 -0.00013115 -0.00128051 -0.00158843 -0.00394966 -0.00240977 -0.00140505 0.000379535 0.00374015 0.00207693 0.0118893 -6.84409e-05 -0.00147862 -0.000314669 -0.0115924 -0.0052866 -0.00141976 0.00117281 -0.00221613 -0.0093659 -0.00926885 -0.00514975 -0.00533775 -0.00233293 -0.000352473 0.00436945 0.00142613 0.00374819 -3.328e-05 -0.00356607 -0.0107124 -0.000236879 -0.0106226 -0.00197529 
