0.0964361 -0.00131729 0.000936587 -0.000927304 -0.00382764 -0.0102908 -0.0057879 -0.0233622 0.00131093 0.00399545 -0.00418301 -0.0179618 0.00486111 -0.000137158 0.000582618 0.00821251 0.00148719 0.00376708 -0.00310117 0.000522729 0.006648 0.00460603 0.00819837 -0.00413477 -0.00693852 0.00463455 -0.000175249 0.010798 -0.0137452 0.0069277 -0.0037395 -0.00175845 0.00864453 0.000321781 -0.00120615 9.50862e-05 -0.00064698 -0.00709873 0.006466 -0.00368132 0.0036225 0.0104728 0.00546677 -0.00517393 -0.00160065 0.0177716 -0.00331531 0.005551 0.0004855 0.0044782 -0.003296 0.000751209 0.00115031 -0.00150489 0.00607401 -0.00212617 -0.002919 -0.00272137 0.00119054 0.000367676 -0.00112215 -0.00570392 -0.00425631 0.00310633 -0.0057943 0.00211745 -0.00117567 -0.0135265 0.00778987 0.00156834 0.0275666 0.00948199 -0.0140468 0.000876997 0.000447131 -0.00110032 -0.00346733 -0.0149212 -0.00541138 -0.00267285 -0.00557265 -0.00385107 -0.0130694 -0.000667407 -0.0106215 0.00303152 -0.00103185 -0.0030493 -0.00127211 0.00369116 -0.00490877 -0.000637859 -0.0126109 0.00149143 -0.0088378 -0.00310031 0.00180761 0.00654882 -0.00839707 -0.0188543 
-0.00131729 0.0879601 0.00800278 -0.0017232 0.00186242 0.0116218 -0.00260917 0.0112377 -0.00270676 -0.00877956 -0.00811575 0.0174439 -0.00456812 -0.00191688 0.00289404 -0.00202007 -0.00120697 -0.00157913 -0.00515965 -0.00390544 -0.00691248 -0.00291739 -0.00741345 -0.00323427 0.0120308 -0.00182538 -0.000115767 -0.00479506 -0.00151659 -0.00847898 0.00523949 -0.00255185 0.000154774 -0.000790696 -0.00190033 0.000183973 -0.00212238 0.000680596 0.00752385 -0.00895348 -0.000275937 -0.00653061 -0.00453464 0.0112535 0.000628795 -0.00408107 0.00111879 0.0187683 0.00302326 0.00014844 0.000601339 -0.00113658 0.000537274 -0.00524177 -0.00287312 -0.00149969 -0.00253602 0.0144003 -0.000564029 1.07453e-06 0.000827223 -0.00472992 -0.00649147 0.00173055 -0.000273873 -0.00983572 -0.00201834 -0.0163338 -0.00108085 -0.00162566 -0.00567838 -0.00226404 -0.00964423 0.00357701 0.0133664 0.013565 -0.00258394 -0.016369 -0.0115034 -0.00690033 -0.00317459 0.0011787 0.0097802 -0.001986 0.0112873 -0.00312299 -0.00269927 0.00335294 -0.00103807 -0.00281866 0.00841935 -0.00161544 -0.0105861 -9.48471e-05 -0.0172733 -0.00539941 -0.0075807 -0.00506573 0.015738 -0.0119423 
0.000936587 0.00800278 0.226337 0.00257261 0.0060713 0.0177322 0.00122449 0.013583 -0.0231443 -0.027685 0.0380423 0.0135357 -0.00854285 -0.00246022 -0.00193408 -0.0151641 0.00317709 -0.00724525 -0.0175776 0.00672797 3.0602e-05 -0.00416573 -0.036443 0.00938309 0.00646204 -0.0100157 0.00174652 -0.0208353 0.0143807 -0.00716563 0.00836175 -0.00579836 -0.0114352 0.000761372 -0.00375009 -0.0024031 -0.00554948 -0.0043072 -0.00280142 -0.00623727 0.000560662 -0.0236143 -0.0141875 -0.0198681 0.00790005 -0.0118868 -0.0131195 0.0166018 -0.00085752 -0.000335045 -0.0159942 -0.00288122 -0.000602982 0.028203 -0.0242139 -0.0078431 -0.00589915 0.0189005 -0.00365055 -0.000853168 -0.00244588 0.00049546 -0.0149584 0.00429742 -0.028045 -0.00346884 0.00240607 -0.00514005 0.00221601 -0.00675338 -0.0168826 -0.00512254 0.00951411 -0.00187652 0.0159868 -0.0123263 -0.0107006 -0.058782 0.00350946 -0.0056708 -0.00489834 0.00853772 0.000250113 -0.00253714 0.00848854 0.00528056 0.0003393 0.00448821 -0.00259044 -0.00222313 0.00908595 -0.0109897 0.0150232 0.00468275 0.00142104 -0.00306393 -0.00454203 -0.00841731 0.0340492 0.000596215 
-0.000927304 -0.0017232 0.00257261 0.0740704 -0.0033881 -0.00273776 -0.0187133 -0.00413029 -0.00330869 0.00810628 0.0167448 -0.00722694 -0.000811201 -0.000927594 0.000334324 -0.00302503 0.00114506 0.00603125 0.00352182 0.0033929 0.000404654 4.47335e-05 -0.00709535 0.000176335 -0.00408568 -0.000599729 0.000176132 -0.00119947 0.00288439 0.00732495 -0.000700074 0.00314379 -0.0012398 -0.0002941 -0.000124357 -0.000311639 0.00117677 0.0177659 0.00219763 -0.001005 0.00212864 -0.0132397 0.0010717 -0.000406861 -0.00230455 0.00417224 0.00155745 -0.00197713 0.00095714 -0.00120109 -0.0033736 0.000547394 0.000737307 0.00542052 -0.00919229 0.00380416 -2.46875e-05 0.00103055 0.000131123 -1.44285e-05 0.000508733 -0.00257822 -0.00672151 0.00087813 -0.016473 -0.01123 0.00233642 -0.00161303 0.00169424 -0.000942927 0.00465306 -0.00959138 -0.00542707 0.000436533 0.00191051 -0.0223417 0.00631052 -0.013012 0.00455975 0.00209184 -0.00130812 0.00524187 -0.00121256 -5.44436e-05 -0.0011101 0.00366334 -0.00176518 0.00363461 -0.000290189 -0.000364836 -1.9505e-05 -0.0017859 -0.000794027 -0.00143275 -0.00393953 0.00175273 0.00662839 0.00110431 -0.00194868 -0.0189121 
-0.00382764 0.00186242 0.0060713 -0.0033881 0.0784063 0.0350569 0.0124309 0.00460519 -0.00439718 -0.00187108 -0.00805371 0.0147892 -0.00353663 0.000420959 -0.000379384 -0.00240935 -0.00242098 -0.000950392 0.00363348 -0.00190901 -0.00177688 0.00344631 -0.0127833 -0.00334946 0.00616308 -0.00184471 -0.00173364 -0.00494796 -0.0127744 -0.00681717 0.00163502 -0.00174597 -0.00145533 0.00188984 -0.00168501 -0.000389645 -0.000408154 -0.00666492 0.00207562 -0.0176872 -0.000433858 -0.00607208 -0.0152632 -0.00988486 0.00314563 -0.00581922 -0.00793978 0.0150448 -0.00158817 -0.00230864 -0.00270052 -0.00221092 -0.000985089 -0.00521563 -0.00565834 -0.00142471 -0.000804564 0.0120407 -0.00131391 -0.000446798 0.00033627 -0.000711851 -0.00886861 -0.00227667 0.00444767 -0.0115474 -0.00147974 -0.00137241 -0.00162195 -0.00201109 -0.0154607 -0.000327886 -0.0068179 0.0010964 -0.0176042 0.00872093 0.00103464 -0.0253337 -0.0134118 -0.00389606 -0.00421519 0.00529616 0.00564788 0.00129803 -0.000191486 -0.000406988 -0.00182471 -0.00475046 0.000889 0.00386724 0.0193234 -0.000622892 0.0180334 0.000821525 0.00404798 -0.00229708 0.00759262 -0.00430279 0.0229117 0.00254839 
-0.0102908 0.0116218 0.0177322 -0.00273776 0.0350569 0.177503 0.0419823 0.00412618 -0.00695191 -0.0133286 0.0010807 0.047019 -0.00945048 0.00103639 -0.00210789 -0.00387026 -0.00291076 -0.00231881 -0.0148795 -0.00888656 -0.0114937 -0.00150904 -0.0372349 -0.00888636 0.0218178 -0.00833061 -0.00219238 -0.00876821 -0.0260869 -0.0193707 0.00720115 -0.00654203 -0.003972 -0.000583714 -0.00154706 -0.00138368 0.000248913 0.00407075 -0.00232008 -0.0460448 -0.00226046 -0.00361097 -0.0411799 -0.0240938 0.00362543 -0.0206097 -0.0194118 0.0322019 -0.00407594 -0.00502464 -0.00593821 -0.00384289 -0.00381869 -0.0195349 0.00615087 -0.00707496 -0.00307585 0.0225367 -0.00189813 -0.00143105 0.0069778 -0.000864361 -0.0258519 -0.00533865 0.0341116 -0.00718679 -0.00481874 -0.0194922 -0.00475077 -0.005732 -0.0312973 0.00672885 -0.0128222 0.00409996 -0.0489771 0.0350361 -0.000155041 -0.0655375 -0.0256721 -0.00786519 -0.0137292 0.0163822 0.0319591 -5.36461e-05 0.0054974 0.0112226 0.00383541 -3.81897e-05 -0.00125966 0.00291468 0.0321386 0.0039315 0.00934939 -0.00358122 -0.00057075 0.0083742 -0.0128975 -0.0153539 0.094036 0.00312029 
-0.0057879 -0.00260917 0.00122449 -0.0187133 0.0124309 0.0419823 0.247033 -0.00937863 0.00350928 -0.0370212 -0.0270877 0.0836493 -0.0180956 -0.00822865 -0.00436454 -0.01885 0.00391908 -0.01326 -0.0627524 -0.0211162 -0.00706045 -0.0091348 -0.0256567 -0.00416184 0.00210706 -0.00412555 -0.00689147 -0.00362244 -0.0309956 -0.0180695 -0.00240107 -0.0117614 -0.00862654 -0.00209805 -0.0042095 -0.00176629 -0.00115554 -0.0385376 -0.00388956 -0.0503239 -0.00236296 0.0332019 -0.0186637 -0.0258118 -0.000492603 -0.0251913 -0.0134936 -0.00908681 -0.00235268 -0.0126702 0.00718627 0.00232009 -0.00185604 -0.0437557 0.0553248 -0.00832015 -0.0137844 0.0240465 -0.010249 -0.000980702 0.0046325 0.00673792 0.0205168 -0.0123618 0.0654243 0.0762487 -0.00372293 -0.0168287 -0.00854272 0.00243959 -0.0367338 0.0160205 0.0117305 -0.00448519 0.050006 0.0860367 -0.0465966 -0.00167226 0.0003539 -0.0103906 -0.00524642 0.000465178 0.020717 -0.00756451 -0.00553871 -0.000223022 0.00724367 -0.0153163 -0.00139311 -0.0123819 0.00601173 0.00178097 -0.0262948 -0.00283194 -0.0189563 -0.00299758 -0.0447717 -0.036533 0.0668251 0.031082 
-0.0233622 0.0112377 0.013583 -0.00413029 0.00460519 0.00412618 -0.00937863 0.249931 0.0235067 -0.0280585 -0.00680603 0.02813 -0.010294 -0.00704192 0.000238832 -0.0206934 -0.00803733 -0.0105283 0.00283512 -0.00823068 0.000688151 -0.0091984 0.00506651 0.0057794 -0.0042826 -0.00421695 0.0048075 -0.0197718 0.0162496 -0.0322483 0.00369399 -0.0145216 -0.00663396 4.80394e-05 -0.00101396 -0.00175492 -0.00469035 0.00153075 -0.010032 -0.00541775 -0.00579775 -0.0259363 0.0163225 0.0270783 0.000619459 -0.0309293 0.00177232 0.0110211 -0.00411834 -0.00349331 0.00107 0.000489832 -0.00518942 0.0130986 -0.0168878 0.00653037 -0.00325056 -0.0178787 -0.00610636 -0.00140802 -0.0112949 -0.0267293 -0.0105646 -0.0123186 -0.0042114 -0.0347946 0.00133823 0.00125439 -0.0146552 -0.00169679 -0.0591941 -0.0129322 -0.00308436 -0.00349806 -0.00557271 0.0242666 0.0110268 0.0365712 -0.0275813 -0.00965572 0.00640842 -0.0223989 0.0380327 -0.00186323 -0.00263236 0.000751823 -0.0090306 -0.0189196 -0.00283365 -0.00471005 -0.0109477 -0.0118071 0.0416695 -0.0081226 0.0347289 0.0148256 0.0207205 -2.47694e-05 0.000289025 0.0164701 
0.00131093 -0.00270676 -0.0231443 -0.00330869 -0.00439718 -0.00695191 0.00350928 0.0235067 0.116566 -0.00784523 -0.0225691 0.0027382 0.00101811 0.000186496 -0.000266255 -0.00369177 0.000364515 0.000122372 -0.0137155 -0.00665211 -0.00652673 -0.00108942 0.0133933 0.00161172 -0.0106703 0.000235819 0.00227321 0.0069003 -0.00345249 -0.00679626 -0.00240799 -0.00460234 0.00612669 -7.41132e-05 0.00156964 -0.000703545 0.0027523 -0.00865047 -0.00124528 0.00255426 -0.000383612 0.00247255 0.00932098 0.0234005 -0.00112735 -0.00715182 -0.00241099 -0.0144326 0.0013317 0.00129375 -0.000805818 0.000469165 -0.0013824 -0.00466429 0.00383412 0.000650323 -0.00254656 -0.00921039 -0.000579568 -2.08976e-06 -0.0035803 -0.0115578 0.00798005 -0.0010786 0.00485834 -0.000817433 -0.00196984 0.0034458 0.00280694 0.000339521 0.0114681 0.00944511 -0.0170414 -0.00111094 0.0100152 0.0125369 -0.00550507 0.0300947 0.00705496 0.000511102 0.00965278 -0.00262336 -0.00205894 -0.00123035 -0.00707804 -0.00443937 -0.000420749 -0.00791984 -0.00094516 -0.00287926 -0.00902946 -0.00375545 -0.0249146 -0.0014879 -0.0123471 0.00732317 -0.0125146 -0.00747512 -0.0220681 0.00496876 
0.00399545 -0.00877956 -0.027685 0.00810628 -0.00187108 -0.0133286 -0.0370212 -0.0280585 -0.00784523 0.100998 0.0156328 -0.0481572 0.00704126 0.0038444 -3.80746e-05 0.0159002 -2.71071e-05 0.00490038 0.0355692 0.00213631 0.00198828 0.0119489 0.0143917 -0.00198694 -0.00961348 0.000582239 -0.000868125 0.00290879 -0.00565335 0.035352 0.00340339 0.0140378 -0.00141074 0.000318773 0.00113798 0.000863991 0.00117307 0.0281349 0.00160186 0.0273112 0.0023698 0.00516707 0.00255188 0.0185883 -0.00282388 0.0255902 0.0124884 0.00267059 -0.000880138 0.00211712 -0.0038188 -0.00363365 0.00279903 0.000202752 -0.0122808 -0.00101426 0.00924954 -0.00974142 0.00705535 -0.000356931 0.000571503 -0.00498431 -0.0144903 0.00254535 -0.0257821 -0.0228034 -0.00193978 0.0253807 0.00589602 0.00171304 0.024774 -0.00425649 -0.021064 3.62235e-05 -0.0186058 -0.0468419 -0.00768695 -0.0193139 -0.0206971 -0.00431822 -0.00118586 -0.00233611 -0.0130704 0.000976401 -0.0132279 0.000381434 -0.00325861 0.0109405 -0.000939389 0.00426351 -0.00727132 0.00484708 0.0153585 0.00240274 -0.00831518 -0.00915981 0.01939 0.00683266 -0.0260382 -0.0359578 
-0.00418301 -0.00811575 0.0380423 0.0167448 -0.00805371 0.0010807 -0.0270877 -0.00680603 -0.0225691 0.0156328 0.195818 -0.0402056 0.00110262 -0.00483499 -0.00246197 -0.00488173 0.00102401 -0.00271231 0.0279132 0.00159875 -0.00873864 0.00127617 -0.0106563 0.000758966 -0.0105464 -0.00619306 0.000939463 -0.00980932 -0.0189578 0.0256311 0.0041193 0.014796 -0.0111126 -0.000892763 -0.00122745 -0.0020516 0.00432313 0.0492567 -0.00473359 0.0139165 0.00147941 -0.00456355 -0.014405 0.0103069 -0.00356199 0.0255585 -0.0039739 0.00608996 -0.00370941 -0.0027681 0.00220243 -0.00796212 0.00248451 -0.00215643 -0.0225149 -0.0024207 0.00624212 -0.0213772 0.00641402 -0.00122481 0.00366006 0.0015704 -0.0258796 0.00673259 -0.0178519 -0.0181194 0.000238532 0.00759024 0.00549124 -0.000926907 0.00739339 -0.0268605 -0.00628051 -0.00248765 -0.0236837 -0.0421436 -0.0110041 -0.0466134 -0.0117717 -0.00473518 -0.00224896 0.000108132 0.00456543 -0.00167268 0.01492 -0.00316389 0.00261513 0.0351418 0.000371839 -0.00251104 -0.0079476 -0.00261018 0.0111014 -0.0010409 -0.0237535 0.00386971 0.0238962 9.5218e-05 -0.0088433 -0.00449372 
-0.0179618 0.0174439 0.0135357 -0.00722694 0.0147892 0.047019 0.0836493 0.02813 0.0027382 -0.0481572 -0.0402056 0.205998 -0.0106325 -0.00349833 -0.00338426 -0.0147966 -0.00201747 -0.00823294 -0.0384726 -0.00864507 -0.00328632 -0.0163049 -0.0178053 -0.00641391 0.0158428 -0.00509488 -0.00135016 -0.0107293 -0.0155727 -0.0469295 -0.00144149 -0.0186888 -0.00567858 -0.00279787 -0.00892894 -0.0019825 -0.00369363 -0.0374707 0.00594893 -0.0698542 0.000358456 -0.00493174 -0.0332557 -0.00860257 -0.00120917 -0.0479038 -0.0206039 0.0189688 -0.00369934 -0.0101831 -0.00629637 0.00658265 -0.00324479 -0.0221338 0.0213812 -0.00264135 -0.00779352 0.0246277 -0.0123092 -0.00334201 0.00171966 -0.00524436 0.0155052 -0.00757307 0.0321447 0.0377301 -0.0051415 -0.0460329 -0.0142654 -0.00466267 -0.036642 0.0154466 0.0130367 -0.000118923 0.0520102 0.075608 0.000833413 -0.00837966 -0.000496311 0.000133115 -0.00276204 0.00392489 0.0242378 -0.00559776 0.00585962 -0.000300669 0.000648577 -0.0169774 -0.00250944 -0.00809771 0.0159195 -0.00514437 -0.0110941 -0.00143902 0.00399218 0.00678754 -0.0313526 -0.0250713 0.0585532 0.0332034 
0.00486111 -0.00456812 -0.00854285 -0.000811201 -0.00353663 -0.00945048 -0.0180956 -0.010294 0.00101811 0.00704126 0.00110262 -0.0106325 0.0732195 0.000932465 -4.75941e-05 0.0109528 0.00151906 0.00663293 0.00163289 -0.00100282 -0.00296653 0.00602671 0.0017185 -0.00233732 -0.00472283 0.00145648 0.00188374 0.00944558 -0.00407597 -0.000232309 -0.000635545 -0.00156335 0.0018707 0.00103297 0.0026176 -0.000195559 -0.000577498 -0.00541152 -0.000299753 0.00924855 0.00236014 -0.00797989 -0.000710433 0.00290854 -0.000870121 -0.00940938 -0.00564981 -0.00661653 -0.00131615 -0.000774385 -0.000700344 -0.00205269 -0.000199577 0.00410575 -0.00199906 -0.00197095 -0.00131177 0.00099777 0.00281076 0.00155631 0.00126997 0.0133756 -0.00854698 0.00286594 -0.00710866 0.000634776 -0.00122814 -0.00331036 -0.000364837 -0.0015914 0.0155672 0.0010599 -0.00424462 -0.000274806 -0.0112661 -0.00293379 -0.00177355 -0.0038066 -0.00271496 0.00197546 -0.00298043 0.00230484 -0.00168935 0.00012422 -0.00445599 -0.00172025 -0.00244772 0.00222862 2.96106e-05 0.00632472 -0.000761093 0.00093185 -0.00860317 0.0012629 0.00708458 -0.00548603 0.00256258 0.00294244 -0.00435247 -0.00827571 
-0.000137158 -0.00191688 -0.00246022 -0.000927594 0.000420959 0.00103639 -0.00822865 -0.00704192 0.000186496 0.0038444 -0.00483499 -0.00349833 0.000932465 0.0349996 9.893e-05 0.00302543 6.5694e-07 0.00127525 0.00217923 0.00382087 0.000760662 0.0013034 -0.00191161 -0.00223798 0.00223943 -0.00146182 0.00128484 0.000215111 0.00105706 0.00369756 0.00085493 0.00093161 0.000254681 -5.07241e-05 -0.000145897 0.000148863 0.00272605 -0.000884689 0.003359 0.00267728 0.0019784 -0.00411737 -0.00239778 0.00550252 -0.000228284 -0.00057612 -0.000281374 0.00455062 0.000270994 0.00294297 -0.000820676 -0.00159595 0.000973412 -0.00326584 -0.00488056 -0.000662923 -0.000171676 4.20202e-06 -0.000227553 0.0010974 -0.000297269 -0.00299714 0.000647649 0.000194814 -0.00207316 -0.00765497 0.000428188 0.00213627 0.000762512 -9.76444e-05 0.00310529 -0.00240364 0.000158422 0.00157501 -0.00370082 -0.00749846 0.0030398 -0.00220773 -0.00300426 -0.000895507 -0.00168328 0.00330397 -0.00479519 -1.3968e-05 -0.00155391 0.00225189 -0.000331557 -0.00106585 0.000905479 -0.000135209 0.00208369 0.00464088 -0.00668568 -0.000444957 -0.00416466 -0.000307383 -0.00346645 0.00157056 -0.00311369 -0.00189913 
0.000582618 0.00289404 -0.00193408 0.000334324 -0.000379384 -0.00210789 -0.00436454 0.000238832 -0.000266255 -3.80746e-05 -0.00246197 -0.00338426 -4.75941e-05 9.893e-05 0.0124472 0.000543617 -0.000202574 0.000493176 0.00248196 -5.16715e-05 -0.000138605 0.00088809 0.00101005 -0.000777914 -0.000936755 0.000319317 3.57292e-05 0.000212985 0.000627698 -9.96335e-05 0.000326568 -9.73312e-05 0.00205725 0.00014686 -0.000156176 6.63484e-05 0.000471738 0.000110006 0.00241351 0.00329825 0.000177648 -0.000787957 -0.000101424 -0.00154943 0.000229184 0.0015514 0.000743289 -0.00199264 0.00159735 0.00155895 0.000610699 5.99442e-05 0.000597889 0.000416917 -0.00177825 0.000424496 -0.000299147 -0.000382994 -3.87685e-05 0.000542531 5.69773e-05 -0.000914173 -0.000475057 0.000496623 -0.00130287 -0.00235095 0.00021456 -0.000142714 5.70688e-05 -7.31446e-05 -0.000246091 -0.000726972 -0.00128075 1.52261e-05 -0.000606352 -0.00348849 0.00028407 0.000637558 -0.000135063 0.00107596 -0.000737913 -0.000460426 -0.00116136 -7.91943e-05 -0.000433241 0.000252822 -0.000329943 -0.000598148 -6.97549e-05 0.00026274 -0.000293582 0.000534875 0.000205778 0.000219646 3.84152e-05 -0.000841513 2.54325e-05 0.00129912 -0.00217732 -0.00298593 
0.00821251 -0.00202007 -0.0151641 -0.00302503 -0.00240935 -0.00387026 -0.01885 -0.0206934 -0.00369177 0.0159002 -0.00488173 -0.0147966 0.0109528 0.00302543 0.000543617 0.0768986 0.000858449 0.00712002 0.0176963 -0.00463821 -0.00165734 0.00607503 0.0026787 -0.0015306 -0.00493025 0.00588761 0.00336138 0.00275479 -0.0046455 0.00285719 0.00510377 0.00380154 0.00927694 0.000254988 6.37976e-05 0.00116922 -0.000344446 -0.00287587 0.00326552 0.00967247 0.00223564 -0.0105516 -0.00776901 -0.00380598 -0.00192639 -0.00828343 -0.00173383 0.0126959 0.000911901 0.00742911 -0.00404936 0.00356173 0.000802005 0.00503952 -0.00438429 -0.00112321 0.00362535 0.00195036 0.00199091 0.00114274 0.00582504 0.00021338 -0.00893063 0.00450673 -0.00766892 -0.00870583 -8.25225e-05 -0.0010946 -0.00157731 0.000189919 0.00628083 0.00347261 -0.00622243 0.00239284 -0.0017448 -0.0175003 -0.0002296 -0.0204052 -0.0106573 0.00288473 -0.00299743 -0.000888749 -0.00649279 0.00235775 -0.00713222 -0.00401741 -0.00130068 -0.000293839 3.05032e-05 0.00675494 -0.00135441 0.00803651 -0.000648818 0.00143052 0.00934268 -0.00595158 0.00420253 0.00189309 -0.00822779 -0.0208539 
0.00148719 -0.00120697 0.00317709 0.00114506 -0.00242098 -0.00291076 0.00391908 -0.00803733 0.000364515 -2.71071e-05 0.00102401 -0.00201747 0.00151906 6.5694e-07 -0.000202574 0.000858449 0.0335801 0.00308834 -0.00562049 0.000366623 -0.00113574 -0.000588087 -0.00317153 -0.00213084 -0.000783192 -0.000994018 -0.000631085 0.00166202 -0.00192955 0.00131147 -0.00111204 0.000336135 -4.36884e-05 -0.000129083 0.000657374 -1.41836e-05 0.000685711 0.00262157 -0.00146303 -0.00590759 0.000856949 4.78832e-05 -0.000531426 -0.00493114 -5.37702e-05 -0.00135413 -0.00203255 -0.00203317 -0.000961604 0.000375189 0.00204227 -0.00143554 -0.000265599 -0.00468697 0.000835263 -0.0010792 -0.000940866 0.000410944 -0.000778038 -9.5966e-05 -0.000263304 0.0059031 0.00424051 0.00198328 -0.000456092 0.00361649 0.000491164 -0.00422309 0.000227366 0.000341584 0.00526702 0.00231456 -0.00208351 -0.000375726 0.00418396 0.00230261 -0.00237067 -0.00264003 0.00135038 -0.000595776 -0.000393744 0.00203554 0.00189993 -2.2116e-05 -0.00121585 -0.0010836 -2.84877e-05 0.00274143 6.77265e-05 -0.000738455 -0.0017971 0.00048463 -0.00437369 -0.000344844 -0.0070757 -0.00155041 -0.00382303 -0.00154619 -0.000731012 -0.000434543 
0.00376708 -0.00157913 -0.00724525 0.00603125 -0.000950392 -0.00231881 -0.01326 -0.0105283 0.000122372 0.00490038 -0.00271231 -0.00823294 0.00663293 0.00127525 0.000493176 0.00712002 0.00308834 0.0373373 -0.00215178 -0.000205242 0.00133868 0.00391738 -0.00133172 -0.002077 -0.000995233 -0.00117049 0.00259791 0.0068444 0.000626486 0.00320207 0.00194473 0.00100096 0.00340319 -9.53946e-05 -0.000406062 0.000785566 -0.00079826 0.00179913 0.00127736 -0.000763383 0.00219647 -0.00155875 -0.00115009 -0.00665517 -0.000769097 0.0016173 -0.00107677 0.0017274 -0.00036796 0.0046264 -0.000934477 9.6823e-05 0.000998459 -0.00102461 -0.00166334 -0.00028933 -0.000242298 0.0020568 0.000511949 0.00136012 0.00153088 0.00121628 -0.00184278 0.00255581 -0.00479903 -0.00466553 0.00114909 -0.0028034 0.000296177 -0.000411251 0.0129269 -7.38316e-05 -0.00564736 0.000387114 -0.00774981 -0.00456791 0.0010333 -0.00858091 -0.00251535 0.0026623 -0.00160131 0.00368829 0.00563503 0.000483567 -0.00353208 0.00014899 -0.00057365 -0.000530657 7.38499e-05 0.00442263 1.91214e-06 -0.000361381 -0.00650969 -0.000574031 -0.00105521 -0.00139892 -0.00327858 -0.000937122 -0.00408229 -0.0122642 
-0.00310117 -0.00515965 -0.0175776 0.00352182 0.00363348 -0.0148795 -0.0627524 0.00283512 -0.0137155 0.0355692 0.0279132 -0.0384726 0.00163289 0.00217923 0.00248196 0.0176963 -0.00562049 -0.00215178 0.186493 0.023341 -0.000144526 0.00838063 0.0122893 -0.00560627 -0.00894686 0.0042347 0.00339497 -0.00915592 -0.00583209 0.00782128 0.00416934 0.00598535 0.0016412 0.000830577 0.000833963 0.000491293 -0.000235018 0.0143739 -0.0063994 0.0362849 0.0062132 -0.0114702 -0.0165833 0.0216523 -0.00182561 0.0207798 0.0127823 0.0139332 -0.000843339 0.00329258 -0.00810003 0.00731351 0.00105467 0.0103789 -0.0347133 -0.00640599 0.00844867 -0.00911507 0.00416175 -0.00170756 0.00330021 -0.00787927 -0.00961068 0.00246041 -0.0321018 -0.0469885 -0.00517527 0.00875969 -0.000812238 -0.00312051 -0.00682703 0.000492915 -0.0119636 -0.0024655 -0.0165786 -0.0738907 -0.00662704 -0.0201987 -0.014463 0.000711157 -0.00288934 -0.00521329 -0.0275591 0.000249265 -0.0271273 -0.0121224 -0.00376632 0.00452478 0.000272009 0.00989232 -0.00909386 -0.00113735 0.0314902 0.0115122 0.0295065 -0.0101095 0.0658456 0.0254067 -0.0459217 -0.018306 
0.000522729 -0.00390544 0.00672797 0.0033929 -0.00190901 -0.00888656 -0.0211162 -0.00823068 -0.00665211 0.00213631 0.00159875 -0.00864507 -0.00100282 0.00382087 -5.16715e-05 -0.00463821 0.000366623 -0.000205242 0.023341 0.0835236 0.0104023 0.00705505 0.00328532 -0.00345955 -0.0024989 0.000326709 -0.000750834 -0.00389885 -0.000833307 0.00135352 -0.00236106 0.00047715 -0.00186421 -0.000496184 0.000173894 0.000569933 -0.00108118 -0.0036559 -0.00330824 0.00838295 -0.000140172 -0.00238397 0.00272072 -0.00995761 -0.00162515 0.0163046 -0.000626108 0.00128186 -0.000909226 0.00203855 -0.00268143 -0.00205019 0.000865065 -0.0103474 -0.0145996 -0.00346445 -0.00104129 0.00332955 0.00291414 -0.000613222 -0.000786702 0.00411308 0.00726111 0.00279815 -0.0217769 -0.0148668 -0.000524809 0.00508087 0.00243045 0.00197695 0.00484909 0.00730934 -0.000101932 -0.000922818 -0.00123643 -0.0302713 -0.00113416 -0.0130853 -0.000475013 -0.00704486 -0.00182574 7.22207e-05 -0.0100436 -0.000272822 -0.00836956 -0.00272519 -0.001509 -0.00240772 0.00114598 -0.00075137 -0.00091726 -0.00126085 -0.00305675 0.0112714 0.0123732 -0.00097897 0.0214404 -0.00317178 -0.0146793 0.0150537 
0.006648 -0.00691248 3.0602e-05 0.000404654 -0.00177688 -0.0114937 -0.00706045 0.000688151 -0.00652673 0.00198828 -0.00873864 -0.00328632 -0.00296653 0.000760662 -0.000138605 -0.00165734 -0.00113574 0.00133868 -0.000144526 0.0104023 0.0999574 0.00424816 0.0155088 -0.00495169 0.000534481 0.000744836 2.71564e-05 -0.00164522 -0.00748056 -0.00401324 0.000463745 -0.00219673 -0.0016981 -0.000336376 -0.000879446 0.000795399 -0.0024291 -0.00936211 0.00489024 0.00350649 0.000439062 0.00479049 -0.0053779 -0.0172166 -0.003227 0.0156676 -0.00312681 -0.00142129 0.00421679 -0.000986975 -0.00482083 -0.000726599 0.00207665 -0.00682872 -0.0050327 -0.000447243 0.00266088 0.0014821 0.00378352 0.000894466 -0.0015229 -0.00832649 0.0164287 -0.00174486 -0.0143015 -0.00431906 0.00171878 -0.0135445 0.000191335 -0.00241414 0.00365759 -0.00686003 -0.00531922 -0.000632408 -0.00791471 -0.0118104 0.00881662 2.18214e-05 -0.00870125 -0.0060043 -0.00187438 0.000688684 0.0113889 0.00111079 -0.0107971 0.00646665 -0.00237333 -0.00809698 -0.000732182 0.000196948 -0.00219267 -0.0019963 0.00122755 0.00726233 0.00175465 -0.00360819 0.000324534 0.00332818 0.000231446 0.00736504 
0.00460603 -0.00291739 -0.00416573 4.47335e-05 0.00344631 -0.00150904 -0.0091348 -0.0091984 -0.00108942 0.0119489 0.00127617 -0.0163049 0.00602671 0.0013034 0.00088809 0.00607503 -0.000588087 0.00391738 0.00838063 0.00705505 0.00424816 0.0546928 0.00575193 -0.00412174 -0.00214405 0.000282611 -0.000325209 -0.0012551 -0.00769296 0.0130151 -0.00095776 0.00332127 0.0021704 0.000399395 6.22926e-05 0.000439756 0.00164788 0.0069655 0.000234926 0.00773892 0.00197614 -0.001182 -0.00089959 -0.000579508 -0.000438717 0.0031521 -0.00231722 -0.000655572 0.000870181 0.0029798 -0.00121957 -0.00183117 -0.000274053 -0.00562455 -0.00540648 -0.00151707 0.00120473 0.00120328 0.000402477 0.000733085 -0.000406448 0.00322244 -0.00546423 0.00357729 -0.0122019 -0.0083667 -0.0003243 -0.000437203 0.00156869 -0.00187274 0.00738949 0.00315564 -0.00951061 6.6185e-05 -0.0126085 -0.0107769 -0.00539513 -0.00967362 -0.00886552 -0.00287507 -0.00357438 -0.00180871 -0.00771331 -0.00110339 -0.00637526 0.00257033 -0.00158049 0.000377853 -5.4812e-05 0.00313188 0.00129526 -5.13749e-05 0.00527267 0.00123506 0.00881797 -0.00165913 0.00517816 -0.000900931 -0.00528668 -0.0130828 
0.00819837 -0.00741345 -0.036443 -0.00709535 -0.0127833 -0.0372349 -0.0256567 0.00506651 0.0133933 0.0143917 -0.0106563 -0.0178053 0.0017185 -0.00191161 0.00101005 0.0026787 -0.00317153 -0.00133172 0.0122893 0.00328532 0.0155088 0.00575193 0.215069 -0.00574397 -0.0157448 0.0079368 -0.00297857 0.00744382 -0.00575955 0.00572473 -0.00965558 0.00313187 0.00193987 -0.00122756 0.00107434 3.98466e-05 0.00143239 0.00779536 -0.00148795 0.00925508 -0.00133119 0.00610472 0.0181913 0.0333094 -0.00243605 0.0263932 -0.0041308 -0.0139419 0.00647679 -0.00348217 -0.00180053 -0.00535926 0.000666275 0.0105753 -0.012268 0.00471295 0.00753877 -0.0162919 0.00349586 -0.00281392 -0.00605799 -0.0128359 0.0180592 -0.00178861 -0.0261418 -0.0327172 -0.00162295 -0.00246851 0.00037366 -0.00299706 0.0199455 0.0112639 -0.0309812 0.000499261 0.00946872 -0.0166682 -0.000265784 0.0470522 0.000904926 0.00109793 0.0122246 -0.0141972 -0.0180116 0.00037632 -0.00977726 -0.00770456 -0.00692928 -0.0143367 -0.00237417 -0.00388274 -0.0210005 0.00223149 0.015878 -0.00599447 -0.0256174 -0.0171564 0.00745726 -0.00244847 -0.0496353 -0.00686481 
-0.00413477 -0.00323427 0.00938309 0.000176335 -0.00334946 -0.00888636 -0.00416184 0.0057794 0.00161172 -0.00198694 0.000758966 -0.00641391 -0.00233732 -0.00223798 -0.000777914 -0.0015306 -0.00213084 -0.002077 -0.00560627 -0.00345955 -0.00495169 -0.00412174 -0.00574397 0.0864052 -0.00249289 -0.00284846 0.000863199 0.00217221 0.0217988 -0.00613301 -2.51133e-05 -0.000511045 -0.00304572 -8.02412e-06 -0.000997951 -0.000179157 -0.00295626 0.00607961 -0.00308351 -0.00392573 -0.00234729 -0.00626859 0.00990429 -0.010833 0.000176777 -0.00753614 0.00228565 -0.0165813 -0.00149132 -0.00081061 -0.000355869 -0.00130741 -0.00101124 0.0220304 -0.000602394 0.00220778 0.000111434 -0.0054971 -0.00131071 -0.000276684 0.000932958 0.00825179 -0.00479274 -0.00174073 0.00198832 0.0101502 0.000275674 0.00932542 -0.00246811 -0.000392031 -0.00937457 -0.00110856 0.011736 -0.000941981 0.00298347 -0.00866243 -0.00378473 0.00509159 0.00710873 -0.00418105 0.00546024 -0.00283183 -0.00253499 -0.000137518 -0.00429695 -0.0013058 6.61375e-05 -0.00220761 -0.000763031 -0.00210171 -0.00380135 -0.00270788 -0.0109806 -0.0033347 0.00235172 0.00200274 -0.00477791 -0.00289298 -0.00787808 0.000109036 
-0.00693852 0.0120308 0.00646204 -0.00408568 0.00616308 0.0218178 0.00210706 -0.0042826 -0.0106703 -0.00961348 -0.0105464 0.0158428 -0.00472283 0.00223943 -0.000936755 -0.00493025 -0.000783192 -0.000995233 -0.00894686 -0.0024989 0.000534481 -0.00214405 -0.0157448 -0.00249289 0.103107 -0.00267288 -0.00101246 -0.00144631 0.00165372 -0.00978302 0.0027408 -0.00330128 -0.00366776 -0.00071168 -0.00144473 0.000499728 -0.00192977 0.00866521 -0.00309173 -0.01805 -0.000371793 0.00629911 -0.00010154 -0.00677935 0.00198216 0.00127893 -0.00814682 0.009705 -0.00140067 -0.00246112 -0.000224019 -0.00576166 -0.00025233 -0.00384398 -0.000268969 -0.00265249 -0.0025247 0.00613284 -0.00147355 -0.000757344 -0.00079495 -0.000731863 -0.00399179 -0.000154271 0.00574602 -0.000654802 -0.00125596 -0.0100743 -0.00292582 -0.0022897 -0.0102819 -0.00421869 0.00223481 0.00403464 -0.0128386 0.00908102 0.00267054 -0.0119379 -0.0132371 -0.00731843 -0.00345246 0.00971505 -0.00166848 -0.00179852 0.00763812 0.00724672 0.00040656 -0.00183935 -0.000879599 -0.00129951 0.0211635 -0.00181633 -0.0106803 -0.00392388 -0.00254357 0.00240789 -0.0116888 -0.00670113 0.0202747 0.00358142 
0.00463455 -0.00182538 -0.0100157 -0.000599729 -0.00184471 -0.00833061 -0.00412555 -0.00421695 0.000235819 0.000582239 -0.00619306 -0.00509488 0.00145648 -0.00146182 0.000319317 0.00588761 -0.000994018 -0.00117049 0.0042347 0.000326709 0.000744836 0.000282611 0.0079368 -0.00284846 -0.00267288 0.0546247 -0.000984838 0.000672377 -0.00431186 -0.00102111 -0.00180453 -0.00163435 0.00679883 0.000860582 0.00228235 0.000102091 -0.00108155 -0.00629347 -0.0015632 -0.0017426 -0.00116732 -0.00194101 -0.00472529 -0.00206461 0.0007107 -0.00444543 -0.000384284 -0.00652617 -6.49179e-05 0.000148422 0.00201797 -0.000381676 1.90705e-05 -0.000359848 0.0062629 0.000336533 0.000505931 -0.00260117 0.00143144 -0.00051355 7.69329e-05 0.000163011 -0.000440159 -0.000912336 0.00023598 2.80651e-05 0.000350108 -0.00862339 -0.00112008 -0.000132914 -0.00057389 0.00428885 -0.00735418 -0.000425738 0.00533867 -0.00445097 -0.000263525 0.00393531 -0.00440481 -0.000869394 0.00221471 -0.00309145 -0.0109625 -0.00040397 -0.000408927 -0.00199914 0.000286564 -0.000385534 0.000550441 0.00137618 -0.00257976 0.00135584 0.00632077 0.00442493 0.00687847 -0.00132062 0.0117655 0.00370361 -0.00995612 0.00097695 
-0.000175249 -0.000115767 0.00174652 0.000176132 -0.00173364 -0.00219238 -0.00689147 0.0048075 0.00227321 -0.000868125 0.000939463 -0.00135016 0.00188374 0.00128484 3.57292e-05 0.00336138 -0.000631085 0.00259791 0.00339497 -0.000750834 2.71564e-05 -0.000325209 -0.00297857 0.000863199 -0.00101246 -0.000984838 0.0317251 -0.000726649 -0.000130748 0.00192237 0.00411821 -3.34375e-05 0.00133338 -0.000104314 -0.000407889 -0.000211047 9.68532e-05 -0.00183508 0.000719619 0.0012841 7.6041e-05 -0.00490858 -0.00187953 0.00208124 -0.000509493 -0.00236872 -0.000744788 0.00401222 7.70329e-05 0.00425998 -0.00143179 0.00645354 -0.00014117 0.00436355 -0.00266859 0.000166185 0.00036777 -0.000650943 -0.000339659 0.00171798 0.00105855 -0.00376172 -0.00378456 0.000744828 -0.00300339 -0.00464338 0.00191642 -0.00432829 0.0012443 -0.000124809 0.00202426 -0.0037732 -0.00152139 -7.46514e-06 -0.00247475 -0.00155707 -9.41281e-05 -0.00630406 -0.00194259 0.00171913 -0.000660001 -0.000622779 0.00472434 0.000333572 -0.00209065 -0.00136941 -0.000421213 -0.00115189 1.87735e-05 -7.20444e-05 -0.0012731 -0.000625503 -0.00661479 0.00024244 -0.00250919 0.00148112 0.000313109 0.00211637 -0.00514152 -0.00712898 
0.010798 -0.00479506 -0.0208353 -0.00119947 -0.00494796 -0.00876821 -0.00362244 -0.0197718 0.0069003 0.00290879 -0.00980932 -0.0107293 0.00944558 0.000215111 0.000212985 0.00275479 0.00166202 0.0068444 -0.00915592 -0.00389885 -0.00164522 -0.0012551 0.00744382 0.00217221 -0.00144631 0.000672377 -0.000726649 0.0765295 -0.00139961 0.00143317 -0.00213029 -0.000101464 0.00137468 0.000255576 -0.000804293 6.17334e-05 -9.71639e-05 -0.00596095 -3.79812e-05 0.0127039 0.00185253 -0.00190703 0.00442707 -0.00540112 -0.00182984 0.00357918 0.00180726 -0.014706 0.00116984 0.00134403 -0.00293388 -0.00304296 -0.000524212 -0.0010965 0.00404256 -0.00109614 -0.000657064 -0.00344249 -0.00020304 -0.000516364 4.85003e-06 0.00222576 0.000310159 -0.00133944 -0.000957545 0.0011331 -0.00146126 -0.00173381 0.00413725 -0.000640828 0.0212206 0.00182405 -0.00287138 0.000986431 -0.0100975 0.000980283 -0.000912692 0.012319 0.0047741 -0.00185886 0.00120423 -0.000557485 0.00145047 0.00251841 -0.00350649 -0.000226668 0.00015251 -0.00480687 -0.000473753 0.000598271 -0.0038112 0.00276046 -0.016018 -0.00294048 -0.00227047 0.00270937 -0.0115332 -0.000548776 -0.00892478 0.00406611 
-0.0137452 -0.00151659 0.0143807 0.00288439 -0.0127744 -0.0260869 -0.0309956 0.0162496 -0.00345249 -0.00565335 -0.0189578 -0.0155727 -0.00407597 0.00105706 0.000627698 -0.0046455 -0.00192955 0.000626486 -0.00583209 -0.000833307 -0.00748056 -0.00769296 -0.00575955 0.0217988 0.00165372 -0.00431186 -0.000130748 -0.00139961 0.158592 -0.0131094 0.00147262 -0.000689584 -0.000698218 0.000760315 0.000467795 3.2271e-05 -0.0051674 0.0135002 -0.00604639 0.0171108 -0.00357701 -0.024366 0.04711 -0.0135758 0.00429871 -0.0246218 0.00610721 -0.0289675 0.000291441 -0.000476612 -0.00705774 -0.00309119 0.000686258 0.0564004 -0.0236521 0.0164695 -0.000516251 -0.00985243 -0.00321718 -0.000379145 -0.0043896 0.0145038 -0.00533702 -0.00362697 -0.0250013 -0.0131813 0.000274091 0.0320371 -0.00326686 -0.000716494 -0.006596 -0.0125702 0.0203415 -0.00109601 -0.0047746 -0.0229803 0.0142811 0.0481554 0.02374 0.00565652 0.0045226 -0.00390774 -0.0300529 0.00098429 -0.00241405 0.00162789 -0.0043376 -0.00797188 -0.000315613 -0.00130028 -0.0108405 0.000160966 -0.000474289 -0.00718964 0.0376975 -0.00319315 -0.0114275 0.0115394 -0.0347621 -0.0344669 
0.0069277 -0.00847898 -0.00716563 0.00732495 -0.00681717 -0.0193707 -0.0180695 -0.0322483 -0.00679626 0.035352 0.0256311 -0.0469295 -0.000232309 0.00369756 -9.96335e-05 0.00285719 0.00131147 0.00320207 0.00782128 0.00135352 -0.00401324 0.0130151 0.00572473 -0.00613301 -0.00978302 -0.00102111 0.00192237 0.00143317 -0.0131094 0.094282 -0.00156013 0.0200474 -0.00303433 -0.000134513 -0.00105111 0.000811131 0.00634403 0.01898 -0.000437988 0.0314409 -0.000509473 0.00850666 0.0061196 0.0190636 -0.00295692 0.0324913 0.0216527 0.00212038 -6.74594e-05 0.00546706 0.000150484 -0.00161694 0.00195868 -0.00980901 -0.00168392 -0.00128128 0.00524912 -0.00901442 0.00342409 0.000875028 -0.00203797 -0.00958819 -0.0129133 0.00652477 -0.0188264 -0.0179775 0.000683302 0.0209144 0.0121116 0.00550834 0.0339995 -0.00887065 -0.0191729 -3.10878e-06 -0.011251 -0.0330543 -0.0124031 -0.0151107 -0.010201 -0.00172904 0.00100654 -0.00222576 -0.0173589 0.000190922 -0.00830159 0.00201105 -0.00202289 0.015499 -0.000556685 0.000376765 -0.00731799 0.00510323 0.00517442 0.0015454 -0.0230914 -0.00517373 0.00268334 0.000793073 -0.022093 -0.0359778 
-0.0037395 0.00523949 0.00836175 -0.000700074 0.00163502 0.00720115 -0.00240107 0.00369399 -0.00240799 0.00340339 0.0041193 -0.00144149 -0.000635545 0.00085493 0.000326568 0.00510377 -0.00111204 0.00194473 0.00416934 -0.00236106 0.000463745 -0.00095776 -0.00965558 -2.51133e-05 0.0027408 -0.00180453 0.00411821 -0.00213029 0.00147262 -0.00156013 0.0530776 0.00103222 -0.00150541 0.000574491 0.00131545 -0.000162097 -0.00112152 0.00110727 0.00253373 0.00758666 0.000471066 -0.00927995 -0.00523672 -0.00207882 0.00026295 -0.00764875 -0.00273858 0.0120443 -0.000199062 0.0035264 -0.00232918 0.00111863 0.00106015 0.00104606 -0.00232475 -0.00156423 0.00157741 -0.000242502 0.00316064 0.00241667 0.00332234 -0.00228972 -0.00655127 0.00361698 -0.005902 -0.00527192 0.000623391 0.00102159 -0.00164553 -0.000723901 -0.00345407 -0.00051147 -0.00594702 -0.000216871 -0.00119521 -0.0131509 -0.00176823 -0.0170874 -0.00939189 -0.00305422 -0.00125555 -0.0021165 0.00129759 -0.00105416 0.00449866 0.00186011 -0.00160658 0.0106764 -0.000581966 -0.0011754 -0.000475981 0.00234127 -0.00498233 -0.00221717 0.000671618 -0.00225846 -0.00133213 -0.00340891 0.00481121 -0.0155112 
-0.00175845 -0.00255185 -0.00579836 0.00314379 -0.00174597 -0.00654203 -0.0117614 -0.0145216 -0.00460234 0.0140378 0.014796 -0.0186888 -0.00156335 0.00093161 -9.73312e-05 0.00380154 0.000336135 0.00100096 0.00598535 0.00047715 -0.00219673 0.00332127 0.00313187 -0.000511045 -0.00330128 -0.00163435 -3.34375e-05 -0.000101464 -0.000689584 0.0200474 0.00103222 0.0458859 -0.00198614 -0.000190138 -0.000354616 0.000403041 0.000741643 0.0139293 -0.00187429 0.00832021 -0.000150951 0.002975 0.00217808 0.00546511 -0.00094498 0.0103685 0.0146532 0.000193747 -0.00110931 0.000853937 -0.00100041 0.000458683 0.000642692 -0.00324604 -0.00332004 -0.000739995 0.00221245 -0.00345806 0.00121249 0.000224834 -2.43714e-05 0.000161454 -0.00455126 0.00311154 -0.0099213 -0.00833579 -0.000751395 0.0119185 0.00123869 0.00485226 0.00561478 -0.00426641 -0.00900271 -0.000186863 -0.00153964 -0.0164732 -0.00356659 -0.0073236 -0.00821767 -0.00247982 0.00201948 -0.00123097 -0.00695145 -0.000621886 -0.00354678 -0.00261341 -0.00111407 0.00628964 0.000417703 -0.000711649 -0.00339836 0.00308779 0.00460055 -0.00051327 -0.010245 -0.00277861 0.00379705 -0.00132002 -0.00887716 -0.0128339 
0.00864453 0.000154774 -0.0114352 -0.0012398 -0.00145533 -0.003972 -0.00862654 -0.00663396 0.00612669 -0.00141074 -0.0111126 -0.00567858 0.0018707 0.000254681 0.00205725 0.00927694 -4.36884e-05 0.00340319 0.0016412 -0.00186421 -0.0016981 0.0021704 0.00193987 -0.00304572 -0.00366776 0.00679883 0.00133338 0.00137468 -0.000698218 -0.00303433 -0.00150541 -0.00198614 0.044903 0.00176812 0.0017377 6.58802e-05 0.00011697 -0.00624477 0.00660536 -0.00200487 0.000766961 -0.00659514 -0.000575527 -0.00475777 0.000552556 -0.00884277 -0.00253796 0.000600167 0.00201416 0.00468042 -0.00169471 -0.000628797 -0.000123801 0.00504063 -0.0031658 0.000649495 -0.000373268 -0.00143239 0.00110238 0.000493364 -0.000472218 0.000202954 -0.00332697 0.00334229 -0.00253898 -0.00396602 0.000588952 -0.00794844 -0.000488169 -0.000639287 0.000719917 0.0116746 -0.00146302 -0.000165318 -0.00270678 -0.00273354 0.00560585 0.00150696 0.00105612 0.00414961 -0.00200647 -0.000238704 -0.00754365 0.000437469 -0.00288644 -0.000389827 -0.000480765 -0.00207372 0.000435312 0.00250858 -0.00183787 0.000930727 0.000140786 0.00104445 0.011301 2.16694e-05 0.000153505 0.00665474 -0.0104622 -0.00816548 
0.000321781 -0.000790696 0.000761372 -0.0002941 0.00188984 -0.000583714 -0.00209805 4.80394e-05 -7.41132e-05 0.000318773 -0.000892763 -0.00279787 0.00103297 -5.07241e-05 0.00014686 0.000254988 -0.000129083 -9.53946e-05 0.000830577 -0.000496184 -0.000336376 0.000399395 -0.00122756 -8.02412e-06 -0.00071168 0.000860582 -0.000104314 0.000255576 0.000760315 -0.000134513 0.000574491 -0.000190138 0.00176812 0.0101168 0.000313347 -6.14279e-05 -0.000217308 -0.000359335 0.000377579 -0.000433596 1.38791e-05 -0.00179224 -0.000862181 -0.00187976 0.00103845 -0.00159955 -0.000631512 9.99511e-05 -9.56213e-05 -6.24168e-05 -0.000316576 4.09614e-06 -0.000165189 0.00203285 -0.00116477 0.000928702 -8.80992e-05 -0.000162147 0.000563568 5.18014e-05 0.000324473 0.000434988 -0.00142551 -0.000171953 -0.00160673 -0.000719834 -3.69711e-05 -0.000530463 -0.000227497 -0.000165121 -0.00149608 -0.000432013 -0.00012289 -0.000132761 -0.00214426 -0.00305384 0.00113786 -0.00114096 -0.00067922 0.000216492 -0.000389093 -0.000322931 -0.0015599 0.000367367 0.000922495 -5.0591e-06 0.000111849 -0.000200094 0.000152805 0.00168623 0.000105828 -0.000159627 0.00216714 0.000664864 0.00342873 -0.000427828 0.00243598 0.00133624 -0.000658768 -0.00254166 
