0.0130741 0.00225987 0.00136947 8.41527e-05 0.000694147 -0.00010511 -0.00290154 8.05526e-05 -0.00326015 -0.000323899 -0.00173095 -0.00131252 0.000484931 0.00124337 0.000333479 0.00053461 0.000156813 -0.00142526 0.000177493 -0.0024689 -0.00165483 0.000559403 0.000294844 0.000416399 -0.000306939 6.32525e-05 0.000119651 0.000764219 0.0046713 -0.000134742 -0.00202566 1.42786e-06 -0.000659903 -0.00095114 -0.0028175 -0.00186928 0.000182271 -0.00311516 -0.00316613 -0.00137228 -0.000385186 -0.00133218 0.000250353 -5.02519e-05 0.00085071 0.000834216 9.12725e-05 0.00029514 0.00227066 -0.00132668 -3.57421e-05 0.000184372 -0.000385627 0.000112994 -0.000739905 0.000503674 0.000176516 0.000124665 0.000424665 0.0001427 -0.00123271 0.00105559 -0.000404077 -0.000479115 0.00103109 -0.000195708 -4.40317e-07 -0.000156272 0.00025921 -0.00174352 0.000675596 0.000471754 7.55426e-05 0.00138953 0.00113469 -0.00503634 0.00146702 5.02532e-05 -0.00291511 4.51881e-05 0.00018755 0.000276572 0.000150202 -0.000198494 -0.000428267 0.000359259 0.000138483 0.000409903 0.00165742 -4.80815e-05 0.000913713 -0.000150732 0.0025364 0.00087653 0.000229635 -0.001494 0.000353279 0.000409731 1.20448e-05 0.000346404 
0.00225987 0.0381767 0.00334644 -0.000586451 0.00451321 0.00115108 -0.0166351 -0.000282241 -0.00873099 -0.00131549 -0.00545585 0.00374129 0.00567459 0.00212249 0.000112343 0.00385446 0.0017303 -0.00290035 0.00177439 -0.0102391 -0.012181 0.000470744 -0.00266359 0.000877966 -0.000403796 -0.000730006 0.00358469 0.00419201 0.00816765 0.00197805 -0.0197405 -0.000205225 8.56799e-05 -0.00313579 -0.00338098 -0.011202 0.000221895 0.0038445 -0.0137686 0.000453914 0.000216729 -1.2192e-05 -0.00051169 4.19375e-05 0.00062699 0.000735298 0.0006802 -6.87851e-05 0.00609965 -0.013088 0.000376975 0.00255568 -0.00184148 0.00061333 0.0050381 0.00278668 0.00499891 0.0019959 0.00360715 0.00222039 -0.000979805 0.00570468 -0.00184191 -0.00271207 0.00394973 0.00117627 -3.8261e-06 -0.000486123 0.00178043 -0.00384059 -0.000288388 -0.00198677 0.00326013 0.00304421 0.000198745 -0.0163093 0.00957393 0.000247196 -0.00761252 0.000564038 0.00265816 0.000978246 0.00144004 6.8029e-05 -0.00351456 0.000197079 -0.000999499 -4.22398e-05 0.00264246 0.000825054 0.00276111 0.000891545 0.00121532 3.49049e-05 0.000256004 -0.00508662 0.000224921 0.00224386 0.00193018 0.0019891 
0.00136947 0.00334644 0.153185 0.0153175 -0.00477018 -0.000768592 -0.00145008 -0.00330474 0.000636253 -0.00561655 -0.00196178 -0.019616 -0.00084858 0.00698711 -0.00193 -0.00818328 -0.00123277 0.012936 0.00660961 0.0145241 -0.0398308 6.16639e-05 -0.0104131 -0.00338525 0.00332394 -0.00450758 -0.00323782 -0.00533639 -0.00966411 0.000926415 0.016724 -0.00818282 0.00851878 -0.0049863 0.0379967 -0.0017402 0.000313285 0.0171407 0.00317038 0.0349826 0.00461433 -0.0123891 0.0027551 -0.000101197 0.00913418 0.00408747 0.00166338 -0.00126081 0.0159277 -0.0123512 -0.00453917 0.00554244 -0.00504815 -0.00722358 -0.00781427 -0.00242613 -0.00407917 -0.00752076 0.000264845 0.000390497 -0.0131797 0.0057238 0.00534101 0.00200178 -0.00219199 -0.00778059 9.65475e-06 -0.00309125 -0.00314568 -0.0145966 -0.00741133 -0.00767236 -0.00849989 -0.00238655 -0.018404 0.00580168 -0.00326141 -0.000616933 -0.0261844 -0.000958721 -0.00536242 -0.00117863 -0.000778168 -0.00227358 -0.0372577 0.000484981 -0.00439717 -0.00216139 -0.00895032 -0.00305838 0.00862443 -0.00741605 0.00318151 -0.00691665 -0.00040579 -0.00632432 -0.00078027 -0.00137203 8.80049e-05 2.83996e-05 
8.41527e-05 -0.000586451 0.0153175 0.118269 -0.00248884 0.00102443 -0.00329089 -5.0054e-05 0.0127102 0.00323724 -0.00854755 -0.00709842 -0.0024669 -0.00124318 -0.000790963 0.00490905 -0.00250962 -0.0201181 0.00690107 -0.00909907 -0.0131861 0.00341148 0.000660797 0.00100959 0.00257507 0.00091702 -0.00800908 -0.000457547 -0.00482159 0.000397561 -0.00274612 -0.00440294 0.0113495 -0.00707234 0.00583135 -0.00847071 0.00102531 0.0154531 -0.0126222 -0.0072515 0.0021366 -0.00559622 0.00711576 -0.000574473 0.00841584 0.00611028 0.00231407 -0.00263936 0.00347135 -0.00406932 -0.00390895 0.004391 -0.00126068 -0.00346361 -0.00531467 -0.00254548 0.00272386 -0.00241383 -0.000558553 0.0013139 0.0095506 0.00554601 0.00497773 -0.00505109 -0.00377927 -0.00384076 5.64915e-05 0.00306106 -0.00186199 -0.0145178 -0.00339932 0.000662784 0.000284921 0.00292716 -0.000376003 -0.00188043 -0.000384695 0.000192702 -0.0108539 0.00125564 -0.00497882 -0.000414013 -6.71011e-05 0.00172123 -0.0248395 -0.0057737 -0.000635751 0.00158774 -0.00497175 -0.00240447 -0.00560292 -0.00321751 -0.000997015 -0.00434601 -0.000756689 -0.00588406 -0.000368467 -0.00216701 -0.00225133 0.000396729 
0.000694147 0.00451321 -0.00477018 -0.00248884 0.0551001 0.000354165 0.00272217 -0.000310369 0.00940682 0.00290703 -0.000564534 0.0107575 0.000946738 -0.000518451 -0.000658458 0.0011631 -0.000476526 -0.00913463 -0.00100158 -0.00462016 0.00467612 -0.000686255 -0.00371872 0.000975602 -0.00168268 -0.00100664 -0.000580724 0.000246646 -0.00402523 -0.000539403 -0.00735825 0.00230071 0.00207536 -0.0062814 -0.00926942 -0.00861132 -0.000101406 0.00244906 -0.00570051 -0.00585957 -0.00261724 -0.00255404 -0.00115842 -0.000297909 0.00118085 -0.00120667 0.000295314 -0.000989151 -0.0127861 0.00143549 0.00232762 -0.000969819 0.000133882 0.000303387 -0.00385414 0.000995153 0.00281973 0.00188071 0.000419026 -0.000382234 -0.00667345 -0.00195544 -0.00565052 -0.00470308 -0.0012173 -0.000716574 -5.03348e-05 -0.0020124 0.00357898 0.00650875 -0.000154096 0.000616354 0.0033702 1.60685e-05 0.00109192 -0.00327289 0.000537737 -9.10767e-05 0.00116327 0.00040379 0.00014205 0.00145007 0.000240092 -0.000427019 0.008148 -0.00555784 -0.000598076 -0.000317258 0.00122742 0.00138338 0.00110937 -0.000886507 -0.00189259 -0.000891559 -0.000492855 -0.000731439 -0.000161018 0.000601326 0.00106027 -0.000494336 
-0.00010511 0.00115108 -0.000768592 0.00102443 0.000354165 0.0241209 -0.00321677 0.00111451 0.000521698 0.00206657 -0.000774026 0.00274983 -0.00013189 -6.6827e-05 0.000562933 -5.57788e-07 0.000100778 -0.00211121 0.000527913 -0.00262493 -0.00504351 0.00143795 0.00312607 -9.76692e-05 0.00164327 0.00123692 0.00253775 -0.00173926 -3.08389e-05 0.00076967 -0.00731214 -0.000380448 -0.000810801 0.00254711 -0.00211178 -0.00236831 -2.52855e-05 -0.00212959 -0.00452405 0.000106658 0.000579805 0.000272947 0.000191192 -0.000257847 -0.000335407 7.73585e-05 0.000560203 -0.000298389 -0.00438146 -0.00687462 0.0032362 0.000108539 -0.00149784 0.00215307 0.00302781 -0.000170072 0.000371458 -0.00117709 -0.000234705 0.000320722 0.00144924 0.00238193 0.00026387 -0.000136396 -0.000144695 -0.000233538 0.00010011 -6.84689e-05 -0.000234743 -0.00278067 -0.00129254 0.000285471 0.000624004 0.00022405 -0.00250459 -0.00736296 -0.00100783 0.00017787 -0.00365629 0.00040225 -0.000446489 0.000351773 0.000510589 0.000162382 0.00264087 -0.00175569 -0.000411663 -4.11545e-05 0.000177748 0.000698118 -0.000240139 0.00122647 -0.000595566 4.78815e-05 -1.5691e-05 0.00354954 0.000368483 -1.50907e-05 5.47456e-05 0.000248357 
-0.00290154 -0.0166351 -0.00145008 -0.00329089 0.00272217 -0.00321677 0.197675 -0.00547209 -0.00729202 -0.00195639 0.0050444 -0.00195617 -0.0136455 -0.00444369 -0.0055031 -0.025946 -0.000331668 0.0183787 -0.0109609 0.0303812 0.0131081 -0.00648299 0.0107384 -0.0116479 -0.0154595 -0.00279588 -0.0201797 -0.0265089 -0.00279959 -0.00669631 0.0713098 -0.00975124 -0.00420262 0.00788815 0.00876504 0.029201 -0.00116671 -0.00176779 0.0781348 -0.0157194 -0.0143351 -0.0171891 -0.00971173 -5.17172e-05 -0.00877094 -0.00138083 -0.00372091 -0.00625457 0.044577 0.065024 -0.00478021 -0.00477801 -0.00733745 -0.00412278 -0.0321782 -0.00716238 -0.0163042 0.00411265 -0.0102985 -0.0140163 -0.0288974 0.00433224 -0.0065495 0.00556885 -0.00994787 -0.0267234 -0.000877841 0.00268714 -0.00507718 -0.000319986 -0.00184828 -0.010149 -0.0131698 -0.0234415 0.0017879 0.0273002 -0.0384835 -0.00116064 0.0309581 -0.00395156 -0.000291838 -0.00502386 -0.00552243 0.00102876 0.00335059 0.0119453 -0.00052949 -0.0101648 -0.00798911 -0.00781109 -0.00587985 -0.0132243 -0.00886654 -0.0161773 -0.00208891 -0.00368143 -0.00370116 -0.0126003 -0.0049065 -0.00439018 
8.05526e-05 -0.000282241 -0.00330474 -5.0054e-05 -0.000310369 0.00111451 -0.00547209 0.0260024 0.00468769 0.000526745 -0.00180391 -0.000933744 -0.000118026 -0.0005403 0.00199058 0.000690286 -8.16528e-05 -0.00347888 0.000438682 -0.00213227 4.2887e-05 0.00131097 -0.000785887 0.00126056 0.00282983 0.000584691 0.0010071 -0.00150897 -0.00241244 -5.46485e-06 -0.00559805 0.00318989 -0.00312935 0.00183737 -0.00598328 0.000889423 -1.63316e-05 -0.00693402 -0.00293802 -0.00193429 0.00177849 -0.000997365 0.000101885 0.000159279 4.96105e-05 -0.00101527 -0.000240366 0.000932604 -0.0062954 -0.00535393 -0.000795903 -0.000342671 -0.00052322 0.00220883 0.000585552 -0.000151805 0.000341395 -0.000854125 0.000900572 0.00093974 0.00281908 0.0013673 -0.00113919 -0.000823747 0.00161028 -0.00105434 -8.27417e-06 -0.00153635 0.000332004 -0.00150375 -0.000528686 0.00382725 8.46159e-05 0.00156273 0.000748191 -0.00220424 0.00200853 6.25093e-05 -0.00238248 -0.000171062 -0.000684649 0.00138045 0.000788457 0.00118818 0.00422969 -0.0020816 0.00124473 0.000321576 -0.000678158 -0.000405914 -0.00126937 0.00158085 2.29841e-05 0.000718428 0.000988277 -0.000651754 4.80241e-05 0.000280914 -0.000293162 4.39731e-05 
-0.00326015 -0.00873099 0.000636253 0.0127102 0.00940682 0.000521698 -0.00729202 0.00468769 0.248669 0.0157518 -0.0285362 0.0107819 -0.00264294 -0.00148873 0.00237916 0.0152777 -0.0129694 -0.0482967 0.000188399 0.02464 0.0598383 -0.000977145 -0.00467207 0.00524501 0.00969817 -0.00480477 -0.0342991 -0.00322874 -0.0290662 -0.000457738 -0.000185328 -0.00472649 -0.0241915 0.0034514 -0.0479507 0.0103272 -8.86716e-05 -0.0207966 0.00107641 -0.0115546 -0.00536928 0.00310557 0.00215598 -0.000497921 0.000258786 -0.00822742 -0.00292496 -0.003453 -0.100289 0.0115859 0.0332155 -0.00263939 0.0189716 0.0117344 -0.0192508 0.00155851 -0.00520107 0.00479805 -0.000899399 -0.00240696 -0.00711388 -0.0125522 -0.0256009 -0.0113668 -0.00466252 -0.0119878 -0.000245733 -0.00513518 -0.00168222 0.0641115 -0.00296136 0.00552235 0.00608649 0.00502757 -0.00419858 0.0387864 0.00757129 -0.00054164 -0.0345401 -0.00101561 -0.00888863 -0.00553251 0.000577168 -0.00128299 0.0229475 -0.0206325 0.00673946 0.00181914 -0.0187256 -0.00465268 -0.0194541 0.00194557 -0.00315677 -0.0180131 -0.00208928 0.00121079 -0.00144545 -0.00193555 -0.00310935 -0.00111758 
-0.000323899 -0.00131549 -0.00561655 0.00323724 0.00290703 0.00206657 -0.00195639 0.000526745 0.0157518 0.050576 0.00970701 0.00347472 8.58955e-05 -0.000304939 0.0016814 0.00260849 0.000170748 -0.00517585 1.88604e-05 -9.26177e-05 0.00291984 0.000230639 -0.00262443 0.000729289 0.00120564 0.001309 -0.00437259 -0.00141905 -0.00390017 0.000200827 -0.0135252 -0.00412686 -0.00765603 0.00469131 -0.0125169 0.00692478 -8.82008e-05 -0.0111871 -0.00365911 -0.00436592 0.000374755 -0.00362687 -4.9169e-05 0.000397361 0.00410068 -0.000588576 -0.000517864 2.69369e-05 -0.0188986 -0.00166726 0.00106373 0.000267913 0.0019058 0.00479362 -0.000722981 0.000337808 0.000505663 -0.00208012 -0.000417412 0.000142392 -0.00278498 -0.0021674 -0.00296228 -0.000245484 0.000503815 2.80979e-05 -1.59234e-05 -0.000646315 -0.000836819 0.0131831 -0.0012091 -0.00122013 -0.000453306 -0.000618528 -0.00293819 0.000609811 0.00207755 0.000471839 -0.00319244 -1.74074e-05 -0.000902843 -0.000472327 -0.000408903 -0.000531249 0.007746 -0.00132331 0.000207556 5.9241e-05 -0.0013455 -0.000740746 -0.00283977 -0.000528183 -0.00265981 -0.000949823 -0.000490179 -0.00336051 -0.000267802 -0.000600853 -0.000122758 -0.000178479 
-0.00173095 -0.00545585 -0.00196178 -0.00854755 -0.000564534 -0.000774026 0.0050444 -0.00180391 -0.0285362 0.00970701 0.152058 -0.00312222 -0.00163095 -0.00367362 -0.000185851 -0.00862727 -0.00503061 0.0338928 -0.00165126 -0.0031313 -0.0134847 2.22111e-05 -0.0213282 -0.00156977 -0.00520587 -0.000987798 0.00386114 -0.0114273 -0.00896337 -0.00202904 0.0037397 -0.0144619 0.0204862 0.00271449 0.0140511 0.0404045 -0.000786366 -0.0195753 0.00908501 0.00277156 -0.00136699 -0.0131209 -0.00162561 -0.00204549 0.0010913 -0.00218766 -0.00154194 0.00146526 -0.00745091 0.00531303 0.00470528 -0.000798192 1.69471e-05 -0.00406754 -0.00241067 -0.000388036 -0.00694222 -0.0107376 -0.00102083 -0.00306291 -0.0168035 -0.0176397 -0.00223817 0.0174728 -0.00570072 -0.00737185 -0.000215911 -0.00843028 -0.00214288 -0.0025735 -0.00888508 -0.00444678 -0.00677947 -0.00827941 -0.0239347 0.0354184 -0.0115997 0.000321875 0.0312371 -0.000981379 -0.001936 0.00252804 5.49317e-05 -0.00129917 0.00922282 0.00421503 -0.0032568 0.00451275 -0.00215682 -0.000661717 -0.00702189 -0.00389449 -0.00665297 0.00140223 -0.000772179 -0.0191805 -0.000998172 -0.00139789 -0.00243264 -0.00211677 
-0.00131252 0.00374129 -0.019616 -0.00709842 0.0107575 0.00274983 -0.00195617 -0.000933744 0.0107819 0.00347472 -0.00312222 0.153457 -0.00143201 0.000631032 -0.00211245 0.00308357 -0.00579935 -0.0290345 -0.00183049 -0.00986561 -0.0239496 -0.00093032 -0.00667853 0.000131129 0.00581682 -0.00135905 0.00890433 -0.00325903 -0.00507487 0.0020997 -0.020908 -0.00258971 0.00871952 -0.00435979 0.00712239 -0.0390363 -0.000571298 0.0182918 -0.00690628 0.00189376 -0.00771931 0.0294324 -0.00466335 -0.00227755 -0.00491117 -0.00980207 -5.64684e-05 -0.00486842 -0.0116684 -0.0368691 0.0153396 0.000183626 -0.00836585 0.0035851 0.0221339 -0.000486551 0.00867209 0.00364733 -0.00158159 -0.00273789 0.0206639 -0.012954 -0.00818178 -0.0171551 -0.00296487 -0.00354094 -0.000187587 0.000846273 0.0108387 -0.00623906 -0.000868546 0.00247853 0.00277755 -0.00528348 -0.0202077 -0.0234871 -0.00400514 -2.64696e-05 -0.0177209 0.00027207 -0.000437887 -0.00148383 -0.000244988 0.00335562 0.033454 -0.0178615 -0.00284448 -0.00288965 0.00628601 0.00920964 -0.00118544 -0.000835983 0.00414823 0.00530702 -0.000959144 0.0191939 0.00112913 0.00328113 0.00117833 -0.00176126 
0.000484931 0.00567459 -0.00084858 -0.0024669 0.000946738 -0.00013189 -0.0136455 -0.000118026 -0.00264294 8.58955e-05 -0.00163095 -0.00143201 0.0256037 0.000860259 0.00062855 0.00733813 -6.58383e-05 -0.00425682 2.22811e-05 -0.0110709 -0.00953269 -1.16329e-05 -0.00143856 0.000704061 0.000711666 -0.000726257 0.00233074 0.00985218 0.000857354 0.00087897 -0.0144863 -0.000315777 -0.0021612 -0.00136322 -0.00274168 -0.00701747 0.000167278 0.0020201 -0.0140774 -0.00232928 0.00264022 0.00165901 0.000480617 0.00014433 8.64667e-05 6.77667e-05 -0.000190411 -6.48595e-05 -0.0036092 -0.0110886 -0.000313539 -0.000476175 -6.70755e-05 -0.00111128 0.00405909 0.00385271 0.00745495 -0.000320714 0.000846599 0.00513649 0.00585626 0.00457815 0.000504063 -0.0014712 0.000271479 0.00662548 1.00439e-05 0.000615958 0.00155313 0.00131082 0.00451576 -0.00105566 -7.08183e-05 0.00776711 0.00172087 -0.0106383 0.0108536 5.90466e-05 -0.00589676 0.000780607 0.0029622 1.11936e-05 0.00102515 -0.00014537 -0.00721336 -0.000757731 -0.000494603 -0.000238756 0.000968052 0.00181162 -0.00205357 0.00203877 -4.06512e-05 0.000124979 0.000155926 -0.00535194 0.000165561 0.00371547 0.00107747 0.000507953 
0.00124337 0.00212249 0.00698711 -0.00124318 -0.000518451 -6.6827e-05 -0.00444369 -0.0005403 -0.00148873 -0.000304939 -0.00367362 0.000631032 0.000860259 0.0343908 -0.000483352 0.00181627 0.00281074 -0.00538347 0.00131708 -0.00965595 -0.00590447 0.00328747 0.00302764 0.00074509 0.00126596 -0.000944026 -0.00248988 0.00103319 0.00542942 3.61273e-05 -0.0015307 -0.000768616 -0.00304296 -0.00242043 -0.00257156 -0.0077556 0.000152962 -0.00730456 -0.00529395 -0.00199711 -0.000268441 1.88484e-05 0.000159374 0.000148793 0.000521663 -0.000697054 0.000720737 9.06098e-05 0.00198401 -0.00508503 -0.00119037 0.000310464 -0.000671509 0.000287373 -0.00241483 0.000760941 0.000563198 -0.00141616 0.000360716 0.00154807 -0.00044199 0.00127861 0.00148336 0.00107383 0.00158393 -0.00135031 5.14832e-05 -0.000198286 0.000389796 -0.00458326 0.000815501 -0.00204083 -6.13944e-05 0.00267095 0.00600069 -0.00883235 0.00237238 0.000125915 -0.00783115 -0.000177315 0.0003113 0.00142296 -8.40191e-06 -0.000310341 -0.00516688 -0.000952497 -0.000830184 0.000346438 0.000147927 0.000886638 0.00997161 -0.000792398 0.00713978 0.000614256 -0.000295319 0.000592572 0.000276535 0.00123502 -0.000426816 0.000446211 
0.000333479 0.000112343 -0.00193 -0.000790963 -0.000658458 0.000562933 -0.0055031 0.00199058 0.00237916 0.0016814 -0.000185851 -0.00211245 0.00062855 -0.000483352 0.025493 0.00279571 0.000851306 -0.00223072 0.0010442 -0.000494383 -0.00225199 0.00054535 -0.00159835 5.3385e-05 0.000232734 -0.000806038 -0.00183692 0.00173694 -0.000852007 0.000230679 -0.00976136 -0.00106908 -0.00185076 0.000443312 -0.00352698 0.0046305 8.13891e-05 -0.0041781 -0.00682516 -0.00247172 0.0026634 -0.000367002 -0.000196093 -0.000111428 0.000618164 -0.000687814 -0.000158084 0.000939124 -0.00651706 -0.00376184 0.00196794 -0.00015866 0.000837548 0.00541031 0.00121533 0.000532464 0.00054641 -0.000558686 0.000923525 0.00121748 -0.000764536 -0.000586231 -0.00147757 -0.00171366 -6.35105e-05 0.00239681 6.03518e-05 -0.00105059 -0.00056072 0.00698012 0.000867554 1.32128e-05 -0.00035619 0.00214393 7.74185e-05 -0.0031739 0.00252717 1.41655e-05 -0.00214464 0.000350633 -0.000250638 0.000666957 0.00022283 -0.000201945 0.00125369 -0.00199375 0.00168448 0.000902398 -0.000299035 -0.000867597 -0.00131509 0.0008634 -0.00107012 0.00103226 0.000554754 -0.00397326 7.90242e-06 0.000460444 0.000218737 -0.000200461 
0.00053461 0.00385446 -0.00818328 0.00490905 0.0011631 -5.57788e-07 -0.025946 0.000690286 0.0152777 0.00260849 -0.00862727 0.00308357 0.00733813 0.00181627 0.00279571 0.0759885 0.00229248 -0.014097 0.00183053 -0.0269924 -0.00948864 0.0020079 -0.00409186 0.00189342 0.00672235 -0.0018904 -0.0105275 0.0148755 -0.00353676 0.000483121 -0.0282786 0.000628199 -0.00378532 -0.00695173 -0.0106515 -0.0175607 -7.61687e-07 0.00034638 -0.0317336 -0.00715067 0.00103746 -0.000632313 0.00222973 -0.00101999 0.00141723 -0.00230183 -0.000857415 0.001813 -0.0212143 -0.0189696 0.0024505 -0.00348672 0.00283839 0.00398068 -0.00204845 0.00209015 0.00772526 0.00268015 0.00273025 0.00528044 0.00853444 -0.00594152 0.00274109 -0.00690946 -0.000913013 0.00557506 -3.95495e-05 0.00281658 0.0014893 0.0103672 0.0132541 0.00143032 0.0035635 0.0268678 0.0152888 -0.00367523 0.029342 0.00031356 -0.0122762 8.80925e-05 -0.00201289 0.000514199 0.00144018 -0.00019408 -0.0132682 -0.00500881 -0.000436804 -0.000821571 -0.00396868 0.0030747 -0.000363307 -0.000242469 0.00395206 0.000519911 -9.91052e-05 -0.00150106 0.00187495 0.0066733 -0.000570251 0.00113302 
0.000156813 0.0017303 -0.00123277 -0.00250962 -0.000476526 0.000100778 -0.000331668 -8.16528e-05 -0.0129694 0.000170748 -0.00503061 -0.00579935 -6.58383e-05 0.00281074 0.000851306 0.00229248 0.0514416 0.00262567 -0.000639411 0.00591483 -0.0110876 0.00320821 0.00353665 -0.00143656 -0.000452005 -0.00084128 -0.00217201 -0.000358786 0.00163094 -0.000559839 -0.0022672 0.00365082 -0.00633599 -0.0041728 -0.0037499 -0.00471394 2.89205e-06 -0.00376118 -0.00221918 -0.00266014 0.00092177 -0.00101693 -0.00116352 0.000688253 -0.00150552 0.000343312 0.000657629 0.00191708 0.00352758 0.000662464 -0.00516707 -0.00193277 -0.000528779 -0.000369136 -0.00126146 0.000299448 -0.000541357 4.54379e-05 -0.000225556 -0.000515478 -0.00120021 0.00248853 -0.00137369 -0.00228588 -0.00110496 0.000555113 -1.71453e-05 0.00204511 -0.000970119 -0.00285749 0.00301523 -0.0024369 -0.00222505 0.00263012 0.00233302 -0.00690868 0.00627023 9.41622e-05 -0.000248073 -9.58092e-05 0.00138287 0.00174332 -0.000295079 -0.000661346 -0.00413907 0.000847927 0.000303526 0.000303427 0.00223905 7.40052e-05 0.00473694 -0.00176693 0.000685516 -0.000606723 -0.000264989 -0.00206586 1.90641e-05 0.00106492 -0.000140012 -0.000202977 
-0.00142526 -0.00290035 0.012936 -0.0201181 -0.00913463 -0.00211121 0.0183787 -0.00347888 -0.0482967 -0.00517585 0.0338928 -0.0290345 -0.00425682 -0.00538347 -0.00223072 -0.014097 0.00262567 0.173492 0.00310518 0.0295192 -0.000136494 -0.00171089 -0.00706699 -0.00559539 -0.0108158 0.00174277 0.00422123 -0.00396092 0.000826356 -0.00306791 0.0250048 -0.00558979 -0.00763807 0.00695919 0.0179239 0.0375656 -0.000639484 -0.0285208 0.021532 0.0101791 -0.00572532 -0.0161979 -0.00168179 -0.00107933 -0.00210139 8.0175e-05 -0.00273947 0.00706741 0.0314891 0.0283236 -0.0169229 -0.00929235 -0.0103664 -0.0083575 -0.0153408 -0.00249733 -0.00702452 -0.00737513 -0.00216164 -0.00304755 -0.0270905 -0.00325672 0.0104075 0.00939305 -0.00492109 -0.00809452 -0.000284296 -0.00284922 -0.00549037 -0.0170125 -0.00819516 -0.00774909 -0.0122819 -0.00649608 -0.021899 0.0110673 -0.0105559 -0.000517181 0.0344925 -0.00127485 0.000872363 7.48601e-05 -0.00204251 -0.00425321 -0.0427451 0.036037 -0.00123333 -0.00429436 -0.00554932 -0.00513003 -0.0066569 -0.00715006 -0.0114653 0.000301184 -0.00180646 0.00255701 -0.00207402 -0.00321916 -0.00134463 -0.000837427 
0.000177493 0.00177439 0.00660961 0.00690107 -0.00100158 0.000527913 -0.0109609 0.000438682 0.000188399 1.88604e-05 -0.00165126 -0.00183049 2.22811e-05 0.00131708 0.0010442 0.00183053 -0.000639411 0.00310518 0.0284843 -0.00401272 -0.00454797 0.000633751 -0.00246943 6.20688e-05 0.00162641 -0.000207422 -0.00192095 0.000737526 -0.00194963 0.00120111 -0.00819385 -0.00231944 0.0011777 -0.00167626 0.00392023 -0.00407828 0.000345523 0.00108775 -0.00893677 0.00300222 0.00201423 -7.93183e-05 0.00212865 -0.000390288 0.000354407 -0.000209277 0.000304097 0.0014594 -0.00418736 -0.0066281 0.000719068 0.00119412 -0.00113745 -0.00105959 0.00156417 0.000261101 0.00274129 -0.0017427 0.000358234 0.00419528 0.00219193 0.00243366 0.00490756 -9.74588e-05 0.00034849 0.000930091 0.000162647 -0.000219045 -0.000305114 -0.00160055 -0.00109711 0.00148533 0.000153536 0.000862334 -0.00380536 -0.00472323 0.00334514 -1.90134e-05 -0.00367465 0.000109431 -0.00116582 3.3478e-05 0.00121709 3.92972e-05 -0.0100493 0.00114463 -0.000201608 -9.00754e-05 -0.00130426 -0.000448128 -0.00117726 0.000203712 -0.000592975 -0.00101236 0.000218352 -0.00131985 -8.55182e-05 0.000716007 -0.00013582 0.000924013 
-0.0024689 -0.0102391 0.0145241 -0.00909907 -0.00462016 -0.00262493 0.0303812 -0.00213227 0.02464 -9.26177e-05 -0.0031313 -0.00986561 -0.0110709 -0.00965595 -0.000494383 -0.0269924 0.00591483 0.0295192 -0.00401272 0.243172 0.0397891 -0.00443033 -0.0296718 -0.0153299 -0.0222277 0.00109232 -0.0224748 -0.00773992 -0.0104951 -0.00484682 0.05135 0.00875946 -0.0204171 -0.015913 -0.0207722 0.0341461 -0.00131514 -0.0129881 0.0197145 0.0142098 -0.011345 -0.00503147 -0.00923603 -0.000399577 -0.00948589 -0.0036767 -0.00713538 -0.00336089 -0.0124113 0.0512729 0.00125069 -0.00447234 0.0117452 -0.00270595 -0.0314302 -0.00552014 -0.0109667 0.0110834 -0.00331224 -0.0119631 -0.0372699 -0.0282063 -0.0189457 -0.00639079 -0.000848065 -0.0282059 -0.000377924 -0.0040436 -0.0115287 0.0280719 -0.0135709 -0.0132691 -0.0205776 -0.0218256 -0.0135503 0.0161833 -0.0204829 -0.000770514 0.0602672 -0.00393545 -0.00151017 -0.00472972 -0.0010988 -0.00684826 0.0160014 -0.00773353 0.00510868 -0.00338763 -0.00220446 -0.0137525 0.00912783 -0.0111516 0.00134821 0.00746162 -0.00401347 -0.00118488 -0.00280503 -0.00634933 -0.00307181 -0.00491897 
-0.00165483 -0.012181 -0.0398308 -0.0131861 0.00467612 -0.00504351 0.0131081 4.2887e-05 0.0598383 0.00291984 -0.0134847 -0.0239496 -0.00953269 -0.00590447 -0.00225199 -0.00948864 -0.0110876 -0.000136494 -0.00454797 0.0397891 0.248907 -0.00890057 0.00883428 -0.00354734 -0.00822636 -0.00627043 -0.00931238 -0.0131004 -0.0169003 -0.00403481 0.0368836 0.00296599 -0.0331017 -0.0269723 -0.0522439 0.03779 -0.000775737 -0.0373867 0.0502072 -0.0347414 -0.019638 -0.00391566 -0.0103718 -0.00337361 -0.00927838 -0.0101533 -0.0042918 0.0013533 -0.0406082 0.0716527 0.018652 -0.0165307 0.0170167 0.00668165 -0.0205799 -0.00217152 -0.0120282 0.00135433 -0.00720012 -0.0134373 -0.0309581 -0.00425712 -0.0367656 -0.000762452 -0.00236248 -0.0066933 -0.00048938 -0.00866943 -0.00369271 0.0516368 -0.0140691 0.00250496 0.00647542 -0.0145394 0.00637154 0.0354523 -0.0157862 -0.00150837 0.0164638 -0.00206086 -0.00563151 -0.00327307 -0.00377684 -0.00130636 0.0506778 -0.00387618 0.00526077 -0.000498363 -0.00847543 -0.00751219 -0.0158685 0.00480511 -0.0105663 -0.00679615 -0.00355262 0.00901022 -0.000766804 -0.00702624 -0.0030088 -0.00540888 
0.000559403 0.000470744 6.16639e-05 0.00341148 -0.000686255 0.00143795 -0.00648299 0.00131097 -0.000977145 0.000230639 2.22111e-05 -0.00093032 -1.16329e-05 0.00328747 0.00054535 0.0020079 0.00320821 -0.00171089 0.000633751 -0.00443033 -0.00890057 0.0258686 0.00120419 0.00161442 0.00111027 -0.000113704 -0.000357888 -0.000804474 0.000384819 8.6659e-05 -0.00588173 0.000537218 0.00165603 -0.00217614 -0.00245383 -0.00216998 9.23318e-05 -0.0040079 -0.00887613 -0.0025247 0.000324785 5.42538e-05 0.000821912 0.000552891 -0.000420548 -0.000946134 0.00179161 0.000862377 -0.00351797 -0.00795041 -0.00253073 0.000722167 -0.00163256 0.000363978 -0.000772278 0.00015923 0.00228035 -0.0016884 7.36218e-05 0.00105608 -0.00194854 0.00323451 -0.00168621 0.00345587 0.000313654 0.000865854 0.000248826 0.000297856 1.04125e-05 -0.00371487 -0.00125479 0.00215593 6.34292e-05 0.0026733 -7.21699e-05 -0.00879139 0.00252148 0.000506206 -0.00210504 3.815e-05 0.00111034 0.00166217 0.00119869 0.00019795 -0.00230724 0.000940201 7.25487e-05 0.00275446 0.000606461 0.000355852 0.00354199 0.000231988 0.00277021 0.000266613 0.000246313 0.00164383 0.00154528 0.000227554 -0.000278185 0.000550598 
0.000294844 -0.00266359 -0.0104131 0.000660797 -0.00371872 0.00312607 0.0107384 -0.000785887 -0.00467207 -0.00262443 -0.0213282 -0.00667853 -0.00143856 0.00302764 -0.00159835 -0.00409186 0.00353665 -0.00706699 -0.00246943 -0.0296718 0.00883428 0.00120419 0.157132 0.000284475 -0.00160634 1.27132e-05 0.012535 -0.00958191 0.0145007 -0.00190508 0.0154704 -0.0068538 -0.0184233 0.0119002 -0.0114476 -0.0364606 -0.000328076 -0.0198051 0.0222843 -0.0322638 0.00462305 0.000888559 -0.00283225 -0.000362987 -0.00632516 -0.00286926 0.00226605 -0.00246386 0.0125826 0.0108557 -0.000593449 -0.00823249 -0.00725835 -0.00479581 0.0059517 -0.00144387 -0.00794115 -0.000346211 -0.00231635 -0.00362881 0.0067718 0.0365211 0.00698865 -0.00459767 -0.00426561 0.00128277 0.000129499 0.00849984 -0.00396956 -0.0274065 -0.000861217 -0.00204462 -0.000413222 -0.00349433 0.00666307 -0.0164139 -0.0102029 -8.67758e-05 -0.0408394 0.000502179 0.00433863 -0.00114653 -0.00195437 0.000923584 0.00849216 0.0033625 1.31076e-05 -0.000970832 0.00895608 0.000299283 -0.000152511 0.000542975 0.0102997 -0.00815719 -0.00227725 0.0125905 -0.000390506 -0.00328009 0.00111004 0.00123452 
0.000416399 0.000877966 -0.00338525 0.00100959 0.000975602 -9.76692e-05 -0.0116479 0.00126056 0.00524501 0.000729289 -0.00156977 0.000131129 0.000704061 0.00074509 5.3385e-05 0.00189342 -0.00143656 -0.00559539 6.20688e-05 -0.0153299 -0.00354734 0.00161442 0.000284475 0.0421973 -0.000380742 0.000936597 -0.00114198 0.00673787 0.00131469 0.000381147 -0.00793688 0.00170765 -0.00320839 0.00350791 -0.0125009 -0.00945798 0.000257858 -0.00767424 -0.0088379 -0.00820434 0.000234362 -0.00197616 0.000454164 0.00147279 -0.000730274 -0.00137187 0.00115737 -0.00012437 -0.00253017 -0.0152707 -9.42073e-05 0.0012257 -0.000167728 0.00604175 0.00303851 0.00086146 0.00184135 -0.00149888 0.00123947 0.00114274 0.00417938 0.00608503 0.000841907 0.000360621 0.000960938 0.0100035 -1.05811e-05 7.89392e-05 0.000586116 -0.00257831 0.00191853 0.000687032 0.00793867 0.003488 0.00174308 -0.00890553 0.00549851 0.000623812 -0.0076844 0.00117966 0.000738558 0.00121758 -2.99869e-05 -0.000245515 -0.00192915 -0.00193964 -0.00019342 0.00197867 -0.000870002 -2.01235e-05 -0.000721731 0.00263504 0.00439854 0.000318611 0.000176125 -0.00129205 0.00131613 7.42336e-06 -0.000100912 0.00152538 
-0.000306939 -0.000403796 0.00332394 0.00257507 -0.00168268 0.00164327 -0.0154595 0.00282983 0.00969817 0.00120564 -0.00520587 0.00581682 0.000711666 0.00126596 0.000232734 0.00672235 -0.000452005 -0.0108158 0.00162641 -0.0222277 -0.00822636 0.00111027 -0.00160634 -0.000380742 0.0673895 0.00120033 0.00117789 -0.00116041 -0.00336034 0.00303288 -0.0271897 -0.000487975 -0.00558756 -0.00286176 0.00169179 -0.0189251 0.000123487 -0.00111262 -0.0114861 0.00327841 0.00523522 0.00701396 0.00618504 -0.000234843 0.00460299 0.00103542 0.000147169 0.000887857 -0.0174541 -0.0169757 0.000177867 0.00084983 -0.00237843 0.0015946 0.0125523 -0.000651932 -0.00214071 -0.00183906 0.000648917 0.00508403 0.0165908 0.00837499 0.000175714 -0.00285509 0.00159808 -0.00159634 8.4439e-05 -0.000803177 0.00224302 -0.00900189 -0.00176939 0.00773216 0.00131111 0.00539625 -0.00631636 -0.00260075 0.00757733 -0.00021797 -0.0146553 0.00113575 -0.000929641 0.00117129 0.000838871 0.000595078 -0.00870104 -0.00206737 -0.00163317 0.000238856 -0.00147469 0.00366671 -0.00160462 0.00522581 -0.00485836 -0.00271125 0.000261692 0.0130288 0.000635156 0.00167567 0.00035489 0.0018264 
6.32525e-05 -0.000730006 -0.00450758 0.00091702 -0.00100664 0.00123692 -0.00279588 0.000584691 -0.00480477 0.001309 -0.000987798 -0.00135905 -0.000726257 -0.000944026 -0.000806038 -0.0018904 -0.00084128 0.00174277 -0.000207422 0.00109232 -0.00627043 -0.000113704 1.27132e-05 0.000936597 0.00120033 0.0432771 0.00163485 -0.000627022 0.000571366 0.00059546 -0.00393929 -0.00335928 0.0115083 0.0138612 -0.00720426 -0.0117291 9.22593e-05 0.00250124 -0.00890434 -0.000641249 0.000224498 -0.00293661 -0.000613057 0.000535907 -0.000746802 0.00394425 0.00148389 -0.000216406 0.00789293 -0.000298715 -0.000363521 0.00452436 -0.00285922 -0.000778535 0.00419884 -0.000430021 -0.000540168 0.00153772 0.0015095 1.39931e-06 -0.00242747 -0.00309204 0.00141643 -0.000585019 0.00219755 -0.00163093 0.00014585 -0.00133216 -0.000676549 -0.00883384 -0.00269294 0.000996042 -0.00102657 -0.00157167 0.00181779 -0.0178111 -0.0026325 0.000134212 0.00145605 0.000153222 -0.000167688 -0.000553879 0.000676681 -7.75407e-05 0.00354623 0.00304957 -0.00107819 0.000536944 0.000287394 -0.000754447 -0.00316231 0.0014359 -0.00215601 0.00259907 0.000108972 -0.00379089 -0.00030283 -0.000468312 5.46499e-05 0.00140059 
0.000119651 0.00358469 -0.00323782 -0.00800908 -0.000580724 0.00253775 -0.0201797 0.0010071 -0.0342991 -0.00437259 0.00386114 0.00890433 0.00233074 -0.00248988 -0.00183692 -0.0105275 -0.00217201 0.00422123 -0.00192095 -0.0224748 -0.00931238 -0.000357888 0.012535 -0.00114198 0.00117789 0.00163485 0.146753 0.0031412 0.0031065 0.00180033 -0.00844017 -0.00669837 -0.00443772 -0.00326437 0.0100756 -0.0283766 -0.000386329 0.0200887 -0.00503252 -0.00721082 0.00419696 0.00919701 -0.00160203 -0.00052083 -0.00526096 -0.000547588 0.00428709 -0.00389338 0.0136983 -0.0122623 -0.00708706 -0.000237676 -0.0119181 -0.00368528 0.0214266 0.00103568 0.0049768 -0.0074482 -0.00134531 0.00196812 0.00741561 0.0137825 0.000883613 -0.00885011 -0.00207654 0.0124077 9.50179e-05 0.00308454 0.000784227 -0.0274312 -0.010411 0.00101423 0.0043663 -0.00633617 -0.0136136 -0.0251289 -0.00784897 -0.000277556 -0.011842 0.00170624 0.00564703 0.00207153 -0.000159267 0.000460135 0.00239167 0.00170486 -0.00387752 -0.00377892 0.0106508 0.000966841 -0.00878701 0.00643759 -0.00963373 0.00532468 0.000901932 0.0138516 8.52009e-05 -0.00213207 0.00143675 -0.000382975 
0.000764219 0.00419201 -0.00533639 -0.000457547 0.000246646 -0.00173926 -0.0265089 -0.00150897 -0.00322874 -0.00141905 -0.0114273 -0.00325903 0.00985218 0.00103319 0.00173694 0.0148755 -0.000358786 -0.00396092 0.000737526 -0.00773992 -0.0131004 -0.000804474 -0.00958191 0.00673787 -0.00116041 -0.000627022 0.0031412 0.0901341 -0.000353834 0.000171984 -0.027086 0.0125422 -0.00607562 -0.00439975 -0.0147458 -0.0268867 0.000239921 0.00706184 -0.0419435 -0.0138499 0.00114988 0.00481222 0.00152806 -0.000275362 -0.00279383 -0.00159411 -0.000353707 -0.00216445 -0.00447022 -0.0165426 -0.00986325 0.000825063 0.00741924 0.000784251 0.00554478 0.0027407 0.0168506 -0.00300044 0.00327159 0.00585346 0.0199039 0.00213383 0.00983994 -0.00993285 0.00455217 0.0260535 -0.000127163 0.00308825 0.00139148 -0.00286804 0.0206319 -0.00367174 0.00242229 0.0137915 0.00919154 -0.0271266 0.0233147 -2.06161e-05 -0.0110185 0.00162144 0.00255118 -0.00106638 0.000172573 -0.00117121 -0.0312775 0.0019175 0.00231294 -0.000902881 -0.00401126 0.00165695 -0.00156562 0.0022512 0.00394491 0.000345502 0.00028088 -0.0053355 0.0016143 0.0056168 0.00206479 0.00180068 
0.0046713 0.00816765 -0.00966411 -0.00482159 -0.00402523 -3.08389e-05 -0.00279959 -0.00241244 -0.0290662 -0.00390017 -0.00896337 -0.00507487 0.000857354 0.00542942 -0.000852007 -0.00353676 0.00163094 0.000826356 -0.00194963 -0.0104951 -0.0169003 0.000384819 0.0145007 0.00131469 -0.00336034 0.000571366 0.0031065 -0.000353834 0.107023 -0.00043993 -0.0059395 0.00758278 -0.00172851 0.00491955 -0.0115171 -0.019503 0.000470982 -0.0140424 -0.0121919 -0.018968 -0.00360163 -0.0063907 -0.00147471 -9.34735e-05 0.00216008 0.0108396 -0.00109135 -0.00303095 0.0347577 0.00365834 -0.0053336 -0.00466613 -0.00545729 -0.0052799 -0.0026652 0.00171517 0.000764175 0.0077079 0.00200321 0.000696063 -0.0137969 0.0100087 0.0031464 0.0119342 0.00780626 0.00242491 0.000119058 -0.000692339 -0.00160975 -0.0220603 -3.80158e-05 -0.00385402 -0.000304062 -0.000324998 0.0274965 -0.0217964 -0.00105963 0.000179431 -0.00177734 -0.000510585 0.000456873 -0.000651436 -0.00078824 -0.00138085 -0.0160329 0.00393291 -0.00245318 -0.0025642 0.00471196 0.000559172 0.0169844 -0.00038322 0.0130871 0.00867852 -0.000123507 -0.0147003 -0.000230068 -0.000898336 -0.000633641 0.00299996 
-0.000134742 0.00197805 0.000926415 0.000397561 -0.000539403 0.00076967 -0.00669631 -5.46485e-06 -0.000457738 0.000200827 -0.00202904 0.0020997 0.00087897 3.61273e-05 0.000230679 0.000483121 -0.000559839 -0.00306791 0.00120111 -0.00484682 -0.00403481 8.6659e-05 -0.00190508 0.000381147 0.00303288 0.00059546 0.00180033 0.000171984 -0.00043993 0.016252 -0.00683286 -0.00134184 -0.000194835 0.000435452 0.00184734 -0.00502131 0.000316991 0.00285255 -0.00612038 0.00272213 0.00297927 0.00358578 0.000358947 -0.000111631 -0.000278148 -0.000442041 0.000322116 -7.66136e-06 -0.00422735 -0.0079785 0.00132418 0.00203816 -3.22548e-05 0.00173991 0.00646931 0.000143053 0.000955146 6.81176e-05 -1.49975e-05 0.00143171 0.00126728 -0.000260141 0.000347962 -0.00153437 0.000368465 -4.43135e-05 0.000215653 -0.000966716 0.00126694 -0.000214361 -0.00089201 0.00100889 0.00215081 2.82678e-05 -0.00163339 -0.00228816 0.00161549 0.000232032 -0.00373667 0.000229013 0.000218192 -5.84393e-05 0.000787505 0.000371551 -0.00108267 -0.0014916 -0.000338424 -5.98776e-05 0.00120915 0.00110462 -0.00145014 0.00217859 -0.000816568 -0.000912235 0.000217921 -0.00195336 0.000113181 0.000147578 0.000362569 0.000499817 
-0.00202566 -0.0197405 0.016724 -0.00274612 -0.00735825 -0.00731214 0.0713098 -0.00559805 -0.000185328 -0.0135252 0.0037397 -0.020908 -0.0144863 -0.0015307 -0.00976136 -0.0282786 -0.0022672 0.0250048 -0.00819385 0.05135 0.0368836 -0.00588173 0.0154704 -0.00793688 -0.0271897 -0.00393929 -0.00844017 -0.027086 -0.0059395 -0.00683286 0.191409 -0.00346134 -0.00225993 -0.00663153 0.0113665 0.0459194 -0.000543506 -0.00693661 0.0752947 0.00433957 -0.0096344 -0.0168939 -0.00829613 -0.00314552 -0.0135233 -0.0034173 -0.00148128 -0.000925102 0.0257842 0.057507 -0.0153815 -0.0158759 0.00255948 -0.0120614 -0.033964 -0.00725078 -0.0266549 4.81774e-05 -0.00768823 -0.0173245 -0.0248613 -0.0192951 -0.00857737 0.00599327 -0.0190139 -0.0321777 -0.000777646 -0.00120211 -0.00763801 0.0022402 -0.00817576 -0.0070896 -0.0084552 -0.0216312 -0.00290121 0.0536374 -0.0382676 -0.00186895 0.0261293 -0.00392295 -0.00351162 -0.002277 -0.00586038 -0.00762867 0.0100908 -0.00653673 -0.000276519 -0.00789107 -0.00132351 -0.00642022 -0.00321654 -0.0200836 0.0050589 -0.00651151 -0.0041379 0.0202775 -0.0032099 -0.0136122 -0.00270171 -0.00656807 
1.42786e-06 -0.000205225 -0.00818282 -0.00440294 0.00230071 -0.000380448 -0.00975124 0.00318989 -0.00472649 -0.00412686 -0.0144619 -0.00258971 -0.000315777 -0.000768616 -0.00106908 0.000628199 0.00365082 -0.00558979 -0.00231944 0.00875946 0.00296599 0.000537218 -0.0068538 0.00170765 -0.000487975 -0.00335928 -0.00669837 0.0125422 0.00758278 -0.00134184 -0.00346134 0.113303 -0.0202755 -0.00343284 -0.00921979 -0.0060861 0.000362907 -0.00321037 -0.0139571 -0.00166295 -0.00279739 -0.00661602 -0.00174776 -0.000394837 -0.00330571 0.00395066 -0.000962047 -0.000813347 -0.00371076 -0.00664538 -0.0128489 -0.00550569 0.000616061 -0.00161372 -0.00428594 -0.00107558 0.00109592 -0.00446359 0.00270795 -0.000555463 0.0078004 -0.00907419 -0.00702749 -0.00723111 0.00447619 0.000949092 -5.21809e-05 -0.0036685 -0.00159803 -0.0221422 0.0138667 -0.000845968 -0.000561308 0.00658635 0.00369274 0.000106352 0.00644823 -0.000413835 -0.003377 0.000466561 0.000518378 0.000773488 -0.0010391 -0.00132578 -0.00661247 -0.00338834 0.00116616 0.000383086 -0.00202501 -0.00110969 0.00671059 0.000762381 0.00629985 0.0199053 -0.00151475 0.0191033 0.00131267 0.00118896 0.00130664 -0.000439388 
-0.000659903 8.56799e-05 0.00851878 0.0113495 0.00207536 -0.000810801 -0.00420262 -0.00312935 -0.0241915 -0.00765603 0.0204862 0.00871952 -0.0021612 -0.00304296 -0.00185076 -0.00378532 -0.00633599 -0.00763807 0.0011777 -0.0204171 -0.0331017 0.00165603 -0.0184233 -0.00320839 -0.00558756 0.0115083 -0.00443772 -0.00607562 -0.00172851 -0.000194835 -0.00225993 -0.0202755 0.176487 0.00170223 0.0276759 -0.00699691 -0.000157507 0.0485016 -0.0103269 0.0292521 -0.00636041 0.00632958 -0.00240647 -0.00248896 -0.00221844 0.00189714 0.00244115 -0.000357154 0.0276263 -0.014009 -0.000834473 0.0144228 -0.0129059 -0.00955659 0.000976603 -0.0015208 0.0040625 -0.00474329 4.3415e-06 0.00218137 -0.0103177 -0.0154103 0.0117046 -0.00819208 -0.00169363 -0.0047254 0.000404826 -0.0108173 0.00558603 -0.0243623 -0.0120322 -0.000612853 -0.00501674 -0.00722553 0.000785676 -0.0274553 -0.0114593 -0.000263003 0.0125329 -0.00109939 -0.00376744 -0.000188542 0.00255014 0.00104678 0.0128882 -0.00118135 -0.00637975 0.00311721 -0.00195962 0.00203585 -0.00501472 -0.0081184 -0.00763556 0.00177723 0.00162617 -0.0341636 -0.000507041 0.000450551 -0.00185447 0.00186755 
-0.00095114 -0.00313579 -0.0049863 -0.00707234 -0.0062814 0.00254711 0.00788815 0.00183737 0.0034514 0.00469131 0.00271449 -0.00435979 -0.00136322 -0.00242043 0.000443312 -0.00695173 -0.0041728 0.00695919 -0.00167626 -0.015913 -0.0269723 -0.00217614 0.0119002 0.00350791 -0.00286176 0.0138612 -0.00326437 -0.00439975 0.00491955 0.000435452 -0.00663153 -0.00343284 0.00170223 0.137631 -0.00208446 0.00546087 -0.00017148 -0.00779702 0.00106783 -0.0137571 0.00697364 1.41923e-05 -0.00140868 0.00105126 -0.000455284 0.00573893 -0.000906268 -0.000785734 0.00970199 -0.0137896 -0.00124134 0.00777629 -0.00140717 -0.000246833 0.00527747 0.000274304 -0.00226429 -0.00196359 0.00228791 -0.00112129 -0.0108049 0.00299727 -1.12402e-06 0.000272281 0.00969788 0.000436656 0.000350258 -0.00916053 -0.0030004 -0.00523716 -0.00423114 -0.00224463 -0.00167591 -0.00414113 -0.00173819 -0.0198785 -0.00988054 0.000198903 -0.0153911 0.00139196 0.000872542 -0.00263445 -0.000218237 0.0010198 0.0111549 0.00707764 -0.00116038 -0.000146732 -0.00197641 -0.00408259 -0.017049 0.0125814 -0.00354269 -0.00233102 0.000292848 -0.0222119 -0.0012305 -0.000894326 0.00188034 0.00294665 
