0.141763 0.0447794 0.00366382 -0.00106558 -0.0128762 -0.00319634 -0.0155438 -0.0108246 -0.00358363 0.00312634 -0.00546097 -0.00899282 -0.000590402 -0.00722156 -0.00590745 -0.00795171 -0.00326059 0.0309334 -0.0214405 -0.00256201 0.00958922 0.0068546 0.00205883 0.0160377 -0.00284144 0.0116735 0.0180792 5.6117e-05 -0.0101974 -0.0160858 -0.00379967 0.00278949 -0.00539713 -0.00570705 0.00182765 -0.00677911 -0.00496922 -0.00274723 0.00637975 -0.00710789 0.011394 0.00814219 -0.0163663 -0.00211239 -0.00367375 -0.00665357 0.00287708 0.0142074 0.00567038 -0.0132309 0.0180266 0.00197787 0.00534953 -0.0048353 -0.000642064 -0.00147388 0.000182066 0.0325928 0.00309301 0.0217716 0.0170804 -0.0156847 0.00782584 -0.00284804 0.0111559 -0.0137858 0.00674968 -0.000828011 -0.00441349 0.000693812 -0.00871582 -0.008722 -0.0198512 -0.00162851 -0.016183 -0.00988996 -0.0124176 0.00175116 -0.0154412 0.0038642 -0.013486 -3.77321e-05 -0.0209429 0.00199568 -0.041536 -0.0116949 -0.013187 -0.00719574 -0.0029955 -0.0217956 -0.00709509 -0.00903188 -0.00508376 -0.00782163 -0.0168654 -0.00335318 0.0308767 0.0315905 -0.00365659 0.00280641 
0.0447794 0.249766 0.00398795 -0.000734423 -0.0280527 -0.0137533 0.0078978 0.010369 -0.0113159 0.00554921 -0.0117379 -0.0323469 -0.000688103 0.0107769 0.00595727 0.0051575 -0.00968155 0.0501808 0.00905084 -0.000647316 0.0123784 0.000133516 -0.00356124 0.000545834 0.00121825 0.0284434 0.000270379 -0.00114874 -0.00882343 -0.0328261 -0.0177552 -0.00155594 -0.0125873 0.0110203 -0.0100126 -0.0128759 -0.0262371 -0.0126884 0.0116317 0.0215946 0.0208389 0.00221066 0.0179163 -0.0033788 -0.00599131 0.00296784 -0.00389774 -0.0152658 0.0139834 -0.024075 0.0226653 0.00103748 0.0195403 -0.0169756 -0.0101025 0.000580256 -0.00291669 -0.000251011 -0.00865001 0.00106061 -0.033518 -0.0405844 -0.0147798 -0.0418039 0.0067239 -0.0137285 -0.028457 0.000188364 -0.00472705 -0.00161054 -0.009689 -0.00734957 0.00598874 0.00643256 -0.0119341 -0.00524311 0.0169843 -0.00962378 -0.011057 0.00370604 -0.0262116 -0.00623406 -0.0264208 -0.00336965 -0.0358853 0.0086316 -0.00555086 -0.0106635 -0.006538 0.0062049 -0.00171925 -0.018014 -0.00231796 0.00422529 0.00605396 -0.00301737 0.0218562 0.0477173 -0.00554324 -0.00209745 
0.00366382 0.00398795 0.149899 0.00157948 -0.00275839 -0.00545215 0.00713812 -0.0164888 0.00716141 0.00169188 -0.00439813 0.0143427 -0.00026377 -0.0100122 -0.00786405 0.00375611 0.00140555 0.0230964 -0.0155603 -0.00471646 0.0112166 0.000165768 -0.00221446 0.00167976 -0.0112122 0.00506561 -0.00549087 -0.001311 -0.0123085 0.00947748 0.0110253 -0.00216639 -0.0094721 -0.0130174 0.012794 -0.000387901 0.0170825 -0.00815 -0.00167289 0.0021409 0.0185946 -0.0025507 0.022753 -0.00243793 0.00527111 -0.0160042 -0.00233388 0.00350506 0.0331601 -0.00978565 0.00174634 -0.00213421 -0.00812024 0.00607616 -0.00231518 -0.00155617 -0.00377184 0.0264696 0.00025013 -0.00732232 0.0060416 0.0110815 -0.00469754 0.000992655 0.00852391 -0.00934827 -0.0023347 -0.0189854 -0.00387502 0.00129263 -0.00939052 -0.00985741 -0.0130276 0.00663519 -0.00453294 -0.00863302 0.0185705 0.0107523 -0.00902687 -0.0193765 -0.0222351 -0.00174638 -0.0113458 -0.00266607 -0.0414585 -0.00423327 -0.0157738 -0.0160392 -0.00341694 -0.0297718 -0.00449665 -0.00699424 -0.00212602 0.00879737 -0.0238184 -0.0016716 0.00620407 0.00661702 -0.000232168 0.00265676 
-0.00106558 -0.000734423 0.00157948 0.0198814 0.00128741 0.000579123 -0.000381098 0.00141702 0.0017528 0.000632911 0.00119092 -0.000661795 4.3712e-06 -0.00221429 -0.00115888 0.000818015 0.000576496 -0.00404133 -0.00298718 -0.00042183 0.000101163 -0.000450547 -0.000367058 -0.0005836 -0.00156078 3.33241e-05 0.000269386 -0.000341751 0.000655292 -0.00175856 0.00193664 0.000172048 -0.000201625 0.00020212 0.000179138 -0.00111157 -0.00274667 -0.00029471 0.00112368 0.00069423 0.000111474 -9.95316e-06 -0.00108608 -4.01749e-05 -0.0005622 -3.41218e-06 -0.00011276 -0.00119452 0.000768898 -0.00163839 0.00174976 0.000533948 0.000762985 -0.00116073 -0.000176644 -0.000106319 0.000236215 0.0024746 9.75775e-05 0.000660525 -0.00012458 -0.00177765 0.000148141 0.00236042 0.00040637 -0.00234743 -0.00169553 -0.00227549 -0.000765394 0.00061037 -0.00170626 -0.000556566 -0.00264835 -0.000462194 -0.000298402 -0.000485348 0.000971701 0.00029959 -0.00110921 -0.00134008 0.000440892 0.000456736 0.00221066 7.40533e-05 -0.00173692 0.00235893 -0.00101436 -0.000578665 -0.000304773 -0.000653725 -6.52741e-05 -0.0001005 0.000412021 -0.000273871 -0.00118548 -0.000647547 0.000104396 -0.000793048 0.000487601 0.000296267 
-0.0128762 -0.0280527 -0.00275839 0.00128741 0.0910651 -0.000595708 -0.00445545 -0.00140344 -0.00075133 -0.00406214 0.0174237 -0.00124601 -0.000126655 -0.0090921 -0.00500582 -0.010763 -0.00351293 -0.0158428 0.000460006 0.0138819 -0.00506082 -0.00514762 -0.000297443 -0.00318207 -0.00908629 -0.0125432 -0.00500326 -0.00140391 -0.000535306 0.00236735 -0.00186023 0.00675033 -0.00744371 0.00531638 -0.00614758 0.00133558 0.00701639 -0.00481534 -0.00319342 -0.00187353 -0.00207849 -0.00141677 -0.0132471 0.0024173 0.00760645 -0.00566176 -0.00104737 2.79451e-05 -0.0039171 0.00133585 0.00324598 -0.0029656 0.0158182 0.0294843 0.00228589 -0.000988257 0.00156348 0.00463781 -0.00112548 -0.00803313 0.0116756 0.00522205 0.0149524 0.0327108 -0.0104036 -0.00355553 0.0310263 -0.0108961 -0.000728706 -0.000647484 0.00149772 -0.00321257 0.00218544 0.00143477 0.0028841 0.000980347 0.00821891 -0.00604008 -0.00444983 0.00547403 -0.00704062 -0.00267052 -0.00736789 0.000967569 -0.016355 -0.000476477 0.0022614 -0.00923685 0.00218551 0.00639075 -0.00738791 -0.0183436 0.00490489 -0.00489403 -0.0182699 -0.000494561 0.00451405 -0.0108923 -0.00172676 -0.00110422 
-0.00319634 -0.0137533 -0.00545215 0.000579123 -0.000595708 0.0549603 0.00112176 -0.00389794 0.00438761 0.00264428 -0.00049244 -0.00433226 0.000181908 0.00215247 0.000962064 -0.00306257 0.000370182 -0.00597461 0.000266379 -0.00202816 -0.00317955 -0.00366396 -0.00106532 -0.00489929 -0.0049011 -0.00109773 -0.0030361 -0.000526246 -0.00107791 -0.000593568 -0.0012344 0.00517469 -0.00252192 -0.0013843 0.00375964 0.00312363 -0.00248561 0.00828923 -0.00150415 0.000790351 -0.00297707 -0.000876854 -0.0133709 0.00169788 -0.00176721 -0.00230796 -0.0007171 -0.00345108 -0.00388689 0.00382003 -1.44816e-05 -0.000531495 -0.0061004 0.00109812 5.92076e-05 0.0013463 0.00259566 -0.00918681 -0.000447504 0.00486437 -0.00905617 -0.00378424 -0.00123146 0.00414727 -0.00136405 -0.00166818 -0.00613075 -0.00529282 0.00388587 0.00049533 0.0043319 0.00440556 -0.00781799 0.000298579 0.00952555 0.00659104 -0.00206527 -0.00335014 0.00818567 0.00665309 0.00455404 -7.1877e-05 -0.0035321 -0.000602896 0.000277384 -0.00257023 -0.00274803 -0.00366757 -0.00139154 0.0101127 0.000399774 -0.00212677 -0.000578859 0.0120321 0.001819 0.00441747 -0.00685387 -0.00766003 0.00773508 0.00104468 
-0.0155438 0.0078978 0.00713812 -0.000381098 -0.00445545 0.00112176 0.14847 0.0133752 0.0151898 -0.013276 0.00140381 0.0145003 -0.00124856 0.0165602 0.000870157 -0.0105645 -0.00421942 -0.00956525 0.0314959 -0.00681271 -0.0111561 -0.0111527 -0.00430554 -0.00647583 -0.0111044 0.00404567 -0.00660074 -0.00344074 0.00794822 -0.00229993 -0.0156296 0.00010316 -0.00312917 -0.00219453 -0.0198981 -0.00112414 -0.00845952 -0.0130274 -0.00506871 -0.0156142 -0.0139113 -0.00371417 0.0307581 -0.000212921 -0.00297593 -0.00865914 -0.00642614 -0.00136573 -0.00850048 -0.00232091 -0.0196398 -0.00344131 -0.0248574 -0.00178657 -0.000603265 0.0034958 -0.00319832 0.0059524 -0.00191477 -0.00426941 0.00100192 0.0201432 0.0129997 -0.00153214 -0.00481726 0.0105739 -0.0169372 -0.0272745 -0.00161874 -0.00210456 0.0247433 -0.00782657 0.00713732 -0.00519712 0.0451155 -0.00411573 -0.00036355 0.00872491 -0.00688219 -0.00160631 -0.0130953 0.000561557 0.0145307 -0.00553282 0.0232658 -0.0252375 -0.00261188 -0.0172018 -0.00171581 0.0146052 0.00982259 -0.0190485 -0.00448745 0.0177544 -0.0265315 -0.00172814 -0.0181349 0.00255023 -0.000867899 0.00715872 
-0.0108246 0.010369 -0.0164888 0.00141702 -0.00140344 -0.00389794 0.0133752 0.130575 0.00861095 -0.00889893 0.00914505 -0.00164294 0.000960477 -0.00318015 0.000197117 0.0109138 -0.000442407 -0.0429636 0.0131702 -0.00190923 0.00407915 -0.00259839 0.00270639 -0.011256 0.0130291 -0.0021411 0.00810113 0.0020684 0.0143795 -0.00856993 -0.00378491 -0.0203541 0.00798978 -0.0120008 -0.00476895 -0.0012801 0.0193222 -0.00611841 -0.00164247 0.0111145 0.000404881 0.00158815 0.0436002 0.000803289 0.0170759 0.00321225 -0.00298459 -0.0010785 -0.00739509 0.00978648 -0.0187782 0.00257511 -0.0133579 -0.0180331 -0.00036458 0.00269397 -0.00188093 -0.0240914 0.00399779 -0.0115624 -0.0221533 -0.000501615 -0.0120739 -0.0111532 -0.00305428 -0.00438747 0.00045319 -0.00674873 0.00303044 0.00470105 -0.00497515 -0.00101717 7.31397e-05 -0.00276684 -0.0159253 0.00360731 -0.00520022 0.000261194 -0.0033778 -0.00156312 -0.0132602 -0.00183598 0.0147066 -0.00047525 0.00429749 -0.012127 -0.00237491 -0.00307062 0.00360189 -0.00501524 0.0105697 0.0161152 0.00206342 -0.00597365 -0.00135145 -0.00468703 -0.0123329 0.000193913 -0.00464366 -0.00319634 
-0.00358363 -0.0113159 0.00716141 0.0017528 -0.00075133 0.00438761 0.0151898 0.00861095 0.0851495 0.00785968 0.00100703 0.00755237 -0.000295337 -0.00412042 -0.00385372 -0.0032416 -0.00056252 -0.00394003 -0.000552659 -0.00491183 -0.0023314 -0.00108104 -0.00152666 -0.00761643 -0.0080059 0.00636196 -0.00206877 0.000712434 -0.00961547 -0.00234721 -0.00289047 -0.00879958 0.00146936 -0.0133214 -0.00483833 0.0011092 -0.0014937 -0.00539592 0.00283911 -0.00815611 -0.00345787 -0.00145176 0.00435035 0.000851048 -0.00122896 -0.0100581 -0.00262955 0.00462789 0.00235259 -0.00438968 -0.0023647 0.00265813 -0.0063713 -0.00921675 -0.00150832 0.00186518 0.000159622 0.000602556 -0.000418323 0.0067486 -0.00328415 0.00360649 0.00901229 0.00577055 0.00549195 -0.00212287 -0.00246642 -0.0051487 -0.001759 0.00125745 -0.0025442 -0.00269204 0.00282506 0.00362449 0.0158421 0.00156311 -0.00386633 0.013878 -0.00467365 -0.00972394 -0.00357456 -0.000504138 0.0111583 -0.00162976 -0.00805112 -0.00941307 -0.00774634 -0.00328422 -0.00203719 -0.0123156 0.00139406 -0.00642734 -0.00278415 0.0140944 -0.00744927 -0.0037769 0.000195887 0.000569576 -0.0019373 0.00326206 
0.00312634 0.00554921 0.00169188 0.000632911 -0.00406214 0.00264428 -0.013276 -0.00889893 0.00785968 0.146308 -0.00785559 3.21123e-05 -0.00113184 -0.0176176 -0.00258437 0.0120359 -0.00301943 -0.00990917 -0.00869683 -0.00870217 0.00263975 0.00551427 -0.000620142 -0.00541376 0.00617083 0.0260886 -0.00534674 -0.00334927 -0.0232758 -0.000671047 -0.00292711 -0.0340693 0.0138018 -0.0184568 -0.00151888 0.00275002 -0.00399885 0.0167027 -0.00194587 0.00566395 -0.0050075 -0.00188621 0.0102935 0.000232443 -0.00990157 0.00824362 -0.00345144 -0.00805911 -0.00543283 -0.0143851 -0.00475217 0.00188116 -0.000386639 -0.0442222 -0.00405833 0.00155458 -0.00415348 -0.013578 -0.00179252 0.000537835 0.000573973 -0.0163566 -0.0141134 -0.0148305 -0.000147672 -0.0156054 -0.023093 0.0264298 -0.00516075 -0.0030234 -0.0194319 0.00673945 0.0156654 -0.00331505 -0.0219199 -0.00712754 -0.0205808 0.00298216 0.025612 -0.0118733 0.0330346 0.0077759 0.0037851 0.00235501 0.0157375 0.0335919 0.00724854 0.0223232 -0.00145191 -0.0323717 0.00555744 -0.00109397 -0.00492168 0.00402942 0.0314441 -0.0053129 -0.00626631 0.000176013 0.0100569 -0.000661752 
-0.00546097 -0.0117379 -0.00439813 0.00119092 0.0174237 -0.00049244 0.00140381 0.00914505 0.00100703 -0.00785559 0.0555076 0.00153369 0.000313393 -0.00467547 -0.00277492 -0.00424098 -0.00150184 -0.00941849 0.00233694 0.0053419 -0.0035753 -0.00331521 -0.000490373 0.000318769 -0.00252561 -0.00696129 0.000843387 -0.000267036 0.00445306 -0.00379871 -0.00116991 0.00453904 -0.00401005 0.00309165 -0.00419655 0.00288589 0.00363543 -0.00526547 -0.00112914 -0.000681526 -0.00409413 -0.000890649 -0.0102918 -4.47389e-05 0.00406623 -0.00468654 -4.78318e-05 0.000228866 0.00135675 0.00371383 -0.00429621 -1.38414e-05 0.00410438 0.0162147 0.000388466 -0.000589019 0.00190264 -0.00450759 0.000321331 -0.000308866 -0.0011942 -0.000927692 0.00830975 0.01214 -0.00524945 -0.00207949 0.0197963 -0.00679264 -0.000839269 -0.000652844 -0.00113634 -0.00214058 -0.00124489 -0.00167801 0.00628538 0.00186988 0.0081912 -0.00338372 -0.0050943 0.00553819 -0.0070028 -0.00208613 -0.00455443 0.000308375 -0.00734065 -0.00778621 -0.00146922 -0.00432133 0.00271953 0.00644111 -0.00250701 -0.0104335 0.00290586 -0.00495107 -0.00998333 -0.00193515 0.0030911 -0.005162 -0.00182398 -0.00138084 
-0.00899282 -0.0323469 0.0143427 -0.000661795 -0.00124601 -0.00433226 0.0145003 -0.00164294 0.00755237 3.21123e-05 0.00153369 0.0963335 -0.000263509 -0.00193037 -0.00481412 -0.00122969 -0.000421577 0.0048181 -0.00631524 -0.00717037 -6.271e-05 0.00188064 0.000840998 -0.00401271 -0.00578353 -0.00818178 0.000369089 -0.0020517 -0.00102426 0.000409675 -0.000152737 -0.00473623 -0.00393854 -0.00362201 0.0027423 0.00370653 0.00816712 -0.00312081 -0.00355615 -0.00695321 0.00233401 -0.00204853 0.0049424 -0.000901447 -0.00233414 -0.000837987 -0.000605066 0.0146497 0.00284096 -0.00613592 -0.00726772 -0.00119566 -0.0146513 0.00698694 -0.00203111 -0.000297217 -6.57346e-05 0.0209576 0.001731 -0.00723956 0.00669022 0.0331176 0.000213577 -0.0015897 -0.000847785 0.00522723 -0.00658754 -0.00109123 -0.00337236 -0.000923494 -0.00679936 -0.0058302 0.00192498 -0.00205273 0.00640749 -0.00548666 -0.00633323 0.00787082 -0.00436794 -0.0123788 -0.00157637 0.00587023 0.000356722 -0.00238716 0.0102961 -0.00691265 -0.00642712 -0.00695642 0.00060956 -0.0113038 -0.00420877 0.0137513 -0.00358321 -0.000644035 -0.0125704 0.000611329 -0.00997388 -0.0100398 -0.0045533 -0.00164567 
-0.000590402 -0.000688103 -0.00026377 4.3712e-06 -0.000126655 0.000181908 -0.00124856 0.000960477 -0.000295337 -0.00113184 0.000313393 -0.000263509 0.0105369 0.000129879 0.00073962 0.00195962 -0.000136297 0.000263415 -0.000190401 0.000748558 0.000834204 -0.000953475 -3.74997e-05 0.000293191 -0.000415195 0.000505677 -0.000192045 -0.00018397 -0.000809563 -0.000726212 -0.000800777 -0.00243164 -8.51692e-05 -0.00105357 -0.000255576 0.000262848 -0.000880491 0.0013709 2.50745e-05 -8.07791e-05 0.000806751 0.00037833 -0.00013542 4.9985e-05 0.000404221 -0.000182925 0.000433012 -0.000365567 0.00137888 -0.000307346 -0.000915455 -0.000265954 0.000727985 7.01942e-05 3.2378e-05 -0.000118246 0.00036567 -0.00035559 -0.000223119 -0.000933252 -0.00109821 -0.000120571 3.1302e-05 -0.000909954 0.000202992 0.000200872 -0.00010193 -0.00119107 -8.59069e-05 0.000428491 -0.00115814 0.00114329 -0.00211047 0.00075807 -0.00246828 -0.000113118 -0.000759669 -0.000443228 0.00164039 -0.000550248 0.000529401 -9.87093e-05 -0.000955081 5.95037e-05 5.38519e-05 0.00207827 0.00124655 -7.93627e-05 0.00060126 -0.0012627 0.000667592 0.000941672 0.000311536 -0.0005393 -0.00187293 0.000330628 -7.28306e-05 -0.00109083 -0.000260808 -1.60147e-05 
-0.00722156 0.0107769 -0.0100122 -0.00221429 -0.0090921 0.00215247 0.0165602 -0.00318015 -0.00412042 -0.0176176 -0.00467547 -0.00193037 0.000129879 0.133322 0.0226802 -0.00463679 -0.00185418 0.00353057 0.0227147 -0.00305733 0.00119871 -0.0128976 -0.00253075 0.00820581 -0.00677059 0.00370806 -0.00219423 0.00194992 -0.00368863 9.10553e-05 -0.00833893 -0.00576679 -0.00734723 -0.0200167 -0.0117542 -3.65538e-05 -0.00822387 0.0137925 -0.00414703 -0.00390036 0.00283949 -0.000997207 -0.0131637 0.000342659 -0.0079676 -0.0204074 -0.00503452 -0.0004823 -0.01022 -0.00197905 -0.0177497 -0.00149685 -0.0207935 -0.0193963 -0.00243804 0.000174749 -0.00123514 -0.0264197 0.000547835 -0.00207637 0.0149034 -0.00148497 -0.0202968 -0.00713398 0.000171987 0.0480749 -0.0146434 0.00126389 0.0077472 -0.00236778 0.029549 -0.00543153 -0.00473172 0.000825131 0.0267172 0.00271209 -0.00361088 -0.0115004 -0.0107644 0.00919005 -0.0155153 -0.00246778 -0.00651222 -0.00169414 0.0128512 -0.0107446 -0.00033072 -0.00870259 -0.00125223 0.0362434 -0.00534311 0.00346311 0.00170735 0.0305978 -0.0253042 0.00418568 0.00205878 0.003154 -0.0025836 0.00136573 
-0.00590745 0.00595727 -0.00786405 -0.00115888 -0.00500582 0.000962064 0.000870157 0.000197117 -0.00385372 -0.00258437 -0.00277492 -0.00481412 0.00073962 0.0226802 0.0804905 -0.00648071 0.000366324 0.00797912 0.0247297 -0.0041587 -0.00159905 -0.00363313 0.00180757 -0.000470966 0.0100283 -0.00279963 -0.00366926 0.00100604 -0.0110233 -0.00565981 -0.00417282 -0.0162264 -0.00409359 -0.0113997 -0.00851174 1.7688e-05 -0.0169647 0.00301488 -0.000538326 -0.00164736 -0.00509845 0.00209297 -0.00138307 0.000676485 -0.00306781 -0.00544809 -0.00276098 -0.00676013 -0.00838024 -0.00355608 -0.0107784 -0.000380616 -0.00596417 -0.021457 -0.00175542 -0.000423736 0.000211429 -0.0256913 -0.000856254 -0.00150122 -0.00644821 -0.00222596 -0.00924399 -0.0103943 0.00314988 0.0281554 -0.0112567 0.0156838 0.00283806 -0.00028519 0.010874 -0.00138799 0.00950635 0.00193223 -0.00188053 -0.000475443 -0.00737779 -0.0052459 0.00212363 0.000747357 0.00641547 0.00126033 -0.00819552 -0.00215822 0.0187241 0.0043254 0.0074387 0.00295305 0.00501307 0.00241241 0.000123543 0.0142755 0.000268268 0.010446 0.00425592 -0.00247471 -0.00502591 0.00032764 -0.000603716 -0.000122201 
-0.00795171 0.0051575 0.00375611 0.000818015 -0.010763 -0.00306257 -0.0105645 0.0109138 -0.0032416 0.0120359 -0.00424098 -0.00122969 0.00195962 -0.00463679 -0.00648071 0.115704 0.000232329 -0.00486349 -0.00814236 -0.00326005 0.0189839 -0.000937156 -0.000529303 -0.0024023 -0.00297578 0.0120599 7.4697e-05 -0.0028104 -0.000529925 0.00602806 0.00669208 -0.0242174 0.0129748 -0.0132339 0.00789906 -0.00378233 0.0204409 0.00875512 -0.00487454 0.00897995 0.0137065 -0.000860208 0.0113797 0.000142877 0.000412565 -0.00737802 0.00243061 -0.00740513 0.0022299 -0.00344833 -0.0101026 -0.00272401 -0.0186526 -0.0315956 0.000494796 0.00172643 -0.00240889 -0.00386947 -0.000460936 -0.00932219 -0.0103834 -0.00959299 -0.0198383 -0.0180151 -0.00781567 -0.00420794 -0.0248647 -0.00788901 -0.00249296 -0.0010552 -0.0148946 0.0135287 -0.00720549 -0.00414314 -0.00896608 -0.00375774 -0.006561 0.000400249 0.00674207 -0.00607892 0.00817357 0.00158211 0.0152188 -0.00192412 0.0107497 0.0388862 -0.000197039 0.0153114 -0.00231274 -0.0166113 -0.000547052 0.0302577 0.00056947 -0.0133475 0.0128084 -0.00258205 -0.0137171 -0.00233932 -0.00186354 -0.00405536 
-0.00326059 -0.00968155 0.00140555 0.000576496 -0.00351293 0.000370182 -0.00421942 -0.000442407 -0.00056252 -0.00301943 -0.00150184 -0.000421577 -0.000136297 -0.00185418 0.000366324 0.000232329 0.0467843 -0.00470317 -0.0060403 -0.00291697 0.000848391 0.0174957 0.000467676 0.00371956 0.00147627 0.00147838 -0.00114845 0.00584739 0.00642905 0.00345364 -0.000692738 0.00300266 -0.00215047 -0.00568283 0.0133989 -0.00211959 -0.00473133 0.00877777 -0.000476584 0.00341625 0.0013622 0.000412472 -0.00357419 -0.000620542 0.00142965 0.000203599 0.00161153 -0.00118037 0.000759997 0.00823578 0.00014926 -0.000495097 -0.00161273 -0.00756123 -0.000853094 0.00227338 -0.000446464 -0.0096272 -0.000425597 -0.00112906 -0.00582403 -0.00467805 -0.00422403 -0.00486096 0.00608082 -0.00188602 -0.0061645 0.00877408 0.00188524 -0.000531475 -0.00483428 -0.00263022 -0.00468919 -0.00139501 -0.00695996 0.0026085 -0.00416356 -0.00245651 -0.00172769 0.00245098 -0.00573873 -0.00074947 -0.00354251 -0.00105869 -0.00251463 -0.00321591 0.00184912 -0.00093667 -6.95869e-05 0.00255814 -0.000527243 0.00202903 -0.000963949 -0.00396542 0.0106297 -0.000256232 -0.0054051 -0.00226593 0.00119824 -0.00101218 
0.0309334 0.0501808 0.0230964 -0.00404133 -0.0158428 -0.00597461 -0.00956525 -0.0429636 -0.00394003 -0.00990917 -0.00941849 0.0048181 0.000263415 0.00353057 0.00797912 -0.00486349 -0.00470317 0.240102 0.00267546 -0.00781647 0.00802039 -0.0103579 0.00112174 0.010672 -0.0317869 0.00211605 -0.00933567 -0.00961712 -0.0174339 -0.0168851 0.0120866 -0.00220032 -0.0212225 0.000964259 -0.00394618 0.00193422 -0.0125517 -0.0222497 0.00512026 -0.000433126 0.00996502 -0.00014361 -0.0588229 -0.00352865 -0.0187336 -0.0193211 0.00683449 0.00734199 0.0279698 -0.0300995 0.0262795 0.00197226 0.0146953 0.0539871 -0.00369417 -0.00384602 0.00249315 0.0406084 -0.000122077 0.0230715 0.0190089 -0.0059095 0.00193579 0.01059 0.00741506 -0.00687096 -0.0100293 -0.0157649 -0.00589312 -0.000625301 -0.0158845 -0.0075005 -0.0194132 0.0138248 0.0238536 -0.00377205 0.00560347 0.0155578 -0.00946966 -0.00915805 -0.03158 -0.00722522 -0.0445094 -0.00648118 -0.0658626 -0.0113867 -0.0107746 -0.0287404 -0.00360412 -0.00355997 -0.00720107 -0.014285 -0.00858497 0.0281678 -0.0378431 -0.00996252 0.0378123 0.0402561 -0.00982771 0.00223115 
-0.0214405 0.00905084 -0.0155603 -0.00298718 0.000460006 0.000266379 0.0314959 0.0131702 -0.000552659 -0.00869683 0.00233694 -0.00631524 -0.000190401 0.0227147 0.0247297 -0.00814236 -0.0060403 0.00267546 0.164986 -0.0054076 -0.0106779 -0.00518408 0.00262425 -0.00482661 -6.05707e-05 -0.00943807 -0.0134985 -0.00057498 -0.00814371 -0.00961294 -0.00451071 -0.0157365 -0.00799719 0.00284618 -0.0168712 0.00877068 -0.0270065 -0.015875 0.00737254 -0.00637112 -0.0199394 -0.00129946 -0.00473901 0.00169035 -0.00829254 -0.00527515 -0.00707811 -0.0197571 -0.0136645 -0.00719559 -0.0125559 -0.000511452 -0.00906242 -0.0167546 -0.00123484 0.000761829 -0.00240639 -0.0420634 -0.00474711 0.00340162 -0.0217886 0.00871168 -0.00585978 -0.00749354 -0.00087483 0.041761 -0.0265546 0.00549843 0.00723638 -0.00209166 0.0309536 -0.00374308 0.0192599 -0.00644476 0.0247128 -0.00332157 -0.0100617 -0.00788877 0.00223048 0.00388512 0.00678303 0.000942803 -0.0143173 -0.00491642 0.0295867 -0.00826395 0.0200131 -0.00451731 0.00642199 0.0215892 0.0198895 -0.00251357 -0.00192707 0.0236541 -0.0039165 -0.00487982 -0.0136739 -0.00380553 -0.000826591 -0.00450678 
-0.00256201 -0.000647316 -0.00471646 -0.00042183 0.0138819 -0.00202816 -0.00681271 -0.00190923 -0.00491183 -0.00870217 0.0053419 -0.00717037 0.000748558 -0.00305733 -0.0041587 -0.00326005 -0.00291697 -0.00781647 -0.0054076 0.071163 0.0034889 -0.00491018 0.0033882 -0.000449139 -0.00581364 -0.0079342 -0.00438287 -0.0019193 -0.0054873 -0.00436366 -0.00251497 -0.00283462 -0.00108114 0.00505017 -0.00595349 0.00341184 0.00481222 0.00459599 -0.000842253 0.0111881 0.0069397 0.00321886 -0.0122981 0.00182952 0.00404444 -0.00622139 0.0052426 -0.00441649 0.0140333 -0.00185044 0.00248153 -0.000565163 0.00918954 0.0144185 -0.000420203 -0.000300473 -0.0013758 -0.00388225 0.000955186 -0.00664969 0.00358199 0.00116648 -0.00119358 0.00391109 -0.000146609 -0.00391583 0.0155623 -0.00908908 -0.00164692 0.000486085 -0.00461821 0.00199064 -0.000824396 0.0026754 -0.0171278 0.000348001 0.0186445 -0.0027859 0.00619587 0.00865619 -0.0068104 -0.00338448 -0.00778319 0.00314491 -0.0236783 -0.00334272 -8.727e-05 -0.00709378 -0.00023404 0.00411039 -0.0064569 -0.0011698 0.0169311 -0.00952845 -0.0137712 0.00197648 0.00627927 -0.00306556 -0.00263757 -0.00172676 
0.00958922 0.0123784 0.0112166 0.000101163 -0.00506082 -0.00317955 -0.0111561 0.00407915 -0.0023314 0.00263975 -0.0035753 -6.271e-05 0.000834204 0.00119871 -0.00159905 0.0189839 0.000848391 0.00802039 -0.0106779 0.0034889 0.0887264 -0.00137046 0.000338918 -0.00112013 -0.00120648 0.0130714 0.00201002 0.000648171 -0.00763955 -0.00220823 -0.00238153 -0.0122158 0.00261508 -0.0072179 0.00457484 0.0059171 0.0107869 0.00104301 -0.00219589 0.0145974 0.034816 0.000413277 0.0134813 0.0011832 -0.000792333 -0.00547 0.00393282 0.00024758 0.0113119 -0.00701622 -0.00228005 -0.00176139 -0.00608041 -0.0278026 -0.00432203 0.0003378 -0.00221873 0.0043736 0.00220315 -0.00529703 -0.00361399 -0.00916933 -0.00299689 -0.00440377 0.00271352 -0.00644719 -0.00452914 -0.0044601 -0.00353686 0.000185263 -0.0104694 0.000672731 -0.00753638 0.000613073 -0.0220956 -0.00297509 0.00358375 0.00224672 -0.00103078 -0.00756253 -0.0104471 -0.000860468 -0.00721004 -0.000344764 -0.0181222 0.0114378 -0.00676823 -0.00520585 -0.000921574 -0.0151436 -0.00562025 0.0132683 0.00101872 -0.0106009 -0.0107057 0.000663463 0.00265852 -0.00288692 -0.00201486 -0.00315138 
0.0068546 0.000133516 0.000165768 -0.000450547 -0.00514762 -0.00366396 -0.0111527 -0.00259839 -0.00108104 0.00551427 -0.00331521 0.00188064 -0.000953475 -0.0128976 -0.00363313 -0.000937156 0.0174957 -0.0103579 -0.00518408 -0.00491018 -0.00137046 0.106621 0.00294856 0.00859319 0.00624834 0.0098151 0.00273905 0.00905643 -0.00781465 0.00658179 -0.00715721 0.000864862 0.00326633 -0.00494706 0.0232 -0.00574945 -0.0153803 0.00795086 0.0062704 0.0061226 -0.00246504 0.000712494 -0.00450256 -0.001092 -0.00480149 0.00116452 -0.00108103 -0.00662778 -0.00788727 0.000575447 0.0146041 0.000140894 0.00478962 -0.0332846 0.00129745 0.0018285 -0.00347043 -0.0242275 -0.00267216 0.00746177 -0.0193144 -0.0104104 -0.0107058 -0.014436 0.0150266 -0.00551873 -0.0140224 0.0362576 0.000861447 -0.00126376 -0.00691454 -0.00515926 0.0123293 -0.00597936 -0.0201523 -0.000887553 -0.00203895 -0.00439733 -0.00146444 -0.00685158 -0.00225026 0.00402603 -0.00468151 -0.00376154 -0.000218163 -0.00733657 -0.00635233 0.006278 -0.00312358 -0.0192555 0.00456441 0.00800162 -0.00355281 -0.00878408 0.0391851 -0.00454986 -0.00658085 0.00516449 0.00477719 -0.000591604 
0.00205883 -0.00356124 -0.00221446 -0.000367058 -0.000297443 -0.00106532 -0.00430554 0.00270639 -0.00152666 -0.000620142 -0.000490373 0.000840998 -3.74997e-05 -0.00253075 0.00180757 -0.000529303 0.000467676 0.00112174 0.00262425 0.0033882 0.000338918 0.00294856 0.0364808 -0.00114717 -0.000226834 -0.00028838 0.000576013 0.00126647 -0.00258494 0.0005005 -0.00221487 -0.00725538 0.00151736 -0.000240259 0.00277515 -0.00203607 0.00326883 0.000153443 0.000900372 0.0051483 0.00349014 0.00171505 -0.00381569 -0.000240555 8.07785e-05 -0.00360123 -0.000532334 0.00242396 0.000913878 0.00237961 -0.000483373 0.000698338 -0.00191761 -0.00125973 -8.53876e-05 -0.000398752 0.000361514 -0.00488196 0.00118892 0.000480642 -0.00149872 -0.00031317 -0.00255799 -0.00140585 0.0028255 0.000815906 -0.00130926 -0.00233247 -0.000948895 0.000194399 -0.000973089 -0.00170812 -0.00142308 -0.000176761 -0.00851845 -0.00092246 -0.00282369 -0.00195403 0.000452184 -0.00162063 0.000390927 -0.000704226 -0.00256256 -5.55769e-05 -0.00446896 1.95161e-05 -0.00144648 -0.00270087 9.91278e-05 -0.00447013 0.00055025 0.0079222 0.00155804 -0.00204653 0.00173903 -0.00166247 0.00131034 -0.000793051 -0.00018208 -0.000164686 
0.0160377 0.000545834 0.00167976 -0.0005836 -0.00318207 -0.00489929 -0.00647583 -0.011256 -0.00761643 -0.00541376 0.000318769 -0.00401271 0.000293191 0.00820581 -0.000470966 -0.0024023 0.00371956 0.010672 -0.00482661 -0.000449139 -0.00112013 0.00859319 -0.00114717 0.112117 -0.00172742 -0.00606181 0.00766538 0.00236502 -0.0017175 -0.00297624 -0.00561339 -0.0123068 -0.00816542 -0.00888047 -0.00458941 -0.00489877 -0.0139989 0.0126957 -0.00021444 -0.0134367 0.00123173 -0.00142975 -0.0167919 -0.00144817 -0.00719823 -0.00394173 -0.00133995 0.00843058 -0.00504951 -0.00769801 -0.00389899 0.000927996 0.0104125 0.000970511 0.00238118 -0.000459119 -0.00109691 0.0149303 0.000234154 0.0147962 0.0286921 -0.00499843 -0.000306505 0.00641605 0.0102527 -0.0042072 0.0153324 0.0106018 0.00102869 -0.00303155 -0.00795289 -0.00319618 -0.0185938 -0.00323043 -0.00590276 -0.00550828 0.00725646 -0.00326755 -0.0123895 0.00605405 -0.0173591 -0.00170103 -0.0173603 0.0011542 -0.0245871 -0.00111708 -0.00791787 -0.00533014 -0.00203976 -0.0131132 0.00454115 -0.00388339 0.000488654 -0.00479134 -0.0102741 -0.00253728 0.0257765 0.0206842 -0.00425919 0.000148944 
-0.00284144 0.00121825 -0.0112122 -0.00156078 -0.00908629 -0.0049011 -0.0111044 0.0130291 -0.0080059 0.00617083 -0.00252561 -0.00578353 -0.000415195 -0.00677059 0.0100283 -0.00297578 0.00147627 -0.0317869 -6.05707e-05 -0.00581364 -0.00120648 0.00624834 -0.000226834 -0.00172742 0.106789 -0.0115864 0.0105867 0.00162412 -0.00432617 -0.00155944 0.00786288 -0.0174804 0.015488 -0.00322853 -0.00214135 -0.00185922 -0.0166424 0.00631597 -0.000987351 0.00255003 -0.00920683 -8.63901e-05 0.0241313 -0.00103734 -0.000684285 0.00590333 -0.00292962 -0.00712253 -0.00778076 0.000161754 -0.00775047 0.00284861 -0.00136873 -0.0400904 -0.000855958 -0.000651878 -0.00134354 -0.0379289 -0.00298243 -0.000199382 -0.0117646 -0.0130357 -0.010331 -0.0141067 0.00347456 0.000865316 -0.00293281 0.0387319 0.000357802 0.00121465 0.00136404 0.00443558 0.015536 -0.00520133 -0.0276651 -0.00301611 -0.00317629 -0.00280558 0.0117009 -0.00944855 0.0192976 0.0004704 0.00852779 0.000388594 0.0296313 0.0124978 0.00200186 0.0241844 0.00239907 -0.0229982 0.00426994 0.0197483 -0.00113269 -0.00931261 0.0300134 -0.00455216 -0.014129 -0.00708912 7.18611e-05 -0.00108275 
0.0116735 0.0284434 0.00506561 3.33241e-05 -0.0125432 -0.00109773 0.00404567 -0.0021411 0.00636196 0.0260886 -0.00696129 -0.00818178 0.000505677 0.00370806 -0.00279963 0.0120599 0.00147838 0.00211605 -0.00943807 -0.0079342 0.0130714 0.0098151 -0.00028838 -0.00606181 -0.0115864 0.128772 0.00228989 0.00405554 -0.0112887 0.00263123 -0.0112278 -0.0258345 0.00799107 -0.0141797 0.00339308 0.000999123 -0.000593063 0.013388 0.00261498 0.0100654 0.0130963 -0.000472626 0.0180393 0.000478391 -0.00929831 -0.00644244 -0.00393189 -0.00638024 7.96873e-05 -0.00783228 -0.00179103 1.19418e-05 -0.0062749 -0.0614571 -0.00396764 0.00579373 -0.00367445 -0.0281615 0.00219748 -0.00600255 -0.0163982 -0.0154335 -0.0213307 -0.0190474 0.0100124 -0.00124877 -0.0262269 -0.00525273 -0.00426884 -7.12255e-05 -0.00732201 0.00252972 0.0108234 0.00222399 -0.0212073 -0.00480745 -0.0107531 0.00273554 0.00872405 -0.0112493 0.00360727 0.00402029 0.0140796 -0.000899268 0.00601087 0.0116304 -0.00131093 0.00648249 -0.00215145 -0.0141041 0.0111445 0.00332982 -0.00325197 -0.00186004 0.0131697 -0.00134649 0.00362325 0.0107588 0.00349646 -0.00138037 
0.0180792 0.000270379 -0.00549087 0.000269386 -0.00500326 -0.0030361 -0.00660074 0.00810113 -0.00206877 -0.00534674 0.000843387 0.000369089 -0.000192045 -0.00219423 -0.00366926 7.4697e-05 -0.00114845 -0.00933567 -0.0134985 -0.00438287 0.00201002 0.00273905 0.000576013 0.00766538 0.0105867 0.00228989 0.0737297 0.00562057 0.00445883 -0.00228807 0.000243834 -0.00415148 0.00474604 -0.00605533 0.00238208 -0.00172612 0.00418031 0.000719574 0.000696281 0.000821858 -0.000768507 -0.000138791 0.00849929 -0.000448797 0.00137487 -0.0039193 -0.000497772 0.0115184 -0.00562272 -0.00415321 -0.00747434 0.00810193 -0.00450995 -0.0150212 0.000737533 0.000185774 0.00258333 0.0005367 0.00310716 0.00605232 -0.00137682 -0.00462362 -0.0034975 -0.00335108 0.0005615 -0.0105829 0.0101935 -0.000711781 -0.000305815 0.00262075 0.00570713 -0.00334655 -0.00654579 -0.00275342 -0.0141545 -0.00197451 -0.00480178 0.00679568 -0.00501693 -0.00514257 -0.00382181 0.000538547 0.00548939 0.00211614 -0.0120093 -0.00365778 -0.00521085 0.00131375 -0.000914779 -0.0136607 0.00209058 0.00896622 0.00234034 -0.00588581 -0.00854406 -0.00235265 0.00397293 -0.0032513 -0.000868631 0.000229159 
5.6117e-05 -0.00114874 -0.001311 -0.000341751 -0.00140391 -0.000526246 -0.00344074 0.0020684 0.000712434 -0.00334927 -0.000267036 -0.0020517 -0.00018397 0.00194992 0.00100604 -0.0028104 0.00584739 -0.00961712 -0.00057498 -0.0019193 0.000648171 0.00905643 0.00126647 0.00236502 0.00162412 0.00405554 0.00562057 0.0327569 -2.56065e-05 0.00326861 -0.00243909 -0.00104839 0.00125362 -0.00323344 0.00710286 -0.00191219 -0.00704092 -0.00047024 0.00140272 -0.000545764 0.00203453 -0.00029295 -0.00312786 0.000339486 0.000395802 -0.00347753 -0.000520689 0.00186842 -0.00120062 0.00623075 0.00191912 4.12838e-05 -0.00133865 -0.0101119 0.000525088 -3.51877e-06 -0.000644507 -0.0129288 -0.00043842 0.000116131 -0.00490613 -0.0041964 -0.00241488 -0.00266299 0.00284108 0.00230199 -0.00363655 0.00696849 0.00107845 1.06974e-06 0.00199705 -0.00102632 -0.00123798 0.000925011 -0.00822285 0.00320362 -0.00301187 -0.0016424 -0.00170552 0.000108699 -0.00353265 0.000594011 0.00297118 -0.000350863 -0.0026346 0.000494387 0.00196999 0.000443506 0.00022946 -0.00122462 0.000412861 0.00206731 0.000360488 -0.00389457 0.0063619 -0.000155316 -0.00290369 -0.00222382 0.00132563 -0.000856807 
-0.0101974 -0.00882343 -0.0123085 0.000655292 -0.000535306 -0.00107791 0.00794822 0.0143795 -0.00961547 -0.0232758 0.00445306 -0.00102426 -0.000809563 -0.00368863 -0.0110233 -0.000529925 0.00642905 -0.0174339 -0.00814371 -0.0054873 -0.00763955 -0.00781465 -0.00258494 -0.0017175 -0.00432617 -0.0112887 0.00445883 -2.56065e-05 0.15045 -0.00468644 -0.00645842 0.0412512 -0.0097167 0.0233159 0.00125201 -0.00679794 0.0112196 -0.00805635 -0.00465942 -0.00279539 -0.00637383 -0.00170541 0.001883 -0.00218058 0.0104472 0.0340429 0.00667201 0.00626644 -0.00789159 0.0377257 -0.0120043 -0.00497982 -0.00100666 0.0292797 -0.00475991 0.000225537 -0.000224913 -0.0014204 0.00363832 -0.0161943 -0.0251934 -0.000149007 -0.00067611 -0.00668635 -0.0116601 -0.00606504 0.0188759 -0.0335925 0.00177556 -0.000446084 -0.000884904 -0.00685905 -0.0243268 -0.00648904 0.0217588 0.0104995 -0.000510401 -0.00980694 -0.024964 0.0237213 -0.0158352 -0.00600988 -0.00474827 -0.00269608 -0.00431167 -0.0303576 0.00995903 -0.00810805 0.00203019 0.0512502 0.00303806 -0.0187473 -0.000657601 -0.00849065 -0.000697334 0.00403147 -0.0110533 -0.0138401 -0.00389176 -0.00389527 
-0.0160858 -0.0328261 0.00947748 -0.00175856 0.00236735 -0.000593568 -0.00229993 -0.00856993 -0.00234721 -0.000671047 -0.00379871 0.000409675 -0.000726212 9.10553e-05 -0.00565981 0.00602806 0.00345364 -0.0168851 -0.00961294 -0.00436366 -0.00220823 0.00658179 0.0005005 -0.00297624 -0.00155944 0.00263123 -0.00228807 0.00326861 -0.00468644 0.104074 0.0115659 0.00480358 0.00667878 -0.0157858 0.0133355 -0.00380856 -0.00379705 0.00174601 -0.00338948 -0.00668081 -0.000178763 -0.00218621 0.000790474 0.000593654 -0.000402289 -0.0116391 0.000437894 -0.00221544 -0.0079956 0.00430495 -0.00405607 -0.00106859 -0.00881102 -0.00406644 0.00739747 -0.000253734 -0.00171269 -0.00339497 -0.00184304 -0.000205853 0.000307633 -0.00134254 0.000793051 0.00194459 -0.00206791 -0.00206192 -0.0134309 -0.00634056 -0.000523724 0.00208749 0.0181426 0.00146105 9.78667e-05 -0.000305141 0.00776886 0.0010002 -0.0108909 -0.0040372 5.57126e-05 -0.00764903 0.00407791 -0.00158625 0.0208113 -0.00302533 0.0111456 0.00861491 -0.00491035 0.00278594 -0.00181219 -0.0104848 0.00556892 0.0100327 -0.00183618 0.000489807 0.0108944 -0.00222058 -0.0132129 -0.010818 0.0010918 0.00225541 
-0.00379967 -0.0177552 0.0110253 0.00193664 -0.00186023 -0.0012344 -0.0156296 -0.00378491 -0.00289047 -0.00292711 -0.00116991 -0.000152737 -0.000800777 -0.00833893 -0.00417282 0.00669208 -0.000692738 0.0120866 -0.00451071 -0.00251497 -0.00238153 -0.00715721 -0.00221487 -0.00561339 0.00786288 -0.0112278 0.000243834 -0.00243909 -0.00645842 0.0115659 0.104989 0.00464512 -0.00204232 -0.00643892 -0.00380177 0.00715038 0.00419727 -0.0071386 0.00322089 -0.00433653 -0.00130132 0.0023706 0.00133909 -0.000593071 -0.00036289 0.00141621 0.000379729 -0.0110466 0.00231618 -0.0119337 0.00421139 0.00212017 -0.000166777 0.00682307 0.0060823 -0.00128943 0.00345125 0.0144697 0.000152277 -0.0073564 0.0170598 -0.000493595 -0.00211869 0.0201418 -0.00525654 -0.00656593 -0.00401461 -0.00542116 0.000204796 0.000267502 -0.00717574 0.00155638 1.81459e-05 0.00354992 -0.00671954 -0.00227042 -0.00851291 0.0018217 -0.00220338 -0.011289 0.00268272 -2.75581e-05 0.00426288 0.000969762 -0.00298635 -0.00377384 -0.00675744 0.00736387 0.00125238 -0.0133704 -0.00594593 0.00367199 -0.000171187 0.000467754 -0.00403563 -0.000807101 -0.000978787 -0.0138201 -0.00361839 -0.000168917 
0.00278949 -0.00155594 -0.00216639 0.000172048 0.00675033 0.00517469 0.00010316 -0.0203541 -0.00879958 -0.0340693 0.00453904 -0.00473623 -0.00243164 -0.00576679 -0.0162264 -0.0242174 0.00300266 -0.00220032 -0.0157365 -0.00283462 -0.0122158 0.000864862 -0.00725538 -0.0123068 -0.0174804 -0.0258345 -0.00415148 -0.00104839 0.0412512 0.00480358 0.00464512 0.208236 -0.0239222 0.044121 0.0224269 -0.00838371 0.0170933 -0.0301311 0.00418177 -0.00355448 -0.0118183 0.00264183 -0.0194917 -0.00145946 0.0145634 0.0223321 0.00734204 0.00334129 0.000874904 0.0231935 0.0299455 -0.00706274 0.0221337 0.0756755 0.000783163 -0.00185099 -0.00220156 0.0344173 -0.0033814 -0.00933289 -0.00239614 0.0037994 0.0321965 0.0198916 -0.0211065 -0.0119664 0.03677 -0.0270349 0.00343862 -0.00230006 0.0024425 -0.012303 -0.0394129 0.00263623 0.0346575 0.00929085 -0.00364479 -0.0108751 -0.0399684 0.0313252 -0.0382346 -0.00694668 -0.0257586 -0.00548015 -0.0367256 -0.0422756 -0.0141187 -0.0202167 -0.00270341 0.0516957 -0.0262138 -0.0611471 -0.0063434 0.00914249 -0.0190418 0.00728355 -0.00448703 -0.0218267 0.00148187 -0.00694509 
-0.00539713 -0.0125873 -0.0094721 -0.000201625 -0.00744371 -0.00252192 -0.00312917 0.00798978 0.00146936 0.0138018 -0.00401005 -0.00393854 -8.51692e-05 -0.00734723 -0.00409359 0.0129748 -0.00215047 -0.0212225 -0.00799719 -0.00108114 0.00261508 0.00326633 0.00151736 -0.00816542 0.015488 0.00799107 0.00474604 0.00125362 -0.0097167 0.00667878 -0.00204232 -0.0239222 0.0815627 -0.0139227 -0.00569804 -0.00248048 3.48018e-05 0.00963152 -0.00174179 0.00623948 0.00131306 0.000618157 0.0221424 -0.000383304 -0.00612352 -0.00805133 -0.00254839 -0.00813029 -0.00861208 -0.00357371 -0.0121432 0.00122079 -0.011783 -0.0381422 -0.000179073 0.00155804 -0.00166536 -0.0211825 0.00165933 -0.00757674 -0.00384766 -0.00576115 -0.0141877 -0.0113175 0.00337326 -0.00439266 -0.012961 0.00426854 -0.00171111 0.000496805 -0.003811 0.00637072 0.0221982 -0.00301805 -0.0161765 -0.00372539 -0.0103235 0.00102746 0.0148412 -0.00845861 0.02085 0.00127294 0.0392577 0.000632174 0.0246206 0.0156745 -0.000331915 0.0177707 -0.00255533 -0.0211036 0.0116863 0.031395 -0.00208865 -0.0075478 0.0198843 -0.00225837 -0.0115844 -0.00529309 -5.44912e-05 0.00158008 
-0.00570705 0.0110203 -0.0130174 0.00020212 0.00531638 -0.0013843 -0.00219453 -0.0120008 -0.0133214 -0.0184568 0.00309165 -0.00362201 -0.00105357 -0.0200167 -0.0113997 -0.0132339 -0.00568283 0.000964259 0.00284618 0.00505017 -0.0072179 -0.00494706 -0.000240259 -0.00888047 -0.00322853 -0.0141797 -0.00605533 -0.00323344 0.0233159 -0.0157858 -0.00643892 0.044121 -0.0139227 0.185089 0.022334 0.000617467 -0.0173607 -0.0200663 0.00218177 0.0163071 -0.0102981 -0.00104054 -0.0157972 -0.00115683 0.00206377 0.0279297 0.00257054 -0.00390864 0.0056118 0.00898119 0.0206506 -0.00522008 0.0295309 0.0413557 -0.00375999 -0.00234955 0.0028536 0.00206166 -0.00427675 0.00081341 -0.0134692 0.0046842 0.0402924 0.004538 -0.0188814 -0.00101692 0.0259234 -0.0155549 -0.0078291 -0.0022497 -0.0208532 -0.00673337 -0.0167744 -0.00433551 -0.00509449 -0.00189271 0.0119048 0.00424073 -0.0137674 0.00543871 -0.0168766 -0.0040311 -0.0204955 -0.00141276 -0.0167381 -0.018315 0.00245388 -0.0069624 0.00153558 0.0184887 -0.0153643 -0.0404841 0.00653369 -0.022332 0.00284614 0.0103653 -0.00185226 -0.0190718 0.00133499 -0.00461679 
