0.173808 -0.0113722 -0.0166906 -0.0140069 0.0262922 0.0264972 -0.00326091 0.00165575 -0.00364103 -0.00306065 -0.00693082 -0.0147545 0.0393878 0.0336458 -0.00156815 -0.00109377 -0.0198986 -0.00475273 -0.00480649 0.0488343 -0.00517319 0.0076353 -0.00303735 0.00436711 -0.0004366 -0.00647453 -0.0407357 -0.0625435 -0.00187778 -0.00443957 -0.00129042 -0.00239327 -0.016228 0.0210283 0.000948977 0.00230624 -0.0358435 -0.0149005 -0.0123155 -0.00311691 -0.0108451 -0.00117895 -0.0275811 -0.0143705 0.00512142 -0.00025744 0.0127176 -0.00758195 0.0365393 -0.00336325 -0.0404381 -0.033924 0.0389003 -0.00779674 -0.00914525 -0.0254875 0.0127943 -0.00366493 -0.00166978 -0.0226537 -0.021531 -0.0137406 0.0045049 -0.00370879 0.00990819 -0.013701 -0.007095 -0.0122511 -0.00047616 -0.0177118 0.0367456 -0.00705994 0.0249358 -0.0379163 0.0291678 -0.0017509 0.0140388 -0.00360164 -0.0115177 -0.0415037 -0.00697309 0.00274003 -0.000874166 -0.0317941 -0.0136394 0.0107268 0.00136371 -0.00113859 0.00461016 0.0125787 0.0071849 -0.00670868 0.0494591 -0.0248414 0.066136 0.0258875 -0.00661346 -0.0054113 0.0441274 -0.0184339 
-0.0113722 0.0744561 3.50174e-05 0.0158655 -0.00536204 -0.0160287 -0.000101747 -0.00125799 -0.00249083 -0.00166716 -0.00281154 0.00385327 0.0137089 -0.0095499 0.00247925 0.00250897 0.00361365 -0.00250196 -0.00620863 -0.00953886 -0.00194801 -0.00124613 -0.00183974 0.00440907 0.00251763 0.00408666 -0.00452485 0.00795033 0.004118 0.0101959 0.00297874 -0.00035588 7.05635e-05 -0.0103467 0.0030523 0.000415225 0.0247103 -0.00963313 -0.00948795 -0.00161098 -0.00422998 0.000308162 -0.0042433 0.00273107 -0.00207763 -0.000929125 0.00507847 -0.00253352 -0.0241625 -0.00349465 0.00286921 -0.00124937 -0.0122463 -0.00106672 -0.00185284 0.00115837 -0.00265285 -0.000112275 -0.00268049 -0.00690911 0.0159241 0.0206026 -0.000483407 -0.000238482 0.00300476 0.00192491 0.00154068 -0.000938787 0.00235432 -0.0026267 0.00208853 0.00146556 0.000347331 -0.00735243 -0.0100288 0.00105222 -0.00765051 -0.00150405 0.0115203 -0.00263237 -0.00386945 -0.000908918 -0.000638932 -0.00111788 -0.00158262 -0.00382592 -0.00107472 0.000640545 0.00552959 0.000469894 -0.00260131 0.00067431 -1.89626e-05 -0.00920074 -0.0203864 -0.00216338 0.000398261 -0.000278282 0.00128949 -0.00254955 
-0.0166906 3.50174e-05 0.150618 0.00590552 -0.0081493 -0.00746219 0.00132917 -0.00192344 -0.000327869 -0.000755127 -5.97514e-05 0.00122241 0.000520874 0.0204063 -0.00412724 -0.00862888 0.0560139 -0.00461955 0.0112651 -0.00336625 -0.00570589 -0.00589441 -0.00322546 -0.000322296 0.00108831 0.010805 -0.0172224 0.00828001 -0.002286 0.00286188 0.00383496 0.00303632 0.0325359 0.0145983 -0.00511165 -0.00147735 0.0112502 -0.0144124 -0.0275056 -0.00533659 0.020379 -0.00210061 -0.0051527 -0.0105698 0.00121014 0.00109911 -0.0089336 0.00666021 0.0220647 -0.00984265 -0.00175581 -0.0233874 -0.0120021 0.0229413 -0.0113846 0.00402548 -0.00522644 0.0011623 -0.00145364 -0.0245964 -0.00119581 -0.00537816 -0.000436984 0.000382537 -0.00413256 0.000107593 0.00911861 0.0142485 0.000921941 0.0116657 -0.0189987 0.00053067 -0.0027698 -0.0128077 -0.00602268 -0.000922424 -0.0140893 -0.00463464 -0.00723355 -0.0163632 0.00427397 0.00131061 -0.00508689 -0.0101562 -0.0207903 0.0018488 -0.00107798 -0.00113942 -0.00161351 -0.00723546 -0.0054341 -0.00493827 -0.00519248 0.00501731 -0.0163349 -0.0188111 -0.000966039 8.18259e-05 -0.014859 0.00497961 
-0.0140069 0.0158655 0.00590552 0.163282 -0.0111683 -0.0229619 0.00100294 -0.0034224 0.00185237 -0.00309888 -0.0066664 0.00439749 -0.0246481 -0.025788 0.0035476 -0.00179283 -0.00646877 -0.00565981 -0.0051404 -0.0161884 -0.0012374 -0.00269857 -0.000429475 -0.00337925 0.00461909 -0.00359426 0.00496792 0.00685446 -0.00177678 -0.00319881 -0.0078871 -0.00135603 -0.00589683 -0.00336087 0.00120048 -0.00490787 0.0178336 0.00100025 -0.0318244 0.00184482 -0.0197593 0.0032131 -0.0194103 -7.37498e-05 -0.0204196 0.00194807 0.00774689 0.00267164 -0.0340159 0.00167197 0.0339013 -0.000922428 -0.00985584 0.00148607 -0.00839148 -0.0142824 -0.00194981 8.52154e-05 -0.00260305 0.00602159 0.00693778 0.0299704 -0.00184824 0.0115689 -0.0127954 0.0016463 -0.00922507 -0.0305504 0.00940397 0.0228917 -0.0145783 0.00767546 -0.0155643 -0.0105886 -0.0106502 0.00051003 -0.00403201 -0.00117347 0.0255479 0.00462641 -0.00937546 0.00453435 0.00709676 0.015139 -0.0135135 -0.00440385 0.00429147 0.00478334 0.00195835 -0.0017053 -0.00603058 -0.000627707 0.00556593 0.0505915 -0.0195194 -0.00162036 0.00257085 -0.000169609 0.000490539 0.00749359 
0.0262922 -0.00536204 -0.0081493 -0.0111683 0.0961133 0.0313315 0.00191654 0.00109648 -0.000542284 0.00428508 -0.00126975 -0.00277219 -0.00238603 0.0171522 0.00224686 -0.00581353 -0.0113431 0.000531227 -0.00682836 -3.85633e-05 -0.00110221 0.00577664 0.00173542 0.00158772 -0.000711826 -0.00709091 -0.0100309 -0.0161069 -0.00116946 -0.00186764 0.000136658 0.000474008 -0.0128654 0.0198178 0.009261 0.00100605 0.000977341 -0.00748245 0.0106442 0.00277171 -0.00890695 0.000792989 -0.0167152 -0.00504772 -0.00877858 0.000986142 -0.00491657 -0.00127317 -0.00114117 -0.000780165 -0.00846281 0.00542838 -0.000194595 -0.00817513 -0.0077163 -0.00764341 -0.00102072 0.000202261 0.000717169 -0.0161554 0.00211071 -0.00319995 0.00477008 -0.000903129 -0.00413294 0.00399466 0.00237508 0.0173838 -0.00313237 -0.00836711 -0.0112994 -0.0010934 0.00349631 -0.0189931 -0.00948204 -0.000993046 0.0210536 -0.000567293 -0.00577381 -0.00829321 -0.000658904 0.00251669 0.00095948 -0.0152529 0.0041 0.00163181 -0.00261895 -0.00124579 0.00249217 0.00169042 0.00376144 0.00521594 -0.00160468 -0.000196398 0.00805165 -0.00570688 -0.00242366 -0.0024511 -0.00151307 -0.00795255 
0.0264972 -0.0160287 -0.00746219 -0.0229619 0.0313315 0.207163 0.00261225 0.0185118 -0.0060198 0.00425748 0.00239883 0.00743043 -0.00995574 0.0672517 -0.00896755 -0.00821066 -0.0327127 -0.00562094 -0.0109918 0.0137931 -0.00593082 -0.00349206 0.0005138 -0.00553036 -0.0113752 -0.018639 -0.0371139 -0.0428739 -7.4502e-05 -0.00480233 -0.0152115 -0.00227662 0.0136359 0.0314931 0.00433902 0.00179084 -0.00443176 -0.0233957 0.029971 0.00368852 -0.0289993 -0.00147579 -0.0188812 -0.00372182 -0.00172137 -0.00188136 -0.0066689 -0.0093341 0.0258351 -0.00152473 -0.0283182 0.0349014 0.0299057 -0.0107768 0.00317861 -0.012084 -0.00116504 -0.00357814 -0.0013664 -0.0114412 -0.0098302 -0.00868414 -0.00134816 -0.0151524 -0.0125273 0.0155236 -0.00499498 0.0140465 -0.00452211 -0.0243913 -0.0305199 -0.000874556 -0.00320179 -0.0309998 0.00724105 0.00265754 0.0257263 0.0019764 -0.0233181 -0.0118343 0.0218266 0.00260836 -0.0115133 -0.00521992 -0.00581452 -0.00462208 0.00447477 -8.9887e-05 -0.00575551 -0.00217162 0.0153082 -0.00277706 -0.00573773 -0.0103831 0.0360568 0.00730057 -0.0107427 -0.00762886 -0.0151255 0.00155235 
-0.00326091 -0.000101747 0.00132917 0.00100294 0.00191654 0.00261225 0.027164 -0.000606838 0.00123719 0.000521744 5.98837e-05 -0.00258036 -0.00544735 -0.00400337 0.000752488 -9.00694e-05 0.000839223 -0.00111102 0.000112945 -0.00508821 0.00155249 0.00110119 0.00133874 -0.000599461 0.00164525 0.00152434 -0.000171841 0.00420552 -3.37068e-05 -0.000286469 0.00184281 -0.000265147 -0.00426559 -0.00349523 0.00105583 -0.000119936 -0.00192742 0.000379699 0.00163764 0.000991885 -0.00179739 0.000203602 -0.00153261 0.00070071 -0.00123323 -0.000199717 0.00187133 -0.000786806 -0.00260749 0.00186708 -0.0024957 0.00469168 -0.00517374 -0.00227228 -0.000807338 0.000757521 -0.00198021 -0.000207066 0.000570354 -0.00221941 0.00110835 -0.000439558 0.000691466 0.000594342 -0.00147536 0.00789762 -0.000749334 -2.93849e-05 0.000359751 -2.75066e-05 -0.00374184 0.000231267 -0.00173109 -0.00225234 -0.00401529 0.00024513 -0.000955422 -0.000573948 -0.000348231 0.0056094 -0.00341345 0.00127062 -0.000527036 0.00329952 0.00127665 -0.000544433 -1.36082e-05 0.0001342 -0.000811809 -0.00117962 -0.000544572 -0.000866028 -0.00123413 0.00140213 -0.00695282 0.000341801 0.000441307 -0.000555034 -0.00161778 0.000977632 
0.00165575 -0.00125799 -0.00192344 -0.0034224 0.00109648 0.0185118 -0.000606838 0.0569761 -0.00143964 0.0023353 -0.00087703 -0.00220787 -0.00802147 0.00464253 -0.00190849 0.00215347 -0.00534653 0.00341515 -0.00196689 -0.0100945 -0.00061228 -0.0013916 -0.000411095 -0.00122033 -3.6689e-05 -0.00440771 -0.00620276 -0.014287 -6.13168e-05 -0.00310159 -0.00223475 0.000142065 0.00361235 0.0045368 -0.00313863 0.00088943 -0.0148876 -0.00648022 0.00806888 0.000168785 -0.00408036 0.000479288 -0.00184972 -0.00217727 -0.0035979 -0.000809021 -0.00268935 -0.00182077 0.00301336 0.00172706 -0.000359843 0.00558085 0.0114008 0.000472246 0.00533284 -0.0056265 -0.00231986 0.00153623 -0.00147514 -0.00417323 -0.000543541 0.00576525 -0.000449336 -0.00253373 -0.00416913 0.00266778 -0.00197474 -0.00761659 -0.000867341 -0.0017555 -0.00129992 -0.000233225 -0.000358806 0.00273614 -0.00316267 0.00029251 -4.86128e-05 0.000962685 -0.00381515 -0.000222978 -0.00285153 -0.00176428 0.000186503 -0.000787919 -0.00374726 0.00307632 0.00274881 0.00271029 0.00200083 0.0014145 0.00129662 0.000594756 -0.00580664 -0.00326687 0.00979905 0.00796933 -0.000249452 -0.00103787 -0.00213574 -0.00274431 
-0.00364103 -0.00249083 -0.000327869 0.00185237 -0.000542284 -0.0060198 0.00123719 -0.00143964 0.0443738 -0.00104316 -0.00201055 -0.00355616 -0.00210794 -0.00989963 -4.97999e-05 -0.00376692 -0.000164167 -0.00186861 -0.000800891 -0.00454773 -0.000233445 -0.000814877 -0.000173395 0.00175232 0.00207695 -0.00188335 -0.00390285 0.00745527 -0.00037408 -0.00074088 -0.00088054 -0.000331089 -0.00848425 -0.00120871 -0.000884701 -0.000978058 0.00427859 0.00325318 -0.00282881 0.00164916 -0.00274316 0.00101502 -0.000140327 -0.00130696 -0.00502131 -0.000550974 -0.00142799 -0.00140263 -0.0165811 -0.000123267 0.000282505 -0.00774574 -0.00622756 0.00495036 -0.00166279 0.00691815 -0.00221228 0.000334907 0.00209571 0.00663124 -0.000117661 0.00033812 -5.36162e-05 0.0072064 0.00289005 0.00190836 -0.00113737 0.0114991 0.000850172 0.00180382 -0.000820619 -0.000634865 -0.000602568 0.00224132 -0.00435382 -0.00047253 0.000108294 0.000210829 0.00553425 0.000316665 -0.00760082 0.00841631 0.000243643 0.00922929 0.00320457 -0.000609433 0.000539073 -0.000715168 0.000766514 -0.0012574 -0.000581591 -0.00151562 -0.000828056 0.00695208 -0.0076833 -0.00406038 -0.000476901 -0.000655106 -0.000262923 -0.00483368 
-0.00306065 -0.00166716 -0.000755127 -0.00309888 0.00428508 0.00425748 0.000521744 0.0023353 -0.00104316 0.0382325 0.000276062 -0.00229798 -0.000441071 0.00293964 -0.000887519 0.000727298 0.00451247 -0.00060429 -1.07795e-05 -0.00345889 -0.000966144 -0.000313194 -4.63079e-05 -0.000557624 -5.6543e-05 -0.00166191 -0.00278664 -0.000992361 -0.00055355 -0.00201722 0.00441253 -0.000125267 -0.000385768 1.84142e-05 -0.000515263 0.000305711 -0.00315538 -0.00544786 0.00370402 -0.000839484 0.00160642 -5.83545e-05 0.000829574 0.00784054 0.000587102 -0.000676085 0.000778954 0.00271093 -0.00221282 -0.00229048 0.00229027 -0.000589719 -0.00459585 0.000785032 -0.000297187 -0.00131004 -0.00110923 -0.000165625 -0.000552085 -0.00567368 0.00126793 0.00112895 0.000151997 -0.00246704 -0.00148688 0.000296658 0.00213227 -0.000323869 -0.00184316 0.00261839 -0.00794205 0.00132853 -0.00210611 0.00298198 -0.00341978 0.0011275 0.00489993 0.000292691 -0.0013668 0.00393206 -0.00157813 -0.00274809 -0.0032538 -0.00346589 -0.00137077 -0.000193797 -0.000537201 -0.000168792 0.00248741 -0.000770202 0.000944009 0.00289722 -0.00331006 -0.00631816 -0.00231203 -0.00242624 -0.000766382 0.00153435 -0.00350653 -0.00301999 
-0.00693082 -0.00281154 -5.97514e-05 -0.0066664 -0.00126975 0.00239883 5.98837e-05 -0.00087703 -0.00201055 0.000276062 0.0606381 0.0118517 -0.00684041 0.00459932 -0.00241611 0.000881573 -0.00410609 -0.00123542 -0.00289814 0.00436793 -0.000727269 -0.00116306 0.000495812 6.11638e-05 0.00517521 -0.00242294 0.00483641 -0.00686188 -0.000795455 0.00174637 0.00667769 -0.000406487 0.00322183 -0.00209934 0.00198836 -0.000821079 0.00233438 0.00528182 -0.00126743 -0.0012652 -0.0017255 -0.000141371 0.00591505 0.000580062 -0.00096892 -0.000439305 -0.00270795 0.00894407 -0.00980054 0.00120278 -0.00158435 0.000243853 -0.00602992 0.000728153 -0.00190227 -0.00354318 0.00166446 -0.000542906 0.00012116 0.00649896 -0.00251323 -0.002493 -0.000623828 -0.00143477 -0.00098163 9.73672e-05 0.000467507 -0.00338872 -0.00130832 0.000792512 -0.0135789 0.000739241 0.000369413 -0.00798994 -0.00573866 -0.000188882 -0.00580252 0.000880748 0.00208938 0.00409371 -0.00782359 -0.00213027 -0.0018989 -0.000129892 -0.00219841 -0.00284365 -0.0010207 0.000508877 -0.00109165 -0.00209737 -0.00127328 -0.000463947 -0.00597743 0.0040282 -0.00402785 0.00110095 0.00131732 0.000580342 -0.00313539 0.00763648 
-0.0147545 0.00385327 0.00122241 0.00439749 -0.00277219 0.00743043 -0.00258036 -0.00220787 -0.00355616 -0.00229798 0.0118517 0.118462 -0.0122156 0.0293057 -0.00473952 -0.00155376 -0.00939277 -0.000417936 0.00326108 0.00290753 -0.000560877 -0.00393516 -0.0028922 -0.00381208 0.00326732 -0.00240187 -0.00187271 -0.0258861 -0.00152018 -0.00258636 -0.000792557 -0.00227574 0.0159465 -0.00417532 -0.00226718 0.00309412 -0.00764194 0.0128275 -0.016633 -0.00327903 -0.00409108 0.000407877 -0.0153671 -0.00229361 0.00621161 -0.000658641 -0.00546474 0.00745648 0.00157903 -0.00649388 -0.00416106 0.0012427 -0.00739211 -0.0118965 -0.00502478 -0.0116335 -0.00106632 -0.00260149 0.00425711 -0.00111549 -0.00908595 -0.00458801 -0.000794401 -0.00257796 -0.00640758 -0.00257312 0.000949229 -0.00792747 -0.00505682 0.0128761 -0.0407015 -0.000413659 -0.0124162 -0.0283646 0.0133814 0.000115703 0.00640444 -0.00287439 -0.0014077 0.00461808 0.00300827 0.000154741 0.00259726 0.00920612 0.00369392 -0.00259689 0.00758728 -0.00153184 -0.00486943 -0.00372028 0.00134229 -0.00232203 -0.00916217 0.0264115 0.0228315 0.00238099 0.00193159 0.00340294 -0.00850691 0.0143046 
0.0393878 0.0137089 0.000520874 -0.0246481 -0.00238603 -0.00995574 -0.00544735 -0.00802147 -0.00210794 -0.000441071 -0.00684041 -0.0122156 0.193493 0.0480541 -0.00605848 0.00463205 -0.0102477 -0.00617414 -0.0157619 0.0408195 -0.00723353 -0.00603364 -0.00464827 0.0122266 -0.00311361 0.00359013 -0.00190057 -0.0453466 0.00389959 0.0172508 0.0122675 0.0019845 -0.020593 -0.0183633 0.00746977 -0.00205833 0.0366383 -0.0268529 -0.00882015 -0.00573528 -0.0149054 -0.00322157 -0.0223141 -0.0171274 0.0311936 -0.00228281 -0.0021024 -0.00148365 0.00129182 -0.0126685 -0.0417301 -0.0276192 0.0411558 0.00237766 -0.00819024 -0.000412484 0.0239313 -0.00398926 -0.00893438 -0.0170274 -0.0151374 -0.000703292 -0.00166546 -0.0137094 0.0257497 -0.0145104 -0.00132293 0.0147388 -0.00181703 -0.0369978 0.02744 -0.00198782 0.0379077 -0.0431052 0.0343287 -0.0013823 -0.0295148 -0.0051537 -0.0189529 -0.0419957 0.00326599 0.00266364 -0.0151682 -0.0362073 0.00785112 -0.00418543 -0.000975252 -0.00457475 0.00677294 0.00698175 0.00117544 0.00275553 0.0325108 -0.0404764 0.0278022 0.00303426 -0.00349573 -0.00111967 0.0302925 -0.0219915 
0.0336458 -0.0095499 0.0204063 -0.025788 0.0171522 0.0672517 -0.00400337 0.00464253 -0.00989963 0.00293964 0.00459932 0.0293057 0.0480541 0.247696 -0.0191726 -0.0210724 -0.0102638 0.00157374 -0.00290638 0.0364722 -0.00727096 -0.012327 -0.00614212 -0.00051552 -0.0121748 -0.013594 -0.0136102 -0.064976 -0.00179348 0.00888178 -0.00558593 -0.00100867 0.0468452 0.0217193 -0.00279826 0.00627118 0.0105463 -0.0358228 -0.00957249 -0.0075714 -0.0204096 -0.00413065 -0.0341186 -0.0157216 0.0184858 -0.0019144 -0.0130341 -0.00496088 0.0482256 -0.0057884 -0.035299 -0.019547 0.0234021 0.0193849 -0.000705387 -0.0432138 0.000527839 -0.00568295 -0.0107994 -0.0327048 -0.00214194 -0.0183349 -0.000144697 -0.0263023 -0.0124775 0.00387762 -0.00182477 0.0112432 -0.011582 -0.000247984 -0.0234918 0.00228625 0.0186526 -0.0665855 0.0348201 0.00145363 0.0126288 -0.00786509 -0.0299804 -0.016551 0.0332943 0.00296653 -0.00910731 -0.0112554 -0.0214241 -0.00390537 -0.000403118 -0.00417196 -0.00799431 -0.00912586 0.00181659 -0.00644201 -0.0135315 0.00141885 0.0485189 0.00192796 -0.013144 -0.0050266 -0.0151565 -0.00926623 
-0.00156815 0.00247925 -0.00412724 0.0035476 0.00224686 -0.00896755 0.000752488 -0.00190849 -4.97999e-05 -0.000887519 -0.00241611 -0.00473952 -0.00605848 -0.0191726 0.0531197 0.00276219 -0.000101093 -0.00146712 0.0015308 -0.00776644 0.000704903 0.00109073 0.000589901 0.00100185 0.000803628 0.000726021 -0.0026569 0.000612603 0.000114366 0.00194144 0.00119122 -0.000198192 -0.0124029 -0.00244444 0.000276235 -0.00190575 -0.00348402 -0.00168177 -0.00368898 0.00416115 -0.00134469 0.000996966 0.000150457 -0.000838342 -0.00428878 0.000987438 0.00823562 -0.00148643 -0.0148108 -0.00412005 -0.00297977 0.0019577 0.000696253 -0.00140188 -0.00146193 0.00640165 -0.00233298 0.00012686 0.00511531 -0.00766345 -0.00439628 0.00423077 0.00195605 0.0102445 0.00357049 0.0052237 -0.00190693 0.00813882 -0.00163854 0.000365339 0.0110818 0.000164546 -0.00257953 -0.00607081 -0.00566801 -0.000722945 0.00308731 -0.000598377 -0.000448054 -0.00550028 -0.0161489 0.00204305 0.0002189 -0.00506913 0.0121905 -0.000933695 -0.00109491 0.000795986 0.000661146 0.00494164 0.000348071 -4.90526e-05 0.0067805 0.000339265 -0.00628822 -0.000886684 0.00255041 0.00190019 0.00785995 -0.00259161 
-0.00109377 0.00250897 -0.00862888 -0.00179283 -0.00581353 -0.00821066 -9.00694e-05 0.00215347 -0.00376692 0.000727298 0.000881573 -0.00155376 0.00463205 -0.0210724 0.00276219 0.110721 -0.00691643 -0.00167737 0.00327429 -0.00308795 0.0020165 -0.00208931 -0.00134657 -0.00271242 -0.00272143 0.00022294 0.00966618 0.00165673 -0.000558693 -0.00511573 0.000166238 -0.000999893 -0.00123065 -0.011013 -0.000405383 -0.00349438 -0.0116382 -0.00709162 -0.00370039 0.00309021 0.00758223 0.00132843 -0.0108446 -0.00718522 -0.00994804 -0.000943559 0.00121734 0.00257724 0.00537544 -0.00639047 -0.00417858 0.0106761 0.00222019 -0.00812382 -0.00331189 0.00449047 0.00139238 -0.000224868 0.00351363 -0.0156645 -0.0110166 0.016913 -0.00126202 -0.00647166 0.00107996 -0.00304004 0.0041259 -0.0125168 -0.000281689 -0.00178187 0.00548272 -0.00228158 -0.000242889 0.0146301 -0.00455495 -0.00139753 0.00586135 0.000527665 -0.00596323 -0.0163545 -0.01044 -0.00642377 0.00605589 -0.0101082 0.00099423 -0.00129766 -0.000965998 -0.000418163 0.00646686 0.0160026 0.00145124 -0.00165289 -0.0041367 -0.0168842 0.010692 0.0023721 0.00624384 0.00285589 0.00915183 0.00837081 
-0.0198986 0.00361365 0.0560139 -0.00646877 -0.0113431 -0.0327127 0.000839223 -0.00534653 -0.000164167 0.00451247 -0.00410609 -0.00939277 -0.0102477 -0.0102638 -0.000101093 -0.00691643 0.152476 0.0015339 0.0048727 -0.00303903 -0.00236489 -0.000440703 -0.00163916 -0.00213071 -0.00227272 0.0154585 -0.0110221 0.0299773 -0.00125896 0.000643787 0.00696255 0.00159062 0.0216943 -0.0101336 -0.00383853 -0.00363849 -0.0117303 -0.0158631 -0.027805 -0.0057498 0.0380984 -0.00270899 0.0140198 0.00416375 0.00589808 0.000127449 -0.00165638 0.00657104 0.0196043 -0.00403626 0.00215665 -0.00852848 -0.0211671 0.0273232 0.000561373 0.0185291 -0.0102167 0.000446385 -0.00251222 -0.0183666 0.0107047 -0.00116962 -0.000347779 -2.95397e-06 0.00351432 -0.00541544 0.00789406 0.0141192 0.00126865 0.0125347 0.00720413 -0.00402545 -0.0121533 0.0150342 -0.0155833 -0.00039397 -0.013606 0.00345753 -0.00313274 -0.00505021 0.000800668 -0.00756913 -0.011409 -0.0110366 -0.0147623 -0.000970078 -0.00490838 -0.00105469 -0.00268008 -0.00675668 -0.0055354 -0.00829578 -0.0183908 -0.0194848 -0.0276463 -0.0203036 0.00643352 0.00280476 -0.0120073 -0.000685431 
-0.00475273 -0.00250196 -0.00461955 -0.00565981 0.000531227 -0.00562094 -0.00111102 0.00341515 -0.00186861 -0.00060429 -0.00123542 -0.000417936 -0.00617414 0.00157374 -0.00146712 -0.00167737 0.0015339 0.0686152 0.00816486 -0.00070828 0.00388633 0.00449159 0.00570296 -0.00228254 0.00480285 0.00156373 -0.000451971 -0.00757591 -0.000889822 -0.00141566 0.00485018 0.000162928 0.00336082 0.00595567 -0.00299289 0.000926643 -0.0114452 -0.00151354 0.00147593 -0.00102895 0.00219661 7.36353e-05 -0.00132126 -0.00493448 -0.00153996 0.00248722 -0.000403443 0.00487461 0.00960058 0.00513326 -0.00956885 -0.0104295 0.00554725 -0.000955408 -0.00256335 -0.00926683 -0.00350973 -0.000412146 -0.0022814 -0.0013974 0.00360113 0.000145566 7.33738e-05 -0.00170494 -0.0050543 -0.00252582 -0.000422401 -0.0106958 -0.00262672 0.00223987 -0.00656428 0.00057443 -0.00202177 0.00515705 -0.00373027 0.00102511 0.00156063 -0.000437575 0.0025579 -0.00217218 -0.00215821 -0.00261503 0.00684002 0.00232484 -0.00933663 -0.000550916 -0.00174806 -0.000711062 -0.000561209 -0.000611404 -0.00115606 0.00103808 0.000608344 0.00153227 0.00154996 -0.00628413 0.00279858 0.000399635 -0.00414233 -0.000523063 
-0.00480649 -0.00620863 0.0112651 -0.0051404 -0.00682836 -0.0109918 0.000112945 -0.00196689 -0.000800891 -1.07795e-05 -0.00289814 0.00326108 -0.0157619 -0.00290638 0.0015308 0.00327429 0.0048727 0.00816486 0.127167 0.00432847 0.000339305 0.00537504 0.0016389 -0.00366461 0.0031642 -0.00306994 -0.0132533 0.00187772 -0.00125926 -0.00296436 -0.00388906 -0.00170349 0.0162848 0.0122627 -0.0110273 -0.000327783 0.00728265 0.00912611 -0.0223783 0.00219666 0.011853 0.00109482 -0.00213228 -0.00132311 -0.00150896 0.00285172 -0.00035926 0.00317532 0.020302 -0.00370429 -0.00594745 -0.0105343 -0.0105014 0.00231288 -0.00120752 -0.00805629 -0.00458732 4.66954e-06 0.00568901 -0.00494161 -0.00330131 -0.00154342 0.00181324 -0.00600457 -0.00479762 -0.00565921 0.00434602 -0.0149025 -0.00718932 0.00122546 -0.0244859 -2.52499e-05 -0.00784986 0.00799642 -0.00324792 -0.00142197 -0.00455049 -0.000735049 -0.00775625 0.0013016 -0.0142558 0.000504366 0.00356546 -0.00572239 -0.0124945 0.009531 0.00132532 0.00247994 -0.00139972 0.00394263 -0.00273126 -0.00472623 0.00970295 -0.000588721 0.0172941 -0.0135357 -0.00360429 0.000589276 0.00161359 -0.0088491 
0.0488343 -0.00953886 -0.00336625 -0.0161884 -3.85633e-05 0.0137931 -0.00508821 -0.0100945 -0.00454773 -0.00345889 0.00436793 0.00290753 0.0408195 0.0364722 -0.00776644 -0.00308795 -0.00303903 -0.00070828 0.00432847 0.20477 -0.00810893 9.45426e-05 0.00205747 -0.000153866 -0.0060927 0.00503824 -0.0413726 -0.0687461 -0.00265032 0.00435773 -0.010021 -0.00379323 -0.0302741 0.0203114 -0.0131951 -0.000282264 -0.0140743 -0.0201926 -0.0238244 -0.00766308 -0.0147227 -0.0020208 -0.0351402 -0.0101875 0.022165 -0.000979122 0.0102615 -0.00867632 0.0637252 -0.00705738 -0.0282149 -0.0128741 0.0403074 0.00827001 -0.00945982 -0.0147691 0.0222951 -0.00448551 0.0016144 -0.00801458 -0.0247065 -0.00299 -3.30367e-05 -0.0146676 0.0124914 -0.0199591 6.84362e-05 -0.000443964 -0.0107415 -0.0227743 0.00313361 -0.000349468 -0.00203979 -0.0349457 0.0512183 0.0017404 -0.0126993 0.0018463 -0.0190239 -0.0253301 -0.00040346 0.00170041 -0.00589824 -0.0396599 -0.00589622 0.00443898 0.000491633 -0.00336642 -0.00669628 0.00403088 0.00566908 -0.00816062 0.0286973 -0.0170209 0.0734433 0.00831159 -0.00743616 -0.00631621 0.0283748 -0.0169194 
-0.00517319 -0.00194801 -0.00570589 -0.0012374 -0.00110221 -0.00593082 0.00155249 -0.00061228 -0.000233445 -0.000966144 -0.000727269 -0.000560877 -0.00723353 -0.00727096 0.000704903 0.0020165 -0.00236489 0.00388633 0.000339305 -0.00810893 0.0403595 0.000777549 0.00189953 -0.000291435 0.00101798 -0.00133599 0.00316682 0.000220195 -0.000431051 -0.00246865 -0.00127484 7.0896e-05 -0.000577873 -0.000498938 0.00057175 -0.00136591 -0.00209961 0.00316995 -0.000281558 0.00114781 -0.00327612 0.00157763 -0.00253981 -0.00250414 -0.00474348 -0.000383386 -0.00192962 0.00061317 -0.00686116 0.00395617 -0.00173989 -0.00235051 -0.00718027 0.00135558 -0.000609264 -0.00191685 -0.00249432 0.00220502 -0.00133762 0.00287986 0.00527556 -0.000117523 0.000687049 0.00219515 -0.00301134 0.00531595 0.000393672 -0.00202078 0.000686188 0.00700699 -0.00256008 0.00047079 -0.00235497 0.00594524 -0.00480624 -0.000309699 0.000941312 -0.00076413 0.00212699 0.00367109 -0.00282009 0.00218945 0.00561198 0.00546875 0.000972349 -0.00130676 -0.00157365 -0.000633802 0.000649251 8.21207e-05 -0.00110058 0.00049648 -0.00315046 0.00649985 -0.000217692 -0.00233627 0.00130485 0.000853159 -0.00312037 -0.000460534 
0.0076353 -0.00124613 -0.00589441 -0.00269857 0.00577664 -0.00349206 0.00110119 -0.0013916 -0.000814877 -0.000313194 -0.00116306 -0.00393516 -0.00603364 -0.012327 0.00109073 -0.00208931 -0.000440703 0.00449159 0.00537504 9.45426e-05 0.000777549 0.0461697 0.00535917 0.0018443 0.00519028 0.000960971 -0.00482439 -0.00016593 -0.0004842 -0.00127136 0.00373556 -1.99029e-06 -0.00741731 0.00162285 -0.000980101 -0.000888014 -0.008671 0.00659058 -0.00373551 -0.000198658 -0.00138734 2.71314e-05 0.00191736 0.00165052 -0.000556068 0.00198063 0.00432792 0.00135461 -0.00341556 0.00145481 -0.00170674 -0.00968367 -0.00265441 0.00177979 0.00129084 -0.00179627 0.000487706 0.00020486 0.000620984 0.00124216 0.00501127 0.00117288 0.00142233 0.000294933 0.000228644 -0.0048049 -0.000863751 -0.00298219 0.000921184 -0.00470784 0.00320654 0.00125651 -0.00227283 0.0026836 -0.00330893 0.0002925 -0.00308473 0.00159283 0.00344806 -0.000416593 -0.0132043 -0.00168819 -0.00233099 -0.00597914 -0.00757632 -0.000444795 -0.000680437 0.000952924 0.00348225 0.00436617 -0.000451001 -0.00125808 0.00781042 -0.00539827 0.00365408 -0.00616998 -0.000423205 0.00011589 0.00580402 -0.00414757 
-0.00303735 -0.00183974 -0.00322546 -0.000429475 0.00173542 0.0005138 0.00133874 -0.000411095 -0.000173395 -4.63079e-05 0.000495812 -0.0028922 -0.00464827 -0.00614212 0.000589901 -0.00134657 -0.00163916 0.00570296 0.0016389 0.00205747 0.00189953 0.00535917 0.0332599 0.00193897 0.00273037 -0.000269099 0.000517551 -0.00319605 -0.000221399 -0.00114753 0.00152899 6.96451e-05 -0.00898913 -0.00248055 -0.000900165 -0.000403009 -0.00195907 0.00138269 0.0018454 0.0010093 -0.00267051 -5.28778e-05 0.00116721 -0.000580699 -8.25459e-05 0.0015335 0.000738319 0.000321705 -0.00456142 0.00152221 -0.00290402 -0.000918253 -0.00339207 0.000366846 -0.00109211 -0.00171487 -0.000828299 -0.000216184 -0.00104609 0.00703228 0.00329753 -0.000279571 -0.00025596 -0.000494882 -0.00279129 0.00163353 -0.000525709 -0.00304573 -0.000751078 -0.00135136 -0.00444077 0.000753543 -0.00291233 0.00491193 0.0016181 0.00105565 -0.00171169 0.00172776 0.00263586 0.00266765 -0.00327442 -4.68971e-05 -0.000980581 -0.00190243 0.000360014 -0.00124829 -0.000488164 -8.02117e-05 0.002569 0.000567508 0.000535415 -0.00119208 0.00285638 -0.00273677 -0.00500534 -0.000558227 -0.00122019 3.36255e-06 -0.0026245 -0.000114249 
0.00436711 0.00440907 -0.000322296 -0.00337925 0.00158772 -0.00553036 -0.000599461 -0.00122033 0.00175232 -0.000557624 6.11638e-05 -0.00381208 0.0122266 -0.00051552 0.00100185 -0.00271242 -0.00213071 -0.00228254 -0.00366461 -0.000153866 -0.000291435 0.0018443 0.00193897 0.0426548 0.00424004 0.00110791 0.00341615 -0.00242331 0.000131055 0.000646149 0.00630472 0.000477935 -0.00502313 -0.00536863 0.00472859 -0.000136391 0.00913345 -0.0044117 -0.00209486 0.000414111 -0.00487186 -0.000354929 -0.00257492 -0.00303795 -0.00398108 5.7977e-05 -0.00197615 0.000579204 -0.00840495 -4.82935e-05 -0.00345193 -0.00545216 -0.00961077 0.000518544 -0.0012366 -0.000622977 0.000437692 7.21029e-05 -0.0013626 -0.0039831 5.42653e-06 -0.00343543 -0.000186591 0.00159673 0.0075816 -0.00162658 -0.000797224 0.00781317 -0.000589291 -0.00477291 0.0067199 -0.00121763 0.00178574 -0.00644991 -0.000208027 -0.000478727 -0.00194555 -0.000858503 -0.00100781 -0.00400005 -0.00542856 0.000822662 -0.00323603 -0.00197006 0.0039837 0.000676433 -0.000620982 -0.000358468 0.00304283 -0.000361638 -0.00154245 0.00199958 0.00159284 -0.0022012 -0.00522815 7.62843e-05 9.45365e-06 -6.98935e-05 0.00279424 0.0015823 
-0.0004366 0.00251763 0.00108831 0.00461909 -0.000711826 -0.0113752 0.00164525 -3.6689e-05 0.00207695 -5.6543e-05 0.00517521 0.00326732 -0.00311361 -0.0121748 0.000803628 -0.00272143 -0.00227272 0.00480285 0.0031642 -0.0060927 0.00101798 0.00519028 0.00273037 0.00424004 0.0574584 -0.00186201 0.00404078 -0.0122005 -0.000750922 -0.00122648 0.0114482 -0.000115159 -0.0148325 -0.00750213 -0.00175605 -0.00155478 -0.0070899 0.00703213 -0.00607176 -0.001442 -0.00648047 0.000712547 -0.00233967 -0.00208616 -0.00211431 0.00147502 0.000358341 0.00615141 -0.0226671 0.00364545 -0.00426033 -0.0049315 -0.000555414 0.00352378 -0.00231292 0.00168159 -0.002006 0.000503072 0.000867346 0.00215943 -0.00297862 0.00203794 0.00193672 0.0143288 0.000953568 0.000558421 -0.00253061 -0.000776595 0.00105236 0.0008224 -0.00321129 -0.000287936 -0.000738239 -0.0114913 -0.00732267 -0.000200373 -0.00528603 -0.00159309 0.013694 -0.00531369 -0.0379455 0.000805022 -0.00257453 -0.00281247 -0.00440637 -0.00137234 0.000872216 0.000680225 0.0111712 0.00469655 -0.00105184 0.000364018 0.0171045 0.00674285 -0.0053252 0.00379122 0.0054955 0.00111613 0.0132248 -0.00247614 
-0.00647453 0.00408666 0.010805 -0.00359426 -0.00709091 -0.018639 0.00152434 -0.00440771 -0.00188335 -0.00166191 -0.00242294 -0.00240187 0.00359013 -0.013594 0.000726021 0.00022294 0.0154585 0.00156373 -0.00306994 0.00503824 -0.00133599 0.000960971 -0.000269099 0.00110791 -0.00186201 0.0866774 0.00732304 0.00539595 0.0026994 0.00109076 0.00155089 0.00301126 -0.00598744 -0.00831194 0.00618087 0.00291988 -0.0151132 -0.0107735 -0.00270676 -0.00257224 0.0100377 -0.00100431 0.00593886 -0.00122176 0.0128446 0.0019944 0.000609472 0.00213053 0.0164944 0.000574318 -0.0108294 -0.0128113 -0.00852324 -0.000462465 -0.0024572 -0.00227874 -0.00448326 0.000191118 -0.00278372 -0.00568237 -0.000996021 -0.00388689 -6.5427e-05 0.000275877 -0.00382775 -0.00281739 0.00015748 -0.00272183 -0.00323307 -0.000880677 0.00794356 -0.00142288 0.00109112 0.009028 -0.0012596 0.000740696 -0.00967565 0.00117614 0.00327876 -0.00916262 -0.00122478 0.000619101 -8.42024e-05 -0.00820899 0.00158074 -0.00291891 -0.00251076 -0.00161849 -0.00318588 0.000666585 -0.00215498 -0.000538965 0.000894258 -0.0138315 -0.00198412 -0.00925471 0.00950584 0.00236887 0.000932972 0.00116715 
-0.0407357 -0.00452485 -0.0172224 0.00496792 -0.0100309 -0.0371139 -0.000171841 -0.00620276 -0.00390285 -0.00278664 0.00483641 -0.00187271 -0.00190057 -0.0136102 -0.0026569 0.00966618 -0.0110221 -0.000451971 -0.0132533 -0.0413726 0.00316682 -0.00482439 0.000517551 0.00341615 0.00404078 0.00732304 0.21399 0.0412162 0.00838759 0.000130541 -0.00047825 0.0055835 -0.00510339 -0.0376993 0.00813071 -0.00196342 0.019187 0.0120672 0.0268195 0.00209304 -0.0029869 -0.00211286 0.00472527 -0.00659055 -0.00623957 0.00140332 -0.0034 0.00614308 -0.0465803 0.00062001 0.000172524 0.00608686 -0.0296947 -0.00675129 0.0123154 0.0160594 -0.0111737 -0.0027099 -0.000353777 0.0242269 -0.0181518 -0.0127551 -0.00202589 0.012564 -0.0024107 -0.00388861 -3.07415e-05 -0.00446479 0.000649894 -0.00702814 0.0272992 -0.00473043 0.00321307 0.0487166 -0.0173643 -0.000204909 -0.0153171 -0.00654596 0.00753038 0.0140484 0.0139961 -0.0106162 -0.00673038 0.024993 0.0110907 -0.0109071 -0.00574526 -0.00407385 -0.00757876 -0.012312 -0.00628959 0.00407868 -0.0183979 0.00374623 -0.0647942 -0.0102374 0.00677152 0.00749557 -0.0201434 0.0167522 
-0.0625435 0.00795033 0.00828001 0.00685446 -0.0161069 -0.0428739 0.00420552 -0.014287 0.00745527 -0.000992361 -0.00686188 -0.0258861 -0.0453466 -0.064976 0.000612603 0.00165673 0.0299773 -0.00757591 0.00187772 -0.0687461 0.000220195 -0.00016593 -0.00319605 -0.00242331 -0.0122005 0.00539595 0.0412162 0.245498 0.00430017 -0.00234996 -0.00580503 -0.00338127 0.0253953 -0.0109217 0.00235972 -0.00425652 0.0387526 0.027945 0.0133951 0.0086381 0.0338096 -0.0038065 0.0547779 0.00811859 -0.020985 -0.0035962 -0.00674122 -0.00571276 -0.00436437 -0.00518158 0.051069 0.0144342 -0.0692191 0.00104423 0.00328397 0.0453616 -0.0251349 0.00325816 0.000128198 0.0111028 0.0152463 -0.00877485 -0.00523851 0.00120138 -0.00785755 0.0139508 0.00471253 0.0149625 -0.00389184 0.0138308 0.0258176 -0.00419478 -0.0166583 0.0791983 -0.0380831 -0.00409608 -0.00297182 0.00485303 0.0157427 0.0279242 0.0366207 -0.0195548 -0.0109939 0.0268786 -0.0090532 -0.00890894 -0.012277 -0.00467075 -0.0171938 -0.0223691 -0.0131787 -0.00111065 -0.0535552 -0.00428715 -0.110936 -0.0354678 0.00386846 0.000674116 -0.0442138 0.0113198 
-0.00187778 0.004118 -0.002286 -0.00177678 -0.00116946 -7.4502e-05 -3.37068e-05 -6.13168e-05 -0.00037408 -0.00055355 -0.000795455 -0.00152018 0.00389959 -0.00179348 0.000114366 -0.000558693 -0.00125896 -0.000889822 -0.00125926 -0.00265032 -0.000431051 -0.0004842 -0.000221399 0.000131055 -0.000750922 0.0026994 0.00838759 0.00430017 0.0223851 0.00246547 8.10073e-05 0.000342365 0.00241259 0.000279603 0.000530063 0.000419011 0.00272224 -0.00300473 0.00262683 0.00141966 -0.000517981 -0.000270348 0.000215397 -0.000324235 -0.00214475 0.000211911 0.000300591 -0.000683469 -0.00249102 -0.000472276 -0.00355863 -0.00335384 -0.00364552 0.000531851 0.00090352 0.00358388 -0.000498993 -0.000223594 -4.29798e-05 -0.003544 -0.00226899 -0.00128834 -0.000125548 -0.00156307 -0.000799341 -0.00124093 0.000567708 -0.000234779 -0.000210365 -0.00170224 0.00551042 -0.000841913 0.00101068 0.00389389 -0.00169913 -8.7518e-05 0.000576682 -0.000631137 -0.000857916 -0.00307626 0.00216609 -0.00104292 -0.00115914 -0.000967309 0.0020277 -0.00110952 -0.000599702 -0.000334461 -7.79419e-05 -0.000399409 -0.000443645 -0.000101843 -0.0019098 -0.0038171 -0.00352493 -0.00220916 -0.000463271 0.000208996 -0.00112508 0.000466557 
-0.00443957 0.0101959 0.00286188 -0.00319881 -0.00186764 -0.00480233 -0.000286469 -0.00310159 -0.00074088 -0.00201722 0.00174637 -0.00258636 0.0172508 0.00888178 0.00194144 -0.00511573 0.000643787 -0.00141566 -0.00296436 0.00435773 -0.00246865 -0.00127136 -0.00114753 0.000646149 -0.00122648 0.00109076 0.000130541 -0.00234996 0.00246547 0.0740661 0.00283614 0.00327748 0.00815306 -0.00143833 -0.00124666 0.000155778 0.0142228 -0.00337701 -0.010571 -0.000874295 0.00389986 -0.000518332 0.00710759 -0.00306034 0.00471415 -0.00054535 0.000471425 -4.27163e-05 -0.00855751 -0.00600782 -0.00459158 -0.0111942 -0.00387414 0.00225425 0.00216479 -0.00445554 -0.00134073 -0.00102196 -0.00193942 -0.00711838 0.00143165 0.00184232 0.00272501 -0.00423012 -0.00102363 -0.0055526 -0.00182957 0.00455198 0.00204497 -0.00639522 0.00120945 0.00481177 0.0077317 -0.0210907 -0.00572955 0.000138755 -0.00100358 -0.00188693 -0.00130792 -0.00937555 0.0033988 0.00508895 -0.00171246 -0.0107222 0.00735695 -0.00254154 -0.00146958 0.00199574 -0.000212061 -0.000708858 -0.000314329 -0.000829118 0.000435267 -0.00823943 -0.00995703 -0.00865348 -0.00276534 0.00166396 0.00163009 -0.00326667 
-0.00129042 0.00297874 0.00383496 -0.0078871 0.000136658 -0.0152115 0.00184281 -0.00223475 -0.00088054 0.00441253 0.00667769 -0.000792557 0.0122675 -0.00558593 0.00119122 0.000166238 0.00696255 0.00485018 -0.00388906 -0.010021 -0.00127484 0.00373556 0.00152899 0.00630472 0.0114482 0.00155089 -0.00047825 -0.00580503 8.10073e-05 0.00283614 0.0843324 0.00166161 -0.00590563 -0.00765262 0.00387208 0.00165275 0.00249977 0.000337586 -0.00490002 -0.000702975 -0.00535405 9.4352e-05 -0.000647183 -0.00239206 -0.00586196 0.00154093 -0.0033583 0.0125665 -0.0107994 -0.00024825 -0.00334451 -0.00696023 -0.00949091 -0.000313918 -0.0051137 0.00134487 -0.00147661 -0.00103257 -0.000942024 -0.013029 -0.00171198 -0.00149517 0.00152242 -0.000515451 0.00661611 0.00158259 0.00199055 0.00495197 -0.00202894 0.00615673 -0.0084259 -0.00106704 0.00721952 -0.0200484 -0.0134289 -0.000668093 0.00339936 -0.00193074 0.00145388 -0.00441434 -0.0160258 -0.00131399 -0.00291498 -0.00177626 0.00424393 -0.0027987 -0.00202776 -0.00076502 0.00856996 0.000628349 -0.00140979 -0.00129864 0.00233763 0.000322903 -0.00727655 -0.00453745 0.00377511 0.00243104 0.00146552 0.00137981 
-0.00239327 -0.00035588 0.00303632 -0.00135603 0.000474008 -0.00227662 -0.000265147 0.000142065 -0.000331089 -0.000125267 -0.000406487 -0.00227574 0.0019845 -0.00100867 -0.000198192 -0.000999893 0.00159062 0.000162928 -0.00170349 -0.00379323 7.0896e-05 -1.99029e-06 6.96451e-05 0.000477935 -0.000115159 0.00301126 0.0055835 -0.00338127 0.000342365 0.00327748 0.00166161 0.0228616 -0.000334927 -0.000724401 0.00215308 0.0015253 0.000407217 -0.00194448 0.00135164 -0.000191351 -0.00128216 4.93994e-05 0.00230693 -0.000503498 -0.00084302 0.000915433 -0.00105896 0.00301284 -0.00448578 0.00141812 -0.00189532 -0.00238025 -0.00280774 -0.000711787 0.00192388 -0.00205393 -0.00076939 0.000349825 -0.000906079 -0.000404734 0.000559756 0.000101402 0.000535403 0.000266295 -0.000664436 -0.00172979 -6.98521e-05 0.000998017 0.000597202 -0.00237822 0.000216691 0.000752775 0.00169179 -0.00206626 -0.00377522 1.85499e-05 -0.00131943 -0.0002027 -0.000414805 -0.000399146 -0.000430548 0.000500816 0.000493864 -0.00208148 0.00137234 -0.000474111 -0.000532706 0.000587941 0.00132676 0.000594205 0.000379655 6.17729e-05 0.00019326 -0.00252108 -0.00426622 -0.00237274 -0.000274327 0.000484322 -0.000773038 -0.000861857 
-0.016228 7.05635e-05 0.0325359 -0.00589683 -0.0128654 0.0136359 -0.00426559 0.00361235 -0.00848425 -0.000385768 0.00322183 0.0159465 -0.020593 0.0468452 -0.0124029 -0.00123065 0.0216943 0.00336082 0.0162848 -0.0302741 -0.000577873 -0.00741731 -0.00898913 -0.00502313 -0.0148325 -0.00598744 -0.00510339 0.0253953 0.00241259 0.00815306 -0.00590563 -0.000334927 0.219639 0.0104227 -0.00797391 0.00543999 0.019067 -0.00229052 -0.0188826 0.00134846 0.0276472 -0.000740508 0.0201125 0.0063466 -0.0112144 1.02316e-05 -0.0170171 0.00453237 0.0283645 -0.00734901 0.0127714 -0.0311347 -0.0305177 0.00154988 0.00790396 -0.0194828 -0.0167163 -0.00128288 -0.00427172 -0.0433243 -0.00710328 -0.0124587 -0.00221954 -0.0223673 -0.00710905 -0.0102219 0.0079543 -0.0232829 0.00405476 0.0287412 -0.0222104 -0.00287164 -0.00143659 -0.00692557 -0.0127172 -0.0015879 0.0216695 -0.00665015 -0.0169301 0.00704183 0.0346457 -0.00473513 0.00890318 0.00391655 -0.0227659 -0.000168242 0.00085255 -0.000134702 -0.0140936 -0.0122813 -0.00826569 -0.00240158 -0.0424391 0.000649931 -0.00577296 -0.0126493 -0.00555866 0.000878716 -0.0327736 0.0214959 
0.0210283 -0.0103467 0.0145983 -0.00336087 0.0198178 0.0314931 -0.00349523 0.0045368 -0.00120871 1.84142e-05 -0.00209934 -0.00417532 -0.0183633 0.0217193 -0.00244444 -0.011013 -0.0101336 0.00595567 0.0122627 0.0203114 -0.000498938 0.00162285 -0.00248055 -0.00536863 -0.00750213 -0.00831194 -0.0376993 -0.0109217 0.000279603 -0.00143833 -0.00765262 -0.000724401 0.0104227 0.178016 -0.00736619 0.00441485 -0.00880622 -0.0119308 -0.0127252 0.00223721 -0.000352656 -3.84585e-05 -0.035486 -0.0104219 -0.0156136 0.000952301 -0.00177976 -0.00648218 0.0412712 0.00730764 -0.000341437 -0.0178264 0.00247867 0.0101549 -0.0167517 -0.0117594 -0.00429968 -1.63325e-05 -0.00495007 -0.0323681 0.00314876 -0.00413839 0.000356081 -0.00878915 -0.0167436 -0.00905829 0.011596 0.00828776 -0.011116 0.0204936 -0.0193003 -0.00340203 -0.00603478 -0.0107168 0.00496444 -0.00122655 0.0328082 0.00168305 -0.0118417 -0.0256765 0.0183315 0.000226679 0.00894257 -0.0191052 -0.0193061 0.0156424 -0.00424679 -0.00160631 -0.00661211 0.000164673 -0.00464913 -0.00209921 -0.00934236 0.0069663 0.0355591 -0.01036 -0.00826792 -0.00164695 -0.0135577 -0.002672 
