0.180698 0.0627013 0.0216443 0.00388957 -0.000332939 0.007988 0.00143225 0.0148516 -0.0345541 0.00751938 -0.0134846 0.0610078 -0.00130096 0.00675466 -0.0135266 0.0299357 -0.0016803 -0.0249767 -0.0146203 0.00291661 -0.000230045 -0.00145604 0.0621657 -0.00193212 0.00974294 0.0111213 0.00451245 0.0251758 0.00350923 -0.00295706 -0.00263455 -0.000957729 -0.0625193 -0.0028734 0.00215108 -0.011597 -0.047546 0.0153117 -0.0277801 -0.0108737 -0.0106832 -0.0297679 0.00244555 -0.00628887 0.000754488 0.00376202 -0.020137 0.00302723 -0.0416127 0.00147759 0.00730616 -0.00997131 -0.0390777 -0.0120236 0.00135699 -0.0084118 -0.00930258 -0.00331235 -0.00708537 0.0324522 -0.0184733 0.00210748 -0.00933678 0.00398692 0.00381265 0.00154514 -0.00233187 0.00767718 0.0289904 -0.00417368 -0.0160234 -0.0182452 -0.00167204 0.00212351 -0.00318606 0.004954 0.00746963 0.00172994 -0.00482741 0.00269472 -0.0261463 -0.0174385 -0.000315571 -0.0203318 -0.0171198 -0.0296711 -0.0140388 -0.00412814 0.0545998 -0.010137 0.0249231 0.0101235 -0.0235958 -0.00222093 -0.0105046 -0.0030644 0.00036762 -0.0110799 0.0022702 -0.00341735 
0.0627013 0.244812 0.0239941 0.0257525 0.000854028 0.00112021 0.00480893 0.0038013 -0.0357481 0.00776191 -0.019522 0.0518609 -0.0124296 0.00912665 -0.0570674 0.00849677 -0.00421743 0.0144449 -0.00387847 0.00243472 0.000849423 0.00065149 0.0587165 -0.0166553 0.00651537 -0.0032631 -0.000716229 0.00679922 0.00293752 -0.00668618 7.53205e-05 -0.00472705 -0.0402158 0.00030054 -0.001802 -0.0168057 -0.0489616 0.0062618 0.0185352 -0.00388575 -0.0267852 0.00739188 0.00259022 -0.00520345 0.0100931 -0.00856185 -0.0379916 0.00661207 -0.0130527 6.04791e-05 0.00383407 0.00291231 0.001824 -0.00955703 -0.00965352 0.00523611 -0.0127958 -0.0241437 -0.00176572 0.0162681 -0.0341132 0.00317306 -0.0239604 -0.0221797 -0.0157287 0.00960302 -0.00843496 0.0266282 0.021009 -0.0196243 -0.0101652 -0.0127834 -0.00265013 -0.00372995 -0.012691 -0.00320224 -0.0112282 0.00117674 -0.0126449 0.00226074 -0.0212647 -0.00979697 -0.00752653 -0.00641231 -0.0165861 0.0102411 -0.00865897 0.000359636 0.0346077 -0.00783436 -0.0201334 0.00539242 -0.00274751 -0.00871813 0.00667896 -0.00486774 -0.00044978 -0.00769424 0.00243232 -0.00207898 
0.0216443 0.0239941 0.1191 0.00882994 0.00178971 0.00375911 -0.0012503 0.00216833 0.0167122 0.00261854 -0.00843546 0.0151106 -0.00933007 -0.0297187 -0.0456937 -0.00250029 -0.00549032 0.00227417 -0.0106503 -0.00155905 0.00144913 -0.00133548 0.0277714 -0.00556305 0.0134832 0.000941039 -0.00671752 0.000828939 -0.00881549 -0.00298106 -0.000554216 0.00462063 -0.0151833 0.00583137 -0.000718668 -0.0101879 -0.0093751 -0.00374653 0.00389862 -0.00811596 0.0169991 0.00819303 -0.00763981 -0.00398258 -0.0022187 -0.00858817 -0.0029769 0.00465188 -0.0209225 -0.000965665 -0.00176447 -0.00908294 0.00997632 -0.0100415 0.00513966 0.0217641 0.00248892 -0.00111024 -0.0063034 0.00237209 -0.012029 0.0166244 -0.00241795 0.00726034 -0.0217855 0.00728479 -0.00117377 0.00725765 0.00149826 -0.0165472 -0.000965032 -0.0523723 -0.000799632 -0.000326053 0.0126536 0.000620975 -0.025939 0.00117705 -0.0115658 0.00243354 -0.0261557 0.0020612 0.00151975 -0.0120708 0.021556 -0.0104045 0.0110606 0.00125113 0.0242054 -0.0185285 0.015629 0.00231058 -0.00699391 0.0059655 0.000411013 0.000341251 3.29956e-05 -0.0120511 0.00258771 0.00149164 
0.00388957 0.0257525 0.00882994 0.221671 -0.00254335 -0.0119044 -0.0113602 0.00492049 -0.0120806 -0.0072327 0.00902181 0.0286561 -0.0171417 -0.028403 -0.00760821 0.00212364 -0.0249102 0.00830108 0.0294895 -0.0149392 0.00309967 -0.00484074 0.00926158 0.00804257 0.00344822 0.00477153 -0.00427494 0.00267285 0.00171945 -0.006417 -0.000178903 -0.00451287 -0.0211366 -0.00598957 -0.000574879 -0.011542 -0.0240664 0.031584 -0.0249691 -0.0186399 -0.0245333 0.00147856 -0.0139073 -0.00263885 0.00217142 -0.00626302 -0.00967702 -0.00550584 0.0285635 0.00340059 -0.0206448 0.00611156 0.00697549 -0.000765759 -0.00315521 -0.0250943 -0.00381618 -0.0174257 -0.0147859 -0.00962513 0.0161391 -0.0117745 0.0104817 0.00489146 -0.013691 0.00192589 -0.00119321 0.00958644 -0.0112646 -0.0304314 0.0196467 0.0119583 -0.00187077 -0.000172694 -0.0110791 0.000417024 -0.0582888 -0.00120722 0.00109656 -0.00622637 -0.0213845 -0.0120374 -0.00337879 0.000725067 0.00687484 0.0273767 -0.0128102 -0.00517676 0.0058387 -0.0160931 -0.00522691 0.00539572 0.019885 -0.00668106 0.0172987 0.00220376 -0.000901372 0.0372453 0.00205188 -0.00300121 
-0.000332939 0.000854028 0.00178971 -0.00254335 0.0287994 0.00585161 -0.000505897 0.00181315 -0.00337645 3.31006e-05 -0.00182475 -0.000914544 -0.00220824 0.00184992 -0.00218518 -0.00765217 -0.00137202 -0.00269561 -0.000812958 -0.000698572 0.000914759 -0.00023121 0.003885 -0.000364873 -0.000262652 -0.000877337 0.00149371 -0.00141008 -0.000215955 -4.96109e-05 -0.00014809 0.000780175 -0.00386747 -0.00106762 0.000474578 -0.000366359 -0.0015115 0.00168985 -0.00300544 -0.000506411 -0.00219801 -0.00161278 -0.00139004 0.000228471 -0.00140164 -0.00124147 -0.00275652 -0.000173825 -0.00199189 0.000327104 0.000562784 -0.000557865 -0.00237609 -0.000961125 0.0044929 -0.00027214 0.00353495 0.000358881 0.00148115 -0.000965399 0.0019309 0.000866637 0.00168061 0.00152866 -0.000396256 -0.00050116 -0.000180269 -0.00268612 0.000247187 -0.000237922 -0.00251192 -0.00193692 -9.46422e-05 6.73586e-05 0.000241463 -0.00052412 0.00239275 0.000491336 -0.00264198 -0.0007506 0.00203048 0.000883464 0.000155343 -0.00315097 -0.0027084 0.00302525 0.00112507 -0.000309365 0.000110386 0.0048312 0.000107143 0.000437637 -0.00332967 0.00172267 -0.00178471 -0.000186304 -3.59786e-05 -0.00180704 -3.64702e-05 -0.000373829 
0.007988 0.00112021 0.00375911 -0.0119044 0.00585161 0.149273 0.000497805 -0.00369171 -0.00913933 -0.00416522 -0.0072198 -0.010849 -0.0125927 -0.0344471 0.00515959 -0.0168264 -0.0192318 0.00258233 -0.000166125 0.00442087 -0.00172772 0.000446732 0.00268946 -0.00551902 0.00168059 -0.00376516 -0.00861721 -0.00922756 0.00333188 0.000453262 -0.00158372 -0.00313846 -0.00583349 -0.00518928 0.000415882 0.000596227 0.00695942 -0.0175153 0.0254398 -0.00580533 0.0126194 -0.0017858 -0.010548 -4.26687e-05 -0.00459166 -0.00792888 -0.000835192 0.00255567 0.0158216 -0.00197584 -0.00721266 -0.00293153 -0.0166834 -0.00094519 -0.00769278 -0.0108317 -0.00397286 -0.00728442 0.00349786 0.00513486 0.00665399 -0.00316281 0.00898316 -0.00817105 -0.00301369 4.86635e-05 -0.00195958 -0.0111439 -0.00251309 -0.00153491 -0.00566367 -0.0196531 0.00102744 0.000243593 -0.00721149 -0.00113239 0.019242 0.00165133 0.014835 -0.00275235 0.0114779 -0.00443605 0.00145788 0.0187661 -0.00508671 -0.012859 0.0117447 0.00617028 0.00523715 0.000459831 0.0101394 4.28626e-05 0.0113319 -0.00590377 -0.00496868 0.00182706 -0.000612221 -0.00177411 0.000350245 -0.00701445 
0.00143225 0.00480893 -0.0012503 -0.0113602 -0.000505897 0.000497805 0.0573368 -0.00153369 -0.00237126 0.00499377 -0.00195524 -0.00860342 -0.00194815 -0.000194556 -0.00299664 -0.0055943 0.00127689 -0.00259706 -0.00288848 0.00523898 -0.000719164 0.000786504 -0.000594738 -0.00252919 0.000169896 -0.000747758 0.000832066 -0.00455912 -0.00321488 0.0013239 0.00144455 -0.00025101 0.00218716 0.00349229 -0.000411608 0.00261013 -0.00483529 -0.00442812 0.00137758 0.00765989 -0.000406642 0.00321418 0.00393934 0.000537917 -0.000513687 0.00130655 -0.00384719 0.00356762 -0.00812659 -0.00062883 0.00392109 0.00301342 -0.000445189 0.00140499 -0.00270514 -0.000930802 0.00381878 -0.00210235 -0.000227255 0.00113512 -0.00426618 -0.000346126 0.00566009 -0.000633486 -0.00382477 0.00179129 -0.000546425 -0.00286899 0.00122154 0.00925182 -0.00254683 -0.00444373 0.000146505 0.00124645 -0.00229832 -0.00140431 0.014884 4.19298e-05 -0.00279341 -0.00150016 0.00434799 -0.00250428 -0.00115865 -0.00287358 -0.00895883 -0.0088487 -0.00496467 -1.80336e-05 -0.00112271 0.00170441 -0.00397056 -0.00163047 -0.00752103 -0.00164742 -0.000777906 0.000654883 -0.000170684 -0.00407093 0.000240771 -0.000785159 
0.0148516 0.0038013 0.00216833 0.00492049 0.00181315 -0.00369171 -0.00153369 0.0648207 -0.0100657 0.00615715 -0.00415256 0.0101632 -0.00345722 -0.00229564 -0.00148782 -0.00838268 0.00503706 -0.00463593 -0.00380555 -0.00183699 0.000140188 2.43308e-05 0.0138996 -0.00208734 0.00173863 -0.000961606 0.000675154 0.00207367 0.00143722 -0.00146991 -0.000228756 0.00134094 -0.016716 -0.00219532 -0.00108784 -0.00388807 -0.0140847 0.00798468 -0.0119461 -0.00359847 -0.00468765 -0.00709342 -0.00457556 -0.000444113 0.00631279 -0.0022803 -0.00454687 -0.000583974 -0.00793389 0.000539719 -0.00275051 -0.0049933 -0.0109946 -0.00193173 0.0162677 -0.000201632 0.00496806 0.00286438 -0.00309925 0.00506018 -0.00095085 0.00541862 0.000572475 0.011887 -0.00215722 -0.00120746 0.000735231 0.00332024 0.00260782 -0.00298964 -0.0038282 -0.0118161 -0.000401537 0.00360993 0.00255577 0.00131917 -0.00509797 -0.000819494 -0.00755308 -0.00236385 -0.000922758 -0.00114709 0.00654603 -0.00718267 -0.000196834 0.00369412 -0.00264877 -0.00157767 0.0107009 -0.0153696 -0.000141393 0.00319612 -0.00295006 0.000563523 -0.000466034 -0.000608586 0.000207607 -0.00531534 -0.00028611 0.00172996 
-0.0345541 -0.0357481 0.0167122 -0.0120806 -0.00337645 -0.00913933 -0.00237126 -0.0100657 0.215336 -0.00440262 0.0104742 -0.0348723 -0.0104519 -0.0314307 -0.0222025 -0.00856968 -0.0177233 0.0146608 -0.00748215 -0.00342908 -0.00337486 -0.00227892 -0.0169305 -0.00506715 -0.00362889 -0.000475439 -0.015936 0.00762322 -0.0155812 0.0136664 0.00199005 0.0013882 0.0354115 0.00623974 -0.00279851 -0.00213255 0.0385752 -0.0496976 0.00689737 0.00591642 0.00747662 0.0102 -0.0153108 0.00682257 -0.00160407 -0.0145418 0.022865 -0.0125463 -0.0027461 -0.00994484 0.00401817 -0.0134595 0.0386449 -0.00719895 -0.0360895 0.0267925 -3.46572e-05 -0.00205318 -0.0139944 -0.00401642 -0.00487949 -0.0069518 0.00686303 -0.00432603 -0.0103344 -0.00302813 0.00154832 -0.00596916 -0.0134618 0.0142325 0.00306549 -0.0215172 -0.000905554 -0.00276559 0.0248054 -0.00302922 -0.00492586 -0.00242494 0.0220462 0.0055673 0.00303763 0.00112013 -0.00814466 -0.00134488 0.047597 -0.0340559 0.0217283 -0.00216162 -0.00497208 0.0255945 0.00728047 -0.00618091 -0.000599958 -0.00400242 -0.0151692 0.00205303 -0.00149093 -0.0108021 -0.00171293 -0.00375116 
0.00751938 0.00776191 0.00261854 -0.0072327 3.31006e-05 -0.00416522 0.00499377 0.00615715 -0.00440262 0.0456896 -0.0010029 0.010918 0.000287972 -0.000889907 -0.00560596 -0.00568456 0.00341998 -0.00604211 0.00018658 0.0064446 0.00285893 2.9958e-05 0.00950398 -0.00315164 0.00489736 0.000177273 -0.000881044 0.00379203 0.00110122 -3.84784e-05 0.000648122 0.00318435 -0.0091514 0.00230345 -0.000372594 -0.000360844 -0.0119872 -0.000704427 -0.00426365 -0.0027827 -0.00361409 -0.00584334 0.000322498 -0.00148336 0.000948343 -0.00218236 -0.00296478 0.00331175 -0.00759187 0.000709864 0.00360996 5.61496e-05 -0.00796592 0.00130857 0.0038081 -0.000258778 0.00605376 0.00148639 -0.00205232 0.0077893 -0.00453831 0.000861976 -0.00569415 -0.000717224 -0.00305607 0.000902653 -0.000273109 0.00401482 0.00901248 0.00336805 0.0029049 -0.0165541 -0.000317771 9.89266e-05 -0.00231617 0.000139849 -0.00302257 0.00139071 -0.00625021 -0.00151872 -0.00252905 0.00291815 0.000951848 -0.00597093 -0.00805784 -0.00876338 -0.00175726 -0.000187194 0.0124734 -0.00489047 -0.00561975 0.00174696 -0.00701999 0.00249305 -0.00217771 -0.000385603 0.00029505 -0.00292215 -1.59509e-05 -0.000272304 
-0.0134846 -0.019522 -0.00843546 0.00902181 -0.00182475 -0.0072198 -0.00195524 -0.00415256 0.0104742 -0.0010029 0.0942134 -0.00426212 0.00978886 -0.00662066 0.0196809 -0.00375411 -0.00850167 0.00192608 0.00821527 0.00258458 -0.000872112 -0.0010458 -0.00803337 0.00543277 0.00170888 0.00195519 -0.00435 0.0104132 0.000963944 0.00279737 0.000168491 -0.000823461 0.0232211 0.000962715 -0.000577782 0.000985764 0.000606628 -0.00951298 -0.0103062 -0.00247001 -0.0114347 -0.0126605 -0.00455052 9.48675e-05 -0.00581392 -0.00355791 0.0068923 -0.0034587 0.0191281 0.00129511 -0.00138773 0.00260744 -0.00199356 -0.00147338 0.0026212 -0.0100325 -0.00112789 0.00171618 -0.00623255 0.0081708 0.00972255 -0.00289129 -0.00714039 0.0107305 -0.0148521 0.000866024 0.000853278 -0.00246674 -0.00432022 0.00544441 0.0144664 -0.00948555 0.00141193 0.00111929 -0.0147653 5.74844e-05 -0.00348501 0.00230757 -0.00211608 -0.00553446 0.00522628 -0.00294672 -0.00360816 0.000506856 -0.0110921 -0.0181938 -0.00600139 -0.000689415 -0.0101648 0.00276709 -0.013721 0.000145008 0.00283401 0.00405338 -0.00325495 0.00116995 -0.000532254 0.00850053 -0.000858495 0.000742015 
0.0610078 0.0518609 0.0151106 0.0286561 -0.000914544 -0.010849 -0.00860342 0.0101632 -0.0348723 0.010918 -0.00426212 0.198969 0.0107817 0.0186232 -0.014314 0.0111099 0.0105067 -0.0257976 -0.0085332 0.00214389 0.00620849 -0.00250828 0.0640211 -0.00632477 0.0180049 0.00458551 -0.00990089 0.0208065 0.00957803 -0.00245395 -0.00206081 -0.000624818 -0.0421438 -0.0039406 0.00277982 -0.00605076 -0.0592067 0.0358389 -0.039518 -0.018906 -0.0240523 -0.0306134 0.0127794 -0.00682988 -0.00361333 0.00373387 -0.0125185 0.00352331 -0.0255424 0.00897265 -0.00174422 -0.00789061 -0.0370049 -0.00450307 0.0313064 -0.0145126 -0.00433367 -0.000204564 -0.00265775 0.0101503 -0.0143895 -0.00139676 -0.00532235 0.0108948 -0.0200216 -0.000265377 -0.00484514 0.001675 0.00831263 -0.0121171 -0.00916971 -0.0441486 -0.00046894 0.00219527 -0.00512884 -0.00239895 -0.0144821 0.00199732 -0.0215672 0.000403433 -0.0217527 -0.00195077 -0.00472545 -0.0203866 -0.0319144 0.00962632 -0.0109822 -0.00121571 0.0226305 -0.00777369 -0.0054006 0.0154661 -0.00770745 0.00894776 0.0120448 -0.00392794 0.000648608 -0.00160654 0.00047727 -0.00458697 
-0.00130096 -0.0124296 -0.00933007 -0.0171417 -0.00220824 -0.0125927 -0.00194815 -0.00345722 -0.0104519 0.000287972 0.00978886 0.0107817 0.12238 0.00480264 0.0271697 0.022959 0.00471419 -0.00980904 -0.0081705 -0.0045534 0.000438517 -0.00137027 -0.0170148 0.00584513 0.00022903 -0.00363258 -0.0112529 0.0285565 0.0195067 0.00489436 0.0013611 0.000540313 -0.00083249 -0.00615226 -0.00191572 0.0116167 -0.00946717 -0.00798728 -0.021342 -0.00625721 -0.00160092 -0.0105115 0.00677047 -0.00285977 -0.00361115 -0.0032372 0.00580188 -0.00399817 -0.0158194 0.000756933 0.00278541 -0.00995156 -0.0155797 -0.00286257 0.0017179 -0.00778969 -0.00451003 0.00417441 0.00766719 -0.00695931 -0.00542993 -0.00544073 -0.00225886 0.0103434 0.0150932 -0.00375396 0.000806104 -0.00219306 -0.000857212 -0.00367245 -0.0135791 -0.00139913 0.0001778 -0.000843209 -0.0165372 -0.000702614 0.0113908 0.000530058 0.0209662 -0.00796621 -0.00267111 -0.00498388 0.00214582 -0.0122137 -0.00541624 -0.0273375 0.00365054 -0.00148922 -0.00482482 0.0336053 -0.00897217 -0.00398519 -0.00440703 0.00186743 0.00324562 -0.00152042 0.000434491 -0.00013311 0.000234094 0.00245967 
0.00675466 0.00912665 -0.0297187 -0.028403 0.00184992 -0.0344471 -0.000194556 -0.00229564 -0.0314307 -0.000889907 -0.00662066 0.0186232 0.00480264 0.21738 0.0181454 0.0416634 0.0334677 -0.00681464 -0.0208237 -0.00454129 -0.000102595 -0.000276308 -0.00426799 -0.0113994 -0.0221917 -0.00576584 0.0182283 0.00574997 -0.00198588 -0.0048041 -0.00083265 -0.00122347 -0.0110198 -0.00948297 0.000186536 -0.0176523 -0.030274 0.0108753 -0.015262 0.0064527 -0.0350162 -0.0142142 0.0342478 0.00232375 0.000211782 0.0220065 -0.00649637 0.000169397 -0.0295774 0.000525098 0.00562791 0.000464599 -0.0236862 -0.00729358 0.0104307 0.013534 0.00293835 0.0139515 0.014227 0.00341826 -0.00856567 -0.0147283 -0.0320715 -0.0241431 0.0342775 -0.00743634 -0.00429313 -0.0135548 0.0184983 0.0147455 -0.00460346 0.0357128 -0.000720595 -0.00287881 0.00351357 -0.00735234 0.0286192 -0.00799366 -0.0210308 0.00348485 -0.013081 -0.00799876 -0.0129879 -0.00398267 -0.0121887 -0.00791637 -0.0110015 -0.00454231 0.00447595 0.0355233 -0.0168982 -0.00245526 -0.019159 -0.000428029 7.48775e-05 -0.00351897 0.00028617 -0.0182169 0.000503961 0.00565444 
-0.0135266 -0.0570674 -0.0456937 -0.00760821 -0.00218518 0.00515959 -0.00299664 -0.00148782 -0.0222025 -0.00560596 0.0196809 -0.014314 0.0271697 0.0181454 0.239798 -0.00668362 0.0135974 -0.0326901 0.00967803 -0.0105716 -0.00177717 -0.00273465 -0.0486529 0.00889846 0.00145241 -0.00896683 -0.00199009 0.0167222 0.00816973 0.00442629 -0.00251585 -0.00280363 0.026624 -0.0111884 -0.00442334 0.0169151 0.000988218 -0.00729885 -0.0568296 -0.00482523 -0.017454 -0.033995 0.00413595 0.00402618 -0.0049089 -0.0108958 0.00348728 0.00712532 0.0141382 0.00263467 -0.0139683 0.018339 -0.0390194 0.0133618 -0.00366093 -0.0435475 0.00138537 0.000229341 0.012855 -0.0174808 0.0295761 -0.0157551 0.0349162 0.0226084 0.0271888 -0.00822769 0.00383351 -0.030123 -0.0234838 0.0329969 -0.00167785 0.0374724 -0.000675884 0.00063411 -0.0208223 -0.000260739 0.0569125 -0.00146083 -0.00420197 -0.0249853 0.0643127 -0.00533762 -0.00176784 0.0107238 -0.0418473 -0.0104738 -0.0276218 -0.00763499 -0.0423541 0.0312593 0.0011051 -0.00905842 -0.000685894 -0.0056479 -0.0173597 0.000171393 0.000433144 0.0100074 -0.00343742 0.00317681 
0.0299357 0.00849677 -0.00250029 0.00212364 -0.00765217 -0.0168264 -0.0055943 -0.00838268 -0.00856968 -0.00568456 -0.00375411 0.0111099 0.022959 0.0416634 -0.00668362 0.234339 0.0137377 -0.00519616 -0.025216 -0.00481415 -0.00211024 -0.0005895 0.0197008 -0.00205778 -0.0237122 0.00634812 -0.00956907 0.0220703 0.00585752 -0.00183609 -0.000473846 -0.00703382 -0.0334128 -0.00918593 -0.00216765 -0.0188788 0.00179873 0.00731922 -0.0186557 -0.0128704 -0.0137174 -0.0283676 0.00226682 -0.00679356 -0.00192595 -0.00718348 0.0217342 -0.0115026 -0.0288452 -0.00794448 0.0190053 -0.0149985 -0.0138306 -0.0227961 -0.0301297 0.00666512 -0.0155354 0.00285596 0.0110471 0.0189678 -0.0211337 -0.0311056 -0.0302016 -0.00129478 0.0285977 -0.00653617 -0.000176188 0.00389476 0.0169891 -0.0109777 -0.00474549 0.0513408 0.000687883 -0.00379668 -0.0119904 -0.00218942 0.0318471 -0.00605764 0.0245913 -0.00559931 -0.0278101 -0.0343397 -0.00753027 -0.0353351 0.01265 -0.0298085 0.00462865 -0.010712 0.024991 0.0439008 0.0308617 -0.00569385 -0.0145776 -0.0125395 -0.00667857 -0.0054648 2.37392e-05 -0.00564829 -0.00120602 -0.0048589 
-0.0016803 -0.00421743 -0.00549032 -0.0249102 -0.00137202 -0.0192318 0.00127689 0.00503706 -0.0177233 0.00341998 -0.00850167 0.0105067 0.00471419 0.0334677 0.0135974 0.0137377 0.139863 -0.010649 -0.00819358 -0.000775548 0.0016051 0.00259092 -0.00043534 -0.0103834 -0.00420447 -0.00682649 0.00139291 -0.00682053 -0.00564887 -0.00379766 0.00014747 0.00262049 0.00332071 -0.000251667 -0.000407906 -0.00184495 -0.0133792 0.0121968 -0.00549681 0.000400508 -0.0110529 -0.00148851 0.0200485 -0.00102069 0.00667164 0.0071204 -0.00168117 -0.00471276 -0.0185521 -0.0014608 -0.00070777 0.000168586 -0.00820761 -0.00132352 0.0102568 -0.0100497 0.00558321 0.0139682 0.00717278 -0.00369268 -0.00311491 0.00353235 -0.0183855 -0.00481543 0.014944 0.00403449 0.000682075 -0.00548598 0.0074638 0.00116177 -0.00089422 0.00639498 -0.00013531 -0.000541681 0.00198209 -0.00423607 0.00413811 -0.00208069 -0.013607 -0.00698616 -0.00917864 0.00166876 -0.00516309 -0.0134164 -0.00836175 -0.00990191 -0.00599675 -0.00297045 -0.00702361 -0.0113526 -0.0130105 0.00270397 -0.00991742 0.00686422 -0.00034807 -0.000707841 0.00265815 -0.00498618 -0.000219459 0.00991571 
-0.0249767 0.0144449 0.00227417 0.00830108 -0.00269561 0.00258233 -0.00259706 -0.00463593 0.0146608 -0.00604211 0.00192608 -0.0257976 -0.00980904 -0.00681464 -0.0326901 -0.00519616 -0.010649 0.163151 0.00282699 -0.00885098 -0.000385176 -4.72654e-05 -0.0221421 -0.0123556 -0.00685507 -0.00334602 -0.00722951 -0.0221873 0.00397606 -0.00392461 0.00307277 -0.00225633 0.0524792 0.0084514 -0.000998458 -0.0122651 0.0308214 -0.0166943 0.0522129 0.00294938 0.0135515 0.0319167 -0.00411412 0.00177117 -0.0039432 0.0028782 0.0128579 -0.0119116 0.0277469 -0.00319875 -0.0017185 -0.0145622 0.0150228 -0.00395431 0.00449954 0.00360756 -0.00462313 -0.000663654 -0.0128812 -0.00626902 0.00547876 0.0109589 -0.0224933 -0.0313883 -0.0327532 0.00761535 -0.00403709 0.0155731 -0.00983322 -0.0163822 0.0278757 -0.0413536 -0.000369451 -0.00229474 -0.00662905 -0.00482983 -0.0267456 0.00167381 -0.00271837 0.00196423 -0.0338301 -0.00423447 -0.00844861 0.00792626 0.00182443 0.0131569 0.0111997 0.00579456 -0.0143736 -0.00341359 -0.00286184 -0.0074414 0.0195071 -0.00486995 0.00351983 0.000574948 -0.000303246 -0.00770663 -0.000811381 -0.00322227 
-0.0146203 -0.00387847 -0.0106503 0.0294895 -0.000812958 -0.000166125 -0.00288848 -0.00380555 -0.00748215 0.00018658 0.00821527 -0.0085332 -0.0081705 -0.0208237 0.00967803 -0.025216 -0.00819358 0.00282699 0.101543 0.00207761 -0.000565927 0.000266375 -0.00710295 0.000524145 0.0104497 -0.00015848 0.00354362 -0.00988205 -0.00221157 -0.00145578 -0.0013492 -0.00121954 -0.00650485 0.00172637 -0.000769417 0.00691513 -0.00963212 0.00647946 0.00202522 -0.00357873 -0.00819295 -0.0088232 -0.000299525 -0.000842344 -0.00132911 -0.0078735 -0.00660422 -0.00289657 0.0428314 0.00276838 -0.0108606 0.00919933 -0.0104271 0.0185122 -0.00173031 -0.0136366 -0.000381489 -0.00351244 -0.0036287 -0.00434194 0.00833819 -0.000136112 0.0052934 -0.0144002 -0.00835435 -0.00164458 -0.000364449 -0.00127582 -0.00356872 -0.00830261 0.0197835 0.00259889 -0.000771397 -0.000287778 -0.013642 -0.000578144 -0.0250176 0.00479392 -0.00533765 -0.0050245 0.00570815 0.00082226 -0.00340118 0.00266619 -0.00895164 0.0153005 -0.00317323 0.00141793 -0.0125711 -0.0238612 -0.0156749 0.00163453 0.0298658 0.00095656 0.0109982 0.00196588 0.000135817 0.0290612 0.000966429 -0.000173482 
0.00291661 0.00243472 -0.00155905 -0.0149392 -0.000698572 0.00442087 0.00523898 -0.00183699 -0.00342908 0.0064446 0.00258458 0.00214389 -0.0045534 -0.00454129 -0.0105716 -0.00481415 -0.000775548 -0.00885098 0.00207761 0.0592398 -0.000165572 0.000822313 0.0115837 0.00855884 0.00421695 0.000429945 0.00306735 0.00527019 -0.00437242 -0.000291242 -0.000703583 0.000193846 -0.00983834 0.0015524 0.000963035 0.00415684 -0.00795864 0.00286905 0.00639749 0.000594026 -0.00755824 -0.00814979 -0.00157015 -0.000666274 0.00214308 -0.00340877 -0.000935539 0.00691061 -0.008424 -0.000958235 0.00286732 0.00993652 -0.00324749 -0.00298395 0.000214288 -0.00181698 -0.00163832 0.00354809 0.00114826 0.00928327 -0.00432504 -0.00207363 -0.000564604 -0.00400621 0.00288047 0.00355784 0.000836895 -0.0030684 0.00392569 0.00751647 0.00275309 -0.00129891 0.000136074 0.00101265 -0.00600319 -0.000339039 0.00259092 -0.00108481 -0.00119088 -0.00191518 -0.000435207 0.00263795 -0.000380837 -0.00495717 -0.0104134 -0.0108092 -0.00046829 0.000269525 0.00615535 -0.0109502 -0.0148519 0.00250639 -0.00532278 0.000999672 -0.00359659 6.59941e-05 0.000165079 -0.00282089 -4.8846e-07 -0.000104875 
-0.000230045 0.000849423 0.00144913 0.00309967 0.000914759 -0.00172772 -0.000719164 0.000140188 -0.00337486 0.00285893 -0.000872112 0.00620849 0.000438517 -0.000102595 -0.00177717 -0.00211024 0.0016051 -0.000385176 -0.000565927 -0.000165572 0.0165623 -2.10471e-06 0.00160642 -0.000550972 0.000999032 -0.000247744 -0.000858604 0.0009409 0.00161158 -0.000214825 0.000242792 -5.81273e-05 0.000607852 -0.000224411 0.000769051 -0.000314073 -0.00254997 0.00298256 -0.00208546 -0.000996496 -0.00154607 -0.00152742 0.0012947 -0.000463408 -0.000405391 0.00142015 -0.000612209 0.00012279 -0.00150298 0.000910956 0.000251175 7.1753e-07 -0.000335084 0.000214071 0.00269182 -0.00100646 -0.000427474 0.000359478 -0.000385246 -0.000981808 -0.00136485 -0.000593139 -0.0013256 -0.000943166 -0.00109812 5.73077e-05 -0.000241728 0.0015997 0.000148223 -0.00203553 -0.000467246 -0.00366319 0.000249848 6.17935e-06 -0.00146374 -0.00021313 -0.00369795 0.000362251 -0.00220035 -0.000387347 -0.00138032 0.00182878 -0.00074079 -0.00133196 -0.00218112 0.000389526 -0.000832884 4.21012e-05 0.000622445 -0.00105683 -0.00153567 0.000720465 -0.00085525 0.000296142 0.000222889 3.05596e-05 0.000221 0.000893849 0.000225612 -0.000132572 
-0.00145604 0.00065149 -0.00133548 -0.00484074 -0.00023121 0.000446732 0.000786504 2.43308e-05 -0.00227892 2.9958e-05 -0.0010458 -0.00250828 -0.00137027 -0.000276308 -0.00273465 -0.0005895 0.00259092 -4.72654e-05 0.000266375 0.000822313 -2.10471e-06 0.0194952 -0.000270235 -0.000615242 0.0011145 0.00152057 0.00200526 -0.00191643 -0.000891575 -0.000299562 0.000373365 -3.50722e-05 -0.00219411 0.00166172 0.000541482 0.00121841 -0.000534134 0.00013213 0.00587064 -0.000544564 -0.00174061 -0.00202731 -0.000731046 0.0003991 -0.000485083 -1.70164e-05 -0.00162339 0.000214915 0.000511134 -0.00070717 0.000133941 0.000699724 0.00150311 0.00016833 0.000176514 -0.00226474 0.000734113 0.00034598 0.00127301 0.0013201 -0.0011107 0.00026153 -0.000559153 -0.00145921 0.00133575 0.000255073 -0.000274278 -0.00151934 0.00113893 -0.00151638 -0.00142974 -0.000908987 0.000166884 0.000263968 -0.00201681 -3.75189e-05 -0.0015408 3.27022e-05 0.000185223 -6.05046e-05 0.00360153 0.000194823 0.00041454 -0.00100866 -0.0015526 0.00139374 4.47127e-05 0.000239833 -0.000864504 -0.00277576 -0.00265702 0.000744545 0.000334751 0.000620969 -0.000783682 -0.000207077 -2.91921e-05 -0.000759002 -0.000132391 0.000555798 
0.0621657 0.0587165 0.0277714 0.00926158 0.003885 0.00268946 -0.000594738 0.0138996 -0.0169305 0.00950398 -0.00803337 0.0640211 -0.0170148 -0.00426799 -0.0486529 0.0197008 -0.00043534 -0.0221421 -0.00710295 0.0115837 0.00160642 -0.000270235 0.189555 0.00211919 0.0166766 0.0114669 0.0103935 0.0128479 -0.0130938 -0.00225285 -0.00177509 0.00110228 -0.0709505 -0.00027222 0.000903049 -0.0153632 -0.0455536 0.0319254 -0.0252415 -0.0111342 0.00109526 -0.0303746 -0.00917896 -0.00757239 0.00100542 -0.0069714 -0.010978 0.00106513 -0.0273956 -0.00335464 0.000593252 0.00513629 -0.0294261 -0.0139648 0.0117106 0.000174644 0.00182892 -0.00519457 -0.00260606 0.0148104 -0.0127704 0.0036923 -0.013699 0.0133031 -0.0162713 0.00270065 -0.00357136 -0.00363437 0.0177058 -0.00522139 -0.00735697 -0.0254856 -0.00219251 0.000780556 -0.0176628 -0.000627558 -0.00869591 0.00345884 -0.0122762 0.00315214 -0.00579754 -0.00911457 -0.004486 -0.024038 0.000525665 0.00897162 -0.00113821 -0.00325311 0.0466685 -0.030645 -0.0045357 0.00574681 -0.0179196 0.00399898 -0.0100917 -0.00312861 -0.000550888 -0.00665037 0.000628429 -0.00163461 
-0.00193212 -0.0166553 -0.00556305 0.00804257 -0.000364873 -0.00551902 -0.00252919 -0.00208734 -0.00506715 -0.00315164 0.00543277 -0.00632477 0.00584513 -0.0113994 0.00889846 -0.00205778 -0.0103834 -0.0123556 0.000524145 0.00855884 -0.000550972 -0.000615242 0.00211919 0.0966707 0.000972777 -0.00136023 0.0026088 0.0116088 -0.00403325 -0.00157041 -0.000241065 -0.00139352 -0.00866417 -0.00172953 0.000832137 0.00678917 -0.0006509 -0.00496145 -0.0188905 -0.00284163 -0.00923391 -0.000328974 -0.00163627 -0.000512017 0.00148044 -0.00167637 0.00272358 -0.000576482 0.00546746 -0.00131559 -0.000867703 0.00550443 -0.00666825 -0.00323743 -0.0073469 -0.00434401 -0.000175523 0.00134616 0.00272187 -0.00723055 0.0126118 -0.00333828 -0.00497455 0.0133194 0.00775237 -0.00234617 0.00376613 -0.0035491 -0.00500252 -0.00805339 -0.00497029 0.018763 -0.000661421 -0.00137755 -0.000684572 0.00169057 0.000497717 -0.000680236 0.014363 0.00150834 0.010688 -0.00114997 0.00134662 -0.00631186 -0.00353227 -0.0126275 -0.000937987 -0.000147671 -0.00444034 -0.00799751 -0.0117923 0.000976267 -0.00256923 -0.00273258 -0.00238512 0.00030123 -0.000588368 0.00824475 -0.000137783 -0.00294483 
0.00974294 0.00651537 0.0134832 0.00344822 -0.000262652 0.00168059 0.000169896 0.00173863 -0.00362889 0.00489736 0.00170888 0.0180049 0.00022903 -0.0221917 0.00145241 -0.0237122 -0.00420447 -0.00685507 0.0104497 0.00421695 0.000999032 0.0011145 0.0166766 0.000972777 0.0906839 -0.002594 0.00202704 0.00387903 -0.00238686 0.00171752 -0.00124456 0.00218315 -0.0143715 0.000107742 0.000544903 0.0126398 -0.0157446 0.00741665 -0.00752575 -0.00687456 -0.00328224 -0.0174364 -0.00662981 -0.000913503 0.00347338 -0.00914455 -0.00384796 0.0128076 -0.00362693 -0.000246256 -0.00761547 0.00168256 -0.0149392 -0.00137103 0.00611902 -0.00840868 0.00193038 -0.00348954 0.000288909 -0.000419988 -0.00282861 -0.00117605 0.0155161 -0.00744091 -0.00805722 -0.00118161 0.00057161 0.000238484 -0.00434378 0.0069637 0.00389407 -0.0301946 -0.000377274 0.000538865 -0.00372362 0.00127631 -0.010307 0.00440134 -0.00345694 -0.00529893 0.010962 0.00687322 0.000356192 -0.00265457 -0.00501124 -0.00131621 -0.00571705 0.00160025 -0.00056773 -0.0121701 -0.00424991 0.00640136 0.000158141 0.00270398 -0.000390928 -0.000948008 0.000383399 -0.000921431 -0.000155393 -0.00238433 
0.0111213 -0.0032631 0.000941039 0.00477153 -0.000877337 -0.00376516 -0.000747758 -0.000961606 -0.000475439 0.000177273 0.00195519 0.00458551 -0.00363258 -0.00576584 -0.00896683 0.00634812 -0.00682649 -0.00334602 -0.00015848 0.000429945 -0.000247744 0.00152057 0.0114669 -0.00136023 -0.002594 0.0575962 0.0125765 0.00328619 0.00249524 -0.000315438 0.000704855 0.000358318 -0.0124563 0.00148999 0.00226504 -0.00506252 0.00021141 0.00252044 -0.00145262 -0.00429088 0.00258982 -0.00782717 -0.00309038 -1.16748e-06 -0.00311646 0.00181169 -0.00187489 -0.000436035 -0.00218254 0.0014124 0.00302936 -0.00314365 -0.00553546 -0.00433326 0.00268159 -0.00264673 0.00219354 -0.00083182 -0.00340422 0.0080269 -0.00206961 0.00274117 -0.00379199 0.008222 -0.00846759 -0.000701048 -0.000550563 -0.00418783 0.00201024 -0.00645584 -0.00479379 -0.00280759 -0.000296456 0.0016888 -0.00494154 0.00118892 -0.0105078 0.000890882 -0.00509942 0.0099386 -0.00305423 -0.00429896 -0.000893498 -0.00337626 -0.00158363 0.00353188 -0.00197452 -0.000219931 0.00478812 -0.0129532 0.00512393 -0.000835891 -0.00290514 0.0017872 -0.00461969 -0.000795211 -0.000317494 0.00547529 0.000455453 0.00107946 
0.00451245 -0.000716229 -0.00671752 -0.00427494 0.00149371 -0.00861721 0.000832066 0.000675154 -0.015936 -0.000881044 -0.00435 -0.00990089 -0.0112529 0.0182283 -0.00199009 -0.00956907 0.00139291 -0.00722951 0.00354362 0.00306735 -0.000858604 0.00200526 0.0103935 0.0026088 0.00202704 0.0125765 0.0965105 -0.00512034 -0.00208962 -0.00210845 -0.000275852 0.00268888 -0.0283146 -0.00463318 0.00168518 -0.00695285 -0.0185989 0.00943606 0.000450086 -0.000844683 -0.00639499 -0.00914101 0.00592025 -0.00086046 0.000359025 0.0133188 -0.00862885 0.00187367 0.00254161 0.00044845 0.00283686 0.00641074 -0.0114774 -0.00172594 0.0115077 0.000195117 0.00696544 0.0101744 0.00165575 0.00691261 -0.00101211 0.00216216 0.0027697 -0.0117094 0.00364524 0.00172389 -0.00147284 -0.00800535 -0.000423016 -0.00650191 -0.00471859 0.00717476 -0.000397049 0.00107202 -0.00874455 -0.000317179 -0.013516 0.000220546 -0.0109376 0.01146 0.00668384 0.0039701 6.71685e-05 -0.0078623 -0.00381462 0.0156547 -0.00711852 -0.000382619 -0.000780478 -0.019253 -0.0142317 0.00102022 -0.00309569 -0.00178041 0.00131216 -0.000519668 -0.000611553 0.00729619 -6.16366e-05 0.00524846 
0.0251758 0.00679922 0.000828939 0.00267285 -0.00141008 -0.00922756 -0.00455912 0.00207367 0.00762322 0.00379203 0.0104132 0.0208065 0.0285565 0.00574997 0.0167222 0.0220703 -0.00682053 -0.0221873 -0.00988205 0.00527019 0.0009409 -0.00191643 0.0128479 0.0116088 0.00387903 0.00328619 -0.00512034 0.129771 -0.00333918 0.00786881 0.000294004 -0.00110591 -0.030905 -0.00722219 -0.000851047 0.00298229 -0.0256654 -0.00611461 -0.0306646 -0.00871461 -0.019542 -0.0209154 -0.00541232 -0.00173434 0.00431658 -0.0106533 0.00251011 0.00328918 -0.0209576 -0.0013529 -0.00520033 -0.0067181 -0.0170817 -0.00536452 -0.0044917 -0.000153213 -0.00215268 0.00420843 0.00261945 -0.0015407 -0.01127 -0.0096991 0.00243411 0.0137616 0.00989258 -0.00509016 0.0022303 0.00153426 0.0139492 0.0161202 -0.0125507 0.00573178 -0.00059009 -0.000798845 -0.0163894 -0.00222719 0.0216458 -0.00395649 0.00275952 -0.00402429 0.00712961 -0.0123757 -0.00692208 -0.0129896 0.00413746 -0.0408682 -0.00253616 -0.00395393 0.0186286 0.0136285 -0.0166674 0.00381672 -0.00793297 9.42278e-06 -0.00678014 -0.00207817 -0.000277095 -0.00679305 0.000925602 -0.00156478 
0.00350923 0.00293752 -0.00881549 0.00171945 -0.000215955 0.00333188 -0.00321488 0.00143722 -0.0155812 0.00110122 0.000963944 0.00957803 0.0195067 -0.00198588 0.00816973 0.00585752 -0.00564887 0.00397606 -0.00221157 -0.00437242 0.00161158 -0.000891575 -0.0130938 -0.00403325 -0.00238686 0.00249524 -0.00208962 -0.00333918 0.0963438 -0.000751333 0.000896355 -0.000826719 0.00412215 -0.00360695 -0.00112101 0.0051892 0.00152249 -0.0052491 -0.00517546 -0.000939504 0.00270249 0.000776821 -0.00497795 -0.00278604 -0.000660887 -0.000229894 0.00248764 -0.00552645 -0.00431469 0.00338198 -0.000649594 -0.00411791 -0.0143501 0.000397078 -0.0024288 -0.00464696 -0.00398497 0.000514485 -0.00208868 -0.00235177 -0.00156775 -0.00453036 -0.00722292 -0.00887316 0.00375223 0.00443277 -0.000909877 -0.00224559 -0.00368433 -0.00566858 -0.00691026 -0.00434566 0.00323474 -0.000143893 -0.000488122 -0.000745941 -0.00391845 0.00253114 0.00814517 0.00249687 -0.0113861 -0.00456704 0.00471287 -0.0100872 -0.00844369 0.00160077 0.00160935 -0.00152988 -0.00665175 0.0140649 0.0149525 0.000906381 -0.00708407 -0.00417607 -0.0023391 -0.000666686 0.000734805 0.00326288 -0.000522543 -0.00359277 
-0.00295706 -0.00668618 -0.00298106 -0.006417 -4.96109e-05 0.000453262 0.0013239 -0.00146991 0.0136664 -3.84784e-05 0.00279737 -0.00245395 0.00489436 -0.0048041 0.00442629 -0.00183609 -0.00379766 -0.00392461 -0.00145578 -0.000291242 -0.000214825 -0.000299562 -0.00225285 -0.00157041 0.00171752 -0.000315438 -0.00210845 0.00786881 -0.000751333 0.030523 0.000281621 0.000208647 0.00227901 -0.00139901 -0.000490819 0.00458539 0.000335772 -0.00527224 -0.00586809 -0.000890024 -0.00251444 -0.00417061 -0.00186626 0.000241701 -0.000873858 -0.00303621 0.00304746 -0.000788098 -0.00421958 -0.00107741 0.00303502 -0.00165297 -0.00280926 0.000805612 -0.00299867 -0.000444276 -0.00104374 -0.000387057 -0.000874385 -0.00040235 -0.00196287 -0.00194659 0.00690065 0.00118695 6.51793e-05 -0.00127454 0.00155374 -0.00198133 -0.00164165 0.00724263 -0.00189105 -0.00137111 -0.000287818 -0.000208814 -0.00371565 -4.93679e-06 0.00985099 -0.000228371 0.00551961 -0.00111071 0.00504717 -0.00141411 -0.00133538 -0.0013959 7.84577e-05 -0.00960286 0.000901722 -0.000768716 -0.000308156 0.00913751 -0.00120469 -0.00121104 -0.00173394 -9.88777e-05 -0.00159822 -0.000274963 -0.000212407 -0.000299248 -7.6359e-05 -0.0010604 
-0.00263455 7.53205e-05 -0.000554216 -0.000178903 -0.00014809 -0.00158372 0.00144455 -0.000228756 0.00199005 0.000648122 0.000168491 -0.00206081 0.0013611 -0.00083265 -0.00251585 -0.000473846 0.00014747 0.00307277 -0.0013492 -0.000703583 0.000242792 0.000373365 -0.00177509 -0.000241065 -0.00124456 0.000704855 -0.000275852 0.000294004 0.000896355 0.000281621 0.017978 0.000298799 0.00310915 0.00182143 -0.000128166 0.000350557 -0.000574356 -0.00214358 -0.000129827 0.00160577 -0.000942861 0.0034643 0.00270794 -0.000361661 -0.000484023 0.000468468 0.00128456 -0.000975154 -0.00201061 -0.000359593 -0.000989269 -0.00159441 0.00198239 -0.000189244 -0.00120039 0.00102215 0.00150368 0.000128741 -0.000986483 5.76457e-05 -0.00168463 -0.000411449 -0.00210318 -0.000758625 -0.00198029 3.53165e-05 -4.49593e-05 -0.00110618 -0.000626651 -0.000612625 0.000149945 -0.00553835 -0.000145395 -1.25019e-05 5.84978e-05 0.000648875 0.00128214 -6.26999e-05 -0.000959901 0.00124112 -0.0022297 -0.00121494 0.00150094 0.00109051 0.00122909 -0.00476147 5.05871e-05 -0.000426005 -0.0014883 0.00216299 0.0016544 -0.000517888 -0.00153232 -0.000238479 -0.000930883 -8.51784e-05 0.000106001 -0.00124416 0.000113288 -0.00022099 
-0.000957729 -0.00472705 0.00462063 -0.00451287 0.000780175 -0.00313846 -0.00025101 0.00134094 0.0013882 0.00318435 -0.000823461 -0.000624818 0.000540313 -0.00122347 -0.00280363 -0.00703382 0.00262049 -0.00225633 -0.00121954 0.000193846 -5.81273e-05 -3.50722e-05 0.00110228 -0.00139352 0.00218315 0.000358318 0.00268888 -0.00110591 -0.000826719 0.000208647 0.000298799 0.0234981 -0.00459053 0.00033692 0.000225294 -0.000896272 -0.00304034 0.00121779 -0.00135276 -0.00117767 0.00277162 0.000749778 0.000962382 -0.000514466 -3.39809e-05 0.000398701 -0.000272816 0.000328556 -0.00387507 -0.00036723 -0.00143029 -0.000198822 -0.00193602 -0.000646782 0.00624381 0.00439855 0.00649815 0.00493585 -0.00122063 -0.00197267 -0.000235847 0.00751179 -0.00193593 0.00025007 -0.00233717 0.000721397 0.00054969 -0.00182836 -0.00150824 -0.00226755 0.00228098 -0.00857072 6.20063e-05 -0.000312846 0.00130565 0.000348193 -0.0045768 0.000897584 -0.00171177 -0.00102629 -0.00385387 0.00327201 6.62953e-05 -0.00296714 -0.00174994 0.000703905 0.00286988 0.000198873 -0.000668077 -0.00717668 -0.000343847 0.00079853 -0.00275124 0.00266432 0.000415502 0.000123074 -7.3915e-05 -0.00125344 7.54687e-05 0.00447786 
-0.0625193 -0.0402158 -0.0151833 -0.0211366 -0.00386747 -0.00583349 0.00218716 -0.016716 0.0354115 -0.0091514 0.0232211 -0.0421438 -0.00083249 -0.0110198 0.026624 -0.0334128 0.00332071 0.0524792 -0.00650485 -0.00983834 0.000607852 -0.00219411 -0.0709505 -0.00866417 -0.0143715 -0.0124563 -0.0283146 -0.030905 0.00412215 0.00227901 0.00310915 -0.00459053 0.242084 0.0124317 -0.00161404 0.00917256 0.0841086 -0.0269985 0.0397014 0.0165065 0.0134497 0.0524465 -0.00879735 0.00442663 -0.0157694 0.00194963 0.00404036 -0.0131013 0.0166987 -0.00140135 0.00227857 -0.00421793 0.0563479 0.00318354 -0.0291943 -0.00161727 -0.0132998 -0.0150607 -0.0174747 -0.0116516 0.0179526 -0.0108733 -0.00294335 -0.0222285 -0.0540156 0.00461381 -0.00238874 0.00894293 -0.027271 0.0250405 0.00260172 -0.0244883 -0.0011741 -0.00170154 0.0162129 -0.00174167 0.00975618 -0.00553737 -0.00702674 -0.0014547 0.0128347 -0.0031147 -0.0113186 0.0414232 0.00928478 -0.00695276 -0.00365799 -0.00153431 -0.0472516 0.0439545 0.0288697 -0.0166946 -0.015384 -0.0053546 -0.0225542 0.00288113 -2.56203e-05 -0.0166379 -0.00288711 -0.00932355 
-0.0028734 0.00030054 0.00583137 -0.00598957 -0.00106762 -0.00518928 0.00349229 -0.00219532 0.00623974 0.00230345 0.000962715 -0.0039406 -0.00615226 -0.00948297 -0.0111884 -0.00918593 -0.000251667 0.0084514 0.00172637 0.0015524 -0.000224411 0.00166172 -0.00027222 -0.00172953 0.000107742 0.00148999 -0.00463318 -0.00722219 -0.00360695 -0.00139901 0.00182143 0.00033692 0.0124317 0.0570334 0.000238933 0.00157032 0.00278715 -0.00317919 0.0064283 0.0117642 0.00848956 0.00322037 -0.000815785 -0.00141238 -0.00285526 -0.0016156 -0.00181968 -0.000997704 -0.00132134 -0.000820486 -0.00376167 -0.00299285 0.0080445 0.00587851 -0.00313434 -0.00309827 -0.000365008 -0.00242585 -0.00349844 -0.00281144 -0.00476529 0.00285229 -0.00599245 0.00180919 -0.00803016 0.0063608 -0.000262775 0.000739159 0.0028671 -0.00209833 0.00608477 -0.00958103 -0.000434023 -0.00046156 -2.08834e-05 0.000451426 -0.0074351 0.00281701 -0.00620513 0.00143274 -0.00632841 0.000463082 -0.00115675 0.000599635 -0.00449094 -0.00455102 0.00103487 0.000472283 -0.00386625 -0.00380087 0.0061723 0.00121104 -0.000777797 0.00185582 -0.00129167 -0.000477502 0.00082957 -0.00539098 -3.64869e-05 -0.0012329 
